25
Oldmoor Woodice Dellwyn Freyview Oakmere Eriwall Valhaven Newby Foxhaven Morwall Goldwyvern Corbank Westvale Morwald Ironriver Violetley Courtwall Ironshore Marbleiron Buttermead Courtcastle Butterbush Foxvale Esterfall Clearnesse
0 19176.0 12191.0 15796.0 19350.0 11386.0 18173.0 19361.0 19057.0 11424.0 16448.0 11511.0 13639.0 16274.0 16868.0 16831.0 13674.0 19981.0 16346.0 17734.0 14880.0 12867.0 16745.0 13497.0 18478.0 
19176.0 0 15832.0 12747.0 11258.0 11599.0 10222.0 14128.0 19072.0 17343.0 19087.0 10067.0 16103.0 14767.0 15612.0 17179.0 18353.0 16127.0 17095.0 14360.0 18589.0 19574.0 10375.0 18023.0 14029.0 
12191.0 15832.0 0 14578.0 10199.0 12878.0 15552.0 18890.0 12190.0 15472.0 13656.0 16441.0 19801.0 14232.0 18100.0 12610.0 12986.0 17467.0 19860.0 17465.0 18909.0 13926.0 16589.0 19583.0 12739.0 
15796.0 12747.0 14578.0 0 17828.0 11528.0 14012.0 11501.0 17045.0 15492.0 17499.0 15040.0 18984.0 13330.0 18230.0 10970.0 12264.0 10874.0 10687.0 18951.0 16669.0 16103.0 13868.0 14550.0 10719.0 
19350.0 11258.0 10199.0 17828.0 0 17363.0 19547.0 12789.0 14155.0 17742.0 19532.0 19053.0 13368.0 11265.0 11647.0 13452.0 15629.0 14381.0 19688.0 15210.0 16572.0 10621.0 11499.0 10954.0 15418.0 
11386.0 11599.0 12878.0 11528.0 17363.0 0 13145.0 13440.0 19057.0 13660.0 16900.0 12134.0 19237.0 15414.0 17396.0 11183.0 11865.0 13504.0 13712.0 17175.0 13081.0 16607.0 12802.0 14912.0 16431.0 
18173.0 10222.0 15552.0 14012.0 19547.0 13145.0 0 11021.0 11054.0 13666.0 18003.0 11190.0 16093.0 15385.0 12647.0 15824.0 13779.0 11223.0 19307.0 14593.0 10261.0 18017.0 10721.0 14984.0 19402.0 
19361.0 14128.0 18890.0 11501.0 12789.0 13440.0 11021.0 0 11548.0 16801.0 15150.0 17227.0 11369.0 19895.0 15952.0 14666.0 16061.0 12954.0 13948.0 12115.0 14114.0 11815.0 13037.0 14991.0 19584.0 
19057.0 19072.0 12190.0 17045.0 14155.0 19057.0 11054.0 11548.0 0 11259.0 18892.0 17167.0 14382.0 16451.0 13122.0 13132.0 11205.0 15141.0 10494.0 16101.0 14941.0 17280.0 16214.0 13481.0 17454.0 
11424.0 17343.0 15472.0 15492.0 17742.0 13660.0 13666.0 16801.0 11259.0 0 13184.0 15171.0 11129.0 15404.0 15146.0 11336.0 16833.0 15033.0 16327.0 17542.0 16492.0 11088.0 13014.0 13539.0 16986.0 
16448.0 19087.0 13656.0 17499.0 19532.0 16900.0 18003.0 15150.0 18892.0 13184.0 0 13623.0 15592.0 17044.0 12081.0 18590.0 13211.0 18411.0 13302.0 13517.0 14289.0 12196.0 12407.0 10792.0 16673.0 
11511.0 10067.0 16441.0 15040.0 19053.0 12134.0 11190.0 17227.0 17167.0 15171.0 13623.0 0 19411.0 19265.0 10125.0 16310.0 10559.0 16104.0 11043.0 14961.0 10535.0 19810.0 13311.0 14206.0 12117.0 
13639.0 16103.0 19801.0 18984.0 13368.0 19237.0 16093.0 11369.0 14382.0 11129.0 15592.0 19411.0 0 18511.0 16841.0 10446.0 15810.0 12036.0 16783.0 17229.0 10847.0 15871.0 19090.0 19375.0 18690.0 
16274.0 14767.0 14232.0 13330.0 11265.0 15414.0 15385.0 19895.0 16451.0 15404.0 17044.0 19265.0 18511.0 0 15775.0 19464.0 13545.0 15465.0 11937.0 18658.0 19431.0 16437.0 10528.0 14493.0 19884.0 
16868.0 15612.0 18100.0 18230.0 11647.0 17396.0 12647.0 15952.0 13122.0 15146.0 12081.0 10125.0 16841.0 15775.0 0 14670.0 14390.0 17993.0 16356.0 19432.0 16467.0 19118.0 14697.0 18467.0 11068.0 
16831.0 17179.0 12610.0 10970.0 13452.0 11183.0 15824.0 14666.0 13132.0 11336.0 18590.0 16310.0 10446.0 19464.0 14670.0 0 19774.0 11205.0 17748.0 13340.0 14652.0 11960.0 14412.0 17261.0 11099.0 
13674.0 18353.0 12986.0 12264.0 15629.0 11865.0 13779.0 16061.0 11205.0 16833.0 13211.0 10559.0 15810.0 13545.0 14390.0 19774.0 0 12872.0 18557.0 12314.0 12166.0 13955.0 12453.0 19143.0 19466.0 
19981.0 16127.0 17467.0 10874.0 14381.0 13504.0 11223.0 12954.0 15141.0 15033.0 18411.0 16104.0 12036.0 15465.0 17993.0 11205.0 12872.0 0 13739.0 14156.0 18339.0 17731.0 19930.0 17252.0 10657.0 
16346.0 17095.0 19860.0 10687.0 19688.0 13712.0 19307.0 13948.0 10494.0 16327.0 13302.0 11043.0 16783.0 11937.0 16356.0 17748.0 18557.0 13739.0 0 19578.0 17627.0 13801.0 10337.0 19441.0 13899.0 
17734.0 14360.0 17465.0 18951.0 15210.0 17175.0 14593.0 12115.0 16101.0 17542.0 13517.0 14961.0 17229.0 18658.0 19432.0 13340.0 12314.0 14156.0 19578.0 0 13113.0 17527.0 19705.0 16765.0 19929.0 
14880.0 18589.0 18909.0 16669.0 16572.0 13081.0 10261.0 14114.0 14941.0 16492.0 14289.0 10535.0 10847.0 19431.0 16467.0 14652.0 12166.0 18339.0 17627.0 13113.0 0 13533.0 19566.0 16371.0 16538.0 
12867.0 19574.0 13926.0 16103.0 10621.0 16607.0 18017.0 11815.0 17280.0 11088.0 12196.0 19810.0 15871.0 16437.0 19118.0 11960.0 13955.0 17731.0 13801.0 17527.0 13533.0 0 15592.0 17300.0 18984.0 
16745.0 10375.0 16589.0 13868.0 11499.0 12802.0 10721.0 13037.0 16214.0 13014.0 12407.0 13311.0 19090.0 10528.0 14697.0 14412.0 12453.0 19930.0 10337.0 19705.0 19566.0 15592.0 0 12211.0 15734.0 
13497.0 18023.0 19583.0 14550.0 10954.0 14912.0 14984.0 14991.0 13481.0 13539.0 10792.0 14206.0 19375.0 14493.0 18467.0 17261.0 19143.0 17252.0 19441.0 16765.0 16371.0 17300.0 12211.0 0 15622.0 
18478.0 14029.0 12739.0 10719.0 15418.0 16431.0 19402.0 19584.0 17454.0 16986.0 16673.0 12117.0 18690.0 19884.0 11068.0 11099.0 19466.0 10657.0 13899.0 19929.0 16538.0 18984.0 15734.0 15622.0 0 
