50
BioscienceLibrary SutardjaDai Etcheverry SproulPlaza Hilgard StudentUnion EarthquakeLibrary UniversityHouse LawrenceofScience Pimentel Mulford CareerCenter HearstGym Durham OBrien Library Spieker FPF PacificFilmArchive BrainImagingCenter Morrison Wheeler Cheit Manville Koshland Jacobs Investigative EarthLibrary EnergyBuilding MediaCenter StowPlaza MartinezCommons MelvinLaboratory BancroftDance AndersenAuditorium Unit3 AnthropologyLibrary Stephens InternationalHouse OptometryLibrary IRLE SpringerGateway DonnerLaboratory ArtHistoryLibrary Sproul Birge CITRIS NewspapersLibrary Warren FacultyClub
0 61631.4557 27705.368 62829.1911 3929.5528 57771.6137 86046.9455 65417.0684 35736.5817 88357.6201 44901.4174 57281.0051 62419.8999 74364.9798 45035.337999999996 68333.7173 31820.592 32178.8972 84100.0979 47699.3738 56579.2218 99769.202 95528.1022 66727.2396 43210.104 81170.8662 84569.0535 54357.6579 49633.3115 19633.0887 43083.9997 73154.8008 41889.5068 32542.5416 59522.4498 72583.2761 27062.8717 60849.9082 50533.3426 63680.347 86727.9065 30319.9931 28915.414 25567.8405 35505.3896 27080.3261 25463.2175 37362.1682 78898.3258 82924.9784 
61631.4557 0 59719.0186 21251.1562 65316.4149 7512.4117 25320.1948 20827.7004 44665.0004 65659.4433 27765.8775 71024.0146 43119.4049 15637.5641 21044.2355 33336.9099 30107.779899999998 42833.6644 27569.9917 61278.5752 54395.6032 40919.157 37632.7236 36912.1532 30471.0454 58709.8375 33908.3571 12056.6822 43271.332 43382.7547 59579.3572 25631.9782 35185.0207 39866.8368 43927.4355 45080.5248 71589.5594 55309.3718 34873.221 30826.4755 29361.5066 81448.8766 80467.5348 42378.460999999996 71418.8823 52941.1165 64302.1838 40972.8956 21317.337 24969.401 
27705.368 59719.0186 0 69811.6794 30281.8018 59191.9534 84861.0959 71724.8331 23647.624 64330.0978 33769.3637 81774.361 41718.734 75029.7939 51657.26 78945.0941 35403.3767 50396.4457 74344.7952 20377.47 76812.561 100634.5582 97216.8177 48802.9921 55298.9317 57837.7282 90313.0409 57702.8933 28663.7564 23000.5358 66652.8268 79397.2026 56332.1636 19919.1045 75682.7375 52287.5867 54657.4874 80520.9458 33621.9481 74298.2733 88689.4579 23659.9608 23106.2357 19493.4242 62568.4484 50007.4033 10066.65 20546.7219 70539.4312 84377.66 
62829.1911 21251.1562 69811.6794 0 65863.3478 14979.8132 29681.925900000002 2851.3134 57837.1678 86722.4967 43606.0284 54395.6041 62914.8238 18630.4882 18521.7803 12181.3973 34812.388 34845.3682 45970.042199999996 76465.9638 36359.4001 38877.9517 34194.1688 57664.9666 20790.6701 79628.4606 21746.64 13329.3037 60472.1976 48771.7118 45963.7639 10325.6098 25284.9966 51625.851 24441.9499 65991.6868 64241.0999 36264.4334 52695.9438 9731.1961 25856.5378 88349.7331 87156.1612 51183.1793 61230.5217 45196.7017 73252.6168 54651.3332 39776.6897 23170.8878 
3929.5528 65316.4149 30281.8018 65863.3478 0 61294.7549 89588.7918 68589.0124 39341.4437 91876.038 48824.7204 57128.1553 66132.1384 77836.6936 48301.699 70918.8304 35526.0958 34210.2749 87991.2055 50516.2601 57710.871 103129.7488 98840.4574 70572.797 45925.1773 84744.8391 87578.4738 57778.6783 53280.27650000001 23558.2551 43426.6659 76182.1919 44299.9597 36360.3532 61381.4311 76345.6354 25234.1014 62022.7885 54361.7966 66306.3387 90052.0861 29896.2326 28487.2617 29420.6275 34261.3936 28084.0507 27451.5324 41091.6035 82711.8352 86302.8859 
57771.6137 7512.4117 59191.9534 14979.8132 61294.7549 0 28837.5525 15295.0345 45729.3859 71865.4905 29730.9913 63549.9717 47986.8802 16681.4141 14554.3226 27142.2629 26409.6893 36271.9972 34912.651 63362.014500000005 46888.1472 42448.7603 38559.0102 42720.8751 23324.2201 64708.3744 31578.9203 4723.224 46273.9592 40662.7468 52337.7634 21637.1127 28044.2087 39826.8539 36556.8982 51081.1886 65513.5959 47851.07 38227.0307 24120.2652 29821.205 79793.1943 78723.5176 40974.1757 64765.0625 46593.5475 63331.5342 41929.151 28654.6634 25827.051 
86046.9455 25320.1948 84861.0959 29681.925900000002 89588.7918 28837.5525 0 26958.2287 69303.4346 78162.2247 51973.0886 83590.1916 61903.0783 12156.1384 42118.2636 36321.3053 55244.931800000006 62741.7398 26716.6826 84571.89439999999 65249.2101 16413.8956 14515.8755 53455.3171 48711.1741 72594.8889 21787.2983 32092.5364 65670.5073 68450.2369 75548.3733 23646.8622 52988.206999999995 64950.0225 52792.0163 60033.2099 92420.3487 64458.8293 57187.1085 37176.2489 10097.6712 106768.5595 105787.72959999999 67607.522 90334.4741 73258.9675 89553.6741 65534.0061 23525.7622 8256.7851 
65417.0684 20827.7004 71724.8331 2851.3134 68589.0124 15295.0345 26958.2287 0 59335.2234 86484.2847 44616.9184 56818.3257 63281.9147 15961.4426 20817.6929 12672.1068 36792.9133 37683.1171 44167.7622 77763.963 38654.2032 36029.1186 31351.4873 57613.1725 23607.7915 79497.163 19232.8658 14508.7958 61368.1374 51001.5134 48684.5254 7844.986 27093.9464 53253.4389 26515.4177 65859.1601 67092.1356 38346.3232 53441.9785 11227.7952 23005.9485 90614.2514 89436.2022 53115.2443 64056.1985 48044.0263 75293.012 56063.1517 38529.779 20363.1169 
35736.5817 44665.0004 23647.624 57837.1678 39341.4437 45729.3859 69303.4346 59335.2234 0 52670.4743 17418.0951 80840.2917 26993.5606 60264.8586 41019.1293 68291.1239 26254.5556 46607.1525 57464.7296 23291.122 72081.1266 85398.329 82280.4938 32764.3035 47249.207 45436.2839 76985.7634 44856.293 13938.8328 20482.0766 65578.6929 66636.7266 49570.4534 6845.5739 68402.1524 37438.3299 60079.3719 75388.7952 16950.6821 63885.5399 74004.1512 40540.3336 39930.9776 14008.9643 66094.1212 49927.4283 22461.3724 3800.2349 53789.5938 69622.362 
88357.6201 65659.4433 64330.0978 86722.4967 91876.038 71865.4905 78162.2247 86484.2847 52670.4743 0 50537.4204 127796.2705 27597.9778 76944.0869 78140.0406 98894.7095 70903.4075 93414.1681 52319.8265 45867.6517 114803.9026 92891.0136 92405.1572 29337.0918 87851.9556 7701.495 96590.1267 74820.0921 38972.3975 72020.9206 113282.2087 90724.57840000001 91854.1386 57025.5379 106901.7319 20871.2006 112259.7969 116956.70739999998 40953.556 95974.6617 87445.5143 84558.8736 84622.2344 64122.5151 117331.5501 99599.3686 69504.8196 51591.3145 54637.1436 83720.4795 
44901.4174 27765.8775 33769.3637 43606.0284 48824.7204 29730.9913 51973.0886 44616.9184 17418.0951 50537.4204 0 77294.644 23103.3612 43395.7525 29592.0257 55065.6724 20427.4228 42885.4798 41111.5858 33631.0232 65115.1126 68161.1799 65385.999800000005 23387.3976 38324.4291 42836.637 61047.9466 30276.7342 16936.4413 25480.5519 62750.415 51362.3038 41912.5871 14409.5077 58757.5238 30913.9016 64240.8422 67697.3322 11484.591 51077.8601 57095.0758 56964.5463 56200.1147 19907.9756 67950.8288 49580.1377 38992.0248 13621.1807 36900.5987 52692.0145 
57281.0051 71024.0146 81774.361 54395.6041 57128.1553 63549.9717 83590.1916 56818.3257 80840.2917 127796.2705 77294.644 0 100384.1136 72707.6731 51604.7478 48273.0592 57139.4618 34684.9722 98386.8964 98710.5666 18467.5963 89133.28869999999 84284.8329 99438.9201 41379.2389 120101.9283 68296.0525 58978.8281 91440.6422 60949.2039 15305.3291 60507.701 36828.3871 74395.2417 31068.863 107666.6514 35393.3707 20374.9704 87151.8962 46498.3028 77645.128 87002.2917 85595.8508 68689.5692 25653.9794 31782.8021 81396.3667 79892.5114 92142.7198 76239.6755 
62419.8999 43119.4049 41718.734 62914.8238 66132.1384 47986.8802 61903.0783 63281.9147 26993.5606 27597.9778 23103.3612 100384.1136 0 57079.6115 51785.7302 74984.8983 43355.5774 65888.9634 41148.4462 28704.3484 88009.9112 78108.302 76347.1055 19053.3762 61089.4354 19916.3823 76579.0142 50075.1299 13225.6291 44949.4292 85755.3782 68731.1268 64869.5041 30695.1469 80947.042 10582.8458 85148.1237 90422.987 13355.5782 71517.9388 69625.99 64570.6526 64275.3658 37322.7273 89875.4066 72015.5489 47364.3252 25060.4273 40208.0565 65402.9649 
74364.9798 15637.5641 75029.7939 18630.4882 77836.6936 16681.4141 12156.1384 15961.4426 60264.8586 76944.0869 43395.7525 72707.6731 57079.6115 0 30041.093 27226.251800000002 43088.7934 50599.6484 29689.6998 76844.1149 54608.1477 26223.8482 22266.1325 49711.1113 36737.4503 70591.8299 19739.451 20111.3881 58594.2982 57304.057 63893.1704 15396.5641 40832.0686 55287.895 42452.9579 58181.64169999999 80273.2062 54274.4782 50113.1464 26972.8969 13739.4527 96222.0474 95182.5053 57655.5898 78320.5902 61115.5726 79432.4555 56590.3209 24419.4231 9368.531 
45035.337999999996 21044.2355 51657.26 18521.7803 48301.699 14554.3226 42118.2636 20817.6929 41019.1293 78140.0406 29592.0257 51604.7478 51785.7302 30041.093 0 27461.6751 16290.6077 21814.1399 48400.3139 60183.5223 36791.063 54869.2073 50541.5716 48981.1844 10227.1314 70580.2308 40029.6966 10127.2684 46255.184 30252.0156 39042.9571 28662.5694 14827.1811 34425.6356 29219.1657 57406.8491 50961.5354 38816.6668 39616.7162 22932.487 41761.0286 69831.043 68641.6133 33065.1406 50386.5564 32331.765499999998 54874.363 38238.6426 42193.6418 38093.2977 
68333.7173 33336.9099 78945.0941 12181.3973 70918.8304 27142.2629 36321.3053 12672.1068 68291.1239 98894.7095 55065.6724 48273.0592 74984.8983 27226.251800000002 27461.6751 0 43557.1467 37403.4202 56440.6338 87275.6006 29805.4629 40955.0579 36115.5976 69845.129 25190.9843 91809.80739999999 20324.6308 25029.2171 71996.6586 56827.2812 43064.653 12677.1122 26728.4346 61804.2403 17225.4727 78172.6176 64853.6127 28411.1181 64441.9228 4727.3657 29447.8611 95796.7755 94530.5223 60433.0787 60060.6317 46762.1773 81866.5349 65325.5787 50700.9463 28457.7101 
31820.592 30107.779899999998 35403.3767 34812.388 35526.0958 26409.6893 55244.931800000006 36792.9133 26254.5556 70903.4075 20427.4228 57139.4618 43355.5774 43088.7934 16290.6077 43557.1467 0 22538.9715 53456.6178 45531.6343 46325.153 68834.5528 64844.8357 43519.6635 21020.5112 63202.7509 55821.4914 23650.1401 34581.6114 25024.4432 42401.0983 44599.417 23422.1747 19408.9817 42160.794 51293.5355 45409.152 49411.7854 30050.9857 38932.3132 56053.9675 53951.1932 52810.5922 16888.0428 48050.8576 29368.2936 38596.1784 24160.4956 47827.2371 52015.3833 
32178.8972 42833.6644 50396.4457 34845.3682 34210.2749 36271.9972 62741.7398 37683.1171 46607.1525 93414.1681 42885.4798 34684.9722 65888.9634 50599.6484 21814.1399 37403.4202 22538.9715 0 69983.3977 65126.5808 26442.9613 73688.759 69033.2603 65605.6457 14159.1246 85712.6732 55720.074 31662.3626 56763.7588 27702.9628 19868.6311 44709.1811 10852.076 39987.6142 27370.7527 73590.2205 29683.8395 30323.1452 52589.8054 32996.5889 60590.1258 61706.0452 60341.38 34815.3627 28587.3536 10517.6256 51261.82 45386.651 63829.3686 57526.869 
84100.0979 27569.9917 74344.7952 45970.042199999996 87991.2055 34912.651 26716.6826 44167.7622 57464.7296 52319.8265 41111.5858 98386.8964 41148.4462 29689.6998 48400.3139 56440.6338 53456.6178 69983.3977 0 68088.1951 81281.1223 40597.6167 40406.0113 31693.6286 58033.3323 47490.0757 47427.4936 39580.7362 49106.8155 64573.9564 87148.0112 45081.0109 62752.3756 55516.9792 70027.7446 36259.3063 97896.0457 81745.0298 41593.9339 55355.6665 36814.3538 97861.2213 97159.4939 60620.4649 98518.3981 79776.0837 79787.0421 53798.9645 6258.614 33615.1571 
47699.3738 61278.5752 20377.47 76465.9638 50516.2601 63362.014500000005 84571.89439999999 77763.963 23291.122 45867.6517 33631.0232 98710.5666 28704.3484 76844.1149 60183.5223 87275.6006 45531.6343 65126.5808 68088.1951 0 91027.2053 100942.9384 98298.994 37799.3427 66545.6112 40249.1941 94667.1876 63262.6374 19183.6389 37773.2308 83406.9429 84791.1117 68772.347 26125.4328 87692.4189 38272.4355 74306.3169 94449.2343 27471.7342 82949.2098 90451.128 40168.93 38758.652 30312.8174 81615.5042 67168.6724 24639.9541 24699.203 65820.3886 86049.9177 
56579.2218 54395.6032 76812.561 36359.4001 57710.871 46888.1472 65249.2101 38654.2032 72081.1266 114803.9026 65115.1126 18467.5963 88009.9112 54608.1477 36791.063 29805.4629 46325.153 26442.9613 81281.1223 91027.2053 0 70700.6043 65921.06049999999 85747.3697 26959.639 107196.7316 49828.4562 42559.3975 80737.9583 54051.37 17019.5153 42053.0622 23217.9488 65286.2011 12601.2667 94150.4278 42365.3573 4370.5863 75233.7313 28225.1709 59177.585 86836.6178 85440.3001 60800.8125 34777.3537 29638.7857 77591.4632 70378.4717 75092.2624 57810.7323 
99769.202 40919.157 100634.5582 38877.9517 103129.7488 42448.7603 16413.8956 36029.1186 85398.329 92891.0136 68161.1799 89133.28869999999 78108.302 26223.8482 54869.2073 40955.0579 68834.5528 73688.759 40597.6167 100942.9384 70700.6043 0 4848.4558 69458.3858 59613.0205 87777.1392 21022.6476 45443.3156 82081.8572 83111.0109 83532.3333 29655.3688 63118.6739 80783.352 58164.7337 75879.4142 103110.9322 68938.9851 73594.9073 43533.8205 13166.1476 122055.3879 121021.8277 82979.1009 99734.4343 84073.1449 105156.7705 81652.5816 39093.4976 16855.3172 
95528.1022 37632.7236 97216.8177 34194.1688 98840.4574 38559.0102 14515.8755 31351.4873 82280.4938 92405.1572 65385.999800000005 84284.8329 76347.1055 22266.1325 50541.5716 36115.5976 64844.8357 69033.2603 40406.0113 98298.994 65921.06049999999 4848.4558 0 67964.6184 54931.6057 86991.0685 16290.4567 41310.3149 79618.6376 79180.408 78700.1374 24840.5857 58417.6922 77445.5622 53330.1019 74519.5573 98416.658 64148.7636 71109.2584 38689.0304 8810.2442 118326.4555 117268.5097 79352.5736 94933.1393 79386.9867 101620.7635 78567.7777 37853.1297 12897.6015 
66727.2396 36912.1532 48802.9921 57664.9666 70572.797 42720.8751 53455.3171 57613.1725 32764.3035 29337.0918 23387.3976 99438.9201 19053.3762 49711.1113 48981.1844 69845.129 43519.6635 65605.6457 31693.6286 37799.3427 85747.3697 69458.3858 67964.6184 0 59114.7399 22009.8257 69418.3263 45517.807 25710.5842 48049.7955 85349.5281 62413.8852 63023.5489 34236.1303 77583.894 8470.5304 87545.7954 87766.4406 30507.6647 66770.6911 61665.5384 72186.7368 71775.1342 41173.6305 91322.9182 72850.9755 54499.7403 30011.2821 31100.7744 57561.9847 
43210.104 30471.0454 55298.9317 20790.6701 45925.1773 23324.2201 48711.1741 23607.7915 47249.207 87851.9556 38324.4291 41379.2389 61089.4354 36737.4503 10227.1314 25190.9843 21020.5112 14159.1246 58033.3323 66545.6112 26959.639 59613.0205 54931.6057 59114.7399 0 80237.5152 42084.8764 18601.174 54400.3208 32506.94 29121.6897 30851.1778 4719.9886 40420.1784 21158.1676 67237.6424 43798.8542 29375.2035 48454.2594 20500.5805 46446.8729 70779.1632 69516.84479999999 37401.2734 41845.2432 24640.694 57636.0078 45003.7365 51788.3824 43369.1245 
81170.8662 58709.8375 57837.7282 79628.4606 84744.8391 64708.3744 72594.8889 79497.163 45436.2839 7701.495 42836.637 120101.9283 19916.3823 70591.8299 70580.2308 91809.80739999999 63202.7509 85712.6732 47490.0757 40249.1941 107196.7316 87777.1392 86991.0685 22009.8257 80237.5152 0 90312.0106 67520.554 31609.6595 64570.688299999994 105580.7219 83996.8884 84209.0442 49553.3958 99435.5185 13640.0615 104765.6079 109392.7785 33268.8283 88776.8833 81601.2995 78832.5904 78807.8693 56679.3149 109783.3203 91930.3861 63160.2131 44166.7191 49140.9939 77742.6148 
84569.0535 33908.3571 90313.0409 21746.64 87578.4738 31578.9203 21787.2983 19232.8658 76985.7634 96590.1267 61047.9466 68296.0525 76579.0142 19739.451 40029.6966 20324.6308 55821.4914 55720.074 47427.4936 94667.1876 49828.4562 21022.6476 16290.4567 69418.3263 42084.8764 90312.0106 0 32611.0822 77103.0273 70121.9502 63350.0579 11421.0302 44879.1233 71289.5955 37379.7118 77003.7022 84366.1958 47944.4431 68756.3258 23757.1163 12074.0027 109742.0274 108579.94260000001 71803.8509 80126.8834 65725.6426 94115.782 73506.515 43019.416 13898.7411 
54357.6579 12056.6822 57702.8933 13329.3037 57778.6783 4723.224 32092.5364 14508.7958 44856.293 74820.0921 30276.7342 58978.8281 50075.1299 20111.3881 10127.2684 25029.2171 23650.1401 31662.3626 39580.7362 63262.6374 42559.3975 45443.3156 41310.3149 45517.807 18601.174 67520.554 32611.0822 0 47142.8939 38041.3281 47625.1772 21832.6266 23321.1626 38868.7062 32667.0326 53959.1776 61032.2852 43718.4112 39442.5492 21444.1639 32501.6015 77519.5548 76402.8232 39204.9978 60104.6348 42038.9599 61544.5255 41559.2114 33322.2812 28588.4006 
49633.3115 43271.332 28663.7564 60472.1976 53280.27650000001 46273.9592 65670.5073 61368.1374 13938.8328 38972.3975 16936.4413 91440.6422 13225.6291 58594.2982 46255.184 71996.6586 34581.6114 56763.7588 49106.8155 19183.6389 80737.9583 82081.8572 79618.6376 25710.5842 54400.3208 31609.6595 77103.0273 47142.8939 0 33163.6548 76410.5072 67877.5327 57580.5635 18148.7508 75223.6815 23791.7335 73341.7661 83605.7992 8596.6693 68012.0414 72012.4301 51864.5816 51485.7643 25177.2431 78759.8648 61640.2927 34344.6504 12618.917 46654.3951 67630.0216 
19633.0887 43382.7547 23000.5358 48771.7118 23558.2551 40662.7468 68450.2369 51001.5134 20482.0766 72020.9206 25480.5519 60949.2039 44949.4292 57304.057 30252.0156 56827.2812 25024.4432 27702.9628 64573.9564 37773.2308 54051.37 83111.0109 79180.408 48049.7955 32506.94 64570.688299999994 70121.9502 38041.3281 33163.6548 0 45643.8983 58835.7963 33339.8634 15017.2925 52686.1331 54577.5073 40247.811 57763.2283 32191.8118 52118.5358 70401.5339 39620.8408 38458.6037 8136.4004 45738.6659 32174.7494 25235.129999999997 20582.1006 59681.38 66477.5374 
43083.9997 59579.3572 66652.8268 45963.7639 43426.6659 52337.7634 75548.3733 48684.5254 65578.6929 113282.2087 62750.415 15305.3291 85755.3782 63893.1704 39042.9571 43064.653 42401.0983 19868.6311 87148.0112 83406.9429 17019.5153 83532.3333 78700.1374 85349.5281 29121.6897 105580.7219 63350.0579 47625.1772 76410.5072 45643.8983 0 53945.3759 24402.0973 59181.9963 29620.782 93399.3252 25442.9131 21196.0571 72448.0947 40011.107 71118.0044 73251.8486 71841.6581 53397.893 17879.485 16672.1369 66502.3683 64709.7047 80896.6909 68963.7677 
73154.8008 25631.9782 79397.2026 10325.6098 76182.1919 21637.1127 23646.8622 7844.986 66636.7266 90724.57840000001 51362.3038 60507.701 68731.1268 15396.5641 28662.5694 12677.1122 44599.417 44709.1811 45081.0109 84791.1117 42053.0622 29655.3688 24840.5857 62413.8852 30851.1778 83996.8884 11421.0302 21832.6266 67877.5327 58835.7963 53945.3759 0 33930.661 60701.1698 29472.7578 70429.4084 73757.9525 40963.4799 59741.2682 14112.31 17253.349 98452.1447 97275.8472 60813.8257 70095.9463 54893.1735 83046.2419 63274.4697 39701.085399999996 15824.1396 
41889.5068 35185.0207 56332.1636 25284.9966 44299.9597 28044.2087 52988.206999999995 27093.9464 49570.4534 91854.1386 41912.5871 36828.3871 64869.5041 40832.0686 14827.1811 26728.4346 23422.1747 10852.076 62752.3756 68772.347 23217.9488 63118.6739 58417.6922 63023.5489 4719.9886 84209.0442 44879.1233 23321.1626 57580.5635 33339.8634 24402.0973 33930.661 0 42726.5703 19353.5064 71349.2113 39998.9658 26047.6396 52024.1581 22231.5456 50088.1811 70428.0541 69105.0261 39027.0534 37490.5683 20981.4819 58237.0818 47582.6692 56501.0397 47209.9451 
32542.5416 39866.8368 19919.1045 51625.851 36360.3532 39826.8539 64950.0225 53253.4389 6845.5739 57025.5379 14409.5077 74395.2417 30695.1469 55287.895 34425.6356 61804.2403 19408.9817 39987.6142 55516.9792 26125.4328 65286.2011 80783.352 77445.5622 34236.1303 40420.1784 49553.3958 71289.5955 38868.7062 18148.7508 15017.2925 59181.9963 60701.1698 42726.5703 0 61568.5195 40107.2765 55234.8608 68565.5589 18004.105 57343.6798 68995.4901 42664.024 41861.2927 7163.3904 60641.8955 43849.3884 24838.375 5634.7196 51267.0461 64652.9897 
59522.4498 43927.4355 75682.7375 24441.9499 61381.4311 36556.8982 52792.0163 26515.4177 68402.1524 106901.7319 58757.5238 31068.863 80947.042 42452.9579 29219.1657 17225.4727 42160.794 27370.7527 70027.7446 87692.4189 12601.2667 58164.7337 53330.1019 77583.894 21158.1676 99435.5185 37379.7118 32667.0326 75223.6815 52686.1331 29620.782 29472.7578 19353.5064 61568.5195 0 86054.4244 50588.4938 11833.3832 68820.4329 15623.9042 46576.6158 88992.8933 87638.8115 58276.0991 44489.0801 34388.3438 77496.3287 66139.9177 63932.736 45258.019 
72583.2761 45080.5248 52287.5867 65991.6868 76345.6354 51081.1886 60033.2099 65859.1601 37438.3299 20871.2006 30913.9016 107666.6514 10582.8458 58181.64169999999 57406.8491 78172.6176 51293.5355 73590.2205 36259.3063 38272.4355 94150.4278 75879.4142 74519.5573 8470.5304 67237.6424 13640.0615 77003.7022 53959.1776 23791.7335 54577.5073 93399.3252 70429.4084 71349.2113 40107.2765 86054.4244 0 94540.9307 96207.2831 22394.7696 75177.5032 68694.6895 75013.2709 74750.0887 47232.7709 98752.7102 80488.7782 57923.0299 35271.5689 36900.6028 64719.3472 
27062.8717 71589.5594 54657.4874 64241.0999 25234.1014 65513.5959 92420.3487 67092.1356 60079.3719 112259.7969 64240.8422 35393.3707 85148.1237 80273.2062 50961.5354 64853.6127 45409.152 29683.8395 97896.0457 74306.3169 42365.3573 103110.9322 98416.658 87545.7954 43798.8542 104765.6079 84366.1958 61032.2852 73341.7661 40247.811 25442.9131 73757.9525 39998.9658 55234.8608 50588.4938 94540.9307 0 46610.49 72175.3905 60945.2013 90086.008 53723.7777 52358.3915 48204.4686 9961.0366 19167.6729 52468.1218 60724.0576 92558.47 87141.9384 
60849.9082 55309.3718 80520.9458 36264.4334 62022.7885 47851.07 64458.8293 38346.3232 75388.7952 116956.70739999998 67697.3322 20374.9704 90422.987 54274.4782 38816.6668 28411.1181 49411.7854 30323.1452 81745.0298 94449.2343 4370.5863 68938.9851 64148.7636 87766.4406 29375.2035 109392.7785 47944.4431 43718.4112 83605.7992 57763.2283 21196.0571 40963.4799 26047.6396 68565.5589 11833.3832 96207.2831 46610.49 0 77827.4744 27372.5327 57846.63 91083.0147 89683.8268 64320.957 38808.2695 34009.372 81567.3921 73550.7471 75617.2802 56787.4452 
50533.3426 34873.221 33621.9481 52695.9438 54361.7966 38227.0307 57187.1085 53441.9785 16950.6821 40953.556 11484.591 87151.8962 13355.5782 50113.1464 39616.7162 64441.9228 30050.9857 52589.8054 41593.9339 27471.7342 75233.7313 73594.9073 71109.2584 30507.6647 48454.2594 33268.8283 68756.3258 39442.5492 8596.6693 32191.8118 72448.0947 59741.2682 52024.1581 18004.105 68820.4329 22394.7696 72175.3905 77827.4744 0 60621.394 63720.5689 57269.0308 56727.1288 25012.9245 76633.176 58674.4741 39381.5917 13880.5223 38688.9403 59340.0415 
63680.347 30826.4755 74298.2733 9731.1961 66306.3387 24120.2652 37176.2489 11227.7952 63885.5399 95974.6617 51077.8601 46498.3028 71517.9388 26972.8969 22932.487 4727.3657 38932.3132 32996.5889 55355.6665 82949.2098 28225.1709 43533.8205 38689.0304 66770.6911 20500.5805 88776.8833 23757.1163 21444.1639 68012.0414 52118.5358 40011.107 14112.31 22231.5456 57343.6798 15623.9042 75177.5032 60945.2013 27372.5327 60621.394 0 31363.1152 91069.7673 89804.0095 55817.7995 56581.4909 42581.6392 77174.3038 60987.254 49507.885800000004 29744.2628 
86727.9065 29361.5066 88689.4579 25856.5378 90052.0861 29821.205 10097.6712 23005.9485 74004.1512 87445.5143 57095.0758 77645.128 69625.99 13739.4527 41761.0286 29447.8611 56053.9675 60590.1258 36814.3538 90451.128 59177.585 13166.1476 8810.2442 61665.5384 46446.8729 81601.2995 12074.0027 32501.6015 72012.4301 70401.5339 71118.0044 17253.349 50088.1811 68995.4901 46576.6158 68694.6895 90086.008 57846.63 63720.5689 31363.1152 0 109613.0233 108544.7213 70706.2785 87062.147 71005.9945 93014.4191 70327.111 32957.5567 4403.0613 
30319.9931 81448.8766 23659.9608 88349.7331 29896.2326 79793.1943 106768.5595 90614.2514 40540.3336 84558.8736 56964.5463 87002.2917 64570.6526 96222.0474 69831.043 95796.7755 53951.1932 61706.0452 97861.2213 40168.93 86836.6178 122055.3879 118326.4555 72186.7368 70779.1632 78832.5904 109742.0274 77519.5548 51864.5816 39620.8408 73251.8486 98452.1447 70428.0541 42664.024 88992.8933 75013.2709 53723.7777 91083.0147 57269.0308 91069.7673 109613.0233 0 1410.278 39161.1499 63386.7487 57400.0491 18090.3219 44107.3555 93862.5419 105429.7242 
28915.414 80467.5348 23106.2357 87156.1612 28487.2617 78723.5176 105787.72959999999 89436.2022 39930.9776 84622.2344 56200.1147 85595.8508 64275.3658 95182.5053 68641.6133 94530.5223 52810.5922 60341.38 97159.4939 38758.652 85440.3001 121021.8277 117268.5097 71775.1342 69516.84479999999 78807.8693 108579.94260000001 76402.8232 51485.7643 38458.6037 71841.6581 97275.8472 69105.0261 41861.2927 87638.8115 74750.0887 52358.3915 89683.8268 56727.1288 89804.0095 108544.7213 1410.278 0 38190.5405 62007.6225 55995.7157 17472.3648 43652.9576 93100.3516 104373.4913 
25567.8405 42378.460999999996 19493.4242 51183.1793 29420.6275 40974.1757 67607.522 53115.2443 14008.9643 64122.5151 19907.9756 68689.5692 37322.7273 57655.5898 33065.1406 60433.0787 16888.0428 34815.3627 60620.4649 30312.8174 60800.8125 82979.1009 79352.5736 41173.6305 37401.2734 56679.3149 71803.8509 39204.9978 25177.2431 8136.4004 53397.893 60813.8257 39027.0534 7163.3904 58276.0991 47232.7709 48204.4686 64320.957 25012.9245 55817.7995 70706.2785 39161.1499 38190.5405 0 53830.0922 37586.8398 22454.2461 12558.908 55959.1079 66461.2319 
35505.3896 71418.8823 62568.4484 61230.5217 34261.3936 64765.0625 90334.4741 64056.1985 66094.1212 117331.5501 67950.8288 25653.9794 89875.4066 78320.5902 50386.5564 60060.6317 48050.8576 28587.3536 98518.3981 81615.5042 34777.3537 99734.4343 94933.1393 91322.9182 41845.2432 109783.3203 80126.8834 60104.6348 78759.8648 45738.6659 17879.485 70095.9463 37490.5683 60641.8955 44489.0801 98752.7102 9961.0366 38808.2695 76633.176 56581.4909 87062.147 63386.7487 62007.6225 53830.0922 0 26904.762300000002 60968.6071 66276.6151 92387.0963 84395.4406 
27080.3261 52941.1165 50007.4033 45196.7017 28084.0507 46593.5475 73258.9675 48044.0263 49927.4283 99599.3686 49580.1377 31782.8021 72015.5489 61115.5726 32331.765499999998 46762.1773 29368.2936 10517.6256 79776.0837 67168.6724 29638.7857 84073.1449 79386.9867 72850.9755 24640.694 91930.3861 65725.6426 42038.9599 61640.2927 32174.7494 16672.1369 54893.1735 20981.4819 43849.3884 34388.3438 80488.7782 19167.6729 34009.372 58674.4741 42581.6392 71005.9945 57400.0491 55995.7157 37586.8398 26904.762300000002 0 49845.0736 49469.8403 73690.1245 68002.5062 
25463.2175 64302.1838 10066.65 73252.6168 27451.5324 63331.5342 89553.6741 75293.012 22461.3724 69504.8196 38992.0248 81396.3667 47364.3252 79432.4555 54874.363 81866.5349 38596.1784 51261.82 79787.0421 24639.9541 77591.4632 105156.7705 101620.7635 54499.7403 57636.0078 63160.2131 94115.782 61544.5255 34344.6504 25235.129999999997 66502.3683 83046.2419 58237.0818 24838.375 77496.3287 57923.0299 52468.1218 81567.3921 39381.5917 77174.3038 93014.4191 18090.3219 17472.3648 22454.2461 60968.6071 49845.0736 0 26261.6073 75859.6457 88743.3933 
37362.1682 40972.8956 20546.7219 54651.3332 41091.6035 41929.151 65534.0061 56063.1517 3800.2349 51591.3145 13621.1807 79892.5114 25060.4273 56590.3209 38238.6426 65325.5787 24160.4956 45386.651 53798.9645 24699.203 70378.4717 81652.5816 78567.7777 30011.2821 45003.7365 44166.7191 73506.515 41559.2114 12618.917 20582.1006 64709.7047 63274.4697 47582.6692 5634.7196 66139.9177 35271.5689 60724.0576 73550.7471 13880.5223 60987.254 70327.111 44107.3555 43652.9576 12558.908 66276.6151 49469.8403 26261.6073 0 50046.0814 65939.8569 
78898.3258 21317.337 70539.4312 39776.6897 82711.8352 28654.6634 23525.7622 38529.779 53789.5938 54637.1436 36900.5987 92142.7198 40208.0565 24419.4231 42193.6418 50700.9463 47827.2371 63829.3686 6258.614 65820.3886 75092.2624 39093.4976 37853.1297 31100.7744 51788.3824 49140.9939 43019.416 33322.2812 46654.3951 59681.38 80896.6909 39701.085399999996 56501.0397 51267.0461 63932.736 36900.6028 92558.47 75617.2802 38688.9403 49507.885800000004 32957.5567 93862.5419 93100.3516 55959.1079 92387.0963 73690.1245 75859.6457 50046.0814 0 29496.5126 
82924.9784 24969.401 84377.66 23170.8878 86302.8859 25827.051 8256.7851 20363.1169 69622.362 83720.4795 52692.0145 76239.6755 65402.9649 9368.531 38093.2977 28457.7101 52015.3833 57526.869 33615.1571 86049.9177 57810.7323 16855.3172 12897.6015 57561.9847 43369.1245 77742.6148 13898.7411 28588.4006 67630.0216 66477.5374 68963.7677 15824.1396 47209.9451 64652.9897 45258.019 64719.3472 87141.9384 56787.4452 59340.0415 29744.2628 4403.0613 105429.7242 104373.4913 66461.2319 84395.4406 68002.5062 88743.3933 65939.8569 29496.5126 0 
