100
BioscienceLibrary SutardjaDai Etcheverry SproulPlaza Hilgard StudentUnion EarthquakeLibrary UniversityHouse LawrenceofScience Pimentel Mulford CareerCenter HearstGym Durham OBrien Library Spieker FPF PacificFilmArchive BrainImagingCenter Morrison Wheeler Cheit Manville Koshland Jacobs Investigative EarthLibrary EnergyBuilding MediaCenter StowPlaza MartinezCommons MelvinLaboratory BancroftDance AndersenAuditorium Unit3 AnthropologyLibrary Stephens InternationalHouse OptometryLibrary IRLE SpringerGateway DonnerLaboratory ArtHistoryLibrary Sproul Birge CITRIS NewspapersLibrary Warren PhysicsLibrary CesarChavez BerkeleyWayWest MSRI HealthServices WooHonFai TAAP MathLibrary AquaticCenter UpperHearstParking Evans BancroftLibrary HearstFieldAnnex HearstFountain BerkeleyLawLibrary Underhill Campbell Davis NorthGate Giauque AlumniHouse Bowles Wellman VLSB Senior Stanley SocialLibrary EastAsianLibrary SimpsonCenter EthnicLibrary FoxCottage Hildebrand MaxwellField SEAsianLibrary IdaHouse Bechtel BanwayBuilding EngineeringLibrary Durant Soda McCone LatinAmerican VisualCenter LawSchool LeConte HearstGreekTheatre MLK Boalt Latimer FoundersRock FacultyClub
0 61678.966 39804.8193 33008.3273 57630.717 18982.6045 60359.422 14030.233 24733.4088 61137.9155 42140.7389 37375.5099 61497.3171 19324.3114 36384.0532 60828.0734 63259.1586 69325.7185 26166.6761 45129.4121 62402.1224 37491.5932 26349.987 43236.8569 39198.6798 4096.9238 49463.3385 48303.8088 28352.9148 60387.5997 33630.8309 22125.8267 43977.8655 48524.4751 34114.7972 14302.0103 19949.6768 36399.7484 47308.2086 10087.5175 32067.7322 28848.2805 58098.6451 21546.5128 51577.9624 32231.054 52717.0569 18829.987 11807.0511 72131.3023 16174.2185 15850.5707 31877.839699999997 70290.2511 44180.6648 47815.6564 41758.0771 31063.4629 59052.1892 84839.9546 57276.5016 19303.9649 6463.8305 52108.4642 43045.7592 32978.0447 46855.0632 54124.7965 53278.0614 28689.4147 36336.9972 26730.4892 12518.8543 27507.9766 6997.9124 45138.2092 74413.0297 43045.3718 32585.5895 46589.7591 40935.1313 36514.2192 7540.8836 27818.9825 36210.0038 53335.8199 9800.187 17385.6169 36150.9557 18837.6728 14322.4441 30093.9299 29329.8069 33342.1015 43565.216 53430.8324 24790.0848 39264.4832 8932.0542 59321.8427 
61678.966 0 40661.9074 46846.4116 89742.9295 50868.7257 17861.4363 73735.3635 49204.2284 39964.8175 45517.9943 96978.5369 41199.3251 51927.4827 87389.7051 8232.8346 40623.2611 10674.1985 80839.525 17621.3119 28612.3265 95086.7738 79213.4141 28526.682 30148.291 57904.2045 69291.902 41724.1954 83938.731 86889.1125 78671.4903 77655.193 66056.1314 57665.054 92986.9373 58953.6068 47710.6054 84253.9245 92729.1801 52332.6041 63839.1294 64308.0158 88306.4375 47062.9874 26308.1194 81041.7991 34752.6553 43556.7944 70199.7749 35197.0297 76381.0142 65897.3563 32307.2317 22436.3263 18319.5725 34885.1036 34519.134 30837.9081 84259.4895 42027.0751 4681.2623 42380.1787 63097.7464 34156.7576 44920.3461 65969.1041 93022.0254 43947.9797 59248.4525 47371.9622 25717.7638 85417.80320000001 63950.7007 67102.4266 60313.8929 19758.4973 32319.3134 94461.1096 62467.1126 94164.0504 44517.3351 90468.8858 67416.9202 82358.6526 25644.774 27818.6794 69581.1564 78573.4507 97715.3122 44345.0183 67546.7672 88202.9378 37882.0095 71734.7642 81376.6897 10143.1583 41355.8051 92800.8582 69406.0146 13545.7006 
39804.8193 40661.9074 0 8473.6449 49081.1248 21105.8973 51271.972 45621.2674 15804.2265 21441.009 56963.3094 76410.7028 21725.7399 44866.6124 75490.5725 38958.3704 67624.1607 42567.0794 47199.7458 25277.4278 59561.632 77175.4688 44837.3498 12144.7645 41895.7374 35939.3686 28925.2489 8632.817 68085.6374 46469.8378 40920.6632 45215.0796 25400.8931 68967.7513 60809.674 47239.8117 19878.8372 74609.3275 53665.1477 30537.6455 62188.5691 60386.3907 47678.3537 41800.6907 50316.1872 70502.35 57073.2827 24634.3775 46389.2172 34001.0431 48237.5895 52789.2433 34704.4321 36748.0472 25264.7221 9292.9167 48382.424 27614.3465 43898.62 46756.0435 36308.6499 27732.1055 36924.378 56193.3602 5563.4792 63999.2324 54143.6697 14603.2194 72837.8439 48313.737199999996 29785.4099 66385.1861 34054.0944 29854.8195 34314.4876 21688.4913 37462.7787 57337.9853 23202.1284 55627.032 55391.1033 54991.2997 47341.0051 67396.4035 24258.3201 52777.0418 49601.9439 55340.6397 72503.0115 34514.3981 52573.6404 55881.4538 39274.3852 67299.0844 41425.5099 38783.0203 38261.437 56844.082 48659.5675 47645.8205 
33008.3273 46846.4116 8473.6449 0 43772.4766 14030.2133 55366.8089 37530.1864 8282.039 29306.582 56194.456 68824.9195 29429.6402 41058.9209 69242.7109 45254.3064 69491.4533 49917.47 39107.6184 30145.8033 62662.9148 69944.7415 36376.1366 18825.9411 42762.8755 29393.5818 25438.2652 15861.246 61344.824 42269.9987 32876.9383 36761.5821 20811.4047 67465.0369 52338.0021 42174.944 13800.432 68775.1039 46192.645 24586.1989 58351.9918 56175.7114 42699.4972 38747.1655 52670.312 64619.1188 58547.8943 20726.6519 38921.6547 42403.2037 40100.511 47090.7788 34696.1821 45020.8365 29864.0293 17766.0917 48879.0001 28011.74 39886.4308 55122.9249 42292.5697 24479.2164 29401.2653 57672.7724 10102.7484 60009.4203 46570.8645 21372.5057 71636.7509 45993.6901 31504.2957 59174.0135 25986.6748 21590.4294 26965.462 27175.1908 45933.7437 49227.6941 15677.6101 47917.9003 54619.978 46633.1895 40519.293000000005 60821.8151 26566.3815 55105.6859 42702.4541 47727.9711 64416.4434 31222.5049 46510.6311 47411.524 38179.365 62675.4643 34530.2787 43470.6388 36222.0638 48546.5662 41655.0891 52137.2405 
57630.717 89742.9295 49081.1248 43772.4766 0 47649.4654 99127.5384 49474.1633 45143.3695 59036.4878 95288.7116 77206.7873 58234.9699 74870.7861 88241.5725 88034.6505 111878.6281 90901.3012 37995.4123 73770.3917 106084.4951 81601.87 35736.4254 61221.4621 84793.8008 56735.2851 21311.1068 49651.0401 78430.8255 7465.8736 25217.9817 40599.2877 23698.2525 104432.0308 46288.5792 71755.1886 50349.7553 90244.5185 19688.4905 56269.0225 89659.2783 86478.9975 2624.1099 74827.8887 95732.458 86419.9005 100728.764 58832.4112 56741.120299999995 73841.1089 50108.5812 73001.709 76229.3083 82289.1407 73557.2183 55895.7311 90242.9846 70391.8391 9274.7298 84177.7885 85371.5718 62785.7012 51172.5483 99878.5792 45124.7573 90608.712 20885.2492 50395.1294 109061.0532 82817.7323 74632.2175 73100.097 45129.9107 30693.4661 51460.2 70518.2325 78949.2651 29951.398 29760.1888 23199.4669 93793.8293 34782.6502 62280.6829 79134.9457 70099.5277 98113.7673 63288.057 61068.0764 67086.0692 68238.4528 70805.1359 43822.5955 78016.6895 90604.396 14215.3757 87195.4492 74708.9073 33928.326 61887.4343 95901.9922 
18982.6045 50868.7257 21105.8973 14030.2133 47649.4654 0 54912.0142 25197.1154 5778.7487 42546.1887 47767.9202 55313.2509 42821.2377 29309.954299999998 55234.2964 49597.8121 64632.0095 56497.1103 30018.6991 33251.8675 60117.6371 56119.3536 28345.2654 26880.2847 37659.8089 15387.8525 34030.5541 29694.403 47329.6173 48299.6059 29181.4355 27032.015 28556.5998 57682.0007 42678.9787 28930.1597 3256.844 54877.4285 43985.3357 11049.3755 45989.901 43477.368 47322.1329 27979.1895 49325.2958 50711.643 53458.5403 11210.3018 25286.7963 54461.0541 27894.7671 33332.8397 29020.7158 54588.1332 32559.2511 29675.4935 42737.6146 24123.8432 46379.22 67260.6805 46195.0458 15136.3664 15854.4194 52630.3982 24067.637 47469.1307 44016.7152 35201.7603 62162.0133 35842.3598 29152.836 45330.9697 13914.4975 18456.0198 13208.5903 31777.4369 57310.7774 44017.4495 18290.3499 44726.0272 46254.4876 39629.1185 26503.0451 46792.0291 26136.5684 51586.1228 28706.7383 34263.065 51850.5609 20875.7186 32586.3283 37780.1273 30369.7551 49537.4672 35275.1559 44836.3789 27138.2725 42014.5604 27691.7642 52578.0929 
60359.422 17861.4363 51271.972 55366.8089 99127.5384 54912.0142 0 73881.1925 55121.1187 55882.7172 32373.0752 91883.4777 57092.6484 45836.8118 79156.8113 19300.3426 22850.0682 27637.312 83370.0262 26049.9722 10754.0999 88919.4485 82286.4934 39754.3604 21930.4209 57229.2962 80043.389 54717.1899 77601.3528 97404.615 84063.9373 79717.512 75975.9255 43044.1367 93974.5292 53598.8375 51669.7413 75318.9849 98788.1315 52660.556 53523.9953 54866.4584 98059.1317 41310.5308 11789.541 72704.55159999999 18750.6312 45039.0537 68665.47 52913.0747 76306.7756 60138.8446 28493.1838 40297.1473 26007.8853 47984.1564 22989.3246 31019.7299 94914.9518 59826.3213 18973.1742 42405.0171 63512.2378 18392.3354 56385.0457 55545.9972 98873.259 58175.4512 43749.5423 38652.2682 25785.3405 80358.442 65996.1059 72830.5601 61045.7437 29899.202 50168.5331 98687.3554 70034.7094 99634.6887 31815.5147 93642.3953 64518.4924 75759.872 29290.3645 12103.1418 66382.8265 75948.1342 94768.5921 41548.886 62388.9929 89526.6241 31886.5337 61722.7114 88879.4319 13311.2227 36316.9197 96207.1055 66570.8391 4431.3711 
14030.233 73735.3635 45621.2674 37530.1864 49474.1633 25197.1154 73881.1925 0 29863.3403 66835.8779 55874.6302 32269.6616 66951.6699 32970.259 38986.4157 72710.3825 77261.7432 80515.0892 13353.9712 56534.4425 76339.7035 34762.5861 14498.6695 52002.3787 53059.8239 16667.4689 46520.2965 53375.0914 29315.0613 53653.776 24268.2008 9552.0282 41518.1003 61285.733 20170.882 26751.6454 27800.4397 40776.2908 35862.8586 21543.9345 43142.3092 39637.6001 50563.887 35538.1349 65469.9908 36949.9012 66747.1381 30181.7604 8053.5719 79464.1472 2716.0714 25290.7544 45433.729999999996 79690.2927 55676.1595 54596.9264 55783.7146 43719.7287 52869.8172 92261.7992 69182.5187 31827.0051 10644.2237 66078.464 47385.5596 43571.2511 35203.5644 58680.1664 66033.3985 42449.8417 49112.9533 24760.1172 11567.5726 23098.9562 13427.7047 55846.9624 82468.2465 30027.6157 30738.9087 34508.8586 54728.6639 23103.6739 14309.4356 29811.689 48096.3453 67278.5678 14548.5113 12207.3822 26891.7435 32606.9333 22599.5798 16063.9883 43286.2223 42270.466 35464.5625 66142.7977 38766.437 25843.9119 13227.863 72573.9302 
24733.4088 49204.2284 15804.2265 8282.039 45143.3695 5778.7487 55121.1187 29863.3403 0 37185.7653 51299.0733 60709.753 37397.7735 34109.4812 61012.3285 47791.4346 66742.2672 53805.1506 32793.9562 31700.0387 61234.8449 61707.7503 30754.1368 23242.3115 39660.7187 21166.5858 29665.0547 23915.6543 53063.7852 44992.8848 29524.5885 30293.6668 24352.7724 61831.4137 46041.5078 34448.4418 6319.6552 60641.4304 43913.343 16632.863 51181.5848 48801.2235 44528.7651 32395.7961 50698.8508 56477.4885 55602.6611 14582.2427 30736.3385 49612.0279 32503.7732 39051.6914 31131.4658 50734.8925 31157.8341 24741.4941 45246.105 25293.3454 42886.1617 62405.517 44531.1986 18607.8288 21226.198 54748.9488 18364.6406 52735.9522 44101.2427 29575.4386 66196.2588 40046.4591 29791.7305 50929.1056 18310.8146 17993.4202 18724.0002 29591.1614 52745.5655 45283.1117 15388.5883 45097.0634 49750.3539 41683.1818 32237.254 52550.9253 25914.053200000002 53052.4293 34420.4449 39616.5999 56723.201 25002.9253 38353.722 41096.8138 33468.1264 55042.3821 33829.3232 44191.7801 30770.8291 43870.0037 33376.1547 52396.191 
61137.9155 39964.8175 21441.009 29306.582 59036.4878 42546.1887 55882.7172 66835.8779 37185.7653 0 71500.4109 97850.4138 1235.1603 63977.3324 96394.4043 38136.4584 76518.2473 36223.3601 67070.4595 32783.5402 66052.1116 98575.1643 64494.2746 21672.9035 54690.7156 57250.0415 37904.2507 13517.1397 89309.4653 54022.5931 58621.7531 65572.8655 37416.423500000004 84228.3807 80801.8327 67464.3952 41189.4703 95199.2067 69090.1542 51619.87 80887.2433 79546.0557 56928.7953 60222.1423 59329.6246 91155.3858 67444.9 44746.968 67830.203 14982.9028 69405.828 73461.9995 49700.2491 24405.0239 33308.7887 13770.4514 61272.2656 42972.2514 51317.966 26775.0057 37207.8789 47141.5655 58365.386999999995 66615.0785 19715.3464 82842.519 69817.508 9262.4093 87481.0925 65532.8052 42703.1756 87787.1328 55285.1633 48781.091 55754.5929 28704.0004 19926.0856 74756.6546 40819.5264 71685.0891 70010.3363 73678.8287 68656.21 88534.8122 37325.3421 61631.7431 70937.0687 76775.0871 93723.0212 53374.2626 73475.3889 75952.9073 55404.584 86798.2574 55902.1795 43391.8739 55695.6496 75165.0638 70029.374 51540.9453 
42140.7389 45517.9943 56963.3094 56194.456 95288.7116 47767.9202 32373.0752 55874.6302 51299.0733 71500.4109 0 64462.5132 72482.2766 22904.3717 48786.5246 46029.2666 22829.1898 56165.4032 68283.6638 39809.4753 27505.7052 60351.4966 68276.2816 50122.2262 17141.9112 40898.7461 80884.8311 64105.8835 49386.6758 96038.9193 74019.2433 64247.5441 75642.536 12865.8023 75275.7149 29775.7226 45366.8751 44434.5553 88530.8177 39454.3449 22304.5525 24509.828 95058.4773 21034.5092 20623.915 42470.1501 15205.4325 36804.1421 48566.071 74728.8844 57608.9261 34412.7683 22336.6247 65382.3081 38903.487 59077.1526 11178.7214 29441.6251 94053.1905 84834.264 43533.1599 32767.9941 47709.0517 15076.2776 62451.4655 24115.1229 88224.7041 69495.6897 16032.2206 13451.4981 28798.6765 53616.9464 52609.772 64932.7295 46334.6296 43263.4036 73941.3663 85120.6921 66035.446 88226.6878 1577.9331 78654.9121 42779.836 47333.633 34268.5793 20454.6126 43855.8234 53155.6286 70025.0564 27050.2588 37283.0826 71759.3931 18016.1162 30382.3943 82264.5751 35586.2243 20633.3657 81405.2159 44614.4755 34556.3696 
37375.5099 96978.5369 76410.7028 68824.9195 77206.7873 55313.2509 91883.4777 32269.6616 60709.753 97850.4138 64462.5132 0 98097.1711 46081.1731 20196.6486 96388.5567 87205.3577 105540.3857 39662.6498 81532.2573 90726.6675 6389.6858 42285.5256 80612.3552 70000.7872 41469.8453 78233.3532 84620.5731 15151.9459 82729.3334 53105.577 38100.6261 73467.9007 63275.203 32215.193 38435.0149 56924.6098 25077.8053 59408.6867 47443.6443 43319.4043 40353.969 78799.7003 50748.3948 81114.7092 24306.8514 78957.0045 55971.1552 30039.822 109416.1741 30199.1433 31748.445 65010.28 107524.5866 80524.3163 84870.8726 69732.8312 66490.2319 82488.0656 122158.7595 92878.3167 55643.4687 39493.4788 78576.1613 78888.2812 42172.6594 58355.7297 90191.9936 67282.651 53712.0758 71272.2209 11597.7207 43195.4079 55052.6186 42108.604 82026.746 111784.2803 49885.6691 62953.7569 56629.4513 64016.5113 43279.9215 30314.2627 17260.3806 72396.2274 82155.8171 28001.2693 21097.9933 11893.7826 52644.2882 29641.0429 33565.3394 60290.5413 36862.8692 64085.2815 87778.2442 56161.8852 45002.5718 28553.4842 91982.5416 
61497.3171 41199.3251 21725.7399 29429.6402 58234.9699 42821.2377 57092.6484 66951.6699 37397.7735 1235.1603 72482.2766 98097.1711 0 64675.1355 96888.86899999999 39370.6556 77677.6264 37426.9178 66939.8952 33726.2579 67245.8023 98899.4299 64341.2981 22555.0152 55712.1597 57590.9441 37163.8599 13577.2512 89716.0751 53132.9573 58289.886 65512.3116 36785.8686 85191.3258 80671.0546 68049.7144 41604.5771 95747.3933 68563.8197 52263.3854 81637.57 80255.4666 56102.3269 60970.0311 60468.8222 91691.6301 68561.4627 45312.1467 68090.5184 15655.1521 69505.3369 73965.8484 50620.2274 25501.1772 34394.8578 14415.0077 62303.1022 43851.6796 50432.6203 27156.1852 38432.7696 47781.9327 58603.8056 67729.3564 19688.228 83582.3511 69306.4774 10497.569599999999 88474.238 66369.516 43683.7714 88109.3804 55415.9197 48589.4355 56023.8937 29783.9454 20717.4862 74367.9475 40555.7153 71197.1153 70986.7983 73405.7846 69024.966 88967.3269 38273.5633 62777.5606 71297.5041 77010.2513 93827.8443 54068.3551 73958.555 75838.0633 56284.3999 87480.1241 55351.3017 44585.7922 56502.1292 74854.3896 70371.974 52759.652700000006 
19324.3114 51927.4827 44866.6124 41058.9209 74870.7861 29309.954299999998 45836.8118 32970.259 34109.4812 63977.3324 22904.3717 46081.1731 64675.1355 0 35666.5763 51599.9528 44714.9884 61352.1435 45489.5585 38599.2859 45610.9757 43464.7663 45626.6988 42849.7418 23925.4422 18595.3205 63188.5198 53272.882 32189.1846 76601.4362 52147.2089 41448.2618 57689.1494 29699.716 52489.9753 9491.8395 27794.2493 33034.0094 66309.7076 18807.5527 17356.6627 15596.4754 74979.463 4864.7312 35398.2299 29472.432 34751.0886 20437.0422 25752.4964 71617.5772 34730.1236 14747.654900000001 19633.8893 66113.8482 37534.9529 50264.7364 24377.6394 23238.4273 74905.3771 83555.4624 48222.6201 17389.771099999998 25187.9065 34189.5508 49669.0971 19133.1893 65923.3871 59216.833 34407.036 9502.1872 26892.059 34529.8158 30544.5923 44177.3233 24215.421700000003 40349.6726 72521.7732 62369.2448 46963.0116 65784.0508 21774.5369 55805.3699 20214.887 30512.5096 29770.0185 36706.1299 21597.6789 31194.7042 49345.1049 10607.4785 16563.4237 48878.8331 14301.0944 22843.1933 61238.866 42257.848 10591.1855 58557.5206 22159.3125 45921.465 
36384.0532 87389.7051 75490.5725 69242.7109 88241.5725 55234.2964 79156.8113 38986.4157 61012.3285 96394.4043 48786.5246 20196.6486 96888.86899999999 35666.5763 0 87152.7275 70777.7136 96990.2489 50546.7142 74134.3756 76138.9885 14110.4685 52573.7876 76619.3714 58122.912099999994 39850.4005 84542.665 84107.0761 9852.6811 92634.9144 63053.0303 47652.3627 79234.5448 45097.5483 47701.7474 29692.1382 55793.9679 5057.9954 72697.8377 44958.8145 26508.5238 24452.3557 89375.7542 40495.3429 67665.5341 6456.6202 63917.6253 51798.9682 32783.0127 105879.9008 38138.1326 23116.9654 55224.3436 101488.8889 73073.4344 82718.2629 56214.0239 58681.7185 91847.9376 118214.7353 83820.4931 50038.6811 41296.0774 63694.9902 79171.3285 24842.8692 71804.448 90031.4464 48674.4192 40657.6514 62555.9892 15909.1099 46806.2405 61312.4751 43042.9919 75589.0893 107320.8243 64403.90149999999 67913.5446 70498.9291 48700.4289 57227.0426 29098.5699 11981.1738 65141.4236 68243.3707 27173.136 27178.4488 30808.916 45003.2198 22930.314 47310.0531 49508.2571 18736.3232 74217.3286 77520.4985 46228.3405 59481.7241 28447.9804 80079.2793 
60828.0734 8232.8346 38958.3704 45254.3064 88034.6505 49597.8121 19300.3426 72710.3825 47791.4346 38136.4584 46029.2666 96388.5567 39370.6556 51599.9528 87152.7275 0 41951.0604 10208.6129 79598.1495 16360.7142 30050.9825 94612.3965 77932.213 26836.7915 30306.9501 57010.966 67534.8852 39906.9542 83506.192 85130.3665 77218.4103 76458.1779 64342.0699 58313.7586 91849.015 58537.2506 46463.0777 84102.8206 91211.8917 51376.8987 63910.4417 64276.7776 86578.4584 46737.0074 27861.323399999997 80832.1059 35725.4792 42555.3623 69336.5784 33612.7321 75368.1888 65462.1181 31966.5904 24319.2762 17120.7198 33073.6005 34951.9261 29986.3447 82496.2932 40774.9919 3551.5723 41524.9272 62096.3143 35104.6879 43161.095 66044.7503 91518.1577 42101.3094 60064.718 47357.6375 25125.0795 84850.2973 62792.9154 65647.7866 59283.0296 18256.608 30885.1565 93068.6302 60896.4877 92684.5074 44981.3041 89160.3771 66691.7761 81957.4663 24678.0312 28828.1173 68876.9598 77776.5905 96917.8071 43744.8001 67043.6782 87045.3847 37677.8841 71742.1675 79780.594 10455.0153 41011.1729 91471.2769 68667.6081 14922.1984 
63259.1586 40623.2611 67624.1607 69491.4533 111878.6281 64632.0095 22850.0682 77261.7432 66742.2672 76518.2473 22829.1898 87205.3577 77677.6264 44714.9884 70777.7136 41951.0604 0 50464.4871 88969.0022 44337.3184 12364.36 82913.6204 88594.6564 57656.267 27084.999 61316.2849 94929.4447 72890.0874 72087.8097 111460.4989 92951.3174 84991.3183 90173.8407 27206.4552 97109.1623 52103.0763 61701.954 66155.3819 107772.2583 58572.2044 44385.2976 46987.1255 111255.5105 41723.6375 17464.6525 64635.4612 11174.1642 53481.2849 70403.2379 75196.8116 79224.6574 57148.4675 35676.8973 63030.5669 43869.3562 66628.0566 22094.2839 41640.8349 109196.3815 82643.8117 41075.7245 49768.8078 68177.8284 12010.1361 73126.6653 45961.4981 107613.1501 77263.6939 25768.1963 35319.3186 38077.7557 76438.2795 72336.6726 82764.1924 66356.9939 48413.3662 72811.7569 105527.2323 82118.5641 107901.4243 23488.0283 99454.746 64918.4542 70012.5607 43414.1219 16559.5087 66189.0878 75667.5523 92827.8239 45798.9509 59972.382 93310.4217 34941.6772 52066.0367 99907.1616 33548.6589 39115.6173 102178.2435 66836.3556 27078.5419 
69325.7185 10674.1985 42567.0794 49917.47 90901.3012 56497.1103 27637.312 80515.0892 53805.1506 36223.3601 56165.4032 105540.3857 37426.9178 61352.1435 96990.2489 10208.6129 50464.4871 0 86350.7999 25642.4966 38197.2735 104025.845 84473.9865 31106.419 40505.4899 65388.8566 69831.811 41420.1374 93018.6364 87241.2074 82655.0369 83507.8309 67335.1934 68339.1785 99077.1965 68044.0373 53455.911 94053.4182 96063.8638 59574.8554 74061.2185 74357.9688 89212.3907 56504.0728 36909.4519 90711.7961 45276.4088 50669.2536 77755.6614 27921.1431 83210.5636 75000.9922 41769.1783 14110.6633 25151.1547 35005.7981 45125.4119 39073.6418 84547.9798 32576.5261 13241.7147 50141.6271 69988.4129 44709.0033 45833.8925 76197.1538 96479.0561 42189.8704 69893.1209 57464.2717 34573.254 94069.8367 70069.8512 71162.3384 67138.2571 24719.6734 24005.3554 98846.3592 65518.4815 97833.1605 55143.3394 95488.0144 75545.9642 91531.7926 33212.2567 38322.3654 77782.3356 86411.2799 105474.4582 53016.7883 76441.6314 94196.2594 47628.1894 81849.2762 83991.4842 20642.8586 50768.6415 97675.1543 77477.259 23602.9852 
26166.6761 80839.525 47199.7458 39107.6184 37995.4123 30018.6991 83370.0262 13353.9712 32793.9562 67070.4595 68283.6638 39662.6498 66939.8952 45489.5585 50546.7142 79598.1495 88969.0022 86350.7999 0 63240.6287 86959.2309 43701.6036 2852.2416 56035.86 63640.4767 27657.3781 39702.8566 53671.2149 40695.5156 43136.0262 13451.4133 4041.5109 35588.1928 74373.5202 13731.751 39805.4524 33135.0718 52953.5106 22670.1649 30966.8494 56485.8635 52987.7256 39384.2159 47485.3768 75995.4635 49348.2236 78167.443 38388.8788 21406.7093 80950.1846 12942.3367 38644.7005 55450.6963 83412.2706 62519.9527 56492.6614 67096.1348 52440.2842 42825.4158 93546.693 76174.4238 41019.2506 20791.1738 77446.4782 47408.3457 56925.1728 21947.0236 58168.5844 79129.1838 54837.3893 57803.4791 35151.1732 17373.9203 18541.2041 22744.9132 61772.3846 84644.1936 16898.1319 26930.7959 21164.9397 67052.3056 10493.4177 27650.766 41576.3202 55692.833 77981.3126 27867.4478 23458.7716 30843.1858 43378.3265 35939.7378 8937.3041 54301.162 55516.1584 24451.7223 74328.4437 49934.3059 13209.4245 26567.1937 81547.851 
45129.4121 17621.3119 25277.4278 30145.8033 73770.3917 33251.8675 26049.9722 56534.4425 31700.0387 32783.5402 39809.4753 81532.2573 33726.2579 38599.2859 74134.3756 16360.7142 44337.3184 25642.4966 63240.6287 0 34920.5141 80276.7728 61594.7645 13763.4128 22667.5641 41197.019 54157.5204 28933.606 69444.069 71631.0076 61218.86 60099.6839 50315.0578 52662.8754 75517.8995 44659.5034 30105.7535 71632.8857 75453.8651 35409.002 53291.0992 52914.4 72545.9426 33905.5272 26932.1221 68038.6488 34856.8332 26512.7887 53563.9099 35063.34 59211.7839 51560.8377 19979.5532 27587.0748 1064.7145 22407.575 29054.1556 15462.4545 69096.0497 45921.6543 17299.3597 25978.9231 45944.2396 34018.3464 30335.6776 55404.0336 75700.0181 32966.8369 55519.6535 36696.5078 12146.7548 70167.6124 46453.9663 49666.2219 43115.5894 4079.5398 34843.3105 76892.6573 45506.3131 76767.2293 38402.5697 72847.7625 51414.5533 68069.6108 9157.4807 29310.0532 53669.4327 62219.4481 81278.2665 29381.5826 52767.8887 70701.8921 26194.737 60494.144 64495.1655 13516.2672 28309.2083 75183.9447 53327.2584 22368.904 
62402.1224 28612.3265 59561.632 62662.9148 106084.4951 60117.6371 10754.0999 76339.7035 61234.8449 66052.1116 27505.7052 90726.6675 67245.8023 45610.9757 76138.9885 30050.9825 12364.36 38197.2735 86959.2309 34920.5141 0 87112.1489 86197.2065 48646.2222 23355.3812 59781.8167 87864.5868 63853.9455 75917.3258 104932.5993 89224.4489 83123.2942 83467.5724 35961.7573 96497.4606 53413.7714 56972.683 71890.3404 104041.84 55999.065 49753.5561 51711.6214 105209.2816 41659.5217 10967.4603 69758.4532 12306.2544 49436.2528 70285.0726 63578.1946 78574.5947 59387.0453 31604.2587 51048.652799999996 34660.1118 57285.8643 21236.8913 36066.1654 102532.9728 70534.085 29566.2738 46202.3263 66445.9979 12454.4751 64894.4558 51606.6022 104015.8711 67724.626 35745.5886 37076.267 31475.1232 79454.45749999999 69753.8533 78345.5037 64246.0596 38952.9342 60922.6262 102957.3352 76521.12 104564.9246 27454.2719 97406.9789 65444.9277 73944.8211 36097.1062 12636.0006 67057.5874 76700.7866 94922.3158 43783.6803 61949.0873 92319.4101 33254.0369 57876.1043 95010.6129 22660.2543 37618.3698 100061.5299 67465.3226 15141.2645 
37491.5932 95086.7738 77175.4688 69944.7415 81601.87 56119.3536 88919.4485 34762.5861 61707.7503 98575.1643 60351.4966 6389.6858 98899.4299 43464.7663 14110.4685 94612.3965 82913.6204 104025.845 43701.6036 80276.7728 87112.1489 0 46175.8941 80439.152 67198.8057 41508.5893 81239.5636 85569.0576 11320.3244 86822.7182 57021.3228 41683.8037 76279.3489 58243.7241 37588.8247 36142.0653 57402.1608 19107.5915 64360.141 47349.3276 38646.5028 35927.3664 83069.8989 48266.3062 77858.2107 18879.5331 75140.0504 55492.2354 31085.7853 109534.7873 33037.6176 29222.5888 62854.4577 106835.8635 79245.187 85307.0873 66388.7571 64989.3646 86419.2573 122188.9299 91145.0902 54706.4123 40581.0648 74813.1716 80047.4233 37315.8304 63346.682 91282.7878 62087.0173 50381.1134 69516.9056 10790.4143 45031.4881 57849.9362 42984.5657 81083.3352 111615.4057 55129.7778 65431.8201 61729.8868 60027.7794 48308.6395 30057.1432 13191.7451 71120.1597 78744.9528 27738.1922 22778.4421 18056.7649 51016.932 27586.0749 38418.2007 57765.8583 31679.6435 68137.4415 85625.2592 53859.7059 50201.6678 28589.3453 89298.7118 
26349.987 79213.4141 44837.3498 36376.1366 35736.4254 28345.2654 82286.4934 14498.6695 30754.1368 64494.2746 68276.2816 42285.5256 64341.2981 45626.6988 52573.7876 77932.213 88594.6564 84473.9865 2852.2416 61594.7645 86197.2065 46175.8941 0 53963.5285 62907.6587 27428.1549 36860.3093 51136.573 42841.0824 40655.3829 10849.841 5008.2911 32736.5232 74812.849 16371.3211 40312.2429 31524.4619 54802.1872 21414.8976 30238.6772 57346.417 53889.534 37024.5971 47346.6301 75230.0986 51111.139800000004 77702.4105 37247.7874 22442.2417 78474.6686 14574.8329 39630.7884 54615.9778 81209.3127 60904.1472 54125.7576 66622.3584 51287.1961 40259.1101 91032.7469 74538.7208 40079.8718 20576.242 76963.5968 44914.219600000004 57884.1532 20810.5094 55544.9925 79569.8119 54862.0765 56611.3098 37369.5495 16443.456 15832.8232 22237.6646 59986.8841 82240.1936 16934.9722 24185.2056 20317.8686 67004.4276 11375.626 28585.9815 43525.206 54265.9201 77266.9195 29019.259 25482.3231 33543.7316 42852.7415 37022.8922 11681.7342 53781.5228 56759.6656 21978.6115 72951.1092 49491.6135 13923.0043 27675.3715 80355.7261 
43236.8569 28526.682 12144.7645 18825.9411 61221.4621 26880.2847 39754.3604 52002.3787 23242.3115 21672.9035 50122.2262 80612.3552 22555.0152 42849.7418 76619.3714 26836.7915 57656.267 31106.419 56035.86 13763.4128 48646.2222 80439.152 53963.5285 0 33668.9743 39143.29 40968.9338 15259.6705 70389.2697 58549.3813 51568.2836 53479.0627 37545.5923 62743.882 69227.6305 47106.2511 24388.1431 74951.4886 65002.0625 33182.4145 59459.2955 58302.0955 59811.5618 38849.0167 40191.8513 71024.4051 47662.5998 25028.8345 50979.1956 29279.2306 54712.626 53502.4151 28088.2438 27708.0072 13987.6017 9121.8371 40303.4869 21300.3028 55955.8124 41789.1389 24165.115 26610.2492 42078.7555 46796.9987 16763.9721 61453.7629 65396.7166 19795.0048 66149.2596 43883.7168 21414.0801 69794.5176 40790.9373 40113.2368 39234.3861 9859.8861 31191.8464 67816.5375 34474.8314 66730.255 48604.2032 64925.4933 50450.23 69361.8105 17096.4751 42623.2568 52780.4114 60021.6413 78354.6134 32341.2027 53969.948000000004 64288.7621 33733.2212 65680.4958 53158.6732 27055.2793 34116.0807 66815.4213 52100.4167 35932.3707 
39198.6798 30148.291 41895.7374 42762.8755 84793.8008 37659.8089 21930.4209 53059.8239 39660.7187 54690.7156 17141.9112 70000.7872 55712.1597 23925.4422 58122.912099999994 30306.9501 27084.999 40505.4899 63640.4767 22667.5641 23355.3812 67198.8057 62907.6587 33668.9743 0 36455.2402 68156.3616 48280.7995 55881.3729 84462.7376 66355.74 59772.8417 63273.7643 30007.0894 73229.809 31669.9806 34670.4766 54617.2528 81222.3038 32678.342 33718.7633 35029.8968 84182.5617 19382.8679 12421.0452 51666.2919 15944.4424 26613.8522 47268.4526 57595.9156 55363.2174 38253.2193 8639.0975 48594.5441 22805.4166 42761.0676 6634.5126 14751.4119 82236.6223 67865.4283 27406.4377 23107.9498 43090.6167 15088.5499 47459.154 35843.2921 81133.5539 53363.7623 32892.6436 18854.3471 15488.327000000001 58455.2473 46468.9337 55871.7768 40895.5635 26210.7595 56912.3707 79723.8575 55033.8882 81572.3161 15778.3954 74080.0096 42795.7828 54095.0215 17973.9681 14362.8251 44586.6793 54197.4838 72900.5424 20459.8472 40464.484 68999.2077 10051.5484 41693.6781 72911.6147 20009.822 14609.408599999999 76744.8067 44843.2379 22114.5938 
4096.9238 57904.2045 35939.3686 29393.5818 56735.2851 15387.8525 57229.2962 16667.4689 21166.5858 57250.0415 40898.7461 41469.8453 57590.9441 18595.3205 39850.4005 57010.966 61316.2849 65388.8566 27657.3781 41197.019 59781.8167 41508.5893 27428.1549 39143.29 36455.2402 0 47180.0057 44484.8314 32146.5937 59018.6783 33556.7065 23675.2045 41652.8808 48259.0398 36821.4233 15184.9352 16060.5712 39545.5754 47759.0269 5994.2176 33100.6317 30104.977 57023.221 19921.81 48875.428 35374.5582 50563.1449 14796.6107 12366.9541 68067.3275 19080.5728 18277.3373 28766.2611 66204.0235 40261.9118 43819.1707 39512.1817 27418.4312 57532.5282 80766.0928 53460.6532 15549.3391 6872.3086 49857.2566 39358.0556 34234.0755 47402.6461 50346.2468 52982.161 27543.7839 32754.9279 30767.8994 11955.319 26172.9134 5620.1012 41114.7626 70322.89 44338.5251 30359.0925 47340.3549 39601.8589 38139.0742 11637.8074 31498.0498 32350.5985 50735.197 13897.110799999999 21157.2303 40098.3234 15999.0056 17260.5411 32543.968 26816.1087 35289.4886 42882.1232 49854.812 22364.6847 40865.4252 12986.1988 56005.744 
49463.3385 69291.902 28925.2489 25438.2652 21311.1068 34030.5541 80043.389 46520.2965 29665.0547 37904.2507 80884.8311 78233.3532 37163.8599 63188.5198 84542.665 67534.8852 94929.4447 69831.811 39702.8566 54157.5204 87864.5868 81239.5636 36860.3093 40968.9338 68156.3616 47180.0057 0 28448.0009 75291.4523 17597.9845 27128.1641 40331.5307 5538.4146 91480.8878 52141.9437 62125.7961 35837.2708 85382.5199 32939.4028 44612.0825 79719.8757 76993.1923 19431.8014 61919.9394 78049.3854 81269.3874 83978.1875 44247.2942 51770.9108 52816.6794 48218.1744 65266.1611 59957.6847 60978.1337 54086.3912 34874.8967 74173.3792 53409.9257 18392.4124 63642.7139 65071.2333 48270.753 43612.0946 83103.9602 24373.9433 81069.6363 33874.7376 29117.4995 95860.3191 69668.6582 56915.9167 71238.4377 37802.7451 23435.7809 42466.0577 50613.7336 57828.6678 40743.6181 16878.005 36045.3497 79326.4642 42145.8837 55901.6192 75426.1283 51844.9763 80493.0206 57558.7893 58689.7462 70332.6713 54618.4358 63751.508 48072.7309 62946.661 82468.786 19880.2441 67673.62 60424.0985 42711.2322 56219.4599 76517.0652 
48303.8088 41724.1954 8632.817 15861.246 49651.0401 29694.403 54717.1899 53375.0914 23915.6543 13517.1397 64105.8835 84620.5731 13577.2512 53272.882 84107.0761 39906.9542 72890.0874 41420.1374 53671.2149 28933.606 63853.9455 85569.0576 51136.573 15259.6705 48280.7995 44484.8314 28448.0009 0 76625.8476 45838.7678 45809.1329 52087.9484 26435.062 76403.7438 67395.1412 55844.199 28434.8132 83242.1361 57231.4627 39148.8998 70543.5161 68835.4667 47869.0358 50027.5077 55429.1733 79134.8756 62772.869 33267.1945 54649.756 27453.5966 55928.2701 61422.0603 41773.1971 32974.7264 29222.5816 6862.3498 54887.1783 34681.3461 43132.069 39902.3658 37848.4763 36137.9529 45141.8475 61901.5635 6266.1437 72388.8935 57859.0682 5984.1193 80099.451 56232.6245 35965.5709 74781.1765 41843.4099 35536.8906 42612.7155 24918.8294 31628.0056 62129.1798 27843.7406 59579.3677 62549.7317 60611.8124 55844.6411 75968.6619 30311.2657 57866.3123 58088.1159 63524.1571 80250.6491 42753.0506 61196.2509 62525.0616 46792.7917 75818.8376 44317.226 41920.9549 46185.4975 62221.8698 57113.6929 50737.9067 
28352.9148 83938.731 68085.6374 61344.824 78430.8255 47329.6173 77601.3528 29315.0613 53063.7852 89309.4653 49386.6758 15151.9459 89716.0751 32189.1846 9852.6811 83506.192 72087.8097 93018.6364 40695.5156 69444.069 75917.3258 11320.3244 42841.0824 70389.2697 55881.3729 32146.5937 75291.4523 76625.8476 0 82912.2321 53262.5963 37832.7913 70060.3304 48250.6067 38251.4307 24997.7921 48207.0549 12946.7306 62868.5026 37705.551 28192.9659 25202.0376 79594.4708 37010.6166 66568.1089 10450.9967 64021.287 45360.5186 23592.5589 99628.8097 28350.9118 18044.3935 51660.6721 96297.2226 68401.8692 75808.1643 55109.9275 54060.572 82177.2348 112175.1538 80059.8307 44207.9772 32652.6543 63670.1981 71396.4937 27114.1885 61983.902 82468.391 52357.1563 39089.6056 58459.9038 6532.9412 37771.8436 51939.595 34604.4334 70439.8482 101458.5602 54688.8863 58830.2731 60706.6774 48987.205 47482.5881 20827.4632 2128.4927 60303.705 67486.6107 19654.9185 17364.7906 23282.735 40093.9923 17581.3533 37606.2559 46486.5241 22094.2042 64440.568 74404.2269 42639.6955 49783.6076 19787.9897 77984.6216 
60387.5997 86889.1125 46469.8378 42269.9987 7465.8736 48299.6059 97404.615 53653.776 44992.8848 54022.5931 96038.9193 82729.3334 53132.9573 76601.4362 92634.9144 85130.3665 111460.4989 87241.2074 43136.0262 71631.0076 104932.5993 86822.7182 40655.3829 58549.3813 84462.7376 59018.6783 17597.9845 45838.7678 82912.2321 0 29832.0125 45301.0125 21470.7946 105829.5658 52549.4893 74192.3584 50694.2567 94320.8711 26752.145 57806.868 92118.7739 89076.0458 4894.309 76088.6009 94876.6064 90389.3815 100390.0283 59263.8647 60467.3029 68576.5787 54592.6154 76076.5681 76040.4404 77824.6144 71521.7247 52379.4442 90210.7381 69819.7329 2715.1206 78393.0448 82666.5423 63288.676 54012.8617 99525.1614 41971.9278 93212.4968 27940.4559 45798.2496 110372.8184 84035.5417 73692.4075 77879.8059 47907.5848 32902.9957 53666.4406 68148.5701 73805.5853 36853.4591 30010.7108 30291.1183 94513.9294 41144.1637 65665.6131 83464.9604 68836.3802 97298.5977 66882.4341 65587.6612 73028.0606 69161.4143 74076.3545 49687.6828 78394.6791 93678.3045 18686.0873 85142.8231 75412.8485 40550.6928 65482.5642 93960.5809 
33630.8309 78671.4903 40920.6632 32876.9383 25217.9817 29181.4355 84063.9373 24268.2008 29524.5885 58621.7531 74019.2433 53105.577 58289.886 52147.2089 63053.0303 77218.4103 92951.3174 82655.0369 13451.4133 61218.86 89224.4489 57021.3228 10849.841 51568.2836 66355.74 33556.7065 27128.1641 45809.1329 53262.5963 29832.0125 0 15489.8476 23749.7115 81811.6182 25022.6941 47932.8412 32406.4749 65028.7355 14869.4286 34657.6513 65591.1065 62265.8322 26334.1117 53016.422 78316.3249 61218.0516 81841.8709 39788.1961 31691.012 73205.2203 24915.6537 48376.2564 57771.532 77650.2181 60682.401 49936.4261 70861.9608 53289.8547 29409.5899 85395.8983 74008.6136 43269.7945 27241.504 81048.4985 39673.6567 66357.1912 14841.2353 49406.9059 86538.0026 60882.7294 58329.0992 48080.3984 21602.8129 11570.6253 27947.1799 58967.7496 77424.8681 16417.3221 17983.9725 15608.8456 72636.0638 15427.0396 37455.8803 53929.725 55042.1567 80518.8248 38292.5481 35899.3549 44031.6557 47404.5124 46012.4172 21113.9774 58062.9515 65873.0906 11196.3617 73608.2312 54127.9031 18110.2081 36899.7464 81611.1483 
22125.8267 77655.193 45215.0796 36761.5821 40599.2877 27032.015 79717.512 9552.0282 30293.6668 65572.8655 64247.5441 38100.6261 65512.3116 41448.2618 47652.3627 76458.1779 84991.3183 83507.8309 4041.5109 60099.6839 83123.2942 41683.8037 5008.2911 53479.0627 59772.8417 23675.2045 40331.5307 52087.9484 37832.7913 45301.0125 15489.8476 0 35846.7366 70357.412 15750.4903 35794.6008 30051.9199 49817.6343 26310.8559 27174.3782 52585.8837 49104.0463 41808.1892 43468.3357 72166.7592 46111.4346 74218.1152 34838.8375 17563.001 79149.1801 9580.1734 34793.6754 51670.3049 81028.037 59347.3515 54485.3029 63153.1113 48867.0367 44778.3711 91830.8804 73005.1861 37321.8233 16822.4057 73503.2689 45857.8949 53068.4582 25656.0131 56844.598 75113.7346 50800.0973 54251.5443 32590.7754 13819.9397 17903.4053 18877.4067 58809.4519 82665.7854 20936.3562 26293.4764 25011.4939 63019.7895 14468.1408 23835.3059 38575.5778 52342.4129 74126.8535 24099.2536 20474.032 30122.4464 39469.0122 32137.8272 10809.6996 50381.5113 51822.4942 26685.8063 70908.8357 45991.0255 17202.9728 22771.4833 77987.4325 
43977.8655 66056.1314 25400.8931 20811.4047 23698.2525 28556.5998 75975.9255 41518.1003 24352.7724 37416.423500000004 75642.536 73467.9007 36785.8686 57689.1494 79234.5448 64342.0699 90173.8407 67335.1934 35588.1928 50315.0578 83467.5724 76279.3489 32736.5232 37545.5923 63273.7643 41652.8808 5538.4146 26435.062 70060.3304 21470.7946 23749.7115 35846.7366 0 86100.8026 48522.3729 56587.7111 30452.6755 79993.6865 31878.5827 39084.3468 74185.9795 71455.0409 22277.4606 56489.2745 73463.5805 75864.8731 79157.065 38919.094 46495.8357 52349.6938 43331.1961 59759.2974 54970.5598 59402.398 50163.7284 32373.4467 69184.4722 48560.2627 19076.1745 63778.9516 61707.7252 42952.5863 38187.1673 78286.8553 21502.0783 75532.2221 32668.5504 28220.1305 90510.4099 64272.8678 52284.2401 66154.783 32443.4417 18441.0359 36980.0174 46945.7372 57126.6958 38589.7595 11404.7106 34664.6984 74090.3322 39114.1625 50491.8966 70144.0455 47374.3108 75893.5027 52187.1038 53629.5206 65960.1945 49228.2824 58279.4187 44211.2688 57756.2715 76939.8159 18607.2906 63804.5816 55121.2036 40019.138699999996 50858.6996 72588.9196 
48524.4751 57665.054 68967.7513 67465.0369 104432.0308 57682.0007 43044.1367 61285.733 61831.4137 84228.3807 12865.8023 63275.203 85191.3258 29699.716 45097.5483 58313.7586 27206.4552 68339.1785 74373.5202 52662.8754 35961.7573 58243.7241 74812.849 62743.882 30007.0894 48259.0398 91480.8878 76403.7438 48250.6067 105829.5658 81811.6182 70357.412 86100.8026 0 79404.4186 34570.6408 55650.228 40208.1417 95813.7902 48169.5469 20256.2162 23636.9352 104442.7609 29744.1085 31791.0328 39410.3844 24405.4676 47263.4023 53421.0533 87585.2861 62572.6899 37045.8441 34727.5566 78058.0972 51765.1838 71612.3503 23895.2846 41756.446 104003.508 97590.4909 55998.6378 43275.899 54692.9818 24676.0882 74375.5461 21139.4912 95376.4153 81914.7748 4757.2434 21841.2561 41540.8181 53588.291 60214.0497 73773.55960000001 53875.9583 56107.3775 86736.3504 91243.2811 75906.2009 95100.3706 14276.9031 84389.4021 47214.4259 46122.1184 46923.601 30965.6912 47701.2773 56083.6177 70743.0758 36872.9416 40036.8279 76486.3484 29693.4803 26572.8404 90908.7639 47944.1305 31250.7174 87128.4659 48742.8699 45859.8217 
34114.7972 92986.9373 60809.674 52338.0021 46288.5792 42678.9787 93974.5292 20170.882 46041.5078 80801.8327 75275.7149 32215.193 80671.0546 52489.9753 47701.7474 91849.015 97109.1623 99077.1965 13731.751 75517.8995 96497.4606 37588.8247 16371.3211 69227.6305 73229.809 36821.4233 52141.9437 67395.1412 38251.4307 52549.4893 25022.6941 15750.4903 48522.3729 79404.4186 0 45585.6066 45621.7592 51193.4202 27503.944 41402.2473 60011.8522 56434.6366 48188.7312 55446.186 85637.8207 48289.3085 86747.1222 49694.5438 26737.4831 94639.7991 17950.588 42379.2414 65567.3553 96773.6279 74729.3448 70097.7708 75843.8072 63536.9564 52793.7747 107257.9569 88364.4093 51722.6477 30481.2266 86098.0496 61134.0086 59964.5235 26396.2667 71894.3479 84078.2529 61984.3807 68944.3866 31830.6919 29066.3826 32203.8834 33051.2234 74377.271 98271.7421 17689.6004 40536.363 24532.7722 74223.8723 11519.5141 32549.6118 39728.5319 67483.8489 87433.7077 31759.756 23678.9548 21107.3429 52777.7963 39400.0526 4946.337 63432.2868 57164.0069 34560.0344 85856.2399 58900.5879 12865.5998 30820.5679 92551.0055 
