48
1 2 3 4 6 10 11 16 17 23 24 25 26 28 29 30 31 32 41 43 44 45 46 47 48 50 53 57 58 59 61 62 67 70 73 76 77 78 81 82 85 86 88 89 95 97 99 0
0 82.6211 85.491 69.8253 99.3957 73.7417 12.36 54.6666 68.3884 64.04560000000001 72.5675 64.1835 45.4231 91.2047 73.0689 81.5984 28.4579 40.9072 87.6988 52.2149 65.6483 95.9837 92.4784 97.7081 56.5418 52.8162 76.3919 73.5505 80.417 75.1078 83.4542 97.4689 83.9044 69.8851 63.5959 75.6612 70.4386 67.848 63.8505 88.5444 66.1464 58.1924 99.9258 71.3075 70.4249 55.7967 68.601 95.8176 
82.6211 0 65.4289 68.3852 38.178 79.0947 86.3678 56.1007 86.4426 89.2574 82.5561 58.0095 64.3321 53.2825 42.8411 82.9861 77.7019 67.8431 43.2913 67.7956 86.6967 84.156 79.7079 69.0042 73.1306 52.8646 82.888 47.3163 86.6451 58.6721 78.4856 47.2068 47.0531 70.4285 91.7609 81.8688 64.6182 69.6175 55.1154 43.3793 87.0198 86.0004 53.8812 88.53960000000001 89.8032 50.3157 47.5199 45.7505 
85.491 65.4289 0 53.1974 62.1906 44.8094 91.4845 31.576 31.252399999999998 44.0107 18.4716 42.1084 57.6784 56.5708 53.3253 78.6596 87.8366 66.9823 56.8277 88.20070000000001 55.0378 49.0282 79.2756 60.9637 57.0645 75.3219 44.4275 83.3192 78.7347 54.7009 51.9714 65.3349 68.4214 59.68 44.5012 52.0014 86.2629 69.3059 88.2417 91.15610000000001 74.412 60.983999999999995 60.382 88.7504 98.8903 72.9361 56.479 73.2632 
69.8253 68.3852 53.1974 0 87.651 69.578 61.3033 62.8376 70.3145 58.5425 63.4243 37.2795 65.622 71.0404 64.4819 42.5272 65.8867 80.098 41.5318 81.6153 65.3982 44.1142 91.0347 74.5173 79.9574 89.1757 52.6982 98.5135 56.0217 62.1216 74.9636 73.4458 79.2724 83.4795 59.4158 64.2202 88.736 90.6511 77.1052 68.9402 89.0388 72.2369 51.795 73.3844 72.1813 91.708 94.3715 68.3875 
99.3957 38.178 62.1906 87.651 0 81.2937 88.269 54.6853 79.679 67.6695 75.1206 58.4484 56.3696 48.5918 81.0191 64.1741 98.0959 70.7353 81.12 60.7067 82.0642 97.8458 51.4437 73.1936 89.7775 57.8264 57.4565 54.5731 89.8243 66.9185 70.2239 58.6041 41.1407 68.1127 84.0464 58.3754 54.2535 50.7088 65.5564 66.1766 75.8871 66.3299 56.0504 68.2004 96.3039 45.9334 44.6006 19.7533 
73.7417 79.0947 44.8094 69.578 81.2937 0 77.3803 52.0692 41.7618 80.7817 46.1147 54.5282 76.5875 90.4261 72.8514 52.3121 79.0352 90.7533 45.6769 91.661 66.4888 64.0273 85.9459 58.7803 77.1683 64.85 57.2239 79.5714 90.5716 90.3489 77.7232 51.1964 80.0082 75.58850000000001 43.7688 69.43979999999999 76.4024 87.2844 80.7966 61.4333 72.2452 52.3514 63.0914 60.9361 94.5574 76.5931 78.1248 69.281 
12.36 86.3678 91.4845 61.3033 88.269 77.3803 0 65.3624 75.1431 65.6372 84.1974 73.564 47.7277 94.3165 72.4709 91.3327 16.0979 50.0027 86.5173 39.8549 60.8147 88.0224 96.0746 86.4771 67.1478 51.0526 72.9034 76.4327 76.9542 64.6268 80.5013 86.3535 73.2152 70.5549 67.5418 64.6066 81.2747 79.6819 53.3284 78.1111 58.761 69.6993 88.1372 74.4964 67.2824 64.0926 73.4689 98.1918 
54.6666 56.1007 31.576 62.8376 54.6853 52.0692 65.3624 0 36.0239 73.0634 41.7527 57.2371 49.5757 74.8205 77.9473 72.6736 72.7107 91.0988 79.1738 81.5243 61.4418 65.9895 83.1103 81.726 42.7608 85.3614 39.2591 68.8173 93.4491 57.2741 58.229 82.6733 77.7099 57.3923 44.6504 58.7757 93.3873 78.05940000000001 79.1188 99.1507 73.5958 50.5231 74.4621 78.6733 89.2509 84.1093 48.2225 41.6872 
68.3884 86.4426 31.252399999999998 70.3145 79.679 41.7618 75.1431 36.0239 0 67.3793 12.7808 33.035 66.5423 74.2454 65.6838 91.5935 82.8154 62.127 63.9614 72.4352 45.6523 40.2808 66.1859 64.0566 63.0038 85.6618 46.4989 78.188 64.3285 64.2649 38.3224 92.89099999999999 85.82730000000001 49.6917 42.3282 58.8109 96.6803 78.1146 75.4309 99.94800000000001 66.9983 47.7181 74.399 74.7564 71.0133 73.6495 59.2951 73.3102 
64.04560000000001 89.2574 44.0107 58.5425 67.6695 80.7817 65.6372 73.0634 67.3793 0 60.9512 64.0221 83.4676 94.9242 83.8138 35.6967 79.3403 23.1384 55.3457 62.2897 64.1909 62.2876 58.6423 100.03620000000001 72.6771 96.2697 41.446 83.2268 47.4891 93.2149 85.1535 80.8611 72.6445 80.0877 61.5062 45.6608 55.866 61.3619 71.3038 59.7125 65.8543 57.2124 57.392 63.5604 92.1541 61.5683 65.5645 69.5614 
72.5675 82.5561 18.4716 63.4243 75.1206 46.1147 84.1974 41.7527 12.7808 60.9512 0 36.0997 56.6131 63.4349 66.1262 86.2732 88.1237 74.90780000000001 65.4554 83.9111 58.4198 30.5566 61.1726 74.8374 57.1061 91.7209 46.1879 66.6591 64.3718 53.8097 51.1032 83.2368 77.6506 43.1376 40.4073 66.0783 99.9126 69.2176 69.7701 90.8352 60.444 42.5124 77.3917 84.5331 83.7941 84.9999 67.6783 78.8173 
64.1835 58.0095 42.1084 37.2795 58.4484 54.5282 73.564 57.2371 33.035 64.0221 36.0997 0 81.8034 69.8451 56.8575 72.7498 63.9313 58.6264 71.6259 98.7893 46.369 57.5767 93.0124 61.045 44.0865 84.4377 43.9827 84.9111 75.6371 88.504 71.3574 59.856 70.2582 66.5335 42.4586 34.1567 68.9243 58.8763 98.6718 84.6278 96.5437 57.0461 75.2015 85.8195 66.9471 94.18430000000001 65.5456 76.8923 
45.4231 64.3321 57.6784 65.622 56.3696 76.5875 47.7277 49.5757 66.5423 83.4676 56.6131 81.8034 0 63.2899 92.8623 48.343 63.7258 86.3303 97.5841 52.8535 53.9982 73.4005 49.3028 71.4575 60.2263 54.0877 70.7042 59.6721 49.0633 43.5593 82.4923 82.5486 55.0939 76.1893 41.4231 55.9515 92.57339999999999 68.306 67.9029 88.2817 53.1155 78.9663 74.5735 66.5331 60.7664 68.721 66.5608 76.1229 
91.2047 53.2825 56.5708 71.0404 48.5918 90.4261 94.3165 74.8205 74.2454 94.9242 63.4349 69.8451 63.2899 0 72.7968 82.8878 91.83 84.6467 63.2682 70.9455 64.6902 61.223 40.8941 95.5511 87.0522 92.333 67.1082 92.9812 58.7666 56.5782 57.8641 82.3544 51.6215 71.0284 70.9087 61.2046 77.1764 71.0849 88.336 80.1537 72.3113 79.7439 76.3141 54.9465 74.79 47.1468 54.23 66.4166 
73.0689 42.8411 53.3253 64.4819 81.0191 72.8514 72.4709 77.9473 65.6838 83.8138 66.1262 56.8575 92.8623 72.7968 0 66.6542 62.5228 79.5987 51.2446 89.763 69.041 83.352 95.3681 54.9646 65.1598 58.3762 87.6774 55.3437 89.0379 84.9656 80.0944 67.1378 81.78999999999999 46.876 86.4713 84.0632 93.4435 55.9894 71.5271 37.8308 93.348 72.0541 59.9084 86.5804 66.1292 84.7668 54.311 84.6685 
81.5984 82.9861 78.6596 42.5272 64.1741 52.3121 91.3327 72.6736 91.5935 35.6967 86.2732 72.7498 48.343 82.8878 66.6542 0 86.439 58.8351 54.5756 71.1776 85.951 70.3391 74.7541 77.1155 80.2953 77.0231 60.2965 72.1445 66.0251 70.7533 73.1743 87.96090000000001 79.843 53.8259 79.5164 54.4769 59.1833 76.6696 68.6924 79.0631 81.1612 44.8962 62.6099 35.9528 82.1861 68.1325 85.1026 75.1237 
28.4579 77.7019 87.8366 65.8867 98.0959 79.0352 16.0979 72.7107 82.8154 79.3403 88.1237 63.9313 63.7258 91.83 62.5228 86.439 0 60.3256 91.2711 49.3569 53.3021 82.0426 80.8758 84.7923 83.1093 43.4989 64.9036 64.9445 82.6028 67.0355 92.4177 83.8801 89.31309999999999 76.9317 55.7154 76.9683 68.2414 66.0725 67.8905 62.7835 74.8589 85.79719999999999 95.5506 88.6312 52.1667 71.3221 64.5204 91.3328 
40.9072 67.8431 66.9823 80.098 70.7353 90.7533 50.0027 91.0988 62.127 23.1384 74.90780000000001 58.6264 86.3303 84.6467 79.5987 58.8351 60.3256 0 76.5166 67.5575 43.2536 78.6191 67.4244 76.8978 83.2546 75.4661 61.4907 82.287 43.8597 74.3452 64.3893 78.2208 87.0464 87.6827 61.2474 44.936 41.0153 53.116 69.7758 57.1671 67.3784 50.982 77.3174 75.268 69.4004 82.2936 65.1048 57.772 
87.6988 43.2913 56.8277 41.5318 81.12 45.6769 86.5173 79.1738 63.9614 55.3457 65.4554 71.6259 97.5841 63.2682 51.2446 54.5756 91.2711 76.5166 0 73.1108 51.5487 52.6458 80.9779 80.1296 86.4769 58.9188 58.7959 61.0293 91.0313 74.6053 63.5762 72.5613 85.1348 49.1451 68.7589 70.388 80.2515 81.1189 77.4563 38.3335 68.5381 78.1595 60.472 74.7593 87.2932 72.4402 80.3636 64.9948 
52.2149 67.7956 88.20070000000001 81.6153 60.7067 91.661 39.8549 81.5243 72.4352 62.2897 83.9111 98.7893 52.8535 70.9455 89.763 71.1776 49.3569 67.5575 73.1108 0 72.7568 76.5177 64.9719 69.4001 82.7586 53.8664 81.363 89.9201 46.3784 93.7942 60.733 93.1609 56.5992 68.7437 77.6762 87.663 91.0833 75.0018 27.2522 59.0155 30.6449 67.7841 66.73949999999999 99.40629999999999 84.3612 63.3219 81.8853 66.7015 
65.6483 86.6967 55.0378 65.3982 82.0642 66.4888 60.8147 61.4418 45.6523 64.1909 58.4198 46.369 53.9982 64.6902 69.041 85.951 53.3021 43.2536 51.5487 72.7568 0 49.5359 61.2774 94.3201 56.0103 81.13669999999999 68.4006 48.9053 83.2136 73.7578 63.7833 90.64259999999999 77.363 61.5857 24.604 48.8215 69.8563 55.844 81.4797 80.0668 67.7041 74.9139 87.5464 80.0803 96.4919 67.0761 70.0998 85.246 
95.9837 84.156 49.0282 44.1142 97.8458 64.0273 88.0224 65.9895 40.2808 62.2876 30.5566 57.5767 73.4005 61.223 83.352 70.3391 82.0426 78.6191 52.6458 76.5177 49.5359 0 57.8986 81.30669999999999 54.1485 76.1051 53.6203 74.7419 45.3187 30.9273 57.3968 87.6168 71.162 52.5127 55.6998 47.0861 85.2794 50.4635 59.5682 60.5568 86.22120000000001 72.9816 81.4188 72.577 73.6711 64.9788 59.4284 87.4037 
92.4784 79.7079 79.2756 91.0347 51.4437 85.9459 96.0746 83.1103 66.1859 58.6423 61.1726 93.0124 49.3028 40.8941 95.3681 74.7541 80.8758 67.4244 80.9779 64.9719 61.2774 57.8986 0 70.5824 95.485 75.1188 74.3295 80.72460000000001 53.9378 45.8853 33.1895 67.6271 48.8173 73.1935 71.9867 78.2098 78.1497 76.2363 80.6668 87.4946 63.1974 78.6349 74.7488 55.229 79.6012 36.6817 87.6518 53.699 
97.7081 69.0042 60.9637 74.5173 73.1936 58.7803 86.4771 81.726 64.0566 100.03620000000001 74.8374 61.045 71.4575 95.5511 54.9646 77.1155 84.7923 76.8978 80.1296 69.4001 94.3201 81.30669999999999 70.5824 0 81.9439 96.1788 83.8765 48.32 81.8327 50.3794 95.3907 88.3854 91.0753 46.1985 83.8266 63.6226 53.2558 94.83070000000001 64.4745 48.4467 74.9 54.9784 86.8497 78.0938 66.8776 79.8074 69.6668 92.9469 
56.5418 73.1306 57.0645 79.9574 89.7775 77.1683 67.1478 42.7608 63.0038 72.6771 57.1061 44.0865 60.2263 87.0522 65.1598 80.2953 83.1093 83.2546 86.4769 82.7586 56.0103 54.1485 95.485 81.9439 0 79.2802 67.4042 48.5329 63.5536 79.8477 65.1665 67.4296 69.3055 47.8821 60.3603 50.3656 71.8959 61.5149 76.0702 69.6536 94.9604 67.5262 72.9756 77.8013 84.3084 71.8071 84.7145 83.173 
52.8162 52.8646 75.3219 89.1757 57.8264 64.85 51.0526 85.3614 85.6618 96.2697 91.7209 84.4377 54.0877 92.333 58.3762 77.0231 43.4989 75.4661 58.9188 53.8664 81.13669999999999 76.1051 75.1188 96.1788 79.2802 0 62.7943 69.3421 94.3014 87.6799 99.6224 54.6755 60.118 89.2815 66.2711 62.495 82.9832 81.2983 54.2445 91.7658 71.4755 54.6226 68.1489 83.3237 72.6091 55.071 45.123 72.1963 
76.3919 82.888 44.4275 52.6982 57.4565 57.2239 72.9034 39.2591 46.4989 41.446 46.1879 43.9827 70.7042 67.1082 87.6774 60.2965 64.9036 61.4907 58.7959 81.363 68.4006 53.6203 74.3295 83.8765 67.4042 62.7943 0 83.3089 55.9758 84.4092 67.1067 87.2741 71.8617 69.4071 47.4342 62.1886 77.4015 62.2442 90.6871 80.0657 79.0139 49.621 86.8502 54.3045 59.5395 77.1325 63.391 67.5532 
73.5505 47.3163 83.3192 98.5135 54.5731 79.5714 76.4327 68.8173 78.188 83.2268 66.6591 84.9111 59.6721 92.9812 55.3437 72.1445 64.9445 82.287 61.0293 89.9201 48.9053 74.7419 80.72460000000001 48.32 48.5329 69.3421 83.3089 0 94.3614 98.4268 47.5351 41.7373 60.5876 84.08080000000001 44.4855 65.1278 55.7267 57.0944 90.4339 90.6956 99.49549999999999 49.4495 49.4739 63.0007 82.8461 89.2853 57.5187 74.32639999999999 
80.417 86.6451 78.7347 56.0217 89.8243 90.5716 76.9542 93.4491 64.3285 47.4891 64.3718 75.6371 49.0633 58.7666 89.0379 66.0251 82.6028 43.8597 91.0313 46.3784 83.2136 45.3187 53.9378 81.8327 63.5536 94.3014 55.9758 94.3614 0 58.7641 62.0797 75.4909 78.3805 70.6656 66.6677 57.2191 79.6378 59.3602 58.4311 92.4745 40.9025 90.4606 59.6656 87.227 66.1871 79.64840000000001 78.2385 96.886 
75.1078 58.6721 54.7009 62.1216 66.9185 90.3489 64.6268 57.2741 64.2649 93.2149 53.8097 88.504 43.5593 56.5782 84.9656 70.7533 67.0355 74.3452 74.6053 93.7942 73.7578 30.9273 45.8853 50.3794 79.8477 87.6799 84.4092 98.4268 58.7641 0 77.2426 56.6895 72.0035 65.1043 83.7363 59.7899 65.7926 52.8539 87.3729 56.3289 75.6828 62.5629 91.4268 61.0752 75.90960000000001 63.1417 90.3557 56.7202 
83.4542 78.4856 51.9714 74.9636 70.2239 77.7232 80.5013 58.229 38.3224 85.1535 51.1032 71.3574 82.4923 57.8641 80.0944 73.1743 92.4177 64.3893 63.5762 60.733 63.7833 57.3968 33.1895 95.3907 65.1665 99.6224 67.1067 47.5351 62.0797 77.2426 0 71.5401 51.9815 60.0982 75.4814 86.4182 82.7753 56.51 72.7142 76.8565 65.3993 49.228 90.6235 68.7561 63.1077 50.361 97.6175 73.5484 
97.4689 47.2068 65.3349 73.4458 58.6041 51.1964 86.3535 82.6733 92.89099999999999 80.8611 83.2368 59.856 82.5486 82.3544 67.1378 87.96090000000001 83.8801 78.2208 72.5613 93.1609 90.64259999999999 87.6168 67.6271 88.3854 67.4296 54.6755 87.2741 41.7373 75.4909 56.6895 71.5401 0 69.7701 63.4339 74.6882 68.3608 58.0015 79.3025 97.4518 69.4769 93.3449 72.5354 63.5475 52.0081 110.1266 61.2579 73.48 44.4457 
83.9044 47.0531 68.4214 79.2724 41.1407 80.0082 73.2152 77.7099 85.82730000000001 72.6445 77.6506 70.2582 55.0939 51.6215 81.78999999999999 79.843 89.31309999999999 87.0464 85.1348 56.5992 77.363 71.162 48.8173 91.0753 69.3055 60.118 71.8617 60.5876 78.3805 72.0035 51.9815 69.7701 0 50.4591 65.4515 43.9226 72.7577 38.1745 39.7853 46.8013 69.7937 79.7342 67.049 70.0388 80.3398 57.7936 75.7774 49.5386 
69.8851 70.4285 59.68 83.4795 68.1127 75.58850000000001 70.5549 57.3923 49.6917 80.0877 43.1376 66.5335 76.1893 71.0284 46.876 53.8259 76.9317 87.6827 49.1451 68.7437 61.5857 52.5127 73.1935 46.1985 47.8821 89.2815 69.4071 84.08080000000001 70.6656 65.1043 60.0982 63.4339 50.4591 0 39.5953 57.5991 65.6107 61.0592 79.1383 69.2188 66.0416 37.4459 81.1888 43.5924 74.1822 86.7663 44.7017 59.1912 
63.5959 91.7609 44.5012 59.4158 84.0464 43.7688 67.5418 44.6504 42.3282 61.5062 40.4073 42.4586 41.4231 70.9087 86.4713 79.5164 55.7154 61.2474 68.7589 77.6762 24.604 55.6998 71.9867 83.8266 60.3603 66.2711 47.4342 44.4855 66.6677 83.7363 75.4814 74.6882 65.4515 39.5953 0 25.671 92.5223 46.6678 71.7522 98.2516 89.5275 67.865 77.4857 66.0213 96.5965 51.7257 60.0199 79.2002 
75.6612 81.8688 52.0014 64.2202 58.3754 69.43979999999999 64.6066 58.7757 58.8109 45.6608 66.0783 34.1567 55.9515 61.2046 84.0632 54.4769 76.9683 44.936 70.388 87.663 48.8215 47.0861 78.2098 63.6226 50.3656 62.495 62.1886 65.1278 57.2191 59.7899 86.4182 68.3608 43.9226 57.5991 25.671 0 85.2256 31.2081 81.674 80.4858 66.9673 83.6193 70.3315 74.0523 81.1759 71.2103 34.3489 68.9837 
70.4386 64.6182 86.2629 88.736 54.2535 76.4024 81.2747 93.3873 96.6803 55.866 99.9126 68.9243 92.57339999999999 77.1764 93.4435 59.1833 68.2414 41.0153 80.2515 91.0833 69.8563 85.2794 78.1497 53.2558 71.8959 82.9832 77.4015 55.7267 79.6378 65.7926 82.7753 58.0015 72.7577 65.6107 92.5223 85.2256 0 85.8243 86.986 71.1086 88.8952 70.5484 94.7408 55.8167 58.5564 76.2449 82.922 68.9938 
67.848 69.6175 69.3059 90.6511 50.7088 87.2844 79.6819 78.05940000000001 78.1146 61.3619 69.2176 58.8763 68.306 71.0849 55.9894 76.6696 66.0725 53.116 81.1189 75.0018 55.844 50.4635 76.2363 94.83070000000001 61.5149 81.2983 62.2442 57.0944 59.3602 52.8539 56.51 79.3025 38.1745 61.0592 46.6678 31.2081 85.8243 0 70.3888 83.4241 68.4469 67.1233 92.0326 57.0344 72.5031 40.0022 63.0402 56.0339 
63.8505 55.1154 88.2417 77.1052 65.5564 80.7966 53.3284 79.1188 75.4309 71.3038 69.7701 98.6718 67.9029 88.336 71.5271 68.6924 67.8905 69.7758 77.4563 27.2522 81.4797 59.5682 80.6668 64.4745 76.0702 54.2445 90.6871 90.4339 58.4311 87.3729 72.7142 97.4518 39.7853 79.1383 71.7522 81.674 86.986 70.3888 0 86.1758 37.8138 58.3782 79.1375 104.0129 65.6109 52.1255 97.73509999999999 55.8677 
88.5444 43.3793 91.15610000000001 68.9402 66.1766 61.4333 78.1111 99.1507 99.94800000000001 59.7125 90.8352 84.6278 88.2817 80.1537 37.8308 79.0631 62.7835 57.1671 38.3335 59.0155 80.0668 60.5568 87.4946 48.4467 69.6536 91.7658 80.0657 90.6956 92.4745 56.3289 76.8565 69.4769 46.8013 69.2188 98.2516 80.4858 71.1086 83.4241 86.1758 0 75.647 78.978 97.05699999999999 48.7496 50.4548 56.7455 90.89920000000001 57.941 
66.1464 87.0198 74.412 89.0388 75.8871 72.2452 58.761 73.5958 66.9983 65.8543 60.444 96.5437 53.1155 72.3113 93.348 81.1612 74.8589 67.3784 68.5381 30.6449 67.7041 86.22120000000001 63.1974 74.9 94.9604 71.4755 79.0139 99.49549999999999 40.9025 75.6828 65.3993 93.3449 69.7937 66.0416 89.5275 66.9673 88.8952 68.4469 37.8138 75.647 0 90.7041 56.4494 80.7633 86.3333 62.6779 83.8725 71.4999 
58.1924 86.0004 60.983999999999995 72.2369 66.3299 52.3514 69.6993 50.5231 47.7181 57.2124 42.5124 57.0461 78.9663 79.7439 72.0541 44.8962 85.79719999999999 50.982 78.1595 67.7841 74.9139 72.9816 78.6349 54.9784 67.5262 54.6226 49.621 49.4495 90.4606 62.5629 49.228 72.5354 79.7342 37.4459 67.865 83.6193 70.5484 67.1233 58.3782 78.978 90.7041 0 70.7424 69.3352 107.0261 79.8566 57.0869 68.851 
99.9258 53.8812 60.382 51.795 56.0504 63.0914 88.1372 74.4621 74.399 57.392 77.3917 75.2015 74.5735 76.3141 59.9084 62.6099 95.5506 77.3174 60.472 66.73949999999999 87.5464 81.4188 74.7488 86.8497 72.9756 68.1489 86.8502 49.4739 59.6656 91.4268 90.6235 63.5475 67.049 81.1888 77.4857 70.3315 94.7408 92.0326 79.1375 97.05699999999999 56.4494 70.7424 0 70.9391 60.5662 78.7244 67.1808 58.9157 
71.3075 88.53960000000001 88.7504 73.3844 68.2004 60.9361 74.4964 78.6733 74.7564 63.5604 84.5331 85.8195 66.5331 54.9465 86.5804 35.9528 88.6312 75.268 74.7593 99.40629999999999 80.0803 72.577 55.229 78.0938 77.8013 83.3237 54.3045 63.0007 87.227 61.0752 68.7561 52.0081 70.0388 43.5924 66.0213 74.0523 55.8167 57.0344 104.0129 48.7496 80.7633 69.3352 70.9391 0 72.2923 68.3147 77.4205 69.8274 
70.4249 89.8032 98.8903 72.1813 96.3039 94.5574 67.2824 89.2509 71.0133 92.1541 83.7941 66.9471 60.7664 74.79 66.1292 82.1861 52.1667 69.4004 87.2932 84.3612 96.4919 73.6711 79.6012 66.8776 84.3084 72.6091 59.5395 82.8461 66.1871 75.90960000000001 63.1077 110.1266 80.3398 74.1822 96.5965 81.1759 58.5564 72.5031 65.6109 50.4548 86.3333 107.0261 60.5662 72.2923 0 93.7304 56.1992 96.524 
55.7967 50.3157 72.9361 91.708 45.9334 76.5931 64.0926 84.1093 73.6495 61.5683 84.9999 94.18430000000001 68.721 47.1468 84.7668 68.1325 71.3221 82.2936 72.4402 63.3219 67.0761 64.9788 36.6817 79.8074 71.8071 55.071 77.1325 89.2853 79.64840000000001 63.1417 50.361 61.2579 57.7936 86.7663 51.7257 71.2103 76.2449 40.0022 52.1255 56.7455 62.6779 79.8566 78.7244 68.3147 93.7304 0 62.5529 58.9459 
68.601 47.5199 56.479 94.3715 44.6006 78.1248 73.4689 48.2225 59.2951 65.5645 67.6783 65.5456 66.5608 54.23 54.311 85.1026 64.5204 65.1048 80.3636 81.8853 70.0998 59.4284 87.6518 69.6668 84.7145 45.123 63.391 57.5187 78.2385 90.3557 97.6175 73.48 75.7774 44.7017 60.0199 34.3489 82.922 63.0402 97.73509999999999 90.89920000000001 83.8725 57.0869 67.1808 77.4205 56.1992 62.5529 0 64.2156 
95.8176 45.7505 73.2632 68.3875 19.7533 69.281 98.1918 41.6872 73.3102 69.5614 78.8173 76.8923 76.1229 66.4166 84.6685 75.1237 91.3328 57.772 64.9948 66.7015 85.246 87.4037 53.699 92.9469 83.173 72.1963 67.5532 74.32639999999999 96.886 56.7202 73.5484 44.4457 49.5386 59.1912 79.2002 68.9837 68.9938 56.0339 55.8677 57.941 71.4999 68.851 58.9157 69.8274 96.524 58.9459 64.2156 0 
