11
8 9 10 12 14 23 26 27 28 37 0
0 71.1315 79.108 98.5946 81.7674 61.7748 84.1187 51.795 61.5521 42.8657 79.0654 
71.1315 0 62.3669 79.49549999999999 49.2789 53.3369 84.8559 88.62870000000001 81.6945 36.1963 37.4044 
79.108 62.3669 0 77.066 89.15780000000001 34.7909 94.4186 51.3361 60.8099 36.2423 42.1168 
98.5946 79.49549999999999 77.066 0 86.2218 53.7237 55.2809 56.4415 45.5436 86.03 62.3694 
81.7674 49.2789 89.15780000000001 86.2218 0 84.1988 92.218 97.3753 48.7335 65.2936 63.2225 
61.7748 53.3369 34.7909 53.7237 84.1988 0 82.58250000000001 36.7944 57.6189 53.6669 54.4733 
84.1187 84.8559 94.4186 55.2809 92.218 82.58250000000001 0 90.2101 96.7884 85.0418 75.8248 
51.795 88.62870000000001 51.3361 56.4415 97.3753 36.7944 90.2101 0 78.9281 68.9806 74.3168 
61.5521 81.6945 60.8099 45.5436 48.7335 57.6189 96.7884 78.9281 0 75.79990000000001 95.5018 
42.8657 36.1963 36.2423 86.03 65.2936 53.6669 85.0418 68.9806 75.79990000000001 0 55.7712 
79.0654 37.4044 42.1168 62.3694 63.2225 54.4733 75.8248 74.3168 95.5018 55.7712 0 
