26
2 3 4 5 6 7 8 9 10 11 12 13 14 15 16 17 18 19 20 21 22 23 24 25 26 1
0 272.0 696.0 566.0 571.0 539.0 451.0 921.0 746.0 804.0 772.0 839.0 862.0 524.0 1008.0 780.0 790.0 488.0 675.0 697.0 922.0 608.0 276.0 696.0 718.0 152.0 
272.0 0 968.0 668.0 673.0 684.0 179.0 943.0 1007.0 686.0 899.0 1100.0 1007.0 715.0 1153.0 1043.0 829.0 370.0 403.0 799.0 1049.0 735.0 378.0 668.0 863.0 297.0 
696.0 968.0 0 836.0 756.0 786.0 970.0 1185.0 1360.0 1181.0 943.0 1269.0 733.0 827.0 1064.0 1285.0 1165.0 1161.0 1286.0 395.0 1062.0 1070.0 972.0 1181.0 1014.0 848.0 
566.0 668.0 836.0 0 587.0 815.0 762.0 813.0 988.0 447.0 571.0 897.0 492.0 873.0 500.0 922.0 931.0 680.0 680.0 441.0 544.0 506.0 672.0 1092.0 1003.0 463.0 
571.0 673.0 756.0 587.0 0 752.0 852.0 1159.0 1317.0 888.0 984.0 1310.0 1075.0 793.0 815.0 1237.0 1131.0 995.0 1037.0 361.0 1131.0 821.0 677.0 1097.0 980.0 723.0 
539.0 684.0 786.0 815.0 752.0 0 722.0 637.0 812.0 865.0 852.0 905.0 323.0 807.0 469.0 686.0 379.0 723.0 965.0 391.0 937.0 688.0 754.0 1020.0 283.0 387.0 
451.0 179.0 970.0 762.0 852.0 722.0 0 927.0 1027.0 507.0 896.0 1120.0 953.0 740.0 990.0 1098.0 869.0 191.0 582.0 931.0 1041.0 732.0 557.0 693.0 782.0 476.0 
921.0 943.0 1185.0 813.0 1159.0 637.0 927.0 0 175.0 600.0 242.0 268.0 960.0 453.0 688.0 323.0 925.0 916.0 944.0 798.0 367.0 406.0 963.0 932.0 723.0 862.0 
746.0 1007.0 1360.0 988.0 1317.0 812.0 1027.0 175.0 0 775.0 417.0 93.0 909.0 628.0 789.0 498.0 1026.0 1091.0 847.0 973.0 468.0 581.0 940.0 757.0 617.0 898.0 
804.0 686.0 1181.0 447.0 888.0 865.0 507.0 600.0 775.0 0 582.0 868.0 682.0 486.0 520.0 923.0 1240.0 316.0 691.0 786.0 967.0 746.0 1019.0 1177.0 662.0 652.0 
772.0 899.0 943.0 571.0 984.0 852.0 896.0 242.0 417.0 582.0 0 326.0 957.0 695.0 644.0 565.0 1036.0 898.0 815.0 838.0 478.0 164.0 790.0 1174.0 661.0 620.0 
839.0 1100.0 1269.0 897.0 1310.0 905.0 1120.0 268.0 93.0 868.0 326.0 0 1002.0 721.0 882.0 591.0 1119.0 1184.0 940.0 1066.0 561.0 490.0 847.0 850.0 710.0 946.0 
862.0 1007.0 733.0 492.0 1075.0 323.0 953.0 960.0 909.0 682.0 957.0 1002.0 0 1130.0 733.0 1009.0 702.0 998.0 978.0 714.0 1036.0 998.0 1077.0 1343.0 606.0 710.0 
524.0 715.0 827.0 873.0 793.0 807.0 740.0 453.0 628.0 486.0 695.0 721.0 1130.0 0 1006.0 776.0 1186.0 756.0 768.0 432.0 820.0 859.0 787.0 1207.0 986.0 420.0 
1008.0 1153.0 1064.0 500.0 815.0 469.0 990.0 688.0 789.0 520.0 644.0 882.0 733.0 1006.0 0 990.0 848.0 836.0 753.0 669.0 805.0 491.0 1004.0 1489.0 752.0 856.0 
780.0 1043.0 1285.0 922.0 1237.0 686.0 1098.0 323.0 498.0 923.0 565.0 591.0 1009.0 776.0 990.0 0 1065.0 1082.0 1032.0 897.0 690.0 729.0 918.0 695.0 963.0 746.0 
790.0 829.0 1165.0 931.0 1131.0 379.0 869.0 925.0 1026.0 1240.0 1036.0 1119.0 702.0 1186.0 848.0 1065.0 0 1060.0 1041.0 770.0 558.0 872.0 773.0 1316.0 662.0 766.0 
488.0 370.0 1161.0 680.0 995.0 723.0 191.0 916.0 1091.0 316.0 898.0 1184.0 998.0 756.0 836.0 1082.0 1060.0 0 773.0 788.0 1060.0 746.0 703.0 884.0 897.0 336.0 
675.0 403.0 1286.0 680.0 1037.0 965.0 582.0 944.0 847.0 691.0 815.0 940.0 978.0 768.0 753.0 1032.0 1041.0 773.0 0 891.0 955.0 956.0 781.0 853.0 1248.0 700.0 
697.0 799.0 395.0 441.0 361.0 391.0 931.0 798.0 973.0 786.0 838.0 1066.0 714.0 432.0 669.0 897.0 770.0 788.0 891.0 0 985.0 675.0 803.0 1010.0 619.0 778.0 
922.0 1049.0 1062.0 544.0 1131.0 937.0 1041.0 367.0 468.0 967.0 478.0 561.0 1036.0 820.0 805.0 690.0 558.0 1060.0 955.0 985.0 0 314.0 945.0 1225.0 811.0 770.0 
608.0 735.0 1070.0 506.0 821.0 688.0 732.0 406.0 581.0 746.0 164.0 490.0 998.0 859.0 491.0 729.0 872.0 746.0 956.0 675.0 314.0 0 823.0 1304.0 497.0 456.0 
276.0 378.0 972.0 672.0 677.0 754.0 557.0 963.0 940.0 1019.0 790.0 847.0 1077.0 787.0 1004.0 918.0 773.0 703.0 781.0 803.0 945.0 823.0 0 802.0 933.0 367.0 
696.0 668.0 1181.0 1092.0 1097.0 1020.0 693.0 932.0 757.0 1177.0 1174.0 850.0 1343.0 1207.0 1489.0 695.0 1316.0 884.0 853.0 1010.0 1225.0 1304.0 802.0 0 1303.0 848.0 
718.0 863.0 1014.0 1003.0 980.0 283.0 782.0 723.0 617.0 662.0 661.0 710.0 606.0 986.0 752.0 963.0 662.0 897.0 1248.0 619.0 811.0 497.0 933.0 1303.0 0 566.0 
152.0 297.0 848.0 463.0 723.0 387.0 476.0 862.0 898.0 652.0 620.0 946.0 710.0 420.0 856.0 746.0 766.0 336.0 700.0 778.0 770.0 456.0 367.0 848.0 566.0 0 
