51
2 3 4 5 6 7 8 9 10 11 12 13 14 15 16 17 18 19 20 21 22 23 24 25 26 27 28 29 30 31 32 33 34 35 36 37 38 39 40 41 42 43 44 45 46 47 48 49 50 51 1
0 797.0 798.0 618.0 723.0 1035.0 904.0 678.0 1131.0 947.0 738.0 917.0 759.0 203.0 1105.0 337.0 652.0 601.0 765.0 818.0 846.0 692.0 730.0 1037.0 788.0 733.0 806.0 584.0 1098.0 325.0 964.0 968.0 1100.0 679.0 851.0 1086.0 725.0 699.0 683.0 800.0 669.0 869.0 876.0 881.0 836.0 1167.0 977.0 458.0 959.0 668.0 292.0 
797.0 0 555.0 446.0 551.0 758.0 967.0 900.0 386.0 843.0 643.0 631.0 883.0 837.0 308.0 523.0 241.0 661.0 815.0 1000.0 748.0 736.0 783.0 327.0 811.0 625.0 395.0 654.0 704.0 664.0 531.0 562.0 707.0 181.0 685.0 767.0 729.0 220.0 763.0 570.0 983.0 709.0 475.0 724.0 816.0 669.0 566.0 935.0 720.0 757.0 818.0 
798.0 555.0 0 887.0 856.0 1182.0 670.0 780.0 855.0 1158.0 555.0 815.0 718.0 595.0 582.0 629.0 314.0 798.0 607.0 779.0 447.0 916.0 856.0 239.0 582.0 698.0 468.0 540.0 517.0 768.0 603.0 354.0 499.0 403.0 575.0 880.0 675.0 361.0 462.0 792.0 631.0 589.0 548.0 832.0 464.0 607.0 639.0 842.0 165.0 704.0 1063.0 
618.0 446.0 887.0 0 105.0 1204.0 932.0 679.0 673.0 1210.0 467.0 727.0 924.0 415.0 754.0 826.0 650.0 984.0 530.0 975.0 575.0 837.0 942.0 773.0 933.0 934.0 793.0 796.0 926.0 588.0 578.0 783.0 928.0 561.0 312.0 914.0 1026.0 666.0 729.0 950.0 881.0 750.0 884.0 892.0 1048.0 997.0 975.0 670.0 1052.0 627.0 883.0 
723.0 551.0 856.0 105.0 0 1206.0 827.0 648.0 642.0 1223.0 572.0 832.0 893.0 520.0 702.0 782.0 725.0 1089.0 425.0 944.0 680.0 838.0 1047.0 878.0 916.0 903.0 762.0 776.0 895.0 693.0 473.0 678.0 823.0 666.0 281.0 1019.0 1096.0 771.0 698.0 1055.0 829.0 719.0 804.0 997.0 996.0 1102.0 1050.0 775.0 1021.0 522.0 988.0 
1035.0 758.0 1182.0 1204.0 1206.0 0 1097.0 880.0 1144.0 1126.0 1228.0 1387.0 863.0 840.0 940.0 1183.0 868.0 707.0 1013.0 1232.0 1245.0 1243.0 942.0 959.0 1176.0 1155.0 925.0 859.0 1234.0 710.0 733.0 982.0 1127.0 939.0 1127.0 1281.0 831.0 915.0 1068.0 1328.0 1207.0 689.0 634.0 1012.0 1271.0 1320.0 1193.0 1095.0 1234.0 916.0 921.0 
904.0 967.0 670.0 932.0 827.0 1097.0 0 982.0 986.0 1009.0 605.0 865.0 1038.0 701.0 1180.0 796.0 726.0 882.0 402.0 855.0 497.0 836.0 898.0 837.0 949.0 806.0 576.0 753.0 709.0 593.0 904.0 655.0 800.0 815.0 625.0 964.0 910.0 773.0 512.0 792.0 806.0 864.0 590.0 751.0 968.0 919.0 970.0 836.0 835.0 499.0 1169.0 
678.0 900.0 780.0 679.0 648.0 880.0 982.0 0 728.0 1101.0 441.0 701.0 365.0 854.0 829.0 711.0 737.0 695.0 761.0 885.0 485.0 924.0 930.0 841.0 688.0 909.0 838.0 1112.0 971.0 764.0 875.0 1014.0 1159.0 803.0 367.0 876.0 781.0 784.0 700.0 1167.0 709.0 191.0 787.0 592.0 838.0 907.0 582.0 737.0 945.0 686.0 386.0 
1131.0 386.0 855.0 673.0 642.0 1144.0 986.0 728.0 0 581.0 834.0 1017.0 973.0 1088.0 694.0 794.0 541.0 1025.0 777.0 908.0 763.0 918.0 1083.0 713.0 1197.0 724.0 695.0 1040.0 894.0 988.0 899.0 833.0 885.0 452.0 361.0 1153.0 1029.0 588.0 778.0 526.0 1181.0 799.0 775.0 995.0 1132.0 940.0 866.0 1237.0 1020.0 680.0 1053.0 
947.0 843.0 1158.0 1210.0 1223.0 1126.0 1009.0 1101.0 581.0 0 1303.0 1334.0 1163.0 795.0 937.0 1159.0 844.0 644.0 1315.0 1032.0 1195.0 1155.0 1244.0 956.0 1127.0 1024.0 913.0 1176.0 1189.0 622.0 1055.0 1304.0 1340.0 933.0 942.0 1055.0 768.0 891.0 980.0 983.0 1261.0 989.0 936.0 1178.0 1277.0 1257.0 519.0 1050.0 1323.0 1218.0 953.0 
738.0 643.0 555.0 467.0 572.0 1228.0 605.0 441.0 834.0 1303.0 0 260.0 528.0 854.0 785.0 840.0 615.0 715.0 671.0 600.0 108.0 513.0 1059.0 794.0 498.0 691.0 461.0 1014.0 594.0 681.0 941.0 909.0 997.0 704.0 473.0 479.0 591.0 662.0 323.0 963.0 815.0 539.0 849.0 894.0 648.0 530.0 826.0 856.0 720.0 768.0 821.0 
917.0 631.0 815.0 727.0 832.0 1387.0 865.0 701.0 1017.0 1334.0 260.0 0 788.0 851.0 525.0 580.0 872.0 929.0 702.0 860.0 368.0 773.0 1127.0 868.0 758.0 951.0 721.0 1053.0 542.0 712.0 1162.0 955.0 1100.0 812.0 710.0 739.0 851.0 851.0 354.0 1201.0 807.0 776.0 1013.0 982.0 873.0 790.0 1086.0 596.0 980.0 799.0 815.0 
759.0 883.0 718.0 924.0 893.0 863.0 1038.0 365.0 973.0 1163.0 528.0 788.0 0 810.0 1191.0 422.0 720.0 750.0 744.0 730.0 636.0 1041.0 913.0 957.0 533.0 818.0 874.0 950.0 960.0 747.0 858.0 997.0 1142.0 764.0 612.0 831.0 626.0 767.0 851.0 1135.0 344.0 174.0 770.0 575.0 511.0 1058.0 947.0 555.0 883.0 809.0 751.0 
203.0 837.0 595.0 415.0 520.0 840.0 701.0 854.0 1088.0 795.0 854.0 851.0 810.0 0 1051.0 540.0 743.0 569.0 562.0 615.0 746.0 489.0 527.0 834.0 631.0 909.0 679.0 381.0 946.0 173.0 812.0 815.0 897.0 832.0 727.0 929.0 693.0 790.0 531.0 981.0 466.0 746.0 724.0 729.0 633.0 1036.0 1019.0 255.0 756.0 465.0 468.0 
1105.0 308.0 582.0 754.0 702.0 940.0 1180.0 829.0 694.0 937.0 785.0 525.0 1191.0 1051.0 0 831.0 549.0 969.0 1019.0 1016.0 893.0 1044.0 1091.0 343.0 705.0 847.0 617.0 670.0 926.0 972.0 714.0 766.0 727.0 489.0 979.0 661.0 951.0 528.0 879.0 878.0 877.0 1017.0 783.0 1032.0 710.0 723.0 874.0 1088.0 747.0 1011.0 1126.0 
337.0 523.0 629.0 826.0 782.0 1183.0 796.0 711.0 794.0 1159.0 840.0 580.0 422.0 540.0 831.0 0 315.0 799.0 884.0 971.0 822.0 897.0 627.0 850.0 767.0 396.0 469.0 921.0 778.0 662.0 673.0 631.0 776.0 342.0 514.0 1065.0 803.0 362.0 612.0 713.0 766.0 596.0 549.0 697.0 917.0 830.0 640.0 795.0 794.0 831.0 490.0 
652.0 241.0 314.0 650.0 725.0 868.0 726.0 737.0 541.0 844.0 615.0 872.0 720.0 743.0 549.0 315.0 0 484.0 613.0 838.0 507.0 644.0 542.0 553.0 762.0 384.0 154.0 852.0 463.0 785.0 358.0 470.0 537.0 89.0 444.0 861.0 488.0 47.0 522.0 478.0 779.0 546.0 234.0 632.0 612.0 577.0 325.0 755.0 479.0 516.0 793.0 
601.0 661.0 798.0 984.0 1089.0 707.0 882.0 695.0 1025.0 644.0 715.0 929.0 750.0 569.0 969.0 799.0 484.0 0 671.0 680.0 811.0 1058.0 600.0 988.0 483.0 688.0 458.0 588.0 767.0 613.0 636.0 869.0 724.0 573.0 893.0 574.0 124.0 531.0 826.0 960.0 800.0 658.0 292.0 989.0 633.0 613.0 809.0 660.0 963.0 574.0 309.0 
765.0 815.0 607.0 530.0 425.0 1013.0 402.0 761.0 777.0 1315.0 671.0 702.0 744.0 562.0 1019.0 884.0 613.0 671.0 0 765.0 563.0 973.0 687.0 676.0 721.0 721.0 491.0 351.0 539.0 706.0 502.0 253.0 398.0 634.0 416.0 788.0 795.0 660.0 348.0 993.0 404.0 570.0 379.0 963.0 571.0 985.0 885.0 615.0 726.0 97.0 966.0 
818.0 1000.0 779.0 975.0 944.0 1232.0 855.0 885.0 908.0 1032.0 600.0 860.0 730.0 615.0 1016.0 971.0 838.0 680.0 765.0 0 708.0 1011.0 960.0 1012.0 463.0 722.0 792.0 414.0 483.0 728.0 906.0 1018.0 1163.0 927.0 663.0 562.0 556.0 885.0 923.0 967.0 780.0 904.0 972.0 977.0 613.0 992.0 513.0 870.0 750.0 841.0 959.0 
846.0 748.0 447.0 575.0 680.0 1245.0 497.0 485.0 763.0 1195.0 108.0 368.0 636.0 746.0 893.0 822.0 507.0 811.0 563.0 708.0 0 621.0 951.0 686.0 606.0 583.0 353.0 914.0 486.0 573.0 865.0 801.0 946.0 596.0 402.0 587.0 687.0 554.0 215.0 855.0 912.0 556.0 741.0 843.0 745.0 422.0 747.0 843.0 612.0 660.0 838.0 
692.0 736.0 916.0 837.0 838.0 1243.0 836.0 924.0 918.0 1155.0 513.0 773.0 1041.0 489.0 1044.0 897.0 644.0 1058.0 973.0 1011.0 621.0 0 1016.0 993.0 1011.0 1028.0 798.0 870.0 863.0 533.0 987.0 738.0 593.0 555.0 557.0 992.0 1104.0 691.0 836.0 944.0 955.0 995.0 878.0 1089.0 1122.0 1043.0 969.0 744.0 1081.0 876.0 957.0 
730.0 783.0 856.0 942.0 1047.0 942.0 898.0 930.0 1083.0 1244.0 1059.0 1127.0 913.0 527.0 1091.0 627.0 542.0 600.0 687.0 960.0 951.0 1016.0 0 1095.0 1020.0 828.0 598.0 546.0 907.0 700.0 882.0 940.0 1062.0 631.0 909.0 958.0 724.0 589.0 966.0 1020.0 993.0 739.0 308.0 670.0 929.0 1119.0 867.0 782.0 921.0 590.0 909.0 
1037.0 327.0 239.0 773.0 878.0 959.0 837.0 841.0 713.0 956.0 794.0 868.0 957.0 834.0 343.0 850.0 553.0 988.0 676.0 1012.0 686.0 993.0 1095.0 0 821.0 937.0 707.0 689.0 756.0 895.0 672.0 423.0 568.0 508.0 814.0 1004.0 914.0 547.0 701.0 897.0 870.0 828.0 787.0 967.0 703.0 742.0 878.0 1081.0 404.0 773.0 1145.0 
788.0 811.0 582.0 933.0 916.0 1176.0 949.0 688.0 1197.0 1127.0 498.0 758.0 533.0 631.0 705.0 767.0 762.0 483.0 721.0 463.0 606.0 1011.0 1020.0 821.0 0 923.0 693.0 874.0 693.0 804.0 443.0 692.0 837.0 851.0 921.0 298.0 359.0 754.0 821.0 1061.0 317.0 707.0 775.0 713.0 150.0 795.0 834.0 528.0 747.0 818.0 496.0 
733.0 625.0 698.0 934.0 903.0 1155.0 806.0 909.0 724.0 1024.0 691.0 951.0 818.0 909.0 847.0 396.0 384.0 688.0 721.0 722.0 583.0 1028.0 828.0 937.0 923.0 0 230.0 928.0 539.0 956.0 742.0 854.0 921.0 473.0 622.0 1021.0 564.0 431.0 598.0 317.0 1042.0 724.0 618.0 606.0 996.0 750.0 505.0 831.0 863.0 624.0 886.0 
806.0 395.0 468.0 793.0 762.0 925.0 576.0 838.0 695.0 913.0 461.0 721.0 874.0 679.0 617.0 469.0 154.0 458.0 491.0 792.0 353.0 798.0 598.0 707.0 693.0 230.0 0 698.0 309.0 726.0 512.0 624.0 691.0 243.0 481.0 916.0 334.0 201.0 368.0 502.0 812.0 700.0 388.0 742.0 766.0 731.0 394.0 601.0 633.0 394.0 721.0 
584.0 654.0 540.0 796.0 776.0 859.0 753.0 1112.0 1040.0 1176.0 1014.0 1053.0 950.0 381.0 670.0 921.0 852.0 588.0 351.0 414.0 914.0 870.0 546.0 689.0 874.0 928.0 698.0 0 890.0 554.0 853.0 604.0 749.0 835.0 746.0 976.0 712.0 874.0 699.0 683.0 606.0 921.0 709.0 1110.0 773.0 1069.0 927.0 636.0 375.0 427.0 849.0 
1098.0 704.0 517.0 926.0 895.0 1234.0 709.0 971.0 894.0 1189.0 594.0 542.0 960.0 946.0 926.0 778.0 463.0 767.0 539.0 483.0 486.0 863.0 907.0 756.0 693.0 539.0 309.0 890.0 0 773.0 821.0 792.0 937.0 552.0 614.0 991.0 643.0 510.0 501.0 811.0 943.0 876.0 697.0 861.0 843.0 908.0 703.0 816.0 682.0 636.0 1030.0 
325.0 664.0 768.0 588.0 693.0 710.0 593.0 764.0 988.0 622.0 681.0 712.0 747.0 173.0 972.0 662.0 785.0 613.0 706.0 728.0 573.0 533.0 700.0 895.0 804.0 956.0 726.0 554.0 773.0 0 639.0 888.0 906.0 767.0 627.0 971.0 737.0 832.0 358.0 1125.0 639.0 573.0 551.0 556.0 806.0 995.0 1110.0 428.0 929.0 638.0 617.0 
964.0 531.0 603.0 578.0 473.0 733.0 904.0 875.0 899.0 1055.0 941.0 1162.0 858.0 812.0 714.0 673.0 358.0 636.0 502.0 906.0 865.0 987.0 882.0 672.0 443.0 742.0 512.0 853.0 821.0 639.0 0 249.0 394.0 447.0 754.0 598.0 760.0 311.0 850.0 836.0 760.0 684.0 574.0 959.0 593.0 935.0 683.0 971.0 768.0 599.0 939.0 
968.0 562.0 354.0 783.0 678.0 982.0 655.0 1014.0 833.0 1304.0 909.0 955.0 997.0 815.0 766.0 631.0 470.0 869.0 253.0 1018.0 801.0 738.0 940.0 423.0 692.0 854.0 624.0 604.0 792.0 888.0 249.0 0 145.0 381.0 669.0 847.0 958.0 517.0 601.0 770.0 657.0 823.0 632.0 710.0 818.0 869.0 795.0 868.0 519.0 350.0 1121.0 
1100.0 707.0 499.0 928.0 823.0 1127.0 800.0 1159.0 885.0 1340.0 997.0 1100.0 1142.0 897.0 727.0 776.0 537.0 724.0 398.0 1163.0 946.0 593.0 1062.0 568.0 837.0 921.0 691.0 749.0 937.0 906.0 394.0 145.0 0 526.0 814.0 992.0 848.0 490.0 746.0 915.0 802.0 968.0 771.0 855.0 963.0 1014.0 862.0 1013.0 664.0 495.0 1033.0 
679.0 181.0 403.0 561.0 666.0 939.0 815.0 803.0 452.0 933.0 704.0 812.0 764.0 832.0 489.0 342.0 89.0 573.0 634.0 927.0 596.0 555.0 631.0 508.0 851.0 473.0 243.0 835.0 552.0 767.0 447.0 381.0 526.0 0 533.0 948.0 577.0 136.0 611.0 389.0 868.0 612.0 323.0 543.0 701.0 488.0 414.0 844.0 568.0 605.0 832.0 
851.0 685.0 575.0 312.0 281.0 1127.0 625.0 367.0 361.0 942.0 473.0 710.0 612.0 727.0 979.0 514.0 444.0 893.0 416.0 663.0 402.0 557.0 909.0 814.0 921.0 622.0 481.0 746.0 614.0 627.0 754.0 669.0 814.0 533.0 0 920.0 815.0 491.0 417.0 874.0 820.0 438.0 601.0 839.0 771.0 824.0 769.0 876.0 740.0 319.0 720.0 
1086.0 767.0 880.0 914.0 1019.0 1281.0 964.0 876.0 1153.0 1055.0 479.0 739.0 831.0 929.0 661.0 1065.0 861.0 574.0 788.0 562.0 587.0 992.0 958.0 1004.0 298.0 1021.0 916.0 976.0 991.0 971.0 598.0 847.0 992.0 948.0 920.0 0 657.0 908.0 802.0 1337.0 615.0 816.0 650.0 415.0 448.0 1009.0 536.0 826.0 1045.0 691.0 794.0 
725.0 729.0 675.0 1026.0 1096.0 831.0 910.0 781.0 1029.0 768.0 591.0 851.0 626.0 693.0 951.0 803.0 488.0 124.0 795.0 556.0 687.0 1104.0 724.0 914.0 359.0 564.0 334.0 712.0 643.0 737.0 760.0 958.0 848.0 577.0 815.0 657.0 0 535.0 702.0 836.0 676.0 782.0 416.0 1072.0 509.0 489.0 728.0 784.0 840.0 698.0 433.0 
699.0 220.0 361.0 666.0 771.0 915.0 773.0 784.0 588.0 891.0 662.0 851.0 767.0 790.0 528.0 362.0 47.0 531.0 660.0 885.0 554.0 691.0 589.0 547.0 754.0 431.0 201.0 874.0 510.0 832.0 311.0 517.0 490.0 136.0 491.0 908.0 535.0 0 569.0 525.0 826.0 593.0 281.0 679.0 659.0 624.0 372.0 733.0 526.0 563.0 840.0 
683.0 763.0 462.0 729.0 698.0 1068.0 512.0 700.0 778.0 980.0 323.0 354.0 851.0 531.0 879.0 612.0 522.0 826.0 348.0 923.0 215.0 836.0 966.0 701.0 821.0 598.0 368.0 699.0 501.0 358.0 850.0 601.0 746.0 611.0 417.0 802.0 702.0 569.0 0 870.0 752.0 697.0 727.0 628.0 709.0 637.0 762.0 628.0 627.0 445.0 781.0 
800.0 570.0 792.0 950.0 1055.0 1328.0 792.0 1167.0 526.0 983.0 963.0 1201.0 1135.0 981.0 878.0 713.0 478.0 960.0 993.0 967.0 855.0 944.0 1020.0 897.0 1061.0 317.0 502.0 683.0 811.0 1125.0 836.0 770.0 915.0 389.0 874.0 1337.0 836.0 525.0 870.0 0 937.0 976.0 712.0 923.0 1090.0 877.0 803.0 726.0 957.0 896.0 1077.0 
669.0 983.0 631.0 881.0 829.0 1207.0 806.0 709.0 1181.0 1261.0 815.0 807.0 344.0 466.0 877.0 766.0 779.0 800.0 404.0 780.0 912.0 955.0 993.0 870.0 317.0 1042.0 812.0 606.0 943.0 639.0 760.0 657.0 802.0 868.0 820.0 615.0 676.0 826.0 752.0 937.0 0 518.0 733.0 758.0 167.0 1072.0 1104.0 211.0 796.0 501.0 562.0 
869.0 709.0 589.0 750.0 719.0 689.0 864.0 191.0 799.0 989.0 539.0 776.0 174.0 746.0 1017.0 596.0 546.0 658.0 570.0 904.0 556.0 995.0 739.0 828.0 707.0 724.0 700.0 921.0 876.0 573.0 684.0 823.0 968.0 612.0 438.0 816.0 782.0 593.0 697.0 976.0 518.0 0 596.0 401.0 660.0 978.0 773.0 729.0 754.0 635.0 577.0 
876.0 475.0 548.0 884.0 804.0 634.0 590.0 787.0 775.0 936.0 849.0 1013.0 770.0 724.0 783.0 549.0 234.0 292.0 379.0 972.0 741.0 878.0 308.0 787.0 775.0 618.0 388.0 709.0 697.0 551.0 574.0 632.0 771.0 323.0 601.0 650.0 416.0 281.0 727.0 712.0 733.0 596.0 0 866.0 846.0 811.0 559.0 522.0 713.0 282.0 601.0 
881.0 724.0 832.0 892.0 997.0 1012.0 751.0 592.0 995.0 1178.0 894.0 982.0 575.0 729.0 1032.0 697.0 632.0 989.0 963.0 977.0 843.0 1089.0 670.0 967.0 713.0 606.0 742.0 1110.0 861.0 556.0 959.0 710.0 855.0 543.0 839.0 415.0 1072.0 679.0 628.0 923.0 758.0 401.0 866.0 0 591.0 758.0 951.0 969.0 997.0 1036.0 803.0 
836.0 816.0 464.0 1048.0 996.0 1271.0 968.0 838.0 1132.0 1277.0 648.0 873.0 511.0 633.0 710.0 917.0 612.0 633.0 571.0 613.0 745.0 1122.0 929.0 703.0 150.0 996.0 766.0 773.0 843.0 806.0 593.0 818.0 963.0 701.0 771.0 448.0 509.0 659.0 709.0 1090.0 167.0 660.0 846.0 591.0 0 905.0 937.0 378.0 629.0 668.0 646.0 
1167.0 669.0 607.0 997.0 1102.0 1320.0 919.0 907.0 940.0 1257.0 530.0 790.0 1058.0 1036.0 723.0 830.0 577.0 613.0 985.0 992.0 422.0 1043.0 1119.0 742.0 795.0 750.0 731.0 1069.0 908.0 995.0 935.0 869.0 1014.0 488.0 824.0 1009.0 489.0 624.0 637.0 877.0 1072.0 978.0 811.0 758.0 905.0 0 902.0 1056.0 772.0 1082.0 922.0 
977.0 566.0 639.0 975.0 1050.0 1193.0 970.0 582.0 866.0 519.0 826.0 1086.0 947.0 1019.0 874.0 640.0 325.0 809.0 885.0 513.0 747.0 969.0 867.0 878.0 834.0 505.0 394.0 927.0 703.0 1110.0 683.0 795.0 862.0 414.0 769.0 536.0 728.0 372.0 762.0 803.0 1104.0 773.0 559.0 951.0 937.0 902.0 0 995.0 804.0 788.0 854.0 
458.0 935.0 842.0 670.0 775.0 1095.0 836.0 737.0 1237.0 1050.0 856.0 596.0 555.0 255.0 1088.0 795.0 755.0 660.0 615.0 870.0 843.0 744.0 782.0 1081.0 528.0 831.0 601.0 636.0 816.0 428.0 971.0 868.0 1013.0 844.0 876.0 826.0 784.0 733.0 628.0 726.0 211.0 729.0 522.0 969.0 378.0 1056.0 995.0 0 1007.0 563.0 351.0 
959.0 720.0 165.0 1052.0 1021.0 1234.0 835.0 945.0 1020.0 1323.0 720.0 980.0 883.0 756.0 747.0 794.0 479.0 963.0 726.0 750.0 612.0 1081.0 921.0 404.0 747.0 863.0 633.0 375.0 682.0 929.0 768.0 519.0 664.0 568.0 740.0 1045.0 840.0 526.0 627.0 957.0 796.0 754.0 713.0 997.0 629.0 772.0 804.0 1007.0 0 802.0 1224.0 
668.0 757.0 704.0 627.0 522.0 916.0 499.0 686.0 680.0 1218.0 768.0 799.0 809.0 465.0 1011.0 831.0 516.0 574.0 97.0 841.0 660.0 876.0 590.0 773.0 818.0 624.0 394.0 427.0 636.0 638.0 599.0 350.0 495.0 605.0 319.0 691.0 698.0 563.0 445.0 896.0 501.0 635.0 282.0 1036.0 668.0 1082.0 788.0 563.0 802.0 0 883.0 
292.0 818.0 1063.0 883.0 988.0 921.0 1169.0 386.0 1053.0 953.0 821.0 815.0 751.0 468.0 1126.0 490.0 793.0 309.0 966.0 959.0 838.0 957.0 909.0 1145.0 496.0 886.0 721.0 849.0 1030.0 617.0 939.0 1121.0 1033.0 832.0 720.0 794.0 433.0 840.0 781.0 1077.0 562.0 577.0 601.0 803.0 646.0 922.0 854.0 351.0 1224.0 883.0 0 
