26
I1I111I lIlllll 1lI11l1 l1IlIII 1IIlIIl 11I1lll l1IlIl1 11IIl1I 11I1Ill lI1l1II I11IIlI IIllIl1 11lI11I IIII1ll lIIIllI lI11l1l 1IlII1I I1I1111 II111I1 IIlIIII lII1I11 III1lII IlllI11 II1I1Il IIlIlI1 IIII1I1
0 0.0020499999999999997 0.0021599999999999996 0.00259 0.0020499999999999997 0.00274 0.0029899999999999996 0.00215 0.00263 0.0026699999999999996 0.00139 0.0014299999999999998 0.00248 0.00212 0.00277 0.0033499999999999997 0.00137 0.0018899999999999998 0.00231 0.002 0.00154 0.00282 0.0018 0.00137 0.00023 0.00134 
0.0020499999999999997 0 0.0019099999999999998 0.00176 0.00243 0.00273 0.0026899999999999997 0.00126 0.0020499999999999997 0.00179 0.00261 0.00248 0.00202 0.0012900000000000001 0.0024000000000000002 0.0031 0.0017599999999999998 0.00202 0.00207 0.00112 0.00276 0.00207 0.00269 0.00139 0.00228 0.0013599999999999999 
0.00216 0.0019099999999999998 0 0.0017400000000000002 0.00101 0.0017 0.0015500000000000002 0.00176 0.00184 0.0023 0.00235 0.00176 0.00181 0.00173 0.00267 0.00119 0.00235 0.00181 0.0012699999999999999 0.00121 0.0025 0.0013700000000000001 0.00188 0.00118 0.00239 0.00115 
0.00259 0.00176 0.00174 0 0.00202 0.00174 0.0025700000000000002 0.0005 0.00234 0.00208 0.00278 0.0023699999999999997 0.0018499999999999999 0.00047 0.00158 0.00213 0.0017499999999999998 0.0019099999999999998 0.00131 0.0014099999999999998 0.00293 0.00037 0.00159 0.0012799999999999999 0.00265 0.00125 
0.0020499999999999997 0.00243 0.00101 0.00202 0 0.00159 0.0025599999999999998 0.00158 0.00236 0.0024 0.00224 0.00219 0.00233 0.00161 0.00184 0.0022 0.00203 0.00173 0.00116 0.00173 0.0023899999999999998 0.00238 0.0017699999999999999 0.0011 0.00184 0.00107 
0.00274 0.00273 0.0017 0.00174 0.00159 0 0.00253 0.0022400000000000002 0.00231 0.00301 0.00293 0.00234 0.0028799999999999997 0.00221 0.00238 0.00289 0.00284 0.00228 0.00185 0.00228 0.00308 0.00211 0.00246 0.00165 0.00297 0.00162 
0.0029899999999999996 0.0026899999999999997 0.0015500000000000002 0.0025700000000000002 0.0025599999999999998 0.00253 0 0.00238 0.00267 0.00266 0.0031799999999999997 0.00259 0.00097 0.00235 0.00346 0.0027400000000000002 0.00318 0.00264 0.0021 0.00199 0.0033299999999999996 0.0022 0.0027099999999999997 0.00201 0.0032199999999999998 0.00198 
0.00215 0.00126 0.0017599999999999998 0.0005 0.00158 0.00224 0.00238 0 0.0019 0.0022 0.00234 0.0019299999999999999 0.00141 3e-05 0.0011400000000000002 0.00263 0.00225 0.00147 0.00087 0.00127 0.00249 0.00087 0.0020900000000000003 0.0008399999999999999 0.00221 0.00081 
0.0026299999999999995 0.0020499999999999997 0.00184 0.00234 0.00236 0.00231 0.00267 0.0019 0 0.00202 0.0028199999999999996 0.00241 0.00195 0.00187 0.00298 0.00303 0.00307 0.00195 0.0027099999999999997 0.00135 0.0029699999999999996 0.0027099999999999997 0.0031999999999999997 0.00132 0.0026899999999999997 0.00129 
0.0026699999999999996 0.00179 0.0023 0.00208 0.0024 0.00301 0.00266 0.0022 0.00202 0 0.0028599999999999997 0.00245 0.00211 0.00217 0.00279 0.00307 0.00281 0.00199 0.00245 0.00109 0.0030099999999999997 0.00245 0.00182 0.00136 0.00279 0.0013900000000000002 
0.00139 0.00261 0.0023499999999999997 0.00278 0.00224 0.00293 0.0031799999999999997 0.00234 0.00282 0.0028599999999999997 0 0.00265 0.00279 0.00231 0.00318 0.0035399999999999997 0.00276 0.00219 0.0025 0.00219 0.00173 0.00301 0.00311 0.00156 0.00162 0.0015300000000000001 
0.0014299999999999998 0.0024799999999999996 0.00176 0.0023699999999999997 0.00219 0.00234 0.00259 0.0019299999999999999 0.00241 0.00245 0.00265 0 0.00197 0.0018999999999999998 0.00178 0.00295 0.0018799999999999997 0.00046 0.00191 0.00178 0.0028 0.0026 0.00171 0.00109 0.0012 0.00112 
0.00248 0.00202 0.00181 0.0018499999999999999 0.0023299999999999996 0.0028799999999999997 0.00097 0.00141 0.00195 0.00211 0.00279 0.00197 0 0.00138 0.00249 0.003 0.00233 0.0019199999999999998 0.00201 0.00102 0.00294 0.0022199999999999998 0.00254 0.00129 0.00266 0.0012599999999999998 
0.00212 0.0012900000000000001 0.00173 0.00047 0.00161 0.00221 0.00235 3e-05 0.00187 0.00217 0.00231 0.0018999999999999998 0.00138 0 0.00111 0.0026 0.0022199999999999998 0.0014399999999999999 0.0009 0.00124 0.00246 0.00084 0.00206 0.00081 0.00218 0.00078 
0.00277 0.0024000000000000002 0.00267 0.00158 0.00184 0.00238 0.00346 0.0011400000000000002 0.00298 0.00279 0.00318 0.00178 0.00249 0.00111 0 0.0037099999999999998 0.00144 0.00132 0.00195 0.00235 0.00333 0.00195 0.00097 0.00192 0.00258 0.00189 
0.0033499999999999997 0.0031000000000000003 0.00119 0.00213 0.0022 0.00289 0.0027400000000000002 0.00263 0.00303 0.00307 0.0035399999999999997 0.00295 0.0029999999999999996 0.0026 0.0037099999999999998 0 0.00354 0.003 0.00246 0.0024 0.0036899999999999997 0.0025 0.00307 0.00237 0.00358 0.00234 
0.00137 0.0017599999999999998 0.00235 0.0017499999999999998 0.00203 0.00284 0.00318 0.00225 0.00307 0.00281 0.00276 0.0018799999999999997 0.00233 0.0022199999999999998 0.00144 0.00354 0 0.0014199999999999998 0.00306 0.00214 0.00291 0.00212 0.00153 0.0020499999999999997 0.00114 0.00208 
0.00189 0.00202 0.00181 0.0019099999999999998 0.00173 0.00228 0.00264 0.00147 0.00195 0.00199 0.00219 0.00046 0.0019199999999999998 0.0014399999999999999 0.00132 0.003 0.0014199999999999998 0 0.00228 0.00132 0.00234 0.00214 0.00141 0.00063 0.00166 0.00066 
0.00231 0.00207 0.0012699999999999999 0.00131 0.00116 0.00185 0.0021 0.00087 0.0027099999999999997 0.00245 0.0025 0.00191 0.00201 0.0009 0.00195 0.00246 0.00306 0.00228 0 0.00162 0.00265 0.00168 0.00203 0.00165 0.00254 0.00162 
0.002 0.00112 0.00121 0.0014099999999999998 0.00173 0.00228 0.00199 0.00127 0.00135 0.00109 0.00219 0.00178 0.00102 0.00124 0.00235 0.0024 0.00214 0.00132 0.00162 0 0.00234 0.00178 0.00257 0.00069 0.00206 0.00066 
0.00154 0.00276 0.0024999999999999996 0.00293 0.0023899999999999998 0.00308 0.0033299999999999996 0.00249 0.00297 0.0030099999999999997 0.00173 0.0028 0.00294 0.00246 0.00333 0.0036899999999999997 0.00291 0.00234 0.00265 0.00234 0 0.0032199999999999998 0.00326 0.00171 0.0017699999999999999 0.00168 
0.00282 0.00207 0.0013700000000000001 0.00037 0.00238 0.00211 0.0022 0.00087 0.0027099999999999997 0.00245 0.00301 0.0026 0.0022199999999999998 0.00084 0.0019500000000000001 0.0025 0.00212 0.00214 0.00168 0.00178 0.0032199999999999998 0 0.00196 0.00151 0.00288 0.0015400000000000001 
0.0018 0.00269 0.00188 0.00159 0.0017699999999999999 0.00246 0.0027099999999999997 0.0020900000000000003 0.0031999999999999997 0.00182 0.00311 0.00171 0.00254 0.00206 0.00097 0.00307 0.00153 0.00141 0.00203 0.00257 0.00326 0.00196 0 0.00188 0.00203 0.00191 
0.00137 0.00139 0.00118 0.0012799999999999999 0.0011 0.00165 0.00201 0.0008399999999999999 0.00132 0.00136 0.00156 0.00109 0.00129 0.00081 0.00192 0.00237 0.0020499999999999997 0.00063 0.00165 0.00069 0.00171 0.00151 0.00188 0 0.00143 3e-05 
0.00023 0.00228 0.0023899999999999998 0.00265 0.00184 0.00297 0.0032199999999999998 0.00221 0.0026899999999999997 0.00279 0.00162 0.0012 0.0026599999999999996 0.00218 0.00258 0.00358 0.00114 0.00166 0.0025399999999999997 0.0020599999999999998 0.0017699999999999999 0.00288 0.00203 0.00143 0 0.0014 
0.00134 0.0013599999999999999 0.00115 0.00125 0.00107 0.00162 0.00198 0.00081 0.00129 0.0013900000000000002 0.0015300000000000001 0.00112 0.0012599999999999998 0.00078 0.00189 0.00234 0.00208 0.00066 0.00162 0.00066 0.00168 0.0015400000000000001 0.00191 3e-05 0.0014 0 
