26
0 1 2 4 9 11 12 14 16 20 21 22 23 25 27 28 29 30 31 37 41 42 44 47 49 19
0 787050975.0 794171512.0 776623497.0 825136317.0 848124663.0 830887596.0 899983334.0 784163272.0 777088831.0 789468585.0 1165708420.0 801797021.0 761285266.0 967944332.0 863093775.0 827722207.0 996219199.0 824770392.0 733691784.0 792666436.0 854901801.0 775019227.0 749313908.0 850440202.0 731796023.0 
787050975.0 0 117630441.0 100082426.0 148595246.0 171583592.0 154346525.0 223442263.0 107622201.0 100547760.0 112927514.0 719221039.0 125255950.0 84744195.0 291403261.0 186552704.0 151181136.0 319678128.0 148229321.0 57150713.0 116125365.0 178360730.0 98478156.0 72772837.0 173899131.0 55254952.0 
794171512.0 117630441.0 0 107202963.0 155715783.0 178704129.0 161467062.0 230562800.0 114742738.0 107668297.0 120048051.0 726341576.0 132376487.0 91864732.0 298523798.0 193673241.0 158301673.0 326798665.0 155349858.0 64271250.0 123245902.0 185481267.0 105598693.0 79893374.0 181019668.0 62375489.0 
776623497.0 100082426.0 107202963.0 0 138167768.0 161156114.0 143919047.0 213014785.0 97194723.0 90120282.0 102500036.0 708793561.0 114828472.0 74316717.0 280975783.0 176125226.0 140753658.0 309250650.0 137801843.0 46723235.0 105697887.0 167933252.0 88050678.0 62345359.0 163471653.0 44827474.0 
825136317.0 148595246.0 155715783.0 138167768.0 0 209668934.0 192431867.0 261527605.0 145707543.0 138633102.0 151012856.0 757306381.0 163341292.0 122829537.0 329488603.0 224638046.0 189266478.0 357763470.0 186314663.0 95236055.0 154210707.0 216446072.0 136563498.0 110858179.0 211984473.0 93340294.0 
848124663.0 171583592.0 178704129.0 161156114.0 209668934.0 0 215420213.0 284515951.0 168695889.0 161621448.0 174001202.0 780294727.0 186329638.0 145817883.0 352476949.0 247626392.0 212254824.0 380751816.0 209303009.0 118224401.0 177199053.0 239434418.0 159551844.0 133846525.0 234972819.0 116328640.0 
830887596.0 154346525.0 161467062.0 143919047.0 192431867.0 215420213.0 0 267278884.0 151458822.0 144384381.0 156764135.0 763057660.0 169092571.0 128580816.0 335239882.0 230389325.0 195017757.0 363514749.0 192065942.0 100987334.0 159961986.0 222197351.0 142314777.0 116609458.0 217735752.0 99091573.0 
899983334.0 223442263.0 230562800.0 213014785.0 261527605.0 284515951.0 267278884.0 0 220554560.0 213480119.0 225859873.0 832153398.0 238188309.0 197676554.0 404335620.0 299485063.0 264113495.0 432610487.0 261161680.0 170083072.0 229057724.0 291293089.0 211410515.0 185705196.0 286831490.0 168187311.0 
784163272.0 107622201.0 114742738.0 97194723.0 145707543.0 168695889.0 151458822.0 220554560.0 0 97660057.0 110039811.0 716333336.0 122368247.0 81856492.0 288515558.0 183665001.0 148293433.0 316790425.0 145341618.0 54263010.0 113237662.0 175473027.0 95590453.0 69885134.0 171011428.0 52367249.0 
777088831.0 100547760.0 107668297.0 90120282.0 138633102.0 161621448.0 144384381.0 213480119.0 97660057.0 0 102965370.0 709258895.0 115293806.0 74782051.0 281441117.0 176590560.0 141218992.0 309715984.0 138267177.0 47188569.0 106163221.0 168398586.0 88516012.0 62810693.0 163936987.0 45292808.0 
789468585.0 112927514.0 120048051.0 102500036.0 151012856.0 174001202.0 156764135.0 225859873.0 110039811.0 102965370.0 0 721638649.0 127673560.0 87161805.0 293820871.0 188970314.0 153598746.0 322095738.0 150646931.0 59568323.0 118542975.0 180778340.0 100895766.0 75190447.0 176316741.0 57672562.0 
1165708420.0 719221039.0 726341576.0 708793561.0 757306381.0 780294727.0 763057660.0 832153398.0 716333336.0 709258895.0 721638649.0 0 733967085.0 693455330.0 900114396.0 795263839.0 759892271.0 928389263.0 756940456.0 665861848.0 724836500.0 787071865.0 707189291.0 681483972.0 782610266.0 663966087.0 
801797021.0 125255950.0 132376487.0 114828472.0 163341292.0 186329638.0 169092571.0 238188309.0 122368247.0 115293806.0 127673560.0 733967085.0 0 99490241.0 306149307.0 201298750.0 165927182.0 334424174.0 162975367.0 71896759.0 130871411.0 193106776.0 113224202.0 87518883.0 188645177.0 70000998.0 
761285266.0 84744195.0 91864732.0 74316717.0 122829537.0 145817883.0 128580816.0 197676554.0 81856492.0 74782051.0 87161805.0 693455330.0 99490241.0 0 265637552.0 160786995.0 125415427.0 293912419.0 122463612.0 31385004.0 90359656.0 152595021.0 72712447.0 47007128.0 148133422.0 29489243.0 
967944332.0 291403261.0 298523798.0 280975783.0 329488603.0 352476949.0 335239882.0 404335620.0 288515558.0 281441117.0 293820871.0 900114396.0 306149307.0 265637552.0 0 367446061.0 332074493.0 500571485.0 329122678.0 238044070.0 297018722.0 359254087.0 279371513.0 253666194.0 354792488.0 236148309.0 
863093775.0 186552704.0 193673241.0 176125226.0 224638046.0 247626392.0 230389325.0 299485063.0 183665001.0 176590560.0 188970314.0 795263839.0 201298750.0 160786995.0 367446061.0 0 227223936.0 395720928.0 224272121.0 133193513.0 192168165.0 254403530.0 174520956.0 148815637.0 249941931.0 131297752.0 
827722207.0 151181136.0 158301673.0 140753658.0 189266478.0 212254824.0 195017757.0 264113495.0 148293433.0 141218992.0 153598746.0 759892271.0 165927182.0 125415427.0 332074493.0 227223936.0 0 360349360.0 188900553.0 97821945.0 156796597.0 219031962.0 139149388.0 113444069.0 214570363.0 95926184.0 
996219199.0 319678128.0 326798665.0 309250650.0 357763470.0 380751816.0 363514749.0 432610487.0 316790425.0 309715984.0 322095738.0 928389263.0 334424174.0 293912419.0 500571485.0 395720928.0 360349360.0 0 357397545.0 266318937.0 325293589.0 387528954.0 307646380.0 281941061.0 383067355.0 264423176.0 
824770392.0 148229321.0 155349858.0 137801843.0 186314663.0 209303009.0 192065942.0 261161680.0 145341618.0 138267177.0 150646931.0 756940456.0 162975367.0 122463612.0 329122678.0 224272121.0 188900553.0 357397545.0 0 94870130.0 153844782.0 216080147.0 136197573.0 110492254.0 211618548.0 92974369.0 
733691784.0 57150713.0 64271250.0 46723235.0 95236055.0 118224401.0 100987334.0 170083072.0 54263010.0 47188569.0 59568323.0 665861848.0 71896759.0 31385004.0 238044070.0 133193513.0 97821945.0 266318937.0 94870130.0 0 62766174.0 125001539.0 45118965.0 19413646.0 120539940.0 1895761.0 
792666436.0 116125365.0 123245902.0 105697887.0 154210707.0 177199053.0 159961986.0 229057724.0 113237662.0 106163221.0 118542975.0 724836500.0 130871411.0 90359656.0 297018722.0 192168165.0 156796597.0 325293589.0 153844782.0 62766174.0 0 183976191.0 104093617.0 78388298.0 179514592.0 60870413.0 
854901801.0 178360730.0 185481267.0 167933252.0 216446072.0 239434418.0 222197351.0 291293089.0 175473027.0 168398586.0 180778340.0 787071865.0 193106776.0 152595021.0 359254087.0 254403530.0 219031962.0 387528954.0 216080147.0 125001539.0 183976191.0 0 166328982.0 140623663.0 241749957.0 123105778.0 
775019227.0 98478156.0 105598693.0 88050678.0 136563498.0 159551844.0 142314777.0 211410515.0 95590453.0 88516012.0 100895766.0 707189291.0 113224202.0 72712447.0 279371513.0 174520956.0 139149388.0 307646380.0 136197573.0 45118965.0 104093617.0 166328982.0 0 60741089.0 161867383.0 43223204.0 
749313908.0 72772837.0 79893374.0 62345359.0 110858179.0 133846525.0 116609458.0 185705196.0 69885134.0 62810693.0 75190447.0 681483972.0 87518883.0 47007128.0 253666194.0 148815637.0 113444069.0 281941061.0 110492254.0 19413646.0 78388298.0 140623663.0 60741089.0 0 136162064.0 17517885.0 
850440202.0 173899131.0 181019668.0 163471653.0 211984473.0 234972819.0 217735752.0 286831490.0 171011428.0 163936987.0 176316741.0 782610266.0 188645177.0 148133422.0 354792488.0 249941931.0 214570363.0 383067355.0 211618548.0 120539940.0 179514592.0 241749957.0 161867383.0 136162064.0 0 118644179.0 
731796023.0 55254952.0 62375489.0 44827474.0 93340294.0 116328640.0 99091573.0 168187311.0 52367249.0 45292808.0 57672562.0 663966087.0 70000998.0 29489243.0 236148309.0 131297752.0 95926184.0 264423176.0 92974369.0 1895761.0 60870413.0 123105778.0 43223204.0 17517885.0 118644179.0 0 
