51
0 4 5 6 7 10 11 15 16 17 18 19 21 25 29 30 34 35 37 39 40 41 42 43 44 45 48 50 51 55 56 58 59 60 61 65 66 71 73 74 76 77 78 80 81 88 89 91 92 98 36
0 422342964.0 316018467.0 430371812.0 393532846.0 322568289.0 363819113.0 362283126.0 322918251.0 408854315.0 389037773.0 398897014.0 269716284.0 394272327.0 362503873.0 317430885.0 332566515.0 294935136.0 337286680.0 1074111717.0 464453873.0 337519082.0 356701568.0 318184649.0 424580467.0 466899240.0 271572842.0 392061589.0 396495549.0 406904432.0 317922334.0 296796181.0 530585079.0 840359476.0 407139842.0 424192475.0 326976849.0 293347366.0 395159779.0 407272742.0 252509074.0 453812361.0 376117064.0 285927515.0 404951364.0 399670120.0 324297480.0 289559902.0 325518721.0 359578150.0 249211546.0 
422342964.0 0 239938339.0 354291684.0 317452718.0 246488161.0 287738985.0 286202998.0 246838123.0 332774187.0 312957645.0 322816886.0 193636156.0 318192199.0 286423745.0 241350757.0 256486387.0 218855008.0 261206552.0 998031589.0 388373745.0 261438954.0 280621440.0 242104521.0 348500339.0 390819112.0 195492714.0 315981461.0 320415421.0 330824304.0 241842206.0 220716053.0 454504951.0 764279348.0 331059714.0 348112347.0 250896721.0 217267238.0 319079651.0 331192614.0 176428946.0 377732233.0 300036936.0 209847387.0 328871236.0 323589992.0 248217352.0 213479774.0 249438593.0 283498022.0 173131418.0 
316018467.0 239938339.0 0 247967187.0 211128221.0 140163664.0 181414488.0 179878501.0 140513626.0 226449690.0 206633148.0 216492389.0 87311659.0 211867702.0 180099248.0 135026260.0 150161890.0 112530511.0 154882055.0 891707092.0 282049248.0 155114457.0 174296943.0 135780024.0 242175842.0 284494615.0 89168217.0 209656964.0 214090924.0 224499807.0 135517709.0 114391556.0 348180454.0 657954851.0 224735217.0 241787850.0 144572224.0 110942741.0 212755154.0 224868117.0 70104449.0 271407736.0 193712439.0 103522890.0 222546739.0 217265495.0 141892855.0 107155277.0 143114096.0 177173525.0 66806921.0 
430371812.0 354291684.0 247967187.0 0 325481566.0 254517009.0 295767833.0 294231846.0 254866971.0 340803035.0 320986493.0 330845734.0 201665004.0 326221047.0 294452593.0 249379605.0 264515235.0 226883856.0 269235400.0 1006060437.0 396402593.0 269467802.0 288650288.0 250133369.0 356529187.0 398847960.0 203521562.0 324010309.0 328444269.0 338853152.0 249871054.0 228744901.0 462533799.0 772308196.0 339088562.0 356141195.0 258925569.0 225296086.0 327108499.0 339221462.0 184457794.0 385761081.0 308065784.0 217876235.0 336900084.0 331618840.0 256246200.0 221508622.0 257467441.0 291526870.0 181160266.0 
393532846.0 317452718.0 211128221.0 325481566.0 0 217678043.0 258928867.0 257392880.0 218028005.0 303964069.0 284147527.0 294006768.0 164826038.0 289382081.0 257613627.0 212540639.0 227676269.0 190044890.0 232396434.0 969221471.0 359563627.0 232628836.0 251811322.0 213294403.0 319690221.0 362008994.0 166682596.0 287171343.0 291605303.0 302014186.0 213032088.0 191905935.0 425694833.0 735469230.0 302249596.0 319302229.0 222086603.0 188457120.0 290269533.0 302382496.0 147618828.0 348922115.0 271226818.0 181037269.0 300061118.0 294779874.0 219407234.0 184669656.0 220628475.0 254687904.0 144321300.0 
322568289.0 246488161.0 140163664.0 254517009.0 217678043.0 0 187964310.0 186428323.0 147063448.0 232999512.0 213182970.0 223042211.0 93861481.0 218417524.0 186649070.0 141576082.0 156711712.0 119080333.0 161431877.0 898256914.0 288599070.0 161664279.0 180846765.0 142329846.0 248725664.0 291044437.0 95718039.0 216206786.0 220640746.0 231049629.0 142067531.0 120941378.0 354730276.0 664504673.0 231285039.0 248337672.0 151122046.0 117492563.0 219304976.0 231417939.0 76654271.0 277957558.0 200262261.0 110072712.0 229096561.0 223815317.0 148442677.0 113705099.0 149663918.0 183723347.0 73356743.0 
363819113.0 287738985.0 181414488.0 295767833.0 258928867.0 187964310.0 0 227679147.0 188314272.0 274250336.0 254433794.0 264293035.0 135112305.0 259668348.0 227899894.0 182826906.0 197962536.0 160331157.0 202682701.0 939507738.0 329849894.0 202915103.0 222097589.0 183580670.0 289976488.0 332295261.0 136968863.0 257457610.0 261891570.0 272300453.0 183318355.0 162192202.0 395981100.0 705755497.0 272535863.0 289588496.0 192372870.0 158743387.0 260555800.0 272668763.0 117905095.0 319208382.0 241513085.0 151323536.0 270347385.0 265066141.0 189693501.0 154955923.0 190914742.0 224974171.0 114607567.0 
362283126.0 286202998.0 179878501.0 294231846.0 257392880.0 186428323.0 227679147.0 0 186778285.0 272714349.0 252897807.0 262757048.0 133576318.0 258132361.0 226363907.0 181290919.0 196426549.0 158795170.0 201146714.0 937971751.0 328313907.0 201379116.0 220561602.0 182044683.0 288440501.0 330759274.0 135432876.0 255921623.0 260355583.0 270764466.0 181782368.0 160656215.0 394445113.0 704219510.0 270999876.0 288052509.0 190836883.0 157207400.0 259019813.0 271132776.0 116369108.0 317672395.0 239977098.0 149787549.0 268811398.0 263530154.0 188157514.0 153419936.0 189378755.0 223438184.0 113071580.0 
322918251.0 246838123.0 140513626.0 254866971.0 218028005.0 147063448.0 188314272.0 186778285.0 0 233349474.0 213532932.0 223392173.0 94211443.0 218767486.0 186999032.0 141926044.0 157061674.0 119430295.0 161781839.0 898606876.0 288949032.0 162014241.0 181196727.0 142679808.0 249075626.0 291394399.0 96068001.0 216556748.0 220990708.0 231399591.0 142417493.0 121291340.0 355080238.0 664854635.0 231635001.0 248687634.0 151472008.0 117842525.0 219654938.0 231767901.0 77004233.0 278307520.0 200612223.0 110422674.0 229446523.0 224165279.0 148792639.0 114055061.0 150013880.0 184073309.0 73706705.0 
408854315.0 332774187.0 226449690.0 340803035.0 303964069.0 232999512.0 274250336.0 272714349.0 233349474.0 0 299468996.0 309328237.0 180147507.0 304703550.0 272935096.0 227862108.0 242997738.0 205366359.0 247717903.0 984542940.0 374885096.0 247950305.0 267132791.0 228615872.0 335011690.0 377330463.0 182004065.0 302492812.0 306926772.0 317335655.0 228353557.0 207227404.0 441016302.0 750790699.0 317571065.0 334623698.0 237408072.0 203778589.0 305591002.0 317703965.0 162940297.0 364243584.0 286548287.0 196358738.0 315382587.0 310101343.0 234728703.0 199991125.0 235949944.0 270009373.0 159642769.0 
389037773.0 312957645.0 206633148.0 320986493.0 284147527.0 213182970.0 254433794.0 252897807.0 213532932.0 299468996.0 0 289511695.0 160330965.0 284887008.0 253118554.0 208045566.0 223181196.0 185549817.0 227901361.0 964726398.0 355068554.0 228133763.0 247316249.0 208799330.0 315195148.0 357513921.0 162187523.0 282676270.0 287110230.0 297519113.0 208537015.0 187410862.0 421199760.0 730974157.0 297754523.0 314807156.0 217591530.0 183962047.0 285774460.0 297887423.0 143123755.0 344427042.0 266731745.0 176542196.0 295566045.0 290284801.0 214912161.0 180174583.0 216133402.0 250192831.0 139826227.0 
398897014.0 322816886.0 216492389.0 330845734.0 294006768.0 223042211.0 264293035.0 262757048.0 223392173.0 309328237.0 289511695.0 0 170190206.0 294746249.0 262977795.0 217904807.0 233040437.0 195409058.0 237760602.0 974585639.0 364927795.0 237993004.0 257175490.0 218658571.0 325054389.0 367373162.0 172046764.0 292535511.0 296969471.0 307378354.0 218396256.0 197270103.0 431059001.0 740833398.0 307613764.0 324666397.0 227450771.0 193821288.0 295633701.0 307746664.0 152982996.0 354286283.0 276590986.0 186401437.0 305425286.0 300144042.0 224771402.0 190033824.0 225992643.0 260052072.0 149685468.0 
269716284.0 193636156.0 87311659.0 201665004.0 164826038.0 93861481.0 135112305.0 133576318.0 94211443.0 180147507.0 160330965.0 170190206.0 0 165565519.0 133797065.0 88724077.0 103859707.0 66228328.0 108579872.0 845404909.0 235747065.0 108812274.0 127994760.0 89477841.0 195873659.0 238192432.0 42866034.0 163354781.0 167788741.0 178197624.0 89215526.0 68089373.0 301878271.0 611652668.0 178433034.0 195485667.0 98270041.0 64640558.0 166452971.0 178565934.0 23802266.0 225105553.0 147410256.0 57220707.0 176244556.0 170963312.0 95590672.0 60853094.0 96811913.0 130871342.0 20504738.0 
394272327.0 318192199.0 211867702.0 326221047.0 289382081.0 218417524.0 259668348.0 258132361.0 218767486.0 304703550.0 284887008.0 294746249.0 165565519.0 0 258353108.0 213280120.0 228415750.0 190784371.0 233135915.0 969960952.0 360303108.0 233368317.0 252550803.0 214033884.0 320429702.0 362748475.0 167422077.0 287910824.0 292344784.0 302753667.0 213771569.0 192645416.0 426434314.0 736208711.0 302989077.0 320041710.0 222826084.0 189196601.0 291009014.0 303121977.0 148358309.0 349661596.0 271966299.0 181776750.0 300800599.0 295519355.0 220146715.0 185409137.0 221367956.0 255427385.0 145060781.0 
362503873.0 286423745.0 180099248.0 294452593.0 257613627.0 186649070.0 227899894.0 226363907.0 186999032.0 272935096.0 253118554.0 262977795.0 133797065.0 258353108.0 0 181511666.0 196647296.0 159015917.0 201367461.0 938192498.0 328534654.0 201599863.0 220782349.0 182265430.0 288661248.0 330980021.0 135653623.0 256142370.0 260576330.0 270985213.0 182003115.0 160876962.0 394665860.0 704440257.0 271220623.0 288273256.0 191057630.0 157428147.0 259240560.0 271353523.0 116589855.0 317893142.0 240197845.0 150008296.0 269032145.0 263750901.0 188378261.0 153640683.0 189599502.0 223658931.0 113292327.0 
317430885.0 241350757.0 135026260.0 249379605.0 212540639.0 141576082.0 182826906.0 181290919.0 141926044.0 227862108.0 208045566.0 217904807.0 88724077.0 213280120.0 181511666.0 0 151574308.0 113942929.0 156294473.0 893119510.0 283461666.0 156526875.0 175709361.0 137192442.0 243588260.0 285907033.0 90580635.0 211069382.0 215503342.0 225912225.0 136930127.0 115803974.0 349592872.0 659367269.0 226147635.0 243200268.0 145984642.0 112355159.0 214167572.0 226280535.0 71516867.0 272820154.0 195124857.0 104935308.0 223959157.0 218677913.0 143305273.0 108567695.0 144526514.0 178585943.0 68219339.0 
332566515.0 256486387.0 150161890.0 264515235.0 227676269.0 156711712.0 197962536.0 196426549.0 157061674.0 242997738.0 223181196.0 233040437.0 103859707.0 228415750.0 196647296.0 151574308.0 0 129078559.0 171430103.0 908255140.0 298597296.0 171662505.0 190844991.0 152328072.0 258723890.0 301042663.0 105716265.0 226205012.0 230638972.0 241047855.0 152065757.0 130939604.0 364728502.0 674502899.0 241283265.0 258335898.0 161120272.0 127490789.0 229303202.0 241416165.0 86652497.0 287955784.0 210260487.0 120070938.0 239094787.0 233813543.0 158440903.0 123703325.0 159662144.0 193721573.0 83354969.0 
294935136.0 218855008.0 112530511.0 226883856.0 190044890.0 119080333.0 160331157.0 158795170.0 119430295.0 205366359.0 185549817.0 195409058.0 66228328.0 190784371.0 159015917.0 113942929.0 129078559.0 0 133798724.0 870623761.0 260965917.0 134031126.0 153213612.0 114696693.0 221092511.0 263411284.0 68084886.0 188573633.0 193007593.0 203416476.0 114434378.0 93308225.0 327097123.0 636871520.0 203651886.0 220704519.0 123488893.0 89859410.0 191671823.0 203784786.0 49021118.0 250324405.0 172629108.0 82439559.0 201463408.0 196182164.0 120809524.0 86071946.0 122030765.0 156090194.0 45723590.0 
337286680.0 261206552.0 154882055.0 269235400.0 232396434.0 161431877.0 202682701.0 201146714.0 161781839.0 247717903.0 227901361.0 237760602.0 108579872.0 233135915.0 201367461.0 156294473.0 171430103.0 133798724.0 0 912975305.0 303317461.0 176382670.0 195565156.0 157048237.0 263444055.0 305762828.0 110436430.0 230925177.0 235359137.0 245768020.0 156785922.0 135659769.0 369448667.0 679223064.0 246003430.0 263056063.0 165840437.0 132210954.0 234023367.0 246136330.0 91372662.0 292675949.0 214980652.0 124791103.0 243814952.0 238533708.0 163161068.0 128423490.0 164382309.0 198441738.0 88075134.0 
1074111717.0 998031589.0 891707092.0 1006060437.0 969221471.0 898256914.0 939507738.0 937971751.0 898606876.0 984542940.0 964726398.0 974585639.0 845404909.0 969960952.0 938192498.0 893119510.0 908255140.0 870623761.0 912975305.0 0 1040142498.0 913207707.0 932390193.0 893873274.0 1000269092.0 1042587865.0 847261467.0 967750214.0 972184174.0 982593057.0 893610959.0 872484806.0 1106273704.0 1078455861.0 982828467.0 999881100.0 902665474.0 869035991.0 970848404.0 982961367.0 828197699.0 1029500986.0 951805689.0 861616140.0 980639989.0 975358745.0 899986105.0 865248527.0 901207346.0 935266775.0 824900171.0 
464453873.0 388373745.0 282049248.0 396402593.0 359563627.0 288599070.0 329849894.0 328313907.0 288949032.0 374885096.0 355068554.0 364927795.0 235747065.0 360303108.0 328534654.0 283461666.0 298597296.0 260965917.0 303317461.0 1040142498.0 0 303549863.0 322732349.0 284215430.0 390611248.0 432930021.0 237603623.0 358092370.0 362526330.0 372935213.0 283953115.0 262826962.0 496615860.0 806390257.0 373170623.0 390223256.0 293007630.0 259378147.0 361190560.0 373303523.0 218539855.0 419843142.0 342147845.0 251958296.0 370982145.0 365700901.0 290328261.0 255590683.0 291549502.0 325608931.0 215242327.0 
337519082.0 261438954.0 155114457.0 269467802.0 232628836.0 161664279.0 202915103.0 201379116.0 162014241.0 247950305.0 228133763.0 237993004.0 108812274.0 233368317.0 201599863.0 156526875.0 171662505.0 134031126.0 176382670.0 913207707.0 303549863.0 0 195797558.0 157280639.0 263676457.0 305995230.0 110668832.0 231157579.0 235591539.0 246000422.0 157018324.0 135892171.0 369681069.0 679455466.0 246235832.0 263288465.0 166072839.0 132443356.0 234255769.0 246368732.0 91605064.0 292908351.0 215213054.0 125023505.0 244047354.0 238766110.0 163393470.0 128655892.0 164614711.0 198674140.0 88307536.0 
356701568.0 280621440.0 174296943.0 288650288.0 251811322.0 180846765.0 222097589.0 220561602.0 181196727.0 267132791.0 247316249.0 257175490.0 127994760.0 252550803.0 220782349.0 175709361.0 190844991.0 153213612.0 195565156.0 932390193.0 322732349.0 195797558.0 0 176463125.0 282858943.0 325177716.0 129851318.0 250340065.0 254774025.0 265182908.0 176200810.0 155074657.0 388863555.0 698637952.0 265418318.0 282470951.0 185255325.0 151625842.0 253438255.0 265551218.0 110787550.0 312090837.0 234395540.0 144205991.0 263229840.0 257948596.0 182575956.0 147838378.0 183797197.0 217856626.0 107490022.0 
318184649.0 242104521.0 135780024.0 250133369.0 213294403.0 142329846.0 183580670.0 182044683.0 142679808.0 228615872.0 208799330.0 218658571.0 89477841.0 214033884.0 182265430.0 137192442.0 152328072.0 114696693.0 157048237.0 893873274.0 284215430.0 157280639.0 176463125.0 0 244342024.0 286660797.0 91334399.0 211823146.0 216257106.0 226665989.0 137683891.0 116557738.0 350346636.0 660121033.0 226901399.0 243954032.0 146738406.0 113108923.0 214921336.0 227034299.0 72270631.0 273573918.0 195878621.0 105689072.0 224712921.0 219431677.0 144059037.0 109321459.0 145280278.0 179339707.0 68973103.0 
424580467.0 348500339.0 242175842.0 356529187.0 319690221.0 248725664.0 289976488.0 288440501.0 249075626.0 335011690.0 315195148.0 325054389.0 195873659.0 320429702.0 288661248.0 243588260.0 258723890.0 221092511.0 263444055.0 1000269092.0 390611248.0 263676457.0 282858943.0 244342024.0 0 393056615.0 197730217.0 318218964.0 322652924.0 333061807.0 244079709.0 222953556.0 456742454.0 766516851.0 333297217.0 350349850.0 253134224.0 219504741.0 321317154.0 333430117.0 178666449.0 379969736.0 302274439.0 212084890.0 331108739.0 325827495.0 250454855.0 215717277.0 251676096.0 285735525.0 175368921.0 
466899240.0 390819112.0 284494615.0 398847960.0 362008994.0 291044437.0 332295261.0 330759274.0 291394399.0 377330463.0 357513921.0 367373162.0 238192432.0 362748475.0 330980021.0 285907033.0 301042663.0 263411284.0 305762828.0 1042587865.0 432930021.0 305995230.0 325177716.0 286660797.0 393056615.0 0 240048990.0 360537737.0 364971697.0 375380580.0 286398482.0 265272329.0 499061227.0 808835624.0 375615990.0 392668623.0 295452997.0 261823514.0 363635927.0 375748890.0 220985222.0 422288509.0 344593212.0 254403663.0 373427512.0 368146268.0 292773628.0 258036050.0 293994869.0 328054298.0 217687694.0 
271572842.0 195492714.0 89168217.0 203521562.0 166682596.0 95718039.0 136968863.0 135432876.0 96068001.0 182004065.0 162187523.0 172046764.0 42866034.0 167422077.0 135653623.0 90580635.0 105716265.0 68084886.0 110436430.0 847261467.0 237603623.0 110668832.0 129851318.0 91334399.0 197730217.0 240048990.0 0 165211339.0 169645299.0 180054182.0 91072084.0 69945931.0 303734829.0 613509226.0 180289592.0 197342225.0 100126599.0 66497116.0 168309529.0 180422492.0 25658824.0 226962111.0 149266814.0 59077265.0 178101114.0 172819870.0 97447230.0 62709652.0 98668471.0 132727900.0 22361296.0 
392061589.0 315981461.0 209656964.0 324010309.0 287171343.0 216206786.0 257457610.0 255921623.0 216556748.0 302492812.0 282676270.0 292535511.0 163354781.0 287910824.0 256142370.0 211069382.0 226205012.0 188573633.0 230925177.0 967750214.0 358092370.0 231157579.0 250340065.0 211823146.0 318218964.0 360537737.0 165211339.0 0 290134046.0 300542929.0 211560831.0 190434678.0 424223576.0 733997973.0 300778339.0 317830972.0 220615346.0 186985863.0 288798276.0 300911239.0 146147571.0 347450858.0 269755561.0 179566012.0 298589861.0 293308617.0 217935977.0 183198399.0 219157218.0 253216647.0 142850043.0 
396495549.0 320415421.0 214090924.0 328444269.0 291605303.0 220640746.0 261891570.0 260355583.0 220990708.0 306926772.0 287110230.0 296969471.0 167788741.0 292344784.0 260576330.0 215503342.0 230638972.0 193007593.0 235359137.0 972184174.0 362526330.0 235591539.0 254774025.0 216257106.0 322652924.0 364971697.0 169645299.0 290134046.0 0 304976889.0 215994791.0 194868638.0 428657536.0 738431933.0 305212299.0 322264932.0 225049306.0 191419823.0 293232236.0 305345199.0 150581531.0 351884818.0 274189521.0 183999972.0 303023821.0 297742577.0 222369937.0 187632359.0 223591178.0 257650607.0 147284003.0 
406904432.0 330824304.0 224499807.0 338853152.0 302014186.0 231049629.0 272300453.0 270764466.0 231399591.0 317335655.0 297519113.0 307378354.0 178197624.0 302753667.0 270985213.0 225912225.0 241047855.0 203416476.0 245768020.0 982593057.0 372935213.0 246000422.0 265182908.0 226665989.0 333061807.0 375380580.0 180054182.0 300542929.0 304976889.0 0 226403674.0 205277521.0 439066419.0 748840816.0 315621182.0 332673815.0 235458189.0 201828706.0 303641119.0 315754082.0 160990414.0 362293701.0 284598404.0 194408855.0 313432704.0 308151460.0 232778820.0 198041242.0 234000061.0 268059490.0 157692886.0 
317922334.0 241842206.0 135517709.0 249871054.0 213032088.0 142067531.0 183318355.0 181782368.0 142417493.0 228353557.0 208537015.0 218396256.0 89215526.0 213771569.0 182003115.0 136930127.0 152065757.0 114434378.0 156785922.0 893610959.0 283953115.0 157018324.0 176200810.0 137683891.0 244079709.0 286398482.0 91072084.0 211560831.0 215994791.0 226403674.0 0 116295423.0 350084321.0 659858718.0 226639084.0 243691717.0 146476091.0 112846608.0 214659021.0 226771984.0 72008316.0 273311603.0 195616306.0 105426757.0 224450606.0 219169362.0 143796722.0 109059144.0 145017963.0 179077392.0 68710788.0 
296796181.0 220716053.0 114391556.0 228744901.0 191905935.0 120941378.0 162192202.0 160656215.0 121291340.0 207227404.0 187410862.0 197270103.0 68089373.0 192645416.0 160876962.0 115803974.0 130939604.0 93308225.0 135659769.0 872484806.0 262826962.0 135892171.0 155074657.0 116557738.0 222953556.0 265272329.0 69945931.0 190434678.0 194868638.0 205277521.0 116295423.0 0 328958168.0 638732565.0 205512931.0 222565564.0 125349938.0 91720455.0 193532868.0 205645831.0 50882163.0 252185450.0 174490153.0 84300604.0 203324453.0 198043209.0 122670569.0 87932991.0 123891810.0 157951239.0 47584635.0 
530585079.0 454504951.0 348180454.0 462533799.0 425694833.0 354730276.0 395981100.0 394445113.0 355080238.0 441016302.0 421199760.0 431059001.0 301878271.0 426434314.0 394665860.0 349592872.0 364728502.0 327097123.0 369448667.0 1106273704.0 496615860.0 369681069.0 388863555.0 350346636.0 456742454.0 499061227.0 303734829.0 424223576.0 428657536.0 439066419.0 350084321.0 328958168.0 0 872521463.0 439301829.0 456354462.0 359138836.0 325509353.0 427321766.0 439434729.0 284671061.0 485974348.0 408279051.0 318089502.0 437113351.0 431832107.0 356459467.0 321721889.0 357680708.0 391740137.0 281373533.0 
840359476.0 764279348.0 657954851.0 772308196.0 735469230.0 664504673.0 705755497.0 704219510.0 664854635.0 750790699.0 730974157.0 740833398.0 611652668.0 736208711.0 704440257.0 659367269.0 674502899.0 636871520.0 679223064.0 1078455861.0 806390257.0 679455466.0 698637952.0 660121033.0 766516851.0 808835624.0 613509226.0 733997973.0 738431933.0 748840816.0 659858718.0 638732565.0 872521463.0 0 749076226.0 766128859.0 668913233.0 635283750.0 737096163.0 749209126.0 594445458.0 795748745.0 718053448.0 627863899.0 746887748.0 741606504.0 666233864.0 631496286.0 667455105.0 701514534.0 591147930.0 
407139842.0 331059714.0 224735217.0 339088562.0 302249596.0 231285039.0 272535863.0 270999876.0 231635001.0 317571065.0 297754523.0 307613764.0 178433034.0 302989077.0 271220623.0 226147635.0 241283265.0 203651886.0 246003430.0 982828467.0 373170623.0 246235832.0 265418318.0 226901399.0 333297217.0 375615990.0 180289592.0 300778339.0 305212299.0 315621182.0 226639084.0 205512931.0 439301829.0 749076226.0 0 332909225.0 235693599.0 202064116.0 303876529.0 315989492.0 161225824.0 362529111.0 284833814.0 194644265.0 313668114.0 308386870.0 233014230.0 198276652.0 234235471.0 268294900.0 157928296.0 
424192475.0 348112347.0 241787850.0 356141195.0 319302229.0 248337672.0 289588496.0 288052509.0 248687634.0 334623698.0 314807156.0 324666397.0 195485667.0 320041710.0 288273256.0 243200268.0 258335898.0 220704519.0 263056063.0 999881100.0 390223256.0 263288465.0 282470951.0 243954032.0 350349850.0 392668623.0 197342225.0 317830972.0 322264932.0 332673815.0 243691717.0 222565564.0 456354462.0 766128859.0 332909225.0 0 252746232.0 219116749.0 320929162.0 333042125.0 178278457.0 379581744.0 301886447.0 211696898.0 330720747.0 325439503.0 250066863.0 215329285.0 251288104.0 285347533.0 174980929.0 
326976849.0 250896721.0 144572224.0 258925569.0 222086603.0 151122046.0 192372870.0 190836883.0 151472008.0 237408072.0 217591530.0 227450771.0 98270041.0 222826084.0 191057630.0 145984642.0 161120272.0 123488893.0 165840437.0 902665474.0 293007630.0 166072839.0 185255325.0 146738406.0 253134224.0 295452997.0 100126599.0 220615346.0 225049306.0 235458189.0 146476091.0 125349938.0 359138836.0 668913233.0 235693599.0 252746232.0 0 121901123.0 223713536.0 235826499.0 81062831.0 282366118.0 204670821.0 114481272.0 233505121.0 228223877.0 152851237.0 118113659.0 154072478.0 188131907.0 77765303.0 
293347366.0 217267238.0 110942741.0 225296086.0 188457120.0 117492563.0 158743387.0 157207400.0 117842525.0 203778589.0 183962047.0 193821288.0 64640558.0 189196601.0 157428147.0 112355159.0 127490789.0 89859410.0 132210954.0 869035991.0 259378147.0 132443356.0 151625842.0 113108923.0 219504741.0 261823514.0 66497116.0 186985863.0 191419823.0 201828706.0 112846608.0 91720455.0 325509353.0 635283750.0 202064116.0 219116749.0 121901123.0 0 190084053.0 202197016.0 47433348.0 248736635.0 171041338.0 80851789.0 199875638.0 194594394.0 119221754.0 84484176.0 120442995.0 154502424.0 44135820.0 
395159779.0 319079651.0 212755154.0 327108499.0 290269533.0 219304976.0 260555800.0 259019813.0 219654938.0 305591002.0 285774460.0 295633701.0 166452971.0 291009014.0 259240560.0 214167572.0 229303202.0 191671823.0 234023367.0 970848404.0 361190560.0 234255769.0 253438255.0 214921336.0 321317154.0 363635927.0 168309529.0 288798276.0 293232236.0 303641119.0 214659021.0 193532868.0 427321766.0 737096163.0 303876529.0 320929162.0 223713536.0 190084053.0 0 304009429.0 149245761.0 350549048.0 272853751.0 182664202.0 301688051.0 296406807.0 221034167.0 186296589.0 222255408.0 256314837.0 145948233.0 
407272742.0 331192614.0 224868117.0 339221462.0 302382496.0 231417939.0 272668763.0 271132776.0 231767901.0 317703965.0 297887423.0 307746664.0 178565934.0 303121977.0 271353523.0 226280535.0 241416165.0 203784786.0 246136330.0 982961367.0 373303523.0 246368732.0 265551218.0 227034299.0 333430117.0 375748890.0 180422492.0 300911239.0 305345199.0 315754082.0 226771984.0 205645831.0 439434729.0 749209126.0 315989492.0 333042125.0 235826499.0 202197016.0 304009429.0 0 161358724.0 362662011.0 284966714.0 194777165.0 313801014.0 308519770.0 233147130.0 198409552.0 234368371.0 268427800.0 158061196.0 
252509074.0 176428946.0 70104449.0 184457794.0 147618828.0 76654271.0 117905095.0 116369108.0 77004233.0 162940297.0 143123755.0 152982996.0 23802266.0 148358309.0 116589855.0 71516867.0 86652497.0 49021118.0 91372662.0 828197699.0 218539855.0 91605064.0 110787550.0 72270631.0 178666449.0 220985222.0 25658824.0 146147571.0 150581531.0 160990414.0 72008316.0 50882163.0 284671061.0 594445458.0 161225824.0 178278457.0 81062831.0 47433348.0 149245761.0 161358724.0 0 207898343.0 130203046.0 40013497.0 159037346.0 153756102.0 78383462.0 43645884.0 79604703.0 113664132.0 3297528.0 
453812361.0 377732233.0 271407736.0 385761081.0 348922115.0 277957558.0 319208382.0 317672395.0 278307520.0 364243584.0 344427042.0 354286283.0 225105553.0 349661596.0 317893142.0 272820154.0 287955784.0 250324405.0 292675949.0 1029500986.0 419843142.0 292908351.0 312090837.0 273573918.0 379969736.0 422288509.0 226962111.0 347450858.0 351884818.0 362293701.0 273311603.0 252185450.0 485974348.0 795748745.0 362529111.0 379581744.0 282366118.0 248736635.0 350549048.0 362662011.0 207898343.0 0 331506333.0 241316784.0 360340633.0 355059389.0 279686749.0 244949171.0 280907990.0 314967419.0 204600815.0 
376117064.0 300036936.0 193712439.0 308065784.0 271226818.0 200262261.0 241513085.0 239977098.0 200612223.0 286548287.0 266731745.0 276590986.0 147410256.0 271966299.0 240197845.0 195124857.0 210260487.0 172629108.0 214980652.0 951805689.0 342147845.0 215213054.0 234395540.0 195878621.0 302274439.0 344593212.0 149266814.0 269755561.0 274189521.0 284598404.0 195616306.0 174490153.0 408279051.0 718053448.0 284833814.0 301886447.0 204670821.0 171041338.0 272853751.0 284966714.0 130203046.0 331506333.0 0 163621487.0 282645336.0 277364092.0 201991452.0 167253874.0 203212693.0 237272122.0 126905518.0 
285927515.0 209847387.0 103522890.0 217876235.0 181037269.0 110072712.0 151323536.0 149787549.0 110422674.0 196358738.0 176542196.0 186401437.0 57220707.0 181776750.0 150008296.0 104935308.0 120070938.0 82439559.0 124791103.0 861616140.0 251958296.0 125023505.0 144205991.0 105689072.0 212084890.0 254403663.0 59077265.0 179566012.0 183999972.0 194408855.0 105426757.0 84300604.0 318089502.0 627863899.0 194644265.0 211696898.0 114481272.0 80851789.0 182664202.0 194777165.0 40013497.0 241316784.0 163621487.0 0 192455787.0 187174543.0 111801903.0 77064325.0 113023144.0 147082573.0 36715969.0 
404951364.0 328871236.0 222546739.0 336900084.0 300061118.0 229096561.0 270347385.0 268811398.0 229446523.0 315382587.0 295566045.0 305425286.0 176244556.0 300800599.0 269032145.0 223959157.0 239094787.0 201463408.0 243814952.0 980639989.0 370982145.0 244047354.0 263229840.0 224712921.0 331108739.0 373427512.0 178101114.0 298589861.0 303023821.0 313432704.0 224450606.0 203324453.0 437113351.0 746887748.0 313668114.0 330720747.0 233505121.0 199875638.0 301688051.0 313801014.0 159037346.0 360340633.0 282645336.0 192455787.0 0 306198392.0 230825752.0 196088174.0 232046993.0 266106422.0 155739818.0 
399670120.0 323589992.0 217265495.0 331618840.0 294779874.0 223815317.0 265066141.0 263530154.0 224165279.0 310101343.0 290284801.0 300144042.0 170963312.0 295519355.0 263750901.0 218677913.0 233813543.0 196182164.0 238533708.0 975358745.0 365700901.0 238766110.0 257948596.0 219431677.0 325827495.0 368146268.0 172819870.0 293308617.0 297742577.0 308151460.0 219169362.0 198043209.0 431832107.0 741606504.0 308386870.0 325439503.0 228223877.0 194594394.0 296406807.0 308519770.0 153756102.0 355059389.0 277364092.0 187174543.0 306198392.0 0 225544508.0 190806930.0 226765749.0 260825178.0 150458574.0 
324297480.0 248217352.0 141892855.0 256246200.0 219407234.0 148442677.0 189693501.0 188157514.0 148792639.0 234728703.0 214912161.0 224771402.0 95590672.0 220146715.0 188378261.0 143305273.0 158440903.0 120809524.0 163161068.0 899986105.0 290328261.0 163393470.0 182575956.0 144059037.0 250454855.0 292773628.0 97447230.0 217935977.0 222369937.0 232778820.0 143796722.0 122670569.0 356459467.0 666233864.0 233014230.0 250066863.0 152851237.0 119221754.0 221034167.0 233147130.0 78383462.0 279686749.0 201991452.0 111801903.0 230825752.0 225544508.0 0 115434290.0 151393109.0 185452538.0 75085934.0 
289559902.0 213479774.0 107155277.0 221508622.0 184669656.0 113705099.0 154955923.0 153419936.0 114055061.0 199991125.0 180174583.0 190033824.0 60853094.0 185409137.0 153640683.0 108567695.0 123703325.0 86071946.0 128423490.0 865248527.0 255590683.0 128655892.0 147838378.0 109321459.0 215717277.0 258036050.0 62709652.0 183198399.0 187632359.0 198041242.0 109059144.0 87932991.0 321721889.0 631496286.0 198276652.0 215329285.0 118113659.0 84484176.0 186296589.0 198409552.0 43645884.0 244949171.0 167253874.0 77064325.0 196088174.0 190806930.0 115434290.0 0 116655531.0 150714960.0 40348356.0 
325518721.0 249438593.0 143114096.0 257467441.0 220628475.0 149663918.0 190914742.0 189378755.0 150013880.0 235949944.0 216133402.0 225992643.0 96811913.0 221367956.0 189599502.0 144526514.0 159662144.0 122030765.0 164382309.0 901207346.0 291549502.0 164614711.0 183797197.0 145280278.0 251676096.0 293994869.0 98668471.0 219157218.0 223591178.0 234000061.0 145017963.0 123891810.0 357680708.0 667455105.0 234235471.0 251288104.0 154072478.0 120442995.0 222255408.0 234368371.0 79604703.0 280907990.0 203212693.0 113023144.0 232046993.0 226765749.0 151393109.0 116655531.0 0 186673779.0 76307175.0 
359578150.0 283498022.0 177173525.0 291526870.0 254687904.0 183723347.0 224974171.0 223438184.0 184073309.0 270009373.0 250192831.0 260052072.0 130871342.0 255427385.0 223658931.0 178585943.0 193721573.0 156090194.0 198441738.0 935266775.0 325608931.0 198674140.0 217856626.0 179339707.0 285735525.0 328054298.0 132727900.0 253216647.0 257650607.0 268059490.0 179077392.0 157951239.0 391740137.0 701514534.0 268294900.0 285347533.0 188131907.0 154502424.0 256314837.0 268427800.0 113664132.0 314967419.0 237272122.0 147082573.0 266106422.0 260825178.0 185452538.0 150714960.0 186673779.0 0 110366604.0 
249211546.0 173131418.0 66806921.0 181160266.0 144321300.0 73356743.0 114607567.0 113071580.0 73706705.0 159642769.0 139826227.0 149685468.0 20504738.0 145060781.0 113292327.0 68219339.0 83354969.0 45723590.0 88075134.0 824900171.0 215242327.0 88307536.0 107490022.0 68973103.0 175368921.0 217687694.0 22361296.0 142850043.0 147284003.0 157692886.0 68710788.0 47584635.0 281373533.0 591147930.0 157928296.0 174980929.0 77765303.0 44135820.0 145948233.0 158061196.0 3297528.0 204600815.0 126905518.0 36715969.0 155739818.0 150458574.0 75085934.0 40348356.0 76307175.0 110366604.0 0 
