51
VNYZ5QVO77 PL0UHK QAL7Z5UN QL51A0KUT 7CRTCJA O2N6HBZK8 V4R09 ITHI7K6W1B SKLZM QJ0LM8 K936 S657MFMG JOBN3N V7T5SI 6WSDW EG23K 5N65HLXKU QU5Y0N2LQ 0I7Y WQM0D4 N26J6EU 5HGKBK JSSS9HX QHH48VD7JJ CXLQGGJ746 OJ27JN021 RX6VI FPB1OLF3 U0LMCHUU IQXEPH9QO 07XQDCJI M6CD1Y B0H9VDIK F3YJ QEAJAFMPY R2POU4T PQ09CSX EHS8A ODSGN281 XGYWBMTWT VNCFO F1G8HC IEYK8 59E13RE AETBJC 6HNG 19LN 2FB0FS3KWX AO31B76 SUC1CH Satish
0 44270638.63003 170760377.32838 95758712.21465 72340273.04683 80880054.2988 116926738.66232 152531871.84493 29790616.71701 68981293.23304 90217898.67958 99599744.82884 59962940.9366 159040367.24652 37195583.97537 94137212.2496 95858768.15751 132897026.63129 112174296.03746 117692228.75196 112681590.07617 70874441.35334 126423439.83921 43517436.74959 89687704.52485 78095427.31208 91272849.11910999 149467986.12992 133201579.89211 86432626.12254 52590758.21713 62837743.12206 81492003.60326001 92959619.83424 166022609.98902 143423589.44331 87955344.17175 164678214.35485 158550561.78886 170212120.00205 148610969.79628 43188725.5765 85684754.25714 144447913.88797 108448133.28679 152726986.5041 101483736.22104 59031319.26799 33806156.63662 91600791.68013 97451676.34996 
44270638.63003 0 214321080.9785 139774685.64164 115967653.95614 124258771.43199 83545947.65325 196169881.99906 14484854.59353 40587689.73632 130863842.33874 141956297.78387 22487823.86768 176241554.04278 30197340.25024 138339792.36748 114011181.5939 157851480.82469 77262562.85441 127101759.21769 111707239.1175 40304290.213 165896707.19658 47977778.73031 71917783.84891 117377153.58033001 134354709.93637 192986086.14996 173334349.73816 114465645.59959 64489872.55305 55041172.81804 104393507.06705 56448192.25457 185103570.86037 151091346.04227 66151189.68094 208220637.7878 175158911.19571 184896722.72945 166976165.24317 5869113.63432 100911918.96448 183934310.86286002 117712873.42115 193927194.42686 144404233.97817 97181629.8181 26623603.73059 135657579.3076 88583690.24828 
170760377.32838 214321080.9785 0 75555123.65915 98435026.12421 90062798.36275 266757454.45113 18285890.26147 199985292.89861 224684715.98089 116926563.75908 99633988.16071 224893907.48749 172092970.2668 203578199.71669 78478578.90545 194268637.32066 136780576.88124 265105662.27057 183538584.42144 206366105.98625 227855962.71604 67432345.78553 184932327.14707 224960564.42038 103405337.43083 98198676.24191 21340493.98683 58700170.6743 167111471.39766 174657323.51224 200797362.67835 179499613.28096 249766420.44759 167587362.70118 197024097.74703 229389051.55261 6108025.54446 174729537.49014 185716246.03484 164460008.32514 213866777.3677 197424346.1992 58441850.70969 178712986.86089 40263287.01443 94873013.19492 122206478.65611 194846076.90272 88673209.21413 215078874.6827 
95758712.21465 139774685.64164 75555123.65915 0 27162772.77652 18250305.15736 199532259.16958 58651483.32608 125326691.15179 154440624.54881 57465738.9039 45504937.19594 152110004.29002 150011640.44151 128025020.08062 6150547.07255 129264207.08578 111948936.44944 196820809.8187 139175709.30281 154320691.17123 157392928.74092 54648692.67546 115779583.29462 160664581.94475 44085991.38687 36795202.8938 54562580.52555 56067030.14256 103167995.21238 108893041.28485 134018256.0893 112662982.68928 179691890.84371 150575118.53634 159835450.54539 163478004.94275 69555494.25886 151526888.98535 164447685.81526 139660518.37314 138947360.37896 129343392.09976 67903798.42978 131242813.54287 67134521.58967 42080344.90614 55983268.11424 122247215.38658 23672213.52569 155613454.59353 
72340273.04683 115967653.95614 98435026.12421 27162772.77652 0 8912467.61916 175273218.88148 80232513.01837 101588778.86768 129957157.28869 59107559.71688 53860282.14477 127801105.7681 140323992.51714 106192901.94779 25033220.08005 119910075.0533 103702466.26163 172446740.00756 121981916.9594 134198763.57330999 132896339.25193 62415412.53086 91460703.95065 137029738.63356 29302327.8852 42930341.91559 77130635.44716 66936671.44049 95923455.99771 85326255.67155 110020520.65711 102566025.60168 155201643.64997 142641773.82263 144463785.68205 139508288.65431 92347342.13523 141372597.95535 154416561.47235 129527081.65029 115432374.81529 117533011.24935 79056162.73794 113237020.71408 83295299.48824 52334431.32636 33962234.18227 97818330.69106999 33366694.02745 133187073.54794 
80880054.2988 124258771.43199 90062798.36275 18250305.15736 8912467.61916 0 181563832.46513 71938109.13061 109935336.69836 136888336.47851 62929490.41281 55292588.8783 135408412.54302 137732469.99086 115034589.90342 20714461.04406 127274113.83513 104972067.91713001 178985685.53166002 122797638.17157 136733648.18158 139911060.32032 54324105.26271 97922606.26583 142446246.06299 35146516.60576 44781816.73546 68727370.1552 58440387.32109 102693409.15524 90677180.72137 115910899.61865 110038601.51666 162157505.49185 139382621.00486 144387167.35341 145346543.75539 83961888.3759 138970506.18795 151998650.45279 127080414.42507 123873225.55774 125410216.67403 70595518.62938 114474992.51599 74415462.67233 53043718.11786 37760171.39517 105405466.8273 33402370.29221 137430632.297 
116926738.66232 83545947.65325 266757454.45113 199532259.16958 175273218.88148 181563832.46513 0 249933646.52835 93299670.8963 47954238.64314 206959781.56508 214802643.98241 61172387.28654 166488570.45622 113609267.17716 200205591.2904 197364435.77659 166710101.22378 7601120.02216 114820239.2294 86285422.75265 46155315.69763 205930301.12214 84398856.92355001 43735244.18759 163372455.85143 205468979.34167 246144178.68426 214547547.22093 197440602.85961 92121556.59528 66050008.81274 187873517.35707 27263029.35734 177563370.22659 128440944.81551 37654911.96174 260805103.98752 163934712.2418 168813601.79957 161182728.82314 88869242.22421 184074097.21732 222209629.18532 110714049.0506 236914352.35959 216276641.55803 145290885.49519 83214469.55233 203088530.7414 61953019.63981 
152531871.84493 196169881.99906 18285890.26147 58651483.32608 80232513.01837 71938109.13061 249933646.52835 0 181812659.38431 207205785.37946 100713462.48565 83686869.97015 207029077.06323 163591166.97488 185295953.37958 60280616.64491 177903969.33133 126913660.01114 248082885.10278 170593664.33745 192156356.07959 210626890.32490999 55150586.75221 167592183.22576 208574691.69881 86636936.67027 81293932.52529 4088902.80053 47966854.89011 150786363.63347 157819824.81633 183897416.80035 162743435.76362002 232426276.52628002 160132661.66998 185669210.64513 212725552.58989 19324624.05796 166027200.00512 177615714.83833 155226627.97716 195659716.39799 180513977.39233 51273164.64891 165117448.53019 35384011.6983 78915159.56315 104926507.45961 176982343.91224 71139765.01589 199533196.53203 
29790616.71701 14484854.59353 199985292.89861 125326691.15179 101588778.86768 109935336.69836 93299670.8963 181812659.38431 0 47012083.90651 117392112.08982 128470008.47792001 32768522.48273 169260883.97449 25500142.39008 123859811.76892 106669968.66558 149873761.93903 87560515.6056 122056873.82782 109778096.29517 47773225.88222 152563888.91698 41383852.34469 75077041.50153 103904998.32827 120189196.41662 178656690.76824 159843623.34787 104285137.49366 56919956.06983 53533748.059 95453142.96235 66880894.71185 177606177.4976 146869230.438 70741887.8835 193888277.87308 168221260.28026 178739196.82172 159582486.80116 20353968.227849998 94205677.17897 170619770.1603 112227041.60461 180182995.24009 130335036.08189 83905765.45352 20175283.6507 121256868.69455 88888140.43835 
68981293.23304 40587689.73632 224684715.98089 154440624.54881 129957157.28869 136888336.47851 47954238.64314 207205785.37946 47012083.90651 0 159021201.14669 167134287.01969 19934613.82525 152326643.06675 70181475.57263 154571554.64636 153409472.32077 141932177.42687 43536171.98636 100044499.01727 78621607.93249 3606947.18784 167640743.15058 45161727.96062 32839120.97194 121809315.17223 158415447.95254 203583284.98469 175947516.41661 151032241.31621 52697054.17992 29114857.90904 142465020.43558 25269658.59854 162385389.83173 121197462.95737 25937011.59023 218576690.43643 150478897.40015 158622549.49423 144480655.91195 46442356.73153 140659039.22171 184922962.12186998 92295224.91736 197959174.55936 168683453.61402 106175622.8768 35266850.72975 156229726.12434 52715632.96776 
90217898.67958 130863842.33874 116926563.75908 57465738.9039 59107559.71688 62929490.41281 206959781.56508 100713462.48565 117392112.08982 159021201.14669 0 17443354.68337 149585529.71053 199378443.32785 108295218.35913 51535034.36995 77342776.54115 162775114.81677 202364291.86703 177403599.01275 184879494.08046 161039656.70319 112101544.22249 127411724.85665 175936028.31815 88365827.69638 21027677.25373 99776882.86298 113309420.68606 50185180.45426 128069042.30833 147864742.36434 63028709.86819 182485717.85395 201733519.25907 201202952.17322 175855747.48668 111969419.4782 200369961.45045 213408748.70232 188549523.50371 127715915.71761 81215193.1171 124912239.64359 167899014.37843 121559810.38739 22131660.87087 87843708.16496 123754649.01634 34013351.18273 178057092.2036 
99599744.82884 141956297.78387 99633988.16071 45504937.19594 53860282.14477 55292588.8783 214802643.98241 83686869.97015 128470008.47792001 167134287.01969 17443354.68337 0 159394097.68261 193014932.44072 121499163.15269 39426108.76509 94690585.83403 155532438.88129 210668149.71998 175499280.42871 185688638.32863 169423562.63653 99560983.14089 133066251.42642 181325662.50544 82666384.16915 11015141.90678 82932487.09121 99816635.67361 67539286.54286 131570867.89421 153282307.93116 80466778.8053 191327701.41701 194464404.94691 198291506.93687 182060921.75265 94765840.35375 194263088.40958 207290719.20201 182373003.30337 139309748.41148 98658547.80047 111010871.19198 166466654.32393 106198799.14089 4773572.50722 86124334.79896 132083416.07661 22338995.28426 181373224.19676 
59962940.9366 22487823.86768 224893907.48749 152110004.29002 127801105.7681 135408412.54302 61172387.28654 207029077.06323 32768522.48273 19934613.82525 149585529.71053 159394097.68261 0 167702570.32151 52684048.80609 151448554.28201 136498779.17477 153897661.49688 55105048.77523 116333952.5887 97026195.68902 18695538.79343 171745280.87454 44890401.28554 52718448.65498 124116012.51923 151218321.12276 203607530.89378 179697026.36762 136399392.31831 60812795.03405 42942366.63702 126703373.65827 34306520.72015 177329350.9042 138710283.31856 45871625.41548 218789430.78232 166075900.89018 174946399.35465 159242790.2755 28069337.77854 123399742.83216 189495102.14292 107837985.33023 201161920.39125 161440877.69988 104046569.97846 30047830.58477 150881083.78577 71863401.09256 
159040367.24652 176241554.04278 172092970.2668 150011640.44151 140323992.51714 137732469.99086 166488570.45622 163591166.97488 169260883.97449 152326643.06675 199378443.32785 193014932.44072 167702570.32151 0 191628722.24258 155373886.6926 247660211.49069 38321595.14125 169889159.31543 52819631.6114 80204749.9363 155650852.90424 109276585.68839 128440427.87778 127413028.30742 111026726.28772 182482209.06229 159738544.14465 115694828.73444 228955654.13161 112360026.54979 124788797.54294 230657815.95594 167707971.15241 11280231.72491 40808612.06563 136114550.22465 168239709.38856 3295647.08752 14491461.42161 10966006.28091 180510077.96616 240502384.31074 113670326.76565 60045907.04427 131858523.21823 190583139.99027 115136138.16462 150170973.4264 170920332.9212 105786102.97299 
37195583.97537 30197340.25024 203578199.71669 128025020.08062 106192901.94779 115034589.90342 113609267.17716 185295953.37958 25500142.39008 70181475.57263 108295218.35913 121499163.15269 52684048.80609 191628722.24258 0 125384948.25448 83820542.74703 168180278.57717 107189763.15707 146116047.13895 135079575.88716 70236540.96343 163065455.23076 65674931.58605 100007206.81655 115047589.28261 115440372.62486 182529767.17058 169569712.1686 85597942.85425 80104916.40701 79019770.51566 74683875.70415 86425223.64767 199430034.27513 171268883.08804 95091088.69152 197576820.52668 190801073.62504 201775357.01554 181605871.2276 24740116.45359 70725992.41004 181021398.55475 136173021.67569 188438445.98336 124604375.79953 96207900.93999 45563050.09179 119248921.57468 114377851.77864 
94137212.2496 138339792.36748 78478578.90545 6150547.07255 25033220.08005 20714461.04406 200205591.2904 60280616.64491 123859811.76892 154571554.64636 51535034.36995 39426108.76509 151448554.28201 155373886.6926 125384948.25448 0 123732547.58457 117418332.511 197276309.40689 143165967.61012 157448020.35973 157439864.5896 60783112.15543 116378599.32123 162038156.16404 47999575.40927 30658991.73861 60256807.87601 62068633.84651 97475250.96251 110316164.43677 135048677.21471 107266688.61805 179770059.54635 156144408.72923 164272007.36065 164536991.02043 73881225.76729 156830386.3829 169783257.45612 144949456.30225 137263826.40322 124137759.74383 73837180.28367 135004275.15697 72446912.14735 36100221.63421 58474632.43923 121765804.73452 17521683.18722 157788335.37017 
95858768.15751 114011181.5939 194268637.32066 129264207.08578 119910075.0533 127274113.83513 197364435.77659 177903969.33133 106669968.66558 153409472.32077 77342776.54115 94690585.83403 136498779.17477 247660211.49069 83820542.74703 123732547.58457 0 215771317.85071 190824244.58123 211866884.53081 208540353.54808 153759478.40362 181357388.3274 138808943.19837 181192247.0982 144436530.4375 98370453.79488 176888940.56219 184472366.59955 32694370.64379 148287518.13124 156707194.0181 17476080.78238 170132416.5445 252825478.29059 237585495.52983 177353201.04595 189281415.64212 247764381.4722 260234130.68321 236775153.13593 108532323.17077 13820445.06554 196571689.08725 201489148.35721 196136872.85283 99464158.34125 133777796.69861 123525676.50424 108316242.15654 192226394.56924 
132897026.63129 157851480.82469 136780576.88124 111948936.44944 103702466.26163 104972067.91713001 166710101.22378 126913660.01114 149873761.93903 141932177.42687 162775114.81677 155532438.88129 153897661.49688 38321595.14125 168180278.57717 117418332.511 215771317.85071 0 168480739.3548 55939401.74731 84862517.05601 145498757.25325 71956107.80041 110441987.07994 123849692.44638 74647197.60495 145173311.02734 122952095.17011 78968871.52605 195374321.15354 96883646.34059 112856984.22639 198462709.2483 161655929.43937 38985235.7725 61609818.38165 131677715.28988 132495711.67375 40191694.53264 52812649.89762 28687137.4676 161237437.9968 209792123.29934 78634457.95371 56904624.94661 97000500.73419 152923099.65295 81993758.31875 131231942.14378 133306668.44564 105384201.47799 
112174296.03746 77262562.85441 265105662.27057 196820809.8187 172446740.00756 178985685.53166002 7601120.02216 248082885.10278 87560515.6056 43536171.98636 202364291.86703 210668149.71998 55105048.77523 169889159.31543 107189763.15707 197276309.40689 190824244.58123 168480739.3548 0 117741989.34756 89782105.89727 41331431.16874 205204202.58902 81063508.5036 44694429.22591 161713315.04425 201519913.56848 244340960.08975 213764954.86216 191504441.02795 90631953.28086 64378363.44431 181655297.27726 20821263.09526 180871229.75822 132537615.26473 37522751.20604 259117038.3976 167421949.65282 172773465.0605 164188093.44561 82468762.58737 177459550.35726 221750986.48931 113047419.28441 236083995.76086 212215560.39902 143219934.08973 78685286.90334 199563121.67932 64494538.92175 
117692228.75196 127101759.21769 183538584.42144 139175709.30281 121981916.9594 122797638.17157 114820239.2294 170593664.33745 122056873.82782 100044499.01727 177403599.01275 175499280.42871 116333952.5887 52819631.6114 146116047.13895 143165967.61012 211866884.53081 55939401.74731 117741989.34756 0 39373438.15765 103282628.82937 116646762.2834 80687316.17063 75461279.84977 95177787.08707 164485836.54909 166505842.66954 125005102.50113 197080329.10768 66231207.0378 73500421.46675 195848968.32189 114892193.46283 63465527.07656 25760768.52789 83322312.71032 178595156.38581002 51840479.625819996 58650282.45691 46448392.96316 131857511.04475 202823753.26239 128172919.18924 10388528.47439 145939048.44899 174270019.54495 89740152.06273 102126824.93482 155275753.02688 53301262.81055 
112681590.07617 111707239.1175 206366105.98625 154320691.17123 134198763.57330999 136733648.18158 86285422.75265 192156356.07959 109778096.29517 78621607.93249 184879494.08046 185688638.32863 97026195.68902 80204749.9363 135079575.88716 157448020.35973 208540353.54808 84862517.05601 89782105.89727 39373438.15765 0 81428758.14148 140064986.08468 70486673.73222 49012327.99034 110682605.19114 174782376.00098 188121286.71304 148686993.74463 197195917.42879 60563284.7563 56745418.70617 193702941.58626 89412260.88811 91283637.58781 43584065.00397 57879995.00891 200988816.27403 77675110.29156 83232802.20955 75171126.51045 117072352.21213 198104793.52346 153239404.22673 28984909.68326 170401441.4103 185177275.80423 100236529.39104 89701838.40231 167240798.81614 26856573.33875 
70874441.35334 40304290.213 227855962.71604 157392928.74092 132896339.25193 139911060.32032 46155315.69763 210626890.32490999 47773225.88222 3606947.18784 161039656.70319 169423562.63653 18695538.79343 155650852.90424 70236540.96343 157439864.5896 153759478.40362 145498757.25325 41331431.16874 103282628.82937 81428758.14148 0 171102619.10411 43096239.87639 34806463.23816 125136517.04782 160389158.31135 206781321.10153 179393105.53136 152011472.41498 56246290.8234 32721805.09688 143146598.31493 22334649.01156 165752498.62111 124195737.94882 27353480.28917 221795262.70869 153777701.16229 161932911.28628 147872276.9474 46104602.63368 140882481.26393 188409170.03431 95638467.25979 201380300.3961 171046141.07796 105700382.8653 37368129.06449 158837119.51396 55281179.76829 
126423439.83921 165896707.19658 67432345.78553 54648692.67546 62415412.53086 54324105.26271 205930301.12214 55150586.75221 152563888.91698 167640743.15058 112101544.22249 99560983.14089 171745280.87454 109276585.68839 163065455.23076 60783112.15543 181357388.3274 71956107.80041 205204202.58902 116646762.2834 140064986.08468 171102619.10411 0 128288291.30749 162857221.98865 48663034.02372 91412295.2297 51145529.00239 8732175.11123 156208426.05702 115346065.11465 141182077.24288 164221661.66516 191991723.71089 106788512.31381 130637597.39104 168275856.95449 61948394.10241 111557370.36081 123528052.90567 100482704.88663 166904089.89643002 179734010.69314 20904294.24054 112037186.3203 31085501.16076 95699237.41209 68716548.58897 142551834.55852 78275210.75849 150735170.20403 
43517436.74959 47977778.73031 184932327.14707 115779583.29462 91460703.95065 97922606.26583 84398856.92355001 167592183.22576 41383852.34469 45161727.96062 127411724.85665 133066251.42642 44890401.28554 128440427.87778 65674931.58605 116378599.32123 138808943.19837 110441987.07994 81063508.5036 80687316.17063 70486673.73222 43096239.87639 128288291.30749 0 48524680.98625 82921513.09142 123169238.45451 163936109.4421 136493768.00148 129900421.12287 16635279.14049 20468730.27544 124717348.59276 64834093.30052 137164562.74174 105639152.98932 49058117.61922 178887563.53745 127266106.08578 137530377.07197 119049709.08931 52069650.08838 127923365.5901 145768343.6913 70844958.99285 158386328.51164 134000103.3069 62725989.32919 21730545.54862 119766245.03116 53945747.71834 
89687704.52485 71917783.84891 224960564.42038 160664581.94475 137029738.63356 142446246.06299 43735244.18759 208574691.69881 75077041.50153 32839120.97194 175936028.31815 181325662.50544 52718448.65498 127413028.30742 100007206.81655 162038156.16404 181192247.0982 123849692.44638 44694429.22591 75461279.84977 49012327.99034 34806463.23816 162857221.98865 48524680.98625 0 121997859.39222 171248973.54601 204697012.50369 171525326.2021 175601028.26396 51771559.02728 28094769.75525 168746390.13549 40505228.39751 138124696.31723 92578732.95641 8868359.37938 219090443.97877 125170516.27783 131793279.9931 120917569.41147 77755677.11545 169077356.61545 178853559.9258 69000207.15873 193915955.67556 182084765.33605 105114648.38533 57853782.08696 167085888.47064 22160017.03922 
78095427.31208 117377153.58033001 103405337.43083 44085991.38687 29302327.8852 35146516.60576 163372455.85143 86636936.67027 103904998.32827 121809315.17223 88365827.69638 82666384.16915 124116012.51923 111026726.28772 115047589.28261 47999575.40927 144436530.4375 74647197.60495 161713315.04425 95177787.08707 110682605.19114 125136517.04782 48663034.02372 82921513.09142 121997859.39222 0 71883281.47555 82889257.23815 56037647.54194 122177389.27075 71257043.39357 97392068.21121 126961117.89011 146757535.56965 113504158.01905 116481522.3506 126094175.75887 97437333.2796 112070860.03869 125114975.72041 100224854.27782 118241055.87271 140274771.47542 67316403.13831 87157051.7945 77078951.88026 80712713.99589 20195523.76223 94506507.22737 61172125.61053 114136236.21094 
91272849.11910999 134354709.93637 98198676.24191 36795202.8938 42930341.91559 44781816.73546 205468979.34167 81293932.52529 120189196.41662 158415447.95254 21027677.25373 11015141.90678 151218321.12276 182482209.06229 115440372.62486 30658991.73861 98370453.79488 145173311.02734 201519913.56848 164485836.54909 174782376.00098 160389158.31135 91412295.2297 123169238.45451 171248973.54601 71883281.47555 0 80022943.29418 92375541.32354 69829819.42252 121129796.50359 143263486.28955 81449503.23833 182437926.78206 184141255.84289 187314947.06884 172219072.889 92945195.57087 183679351.91338 196715774.19704 171795975.00751 132023416.59039 99715978.79248 103921906.14767 155452512.95404 101336402.81799 10836475.22434 75121876.2048 123148597.22279 13137308.55139 170804309.17942 
149467986.12992 192986086.14996 21340493.98683 54562580.52555 77130635.44716 68727370.1552 246144178.68426 4088902.80053 178656690.76824 203583284.98469 99776882.86298 82932487.09121 203607530.89378 159738544.14465 182529767.17058 60256807.87601 176888940.56219 122952095.17011 244340960.08975 166505842.66954 188121286.71304 206781321.10153 51145529.00239 163936109.4421 204697012.50369 82889257.23815 80022943.29418 0 50714529.41144 149715318.92357 154023862.43137 180119548.93652 161432414.84185 228756519.61563 156380789.46556 181621302.41993 208899214.82612 15235721.25743 162156184.62239 173793146.20386 151316434.08566 192554589.52985 179103244.37418 47786798.74753 161030418.04173 32497533.55278 78173292.08852 101238527.53273 173559859.16671 69459865.66353 195602869.18076998 
133201579.89211 173334349.73816 58700170.6743 56067030.14256 66936671.44049 58440387.32109 214547547.22093 47966854.89011 159843623.34787 175947516.41661 113309420.68606 99816635.67361 179697026.36762 115694828.73444 169569712.1686 62068633.84651 184472366.59955 78968871.52605 213764954.86216 125005102.50113 148686993.74463 179393105.53136 8732175.11123 136493768.00148 171525326.2021 56037647.54194 92375541.32354 50714529.41144 0 158855430.35397 123773703.93548 149673715.32872 167515298.50499 200389700.22726 112593642.31557 138442628.09573 176892746.99398 53945635.14158 118095152.13119 129796232.26819 107259773.08705 174178296.24611 183455476.2289 12172119.12931 120568866.79402 22391286.01682 95719747.33138 76233171.30417001 150544154.76931 79298930.10488 159467199.43832 
86432626.12254 114465645.59959 167111471.39766 103167995.21238 95923455.99771 102693409.15524 197440602.85961 150786363.63347 104285137.49366 151032241.31621 50185180.45426 67539286.54286 136399392.31831 228955654.13161 85597942.85425 97475250.96251 32694370.64379 195374321.15354 191504441.02795 197080329.10768 197195917.42879 152011472.41498 156208426.05702 129900421.12287 175601028.26396 122177389.27075 69829819.42252 149715318.92357 158855430.35397 0 136690489.1522 149236055.83441 15218289.86141 170699017.17778 233300668.4908 222504159.04457 173009833.43503 162133216.06394 229333232.85158 242074939.89215 217997174.466 109656705.75941 32851036.44187 170896824.2037 186824908.65725 169687258.4584 72277325.32182 113895078.86687 118041875.03233 81600709.21305 183775847.61022 
52590758.21713 64489872.55305 174657323.51224 108893041.28485 85326255.67155 90677180.72137 92121556.59528 157819824.81633 56919956.06983 52697054.17992 128069042.30833 131570867.89421 60812795.03405 112360026.54979 80104916.40701 110316164.43677 148287518.13124 96883646.34059 90631953.28086 66231207.0378 60563284.7563 56246290.8234 115346065.11465 16635279.14049 51771559.02728 71257043.39357 121129796.50359 154023862.43137 123773703.93548 136690489.1522 0 37104009.41593 133208074.79113 76657645.57535 120862343.20988 91706196.88302 55016827.46025 168694244.9981 111348330.2671 121892615.28673 102784261.10891 68385042.23328 138275007.95439 132415599.64912 56068105.26868 145964428.79164 131914864.72613 53492666.50176 37998312.29342 116030250.06555 49998558.30813 
62837743.12206 55041172.81804 200797362.67835 134018256.0893 110020520.65711 115910899.61865 66050008.81274 183897416.80035 53533748.059 29114857.90904 147864742.36434 153282307.93116 42942366.63702 124788797.54294 79019770.51566 135048677.21471 156707194.0181 112856984.22639 64378363.44431 73500421.46675 56745418.70617 32721805.09688 141182077.24288 20468730.27544 28094769.75525 97392068.21121 143263486.28955 180119548.93652 149673715.32872 149236055.83441 37104009.41593 0 143325521.7328 51263808.09536 134508715.29741 96530825.73003 29488478.05196 194826098.53687 123139459.24181 132053766.38057 116462008.20997 60341565.99309 145224619.5367 158036746.50348 64895983.22016 171928567.00351 154099871.62453 79272757.34705 33922717.34537 139392097.3753 35709929.00067 
81492003.60326001 104393507.06705 179499613.28096 112662982.68928 102566025.60168 110038601.51666 187873517.35707 162743435.76362002 95453142.96235 142465020.43558 63028709.86819 80466778.8053 126703373.65827 230657815.95594 74683875.70415 107266688.61805 17476080.78238 198462709.2483 181655297.27726 195848968.32189 193702941.58626 143146598.31493 164221661.66516 124717348.59276 168746390.13549 126961117.89011 81449503.23833 161432414.84185 167515298.50499 15218289.86141 133208074.79113 143325521.7328 0 160841609.66487 235668596.94245 221590192.21153998 165497065.72603 174342411.76263 230818167.58066 243354574.2077 219750577.66693 99423992.15774 18266475.55415 179642581.66981 185494448.58191 179712332.86537 85116091.50165 116475618.50102 110893232.1535 92384787.50924 178522530.25696 
92959619.83424 56448192.25457 249766420.44759 179691890.84371 155201643.64997 162157505.49185 27263029.35734 232426276.52628002 66880894.71185 25269658.59854 182485717.85395 191327701.41701 34306520.72015 167707971.15241 86425223.64767 179770059.54635 170132416.5445 161655929.43937 20821263.09526 114892193.46283 89412260.88811 22334649.01156 191991723.71089 64834093.30052 40505228.39751 146757535.56965 182437926.78206 228756519.61563 200389700.22726 170699017.17778 76657645.57535 51263808.09536 160841609.66487 0 178357720.53939 132995964.76851 31676761.2972 243720435.68707 165529189.61479 172296846.02964 160886123.88225 61691053.32117 156820589.86986 209058048.26162 108607583.23214 222518519.45544 193051446.81388 127560076.48963 59289570.5648 181093967.45339 62615990.08925 
166022609.98902 185103570.86037 167587362.70118 150575118.53634 142641773.82263 139382621.00486 177563370.22659 160132661.66998 177606177.4976 162385389.83173 201733519.25907 194464404.94691 177329350.9042 11280231.72491 199430034.27513 156144408.72923 252825478.29059 38985235.7725 180871229.75822 63465527.07656 91283637.58781 165752498.62111 106788512.31381 137164562.74174 138124696.31723 113504158.01905 184141255.84289 156380789.46556 112593642.31557 233300668.4908 120862343.20988 134508715.29741 235668596.94245 178357720.53939 0 52019535.01942 146778098.49804 164034950.32672 14284202.49033 19055122.17769 18144265.85339 189207680.72652 246147660.78892 109444708.47359 70138828.85889 127458769.05246 191797759.87197 119446672.1464 158816523.57561 172209184.42931 116637497.29055 
143423589.44331 151091346.04227 197024097.74703 159835450.54539 144463785.68205 144387167.35341 128440944.81551 185669210.64513 146869230.438 121197462.95737 201202952.17322 198291506.93687 138710283.31856 40808612.06563 171268883.08804 164272007.36065 237585495.52983 61609818.38165 132537615.26473 25760768.52789 43584065.00397 124195737.94882 130637597.39104 105639152.98932 92578732.95641 116481522.3506 187314947.06884 181621302.41993 138442628.09573 222504159.04457 91706196.88302 96530825.73003 221590192.21153998 132995964.76851 52019535.01942 0 101446997.61519 192387099.41346 37736070.24525 40437952.05391 39973010.16703 156059218.64867 228583338.9867 139572797.04 36148332.73418 157863144.94598 196760219.96701 113371261.96977 126790521.46977 177442223.59746 70418937.3764 
87955344.17175 66151189.68094 229389051.55261 163478004.94275 139508288.65431 145346543.75539 37654911.96174 212725552.58989 70741887.8835 25937011.59023 175855747.48668 182060921.75265 45871625.41548 136114550.22465 95091088.69152 164536991.02043 177353201.04595 131677715.28988 37522751.20604 83322312.71032 57879995.00891 27353480.28917 168275856.95449 49058117.61922 8868359.37938 126094175.75887 172219072.889 208899214.82612 176892746.99398 173009833.43503 55016827.46025 29488478.05196 165497065.72603 31676761.2972 146778098.49804 101446997.61519 0 223464429.99597 133902381.0036 140624767.05676 129481626.60199 72020055.35879 164946561.34255 184593015.0862 77392399.75291 199284033.0108 183047492.59197 108478053.59415 54980322.64426 168705114.56419 31028373.62607 
164678214.35485 208220637.7878 6108025.54446 69555494.25886 92347342.13523 83961888.3759 260805103.98752 19324624.05796 193888277.87308 218576690.43643 111969419.4782 94765840.35375 218789430.78232 168239709.38856 197576820.52668 73881225.76729 189281415.64212 132495711.67375 259117038.3976 178595156.38581002 200988816.27403 221795262.70869 61948394.10241 178887563.53745 219090443.97877 97437333.2796 92945195.57087 15235721.25743 53945635.14158 162133216.06394 168694244.9981 194826098.53687 174342411.76263 243720435.68707 164034950.32672 192387099.41346 223464429.99597 0 170820890.25149 181991793.95687 160389615.3131 207777116.222 192203413.84376 54620842.48298 173477846.07043 36818018.44898 89994994.38652 116163642.11986 188743031.12049 83139383.45663 209387816.02747 
158550561.78886 175158911.19571 174729537.49014 151526888.98535 141372597.95535 138970506.18795 163934712.2418 166027200.00512 168221260.28026 150478897.40015 200369961.45045 194263088.40958 166075900.89018 3295647.08752 190801073.62504 156830386.3829 247764381.4722 40191694.53264 167421949.65282 51840479.625819996 77675110.29156 153777701.16229 111557370.36081 127266106.08578 125170516.27783 112070860.03869 183679351.91338 162156184.62239 118095152.13119 229333232.85158 111348330.2671 123139459.24181 230818167.58066 165529189.61479 14284202.49033 37736070.24525 133902381.0036 170820890.25149 0 13044442.35255 11894314.9455 179305499.21012 240447575.82079 116291593.71076 58284986.69892 134518112.08247 191896415.92439 115704329.16296 148994937.99232 172226483.07359 103448587.18292 
170212120.00205 184896722.72945 185716246.03484 164447685.81526 154416561.47235 151998650.45279 168813601.79957 177615714.83833 178739196.82172 158622549.49423 213408748.70232 207290719.20201 174946399.35465 14491461.42161 201775357.01554 169783257.45612 260234130.68321 52812649.89762 172773465.0605 58650282.45691 83232802.20955 161932911.28628 123528052.90567 137530377.07197 131793279.9931 125114975.72041 196715774.19704 173793146.20386 129796232.26819 242074939.89215 121892615.28673 132053766.38057 243354574.2077 172296846.02964 19055122.17769 40437952.05391 140624767.05676 181991793.95687 13044442.35255 0 24919945.72622 189406205.19452 252725299.74005 127374519.06097 67317674.20408 145453734.88666 204907497.61046 128469986.43282 159239961.75977 185239086.57588 109749055.86488 
148610969.79628 166976165.24317 164460008.32514 139660518.37314 129527081.65029 127080414.42507 161182728.82314 155226627.97716 159582486.80116 144480655.91195 188549523.50371 182373003.30337 159242790.2755 10966006.28091 181605871.2276 144949456.30225 236775153.13593 28687137.4676 164188093.44561 46448392.96316 75171126.51045 147872276.9474 100482704.88663 119049709.08931 120917569.41147 100224854.27782 171795975.00751 151316434.08566 107259773.08705 217997174.466 102784261.10891 116462008.20997 219750577.66693 160886123.88225 18144265.85339 39973010.16703 129481626.60199 160389615.3131 11894314.9455 24919945.72622 0 171103686.99149 229696765.34217 106048720.62521 52394790.64834 124366850.81136 180002194.77354 104170813.43713 140716256.19792 160332346.9555 99743904.24759 
43188725.5765 5869113.63432 213866777.3677 138947360.37896 115432374.81529 123873225.55774 88869242.22421 195659716.39799 20353968.227849998 46442356.73153 127715915.71761 139309748.41148 28069337.77854 180510077.96616 24740116.45359 137263826.40322 108532323.17077 161237437.9968 82468762.58737 131857511.04475 117072352.21213 46104602.63368 166904089.89643002 52069650.08838 77755677.11545 118241055.87271 132023416.59039 192554589.52985 174178296.24611 109656705.75941 68385042.23328 60341565.99309 99423992.15774 61691053.32117 189207680.72652 156059218.64867 72020055.35879 207777116.222 179305499.21012 189406205.19452 171103686.99149 0 95466108.86363 184954834.40293 122346774.38386 194480450.96099 141908350.72158 98234582.46108 30393535.03207 133861116.2044 94221807.47283 
85684754.25714 100911918.96448 197424346.1992 129343392.09976 117533011.24935 125410216.67403 184074097.21732 180513977.39233 94205677.17897 140659039.22171 81215193.1171 98658547.80047 123399742.83216 240502384.31074 70725992.41004 124137759.74383 13820445.06554 209792123.29934 177459550.35726 202823753.26239 198104793.52346 140882481.26393 179734010.69314 127923365.5901 169077356.61545 140274771.47542 99715978.79248 179103244.37418 183455476.2289 32851036.44187 138275007.95439 145224619.5367 18266475.55415 156820589.86986 246147660.78892 228583338.9867 164946561.34255 192203413.84376 240447575.82079 252725299.74005 229696765.34217 95466108.86363 0 195619342.79877 192435419.71489 196477829.35598 103264382.36208 128044112.43935 111701501.75509 109815687.04814 180876642.44507 
144447913.88797 183934310.86286002 58441850.70969 67903798.42978 79056162.73794 70595518.62938 222209629.18532 51273164.64891 170619770.1603 184922962.12186998 124912239.64359 111010871.19198 189495102.14292 113670326.76565 181021398.55475 73837180.28367 196571689.08725 78634457.95371 221750986.48931 128172919.18924 153239404.22673 188409170.03431 20904294.24054 145768343.6913 178853559.9258 67316403.13831 103921906.14767 47786798.74753 12172119.12931 170896824.2037 132415599.64912 158036746.50348 179642581.66981 209058048.26162 109444708.47359 139572797.04 184593015.0862 54620842.48298 116291593.71076 127374519.06097 106048720.62521 184954834.40293 195619342.79877 0 124631473.57657 18366042.78048 106802109.24688 86752681.04476 160433748.10342 90908306.49521 165704616.08034 
108448133.28679 117712873.42115 178712986.86089 131242813.54287 113237020.71408 114474992.51599 110714049.0506 165117448.53019 112227041.60461 92295224.91736 167899014.37843 166466654.32393 107837985.33023 60045907.04427 136173021.67569 135004275.15697 201489148.35721 56904624.94661 113047419.28441 10388528.47439 28984909.68326 95638467.25979 112037186.3203 70844958.99285 69000207.15873 87157051.7945 155452512.95404 161030418.04173 120568866.79402 186824908.65725 56068105.26868 64895983.22016 185494448.58191 108607583.23214 70138828.85889 36148332.73418 77392399.75291 173477846.07043 58284986.69892 67317674.20408 52394790.64834 122346774.38386 192435419.71489 124631473.57657 0 142017311.81278 165380226.26336 80432461.47649 92411371.04532 146573966.29686 48762242.38447 
152726986.5041 193927194.42686 40263287.01443 67134521.58967 83295299.48824 74415462.67233 236914352.35959 35384011.6983 180182995.24009 197959174.55936 121559810.38739 106198799.14089 201161920.39125 131858523.21823 188438445.98336 72446912.14735 196136872.85283 97000500.73419 236083995.76086 145939048.44899 170401441.4103 201380300.3961 31085501.16076 158386328.51164 193915955.67556 77078951.88026 101336402.81799 32497533.55278 22391286.01682 169687258.4584 145964428.79164 171928567.00351 179712332.86537 222518519.45544 127458769.05246 157863144.94598 199284033.0108 36818018.44898 134518112.08247 145453734.88666 124366850.81136 194480450.96099 196477829.35598 18366042.78048 142017311.81278 0 101675079.85901 97240633.76234 171583362.53212 88199094.2666 181751686.65022 
101483736.22104 144404233.97817 94873013.19492 42080344.90614 52334431.32636 53043718.11786 216276641.55803 78915159.56315 130335036.08189 168683453.61402 22131660.87087 4773572.50722 161440877.69988 190583139.99027 124604375.79953 36100221.63421 99464158.34125 152923099.65295 212215560.39902 174270019.54495 185177275.80423 171046141.07796 95699237.41209 134000103.3069 182084765.33605 80712713.99589 10836475.22434 78173292.08852 95719747.33138 72277325.32182 131914864.72613 154099871.62453 85116091.50165 193051446.81388 191797759.87197 196760219.96701 183047492.59197 89994994.38652 191896415.92439 204907497.61046 180002194.77354 141908350.72158 103264382.36208 106802109.24688 165380226.26336 101675079.85901 0 85248702.81733 133765584.76309 19671685.84685 181640784.40376 
59031319.26799 97181629.8181 122206478.65611 55983268.11424 33962234.18227 37760171.39517 145290885.49519 104926507.45961 83905765.45352 106175622.8768 87843708.16496 86124334.79896 104046569.97846 115136138.16462 96207900.93999 58474632.43923 133777796.69861 81993758.31875 143219934.08973 89740152.06273 100236529.39104 105700382.8653 68716548.58897 62725989.32919 105114648.38533 20195523.76223 75121876.2048 101238527.53273 76233171.30417001 113895078.86687 53492666.50176 79272757.34705 116475618.50102 127560076.48963 119446672.1464 113371261.96977 108478053.59415 116163642.11986 115704329.16296 128469986.43282 104170813.43713 98234582.46108 128044112.43935 86752681.04476 80432461.47649 97240633.76234 85248702.81733 0 74349955.27646 67328928.20972 99686783.0655 
33806156.63662 26623603.73059 194846076.90272 122247215.38658 97818330.69106999 105405466.8273 83214469.55233 176982343.91224 20175283.6507 35266850.72975 123754649.01634 132083416.07661 30047830.58477 150170973.4264 45563050.09179 121765804.73452 123525676.50424 131231942.14378 78685286.90334 102126824.93482 89701838.40231 37368129.06449 142551834.55852 21730545.54862 57853782.08696 94506507.22737 123148597.22279 173559859.16671 150544154.76931 118041875.03233 37998312.29342 33922717.34537 110893232.1535 59289570.5648 158816523.57561 126790521.46977 54980322.64426 188743031.12049 148994937.99232 159239961.75977 140716256.19792 30393535.03207 111701501.75509 160433748.10342 92411371.04532 171583362.53212 133765584.76309 74349955.27646 0 122047065.02838 69588772.75042 
91600791.68013 135657579.3076 88673209.21413 23672213.52569 33366694.02745 33402370.29221 203088530.7414 71139765.01589 121256868.69455 156229726.12434 34013351.18273 22338995.28426 150881083.78577 170920332.9212 119248921.57468 17521683.18722 108316242.15654 133306668.44564 199563121.67932 155275753.02688 167240798.81614 158837119.51396 78275210.75849 119766245.03116 167085888.47064 61172125.61053 13137308.55139 69459865.66353 79298930.10488 81600709.21305 116030250.06555 139392097.3753 92384787.50924 181093967.45339 172209184.42931 177442223.59746 168705114.56419 83139383.45663 172226483.07359 185239086.57588 160332346.9555 133861116.2044 109815687.04814 90908306.49521 146573966.29686 88199094.2666 19671685.84685 67328928.20972 122047065.02838 0 165044780.41727 
