101
3WJYJDDU 9QJRN GNVXN 8MDFNIK8AY B690 W71YV1R66L G4QE3I P6RI91D87 ET82NVH9 SQLSVN 9V10EOH YU3U1T CB93 2BLLD3SK 1UCE IHN21LA4 DNIV2BOR2P 91ZONFE DDB26ZHC EFIKTK4Y0Y G90OCSZY 0TRB9358 JX6GCY YQB2CII950 7T8I47 HQG39M 79KTC8AS9 4UE11 ETNCY9XH2 EEZS A118 FM2HEMVR1 KCOFJD 7622OJ HBQM42U 8UPUEGO ARTWTP9 VOAV ETB2 26PG C8WREP 3IXHQXHYBV FWM5C LM7KL5G3V 02X2C PIW6IC50D QW15YTSV ZZACWP M35E E5HD H41HZ6 J2ETZ1C LQQ5IH A8WYICH3 ZH2INF E9DZLL 4C88SXD ZMQ5BH MLKOJ E2DHWGC 8TH7QVQY ZMZIWZ 3J6SSA DST5W4G0 01G9IQ2 MXJIYJYNH4 PUW25N Q7ZEY YSRPP HM48FZD0 L7QS0UEPJ KBI1CALMNJ CKNDWG GH8C 4P0LGP0 FM2G14H8I M71OYIS CV6NHW7M LBR67PCKBJ 7GAD3F O44VZ PMXEOGGIQ GILAN21GR3 FPZT VGYKKKOFLZ CXQDH6YMZ8 DYYG23O GN4G0L2 M649OA 5HULMUDLAQ Q7Z37G5 RP28W1 5XYO E37ZKA8WK 4VE7V H1LQ91V 6PVQIBNB9 2B1K6EW9CL 9K8PLAET B3R68HYWZ Satish
0 101821181.58471 53485144.63879 67751651.11541 29444693.39753 103462373.9917 104415952.13163 131223859.39383 46213185.14467 171596378.75051 84052448.56129 56224733.01356 29503660.56169 50168678.37826 55699359.94666 149319772.98505 114128242.93042 82398296.89594 184074925.33606 82887128.61174 92909854.87638 88974315.59744 66366227.59579 121056196.57959 137233035.83111 139908732.36404 123333532.07904 131479252.79752 125156058.64519 139054230.20707 78359275.01413 33846083.12421 130436260.09875 48121799.04259 24622155.42205 97783406.8424 120535358.3342 136257222.12583 118713508.55776 66622975.02577 153285450.80765998 114031159.25704 80571701.58664 105136264.0508 146061283.79695 81708922.07366 66244251.25129 27247112.54944 85089021.52768 58496014.67578 58761360.23045 151180007.25344 124658488.63088 86650822.84535 92247203.62899 82538559.62683 157336697.06009 57397282.4578 55580614.77497 53891821.70315 63122722.82377 133627875.41104 105096558.60968 129722973.02715 136549579.56065 116367466.29937 142177473.587 51995924.60978 72066506.77098 57382990.83791 42156660.4271 161028038.43556 139269204.40302 106066250.58997 83424112.65306 88666446.72521 129403634.12826 139982991.33826 118557990.89779 48442954.46317 90674058.28326 113910941.32336 78135161.24707 94161734.44492 29383595.22461 154979410.57736 111020510.63555 35914106.29342 70961264.04448 99712240.87364 35109267.84239 144745254.39605 169004847.8448 86653641.55468 158841282.15553 76777850.8824 40589308.54683 130328334.07934 86688762.76192 115867339.62547 158682452.7855 
101821181.58471 0 148098519.71229 109674091.91122 94221676.29702 127423318.9932 34380832.505 120644617.97705 146895017.47644 73817428.73116 79812152.98518 130294502.07218 72798111.88478 151403359.91261 124351460.09414 71214414.63658 105508931.22572 83253835.46237 82322017.07697 42381356.75159 18715407.50611 114168391.70089 127085658.3734 51939169.0831 40997647.77724 100176111.77292 128760727.96401 33573918.91545 40469375.09901 87010163.23477 23490842.43531 126565711.79186 58492654.43549 149114518.15351 107802337.51718 46093587.4462 59610962.81388 67590388.77558 76224536.00788 101385313.77218 72633343.42059 101299337.81645 109269995.14051 77667511.59564 67925465.9109 28043844.71194 76447891.75516 126626881.20891 71092192.41669 155099440.67516 72124643.10296 57071319.16458 22984271.43601 43641615.83669 26968798.18921 82135361.05811 62639652.24587 67650562.30178 118858201.21958 82704417.00626 151248262.8491 37003953.02411 24487709.54044 115644784.20895 52867949.22962 17132329.6312 48205626.47593 53927115.38584 132062890.53365 94030762.29902 65410324.47198 135751232.39691 42309637.09323 29054159.07264 40517220.4923 19778251.09998 71370326.13407 47750622.93616 88891134.16013 55121662.27363 84429983.55563 113959910.14658 98798739.58502 19213319.32565 125536948.55095 59560875.06246 63401654.24365 91909294.75469 84853333.24618 23448160.11579 122830202.09652 78957973.43348 73685247.44385 83942444.3371 57044082.52185 27073732.0748 133532289.7013 89464977.79181 57862566.65847 81361286.28696 67007422.4835 
53485144.63879 148098519.71229 0 113179064.65601 80360578.19649 148558037.76402 141406219.4829 181430521.81784 44422752.1321 220760053.55554 136723836.87981 89562782.45631 77045510.61592 23745074.52636 93014134.26907 180849149.40603 121653376.48545 98642169.72233 229711024.86958998 118581023.12985 135333525.93664 135853091.46703 104551314.62134 173749541.45464 186501820.29531 156067136.84534 171034953.77444 173600228.54301 176343708.30094 160971248.92995 125034651.95772 42214738.21016 162212023.66178 43100227.04882 40329201.74643 130696297.30925 150072460.47712 189334018.36938 172161568.47358 71846750.1123 205709137.72493 165585977.61019 127904812.36127 125200457.03146 198609666.37886 123462676.63746 88276504.83285 48404360.74691 107703796.08759 13930262.64526 85503405.71277 201310062.00953 169912787.62327 139437427.58632 132136359.09549 134959550.6159 195984076.47693 110864842.12766 96101871.98791 75217787.52637 15127731.93319 174936665.43643 145169802.98791 135586656.93753 172012085.28667 164082496.55559 181665216.53856 103774172.79863 51670168.81403 69392336.05571 95004165.10806 166167345.65856 180346040.80263 144797945.73908 119771038.61518 131630359.89312 155820806.76831 190345977.89242 171496543.00007 99380489.27457 106409767.75956 116751119.00794 85020681.81997 136241886.80065 24249892.54356 204803748.09603 164463460.35553 58509642.09381 122865584.56697 140082409.16684 31690988.58037 171639890.54448998 219037677.69869 102555136.11945 203806299.59216 121250462.03304 14567043.84072 183587988.74013 140145786.21723 135597897.95543 195606063.30997 
67751651.11541 109674091.91122 113179064.65601 0 38757199.74663 36269018.44405 130976069.18923 69838405.29919 79363297.47158 158526206.03062 40344597.801599994 33268089.95958 71844108.89515 98224918.10485 26214859.34198 176814932.83413 169130792.12605 135927725.61731 180673905.3042 116889899.907 112431072.3174 22677172.85658 20815621.34588 96661573.37816 128124898.13107 185775411.34686 57865808.009330004 143160085.49749 109779300.38359 179473940.26593 92707384.82388 71186931.35054 160108226.06153 82096561.4066 91796721.61264 131853151.06998 154710059.46227 105619451.61858 78154327.83817 128818175.07696 126411533.60652 57774837.77527 15025192.53913 151869659.18122 119095061.9396 106037075.84633 119247626.01262 65506603.36307 133200873.6787 109325433.75295 110207811.3285 136700229.66539 130144770.68337 70577872.76334 116861725.64825 37207718.77797 172290672.11609 42582341.40596 20149940.58971 110816877.19408 126072682.05884 146672595.9495 126112862.30825 184337786.72958 159792366.62291 116215682.33475 157541231.28504 62477903.10388 139184788.92243 118421852.96136 54704008.27903 213874125.42833 151909850.13971 129330369.32119 116322020.82688 108293559.2475 166066314.60984 126115289.14229 70208384.9384 65508299.34391 143217043.54245 171674892.6371 137900870.59938 114037546.05751 92381948.69987 141252869.57396 77713083.04751 98038210.5254 27243167.84648 121476253.46206 82811495.40295 178909455.62307 152871425.27118 139759794.96209 159880927.1579 97192549.47428 103746251.5843 84299274.61969 59669868.74687 161328032.49908 176579719.49844 
29444693.39753 94221676.29702 80360578.19649 38757199.74663 0 74625247.45088 106490094.60279 101989942.47154 58063808.38376 157225505.83833 56579899.4976 39102795.15026 36127370.49422 70920457.76448 35025819.18209 153052423.36631 133224534.30579 100099829.08813 173916917.85129 88287696.12156 90706677.71953 59819109.179419994 43048968.51378 101012689.87622 123604817.98774 153619051.65323 93916010.41359 126904027.33776 108603575.16702 149613737.65389 72449530.52902 41882751.18935 134930910.27086 60713740.46944 53560096.53991 103813331.15617001 127254603.42586 114600068.91302 93540889.76799 90509002.24849 133346243.52863 85342369.72773 51355743.62038 118867738.24701 125915411.2852 81509402.67973 83278770.32006 38590361.05446 99278458.24937 79852096.02711 74482804.04255 135788863.07513 116951014.55604 67564749.84169 92746962.98603 55071028.5779 154970119.93157 34254471.0001 32062723.25241 73517260.01204 91535897.64528 129770049.89281 104246186.17017 148695128.96183 137827423.17426 105741210.14573 139668482.95015 40418718.77548 100718643.05696 80267714.2257 28909842.68173 179101183.14119 135374045.27952 106438260.04425 88197791.87599 86328516.33838001 137692038.60916 124525570.88536 91453882.15934 40033569.58304 107869472.20749 134851563.42052 100227004.90963 92211835.85246 57315964.82438 139985610.54442 87636483.2045 59492452.29978 42505014.05222 99027650.30129 48693498.27709 151931491.9988 153377497.82589 104160886.98174 150110189.48201 74024234.45237 68828236.88183 104032332.52551 63761831.35818 129007569.82395 157765825.4492 
103462373.9917 127423318.9932 148558037.76402 36269018.44405 74625247.45088 0 154328993.81594 42570636.17472 111765044.0282 160821255.52643 47663266.2065 62221912.30796 105322623.37413 132060096.10817 56818436.51424 198001155.31251 200991623.67872 168078022.24907 186926749.28846 143928879.87332 134694550.02713 15675357.55367 46194203.2558 99051746.20137 135306833.1339 213999501.79364 25034603.97548 159368115.41042 115657384.85863 205787946.57899 115454503.18449 106354869.23103 182951966.14963 114376895.90757 127978338.72116 157903240.15653 179574221.67544 102263351.22482 72357111.43635 163512389.82674 123036230.93301 41158010.37158 23839496.05281 181359031.27859 116487391.96703 130749344.15922 151758941.09731 100331520.01509 163797730.24843 143686372.92944 142680389.80331 139956950.39565 144582870.34733 84072990.23544 140619911.72079 45289776.77936 188148018.57016 67878196.11843 52684413.81267 144580267.88642 161841292.8051 163240249.36308 147686744.03665 215814768.76398 179998809.20367 129453008.51962 174431478.07092 89994511.88791 175301978.08049 152978290.63778 85127570.10615 244255461.6243 167926912.35505 151531165.89083 143038018.43937 131041651.15896 191397320.9312 130826375.66095 59130865.46788 94304662.89013 174848890.26658 204435009.5933 171792571.88853 136274002.28756 128421297.57585 144550361.82135 77907468.13419 133210094.17697 45399708.76374 143746187.58124 118752899.88019 202769814.39043 153801125.85605 171658427.13102 169730939.59923 121548067.18935 139703444.70378 72191771.52388 70146064.43358 190074165.25603 193567426.08431 
104415952.13163 34380832.505 141406219.4829 130976069.18923 106490094.60279 154328993.81594 0 152776244.15185 150559363.36678 95857875.52379 107896781.36629 145172680.74849 75584936.60724 150022120.05487 140322784.08104 46595297.14609 73562748.93668 57575407.20017 93753667.66229 22829871.93442 19867631.57812 139871026.21727 145475471.85973 86284836.21104 68632190.11426 65865758.1603 158993324.72117 35616299.67148 73598722.45722 53456640.42991 38919779.99657 129639844.75287 29133068.61063 152343230.52341 102297785.13694 14733286.81523 26041749.27606 101625118.02149 109994528.61153 81579997.31911 104483684.64344 132853563.15175 133758385.38799 45197226.91861 100624822.96983999 28366509.05457 57029906.82812 131436480.54631 44330214.04582 150954678.84031 57115854.36828 84274547.27639 40726177.05009 73895327.45981 14127993.07426 109715230.79914 54581965.3652 88699540.77064 135794973.17485 67720588.06462 141103719.97278 35550475.83122 10451073.27464 82286112.7348 33124776.548529997 47268692.65906 41939024.64525 68989079.85483 114120985.59106 77122986.20074 78835950.08996 101373353.93802 40331051.52659 6177200.9868 21730496.46481 23289372.18665 38057619.45766 77242312.5598 121947708.85526 67244448.22234 56155834.52635 82863263.57711 75200894.25871 18367813.01462 121812926.40833 85445821.92161 97070367.45608 82904569.45202 109503582.45606 14048328.34149 121820744.25563 49598393.86272 98293022.83162 56878649.0807 68240873.49515 33794358.16721 127317750.8334 123492809.05597 87780849.29602 47436483.98852 54713820.37615 
131223859.39383 120644617.97705 181430521.81784 69838405.29919 101989942.47154 42570636.17472 152776244.15185 0 149180473.68607 133906339.85563 51341355.46126 101309103.68878 124035520.02966 167874592.39635 94929139.87493 191185824.6398 211550922.40128 180380617.13973 162843319.94189 148507348.55026 133115491.98145 48219095.91646 85813955.90665 77961004.74239 115247695.16779 217293241.96443 19811639.42176 148059086.98449 96143050.67269 206201455.47045 116472220.27933 140209030.87076 179097791.27928 151905269.57234 154358289.91684 160091371.64090002 178816867.47069 74390051.97812 47793932.9428 182216603.55721 92981852.85532 20441577.97532 54846028.40664 188013913.68649 87771732.30063 132915049.80889 165534869.75032 134834200.64865 173228853.65362 178678814.24085 156831086.87383 115308651.73328 132160622.39351 79128992.70464 140618986.57168 51457901.30065 174856834.70604 80809035.18189 89542758.72262 161513426.28291 193357820.04997 152135623.60651 144134104.70169 225144625.51152 172660513.72871 116931223.97058 163092833.48246 100956288.49182 199925808.9641 171644799.03349 100917846.93524 250708914.63855 155861229.02126 148560920.02553 147182671.9389 130448162.41911 190825935.38571 108449866.59434 32923033.31605 106404471.17701 185815892.96621 216888141.83703 187985863.31782 134522069.93901 159153618.71735 119606350.111 58893351.06972 154550146.98094 60944106.69863 141428962.79199 150133635.61529 199554256.2267 125909592.41524 183295178.9817 150316738.22041 124086371.94802 170677725.47925 40064089.78841 65903858.22157 195082989.63241 181441415.93248 
46213185.14467 146895017.47644 44422752.1321 79363297.47158 58063808.38376 111765044.0282 150559363.36678 149180473.68607 0 214145504.67698 111678374.38693 49754499.13123 75596735.31302 22074482.44098 54986464.21608 195049109.02872 151328021.27893 122406023.44788 228713586.73786 128776913.69202 138972991.84303 101317035.65424 65732056.32889 159071959.60074 180077744.03322 181307920.32812 135893460.52814 177395042.62879 166097209.42779 182432403.30645 123629011.6866 20920613.33747 176107415.83997 2773968.13857 55280066.79528 143392659.79425 165718620.18706 172538277.65291 150140429.6191 100463709.19157 191409171.72318 136292964.89307 94334609.58166 147355189.63744 183977619.74552 127880095.63413 107895909.62418 20383913.38497 127693624.5201 34539108.048 101775996.74639 193020949.62413 169879288.91245002 125428167.8148 138460388.77366 109231287.07833001 203523679.0453 92317487.91557 59777191.38951 94465937.86156 59548683.70592 179649209.33298 151287141.00415 166505903.18947 182674134.06217 160472026.15776 188341280.2859 94498525.17661 90862040.60604 93898839.32741 83320369.56163 197967896.29289 185300241.24971 152278003.44147 129400563.29507 134681477.55344 173948286.87896 181749953.73944998 145967645.00431 92119651.50648 130820229.17840001 148791500.64656 113631900.92737 140271271.89377 38564153.93842 197090136.61316 145259941.47149 74968572.11146 96598567.58412 145905255.66593 32299862.03799 189541408.44537 210744363.81348 126724236.75167 203893348.03161 122875339.13526 44088352.85381 159392279.84827 121685514.3453 158183013.12375 204893154.7609 
171596378.75051 73817428.73116 220760053.55554 158526206.03062 157225505.83833 160821255.52643 95857875.52379 133906339.85563 214145504.67698 0 119085302.74143 187031748.75455 144060117.42514 221764682.68014 180098853.70432 99676695.4077 167901010.3534 152845359.94337 30707208.26009 113179567.34656 90254439.76379 152830328.12123 178947592.75795 62477052.56412 34382738.73656 149210342.28735 150231273.3235 62293638.9222 49225209.99316 132303407.30116 95946819.41322 194982836.46795 101283990.83952 216613414.57994 180680788.3507 110591162.33902 110957795.8735 59751749.02638 89018940.19586 174049757.64083 41578385.50376 121901075.32367 151644999.49379 139856567.0722 46256020.672630005 101305643.71452 148870935.79531 193821328.70616 139764640.12285 226727649.42728 145445152.46778 22024667.62869 55711700.45597 90497266.99295 96735527.92923 122209028.99123 68753350.75313 124230866.78949 173751594.77948 156238048.60102 224721242.83922 64351457.98124 86676403.7769 173933857.36506 86453184.51584 57012336.83989 68313671.82258 119987272.08072 205440800.4254 167358437.67948 130897667.2708 184855999.77573 62539619.96984 89876280.37896 111473207.99125999 92739492.90487 118863813.31046 32886429.70428 103608724.79938 123189568.07576 151992602.89972 177783244.4881 169825421.11873 89992775.45766 197510016.09913 17404768.3508 83221894.46461 165605935.95707 131328271.76498 89830033.67983 193677153.99514 116446437.67496 8687569.15173 152536486.89326 34660963.40143 100792292.34597 206222917.37867 93846912.25715 99033966.68992 139138475.0147 76707717.69812 
84052448.56129 79812152.98518 136723836.87981 40344597.801599994 56579899.4976 47663266.2065 107896781.36629 51341355.46126 111678374.38693 119085302.74143 0 72027704.60135 73089247.63387 127016741.55906 64782941.57303 150633557.73917 161202448.69569 129494280.04368 142749475.73962 99953988.66354 88072617.38649 35448020.47168 61121935.77328 58227358.21981 90281807.87117 169878469.21971 52001217.32962 111747721.26301 71153165.89736 160373222.5736 69451551.62107 98045780.28213 136083926.67508 114443202.53802 105584822.41339 112892806.9368 133582163.51858 65332577.40468 38964123.78999 130937452.41685 86101493.74539 31623528.13819 32739822.25047 138890043.30725 78784557.49766 85443284.98186 114360313.2907 93934940.59142 123009083.1467 136372888.36878 105588500.03633 97389937.0734 97123116.6821 36417178.03718 94570104.17398 3138343.756 140608561.98507 29662238.5197 58261895.92775 110177963.26587 147166242.82391 115602387.73084 100674329.62986 175214018.1401 132511272.65907 82133139.49063 126788068.3289 49742814.70332 149764399.83798 120386625.87387 49793119.45244 201944637.53243 120335961.63927 104685104.53961 98825707.82057 84682761.8733 145541036.01358 87208669.53753 34878398.0236 55120466.70515 135247815.37451 166103974.63596 136664278.02945 89618744.55163 113172344.50053 102009836.35129 37401700.02482 103834391.28678 15161460.11798 97003080.45659 105038781.47135 156154740.86468 113076803.25561 132558864.18855 123711211.01026 76279012.0376 124559048.19866 47793028.47911 22666845.71698 146700065.03674 145935090.87407 
56224733.01356 130294502.07218 89562782.45631 33268089.95958 39102795.15026 62221912.30796 145172680.74849 101309103.68878 49754499.13123 187031748.75455 72027704.60135 0 74160515.87085 70771053.99791 7245806.84384 191766655.68661 169179616.25997 136526078.67886 206864338.46898 127234291.29886 128741081.81404 53094888.35152 16035130.4481 126577253.79462 154945702.52141 191778063.98514 86728965.00452 163621349.40687 137815404.40735 188357681.27203 109837274.72935 48258227.13673 173772485.7328 52528467.2698 79286128.50673 142754825.87135 166201664.59072 137067960.15567 110706111.42467 122846677.47766 157516252.30726 90836720.97645 47210270.74001 156881365.61717 150097218.83097 120030852.2796 119850435.8671 41694204.07378 137079687.72675002 82838517.33383 111438005.74453 165169538.78834 152410351.30598 96823185.86767 131301780.16137 69065004.89936 192212456.81405 63986323.96496 13765808.6736 108707948.63859 103897747.82465 166728829.08941 142423993.7822 184775119.35855 176196901.48215 139868639.78522 177000901.72279 77394519.89907 125323655.93681 113406184.01346 66602484.39332 215733004.34317 172248676.74925 144847983.47267 127141781.83767 124341040.97138 176609793.42339 154198303.52115 103414259.84637 78131316.15528 144610429.0869 169672539.73207 134085637.44832 130284949.63846 73014065.26243 169629558.02063 108993111.42615 91897291.08724 57413753.9564 137298669.15355 63173589.38078 190878327.54286 182048079.75508 140773767.7685 184367924.23721 112229305.73591 83272984.31568 117467397.68407 88413489.3287 167219656.67776 195460823.29408 
29503660.56169 72798111.88478 77045510.61592 71844108.89515 36127370.49422 105322623.37413 75584936.60724 124035520.02966 75596735.31302 144060117.42514 73089247.63387 74160515.87085 0 78605248.02839 70959936.41566 121251637.27667 97545612.48979 64341574.7767 155119225.50668 57097047.03376 63412364.54985 89704223.35772 79176339.008 97937482.94745 110451236.54499 117671557.46632999 120567227.86002 101980714.00535 99364422.15781 114412412.65818 49312930.57783 54771497.63447 102553957.65515 77576960.54287 37989728.84293 70923956.88115 93557521.19102 114205463.39538 101484616.64021 58732454.81742 129348589.05421 104704111.62699 81501070.73169 82833852.27257 122423441.10615 52294379.07661 47546811.18359 55997873.47569 63162654.1703 82714332.2613 38595631.52117 124316669.58295 95497324.29214 64303822.7688 62997492.49856 72628765.11952 127941186.93711 43435107.72321 68184199.13842 39259161.36254 82901294.58546 104126028.73502 75725854.5793 112911243.09463 107701263.55005 87893184.45015 112746021.18486 28181916.3025 77210720.12183 48110371.99851 27687076.70295 143081916.38749 109768723.99466 76880588.38606 55231598.5585 59618804.809369996 103306679.78464 113300467.2765 104736037.38389 23036666.98359 71920507.69797 99831822.47259 66470606.4295 64674536.58075 53466386.46862 127877629.16311 91697580.23127 30848910.9394 63877867.81988 70341717.38362 50037042.10931 118136136.09129 142076853.03393 68295838.60993 129708193.14750001 47305406.37195 62650059.9401 114516987.31704 68292687.72452 93086369.15208 129471710.95284 
50168678.37826 151403359.91261 23745074.52636 98224918.10485 70920457.76448 132060096.10817 150022120.05487 167874592.39635 22074482.44098 221764682.68014 127016741.55906 70771053.99791 78605248.02839 0 75343524.42642 192358250.00657 140250452.0726 114121804.61063 233724128.91593 127431729.72228 141017380.37559 120675546.96706 86514925.31997 170108520.52393 187401714.20937002 172807961.48473 155665752.70466 179760134.28741 175119632.44717 175928803.83101 127917057.60757 29043703.23866 173436869.81403 20216634.41559 48520770.69364 141002738.28944 162075199.93061 184646897.36102 164460704.69705 89310020.08778 202488191.48043 153692801.11666 113240896.71654 140396474.21589 195166101.70873 129381004.44288 101451043.05238 33306835.9757 121412812.6687 12465608.19575 96861827.27508 201311347.21318 174039924.67416 135810246.11454 139175057.02041 124849705.75302 204225352.89162 104322429.04058 79473078.60477 87868797.6233 38648149.15655 181581679.08716 152261785.15413 154839756.87573 181679676.95952 166304303.1061 189370821.64269 102164602.98804 73944126.49948 84662945.56492 91745226.97604 185958358.80993 187156853.01901 152585500.33962 128346694.14307 136956040.85089 169106054.95922 190097662.42527 161813319.25243 98610581.79591 122318099.7417 136403795.1724 102714813.71186 142132827.16034 28805632.28917 205133909.42712998 158266741.56708 68986489.55793 112333333.05882 146962645.64763 28666571.73217 184924720.09018 219136223.14841002 118293441.34827 208251365.41798002 125553765.77914 28477951.76386 174737267.36775 134111188.22782 150912825.97739 204733799.91135 
55699359.94666 124351460.09414 93014134.26907 26214859.34198 35025819.18209 56818436.51424 140322784.08104 94929139.87493 54986464.21608 180098853.70432 64782941.57303 7245806.84384 70959936.41566 75343524.42642 0 186903310.26136 167149526.73042 134249660.00574 200235505.82216 122996125.50044 123472042.72036 46739990.62138 11587352.01203 119464999.82708 148191356.88902 188592990.22652 80940707.99331 157783733.29697 130899756.11478 184603420.52395 104348485.6455 51058699.21363 169098844.36853 57625734.20841 79520656.90403 138483888.74038 161901122.12139 129849280.96022 103463901.67471 121916794.37403 150323653.8273 83926689.70128 41199749.62117 153790234.9664 142909888.35379 115110954.34197 117478881.00448 44659551.54338 134094698.89549 87152222.55919 108877509.97867 158226490.7481 146276330.30044 90032309.05454 126356995.11424 61819198.05552 186508676.48786 57534049.68666 6528186.08124 106835198.59791 106999820.50404 160960949.21735 137204276.75415 182709202.27691 171050069.62355 133510579.79672 171347385.41525 71990533.33081 126305680.28465 112211610.19255 61515480.29792 213441348.23777 166459349.06792 139769914.23058 122817961.80758001 119096896.08911 172512892.55833 147292269.72404 96260926.08987 73102295.81724 142205914.69273 168082384.07547 132747392.47849 125032371.28649 75077982.4051 162701565.67592 101776275.09854 90772845.91485 50197913.09628 132143245.85627 65190529.19222 186550735.51822 175038025.35799 138401867.41086 177957353.89655 107089096.76291 85754340.58494 110296019.63553 81355581.05314 163989075.44403 189931974.19691 
149319772.98505 71214414.63658 180849149.40603 176814932.83413 153052423.36631 198001155.31251 46595297.14609 191185824.6398 195049109.02872 99676695.4077 150633557.73917 191766655.68661 121251637.27667 192358250.00657 186903310.26136 0 82693752.91576 85370481.83812 82934728.77694 66621774.8308 64386080.46982 184159038.59128 191888265.17388 116995385.71811 86643463.44343 53093472.57687 199975142.60059 45214289.21988 100250982.50686 35975310.25445 84116142.59922 174224005.13365 18965973.18339 196652805.56619 143876773.92757 51668977.8888 30856915.26097 128925471.01039 145088553.32066 113263591.55168 124396530.99935 172242786.86331 178573386.1278 60812985.97413 123114101.59214 71792949.86709 92652871.4487 176543341.84365 73963022.61992 191751031.47539 95732203.21693 98121972.62973 60857571.1809 114783546.27423 60561373.33554 152792653.52414 32224554.73453 134287314.28737998 182321147.64259 105648427.21331 178028589.14735 41316367.45713 50765868.98927 82819300.86708 18525310.91109 75129856.39117 32621767.9519 115357649.01978 144987274.79331 112322025.18861 125399028.22547 86617814.49105 39843467.10407 47504955.39932 66042764.09322 68537072.39439 28611035.30068 96160617.27755 158795413.03868 113807605.28358 79653285.89929 93266640.98156 102856529.40641 62779010.22624 163632686.34028 97022044.25148 132771078.99792 123550288.12003 154103451.52423 55343681.75498 164970753.94539 18100559.23732 105545328.82425 82507507.2696 65015732.00627 80043214.7559 167521241.45364 157255252.24692 129016338.32534 53823934.9884 25450961.31324 
114128242.93042 105508931.22572 121653376.48545 169130792.12605 133224534.30579 200991623.67872 73562748.93668 211550922.40128 151328021.27893 167901010.3534 161202448.69569 169179616.25997 97545612.48979 140250452.0726 167149526.73042 82693752.91576 0 33277654.854369998 160075635.64316 65375303.32028 87134831.41937 185339500.15147 176201563.43698 156322152.37843 142192858.90885 37677496.97836 212703660.01393 105675219.667 145934757.138 49808873.925950006 97634126.80517 133366444.0328 70374762.63345 151901256.64414 96334675.05628 59730618.68965 58217297.61841 172704098.55048 175320016.2699 51073099.48578 177630586.04421 191124332.66064 177519536.77961 28376925.24265 173328158.53082 81934320.74402 50005259.50415 138254155.91438 38331084.42049 135010065.62897 58968463.43381 157753434.95394 114024689.13938 135033064.68563 78669913.72887 161914544.74186 111287694.08035 133976871.80656 165135428.48992 60489495.43171 113582316.80623999 103996961.47575 83829564.97324 15606959.50081 85706832.01478 120384362.4294 103131277.50379 112023253.27323 73965573.65606 57720697.63004 115867351.69251 46982848.76091 106911738.7826 79737981.12598 67055429.51674 87609816.65343 54454103.17945 150765302.84729 184595364.10601 107151105.51403 26157857.21255 10591106.02253 37740473.25244 86427666.09702 113323144.78971 158741855.94159 162619969.734 78482376.84193 156648254.81518 82658549.86335 119128252.20288 66362331.78375 171140194.29408 29392921.83146 136858249.39313 89489370.31255 111887525.05446 189387473.20266 146584493.0443 29800216.76333 106503466.95227 
82398296.89594 83253835.46237 98642169.72233 135927725.61731 100099829.08813 168078022.24907 57575407.20017 180380617.13973 122406023.44788 152845359.94337 129494280.04368 136526078.67886 64341574.7767 114121804.61063 134249660.00574 85370481.83812 33277654.854369998 0 150960960.42833 40876061.12472 64636824.04468 152409293.27515 143119073.69962 130920787.06403 123182609.58282 58960848.61098 180531048.84109 93099912.36687 123127014.87698 62330522.5849 70176685.09339 103284373.46068 68088956.1394 123305111.92029 67202425.01097 43024663.47833 54945558.90076 147856566.42799 146787415.27807 28041022.11514 155659001.47166002 160570661.76505 144584889.42523998 26578993.55682 150488641.36293 56329532.58409 16821351.6533 107641306.04214 13263148.41595 110961478.84512 25745943.25553 139282324.60648 97163144.08869 105969859.39348 56920591.9843 130016342.77169 107170075.42923 101550482.63528 132072018.44173 28506475.19279 93771220.52097 92659296.35352 66185966.34196 48603772.31508 81038630.55419 99774217.16584 95395183.664 79881468.57902 59917612.443840005 30671215.3534 82978113.89821 79227091.86486 96977191.28935 63254311.74016 42741216.74826 63706838.86238 58254335.04578 130761813.85466 154866221.95483 74865792.84641999 8434377.9098 36646941.35683 18079795.03708 64403781.57824 86223801.70653 141094599.57886 134450172.03304 47680890.82763 124102178.87831 63159700.95094 90161728.22496 73800379.25927 154578370.01651 4346846.59063 125719294.13203 62118013.68578 86748372.6886 160872876.00504 116439159.36008 36990043.25028 104575399.2147 
184074925.33606 82322017.07697 229711024.86958998 180673905.3042 173916917.85129 186926749.28846 93753667.66229 162843319.94189 228713586.73786 30707208.26009 142749475.73962 206864338.46898 155119225.50668 233724128.91593 200235505.82216 82934728.77694 160075635.64316 150960960.42833 0 114665270.14059 94615137.62529 177609140.25624 200461372.1857 87912964.78425 52586295.6213 135584132.61892 178304404.79144 58216003.46212 72300012.40085 118326251.43041 105811707.11223 208628512.44452 90014465.66216 231009463.73404998 189420881.44784 107990873.08827 101864472.38992 88471899.65257 116573315.71287 175232288.82662 71818775.99033 149487308.22935 175476048.05688 133356334.09699 75621954.76146 106465986.35582 150380813.50605 208356942.82541 137711502.73698 237229272.00138 148754337.36551 47641332.76725 59850799.27077 110431667.66174 99024135.43398 145793803.14282 50759307.99693 142942817.90078 194124977.58564 159866477.49145 231730913.37806 58314733.78553 86763742.62763 163488123.91837 74535285.31227 69561375.9844 56982126.59743 134492407.75812 207649278.07843 170114794.84276 145918040.14599 169516657.55189 54134634.48022 88611319.80729 113065681.73458 98139953.64154 107120650.3684 56100392.42609 131531696.1927 136999977.72558 148435279.58695 170473020.31915 168812625.9261 93851031.57718 207616247.28317 48111976.61089 109076839.7287 172228844.86343 153516885.68744 91217300.66986 205123736.32648 100922354.42688 39394374.72557 149786716.2529 26035127.35696 108594452.75791 215178724.1339 122864976.32037 121190851.68825 130339103.02209 57694583.91052 
82887128.61174 42381356.75159 118581023.12985 116889899.907 88287696.12156 143928879.87332 22829871.93442 148507348.55026 128776913.69202 113179567.34656 99953988.66354 127234291.29886 57097047.03376 127431729.72228 122996125.50044 66621774.8308 65375303.32028 40876061.12472 114665270.14059 0 23776980.66428 128757291.12281 129311230.24801 91308985.46207 82513988.48221 70135139.13405 151947824.86059 56636695.60503 82435920.9329 62584395.83923 32549433.92962 107899153.0215 47655801.64741 130457701.03021 79525608.30793 15525635.03461 38974213.64844 107967738.42003 110140545.43109 61140214.82888 114879400.23868 128110237.18988 121837862.25437 39622996.49805 109869555.48116 16559080.03119 35952547.67481 110093296.16156 28897128.4669 128205486.24873 34289728.44457 98647720.6958 57600188.16427 70410061.06364 16448508.43478 101216704.61988 77411702.74317 76264459.79783 119188346.33624 45402127.01236 118488404.66232 57289896.24416 27902393.17336 77485300.23722 54268342.1207 58954492.92265 63161716.04342 54610763.80508 93159026.07559 55450829.7003 62871356.958069995 102243233.79579 62431196.58394 26552728.79468 1865448.47526 22977777.7246 49581322.1562 89925646.58071 120041039.15459 51413317.45106 42395819.35396 72866991.68322 56871900.3114 23632222.91803 99097683.47506 100643733.48576 97362390.2719 60076149.88579 98529388.94045 23672592.98594 99402551.31964 63654256.14697 114356650.68191 41637355.44006 88744360.98523 24560097.74386 104489022.32044 124170960.13908 82796825.65651 46764498.02465 77378947.83913 
92909854.87638 18715407.50611 135333525.93664 112431072.3174 90706677.71953 134694550.02713 19867631.57812 133115491.98145 138972991.84303 90254439.76379 88072617.38649 128741081.81404 63412364.54985 141017380.37559 123472042.72036 64386080.46982 87134831.41937 64636824.04468 94615137.62529 23776980.66428 0 120395441.17091 127848089.74774 69401337.36313 58838861.47716 84654280.54646 139127913.89272 38744652.02415 59094159.54096 73103726.78105 19731970.68883 118183862.18432 48289734.80901 140982068.25406 95163245.19771 28429352.7905 45821794.74805 85594573.49747 91198522.32283 83853484.1733 91345972.36248 113108788.96958 114488206.0237 59621572.67335 86564739.71452 14422725.240689998 58713213.16246 119151660.06551 52382681.97634 143475519.07329 55284573.9943 74981695.85962 35435662.90121 54129038.40427 8491460.49379 89931632.87817 64838161.97466 69903084.63223 118586508.2228 66208725.89982 137124421.06251 40725720.99236 13772413.10242 97801806.37647 47659152.26101 35188764.34671 49543203.44438 51499770.76053 115226197.19136 77157787.44318 62156096.35927 119416639.14474 46384409.458050005 16971799.001 21911532.18902 4431828.23281 57843781.39426 66150431.52458 102647659.66613 50715745.00582 65715618.15097 95393269.13364 80507318.29491 1607970.59016 113872776.889 77112935.79094 78252022.83024 77613719.94285 90111650.71078 9104375.93518 112380353.48786 68167303.26474 90978717.21369 65245351.51815 68609257.01482 16745226.67023 120859369.95218 104926567.32292 67942334.79891 64204884.90574 67123400.93977 
88974315.59744 114168391.70089 135853091.46703 22677172.85658 59819109.179419994 15675357.55367 139871026.21727 48219095.91646 101317035.65424 152830328.12123 35448020.47168 53094888.35152 89704223.35772 120675546.96706 46739990.62138 184159038.59128 185339500.15147 152409293.27515 177609140.25624 128757291.12281 120395441.17091 0 37758268.54987 90407101.53991 125406238.74346 198742514.16463 35188635.15275 146716216.07056 105964630.88708 190845848.75403 101007343.41392 93856370.74277 168685175.97992 104014957.07405 113333420.93923 142928216.23283 164868914.44934 95967101.95412 66505185.19926 148005094.41787 117013098.96828 39622414.85323 12286722.52062 165901750.90114 110071770.97399 115937351.68641 136083623.83874 88130985.09126 148214871.71716 131904633.46329 127239830.22307001 131450436.07007 132362753.71214 71459272.83554 126029405.43151 32653321.44149 175711790.9537 52595448.67057 41541935.92698 128955497.37904 148681262.77737 150504518.31375 133598686.45439 200183877.71486 166353321.84061 117483949.74285 161650974.34105 74704502.55533999 160494711.56916 137451753.4363 69472185.57057 228732446.89496 155367710.41088 137315330.3253 127915545.24088 116621464.90143 176621306.60102 121708721.13468 55368762.0838 78775075.0431 159201526.33575 188759722.0847 156167632.07716 121988042.20108 114880094.79708 136070025.91377 69671135.94482 117903199.78384 30417912.5712 129482413.66606 105377281.50035 188317459.78538 146292163.20677 155998430.50928 159091712.16452 106763501.85508 126287880.58483 69354713.29388 58065262.23366 174719891.82293 180824626.18481 
66366227.59579 127085658.3734 104551314.62134 20815621.34588 43048968.51378 46194203.2558 145475471.85973 85813955.90665 65732056.32889 178947592.75795 61121935.77328 16035130.4481 79176339.008 86514925.31997 11587352.01203 191888265.17388 176201563.43698 143119073.69962 200461372.1857 129311230.24801 127848089.74774 37758268.54987 0 117365643.12399 148061472.23234 196262392.83136 70784020.35403 160656997.07424 130009269.35364 191712929.66471 108354127.35032 62641540.44165 174488439.76042 68303099.37324 90504305.20989 144678654.07054 167968908.89169 126433526.74222 98812902.02483 132051848.13856 147223420.88319 76493143.05253 33908894.25216 161656699.85222 139901231.36132 120250562.22488 126301071.08383 56227674.61643 142209998.11352 98447987.51037 117528849.89357 157078357.05811 148360513.28569 90056353.43202 131387135.10889 58021793.90161 189643000.78789 59455539.55887 11096073.91067 116199032.34405 118578426.5989 164005078.83319 141620355.20874 191699177.79577 175502386.02999 134940296.25928 174647288.91549 76530711.90607 137513886.21908 122149014.46864 66897462.96031 222150138.20472 169383649.35336 144471591.67298 128988526.8934 123550673.12634 178887611.55368 146386605.39139 90245302.42301 78409002.88168 150918440.72127 177559628.47792 142513643.2434 129435730.22212 86618234.34306 161624523.67441 98522297.95431 100839758.27671 47661413.68768 136717995.28326 76732163.31702 192511203.64742 173438351.98837 147196817.36883 179048693.16125 111845323.35115 97332338.36996 104392558.58044 79931736.20275 171648925.98329 193484458.33908 
121056196.57959 51939169.0831 173749541.45464 96661573.37816 101012689.87622 99051746.20137 86284836.21104 77961004.74239 159071959.60074 62477052.56412 58227358.21981 126577253.79462 97937482.94745 170108520.52393 119464999.82708 116995385.71811 156322152.37843 130920787.06403 87912964.78425 91308985.46207 69401337.36313 90407101.53991 117365643.12399 0 37479413.81957 151907576.56049 91385828.79744 72228829.5589 18189835.44563 138091648.30757 60998677.43518 141692668.6791 107956971.69157 161709924.35658 135886849.36173 97693724.56468 110990357.60167 17093393.5809 30173142.82287 143767040.02361 32409250.21298 62268916.31643 89196146.75441 129021719.18139 25057581.1848 74933262.05983 120695808.78308 139317599.41424 120009758.5769 177096270.90582 114082861.51929 41060473.37126 56257044.64331 34405561.29832 77889363.12859 59898410.32402 97461821.65214 66773471.81559 113001867.28312999 122957598.03095 180751355.45756 76265323.16591 76123154.69615 167196408.07347 98716499.65526 42042007.89276 86749166.15782 70124783.52521 170914642.72924 134641397.82755 78929814.22893 187648945.28127 79309325.42798 80762911.01008 89538829.80948 68713751.14436 122449863.71769 31845787.02236 45210038.9448 74927903.27149 133559998.49406 164158476.8947 144254770.46309 70308941.654 149553115.36764 45677721.15899 22937947.900429998 125707562.52063 69704229.43631 75363109.43911 143745791.82781 128083081.14963 56313833.19278 132398405.49685 72622369.54945 68887635.3835 159767882.57665 40578078.19748 38313802.31583 133231757.73021 104389239.83411 
137233035.83111 40997647.77724 186501820.29531 128124898.13107 123604817.98774 135306833.1339 68632190.11426 115247695.16779 180077744.03322 34382738.73656 90281807.87117 154945702.52141 110451236.54499 187401714.20937002 148191356.88902 86643463.44343 142192858.90885 123182609.58282 52586295.6213 82513988.48221 58838861.47716 125406238.74346 148061472.23234 37479413.81957 0 129499300.41589 128832817.75051 42015725.22151 19713716.77955 113749964.85371 62010038.4262 160743021.88887 82181525.02753 182516624.80916 146510060.67874 82805783.68421 88785244.78632 44114152.68526 67555592.2512 142352190.54239 38021561.18222 99699108.90875 122974180.09311 113821053.77527 36508115.35365 69022719.68195 117346534.06995 159721642.5402 110519539.70089 192354679.98727 113116268.06656 16143039.94592 28753955.1442 58168669.23553 66264835.02577 93302678.60907 62392852.89653 91343532.84204 141988595.12636 123702064.78349999 190756960.00697 45602572.98847 58455769.07786 150330172.60591 69683682.69924 37916466.65841 54331318.6981 85736894.16584 173020989.94648 135013216.17922 96763617.68198 165827802.22109 46896140.65587 62455800.56871 80659071.73738 60634716.65293 98749655.51003 9550478.62973 82643738.11018 88806829.3392 123454414.62124 151440555.84223 139340765.46549 58892615.67889 163169832.11186 18647586.41018 58178697.22142 131925563.02567 100944593.21445 60385959.38263 159294455.22113 100620587.96643001 32904998.21792 123439325.97418 35143677.92001 67403472.6015 172229370.44575 76652547.37473 68604557.46868 115164626.17237 69909798.09281 
