50
6 2 26 20 89 67 91 73 54 80 79 84 95 21 30 75 43 25 38 77 71 37 15 9 46 22 76 36 74 12 40 60 41 57 44 29 94 82 56 65 83 47 31 50 14 59 11 24 16 92
0 36.32163 14.87793 28.76116 18.70639 68.30113 28.621 38.34779 61.4285 31.43723 18.57442 41.150220000000004 51.82213 36.23099 67.21069 39.68864 19.52364 29.21103 17.21564 65.40549 24.83015 31.79667 62.753190000000004 30.89318 51.951010000000004 35.74748 34.92382 49.75256 39.455600000000004 41.31868 41.93595 26.96893 60.8836 61.311530000000005 37.02837 18.56225 57.293260000000004 19.73178 65.97823 46.75124 51.61376 58.0408 60.56454 54.6446 64.4637 45.228930000000005 46.61016 55.18285 46.65373 22.56394 
36.32163 0 47.35026 43.98614 55.02802 85.54471 18.08855 56.16056 94.37872 36.674530000000004 43.86654 62.59589 15.5005 36.89015 77.73339 32.51458 17.05971 64.59185 53.49056 100.26046 58.40448 67.83166 91.65966 9.2328 77.54274 72.06911 58.684689999999996 50.68354 17.79522 40.91897 45.96579 41.142830000000004 97.00894000000001 88.66114 31.7418 24.90698 89.35817 26.07651 102.02511 21.92762 75.09329 94.26858 95.92212 61.318439999999995 89.46519 33.27752 10.80256 68.83724 72.24546 56.85665 
14.87793 47.35026 0 24.43346 25.1804 79.09793 34.08278 24.10101 60.8464 41.296350000000004 3.69649 42.48367 60.09821 34.08799 72.6052 30.39701 34.40157 27.64823 24.625030000000002 61.921980000000005 11.05827 22.29419 65.50652000000001 40.03204 57.45601 27.21924 29.77541 63.89102 48.30857 33.61686 54.05467 41.84686 58.580330000000004 51.94494 35.271840000000005 24.02403 55.38028 25.193559999999998 59.32959 60.76678 50.92379 50.944340000000004 56.75117 55.629270000000005 70.23327 37.31465 56.62802 57.750690000000006 53.37675 10.05839 
28.76116 43.98614 24.43346 0 37.71564 55.44642 39.91601 20.37295 54.915490000000005 17.98455 28.12995 20.31797 51.655770000000004 50.47121 48.81801 24.15878 29.28408 21.97451 14.43603 56.61274 32.60922 31.57336 49.17833 42.59961 39.03081 33.83175 14.69855 40.84625 51.16203 51.53962 32.9895 21.66297 53.83834 47.736670000000004 20.7539 31.75126 45.37203 32.92079 59.756159999999994 53.4486 33.06063 52.69729 52.03247 54.70757 50.62053 23.64075 54.77466 33.31723 33.73353 29.35969 
18.70639 55.02802 25.180400000000002 37.71564 0 62.36012 46.23823 37.624539999999996 45.14666 33.47734 21.48391 41.63944 64.57144 50.494 58.73471 37.07445 38.23003 37.37045 27.22829 51.34197 36.117630000000005 31.415010000000002 50.60855000000001 49.59957 51.32522 35.746790000000004 40.62451 55.62241 58.16199 50.52325 48.48229 37.94564 43.398920000000004 56.2892 39.1525 36.17948 62.430800000000005 37.34901 47.27184 65.45763 43.422740000000005 39.673320000000004 50.701130000000006 72.53566 53.13702 46.68397 65.21862 53.45397 53.12393 19.42771 
68.30113 85.54471000000001 79.09793 55.44642 62.36012 0 89.75827 54.99692 49.13882 52.75418 77.49748 38.91136 83.62706 103.75184 7.81132 57.823719999999994 77.48546 57.359179999999995 62.84594 62.37482 80.45485000000001 73.39437 36.74578 87.08997 32.75412 71.61018 53.78668 39.18896 93.31242 105.54331 54.77171 52.437520000000006 68.34752 56.52672 55.437870000000004 84.01755 50.56691 83.91271 74.59698 78.7388 71.2103 73.06473 61.56357 109.48833 21.18908 77.2304 95.3205 25.44019 32.40658 76.20351 
28.621 18.08855 34.08278 39.91601 46.23823 89.75827 0 49.627610000000004 89.18419 43.16256 37.77927 60.23398 33.58905 30.17163 82.70551 32.26322 20.880679999999998 56.78476 44.82111999999999 92.98415 44.823589999999996 56.20652 88.82776 8.85617 77.12715 60.77476 54.574690000000004 60.74716 17.418590000000002 23.10567 53.59626 38.7901 87.78941 82.27964 37.13805 10.05875 84.89874 11.22828 92.39796 39.011939999999996 72.97664 84.24336 88.47372 45.11808 89.89296 18.11957 26.55836 70.90033 71.99581 44.14117 
38.34779 56.16056 24.10101 20.37295 37.624539999999996 54.99692 49.627610000000004 0 39.86306 32.19205 23.67304 18.38266 65.85281 55.99778 51.58719 25.91122 46.07622 9.13676 21.4991 44.932370000000006 25.45793 25.171950000000002 46.995050000000006 56.79615 34.829589999999996 24.35994 5.6744 50.24562 62.678219999999996 56.60132 41.05854 36.66035 41.13332 42.91415 30.78605 40.38056 52.27932 39.21103 46.91841 61.04659 26.82278 39.73561 39.76156 68.22072 46.13366 31.50804 66.61931 38.11822 29.53231 21.20659 
61.4285 94.37872 60.8464 54.915490000000005 45.14666 49.13882 89.18419 39.86306 0 63.89403 63.5361 41.69484 99.95066 94.68242000000001 51.6397 62.56205 79.96394000000001 33.35469 45.54325 18.556 57.11392 43.26882 12.63107 92.32168 26.81041 41.05453 43.52888 70.98822 99.72444 94.46326 64.50765 66.03337 20.67832 33.0869 67.32961 79.99074999999999 52.6066 79.07409 26.15594 94.8888 48.73048 27.08196 13.38519 87.56071 28.54403 71.3711 105.18099 38.35523 32.10769 55.646409999999996 
31.43723 36.674530000000004 41.296350000000004 17.98455 33.47734 52.754180000000005 43.16256 32.19205 63.89403 0 40.90557 28.7772 48.04099 56.05726 46.12577 10.89934 28.14698 39.33778 32.41299 69.98626 50.58618 49.55791 56.6883 37.41366 41.81588 51.8163 29.41704 27.966459999999998 44.44224 58.54654 15.00495 4.4683 69.26608999999999 58.7482 6.02451 37.29738 60.60168 36.127849999999995 75.90055 36.55454 40.18528 68.83848 66.50278 67.21964 53.03086 30.8845 46.80946 32.31086 36.55995 47.34424 
18.57442 43.86654 3.69649 28.12995 21.48391 77.49748 37.77927 23.67304 63.5361 40.90557 0 42.0557 59.36704 35.404759999999996 70.86907 32.80617 38.098060000000004 31.0707 20.92854 64.74878 14.63372 24.96961 68.92899 36.74888 57.69724 30.00197 29.34744 60.82188 45.3113 32.92828 55.499129999999994 45.37387 57.35418 55.64143 34.88422 27.72052 59.076769999999996 28.890050000000002 62.0257 63.90932 50.49582 53.704950000000004 60.44766 54.940690000000004 69.5883 40.38422 53.29569 60.98587 52.39996 13.12796 
41.150220000000004 62.59589 42.483670000000004 20.31797 41.63944 38.91136 60.23398 18.38266 41.69484 28.7772 42.0557 0 70.92913999999999 69.94931 36.87617 32.825 49.20982 25.52839 23.93458 43.34554 42.10777 40.48527 29.06377 60.65231 18.71284 37.547309999999996 15.60765 55.22689 68.54635 70.86418 33.15191 33.2455 45.199439999999996 44.93881 31.55085 52.01751 40.859120000000004 51.62525 51.20814 61.94408 42.75833 45.272870000000005 38.17473 70.57697 30.7682 43.95872 73.35365 22.001469999999998 13.41556 39.58925 
51.82213 15.5005 60.09821 51.655770000000004 64.57144 83.62706 33.58905 65.85281 99.95066 48.04099 59.36704 70.92913999999999 0 52.07502 75.86989 39.94159 32.56021 73.16762 66.0918 107.35646 71.15648 81.10428 95.41293999999999 24.7333 79.79645 82.97659 66.12947 66.18404 21.92476 56.419470000000004 49.28743 52.50929 105.1336 95.46063 42.01964 40.40748 97.02780000000001 41.57701 110.94593 37.42812 84.71640000000001 103.58037 103.21521 76.81894 91.28220999999999 48.77802 16.21761 71.91718 80.50309 69.11698 
36.23099 36.89015 34.08799 50.47121 50.494 103.75184 30.17163 55.99778 94.68242000000001 56.05726 35.404759999999996 69.94931 52.07502 0 97.23211 48.00969 29.44885 61.32773 52.11958 95.93935 42.25096 55.44709 96.78154 27.65735 87.64596 60.48211 61.17846 78.39066 36.21977 42.86931 70.37164 55.57201 89.00656 86.03293 50.06521 20.11288 89.46826999999999 21.28241 92.46613 57.99878 82.19207 84.08089 90.83915999999999 56.524339999999995 100.65516 26.83046 39.99849 83.26889 82.88007 43.139 
67.21069 77.73339 72.6052 48.81801 58.73471 7.81132 82.70551 51.58719 51.6397 46.12577 70.86907 36.87617 75.86989 97.23211 0 51.195310000000006 70.39841 54.05247 58.00435 63.85714 76.11845 70.05393 39.00863 79.61666 24.9428 68.90245 47.158269999999995 47.000280000000004 85.50110000000001 99.18994 47.01454 45.809110000000004 68.8225 54.839749999999995 48.27924 77.33882 49.86638 77.2843 75.26499 70.92748 65.66888 72.90582 62.40885 103.29979 24.74084 70.60199 87.87677 17.62887 24.59526 71.85102 
39.68864 32.51458 30.39701 24.15878 37.07445 57.823719999999994 32.26322 25.91122 62.56205 10.89934 32.80617 32.825 39.94159 48.00969 51.19531 0 20.165 35.04343 26.25302 69.25232 41.45528 43.29574 59.39673 30.88493 46.28156 46.14702 28.02533 38.8658 39.44735 49.00365 24.86256 15.367640000000002 66.88482 57.356489999999994 4.87483 29.19798 57.50725 28.02845 72.82508 35.13537 49.367909999999995 65.64683 64.87466 63.62735 58.399550000000005 23.43626 43.31379 38.63711 40.98428 37.27005 
19.52364 17.05971 34.40157 29.28408 38.23003 77.48546 20.880679999999998 46.07622 79.96394000000001 28.14698 38.09806 49.20982 32.56021 29.44885 70.39841 20.165 0 48.73467 36.73928 84.92913 41.5149 50.79227 78.27359 26.29251 65.67549 55.02074 43.98263 50.0847 34.854929999999996 32.67527 41.48354 26.58654 80.40724 72.99012 22.12247 10.82193 74.65611 11.99146 85.44439 37.13643 62.344710000000006 77.56443999999999 80.08818 47.23339 78.25713 39.000249999999994 27.1035 58.76638 60.444 39.85758 
29.21103 64.59185 27.64823 21.97451 37.37045 57.359179999999995 56.78476 9.13676 33.35469 39.33778 31.0707 25.52839 73.16762 61.32773 54.05247 35.04343 48.73467 0 12.36234 36.19939 25.12361 16.03519 37.85829 60.10421 33.30544 15.22318 10.17419 57.81175 68.66663 61.17879 48.18948 42.83075 44.416109999999996 47.59273 38.49649 47.12470999999999 49.08522 48.294239999999995 37.78165 70.1788 25.70333 30.97685 41.370200000000004 59.083960000000005 45.06818 40.644800000000004 75.39441 39.21404 30.62813 28.412779999999998 
17.21564 53.49056 24.625030000000002 14.43603 27.22829 62.84594 44.82111999999999 21.4991 45.54325 32.41299 20.92854 23.93458 66.0918 52.11958 58.00435 26.25302 36.73928 12.36234 0 48.56173 18.17319 28.39753 50.22063 48.10882 41.11032 27.58552 20.431440000000002 54.84075 56.67124 49.42391 44.78297 36.099000000000004 44.813469999999995 49.7626 30.5285 34.76237 40.07762 35.9319 48.76736 61.10104 34.39812 41.16084 52.11568 46.72162 53.7902 38.07678 63.72307 45.84315 37.25724 18.87234 
65.40549 100.26046 61.921980000000005 56.61274 51.34197 62.37482 92.98415 44.932370000000006 18.556 69.98626 64.74878 43.34554 107.35646 95.93935 63.85714 69.25232 84.92913 36.19939 48.56173 0 55.257690000000004 41.472840000000005 31.18707 96.11713 38.91434 36.46601 42.68544 84.31169 104.67955 95.53884000000001 74.20019 74.33724 12.47302 34.76508 72.66526 83.32409999999999 41.384339999999995 82.41625 14.24114 103.50177 39.29166 21.32067 5.17081 85.04866 41.18574 76.44041000000001 110.98871 52.79753 44.21162 53.052040000000005 
24.83015 58.40448 11.05827 32.60922 36.11763 80.45485000000001 44.823589999999996 25.45793 57.11392 50.58618 14.63372 42.10777 71.15648 42.25096 76.11845 41.45528 41.5149 25.12361 18.17319 55.257690000000004 0 13.8451 61.53567 51.09031 58.42905 18.94325 30.87315 71.51589 59.16962 44.67513 61.45065 50.46914 47.52206 59.23843 46.330110000000005 34.76484 52.80529 35.93437 50.68778 71.42121 50.57788 42.622550000000004 50.08688 64.89481 70.19179 28.7216 67.59928 59.21701 54.5634 21.11666 
31.79667 67.83166 22.29419 31.57336 31.415010000000002 73.39437 56.20652 25.171950000000002 43.26882 49.55791 24.96961 40.48527 81.10428 55.44709 70.05393 43.29574 50.79227 16.03519 28.39753 41.472840000000005 13.8451 0 53.89348 61.39423 48.99233 31.25837 26.20938 71.32907 69.86901999999999 54.863 61.402969999999996 53.23633 43.604240000000004 45.39333 48.170570000000005 46.14777 51.53493 44.97824 37.1627 78.43111 41.73852 28.77745 36.30203 75.11915 60.17399 38.69884 77.89577 55.184779999999996 46.59887 12.37759 
62.753190000000004 91.65966 65.50652 49.17833 50.60855 36.74578 88.82776 46.99505 12.63107 56.6883 68.92899 29.06377 95.41293999999999 96.78154 39.00863 59.39673 78.27359 37.85829 50.22063 31.18707 61.53567 53.89348 0 89.67597 36.89529 46.51642 42.70077 62.09695 97.61012000000001 97.10704 56.48988 61.09313 32.99594 20.45583 60.20904 80.62513 45.29079 79.4556 38.78701 89.12887 38.55824 39.713029999999996 26.01626 93.0226 15.91296 71.73572999999999 102.41742 36.90855 33.83832 57.99032 
30.89318 9.2328 40.03204 42.59961 49.59957 87.08997 8.85617 56.79615 92.32168 37.41366 36.74888 60.65231 24.7333 27.65735 79.61666 30.88493 26.29251 60.10421 48.10882 96.11713 51.09031 61.39423 89.67597 0 76.73845 66.64066 57.298159999999996 58.44978 8.56242 31.68617 49.12597 34.95162 91.77678 88.24142 31.82575 18.914920000000002 87.97164000000001 20.084450000000004 96.742 30.38251 73.39987 88.85467999999999 91.34986 53.69858 89.1649 26.975740000000002 17.70219 69.14654 71.48713 49.86604 
51.951010000000004 77.54274 57.45601 39.03081 51.32522 32.75412 77.12715 34.829589999999996 26.81041 41.81588 57.69724 18.71284 79.79645 87.64596 24.9428 46.28156 65.67549 33.30544 41.11032 38.91434 58.42905 48.99233 36.89529 76.73845 0 47.233090000000004 33.371719999999996 47.10861 84.21743 88.6273 39.60425 45.52371 47.488730000000004 29.89695 45.80342 69.69689 32.74084 68.86076 50.37037 73.50059 41.16448 48.00893 40.1956 87.83194 23.222640000000002 61.28381 88.08021 13.883189999999999 5.29728 56.036179999999995 
35.74748 72.06911 27.21924 33.83175 35.746790000000004 71.61018 60.77476 24.35994 41.05453 51.8163 30.00197 37.547309999999996 82.97659 60.48211 68.90245 46.14702 55.02074 15.22318 27.58552 36.46601 18.94325 31.25837 46.51642 66.64066 47.233090000000004 0 25.39737 72.43659 74.35272 59.83283 62.61293 55.49472 38.62078 40.35629 51.02185 50.71601 33.86204 49.86495 32.125659999999996 81.00983 39.33061 23.7349 31.31857 74.30714 57.40172 47.66485 82.12424 54.437219999999996 45.85131 24.952379999999998 
34.92382 58.684689999999996 29.77541 14.69855 40.62451 53.786680000000004 54.574690000000004 5.6744 43.52888 29.41704 29.34744 15.60765 66.12947 61.17846 47.15827 28.02533 43.98263 10.17419 20.431440000000002 42.68544 30.87315 26.20938 42.70077 57.298159999999996 33.371719999999996 25.39737 0 55.2113 65.18772 62.27572 38.28353 33.88534 39.84905 40.13914 30.09751 44.51594 46.60492 44.88543 46.483509999999995 62.79221 32.49718 39.47675 37.51463 66.51381 40.49171 37.18244 69.46082 37.60912 29.02321 26.880989999999997 
49.75256 50.68354 63.89102 40.84625 55.62241 39.18896 60.74716 50.24562 70.98822 27.966459999999998 60.82188 55.22689 66.18404 78.39066 47.000280000000004 38.8658 50.0847 57.81175 54.84075 84.31169 71.51589 71.32907 62.09695 58.44978 47.10861 72.43659 55.2113 0 64.40893 81.3447 38.46518 23.49816 83.83408 70.77037 33.99097 58.8513 67.8983 60.020830000000004 90.4286 48.83336 68.00023999999999 86.33278 79.14088 94.76571 52.22424 58.85096 58.55565 33.22542 41.81133 69.81410000000001 
39.455600000000004 17.79522 48.30857 51.16203 58.16199 93.31242 17.418590000000002 62.678219999999996 99.72444 44.44224 45.3113 68.54635 21.92476 36.21977 85.50110000000001 39.44735 34.854929999999996 68.66663 56.671240000000004 104.67955 59.16962 69.86901999999999 97.61012000000001 8.56242 84.21743 74.35272 65.18772 64.40893 0 40.24859 55.87779 40.91077 100.33023 94.51888 40.38817 24.4382 96.53406000000001 25.607729999999997 105.30416 38.94493 81.96229000000001 97.40984999999999 99.85766 60.84966 96.43412 31.17018 9.13977 76.22079 78.93619 58.23816 
41.31868 40.91897 33.61686 51.53962 50.52325 105.54331 23.10567 56.60132 94.46326 58.54654 32.92828 70.86418 56.419470000000004 42.86931 99.18994 49.00365 32.67527 61.17879 49.42391 95.53884000000001 44.67513 54.863 97.10704 31.68617 88.6273 59.83283 62.27572 81.3447 40.24859 0 73.09620000000001 59.26181 88.23638 85.5618 52.60585 22.75643 88.99714 23.925960000000003 91.07742 62.06868 82.90052 82.69724 90.36803 22.01241 101.63132 28.62577 44.29478 84.85685000000001 83.97795 43.675250000000005 
41.93595 45.96579 54.05467 32.9895 48.48229 54.77171 53.59626 41.05854 64.50765 15.00495 55.499129999999994 33.15191 49.28743 70.37164 47.01454 24.86256 41.48354 48.18948 44.78297 74.20019 61.45065 61.402969999999996 56.48988 49.12597 39.60425 62.61293 38.28353 38.46518 55.87779 73.09620000000001 0 14.96702 76.28316000000001 62.79992 20.61491 50.33977 62.384370000000004 50.49447 82.64295 34.973 41.22016 76.53978 71.16012 82.21399 48.62738 45.45741 56.76835 43.53562 34.94971 62.13260999999999 
26.96893 41.142830000000004 41.84686 21.66297 37.94564 52.437520000000006 38.7901 36.66035 66.03337 4.4683 45.37387 33.2455 52.50929 55.57201 45.809110000000004 15.367640000000002 26.58654 42.83075 36.099000000000004 74.33724 50.46914 53.23633 61.09313 34.95162 45.52371 55.49472 33.88534 23.49816 40.91077 59.26181 14.96702 0 73.73438999999999 63.216499999999996 10.49281 37.40847 65.06998 38.578 80.36885 41.02284 44.50208 73.30678 70.97108 71.26755 57.499159999999996 35.3528 50.05054 36.77916 40.28473 48.35913 
60.8836 97.00894000000001 58.580330000000004 53.83834 43.398920000000004 68.34752 87.78941 41.13332 20.67832 69.26608999999999 57.35418 45.199439999999996 105.1336 89.00656 68.8225 66.88482 80.40724 44.416109999999996 44.813469999999995 12.47302 47.52206 43.604240000000004 32.99594 91.77678 47.488730000000004 38.62078 39.84905 83.83408 100.33023 88.23638 76.28316000000001 73.73438999999999 0 27.1584 69.94656 77.82165 42.13559 78.99118 6.63446 101.61136 46.98274 19.37811 7.30221 76.29615 48.59768 72.64135999999999 107.29974 53.84964 46.84086 48.96223 
61.311530000000005 88.66114 51.94494 47.736670000000004 56.2892 56.52672 82.27964 42.91415 33.0869 58.7482 55.64143 44.93881 95.46063 86.03293 54.839749999999995 57.356489999999994 72.99012 47.59273 49.7626 34.76508 59.23843 45.39333 20.45583 88.24141999999999 29.89695 40.35629 40.13914 70.77037 94.51888 85.5618 62.79992 63.216499999999996 27.1584 0 59.69064 72.22089 43.731759999999994 71.3094 20.52394 91.07168 23.61195 20.97428 33.55735 86.80103 35.33764 70.26829000000001 99.31156 43.780139999999996 35.19423 53.16337 
37.02837 31.7418 35.271840000000005 20.7539 39.1525 55.437870000000004 37.13805 30.78605 67.32961 6.02451 34.88422 31.55085 42.01964 50.06521 48.27924 4.87483 22.12247 38.49649 30.5285 72.66526 46.330110000000005 48.170570000000005 60.20904 31.82575 45.80342 51.02185 30.09751 33.99097 40.38817 52.60585 20.61491 10.49281 69.94656 59.69064 0 31.27603 59.44105 30.106499999999997 76.27814000000001 32.6947 46.20979 69.05821 67.49445 65.7054 57.79136 24.85999 42.29962 37.52471 40.50614 42.14488 
18.56225 24.90698 24.02403 31.75126 36.17948 84.01755 10.05875 40.38056 79.99074999999999 37.29738 27.72052 52.01751 40.40748 20.11288 77.33882 29.197979999999998 10.82193 47.12470999999999 34.76237 83.32409999999999 34.76484 46.147769999999994 80.62513 18.914920000000002 69.69689 50.71601 44.51594 58.8513 24.4382 22.75643 50.33977 37.40847 77.82165 72.22089 31.27603 0 74.83999 1.16953 82.33921 42.83171 64.66874 74.29583 78.41497 36.41146 82.31679 28.17832 33.57797 64.80169 64.39961 34.08242 
57.293260000000004 89.35817 55.38028 45.37203 62.430800000000005 50.56691 84.89874 52.27932 52.6066 60.60168 59.076769999999996 40.859120000000004 97.0278 89.46826999999999 49.86638 57.50725 74.65611 49.08522 40.07762 41.384339999999995 52.80529 51.53493 45.29079 87.97164 32.74084 33.86204 46.60492 67.8983 96.53406 88.99714 62.38437 65.06998 42.13559 43.731759999999994 59.44105 74.83999 0 76.00952 35.50113 92.13575 65.30533 27.115879999999997 43.69461 86.79924 29.37783 69.01278 100.14669 36.02947 27.44356 58.81442 
19.73178 26.07651 25.193559999999998 32.92079 37.34901 83.91271 11.22828 39.21103 79.07409 36.127849999999995 28.89005 51.62525 41.57701 21.28241 77.2843 28.02845 11.99146 48.29424 35.9319 82.41625 35.93437 44.97824 79.4556 20.08445 68.86076 49.86495 44.88543 60.020830000000004 25.607729999999997 23.925960000000003 50.49447 38.578 78.99118 71.3094 30.106499999999997 1.16953 76.00952000000001 0 81.51155 44.00124 64.61807999999999 73.1263 77.24544 35.5989 81.81546 29.34785 34.747499999999995 63.63216 65.04081 32.99094 
65.97823 102.02511 59.32959 59.756159999999994 47.27184 74.59698 92.39796 46.91841 26.15594 75.90055 62.0257 51.20814 110.94593 92.46613 75.26499 72.82508 85.44439 37.78165 48.76736 14.24114 50.68778 37.1627 38.78701 96.742 50.37037 32.125659999999996 46.483509999999995 90.4286 105.30416 91.07742 82.64295 80.36885 6.63446 20.52394 76.27814000000001 82.33921 35.50113 81.51155 0 107.96045000000001 44.09168 12.74365 13.03341 78.14956 54.54577999999999 74.43927 112.49043 60.4841 52.57205999999999 49.54029 
46.75124 21.92762 60.76678 53.4486 65.45763 78.7388 39.011939999999996 61.04659 94.8888 36.55454 63.90932 61.94408 37.42812 57.99878 70.92748 35.13537 37.13643 70.1788 61.10104 103.50177000000001 71.42121 78.43111 89.12887 30.38251 73.50059 81.00983 62.79221 48.83336 38.94493 62.06868 34.973 41.02284 101.61136 91.07168 32.6947 42.83171 92.13575 44.00124 107.96045 0 72.92488 100.7822 99.9662 79.24316999999999 83.25594 54.328509999999994 32.730180000000004 62.35044 68.20331 69.31518000000001 
51.61376 75.09329 50.92379 33.06063 43.422740000000005 71.2103 72.97664 26.82278 48.73048 40.18528 50.49582 42.75833 84.71640000000001 82.19207 65.66888 49.367909999999995 62.344710000000006 25.70333 34.39812 39.29166 50.57788 41.73852 38.55824 73.39987 41.16448 39.33061 32.49718 68.00023999999999 81.96229000000001 82.90052 41.22016 44.50208 46.98274 23.61195 46.20979 64.66874 65.30533 64.61807999999999 44.09168 72.92488 0 42.547850000000004 44.46247 81.11974000000001 50.10595 56.34425 85.89585 49.204 41.073620000000005 48.02937 
58.0408 94.26858 50.944340000000004 52.69729 39.673320000000004 73.06473 84.24336 39.73561 27.08196 68.83848 53.704950000000004 45.27287 103.58037 84.08089 72.90582 65.64683 77.56443999999999 30.97685 41.16084 21.32067 42.622550000000004 28.77745 39.713029999999996 88.85467999999999 48.00893 23.7349 39.47675 86.33278 97.40984999999999 82.69724 76.53978 73.30678 19.37811 20.97428 69.05821 74.29583 27.115879999999997 73.1263 12.74365 100.78219999999999 42.547850000000004 0 25.77706 70.04899 55.625989999999994 67.47629 104.64922 57.04495 48.74206 41.15504 
60.56454 95.92211999999999 56.75117 52.03247 50.70113 61.56357 88.47372 39.76156 13.38519 66.50278 60.44766 38.17473 103.21521 90.83915999999999 62.40885 64.87466 80.08818 41.370200000000004 52.11568 5.17081 50.08688 36.30203 26.01626 91.34986 40.1956 31.31857 37.51463 79.14088 99.85766 90.36803 71.16012 70.97108 7.30221 33.55735 67.49445 78.41497 43.69461 77.24544 13.03341 99.9662 44.462469999999996 25.77706 0 79.95115 41.51237 71.2696 106.37831 48.124559999999995 39.53865 47.88123 
54.6446 61.318439999999995 55.629270000000005 54.70757 72.53566 109.48833 45.11808 68.22072 87.56071 67.21964 54.940690000000004 70.57697 76.81894 56.524339999999995 103.29979 63.62735 47.23339 59.083960000000005 46.72162 85.04866 64.89481 75.11915 93.0226 53.69858 87.83194 74.30714 66.51381 94.76571 60.84966 22.01241 82.21399 71.26755 76.29615 86.80103 65.7054 36.41146 86.79924 35.5989 78.14956 79.24316999999999 81.11974000000001 70.04899 79.95115 0 100.45412 50.63818 64.92599 87.09123 83.97886 65.59396000000001 
64.4637 89.46519 70.23327 50.62053 53.13702 21.18908 89.89296 46.13366 28.54403 53.03086 69.5883 30.7682 91.28220999999999 100.65516 24.74084 58.399550000000005 78.25713 45.06818 53.7902 41.18574 70.19179 60.17399 15.91296 89.1649 23.222640000000002 57.40172 40.49171 52.22424 96.43412 101.63132 48.62738 57.499159999999996 48.59768 35.33764 57.79136 82.31679 29.37783 81.81546 54.54577999999999 83.25594 50.10595 55.62599 41.51237 100.45412 0 74.25815 99.84031999999999 20.99559 17.92536 66.08899 
45.228930000000005 33.27752 37.31465 23.64075 46.68397 77.2304 18.11957 31.50804 71.3711 30.8845 40.384220000000006 43.95872 48.778020000000005 26.83046 70.60199 23.43626 39.00025 40.644800000000004 38.07678 76.44041 28.7216 38.69884 71.73572999999999 26.975740000000002 61.28381 47.66485 37.18244 58.85096 31.17018 28.62577 45.45741 35.3528 72.64135999999999 70.26829000000001 24.85999 28.17832 69.01278 29.34785 74.43927 54.32851 56.34425 67.47628999999999 71.2696 50.63818 74.25815 0 40.30995 56.957980000000006 56.3781 27.25626 
46.61016 10.80256 56.62802 54.77466 65.21862 95.3205 26.55836 66.61931 105.18099 46.80946 53.29569 73.35365 16.21761 39.99849 87.87677 43.31379 27.1035 75.39441 63.72307 110.98871 67.59928 77.89577 102.41742 17.70219 88.08021 82.12424 69.46082 58.55565 9.13977 44.29478 56.76835 50.05054 107.29974 99.31156 42.29962 33.57797 100.14669 34.7475 112.49043 32.730180000000004 85.89585 104.64922 106.37831 64.92599 99.84031999999999 40.30995 0 79.12031999999999 82.80575999999999 66.40096 
55.18285 68.83724 57.750690000000006 33.31723 53.45397 25.44019 70.90033 38.11822 38.35523 32.31086 60.98587 22.001469999999998 71.91718 83.26889 17.62887 38.63711 58.76638 39.21404 45.84315 52.79753 59.21701 55.184779999999996 36.90855 69.14654 13.883189999999999 54.437219999999996 37.60912 33.22542 76.22079 84.85685000000001 43.53562 36.77916 53.84964 43.78014 37.52471 64.80169 36.02947 63.63216 60.4841 62.35044 49.204 57.04495 48.124559999999995 87.09123 20.99559 56.957980000000006 79.12031999999999 0 8.58591 59.32481 
46.65373 72.24546 53.37675 33.73353 53.12393 32.40658 71.99581 29.53231 32.10769 36.55995 52.39996 13.41556 80.50309 82.88007 24.59526 40.98428 60.444 30.62813 37.25724 44.21162 54.5634 46.59887 33.83832 71.48713 5.29728 45.85131 29.02321 41.81133 78.93619 83.97795 34.94971 40.28473 46.84086 35.19423 40.50614 64.39961 27.44356 65.04081 52.57205999999999 68.20331 41.073620000000005 48.74206 39.53865 83.97886 17.92536 56.3781 82.80575999999999 8.58591 0 50.7389 
22.56394 56.85665 10.05839 29.35969 19.42771 76.20351 44.14117 21.20659 55.646409999999996 47.34424 13.12796 39.58925 69.11698 43.139 71.85102 37.27005 39.85758 28.412779999999998 18.87234 53.052040000000005 21.11666 12.37759 57.99032 49.86604 56.03618 24.952379999999998 26.880989999999997 69.81410000000001 58.23816 43.675250000000005 62.13261 48.35913 48.96223 53.16337 42.14488 34.08242 58.81442 32.99094 49.54029 69.31518 48.02937 41.15504 47.88123 65.59396000000001 66.08899 27.25626 66.40096 59.32481 50.7389 0 
