101
180 161 142 121 11 5 150 53 97 189 2 87 95 183 128 65 17 174 122 40 48 110 23 125 36 158 101 56 63 84 195 50 123 33 160 100 98 152 137 156 55 130 15 163 184 62 29 175 51 107 92 103 145 0 49 171 126 16 114 188 155 91 21 157 88 58 61 196 96 177 191 99 85 178 26 194 89 76 59 8 105 6 39 66 109 151 108 25 14 190 13 44 81 9 64 82 4 192 57 197 129
0 59.52793 29.09229 170.0163 32.96148 102.32224 163.03959 152.40768 120.36305999999999 186.94167 94.91663 104.31381999999999 58.5291 128.46085 98.52348 119.94245 152.38277 122.61702 74.36653 101.86891 173.25681 111.8346 71.60372000000001 49.33341 98.93612999999999 35.97116 49.27095 66.90893 125.56788 55.34367999999999 75.07902 25.21707 147.50195 94.81408 145.01033 50.29781 55.40745 117.64312000000001 80.21540999999999 65.57352 131.50023000000002 91.94744 137.00589 60.07493 65.02808 144.35628 62.24823 67.86458 88.59896 38.12903 94.34431000000001 48.143280000000004 154.67185 141.30393 142.78956 189.51594999999998 116.63374 127.28168 45.80065 113.83184 142.92506 116.68688 78.72962000000001 69.64756 115.30669 154.04214 100.34881 36.10977 117.94367 116.58451 134.87443 56.38445 80.99058 71.83173 90.43606 57.29198 69.28842 113.21181 44.76045 163.5781 72.22027 80.2327 83.78103 42.70028 56.591300000000004 44.85478 34.6428 28.17208 140.94769 109.36016000000001 21.68517 140.01795 30.74917 67.75415000000001 104.49716 155.61725 34.39004 69.93171 166.38305 72.74678 103.23554 
59.52793 0 45.28853 185.75606 27.962699999999998 86.69751 175.85336999999998 165.20926 125.62599 204.25626 104.52385000000001 100.2398 108.06117 85.83429 133.21523 156.32595 154.65052 85.96033 67.56086 83.00602 180.14847 161.76987 117.72568000000001 76.00334 47.78346 32.4463 24.86705 118.92029000000001 124.26579 20.467799999999997 116.84862 40.05047 148.90603 88.37844 183.32213 83.09027 100.42813000000001 146.12087 43.28389 119.28463 185.05809 40.46886 176.20306000000002 101.96565000000001 63.42433 102.86594 109.72057999999998 65.08306 146.91214 73.83688 51.31741 28.07766 187.06983 174.33958 150.50567999999998 206.13508 157.4365 151.73622 78.00533999999999 138.14032 148.50428 137.34728 120.65609 115.92463 99.40655000000001 111.54726000000001 131.16788 76.08544 118.55211 152.49061 140.28559 111.92166 134.30453 115.00494 128.90266 111.70935 25.06151 120.26089999999999 97.04215 168.2273 106.67426999999999 135.15434 125.34446 53.072939999999996 91.70102 67.8667 61.277609999999996 84.02313000000001 188.61833 144.25273 38.88223 96.82207 28.77876 19.20628 131.24113 185.72166 26.17736 101.95406 163.65823 64.5341 59.069 
29.09229 45.28853 0 192.02858 21.76028 109.93156 183.96537 173.39326 138.04318 209.27367 113.3047 118.08949 87.61442 123.6592 125.37625 147.63289 170.17274 120.61935 49.8607 107.78025 192.93969 139.4427 89.34419 72.51871 88.69807 19.66313 28.67797 84.78927 140.65574 34.60919 82.03198 17.06223 164.61703 107.22107 173.21767 42.11635 64.83408 141.28561 77.16667 94.66581 159.11639000000002 81.45145 165.32833 87.97083 39.02141 140.43078 81.53315 71.60557 113.38184 33.86268 88.58191 39.93956 181.76311 168.46682 162.1566 212.4076 145.05644 150.68198 68.21907 136.16547 161.57991 138.55092 107.03099 84.95562000000001 123.63729 150.02071 126.54679999999999 50.373160000000006 133.69987 144.1569 155.67376000000002 85.47674 100.09771 100.52419 118.23732 83.73411 58.916140000000006 128.85232 73.84577 182.30902 66.86163 105.51141000000001 112.39806999999999 28.02203 50.46536 45.83322 53.56548 57.26437 168.99334 135.74269 14.45692 135.66819 20.35947 56.93369 127.30552 182.3485 19.89185 79.74885 182.19959 55.20624 96.70257 
170.0163 185.75606 192.02858 0 183.48519 113.11417 13.2185 22.26226 65.03535000000001 48.145030000000006 82.58489 91.35288000000001 128.33513 157.34345 80.39261 74.6011 47.863949999999996 140.0231 231.5202 117.49296 37.06497 128.74119000000002 176.23977 121.75534999999999 178.12757 174.54543 198.94948 170.35292 69.3183 199.30857 173.43259 174.99168 52.13552 101.55242 77.37219 196.80082 174.8623 64.57223 154.16143 134.62958 153.44771 176.34854 81.14189 116.09502 220.345 163.86998 175.93364 136.42745 172.41295 206.19097 161.92816 161.6248 63.28609 60.15260000000001 40.40892 20.37902 86.91866999999999 47.843869999999995 125.17743 66.40326999999999 44.68536 53.61821 104.85579 181.38612 107.07964000000001 159.63053 74.78403999999999 156.00348 72.10923000000001 76.65417 50.92402 152.32726 172.33971 110.71542 90.6987 151.09591 175.58018 71.89206 140.00990000000002 37.71695 192.92645 162.84273 101.31961000000001 182.54878 202.27491 158.67376000000002 138.58625 152.89348 116.51662 80.00043 178.06262999999998 165.43908 179.76742000000002 172.23134 66.0266 43.79359 183.09803 194.89082 58.02862 178.90148 165.05597 
32.96148 27.962699999999998 21.760279999999998 183.48519 0 96.06045999999999 174.71338 164.0395 126.8373 200.91326 102.90288 106.12711999999999 87.79264 108.09082 121.98563 144.65526 158.67555 104.75129 54.37347 93.41064 182.58454999999998 141.39027000000002 91.21231 64.98231 73.30002 11.77909 17.31583 92.93925 128.96412 23.325059999999997 94.04224 14.44537 153.10192 94.97063 170.37874 55.58338 74.07 136.37886999999998 61.67808 97.06405 162.36266 66.04963 162.80221 87.49079 39.115399999999994 124.7796 83.42979 57.958149999999996 121.32345 47.57842 73.03958 26.56671 177.12291 163.99489 151.75477999999998 203.86420999999999 142.81669 144.01902 62.81551 129.96618999999998 151.06509 130.22083 105.0225 89.03955 109.57367 133.82107 121.16714 52.4356 122.00954999999999 140.99146 142.5296 88.35407000000001 108.32349 98.66664 115.14614 87.12771 40.89714 117.8548 75.69309 171.50619 78.71446 110.17053 109.99146 25.1165 64.26429 42.65261 46.08778 60.37329 170.15527 130.42763 11.27631 120.28076 6.99663 41.52101 120.29162 176.9045 1.86843 91.46268 170.54858 40.225170000000006 81.25474 
102.32224 86.69751 109.93156 113.11417 96.06045999999999 0 100.3827 91.00923 48.13129 129.89117 40.98104 22.78431 106.16686999999999 52.16545 100.54059999999998 113.86489 72.80767 33.24653 147.04111999999998 4.37879 99.57019 149.02593000000002 145.50130000000001 65.96024 65.77124 90.3563 107.0675 142.59393 43.95319 103.50024 143.15798999999998 97.66758 66.86378 16.03353 138.54148 136.51531 132.98428 94.62794 44.84954 119.71815999999998 178.53877 64.94963 134.18698 89.53591 129.82776 63.866640000000004 139.93721 65.55538 162.55674 136.98483 49.63233 70.16015 132.40047 122.89836 72.83492 130.84914 123.13244 92.86115 69.42671 74.30175 69.53525 71.72986 99.32913 147.33653999999999 20.77932 64.872 87.64385 102.78521 41.08479 110.85427 62.34747 126.28261 154.00692 98.35929 100.77056999999999 124.73814 70.92397 48.889849999999996 107.26815 86.94658 148.1549 149.16617 101.43646 108.90834 144.87114 97.54987 68.77499 105.93881 162.91345 94.22067999999999 96.60472 61.88108 91.93933 67.49123 74.51634999999999 128.06722 94.65323 142.41322 79.23786 74.92088 52.43676 
163.03959 175.85336999999998 183.96537 13.2185 174.71338 100.3827 0 35.480760000000004 52.76717 61.363530000000004 72.52769 79.0847 126.56265 144.40295 78.52348 73.37602 34.64545 127.28958 223.63917 104.76149 50.28347 130.82567 173.63018 115.41274999999999 166.03004 169.06611 189.87761 167.94450999999998 56.66102 189.82735 170.41579000000002 166.91408 43.543440000000004 90.60766000000001 79.2498 191.20378 170.66766 51.35373 142.68746 132.49917 157.12351999999998 164.68094000000002 81.6163 111.54216 211.36152 150.65148 172.88927 126.37025 172.10878 199.76108 149.85008 151.46497 59.63088 60.75086 27.6754 30.58387 93.35495 44.61896 117.31784 63.17836 32.8518 46.35271 100.88897 178.87836 94.34612 146.9831 71.55913 151.3865 59.84105 76.71343 50.629149999999996 150.52571 171.03179 107.62871 88.84166 148.33949 164.79154 61.35015 135.19044 48.82093 188.99990000000003 161.84453 97.93947 175.57281 196.93761999999998 152.14049 133.41219 147.69213 121.93863 75.07945000000001 170.44598000000002 152.63221 169.4762 161.68943 76.3473 51.91819 174.52307000000002 190.33705 45.9059 168.35957 152.75313 
152.40768 165.20926 173.39326 22.26226 164.0395 91.00923 35.480760000000004 0 44.47851 70.40729 61.78266000000001 69.8793 119.65022 135.3738 71.01864 68.63721 34.11389 118.0976 213.06085 95.3818 49.31319 125.59777 165.04218 104.66029 155.86531 158.39776 179.12515000000002 159.49922 47.056039999999996 179.04151 162.29522 157.01949000000002 34.35146 80.56171 78.09051 181.43071 161.5312 43.56473 132.13644 124.37602999999999 152.7752 154.24011 80.07345000000001 101.25694 200.67860000000002 142.56477999999998 163.83132 115.62522000000001 164.98834 189.58134 139.6659 140.82257 61.802350000000004 59.09 18.48342 41.13236 88.0178 59.32507 110.33952 77.33548 23.65982 43.48555 92.76583 170.72163 85.04934 138.66762 66.73267999999999 140.3983 50.63565 72.54088 28.66176 142.66132 163.29558 101.15599 81.13927 140.12871 154.14742999999999 50.59769 126.04255 39.869789999999995 179.86049 154.33372 90.13788 164.9409 187.0298 143.83585 119.92153 138.07104 119.26746 57.73817 159.17447 143.69803000000002 159.07105 150.73183 51.18869 53.04722 163.52801 180.61098 51.63361999999999 157.41497 143.22314999999998 
120.36305999999999 125.62599 138.04318 65.03535000000001 126.8373 48.13129 52.76717 44.47851 0 83.94449 30.10092 26.317529999999998 99.19612000000001 95.43666999999999 67.09033 78.27331 32.22414 78.10475 177.4545 52.51008 56.82486 126.63039 146.46336 72.50999999999999 113.42778 118.93943 140.60591 142.12817 9.28075 139.90964 143.65252 122.76304999999999 27.13889 37.84049 98.68634 152.86593 139.12816 47.26418 90.28246 110.34266 156.08875 111.93330999999999 96.39933 82.14626999999999 163.33857 103.30643 143.33514 83.94348 155.3989 158.3989 97.36194 102.17764000000001 88.34868 80.99256 25.99509 83.35104 90.57087 50.25022 76.76683 35.13411 31.171490000000002 30.37111 87.83028 150.16939 44.58357 103.06445000000001 57.24209 112.97319 7.07388 75.38646 27.67503 123.48948000000001 149.39282 93.22699 76.38538 121.95785000000001 113.70372 9.36547 104.89986 46.39962 156.67574 141.97432 81.19715 132.11721 159.68766 112.10578 90.98542 112.72282 131.33998 64.52475 123.59942 104.77596 121.90074999999999 110.23223 44.82042 86.85848 126.0916 154.72581 46.48308 115.99481 100.54391 
186.94167 204.25626 209.27367 48.145030000000006 200.91326 129.89117 61.363530000000004 70.40729 83.94449 0 100.67832 107.93466 143.41306 173.60577999999998 106.74837 85.9454 61.97553 156.57163 248.93653 134.26373999999998 39.08985 138.42822999999999 191.33922 137.84182 195.36389 195.8422 216.47366 184.40163 85.93798 217.37858 188.12297999999998 192.21144 69.89872 119.45737 82.51763 212.93113 189.75816 93.32715999999999 171.82736 149.39124999999999 161.35181 193.82649 84.23789 135.93063999999998 237.79928 177.98156 190.45185 151.12309 184.37819 222.66878 179.16743 179.57641 56.13776 63.4358 69.91962 68.52405 97.05509 61.46937 142.07369 80.02877 70.59312 70.74119 117.78105 195.64111 123.93127999999999 174.26589 88.3572 172.44006 91.00156 88.63932 78.77235 166.57419 185.26164 124.47912 105.93157 166.16081 193.22529 89.49334999999999 154.63827 49.80471 207.85834 178.21633 113.98795 199.47489 218.29755999999998 175.22208 156.79505 168.71281 122.34066 94.21347 195.24443000000002 180.45482 197.74918000000002 189.82049 93.01718 79.79481 200.55231 210.39097 69.04037 196.50277 182.10509 
94.91663 104.52385000000001 113.3047 82.58489 102.90288 40.98104 72.52769 61.78266000000001 30.10092 100.67832 0 34.95492 80.04787999999999 91.38107 68.88077 72.90783 57.46724 74.18568 152.98192999999998 44.47279 79.68167 111.96788 123.10113 47.24706 99.93572 96.6257 117.43996 118.92829 30.65125 117.39174 120.15036 96.41407 54.14022 25.21107 97.64252 127.53431 114.58566 63.20981999999999 73.76766 89.39802 141.83906 96.927 93.20845 59.51152 139.53334999999998 103.96064000000001 119.68815000000001 53.84256 133.76641 133.03239 86.39759000000001 79.03991 92.84998 82.57897 48.8519 102.55098 82.20516 53.03055 69.48163 34.47224 48.32929 33.13073 63.5757 126.46314 44.98679 104.48795 47.00274 87.98946000000001 23.02704 70.21316 45.00093 100.79657 127.55595 64.75417 59.78953 99.29953 93.29365 30.8321 81.40657 69.1177 132.00501 121.03643 64.5464 106.86082999999999 134.45083 86.67982 60.8845 87.9804 122.83234 77.86085 98.97804 102.82044 99.05690999999999 89.92049 74.92133999999999 89.25747 102.28638 129.66335 72.27843 97.9608 89.32729 
104.31381999999999 100.2398 118.08949 91.35288 106.12711999999999 22.78431 79.0847 69.8793 26.317529999999998 107.93466 34.95492 0 95.93121 73.12386000000001 83.70257 93.31704 55.91318 54.71868 156.96049 26.99266 80.84000999999999 136.90044 139.81588 72.19693 87.42923 98.68280999999999 118.36544 136.51853 26.86829 116.91304000000001 137.19899 101.97632 50.35683 11.86136 117.16199 138.57416999999998 129.57537000000002 73.58171 63.97845 108.75451 163.15028 85.89183 115.32779000000001 94.46644 141.45931 83.53138999999999 135.3885 67.70659 152.96401 142.11472 71.23277 80.44012000000001 111.28363 100.82828 51.6816 109.37927 103.29216 70.94438 69.78724 61.1042 49.03429 49.29957 95.77951 142.78782999999999 25.19099 83.60367 79.3035 100.97384000000001 19.24365 89.85792 41.21754 118.78025 145.89326 95.1966 81.22461 117.25273 87.583 27.04871 98.44633 68.12012 146.21413 139.83056 97.06456 114.03747 147.03999 99.15497 69.67102 102.55330000000001 144.19259 73.20343 103.99188 82.98889 101.11402 84.2531 57.67832 105.42993 104.70258 142.35196 64.42146 90.89619 75.06617 
58.5291 108.06117 87.61442 128.33513 87.79264 106.16686999999999 126.56265 119.65021999999999 99.19612000000001 143.41306 80.04787999999999 95.93121 0 148.7034 48.63158 68.27631 127.12598 135.16873 122.0475 109.07477 141.09007 80.8428 48.81595 42.53655 134.97484 78.66403 104.87174999999999 43.5626 106.56237 109.01147 47.094480000000004 73.75407 123.71419 92.23979 91.35254 73.64661 46.734570000000005 76.08549 109.16208 13.55129 79.23482 128.65131 81.08499 54.93882 117.35251 164.26857 48.08876 50.85707 58.61428 86.56949 124.49935 82.44385 102.28517 89.11326 113.4854 147.57681 64.28144 81.94369 41.4718 79.38825 115.68628 83.66998000000001 45.16149 53.99083 116.05771 168.96077 55.07335 39.04522 99.31508 68.09114 110.15673000000001 24.92391 50.50064 45.16901 38.76719 34.810539999999996 110.12456 91.51002 13.76865 134.76681 64.76751 45.1897 56.85371 72.06797 76.33381 47.43969 52.1975 31.10753 82.41859 62.507419999999996 77.28596999999999 161.84827 83.88127 107.82091 74.65583 105.22985 88.64032 68.937 143.8667 111.66282 132.73299 
128.46085 85.83429 123.6592 157.34345 108.09082 52.16545 144.40295 135.3738 95.43666999999999 173.60578 91.38107 73.12386000000001 148.7034 0 145.55046000000002 164.12278 112.41820000000001 59.67625 153.39515 49.34512 138.7304 196.05613 180.71166 106.51661 53.737790000000004 107.04056 110.70133999999999 179.53452 88.72207 106.30208999999999 179.49804999999998 114.03838999999999 106.83989 66.17 188.98565 159.99748 165.56576 136.73745 50.15387 162.04506 225.03665 47.28323 184.58766 138.12476 133.38293 18.82451 174.35426999999999 101.88152 202.59464 155.24971 35.30941 87.1358 182.97253 173.04589 116.96517 174.85802 173.58623 142.48521 108.88552 125.85331 113.59657 121.56421 146.47267 181.13802 50.87958 26.94229 137.68841 135.80086 88.38927 160.89883 106.95967 165.1426 192.35298 144.3769 147.24272 163.89567 72.44831 92.41975 145.03055 125.94536 177.63487 189.24213 149.16581 128.96265 171.77078999999998 127.27632 101.57641 143.39872 212.51681000000002 144.35715 113.79926 44.52017 105.34809 67.42054 124.65281999999999 177.90872000000002 106.34714 170.17065 113.02851000000001 71.2791 40.25972 
98.52348 133.21523 125.37624999999998 80.39261 121.98563000000001 100.5406 78.52348 71.01864 67.09033 106.74837 68.88077 83.70257000000001 48.63158 145.55046000000002 0 23.2585 87.92323 130.93863000000002 162.53256 98.36657 96.55621 60.60624 95.9119 57.21189 145.60677 111.52794 138.24438999999998 89.96031 76.31491 140.67882 94.16175 109.1874 86.07673 84.50707 50.52723 120.37044 95.25293 27.45391 117.94692 54.24906 89.48012 142.0832 45.30627 40.67931 155.23571 157.85442 96.03105 68.35598 96.94018 132.12074 131.3198 105.14752 56.64771 43.31257 73.98026 100.17402 38.95487 46.61994 59.17012 53.90439 76.283 39.92271 41.28168 101.08785 103.16237 159.7317 29.46147 81.16826 70.85873 19.45956 72.41877 72.02198 92.50831 30.334899999999998 10.31818 70.93690000000001 130.10128 63.05367 61.73526 93.62092 113.37393 83.51559999999999 42.36474 112.68377999999998 124.96539 86.95786 75.89785 76.33673 67.55611 13.87584 112.62149 157.15279 116.21071 126.24169 26.02425 59.671580000000006 121.33773 117.28211 105.4275 132.74451 141.81990000000002 
119.94245 156.32595 147.63289 74.6011 144.65526 113.86489 73.37602 68.63721 78.27331 85.9454 72.90783 93.31704 68.27631 164.12278 23.2585 0 91.72074 147.09064 184.23829 117.22937 93.68162 57.48543 110.14816 80.46683 167.55921 134.44491 161.2857 105.87375 87.52157 163.83205 111.60668 131.91422 91.95831000000001 98.1189 27.272460000000002 139.84784 112.42051 31.36186 139.97664 73.44 84.80584999999999 163.26021 33.528059999999996 59.86807 177.78976 176.07788 111.59263 91.53711 101.87973 152.56447 152.87467 128.40246000000002 35.87752 22.5096 76.09027 90.95600999999999 31.70901 53.31021 82.36698 43.15462 81.26667 48.01187 57.53371 116.41033999999999 117.40638 176.84717 27.05692 104.42676 83.13287 3.90367 78.49284 87.34342 103.29778 49.52584 29.50912 86.40187 153.19037 77.21011 79.99247 92.46696 129.96172 94.05836 53.410349999999994 134.48539 144.18695 108.23525 99.08259 96.54201 59.87723 20.566110000000002 135.42061 175.7187 139.25622 149.21598 40.27044 38.59702 144.38442 134.76451 109.24047 155.00843 159.34672 
152.38277 154.65052 170.17274 47.863949999999996 158.67555 72.80767 34.64545 34.11389 32.22414 61.97553 57.46724 55.91318 127.12598 112.41820000000001 87.92323 91.72074 0 101.60866999999999 209.51846999999998 77.08009 26.92375 146.25994 175.75415999999998 104.288 138.09741 151.15202 172.03609 170.62722 30.43752 170.99196 172.47776 153.33187 31.498510000000003 66.28482 105.26953 184.64589 169.27952 62.08948 117.29778999999999 137.79124000000002 174.90204 137.65093 105.46411 112.72847 194.95795 116.00603 173.05613 111.3098 180.33257 190.49963 122.14074 133.66052 89.59946000000001 86.1877 15.63047 63.08814 106.36943 60.0742 108.52289 67.35825 11.76505 48.12495 106.62386 179.6445 64.05364 112.33765 78.08145 145.01461 36.66953 89.88605 35.83139 151.98853 176.72822 110.45383 97.02538 150.51871 141.83441 41.58789 134.50126 14.17548 187.2483 168.56267 105.18149 164.31967 191.29389 144.00122 118.35174 143.66657 144.50122 77.33338 155.82356 118.70215 153.58323 138.47767 63.27217 81.83848 157.85569 186.05783000000002 17.51973 146.80937 123.80141 
122.61702 85.96033 120.61935 140.0231 104.75129 33.24653 127.28958 118.0976 78.10475 156.57163 74.18568 54.71868 135.16873 59.67625 130.93863000000002 147.09064 101.60866999999999 0 152.83042 37.62532 122.20921 181.10878 170.32671 93.5457 63.39276 101.9781 110.07355 168.32538 72.38278 105.71519 168.76103 108.97722999999999 90.02902 49.28006 171.59715 155.01433 155.98271 125.36893 48.670280000000005 148.72002 210.38019 59.86919 167.39413000000002 122.78244000000001 133.40667000000002 66.38902 164.00619999999998 92.04796999999999 190.42975 150.67536 51.662090000000006 83.36364999999999 165.58847 155.54696 99.61418 156.60944 156.37865 124.91823 96.41747 107.54828 95.44986 104.01825 131.21848 171.3673 54.025850000000005 55.803200000000004 120.89038 125.38488999999998 71.03087 144.1008 90.1488 153.58492999999999 181.14529 131.60582 132.63089 153.32405 74.02184 78.83592999999999 132.80464 109.42417 169.26292999999998 177.01394 133.67084 124.35392 162.28862 120.5027 91.20554999999999 129.96004 195.97964 127.46721 108.92262 65.29058 101.5869 66.75405 107.76288 160.14861 103.1114 162.38166999999999 96.91460000000001 71.63323 60.55332 
74.36653 67.56086 49.86070000000001 231.5202 54.37347 147.04111999999998 223.63917 213.06085 177.4545 248.93653 152.98192999999998 156.96049 122.0475 153.39515 162.53256 184.23829 209.51846999999998 152.83042 0 144.29131 232.62090999999998 167.27856 101.15385 111.36132 113.98523 58.73765 59.91689 106.97489999999999 179.7184 66.19919 102.36455 56.72509 204.14163 145.79613 209.11176 54.36277 86.17978 180.13706000000002 109.45923 125.17817000000001 181.95826 106.67063 201.08409 124.40811 69.09187 169.06771 93.77957 101.02751 132.9076 42.727979999999995 118.09386 77.19845 219.07618 205.70826 201.7975 251.89921999999999 180.63449 189.30897 107.7886 175.51174 201.31122 178.50713000000002 142.83812999999998 96.94413 160.60799 178.55285 164.5842 91.22914 173.05106999999998 180.91769 192.97588 109.86968 119.71776 135.92432 154.75657999999999 109.78796000000001 84.0922 168.31161 108.96803 221.90244 79.38437 125.54771 147.78178 49.97953 61.15643 76.03525 93.16259 91.58451 199.82893 173.67504 54.00389 163.62385 57.63324 86.11946 166.48511 219.99521 52.50504 66.8511 221.38195 90.86178000000001 125.27222 
101.86891 83.00602 107.78025 117.49296 93.41064 4.37879 104.76149 95.3818 52.51008 134.26373999999998 44.47279 26.99266 109.07476999999999 49.34512 98.36657 117.22937 77.08009 37.62532 144.29131 0 103.94176999999999 151.22091 145.52054 66.53822 65.45488 88.11712 103.76881 142.92122 48.32576 100.2781 143.38075 93.28879 71.1404 20.41232 142.11219 136.76432 132.75083 90.24915 40.84275 121.14069 180.61901 60.57084 137.68124 93.9147 126.82743 59.48785 139.90132 65.49202 163.45653 135.22732 45.27085 71.06626 136.34078 126.69095 77.21221 135.22171 126.37953999999999 96.4599 73.8055 78.68054 73.91404 76.10865 101.73137 147.29723 16.40053 69.25079 91.47553 102.80765000000001 45.43942 114.68595 66.72004 127.91650000000001 154.63609 100.23388 100.99378 126.38898 66.99041 53.244479999999996 106.29544 91.23441 147.59396 150.04479 103.75159 107.15007 143.56396 97.15131 68.11065 105.84218 165.80525 98.59947 96.62523 58.78635 89.28951 63.79974 78.89514 132.42259 92.04883000000001 142.06593 83.21632 70.91409 48.07351 
173.25681 180.14847 192.93969 37.06497 182.58454999999998 99.57019 50.28347 49.31319 56.82486 39.08985 79.68167 80.84000999999999 141.09007 138.7304 96.55621 93.68162 26.92375 122.20921 232.62090999999998 103.94176999999999 0 151.16705 189.90602 124.73557 164.99616999999998 174.25923 196.46157 184.55644999999998 57.36127 195.80703 186.92314 176.01123 32.80137 92.11019 100.77368 204.28857 185.71501 77.35612 143.80194999999998 149.58514 177.68766 164.51261 102.79212999999999 125.49787 218.98251 141.48394000000002 188.40498 132.64817 190.54291 211.29154 149.00982 157.9896 80.46853 81.85341 30.82977 57.44399 109.25471999999999 64.42405 128.88285 71.80938 33.57345 60.31282 119.06083000000001 194.51129 90.97068 137.20077 90.31675 163.99937 61.59636 97.58529 62.75514 165.91776 188.70892 123.01011 106.59899 164.58093000000002 167.87677 65.40755 150.25282 12.78504 203.93588 179.77005 116.77115 185.77863 210.09767 164.07694999999998 140.09016 161.4791 142.92254 83.33718 178.61702 144.49235 177.33156 164.49999 75.64091 75.14453 181.73554 204.08281 33.16355 171.19013 150.72515 
111.8346 161.76987 139.4427 128.74119000000002 141.39027000000002 149.02593000000002 130.82567 125.59777 126.63039 138.42822999999999 111.96788 136.90044 80.8428 196.05613 60.60624 57.48543 146.25994 181.10878 167.27856 151.22091 151.16705 0 76.66249 92.50351 187.37469 132.34422 157.65284 65.91138 135.48651 162.63418000000001 71.78832 127.10652 144.87291 133.52017 73.85493 114.81233 82.47626 85.64968 160.68193 70.11375 35.980500000000006 181.4738 66.64663999999999 79.99683999999999 167.2769 210.62176 77.15021 102.55614 61.73347 130.64944 175.53844 136.15255 87.78967 74.99243 131.96317 143.43884 43.06749 87.85819000000001 91.6434 93.83122 134.73376 98.9192 49.890299999999996 78.1794 156.26638 213.86501 69.3883 89.1131 129.40064 58.7544 131.17475000000002 57.40888 58.06909 59.72185 55.906769999999995 57.5143 163.57182 122.93363 67.07415 148.81364 95.77362 48.30889 47.69201 125.83259 114.59189 98.73766 108.37113 84.22761 33.56524 69.6867 130.11396000000002 208.98131 137.55266999999998 161.29869 86.40072 91.35144 141.96704 104.98374 163.75698 165.94637 183.58042 
71.60372000000001 117.72568000000001 89.34419 176.23977 91.21231 145.50130000000001 173.63018 165.04218 146.46336 191.33922 123.10113 139.81588 48.81595 180.71166 95.9119 110.14816 175.75415999999998 170.32671 101.15385 145.52054 189.90602 76.66249 0 82.15636 157.04591 85.27938 105.05491 33.97764 153.42581 110.52136000000002 36.71006 84.51883000000001 171.99954 133.86082 128.02309 47.22784 33.22279 122.27645 136.14260000000002 49.42492 81.3884 150.14777999999998 119.74492 66.44949 107.73869 198.27098 35.44623 80.4433 31.89897 63.6569 150.47422 98.23638 144.84719 132.40272 162.17672 195.17044 101.53677 129.86985 76.07459 125.26707 164.22831 129.73512 76.63877 41.98764 157.16991 204.04156 103.30553 51.369330000000005 145.97376 112.17703 157.81484 48.74492 18.5934 70.19268 85.59372 25.36516 127.48875999999998 138.37432 41.8304 183.33416 23.89365 28.734969999999997 78.62594 66.97669 44.01009 71.66413 79.13525 43.43164 105.67222 109.78774 88.05073 193.92409 89.76954 125.90518 114.30518000000001 148.74518 92.81395 34.76576 192.11161 127.1358 159.36141 
49.33341 76.00334 72.51871 121.75534999999999 64.98231 65.96024 115.41274999999999 104.66029 72.50999999999999 137.84182 47.24706 72.19693 42.53655 106.51661 57.21189 80.46683 104.288 93.5457 111.36132 66.53822 124.73557 92.50351 82.15636 0 94.95481 61.593849999999996 81.79311 80.01498000000001 77.89831 83.78661 81.40806 63.31075 99.64889 61.75737 107.31879 81.31190000000001 68.9428 75.6999 77.14485 55.546130000000005 119.9823 89.131 101.04057 56.20573 100.94824 122.64554 75.78358 56.90315 97.09072 86.83246 85.17298 47.93563 112.39065 99.39721 93.9058 141.99842999999998 81.61238 79.03671 35.68096 77.17975 94.33948 80.37779 46.2216 83.18291 77.39872 127.36114 56.31997 40.7424 70.2741 76.66812 92.24799 61.48079 90.99605 53.193430000000006 53.68186 59.953269999999996 73.60237 78.07916 42.6554 115.00821 85.60743 84.575 50.29188 61.86663 87.20508 40.39922 18.95323 41.70743 115.46423000000001 70.07545 60.972989999999996 119.86278 59.90736 70.90764 55.72875 111.95597 65.03556 82.53097 118.99307999999999 87.7611 91.32501 
98.93612999999999 47.78346 88.69807 178.12757 73.30002 65.77124 166.03004 155.86531 113.42778 195.36389 99.93572 87.42923 134.97484 53.737790000000004 145.60677 167.55921 138.09741 63.39276 113.98523 65.45488 164.99616999999998 187.37469 157.04591 94.95481 0 74.84958 72.28407 156.96679 109.72416 66.70895 155.68375 82.67959 132.1948 76.96736 194.14377000000002 128.38566 140.49989 146.09728 27.76378 147.82082 214.20965999999999 7.3146 188.53591 124.81709 99.02887000000001 64.30613 149.53235 86.6458 183.51097 120.70277 22.49848 59.096630000000005 192.62537 181.21723 138.56504 196.61391 172.68124 152.77982 95.74983 134.40796 135.30649 133.06645 140.26861 156.3982 80.40181 74.38944000000001 140.5644 112.62688 106.4869 163.66968 128.11844 146.18535 171.61221 136.32061 144.74099999999999 146.19456 32.44233 108.68351999999999 128.52681 152.27289 149.45616 170.49173 144.36478 97.10167 137.17667 102.60908 83.08243 118.99614 209.37182 148.63908 81.45142 64.85021 71.94805 32.35541 131.02996 189.09193 71.43532 139.20264 142.39555 50.77896 25.70745 
35.97116 32.4463 19.66313 174.54543 11.77909 90.3563 169.06611 158.39776 118.93943 195.8422 96.6257 98.68280999999999 78.66403 107.04056 111.52794 134.44491 151.15202 101.9781 58.73765 88.11712 174.25923 132.34422 85.27938 61.593849999999996 74.84958 0 27.01053 86.48444 122.11066 30.39314 84.4064 15.198550000000001 145.40398 87.55794 161.48252 61.68693 75.36975000000001 129.90780999999998 59.7506 88.75366 154.67029000000002 67.8288 153.40309 78.95505 47.35084 123.81214 84.86865999999999 65.02623 114.5668 50.45307 72.9198 22.65634 167.53228000000001 154.38451 143.42946 194.91196 133.26851 134.37283 58.06109 119.1802 143.54156 127.57531 96.16525999999999 86.76369000000001 104.51765 132.25178 111.59711 51.533269999999995 114.48602 130.78265 136.45991 80.42303 101.86868000000001 89.63754 106.99757 79.26305 42.853449999999995 109.57396 67.28434 163.36912 74.89368 102.99007 100.4158 22.37582 70.12849 44.45196 56.648920000000004 52.21066 160.95256 122.43797 18.73045 119.35638 5.22199 42.49912 116.7576 167.39881 10.10387 82.19215 162.76571 48.46061 81.81103 
49.27095 24.86705 28.67797 198.94948 17.31583 107.0675 189.87761 179.12515000000002 140.60591 216.47366 117.43996 118.36544 104.87174999999999 110.70133999999999 138.24438999999998 161.2857 172.03609 110.07355 59.91689 103.76881 196.46157 157.65284 105.05491 81.79311 72.28407 27.01053 0 106.92859 141.67978 6.59543 109.08047 31.11768 166.29552 106.50408 187.64436 64.76477 90.37947 151.07826 67.28209000000001 113.72769 178.61903999999998 65.33591 180.04607 103.06678000000001 49.077600000000004 127.53738 96.49798999999999 70.81047 135.50772 54.52133 75.40005000000001 38.47197 194.11689 181.03579 165.93802 219.3285 160.13252 160.18067 79.28645 144.55211 164.71093000000002 145.96328 122.33828 102.46609000000001 119.26806 136.08144000000001 138.09492 68.69198 135.36656 157.69877 156.59706 104.61045 122.28788 115.96107 132.42046 103.40736000000001 41.42526 131.51025 92.45564 185.06037 89.49761000000001 124.96452 127.30702 38.07822 72.94978 58.96208 62.84137 76.62967 187.21755 147.43419999999998 27.58578 121.55430000000001 22.03486 43.34367 136.90337 193.74271 16.90666 77.08701 182.44689 53.10764 82.60528 
66.90893 118.92029000000001 84.78927 170.35292 92.93925 142.59393 167.94450999999998 159.49922 142.12817 184.40163 118.92829 136.51853 43.5626 179.53452 89.96031 105.87375 170.62722 168.32538 106.97489999999999 142.92122 184.55644999999998 65.91138 33.97764 80.01498000000001 156.96679 86.48444 106.92859 0 149.39191 112.83111 33.5009 79.06962 167.09162 130.63003 122.90315999999999 52.61213 38.607079999999996 116.59078 134.64713 35.78595 86.84344 150.03773999999999 113.30082 60.40391 113.12298000000001 195.57639 40.77793 78.03454 28.59384 69.40799 149.85679 98.43272999999999 138.47509 126.07311000000001 157.04623 189.19317 94.54038 124.02701 73.99884 119.46167 159.21443 124.48258999999999 67.05554 42.43348 154.11357 201.88871 97.64372999999999 44.90248 141.79782 101.97008 153.08877999999999 18.63869 15.38424 66.89533 79.71683 29.576570000000004 127.37871999999999 133.99276 38.53305 178.13603 29.88469 25.52581 70.41368 69.28644 49.39438 54.44412 78.01583000000001 38.73685 99.47643 103.83615 81.78561 192.51667 91.15424 125.75104 110.30502 142.43212000000003 94.47275 42.77191 187.23939 127.74056 158.64426 
125.56788 124.26579 140.65574 69.3183 128.96412 43.95319 56.66102 47.056039999999996 9.28075 85.93798 30.65125 26.86829 106.56237 88.72207 76.31491 87.52157 30.43752 72.38278 179.7184 48.32576 57.36127 135.48651 153.42581 77.89831 109.72416 122.11066 141.67978 149.39191 0 140.55444 150.56566999999998 124.55812 24.64024 35.88735 107.61197 157.74108 145.20844 56.54493 88.49636 118.23093 165.36950000000002 108.65864 105.59471 89.17172 164.95958 95.93 150.06766 83.36341 162.45632 162.30774 93.5757 103.64166 97.62943 90.27331 28.98562 86.89595 99.85162 59.530969999999996 81.9489 44.39861 34.16202 39.56649 90.00565 156.92943 37.9933 94.34652 66.52284 118.3934 7.62464 84.66721 18.39428 130.75322 157.06301 92.25686 83.30032 129.21895 111.63695 15.4297 111.81300999999999 44.613 162.65477 149.86465 89.88899 135.57853 164.74767 117.02843 91.53575000000001 118.62493 140.58495 69.99499 126.86785 97.39839 123.58965 108.2112 50.29066 90.9236 127.79203 160.19488 41.93672 117.76448 96.16711 
55.34367999999999 20.467799999999997 34.60919 199.30857 23.325059999999997 103.50024 189.82735 179.04151 139.90964 217.37858 117.39174 116.91304000000001 109.01147 106.30208999999999 140.67882 163.83205 170.99196 105.71519 66.19919 100.2781 195.80703 162.63418000000001 110.52136000000002 83.78661 66.70895 30.39314 6.59543 112.83111 140.55444 0 110.23556 35.56161 165.19405 105.05168 190.67757999999998 70.77324999999999 96.56554 152.45148 62.88284 118.26882 183.43193000000002 59.39435 182.89733 106.21342 55.359899999999996 121.67549 102.78029 73.58081 141.28975 58.83558 71.0008 44.78081 196.1649 183.1827 165.49796 219.68759 163.30462 162.82332 81.61546000000001 147.3207 164.19112 146.63739 126.0812 107.82451 116.67863 131.09291 140.08194 73.52108 134.91933 160.10675 156.06116 109.43955 128.12036 119.30329 135.24126 108.02469 37.02601 130.93259 97.25228 184.26170000000002 95.77991 130.54054 130.5332 43.54467 78.7964 65.17478 64.88773 81.45877 191.26465 149.32667 33.79848 116.2215 26.58486 38.99314 137.73063 195.74257999999998 21.45666 83.68244000000001 180.8918 59.703070000000004 77.32152 
75.07902 116.84862 82.03198 173.43259 94.04224 143.15798999999998 170.41579000000002 162.29522 143.65252 188.12297999999998 120.15036 137.19899 47.094480000000004 179.49804999999998 94.16175 111.60668 172.47776 168.76103 102.36455 143.38075 186.92314 71.78832 36.71006 81.40806 155.68375 84.4064 109.08047 33.5009 150.56567 110.23556 0 80.48231 168.81628 131.18955 125.05767 48.84646 34.841409999999996 119.06206 134.04943 45.954299999999996 86.13019 148.84148 116.76781 62.344719999999995 106.8387 195.82491 16.33191 77.99723 31.47257 64.704 148.77361 97.29616999999999 141.76359 129.33838 159.02314 192.72381000000001 97.98254 126.65361 73.95969 121.77472 161.36576 126.61032 72.55967 8.93258 154.91475 201.93932 100.84107 54.97646 142.99331 108.68468 154.68196 37.9995 18.11666 70.15302 85.72228 41.522670000000005 126.1741 135.46554 38.75266 180.1694 26.07635 23.47943 75.13359 73.32045000000001 45.62871 69.21806 89.13256000000001 47.23981 105.35356 108.03759 83.98819999999999 192.97771999999998 89.62839000000001 124.64819 111.97543 145.69739 92.17381 38.963570000000004 188.952 130.53055 157.63474 
25.21707 40.05047 17.06223 174.99168 14.44537 97.66758 166.91408 157.01949000000002 122.76304999999999 192.21144 96.41407 101.97632 73.75407 114.03838999999999 109.1874 131.91422 153.33187 108.97722999999999 56.72509 93.28879 176.01123 127.10652 84.51883000000001 63.31075 82.67959 15.198550000000001 31.11768 79.06962 124.55812 35.56161 80.48231 0 147.975 91.3443 157.8724 54.99194 66.32558999999999 124.94311 66.84533 82.71972 147.92048 75.63943 150.10596 73.31342000000001 46.87481 130.9558 69.67011 71.26975 107.30209 42.25072 79.92912 30.46697 165.62329 152.38073 145.26596999999998 195.3707 129.88833 133.67401 52.58706 119.17578 144.74336 123.62646 92.02131 77.06944 109.68932000000001 140.6794 110.02325 37.99342 116.93348 128.64696 138.90737000000001 73.91189 94.40334 85.44758 102.67834 73.55403000000001 50.66408 113.62478 63.07922 165.53177 67.00035 95.9466 97.03849 33.35586 61.285430000000005 34.9082 59.85987 45.93069 156.17263 119.24842 3.5319 126.70764 12.09692 50.62939 110.39394 165.81632 16.23677 79.88757 166.18487 50.61361 88.54023 
147.50195 148.90603 164.61703 52.13552 153.10192 66.86378 43.543440000000004 34.35146 27.13889 69.89872 54.14022 50.35683 123.71419 106.83989 86.07673 91.95831000000001 31.498510000000003 90.02902 204.14162999999996 71.1404 32.80137 144.87291 171.99954 99.64889 132.1948 145.40398 166.29552 167.09162 24.64024 165.19405 168.81628 147.975 0 60.52759 106.33142 179.92973999999998 165.21094 62.39439 111.31812 134.33265 173.7463 131.71124 108.23888 109.28515999999999 189.40353 112.30882 169.21119 107.98277999999999 177.58992 185.53779 116.41125 128.0086 91.01114999999999 87.24959 15.86804 69.00667 105.73939999999999 60.35849 103.80409 62.272999999999996 21.04444 46.173820000000006 105.05138000000001 175.89547 58.23328 107.49501 76.17775 140.11208 31.11318 89.84445 42.56496 148.49952 173.72211 107.44772 95.05152000000001 147.05983 135.91934 36.50436 132.03875 20.09401 183.08567 165.63015 104.16914 159.06707 186.72201 139.16959 115.02472 139.4732 144.3337 75.34562 150.35639 115.06915 148.0096 132.56514 64.53994 83.97535 152.26961 181.56666 20.15251 141.25302 119.21391 
94.81408 88.37844 107.22107 101.55242 94.97063 16.03353 90.60766000000001 80.56171 37.84049 119.45737 25.21107 11.86136 92.23979 66.17 84.50707 98.1189 66.28482 49.28006 145.79613 20.41232 92.11019 133.52017 133.86082 61.75737 76.96736 87.55794 106.50408 130.63003 35.88735 105.05168 131.18955 91.3443 60.52759 0 122.81565 129.9927 122.59811 85.10128 52.60901 105.47544 163.11982 74.8539 118.41766 84.72259 129.95076 79.90017 128.95085 55.84523 149.23719 131.75227 65.66586000000001 68.89094 117.54858 107.66692 63.18129 120.90223 107.41623000000001 77.63922 57.92588 59.68331 60.895649999999996 57.07636 83.91815 136.27216 23.81792 80.67827 71.6327 93.16286000000001 30.76661 94.84312 52.7405 113.64707 141.27125 83.33524 85.00059999999999 112.4239 75.89318 38.57167 93.17512 79.97204 138.65882 135.86576 86.01518 103.87909 137.76944 90.37969 61.55004 95.77065 146.93376 78.18715 93.31710000000001 77.91461 90.67446 72.39174 58.48282 113.56346 93.37421 135.29431 75.94418 82.68035 68.47029 
145.01033 183.32213000000002 173.21767 77.37219 170.37874 138.54148 79.2498 78.09051 98.68634 82.51763 97.64252 117.16199 91.35254 188.98565000000002 50.52723 27.272460000000002 105.26953 171.59715 209.11176 142.11219 100.77368 73.85493 128.02309 107.31879 194.14377000000002 161.48252 187.64436 122.90315999999999 107.61197 190.67757999999998 125.05767 157.8724 106.33142 122.81565 0 162.35813000000002 132.97961 53.17869 166.61576 88.42073 85.393 189.82389 37.907939999999996 86.45959 203.54746 199.62130000000002 131.31734 118.35473999999999 113.83554 176.22241 179.2129 155.24608 29.8826 19.08183 92.05198999999999 83.4612 31.881990000000002 49.326100000000004 109.17057 67.6947 95.49304 69.20286 66.28071 133.99025 140.16303 199.9376 53.6206 126.64588 104.42893 31.17613 95.76751 107.16505000000001 118.06349 73.19896 56.09846 109.21749 179.56753999999998 98.8905 104.59932 102.51435 149.61984 107.92217 62.58149 159.55121 164.51761 133.24547 125.8983 120.20058 43.99587 46.82094 161.4043 199.873 165.63815 176.36935 64.33283 35.44084 170.74845 156.03487 121.28804 182.28089 185.44594 
50.29781 83.09027 42.11635 196.80082 55.58338 136.51531 191.20378 181.43071 152.86593000000002 212.93113 127.53431 138.57416999999998 73.64661 159.99748 120.37044 139.84784 184.64589 155.01433 54.36277 136.76432 204.28857 114.81233 47.22784 81.31190000000001 128.38566 61.68693 64.76477 52.61213 157.74108 70.77324999999999 48.84646 54.99194 179.92973999999998 129.99269999999999 162.35813000000002 0 32.33607 142.65719 112.79552 74.80852 127.75303 121.07106 154.17219 89.56611000000001 73.93975 176.93417 39.4168 84.32988 78.54483 16.85807 126.43437 72.86168 175.45494 162.20087999999998 173.83761 216.83872000000002 133.73716000000002 151.46176 76.28103999999999 141.15938 175.65138000000002 144.98135000000002 98.22075 44.363929999999996 149.9742 185.14308 124.88005 66.29199 150.11644 139.70475 167.68184 58.596329999999995 65.35499 91.27832000000001 111.20764 58.25752 95.96959 143.6922 59.87796 195.22398 26.26994 71.26843 102.96242 44.935320000000004 37.08771 40.91268 68.90315 59.571439999999996 147.78058 134.24628 56.57327 172.74474 56.46494 96.1109 130.93003 177.6703 57.43949 39.15716 199.22423 95.79623000000001 134.70931 
