25
28 31 49 42 34 14 47 45 19 9 40 17 30 21 20 24 1 32 35 4 12 46 48 36 22
0 0.413 0.621 1.07 1.791 2.3040000000000003 2.662 3.3579999999999997 3.5260000000000002 1.485 3.151 3.2750000000000004 3.974 4.337000000000001 2.817 3.2780000000000005 1.2520000000000002 1.4930000000000003 1.36 2.287 0.791 0.539 0.804 1.145 2.0540000000000003 
0.413 0 0.324 0.675 1.378 1.909 2.267 2.963 3.1310000000000002 1.09 2.756 3.632 4.059 4.04 2.632 2.981 1.609 1.345 1.133 2.7 1.204 0.952 0.577 0.9179999999999999 2.411 
0.621 0.324 0 0.449 1.373 1.683 2.041 2.737 2.9050000000000002 0.8640000000000001 2.53 3.3890000000000002 3.7350000000000003 3.716 2.3080000000000003 2.657 1.6989999999999998 1.435 1.223 2.899 1.412 1.069 0.667 1.008 2.501 
1.07 0.675 0.449 0 0.924 1.234 1.592 2.2880000000000003 2.456 0.41500000000000004 2.081 3.5070000000000006 3.8530000000000006 3.8340000000000005 2.4260000000000006 2.7750000000000004 2.148 1.8840000000000001 1.6720000000000002 3.3480000000000003 1.8610000000000002 1.5180000000000002 1.116 1.1800000000000002 2.95 
1.791 1.378 1.373 0.924 0 0.685 1.375 1.994 1.907 1.193 1.8639999999999999 4.285 4.233 3.9109999999999996 3.204 3.155 2.9869999999999997 2.7120000000000006 2.5000000000000004 4.077999999999999 2.582 2.33 1.9549999999999998 1.9580000000000002 3.7889999999999997 
2.3040000000000003 1.909 1.683 1.234 0.685 0 0.828 1.309 1.222 1.212 1.317 3.944 3.548 3.226 2.863 2.4699999999999998 3.091 2.7310000000000003 2.519 4.291 3.095 2.69 2.288 1.9769999999999999 3.626 
2.662 2.2670000000000003 2.041 1.592 1.375 0.828 0 0.696 1.035 1.218 0.489 3.343 2.947 2.625 2.262 1.8689999999999998 3.0970000000000004 2.7370000000000005 2.5250000000000004 4.039 3.1660000000000004 2.696 2.294 1.983 3.025 
3.358 2.963 2.737 2.2880000000000003 1.994 1.309 0.696 0 0.339 1.9140000000000001 1.185 2.895 2.4989999999999997 2.1769999999999996 1.814 1.4209999999999998 3.379 3.4330000000000007 3.2210000000000005 3.591 3.8620000000000005 3.3920000000000003 2.99 2.6790000000000003 2.577 
3.526 3.1310000000000002 2.905 2.456 1.907 1.222 1.035 0.339 0 2.253 1.186 2.722 2.326 2.004 1.641 1.248 3.206 3.566 3.4130000000000003 3.418 3.868 3.584 3.182 2.871 2.404 
1.485 1.09 0.8640000000000001 0.41500000000000004 1.193 1.212 1.218 1.914 2.253 0 1.7069999999999999 3.092 3.4380000000000006 3.4190000000000005 2.011 2.3600000000000003 1.879 1.519 1.307 3.079 1.9480000000000002 1.4780000000000002 1.076 0.765 2.681 
3.151 2.7560000000000002 2.53 2.081 1.8639999999999999 1.317 0.489 1.185 1.186 1.707 0 3.084 2.6879999999999997 2.3659999999999997 2.003 1.6099999999999999 3.568 3.2260000000000004 3.0140000000000002 3.7800000000000002 3.6550000000000002 3.185 2.783 2.472 2.766 
3.2750000000000004 3.632 3.3890000000000007 3.5070000000000006 4.285 3.944 3.343 2.895 2.722 3.0920000000000005 3.084 0 0.699 1.2389999999999999 1.081 1.661 2.023 2.383 2.595 1.202 2.685 2.736 3.055 3.1230000000000007 1.52 
3.974 4.059000000000001 3.7350000000000008 3.8530000000000006 4.2330000000000005 3.548 2.947 2.499 2.326 3.4380000000000006 2.688 0.699 0 0.54 1.6520000000000001 1.078 2.722 3.082 3.294 1.9009999999999998 3.384 3.435 3.754 3.4690000000000007 2.219 
4.337000000000001 4.040000000000001 3.7160000000000006 3.8340000000000005 3.911 3.226 2.6249999999999996 2.177 2.004 3.4190000000000005 2.3659999999999997 1.2389999999999999 0.54 0 1.633 1.0590000000000002 3.1750000000000003 3.535 3.7470000000000003 2.441 3.837 3.8880000000000003 3.7610000000000006 3.4500000000000006 2.396 
2.817 2.632 2.3080000000000003 2.426 3.204 2.863 2.262 1.814 1.641 2.011 2.003 1.081 1.6520000000000001 1.633 0 1.161 1.565 1.9249999999999998 2.137 1.7770000000000001 2.227 2.278 2.353 2.0420000000000003 0.763 
3.2780000000000005 2.9810000000000003 2.6570000000000005 2.7750000000000004 3.155 2.4699999999999998 1.8690000000000002 1.4210000000000003 1.248 2.3600000000000003 1.61 1.661 1.078 1.0590000000000002 1.161 0 2.726 3.086 2.9330000000000007 2.538 3.388 3.1040000000000005 2.7020000000000004 2.3910000000000005 1.924 
1.2520000000000002 1.609 1.699 2.148 2.987 3.091 3.097 3.379 3.206 1.879 3.568 2.0229999999999997 2.7219999999999995 3.175 1.565 2.726 0 0.36 0.572 1.2 0.6619999999999999 0.7130000000000001 1.032 1.1139999999999999 0.802 
1.4929999999999999 1.345 1.435 1.8840000000000001 2.712 2.731 2.737 3.433 3.566 1.5190000000000001 3.226 2.383 3.082 3.5349999999999997 1.9249999999999998 3.086 0.36 0 0.212 1.56 0.9029999999999999 0.954 0.768 0.754 1.162 
1.36 1.133 1.223 1.6720000000000002 2.5 2.519 2.525 3.221 3.413 1.307 3.014 2.5949999999999998 3.2939999999999996 3.747 2.137 2.933 0.572 0.212 0 1.772 0.831 0.8820000000000001 0.556 0.542 1.374 
2.287 2.6999999999999997 2.899 3.348 4.077999999999999 4.291 4.039000000000001 3.591 3.418 3.079 3.7800000000000002 1.202 1.9009999999999998 2.441 1.7770000000000001 2.538 1.2 1.56 1.772 0 1.496 1.913 2.232 2.314 1.014 
0.791 1.204 1.412 1.861 2.582 3.0949999999999998 3.166 3.862 3.868 1.948 3.655 2.685 3.384 3.8369999999999997 2.227 3.388 0.662 0.9030000000000001 0.8310000000000001 1.496 0 0.631 0.9500000000000001 1.183 1.464 
0.539 0.952 1.069 1.518 2.33 2.6900000000000004 2.696 3.3920000000000003 3.584 1.478 3.185 2.7359999999999998 3.4349999999999996 3.888 2.278 3.104 0.7130000000000001 0.9540000000000001 0.882 1.913 0.631 0 0.402 0.7430000000000001 1.5150000000000001 
0.804 0.577 0.667 1.116 1.9549999999999998 2.2880000000000003 2.294 2.99 3.182 1.076 2.783 3.0549999999999997 3.7539999999999996 3.761 2.353 2.702 1.032 0.768 0.556 2.232 0.95 0.402 0 0.341 1.834 
1.145 0.918 1.008 1.1800000000000002 1.9580000000000002 1.977 1.983 2.6790000000000003 2.871 0.765 2.472 3.123 3.4690000000000003 3.45 2.0420000000000003 2.391 1.1139999999999999 0.754 0.542 2.314 1.183 0.7430000000000001 0.341 0 1.916 
2.054 2.411 2.501 2.9499999999999997 3.7889999999999997 3.626 3.025 2.577 2.404 2.681 2.766 1.52 2.219 2.396 0.763 1.924 0.802 1.162 1.3739999999999999 1.014 1.464 1.515 1.834 1.916 0 
