25
T930LVMZqWnRhtA bIXpEU56v5EwRurYx zvAc9Z2d7eDxV 3AZZS7ZlVKs4rRsl Tgw4KRLY56280J0 o2TJY8U e2CQ 5NI1AGh6XyxT39yE t4g038uD0J7N2MjjK a049zYG55Zn66Xbmpdp0 fnMwNw1M6Naw l 3l6XBJU8C1Vc5ugKIhUy B6zwxFUTXP7207OU owJxU5AByA1usDUB3gkv IU22L8 tH7nO948j59TD gE2u1BLhV0VP9W4K 9NiO9NIt6mT 4o J 10rY1cuVgs b88Y9j2qm7Ik9Uc1Akg qaNF4 awsq33VKPi6omYhDxD
0 21139395.2298 917514555.8919 185884435.1536 1806345254.2226 1308750651.3712 2070603211.1914 1182478190.0653 1475846483.8876 1298118082.8969 1586265933.1936998 1726825376.3421998 1832469970.5093 1436806124.9822 2080377385.6948 3550920924.2844 2309710101.3444 944409177.1012 1859060271.5109 2068463780.8488998 1847603009.4987 1732955613.017 1286499712.2727 1686008569.0305 2377502419.7918997 
21139395.2298 0 938653951.1216999 207023830.38340002 1827484649.4524002 1329890046.601 2091742606.4212 1203617585.2951 1454707088.6578 1319257478.1267 1607405328.4235 1747964771.572 1853609365.7391 1457945520.212 2101516780.9246001 3572060319.5142 2330849496.5741997 965548572.3310001 1837920876.2811 2047324385.6191 1868742404.7285 1754095008.2468 1307639107.5025 1707147964.2603 2398641815.0217 
917514555.8919 938653951.1216999 0 763621108.7561 1827045142.462 1857553628.7382 2443154269.7355003 881948228.5113 2393361039.7795 1875854756.4994001 2164002606.7962003 2304562049.9447 1427449980.8641 1725541529.6314 2087133899.331 3337819590.0382 1840578198.4699 149753123.0664 2776574827.4028 1963647496.3808002 1412316941.8747 1953490527.9876 2113491517.5149999 2045269674.1975 2044629773.9657 
185884435.1536 207023830.38340002 763621108.7561 0 1713654890.5927 1122866216.2176 1884718776.0378 996593754.9117 1661730919.0412 1112233647.7433 1400381498.0401 1540940941.1885998 1646585535.3557 1250921689.8286 1894492950.5412002 3542872310.6563997 2201702681.7522 758524741.9476 2044944706.6645 2078293022.7812 1661718574.3451 1624948193.4248 1349870408.7589 1500124133.8769 2191617984.6383 
1806345254.2226 1827484649.4524 1827045142.462 1713654890.5927 0 721696362.5469 2985379034.8168 2489418255.5302 2023969277.8462 1719996129.238 1431848278.9412 1374714333.6825 1202090306.5853999 1944851786.3953 1121577428.7188 4413639410.3005 2409482044.1344 1677292019.3955998 2915988032.0786 1431351980.8849 1186957267.596 2495715293.0689 2412643282.763 1858976046.8737001 2372728266.4525003 
1308750651.3712 1329890046.601 1857553628.7382 1122866216.2176 721696362.5469 0 2754203911.6628 2119459971.1293 2745665640.3931 2235099863.9609003 2153544641.4881 1952782891.4261 1923786669.1323 2373787906.0462 1843273791.2657 4182464287.1464996 1687785681.5875 1707800505.6718 2194291669.5317 2153048343.4318 1908653630.1429 2264540169.9149 2472736624.9765 2580672409.4206 3094424628.9994 
2070603211.1914 2091742606.4212 2443154269.7355003 1884718776.0378 2985379034.8168 2754203911.6628 0 2254122759.7497 2320350220.1317 1930002423.2510998 1903760483.9354 2324780024.818 2283408909.3396997 1228649332.316 2353730411.4949 2407587858.9795 1066418230.0753 2293401146.6691003 2581560248.9988003 1727732923.1704001 2298541948.3290997 489663741.7479 2247522980.3445997 1637832440.5073 2151584660.0860996 
1182478190.0653 1203617585.2951 881948228.5113 996593754.9117 2489418255.5302 2119459971.1293 2254122759.7497 0 1674316564.8308 1622767837.7159 1910915688.0127 1685849030.0965998 1659069005.2617 2247515444.7403 1906715672.0433002 3839334755.3054 1816111746.3274999 1031701351.5776999 3041538461.5762 1081699267.8695002 1643935966.2723 1921410638.0738 2062990569.7476 2010658323.8495 2702152174.6109 
1475846483.8876 1454707088.6578 2393361039.7795 1661730919.0412 2023969277.8462 2745665640.3931 2320350220.1317 1674316564.8308 0 2726053752.3466 2437905902.0498 2100482060.7301998 2443322201.8431 2592782246.868 1811004218.9428 3416768053.9968 2682859347.9573 2420255660.9888 1734203052.6978 592617296.9613 2458455240.8325 2106104859.6299002 1573908598.8394 2605418511.0041003 3119170730.5829 
1298118082.8969 1319257478.1267 1875854756.4994001 1112233647.7433 1719996129.238 2235099863.9609003 1930002423.2510998 1622767837.7159 2726053752.3466 0 288147850.2968 2076798808.1829 1425712592.5368 2202672075.7355 1204714387.4486 3453983302.1246 1364130137.9896 1870758389.6908998 1557194905.5595 2133436455.3853002 1410579553.5474 1536059184.893 2462104056.5022 387890486.1336 1079384336.895 
1586265933.1937 1607405328.4235 2164002606.7962003 1400381498.0401 1431848278.9412 2153544641.4881 1903760483.9354 1910915688.0126998 2437905902.0498 288147850.2968 0 1788650957.8860998 1713860442.8336 2358788410.5989 916566537.1518 3332020859.4191 1652277988.2864 2158906239.9877 1845342755.8562999 1845288605.0885 1698727403.8442001 1414096742.1875 2750251906.799 676038336.4304 1367532187.1918 
1726825376.3422 1747964771.572 2304562049.9447002 1540940941.1886 1374714333.6825001 1952782891.4261 2324780024.818 1685849030.0966 2100482060.7301998 2076798808.1829 1788650957.8861 0 1938325667.1592 1096130692.5019999 1018520848.0395 4732367883.7975 2341696425.3237 2190517681.2283 3585885647.8531 1507864763.7689 1923192628.1698 2814443766.5659 2115004340.5305998 2464689294.3164997 2996689370.2254 
1832469970.5093 1853609365.7391 1427449980.8641 1646585535.3557 1202090306.5853999 1923786669.1323 2283408909.3396997 1659069005.2617 2443322201.8431 1425712592.5368 1713860442.8336 1938325667.1591997 0 2196159416.4757 2159192309.1059 3401116306.3096 1357617478.7298 1277696857.7977 2848464228.1833 2323608158.8782997 15133038.9894 1934371967.0572 2996455944.1146 1813603078.6704 2505096929.4318 
1436806124.9822 1457945520.212 1725541529.6314 1250921689.8286 1944851786.3953 2373787906.0462 1228649332.316 2247515444.7403 2592782246.868 2202672075.7355003 2358788410.5989 1096130692.5019999 2196159416.4757 0 1588658300.7523 3636237191.2955 1245565732.8217 1714659022.5774999 2984086009.0278 2000164949.9067001 2211292455.4651 1718313074.0639 1018873648.0286 1814781589.6019 2506275440.3633003 
2080377385.6948001 2101516780.9246001 2087133899.3309999 1894492950.5412002 1121577428.7188 1843273791.2657 2353730411.4949 1906715672.0433002 1811004218.9428 1204714387.4486 916566537.1518 1018520848.0395001 2159192309.1059 1588658300.7523 0 4248587396.5709 2568844525.4382 1937380776.2645998 2761909293.0081 1218386921.9815 2144059270.1165 2330663279.3393 2199678223.8596 1592604873.5822 2284098724.3436003 
3550920924.2844 3572060319.5142 3337819590.0382004 3542872310.6563997 4413639410.3005 4182464287.1465 2407587858.9795 3839334755.3054004 3416768053.9968 3453983302.1246004 3332020859.4191 4732367883.7975 3401116306.3096 3636237191.2955 4248587396.5709 0 2494678605.559 3188066466.9718003 4009820624.4825 3431411679.9002 3400272955.6095 1917924117.2316 3509710480.8576 3066092815.991 3562811807.0155 
2309710101.3444 2330849496.5742 1840578198.4699 2201702681.7522 2409482044.1344004 1687785681.5875 1066418230.0753 1816111746.3274999 2682859347.9573 1364130137.9896 1652277988.2863998 2341696425.3237 1357617478.7298 1245565732.8217 2568844525.4382 2494678605.559 0 1990331321.5363 1881414558.8002 2090242050.996 1372750517.7192 576754488.3274 2264439380.8503 976239651.856 1667733502.6174 
944409177.1012 965548572.331 149753123.0664 758524741.9476 1677292019.3955998 1707800505.6718 2293401146.6691 1031701351.5776999 2420255660.9888 1870758389.6908998 2158906239.9877 2190517681.2283 1277696857.7977 1714659022.5774999 1937380776.2646 3188066466.9718 1990331321.5363 0 2803469448.6121 2113400619.4471998 1262563818.8083 1803737404.9212 2108395150.7065 1895516551.1311 1894876650.8992999 
1859060271.5109 1837920876.2811 2776574827.4028 2044944706.6645 2915988032.0786 2194291669.5317 2581560248.9988003 3041538461.5762 1734203052.6978 1557194905.5595 1845342755.8562999 3585885647.8531 2848464228.1833 2984086009.0278 2761909293.0081 4009820624.4825 1881414558.8002 2803469448.6121 0 2326820349.6591 2833331189.1939 2091896507.2509 3145559983.7836 1169304419.4259 1860798270.1873 
2068463780.8489 2047324385.6191 1963647496.3808002 2078293022.7812002 1431351980.8848999 2153048343.4318 1727732923.1704 1081699267.8695002 592617296.9613 2133436455.3853002 1845288605.0885 1507864763.7689 2323608158.8782997 2000164949.9067001 1218386921.9815 3431411679.9002 2090242050.996 2113400619.4472003 2326820349.6591 0 2338741197.8676996 1513487562.6686 981291301.8781 2012801214.0428 2526553433.6216 
1847603009.4987 1868742404.7285 1412316941.8747 1661718574.3451 1186957267.596 1908653630.1429 2298541948.3291 1643935966.2723 2458455240.8325 1410579553.5474 1698727403.8442001 1923192628.1697998 15133038.9894 2211292455.4651 2144059270.1165 3400272955.6095 1372750517.7192 1262563818.8083 2833331189.1939 2338741197.8677 0 1949505006.0465999 3011588983.104 1798470039.681 2489963890.4424 
1732955613.017 1754095008.2468 1953490527.9876 1624948193.4248 2495715293.0689 2264540169.9149 489663741.7479 1921410638.0738 2106104859.6299 1536059184.893 1414096742.1875 2814443766.5659 1934371967.0572 1718313074.0639 2330663279.3393 1917924117.2316 576754488.3274 1803737404.9212 2091896507.2509 1513487562.6686 1949505006.0465999 0 2494778864.5467 1148168698.7594 1661920918.3382 
1286499712.2727 1307639107.5025 2113491517.5149999 1349870408.7589 2412643282.763 2472736624.9765 2247522980.3445997 2062990569.7476 1573908598.8394 2462104056.5022 2750251906.7990003 2115004340.5305998 2996455944.1146 1018873648.0286 2199678223.8596 3509710480.8576 2264439380.8503 2108395150.7065 3145559983.7836 981291301.8781 3011588983.104 2494778864.5467005 0 2833655237.6305 3491671583.0915003 
1686008569.0305 1707147964.2603 2045269674.1975 1500124133.8769 1858976046.8737001 2580672409.4206 1637832440.5073 2010658323.8495 2605418511.0041 387890486.1336 676038336.4304 2464689294.3164997 1813603078.6704 1814781589.6019 1592604873.5822 3066092815.991 976239651.856 1895516551.1311 1169304419.4259 2012801214.0428 1798470039.681 1148168698.7594 2833655237.6305 0 691493850.7614 
2377502419.7919 2398641815.0217004 2044629773.9657 2191617984.6383 2372728266.4525 3094424628.9994 2151584660.0860996 2702152174.6109 3119170730.5829 1079384336.895 1367532187.1918 2996689370.2254 2505096929.4318 2506275440.3633 2284098724.3436003 3562811807.0155 1667733502.6174 1894876650.8992999 1860798270.1873 2526553433.6216 2489963890.4424 1661920918.3381999 3491671583.0915003 691493850.7614 0 
