10
1 2 3 4 5 6 7 8 9 0
0 193.42404 141.03512 142.35194 149.75007 175.31851 147.16839 84.49845 60.62062 152.25776 
193.42404000000002 0 132.31086 117.62364 91.55427 118.75988000000001 181.07306 149.87655999999998 132.80342000000002 183.10251 
141.03512 132.31086 0 184.42916 162.02546 82.66017 162.41491000000002 145.26898 80.4145 68.87891 
142.35194 117.62364 184.42916000000002 0 149.44531999999998 123.57092 89.57964 136.7632 165.50092 136.85415 
149.75007 91.55427 162.02546 149.44531999999998 0 79.36529 141.70805000000001 148.04111 148.11961 148.13206 
175.31851 118.75988000000001 82.66017 123.57092 79.36529 0 152.39923 155.82384 163.07467 151.53908 
147.16839 181.07306 162.41491000000002 89.57964 141.70805000000001 152.39923 0 134.97320000000002 126.2056 217.01083999999997 
84.49845 149.87655999999998 145.26898 136.7632 148.04111 155.82384 134.97320000000002 0 121.74362 97.38988 
60.62062 132.80342000000002 80.4145 165.50092 148.11961 163.07467 126.2056 121.74362 0 149.29341 
152.25776 183.10251 68.87891 136.85415 148.13206 151.53908 217.01084 97.38988 149.29341 0 
