21
loc39 loc6 loc28 loc48 loc8 loc44 loc16 loc9 loc31 loc30 loc19 loc18 loc7 loc41 loc24 loc43 loc3 loc15 loc26 loc42 loc0
0 0.9550000000000001 1.874 0.442 0.059 0.821 1.3980000000000001 1.1549999999999998 0.691 0.714 0.966 1.198 0.9800000000000001 0.757 1.3479999999999999 0.121 0.877 0.22 0.935 1.089 1.37 
0.9550000000000001 0 1.487 0.7629999999999999 0.896 1.1400000000000001 0.443 0.801 1.002 0.952 1.2770000000000001 1.436 0.025 0.765 1.09 1.076 0.997 0.735 0.548 1.524 0.848 
1.8739999999999999 1.4869999999999999 0 1.573 1.815 1.525 1.93 1.7069999999999999 1.6280000000000001 1.337 1.903 0.695 1.5119999999999998 1.38 2.372 1.894 1.916 1.654 1.454 1.9089999999999998 1.9019999999999997 
0.442 0.7629999999999999 1.573 0 0.501 0.5820000000000001 1.206 0.893 0.385 0.394 0.66 0.8779999999999999 0.7879999999999999 0.437 1.5830000000000002 0.321 1.046 0.662 0.64 0.9660000000000001 1.125 
0.059 0.8959999999999999 1.815 0.501 0 0.762 1.339 1.096 0.7499999999999999 0.6799999999999999 1.025 1.164 0.9209999999999999 0.723 1.289 0.18 0.8180000000000001 0.161 0.876 1.03 1.311 
0.821 1.1400000000000001 1.525 0.5820000000000001 0.762 0 0.9610000000000001 0.8450000000000001 0.637 0.34600000000000003 0.912 0.83 1.165 0.389 1.5590000000000002 0.903 1.036 0.923 0.5920000000000001 0.384 1.377 
1.398 0.443 1.9299999999999997 1.206 1.339 0.9610000000000001 0 1.244 1.445 1.3070000000000002 1.7200000000000002 1.7910000000000001 0.468 1.208 1.5330000000000001 1.519 1.44 1.178 0.991 1.3450000000000002 1.291 
1.155 0.8009999999999999 1.7069999999999999 0.893 1.096 0.8450000000000001 1.244 0 0.8919999999999999 0.657 1.1669999999999998 1.141 0.826 0.47 1.266 1.214 1.1400000000000001 0.968 0.253 1.0070000000000001 1.216 
0.691 1.002 1.6280000000000001 0.385 0.75 0.637 1.445 0.892 0 0.449 0.275 0.9329999999999999 1.027 0.492 1.6360000000000001 0.706 1.0870000000000002 0.911 0.639 1.021 0.74 
0.714 0.952 1.337 0.394 0.6799999999999999 0.34600000000000003 1.307 0.657 0.44899999999999995 0 0.724 0.6419999999999999 0.977 0.201 1.411 0.7150000000000001 1.1099999999999999 0.841 0.404 0.73 1.189 
0.966 1.277 1.903 0.6599999999999999 1.025 0.912 1.72 1.1669999999999998 0.275 0.724 0 1.208 1.3019999999999998 0.767 1.911 0.9809999999999999 1.362 1.186 0.9139999999999999 1.296 1.0150000000000001 
1.198 1.436 0.695 0.8779999999999999 1.164 0.83 1.791 1.141 0.9329999999999999 0.6419999999999999 1.208 0 1.4609999999999999 0.6849999999999999 1.677 1.1989999999999998 1.5939999999999999 1.325 0.8879999999999999 1.214 1.43 
0.98 0.025 1.512 0.788 0.921 1.165 0.468 0.826 1.0270000000000001 0.9769999999999999 1.302 1.4609999999999999 0 0.7899999999999999 1.065 1.101 1.022 0.76 0.573 1.549 0.873 
0.757 0.7649999999999999 1.38 0.437 0.723 0.389 1.208 0.47 0.492 0.201 0.767 0.6849999999999999 0.7899999999999999 0 1.212 0.758 1.1320000000000001 0.884 0.217 0.773 1.18 
1.3479999999999999 1.0899999999999999 2.372 1.583 1.289 1.5590000000000002 1.533 1.266 1.6360000000000001 1.4109999999999998 1.911 1.677 1.065 1.212 0 1.262 1.354 1.139 1.056 1.175 1.5579999999999998 
0.121 1.076 1.894 0.321 0.18 0.903 1.5190000000000001 1.214 0.706 0.715 0.981 1.1989999999999998 1.101 0.758 1.262 0 0.998 0.34099999999999997 0.9610000000000001 1.21 1.446 
0.877 0.9970000000000001 1.916 1.046 0.8180000000000001 1.036 1.4400000000000002 1.1400000000000001 1.0870000000000002 1.11 1.362 1.594 1.022 1.1320000000000001 1.354 0.998 0 0.9790000000000001 0.9770000000000001 1.095 1.354 
0.22 0.735 1.654 0.6619999999999999 0.161 0.923 1.178 0.9680000000000001 0.9109999999999999 0.841 1.186 1.325 0.76 0.884 1.139 0.34099999999999997 0.9790000000000001 0 0.7150000000000001 0.88 1.15 
0.935 0.548 1.454 0.64 0.8760000000000001 0.5920000000000001 0.9910000000000001 0.253 0.639 0.404 0.914 0.8879999999999999 0.5730000000000001 0.217 1.056 0.9610000000000001 0.9770000000000001 0.7150000000000001 0 0.9760000000000001 0.963 
1.089 1.524 1.909 0.966 1.03 0.384 1.3450000000000002 1.0070000000000001 1.0210000000000001 0.73 1.2960000000000003 1.214 1.549 0.773 1.175 1.21 1.095 0.88 0.976 0 1.7610000000000001 
1.3699999999999999 0.848 1.9019999999999997 1.125 1.311 1.3769999999999998 1.291 1.216 0.74 1.1889999999999998 1.0150000000000001 1.43 0.873 1.18 1.5579999999999998 1.446 1.354 1.15 0.963 1.7609999999999997 0 
