21
b0 b1 b2 b3 b4 b5 b6 b7 b8 b9 c0 c1 c2 c3 c4 c5 c6 c7 c8 c9 a0
0 40.0 40.0 40.0 40.0 40.0 35.0 44.0 44.0 35.0 42.0 49.0 42.0 64.0 66.0 65.0 68.0 48.0 61.0 46.0 30.0 
40.0 0 40.0 40.0 40.0 40.0 35.0 44.0 44.0 35.0 42.0 49.0 42.0 64.0 66.0 65.0 68.0 48.0 61.0 46.0 30.0 
40.0 40.0 0 40.0 40.0 40.0 35.0 44.0 44.0 35.0 42.0 49.0 42.0 64.0 66.0 65.0 68.0 48.0 61.0 46.0 30.0 
40.0 40.0 40.0 0 40.0 40.0 35.0 44.0 44.0 35.0 42.0 49.0 42.0 64.0 66.0 65.0 68.0 48.0 61.0 46.0 30.0 
40.0 40.0 40.0 40.0 0 19.0 15.0 24.0 24.0 15.0 22.0 29.0 22.0 44.0 46.0 45.0 48.0 28.0 41.0 26.0 10.0 
40.0 40.0 40.0 40.0 19.0 0 15.0 24.0 24.0 15.0 22.0 29.0 22.0 44.0 46.0 45.0 48.0 28.0 41.0 26.0 10.0 
35.0 35.0 35.0 35.0 15.0 15.0 0 9.0 10.0 9.0 17.0 24.0 17.0 39.0 41.0 40.0 43.0 23.0 36.0 21.0 5.0 
44.0 44.0 44.0 44.0 24.0 24.0 9.0 0 9.0 10.0 26.0 33.0 26.0 48.0 50.0 49.0 52.0 32.0 45.0 30.0 14.0 
44.0 44.0 44.0 44.0 24.0 24.0 10.0 9.0 0 9.0 26.0 33.0 26.0 48.0 50.0 49.0 52.0 32.0 45.0 30.0 14.0 
35.0 35.0 35.0 35.0 15.0 15.0 9.0 10.0 9.0 0 17.0 24.0 17.0 39.0 41.0 40.0 43.0 23.0 36.0 21.0 5.0 
42.0 42.0 42.0 42.0 22.0 22.0 17.0 26.0 26.0 17.0 0 7.0 14.0 46.0 48.0 47.0 50.0 30.0 43.0 28.0 12.0 
49.0 49.0 49.0 49.0 29.0 29.0 24.0 33.0 33.0 24.0 7.0 0 21.0 53.0 55.0 54.0 57.0 37.0 50.0 35.0 19.0 
42.0 42.0 42.0 42.0 22.0 22.0 17.0 26.0 26.0 17.0 14.0 21.0 0 46.0 48.0 47.0 50.0 30.0 43.0 28.0 12.0 
64.0 64.0 64.0 64.0 44.0 44.0 39.0 48.0 48.0 39.0 46.0 53.0 46.0 0 8.0 2.0 5.0 52.0 65.0 50.0 34.0 
66.0 66.0 66.0 66.0 46.0 46.0 41.0 50.0 50.0 41.0 48.0 55.0 48.0 8.0 0 6.0 9.0 54.0 67.0 52.0 36.0 
65.0 65.0 65.0 65.0 45.0 45.0 40.0 49.0 49.0 40.0 47.0 54.0 47.0 2.0 6.0 0 3.0 53.0 66.0 51.0 35.0 
68.0 68.0 68.0 68.0 48.0 48.0 43.0 52.0 52.0 43.0 50.0 57.0 50.0 5.0 9.0 3.0 0 56.0 69.0 54.0 38.0 
48.0 48.0 48.0 48.0 28.0 28.0 23.0 32.0 32.0 23.0 30.0 37.0 30.0 52.0 54.0 53.0 56.0 0 35.0 34.0 18.0 
61.0 61.0 61.0 61.0 41.0 41.0 36.0 45.0 45.0 36.0 43.0 50.0 43.0 65.0 67.0 66.0 69.0 35.0 0 47.0 31.0 
46.0 46.0 46.0 46.0 26.0 26.0 21.0 30.0 30.0 21.0 28.0 35.0 28.0 50.0 52.0 51.0 54.0 34.0 47.0 0 16.0 
30.0 30.0 30.0 30.0 10.0 10.0 5.0 14.0 14.0 5.0 12.0 19.0 12.0 34.0 36.0 35.0 38.0 18.0 31.0 16.0 0 
