41
5 87 55 42 78 29 15 31 89 46 43 53 47 93 75 95 65 74 12 79 85 69 16 19 90 66 59 2 21 72 36 23 39 97 32 73 6 83 41 58 22
0 2163947.0 797982.0 1559382.0 714659.0 1230948.0 1097476.0 1167031.0 966480.0 8883.0 832922.0 814655.0 1907907.0 1031169.0 1173134.0 647103.0 1635603.0 1726995.0 816430.0 1363931.0 1443613.0 1547698.0 1092062.0 86122.0 1330240.0 1388054.0 1270650.0 881474.0 1146786.0 945799.0 655088.0 674202.0 1136513.0 1881044.0 871076.0 1532402.0 1066975.0 886908.0 748610.0 1141365.0 865436.0 
2163947.0 0 2022293.0 2407271.0 1991147.0 1843224.0 2628680.0 2311441.0 2500374.0 2172830.0 2259407.0 2717786.0 3368332.0 2784595.0 2672839.0 2811050.0 2442551.0 3224474.0 1849799.0 2162323.0 2478185.0 2228444.0 1798586.0 2250069.0 2044557.0 2422626.0 2768129.0 1729363.0 2291196.0 2004501.0 2188982.0 2015981.0 2171085.0 3414938.0 2059458.0 2566974.0 2101547.0 1930396.0 2282504.0 2175937.0 2616139.0 
797982.0 2022293.0 0 1354817.0 882969.0 855723.0 883268.0 687759.0 1134790.0 806865.0 1264655.0 1612637.0 2173362.0 1178191.0 1341444.0 1445085.0 1307900.0 1731963.0 773911.0 1008764.0 1506090.0 1240943.0 1240090.0 884104.0 725945.0 944558.0 1430916.0 734611.0 667514.0 466527.0 823398.0 650016.0 1093994.0 1876765.0 1064706.0 1489883.0 543814.0 282613.0 916920.0 1098846.0 1250555.0 
1559382.0 2407271.0 1354817.0 0 939692.0 1755916.0 1974459.0 1202284.0 1546622.0 1568265.0 1207952.0 1670609.0 2989728.0 1692716.0 1753276.0 2206485.0 1739362.0 2231538.0 798344.0 1632900.0 1813467.0 2141136.0 1326908.0 1645504.0 1706252.0 1459083.0 1775193.0 677908.0 1182039.0 981052.0 1235230.0 1550886.0 1123908.0 2369879.0 1008003.0 1519797.0 1229122.0 1262920.0 1328752.0 1128760.0 1662387.0 
714659.0 1991147.0 882969.0 939692.0 0 990685.0 1308301.0 843862.0 701899.0 723542.0 791828.0 1254485.0 2145005.0 1204156.0 908553.0 1361762.0 1323238.0 1815414.0 382220.0 1274478.0 1392437.0 1375905.0 910784.0 800781.0 1192018.0 1100661.0 1359069.0 261784.0 823617.0 622630.0 390507.0 759189.0 707784.0 1616463.0 591879.0 1103673.0 812998.0 904498.0 484029.0 712636.0 817664.0 
1230948.0 1843224.0 855723.0 1755916.0 990685.0 0 1166408.0 1168972.0 1319999.0 1239831.0 1608052.0 1909357.0 1906060.0 1322323.0 1720130.0 1615637.0 980279.0 1754717.0 1042573.0 1489977.0 1923076.0 766172.0 1297461.0 1144826.0 582285.0 1425771.0 1572067.0 1078008.0 1148727.0 947740.0 1202084.0 1505739.0 1362656.0 2357978.0 1408103.0 1758545.0 566568.0 754983.0 1295606.0 1367508.0 1607143.0 
1097476.0 2628680.0 883268.0 1974459.0 1308301.0 1166408.0 0 1307401.0 1560122.0 1106359.0 1884297.0 1912131.0 2691516.0 1797833.0 1766776.0 1744579.0 1765735.0 2149948.0 1433739.0 1628406.0 2060922.0 1551628.0 1859732.0 1183598.0 1367741.0 1564200.0 1693603.0 1354253.0 1287156.0 1086169.0 1248730.0 1204848.0 1753822.0 2474686.0 1294029.0 1088142.0 1298720.0 1037519.0 824272.0 1758674.0 1675887.0 
1167031.0 2311441.0 687759.0 1202284.0 843862.0 1168972.0 1307401.0 0 1154271.0 1175914.0 1112122.0 1574779.0 2389644.0 1025658.0 1360925.0 1814134.0 1621149.0 1821928.0 702514.0 965842.0 1463407.0 1554192.0 1087557.0 1205932.0 1039194.0 792025.0 1365583.0 582078.0 514981.0 313994.0 842879.0 1012997.0 1028078.0 1724232.0 912173.0 1423967.0 857063.0 595862.0 936401.0 1032930.0 1270036.0 
966480.0 2500374.0 1134790.0 1546622.0 701899.0 1319999.0 1560122.0 1154271.0 0 975363.0 1398758.0 1708449.0 2396826.0 1455977.0 1160374.0 1613583.0 1777202.0 2209817.0 841665.0 1584887.0 1644258.0 1705219.0 1517714.0 1052602.0 1521332.0 1411070.0 1753472.0 868714.0 1134026.0 933039.0 642328.0 1011010.0 1161748.0 1868284.0 1198809.0 1557637.0 1309604.0 1214907.0 735850.0 1166600.0 1069485.0 
8883.0 2172830.0 806865.0 1568265.0 723542.0 1239831.0 1106359.0 1175914.0 975363.0 0 841805.0 823538.0 1916790.0 1040052.0 1182017.0 655986.0 1626720.0 1718112.0 807547.0 1372814.0 1434730.0 1556581.0 1100945.0 95005.0 1339123.0 1379171.0 1261767.0 890357.0 1155669.0 954682.0 663971.0 683085.0 1127630.0 1889927.0 862193.0 1523519.0 1058092.0 895791.0 757493.0 1132482.0 874319.0 
832922.0 2259407.0 1264655.0 1207952.0 791828.0 1608052.0 1884297.0 1112122.0 1398758.0 841805.0 0 1522745.0 2740829.0 1602554.0 1605412.0 1480025.0 1591498.0 2083674.0 650480.0 1542738.0 1665603.0 1993272.0 1179044.0 919044.0 1616090.0 1368921.0 1627329.0 530044.0 1091877.0 890890.0 1087366.0 1403022.0 976044.0 2222015.0 860139.0 1371933.0 1081258.0 1172758.0 1180888.0 980896.0 1514523.0 
814655.0 2717786.0 1612637.0 1670609.0 1254485.0 1909357.0 1912131.0 1574779.0 1708449.0 823538.0 1522745.0 0 2722562.0 1845824.0 1987789.0 1461758.0 1810387.0 2456361.0 874850.0 2005395.0 1884492.0 2362353.0 1641701.0 900777.0 2008948.0 1831578.0 2000016.0 992701.0 1554534.0 1353547.0 1469743.0 1488857.0 1194933.0 2673236.0 1322796.0 1590822.0 1342789.0 1565616.0 1563265.0 1199785.0 1680091.0 
1907907.0 3368332.0 2173362.0 2989728.0 2145005.0 1906060.0 2691516.0 2389644.0 2396826.0 1916790.0 2740829.0 2722562.0 0 2847431.0 2603480.0 2555010.0 2505387.0 3232852.0 2278473.0 2066376.0 2905656.0 2291280.0 2822569.0 1994029.0 2107393.0 2646443.0 2776507.0 2311820.0 2369399.0 2168412.0 2085434.0 2049582.0 2598556.0 3311390.0 2376933.0 2994445.0 2472628.0 2280091.0 2178956.0 2603408.0 2512591.0 
1031169.0 2784595.0 1178191.0 1692716.0 1204156.0 1322323.0 1797833.0 1025658.0 1455977.0 1040052.0 1602554.0 1845824.0 2847431.0 0 1662631.0 1678272.0 1921650.0 2312360.0 1192946.0 1456274.0 1953839.0 1707543.0 1577989.0 1117291.0 1523656.0 1282457.0 1856015.0 1072510.0 1005413.0 804426.0 1144585.0 1503429.0 1518510.0 2214664.0 1402605.0 1914399.0 1347495.0 1086294.0 1238107.0 1523362.0 1571742.0 
1173134.0 2672839.0 1341444.0 1753276.0 908553.0 1720130.0 1766776.0 1360925.0 1160374.0 1182017.0 1605412.0 1987789.0 2603480.0 1662631.0 0 1820237.0 2038610.0 2130002.0 1195804.0 1791541.0 1850912.0 2091160.0 1724368.0 1259256.0 1864893.0 1617724.0 1673657.0 1075368.0 1340680.0 1139693.0 848982.0 1217664.0 1521368.0 2074938.0 1274083.0 1917257.0 1551162.0 1421561.0 942504.0 1526220.0 1276139.0 
647103.0 2811050.0 1445085.0 2206485.0 1361762.0 1615637.0 1744579.0 1814134.0 1613583.0 655986.0 1480025.0 1461758.0 2555010.0 1678272.0 1820237.0 0 2214964.0 2374098.0 1463533.0 1924094.0 2090716.0 2000857.0 1739165.0 733225.0 1816970.0 2035157.0 1917753.0 1528577.0 1793889.0 1592902.0 1302191.0 1321305.0 1783616.0 2528147.0 1518179.0 2179505.0 1714078.0 1505325.0 1395713.0 1788468.0 1512539.0 
1635603.0 2442551.0 1307900.0 1739362.0 1323238.0 980279.0 1765735.0 1621149.0 1777202.0 1626720.0 1591498.0 1810387.0 2505387.0 1921650.0 2038610.0 2214964.0 0 2173368.0 943603.0 1942154.0 1953245.0 1365499.0 1710454.0 1721725.0 1181612.0 1877948.0 1717023.0 1061454.0 1600904.0 1399917.0 1618776.0 1690664.0 1263686.0 2741989.0 1317449.0 1659575.0 1411542.0 1216003.0 1382575.0 1268538.0 2045933.0 
1726995.0 3224474.0 1731963.0 2231538.0 1815414.0 1754717.0 2149948.0 1821928.0 2209817.0 1718112.0 2083674.0 2456361.0 3232852.0 2312360.0 2130002.0 2374098.0 2173368.0 0 1654177.0 2252544.0 2479435.0 2430127.0 1834817.0 1813117.0 2083398.0 2078727.0 1808415.0 1553630.0 1801683.0 1600696.0 1898425.0 1891055.0 1974260.0 3010934.0 1408841.0 2370149.0 1188149.0 1449350.0 1473967.0 1979112.0 2325582.0 
816430.0 1849799.0 773911.0 798344.0 382220.0 1042573.0 1433739.0 702514.0 841665.0 807547.0 650480.0 874850.0 2278473.0 1192946.0 1195804.0 1463533.0 943603.0 1654177.0 0 1133130.0 1017708.0 1553744.0 769436.0 902552.0 1142164.0 959313.0 1217721.0 120436.0 682269.0 481282.0 677758.0 755127.0 328149.0 1806452.0 450531.0 724038.0 476005.0 698832.0 771280.0 333001.0 1104915.0 
1363931.0 2162323.0 1008764.0 1632900.0 1274478.0 1489977.0 1628406.0 965842.0 1584887.0 1372814.0 1542738.0 2005395.0 2066376.0 1456274.0 1791541.0 1924094.0 1942154.0 2252544.0 1133130.0 0 1894023.0 1765681.0 1518173.0 1450053.0 1360199.0 1222641.0 1529554.0 1012694.0 945597.0 744610.0 1273495.0 689729.0 1458694.0 2154848.0 1342789.0 1854583.0 1178068.0 916867.0 1367017.0 1463546.0 1408547.0 
1443613.0 2478185.0 1506090.0 1813467.0 1392437.0 1923076.0 2060922.0 1463407.0 1644258.0 1434730.0 1665603.0 1884492.0 2905656.0 1953839.0 1850912.0 2090716.0 1953245.0 2479435.0 1017708.0 1894023.0 0 2255806.0 1784559.0 1529735.0 1967375.0 1597048.0 2023090.0 1135559.0 1443162.0 1235260.0 1332866.0 1382310.0 1337791.0 2558822.0 1465654.0 1733680.0 1356508.0 1524043.0 1426388.0 1342643.0 1760023.0 
1547698.0 2228444.0 1240943.0 2141136.0 1375905.0 766172.0 1551628.0 1554192.0 1705219.0 1556581.0 1993272.0 2362353.0 2291280.0 1707543.0 2091160.0 2000857.0 1365499.0 2430127.0 1553744.0 1765681.0 2255806.0 0 1682681.0 1530046.0 967505.0 1810991.0 1957287.0 1463228.0 1533947.0 1332960.0 1573114.0 1399732.0 1873827.0 2743198.0 1761749.0 2269716.0 1332740.0 1140203.0 1666636.0 1878679.0 1992363.0 
1092062.0 1798586.0 1240090.0 1326908.0 910784.0 1297461.0 1859732.0 1087557.0 1517714.0 1100945.0 1179044.0 1641701.0 2822569.0 1577989.0 1724368.0 1739165.0 1710454.0 1834817.0 769436.0 1518173.0 1784559.0 1682681.0 0 1178184.0 1498794.0 1344356.0 1532665.0 649000.0 1067312.0 866325.0 1206322.0 1521978.0 1095000.0 2276563.0 979095.0 1490889.0 1200214.0 1148193.0 1198217.0 1099852.0 1212603.0 
86122.0 2250069.0 884104.0 1645504.0 800781.0 1144826.0 1183598.0 1205932.0 1052602.0 95005.0 919044.0 900777.0 1994029.0 1117291.0 1259256.0 733225.0 1721725.0 1813117.0 902552.0 1450053.0 1529735.0 1530046.0 1178184.0 0 1244118.0 1462731.0 1356772.0 967596.0 1185687.0 984700.0 741210.0 760324.0 1222635.0 1967166.0 957198.0 1618524.0 1061987.0 800786.0 834732.0 1227487.0 951558.0 
1330240.0 2044557.0 725945.0 1706252.0 1192018.0 582285.0 1367741.0 1039194.0 1521332.0 1339123.0 1616090.0 2008948.0 2107393.0 1523656.0 1864893.0 1816970.0 1181612.0 2083398.0 1142164.0 1360199.0 1967375.0 967505.0 1498794.0 1244118.0 0 1295993.0 1773400.0 1086046.0 1018949.0 817962.0 1346847.0 1375961.0 1462247.0 2228200.0 1416141.0 1858136.0 895249.0 634048.0 1386013.0 1467099.0 1774004.0 
1388054.0 2422626.0 944558.0 1459083.0 1100661.0 1425771.0 1564200.0 792025.0 1411070.0 1379171.0 1368921.0 1831578.0 2646443.0 1282457.0 1617724.0 2035157.0 1877948.0 2078727.0 959313.0 1222641.0 1597048.0 1810991.0 1344356.0 1462731.0 1295993.0 0 1622382.0 838877.0 771780.0 570793.0 1099678.0 1269796.0 1284877.0 1981031.0 1168972.0 1680766.0 1113862.0 852661.0 1193200.0 1289729.0 1526835.0 
1270650.0 2768129.0 1430916.0 1775193.0 1359069.0 1572067.0 1693603.0 1365583.0 1753472.0 1261767.0 1627329.0 2000016.0 2776507.0 1856015.0 1673657.0 1917753.0 1717023.0 1808415.0 1217721.0 1529554.0 2023090.0 1957287.0 1532665.0 1356772.0 1773400.0 1622382.0 0 1097285.0 1345338.0 1144351.0 1442080.0 1434710.0 1543285.0 2554589.0 952496.0 1939174.0 1257027.0 1339019.0 1017622.0 1548137.0 1869237.0 
881474.0 1729363.0 734611.0 677908.0 261784.0 1078008.0 1354253.0 582078.0 868714.0 890357.0 530044.0 992701.0 2311820.0 1072510.0 1075368.0 1528577.0 1061454.0 1553630.0 120436.0 1012694.0 1135559.0 1463228.0 649000.0 967596.0 1086046.0 838877.0 1097285.0 0 561833.0 360846.0 557322.0 872978.0 446000.0 1691971.0 330095.0 841889.0 551214.0 642714.0 650844.0 450852.0 984479.0 
1146786.0 2291196.0 667514.0 1182039.0 823617.0 1148727.0 1287156.0 514981.0 1134026.0 1155669.0 1091877.0 1554534.0 2369399.0 1005413.0 1340680.0 1793889.0 1600904.0 1801683.0 682269.0 945597.0 1443162.0 1533947.0 1067312.0 1185687.0 1018949.0 771780.0 1345338.0 561833.0 0 293749.0 822634.0 992752.0 1007833.0 1703987.0 891928.0 1403722.0 836818.0 575617.0 916156.0 1012685.0 1249791.0 
945799.0 2004501.0 466527.0 981052.0 622630.0 947740.0 1086169.0 313994.0 933039.0 954682.0 890890.0 1353547.0 2168412.0 804426.0 1139693.0 1592902.0 1399917.0 1600696.0 481282.0 744610.0 1235260.0 1332960.0 866325.0 984700.0 817962.0 570793.0 1144351.0 360846.0 293749.0 0 621647.0 791765.0 806846.0 1503000.0 690941.0 1202735.0 635831.0 374630.0 715169.0 811698.0 1048804.0 
655088.0 2188982.0 823398.0 1235230.0 390507.0 1202084.0 1248730.0 842879.0 642328.0 663971.0 1087366.0 1469743.0 2085434.0 1144585.0 848982.0 1302191.0 1618776.0 1898425.0 677758.0 1273495.0 1332866.0 1573114.0 1206322.0 741210.0 1346847.0 1099678.0 1442080.0 557322.0 822634.0 621647.0 0 699618.0 1003322.0 1556892.0 887417.0 1399211.0 1067305.0 903515.0 424458.0 1008174.0 758093.0 
674202.0 2015981.0 650016.0 1550886.0 759189.0 1505739.0 1204848.0 1012997.0 1011010.0 683085.0 1403022.0 1488857.0 2049582.0 1503429.0 1217664.0 1321305.0 1690664.0 1891055.0 755127.0 689729.0 1382310.0 1399732.0 1521978.0 760324.0 1375961.0 1269796.0 1434710.0 872978.0 992752.0 791765.0 699618.0 0 1075210.0 1925574.0 1035136.0 1471099.0 1005672.0 932629.0 793140.0 1080062.0 1126775.0 
1136513.0 2171085.0 1093994.0 1123908.0 707784.0 1362656.0 1753822.0 1028078.0 1161748.0 1127630.0 976044.0 1194933.0 2598556.0 1518510.0 1521368.0 1783616.0 1263686.0 1974260.0 328149.0 1458694.0 1337791.0 1873827.0 1095000.0 1222635.0 1462247.0 1284877.0 1543285.0 446000.0 1007833.0 806846.0 1003322.0 1075210.0 0 2126535.0 776095.0 1044121.0 796088.0 1018915.0 1096844.0 653084.0 1430479.0 
1881044.0 3414938.0 1876765.0 2369879.0 1616463.0 2357978.0 2474686.0 1724232.0 1868284.0 1889927.0 2222015.0 2673236.0 3311390.0 2214664.0 2074938.0 2528147.0 2741989.0 3010934.0 1806452.0 2154848.0 2558822.0 2743198.0 2276563.0 1967166.0 2228200.0 1981031.0 2554589.0 1691971.0 1703987.0 1503000.0 1556892.0 1925574.0 2126535.0 0 2022066.0 2522424.0 1958449.0 1784868.0 1650414.0 2131387.0 1984049.0 
871076.0 2059458.0 1064706.0 1008003.0 591879.0 1408103.0 1294029.0 912173.0 1198809.0 862193.0 860139.0 1322796.0 2376933.0 1402605.0 1274083.0 1518179.0 1317449.0 1408841.0 450531.0 1342789.0 1465654.0 1761749.0 979095.0 957198.0 1416141.0 1168972.0 952496.0 330095.0 891928.0 690941.0 887417.0 1035136.0 776095.0 2022066.0 0 1171984.0 881309.0 972809.0 618048.0 780947.0 1314574.0 
1532402.0 2566974.0 1489883.0 1519797.0 1103673.0 1758545.0 1088142.0 1423967.0 1557637.0 1523519.0 1371933.0 1590822.0 2994445.0 1914399.0 1917257.0 2179505.0 1659575.0 2370149.0 724038.0 1854583.0 1733680.0 2269716.0 1490889.0 1618524.0 1858136.0 1680766.0 1939174.0 841889.0 1403722.0 1202735.0 1399211.0 1471099.0 1044121.0 2522424.0 1171984.0 0 1191977.0 1414804.0 1492733.0 1048973.0 1826368.0 
1066975.0 2101547.0 543814.0 1229122.0 812998.0 566568.0 1298720.0 857063.0 1309604.0 1058092.0 1081258.0 1342789.0 2472628.0 1347495.0 1551162.0 1714078.0 1411542.0 1188149.0 476005.0 1178068.0 1356508.0 1332740.0 1200214.0 1061987.0 895249.0 1113862.0 1257027.0 551214.0 836818.0 635831.0 1067305.0 1005672.0 796088.0 1958449.0 881309.0 1191977.0 0 261201.0 1160827.0 800940.0 1494462.0 
886908.0 1930396.0 282613.0 1262920.0 904498.0 754983.0 1037519.0 595862.0 1214907.0 895791.0 1172758.0 1565616.0 2280091.0 1086294.0 1421561.0 1505325.0 1216003.0 1449350.0 698832.0 916867.0 1524043.0 1140203.0 1148193.0 800786.0 634048.0 852661.0 1339019.0 642714.0 575617.0 374630.0 903515.0 932629.0 1018915.0 1784868.0 972809.0 1414804.0 261201.0 0 942681.0 1023767.0 1330672.0 
748610.0 2282504.0 916920.0 1328752.0 484029.0 1295606.0 824272.0 936401.0 735850.0 757493.0 1180888.0 1563265.0 2178956.0 1238107.0 942504.0 1395713.0 1382575.0 1473967.0 771280.0 1367017.0 1426388.0 1666636.0 1198217.0 834732.0 1386013.0 1193200.0 1017622.0 650844.0 916156.0 715169.0 424458.0 793140.0 1096844.0 1650414.0 618048.0 1492733.0 1160827.0 942681.0 0 1101696.0 851615.0 
1141365.0 2175937.0 1098846.0 1128760.0 712636.0 1367508.0 1758674.0 1032930.0 1166600.0 1132482.0 980896.0 1199785.0 2603408.0 1523362.0 1526220.0 1788468.0 1268538.0 1979112.0 333001.0 1463546.0 1342643.0 1878679.0 1099852.0 1227487.0 1467099.0 1289729.0 1548137.0 450852.0 1012685.0 811698.0 1008174.0 1080062.0 653084.0 2131387.0 780947.0 1048973.0 800940.0 1023767.0 1101696.0 0 1435331.0 
865436.0 2616139.0 1250555.0 1662387.0 817664.0 1607143.0 1675887.0 1270036.0 1069485.0 874319.0 1514523.0 1680091.0 2512591.0 1571742.0 1276139.0 1512539.0 2045933.0 2325582.0 1104915.0 1408547.0 1760023.0 1992363.0 1212603.0 951558.0 1774004.0 1526835.0 1869237.0 984479.0 1249791.0 1048804.0 758093.0 1126775.0 1430479.0 1984049.0 1314574.0 1826368.0 1494462.0 1330672.0 851615.0 1435331.0 0 
