81
36 186 148 30 163 194 131 115 147 5 118 198 74 71 112 165 193 146 99 97 63 113 24 33 128 160 83 51 106 133 58 166 191 37 25 77 46 87 101 53 192 52 26 14 64 127 50 188 2 100 72 80 31 56 132 117 44 197 59 119 171 158 90 16 135 11 121 1 195 134 27 104 81 149 185 190 150 110 162 82 69
0 517549.0 1364834.0 573407.0 65698.0 365382.0 113889.0 191590.0 593144.0 401016.0 384355.0 565328.0 841987.0 774524.0 1073877.0 756182.0 691548.0 454258.0 879050.0 730386.0 510329.0 914416.0 618299.0 899261.0 629659.0 448755.0 824874.0 915168.0 326420.0 629924.0 832012.0 606633.0 1033974.0 307920.0 421840.0 365993.0 323536.0 351855.0 660103.0 633942.0 838958.0 832322.0 553168.0 668975.0 475799.0 568480.0 1048588.0 542128.0 411533.0 194053.0 674380.0 426055.0 433718.0 369170.0 352395.0 953600.0 474335.0 603916.0 305247.0 946290.0 239729.0 577543.0 2089156.0 403635.0 449153.0 319870.0 391605.0 250511.0 752824.0 468757.0 433855.0 424585.0 425653.0 490409.0 544459.0 316060.0 676008.0 769367.0 598578.0 796489.0 290176.0 
517549.0 0 1131377.0 1058913.0 509407.0 809091.0 617156.0 694857.0 987055.0 665575.0 839473.0 829887.0 1285696.0 1123473.0 1419978.0 1251100.0 1081554.0 718817.0 803857.0 994945.0 954038.0 1204384.0 890434.0 1163820.0 1035907.0 720890.0 1097009.0 1179727.0 770129.0 894483.0 1020301.0 1050342.0 947419.0 297523.0 865549.0 809702.0 809042.0 837361.0 1163370.0 1119448.0 1282667.0 745767.0 678533.0 593782.0 805036.0 1071747.0 1313147.0 936981.0 683668.0 637762.0 938939.0 869764.0 936985.0 872437.0 796104.0 1304816.0 408818.0 784168.0 790753.0 1123592.0 504288.0 1063049.0 2002601.0 886349.0 952420.0 584429.0 656164.0 736017.0 1196533.0 382202.0 884132.0 689144.0 895556.0 934118.0 809018.0 386699.0 948143.0 1033926.0 937715.0 709934.0 793443.0 
1364834.0 1131377.0 0 1622048.0 1430532.0 1709503.0 1461088.0 1556424.0 1914024.0 1592544.0 1432996.0 1370243.0 1643838.0 1399483.0 2346947.0 1878336.0 1740189.0 1645786.0 1079867.0 1800731.0 1312180.0 1963057.0 1817403.0 2090789.0 1678300.0 1647859.0 2023978.0 2035824.0 1301843.0 1821452.0 1997039.0 1408484.0 1924157.0 1274261.0 1624532.0 1730827.0 1372177.0 1400496.0 2024937.0 1682583.0 1849594.0 1722505.0 1655271.0 869792.0 1368171.0 1735976.0 2084888.0 1590769.0 1610637.0 1558887.0 1585472.0 1502463.0 1596089.0 1734004.0 1717229.0 2106154.0 1385556.0 1760906.0 1353888.0 1686727.0 1431257.0 1626184.0 2666809.0 961199.0 1813987.0 1511398.0 1583133.0 1299152.0 2117658.0 1358940.0 1798689.0 1615385.0 1591870.0 1500591.0 1735987.0 1363437.0 1875112.0 1423002.0 1400429.0 1686672.0 1655010.0 
573407.0 1058913.0 1622048.0 0 570346.0 870030.0 687296.0 764997.0 1146470.0 905664.0 456740.0 1040495.0 1340663.0 1273200.0 1578525.0 1016857.0 763933.0 878232.0 1232533.0 1154360.0 1009005.0 986801.0 975217.0 1342354.0 702044.0 805673.0 1181792.0 1059568.0 831068.0 1134572.0 1336660.0 1105309.0 1538622.0 881327.0 648276.0 870641.0 395921.0 424240.0 1233510.0 706327.0 1267929.0 740924.0 910086.0 1184985.0 548184.0 1141887.0 1553236.0 614513.0 768451.0 698701.0 985573.0 930703.0 619833.0 890722.0 775486.0 1464816.0 1000021.0 1108564.0 377632.0 1492816.0 744377.0 649928.0 2358879.0 977042.0 1020895.0 743844.0 896253.0 322896.0 1208360.0 973405.0 945071.0 639129.0 999060.0 721231.0 986227.0 820708.0 1032926.0 1274015.0 726510.0 1301137.0 863583.0 
65698.0 509407.0 1430532.0 570346.0 0 301398.0 166818.0 244519.0 646073.0 337032.0 381294.0 501344.0 778003.0 710540.0 1009893.0 809111.0 688487.0 390274.0 826428.0 666402.0 446345.0 875841.0 554315.0 835277.0 626598.0 384771.0 760890.0 851184.0 262436.0 565940.0 768028.0 542649.0 969990.0 320094.0 357856.0 302009.0 320475.0 348794.0 713032.0 630881.0 774974.0 768338.0 489184.0 616353.0 472738.0 621409.0 984604.0 539067.0 347549.0 130069.0 610396.0 362071.0 486647.0 422099.0 288411.0 896184.0 431389.0 538867.0 302186.0 999219.0 175745.0 574482.0 2025172.0 469333.0 452263.0 255886.0 327621.0 247450.0 688840.0 404773.0 376439.0 360601.0 478582.0 426425.0 480475.0 252076.0 612024.0 705383.0 534594.0 732505.0 343105.0 
365382.0 809091.0 1709503.0 870030.0 301398.0 0 466502.0 544203.0 945757.0 636716.0 680978.0 801028.0 923227.0 843690.0 1309577.0 1108795.0 988171.0 689958.0 1049786.0 966086.0 591569.0 1175525.0 853999.0 1134961.0 883556.0 684455.0 1060574.0 1150868.0 562120.0 865624.0 1067712.0 687873.0 1269674.0 619778.0 657540.0 601693.0 620159.0 648478.0 1012716.0 552926.0 1074658.0 933018.0 788868.0 839711.0 772422.0 921093.0 1225881.0 838751.0 647233.0 429753.0 858110.0 661755.0 786331.0 721783.0 588095.0 1195868.0 731073.0 839616.0 601870.0 1298903.0 475429.0 874166.0 2324856.0 769017.0 751947.0 555570.0 627305.0 547134.0 988524.0 704457.0 676123.0 660285.0 778266.0 726109.0 780159.0 551760.0 911708.0 1005067.0 679818.0 1032189.0 642789.0 
113889.0 617156.0 1461088.0 687296.0 166818.0 466502.0 0 291197.0 692751.0 454780.0 498244.0 619092.0 943107.0 875644.0 1174997.0 855789.0 805437.0 508022.0 813977.0 784150.0 611449.0 993589.0 679639.0 953025.0 743548.0 510095.0 886214.0 968932.0 427540.0 683688.0 885776.0 707753.0 1135094.0 407527.0 522960.0 467113.0 437425.0 465744.0 759710.0 747831.0 940078.0 933442.0 614508.0 603902.0 589688.0 668087.0 1102352.0 656017.0 472873.0 295173.0 728144.0 527175.0 533325.0 468777.0 453515.0 1053207.0 573942.0 705036.0 419136.0 1045897.0 293493.0 691432.0 2190276.0 499889.0 548760.0 373634.0 445369.0 364400.0 853944.0 569877.0 533462.0 478349.0 525260.0 591529.0 598223.0 369824.0 737348.0 823131.0 699698.0 897609.0 389783.0 
191590.0 694857.0 1556424.0 764997.0 244519.0 544203.0 291197.0 0 770452.0 547843.0 575945.0 712155.0 1020808.0 953345.0 1252698.0 933490.0 883138.0 601085.0 1056358.0 877213.0 689150.0 1086652.0 772702.0 1046088.0 821249.0 603158.0 979277.0 1061995.0 505241.0 776751.0 978839.0 785454.0 1212795.0 485228.0 600661.0 544814.0 515126.0 543445.0 837411.0 825532.0 1017779.0 1011143.0 707571.0 846283.0 667389.0 745788.0 1195415.0 733718.0 565936.0 372874.0 821207.0 604876.0 611026.0 546478.0 531216.0 1130908.0 651643.0 782737.0 496837.0 1123598.0 386556.0 769133.0 2267977.0 595225.0 626461.0 466697.0 538432.0 442101.0 931645.0 647578.0 611163.0 571412.0 602961.0 669230.0 691286.0 462887.0 830411.0 916194.0 777399.0 975310.0 467484.0 
593144.0 987055.0 1914024.0 1146470.0 646073.0 945757.0 692751.0 770452.0 0 651811.0 859210.0 849624.0 1362158.0 1294695.0 1238175.0 1069297.0 1163968.0 537014.0 1254307.0 813142.0 1030500.0 1224121.0 910171.0 1150056.0 1055644.0 740627.0 1116746.0 997924.0 906795.0 914220.0 1116308.0 1098868.0 1447638.0 797742.0 1002215.0 946368.0 896599.0 924918.0 1238965.0 1132782.0 1290356.0 1245986.0 845040.0 1044232.0 1048862.0 1147342.0 1332884.0 1068182.0 703405.0 774428.0 958676.0 1006430.0 963438.0 948032.0 885184.0 1471323.0 909037.0 879182.0 878310.0 1525152.0 524025.0 1150606.0 2317888.0 996779.0 1028015.0 402626.0 642400.0 823574.0 1333199.0 882421.0 980326.0 507341.0 915293.0 1070784.0 828755.0 600356.0 967880.0 1053663.0 885586.0 1210153.0 869038.0 
401016.0 665575.0 1592544.0 905664.0 337032.0 636716.0 454780.0 547843.0 651811.0 0 537730.0 528144.0 1113321.0 1040132.0 1084734.0 915856.0 603399.0 383573.0 932827.0 659701.0 781663.0 902641.0 446160.0 498245.0 734164.0 231761.0 652735.0 844483.0 597754.0 592740.0 794828.0 634857.0 885935.0 476262.0 693174.0 564110.0 655793.0 583605.0 1048350.0 966199.0 638545.0 924506.0 381029.0 722752.0 808056.0 603313.0 1011404.0 687329.0 239394.0 465387.0 564878.0 697389.0 641958.0 757417.0 233373.0 1007312.0 587557.0 875250.0 637504.0 1097969.0 202545.0 909800.0 1969754.0 804651.0 787581.0 249185.0 9411.0 582768.0 1024158.0 560941.0 658846.0 353900.0 593813.0 761743.0 507275.0 278876.0 503869.0 732183.0 639276.0 888673.0 678423.0 
384355.0 839473.0 1432996.0 456740.0 381294.0 680978.0 498244.0 575945.0 859210.0 537730.0 0 702042.0 1151611.0 1084148.0 1292133.0 827805.0 574881.0 590972.0 1043481.0 867100.0 819953.0 797749.0 762589.0 1035975.0 512992.0 593045.0 969164.0 870516.0 642016.0 766638.0 968726.0 916257.0 1300056.0 650160.0 459224.0 681589.0 206869.0 235188.0 1044458.0 517275.0 1078877.0 1098404.0 697458.0 896650.0 359132.0 952835.0 1185302.0 425461.0 555823.0 509649.0 796521.0 741651.0 430781.0 701670.0 586434.0 1275764.0 761455.0 919512.0 188580.0 1303764.0 376443.0 460876.0 2169827.0 787990.0 831843.0 456584.0 528319.0 133844.0 1019308.0 734839.0 756019.0 450077.0 767711.0 532179.0 681173.0 452774.0 820298.0 906081.0 537458.0 1062571.0 674531.0 
565328.0 829887.0 1370243.0 1040495.0 501344.0 801028.0 619092.0 712155.0 849624.0 528144.0 702042.0 0 1274497.0 1030142.0 1282547.0 1113669.0 1131543.0 581386.0 710526.0 857514.0 942839.0 1066953.0 753003.0 1026389.0 898476.0 583459.0 959578.0 1042296.0 762066.0 757052.0 959140.0 941700.0 1290470.0 640574.0 857486.0 801639.0 790624.0 818943.0 1212662.0 1101030.0 1166689.0 1088818.0 687872.0 500451.0 942887.0 1121039.0 1175716.0 1009216.0 546237.0 629699.0 801508.0 861701.0 806270.0 921729.0 761517.0 1314155.0 751869.0 1039562.0 772335.0 1385674.0 366857.0 1044631.0 2276597.0 968963.0 951893.0 446998.0 518733.0 717599.0 1188470.0 725253.0 823158.0 551713.0 758125.0 926055.0 671587.0 443188.0 810712.0 896495.0 929958.0 1052985.0 842735.0 
841987.0 1285696.0 1643838.0 1340663.0 778003.0 923227.0 943107.0 1020808.0 1362158.0 1113321.0 1151611.0 1274497.0 0 790099.0 1786182.0 1092060.0 1075508.0 1093920.0 984121.0 1370048.0 525904.0 1401311.0 1160426.0 1527563.0 1272091.0 990882.0 1367001.0 1264727.0 515567.0 1342229.0 1544317.0 622208.0 1746279.0 1096383.0 1134145.0 1078298.0 1090792.0 1119111.0 1489321.0 941461.0 1473088.0 1321553.0 1095295.0 774046.0 1243055.0 1121291.0 1298612.0 979722.0 953660.0 906358.0 799196.0 716187.0 1262936.0 1145494.0 1064700.0 1319878.0 1207678.0 1316221.0 1072503.0 1775508.0 952034.0 1344799.0 2684020.0 1245622.0 1228552.0 959532.0 1103910.0 1017767.0 1413519.0 1181062.0 1152728.0 1064247.0 805594.0 1202714.0 1191386.0 1028365.0 1218135.0 1322665.0 614153.0 1508794.0 1119394.0 
774524.0 1123473.0 1399483.0 1273200.0 710540.0 843690.0 875644.0 953345.0 1294695.0 1040132.0 1084148.0 1030142.0 790099.0 0 1718719.0 1024597.0 1008045.0 1026457.0 739766.0 1302585.0 458441.0 1333848.0 1092963.0 1460100.0 1034137.0 923419.0 1299538.0 1197264.0 448104.0 1269040.0 1471128.0 554745.0 1584056.0 934160.0 1066682.0 1010835.0 1023329.0 1051648.0 1421858.0 798950.0 1405625.0 1083599.0 1027832.0 529691.0 1175592.0 1053828.0 1231149.0 912259.0 886197.0 838895.0 731733.0 648724.0 1195473.0 1078031.0 997237.0 1252415.0 1045455.0 1248758.0 1005040.0 1708045.0 878845.0 1277336.0 2352453.0 1040731.0 1161089.0 892069.0 1030721.0 950304.0 1346056.0 1018839.0 1085265.0 996784.0 738131.0 1135251.0 1123923.0 955176.0 1150672.0 1082901.0 546690.0 1346571.0 1051931.0 
1073877.0 1419978.0 2346947.0 1578525.0 1009893.0 1309577.0 1174997.0 1252698.0 1238175.0 1084734.0 1292133.0 1282547.0 1786182.0 1718719.0 0 1502220.0 1596891.0 969937.0 1687230.0 1246065.0 1454524.0 1657044.0 1343094.0 1582979.0 1488567.0 1173550.0 1549669.0 1430847.0 1270615.0 1347143.0 1549231.0 1531791.0 1880561.0 1230665.0 1366035.0 1310188.0 1328654.0 1356973.0 1721211.0 1639060.0 1723279.0 1678909.0 1277963.0 1477155.0 1480917.0 1629588.0 1765807.0 1501105.0 1136328.0 1138248.0 1391599.0 1370250.0 1396361.0 1430278.0 1296590.0 1904246.0 1341960.0 1548111.0 1310365.0 1994903.0 956948.0 1582661.0 2750811.0 1477512.0 1460442.0 835549.0 1075323.0 1255629.0 1697019.0 1315344.0 1384618.0 940264.0 1348216.0 1434604.0 1261678.0 1033279.0 1400803.0 1486586.0 1318509.0 1643076.0 1351284.0 
756182.0 1251100.0 1878336.0 1016857.0 809111.0 1108795.0 855789.0 933490.0 1069297.0 915856.0 827805.0 1113669.0 1092060.0 1024597.0 1502220.0 0 1134998.0 801059.0 1218619.0 1077187.0 760402.0 1357866.0 1174216.0 1414101.0 1073109.0 1004672.0 1380791.0 1261969.0 750065.0 1178265.0 1380353.0 856706.0 1711683.0 1049820.0 1019341.0 1109406.0 766986.0 795305.0 1402003.0 1077392.0 1554401.0 1510031.0 1109085.0 1008544.0 919249.0 1310380.0 1533110.0 985578.0 967450.0 937466.0 1033694.0 950685.0 990898.0 1111070.0 1095808.0 1554376.0 1173082.0 1347329.0 748697.0 1688190.0 788070.0 1020993.0 2581933.0 1159817.0 1191053.0 666671.0 906445.0 693961.0 1496237.0 1146466.0 1175755.0 771386.0 1040092.0 1092296.0 1092800.0 864401.0 1231925.0 1317708.0 848651.0 1474198.0 1032076.0 
691548.0 1081554.0 1740189.0 763933.0 688487.0 988171.0 805437.0 883138.0 1163968.0 603399.0 574881.0 1131543.0 1075508.0 1008045.0 1596891.0 1134998.0 0 895730.0 1202067.0 1171858.0 743850.0 930997.0 882235.0 1101644.0 820185.0 712691.0 1088810.0 794413.0 733513.0 1196139.0 1398227.0 840154.0 1489334.0 892241.0 766417.0 988782.0 514062.0 542381.0 1351651.0 824468.0 1002774.0 1340485.0 817104.0 991992.0 666325.0 1206712.0 1373475.0 509408.0 675469.0 816842.0 720418.0 934133.0 737974.0 1008863.0 836772.0 1443387.0 1003536.0 1226705.0 495773.0 1534044.0 805944.0 768069.0 2263888.0 1095183.0 1139036.0 761342.0 612810.0 441037.0 943205.0 976920.0 1063212.0 757270.0 1023540.0 839372.0 721072.0 853969.0 939944.0 1335582.0 461355.0 1304652.0 981724.0 
454258.0 718817.0 1645786.0 878232.0 390274.0 689958.0 508022.0 601085.0 537014.0 383573.0 590972.0 581386.0 1093920.0 1026457.0 969937.0 801059.0 895730.0 0 986069.0 544904.0 762262.0 955883.0 641933.0 881818.0 787406.0 472389.0 848508.0 729686.0 650996.0 645982.0 848070.0 830630.0 1179400.0 529504.0 746416.0 690569.0 628361.0 656680.0 1101592.0 938767.0 1022118.0 977748.0 576802.0 775994.0 780624.0 934422.0 1064646.0 799944.0 435167.0 518629.0 690438.0 750631.0 695200.0 810659.0 616946.0 1203085.0 640799.0 928492.0 610072.0 1293742.0 255787.0 882368.0 2049650.0 857893.0 840823.0 134388.0 374162.0 555336.0 1077400.0 614183.0 712088.0 239103.0 647055.0 814985.0 560517.0 332118.0 699642.0 785425.0 617348.0 941915.0 731665.0 
879050.0 803857.0 1079867.0 1232533.0 826428.0 1049786.0 813977.0 1056358.0 1254307.0 932827.0 1043481.0 710526.0 984121.0 739766.0 1687230.0 1218619.0 1202067.0 986069.0 0 1262197.0 652463.0 1471636.0 1157686.0 1431072.0 1288785.0 988142.0 1364261.0 1391286.0 642126.0 1161735.0 1337322.0 748767.0 1264440.0 614544.0 1174620.0 1126723.0 982662.0 1010981.0 1524871.0 1068020.0 1189877.0 1062788.0 995554.0 210075.0 1134925.0 1247850.0 1425171.0 1106281.0 950920.0 954783.0 925755.0 842746.0 1206574.0 1233938.0 1113125.0 1446437.0 725839.0 1101189.0 964373.0 1712494.0 771540.0 1236669.0 2319622.0 1080774.0 1276977.0 851681.0 923416.0 909637.0 1513554.0 699223.0 1201153.0 956396.0 932153.0 1251139.0 1076270.0 703720.0 1215395.0 763285.0 740712.0 1026955.0 1154944.0 
730386.0 994945.0 1800731.0 1154360.0 666402.0 966086.0 784150.0 877213.0 813142.0 659701.0 867100.0 857514.0 1370048.0 1302585.0 1246065.0 1077187.0 1171858.0 544904.0 1262197.0 0 1038390.0 1232011.0 918061.0 1157946.0 1063534.0 748517.0 1124636.0 1005814.0 927124.0 922110.0 1124198.0 1106758.0 1455528.0 805632.0 1022544.0 966697.0 904489.0 932808.0 1377720.0 1214895.0 1298246.0 1253876.0 852930.0 1052122.0 1056752.0 1210550.0 1340774.0 1076072.0 711295.0 794757.0 966566.0 1026759.0 971328.0 1086787.0 893074.0 1479213.0 916927.0 1204620.0 886200.0 1569870.0 531915.0 1158496.0 2325778.0 1134021.0 1116951.0 410516.0 650290.0 831464.0 1353528.0 890311.0 988216.0 515231.0 923183.0 1091113.0 836645.0 608246.0 975770.0 1061553.0 893476.0 1218043.0 1007793.0 
510329.0 954038.0 1312180.0 1009005.0 446345.0 591569.0 611449.0 689150.0 1030500.0 781663.0 819953.0 942839.0 525904.0 458441.0 1454524.0 760402.0 743850.0 762262.0 652463.0 1038390.0 0 1069653.0 828768.0 1195905.0 940433.0 659224.0 1035343.0 933069.0 183909.0 1010571.0 1212659.0 290550.0 1414621.0 764725.0 802487.0 746640.0 759134.0 787453.0 1157663.0 609803.0 1141430.0 989895.0 763637.0 442388.0 911397.0 789633.0 966954.0 648064.0 622002.0 574700.0 467538.0 384529.0 931278.0 813836.0 733042.0 988220.0 876020.0 984563.0 740845.0 1443850.0 620376.0 1013141.0 2352362.0 913964.0 896894.0 627874.0 772252.0 686109.0 1081861.0 849404.0 821070.0 732589.0 473936.0 871056.0 859728.0 696707.0 886477.0 991007.0 282495.0 1177136.0 787736.0 
914416.0 1204384.0 1963057.0 986801.0 875841.0 1175525.0 993589.0 1086652.0 1224121.0 902641.0 797749.0 1066953.0 1401311.0 1333848.0 1657044.0 1357866.0 930997.0 955883.0 1471636.0 1232011.0 1069653.0 0 1127500.0 1400886.0 1043053.0 957956.0 1334075.0 1120216.0 1059316.0 1131549.0 1333637.0 1165957.0 1664967.0 1015071.0 989285.0 1176136.0 736930.0 765249.0 1574519.0 1047336.0 1328577.0 1463315.0 1062369.0 1261561.0 889193.0 1482896.0 1550213.0 835211.0 920734.0 1004196.0 1046221.0 1236198.0 960842.0 1231731.0 1116495.0 1688652.0 1126366.0 1414059.0 718641.0 1779309.0 741354.0 990937.0 2541978.0 1318051.0 1326390.0 821495.0 893230.0 663905.0 1269008.0 1099750.0 1197655.0 926210.0 1132622.0 1062240.0 1046084.0 817685.0 1185209.0 1270992.0 787158.0 1427482.0 1204592.0 
618299.0 890434.0 1817403.0 975217.0 554315.0 853999.0 679639.0 772702.0 910171.0 446160.0 762589.0 753003.0 1160426.0 1092963.0 1343094.0 1174216.0 882235.0 641933.0 1157686.0 918061.0 828768.0 1127500.0 0 780669.0 959023.0 243988.0 620107.0 1102843.0 815037.0 817599.0 1019687.0 602229.0 1168359.0 701121.0 905062.0 531482.0 725346.0 550977.0 964649.0 1029860.0 1084705.0 1149365.0 348401.0 947611.0 877609.0 1049473.0 952406.0 943938.0 206766.0 682670.0 822040.0 914672.0 866817.0 946780.0 483645.0 974684.0 812416.0 870044.0 707057.0 709363.0 427404.0 979353.0 1937126.0 1021934.0 1004864.0 507545.0 455571.0 652321.0 1241441.0 785800.0 883705.0 612260.0 818672.0 979026.0 732134.0 503735.0 471241.0 957042.0 917017.0 1113532.0 895706.0 
899261.0 1163820.0 2090789.0 1342354.0 835277.0 1134961.0 953025.0 1046088.0 1150056.0 498245.0 1035975.0 1026389.0 1527563.0 1460100.0 1582979.0 1414101.0 1101644.0 881818.0 1431072.0 1157946.0 1195905.0 1400886.0 780669.0 0 1232409.0 611125.0 987244.0 1342728.0 1095999.0 1090985.0 1293073.0 969366.0 387690.0 974507.0 1191419.0 898619.0 1092483.0 918114.0 1546595.0 1396997.0 1136790.0 1422751.0 715538.0 1220997.0 1244746.0 1101558.0 1509649.0 1185574.0 573903.0 963632.0 1063123.0 1195634.0 1140203.0 1255662.0 731618.0 1341821.0 1085802.0 1237181.0 1074194.0 1432478.0 700790.0 1346490.0 2304263.0 1302896.0 1285826.0 747430.0 507656.0 1019458.0 1522403.0 1059186.0 1157091.0 852145.0 1092058.0 1259988.0 1005520.0 777121.0 838378.0 1230428.0 1137521.0 1386918.0 1176668.0 
629659.0 1035907.0 1678300.0 702044.0 626598.0 883556.0 743548.0 821249.0 1055644.0 734164.0 512992.0 898476.0 1272091.0 1034137.0 1488567.0 1073109.0 820185.0 787406.0 1288785.0 1063534.0 940433.0 1043053.0 959023.0 1232409.0 0 789479.0 1165598.0 1115820.0 887320.0 963072.0 1165160.0 1036737.0 1496490.0 846594.0 704528.0 926893.0 452173.0 480492.0 1289762.0 762579.0 1324181.0 1115430.0 893892.0 1093084.0 604436.0 1198139.0 1381736.0 670765.0 752257.0 754953.0 1007528.0 986955.0 676085.0 946974.0 831738.0 1520175.0 957889.0 1164816.0 433884.0 1549068.0 572877.0 706180.0 2415131.0 1033294.0 1077147.0 653018.0 724753.0 379148.0 1264612.0 931273.0 1001323.0 695381.0 964145.0 777483.0 877607.0 649208.0 1016732.0 1102515.0 782762.0 1259005.0 919835.0 
448755.0 720890.0 1647859.0 805673.0 384771.0 684455.0 510095.0 603158.0 740627.0 231761.0 593045.0 583459.0 990882.0 923419.0 1173550.0 1004672.0 712691.0 472389.0 988142.0 748517.0 659224.0 957956.0 243988.0 611125.0 789479.0 0 450563.0 933299.0 645493.0 648055.0 850143.0 432685.0 998815.0 531577.0 740913.0 361938.0 555802.0 381433.0 1096089.0 860316.0 870306.0 979821.0 178857.0 778067.0 708065.0 835074.0 1066719.0 774394.0 37222.0 513126.0 652496.0 745128.0 697273.0 805156.0 314101.0 805140.0 642872.0 700500.0 537513.0 895797.0 257860.0 809809.0 1767582.0 852390.0 835320.0 338001.0 241172.0 482777.0 1071897.0 616256.0 714161.0 442716.0 649128.0 809482.0 562590.0 334191.0 301697.0 787498.0 747473.0 943988.0 726162.0 
824874.0 1097009.0 2023978.0 1181792.0 760890.0 1060574.0 886214.0 979277.0 1116746.0 652735.0 969164.0 959578.0 1367001.0 1299538.0 1549669.0 1380791.0 1088810.0 848508.0 1364261.0 1124636.0 1035343.0 1334075.0 620107.0 987244.0 1165598.0 450563.0 0 1309418.0 1021612.0 1024174.0 1226262.0 808804.0 1374934.0 907696.0 1117032.0 738057.0 931921.0 757552.0 1472208.0 1236435.0 1291280.0 1355940.0 554976.0 1154186.0 1084184.0 1256048.0 1442838.0 1150513.0 413341.0 889245.0 1028615.0 1121247.0 1073392.0 1181275.0 690220.0 1181259.0 1018991.0 1076619.0 913632.0 1271916.0 633979.0 1185928.0 2143701.0 1228509.0 1211439.0 714120.0 662146.0 858896.0 1448016.0 992375.0 1090280.0 818835.0 1025247.0 1185601.0 938709.0 710310.0 677816.0 1163617.0 1123592.0 1320107.0 1102281.0 
915168.0 1179727.0 2035824.0 1059568.0 851184.0 1150868.0 968932.0 1061995.0 997924.0 844483.0 870516.0 1042296.0 1264727.0 1197264.0 1430847.0 1261969.0 794413.0 729686.0 1391286.0 1005814.0 933069.0 1120216.0 1102843.0 1342728.0 1115820.0 933299.0 1309418.0 0 922732.0 1106892.0 1308980.0 1029373.0 1640310.0 990414.0 1062052.0 1151479.0 809697.0 838016.0 1562502.0 1120103.0 1191993.0 1438658.0 1037712.0 1181211.0 961960.0 1395332.0 1525556.0 698627.0 896077.0 979539.0 909637.0 1123352.0 1033609.0 1271569.0 1077856.0 1663995.0 1101709.0 1389402.0 791408.0 1754652.0 716697.0 1063704.0 2453107.0 1318803.0 1301733.0 595298.0 835072.0 736672.0 1132424.0 1075093.0 1172998.0 700013.0 1107965.0 1135007.0 910291.0 793028.0 1160552.0 1246335.0 650574.0 1402825.0 1192575.0 
326420.0 770129.0 1301843.0 831068.0 262436.0 562120.0 427540.0 505241.0 906795.0 597754.0 642016.0 762066.0 515567.0 448104.0 1270615.0 750065.0 733513.0 650996.0 642126.0 927124.0 183909.0 1059316.0 815037.0 1095999.0 887320.0 645493.0 1021612.0 922732.0 0 826662.0 1028750.0 280213.0 1230712.0 580816.0 618578.0 562731.0 581197.0 609516.0 973754.0 599466.0 1035696.0 979558.0 749906.0 432051.0 733460.0 779296.0 956617.0 637727.0 608271.0 390791.0 457201.0 374192.0 747369.0 682821.0 549133.0 977883.0 692111.0 800654.0 562908.0 1259941.0 436467.0 835204.0 2285894.0 730055.0 712985.0 516608.0 588343.0 508172.0 949562.0 665495.0 637161.0 621323.0 463599.0 687147.0 741197.0 512798.0 872746.0 966105.0 272158.0 993227.0 603827.0 
629924.0 894483.0 1821452.0 1134572.0 565940.0 865624.0 683688.0 776751.0 914220.0 592740.0 766638.0 757052.0 1342229.0 1269040.0 1347143.0 1178265.0 1196139.0 645982.0 1161735.0 922110.0 1010571.0 1131549.0 817599.0 1090985.0 963072.0 648055.0 1024174.0 1106892.0 826662.0 0 1023736.0 1006296.0 1355066.0 705170.0 922082.0 866235.0 884701.0 907590.0 1277258.0 1195107.0 1231285.0 1153414.0 752468.0 951660.0 1036964.0 1185635.0 1240312.0 1103293.0 610833.0 694295.0 866104.0 926297.0 870866.0 986325.0 826113.0 1378751.0 816465.0 1104158.0 866412.0 1469408.0 431453.0 1138708.0 2341193.0 1033559.0 1016489.0 511594.0 583329.0 811676.0 1253066.0 789849.0 887754.0 616309.0 822721.0 990651.0 736183.0 507784.0 875308.0 961091.0 994554.0 1117581.0 907331.0 
832012.0 1020301.0 1997039.0 1336660.0 768028.0 1067712.0 885776.0 978839.0 1116308.0 794828.0 968726.0 959140.0 1544317.0 1471128.0 1549231.0 1380353.0 1398227.0 848070.0 1337322.0 1124198.0 1212659.0 1333637.0 1019687.0 1293073.0 1165160.0 850143.0 1226262.0 1308980.0 1028750.0 1023736.0 0 1208384.0 1480884.0 830988.0 1124170.0 1068323.0 1086789.0 1109678.0 1479346.0 1397195.0 1433373.0 1279232.0 954556.0 1127247.0 1239052.0 1387723.0 1442400.0 1305381.0 812921.0 896383.0 1068192.0 1128385.0 1072954.0 1188413.0 1028201.0 1580839.0 942283.0 1306246.0 1068500.0 1671496.0 633541.0 1340796.0 2536066.0 1235647.0 1218577.0 713682.0 785417.0 1013764.0 1455154.0 915667.0 1089842.0 818397.0 1024809.0 1192739.0 938271.0 709872.0 1077396.0 1163179.0 1196642.0 1243399.0 1109419.0 
606633.0 1050342.0 1408484.0 1105309.0 542649.0 687873.0 707753.0 785454.0 1098868.0 634857.0 916257.0 941700.0 622208.0 554745.0 1531791.0 856706.0 840154.0 830630.0 748767.0 1106758.0 290550.0 1165957.0 602229.0 969366.0 1036737.0 432685.0 808804.0 1029373.0 280213.0 1006296.0 1208384.0 0 1357056.0 861029.0 898791.0 720179.0 855438.0 739674.0 1253967.0 706107.0 1237734.0 1086199.0 537098.0 538692.0 1007701.0 885937.0 1063258.0 744368.0 395463.0 671004.0 563842.0 480833.0 1027582.0 910140.0 672342.0 1084524.0 972324.0 1058741.0 837149.0 1254038.0 616101.0 1109445.0 2125823.0 1010268.0 993198.0 696242.0 644268.0 782413.0 1178165.0 945708.0 917374.0 800957.0 570240.0 967360.0 920831.0 692432.0 659938.0 1087311.0 378799.0 1273440.0 884040.0 
1033974.0 947419.0 1924157.0 1538622.0 969990.0 1269674.0 1135094.0 1212795.0 1447638.0 885935.0 1300056.0 1290470.0 1746279.0 1584056.0 1880561.0 1711683.0 1489334.0 1179400.0 1264440.0 1455528.0 1414621.0 1664967.0 1168359.0 387690.0 1496490.0 998815.0 1374934.0 1640310.0 1230712.0 1355066.0 1480884.0 1357056.0 0 758106.0 1049279.0 1270285.0 1288751.0 1305804.0 1681308.0 1599157.0 1524480.0 1206350.0 1103228.0 1054365.0 1441014.0 1489248.0 1773730.0 1397564.0 961593.0 1098345.0 1399522.0 1330347.0 1404284.0 1291725.0 1119308.0 1729511.0 869401.0 1244751.0 1270462.0 1820168.0 964871.0 1542758.0 2463184.0 1346932.0 1420539.0 1045012.0 895346.0 1215726.0 1657116.0 842785.0 1344715.0 1149727.0 1356139.0 1394701.0 1269601.0 847282.0 1226068.0 1494509.0 1398298.0 1170517.0 1311381.0 
307920.0 297523.0 1274261.0 881327.0 320094.0 619778.0 407527.0 485228.0 797742.0 476262.0 650160.0 640574.0 1096383.0 934160.0 1230665.0 1049820.0 892241.0 529504.0 614544.0 805632.0 764725.0 1015071.0 701121.0 974507.0 846594.0 531577.0 907696.0 990414.0 580816.0 705170.0 830988.0 861029.0 758106.0 0 676236.0 620389.0 631456.0 659775.0 953741.0 941862.0 1093354.0 556454.0 489220.0 404469.0 783719.0 862118.0 1123834.0 747668.0 494355.0 448449.0 749626.0 680451.0 727356.0 662808.0 606791.0 1115503.0 219505.0 594855.0 613167.0 1206160.0 314975.0 885463.0 1813288.0 697036.0 742791.0 395116.0 466851.0 558431.0 1007220.0 192889.0 694819.0 499831.0 706243.0 744805.0 619705.0 197386.0 758830.0 844613.0 748402.0 520621.0 583814.0 
421840.0 865549.0 1624532.0 648276.0 357856.0 657540.0 522960.0 600661.0 1002215.0 693174.0 459224.0 857486.0 1134145.0 1066682.0 1366035.0 1019341.0 766417.0 746416.0 1174620.0 1022544.0 802487.0 989285.0 905062.0 1191419.0 704528.0 740913.0 1117032.0 1062052.0 618578.0 922082.0 1124170.0 898791.0 1049279.0 676236.0 0 658151.0 398405.0 426724.0 1069174.0 708811.0 1131116.0 1124480.0 845326.0 964545.0 550668.0 977551.0 1340746.0 616997.0 703691.0 486211.0 966538.0 718213.0 622317.0 242446.0 644553.0 1252326.0 787531.0 896074.0 380116.0 1355361.0 531887.0 652412.0 2361363.0 825475.0 808405.0 612028.0 683763.0 325380.0 977927.0 760915.0 732581.0 641613.0 834724.0 723715.0 836617.0 608218.0 968166.0 1061525.0 728994.0 1088647.0 699247.0 
365993.0 809702.0 1730827.0 870641.0 302009.0 601693.0 467113.0 544814.0 946368.0 564110.0 681589.0 801639.0 1078298.0 1010835.0 1310188.0 1109406.0 988782.0 690569.0 1126723.0 966697.0 746640.0 1176136.0 531482.0 898619.0 926893.0 361938.0 738057.0 1151479.0 562731.0 866235.0 1068323.0 720179.0 1270285.0 620389.0 658151.0 0 620770.0 649089.0 1013327.0 931176.0 1075269.0 1068633.0 466351.0 916648.0 773033.0 921704.0 1284899.0 839362.0 324716.0 430364.0 910691.0 662366.0 786942.0 722394.0 588706.0 1092634.0 731684.0 840227.0 602481.0 1183291.0 476040.0 874777.0 2055076.0 769628.0 752558.0 556181.0 573521.0 547745.0 989135.0 705068.0 676734.0 660896.0 778877.0 726720.0 780770.0 552371.0 589191.0 1005678.0 834889.0 1032800.0 643400.0 
323536.0 809042.0 1372177.0 395921.0 320475.0 620159.0 437425.0 515126.0 896599.0 655793.0 206869.0 790624.0 1090792.0 1023329.0 1328654.0 766986.0 514062.0 628361.0 982662.0 904489.0 759134.0 736930.0 725346.0 1092483.0 452173.0 555802.0 931921.0 809697.0 581197.0 884701.0 1086789.0 855438.0 1288751.0 631456.0 398405.0 620770.0 0 174369.0 983639.0 456456.0 1018058.0 1087099.0 660215.0 935114.0 298313.0 892016.0 1303365.0 364642.0 518580.0 448830.0 735702.0 680832.0 369962.0 640851.0 525615.0 1214945.0 750150.0 858693.0 127761.0 1242945.0 494506.0 400057.0 1973293.0 727171.0 771024.0 493973.0 646382.0 73025.0 958489.0 723534.0 695200.0 389258.0 749189.0 471360.0 736356.0 570837.0 783055.0 1024144.0 476639.0 1051266.0 613712.0 
351855.0 837361.0 1400496.0 424240.0 348794.0 648478.0 465744.0 543445.0 924918.0 583605.0 235188.0 818943.0 1119111.0 1051648.0 1356973.0 795305.0 542381.0 656680.0 1010981.0 932808.0 787453.0 765249.0 550977.0 918114.0 480492.0 381433.0 757552.0 838016.0 609516.0 907590.0 1109678.0 739674.0 1305804.0 659775.0 426724.0 649089.0 174369.0 0 1011958.0 484775.0 1046377.0 1115418.0 485846.0 963433.0 326632.0 920335.0 1326254.0 392961.0 344211.0 477149.0 764021.0 709151.0 398281.0 669170.0 553934.0 1112129.0 778469.0 887012.0 156080.0 1202786.0 517395.0 428376.0 2074571.0 755490.0 799343.0 522292.0 593016.0 101344.0 986808.0 751853.0 723519.0 417577.0 777508.0 499679.0 764675.0 593726.0 608686.0 1047033.0 504958.0 1079585.0 642031.0 
660103.0 1163370.0 2024937.0 1233510.0 713032.0 1012716.0 759710.0 837411.0 1238965.0 1048350.0 1044458.0 1212662.0 1489321.0 1421858.0 1721211.0 1402003.0 1351651.0 1101592.0 1524871.0 1377720.0 1157663.0 1574519.0 964649.0 1546595.0 1289762.0 1096089.0 1472208.0 1562502.0 973754.0 1277258.0 1479346.0 1253967.0 1681308.0 953741.0 1069174.0 1013327.0 983639.0 1011958.0 0 1294045.0 1486292.0 1479656.0 1200502.0 1314796.0 1135902.0 1214301.0 1695922.0 1202231.0 1058867.0 841387.0 1321714.0 1073389.0 1079539.0 1014991.0 999729.0 1599421.0 1120156.0 1251250.0 965350.0 1592111.0 887063.0 1237646.0 2736490.0 1063738.0 1094974.0 967204.0 1038939.0 910614.0 1400158.0 1116091.0 1079676.0 1071919.0 1071474.0 1137743.0 1191793.0 963394.0 1323342.0 1416701.0 1245912.0 1443823.0 935997.0 
633942.0 1119448.0 1682583.0 706327.0 630881.0 552926.0 747831.0 825532.0 1132782.0 966199.0 517275.0 1101030.0 941461.0 798950.0 1639060.0 1077392.0 824468.0 938767.0 1068020.0 1214895.0 609803.0 1047336.0 1029860.0 1396997.0 762579.0 860316.0 1236435.0 1120103.0 599466.0 1195107.0 1397195.0 706107.0 1599157.0 941862.0 708811.0 931176.0 456456.0 484775.0 1294045.0 0 1328464.0 888278.0 898454.0 857945.0 608719.0 1202422.0 1181141.0 675048.0 823094.0 759236.0 813370.0 687509.0 680368.0 951257.0 836021.0 1403777.0 1060556.0 1169099.0 438167.0 1553351.0 804912.0 710463.0 2419414.0 1037577.0 1081430.0 804379.0 956788.0 383431.0 1268895.0 1033940.0 1005606.0 699664.0 889493.0 781766.0 1046762.0 881243.0 1087569.0 1140789.0 698052.0 1361672.0 924118.0 
838958.0 1282667.0 1849594.0 1267929.0 774974.0 1074658.0 940078.0 1017779.0 1290356.0 638545.0 1078877.0 1166689.0 1473088.0 1405625.0 1723279.0 1554401.0 1002774.0 1022118.0 1189877.0 1298246.0 1141430.0 1328577.0 1084705.0 1136790.0 1324181.0 870306.0 1291280.0 1191993.0 1035696.0 1231285.0 1433373.0 1237734.0 1524480.0 1093354.0 1131116.0 1075269.0 1018058.0 1046377.0 1486292.0 1328464.0 0 1541598.0 1019574.0 979802.0 1170321.0 1241858.0 1649949.0 906988.0 877939.0 903329.0 1117998.0 1135331.0 1241970.0 1195359.0 871918.0 1645857.0 1204649.0 1287890.0 999769.0 1736514.0 841090.0 1272065.0 2608299.0 1242593.0 1225523.0 887730.0 647956.0 945033.0 1340785.0 1178033.0 1149699.0 992445.0 1232358.0 1199685.0 1118652.0 917421.0 1142414.0 1370728.0 858935.0 1505765.0 1116365.0 
832322.0 745767.0 1722505.0 740924.0 768338.0 933018.0 933442.0 1011143.0 1245986.0 924506.0 1098404.0 1088818.0 1321553.0 1083599.0 1678909.0 1510031.0 1340485.0 977748.0 1062788.0 1253876.0 989895.0 1463315.0 1149365.0 1422751.0 1115430.0 979821.0 1355940.0 1438658.0 979558.0 1153414.0 1279232.0 1086199.0 1206350.0 556454.0 1124480.0 1068633.0 1087099.0 1115418.0 1479656.0 888278.0 1541598.0 0 937464.0 852713.0 1239362.0 1388033.0 1561233.0 1195912.0 942599.0 896693.0 1193462.0 1067601.0 1202632.0 1188723.0 1055035.0 1504000.0 667749.0 1043099.0 1068810.0 1654404.0 763219.0 1341106.0 2261532.0 1145280.0 1218887.0 843360.0 915095.0 1014074.0 1455464.0 641133.0 984255.0 948075.0 1154487.0 1193049.0 1067949.0 645630.0 1207074.0 1292857.0 1078144.0 968865.0 1109729.0 
553168.0 678533.0 1655271.0 910086.0 489184.0 788868.0 614508.0 707571.0 845040.0 381029.0 697458.0 687872.0 1095295.0 1027832.0 1277963.0 1109085.0 817104.0 576802.0 995554.0 852930.0 763637.0 1062369.0 348401.0 715538.0 893892.0 178857.0 554976.0 1037712.0 749906.0 752468.0 954556.0 537098.0 1103228.0 489220.0 845326.0 466351.0 660215.0 485846.0 1200502.0 898454.0 1019574.0 937464.0 0 785479.0 812478.0 984342.0 1171132.0 878807.0 141635.0 617539.0 756909.0 849541.0 801686.0 909569.0 418514.0 626283.0 600515.0 804913.0 641926.0 716940.0 362273.0 914222.0 1871995.0 956803.0 939733.0 442414.0 390440.0 587190.0 1176310.0 573899.0 818574.0 547129.0 753541.0 913895.0 667003.0 438604.0 406110.0 891911.0 851886.0 901631.0 830575.0 
668975.0 593782.0 869792.0 1184985.0 616353.0 839711.0 603902.0 846283.0 1044232.0 722752.0 896650.0 500451.0 774046.0 529691.0 1477155.0 1008544.0 991992.0 775994.0 210075.0 1052122.0 442388.0 1261561.0 947611.0 1220997.0 1093084.0 778067.0 1154186.0 1181211.0 432051.0 951660.0 1127247.0 538692.0 1054365.0 404469.0 964545.0 916648.0 935114.0 963433.0 1314796.0 857945.0 979802.0 852713.0 785479.0 0 1071120.0 1037775.0 1215096.0 896206.0 740845.0 744708.0 715680.0 632671.0 1000878.0 1023863.0 903050.0 1236362.0 515764.0 891114.0 916825.0 1502419.0 561465.0 1189121.0 2109547.0 870699.0 1066902.0 641606.0 713341.0 862089.0 1303479.0 489148.0 991078.0 746321.0 722078.0 1041064.0 866195.0 493645.0 1005320.0 553210.0 530637.0 816880.0 944869.0 
475799.0 805036.0 1368171.0 548184.0 472738.0 772422.0 589688.0 667389.0 1048862.0 808056.0 359132.0 942887.0 1243055.0 1175592.0 1480917.0 919249.0 666325.0 780624.0 1134925.0 1056752.0 911397.0 889193.0 877609.0 1244746.0 604436.0 708065.0 1084184.0 961960.0 733460.0 1036964.0 1239052.0 1007701.0 1441014.0 783719.0 550668.0 773033.0 298313.0 326632.0 1135902.0 608719.0 1170321.0 1239362.0 812478.0 1071120.0 0 1044279.0 1455628.0 516905.0 670843.0 601093.0 887965.0 833095.0 522225.0 793114.0 677878.0 1367208.0 902413.0 1010956.0 280024.0 1360386.0 646769.0 552320.0 2261271.0 879434.0 923287.0 646236.0 798645.0 225288.0 1110752.0 875797.0 847463.0 541521.0 901452.0 623623.0 888619.0 723100.0 935318.0 1176407.0 628902.0 1203529.0 765975.0 
568480.0 1071747.0 1735976.0 1141887.0 621409.0 921093.0 668087.0 745788.0 1147342.0 603313.0 952835.0 1121039.0 1121291.0 1053828.0 1629588.0 1310380.0 1206712.0 934422.0 1247850.0 1210550.0 789633.0 1482896.0 1049473.0 1101558.0 1198139.0 835074.0 1256048.0 1395332.0 779296.0 1185635.0 1387723.0 885937.0 1489248.0 862118.0 977551.0 921704.0 892016.0 920335.0 1214301.0 1202422.0 1241858.0 1388033.0 984342.0 1037775.0 1044279.0 0 1562341.0 1110608.0 842707.0 749764.0 1062925.0 979916.0 987916.0 923368.0 836686.0 1507798.0 1028533.0 1159627.0 873727.0 1500488.0 795440.0 1146023.0 2508100.0 972115.0 1003351.0 800034.0 612724.0 818991.0 1308535.0 1024468.0 988053.0 904749.0 979851.0 1046120.0 1100170.0 871771.0 1107182.0 1325078.0 877882.0 1352200.0 844374.0 
1048588.0 1313147.0 2084888.0 1553236.0 984604.0 1225881.0 1102352.0 1195415.0 1332884.0 1011404.0 1185302.0 1175716.0 1298612.0 1231149.0 1765807.0 1533110.0 1373475.0 1064646.0 1425171.0 1340774.0 966954.0 1550213.0 952406.0 1509649.0 1381736.0 1066719.0 1442838.0 1525556.0 956617.0 1240312.0 1442400.0 1063258.0 1773730.0 1123834.0 1340746.0 1284899.0 1303365.0 1326254.0 1695922.0 1181141.0 1649949.0 1561233.0 1171132.0 1215096.0 1455628.0 1562341.0 0 1277689.0 1029497.0 1112959.0 1240246.0 1157237.0 1289530.0 1404989.0 1244777.0 1760928.0 1235129.0 1522822.0 1285076.0 1661769.0 850117.0 1557372.0 2759857.0 1452223.0 1435153.0 930258.0 1001993.0 1230340.0 1671730.0 1208513.0 1306418.0 1034973.0 1241385.0 1409315.0 1154847.0 926448.0 1293972.0 1379755.0 1055203.0 1536245.0 1325995.0 
542128.0 936981.0 1590769.0 614513.0 539067.0 838751.0 656017.0 733718.0 1068182.0 687329.0 425461.0 1009216.0 979722.0 912259.0 1501105.0 985578.0 509408.0 799944.0 1106281.0 1076072.0 648064.0 835211.0 943938.0 1185574.0 670765.0 774394.0 1150513.0 698627.0 637727.0 1103293.0 1305381.0 744368.0 1397564.0 747668.0 616997.0 839362.0 364642.0 392961.0 1202231.0 675048.0 906988.0 1195912.0 878807.0 896206.0 516905.0 1110608.0 1277689.0 0 737172.0 667422.0 624632.0 838347.0 588554.0 859443.0 744207.0 1433537.0 858963.0 1077285.0 346353.0 1461537.0 713098.0 618649.0 2168102.0 945763.0 989616.0 665556.0 696740.0 291617.0 847419.0 832347.0 913792.0 607850.0 927754.0 689952.0 625286.0 758183.0 1001647.0 1242736.0 365569.0 1160079.0 832304.0 
411533.0 683668.0 1610637.0 768451.0 347549.0 647233.0 472873.0 565936.0 703405.0 239394.0 555823.0 546237.0 953660.0 886197.0 1136328.0 967450.0 675469.0 435167.0 950920.0 711295.0 622002.0 920734.0 206766.0 573903.0 752257.0 37222.0 413341.0 896077.0 608271.0 610833.0 812921.0 395463.0 961593.0 494355.0 703691.0 324716.0 518580.0 344211.0 1058867.0 823094.0 877939.0 942599.0 141635.0 740845.0 670843.0 842707.0 1029497.0 737172.0 0 475904.0 615274.0 707906.0 660051.0 767934.0 276879.0 767918.0 605650.0 663278.0 500291.0 858575.0 220638.0 772587.0 1730360.0 815168.0 798098.0 300779.0 248805.0 445555.0 1034675.0 579034.0 676939.0 405494.0 611906.0 772260.0 525368.0 296969.0 264475.0 750276.0 710251.0 906766.0 688940.0 
194053.0 637762.0 1558887.0 698701.0 130069.0 429753.0 295173.0 372874.0 774428.0 465387.0 509649.0 629699.0 906358.0 838895.0 1138248.0 937466.0 816842.0 518629.0 954783.0 794757.0 574700.0 1004196.0 682670.0 963632.0 754953.0 513126.0 889245.0 979539.0 390791.0 694295.0 896383.0 671004.0 1098345.0 448449.0 486211.0 430364.0 448830.0 477149.0 841387.0 759236.0 903329.0 896693.0 617539.0 744708.0 601093.0 749764.0 1112959.0 667422.0 475904.0 0 738751.0 490426.0 615002.0 550454.0 416766.0 1024539.0 559744.0 668287.0 430541.0 1127574.0 304100.0 702837.0 2053269.0 597688.0 580618.0 384241.0 455976.0 375805.0 817195.0 533128.0 504794.0 488956.0 606937.0 554780.0 608830.0 380431.0 740379.0 833738.0 662949.0 860860.0 471460.0 
674380.0 938939.0 1585472.0 985573.0 610396.0 858110.0 728144.0 821207.0 958676.0 564878.0 796521.0 801508.0 799196.0 731733.0 1391599.0 1033694.0 720418.0 690438.0 925755.0 966566.0 467538.0 1046221.0 822040.0 1063123.0 1007528.0 652496.0 1028615.0 909637.0 457201.0 866104.0 1068192.0 563842.0 1399522.0 749626.0 966538.0 910691.0 735702.0 764021.0 1321714.0 813370.0 1117998.0 1193462.0 756909.0 715680.0 887965.0 1062925.0 1240246.0 624632.0 615274.0 738751.0 0 657821.0 915322.0 1030781.0 798251.0 1261512.0 860921.0 1148614.0 717413.0 1473849.0 475909.0 989709.0 2345634.0 1078015.0 1060945.0 556050.0 574289.0 662677.0 1058429.0 834305.0 932210.0 660765.0 747228.0 1035107.0 780639.0 552240.0 879749.0 1005547.0 555787.0 1162037.0 951787.0 
426055.0 869764.0 1502463.0 930703.0 362071.0 661755.0 527175.0 604876.0 1006430.0 697389.0 741651.0 861701.0 716187.0 648724.0 1370250.0 950685.0 934133.0 750631.0 842746.0 1026759.0 384529.0 1236198.0 914672.0 1195634.0 986955.0 745128.0 1121247.0 1123352.0 374192.0 926297.0 1128385.0 480833.0 1330347.0 680451.0 718213.0 662366.0 680832.0 709151.0 1073389.0 687509.0 1135331.0 1067601.0 849541.0 632671.0 833095.0 979916.0 1157237.0 838347.0 707906.0 490426.0 657821.0 0 847004.0 782456.0 648768.0 1178503.0 791746.0 900289.0 662543.0 1222108.0 536102.0 934839.0 2385529.0 829690.0 812620.0 616243.0 687978.0 607807.0 1049197.0 765130.0 736796.0 720958.0 664219.0 786782.0 840832.0 612433.0 972381.0 1065740.0 472778.0 1092862.0 703462.0 
