20
22 40 0 49 23 32 37 17 13 29 2 42 25 8 39 6 12 15 47 7
0 857490.0 749924.0 690411.0 988164.0 738501.0 1103548.0 1353328.0 567202.0 724459.0 581639.0 793556.0 1158291.0 860872.0 792178.0 651830.0 883305.0 956093.0 592269.0 546158.0 
857490.0 0 664986.0 605473.0 1402288.0 1293808.0 1585223.0 1268390.0 1116958.0 923396.0 1045699.0 1498799.0 1073353.0 1274996.0 1426276.0 859607.0 1151035.0 1163870.0 507331.0 1101697.0 
749924.0 664986.0 0 497907.0 818927.0 696666.0 1001831.0 603404.0 451972.0 573720.0 479922.0 1149123.0 965787.0 691635.0 1123871.0 194621.0 823220.0 498884.0 157655.0 444441.0 
690411.0 605473.0 497907.0 0 796815.0 726215.0 979750.0 1101311.0 520905.0 484351.0 440226.0 1331720.0 906274.0 669523.0 1210700.0 573300.0 733851.0 877563.0 340252.0 499861.0 
988164.0 1402288.0 818927.0 796815.0 0 692514.0 437519.0 1422331.0 600649.0 700965.0 406525.0 1668376.0 1392429.0 127292.0 1427314.0 624306.0 950465.0 928569.0 976582.0 522664.0 
738501.0 1293808.0 696666.0 726215.0 692514.0 0 875449.0 1300070.0 417417.0 574674.0 285989.0 1440915.0 1271893.0 565222.0 972778.0 502045.0 495929.0 806308.0 854321.0 396373.0 
1103548.0 1585223.0 1001831.0 979750.0 437519.0 875449.0 0 1605235.0 722582.0 735691.0 589460.0 1703102.0 980365.0 310227.0 1462040.0 807210.0 985191.0 1111473.0 1151756.0 557390.0 
1353328.0 1268390.0 603404.0 1101311.0 1422331.0 1300070.0 1605235.0 0 1055376.0 1177124.0 1083326.0 1752527.0 1569191.0 1295039.0 1727275.0 798025.0 1426624.0 1102288.0 761059.0 1047845.0 
567202.0 1116958.0 451972.0 520905.0 600649.0 417417.0 722582.0 1055376.0 0 343493.0 194124.0 1310904.0 1144546.0 473357.0 1069842.0 257351.0 592993.0 561614.0 609627.0 165192.0 
724459.0 923396.0 573720.0 484351.0 700965.0 574674.0 735691.0 1177124.0 343493.0 0 294440.0 1042789.0 961947.0 573673.0 726349.0 428121.0 249500.0 732384.0 416065.0 178301.0 
581639.0 1045699.0 479922.0 440226.0 406525.0 285989.0 589460.0 1083326.0 194124.0 294440.0 0 1261851.0 985904.0 279233.0 1020789.0 285301.0 543940.0 589564.0 637577.0 116139.0 
793556.0 1498799.0 1149123.0 1331720.0 1668376.0 1440915.0 1703102.0 1752527.0 1310904.0 1042789.0 1261851.0 0 1537350.0 1541084.0 1427517.0 1343744.0 950668.0 1648007.0 991468.0 1145712.0 
1158291.0 1073353.0 965787.0 906274.0 1392429.0 1271893.0 980365.0 1569191.0 1144546.0 961947.0 985904.0 1537350.0 0 1265137.0 1512098.0 948684.0 1211447.0 644421.0 808132.0 1086292.0 
860872.0 1274996.0 691635.0 669523.0 127292.0 565222.0 310227.0 1295039.0 473357.0 573673.0 279233.0 1541084.0 1265137.0 0 1300022.0 497014.0 823173.0 801277.0 849290.0 395372.0 
792178.0 1426276.0 1123871.0 1210700.0 1427314.0 972778.0 1462040.0 1727275.0 1069842.0 726349.0 1020789.0 1427517.0 1512098.0 1300022.0 0 1154470.0 476849.0 1458733.0 966216.0 904650.0 
651830.0 859607.0 194621.0 573300.0 624306.0 502045.0 807210.0 798025.0 257351.0 428121.0 285301.0 1343744.0 948684.0 497014.0 1154470.0 0 677621.0 304263.0 352276.0 249820.0 
883305.0 1151035.0 823220.0 733851.0 950465.0 495929.0 985191.0 1426624.0 592993.0 249500.0 543940.0 950668.0 1211447.0 823173.0 476849.0 677621.0 0 981884.0 665565.0 427801.0 
956093.0 1163870.0 498884.0 877563.0 928569.0 806308.0 1111473.0 1102288.0 561614.0 732384.0 589564.0 1648007.0 644421.0 801277.0 1458733.0 304263.0 981884.0 0 656539.0 554083.0 
592269.0 507331.0 157655.0 340252.0 976582.0 854321.0 1151756.0 761059.0 609627.0 416065.0 637577.0 991468.0 808132.0 849290.0 966216.0 352276.0 665565.0 656539.0 0 594366.0 
546158.0 1101697.0 444441.0 499861.0 522664.0 396373.0 557390.0 1047845.0 165192.0 178301.0 116139.0 1145712.0 1086292.0 395372.0 904650.0 249820.0 427801.0 554083.0 594366.0 0 
