12
B C D E F G H I J K L A
0 323.0 474.0 402.0 576.0 340.0 423.0 564.0 773.0 889.0 1069.0 156.0 
323.0 0 151.0 725.0 696.0 663.0 746.0 887.0 1096.0 1212.0 1392.0 479.0 
474.0 151.0 0 719.0 545.0 814.0 819.0 1038.0 1247.0 1363.0 1543.0 630.0 
402.0 725.0 719.0 0 174.0 183.0 100.0 407.0 616.0 732.0 912.0 246.0 
576.0 696.0 545.0 174.0 0 357.0 274.0 581.0 790.0 906.0 1086.0 420.0 
340.0 663.0 814.0 183.0 357.0 0 83.0 224.0 433.0 549.0 729.0 184.0 
423.0 746.0 819.0 100.0 274.0 83.0 0 307.0 516.0 632.0 812.0 267.0 
564.0 887.0 1038.0 407.0 581.0 224.0 307.0 0 209.0 325.0 505.0 408.0 
773.0 1096.0 1247.0 616.0 790.0 433.0 516.0 209.0 0 116.0 296.0 617.0 
889.0 1212.0 1363.0 732.0 906.0 549.0 632.0 325.0 116.0 0 180.0 733.0 
1069.0 1392.0 1543.0 912.0 1086.0 729.0 812.0 505.0 296.0 180.0 0 913.0 
156.0 479.0 630.0 246.0 420.0 184.0 267.0 408.0 617.0 733.0 913.0 0 
