46
AB AC AD AE AF AG AH AI AJ AK AL AM AN AO AP AQ BD BE BF BG BH BI BJ BK DP DQ DR DS DT DU DV DW DX DY DZ EN EO EP EX EY EZ FA FB FC FF AA
0 85.0 130.0 3.0 90.0 35.0 21.0 132.0 95.0 148.0 160.0 196.0 126.0 13.0 29.0 63.0 90.0 86.0 71.0 74.0 64.0 59.0 57.0 127.0 288.0 218.0 220.0 147.0 75.0 124.0 218.0 150.0 155.0 166.0 139.0 495.0 501.0 271.0 381.0 391.0 656.0 635.0 164.0 157.0 121.0 70.0 
85.0 0 75.0 88.0 175.0 120.0 106.0 217.0 10.0 93.0 105.0 141.0 71.0 98.0 114.0 148.0 175.0 171.0 156.0 159.0 149.0 144.0 142.0 212.0 233.0 163.0 165.0 92.0 20.0 69.0 163.0 95.0 240.0 251.0 224.0 580.0 586.0 356.0 466.0 476.0 741.0 720.0 249.0 242.0 206.0 15.0 
130.0 75.0 0 133.0 220.0 165.0 151.0 262.0 85.0 18.0 30.0 66.0 15.0 143.0 159.0 193.0 220.0 216.0 201.0 204.0 194.0 189.0 187.0 257.0 158.0 88.0 90.0 64.0 65.0 41.0 107.0 39.0 285.0 296.0 269.0 625.0 631.0 401.0 511.0 521.0 786.0 765.0 294.0 287.0 251.0 60.0 
3.0 88.0 133.0 0 93.0 38.0 24.0 135.0 98.0 151.0 163.0 199.0 129.0 10.0 26.0 60.0 93.0 89.0 74.0 77.0 67.0 62.0 60.0 130.0 291.0 221.0 223.0 150.0 78.0 127.0 221.0 153.0 158.0 169.0 142.0 498.0 504.0 274.0 384.0 394.0 659.0 638.0 167.0 160.0 124.0 73.0 
90.0 175.0 220.0 93.0 0 125.0 111.0 222.0 185.0 238.0 250.0 286.0 216.0 103.0 119.0 153.0 180.0 176.0 161.0 164.0 154.0 149.0 147.0 217.0 378.0 308.0 310.0 237.0 165.0 214.0 308.0 240.0 245.0 256.0 229.0 585.0 591.0 361.0 471.0 481.0 746.0 725.0 254.0 247.0 211.0 160.0 
35.0 120.0 165.0 38.0 125.0 0 56.0 167.0 130.0 183.0 195.0 231.0 161.0 48.0 64.0 98.0 55.0 51.0 36.0 39.0 29.0 24.0 22.0 92.0 323.0 253.0 255.0 182.0 110.0 159.0 253.0 185.0 120.0 131.0 104.0 460.0 466.0 236.0 346.0 356.0 621.0 600.0 129.0 122.0 156.0 105.0 
21.0 106.0 151.0 24.0 111.0 56.0 0 111.0 116.0 169.0 181.0 217.0 147.0 34.0 50.0 84.0 111.0 107.0 92.0 95.0 85.0 80.0 78.0 148.0 309.0 239.0 241.0 168.0 96.0 145.0 239.0 171.0 176.0 187.0 160.0 516.0 522.0 292.0 402.0 412.0 677.0 656.0 185.0 178.0 100.0 91.0 
132.0 217.0 262.0 135.0 222.0 167.0 111.0 0 227.0 280.0 292.0 328.0 258.0 145.0 161.0 195.0 222.0 218.0 203.0 206.0 196.0 191.0 189.0 259.0 420.0 350.0 352.0 279.0 207.0 256.0 350.0 282.0 287.0 298.0 271.0 627.0 633.0 403.0 513.0 523.0 788.0 767.0 296.0 289.0 211.0 202.0 
95.0 10.0 85.0 98.0 185.0 130.0 116.0 227.0 0 103.0 115.0 151.0 81.0 108.0 124.0 158.0 185.0 181.0 166.0 169.0 159.0 154.0 152.0 222.0 243.0 173.0 175.0 102.0 30.0 79.0 173.0 105.0 250.0 261.0 234.0 590.0 596.0 366.0 476.0 486.0 751.0 730.0 259.0 252.0 216.0 25.0 
148.0 93.0 18.0 151.0 238.0 183.0 169.0 280.0 103.0 0 48.0 84.0 33.0 161.0 177.0 211.0 238.0 234.0 219.0 222.0 212.0 207.0 205.0 275.0 176.0 106.0 108.0 82.0 83.0 59.0 125.0 57.0 303.0 314.0 287.0 643.0 649.0 419.0 529.0 539.0 804.0 783.0 312.0 305.0 269.0 78.0 
160.0 105.0 30.0 163.0 250.0 195.0 181.0 292.0 115.0 48.0 0 96.0 45.0 173.0 189.0 223.0 250.0 246.0 231.0 234.0 224.0 219.0 217.0 287.0 188.0 118.0 120.0 94.0 95.0 71.0 137.0 69.0 315.0 326.0 299.0 655.0 661.0 431.0 541.0 551.0 816.0 795.0 324.0 317.0 281.0 90.0 
196.0 141.0 66.0 199.0 286.0 231.0 217.0 328.0 151.0 84.0 96.0 0 81.0 209.0 225.0 259.0 286.0 282.0 267.0 270.0 260.0 255.0 253.0 323.0 92.0 22.0 24.0 130.0 131.0 107.0 173.0 105.0 351.0 362.0 335.0 691.0 697.0 467.0 577.0 587.0 852.0 831.0 360.0 353.0 317.0 126.0 
126.0 71.0 15.0 129.0 216.0 161.0 147.0 258.0 81.0 33.0 45.0 81.0 0 139.0 155.0 189.0 216.0 212.0 197.0 200.0 190.0 185.0 183.0 253.0 173.0 103.0 105.0 49.0 51.0 26.0 92.0 24.0 281.0 292.0 265.0 621.0 627.0 397.0 507.0 517.0 782.0 761.0 290.0 283.0 247.0 56.0 
13.0 98.0 143.0 10.0 103.0 48.0 34.0 145.0 108.0 161.0 173.0 209.0 139.0 0 16.0 50.0 103.0 99.0 84.0 87.0 77.0 72.0 70.0 140.0 301.0 231.0 233.0 160.0 88.0 137.0 231.0 163.0 168.0 179.0 152.0 508.0 514.0 284.0 394.0 404.0 669.0 648.0 177.0 170.0 134.0 83.0 
29.0 114.0 159.0 26.0 119.0 64.0 50.0 161.0 124.0 177.0 189.0 225.0 155.0 16.0 0 66.0 119.0 115.0 100.0 103.0 93.0 88.0 86.0 156.0 317.0 247.0 249.0 176.0 104.0 153.0 247.0 179.0 184.0 195.0 168.0 524.0 530.0 300.0 410.0 420.0 685.0 664.0 193.0 186.0 150.0 99.0 
63.0 148.0 193.0 60.0 153.0 98.0 84.0 195.0 158.0 211.0 223.0 259.0 189.0 50.0 66.0 0 153.0 149.0 134.0 137.0 127.0 122.0 120.0 190.0 351.0 281.0 283.0 210.0 138.0 187.0 281.0 213.0 218.0 229.0 202.0 558.0 564.0 334.0 444.0 454.0 719.0 698.0 227.0 220.0 184.0 133.0 
90.0 175.0 220.0 93.0 180.0 55.0 111.0 222.0 185.0 238.0 250.0 286.0 216.0 103.0 119.0 153.0 0 106.0 91.0 94.0 84.0 79.0 77.0 147.0 378.0 308.0 310.0 237.0 165.0 214.0 308.0 240.0 175.0 186.0 159.0 515.0 521.0 291.0 401.0 411.0 676.0 655.0 184.0 177.0 211.0 160.0 
86.0 171.0 216.0 89.0 176.0 51.0 107.0 218.0 181.0 234.0 246.0 282.0 212.0 99.0 115.0 149.0 106.0 0 45.0 48.0 80.0 75.0 73.0 143.0 374.0 304.0 306.0 233.0 161.0 210.0 304.0 236.0 171.0 182.0 155.0 511.0 517.0 287.0 397.0 407.0 672.0 651.0 180.0 173.0 207.0 156.0 
71.0 156.0 201.0 74.0 161.0 36.0 92.0 203.0 166.0 219.0 231.0 267.0 197.0 84.0 100.0 134.0 91.0 45.0 0 33.0 65.0 60.0 58.0 128.0 359.0 289.0 291.0 218.0 146.0 195.0 289.0 221.0 156.0 167.0 140.0 496.0 502.0 272.0 382.0 392.0 657.0 636.0 165.0 158.0 192.0 141.0 
74.0 159.0 204.0 77.0 164.0 39.0 95.0 206.0 169.0 222.0 234.0 270.0 200.0 87.0 103.0 137.0 94.0 48.0 33.0 0 68.0 63.0 61.0 131.0 362.0 292.0 294.0 221.0 149.0 198.0 292.0 224.0 159.0 170.0 143.0 499.0 505.0 275.0 385.0 395.0 660.0 639.0 168.0 161.0 195.0 144.0 
64.0 149.0 194.0 67.0 154.0 29.0 85.0 196.0 159.0 212.0 224.0 260.0 190.0 77.0 93.0 127.0 84.0 80.0 65.0 68.0 0 25.0 51.0 121.0 352.0 282.0 284.0 211.0 139.0 188.0 282.0 214.0 149.0 160.0 133.0 489.0 495.0 265.0 375.0 385.0 650.0 629.0 158.0 151.0 185.0 134.0 
59.0 144.0 189.0 62.0 149.0 24.0 80.0 191.0 154.0 207.0 219.0 255.0 185.0 72.0 88.0 122.0 79.0 75.0 60.0 63.0 25.0 0 46.0 116.0 347.0 277.0 279.0 206.0 134.0 183.0 277.0 209.0 144.0 155.0 128.0 484.0 490.0 260.0 370.0 380.0 645.0 624.0 153.0 146.0 180.0 129.0 
57.0 142.0 187.0 60.0 147.0 22.0 78.0 189.0 152.0 205.0 217.0 253.0 183.0 70.0 86.0 120.0 77.0 73.0 58.0 61.0 51.0 46.0 0 90.0 345.0 275.0 277.0 204.0 132.0 181.0 275.0 207.0 118.0 129.0 102.0 458.0 464.0 234.0 344.0 354.0 619.0 598.0 127.0 120.0 178.0 127.0 
127.0 212.0 257.0 130.0 217.0 92.0 148.0 259.0 222.0 275.0 287.0 323.0 253.0 140.0 156.0 190.0 147.0 143.0 128.0 131.0 121.0 116.0 90.0 0 415.0 345.0 347.0 274.0 202.0 251.0 345.0 277.0 28.0 39.0 12.0 368.0 374.0 144.0 254.0 264.0 529.0 508.0 37.0 30.0 248.0 197.0 
288.0 233.0 158.0 291.0 378.0 323.0 309.0 420.0 243.0 176.0 188.0 92.0 173.0 301.0 317.0 351.0 378.0 374.0 359.0 362.0 352.0 347.0 345.0 415.0 0 90.0 116.0 222.0 223.0 199.0 265.0 197.0 443.0 454.0 427.0 783.0 789.0 559.0 669.0 679.0 944.0 923.0 452.0 445.0 409.0 218.0 
218.0 163.0 88.0 221.0 308.0 253.0 239.0 350.0 173.0 106.0 118.0 22.0 103.0 231.0 247.0 281.0 308.0 304.0 289.0 292.0 282.0 277.0 275.0 345.0 90.0 0 46.0 152.0 153.0 129.0 195.0 127.0 373.0 384.0 357.0 713.0 719.0 489.0 599.0 609.0 874.0 853.0 382.0 375.0 339.0 148.0 
220.0 165.0 90.0 223.0 310.0 255.0 241.0 352.0 175.0 108.0 120.0 24.0 105.0 233.0 249.0 283.0 310.0 306.0 291.0 294.0 284.0 279.0 277.0 347.0 116.0 46.0 0 154.0 155.0 131.0 197.0 129.0 375.0 386.0 359.0 715.0 721.0 491.0 601.0 611.0 876.0 855.0 384.0 377.0 341.0 150.0 
147.0 92.0 64.0 150.0 237.0 182.0 168.0 279.0 102.0 82.0 94.0 130.0 49.0 160.0 176.0 210.0 237.0 233.0 218.0 221.0 211.0 206.0 204.0 274.0 222.0 152.0 154.0 0 72.0 47.0 141.0 73.0 302.0 313.0 286.0 642.0 648.0 418.0 528.0 538.0 803.0 782.0 311.0 304.0 268.0 77.0 
75.0 20.0 65.0 78.0 165.0 110.0 96.0 207.0 30.0 83.0 95.0 131.0 51.0 88.0 104.0 138.0 165.0 161.0 146.0 149.0 139.0 134.0 132.0 202.0 223.0 153.0 155.0 72.0 0 49.0 143.0 75.0 230.0 241.0 214.0 570.0 576.0 346.0 456.0 466.0 731.0 710.0 239.0 232.0 196.0 5.0 
124.0 69.0 41.0 127.0 214.0 159.0 145.0 256.0 79.0 59.0 71.0 107.0 26.0 137.0 153.0 187.0 214.0 210.0 195.0 198.0 188.0 183.0 181.0 251.0 199.0 129.0 131.0 47.0 49.0 0 118.0 50.0 279.0 290.0 263.0 619.0 625.0 395.0 505.0 515.0 780.0 759.0 288.0 281.0 245.0 54.0 
218.0 163.0 107.0 221.0 308.0 253.0 239.0 350.0 173.0 125.0 137.0 173.0 92.0 231.0 247.0 281.0 308.0 304.0 289.0 292.0 282.0 277.0 275.0 345.0 265.0 195.0 197.0 141.0 143.0 118.0 0 92.0 373.0 384.0 357.0 713.0 719.0 489.0 599.0 609.0 874.0 853.0 382.0 375.0 339.0 148.0 
150.0 95.0 39.0 153.0 240.0 185.0 171.0 282.0 105.0 57.0 69.0 105.0 24.0 163.0 179.0 213.0 240.0 236.0 221.0 224.0 214.0 209.0 207.0 277.0 197.0 127.0 129.0 73.0 75.0 50.0 92.0 0 305.0 316.0 289.0 645.0 651.0 421.0 531.0 541.0 806.0 785.0 314.0 307.0 271.0 80.0 
155.0 240.0 285.0 158.0 245.0 120.0 176.0 287.0 250.0 303.0 315.0 351.0 281.0 168.0 184.0 218.0 175.0 171.0 156.0 159.0 149.0 144.0 118.0 28.0 443.0 373.0 375.0 302.0 230.0 279.0 373.0 305.0 0 11.0 16.0 350.0 356.0 126.0 236.0 246.0 511.0 490.0 19.0 12.0 276.0 225.0 
166.0 251.0 296.0 169.0 256.0 131.0 187.0 298.0 261.0 314.0 326.0 362.0 292.0 179.0 195.0 229.0 186.0 182.0 167.0 170.0 160.0 155.0 129.0 39.0 454.0 384.0 386.0 313.0 241.0 290.0 384.0 316.0 11.0 0 27.0 361.0 367.0 137.0 247.0 257.0 522.0 501.0 30.0 23.0 287.0 236.0 
139.0 224.0 269.0 142.0 229.0 104.0 160.0 271.0 234.0 287.0 299.0 335.0 265.0 152.0 168.0 202.0 159.0 155.0 140.0 143.0 133.0 128.0 102.0 12.0 427.0 357.0 359.0 286.0 214.0 263.0 357.0 289.0 16.0 27.0 0 356.0 362.0 132.0 242.0 252.0 517.0 496.0 25.0 18.0 260.0 209.0 
495.0 580.0 625.0 498.0 585.0 460.0 516.0 627.0 590.0 643.0 655.0 691.0 621.0 508.0 524.0 558.0 515.0 511.0 496.0 499.0 489.0 484.0 458.0 368.0 783.0 713.0 715.0 642.0 570.0 619.0 713.0 645.0 350.0 361.0 356.0 0 6.0 426.0 486.0 496.0 761.0 740.0 359.0 352.0 616.0 565.0 
501.0 586.0 631.0 504.0 591.0 466.0 522.0 633.0 596.0 649.0 661.0 697.0 627.0 514.0 530.0 564.0 521.0 517.0 502.0 505.0 495.0 490.0 464.0 374.0 789.0 719.0 721.0 648.0 576.0 625.0 719.0 651.0 356.0 367.0 362.0 6.0 0 432.0 492.0 502.0 767.0 746.0 365.0 358.0 622.0 571.0 
271.0 356.0 401.0 274.0 361.0 236.0 292.0 403.0 366.0 419.0 431.0 467.0 397.0 284.0 300.0 334.0 291.0 287.0 272.0 275.0 265.0 260.0 234.0 144.0 559.0 489.0 491.0 418.0 346.0 395.0 489.0 421.0 126.0 137.0 132.0 426.0 432.0 0 312.0 322.0 587.0 566.0 135.0 128.0 392.0 341.0 
381.0 466.0 511.0 384.0 471.0 346.0 402.0 513.0 476.0 529.0 541.0 577.0 507.0 394.0 410.0 444.0 401.0 397.0 382.0 385.0 375.0 370.0 344.0 254.0 669.0 599.0 601.0 528.0 456.0 505.0 599.0 531.0 236.0 247.0 242.0 486.0 492.0 312.0 0 10.0 647.0 626.0 245.0 238.0 502.0 451.0 
391.0 476.0 521.0 394.0 481.0 356.0 412.0 523.0 486.0 539.0 551.0 587.0 517.0 404.0 420.0 454.0 411.0 407.0 392.0 395.0 385.0 380.0 354.0 264.0 679.0 609.0 611.0 538.0 466.0 515.0 609.0 541.0 246.0 257.0 252.0 496.0 502.0 322.0 10.0 0 657.0 636.0 255.0 248.0 512.0 461.0 
656.0 741.0 786.0 659.0 746.0 621.0 677.0 788.0 751.0 804.0 816.0 852.0 782.0 669.0 685.0 719.0 676.0 672.0 657.0 660.0 650.0 645.0 619.0 529.0 944.0 874.0 876.0 803.0 731.0 780.0 874.0 806.0 511.0 522.0 517.0 761.0 767.0 587.0 647.0 657.0 0 101.0 520.0 513.0 777.0 726.0 
635.0 720.0 765.0 638.0 725.0 600.0 656.0 767.0 730.0 783.0 795.0 831.0 761.0 648.0 664.0 698.0 655.0 651.0 636.0 639.0 629.0 624.0 598.0 508.0 923.0 853.0 855.0 782.0 710.0 759.0 853.0 785.0 490.0 501.0 496.0 740.0 746.0 566.0 626.0 636.0 101.0 0 499.0 492.0 756.0 705.0 
164.0 249.0 294.0 167.0 254.0 129.0 185.0 296.0 259.0 312.0 324.0 360.0 290.0 177.0 193.0 227.0 184.0 180.0 165.0 168.0 158.0 153.0 127.0 37.0 452.0 382.0 384.0 311.0 239.0 288.0 382.0 314.0 19.0 30.0 25.0 359.0 365.0 135.0 245.0 255.0 520.0 499.0 0 13.0 285.0 234.0 
157.0 242.0 287.0 160.0 247.0 122.0 178.0 289.0 252.0 305.0 317.0 353.0 283.0 170.0 186.0 220.0 177.0 173.0 158.0 161.0 151.0 146.0 120.0 30.0 445.0 375.0 377.0 304.0 232.0 281.0 375.0 307.0 12.0 23.0 18.0 352.0 358.0 128.0 238.0 248.0 513.0 492.0 13.0 0 278.0 227.0 
121.0 206.0 251.0 124.0 211.0 156.0 100.0 211.0 216.0 269.0 281.0 317.0 247.0 134.0 150.0 184.0 211.0 207.0 192.0 195.0 185.0 180.0 178.0 248.0 409.0 339.0 341.0 268.0 196.0 245.0 339.0 271.0 276.0 287.0 260.0 616.0 622.0 392.0 502.0 512.0 777.0 756.0 285.0 278.0 0 191.0 
70.0 15.0 60.0 73.0 160.0 105.0 91.0 202.0 25.0 78.0 90.0 126.0 56.0 83.0 99.0 133.0 160.0 156.0 141.0 144.0 134.0 129.0 127.0 197.0 218.0 148.0 150.0 77.0 5.0 54.0 148.0 80.0 225.0 236.0 209.0 565.0 571.0 341.0 451.0 461.0 726.0 705.0 234.0 227.0 191.0 0 
