25
AB AC AD AE AF AG AH AI AJ AK AL AM AN AO AP AQ BD BE BF BG BH BI BJ BK AA
0 85.0 130.0 3.0 90.0 35.0 21.0 88.0 95.0 148.0 160.0 151.0 145.0 13.0 63.0 127.0 59.0 57.0 127.0 37.0 51.0 101.0 47.0 87.0 70.0 
85.0 0 75.0 88.0 175.0 120.0 106.0 3.0 10.0 93.0 105.0 96.0 90.0 98.0 148.0 212.0 144.0 142.0 212.0 122.0 136.0 186.0 132.0 172.0 15.0 
130.0 75.0 0 133.0 220.0 165.0 151.0 78.0 85.0 18.0 30.0 21.0 15.0 143.0 193.0 257.0 189.0 187.0 257.0 167.0 181.0 231.0 177.0 217.0 60.0 
3.0 88.0 133.0 0 93.0 38.0 24.0 91.0 98.0 151.0 163.0 154.0 148.0 10.0 60.0 130.0 62.0 60.0 130.0 40.0 54.0 104.0 50.0 90.0 73.0 
90.0 175.0 220.0 93.0 0 125.0 111.0 178.0 185.0 238.0 250.0 241.0 235.0 103.0 153.0 37.0 149.0 147.0 217.0 127.0 141.0 191.0 137.0 177.0 160.0 
35.0 120.0 165.0 38.0 125.0 0 56.0 123.0 130.0 183.0 195.0 186.0 180.0 48.0 98.0 162.0 24.0 22.0 92.0 72.0 86.0 136.0 82.0 122.0 105.0 
21.0 106.0 151.0 24.0 111.0 56.0 0 109.0 116.0 169.0 181.0 172.0 166.0 34.0 84.0 148.0 80.0 78.0 148.0 16.0 30.0 80.0 26.0 66.0 91.0 
88.0 3.0 78.0 91.0 178.0 123.0 109.0 0 13.0 96.0 108.0 99.0 93.0 101.0 151.0 215.0 147.0 145.0 215.0 125.0 139.0 189.0 135.0 175.0 18.0 
95.0 10.0 85.0 98.0 185.0 130.0 116.0 13.0 0 103.0 115.0 106.0 100.0 108.0 158.0 222.0 154.0 152.0 222.0 132.0 146.0 196.0 142.0 182.0 25.0 
148.0 93.0 18.0 151.0 238.0 183.0 169.0 96.0 103.0 0 48.0 39.0 33.0 161.0 211.0 275.0 207.0 205.0 275.0 185.0 199.0 249.0 195.0 235.0 78.0 
160.0 105.0 30.0 163.0 250.0 195.0 181.0 108.0 115.0 48.0 0 51.0 45.0 173.0 223.0 287.0 219.0 217.0 287.0 197.0 211.0 261.0 207.0 247.0 90.0 
151.0 96.0 21.0 154.0 241.0 186.0 172.0 99.0 106.0 39.0 51.0 0 36.0 164.0 214.0 278.0 210.0 208.0 278.0 188.0 202.0 252.0 198.0 238.0 81.0 
145.0 90.0 15.0 148.0 235.0 180.0 166.0 93.0 100.0 33.0 45.0 36.0 0 158.0 208.0 272.0 204.0 202.0 272.0 182.0 196.0 246.0 192.0 232.0 75.0 
13.0 98.0 143.0 10.0 103.0 48.0 34.0 101.0 108.0 161.0 173.0 164.0 158.0 0 50.0 140.0 72.0 70.0 140.0 50.0 64.0 114.0 60.0 100.0 83.0 
63.0 148.0 193.0 60.0 153.0 98.0 84.0 151.0 158.0 211.0 223.0 214.0 208.0 50.0 0 190.0 122.0 120.0 190.0 100.0 114.0 164.0 110.0 150.0 133.0 
127.0 212.0 257.0 130.0 37.0 162.0 148.0 215.0 222.0 275.0 287.0 278.0 272.0 140.0 190.0 0 186.0 184.0 254.0 164.0 178.0 228.0 174.0 214.0 197.0 
59.0 144.0 189.0 62.0 149.0 24.0 80.0 147.0 154.0 207.0 219.0 210.0 204.0 72.0 122.0 186.0 0 46.0 116.0 96.0 110.0 160.0 106.0 146.0 129.0 
57.0 142.0 187.0 60.0 147.0 22.0 78.0 145.0 152.0 205.0 217.0 208.0 202.0 70.0 120.0 184.0 46.0 0 90.0 94.0 108.0 158.0 104.0 144.0 127.0 
127.0 212.0 257.0 130.0 217.0 92.0 148.0 215.0 222.0 275.0 287.0 278.0 272.0 140.0 190.0 254.0 116.0 90.0 0 164.0 178.0 228.0 174.0 214.0 197.0 
37.0 122.0 167.0 40.0 127.0 72.0 16.0 125.0 132.0 185.0 197.0 188.0 182.0 50.0 100.0 164.0 96.0 94.0 164.0 0 46.0 96.0 10.0 50.0 107.0 
51.0 136.0 181.0 54.0 141.0 86.0 30.0 139.0 146.0 199.0 211.0 202.0 196.0 64.0 114.0 178.0 110.0 108.0 178.0 46.0 0 110.0 56.0 96.0 121.0 
101.0 186.0 231.0 104.0 191.0 136.0 80.0 189.0 196.0 249.0 261.0 252.0 246.0 114.0 164.0 228.0 160.0 158.0 228.0 96.0 110.0 0 106.0 146.0 171.0 
47.0 132.0 177.0 50.0 137.0 82.0 26.0 135.0 142.0 195.0 207.0 198.0 192.0 60.0 110.0 174.0 106.0 104.0 174.0 10.0 56.0 106.0 0 60.0 117.0 
87.0 172.0 217.0 90.0 177.0 122.0 66.0 175.0 182.0 235.0 247.0 238.0 232.0 100.0 150.0 214.0 146.0 144.0 214.0 50.0 96.0 146.0 60.0 0 157.0 
70.0 15.0 60.0 73.0 160.0 105.0 91.0 18.0 25.0 78.0 90.0 81.0 75.0 83.0 133.0 197.0 129.0 127.0 197.0 107.0 121.0 171.0 117.0 157.0 0 
