50
14 90 18 50 83 29 89 9 92 97 43 77 81 10 1 6 67 53 45 38 76 61 3 7 15 28 26 33 39 75 70 2 35 24 73 12 11 86 88 84 32 60 91 25 17 55 96 41 31 5
0 5202799.2088 14057688.66473 9337016.97876 6365319.48825 7764476.44917 3642312.96707 5975351.47502 13536517.1478 5087235.36778 8875506.55231 7442314.72165 8564823.49886 11888977.38055 4586713.13333 11840635.10578 11369204.93741 12101481.50516 11673337.73748 5845564.4092 11477176.5237 1126538.83567 4059664.43753 9781854.16766 1611396.38026 7224444.26322 10157704.45567 5784363.55752 7705560.69769 10713404.75324 12245203.65965 12910583.35688 11944102.95508 126775.80037 4901032.16538 14476245.21951 8440279.61319 8661475.16159 6599406.36532 4959420.18238 4727729.91119 6540039.20594 8680486.79569 9876790.90135 3923227.99229 7718607.66452 10920723.58892 6123128.1567 5099404.80413 5053522.15482 
5202799.2088 0 11616230.4943 7306237.51419 9891414.17238 3712455.03469 7229879.30932 8371534.8673 10453923.56749 9128358.83089 3852940.0214 5541694.50597 7703555.62904 6776988.2873 1842448.82855 8767162.26951 6167543.93068 6920637.04387 6892174.15438 8141531.04637 9707661.31108 4620285.27652 7771941.01232 8789697.51258 6747885.291 5216908.19353 9307532.56787 3418249.70111 3420773.00071 8168100.71778 7590764.78055 7980435.01197 8092308.45395 5096731.27703 5597414.72647 9341231.28853 7289140.71457 4493100.28367 8865190.06038 3908635.49345 5702347.20405 6649033.85688 5523124.50129 8962090.09376 5671191.23406 5317874.24959 5743007.55468 4237168.26643 8067213.44178 5866026.32015 
14057688.66473 11616230.4943 0 4724444.52667 12750527.1227 8043909.64095 12406557.30404 10662988.62184 1988404.30176 13467166.26161 12616719.43336 17033698.33884 5841834.42954 13149862.27791 13422044.56218 3056721.91042 11264446.81293 10824588.92567 7990003.35608 10527152.64157 2819542.71313 14400462.89286 12625073.59902 4859262.16202 14661616.27078 16711229.298 4803271.06089 8663735.25828 13964668.40147 3481703.9515 7394597.34634 8770765.58631 4803367.68917 14047161.7249 17005713.70959 14179606.90914 5767995.79598 7523449.07558 10433567.48172 9155056.81965 17044570.42224 7962032.07451 16442466.50284 4885443.5191 16739800.95948 16677937.0348 12091499.3771 15828202.29747 11543443.25271 17269981.55714 
9337016.97876 7306237.51419 4724444.52667 0 8904659.786 4248450.23739 7971746.76662 6688263.9055 4420121.61896 9304532.67542 9257598.27383 12844429.13489 1928860.21991 10727549.16923 9016623.82708 2940522.90512 8994229.19408 8953829.35221 6485959.97861 6498665.67059 2404604.73752 9682477.14208 8271997.76306 2086088.93998 10001965.7599 12519329.9193 2578449.6058 4065094.15924 10154859.86445 1511491.12556 6374933.7862 7783924.54598 4239884.93158 9324695.58069 12439837.20445 12490664.1351 1508554.18707 4183310.45379 6654861.23769 4436057.00499 12455888.16428 3599056.3475 12574720.86662 2281776.06841 12093354.31624 12582183.26153 9502749.99898 11534171.17118 7374681.79905 12699181.00233 
6365319.48825 9891414.17238 12750527.1227 8904659.786 0 10275420.88031 2821947.17639 2221704.76005 13167285.96898 1496364.51845 13686031.37987 13694103.62208 7124078.51255 16407233.31045 10232855.37933 11837842.1419 15293637.36775 15737037.72521 14202771.41917 2428097.68779 9948109.97725 7478901.798 2328471.78907 7907431.89454 5324486.1273 13447373.57069 7955284.11783 7936658.11828 13162478.29622 10374919.26732 14448102.33818 15597503.83766 12952970.13039 6475426.53452 11258247.82432 18834196.59336 7418185.71307 10971167.87339 2319936.38969 6754273.73665 11072335.97383 5385262.86646 14681211.69278 7867339.93807 10230234.04437 13883788.94249 15228698.76581 12301900.8485 1886398.47792 11398227.26455 
7764476.44917 3712455.03469 8043909.64095 4248450.23739 10275420.88031 0 8221402.10363 8236986.61589 6760599.74189 10035795.24895 5011923.65494 8993342.97404 5389191.07448 6772781.08227 5554796.24579 5099549.94827 5259923.48449 5534299.72953 4072755.82695 7995835.16788 6505513.36173 7606416.28035 8705423.35659 6164031.62494 9005990.08429 8671813.35039 6694678.55463 2382839.37089 5998794.38041 4709103.76297 4531216.84567 5428960.12608 4421214.87237 7696601.68495 9297757.44325 8879744.05328 4866887.04621 897783.23694 8521178.20977 3586966.69639 9389129.29309 5417617.04223 8462135.38061 6359750.88031 9275955.97516 8635270.03115 5521689.65865 7824865.6441 8410444.25051 9566565.65735 
3642312.96707 7229879.30932 12406557.30404 7971746.76662 2821947.17639 8221402.10363 0 2516536.992 12391737.20191 1908971.37732 11071650.59082 10878649.34231 6567244.80262 13897720.95568 7433346.00513 10852596.58908 12938044.52529 13475995.09257 12279047.46708 2459276.33663 9615808.19904 4725343.13299 542107.59438 7647314.34253 2960572.85836 10629017.85516 7879745.48391 5841509.12739 10411820.89205 9480604.56864 12647689.91596 13648407.03094 11573435.93372 3741934.2511 8537075.94949 16391679.85283 6664879.2331 9019407.228 3121168.89459 4644339.06011 8369093.18272 4449903.48461 11865331.11038 7678954.61294 7561508.23355 11062152.59123 12762662.3907 9481554.86107 1510168.85852 8694683.69674 
5975351.47502 8371534.8673 10662988.62184 6688263.9055 2221704.76005 8236986.61589 2516536.992 0 10983126.08851 2835480.45532 12031225.82651 12798051.48137 4939973.6298 14607400.40435 9045419.85389 9624910.22666 13373634.64907 13753023.8454 12079145.66624 243117.38786 7845423.82411 6974907.96991 2394016.24868 5803730.97066 5475435.2195 12521623.27974 5913151.70467 5970112.07824 11759025.91338 8166327.63277 12288677.09443 13475564.29493 10735694.26361 6056911.00687 10770994.83653 16959426.44795 5209746.4178 8881421.83491 624125.06254 4845298.65631 10631557.6466 3168073.13937 13531346.27756 5785247.18743 9876297.87001 12887529.86698 13397098.39676 11359441.94674 1067023.85213 10953014.73744 
13536517.1478 10453923.56749 1988404.30176 4420121.61896 13167285.96898 6760599.74189 12391737.20191 10983126.08851 0 13682168.26392 10990956.9555 15701177.55661 6044930.03377 11290535.36359 12292710.69784 1723044.3186 9405531.46496 8912780.12257 6087901.159 10812840.15699 3511521.93361 13730289.70156 12685997.6021 5379753.76344 14339510.83383 15383863.67269 5519601.59982 7860220.20845 12480684.58364 2914908.97317 5450245.30492 6800388.20981 2945810.76258 13508569.84575 15988473.82027 12220744.97315 5798457.4211 6101308.6562 10862661.74908 8578255.39809 16056464.3847 7992564.95407 14949425.56056 5475837.99774 15844081.54419 15295030.67701 10277939.64423 14578207.78637 11744561.57016 16256397.60261 
5087235.36778 9128358.83089 13467166.26161 9304532.67542 1496364.51845 10035795.24895 1908971.37732 2835480.45532 13682168.26392 0 12974722.5686 12507591.85675 7678242.05813 15806684.70998 9239870.70895 12238420.26131 14834200.45903 15356355.55219 14066384.16605 2946204.67348 10647638.91538 6213418.01845 1373375.03662 8612847.47997 3903139.02487 12276531.46571 8742911.07031 7653813.18529 12265291.81957 10810224.72054 14393857.02797 15447171.08656 13147025.60929 5204872.05756 9931497.63289 18298543.0093 7883951.36213 10804427.49926 3215994.9128 6449081.10307 9731965.89145 5705538.80479 13614239.0529 8604065.96918 8870339.5197 12743163.89437 14670131.19901 11149545.12121 1938674.14945 10056591.32866 
8875506.55231 3852940.0214 12616719.43336 9257598.27383 13686031.37987 5011923.65494 11071650.59082 12031225.82651 10990956.9555 12974722.5686 0 5513704.02187 10301382.37674 3030130.8706 4449084.23233 9560246.614 3120408.37368 4076330.8588 5567090.75406 11793306.65766 11456812.47847 8096398.8506 11613205.32796 11158481.28944 10470029.73283 5261654.04932 11691150.7403 6354528.02884 2015711.82938 9553169.81258 6402974.76387 6052561.50571 8119603.93245 8758944.62649 7475887.8718 5621001.11231 9798874.07814 5204545.09762 12473644.73881 7271019.28211 7697768.62275 9840084.07971 4162522.06767 11352316.71948 8083883.57855 4916760.4349 2271586.37132 5027039.53494 11832841.93762 7704222.60564 
7442314.72165 5541694.50597 17033698.33884 12844429.13489 13694103.62208 8993342.97404 10878649.34231 12798051.48137 15701177.55661 12507591.85675 5513704.02187 0 13177517.69224 7822631.9907 3990216.80968 14080471.19607 8574511.00008 9542546.954 10947650.34605 12605178.27681 15242612.69313 6321483.1636 11366662.96272 14299915.72076 8883545.23166 325166.7751 14810003.36885 8921456.7586 3526062.03471 13638405.68533 11771717.86603 11556010.75363 13054872.16638 7320075.8166 3238552.4517 10073228.7953 12790599.64825 9599869.98317 13384520.87338 9173193.80125 3523618.8694 11863849.26889 1959006.0863 14466722.7549 4346966.56459 678022.1294 7596797.26502 1448771.35622 12160339.51755 3320928.19677 
8564823.49886 7703555.62904 5841834.42954 1928860.21991 7124078.51255 5389191.07448 6567244.80262 4939973.6298 6044930.03377 7678242.05813 10301382.37674 13177517.69224 0 12128623.60056 9211668.85301 4761076.63587 10497316.69493 10569695.14684 8264993.53341 4775004.88118 3051837.54229 9114069.95691 6785052.85583 1225474.3316 8948709.76444 12856948.98811 1669698.19678 4285926.4303 10882020.52392 3287133.49564 8227432.77579 9602895.72477 6168590.89372 8577635.76676 12290938.10594 14071116.75635 535131.45673 5592435.56481 4828518.60776 4108758.26564 12262660.08816 2140739.59199 13190098.77252 1347452.52705 11774668.09512 13009486.34123 10881589.18331 11787554.59689 5741424.59313 12536359.48036 
11888977.38055 6776988.2873 13149862.27791 10727549.16923 16407233.31045 6772781.08227 13897720.95568 14607400.40435 11290535.36359 15806684.70998 3030130.8706 7822631.9907 12128623.60056 0 7474788.70686 10189526.81602 1886156.26655 2524856.16028 5220630.04126 14365168.51659 12617941.44472 11125815.13882 14435121.54696 12778027.12119 13475268.44312 7642131.02778 13292612.64088 8693004.75082 4723713.65142 10608434.9749 5951558.96154 4953032.01941 8356960.53156 11773980.5374 10276072.94594 2591421.69296 11597877.46686 6566392.80929 14993028.77213 9764364.19794 10518960.92601 12096708.70198 6039395.99313 12976322.66424 10989976.46942 7154581.45478 1251186.25242 7711432.50375 14528635.51563 10483522.65183 
4586713.13333 1842448.82855 13422044.56218 9016623.82708 10232855.37933 5554796.24579 7433346.00513 9045419.85389 12292710.69784 9239870.70895 4449084.23233 3990216.80968 9211668.85301 7474788.70686 0 10601202.36723 7291386.35048 8150407.35186 8538962.34555 8835584.04983 11420629.88131 3692084.41024 7961323.1038 10355026.64627 6197630.34518 3676808.20521 10857359.89365 5000343.15966 3119813.68552 9958153.87956 9278963.56255 9522173.09309 9923347.22355 4462954.50874 3773827.82444 10061524.51534 8842578.89606 6325854.9437 9602378.94408 5183239.78916 3896414.54294 7879166.17241 4487893.72115 10516554.87853 3967695.63025 3923837.34562 6647912.59293 2576972.7489 8537959.55218 4041470.31074 
11840635.10578 8767162.26951 3056721.91042 2940522.90512 11837842.1419 5099549.94827 10852596.58908 9624910.22666 1723044.3186 12238420.26131 9560246.614 14080471.19607 4761076.63587 10189526.81602 10601202.36723 0 8313098.71283 7960134.24351 5147543.60077 9437685.82676 2961115.75473 12014313.18451 11177283.92485 4373432.64734 12685401.46046 13760598.01028 4655912.41411 6140913.8688 10937991.75402 1473974.68169 4685773.04835 6138972.42305 2035445.02529 11809796.60357 14280083.04142 11419530.93585 4420951.20719 4504238.85894 9570883.31722 6888479.88269 14344250.99026 6534180.39116 13415032.867 4514975.35801 14123542.19704 13697448.60389 9092229.34854 12924079.12451 10312051.67106 14547659.46159 
11369204.93741 6167543.93068 11264446.81293 8994229.19408 15293637.36775 5259923.48449 12938044.52529 13373634.64907 9405531.46496 14834200.45903 3120408.37368 8574511.00008 10497316.69493 1886156.26655 7291386.35048 8313098.71283 0 968354.97929 3347166.98007 13130554.98337 10795851.44473 10750316.16043 13463240.21626 11066798.80997 12897455.28748 8340292.55908 11571248.72692 7403576.24059 5128512.78257 8781329.44415 4103034.02414 3259525.10896 6470826.70132 11263964.73633 10568395.45036 3620041.01003 9962666.65464 4905220.46679 13708743.58104 8550898.00778 10781073.94858 10672629.59878 7022724.15296 11264654.06375 11112101.54003 7947688.78441 1063322.58389 8147226.84658 13407358.58685 10802699.59707 
12101481.50516 6920637.04387 10824588.92567 8953829.35221 15737037.72521 5534299.72953 13475995.09257 13753023.8454 8912780.12257 15356355.55219 4076330.8588 9542546.954 10569695.14684 2524856.16028 8150407.35186 7960134.24351 968354.97929 0 2834964.41067 13510761.73548 10590824.56297 11533052.72402 13992182.63562 11039627.40026 13601034.80591 9307394.29908 11527363.24126 7803516.09298 6088914.85683 8579544.83737 3488930.09949 2430206.24094 6025072.96051 12000215.10779 11498114.69514 3542749.18408 10035278.87367 5035350.06497 14052963.09999 8983589.19617 11705961.89909 10934851.73925 7984205.4827 11235591.94392 12013160.92358 8916036.03645 2000392.91388 9099515.53618 13855311.41014 11735491.06333 
11673337.73748 6892174.15438 7990003.35608 6485959.97861 14202771.41917 4072755.82695 12279047.46708 12079145.66624 6087901.159 14066384.16605 5567090.75406 10947650.34605 8264993.53341 5220630.04126 8538962.34555 5147543.60077 3347166.98007 2834964.41067 0 11844422.78792 7874479.00491 11354854.98897 12753201.81346 8550637.10062 13005998.53577 10664894.06559 9005286.1723 6439301.77743 7438158.43978 5888356.72059 836050.65698 1396420.40942 3190364.05988 11592846.86755 12237916.17107 6274825.15443 7744557.66989 3262459.91115 12280280.04356 7634960.93156 12395735.59623 9034342.57481 9729405.9337 8740576.46612 12502184.94896 10403279.54885 4296928.95959 10167496.45499 12371407.57898 12497699.89273 
5845564.4092 8141531.04637 10527152.64157 6498665.67059 2428097.68779 7995835.16788 2459276.33663 243117.38786 10812840.15699 2946204.67348 11793306.65766 12605178.27681 4775004.88118 14365168.51659 8835584.04983 9437685.82676 13130554.98337 13510761.73548 11844422.78792 0 7707940.20812 6828364.77434 2389490.57399 5669701.77114 5405804.42107 12326769.22888 5797847.73423 5727048.51591 11532982.93374 7983152.24032 12058723.88106 13240812.75245 10524879.41809 5923740.44486 10614774.1819 16716338.81405 5028802.60241 8643209.85171 781690.05213 4602636.91807 10479765.74444 2957256.85994 13319764.91788 5658297.63175 9734094.34522 12687116.73417 13154456.53272 11164576.00183 1088261.10225 10800209.16927 
11477176.5237 9707661.31108 2819542.71313 2404604.73752 9948109.97725 6505513.36173 9615808.19904 7845423.82411 3511521.93361 10647638.91538 11456812.47847 15242612.69313 3051837.54229 12617941.44472 11420629.88131 2961115.75473 10795851.44473 10590824.56297 7874479.00491 7707940.20812 0 11921453.93355 9818989.05479 2043402.91122 11966182.62841 14917455.44964 2052240.76789 6454835.53841 12483718.89395 2015605.32246 7530502.62501 8994523.33399 4948225.47793 11478110.92576 14813546.02861 14116676.62861 3051994.19322 6266621.16189 7628678.72134 6709505.59709 14821010.04191 5189873.77765 14924929.01263 2083814.62259 14427450.34487 14970048.98505 11437604.48122 13937948.13062 8724820.58157 15070769.04674 
1126538.83567 4620285.27652 14400462.89286 9682477.14208 7478901.798 7606416.28035 4725343.13299 6974907.96991 13730289.70156 6213418.01845 8096398.8506 6321483.1636 9114069.95691 11125815.13882 3692084.41024 12014313.18451 10750316.16043 11533052.72402 11354854.98897 6828364.77434 11921453.93355 0 5163204.5515 10339435.69029 2618476.85051 6108427.27948 10749356.72982 5876530.00582 6778504.57739 10984489.24942 11980430.39627 12530012.72878 11926059.15903 1008821.58165 3816590.7696 13717140.51461 8931057.75697 8500097.58303 7596380.23569 5246531.11121 3661700.0445 7189438.75235 7604888.10222 10450690.19855 2909494.55312 6612070.32893 10222030.79363 5019222.38165 6148715.34943 3985294.97092 
4059664.43753 7771941.01232 12625073.59902 8271997.76306 2328471.78907 8705423.35659 542107.59438 2394016.24868 12685997.6021 1373375.03662 11613205.32796 11366662.96272 6785052.85583 14435121.54696 7961323.1038 11177283.92485 13463240.21626 13992182.63562 12753201.81346 2389490.57399 9818989.05479 5163204.5515 0 7821757.18714 3203359.01972 11121470.93989 8021947.04099 6322863.63457 10949487.4646 9783439.42528 13105395.70684 14127655.12833 11965482.99745 4165777.35922 8960522.20243 16925207.07817 6920509.51525 9491211.14346 2958061.63892 5120674.82419 8783513.07977 4703816.0508 12382358.58722 7840309.40497 7958828.73465 11563038.9376 13296920.60573 9978257.63831 1328831.15771 9109527.38109 
9781854.16766 8789697.51258 4859262.16202 2086088.93998 7907431.89454 6164031.62494 7647314.34253 5803730.97066 5379753.76344 8612847.47997 11158481.28944 14299915.72076 1225474.3316 12778027.12119 10355026.64627 4373432.64734 11066798.80997 11039627.40026 8550637.10062 5669701.77114 2043402.91122 10339435.69029 7821757.18714 0 10124457.06304 13977575.73716 533519.12202 5379828.92953 11877126.77886 2967784.7629 8393424.08858 9823800.7034 6076618.30729 9796527.06486 13497178.1308 14575469.81028 1512597.7706 6213933.15808 5587562.32197 5306311.09254 13473381.05018 3300073.88808 14230960.79327 198295.57012 12994646.75056 14107025.3672 11544693.52542 12925720.69226 6697017.0126 13744348.95369 
1611396.38026 6747885.291 14661616.27078 10001965.7599 5324486.1273 9005990.08429 2960572.85836 5475435.2195 14339510.83383 3903139.02487 10470029.73283 8883545.23166 8948709.76444 13475268.44312 6197630.34518 12685401.46046 12897455.28748 13601034.80591 13005998.53577 5405804.42107 11966182.62841 2618476.85051 3203359.01972 10124457.06304 0 8687475.85107 10436757.85222 6844861.28594 9315814.61072 11452179.9056 13530835.63081 14284161.35928 13001578.18957 1734689.16941 6092018.15171 16058863.8208 8918488.51834 9892398.0542 6081717.86546 5847732.83404 5875860.46421 6824442.76931 10222289.9224 10190809.74614 4995984.89921 9208808.3291 12485610.30788 7622182.09266 4461961.77079 6197200.16002 
7224444.26322 5216908.19353 16711229.298 12519329.9193 13447373.57069 8671813.35039 10629017.85516 12521623.27974 15383863.67269 12276531.46571 5261654.04932 325166.7751 12856948.98811 7642131.02778 3676808.20521 13760598.01028 8340292.55908 9307394.29908 10664894.06559 12326769.22888 14917455.44964 6108427.27948 11121470.93989 13977575.73716 8687475.85107 0 14488144.76506 8598704.44883 3260687.6437 13314228.14536 11486881.9917 11293116.51226 12745425.73616 7101158.93876 3179719.67905 9932840.77683 12468595.87893 9282683.24533 13105257.67108 8858503.89358 3464572.19267 11553761.22802 1909902.37405 14144713.67758 4254770.26711 613957.0184 7375173.07497 1162209.62912 11896511.80636 3286952.89544 
10157704.45567 9307532.56787 4803271.06089 2578449.6058 7955284.11783 6694678.55463 7879745.48391 5913151.70467 5519601.59982 8742911.07031 11691150.7403 14810003.36885 1669698.19678 13292612.64088 10857359.89365 4655912.41411 11571248.72692 11527363.24126 9005286.1723 5797847.73423 2052240.76789 10749356.72982 8021947.04099 533519.12202 10436757.85222 14488144.76506 0 5893727.1532 12407780.17593 3310378.17852 8819795.03016 10259898.48695 6442287.30271 10177115.50024 13960314.20241 15066363.33418 2019940.1352 6731772.20291 5644156.2903 5777662.31066 13930932.07062 3631755.41499 14757448.27646 346643.48568 13435939.27882 14623635.10664 12061669.22935 13430449.64622 6851280.96603 14205404.82956 
5784363.55752 3418249.70111 8663735.25828 4065094.15924 7936658.11828 2382839.37089 5841509.12739 5970112.07824 7860220.20845 7653813.18529 6354528.02884 8921456.7586 4285926.4303 8693004.75082 5000343.15966 6140913.8688 7403576.24059 7803516.09298 6439301.77743 5727048.51591 6454835.53841 5876530.00582 6322863.63457 5379828.92953 6844861.28594 8598704.44883 5893727.1532 0 6652695.9654 5190992.80499 6839119.09063 7806954.87629 6172802.27752 5739288.40401 8378428.39862 10995329.90205 3873977.0723 3185690.13149 6315788.89743 1204814.16463 8400874.68882 3485567.55193 8912629.55744 5549120.63766 8076129.21041 8730590.85446 7463608.8687 7558135.61923 6059364.3734 8639005.01376 
7705560.69769 3420773.00071 13964668.40147 10154859.86445 13162478.29622 5998794.38041 10411820.89205 11759025.91338 12480684.58364 12265291.81957 2015711.82938 3526062.03471 10882020.52392 4723713.65142 3119813.68552 10937991.75402 5128512.78257 6088914.85683 7438158.43978 11532982.93374 12483718.89395 6778504.57739 10949487.4646 11877126.77886 9315814.61072 3260687.6437 12407780.17593 6652695.9654 0 10704539.81083 8267060.99047 8032533.37376 9715904.35105 7581418.96415 5559806.93214 7230727.07406 10422270.60687 6441294.75573 12267812.96896 7304379.17538 5798348.11964 10027927.57463 2477841.73785 12061636.09209 6274596.60588 2965121.1272 4221076.15049 3038152.65513 11387128.42274 5774131.07362 
10713404.75324 8168100.71778 3481703.9515 1511491.12556 10374919.26732 4709103.76297 9480604.56864 8166327.63277 2914908.97317 10810224.72054 9553169.81258 13638405.68533 3287133.49564 10608434.9749 9958153.87956 1473974.68169 8781329.44415 8579544.83737 5888356.72059 7983152.24032 2015605.32246 10984489.24942 9783439.42528 2967784.7629 11452179.9056 13314228.14536 3310378.17852 5190992.80499 10704539.81083 0 5597705.87592 7057311.50398 3134027.22565 10693116.54382 13524179.55961 12110008.62145 2957038.39094 4349030.58451 8100976.74178 5762541.57455 13562999.36171 5106251.56383 13170987.91192 3125821.47451 13265532.8268 13315229.76272 9435692.8397 12396802.2946 8877626.39338 13788354.44625 
12245203.65965 7590764.78055 7394597.34634 6374933.7862 14448102.33818 4531216.84567 12647689.91596 12288677.09443 5450245.30492 14393857.02797 6402974.76387 11771717.86603 8227432.77579 5951558.96154 9278963.56255 4685773.04835 4103034.02414 3488930.09949 836050.65698 12058723.88106 7530502.62501 11980430.39627 13105395.70684 8393424.08858 13530835.63081 11486881.9917 8819795.03016 6839119.09063 8267060.99047 5597705.87592 0 1464021.15354 2660525.79699 12169808.64905 13001483.89219 6788253.23162 7722858.53306 3663332.56703 12450196.05915 8013265.54707 13152733.15994 9185250.35704 10565174.88861 8577041.21096 13232436.67085 11231974.8764 5086397.16958 10970883.70362 12646798.58902 13263010.6566 
12910583.35688 7980435.01197 8770765.58631 7783924.54598 15597503.83766 5428960.12608 13648407.03094 13475564.29493 6800388.20981 15447171.08656 6052561.50571 11556010.75363 9602895.72477 4953032.01941 9522173.09309 6138972.42305 3259525.10896 2430206.24094 1396420.40942 13240812.75245 8994523.33399 12530012.72878 14127655.12833 9823800.7034 14284161.35928 11293116.51226 10259898.48695 7806954.87629 8032533.37376 7057311.50398 1464021.15354 0 4106243.11195 12824986.73328 13131652.30593 5428644.62678 9088597.08511 4644361.27469 13675325.83819 9007100.65558 13308737.89088 10426687.14683 10159267.72485 10009816.48465 13486001.2486 10968631.7716 4318150.67999 10917299.54058 13763226.47721 13384721.71155 
11944102.95508 8092308.45395 4803367.68917 4239884.93158 12952970.13039 4421214.87237 11573435.93372 10735694.26361 2945810.76258 13147025.60929 8119603.93245 13054872.16638 6168590.89372 8356960.53156 9923347.22355 2035445.02529 6470826.70132 6025072.96051 3190364.05988 10524879.41809 4948225.47793 11926059.15903 11965482.99745 6076618.30729 13001578.18957 12745425.73616 6442287.30271 6172802.27752 9715904.35105 3134027.22565 2660525.79699 4106243.11195 0 11892732.99656 13689664.76952 9429863.96291 5724004.45869 3599219.73473 10784274.73868 7172771.49427 13791841.38257 7568048.1416 12159565.72859 6243955.47317 13696841.08127 12602422.60703 7332342.40183 12029661.74531 11277240.88745 13958232.93144 
126775.80037 5096731.27703 14047161.7249 9324695.58069 6475426.53452 7696601.68495 3741934.2511 6056911.00687 13508569.84575 5204872.05756 8758944.62649 7320075.8166 8577635.76676 11773980.5374 4462954.50874 11809796.60357 11263964.73633 12000215.10779 11592846.86755 5923740.44486 11478110.92576 1008821.58165 4165777.35922 9796527.06486 1734689.16941 7101158.93876 10177115.50024 5739288.40401 7581418.96415 10693116.54382 12169808.64905 12824986.73328 11892732.99656 0 4796935.05093 14361832.50274 8445369.20877 8594015.68447 6680748.32579 4934595.80219 4627215.14823 6564761.55952 8554091.32518 9893682.15697 3830810.79821 7594015.62161 10809748.38402 5998381.91542 5191203.05612 4952763.5173 
4901032.16538 5597414.72647 17005713.70959 12439837.20445 11258247.82432 9297757.44325 8537075.94949 10770994.83653 15988473.82027 9931497.63289 7475887.8718 3238552.4517 12290938.10594 10276072.94594 3773827.82444 14280083.04142 10568395.45036 11498114.69514 12237916.17107 10614774.1819 14813546.02861 3816590.7696 8960522.20243 13497178.1308 6092018.15171 3179719.67905 13960314.20241 8378428.39862 5559806.93214 13524179.55961 13001483.89219 13131652.30593 13689664.76952 4796935.05093 0 12734629.83857 12007419.92835 10090490.56625 11389192.98363 8192377.75115 285293.68459 10591734.71989 5065845.14957 13635884.10885 1160875.45107 3792256.17861 9741638.10629 2603087.96487 9964521.91733 268808.91209 
14476245.21951 9341231.28853 14179606.90914 12490664.1351 18834196.59336 8879744.05328 16391679.85283 16959426.44795 12220744.97315 18298543.0093 5621001.11231 10073228.7953 14071116.75635 2591421.69296 10061524.51534 11419530.93585 3620041.01003 3542749.18408 6274825.15443 16716338.81405 14116676.62861 13717140.51461 16925207.07817 14575469.81028 16058863.8208 9932840.77683 15066363.33418 10995329.90205 7230727.07406 12110008.62145 6788253.23162 5428644.62678 9429863.96291 14361832.50274 12734629.83857 0 13535995.76752 8492699.03818 17309445.00803 12120734.75647 12987331.60065 14292305.19511 8176257.8672 14771921.01937 13503420.88525 9395342.077 3630478.2857 10141287.14777 16949003.02134 12929126.04459 
8440279.61319 7289140.71457 5767995.79598 1508554.18707 7418185.71307 4866887.04621 6664879.2331 5209746.4178 5798457.4211 7883951.36213 9798874.07814 12790599.64825 535131.45673 11597877.46686 8842578.89606 4420951.20719 9962666.65464 10035278.87367 7744557.66989 5028802.60241 3051994.19322 8931057.75697 6920509.51525 1512597.7706 8918488.51834 12468595.87893 2019940.1352 3873977.0723 10422270.60687 2957038.39094 7722858.53306 9088597.08511 5724004.45869 8445369.20877 12007419.92835 13535995.76752 0 5058010.15039 5152960.93027 3815980.00445 11989852.90827 2217968.89783 12751939.49912 1676123.56711 11532254.18983 12604308.57654 10351511.2392 11413821.24146 5946123.52632 12256738.61013 
8661475.16159 4493100.28367 7523449.07558 4183310.45379 10971167.87339 897783.23694 9019407.228 8881421.83491 6101308.6562 10804427.49926 5204545.09762 9599869.98317 5592435.56481 6566392.80929 6325854.9437 4504238.85894 4905220.46679 5035350.06497 3262459.91115 8643209.85171 6266621.16189 8500097.58303 9491211.14346 6213933.15808 9892398.0542 9282683.24533 6731772.20291 3185690.13149 6441294.75573 4349030.58451 3663332.56703 4644361.27469 3599219.73473 8594015.68447 10090490.56625 8492699.03818 5058010.15039 0 9123537.9994 4375172.27298 10193174.44692 5934105.39796 8919129.03288 6412194.14847 10113412.33058 9199784.7447 5330791.69168 8496378.03703 9125591.88028 10359077.29229 
6599406.36532 8865190.06038 10433567.48172 6654861.23769 2319936.38969 8521178.20977 3121168.89459 624125.06254 10862661.74908 3215994.9128 12473644.73881 13384520.87338 4828518.60776 14993028.77213 9602378.94408 9570883.31722 13708743.58104 14052963.09999 12280280.04356 781690.05213 7628678.72134 7596380.23569 2958061.63892 5587562.32197 6081717.86546 13105257.67108 5644156.2903 6315788.89743 12267812.96896 8100976.74178 12450196.05915 13675325.83819 10784274.73868 6680748.32579 11389192.98363 17309445.00803 5152960.93027 9123537.9994 0 5234697.25319 11251541.33501 3267140.65612 14083523.04015 5548984.33608 10498980.36073 13462291.43861 13772395.72342 11943119.91476 1634369.9589 11572631.43006 
4959420.18238 3908635.49345 9155056.81965 4436057.00499 6754273.73665 3586966.69639 4644339.06011 4845298.65631 8578255.39809 6449081.10307 7271019.28211 9173193.80125 4108758.26564 9764364.19794 5183239.78916 6888479.88269 8550898.00778 8983589.19617 7634960.93156 4602636.91807 6709505.59709 5246531.11121 5120674.82419 5306311.09254 5847732.83404 8858503.89358 5777662.31066 1204814.16463 7304379.17538 5762541.57455 8013265.54707 9007100.65558 7172771.49427 4934595.80219 8192377.75115 12120734.75647 3815980.00445 4375172.27298 5234697.25319 0 8173955.1243 2743843.6203 9410238.29203 5448691.93468 7730924.51222 9068474.12156 8551819.93577 7754110.39758 4871722.35818 8441037.26211 
4727729.91119 5702347.20405 17044570.42224 12455888.16428 11072335.97383 9389129.29309 8369093.18272 10631557.6466 16056464.3847 9731965.89145 7697768.62275 3523618.8694 12262660.08816 10518960.92601 3896414.54294 14344250.99026 10781073.94858 11705961.89909 12395735.59623 10479765.74444 14821010.04191 3661700.0445 8783513.07977 13473381.05018 5875860.46421 3464572.19267 13930932.07062 8400874.68882 5798348.11964 13562999.36171 13152733.15994 13308737.89088 13791841.38257 4627215.14823 285293.68459 12987331.60065 11989852.90827 10193174.44692 11251541.33501 8173955.1243 0 10531750.26922 5348755.47769 13609085.57855 903929.33528 4076898.51925 9966382.61148 2866928.78261 9808732.90225 326039.88081 
6540039.20594 6649033.85688 7962032.07451 3599056.3475 5385262.86646 5417617.04223 4449903.48461 3168073.13937 7992564.95407 5705538.80479 9840084.07971 11863849.26889 2140739.59199 12096708.70198 7879166.17241 6534180.39116 10672629.59878 10934851.73925 9034342.57481 2957256.85994 5189873.77765 7189438.75235 4703816.0508 3300073.88808 6824442.76931 11553761.22802 3631755.41499 3485567.55193 10027927.57463 5106251.56383 9185250.35704 10426687.14683 7568048.1416 6564761.55952 10591734.71989 14292305.19511 2217968.89783 5934105.39796 3267140.65612 2743843.6203 10531750.26922 0 12153844.23211 3370825.47478 9964325.23503 11788266.58255 10852460.21221 10430010.9183 3778171.21787 10823332.00578 
8680486.79569 5523124.50129 16442466.50284 12574720.86662 14681211.69278 8462135.38061 11865331.11038 13531346.27756 14949425.56056 13614239.0529 4162522.06767 1959006.0863 13190098.77252 6039395.99313 4487893.72115 13415032.867 7022724.15296 7984205.4827 9729405.9337 13319764.91788 14924929.01263 7604888.10222 12382358.58722 14230960.79327 10222289.9224 1909902.37405 14757448.27646 8912629.55744 2477841.73785 13170987.91192 10565174.88861 10159267.72485 12159565.72859 8554091.32518 5065845.14957 8176257.8672 12751939.49912 8919129.03288 14083523.04015 9410238.29203 5348755.47769 12153844.23211 0 14410809.60746 6097848.15949 1303033.14322 5990809.20067 2659982.75054 13018514.7296 5187651.16385 
9876790.90135 8962090.09376 4885443.5191 2281776.06841 7867339.93807 6359750.88031 7678954.61294 5785247.18743 5475837.99774 8604065.96918 11352316.71948 14466722.7549 1347452.52705 12976322.66424 10516554.87853 4514975.35801 11264654.06375 11235591.94392 8740576.46612 5658297.63175 2083814.62259 10450690.19855 7840309.40497 198295.57012 10190809.74614 14144713.67758 346643.48568 5549120.63766 12061636.09209 3125821.47451 8577041.21096 10009816.48465 6243955.47317 9893682.15697 13635884.10885 14771921.01937 1676123.56711 6412194.14847 5548984.33608 5448691.93468 13609085.57855 3370825.47478 14410809.60746 0 13121822.75399 14278541.38295 11742961.54052 13088883.09624 6696635.47456 13881943.59259 
3923227.99229 5671191.23406 16739800.95948 12093354.31624 10230234.04437 9275955.97516 7561508.23355 9876297.87001 15844081.54419 8870339.5197 8083883.57855 4346966.56459 11774668.09512 10989976.46942 3967695.63025 14123542.19704 11112101.54003 12013160.92358 12502184.94896 9734094.34522 14427450.34487 2909494.55312 7958828.73465 12994646.75056 4995984.89921 4254770.26711 13435939.27882 8076129.21041 6274596.60588 13265532.8268 13232436.67085 13486001.2486 13696841.08127 3830810.79821 1160875.45107 13503420.88525 11532254.18983 10113412.33058 10498980.36073 7730924.51222 903929.33528 9964325.23503 6097848.15949 13121822.75399 0 4858705.68151 10353639.86135 3509924.02338 9021838.50579 1212072.89965 
7718607.66452 5317874.24959 16677937.0348 12582183.26153 13883788.94249 8635270.03115 11062152.59123 12887529.86698 15295030.67701 12743163.89437 4916760.4349 678022.1294 13009486.34123 7154581.45478 3923837.34562 13697448.60389 7947688.78441 8916036.03645 10403279.54885 12687116.73417 14970048.98505 6612070.32893 11563038.9376 14107025.3672 9208808.3291 613957.0184 14623635.10664 8730590.85446 2965121.1272 13315229.76272 11231974.8764 10968631.7716 12602422.60703 7594015.62161 3792256.17861 9395342.077 12604308.57654 9199784.7447 13462291.43861 9068474.12156 4076898.51925 11788266.58255 1303033.14322 14278541.38295 4858705.68151 0 6957391.27204 1596211.628 12296350.04484 3900908.92908 
10920723.58892 5743007.55468 12091499.3771 9502749.99898 15228698.76581 5521689.65865 12762662.3907 13397098.39676 10277939.64423 14670131.19901 2271586.37132 7596797.26502 10881589.18331 1251186.25242 6647912.59293 9092229.34854 1063322.58389 2000392.91388 4296928.95959 13154456.53272 11437604.48122 10222030.79363 13296920.60573 11544693.52542 12485610.30788 7375173.07497 12061669.22935 7463608.8687 4221076.15049 9435692.8397 5086397.16958 4318150.67999 7332342.40183 10809748.38402 9741638.10629 3630478.2857 10351511.2392 5330791.69168 13772395.72342 8551819.93577 9966382.61148 10852460.21221 5990809.20067 11742961.54052 10353639.86135 6957391.27204 0 7258737.4393 13346047.61474 9966943.48677 
6123128.1567 4237168.26643 15828202.29747 11534171.17118 12301900.8485 7824865.6441 9481554.86107 11359441.94674 14578207.78637 11149545.12121 5027039.53494 1448771.35622 11787554.59689 7711432.50375 2576972.7489 12924079.12451 8147226.84658 9099515.53618 10167496.45499 11164576.00183 13937948.13062 5019222.38165 9978257.63831 12925720.69226 7622182.09266 1162209.62912 13430449.64622 7558135.61923 3038152.65513 12396802.2946 10970883.70362 10917299.54058 12029661.74531 5998381.91542 2603087.96487 10141287.14777 11413821.24146 8496378.03703 11943119.91476 7754110.39758 2866928.78261 10430010.9183 2659982.75054 13088883.09624 3509924.02338 1596211.628 7258737.4393 0 10738168.90767 2788509.79139 
5099404.80413 8067213.44178 11543443.25271 7374681.79905 1886398.47792 8410444.25051 1510168.85852 1067023.85213 11744561.57016 1938674.14945 11832841.93762 12160339.51755 5741424.59313 14528635.51563 8537959.55218 10312051.67106 13407358.58685 13855311.41014 12371407.57898 1088261.10225 8724820.58157 6148715.34943 1328831.15771 6697017.0126 4461961.77079 11896511.80636 6851280.96603 6059364.3734 11387128.42274 8877626.39338 12646798.58902 13763226.47721 11277240.88745 5191203.05612 9964521.91733 16949003.02134 5946123.52632 9125591.88028 1634369.9589 4871722.35818 9808732.90225 3778171.21787 13018514.7296 6696635.47456 9021838.50579 12296350.04484 13346047.61474 10738168.90767 0 10133071.96535 
5053522.15482 5866026.32015 17269981.55714 12699181.00233 11398227.26455 9566565.65735 8694683.69674 10953014.73744 16256397.60261 10056591.32866 7704222.60564 3320928.19677 12536359.48036 10483522.65183 4041470.31074 14547659.46159 10802699.59707 11735491.06333 12497699.89273 10800209.16927 15070769.04674 3985294.97092 9109527.38109 13744348.95369 6197200.16002 3286952.89544 14205404.82956 8639005.01376 5774131.07362 13788354.44625 13263010.6566 13384721.71155 13958232.93144 4952763.5173 268808.91209 12929126.04459 12256738.61013 10359077.29229 11572631.43006 8441037.26211 326039.88081 10823332.00578 5187651.16385 13881943.59259 1212072.89965 3900908.92908 9966943.48677 2788509.79139 10133071.96535 0 
