25
28 23 40 38 20 22 12 26 14 32 2 21 17 6 7 19 46 27 49 8 47 44 11 24 45
0 13599352.713 9890874.83091 9905408.78606 13392484.8419 12879744.12675 10467184.77933 7082957.23682 17342389.78019 7795272.77702 13746597.29948 11452911.77847 13686846.29583 2440776.10913 3647926.47034 4389612.33227 5348656.70372 16661738.52691 7440744.73389 11827025.72696 2921089.32456 11932128.36887 10302927.98946 5478569.80423 5613203.72725 
13599352.713 0 16858301.19653 5257153.32608 16000134.26681 10827298.63741 8094198.26282 14760473.01505 14459845.57445 5808833.75624 5314522.14123 10967436.84969 2580907.91717 13520076.15002 13996036.61482 14774079.02567 8753128.59575 13813475.25462 16817537.66483 16080613.60137 10888871.26268 1905694.56385 3532876.66596 10399755.1685 8033983.69203 
9890874.83091 16858301.19653 0 11602086.64159 4966206.76223 8646186.4546 9232991.94797 2918074.96886 11035438.33314 12764565.34326 13582787.3552 7318896.4017 15349713.70668 12318233.94964 6245396.94677 5551139.01977 12755050.43647 10617447.43531 3021003.69554 3003540.76657 9348477.16632 14978804.67752 13535479.19604 7258379.81901 11875867.31102 
9905408.78606 5257153.32608 11602086.64159 0 11050614.44458 6497084.39472 3218895.10855 9587867.78029 10924424.13766 3692190.86643 3920677.15919 6159007.29475 4091812.85282 10664958.67388 9317381.45838 9981387.68157 6599000.67339 10200820.95584 11704899.83835 10923696.65392 6984854.45492 3395314.89297 2216772.5547 5505101.07125 5316689.12742 
13392484.8419 16000134.26681 4966206.76223 11050614.44458 0 5602906.53389 7926071.8067 6638384.32853 6315473.9615 13513452.74546 11538195.36325 5041009.60141 13919833.26019 15649122.4193 9935285.68021 9553371.69552 14630774.70294 6034211.63125 7818757.61883 1965619.44196 11876982.91435 14313158.99813 13254816.80693 8966669.40906 13444547.44816 
12879744.12675 10827298.63741 8646186.4546 6497084.39472 5602906.53389 0 3382932.95006 8351567.51178 4721954.82434 9808260.4973 5997924.58149 1551308.08532 8536111.83548 14602323.644 10377760.7884 10505254.13092 11945008.71411 3990360.40217 10414520.25186 6462758.18668 10412723.59477 9340960.90047 8653331.42888 7423939.74848 10594470.03725 
10467184.77933 8094198.26282 9232991.94797 3218895.10855 7926071.8067 3382932.95006 0 7829933.07899 8021380.81038 6427815.17876 4400382.3684 2951046.39189 6205268.17145 11858892.26024 8720371.80267 9127701.14212 8709832.14532 7286076.94092 10038109.95862 8029582.33832 7720839.14992 6387643.15855 5430576.77944 5092779.08818 7349502.91657 
7082957.23682 14760473.01505 2918074.96886 9587867.78029 6638384.32853 8351567.51178 7829933.07899 0 11825388.13119 10176698.91386 12210800.22029 6822299.32881 13568766.33507 9482993.21886 3451275.04908 2930882.2531 9893158.80547 11268892.54509 2208219.36009 4864867.53466 6440049.54156 12855618.82024 11302671.03131 4615515.55629 9084140.43227 
17342389.78019 14459845.57445 11035438.33314 10924424.13766 6315473.9615 4721954.82434 8021380.81038 11825388.13119 0 14422410.61799 9166531.36733 5936945.73003 11928760.90651 19201885.18633 14485930.88625 14424884.28631 16664336.07044 735573.78069 13547857.75209 8120826.08391 15030685.99239 13296385.93504 12943065.03312 11982057.79029 15311650.90804 
7795272.77702 5808833.75624 12764565.34326 3692190.86643 13513452.74546 9808260.4973 6427815.17876 10176698.91386 14422410.61799 0 7315132.86592 9104040.85447 6284542.895 7824056.94103 8603383.5937 9468066.28704 3203276.31354 13689335.87636 11961892.92025 12915326.97554 5169024.75947 4237649.2871 2765584.38834 5562020.09801 2241323.37102 
13746597.29948 5314522.14123 13582787.3552 3920677.15919 11538195.36325 5997924.58149 4400382.3684 12210800.22029 9166531.36733 7315132.86592 0 6618155.25244 2762381.64323 14585430.76828 12722226.91478 13255245.2774 10417936.58561 8538589.42957 14416741.51565 12069456.25189 10830378.05583 4449353.9465 4814131.1737 8896118.94173 9187119.32022 
11452911.77847 10967436.84969 7318896.4017 6159007.29475 5041009.60141 1551308.08532 2951046.39189 6822299.32881 5936945.73003 9104040.85447 6618155.25244 0 8890706.04908 13266044.26946 8846602.77332 8957248.12865 10929388.51098 5233521.41064 8913962.41632 5460185.00946 9094051.02243 9315826.15612 8374993.18826 6048542.08616 9605222.49295 
13686846.29583 2580907.91717 15349713.70668 4091812.85282 13919833.26019 8536111.83548 6205268.17145 13568766.33507 11928760.90651 6284542.895 2762381.64323 8890706.04908 0 14062533.07707 13398283.84762 14072646.68407 9481109.07325 11297782.8074 15724023.22191 14216497.84517 10807614.12223 2303721.80809 3520967.92404 9596492.70773 8460580.69092 
2440776.10913 13520076.15002 12318233.94964 10664958.67388 15649122.4193 14602323.644 11858892.26024 9482993.21886 19201885.18633 7824056.94103 14585430.76828 13266044.26946 14062533.07707 0 6073076.6362 6830373.44558 4776434.8527 18499121.92251 9874201.18617 14158333.46682 4191067.94078 12059217.53997 10552352.33598 7220876.19351 5604859.66503 
3647926.47034 13996036.61482 6245396.94677 9317381.45838 9935285.68021 10377760.7884 8720371.80267 3451275.04908 14485930.88625 8603383.5937 12722226.91478 8846602.77332 13398283.84762 6073076.6362 0 933687.65048 7362995.58529 13853955.05554 3985439.45927 8267271.92335 3776417.41894 12137336.02996 10470135.20895 3843861.39214 6924077.03516 
4389612.33227 14774079.02567 5551139.01977 9981387.68157 9553371.69552 10505254.13092 9127701.14212 2930882.2531 14424884.28631 9468066.28704 13255245.2774 8957248.12865 14072646.68407 6830373.44558 933687.65048 0 8296214.92081 13819085.47425 3097669.86559 7795214.009 4707649.39464 12900285.47501 11241992.70828 4476288.76107 7838934.19431 
5348656.70372 8753128.59575 12755050.43647 6599000.67339 14630774.70294 11945008.71411 8709832.14532 9893158.80547 16664336.07044 3203276.31354 10417936.58561 10929388.51098 9481109.07325 4776434.8527 7362995.58529 8296214.92081 0 15930508.96423 11224528.31732 13629699.63405 3595270.76932 7367110.18736 5966930.12059 5734366.88445 1360574.27761 
16661738.52691 13813475.25462 10617447.43531 10200820.95584 6034211.63125 3990360.40217 7286076.94092 11268892.54509 735573.78069 13689335.87636 8538589.42957 5233521.41064 11297782.8074 18499121.92251 13853955.05554 13819085.47425 15930508.96423 0 13046832.03658 7758174.47219 14323125.83957 12615209.79806 12232013.63281 11281943.14267 14577386.75969 
7440744.73389 16817537.66483 3021003.69554 11704899.83835 7818757.61883 10414520.25186 10038109.95862 2208219.36009 13547857.75209 11961892.92025 14416741.51565 8913962.41632 15724023.22191 9874201.18617 3985439.45927 3097669.86559 11224528.31732 13046832.03658 0 5871114.922 7638375.03995 14912424.09179 13321986.62923 6486405.42286 10606996.49852 
11827025.72696 16080613.60137 3003540.76657 10923696.65392 1965619.44196 6462758.18668 8029582.33832 4864867.53466 8120826.08391 12915326.97554 12069456.25189 5460185.00946 14216497.84517 14158333.46682 8267271.92335 7795214.009 13629699.63405 7758174.47219 5871114.922 0 10604866.74616 14293060.18173 13060353.99779 7895364.28735 12537418.67981 
2921089.32456 10888871.26268 9348477.16632 6984854.45492 11876982.91435 10412723.59477 7720839.14992 6440049.54156 15030685.99239 5169024.75947 10830378.05583 9094051.02243 10807614.12223 4191067.94078 3776417.41894 4707649.39464 3595270.76932 14323125.83957 7638375.03995 10604866.74616 0 9147368.71746 7490613.59792 3078924.3234 3220428.09829 
11932128.36887 1905694.56385 14978804.67752 3395314.89297 14313158.99813 9340960.90047 6387643.15855 12855618.82024 13296385.93504 4237649.2871 4449353.9465 9315826.15612 2303721.80809 12059217.53997 12137336.02996 12900285.47501 7367110.18736 12615209.79806 14912424.09179 14293060.18173 9147368.71746 0 1674591.79151 8504447.78401 6474703.19515 
10302927.98946 3532876.66596 13535479.19604 2216772.5547 13254816.80693 8653331.42888 5430576.77944 11302671.03131 12943065.03312 2765584.38834 4814131.1737 8374993.18826 3520967.92404 10552352.33598 10470135.20895 11241992.70828 5966930.12059 12232013.63281 13321986.62923 13060353.99779 7490613.59792 1674591.79151 0 6875933.63958 4947526.33147 
5478569.80423 10399755.1685 7258379.81901 5505101.07125 8966669.40906 7423939.74848 5092779.08818 4615515.55629 11982057.79029 5562020.09801 8896118.94173 6048542.08616 9596492.70773 7220876.19351 3843861.39214 4476288.76107 5734366.88445 11281943.14267 6486405.42286 7895364.28735 3078924.3234 8504447.78401 6875933.63958 0 4685373.75834 
5613203.72725 8033983.69203 11875867.31102 5316689.12742 13444547.44816 10594470.03725 7349502.91657 9084140.43227 15311650.90804 2241323.37102 9187119.32022 9605222.49295 8460580.69092 5604859.66503 6924077.03516 7838934.19431 1360574.27761 14577386.75969 10606996.49852 12537418.67981 3220428.09829 6474703.19515 4947526.33147 4685373.75834 0 
