101
83 52 71 20 147 11 160 170 149 84 171 157 58 40 143 27 102 42 131 138 72 114 117 121 78 59 81 120 80 64 73 152 126 166 85 127 23 136 56 41 96 13 99 34 130 118 129 184 17 70 174 33 182 183 53 109 168 172 124 107 14 151 123 28 29 75 146 163 36 21 144 188 6 9 44 97 24 190 104 154 194 181 158 68 66 169 69 0 8 105 94 54 95 60 187 119 49 165 162 35 112
0 896865.74715 1287037.67773 7518451.42326 5818197.77684 5618572.14836 7336753.43812 8655501.25793 7543426.451 2084550.38738 6276573.60728 7550997.69509 5884142.22707 3317102.66982 4175496.53878 3527677.15939 5625871.77701 7141652.83197 7533192.99444 10007901.14065 5240103.35978 8175428.7447 6095294.41029 4538306.21323 5670480.91196 6721052.80147 1361745.08003 5814467.65542 6351074.82161 7080264.30124 3083644.98512 2745182.49523 2679455.76215 6894408.48622 3325818.24511 2493472.30849 2770319.03207 6857224.44771 7031261.35435 10276871.6091 5866986.72351 3822325.09735 10047252.95888 4539724.34578 4544177.53533 5290097.12804 2692935.51716 5832552.42335 8716367.83661 4347105.63503 2850812.98387 2369456.94706 7031841.6465 3975063.42402 3360886.00977 2995155.90229 1857994.27328 3065728.20441 5570051.58343 2812022.43889 5147818.953 6545515.57827 3697456.08777 5060222.25813 3193513.82607 8182957.35859 2168164.66341 8331344.40297 2028029.45663 7429936.37133 9150315.97585 7894476.37412 9493917.40195 8326741.20084 6684645.76462 2938825.00262 6928951.64796 1470144.15689 8490572.39879 8021499.08601 4653929.53351 5670919.394 4512575.74577 8573039.79606 6375920.94853 6628486.27907 4146075.79558 7849645.44007 3055339.45209 8529178.18865 3292382.74243 7170819.95937 4201279.66511 4198798.98671 8945491.24916 8685992.17684 2975128.88216 9266010.5068 5210097.16504 5130524.75219 4290829.91991 
896865.74715 0 970240.61842 7236534.43431 5556645.52464 5138587.7694 6446744.1786 7845582.17246 8319369.95741 1878779.0397 5454655.17774 6839265.73551 5829990.45142 3967497.37993 5006351.11916 3060387.69174 6021569.34355 6261891.09282 6636486.04023 9903105.29368 4436483.99869 7831142.3736 6235926.20239 5394484.12706 4776874.51506 6655920.77149 483535.43043 6613556.64337 6583686.3181 7551880.33523 3455992.75163 1870524.28613 2339859.51845 7096155.39075 3823965.00943 2208306.34375 2062716.91135 7708957.43905 6154219.25369 9389402.10556 6593600.01046 4619014.38304 9150469.80094 3658764.09793 4248639.58841 5939348.25872 3456939.67271 4938386.46687 7960626.74799 3613154.47899 1970833.19105 2441068.15674 6537419.19396 3118670.26274 2820405.78945 3215102.12467 2736420.81623 3915917.4285 4851930.61472 1942284.59552 5305292.71208 6887688.14465 4155296.87092 5204376.99661 2910851.96445 7767570.62936 1709792.15558 7439316.05408 2505171.98657 6817421.56783 8926786.52605 7211186.03728 8601773.25174 7491555.16265 6125294.11098 3818833.1923 6032133.15646 1816031.829 8540062.91725 7131238.42448 3766472.2722 4775666.89456 3924236.60803 7683275.05502 7132330.61612 7496228.31707 3963772.09371 7880183.46012 3473112.84002 7848324.35679 4115330.09492 6350172.07651 4450658.73001 5054696.2995 8048692.8747 8571157.81515 2113874.51452 9032281.36059 5535967.17763 5457970.90869 4766996.09702 
1287037.67773 970240.61842 0 8187932.54609 6515214.08187 6030143.14468 6691993.42965 7505597.42477 7856848.71491 2848282.58981 5976678.42826 6306570.22094 4860464.93 4604133.36877 5373176.32097 3978877.95592 6855531.78358 6184146.85126 6736980.34689 8941061.54559 5015545.1885 6944806.21674 7173334.08637 5164394.71944 5009229.53401 5687519.29574 1239969.48692 6215409.27955 5656801.66079 6745952.55656 4291362.01657 1910330.92877 3300790.2244 8017310.72058 3099410.08961 3176139.65336 2858096.79311 7431268.11101 6061985.61007 9342257.69448 7136467.40697 5059051.57785 9237477.68075 4020522.21073 3330129.57323 6576527.96079 3081990.67975 5001243.85417 7501931.48008 4322095.43142 2429595.75011 1507168.10651 5749877.61688 3603484.45442 3710245.1256 4114658.84792 2698143.04581 3710207.67103 4338898.54788 1947916.93087 4360843.92049 7751568.35751 4946088.28831 6138348.67731 3875317.24984 6922670.35246 2657248.54419 7445693.65188 1845755.33048 6147684.67704 7991624.43877 6633746.96737 8807819.48052 7223318.77316 5397667.71131 3727979.52434 6148150.51733 1142500.39145 9499299.56138 7367182.01873 3784930.41771 4982700.87628 4765188.34161 7665301.38236 6647007.33352 7277195.95765 4933270.71699 8841684.15274 4283975.18953 7266197.88762 4508539.27611 6046776.62571 5347410.28496 5354772.23594 8168563.59589 7609858.27245 2062575.06809 8100557.50468 4656424.76582 6325430.18155 5548212.37992 
7518451.42326 7236534.43431 8187932.54609 0 1700776.98228 2525669.18516 7625819.02931 11713134.76569 14298553.35327 5441188.40398 5564666.57865 11855377.93852 12969588.76638 6698577.32429 8424146.34281 4248149.81474 5202374.2848 9318431.09783 8570146.35249 16907411.65388 5253952.78571 14388819.58213 3411460.73315 11021577.31619 7155017.62873 13769000.13789 6972195.8586 12563496.4906 13812409.04908 14570810.97778 5465412.80789 7491568.07064 4900221.71335 3897141.65679 10831919.39127 5053209.59741 5546957.0709 13083717.19348 9328887.89411 11208557.78253 8091677.13165 7903136.07488 10182726.57445 6456501.24999 11153805.53778 7109371.13897 9903127.45403 8010190.66388 12402197.08034 4810073.91083 6533268.92652 9677587.79304 12718432.30763 6040703.13923 4573137.1028 5058102.96497 8735283.19521 9857515.89711 10269372.15325 7560426.1745 12541825.54352 4945985.31109 5649377.86435 3696618.16806 4342866.68215 14114819.50479 5530964.68002 9563673.05266 9546453.97146 12447060.30408 15733275.94031 12361127.85273 9023144.20647 11083707.76181 12101537.69387 9490370.93459 8192444.88953 8950099.14792 3166673.1818 7997157.26854 7816719.6959 7279015.03225 3850901.57027 9856986.07465 13298561.46665 12677135.93237 3391813.17361 2725065.51896 5638704.09586 12914923.82277 7953639.50635 10453406.64615 4535359.55099 8767958.60802 9251264.92876 15583954.8225 7690382.29598 15813108.16622 12717654.53945 4733228.66036 5689494.17071 
5818197.77684 5556645.52464 6515214.08187 1700776.98228 0 1513342.76255 6911090.15927 10670643.76237 12682828.3238 3743386.09249 4828920.66298 10597696.73575 11327898.56711 5205818.39519 6975562.59866 2638473.03297 4233384.17161 8328174.65223 7765489.52269 15308549.52273 4236901.38176 12879574.98133 2704663.85965 9408127.45485 6113487.01943 12135887.94602 5313588.95026 10937288.20528 12122359.01378 12871437.57283 3902682.67056 5953441.91928 3216809.29925 3513954.63056 9131241.46657 3361147.67722 3972017.95701 11525079.49204 8315578.56264 10580844.09445 6938564.9216 6439407.10208 9688832.69622 5226471.92288 9554776.0365 5932525.35966 8217923.58409 6918600.39261 11267527.79722 3532722.31889 5015824.16343 7995924.41641 11265433.26049 4706983.50815 2989927.33015 3439854.48556 7058704.13542 8201298.35805 8895968.66942 6027866.78007 10859669.8464 4291053.89032 4206994.19687 2512002.27025 2651232.91143 12645225.3911 3860008.58335 8785183.1426 7846115.62106 11090198.96813 14178258.0129 11090793.81783 8609524.45262 10073342.21974 10676335.26361 7847236.40712 7306412.09623 7253429.99288 3733467.07587 7394330.9722 6528733.71552 6226160.64143 2514935.06507 9084729.35637 11657363.77677 11136289.55801 1696685.41729 3096504.19696 4083108.98505 11672152.77844 6424164.30696 9318281.35524 3138929.40233 7298963.72891 8663168.60764 13980224.05484 6172148.66003 14264115.44296 11019983.74639 3627889.84848 4368350.98784 
5618572.14836 5138587.7694 6030143.14468 2525669.18516 1513342.76255 0 5405597.65807 9271960.21199 12926948.11858 3590504.75907 3319428.77042 9336841.20323 10660214.25969 5884355.1007 7664159.5009 2094335.25871 5490589.92755 6900318.04687 6277339.90611 14506705.07466 2797908.04372 11907746.99191 4144273.60054 9698697.69001 4700350.76747 11436599.85016 4790189.78919 11167568.55697 11683577.98746 12671133.11831 4521470.35899 5067377.63364 2957333.35425 4999342.08403 8919876.72364 3164726.81103 3218926.74212 11926726.74751 6897756.88834 9071802.5653 7975352.89017 7119580.53179 8175960.55937 3934895.31309 8774161.31492 6974983.35512 8227634.01833 5535772.0948 9920000.75369 2286354.27838 4102396.21088 7537043.40524 10212279.07015 3519558.04805 2321502.18819 3955856.42973 7150069.59027 8365605.74867 7746642.2911 5129627.5744 10373619.51067 5690675.39234 5021924.65672 3739553.73136 2537130.28167 11613442.68362 3465402.83051 7294176.3834 7599782.96222 9921869.00878 13284964.97013 9840838.23213 7102602.73589 8658580.15689 9587241.87219 8070505.17765 5837584.14371 6940376.9319 5188074.1005 5881456.37939 5291479.83216 4819337.21557 1366343.5629 7593129.98039 11829162.11228 11581011.33437 2135058.73832 4573940.2969 4704152.56342 10400104.70292 6985883.97945 7967844.39063 4100408.96745 7945740.05805 7150536.65484 13193433.24698 5244531.13248 13359198.08513 10671970.16209 4826690.3984 5330323.74867 
7336753.43812 6446744.1786 6691993.42965 7625819.02931 6911090.15927 5405597.65807 0 4429751.18335 14524121.56104 6466955.80913 2089827.04448 5339030.22164 9308915.2628 9621227.47471 11126282.22908 5476646.29926 10370470.55605 2164716.93378 1011787.06121 12135161.09323 2816657.00756 9048547.27894 9392888.93863 11810577.62445 1683909.27195 9832766.82984 5975025.23667 12906286.31545 11074890.11642 12807725.12716 8460783.75617 4782667.15674 6061500.67221 10305982.49737 9607270.38256 6237051.21581 4970102.13113 14106305.62033 2258310.07048 3673841.79284 12210599.52761 10643099.11644 2927422.09677 2813792.98314 7337292.43156 11312106.60764 9768654.21416 1939116.74366 5335542.7688 3854648.24177 4490706.09233 7726838.84388 7198122.80639 3457827.80865 5224840.78695 7893377.96648 9181999.75857 10334051.1375 4773221.73231 4750556.07817 9791293.92752 10815222.68763 9191482.06618 8738148.86693 6213418.89602 8508557.8219 5898908.2798 1944410.88074 8495514.25937 6356296.2908 10631437.8221 5834106.10052 2162532.76502 3763469.6739 6498696.02236 10263845.12613 982961.36802 7820798.52934 10574395.20519 684839.33674 3042664.5128 1711509.36966 4684941.35366 2233696.08907 13308480.12186 13922796.01438 6765397.7366 9974513.79752 8598379.48866 6202282.41437 10255980.40047 3629266.0902 8686701.19421 11266800.35332 1817028.19597 11006490.90245 4660052.89682 10647788.28504 10552674.8456 9666969.3352 9709071.14933 
8655501.25793 7845582.17246 7505597.42477 11713134.76569 10670643.76237 9271960.21199 4429751.18335 0 14319251.60815 8848281.09659 6234559.5548 1928949.38552 7457557.5674 11754953.32621 12830980.39361 8536771.05211 13302381.11823 2404438.9914 3425257.51604 8928089.7563 6476096.8184 5823701.95969 12776560.44991 12365541.21279 4571629.3509 7630720.59998 7521474.55483 13007442.78865 9516885.93568 11609656.06883 10938098.80916 6022353.44474 8727783.85197 13724588.63975 9454681.03897 8816248.86635 7464114.32294 14422564.90972 2384793.12837 3113181.70608 14414501.75769 12462555.42448 4028447.60227 5498794.27626 6030965.94298 13687859.92779 10256268.70481 3752625.47399 1035813.33924 7166517.38953 6467487.10737 7733762.95743 4268263.93012 6125719.67868 8183796.78188 10484064.12121 10179119.68351 11032211.96682 3306126.57101 5940460.51949 8517686.76363 13964284.65765 11700759.4234 11924098.93027 9116587.55091 5147289.45084 8267621.37334 2750113.3095 8813766.49593 3069727.35083 7355289.00729 2164969.12249 4725874.63136 666319.78657 3750182.20481 11147759.57862 3605287.24974 8347698.27781 14402616.45167 4455319.475 4404107.33284 4453102.96317 8178273.63171 2592857.68396 13147328.73983 14391377.89524 9996378.24988 13755701.84264 11019900.21922 2169018.40409 11946086.09257 1505822.41166 11564467.00579 12843526.38134 3789722.8388 8083597.84147 5756449.70396 7320291.13576 9514056.02482 12627304.65997 12298750.53244 
7543426.451 8319369.95741 7856848.71491 14298553.35327 12682828.3238 12926948.11858 14524121.56104 14319251.60815 0 9367715.18503 13769197.69729 12578230.92449 7451091.16883 7716478.15679 6260959.30917 10919562.6449 10135647.0119 13698977.34291 14464101.13084 9964388.44539 12755810.73008 10502440.79222 11646487.82383 3277071.04079 12848814.33335 7822889.61647 8797604.88906 1759379.60315 5655807.98655 3756033.3114 8840431.4047 9751173.46654 10008753.08143 12001068.14705 4982318.82208 9789683.11801 10313745.41049 1694954.77547 13559818.50638 16787387.12753 7826944.29978 6669402.26107 16902199.23821 11873555.9497 8312250.11416 8316816.53707 4863451.68124 12737418.83403 13897887.08329 11890507.81552 10235125.65973 6862825.8299 10734078.77954 11410492.42248 10826951.4407 9247481.606 5799735.34015 4566479.13256 11068002.53982 9777893.81905 6055574.05671 11037573.17901 8789474.38499 10851591.50022 10389831.05327 10997674.78109 9640814.9987 15039368.97307 6029869.50317 11790667.49484 10288140.95703 12649224.34879 16600965.36182 14269186.7159 10904762.70389 4861404.43739 13901851.14577 6716064.21341 14005367.87234 15190264.58589 11530386.44256 12812972.11717 11985755.29784 15214907.10167 1217078.30217 2189696.81397 11034341.64598 13533777.27708 8672326.5843 13148112.64957 6442762.95494 13107714.68657 9884395.46182 5880102.5938 15889897.61192 9186977.68704 9864068.88248 10441775.41297 5014060.5143 10158129.11912 8975224.10272 
2084550.38738 1878779.0397 2848282.58981 5441188.40398 3743386.09249 3590504.75907 6466955.80913 8848281.09659 9367715.18503 0 4942400.4981 8164461.24147 7708650.44611 3155541.14743 4710345.44021 1553601.7995 4499683.08472 6895532.58794 6927484.35504 11777377.50396 3889309.4814 9620233.7756 4428756.95138 6182983.14712 4962197.27219 8534641.53939 1772902.83163 7610353.95785 8385378.57982 9162586.29199 2103388.48581 2981189.35998 641085.95918 5324633.30465 5409696.41953 425849.00191 1511370.65824 8461992.67301 6818881.51276 9843977.40383 5778084.02071 4204179.31147 9361403.52049 3741807.50362 6089659.03949 4934909.92749 4637401.12378 5423993.35428 9146933.38357 2830060.6833 2381404.76638 4283416.00056 8212790.37806 3048382.69429 1515713.2658 1639817.14929 3572010.01512 4801339.52217 6221826.36877 3069247.26686 7138315.39357 5265996.21728 2867675.9174 3416129.01912 1109225.70456 9504836.97526 594861.03063 7864437.53753 4110387.03189 8334624.32405 10772432.06326 8591581.87887 8598495.43499 8389299.55256 7731199.19485 4537456.93134 6331720.0682 3510178.59405 6676105.32348 7131173.77037 4465678.57701 5010501.13839 2646638.99016 8142329.65572 8251207.88534 8155250.03088 2099925.55806 6012362.05746 2205963.29044 9222394.12753 3875764.13648 7349034.84005 2798014.79484 4895954.88903 8235303.38675 10445011.00976 3255630.61824 10873740.50507 7276713.37309 3859457.83804 3455349.17882 
6276573.60728 5454655.17774 5976678.42826 5564666.57865 4828920.66298 3319428.77042 2089827.04448 6234559.5548 13769197.69729 4942400.4981 0 6718303.31772 9589695.78038 8018168.33759 9648415.23328 3686130.20104 8447459.26424 3832368.44693 3005991.21814 12923449.16631 1059535.26243 9988132.51209 7359172.68804 10811374.59123 1904838.37647 10239258.14469 4973680.31421 12068188.44946 11100138.78027 12577245.24852 6760194.15195 4223271.42759 4425515.64959 8257962.21777 9064566.01227 4630476.51687 3579127.46485 13130677.40213 3867164.14825 5752429.95182 10504077.65006 9134031.45551 4892190.86443 2074813.32934 7568083.35571 9561714.39661 8910257.76058 2756574.65108 7020841.20315 2119382.89299 3550464.68011 7283512.95092 8154293.05046 2373369.85332 3514344.8841 6170051.30495 8121515.53146 9342090.10758 5581783.39869 4230352.60672 9765114.58341 8824203.59532 7449116.80679 6765028.80874 4444588.57912 9546862.30773 4443039.38569 4006819.58855 7818996.55624 7551004.76918 11514536.25442 7233999.17647 3890947.41136 5584714.58629 7463689.42078 9189667.20491 2648263.83621 7109231.87013 8484779.85793 2574895.40312 3183884.58707 2034893.94103 2735687.29394 4302894.83951 12574739.7898 12885558.19461 4826079.15524 7885076.36062 6915597.99183 7708686.98405 8817942.98855 5126219.15811 6818161.88066 9838248.05938 3839585.80589 11694156.77195 4222977.08762 11556639.69241 10363722.77672 7747285.61213 7919205.11715 
7550997.69509 6839265.73551 6306570.22094 11855377.93852 10597696.73575 9336841.20323 5339030.22164 1928949.38552 12578230.92449 8164461.24147 6718303.31772 0 5551588.62029 10806482.15008 11676770.59857 8194020.8373 12662081.69057 3189123.2748 4453611.49012 7141933.60507 6652008.97728 4001374.10421 12394697.93479 10844972.60082 4839246.80944 5702547.3841 6606894.46882 11353500.15589 7618207.81101 9732872.20322 10172200.44637 5189788.68865 8181801.79917 13336076.6354 7825454.43561 8223498.77726 6959647.32011 12798698.67218 3083636.95738 4987247.87231 13413387.18977 11363368.32978 5752359.44623 5402438.41498 4267942.76852 12778271.93634 8779776.84079 3968053.75594 1321443.98786 7080779.37993 5872419.1299 6236101.72047 2348322.62519 5891839.81764 7821488.39421 9791618.36619 8870554.63174 9592593.78832 1987398.96862 5101882.29914 6670659.21731 13417730.48593 10916253.78954 11461209.88818 8653554.1452 3359756.72222 7626237.12259 4144003.70366 7349751.81514 1179927.48408 5574539.97702 516010.55961 6234515.07031 2228322.16329 1825553.19852 9763044.77244 4371548.22135 6979632.221 14267820.58246 5587240.65263 4068994.59299 4707704.12489 8089562.7469 4094527.35885 11430803.21998 12807120.53696 9644478.61797 13601093.0211 10225467.66002 1079008.61479 10815109.47908 1715616.65859 10958039.21227 11641785.99135 5270414.00751 6216899.36282 4913628.76262 5557646.04092 7687094.76504 12022553.56545 11528035.70151 
5884142.22707 5829990.45142 4860464.93 12969588.76638 11327898.56711 10660214.25969 9308915.2628 7457557.5674 7451091.16883 7708650.44611 9589695.78038 5551588.62029 0 8840814.76587 8844124.59094 8721739.83499 11420379.21126 7694748.4475 8816943.84793 4128222.39715 8907551.10018 3129096.12764 11975452.312 6703285.75102 7929509.78178 837083.41695 6017996.0333 6617065.57678 2070392.29517 4218123.27094 8941086.48688 5656178.09702 8136533.4574 12777377.14472 3710284.88927 8026851.27021 7451816.06821 8091650.80505 7547640.42156 10362221.74728 10903696.53339 8774892.41286 10859900.49695 7547215.395 2022183.22584 10650092.38729 5175110.32783 7379580.68392 6807109.74127 8606653.85185 6600756.62089 3516275.79221 3391410.22378 7513665.79567 8406044.73192 8878280.51765 5972131.97353 5979970.11741 4687923.95998 5609816.13204 1452675.14017 12372503.87035 9481258.71278 10939090.91603 8715672.46188 3558680.06183 7477858.7655 9011893.96568 4244793.62992 4556077.23816 3477633.16011 5482751.968 10972548.95817 7607448.01855 3735452.80615 6350149.17793 8411016.59346 4480919.1077 14343426.30376 9842027.13514 6467545.04166 7831766.30844 9313274.7127 9087484.47544 6440427.7186 8248150.65282 9786457.95047 13690897.7497 8890086.15133 5884712.93839 8199739.18111 6608736.43739 10083069.34238 8640454.05865 10075143.00249 2818700.22467 5539742.47261 3617001.19521 2454429.93809 10980988.7942 10034747.32708 
3317102.66982 3967497.37993 4604133.36877 6698577.32429 5205818.39519 5884355.1007 9621227.47471 11754953.32621 7716478.15679 3155541.14743 8018168.33759 10806482.15008 8840814.76587 0 1785483.7869 4367700.25854 2722854.46308 9963671.05506 10072167.2562 12938149.35008 6985375.99488 11402182.6603 3956248.37059 4483752.01833 8108303.31513 9664536.31026 4239368.46118 6041781.14974 8772993.74629 8783187.6661 1362998.28354 5733175.84881 3597378.58265 4443352.34783 5477494.5172 3402160.83014 4663054.84896 6402377.5904 9875713.43934 12973734.6033 2668600.44848 1242028.94356 12516388.10459 6887373.91801 7779918.9316 1977089.3616 4082234.05755 8521059.01833 11919689.80809 5902441.71194 5403166.35661 5428358.35089 10340960.8881 6198650.46484 4504130.35733 1942638.46549 2969250.0325 3652673.86884 8819085.11232 5815857.96217 7807854.52119 3706710.67252 1074465.47305 3136796.00572 3622893.32742 11456830.78354 3734457.33221 10992858.20258 4599840.76011 10740663.92171 12251356.12138 11173126.90858 11745985.68761 11354806.98959 10001723.21483 3206719.34678 9472680.12936 4428499.76555 6382455.93928 10282886.84999 7477356.18788 8151288.05592 5450807.40036 11265293.90201 6831030.3866 5983824.40436 3759432.66718 5860864.23136 1181015.40322 11809884.57201 1276155.47314 10250208.66907 2184598.48737 2094255.21836 11390259.14378 11653366.93539 6001354.23475 12377440.42634 7508871.28324 2523695.17537 1351118.59765 
4175496.53878 5006351.11916 5373176.32097 8424146.34281 6975562.59866 7664159.5009 11126282.22908 12830980.39361 6260959.30917 4710345.44021 9648415.23328 11676770.59857 8844124.59094 1785483.7869 0 6063554.66403 3875148.16096 11240313.19963 11487124.86131 12800110.76249 8598472.68365 11681201.65157 5453995.72749 3230381.28206 9543556.41439 9623784.6798 5386359.77612 4712661.78234 8358212.67158 7941993.72558 3144431.33077 6872536.64268 5233882.14474 5744708.95009 5191071.14278 5022316.54272 6165133.56073 4803502.65131 11138862.20851 14331049.70651 2080016.90159 544643.15397 13974073.35788 8334629.5536 8168726.31543 2149037.24116 3694552.52876 9856624.31026 12873007.9342 7530459.22769 6737875.37479 5753698.31167 10871446.5029 7669628.36432 6157767.68965 3711349.90194 2956777.7704 2976330.87622 9711995.92225 6946667.34351 7615989.37367 4782989.0846 2779463.59301 4776254.66956 5339137.44499 11840475.88254 5244934.93873 12359012.90344 4717786.58494 11442893.14609 12320648.9902 11989934.91901 13277020.33414 12495071.0784 10635418.27957 2545678.89091 10880933.36342 4817132.70869 7755423.56715 11801029.72833 8734247.71589 9571116.10822 7167534.1526 12617844.0206 5532976.42512 4349722.73277 5543585.67486 7309162.14786 2961014.34779 12617807.46062 892766.34014 11344660.04281 3888948.8098 380879.49959 12851535.55821 11580395.53826 7120082.20963 12458139.44031 7092335.5186 3944993.73864 2796636.63174 
3527677.15939 3060387.69174 3978877.95592 4248149.81474 2638473.03297 2094335.25871 5476646.29926 8536771.05211 10919562.6449 1553601.7995 3686130.20104 8194020.8373 8721739.83499 4367700.25854 6063554.66403 0 4924370.30268 6347057.79701 6109457.99266 12674759.8529 2697602.26109 10253971.18732 4243633.56322 7735019.11236 4201740.60982 9521089.31279 2744917.1523 9162853.48227 9633970.04495 10577835.78433 3078012.31754 3329258.55063 914745.8331 5191898.81799 6825723.453 1138201.45572 1340008.85425 10007690.94548 6300103.71626 9049411.15737 6817978.15576 5532449.99138 8403667.7176 3069785.64316 6919801.63812 5880077.57999 6162120.18597 4857369.72724 9001931.81964 1623874.69243 2416747.37155 5483721.93711 8673062.97745 2412404.66726 374832.07467 2485302.16612 5121354.7376 6353659.69786 6386734.91201 3406542.24434 8338729.81709 5470953.67701 3763862.74871 3401293.94445 758535.2505 10039224.48776 1371467.12854 7106937.25377 5506079.31916 8577575.06806 11540437.23644 8667130.83827 7517514.22637 7998884.37911 8106546.85274 6090429.34913 5552267.6513 4851029.48416 6109646.69462 6097857.82958 4182671.83129 4283831.23859 1117719.69241 7400446.57093 9797409.63433 9692649.49701 1463725.17694 5437084.58707 3237682.19238 9272831.52895 5283393.13523 7092380.06448 3215166.71045 6291595.24132 7291147.36321 11347893.50721 3559279.85404 11627007.75863 8595903.70956 4223159.02282 4248428.70274 
5625871.77701 6021569.34355 6855531.78358 5202374.2848 4233384.17161 5490589.92755 10370470.55605 13302381.11823 10135647.0119 4499683.08472 8447459.26424 12662081.69057 11420379.21126 2722854.46308 3875148.16096 4924370.30268 0 11224398.36108 11033436.81427 15542880.5325 7557170.35683 13795570.24658 1819974.98 7027571.60593 9119512.92345 12253536.31406 6126532.95934 8555789.13958 11476499.02543 11493173.2097 2568087.71216 7473544.0503 4576666.8805 1877176.39473 8180864.90555 4487659.71765 5840389.59301 8658138.52822 11165656.71395 13972159.99222 2932585.79722 3488880.8036 13287985.47574 7954908.91129 10167602.95674 2014130.09278 6804263.31107 9730576.04174 13640324.94017 6525328.47388 6851734.09685 7930989.87375 12558976.91538 7268427.12601 5226620.05982 2872349.77178 5674248.40272 6356204.20809 10709336.52686 7561573.33157 10468257.72435 983992.16217 1940686.81558 1752247.69349 4239358.60115 13774180.28004 5055654.58185 12030910.53732 7221915.88595 12787339.47521 14763035.33021 13083551.26269 12337550.45447 12810972.02052 12133883.11727 5904301.30968 10475859.30174 6944416.0368 3894250.35189 10965910.88448 8898689.70145 9196623.6671 5715038.17077 12323893.08999 9368936.14145 8189630.16885 3621701.61107 3500050.82434 2573159.64131 13716233.76576 3839706.63806 11814138.42809 1740417.19249 4256013.56981 12187390.85023 14238944.71376 7749296.81214 14881807.80419 10217746.21904 703514.4002 1401445.05661 
7141652.83197 6261891.09282 6184146.85126 9318431.09783 8328174.65223 6900318.04687 2164716.93378 2404438.9914 13698977.34291 6895532.58794 3832368.44693 3189123.2748 7694748.4475 9963671.05506 11240313.19963 6347057.79701 11224398.36108 0 1273081.19521 10141537.68357 4103133.50055 7015259.34324 10546205.4854 11316375.05048 2216493.10387 8108935.0625 5856273.92344 12204840.07522 9612650.36623 11520527.95388 8996621.45333 4396470.6952 6669234.47703 11489954.55509 8717072.41999 6790543.23605 5421700.4677 13525900.73816 147748.89407 3158377.67365 12628842.00233 10815843.33931 3242301.40227 3278413.8116 5854434.25772 11824240.73834 9198069.09852 1493992.56827 3215816.57567 4874885.5321 4560630.69749 6847905.41878 5190342.03329 3956705.9995 6015400.93282 8491991.12339 8864324.29843 9885080.83768 3007503.76197 4330657.46237 8412407.33647 11816984.47818 9759397.85889 9747492.97464 6988628.31602 6437673.63617 6300998.17388 1357699.11283 7801529.58726 4252090.66279 8606363.5145 3676486.57616 3292497.41642 1765342.53331 4505985.35041 9910846.98004 1236869.12387 7209389.18558 12060857.38866 2409596.2976 2506193.99804 2108851.07123 5867888.71717 1516000.92913 12487981.82838 13415642.55678 7783034.42717 11422860.44428 9101238.34631 4038386.39421 10347783.20967 1473592.88073 9486456.06173 11310383.67405 2380396.02966 9078590.90595 4173974.00511 8610699.84995 9289924.99644 10532832.41121 10335086.60736 
7533192.99444 6636486.04023 6736980.34689 8570146.35249 7765489.52269 6277339.90611 1011787.06121 3425257.51604 14464101.13084 6927484.35504 3005991.21814 4453611.49012 8816943.84793 10072167.2562 11487124.86131 6109457.99266 11033436.81427 1273081.19521 0 11401757.35915 3565824.95228 8281733.9887 10164950.0663 11900335.36457 1965299.24684 9277834.11245 6187252.97506 12901779.38932 10674270.32698 12506988.93194 8985343.61946 4846838.56643 6592905.94168 11092378.6801 9496382.96118 6747833.52794 5416282.30114 14163372.69085 1395829.57115 2942052.14934 12705186.23021 11027033.59474 2514394.03315 3185928.56556 6908041.46873 11842087.68539 9812272.80851 1737538.26673 4350833.33568 4519975.80849 4754965.13788 7607521.01103 6449407.05594 3879946.47476 5820788.59646 8439704.23956 9339097.15741 10437828.63186 4163871.58425 4798255.12018 9431534.90386 11536370.38124 9734036.3474 9453521.80265 6816447.3876 7709317.93167 6340193.0701 1021564.36662 8471786.2508 5525170.40527 9872221.42498 4933055.25863 2189782.56316 2759124.54938 5759715.50657 10411561.83893 607057.6125 7830247.56034 11463913.91796 1136604.13733 2955440.9737 1921923.94818 5432638.86582 1321430.17245 13247379.8633 14013902.68606 7471105.79964 10850485.5083 9110183.62159 5261109.04088 10602781.86231 2739456.17061 9320100.19687 11597567.02182 1432616.85554 10321020.59303 4674477.48053 9878641.03828 10257697.47164 10331536.50326 10278265.07434 
10007901.14065 9903105.29368 8941061.54559 16907411.65388 15308549.52273 14506705.07466 12135161.09323 8928089.7563 9964388.44539 11777377.50396 12923449.16631 7141933.60507 4128222.39715 12938149.35008 12800110.76249 12674759.8529 15542880.5325 10141537.68357 11401757.35915 0 12427804.21764 3144550.86208 16092082.95331 10271093.03195 11083646.15986 3291934.95204 10044241.64953 9735317.36707 4622155.47503 6208418.30095 13069275.94886 9439453.70988 12164546.24994 16902299.91919 7610037.30093 12072397.83774 11360603.83871 11092738.83229 10010095.87539 12039407.6352 14878320.21348 12786044.32267 12889967.84146 11019734.37078 5755146.39499 14699503.20261 9106714.2037 10353938.84518 7966752.0511 12329263.60975 10404444.25497 7642856.90342 4952357.58925 11146320.17352 12337398.84244 12999308.42175 10021911.76804 9849014.2104 7406025.32342 9377246.5351 5186646.87891 16498183.17581 13605297.28211 15055325.85439 12744061.24427 3789026.83128 11499992.36771 11256672.22222 8339583.39204 5970219.33833 1573054.25366 6783334.20814 13346515.18496 9351861.76946 5644389.39078 10260087.24982 11159017.23227 8608482.72547 18440279.82356 12526542.40457 9746578.40601 10964885.61275 13141393.82124 11228622.04849 9284181.42179 11379005.29226 13827346.34118 17782515.73623 13017990.96812 6803197.86703 12222160.88209 8742761.7899 14208657.68862 12560067.64707 12385535.21964 1332566.40131 9267338.74439 1613623.5702 5797244.4027 15108981.77943 14153365.94971 
5240103.35978 4436483.99869 5015545.1885 5253952.78571 4236901.38176 2797908.04372 2816657.00756 6476096.8184 12755810.73008 3889309.4814 1059535.26243 6652008.97728 8907551.10018 6985375.99488 8598472.68365 2697602.26109 7557170.35683 4103133.50055 3565824.95228 12427804.21764 0 9600847.83106 6602304.94656 9768576.00872 1905531.23096 9600323.05804 3959693.98256 11044678.1633 10305726.99816 11690854.977 5749787.14474 3363442.83078 3388152.38986 7527176.68505 8114365.75959 3588110.62641 2522074.36308 12087347.16485 4099884.2267 6461991.79986 9502594.98107 8087264.00594 5731031.58 1409170.73849 6900834.89699 8574566.94469 7892861.69008 2756316.36608 7148338.27177 1086408.37527 2589869.24419 6379399.01846 7809803.33804 1447820.53291 2491035.79753 5165487.82007 7077514.81535 8303148.02697 5251581.12527 3384996.59034 8965384.36289 8001801.51287 6455054.9098 5922818.13617 3450614.60895 9218381.46187 3384082.64778 4586682.98796 6845871.16945 7351312.63347 11078952.45794 7164453.26079 4820043.87205 5860689.48406 7141426.5264 8141779.68394 3076367.56544 6134429.1724 7964461.85593 3411927.96079 2748905.96628 2027228.02801 1874373.84272 4886310.23457 11567630.76571 11836402.70367 3948740.92595 7333269.21363 5900146.34866 7694630.41993 7763450.07865 5200631.98879 5886180.8184 8783863.32999 4632105.25722 11162574.89208 3410486.16937 11133561.31274 9504249.66469 6853834.21706 6946019.38428 
8175428.7447 7831142.3736 6944806.21674 14388819.58213 12879574.98133 11907746.99191 9048547.27894 5823701.95969 10502440.79222 9620233.7756 9988132.51209 4001374.10421 3129096.12764 11402182.6603 11681201.65157 10253971.18732 13795570.24658 7015259.34324 8281733.9887 3144550.86208 9600847.83106 0 14045020.32372 9794135.86505 8107256.75835 2685610.66854 7847750.45219 9744024.43683 4886302.52745 7017201.1017 11235241.80194 6926727.54233 9894138.92625 14922125.57621 6723115.19425 9844889.08479 8914037.25123 11216200.57103 6886767.95326 8936012.66834 13689378.86556 11538317.01461 9753137.38059 8198201.76249 3632330.41968 13314087.87586 8115630.13015 7331509.20281 4900624.09618 9653156.83003 7867800.88147 5990483.71223 1854756.29349 8429380.71355 9893037.17746 11044021.40475 8733157.2481 8950618.34297 4407860.2398 6851743.63452 4581687.97439 14696355.64461 11872734.55081 13021567.2283 10458815.30833 699670.7655 9237450.70458 8112761.59695 6965762.74585 2826564.22363 1591324.01504 3662968.84187 10203229.69996 6219801.81384 2556307.19542 9280327.79976 8067292.03234 6984364.9477 16259565.37625 9412185.77074 6861457.54593 7983117.35351 10548774.74323 8084265.2146 9539828.99314 11377218.03176 11545391.55699 15588108.96227 11222413.90389 3756898.5081 10955362.63699 5602215.87371 12279703.58641 11519753.2851 9241725.50629 2287796.77709 6709245.73691 1599399.69875 5564058.21595 13269719.23875 12465144.27649 
6095294.41029 6235926.20239 7173334.08637 3411460.73315 2704663.85965 4144273.60054 9392888.93863 12776560.44991 11646487.82383 4428756.95138 7359172.68804 12394697.93479 11975452.312 3956248.37059 5453995.72749 4243633.56322 1819974.98 10546205.4854 10164950.0663 16092082.95331 6602304.94656 14045020.32372 0 8437340.06993 8353634.21765 12811635.67464 6198485.24022 9993331.92917 12324753.16469 12617567.34233 3150935.79482 7319027.91544 4245303.58025 948302.82435 9079819.21194 4246634.38813 5435736.60617 10253067.14872 10509258.45929 13059273.91768 4749774.89178 4992975.29744 12251353.83247 7288442.45874 10484469.57831 3806474.95025 7842653.12466 9069550.28504 13241431.93725 5681908.31022 6529937.4084 8464289.41345 12631196.11113 6651061.08513 4604683.36177 3101265.94781 6652648.23026 7548129.11027 10523578.69619 7405144.69044 11199707.28196 1600349.00786 2910320.63915 1036768.36812 3743177.31265 13932927.13552 4863253.52346 11183819.51987 7958084.4897 12686408.1731 15161526.65243 12853956.50927 11217594.52137 12228747.45276 12128773.81773 7118067.165 9651533.5715 7539002.82158 2467874.46164 9931270.43362 8422673.18114 8449412.01827 4732413.1134 11482796.09109 10786391.50097 9803552.25232 2780855.50714 1907071.05622 3259523.21027 13470519.83741 5213479.16415 11336004.40182 1954534.69275 5827324.65332 11188585.37916 14765248.42937 7582203.0484 15267898.95737 11105373.36871 1511298.73795 2673638.32021 
4538306.21323 5394484.12706 5164394.71944 11021577.31619 9408127.45485 9698697.69001 11810577.62445 12365541.21279 3277071.04079 6182983.14712 10811374.59123 10844972.60082 6703285.75102 4483752.01833 3230381.28206 7735019.11236 7027571.60593 11316375.05048 11900335.36457 10271093.03195 9768576.00872 9794135.86505 8437340.06993 0 10128683.84577 7360878.10016 5876974.86474 1559360.00711 5659189.67187 4821905.45462 5565990.29993 7059063.11874 6820284.63122 8860382.3519 3126087.08222 6597433.35423 7265471.89384 2319342.35302 11188531.25993 14471307.11556 5124744.18229 3541975.77399 14401795.92488 9048473.18893 6735711.28356 5376787.55573 2125086.89004 10165422.499 12146515.71186 8831897.53915 7364027.32692 4633879.27194 9453347.15523 8508960.96853 7675970.48809 5971101.51272 2691223.36693 1479119.48713 9062652.38212 7103968.0746 5288338.5132 7971067.91376 5548836.41481 7604905.47405 7165432.38907 10115862.27299 6513928.264 12600988.99166 3558742.02499 10301485.13776 10087685.30943 11035620.7286 13949125.95995 12187545.81502 9418781.82978 1648059.25234 11309091.2772 4107433.87938 10840331.99863 12492233.46644 8949323.11874 10113725.57136 8825702.94436 12812920.78905 2350940.36145 2114584.55958 7767629.28541 10338320.76875 5399542.3036 11614022.50232 3227008.91823 10998141.48918 6629078.63947 2867322.76861 13331129.03376 9176239.62797 7226135.83376 10236543.68076 4487334.51567 6974263.53713 5784797.71726 
5670480.91196 4776874.51506 5009229.53401 7155017.62873 6113487.01943 4700350.76747 1683909.27195 4571629.3509 12848814.33335 4962197.27219 1904838.37647 4839246.80944 7929509.78178 8108303.31513 9543556.41439 4201740.60982 9119512.92345 2216493.10387 1965299.24684 11083646.15986 1905531.23096 8107256.75835 8353634.21765 10128683.84577 0 8524434.85705 4310329.63909 11224301.41299 9586954.12407 11234679.43166 7023469.80177 3101143.75183 4636103.76632 9293960.0522 7950462.8025 4786500.25328 3450983.82662 12422768.66254 2202398.19989 4893311.92826 10739906.57752 9076091.98643 4430546.72728 1221012.00927 5917359.42027 9879324.68847 8084836.78575 875012.36497 5252808.04187 2672146.88762 2839296.78982 6079338.62258 6265046.97392 1914882.25353 3893342.93875 6482590.59044 7508540.72645 8652991.30235 3700329.35189 3071347.62211 8276770.91679 9664801.27685 7774553.00183 7585710.12415 4885339.28205 7651082.82409 4375317.6242 2923495.88671 6819003.16937 5646789.99009 9648513.75452 5355177.2123 3826096.35895 3961977.03192 5570692.20156 8589398.58945 1373561.31543 6140287.24264 9846783.48218 2363667.71462 1475555.88158 131623.69077 3654247.48584 3211468.4353 11634071.95679 12241587.41644 5608635.68118 9207139.78261 7146622.15705 5853606.73003 8663342.24579 3313214.67248 7393958.24075 9665192.70701 3309199.27436 9880098.57587 2988094.35567 9685412.34746 8984690.67403 8420610.30026 8324390.37128 
6721052.80147 6655920.77149 5687519.29574 13769000.13789 12135887.94602 11436599.85016 9832766.82984 7630720.59998 7822889.61647 8534641.53939 10239258.14469 5702547.3841 837083.41695 9664536.31026 9623784.6798 9521089.31279 12253536.31406 8108935.0625 9277834.11245 3291934.95204 9600323.05804 2685610.66854 12811635.67464 7360878.10016 8524434.85705 0 6832206.2515 7143312.69899 2204425.93471 4355633.53685 9777724.57247 6403204.95694 8953285.31794 13614441.04448 4454886.03189 8847652.69635 8238255.04797 8600505.99052 7963737.0935 10625048.1619 11690897.31038 9571128.62719 11207932.31242 8221357.00297 2703902.60783 11459164.81658 5938906.21894 7923563.00835 6891981.49085 9348931.49322 7357470.69589 4353356.86067 3406906.59887 8229157.52284 9199717.01789 9714959.4577 6777928.24132 6726285.53514 5115044.0757 6352163.53439 2075751.9225 13207111.98143 10315025.93485 11775182.67839 9532917.13246 3233045.74319 8292651.80829 9392731.2105 5065339.8201 4617149.82012 2734349.73374 5558583.9715 11400925.72496 7848632.48548 3882346.91034 7110751.29121 8908116.7162 5316571.57834 15176477.74335 10335587.38597 7082353.26435 8420565.8754 10083193.72549 9444473.10005 6886852.17777 8793340.84209 10607136.1506 14522944.78093 9726056.28636 5883870.99544 8998936.13068 6926282.8301 10920148.1103 9409009.24791 10481739.46143 1988969.62159 6270484.78804 2880742.77143 2953677.86309 11817048.5797 10866274.24228 
1361745.08003 483535.43043 1239969.48692 6972195.8586 5313588.95026 4790189.78919 5975025.23667 7521474.55483 8797604.88906 1772902.83163 4973680.31421 6606894.46882 6017996.0333 4239368.46118 5386359.77612 2744917.1523 6126532.95934 5856273.92344 6187252.97506 10044241.64953 3959693.98256 7847750.45219 6198485.24022 5876974.86474 4310329.63909 6832206.2515 0 7095087.99927 6895809.59366 7950233.95256 3585663.69729 1502121.42762 2122317.50718 7085448.7069 4246953.32675 2030354.19703 1638370.11745 8192025.36991 5753202.45206 8967280.15207 6893400.13632 4975784.3652 8699489.60599 3180280.43835 4327308.91324 6192994.39432 3936679.07565 4503279.25464 7686761.78711 3160530.25449 1491229.13348 2747044.636 6467164.29882 2635138.29545 2470450.31432 3270636.69598 3213434.90615 4398682.69039 4626420.34201 1582078.05374 5594693.17861 6956083.64111 4316815.71451 5179472.71745 2702223.56911 7741111.72786 1460446.43456 7008232.60788 2937810.98992 6662661.1174 9007778.99253 7000326.44856 8132583.34931 7141734.74806 6013331.0679 4295799.01965 5581492.7441 2234670.7814 8439427.19827 6659783.23232 3351847.71134 4313002.92778 3533740.03757 7257397.66835 7607940.18817 7977251.20098 3783138.09221 7772710.76545 3626560.37669 7636912.09351 4493593.86217 6018937.10889 4493608.20364 5455252.52673 7593239.69038 8711924.69703 1765044.74906 9107196.21977 5890476.20223 5530224.62012 4929975.91767 
5814467.65542 6613556.64337 6215409.27955 12563496.4906 10937288.20528 11167568.55697 12906286.31545 13007442.78865 1759379.60315 7610353.95785 12068188.44946 11353500.15589 6617065.57678 6041781.14974 4712661.78234 9162853.48227 8555789.13958 12204840.07522 12901779.38932 9735317.36707 11044678.1633 9744024.43683 9993331.92917 1559360.00711 11224301.41299 7143312.69899 7095087.99927 0 5154498.9228 3794004.86669 7116862.90772 8123630.47095 8251288.44766 10400666.33262 3553525.36817 8031786.02933 8582491.80066 1480870.25216 12069642.30163 15330359.36247 6475262.2244 5067157.16223 15370678.49444 10210553.85439 7107998.86512 6835633.2139 3162262.95795 11166336.65479 12673401.38768 10159055.20855 8552460.23764 5364140.2942 9700038.29307 9722089.71856 9074954.49544 7507197.87424 4045882.00494 2809203.70598 9713514.26299 8156631.00537 5165337.2432 9486995.44522 7107963.50708 9164245.04671 8630451.71981 10158858.94423 7891921.76549 13527648.09005 4430020.00189 10670307.94373 9788743.34874 11478892.77937 15010203.87536 12901930.77285 9777367.62579 3103760.82791 12326897.17062 5086847.11348 12388122.80591 13579526.74878 9950944.16435 11195739.76055 10232935.09727 13718279.18226 822572.16775 1657401.63938 9282089.14599 11892453.45559 6952394.46174 12017673.43137 4780434.40288 11722897.11199 8187954.75216 4337377.90463 14333198.93294 8772824.58448 8255620.825 9941838.96746 4192218.41088 8524311.66088 7335387.64123 
