51
loc57 loc21 loc79 loc18 loc72 loc33 loc71 loc19 loc45 loc90 loc67 loc26 loc43 loc49 loc73 loc20 loc32 loc48 loc81 loc93 loc66 loc36 loc97 loc17 loc8 loc83 loc31 loc91 loc41 loc68 loc38 loc40 loc44 loc39 loc89 loc30 loc23 loc61 loc12 loc92 loc53 loc96 loc86 loc10 loc99 loc55 loc29 loc13 loc28 loc95 Soda
0 11.0 9.0 15.0 9.0 10012.0 10023.0 20013.0 20030.0 10030.0 10025.0 10024.0 10013.0 220030.0 220042.0 220030.0 220030.0 220030.0 220030.0 220030.0 220030.0 320030.0 320030.0 500007.0 400007.0 400007.0 400018.0 400018.0 500018.0 500018.0 1500018.0 14.0 15.0 700014.0 700015.0 100005.0 100005.0 100005.0 100005.0 1100005.0 1100006.0 100006.0 100005.0 100005.0 1100005.0 1100007.0 1100007.0 2100007.0 1100029.0 1100018.0 10.0 
11.0 0 10.0 6.0 10.0 10003.0 10014.0 20006.0 20023.0 10023.0 10018.0 10017.0 10006.0 220023.0 220035.0 220023.0 220023.0 220023.0 220023.0 220023.0 220023.0 320023.0 320023.0 500010.0 400010.0 400010.0 400021.0 400021.0 500021.0 500021.0 1500021.0 12.0 11.0 700012.0 700011.0 100008.0 100008.0 100008.0 100008.0 1100008.0 1100009.0 100009.0 100008.0 100008.0 1100008.0 1100010.0 1100010.0 2100010.0 1100032.0 1100021.0 10.0 
9.0 10.0 0 11.0 8.0 10011.0 10022.0 20013.0 20030.0 10030.0 10025.0 10024.0 10013.0 220030.0 220042.0 220030.0 220030.0 220030.0 220030.0 220030.0 220030.0 320030.0 320030.0 500013.0 400013.0 400013.0 400024.0 400024.0 500024.0 500024.0 1500024.0 16.0 15.0 700016.0 700015.0 100008.0 100008.0 100008.0 100008.0 1100008.0 1100009.0 100009.0 100008.0 100008.0 1100008.0 1100010.0 1100010.0 2100010.0 1100032.0 1100021.0 6.0 
15.0 6.0 11.0 0 10.0 10003.0 10014.0 20008.0 20025.0 10025.0 10020.0 10019.0 10008.0 220025.0 220037.0 220025.0 220025.0 220025.0 220025.0 220025.0 220025.0 320025.0 320025.0 500014.0 400014.0 400014.0 400025.0 400025.0 500025.0 500025.0 1500025.0 14.0 15.0 700014.0 700015.0 100010.0 100010.0 100010.0 100010.0 1100010.0 1100011.0 100011.0 100010.0 100010.0 1100010.0 1100012.0 1100012.0 2100012.0 1100034.0 1100023.0 5.0 
9.0 10.0 8.0 10.0 0 10011.0 10022.0 20012.0 20029.0 10029.0 10024.0 10023.0 10012.0 220029.0 220041.0 220029.0 220029.0 220029.0 220029.0 220029.0 220029.0 320029.0 320029.0 500006.0 400006.0 400006.0 400017.0 400017.0 500017.0 500017.0 1500017.0 9.0 8.0 700009.0 700008.0 100005.0 100005.0 100005.0 100005.0 1100005.0 1100006.0 100006.0 100005.0 100005.0 1100005.0 1100007.0 1100007.0 2100007.0 1100029.0 1100018.0 6.0 
10012.0 10003.0 10011.0 10003.0 10011.0 0 11.0 10011.0 20005.0 10005.0 10000.0 10001.0 10012.0 220005.0 220017.0 220005.0 220005.0 220005.0 220005.0 220005.0 220005.0 320005.0 320005.0 510012.0 410012.0 410012.0 410023.0 410023.0 510023.0 510023.0 1510023.0 10015.0 10014.0 710015.0 710014.0 110011.0 110011.0 110011.0 110011.0 1110011.0 1110012.0 110012.0 110011.0 110011.0 1110011.0 1110013.0 1110013.0 2110013.0 1110035.0 1110024.0 10008.0 
10023.0 10014.0 10022.0 10014.0 10022.0 11.0 0 10000.0 20000.0 10016.0 10011.0 10012.0 10023.0 220000.0 220012.0 220000.0 220000.0 220000.0 220000.0 220000.0 220000.0 320000.0 320000.0 510023.0 410023.0 410023.0 410034.0 410034.0 510034.0 510034.0 1510034.0 10026.0 10025.0 710026.0 710025.0 110022.0 110022.0 110022.0 110022.0 1110022.0 1110023.0 110023.0 110022.0 110022.0 1110022.0 1110024.0 1110024.0 2110024.0 1110046.0 1110035.0 10019.0 
20013.0 20006.0 20013.0 20008.0 20012.0 10011.0 10000.0 0 10000.0 10006.0 10001.0 10000.0 10000.0 210000.0 210012.0 210000.0 210000.0 210000.0 210000.0 210000.0 210000.0 310000.0 310000.0 520012.0 420012.0 420012.0 420023.0 420023.0 520023.0 520023.0 1520023.0 20013.0 20012.0 720013.0 720012.0 120010.0 120010.0 120010.0 120010.0 1120010.0 1120011.0 120011.0 120010.0 120010.0 1120010.0 1120012.0 1120012.0 2120012.0 1120034.0 1120023.0 20011.0 
20030.0 20023.0 20030.0 20025.0 20029.0 20005.0 20000.0 10000.0 0 10000.0 10005.0 10006.0 10017.0 200000.0 200012.0 200000.0 200000.0 200000.0 200000.0 200000.0 200000.0 300000.0 300000.0 520029.0 420029.0 420029.0 420040.0 420040.0 520040.0 520040.0 1520040.0 20030.0 20029.0 720030.0 720029.0 120027.0 120027.0 120027.0 120027.0 1120027.0 1120028.0 120028.0 120027.0 120027.0 1120027.0 1120029.0 1120029.0 2120029.0 1120051.0 1120040.0 20028.0 
10030.0 10023.0 10030.0 10025.0 10029.0 10005.0 10016.0 10006.0 10000.0 0 5.0 6.0 17.0 210000.0 210012.0 210000.0 210000.0 210000.0 210000.0 210000.0 210000.0 310000.0 310000.0 510029.0 410029.0 410029.0 410040.0 410040.0 510040.0 510040.0 1510040.0 10030.0 10029.0 710030.0 710029.0 110027.0 110027.0 110027.0 110027.0 1110027.0 1110028.0 110028.0 110027.0 110027.0 1110027.0 1110029.0 1110029.0 2110029.0 1110051.0 1110040.0 10028.0 
10025.0 10018.0 10025.0 10020.0 10024.0 10000.0 10011.0 10001.0 10005.0 5.0 0 1.0 12.0 210005.0 210017.0 210005.0 210005.0 210005.0 210005.0 210005.0 210005.0 310005.0 310005.0 510024.0 410024.0 410024.0 410035.0 410035.0 510035.0 510035.0 1510035.0 10025.0 10024.0 710025.0 710024.0 110022.0 110022.0 110022.0 110022.0 1110022.0 1110023.0 110023.0 110022.0 110022.0 1110022.0 1110024.0 1110024.0 2110024.0 1110046.0 1110035.0 10023.0 
10024.0 10017.0 10024.0 10019.0 10023.0 10001.0 10012.0 10000.0 10006.0 6.0 1.0 0 11.0 210006.0 210018.0 210006.0 210006.0 210006.0 210006.0 210006.0 210006.0 310006.0 310006.0 510023.0 410023.0 410023.0 410034.0 410034.0 510034.0 510034.0 1510034.0 10024.0 10023.0 710024.0 710023.0 110021.0 110021.0 110021.0 110021.0 1110021.0 1110022.0 110022.0 110021.0 110021.0 1110021.0 1110023.0 1110023.0 2110023.0 1110045.0 1110034.0 10022.0 
10013.0 10006.0 10013.0 10008.0 10012.0 10012.0 10023.0 10000.0 10017.0 17.0 12.0 11.0 0 210017.0 210029.0 210017.0 210017.0 210017.0 210017.0 210017.0 210017.0 310017.0 310017.0 510012.0 410012.0 410012.0 410023.0 410023.0 510023.0 510023.0 1510023.0 10013.0 10012.0 710013.0 710012.0 110010.0 110010.0 110010.0 110010.0 1110010.0 1110011.0 110011.0 110010.0 110010.0 1110010.0 1110012.0 1110012.0 2110012.0 1110034.0 1110023.0 10011.0 
220030.0 220023.0 220030.0 220025.0 220029.0 220005.0 220000.0 210000.0 200000.0 210000.0 210005.0 210006.0 210017.0 0 12.0 11.0 400000.0 400000.0 399999.0 400000.0 400000.0 500000.0 500000.0 720029.0 620029.0 620029.0 620040.0 620040.0 720040.0 720040.0 1720040.0 220030.0 220029.0 920030.0 920029.0 320027.0 320027.0 320027.0 320027.0 1320027.0 1320028.0 320028.0 320027.0 320027.0 1320027.0 1320029.0 1320029.0 2320029.0 1320051.0 1320040.0 220028.0 
220042.0 220035.0 220042.0 220037.0 220041.0 220017.0 220012.0 210012.0 200012.0 210012.0 210017.0 210018.0 210029.0 12.0 0 13.0 400012.0 400012.0 400011.0 400012.0 400012.0 500012.0 500012.0 720041.0 620041.0 620041.0 620052.0 620052.0 720052.0 720052.0 1720052.0 220042.0 220041.0 920042.0 920041.0 320039.0 320039.0 320039.0 320039.0 1320039.0 1320040.0 320040.0 320039.0 320039.0 1320039.0 1320041.0 1320041.0 2320041.0 1320063.0 1320052.0 220040.0 
220030.0 220023.0 220030.0 220025.0 220029.0 220005.0 220000.0 210000.0 200000.0 210000.0 210005.0 210006.0 210017.0 11.0 13.0 0 400000.0 400000.0 400000.0 400000.0 400000.0 500000.0 500000.0 720029.0 620029.0 620029.0 620040.0 620040.0 720040.0 720040.0 1720040.0 220030.0 220029.0 920030.0 920029.0 320027.0 320027.0 320027.0 320027.0 1320027.0 1320028.0 320028.0 320027.0 320027.0 1320027.0 1320029.0 1320029.0 2320029.0 1320051.0 1320040.0 220028.0 
220030.0 220023.0 220030.0 220025.0 220029.0 220005.0 220000.0 210000.0 200000.0 210000.0 210005.0 210006.0 210017.0 400000.0 400012.0 400000.0 0 100000.0 400000.0 400000.0 400000.0 500000.0 500000.0 720029.0 620029.0 620029.0 620040.0 620040.0 720040.0 720040.0 1720040.0 220030.0 220029.0 920030.0 920029.0 320027.0 320027.0 320027.0 320027.0 1320027.0 1320028.0 320028.0 320027.0 320027.0 1320027.0 1320029.0 1320029.0 2320029.0 1320051.0 1320040.0 220028.0 
220030.0 220023.0 220030.0 220025.0 220029.0 220005.0 220000.0 210000.0 200000.0 210000.0 210005.0 210006.0 210017.0 400000.0 400012.0 400000.0 100000.0 0 400000.0 400000.0 400000.0 500000.0 499999.0 720029.0 620029.0 620029.0 620040.0 620040.0 720040.0 720040.0 1720040.0 220030.0 220029.0 920030.0 920029.0 320027.0 320027.0 320027.0 320027.0 1320027.0 1320028.0 320028.0 320027.0 320027.0 1320027.0 1320029.0 1320029.0 2320029.0 1320051.0 1320040.0 220028.0 
220030.0 220023.0 220030.0 220025.0 220029.0 220005.0 220000.0 210000.0 200000.0 210000.0 210005.0 210006.0 210017.0 399999.0 400011.0 400000.0 400000.0 400000.0 0 400000.0 400000.0 500000.0 500000.0 720029.0 620029.0 620029.0 620040.0 620040.0 720040.0 720040.0 1720040.0 220030.0 220029.0 920030.0 920029.0 320027.0 320027.0 320027.0 320027.0 1320027.0 1320028.0 320028.0 320027.0 320027.0 1320027.0 1320029.0 1320029.0 2320029.0 1320051.0 1320040.0 220028.0 
220030.0 220023.0 220030.0 220025.0 220029.0 220005.0 220000.0 210000.0 200000.0 210000.0 210005.0 210006.0 210017.0 400000.0 400012.0 400000.0 400000.0 400000.0 400000.0 0 400000.0 500000.0 500000.0 720029.0 620029.0 620029.0 620040.0 620040.0 720040.0 720040.0 1720040.0 220030.0 220029.0 920030.0 920029.0 320027.0 320027.0 320027.0 320027.0 1320027.0 1320028.0 320028.0 320027.0 320027.0 1320027.0 1320029.0 1320029.0 2320029.0 1320051.0 1320040.0 220028.0 
220030.0 220023.0 220030.0 220025.0 220029.0 220005.0 220000.0 210000.0 200000.0 210000.0 210005.0 210006.0 210017.0 400000.0 400012.0 400000.0 400000.0 400000.0 400000.0 400000.0 0 100000.0 100000.0 720029.0 620029.0 620029.0 620040.0 620040.0 720040.0 720040.0 1720040.0 220030.0 220029.0 920030.0 920029.0 320027.0 320027.0 320027.0 320027.0 1320027.0 1320028.0 320028.0 320027.0 320027.0 1320027.0 1320029.0 1320029.0 2320029.0 1320051.0 1320040.0 220028.0 
320030.0 320023.0 320030.0 320025.0 320029.0 320005.0 320000.0 310000.0 300000.0 310000.0 310005.0 310006.0 310017.0 500000.0 500012.0 500000.0 500000.0 500000.0 500000.0 500000.0 100000.0 0 100000.0 820029.0 720029.0 720029.0 720040.0 720040.0 820040.0 820040.0 1820040.0 320030.0 320029.0 1020030.0 1020029.0 420027.0 420027.0 420027.0 420027.0 1420027.0 1420028.0 420028.0 420027.0 420027.0 1420027.0 1420029.0 1420029.0 2420029.0 1420051.0 1420040.0 320028.0 
320030.0 320023.0 320030.0 320025.0 320029.0 320005.0 320000.0 310000.0 300000.0 310000.0 310005.0 310006.0 310017.0 500000.0 500012.0 500000.0 500000.0 499999.0 500000.0 500000.0 100000.0 100000.0 0 820029.0 720029.0 720029.0 720040.0 720040.0 820040.0 820040.0 1820040.0 320030.0 320029.0 1020030.0 1020029.0 420027.0 420027.0 420027.0 420027.0 1420027.0 1420028.0 420028.0 420027.0 420027.0 1420027.0 1420029.0 1420029.0 2420029.0 1420051.0 1420040.0 320028.0 
500007.0 500010.0 500013.0 500014.0 500006.0 510012.0 510023.0 520012.0 520029.0 510029.0 510024.0 510023.0 510012.0 720029.0 720041.0 720029.0 720029.0 720029.0 720029.0 720029.0 720029.0 820029.0 820029.0 0 100000.0 100000.0 100011.0 100011.0 200011.0 200011.0 1200011.0 500015.0 500014.0 1200015.0 1200014.0 600008.0 600008.0 600008.0 600008.0 1600008.0 1600009.0 600009.0 600008.0 600008.0 1600008.0 1600010.0 1600010.0 2600010.0 1600032.0 1600021.0 500009.0 
400007.0 400010.0 400013.0 400014.0 400006.0 410012.0 410023.0 420012.0 420029.0 410029.0 410024.0 410023.0 410012.0 620029.0 620041.0 620029.0 620029.0 620029.0 620029.0 620029.0 620029.0 720029.0 720029.0 100000.0 0 100000.0 11.0 100011.0 100011.0 200011.0 1100011.0 400015.0 400014.0 1100015.0 1100014.0 500008.0 500008.0 500008.0 500008.0 1500008.0 1500009.0 500009.0 500008.0 500008.0 1500008.0 1500010.0 1500010.0 2500010.0 1500032.0 1500021.0 400009.0 
400007.0 400010.0 400013.0 400014.0 400006.0 410012.0 410023.0 420012.0 420029.0 410029.0 410024.0 410023.0 410012.0 620029.0 620041.0 620029.0 620029.0 620029.0 620029.0 620029.0 620029.0 720029.0 720029.0 100000.0 100000.0 0 100011.0 11.0 200011.0 100011.0 1100011.0 400015.0 400014.0 1100015.0 1100014.0 500008.0 500008.0 500008.0 500008.0 1500008.0 1500009.0 500009.0 500008.0 500008.0 1500008.0 1500010.0 1500010.0 2500010.0 1500032.0 1500021.0 400009.0 
400018.0 400021.0 400024.0 400025.0 400017.0 410023.0 410034.0 420023.0 420040.0 410040.0 410035.0 410034.0 410023.0 620040.0 620052.0 620040.0 620040.0 620040.0 620040.0 620040.0 620040.0 720040.0 720040.0 100011.0 11.0 100011.0 0 100022.0 100000.0 200022.0 1100000.0 400026.0 400025.0 1100026.0 1100025.0 500019.0 500019.0 500019.0 500019.0 1500019.0 1500020.0 500020.0 500019.0 500019.0 1500019.0 1500021.0 1500021.0 2500021.0 1500043.0 1500032.0 400020.0 
400018.0 400021.0 400024.0 400025.0 400017.0 410023.0 410034.0 420023.0 420040.0 410040.0 410035.0 410034.0 410023.0 620040.0 620052.0 620040.0 620040.0 620040.0 620040.0 620040.0 620040.0 720040.0 720040.0 100011.0 100011.0 11.0 100022.0 0 200022.0 100000.0 1100000.0 400026.0 400025.0 1100026.0 1100025.0 500019.0 500019.0 500019.0 500019.0 1500019.0 1500020.0 500020.0 500019.0 500019.0 1500019.0 1500021.0 1500021.0 2500021.0 1500043.0 1500032.0 400020.0 
500018.0 500021.0 500024.0 500025.0 500017.0 510023.0 510034.0 520023.0 520040.0 510040.0 510035.0 510034.0 510023.0 720040.0 720052.0 720040.0 720040.0 720040.0 720040.0 720040.0 720040.0 820040.0 820040.0 200011.0 100011.0 200011.0 100000.0 200022.0 0 300022.0 1000000.0 500026.0 500025.0 1200026.0 1200025.0 600019.0 600019.0 600019.0 600019.0 1600019.0 1600020.0 600020.0 600019.0 600019.0 1600019.0 1600021.0 1600021.0 2600021.0 1600043.0 1600032.0 500020.0 
500018.0 500021.0 500024.0 500025.0 500017.0 510023.0 510034.0 520023.0 520040.0 510040.0 510035.0 510034.0 510023.0 720040.0 720052.0 720040.0 720040.0 720040.0 720040.0 720040.0 720040.0 820040.0 820040.0 200011.0 200011.0 100011.0 200022.0 100000.0 300022.0 0 1000000.0 500026.0 500025.0 1200026.0 1200025.0 600019.0 600019.0 600019.0 600019.0 1600019.0 1600020.0 600020.0 600019.0 600019.0 1600019.0 1600021.0 1600021.0 2600021.0 1600043.0 1600032.0 500020.0 
1500018.0 1500021.0 1500024.0 1500025.0 1500017.0 1510023.0 1510034.0 1520023.0 1520040.0 1510040.0 1510035.0 1510034.0 1510023.0 1720040.0 1720052.0 1720040.0 1720040.0 1720040.0 1720040.0 1720040.0 1720040.0 1820040.0 1820040.0 1200011.0 1100011.0 1100011.0 1100000.0 1100000.0 1000000.0 1000000.0 0 1500026.0 1500025.0 2200026.0 2200025.0 1600019.0 1600019.0 1600019.0 1600019.0 2600019.0 2600020.0 1600020.0 1600019.0 1600019.0 2600019.0 2600021.0 2600021.0 3600021.0 2600043.0 2600032.0 1500020.0 
14.0 12.0 16.0 14.0 9.0 10015.0 10026.0 20013.0 20030.0 10030.0 10025.0 10024.0 10013.0 220030.0 220042.0 220030.0 220030.0 220030.0 220030.0 220030.0 220030.0 320030.0 320030.0 500015.0 400015.0 400015.0 400026.0 400026.0 500026.0 500026.0 1500026.0 0 1.0 700000.0 700001.0 100013.0 100013.0 100013.0 100013.0 1100013.0 1100014.0 100014.0 100013.0 100013.0 1100013.0 1100015.0 1100015.0 2100015.0 1100037.0 1100026.0 14.0 
15.0 11.0 15.0 15.0 8.0 10014.0 10025.0 20012.0 20029.0 10029.0 10024.0 10023.0 10012.0 220029.0 220041.0 220029.0 220029.0 220029.0 220029.0 220029.0 220029.0 320029.0 320029.0 500014.0 400014.0 400014.0 400025.0 400025.0 500025.0 500025.0 1500025.0 1.0 0 700001.0 700000.0 100013.0 100013.0 100013.0 100013.0 1100013.0 1100014.0 100014.0 100013.0 100013.0 1100013.0 1100015.0 1100015.0 2100015.0 1100037.0 1100026.0 14.0 
700014.0 700012.0 700016.0 700014.0 700009.0 710015.0 710026.0 720013.0 720030.0 710030.0 710025.0 710024.0 710013.0 920030.0 920042.0 920030.0 920030.0 920030.0 920030.0 920030.0 920030.0 1020030.0 1020030.0 1200015.0 1100015.0 1100015.0 1100026.0 1100026.0 1200026.0 1200026.0 2200026.0 700000.0 700001.0 0 1000000.0 800013.0 800013.0 800013.0 800013.0 1800013.0 1800014.0 800014.0 800013.0 800013.0 1800013.0 1800015.0 1800015.0 2800015.0 1800037.0 1800026.0 700014.0 
700015.0 700011.0 700015.0 700015.0 700008.0 710014.0 710025.0 720012.0 720029.0 710029.0 710024.0 710023.0 710012.0 920029.0 920041.0 920029.0 920029.0 920029.0 920029.0 920029.0 920029.0 1020029.0 1020029.0 1200014.0 1100014.0 1100014.0 1100025.0 1100025.0 1200025.0 1200025.0 2200025.0 700001.0 700000.0 1000000.0 0 800013.0 800013.0 800013.0 800013.0 1800013.0 1800014.0 800014.0 800013.0 800013.0 1800013.0 1800015.0 1800015.0 2800015.0 1800037.0 1800026.0 700014.0 
100005.0 100008.0 100008.0 100010.0 100005.0 110011.0 110022.0 120010.0 120027.0 110027.0 110022.0 110021.0 110010.0 320027.0 320039.0 320027.0 320027.0 320027.0 320027.0 320027.0 320027.0 420027.0 420027.0 600008.0 500008.0 500008.0 500019.0 500019.0 600019.0 600019.0 1600019.0 100013.0 100013.0 800013.0 800013.0 0 1.0 2.0 100002.0 1100002.0 1200001.0 200001.0 200000.0 200000.0 1200000.0 1200002.0 1200002.0 2200002.0 1200024.0 1200013.0 100005.0 
100005.0 100008.0 100008.0 100010.0 100005.0 110011.0 110022.0 120010.0 120027.0 110027.0 110022.0 110021.0 110010.0 320027.0 320039.0 320027.0 320027.0 320027.0 320027.0 320027.0 320027.0 420027.0 420027.0 600008.0 500008.0 500008.0 500019.0 500019.0 600019.0 600019.0 1600019.0 100013.0 100013.0 800013.0 800013.0 1.0 0 1.0 100001.0 1100001.0 1200001.0 200001.0 200000.0 200000.0 1200000.0 1200002.0 1200002.0 2200002.0 1200024.0 1200013.0 100005.0 
100005.0 100008.0 100008.0 100010.0 100005.0 110011.0 110022.0 120010.0 120027.0 110027.0 110022.0 110021.0 110010.0 320027.0 320039.0 320027.0 320027.0 320027.0 320027.0 320027.0 320027.0 420027.0 420027.0 600008.0 500008.0 500008.0 500019.0 500019.0 600019.0 600019.0 1600019.0 100013.0 100013.0 800013.0 800013.0 2.0 1.0 0 100000.0 1100000.0 1200001.0 200001.0 200000.0 200000.0 1200000.0 1200002.0 1200002.0 2200002.0 1200024.0 1200013.0 100005.0 
100005.0 100008.0 100008.0 100010.0 100005.0 110011.0 110022.0 120010.0 120027.0 110027.0 110022.0 110021.0 110010.0 320027.0 320039.0 320027.0 320027.0 320027.0 320027.0 320027.0 320027.0 420027.0 420027.0 600008.0 500008.0 500008.0 500019.0 500019.0 600019.0 600019.0 1600019.0 100013.0 100013.0 800013.0 800013.0 100002.0 100001.0 100000.0 0 1000000.0 1200001.0 200001.0 200000.0 200000.0 1200000.0 1200002.0 1200002.0 2200002.0 1200024.0 1200013.0 100005.0 
1100005.0 1100008.0 1100008.0 1100010.0 1100005.0 1110011.0 1110022.0 1120010.0 1120027.0 1110027.0 1110022.0 1110021.0 1110010.0 1320027.0 1320039.0 1320027.0 1320027.0 1320027.0 1320027.0 1320027.0 1320027.0 1420027.0 1420027.0 1600008.0 1500008.0 1500008.0 1500019.0 1500019.0 1600019.0 1600019.0 2600019.0 1100013.0 1100013.0 1800013.0 1800013.0 1100002.0 1100001.0 1100000.0 1000000.0 0 1000000.0 1200001.0 1200000.0 1200000.0 2200000.0 1000001.0 1000001.0 2000001.0 1000023.0 1000012.0 1100005.0 
1100006.0 1100009.0 1100009.0 1100011.0 1100006.0 1110012.0 1110023.0 1120011.0 1120028.0 1110028.0 1110023.0 1110022.0 1110011.0 1320028.0 1320040.0 1320028.0 1320028.0 1320028.0 1320028.0 1320028.0 1320028.0 1420028.0 1420028.0 1600009.0 1500009.0 1500009.0 1500020.0 1500020.0 1600020.0 1600020.0 2600020.0 1100014.0 1100014.0 1800014.0 1800014.0 1200001.0 1200001.0 1200001.0 1200001.0 1000000.0 0 1000000.0 1000001.0 1000002.0 2000000.0 1.0 1.0 1000001.0 23.0 12.0 1100006.0 
100006.0 100009.0 100009.0 100011.0 100006.0 110012.0 110023.0 120011.0 120028.0 110028.0 110023.0 110022.0 110011.0 320028.0 320040.0 320028.0 320028.0 320028.0 320028.0 320028.0 320028.0 420028.0 420028.0 600009.0 500009.0 500009.0 500020.0 500020.0 600020.0 600020.0 1600020.0 100014.0 100014.0 800014.0 800014.0 200001.0 200001.0 200001.0 200001.0 1200001.0 1000000.0 0 1.0 2.0 1000000.0 1000001.0 1000001.0 2000001.0 1000023.0 1000012.0 100006.0 
100005.0 100008.0 100008.0 100010.0 100005.0 110011.0 110022.0 120010.0 120027.0 110027.0 110022.0 110021.0 110010.0 320027.0 320039.0 320027.0 320027.0 320027.0 320027.0 320027.0 320027.0 420027.0 420027.0 600008.0 500008.0 500008.0 500019.0 500019.0 600019.0 600019.0 1600019.0 100013.0 100013.0 800013.0 800013.0 200000.0 200000.0 200000.0 200000.0 1200000.0 1000001.0 1.0 0 1.0 1000000.0 1000002.0 1000002.0 2000002.0 1000024.0 1000013.0 100005.0 
100005.0 100008.0 100008.0 100010.0 100005.0 110011.0 110022.0 120010.0 120027.0 110027.0 110022.0 110021.0 110010.0 320027.0 320039.0 320027.0 320027.0 320027.0 320027.0 320027.0 320027.0 420027.0 420027.0 600008.0 500008.0 500008.0 500019.0 500019.0 600019.0 600019.0 1600019.0 100013.0 100013.0 800013.0 800013.0 200000.0 200000.0 200000.0 200000.0 1200000.0 1000002.0 2.0 1.0 0 1000001.0 1000003.0 1000003.0 2000003.0 1000025.0 1000014.0 100005.0 
1100005.0 1100008.0 1100008.0 1100010.0 1100005.0 1110011.0 1110022.0 1120010.0 1120027.0 1110027.0 1110022.0 1110021.0 1110010.0 1320027.0 1320039.0 1320027.0 1320027.0 1320027.0 1320027.0 1320027.0 1320027.0 1420027.0 1420027.0 1600008.0 1500008.0 1500008.0 1500019.0 1500019.0 1600019.0 1600019.0 2600019.0 1100013.0 1100013.0 1800013.0 1800013.0 1200000.0 1200000.0 1200000.0 1200000.0 2200000.0 2000000.0 1000000.0 1000000.0 1000001.0 0 2000001.0 2000001.0 3000001.0 2000023.0 2000012.0 1100005.0 
1100007.0 1100010.0 1100010.0 1100012.0 1100007.0 1110013.0 1110024.0 1120012.0 1120029.0 1110029.0 1110024.0 1110023.0 1110012.0 1320029.0 1320041.0 1320029.0 1320029.0 1320029.0 1320029.0 1320029.0 1320029.0 1420029.0 1420029.0 1600010.0 1500010.0 1500010.0 1500021.0 1500021.0 1600021.0 1600021.0 2600021.0 1100015.0 1100015.0 1800015.0 1800015.0 1200002.0 1200002.0 1200002.0 1200002.0 1000001.0 1.0 1000001.0 1000002.0 1000003.0 2000001.0 0 1.0 1000000.0 23.0 12.0 1100007.0 
1100007.0 1100010.0 1100010.0 1100012.0 1100007.0 1110013.0 1110024.0 1120012.0 1120029.0 1110029.0 1110024.0 1110023.0 1110012.0 1320029.0 1320041.0 1320029.0 1320029.0 1320029.0 1320029.0 1320029.0 1320029.0 1420029.0 1420029.0 1600010.0 1500010.0 1500010.0 1500021.0 1500021.0 1600021.0 1600021.0 2600021.0 1100015.0 1100015.0 1800015.0 1800015.0 1200002.0 1200002.0 1200002.0 1200002.0 1000001.0 1.0 1000001.0 1000002.0 1000003.0 2000001.0 1.0 0 1000001.0 22.0 11.0 1100007.0 
2100007.0 2100010.0 2100010.0 2100012.0 2100007.0 2110013.0 2110024.0 2120012.0 2120029.0 2110029.0 2110024.0 2110023.0 2110012.0 2320029.0 2320041.0 2320029.0 2320029.0 2320029.0 2320029.0 2320029.0 2320029.0 2420029.0 2420029.0 2600010.0 2500010.0 2500010.0 2500021.0 2500021.0 2600021.0 2600021.0 3600021.0 2100015.0 2100015.0 2800015.0 2800015.0 2200002.0 2200002.0 2200002.0 2200002.0 2000001.0 1000001.0 2000001.0 2000002.0 2000003.0 3000001.0 1000000.0 1000001.0 0 1000000.0 1000011.0 2100007.0 
1100029.0 1100032.0 1100032.0 1100034.0 1100029.0 1110035.0 1110046.0 1120034.0 1120051.0 1110051.0 1110046.0 1110045.0 1110034.0 1320051.0 1320063.0 1320051.0 1320051.0 1320051.0 1320051.0 1320051.0 1320051.0 1420051.0 1420051.0 1600032.0 1500032.0 1500032.0 1500043.0 1500043.0 1600043.0 1600043.0 2600043.0 1100037.0 1100037.0 1800037.0 1800037.0 1200024.0 1200024.0 1200024.0 1200024.0 1000023.0 23.0 1000023.0 1000024.0 1000025.0 2000023.0 23.0 22.0 1000000.0 0 11.0 1100029.0 
1100018.0 1100021.0 1100021.0 1100023.0 1100018.0 1110024.0 1110035.0 1120023.0 1120040.0 1110040.0 1110035.0 1110034.0 1110023.0 1320040.0 1320052.0 1320040.0 1320040.0 1320040.0 1320040.0 1320040.0 1320040.0 1420040.0 1420040.0 1600021.0 1500021.0 1500021.0 1500032.0 1500032.0 1600032.0 1600032.0 2600032.0 1100026.0 1100026.0 1800026.0 1800026.0 1200013.0 1200013.0 1200013.0 1200013.0 1000012.0 12.0 1000012.0 1000013.0 1000014.0 2000012.0 12.0 11.0 1000011.0 11.0 0 1100018.0 
10.0 10.0 6.0 5.0 6.0 10008.0 10019.0 20011.0 20028.0 10028.0 10023.0 10022.0 10011.0 220028.0 220040.0 220028.0 220028.0 220028.0 220028.0 220028.0 220028.0 320028.0 320028.0 500009.0 400009.0 400009.0 400020.0 400020.0 500020.0 500020.0 1500020.0 14.0 14.0 700014.0 700014.0 100005.0 100005.0 100005.0 100005.0 1100005.0 1100006.0 100006.0 100005.0 100005.0 1100005.0 1100007.0 1100007.0 2100007.0 1100029.0 1100018.0 0 
