100
loc45 loc82 loc90 loc65 loc151 loc50 loc83 loc94 loc34 loc13 loc74 loc23 loc17 loc14 loc121 loc88 loc32 loc189 loc118 loc138 loc84 loc167 loc97 loc72 loc57 loc75 loc157 loc137 loc59 loc40 loc20 loc42 loc163 loc171 loc154 loc80 loc199 loc64 loc3 loc106 loc25 loc53 loc58 loc140 loc172 loc36 loc6 loc156 loc145 loc193 loc11 loc101 loc155 loc142 loc28 loc165 loc122 loc79 loc10 loc147 loc128 loc15 loc111 loc77 loc41 loc51 loc192 loc146 loc183 loc188 loc126 loc141 loc7 loc100 loc26 loc55 loc95 loc114 loc131 loc180 loc185 loc181 loc173 loc194 loc35 loc30 loc38 loc37 loc9 loc170 loc107 loc24 loc61 loc8 loc109 loc39 loc103 loc22 loc136 Soda
0 11.0 9.0 15.0 9.0 10012.0 10023.0 20013.0 20030.0 10030.0 10025.0 10024.0 10013.0 220030.0 220042.0 220030.0 220030.0 220030.0 220030.0 220030.0 220030.0 320030.0 320030.0 500007.0 400007.0 400007.0 400018.0 400018.0 500018.0 500018.0 1500018.0 14.0 15.0 700014.0 700015.0 100005.0 100005.0 100005.0 100005.0 1100006.0 100006.0 100005.0 100005.0 1100005.0 1100007.0 1100007.0 2100007.0 1100029.0 1100018.0 23.0 100022.0 25.0 320045.0 220045.0 1100024.0 25.0 27.0 23.0 21.0 23.0 100022.0 22.0 22.0 26.0 23.0 220045.0 10040.0 500037.0 24.0 23.0 10036.0 23.0 220057.0 27.0 21.0 26.0 24.0 24.0 23.0 19.0 220045.0 25.0 400026.0 28.0 26.0 100022.0 24.0 25.0 700031.0 10045.0 400037.0 1100022.0 220045.0 24.0 1100035.0 100023.0 320045.0 25.0 1100022.0 1100005.0 
11.0 0 10.0 6.0 10.0 10003.0 10014.0 20006.0 20023.0 10023.0 10018.0 10017.0 10006.0 220023.0 220035.0 220023.0 220023.0 220023.0 220023.0 220023.0 220023.0 320023.0 320023.0 500010.0 400010.0 400010.0 400021.0 400021.0 500021.0 500021.0 1500021.0 12.0 11.0 700012.0 700011.0 100008.0 100008.0 100008.0 100008.0 1100009.0 100009.0 100008.0 100008.0 1100008.0 1100010.0 1100010.0 2100010.0 1100032.0 1100021.0 14.0 100013.0 16.0 320036.0 220036.0 1100015.0 16.0 18.0 14.0 12.0 14.0 100013.0 13.0 13.0 17.0 14.0 220036.0 10031.0 500028.0 15.0 14.0 10027.0 14.0 220048.0 18.0 12.0 17.0 15.0 15.0 14.0 10.0 220036.0 16.0 400017.0 19.0 17.0 100013.0 15.0 16.0 700022.0 10036.0 400028.0 1100013.0 220036.0 15.0 1100026.0 100014.0 320036.0 16.0 1100013.0 1100008.0 
9.0 10.0 0 11.0 8.0 10011.0 10022.0 20013.0 20030.0 10030.0 10025.0 10024.0 10013.0 220030.0 220042.0 220030.0 220030.0 220030.0 220030.0 220030.0 220030.0 320030.0 320030.0 500013.0 400013.0 400013.0 400024.0 400024.0 500024.0 500024.0 1500024.0 16.0 15.0 700016.0 700015.0 100008.0 100008.0 100008.0 100008.0 1100009.0 100009.0 100008.0 100008.0 1100008.0 1100010.0 1100010.0 2100010.0 1100032.0 1100021.0 22.0 100021.0 24.0 320044.0 220044.0 1100023.0 24.0 26.0 22.0 20.0 22.0 100021.0 21.0 21.0 25.0 22.0 220044.0 10039.0 500036.0 23.0 22.0 10035.0 22.0 220056.0 26.0 20.0 25.0 23.0 23.0 22.0 18.0 220044.0 24.0 400025.0 27.0 25.0 100021.0 23.0 24.0 700030.0 10044.0 400036.0 1100021.0 220044.0 23.0 1100034.0 100022.0 320044.0 24.0 1100021.0 1100008.0 
15.0 6.0 11.0 0 10.0 10003.0 10014.0 20008.0 20025.0 10025.0 10020.0 10019.0 10008.0 220025.0 220037.0 220025.0 220025.0 220025.0 220025.0 220025.0 220025.0 320025.0 320025.0 500014.0 400014.0 400014.0 400025.0 400025.0 500025.0 500025.0 1500025.0 14.0 15.0 700014.0 700015.0 100010.0 100010.0 100010.0 100010.0 1100011.0 100011.0 100010.0 100010.0 1100010.0 1100012.0 1100012.0 2100012.0 1100034.0 1100023.0 14.0 100013.0 16.0 320036.0 220036.0 1100015.0 16.0 18.0 14.0 12.0 14.0 100013.0 13.0 13.0 17.0 14.0 220036.0 10031.0 500028.0 15.0 14.0 10027.0 14.0 220048.0 18.0 12.0 17.0 15.0 15.0 14.0 10.0 220036.0 16.0 400017.0 19.0 17.0 100013.0 15.0 16.0 700022.0 10036.0 400028.0 1100013.0 220036.0 15.0 1100026.0 100014.0 320036.0 16.0 1100013.0 1100010.0 
9.0 10.0 8.0 10.0 0 10011.0 10022.0 20012.0 20029.0 10029.0 10024.0 10023.0 10012.0 220029.0 220041.0 220029.0 220029.0 220029.0 220029.0 220029.0 220029.0 320029.0 320029.0 500006.0 400006.0 400006.0 400017.0 400017.0 500017.0 500017.0 1500017.0 9.0 8.0 700009.0 700008.0 100005.0 100005.0 100005.0 100005.0 1100006.0 100006.0 100005.0 100005.0 1100005.0 1100007.0 1100007.0 2100007.0 1100029.0 1100018.0 22.0 100021.0 24.0 320044.0 220044.0 1100023.0 24.0 26.0 22.0 20.0 22.0 100021.0 21.0 21.0 25.0 22.0 220044.0 10039.0 500036.0 23.0 22.0 10035.0 22.0 220056.0 26.0 20.0 25.0 23.0 23.0 22.0 18.0 220044.0 24.0 400025.0 27.0 25.0 100021.0 23.0 24.0 700030.0 10044.0 400036.0 1100021.0 220044.0 23.0 1100034.0 100022.0 320044.0 24.0 1100021.0 1100005.0 
10012.0 10003.0 10011.0 10003.0 10011.0 0 11.0 10011.0 20005.0 10005.0 10000.0 10001.0 10012.0 220005.0 220017.0 220005.0 220005.0 220005.0 220005.0 220005.0 220005.0 320005.0 320005.0 510012.0 410012.0 410012.0 410023.0 410023.0 510023.0 510023.0 1510023.0 10015.0 10014.0 710015.0 710014.0 110011.0 110011.0 110011.0 110011.0 1110012.0 110012.0 110011.0 110011.0 1110011.0 1110013.0 1110013.0 2110013.0 1110035.0 1110024.0 10011.0 110010.0 10013.0 330033.0 230033.0 1110012.0 10013.0 10015.0 10011.0 10009.0 10011.0 110010.0 10010.0 10010.0 10014.0 10011.0 230033.0 20028.0 510025.0 10012.0 10011.0 20024.0 10011.0 230045.0 10015.0 10009.0 10014.0 10012.0 10012.0 10011.0 10007.0 230033.0 10013.0 410014.0 10016.0 10014.0 110010.0 10012.0 10013.0 710019.0 20033.0 410025.0 1110010.0 230033.0 10012.0 1110023.0 110011.0 330033.0 10013.0 1110010.0 1110011.0 
10023.0 10014.0 10022.0 10014.0 10022.0 11.0 0 10000.0 20000.0 10016.0 10011.0 10012.0 10023.0 220000.0 220012.0 220000.0 220000.0 220000.0 220000.0 220000.0 220000.0 320000.0 320000.0 510023.0 410023.0 410023.0 410034.0 410034.0 510034.0 510034.0 1510034.0 10026.0 10025.0 710026.0 710025.0 110022.0 110022.0 110022.0 110022.0 1110023.0 110023.0 110022.0 110022.0 1110022.0 1110024.0 1110024.0 2110024.0 1110046.0 1110035.0 10022.0 110021.0 10024.0 330044.0 230044.0 1110023.0 10024.0 10026.0 10022.0 10020.0 10022.0 110021.0 10021.0 10021.0 10025.0 10022.0 230044.0 20039.0 510036.0 10023.0 10022.0 20035.0 10022.0 230056.0 10026.0 10020.0 10025.0 10023.0 10023.0 10022.0 10018.0 230044.0 10024.0 410025.0 10027.0 10025.0 110021.0 10023.0 10024.0 710030.0 20044.0 410036.0 1110021.0 230044.0 10023.0 1110034.0 110022.0 330044.0 10024.0 1110021.0 1110022.0 
20013.0 20006.0 20013.0 20008.0 20012.0 10011.0 10000.0 0 10000.0 10006.0 10001.0 10000.0 10000.0 210000.0 210012.0 210000.0 210000.0 210000.0 210000.0 210000.0 210000.0 310000.0 310000.0 520012.0 420012.0 420012.0 420023.0 420023.0 520023.0 520023.0 1520023.0 20013.0 20012.0 720013.0 720012.0 120010.0 120010.0 120010.0 120010.0 1120011.0 120011.0 120010.0 120010.0 1120010.0 1120012.0 1120012.0 2120012.0 1120034.0 1120023.0 20020.0 120019.0 20022.0 340042.0 240042.0 1120021.0 20022.0 20024.0 20020.0 20018.0 20020.0 120019.0 20019.0 20019.0 20023.0 20020.0 240042.0 30037.0 520034.0 20021.0 20020.0 30033.0 20020.0 240054.0 20024.0 20018.0 20023.0 20021.0 20021.0 20020.0 20016.0 240042.0 20022.0 420023.0 20025.0 20023.0 120019.0 20021.0 20022.0 720028.0 30042.0 420034.0 1120019.0 240042.0 20021.0 1120032.0 120020.0 340042.0 20022.0 1120019.0 1120010.0 
20030.0 20023.0 20030.0 20025.0 20029.0 20005.0 20000.0 10000.0 0 10000.0 10005.0 10006.0 10017.0 200000.0 200012.0 200000.0 200000.0 200000.0 200000.0 200000.0 200000.0 300000.0 300000.0 520029.0 420029.0 420029.0 420040.0 420040.0 520040.0 520040.0 1520040.0 20030.0 20029.0 720030.0 720029.0 120027.0 120027.0 120027.0 120027.0 1120028.0 120028.0 120027.0 120027.0 1120027.0 1120029.0 1120029.0 2120029.0 1120051.0 1120040.0 20037.0 120036.0 20039.0 340059.0 240059.0 1120038.0 20039.0 20041.0 20037.0 20035.0 20037.0 120036.0 20036.0 20036.0 20040.0 20037.0 240059.0 30054.0 520051.0 20038.0 20037.0 30050.0 20037.0 240071.0 20041.0 20035.0 20040.0 20038.0 20038.0 20037.0 20033.0 240059.0 20039.0 420040.0 20042.0 20040.0 120036.0 20038.0 20039.0 720045.0 30059.0 420051.0 1120036.0 240059.0 20038.0 1120049.0 120037.0 340059.0 20039.0 1120036.0 1120027.0 
10030.0 10023.0 10030.0 10025.0 10029.0 10005.0 10016.0 10006.0 10000.0 0 5.0 6.0 17.0 210000.0 210012.0 210000.0 210000.0 210000.0 210000.0 210000.0 210000.0 310000.0 310000.0 510029.0 410029.0 410029.0 410040.0 410040.0 510040.0 510040.0 1510040.0 10030.0 10029.0 710030.0 710029.0 110027.0 110027.0 110027.0 110027.0 1110028.0 110028.0 110027.0 110027.0 1110027.0 1110029.0 1110029.0 2110029.0 1110051.0 1110040.0 10037.0 110036.0 10039.0 330059.0 230059.0 1110038.0 10039.0 10041.0 10037.0 10035.0 10037.0 110036.0 10036.0 10036.0 10040.0 10037.0 230059.0 20054.0 510051.0 10038.0 10037.0 20050.0 10037.0 230071.0 10041.0 10035.0 10040.0 10038.0 10038.0 10037.0 10033.0 230059.0 10039.0 410040.0 10042.0 10040.0 110036.0 10038.0 10039.0 710045.0 20059.0 410051.0 1110036.0 230059.0 10038.0 1110049.0 110037.0 330059.0 10039.0 1110036.0 1110027.0 
10025.0 10018.0 10025.0 10020.0 10024.0 10000.0 10011.0 10001.0 10005.0 5.0 0 1.0 12.0 210005.0 210017.0 210005.0 210005.0 210005.0 210005.0 210005.0 210005.0 310005.0 310005.0 510024.0 410024.0 410024.0 410035.0 410035.0 510035.0 510035.0 1510035.0 10025.0 10024.0 710025.0 710024.0 110022.0 110022.0 110022.0 110022.0 1110023.0 110023.0 110022.0 110022.0 1110022.0 1110024.0 1110024.0 2110024.0 1110046.0 1110035.0 10032.0 110031.0 10034.0 330054.0 230054.0 1110033.0 10034.0 10036.0 10032.0 10030.0 10032.0 110031.0 10031.0 10031.0 10035.0 10032.0 230054.0 20049.0 510046.0 10033.0 10032.0 20045.0 10032.0 230066.0 10036.0 10030.0 10035.0 10033.0 10033.0 10032.0 10028.0 230054.0 10034.0 410035.0 10037.0 10035.0 110031.0 10033.0 10034.0 710040.0 20054.0 410046.0 1110031.0 230054.0 10033.0 1110044.0 110032.0 330054.0 10034.0 1110031.0 1110022.0 
10024.0 10017.0 10024.0 10019.0 10023.0 10001.0 10012.0 10000.0 10006.0 6.0 1.0 0 11.0 210006.0 210018.0 210006.0 210006.0 210006.0 210006.0 210006.0 210006.0 310006.0 310006.0 510023.0 410023.0 410023.0 410034.0 410034.0 510034.0 510034.0 1510034.0 10024.0 10023.0 710024.0 710023.0 110021.0 110021.0 110021.0 110021.0 1110022.0 110022.0 110021.0 110021.0 1110021.0 1110023.0 1110023.0 2110023.0 1110045.0 1110034.0 10031.0 110030.0 10033.0 330053.0 230053.0 1110032.0 10033.0 10035.0 10031.0 10029.0 10031.0 110030.0 10030.0 10030.0 10034.0 10031.0 230053.0 20048.0 510045.0 10032.0 10031.0 20044.0 10031.0 230065.0 10035.0 10029.0 10034.0 10032.0 10032.0 10031.0 10027.0 230053.0 10033.0 410034.0 10036.0 10034.0 110030.0 10032.0 10033.0 710039.0 20053.0 410045.0 1110030.0 230053.0 10032.0 1110043.0 110031.0 330053.0 10033.0 1110030.0 1110021.0 
10013.0 10006.0 10013.0 10008.0 10012.0 10012.0 10023.0 10000.0 10017.0 17.0 12.0 11.0 0 210017.0 210029.0 210017.0 210017.0 210017.0 210017.0 210017.0 210017.0 310017.0 310017.0 510012.0 410012.0 410012.0 410023.0 410023.0 510023.0 510023.0 1510023.0 10013.0 10012.0 710013.0 710012.0 110010.0 110010.0 110010.0 110010.0 1110011.0 110011.0 110010.0 110010.0 1110010.0 1110012.0 1110012.0 2110012.0 1110034.0 1110023.0 10020.0 110019.0 10022.0 330042.0 230042.0 1110021.0 10022.0 10024.0 10020.0 10018.0 10020.0 110019.0 10019.0 10019.0 10023.0 10020.0 230042.0 20037.0 510034.0 10021.0 10020.0 20033.0 10020.0 230054.0 10024.0 10018.0 10023.0 10021.0 10021.0 10020.0 10016.0 230042.0 10022.0 410023.0 10025.0 10023.0 110019.0 10021.0 10022.0 710028.0 20042.0 410034.0 1110019.0 230042.0 10021.0 1110032.0 110020.0 330042.0 10022.0 1110019.0 1110010.0 
220030.0 220023.0 220030.0 220025.0 220029.0 220005.0 220000.0 210000.0 200000.0 210000.0 210005.0 210006.0 210017.0 0 12.0 11.0 400000.0 400000.0 399999.0 400000.0 400000.0 500000.0 500000.0 720029.0 620029.0 620029.0 620040.0 620040.0 720040.0 720040.0 1720040.0 220030.0 220029.0 920030.0 920029.0 320027.0 320027.0 320027.0 320027.0 1320028.0 320028.0 320027.0 320027.0 1320027.0 1320029.0 1320029.0 2320029.0 1320051.0 1320040.0 220037.0 320036.0 220039.0 540059.0 440059.0 1320038.0 220039.0 220041.0 220037.0 220035.0 220037.0 320036.0 220036.0 220036.0 220040.0 220037.0 440059.0 230054.0 720051.0 220038.0 220037.0 230050.0 220037.0 440071.0 220041.0 220035.0 220040.0 220038.0 220038.0 220037.0 220033.0 440059.0 220039.0 620040.0 220042.0 220040.0 320036.0 220038.0 220039.0 920045.0 230059.0 620051.0 1320036.0 440059.0 220038.0 1320049.0 320037.0 540059.0 220039.0 1320036.0 1320027.0 
220042.0 220035.0 220042.0 220037.0 220041.0 220017.0 220012.0 210012.0 200012.0 210012.0 210017.0 210018.0 210029.0 12.0 0 13.0 400012.0 400012.0 400011.0 400012.0 400012.0 500012.0 500012.0 720041.0 620041.0 620041.0 620052.0 620052.0 720052.0 720052.0 1720052.0 220042.0 220041.0 920042.0 920041.0 320039.0 320039.0 320039.0 320039.0 1320040.0 320040.0 320039.0 320039.0 1320039.0 1320041.0 1320041.0 2320041.0 1320063.0 1320052.0 220049.0 320048.0 220051.0 540071.0 440071.0 1320050.0 220051.0 220053.0 220049.0 220047.0 220049.0 320048.0 220048.0 220048.0 220052.0 220049.0 440071.0 230066.0 720063.0 220050.0 220049.0 230062.0 220049.0 440083.0 220053.0 220047.0 220052.0 220050.0 220050.0 220049.0 220045.0 440071.0 220051.0 620052.0 220054.0 220052.0 320048.0 220050.0 220051.0 920057.0 230071.0 620063.0 1320048.0 440071.0 220050.0 1320061.0 320049.0 540071.0 220051.0 1320048.0 1320039.0 
220030.0 220023.0 220030.0 220025.0 220029.0 220005.0 220000.0 210000.0 200000.0 210000.0 210005.0 210006.0 210017.0 11.0 13.0 0 400000.0 400000.0 400000.0 400000.0 400000.0 500000.0 500000.0 720029.0 620029.0 620029.0 620040.0 620040.0 720040.0 720040.0 1720040.0 220030.0 220029.0 920030.0 920029.0 320027.0 320027.0 320027.0 320027.0 1320028.0 320028.0 320027.0 320027.0 1320027.0 1320029.0 1320029.0 2320029.0 1320051.0 1320040.0 220037.0 320036.0 220039.0 540059.0 440059.0 1320038.0 220039.0 220041.0 220037.0 220035.0 220037.0 320036.0 220036.0 220036.0 220040.0 220037.0 440059.0 230054.0 720051.0 220038.0 220037.0 230050.0 220037.0 440071.0 220041.0 220035.0 220040.0 220038.0 220038.0 220037.0 220033.0 440059.0 220039.0 620040.0 220042.0 220040.0 320036.0 220038.0 220039.0 920045.0 230059.0 620051.0 1320036.0 440059.0 220038.0 1320049.0 320037.0 540059.0 220039.0 1320036.0 1320027.0 
220030.0 220023.0 220030.0 220025.0 220029.0 220005.0 220000.0 210000.0 200000.0 210000.0 210005.0 210006.0 210017.0 400000.0 400012.0 400000.0 0 100000.0 400000.0 400000.0 400000.0 500000.0 500000.0 720029.0 620029.0 620029.0 620040.0 620040.0 720040.0 720040.0 1720040.0 220030.0 220029.0 920030.0 920029.0 320027.0 320027.0 320027.0 320027.0 1320028.0 320028.0 320027.0 320027.0 1320027.0 1320029.0 1320029.0 2320029.0 1320051.0 1320040.0 220037.0 320036.0 220039.0 540059.0 440059.0 1320038.0 220039.0 220041.0 220037.0 220035.0 220037.0 320036.0 220036.0 220036.0 220040.0 220037.0 440059.0 230054.0 720051.0 220038.0 220037.0 230050.0 220037.0 440071.0 220041.0 220035.0 220040.0 220038.0 220038.0 220037.0 220033.0 440059.0 220039.0 620040.0 220042.0 220040.0 320036.0 220038.0 220039.0 920045.0 230059.0 620051.0 1320036.0 440059.0 220038.0 1320049.0 320037.0 540059.0 220039.0 1320036.0 1320027.0 
220030.0 220023.0 220030.0 220025.0 220029.0 220005.0 220000.0 210000.0 200000.0 210000.0 210005.0 210006.0 210017.0 400000.0 400012.0 400000.0 100000.0 0 400000.0 400000.0 400000.0 500000.0 499999.0 720029.0 620029.0 620029.0 620040.0 620040.0 720040.0 720040.0 1720040.0 220030.0 220029.0 920030.0 920029.0 320027.0 320027.0 320027.0 320027.0 1320028.0 320028.0 320027.0 320027.0 1320027.0 1320029.0 1320029.0 2320029.0 1320051.0 1320040.0 220037.0 320036.0 220039.0 540059.0 440059.0 1320038.0 220039.0 220041.0 220037.0 220035.0 220037.0 320036.0 220036.0 220036.0 220040.0 220037.0 440059.0 230054.0 720051.0 220038.0 220037.0 230050.0 220037.0 440071.0 220041.0 220035.0 220040.0 220038.0 220038.0 220037.0 220033.0 440059.0 220039.0 620040.0 220042.0 220040.0 320036.0 220038.0 220039.0 920045.0 230059.0 620051.0 1320036.0 440059.0 220038.0 1320049.0 320037.0 540059.0 220039.0 1320036.0 1320027.0 
220030.0 220023.0 220030.0 220025.0 220029.0 220005.0 220000.0 210000.0 200000.0 210000.0 210005.0 210006.0 210017.0 399999.0 400011.0 400000.0 400000.0 400000.0 0 400000.0 400000.0 500000.0 500000.0 720029.0 620029.0 620029.0 620040.0 620040.0 720040.0 720040.0 1720040.0 220030.0 220029.0 920030.0 920029.0 320027.0 320027.0 320027.0 320027.0 1320028.0 320028.0 320027.0 320027.0 1320027.0 1320029.0 1320029.0 2320029.0 1320051.0 1320040.0 220037.0 320036.0 220039.0 540059.0 440059.0 1320038.0 220039.0 220041.0 220037.0 220035.0 220037.0 320036.0 220036.0 220036.0 220040.0 220037.0 440059.0 230054.0 720051.0 220038.0 220037.0 230050.0 220037.0 440071.0 220041.0 220035.0 220040.0 220038.0 220038.0 220037.0 220033.0 440059.0 220039.0 620040.0 220042.0 220040.0 320036.0 220038.0 220039.0 920045.0 230059.0 620051.0 1320036.0 440059.0 220038.0 1320049.0 320037.0 540059.0 220039.0 1320036.0 1320027.0 
220030.0 220023.0 220030.0 220025.0 220029.0 220005.0 220000.0 210000.0 200000.0 210000.0 210005.0 210006.0 210017.0 400000.0 400012.0 400000.0 400000.0 400000.0 400000.0 0 400000.0 500000.0 500000.0 720029.0 620029.0 620029.0 620040.0 620040.0 720040.0 720040.0 1720040.0 220030.0 220029.0 920030.0 920029.0 320027.0 320027.0 320027.0 320027.0 1320028.0 320028.0 320027.0 320027.0 1320027.0 1320029.0 1320029.0 2320029.0 1320051.0 1320040.0 220037.0 320036.0 220039.0 540059.0 440059.0 1320038.0 220039.0 220041.0 220037.0 220035.0 220037.0 320036.0 220036.0 220036.0 220040.0 220037.0 440059.0 230054.0 720051.0 220038.0 220037.0 230050.0 220037.0 440071.0 220041.0 220035.0 220040.0 220038.0 220038.0 220037.0 220033.0 440059.0 220039.0 620040.0 220042.0 220040.0 320036.0 220038.0 220039.0 920045.0 230059.0 620051.0 1320036.0 440059.0 220038.0 1320049.0 320037.0 540059.0 220039.0 1320036.0 1320027.0 
220030.0 220023.0 220030.0 220025.0 220029.0 220005.0 220000.0 210000.0 200000.0 210000.0 210005.0 210006.0 210017.0 400000.0 400012.0 400000.0 400000.0 400000.0 400000.0 400000.0 0 100000.0 100000.0 720029.0 620029.0 620029.0 620040.0 620040.0 720040.0 720040.0 1720040.0 220030.0 220029.0 920030.0 920029.0 320027.0 320027.0 320027.0 320027.0 1320028.0 320028.0 320027.0 320027.0 1320027.0 1320029.0 1320029.0 2320029.0 1320051.0 1320040.0 220037.0 320036.0 220039.0 540059.0 440059.0 1320038.0 220039.0 220041.0 220037.0 220035.0 220037.0 320036.0 220036.0 220036.0 220040.0 220037.0 440059.0 230054.0 720051.0 220038.0 220037.0 230050.0 220037.0 440071.0 220041.0 220035.0 220040.0 220038.0 220038.0 220037.0 220033.0 440059.0 220039.0 620040.0 220042.0 220040.0 320036.0 220038.0 220039.0 920045.0 230059.0 620051.0 1320036.0 440059.0 220038.0 1320049.0 320037.0 540059.0 220039.0 1320036.0 1320027.0 
320030.0 320023.0 320030.0 320025.0 320029.0 320005.0 320000.0 310000.0 300000.0 310000.0 310005.0 310006.0 310017.0 500000.0 500012.0 500000.0 500000.0 500000.0 500000.0 500000.0 100000.0 0 100000.0 820029.0 720029.0 720029.0 720040.0 720040.0 820040.0 820040.0 1820040.0 320030.0 320029.0 1020030.0 1020029.0 420027.0 420027.0 420027.0 420027.0 1420028.0 420028.0 420027.0 420027.0 1420027.0 1420029.0 1420029.0 2420029.0 1420051.0 1420040.0 320037.0 420036.0 320039.0 640059.0 540059.0 1420038.0 320039.0 320041.0 320037.0 320035.0 320037.0 420036.0 320036.0 320036.0 320040.0 320037.0 540059.0 330054.0 820051.0 320038.0 320037.0 330050.0 320037.0 540071.0 320041.0 320035.0 320040.0 320038.0 320038.0 320037.0 320033.0 540059.0 320039.0 720040.0 320042.0 320040.0 420036.0 320038.0 320039.0 1020045.0 330059.0 720051.0 1420036.0 540059.0 320038.0 1420049.0 420037.0 640059.0 320039.0 1420036.0 1420027.0 
320030.0 320023.0 320030.0 320025.0 320029.0 320005.0 320000.0 310000.0 300000.0 310000.0 310005.0 310006.0 310017.0 500000.0 500012.0 500000.0 500000.0 499999.0 500000.0 500000.0 100000.0 100000.0 0 820029.0 720029.0 720029.0 720040.0 720040.0 820040.0 820040.0 1820040.0 320030.0 320029.0 1020030.0 1020029.0 420027.0 420027.0 420027.0 420027.0 1420028.0 420028.0 420027.0 420027.0 1420027.0 1420029.0 1420029.0 2420029.0 1420051.0 1420040.0 320037.0 420036.0 320039.0 640059.0 540059.0 1420038.0 320039.0 320041.0 320037.0 320035.0 320037.0 420036.0 320036.0 320036.0 320040.0 320037.0 540059.0 330054.0 820051.0 320038.0 320037.0 330050.0 320037.0 540071.0 320041.0 320035.0 320040.0 320038.0 320038.0 320037.0 320033.0 540059.0 320039.0 720040.0 320042.0 320040.0 420036.0 320038.0 320039.0 1020045.0 330059.0 720051.0 1420036.0 540059.0 320038.0 1420049.0 420037.0 640059.0 320039.0 1420036.0 1420027.0 
500007.0 500010.0 500013.0 500014.0 500006.0 510012.0 510023.0 520012.0 520029.0 510029.0 510024.0 510023.0 510012.0 720029.0 720041.0 720029.0 720029.0 720029.0 720029.0 720029.0 720029.0 820029.0 820029.0 0 100000.0 100000.0 100011.0 100011.0 200011.0 200011.0 1200011.0 500015.0 500014.0 1200015.0 1200014.0 600008.0 600008.0 600008.0 600008.0 1600009.0 600009.0 600008.0 600008.0 1600008.0 1600010.0 1600010.0 2600010.0 1600032.0 1600021.0 500023.0 600022.0 500025.0 820045.0 720045.0 1600024.0 500025.0 500027.0 500023.0 500021.0 500023.0 600022.0 500022.0 500022.0 500026.0 500023.0 720045.0 510040.0 1000037.0 500024.0 500023.0 510036.0 500023.0 720057.0 500027.0 500021.0 500026.0 500024.0 500024.0 500023.0 500019.0 720045.0 500025.0 900026.0 500028.0 500026.0 600022.0 500024.0 500025.0 1200031.0 510045.0 900037.0 1600022.0 720045.0 500024.0 1600035.0 600023.0 820045.0 500025.0 1600022.0 1600008.0 
400007.0 400010.0 400013.0 400014.0 400006.0 410012.0 410023.0 420012.0 420029.0 410029.0 410024.0 410023.0 410012.0 620029.0 620041.0 620029.0 620029.0 620029.0 620029.0 620029.0 620029.0 720029.0 720029.0 100000.0 0 100000.0 11.0 100011.0 100011.0 200011.0 1100011.0 400015.0 400014.0 1100015.0 1100014.0 500008.0 500008.0 500008.0 500008.0 1500009.0 500009.0 500008.0 500008.0 1500008.0 1500010.0 1500010.0 2500010.0 1500032.0 1500021.0 400023.0 500022.0 400025.0 720045.0 620045.0 1500024.0 400025.0 400027.0 400023.0 400021.0 400023.0 500022.0 400022.0 400022.0 400026.0 400023.0 620045.0 410040.0 900037.0 400024.0 400023.0 410036.0 400023.0 620057.0 400027.0 400021.0 400026.0 400024.0 400024.0 400023.0 400019.0 620045.0 400025.0 800026.0 400028.0 400026.0 500022.0 400024.0 400025.0 1100031.0 410045.0 800037.0 1500022.0 620045.0 400024.0 1500035.0 500023.0 720045.0 400025.0 1500022.0 1500008.0 
400007.0 400010.0 400013.0 400014.0 400006.0 410012.0 410023.0 420012.0 420029.0 410029.0 410024.0 410023.0 410012.0 620029.0 620041.0 620029.0 620029.0 620029.0 620029.0 620029.0 620029.0 720029.0 720029.0 100000.0 100000.0 0 100011.0 11.0 200011.0 100011.0 1100011.0 400015.0 400014.0 1100015.0 1100014.0 500008.0 500008.0 500008.0 500008.0 1500009.0 500009.0 500008.0 500008.0 1500008.0 1500010.0 1500010.0 2500010.0 1500032.0 1500021.0 400023.0 500022.0 400025.0 720045.0 620045.0 1500024.0 400025.0 400027.0 400023.0 400021.0 400023.0 500022.0 400022.0 400022.0 400026.0 400023.0 620045.0 410040.0 900037.0 400024.0 400023.0 410036.0 400023.0 620057.0 400027.0 400021.0 400026.0 400024.0 400024.0 400023.0 400019.0 620045.0 400025.0 800026.0 400028.0 400026.0 500022.0 400024.0 400025.0 1100031.0 410045.0 800037.0 1500022.0 620045.0 400024.0 1500035.0 500023.0 720045.0 400025.0 1500022.0 1500008.0 
400018.0 400021.0 400024.0 400025.0 400017.0 410023.0 410034.0 420023.0 420040.0 410040.0 410035.0 410034.0 410023.0 620040.0 620052.0 620040.0 620040.0 620040.0 620040.0 620040.0 620040.0 720040.0 720040.0 100011.0 11.0 100011.0 0 100022.0 100000.0 200022.0 1100000.0 400026.0 400025.0 1100026.0 1100025.0 500019.0 500019.0 500019.0 500019.0 1500020.0 500020.0 500019.0 500019.0 1500019.0 1500021.0 1500021.0 2500021.0 1500043.0 1500032.0 400034.0 500033.0 400036.0 720056.0 620056.0 1500035.0 400036.0 400038.0 400034.0 400032.0 400034.0 500033.0 400033.0 400033.0 400037.0 400034.0 620056.0 410051.0 900048.0 400035.0 400034.0 410047.0 400034.0 620068.0 400038.0 400032.0 400037.0 400035.0 400035.0 400034.0 400030.0 620056.0 400036.0 800037.0 400039.0 400037.0 500033.0 400035.0 400036.0 1100042.0 410056.0 800048.0 1500033.0 620056.0 400035.0 1500046.0 500034.0 720056.0 400036.0 1500033.0 1500019.0 
400018.0 400021.0 400024.0 400025.0 400017.0 410023.0 410034.0 420023.0 420040.0 410040.0 410035.0 410034.0 410023.0 620040.0 620052.0 620040.0 620040.0 620040.0 620040.0 620040.0 620040.0 720040.0 720040.0 100011.0 100011.0 11.0 100022.0 0 200022.0 100000.0 1100000.0 400026.0 400025.0 1100026.0 1100025.0 500019.0 500019.0 500019.0 500019.0 1500020.0 500020.0 500019.0 500019.0 1500019.0 1500021.0 1500021.0 2500021.0 1500043.0 1500032.0 400034.0 500033.0 400036.0 720056.0 620056.0 1500035.0 400036.0 400038.0 400034.0 400032.0 400034.0 500033.0 400033.0 400033.0 400037.0 400034.0 620056.0 410051.0 900048.0 400035.0 400034.0 410047.0 400034.0 620068.0 400038.0 400032.0 400037.0 400035.0 400035.0 400034.0 400030.0 620056.0 400036.0 800037.0 400039.0 400037.0 500033.0 400035.0 400036.0 1100042.0 410056.0 800048.0 1500033.0 620056.0 400035.0 1500046.0 500034.0 720056.0 400036.0 1500033.0 1500019.0 
500018.0 500021.0 500024.0 500025.0 500017.0 510023.0 510034.0 520023.0 520040.0 510040.0 510035.0 510034.0 510023.0 720040.0 720052.0 720040.0 720040.0 720040.0 720040.0 720040.0 720040.0 820040.0 820040.0 200011.0 100011.0 200011.0 100000.0 200022.0 0 300022.0 1000000.0 500026.0 500025.0 1200026.0 1200025.0 600019.0 600019.0 600019.0 600019.0 1600020.0 600020.0 600019.0 600019.0 1600019.0 1600021.0 1600021.0 2600021.0 1600043.0 1600032.0 500034.0 600033.0 500036.0 820056.0 720056.0 1600035.0 500036.0 500038.0 500034.0 500032.0 500034.0 600033.0 500033.0 500033.0 500037.0 500034.0 720056.0 510051.0 1000048.0 500035.0 500034.0 510047.0 500034.0 720068.0 500038.0 500032.0 500037.0 500035.0 500035.0 500034.0 500030.0 720056.0 500036.0 900037.0 500039.0 500037.0 600033.0 500035.0 500036.0 1200042.0 510056.0 900048.0 1600033.0 720056.0 500035.0 1600046.0 600034.0 820056.0 500036.0 1600033.0 1600019.0 
500018.0 500021.0 500024.0 500025.0 500017.0 510023.0 510034.0 520023.0 520040.0 510040.0 510035.0 510034.0 510023.0 720040.0 720052.0 720040.0 720040.0 720040.0 720040.0 720040.0 720040.0 820040.0 820040.0 200011.0 200011.0 100011.0 200022.0 100000.0 300022.0 0 1000000.0 500026.0 500025.0 1200026.0 1200025.0 600019.0 600019.0 600019.0 600019.0 1600020.0 600020.0 600019.0 600019.0 1600019.0 1600021.0 1600021.0 2600021.0 1600043.0 1600032.0 500034.0 600033.0 500036.0 820056.0 720056.0 1600035.0 500036.0 500038.0 500034.0 500032.0 500034.0 600033.0 500033.0 500033.0 500037.0 500034.0 720056.0 510051.0 1000048.0 500035.0 500034.0 510047.0 500034.0 720068.0 500038.0 500032.0 500037.0 500035.0 500035.0 500034.0 500030.0 720056.0 500036.0 900037.0 500039.0 500037.0 600033.0 500035.0 500036.0 1200042.0 510056.0 900048.0 1600033.0 720056.0 500035.0 1600046.0 600034.0 820056.0 500036.0 1600033.0 1600019.0 
1500018.0 1500021.0 1500024.0 1500025.0 1500017.0 1510023.0 1510034.0 1520023.0 1520040.0 1510040.0 1510035.0 1510034.0 1510023.0 1720040.0 1720052.0 1720040.0 1720040.0 1720040.0 1720040.0 1720040.0 1720040.0 1820040.0 1820040.0 1200011.0 1100011.0 1100011.0 1100000.0 1100000.0 1000000.0 1000000.0 0 1500026.0 1500025.0 2200026.0 2200025.0 1600019.0 1600019.0 1600019.0 1600019.0 2600020.0 1600020.0 1600019.0 1600019.0 2600019.0 2600021.0 2600021.0 3600021.0 2600043.0 2600032.0 1500034.0 1600033.0 1500036.0 1820056.0 1720056.0 2600035.0 1500036.0 1500038.0 1500034.0 1500032.0 1500034.0 1600033.0 1500033.0 1500033.0 1500037.0 1500034.0 1720056.0 1510051.0 2000048.0 1500035.0 1500034.0 1510047.0 1500034.0 1720068.0 1500038.0 1500032.0 1500037.0 1500035.0 1500035.0 1500034.0 1500030.0 1720056.0 1500036.0 1900037.0 1500039.0 1500037.0 1600033.0 1500035.0 1500036.0 2200042.0 1510056.0 1900048.0 2600033.0 1720056.0 1500035.0 2600046.0 1600034.0 1820056.0 1500036.0 2600033.0 2600019.0 
14.0 12.0 16.0 14.0 9.0 10015.0 10026.0 20013.0 20030.0 10030.0 10025.0 10024.0 10013.0 220030.0 220042.0 220030.0 220030.0 220030.0 220030.0 220030.0 220030.0 320030.0 320030.0 500015.0 400015.0 400015.0 400026.0 400026.0 500026.0 500026.0 1500026.0 0 1.0 700000.0 700001.0 100013.0 100013.0 100013.0 100013.0 1100014.0 100014.0 100013.0 100013.0 1100013.0 1100015.0 1100015.0 2100015.0 1100037.0 1100026.0 26.0 100025.0 28.0 320048.0 220048.0 1100027.0 28.0 30.0 26.0 24.0 26.0 100025.0 25.0 25.0 29.0 26.0 220048.0 10043.0 500040.0 27.0 26.0 10039.0 26.0 220060.0 30.0 24.0 29.0 27.0 27.0 26.0 22.0 220048.0 28.0 400029.0 31.0 29.0 100025.0 27.0 28.0 700034.0 10048.0 400040.0 1100025.0 220048.0 27.0 1100038.0 100026.0 320048.0 28.0 1100025.0 1100013.0 
15.0 11.0 15.0 15.0 8.0 10014.0 10025.0 20012.0 20029.0 10029.0 10024.0 10023.0 10012.0 220029.0 220041.0 220029.0 220029.0 220029.0 220029.0 220029.0 220029.0 320029.0 320029.0 500014.0 400014.0 400014.0 400025.0 400025.0 500025.0 500025.0 1500025.0 1.0 0 700001.0 700000.0 100013.0 100013.0 100013.0 100013.0 1100014.0 100014.0 100013.0 100013.0 1100013.0 1100015.0 1100015.0 2100015.0 1100037.0 1100026.0 25.0 100024.0 27.0 320047.0 220047.0 1100026.0 27.0 29.0 25.0 23.0 25.0 100024.0 24.0 24.0 28.0 25.0 220047.0 10042.0 500039.0 26.0 25.0 10038.0 25.0 220059.0 29.0 23.0 28.0 26.0 26.0 25.0 21.0 220047.0 27.0 400028.0 30.0 28.0 100024.0 26.0 27.0 700033.0 10047.0 400039.0 1100024.0 220047.0 26.0 1100037.0 100025.0 320047.0 27.0 1100024.0 1100013.0 
700014.0 700012.0 700016.0 700014.0 700009.0 710015.0 710026.0 720013.0 720030.0 710030.0 710025.0 710024.0 710013.0 920030.0 920042.0 920030.0 920030.0 920030.0 920030.0 920030.0 920030.0 1020030.0 1020030.0 1200015.0 1100015.0 1100015.0 1100026.0 1100026.0 1200026.0 1200026.0 2200026.0 700000.0 700001.0 0 1000000.0 800013.0 800013.0 800013.0 800013.0 1800014.0 800014.0 800013.0 800013.0 1800013.0 1800015.0 1800015.0 2800015.0 1800037.0 1800026.0 700026.0 800025.0 700028.0 1020048.0 920048.0 1800027.0 700028.0 700030.0 700026.0 700024.0 700026.0 800025.0 700025.0 700025.0 700029.0 700026.0 920048.0 710043.0 1200040.0 700027.0 700026.0 710039.0 700026.0 920060.0 700030.0 700024.0 700029.0 700027.0 700027.0 700026.0 700022.0 920048.0 700028.0 1100029.0 700031.0 700029.0 800025.0 700027.0 700028.0 1400034.0 710048.0 1100040.0 1800025.0 920048.0 700027.0 1800038.0 800026.0 1020048.0 700028.0 1800025.0 1800013.0 
700015.0 700011.0 700015.0 700015.0 700008.0 710014.0 710025.0 720012.0 720029.0 710029.0 710024.0 710023.0 710012.0 920029.0 920041.0 920029.0 920029.0 920029.0 920029.0 920029.0 920029.0 1020029.0 1020029.0 1200014.0 1100014.0 1100014.0 1100025.0 1100025.0 1200025.0 1200025.0 2200025.0 700001.0 700000.0 1000000.0 0 800013.0 800013.0 800013.0 800013.0 1800014.0 800014.0 800013.0 800013.0 1800013.0 1800015.0 1800015.0 2800015.0 1800037.0 1800026.0 700025.0 800024.0 700027.0 1020047.0 920047.0 1800026.0 700027.0 700029.0 700025.0 700023.0 700025.0 800024.0 700024.0 700024.0 700028.0 700025.0 920047.0 710042.0 1200039.0 700026.0 700025.0 710038.0 700025.0 920059.0 700029.0 700023.0 700028.0 700026.0 700026.0 700025.0 700021.0 920047.0 700027.0 1100028.0 700030.0 700028.0 800024.0 700026.0 700027.0 1400033.0 710047.0 1100039.0 1800024.0 920047.0 700026.0 1800037.0 800025.0 1020047.0 700027.0 1800024.0 1800013.0 
100005.0 100008.0 100008.0 100010.0 100005.0 110011.0 110022.0 120010.0 120027.0 110027.0 110022.0 110021.0 110010.0 320027.0 320039.0 320027.0 320027.0 320027.0 320027.0 320027.0 320027.0 420027.0 420027.0 600008.0 500008.0 500008.0 500019.0 500019.0 600019.0 600019.0 1600019.0 100013.0 100013.0 800013.0 800013.0 0 1.0 2.0 100002.0 1200001.0 200001.0 200000.0 200000.0 1200000.0 1200002.0 1200002.0 2200002.0 1200024.0 1200013.0 100022.0 200021.0 100024.0 420044.0 320044.0 1200023.0 100024.0 100026.0 100022.0 100020.0 100022.0 200021.0 100021.0 100021.0 100025.0 100022.0 320044.0 110039.0 600036.0 100023.0 100022.0 110035.0 100022.0 320056.0 100026.0 100020.0 100025.0 100023.0 100023.0 100022.0 100018.0 320044.0 100024.0 500025.0 100027.0 100025.0 200021.0 100023.0 100024.0 800030.0 110044.0 500036.0 1200021.0 320044.0 100023.0 1200034.0 200022.0 420044.0 100024.0 1200021.0 1100002.0 
100005.0 100008.0 100008.0 100010.0 100005.0 110011.0 110022.0 120010.0 120027.0 110027.0 110022.0 110021.0 110010.0 320027.0 320039.0 320027.0 320027.0 320027.0 320027.0 320027.0 320027.0 420027.0 420027.0 600008.0 500008.0 500008.0 500019.0 500019.0 600019.0 600019.0 1600019.0 100013.0 100013.0 800013.0 800013.0 1.0 0 1.0 100001.0 1200001.0 200001.0 200000.0 200000.0 1200000.0 1200002.0 1200002.0 2200002.0 1200024.0 1200013.0 100022.0 200021.0 100024.0 420044.0 320044.0 1200023.0 100024.0 100026.0 100022.0 100020.0 100022.0 200021.0 100021.0 100021.0 100025.0 100022.0 320044.0 110039.0 600036.0 100023.0 100022.0 110035.0 100022.0 320056.0 100026.0 100020.0 100025.0 100023.0 100023.0 100022.0 100018.0 320044.0 100024.0 500025.0 100027.0 100025.0 200021.0 100023.0 100024.0 800030.0 110044.0 500036.0 1200021.0 320044.0 100023.0 1200034.0 200022.0 420044.0 100024.0 1200021.0 1100001.0 
100005.0 100008.0 100008.0 100010.0 100005.0 110011.0 110022.0 120010.0 120027.0 110027.0 110022.0 110021.0 110010.0 320027.0 320039.0 320027.0 320027.0 320027.0 320027.0 320027.0 320027.0 420027.0 420027.0 600008.0 500008.0 500008.0 500019.0 500019.0 600019.0 600019.0 1600019.0 100013.0 100013.0 800013.0 800013.0 2.0 1.0 0 100000.0 1200001.0 200001.0 200000.0 200000.0 1200000.0 1200002.0 1200002.0 2200002.0 1200024.0 1200013.0 100022.0 200021.0 100024.0 420044.0 320044.0 1200023.0 100024.0 100026.0 100022.0 100020.0 100022.0 200021.0 100021.0 100021.0 100025.0 100022.0 320044.0 110039.0 600036.0 100023.0 100022.0 110035.0 100022.0 320056.0 100026.0 100020.0 100025.0 100023.0 100023.0 100022.0 100018.0 320044.0 100024.0 500025.0 100027.0 100025.0 200021.0 100023.0 100024.0 800030.0 110044.0 500036.0 1200021.0 320044.0 100023.0 1200034.0 200022.0 420044.0 100024.0 1200021.0 1100000.0 
100005.0 100008.0 100008.0 100010.0 100005.0 110011.0 110022.0 120010.0 120027.0 110027.0 110022.0 110021.0 110010.0 320027.0 320039.0 320027.0 320027.0 320027.0 320027.0 320027.0 320027.0 420027.0 420027.0 600008.0 500008.0 500008.0 500019.0 500019.0 600019.0 600019.0 1600019.0 100013.0 100013.0 800013.0 800013.0 100002.0 100001.0 100000.0 0 1200001.0 200001.0 200000.0 200000.0 1200000.0 1200002.0 1200002.0 2200002.0 1200024.0 1200013.0 100022.0 200021.0 100024.0 420044.0 320044.0 1200023.0 100024.0 100026.0 100022.0 100020.0 100022.0 200021.0 100021.0 100021.0 100025.0 100022.0 320044.0 110039.0 600036.0 100023.0 100022.0 110035.0 100022.0 320056.0 100026.0 100020.0 100025.0 100023.0 100023.0 100022.0 100018.0 320044.0 100024.0 500025.0 100027.0 100025.0 200021.0 100023.0 100024.0 800030.0 110044.0 500036.0 1200021.0 320044.0 100023.0 1200034.0 200022.0 420044.0 100024.0 1200021.0 1000000.0 
1100006.0 1100009.0 1100009.0 1100011.0 1100006.0 1110012.0 1110023.0 1120011.0 1120028.0 1110028.0 1110023.0 1110022.0 1110011.0 1320028.0 1320040.0 1320028.0 1320028.0 1320028.0 1320028.0 1320028.0 1320028.0 1420028.0 1420028.0 1600009.0 1500009.0 1500009.0 1500020.0 1500020.0 1600020.0 1600020.0 2600020.0 1100014.0 1100014.0 1800014.0 1800014.0 1200001.0 1200001.0 1200001.0 1200001.0 0 1000000.0 1000001.0 1000002.0 2000000.0 1.0 1.0 1000001.0 23.0 12.0 1100023.0 1200022.0 1100025.0 1420045.0 1320045.0 2200024.0 1100025.0 1100027.0 1100023.0 1100021.0 1100023.0 1200022.0 1100022.0 1100022.0 1100026.0 1100023.0 1320045.0 1110040.0 1600037.0 1100024.0 1100023.0 1110036.0 1100023.0 1320057.0 1100027.0 1100021.0 1100026.0 1100024.0 1100024.0 1100023.0 1100019.0 1320045.0 1100025.0 1500026.0 1100028.0 1100026.0 1200022.0 1100024.0 1100025.0 1800031.0 1110045.0 1500037.0 2200022.0 1320045.0 1100024.0 2200035.0 1200023.0 1420045.0 1100025.0 2200022.0 1000000.0 
100006.0 100009.0 100009.0 100011.0 100006.0 110012.0 110023.0 120011.0 120028.0 110028.0 110023.0 110022.0 110011.0 320028.0 320040.0 320028.0 320028.0 320028.0 320028.0 320028.0 320028.0 420028.0 420028.0 600009.0 500009.0 500009.0 500020.0 500020.0 600020.0 600020.0 1600020.0 100014.0 100014.0 800014.0 800014.0 200001.0 200001.0 200001.0 200001.0 1000000.0 0 1.0 2.0 1000000.0 1000001.0 1000001.0 2000001.0 1000023.0 1000012.0 100023.0 200022.0 100025.0 420045.0 320045.0 1200024.0 100025.0 100027.0 100023.0 100021.0 100023.0 200022.0 100022.0 100022.0 100026.0 100023.0 320045.0 110040.0 600037.0 100024.0 100023.0 110036.0 100023.0 320057.0 100027.0 100021.0 100026.0 100024.0 100024.0 100023.0 100019.0 320045.0 100025.0 500026.0 100028.0 100026.0 200022.0 100024.0 100025.0 800031.0 110045.0 500037.0 1200022.0 320045.0 100024.0 1200035.0 200023.0 420045.0 100025.0 1200022.0 1200001.0 
100005.0 100008.0 100008.0 100010.0 100005.0 110011.0 110022.0 120010.0 120027.0 110027.0 110022.0 110021.0 110010.0 320027.0 320039.0 320027.0 320027.0 320027.0 320027.0 320027.0 320027.0 420027.0 420027.0 600008.0 500008.0 500008.0 500019.0 500019.0 600019.0 600019.0 1600019.0 100013.0 100013.0 800013.0 800013.0 200000.0 200000.0 200000.0 200000.0 1000001.0 1.0 0 1.0 1000000.0 1000002.0 1000002.0 2000002.0 1000024.0 1000013.0 100022.0 200021.0 100024.0 420044.0 320044.0 1200023.0 100024.0 100026.0 100022.0 100020.0 100022.0 200021.0 100021.0 100021.0 100025.0 100022.0 320044.0 110039.0 600036.0 100023.0 100022.0 110035.0 100022.0 320056.0 100026.0 100020.0 100025.0 100023.0 100023.0 100022.0 100018.0 320044.0 100024.0 500025.0 100027.0 100025.0 200021.0 100023.0 100024.0 800030.0 110044.0 500036.0 1200021.0 320044.0 100023.0 1200034.0 200022.0 420044.0 100024.0 1200021.0 1200000.0 
100005.0 100008.0 100008.0 100010.0 100005.0 110011.0 110022.0 120010.0 120027.0 110027.0 110022.0 110021.0 110010.0 320027.0 320039.0 320027.0 320027.0 320027.0 320027.0 320027.0 320027.0 420027.0 420027.0 600008.0 500008.0 500008.0 500019.0 500019.0 600019.0 600019.0 1600019.0 100013.0 100013.0 800013.0 800013.0 200000.0 200000.0 200000.0 200000.0 1000002.0 2.0 1.0 0 1000001.0 1000003.0 1000003.0 2000003.0 1000025.0 1000014.0 100022.0 200021.0 100024.0 420044.0 320044.0 1200023.0 100024.0 100026.0 100022.0 100020.0 100022.0 200021.0 100021.0 100021.0 100025.0 100022.0 320044.0 110039.0 600036.0 100023.0 100022.0 110035.0 100022.0 320056.0 100026.0 100020.0 100025.0 100023.0 100023.0 100022.0 100018.0 320044.0 100024.0 500025.0 100027.0 100025.0 200021.0 100023.0 100024.0 800030.0 110044.0 500036.0 1200021.0 320044.0 100023.0 1200034.0 200022.0 420044.0 100024.0 1200021.0 1200000.0 
1100005.0 1100008.0 1100008.0 1100010.0 1100005.0 1110011.0 1110022.0 1120010.0 1120027.0 1110027.0 1110022.0 1110021.0 1110010.0 1320027.0 1320039.0 1320027.0 1320027.0 1320027.0 1320027.0 1320027.0 1320027.0 1420027.0 1420027.0 1600008.0 1500008.0 1500008.0 1500019.0 1500019.0 1600019.0 1600019.0 2600019.0 1100013.0 1100013.0 1800013.0 1800013.0 1200000.0 1200000.0 1200000.0 1200000.0 2000000.0 1000000.0 1000000.0 1000001.0 0 2000001.0 2000001.0 3000001.0 2000023.0 2000012.0 1100022.0 1200021.0 1100024.0 1420044.0 1320044.0 2200023.0 1100024.0 1100026.0 1100022.0 1100020.0 1100022.0 1200021.0 1100021.0 1100021.0 1100025.0 1100022.0 1320044.0 1110039.0 1600036.0 1100023.0 1100022.0 1110035.0 1100022.0 1320056.0 1100026.0 1100020.0 1100025.0 1100023.0 1100023.0 1100022.0 1100018.0 1320044.0 1100024.0 1500025.0 1100027.0 1100025.0 1200021.0 1100023.0 1100024.0 1800030.0 1110044.0 1500036.0 2200021.0 1320044.0 1100023.0 2200034.0 1200022.0 1420044.0 1100024.0 2200021.0 2200000.0 
