26
1 2 3 4 5 6 7 8 9 10 11 12 13 14 15 16 17 18 19 20 21 22 23 24 25 0
0 887891.0 1032771.0 1840664.0 854249.0 1399021.0 1402384.0 1155401.0 794284.0 477618.0 1094764.0 857931.0 1415606.0 1126160.0 689501.0 1221504.0 1087672.0 668257.0 1420477.0 742505.0 741061.0 1938262.0 1876780.0 1058838.0 1579569.0 950270.0 
887891.0 0 1518650.0 1363743.0 630061.0 737307.0 1178196.0 292536.0 93607.0 1009331.0 206873.0 1389644.0 992531.0 729201.0 785216.0 675602.0 460250.0 1228849.0 1625006.0 997242.0 1301653.0 1317455.0 1222021.0 425513.0 946244.0 1045985.0 
1032771.0 1518650.0 0 2234406.0 1326115.0 781343.0 1626620.0 1454898.0 1612257.0 838980.0 1311777.0 1219293.0 1111863.0 1487522.0 1631507.0 917761.0 1978900.0 364514.0 387706.0 1103867.0 437318.0 1361491.0 1266057.0 1423480.0 1459006.0 1833398.0 
1840664.0 1363743.0 2234406.0 0 1028982.0 1573754.0 1570938.0 1071207.0 1432324.0 1684138.0 1233782.0 2064451.0 1457104.0 1481283.0 1151163.0 1316645.0 1549334.0 1869892.0 2461453.0 1419251.0 1942696.0 1192559.0 1287993.0 1220290.0 1741021.0 1827159.0 
854249.0 630061.0 1326115.0 1028982.0 0 544772.0 548135.0 384296.0 723668.0 1041205.0 546871.0 1421518.0 1062892.0 452301.0 741984.0 921433.0 884259.0 1474680.0 1432471.0 776318.0 1547484.0 1124920.0 1029486.0 204589.0 725320.0 798177.0 
1399021.0 737307.0 781343.0 1573754.0 544772.0 0 1092907.0 693009.0 830914.0 1585977.0 530434.0 1966290.0 1393004.0 997073.0 1286756.0 999163.0 1197557.0 1145857.0 887699.0 1321090.0 1218661.0 580148.0 484714.0 749361.0 1270092.0 1342949.0 
1402384.0 1178196.0 1626620.0 1570938.0 548135.0 1092907.0 0 932431.0 1271803.0 952311.0 1095006.0 1332624.0 514757.0 1000436.0 1215064.0 1068972.0 1432394.0 1262106.0 1770268.0 687424.0 1189302.0 1673055.0 1577621.0 752724.0 595572.0 1346312.0 
1155401.0 292536.0 1454898.0 1071207.0 384296.0 693009.0 932431.0 0 361117.0 1004521.0 162575.0 1384834.0 699995.0 768093.0 867876.0 537137.0 752786.0 1090384.0 1580708.0 739634.0 1163188.0 1273157.0 1177723.0 179707.0 700438.0 1113969.0 
794284.0 93607.0 1612257.0 1432324.0 723668.0 830914.0 1271803.0 361117.0 0 1102938.0 300480.0 1483251.0 1061112.0 822808.0 878823.0 769209.0 553857.0 1322456.0 1718613.0 1090849.0 1395260.0 1411062.0 1315628.0 519120.0 1039851.0 1139592.0 
477618.0 1009331.0 838980.0 1684138.0 1041205.0 1585977.0 952311.0 1004521.0 1102938.0 0 1167096.0 380313.0 1221815.0 648542.0 792527.0 923435.0 1190698.0 474466.0 1226686.0 264887.0 547270.0 1460644.0 1556078.0 836616.0 1144893.0 994418.0 
1094764.0 206873.0 1311777.0 1233782.0 546871.0 530434.0 1095006.0 162575.0 300480.0 1167096.0 0 1547409.0 862570.0 930668.0 992089.0 468729.0 667123.0 1021976.0 1418133.0 902209.0 1094780.0 1110582.0 1015148.0 342282.0 863013.0 1252858.0 
857931.0 1389644.0 1219293.0 2064451.0 1421518.0 1966290.0 1332624.0 1384834.0 1483251.0 380313.0 1547409.0 0 1602128.0 1028855.0 1172840.0 1303748.0 1571011.0 854779.0 1606999.0 645200.0 927583.0 1840957.0 1936391.0 1216929.0 1525206.0 1374731.0 
1415606.0 992531.0 1111863.0 1457104.0 1062892.0 1393004.0 514757.0 699995.0 1061112.0 1221815.0 862570.0 1602128.0 0 1025128.0 766259.0 554215.0 1164430.0 747349.0 1499569.0 1202181.0 674545.0 1303046.0 1209491.0 879702.0 1005462.0 1371004.0 
1126160.0 729201.0 1487522.0 1481283.0 452301.0 997073.0 1000436.0 768093.0 822808.0 648542.0 930668.0 1028855.0 1025128.0 0 1183881.0 909089.0 1189451.0 1123008.0 1771929.0 913429.0 1195812.0 1180514.0 1275948.0 588386.0 864763.0 345876.0 
689501.0 785216.0 1631507.0 1151163.0 741984.0 1286756.0 1215064.0 867876.0 878823.0 792527.0 992089.0 1172840.0 766259.0 1183881.0 0 786790.0 398171.0 1266993.0 1909965.0 527640.0 1339797.0 1537500.0 1442066.0 699971.0 1145773.0 838005.0 
1221504.0 675602.0 917761.0 1316645.0 921433.0 999163.0 1068972.0 537137.0 769209.0 923435.0 468729.0 1303748.0 554215.0 909089.0 786790.0 0 1135852.0 553247.0 1305467.0 658548.0 626051.0 750710.0 655276.0 716844.0 889423.0 1254965.0 
1087672.0 460250.0 1978900.0 1549334.0 884259.0 1197557.0 1432394.0 752786.0 553857.0 1190698.0 667123.0 1571011.0 1164430.0 1189451.0 398171.0 1135852.0 0 1665164.0 2085256.0 925811.0 1737968.0 1777705.0 1682271.0 679711.0 1200442.0 1236176.0 
668257.0 1228849.0 364514.0 1869892.0 1474680.0 1145857.0 1262106.0 1090384.0 1322456.0 474466.0 1021976.0 854779.0 747349.0 1123008.0 1266993.0 553247.0 1665164.0 0 752220.0 739353.0 72804.0 1303957.0 1208523.0 1270091.0 1094492.0 1468884.0 
1420477.0 1625006.0 387706.0 2461453.0 1432471.0 887699.0 1770268.0 1580708.0 1718613.0 1226686.0 1418133.0 1606999.0 1499569.0 1771929.0 1909965.0 1305467.0 2085256.0 752220.0 0 1491573.0 825024.0 1467847.0 1372413.0 1529836.0 1752263.0 2117805.0 
742505.0 997242.0 1103867.0 1419251.0 776318.0 1321090.0 687424.0 739634.0 1090849.0 264887.0 902209.0 645200.0 1202181.0 913429.0 527640.0 658548.0 925811.0 739353.0 1491573.0 0 812157.0 1409258.0 1313824.0 571729.0 1092460.0 1259305.0 
741061.0 1301653.0 437318.0 1942696.0 1547484.0 1218661.0 1189302.0 1163188.0 1395260.0 547270.0 1094780.0 927583.0 674545.0 1195812.0 1339797.0 626051.0 1737968.0 72804.0 825024.0 812157.0 0 1376761.0 1281327.0 1342895.0 1021688.0 1541688.0 
1938262.0 1317455.0 1361491.0 1192559.0 1124920.0 580148.0 1673055.0 1273157.0 1411062.0 1460644.0 1110582.0 1840957.0 1303046.0 1180514.0 1537500.0 750710.0 1777705.0 1303957.0 1467847.0 1409258.0 1376761.0 0 95434.0 1329509.0 1160848.0 1526390.0 
1876780.0 1222021.0 1266057.0 1287993.0 1029486.0 484714.0 1577621.0 1177723.0 1315628.0 1556078.0 1015148.0 1936391.0 1209491.0 1275948.0 1442066.0 655276.0 1682271.0 1208523.0 1372413.0 1313824.0 1281327.0 95434.0 0 1234075.0 1091299.0 1621824.0 
1058838.0 425513.0 1423480.0 1220290.0 204589.0 749361.0 752724.0 179707.0 519120.0 836616.0 342282.0 1216929.0 879702.0 588386.0 699971.0 716844.0 679711.0 1270091.0 1529836.0 571729.0 1342895.0 1329509.0 1234075.0 0 520731.0 934262.0 
1579569.0 946244.0 1459006.0 1741021.0 725320.0 1270092.0 595572.0 700438.0 1039851.0 1144893.0 863013.0 1525206.0 1005462.0 864763.0 1145773.0 889423.0 1200442.0 1094492.0 1752263.0 1092460.0 1021688.0 1160848.0 1091299.0 520731.0 0 1210639.0 
950270.0 1045985.0 1833398.0 1827159.0 798177.0 1342949.0 1346312.0 1113969.0 1139592.0 994418.0 1252858.0 1374731.0 1371004.0 345876.0 838005.0 1254965.0 1236176.0 1468884.0 2117805.0 1259305.0 1541688.0 1526390.0 1621824.0 934262.0 1210639.0 0 
