100
199 73 143 20 93 154 141 151 56 109 135 107 118 126 133 157 149 115 66 175 167 60 11 85 197 191 58 123 177 196 38 110 34 5 148 136 163 158 147 190 186 46 182 19 176 90 152 21 10 23 25 164 181 36 78 84 79 64 108 145 9 103 193 185 117 29 194 42 113 16 119 180 179 101 3 170 88 138 171 40 7 39 165 87 137 35 156 52 98 125 69 155 129 74 53 2 55 67 120 48
0 938.0 505.0 1074.0 971.0 887.0 271.0 987.0 821.0 1071.0 1167.0 1239.0 1119.0 909.0 971.0 971.0 1002.0 1106.0 1232.0 912.0 715.0 1274.0 1256.0 1075.0 968.0 1485.0 946.0 932.0 1035.0 485.0 1016.0 998.0 1197.0 947.0 1179.0 740.0 520.0 1270.0 1047.0 877.0 1033.0 747.0 889.0 964.0 447.0 1182.0 1028.0 976.0 1024.0 771.0 966.0 1169.0 943.0 803.0 430.0 1023.0 1182.0 1157.0 991.0 954.0 786.0 984.0 528.0 642.0 1234.0 1103.0 757.0 1019.0 662.0 973.0 682.0 1002.0 1019.0 986.0 487.0 765.0 524.0 213.0 728.0 705.0 655.0 934.0 1205.0 1038.0 768.0 980.0 1015.0 783.0 777.0 735.0 893.0 278.0 522.0 1272.0 999.0 549.0 1081.0 977.0 996.0 1179.0 
938.0 0 712.0 530.0 1005.0 918.0 1209.0 970.0 1423.0 970.0 743.0 547.0 1061.0 1095.0 751.0 1368.0 783.0 1137.0 294.0 1272.0 922.0 756.0 886.0 1247.0 1043.0 559.0 844.0 1194.0 839.0 1138.0 1181.0 1029.0 934.0 814.0 1023.0 808.0 418.0 968.0 945.0 1057.0 271.0 876.0 668.0 1209.0 1005.0 664.0 1001.0 1183.0 1153.0 1421.0 448.0 1122.0 1001.0 701.0 1127.0 505.0 1149.0 1214.0 743.0 852.0 907.0 1226.0 1346.0 962.0 1478.0 1001.0 1284.0 674.0 895.0 1166.0 996.0 952.0 540.0 1172.0 1148.0 1215.0 858.0 1151.0 210.0 1263.0 1150.0 1254.0 997.0 748.0 975.0 878.0 1207.0 1479.0 1105.0 482.0 1126.0 939.0 1026.0 513.0 1136.0 1199.0 957.0 905.0 1198.0 242.0 
505.0 712.0 0 1133.0 1212.0 946.0 776.0 1110.0 1009.0 693.0 662.0 940.0 773.0 944.0 986.0 769.0 1157.0 1165.0 1006.0 1196.0 210.0 1151.0 878.0 1184.0 917.0 1271.0 1036.0 733.0 1214.0 758.0 949.0 961.0 964.0 896.0 674.0 1028.0 1004.0 1442.0 713.0 936.0 983.0 1020.0 1159.0 557.0 729.0 981.0 938.0 471.0 1211.0 970.0 930.0 991.0 920.0 957.0 913.0 900.0 677.0 727.0 963.0 982.0 962.0 941.0 1033.0 701.0 1035.0 1157.0 1029.0 1156.0 1025.0 1196.0 999.0 677.0 704.0 721.0 436.0 714.0 1029.0 718.0 922.0 987.0 939.0 993.0 1166.0 739.0 263.0 1145.0 510.0 782.0 930.0 230.0 1051.0 227.0 1027.0 1225.0 948.0 748.0 1213.0 935.0 1119.0 954.0 
1074.0 530.0 1133.0 0 475.0 964.0 940.0 934.0 1174.0 477.0 1126.0 511.0 1294.0 704.0 731.0 1283.0 792.0 964.0 744.0 760.0 923.0 1286.0 932.0 926.0 737.0 1009.0 1257.0 1173.0 803.0 726.0 684.0 1231.0 676.0 1218.0 819.0 1212.0 948.0 1038.0 920.0 667.0 801.0 464.0 964.0 1005.0 1008.0 954.0 1172.0 1022.0 741.0 995.0 978.0 979.0 1157.0 785.0 644.0 1035.0 1195.0 755.0 1071.0 1270.0 730.0 978.0 1020.0 432.0 981.0 1085.0 1039.0 963.0 876.0 1037.0 764.0 1015.0 1069.0 980.0 1218.0 984.0 1276.0 861.0 740.0 1194.0 869.0 724.0 467.0 712.0 1188.0 786.0 1188.0 1275.0 771.0 1011.0 1039.0 1189.0 994.0 525.0 1182.0 1201.0 799.0 571.0 1194.0 288.0 
971.0 1005.0 1212.0 475.0 0 998.0 956.0 816.0 1287.0 952.0 987.0 525.0 1051.0 516.0 256.0 1481.0 763.0 1217.0 778.0 731.0 1200.0 1031.0 950.0 1001.0 955.0 1043.0 1005.0 977.0 817.0 742.0 655.0 937.0 647.0 984.0 1017.0 1210.0 989.0 1052.0 781.0 802.0 1276.0 939.0 935.0 793.0 992.0 968.0 922.0 1220.0 1104.0 1316.0 764.0 1177.0 1054.0 949.0 541.0 780.0 1213.0 796.0 1299.0 1013.0 948.0 1101.0 1143.0 753.0 952.0 1141.0 1322.0 990.0 773.0 1050.0 289.0 1007.0 1040.0 1103.0 1075.0 797.0 1019.0 758.0 1002.0 782.0 766.0 1045.0 438.0 726.0 979.0 984.0 1262.0 1398.0 894.0 982.0 1004.0 1249.0 1207.0 997.0 1216.0 1215.0 1227.0 769.0 825.0 763.0 
887.0 918.0 946.0 964.0 998.0 0 1158.0 1269.0 955.0 1004.0 996.0 1204.0 823.0 713.0 948.0 756.0 978.0 219.0 1212.0 489.0 993.0 1253.0 920.0 1163.0 274.0 1081.0 560.0 1016.0 1158.0 981.0 891.0 267.0 527.0 755.0 946.0 1221.0 692.0 1084.0 991.0 904.0 1189.0 719.0 916.0 716.0 908.0 1229.0 951.0 1149.0 442.0 1215.0 1013.0 282.0 970.0 975.0 457.0 1002.0 982.0 1184.0 1025.0 716.0 739.0 1292.0 1210.0 669.0 1188.0 1110.0 982.0 972.0 689.0 1030.0 709.0 1011.0 756.0 1339.0 755.0 939.0 722.0 674.0 900.0 1166.0 232.0 961.0 736.0 1199.0 1127.0 742.0 1266.0 1465.0 1130.0 1150.0 750.0 719.0 1003.0 1248.0 218.0 993.0 958.0 1018.0 749.0 676.0 
271.0 1209.0 776.0 940.0 956.0 1158.0 0 716.0 734.0 983.0 1060.0 968.0 1273.0 947.0 700.0 769.0 1273.0 976.0 1058.0 1183.0 986.0 1192.0 1394.0 973.0 980.0 1214.0 1217.0 661.0 1014.0 214.0 1197.0 1269.0 1242.0 1218.0 1245.0 469.0 791.0 1042.0 1171.0 988.0 1006.0 476.0 1160.0 693.0 496.0 1009.0 757.0 1247.0 753.0 500.0 974.0 973.0 1214.0 1074.0 701.0 966.0 1281.0 1085.0 964.0 1225.0 515.0 1147.0 738.0 913.0 963.0 976.0 509.0 748.0 933.0 950.0 927.0 800.0 1290.0 749.0 758.0 950.0 795.0 484.0 999.0 682.0 926.0 771.0 1394.0 767.0 763.0 1212.0 1055.0 993.0 958.0 951.0 1049.0 549.0 251.0 1277.0 1270.0 278.0 1305.0 1158.0 725.0 1228.0 
987.0 970.0 1110.0 934.0 816.0 1269.0 716.0 0 1252.0 1188.0 965.0 423.0 1206.0 933.0 560.0 1291.0 973.0 1155.0 676.0 1387.0 1162.0 476.0 1049.0 996.0 1060.0 498.0 1265.0 949.0 715.0 502.0 877.0 1241.0 1102.0 1183.0 1185.0 1185.0 1230.0 950.0 1085.0 1276.0 1241.0 681.0 1360.0 553.0 784.0 866.0 1226.0 1388.0 932.0 1216.0 1068.0 987.0 1063.0 1253.0 1235.0 727.0 1279.0 1100.0 1246.0 1415.0 1126.0 431.0 887.0 1143.0 1174.0 1057.0 1116.0 1244.0 1194.0 810.0 1105.0 1198.0 1219.0 847.0 1297.0 1019.0 1375.0 1018.0 1022.0 542.0 1376.0 1198.0 1094.0 624.0 1100.0 1152.0 1414.0 1142.0 638.0 1161.0 1047.0 1265.0 967.0 895.0 1487.0 994.0 1179.0 838.0 585.0 1212.0 
821.0 1423.0 1009.0 1174.0 1287.0 955.0 734.0 1252.0 0 1217.0 1459.0 1019.0 818.0 1137.0 1031.0 977.0 1177.0 1174.0 1272.0 1436.0 1219.0 1620.0 1228.0 652.0 1229.0 1532.0 951.0 1018.0 1128.0 948.0 1273.0 1213.0 1009.0 1045.0 929.0 1186.0 1221.0 1363.0 1253.0 977.0 1580.0 1204.0 1191.0 699.0 1230.0 1060.0 898.0 1132.0 1273.0 678.0 975.0 673.0 1245.0 1417.0 954.0 1480.0 965.0 1257.0 1503.0 1027.0 1249.0 1241.0 785.0 742.0 1371.0 1117.0 1014.0 1201.0 964.0 1300.0 1206.0 1223.0 1234.0 927.0 1304.0 1026.0 781.0 1034.0 1213.0 1218.0 1179.0 450.0 1218.0 818.0 746.0 896.0 1312.0 1040.0 1034.0 1239.0 733.0 1099.0 985.0 1447.0 1173.0 456.0 1436.0 980.0 1238.0 1455.0 
1071.0 970.0 693.0 477.0 952.0 1004.0 983.0 1188.0 1217.0 0 1329.0 988.0 1327.0 1166.0 778.0 1018.0 1269.0 1007.0 1089.0 1169.0 483.0 1075.0 502.0 969.0 1214.0 1284.0 1302.0 1216.0 1280.0 769.0 1161.0 1271.0 1153.0 1462.0 1174.0 1452.0 1286.0 1352.0 1303.0 710.0 1241.0 507.0 1146.0 1248.0 1051.0 1053.0 1215.0 971.0 784.0 1038.0 1269.0 1286.0 1200.0 1120.0 687.0 1091.0 765.0 798.0 1114.0 1310.0 1207.0 782.0 1238.0 475.0 1458.0 1378.0 1278.0 1083.0 919.0 1070.0 939.0 1370.0 1351.0 1198.0 1002.0 831.0 1316.0 904.0 1180.0 1237.0 912.0 767.0 944.0 1189.0 956.0 1263.0 1203.0 1475.0 989.0 923.0 1150.0 793.0 1234.0 1002.0 1046.0 1260.0 842.0 1048.0 1237.0 728.0 
1167.0 743.0 662.0 1126.0 987.0 996.0 1060.0 965.0 1459.0 1329.0 0 1000.0 1028.0 479.0 731.0 1023.0 740.0 1073.0 1037.0 912.0 872.0 489.0 1062.0 964.0 918.0 823.0 1159.0 965.0 924.0 990.0 442.0 729.0 868.0 687.0 928.0 1027.0 733.0 826.0 206.0 790.0 1014.0 1135.0 661.0 1219.0 881.0 980.0 969.0 725.0 891.0 1249.0 764.0 1194.0 258.0 450.0 771.0 238.0 931.0 1168.0 757.0 1167.0 545.0 888.0 930.0 983.0 739.0 750.0 1042.0 778.0 539.0 947.0 706.0 260.0 956.0 890.0 1098.0 978.0 1173.0 988.0 533.0 1139.0 996.0 1166.0 659.0 1018.0 925.0 1001.0 515.0 787.0 681.0 892.0 770.0 889.0 809.0 1010.0 1214.0 1027.0 690.0 881.0 1043.0 985.0 
1239.0 547.0 940.0 511.0 525.0 1204.0 968.0 423.0 1019.0 988.0 1000.0 0 783.0 737.0 269.0 1057.0 742.0 1181.0 253.0 1231.0 1150.0 899.0 963.0 768.0 1154.0 518.0 1046.0 1195.0 292.0 755.0 1030.0 950.0 811.0 997.0 762.0 1223.0 965.0 527.0 794.0 1178.0 818.0 702.0 998.0 806.0 1037.0 443.0 935.0 965.0 979.0 912.0 659.0 922.0 1052.0 962.0 1003.0 1052.0 1171.0 809.0 1290.0 992.0 1054.0 854.0 1026.0 943.0 963.0 1077.0 797.0 821.0 771.0 1063.0 814.0 959.0 1087.0 663.0 1088.0 810.0 1219.0 1220.0 757.0 795.0 1228.0 970.0 963.0 201.0 677.0 729.0 1214.0 1281.0 872.0 1029.0 982.0 1167.0 1055.0 472.0 1422.0 690.0 1235.0 782.0 838.0 789.0 
1119.0 1061.0 773.0 1294.0 1051.0 823.0 1273.0 1206.0 818.0 1327.0 1028.0 783.0 0 1130.0 795.0 737.0 1170.0 980.0 1036.0 1275.0 983.0 1041.0 1147.0 993.0 858.0 810.0 263.0 778.0 1048.0 1225.0 1183.0 977.0 773.0 809.0 475.0 1035.0 643.0 813.0 1170.0 1342.0 1156.0 1122.0 1309.0 975.0 1003.0 824.0 747.0 678.0 1037.0 1217.0 739.0 541.0 845.0 926.0 1185.0 790.0 884.0 1089.0 813.0 209.0 1046.0 1151.0 1083.0 1301.0 1480.0 839.0 997.0 965.0 1126.0 981.0 933.0 1236.0 998.0 968.0 1068.0 790.0 673.0 1237.0 851.0 1249.0 1055.0 1195.0 982.0 582.0 510.0 693.0 1283.0 1338.0 944.0 1003.0 1009.0 1000.0 1253.0 1255.0 1041.0 995.0 746.0 744.0 1002.0 1239.0 
909.0 1095.0 944.0 704.0 516.0 713.0 947.0 933.0 1137.0 1166.0 479.0 737.0 1130.0 0 510.0 1210.0 462.0 932.0 951.0 678.0 1154.0 968.0 1204.0 485.0 439.0 1196.0 913.0 915.0 445.0 940.0 708.0 891.0 899.0 920.0 995.0 914.0 897.0 680.0 472.0 740.0 1042.0 1153.0 427.0 1047.0 930.0 1107.0 731.0 1198.0 949.0 958.0 891.0 995.0 737.0 716.0 479.0 717.0 1404.0 1050.0 1000.0 921.0 432.0 932.0 976.0 691.0 1005.0 950.0 950.0 665.0 654.0 1177.0 227.0 499.0 1154.0 1120.0 920.0 1051.0 927.0 696.0 885.0 1036.0 704.0 687.0 925.0 938.0 1207.0 947.0 754.0 1026.0 911.0 923.0 885.0 1129.0 696.0 732.0 931.0 1180.0 994.0 711.0 914.0 992.0 
971.0 751.0 986.0 731.0 256.0 948.0 700.0 560.0 1031.0 778.0 731.0 269.0 795.0 510.0 0 1249.0 972.0 991.0 522.0 987.0 944.0 1036.0 694.0 912.0 949.0 787.0 1058.0 933.0 561.0 486.0 761.0 681.0 542.0 728.0 785.0 954.0 954.0 796.0 525.0 1058.0 1022.0 748.0 937.0 537.0 768.0 712.0 666.0 988.0 1022.0 1181.0 508.0 945.0 989.0 693.0 797.0 969.0 957.0 540.0 1071.0 1004.0 942.0 920.0 962.0 1003.0 1058.0 885.0 1066.0 734.0 1029.0 794.0 545.0 991.0 917.0 922.0 819.0 541.0 1242.0 1002.0 746.0 526.0 1022.0 1114.0 694.0 470.0 723.0 752.0 1246.0 1217.0 713.0 1173.0 1005.0 1028.0 951.0 741.0 1166.0 959.0 971.0 513.0 569.0 696.0 
971.0 1368.0 769.0 1283.0 1481.0 756.0 769.0 1291.0 977.0 1018.0 1023.0 1057.0 737.0 1210.0 1249.0 0 1042.0 975.0 1292.0 1032.0 967.0 1258.0 1203.0 813.0 968.0 1027.0 990.0 513.0 765.0 960.0 977.0 1023.0 1283.0 1362.0 692.0 736.0 1272.0 1000.0 1009.0 1261.0 1273.0 1222.0 1043.0 738.0 738.0 1457.0 1024.0 832.0 1198.0 1237.0 1241.0 712.0 1062.0 1241.0 1000.0 1007.0 1004.0 1487.0 1030.0 946.0 782.0 945.0 489.0 1026.0 1008.0 1056.0 260.0 1015.0 816.0 1004.0 1201.0 1038.0 1253.0 947.0 902.0 1180.0 977.0 972.0 1302.0 996.0 775.0 1015.0 1194.0 1258.0 1032.0 935.0 1016.0 744.0 738.0 999.0 772.0 693.0 518.0 1312.0 538.0 1015.0 963.0 938.0 1247.0 1126.0 
1002.0 783.0 1157.0 792.0 763.0 978.0 1273.0 973.0 1177.0 1269.0 740.0 742.0 1170.0 462.0 972.0 1042.0 0 1194.0 489.0 489.0 1367.0 1017.0 1590.0 525.0 901.0 754.0 953.0 1180.0 485.0 1205.0 951.0 962.0 964.0 907.0 1287.0 1059.0 937.0 720.0 715.0 1202.0 1054.0 1071.0 670.0 1473.0 1302.0 1185.0 771.0 1220.0 1023.0 998.0 984.0 1231.0 998.0 959.0 941.0 951.0 1426.0 1494.0 1040.0 961.0 765.0 972.0 1011.0 1019.0 948.0 990.0 782.0 998.0 756.0 1275.0 689.0 480.0 983.0 1220.0 1367.0 1110.0 967.0 1158.0 993.0 1498.0 746.0 727.0 755.0 943.0 1234.0 987.0 735.0 1007.0 1179.0 1252.0 987.0 1280.0 1029.0 270.0 1196.0 1220.0 1185.0 1056.0 1376.0 1025.0 
1106.0 1137.0 1165.0 964.0 1217.0 219.0 976.0 1155.0 1174.0 1007.0 1073.0 1181.0 980.0 932.0 991.0 975.0 1194.0 0 1082.0 708.0 1212.0 1199.0 1139.0 1162.0 493.0 1008.0 779.0 1209.0 1229.0 762.0 672.0 486.0 746.0 974.0 1165.0 1010.0 911.0 1011.0 908.0 1123.0 1408.0 500.0 1135.0 935.0 1044.0 1203.0 916.0 1368.0 223.0 1434.0 987.0 501.0 1043.0 1152.0 676.0 967.0 1201.0 1043.0 990.0 935.0 528.0 1118.0 1160.0 888.0 969.0 1037.0 1050.0 761.0 908.0 1177.0 928.0 813.0 721.0 1120.0 974.0 720.0 941.0 893.0 1119.0 1227.0 451.0 1180.0 889.0 980.0 908.0 961.0 1068.0 1340.0 911.0 1195.0 969.0 938.0 792.0 1301.0 437.0 1212.0 923.0 1111.0 676.0 895.0 
1232.0 294.0 1006.0 744.0 778.0 1212.0 1058.0 676.0 1272.0 1089.0 1037.0 253.0 1036.0 951.0 522.0 1292.0 489.0 1082.0 0 978.0 1216.0 1050.0 1180.0 1014.0 1072.0 265.0 1138.0 1291.0 545.0 844.0 1283.0 1203.0 1064.0 1108.0 1015.0 1102.0 712.0 780.0 1047.0 1279.0 565.0 582.0 962.0 1059.0 1126.0 696.0 1043.0 1218.0 859.0 1165.0 742.0 1175.0 830.0 937.0 1256.0 799.0 1424.0 1062.0 1037.0 1146.0 1201.0 1107.0 1279.0 1044.0 1216.0 824.0 1050.0 968.0 1024.0 1316.0 1067.0 969.0 834.0 916.0 1341.0 1063.0 1152.0 1360.0 504.0 1048.0 1235.0 1216.0 1211.0 454.0 930.0 982.0 1224.0 1496.0 1125.0 776.0 1235.0 1233.0 1308.0 219.0 1430.0 943.0 1215.0 1035.0 1015.0 536.0 
912.0 1272.0 1196.0 760.0 731.0 489.0 1183.0 1387.0 1436.0 1169.0 912.0 1231.0 1275.0 678.0 987.0 1032.0 489.0 708.0 978.0 0 1185.0 1311.0 1409.0 1014.0 763.0 1243.0 1049.0 1422.0 974.0 1215.0 510.0 756.0 502.0 1160.0 1302.0 1500.0 1179.0 1209.0 706.0 929.0 1543.0 1156.0 661.0 1205.0 933.0 1204.0 1260.0 1268.0 931.0 1257.0 988.0 771.0 995.0 950.0 482.0 1060.0 1471.0 1209.0 1083.0 1203.0 1018.0 956.0 998.0 694.0 807.0 1250.0 1227.0 1214.0 714.0 1015.0 734.0 733.0 1245.0 958.0 1088.0 810.0 1209.0 699.0 1119.0 1191.0 257.0 986.0 293.0 1275.0 1203.0 1229.0 988.0 1253.0 749.0 1175.0 945.0 1190.0 1282.0 759.0 707.0 1429.0 1016.0 949.0 1238.0 1048.0 
715.0 922.0 210.0 923.0 1200.0 993.0 986.0 1162.0 1219.0 483.0 872.0 1150.0 983.0 1154.0 944.0 967.0 1367.0 1212.0 1216.0 1185.0 0 1206.0 668.0 985.0 1127.0 1481.0 1246.0 943.0 1414.0 968.0 1159.0 1171.0 1174.0 1106.0 884.0 1238.0 1214.0 1543.0 923.0 726.0 1193.0 953.0 1162.0 767.0 939.0 1191.0 1148.0 681.0 1230.0 1054.0 1140.0 1201.0 1130.0 1167.0 703.0 1110.0 887.0 937.0 1173.0 1192.0 1172.0 731.0 1187.0 491.0 1245.0 1367.0 1227.0 1249.0 935.0 1204.0 955.0 887.0 914.0 931.0 646.0 924.0 1239.0 920.0 1132.0 1197.0 928.0 783.0 1376.0 949.0 473.0 1355.0 720.0 992.0 938.0 440.0 1166.0 437.0 1237.0 1435.0 995.0 958.0 1288.0 1138.0 1329.0 894.0 
1274.0 756.0 1151.0 1286.0 1031.0 1253.0 1192.0 476.0 1620.0 1075.0 489.0 899.0 1041.0 968.0 1036.0 1258.0 1017.0 1199.0 1050.0 1311.0 1206.0 0 573.0 1040.0 1188.0 974.0 1180.0 978.0 1000.0 978.0 921.0 986.0 1262.0 707.0 996.0 1265.0 754.0 1235.0 695.0 803.0 1027.0 1157.0 1004.0 1029.0 1260.0 560.0 1202.0 1042.0 976.0 1513.0 776.0 1290.0 747.0 939.0 994.0 251.0 836.0 1227.0 770.0 1188.0 1007.0 475.0 931.0 1038.0 1218.0 1239.0 1160.0 1002.0 1028.0 948.0 742.0 722.0 1007.0 891.0 1167.0 1063.0 1194.0 1211.0 546.0 1018.0 1054.0 1242.0 1138.0 802.0 1278.0 1207.0 977.0 1186.0 682.0 1205.0 1259.0 1376.0 1271.0 1269.0 1471.0 1291.0 703.0 882.0 1061.0 998.0 
1256.0 886.0 878.0 932.0 950.0 920.0 1394.0 1049.0 1228.0 502.0 1062.0 963.0 1147.0 1204.0 694.0 1203.0 1590.0 1139.0 1180.0 1409.0 668.0 573.0 0 1221.0 1194.0 1437.0 1218.0 1308.0 1255.0 1180.0 1283.0 1187.0 1236.0 1280.0 672.0 1648.0 1202.0 1287.0 1219.0 962.0 1157.0 1009.0 1250.0 989.0 1201.0 551.0 1360.0 469.0 1244.0 1290.0 767.0 963.0 1304.0 1387.0 939.0 824.0 263.0 746.0 1343.0 1226.0 1226.0 967.0 1423.0 727.0 1580.0 1466.0 1463.0 993.0 1023.0 986.0 1191.0 1209.0 1426.0 1255.0 1025.0 747.0 1232.0 1156.0 1005.0 1220.0 1152.0 1019.0 1264.0 793.0 1141.0 1143.0 1388.0 1660.0 1174.0 1108.0 1023.0 978.0 1490.0 1399.0 1138.0 1266.0 1270.0 1207.0 1219.0 644.0 
1075.0 1247.0 1184.0 926.0 1001.0 1163.0 973.0 996.0 652.0 969.0 964.0 768.0 993.0 485.0 912.0 813.0 525.0 1162.0 1014.0 1014.0 985.0 1040.0 1221.0 0 924.0 1024.0 976.0 951.0 476.0 976.0 1016.0 930.0 1108.0 762.0 1259.0 534.0 960.0 711.0 957.0 729.0 1071.0 956.0 754.0 1252.0 1157.0 1211.0 246.0 1081.0 1046.0 473.0 1074.0 1226.0 808.0 765.0 706.0 1197.0 1287.0 1009.0 1029.0 984.0 917.0 995.0 782.0 494.0 719.0 465.0 553.0 1005.0 527.0 1297.0 712.0 753.0 951.0 1166.0 1222.0 1133.0 990.0 923.0 1168.0 1415.0 931.0 202.0 1233.0 969.0 921.0 1010.0 1008.0 1037.0 1031.0 1241.0 758.0 1295.0 752.0 795.0 1351.0 695.0 1043.0 1079.0 1244.0 1192.0 
968.0 1043.0 917.0 737.0 955.0 274.0 980.0 1060.0 1229.0 1214.0 918.0 1154.0 858.0 439.0 949.0 968.0 901.0 493.0 1072.0 763.0 1127.0 1188.0 1194.0 924.0 0 807.0 641.0 1226.0 884.0 986.0 886.0 541.0 460.0 481.0 1042.0 947.0 625.0 810.0 911.0 1178.0 1138.0 787.0 866.0 990.0 1138.0 1140.0 997.0 1245.0 510.0 1397.0 924.0 556.0 842.0 908.0 731.0 937.0 1256.0 1122.0 1096.0 649.0 465.0 1151.0 937.0 943.0 1183.0 836.0 708.0 698.0 963.0 963.0 666.0 750.0 715.0 1153.0 481.0 759.0 655.0 948.0 833.0 1026.0 506.0 1126.0 669.0 1059.0 987.0 675.0 1005.0 1192.0 944.0 956.0 1024.0 690.0 729.0 1171.0 492.0 1258.0 1186.0 744.0 475.0 950.0 
1485.0 559.0 1271.0 1009.0 1043.0 1081.0 1214.0 498.0 1532.0 1284.0 823.0 518.0 810.0 1196.0 787.0 1027.0 754.0 1008.0 265.0 1243.0 1481.0 974.0 1437.0 1024.0 807.0 0 1073.0 1068.0 768.0 1000.0 1220.0 1319.0 1267.0 1288.0 765.0 1066.0 977.0 533.0 1029.0 1474.0 830.0 777.0 1073.0 1051.0 1282.0 961.0 778.0 968.0 785.0 1430.0 1007.0 1267.0 565.0 859.0 1078.0 1061.0 1174.0 1327.0 1103.0 1019.0 1060.0 929.0 1230.0 1239.0 1439.0 559.0 1273.0 827.0 846.0 1247.0 1330.0 1083.0 990.0 1181.0 1288.0 1098.0 1417.0 1295.0 769.0 1040.0 1303.0 1226.0 1437.0 719.0 1195.0 1236.0 1338.0 1485.0 981.0 1041.0 1077.0 1497.0 1284.0 484.0 1299.0 1208.0 1036.0 1063.0 750.0 801.0 
946.0 844.0 1036.0 1257.0 1005.0 560.0 1217.0 1265.0 951.0 1302.0 1159.0 1046.0 263.0 913.0 1058.0 990.0 953.0 779.0 1138.0 1049.0 1246.0 1180.0 1218.0 976.0 641.0 1073.0 0 1012.0 936.0 1037.0 1119.0 827.0 693.0 1072.0 738.0 962.0 426.0 1071.0 953.0 1229.0 939.0 1279.0 1092.0 712.0 1076.0 1087.0 1010.0 941.0 1002.0 1211.0 872.0 278.0 1108.0 709.0 968.0 929.0 978.0 1352.0 897.0 450.0 1010.0 1237.0 944.0 1180.0 1314.0 1009.0 1173.0 777.0 977.0 764.0 716.0 1295.0 1261.0 1231.0 1122.0 1053.0 456.0 1159.0 634.0 1032.0 792.0 1178.0 902.0 845.0 773.0 476.0 1471.0 1199.0 1030.0 1266.0 746.0 1224.0 1180.0 1223.0 778.0 989.0 987.0 1007.0 1116.0 1086.0 
932.0 1194.0 733.0 1173.0 977.0 1016.0 661.0 949.0 1018.0 1216.0 965.0 1195.0 778.0 915.0 933.0 513.0 1180.0 1209.0 1291.0 1422.0 943.0 978.0 1308.0 951.0 1226.0 1068.0 1012.0 0 903.0 447.0 1021.0 1283.0 1447.0 1183.0 733.0 1130.0 1230.0 1071.0 1050.0 749.0 1234.0 709.0 1181.0 779.0 729.0 1476.0 1197.0 936.0 986.0 1161.0 1260.0 734.0 1103.0 1282.0 940.0 727.0 1045.0 1460.0 1071.0 987.0 1176.0 1380.0 1002.0 984.0 724.0 1097.0 773.0 1365.0 954.0 1183.0 688.0 1180.0 1186.0 1410.0 1169.0 1183.0 1418.0 963.0 1022.0 915.0 1165.0 1153.0 1238.0 1360.0 996.0 976.0 1243.0 1257.0 1227.0 712.0 813.0 960.0 912.0 1450.0 1051.0 939.0 1004.0 1427.0 958.0 1436.0 
1035.0 839.0 1214.0 803.0 817.0 1158.0 1014.0 715.0 1128.0 1280.0 924.0 292.0 1048.0 445.0 561.0 765.0 485.0 1229.0 545.0 974.0 1414.0 1000.0 1255.0 476.0 884.0 768.0 936.0 903.0 0 928.0 968.0 1187.0 1068.0 1132.0 1003.0 981.0 920.0 235.0 917.0 1158.0 1065.0 994.0 706.0 1098.0 1162.0 735.0 722.0 1033.0 1006.0 949.0 755.0 1178.0 760.0 1097.0 711.0 1162.0 1239.0 1101.0 1023.0 944.0 762.0 955.0 734.0 923.0 671.0 797.0 505.0 529.0 479.0 1074.0 672.0 705.0 1208.0 955.0 1365.0 1093.0 950.0 928.0 993.0 1087.0 936.0 678.0 1185.0 493.0 969.0 970.0 960.0 989.0 983.0 1193.0 710.0 1313.0 763.0 755.0 1303.0 982.0 1274.0 1039.0 988.0 1081.0 
485.0 1138.0 758.0 726.0 742.0 981.0 214.0 502.0 948.0 769.0 990.0 755.0 1225.0 940.0 486.0 960.0 1205.0 762.0 844.0 1215.0 968.0 978.0 1180.0 976.0 986.0 1000.0 1037.0 447.0 928.0 0 988.0 1167.0 1028.0 1208.0 1169.0 683.0 1005.0 1107.0 957.0 774.0 1016.0 262.0 1192.0 479.0 282.0 1198.0 971.0 1229.0 539.0 714.0 994.0 759.0 1139.0 1179.0 733.0 752.0 1205.0 1026.0 974.0 1434.0 729.0 933.0 952.0 724.0 749.0 1133.0 723.0 962.0 965.0 736.0 713.0 1014.0 1169.0 963.0 972.0 736.0 1009.0 516.0 1047.0 468.0 958.0 985.0 1180.0 956.0 977.0 1136.0 1268.0 1207.0 970.0 737.0 973.0 763.0 465.0 1063.0 1199.0 492.0 1091.0 999.0 511.0 1014.0 
1016.0 1181.0 949.0 684.0 655.0 891.0 1197.0 877.0 1273.0 1161.0 442.0 1030.0 1183.0 708.0 761.0 977.0 951.0 672.0 1283.0 510.0 1159.0 921.0 1283.0 1016.0 886.0 1220.0 1119.0 1021.0 968.0 988.0 0 960.0 426.0 1129.0 1064.0 1193.0 763.0 1203.0 236.0 1232.0 1276.0 726.0 691.0 1250.0 911.0 1112.0 999.0 1167.0 449.0 1141.0 896.0 1173.0 700.0 480.0 992.0 680.0 1373.0 1129.0 1199.0 1127.0 987.0 446.0 488.0 1116.0 297.0 780.0 717.0 1050.0 918.0 505.0 935.0 702.0 986.0 448.0 814.0 536.0 976.0 1145.0 971.0 773.0 767.0 1218.0 217.0 910.0 906.0 1031.0 957.0 743.0 239.0 1179.0 1149.0 1023.0 975.0 1198.0 1109.0 919.0 758.0 439.0 902.0 972.0 
998.0 1029.0 961.0 1231.0 937.0 267.0 1269.0 1241.0 1213.0 1271.0 729.0 950.0 977.0 891.0 681.0 1023.0 962.0 486.0 1203.0 756.0 1171.0 986.0 1187.0 930.0 541.0 1319.0 827.0 1283.0 1187.0 1167.0 960.0 0 794.0 746.0 984.0 972.0 959.0 1293.0 724.0 1171.0 1230.0 986.0 1179.0 983.0 1175.0 1219.0 684.0 1024.0 709.0 1403.0 1134.0 549.0 987.0 968.0 724.0 735.0 1230.0 1215.0 758.0 983.0 766.0 1406.0 1448.0 936.0 1257.0 903.0 1249.0 999.0 956.0 1297.0 976.0 744.0 489.0 1363.0 1022.0 982.0 989.0 941.0 1030.0 1207.0 499.0 1132.0 1003.0 977.0 905.0 951.0 999.0 1271.0 1199.0 963.0 1017.0 986.0 1030.0 1232.0 485.0 1260.0 691.0 1139.0 1016.0 943.0 
1197.0 934.0 964.0 676.0 647.0 527.0 1242.0 1102.0 1009.0 1153.0 868.0 811.0 773.0 899.0 542.0 1283.0 964.0 746.0 1064.0 502.0 1174.0 1262.0 1236.0 1108.0 460.0 1267.0 693.0 1447.0 1068.0 1028.0 426.0 794.0 0 941.0 1198.0 1114.0 677.0 1006.0 662.0 1343.0 1091.0 1140.0 1117.0 1079.0 1180.0 702.0 938.0 1305.0 875.0 1408.0 486.0 809.0 1126.0 906.0 984.0 1019.0 1499.0 1082.0 1049.0 701.0 925.0 872.0 914.0 1108.0 723.0 1157.0 1143.0 712.0 1216.0 931.0 936.0 990.0 1175.0 874.0 941.0 726.0 707.0 1201.0 724.0 1068.0 759.0 1310.0 209.0 773.0 701.0 727.0 1245.0 1169.0 665.0 1183.0 1277.0 1150.0 1189.0 1201.0 745.0 1186.0 1184.0 491.0 935.0 964.0 
947.0 814.0 896.0 1218.0 984.0 755.0 1218.0 1183.0 1045.0 1462.0 687.0 997.0 809.0 920.0 728.0 1362.0 907.0 974.0 1108.0 1160.0 1106.0 707.0 1280.0 762.0 481.0 1288.0 1072.0 1183.0 1132.0 1208.0 1129.0 746.0 941.0 0 1201.0 804.0 959.0 1239.0 893.0 1008.0 1085.0 1268.0 909.0 1265.0 1192.0 1051.0 516.0 1167.0 991.0 1235.0 931.0 1037.0 945.0 1005.0 1199.0 456.0 1373.0 1268.0 975.0 1018.0 712.0 1182.0 1209.0 1243.0 1375.0 735.0 1189.0 945.0 1136.0 1437.0 947.0 427.0 767.0 1167.0 460.0 738.0 1136.0 1160.0 751.0 1254.0 987.0 964.0 1150.0 809.0 737.0 1156.0 682.0 954.0 1171.0 748.0 1367.0 669.0 976.0 1167.0 973.0 1194.0 908.0 971.0 956.0 1008.0 
1179.0 1023.0 674.0 819.0 1017.0 946.0 1245.0 1185.0 929.0 1174.0 928.0 762.0 475.0 995.0 785.0 692.0 1287.0 1165.0 1015.0 1302.0 884.0 996.0 672.0 1259.0 1042.0 765.0 738.0 733.0 1003.0 1169.0 1064.0 984.0 1198.0 1201.0 0 1263.0 931.0 768.0 828.0 1297.0 1240.0 1077.0 984.0 690.0 958.0 1205.0 1013.0 203.0 1020.0 1189.0 1214.0 664.0 800.0 979.0 989.0 745.0 409.0 1225.0 768.0 684.0 1228.0 1195.0 1181.0 1201.0 1361.0 794.0 952.0 1038.0 757.0 1025.0 1221.0 943.0 1005.0 1395.0 1110.0 1265.0 961.0 1192.0 1040.0 1209.0 1052.0 1379.0 1009.0 963.0 937.0 471.0 1184.0 1436.0 1291.0 904.0 724.0 901.0 1210.0 1234.0 1164.0 967.0 701.0 1219.0 985.0 1030.0 
740.0 808.0 1028.0 1212.0 1210.0 1221.0 469.0 1185.0 1186.0 1452.0 1027.0 1223.0 1035.0 914.0 954.0 736.0 1059.0 1010.0 1102.0 1500.0 1238.0 1265.0 1648.0 534.0 947.0 1066.0 962.0 1130.0 981.0 683.0 1193.0 972.0 1114.0 804.0 1263.0 0 536.0 1009.0 1051.0 1263.0 537.0 945.0 1202.0 993.0 757.0 1157.0 288.0 1466.0 1222.0 969.0 941.0 1097.0 1101.0 807.0 1170.0 1014.0 1672.0 1494.0 495.0 970.0 482.0 1161.0 705.0 1028.0 1224.0 507.0 476.0 715.0 1032.0 1220.0 1141.0 767.0 993.0 1163.0 1227.0 1211.0 976.0 953.0 744.0 1015.0 1321.0 736.0 1323.0 1035.0 963.0 996.0 1022.0 960.0 954.0 1258.0 1263.0 1018.0 218.0 1321.0 1274.0 747.0 970.0 1085.0 1194.0 1050.0 
520.0 418.0 1004.0 948.0 989.0 692.0 791.0 1230.0 1221.0 1286.0 733.0 965.0 643.0 897.0 954.0 1272.0 937.0 911.0 712.0 1179.0 1214.0 754.0 1202.0 960.0 625.0 977.0 426.0 1230.0 920.0 1005.0 763.0 959.0 677.0 959.0 931.0 536.0 0 966.0 527.0 1055.0 513.0 1267.0 666.0 969.0 733.0 662.0 802.0 1038.0 1134.0 1291.0 446.0 704.0 991.0 283.0 950.0 503.0 1244.0 1085.0 471.0 434.0 905.0 1209.0 928.0 1162.0 1060.0 583.0 1012.0 672.0 893.0 748.0 700.0 950.0 958.0 1170.0 1007.0 1187.0 440.0 733.0 208.0 991.0 924.0 1162.0 886.0 904.0 1113.0 460.0 1205.0 1183.0 1002.0 900.0 1124.0 798.0 754.0 931.0 910.0 1069.0 561.0 903.0 1100.0 660.0 
1270.0 968.0 1442.0 1038.0 1052.0 1084.0 1042.0 950.0 1363.0 1352.0 826.0 527.0 813.0 680.0 796.0 1000.0 720.0 1011.0 780.0 1209.0 1543.0 1235.0 1287.0 711.0 810.0 533.0 1071.0 1071.0 235.0 1107.0 1203.0 1293.0 1006.0 1239.0 768.0 1009.0 966.0 0 1032.0 1393.0 1239.0 845.0 941.0 1296.0 1296.0 736.0 781.0 971.0 788.0 1184.0 520.0 1270.0 568.0 862.0 946.0 1053.0 1177.0 1336.0 1106.0 1022.0 527.0 1190.0 969.0 1158.0 906.0 562.0 740.0 294.0 714.0 839.0 907.0 812.0 993.0 1190.0 1291.0 1101.0 1085.0 1163.0 758.0 1107.0 1171.0 913.0 1215.0 728.0 1187.0 1105.0 1067.0 1224.0 1105.0 1428.0 945.0 1500.0 791.0 990.0 1302.0 1217.0 1039.0 977.0 753.0 1210.0 
1047.0 945.0 713.0 920.0 781.0 991.0 1171.0 1085.0 1253.0 1303.0 206.0 794.0 1170.0 472.0 525.0 1009.0 715.0 908.0 1047.0 706.0 923.0 695.0 1219.0 957.0 911.0 1029.0 953.0 1050.0 917.0 957.0 236.0 724.0 662.0 893.0 828.0 1051.0 527.0 1032.0 0 996.0 1040.0 962.0 455.0 1014.0 675.0 1186.0 763.0 931.0 685.0 1377.0 970.0 988.0 464.0 244.0 914.0 444.0 1137.0 962.0 963.0 961.0 751.0 682.0 724.0 959.0 533.0 544.0 953.0 984.0 682.0 741.0 699.0 466.0 750.0 684.0 1050.0 772.0 967.0 909.0 735.0 933.0 790.0 1159.0 453.0 995.0 976.0 795.0 721.0 979.0 475.0 943.0 913.0 940.0 1015.0 962.0 1093.0 1155.0 522.0 675.0 912.0 1187.0 
877.0 1057.0 936.0 667.0 802.0 904.0 988.0 1276.0 977.0 710.0 790.0 1178.0 1342.0 740.0 1058.0 1261.0 1202.0 1123.0 1279.0 929.0 726.0 803.0 962.0 729.0 1178.0 1474.0 1229.0 749.0 1158.0 774.0 1232.0 1171.0 1343.0 1008.0 1297.0 1263.0 1055.0 1393.0 996.0 0 1328.0 697.0 906.0 1253.0 898.0 1272.0 975.0 1233.0 974.0 798.0 1085.0 1061.0 960.0 1240.0 447.0 552.0 1225.0 750.0 1071.0 1237.0 1172.0 1025.0 1405.0 235.0 1051.0 1194.0 1235.0 1311.0 679.0 1424.0 513.0 1023.0 1308.0 1012.0 1245.0 1291.0 1243.0 664.0 847.0 1156.0 672.0 527.0 1134.0 1030.0 1026.0 1263.0 991.0 1263.0 1221.0 1039.0 910.0 1036.0 1239.0 1192.0 1122.0 1020.0 1004.0 1238.0 1285.0 955.0 
1033.0 271.0 983.0 801.0 1276.0 1189.0 1006.0 1241.0 1580.0 1241.0 1014.0 818.0 1156.0 1042.0 1022.0 1273.0 1054.0 1408.0 565.0 1543.0 1193.0 1027.0 1157.0 1071.0 1138.0 830.0 939.0 1234.0 1065.0 1016.0 1276.0 1230.0 1091.0 1085.0 1240.0 537.0 513.0 1239.0 1040.0 1328.0 0 1147.0 939.0 970.0 734.0 935.0 825.0 1443.0 1424.0 1506.0 719.0 1074.0 1272.0 796.0 1185.0 776.0 1420.0 1471.0 472.0 947.0 1019.0 1469.0 1242.0 1233.0 1536.0 1044.0 1013.0 945.0 1166.0 1260.0 1213.0 1223.0 811.0 1443.0 1419.0 1188.0 953.0 968.0 481.0 992.0 1298.0 1273.0 1268.0 1019.0 1246.0 973.0 1478.0 1497.0 1262.0 753.0 1397.0 1210.0 755.0 784.0 1407.0 1284.0 947.0 1062.0 1469.0 513.0 
747.0 876.0 1020.0 464.0 939.0 719.0 476.0 681.0 1204.0 507.0 1135.0 702.0 1122.0 1153.0 748.0 1222.0 1071.0 500.0 582.0 1156.0 953.0 1157.0 1009.0 956.0 787.0 777.0 1279.0 709.0 994.0 262.0 726.0 986.0 1140.0 1268.0 1077.0 945.0 1267.0 845.0 962.0 697.0 1147.0 0 1133.0 741.0 544.0 1145.0 1090.0 1280.0 277.0 976.0 1256.0 1001.0 877.0 1107.0 674.0 1014.0 1272.0 785.0 1101.0 1331.0 991.0 915.0 957.0 462.0 1011.0 871.0 985.0 1139.0 906.0 974.0 926.0 1276.0 970.0 917.0 1052.0 774.0 1271.0 778.0 1086.0 730.0 899.0 754.0 931.0 903.0 1239.0 1250.0 1218.0 1212.0 708.0 999.0 1137.0 1025.0 727.0 801.0 937.0 754.0 829.0 908.0 730.0 752.0 
889.0 668.0 1159.0 964.0 935.0 916.0 1160.0 1360.0 1191.0 1146.0 661.0 998.0 1309.0 427.0 937.0 1043.0 670.0 1135.0 962.0 661.0 1162.0 1004.0 1250.0 754.0 866.0 1073.0 1092.0 1181.0 706.0 1192.0 691.0 1179.0 1117.0 909.0 984.0 1202.0 666.0 941.0 455.0 906.0 939.0 1133.0 0 952.0 910.0 912.0 1000.0 781.0 1140.0 1227.0 696.0 926.0 508.0 699.0 459.0 753.0 987.0 1186.0 1137.0 1100.0 767.0 1137.0 1012.0 671.0 949.0 999.0 783.0 922.0 227.0 1003.0 654.0 482.0 1205.0 1139.0 1347.0 1227.0 1106.0 676.0 458.0 1168.0 684.0 956.0 908.0 1154.0 1236.0 1126.0 737.0 1009.0 930.0 1150.0 458.0 1167.0 1031.0 940.0 1134.0 1229.0 977.0 1130.0 1293.0 910.0 
964.0 1209.0 557.0 1005.0 793.0 716.0 693.0 553.0 699.0 1248.0 1219.0 806.0 975.0 1047.0 537.0 738.0 1473.0 935.0 1059.0 1205.0 767.0 1029.0 989.0 1252.0 990.0 1051.0 712.0 779.0 1098.0 479.0 1250.0 983.0 1079.0 1265.0 690.0 993.0 969.0 1296.0 1014.0 1253.0 970.0 741.0 952.0 0 694.0 1249.0 1203.0 893.0 1015.0 959.0 1045.0 434.0 1006.0 1230.0 957.0 1231.0 726.0 1077.0 928.0 1141.0 1208.0 984.0 1227.0 1169.0 1228.0 1322.0 998.0 1271.0 725.0 787.0 1082.0 1234.0 1201.0 1208.0 993.0 1078.0 1147.0 928.0 1177.0 519.0 948.0 1149.0 1195.0 1007.0 820.0 657.0 1067.0 1339.0 1053.0 787.0 494.0 784.0 944.0 1278.0 934.0 737.0 1229.0 1050.0 562.0 1216.0 
447.0 1005.0 729.0 1008.0 992.0 908.0 496.0 784.0 1230.0 1051.0 881.0 1037.0 1003.0 930.0 768.0 738.0 1302.0 1044.0 1126.0 933.0 939.0 1260.0 1201.0 1157.0 1138.0 1282.0 1076.0 729.0 1162.0 282.0 911.0 1175.0 1180.0 1192.0 958.0 757.0 733.0 1296.0 675.0 898.0 734.0 544.0 910.0 694.0 0 1395.0 1045.0 1161.0 821.0 996.0 1179.0 798.0 964.0 919.0 451.0 1034.0 1270.0 1047.0 692.0 1167.0 1011.0 999.0 975.0 663.0 1031.0 1219.0 998.0 1071.0 683.0 526.0 703.0 1141.0 919.0 1001.0 732.0 454.0 971.0 234.0 941.0 258.0 676.0 955.0 971.0 1238.0 992.0 1193.0 1239.0 1230.0 792.0 959.0 914.0 725.0 747.0 1345.0 1126.0 774.0 1167.0 992.0 793.0 1247.0 
1182.0 664.0 981.0 954.0 968.0 1229.0 1009.0 866.0 1060.0 1053.0 980.0 443.0 824.0 1107.0 712.0 1457.0 1185.0 1203.0 696.0 1204.0 1191.0 560.0 551.0 1211.0 1140.0 961.0 1087.0 1476.0 735.0 1198.0 1112.0 1219.0 702.0 1051.0 1205.0 1157.0 662.0 736.0 1186.0 1272.0 935.0 1145.0 912.0 1249.0 1395.0 0 989.0 1020.0 1279.0 953.0 216.0 1365.0 1238.0 945.0 1249.0 749.0 814.0 1040.0 1133.0 1033.0 675.0 1035.0 1122.0 1037.0 1406.0 1208.0 1197.0 442.0 1139.0 987.0 1240.0 720.0 1204.0 704.0 1310.0 1032.0 1102.0 1395.0 454.0 1238.0 1461.0 1224.0 911.0 242.0 718.0 1122.0 975.0 1247.0 873.0 1146.0 1370.0 1208.0 939.0 915.0 1447.0 731.0 1201.0 673.0 1244.0 906.0 
1028.0 1001.0 938.0 1172.0 922.0 951.0 757.0 1226.0 898.0 1215.0 969.0 935.0 747.0 731.0 666.0 1024.0 771.0 916.0 1043.0 1260.0 1148.0 1202.0 1360.0 246.0 997.0 778.0 1010.0 1197.0 722.0 971.0 999.0 684.0 938.0 516.0 1013.0 288.0 802.0 781.0 763.0 975.0 825.0 1090.0 1000.0 1203.0 1045.0 989.0 0 1216.0 1033.0 719.0 904.0 1233.0 813.0 519.0 952.0 951.0 1422.0 1206.0 783.0 956.0 770.0 1241.0 993.0 740.0 965.0 219.0 764.0 1003.0 773.0 1375.0 958.0 943.0 705.0 1133.0 976.0 955.0 1236.0 1169.0 1010.0 1192.0 1177.0 448.0 1147.0 747.0 675.0 1256.0 1198.0 1248.0 1109.0 1168.0 1004.0 1165.0 506.0 1041.0 1169.0 941.0 797.0 909.0 998.0 946.0 
976.0 1183.0 471.0 1022.0 1220.0 1149.0 1247.0 1388.0 1132.0 971.0 725.0 965.0 678.0 1198.0 988.0 832.0 1220.0 1368.0 1218.0 1268.0 681.0 1042.0 469.0 1081.0 1245.0 968.0 941.0 936.0 1033.0 1229.0 1167.0 1024.0 1305.0 1167.0 203.0 1466.0 1038.0 971.0 931.0 1233.0 1443.0 1280.0 781.0 893.0 1161.0 1020.0 1216.0 0 1223.0 1392.0 1061.0 867.0 835.0 1175.0 786.0 948.0 206.0 1198.0 971.0 887.0 1025.0 1295.0 1321.0 998.0 1276.0 997.0 1092.0 835.0 554.0 822.0 1038.0 740.0 1175.0 1192.0 907.0 1185.0 1068.0 1003.0 1239.0 1090.0 1011.0 1283.0 1212.0 1166.0 734.0 674.0 981.0 1253.0 1088.0 701.0 785.0 698.0 1289.0 1437.0 1367.0 1170.0 904.0 1288.0 1188.0 1113.0 
1024.0 1153.0 1211.0 741.0 1104.0 442.0 753.0 932.0 1273.0 784.0 891.0 979.0 1037.0 949.0 1022.0 1198.0 1023.0 223.0 859.0 931.0 1230.0 976.0 1244.0 1046.0 510.0 785.0 1002.0 986.0 1006.0 539.0 449.0 709.0 875.0 991.0 1020.0 1222.0 1134.0 788.0 685.0 974.0 1424.0 277.0 1140.0 1015.0 821.0 1279.0 1033.0 1223.0 0 1253.0 1194.0 724.0 820.0 929.0 899.0 1129.0 1424.0 1062.0 1213.0 1158.0 751.0 895.0 937.0 739.0 746.0 814.0 1166.0 984.0 1101.0 954.0 1151.0 1036.0 693.0 897.0 775.0 497.0 1164.0 1055.0 1342.0 1004.0 674.0 1031.0 666.0 1037.0 965.0 1184.0 1291.0 1192.0 688.0 1167.0 1192.0 984.0 1004.0 1078.0 660.0 1031.0 1106.0 888.0 453.0 1029.0 
771.0 1421.0 970.0 995.0 1316.0 1215.0 500.0 1216.0 678.0 1038.0 1249.0 912.0 1217.0 958.0 1181.0 1237.0 998.0 1434.0 1165.0 1257.0 1054.0 1513.0 1290.0 473.0 1397.0 1430.0 1211.0 1161.0 949.0 714.0 1141.0 1403.0 1408.0 1235.0 1189.0 969.0 1291.0 1184.0 1377.0 798.0 1506.0 976.0 1227.0 959.0 996.0 953.0 719.0 1392.0 1253.0 0 973.0 933.0 1281.0 1238.0 775.0 1350.0 1225.0 1029.0 1464.0 1426.0 1015.0 1109.0 1151.0 563.0 1192.0 938.0 1009.0 1199.0 1000.0 1168.0 1027.0 989.0 1424.0 693.0 1258.0 1425.0 1295.0 984.0 1211.0 1182.0 1000.0 271.0 1358.0 711.0 707.0 1156.0 1244.0 1406.0 902.0 1200.0 993.0 1049.0 751.0 1268.0 1433.0 222.0 1360.0 1102.0 1225.0 1283.0 
966.0 448.0 930.0 978.0 764.0 1013.0 974.0 1068.0 975.0 1269.0 764.0 659.0 739.0 891.0 508.0 1241.0 984.0 987.0 742.0 988.0 1140.0 776.0 767.0 1074.0 924.0 1007.0 872.0 1260.0 755.0 994.0 896.0 1134.0 486.0 931.0 1214.0 941.0 446.0 520.0 970.0 1085.0 719.0 1256.0 696.0 1045.0 1179.0 216.0 904.0 1061.0 1194.0 973.0 0 1150.0 1022.0 729.0 1155.0 533.0 1030.0 1048.0 917.0 880.0 459.0 864.0 906.0 1057.0 1193.0 1029.0 981.0 226.0 923.0 771.0 1024.0 504.0 988.0 724.0 1225.0 947.0 886.0 1179.0 238.0 1034.0 1245.0 1244.0 695.0 458.0 667.0 906.0 759.0 1031.0 657.0 930.0 1154.0 1157.0 723.0 961.0 1231.0 751.0 985.0 457.0 1077.0 690.0 
1169.0 1122.0 991.0 979.0 1177.0 282.0 973.0 987.0 673.0 1286.0 1194.0 922.0 541.0 995.0 945.0 712.0 1231.0 501.0 1175.0 771.0 1201.0 1290.0 963.0 1226.0 556.0 1267.0 278.0 734.0 1178.0 759.0 1173.0 549.0 809.0 1037.0 664.0 1097.0 704.0 1270.0 988.0 1061.0 1074.0 1001.0 926.0 434.0 798.0 1365.0 1233.0 867.0 724.0 933.0 1150.0 0 980.0 987.0 739.0 1039.0 700.0 1466.0 1032.0 728.0 1021.0 1355.0 1201.0 951.0 1036.0 1287.0 972.0 1055.0 699.0 1042.0 991.0 1293.0 1038.0 1182.0 1037.0 1221.0 734.0 956.0 912.0 953.0 514.0 1123.0 1018.0 1123.0 1051.0 631.0 1501.0 1456.0 1308.0 1024.0 468.0 1001.0 1224.0 1394.0 500.0 711.0 1203.0 1285.0 996.0 958.0 
943.0 1001.0 920.0 1157.0 1054.0 970.0 1214.0 1063.0 1245.0 1200.0 258.0 1052.0 845.0 737.0 989.0 1062.0 998.0 1043.0 830.0 995.0 1130.0 747.0 1304.0 808.0 842.0 565.0 1108.0 1103.0 760.0 1139.0 700.0 987.0 1126.0 945.0 800.0 1101.0 991.0 568.0 464.0 960.0 1272.0 877.0 508.0 1006.0 964.0 1238.0 813.0 835.0 820.0 1281.0 1022.0 980.0 0 708.0 513.0 496.0 1041.0 1240.0 1015.0 1054.0 803.0 1146.0 1066.0 725.0 997.0 594.0 837.0 862.0 281.0 1057.0 765.0 518.0 1025.0 1148.0 1323.0 1133.0 1303.0 730.0 791.0 1222.0 738.0 1010.0 917.0 1253.0 1183.0 1203.0 773.0 1045.0 939.0 1150.0 512.0 1147.0 1067.0 1049.0 1188.0 1283.0 948.0 1139.0 785.0 1243.0 
803.0 701.0 957.0 785.0 949.0 975.0 1074.0 1253.0 1417.0 1120.0 450.0 962.0 926.0 716.0 693.0 1241.0 959.0 1152.0 937.0 950.0 1167.0 939.0 1387.0 765.0 908.0 859.0 709.0 1282.0 1097.0 1179.0 480.0 968.0 906.0 1005.0 979.0 807.0 283.0 862.0 244.0 1240.0 796.0 1107.0 699.0 1230.0 919.0 945.0 519.0 1175.0 929.0 1238.0 729.0 987.0 708.0 0 1158.0 688.0 1381.0 802.0 753.0 717.0 995.0 926.0 968.0 1075.0 777.0 300.0 1197.0 955.0 926.0 985.0 943.0 710.0 990.0 928.0 1290.0 1016.0 723.0 1016.0 491.0 1177.0 1034.0 967.0 697.0 1163.0 1164.0 743.0 965.0 1223.0 719.0 1183.0 1157.0 1081.0 1025.0 718.0 1193.0 1352.0 278.0 919.0 1079.0 943.0 
430.0 1127.0 913.0 644.0 541.0 457.0 701.0 1235.0 954.0 687.0 771.0 1003.0 1185.0 479.0 797.0 1000.0 941.0 676.0 1256.0 482.0 703.0 994.0 939.0 706.0 731.0 1078.0 968.0 940.0 711.0 733.0 992.0 724.0 984.0 1199.0 989.0 1170.0 950.0 946.0 914.0 447.0 1185.0 674.0 459.0 957.0 451.0 1249.0 952.0 786.0 899.0 775.0 1155.0 739.0 513.0 1158.0 0 743.0 992.0 727.0 1051.0 976.0 911.0 1002.0 958.0 212.0 954.0 1107.0 788.0 1021.0 232.0 977.0 252.0 941.0 1213.0 989.0 917.0 905.0 954.0 217.0 917.0 709.0 225.0 504.0 775.0 1007.0 1003.0 1002.0 968.0 1213.0 1198.0 1143.0 463.0 708.0 952.0 1169.0 675.0 979.0 984.0 1190.0 1206.0 932.0 
1023.0 505.0 900.0 1035.0 780.0 1002.0 966.0 727.0 1480.0 1091.0 238.0 1052.0 790.0 717.0 969.0 1007.0 951.0 967.0 799.0 1060.0 1110.0 251.0 824.0 1197.0 937.0 1061.0 929.0 727.0 1162.0 752.0 680.0 735.0 1019.0 456.0 745.0 1014.0 503.0 1053.0 444.0 552.0 776.0 1014.0 753.0 1231.0 1034.0 749.0 951.0 948.0 1129.0 1350.0 533.0 1039.0 496.0 688.0 743.0 0 1087.0 976.0 519.0 937.0 756.0 726.0 1168.0 787.0 977.0 988.0 1253.0 759.0 777.0 1185.0 491.0 471.0 756.0 1128.0 916.0 1194.0 943.0 960.0 295.0 1220.0 803.0 1079.0 897.0 991.0 1163.0 963.0 726.0 998.0 919.0 987.0 1008.0 1125.0 1020.0 1018.0 1220.0 1238.0 452.0 990.0 1263.0 747.0 
1182.0 1149.0 677.0 1195.0 1213.0 982.0 1281.0 1279.0 965.0 765.0 931.0 1171.0 884.0 1404.0 957.0 1004.0 1426.0 1201.0 1424.0 1471.0 887.0 836.0 263.0 1287.0 1256.0 1174.0 978.0 1045.0 1239.0 1205.0 1373.0 1230.0 1499.0 1373.0 409.0 1672.0 1244.0 1177.0 1137.0 1225.0 1420.0 1272.0 987.0 726.0 1270.0 814.0 1422.0 206.0 1424.0 1225.0 1030.0 700.0 1041.0 1381.0 992.0 1087.0 0 1009.0 1177.0 1093.0 1231.0 1230.0 1493.0 990.0 1482.0 1203.0 1264.0 1041.0 760.0 1028.0 1244.0 946.0 1381.0 1398.0 1113.0 1010.0 1274.0 1209.0 1268.0 1245.0 1214.0 1282.0 1418.0 1056.0 940.0 880.0 1187.0 1459.0 1294.0 907.0 760.0 904.0 1495.0 1643.0 1200.0 1003.0 1110.0 1470.0 1288.0 907.0 
1157.0 1214.0 727.0 755.0 796.0 1184.0 1085.0 1100.0 1257.0 798.0 1168.0 809.0 1089.0 1050.0 540.0 1487.0 1494.0 1043.0 1062.0 1209.0 937.0 1227.0 746.0 1009.0 1122.0 1327.0 1352.0 1460.0 1101.0 1026.0 1129.0 1215.0 1082.0 1268.0 1225.0 1494.0 1085.0 1336.0 962.0 750.0 1471.0 785.0 1186.0 1077.0 1047.0 1040.0 1206.0 1198.0 1062.0 1029.0 1048.0 1466.0 1240.0 802.0 727.0 976.0 1009.0 0 999.0 1298.0 1109.0 1196.0 1238.0 515.0 1426.0 1102.0 1467.0 1274.0 959.0 1255.0 979.0 1014.0 1236.0 780.0 871.0 593.0 1525.0 944.0 1271.0 1066.0 952.0 807.0 1110.0 798.0 794.0 1292.0 759.0 1031.0 989.0 957.0 1190.0 954.0 1336.0 1280.0 1402.0 807.0 524.0 1053.0 1065.0 972.0 
991.0 743.0 963.0 1071.0 1299.0 1025.0 964.0 1246.0 1503.0 1114.0 757.0 1290.0 813.0 1000.0 1071.0 1030.0 1040.0 990.0 1037.0 1083.0 1173.0 770.0 1343.0 1029.0 1096.0 1103.0 897.0 1071.0 1023.0 974.0 1199.0 758.0 1049.0 975.0 768.0 495.0 471.0 1106.0 963.0 1071.0 472.0 1101.0 1137.0 928.0 692.0 1133.0 783.0 971.0 1213.0 1464.0 917.0 1032.0 1015.0 753.0 1051.0 519.0 1177.0 999.0 0 905.0 977.0 1245.0 1200.0 1069.0 1494.0 1002.0 971.0 1143.0 1283.0 1218.0 1010.0 990.0 779.0 1429.0 1399.0 1146.0 911.0 926.0 679.0 950.0 826.0 1231.0 1258.0 1267.0 1195.0 931.0 1245.0 1455.0 1220.0 1193.0 1330.0 1190.0 713.0 1256.0 1243.0 1242.0 475.0 1020.0 1323.0 985.0 
954.0 852.0 982.0 1270.0 1013.0 716.0 1225.0 1415.0 1027.0 1310.0 1167.0 992.0 209.0 921.0 1004.0 946.0 961.0 935.0 1146.0 1203.0 1192.0 1188.0 1226.0 984.0 649.0 1019.0 450.0 987.0 944.0 1434.0 1127.0 983.0 701.0 1018.0 684.0 970.0 434.0 1022.0 961.0 1237.0 947.0 1331.0 1100.0 1141.0 1167.0 1033.0 956.0 887.0 1158.0 1426.0 880.0 728.0 1054.0 717.0 976.0 937.0 1093.0 1298.0 905.0 0 1018.0 1245.0 952.0 1188.0 1424.0 1017.0 1181.0 785.0 1016.0 772.0 724.0 1303.0 1207.0 1177.0 1130.0 999.0 464.0 1167.0 642.0 1040.0 948.0 1186.0 910.0 791.0 719.0 484.0 1479.0 1207.0 1038.0 1212.0 1175.0 1209.0 1188.0 1231.0 934.0 1204.0 955.0 953.0 1124.0 1094.0 
786.0 907.0 962.0 730.0 948.0 739.0 515.0 1126.0 1249.0 1207.0 545.0 1054.0 1046.0 432.0 942.0 782.0 765.0 528.0 1201.0 1018.0 1172.0 1007.0 1226.0 917.0 465.0 1060.0 1010.0 1176.0 762.0 729.0 987.0 766.0 925.0 712.0 1228.0 482.0 905.0 527.0 751.0 1172.0 1019.0 991.0 767.0 1208.0 1011.0 675.0 770.0 1025.0 751.0 1015.0 459.0 1021.0 803.0 995.0 911.0 756.0 1231.0 1109.0 977.0 1018.0 0 1144.0 751.0 1123.0 1233.0 989.0 522.0 233.0 994.0 778.0 659.0 285.0 787.0 1025.0 946.0 810.0 1024.0 999.0 697.0 1046.0 971.0 1119.0 1134.0 917.0 974.0 1044.0 540.0 812.0 937.0 949.0 1225.0 1064.0 264.0 1035.0 957.0 793.0 989.0 737.0 940.0 1018.0 
