99
oavtmpaqji tmrnpjqnxx vugkhjygfe qxfgqgbbdn jrmlkfexfk lnicnhmajr kgktiatgjn jrusiskazm qgfchcatzi itbfnxnauh kvxwqiryyu tmatbexcil xguvjomcdt bbczvyonym xawkqmfmmx uhalgukdzb wkwwcqjtxf fluzhooehk qiqnnrlapz yiwwdwbzth ldnozwuuuq bbwcqzwyoz wwqchwdmtx hofbtczdgp gucdicwxmb smwxdupkdv qfbvncxldf xwrvhrxnqy wtlzrefwav hsjqtjkukk euqbrkzdsw mysadifwma afortwurqt oggftsricu kyrhqthnvz xnppuesbrr mdyuzxshey ouxenssqdu guuudgvhny qpxtrjvxpe ichabbvkhm hkempoemlv fdgcygwgjf vkrlpmybdj vfdsalrajq lcrihrmoqu uooysjrxsb rnpokwoqgt tvcolajnao cttlxdtaiw etdxtwotzh tgkujfknod zivwgfcxqi rkyixxpcbx qepegujmaa seeyrseflx voaumgrcuj qxuqrfzzob pbefrggyje optviwhmbr aruwdskzta stdiixwrjc cpwyxulkjm gbdejcnknd pdljcbluhp oegfbrwyrp xychpimpzb xkasbvrrxd bimtbhwsby psiebvskfb scesbtewjx ahqdrcepub eooyfwmxln vnzypgtlkj bswhowadhl bnmegnfgii kijbyyuzhd xqwyvbvueh byyqgjwsrp wynbxuuxru zmfuudfatm afrdrejwtp ymvlfsdhbu lndsfxewdc lkvtxfwozs osdeymjeil tgbmxdmvwe nwlccbonas xywdziunpr pcilmgdrgc xifuopshzj bulywvvpni ivugtsvtqb aokbiptbzc ivgbjyugdu nbjyrygtdh kvfpaspidv eqdxeqvtsb evdoyagqfp
0 1201575.0 1447414.0 971606.0 1569491.0 1194358.0 1362533.0 431270.0 822685.0 1623627.0 1539106.0 1036518.0 1236698.0 1367582.0 1548853.0 1291823.0 1125859.0 1551122.0 1455353.0 1641250.0 1408307.0 1608119.0 1469794.0 1221657.0 1391265.0 1429158.0 1619612.0 512429.0 1046163.0 1369159.0 1004215.0 1608133.0 890860.0 1800435.0 1052454.0 1050535.0 1212722.0 1306591.0 1571150.0 1173396.0 149172.0 1743049.0 715253.0 620253.0 1516050.0 1325288.0 1581917.0 437799.0 1157992.0 530760.0 1241730.0 1002230.0 1073811.0 1280019.0 1288424.0 1608094.0 1338649.0 1082578.0 751268.0 1388938.0 1360871.0 1417625.0 1383841.0 1208445.0 756174.0 783441.0 1327391.0 1250794.0 1230029.0 1180627.0 1529366.0 999545.0 1329921.0 1203330.0 716298.0 2016476.0 1048543.0 1002781.0 753207.0 995217.0 805749.0 1268446.0 920968.0 885059.0 874260.0 1405728.0 1121312.0 1404005.0 1569889.0 1458888.0 612793.0 1424641.0 1623638.0 1220210.0 1642752.0 1170088.0 1034986.0 1054039.0 1736483.0 
1201575.0 0 1270750.0 1425603.0 1278751.0 1098909.0 573674.0 1292519.0 1276925.0 1353941.0 905905.0 1255205.0 967012.0 578723.0 759994.0 938104.0 1409208.0 762263.0 1400284.0 1225272.0 1114487.0 1355844.0 922375.0 1337177.0 1389496.0 640299.0 1203634.0 689146.0 1037401.0 848821.0 1387954.0 819274.0 1047815.0 1623771.0 1006125.0 916522.0 870842.0 666885.0 1126647.0 1118327.0 1350747.0 1449229.0 1004974.0 1103536.0 727191.0 1087608.0 793058.0 1179735.0 792685.0 1449127.0 1120622.0 1117750.0 1336608.0 1278250.0 872446.0 1314274.0 549790.0 1137545.0 927985.0 600079.0 1265422.0 1124368.0 1090021.0 1148030.0 1210414.0 418134.0 1254510.0 1362910.0 1281352.0 1265527.0 1395353.0 939130.0 541062.0 1254653.0 831818.0 1227617.0 818816.0 637474.0 1207204.0 206358.0 1325676.0 1259684.0 627148.0 838730.0 1654271.0 1442514.0 1176279.0 1134319.0 1393225.0 670029.0 789510.0 1500220.0 834779.0 926390.0 853893.0 876268.0 864724.0 669750.0 947624.0 
1447414.0 1270750.0 0 1224188.0 1053654.0 362839.0 1332552.0 1198940.0 1321764.0 1095897.0 1318067.0 722478.0 708968.0 1125204.0 1172156.0 1032060.0 1062932.0 1174425.0 867557.0 1175756.0 1223320.0 1097800.0 1334537.0 651423.0 1483452.0 1052461.0 1530337.0 1044768.0 799668.0 1043898.0 1256797.0 1231436.0 1382548.0 353021.0 577756.0 1160903.0 966227.0 1217152.0 144103.0 585600.0 1481038.0 919899.0 1230413.0 1009957.0 797783.0 1102104.0 1205220.0 1009615.0 1329957.0 1290495.0 1018546.0 1162589.0 1127387.0 1372206.0 1266722.0 784944.0 1407824.0 859394.0 963985.0 670671.0 196326.0 439066.0 869819.0 1396683.0 1255253.0 1043614.0 518440.0 1315125.0 1086591.0 1467173.0 1353476.0 1273863.0 1022372.0 1102547.0 876657.0 1639779.0 947760.0 1262954.0 1005789.0 1064392.0 1565484.0 1021951.0 875233.0 745151.0 1325428.0 1166859.0 898128.0 876275.0 122475.0 1082191.0 1145132.0 764150.0 435971.0 1174475.0 1266055.0 656066.0 1154678.0 914131.0 1359786.0 
971606.0 1425603.0 1224188.0 0 1034683.0 861349.0 1313529.0 540336.0 1110743.0 1445218.0 1473272.0 501710.0 1058289.0 1178192.0 1383306.0 1085048.0 591051.0 1385575.0 920545.0 1367114.0 1276308.0 1381649.0 559525.0 1256368.0 1536440.0 1263611.0 1345476.0 973589.0 1183284.0 1190750.0 469407.0 1442586.0 595158.0 1533104.0 1076266.0 1323514.0 1349843.0 1103806.0 1368291.0 638588.0 822434.0 1454807.0 998428.0 729319.0 1350503.0 1180812.0 1416370.0 951043.0 1475735.0 503105.0 1262464.0 1439065.0 639870.0 1425194.0 1014288.0 1319852.0 1618974.0 1135870.0 1024247.0 1223391.0 1027862.0 1634056.0 1474764.0 695373.0 1159185.0 1244601.0 1016950.0 1083140.0 1003559.0 1020016.0 1334505.0 486473.0 1407332.0 989509.0 1153133.0 1850929.0 880907.0 1403127.0 218399.0 1275542.0 778094.0 961001.0 1151709.0 994125.0 665466.0 870920.0 976836.0 1225596.0 1302558.0 811871.0 873225.0 889833.0 1458091.0 1450951.0 995735.0 1261011.0 926815.0 1163105.0 1570936.0 
1569491.0 1278751.0 1053654.0 1034683.0 0 967783.0 1279635.0 1138221.0 1301380.0 1329463.0 1702810.0 881900.0 942534.0 1153288.0 1626029.0 1191482.0 443632.0 1628298.0 463065.0 1333220.0 690214.0 1331366.0 1435157.0 402231.0 1642874.0 1506334.0 1311582.0 1316759.0 811284.0 1111007.0 1067292.0 1685309.0 1193043.0 717092.0 1182700.0 778653.0 977843.0 1177091.0 1197757.0 745022.0 1420319.0 420124.0 1447027.0 1327204.0 1593226.0 1404710.0 1659093.0 1312221.0 1456550.0 1100990.0 1228570.0 1142205.0 1237755.0 1531628.0 980394.0 285169.0 1415825.0 1160174.0 1077920.0 1466114.0 1134296.0 1492720.0 936928.0 1293258.0 1011766.0 1284169.0 988124.0 1263583.0 1098207.0 872597.0 299822.0 1084358.0 1407097.0 1189039.0 856273.0 2093652.0 1225514.0 1301339.0 816284.0 1072393.0 1375979.0 589001.0 651603.0 1076415.0 706128.0 163763.0 1200734.0 1109841.0 931179.0 1182811.0 1417123.0 742414.0 1489625.0 950845.0 1366675.0 723175.0 905486.0 1025425.0 1813659.0 
1194358.0 1098909.0 362839.0 861349.0 967783.0 0 990160.0 836101.0 1138359.0 1458736.0 1392263.0 359639.0 1071807.0 762365.0 1446187.0 669221.0 700093.0 1448456.0 504718.0 1043031.0 860481.0 1101842.0 1359537.0 1014262.0 1120613.0 1326492.0 1213059.0 681929.0 436829.0 955580.0 893958.0 1505467.0 1019709.0 715860.0 214917.0 798064.0 603388.0 854313.0 506942.0 222761.0 1118199.0 1282738.0 1063922.0 647118.0 1160622.0 1039481.0 1479251.0 1185153.0 1055326.0 927656.0 997025.0 1103515.0 960896.0 1009367.0 1212131.0 1147783.0 1235983.0 1118757.0 731724.0 1033510.0 166513.0 772707.0 1227058.0 1119924.0 1243503.0 680775.0 155601.0 1110448.0 723752.0 1104334.0 1267605.0 911024.0 929813.0 1147902.0 1136020.0 1913810.0 933494.0 900115.0 642950.0 892551.0 1202645.0 659112.0 1134596.0 382312.0 962589.0 804020.0 835505.0 1239114.0 485314.0 1356222.0 782293.0 401311.0 798810.0 1433838.0 1540086.0 1018905.0 979402.0 551292.0 1633817.0 
1362533.0 573674.0 1332552.0 1313529.0 1279635.0 990160.0 0 1061637.0 1176360.0 1504113.0 1066863.0 1290560.0 1127970.0 739681.0 920952.0 707222.0 836003.0 923221.0 1415174.0 652067.0 1275445.0 1062966.0 754004.0 1428809.0 1158614.0 801257.0 630429.0 850104.0 805556.0 1009779.0 1219583.0 980232.0 1228535.0 1685573.0 775243.0 685640.0 972115.0 1223040.0 1188449.0 1153682.0 1343735.0 1610187.0 1165932.0 872654.0 888149.0 1248566.0 954016.0 948853.0 953643.0 1493361.0 547417.0 1278708.0 1371963.0 1047368.0 299241.0 1475232.0 710748.0 1067161.0 984907.0 761037.0 1156673.0 893486.0 1250979.0 1480039.0 831491.0 579092.0 1086784.0 1335984.0 1092479.0 692322.0 1164471.0 1299717.0 310180.0 1185903.0 992776.0 1388575.0 1179403.0 798432.0 1208655.0 367316.0 1506396.0 1027839.0 788106.0 607848.0 1098499.0 1115872.0 1172414.0 1284491.0 1455027.0 501658.0 950468.0 1110061.0 995737.0 1087348.0 685522.0 1037226.0 1225311.0 438868.0 1108582.0 
431270.0 1292519.0 1198940.0 540336.0 1138221.0 836101.0 1061637.0 0 1214281.0 1548756.0 1107836.0 605248.0 1161827.0 1281730.0 1472067.0 1188586.0 694589.0 1474336.0 1024083.0 1584177.0 1379846.0 1485187.0 1038524.0 1342173.0 1639978.0 1520102.0 1562539.0 943699.0 1163486.0 1108267.0 572945.0 1531347.0 698696.0 1551961.0 621184.0 869541.0 1330045.0 1207344.0 1343043.0 742126.0 282098.0 1558345.0 1101966.0 188983.0 1606994.0 1265888.0 1505131.0 869069.0 1560811.0 606643.0 1174188.0 1433500.0 743408.0 1528732.0 1231351.0 1423390.0 1429593.0 1239408.0 1127785.0 1479882.0 1002614.0 1608808.0 1578302.0 798911.0 1187444.0 1214711.0 916980.0 1181925.0 1107097.0 1123554.0 1348372.0 590011.0 1029025.0 1093047.0 1147568.0 1939690.0 984445.0 1434051.0 321937.0 1086161.0 881632.0 941203.0 1255247.0 453789.0 442990.0 974458.0 1061912.0 1329134.0 1321415.0 1290870.0 976763.0 993371.0 1634911.0 1554489.0 1474734.0 1364549.0 1030353.0 622769.0 1659697.0 
822685.0 1276925.0 1321764.0 1110743.0 1301380.0 1138359.0 1176360.0 1214281.0 0 1380808.0 1718143.0 1052476.0 993879.0 935348.0 1624203.0 469138.0 1038417.0 1626472.0 1197555.0 1355359.0 1076782.0 1382711.0 1457296.0 950466.0 568580.0 1504508.0 1333721.0 825236.0 1284587.0 1126340.0 1001455.0 1683483.0 1160488.0 1663034.0 1283253.0 1338449.0 1227467.0 1035400.0 1417165.0 915598.0 971857.0 1471858.0 934018.0 1380664.0 1591400.0 1025876.0 1657267.0 1107149.0 1320799.0 607638.0 1116080.0 731039.0 830992.0 457334.0 1002533.0 1336903.0 1413999.0 956928.0 1064075.0 1464288.0 1304872.0 1122202.0 1112650.0 1241955.0 470283.0 1096248.0 1293960.0 750574.0 1542836.0 894736.0 1601202.0 1160418.0 866180.0 947819.0 445107.0 2091826.0 1083823.0 1315588.0 892344.0 1070567.0 882627.0 1062304.0 649777.0 1115858.0 1300913.0 1318286.0 995662.0 1161186.0 1432488.0 1204950.0 925600.0 1312475.0 1698988.0 949019.0 1388814.0 898897.0 763795.0 1272436.0 1811833.0 
1623627.0 1353941.0 1095897.0 1445218.0 1329463.0 1458736.0 1504113.0 1548756.0 1380808.0 0 1692499.0 1424829.0 386929.0 1307701.0 1701219.0 1214557.0 1599471.0 1703488.0 1569908.0 1319126.0 1668334.0 441147.0 1441390.0 927232.0 1665949.0 1581524.0 873684.0 1206819.0 1106160.0 1100696.0 975811.0 1760499.0 1227638.0 1203968.0 1525765.0 1597265.0 1272719.0 1523644.0 1240000.0 1287951.0 1772799.0 1504836.0 908374.0 1623176.0 1668416.0 1268388.0 1734283.0 1185828.0 1310358.0 1350268.0 1453048.0 1610429.0 805348.0 1554703.0 1204872.0 1369881.0 1491015.0 1691392.0 1297998.0 1541304.0 1292223.0 1534963.0 1145628.0 1545223.0 1504469.0 935807.0 1387388.0 993086.0 819237.0 1597953.0 1629285.0 1336323.0 1482287.0 1436560.0 1385665.0 2168842.0 1281773.0 1155147.0 1226819.0 1147583.0 1505499.0 1304816.0 1180995.0 1358370.0 1673886.0 1493226.0 1380841.0 219622.0 973422.0 1407289.0 1307183.0 1633098.0 1531868.0 1480237.0 1591153.0 931875.0 1430487.0 1527350.0 1888849.0 
1539106.0 905905.0 1318067.0 1473272.0 1702810.0 1392263.0 1066863.0 1107836.0 1718143.0 1692499.0 0 1416263.0 1305570.0 861901.0 364231.0 1251228.0 1456525.0 366500.0 1606579.0 1272589.0 1607676.0 1683488.0 969692.0 1467036.0 1702620.0 687616.0 1250951.0 1182335.0 1320579.0 591803.0 1313146.0 423511.0 1504768.0 1671088.0 1351054.0 1409711.0 1154020.0 1404945.0 1173964.0 1324622.0 1389934.0 1552596.0 1245709.0 918853.0 774508.0 1260035.0 397295.0 1514613.0 965112.0 1539579.0 1167939.0 1610939.0 1142683.0 1591374.0 919763.0 1417641.0 1042979.0 1615602.0 1298924.0 647396.0 1514393.0 1468927.0 1193388.0 1604983.0 1452013.0 911323.0 1236662.0 1330421.0 1464185.0 1312844.0 1888542.0 1396083.0 1034251.0 1437486.0 1325007.0 831854.0 1001649.0 1120323.0 1254873.0 699547.0 1782629.0 1524571.0 1120337.0 1183659.0 1550826.0 1736394.0 1417512.0 1472877.0 1440542.0 717346.0 1282699.0 1482372.0 882096.0 1419579.0 901210.0 979635.0 1321677.0 1162939.0 551861.0 
1036518.0 1255205.0 722478.0 501710.0 881900.0 359639.0 1290560.0 605248.0 1052476.0 1424829.0 1416263.0 0 1037900.0 676482.0 1602483.0 583338.0 655963.0 1604752.0 418835.0 1402670.0 774598.0 1426732.0 999898.0 1199359.0 1034730.0 1482788.0 1523913.0 1038501.0 796468.0 869697.0 534319.0 1661763.0 660070.0 1075499.0 574556.0 1157703.0 963027.0 1168718.0 866581.0 136878.0 887346.0 1302024.0 978039.0 794231.0 1520261.0 953598.0 1550173.0 894034.0 1248521.0 568017.0 1238013.0 1382056.0 704782.0 923484.0 1192725.0 1167069.0 1392279.0 1078861.0 1089159.0 1393149.0 526152.0 1132346.0 1417755.0 760285.0 1224097.0 1040414.0 515240.0 1062751.0 1068471.0 1084928.0 1181722.0 551385.0 980380.0 1054421.0 1096124.0 2070106.0 945819.0 1259754.0 283311.0 1048847.0 843006.0 903992.0 1094700.0 741951.0 730378.0 718137.0 749622.0 1205207.0 844953.0 1252244.0 938137.0 760950.0 1158449.0 1393942.0 1436108.0 1204002.0 991727.0 910931.0 1790113.0 
1236698.0 967012.0 708968.0 1058289.0 942534.0 1071807.0 1127970.0 1161827.0 993879.0 386929.0 1305570.0 1037900.0 0 920772.0 1314290.0 827628.0 1212542.0 1316559.0 1182979.0 1266811.0 1281405.0 388832.0 1054461.0 540303.0 1279020.0 1194595.0 821369.0 819890.0 1053845.0 713767.0 588882.0 1373570.0 1175323.0 817039.0 1138836.0 1357996.0 1212891.0 1315163.0 853071.0 901022.0 1385870.0 1117907.0 521445.0 1236247.0 1281487.0 881459.0 1347354.0 798899.0 923429.0 963339.0 1400733.0 1223500.0 418419.0 1167774.0 1152557.0 982952.0 1104086.0 1304463.0 1058729.0 1154375.0 905294.0 1148034.0 758699.0 1316864.0 1117540.0 548878.0 1227408.0 606157.0 766922.0 1541993.0 1242356.0 1107964.0 1095358.0 1306309.0 998736.0 1781913.0 1229458.0 768218.0 839890.0 760654.0 1238328.0 917887.0 794066.0 971441.0 1286957.0 1106297.0 993912.0 167307.0 586493.0 1224325.0 920254.0 1473118.0 1144939.0 1093308.0 1408189.0 544946.0 1043558.0 1140421.0 1501920.0 
1367582.0 578723.0 1125204.0 1178192.0 1153288.0 762365.0 739681.0 1281730.0 935348.0 1307701.0 861901.0 676482.0 920772.0 0 926001.0 466210.0 1284398.0 928270.0 821561.0 1391279.0 989024.0 1123691.0 1088382.0 1081931.0 917602.0 806306.0 1234908.0 855153.0 458678.0 270098.0 928348.0 985281.0 1154002.0 1422067.0 977282.0 1052840.0 292119.0 543044.0 1269307.0 539604.0 1516754.0 1230891.0 860911.0 1189382.0 893198.0 836470.0 959065.0 1138365.0 958692.0 1244499.0 1171234.0 992287.0 757885.0 806356.0 1038453.0 1095936.0 715797.0 1012082.0 753573.0 766086.0 928878.0 1119274.0 871683.0 1239027.0 1084951.0 584141.0 739906.0 945623.0 745601.0 1431534.0 1453110.0 1160377.0 707069.0 944891.0 706355.0 1393624.0 1040063.0 803481.0 959793.0 372365.0 1431863.0 680961.0 501685.0 980831.0 1406860.0 1120863.0 632494.0 1088079.0 1191521.0 836036.0 955517.0 985616.0 1000786.0 800927.0 1019900.0 657930.0 814649.0 835757.0 1113631.0 
1548853.0 759994.0 1172156.0 1383306.0 1626029.0 1446187.0 920952.0 1472067.0 1624203.0 1701219.0 364231.0 1602483.0 1314290.0 926001.0 0 1285382.0 1310614.0 220589.0 1747562.0 1126678.0 1461765.0 1537577.0 823781.0 1679021.0 1736774.0 541705.0 1105040.0 1036424.0 1384679.0 956034.0 1289360.0 277600.0 1358857.0 1525177.0 1353403.0 1263800.0 1218120.0 1352757.0 1028053.0 1465605.0 1698025.0 1796507.0 1352252.0 1283084.0 628597.0 1114124.0 251384.0 1527013.0 819201.0 1674155.0 1022028.0 1465028.0 1459823.0 1625528.0 773852.0 1661552.0 897068.0 1484823.0 1153013.0 501485.0 1368482.0 1323016.0 1437299.0 1459072.0 1306102.0 765412.0 1600893.0 1389426.0 1318274.0 1166933.0 1742631.0 1250172.0 888340.0 1291575.0 1179096.0 685943.0 855738.0 974412.0 1518246.0 553636.0 1636718.0 1606962.0 974426.0 1186008.0 1573110.0 1590483.0 1318100.0 1481597.0 1294631.0 571435.0 1136788.0 1584672.0 736185.0 1273668.0 755299.0 1223546.0 1175766.0 1017028.0 197076.0 
1291823.0 938104.0 1032060.0 1085048.0 1191482.0 669221.0 707222.0 1188586.0 469138.0 1214557.0 1251228.0 583338.0 827628.0 466210.0 1285382.0 0 1239301.0 1287651.0 728417.0 1359289.0 607644.0 1216460.0 1300783.0 1367931.0 451392.0 1165687.0 1337651.0 1132060.0 924888.0 659425.0 835204.0 1344662.0 1090402.0 1385081.0 884138.0 1050070.0 758329.0 1009254.0 948027.0 446460.0 1440995.0 1611606.0 767767.0 1152493.0 1252579.0 743326.0 1318446.0 1045221.0 1038249.0 1076776.0 1231794.0 1200177.0 664741.0 340146.0 1006463.0 1476651.0 1075178.0 1072642.0 930743.0 1125467.0 835734.0 653064.0 1261010.0 772817.0 939421.0 943522.0 824822.0 852479.0 1096004.0 1363874.0 1491304.0 981717.0 397042.0 478681.0 914245.0 1753005.0 914518.0 964407.0 866649.0 731746.0 1351765.0 1147171.0 967895.0 887687.0 1313716.0 1027719.0 539350.0 994935.0 1154535.0 1195417.0 1232424.0 1070532.0 1239895.0 1267137.0 1379281.0 1047257.0 984889.0 803298.0 1473012.0 
1125859.0 1409208.0 1062932.0 591051.0 443632.0 700093.0 836003.0 694589.0 1038417.0 1599471.0 1456525.0 655963.0 1212542.0 1284398.0 1310614.0 1239301.0 0 1312883.0 579171.0 889588.0 934934.0 1300487.0 991525.0 845863.0 1606997.0 1190919.0 867950.0 1127842.0 825720.0 1345003.0 623660.0 1369894.0 749411.0 1160724.0 915010.0 1222285.0 992279.0 1243204.0 1207035.0 792841.0 976687.0 863756.0 1152681.0 883572.0 1277811.0 1335065.0 1343678.0 1105296.0 1468415.0 657358.0 784938.0 1232662.0 794123.0 1495751.0 536762.0 728801.0 1546282.0 1290123.0 1120615.0 1150699.0 866606.0 1472800.0 1380560.0 849626.0 568134.0 1380868.0 544492.0 1237393.0 1112643.0 428965.0 743454.0 640726.0 1146183.0 1143762.0 946730.0 1778237.0 1035160.0 1546059.0 372652.0 1202850.0 932347.0 1032633.0 1095235.0 1082405.0 262496.0 279869.0 1131089.0 1379849.0 1185407.0 739179.0 1027478.0 298782.0 1385399.0 1394477.0 923043.0 1166807.0 1081068.0 1251385.0 1498244.0 
1551122.0 762263.0 1174425.0 1385575.0 1628298.0 1448456.0 923221.0 1474336.0 1626472.0 1703488.0 366500.0 1604752.0 1316559.0 928270.0 220589.0 1287651.0 1312883.0 0 1749831.0 1128947.0 1464034.0 1539846.0 826050.0 1681290.0 1739043.0 543974.0 1107309.0 1038693.0 1386948.0 958303.0 1291629.0 279869.0 1361126.0 1527446.0 1355672.0 1266069.0 1220389.0 1355026.0 1030322.0 1467874.0 1700294.0 1798776.0 1354521.0 1285353.0 630866.0 1116393.0 253653.0 1529282.0 821470.0 1676424.0 1024297.0 1467297.0 1462092.0 1627797.0 776121.0 1663821.0 899337.0 1487092.0 1155282.0 503754.0 1370751.0 1325285.0 1439568.0 1461341.0 1308371.0 767681.0 1603162.0 1391695.0 1320543.0 1169202.0 1744900.0 1252441.0 890609.0 1293844.0 1181365.0 688212.0 858007.0 976681.0 1520515.0 555905.0 1638987.0 1609231.0 976695.0 1188277.0 1575379.0 1592752.0 1320369.0 1483866.0 1296900.0 573704.0 1139057.0 1586941.0 738454.0 1275937.0 757568.0 1225815.0 1178035.0 1019297.0 408219.0 
1455353.0 1400284.0 867557.0 920545.0 463065.0 504718.0 1415174.0 1024083.0 1197555.0 1569908.0 1606579.0 418835.0 1182979.0 821561.0 1747562.0 728417.0 579171.0 1749831.0 0 1468759.0 355763.0 1571811.0 1418733.0 865296.0 1179809.0 1399595.0 1447121.0 1186647.0 941547.0 1014776.0 953154.0 1806842.0 1078905.0 1180157.0 719635.0 1241718.0 1108106.0 1359031.0 1011660.0 281957.0 1306181.0 883189.0 1123118.0 1151836.0 1665340.0 1098677.0 1780626.0 1312869.0 1122099.0 986852.0 1364109.0 1333704.0 1020092.0 1068563.0 1115933.0 748234.0 1537358.0 1353499.0 1236442.0 1538228.0 671231.0 1277425.0 1305975.0 1148724.0 1147305.0 1185493.0 660319.0 1207830.0 1228470.0 1008136.0 762887.0 970220.0 1125459.0 854588.0 1047772.0 2215185.0 1290425.0 966888.0 702146.0 1193926.0 1261841.0 1052066.0 843102.0 887030.0 841667.0 299302.0 894701.0 1350286.0 990032.0 1318350.0 1287011.0 877953.0 1303528.0 1142344.0 1502214.0 1092222.0 1366460.0 1056010.0 1935192.0 
1641250.0 1225272.0 1175756.0 1367114.0 1333220.0 1043031.0 652067.0 1584177.0 1355359.0 1319126.0 1272589.0 1402670.0 1266811.0 1391279.0 1126678.0 1359289.0 889588.0 1128947.0 1468759.0 0 1635682.0 877979.0 807589.0 1449032.0 1810681.0 1006983.0 445442.0 1175520.0 1221672.0 1382869.0 1273168.0 1185958.0 1343150.0 1528777.0 1257948.0 1337707.0 1388231.0 1533966.0 1031653.0 1265792.0 1790422.0 1567998.0 1682387.0 1524721.0 1093875.0 1497422.0 1159742.0 1404933.0 1284479.0 1546946.0 601002.0 657741.0 1443631.0 1699435.0 352826.0 1433043.0 1362346.0 1254712.0 1413510.0 966763.0 1209544.0 736690.0 781284.0 1660735.0 885076.0 1174366.0 1198632.0 1759311.0 934749.0 745907.0 1633042.0 1451835.0 962247.0 1552072.0 943673.0 1594301.0 1397285.0 1393706.0 1262240.0 1018914.0 1621011.0 1443955.0 1148343.0 1259915.0 1152084.0 1169457.0 1293446.0 1099504.0 1298231.0 555243.0 1275884.0 1163646.0 1201463.0 1447585.0 739107.0 995037.0 1262361.0 1090935.0 1314308.0 
1408307.0 1114487.0 1223320.0 1276308.0 690214.0 860481.0 1275445.0 1379846.0 1076782.0 1668334.0 1607676.0 774598.0 1281405.0 989024.0 1461765.0 607644.0 934934.0 1464034.0 355763.0 1635682.0 0 1494238.0 1624146.0 761701.0 1059036.0 1043832.0 1605455.0 1101477.0 1170754.0 1124291.0 1308917.0 1521045.0 1110546.0 1407306.0 1075398.0 1250154.0 1281143.0 1282302.0 1367423.0 637720.0 1557479.0 1110338.0 1375411.0 1507599.0 1428962.0 1061259.0 1494829.0 1147957.0 766336.0 1342615.0 1156888.0 977941.0 1272385.0 947790.0 1405064.0 975383.0 1251561.0 997736.0 950887.0 1301850.0 1026994.0 1260708.0 950212.0 792961.0 1070605.0 830465.0 1016082.0 1336561.0 1116148.0 1363899.0 990036.0 1001861.0 1004686.0 498825.0 692009.0 1929388.0 934662.0 611125.0 1057909.0 908129.0 1388407.0 948471.0 487339.0 1242793.0 1197430.0 655065.0 1036470.0 1448712.0 1270050.0 1371800.0 1201841.0 1233716.0 1536550.0 786581.0 1555664.0 736459.0 1010697.0 1371521.0 1649395.0 
1608119.0 1355844.0 1097800.0 1381649.0 1331366.0 1101842.0 1062966.0 1485187.0 1382711.0 441147.0 1683488.0 1426732.0 388832.0 1123691.0 1537577.0 1216460.0 1300487.0 1539846.0 1571811.0 877979.0 1494238.0 0 1218488.0 929135.0 1667852.0 1417882.0 432537.0 1095690.0 665013.0 1102599.0 977714.0 1596857.0 786491.0 1205871.0 1316759.0 1156118.0 831572.0 1082497.0 1241903.0 1289854.0 1757291.0 1506739.0 910277.0 1625079.0 1504774.0 1270291.0 1444980.0 1187731.0 1312261.0 1339341.0 1011901.0 1535720.0 807251.0 1556606.0 763725.0 1371784.0 1492918.0 1537639.0 856851.0 1377662.0 1268355.0 1536866.0 1147531.0 1104076.0 1295975.0 937710.0 946241.0 994989.0 378090.0 1156806.0 1631188.0 895176.0 1373146.0 995413.0 1387568.0 2005200.0 840626.0 1157050.0 1163250.0 1149486.0 1064352.0 887296.0 1182898.0 1360273.0 1562983.0 1495129.0 1382744.0 221525.0 975325.0 966142.0 1064558.0 1191951.0 1533771.0 1482140.0 1150006.0 933778.0 1160654.0 1402890.0 1725207.0 
1469794.0 922375.0 1334537.0 559525.0 1435157.0 1359537.0 754004.0 1038524.0 1457296.0 1441390.0 969692.0 999898.0 1054461.0 1088382.0 823781.0 1300783.0 991525.0 826050.0 1418733.0 807589.0 1624146.0 1218488.0 0 1594764.0 1752175.0 704086.0 785951.0 1198805.0 1547060.0 1186922.0 465579.0 883061.0 1093346.0 1687558.0 1515784.0 1426181.0 1380501.0 1589260.0 1190434.0 1136776.0 1320622.0 1855281.0 994600.0 1227507.0 790978.0 1276505.0 856845.0 1272054.0 981582.0 1001293.0 702939.0 1465330.0 636042.0 1640929.0 454763.0 1720326.0 1059449.0 1356649.0 1437644.0 663866.0 1526050.0 1485397.0 1588873.0 1193561.0 987013.0 927793.0 1511293.0 1079312.0 1275258.0 847844.0 1734979.0 984661.0 1050721.0 1487697.0 1341477.0 1291404.0 1379095.0 1136793.0 716587.0 716017.0 1276282.0 1391042.0 1136807.0 1348389.0 1163654.0 1271394.0 1395383.0 1221768.0 1457012.0 252346.0 1299169.0 1265583.0 898566.0 1436049.0 436210.0 1385927.0 1425003.0 1179409.0 1011411.0 
1221657.0 1337177.0 651423.0 1256368.0 402231.0 1014262.0 1428809.0 1342173.0 950466.0 927232.0 1467036.0 1199359.0 540303.0 1081931.0 1679021.0 1367931.0 845863.0 1681290.0 865296.0 1449032.0 761701.0 929135.0 1594764.0 0 1519046.0 1564760.0 1361672.0 1156987.0 623253.0 875233.0 1129185.0 1738301.0 1052282.0 759494.0 1055779.0 1180884.0 789812.0 774860.0 795526.0 1147253.0 1370829.0 822355.0 1061748.0 1153190.0 1449206.0 1259890.0 1427637.0 1167401.0 1463732.0 1322675.0 1176332.0 791291.0 958722.0 1407800.0 1382625.0 687400.0 1474251.0 1017180.0 918148.0 1322094.0 847749.0 1090489.0 701154.0 1152497.0 883955.0 1089181.0 904481.0 1075552.0 910176.0 1274828.0 702053.0 943597.0 1418386.0 1259120.0 505359.0 2146644.0 823283.0 1308521.0 1037969.0 1130819.0 1330143.0 400970.0 710029.0 888384.0 1108359.0 565994.0 1055914.0 707610.0 528948.0 1585042.0 1257351.0 1144645.0 1087394.0 1009271.0 1768906.0 487401.0 503255.0 1057364.0 1866651.0 
1391265.0 1389496.0 1483452.0 1536440.0 1642874.0 1120613.0 1158614.0 1639978.0 568580.0 1665949.0 1702620.0 1034730.0 1279020.0 917602.0 1736774.0 451392.0 1606997.0 1739043.0 1179809.0 1810681.0 1059036.0 1667852.0 1752175.0 1519046.0 0 1617079.0 1789043.0 1393816.0 1376280.0 1110817.0 1286596.0 1796054.0 1541794.0 1836473.0 1335530.0 1501462.0 1209721.0 1460646.0 1399419.0 897852.0 1540437.0 2040438.0 1219159.0 1603885.0 1703971.0 1194718.0 1769838.0 1496613.0 1489641.0 1176218.0 1683186.0 1299619.0 1116133.0 439588.0 1457855.0 1905483.0 1526570.0 1524034.0 1382135.0 1576859.0 1287126.0 1104456.0 1681230.0 1224209.0 1038863.0 1394914.0 1276214.0 1303871.0 1547396.0 1463316.0 1942696.0 1433109.0 848434.0 930073.0 1013687.0 2204397.0 1365910.0 1415799.0 1318041.0 1183138.0 1451207.0 1598563.0 1218357.0 1339079.0 1765108.0 1479111.0 990742.0 1446327.0 1605927.0 1646809.0 1494180.0 1521924.0 1691287.0 1517599.0 1830673.0 1467477.0 1332375.0 1254690.0 1924404.0 
1429158.0 640299.0 1052461.0 1263611.0 1506334.0 1326492.0 801257.0 1520102.0 1504508.0 1581524.0 687616.0 1482788.0 1194595.0 806306.0 541705.0 1165687.0 1190919.0 543974.0 1399595.0 1006983.0 1043832.0 1417882.0 704086.0 1564760.0 1617079.0 0 985345.0 916729.0 1264984.0 1076404.0 1169665.0 600985.0 1295160.0 1405482.0 1233708.0 1144105.0 1098425.0 1307184.0 908358.0 1345910.0 1578330.0 1676812.0 1232557.0 1331119.0 508902.0 572419.0 574769.0 1407318.0 277496.0 1567755.0 902333.0 1345333.0 1290991.0 1505833.0 654157.0 1541857.0 777373.0 1309687.0 1155568.0 381790.0 1248787.0 1203321.0 1317604.0 1558261.0 1186407.0 645717.0 1482093.0 847721.0 1417463.0 1047238.0 1622936.0 1349361.0 768645.0 1288295.0 1059401.0 1009328.0 954927.0 432707.0 1420673.0 433941.0 1573021.0 1487267.0 854731.0 1066313.0 1453415.0 1470788.0 776395.0 1361902.0 1174936.0 451740.0 1017093.0 1464977.0 616490.0 1153973.0 635604.0 1103851.0 1274955.0 897333.0 729335.0 
1619612.0 1203634.0 1530337.0 1345476.0 1311582.0 1213059.0 630429.0 1562539.0 1333721.0 873684.0 1250951.0 1523913.0 821369.0 1234908.0 1105040.0 1337651.0 867950.0 1107309.0 1447121.0 445442.0 1605455.0 432537.0 785951.0 1361672.0 1789043.0 985345.0 0 1206907.0 776230.0 1505006.0 1251530.0 1164320.0 897708.0 1638408.0 1405672.0 1267335.0 942789.0 1193714.0 1471693.0 1435820.0 1768784.0 1731706.0 1342814.0 1503083.0 1072237.0 1475784.0 1138104.0 1383295.0 1262841.0 1450558.0 579364.0 1103183.0 1239788.0 1677797.0 331188.0 1596751.0 1340708.0 1233074.0 968068.0 945125.0 1379572.0 1182132.0 1226726.0 1215293.0 863438.0 1209052.0 1057458.0 1427526.0 489307.0 724269.0 1611404.0 1006393.0 940609.0 1106630.0 1242034.0 1572663.0 951843.0 1418052.0 1240602.0 997276.0 1175569.0 998513.0 1248913.0 1238277.0 1130446.0 1147819.0 1271808.0 654062.0 1407862.0 533605.0 1175775.0 1142008.0 1179825.0 1548155.0 717469.0 1366315.0 1271871.0 1069297.0 1292670.0 
512429.0 689146.0 1044768.0 973589.0 1316759.0 681929.0 850104.0 943699.0 825236.0 1206819.0 1182335.0 1038501.0 819890.0 855153.0 1036424.0 1132060.0 1127842.0 1038693.0 1186647.0 1175520.0 1101477.0 1095690.0 1198805.0 1156987.0 1393816.0 916729.0 1206907.0 0 533734.0 1125251.0 1006198.0 1095704.0 378431.0 1397789.0 896846.0 538106.0 700293.0 951218.0 1058721.0 904690.0 661601.0 1725659.0 857852.0 1132682.0 1003621.0 940486.0 1069488.0 950228.0 645563.0 759981.0 1389822.0 1004781.0 1176661.0 1282570.0 1148876.0 1590704.0 826220.0 919627.0 238839.0 876509.0 848442.0 905196.0 1359547.0 696016.0 758725.0 271012.0 814962.0 1215788.0 717600.0 1183178.0 1016937.0 487116.0 817492.0 690901.0 718849.0 1504047.0 536114.0 490352.0 755190.0 482788.0 656292.0 756017.0 903578.0 953858.0 1202257.0 1407711.0 1144462.0 987197.0 1167243.0 946459.0 100364.0 1060672.0 1111209.0 1202820.0 1130323.0 1152698.0 856142.0 784878.0 1224054.0 
1046163.0 1037401.0 799668.0 1183284.0 811284.0 436829.0 805556.0 1163486.0 1284587.0 1106160.0 1320579.0 796468.0 1053845.0 458678.0 1384679.0 924888.0 825720.0 1386948.0 941547.0 1221672.0 1170754.0 665013.0 1547060.0 623253.0 1376280.0 1264984.0 776230.0 533734.0 0 728776.0 1147746.0 1443959.0 695324.0 1152689.0 651746.0 594162.0 166559.0 417484.0 943771.0 659590.0 1195335.0 1231408.0 1025778.0 974503.0 1351876.0 1172167.0 1196524.0 748324.0 1179297.0 816037.0 1092303.0 1236346.0 977283.0 1265034.0 1104797.0 1096453.0 1174475.0 933151.0 294895.0 1224764.0 603342.0 1209536.0 1324407.0 1012909.0 1292459.0 804746.0 281228.0 896865.0 286923.0 1229961.0 1072993.0 804009.0 1115736.0 746957.0 950414.0 1852302.0 592170.0 1024086.0 964885.0 831043.0 973185.0 222283.0 948990.0 709697.0 1088216.0 975047.0 971885.0 886538.0 922143.0 1294714.0 634098.0 526938.0 1235639.0 1248232.0 1478578.0 1110654.0 689089.0 840934.0 1572309.0 
1369159.0 848821.0 1043898.0 1190750.0 1111007.0 955580.0 1009779.0 1108267.0 1126340.0 1100696.0 591803.0 869697.0 713767.0 270098.0 956034.0 659425.0 1345003.0 958303.0 1014776.0 1382869.0 1124291.0 1102599.0 1186922.0 875233.0 1110817.0 1076404.0 1505006.0 1125251.0 728776.0 0 721343.0 1015314.0 1349110.0 1151969.0 1170497.0 1322938.0 562217.0 813142.0 1188001.0 732819.0 1390365.0 960793.0 653906.0 919284.0 1163296.0 1013920.0 989098.0 931360.0 1228790.0 1095800.0 1306501.0 1066386.0 550880.0 999571.0 1308551.0 825838.0 985895.0 1147349.0 1023671.0 1036184.0 1122093.0 1312489.0 601585.0 1432242.0 1220218.0 854239.0 1010004.0 738618.0 1015699.0 1644671.0 1410829.0 1240425.0 977167.0 1138106.0 841622.0 1423657.0 1116404.0 1073579.0 972351.0 642463.0 1370789.0 951059.0 636952.0 1103902.0 1419418.0 1274770.0 825709.0 881074.0 921423.0 1106134.0 1225615.0 1255714.0 1270884.0 936194.0 1289998.0 387832.0 1084747.0 1105855.0 1143664.0 
1004215.0 1387954.0 1256797.0 469407.0 1067292.0 893958.0 1219583.0 572945.0 1001455.0 975811.0 1313146.0 534319.0 588882.0 928348.0 1289360.0 835204.0 623660.0 1291629.0 953154.0 1273168.0 1308917.0 977714.0 465579.0 1129185.0 1286596.0 1169665.0 1251530.0 1006198.0 1147746.0 721343.0 0 1348640.0 627767.0 1405921.0 1108875.0 1356123.0 1220467.0 1136415.0 1400900.0 671197.0 855043.0 1487416.0 529021.0 761928.0 1256557.0 889035.0 1322424.0 806475.0 1183958.0 535714.0 1168518.0 1471674.0 170463.0 1175350.0 920342.0 1352461.0 1525028.0 1168479.0 1056856.0 1129445.0 1060471.0 1488268.0 1322928.0 727982.0 1125116.0 1115861.0 1049559.0 613733.0 1036168.0 1052625.0 1367114.0 519082.0 1232246.0 1022118.0 1185742.0 1756983.0 913516.0 1335201.0 251008.0 1181596.0 810703.0 925463.0 1184318.0 979017.0 698075.0 903529.0 1001488.0 756189.0 1175375.0 717925.0 905834.0 922442.0 1364145.0 1483560.0 901789.0 1109175.0 959424.0 1147997.0 1476990.0 
1608133.0 819274.0 1231436.0 1442586.0 1685309.0 1505467.0 980232.0 1531347.0 1683483.0 1760499.0 423511.0 1661763.0 1373570.0 985281.0 277600.0 1344662.0 1369894.0 279869.0 1806842.0 1185958.0 1521045.0 1596857.0 883061.0 1738301.0 1796054.0 600985.0 1164320.0 1095704.0 1443959.0 1015314.0 1348640.0 0 1418137.0 1584457.0 1412683.0 1323080.0 1277400.0 1412037.0 1087333.0 1524885.0 1757305.0 1855787.0 1411532.0 1342364.0 687877.0 1173404.0 310664.0 1586293.0 878481.0 1733435.0 1081308.0 1524308.0 1519103.0 1684808.0 833132.0 1720832.0 956348.0 1544103.0 1212293.0 560765.0 1427762.0 1382296.0 1496579.0 1518352.0 1365382.0 824692.0 1660173.0 1448706.0 1377554.0 1226213.0 1801911.0 1309452.0 947620.0 1350855.0 1238376.0 408343.0 915018.0 1033692.0 1577526.0 612916.0 1695998.0 1666242.0 1033706.0 1245288.0 1632390.0 1649763.0 1377380.0 1540877.0 1353911.0 630715.0 1196068.0 1643952.0 795465.0 1332948.0 814579.0 1282826.0 1235046.0 1076308.0 465230.0 
890860.0 1047815.0 1382548.0 595158.0 1193043.0 1019709.0 1228535.0 698696.0 1160488.0 1227638.0 1504768.0 660070.0 1175323.0 1154002.0 1358857.0 1090402.0 749411.0 1361126.0 1078905.0 1343150.0 1110546.0 786491.0 1093346.0 1052282.0 1541794.0 1295160.0 897708.0 378431.0 695324.0 1349110.0 627767.0 1418137.0 0 1691464.0 1234626.0 916537.0 861883.0 726018.0 1306776.0 796948.0 980794.0 1613167.0 1156788.0 887679.0 1382052.0 1318917.0 1107473.0 1109403.0 1023994.0 552850.0 1453382.0 1153647.0 798230.0 1430548.0 1228896.0 1478212.0 1204651.0 1294230.0 617270.0 1254940.0 1186222.0 1283627.0 1535258.0 317585.0 1137156.0 649443.0 976552.0 1241500.0 408401.0 1178376.0 1395368.0 108685.0 1098222.0 611721.0 867715.0 1826480.0 503119.0 868783.0 376759.0 861219.0 277861.0 917607.0 1072385.0 1152485.0 823826.0 1029280.0 1135196.0 1008016.0 1460918.0 1324890.0 278067.0 1048193.0 1489640.0 1371627.0 1508754.0 1321505.0 549027.0 1163309.0 1546487.0 
1800435.0 1623771.0 353021.0 1533104.0 717092.0 715860.0 1685573.0 1551961.0 1663034.0 1203968.0 1671088.0 1075499.0 817039.0 1422067.0 1525177.0 1385081.0 1160724.0 1527446.0 1180157.0 1528777.0 1407306.0 1205871.0 1687558.0 759494.0 1836473.0 1405482.0 1638408.0 1397789.0 1152689.0 1151969.0 1405921.0 1584457.0 1691464.0 0 930777.0 1495745.0 1319248.0 1534354.0 497124.0 938621.0 1834059.0 566878.0 1338484.0 1362978.0 1150804.0 1455125.0 1558241.0 1362636.0 1682978.0 1599411.0 1371567.0 1442691.0 1235458.0 1725227.0 1619743.0 431923.0 1760845.0 1212415.0 1317006.0 1023692.0 549347.0 792087.0 977890.0 1749704.0 1596523.0 1365917.0 871461.0 1423196.0 1439612.0 1589689.0 1016914.0 1582779.0 1375393.0 1455568.0 1217927.0 1992800.0 1300781.0 1585257.0 1314705.0 1417413.0 1874400.0 1160464.0 1013257.0 1098172.0 1423220.0 880855.0 1251149.0 984346.0 230546.0 1435212.0 1498153.0 1117171.0 788992.0 1312499.0 1619076.0 764137.0 1262749.0 1267152.0 1712807.0 
1052454.0 1006125.0 577756.0 1076266.0 1182700.0 214917.0 775243.0 621184.0 1283253.0 1525765.0 1351054.0 574556.0 1138836.0 977282.0 1353403.0 884138.0 915010.0 1355672.0 719635.0 1257948.0 1075398.0 1316759.0 1515784.0 1055779.0 1335530.0 1233708.0 1405672.0 896846.0 651746.0 1170497.0 1108875.0 1412683.0 1234626.0 930777.0 0 583147.0 818305.0 1069230.0 721859.0 437678.0 903282.0 1497655.0 1078975.0 432201.0 1320600.0 979494.0 1386467.0 1356429.0 1270243.0 1142573.0 1211942.0 1318432.0 975949.0 1224284.0 1074484.0 1362700.0 1143199.0 964668.0 882414.0 1193488.0 381430.0 987624.0 1441975.0 1334841.0 1406914.0 895692.0 370518.0 895531.0 938669.0 1319251.0 1061978.0 1125941.0 742631.0 1334476.0 1326073.0 1821026.0 1148411.0 1115032.0 857867.0 799767.0 1417562.0 654809.0 1220557.0 167395.0 1064174.0 1018937.0 775518.0 1306143.0 700231.0 1263438.0 997210.0 616228.0 1013727.0 1519799.0 1447302.0 1233822.0 1194319.0 336375.0 1541033.0 
1050535.0 916522.0 1160903.0 1323514.0 778653.0 798064.0 685640.0 869541.0 1338449.0 1597265.0 1409711.0 1157703.0 1357996.0 1052840.0 1263800.0 1050070.0 1222285.0 1266069.0 1241718.0 1337707.0 1250154.0 1156118.0 1426181.0 1180884.0 1501462.0 1144105.0 1267335.0 538106.0 594162.0 1322938.0 1356123.0 1323080.0 916537.0 1495745.0 583147.0 0 760721.0 1011646.0 1119149.0 1020825.0 1151639.0 1198777.0 1303754.0 680558.0 1230997.0 1118789.0 1200896.0 1026300.0 1183669.0 820409.0 1035231.0 1179274.0 1224306.0 1390216.0 984881.0 1063822.0 1053596.0 381521.0 299267.0 1103885.0 964577.0 1236334.0 1354791.0 1045465.0 1271938.0 809118.0 875390.0 1143888.0 778028.0 1377962.0 478831.0 990976.0 653028.0 751329.0 893342.0 1731423.0 596542.0 1028458.0 1105115.0 710164.0 1095398.0 816445.0 891918.0 415752.0 1312531.0 942416.0 914813.0 1377643.0 1283378.0 1173835.0 638470.0 1121100.0 1338585.0 1191160.0 1357699.0 1141038.0 916570.0 246772.0 1451430.0 
1212722.0 870842.0 966227.0 1349843.0 977843.0 603388.0 972115.0 1330045.0 1227467.0 1272719.0 1154020.0 963027.0 1212891.0 292119.0 1218120.0 758329.0 992279.0 1220389.0 1108106.0 1388231.0 1281143.0 831572.0 1380501.0 789812.0 1209721.0 1098425.0 942789.0 700293.0 166559.0 562217.0 1220467.0 1277400.0 861883.0 1319248.0 818305.0 760721.0 0 250925.0 1110330.0 826149.0 1361894.0 1397967.0 1153030.0 1141062.0 1185317.0 1128589.0 1251184.0 914883.0 1250811.0 982596.0 1258862.0 1127150.0 1050004.0 1098475.0 1271356.0 1263012.0 1007916.0 1099710.0 461454.0 1058205.0 769901.0 1376095.0 1163802.0 1077158.0 1219814.0 876260.0 447787.0 1063424.0 453482.0 1396520.0 1239552.0 868258.0 999188.0 913516.0 841218.0 1685743.0 747944.0 1095600.0 1131444.0 664484.0 1139744.0 388842.0 793804.0 876256.0 1254775.0 1141606.0 924613.0 1053097.0 1088702.0 1128155.0 800657.0 693497.0 1292905.0 1093046.0 1312019.0 950049.0 522530.0 1007493.0 1405750.0 
1306591.0 666885.0 1217152.0 1103806.0 1177091.0 854313.0 1223040.0 1207344.0 1035400.0 1523644.0 1404945.0 1168718.0 1315163.0 543044.0 1352757.0 1009254.0 1243204.0 1355026.0 1359031.0 1533966.0 1282302.0 1082497.0 1589260.0 774860.0 1460646.0 1307184.0 1193714.0 951218.0 417484.0 813142.0 1136415.0 1412037.0 726018.0 1534354.0 1069230.0 1011646.0 250925.0 0 1300676.0 1077074.0 1455763.0 1597215.0 1403955.0 1391987.0 1394076.0 1344824.0 1101373.0 1165808.0 1174450.0 1170113.0 1261266.0 876225.0 1300929.0 1349400.0 1501139.0 1462260.0 1216675.0 1102114.0 712379.0 1266964.0 1020826.0 1348144.0 1257836.0 826233.0 968889.0 1085019.0 698712.0 1314349.0 704407.0 1393342.0 1476913.0 617333.0 1092122.0 932856.0 590293.0 1820380.0 497019.0 1019239.0 885407.0 873243.0 1003879.0 639767.0 794963.0 1127181.0 1332474.0 1340854.0 1140848.0 1304022.0 1303808.0 1336914.0 1004085.0 944422.0 1501664.0 1094205.0 1520778.0 1044083.0 271605.0 1258418.0 1540387.0 
1571150.0 1126647.0 144103.0 1368291.0 1197757.0 506942.0 1188449.0 1343043.0 1417165.0 1240000.0 1173964.0 866581.0 853071.0 1269307.0 1028053.0 948027.0 1207035.0 1030322.0 1011660.0 1031653.0 1367423.0 1241903.0 1190434.0 795526.0 1399419.0 908358.0 1471693.0 1058721.0 943771.0 1188001.0 1400900.0 1087333.0 1306776.0 497124.0 721859.0 1119149.0 1110330.0 1300676.0 0 729703.0 1625141.0 1064002.0 1374516.0 1154060.0 653680.0 1246207.0 1061117.0 1153718.0 1185854.0 1341024.0 1162649.0 1092137.0 1271490.0 1288173.0 1140505.0 929047.0 1263721.0 1003497.0 819882.0 526568.0 340429.0 294963.0 1013922.0 1252580.0 1399356.0 1132065.0 662543.0 1459228.0 985143.0 1533586.0 1497579.0 1198091.0 878269.0 958444.0 1020760.0 1495676.0 803657.0 1325877.0 1149892.0 920289.0 1584637.0 1166054.0 1019336.0 889254.0 1469531.0 1310962.0 1042231.0 1020378.0 266578.0 938088.0 1159085.0 908253.0 291868.0 1318578.0 1121952.0 800169.0 1123685.0 1058234.0 1215683.0 
1173396.0 1118327.0 585600.0 638588.0 745022.0 222761.0 1153682.0 742126.0 915598.0 1287951.0 1324622.0 136878.0 901022.0 539604.0 1465605.0 446460.0 792841.0 1467874.0 281957.0 1265792.0 637720.0 1289854.0 1136776.0 1147253.0 897852.0 1345910.0 1435820.0 904690.0 659590.0 732819.0 671197.0 1524885.0 796948.0 938621.0 437678.0 1020825.0 826149.0 1077074.0 729703.0 0 1024224.0 1165146.0 841161.0 869879.0 1383383.0 816720.0 1498669.0 1030912.0 1111643.0 704895.0 1219786.0 1326276.0 738135.0 786606.0 1329603.0 1030191.0 1255401.0 1146036.0 954485.0 1256271.0 389274.0 995468.0 1334404.0 897163.0 1360975.0 903536.0 378362.0 925873.0 946513.0 1221806.0 1044844.0 688263.0 843502.0 925141.0 1163299.0 1933228.0 1082697.0 1122876.0 420189.0 911969.0 979884.0 881873.0 1041289.0 605073.0 867256.0 581259.0 612744.0 1068329.0 708075.0 1375640.0 1005054.0 624072.0 1021571.0 1340531.0 1559504.0 1120651.0 1128605.0 774053.0 1653235.0 
