22
rnpokwoqgt ahqdrcepub xawkqmfmmx lkvobxyfca iwdghbmiai psiebvskfb vkrlpmybdj yiwwdwbzth zjbarjhmau seeyrseflx ztplgyvqhm oggftsricu tvuprbwofb gkcfktyute zumetrybth zpjhxyylhb koawdpgqdx evdoyagqfp vugkhjygfe wtyqwjwskq epdwcjuvdr gucdicwxmb
0 1021193.0 469454.0 1036419.0 269039.0 953550.0 520670.0 602551.0 676019.0 857715.0 1060510.0 878845.0 526284.0 709350.0 1228452.0 296737.0 419099.0 443845.0 754386.0 1118845.0 1029463.0 1326420.0 
1021193.0 0 1490647.0 1424162.0 1290232.0 1381269.0 500523.0 1067691.0 1697212.0 1218888.0 1087035.0 791397.0 1362319.0 1421308.0 1656171.0 724456.0 846818.0 1465038.0 266807.0 631266.0 541884.0 838841.0 
469454.0 1490647.0 0 1231544.0 738493.0 1203540.0 990124.0 1072005.0 206565.0 1327169.0 1529964.0 1119329.0 995738.0 489418.0 1478442.0 766191.0 669089.0 754923.0 1223840.0 1518472.0 1498917.0 1795874.0 
1036419.0 1424162.0 1231544.0 0 1305458.0 592321.0 1380024.0 861378.0 1265914.0 1380518.0 1248665.0 1035514.0 510135.0 983061.0 867223.0 1156091.0 1033729.0 1248566.0 1157355.0 792896.0 1432432.0 1729389.0 
269039.0 1290232.0 738493.0 1305458.0 0 1222589.0 789709.0 871590.0 945058.0 1126754.0 1329549.0 1147884.0 795323.0 978389.0 1497491.0 565776.0 688138.0 712884.0 1023425.0 1387884.0 1298502.0 1595459.0 
953550.0 1381269.0 1203540.0 592321.0 1222589.0 0 880746.0 863176.0 1015169.0 1217791.0 1321135.0 784769.0 511933.0 732316.0 274902.0 656813.0 534451.0 997821.0 1114462.0 1183912.0 1389539.0 1686496.0 
520670.0 500523.0 990124.0 1380024.0 789709.0 880746.0 0 1034600.0 1196689.0 784911.0 1053944.0 758306.0 869889.0 1230020.0 1155648.0 223933.0 346295.0 964515.0 233716.0 598175.0 508793.0 805750.0 
602551.0 1067691.0 1072005.0 861378.0 871590.0 863176.0 1034600.0 0 1189058.0 589812.0 457959.0 276294.0 351243.0 906205.0 1138078.0 899288.0 874837.0 1046396.0 800884.0 586368.0 1075961.0 1372918.0 
676019.0 1697212.0 206565.0 1265914.0 945058.0 1015169.0 1196689.0 1189058.0 0 1533734.0 1647017.0 912764.0 1202303.0 282853.0 1290071.0 972756.0 875654.0 548358.0 1430405.0 1311907.0 1705482.0 2002439.0 
857715.0 1218888.0 1327169.0 1380518.0 1126754.0 1217791.0 784911.0 589812.0 1533734.0 0 459213.0 866106.0 941055.0 1496017.0 1492693.0 560978.0 683340.0 1301560.0 952081.0 587622.0 1227158.0 1524115.0 
1060510.0 1087035.0 1529964.0 1248665.0 1329549.0 1321135.0 1053944.0 457959.0 1647017.0 459213.0 0 734253.0 809202.0 1364164.0 1596037.0 1020191.0 1142553.0 1504355.0 820228.0 455769.0 1095305.0 1392262.0 
878845.0 791397.0 1119329.0 1035514.0 1147884.0 784769.0 758306.0 276294.0 912764.0 866106.0 734253.0 0 627537.0 629911.0 1059671.0 982239.0 1104601.0 895416.0 524590.0 399143.0 799667.0 1096624.0 
526284.0 1362319.0 995738.0 510135.0 795323.0 511933.0 869889.0 351243.0 1202303.0 941055.0 809202.0 627537.0 0 1068034.0 786835.0 645956.0 523594.0 970129.0 1095512.0 731053.0 1370589.0 1667546.0 
709350.0 1421308.0 489418.0 983061.0 978389.0 732316.0 1230020.0 906205.0 282853.0 1496017.0 1364164.0 629911.0 1068034.0 0 1007218.0 1006087.0 1128449.0 265505.0 1154501.0 1029054.0 1429578.0 1726535.0 
1228452.0 1656171.0 1478442.0 867223.0 1497491.0 274902.0 1155648.0 1138078.0 1290071.0 1492693.0 1596037.0 1059671.0 786835.0 1007218.0 0 931715.0 809353.0 1272723.0 1389364.0 1458814.0 1664441.0 1961398.0 
296737.0 724456.0 766191.0 1156091.0 565776.0 656813.0 223933.0 899288.0 972756.0 560978.0 1020191.0 982239.0 645956.0 1006087.0 931715.0 0 122362.0 740582.0 457649.0 822108.0 732726.0 1029683.0 
419099.0 846818.0 669089.0 1033729.0 688138.0 534451.0 346295.0 874837.0 875654.0 683340.0 1142553.0 1104601.0 523594.0 1128449.0 809353.0 122362.0 0 862944.0 580011.0 944470.0 855088.0 1152045.0 
443845.0 1465038.0 754923.0 1248566.0 712884.0 997821.0 964515.0 1046396.0 548358.0 1301560.0 1504355.0 895416.0 970129.0 265505.0 1272723.0 740582.0 862944.0 0 1198231.0 1294559.0 1473308.0 1770265.0 
754386.0 266807.0 1223840.0 1157355.0 1023425.0 1114462.0 233716.0 800884.0 1430405.0 952081.0 820228.0 524590.0 1095512.0 1154501.0 1389364.0 457649.0 580011.0 1198231.0 0 364459.0 275077.0 572034.0 
1118845.0 631266.0 1518472.0 792896.0 1387884.0 1183912.0 598175.0 586368.0 1311907.0 587622.0 455769.0 399143.0 731053.0 1029054.0 1458814.0 822108.0 944470.0 1294559.0 364459.0 0 639536.0 936493.0 
1029463.0 541884.0 1498917.0 1432432.0 1298502.0 1389539.0 508793.0 1075961.0 1705482.0 1227158.0 1095305.0 799667.0 1370589.0 1429578.0 1664441.0 732726.0 855088.0 1473308.0 275077.0 639536.0 0 296957.0 
1326420.0 838841.0 1795874.0 1729389.0 1595459.0 1686496.0 805750.0 1372918.0 2002439.0 1524115.0 1392262.0 1096624.0 1667546.0 1726535.0 1961398.0 1029683.0 1152045.0 1770265.0 572034.0 936493.0 296957.0 0 
