49
mysadifwma jatkaoyfxb gwnccktgki jedsthbmzo bnmegnfgii kdujdjjwot oewptytlja zjbarjhmau vkrlpmybdj bulywvvpni lndsfxewdc knfzsnhzvx lbuiysostx tgbmxdmvwe eooyfwmxln zmfuudfatm xtvbrolacp hadchvmijq ahqdrcepub rkyixxpcbx ebqxbaqnmm mswyvpdrsy qydclznxrd wynbxuuxru qcktwemqbm zumetrybth lazlsvgukx jqtguzxxsl vugkhjygfe aokbiptbzc gllungmori optviwhmbr qepegujmaa wtlzrefwav wtyqwjwskq lkvobxyfca owusjcmdkp qfbvncxldf ljhmnbaicr xftptyrlvl koawdpgqdx fznfvsgjhc cmdqzmgvfi nwlccbonas euqbrkzdsw lnicnhmajr seeyrseflx psiebvskfb mdyuzxshey
0 590171.0 2138693.0 2035783.0 702035.0 1328952.0 1739232.0 1183244.0 309777.0 1309347.0 1328731.0 1885699.0 1732602.0 1782791.0 2280944.0 471827.0 2785104.0 1665882.0 1737106.0 2007148.0 1029959.0 1548355.0 855021.0 1789396.0 752747.0 861149.0 1777275.0 1894186.0 2601793.0 1909821.0 1822531.0 2006476.0 2486102.0 1383413.0 1541005.0 1900741.0 1462719.0 1154543.0 1257702.0 1909736.0 2083330.0 1668722.0 967836.0 1975408.0 1858986.0 1731138.0 2407899.0 1134613.0 133308.0 
590171.0 0 1877988.0 1445612.0 111864.0 738781.0 1149061.0 922539.0 280394.0 1048642.0 1299348.0 1295528.0 1674620.0 1192620.0 2251561.0 442444.0 2755721.0 1075711.0 1476401.0 1977765.0 439788.0 1518972.0 825638.0 1199225.0 723364.0 270978.0 1656002.0 1361433.0 2341088.0 1880438.0 1793148.0 1745771.0 2456719.0 1354030.0 1511622.0 1572115.0 872548.0 1125160.0 667531.0 1552846.0 2053947.0 1639339.0 938453.0 1385237.0 1409395.0 1140967.0 2147194.0 1105230.0 456863.0 
2138693.0 1877988.0 0 1693518.0 1989852.0 1139207.0 1396967.0 955449.0 1828916.0 829346.0 979485.0 1543434.0 1246346.0 1728346.0 1029527.0 1916394.0 2781157.0 1418491.0 703893.0 755731.0 1438200.0 759861.0 1453195.0 1542005.0 1385946.0 1607010.0 883494.0 1704213.0 1057588.0 1905874.0 940348.0 462271.0 2482155.0 1379466.0 1696747.0 922087.0 1120454.0 1527087.0 1325471.0 1800752.0 2079383.0 807311.0 1340380.0 1633143.0 866759.0 852035.0 863694.0 1334715.0 2005385.0 
2035783.0 1445612.0 1693518.0 0 1557476.0 1223120.0 296551.0 1406878.0 1726006.0 1532981.0 1358887.0 443018.0 1430854.0 1505218.0 2258774.0 1790808.0 2835259.0 886190.0 1933140.0 1984978.0 1005824.0 1578511.0 1327609.0 1009704.0 1837375.0 1174634.0 2010179.0 600468.0 2286835.0 1959976.0 1872686.0 1691518.0 2536257.0 1433568.0 641625.0 1302677.0 573064.0 1401501.0 778081.0 272894.0 2133485.0 1534696.0 1214794.0 532727.0 1247349.0 841483.0 2092941.0 1154565.0 1902475.0 
702035.0 111864.0 1989852.0 1557476.0 0 850645.0 1260925.0 1034403.0 392258.0 1160506.0 1411212.0 1407392.0 1786484.0 1304484.0 2363425.0 554308.0 2867585.0 1187575.0 1588265.0 2089629.0 551652.0 1630836.0 937502.0 1311089.0 835228.0 382842.0 1767866.0 1473297.0 2452952.0 1992302.0 1905012.0 1857635.0 2568583.0 1465894.0 1623486.0 1683979.0 984412.0 1237024.0 779395.0 1664710.0 2165811.0 1751203.0 1050317.0 1497101.0 1521259.0 1252831.0 2259058.0 1217094.0 568727.0 
1328952.0 738781.0 1139207.0 1223120.0 850645.0 0 1008266.0 183758.0 1019175.0 309861.0 609720.0 1154733.0 1115853.0 1051825.0 1574246.0 1181225.0 2285999.0 336930.0 737620.0 1300450.0 298993.0 829344.0 1083430.0 460444.0 614255.0 467803.0 917221.0 622652.0 1602307.0 1410716.0 1323426.0 1006990.0 1986997.0 884308.0 975833.0 833334.0 731753.0 1157322.0 526736.0 950226.0 1584225.0 1004107.0 970615.0 1244442.0 670614.0 1000172.0 1408413.0 964950.0 1195644.0 
1739232.0 1149061.0 1396967.0 296551.0 1260925.0 1008266.0 0 1192024.0 1429455.0 1318127.0 1481053.0 146467.0 1561745.0 1462105.0 1962223.0 1591505.0 2966150.0 1017081.0 1636589.0 1688427.0 709273.0 1692557.0 1458500.0 1140595.0 1622521.0 878083.0 1816190.0 731359.0 1990284.0 2090867.0 1873044.0 1394967.0 2667148.0 1564459.0 772516.0 1006126.0 276513.0 1532392.0 481530.0 403785.0 2264376.0 1238145.0 1345685.0 236176.0 950798.0 544932.0 1796390.0 1285456.0 1605924.0 
1183244.0 922539.0 955449.0 1406878.0 1034403.0 183758.0 1192024.0 0 873467.0 126103.0 425962.0 1338491.0 1299611.0 1235583.0 1390488.0 1035517.0 2469757.0 520688.0 553862.0 1116692.0 482751.0 645586.0 899672.0 644202.0 430497.0 651561.0 733463.0 806410.0 1418549.0 1594474.0 1301309.0 823232.0 2170755.0 1068066.0 1143224.0 1017092.0 915511.0 973564.0 710494.0 1133984.0 1767983.0 1168272.0 786857.0 1428200.0 854372.0 1183930.0 1224655.0 781192.0 1049936.0 
309777.0 280394.0 1828916.0 1726006.0 392258.0 1019175.0 1429455.0 873467.0 0 999570.0 1018954.0 1575922.0 1422825.0 1473014.0 1971167.0 162050.0 2475327.0 1356105.0 1427329.0 1697371.0 720182.0 1238578.0 545244.0 1479619.0 442970.0 551372.0 1467498.0 1584409.0 2292016.0 1600044.0 1512754.0 1696699.0 2176325.0 1073636.0 1231228.0 1590964.0 1152942.0 844766.0 947925.0 1599959.0 1773553.0 1358945.0 658059.0 1665631.0 1549209.0 1421361.0 2098122.0 824836.0 176469.0 
1309347.0 1048642.0 829346.0 1532981.0 1160506.0 309861.0 1318127.0 126103.0 999570.0 0 299859.0 1464594.0 1186685.0 1283082.0 1264385.0 1161620.0 2478022.0 646791.0 427759.0 990589.0 608854.0 519483.0 773569.0 770305.0 556600.0 777664.0 607360.0 932513.0 1292446.0 1602739.0 1175206.0 697129.0 2179020.0 1076331.0 1017121.0 1143195.0 1041614.0 847461.0 836597.0 1260087.0 1776248.0 1042169.0 660754.0 1554303.0 830114.0 1217110.0 1098552.0 655089.0 1176039.0 
1328731.0 1299348.0 979485.0 1358887.0 1411212.0 609720.0 1481053.0 425962.0 1018954.0 299859.0 0 1343311.0 908859.0 983223.0 1414524.0 936909.0 2178163.0 732491.0 727618.0 1140728.0 908713.0 219624.0 473710.0 856005.0 856459.0 1077523.0 907219.0 1018213.0 1442585.0 1302880.0 1215590.0 847268.0 1879161.0 776472.0 717262.0 975683.0 1204540.0 547602.0 1136456.0 1085993.0 1476389.0 743664.0 360895.0 1717229.0 530255.0 936121.0 1248691.0 355230.0 1195423.0 
1885699.0 1295528.0 1543434.0 443018.0 1407392.0 1154733.0 146467.0 1338491.0 1575922.0 1464594.0 1343311.0 0 1415278.0 1489642.0 2108690.0 1737972.0 2819683.0 870614.0 1783056.0 1834894.0 855740.0 1562935.0 1312033.0 994128.0 1768988.0 1024550.0 1962657.0 584892.0 2136751.0 1944400.0 1857110.0 1541434.0 2520681.0 1417992.0 626049.0 1152593.0 422980.0 1385925.0 627997.0 257318.0 2117909.0 1384612.0 1199218.0 382643.0 1097265.0 691399.0 1942857.0 1138989.0 1752391.0 
1732602.0 1674620.0 1246346.0 1430854.0 1786484.0 1115853.0 1561745.0 1299611.0 1422825.0 1186685.0 908859.0 1415278.0 0 482000.0 1681385.0 1340780.0 2582034.0 1165231.0 758926.0 1407589.0 1234832.0 963075.0 877581.0 1288745.0 1027721.0 1403642.0 579325.0 1142410.0 1709446.0 1706751.0 1592206.0 1114129.0 2283032.0 1180343.0 789229.0 671054.0 1400667.0 951473.0 1462575.0 1157960.0 1880260.0 439035.0 764766.0 1797921.0 1146972.0 1132248.0 1515552.0 704537.0 1599294.0 
1782791.0 1192620.0 1728346.0 1505218.0 1304484.0 1051825.0 1462105.0 1235583.0 1473014.0 1283082.0 983223.0 1489642.0 482000.0 0 2152238.0 1415144.0 2656398.0 1388755.0 1240926.0 1878442.0 752832.0 1202847.0 951945.0 1512269.0 1509721.0 921642.0 1061325.0 1216774.0 2191446.0 1781115.0 1693825.0 1596129.0 2357396.0 1254707.0 863593.0 1153054.0 1185592.0 1025837.0 980575.0 1232324.0 1954624.0 921035.0 839130.0 1698281.0 1513478.0 1454011.0 1997552.0 778901.0 1649483.0 
2280944.0 2251561.0 1029527.0 2258774.0 2363425.0 1574246.0 1962223.0 1390488.0 1971167.0 1264385.0 1414524.0 2108690.0 1681385.0 2152238.0 0 1889122.0 2299222.0 1444909.0 1138932.0 273796.0 1873239.0 1194900.0 1425923.0 1321395.0 1820985.0 2042049.0 1318533.0 1730631.0 1492627.0 1423939.0 458413.0 567256.0 2000220.0 897531.0 1886277.0 1474369.0 1685710.0 1499815.0 1890727.0 2058205.0 1597448.0 1242350.0 1313108.0 2198399.0 1432015.0 1417291.0 1298733.0 1524245.0 2147636.0 
471827.0 442444.0 1916394.0 1790808.0 554308.0 1181225.0 1591505.0 1035517.0 162050.0 1161620.0 936909.0 1737972.0 1340780.0 1415144.0 1889122.0 0 2393282.0 1518155.0 1589379.0 1615326.0 882232.0 1156533.0 463199.0 1415455.0 605020.0 713422.0 1629548.0 1502364.0 2379494.0 1517999.0 1430709.0 1784177.0 2094280.0 991591.0 1149183.0 1753014.0 1314992.0 762721.0 1109975.0 1517914.0 1691508.0 1520995.0 576014.0 1827681.0 1467164.0 1583411.0 2185600.0 742791.0 338519.0 
2785104.0 2755721.0 2781157.0 2835259.0 2867585.0 2285999.0 2966150.0 2469757.0 2475327.0 2478022.0 2178163.0 2819683.0 2582034.0 2656398.0 2299222.0 2393282.0 0 1949069.0 2890562.0 2025426.0 2584992.0 2397787.0 1930083.0 1825555.0 2537035.0 2753802.0 3070163.0 2234791.0 3244257.0 920849.0 1840809.0 2318886.0 299002.0 1401691.0 2390437.0 2445473.0 3017752.0 2003975.0 2812735.0 2562365.0 701774.0 2677492.0 1817268.0 3202326.0 2669061.0 2906667.0 3050363.0 2028405.0 2651796.0 
1665882.0 1075711.0 1418491.0 886190.0 1187575.0 336930.0 1017081.0 520688.0 1356105.0 646791.0 732491.0 870614.0 1165231.0 1388755.0 1444909.0 1518155.0 1949069.0 0 1074550.0 1171113.0 635923.0 952115.0 1075770.0 123514.0 951185.0 804733.0 1162038.0 285722.0 1939237.0 1073786.0 986496.0 1343920.0 1650067.0 547378.0 638903.0 496404.0 1068683.0 1149662.0 863666.0 613296.0 1247295.0 728423.0 962955.0 1253257.0 719992.0 957598.0 1745343.0 1087721.0 1532574.0 
1737106.0 1476401.0 703893.0 1933140.0 1588265.0 737620.0 1636589.0 553862.0 1427329.0 427759.0 727618.0 1783056.0 758926.0 1240926.0 1138932.0 1589379.0 2890562.0 1074550.0 0 865136.0 1036613.0 869266.0 1201328.0 1198064.0 984359.0 1205423.0 179601.0 1360272.0 1166993.0 2015279.0 1049753.0 571676.0 2591560.0 1488871.0 1444880.0 1148735.0 1360076.0 1275220.0 1264356.0 1687846.0 2188788.0 916716.0 1088513.0 1872765.0 1106381.0 1091657.0 973099.0 1082848.0 1603798.0 
2007148.0 1977765.0 755731.0 1984978.0 2089629.0 1300450.0 1688427.0 1116692.0 1697371.0 990589.0 1140728.0 1834894.0 1407589.0 1878442.0 273796.0 1615326.0 2025426.0 1171113.0 865136.0 0 1599443.0 921104.0 1152127.0 1047599.0 1547189.0 1768253.0 1044737.0 1456835.0 1218831.0 1150143.0 184617.0 293460.0 1726424.0 623735.0 1612481.0 1200573.0 1411914.0 1226019.0 1616931.0 1784409.0 1323652.0 968554.0 1039312.0 1924603.0 1158219.0 1143495.0 1024937.0 1250449.0 1873840.0 
1029959.0 439788.0 1438200.0 1005824.0 551652.0 298993.0 709273.0 482751.0 720182.0 608854.0 908713.0 855740.0 1234832.0 752832.0 1873239.0 882232.0 2584992.0 635923.0 1036613.0 1599443.0 0 1128337.0 1265426.0 759437.0 913248.0 168810.0 1216214.0 921645.0 1901300.0 1709709.0 1622419.0 1305983.0 2285990.0 1183301.0 1274826.0 1132327.0 432760.0 1456315.0 227743.0 1113058.0 1883218.0 1303100.0 1269608.0 945449.0 969607.0 701179.0 1707406.0 1263943.0 896651.0 
1548355.0 1518972.0 759861.0 1578511.0 1630836.0 829344.0 1692557.0 645586.0 1238578.0 519483.0 219624.0 1562935.0 963075.0 1202847.0 1194900.0 1156533.0 2397787.0 952115.0 869266.0 921104.0 1128337.0 0 693334.0 1075629.0 1076083.0 1297147.0 1048867.0 1237837.0 1222961.0 1522504.0 1105721.0 627644.0 2098785.0 996096.0 936886.0 756059.0 1416044.0 767226.0 1356080.0 1305617.0 1696013.0 524040.0 580519.0 1928733.0 749879.0 1147625.0 1029067.0 574854.0 1415047.0 
855021.0 825638.0 1453195.0 1327609.0 937502.0 1083430.0 1458500.0 899672.0 545244.0 773569.0 473710.0 1312033.0 877581.0 951945.0 1425923.0 463199.0 1930083.0 1075770.0 1201328.0 1152127.0 1265426.0 693334.0 0 952256.0 606952.0 1096616.0 1380929.0 1039165.0 1916295.0 1054800.0 967510.0 1320978.0 1631081.0 528392.0 685984.0 1449393.0 1678250.0 299522.0 1493169.0 1054715.0 1228309.0 1217374.0 112815.0 1694676.0 1003965.0 1409831.0 1722401.0 279592.0 721713.0 
1789396.0 1199225.0 1542005.0 1009704.0 1311089.0 460444.0 1140595.0 644202.0 1479619.0 770305.0 856005.0 994128.0 1288745.0 1512269.0 1321395.0 1415455.0 1825555.0 123514.0 1198064.0 1047599.0 759437.0 1075629.0 952256.0 0 1074699.0 928247.0 1285552.0 409236.0 2062751.0 950272.0 862982.0 1341059.0 1526553.0 423864.0 762417.0 619918.0 1192197.0 1026148.0 987180.0 736810.0 1123781.0 851937.0 839441.0 1376771.0 843506.0 1081112.0 1868857.0 1050578.0 1656088.0 
752747.0 723364.0 1385946.0 1837375.0 835228.0 614255.0 1622521.0 430497.0 442970.0 556600.0 856459.0 1768988.0 1027721.0 1509721.0 1820985.0 605020.0 2537035.0 951185.0 984359.0 1547189.0 913248.0 1076083.0 606952.0 1074699.0 0 994342.0 1024528.0 1236907.0 1849046.0 1661752.0 1574462.0 1253729.0 2238033.0 1135344.0 1292936.0 1147994.0 1346008.0 906474.0 1140991.0 1564481.0 1835261.0 915975.0 719767.0 1858697.0 1164658.0 1570524.0 1655152.0 886544.0 619439.0 
861149.0 270978.0 1607010.0 1174634.0 382842.0 467803.0 878083.0 651561.0 551372.0 777664.0 1077523.0 1024550.0 1403642.0 921642.0 2042049.0 713422.0 2753802.0 804733.0 1205423.0 1768253.0 168810.0 1297147.0 1096616.0 928247.0 994342.0 0 1385024.0 1090455.0 2070110.0 1878519.0 1791229.0 1474793.0 2454800.0 1352111.0 1443636.0 1301137.0 601570.0 1396138.0 396553.0 1281868.0 2052028.0 1471910.0 1209431.0 1114259.0 1138417.0 869989.0 1876216.0 1376208.0 727841.0 
1777275.0 1656002.0 883494.0 2010179.0 1767866.0 917221.0 1816190.0 733463.0 1467498.0 607360.0 907219.0 1962657.0 579325.0 1061325.0 1318533.0 1629548.0 3070163.0 1162038.0 179601.0 1044737.0 1216214.0 1048867.0 1380929.0 1285552.0 1024528.0 1385024.0 0 1447760.0 1346594.0 2194880.0 1229354.0 751277.0 2771161.0 1668472.0 1368554.0 1164050.0 1539677.0 1454821.0 1443957.0 1737285.0 2368389.0 932031.0 1268114.0 2052366.0 1180714.0 1271258.0 1152700.0 1262449.0 1643967.0 
1894186.0 1361433.0 1704213.0 600468.0 1473297.0 622652.0 731359.0 806410.0 1584409.0 932513.0 1018213.0 584892.0 1142410.0 1216774.0 1730631.0 1502364.0 2234791.0 285722.0 1360272.0 1456835.0 921645.0 1237837.0 1039165.0 409236.0 1236907.0 1090455.0 1447760.0 0 2224959.0 1359508.0 1272218.0 1629642.0 1935789.0 833100.0 353181.0 782126.0 1007872.0 1113057.0 1149388.0 327574.0 1533017.0 1014145.0 926350.0 967535.0 1005714.0 1243320.0 2031065.0 866121.0 1760878.0 
2601793.0 2341088.0 1057588.0 2286835.0 2452952.0 1602307.0 1990284.0 1418549.0 2292016.0 1292446.0 1442585.0 2136751.0 1709446.0 2191446.0 1492627.0 2379494.0 3244257.0 1939237.0 1166993.0 1218831.0 1901300.0 1222961.0 1916295.0 2062751.0 1849046.0 2070110.0 1346594.0 2224959.0 0 2368974.0 1403448.0 925371.0 2945255.0 1842566.0 2159847.0 1502430.0 1713771.0 1990187.0 1918788.0 2394069.0 2542483.0 1270411.0 1803480.0 2226460.0 1460076.0 1445352.0 193894.0 1797815.0 2468485.0 
1909821.0 1880438.0 1905874.0 1959976.0 1992302.0 1410716.0 2090867.0 1594474.0 1600044.0 1602739.0 1302880.0 1944400.0 1706751.0 1781115.0 1423939.0 1517999.0 920849.0 1073786.0 2015279.0 1150143.0 1709709.0 1522504.0 1054800.0 950272.0 1661752.0 1878519.0 2194880.0 1359508.0 2368974.0 0 965526.0 1443603.0 621847.0 526408.0 1515154.0 1570190.0 2142469.0 1128692.0 1937452.0 1687082.0 219075.0 1802209.0 941985.0 2327043.0 1793778.0 2031384.0 2175080.0 1153122.0 1776513.0 
1822531.0 1793148.0 940348.0 1872686.0 1905012.0 1323426.0 1873044.0 1301309.0 1512754.0 1175206.0 1215590.0 1857110.0 1592206.0 1693825.0 458413.0 1430709.0 1840809.0 986496.0 1049753.0 184617.0 1622419.0 1105721.0 967510.0 862982.0 1574462.0 1791229.0 1229354.0 1272218.0 1403448.0 965526.0 0 478077.0 1541807.0 439118.0 1427864.0 1385190.0 1596531.0 1041402.0 1801548.0 1599792.0 1139035.0 1153171.0 854695.0 2109220.0 1342836.0 1328112.0 1209554.0 1065832.0 1689223.0 
2006476.0 1745771.0 462271.0 1691518.0 1857635.0 1006990.0 1394967.0 823232.0 1696699.0 697129.0 847268.0 1541434.0 1114129.0 1596129.0 567256.0 1784177.0 2318886.0 1343920.0 571676.0 293460.0 1305983.0 627644.0 1320978.0 1341059.0 1253729.0 1474793.0 751277.0 1629642.0 925371.0 1443603.0 478077.0 0 2019884.0 917195.0 1564530.0 907113.0 1118454.0 1394870.0 1323471.0 1798752.0 1617112.0 675094.0 1208163.0 1631143.0 864759.0 850035.0 731477.0 1202498.0 1873168.0 
2486102.0 2456719.0 2482155.0 2536257.0 2568583.0 1986997.0 2667148.0 2170755.0 2176325.0 2179020.0 1879161.0 2520681.0 2283032.0 2357396.0 2000220.0 2094280.0 299002.0 1650067.0 2591560.0 1726424.0 2285990.0 2098785.0 1631081.0 1526553.0 2238033.0 2454800.0 2771161.0 1935789.0 2945255.0 621847.0 1541807.0 2019884.0 0 1102689.0 2091435.0 2146471.0 2718750.0 1704973.0 2513733.0 2263363.0 402772.0 2378490.0 1518266.0 2903324.0 2370059.0 2607665.0 2751361.0 1729403.0 2352794.0 
1383413.0 1354030.0 1379466.0 1433568.0 1465894.0 884308.0 1564459.0 1068066.0 1073636.0 1076331.0 776472.0 1417992.0 1180343.0 1254707.0 897531.0 991591.0 1401691.0 547378.0 1488871.0 623735.0 1183301.0 996096.0 528392.0 423864.0 1135344.0 1352111.0 1668472.0 833100.0 1842566.0 526408.0 439118.0 917195.0 1102689.0 0 988746.0 1043782.0 1616061.0 602284.0 1411044.0 1160674.0 699917.0 1275801.0 415577.0 1800635.0 1267370.0 1504976.0 1648672.0 626714.0 1250105.0 
1541005.0 1511622.0 1696747.0 641625.0 1623486.0 975833.0 772516.0 1143224.0 1231228.0 1017121.0 717262.0 626049.0 789229.0 863593.0 1886277.0 1149183.0 2390437.0 638903.0 1444880.0 1612481.0 1274826.0 936886.0 685984.0 762417.0 1292936.0 1443636.0 1368554.0 353181.0 2159847.0 1515154.0 1427864.0 1564530.0 2091435.0 988746.0 0 1135307.0 1049029.0 759876.0 1254046.0 368731.0 1688663.0 1228264.0 573169.0 1008692.0 1247517.0 1317448.0 1965953.0 512940.0 1407697.0 
1900741.0 1572115.0 922087.0 1302677.0 1683979.0 833334.0 1006126.0 1017092.0 1590964.0 1143195.0 975683.0 1152593.0 671054.0 1153054.0 1474369.0 1753014.0 2445473.0 496404.0 1148735.0 1200573.0 1132327.0 756059.0 1449393.0 619918.0 1147994.0 1301137.0 1164050.0 782126.0 1502430.0 1570190.0 1385190.0 907113.0 2146471.0 1043782.0 1135307.0 0 729613.0 1523285.0 934630.0 1109700.0 1743699.0 232019.0 1336578.0 1242302.0 475918.0 461194.0 1308536.0 1330913.0 1767433.0 
1462719.0 872548.0 1120454.0 573064.0 984412.0 731753.0 276513.0 915511.0 1152942.0 1041614.0 1204540.0 422980.0 1400667.0 1185592.0 1685710.0 1314992.0 3017752.0 1068683.0 1360076.0 1411914.0 432760.0 1416044.0 1678250.0 1192197.0 1346008.0 601570.0 1539677.0 1007872.0 1713771.0 2142469.0 1596531.0 1118454.0 2718750.0 1616061.0 1049029.0 729613.0 0 1752142.0 205017.0 680298.0 2315978.0 961632.0 1565435.0 512689.0 674285.0 268419.0 1519877.0 1559770.0 1329411.0 
1154543.0 1125160.0 1527087.0 1401501.0 1237024.0 1157322.0 1532392.0 973564.0 844766.0 847461.0 547602.0 1385925.0 951473.0 1025837.0 1499815.0 762721.0 2003975.0 1149662.0 1275220.0 1226019.0 1456315.0 767226.0 299522.0 1026148.0 906474.0 1396138.0 1454821.0 1113057.0 1990187.0 1128692.0 1041402.0 1394870.0 1704973.0 602284.0 759876.0 1523285.0 1752142.0 0 1684058.0 1128607.0 1302201.0 1291266.0 186707.0 1768568.0 1077857.0 1483723.0 1796293.0 397844.0 1021235.0 
1257702.0 667531.0 1325471.0 778081.0 779395.0 526736.0 481530.0 710494.0 947925.0 836597.0 1136456.0 627997.0 1462575.0 980575.0 1890727.0 1109975.0 2812735.0 863666.0 1264356.0 1616931.0 227743.0 1356080.0 1493169.0 987180.0 1140991.0 396553.0 1443957.0 1149388.0 1918788.0 1937452.0 1801548.0 1323471.0 2513733.0 1411044.0 1254046.0 934630.0 205017.0 1684058.0 0 885315.0 2110961.0 1166649.0 1497351.0 717706.0 879302.0 473436.0 1724894.0 1491686.0 1124394.0 
1909736.0 1552846.0 1800752.0 272894.0 1664710.0 950226.0 403785.0 1133984.0 1599959.0 1260087.0 1085993.0 257318.0 1157960.0 1232324.0 2058205.0 1517914.0 2562365.0 613296.0 1687846.0 1784409.0 1113058.0 1305617.0 1054715.0 736810.0 1564481.0 1281868.0 1737285.0 327574.0 2394069.0 1687082.0 1599792.0 1798752.0 2263363.0 1160674.0 368731.0 1109700.0 680298.0 1128607.0 885315.0 0 1860591.0 1341719.0 941900.0 639961.0 1333288.0 948717.0 2200175.0 881671.0 1776428.0 
2083330.0 2053947.0 2079383.0 2133485.0 2165811.0 1584225.0 2264376.0 1767983.0 1773553.0 1776248.0 1476389.0 2117909.0 1880260.0 1954624.0 1597448.0 1691508.0 701774.0 1247295.0 2188788.0 1323652.0 1883218.0 1696013.0 1228309.0 1123781.0 1835261.0 2052028.0 2368389.0 1533017.0 2542483.0 219075.0 1139035.0 1617112.0 402772.0 699917.0 1688663.0 1743699.0 2315978.0 1302201.0 2110961.0 1860591.0 0 1975718.0 1115494.0 2500552.0 1967287.0 2204893.0 2348589.0 1326631.0 1950022.0 
1668722.0 1639339.0 807311.0 1534696.0 1751203.0 1004107.0 1238145.0 1168272.0 1358945.0 1042169.0 743664.0 1384612.0 439035.0 921035.0 1242350.0 1520995.0 2677492.0 728423.0 916716.0 968554.0 1303100.0 524040.0 1217374.0 851937.0 915975.0 1471910.0 932031.0 1014145.0 1270411.0 1802209.0 1153171.0 675094.0 2378490.0 1275801.0 1228264.0 232019.0 961632.0 1291266.0 1166649.0 1341719.0 1975718.0 0 1104559.0 1474321.0 707937.0 693213.0 1076517.0 1098894.0 1535414.0 
967836.0 938453.0 1340380.0 1214794.0 1050317.0 970615.0 1345685.0 786857.0 658059.0 660754.0 360895.0 1199218.0 764766.0 839130.0 1313108.0 576014.0 1817268.0 962955.0 1088513.0 1039312.0 1269608.0 580519.0 112815.0 839441.0 719767.0 1209431.0 1268114.0 926350.0 1803480.0 941985.0 854695.0 1208163.0 1518266.0 415577.0 573169.0 1336578.0 1565435.0 186707.0 1497351.0 941900.0 1115494.0 1104559.0 0 1581861.0 891150.0 1297016.0 1609586.0 211137.0 834528.0 
1975408.0 1385237.0 1633143.0 532727.0 1497101.0 1244442.0 236176.0 1428200.0 1665631.0 1554303.0 1717229.0 382643.0 1797921.0 1698281.0 2198399.0 1827681.0 3202326.0 1253257.0 1872765.0 1924603.0 945449.0 1928733.0 1694676.0 1376771.0 1858697.0 1114259.0 2052366.0 967535.0 2226460.0 2327043.0 2109220.0 1631143.0 2903324.0 1800635.0 1008692.0 1242302.0 512689.0 1768568.0 717706.0 639961.0 2500552.0 1474321.0 1581861.0 0 1186974.0 781108.0 2032566.0 1521632.0 1842100.0 
1858986.0 1409395.0 866759.0 1247349.0 1521259.0 670614.0 950798.0 854372.0 1549209.0 830114.0 530255.0 1097265.0 1146972.0 1513478.0 1432015.0 1467164.0 2669061.0 719992.0 1106381.0 1158219.0 969607.0 749879.0 1003965.0 843506.0 1164658.0 1138417.0 1180714.0 1005714.0 1460076.0 1793778.0 1342836.0 864759.0 2370059.0 1267370.0 1247517.0 475918.0 674285.0 1077857.0 879302.0 1333288.0 1967287.0 707937.0 891150.0 1186974.0 0 405866.0 1266182.0 885485.0 1725678.0 
1731138.0 1140967.0 852035.0 841483.0 1252831.0 1000172.0 544932.0 1183930.0 1421361.0 1217110.0 936121.0 691399.0 1132248.0 1454011.0 1417291.0 1583411.0 2906667.0 957598.0 1091657.0 1143495.0 701179.0 1147625.0 1409831.0 1081112.0 1570524.0 869989.0 1271258.0 1243320.0 1445352.0 2031384.0 1328112.0 850035.0 2607665.0 1504976.0 1317448.0 461194.0 268419.0 1483723.0 473436.0 948717.0 2204893.0 693213.0 1297016.0 781108.0 405866.0 0 1251458.0 1291351.0 1597830.0 
2407899.0 2147194.0 863694.0 2092941.0 2259058.0 1408413.0 1796390.0 1224655.0 2098122.0 1098552.0 1248691.0 1942857.0 1515552.0 1997552.0 1298733.0 2185600.0 3050363.0 1745343.0 973099.0 1024937.0 1707406.0 1029067.0 1722401.0 1868857.0 1655152.0 1876216.0 1152700.0 2031065.0 193894.0 2175080.0 1209554.0 731477.0 2751361.0 1648672.0 1965953.0 1308536.0 1519877.0 1796293.0 1724894.0 2200175.0 2348589.0 1076517.0 1609586.0 2032566.0 1266182.0 1251458.0 0 1603921.0 2274591.0 
1134613.0 1105230.0 1334715.0 1154565.0 1217094.0 964950.0 1285456.0 781192.0 824836.0 655089.0 355230.0 1138989.0 704537.0 778901.0 1524245.0 742791.0 2028405.0 1087721.0 1082848.0 1250449.0 1263943.0 574854.0 279592.0 1050578.0 886544.0 1376208.0 1262449.0 866121.0 1797815.0 1153122.0 1065832.0 1202498.0 1729403.0 626714.0 512940.0 1330913.0 1559770.0 397844.0 1491686.0 881671.0 1326631.0 1098894.0 211137.0 1521632.0 885485.0 1291351.0 1603921.0 0 1001305.0 
133308.0 456863.0 2005385.0 1902475.0 568727.0 1195644.0 1605924.0 1049936.0 176469.0 1176039.0 1195423.0 1752391.0 1599294.0 1649483.0 2147636.0 338519.0 2651796.0 1532574.0 1603798.0 1873840.0 896651.0 1415047.0 721713.0 1656088.0 619439.0 727841.0 1643967.0 1760878.0 2468485.0 1776513.0 1689223.0 1873168.0 2352794.0 1250105.0 1407697.0 1767433.0 1329411.0 1021235.0 1124394.0 1776428.0 1950022.0 1535414.0 834528.0 1842100.0 1725678.0 1597830.0 2274591.0 1001305.0 0 
