25
MmyIjL9eCtx6gWz3wVZ 1jBi0PTJvZ64NCk3reI tzCcW8fgerZ7MPsKRYo Dcx9AuBZiOREsF8tCf7 r7eGb1yPwH4mTBqxSYE IlPsROCJnVuvY9ztkBg tHlZLpFmMs2C4Ke5Iva B1yRejAKLtzmXFhdW7a 0pR2dNDmQ8oq4YaV3eH ovScIEk3it5uYA4m0V1 jrkGdcRHTXnEtFM4byq uqDslFf152aSvKkZy4d jqEoINsWgAHPK23nfx8 MaAJp7XESHWcrk3Ysnl 8lahQvKgdf0Xt5mOxAG SECHBLFm7bW62pstcwe obFHZn58LiTK7tU4qPr 83nqOsurZC7mNJVkYvy 9cdU8XIeDth5YnmqWNv 1gIAyBPEZj03p64La9s UCS08hXP9ZWriMjIdEk kcPgNQThEV1pHUs98Rf 6ZUX1F4wKzs2JncqrCm psCgZixY0EkVrlhQ78a 6hCusiQT0Dw1LIp2c8t
0 1.42697 2.94207 4.278560000000001 5.730370000000001 7.06636 8.5456 9.88751 11.352120000000001 12.755370000000001 14.22112 763270.95507 1061746.51165 1034841.58297 1088966.64785 211512.68653 520553.12436 644858.33837 1019695.71606 825502.40309 1216471.57527 840635.61384 860309.11801 347086.80793 1.37117 
1.42697 0 1.5151 2.85159 4.3034 5.63939 7.11863 8.46054 9.92515 11.3284 12.79415 763269.5281 1061745.0846799999 1034840.156 1088965.2208800002 211511.25956 520551.69739 644856.9114 1019694.28909 825500.97612 1216470.1483 840634.18687 860307.69104 347085.38096 2.79814 
2.94207 1.5151 0 1.33649 2.7883 4.12429 5.60353 6.94544 8.41005 9.8133 11.27905 763268.013 1061743.56958 1034838.6409 1088963.70578 211512.77466 520550.18229 644855.3963 1019692.77399 825499.46102 1216468.6332 840632.67177 860306.17594 347083.86586 4.31324 
4.27856 2.85159 1.33649 0 1.45181 2.7878 4.26704 5.60895 7.0735600000000005 8.47681 9.94256 763266.67651 1061742.23309 1034839.97739 1088962.36929 211514.11115 520548.8458 644854.05981 1019691.4375 825498.12453 1216467.2967100001 840631.33528 860304.83945 347082.52937 5.64973 
5.73037 4.3034 2.7883 1.45181 0 1.33599 2.81523 4.15714 5.6217500000000005 7.025 8.49075 763265.2247 1061740.78128 1034841.4292 1088960.91748 211515.56296 520547.39399 644852.608 1019689.98569 825496.67272 1216465.8449000001 840629.88347 860303.38764 347081.07756 7.10154 
7.06636 5.639390000000001 4.12429 2.7878 1.33599 0 1.47924 2.8211500000000003 4.28576 5.68901 7.15476 763263.88871 1061739.44529 1034842.76519 1088962.25347 211516.89895 520546.058 644851.27201 1019688.6497 825495.33673 1216464.50891 840628.54748 860302.0516499999 347079.74157 8.43753 
8.5456 7.11863 5.603529999999999 4.26704 2.81523 1.47924 0 1.34191 2.80652 4.20977 5.67552 763262.40947 1061740.92453 1034844.24443 1088963.7327100001 211518.37819000002 520544.57876 644849.7927700001 1019687.17046 825493.8574900001 1216463.02967 840627.06824 860300.57241 347078.26233 9.91677 
9.88751 8.46054 6.94544 5.60895 4.15714 2.8211500000000003 1.34191 0 1.46461 2.8678600000000003 4.33361 763261.06756 1061742.26644 1034845.58634 1088965.07462 211519.7201 520543.23685 644848.45086 1019685.82855 825492.51558 1216461.6877600001 840625.72633 860299.2305 347076.92042 11.25868 
11.352120000000001 9.92515 8.41005 7.07356 5.62175 4.28576 2.80652 1.46461 0 1.40325 2.869 763262.53217 1061743.73105 1034847.05095 1088966.53923 211521.18471 520541.77224 644846.98625 1019684.36394 825491.05097 1216460.22315 840624.26172 860297.7658899999 347075.45581 12.72329 
12.755370000000001 11.3284 9.8133 8.47681 7.025 5.689010000000001 4.209770000000001 2.8678600000000003 1.40325 0 1.46575 763263.93542 1061745.1343 1034848.4542 1088967.94248 211522.58796 520540.36899 644845.583 1019682.96069 825489.64772 1216458.8199 840622.85847 860296.36264 347074.05256 14.12654 
14.22112 12.79415 11.27905 9.94256 8.49075 7.1547600000000005 5.675520000000001 4.33361 2.869 1.46575 0 763265.40117 1061746.60005 1034849.91995 1088969.4082300002 211524.05371 520538.90324 644844.11725 1019681.49494 825488.18197 1216457.35415 840621.39272 860294.89689 347072.58681 15.59229 
763270.95507 763269.5281 763268.013 763266.67651 763265.2247 763263.88871 763262.40947 763261.06756 763262.53217 763263.93542 763265.40117 0 1825003.3339999998 1798106.6539 1852226.14218 974780.78766 1283804.3044099999 1408109.51842 1782946.89611 1588753.58314 1979722.75532 1603886.7938899999 1623560.29806 1110337.98798 763272.3262400001 
1061746.5116499998 1061745.0846799999 1061743.56958 1061742.23309 1061740.78128 1061739.44529 1061740.92453 1061742.26644 1061743.7310499998 1061745.1342999998 1061746.6000499998 1825003.3339999998 0 2096582.21048 2150701.69876 1273256.3442399998 1582285.50329 1706590.7172999997 2081428.0949899997 1887234.7820199998 2278203.9541999996 1902367.99277 1922041.4969399997 1408819.1868599998 1061747.8828199997 
1034841.58297 1034840.156 1034838.6409 1034839.97739 1034841.4292 1034842.7651900001 1034844.2444300001 1034845.58634 1034847.0509500001 1034848.4542 1034849.91995 1798106.6539 2096582.21048 0 2123802.34668 1246351.4155599999 1555388.82319 1679694.0372000001 2054531.4148900001 1860338.10192 2251307.2741 1875471.31267 1895144.81684 1381922.50676 1034842.95414 
1088966.6478499998 1088965.22088 1088963.70578 1088962.36929 1088960.91748 1088962.25347 1088963.7327100001 1088965.07462 1088966.53923 1088967.94248 1088969.40823 1852226.14218 2150701.69876 2123802.34668 0 1300476.4804399998 1609508.31147 1733813.5254799998 2108650.90317 1914457.5902 2305426.76238 1929590.80095 1949264.30512 1436041.99504 1088968.0190199998 
211512.68653 211511.25956 211512.77466 211514.11114999998 211515.56295999998 211516.89894999997 211518.37818999996 211519.72009999995 211521.18470999994 211522.58795999995 211524.05370999995 974780.7876599999 1273256.34424 1246351.41556 1300476.48044 0 732062.95695 856368.17096 1231205.54865 1037012.2356799999 1427981.40786 1052145.44643 1071818.9505999999 558596.6405199999 211514.0577 
520553.12436 520551.69739000004 520550.18229 520548.8458 520547.39399 520546.058 520544.57876 520543.23685 520541.77223999996 520540.36899 520538.90324 1283804.3044099999 1582285.50329 1555388.82319 1609508.31147 732062.95695 0 1165383.02049 1540220.39818 1346027.0852100002 1736996.25739 1361160.29596 1380833.8001299999 867611.49005 520554.49553 
644858.33837 644856.9114 644855.3963 644854.05981 644852.608 644851.27201 644849.79277 644848.45086 644846.98625 644845.583 644844.11725 1408109.51842 1706590.7173 1679694.0372000001 1733813.52548 856368.17096 1165383.02049 0 1664525.61219 1470332.29922 1861301.4714000002 1485465.50997 1505139.01414 991916.70406 644859.7095400001 
1019695.71606 1019694.28909 1019692.77399 1019691.4375 1019689.98569 1019688.6497 1019687.1704599999 1019685.82855 1019684.36394 1019682.96069 1019681.49494 1782946.89611 2081428.09499 2054531.4148900001 2108650.90317 1231205.54865 1540220.39818 1664525.61219 0 1845169.67691 2236138.84909 1860302.88766 1879976.39183 1366754.08175 1019697.0872300001 
825502.40309 825500.97612 825499.46102 825498.12453 825496.67272 825495.33673 825493.85749 825492.51558 825491.05097 825489.64772 825488.18197 1588753.58314 1887234.7820199998 1860338.10192 1914457.5902 1037012.23568 1346027.0852100002 1470332.29922 1845169.67691 0 2041945.53612 1666109.5746900002 1685783.07886 1172560.76878 825503.7742600001 
1216471.5752699997 1216470.1482999998 1216468.6331999998 1216467.29671 1216465.8449 1216464.5089099999 1216463.0296699998 1216461.68776 1216460.22315 1216458.8199 1216457.35415 1979722.75532 2278203.9541999996 2251307.2741 2305426.76238 1427981.4078599997 1736996.25739 1861301.4714000002 2236138.84909 2041945.53612 0 2057078.74687 2076752.25104 1563529.94096 1216472.9464399996 
840635.61384 840634.18687 840632.67177 840631.33528 840629.88347 840628.54748 840627.0682399999 840625.72633 840624.26172 840622.85847 840621.39272 1603886.7938899999 1902367.99277 1875471.31267 1929590.80095 1052145.44643 1361160.29596 1485465.50997 1860302.88766 1666109.5746900002 2057078.74687 0 1700916.2896099999 1187693.9795300001 840636.9850100001 
860309.11801 860307.69104 860306.17594 860304.83945 860303.38764 860302.0516499999 860300.5724099999 860299.2305 860297.7658899999 860296.36264 860294.89689 1623560.29806 1922041.49694 1895144.81684 1949264.3051200002 1071818.9505999999 1380833.8001299999 1505139.01414 1879976.39183 1685783.07886 2076752.25104 1700916.2896099999 0 1207367.4837 860310.48918 
347086.80793 347085.38096000004 347083.86586 347082.52937 347081.07756 347079.74157 347078.26233 347076.92042 347075.45580999996 347074.05256 347072.58681 1110337.98798 1408819.18686 1381922.50676 1436041.99504 558596.64052 867611.49005 991916.70406 1366754.08175 1172560.76878 1563529.94096 1187693.9795300001 1207367.4837 0 347088.1791 
1.37117 2.79814 4.31324 5.64973 7.10154 8.43753 9.916770000000001 11.258680000000002 12.723290000000002 14.126540000000002 15.592290000000002 763272.32624 1061747.88282 1034842.95414 1088968.01902 211514.0577 520554.49553 644859.70954 1019697.08723 825503.77426 1216472.94644 840636.98501 860310.4891799999 347088.1791 0 
