51
50 51 52 53 54 55 56 57 58 59 60 61 62 63 64 65 66 67 68 69 70 71 72 73 74 75 76 77 78 79 80 81 82 83 84 85 86 87 88 89 90 91 92 93 94 95 96 97 98 99 0
0 10.0 20002.0 20002.0 20004.0 20004.0 20003.0 20003.0 20001.0 20001.0 20003.0 20003.0 20003.0 20003.0 20002.0 20002.0 20004.0 20004.0 20004.0 20004.0 20002.0 1000020002.0 20002.0 20004.0 1000020004.0 20004.0 20004.0 1000020004.0 20004.0 20003.0 1000020003.0 20003.0 20004.0 1000020004.0 20004.0 20005.0 1000020005.0 20005.0 20002.0 1000020002.0 20002.0 20005.0 1000020005.0 20005.0 20003.0 1000020003.0 20003.0 20003.0 1000020003.0 20003.0 10002.0 
10.0 0 20002.0 20002.0 20004.0 20004.0 20003.0 20003.0 20001.0 20001.0 20003.0 20003.0 20003.0 20003.0 20002.0 20002.0 20004.0 20004.0 20004.0 20004.0 20002.0 1000020002.0 20002.0 20004.0 1000020004.0 20004.0 20004.0 1000020004.0 20004.0 20003.0 1000020003.0 20003.0 20004.0 1000020004.0 20004.0 20005.0 1000020005.0 20005.0 20002.0 1000020002.0 20002.0 20005.0 1000020005.0 20005.0 20003.0 1000020003.0 20003.0 20003.0 1000020003.0 20003.0 10002.0 
20002.0 20002.0 0 10.0 20002.0 20002.0 20003.0 20003.0 20003.0 20003.0 20004.0 20004.0 20004.0 20004.0 20004.0 20004.0 20003.0 20003.0 20004.0 20004.0 20004.0 1000020004.0 20004.0 20002.0 1000020002.0 20002.0 20004.0 1000020004.0 20004.0 20004.0 1000020004.0 20004.0 20002.0 1000020002.0 20002.0 20005.0 1000020005.0 20005.0 20004.0 1000020004.0 20004.0 20005.0 1000020005.0 20005.0 20003.0 1000020003.0 20003.0 20004.0 1000020004.0 20004.0 10002.0 
20002.0 20002.0 10.0 0 20002.0 20002.0 20003.0 20003.0 20003.0 20003.0 20004.0 20004.0 20004.0 20004.0 20004.0 20004.0 20003.0 20003.0 20004.0 20004.0 20004.0 1000020004.0 20004.0 20002.0 1000020002.0 20002.0 20004.0 1000020004.0 20004.0 20004.0 1000020004.0 20004.0 20002.0 1000020002.0 20002.0 20005.0 1000020005.0 20005.0 20004.0 1000020004.0 20004.0 20005.0 1000020005.0 20005.0 20003.0 1000020003.0 20003.0 20004.0 1000020004.0 20004.0 10002.0 
20004.0 20004.0 20002.0 20002.0 0 10.0 20005.0 20005.0 20003.0 20003.0 20002.0 20002.0 20002.0 20002.0 20003.0 20003.0 20003.0 20003.0 20004.0 20004.0 20004.0 1000020004.0 20004.0 20002.0 1000020002.0 20002.0 20004.0 1000020004.0 20004.0 20004.0 1000020004.0 20004.0 20000.0 1000020000.0 20000.0 20004.0 1000020004.0 20004.0 20003.0 1000020003.0 20003.0 20003.0 1000020003.0 20003.0 20003.0 1000020003.0 20003.0 20004.0 1000020004.0 20004.0 10004.0 
20004.0 20004.0 20002.0 20002.0 10.0 0 20005.0 20005.0 20003.0 20003.0 20002.0 20002.0 20002.0 20002.0 20003.0 20003.0 20003.0 20003.0 20004.0 20004.0 20004.0 1000020004.0 20004.0 20002.0 1000020002.0 20002.0 20004.0 1000020004.0 20004.0 20004.0 1000020004.0 20004.0 20000.0 1000020000.0 20000.0 20004.0 1000020004.0 20004.0 20003.0 1000020003.0 20003.0 20003.0 1000020003.0 20003.0 20003.0 1000020003.0 20003.0 20004.0 1000020004.0 20004.0 10004.0 
20003.0 20003.0 20003.0 20003.0 20005.0 20005.0 0 10.0 20004.0 20004.0 20006.0 20006.0 20004.0 20004.0 20005.0 20005.0 20006.0 20006.0 20005.0 20005.0 20005.0 1000020005.0 20005.0 20005.0 1000020005.0 20005.0 20005.0 1000020005.0 20005.0 20005.0 1000020005.0 20005.0 20005.0 1000020005.0 20005.0 20006.0 1000020006.0 20006.0 20005.0 1000020005.0 20005.0 20006.0 1000020006.0 20006.0 20005.0 1000020005.0 20005.0 20005.0 1000020005.0 20005.0 10004.0 
20003.0 20003.0 20003.0 20003.0 20005.0 20005.0 10.0 0 20004.0 20004.0 20006.0 20006.0 20004.0 20004.0 20005.0 20005.0 20006.0 20006.0 20005.0 20005.0 20005.0 1000020005.0 20005.0 20005.0 1000020005.0 20005.0 20005.0 1000020005.0 20005.0 20005.0 1000020005.0 20005.0 20005.0 1000020005.0 20005.0 20006.0 1000020006.0 20006.0 20005.0 1000020005.0 20005.0 20006.0 1000020006.0 20006.0 20005.0 1000020005.0 20005.0 20005.0 1000020005.0 20005.0 10004.0 
20001.0 20001.0 20003.0 20003.0 20003.0 20003.0 20004.0 20004.0 0 10.0 20003.0 20003.0 20002.0 20002.0 20003.0 20003.0 20004.0 20004.0 20005.0 20005.0 20003.0 1000020003.0 20003.0 20004.0 1000020004.0 20004.0 20005.0 1000020005.0 20005.0 20004.0 1000020004.0 20004.0 20003.0 1000020003.0 20003.0 20005.0 1000020005.0 20005.0 20003.0 1000020003.0 20003.0 20004.0 1000020004.0 20004.0 20004.0 1000020004.0 20004.0 20004.0 1000020004.0 20004.0 10001.0 
20001.0 20001.0 20003.0 20003.0 20003.0 20003.0 20004.0 20004.0 10.0 0 20003.0 20003.0 20002.0 20002.0 20003.0 20003.0 20004.0 20004.0 20005.0 20005.0 20003.0 1000020003.0 20003.0 20004.0 1000020004.0 20004.0 20005.0 1000020005.0 20005.0 20004.0 1000020004.0 20004.0 20003.0 1000020003.0 20003.0 20005.0 1000020005.0 20005.0 20003.0 1000020003.0 20003.0 20004.0 1000020004.0 20004.0 20004.0 1000020004.0 20004.0 20004.0 1000020004.0 20004.0 10001.0 
20003.0 20003.0 20004.0 20004.0 20002.0 20002.0 20006.0 20006.0 20003.0 20003.0 0 10.0 20004.0 20004.0 20003.0 20003.0 20004.0 20004.0 20003.0 20003.0 20004.0 1000020004.0 20004.0 20003.0 1000020003.0 20003.0 20005.0 1000020005.0 20005.0 20004.0 1000020004.0 20004.0 20002.0 1000020002.0 20002.0 20004.0 1000020004.0 20004.0 20003.0 1000020003.0 20003.0 20003.0 1000020003.0 20003.0 20004.0 1000020004.0 20004.0 20004.0 1000020004.0 20004.0 10004.0 
20003.0 20003.0 20004.0 20004.0 20002.0 20002.0 20006.0 20006.0 20003.0 20003.0 10.0 0 20004.0 20004.0 20003.0 20003.0 20004.0 20004.0 20003.0 20003.0 20004.0 1000020004.0 20004.0 20003.0 1000020003.0 20003.0 20005.0 1000020005.0 20005.0 20004.0 1000020004.0 20004.0 20002.0 1000020002.0 20002.0 20004.0 1000020004.0 20004.0 20003.0 1000020003.0 20003.0 20003.0 1000020003.0 20003.0 20004.0 1000020004.0 20004.0 20004.0 1000020004.0 20004.0 10004.0 
20003.0 20003.0 20004.0 20004.0 20002.0 20002.0 20004.0 20004.0 20002.0 20002.0 20004.0 20004.0 0 10.0 20003.0 20003.0 20003.0 20003.0 20004.0 20004.0 20004.0 1000020004.0 20004.0 20002.0 1000020002.0 20002.0 20004.0 1000020004.0 20004.0 20003.0 1000020003.0 20003.0 20002.0 1000020002.0 20002.0 20003.0 1000020003.0 20003.0 20003.0 1000020003.0 20003.0 20002.0 1000020002.0 20002.0 20005.0 1000020005.0 20005.0 20003.0 1000020003.0 20003.0 10003.0 
20003.0 20003.0 20004.0 20004.0 20002.0 20002.0 20004.0 20004.0 20002.0 20002.0 20004.0 20004.0 10.0 0 20003.0 20003.0 20003.0 20003.0 20004.0 20004.0 20004.0 1000020004.0 20004.0 20002.0 1000020002.0 20002.0 20004.0 1000020004.0 20004.0 20003.0 1000020003.0 20003.0 20002.0 1000020002.0 20002.0 20003.0 1000020003.0 20003.0 20003.0 1000020003.0 20003.0 20002.0 1000020002.0 20002.0 20005.0 1000020005.0 20005.0 20003.0 1000020003.0 20003.0 10003.0 
20002.0 20002.0 20004.0 20004.0 20003.0 20003.0 20005.0 20005.0 20003.0 20003.0 20003.0 20003.0 20003.0 20003.0 0 10.0 20002.0 20002.0 20004.0 20004.0 20003.0 1000020003.0 20003.0 20003.0 1000020003.0 20003.0 20003.0 1000020003.0 20003.0 20004.0 1000020004.0 20004.0 20003.0 1000020003.0 20003.0 20005.0 1000020005.0 20005.0 20000.0 1000020000.0 20000.0 20004.0 1000020004.0 20004.0 20002.0 1000020002.0 20002.0 20004.0 1000020004.0 20004.0 10004.0 
20002.0 20002.0 20004.0 20004.0 20003.0 20003.0 20005.0 20005.0 20003.0 20003.0 20003.0 20003.0 20003.0 20003.0 10.0 0 20002.0 20002.0 20004.0 20004.0 20003.0 1000020003.0 20003.0 20003.0 1000020003.0 20003.0 20003.0 1000020003.0 20003.0 20004.0 1000020004.0 20004.0 20003.0 1000020003.0 20003.0 20005.0 1000020005.0 20005.0 20000.0 1000020000.0 20000.0 20004.0 1000020004.0 20004.0 20002.0 1000020002.0 20002.0 20004.0 1000020004.0 20004.0 10004.0 
20004.0 20004.0 20003.0 20003.0 20003.0 20003.0 20006.0 20006.0 20004.0 20004.0 20004.0 20004.0 20003.0 20003.0 20002.0 20002.0 0 10.0 20002.0 20002.0 20005.0 1000020005.0 20005.0 20001.0 1000020001.0 20001.0 20005.0 1000020005.0 20005.0 20005.0 1000020005.0 20005.0 20003.0 1000020003.0 20003.0 20006.0 1000020006.0 20006.0 20002.0 1000020002.0 20002.0 20005.0 1000020005.0 20005.0 20004.0 1000020004.0 20004.0 20005.0 1000020005.0 20005.0 10005.0 
20004.0 20004.0 20003.0 20003.0 20003.0 20003.0 20006.0 20006.0 20004.0 20004.0 20004.0 20004.0 20003.0 20003.0 20002.0 20002.0 10.0 0 20002.0 20002.0 20005.0 1000020005.0 20005.0 20001.0 1000020001.0 20001.0 20005.0 1000020005.0 20005.0 20005.0 1000020005.0 20005.0 20003.0 1000020003.0 20003.0 20006.0 1000020006.0 20006.0 20002.0 1000020002.0 20002.0 20005.0 1000020005.0 20005.0 20004.0 1000020004.0 20004.0 20005.0 1000020005.0 20005.0 10005.0 
20004.0 20004.0 20004.0 20004.0 20004.0 20004.0 20005.0 20005.0 20005.0 20005.0 20003.0 20003.0 20004.0 20004.0 20004.0 20004.0 20002.0 20002.0 0 10.0 20004.0 1000020004.0 20004.0 20003.0 1000020003.0 20003.0 20004.0 1000020004.0 20004.0 20003.0 1000020003.0 20003.0 20004.0 1000020004.0 20004.0 20004.0 1000020004.0 20004.0 20004.0 1000020004.0 20004.0 20003.0 1000020003.0 20003.0 20005.0 1000020005.0 20005.0 20003.0 1000020003.0 20003.0 10005.0 
20004.0 20004.0 20004.0 20004.0 20004.0 20004.0 20005.0 20005.0 20005.0 20005.0 20003.0 20003.0 20004.0 20004.0 20004.0 20004.0 20002.0 20002.0 10.0 0 20004.0 1000020004.0 20004.0 20003.0 1000020003.0 20003.0 20004.0 1000020004.0 20004.0 20003.0 1000020003.0 20003.0 20004.0 1000020004.0 20004.0 20004.0 1000020004.0 20004.0 20004.0 1000020004.0 20004.0 20003.0 1000020003.0 20003.0 20005.0 1000020005.0 20005.0 20003.0 1000020003.0 20003.0 10005.0 
20002.0 20002.0 20004.0 20004.0 20004.0 20004.0 20005.0 20005.0 20003.0 20003.0 20004.0 20004.0 20004.0 20004.0 20003.0 20003.0 20005.0 20005.0 20004.0 20004.0 0 1000000000.0 20000.0 20005.0 1000020005.0 20005.0 20003.0 1000020003.0 20003.0 20001.0 1000020001.0 20001.0 20004.0 1000020004.0 20004.0 20004.0 1000020004.0 20004.0 20003.0 1000020003.0 20003.0 20003.0 1000020003.0 20003.0 20003.0 1000020003.0 20003.0 20001.0 1000020001.0 20001.0 10004.0 
1000020002.0 1000020002.0 1000020004.0 1000020004.0 1000020004.0 1000020004.0 1000020005.0 1000020005.0 1000020003.0 1000020003.0 1000020004.0 1000020004.0 1000020004.0 1000020004.0 1000020003.0 1000020003.0 1000020005.0 1000020005.0 1000020004.0 1000020004.0 1000000000.0 0 1000000000.0 1000020005.0 2000020005.0 1000020005.0 1000020003.0 2000020003.0 1000020003.0 1000020001.0 2000020001.0 1000020001.0 1000020004.0 2000020004.0 1000020004.0 1000020004.0 2000020004.0 1000020004.0 1000020003.0 2000020003.0 1000020003.0 1000020003.0 2000020003.0 1000020003.0 1000020003.0 2000020003.0 1000020003.0 1000020001.0 2000020001.0 1000020001.0 1000010004.0 
20002.0 20002.0 20004.0 20004.0 20004.0 20004.0 20005.0 20005.0 20003.0 20003.0 20004.0 20004.0 20004.0 20004.0 20003.0 20003.0 20005.0 20005.0 20004.0 20004.0 20000.0 1000000000.0 0 20005.0 1000020005.0 20005.0 20003.0 1000020003.0 20003.0 20001.0 1000020001.0 20001.0 20004.0 1000020004.0 20004.0 20004.0 1000020004.0 20004.0 20003.0 1000020003.0 20003.0 20003.0 1000020003.0 20003.0 20003.0 1000020003.0 20003.0 20001.0 1000020001.0 20001.0 10004.0 
20004.0 20004.0 20002.0 20002.0 20002.0 20002.0 20005.0 20005.0 20004.0 20004.0 20003.0 20003.0 20002.0 20002.0 20003.0 20003.0 20001.0 20001.0 20003.0 20003.0 20005.0 1000020005.0 20005.0 0 1000000000.0 20000.0 20004.0 1000020004.0 20004.0 20004.0 1000020004.0 20004.0 20002.0 1000020002.0 20002.0 20005.0 1000020005.0 20005.0 20003.0 1000020003.0 20003.0 20004.0 1000020004.0 20004.0 20005.0 1000020005.0 20005.0 20004.0 1000020004.0 20004.0 10004.0 
1000020004.0 1000020004.0 1000020002.0 1000020002.0 1000020002.0 1000020002.0 1000020005.0 1000020005.0 1000020004.0 1000020004.0 1000020003.0 1000020003.0 1000020002.0 1000020002.0 1000020003.0 1000020003.0 1000020001.0 1000020001.0 1000020003.0 1000020003.0 1000020005.0 2000020005.0 1000020005.0 1000000000.0 0 1000000000.0 1000020004.0 2000020004.0 1000020004.0 1000020004.0 2000020004.0 1000020004.0 1000020002.0 2000020002.0 1000020002.0 1000020005.0 2000020005.0 1000020005.0 1000020003.0 2000020003.0 1000020003.0 1000020004.0 2000020004.0 1000020004.0 1000020005.0 2000020005.0 1000020005.0 1000020004.0 2000020004.0 1000020004.0 1000010004.0 
20004.0 20004.0 20002.0 20002.0 20002.0 20002.0 20005.0 20005.0 20004.0 20004.0 20003.0 20003.0 20002.0 20002.0 20003.0 20003.0 20001.0 20001.0 20003.0 20003.0 20005.0 1000020005.0 20005.0 20000.0 1000000000.0 0 20004.0 1000020004.0 20004.0 20004.0 1000020004.0 20004.0 20002.0 1000020002.0 20002.0 20005.0 1000020005.0 20005.0 20003.0 1000020003.0 20003.0 20004.0 1000020004.0 20004.0 20005.0 1000020005.0 20005.0 20004.0 1000020004.0 20004.0 10004.0 
20004.0 20004.0 20004.0 20004.0 20004.0 20004.0 20005.0 20005.0 20005.0 20005.0 20005.0 20005.0 20004.0 20004.0 20003.0 20003.0 20005.0 20005.0 20004.0 20004.0 20003.0 1000020003.0 20003.0 20004.0 1000020004.0 20004.0 0 1000000000.0 20000.0 20004.0 1000020004.0 20004.0 20004.0 1000020004.0 20004.0 20005.0 1000020005.0 20005.0 20003.0 1000020003.0 20003.0 20004.0 1000020004.0 20004.0 20004.0 1000020004.0 20004.0 20004.0 1000020004.0 20004.0 10005.0 
1000020004.0 1000020004.0 1000020004.0 1000020004.0 1000020004.0 1000020004.0 1000020005.0 1000020005.0 1000020005.0 1000020005.0 1000020005.0 1000020005.0 1000020004.0 1000020004.0 1000020003.0 1000020003.0 1000020005.0 1000020005.0 1000020004.0 1000020004.0 1000020003.0 2000020003.0 1000020003.0 1000020004.0 2000020004.0 1000020004.0 1000000000.0 0 1000000000.0 1000020004.0 2000020004.0 1000020004.0 1000020004.0 2000020004.0 1000020004.0 1000020005.0 2000020005.0 1000020005.0 1000020003.0 2000020003.0 1000020003.0 1000020004.0 2000020004.0 1000020004.0 1000020004.0 2000020004.0 1000020004.0 1000020004.0 2000020004.0 1000020004.0 1000010005.0 
20004.0 20004.0 20004.0 20004.0 20004.0 20004.0 20005.0 20005.0 20005.0 20005.0 20005.0 20005.0 20004.0 20004.0 20003.0 20003.0 20005.0 20005.0 20004.0 20004.0 20003.0 1000020003.0 20003.0 20004.0 1000020004.0 20004.0 20000.0 1000000000.0 0 20004.0 1000020004.0 20004.0 20004.0 1000020004.0 20004.0 20005.0 1000020005.0 20005.0 20003.0 1000020003.0 20003.0 20004.0 1000020004.0 20004.0 20004.0 1000020004.0 20004.0 20004.0 1000020004.0 20004.0 10005.0 
20003.0 20003.0 20004.0 20004.0 20004.0 20004.0 20005.0 20005.0 20004.0 20004.0 20004.0 20004.0 20003.0 20003.0 20004.0 20004.0 20005.0 20005.0 20003.0 20003.0 20001.0 1000020001.0 20001.0 20004.0 1000020004.0 20004.0 20004.0 1000020004.0 20004.0 0 1000000000.0 20000.0 20004.0 1000020004.0 20004.0 20003.0 1000020003.0 20003.0 20004.0 1000020004.0 20004.0 20002.0 1000020002.0 20002.0 20002.0 1000020002.0 20002.0 20000.0 1000020000.0 20000.0 10004.0 
1000020003.0 1000020003.0 1000020004.0 1000020004.0 1000020004.0 1000020004.0 1000020005.0 1000020005.0 1000020004.0 1000020004.0 1000020004.0 1000020004.0 1000020003.0 1000020003.0 1000020004.0 1000020004.0 1000020005.0 1000020005.0 1000020003.0 1000020003.0 1000020001.0 2000020001.0 1000020001.0 1000020004.0 2000020004.0 1000020004.0 1000020004.0 2000020004.0 1000020004.0 1000000000.0 0 1000000000.0 1000020004.0 2000020004.0 1000020004.0 1000020003.0 2000020003.0 1000020003.0 1000020004.0 2000020004.0 1000020004.0 1000020002.0 2000020002.0 1000020002.0 1000020002.0 2000020002.0 1000020002.0 1000020000.0 2000020000.0 1000020000.0 1000010004.0 
20003.0 20003.0 20004.0 20004.0 20004.0 20004.0 20005.0 20005.0 20004.0 20004.0 20004.0 20004.0 20003.0 20003.0 20004.0 20004.0 20005.0 20005.0 20003.0 20003.0 20001.0 1000020001.0 20001.0 20004.0 1000020004.0 20004.0 20004.0 1000020004.0 20004.0 20000.0 1000000000.0 0 20004.0 1000020004.0 20004.0 20003.0 1000020003.0 20003.0 20004.0 1000020004.0 20004.0 20002.0 1000020002.0 20002.0 20002.0 1000020002.0 20002.0 20000.0 1000020000.0 20000.0 10004.0 
20004.0 20004.0 20002.0 20002.0 20000.0 20000.0 20005.0 20005.0 20003.0 20003.0 20002.0 20002.0 20002.0 20002.0 20003.0 20003.0 20003.0 20003.0 20004.0 20004.0 20004.0 1000020004.0 20004.0 20002.0 1000020002.0 20002.0 20004.0 1000020004.0 20004.0 20004.0 1000020004.0 20004.0 0 1000000000.0 20000.0 20004.0 1000020004.0 20004.0 20003.0 1000020003.0 20003.0 20003.0 1000020003.0 20003.0 20003.0 1000020003.0 20003.0 20004.0 1000020004.0 20004.0 10004.0 
1000020004.0 1000020004.0 1000020002.0 1000020002.0 1000020000.0 1000020000.0 1000020005.0 1000020005.0 1000020003.0 1000020003.0 1000020002.0 1000020002.0 1000020002.0 1000020002.0 1000020003.0 1000020003.0 1000020003.0 1000020003.0 1000020004.0 1000020004.0 1000020004.0 2000020004.0 1000020004.0 1000020002.0 2000020002.0 1000020002.0 1000020004.0 2000020004.0 1000020004.0 1000020004.0 2000020004.0 1000020004.0 1000000000.0 0 1000000000.0 1000020004.0 2000020004.0 1000020004.0 1000020003.0 2000020003.0 1000020003.0 1000020003.0 2000020003.0 1000020003.0 1000020003.0 2000020003.0 1000020003.0 1000020004.0 2000020004.0 1000020004.0 1000010004.0 
20004.0 20004.0 20002.0 20002.0 20000.0 20000.0 20005.0 20005.0 20003.0 20003.0 20002.0 20002.0 20002.0 20002.0 20003.0 20003.0 20003.0 20003.0 20004.0 20004.0 20004.0 1000020004.0 20004.0 20002.0 1000020002.0 20002.0 20004.0 1000020004.0 20004.0 20004.0 1000020004.0 20004.0 20000.0 1000000000.0 0 20004.0 1000020004.0 20004.0 20003.0 1000020003.0 20003.0 20003.0 1000020003.0 20003.0 20003.0 1000020003.0 20003.0 20004.0 1000020004.0 20004.0 10004.0 
20005.0 20005.0 20005.0 20005.0 20004.0 20004.0 20006.0 20006.0 20005.0 20005.0 20004.0 20004.0 20003.0 20003.0 20005.0 20005.0 20006.0 20006.0 20004.0 20004.0 20004.0 1000020004.0 20004.0 20005.0 1000020005.0 20005.0 20005.0 1000020005.0 20005.0 20003.0 1000020003.0 20003.0 20004.0 1000020004.0 20004.0 0 1000000000.0 20000.0 20005.0 1000020005.0 20005.0 20001.0 1000020001.0 20001.0 20005.0 1000020005.0 20005.0 20003.0 1000020003.0 20003.0 10005.0 
1000020005.0 1000020005.0 1000020005.0 1000020005.0 1000020004.0 1000020004.0 1000020006.0 1000020006.0 1000020005.0 1000020005.0 1000020004.0 1000020004.0 1000020003.0 1000020003.0 1000020005.0 1000020005.0 1000020006.0 1000020006.0 1000020004.0 1000020004.0 1000020004.0 2000020004.0 1000020004.0 1000020005.0 2000020005.0 1000020005.0 1000020005.0 2000020005.0 1000020005.0 1000020003.0 2000020003.0 1000020003.0 1000020004.0 2000020004.0 1000020004.0 1000000000.0 0 1000000000.0 1000020005.0 2000020005.0 1000020005.0 1000020001.0 2000020001.0 1000020001.0 1000020005.0 2000020005.0 1000020005.0 1000020003.0 2000020003.0 1000020003.0 1000010005.0 
20005.0 20005.0 20005.0 20005.0 20004.0 20004.0 20006.0 20006.0 20005.0 20005.0 20004.0 20004.0 20003.0 20003.0 20005.0 20005.0 20006.0 20006.0 20004.0 20004.0 20004.0 1000020004.0 20004.0 20005.0 1000020005.0 20005.0 20005.0 1000020005.0 20005.0 20003.0 1000020003.0 20003.0 20004.0 1000020004.0 20004.0 20000.0 1000000000.0 0 20005.0 1000020005.0 20005.0 20001.0 1000020001.0 20001.0 20005.0 1000020005.0 20005.0 20003.0 1000020003.0 20003.0 10005.0 
20002.0 20002.0 20004.0 20004.0 20003.0 20003.0 20005.0 20005.0 20003.0 20003.0 20003.0 20003.0 20003.0 20003.0 20000.0 20000.0 20002.0 20002.0 20004.0 20004.0 20003.0 1000020003.0 20003.0 20003.0 1000020003.0 20003.0 20003.0 1000020003.0 20003.0 20004.0 1000020004.0 20004.0 20003.0 1000020003.0 20003.0 20005.0 1000020005.0 20005.0 0 1000000000.0 20000.0 20004.0 1000020004.0 20004.0 20002.0 1000020002.0 20002.0 20004.0 1000020004.0 20004.0 10004.0 
1000020002.0 1000020002.0 1000020004.0 1000020004.0 1000020003.0 1000020003.0 1000020005.0 1000020005.0 1000020003.0 1000020003.0 1000020003.0 1000020003.0 1000020003.0 1000020003.0 1000020000.0 1000020000.0 1000020002.0 1000020002.0 1000020004.0 1000020004.0 1000020003.0 2000020003.0 1000020003.0 1000020003.0 2000020003.0 1000020003.0 1000020003.0 2000020003.0 1000020003.0 1000020004.0 2000020004.0 1000020004.0 1000020003.0 2000020003.0 1000020003.0 1000020005.0 2000020005.0 1000020005.0 1000000000.0 0 1000000000.0 1000020004.0 2000020004.0 1000020004.0 1000020002.0 2000020002.0 1000020002.0 1000020004.0 2000020004.0 1000020004.0 1000010004.0 
20002.0 20002.0 20004.0 20004.0 20003.0 20003.0 20005.0 20005.0 20003.0 20003.0 20003.0 20003.0 20003.0 20003.0 20000.0 20000.0 20002.0 20002.0 20004.0 20004.0 20003.0 1000020003.0 20003.0 20003.0 1000020003.0 20003.0 20003.0 1000020003.0 20003.0 20004.0 1000020004.0 20004.0 20003.0 1000020003.0 20003.0 20005.0 1000020005.0 20005.0 20000.0 1000000000.0 0 20004.0 1000020004.0 20004.0 20002.0 1000020002.0 20002.0 20004.0 1000020004.0 20004.0 10004.0 
20005.0 20005.0 20005.0 20005.0 20003.0 20003.0 20006.0 20006.0 20004.0 20004.0 20003.0 20003.0 20002.0 20002.0 20004.0 20004.0 20005.0 20005.0 20003.0 20003.0 20003.0 1000020003.0 20003.0 20004.0 1000020004.0 20004.0 20004.0 1000020004.0 20004.0 20002.0 1000020002.0 20002.0 20003.0 1000020003.0 20003.0 20001.0 1000020001.0 20001.0 20004.0 1000020004.0 20004.0 0 1000000000.0 20000.0 20004.0 1000020004.0 20004.0 20002.0 1000020002.0 20002.0 10005.0 
1000020005.0 1000020005.0 1000020005.0 1000020005.0 1000020003.0 1000020003.0 1000020006.0 1000020006.0 1000020004.0 1000020004.0 1000020003.0 1000020003.0 1000020002.0 1000020002.0 1000020004.0 1000020004.0 1000020005.0 1000020005.0 1000020003.0 1000020003.0 1000020003.0 2000020003.0 1000020003.0 1000020004.0 2000020004.0 1000020004.0 1000020004.0 2000020004.0 1000020004.0 1000020002.0 2000020002.0 1000020002.0 1000020003.0 2000020003.0 1000020003.0 1000020001.0 2000020001.0 1000020001.0 1000020004.0 2000020004.0 1000020004.0 1000000000.0 0 1000000000.0 1000020004.0 2000020004.0 1000020004.0 1000020002.0 2000020002.0 1000020002.0 1000010005.0 
20005.0 20005.0 20005.0 20005.0 20003.0 20003.0 20006.0 20006.0 20004.0 20004.0 20003.0 20003.0 20002.0 20002.0 20004.0 20004.0 20005.0 20005.0 20003.0 20003.0 20003.0 1000020003.0 20003.0 20004.0 1000020004.0 20004.0 20004.0 1000020004.0 20004.0 20002.0 1000020002.0 20002.0 20003.0 1000020003.0 20003.0 20001.0 1000020001.0 20001.0 20004.0 1000020004.0 20004.0 20000.0 1000000000.0 0 20004.0 1000020004.0 20004.0 20002.0 1000020002.0 20002.0 10005.0 
20003.0 20003.0 20003.0 20003.0 20003.0 20003.0 20005.0 20005.0 20004.0 20004.0 20004.0 20004.0 20005.0 20005.0 20002.0 20002.0 20004.0 20004.0 20005.0 20005.0 20003.0 1000020003.0 20003.0 20005.0 1000020005.0 20005.0 20004.0 1000020004.0 20004.0 20002.0 1000020002.0 20002.0 20003.0 1000020003.0 20003.0 20005.0 1000020005.0 20005.0 20002.0 1000020002.0 20002.0 20004.0 1000020004.0 20004.0 0 1000000000.0 20000.0 20002.0 1000020002.0 20002.0 10003.0 
1000020003.0 1000020003.0 1000020003.0 1000020003.0 1000020003.0 1000020003.0 1000020005.0 1000020005.0 1000020004.0 1000020004.0 1000020004.0 1000020004.0 1000020005.0 1000020005.0 1000020002.0 1000020002.0 1000020004.0 1000020004.0 1000020005.0 1000020005.0 1000020003.0 2000020003.0 1000020003.0 1000020005.0 2000020005.0 1000020005.0 1000020004.0 2000020004.0 1000020004.0 1000020002.0 2000020002.0 1000020002.0 1000020003.0 2000020003.0 1000020003.0 1000020005.0 2000020005.0 1000020005.0 1000020002.0 2000020002.0 1000020002.0 1000020004.0 2000020004.0 1000020004.0 1000000000.0 0 1000000000.0 1000020002.0 2000020002.0 1000020002.0 1000010003.0 
20003.0 20003.0 20003.0 20003.0 20003.0 20003.0 20005.0 20005.0 20004.0 20004.0 20004.0 20004.0 20005.0 20005.0 20002.0 20002.0 20004.0 20004.0 20005.0 20005.0 20003.0 1000020003.0 20003.0 20005.0 1000020005.0 20005.0 20004.0 1000020004.0 20004.0 20002.0 1000020002.0 20002.0 20003.0 1000020003.0 20003.0 20005.0 1000020005.0 20005.0 20002.0 1000020002.0 20002.0 20004.0 1000020004.0 20004.0 20000.0 1000000000.0 0 20002.0 1000020002.0 20002.0 10003.0 
20003.0 20003.0 20004.0 20004.0 20004.0 20004.0 20005.0 20005.0 20004.0 20004.0 20004.0 20004.0 20003.0 20003.0 20004.0 20004.0 20005.0 20005.0 20003.0 20003.0 20001.0 1000020001.0 20001.0 20004.0 1000020004.0 20004.0 20004.0 1000020004.0 20004.0 20000.0 1000020000.0 20000.0 20004.0 1000020004.0 20004.0 20003.0 1000020003.0 20003.0 20004.0 1000020004.0 20004.0 20002.0 1000020002.0 20002.0 20002.0 1000020002.0 20002.0 0 1000000000.0 20000.0 10004.0 
1000020003.0 1000020003.0 1000020004.0 1000020004.0 1000020004.0 1000020004.0 1000020005.0 1000020005.0 1000020004.0 1000020004.0 1000020004.0 1000020004.0 1000020003.0 1000020003.0 1000020004.0 1000020004.0 1000020005.0 1000020005.0 1000020003.0 1000020003.0 1000020001.0 2000020001.0 1000020001.0 1000020004.0 2000020004.0 1000020004.0 1000020004.0 2000020004.0 1000020004.0 1000020000.0 2000020000.0 1000020000.0 1000020004.0 2000020004.0 1000020004.0 1000020003.0 2000020003.0 1000020003.0 1000020004.0 2000020004.0 1000020004.0 1000020002.0 2000020002.0 1000020002.0 1000020002.0 2000020002.0 1000020002.0 1000000000.0 0 1000000000.0 1000010004.0 
20003.0 20003.0 20004.0 20004.0 20004.0 20004.0 20005.0 20005.0 20004.0 20004.0 20004.0 20004.0 20003.0 20003.0 20004.0 20004.0 20005.0 20005.0 20003.0 20003.0 20001.0 1000020001.0 20001.0 20004.0 1000020004.0 20004.0 20004.0 1000020004.0 20004.0 20000.0 1000020000.0 20000.0 20004.0 1000020004.0 20004.0 20003.0 1000020003.0 20003.0 20004.0 1000020004.0 20004.0 20002.0 1000020002.0 20002.0 20002.0 1000020002.0 20002.0 20000.0 1000000000.0 0 10004.0 
10002.0 10002.0 10002.0 10002.0 10004.0 10004.0 10004.0 10004.0 10001.0 10001.0 10004.0 10004.0 10003.0 10003.0 10004.0 10004.0 10005.0 10005.0 10005.0 10005.0 10004.0 1000010004.0 10004.0 10004.0 1000010004.0 10004.0 10005.0 1000010005.0 10005.0 10004.0 1000010004.0 10004.0 10004.0 1000010004.0 10004.0 10005.0 1000010005.0 10005.0 10004.0 1000010004.0 10004.0 10005.0 1000010005.0 10005.0 10003.0 1000010003.0 10003.0 10004.0 1000010004.0 10004.0 0 
