26
loc23 loc34 loc30 loc3 loc14 loc2 loc8 loc47 loc12 loc40 loc41 loc24 loc4 loc35 loc5 loc1 loc0 loc36 loc31 loc17 loc42 loc6 loc26 loc22 loc27 loc18
0 1743973376.0 1942398683.0 1287131415.0 1766738074.0 1938697700.0 1987437934.0 1979621854.0 1427882094.0 1998942269.0 1988782094.0 1957110479.0 1178463020.0 1035575788.0 1264916542.0 1916387831.0 1090837487.0 1038011490.0 1013924661.0 1762007408.0 1746504938.0 1435772465.0 1584795859.0 1089614921.0 1493345156.0 1992158086.0 
1743973376.0 0 1629348855.0 1602988822.0 1782050807.0 1706922031.0 1424503047.0 1262570394.0 1005732488.0 1738496600.0 1178905291.0 1727837569.0 1114158226.0 1217376628.0 1685694544.0 1431267460.0 1973236688.0 1379573665.0 1858667943.0 1405572221.0 1325014644.0 1119790554.0 1536918344.0 1805330435.0 1475927322.0 1071633315.0 
1942398683.0 1629348855.0 0 1902089782.0 1604412579.0 1655460864.0 1851648255.0 1191629330.0 1861024088.0 1437689414.0 1214008519.0 1245203991.0 1138772343.0 1072162587.0 1846104511.0 1866293138.0 1866563743.0 1483029255.0 1441406838.0 1729823373.0 1403741067.0 1327890280.0 1400922652.0 1427596584.0 1335527320.0 1960321739.0 
1287131415.0 1602988822.0 1902089782.0 0 1305356530.0 1150720343.0 1056569382.0 1108906507.0 1871220489.0 1563099607.0 1810274045.0 1008044704.0 1241378035.0 1057619651.0 1599445832.0 1430640005.0 1423188387.0 1603682284.0 1603122680.0 1374650849.0 1900093203.0 1983335071.0 1926048954.0 1676841325.0 1265102024.0 1502820860.0 
1766738074.0 1782050807.0 1604412579.0 1305356530.0 0 1588284495.0 1623595114.0 1666009725.0 1208727321.0 1677217839.0 1353453921.0 1387976357.0 1266337974.0 1011765628.0 1873090764.0 1908562940.0 1265308773.0 1856614842.0 1319994680.0 1369778656.0 1905554430.0 1890606581.0 1661261825.0 1573862971.0 1438949633.0 1972111126.0 
1938697700.0 1706922031.0 1655460864.0 1150720343.0 1588284495.0 0 1238138093.0 1942875226.0 1789940726.0 1940631538.0 1171773502.0 1084316362.0 1411978227.0 1199143695.0 1081990962.0 1313035244.0 1595860139.0 1384195224.0 1642880228.0 1391061741.0 1241943386.0 1080563640.0 1855492133.0 1391950356.0 1091170970.0 1302656167.0 
1987437934.0 1424503047.0 1851648255.0 1056569382.0 1623595114.0 1238138093.0 0 1274874929.0 1895264267.0 1717173936.0 1626994779.0 1227687752.0 1763515232.0 1200013956.0 1702233711.0 1458206865.0 1854529917.0 1939654481.0 1271122388.0 1464744207.0 1165788494.0 1490573511.0 1323736553.0 1964104883.0 1216799552.0 1656271702.0 
1979621854.0 1262570394.0 1191629330.0 1108906507.0 1666009725.0 1942875226.0 1274874929.0 0 1359915951.0 1464226272.0 1114969700.0 1703822559.0 1693291593.0 1016544783.0 1747791957.0 1573869913.0 1926292601.0 1408029923.0 1520930492.0 1547796642.0 1305032423.0 1225042719.0 1739104635.0 1257344162.0 1148542868.0 1713072875.0 
1427882094.0 1005732488.0 1861024088.0 1871220489.0 1208727321.0 1789940726.0 1895264267.0 1359915951.0 0 1567311576.0 1912011900.0 1732218447.0 1271660628.0 1438695232.0 1013702488.0 1596094561.0 1832082151.0 1056282067.0 1800181160.0 1509468644.0 1258422839.0 1145924703.0 1086303077.0 1995474285.0 1384224997.0 1879378971.0 
1998942269.0 1738496600.0 1437689414.0 1563099607.0 1677217839.0 1940631538.0 1717173936.0 1464226272.0 1567311576.0 0 1877736969.0 1115657894.0 1368525848.0 1630780072.0 1299622109.0 1978238981.0 1534635816.0 1817791816.0 1828896306.0 1296214404.0 1173540463.0 1398774650.0 1840681846.0 1952297687.0 1430931554.0 1465557470.0 
1988782094.0 1178905291.0 1214008519.0 1810274045.0 1353453921.0 1171773502.0 1626994779.0 1114969700.0 1912011900.0 1877736969.0 0 1532362804.0 1468644991.0 1604071845.0 1166120279.0 1973137162.0 1505931234.0 1564905182.0 1539655119.0 1134789856.0 1781765197.0 1777371746.0 1868497850.0 1567496158.0 1506983256.0 1235827549.0 
1957110479.0 1727837569.0 1245203991.0 1008044704.0 1387976357.0 1084316362.0 1227687752.0 1703822559.0 1732218447.0 1115657894.0 1532362804.0 0 1659601580.0 1592877639.0 1959189616.0 1245006922.0 1546857163.0 1952413503.0 1952717237.0 1763193735.0 1028627511.0 1209169212.0 1316676517.0 1834751120.0 1029997872.0 1314287726.0 
1178463020.0 1114158226.0 1138772343.0 1241378035.0 1266337974.0 1411978227.0 1763515232.0 1693291593.0 1271660628.0 1368525848.0 1468644991.0 1659601580.0 0 1365089951.0 1478201844.0 1767348782.0 1100329383.0 1564122779.0 1887568317.0 1375031766.0 1366678424.0 1344063166.0 1043029537.0 1467396577.0 1309218720.0 1487621426.0 
1035575788.0 1217376628.0 1072162587.0 1057619651.0 1011765628.0 1199143695.0 1200013956.0 1016544783.0 1438695232.0 1630780072.0 1604071845.0 1592877639.0 1365089951.0 0 1809140581.0 1229025307.0 1943558383.0 1920002874.0 1891239158.0 1431404114.0 1245715347.0 1305453635.0 1349987203.0 1043711233.0 1004384338.0 1472448004.0 
1264916542.0 1685694544.0 1846104511.0 1599445832.0 1873090764.0 1081990962.0 1702233711.0 1747791957.0 1013702488.0 1299622109.0 1166120279.0 1959189616.0 1478201844.0 1809140581.0 0 1066729393.0 1116358003.0 1354640226.0 1049459103.0 1741743200.0 1783169397.0 1555573542.0 1899175861.0 1442118936.0 1382053501.0 1496684915.0 
1916387831.0 1431267460.0 1866293138.0 1430640005.0 1908562940.0 1313035244.0 1458206865.0 1573869913.0 1596094561.0 1978238981.0 1973137162.0 1245006922.0 1767348782.0 1229025307.0 1066729393.0 0 1449923958.0 1233002708.0 1578604802.0 1087787696.0 1520139778.0 1122042667.0 1787215280.0 1628490432.0 1486825628.0 1318256733.0 
1090837487.0 1973236688.0 1866563743.0 1423188387.0 1265308773.0 1595860139.0 1854529917.0 1926292601.0 1832082151.0 1534635816.0 1505931234.0 1546857163.0 1100329383.0 1943558383.0 1116358003.0 1449923958.0 0 1327344873.0 1891778393.0 1661454352.0 1596970048.0 1866156442.0 1834972589.0 1222637138.0 1690000108.0 1229014348.0 
1038011490.0 1379573665.0 1483029255.0 1603682284.0 1856614842.0 1384195224.0 1939654481.0 1408029923.0 1056282067.0 1817791816.0 1564905182.0 1952413503.0 1564122779.0 1920002874.0 1354640226.0 1233002708.0 1327344873.0 0 1185795863.0 1153733857.0 1247188912.0 1239113125.0 1646785641.0 1068124084.0 1505263657.0 1142336384.0 
1013924661.0 1858667943.0 1441406838.0 1603122680.0 1319994680.0 1642880228.0 1271122388.0 1520930492.0 1800181160.0 1828896306.0 1539655119.0 1952717237.0 1887568317.0 1891239158.0 1049459103.0 1578604802.0 1891778393.0 1185795863.0 0 1737734425.0 1145550525.0 1972397082.0 1177565047.0 1435363074.0 1779115768.0 1275888911.0 
1762007408.0 1405572221.0 1729823373.0 1374650849.0 1369778656.0 1391061741.0 1464744207.0 1547796642.0 1509468644.0 1296214404.0 1134789856.0 1763193735.0 1375031766.0 1431404114.0 1741743200.0 1087787696.0 1661454352.0 1153733857.0 1737734425.0 0 1404193812.0 1480333086.0 1708243677.0 1117638832.0 1198554294.0 1269547984.0 
1746504938.0 1325014644.0 1403741067.0 1900093203.0 1905554430.0 1241943386.0 1165788494.0 1305032423.0 1258422839.0 1173540463.0 1781765197.0 1028627511.0 1366678424.0 1245715347.0 1783169397.0 1520139778.0 1596970048.0 1247188912.0 1145550525.0 1404193812.0 0 1832327639.0 1686280653.0 1829098965.0 1040364448.0 1765655791.0 
1435772465.0 1119790554.0 1327890280.0 1983335071.0 1890606581.0 1080563640.0 1490573511.0 1225042719.0 1145924703.0 1398774650.0 1777371746.0 1209169212.0 1344063166.0 1305453635.0 1555573542.0 1122042667.0 1866156442.0 1239113125.0 1972397082.0 1480333086.0 1832327639.0 0 1326683369.0 1107223576.0 1042097829.0 1692117375.0 
1584795859.0 1536918344.0 1400922652.0 1926048954.0 1661261825.0 1855492133.0 1323736553.0 1739104635.0 1086303077.0 1840681846.0 1868497850.0 1316676517.0 1043029537.0 1349987203.0 1899175861.0 1787215280.0 1834972589.0 1646785641.0 1177565047.0 1708243677.0 1686280653.0 1326683369.0 0 1027307291.0 1403850058.0 1782188992.0 
1089614921.0 1805330435.0 1427596584.0 1676841325.0 1573862971.0 1391950356.0 1964104883.0 1257344162.0 1995474285.0 1952297687.0 1567496158.0 1834751120.0 1467396577.0 1043711233.0 1442118936.0 1628490432.0 1222637138.0 1068124084.0 1435363074.0 1117638832.0 1829098965.0 1107223576.0 1027307291.0 0 1936189171.0 1554424162.0 
1493345156.0 1475927322.0 1335527320.0 1265102024.0 1438949633.0 1091170970.0 1216799552.0 1148542868.0 1384224997.0 1430931554.0 1506983256.0 1029997872.0 1309218720.0 1004384338.0 1382053501.0 1486825628.0 1690000108.0 1505263657.0 1779115768.0 1198554294.0 1040364448.0 1042097829.0 1403850058.0 1936189171.0 0 1537219244.0 
1992158086.0 1071633315.0 1960321739.0 1502820860.0 1972111126.0 1302656167.0 1656271702.0 1713072875.0 1879378971.0 1465557470.0 1235827549.0 1314287726.0 1487621426.0 1472448004.0 1496684915.0 1318256733.0 1229014348.0 1142336384.0 1275888911.0 1269547984.0 1765655791.0 1692117375.0 1782188992.0 1554424162.0 1537219244.0 0 
