101
loc88 loc61 loc172 loc180 loc188 loc25 loc104 loc55 loc168 loc158 loc78 loc128 loc184 loc194 loc109 loc41 loc96 loc125 loc23 loc147 loc165 loc150 loc190 loc94 loc191 loc53 loc11 loc161 loc146 loc36 loc39 loc139 loc15 loc185 loc4 loc111 loc76 loc34 loc18 loc153 loc131 loc65 loc119 loc47 loc112 loc62 loc156 loc142 loc85 loc70 loc31 loc95 loc152 loc40 loc129 loc177 loc50 loc127 loc59 loc135 loc0 loc101 loc38 loc32 loc22 loc108 loc20 loc117 loc163 loc136 loc54 loc98 loc79 loc69 loc16 loc37 loc66 loc145 loc27 loc143 loc114 loc86 loc73 loc77 loc154 loc164 loc159 loc162 loc74 loc133 loc83 loc58 loc169 loc148 loc26 loc183 loc195 loc17 loc113 loc100 loc189
0 1269405142.0 1984406117.0 1744017715.0 1597098151.0 1273862658.0 1865233697.0 1413191422.0 1792745242.0 1716738525.0 1053231339.0 1196581048.0 1884687417.0 1357814066.0 1355782839.0 1555223503.0 1422264974.0 1163427009.0 1924503136.0 1255043279.0 1925280502.0 1435725962.0 1995285148.0 1598544541.0 1555421976.0 1102551200.0 1992102276.0 1422226582.0 1762958564.0 1883460339.0 1586073906.0 1571002575.0 1665537119.0 1844579724.0 1755979812.0 1994007549.0 1367687277.0 1679741535.0 1046190646.0 1889832970.0 1276119227.0 1449716751.0 1351515339.0 1182639728.0 1428173919.0 1929217341.0 1824449458.0 1392701758.0 1931336385.0 1210395214.0 1062738350.0 1380951990.0 1748044831.0 1372222191.0 1949159588.0 1728728642.0 1075682094.0 1404446247.0 1670503512.0 1091476225.0 1583633562.0 1428703420.0 1021677412.0 1409314504.0 1229819494.0 1466935525.0 1845787382.0 1347169250.0 1643778580.0 1615386233.0 1026724178.0 1314584150.0 1945483574.0 1930274916.0 1275633680.0 1021879246.0 1466005153.0 1750688973.0 1133773085.0 1432450820.0 1421620878.0 1454684065.0 1009622517.0 1488831388.0 1273567450.0 1845061479.0 1594908975.0 1334053662.0 1182562215.0 1721460551.0 1120823261.0 1536707016.0 1286278631.0 1254413006.0 1754256149.0 1906919822.0 1994612234.0 1687300556.0 1557380570.0 1703611033.0 1173411708.0 
1269405142.0 0 1388660575.0 1957871392.0 1856880308.0 1860119803.0 1046294512.0 1964901326.0 1356838490.0 1375525732.0 1163030317.0 1686316097.0 1537691321.0 1286669809.0 1454736624.0 1360224127.0 1580457121.0 1709685815.0 1157954118.0 1544852615.0 1709802815.0 1100434057.0 1710055166.0 1891667669.0 1008459611.0 1586544035.0 1897747714.0 1734016410.0 1677035827.0 1858885568.0 1401957595.0 1526523614.0 1242647306.0 1270241027.0 1441337525.0 1571067364.0 1140353187.0 1662234331.0 1881160548.0 1676841827.0 1661048751.0 1928896972.0 1202385655.0 1927254799.0 1523132435.0 1032681861.0 1916586871.0 1184452297.0 1969706680.0 1727078737.0 1118884423.0 1607309457.0 1180668324.0 1994744876.0 1649922410.0 1486732703.0 1929302989.0 1724964046.0 1546674841.0 1916478831.0 1192753263.0 1430024440.0 1813050282.0 1519266481.0 1702454274.0 1152198297.0 1881359462.0 1959587171.0 1994320453.0 1753445345.0 1585450047.0 1593763594.0 1547474616.0 1886162681.0 1682368609.0 1467971019.0 1719158971.0 1934640611.0 1583976118.0 1366740398.0 1409047597.0 1182714730.0 1167609030.0 1046404569.0 1784100575.0 1299620946.0 1242480467.0 1322047304.0 1515649979.0 1382613659.0 1699718095.0 1949332757.0 1416514906.0 1072092736.0 1319110396.0 1930850007.0 1181865269.0 1787319186.0 1176711601.0 1104470949.0 1722046658.0 
1984406117.0 1388660575.0 0 1895626425.0 1144387682.0 1077827216.0 1065301240.0 1572577048.0 1028029102.0 1673728053.0 1390457939.0 1741244047.0 1829679613.0 1230078827.0 1185992235.0 1448165593.0 1407528453.0 1342635764.0 1439814534.0 1969707434.0 1242022575.0 1618249427.0 1135220985.0 1512566372.0 1879310231.0 1411325299.0 1645729904.0 1444304496.0 1069886602.0 1484509914.0 1572013959.0 1230755357.0 1873064816.0 1981513708.0 1519557624.0 1933462496.0 1052387557.0 1613653734.0 1307327764.0 1904445180.0 1357075013.0 1912310365.0 1790708275.0 1309510423.0 1978846458.0 1418284713.0 1236610229.0 1248727103.0 1025179909.0 1110431593.0 1098031572.0 1137924755.0 1548648776.0 1550812836.0 1605457278.0 1684648336.0 1601502632.0 1689834928.0 1296403082.0 1667464037.0 1417420389.0 1051895050.0 1768275867.0 1938350608.0 1875267867.0 1410045869.0 1268134890.0 1123828216.0 1124112283.0 1113020727.0 1009315738.0 1758058095.0 1420524227.0 1614172543.0 1763461015.0 1726868319.0 1415712248.0 1622247427.0 1629896248.0 1670862437.0 1445239599.0 1665084600.0 1132981040.0 1913583697.0 1511813180.0 1548039913.0 1179817901.0 1660125419.0 1362949852.0 1459077274.0 1886186559.0 1978297958.0 1449369668.0 1115446392.0 1498967600.0 1096977306.0 1534692455.0 1565103368.0 1659260718.0 1055818420.0 1880462116.0 
1744017715.0 1957871392.0 1895626425.0 0 1676464784.0 1057719499.0 1148479720.0 1621342474.0 1738121883.0 1309894249.0 1687177875.0 1052919967.0 1909741810.0 1330004738.0 1454154121.0 1147641980.0 1061177718.0 1393426800.0 1380942118.0 1763646762.0 1345825714.0 1480061581.0 1021232294.0 1430550502.0 1359435415.0 1413521526.0 1540906746.0 1140793508.0 1384242213.0 1807214122.0 1808840793.0 1344373214.0 1619392632.0 1399796835.0 1657351121.0 1666745218.0 1476253778.0 1245389219.0 1808589028.0 1069514457.0 1367378162.0 1037137942.0 1084898288.0 1866176510.0 1596197507.0 1394759609.0 1682939769.0 1148707013.0 1578156416.0 1361011104.0 1477063430.0 1281241938.0 1288826142.0 1924272566.0 1645574899.0 1827726789.0 1575176872.0 1014551946.0 1822424403.0 1574617461.0 1319853961.0 1580843541.0 1259406870.0 1234222445.0 1841478153.0 1683252012.0 1012034969.0 1400030036.0 1603085170.0 1798419569.0 1936007560.0 1277319438.0 1570868234.0 1844119595.0 1518343626.0 1264330008.0 1268806044.0 1206184526.0 1176035912.0 1221717484.0 1564846058.0 1004591469.0 1151315779.0 1535945414.0 1324539315.0 1167524506.0 1084724175.0 1764345475.0 1426716753.0 1695809874.0 1424786257.0 1889754069.0 1785254829.0 1410414174.0 1231936946.0 1588277216.0 1867662520.0 1408302638.0 1683598053.0 1050417506.0 1897215959.0 
1597098151.0 1856880308.0 1144387682.0 1676464784.0 0 1538941001.0 1828120124.0 1573310439.0 1835390224.0 1586857152.0 1241330102.0 1168111408.0 1634022329.0 1653840589.0 1932744333.0 1166123631.0 1393697364.0 1098413958.0 1942184332.0 1709186076.0 1445931907.0 1707134263.0 1970485607.0 1407982363.0 1181905887.0 1404827563.0 1410170885.0 1647191417.0 1978445559.0 1036208149.0 1558922039.0 1677264008.0 1753326771.0 1838577149.0 1625145557.0 1500146780.0 1694355171.0 1794751589.0 1656165165.0 1386250946.0 1431572292.0 1374158557.0 1942519032.0 1469685185.0 1083369553.0 1740638161.0 1722499093.0 1265248550.0 1184674547.0 1304719480.0 1566093516.0 1618529398.0 1332612100.0 1812172229.0 1840379251.0 1251431056.0 1276258053.0 1096931840.0 1115509212.0 1846409739.0 1464872366.0 1420565499.0 1607809404.0 1393781279.0 1548065373.0 1279741562.0 1959082185.0 1014029157.0 1258923034.0 1612371856.0 1983599047.0 1271386200.0 1375193006.0 1337855057.0 1636332870.0 1756124637.0 1437703689.0 1432014597.0 1066656304.0 1119436248.0 1374126929.0 1012630072.0 1333598080.0 1359094009.0 1335655028.0 1655238713.0 1743152124.0 1182320007.0 1375567273.0 1686178562.0 1709199597.0 1268804661.0 1007371330.0 1478211322.0 1938172560.0 1400379422.0 1083645901.0 1766148915.0 1034704384.0 1683880864.0 1008315255.0 
1273862658.0 1860119803.0 1077827216.0 1057719499.0 1538941001.0 0 1253856087.0 1244957557.0 1918098046.0 1384147746.0 1731157971.0 1177933508.0 1936672725.0 1183989923.0 1739600580.0 1391416373.0 1984511113.0 1862303198.0 1844707338.0 1907331860.0 1390967762.0 1282535595.0 1345302117.0 1445340393.0 1439791620.0 1310022568.0 1680551585.0 1649869579.0 1354035021.0 1648945305.0 1300995627.0 1067942372.0 1561619318.0 1722633218.0 1218190368.0 1575916250.0 1543231189.0 1900790579.0 1179167123.0 1709266693.0 1688846572.0 1563938568.0 1536065807.0 1592567376.0 1221607399.0 1051535385.0 1546508437.0 1146159567.0 1868236583.0 1702818035.0 1798491891.0 1971879133.0 1118226990.0 1543011313.0 1989555803.0 1288542287.0 1830326843.0 1893865448.0 1864686325.0 1393881820.0 1199154312.0 1493540151.0 1975016944.0 1071159981.0 1026668992.0 1491304808.0 1460511165.0 1608947599.0 1842045174.0 1389331925.0 1563321824.0 1576280911.0 1902548764.0 1096888837.0 1743497311.0 1184908307.0 1346939463.0 1025784216.0 1945952208.0 1674873853.0 1638618816.0 1233301019.0 1130277745.0 1715344313.0 1901752455.0 1730790591.0 1849138230.0 1324144744.0 1890037691.0 1430059283.0 1623621501.0 1705187883.0 1910407030.0 1411903029.0 1555842466.0 1390853205.0 1074935739.0 1566380792.0 1478098925.0 1451048826.0 1712646691.0 
1865233697.0 1046294512.0 1065301240.0 1148479720.0 1828120124.0 1253856087.0 0 1839160342.0 1624160358.0 1791478091.0 1517950766.0 1567378664.0 1163551932.0 1971806711.0 1157721613.0 1692828284.0 1783359130.0 1804894304.0 1618979457.0 1059246011.0 1460824710.0 1794717098.0 1841937232.0 1337777324.0 1717816442.0 1808770354.0 1864484676.0 1858448997.0 1305491373.0 1057127488.0 1522650042.0 1826024681.0 1041315948.0 1627539255.0 1297381004.0 1425913856.0 1211425326.0 1394080323.0 1282576727.0 1854500669.0 1526024865.0 1605649350.0 1873994013.0 1645510824.0 1375874479.0 1735144693.0 1220009871.0 1420915478.0 1255852004.0 1463501547.0 1336189581.0 1501526662.0 1056362168.0 1312146316.0 1365022093.0 1405405991.0 1561093292.0 1697330696.0 1058594526.0 1334292857.0 1832323681.0 1907567903.0 1319858072.0 1586362833.0 1922333122.0 1516301804.0 1255117071.0 1297053835.0 1951127618.0 1562661566.0 1699229742.0 1546420675.0 1019690072.0 1125210402.0 1188141405.0 1082447863.0 1787494047.0 1605581173.0 1619850886.0 1318191330.0 1777508434.0 1483038554.0 1182440097.0 1283461814.0 1694601435.0 1126668204.0 1991703347.0 1678667528.0 1873089615.0 1863247369.0 1438669972.0 1354482361.0 1758721198.0 1425547401.0 1713131789.0 1713532863.0 1531934229.0 1721673447.0 1280151137.0 1460313052.0 1488713764.0 
1413191422.0 1964901326.0 1572577048.0 1621342474.0 1573310439.0 1244957557.0 1839160342.0 0 1481357229.0 1613159613.0 1894330288.0 1913156328.0 1104077748.0 1001019174.0 1275674685.0 1282465682.0 1936017335.0 1556297241.0 1733417502.0 1967825446.0 1480900925.0 1674037185.0 1056169436.0 1509887523.0 1454288684.0 1605683277.0 1924680759.0 1214570241.0 1580661081.0 1778166727.0 1064792813.0 1190877081.0 1882417934.0 1966532517.0 1728179521.0 1956989437.0 1327429856.0 1688475183.0 1223757778.0 1791916028.0 1271819094.0 1518873303.0 1698427965.0 1350609145.0 1673956615.0 1247251445.0 1393754389.0 1795130394.0 1226079553.0 1065803549.0 1388213750.0 1157637366.0 1369495833.0 1959376069.0 1427500191.0 1009325500.0 1492495759.0 1463005955.0 1566640405.0 1008094557.0 1569906493.0 1252743154.0 1879056012.0 1832921073.0 1812338135.0 1215920267.0 1581335971.0 1998247816.0 1880790499.0 1294018862.0 1858911540.0 1366396937.0 1246719185.0 1713094797.0 1656389558.0 1899291501.0 1934712059.0 1950658487.0 1676537262.0 1556947065.0 1608186731.0 1516731981.0 1541552499.0 1143337138.0 1460791713.0 1680717216.0 1471394016.0 1080982236.0 1153448586.0 1869805359.0 1926581340.0 1764820568.0 1890843715.0 1731662905.0 1998153088.0 1916210426.0 1978359321.0 1435269063.0 1723646033.0 1060022850.0 1289926988.0 
1792745242.0 1356838490.0 1028029102.0 1738121883.0 1835390224.0 1918098046.0 1624160358.0 1481357229.0 0 1642107960.0 1044014183.0 1542927095.0 1861790510.0 1808212656.0 1229758845.0 1624423558.0 1667729027.0 1459705903.0 1450459575.0 1893383835.0 1064042156.0 1250262519.0 1618568970.0 1237671838.0 1922268066.0 1459677134.0 1905598374.0 1402450172.0 1439697002.0 1970769367.0 1354301329.0 1310391646.0 1902678326.0 1828247655.0 1416244122.0 1687646644.0 1761415966.0 1551800313.0 1370752811.0 1345531015.0 1118497634.0 1451737440.0 1908883416.0 1772154128.0 1946707636.0 1912181697.0 1162089725.0 1780615179.0 1435901013.0 1906498543.0 1638904904.0 1667094904.0 1472707775.0 1797855465.0 1710223468.0 1492215565.0 1797860829.0 1209268359.0 1247952342.0 1199233663.0 1704471897.0 1155912195.0 1451824497.0 1064659139.0 1575418588.0 1843185372.0 1086091568.0 1102660491.0 1449372346.0 1274349731.0 1427573181.0 1188899452.0 1678433119.0 1514765475.0 1680329556.0 1472039950.0 1970720305.0 1819625485.0 1960188974.0 1888184361.0 1919064372.0 1116569466.0 1675445357.0 1388922094.0 1976578210.0 1235157717.0 1675631115.0 1945522570.0 1601789255.0 1483432206.0 1850940877.0 1587313215.0 1959941842.0 1486104117.0 1076125383.0 1482757548.0 1907284094.0 1383308159.0 1567411937.0 1463439528.0 1386922978.0 
1716738525.0 1375525732.0 1673728053.0 1309894249.0 1586857152.0 1384147746.0 1791478091.0 1613159613.0 1642107960.0 0 1240090407.0 1058047544.0 1404082156.0 1180660065.0 1546591102.0 1000958677.0 1730323195.0 1555728706.0 1433762408.0 1856644435.0 1895590998.0 1201376717.0 1429799018.0 1128392937.0 1182483244.0 1105750885.0 1940955371.0 1965527801.0 1656796736.0 1913143689.0 1710702210.0 1416071635.0 1354244872.0 1660014827.0 1995067540.0 1727522008.0 1774843292.0 1173824916.0 1433146349.0 1479188125.0 1294383365.0 1990580387.0 1371116183.0 1470579723.0 1868004138.0 1360842927.0 1314067096.0 1403086567.0 1637599614.0 1753153138.0 1871105833.0 1684037985.0 1290946857.0 1325831783.0 1180068253.0 1181078297.0 1870059343.0 1374542027.0 1646564287.0 1502827712.0 1269681758.0 1569343477.0 1436505227.0 1384965487.0 1873730230.0 1927319345.0 1249767947.0 1727877123.0 1868628026.0 1540823670.0 1576979552.0 1754970032.0 1256031595.0 1807635291.0 1367442472.0 1423982712.0 1679544242.0 1890173797.0 1555017043.0 1507623845.0 1411595536.0 1156979978.0 1422024704.0 1642167231.0 1453510438.0 1280604669.0 1527798239.0 1300560053.0 1186096904.0 1011203908.0 1850902442.0 1210775991.0 1440546424.0 1282470034.0 1185294282.0 1762003518.0 1146624905.0 1502928231.0 1498022843.0 1824001479.0 1150119095.0 
1053231339.0 1163030317.0 1390457939.0 1687177875.0 1241330102.0 1731157971.0 1517950766.0 1894330288.0 1044014183.0 1240090407.0 0 1227432159.0 1530638939.0 1298682320.0 1896002596.0 1825216925.0 1547204400.0 1361777691.0 1917384121.0 1695821148.0 1453599429.0 1892513463.0 1505957787.0 1336398383.0 1414764214.0 1409430805.0 1821184056.0 1873961839.0 1284658496.0 1580222908.0 1824482439.0 1899215188.0 1185313097.0 1984106702.0 1274559824.0 1662657394.0 1018270563.0 1481882650.0 1529746845.0 1891205133.0 1133115809.0 1450418744.0 1957531410.0 1967083831.0 1209919110.0 1874588328.0 1482840167.0 1778490400.0 1781698821.0 1331081849.0 1840342570.0 1751027858.0 1626040243.0 1770714011.0 1326253501.0 1656507310.0 1143845446.0 1723756987.0 1063413226.0 1437514418.0 1541302505.0 1711674146.0 1108489232.0 1966141160.0 1866713362.0 1179425738.0 1654684387.0 1848673487.0 1616705625.0 1328855149.0 1801212323.0 1026121325.0 1959567040.0 1731046616.0 1009953031.0 1319724872.0 1226713314.0 1737357581.0 1061774491.0 1823471560.0 1086502141.0 1414746472.0 1583834191.0 1243070408.0 1866719667.0 1474316021.0 1673030663.0 1739919156.0 1800924976.0 1469700607.0 1537110136.0 1972558831.0 1529057775.0 1233412057.0 1557487596.0 1680248089.0 1414932849.0 1899209824.0 1239452885.0 1430757191.0 1756482818.0 
1196581048.0 1686316097.0 1741244047.0 1052919967.0 1168111408.0 1177933508.0 1567378664.0 1913156328.0 1542927095.0 1058047544.0 1227432159.0 0 1543081039.0 1367767246.0 1733678737.0 1641097510.0 1099987873.0 1439095226.0 1469961822.0 1934703465.0 1434306030.0 1337732979.0 1912986475.0 1377830787.0 1269969130.0 1561597276.0 1635260235.0 1064652019.0 1105935974.0 1665667841.0 1072873217.0 1666159712.0 1424724049.0 1284192907.0 1726235655.0 1890916143.0 1205395530.0 1992984400.0 1959898742.0 1841370248.0 1114807612.0 1500624576.0 1210273739.0 1388989616.0 1392658350.0 1739923506.0 1667770811.0 1470916629.0 1378311674.0 1853347531.0 1365089760.0 1981369584.0 1719143887.0 1477930966.0 1054303924.0 1889680719.0 1545689061.0 1511780828.0 1818321310.0 1664777465.0 1948379336.0 1080426088.0 1775046796.0 1766717093.0 1252195284.0 1186284846.0 1581739540.0 1445164693.0 1013226051.0 1630217253.0 1757446888.0 1064676385.0 1903579643.0 1545160834.0 1345224988.0 1724290349.0 1103857915.0 1380059195.0 1362217740.0 1103873517.0 1944842917.0 1462968002.0 1988128105.0 1985366374.0 1844240157.0 1419291669.0 1068032748.0 1848069410.0 1742002655.0 1386597949.0 1326956722.0 1194641108.0 1869276146.0 1307512462.0 1670123085.0 1948156184.0 1166754857.0 1519401236.0 1399297893.0 1417868323.0 1315062278.0 
1884687417.0 1537691321.0 1829679613.0 1909741810.0 1634022329.0 1936672725.0 1163551932.0 1104077748.0 1861790510.0 1404082156.0 1530638939.0 1543081039.0 0 1146833753.0 1592767145.0 1304321494.0 1588248146.0 1814227610.0 1620686391.0 1745549162.0 1661266734.0 1719725876.0 1430430281.0 1349764466.0 1176814613.0 1612516412.0 1427708584.0 1150347751.0 1415680538.0 1264339240.0 1291383579.0 1956626299.0 1184184900.0 1209335255.0 1460095381.0 1511509856.0 1919446297.0 1134688810.0 1312838409.0 1701715676.0 1647278524.0 1151263270.0 1685057570.0 1423973136.0 1725695462.0 1279827105.0 1343666952.0 1587773440.0 1505514698.0 1202067939.0 1915421073.0 1126045567.0 1054870545.0 1861059174.0 1831247813.0 1671404107.0 1144439023.0 1198207937.0 1719242153.0 1738044513.0 1324806475.0 1662787895.0 1910207079.0 1456114332.0 1589584895.0 1714813865.0 1838197665.0 1207157057.0 1163809945.0 1910577756.0 1517905607.0 1170075050.0 1177548754.0 1526430497.0 1933696438.0 1291441156.0 1203074713.0 1013914628.0 1463320930.0 1342523802.0 1600246634.0 1732558874.0 1444819889.0 1492486209.0 1968304351.0 1561347861.0 1722400980.0 1336180563.0 1636438588.0 1801248840.0 1899564806.0 1753380984.0 1058565752.0 1875465677.0 1928956529.0 1038286921.0 1812668136.0 1265543285.0 1510315519.0 1610545078.0 1189546961.0 
1357814066.0 1286669809.0 1230078827.0 1330004738.0 1653840589.0 1183989923.0 1971806711.0 1001019174.0 1808212656.0 1180660065.0 1298682320.0 1367767246.0 1146833753.0 0 1281439457.0 1505570954.0 1428701706.0 1318539186.0 1457283158.0 1609792397.0 1129482948.0 1859174222.0 1792633587.0 1323829976.0 1634383160.0 1391733662.0 1224978071.0 1168114356.0 1964790724.0 1292342503.0 1017153197.0 1270840903.0 1203564445.0 1665602165.0 1692426730.0 1324713821.0 1003825072.0 1315185431.0 1716131540.0 1621086144.0 1751795380.0 1395847678.0 1887942988.0 1099419600.0 1431216365.0 1087016789.0 1706477679.0 1655518338.0 1759319777.0 1960453985.0 1116713021.0 1632109157.0 1809931028.0 1427196216.0 1644812335.0 1576030414.0 1899921251.0 1230701198.0 1014562520.0 1042975929.0 1136608586.0 1822785408.0 1700734665.0 1987877479.0 1640003530.0 1814036213.0 1916099426.0 1196341229.0 1425425032.0 1650011474.0 1321178215.0 1594749137.0 1049541691.0 1034960429.0 1991812657.0 1910941315.0 1609544762.0 1564456491.0 1902497362.0 1024097187.0 1168226267.0 1875285388.0 1139485851.0 1197239483.0 1919296522.0 1035215465.0 1281302755.0 1647600493.0 1645281176.0 1004630030.0 1565698141.0 1834712035.0 1926933489.0 1702818275.0 1365305742.0 1197500670.0 1762048028.0 1211593209.0 1453622609.0 1694822302.0 1201197975.0 
1355782839.0 1454736624.0 1185992235.0 1454154121.0 1932744333.0 1739600580.0 1157721613.0 1275674685.0 1229758845.0 1546591102.0 1896002596.0 1733678737.0 1592767145.0 1281439457.0 0 1309208021.0 1695063390.0 1321770250.0 1010544624.0 1212021145.0 1783353979.0 1955096692.0 1021972122.0 1255250382.0 1604409723.0 1056397767.0 1513248500.0 1576068788.0 1326138040.0 1569308013.0 1194227166.0 1101523183.0 1272992404.0 1171888151.0 1431349606.0 1763871785.0 1085039490.0 1742265575.0 1642946125.0 1357041781.0 1840829939.0 1822414461.0 1993454538.0 1822085529.0 1094102153.0 1056268330.0 1458609952.0 1814244509.0 1254568115.0 1915669983.0 1477433899.0 1634454811.0 1160449483.0 1202113673.0 1605146644.0 1490087781.0 1885860725.0 1467022190.0 1320352844.0 1634198380.0 1669690151.0 1229043231.0 1304766819.0 1094615811.0 1001138225.0 1029854953.0 1078740337.0 1387730569.0 1640590158.0 1367976810.0 1860598957.0 1713028929.0 1360737163.0 1550188866.0 1379402608.0 1221791697.0 1333541010.0 1881896381.0 1047519222.0 1404535058.0 1262294173.0 1789627240.0 1774869510.0 1187839585.0 1960685803.0 1524717968.0 1775412852.0 1324577420.0 1826871926.0 1511254963.0 1191082339.0 1234054524.0 1815772891.0 1896689017.0 1706869187.0 1679731740.0 1493549708.0 1531581319.0 1380869008.0 1650175266.0 1071863804.0 
1555223503.0 1360224127.0 1448165593.0 1147641980.0 1166123631.0 1391416373.0 1692828284.0 1282465682.0 1624423558.0 1000958677.0 1825216925.0 1641097510.0 1304321494.0 1505570954.0 1309208021.0 0 1426119764.0 1828572539.0 1938720083.0 1036677563.0 1143722500.0 1980903074.0 1822319827.0 1945477667.0 1511271439.0 1893546588.0 1811221613.0 1014242462.0 1727588760.0 1869206843.0 1089507203.0 1742466341.0 1976836816.0 1485720849.0 1605196813.0 1544356090.0 1877869378.0 1616247501.0 1174753131.0 1802621193.0 1797323984.0 1387729907.0 1066036762.0 1047269474.0 1721469491.0 1344766340.0 1836564040.0 1329904358.0 1706346745.0 1904049921.0 1066066516.0 1693001209.0 1306814516.0 1048708177.0 1469488916.0 1201534123.0 1457800760.0 1606037441.0 1566528266.0 1989029103.0 1046071918.0 1985996280.0 1177158752.0 1404423446.0 1355159228.0 1693933407.0 1967922051.0 1528430657.0 1975571280.0 1132685074.0 1785136759.0 1210153245.0 1933355498.0 1484813778.0 1251158875.0 1450884889.0 1713608888.0 1173723512.0 1813962331.0 1645714833.0 1417746327.0 1335910082.0 1790807353.0 1540954371.0 1867222077.0 1536069372.0 1200847275.0 1285156185.0 1643903533.0 1088821980.0 1501450778.0 1158451483.0 1470090354.0 1354888604.0 1985394321.0 1870911361.0 1814711652.0 1093133561.0 1958484525.0 1432010646.0 1693259054.0 
1422264974.0 1580457121.0 1407528453.0 1061177718.0 1393697364.0 1984511113.0 1783359130.0 1936017335.0 1667729027.0 1730323195.0 1547204400.0 1099987873.0 1588248146.0 1428701706.0 1695063390.0 1426119764.0 0 1873285828.0 1834719971.0 1680157725.0 1711859600.0 1758561230.0 1622559302.0 1138051187.0 1837993690.0 1343962117.0 1223259983.0 1104763559.0 1656662306.0 1063620416.0 1247412732.0 1999186656.0 1690498119.0 1184682351.0 1179834478.0 1498123192.0 1779262083.0 1807162155.0 1690437385.0 1206019746.0 1736453345.0 1379955986.0 1041321015.0 1860309289.0 1737296695.0 1703062266.0 1141677307.0 1294030385.0 1037277421.0 1335289296.0 1133876263.0 1878472628.0 1556943419.0 1087168324.0 1736925352.0 1170426309.0 1552362380.0 1837663055.0 1005137657.0 1004076107.0 1562577503.0 1814601235.0 1910991250.0 1281335323.0 1958670911.0 1777952287.0 1239175177.0 1886377975.0 1438507885.0 1530682758.0 1334137556.0 1309489339.0 1849778027.0 1202906056.0 1792420093.0 1513865049.0 1013524248.0 1604055595.0 1485549960.0 1252809226.0 1000442170.0 1713547423.0 1359501730.0 1090408159.0 1790656404.0 1839651185.0 1058383359.0 1456389418.0 1879821267.0 1118676655.0 1066387852.0 1010364515.0 1226211819.0 1772496548.0 1059038168.0 1959749975.0 1567121260.0 1518404226.0 1589124379.0 1928514964.0 1494735906.0 
1163427009.0 1709685815.0 1342635764.0 1393426800.0 1098413958.0 1862303198.0 1804894304.0 1556297241.0 1459705903.0 1555728706.0 1361777691.0 1439095226.0 1814227610.0 1318539186.0 1321770250.0 1828572539.0 1873285828.0 0 1598236038.0 1686609368.0 1205373564.0 1579729647.0 1208058823.0 1417396683.0 1996411170.0 1690551480.0 1975082501.0 1267394576.0 1367531999.0 1094625245.0 1674033137.0 1023641513.0 1047480742.0 1553231995.0 1448296800.0 1072821008.0 1351789221.0 1259437606.0 1314193292.0 1718764227.0 1512191834.0 1512493572.0 1090930523.0 1651284932.0 1013680848.0 1010551047.0 1119934379.0 1110795293.0 1586799722.0 1311278460.0 1525043449.0 1420959922.0 1282981932.0 1615094042.0 1771564912.0 1036531974.0 1918429644.0 1202488704.0 1702855597.0 1281888361.0 1841108169.0 1377186057.0 1333020687.0 1735293303.0 1572437284.0 1375020293.0 1799715413.0 1215913704.0 1741074148.0 1834665289.0 1456244983.0 1311912536.0 1662304093.0 1912143712.0 1386525817.0 1960171699.0 1298571297.0 1250109299.0 1518492985.0 1493182790.0 1901220298.0 1656172768.0 1397273799.0 1046096387.0 1620030594.0 1529168934.0 1064173289.0 1364563032.0 1440354367.0 1150869659.0 1772387745.0 1774209396.0 1013493864.0 1397549252.0 1067588771.0 1521517269.0 1245049355.0 1705887158.0 1546013120.0 1717027937.0 1383840247.0 
1924503136.0 1157954118.0 1439814534.0 1380942118.0 1942184332.0 1844707338.0 1618979457.0 1733417502.0 1450459575.0 1433762408.0 1917384121.0 1469961822.0 1620686391.0 1457283158.0 1010544624.0 1938720083.0 1834719971.0 1598236038.0 0 1942813064.0 1530077628.0 1964475144.0 1315296833.0 1108436558.0 1353500318.0 1595531219.0 1068079557.0 1567560185.0 1432384518.0 1325328147.0 1022902195.0 1353156123.0 1479514773.0 1813597535.0 1709031233.0 1978225449.0 1786589079.0 1725422056.0 1970799247.0 1935710386.0 1281528227.0 1149903100.0 1568825420.0 1927163660.0 1086763276.0 1388121166.0 1627294948.0 1994178405.0 1094350252.0 1684148578.0 1789590810.0 1163843453.0 1027463212.0 1853754969.0 1191860444.0 1246210527.0 1246846705.0 1318689351.0 1878606442.0 1522584229.0 1732578616.0 1034287635.0 1475030703.0 1226577200.0 1586382567.0 1156924617.0 1666691960.0 1578492848.0 1062256068.0 1185076037.0 1177791158.0 1382384854.0 1566127192.0 1722844142.0 1802514025.0 1983331386.0 1287341493.0 1319190106.0 1935472564.0 1167786927.0 1031758391.0 1088738497.0 1078857563.0 1041099073.0 1363868551.0 1415847778.0 1011612362.0 1892230124.0 1489218315.0 1369028807.0 1839943666.0 1902676092.0 1786199013.0 1699195651.0 1143841049.0 1850785955.0 1369583754.0 1813482489.0 1545708939.0 1364331095.0 1246067251.0 
1255043279.0 1544852615.0 1969707434.0 1763646762.0 1709186076.0 1907331860.0 1059246011.0 1967825446.0 1893383835.0 1856644435.0 1695821148.0 1934703465.0 1745549162.0 1609792397.0 1212021145.0 1036677563.0 1680157725.0 1686609368.0 1942813064.0 0 1879382144.0 1148334776.0 1990521859.0 1076976006.0 1202716429.0 1940088400.0 1230503408.0 1888528017.0 1709285438.0 1870044269.0 1357468643.0 1710959149.0 1209698509.0 1895264356.0 1695846945.0 1811531850.0 1833705207.0 1557361545.0 1031298485.0 1682697829.0 1668479853.0 1111570315.0 1989516362.0 1651893936.0 1749093856.0 1561732276.0 1859448158.0 1827256083.0 1021405282.0 1242308249.0 1797926426.0 1863197288.0 1835221813.0 1753314518.0 1608713379.0 1946796017.0 1997064449.0 1204861977.0 1893208828.0 1262977005.0 1729200073.0 1411036717.0 1183755339.0 1472571897.0 1435167658.0 1923180227.0 1199889589.0 1857520234.0 1750956210.0 1744506764.0 1336661078.0 1394178877.0 1024442205.0 1539077494.0 1182735174.0 1659925884.0 1282814507.0 1504004928.0 1989535530.0 1734791443.0 1109992200.0 1412647589.0 1161223521.0 1373767176.0 1122657081.0 1572436841.0 1441329185.0 1359062356.0 1234397433.0 1721667757.0 1614020185.0 1365272530.0 1957233798.0 1924215033.0 1854455292.0 1446290035.0 1661043790.0 1683423810.0 1538808590.0 1502676649.0 1888592738.0 
1925280502.0 1709802815.0 1242022575.0 1345825714.0 1445931907.0 1390967762.0 1460824710.0 1480900925.0 1064042156.0 1895590998.0 1453599429.0 1434306030.0 1661266734.0 1129482948.0 1783353979.0 1143722500.0 1711859600.0 1205373564.0 1530077628.0 1879382144.0 0 1543917131.0 1264214860.0 1496311389.0 1905829071.0 1938863112.0 1661069173.0 1070436913.0 1081236267.0 1813082974.0 1672229230.0 1089560556.0 1865034726.0 1399631400.0 1949625019.0 1582478623.0 1287804878.0 1311365032.0 1960692795.0 1312458027.0 1229182716.0 1383932878.0 1101018023.0 1703599899.0 1310654536.0 1937995295.0 1475316089.0 1201451662.0 1128534978.0 1959016135.0 1967633103.0 1121848370.0 1965582125.0 1895309946.0 1305110135.0 1887163239.0 1079477390.0 1493186071.0 1524204710.0 1944715617.0 1919546852.0 1568246213.0 1719737429.0 1962841665.0 1284577764.0 1774448800.0 1113559308.0 1868049529.0 1085632990.0 1740826380.0 1121458290.0 1772556718.0 1740738539.0 1284317006.0 1243253523.0 1497256630.0 1013579445.0 1786711574.0 1232658204.0 1984249556.0 1600151483.0 1219133063.0 1281298406.0 1310434227.0 1853562503.0 1780161479.0 1685610917.0 1503091283.0 1535318252.0 1336163787.0 1928981523.0 1414246996.0 1840655574.0 1175564123.0 1728237219.0 1298636965.0 1113451264.0 1639367646.0 1774590292.0 1178124206.0 1764334431.0 
1435725962.0 1100434057.0 1618249427.0 1480061581.0 1707134263.0 1282535595.0 1794717098.0 1674037185.0 1250262519.0 1201376717.0 1892513463.0 1337732979.0 1719725876.0 1859174222.0 1955096692.0 1980903074.0 1758561230.0 1579729647.0 1964475144.0 1148334776.0 1543917131.0 0 1108413892.0 1237248176.0 1373210211.0 1561564861.0 1933570001.0 1155339253.0 1623895661.0 1207311689.0 1367422244.0 1076520151.0 1297611098.0 1204641730.0 1928965494.0 1622608740.0 1426440614.0 1879696265.0 1612892922.0 1583840493.0 1249115367.0 1601841436.0 1504622543.0 1256919577.0 1826542737.0 1684503518.0 1839163456.0 1212974477.0 1502639438.0 1074109970.0 1280862652.0 1748588053.0 1370059423.0 1947744361.0 1782290691.0 1575711571.0 1709250515.0 1887351642.0 1973616966.0 1551185816.0 1471940517.0 1807479891.0 1821146593.0 1459327596.0 1813925895.0 1725296246.0 1770810421.0 1676924627.0 1550113830.0 1223412736.0 1543959438.0 1710220642.0 1396959668.0 1850911135.0 1506782320.0 1413014905.0 1263809727.0 1875414877.0 1850107786.0 1436033244.0 1533730556.0 1620139387.0 1447488623.0 1005131078.0 1746161814.0 1365252933.0 1071240076.0 1446689414.0 1884654878.0 1968089206.0 1390254814.0 1448440244.0 1078294946.0 1226029436.0 1385896767.0 1003276199.0 1048184118.0 1523980463.0 1332168078.0 1361917876.0 1628998186.0 
1995285148.0 1710055166.0 1135220985.0 1021232294.0 1970485607.0 1345302117.0 1841937232.0 1056169436.0 1618568970.0 1429799018.0 1505957787.0 1912986475.0 1430430281.0 1792633587.0 1021972122.0 1822319827.0 1622559302.0 1208058823.0 1315296833.0 1990521859.0 1264214860.0 1108413892.0 0 1429175727.0 1108793916.0 1643458254.0 1948816225.0 1181056567.0 1226877667.0 1705131235.0 1715344188.0 1956570362.0 1569174179.0 1773827790.0 1010773819.0 1076879171.0 1775425549.0 1951155357.0 1449902069.0 1670024610.0 1089488783.0 1775943456.0 1497970779.0 1131773270.0 1190898575.0 1821508522.0 1751508858.0 1345232439.0 1442604917.0 1869462626.0 1629089242.0 1352399538.0 1279556425.0 1641821062.0 1913810276.0 1110515784.0 1353134992.0 1727766577.0 1194021777.0 1835003339.0 1344999114.0 1159208476.0 1745294312.0 1145932794.0 1924467052.0 1844066812.0 1061125543.0 1594604000.0 1147357844.0 1653063202.0 1885721131.0 1667037281.0 1696580278.0 1008876896.0 1638389320.0 1207426128.0 1840339060.0 1291046077.0 1620917444.0 1964686872.0 1233203727.0 1419987438.0 1621189207.0 1178612570.0 1270183222.0 1091564938.0 1368198509.0 1101702506.0 1939907868.0 1231209161.0 1573591252.0 1912928296.0 1717343078.0 1197199000.0 1927903795.0 1406234990.0 1395375415.0 1358064479.0 1710994754.0 1522892003.0 1889406065.0 
1598544541.0 1891667669.0 1512566372.0 1430550502.0 1407982363.0 1445340393.0 1337777324.0 1509887523.0 1237671838.0 1128392937.0 1336398383.0 1377830787.0 1349764466.0 1323829976.0 1255250382.0 1945477667.0 1138051187.0 1417396683.0 1108436558.0 1076976006.0 1496311389.0 1237248176.0 1429175727.0 0 1614861519.0 1456127621.0 1155276140.0 1300599355.0 1491771285.0 1910721157.0 1310939650.0 1961338856.0 1270493485.0 1610431061.0 1159055174.0 1173090464.0 1970718053.0 1690488508.0 1649430709.0 1186886574.0 1086196199.0 1864721041.0 1652399184.0 1514872319.0 1345612652.0 1900740246.0 1332855522.0 1913244113.0 1125355472.0 1555097170.0 1696053463.0 1843468181.0 1966213608.0 1830854447.0 1669467864.0 1352137940.0 1855732450.0 1729937309.0 1054855412.0 1424883228.0 1090130828.0 1264770867.0 1540899881.0 1052825735.0 1823582153.0 1630655720.0 1513568296.0 1913745426.0 1681979189.0 1696143669.0 1746833419.0 1286824427.0 1487168664.0 1579183305.0 1532450750.0 1053849032.0 1617468840.0 1522750053.0 1042077052.0 1922525636.0 1109257121.0 1146462191.0 1384074341.0 1974076967.0 1488377141.0 1321245626.0 1753060308.0 1906974722.0 1643057231.0 1181414831.0 1616522500.0 1578597872.0 1336868623.0 1219686152.0 1839773465.0 1879876706.0 1723090975.0 1978179255.0 1270092410.0 1140087767.0 1878341129.0 
1555421976.0 1008459611.0 1879310231.0 1359435415.0 1181905887.0 1439791620.0 1717816442.0 1454288684.0 1922268066.0 1182483244.0 1414764214.0 1269969130.0 1176814613.0 1634383160.0 1604409723.0 1511271439.0 1837993690.0 1996411170.0 1353500318.0 1202716429.0 1905829071.0 1373210211.0 1108793916.0 1614861519.0 0 1089553610.0 1578013839.0 1664759103.0 1174619200.0 1153740858.0 1869321354.0 1728769179.0 1364631616.0 1616722131.0 1316456408.0 1408604952.0 1966714567.0 1044755479.0 1866905544.0 1397095832.0 1099062751.0 1658543702.0 1680141141.0 1540637428.0 1797422879.0 1262521970.0 1296064225.0 1375954387.0 1579764336.0 1054625150.0 1745218121.0 1250094244.0 1438201218.0 1755729681.0 1321840128.0 1491595177.0 1927404617.0 1265509504.0 1212179410.0 1948970254.0 1251091427.0 1456305766.0 1135769533.0 1042835886.0 1608605032.0 1405785537.0 1663929460.0 1967680888.0 1250300808.0 1527438088.0 1661196108.0 1554684863.0 1521446726.0 1718147527.0 1833633763.0 1517719421.0 1760769466.0 1769493149.0 1798911536.0 1495034090.0 1099292628.0 1256478121.0 1553704708.0 1664535694.0 1548070143.0 1640544482.0 1320070217.0 1138785124.0 1856039243.0 1858218160.0 1545926310.0 1558680708.0 1512448312.0 1423904192.0 1768100167.0 1173771695.0 1207578757.0 1063378698.0 1744237063.0 1361961048.0 1153621825.0 
1102551200.0 1586544035.0 1411325299.0 1413521526.0 1404827563.0 1310022568.0 1808770354.0 1605683277.0 1459677134.0 1105750885.0 1409430805.0 1561597276.0 1612516412.0 1391733662.0 1056397767.0 1893546588.0 1343962117.0 1690551480.0 1595531219.0 1940088400.0 1938863112.0 1561564861.0 1643458254.0 1456127621.0 1089553610.0 0 1182293063.0 1526830851.0 1434262003.0 1615238151.0 1557692358.0 1360767359.0 1922789292.0 1981499743.0 1851502775.0 1127220632.0 1446931263.0 1644458100.0 1312740213.0 1886539914.0 1831186806.0 1963819073.0 1924476956.0 1186764665.0 1294439019.0 1715048429.0 1261236931.0 1636817919.0 1478756854.0 1209773234.0 1936524643.0 1950090890.0 1736077873.0 1787108458.0 1719617781.0 1252750751.0 1456580657.0 1760189495.0 1244193697.0 1618921753.0 1477016761.0 1985884821.0 1831110000.0 1475238356.0 1705497978.0 1919867789.0 1846853416.0 1254606874.0 1190669033.0 1980586579.0 1403237256.0 1967324464.0 1571325885.0 1358812008.0 1553957930.0 1826044396.0 1323424675.0 1611674961.0 1440792028.0 1647622396.0 1568082847.0 1341379719.0 1326741544.0 1757540477.0 1799056671.0 1979082700.0 1665482930.0 1243912201.0 1799705403.0 1924830360.0 1923217103.0 1022220656.0 1810946617.0 1021072366.0 1447948716.0 1203770265.0 1660979600.0 1712302248.0 1158151175.0 1218387430.0 1899478247.0 
1992102276.0 1897747714.0 1645729904.0 1540906746.0 1410170885.0 1680551585.0 1864484676.0 1924680759.0 1905598374.0 1940955371.0 1821184056.0 1635260235.0 1427708584.0 1224978071.0 1513248500.0 1811221613.0 1223259983.0 1975082501.0 1068079557.0 1230503408.0 1661069173.0 1933570001.0 1948816225.0 1155276140.0 1578013839.0 1182293063.0 0 1883853415.0 1390620023.0 1013131944.0 1293147479.0 1298831538.0 1453406306.0 1887052701.0 1314927321.0 1463299528.0 1265517373.0 1649284504.0 1157909033.0 1545594959.0 1122739587.0 1694835211.0 1984931502.0 1196261793.0 1946222595.0 1203684564.0 1777784623.0 1427210423.0 1282761735.0 1903301534.0 1098200889.0 1021773566.0 1757989806.0 1145275698.0 1341136182.0 1846648346.0 1831810522.0 1519758794.0 1711094746.0 1260850860.0 1147336654.0 1546718197.0 1391454442.0 1049047995.0 1179363557.0 1321060815.0 1514024841.0 1452030511.0 1570851833.0 1213728281.0 1501780845.0 1919337509.0 1940505289.0 1994157107.0 1216850691.0 1913945715.0 1469647321.0 1453473214.0 1665166367.0 1413747575.0 1013775641.0 1861447028.0 1233702287.0 1533592220.0 1562445938.0 1195642264.0 1752209220.0 1879711457.0 1875471078.0 1235400975.0 1228681692.0 1918741334.0 1918732316.0 1319092105.0 1419085557.0 1657043028.0 1472086329.0 1414156789.0 1370281871.0 1486639947.0 1971089517.0 
1422226582.0 1734016410.0 1444304496.0 1140793508.0 1647191417.0 1649869579.0 1858448997.0 1214570241.0 1402450172.0 1965527801.0 1873961839.0 1064652019.0 1150347751.0 1168114356.0 1576068788.0 1014242462.0 1104763559.0 1267394576.0 1567560185.0 1888528017.0 1070436913.0 1155339253.0 1181056567.0 1300599355.0 1664759103.0 1526830851.0 1883853415.0 0 1184354733.0 1113895293.0 1738094782.0 1550479318.0 1814884588.0 1392457021.0 1089193735.0 1685909094.0 1075429246.0 1055846521.0 1708388119.0 1823252602.0 1401890416.0 1598835404.0 1297345397.0 1702417574.0 1169555705.0 1362216069.0 1182789180.0 1612374970.0 1074359358.0 1774581396.0 1483375090.0 1480542332.0 1825762822.0 1726503549.0 1667745367.0 1003969180.0 1124058761.0 1346774253.0 1868711269.0 1909832171.0 1788001394.0 1456862988.0 1790513103.0 1834795872.0 1548247195.0 1494533089.0 1116776231.0 1827904781.0 1581912866.0 1193626631.0 1753913231.0 1031130655.0 1830725595.0 1781500509.0 1652969814.0 1662826288.0 1436934004.0 1827249085.0 1034659771.0 1712112166.0 1195412490.0 1700083597.0 1844753075.0 1196250723.0 1638797731.0 1785626712.0 1847482589.0 1482348169.0 1620319979.0 1496105049.0 1753892621.0 1717215848.0 1459320904.0 1821345998.0 1559339892.0 1890317334.0 1831434143.0 1802008996.0 1622975565.0 1093431657.0 1382309454.0 
1762958564.0 1677035827.0 1069886602.0 1384242213.0 1978445559.0 1354035021.0 1305491373.0 1580661081.0 1439697002.0 1656796736.0 1284658496.0 1105935974.0 1415680538.0 1964790724.0 1326138040.0 1727588760.0 1656662306.0 1367531999.0 1432384518.0 1709285438.0 1081236267.0 1623895661.0 1226877667.0 1491771285.0 1174619200.0 1434262003.0 1390620023.0 1184354733.0 0 1627916808.0 1546525062.0 1618386087.0 1133279167.0 1426071693.0 1582160695.0 1682743390.0 1843894383.0 1196854175.0 1148882003.0 1571963176.0 1400815249.0 1479757869.0 1657925603.0 1541330459.0 1911158744.0 1778604022.0 1419405403.0 1166814646.0 1758436957.0 1712028047.0 1421943601.0 1390726199.0 1666313768.0 1450507089.0 1198406700.0 1800860979.0 1045304989.0 1124817306.0 1330680654.0 1292343358.0 1906474339.0 1528985951.0 1910650913.0 1521604703.0 1146213805.0 1861495365.0 1977699343.0 1473215227.0 1254769555.0 1956600391.0 1395882755.0 1061840698.0 1802270462.0 1542250689.0 1531988316.0 1702323941.0 1654760885.0 1301183952.0 1420492899.0 1072560651.0 1178796665.0 1768305247.0 1215030018.0 1249496172.0 1512320783.0 1836350489.0 1781145941.0 1964426353.0 1628561139.0 1347044754.0 1684690722.0 1482156706.0 1429730427.0 1131756782.0 1896709856.0 1102340868.0 1947894447.0 1068414401.0 1085167416.0 1573453020.0 1667758497.0 
1883460339.0 1858885568.0 1484509914.0 1807214122.0 1036208149.0 1648945305.0 1057127488.0 1778166727.0 1970769367.0 1913143689.0 1580222908.0 1665667841.0 1264339240.0 1292342503.0 1569308013.0 1869206843.0 1063620416.0 1094625245.0 1325328147.0 1870044269.0 1813082974.0 1207311689.0 1705131235.0 1910721157.0 1153740858.0 1615238151.0 1013131944.0 1113895293.0 1627916808.0 0 1046039609.0 1598900737.0 1578913121.0 1276467931.0 1965851135.0 1091499085.0 1763170922.0 1619539626.0 1760266621.0 1868049398.0 1261694524.0 1891306044.0 1704118357.0 1060013785.0 1304878461.0 1588049407.0 1997017925.0 1796102257.0 1580217304.0 1002035699.0 1287205808.0 1346503423.0 1689406058.0 1658354981.0 1775740985.0 1735916462.0 1284451062.0 1189310622.0 1206654749.0 1835788049.0 1890114491.0 1556812041.0 1035602329.0 1287574776.0 1803879867.0 1140418482.0 1472760307.0 1997570026.0 1763624880.0 1292505360.0 1292046119.0 1051547412.0 1023581012.0 1060237087.0 1534166140.0 1716834813.0 1629344668.0 1632917518.0 1712481767.0 1946589749.0 1237693879.0 1773638190.0 1045049070.0 1632794723.0 1295888869.0 1004326750.0 1430800440.0 1727930773.0 1633200266.0 1789322882.0 1733073934.0 1741902582.0 1880151058.0 1640754878.0 1769737533.0 1686965226.0 1040027006.0 1044168497.0 1069662657.0 1701887597.0 1341028432.0 
