50
27 81 69 36 93 17 64 59 48 70 65 50 14 34 35 38 53 83 74 43 78 97 24 72 12 58 67 11 52 89 45 23 86 4 37 47 19 33 87 18 3 21 15 80 9 71 99 20 85 63
0 3358028.6316 3177789.01174 3195321.05499 3278648.40994 3398078.41873 3170155.31962 1390383.09176 2154602.08392 3199781.44157 3280223.16772 3346002.13979 3434282.06544 3356238.44023 3220870.336 3195994.87042 3449619.73034 1854645.25191 3152660.14173 3132571.91291 3483738.62349 3091752.91202 3115564.48975 3381579.64729 4970536.77213 2181343.49468 3344109.32367 3452307.67291 3420957.92271 2853784.46943 3484215.75972 3254596.85127 3493320.72893 3285143.28184 3264060.40636 3143592.4671 3174487.79303 2810623.66704 3372184.35456 406649.52871 3890981.32966 3305643.55704 3257805.33337 3412320.01592 3421311.13423 3460143.92909 3136422.69995 3348280.72495 3169930.45704 3340418.92305 
3358028.6316 0 3185991.53268 3386719.19704 3287762.3221 3409330.16214 3178357.84057 3210873.50734 3184334.54026 3391179.58362 3135283.58976 3172933.08775 3445533.80885 3059483.25897 3233146.81171 3204197.39136 3460871.47375 1864771.82097 3161774.05388 3140774.43385 3494990.3669 3481808.9608 3177899.19929 3208510.59525 5163915.48272 3467433.89573 3171040.27163 3463993.32999 3432209.66612 2772211.48474 3291916.813 3467261.45355 3425641.05375 3494543.15308 3274186.97542 3334990.60915 3182690.31397 2956622.61595 3199115.30252 3246754.52773 4245713.68776 3315770.1261 3266919.24553 3220021.0692 3432562.87763 3431553.28141 3144625.22089 3358335.34815 3425865.7718 3351670.66645 
3177789.01174 3185991.53268 0 3206479.57718 3291046.76793 3413385.03353 3181313.84182 3213829.50859 3187290.5415 3399987.68599 3138239.59101 3348648.78615 3419010.72899 3370014.39355 3426023.35812 3207153.39261 3442777.83111 1868421.20523 3177811.96114 3317012.95925 3482992.80756 3466041.70561 3354166.68787 3400637.84986 4921908.96532 3468185.76403 3173996.27288 3262357.55614 3436264.53751 2799753.57298 3295201.25883 3467949.21782 3219743.91588 3505372.67398 3093947.35556 3154750.98929 3368760.95939 2766858.64091 3385960.30789 3225994.6864 2826848.81977 3319419.51036 3474524.80705 3394821.6871 3436617.74903 3497630.79036 3147581.22214 3178095.72829 3219993.6026 3151404.42217 
3195321.05499 3386719.19704 3206479.57718 0 1776571.792 3228543.9659 3380944.27005 3241865.00915 3388322.91164 3426868.60069 3155771.63426 3374247.04434 3441415.37655 3203657.43269 3443555.40138 3224685.43586 3460350.76531 1890065.70307 3503723.32698 3161262.47835 3314330.75152 3299684.74475 1876890.8344 3418169.89311 5213328.93748 3283712.45022 3191528.31613 3480998.23835 3460313.97956 2786858.41302 3493972.65957 3485481.26108 3237275.95914 3313833.84728 3111479.39881 3374759.34211 3203178.35847 3022452.99995 1127952.69017 3462221.6785 4068470.4404 3323285.96448 3591526.9934 3234976.7431 694373.92262 3515162.83361 3353114.7241 3195627.77154 3428697.06114 3170884.47022 
3278648.40994 3287762.3221 3291046.76793 1776571.792 0 3469533.2727 2544461.38711 3318693.40645 2994726.59423 3315482.80108 3234704.60914 3276537.38467 2607525.55923 3378282.81611 3338914.906 3490105.24238 3461298.8524 1788297.42581 3259806.23359 3433341.68495 3410881.40609 3559457.91243 2403589.56568 3526258.23008 4346891.64392 3376861.07131 3458143.41577 3372613.45928 3347238.11594 2537554.02429 3401094.08433 3376648.17973 3165238.67147 3222165.50732 3131408.25845 3448459.04324 3287378.74714 2024629.26908 1654651.42145 3177927.57208 4188405.79287 3410524.25753 2214013.75623 3151194.11356 1279594.73516 3403361.59501 3245084.19928 3480482.00483 3153488.12603 3389091.6340699997 
3398078.41873 3409330.16214 3413385.03353 3228543.9659 3469533.2727 0 3402913.57659 3236710.55636 3411112.06724 3233499.95099 2463206.00637 3395472.21469 3091173.313 3076111.77444 3256932.05592 3346021.8342 3450728.65018 1697205.37016 3196433.98423 3351358.83486 3140629.87104 3227750.6385 3402284.43904 3234085.09847 4865707.53342 3113073.39988 3186669.44193 3109632.83413 3077849.17026 2737307.53754 3329487.61307 3112900.9577 2517007.53039 3328346.44018 3407911.14132 3366476.19316 3408856.6128 2925209.06348 3431387.4613 3424255.1527 1308129.49093 3340110.64713 3298626.41866 3240727.43554 3078202.38178 3134538.82407 3163101.34919 3197006.35603 3243559.5497 3150227.76571 
3170155.31962 3178357.84057 3181313.84182 3380944.27005 2544461.38711 3402913.57659 0 3388294.20146 3179656.84939 3379112.32243 3130605.8989 3168255.39688 3416311.66997 3178491.69732 3224395.16608 3199519.70049 3252123.34933 1858996.89398 3156576.61959 3136096.74299 3286242.24248 3273060.83638 3173221.50843 3379697.46991 4793423.73754 3258546.71486 3166362.58076 3455832.50299 3425793.08057 2656992.20879 3286719.37871 3258355.11243 3216892.92934 3288668.11192 3268412.04843 3147117.29718 3351008.26849 2892586.79572 3376535.99663 3555306.28699 4499768.41086 3031253.35944 3427323.26447 3391909.39272 3223814.75322 3458712.75006 3139947.53003 3351805.55502 3217117.64738 3345254.08091 
1390383.09176 3210873.50734 3213829.50859 3241865.00915 3318693.40645 3236710.55636 3388294.20146 0 2813016.02401 3424869.66065 3163121.56567 3376295.42466 3446657.3675 3255290.40231 3256910.83285 3421760.88396 3473496.31834 1899139.69246 3034705.63462 3341894.93391 3321680.68293 3309189.35502 1916868.21999 3236348.57116 4802376.87403 878844.89213 3198878.24754 3287239.5308 2775576.5872 2666940.13822 3322847.89735 3492831.19248 3425023.01009 3530254.64864 3308554.84691 3223049.9057 3393642.93405 2861878.40408 3480151.86184 1138220.57325 4090356.04256 3160412.4809 3297850.32987 3242326.67451 2977135.70203 3314912.85296 3362188.7135 3202977.70295 3244875.57726 3389857.19034 
2154602.08392 3184334.54026 3187290.5415 3388322.91164 2994726.59423 3411112.06724 3179656.84939 2813016.02401 0 3209282.97134 1979215.18634 3174232.09657 3568994.69959 3367968.72389 3413872.19265 3388996.72706 3462653.37885 1866375.53557 3163217.39702 3325573.76956 3292883.01991 3483590.86591 3362698.535 3209809.60407 4885875.51169 3603976.42692 3355839.60734 3260700.56372 3433991.57122 2759716.40229 3293360.15614 3469043.35866 3427422.95886 3294644.81161 3275790.69002 3336594.32375 3183989.32279 2945377.04175 3383914.63823 1788617.50809 3265104.65087 3317373.8407 3268362.58867 3425353.66443 3434344.78274 3286791.97294 3145924.22972 3176438.73587 3427647.6769 3353452.57156 
3199781.44157 3391179.58362 3399987.68599 3426868.60069 3315482.80108 3233499.95099 3379112.32243 3424869.66065 3209282.97134 0 3160232.02084 3386929.24106 3426308.31925 3208117.81927 3448015.78796 3418193.54467 2572535.02607 1895572.35317 3399547.55756 3165722.86493 3319160.15575 3305978.74966 3202847.63038 3233459.02633 5113640.2727 3288172.83681 3195988.70271 2270932.69092 3256379.45498 2711982.39387 3319637.29198 3287981.23438 3430784.06795 3527365.10381 3271418.64946 3176743.41913 3207638.74505 3224907.14908 3413111.45583 3584932.40894 3982471.5399 3249927.20362 3294639.72451 3247741.54818 3466785.69119 3312023.30813 3116626.59751 3381431.67697 3250035.56065 3348594.74873 
3280223.16772 3135283.58976 3138239.59101 3155771.63426 3234704.60914 2463206.00637 3130605.8989 3163121.56567 1979215.18634 3160232.02084 0 3125181.14608 1766421.68139 3307411.99489 3371194.15249 3156445.44969 2443552.80642 1805818.80656 3274012.3994 3265017.04055 3238381.96381 3336323.56119 3302141.80599 3160758.65358 4912444.61654 3210825.49264 3123288.32996 3207384.9269 3366706.31677 2789237.62989 3238859.10003 3210653.05046 2625580.45308 3417588.40948 3164453.60883 3104043.04638 3306932.92067 2971946.14659 3151363.36085 2914238.59188 1428766.0717 3084822.56332 3213861.53256 3166963.35624 3367059.52829 3232290.91684 3268867.8276 3127387.78537 3341280.20805 3286167.31711 
3346002.13979 3172933.08775 3348648.78615 3374247.04434 3276537.38467 3395472.21469 3168255.39688 3376295.42466 3174232.09657 3386929.24106 3125181.14608 0 3228788.53217 3173066.9445 3412964.91319 3374920.85977 3426656.29415 1852299.66827 3331527.19375 3303954.51431 3468483.4243 3267033.33325 3339657.30461 3198408.15156 4897337.19736 3253121.96204 3160937.82794 3249299.11121 3418351.71867 2772451.60859 3465096.32679 3252930.35961 3206685.47095 3492314.22904 3202103.10681 3141692.54436 3355702.51446 3249396.66716 3189012.85883 3234090.09773 2748547.55058 3122472.06131 3456611.98821 3380312.30384 3418704.93019 3484572.34542 3315348.6893 3165037.28336 3206935.15766 3337812.71901 
3434282.06544 3445533.80885 3419010.72899 3441415.37655 2607525.55923 3091173.313 3416311.66997 3446657.3675 3568994.69959 3426308.31925 1766421.68139 3228788.53217 0 3239024.83261 2277810.42163 3442164.06035 948636.99241 1737431.64428 3205625.23712 3195026.34364 3176833.51776 3163652.11166 3415745.44617 2490908.52245 4825319.86611 3331081.86794 3405322.81621 3145836.48085 3114052.81698 2692432.35164 3353978.41791 3330868.97636 3107484.20461 3176386.30395 3464358.5104 3533669.15086 3421660.40256 2928026.93857 3254970.74694 3456838.43474 2875668.97778 3188429.94941 3490387.43658 2035286.02328 3291073.79243 3357582.39164 3396778.1808 3434702.80146 3107708.92266 3210181.58125 
3356238.44023 3059483.25897 3370014.39355 3203657.43269 3378282.81611 3076111.77444 3178491.69732 3255290.40231 3367968.72389 3208117.81927 3307411.99489 3173066.9445 3239024.83261 0 3424783.98305 3078528.9329 3437735.00115 1864937.07622 715618.96104 3314190.81475 3503163.9915 3463583.7506 3178033.05604 3397815.70536 4202780.72783 3131653.24583 3171174.12838 3259535.41165 3270889.1232 2685160.4789 3278671.44683 3313245.1756 3216921.77139 3293479.65953 2976643.49956 3031366.76992 3059172.56325 2878276.7107 3398992.94595 3292311.55128 3357312.0577 905953.36285 3131137.5706 3214622.55536 3426278.76843 3494808.64586 254800.62241 3356617.10264 3408342.87339 3024218.22833 
3220870.336 3233146.81171 3426023.35812 3443555.40138 3338914.906 3256932.05592 3224395.16608 3256910.83285 3413872.19265 3448015.78796 3371194.15249 3412964.91319 2277810.42163 3424783.98305 0 3250234.71687 1582263.47606 1727613.52537 3212926.63779 3186811.75936 3167997.21074 3329410.85458 3417931.02474 3061172.35773 5229750.29901 3315035.78951 3217077.59714 3137000.17383 3105216.50996 2808321.2543 3168474.34696 3314863.34733 3098647.89759 3355713.77988 2979893.13488 3197832.31356 3422722.13941 2989121.40856 3245152.62803 3123312.06169 3697449.23679 3372606.33043 3143476.77949 2605549.85856 3105569.72148 3161906.16377 3311626.14491 3224373.69572 3273467.66558 3024677.5103 
3195994.87042 3204197.39136 3207153.39261 3224685.43586 3490105.24238 3346021.8342 3199519.70049 3421760.88396 3388996.72706 3418193.54467 3156445.44969 3374920.85977 3442164.06035 3078528.9329 3250234.71687 0 3277094.68567 1890897.57396 3181965.58527 3335218.81792 3524191.99467 3587253.53255 3199061.05922 3229672.45517 5134065.25562 3284386.26565 3366774.38899 3481672.05378 3461238.28055 2742361.25764 3494721.34338 3284194.66322 3429062.62136 3523578.53265 3112153.21424 3172956.84797 3203852.1739 2977955.84457 3408436.67662 3462895.49392 4554279.0959 3324034.64828 2807008.88954 3235650.55853 3538861.26794 3308236.73698 3165787.08082 3196301.58697 3429370.87656 3171633.15403 
3449619.73034 3460871.47375 3442777.83111 3460350.76531 3461298.8524 3450728.65018 3252123.34933 3473496.31834 3462653.37885 2572535.02607 2443552.80642 3426656.29415 948636.99241 3437735.00115 1582263.47606 3277094.68567 0 1754473.49417 3075259.02118 3244582.10285 3380439.86761 3352093.99455 3251613.74791 1637135.22928 4818506.29958 3164614.71149 3243937.56594 3161174.14574 3309655.96967 2684861.72216 3192648.31888 3346206.64126 3028609.85295 3191723.96884 3163888.64862 2679895.85768 3256937.20867 2878007.82963 3472307.58327 3470642.33315 2273412.10834 3205471.7993 3347916.2392 1312791.92234 3129743.69339 3186080.13568 3217522.5152 3248547.66764 3295100.86131 3229116.97001 
1854645.25191 1864771.82097 1868421.20523 1890065.70307 1788297.42581 1697205.37016 1858996.89398 1899139.69246 1866375.53557 1895572.35317 1805818.80656 1852299.66827 1737431.64428 1864937.07622 1727613.52537 1890897.57396 1754473.49417 0 1648310.46112 1812597.62643 1792383.37545 1777737.36867 1858430.67018 1896222.51704 4220477.20043 1761765.07415 1849962.85825 1757942.22332 1722627.04125 1818346.45079 1792913.52681 1761573.47173 1715328.58306 1791886.47121 1890822.63946 1826203.24889 1864345.62657 1769102.03072 1884623.39021 1742733.20984 2874521.912 1802474.25746 1765138.45184 1713029.36703 1723019.49849 1785615.54548 1817351.6845 1855023.91432 1715578.26978 1633139.26385 
3152660.14173 3161774.05388 3177811.96114 3503723.32698 3259806.23359 3196433.98423 3156576.61959 3034705.63462 3163217.39702 3399547.55756 3274012.3994 3331527.19375 3205625.23712 715618.96104 3212926.63779 3181965.58527 3075259.02118 1648310.46112 0 3280791.21926 3284893.13787 3250302.18216 3326624.26301 3364416.10987 3954137.40322 3250872.8031 3137774.53289 3246625.19107 3353028.53134 2838592.83233 3261107.11964 3068895.53957 3027275.13977 3096177.2391 3402223.81373 3127062.33901 3161582.31382 3016365.82879 3491314.32175 3051939.30387 3789224.90058 211482.66868 3388115.41131 3025205.84534 3217343.42818 3277373.32679 540331.55652 3153000.9379 3212307.59299 3144540.43812 
3132571.91291 3140774.43385 3317012.95925 3161262.47835 3433341.68495 3351358.83486 3136096.74299 3341894.93391 3325573.76956 3165722.86493 3265017.04055 3303954.51431 3195026.34364 3314190.81475 3186811.75936 3335218.81792 3244582.10285 1812597.62643 3280791.21926 0 3244482.90168 3231301.49559 3135638.10171 3339532.02181 5058596.60737 3394245.83229 3302061.69819 3418249.09627 3181702.20091 2654282.93183 3437496.17585 3216753.98834 3367669.72648 3460155.57515 3169944.45292 3274920.78778 3140429.21639 2850486.91834 3330136.72908 3504397.98488 4366142.74335 3090313.40741 3219962.47044 3365600.43205 3182055.41242 3418096.30361 3275646.64746 3132878.62946 3175358.30658 3293699.33918 
3483738.62349 3494990.3669 3482992.80756 3314330.75152 3410881.40609 3140629.87104 3286242.24248 3321680.68293 3292883.01991 3319160.15575 3238381.96381 3468483.4243 3176833.51776 3503163.9915 3167997.21074 3524191.99467 3380439.86761 1792383.37545 3284893.13787 3244482.90168 0 3401377.35466 3288706.37488 3319317.77083 4885186.58638 3380538.42599 3491034.87494 3195293.03889 3351778.05998 2758950.92972 2275573.44813 2719410.87962 3327595.09022 3225842.86199 3532200.15381 3452136.39792 3470294.43936 2944688.11644 3309922.4781 3501349.33698 4200214.7587 3146738.22589 3390038.32951 3154871.46823 3352131.2715 3220199.02883 3464619.82421 3484159.3595 3327844.77694 3271239.06032 
3091752.91202 3481808.9608 3466041.70561 3299684.74475 3559457.91243 3227750.6385 3273060.83638 3309189.35502 3483590.86591 3305978.74966 3336323.56119 3267033.33325 3163652.11166 3463583.7506 3329410.85458 3587253.53255 3352093.99455 1777737.36867 3250302.18216 3231301.49559 3401377.35466 0 3272551.23497 3013462.73012 4888555.08169 3367357.01989 1737201.32234 3182111.6328 3335504.71912 2762693.70228 3390534.02719 3185379.75636 789714.56457 2628354.19121 3187152.52312 3438954.99182 3481335.41147 2998288.28921 3295276.47133 3148562.19666 2050434.09666 3399964.20039 3373764.98865 2557840.23095 3150681.18045 3393857.54359 3240786.38971 3470977.95341 430392.04025 3254965.71946 
3115564.48975 3177899.19929 3354166.68787 1876890.8344 2403589.56568 3402284.43904 3173221.50843 1916868.21999 3362698.535 3202847.63038 3302141.80599 3339657.30461 3415745.44617 3178033.05604 3417931.02474 3199061.05922 3251613.74791 1858430.67018 3326624.26301 3135638.10171 3288706.37488 3272551.23497 0 3203374.26311 5310519.95248 2516141.8009 3347894.74195 3455373.86171 3222951.94028 2906847.32042 3286209.77729 3257896.47116 3211651.5825 3288209.47064 3267845.82463 1664298.3419 3350498.66708 3142441.90735 1754970.46385 2749579.91391 4092398.56364 3309428.97531 3261212.20982 3209352.36646 1251954.30404 3281938.54491 3139488.88875 3351346.91375 3211901.26921 3344624.94336 
3381579.64729 3208510.59525 3400637.84986 3418169.89311 3526258.23008 3234085.09847 3379697.46991 3236348.57116 3209809.60407 3233459.02633 3160758.65358 3198408.15156 2490908.52245 3397815.70536 3061172.35773 3229672.45517 1637135.22928 1896222.51704 3364416.10987 3339532.02181 3319317.77083 3013462.73012 3203374.26311 0 4836134.29971 3473993.65342 3329177.83625 3284876.61871 3467154.88397 2704448.38897 3320222.43946 3288507.86711 2302719.62201 3318820.8666 3305637.67149 3353137.64427 3208165.37778 2940042.9759 3224590.36633 3269667.60523 3642410.61056 3218308.9007 3505415.1535 506247.2213 3257317.81397 3312549.94086 3359271.53807 3200614.79086 3060734.00971 3386615.88431 
4970536.77213 5163915.48272 4921908.96532 5213328.93748 4346891.64392 4865707.53342 4793423.73754 4802376.87403 4885875.51169 5113640.2727 4912444.61654 4897337.19736 4825319.86611 4202780.72783 5229750.29901 5134065.25562 4818506.29958 4220477.20043 3954137.40322 5058596.60737 4885186.58638 4888555.08169 5310519.95248 4836134.29971 0 5246702.53584 4914084.48084 5161191.97896 4821712.35115 2669034.16626 5043221.19593 4776598.70744 4985127.81885 5012683.41691 3510709.90693 4979385.0322 3908014.22961 2904628.75319 5062218.05863 5171475.8311 5036301.3226 3749058.06471 4428104.40915 5108582.89385 4941920.28848 4903365.98045 4045022.06377 5225265.0783 5160695.13852 3768393.28254 
2181343.49468 3467433.89573 3468185.76403 3283712.45022 3376861.07131 3113073.39988 3258546.71486 878844.89213 3603976.42692 3288172.83681 3210825.49264 3253121.96204 3331081.86794 3131653.24583 3315035.78951 3284386.26565 3164614.71149 1761765.07415 3250872.8031 3394245.83229 3380538.42599 3367357.01989 2516141.8009 3473993.65342 5246702.53584 0 3251229.14592 3167736.56773 3288979.3314 2854998.53786 3199210.74086 3171004.69129 3129384.29149 3198286.39083 3171180.2286 3229171.49074 3445304.452 3090593.12479 3279304.17681 1815358.91884 3979082.60173 3414768.73634 3174213.17339 3309119.81841 3318110.93673 3192642.55767 3224814.09518 3255110.08962 3311413.83089 3237218.72555 
3344109.32367 3171040.27163 3173996.27288 3191528.31613 3458143.41577 3186669.44193 3166362.58076 3198878.24754 3355839.60734 3195988.70271 3123288.32996 3160937.82794 3405322.81621 3171174.12838 3217077.59714 3366774.38899 3243937.56594 1849962.85825 3137774.53289 3302061.69819 3491034.87494 1737201.32234 3347894.74195 3329177.83625 4914084.48084 3251229.14592 0 3448514.93405 3415755.26309 2788786.20123 3278588.74655 3452997.95677 1140509.12693 3281350.54298 3505796.13467 3139799.72824 3353809.69834 2971539.8608 3367501.96091 3232197.28161 2366149.20278 3120579.24519 2588401.63245 2873555.33707 3416108.47461 3275079.61725 3132629.96109 3163144.46724 2124554.15857 3335216.26343 
3452307.67291 3463993.32999 3262357.55614 3480998.23835 3372613.45928 3109632.83413 3455832.50299 3287239.5308 3260700.56372 2270932.69092 3207384.9269 3249299.11121 3145836.48085 3259535.41165 3137000.17383 3481672.05378 3161174.14574 1757942.22332 3246625.19107 3418249.09627 3195293.03889 3182111.6328 3455373.86171 3284876.61871 5161191.97896 3167736.56773 3448514.93405 0 3313510.11318 2746618.76626 3195770.17512 3348561.90061 3306941.50081 3369711.82625 3320173.78835 3228161.01151 3259056.33743 2933589.16932 3275481.32598 3320558.56487 4339992.72907 3410049.16741 3351770.38271 3304872.20638 3132865.54963 3189201.99192 3162902.43065 3251669.52388 3307166.21885 3210964.61888 
3420957.92271 3432209.66612 3436264.53751 3460313.97956 3347238.11594 3077849.17026 3425793.08057 2775576.5872 3433991.57122 3256379.45498 3366706.31677 3418351.71867 3114052.81698 3270889.1232 3105216.50996 3461238.28055 3309655.96967 1722627.04125 3353028.53134 3181702.20091 3351778.05998 3335504.71912 3222951.94028 3467154.88397 4821712.35115 3288979.3314 3415755.26309 3313510.11318 0 2688424.00168 3352367.11705 3135780.46168 3094160.06188 3163062.16121 3253256.39188 3389355.69714 3431736.11678 2881213.8812 3246525.38831 3118824.22598 3947380.79508 3172591.16884 3138988.94378 3092090.76745 3274707.08558 3157418.32805 3379520.6256 3219885.86001 3389307.08343 3020189.67458 
2853784.46943 2772211.48474 2799753.57298 2786858.41302 2537554.02429 2737307.53754 2656992.20879 2666940.13822 2759716.40229 2711982.39387 2789237.62989 2772451.60859 2692432.35164 2685160.4789 2808321.2543 2742361.25764 2684861.72216 1818346.45079 2838592.83233 2654282.93183 2758950.92972 2762693.70228 2906847.32042 2704448.38897 2669034.16626 2854998.53786 2788786.20123 2746618.76626 2688424.00168 0 2651517.19795 2638297.73089 2876494.02593 2900614.07475 2685161.6759 2869404.16587 1980481.70811 512924.75521 2654846.60046 2779771.83312 2626050.22709 2726202.27141 3420415.90164 2699270.58966 2823151.39585 2775553.4847 2769960.26969 2804284.55567 2768991.14054 2798993.57446 
3484215.75972 3291916.813 3295201.25883 3493972.65957 3401094.08433 3329487.61307 3286719.37871 3322847.89735 3293360.15614 3319637.29198 3238859.10003 3465096.32679 3353978.41791 3278671.44683 3168474.34696 3494721.34338 3192648.31888 1792913.52681 3261107.11964 3437496.17585 2275573.44813 3390534.02719 3286209.77729 3320222.43946 5043221.19593 3199210.74086 3278588.74655 3195770.17512 3352367.11705 2651517.19795 0 2383030.69359 3157417.89889 3226319.99822 3100472.03168 3257205.09813 3494993.95379 2847997.75784 3498163.83112 3501778.75958 4577267.62258 3471081.8985 2425641.6994 3155348.60446 3352720.32857 2969644.11155 3180124.86231 3283143.69701 3329696.89069 3358155.4073 
3254596.85127 3467261.45355 3467949.21782 3485481.26108 3376648.17973 3112900.9577 3258355.11243 3492831.19248 3469043.35866 3287981.23438 3210653.05046 3252930.35961 3330868.97636 3313245.1756 3314863.34733 3284194.66322 3346206.64126 1761573.47173 3068895.53957 3216753.98834 2719410.87962 3185379.75636 3257896.47116 3288507.86711 4776598.70744 3171004.69129 3452997.95677 3348561.90061 3135780.46168 2638297.73089 2383030.69359 0 3310976.22126 3386277.7316 3007400.69143 3228999.04855 3445091.56042 2836100.23749 3279112.57439 3153876.01341 3978927.40377 3278889.13187 3174040.73121 3127142.55488 3317898.04514 3192470.11549 3426582.90604 3456430.44616 3129436.56736 3055241.46202 
3493320.72893 3425641.05375 3219743.91588 3237275.95914 3165238.67147 2517007.53039 3216892.92934 3425023.01009 3427422.95886 3430784.06795 2625580.45308 3206685.47095 3107484.20461 3216921.77139 3098647.89759 3429062.62136 3028609.85295 1715328.58306 3027275.13977 3367669.72648 3327595.09022 789714.56457 3211651.5825 2302719.62201 4985127.81885 3129384.29149 1140509.12693 3306941.50081 3094160.06188 2876494.02593 3157417.89889 3310976.22126 0 3339097.29932 3124743.73751 3187378.64876 3221706.78867 2829018.4078 3423980.53252 3290042.59694 1488545.54283 3166326.88819 3132420.33141 2052330.13649 3094513.2734 3150849.71569 3369490.4509 3414810.04636 1098095.94433 3185622.62434 
3285143.28184 3494543.15308 3505372.67398 3313833.84728 3222165.50732 3328346.44018 3288668.11192 3530254.64864 3294644.81161 3527365.10381 3417588.40948 3492314.22904 3176386.30395 3293479.65953 3355713.77988 3523578.53265 3191723.96884 1791886.47121 3096177.2391 3460155.57515 3225842.86199 2628354.19121 3288209.47064 3318820.8666 5012683.41691 3198286.39083 3281350.54298 3369711.82625 3163062.16121 2900614.07475 3226319.99822 3386277.7316 3339097.29932 0 3031954.22101 3262105.2594 3639393.02997 2848555.64734 3518496.44381 3369321.4959 4172828.338 3264432.68425 3201322.43075 3342588.03737 3351579.15568 3407915.59797 3464006.36219 3466793.51724 3015707.02744 3082523.16155 
3264060.40636 3274186.97542 3093947.35556 3111479.39881 3131408.25845 3407911.14132 3268412.04843 3308554.84691 3275790.69002 3271418.64946 3164453.60883 3202103.10681 3464358.5104 2976643.49956 2979893.13488 3112153.21424 3163888.64862 1890822.63946 3402223.81373 3169944.45292 3532200.15381 3187152.52312 3267845.82463 3305637.67149 3510709.90693 3171180.2286 3505796.13467 3320173.78835 3253256.39188 2685161.6759 3100472.03168 3007400.69143 3124743.73751 3031954.22101 0 3235618.40334 3090646.13685 2920756.26283 3107071.1254 3292808.82154 4024573.23549 3211889.41191 1019327.2247 2968079.96662 3253648.84912 3523844.80817 3052581.04377 3264439.06877 3242823.16097 286314.86179 
3143592.4671 3334990.60915 3154750.98929 3374759.34211 3448459.04324 3366476.19316 3147117.29718 3223049.9057 3336594.32375 3176743.41913 3104043.04638 3141692.54436 3533669.15086 3031366.76992 3197832.31356 3172956.84797 2679895.85768 1826203.24889 3127062.33901 3274920.78778 3452136.39792 3438954.99182 1664298.3419 3353137.64427 4979385.0322 3229171.49074 3139799.72824 3228161.01151 3389355.69714 2869404.16587 3257205.09813 3228999.04855 3187378.64876 3262105.2594 3235618.40334 0 3151449.77058 3104998.7528 3252838.97156 3389829.79618 3801456.49819 3004690.50692 3232207.53065 3380717.79034 2749822.81176 3250636.91493 3113384.67751 3143899.18366 3383011.80282 3308816.69748 
3174487.79303 3182690.31397 3368760.95939 3203178.35847 3287378.74714 3408856.6128 3351008.26849 3393642.93405 3183989.32279 3207638.74505 3306932.92067 3355702.51446 3421660.40256 3059172.56325 3422722.13941 3203852.1739 3256937.20867 1864345.62657 3161582.31382 3140429.21639 3470294.43936 3481335.41147 3350498.66708 3208165.37778 3908014.22961 3445304.452 3353809.69834 3259056.33743 3431736.11678 1980481.70811 3494993.95379 3445091.56042 3221706.78867 3639393.02997 3090646.13685 3151449.77058 0 2216076.29504 3198770.08506 3223023.58956 3976687.19847 3322534.83577 3469996.38632 3214143.48114 3432089.3283 3471804.9757 3144280.00343 3174794.50958 3399807.02806 3147736.40138 
2810623.66704 2956622.61595 2766858.64091 3022452.99995 2024629.26908 2925209.06348 2892586.79572 2861878.40408 2945377.04175 3224907.14908 2971946.14659 3249396.66716 2928026.93857 2878276.7107 2989121.40856 2977955.84457 2878007.82963 1769102.03072 3016365.82879 2850486.91834 2944688.11644 2998288.28921 3142441.90735 2940042.9759 2904628.75319 3090593.12479 2971539.8608 2933589.16932 2881213.8812 512924.75521 2847997.75784 2836100.23749 2829018.4078 2848555.64734 2920756.26283 3104998.7528 2216076.29504 0 2850994.2201 2963426.9295 2854352.72114 2915214.32396 2907491.14643 2934865.17659 2785810.87743 2959630.41592 2954596.52241 2770528.73689 2953724.30618 3034588.16139 
3372184.35456 3199115.30252 3385960.30789 1127952.69017 1654651.42145 3431387.4613 3376535.99663 3480151.86184 3383914.63823 3413111.45583 3151363.36085 3189012.85883 3254970.74694 3398992.94595 3245152.62803 3408436.67662 3472307.58327 1884623.39021 3491314.32175 3330136.72908 3309922.4781 3295276.47133 1754970.46385 3224590.36633 5062218.05863 3279304.17681 3367501.96091 3275481.32598 3246525.38831 2654846.60046 3498163.83112 3279112.57439 3423980.53252 3518496.44381 3107071.1254 3252838.97156 3198770.08506 2850994.2201 0 3400950.49495 4531406.06054 3320013.36012 3469644.97376 3421141.99421 558906.84423 3510754.56019 3160704.99198 3191219.49813 3233117.37244 3165986.38865 
406649.52871 3246754.52773 3225994.6864 3462221.6785 3177927.57208 3424255.1527 3555306.28699 1138220.57325 1788617.50809 3584932.40894 2914238.59188 3234090.09773 3456838.43474 3292311.55128 3123312.06169 3462895.49392 3470642.33315 1742733.20984 3051939.30387 3504397.98488 3501349.33698 3148562.19666 2749579.91391 3269667.60523 5171475.8311 1815358.91884 3232197.28161 3320558.56487 3118824.22598 2779771.83312 3501778.75958 3153876.01341 3290042.59694 3369321.4959 3292808.82154 3389829.79618 3223023.58956 2963426.9295 3400950.49495 0 3916663.0598 2937079.77529 3298009.37587 3287973.30251 3445164.59665 3175513.87979 3403323.32346 3237981.41174 3112480.33166 3372361.60658 
3890981.32966 4245713.68776 2826848.81977 4068470.4404 4188405.79287 1308129.49093 4499768.41086 4090356.04256 3265104.65087 3982471.5399 1428766.0717 2748547.55058 2875668.97778 3357312.0577 3697449.23679 4554279.0959 2273412.10834 2874521.912 3789224.90058 4366142.74335 4200214.7587 2050434.09666 4092398.56364 3642410.61056 5036301.3226 3979082.60173 2366149.20278 4339992.72907 3947380.79508 2626050.22709 4577267.62258 3978927.40377 1488545.54283 4172828.338 4024573.23549 3801456.49819 3976687.19847 2854352.72114 4531406.06054 3916663.0598 0 3998767.22086 4410101.81273 3186788.11139 4138978.19441 4201574.2414 3475546.10837 4270982.61024 2437786.93288 3879799.28755 
3305643.55704 3315770.1261 3319419.51036 3323285.96448 3410524.25753 3340110.64713 3031253.35944 3160412.4809 3317373.8407 3249927.20362 3084822.56332 3122472.06131 3188429.94941 905953.36285 3372606.33043 3324034.64828 3205471.7993 1802474.25746 211482.66868 3090313.40741 3146738.22589 3399964.20039 3309428.97531 3218308.9007 3749058.06471 3414768.73634 3120579.24519 3410049.16741 3172591.16884 2726202.27141 3471081.8985 3278889.13187 3166326.88819 3264432.68425 3211889.41191 3004690.50692 3322534.83577 2915214.32396 3320013.36012 2937079.77529 3998767.22086 0 3210851.43837 3164027.67216 3363343.36263 3444213.76267 676632.80269 3306022.21945 3357747.9902 3282451.15145 
3257805.33337 3266919.24553 3474524.80705 3591526.9934 2214013.75623 3298626.41866 3427323.26447 3297850.32987 3268362.58867 3294639.72451 3213861.53256 3456611.98821 3490387.43658 3131137.5706 3143476.77949 2807008.88954 3347916.2392 1765138.45184 3388115.41131 3219962.47044 3390038.32951 3373764.98865 3261212.20982 3505415.1535 4428104.40915 3174213.17339 2588401.63245 3351770.38271 3138988.94378 3420415.90164 2425641.6994 3174040.73121 3132420.33141 3201322.43075 1019327.2247 3232207.53065 3469996.38632 2907491.14643 3469644.97376 3298009.37587 4410101.81273 3210851.43837 0 3130351.03698 3365649.01787 3382518.51844 3224241.12271 3459638.92826 3304699.32321 1175077.87784 
3412320.01592 3220021.0692 3394821.6871 3234976.7431 3151194.11356 3240727.43554 3391909.39272 3242326.67451 3425353.66443 3247741.54818 3166963.35624 3380312.30384 2035286.02328 3214622.55536 2605549.85856 3235650.55853 1312791.92234 1713029.36703 3025205.84534 3365600.43205 3154871.46823 2557840.23095 3209352.36646 506247.2213 5108582.89385 3309119.81841 2873555.33707 3304872.20638 3092090.76745 2699270.58966 3155348.60446 3127142.55488 2052330.13649 3342588.03737 2968079.96662 3380717.79034 3214143.48114 2934865.17659 3421141.99421 3287973.30251 3186788.11139 3164027.67216 3130351.03698 0 3092443.97897 3318528.04422 3176078.38807 3412740.75193 2945193.06717 3011551.76779 
3421311.13423 3432562.87763 3436617.74903 694373.92262 1279594.73516 3078202.38178 3223814.75322 2977135.70203 3434344.78274 3466785.69119 3367059.52829 3418704.93019 3291073.79243 3426278.76843 3105569.72148 3538861.26794 3129743.69339 1723019.49849 3217343.42818 3182055.41242 3352131.2715 3150681.18045 1251954.30404 3257317.81397 4941920.28848 3318110.93673 3416108.47461 3132865.54963 3274707.08558 2823151.39585 3352720.32857 3317898.04514 3094513.2734 3351579.15568 3253648.84912 2749822.81176 3432089.3283 2785810.87743 558906.84423 3445164.59665 4138978.19441 3363343.36263 3365649.01787 3092443.97897 0 3157771.53957 3186334.06469 3220239.07153 3222965.89863 3020542.8861 
3460143.92909 3431553.28141 3497630.79036 3515162.83361 3403361.59501 3134538.82407 3458712.75006 3314912.85296 3286791.97294 3312023.30813 3232290.91684 3484572.34542 3357582.39164 3494808.64586 3161906.16377 3308236.73698 3186080.13568 1785615.54548 3277373.32679 3418096.30361 3220199.02883 3393857.54359 3281938.54491 3312549.94086 4903365.98045 3192642.55767 3275079.61725 3189201.99192 3157418.32805 2775553.4847 2969644.11155 3192470.11549 3150849.71569 3407915.59797 3523844.80817 3250636.91493 3471804.9757 2959630.41592 3510754.56019 3175513.87979 4201574.2414 3444213.76267 3382518.51844 3318528.04422 3157771.53957 0 3456264.47857 3478068.31253 3151074.43373 3263719.24924 
3136422.69995 3144625.22089 3147581.22214 3353114.7241 3245084.19928 3163101.34919 3139947.53003 3362188.7135 3145924.22972 3116626.59751 3268867.8276 3315348.6893 3396778.1808 254800.62241 3311626.14491 3165787.08082 3217522.5152 1817351.6845 540331.55652 3275646.64746 3464619.82421 3240786.38971 3139488.88875 3359271.53807 4045022.06377 3224814.09518 3132629.96109 3162902.43065 3379520.6256 2769960.26969 3180124.86231 3426582.90604 3369490.4509 3464006.36219 3052581.04377 3113384.67751 3144280.00343 2954596.52241 3160704.99198 3403323.32346 3475546.10837 676632.80269 3224241.12271 3176078.38807 3186334.06469 3456264.47857 0 3318072.93535 3178627.29081 3105441.85351 
3348280.72495 3358335.34815 3178095.72829 3195627.77154 3480482.00483 3197006.35603 3351805.55502 3202977.70295 3176438.73587 3381431.67697 3127387.78537 3165037.28336 3434702.80146 3356617.10264 3224373.69572 3196301.58697 3248547.66764 1855023.91432 3153000.9379 3132878.62946 3484159.3595 3470977.95341 3351346.91375 3200614.79086 5225265.0783 3255110.08962 3163144.46724 3251669.52388 3219885.86001 2804284.55567 3283143.69701 3456430.44616 3414810.04636 3466793.51724 3264439.06877 3143899.18366 3174794.50958 2770528.73689 3191219.49813 3237981.41174 4270982.61024 3306022.21945 3459638.92826 3412740.75193 3220239.07153 3478068.31253 3318072.93535 0 3415034.7644 3340839.65906 
3169930.45704 3425865.7718 3219993.6026 3428697.06114 3153488.12603 3243559.5497 3217117.64738 3244875.57726 3427647.6769 3250035.56065 3341280.20805 3206935.15766 3107708.92266 3408342.87339 3273467.66558 3429370.87656 3295100.86131 1715578.26978 3212307.59299 3175358.30658 3327844.77694 430392.04025 3211901.26921 3060734.00971 5160695.13852 3311413.83089 2124554.15857 3307166.21885 3389307.08343 2768991.14054 3329696.89069 3129436.56736 1098095.94433 3015707.02744 3242823.16097 3383011.80282 3399807.02806 2953724.30618 3233117.37244 3112480.33166 2437786.93288 3357747.9902 3304699.32321 2945193.06717 3222965.89863 3151074.43373 3178627.29081 3415034.7644 0 3316821.98374 
3340418.92305 3351670.66645 3151404.42217 3170884.47022 3389091.6340699997 3150227.76571 3345254.08091 3389857.19034 3353452.57156 3348594.74873 3286167.31711 3337812.71901 3210181.58125 3024218.22833 3024677.5103 3171633.15403 3229116.97001 1633139.26385 3144540.43812 3293699.33918 3271239.06032 3254965.71946 3344624.94336 3386615.88431 3768393.28254 3237218.72555 3335216.26343 3210964.61888 3020189.67458 2798993.57446 3358155.4073 3055241.46202 3185622.62434 3082523.16155 286314.86179 3308816.69748 3147736.40138 3034588.16139 3165986.38865 3372361.60658 3879799.28755 3282451.15145 1175077.87784 3011551.76779 3020542.8861 3263719.24924 3105441.85351 3340839.65906 3316821.98374 0 
