26
12 11 24 18 9 14 7 17 50 28 34 49 32 40 44 31 3 46 39 48 36 15 35 6 22 20
0 6188652.14171 3818036.81922 7213635.18387 5849660.63437 6956149.39898 3607866.07957 6349936.97293 6620879.24754 4634666.98586 6035689.2267 6475445.73593 6684483.71488 2677734.10939 6502028.08961 3800974.31019 7036688.56138 7154433.51675 5251847.81395 7069451.19657 6839236.9955 5299816.56472 2202672.80454 5663794.57078 9674132.03084 6950780.95153 
6188652.14171 0 3398048.15359 6421961.35021 6938243.77571 6350823.52814 3603711.24353 6589293.99493 6617139.8951 6709640.94537 6782409.4028 6816806.46976 6680744.36244 6456622.81939 6846342.41829 3796357.82571 6632675.01457 6728048.42842 5425532.74697 7065711.84414 6834620.51101 6512326.14915 4673607.35292 4782722.17141 9988914.09045 6563089.85059 
3818036.81922 3398048.15359 0 6706317.1304 6466331.03086 7433719.31556 3892520.34157 6660461.13135 6882908.97433 5355312.35764 5711592.04661 6721316.18365 6953580.6047 3398379.48116 6750852.13218 3690257.50781 6539923.44323 6675998.81127 5536502.07595 6929656.58985 7155519.50883 6020461.9365 1794848.90521 6384439.94256 7830182.64544 7249466.4232 
7213635.18387 6421961.35021 6706317.1304 0 6906607.10595 2675976.14217 3948195.17081 3783516.4458 6946762.59068 7049541.53542 6158169.48411 4885057.67042 6647039.47267 6990612.06847 7224429.62335 3761205.97042 6603777.05958 6689613.13205 2144705.59516 6627661.02064 6781709.37932 5551487.6395 7412152.81219 7235468.90203 3963280.82248 7425244.62623 
5849660.63437 6938243.77571 6466331.03086 6906607.10595 0 7067977.01387 3708510.93297 7052259.0608 4632631.79091 2223861.96088 5952200.79345 6921606.1592 7190615.06841 4180794.83736 3750251.1471 3912801.92509 6726994.73506 5900928.23541 5541976.84635 6753532.46957 6951064.61039 6978690.08325 4954941.99145 7166855.29876 9935248.16 6657409.57108 
6956149.39898 6350823.52814 7433719.31556 2675976.14217 7067977.01387 0 4373339.09499 2368271.79417 6972424.98383 7432171.06718 4884449.29764 3469813.01879 6990053.91614 6936343.95079 6597112.90718 4186349.8946 6986406.59134 7072242.66381 4606211.17781 6428772.65207 7164338.91108 5480349.81743 6672032.01975 6792336.799799999 6242928.8824 6835027.15529 
3607866.07957 3603711.24353 3892520.34157 3948195.17081 3708510.93297 4373339.09499 0 3717726.52861 3748666.41769 3851445.36244 3947403.80162 3587073.62702 3819338.04807 3792515.89549 3616609.57555 207765.77822 3765927.66154 3871898.12138 2017960.13517 3795414.03322 3583613.20634 3632206.69997 3708147.72709 3625551.39128 7515147.911049999 3688610.81268 
6349936.97293 6589293.99493 6660461.13135 3783516.4458 7052259.0608 2368271.79417 3717726.52861 0 6005055.95947 7086829.49991 3058894.0921 1223934.69402 6783358.11902 5930279.63486 6600902.49375 3923041.4758 6735288.77114 7253307.92089 5142376.33329 7168325.60072 6571205.76145 6587890.12105 5045097.11666 4424065.00563 7350469.18603 4466755.36112 
6620879.24754 6617139.8951 6882908.97433 6946762.59068 4632631.79091 6972424.98383 3748666.41769 6005055.95947 0 4356593.87758 7276439.43913 6506091.58814 6466664.17798 6313526.75405 5882983.0638 3560788.97632 6783648.53984 6858508.08517 5189963.89758 6813134.91151 6995681.81564 7006006.4759 7286887.99847 6636796.02808 9819039.07184 6706331.69097 
4634666.98586 6709640.94537 5355312.35764 7049541.53542 2223861.96088 7432171.06718 3851445.36244 7086829.49991 4356593.87758 0 5676162.88011 6882017.42421 6914577.15508 2174369.86275 3474213.23377 3653290.02659 6506652.71014 5624890.32208 5495427.09682 6896385.85675 6691552.71189 6837092.10314 3739948.34295 4942993.33788 9893353.38542 6789582.63621 
6035689.2267 6782409.4028 5711592.04661 6158169.48411 5952200.79345 4884449.29764 3947403.80162 3058894.0921 7276439.43913 5676162.88011 0 4160435.31672 6733074.1812 5616031.88863 7202552.066339999 3739652.62185 5103598.15228 5443387.3482 5368827.54311 6974112.19249 6777915.30716 7193693.66503 4730849.37044 3597651.19655 9368426.95032 7525649.45322 
6475445.73593 6816806.46976 6721316.18365 4885057.67042 6921606.1592 3469813.01879 3587073.62702 1223934.69402 6506091.58814 6882017.42421 4160435.31672 0 6665770.50758 7031820.859479999 6483314.88232 3777871.58514 6617701.15971 6713074.57356 5044530.38598 7050737.98928 6816134.27045 6915465.7769 6146638.34128 5525606.23025 8452010.41065 3739126.81833 
6684483.71488 6680744.36244 6953580.6047 6647039.47267 7190615.06841 6990053.91614 3819338.04807 6783358.11902 6466664.17798 6914577.15508 6733074.1812 6665770.50758 0 6502182.25499 6692352.86126 3624393.44366 6826739.13865 6681801.62316 5463319.78245 3592827.89388 6662656.12897 6706390.27324 7186286.91807 7111950.21584 9437612.39449 7126015.05594 
2677734.10939 6456622.81939 3398379.48116 6990612.06847 4180794.83736 6936343.95079 3792515.89549 5930279.63486 6313526.75405 2174369.86275 5616031.88863 7031820.859479999 6502182.25499 0 5431146.11025 3600253.50633 6819166.61685 6897585.98516 5071199.09048 6482803.80296 7044403.45763 4880159.22666 1783015.46647 2986060.4614 9400989.47585 6741849.76798 
6502028.08961 6846342.41829 6750852.13218 7224429.62335 3750251.1471 6597112.90718 3616609.57555 6600902.49375 5882983.0638 3474213.23377 7202552.066339999 6483314.88232 6692352.86126 5431146.11025 0 3810689.30573 7044557.70776 7151279.5083 5260591.30993 7077320.34296 6480200.5037 6874837.87473 6492745.41904 6517944.87015 10253070.6774 6574698.3494 
3800974.31019 3796357.82571 3690257.50781 3761205.97042 3912801.92509 4186349.8946 207765.77822 3923041.4758 3560788.97632 3653290.02659 3739652.62185 3777871.58514 3624393.44366 3600253.50633 3810689.30573 0 3576324.09578 3671697.50964 2034412.14975 3602861.83029 3774026.67327 3828019.44397 3912398.363 3820624.65654 7328158.71065 3890690.68031 
7036688.56138 6632675.01457 6539923.44323 6603777.05958 6726994.73506 6986406.59134 3765927.66154 6735288.77114 6783648.53984 6506652.71014 5103598.15228 6617701.15971 6826739.13865 6819166.61685 7044557.70776 3576324.09578 0 6883466.21982 5409909.39593 6461267.33347 7014860.97547 7024155.96072 7126942.04415 7052605.34192 10437413.99344 7080560.07343 
7154433.51675 6728048.42842 6675998.81127 6689613.13205 5900928.23541 7072242.66381 3871898.12138 7253307.92089 6858508.08517 5624890.32208 5443387.3482 6713074.57356 6681801.62316 6897585.98516 7151279.5083 3671697.50964 6883466.21982 0 5300872.4309 6912952.59149 6709960.19494 6749745.25825 7244686.99952 6747704.5614 9587604.55908 7188409.78916 
5251847.81395 5425532.74697 5536502.07595 2144705.59516 5541976.84635 4606211.17781 2017960.13517 5142376.33329 5189963.89758 5495427.09682 5368827.54311 5044530.38598 5463319.78245 5071199.09048 5260591.30993 2034412.14975 5409909.39593 5300872.4309 0 5439395.7676 5227594.94072 5085150.15163 5352129.46148 5449799.5778 5497187.77588 5519865.60157 
7069451.19657 7065711.84414 6929656.58985 6627661.02064 6753532.46957 6428772.65207 3795414.03322 7168325.60072 6813134.91151 6896385.85675 6974112.19249 7050737.98928 3592827.89388 6482803.80296 7077320.34296 3602861.83029 6461267.33347 6912952.59149 5439395.7676 0 6641124.5156 6684858.65987 7159704.67935 7085367.97712 9842925.18913 6735622.3613 
6839236.9955 6834620.51101 7155519.50883 6781709.37932 6951064.61039 7164338.91108 3583613.20634 6571205.76145 6995681.81564 6691552.71189 6777915.30716 6816134.27045 6662656.12897 7044403.45763 6480200.5037 3774026.67327 7014860.97547 6709960.19494 5227594.94072 6641124.5156 0 6866282.12928 6562584.84009 6858887.34185 9991966.84553 6928953.36562 
5299816.56472 6512326.14915 6020461.9365 5551487.6395 6978690.08325 5480349.81743 3632206.69997 6587890.12105 7006006.4759 6837092.10314 7193693.66503 6915465.7769 6706390.27324 4880159.22666 6874837.87473 3828019.44397 7024155.96072 6749745.25825 5085150.15163 6684858.65987 6866282.12928 0 4405097.92181 6904026.49573 9118440.37973 6588735.76138 
2202672.80454 4673607.35292 1794848.90521 7412152.81219 4954941.99145 6672032.01975 3708147.72709 5045097.11666 7286887.99847 3739948.34295 4730849.37044 6146638.34128 7186286.91807 1783015.46647 6492745.41904 3912398.363 7126942.04415 7244686.99952 5352129.46148 7159704.67935 6562584.84009 4405097.92181 0 4769075.92787 8662528.39558 7041034.4343 
5663794.57078 4782722.17141 6384439.94256 7235468.90203 7166855.29876 6792336.799799999 3625551.39128 4424065.00563 6636796.02808 4942993.33788 3597651.19655 5525606.23025 7111950.21584 2986060.4614 6517944.87015 3820624.65654 7052605.34192 6747704.5614 5449799.5778 7085367.97712 6858887.34185 6904026.49573 4769075.92787 0 10008840.7957 6966697.73207 
9674132.03084 9988914.09045 7830182.64544 3963280.82248 9935248.16 6242928.8824 7515147.911049999 7350469.18603 9819039.07184 9893353.38542 9368426.95032 8452010.41065 9437612.39449 9400989.47585 10253070.6774 7328158.71065 10437413.99344 9587604.55908 5497187.77588 9842925.18913 9991966.84553 9118440.37973 8662528.39558 10008840.7957 0 10635502.09244 
6950780.95153 6563089.85059 7249466.4232 7425244.62623 6657409.57108 6835027.15529 3688610.81268 4466755.36112 6706331.69097 6789582.63621 7525649.45322 3739126.81833 7126015.05594 6741849.76798 6574698.3494 3890690.68031 7080560.07343 7188409.78916 5519865.60157 6735622.3613 6928953.36562 6588735.76138 7041034.4343 6966697.73207 10635502.09244 0 
