48
1 2 3 5 6 7 8 11 12 15 21 22 23 25 29 32 34 35 36 37 38 39 41 42 43 51 52 53 54 56 57 58 59 61 62 84 85 86 87 90 91 92 93 96 97 98 99 10
0 17.3 17.3 37.3 243.0 240.0 243.0 319.0 319.0 339.0 221.0 221.0 221.0 241.0 329.0 244.0 244.0 247.0 244.0 243.0 246.0 247.0 240.0 243.0 244.0 223.0 373.0 515.0 502.0 268.0 259.0 249.0 241.0 235.0 229.0 114.0 114.0 114.0 114.0 397.0 397.0 397.0 397.0 240.0 240.0 240.0 240.0 111.0 
17.3 0 17.3 37.3 243.0 240.0 243.0 319.0 319.0 339.0 221.0 221.0 221.0 241.0 329.0 244.0 244.0 247.0 244.0 243.0 246.0 247.0 240.0 243.0 244.0 223.0 373.0 515.0 502.0 268.0 259.0 249.0 241.0 235.0 229.0 114.0 114.0 114.0 114.0 397.0 397.0 397.0 397.0 240.0 240.0 240.0 240.0 111.0 
17.3 17.3 0 20.0 243.0 240.0 243.0 319.0 319.0 339.0 221.0 221.0 221.0 241.0 329.0 244.0 244.0 247.0 244.0 243.0 246.0 247.0 240.0 243.0 244.0 223.0 373.0 515.0 502.0 268.0 259.0 249.0 241.0 235.0 229.0 114.0 114.0 114.0 114.0 397.0 397.0 397.0 397.0 240.0 240.0 240.0 240.0 111.0 
37.3 37.3 20.0 0 263.0 260.0 263.0 339.0 339.0 359.0 241.0 241.0 241.0 261.0 349.0 264.0 264.0 267.0 264.0 263.0 266.0 267.0 260.0 263.0 264.0 243.0 393.0 535.0 522.0 288.0 279.0 269.0 261.0 255.0 249.0 134.0 134.0 134.0 134.0 417.0 417.0 417.0 417.0 260.0 260.0 260.0 260.0 131.0 
243.0 243.0 243.0 263.0 0 3.0 4.0 143.0 143.0 163.0 243.0 243.0 243.0 263.0 153.0 3.0 7.0 4.0 3.0 6.0 7.0 4.0 7.0 10.0 7.0 445.0 595.0 737.0 724.0 490.0 481.0 471.0 463.0 457.0 451.0 336.0 336.0 336.0 336.0 619.0 619.0 619.0 619.0 462.0 462.0 462.0 462.0 333.0 
240.0 240.0 240.0 260.0 3.0 0 3.0 140.0 140.0 160.0 240.0 240.0 240.0 260.0 150.0 4.0 4.0 7.0 6.0 3.0 6.0 7.0 4.0 7.0 8.0 442.0 592.0 734.0 721.0 487.0 478.0 468.0 460.0 454.0 448.0 333.0 333.0 333.0 333.0 616.0 616.0 616.0 616.0 459.0 459.0 459.0 459.0 330.0 
243.0 243.0 243.0 263.0 4.0 3.0 0 143.0 143.0 163.0 243.0 243.0 243.0 263.0 153.0 7.0 3.0 4.0 7.0 6.0 3.0 4.0 7.0 6.0 7.0 445.0 595.0 737.0 724.0 490.0 481.0 471.0 463.0 457.0 451.0 336.0 336.0 336.0 336.0 619.0 619.0 619.0 619.0 462.0 462.0 462.0 462.0 333.0 
319.0 319.0 319.0 339.0 143.0 140.0 143.0 0 17.3 37.3 221.0 221.0 221.0 241.0 27.3 144.0 144.0 147.0 144.0 143.0 146.0 147.0 140.0 143.0 144.0 423.0 573.0 715.0 702.0 468.0 459.0 449.0 441.0 435.0 429.0 314.0 314.0 314.0 314.0 597.0 597.0 597.0 597.0 440.0 440.0 440.0 440.0 311.0 
319.0 319.0 319.0 339.0 143.0 140.0 143.0 17.3 0 37.3 221.0 221.0 221.0 241.0 27.3 144.0 144.0 147.0 144.0 143.0 146.0 147.0 140.0 143.0 144.0 423.0 573.0 715.0 702.0 468.0 459.0 449.0 441.0 435.0 429.0 314.0 314.0 314.0 314.0 597.0 597.0 597.0 597.0 440.0 440.0 440.0 440.0 311.0 
339.0 339.0 339.0 359.0 163.0 160.0 163.0 37.3 37.3 0 241.0 241.0 241.0 261.0 10.0 164.0 164.0 167.0 164.0 163.0 166.0 167.0 160.0 163.0 164.0 443.0 593.0 735.0 722.0 488.0 479.0 469.0 461.0 455.0 449.0 334.0 334.0 334.0 334.0 617.0 617.0 617.0 617.0 460.0 460.0 460.0 460.0 331.0 
221.0 221.0 221.0 241.0 243.0 240.0 243.0 221.0 221.0 241.0 0 17.3 17.3 37.3 231.0 244.0 244.0 247.0 244.0 243.0 246.0 247.0 240.0 243.0 244.0 222.0 372.0 514.0 501.0 267.0 258.0 248.0 240.0 234.0 228.0 113.0 113.0 113.0 113.0 396.0 396.0 396.0 396.0 239.0 239.0 239.0 239.0 110.0 
221.0 221.0 221.0 241.0 243.0 240.0 243.0 221.0 221.0 241.0 17.3 0 17.3 37.3 231.0 244.0 244.0 247.0 244.0 243.0 246.0 247.0 240.0 243.0 244.0 222.0 372.0 514.0 501.0 267.0 258.0 248.0 240.0 234.0 228.0 113.0 113.0 113.0 113.0 396.0 396.0 396.0 396.0 239.0 239.0 239.0 239.0 110.0 
221.0 221.0 221.0 241.0 243.0 240.0 243.0 221.0 221.0 241.0 17.3 17.3 0 20.0 231.0 244.0 244.0 247.0 244.0 243.0 246.0 247.0 240.0 243.0 244.0 222.0 372.0 514.0 501.0 267.0 258.0 248.0 240.0 234.0 228.0 113.0 113.0 113.0 113.0 396.0 396.0 396.0 396.0 239.0 239.0 239.0 239.0 110.0 
241.0 241.0 241.0 261.0 263.0 260.0 263.0 241.0 241.0 261.0 37.3 37.3 20.0 0 251.0 264.0 264.0 267.0 264.0 263.0 266.0 267.0 260.0 263.0 264.0 242.0 392.0 534.0 521.0 287.0 278.0 268.0 260.0 254.0 248.0 133.0 133.0 133.0 133.0 416.0 416.0 416.0 416.0 259.0 259.0 259.0 259.0 130.0 
329.0 329.0 329.0 349.0 153.0 150.0 153.0 27.3 27.3 10.0 231.0 231.0 231.0 251.0 0 154.0 154.0 157.0 154.0 153.0 156.0 157.0 150.0 153.0 154.0 433.0 583.0 725.0 712.0 478.0 469.0 459.0 451.0 445.0 439.0 324.0 324.0 324.0 324.0 607.0 607.0 607.0 607.0 450.0 450.0 450.0 450.0 321.0 
244.0 244.0 244.0 264.0 3.0 4.0 7.0 144.0 144.0 164.0 244.0 244.0 244.0 264.0 154.0 0 4.0 3.0 4.0 7.0 10.0 7.0 4.0 7.0 4.0 446.0 596.0 738.0 725.0 491.0 482.0 472.0 464.0 458.0 452.0 337.0 337.0 337.0 337.0 620.0 620.0 620.0 620.0 463.0 463.0 463.0 463.0 334.0 
244.0 244.0 244.0 264.0 7.0 4.0 3.0 144.0 144.0 164.0 244.0 244.0 244.0 264.0 154.0 4.0 0 3.0 8.0 7.0 6.0 7.0 4.0 3.0 6.0 446.0 596.0 738.0 725.0 491.0 482.0 472.0 464.0 458.0 452.0 337.0 337.0 337.0 337.0 620.0 620.0 620.0 620.0 463.0 463.0 463.0 463.0 334.0 
247.0 247.0 247.0 267.0 4.0 7.0 4.0 147.0 147.0 167.0 247.0 247.0 247.0 267.0 157.0 3.0 3.0 0 7.0 10.0 7.0 4.0 7.0 6.0 3.0 449.0 599.0 741.0 728.0 494.0 485.0 475.0 467.0 461.0 455.0 340.0 340.0 340.0 340.0 623.0 623.0 623.0 623.0 466.0 466.0 466.0 466.0 337.0 
244.0 244.0 244.0 264.0 3.0 6.0 7.0 144.0 144.0 164.0 244.0 244.0 244.0 264.0 154.0 4.0 8.0 7.0 0 3.0 6.0 3.0 4.0 7.0 4.0 446.0 596.0 738.0 725.0 491.0 482.0 472.0 464.0 458.0 452.0 337.0 337.0 337.0 337.0 620.0 620.0 620.0 620.0 463.0 463.0 463.0 463.0 334.0 
243.0 243.0 243.0 263.0 6.0 3.0 6.0 143.0 143.0 163.0 243.0 243.0 243.0 263.0 153.0 7.0 7.0 10.0 3.0 0 3.0 6.0 3.0 6.0 7.0 445.0 595.0 737.0 724.0 490.0 481.0 471.0 463.0 457.0 451.0 336.0 336.0 336.0 336.0 619.0 619.0 619.0 619.0 462.0 462.0 462.0 462.0 333.0 
246.0 246.0 246.0 266.0 7.0 6.0 3.0 146.0 146.0 166.0 246.0 246.0 246.0 266.0 156.0 10.0 6.0 7.0 6.0 3.0 0 3.0 6.0 3.0 6.0 448.0 598.0 740.0 727.0 493.0 484.0 474.0 466.0 460.0 454.0 339.0 339.0 339.0 339.0 622.0 622.0 622.0 622.0 465.0 465.0 465.0 465.0 336.0 
247.0 247.0 247.0 267.0 4.0 7.0 4.0 147.0 147.0 167.0 247.0 247.0 247.0 267.0 157.0 7.0 7.0 4.0 3.0 6.0 3.0 0 7.0 6.0 3.0 449.0 599.0 741.0 728.0 494.0 485.0 475.0 467.0 461.0 455.0 340.0 340.0 340.0 340.0 623.0 623.0 623.0 623.0 466.0 466.0 466.0 466.0 337.0 
240.0 240.0 240.0 260.0 7.0 4.0 7.0 140.0 140.0 160.0 240.0 240.0 240.0 260.0 150.0 4.0 4.0 7.0 4.0 3.0 6.0 7.0 0 3.0 4.0 442.0 592.0 734.0 721.0 487.0 478.0 468.0 460.0 454.0 448.0 333.0 333.0 333.0 333.0 616.0 616.0 616.0 616.0 459.0 459.0 459.0 459.0 330.0 
243.0 243.0 243.0 263.0 10.0 7.0 6.0 143.0 143.0 163.0 243.0 243.0 243.0 263.0 153.0 7.0 3.0 6.0 7.0 6.0 3.0 6.0 3.0 0 3.0 445.0 595.0 737.0 724.0 490.0 481.0 471.0 463.0 457.0 451.0 336.0 336.0 336.0 336.0 619.0 619.0 619.0 619.0 462.0 462.0 462.0 462.0 333.0 
244.0 244.0 244.0 264.0 7.0 8.0 7.0 144.0 144.0 164.0 244.0 244.0 244.0 264.0 154.0 4.0 6.0 3.0 4.0 7.0 6.0 3.0 4.0 3.0 0 446.0 596.0 738.0 725.0 491.0 482.0 472.0 464.0 458.0 452.0 337.0 337.0 337.0 337.0 620.0 620.0 620.0 620.0 463.0 463.0 463.0 463.0 334.0 
223.0 223.0 223.0 243.0 445.0 442.0 445.0 423.0 423.0 443.0 222.0 222.0 222.0 242.0 433.0 446.0 446.0 449.0 446.0 445.0 448.0 449.0 442.0 445.0 446.0 0 150.0 292.0 408.0 267.0 258.0 248.0 240.0 234.0 228.0 113.0 113.0 113.0 113.0 396.0 396.0 396.0 396.0 239.0 239.0 239.0 239.0 112.0 
373.0 373.0 373.0 393.0 595.0 592.0 595.0 573.0 573.0 593.0 372.0 372.0 372.0 392.0 583.0 596.0 596.0 599.0 596.0 595.0 598.0 599.0 592.0 595.0 596.0 150.0 0 142.0 258.0 417.0 408.0 398.0 390.0 384.0 378.0 263.0 263.0 263.0 263.0 367.0 367.0 367.0 367.0 389.0 389.0 389.0 389.0 262.0 
515.0 515.0 515.0 535.0 737.0 734.0 737.0 715.0 715.0 735.0 514.0 514.0 514.0 534.0 725.0 738.0 738.0 741.0 738.0 737.0 740.0 741.0 734.0 737.0 738.0 292.0 142.0 0 116.0 350.0 359.0 369.0 377.0 383.0 389.0 405.0 405.0 405.0 405.0 225.0 225.0 225.0 225.0 382.0 382.0 382.0 382.0 404.0 
502.0 502.0 502.0 522.0 724.0 721.0 724.0 702.0 702.0 722.0 501.0 501.0 501.0 521.0 712.0 725.0 725.0 728.0 725.0 724.0 727.0 728.0 721.0 724.0 725.0 408.0 258.0 116.0 0 234.0 243.0 253.0 261.0 267.0 273.0 392.0 392.0 392.0 392.0 109.0 109.0 109.0 109.0 266.0 266.0 266.0 266.0 391.0 
268.0 268.0 268.0 288.0 490.0 487.0 490.0 468.0 468.0 488.0 267.0 267.0 267.0 287.0 478.0 491.0 491.0 494.0 491.0 490.0 493.0 494.0 487.0 490.0 491.0 267.0 417.0 350.0 234.0 0 9.0 19.0 27.0 33.0 39.0 158.0 158.0 158.0 158.0 129.0 129.0 129.0 129.0 32.0 32.0 32.0 32.0 157.0 
259.0 259.0 259.0 279.0 481.0 478.0 481.0 459.0 459.0 479.0 258.0 258.0 258.0 278.0 469.0 482.0 482.0 485.0 482.0 481.0 484.0 485.0 478.0 481.0 482.0 258.0 408.0 359.0 243.0 9.0 0 10.0 18.0 24.0 30.0 149.0 149.0 149.0 149.0 138.0 138.0 138.0 138.0 23.0 23.0 23.0 23.0 148.0 
249.0 249.0 249.0 269.0 471.0 468.0 471.0 449.0 449.0 469.0 248.0 248.0 248.0 268.0 459.0 472.0 472.0 475.0 472.0 471.0 474.0 475.0 468.0 471.0 472.0 248.0 398.0 369.0 253.0 19.0 10.0 0 8.0 14.0 20.0 139.0 139.0 139.0 139.0 148.0 148.0 148.0 148.0 13.0 13.0 13.0 13.0 138.0 
241.0 241.0 241.0 261.0 463.0 460.0 463.0 441.0 441.0 461.0 240.0 240.0 240.0 260.0 451.0 464.0 464.0 467.0 464.0 463.0 466.0 467.0 460.0 463.0 464.0 240.0 390.0 377.0 261.0 27.0 18.0 8.0 0 6.0 12.0 131.0 131.0 131.0 131.0 156.0 156.0 156.0 156.0 5.0 5.0 5.0 5.0 130.0 
235.0 235.0 235.0 255.0 457.0 454.0 457.0 435.0 435.0 455.0 234.0 234.0 234.0 254.0 445.0 458.0 458.0 461.0 458.0 457.0 460.0 461.0 454.0 457.0 458.0 234.0 384.0 383.0 267.0 33.0 24.0 14.0 6.0 0 6.0 125.0 125.0 125.0 125.0 162.0 162.0 162.0 162.0 5.0 5.0 5.0 5.0 124.0 
229.0 229.0 229.0 249.0 451.0 448.0 451.0 429.0 429.0 449.0 228.0 228.0 228.0 248.0 439.0 452.0 452.0 455.0 452.0 451.0 454.0 455.0 448.0 451.0 452.0 228.0 378.0 389.0 273.0 39.0 30.0 20.0 12.0 6.0 0 119.0 119.0 119.0 119.0 168.0 168.0 168.0 168.0 11.0 11.0 11.0 11.0 118.0 
114.0 114.0 114.0 134.0 336.0 333.0 336.0 314.0 314.0 334.0 113.0 113.0 113.0 133.0 324.0 337.0 337.0 340.0 337.0 336.0 339.0 340.0 333.0 336.0 337.0 113.0 263.0 405.0 392.0 158.0 149.0 139.0 131.0 125.0 119.0 0 2.0 4.0 4.0 287.0 287.0 287.0 287.0 130.0 130.0 130.0 130.0 3.0 
114.0 114.0 114.0 134.0 336.0 333.0 336.0 314.0 314.0 334.0 113.0 113.0 113.0 133.0 324.0 337.0 337.0 340.0 337.0 336.0 339.0 340.0 333.0 336.0 337.0 113.0 263.0 405.0 392.0 158.0 149.0 139.0 131.0 125.0 119.0 2.0 0 4.0 4.0 287.0 287.0 287.0 287.0 130.0 130.0 130.0 130.0 3.0 
114.0 114.0 114.0 134.0 336.0 333.0 336.0 314.0 314.0 334.0 113.0 113.0 113.0 133.0 324.0 337.0 337.0 340.0 337.0 336.0 339.0 340.0 333.0 336.0 337.0 113.0 263.0 405.0 392.0 158.0 149.0 139.0 131.0 125.0 119.0 4.0 4.0 0 2.0 287.0 287.0 287.0 287.0 130.0 130.0 130.0 130.0 3.0 
114.0 114.0 114.0 134.0 336.0 333.0 336.0 314.0 314.0 334.0 113.0 113.0 113.0 133.0 324.0 337.0 337.0 340.0 337.0 336.0 339.0 340.0 333.0 336.0 337.0 113.0 263.0 405.0 392.0 158.0 149.0 139.0 131.0 125.0 119.0 4.0 4.0 2.0 0 287.0 287.0 287.0 287.0 130.0 130.0 130.0 130.0 3.0 
397.0 397.0 397.0 417.0 619.0 616.0 619.0 597.0 597.0 617.0 396.0 396.0 396.0 416.0 607.0 620.0 620.0 623.0 620.0 619.0 622.0 623.0 616.0 619.0 620.0 396.0 367.0 225.0 109.0 129.0 138.0 148.0 156.0 162.0 168.0 287.0 287.0 287.0 287.0 0 2.0 4.0 4.0 161.0 161.0 161.0 161.0 286.0 
397.0 397.0 397.0 417.0 619.0 616.0 619.0 597.0 597.0 617.0 396.0 396.0 396.0 416.0 607.0 620.0 620.0 623.0 620.0 619.0 622.0 623.0 616.0 619.0 620.0 396.0 367.0 225.0 109.0 129.0 138.0 148.0 156.0 162.0 168.0 287.0 287.0 287.0 287.0 2.0 0 4.0 4.0 161.0 161.0 161.0 161.0 286.0 
397.0 397.0 397.0 417.0 619.0 616.0 619.0 597.0 597.0 617.0 396.0 396.0 396.0 416.0 607.0 620.0 620.0 623.0 620.0 619.0 622.0 623.0 616.0 619.0 620.0 396.0 367.0 225.0 109.0 129.0 138.0 148.0 156.0 162.0 168.0 287.0 287.0 287.0 287.0 4.0 4.0 0 2.0 161.0 161.0 161.0 161.0 286.0 
397.0 397.0 397.0 417.0 619.0 616.0 619.0 597.0 597.0 617.0 396.0 396.0 396.0 416.0 607.0 620.0 620.0 623.0 620.0 619.0 622.0 623.0 616.0 619.0 620.0 396.0 367.0 225.0 109.0 129.0 138.0 148.0 156.0 162.0 168.0 287.0 287.0 287.0 287.0 4.0 4.0 2.0 0 161.0 161.0 161.0 161.0 286.0 
240.0 240.0 240.0 260.0 462.0 459.0 462.0 440.0 440.0 460.0 239.0 239.0 239.0 259.0 450.0 463.0 463.0 466.0 463.0 462.0 465.0 466.0 459.0 462.0 463.0 239.0 389.0 382.0 266.0 32.0 23.0 13.0 5.0 5.0 11.0 130.0 130.0 130.0 130.0 161.0 161.0 161.0 161.0 0 2.0 4.0 4.0 129.0 
240.0 240.0 240.0 260.0 462.0 459.0 462.0 440.0 440.0 460.0 239.0 239.0 239.0 259.0 450.0 463.0 463.0 466.0 463.0 462.0 465.0 466.0 459.0 462.0 463.0 239.0 389.0 382.0 266.0 32.0 23.0 13.0 5.0 5.0 11.0 130.0 130.0 130.0 130.0 161.0 161.0 161.0 161.0 2.0 0 4.0 4.0 129.0 
240.0 240.0 240.0 260.0 462.0 459.0 462.0 440.0 440.0 460.0 239.0 239.0 239.0 259.0 450.0 463.0 463.0 466.0 463.0 462.0 465.0 466.0 459.0 462.0 463.0 239.0 389.0 382.0 266.0 32.0 23.0 13.0 5.0 5.0 11.0 130.0 130.0 130.0 130.0 161.0 161.0 161.0 161.0 4.0 4.0 0 2.0 129.0 
240.0 240.0 240.0 260.0 462.0 459.0 462.0 440.0 440.0 460.0 239.0 239.0 239.0 259.0 450.0 463.0 463.0 466.0 463.0 462.0 465.0 466.0 459.0 462.0 463.0 239.0 389.0 382.0 266.0 32.0 23.0 13.0 5.0 5.0 11.0 130.0 130.0 130.0 130.0 161.0 161.0 161.0 161.0 4.0 4.0 2.0 0 129.0 
111.0 111.0 111.0 131.0 333.0 330.0 333.0 311.0 311.0 331.0 110.0 110.0 110.0 130.0 321.0 334.0 334.0 337.0 334.0 333.0 336.0 337.0 330.0 333.0 334.0 112.0 262.0 404.0 391.0 157.0 148.0 138.0 130.0 124.0 118.0 3.0 3.0 3.0 3.0 286.0 286.0 286.0 286.0 129.0 129.0 129.0 129.0 0 
