88
1 2 3 5 6 7 8 11 12 15 21 22 23 25 29 32 34 35 36 37 38 39 41 42 43 51 52 53 54 56 57 58 59 61 62 63 64 66 67 68 69 71 72 73 74 76 77 78 79 81 82 83 84 86 87 88 89 91 92 93 94 96 97 98 99 101 102 103 104 106 107 108 109 111 112 184 185 186 187 190 191 192 193 196 197 198 199 10
0 17.3 17.3 37.3 243.0 240.0 243.0 319.0 319.0 339.0 221.0 221.0 221.0 241.0 329.0 244.0 244.0 247.0 244.0 243.0 246.0 247.0 240.0 243.0 244.0 248.0 385.0 506.0 651.0 866.0 998.0 1145.0 1276.0 1523.0 1626.0 1727.0 1850.0 2100.0 2220.0 2326.0 2467.0 2713.0 2861.0 3008.0 3126.0 3337.0 3467.0 3598.0 3699.0 3606.0 3475.0 3341.0 3241.0 3029.0 2910.0 2778.0 2644.0 2413.0 2280.0 2170.0 2037.0 1785.0 1655.0 1555.0 1431.0 1151.0 1050.0 938.0 822.0 531.0 523.0 522.0 512.0 505.0 496.0 114.0 114.0 114.0 114.0 762.0 762.0 762.0 762.0 1406.0 1406.0 1406.0 1406.0 111.0 
17.3 0 17.3 37.3 243.0 240.0 243.0 319.0 319.0 339.0 221.0 221.0 221.0 241.0 329.0 244.0 244.0 247.0 244.0 243.0 246.0 247.0 240.0 243.0 244.0 248.0 385.0 506.0 651.0 866.0 998.0 1145.0 1276.0 1523.0 1626.0 1727.0 1850.0 2100.0 2220.0 2326.0 2467.0 2713.0 2861.0 3008.0 3126.0 3337.0 3467.0 3598.0 3699.0 3606.0 3475.0 3341.0 3241.0 3029.0 2910.0 2778.0 2644.0 2413.0 2280.0 2170.0 2037.0 1785.0 1655.0 1555.0 1431.0 1151.0 1050.0 938.0 822.0 531.0 523.0 522.0 512.0 505.0 496.0 114.0 114.0 114.0 114.0 762.0 762.0 762.0 762.0 1406.0 1406.0 1406.0 1406.0 111.0 
17.3 17.3 0 20.0 243.0 240.0 243.0 319.0 319.0 339.0 221.0 221.0 221.0 241.0 329.0 244.0 244.0 247.0 244.0 243.0 246.0 247.0 240.0 243.0 244.0 248.0 385.0 506.0 651.0 866.0 998.0 1145.0 1276.0 1523.0 1626.0 1727.0 1850.0 2100.0 2220.0 2326.0 2467.0 2713.0 2861.0 3008.0 3126.0 3337.0 3467.0 3598.0 3699.0 3606.0 3475.0 3341.0 3241.0 3029.0 2910.0 2778.0 2644.0 2413.0 2280.0 2170.0 2037.0 1785.0 1655.0 1555.0 1431.0 1151.0 1050.0 938.0 822.0 531.0 523.0 522.0 512.0 505.0 496.0 114.0 114.0 114.0 114.0 762.0 762.0 762.0 762.0 1406.0 1406.0 1406.0 1406.0 111.0 
37.3 37.3 20.0 0 263.0 260.0 263.0 339.0 339.0 359.0 241.0 241.0 241.0 261.0 349.0 264.0 264.0 267.0 264.0 263.0 266.0 267.0 260.0 263.0 264.0 268.0 405.0 526.0 671.0 886.0 1018.0 1165.0 1296.0 1543.0 1646.0 1747.0 1870.0 2120.0 2240.0 2346.0 2487.0 2733.0 2881.0 3028.0 3146.0 3357.0 3487.0 3618.0 3719.0 3626.0 3495.0 3361.0 3261.0 3049.0 2930.0 2798.0 2664.0 2433.0 2300.0 2190.0 2057.0 1805.0 1675.0 1575.0 1451.0 1171.0 1070.0 958.0 842.0 551.0 543.0 542.0 532.0 525.0 516.0 134.0 134.0 134.0 134.0 782.0 782.0 782.0 782.0 1426.0 1426.0 1426.0 1426.0 131.0 
243.0 243.0 243.0 263.0 0 3.0 4.0 143.0 143.0 163.0 243.0 243.0 243.0 263.0 153.0 3.0 7.0 4.0 3.0 6.0 7.0 4.0 7.0 10.0 7.0 470.0 607.0 728.0 873.0 1088.0 1220.0 1367.0 1498.0 1745.0 1848.0 1949.0 2072.0 2322.0 2442.0 2548.0 2689.0 2935.0 3083.0 3230.0 3348.0 3559.0 3689.0 3820.0 3921.0 3828.0 3697.0 3563.0 3463.0 3251.0 3132.0 3000.0 2866.0 2635.0 2502.0 2392.0 2259.0 2007.0 1877.0 1777.0 1653.0 1373.0 1272.0 1160.0 1044.0 753.0 745.0 744.0 734.0 727.0 718.0 336.0 336.0 336.0 336.0 984.0 984.0 984.0 984.0 1628.0 1628.0 1628.0 1628.0 333.0 
240.0 240.0 240.0 260.0 3.0 0 3.0 140.0 140.0 160.0 240.0 240.0 240.0 260.0 150.0 4.0 4.0 7.0 6.0 3.0 6.0 7.0 4.0 7.0 8.0 467.0 604.0 725.0 870.0 1085.0 1217.0 1364.0 1495.0 1742.0 1845.0 1946.0 2069.0 2319.0 2439.0 2545.0 2686.0 2932.0 3080.0 3227.0 3345.0 3556.0 3686.0 3817.0 3918.0 3825.0 3694.0 3560.0 3460.0 3248.0 3129.0 2997.0 2863.0 2632.0 2499.0 2389.0 2256.0 2004.0 1874.0 1774.0 1650.0 1370.0 1269.0 1157.0 1041.0 750.0 742.0 741.0 731.0 724.0 715.0 333.0 333.0 333.0 333.0 981.0 981.0 981.0 981.0 1625.0 1625.0 1625.0 1625.0 330.0 
243.0 243.0 243.0 263.0 4.0 3.0 0 143.0 143.0 163.0 243.0 243.0 243.0 263.0 153.0 7.0 3.0 4.0 7.0 6.0 3.0 4.0 7.0 6.0 7.0 470.0 607.0 728.0 873.0 1088.0 1220.0 1367.0 1498.0 1745.0 1848.0 1949.0 2072.0 2322.0 2442.0 2548.0 2689.0 2935.0 3083.0 3230.0 3348.0 3559.0 3689.0 3820.0 3921.0 3828.0 3697.0 3563.0 3463.0 3251.0 3132.0 3000.0 2866.0 2635.0 2502.0 2392.0 2259.0 2007.0 1877.0 1777.0 1653.0 1373.0 1272.0 1160.0 1044.0 753.0 745.0 744.0 734.0 727.0 718.0 336.0 336.0 336.0 336.0 984.0 984.0 984.0 984.0 1628.0 1628.0 1628.0 1628.0 333.0 
319.0 319.0 319.0 339.0 143.0 140.0 143.0 0 17.3 37.3 221.0 221.0 221.0 241.0 27.3 144.0 144.0 147.0 144.0 143.0 146.0 147.0 140.0 143.0 144.0 448.0 585.0 706.0 851.0 1066.0 1198.0 1345.0 1476.0 1723.0 1826.0 1927.0 2050.0 2300.0 2420.0 2526.0 2667.0 2913.0 3061.0 3208.0 3326.0 3537.0 3667.0 3798.0 3899.0 3806.0 3675.0 3541.0 3441.0 3229.0 3110.0 2978.0 2844.0 2613.0 2480.0 2370.0 2237.0 1985.0 1855.0 1755.0 1631.0 1351.0 1250.0 1138.0 1022.0 731.0 723.0 722.0 712.0 705.0 696.0 314.0 314.0 314.0 314.0 962.0 962.0 962.0 962.0 1606.0 1606.0 1606.0 1606.0 311.0 
319.0 319.0 319.0 339.0 143.0 140.0 143.0 17.3 0 37.3 221.0 221.0 221.0 241.0 27.3 144.0 144.0 147.0 144.0 143.0 146.0 147.0 140.0 143.0 144.0 448.0 585.0 706.0 851.0 1066.0 1198.0 1345.0 1476.0 1723.0 1826.0 1927.0 2050.0 2300.0 2420.0 2526.0 2667.0 2913.0 3061.0 3208.0 3326.0 3537.0 3667.0 3798.0 3899.0 3806.0 3675.0 3541.0 3441.0 3229.0 3110.0 2978.0 2844.0 2613.0 2480.0 2370.0 2237.0 1985.0 1855.0 1755.0 1631.0 1351.0 1250.0 1138.0 1022.0 731.0 723.0 722.0 712.0 705.0 696.0 314.0 314.0 314.0 314.0 962.0 962.0 962.0 962.0 1606.0 1606.0 1606.0 1606.0 311.0 
339.0 339.0 339.0 359.0 163.0 160.0 163.0 37.3 37.3 0 241.0 241.0 241.0 261.0 10.0 164.0 164.0 167.0 164.0 163.0 166.0 167.0 160.0 163.0 164.0 468.0 605.0 726.0 871.0 1086.0 1218.0 1365.0 1496.0 1743.0 1846.0 1947.0 2070.0 2320.0 2440.0 2546.0 2687.0 2933.0 3081.0 3228.0 3346.0 3557.0 3687.0 3818.0 3919.0 3826.0 3695.0 3561.0 3461.0 3249.0 3130.0 2998.0 2864.0 2633.0 2500.0 2390.0 2257.0 2005.0 1875.0 1775.0 1651.0 1371.0 1270.0 1158.0 1042.0 751.0 743.0 742.0 732.0 725.0 716.0 334.0 334.0 334.0 334.0 982.0 982.0 982.0 982.0 1626.0 1626.0 1626.0 1626.0 331.0 
221.0 221.0 221.0 241.0 243.0 240.0 243.0 221.0 221.0 241.0 0 17.3 17.3 37.3 231.0 244.0 244.0 247.0 244.0 243.0 246.0 247.0 240.0 243.0 244.0 247.0 384.0 505.0 650.0 865.0 997.0 1144.0 1275.0 1522.0 1625.0 1726.0 1849.0 2099.0 2219.0 2325.0 2466.0 2712.0 2860.0 3007.0 3125.0 3336.0 3466.0 3597.0 3698.0 3605.0 3474.0 3340.0 3240.0 3028.0 2909.0 2777.0 2643.0 2412.0 2279.0 2169.0 2036.0 1784.0 1654.0 1554.0 1430.0 1150.0 1049.0 937.0 821.0 530.0 522.0 521.0 511.0 504.0 495.0 113.0 113.0 113.0 113.0 761.0 761.0 761.0 761.0 1405.0 1405.0 1405.0 1405.0 110.0 
221.0 221.0 221.0 241.0 243.0 240.0 243.0 221.0 221.0 241.0 17.3 0 17.3 37.3 231.0 244.0 244.0 247.0 244.0 243.0 246.0 247.0 240.0 243.0 244.0 247.0 384.0 505.0 650.0 865.0 997.0 1144.0 1275.0 1522.0 1625.0 1726.0 1849.0 2099.0 2219.0 2325.0 2466.0 2712.0 2860.0 3007.0 3125.0 3336.0 3466.0 3597.0 3698.0 3605.0 3474.0 3340.0 3240.0 3028.0 2909.0 2777.0 2643.0 2412.0 2279.0 2169.0 2036.0 1784.0 1654.0 1554.0 1430.0 1150.0 1049.0 937.0 821.0 530.0 522.0 521.0 511.0 504.0 495.0 113.0 113.0 113.0 113.0 761.0 761.0 761.0 761.0 1405.0 1405.0 1405.0 1405.0 110.0 
221.0 221.0 221.0 241.0 243.0 240.0 243.0 221.0 221.0 241.0 17.3 17.3 0 20.0 231.0 244.0 244.0 247.0 244.0 243.0 246.0 247.0 240.0 243.0 244.0 247.0 384.0 505.0 650.0 865.0 997.0 1144.0 1275.0 1522.0 1625.0 1726.0 1849.0 2099.0 2219.0 2325.0 2466.0 2712.0 2860.0 3007.0 3125.0 3336.0 3466.0 3597.0 3698.0 3605.0 3474.0 3340.0 3240.0 3028.0 2909.0 2777.0 2643.0 2412.0 2279.0 2169.0 2036.0 1784.0 1654.0 1554.0 1430.0 1150.0 1049.0 937.0 821.0 530.0 522.0 521.0 511.0 504.0 495.0 113.0 113.0 113.0 113.0 761.0 761.0 761.0 761.0 1405.0 1405.0 1405.0 1405.0 110.0 
241.0 241.0 241.0 261.0 263.0 260.0 263.0 241.0 241.0 261.0 37.3 37.3 20.0 0 251.0 264.0 264.0 267.0 264.0 263.0 266.0 267.0 260.0 263.0 264.0 267.0 404.0 525.0 670.0 885.0 1017.0 1164.0 1295.0 1542.0 1645.0 1746.0 1869.0 2119.0 2239.0 2345.0 2486.0 2732.0 2880.0 3027.0 3145.0 3356.0 3486.0 3617.0 3718.0 3625.0 3494.0 3360.0 3260.0 3048.0 2929.0 2797.0 2663.0 2432.0 2299.0 2189.0 2056.0 1804.0 1674.0 1574.0 1450.0 1170.0 1069.0 957.0 841.0 550.0 542.0 541.0 531.0 524.0 515.0 133.0 133.0 133.0 133.0 781.0 781.0 781.0 781.0 1425.0 1425.0 1425.0 1425.0 130.0 
329.0 329.0 329.0 349.0 153.0 150.0 153.0 27.3 27.3 10.0 231.0 231.0 231.0 251.0 0 154.0 154.0 157.0 154.0 153.0 156.0 157.0 150.0 153.0 154.0 458.0 595.0 716.0 861.0 1076.0 1208.0 1355.0 1486.0 1733.0 1836.0 1937.0 2060.0 2310.0 2430.0 2536.0 2677.0 2923.0 3071.0 3218.0 3336.0 3547.0 3677.0 3808.0 3909.0 3816.0 3685.0 3551.0 3451.0 3239.0 3120.0 2988.0 2854.0 2623.0 2490.0 2380.0 2247.0 1995.0 1865.0 1765.0 1641.0 1361.0 1260.0 1148.0 1032.0 741.0 733.0 732.0 722.0 715.0 706.0 324.0 324.0 324.0 324.0 972.0 972.0 972.0 972.0 1616.0 1616.0 1616.0 1616.0 321.0 
244.0 244.0 244.0 264.0 3.0 4.0 7.0 144.0 144.0 164.0 244.0 244.0 244.0 264.0 154.0 0 4.0 3.0 4.0 7.0 10.0 7.0 4.0 7.0 4.0 471.0 608.0 729.0 874.0 1089.0 1221.0 1368.0 1499.0 1746.0 1849.0 1950.0 2073.0 2323.0 2443.0 2549.0 2690.0 2936.0 3084.0 3231.0 3349.0 3560.0 3690.0 3821.0 3922.0 3829.0 3698.0 3564.0 3464.0 3252.0 3133.0 3001.0 2867.0 2636.0 2503.0 2393.0 2260.0 2008.0 1878.0 1778.0 1654.0 1374.0 1273.0 1161.0 1045.0 754.0 746.0 745.0 735.0 728.0 719.0 337.0 337.0 337.0 337.0 985.0 985.0 985.0 985.0 1629.0 1629.0 1629.0 1629.0 334.0 
244.0 244.0 244.0 264.0 7.0 4.0 3.0 144.0 144.0 164.0 244.0 244.0 244.0 264.0 154.0 4.0 0 3.0 8.0 7.0 6.0 7.0 4.0 3.0 6.0 471.0 608.0 729.0 874.0 1089.0 1221.0 1368.0 1499.0 1746.0 1849.0 1950.0 2073.0 2323.0 2443.0 2549.0 2690.0 2936.0 3084.0 3231.0 3349.0 3560.0 3690.0 3821.0 3922.0 3829.0 3698.0 3564.0 3464.0 3252.0 3133.0 3001.0 2867.0 2636.0 2503.0 2393.0 2260.0 2008.0 1878.0 1778.0 1654.0 1374.0 1273.0 1161.0 1045.0 754.0 746.0 745.0 735.0 728.0 719.0 337.0 337.0 337.0 337.0 985.0 985.0 985.0 985.0 1629.0 1629.0 1629.0 1629.0 334.0 
247.0 247.0 247.0 267.0 4.0 7.0 4.0 147.0 147.0 167.0 247.0 247.0 247.0 267.0 157.0 3.0 3.0 0 7.0 10.0 7.0 4.0 7.0 6.0 3.0 474.0 611.0 732.0 877.0 1092.0 1224.0 1371.0 1502.0 1749.0 1852.0 1953.0 2076.0 2326.0 2446.0 2552.0 2693.0 2939.0 3087.0 3234.0 3352.0 3563.0 3693.0 3824.0 3925.0 3832.0 3701.0 3567.0 3467.0 3255.0 3136.0 3004.0 2870.0 2639.0 2506.0 2396.0 2263.0 2011.0 1881.0 1781.0 1657.0 1377.0 1276.0 1164.0 1048.0 757.0 749.0 748.0 738.0 731.0 722.0 340.0 340.0 340.0 340.0 988.0 988.0 988.0 988.0 1632.0 1632.0 1632.0 1632.0 337.0 
244.0 244.0 244.0 264.0 3.0 6.0 7.0 144.0 144.0 164.0 244.0 244.0 244.0 264.0 154.0 4.0 8.0 7.0 0 3.0 6.0 3.0 4.0 7.0 4.0 471.0 608.0 729.0 874.0 1089.0 1221.0 1368.0 1499.0 1746.0 1849.0 1950.0 2073.0 2323.0 2443.0 2549.0 2690.0 2936.0 3084.0 3231.0 3349.0 3560.0 3690.0 3821.0 3922.0 3829.0 3698.0 3564.0 3464.0 3252.0 3133.0 3001.0 2867.0 2636.0 2503.0 2393.0 2260.0 2008.0 1878.0 1778.0 1654.0 1374.0 1273.0 1161.0 1045.0 754.0 746.0 745.0 735.0 728.0 719.0 337.0 337.0 337.0 337.0 985.0 985.0 985.0 985.0 1629.0 1629.0 1629.0 1629.0 334.0 
243.0 243.0 243.0 263.0 6.0 3.0 6.0 143.0 143.0 163.0 243.0 243.0 243.0 263.0 153.0 7.0 7.0 10.0 3.0 0 3.0 6.0 3.0 6.0 7.0 470.0 607.0 728.0 873.0 1088.0 1220.0 1367.0 1498.0 1745.0 1848.0 1949.0 2072.0 2322.0 2442.0 2548.0 2689.0 2935.0 3083.0 3230.0 3348.0 3559.0 3689.0 3820.0 3921.0 3828.0 3697.0 3563.0 3463.0 3251.0 3132.0 3000.0 2866.0 2635.0 2502.0 2392.0 2259.0 2007.0 1877.0 1777.0 1653.0 1373.0 1272.0 1160.0 1044.0 753.0 745.0 744.0 734.0 727.0 718.0 336.0 336.0 336.0 336.0 984.0 984.0 984.0 984.0 1628.0 1628.0 1628.0 1628.0 333.0 
246.0 246.0 246.0 266.0 7.0 6.0 3.0 146.0 146.0 166.0 246.0 246.0 246.0 266.0 156.0 10.0 6.0 7.0 6.0 3.0 0 3.0 6.0 3.0 6.0 473.0 610.0 731.0 876.0 1091.0 1223.0 1370.0 1501.0 1748.0 1851.0 1952.0 2075.0 2325.0 2445.0 2551.0 2692.0 2938.0 3086.0 3233.0 3351.0 3562.0 3692.0 3823.0 3924.0 3831.0 3700.0 3566.0 3466.0 3254.0 3135.0 3003.0 2869.0 2638.0 2505.0 2395.0 2262.0 2010.0 1880.0 1780.0 1656.0 1376.0 1275.0 1163.0 1047.0 756.0 748.0 747.0 737.0 730.0 721.0 339.0 339.0 339.0 339.0 987.0 987.0 987.0 987.0 1631.0 1631.0 1631.0 1631.0 336.0 
247.0 247.0 247.0 267.0 4.0 7.0 4.0 147.0 147.0 167.0 247.0 247.0 247.0 267.0 157.0 7.0 7.0 4.0 3.0 6.0 3.0 0 7.0 6.0 3.0 474.0 611.0 732.0 877.0 1092.0 1224.0 1371.0 1502.0 1749.0 1852.0 1953.0 2076.0 2326.0 2446.0 2552.0 2693.0 2939.0 3087.0 3234.0 3352.0 3563.0 3693.0 3824.0 3925.0 3832.0 3701.0 3567.0 3467.0 3255.0 3136.0 3004.0 2870.0 2639.0 2506.0 2396.0 2263.0 2011.0 1881.0 1781.0 1657.0 1377.0 1276.0 1164.0 1048.0 757.0 749.0 748.0 738.0 731.0 722.0 340.0 340.0 340.0 340.0 988.0 988.0 988.0 988.0 1632.0 1632.0 1632.0 1632.0 337.0 
240.0 240.0 240.0 260.0 7.0 4.0 7.0 140.0 140.0 160.0 240.0 240.0 240.0 260.0 150.0 4.0 4.0 7.0 4.0 3.0 6.0 7.0 0 3.0 4.0 467.0 604.0 725.0 870.0 1085.0 1217.0 1364.0 1495.0 1742.0 1845.0 1946.0 2069.0 2319.0 2439.0 2545.0 2686.0 2932.0 3080.0 3227.0 3345.0 3556.0 3686.0 3817.0 3918.0 3825.0 3694.0 3560.0 3460.0 3248.0 3129.0 2997.0 2863.0 2632.0 2499.0 2389.0 2256.0 2004.0 1874.0 1774.0 1650.0 1370.0 1269.0 1157.0 1041.0 750.0 742.0 741.0 731.0 724.0 715.0 333.0 333.0 333.0 333.0 981.0 981.0 981.0 981.0 1625.0 1625.0 1625.0 1625.0 330.0 
243.0 243.0 243.0 263.0 10.0 7.0 6.0 143.0 143.0 163.0 243.0 243.0 243.0 263.0 153.0 7.0 3.0 6.0 7.0 6.0 3.0 6.0 3.0 0 3.0 470.0 607.0 728.0 873.0 1088.0 1220.0 1367.0 1498.0 1745.0 1848.0 1949.0 2072.0 2322.0 2442.0 2548.0 2689.0 2935.0 3083.0 3230.0 3348.0 3559.0 3689.0 3820.0 3921.0 3828.0 3697.0 3563.0 3463.0 3251.0 3132.0 3000.0 2866.0 2635.0 2502.0 2392.0 2259.0 2007.0 1877.0 1777.0 1653.0 1373.0 1272.0 1160.0 1044.0 753.0 745.0 744.0 734.0 727.0 718.0 336.0 336.0 336.0 336.0 984.0 984.0 984.0 984.0 1628.0 1628.0 1628.0 1628.0 333.0 
244.0 244.0 244.0 264.0 7.0 8.0 7.0 144.0 144.0 164.0 244.0 244.0 244.0 264.0 154.0 4.0 6.0 3.0 4.0 7.0 6.0 3.0 4.0 3.0 0 471.0 608.0 729.0 874.0 1089.0 1221.0 1368.0 1499.0 1746.0 1849.0 1950.0 2073.0 2323.0 2443.0 2549.0 2690.0 2936.0 3084.0 3231.0 3349.0 3560.0 3690.0 3821.0 3922.0 3829.0 3698.0 3564.0 3464.0 3252.0 3133.0 3001.0 2867.0 2636.0 2503.0 2393.0 2260.0 2008.0 1878.0 1778.0 1654.0 1374.0 1273.0 1161.0 1045.0 754.0 746.0 745.0 735.0 728.0 719.0 337.0 337.0 337.0 337.0 985.0 985.0 985.0 985.0 1629.0 1629.0 1629.0 1629.0 334.0 
248.0 248.0 248.0 268.0 470.0 467.0 470.0 448.0 448.0 468.0 247.0 247.0 247.0 267.0 458.0 471.0 471.0 474.0 471.0 470.0 473.0 474.0 467.0 470.0 471.0 0 137.0 258.0 403.0 618.0 750.0 897.0 1028.0 1275.0 1378.0 1479.0 1602.0 1852.0 1972.0 2078.0 2219.0 2465.0 2613.0 2760.0 2878.0 3089.0 3219.0 3350.0 3451.0 3630.0 3499.0 3365.0 3265.0 3053.0 2934.0 2802.0 2668.0 2437.0 2304.0 2194.0 2061.0 1809.0 1679.0 1579.0 1455.0 1175.0 1074.0 962.0 846.0 555.0 547.0 546.0 536.0 529.0 520.0 138.0 138.0 138.0 138.0 514.0 514.0 514.0 514.0 1158.0 1158.0 1158.0 1158.0 137.0 
385.0 385.0 385.0 405.0 607.0 604.0 607.0 585.0 585.0 605.0 384.0 384.0 384.0 404.0 595.0 608.0 608.0 611.0 608.0 607.0 610.0 611.0 604.0 607.0 608.0 137.0 0 121.0 266.0 481.0 613.0 760.0 891.0 1138.0 1241.0 1342.0 1465.0 1715.0 1835.0 1941.0 2082.0 2328.0 2476.0 2623.0 2741.0 2952.0 3082.0 3213.0 3314.0 3563.0 3636.0 3502.0 3402.0 3190.0 3071.0 2939.0 2805.0 2574.0 2441.0 2331.0 2198.0 1946.0 1816.0 1716.0 1592.0 1312.0 1211.0 1099.0 983.0 692.0 684.0 683.0 673.0 666.0 657.0 275.0 275.0 275.0 275.0 377.0 377.0 377.0 377.0 1021.0 1021.0 1021.0 1021.0 274.0 
506.0 506.0 506.0 526.0 728.0 725.0 728.0 706.0 706.0 726.0 505.0 505.0 505.0 525.0 716.0 729.0 729.0 732.0 729.0 728.0 731.0 732.0 725.0 728.0 729.0 258.0 121.0 0 145.0 360.0 492.0 639.0 770.0 1017.0 1120.0 1221.0 1344.0 1594.0 1714.0 1820.0 1961.0 2207.0 2355.0 2502.0 2620.0 2831.0 2961.0 3092.0 3193.0 3442.0 3573.0 3623.0 3523.0 3311.0 3192.0 3060.0 2926.0 2695.0 2562.0 2452.0 2319.0 2067.0 1937.0 1837.0 1713.0 1433.0 1332.0 1220.0 1104.0 813.0 805.0 804.0 794.0 787.0 778.0 396.0 396.0 396.0 396.0 256.0 256.0 256.0 256.0 900.0 900.0 900.0 900.0 395.0 
651.0 651.0 651.0 671.0 873.0 870.0 873.0 851.0 851.0 871.0 650.0 650.0 650.0 670.0 861.0 874.0 874.0 877.0 874.0 873.0 876.0 877.0 870.0 873.0 874.0 403.0 266.0 145.0 0 215.0 347.0 494.0 625.0 872.0 975.0 1076.0 1199.0 1449.0 1569.0 1675.0 1816.0 2062.0 2210.0 2357.0 2475.0 2686.0 2816.0 2947.0 3048.0 3297.0 3428.0 3562.0 3662.0 3456.0 3337.0 3205.0 3071.0 2840.0 2707.0 2597.0 2464.0 2212.0 2082.0 1982.0 1858.0 1578.0 1477.0 1365.0 1249.0 958.0 950.0 949.0 939.0 932.0 923.0 541.0 541.0 541.0 541.0 111.0 111.0 111.0 111.0 755.0 755.0 755.0 755.0 540.0 
866.0 866.0 866.0 886.0 1088.0 1085.0 1088.0 1066.0 1066.0 1086.0 865.0 865.0 865.0 885.0 1076.0 1089.0 1089.0 1092.0 1089.0 1088.0 1091.0 1092.0 1085.0 1088.0 1089.0 618.0 481.0 360.0 215.0 0 132.0 279.0 410.0 657.0 760.0 861.0 984.0 1234.0 1354.0 1460.0 1601.0 1847.0 1995.0 2142.0 2260.0 2471.0 2601.0 2732.0 2833.0 3082.0 3213.0 3347.0 3447.0 3659.0 3552.0 3420.0 3286.0 3055.0 2922.0 2812.0 2679.0 2427.0 2297.0 2197.0 2073.0 1793.0 1692.0 1580.0 1464.0 1173.0 1165.0 1164.0 1154.0 1147.0 1138.0 756.0 756.0 756.0 756.0 108.0 108.0 108.0 108.0 540.0 540.0 540.0 540.0 755.0 
998.0 998.0 998.0 1018.0 1220.0 1217.0 1220.0 1198.0 1198.0 1218.0 997.0 997.0 997.0 1017.0 1208.0 1221.0 1221.0 1224.0 1221.0 1220.0 1223.0 1224.0 1217.0 1220.0 1221.0 750.0 613.0 492.0 347.0 132.0 0 147.0 278.0 525.0 628.0 729.0 852.0 1102.0 1222.0 1328.0 1469.0 1715.0 1863.0 2010.0 2128.0 2339.0 2469.0 2600.0 2701.0 2950.0 3081.0 3215.0 3315.0 3527.0 3646.0 3552.0 3418.0 3187.0 3054.0 2944.0 2811.0 2559.0 2429.0 2329.0 2205.0 1925.0 1824.0 1712.0 1596.0 1305.0 1297.0 1296.0 1286.0 1279.0 1270.0 888.0 888.0 888.0 888.0 240.0 240.0 240.0 240.0 408.0 408.0 408.0 408.0 887.0 
1145.0 1145.0 1145.0 1165.0 1367.0 1364.0 1367.0 1345.0 1345.0 1365.0 1144.0 1144.0 1144.0 1164.0 1355.0 1368.0 1368.0 1371.0 1368.0 1367.0 1370.0 1371.0 1364.0 1367.0 1368.0 897.0 760.0 639.0 494.0 279.0 147.0 0 131.0 378.0 481.0 582.0 705.0 955.0 1075.0 1181.0 1322.0 1568.0 1716.0 1863.0 1981.0 2192.0 2322.0 2453.0 2554.0 2803.0 2934.0 3068.0 3168.0 3380.0 3499.0 3631.0 3565.0 3334.0 3201.0 3091.0 2958.0 2706.0 2576.0 2476.0 2352.0 2072.0 1971.0 1859.0 1743.0 1452.0 1444.0 1443.0 1433.0 1426.0 1417.0 1035.0 1035.0 1035.0 1035.0 387.0 387.0 387.0 387.0 261.0 261.0 261.0 261.0 1034.0 
1276.0 1276.0 1276.0 1296.0 1498.0 1495.0 1498.0 1476.0 1476.0 1496.0 1275.0 1275.0 1275.0 1295.0 1486.0 1499.0 1499.0 1502.0 1499.0 1498.0 1501.0 1502.0 1495.0 1498.0 1499.0 1028.0 891.0 770.0 625.0 410.0 278.0 131.0 0 247.0 350.0 451.0 574.0 824.0 944.0 1050.0 1191.0 1437.0 1585.0 1732.0 1850.0 2061.0 2191.0 2322.0 2423.0 2672.0 2803.0 2937.0 3037.0 3249.0 3368.0 3500.0 3634.0 3465.0 3332.0 3222.0 3089.0 2837.0 2707.0 2607.0 2483.0 2203.0 2102.0 1990.0 1874.0 1583.0 1575.0 1574.0 1564.0 1557.0 1548.0 1166.0 1166.0 1166.0 1166.0 518.0 518.0 518.0 518.0 130.0 130.0 130.0 130.0 1165.0 
1523.0 1523.0 1523.0 1543.0 1745.0 1742.0 1745.0 1723.0 1723.0 1743.0 1522.0 1522.0 1522.0 1542.0 1733.0 1746.0 1746.0 1749.0 1746.0 1745.0 1748.0 1749.0 1742.0 1745.0 1746.0 1275.0 1138.0 1017.0 872.0 657.0 525.0 378.0 247.0 0 103.0 204.0 327.0 577.0 697.0 803.0 944.0 1190.0 1338.0 1485.0 1603.0 1814.0 1944.0 2075.0 2176.0 2425.0 2556.0 2690.0 2790.0 3002.0 3121.0 3253.0 3387.0 3618.0 3579.0 3469.0 3336.0 3084.0 2954.0 2854.0 2730.0 2450.0 2349.0 2237.0 2121.0 1830.0 1822.0 1821.0 1811.0 1804.0 1795.0 1413.0 1413.0 1413.0 1413.0 765.0 765.0 765.0 765.0 121.0 121.0 121.0 121.0 1412.0 
1626.0 1626.0 1626.0 1646.0 1848.0 1845.0 1848.0 1826.0 1826.0 1846.0 1625.0 1625.0 1625.0 1645.0 1836.0 1849.0 1849.0 1852.0 1849.0 1848.0 1851.0 1852.0 1845.0 1848.0 1849.0 1378.0 1241.0 1120.0 975.0 760.0 628.0 481.0 350.0 103.0 0 101.0 224.0 474.0 594.0 700.0 841.0 1087.0 1235.0 1382.0 1500.0 1711.0 1841.0 1972.0 2073.0 2322.0 2453.0 2587.0 2687.0 2899.0 3018.0 3150.0 3284.0 3515.0 3648.0 3572.0 3439.0 3187.0 3057.0 2957.0 2833.0 2553.0 2452.0 2340.0 2224.0 1933.0 1925.0 1924.0 1914.0 1907.0 1898.0 1516.0 1516.0 1516.0 1516.0 868.0 868.0 868.0 868.0 224.0 224.0 224.0 224.0 1515.0 
1727.0 1727.0 1727.0 1747.0 1949.0 1946.0 1949.0 1927.0 1927.0 1947.0 1726.0 1726.0 1726.0 1746.0 1937.0 1950.0 1950.0 1953.0 1950.0 1949.0 1952.0 1953.0 1946.0 1949.0 1950.0 1479.0 1342.0 1221.0 1076.0 861.0 729.0 582.0 451.0 204.0 101.0 0 123.0 373.0 493.0 599.0 740.0 986.0 1134.0 1281.0 1399.0 1610.0 1740.0 1871.0 1972.0 2221.0 2352.0 2486.0 2586.0 2798.0 2917.0 3049.0 3183.0 3414.0 3547.0 3657.0 3540.0 3288.0 3158.0 3058.0 2934.0 2654.0 2553.0 2441.0 2325.0 2034.0 2026.0 2025.0 2015.0 2008.0 1999.0 1617.0 1617.0 1617.0 1617.0 969.0 969.0 969.0 969.0 325.0 325.0 325.0 325.0 1616.0 
1850.0 1850.0 1850.0 1870.0 2072.0 2069.0 2072.0 2050.0 2050.0 2070.0 1849.0 1849.0 1849.0 1869.0 2060.0 2073.0 2073.0 2076.0 2073.0 2072.0 2075.0 2076.0 2069.0 2072.0 2073.0 1602.0 1465.0 1344.0 1199.0 984.0 852.0 705.0 574.0 327.0 224.0 123.0 0 250.0 370.0 476.0 617.0 863.0 1011.0 1158.0 1276.0 1487.0 1617.0 1748.0 1849.0 2098.0 2229.0 2363.0 2463.0 2675.0 2794.0 2926.0 3060.0 3291.0 3424.0 3534.0 3663.0 3411.0 3281.0 3181.0 3057.0 2777.0 2676.0 2564.0 2448.0 2157.0 2149.0 2148.0 2138.0 2131.0 2122.0 1740.0 1740.0 1740.0 1740.0 1092.0 1092.0 1092.0 1092.0 448.0 448.0 448.0 448.0 1739.0 
2100.0 2100.0 2100.0 2120.0 2322.0 2319.0 2322.0 2300.0 2300.0 2320.0 2099.0 2099.0 2099.0 2119.0 2310.0 2323.0 2323.0 2326.0 2323.0 2322.0 2325.0 2326.0 2319.0 2322.0 2323.0 1852.0 1715.0 1594.0 1449.0 1234.0 1102.0 955.0 824.0 577.0 474.0 373.0 250.0 0 120.0 226.0 367.0 613.0 761.0 908.0 1026.0 1237.0 1367.0 1498.0 1599.0 1848.0 1979.0 2113.0 2213.0 2425.0 2544.0 2676.0 2810.0 3041.0 3174.0 3284.0 3417.0 3661.0 3531.0 3431.0 3307.0 3027.0 2926.0 2814.0 2698.0 2407.0 2399.0 2398.0 2388.0 2381.0 2372.0 1990.0 1990.0 1990.0 1990.0 1342.0 1342.0 1342.0 1342.0 698.0 698.0 698.0 698.0 1989.0 
2220.0 2220.0 2220.0 2240.0 2442.0 2439.0 2442.0 2420.0 2420.0 2440.0 2219.0 2219.0 2219.0 2239.0 2430.0 2443.0 2443.0 2446.0 2443.0 2442.0 2445.0 2446.0 2439.0 2442.0 2443.0 1972.0 1835.0 1714.0 1569.0 1354.0 1222.0 1075.0 944.0 697.0 594.0 493.0 370.0 120.0 0 106.0 247.0 493.0 641.0 788.0 906.0 1117.0 1247.0 1378.0 1479.0 1728.0 1859.0 1993.0 2093.0 2305.0 2424.0 2556.0 2690.0 2921.0 3054.0 3164.0 3297.0 3549.0 3651.0 3551.0 3427.0 3147.0 3046.0 2934.0 2818.0 2527.0 2519.0 2518.0 2508.0 2501.0 2492.0 2110.0 2110.0 2110.0 2110.0 1462.0 1462.0 1462.0 1462.0 818.0 818.0 818.0 818.0 2109.0 
2326.0 2326.0 2326.0 2346.0 2548.0 2545.0 2548.0 2526.0 2526.0 2546.0 2325.0 2325.0 2325.0 2345.0 2536.0 2549.0 2549.0 2552.0 2549.0 2548.0 2551.0 2552.0 2545.0 2548.0 2549.0 2078.0 1941.0 1820.0 1675.0 1460.0 1328.0 1181.0 1050.0 803.0 700.0 599.0 476.0 226.0 106.0 0 141.0 387.0 535.0 682.0 800.0 1011.0 1141.0 1272.0 1373.0 1622.0 1753.0 1887.0 1987.0 2199.0 2318.0 2450.0 2584.0 2815.0 2948.0 3058.0 3191.0 3443.0 3573.0 3657.0 3533.0 3253.0 3152.0 3040.0 2924.0 2633.0 2625.0 2624.0 2614.0 2607.0 2598.0 2216.0 2216.0 2216.0 2216.0 1568.0 1568.0 1568.0 1568.0 924.0 924.0 924.0 924.0 2215.0 
2467.0 2467.0 2467.0 2487.0 2689.0 2686.0 2689.0 2667.0 2667.0 2687.0 2466.0 2466.0 2466.0 2486.0 2677.0 2690.0 2690.0 2693.0 2690.0 2689.0 2692.0 2693.0 2686.0 2689.0 2690.0 2219.0 2082.0 1961.0 1816.0 1601.0 1469.0 1322.0 1191.0 944.0 841.0 740.0 617.0 367.0 247.0 141.0 0 246.0 394.0 541.0 659.0 870.0 1000.0 1131.0 1232.0 1481.0 1612.0 1746.0 1846.0 2058.0 2177.0 2309.0 2443.0 2674.0 2807.0 2917.0 3050.0 3302.0 3432.0 3532.0 3656.0 3394.0 3293.0 3181.0 3065.0 2774.0 2766.0 2765.0 2755.0 2748.0 2739.0 2357.0 2357.0 2357.0 2357.0 1709.0 1709.0 1709.0 1709.0 1065.0 1065.0 1065.0 1065.0 2356.0 
2713.0 2713.0 2713.0 2733.0 2935.0 2932.0 2935.0 2913.0 2913.0 2933.0 2712.0 2712.0 2712.0 2732.0 2923.0 2936.0 2936.0 2939.0 2936.0 2935.0 2938.0 2939.0 2932.0 2935.0 2936.0 2465.0 2328.0 2207.0 2062.0 1847.0 1715.0 1568.0 1437.0 1190.0 1087.0 986.0 863.0 613.0 493.0 387.0 246.0 0 148.0 295.0 413.0 624.0 754.0 885.0 986.0 1235.0 1366.0 1500.0 1600.0 1812.0 1931.0 2063.0 2197.0 2428.0 2561.0 2671.0 2804.0 3056.0 3186.0 3286.0 3410.0 3640.0 3539.0 3427.0 3311.0 3020.0 3012.0 3011.0 3001.0 2994.0 2985.0 2603.0 2603.0 2603.0 2603.0 1955.0 1955.0 1955.0 1955.0 1311.0 1311.0 1311.0 1311.0 2602.0 
2861.0 2861.0 2861.0 2881.0 3083.0 3080.0 3083.0 3061.0 3061.0 3081.0 2860.0 2860.0 2860.0 2880.0 3071.0 3084.0 3084.0 3087.0 3084.0 3083.0 3086.0 3087.0 3080.0 3083.0 3084.0 2613.0 2476.0 2355.0 2210.0 1995.0 1863.0 1716.0 1585.0 1338.0 1235.0 1134.0 1011.0 761.0 641.0 535.0 394.0 148.0 0 147.0 265.0 476.0 606.0 737.0 838.0 1087.0 1218.0 1352.0 1452.0 1664.0 1783.0 1915.0 2049.0 2280.0 2413.0 2523.0 2656.0 2908.0 3038.0 3138.0 3262.0 3542.0 3643.0 3575.0 3459.0 3168.0 3160.0 3159.0 3149.0 3142.0 3133.0 2751.0 2751.0 2751.0 2751.0 2103.0 2103.0 2103.0 2103.0 1459.0 1459.0 1459.0 1459.0 2750.0 
3008.0 3008.0 3008.0 3028.0 3230.0 3227.0 3230.0 3208.0 3208.0 3228.0 3007.0 3007.0 3007.0 3027.0 3218.0 3231.0 3231.0 3234.0 3231.0 3230.0 3233.0 3234.0 3227.0 3230.0 3231.0 2760.0 2623.0 2502.0 2357.0 2142.0 2010.0 1863.0 1732.0 1485.0 1382.0 1281.0 1158.0 908.0 788.0 682.0 541.0 295.0 147.0 0 118.0 329.0 459.0 590.0 691.0 940.0 1071.0 1205.0 1305.0 1517.0 1636.0 1768.0 1902.0 2133.0 2266.0 2376.0 2509.0 2761.0 2891.0 2991.0 3115.0 3395.0 3496.0 3608.0 3606.0 3315.0 3307.0 3306.0 3296.0 3289.0 3280.0 2898.0 2898.0 2898.0 2898.0 2250.0 2250.0 2250.0 2250.0 1606.0 1606.0 1606.0 1606.0 2897.0 
3126.0 3126.0 3126.0 3146.0 3348.0 3345.0 3348.0 3326.0 3326.0 3346.0 3125.0 3125.0 3125.0 3145.0 3336.0 3349.0 3349.0 3352.0 3349.0 3348.0 3351.0 3352.0 3345.0 3348.0 3349.0 2878.0 2741.0 2620.0 2475.0 2260.0 2128.0 1981.0 1850.0 1603.0 1500.0 1399.0 1276.0 1026.0 906.0 800.0 659.0 413.0 265.0 118.0 0 211.0 341.0 472.0 573.0 822.0 953.0 1087.0 1187.0 1399.0 1518.0 1650.0 1784.0 2015.0 2148.0 2258.0 2391.0 2643.0 2773.0 2873.0 2997.0 3277.0 3378.0 3490.0 3606.0 3433.0 3425.0 3424.0 3414.0 3407.0 3398.0 3016.0 3016.0 3016.0 3016.0 2368.0 2368.0 2368.0 2368.0 1724.0 1724.0 1724.0 1724.0 3015.0 
3337.0 3337.0 3337.0 3357.0 3559.0 3556.0 3559.0 3537.0 3537.0 3557.0 3336.0 3336.0 3336.0 3356.0 3547.0 3560.0 3560.0 3563.0 3560.0 3559.0 3562.0 3563.0 3556.0 3559.0 3560.0 3089.0 2952.0 2831.0 2686.0 2471.0 2339.0 2192.0 2061.0 1814.0 1711.0 1610.0 1487.0 1237.0 1117.0 1011.0 870.0 624.0 476.0 329.0 211.0 0 130.0 261.0 362.0 611.0 742.0 876.0 976.0 1188.0 1307.0 1439.0 1573.0 1804.0 1937.0 2047.0 2180.0 2432.0 2562.0 2662.0 2786.0 3066.0 3167.0 3279.0 3395.0 3644.0 3636.0 3635.0 3625.0 3618.0 3609.0 3227.0 3227.0 3227.0 3227.0 2579.0 2579.0 2579.0 2579.0 1935.0 1935.0 1935.0 1935.0 3226.0 
3467.0 3467.0 3467.0 3487.0 3689.0 3686.0 3689.0 3667.0 3667.0 3687.0 3466.0 3466.0 3466.0 3486.0 3677.0 3690.0 3690.0 3693.0 3690.0 3689.0 3692.0 3693.0 3686.0 3689.0 3690.0 3219.0 3082.0 2961.0 2816.0 2601.0 2469.0 2322.0 2191.0 1944.0 1841.0 1740.0 1617.0 1367.0 1247.0 1141.0 1000.0 754.0 606.0 459.0 341.0 130.0 0 131.0 232.0 481.0 612.0 746.0 846.0 1058.0 1177.0 1309.0 1443.0 1674.0 1807.0 1917.0 2050.0 2302.0 2432.0 2532.0 2656.0 2936.0 3037.0 3149.0 3265.0 3556.0 3564.0 3565.0 3575.0 3582.0 3591.0 3357.0 3357.0 3357.0 3357.0 2709.0 2709.0 2709.0 2709.0 2065.0 2065.0 2065.0 2065.0 3356.0 
3598.0 3598.0 3598.0 3618.0 3820.0 3817.0 3820.0 3798.0 3798.0 3818.0 3597.0 3597.0 3597.0 3617.0 3808.0 3821.0 3821.0 3824.0 3821.0 3820.0 3823.0 3824.0 3817.0 3820.0 3821.0 3350.0 3213.0 3092.0 2947.0 2732.0 2600.0 2453.0 2322.0 2075.0 1972.0 1871.0 1748.0 1498.0 1378.0 1272.0 1131.0 885.0 737.0 590.0 472.0 261.0 131.0 0 101.0 350.0 481.0 615.0 715.0 927.0 1046.0 1178.0 1312.0 1543.0 1676.0 1786.0 1919.0 2171.0 2301.0 2401.0 2525.0 2805.0 2906.0 3018.0 3134.0 3425.0 3433.0 3434.0 3444.0 3451.0 3460.0 3488.0 3488.0 3488.0 3488.0 2840.0 2840.0 2840.0 2840.0 2196.0 2196.0 2196.0 2196.0 3487.0 
3699.0 3699.0 3699.0 3719.0 3921.0 3918.0 3921.0 3899.0 3899.0 3919.0 3698.0 3698.0 3698.0 3718.0 3909.0 3922.0 3922.0 3925.0 3922.0 3921.0 3924.0 3925.0 3918.0 3921.0 3922.0 3451.0 3314.0 3193.0 3048.0 2833.0 2701.0 2554.0 2423.0 2176.0 2073.0 1972.0 1849.0 1599.0 1479.0 1373.0 1232.0 986.0 838.0 691.0 573.0 362.0 232.0 101.0 0 249.0 380.0 514.0 614.0 826.0 945.0 1077.0 1211.0 1442.0 1575.0 1685.0 1818.0 2070.0 2200.0 2300.0 2424.0 2704.0 2805.0 2917.0 3033.0 3324.0 3332.0 3333.0 3343.0 3350.0 3359.0 3589.0 3589.0 3589.0 3589.0 2941.0 2941.0 2941.0 2941.0 2297.0 2297.0 2297.0 2297.0 3588.0 
3606.0 3606.0 3606.0 3626.0 3828.0 3825.0 3828.0 3806.0 3806.0 3826.0 3605.0 3605.0 3605.0 3625.0 3816.0 3829.0 3829.0 3832.0 3829.0 3828.0 3831.0 3832.0 3825.0 3828.0 3829.0 3630.0 3563.0 3442.0 3297.0 3082.0 2950.0 2803.0 2672.0 2425.0 2322.0 2221.0 2098.0 1848.0 1728.0 1622.0 1481.0 1235.0 1087.0 940.0 822.0 611.0 481.0 350.0 249.0 0 131.0 265.0 365.0 577.0 696.0 828.0 962.0 1193.0 1326.0 1436.0 1569.0 1821.0 1951.0 2051.0 2175.0 2455.0 2556.0 2668.0 2784.0 3075.0 3083.0 3084.0 3094.0 3101.0 3110.0 3496.0 3496.0 3496.0 3496.0 3190.0 3190.0 3190.0 3190.0 2546.0 2546.0 2546.0 2546.0 3495.0 
3475.0 3475.0 3475.0 3495.0 3697.0 3694.0 3697.0 3675.0 3675.0 3695.0 3474.0 3474.0 3474.0 3494.0 3685.0 3698.0 3698.0 3701.0 3698.0 3697.0 3700.0 3701.0 3694.0 3697.0 3698.0 3499.0 3636.0 3573.0 3428.0 3213.0 3081.0 2934.0 2803.0 2556.0 2453.0 2352.0 2229.0 1979.0 1859.0 1753.0 1612.0 1366.0 1218.0 1071.0 953.0 742.0 612.0 481.0 380.0 131.0 0 134.0 234.0 446.0 565.0 697.0 831.0 1062.0 1195.0 1305.0 1438.0 1690.0 1820.0 1920.0 2044.0 2324.0 2425.0 2537.0 2653.0 2944.0 2952.0 2953.0 2963.0 2970.0 2979.0 3365.0 3365.0 3365.0 3365.0 3321.0 3321.0 3321.0 3321.0 2677.0 2677.0 2677.0 2677.0 3364.0 
3341.0 3341.0 3341.0 3361.0 3563.0 3560.0 3563.0 3541.0 3541.0 3561.0 3340.0 3340.0 3340.0 3360.0 3551.0 3564.0 3564.0 3567.0 3564.0 3563.0 3566.0 3567.0 3560.0 3563.0 3564.0 3365.0 3502.0 3623.0 3562.0 3347.0 3215.0 3068.0 2937.0 2690.0 2587.0 2486.0 2363.0 2113.0 1993.0 1887.0 1746.0 1500.0 1352.0 1205.0 1087.0 876.0 746.0 615.0 514.0 265.0 134.0 0 100.0 312.0 431.0 563.0 697.0 928.0 1061.0 1171.0 1304.0 1556.0 1686.0 1786.0 1910.0 2190.0 2291.0 2403.0 2519.0 2810.0 2818.0 2819.0 2829.0 2836.0 2845.0 3231.0 3231.0 3231.0 3231.0 3455.0 3455.0 3455.0 3455.0 2811.0 2811.0 2811.0 2811.0 3230.0 
3241.0 3241.0 3241.0 3261.0 3463.0 3460.0 3463.0 3441.0 3441.0 3461.0 3240.0 3240.0 3240.0 3260.0 3451.0 3464.0 3464.0 3467.0 3464.0 3463.0 3466.0 3467.0 3460.0 3463.0 3464.0 3265.0 3402.0 3523.0 3662.0 3447.0 3315.0 3168.0 3037.0 2790.0 2687.0 2586.0 2463.0 2213.0 2093.0 1987.0 1846.0 1600.0 1452.0 1305.0 1187.0 976.0 846.0 715.0 614.0 365.0 234.0 100.0 0 212.0 331.0 463.0 597.0 828.0 961.0 1071.0 1204.0 1456.0 1586.0 1686.0 1810.0 2090.0 2191.0 2303.0 2419.0 2710.0 2718.0 2719.0 2729.0 2736.0 2745.0 3131.0 3131.0 3131.0 3131.0 3555.0 3555.0 3555.0 3555.0 2911.0 2911.0 2911.0 2911.0 3130.0 
3029.0 3029.0 3029.0 3049.0 3251.0 3248.0 3251.0 3229.0 3229.0 3249.0 3028.0 3028.0 3028.0 3048.0 3239.0 3252.0 3252.0 3255.0 3252.0 3251.0 3254.0 3255.0 3248.0 3251.0 3252.0 3053.0 3190.0 3311.0 3456.0 3659.0 3527.0 3380.0 3249.0 3002.0 2899.0 2798.0 2675.0 2425.0 2305.0 2199.0 2058.0 1812.0 1664.0 1517.0 1399.0 1188.0 1058.0 927.0 826.0 577.0 446.0 312.0 212.0 0 119.0 251.0 385.0 616.0 749.0 859.0 992.0 1244.0 1374.0 1474.0 1598.0 1878.0 1979.0 2091.0 2207.0 2498.0 2506.0 2507.0 2517.0 2524.0 2533.0 2919.0 2919.0 2919.0 2919.0 3567.0 3567.0 3567.0 3567.0 3123.0 3123.0 3123.0 3123.0 2918.0 
2910.0 2910.0 2910.0 2930.0 3132.0 3129.0 3132.0 3110.0 3110.0 3130.0 2909.0 2909.0 2909.0 2929.0 3120.0 3133.0 3133.0 3136.0 3133.0 3132.0 3135.0 3136.0 3129.0 3132.0 3133.0 2934.0 3071.0 3192.0 3337.0 3552.0 3646.0 3499.0 3368.0 3121.0 3018.0 2917.0 2794.0 2544.0 2424.0 2318.0 2177.0 1931.0 1783.0 1636.0 1518.0 1307.0 1177.0 1046.0 945.0 696.0 565.0 431.0 331.0 119.0 0 132.0 266.0 497.0 630.0 740.0 873.0 1125.0 1255.0 1355.0 1479.0 1759.0 1860.0 1972.0 2088.0 2379.0 2387.0 2388.0 2398.0 2405.0 2414.0 2800.0 2800.0 2800.0 2800.0 3448.0 3448.0 3448.0 3448.0 3242.0 3242.0 3242.0 3242.0 2799.0 
2778.0 2778.0 2778.0 2798.0 3000.0 2997.0 3000.0 2978.0 2978.0 2998.0 2777.0 2777.0 2777.0 2797.0 2988.0 3001.0 3001.0 3004.0 3001.0 3000.0 3003.0 3004.0 2997.0 3000.0 3001.0 2802.0 2939.0 3060.0 3205.0 3420.0 3552.0 3631.0 3500.0 3253.0 3150.0 3049.0 2926.0 2676.0 2556.0 2450.0 2309.0 2063.0 1915.0 1768.0 1650.0 1439.0 1309.0 1178.0 1077.0 828.0 697.0 563.0 463.0 251.0 132.0 0 134.0 365.0 498.0 608.0 741.0 993.0 1123.0 1223.0 1347.0 1627.0 1728.0 1840.0 1956.0 2247.0 2255.0 2256.0 2266.0 2273.0 2282.0 2668.0 2668.0 2668.0 2668.0 3316.0 3316.0 3316.0 3316.0 3374.0 3374.0 3374.0 3374.0 2667.0 
2644.0 2644.0 2644.0 2664.0 2866.0 2863.0 2866.0 2844.0 2844.0 2864.0 2643.0 2643.0 2643.0 2663.0 2854.0 2867.0 2867.0 2870.0 2867.0 2866.0 2869.0 2870.0 2863.0 2866.0 2867.0 2668.0 2805.0 2926.0 3071.0 3286.0 3418.0 3565.0 3634.0 3387.0 3284.0 3183.0 3060.0 2810.0 2690.0 2584.0 2443.0 2197.0 2049.0 1902.0 1784.0 1573.0 1443.0 1312.0 1211.0 962.0 831.0 697.0 597.0 385.0 266.0 134.0 0 231.0 364.0 474.0 607.0 859.0 989.0 1089.0 1213.0 1493.0 1594.0 1706.0 1822.0 2113.0 2121.0 2122.0 2132.0 2139.0 2148.0 2534.0 2534.0 2534.0 2534.0 3182.0 3182.0 3182.0 3182.0 3508.0 3508.0 3508.0 3508.0 2533.0 
2413.0 2413.0 2413.0 2433.0 2635.0 2632.0 2635.0 2613.0 2613.0 2633.0 2412.0 2412.0 2412.0 2432.0 2623.0 2636.0 2636.0 2639.0 2636.0 2635.0 2638.0 2639.0 2632.0 2635.0 2636.0 2437.0 2574.0 2695.0 2840.0 3055.0 3187.0 3334.0 3465.0 3618.0 3515.0 3414.0 3291.0 3041.0 2921.0 2815.0 2674.0 2428.0 2280.0 2133.0 2015.0 1804.0 1674.0 1543.0 1442.0 1193.0 1062.0 928.0 828.0 616.0 497.0 365.0 231.0 0 133.0 243.0 376.0 628.0 758.0 858.0 982.0 1262.0 1363.0 1475.0 1591.0 1882.0 1890.0 1891.0 1901.0 1908.0 1917.0 2303.0 2303.0 2303.0 2303.0 2951.0 2951.0 2951.0 2951.0 3595.0 3595.0 3595.0 3595.0 2302.0 
2280.0 2280.0 2280.0 2300.0 2502.0 2499.0 2502.0 2480.0 2480.0 2500.0 2279.0 2279.0 2279.0 2299.0 2490.0 2503.0 2503.0 2506.0 2503.0 2502.0 2505.0 2506.0 2499.0 2502.0 2503.0 2304.0 2441.0 2562.0 2707.0 2922.0 3054.0 3201.0 3332.0 3579.0 3648.0 3547.0 3424.0 3174.0 3054.0 2948.0 2807.0 2561.0 2413.0 2266.0 2148.0 1937.0 1807.0 1676.0 1575.0 1326.0 1195.0 1061.0 961.0 749.0 630.0 498.0 364.0 133.0 0 110.0 243.0 495.0 625.0 725.0 849.0 1129.0 1230.0 1342.0 1458.0 1749.0 1757.0 1758.0 1768.0 1775.0 1784.0 2170.0 2170.0 2170.0 2170.0 2818.0 2818.0 2818.0 2818.0 3462.0 3462.0 3462.0 3462.0 2169.0 
2170.0 2170.0 2170.0 2190.0 2392.0 2389.0 2392.0 2370.0 2370.0 2390.0 2169.0 2169.0 2169.0 2189.0 2380.0 2393.0 2393.0 2396.0 2393.0 2392.0 2395.0 2396.0 2389.0 2392.0 2393.0 2194.0 2331.0 2452.0 2597.0 2812.0 2944.0 3091.0 3222.0 3469.0 3572.0 3657.0 3534.0 3284.0 3164.0 3058.0 2917.0 2671.0 2523.0 2376.0 2258.0 2047.0 1917.0 1786.0 1685.0 1436.0 1305.0 1171.0 1071.0 859.0 740.0 608.0 474.0 243.0 110.0 0 133.0 385.0 515.0 615.0 739.0 1019.0 1120.0 1232.0 1348.0 1639.0 1647.0 1648.0 1658.0 1665.0 1674.0 2060.0 2060.0 2060.0 2060.0 2708.0 2708.0 2708.0 2708.0 3352.0 3352.0 3352.0 3352.0 2059.0 
2037.0 2037.0 2037.0 2057.0 2259.0 2256.0 2259.0 2237.0 2237.0 2257.0 2036.0 2036.0 2036.0 2056.0 2247.0 2260.0 2260.0 2263.0 2260.0 2259.0 2262.0 2263.0 2256.0 2259.0 2260.0 2061.0 2198.0 2319.0 2464.0 2679.0 2811.0 2958.0 3089.0 3336.0 3439.0 3540.0 3663.0 3417.0 3297.0 3191.0 3050.0 2804.0 2656.0 2509.0 2391.0 2180.0 2050.0 1919.0 1818.0 1569.0 1438.0 1304.0 1204.0 992.0 873.0 741.0 607.0 376.0 243.0 133.0 0 252.0 382.0 482.0 606.0 886.0 987.0 1099.0 1215.0 1506.0 1514.0 1515.0 1525.0 1532.0 1541.0 1927.0 1927.0 1927.0 1927.0 2575.0 2575.0 2575.0 2575.0 3219.0 3219.0 3219.0 3219.0 1926.0 
1785.0 1785.0 1785.0 1805.0 2007.0 2004.0 2007.0 1985.0 1985.0 2005.0 1784.0 1784.0 1784.0 1804.0 1995.0 2008.0 2008.0 2011.0 2008.0 2007.0 2010.0 2011.0 2004.0 2007.0 2008.0 1809.0 1946.0 2067.0 2212.0 2427.0 2559.0 2706.0 2837.0 3084.0 3187.0 3288.0 3411.0 3661.0 3549.0 3443.0 3302.0 3056.0 2908.0 2761.0 2643.0 2432.0 2302.0 2171.0 2070.0 1821.0 1690.0 1556.0 1456.0 1244.0 1125.0 993.0 859.0 628.0 495.0 385.0 252.0 0 130.0 230.0 354.0 634.0 735.0 847.0 963.0 1254.0 1262.0 1263.0 1273.0 1280.0 1289.0 1675.0 1675.0 1675.0 1675.0 2323.0 2323.0 2323.0 2323.0 2967.0 2967.0 2967.0 2967.0 1674.0 
1655.0 1655.0 1655.0 1675.0 1877.0 1874.0 1877.0 1855.0 1855.0 1875.0 1654.0 1654.0 1654.0 1674.0 1865.0 1878.0 1878.0 1881.0 1878.0 1877.0 1880.0 1881.0 1874.0 1877.0 1878.0 1679.0 1816.0 1937.0 2082.0 2297.0 2429.0 2576.0 2707.0 2954.0 3057.0 3158.0 3281.0 3531.0 3651.0 3573.0 3432.0 3186.0 3038.0 2891.0 2773.0 2562.0 2432.0 2301.0 2200.0 1951.0 1820.0 1686.0 1586.0 1374.0 1255.0 1123.0 989.0 758.0 625.0 515.0 382.0 130.0 0 100.0 224.0 504.0 605.0 717.0 833.0 1124.0 1132.0 1133.0 1143.0 1150.0 1159.0 1545.0 1545.0 1545.0 1545.0 2193.0 2193.0 2193.0 2193.0 2837.0 2837.0 2837.0 2837.0 1544.0 
1555.0 1555.0 1555.0 1575.0 1777.0 1774.0 1777.0 1755.0 1755.0 1775.0 1554.0 1554.0 1554.0 1574.0 1765.0 1778.0 1778.0 1781.0 1778.0 1777.0 1780.0 1781.0 1774.0 1777.0 1778.0 1579.0 1716.0 1837.0 1982.0 2197.0 2329.0 2476.0 2607.0 2854.0 2957.0 3058.0 3181.0 3431.0 3551.0 3657.0 3532.0 3286.0 3138.0 2991.0 2873.0 2662.0 2532.0 2401.0 2300.0 2051.0 1920.0 1786.0 1686.0 1474.0 1355.0 1223.0 1089.0 858.0 725.0 615.0 482.0 230.0 100.0 0 124.0 404.0 505.0 617.0 733.0 1024.0 1032.0 1033.0 1043.0 1050.0 1059.0 1445.0 1445.0 1445.0 1445.0 2093.0 2093.0 2093.0 2093.0 2737.0 2737.0 2737.0 2737.0 1444.0 
1431.0 1431.0 1431.0 1451.0 1653.0 1650.0 1653.0 1631.0 1631.0 1651.0 1430.0 1430.0 1430.0 1450.0 1641.0 1654.0 1654.0 1657.0 1654.0 1653.0 1656.0 1657.0 1650.0 1653.0 1654.0 1455.0 1592.0 1713.0 1858.0 2073.0 2205.0 2352.0 2483.0 2730.0 2833.0 2934.0 3057.0 3307.0 3427.0 3533.0 3656.0 3410.0 3262.0 3115.0 2997.0 2786.0 2656.0 2525.0 2424.0 2175.0 2044.0 1910.0 1810.0 1598.0 1479.0 1347.0 1213.0 982.0 849.0 739.0 606.0 354.0 224.0 124.0 0 280.0 381.0 493.0 609.0 900.0 908.0 909.0 919.0 926.0 935.0 1321.0 1321.0 1321.0 1321.0 1969.0 1969.0 1969.0 1969.0 2613.0 2613.0 2613.0 2613.0 1320.0 
1151.0 1151.0 1151.0 1171.0 1373.0 1370.0 1373.0 1351.0 1351.0 1371.0 1150.0 1150.0 1150.0 1170.0 1361.0 1374.0 1374.0 1377.0 1374.0 1373.0 1376.0 1377.0 1370.0 1373.0 1374.0 1175.0 1312.0 1433.0 1578.0 1793.0 1925.0 2072.0 2203.0 2450.0 2553.0 2654.0 2777.0 3027.0 3147.0 3253.0 3394.0 3640.0 3542.0 3395.0 3277.0 3066.0 2936.0 2805.0 2704.0 2455.0 2324.0 2190.0 2090.0 1878.0 1759.0 1627.0 1493.0 1262.0 1129.0 1019.0 886.0 634.0 504.0 404.0 280.0 0 101.0 213.0 329.0 620.0 628.0 629.0 639.0 646.0 655.0 1041.0 1041.0 1041.0 1041.0 1689.0 1689.0 1689.0 1689.0 2333.0 2333.0 2333.0 2333.0 1040.0 
1050.0 1050.0 1050.0 1070.0 1272.0 1269.0 1272.0 1250.0 1250.0 1270.0 1049.0 1049.0 1049.0 1069.0 1260.0 1273.0 1273.0 1276.0 1273.0 1272.0 1275.0 1276.0 1269.0 1272.0 1273.0 1074.0 1211.0 1332.0 1477.0 1692.0 1824.0 1971.0 2102.0 2349.0 2452.0 2553.0 2676.0 2926.0 3046.0 3152.0 3293.0 3539.0 3643.0 3496.0 3378.0 3167.0 3037.0 2906.0 2805.0 2556.0 2425.0 2291.0 2191.0 1979.0 1860.0 1728.0 1594.0 1363.0 1230.0 1120.0 987.0 735.0 605.0 505.0 381.0 101.0 0 112.0 228.0 519.0 527.0 528.0 538.0 545.0 554.0 940.0 940.0 940.0 940.0 1588.0 1588.0 1588.0 1588.0 2232.0 2232.0 2232.0 2232.0 939.0 
938.0 938.0 938.0 958.0 1160.0 1157.0 1160.0 1138.0 1138.0 1158.0 937.0 937.0 937.0 957.0 1148.0 1161.0 1161.0 1164.0 1161.0 1160.0 1163.0 1164.0 1157.0 1160.0 1161.0 962.0 1099.0 1220.0 1365.0 1580.0 1712.0 1859.0 1990.0 2237.0 2340.0 2441.0 2564.0 2814.0 2934.0 3040.0 3181.0 3427.0 3575.0 3608.0 3490.0 3279.0 3149.0 3018.0 2917.0 2668.0 2537.0 2403.0 2303.0 2091.0 1972.0 1840.0 1706.0 1475.0 1342.0 1232.0 1099.0 847.0 717.0 617.0 493.0 213.0 112.0 0 116.0 407.0 415.0 416.0 426.0 433.0 442.0 828.0 828.0 828.0 828.0 1476.0 1476.0 1476.0 1476.0 2120.0 2120.0 2120.0 2120.0 827.0 
