26
a b c e f g h k l o u v w y ac af ah ai aj ak al am ao ap aq j
0 17.3 17.3 37.3 243.0 240.0 243.0 319.0 319.0 339.0 221.0 221.0 221.0 241.0 329.0 244.0 244.0 247.0 244.0 243.0 246.0 247.0 240.0 243.0 244.0 111.0 
17.3 0 17.3 37.3 243.0 240.0 243.0 319.0 319.0 339.0 221.0 221.0 221.0 241.0 329.0 244.0 244.0 247.0 244.0 243.0 246.0 247.0 240.0 243.0 244.0 111.0 
17.3 17.3 0 20.0 243.0 240.0 243.0 319.0 319.0 339.0 221.0 221.0 221.0 241.0 329.0 244.0 244.0 247.0 244.0 243.0 246.0 247.0 240.0 243.0 244.0 111.0 
37.3 37.3 20.0 0 263.0 260.0 263.0 339.0 339.0 359.0 241.0 241.0 241.0 261.0 349.0 264.0 264.0 267.0 264.0 263.0 266.0 267.0 260.0 263.0 264.0 131.0 
243.0 243.0 243.0 263.0 0 3.0 4.0 143.0 143.0 163.0 243.0 243.0 243.0 263.0 153.0 3.0 7.0 4.0 3.0 6.0 7.0 4.0 7.0 10.0 7.0 333.0 
240.0 240.0 240.0 260.0 3.0 0 3.0 140.0 140.0 160.0 240.0 240.0 240.0 260.0 150.0 4.0 4.0 7.0 6.0 3.0 6.0 7.0 4.0 7.0 8.0 330.0 
243.0 243.0 243.0 263.0 4.0 3.0 0 143.0 143.0 163.0 243.0 243.0 243.0 263.0 153.0 7.0 3.0 4.0 7.0 6.0 3.0 4.0 7.0 6.0 7.0 333.0 
319.0 319.0 319.0 339.0 143.0 140.0 143.0 0 17.3 37.3 221.0 221.0 221.0 241.0 27.3 144.0 144.0 147.0 144.0 143.0 146.0 147.0 140.0 143.0 144.0 311.0 
319.0 319.0 319.0 339.0 143.0 140.0 143.0 17.3 0 37.3 221.0 221.0 221.0 241.0 27.3 144.0 144.0 147.0 144.0 143.0 146.0 147.0 140.0 143.0 144.0 311.0 
339.0 339.0 339.0 359.0 163.0 160.0 163.0 37.3 37.3 0 241.0 241.0 241.0 261.0 10.0 164.0 164.0 167.0 164.0 163.0 166.0 167.0 160.0 163.0 164.0 331.0 
221.0 221.0 221.0 241.0 243.0 240.0 243.0 221.0 221.0 241.0 0 17.3 17.3 37.3 231.0 244.0 244.0 247.0 244.0 243.0 246.0 247.0 240.0 243.0 244.0 110.0 
221.0 221.0 221.0 241.0 243.0 240.0 243.0 221.0 221.0 241.0 17.3 0 17.3 37.3 231.0 244.0 244.0 247.0 244.0 243.0 246.0 247.0 240.0 243.0 244.0 110.0 
221.0 221.0 221.0 241.0 243.0 240.0 243.0 221.0 221.0 241.0 17.3 17.3 0 20.0 231.0 244.0 244.0 247.0 244.0 243.0 246.0 247.0 240.0 243.0 244.0 110.0 
241.0 241.0 241.0 261.0 263.0 260.0 263.0 241.0 241.0 261.0 37.3 37.3 20.0 0 251.0 264.0 264.0 267.0 264.0 263.0 266.0 267.0 260.0 263.0 264.0 130.0 
329.0 329.0 329.0 349.0 153.0 150.0 153.0 27.3 27.3 10.0 231.0 231.0 231.0 251.0 0 154.0 154.0 157.0 154.0 153.0 156.0 157.0 150.0 153.0 154.0 321.0 
244.0 244.0 244.0 264.0 3.0 4.0 7.0 144.0 144.0 164.0 244.0 244.0 244.0 264.0 154.0 0 4.0 3.0 4.0 7.0 10.0 7.0 4.0 7.0 4.0 334.0 
244.0 244.0 244.0 264.0 7.0 4.0 3.0 144.0 144.0 164.0 244.0 244.0 244.0 264.0 154.0 4.0 0 3.0 8.0 7.0 6.0 7.0 4.0 3.0 6.0 334.0 
247.0 247.0 247.0 267.0 4.0 7.0 4.0 147.0 147.0 167.0 247.0 247.0 247.0 267.0 157.0 3.0 3.0 0 7.0 10.0 7.0 4.0 7.0 6.0 3.0 337.0 
244.0 244.0 244.0 264.0 3.0 6.0 7.0 144.0 144.0 164.0 244.0 244.0 244.0 264.0 154.0 4.0 8.0 7.0 0 3.0 6.0 3.0 4.0 7.0 4.0 334.0 
243.0 243.0 243.0 263.0 6.0 3.0 6.0 143.0 143.0 163.0 243.0 243.0 243.0 263.0 153.0 7.0 7.0 10.0 3.0 0 3.0 6.0 3.0 6.0 7.0 333.0 
246.0 246.0 246.0 266.0 7.0 6.0 3.0 146.0 146.0 166.0 246.0 246.0 246.0 266.0 156.0 10.0 6.0 7.0 6.0 3.0 0 3.0 6.0 3.0 6.0 336.0 
247.0 247.0 247.0 267.0 4.0 7.0 4.0 147.0 147.0 167.0 247.0 247.0 247.0 267.0 157.0 7.0 7.0 4.0 3.0 6.0 3.0 0 7.0 6.0 3.0 337.0 
240.0 240.0 240.0 260.0 7.0 4.0 7.0 140.0 140.0 160.0 240.0 240.0 240.0 260.0 150.0 4.0 4.0 7.0 4.0 3.0 6.0 7.0 0 3.0 4.0 330.0 
243.0 243.0 243.0 263.0 10.0 7.0 6.0 143.0 143.0 163.0 243.0 243.0 243.0 263.0 153.0 7.0 3.0 6.0 7.0 6.0 3.0 6.0 3.0 0 3.0 333.0 
244.0 244.0 244.0 264.0 7.0 8.0 7.0 144.0 144.0 164.0 244.0 244.0 244.0 264.0 154.0 4.0 6.0 3.0 4.0 7.0 6.0 3.0 4.0 3.0 0 334.0 
111.0 111.0 111.0 131.0 333.0 330.0 333.0 311.0 311.0 331.0 110.0 110.0 110.0 130.0 321.0 334.0 334.0 337.0 334.0 333.0 336.0 337.0 330.0 333.0 334.0 0 
