9
1 2 3 4 5 6 7 8 17
0 8.0 4.0 50.0 52.0 18.0 13.0 6.0 10.0 
8.0 0 4.0 58.0 57.0 15.0 20.0 14.0 10.0 
4.0 4.0 0 54.0 56.0 19.0 17.0 10.0 14.0 
50.0 58.0 54.0 0 2.0 60.0 63.0 56.0 60.0 
52.0 57.0 56.0 2.0 0 58.0 63.0 58.0 62.0 
18.0 15.0 19.0 60.0 58.0 0 5.0 12.0 12.0 
13.0 20.0 17.0 63.0 63.0 5.0 0 7.0 13.0 
6.0 14.0 10.0 56.0 58.0 12.0 7.0 0 16.0 
10.0 10.0 14.0 60.0 62.0 12.0 13.0 16.0 0 
