35
3 4 7 8 10 13 15 18 19 20 21 25 27 30 35 36 37 42 43 47 48 53 55 56 59 60 63 70 71 73 74 78 80 86 0
0 5.0 27.0 32.0 57.0 62.0 62.0 793.0 784.0 1780.0 1777.0 2503.0 2956.0 2955.0 133.0 133.0 130.0 140.0 143.0 153.0 153.0 172.0 188.0 186.0 188.0 188.0 201.0 204.0 208.0 205.0 215.0 222.0 656.0 704.0 2103.0 
5.0 0 22.0 27.0 52.0 57.0 57.0 788.0 779.0 1775.0 1772.0 2498.0 2951.0 2950.0 128.0 128.0 125.0 135.0 138.0 148.0 148.0 167.0 183.0 181.0 183.0 183.0 196.0 199.0 203.0 200.0 210.0 217.0 651.0 699.0 2108.0 
27.0 22.0 0 10.0 40.0 45.0 45.0 776.0 767.0 1763.0 1760.0 2486.0 2939.0 2938.0 116.0 116.0 113.0 123.0 126.0 136.0 136.0 155.0 171.0 169.0 171.0 171.0 184.0 187.0 191.0 188.0 198.0 205.0 639.0 687.0 2129.0 
32.0 27.0 10.0 0 30.0 35.0 35.0 766.0 757.0 1753.0 1750.0 2476.0 2929.0 2928.0 106.0 106.0 103.0 113.0 116.0 126.0 126.0 145.0 161.0 159.0 161.0 161.0 174.0 177.0 181.0 178.0 188.0 195.0 629.0 677.0 2134.0 
57.0 52.0 40.0 30.0 0 39.0 40.0 771.0 762.0 1758.0 1755.0 2481.0 2934.0 2933.0 111.0 111.0 108.0 118.0 121.0 131.0 131.0 150.0 166.0 164.0 166.0 166.0 179.0 182.0 186.0 183.0 193.0 200.0 634.0 682.0 2159.0 
62.0 57.0 45.0 35.0 39.0 0 7.0 743.0 734.0 1730.0 1727.0 2453.0 2906.0 2905.0 83.0 83.0 80.0 90.0 93.0 103.0 103.0 122.0 138.0 136.0 138.0 138.0 151.0 154.0 158.0 155.0 165.0 172.0 606.0 654.0 2164.0 
62.0 57.0 45.0 35.0 40.0 7.0 0 743.0 734.0 1730.0 1727.0 2453.0 2906.0 2905.0 83.0 83.0 80.0 90.0 93.0 103.0 103.0 122.0 138.0 136.0 138.0 138.0 151.0 154.0 158.0 155.0 165.0 172.0 606.0 654.0 2164.0 
793.0 788.0 776.0 766.0 771.0 743.0 743.0 0 18.0 1018.0 1016.0 1741.0 2194.0 2193.0 675.0 670.0 663.0 653.0 656.0 652.0 651.0 629.0 617.0 616.0 611.0 611.0 592.0 601.0 600.0 593.0 591.0 571.0 150.0 99.0 2895.0 
784.0 779.0 767.0 757.0 762.0 734.0 734.0 18.0 0 1000.0 1003.0 1723.0 2176.0 2175.0 666.0 661.0 654.0 644.0 647.0 643.0 642.0 620.0 608.0 607.0 602.0 602.0 583.0 592.0 591.0 584.0 582.0 562.0 141.0 90.0 2886.0 
1780.0 1775.0 1763.0 1753.0 1758.0 1730.0 1730.0 1018.0 1000.0 0 3.0 723.0 1176.0 1175.0 1662.0 1657.0 1650.0 1640.0 1643.0 1639.0 1638.0 1616.0 1604.0 1603.0 1598.0 1598.0 1579.0 1588.0 1587.0 1580.0 1578.0 1558.0 1137.0 1086.0 3255.0 
1777.0 1772.0 1760.0 1750.0 1755.0 1727.0 1727.0 1016.0 1003.0 3.0 0 726.0 1179.0 1178.0 1659.0 1654.0 1647.0 1637.0 1640.0 1636.0 1635.0 1613.0 1601.0 1600.0 1595.0 1595.0 1576.0 1585.0 1584.0 1577.0 1575.0 1555.0 1134.0 1083.0 3258.0 
2503.0 2498.0 2486.0 2476.0 2481.0 2453.0 2453.0 1741.0 1723.0 723.0 726.0 0 493.0 492.0 2385.0 2380.0 2373.0 2363.0 2366.0 2362.0 2361.0 2339.0 2327.0 2326.0 2321.0 2321.0 2302.0 2311.0 2310.0 2303.0 2301.0 2281.0 1860.0 1809.0 2572.0 
2956.0 2951.0 2939.0 2929.0 2934.0 2906.0 2906.0 2194.0 2176.0 1176.0 1179.0 493.0 0 45.0 2838.0 2833.0 2826.0 2816.0 2819.0 2815.0 2814.0 2792.0 2780.0 2779.0 2774.0 2774.0 2755.0 2764.0 2763.0 2756.0 2754.0 2734.0 2313.0 2262.0 2125.0 
2955.0 2950.0 2938.0 2928.0 2933.0 2905.0 2905.0 2193.0 2175.0 1175.0 1178.0 492.0 45.0 0 2837.0 2832.0 2825.0 2815.0 2818.0 2814.0 2813.0 2791.0 2779.0 2778.0 2773.0 2773.0 2754.0 2763.0 2762.0 2755.0 2753.0 2733.0 2312.0 2261.0 2102.0 
133.0 128.0 116.0 106.0 111.0 83.0 83.0 675.0 666.0 1662.0 1659.0 2385.0 2838.0 2837.0 0 5.0 12.0 22.0 25.0 35.0 35.0 54.0 70.0 68.0 70.0 70.0 83.0 86.0 90.0 87.0 97.0 104.0 538.0 586.0 2235.0 
133.0 128.0 116.0 106.0 111.0 83.0 83.0 670.0 661.0 1657.0 1654.0 2380.0 2833.0 2832.0 5.0 0 7.0 17.0 20.0 30.0 30.0 49.0 65.0 63.0 65.0 65.0 78.0 81.0 85.0 82.0 92.0 99.0 533.0 581.0 2235.0 
130.0 125.0 113.0 103.0 108.0 80.0 80.0 663.0 654.0 1650.0 1647.0 2373.0 2826.0 2825.0 12.0 7.0 0 10.0 13.0 23.0 23.0 42.0 58.0 56.0 58.0 58.0 71.0 74.0 78.0 75.0 85.0 92.0 526.0 574.0 2232.0 
140.0 135.0 123.0 113.0 118.0 90.0 90.0 653.0 644.0 1640.0 1637.0 2363.0 2816.0 2815.0 22.0 17.0 10.0 0 3.0 13.0 13.0 32.0 48.0 46.0 48.0 48.0 61.0 64.0 68.0 65.0 75.0 82.0 516.0 564.0 2242.0 
143.0 138.0 126.0 116.0 121.0 93.0 93.0 656.0 647.0 1643.0 1640.0 2366.0 2819.0 2818.0 25.0 20.0 13.0 3.0 0 16.0 16.0 35.0 51.0 49.0 51.0 51.0 64.0 67.0 71.0 68.0 78.0 85.0 519.0 567.0 2245.0 
153.0 148.0 136.0 126.0 131.0 103.0 103.0 652.0 643.0 1639.0 1636.0 2362.0 2815.0 2814.0 35.0 30.0 23.0 13.0 16.0 0 10.0 31.0 47.0 45.0 47.0 47.0 60.0 63.0 67.0 64.0 74.0 81.0 515.0 563.0 2255.0 
153.0 148.0 136.0 126.0 131.0 103.0 103.0 651.0 642.0 1638.0 1635.0 2361.0 2814.0 2813.0 35.0 30.0 23.0 13.0 16.0 10.0 0 30.0 46.0 44.0 46.0 46.0 59.0 62.0 66.0 63.0 73.0 80.0 514.0 562.0 2255.0 
172.0 167.0 155.0 145.0 150.0 122.0 122.0 629.0 620.0 1616.0 1613.0 2339.0 2792.0 2791.0 54.0 49.0 42.0 32.0 35.0 31.0 30.0 0 26.0 26.0 24.0 24.0 37.0 40.0 44.0 41.0 51.0 58.0 492.0 540.0 2274.0 
188.0 183.0 171.0 161.0 166.0 138.0 138.0 617.0 608.0 1604.0 1601.0 2327.0 2780.0 2779.0 70.0 65.0 58.0 48.0 51.0 47.0 46.0 26.0 0 14.0 12.0 12.0 25.0 28.0 32.0 29.0 39.0 46.0 480.0 528.0 2290.0 
186.0 181.0 169.0 159.0 164.0 136.0 136.0 616.0 607.0 1603.0 1600.0 2326.0 2779.0 2778.0 68.0 63.0 56.0 46.0 49.0 45.0 44.0 26.0 14.0 0 11.0 11.0 24.0 27.0 31.0 28.0 38.0 45.0 479.0 527.0 2288.0 
188.0 183.0 171.0 161.0 166.0 138.0 138.0 611.0 602.0 1598.0 1595.0 2321.0 2774.0 2773.0 70.0 65.0 58.0 48.0 51.0 47.0 46.0 24.0 12.0 11.0 0 4.0 19.0 22.0 26.0 23.0 33.0 40.0 474.0 522.0 2290.0 
188.0 183.0 171.0 161.0 166.0 138.0 138.0 611.0 602.0 1598.0 1595.0 2321.0 2774.0 2773.0 70.0 65.0 58.0 48.0 51.0 47.0 46.0 24.0 12.0 11.0 4.0 0 19.0 22.0 26.0 23.0 33.0 40.0 474.0 522.0 2290.0 
201.0 196.0 184.0 174.0 179.0 151.0 151.0 592.0 583.0 1579.0 1576.0 2302.0 2755.0 2754.0 83.0 78.0 71.0 61.0 64.0 60.0 59.0 37.0 25.0 24.0 19.0 19.0 0 9.0 13.0 9.0 14.0 21.0 455.0 503.0 2303.0 
204.0 199.0 187.0 177.0 182.0 154.0 154.0 601.0 592.0 1588.0 1585.0 2311.0 2764.0 2763.0 86.0 81.0 74.0 64.0 67.0 63.0 62.0 40.0 28.0 27.0 22.0 22.0 9.0 0 4.0 12.0 20.0 30.0 464.0 512.0 2306.0 
208.0 203.0 191.0 181.0 186.0 158.0 158.0 600.0 591.0 1587.0 1584.0 2310.0 2763.0 2762.0 90.0 85.0 78.0 68.0 71.0 67.0 66.0 44.0 32.0 31.0 26.0 26.0 13.0 4.0 0 15.0 18.0 29.0 463.0 511.0 2310.0 
205.0 200.0 188.0 178.0 183.0 155.0 155.0 593.0 584.0 1580.0 1577.0 2303.0 2756.0 2755.0 87.0 82.0 75.0 65.0 68.0 64.0 63.0 41.0 29.0 28.0 23.0 23.0 9.0 12.0 15.0 0 15.0 22.0 456.0 504.0 2307.0 
215.0 210.0 198.0 188.0 193.0 165.0 165.0 591.0 582.0 1578.0 1575.0 2301.0 2754.0 2753.0 97.0 92.0 85.0 75.0 78.0 74.0 73.0 51.0 39.0 38.0 33.0 33.0 14.0 20.0 18.0 15.0 0 20.0 454.0 502.0 2317.0 
222.0 217.0 205.0 195.0 200.0 172.0 172.0 571.0 562.0 1558.0 1555.0 2281.0 2734.0 2733.0 104.0 99.0 92.0 82.0 85.0 81.0 80.0 58.0 46.0 45.0 40.0 40.0 21.0 30.0 29.0 22.0 20.0 0 434.0 482.0 2324.0 
656.0 651.0 639.0 629.0 634.0 606.0 606.0 150.0 141.0 1137.0 1134.0 1860.0 2313.0 2312.0 538.0 533.0 526.0 516.0 519.0 515.0 514.0 492.0 480.0 479.0 474.0 474.0 455.0 464.0 463.0 456.0 454.0 434.0 0 67.0 2758.0 
704.0 699.0 687.0 677.0 682.0 654.0 654.0 99.0 90.0 1086.0 1083.0 1809.0 2262.0 2261.0 586.0 581.0 574.0 564.0 567.0 563.0 562.0 540.0 528.0 527.0 522.0 522.0 503.0 512.0 511.0 504.0 502.0 482.0 67.0 0 2806.0 
2103.0 2108.0 2129.0 2134.0 2159.0 2164.0 2164.0 2895.0 2886.0 3255.0 3258.0 2572.0 2125.0 2102.0 2235.0 2235.0 2232.0 2242.0 2245.0 2255.0 2255.0 2274.0 2290.0 2288.0 2290.0 2290.0 2303.0 2306.0 2310.0 2307.0 2317.0 2324.0 2758.0 2806.0 0 
