46
3 4 7 8 10 13 15 18 19 20 21 25 27 30 35 36 37 42 43 47 48 53 55 56 59 60 63 70 71 73 74 78 80 86 94 130 99 121 123 104 106 113 114 108 117 0
0 5.0 27.0 32.0 57.0 62.0 62.0 884.0 875.0 1871.0 1868.0 2594.0 3047.0 3046.0 224.0 224.0 221.0 231.0 234.0 244.0 244.0 263.0 279.0 277.0 279.0 279.0 292.0 295.0 299.0 296.0 306.0 313.0 747.0 795.0 107.0 208.0 116.0 143.0 143.0 131.0 152.0 208.0 208.0 180.0 204.0 2103.0 
5.0 0 22.0 27.0 52.0 57.0 57.0 879.0 870.0 1866.0 1863.0 2589.0 3042.0 3041.0 219.0 219.0 216.0 226.0 229.0 239.0 239.0 258.0 274.0 272.0 274.0 274.0 287.0 290.0 294.0 291.0 301.0 308.0 742.0 790.0 102.0 203.0 111.0 138.0 138.0 126.0 147.0 203.0 203.0 175.0 199.0 2108.0 
27.0 22.0 0 10.0 40.0 45.0 45.0 867.0 858.0 1854.0 1851.0 2577.0 3030.0 3029.0 207.0 207.0 204.0 214.0 217.0 227.0 227.0 246.0 262.0 260.0 262.0 262.0 275.0 278.0 282.0 279.0 289.0 296.0 730.0 778.0 90.0 191.0 99.0 126.0 126.0 114.0 135.0 191.0 191.0 163.0 187.0 2129.0 
32.0 27.0 10.0 0 30.0 35.0 35.0 857.0 848.0 1844.0 1841.0 2567.0 3020.0 3019.0 197.0 197.0 194.0 204.0 207.0 217.0 217.0 236.0 252.0 250.0 252.0 252.0 265.0 268.0 272.0 269.0 279.0 286.0 720.0 768.0 80.0 181.0 89.0 116.0 116.0 104.0 125.0 181.0 181.0 153.0 177.0 2134.0 
57.0 52.0 40.0 30.0 0 39.0 40.0 862.0 853.0 1849.0 1846.0 2572.0 3025.0 3024.0 202.0 202.0 199.0 209.0 212.0 222.0 222.0 241.0 257.0 255.0 257.0 257.0 270.0 273.0 277.0 274.0 284.0 291.0 725.0 773.0 85.0 186.0 94.0 121.0 121.0 109.0 130.0 186.0 186.0 158.0 182.0 2159.0 
62.0 57.0 45.0 35.0 39.0 0 7.0 834.0 825.0 1821.0 1818.0 2544.0 2997.0 2996.0 174.0 174.0 171.0 181.0 184.0 194.0 194.0 213.0 229.0 227.0 229.0 229.0 242.0 245.0 249.0 246.0 256.0 263.0 697.0 745.0 57.0 158.0 66.0 93.0 93.0 81.0 102.0 158.0 158.0 130.0 154.0 2164.0 
62.0 57.0 45.0 35.0 40.0 7.0 0 834.0 825.0 1821.0 1818.0 2544.0 2997.0 2996.0 174.0 174.0 171.0 181.0 184.0 194.0 194.0 213.0 229.0 227.0 229.0 229.0 242.0 245.0 249.0 246.0 256.0 263.0 697.0 745.0 57.0 158.0 66.0 93.0 93.0 81.0 102.0 158.0 158.0 130.0 154.0 2164.0 
884.0 879.0 867.0 857.0 862.0 834.0 834.0 0 18.0 1018.0 1016.0 1741.0 2194.0 2193.0 675.0 670.0 663.0 653.0 656.0 652.0 651.0 629.0 617.0 616.0 611.0 611.0 592.0 601.0 600.0 593.0 591.0 571.0 150.0 99.0 817.0 712.0 774.0 779.0 779.0 765.0 746.0 708.0 708.0 752.0 680.0 2986.0 
875.0 870.0 858.0 848.0 853.0 825.0 825.0 18.0 0 1000.0 1003.0 1723.0 2176.0 2175.0 666.0 661.0 654.0 644.0 647.0 643.0 642.0 620.0 608.0 607.0 602.0 602.0 583.0 592.0 591.0 584.0 582.0 562.0 141.0 90.0 808.0 703.0 765.0 770.0 770.0 756.0 737.0 699.0 699.0 743.0 671.0 2977.0 
1871.0 1866.0 1854.0 1844.0 1849.0 1821.0 1821.0 1018.0 1000.0 0 3.0 723.0 1176.0 1175.0 1662.0 1657.0 1650.0 1640.0 1643.0 1639.0 1638.0 1616.0 1604.0 1603.0 1598.0 1598.0 1579.0 1588.0 1587.0 1580.0 1578.0 1558.0 1137.0 1086.0 1804.0 1699.0 1761.0 1766.0 1766.0 1752.0 1733.0 1695.0 1695.0 1739.0 1667.0 3255.0 
1868.0 1863.0 1851.0 1841.0 1846.0 1818.0 1818.0 1016.0 1003.0 3.0 0 726.0 1179.0 1178.0 1659.0 1654.0 1647.0 1637.0 1640.0 1636.0 1635.0 1613.0 1601.0 1600.0 1595.0 1595.0 1576.0 1585.0 1584.0 1577.0 1575.0 1555.0 1134.0 1083.0 1801.0 1696.0 1758.0 1763.0 1763.0 1749.0 1730.0 1692.0 1692.0 1736.0 1664.0 3258.0 
2594.0 2589.0 2577.0 2567.0 2572.0 2544.0 2544.0 1741.0 1723.0 723.0 726.0 0 493.0 492.0 2385.0 2380.0 2373.0 2363.0 2366.0 2362.0 2361.0 2339.0 2327.0 2326.0 2321.0 2321.0 2302.0 2311.0 2310.0 2303.0 2301.0 2281.0 1860.0 1809.0 2527.0 2422.0 2484.0 2489.0 2489.0 2475.0 2456.0 2418.0 2418.0 2462.0 2390.0 2572.0 
3047.0 3042.0 3030.0 3020.0 3025.0 2997.0 2997.0 2194.0 2176.0 1176.0 1179.0 493.0 0 45.0 2838.0 2833.0 2826.0 2816.0 2819.0 2815.0 2814.0 2792.0 2780.0 2779.0 2774.0 2774.0 2755.0 2764.0 2763.0 2756.0 2754.0 2734.0 2313.0 2262.0 2980.0 2875.0 2937.0 2942.0 2942.0 2928.0 2909.0 2871.0 2871.0 2915.0 2843.0 2125.0 
3046.0 3041.0 3029.0 3019.0 3024.0 2996.0 2996.0 2193.0 2175.0 1175.0 1178.0 492.0 45.0 0 2837.0 2832.0 2825.0 2815.0 2818.0 2814.0 2813.0 2791.0 2779.0 2778.0 2773.0 2773.0 2754.0 2763.0 2762.0 2755.0 2753.0 2733.0 2312.0 2261.0 2979.0 2874.0 2936.0 2941.0 2941.0 2927.0 2908.0 2870.0 2870.0 2914.0 2842.0 2102.0 
224.0 219.0 207.0 197.0 202.0 174.0 174.0 675.0 666.0 1662.0 1659.0 2385.0 2838.0 2837.0 0 5.0 12.0 22.0 25.0 35.0 35.0 54.0 70.0 68.0 70.0 70.0 83.0 86.0 90.0 87.0 97.0 104.0 538.0 586.0 157.0 52.0 114.0 119.0 119.0 105.0 86.0 48.0 48.0 92.0 20.0 2326.0 
224.0 219.0 207.0 197.0 202.0 174.0 174.0 670.0 661.0 1657.0 1654.0 2380.0 2833.0 2832.0 5.0 0 7.0 17.0 20.0 30.0 30.0 49.0 65.0 63.0 65.0 65.0 78.0 81.0 85.0 82.0 92.0 99.0 533.0 581.0 157.0 52.0 114.0 119.0 119.0 105.0 86.0 48.0 48.0 92.0 20.0 2326.0 
221.0 216.0 204.0 194.0 199.0 171.0 171.0 663.0 654.0 1650.0 1647.0 2373.0 2826.0 2825.0 12.0 7.0 0 10.0 13.0 23.0 23.0 42.0 58.0 56.0 58.0 58.0 71.0 74.0 78.0 75.0 85.0 92.0 526.0 574.0 154.0 49.0 111.0 116.0 116.0 102.0 83.0 45.0 45.0 89.0 17.0 2323.0 
231.0 226.0 214.0 204.0 209.0 181.0 181.0 653.0 644.0 1640.0 1637.0 2363.0 2816.0 2815.0 22.0 17.0 10.0 0 3.0 13.0 13.0 32.0 48.0 46.0 48.0 48.0 61.0 64.0 68.0 65.0 75.0 82.0 516.0 564.0 164.0 59.0 121.0 126.0 126.0 112.0 93.0 55.0 55.0 99.0 27.0 2333.0 
234.0 229.0 217.0 207.0 212.0 184.0 184.0 656.0 647.0 1643.0 1640.0 2366.0 2819.0 2818.0 25.0 20.0 13.0 3.0 0 16.0 16.0 35.0 51.0 49.0 51.0 51.0 64.0 67.0 71.0 68.0 78.0 85.0 519.0 567.0 167.0 62.0 124.0 129.0 129.0 115.0 96.0 58.0 58.0 102.0 30.0 2336.0 
244.0 239.0 227.0 217.0 222.0 194.0 194.0 652.0 643.0 1639.0 1636.0 2362.0 2815.0 2814.0 35.0 30.0 23.0 13.0 16.0 0 10.0 31.0 47.0 45.0 47.0 47.0 60.0 63.0 67.0 64.0 74.0 81.0 515.0 563.0 177.0 72.0 134.0 139.0 139.0 125.0 106.0 68.0 68.0 112.0 40.0 2346.0 
244.0 239.0 227.0 217.0 222.0 194.0 194.0 651.0 642.0 1638.0 1635.0 2361.0 2814.0 2813.0 35.0 30.0 23.0 13.0 16.0 10.0 0 30.0 46.0 44.0 46.0 46.0 59.0 62.0 66.0 63.0 73.0 80.0 514.0 562.0 177.0 72.0 134.0 139.0 139.0 125.0 106.0 68.0 68.0 112.0 40.0 2346.0 
263.0 258.0 246.0 236.0 241.0 213.0 213.0 629.0 620.0 1616.0 1613.0 2339.0 2792.0 2791.0 54.0 49.0 42.0 32.0 35.0 31.0 30.0 0 26.0 26.0 24.0 24.0 37.0 40.0 44.0 41.0 51.0 58.0 492.0 540.0 196.0 91.0 153.0 158.0 158.0 144.0 125.0 87.0 87.0 131.0 59.0 2365.0 
279.0 274.0 262.0 252.0 257.0 229.0 229.0 617.0 608.0 1604.0 1601.0 2327.0 2780.0 2779.0 70.0 65.0 58.0 48.0 51.0 47.0 46.0 26.0 0 14.0 12.0 12.0 25.0 28.0 32.0 29.0 39.0 46.0 480.0 528.0 212.0 107.0 169.0 174.0 174.0 160.0 141.0 103.0 103.0 147.0 75.0 2381.0 
277.0 272.0 260.0 250.0 255.0 227.0 227.0 616.0 607.0 1603.0 1600.0 2326.0 2779.0 2778.0 68.0 63.0 56.0 46.0 49.0 45.0 44.0 26.0 14.0 0 11.0 11.0 24.0 27.0 31.0 28.0 38.0 45.0 479.0 527.0 210.0 105.0 167.0 172.0 172.0 158.0 139.0 101.0 101.0 145.0 73.0 2379.0 
279.0 274.0 262.0 252.0 257.0 229.0 229.0 611.0 602.0 1598.0 1595.0 2321.0 2774.0 2773.0 70.0 65.0 58.0 48.0 51.0 47.0 46.0 24.0 12.0 11.0 0 4.0 19.0 22.0 26.0 23.0 33.0 40.0 474.0 522.0 212.0 107.0 169.0 174.0 174.0 160.0 141.0 103.0 103.0 147.0 75.0 2381.0 
279.0 274.0 262.0 252.0 257.0 229.0 229.0 611.0 602.0 1598.0 1595.0 2321.0 2774.0 2773.0 70.0 65.0 58.0 48.0 51.0 47.0 46.0 24.0 12.0 11.0 4.0 0 19.0 22.0 26.0 23.0 33.0 40.0 474.0 522.0 212.0 107.0 169.0 174.0 174.0 160.0 141.0 103.0 103.0 147.0 75.0 2381.0 
292.0 287.0 275.0 265.0 270.0 242.0 242.0 592.0 583.0 1579.0 1576.0 2302.0 2755.0 2754.0 83.0 78.0 71.0 61.0 64.0 60.0 59.0 37.0 25.0 24.0 19.0 19.0 0 9.0 13.0 9.0 14.0 21.0 455.0 503.0 225.0 120.0 182.0 187.0 187.0 173.0 154.0 116.0 116.0 160.0 88.0 2394.0 
295.0 290.0 278.0 268.0 273.0 245.0 245.0 601.0 592.0 1588.0 1585.0 2311.0 2764.0 2763.0 86.0 81.0 74.0 64.0 67.0 63.0 62.0 40.0 28.0 27.0 22.0 22.0 9.0 0 4.0 12.0 20.0 30.0 464.0 512.0 228.0 123.0 185.0 190.0 190.0 176.0 157.0 119.0 119.0 163.0 91.0 2397.0 
299.0 294.0 282.0 272.0 277.0 249.0 249.0 600.0 591.0 1587.0 1584.0 2310.0 2763.0 2762.0 90.0 85.0 78.0 68.0 71.0 67.0 66.0 44.0 32.0 31.0 26.0 26.0 13.0 4.0 0 15.0 18.0 29.0 463.0 511.0 232.0 127.0 189.0 194.0 194.0 180.0 161.0 123.0 123.0 167.0 95.0 2401.0 
296.0 291.0 279.0 269.0 274.0 246.0 246.0 593.0 584.0 1580.0 1577.0 2303.0 2756.0 2755.0 87.0 82.0 75.0 65.0 68.0 64.0 63.0 41.0 29.0 28.0 23.0 23.0 9.0 12.0 15.0 0 15.0 22.0 456.0 504.0 229.0 124.0 186.0 191.0 191.0 177.0 158.0 120.0 120.0 164.0 92.0 2398.0 
306.0 301.0 289.0 279.0 284.0 256.0 256.0 591.0 582.0 1578.0 1575.0 2301.0 2754.0 2753.0 97.0 92.0 85.0 75.0 78.0 74.0 73.0 51.0 39.0 38.0 33.0 33.0 14.0 20.0 18.0 15.0 0 20.0 454.0 502.0 239.0 134.0 196.0 201.0 201.0 187.0 168.0 130.0 130.0 174.0 102.0 2408.0 
313.0 308.0 296.0 286.0 291.0 263.0 263.0 571.0 562.0 1558.0 1555.0 2281.0 2734.0 2733.0 104.0 99.0 92.0 82.0 85.0 81.0 80.0 58.0 46.0 45.0 40.0 40.0 21.0 30.0 29.0 22.0 20.0 0 434.0 482.0 246.0 141.0 203.0 208.0 208.0 194.0 175.0 137.0 137.0 181.0 109.0 2415.0 
747.0 742.0 730.0 720.0 725.0 697.0 697.0 150.0 141.0 1137.0 1134.0 1860.0 2313.0 2312.0 538.0 533.0 526.0 516.0 519.0 515.0 514.0 492.0 480.0 479.0 474.0 474.0 455.0 464.0 463.0 456.0 454.0 434.0 0 67.0 680.0 575.0 637.0 642.0 642.0 628.0 609.0 571.0 571.0 615.0 543.0 2849.0 
795.0 790.0 778.0 768.0 773.0 745.0 745.0 99.0 90.0 1086.0 1083.0 1809.0 2262.0 2261.0 586.0 581.0 574.0 564.0 567.0 563.0 562.0 540.0 528.0 527.0 522.0 522.0 503.0 512.0 511.0 504.0 502.0 482.0 67.0 0 728.0 623.0 685.0 690.0 690.0 676.0 657.0 619.0 619.0 663.0 591.0 2897.0 
107.0 102.0 90.0 80.0 85.0 57.0 57.0 817.0 808.0 1804.0 1801.0 2527.0 2980.0 2979.0 157.0 157.0 154.0 164.0 167.0 177.0 177.0 196.0 212.0 210.0 212.0 212.0 225.0 228.0 232.0 229.0 239.0 246.0 680.0 728.0 0 141.0 50.0 77.0 77.0 64.0 85.0 141.0 141.0 113.0 137.0 2209.0 
208.0 203.0 191.0 181.0 186.0 158.0 158.0 712.0 703.0 1699.0 1696.0 2422.0 2875.0 2874.0 52.0 52.0 49.0 59.0 62.0 72.0 72.0 91.0 107.0 105.0 107.0 107.0 120.0 123.0 127.0 124.0 134.0 141.0 575.0 623.0 141.0 0 98.0 103.0 103.0 89.0 70.0 36.0 36.0 76.0 32.0 2310.0 
116.0 111.0 99.0 89.0 94.0 66.0 66.0 774.0 765.0 1761.0 1758.0 2484.0 2937.0 2936.0 114.0 114.0 111.0 121.0 124.0 134.0 134.0 153.0 169.0 167.0 169.0 169.0 182.0 185.0 189.0 186.0 196.0 203.0 637.0 685.0 50.0 98.0 0 27.0 27.0 25.0 42.0 98.0 98.0 70.0 94.0 2218.0 
143.0 138.0 126.0 116.0 121.0 93.0 93.0 779.0 770.0 1766.0 1763.0 2489.0 2942.0 2941.0 119.0 119.0 116.0 126.0 129.0 139.0 139.0 158.0 174.0 172.0 174.0 174.0 187.0 190.0 194.0 191.0 201.0 208.0 642.0 690.0 77.0 103.0 27.0 0 12.0 30.0 47.0 103.0 103.0 75.0 99.0 2245.0 
143.0 138.0 126.0 116.0 121.0 93.0 93.0 779.0 770.0 1766.0 1763.0 2489.0 2942.0 2941.0 119.0 119.0 116.0 126.0 129.0 139.0 139.0 158.0 174.0 172.0 174.0 174.0 187.0 190.0 194.0 191.0 201.0 208.0 642.0 690.0 77.0 103.0 27.0 12.0 0 30.0 47.0 103.0 103.0 75.0 99.0 2245.0 
131.0 126.0 114.0 104.0 109.0 81.0 81.0 765.0 756.0 1752.0 1749.0 2475.0 2928.0 2927.0 105.0 105.0 102.0 112.0 115.0 125.0 125.0 144.0 160.0 158.0 160.0 160.0 173.0 176.0 180.0 177.0 187.0 194.0 628.0 676.0 64.0 89.0 25.0 30.0 30.0 0 33.0 89.0 89.0 61.0 85.0 2233.0 
152.0 147.0 135.0 125.0 130.0 102.0 102.0 746.0 737.0 1733.0 1730.0 2456.0 2909.0 2908.0 86.0 86.0 83.0 93.0 96.0 106.0 106.0 125.0 141.0 139.0 141.0 141.0 154.0 157.0 161.0 158.0 168.0 175.0 609.0 657.0 85.0 70.0 42.0 47.0 47.0 33.0 0 70.0 70.0 48.0 66.0 2254.0 
208.0 203.0 191.0 181.0 186.0 158.0 158.0 708.0 699.0 1695.0 1692.0 2418.0 2871.0 2870.0 48.0 48.0 45.0 55.0 58.0 68.0 68.0 87.0 103.0 101.0 103.0 103.0 116.0 119.0 123.0 120.0 130.0 137.0 571.0 619.0 141.0 36.0 98.0 103.0 103.0 89.0 70.0 0 8.0 76.0 28.0 2310.0 
208.0 203.0 191.0 181.0 186.0 158.0 158.0 708.0 699.0 1695.0 1692.0 2418.0 2871.0 2870.0 48.0 48.0 45.0 55.0 58.0 68.0 68.0 87.0 103.0 101.0 103.0 103.0 116.0 119.0 123.0 120.0 130.0 137.0 571.0 619.0 141.0 36.0 98.0 103.0 103.0 89.0 70.0 8.0 0 76.0 28.0 2310.0 
180.0 175.0 163.0 153.0 158.0 130.0 130.0 752.0 743.0 1739.0 1736.0 2462.0 2915.0 2914.0 92.0 92.0 89.0 99.0 102.0 112.0 112.0 131.0 147.0 145.0 147.0 147.0 160.0 163.0 167.0 164.0 174.0 181.0 615.0 663.0 113.0 76.0 70.0 75.0 75.0 61.0 48.0 76.0 76.0 0 72.0 2282.0 
204.0 199.0 187.0 177.0 182.0 154.0 154.0 680.0 671.0 1667.0 1664.0 2390.0 2843.0 2842.0 20.0 20.0 17.0 27.0 30.0 40.0 40.0 59.0 75.0 73.0 75.0 75.0 88.0 91.0 95.0 92.0 102.0 109.0 543.0 591.0 137.0 32.0 94.0 99.0 99.0 85.0 66.0 28.0 28.0 72.0 0 2306.0 
2103.0 2108.0 2129.0 2134.0 2159.0 2164.0 2164.0 2986.0 2977.0 3255.0 3258.0 2572.0 2125.0 2102.0 2326.0 2326.0 2323.0 2333.0 2336.0 2346.0 2346.0 2365.0 2381.0 2379.0 2381.0 2381.0 2394.0 2397.0 2401.0 2398.0 2408.0 2415.0 2849.0 2897.0 2209.0 2310.0 2218.0 2245.0 2245.0 2233.0 2254.0 2310.0 2310.0 2282.0 2306.0 0 
