15
3 4 7 8 10 13 15 18 19 20 21 25 27 30 0
0 5.0 27.0 32.0 57.0 62.0 62.0 103.0 94.0 1090.0 1087.0 1813.0 2266.0 2265.0 2103.0 
5.0 0 22.0 27.0 52.0 57.0 57.0 98.0 89.0 1085.0 1082.0 1808.0 2261.0 2260.0 2108.0 
27.0 22.0 0 10.0 40.0 45.0 45.0 86.0 77.0 1073.0 1070.0 1796.0 2249.0 2248.0 2129.0 
32.0 27.0 10.0 0 30.0 35.0 35.0 76.0 67.0 1063.0 1060.0 1786.0 2239.0 2238.0 2134.0 
57.0 52.0 40.0 30.0 0 39.0 40.0 81.0 72.0 1068.0 1065.0 1791.0 2244.0 2243.0 2159.0 
62.0 57.0 45.0 35.0 39.0 0 7.0 53.0 44.0 1040.0 1037.0 1763.0 2216.0 2215.0 2164.0 
62.0 57.0 45.0 35.0 40.0 7.0 0 53.0 44.0 1040.0 1037.0 1763.0 2216.0 2215.0 2164.0 
103.0 98.0 86.0 76.0 81.0 53.0 53.0 0 18.0 1018.0 1016.0 1741.0 2194.0 2193.0 2205.0 
94.0 89.0 77.0 67.0 72.0 44.0 44.0 18.0 0 1000.0 1003.0 1723.0 2176.0 2175.0 2196.0 
1090.0 1085.0 1073.0 1063.0 1068.0 1040.0 1040.0 1018.0 1000.0 0 3.0 723.0 1176.0 1175.0 3192.0 
1087.0 1082.0 1070.0 1060.0 1065.0 1037.0 1037.0 1016.0 1003.0 3.0 0 726.0 1179.0 1178.0 3189.0 
1813.0 1808.0 1796.0 1786.0 1791.0 1763.0 1763.0 1741.0 1723.0 723.0 726.0 0 493.0 492.0 2572.0 
2266.0 2261.0 2249.0 2239.0 2244.0 2216.0 2216.0 2194.0 2176.0 1176.0 1179.0 493.0 0 45.0 2125.0 
2265.0 2260.0 2248.0 2238.0 2243.0 2215.0 2215.0 2193.0 2175.0 1175.0 1178.0 492.0 45.0 0 2102.0 
2103.0 2108.0 2129.0 2134.0 2159.0 2164.0 2164.0 2205.0 2196.0 3192.0 3189.0 2572.0 2125.0 2102.0 0 
