26
Andersen Bernini Curtis FPC Halstead Injun Iowa Irvin McCall Tucson amateur coarse combine decor extrovert felony lordosis midget namesake sacrifice shovel swordfish trill wafer yogurt exothermic
0 1282461222.0 1013681055.0 1220851509.0 1921611704.0 1283312911.0 1782297873.0 945783694.0 2454179.0 1332767198.0 1373294641.0 1847740013.0 1602047524.0 1081041397.0 1307842231.0 900526372.0 1304939770.0 1537782813.0 524369210.0 1281087246.0 1350503470.0 715713266.0 1181159112.0 1250854256.0 1055407670.0 1044290367.0 
1282461222.0 0 749777409.0 1983930152.0 1963146762.0 669653538.0 1615357133.0 1642075548.0 1284840017.0 692263760.0 90833419.0 1257556418.0 1124546573.0 1777333251.0 1828326144.0 1614084679.0 1449164062.0 733761804.0 1295033701.0 2003594768.0 1934278469.0 1569637180.0 1636970377.0 2104778170.0 1758288577.0 1496212690.0 
1013681055.0 749777409.0 0 2114901433.0 2072064993.0 306004378.0 1721235805.0 1577147700.0 1011226876.0 1421116929.0 840610828.0 2007333827.0 1343320056.0 1712405403.0 1905537898.0 1647955427.0 1856335099.0 1483539213.0 1533141907.0 1969560585.0 1929913284.0 1711042870.0 1725170359.0 2119969472.0 1965515210.0 1491847505.0 
1220851509.0 1983930152.0 2114901433.0 0 1710341588.0 1808897055.0 1161398102.0 984179573.0 1218397330.0 1924406635.0 2074763571.0 1127659522.0 1446424317.0 1119437276.0 1473810555.0 1015930829.0 1889279258.0 1651454136.0 696482299.0 1701314874.0 1333752371.0 1068758798.0 1755083008.0 1603899788.0 698371046.0 1212709252.0 
1921611704.0 1963146762.0 2072064993.0 1710341588.0 0 2337109545.0 2060888176.0 1760078666.0 1919157525.0 2290467990.0 1872313343.0 1747065564.0 1880939613.0 1624820963.0 1618938570.0 1830886393.0 1205751262.0 1592202488.0 1650629502.0 2134994854.0 1897769992.0 1871032413.0 2393363417.0 1873754045.0 1941423420.0 1741627308.0 
1283312911.0 669653538.0 306004378.0 1808897055.0 2337109545.0 0 1415231427.0 1883152078.0 1280858732.0 1361917298.0 597880528.0 1764603527.0 1061680799.0 1924103077.0 1734099702.0 1878628774.0 1550330721.0 1240808913.0 1583376104.0 1982945637.0 2129774535.0 1975016755.0 1574104603.0 1813965094.0 2046359634.0 1691708756.0 
1782297873.0 1615357133.0 1721235805.0 1161398102.0 2060888176.0 1415231427.0 0 1289186544.0 1784706778.0 1963757202.0 1524523714.0 1551648798.0 768549225.0 1424444247.0 1856728434.0 1250960627.0 2046735515.0 2075443412.0 1596827739.0 2308700337.0 1514972361.0 1066584607.0 1280973029.0 1601725597.0 1405828638.0 1076906582.0 
945783694.0 1642075548.0 1577147700.0 984179573.0 1760078666.0 1883152078.0 1289186544.0 0 943329515.0 1729343049.0 1674182068.0 1367020686.0 1514470116.0 135257703.0 1733399003.0 70807727.0 1213225983.0 1151680983.0 532485029.0 1869322741.0 404844947.0 474537438.0 1135974396.0 1009678428.0 388367510.0 267586150.0 
2454179.0 1284840017.0 1011226876.0 1218397330.0 1919157525.0 1280858732.0 1784706778.0 943329515.0 0 1330313019.0 1375673436.0 1845285834.0 1604501703.0 1078587218.0 1310296410.0 898072193.0 1302485591.0 1540236992.0 521915031.0 1278633067.0 1348049291.0 718122171.0 1178704933.0 1253263161.0 1052953491.0 1041836188.0 
1332767198.0 692263760.0 1421116929.0 1924406635.0 2290467990.0 1361917298.0 1963757202.0 1729343049.0 1330313019.0 0 783097179.0 1810840164.0 1536091613.0 1829590260.0 2467011829.0 1685877225.0 1084716728.0 1426025564.0 1227924336.0 2608946086.0 1431321804.0 1990183331.0 2048515417.0 1715687158.0 1789417488.0 1747845493.0 
1373294641.0 90833419.0 840610828.0 2074763571.0 1872313343.0 597880528.0 1524523714.0 1674182068.0 1375673436.0 783097179.0 0 1166722999.0 1215379992.0 1809439771.0 1887807930.0 1704918098.0 1358330643.0 642928385.0 1385867120.0 1912761349.0 1969283240.0 1518205353.0 1727803796.0 2053346343.0 1837186872.0 1587046109.0 
1847740013.0 1257556418.0 2007333827.0 1127659522.0 1747065564.0 1764603527.0 1551648798.0 1367020686.0 1845285834.0 1810840164.0 1166722999.0 0 2160856384.0 1502278389.0 1948565078.0 1437828413.0 1239196872.0 523794614.0 1790669374.0 2659765519.0 1685444829.0 1210615362.0 2076414511.0 1660680745.0 1515205820.0 1270748217.0 
1602047524.0 1124546573.0 1343320056.0 1446424317.0 1880939613.0 1061680799.0 768549225.0 1514470116.0 1604501703.0 1536091613.0 1215379992.0 2160856384.0 0 1649727819.0 2291766644.0 1577590473.0 2060097921.0 1858308377.0 1814790274.0 1540151112.0 1251716885.0 1265278824.0 512423804.0 1800419814.0 1527611893.0 1689782664.0 
1081041397.0 1777333251.0 1712405403.0 1119437276.0 1624820963.0 1924103077.0 1424444247.0 135257703.0 1078587218.0 1829590260.0 1809439771.0 1502278389.0 1649727819.0 0 1868656706.0 206065430.0 1206649492.0 1286938686.0 667742732.0 2004580444.0 398268456.0 609795141.0 1137561537.0 1144936131.0 523625213.0 402843853.0 
1307842231.0 1828326144.0 1905537898.0 1473810555.0 1618938570.0 1734099702.0 1856728434.0 1733399003.0 1310296410.0 2467011829.0 1887807930.0 1948565078.0 2291766644.0 1868656706.0 0 1672102415.0 1475097114.0 2048732951.0 1603334430.0 1200467441.0 2138243950.0 1577865734.0 1782721520.0 1985604273.0 1610725932.0 1868880838.0 
900526372.0 1614084679.0 1647955427.0 1015930829.0 1830886393.0 1878628774.0 1250960627.0 70807727.0 898072193.0 1685877225.0 1704918098.0 1437828413.0 1577590473.0 206065430.0 1672102415.0 0 1166607356.0 1080873256.0 603292756.0 1852879868.0 475652674.0 403729711.0 1065166669.0 938870701.0 317559783.0 196778423.0 
1304939770.0 1449164062.0 1856335099.0 1889279258.0 1205751262.0 1550330721.0 2046735515.0 1213225983.0 1302485591.0 1084716728.0 1358330643.0 1239196872.0 2060097921.0 1206649492.0 1475097114.0 1166607356.0 0 715402258.0 1414894841.0 2581118658.0 808381036.0 1460103940.0 1547674117.0 1995244930.0 1190908212.0 969828933.0 
1537782813.0 733761804.0 1483539213.0 1651454136.0 1592202488.0 1240808913.0 2075443412.0 1151680983.0 1540236992.0 1426025564.0 642928385.0 523794614.0 1858308377.0 1286938686.0 2048732951.0 1080873256.0 715402258.0 0 1308162281.0 2412361567.0 1523783294.0 1087304923.0 1953104072.0 1447616528.0 1398433039.0 1277651679.0 
524369210.0 1295033701.0 1533141907.0 696482299.0 1650629502.0 1583376104.0 1596827739.0 532485029.0 521915031.0 1227924336.0 1385867120.0 1790669374.0 1814790274.0 667742732.0 1603334430.0 603292756.0 1414894841.0 1308162281.0 0 1800548098.0 826134260.0 764854503.0 1314716886.0 1299995493.0 561493152.0 519921157.0 
1281087246.0 2003594768.0 1969560585.0 1701314874.0 2134994854.0 1982945637.0 2308700337.0 1869322741.0 1278633067.0 2608946086.0 1912761349.0 2659765519.0 1540151112.0 2004580444.0 1200467441.0 1852879868.0 2581118658.0 2412361567.0 1800548098.0 0 2212456480.0 1449150157.0 2052574916.0 1984291147.0 1881323664.0 1774390701.0 
1350503470.0 1934278469.0 1929913284.0 1333752371.0 1897769992.0 2129774535.0 1514972361.0 404844947.0 1348049291.0 1431321804.0 1969283240.0 1685444829.0 1251716885.0 398268456.0 2138243950.0 475652674.0 808381036.0 1523783294.0 826134260.0 2212456480.0 0 827360882.0 739293081.0 1362501872.0 793212457.0 438065779.0 
715713266.0 1569637180.0 1711042870.0 1068758798.0 1871032413.0 1975016755.0 1066584607.0 474537438.0 718122171.0 1990183331.0 1518205353.0 1210615362.0 1265278824.0 609795141.0 1577865734.0 403729711.0 1460103940.0 1087304923.0 764854503.0 1449150157.0 827360882.0 0 865799149.0 535140990.0 461012522.0 490275007.0 
1181159112.0 1636970377.0 1725170359.0 1755083008.0 2393363417.0 1574104603.0 1280973029.0 1135974396.0 1178704933.0 2048515417.0 1727803796.0 2076414511.0 512423804.0 1137561537.0 1782721520.0 1065166669.0 1547674117.0 1953104072.0 1314716886.0 2052574916.0 739293081.0 865799149.0 0 1400940139.0 1056711962.0 1177358860.0 
1250854256.0 2104778170.0 2119969472.0 1603899788.0 1873754045.0 1813965094.0 1601725597.0 1009678428.0 1253263161.0 1715687158.0 2053346343.0 1660680745.0 1800419814.0 1144936131.0 1985604273.0 938870701.0 1995244930.0 1447616528.0 1299995493.0 1984291147.0 1362501872.0 535140990.0 1400940139.0 0 996153512.0 1025415997.0 
1055407670.0 1758288577.0 1965515210.0 698371046.0 1941423420.0 2046359634.0 1405828638.0 388367510.0 1052953491.0 1789417488.0 1837186872.0 1515205820.0 1527611893.0 523625213.0 1610725932.0 317559783.0 1190908212.0 1398433039.0 561493152.0 1881323664.0 793212457.0 461012522.0 1056711962.0 996153512.0 0 514338206.0 
1044290367.0 1496212690.0 1491847505.0 1212709252.0 1741627308.0 1691708756.0 1076906582.0 267586150.0 1041836188.0 1747845493.0 1587046109.0 1270748217.0 1689782664.0 402843853.0 1868880838.0 196778423.0 969828933.0 1277651679.0 519921157.0 1774390701.0 438065779.0 490275007.0 1177358860.0 1025415997.0 514338206.0 0 
