26
Loc33 Loc7 Loc45 Loc15 Loc9 Loc11 Loc27 Loc42 Loc12 Loc41 Loc48 Loc17 Loc46 Loc20 Loc44 Loc29 Loc43 Loc34 Loc36 Loc10 Loc21 Loc6 Loc30 Loc49 Loc35 Loc23
0 343471448.87631 933121849.26688 161370608.50024998 506970223.52503 79756852.89525 498516299.74443 815611818.03274 903324503.38891 648375753.89545 1018036632.78273 844627926.3579199 585894402.02993 468323641.03008 348306847.86328 943339835.63535 898240795.09254 824633970.13586 411842335.2981 800592677.12833 305061139.35641 790546675.09322 991511691.21826 726416774.29516 978828401.2969899 537833264.0322601 
343471448.87631 0 593381863.63835 385301591.60617995 504447700.31395 305676472.75522 187632698.70353 667064910.99625 768975056.32614 370782846.17164 714472284.64364 707130416.3352901 329862853.99286 168823286.14964 505803463.41907 711340946.34499 839300145.73343 499990614.93802 222530527.3919 840609624.3233 280353346.87089 797619934.02008 662793914.27817 383971615.1754 754114737.05247 239087654.00216 
933121849.26688 593381863.63835 0 963923965.065 835799286.36543 885493825.6682401 503017434.76538 700135980.8082299 773031144.43884 384363119.09321 295224813.1693 728365749.71082 451522472.52743 480539390.41505 980155155.9038 525448040.73538 948550316.97293 180584945.54386 591148338.52954 1094570106.8364 744827522.45817 1029536675.99276 130528484.55108 251205016.57876 570095638.8619 514545955.5454 
161370608.50024998 385301591.60617995 963923965.065 0 508309045.911 81613755.605 559246893.34599 797253233.27901 881024521.80868 660440345.67162 1032120730.79127 833821188.1366501 594983125.48645 498585038.4973 295046966.84147 939706675.6689501 879596757.01283 864146835.21366 418173038.04597 752649049.46705 293114344.65666 738533452.77424 1015368155.17732 766547263.2092 970878595.54807 584804396.63947 
506970223.52503 504447700.31395 835799286.36543 508309045.911 0 454735102.5042 675596051.50159 361627606.96387 426086354.19773 461629870.37729 766230188.2072101 378238113.44582 394477440.86057 443059168.24170005 237155484.37758 568182394.25151 391270571.56751 827860390.1514001 305541229.54101 364261154.5471 239852342.15983 297369827.26667 823955908.686 754320723.29356 602791959.09453 731867123.11537 
79756852.89525 305676472.75522 885493825.6682401 81613755.605 454735102.5042 0 477633137.74099 735854965.13749 823576390.60261 580550647.90081 951901888.33408 764871073.46267 540204128.61895 474499758.90486 289951937.60906 867132497.08162 820789092.92036 785766131.16354 371492647.91338 731762144.28032 225693742.16997 710789822.19797 933754399.57232 688604902.29852 899867712.7149 518040876.95845 
498516299.74443 187632698.70353 503017434.76538 559246893.34599 675596051.50159 477633137.74099 0 777436669.1532899 879548604.09358 421177314.63754 693646836.25307 816323283.08495 410361551.06581 259693805.40618 693411155.9637 764510578.31342 978698916.21312 354025021.69832003 374246419.04863 1008613799.97112 464040614.26447 960813068.72977 601398187.9169 257608259.06392 811629872.83723 56737971.81636 
815611818.03274 667064910.99625 700135980.8082299 797253233.27901 361627606.96387 735854965.13749 777436669.1532899 0 104232976.64456001 378958743.16313 512132037.92824 40065505.33904 367954996.8321 520699510.71711004 598462268.28032 244387172.7276 254980883.76377 764926619.14399 451867561.83871 441076516.40948 510766873.91783 381068264.41739 628397525.74745 729352601.96768 241164352.13066 830144072.42984 
903324503.38891 768975056.32614 773031144.43884 881024521.80868 426086354.19773 823576390.60261 879548604.09358 104232976.64456001 0 478159426.03344 564788316.55823 64167471.30552 470404182.75253 623719867.26483 661786775.86258 279563029.87421 197793321.59908 856187757.94088 552352390.3126 428506983.60607004 600520258.07358 361615656.32564 696233847.99823 825578899.12932 257915997.51327 932928246.79025 
648375753.89545 370782846.17164 384363119.09321 660440345.67162 461629870.37729 580550647.90081 421177314.63754 378958743.16313 478159426.03344 0 371890613.46692 418774890.06169 70528733.19939 202057552.43176 611123615.12368 346931175.665 615454276.37939 409628794.83153 247644662.95128998 722588619.90375 393497297.28597 661126440.50321 449291659.80494 353010019.60822 392678411.93647 469647621.5247 
1018036632.78273 714472284.64364 295224813.1693 1032120730.79127 766230188.2072101 951901888.33408 693646836.25307 512132037.92824 564788316.55823 371890613.46692 0 537121402.48583 439416373.86039 555565383.73 962783885.72194 287375293.19119 760478464.4640299 450799433.98348 616075896.3569 949493197.24185 761718014.02253 882601869.96142 164696328.61822 486647952.94441 321476387.66678 723395316.15766 
844627926.3579199 707130416.3352901 728365749.71082 833821188.1366501 378238113.44582 764871073.46267 816323283.08495 40065505.33904 64167471.30552 418774890.06169 537121402.48583 0 407933354.52695 559977239.39476 615320419.05542 260753122.30502 223357061.9782 803033366.01092 488184919.00708 424608349.70838 540706843.47999 363658435.97193 659009910.37423 768668311.50407 281229857.4697 870209577.76888 
585894402.02993 329862853.99286 451522472.52743 594983125.48645 394477440.86057 540204128.61895 410361551.06581 367954996.8321 470404182.75253 70528733.19939 439416373.86039 407933354.52695 0 164354714.48543 540999812.73722 381864674.91423 588409684.10141 447397672.64499 177115929.7519 674628670.65687 323618032.21289 615442759.05582 452896596.52643 423538752.80761 424254902.59665 462892516.77757 
468323641.03008 168823286.14964 480539390.41505 498585038.4973 443059168.24170005 474499758.90486 259693805.40618 520699510.71711004 623719867.26483 202057552.43176 555565383.73 559977239.39476 164354714.48543 0 521059225.58652997 543708401.55657 719281330.18961 425393904.47869 137517938.70069 763192254.49193 277400016.36417 711283304.94792 524102579.47564 325064406.38847 587298951.30356 316431777.22254 
348306847.86328 505803463.41907 980155155.9038 295046966.84147 237155484.37758 289951937.60906 693411155.9637 598462268.28032 661786775.86258 611123615.12368 962783885.72194 615320419.05542 540999812.73722 521059225.58652997 0 794772138.98031 600338679.92195 931738344.60563 391146556.59272 460528448.85812 243659209.22236 452963629.38315 993876719.05789 843971667.91133 813875442.18981 744176768.69944 
943339835.63535 711340946.34499 525448040.73538 939706675.6689501 568182394.25151 867132497.08162 764510578.31342 244387172.7276 279563029.87421 346931175.665 287375293.19119 260753122.30502 381864674.91423 543708401.55657 794772138.98031 0 476149901.29703 642609768.8824301 536236967.89298 684364061.9041 647357554.53397 624141782.37362 430557672.47621 637600499.03328 48863725.07401 809798363.68852 
898240795.09254 839300145.73343 948550316.97293 879596757.01283 391270571.56751 820789092.92036 978698916.21312 254980883.76377 197793321.59908 615454276.37939 760478464.4640299 223357061.9782 588409684.10141 719281330.18961 600338679.92195 476149901.29703 0 1011929707.50165 617452520.86109 248068965.71482 615978482.71232 195372023.61202 882366972.35243 968373603.35448 455689191.27087 1034646844.22279 
824633970.13586 499990614.93802 180584945.54386 864146835.21366 827860390.1514001 785766131.16354 354025021.69832003 764926619.14399 856187757.94088 409628794.83153 450799433.98348 803033366.01092 447397672.64499 425393904.47869 931738344.60563 642609768.8824301 1011929707.50165 0 544121902.70593 1122026343.30186 698517909.7686 1062840431.70081 307191274.23606 152652442.96908998 690557646.7488 352026333.5646 
411842335.2981 222530527.3919 591148338.52954 418173038.04597 305541229.54101 371492647.91338 374246419.04863 451867561.83871 552352390.3126 247644662.95128998 616075896.3569 488184919.00708 177115929.7519 137517938.70069 391146556.59272 536236967.89298 617452520.86109 544121902.70593 0 634926706.31276 154396007.06267 586566649.68114 616916994.44188 461242977.84519 573152449.01247 430957078.03595 
800592677.12833 840609624.3233 1094570106.8364 752649049.46705 364261154.5471 731762144.28032 1008613799.97112 441076516.40948 428506983.60607004 722588619.90375 949493197.24185 424608349.70838 674628670.65687 763192254.49193 460528448.85812 684364061.9041 248068965.71482 1122026343.30186 634926706.31276 0 572557760.76293 66891327.28043 1050443969.92157 1059814542.68915 674306370.38335 1065351771.78748 
305061139.35641 280353346.87089 744827522.45817 293114344.65666 239852342.15983 225693742.16997 464040614.26447 510766873.91783 600520258.07358 393497297.28597 761718014.02253 540706843.47999 323618032.21289 277400016.36417 243659209.22236 647357554.53397 615978482.71232 698517909.7686 154396007.06267 572557760.76293 0 537019549.89214 770568909.92969 600312458.68897 677853893.37947 517946459.27382 
790546675.09322 797619934.02008 1029536675.99276 738533452.77424 297369827.26667 710789822.19797 960813068.72977 381068264.41739 361615656.32564 661126440.50321 882601869.96142 363658435.97193 615442759.05582 711283304.94792 452963629.38315 624141782.37362 195372023.61202 1062840431.70081 586566649.68114 66891327.28043 537019549.89214 0 984461441.40089 1006321847.3750299 608597707.61716 1017522993.2642 
991511691.21826 662793914.27817 130528484.55108 1015368155.17732 823955908.686 933754399.57232 601398187.9169 628397525.74745 696233847.99823 449291659.80494 164696328.61822 659009910.37423 452896596.52643 524102579.47564 993876719.05789 430557672.47621 882366972.35243 307191274.23606 616916994.44188 1050443969.92157 770568909.92969 984461441.40089 0 364033206.75084 471034797.62502 620841830.25428 
726416774.29516 383971615.1754 251205016.57876 766547263.2092 754320723.29356 688604902.29852 257608259.06392 729352601.96768 825578899.12932 353010019.60822 486647952.94441 768668311.50407 423538752.80761 325064406.38847 843971667.91133 637600499.03328 968373603.35448 152652442.96908998 461242977.84519 1059814542.68915 600312458.68897 1006321847.3750299 364033206.75084 0 686415918.74637 263810312.98639 
978828401.2969899 754114737.05247 570095638.8619 970878595.54807 602791959.09453 899867712.7149 811629872.83723 241164352.13066 257915997.51327 392678411.93647 321476387.66678 281229857.4697 424254902.59665 587298951.30356 813875442.18981 48863725.07401 455689191.27087 690557646.7488 573152449.01247 674306370.38335 677853893.37947 608597707.61716 471034797.62502 686415918.74637 0 857416969.83705 
537833264.0322601 239087654.00216 514545955.5454 584804396.63947 731867123.11537 518040876.95845 56737971.81636 830144072.42984 932928246.79025 469647621.5247 723395316.15766 870209577.76888 462892516.77757 316431777.22254 744176768.69944 809798363.68852 1034646844.22279 352026333.5646 430957078.03595 1065351771.78748 517946459.27382 1017522993.2642 620841830.25428 263810312.98639 857416969.83705 0 
