51
Loc24 Loc39 Loc89 Loc77 Loc65 Loc84 Loc79 Loc86 Loc93 Loc74 Loc97 Loc23 Loc67 Loc78 Loc48 Loc71 Loc58 Loc46 Loc31 Loc41 Loc7 Loc70 Loc10 Loc33 Loc62 Loc73 Loc54 Loc95 Loc25 Loc51 Loc28 Loc22 Loc37 Loc14 Loc15 Loc0 Loc81 Loc4 Loc92 Loc66 Loc1 Loc52 Loc13 Loc34 Loc63 Loc80 Loc47 Loc44 Loc64 Loc90 Loc35
0 834700375.97425 225023646.30563 389570394.78172 782913612.4529 329065458.58801 349126003.92163 209630892.93777 379493637.00486 180954924.45586 839226940.59946 741385229.41611 763856662.38556 272119858.63437 768500086.69021 742995120.2156 629177408.83969 463294180.11299 580713953.19147 626596515.10343 496544350.06227 710252939.90976 273372747.99654996 665600814.22165 343123640.97315 33853216.77939 670273589.26647 672930080.69584 154065129.39431 568988867.1996 737598972.57812 115513502.08151 590871020.56656 694665896.98043 521818977.46526 73400182.52396 522587803.9338 218120545.63667 215226768.14319 576274461.99368 781713705.3888 729287339.558 798661110.13819 484048358.68457 523147898.4857 262635071.93168 497766626.19188 747828782.9423499 781704062.7796 229985721.88768 612457637.76489 
834700375.97425 0 825064428.72564 533868925.47449 80647354.28593 702257981.267 586368292.89292 953323848.37272 506162766.57385 894356182.54218 694545000.91933 569249494.53788 652635825.85198 830217707.88376 96577858.5561 139354765.63924 884864591.02681 623558811.2013 588800979.18757 419970627.97744 727968659.32348 467371713.20359 581451176.04158 291566133.16896 940645992.14882 814805625.16628 780826158.89605 777502405.42409 689663192.95879 845960512.26702 273719798.46292 935727052.29436 845529875.0184 230486266.96107 313581739.58919 884029743.6911 958623646.51303 813157682.84692 794553654.43905 287814434.83147 510810481.25016 107140056.619 691862697.03726 836532474.36928 312146744.49927 985086860.22156 355139064.79308003 544224745.96042 287160012.44642 760157554.15732 735420866.47219 
225023646.30563 825064428.72564 0 298834989.35841 792323642.50392 162418070.22501 489395631.60941 426599105.20372 481154568.62531 405816162.56669 658940121.44277 581129178.1911 584879223.9168 47099077.13847 776838967.1134901 734533030.30543 406797193.24612004 298343603.93688 417128943.56904 731051964.04788 294962567.53434 575334009.85305 311376432.10446995 592011742.04419 144223620.8664 249283372.08925 462284128.49141 465312199.54647005 211157171.90025 348031353.8216 659259154.22812 213638140.38116 370681198.82156 743492685.87317 523415436.24027 298423828.82958996 300391542.34294 13403381.72198 42286320.54575 617909499.08691 636348198.17184 729540998.11908 613469420.04857 261641943.51622 525193722.5266 187877136.102 481560582.6086 593204351.6768 847930131.35702 431757526.13283 410530514.417 
389570394.78172 533868925.47449 298834989.35841 0 510907574.85707 168981554.59725 400550549.57869 577611625.11006 341078723.29004 531206174.51858 487939583.66078 373835329.39315003 411300764.98602 305142957.34191 494977739.80931 444645181.74371 434365498.30201 149073445.63592 227471882.15231 542001337.83449 251391077.19371 321878371.68746 248224962.23935002 294645321.3463 406777066.67433 386916525.22189 394086540.1917 393836998.42926 241111941.50904 385606590.50544 363792899.58532 457143343.37154 387973398.53232 494060736.312 255999197.11167 459356890.35015 448701549.96932 290126620.21758 260684728.96456 381185791.74846005 397417207.95536 445451173.9584 456564335.02158004 334844476.78538 257902821.52406 461690630.6332 205612042.75264 372461652.71794 606447463.98599 475154804.50778 329444044.30145 
782913612.4529 80647354.28593 792323642.50392 510907574.85707 0 679717052.60797 517921254.66073 890265831.90898 439078320.52166 830953494.94259 731409256.77045 597886214.42782 682179246.45861 801751328.31236 15930504.27017 80618944.18642 889503076.26556 616262708.73716 597034233.53629 339345586.74462 722856056.96106 495714729.4278 529304442.83515 307613783.39322 914308514.46194 760985956.67566 794390733.55059 792118403.31276 642941869.83114 846233732.0488 306255351.68901 887845959.32653 848054389.69836 149906563.13352 270523339.48809 828193136.13713 949338917.97419 780099494.39142 750685605.94954 216920523.2542 548476993.54319 66753894.52367 723623127.51732 828550865.37814 268409524.01338 949292439.56571 311102288.97715 576002417.62968 206512658.16049 693242260.32658 744380746.83189 
329065458.58801 702257981.267 162418070.22501 168981554.59725 679717052.60797 0 483355170.33197 535999233.19938 448068035.81805 502123781.75359 513508111.73277 428841526.47147 439674344.93961 138008851.31306 663786673.38238 613506485.34227 330319898.88205 144643992.99131 264197117.37431 679510767.18265 170485644.28834 420369976.06402 284248977.75847 449233936.33866 238536612.82306 341306519.09988 344671438.45847 346576263.83462 227273157.34717 268021438.1183 513457878.76275 355745243.49645 285947817.84126 654713698.35155 420421994.76851 402158323.99917 295527212.04642 149014688.50303 178456579.75605 531654042.42153 481875471.07078 614384507.52628 472027579.69583 205605655.7479 422312434.89301 312833559.83346 371993720.04281 439791303.35106 765428869.34909 483917640.10655 284569033.57027 
349126003.92163 586368292.89292 489395631.60941 400550549.57869 517921254.66073 483355170.33197 0 386260042.75713 144742692.0763 327652932.0392 877382305.67421 745958651.91144 802474330.10109 525908679.62823 505256725.54271 507340537.92288 809782684.81178 544806491.81726 627616345.70462 281696047.19328 633219290.48441 675644042.1821201 200393481.30653 538819780.99189 633304430.49769 317025032.97635 791620245.59277 791792619.29637 285174049.48751 748373391.69092 603007067.41607 464439909.22858 763991846.89569 391906907.55824 322837259.50357 362887597.47774 767421330.46376 483160228.60359 453718337.35057 301000731.40653 751851499.38651 481451903.38008 846235634.8757 682081430.88439 322951836.3842 595542201.57238 339449040.358 739934380.35139 458120358.11884 181534659.44447 726660797.73694 
209630892.93777 953323848.37272 426599105.20372 577611625.11006 890265831.90898 535999233.19938 386260042.75713 0 452749871.55987 59312336.96639 1043222226.96909 939926573.35447 967296061.38796 473241439.71966 877545188.20811 865586489.78817 833259100.52029 666938312.75862 782353216.7497599 659679484.69494 704021923.87121 899407880.41271 396998540.68713 830581900.26262 526248806.12334996 196262784.01804 877759636.26721 880407654.5047799 342788003.73931 773936004.44955 902284398.02721 249016922.83972 796207784.33425 776147788.62757 653433304.02714 136230710.41381 715125876.48184 421463204.07867 421620953.67969 673632573.65059 974774290.09009 846583676.9350901 1003284344.3229401 688045356.46612 654340912.48643 413913345.98744 643647177.44144 944203676.68525 842076475.89994 307682568.4124 819849799.36754 
379493637.00486 506162766.57385 481154568.62531 341078723.29004 439078320.52166 448068035.81805 144742692.0763 452749871.55987 0 393440798.50252 805228184.66457 671114094.19333 731505480.7929 512068505.93978 427127463.31674 422984846.6008 765474674.58606 489299791.01975 559286364.19237 252851644.82312 590076806.70827 593482502.91426 173775417.58697 453715423.75695 624881076.41435 350707654.44444 735163566.3967 734909391.7143 280828090.55068 705407810.46092 517337801.96317005 494102723.16243 719177950.70219 325024859.69571 236456255.1088 407857453.77011 740575187.25113 467858722.74306 441918265.66666 222183971.80728 672698381.08872 400087517.57134 775910578.195 645791979.14462 245825684.69742 605664470.10594 254812151.47656 663590611.26167 403307763.72504 254276111.17098 670522767.59149 
180954924.45586 894356182.54218 405816162.56669 531206174.51858 830953494.94259 502123781.75359 327652932.0392 59312336.96639 393440798.50252 0 1003227318.14095 895921162.45371 926809349.84817 452911542.9638 818350963.97189 806874669.41857 809844688.15183 630456223.57751 740838437.0392 603290320.52829 672609426.04193 852065168.91245 342489168.99991 776364088.67423 516599133.54524 193963312.99389 846254182.1181 848337764.08216 292343210.73756 749369624.05721 847680606.21075 242044736.59249 771034615.23838 716835451.66118 599846632.84448 120185151.55529 701442289.81564 399074211.31003 395347685.80661 614357169.75666 927886419.67915 787271339.9687 964037126.13071 664804082.04323 596571445.0637 416077737.89822 586256153.47476 899100457.44199 783603106.56722 327113825.07227004 786689599.47031 
839226940.59946 694545000.91933 658940121.44277 487939583.66078 731409256.77045 513508111.73277 877382305.67421 1043222226.96909 805228184.66457 1003227318.14095 0 140436750.92234 76889289.49701 620773745.00673 719018696.45798 651406671.5060799 366295623.03179 376301260.24623 263469096.24877 939190729.32812 363977553.90843 242746128.02640998 703357996.45073 432013064.42354 660185125.58751 846964242.85629 233473503.32366 234721240.23348 711907708.39325 380661868.19701 425153905.08144 866977003.75208 363876219.10528004 809042176.23849 618184759.93946 912623603.65883 531725655.81575 654203333.59464 643645415.10605 734048799.07115 183745556.91351 675630511.52538 122152859.53256999 445409157.11558 619004865.08162 784608582.4401801 576625997.98544 166491293.45799 914430761.05316 951107990.94947 275416331.43546 
741385229.41611 569249494.53788 581129178.1911 373835329.39315003 597886214.42782 428841526.47147 745958651.91144 939926573.35447 671114094.19333 895921162.45371 140436750.92234 0 84873966.82595 552780180.15978 585473575.63518 517737524.60598 383562283.78763 284328694.31853 164663696.25975 798813857.68941 311271888.24515 102309377.10407 580681247.86983 294451935.56462 614749280.94121 744962624.86251 250942265.7259 255924631.6618 603714787.21158 373718148.85091996 296108289.4273 783762000.49021 360881838.15805 670066032.66673 477748009.01712 814150040.00221 523811359.2026 576752700.30696 559073138.49033 599802116.21608 78221853.16572 540454832.80209 125922150.2557 416030710.58122 489422611.65227 724761833.04358 436189247.0631 26054542.53565 776736757.94192 831586880.96025 237359130.16692 
763856662.38556 652635825.85198 584879223.9168 411300764.98602 682179246.45861 439674344.93961 802474330.10109 967296061.38796 731505480.7929 926809349.84817 76889289.49701 84873966.82595 0 551287181.94628 669629873.7310901 601890330.48809 328059264.13693 300597448.41402 186624367.92128 873355519.13787 296669307.56415 186494692.8179 629506734.48659 377343634.63109 597622436.9281 771033277.36992 191662071.46849 186679705.53259 635277346.77491 330334221.69529 380982256.25325 794435175.6205701 313662564.30914 750789398.48788 550642384.72877 837228284.45634 483429709.93356 582451286.8344 568400300.52012 669649910.07835 163095819.99167 624090717.20025 45263570.03556 387707154.66029 551990407.00916 717300336.0959 506297458.29998 110928509.3616 858694606.24455 874271571.63789 198527041.93845 
272119858.63437 830217707.88376 47099077.13847 305142957.34191 801751328.31236 138008851.31306 525908679.62823 473241439.71966 512068505.93978 452911542.9638 620773745.00673 552780180.15978 551287181.94628 0 785888443.51447 748459667.9408001 360421276.73912 274314142.39925 389602972.04745 759683685.63939 257357725.92921 554285678.10054 340913143.42723 585968397.79753 159657759.14396998 296134748.93197 421028099.61913997 424150942.19795 245727376.59327 302387882.24955 651001483.87714 259126998.00443 326009784.56681 761250179.00026 543165406.22246 337660385.62891 284191298.65788 55343403.06503 78072252.97849 635905397.02243 611556705.82497 737766954.62289 577906020.65906 215639554.22443 537129805.70555 195409407.82163 490766551.83933 566422305.73796 867893501.97728 476757150.79997 371303733.93664 
768500086.69021 96577858.5561 776838967.1134901 494977739.80931 15930504.27017 663786673.38238 505256725.54271 877545188.20811 427127463.31674 818350963.97189 719018696.45798 585473575.63518 669629873.7310901 785888443.51447 0 67739543.243 874425009.17482 601868538.49976 585591896.0111 335774850.93907 707361594.43647 483231536.03091 514714784.02447 294182987.69329 898405959.06739 746810386.898 780021685.7227 779239002.3693401 627972222.81388 830908206.25779 295248049.16707 873009269.91934 833045669.66591 165837067.40369 254592835.21792 814306099.77772 933408413.70402 764168990.12125 734755101.67937 213250094.18629 537211569.1657 50823390.2535 711300779.61265 812923793.88622 252919333.12904 933682677.71933 295278384.50489 563839972.2466 211729598.17 681403574.48772 729660437.2986 
742995120.2156 139354765.63924 734533030.30543 444645181.74371 80618944.18642 613506485.34227 507340537.92288 865586489.78817 422984846.6008 806874669.41857 651406671.5060799 517737524.60598 601890330.48809 748459667.9408001 67739543.243 0 811480579.37707 541926328.26982 517852352.7681 372614623.49523 647600297.4173601 415491992.78791 488689191.8107 227006815.44058 850353357.94279 723342982.70265 714487454.8723 711499459.12634 597095871.04484 769444965.15362 228269990.64006 843194063.4953799 770581109.23622 189818985.01386002 221176142.75034 793081740.66265 876942537.63131 721490682.50258 692246709.75968 207652117.5089 470559663.34155 32214709.02024 643659674.86168 754828595.76866 253722485.97927 893052000.68444 273574997.13347 496109945.55089 272964887.07501 677260957.77178 665226372.9623 
629177408.83969 884864591.02681 406797193.24612004 434365498.30201 889503076.26556 330319898.88205 809782684.81178 833259100.52029 765474674.58606 809844688.15183 366295623.03179 383562283.78763 328059264.13693 360421276.73912 874425009.17482 811480579.37707 0 289297398.5795 296498073.04849 976030360.537 182989173.75178 451313817.15238 609498458.8838 594026323.74123 357530683.13985 649615683.45237 146361924.54024 141379558.60434 555374011.11915 62394441.36133 631355176.28697 612137223.97866 46392099.76969 909709229.65723 674384249.57397 697221878.01461 174201033.9258 411851261.30537 414668699.0799 798724062.45616 461665368.14692 827931903.65519 328474442.85837996 145213744.05417 676213260.83485 480672885.839 622014583.65086 408266135.27314 1023846436.34492 811120203.7706201 153765921.15526 
463294180.11299 623558811.2013 298343603.93688 149073445.63592 616262708.73716 144643992.99131 544806491.81726 666938312.75862 489299791.01975 630456223.57751 376301260.24623 284328694.31853 300597448.41402 274314142.39925 601868538.49976 541926328.26982 289297398.5795 0 119836837.90869 687969715.10045 111551087.62843001 296463048.4704 350904042.10184 345105504.24203 354455842.16245 477097200.21583 246844837.1857 246986219.49333 338113012.83995 236533144.86952 400358813.86965 499563143.01509 243772859.57295 623020455.01907 386159159.55806 536651196.52382 335085510.71538 293241381.17836 274756635.44084 523514631.14137 338102447.7663 555646243.28061 336470116.5747 213051980.71317 400605337.53632003 449130828.94795 349945566.12023 296695125.35227 737064551.01535 586195960.52864 197525486.2583 
580713953.19147 588800979.18757 417128943.56904 227471882.15231 597034233.53629 264197117.37431 627616345.70462 782353216.7497599 559286364.19237 740838437.0392 263469096.24877 164663696.25975 186624367.92128 389602972.04745 585591896.0111 517852352.7681 296498073.04849 119836837.90869 0 727722644.12169 164145029.77589 176626210.56171 442882366.56531 297528250.69274 458221486.15337 586334683.25863 200282425.11409 198015047.70651 448937976.33501 263074326.39463 338040230.0345 619399980.92378 259205519.78612 632583655.29271 408076018.35175 653889303.53317 397366214.75909 413078219.08704996 394409442.23058 533055150.71208 222864000.33963 538971095.81551 231887937.95683998 278500218.32645 409719208.36551 562952616.22203 358030259.30635 176858287.44358 746505537.7648499 688389432.38316 147375513.61327 
626596515.10343 419970627.97744 731051964.04788 542001337.83449 339345586.74462 679510767.18265 281696047.19328 659679484.69494 252851644.82312 603290320.52829 939190729.32812 798813857.68941 873355519.13787 759683685.63939 335774850.93907 372614623.49523 976030360.537 687969715.10045 727722644.12169 0 793286347.61186 703624507.8378 420932266.96493 522126855.10224 873589757.10265 595376223.1492 921779356.34844 920814097.84665 533263131.81194 919543713.48456 561972814.28065 741652089.5867 929881493.70018 189520437.67993 332926287.41242003 644448490.30931 975037979.22907 717673145.41703 690772681.62387 209305826.23754 776452497.99816 340877017.97326005 918619089.17343 870868538.26928 331658155.50594 858512953.73237 370422612.33127 785924198.9444901 195070917.41823 455255257.16533 859853305.77389 
496544350.06227 727968659.32348 294962567.53434 251391077.19371 722856056.96106 170485644.28834 633219290.48441 704021923.87121 590076806.70827 672609426.04193 363977553.90843 311271888.24515 296669307.56415 257357725.92921 707361594.43647 647600297.4173601 182989173.75178 111551087.62843001 164145029.77589 793286347.61186 0 340771240.3376 434141797.32348 441873684.92761 303477392.69606 510720200.53617 174324089.51291 176385730.63357 395917214.10281 188518008.98224998 494959180.64488 508223330.36456 136597073.98209 732092270.46152 495087402.88854 568909221.90258 244914889.57903 295561828.49889 286085926.06057 618391628.64317 380117734.05606 656543003.14875 324601669.292 124050343.89214 497253496.32056004 420631028.53175 442714446.88215 329509323.85843 846127152.59141 652056554.35127 116506043.43751 
710252939.90976 467371713.20359 575334009.85305 321878371.68746 495714729.4278 420369976.06402 675644042.1821201 899407880.41271 593482502.91426 852065168.91245 242746128.02640998 102309377.10407 186494692.8179 554285678.10054 483231536.03091 415491992.78791 451313817.15238 296463048.4704 176626210.56171 703624507.8378 340771240.3376 0 525375328.06968 192562420.20755 631683449.31973 708364022.42855 328193432.31735 333175798.25324994 562955385.5719 429426202.937 196075101.5973 765467994.10948 435831730.34783 569432231.02183 390501503.25008 780227432.05096 571193446.93984 568841395.67639 547180560.69026 497492739.11201 80121208.11576 438153851.18676 228227181.46257 454295186.16754 387113234.5482 729289572.25162 359791160.67056 82299691.10669 675077029.56557 773464520.22415 297979226.96026 
273372747.99654996 581451176.04158 311376432.10446995 248224962.23935002 529304442.83515 284248977.75847 200393481.30653 396998540.68713 173775417.58697 342489168.99991 703357996.45073 580681247.86983 629506734.48659 340913143.42723 514714784.02447 488689191.8107 609498458.8838 350904042.10184 442882366.56531 420932266.96493 434141797.32348 525375328.06968 0 445894676.5973 454295839.41982996 265832838.32351 596430905.75106 596936527.21854 119307618.60224 547979910.38439 505285857.34008 359066788.20041 563985920.91601 450284089.90683 268143206.71771 306158591.38415 571692126.03034 297973050.38249 288178469.95674 327591787.26284 600803431.22408 475028048.31965 668721164.11398 482275958.15054 269528232.24873 444984846.25466 257503922.72834998 579234658.48192 546691120.50458 251840446.42987 531971164.16225994 
665600814.22165 291566133.16896 592011742.04419 294645321.3463 307613783.39322 449233936.33866 538819780.99189 830581900.26262 453715423.75695 776364088.67423 432013064.42354 294451935.56462 377343634.63109 585968397.79753 294182987.69329 227006815.44058 594026323.74123 345105504.24203 297528250.69274 522126855.10224 441873684.92761 192562420.20755 445894676.5973 0 685796542.20797 655579891.55802 489890548.29875 486689202.04804 511535684.82734 557101304.11949 126949903.59555 747093393.05503 555477157.98084 377615310.79684 222117053.95326 729358052.9966199 677598822.69874 582044396.10226 554937253.10547 346343722.10442996 257376983.00678 247230978.63839 420374085.82032 555666955.47638 222592713.3367 754762592.33595 254565583.26200998 274862111.31424 482514609.35802 672324039.77147 444627068.96821 
343123640.97315 940645992.1488199 144223620.8664 406777066.67433 914308514.46194 238536612.82306 633304430.49769 526248806.12334996 624881076.41435 516599133.54524 660185125.58751 614749280.94121 597622436.9281 159657759.14396998 898405959.06739 850353357.94279 357530683.13985 354455842.16245 458221486.15337 873589757.10265 303477392.69606 631683449.31973 454295839.41982996 685796542.20797 0 372820003.37861 439077199.80918 443157485.6077 348468236.93077 299079560.14863 747792840.07053 287235876.46322 322555834.01073 876922960.02687 654962169.6442 398022218.23492 194784212.1597 157310940.45512 182962810.74769 751660172.00198 681085486.493 849732339.33741 617080040.51199 217979310.75319 656837604.9726601 135473331.01671 603893910.13979 631195917.86371 983813939.70121 565024713.50736 403191867.96563 
33853216.77939 814805625.16628 249283372.08925 386916525.22189 760985956.67566 341306519.09988 317025032.97635 196262784.01804 350707654.44444 193963312.99389 846964242.85629 744962624.86251 771033277.36992 296134748.93197 746810386.898 723342982.70265 649615683.45237 477097200.21583 586334683.25863 595376223.1492 510720200.53617 708364022.42855 265832838.32351 655579891.55802 372820003.37861 0 684964767.96716 687100484.35949 146525219.72127 588751326.427 727644907.13898 147414876.25223 610189751.7837 668794743.51169 503106331.62645 73778161.4386 549674914.43219 241226997.09688 234982069.5763 552018915.80067 782281450.00175 709030491.5184801 807021560.3049 504888575.97373 504512369.21491 296110030.66492 481794188.1615 751915553.0511501 753709423.49271 196778643.79071 625805730.4791 
670273589.26647 780826158.89605 462284128.49141 394086540.1917 794390733.55059 344671438.45847 791620245.59277 877759636.26721 735163566.3967 846254182.1181 233473503.32366 250942265.7259 191662071.46849 421028099.61913997 780021685.7227 714487454.8723 146361924.54024 246844837.1857 200282425.11409 921779356.34844 174324089.51291 328193432.31735 596430905.75106 489890548.29875 439077199.80918 684964767.96716 0 4982365.9359 568537912.17875 147188364.87335 516973057.97602 675705288.80366 136819739.57399 832866080.4067999 605784484.99219 742286592.66518 300283853.11162 463691596.20675 457894237.23225 731190358.23325 329110180.19275 730591324.27611 192961368.2599 221097889.05599 607485704.92879 570104742.53609 558312684.42044 276996808.26155 946775039.76511 823432586.1842 64959665.64662 
672930080.69584 777502405.42409 465312199.54647005 393836998.42926 792118403.31276 346576263.83462 791792619.29637 880407654.5047799 734909391.7143 848337764.08216 234721240.23348 255924631.6618 186679705.53259 424150942.19795 779239002.3693401 711499459.12634 141379558.60434 246986219.49333 198015047.70651 920814097.84665 176385730.63357 333175798.25324994 596936527.21854 486689202.04804 443157485.6077 687100484.35949 4982365.9359 0 570016115.62541 151866229.88551 513292206.61999 678761502.28412 131837373.63809 830575410.5997 604084329.39175 745294952.53615 303150831.95688 466565272.76648 460508459.91418 729456704.30932 334092546.12864995 733920180.68643 188029255.73237 225191207.64344 605778896.51251 572853152.65853 556045307.0128601 281979174.19745 943706498.63517 824695180.43346 65318812.7202 
154065129.39431 689663192.95879 211157171.90025 241111941.50904 642941869.83114 227273157.34717 285174049.48751 342788003.73931 280828090.55068 292343210.73756 711907708.39325 603714787.21158 635277346.77491 245727376.59327 627972222.81388 597095871.04484 555374011.11915 338113012.83995 448937976.33501 533263131.81194 395917214.10281 562955385.5719 119307618.60224 511535684.82734 348468236.93077 146525219.72127 568537912.17875 570016115.62541 0 492999849.04406 583533843.18381 246098192.45054 513220975.18843 569285995.24583 377105305.31174 220303381.15987 488510219.9644 198312742.60751998 168870851.3545 445912388.4142 638373533.6865901 586041342.45174 673349012.88782 416678592.63398 378422734.3059 326725413.76176 347623251.54947 607386710.8847 665909441.87484 256646827.38725 511842190.91744 
568988867.1996 845960512.26702 348031353.8216 385606590.50544 846233732.0488 268021438.1183 748373391.69092 773936004.44955 705407810.46092 749369624.05721 380661868.19701 373718148.85091996 330334221.69529 302387882.24955 830908206.25779 769444965.15362 62394441.36133 236533144.86952 263074326.39463 919543713.48456 188518008.98224998 429426202.937 547979910.38439 557101304.11949 299079560.14863 588751326.427 147188364.87335 151866229.88551 492999849.04406 0 599030096.20624 556252645.17142 108786541.13102001 859447527.76874 622678931.78501 637778042.50192 153095488.23827 352661171.80927 354022728.03056 746057661.0104 450322184.03888 788790017.71385 338187781.83241 87069917.13273 624880704.22733 434552891.16534007 570293724.38561 396807899.76041 973597695.88487 748830371.18246 136359018.684 
737598972.57812 273719798.46292 659259154.22812 363792899.58532 306255351.68901 513457878.76275 603007067.41607 902284398.02721 517337801.96317005 847680606.21075 425153905.08144 296108289.4273 380982256.25325 651001483.87714 295248049.16707 228269990.64006 631355176.28697 400358813.86965 338040230.0345 561972814.28065 494959180.64488 196075101.5973 505285857.34008 126949903.59555 747792840.07053 727644907.13898 516973057.97602 513292206.61999 583533843.18381 599030096.20624 0 817363824.68208 594984476.37984 401893988.37798 281719563.9062 801387034.80052 727297420.23423 651017313.9119899 623045271.91556 360419900.8148 242289672.70149 255036562.09082 420618861.10477996 605275846.71746 343632999.21436 821768775.91883 312052203.63014 272732827.08716 498377630.80031 741538471.59056 477589255.13171 
115513502.08151 935727052.29436 213638140.38116 457143343.37154 887845959.32653 355745243.49645 464439909.22858 249016922.83972 494102723.16243 242044736.59249 866977003.75208 783762000.49021 794435175.6205701 259126998.00443 873009269.91934 843194063.4953799 612137223.97866 499563143.01509 619399980.92378 741652089.5867 508223330.36456 765467994.10948 359066788.20041 747093393.05503 287235876.46322 147414876.25223 675705288.80366 678761502.28412 246098192.45054 556252645.17142 817363824.68208 0 579479624.70227 805807783.88064 623203497.76228 126204424.38734 480249050.14371 213572205.68697 226034875.10045 685500818.30106 832732338.88915 831803302.70181 824848220.29074 469182733.10972 623629897.29443 174568535.75612 593149604.10066 793425383.0475 895257640.20657 333201667.98121 624079366.45703 
590871020.56656 845529875.0184 370681198.82156 387973398.53232 848054389.69836 285947817.84126 763991846.89569 796207784.33425 719177950.70219 771034615.23838 363876219.10528004 360881838.15805 313662564.30914 326009784.56681 833045669.66591 770581109.23622 46392099.76969 243772859.57295 259205519.78612 929881493.70018 136597073.98209 435831730.34783 563985920.91601 555477157.98084 322555834.01073 610189751.7837 136819739.57399 131837373.63809 513220975.18843 108786541.13102001 594984476.37984 579479624.70227 0 865337562.81396 629450775.56684 660065886.04144 189885062.00174 374908811.50622 375736721.32865 753515165.75475 438183606.99399 782222279.41241 319372809.97735 110370230.34238 631288849.22129 458029165.0274401 577057799.31559 384585003.50743 979473775.83377 768246282.57313 185014955.23909998 
694665896.98043 230486266.96107 743492685.87317 494060736.312 149906563.13352 654713698.35155 391906907.55824 776147788.62757 325024859.69571 716835451.66118 809042176.23849 670066032.66673 750789398.48788 761250179.00026 165837067.40369 189818985.01386002 909709229.65723 623020455.01907 632583655.29271 189520437.67993 732092270.46152 569432231.02183 450284089.90683 377615310.79684 876922960.02687 668794743.51169 832866080.4067999 830575410.5997 569285995.24583 859447527.76874 401893988.37798 805807783.88064 865337562.81396 0 238061539.20033 731634187.5701001 942570922.72478 730353866.94722 701248164.29187 125583392.45209 634297738.21413 157604275.99362 794824361.60695 826906223.02662 236168448.77555 891896884.4965 290460393.58346 651607545.35328 247559955.818 573441567.00271 775941287.79802 
521818977.46526 313581739.58919 523415436.24027 255999197.11167 270523339.48809 420421994.76851 322837259.50357 653433304.02714 236456255.1088 599846632.84448 618184759.93946 477748009.01712 550642384.72877 543165406.22246 254592835.21792 221176142.75034 674384249.57397 386159159.55806 408076018.35175 332926287.41242003 495087402.88854 390501503.25008 268143206.71771 222117053.95326 654962169.6442 503106331.62645 605784484.99219 604084329.39175 377105305.31174 622678931.78501 281719563.9062 623203497.76228 629450775.56684 238061539.20033 0 573711057.20729 704509383.52445 512545967.19605005 514804147.91542 264972301.73105 463396732.79162 210354204.3212 595873172.63064 588853206.33228 179628135.23916 679324563.56495 52398854.38313 464603873.38381 351612803.39313 484385745.74064 546153271.28322 
73400182.52396 884029743.6911 298423828.82958996 459356890.35015 828193136.13713 402158323.99917 362887597.47774 136230710.41381 407857453.77011 120185151.55529 912623603.65883 814150040.00221 837228284.45634 337660385.62891 814306099.77772 793081740.66265 697221878.01461 536651196.52382 653889303.53317 644448490.30931 568909221.90258 780227432.05096 306158591.38415 729358052.9966199 398022218.23492 73778161.4386 742286592.66518 745294952.53615 220303381.15987 637778042.50192 801387034.80052 126204424.38734 660065886.04144 731634187.5701001 573711057.20729 0 582852936.13309 285383294.45442 285487806.78938 616647983.18586 853404523.7983 777556312.08234 872059223.8666 552025670.5472599 574904585.36002 297777339.36812 554060503.15308 820004882.84949 810719165.90307 212297492.60331 685032396.17788 
522587803.9338 958623646.51303 300391542.34294 448701549.96932 949338917.97419 295527212.04642 767421330.46376 715125876.48184 740575187.25113 701442289.81564 531725655.81575 523811359.2026 483429709.93356 284191298.65788 933408413.70402 876942537.63131 174201033.9258 335085510.71538 397366214.75909 975037979.22907 244914889.57903 571193446.93984 571692126.03034 677598822.69874 194784212.1597 549674914.43219 300283853.11162 303150831.95688 488510219.9644 153095488.23827 727297420.23423 480249050.14371 189885062.00174 942570922.72478 704509383.52445 582852936.13309 0 309932205.27157 324037042.57374 823795994.41767 599594493.24463 882732155.24697 490686476.46494 122581635.5239 706412053.00604 327432396.78748 654103134.25436 545994165.30326 1054622271.79615 730978815.69321 289454506.92227 
218120545.63667 813157682.84692 13403381.72198 290126620.21758 780099494.39142 149014688.50303 483160228.60359 421463204.07867 467858722.74306 399074211.31003 654203333.59464 576752700.30696 582451286.8344 55343403.06503 764168990.12125 721490682.50258 411851261.30537 293241381.17836 413078219.08704996 717673145.41703 295561828.49889 568841395.67639 297973050.38249 582044396.10226 157310940.45512 241226997.09688 463691596.20675 466565272.76648 198312742.60751998 352661171.80927 651017313.9119899 213572205.68697 374908811.50622 730353866.94722 512545967.19605005 285383294.45442 309932205.27157 0 29441891.25302 604772561.35118 630877777.00828 717272659.64012 611811777.09362 266642376.09284 512584301.32971 196606583.73178002 474364193.90928 588805991.85409 834526749.63504 421413747.73494 410757911.60447 
215226768.14319 794553654.43905 42286320.54575 260684728.96456 750685605.94954 178456579.75605 453718337.35057 421620953.67969 441918265.66666 395347685.80661 643645415.10605 559073138.49033 568400300.52012 78072252.97849 734755101.67937 692246709.75968 414668699.0799 274756635.44084 394409442.23058 690772681.62387 286085926.06057 547180560.69026 288178469.95674 554937253.10547 182962810.74769 234982069.5763 457894237.23225 460508459.91418 168870851.3545 354022728.03056 623045271.91556 226034875.10045 375736721.32865 701248164.29187 514804147.91542 285487806.78938 324037042.57374 29441891.25302 0 575664841.36196 611094420.21637 687904310.78153 599264220.78528 269917076.78369 483142436.72157 218740132.41886002 462405293.53229 569722178.76898 805952822.4871 407520698.16606 402591969.49808 
576274461.99368 287814434.83147 617909499.08691 381185791.74846005 216920523.2542 531654042.42153 301000731.40653 673632573.65059 222183971.80728 614357169.75666 734048799.07115 599802116.21608 669649910.07835 635905397.02243 213250094.18629 207652117.5089 798724062.45616 523514631.14137 533055150.71208 209305826.23754 618391628.64317 497492739.11201 327591787.26284 346343722.10442996 751660172.00198 552018915.80067 731190358.23325 729456704.30932 445912388.4142 746057661.0104 360419900.8148 685500818.30106 753515165.75475 125583392.45209 264972301.73105 616647983.18586 823795994.41767 604772561.35118 575664841.36196 0 577613947.22777 181326598.51864 714913480.11391 708614644.59586 123751008.76773 767106311.65474 216669961.39964998 578366007.39422 233941132.40567 476418329.94985 671631024.68784 
781713705.3888 510810481.25016 636348198.17184 397417207.95536 548476993.54319 481875471.07078 751851499.38651 974774290.09009 672698381.08872 927886419.67915 183745556.91351 78221853.16572 163095819.99167 611556705.82497 537211569.1657 470559663.34155 461665368.14692 338102447.7663 222864000.33963 776452497.99816 380117734.05606 80121208.11576 600803431.22408 257376983.00678 681085486.493 782281450.00175 329110180.19275 334092546.12864995 638373533.6865901 450322184.03888 242289672.70149 832732338.88915 438183606.99399 634297738.21413 463396732.79162 853404523.7983 599594493.24463 630877777.00828 611094420.21637 577613947.22777 0 495239382.60343 185197558.90677 490037159.3288 464267185.79632 785518923.64648 426873027.25995 53600327.94137 739052614.01037 852588962.79603 314179166.64825 
729287339.558 107140056.619 729540998.11908 445451173.9584 66753894.52367 614384507.52628 481451903.38008 846583676.9350901 400087517.57134 787271339.9687 675630511.52538 540454832.80209 624090717.20025 737766954.62289 50823390.2535 32214709.02024 827931903.65519 555646243.28061 538971095.81551 340877017.97326005 656543003.14875 438153851.18676 475028048.31965 247230978.63839 849732339.33741 709030491.5184801 730591324.27611 733920180.68643 586041342.45174 788790017.71385 255036562.09082 831803302.70181 782222279.41241 157604275.99362 210354204.3212 777556312.08234 882732155.24697 717272659.64012 687904310.78153 181326598.51864 495239382.60343 0 666376944.04938 762100403.63272 227834397.47519 887919755.35084 247999008.17408 519478613.33134 243813231.40694 653718001.16586 679694236.70818 
798661110.13819 691862697.03726 613469420.04857 456564335.02158004 723623127.51732 472027579.69583 846235634.8757 1003284344.3229401 775910578.195 964037126.13071 122152859.53256999 125922150.2557 45263570.03556 577906020.65906 711300779.61265 643659674.86168 328474442.85837996 336470116.5747 231887937.95683998 918619089.17343 324601669.292 228227181.46257 668721164.11398 420374085.82032 617080040.51199 807021560.3049 192961368.2599 188029255.73237 673349012.88782 338187781.83241 420618861.10477996 824848220.29074 319372809.97735 794824361.60695 595873172.63064 872059223.8666 490686476.46494 611811777.09362 599264220.78528 714913480.11391 185197558.90677 666376944.04938 0 402600127.88431 597253977.04472 742177914.79208 551561028.3355399 147886034.01762 902200885.60663 916179854.0246 214009539.21548 
484048358.68457 836532474.36928 261641943.51622 334844476.78538 828550865.37814 205605655.7479 682081430.88439 688045356.46612 645791979.14462 664804082.04323 445409157.11558 416030710.58122 387707154.66029 215639554.22443 812923793.88622 754828595.76866 145213744.05417 213051980.71317 278500218.32645 870868538.26928 124050343.89214 454295186.16754 482275958.15054 555666955.47638 217979310.75319 504888575.97373 221097889.05599 225191207.64344 416678592.63398 87069917.13273 605275846.71746 469182733.10972 110370230.34238 826906223.02662 588853206.33228 552025670.5472599 122581635.5239 266642376.09284 269917076.78369 708614644.59586 490037159.3288 762100403.63272 402600127.88431 0 591156667.03342 349006853.4801 537138459.15874 436436831.38743 940190426.37367 670441698.36086 189180112.72184 
523147898.4857 312146744.49927 525193722.5266 257902821.52406 268409524.01338 422312434.89301 322951836.3842 654340912.48643 245825684.69742 596571445.0637 619004865.08162 489422611.65227 551990407.00916 537129805.70555 252919333.12904 253722485.97927 676213260.83485 400605337.53632003 409719208.36551 331658155.50594 497253496.32056004 387113234.5482 269528232.24873 222592713.3367 656837604.9726601 504512369.21491 607485704.92879 605778896.51251 378422734.3059 624880704.22733 343632999.21436 623629897.29443 631288849.22129 236168448.77555 179628135.23916 574904585.36002 706412053.00604 512584301.32971 483142436.72157 123751008.76773 464267185.79632 227834397.47519 597253977.04472 591156667.03342 0 681043564.44057 168921254.71293998 465763056.26087 349729219.62784 474582514.20746 547891042.9711 
262635071.93168 985086860.22156 187877136.102 461690630.6332 949292439.56571 312833559.83346 595542201.57238 413913345.98744 605664470.10594 416077737.89822 784608582.4401801 724761833.04358 717300336.0959 195409407.82163 933682677.71933 893052000.68444 480672885.839 449130828.94795 562952616.22203 858512953.73237 420631028.53175 729289572.25162 444984846.25466 754762592.33595 135473331.01671 296110030.66492 570104742.53609 572853152.65853 326725413.76176 434552891.16534007 821768775.91883 174568535.75612 458029165.0274401 891896884.4965 679324563.56495 297777339.36812 327432396.78748 196606583.73178002 218740132.41886002 767106311.65474 785518923.64648 887919755.35084 742177914.79208 349006853.4801 681043564.44057 0 639920747.17676 739406037.50882 991060356.64686 492591460.33261 528168375.5766 
497766626.19188 355139064.79308003 481560582.6086 205612042.75264 311102288.97715 371993720.04281 339449040.358 643647177.44144 254812151.47656 586256153.47476 576625997.98544 436189247.0631 506297458.29998 490766551.83933 295278384.50489 273574997.13347 622014583.65086 349945566.12023 358030259.30635 370422612.33127 442714446.88215 359791160.67056 257503922.72834998 254565583.26200998 603893910.13979 481794188.1615 558312684.42044 556045307.0128601 347623251.54947 570293724.38561 312052203.63014 593149604.10066 577057799.31559 290460393.58346 52398854.38313 554060503.15308 654103134.25436 474364193.90928 462405293.53229 216669961.39964998 426873027.25995 247999008.17408 551561028.3355399 537138459.15874 168921254.71293998 639920747.17676 0 424725945.50509 403763289.22135 473678865.21441996 494608844.15987 
747828782.9423499 544224745.96042 593204351.6768 372461652.71794 576002417.62968 439791303.35106 739934380.35139 944203676.68525 663590611.26167 899100457.44199 166491293.45799 26054542.53565 110928509.3616 566422305.73796 563839972.2466 496109945.55089 408266135.27314 296695125.35227 176858287.44358 785924198.9444901 329509323.85843 82299691.10669 579234658.48192 274862111.31424 631195917.86371 751915553.0511501 276996808.26155 281979174.19745 607386710.8847 396807899.76041 272732827.08716 793425383.0475 384585003.50743 651607545.35328 464603873.38381 820004882.84949 545994165.30326 588805991.85409 569722178.76898 578366007.39422 53600327.94137 519478613.33134 147886034.01762 436436831.38743 465763056.26087 739406037.50882 424725945.50509 0 757227342.35461 830776583.56006 263413672.70257002 
781704062.7796 287160012.44642 847930131.35702 606447463.98599 206512658.16049 765428869.34909 458120358.11884 842076475.89994 403307763.72504 783603106.56722 914430761.05316 776736757.94192 858694606.24455 867893501.97728 211729598.17 272964887.07501 1023846436.34492 737064551.01535 746505537.7648499 195070917.41823 846127152.59141 675077029.56557 546691120.50458 482514609.35802 983813939.70121 753709423.49271 946775039.76511 943706498.63517 665909441.87484 973597695.88487 498377630.80031 895257640.20657 979473775.83377 247559955.818 351612803.39313 810719165.90307 1054622271.79615 834526749.63504 805952822.4871 233941132.40567 739052614.01037 243813231.40694 902200885.60663 940190426.37367 349729219.62784 991060356.64686 403763289.22135 757227342.35461 0 636194855.80673 890097011.73284 
