49
49 50 51 52 53 54 55 56 57 58 59 60 61 62 63 64 65 66 67 68 69 70 71 72 73 74 75 76 77 78 79 80 81 82 83 84 85 86 87 88 89 90 91 92 93 94 95 96 1
0 5390.0 6443.0 3208.0 5960.0 5368.0 2765.0 5076.0 4930.0 3446.0 5287.0 4610.0 4151.0 2590.0 5396.0 3900.0 6183.0 2304.0 6709.0 5261.0 4398.0 4220.0 2476.0 3525.0 3932.0 4382.0 7419.0 4179.0 3928.0 3040.0 2004.0 4891.0 1442.0 3428.0 4313.0 2451.0 3029.0 3444.0 7278.0 4337.0 3026.0 3033.0 3572.0 1951.0 3749.0 2241.0 5034.0 5759.0 1504.0 
5390.0 0 8667.0 3403.0 7022.0 1486.0 4423.0 1550.0 8027.0 4403.0 7314.0 1955.0 4189.0 5565.0 1287.0 2923.0 7795.0 4632.0 8987.0 1570.0 5324.0 2322.0 3943.0 2926.0 6831.0 2219.0 8603.0 6313.0 2676.0 3923.0 4489.0 5339.0 4969.0 2964.0 2121.0 4039.0 3405.0 4935.0 8738.0 6184.0 4915.0 3658.0 3115.0 4891.0 3662.0 6284.0 1400.0 1437.0 3989.0 
6443.0 8667.0 0 6633.0 3042.0 8977.0 5675.0 8745.0 2850.0 5363.0 2363.0 8483.0 5482.0 4938.0 8866.0 6817.0 2131.0 7596.0 1320.0 8944.0 4349.0 8263.0 6709.0 7146.0 3515.0 8412.0 2798.0 3491.0 8190.0 6054.0 7076.0 4449.0 6427.0 7446.0 8134.0 7285.0 6915.0 4864.0 2375.0 3528.0 5070.0 7831.0 8101.0 5873.0 6041.0 5397.0 8539.0 9098.0 6576.0 
3208.0 3403.0 6633.0 0 5357.0 3542.0 2050.0 3266.0 5723.0 2299.0 5277.0 2907.0 2586.0 3171.0 3498.0 1694.0 5947.0 3051.0 6946.0 3472.0 3506.0 2639.0 1791.0 1531.0 4520.0 2795.0 6983.0 4157.0 2564.0 1586.0 2604.0 3778.0 2767.0 1827.0 2552.0 2343.0 1406.0 2770.0 7003.0 4109.0 2612.0 2538.0 2558.0 2520.0 1892.0 3912.0 3128.0 3824.0 2104.0 
5960.0 7022.0 3042.0 5357.0 0 7393.0 4621.0 7199.0 3863.0 4076.0 2272.0 7024.0 3905.0 4384.0 7254.0 5333.0 1922.0 6840.0 3322.0 7384.0 2852.0 6882.0 5687.0 5807.0 3569.0 7009.0 2629.0 2860.0 6892.0 4841.0 6279.0 2687.0 5781.0 6178.0 6699.0 6346.0 5716.0 3718.0 2716.0 2639.0 4078.0 6787.0 6913.0 5136.0 4581.0 5285.0 6966.0 7433.0 5779.0 
5368.0 1486.0 8977.0 3542.0 7393.0 0 4588.0 1293.0 8243.0 4655.0 7617.0 1767.0 4520.0 5711.0 1202.0 3170.0 8140.0 4487.0 9296.0 1132.0 5652.0 2165.0 3972.0 3027.0 7041.0 2020.0 8989.0 6577.0 2501.0 4100.0 4419.0 5706.0 4965.0 2962.0 2061.0 3959.0 3466.0 5183.0 9107.0 6469.0 5119.0 3503.0 2932.0 4967.0 3939.0 6344.0 1438.0 1477.0 3919.0 
2765.0 4423.0 5675.0 2050.0 4621.0 4588.0 0 4315.0 4677.0 1697.0 4340.0 3954.0 2387.0 2148.0 4537.0 2547.0 5090.0 3260.0 5982.0 4521.0 2833.0 3666.0 2074.0 2578.0 3475.0 3827.0 6213.0 3185.0 3541.0 1503.0 2700.0 3254.0 2401.0 2801.0 3598.0 2725.0 2253.0 1903.0 6177.0 3190.0 1606.0 3194.0 3427.0 1828.0 2077.0 3054.0 4169.0 4851.0 2200.0 
5076.0 1550.0 8745.0 3266.0 7199.0 1293.0 4315.0 0 7977.0 4407.0 7384.0 1482.0 4310.0 5431.0 1365.0 2930.0 7929.0 4209.0 9064.0 1207.0 5435.0 1881.0 3681.0 2746.0 6774.0 1743.0 8805.0 6330.0 2224.0 3831.0 4130.0 5513.0 4672.0 2670.0 1769.0 3670.0 3178.0 4932.0 8910.0 6230.0 4854.0 3225.0 2659.0 4678.0 3704.0 6053.0 1261.0 1727.0 3630.0 
4930.0 8027.0 2850.0 5723.0 3863.0 8243.0 4677.0 7977.0 0 4635.0 2591.0 7630.0 5043.0 3656.0 8173.0 6105.0 3327.0 6187.0 3012.0 8183.0 4085.0 7338.0 5564.0 6253.0 2204.0 7501.0 4472.0 2842.0 7186.0 5148.0 5727.0 4447.0 5022.0 6461.0 7274.0 6028.0 5907.0 4106.0 4123.0 3088.0 4125.0 6622.0 7001.0 4588.0 5390.0 3756.0 7814.0 8463.0 5227.0 
3446.0 4403.0 5363.0 2299.0 4076.0 4655.0 1697.0 4407.0 4635.0 0 4001.0 4122.0 1730.0 2480.0 4567.0 2488.0 4648.0 3920.0 5679.0 4610.0 2232.0 3905.0 2656.0 2791.0 3453.0 4051.0 5697.0 2924.0 3860.0 1766.0 3368.0 2592.0 3096.0 3126.0 3772.0 3330.0 2642.0 1533.0 5706.0 2836.0 1646.0 3721.0 3842.0 2498.0 1756.0 3550.0 4219.0 4840.0 2868.0 
5287.0 7314.0 2363.0 5277.0 2272.0 7617.0 4340.0 7384.0 2591.0 4001.0 0 7121.0 4136.0 3718.0 7509.0 5455.0 1937.0 6358.0 2681.0 7583.0 3012.0 6903.0 5392.0 5787.0 2501.0 7051.0 3205.0 2169.0 6837.0 4701.0 5820.0 3187.0 5211.0 6095.0 6772.0 5993.0 5569.0 3507.0 3001.0 2169.0 3736.0 6518.0 6763.0 4617.0 4680.0 4386.0 7179.0 7746.0 5320.0 
4610.0 1955.0 8483.0 2907.0 7024.0 1767.0 3954.0 1482.0 7630.0 4122.0 7121.0 0 4119.0 5044.0 1839.0 2694.0 7714.0 3728.0 8800.0 1653.0 5218.0 1399.0 3241.0 2377.0 6427.0 1267.0 8644.0 6035.0 1743.0 3488.0 3654.0 5349.0 4212.0 2231.0 1356.0 3193.0 2764.0 4635.0 8723.0 5957.0 4517.0 2744.0 2181.0 4254.0 3465.0 5614.0 1558.0 2206.0 3154.0 
4151.0 4189.0 5482.0 2586.0 3905.0 4520.0 2387.0 4310.0 5043.0 1730.0 4136.0 4119.0 0 3175.0 4398.0 2430.0 4621.0 4487.0 5802.0 4501.0 2136.0 3988.0 3173.0 2953.0 3922.0 4110.0 5527.0 3223.0 4029.0 2246.0 3957.0 2240.0 3779.0 3355.0 3796.0 3835.0 2987.0 2062.0 5607.0 3042.0 2341.0 4119.0 4115.0 3209.0 1711.0 4268.0 4087.0 4617.0 3457.0 
2590.0 5565.0 4938.0 3171.0 4384.0 5711.0 2148.0 5431.0 3656.0 2480.0 3718.0 5044.0 3175.0 0 5669.0 3694.0 4599.0 3658.0 5223.0 5636.0 2981.0 4724.0 2909.0 3685.0 2498.0 4890.0 5830.0 2590.0 4548.0 2650.0 3142.0 3510.0 2496.0 3839.0 4693.0 3391.0 3287.0 2164.0 5697.0 2751.0 1838.0 3975.0 4346.0 1950.0 3140.0 2124.0 5298.0 5991.0 2642.0 
5396.0 1287.0 8866.0 3498.0 7254.0 1202.0 4537.0 1365.0 8173.0 4567.0 7509.0 1839.0 4398.0 5669.0 0 3079.0 8014.0 4563.0 9186.0 1305.0 5532.0 2233.0 3976.0 2996.0 6973.0 2104.0 8844.0 6486.0 2581.0 4042.0 4465.0 5569.0 4984.0 2974.0 2085.0 4007.0 3454.0 5097.0 8970.0 6369.0 5052.0 3581.0 3019.0 4954.0 3838.0 6339.0 1374.0 1370.0 3965.0 
3900.0 2923.0 6817.0 1694.0 5333.0 3170.0 2547.0 2930.0 6105.0 2488.0 5455.0 2694.0 2430.0 3694.0 3079.0 0 6022.0 3669.0 7135.0 3130.0 3525.0 2563.0 2474.0 1654.0 4910.0 2681.0 6957.0 4409.0 2641.0 2049.0 3267.0 3668.0 3460.0 2071.0 2366.0 2951.0 1986.0 3019.0 7029.0 4302.0 2997.0 2991.0 2813.0 3169.0 1777.0 4542.0 2733.0 3359.0 2767.0 
6183.0 7795.0 2131.0 5947.0 1922.0 8140.0 5090.0 7929.0 3327.0 4648.0 1937.0 7714.0 4621.0 4599.0 8014.0 6022.0 0 7203.0 2402.0 8121.0 3497.0 7535.0 6160.0 6432.0 3437.0 7673.0 2268.0 3012.0 7507.0 5392.0 6654.0 3476.0 6077.0 6773.0 7376.0 6789.0 6274.0 4207.0 2102.0 2914.0 4501.0 7284.0 7477.0 5462.0 5249.0 5318.0 7707.0 8216.0 6154.0 
2304.0 4632.0 7596.0 3051.0 6840.0 4487.0 3260.0 4209.0 6187.0 3920.0 6358.0 3728.0 4487.0 3658.0 4563.0 3669.0 7203.0 0 7878.0 4364.0 5091.0 3331.0 2319.0 3082.0 5120.0 3468.0 8391.0 5200.0 2987.0 3241.0 1563.0 5507.0 2175.0 2785.0 3512.0 1718.0 2687.0 4141.0 8304.0 5296.0 3762.0 1985.0 2559.0 2742.0 3879.0 3544.0 4240.0 4932.0 1063.0 
6709.0 8987.0 1320.0 6946.0 3322.0 9296.0 5982.0 9064.0 3012.0 5679.0 2681.0 8800.0 5802.0 5223.0 9186.0 7135.0 2402.0 7878.0 0 9263.0 4669.0 8578.0 7011.0 7461.0 3778.0 8727.0 2877.0 3799.0 8502.0 6366.0 7363.0 4763.0 6707.0 7758.0 8451.0 7581.0 7225.0 5178.0 2427.0 3844.0 5378.0 8131.0 8408.0 6163.0 6360.0 5638.0 8859.0 9417.0 6863.0 
5261.0 1570.0 8944.0 3472.0 7384.0 1132.0 4521.0 1207.0 8183.0 4610.0 7583.0 1653.0 4501.0 5636.0 1305.0 3130.0 8121.0 4364.0 9263.0 0 5629.0 2049.0 3877.0 2952.0 6980.0 1900.0 8986.0 6533.0 2380.0 4037.0 4306.0 5698.0 4861.0 2866.0 1965.0 3845.0 3379.0 5136.0 9097.0 6432.0 5060.0 3380.0 2808.0 4878.0 3904.0 6250.0 1420.0 1609.0 3806.0 
4398.0 5324.0 4349.0 3506.0 2852.0 5652.0 2833.0 5435.0 4085.0 2232.0 3012.0 5218.0 2136.0 2981.0 5532.0 3525.0 3497.0 5091.0 4669.0 5629.0 0 5051.0 3873.0 3963.0 3096.0 5185.0 4478.0 2252.0 5046.0 2997.0 4530.0 1533.0 4132.0 4328.0 4883.0 4543.0 3867.0 1967.0 4515.0 2000.0 2380.0 4952.0 5062.0 3482.0 2755.0 4080.0 5216.0 5752.0 4030.0 
4220.0 2322.0 8263.0 2639.0 6882.0 2165.0 3666.0 1881.0 7338.0 3905.0 6903.0 1399.0 3988.0 4724.0 2233.0 2563.0 7535.0 3331.0 8578.0 2049.0 5051.0 0 2881.0 2117.0 6138.0 1168.0 8508.0 5793.0 1355.0 3224.0 3258.0 5227.0 3829.0 1887.0 1286.0 2796.0 2438.0 4401.0 8565.0 5736.0 4247.0 2348.0 1794.0 3903.0 3302.0 5248.0 1923.0 2601.0 2758.0 
2476.0 3943.0 6709.0 1791.0 5687.0 3972.0 2074.0 3681.0 5564.0 2656.0 5392.0 3241.0 3173.0 2909.0 3976.0 2474.0 6160.0 2319.0 7011.0 3877.0 3873.0 2881.0 0 2050.0 4388.0 3049.0 7285.0 4227.0 2659.0 1931.0 1825.0 4245.0 2040.0 2012.0 2913.0 1676.0 1554.0 2973.0 7249.0 4254.0 2663.0 2127.0 2438.0 2027.0 2563.0 3374.0 3606.0 4331.0 1325.0 
3525.0 2926.0 7146.0 1531.0 5807.0 3027.0 2578.0 2746.0 6253.0 2791.0 5787.0 2377.0 2953.0 3685.0 2996.0 1654.0 6432.0 3082.0 7461.0 2952.0 3963.0 2117.0 2050.0 0 5050.0 2270.0 7436.0 4677.0 2086.0 2114.0 2748.0 4184.0 3089.0 1422.0 2022.0 2372.0 1497.0 3284.0 7475.0 4619.0 3142.0 2341.0 2180.0 2966.0 2244.0 4358.0 2624.0 3335.0 2248.0 
3932.0 6831.0 3515.0 4520.0 3569.0 7041.0 3475.0 6774.0 2204.0 3453.0 2501.0 6427.0 3922.0 2498.0 6973.0 4910.0 3437.0 5120.0 3778.0 6980.0 3096.0 6138.0 4388.0 5050.0 0 6300.0 4704.0 1894.0 5994.0 3945.0 4625.0 3550.0 3946.0 5264.0 6071.0 4889.0 4710.0 2932.0 4476.0 2196.0 2923.0 5470.0 5824.0 3446.0 4209.0 2911.0 6612.0 7267.0 4125.0 
4382.0 2219.0 8412.0 2795.0 7009.0 2020.0 3827.0 1743.0 7501.0 4051.0 7051.0 1267.0 4110.0 4890.0 2104.0 2681.0 7673.0 3468.0 8727.0 1900.0 5185.0 1168.0 3049.0 2270.0 6300.0 0 8635.0 5946.0 1482.0 3380.0 3414.0 5348.0 3993.0 2054.0 1332.0 2952.0 2604.0 4552.0 8698.0 5884.0 4405.0 2484.0 1916.0 4071.0 3432.0 5415.0 1821.0 2469.0 2914.0 
7419.0 8603.0 2798.0 6983.0 2629.0 8989.0 6213.0 8805.0 4472.0 5697.0 3205.0 8644.0 5527.0 5830.0 8844.0 6957.0 2268.0 8391.0 2877.0 8986.0 4478.0 8508.0 7285.0 7436.0 4704.0 8635.0 0 4241.0 8521.0 6459.0 7835.0 4296.0 7290.0 7805.0 8322.0 7934.0 7338.0 5312.0 1461.0 4102.0 5647.0 8395.0 8537.0 6661.0 6208.0 6585.0 8567.0 9005.0 7335.0 
4179.0 6313.0 3491.0 4157.0 2860.0 6577.0 3185.0 6330.0 2842.0 2924.0 2169.0 6035.0 3223.0 2590.0 6486.0 4409.0 3012.0 5200.0 3799.0 6533.0 2252.0 5793.0 4227.0 4677.0 1894.0 5946.0 4241.0 0 5706.0 3573.0 4657.0 2669.0 4066.0 4962.0 5682.0 4824.0 4427.0 2401.0 4113.0 1304.0 2580.0 5352.0 5611.0 3458.0 3651.0 3426.0 6141.0 6749.0 4157.0 
3928.0 2676.0 8190.0 2564.0 6892.0 2501.0 3541.0 2224.0 7186.0 3860.0 6837.0 1743.0 4029.0 4548.0 2581.0 2641.0 7507.0 2987.0 8502.0 2380.0 5046.0 1355.0 2659.0 2086.0 5994.0 1482.0 8521.0 5706.0 0 3137.0 2947.0 5265.0 3553.0 1744.0 1600.0 2486.0 2289.0 4331.0 8556.0 5670.0 4138.0 2002.0 1440.0 3686.0 3325.0 4997.0 2277.0 2948.0 2447.0 
3040.0 3923.0 6054.0 1586.0 4841.0 4100.0 1503.0 3831.0 5148.0 1766.0 4701.0 3488.0 2246.0 2650.0 4042.0 2049.0 5392.0 3241.0 6366.0 4037.0 2997.0 3224.0 1931.0 2114.0 3945.0 3380.0 6459.0 3573.0 3137.0 0 2713.0 3331.0 2625.0 2394.0 3132.0 2602.0 1883.0 2196.0 6459.0 3534.0 2029.0 2958.0 3087.0 2184.0 1711.0 3513.0 3676.0 4353.0 2213.0 
2004.0 4489.0 7076.0 2604.0 6279.0 4419.0 2700.0 4130.0 5727.0 3368.0 5820.0 3654.0 3957.0 3142.0 4465.0 3267.0 6654.0 1563.0 7363.0 4306.0 4530.0 3258.0 1825.0 2748.0 4625.0 3414.0 7835.0 4657.0 2947.0 2713.0 0 4951.0 1720.0 2542.0 3383.0 1463.0 2290.0 3578.0 7755.0 4744.0 3201.0 2029.0 2574.0 2205.0 3379.0 3188.0 4115.0 4833.0 500.0 
4891.0 5339.0 4449.0 3778.0 2687.0 5706.0 3254.0 5513.0 4447.0 2592.0 3187.0 5349.0 2240.0 3510.0 5569.0 3668.0 3476.0 5507.0 4763.0 5698.0 1533.0 5227.0 4245.0 4184.0 3550.0 5348.0 4296.0 2669.0 5265.0 3331.0 4951.0 0 4603.0 4576.0 5031.0 4920.0 4164.0 2448.0 4402.0 2381.0 2866.0 5281.0 5330.0 3960.0 2941.0 4612.0 5280.0 5754.0 4451.0 
1442.0 4969.0 6427.0 2767.0 5781.0 4965.0 2401.0 4672.0 5022.0 3096.0 5211.0 4212.0 3779.0 2496.0 4984.0 3460.0 6077.0 2175.0 6707.0 4861.0 4132.0 3829.0 2040.0 3089.0 3946.0 3993.0 7290.0 4066.0 3553.0 2625.0 1720.0 4603.0 0 3012.0 3906.0 2112.0 2593.0 3166.0 7178.0 4189.0 2753.0 2719.0 3224.0 1652.0 3336.0 2479.0 4620.0 5345.0 1220.0 
3428.0 2964.0 7446.0 1827.0 6178.0 2962.0 2801.0 2670.0 6461.0 3126.0 6095.0 2231.0 3355.0 3839.0 2974.0 2071.0 6773.0 2785.0 7758.0 2866.0 4328.0 1887.0 2012.0 1422.0 5264.0 2054.0 7805.0 4962.0 1744.0 2394.0 2542.0 4576.0 3012.0 0 1902.0 2112.0 1555.0 3589.0 7829.0 4928.0 3395.0 1951.0 1763.0 3023.0 2644.0 4386.0 2609.0 3334.0 2042.0 
4313.0 2121.0 8134.0 2552.0 6699.0 2061.0 3598.0 1769.0 7274.0 3772.0 6772.0 1356.0 3796.0 4693.0 2085.0 2366.0 7376.0 3512.0 8451.0 1965.0 4883.0 1286.0 2913.0 2022.0 6071.0 1332.0 8322.0 5682.0 1600.0 3132.0 3383.0 5031.0 3906.0 1902.0 0 2927.0 2419.0 4283.0 8393.0 5608.0 4161.0 2542.0 2023.0 3916.0 3128.0 5286.0 1735.0 2452.0 2883.0 
2451.0 4039.0 7285.0 2343.0 6346.0 3959.0 2725.0 3670.0 6028.0 3330.0 5993.0 3193.0 3835.0 3391.0 4007.0 2951.0 6789.0 1718.0 7581.0 3845.0 4543.0 2796.0 1676.0 2372.0 4889.0 2952.0 7934.0 4824.0 2486.0 2602.0 1463.0 4920.0 2112.0 2112.0 2927.0 0 1970.0 3628.0 7883.0 4876.0 3291.0 1611.0 2122.0 2444.0 3196.0 3590.0 3661.0 4376.0 963.0 
3029.0 3405.0 6915.0 1406.0 5716.0 3466.0 2253.0 3178.0 5907.0 2642.0 5569.0 2764.0 2987.0 3287.0 3454.0 1986.0 6274.0 2687.0 7225.0 3379.0 3867.0 2438.0 1554.0 1497.0 4710.0 2604.0 7338.0 4427.0 2289.0 1883.0 2290.0 4164.0 2593.0 1555.0 2419.0 1970.0 0 3072.0 7342.0 4406.0 2853.0 2134.0 2204.0 2501.0 2297.0 3885.0 3082.0 3803.0 1790.0 
3444.0 4935.0 4864.0 2770.0 3718.0 5183.0 1903.0 4932.0 4106.0 1533.0 3507.0 4635.0 2062.0 2164.0 5097.0 3019.0 4207.0 4141.0 5178.0 5136.0 1967.0 4401.0 2973.0 3284.0 2932.0 4552.0 5312.0 2401.0 4331.0 2196.0 3578.0 2448.0 3166.0 3589.0 4283.0 3628.0 3072.0 0 5286.0 2340.0 1419.0 4086.0 4274.0 2518.0 2284.0 3285.0 4748.0 5372.0 3078.0 
7278.0 8738.0 2375.0 7003.0 2716.0 9107.0 6177.0 8910.0 4123.0 5706.0 3001.0 8723.0 5607.0 5697.0 8970.0 7029.0 2102.0 8304.0 2427.0 9097.0 4515.0 8565.0 7249.0 7475.0 4476.0 8698.0 1461.0 4113.0 8556.0 6459.0 7755.0 4402.0 7178.0 7829.0 8393.0 7883.0 7342.0 5286.0 0 4013.0 5593.0 8370.0 8545.0 6564.0 6267.0 6379.0 8679.0 9148.0 7255.0 
4337.0 6184.0 3528.0 4109.0 2639.0 6469.0 3190.0 6230.0 3088.0 2836.0 2169.0 5957.0 3042.0 2751.0 6369.0 4302.0 2914.0 5296.0 3844.0 6432.0 2000.0 5736.0 4254.0 4619.0 2196.0 5884.0 4102.0 1304.0 5670.0 3534.0 4744.0 2381.0 4189.0 4928.0 5608.0 4876.0 4406.0 2340.0 4013.0 0 2592.0 5380.0 5603.0 3560.0 3532.0 3664.0 6032.0 6618.0 4244.0 
3026.0 4915.0 5070.0 2612.0 4078.0 5119.0 1606.0 4854.0 4125.0 1646.0 3736.0 4517.0 2341.0 1838.0 5052.0 2997.0 4501.0 3762.0 5378.0 5060.0 2380.0 4247.0 2663.0 3142.0 2923.0 4405.0 5647.0 2580.0 4138.0 2029.0 3201.0 2866.0 2753.0 3395.0 4161.0 3291.0 2853.0 1419.0 5593.0 2592.0 0 3788.0 4032.0 2103.0 2351.0 2932.0 4690.0 5349.0 2701.0 
3033.0 3658.0 7831.0 2538.0 6787.0 3503.0 3194.0 3225.0 6622.0 3721.0 6518.0 2744.0 4119.0 3975.0 3581.0 2991.0 7284.0 1985.0 8131.0 3380.0 4952.0 2348.0 2127.0 2341.0 5470.0 2484.0 8395.0 5352.0 2002.0 2958.0 2029.0 5281.0 2719.0 1951.0 2542.0 1611.0 2134.0 4086.0 8370.0 5380.0 3788.0 0 1578.0 3035.0 3429.0 4197.0 3263.0 3949.0 1529.0 
3572.0 3115.0 8101.0 2558.0 6913.0 2932.0 3427.0 2659.0 7001.0 3842.0 6763.0 2181.0 4115.0 4346.0 3019.0 2813.0 7477.0 2559.0 8408.0 2808.0 5062.0 1794.0 2438.0 2180.0 5824.0 1916.0 8537.0 5611.0 1440.0 3087.0 2574.0 5330.0 3224.0 1763.0 2023.0 2122.0 2204.0 4274.0 8545.0 5603.0 4032.0 1578.0 0 3441.0 3404.0 4693.0 2716.0 3384.0 2074.0 
1951.0 4891.0 5873.0 2520.0 5136.0 4967.0 1828.0 4678.0 4588.0 2498.0 4617.0 4254.0 3209.0 1950.0 4954.0 3169.0 5462.0 2742.0 6163.0 4878.0 3482.0 3903.0 2027.0 2966.0 3446.0 4071.0 6661.0 3458.0 3686.0 2184.0 2205.0 3960.0 1652.0 3023.0 3916.0 2444.0 2501.0 2518.0 6564.0 3560.0 2103.0 3035.0 3441.0 0 2867.0 2395.0 4581.0 5298.0 1705.0 
3749.0 3662.0 6041.0 1892.0 4581.0 3939.0 2077.0 3704.0 5390.0 1756.0 4680.0 3465.0 1711.0 3140.0 3838.0 1777.0 5249.0 3879.0 6360.0 3904.0 2755.0 3302.0 2563.0 2244.0 4209.0 3432.0 6208.0 3651.0 3325.0 1711.0 3379.0 2941.0 3336.0 2644.0 3128.0 3196.0 2297.0 2284.0 6267.0 3532.0 2351.0 3429.0 3404.0 2867.0 0 4125.0 3501.0 4098.0 2879.0 
2241.0 6284.0 5397.0 3912.0 5285.0 6344.0 3054.0 6053.0 3756.0 3550.0 4386.0 5614.0 4268.0 2124.0 6339.0 4542.0 5318.0 3544.0 5638.0 6250.0 4080.0 5248.0 3374.0 4358.0 2911.0 5415.0 6585.0 3426.0 4997.0 3513.0 3188.0 4612.0 2479.0 4386.0 5286.0 3590.0 3885.0 3285.0 6379.0 3664.0 2932.0 4197.0 4693.0 2395.0 4125.0 0 5967.0 6687.0 2688.0 
5034.0 1400.0 8539.0 3128.0 6966.0 1438.0 4169.0 1261.0 7814.0 4219.0 7179.0 1558.0 4087.0 5298.0 1374.0 2733.0 7707.0 4240.0 8859.0 1420.0 5216.0 1923.0 3606.0 2624.0 6612.0 1821.0 8567.0 6141.0 2277.0 3676.0 4115.0 5280.0 4620.0 2609.0 1735.0 3661.0 3082.0 4748.0 8679.0 6032.0 4690.0 3263.0 2716.0 4581.0 3501.0 5967.0 0 1726.0 3615.0 
5759.0 1437.0 9098.0 3824.0 7433.0 1477.0 4851.0 1727.0 8463.0 4840.0 7746.0 2206.0 4617.0 5991.0 1370.0 3359.0 8216.0 4932.0 9417.0 1609.0 5752.0 2601.0 4331.0 3335.0 7267.0 2469.0 9005.0 6749.0 2948.0 4353.0 4833.0 5754.0 5345.0 3334.0 2452.0 4376.0 3803.0 5372.0 9148.0 6618.0 5349.0 3949.0 3384.0 5298.0 4098.0 6687.0 1726.0 0 4333.0 
1504.0 3989.0 6576.0 2104.0 5779.0 3919.0 2200.0 3630.0 5227.0 2868.0 5320.0 3154.0 3457.0 2642.0 3965.0 2767.0 6154.0 1063.0 6863.0 3806.0 4030.0 2758.0 1325.0 2248.0 4125.0 2914.0 7335.0 4157.0 2447.0 2213.0 500.0 4451.0 1220.0 2042.0 2883.0 963.0 1790.0 3078.0 7255.0 4244.0 2701.0 1529.0 2074.0 1705.0 2879.0 2688.0 3615.0 4333.0 0 
