26
U5XdtBFGOe 8UaR4YpZys zUWT7uduzq 6lpxgUxCxO Z82QDWb0Pr VBTKstUXwG osdKgXyg1e oPQmRUijH5 I4iTN5KXjB T3o9dNVbcG 8Jejdr7ynm gLI8ArV2Ui HG8olhhcTZ IU0Ia8127Z MuYreynm57 7d3UA4fKWz qg08r1Pg6g RLF9v27sOQ TDmNOuGJBk MzId8uwrPz BtCEVbHoQI QwY2G6aX6c vzXeZbLrSW f91pUtm9EZ UphA2uAaYC ctUVEJSyNR
0 23370.0 14997.0 24836.0 8029.0 17711.0 31897.0 31988.0 17895.0 14535.0 21391.0 26715.0 31489.0 23462.0 24237.0 15599.0 14338.0 22114.0 19634.0 28376.0 22917.0 27947.0 34724.0 29295.0 28718.0 13900.0 
23370.0 0 20099.0 29938.0 21438.0 5659.0 36999.0 34657.0 30921.0 26281.0 33829.0 31817.0 20197.0 23243.0 29339.0 29008.0 19440.0 33860.0 21182.0 30215.0 28769.0 40385.0 39826.0 34397.0 33820.0 27309.0 
14997.0 20099.0 0 21565.0 20122.0 14440.0 16900.0 23131.0 26696.0 13616.0 22303.0 23444.0 25179.0 32024.0 9240.0 27692.0 11067.0 21195.0 18715.0 16491.0 22449.0 26954.0 19727.0 14298.0 13721.0 21332.0 
24836.0 29938.0 21565.0 0 26763.0 24279.0 23396.0 7893.0 19821.0 20257.0 19477.0 13767.0 22353.0 29186.0 17806.0 25269.0 20906.0 16360.0 15158.0 14672.0 14799.0 18898.0 21863.0 22864.0 15857.0 27887.0 
8029.0 21438.0 20122.0 26763.0 0 15779.0 29620.0 23959.0 9866.0 6506.0 13362.0 19991.0 23460.0 15433.0 28503.0 7570.0 22367.0 14085.0 11605.0 20403.0 14888.0 19918.0 32560.0 23742.0 26554.0 5871.0 
17711.0 5659.0 14440.0 24279.0 15779.0 0 31340.0 28998.0 25262.0 20622.0 28170.0 26158.0 14538.0 17584.0 23680.0 23349.0 13781.0 28201.0 15523.0 24556.0 23110.0 34726.0 34167.0 28738.0 28161.0 21650.0 
31897.0 36999.0 16900.0 23396.0 29620.0 31340.0 0 18361.0 26297.0 29058.0 29945.0 9629.0 29847.0 40694.0 7660.0 25067.0 24736.0 22375.0 33831.0 24798.0 21275.0 25374.0 22682.0 12718.0 22333.0 23749.0 
31988.0 34657.0 23131.0 7893.0 23959.0 28998.0 18361.0 0 14093.0 17904.0 11584.0 8732.0 14460.0 37079.0 22603.0 17376.0 23839.0 21157.0 21961.0 12928.0 9071.0 18140.0 26660.0 27661.0 20654.0 22852.0 
17895.0 30921.0 26696.0 19821.0 9866.0 25262.0 26297.0 14093.0 0 13855.0 23228.0 16760.0 13594.0 25299.0 18637.0 17436.0 15629.0 17191.0 9739.0 15691.0 5022.0 19729.0 22694.0 23695.0 16688.0 15737.0 
14535.0 26281.0 13616.0 20257.0 6506.0 20622.0 29058.0 17904.0 13855.0 0 19680.0 19429.0 17405.0 21939.0 22294.0 14076.0 24683.0 7579.0 5099.0 13897.0 8833.0 23540.0 26505.0 17236.0 20499.0 7716.0 
21391.0 33829.0 22303.0 19477.0 13362.0 28170.0 29945.0 11584.0 23228.0 19680.0 0 20316.0 13632.0 28795.0 24270.0 5792.0 26138.0 12101.0 21133.0 12100.0 20655.0 6556.0 28327.0 21758.0 22321.0 19233.0 
26715.0 31817.0 23444.0 13767.0 19991.0 26158.0 9629.0 8732.0 16760.0 19429.0 20316.0 0 23192.0 31065.0 17289.0 15438.0 15107.0 27008.0 24202.0 15169.0 17803.0 26872.0 29267.0 22347.0 23261.0 14120.0 
31489.0 20197.0 25179.0 22353.0 23460.0 14538.0 29847.0 14460.0 13594.0 17405.0 13632.0 23192.0 0 32122.0 22187.0 19424.0 28319.0 20741.0 22504.0 14976.0 8572.0 20188.0 26244.0 27245.0 20238.0 25121.0 
23462.0 23243.0 32024.0 29186.0 15433.0 17584.0 40694.0 37079.0 25299.0 21939.0 28795.0 31065.0 32122.0 0 41264.0 23003.0 31365.0 29518.0 17094.0 26127.0 30321.0 35351.0 47993.0 39175.0 41987.0 21304.0 
24237.0 29339.0 9240.0 17806.0 28503.0 23680.0 7660.0 22603.0 18637.0 22294.0 24270.0 17289.0 22187.0 41264.0 0 30062.0 20307.0 14715.0 27393.0 19873.0 13615.0 17714.0 15022.0 5058.0 14673.0 30010.0 
15599.0 29008.0 27692.0 25269.0 7570.0 23349.0 25067.0 17376.0 17436.0 14076.0 5792.0 15438.0 19424.0 23003.0 30062.0 0 29937.0 17893.0 19175.0 17892.0 22458.0 12348.0 34119.0 27550.0 28113.0 13441.0 
14338.0 19440.0 11067.0 20906.0 22367.0 13781.0 24736.0 23839.0 15629.0 24683.0 26138.0 15107.0 28319.0 31365.0 20307.0 29937.0 0 32262.0 23071.0 14038.0 20651.0 32694.0 28136.0 25365.0 22130.0 28238.0 
22114.0 33860.0 21195.0 16360.0 14085.0 28201.0 22375.0 21157.0 17191.0 7579.0 12101.0 27008.0 20741.0 29518.0 14715.0 17893.0 32262.0 0 12678.0 18427.0 12169.0 16268.0 19233.0 9657.0 13227.0 15295.0 
19634.0 21182.0 18715.0 15158.0 11605.0 15523.0 33831.0 21961.0 9739.0 5099.0 21133.0 24202.0 22504.0 17094.0 27393.0 19175.0 23071.0 12678.0 0 9033.0 13932.0 27689.0 31604.0 22335.0 25598.0 12815.0 
28376.0 30215.0 16491.0 14672.0 20403.0 24556.0 24798.0 12928.0 15691.0 13897.0 12100.0 15169.0 14976.0 26127.0 19873.0 17892.0 14038.0 18427.0 9033.0 0 16866.0 18656.0 23930.0 24931.0 17924.0 21613.0 
22917.0 28769.0 22449.0 14799.0 14888.0 23110.0 21275.0 9071.0 5022.0 8833.0 20655.0 17803.0 8572.0 30321.0 13615.0 22458.0 20651.0 12169.0 13932.0 16866.0 0 14707.0 17672.0 18673.0 11666.0 16549.0 
27947.0 40385.0 26954.0 18898.0 19918.0 34726.0 25374.0 18140.0 19729.0 23540.0 6556.0 26872.0 20188.0 35351.0 17714.0 12348.0 32694.0 16268.0 27689.0 18656.0 14707.0 0 21771.0 22772.0 15765.0 25789.0 
34724.0 39826.0 19727.0 21863.0 32560.0 34167.0 22682.0 26660.0 22694.0 26505.0 28327.0 29267.0 26244.0 47993.0 15022.0 34119.0 28136.0 19233.0 31604.0 23930.0 17672.0 21771.0 0 9964.0 6006.0 34221.0 
29295.0 34397.0 14298.0 22864.0 23742.0 28738.0 12718.0 27661.0 23695.0 17236.0 21758.0 22347.0 27245.0 39175.0 5058.0 27550.0 25365.0 9657.0 22335.0 24931.0 18673.0 22772.0 9964.0 0 15970.0 24952.0 
28718.0 33820.0 13721.0 15857.0 26554.0 28161.0 22333.0 20654.0 16688.0 20499.0 22321.0 23261.0 20238.0 41987.0 14673.0 28113.0 22130.0 13227.0 25598.0 17924.0 11666.0 15765.0 6006.0 15970.0 0 28215.0 
13900.0 27309.0 21332.0 27887.0 5871.0 21650.0 23749.0 22852.0 15737.0 7716.0 19233.0 14120.0 25121.0 21304.0 30010.0 13441.0 28238.0 15295.0 12815.0 21613.0 16549.0 25789.0 34221.0 24952.0 28215.0 0 
