51
tvKOOMQ7Sv UgxUR9jKcJ 1koyFI8rlU ckEVpwA8CD zH4Z0p0Ftj 97dvK2Az7S M9d0z6OccV YrPP1U1r20 fbxiHLAsv4 KpPj50fAfy NgxnYo41LY wXTrLT9dUx 4ViGHxfdlc lrFRnKniRv I1RTFIGWhc YQKcyMibnc OGWcs2X8pk b3jUAAPOlA 4JtfcKJvHu 79JJ9GZF8c G05S6XZiBa iyQiEnpG35 uXkvSfF7Kv EZQ9HUGjRN GSDEYlNcCM Dkc5CxJ6RV 7cteJXIZM1 N08DpqDewo vCSWEyz4PC YZKJeBb8Pe 4RZs4XFvF9 oRs9wR3IGE OpwMnuSGmp TH1GgoG5GU Iroa6leixY VWD9Yy5Xrg 0gqiqztWgj MpRNDD0glq H0NdoJawvz Octagmmhko ESDdDChkYw 4lUeyqYb0U s8EkvbOYAX 8pgnfE3xKu dojrtYXceT fhmE7A9rVl cqCbnI2bkr 1aPtXDhYtV vD4d0BZ03p ka4cgDWgq7 6Zg7j6t8kt
0 23654.0 28054.0 27243.0 26697.0 23960.0 26517.0 18934.0 10780.0 17406.0 28559.0 25585.0 30233.0 30164.0 23090.0 35180.0 24526.0 22039.0 20961.0 19172.0 37377.0 30577.0 32460.0 27002.0 27246.0 32346.0 24376.0 18868.0 25432.0 21580.0 27743.0 23462.0 32853.0 26215.0 9499.0 32582.0 26189.0 24528.0 15614.0 34714.0 35694.0 24385.0 24692.0 27343.0 30120.0 25246.0 24428.0 32028.0 21128.0 34784.0 33698.0 
23654.0 0 24733.0 29297.0 20015.0 20373.0 19942.0 20988.0 22437.0 18091.0 8477.0 22150.0 16667.0 28008.0 13946.0 37234.0 24201.0 20423.0 22505.0 17174.0 34485.0 17493.0 19376.0 27919.0 14031.0 28759.0 26430.0 21797.0 26117.0 20861.0 29701.0 24613.0 18346.0 19493.0 15337.0 25900.0 13105.0 22372.0 21369.0 29380.0 12580.0 14950.0 11654.0 18645.0 25887.0 19662.0 14910.0 19642.0 24860.0 21569.0 28536.0 
28054.0 24733.0 0 37445.0 29142.0 25104.0 32668.0 29136.0 17274.0 23900.0 22374.0 26881.0 22690.0 34031.0 22094.0 45382.0 32879.0 34320.0 28711.0 25323.0 9752.0 39542.0 29074.0 31007.0 18762.0 33490.0 34578.0 41358.0 25183.0 26837.0 19386.0 35058.0 24369.0 16547.0 33263.0 33760.0 30987.0 28395.0 32866.0 6660.0 32141.0 15901.0 30843.0 29788.0 32659.0 31397.0 28807.0 33324.0 23573.0 26300.0 33267.0 
27243.0 29297.0 37445.0 0 32358.0 28341.0 41761.0 8309.0 34012.0 27386.0 20820.0 37211.0 30626.0 41967.0 15351.0 7937.0 26136.0 31548.0 28793.0 38993.0 47197.0 38822.0 31877.0 37214.0 34683.0 36727.0 13751.0 33279.0 29534.0 39973.0 46471.0 37873.0 41714.0 20898.0 17744.0 37671.0 34434.0 36331.0 30025.0 30785.0 34399.0 27293.0 33473.0 31692.0 31433.0 40991.0 27253.0 41461.0 37907.0 41179.0 45324.0 
26697.0 20015.0 29142.0 32358.0 0 18677.0 23283.0 24049.0 26272.0 19646.0 11538.0 19888.0 28473.0 22519.0 17007.0 40295.0 17340.0 23484.0 24646.0 30628.0 38894.0 33915.0 33533.0 29474.0 14697.0 27063.0 29491.0 32794.0 24936.0 17562.0 33932.0 19230.0 33941.0 22554.0 33484.0 5885.0 31640.0 28155.0 29993.0 32441.0 28076.0 18011.0 27150.0 11784.0 25666.0 32535.0 17971.0 26331.0 5569.0 14348.0 21315.0 
23960.0 20373.0 25104.0 28341.0 18677.0 0 22815.0 20032.0 22808.0 16917.0 18459.0 14461.0 28224.0 22051.0 12990.0 36278.0 23775.0 25929.0 16291.0 24315.0 34856.0 27122.0 29005.0 26745.0 6342.0 8386.0 24152.0 24980.0 24943.0 22015.0 30234.0 14562.0 29903.0 18537.0 20627.0 12792.0 33478.0 27687.0 21638.0 28424.0 19721.0 21435.0 18795.0 22008.0 20239.0 28679.0 20416.0 20904.0 24246.0 13880.0 20847.0 
26517.0 19942.0 32668.0 41761.0 23283.0 22815.0 0 33452.0 15737.0 21045.0 28070.0 24015.0 24452.0 17106.0 26410.0 49698.0 30911.0 30057.0 26422.0 7345.0 40310.0 24259.0 26142.0 29935.0 16473.0 31201.0 34680.0 14313.0 29071.0 13377.0 30676.0 26773.0 26281.0 30576.0 29848.0 23584.0 19976.0 22742.0 28079.0 39328.0 19290.0 28999.0 12865.0 25355.0 21917.0 13419.0 24544.0 26352.0 28852.0 8935.0 15902.0 
18934.0 20988.0 29136.0 8309.0 24049.0 20032.0 33452.0 0 25703.0 19077.0 12511.0 28902.0 22317.0 33658.0 7042.0 16246.0 17827.0 23239.0 20484.0 30684.0 38888.0 30513.0 23568.0 28905.0 26374.0 28418.0 5442.0 24970.0 21225.0 31664.0 38162.0 29564.0 33405.0 12589.0 9435.0 29362.0 26125.0 28022.0 21716.0 22476.0 26090.0 18984.0 25164.0 23383.0 23124.0 32682.0 18944.0 33152.0 29598.0 32870.0 37015.0 
10780.0 22437.0 17274.0 34012.0 26272.0 22808.0 15737.0 25703.0 0 6626.0 20078.0 14805.0 20394.0 31735.0 23410.0 41949.0 28465.0 26294.0 26415.0 8392.0 26597.0 32315.0 26778.0 16222.0 16466.0 31194.0 20261.0 26032.0 14652.0 10800.0 16963.0 20273.0 22073.0 22275.0 20279.0 26573.0 21023.0 26099.0 26394.0 23934.0 24914.0 13605.0 13912.0 22909.0 19340.0 14466.0 20781.0 21248.0 21277.0 24004.0 22918.0 
17406.0 18091.0 23900.0 27386.0 19646.0 16917.0 21045.0 19077.0 6626.0 0 20588.0 19893.0 16048.0 25579.0 17295.0 35323.0 26734.0 19668.0 27706.0 15018.0 31083.0 32846.0 22700.0 9828.0 17757.0 25303.0 13635.0 22900.0 8026.0 17426.0 21449.0 22123.0 17727.0 15649.0 24932.0 19947.0 23410.0 21753.0 26031.0 25536.0 27877.0 20231.0 20538.0 21178.0 14115.0 21092.0 14155.0 26336.0 25215.0 17408.0 24375.0 
28559.0 8477.0 22374.0 20820.0 11538.0 18459.0 28070.0 12511.0 20078.0 20588.0 0 29685.0 16935.0 26136.0 5469.0 28757.0 16254.0 11946.0 16807.0 25302.0 32126.0 25970.0 21995.0 30416.0 21566.0 26845.0 17953.0 29925.0 19652.0 28989.0 37041.0 24801.0 26823.0 11016.0 21946.0 17423.0 21582.0 20500.0 22154.0 20903.0 20708.0 6473.0 19782.0 21810.0 33939.0 28139.0 6433.0 27770.0 17107.0 25886.0 32853.0 
25585.0 22150.0 26881.0 37211.0 19888.0 14461.0 24015.0 28902.0 14805.0 19893.0 29685.0 0 29132.0 17791.0 24445.0 45148.0 13660.0 33238.0 18068.0 23197.0 30450.0 28899.0 25145.0 20563.0 8119.0 22847.0 23460.0 29550.0 21256.0 14318.0 20816.0 15550.0 31680.0 29892.0 34853.0 23117.0 35255.0 23427.0 23415.0 33541.0 13505.0 23212.0 20572.0 8104.0 5778.0 29271.0 27725.0 6443.0 14319.0 15080.0 8113.0 
30233.0 16667.0 22690.0 30626.0 28473.0 28224.0 24452.0 22317.0 20394.0 16048.0 16935.0 29132.0 0 11341.0 15275.0 38563.0 19157.0 22556.0 18080.0 17257.0 32442.0 22843.0 24726.0 25876.0 21882.0 36610.0 27759.0 26307.0 24074.0 25371.0 37357.0 32159.0 16303.0 20822.0 24987.0 34161.0 8297.0 5705.0 23427.0 29350.0 21981.0 19021.0 21055.0 24713.0 30163.0 14854.0 17043.0 29043.0 26693.0 19512.0 21019.0 
30164.0 28008.0 34031.0 41967.0 22519.0 22051.0 17106.0 33658.0 31735.0 25579.0 26136.0 17791.0 11341.0 0 26616.0 49904.0 19088.0 25216.0 25658.0 24451.0 39602.0 26239.0 28122.0 35407.0 15709.0 30437.0 35599.0 31184.0 33605.0 23495.0 29968.0 26009.0 27644.0 29812.0 26831.0 22820.0 19638.0 5636.0 27930.0 39699.0 29088.0 30362.0 28162.0 24644.0 23569.0 26195.0 19703.0 24234.0 28088.0 8171.0 9678.0 
23090.0 13946.0 22094.0 15351.0 17007.0 12990.0 26410.0 7042.0 23410.0 17295.0 5469.0 24445.0 15275.0 26616.0 0 23288.0 10785.0 17415.0 13442.0 23642.0 31846.0 26449.0 16526.0 27123.0 19332.0 21376.0 12484.0 25358.0 14183.0 27329.0 34777.0 23787.0 26363.0 5547.0 16477.0 22892.0 22056.0 20980.0 18789.0 15434.0 19048.0 11942.0 18122.0 16341.0 30166.0 28006.0 11902.0 26110.0 22556.0 26870.0 32558.0 
35180.0 37234.0 45382.0 7937.0 40295.0 36278.0 49698.0 16246.0 41949.0 35323.0 28757.0 45148.0 38563.0 49904.0 23288.0 0 34073.0 39485.0 36730.0 46930.0 55134.0 46759.0 39814.0 45151.0 42620.0 44664.0 21688.0 41216.0 37471.0 47910.0 54408.0 45810.0 49651.0 28835.0 25681.0 45608.0 42371.0 44268.0 37962.0 38722.0 42336.0 35230.0 41410.0 39629.0 39370.0 48928.0 35190.0 49398.0 45844.0 49116.0 53261.0 
24526.0 24201.0 32879.0 26136.0 17340.0 23775.0 30911.0 17827.0 28465.0 26734.0 16254.0 13660.0 19157.0 19088.0 10785.0 34073.0 0 19578.0 24227.0 28143.0 37338.0 20601.0 22484.0 27933.0 21779.0 32161.0 23269.0 25546.0 18708.0 27333.0 27704.0 13002.0 32321.0 16332.0 21193.0 23225.0 27454.0 13452.0 22292.0 26219.0 23549.0 22727.0 22623.0 5556.0 19438.0 32507.0 14065.0 20103.0 11771.0 27259.0 21773.0 
22039.0 20423.0 34320.0 31548.0 23484.0 25929.0 30057.0 23239.0 26294.0 19668.0 11946.0 33238.0 22556.0 25216.0 17415.0 39485.0 19578.0 0 22428.0 30923.0 44072.0 26729.0 28612.0 29496.0 27780.0 34315.0 28681.0 23059.0 27694.0 30976.0 36833.0 23881.0 37395.0 22962.0 13804.0 29369.0 30494.0 19580.0 19805.0 32849.0 26329.0 18419.0 25403.0 25134.0 33019.0 31653.0 5513.0 33391.0 29053.0 33387.0 34894.0 
20961.0 22505.0 28711.0 28793.0 24646.0 16291.0 26422.0 20484.0 26415.0 27706.0 16807.0 18068.0 18080.0 25658.0 13442.0 36730.0 24227.0 22428.0 0 26447.0 38463.0 29254.0 29968.0 28542.0 9949.0 24677.0 25926.0 21981.0 27625.0 25622.0 36863.0 21191.0 33510.0 18989.0 17628.0 24947.0 26377.0 23785.0 5347.0 28876.0 21853.0 23280.0 20927.0 26172.0 23846.0 30811.0 16915.0 24511.0 30215.0 17487.0 24454.0 
19172.0 17174.0 25323.0 38993.0 30628.0 24315.0 7345.0 30684.0 8392.0 15018.0 25302.0 23197.0 17257.0 24451.0 23642.0 46930.0 28143.0 30923.0 26447.0 0 34989.0 23923.0 25806.0 24614.0 17973.0 32701.0 28653.0 21658.0 23044.0 19192.0 25355.0 28555.0 18936.0 29189.0 28671.0 30929.0 12631.0 22962.0 25311.0 31983.0 16522.0 21654.0 5520.0 22587.0 27732.0 6074.0 25410.0 23584.0 28802.0 16280.0 23247.0 
37377.0 34485.0 9752.0 47197.0 38894.0 34856.0 40310.0 38888.0 26597.0 31083.0 32126.0 30450.0 32442.0 39602.0 31846.0 55134.0 37338.0 44072.0 38463.0 34989.0 0 46084.0 38826.0 21255.0 28514.0 43242.0 42354.0 42165.0 34935.0 26933.0 9634.0 25306.0 34121.0 26299.0 41822.0 39636.0 40739.0 38147.0 41150.0 16412.0 38683.0 25653.0 37757.0 31782.0 24672.0 41063.0 38559.0 36893.0 33325.0 36052.0 38563.0 
30577.0 17493.0 39542.0 38822.0 33915.0 27122.0 24259.0 30513.0 32315.0 32846.0 25970.0 28899.0 22843.0 26239.0 26449.0 46759.0 20601.0 26729.0 29254.0 23923.0 46084.0 0 12003.0 38713.0 20780.0 35508.0 35955.0 26114.0 38546.0 25178.0 36450.0 31362.0 21840.0 31996.0 21078.0 34216.0 18846.0 20603.0 28118.0 41883.0 19329.0 32443.0 18403.0 25394.0 32636.0 25403.0 21216.0 26391.0 31609.0 19567.0 26534.0 
32460.0 19376.0 29074.0 31877.0 33533.0 29005.0 26142.0 23568.0 26778.0 22700.0 21995.0 25145.0 24726.0 28122.0 16526.0 39814.0 22484.0 28612.0 29968.0 25806.0 38826.0 12003.0 0 32528.0 22663.0 37391.0 26267.0 27997.0 30709.0 27061.0 38333.0 32924.0 9837.0 22073.0 22961.0 32985.0 20729.0 22486.0 30001.0 31960.0 21212.0 25405.0 20286.0 25478.0 26747.0 27286.0 23099.0 28274.0 31693.0 21450.0 28417.0 
27002.0 27919.0 31007.0 37214.0 29474.0 26745.0 29935.0 28905.0 16222.0 9828.0 30416.0 20563.0 25876.0 35407.0 27123.0 45151.0 27933.0 29496.0 28542.0 24614.0 21255.0 38713.0 32528.0 0 27585.0 33791.0 23463.0 31790.0 17854.0 16558.0 11621.0 14931.0 27555.0 25477.0 20567.0 29261.0 33238.0 31581.0 23195.0 35364.0 31312.0 29827.0 30134.0 22377.0 23943.0 30688.0 23983.0 27006.0 28592.0 27236.0 28676.0 
27246.0 14031.0 18762.0 34683.0 14697.0 6342.0 16473.0 26374.0 16466.0 17757.0 21566.0 8119.0 21882.0 15709.0 19332.0 42620.0 21779.0 27780.0 9949.0 17973.0 28514.0 20780.0 22663.0 27585.0 0 14728.0 30494.0 22596.0 25783.0 15673.0 28935.0 20904.0 23561.0 21990.0 26969.0 14998.0 27136.0 21345.0 15296.0 25422.0 13379.0 15093.0 12453.0 16223.0 13897.0 22337.0 22267.0 14562.0 20266.0 7538.0 14505.0 
32346.0 28759.0 33490.0 36727.0 27063.0 8386.0 31201.0 28418.0 31194.0 25303.0 26845.0 22847.0 36610.0 30437.0 21376.0 44664.0 32161.0 34315.0 24677.0 32701.0 43242.0 35508.0 37391.0 33791.0 14728.0 0 32538.0 33366.0 33329.0 30401.0 38620.0 22948.0 38289.0 26923.0 29013.0 21178.0 41864.0 36073.0 23196.0 36810.0 28107.0 29821.0 27181.0 30394.0 28625.0 37065.0 28802.0 29290.0 32632.0 22266.0 29233.0 
24376.0 26430.0 34578.0 13751.0 29491.0 24152.0 34680.0 5442.0 20261.0 13635.0 17953.0 23460.0 27759.0 35599.0 12484.0 21688.0 23269.0 28681.0 25926.0 28653.0 42354.0 35955.0 26267.0 23463.0 30494.0 32538.0 0 30412.0 21661.0 26222.0 32720.0 25690.0 31362.0 18031.0 14877.0 23920.0 31567.0 33464.0 27158.0 27918.0 31532.0 24426.0 30606.0 28825.0 17682.0 34727.0 24386.0 29903.0 35040.0 27428.0 31573.0 
18868.0 21797.0 41358.0 33279.0 32794.0 24980.0 14313.0 24970.0 26032.0 22900.0 29925.0 29550.0 26307.0 31184.0 25358.0 41216.0 25546.0 23059.0 21981.0 21658.0 42165.0 26114.0 27997.0 31790.0 22596.0 33366.0 30412.0 0 30926.0 15232.0 32531.0 24482.0 37834.0 30905.0 15535.0 33095.0 22466.0 25548.0 16634.0 40792.0 21145.0 36398.0 20219.0 27210.0 23772.0 15909.0 25448.0 28207.0 30794.0 23248.0 30215.0 
25432.0 26117.0 25183.0 29534.0 24936.0 24943.0 29071.0 21225.0 14652.0 8026.0 19652.0 21256.0 24074.0 33605.0 14183.0 37471.0 18708.0 27694.0 27625.0 23044.0 34935.0 38546.0 30709.0 17854.0 25783.0 33329.0 21661.0 30926.0 0 25452.0 29475.0 20598.0 25753.0 8636.0 25352.0 27973.0 31436.0 29779.0 24955.0 18523.0 31145.0 26125.0 28564.0 13152.0 22141.0 29118.0 22181.0 27699.0 19367.0 25434.0 29369.0 
21580.0 20861.0 26837.0 39973.0 17562.0 22015.0 13377.0 31664.0 10800.0 17426.0 28989.0 14318.0 25371.0 23495.0 27329.0 47910.0 27333.0 30976.0 25622.0 19192.0 26933.0 25178.0 27061.0 16558.0 15673.0 30401.0 26222.0 15232.0 25452.0 0 17299.0 20609.0 31636.0 24855.0 30767.0 17863.0 21530.0 29131.0 28998.0 33497.0 20209.0 23168.0 19283.0 21777.0 8540.0 14973.0 25463.0 20761.0 15562.0 15324.0 22291.0 
27743.0 29701.0 19386.0 46471.0 33932.0 30234.0 30676.0 38162.0 16963.0 21449.0 37041.0 20816.0 37357.0 29968.0 34777.0 54408.0 27704.0 36833.0 36863.0 25355.0 9634.0 36450.0 38333.0 11621.0 28935.0 38620.0 32720.0 32531.0 29475.0 17299.0 0 15672.0 39036.0 35933.0 32188.0 30002.0 37986.0 35604.0 31516.0 26046.0 29049.0 30568.0 28123.0 22148.0 15038.0 31429.0 31320.0 27259.0 28363.0 32623.0 28929.0 
23462.0 24613.0 35058.0 37873.0 19230.0 14562.0 26773.0 29564.0 20273.0 22123.0 24801.0 15550.0 32159.0 26009.0 23787.0 45810.0 13002.0 23881.0 21191.0 28555.0 25306.0 31362.0 32924.0 14931.0 20904.0 22948.0 25690.0 24482.0 20598.0 20609.0 15672.0 0 39850.0 29234.0 20129.0 14330.0 36819.0 26454.0 15844.0 39121.0 23961.0 31274.0 23035.0 7446.0 21328.0 32919.0 18368.0 21993.0 13661.0 17838.0 23663.0 
32853.0 18346.0 24369.0 41714.0 33941.0 29903.0 26281.0 33405.0 22073.0 17727.0 26823.0 31680.0 16303.0 27644.0 26363.0 49651.0 32321.0 37395.0 33510.0 18936.0 34121.0 21840.0 9837.0 27555.0 23561.0 38289.0 31362.0 37834.0 25753.0 31636.0 39036.0 39850.0 0 31910.0 32798.0 37674.0 24600.0 22008.0 38857.0 31029.0 30926.0 20700.0 24456.0 34587.0 31842.0 25010.0 31882.0 37988.0 28372.0 31099.0 37322.0 
26215.0 19493.0 16547.0 20898.0 22554.0 18537.0 30576.0 12589.0 22275.0 15649.0 11016.0 29892.0 20822.0 29812.0 5547.0 28835.0 16332.0 22962.0 18989.0 29189.0 26299.0 31996.0 22073.0 25477.0 21990.0 26923.0 18031.0 30905.0 8636.0 24855.0 35933.0 29234.0 31910.0 0 16716.0 24180.0 27603.0 26527.0 16319.0 9887.0 24595.0 17489.0 23669.0 21788.0 29764.0 33553.0 17449.0 31657.0 28003.0 21641.0 28608.0 
9499.0 15337.0 33263.0 17744.0 33484.0 20627.0 29848.0 9435.0 20279.0 24932.0 21946.0 34853.0 24987.0 26831.0 16477.0 25681.0 21193.0 13804.0 17628.0 28671.0 41822.0 21078.0 22961.0 20567.0 26969.0 29013.0 14877.0 15535.0 25352.0 30767.0 32188.0 20129.0 32798.0 16716.0 0 33419.0 16690.0 21195.0 12281.0 26603.0 27917.0 28419.0 26991.0 26749.0 32559.0 23247.0 19317.0 34979.0 30627.0 30525.0 36509.0 
32582.0 25900.0 33760.0 37671.0 5885.0 12792.0 23584.0 29362.0 26573.0 19947.0 17423.0 23117.0 34161.0 22820.0 22892.0 45608.0 23225.0 29369.0 24947.0 30929.0 39636.0 34216.0 32985.0 29261.0 14998.0 21178.0 23920.0 33095.0 27973.0 17863.0 30002.0 14330.0 37674.0 24180.0 33419.0 0 31941.0 28456.0 30174.0 34067.0 28377.0 23896.0 27451.0 17669.0 24400.0 32836.0 23856.0 29560.0 11454.0 14649.0 21616.0 
26189.0 13105.0 30987.0 34434.0 31640.0 33478.0 19976.0 26125.0 21023.0 23410.0 21582.0 35255.0 8297.0 19638.0 22056.0 42371.0 27454.0 30494.0 26377.0 12631.0 40739.0 18846.0 20729.0 33238.0 27136.0 41864.0 31567.0 22466.0 31436.0 21530.0 37986.0 36819.0 24600.0 27603.0 16690.0 31941.0 0 14002.0 28971.0 37490.0 25685.0 27318.0 18151.0 31750.0 30070.0 6557.0 25340.0 32747.0 34990.0 27809.0 29316.0 
24528.0 22372.0 28395.0 36331.0 28155.0 27687.0 22742.0 28022.0 26099.0 21753.0 20500.0 23427.0 5705.0 5636.0 20980.0 44268.0 13452.0 19580.0 23785.0 22962.0 38147.0 20603.0 22486.0 31581.0 21345.0 36073.0 33464.0 25548.0 29779.0 29131.0 35604.0 26454.0 22008.0 26527.0 21195.0 28456.0 14002.0 0 22294.0 35055.0 27686.0 24726.0 26760.0 19008.0 29205.0 20559.0 14067.0 29870.0 25223.0 13807.0 15314.0 
15614.0 21369.0 32866.0 30025.0 29993.0 21638.0 28079.0 21716.0 26394.0 26031.0 22154.0 23415.0 23427.0 27930.0 18789.0 37962.0 22292.0 19805.0 5347.0 25311.0 41150.0 28118.0 30001.0 23195.0 15296.0 23196.0 27158.0 16634.0 24955.0 28998.0 31516.0 15844.0 38857.0 16319.0 12281.0 30174.0 28971.0 22294.0 0 26206.0 20717.0 28627.0 19791.0 23290.0 29193.0 29675.0 22194.0 27779.0 29505.0 22834.0 29801.0 
34714.0 29380.0 6660.0 30785.0 32441.0 28424.0 39328.0 22476.0 23934.0 25536.0 20903.0 33541.0 29350.0 39699.0 15434.0 38722.0 26219.0 32849.0 28876.0 31983.0 16412.0 41883.0 31960.0 35364.0 25422.0 36810.0 27918.0 40792.0 18523.0 33497.0 26046.0 39121.0 31029.0 9887.0 26603.0 34067.0 37490.0 35055.0 26206.0 0 34482.0 22561.0 33556.0 31675.0 39319.0 38057.0 27336.0 39984.0 30233.0 31528.0 38495.0 
35694.0 12580.0 32141.0 34399.0 28076.0 19721.0 19290.0 26090.0 24914.0 27877.0 20708.0 13505.0 21981.0 29088.0 19048.0 42336.0 23549.0 26329.0 21853.0 16522.0 38683.0 19329.0 21212.0 31312.0 13379.0 28107.0 31532.0 21145.0 31145.0 20209.0 29049.0 23961.0 30926.0 24595.0 27917.0 28377.0 25685.0 27686.0 20717.0 34482.0 0 27181.0 11002.0 17993.0 19283.0 20886.0 20816.0 7062.0 24208.0 20917.0 21618.0 
24385.0 14950.0 15901.0 27293.0 18011.0 21435.0 28999.0 18984.0 13605.0 20231.0 6473.0 23212.0 19021.0 30362.0 11942.0 35230.0 22727.0 18419.0 23280.0 21654.0 25653.0 32443.0 25405.0 29827.0 15093.0 29821.0 24426.0 36398.0 26125.0 23168.0 30568.0 31274.0 20700.0 17489.0 28419.0 23896.0 27318.0 24726.0 28627.0 22561.0 27181.0 0 26255.0 26119.0 28990.0 27728.0 12906.0 29655.0 19904.0 22631.0 29598.0 
24692.0 11654.0 30843.0 33473.0 27150.0 18795.0 12865.0 25164.0 13912.0 20538.0 19782.0 20572.0 21055.0 28162.0 18122.0 41410.0 22623.0 25403.0 20927.0 5520.0 37757.0 18403.0 20286.0 30134.0 12453.0 27181.0 30606.0 20219.0 28564.0 19283.0 28123.0 23035.0 24456.0 23669.0 26991.0 27451.0 18151.0 26760.0 19791.0 33556.0 11002.0 26255.0 0 17067.0 24309.0 11594.0 19890.0 18064.0 23282.0 19991.0 26958.0 
27343.0 18645.0 29788.0 31692.0 11784.0 22008.0 25355.0 23383.0 22909.0 21178.0 21810.0 8104.0 24713.0 24644.0 16341.0 39629.0 5556.0 25134.0 26172.0 22587.0 31782.0 25394.0 25478.0 22377.0 16223.0 30394.0 28825.0 27210.0 13152.0 21777.0 22148.0 7446.0 34587.0 21788.0 26749.0 17669.0 31750.0 19008.0 23290.0 31675.0 17993.0 26119.0 17067.0 0 13882.0 26951.0 19621.0 14547.0 6215.0 23184.0 16217.0 
30120.0 25887.0 32659.0 31433.0 25666.0 20239.0 21917.0 23124.0 19340.0 14115.0 33939.0 5778.0 30163.0 23569.0 30166.0 39370.0 19438.0 33019.0 23846.0 27732.0 24672.0 32636.0 26747.0 23943.0 13897.0 28625.0 17682.0 23772.0 22141.0 8540.0 15038.0 21328.0 31842.0 29764.0 32559.0 24400.0 30070.0 29205.0 29193.0 39319.0 19283.0 28990.0 24309.0 13882.0 0 23513.0 27506.0 12221.0 20097.0 20858.0 13891.0 
25246.0 19662.0 31397.0 40991.0 32535.0 28679.0 13419.0 32682.0 14466.0 21092.0 28139.0 29271.0 14854.0 26195.0 28006.0 48928.0 32507.0 31653.0 30811.0 6074.0 41063.0 25403.0 27286.0 30688.0 22337.0 37065.0 34727.0 15909.0 29118.0 14973.0 31429.0 32919.0 25010.0 33553.0 23247.0 32836.0 6557.0 20559.0 29675.0 38057.0 20886.0 27728.0 11594.0 26951.0 23513.0 0 26140.0 27948.0 30535.0 22354.0 29321.0 
24428.0 14910.0 28807.0 27253.0 17971.0 20416.0 24544.0 18944.0 20781.0 14155.0 6433.0 27725.0 17043.0 19703.0 11902.0 35190.0 14065.0 5513.0 16915.0 25410.0 38559.0 21216.0 23099.0 23983.0 22267.0 28802.0 24386.0 25448.0 22181.0 25463.0 31320.0 18368.0 31882.0 17449.0 19317.0 23856.0 25340.0 14067.0 22194.0 27336.0 20816.0 12906.0 19890.0 19621.0 27506.0 26140.0 0 27878.0 23540.0 27874.0 29381.0 
32028.0 19642.0 33324.0 41461.0 26331.0 20904.0 26352.0 33152.0 21248.0 26336.0 27770.0 6443.0 29043.0 24234.0 26110.0 49398.0 20103.0 33391.0 24511.0 23584.0 36893.0 26391.0 28274.0 27006.0 14562.0 29290.0 29903.0 28207.0 27699.0 20761.0 27259.0 21993.0 37988.0 31657.0 34979.0 29560.0 32747.0 29870.0 27779.0 39984.0 7062.0 29655.0 18064.0 14547.0 12221.0 27948.0 27878.0 0 20762.0 21523.0 14556.0 
21128.0 24860.0 23573.0 37907.0 5569.0 24246.0 28852.0 29598.0 21277.0 25215.0 17107.0 14319.0 26693.0 28088.0 22556.0 45844.0 11771.0 29053.0 30215.0 28802.0 33325.0 31609.0 31693.0 28592.0 20266.0 32632.0 35040.0 30794.0 19367.0 15562.0 28363.0 13661.0 28372.0 28003.0 30627.0 11454.0 34990.0 25223.0 29505.0 30233.0 24208.0 19904.0 23282.0 6215.0 20097.0 30535.0 23540.0 20762.0 0 19917.0 22432.0 
34784.0 21569.0 26300.0 41179.0 14348.0 13880.0 8935.0 32870.0 24004.0 17408.0 25886.0 15080.0 19512.0 8171.0 26870.0 49116.0 27259.0 33387.0 17487.0 16280.0 36052.0 19567.0 21450.0 27236.0 7538.0 22266.0 27428.0 23248.0 25434.0 15324.0 32623.0 17838.0 31099.0 21641.0 30525.0 14649.0 27809.0 13807.0 22834.0 31528.0 20917.0 22631.0 19991.0 23184.0 20858.0 22354.0 27874.0 21523.0 19917.0 0 6967.0 
33698.0 28536.0 33267.0 45324.0 21315.0 20847.0 15902.0 37015.0 22918.0 24375.0 32853.0 8113.0 21019.0 9678.0 32558.0 53261.0 21773.0 34894.0 24454.0 23247.0 38563.0 26534.0 28417.0 28676.0 14505.0 29233.0 31573.0 30215.0 29369.0 22291.0 28929.0 23663.0 37322.0 28608.0 36509.0 21616.0 29316.0 15314.0 29801.0 38495.0 21618.0 29598.0 26958.0 16217.0 13891.0 29321.0 29381.0 14556.0 22432.0 6967.0 0 
