26
2 4 6 7 9 B C D E G L N O P Q S T V X Y Z b d f n 1
0 430574791.21208 1162088830.36324 581684954.66349 1004003385.04687 267010362.43897 784032959.64233 328930563.8223 835260680.77143 423331270.17578 644354475.793 593117511.8532801 815545586.3975999 715396826.42759 645859929.7064 333246921.20604 327914252.16722 1305723121.5870001 766755814.79589 752612188.81516 791720821.42697 665317251.47382 612828673.74394 1000747462.59646 1115394817.32937 1043506893.8487 
430574791.21208 0 977138075.25707 354398622.11715 686579518.38279 163564428.77310997 513561013.13408 225484630.15643996 526469530.21435 196044935.29211 459403720.74019 284326360.59379 506754435.78705 530446071.25444 542413993.2115899 215017914.26257002 142963497.48163 1035251175.11013 663309878.27352 719904376.68001 759013009.21293 347893384.34441 376909625.22805 815796707.52216 930444062.21114 612932102.63662 
1162088830.36324 977138075.25707 0 1321916059.42737 1663717593.63986 1140702504.03018 1490699088.39115 1107480871.84553 1425009583.13368 1013080165.49205 1357943773.30759 1182866413.20837 1405294488.33906 1507584146.51151 1359449227.26698 1168643994.31278 1041503549.27793 1933791228.09911 1630827315.60355 1616683689.6349802 1505310119.1626 1325031459.60148 1344427062.6271 1714336760.29377 1828984115.14986 1590070177.89369 
581684954.66349 354398622.11715 1321916059.42737 0 880875298.49912 314674592.22452 789361609.33314 252754390.84119 720765310.40193 308835893.93532 653699500.79072 516941338.87217 701050215.82118 724741851.43024 655204954.70536 380911150.99159 375578477.5597 1229546955.23656 776100839.79394 761957213.81294 801065846.42938 542189164.54717 571205402.8724 1010092487.5968 1275222046.39451 807227882.70247 
1004003385.04687 686579518.38279 1663717593.63986 880875298.49912 0 736993022.6079 1121542508.5989 798913223.99123 1213049048.5971398 722521608.70602 1114337130.28638 939259770.59129 1161687845.26672 1138427567.19697 1068890670.35043 670756463.84083 750944992.40095 1643232671.12371 1340268758.8175201 1175642929.45239 1214751562.21106 1002826794.1086099 903386302.24139 1502376225.9049501 1585377471.38491 1299511621.0194101 
267010362.43897 163564428.77310997 1140702504.03018 314674592.22452 736993022.6079 0 517022597.20336 61920201.38333 568250318.33246 156320907.73681 509817225.21262 326107149.41431 548535223.95863 572226859.36841 511322679.08474 66236558.76707 146425081.71803 1038712759.14803 666771462.57383 618074938.11483 610231650.33898 398306889.03485 345818311.30496997 819258291.56847 980857566.3111501 776496531.40973 
784032959.64233 513561013.13408 1490699088.39115 789361609.33314 1121542508.5989 517022597.20336 0 578942798.5866901 1040030543.3484299 631007922.5081 941318625.2207601 719289350.80316 988669340.2011001 965409061.56332 895872164.77486 497737958.77521 577926487.074 1470214165.35565 1098272865.48951 1049576338.12297 1041733056.55291 782856374.67534 730367796.73616 1250759697.66747 1365407052.44333 1126493115.7707 
328930563.8223 225484630.15644002 1107480871.84553 252754390.84119 798913223.99123 61920201.38333 578942798.5866901 0 506330116.94913 94400706.35348 571737426.59595 264186948.03098 486615022.5753 510306657.98508 573242880.46807 128156760.15040001 122824086.71851 1100632960.5313601 712147856.46498 679995139.49816 672151851.72231 460227090.41818 407738512.6883 881178492.9518 1042777767.6944801 743274899.33596 
835260680.77143 526469530.21435 1425009583.13368 720765310.40193 1213049048.5971398 568250318.33246 1040030543.3484299 506330116.94913 0 562411620.64036 907275228.30789 770517064.9801099 954625943.35421 978317579.07591 908780682.24715 634486877.0995301 590835004.25577 1483122683.03595 1029676567.36771 1166015144.78329 1178481968.6714401 874362914.5587599 743276314.09162 1342266237.73651 1378315570.09849 1139401632.85097 
423331270.17578 196044935.29211 1013080165.49205 308835893.93532 722521608.70602 156320907.73681 631007922.5081 94400706.35348 562411620.64036 0 576850630.15286 320268451.29932 581015728.92878 604707364.33856 496851265.07196 222557466.50388 217224793.07199 1152698084.3254101 617747150.1115 603603524.14293 642712156.64479 383835474.95645 331346897.13505 975579199.30528 966386152.45919 648874192.98248 
644354475.793 459403720.74019 1357943773.30759 653699500.79072 1114337130.28638 509817225.21262 941318625.2207601 571737426.59595 907275228.30789 576850630.15286 0 665132058.50415 887560133.63696 958203683.29304 841714872.53677 443580666.44555 523769194.7223 1463008786.85283 1044115573.13427 948467131.64216 987575764.33781 728699082.39292 676210504.43669 1275200428.26235 1311249760.2768 993737800.56021 
593117511.85328 284326360.59379 1182866413.20837 516941338.87217 939259770.59129 326107149.41431 719289350.80316 264186948.03098 770517064.9801099 320268451.29932 665132058.50415 0 750801970.60628 736174409.17693 666637512.4209 268503306.75046 387011034.74949 1287931427.15774 787533397.55186 820341686.09822 812498404.19988 553621722.20791 501133144.2476 1100123068.11595 1183124314.29454 897258463.2304101 
815545586.3975999 506754435.78705 1405294488.33906 701050215.82118 1161687845.26672 548535223.95863 988669340.2011001 486615022.5753 954625943.35421 581015728.92878 887560133.63696 750801970.60628 0 958602484.37582 936017501.7435601 490931381.42589 609439109.29381 1510359501.83317 1091466288.1477299 1042769760.7736499 1034926479.37916 823001711.69367 723561219.48937 1243953120.52355 1358600475.31043 1119686538.42367 
715396826.42759 530446071.25444 1507584146.51151 724741851.43024 1138427567.19697 572226859.36841 965409061.56332 510306657.98508 978317579.07591 604707364.33856 958203683.29304 736174409.17693 958602484.37582 0 959709137.16516 514623016.84749 594811545.29125 1534051137.25477 1115157923.60217 1066461396.19525 1182458509.7073898 799741433.10158 747252855.12073 1346242778.7766001 1429244024.39157 1143378173.89106 
645859929.7064 542413993.2115899 1359449227.26698 655204954.70536 1068890670.35043 511322679.08474 895872164.77486 573242880.46807 908780682.24715 496851265.07196 841714872.53677 666637512.4209 936017501.7435601 959709137.16516 0 445086120.31767 572226565.35252 1464514240.7249498 1045621027.01231 996924499.66543 989081218.28195 777156450.5854499 677715958.35495 1330580970.65321 1359707127.8617501 1145725458.05444 
333246921.20604 215017914.26257002 1168643994.31278 380911150.99159 670756463.84083 66236558.76707 497737958.77521 128156760.15040001 634486877.09953 222557466.50388002 443580666.44555 268503306.75046 490931381.42589 514623016.84749 445086120.31767 0 127140445.03485 1019428120.40728 733008021.3409 551838379.34776 676468209.10605 332070330.26778 279581752.5379 885494850.33554 914621007.54408 827950016.8991901 
327914252.16722 142963497.48163 1041503549.27793 375578477.5597 750944992.40095 146425081.71803 577926487.074 122824086.71851 590835004.25577 217224793.07199 523769194.7223 387011034.74949 609439109.29381 594811545.29125 572226565.35252 127140445.03485 0 1099616649.13849 646170533.73912 632026907.7608 671135540.30603 412258858.38348 406722197.57275 880162181.52746 1041761452.57893 755895600.11825 
1305723121.5870001 1035251175.11013 1933791228.09911 1229546955.23656 1643232671.12371 1038712759.14803 1470214165.35565 1100632960.5313601 1483122683.03595 1152698084.3254101 1463008786.85283 1287931427.15774 1510359501.83317 1534051137.25477 1464514240.7249498 1019428120.40728 1099616649.13849 0 1619963027.30682 1524314586.25129 1648944409.48701 1304546537.04622 1252057959.05532 1772449860.20675 1887097215.07256 1648183277.7467499 
766755814.79589 663309878.27352 1630827315.60355 776100839.79394 1340268758.8175201 666771462.57383 1098272865.48951 712147856.46498 1029676567.36771 617747150.1115 1044115573.13427 787533397.55186 1091466288.1477299 1115157923.60217 1045621027.01231 733008021.3409001 646170533.73912 1619963027.30682 0 1070868470.66148 1109977103.39 1001582625.06795 880116659.02877 1319003744.52445 1433651099.32242 1116139139.58773 
752612188.81516 719904376.68001 1616683689.6349802 761957213.81294 1175642929.45239 618074938.11483 1049576338.12297 679995139.49816 1166015144.78329 603603524.14293 948467131.64216 820341686.09822 1042769760.7736499 1066461396.19525 996924499.66543 551838379.34776 632026907.7608 1524314586.25129 1070868470.66148 0 1095833477.398 836956795.4646 831420131.8856599 1304860118.53263 1419507473.32792 1101995513.59822 
791720821.42697 759013009.21293 1505310119.1626 801065846.42938 1214751562.21106 610231650.33898 1041733056.55291 672151851.72231 1178481968.67144 642712156.64479 987575764.33781 812498404.19988 1034926479.37916 1182458509.7073898 989081218.28195 676468209.10605 671135540.30603 1648944409.48701 1109977103.39 1095833477.398 0 1008538539.3738301 956049961.64395 1429489941.90745 1458616106.13028 1291586349.6272702 
665317251.47382 347893384.34441 1325031459.60148 542189164.54717 1002826794.1086099 398306889.03485 782856374.67534 460227090.41818 874362914.5587599 383835474.95645 728699082.39292 553621722.20791 823001711.69367 799741433.10158 777156450.5854499 332070330.26778 412258858.38348 1304546537.04622 1001582625.06795 836956795.4646 1008538539.37383 0 611652082.80568 1085092069.34306 1246691337.81186 882227464.3814 
612828673.74394 376909625.22805 1344427062.6271 571205402.8724 903386302.24139 345818311.30496997 730367796.73616 407738512.68829995 743276314.09162 331346897.13505 676210504.43669 501133144.2476 723561219.48937 747252855.12073 677715958.35495 279581752.5379 406722197.57275 1252057959.05532 880116659.02877 831420131.8856599 956049961.64395 611652082.80568 0 1032603491.36919 1147250846.13223 980221090.1175301 
1000747462.59646 815796707.52216 1714336760.29377 1010092487.5968 1502376225.9049501 819258291.56847 1250759697.66747 881178492.9518 1342266237.73651 975579199.30528 1275200428.26235 1100123068.11595 1243953120.52355 1346242778.7766001 1330580970.6532102 885494850.33554 880162181.52746 1772449860.20675 1319003744.52445 1304860118.53263 1429489941.90745 1085092069.34306 1032603491.36919 0 1667642747.26917 1350130787.47598 
1115394817.32937 930444062.21114 1828984115.14986 1275222046.39451 1585377471.38491 980857566.3111501 1365407052.44333 1042777767.6944801 1378315570.09849 966386152.45919 1311249760.2768 1183124314.29454 1358600475.31043 1429244024.39157 1359707127.8617501 914621007.54408 1041761452.57893 1887097215.07256 1433651099.32242 1419507473.32792 1458616106.13028 1246691337.81186 1147250846.13223 1667642747.26917 0 1464778142.28203 
1043506893.8487 612932102.63662 1590070177.89369 807227882.70247 1299511621.0194101 776496531.4097301 1126493115.7707 743274899.33596 1139401632.85097 648874192.98248 993737800.56021 897258463.2304101 1119686538.42367 1143378173.89106 1145725458.05444 827950016.8991901 755895600.11825 1648183277.7467499 1116139139.58773 1101995513.59822 1291586349.6272702 882227464.3814 980221090.1175301 1350130787.47598 1464778142.28203 0 
