100
1aA 1aB 1aC 1aE 1aI 1aJ 1aK 1aL 1aM 1aN 1aP 1aQ 1aR 1aS 1aT 1aU 1aV 1aW 1aX 1aY 1aZ 1bA 1bB 1bC 1bD 1bE 1bF 1bG 1bH 1bJ 1bK 1bL 1bM 1bN 1bO 1bP 1bQ 1bR 1bS 1bT 1bU 1bV 1bW 1bX 1bY 1cB 1cC 1cD 1cE 1cF 1cG 1cH 1cI 1cJ 1cK 1cN 1cO 1cP 1cQ 1cR 1cS 1cT 1cU 1cV 1cW 1cX 1cY 1cZ 1dA 1dC 1dD 1dE 1dF 1dG 1dH 1dI 1dJ 1dK 1dM 1dN 1dO 1dP 1dR 1dS 1dT 1dV 1dW 1dY 1dZ 1eA 1eB 1eC 1eD 1eE 1eF 1eG 1eH 1eI 1eJ 1
0 1033689759.45251 1297144721.23911 660150787.47268 1189493161.86685 546550851.03669 965609297.47964 1524865089.2608 1191386087.0170798 1136498709.41604 1529572515.70789 1437491803.24587 1175500866.58592 1441046085.27278 1144930918.80831 1437966039.34848 1423439529.05494 933999181.7995 686297018.64043 1281943227.8146 938162984.546 1111548049.36815 1426145247.7065902 627321315.66706 1400640210.17483 841951591.47845 637338135.18494 1426224949.4201 1548535432.35603 925113043.67121 969422604.12509 1039843271.38492 1288564460.52287 1083136454.5988002 784920204.39815 1485173958.44412 1398344855.38339 868246766.72428 1343612015.705 655654444.72192 1512821547.20026 983903094.68575 762562223.19735 591359150.61711 729772797.43714 846857265.49132 603175164.40727 1078043416.25547 980532931.54551 830344936.70419 1484826907.96028 1039702605.22021 966776774.4293 636210790.69007 907329674.56284 1286654191.33751 894329432.60057 1029420784.54982 1497831482.60165 1015122808.58867 1502542807.17579 1248244660.6146102 730904567.60826 1108843407.20275 891389996.9807401 707345557.6549 856742667.59675 1191844028.90749 935614154.95099 1368600512.42878 938825325.01001 773852137.76148 1148303138.30834 1036437924.13808 626772980.74306 1183193418.53568 1218530867.51269 856985090.59031 939539023.87678 1069364374.20615 1002405830.86788 1319320821.3231 897475659.31169 913762706.67437 796831013.39787 1294553330.47475 644912792.1327801 1437933088.9602098 718317120.94952 672729232.93661 1296121338.27682 1391312512.51268 1345828194.24967 1146110053.56442 1358187816.84754 1028020743.2177801 857596805.59016 644651389.73659 571536726.70018 623815924.32319 
1033689759.45251 0 1269213912.305 600738839.2416 1161562353.0372 518620042.24091 908252748.30996 1563056617.23981 1163455278.2213 1137993641.05717 1472215966.37371 1409560994.30534 1176995798.3559198 1458475956.7659001 1117000109.97866 1333169863.37098 1358301691.3296 906068373.00372 658366209.81078 1254012419.01882 941713309.86714 1083617240.44866 1398214438.87694 599390506.82654 1372709401.23445 843446523.28104 579981583.02777 1427719881.04149 1471747059.37045 897182234.84156 912066054.60898 1011912462.47159 1260633651.5955 1025779905.34585 756989395.5685 1457243149.50545 1370414046.44736 803108927.94843 1284200073.33782 596242498.69154 1514316478.7035098 985398026.64703 705205673.59761 594909481.32896 733323123.5455999 818926456.60205 620605036.19638 1050112607.33556 952602122.64229 770932993.48562 1425414965.5386 1011771796.30236 938845965.52404 637705723.79712 879398865.66823 1307580946.60503 866398623.70875 1001489975.642 1440474933.30496 1036049564.22188 1474611998.23131 1220313851.78496 702973758.74191 1080912598.3691 863459188.1510899 679414748.85912 828811858.7671 1163913220.0778399 862322665.55725 1372150837.13441 910894516.18036 745921328.89317 1149798069.86025 1048165453.61341 598842171.90623 1186743743.45269 1239457622.92901 860535416.23465 911608215.04713 1070859305.6599 974475022.0720999 1291390012.38968 869544850.41021 885831897.78251 798325945.0894 1298103655.25492 616981983.30313 1378521146.52546 721867448.46171 674224166.49805 1268190529.3436 1363381703.6830301 1349378518.857 1149660378.54463 1330257008.05176 1000089934.38813 829665996.70279 616720580.89474 573031661.69222 558678079.33985 
1297144721.23911 1269213912.305 0 864193800.68073 1395591574.28 782075003.62138 1248573077.06423 1760389242.1801 1426910239.60177 1372022862.28585 1735670928.22619 1704497089.19514 1411025019.43097 1713777266.75449 1351029331.24791 1596624825.21106 1658963681.7536201 1138042200.37481 892395431.13979 1517467380.39929 1205168271.24761 1347072202.24392 1632243660.2204 894326605.91546 1636164363.10037 1077475744.29903 843436544.51988 1693230235.47191 1791840877.38855 1187850312.5833101 1207002150.16112 1275367424.25061 1555569746.71972 1289234867.15294 991018616.33269 1720698111.33647 1665350141.42738 1066563889.56639 1579136168.28969 859697460.2963 1779826833.1012201 1250908381.4355 1000141770.00727 858364442.70943 965296950.24695 1113862552.40531 895338175.5064 1313567569.14828 1216057084.37354 1065869089.28888 1720351060.54497 1275226758.11631 1258939783.79789 903216080.69679 1142853827.37629 1578817200.4672 1167060614.69502 1296426071.0636 1735411028.1858501 1307285818.08405 1738066960.10557 1485824206.32802 966428720.37659 1365129216.50352 1097488409.26555 911388573.5334 1100048109.01218 1435149470.08583 1125777627.28685 1635605798.51488 1227491450.29421 1009376290.50391 1383827291.19759 1271962076.83676 893778271.36461 1450198704.83316 1454055020.37419 1092509243.38924 1145637436.24298 1304888527.10714 1206448849.47935 1592052002.85502 1164480945.81264 1186493888.82745 1063836300.3705299 1561558616.6353898 882492340.79607 1673457241.5449 953841273.63052 939734522.73297 1563126624.30584 1597410925.11589 1612833480.2374701 1381634206.40984 1562230836.25711 1265600289.1547 1124602092.6122499 880175542.44787 838542021.82183 822133040.7188 
660150787.47268 600738839.2416 864193800.68073 0 758597640.43942 113599936.43599 603269291.51998 1158036509.43544 758435172.4163799 703547789.06738 1149660062.34215 1004540882.62871 842586600.84709 1008095164.66583 682554258.01633 928149751.7496 1019403920.46444 469567127.67243 223920359.15929 817511173.82492 536693204.06222 678597129.01288 1029890927.53715 225851538.73007 967689289.54046 409000671.66494 241083815.70308 993274028.88322 1132849288.51542 545200590.38044 507045943.49216 638373490.53372 855613540.11251 686882134.54209 322543544.13449 1052223037.89119 996875074.24199 398088817.41871 910661101.1043 222703530.12122 1079870626.5381 582433314.25011 300185563.07406 158408233.05952 328303017.74068 413906345.6772 170224246.07701 711214836.5175401 579063150.96285 365912882.5729 1051875993.3595799 689215892.1953601 533825854.29848 234741013.51139998 474378754.66283 919825611.5966301 461378512.76695 627951003.87821 1035454821.61852 664636095.9065 1069591886.50697 817349139.14263 297953648.42557 696654147.1795701 429013336.51558 242913502.4782 394366007.29482 832796743.6813899 457302554.49069 967130731.32949 476448664.44653 340901218.54444 797816425.3509301 566279974.94869 225303204.17922002 750242498.21553 851702287.91206 424034170.84893 477162363.33526 667894593.15088 537973776.74186 968834108.3629601 496005878.62724996 480811786.86006 395361233.18514 893083549.4499999 182536132.40725 973501034.95072 285366202.36474 271259455.54758 863170417.73788 928935851.58549 912877273.67275 713159133.29707 893755762.85083 597125221.96931 456127025.42686 211700471.55677 170066954.63644 219780314.53313 
1189493161.86685 1161562353.0372 1395591574.28 758597640.43942 0 644997704.00343 1034630410.27563 1623311942.29464 1289832939.98382 1264371302.9506102 1598593628.34645 1567419789.57719 1273947719.60392 1539492938.3077 1213952031.40874 1459547525.34136 1521886382.0787902 1032446034.76624 755318131.37864 1380390080.7813401 1036609837.57191 1209994902.40481 1524592100.77038 755193910.68344 1499087063.21712 940398444.51408 735784988.24873 1554097542.9349298 1598124721.34344 1023559896.735 1067869457.18888 1138290124.42244 1387011313.54387 1152157567.31108 883367057.46194 1583620811.46742 1496791708.41203 966693619.7481301 1442058868.67174 722620160.57565 1611268400.23805 1082349947.69785 861009076.26114 689806003.6459 828219650.48251 976785252.78736 701622017.46502 1205916009.64979 1078979784.57044 928791789.67093 1583273760.92702 1167575198.57457 1094649368.00514 764083385.69056 1005776527.5879 1433958608.49847 1029983315.02019 1157293378.23335 1566852595.28269 1162427226.11532 1600989660.21533 1346691513.6784 829351420.63325 1228051916.82544 989836850.0445299 805792410.62164 925763780.33822 1290290881.97128 1037557891.9746101 1467047365.45495 1007846437.48785 872298990.76795 1246749991.34864 1134884777.16193 725219833.75334 1281640271.55743 1365835284.8224502 955431943.61385 1008560136.43589 1197236967.55334 1100852683.83462 1447193414.7821999 1027403646.19469 1012209559.68842 895277866.44416 1393000183.49907 713933903.59449 1536379941.92695 816763973.93377 771176085.92157 1426049324.68789 1489759365.57647 1475756180.6195202 1276038040.30715 1456634669.81428 1097041855.58904 985469399.44443 743098242.74748 669983579.71761 685055741.09801 
546550851.03669 518620042.24091 782075003.62138 113599936.43599 644997704.00343 0 502566733.68006 1087717628.20833 644835235.98039 699351248.6921 1066529951.6782501 922422085.57376 757785233.66108 1003898624.25732 600435460.98493 927483848.69069 949085039.27267 387448330.76281 219723819.24909 735392376.77791 423093267.62623 596478331.98079 959572046.34184 112251602.29408 967023386.4796801 409346085.75659996 170764936.07028 911155231.85053 1066061044.6735401 458539842.85201 424927146.53974 524773554.09773 773494743.09834 620093890.71 318347004.03508 970104240.86115 883275137.806 393892277.30143 797061164.66831 109103593.68523 997751829.47984 468833377.81412 218066766.38589 76289439.08805 214703081.30469 331787548.78393 185459533.22292998 644426592.68484 465463214.52686 283794085.6675 938276056.92359 607097099.14625 533159951.0908 121141077.07541 392259957.7501 849506730.4370301 457181972.50964 514351067.44222 953336024.56447 581505985.35648 987473089.44552 703749202.70664 215834851.87437 626335266.1298201 346894539.57941 160794706.61821 394711421.28775996 725270827.6885201 472537841.65987 853530794.8935 476794078.64469 336704678.511 711155677.4915301 562083434.56665 111703267.74323 668123701.21178 784914044.07096 341915373.99374 472965823.01173997 554294656.71489 455854979.83119 886715315.31385 382405942.19126 476615246.60912997 281761296.74915 779483613.01401 100417337.17469 891382237.92352 203247406.2208 157659519.11159 781051620.68446 846817054.52144 830758476.61609 631040336.30372 811636965.81085 483525285.53332 342527088.99087 129581676.02117 56467018.20045 152992070.25533 
965609297.47964 908252748.30996 1248573077.06423 603269291.51998 1034630410.27563 502566733.68006 0 1399428078.15111 1034467942.26115 1011061698.28346 1404135504.38447 1312054792.12744 1079489595.86215 1315609074.15724 990068167.23165 1312529028.15385 1260795489.14634 825938600.82701 531434267.03604 1201890450.20631 893941972.30055 986111038.22613 1271282496.19993 501884304.46272 1304628939.16077 716514580.30231 511901123.86152 1300787938.31744 1374240857.20522 770250292.11411 814559852.35877 991271627.44633 1192553189.7279701 957699443.27538 659483193.0747299 1408594511.23775 1272907844.27487 705602725.7065 1186693871.1438 498736296.29903 1416810276.20974 887891824.15326 637125211.87393 465922139.38356 653193350.94892 770277818.75861 477738153.1244 952606405.09362 936311919.2609401 673426791.16511 1327908763.37996 914265594.04674 841339763.27196 540199521.30335 811318403.94443 1210074744.11126 817749985.9342899 903983773.42011 1342968731.13113 889685797.46235 1425963359.82334 1122807649.2911901 605467556.4267 1014911082.8367699 736527245.25234 550427409.69137 731305656.27333 1066407017.58407 764816463.28418 1243163501.32224 783962573.2868 729631126.14737 1052291867.36648 950659251.2355399 582551970.22413 1138972406.12487 1093093856.40116 780405643.9907501 814102012.55336 943927363.03626 894345249.97633 1193883810.20106 772038648.12112 817751436.19579 671394002.19483 1245981686.44524 490050039.32159 1357880311.37782 674332996.50916 576717964.00428 1170684327.1474 1236449761.06432 1269248746.95476 1020673042.45133 1250127236.14501 902583731.8943601 761585535.05722 548640120.43581 446099715.47961 461171877.05245 
1524865089.2608 1563056617.23981 1760389242.1801 1158036509.43544 1623311942.29464 1087717628.20833 1399428078.15111 0 1623149474.28542 1677665473.7028499 1963391296.24454 1900736324.18958 1675952416.3633199 1904290606.21005 1578749699.2676 1922780223.5139198 1849477021.20418 1422401425.1883202 1157322828.59784 1713706615.23525 1401407505.37044 1574792570.26423 1926086364.8622699 1090565836.39003 1863884731.13508 1305196112.31392 1137279253.0282 1926676498.9917002 2019561245.39392 1415570680.58868 1440448413.42087 1569210129.10554 1751808981.38854 1573594091.40662 1218738984.34235 1985625508.0159101 1861589376.29169 1294284257.53437 1775375403.2049 1124624859.11853 1976066068.1568 1503786472.33283 1196381003.2937 1054603671.35258 1249656175.31023 1347308815.52805 1123058543.51177 1578494965.80463 1443777452.37526 1262108323.24112 1916590295.36402 1502947126.15693 1430021295.29505 1165577650.49983 1407781224.58962 1749898712.2521 1357573953.40072 1492665305.38381 1997772599.7462502 1535006186.08942 2002994356.60518 1719270469.7824302 1194149088.37808 1592849584.5046902 1325208777.28598 1195747800.38425 1290561448.1855 1662869838.0911999 1410136851.94871 1831845033.32411 1372644105.3045 1237096658.48191 1611547659.22398 1462475416.18188 1090017501.4336 1646437939.38915 1681775388.37557 1320229611.3884 1373357804.26643 1569815923.71281 1434169217.46427 1819772370.8603902 1360720180.21065 1414214256.83282 1337997778.40969 1795004880.11676 1078731571.32512 1869696476.34995 1181561641.58309 1173180785.12188 1796572887.78894 1862338321.6467 1865711571.31607 1609354574.40624 1846590060.50632 1461839523.39162 1377480183.35021 1145102941.74603 1071988281.6530501 1049853408.64627 
1191386087.0170798 1163455278.2213 1426910239.60177 758435172.4163799 1289832939.98382 644835235.98039 1034467942.26115 1623149474.28542 0 1316235979.44134 1635638189.11418 1567257321.55415 1273785251.5922 1539330470.29797 1245270696.96532 1540837942.1855998 1521723914.05577 1032283566.7432 755155663.35882 1348746479.34242 1067928503.60662 1241313567.96118 1495003892.33844 725605700.66709 1498924595.20712 940235976.49819 706196776.82797 1555990467.83092 1597962253.33407 993971688.34177 1069762382.5201299 1138127656.4093 1418329979.07873 1151995099.29809 899139529.33639 1614939476.8415399 1496629240.40203 929324121.80738 1441896400.6487 722457692.55498 1642587065.4602299 1113668613.79451 831420867.4932 689643535.62427 859538317.28508 945141650.50962 746820230.07414 1213534830.10141 1110298450.5072498 928629321.64789 1583111292.9039798 1137986990.25883 1110421839.92396 765976313.0558 1037095193.73049 1384938576.36092 1029820846.99717 1159186303.4226098 1566690127.27313 1170046050.3862 1632308325.42591 1317103305.29388 829188952.61526 1207127792.24686 960248641.45578 774148805.81685 962808341.3143301 1297909702.38798 1033898539.9951 1466884897.44476 1053044649.9863 872136522.75087 1328040408.24753 1097515280.29584 725057365.73279 1312958937.19217 1316815252.52423 955269475.59823 1008397668.42106 1199129892.69528 1100690215.81158 1454812235.15717 995760044.34679 1012047091.67368 895115398.42745 1392837715.48834 713771435.57358 1504736340.47383 816601505.91555 802494755.09198 1394405723.30434 1460171157.22692 1444112579.27809 1244394438.57255 1424991068.38449 1128360521.51371 955881190.59809 774416912.00156 669821111.69536 722100309.32402 
1136498709.41604 1137993641.05717 1372022862.28585 703547789.06738 1264371302.9506102 699351248.6921 1011061698.28346 1677665473.7028499 1316235979.44134 0 1604450656.79165 1512369944.28794 1279804748.26933 1592789593.31089 1219809059.89207 1512844180.3832998 1461110641.30988 1026253753.2341901 731749419.39278 1325340235.36088 1013041125.58662 1235283754.63048 1471597648.355 731625198.70341 1475518351.22155 916829732.52885 682790532.88044 1530528830.9549 1623413573.4397902 970565444.36695 1044300745.20885 1191586779.6757798 1392868342.13515 1158014595.68256 859798345.48191 1608909663.6449301 1502648736.8982801 905917877.8464 1435866587.40384 785116054.33606 1617125428.61692 1058781235.71473 808014623.52785 666237291.67088 804650938.49841 970592971.1657901 726910871.5576401 1182347297.6697602 1055411072.58453 950607311.0046101 1577081479.70047 1144006486.59454 1041654915.47719 740514673.71053 1011633556.3516101 1410389896.5184402 969207573.63881 1133724666.25332 1543283883.28793 1138858514.1352901 1577420948.21945 1323122801.69837 805782708.65354 1138360867.63709 966268138.0645001 799600128.4301201 931620808.68051 1237296429.46941 1013989179.99458 1443478653.46336 1013703466.09377 848730278.79096 1252607019.7736602 1074109036.31759 783104009.2218701 1335993803.34564 1342266572.84242 931863231.6309 984991424.44776 1173668255.57331 1045802837.70853 1394198962.36459 972353800.37205 988640847.70627 901134895.00281 1369431471.5087 690365191.61685 1558195463.60727 874648148.77553 777033116.41146 1370999479.32153 1436764913.24206 1469563899.36194 1298910438.43661 1450442388.55219 1102898884.3015401 932474946.63074 719529530.77394 646414867.74598 661487029.13928 
1529572515.70789 1472215966.37371 1735670928.22619 1149660062.34215 1598593628.34645 1066529951.6782501 1404135504.38447 1963391296.24454 1635638189.11418 1604450656.79165 0 1958482214.60733 1614027073.4778 1916779320.84546 1554031385.32046 1799626879.27786 1861965735.8445902 1389901819.0552602 1095397485.26275 1726195329.95146 1376689191.43195 1587281285.0889502 1835245714.28488 1065847522.46995 1839166417.17796 1280477798.37897 1046438598.57486 1894176896.77597 1938204075.28412 1363639250.57604 1378523070.40688 1555234845.37637 1727090667.43783 1521662661.5036302 1194020670.4127 1960907194.10151 1866296802.7193499 1306772973.51393 1750657089.25094 1062699514.39315 1951347754.19749 1451855042.38151 1171662689.36436 1111338245.17388 1168299004.34361 1322590501.61365 1041701371.31495 1516569623.23595 1419059138.43502 1274597038.39428 1891871981.4087 1478228812.21065 1405302981.35399 1104162739.5316 1375281622.17268 1774037962.33951 1370062668.78599 1497372732.07439 1936357689.50648 1453649015.46779 1978276042.6907802 1686770867.5194402 1198856515.57648 1502008933.48311 1329916203.88557 1163248194.25119 1265843134.2488 1630370235.81232 1377637245.81565 1844333748.105 1377351531.91484 1212378344.55404 1586829345.27507 1437757102.23754 1065299187.51456 1703172510.4057899 1657057074.42676 1295511297.45412 1348639490.32732 1507890581.20086 1409450903.52601 1787272768.62324 1336001866.27108 1352288913.51664 1264782960.82388 1770286566.2023602 1083438999.03761 1844978162.39558 1156843327.66084 1111255439.64118 1734647545.25436 1800412979.19339 1833211965.18301 1691984252.0525799 1765232890.31992 1466546950.12261 1325548753.28547 1083177596.51448 1010062933.4778 1062342131.11284 
1437491803.24587 1409560994.30534 1704497089.19514 1004540882.62871 1567419789.57719 922422085.57376 1312054792.12744 1900736324.18958 1567257321.55415 1512369944.28794 1958482214.60733 0 1596732781.94025 1862278000.40779 1491376413.2536 1736971907.21892 1762103735.18919 1309870416.33657 1078103193.33095 1657814462.35167 1314034219.36139 1487419284.25 1772590742.22737 1034673687.86784 1776511445.11681 1217822826.30011 1064999628.13947 1802096184.31175 1940341604.93116 1271558538.1862 1347349232.1135 1447195639.67149 1664435695.38235 1474942629.35608 1131365698.32968 1861045193.33435 1774216090.28111 1271703474.58356 1688002117.18929 1000044542.298 1888692782.14062 1359774329.46872 1140488851.95965 967230385.33868 1137125166.87845 1254209634.35769 979046399.21276 1499275331.34448 1387885300.10062 1206216171.24126 1860698142.49735 1415573840.13535 1342648009.28129 1012082025.39688 1283200909.36887 1662525426.23874 1270200667.39344 1436773153.01598 1844276977.1762 1455786545.6266599 1878414042.12073 1594690155.17817 1138256937.4481301 1484714642.01099 1237835491.27041 1051735655.50338 1203188162.16219 1538289523.29995 1266124709.28924 1775952880.46726 1285270819.29077 1230939372.14177 1524174373.20779 1375102130.16126 1002644215.42724 1590545786.78554 1659194604.3337898 1232856325.38003 1331345198.61991 1476716742.28865 1378277065.4049501 1777656260.62814 1273346894.19035 1289633941.44885 1204183382.32291 1670424565.34556 1022839422.74845 1813804323.4972801 1125669491.79456 1048600467.56525 1703473706.2582202 1769239140.0952 1721699429.17347 1521981288.40049 1734059051.3846102 1374466237.38432 1233468040.38004 1020522624.42869 978889103.77421 1027272633.19767 
1175500866.58592 1176995798.3559198 1411025019.43097 842586600.84709 1273947719.60392 757785233.6610801 1079489595.86215 1675952416.3633199 1273785251.5922 1279804748.26933 1614027073.4778 1596732781.94025 0 1554926383.44442 1258811217.19082 1474980970.48514 1500112798.44576 1035830163.2347801 800177317.0229399 1364342392.50883 1052043282.77011 1244860164.6310701 1510599805.48878 741201613.96656 1543946248.8667 975263707.1429601 751218433.5674499 1569530988.25365 1613558166.47485 1009567601.56665 1053877161.73673 1153723569.60518 1421876575.82978 1187022829.4530802 888806579.5972301 1599054256.59883 1541650894.19703 964351853.0927801 1445442997.40443 738053605.8581 1656127585.91567 1097783392.88603 876442521.57986 750600130.93871 863084913.35669 980169381.16638 717055462.75811 1191923714.48104 1131620259.0815399 949951129.9402 1567226072.63088 1153582903.45676 1080657072.65977 750091088.98253 1021209972.79185 1400534489.52281 1008209730.82826 1172726823.55207 1611711780.98416 1148434924.13588 1635854922.23111 1352131035.40804 874210607.05416 1177363024.79938 975844554.68662 809176538.4307101 960629042.64145 1276298586.62424 1023565589.9951701 1482480810.59682 1023279882.69289 985086508.9745001 1291609177.07241 1113111193.50045 740653279.0311 1297073716.71836 1351842982.84301 970865388.82796 1043425398.82973 1183244672.43812 1084804994.8821 1462626860.10092 1030787774.6470301 1027643004.88958 940137052.3015599 1408433628.64792 729367348.87991 1520332253.62181 832197419.17762 786609531.17979 1410001636.46578 1475767070.38198 1479140309.36253 1259990351.74988 1460018798.5527802 1141901041.60029 990908921.3966701 777963507.5537801 704848848.2273301 719921011.7068901 
1441046085.27278 1458475956.7659001 1713777266.75449 1008095164.66583 1539492938.3077 1003898624.25732 1315609074.15724 1904290606.21005 1539330470.29797 1592789593.31089 1916779320.84546 1862278000.40779 1554926383.44442 0 1494930695.27953 1740526189.24126 1802865045.78705 1327304245.04586 1036296795.20041 1629887611.24453 1317588501.39051 1490973566.276 1821505704.51404 1052107514.19714 1780065727.13885 1221377108.3317 1065260157.13002 1842857495.0197601 1935742241.42198 1331751676.61674 1319422380.36438 1419268788.28363 1705197006.2268 1478496911.39789 1180280661.14233 1864599475.35498 1777770372.30286 1247672283.45639 1691556399.21233 1003598824.33646 1929454092.66958 1419967468.36089 1149769028.83021 1016145349.40625 1109198314.28968 1263489811.55611 982600681.25235 1457468933.19054 1397165477.47808 1215496348.33674 1832771291.37816 1419128122.16296 1391562971.7299 1015636307.43454 1286755191.39867 1666079708.26203 1310961978.72845 1454206981.95879 1924696625.9151402 1394548325.43016 1919175352.63324 1635451465.8104901 1110330084.40248 1488268924.0528 1278596802.38012 1111928796.41231 1206742444.19458 1541843805.32498 1315039671.80104 1748026029.33702 1334185781.79224 1231199899.57074 1605650898.55127 1415863440.8701901 1087651384.89912 1562618935.40708 1597956384.3924 1236410607.41102 1326745829.22794 1448789891.15375 1350350213.48969 1735953366.8884501 1314108205.04953 1293188223.47829 1221617210.68777 1673978847.36852 994912567.34789 1862742839.2565 1143103319.59737 1052154749.60104 1712753883.817 1741312289.15394 1781892567.34413 1603457814.00183 1706132200.28404 1378020519.41211 1237022322.411 1024076906.46593 950962243.42323 1003241441.0553 
1144930918.80831 1117000109.97866 1351029331.24791 682554258.01633 1213952031.40874 600435460.98493 990068167.23165 1578749699.2676 1245270696.96532 1219809059.89207 1554031385.32046 1491376413.2536 1258811217.19082 1494930695.27953 0 1491850649.3194199 1488974674.30655 987883791.74774 710755888.32383 1335827837.76284 1023528728.61116 1165432659.37239 1480029857.7118402 710631667.6249 1483950560.48944 925261942.11594 661797001.82187 1509535299.87639 1602420042.36128 978997653.67646 1023307214.13034 1125209015.08266 1371874811.0566401 1137021064.6040502 838804814.4034 1539058568.44468 1452229465.38623 933781912.01368 1366015492.27939 678057917.53115 1596131897.53841 1037787704.67403 787021092.46918 676724900.07298 783657407.43871 900741875.48944 705917340.47913 1131928026.26521 1034417541.54105 884229546.65243 1507230384.47475 1093587215.23202 1050087124.9466 719521142.63202 961214284.55708 1389396365.43993 948214042.59257 1112731135.17481 1522290352.25429 1069007418.58218 1587908550.43045 1272703530.27208 784789177.59808 1194232704.0023398 945274606.98599 729749030.81063 881201537.29198 1245728638.91274 944138084.4537 1422485122.42995 992709935.01526 827736747.74185 1231613488.69515 1129980872.40111 680657590.72065 1268559162.19671 1272415477.51046 910869700.58259 963997893.39813 1123248984.21832 1024809306.66718 1373205431.32847 951360269.32009 997073057.5244601 880141363.9243 1379919073.99894 669371660.55067 1460336565.46029 803682867.2057301 756039585.33295 1381487081.6693902 1415771382.20522 1399712804.25776 1231475797.28865 1412072426.7957802 1052479612.56094 911481415.58246 698535999.71525 654847080.52712 640493498.08724 
1437966039.34848 1333169863.37098 1596624825.21106 928149751.7496 1459547525.34136 927483848.69069 1312529028.15385 1922780223.5139198 1540837942.1855998 1512844180.3832998 1799626879.27786 1736971907.21892 1474980970.48514 1740526189.24126 1491850649.3194199 0 1762577971.03695 1278863518.94106 1037567381.22995 1549942198.27297 1318859087.39513 1411028153.30902 1777415609.81356 1008254306.60781 1776985680.8906898 1237728887.3703198 988608497.23965 1725705053.36274 1880610856.96333 1195167407.2518 1239476967.40767 1339323375.31888 1664909931.47697 1353190818.22512 1136427453.07166 1784654062.38463 1697824959.33156 1130519840.62941 1688476353.06385 1029811976.6523199 1812301651.18197 1364599197.63222 1032616586.35957 972292142.18632 1029252901.33601 1227553368.37973 979520637.33217 1377523520.21941 1361229034.35552 1175209273.72625 1834278763.21711 1435479900.5985298 1266256878.34895 1034125926.07283 1206809778.4454 1586134295.2907 1290106728.5694199 1405766255.72244 1844751212.98755 1391468279.8148499 1878888277.87564 1599515022.75084 1030384671.45751 1362962830.4916 1238309727.72786 1056560525.0917699 1126797031.23015 1461898392.35952 1266598945.72344 1668080616.36788 1308916338.41992 1154548241.24195 1447783242.26308 1375576366.18663 1007469085.31871 1482673522.44557 1518010971.42922 1233330562.11089 1209593387.31898 1368844478.18064 1270404800.53981 1618800925.2799 1196955763.25612 1294458809.69781 1096311117.31365 1594033434.40239 914967154.40509 1782797426.3289099 1017797224.69649 1049074706.3917 1595601442.24167 1742582874.6296701 1722173665.0192099 1445590157.46605 1626186787.31308 1298075106.45638 1157076909.46059 1025584380.62305 871016830.49024 962954365.34091 
1423439529.05494 1358301691.3296 1658963681.7536201 1019403920.46444 1521886382.0787902 949085039.27267 1260795489.14634 1849477021.20418 1521723914.05577 1461110641.30988 1861965735.8445902 1762103735.18919 1500112798.44576 1802865045.78705 1488974674.30655 1762577971.03695 0 1227129979.39696 1018690239.62503 1575074026.23884 1299981945.53188 1436159981.27096 1721331439.24419 951933247.41851 1762459170.6381302 1185995340.53223 932524323.53517 1788043910.01889 1824289800.24567 1220299235.20819 1264608795.36249 1430577540.13454 1632608209.21905 1397754462.84235 1099538212.9865 1829217707.03479 1771814351.3127599 1175083486.48205 1636742814.20578 948785239.33232 1837433479.15396 1308515026.5003 1094955443.82934 980763585.87489 1054384729.28353 1190901014.55565 947218914.9475 1422087164.81818 1342351892.47721 1160682763.33587 1777957706.37724 1364314537.15311 1310820523.23899 960822722.43605 1251373423.61769 1611266123.25706 1218941364.42417 1354032716.40319 1841875238.09989 1359166557.52515 1827154739.13358 1562862668.7973099 1092723529.30174 1452887160.52144 1206008005.3748 1000476352.54645 1171360676.03072 1487030220.32192 1214865406.31568 1693212444.33472 1234011516.31686 1176386314.58609 1521772634.18814 1323842827.18056 951384912.46844 1572597852.36069 1543142799.39184 1201028839.78779 1234725215.27451 1413408122.72475 1295536628.49315 1643932753.2471 1241519408.0363 1275581667.8600101 1170300509.41729 1656372291.14395 940098982.34439 1797186224.11392 1107721556.06601 1034548196.14907 1657940298.8161302 1723705732.67389 1689871942.7518 1470721985.4262 1651318615.27992 1372064498.71602 1182208737.41114 988695140.94305 896148658.42417 930652645.0961599 
933999181.7995 906068373.00372 1138042200.37481 469567127.67243 1032446034.76624 387448330.76281 825938600.82701 1422401425.1883202 1032283566.7432 1026253753.2341901 1389901819.0552602 1309870416.33657 1035830163.2347801 1327304245.04586 987883791.74774 1278863518.94106 1227129979.39696 0 543129437.96902 1122840707.54072 779060463.80691 952445528.55185 1237616986.44989 468218795.14232 1286898369.88996 682849070.76039 497667438.53231007 1298603562.61334 1360007164.67878 756016599.87354 780894342.76177 880740750.58661 1129461939.69958 894608193.44065 596391942.8832 1345503254.8839202 1239242334.52654 691369034.3311801 1172460178.64283 465070786.97139 1353719026.30977 824800573.95915 605515097.1487 463737769.85086 570670276.76298 687754744.77422 444072643.8153 938372712.66731 821430410.79287 639761281.64683 1294243253.62366 900031901.60957 827106071.08812 477108270.16416 767658971.46682 1146983487.75743 754658729.5804601 870318263.78407 1309303221.36563 856020287.83406 1362872103.46951 1079148216.64644 603283182.63718 949740886.64906 702861735.69498 536193719.66911006 668214406.52214 1003315767.61313 731150953.71116 1209497991.58141 750297063.70301 614749617.1479 1038058182.0372701 896767231.29865 467670460.24474 1055572031.97459 1078860164.08141 717314387.63692 770442580.06813 910261853.37005 831253993.6225 1209075865.0657802 757804955.8854301 754660185.97078 637728492.67965 1135450809.64379 456384530.0084 1247349434.61234 559214600.42781 513626712.45335 1137018817.41792 1234265385.28425 1186725673.38122 1018488667.06653 1187035979.7911801 839492481.81238 698494284.89122 485548869.21767 431866029.46573 427506367.84321 
686297018.64043 658366209.81078 892395431.13979 223920359.15929 755318131.37864 219723819.24909 531434267.03604 1157322828.59784 755155663.35882 731749419.39278 1095397485.26275 1078103193.33095 800177317.0229399 1036296795.20041 710755888.32383 1037567381.22995 1018690239.62503 543129437.96902 0 882919833.7319 533413694.61271 744005788.86939 991970217.25704 222572026.04707 995890920.0597 466628041.94806 203163102.64259 1021475659.40504 1094928578.25831 490938013.18069 564673313.96246 635093981.33828 883815170.55253 648961424.14238 380170914.23552 1117631697.88195 1023021305.65189 426290447.17132 907381592.18896 219424017.68341 1137497997.37053 608579545.31405 357812933.03472 231970542.32941002 325023507.41106 442107975.52175 198425874.30361 702719866.4233701 575783641.60696 394114512.2842 1085803513.9370599 634953315.06858 562027484.40856 231461501.09574 502580384.64721 881904901.28217 526787172.56643 654097235.00693 1093082192.43902 610373518.67527 1135000546.47122 843495370.4519801 326155277.79462 658733436.69497 486640706.81811 271115131.40665 422567637.11145 757668998.41357 485504184.44935 963851222.41646 534076034.84738 369102848.09418 743553848.22682 631688634.70817 222023691.26256 823804808.8152101 862639141.59603 452235800.70864 534789733.71415 694040824.32692 611536087.17558 914571531.26336 492726369.19143 538439157.35658 421507463.75642 889804040.48233 240163501.97015 1079624910.61178 358928512.52053 267979943.65935 891372048.19451 957137482.08395 941078904.16003 741360763.62247 970814957.3058 623271453.05515 482273256.21801 239902100.20646 196213180.35924 219066634.89328 
1281943227.8146 1254012419.01882 1517467380.39929 817511173.82492 1380390080.7813401 735392376.77791 1201890450.20631 1713706615.23525 1348746479.34242 1325340235.36088 1726195329.95146 1657814462.35167 1364342392.50883 1629887611.24453 1335827837.76284 1549942198.27297 1575074026.23884 1122840707.54072 882919833.7319 0 1158485644.40414 1300389575.31889 1663483276.5711899 816162841.51941 1589481736.15749 1030793117.3961 796753917.65841 1615066475.37436 1745158250.5279799 1084528829.2578 1128838389.4287 1228684797.33021 1508887119.87625 1242552240.22798 944335989.44032 1705496617.63906 1587186381.34122 1057088292.56239 1500972408.2414 813014833.41922 1733144206.25775 1204225754.59203 953459143.1638 811681815.86596 950095458.0826 1067179925.56184 792016690.31707 1266884942.22171 1200855591.30477 987705328.30665 1673668433.7015 1228544131.19081 1155618300.36388 825052316.53875 1127652334.52801 1532134573.6066298 1083170958.50091 1249743444.22013 1688728401.34238 1203964334.50088 1722865466.2234302 1439141579.48455 951227228.65228 1329189619.84032 1050805782.35929 896187083.39612 1053365482.1516099 1388466843.2252598 1079095000.37905 1557442038.38029 1098241110.37927 1040615908.74035 1337144664.26888 1225279449.97619 815614506.57772 1403516077.9896898 1464011249.93061 1077307750.77165 1098954809.33166 1289687033.4928 1159766222.57289 1545369375.99445 1086317185.26254 1102604232.56383 985672539.32719 1514875989.79192 835809713.9526 1595293481.40924 907158646.75789 861570758.73766 1484962864.2453 1582209431.29935 1534669720.22251 1334951579.48867 1515548209.32185 1218917662.31123 1077919465.76878 833492915.57626 760378252.53348 812657450.1613 
938162984.546 941713309.86714 1205168271.24761 536693204.06222 1036609837.57191 423093267.62623 893941972.30055 1401407505.37044 1067928503.60662 1013041125.58662 1376689191.43195 1314034219.36139 1052043282.77011 1317588501.39051 1023528728.61116 1318859087.39513 1299981945.53188 779060463.80691 533413694.61271 1158485644.40414 0 1019571599.60702 1273261923.44126 503863732.07153 1314389655.38383 718494007.72969 484454808.32225 1302767365.55313 1432859141.16681 772229719.51224 848020414.1659701 916385687.5693 1196588010.72457 975613810.93783 632036879.84138 1393197508.48738 1274887271.51578 707582153.13934 1188673298.4024 500715723.91231 1389363963.30546 860445510.92528 641160034.01212 467901567.03949 637796348.93092 754880816.4101601 479717580.76524 991792861.57752 857075347.76578 675406218.62016 1329888190.61074 972883878.0976 888679871.26984 544234344.70164 815353225.37633 1219835464.24546 770871848.85429 905963200.7588 1344948158.35969 891665224.80638 1410566357.0717502 1126842470.33287 638928119.5006 985385823.5927399 738506672.66827 583887974.24444 741066372.7904401 1038960704.59695 766795890.68469 1245142928.56882 785942000.67755 650394554.09275 1102767798.56021 875773311.43452 534796535.36946 1059735834.71268 1095073283.68139 733527506.85522 786655699.61075 977387924.34112 847467112.92086 1233070266.63328 774018075.51831 790305122.93338 704854564.37538 1202576880.64024 523510604.80092 1314475505.5497499 626340673.84703 580752786.73782 1172663754.40953 1269910322.14767 1222370610.37424 1022652469.75131 1203249099.50177 906618553.15955 734139221.85483 552674943.6474 448079143.16413 500358340.80013 
1111548049.36815 1083617240.44866 1347072202.24392 678597129.01288 1209994902.40481 596478331.98079 986111038.22613 1574792570.26423 1241313567.96118 1235283754.63048 1587281285.0889502 1487419284.25 1244860164.6310701 1490973566.276 1165432659.37239 1411028153.30902 1436159981.27096 952445528.55185 744005788.86939 1300389575.31889 1019571599.60702 0 1495504552.4502501 708729934.27487 1487774719.8824902 911310889.77765 706697439.9286 1507633563.83132 1549605349.31406 965046601.26983 989924344.50194 1089770752.38418 1338491941.51712 1103638195.26841 805421944.53234 1554533256.28021 1479753469.78679 900399035.7274699 1381490180.03912 705581925.66602 1594230161.46063 1033830575.67045 814545098.36668 641286631.59779 779700278.43277 896784746.48451 653102645.40434 1127970897.26049 1030460412.53695 848791283.3721 1522705072.33575 1089630086.22703 1036136072.48441 686138271.6667 976688972.86311 1356013489.15372 944256913.58832 1110829399.4230099 1549814356.54526 1084482106.77057 1552470288.182 1288178218.0427299 780832048.59296 1178202709.76686 911891737.42823 725791901.80628 896676225.27614 1249552798.36275 940180955.44884 1418527993.42667 959327065.4477 823779618.73769 1247088183.43356 1086365405.11368 676700461.71545 1233120899.52893 1268458348.50703 926344389.03321 979472581.46442 1138723671.97017 1040283995.01879 1369248302.32477 947403140.31471 1000897217.10437 846758494.39616 1375961944.9948 684846350.89897 1487860569.90431 768244601.91179 722656713.89738 1377529952.66525 1443295386.5022302 1395755675.25393 1196037534.55626 1396065981.18747 1048522483.55698 907524286.57799 714010690.18847 621464207.67357 655968194.3415799 
1426145247.7065902 1398214438.87694 1632243660.2204 1029890927.53715 1524592100.77038 959572046.34184 1271282496.19993 1926086364.8622699 1495003892.33844 1471597648.355 1835245714.28488 1772590742.22737 1510599805.48878 1821505704.51404 1480029857.7118402 1777415609.81356 1721331439.24419 1237616986.44989 991970217.25704 1663483276.5711899 1273261923.44126 1495504552.4502501 0 991845996.52318 1765164889.38772 1206476271.01422 972437074.08847 1761323888.36833 1883634371.25956 1260211982.57474 1275095802.41414 1441064547.20725 1653089139.95492 1388809653.23575 1090593402.42173 1820272897.38961 1733443794.33789 1166138675.62971 1696087385.22361 959272246.40131 1877346226.4366899 1348427774.38021 1068235421.3689 926458089.44744 1110232416.90122 1230813768.98556 983634783.94452 1442568095.48953 1315631870.44426 1133962741.30602 1788444713.41398 1404227284.41431 1331301453.84488 1000735471.5303 1271854354.17138 1621753130.29835 1278285936.16124 1393945464.07309 1832930421.50518 1350221747.47931 1886499310.05029 1553917859.23881 1066003506.46358 1398581665.49536 1226488935.88427 1010963359.60969 1191841606.50028 1526942967.81102 1270713093.86548 1703699451.37355 1273924263.91354 1186873321.65526 1512827817.59343 1334329834.23135 961871919.53575 1563653037.95649 1602487370.66219 1192084029.46597 1274637962.7803102 1404463313.19228 1351384316.31686 1683845500.6219401 1281432162.4662101 1278287386.42274 1131929952.3239 1710868268.09172 950585989.41387 1741550894.40022 1053416059.69455 1007828171.6744 1676580957.5118499 1696985711.18583 1680927133.2294 1559131236.08635 1661805622.32008 1333693941.46127 1192695744.46593 1009176070.66276 936061409.4254 970565399.5260701 
