51
1aA 1aB 1aC 1aD 1aF 1aG 1aJ 1aK 1aL 1aN 1aQ 1aR 1aT 1aU 1aV 1aW 1aX 1aY 1aZ 1bA 1bB 1bC 1bF 1bG 1bH 1bI 1bK 1bL 1bM 5 7 8 9 A B C E G H I J K L N P Q R S T V 1
0 1627264621.74479 1549743399.31057 1169379529.27622 1519557309.77581 1098993610.31401 1611128857.30668 1722184755.8903599 814835731.38772 1428561426.79374 1616428361.3953 1046197726.84416 1382028031.31331 1750486525.07149 1693639050.68567 1441023807.17046 1692644015.16751 1606892022.15157 1656338139.31175 1471723062.1798 1150787904.3274598 903913820.8166299 1407473171.93075 1604720373.22922 1435078761.12666 864761494.61412 1544215318.24549 1359192333.39041 1160741386.38636 1727603926.60355 1232218511.41932 1253747685.3680599 858263222.41392 1826784941.9549198 926237765.1960199 1324875977.05424 1101293874.43877 1228865894.04559 1429759948.33249 1455789972.95862 1719307422.80353 1285735866.5992198 1667844169.32253 1398090987.23468 1729408879.09815 1637642639.8857899 1625145731.31882 1770755906.61321 1001883602.51602 1460791086.16821 1538019861.53351 
1627264621.74479 0 1579102674.51532 1215825009.5467901 1548916585.17096 1128352885.60047 1668445168.0938501 1706500789.41082 872152042.17489 1326303062.63713 1608545255.35802 1030513759.47414 1424412205.64845 1856655156.53742 1705912121.43025 1498340105.4102101 1722003290.3577 1664208320.27375 1698722313.4397101 1501082337.39775 1135103936.71673 916186889.6049 1436832447.3259 1710889004.88979 1481524240.93324 894120770.00927 1573574593.45217 1401576507.85657 1173014456.60974 1756963201.9987001 1261577786.67307 1238063718.49416 904708706.94687 1884101252.74209 938510835.43356 1367260151.0831199 1158610173.8428302 1254163863.76669 1459119223.55364 1440106006.40009 1744605392.40914 1311033836.29319 1697203444.51283 1440475161.4523401 1786725177.1276202 1667001915.28094 1650443700.93464 1783028977.39424 1031242877.8237 1490150361.38798 1567379136.92866 
1549743399.31057 1579102674.51532 0 1138303786.63266 1471395362.52651 1085004072.9624 1531200793.5859 1674022794.5124402 811717024.31638 1397485684.31803 1576067260.43355 970078741.5704 1350952288.6145 1719410782.30376 1645477103.48538 1409948064.4559 1678654477.0713801 1603773302.41524 1653219419.69526 1440647319.45936 1074668918.81726 855751871.72325 1376397429.45504 1650453987.03128 1421089223.06238 833685752.1384101 1513139575.513 1328116590.69858 1129665643.91065 1696528184.12784 1201142768.76082 1205585723.99014 827187479.9096 1746856878.42324 878075817.5371 1321757257.3768601 1098175155.9843202 1197790151.56988 1398684205.62383 1407628011.5807 1688231680.32782 1254660124.12351 1636768426.5713 1367015244.53054 1698333136.33379 1606566897.41008 1576983784.29208 1722593959.44564 970807859.94164 1446801548.1428099 1489857914.40724 
1169379529.27622 1215825009.5467901 1138303786.63266 0 1108117697.57781 704640203.2401099 1150836923.642 1265701901.47996 403396119.3753 1017121814.5957401 1167746367.41303 634758114.64616 970588418.69222 1339046912.27183 1282199438.48767 1029584194.47058 1281204402.40773 1240495651.59516 1244898526.60665 1060283449.47485 694305049.03698 475388001.96894 978947354.65717 1242133082.0902 1040725353.34009 453321882.41612 1132775705.54552 947752720.81192 749301774.18836 1316164314.40555 820778898.92054 842308073.1700599 446823610.32964 1415345329.9424999 497711947.62952 913436364.34017 689854262.04671 800340076.69682 1018320335.7014 999307118.48292 1290781605.59031 857210049.45488 1293646938.45448 986651374.57463 1317969266.31002 1226203027.68779 1196619914.25264 1359316294.41521 607530196.57898 1049351473.46178 1126580249.33551 
1519557309.77581 1548916585.17096 1471395362.52651 1108117697.57781 0 1020645573.62559 1532780820.74631 1598793477.41408 736487694.82735 1218595750.66142 1528794966.34802 950763471.38071 1331637017.84089 1672138488.2503 1598204809.43482 1390632793.4661698 1631382182.97326 1528543985.35129 1605947125.60973 1410461230.0650601 1055353648.86401 825565784.2428 1312038930.53191 1526372336.43321 1373816928.96426 786413458.0402901 1493824304.54984 1280844296.64336 1065307144.63475 1632169685.38968 1153870474.70207 1158313429.90461 779915185.83171 1699584584.37397 830803523.44278 1246527940.29303 1050902861.89879 1133431652.54016 1368498116.4204302 1332398694.40314 1623873181.50282 1207387830.0253901 1589496132.52302 1319742950.47093 1679017865.18358 1559294603.3119602 1529711490.23328 1692407870.03938 923535565.8775 1399529254.0446901 1459671824.95968 
1098993610.31401 1128352885.60047 1085004072.9624 704640203.2401099 1020645573.62559 0 1157260362.04431 1195315982.5267 360967236.12535 946735895.88221 1117516600.93865 547285977.27521 900202499.77089 1268660993.30433 1211813519.77414 979354428.09818 1223843383.0306 1125066490.44842 1174512607.66181 1002922430.15486 651876154.75851 418026985.12959 925647641.0192199 1122894841.55997 953253229.46443 382935963.70259 1082545939.15041 890391701.73399 678915855.4748299 1245778395.69202 763417880.0359399 726878911.74334 376437691.63694 1296107089.46535 444412234.28449 856075344.9605399 619468343.2013 742979057.64411 960959316.5199699 928921199.5433 1220395686.64246 799849030.17061 1186018637.67358 916265455.64288 1247583347.34522 1024199469.31092 1139258894.8120599 1271844170.49649 537144277.86545 978965554.51755 1039108125.45282 
1611128857.30668 1668445168.0938501 1531200793.5859 1150836923.642 1532780820.74631 1157260362.04431 0 1707451229.5779 796293125.91896 1278401181.72624 1560643374.42244 982611878.58213 1440294782.3996 1780796240.2814898 1658010240.49297 1499290558.02488 1674101409.41775 1637201737.48422 1637795533.56917 1453180456.46825 1136054378.01722 917137332.6721 1371844361.59796 1635030088.63386 1465388476.53704 829132680.78691 1574525033.7038999 1340649727.70598 1219008151.64998 1785870691.8671699 1290485262.9268 1239014159.07352 839720616.91826 1808242336.4861598 984504530.45964 1306333371.37333 1159560626.4575 1270046440.54614 1460069663.98433 1392204125.47375 1777574188.06715 1344002631.86284 1698153884.77243 1428400702.8047 1787675629.74229 1487482395.31821 1666326277.67111 1735127096.45318 1077236574.0406 1491100801.6062 1502391051.41627 
1722184755.8903599 1706500789.41082 1674022794.5124402 1265701901.47996 1598793477.41408 1195315982.5267 1707451229.5779 0 911158103.65894 1507797590.73163 1675508352.31508 1097476856.40151 1478350403.48532 1895661218.02147 1800832241.29969 1537346179.34483 1788966387.3175 1703214394.31002 1752660511.45692 1568045434.35017 1230024057.69982 983149986.51491 1486709339.46341 1701042745.38347 1559358156.21106 943997658.55201 1640537690.40448 1468539604.7518501 1239977553.53813 1851883336.14427 1328540883.60305 1332983838.74042 999628841.09244 1874254993.33435 1050517174.7367401 1434223247.9784 1197616246.64101 1321126960.6619701 1539107219.5378299 1507069103.35048 1811568489.30442 1364972034.31908 1777191440.3495102 1494413359.40991 1853688274.01939 1602347373.21342 1704381899.20413 1849992074.35404 1143249218.3177001 1570138357.15443 1645213052.18156 
814835731.38772 872152042.17489 811717024.31638 403396119.3753 736487694.82735 360967236.12535 796293125.91896 911158103.65894 0 645491812.9134 813202569.5844 263128110.02045998 644001656.4806399 984503114.36253 910569435.69551 702997432.10592 926660604.5561 840908611.56526 918311764.24948 705739651.70337 339761252.09826 120844206.75314 624403557.01899 838736962.7149 669095350.61808 81691880.73378 778231907.78494 621165958.68913 422715025.73102 989577565.94821 494192137.00784 442721033.15456 92279817.36148 1011949210.5672 188211404.54068 586849601.93108 363267500.53854 473753314.62718 663776538.06537 672720356.13492 981281062.14819 547709505.94388 901860758.85347 632107576.88574 991382503.82333 854573026.00545 870033151.7521499 987686291.60979 280943448.12164 694807675.68724 754950246.58462 
1428561426.79374 1326303062.63713 1397485684.31803 1017121814.5957401 1218595750.66142 946735895.88221 1278401181.72624 1507797590.73163 645491812.9134 0 1295310625.51872 876853807.2882601 1212684108.0819001 1581142601.4524999 1392677491.59596 1157148452.58254 1540386299.99119 1437548098.6328702 1372462784.6884 1187847707.58346 821869307.10671 734569901.26073 1238129252.37485 1320845018.60286 1151203406.53007 563799932.17962 1412113780.05116 1189848410.27076 991397466.8304601 1426642367.54048 948343156.99663 924829088.76535 688919302.23756 1608588697.65308 739807637.46896 1192774438.8731601 817418520.1153 1059521974.4896901 1260416025.08092 1126871376.5965 1532877294.87676 1116391947.0433202 1535742631.09658 1228747063.90235 1445533524.41382 1222149646.39761 1324184172.37147 1469794347.54358 718008248.31676 1291447162.72685 1237058302.51576 
1616428361.3953 1608545255.35802 1576067260.43355 1167746367.41303 1528794966.34802 1117516600.93865 1560643374.42244 1675508352.31508 813202569.5844 1295310625.51872 0 1027478346.13763 1380394869.42909 1797705683.94693 1674919684.33484 1459546796.6535301 1728253234.59275 1605258860.25096 1682662000.36665 1490246051.64072 1132068523.62093 885194452.43049 1388753805.40596 1651939532.2993002 1461402622.13217 883284509.65978 1542582156.34902 1357559171.50822 1142022019.47468 1746126941.64921 1230585349.54933 1207071281.36342 876786219.83893 1825151780.1516 907518398.25758 1343398966.52776 1099660712.58429 1210146527.39511 1448282938.02302 1409113569.28602 1700588056.40128 1287172651.77986 1666211007.41845 1396457825.34903 1727775717.19044 1656165654.93145 1606426365.13866 1752036540.30239 1037492823.82264 1479314075.6273 1547257518.10267 
1046197726.84416 1030513759.47414 970078741.5704 634758114.64616 950763471.38071 547285977.27521 982611878.58213 1097476856.40151 263128110.02045998 876853807.28826 1027478346.13763 0 802363373.62943 1170821867.16839 1124845212.25349 861359149.3688 1112979357.31946 1055184388.11932 1104630505.39934 892058404.37737 526080004.05146 307162956.95646 810722309.58775 1025055715.42911 855414103.29669 313053875.10863996 964550660.46769 779527675.77311 563990523.80644 1130853064.36667 652553853.90218 656996809.69422 323641812.04624 1275077320.5876598 374530145.69053996 773168343.08094 549586241.6884 632115031.61834 895138533.48878 831082073.37993 1122556560.53016 688985004.3238 1116136535.41303 818426329.4889 1177701244.97319 1085935020.38031 1056351892.90201 1174005044.37694 467262189.2715 909083452.23652 941268999.29917 
1382028031.31331 1424412205.64845 1350952288.6145 970588418.69222 1331637017.84089 900202499.77089 1440294782.3996 1478350403.48532 644001656.4806399 1212684108.0819001 1380394869.42909 802363373.62943 0 1628504770.84317 1497917887.14904 1262388848.21334 1493852904.42333 1408100911.42071 1470571927.7268 1285956850.56453 906953550.91513 688036503.82935 1211752008.5489502 1482738619.19554 1236287650.42921 648884175.90228 1365580359.2655702 1173426122.14366 944864070.77435 1511726611.45741 1033427400.83756 1009913332.62206 679628271.39874 1579141510.43761 710360449.59592 1139109765.37021 930459788.14858 1012988578.65913 1230968837.66959 1224980519.58926 1503430107.57998 1082883450.58028 1469053058.60365 1212324775.73943 1558574791.43337 1421765321.17395 1409268416.29257 1582835614.62918 840334875.38245 1261999975.47113 1350099569.59554 
1750486525.07149 1856655156.53742 1719410782.30376 1339046912.27183 1672138488.2503 1268660993.30433 1780796240.2814898 1895661218.02147 984503114.36253 1581142601.4524999 1797705683.94693 1170821867.16839 1628504770.84317 0 1895072550.0580401 1610691190.17795 1911163718.9186301 1825411725.9277902 1826005522.30523 1690242766.0658998 1324264366.46079 1105347321.11567 1608906671.38152 1823240077.07743 1653598464.98061 1017342669.27288 1713882701.2451 1528859716.37389 1407218140.09355 1974080680.31074 1478695251.37037 1427224147.51709 1076782931.72401 1996452324.92973 1078818943.10701 1571352716.29361 1270961257.41245 1458256428.9897099 1599427331.32285 1580414114.18015 1871888601.30135 1532212620.3064098 1837511552.31505 1567758370.23542 1975885618.1858602 1675692384.05877 1777726910.05875 1972189405.97232 1265446562.48417 1630458469.17584 1690601040.14821 
1693639050.68567 1705912121.43025 1645477103.48538 1282199438.48767 1598204809.43482 1211813519.77414 1658010240.49297 1800832241.29969 910569435.69551 1392677491.59596 1674919684.33484 1124845212.25349 1497917887.14904 1895072550.0580401 0 1536757511.36637 1788377719.33601 1702625726.32945 1780028866.48251 1584542970.9749198 1201478365.6646 982561318.54871 1486120671.48573 1749306398.41041 1547898669.87412 943408990.58723 1639949022.42469 1454926037.58286 1239388885.56494 1823337630.93958 1355909239.24087 1304438147.45747 953996926.70507 1873666325.35202 1004885264.38993 1420609681.27399 1224984602.77157 1324599598.38162 1525493652.51968 1534437458.36795 1815041127.13956 1381469570.9352498 1783734024.8464098 1493824691.4321 1825142583.26689 1601758705.23404 1703793231.22352 1849403406.37195 1114703513.11301 1556524790.36176 1616667361.32595 
1441023807.17046 1498340105.4102101 1409948064.4559 1029584194.47058 1390632793.4661698 979354428.09818 1499290558.02488 1537346179.34483 702997432.10592 1157148452.58254 1459546796.6535301 861359149.3688 1262388848.21334 1610691190.17795 1536757511.36637 0 1590091061.75228 1495053710.20478 1544499827.4847999 1352083878.80025 993906350.73908 747032279.51304 1270747784.1486702 1541734394.8208199 1323240449.25032 745122336.81931 1404419983.38492 1239553150.43355 1003859846.5422 1570722387.32094 1092423176.62082 1068909108.41244 718467887.71924 1714946642.67312 769356225.30669 1185080642.19691 989455563.77386 1071984354.44807 1310120765.18255 1270951396.31884 1562425883.43817 1128854327.27688 1528048834.45772 1278451804.00954 1589613544.20837 1366229666.16029 1468264192.15321 1641831390.2544599 862088267.78703 1320995751.30826 1409095345.22082 
1692644015.16751 1722003290.3577 1678654477.0713801 1281204402.40773 1631382182.97326 1223843383.0306 1674101409.41775 1788966387.3175 926660604.5561 1540386299.99119 1728253234.59275 1112979357.31946 1493852904.42333 1911163718.9186301 1788377719.33601 1590091061.75228 0 1763760136.9906101 1768163012.40479 1583547935.29301 1217569534.55891 998652487.42171 1519298045.1282 1716545246.33044 1563989838.73554 976586367.8115699 1693282572.80451 1484042105.6483898 1272566259.5838099 1839428799.801 1357068283.95034 1365572558.56551 987174304.74917 1938609815.1233 1020976433.26822 1436700850.1888 1258161990.55969 1323604562.39152 1554609720.43437 1522571604.29103 1814046091.39828 1393499434.08501 1792693941.24605 1509915860.34935 1886276993.84448 1617849874.15878 1719884400.15282 1865494575.30549 1113708475.64324 1585640858.05097 1632758530.25047 
1606892022.15157 1664208320.27375 1603773302.41524 1240495651.59516 1528543985.35129 1125066490.44842 1637201737.48422 1703214394.31002 840908611.56526 1437548098.6328702 1605258860.25096 1055184388.11932 1408100911.42071 1825411725.9277902 1702625726.32945 1495053710.20478 1763760136.9906101 0 1710368042.34834 1497795942.28309 1131817541.56593 957943738.26015 1444416870.5188 1630793253.3233 1489108664.1138601 873748166.45325 1598245221.28845 1385265213.49813 1214771303.82988 1781633844.04707 1286248415.1067 1234777323.35534 929379348.99524 1804005501.27804 980267682.63954 1378905880.0299401 1155323778.6374002 1237852569.38634 1455832828.43603 1464776634.23378 1773337340.24705 1294722542.2398 1693917049.41167 1424163867.34231 1783438781.9221902 1646629311.72492 1634132407.13637 1779742582.29774 1072999726.2205 1514820989.1855202 1574963560.0843601 
1656338139.31175 1698722313.4397101 1653219419.69526 1244898526.60665 1605947125.60973 1174512607.66181 1637795533.56917 1752660511.45692 918311764.24948 1372462784.6884 1682662000.36665 1104630505.39934 1470571927.7268 1826005522.30523 1780028866.48251 1544499827.4847999 1768163012.40479 1710368042.34834 0 1560266958.3557901 1209220682.88264 975371513.33052 1493862987.79882 1680239370.47615 1510597758.40645 968237529.3376601 1619734315.50088 1434711330.67111 1219174178.66849 1786036719.43383 1320762408.23687 1284223440.55409 933782219.8433 1853451618.41781 984670557.51456 1413419873.16147 1204769895.91742 1287298686.58343 1505278945.60294 1486265728.45479 1790765114.48749 1344168659.43393 1756388065.53258 1473609984.51595 1832884899.20221 1717251301.26272 1696603423.01299 1829188699.43883 1122445843.50052 1549334982.3375 1624409677.36438 
1471723062.1798 1501082337.39775 1440647319.45936 1060283449.47485 1410461230.0650601 1002922430.15486 1453180456.46825 1568045434.35017 705739651.70337 1187847707.58346 1490246051.64072 892058404.37737 1285956850.56453 1690242766.0658998 1584542970.9749198 1352083878.80025 1583547935.29301 1497795942.28309 1560266958.3557901 0 996648581.66382 790756436.1682501 1281290887.45653 1544476614.41827 1343068885.8273401 755665414.9033699 1455275389.85248 1250096253.56884 1051645306.67561 1618507846.8927999 1123122431.62074 1099608363.41818 766253351.8409699 1717688862.2705698 817141685.48527 1228804795.9991999 1037241037.65149 1115708508.68277 1333688767.55863 1301650651.32589 1593125138.44163 1159553582.28591 1571772988.37031 1302019806.3684201 1665356040.93628 1528546560.1750398 1511988345.85072 1661659826.90246 909873729.0662299 1351695006.31529 1411837577.27626 
1150787904.3274598 1135103936.71673 1074668918.81726 694305049.03698 1055353648.86401 651876154.75851 1136054378.01722 1230024057.69982 339761252.09826 821869307.10671 1132068523.62093 526080004.05146 906953550.91513 1324264366.46079 1201478365.6646 993906350.73908 1217569534.55891 1131817541.56593 1209220682.88264 996648581.66382 0 411753134.5027 943269511.0531 1178498214.81316 987961304.64816 417644052.59194 1069140837.72588 884117853.0492 713623944.36418 1280486484.5813699 757144031.20674 733629962.92192 383188742.96308 1351710462.6654599 479120323.17384 849801496.5517 626219394.40557 736705208.97164 954685467.91377 963629274.76808 1227146737.74978 838618424.57704 1220726712.8963299 923016506.78555 1254334398.4518 1166657824.3825 1160942070.38531 1278595221.60025 571852366.7548 1013673629.71982 1073816200.61866 
903913820.8166299 916186889.6049 855751871.72325 475388001.96894 825565784.2428 418026985.12959 917137332.6721 983149986.51491 120844206.75314 734569901.26073 885194452.43049 307162956.95646 688036503.82935 1105347321.11567 982561318.54871 747032279.51304 998652487.42171 957943738.26015 975371513.33052 790756436.1682501 411753134.5027 0 696395439.77843 959581169.46804 758173440.00508 170769969.08111 870379946.35858 678225707.74738 449663654.15734 1033612401.07054 551251886.04933 559756159.83505 181357906.01871002 1083941093.44265 215160032.98567 643909350.97393 452345591.82923 517788161.88154 735768420.83315 729780105.19298 1008229690.65533 587683036.184 986877543.3450401 717124361.34315 1080460595.11402 943651114.35278 914067999.21997 1076764381.0802 307892076.12611 766799558.49991 844028336.0005 
1407473171.93075 1436832447.3259 1376397429.45504 978947354.65717 1312038930.53191 925647641.0192199 1371844361.59796 1486709339.46341 624403557.01899 1238129252.37485 1388753805.40596 810722309.58775 1211752008.5489502 1608906671.38152 1486120671.48573 1270747784.1486702 1519298045.1282 1444416870.5188 1493862987.79882 1281290887.45653 943269511.0531 696395439.77843 0 1414288198.48658 1261732791.1192 674329320.19523 1373939295.2009 1168760158.72809 970309211.9674699 1537171752.18466 1069743360.5571799 1046229292.0936999 667831048.01161 1587500446.41734 735805590.7771299 1134443802.34571 910861699.88218 1038433719.6266999 1239327773.64205 1248271579.68426 1511789043.55791 1095303692.1803298 1497568146.24632 1207658812.53693 1566933727.3726702 1447210465.4668999 1434713556.89993 1563237527.44192 811451428.03189 1270358911.44558 1347587687.11462 
1604720373.22922 1710889004.88979 1650453987.03128 1242133082.0902 1526372336.43321 1122894841.55997 1635030088.63386 1701042745.38347 838736962.7149 1320845018.60286 1651939532.2993002 1025055715.42911 1482738619.19554 1823240077.07743 1749306398.41041 1541734394.8208199 1716545246.33044 1630793253.3233 1680239370.47615 1544476614.41827 1178498214.81316 959581169.46804 1414288198.48658 0 1507832313.3329802 871576517.59697 1616968870.49984 1383093564.58877 1167556412.57084 1734418953.3611 1256119742.63719 1232605674.4568 931016780.07638 1801833852.34736 1026948367.25558 1348777208.26361 1125195105.68157 1235680920.4876 1502513500.78027 1434647962.36763 1820018024.86309 1292550893.33635 1740597721.5683699 1470844539.60064 1753310110.25861 1529926232.22301 1631960758.21271 1826423254.3246899 1119680410.83654 1533544638.4021401 1544834888.3193 
1435078761.12666 1481524240.93324 1421089223.06238 1040725353.34009 1373816928.96426 953253229.46443 1465388476.53704 1559358156.21106 669095350.61808 1151203406.53007 1461402622.13217 855414103.29669 1236287650.42921 1653598464.98061 1547898669.87412 1323240449.25032 1563989838.73554 1489108664.1138601 1510597758.40645 1343068885.8273401 987961304.64816 758173440.00508 1261732791.1192 1507832313.3329802 0 719021113.8025701 1426431960.33399 1213451952.51774 997914800.48142 1564777341.28134 1086478130.56542 1062964062.35466 729609050.74017 1632192240.26946 780497384.38447 1207092619.07548 955553493.60786 1066039308.39066 1284019567.44626 1292963373.27932 1556480837.3988 1122909281.22147 1550060811.40757 1252350606.33994 1611625520.96773 1360284620.11403 1462319146.11015 1607929321.29114 856143221.71789 1315050705.26108 1375193276.22338 
864761494.61412 894120770.00927 833685752.1384101 453321882.41612 786413458.0402901 382935963.70259 829132680.78691 943997658.55201 81691880.73378 563799932.17962 883284509.65978 313053875.10863996 648884175.90228 1017342669.27288 943408990.58723 745122336.8193101 976586367.8115699 873748166.45325 968237529.3376601 755665414.9033699 417644052.59194 170769969.08111 674329320.19523 871576517.59697 719021113.8025701 0 848313847.8715401 626048478.09114 427597534.65084 994460074.8680301 544117902.09602 520603833.63254 125119370.05794 1044788765.47346 176007705.28934 628974506.6935401 368150019.72672 495722042.31007 696616092.9013 677602875.58471 969077362.69714 552592014.8636999 971942698.91696 664947131.72273 996265023.32342 772881145.27167 874915671.24679 1037612054.8776901 268739748.49114 727647230.54723 787789801.45957 
1544215318.24549 1573574593.45217 1513139575.513 1132775705.54552 1493824304.54984 1082545939.15041 1574525033.7038999 1640537690.40448 778231907.78494 1412113780.05116 1542582156.34902 964550660.46769 1365580359.2655702 1713882701.2451 1639949022.42469 1404419983.38492 1693282572.80451 1598245221.28845 1619734315.50088 1455275389.85248 1069140837.72588 870379946.35858 1373939295.2009 1616968870.49984 1426431960.33399 848313847.8715401 0 1322588509.62421 1107051357.6122 1711156279.86097 1223571711.32683 1172100619.48998 821659398.79132 1790181118.35214 872547736.42336 1308428304.73952 1092647074.85753 1195332017.5166101 1393156124.55294 1374142907.392 1665617394.49114 1252201989.99162 1631240345.51057 1381643315.06177 1692805055.2745 1605128480.21074 1571455703.22806 1717065878.38755 965279778.84114 1424187262.37962 1512286856.30449 
1359192333.39041 1401576507.85657 1328116590.69858 947752720.81192 1280844296.64336 890391701.73399 1340649727.70598 1468539604.7518501 621165958.68913 1189848410.27076 1357559171.50822 779527675.77311 1173426122.14366 1528859716.37389 1454926037.58286 1239553150.43355 1484042105.6483898 1385265213.49813 1434711330.67111 1250096253.56884 884117853.0492 678225707.74738 1168760158.72809 1383093564.58877 1213451952.51774 626048478.09114 1322588509.62421 0 922028372.89941 1526133295.42923 1010591702.95309 987077634.73536 656792573.61895 1633115169.25633 724767134.0216999 1103249168.46984 907624090.35707 1003177780.2619 1221158039.13776 1202144821.79738 1493619308.9043498 1060047752.7883999 1446217360.68068 1176464178.6584 1535739093.64186 1284398192.39239 1386432718.36781 1559999916.8376698 817499177.60266 1252189176.75436 1327263871.80403 
1160741386.38636 1173014456.60974 1129665643.91065 749301774.18836 1065307144.63475 678915855.4748299 1219008151.64998 1239977553.53813 422715025.73102 991397466.8304601 1142022019.47468 563990523.80644 944864070.77435 1407218140.09355 1239388885.56494 1003859846.5422 1272566259.5838099 1214771303.82988 1219174178.66849 1051645306.67561 713623944.36418 449663654.15734 970309211.9674699 1167556412.57084 997914800.48142 427597534.65084 1107051357.6122 922028372.89941 0 1273353761.50361 840097793.8682599 816583725.4047799 438185471.58844 1434664236.29822 471987599.79051 887712016.41738 664129914.17728 774615728.79715 992595987.77981 973582770.5571 1265057257.64958 831485701.54086 1230680208.67977 960927026.65224 1337288160.6837502 1200478679.92251 1170895566.30925 1333591946.64993 564719642.44434 1023627125.5318 1100855901.57023 
1727603926.60355 1756963201.9987001 1696528184.12784 1316164314.40555 1632169685.38968 1245778395.69202 1785870691.8671699 1851883336.14427 989577565.94821 1426642367.54048 1746126941.64921 1130853064.36667 1511726611.45741 1974080680.31074 1823337630.93958 1570722387.32094 1839428799.801 1781633844.04707 1786036719.43383 1618507846.8927999 1280486484.5813699 1033612401.07054 1537171752.18466 1734418953.3611 1564777341.28134 994460074.8680301 1711156279.86097 1526133295.42923 1273353761.50361 0 1406960334.08545 1383446265.62197 987961802.6212 2001526776.51541 1038850140.32048 1491816938.68297 1276035697.61615 1341478269.43035 1559458528.47059 1540445311.32601 1831919798.42665 1398348242.29287 1834785130.90639 1527789567.38393 1859107459.23033 1635723581.19317 1754844311.57273 1900454486.86712 1148668389.03089 1590489666.317 1667718441.78742 
1232218511.41932 1261577786.67307 1201142768.76082 820778898.92054 1153870474.70207 763417880.0359399 1290485262.9268 1328540883.60305 494192137.00784 948343156.99663 1230585349.54933 652553853.90218 1033427400.83756 1478695251.37037 1355909239.24087 1092423176.62082 1357068283.95034 1286248415.1067 1320762408.23687 1123122431.62074 757144031.20674 551251886.04933 1069743360.5571799 1256119742.63719 1086478130.56542 544117902.09602 1223571711.32683 1010591702.95309 840097793.8682599 1406960334.08545 0 860103812.82771 554705839.03362 1506141347.5750399 560550929.90448 989300245.88028 752693244.21665 876203958.5638499 1081159317.83978 1075171000.09933 1353620587.706 933073931.09035 1319243538.73563 1049490356.72478 1380808248.43618 1316999047.36769 1272483795.7318 1405069071.57154 653282972.4535 1112190455.60985 1172333026.54773 
1253747685.3680599 1238063718.49416 1205585723.99014 842308073.1700599 1158313429.90461 726878911.74334 1239014159.07352 1332983838.74042 442721033.15456 924829088.76535 1207071281.36342 656996809.69422 1009913332.62206 1427224147.51709 1304438147.45747 1068909108.41244 1365572558.56551 1234777323.35534 1284223440.55409 1099608363.41818 733629962.92192 559756159.83505 1046229292.0936999 1232605674.4568 1062964062.35466 520603833.63254 1172100619.48998 987077634.73536 816583725.4047799 1383446265.62197 860103812.82771 0 531191770.57014 1454670243.72176 537036861.50216 952761278.28032 729179175.93041 867622014.30094 1102688492.01268 1038632032.42262 1330106519.54005 896534963.38625 1323686493.93693 1071019530.8157799 1357294180.26889 1293484978.90421 1235944828.20929 1381555003.40948 629768904.13092 1116633410.76042 1148818958.35236 
858263222.41392 904708706.94687 827187479.9096 446823610.32964 779915185.83171 376437691.63694 839720616.91826 999628841.09244 92279817.36148 688919302.23756 876786219.83893 323641812.04624 679628271.39874 1076782931.72401 953996926.70507 718467887.71924 987174304.74917 929379348.99524 933782219.8433 766253351.8409699 383188742.96308 181357906.01871002 667831048.01161 931016780.07638 729609050.74017 125119370.05794 821659398.79132 656792573.61895 438185471.58844 987961802.6212 554705839.03362 531191770.57014 0 1055376701.58112 186595641.85195 602320057.56941 378737955.99167 489223770.20587 707204029.05556 733234058.1607 979665298.8107 546093742.77308 945288249.85586 692621276.99944 1006852959.43784 783469081.41942 902589816.5209 1048199991.81529 296413893.97906 738235166.70008 798377737.60207 
1826784941.9549198 1884101252.74209 1746856878.42324 1415345329.9424999 1699584584.37397 1296107089.46535 1808242336.4861598 1874254993.33435 1011949210.5672 1608588697.65308 1825151780.1516 1275077320.5876598 1579141510.43761 1996452324.92973 1873666325.35202 1714946642.67312 1938609815.1233 1804005501.27804 1853451618.41781 1717688862.2705698 1351710462.6654599 1083941093.44265 1587500446.41734 1801833852.34736 1632192240.26946 1044788765.47346 1790181118.35214 1633115169.25633 1434664236.29822 2001526776.51541 1506141347.5750399 1454670243.72176 1055376701.58112 0 1106265039.30056 1521989456.21676 1298407353.5709 1485702525.1943798 1675725748.6325698 1607860210.31208 1993230272.71539 1465763141.27911 1913809969.42067 1644056787.45294 1926522358.22205 1703138480.18527 1881982362.3193498 1999635502.17699 1292892658.68884 1657904565.30385 1718047136.27218 
926237765.1960199 938510835.43356 878075817.5371 497711947.62952 830803523.44278 444412234.28449 984504530.45964 1050517174.7367401 188211404.54068 739807637.46896 907518398.25758 374530145.69053996 710360449.59592 1078818943.10701 1004885264.38993 769356225.30669 1020976433.26822 980267682.63954 984670557.51456 817141685.48527 479120323.17384 215160032.98567 735805590.7771299 1026948367.25558 780497384.38447 176007705.28934 872547736.42336 724767134.0216999 471987599.79051 1038850140.32048 560550929.90448 537036861.50216 186595641.85195 1106265039.30056 0 690450777.27544 474669536.20862 557198312.8919699 775178571.8406401 784122391.8050001 1030553636.4982 614068285.4456 996176587.53027 726423405.43833 1057741297.15131 948888850.56101 953478150.1652 1099088325.45959 330216021.53629 789123504.2991 849266075.23536 
1324875977.05424 1367260151.0831199 1321757257.3768601 913436364.34017 1246527940.29303 856075344.9605399 1306333371.37333 1434223247.9784 586849601.93108 1192774438.8731601 1343398966.52776 773168343.08094 1139109765.37021 1571352716.29361 1420609681.27399 1185080642.19691 1436700850.1888 1378905880.0299401 1413419873.16147 1228804795.9991999 849801496.5517 643909350.97393 1134443802.34571 1348777208.26361 1207092619.07548 628974506.6935401 1308428304.73952 1103249168.46984 887712016.41738 1491816938.68297 989300245.88028 952761278.28032 602320057.56941 1521989456.21676 690450777.27544 0 845350709.55708 955836524.32071 1173816783.39453 1154803566.20042 1446278053.3532 1012706497.13704 1411901004.37229 1155172721.1741 1473465714.10686 1385789138.98883 1365141260.6564 1525683560.07962 745940437.67661 1217872819.9809098 1264990492.15596 
1101293874.43877 1158610173.8428302 1098175155.9843202 689854262.04671 1050902861.89879 619468343.2013 1159560626.4575 1197616246.64101 363267500.53854 817418520.1153 1099660712.58429 549586241.6884 930459788.14858 1270961257.41245 1224984602.77157 989455563.77386 1258161990.55969 1155323778.6374002 1204769895.91742 1037241037.65149 626219394.40557 452345591.82923 910861699.88218 1125195105.68157 955553493.60786 368150019.72672 1092647074.85753 907624090.35707 664129914.17728 1276035697.61615 752693244.21665 729179175.93041 378737955.99167 1298407353.5709 474669536.20862 845350709.55708 0 732254421.9804 995277924.00686 931221463.69028 1222695950.75422 834167637.61182 1188318901.78851 918565719.79164 1249883611.45509 1141031164.99839 1156491283.42009 1302101458.68708 567401579.78958 1009222842.7546 1069365413.65344 
1228865894.04559 1254163863.76669 1197790151.56988 800340076.69682 1133431652.54016 742979057.64411 1270046440.54614 1321126960.6619701 473753314.62718 1059521974.4896901 1210146527.39511 632115031.61834 1012988578.65913 1458256428.9897099 1324599598.38162 1071984354.44807 1323604562.39152 1237852569.38634 1287298686.58343 1115708508.68277 736705208.97164 517788161.88154 1038433719.6266999 1235680920.4876 1066039308.39066 495722042.31007 1195332017.5166101 1003177780.2619 774615728.79715 1341478269.43035 876203958.5638499 867622014.30094 489223770.20587 1485702525.1943798 557198312.8919699 955836524.32071 732254421.9804 0 1073745395.04788 1054732177.7075 1333181765.56841 912635108.69852 1311829615.85956 1029051534.5469 1388326449.57991 1136985548.25698 1252044973.33997 1384630249.43708 632844150.18778 1091751633.44003 1151894204.38568 
1429759948.33249 1459119223.55364 1398684205.62383 1018320335.7014 1368498116.4204302 960959316.5199699 1460069663.98433 1539107219.5378299 663776538.06537 1260416025.08092 1448282938.02302 895138533.48878 1230968837.66959 1599427331.32285 1525493652.51968 1310120765.18255 1554609720.43437 1455832828.43603 1505278945.60294 1333688767.55863 954685467.91377 735768420.83315 1239327773.64205 1502513500.78027 1284019567.44626 696616092.9013 1393156124.55294 1221158039.13776 992595987.77981 1559458528.47059 1081159317.83978 1102688492.01268 707204029.05556 1675725748.6325698 775178571.8406401 1173816783.39453 995277924.00686 1073745395.04788 0 1259687537.50407 1564186923.69033 1117590468.48525 1516784975.61259 1247031793.57684 1578349685.35542 1354965807.33118 1470025232.2158298 1619696713.2578301 850824409.06748 1322756791.54034 1369874463.43859 
1455789972.95862 1440106006.40009 1407628011.5807 999307118.48292 1332398694.40314 928921199.5433 1392204125.47375 1507069103.35048 672720356.13492 1126871376.5965 1409113569.28602 831082073.37993 1224980519.58926 1580414114.18015 1534437458.36795 1270951396.31884 1522571604.29103 1464776634.23378 1486265728.45479 1301650651.32589 963629274.76808 729780105.19298 1248271579.68426 1434647962.36763 1292963373.27932 677602875.58471 1374142907.392 1202144821.79738 973582770.5571 1540445311.32601 1075171000.09933 1038632032.42262 733234058.1607 1607860210.31208 784122391.8050001 1154803566.20042 931221463.69028 1054732177.7075 1259687537.50407 0 1532148807.44558 1111602150.234 1497771758.4657 1228018576.39713 1587293491.08765 1335952590.16249 1451012014.8754501 1583597291.33473 876854435.38596 1303743574.19996 1350861246.27328 
1719307422.80353 1744605392.40914 1688231680.32782 1290781605.59031 1623873181.50282 1220395686.64246 1777574188.06715 1811568489.30442 981281062.14819 1532877294.87676 1700588056.40128 1122556560.53016 1503430107.57998 1871888601.30135 1815041127.13956 1562425883.43817 1814046091.39828 1773337340.24705 1790765114.48749 1593125138.44163 1227146737.74978 1008229690.65533 1511789043.55791 1820018024.86309 1556480837.3988 969077362.69714 1665617394.49114 1493619308.9043498 1265057257.64958 1831919798.42665 1353620587.706 1330106519.54005 979665298.8107 1993230272.71539 1030553636.4982 1446278053.3532 1222695950.75422 1333181765.56841 1564186923.69033 1532148807.44558 0 1390051738.42446 1802271144.5020099 1532517962.50012 1895854197.1009202 1741958507.96881 1729461603.2905 1875071778.4317 1140371885.23087 1582193162.43274 1659421937.9874 
1285735866.5992198 1311033836.29319 1254660124.12351 857210049.45488 1207387830.0253901 799849030.17061 1344002631.86284 1364972034.31908 547709505.94388 1116391947.04332 1287172651.77986 688985004.3238 1082883450.58028 1532212620.3064098 1381469570.9352498 1128854327.27688 1393499434.08501 1294722542.2398 1344168659.43393 1159553582.28591 838618424.57704 587683036.184 1095303692.1803298 1292550893.33635 1122909281.22147 552592014.8636999 1252201989.99162 1060047752.7883999 831485701.54086 1398348242.29287 933073931.09035 896534963.38625 546093742.77308 1465763141.27911 614068285.4456 1012706497.13704 834167637.61182 912635108.69852 1117590468.48525 1111602150.234 1390051738.42446 0 1368699588.38606 1098946406.38417 1417239399.16698 1193855521.10421 1295890047.1006 1441500222.30345 689714122.8466 1148621606.27218 1208764177.22874 
1667844169.32253 1697203444.51283 1636768426.5713 1293646938.45448 1589496132.52302 1186018637.67358 1698153884.77243 1777191440.3495102 901860758.85347 1535742631.09658 1666211007.41845 1116136535.41303 1469053058.60365 1837511552.31505 1783734024.8464098 1528048834.45772 1792693941.24605 1693917049.41167 1756388065.53258 1571772988.37031 1220726712.8963299 986877543.3450401 1497568146.24632 1740597721.5683699 1550060811.40757 971942698.91696 1631240345.51057 1446217360.68068 1230680208.67977 1834785130.90639 1319243538.73563 1323686493.93693 945288249.85586 1913809969.42067 996176587.53027 1411901004.37229 1188318901.78851 1311829615.85956 1516784975.61259 1497771758.4657 1802271144.5020099 1368699588.38606 0 1485116014.52648 1816433906.34327 1728757331.27528 1708109453.0275102 1868651752.41171 1126151013.07982 1560841012.35202 1607958684.41255 
1398090987.23468 1440475161.4523401 1367015244.53054 986651374.57463 1319742950.47093 916265455.64288 1428400702.8047 1494413359.40991 632107576.88574 1228747063.90235 1396457825.34903 818426329.4889 1212324775.73943 1567758370.23542 1493824691.4321 1278451804.00954 1509915860.34935 1424163867.34231 1473609984.51595 1302019806.3684201 923016506.78555 717124361.34315 1207658812.53693 1470844539.60064 1252350606.33994 664947131.72273 1381643315.06177 1176464178.6584 960927026.65224 1527789567.38393 1049490356.72478 1071019530.8157799 692621276.99944 1644056787.45294 726423405.43833 1155172721.1741 918565719.79164 1029051534.5469 1247031793.57684 1228018576.39713 1532517962.50012 1098946406.38417 1485116014.52648 0 1591723966.09475 1323296846.2278 1425331372.21567 1570941547.39114 836241654.2247 1278062931.38313 1355291706.98123 
1729408879.09815 1786725177.1276202 1698333136.33379 1317969266.31002 1679017865.18358 1247583347.34522 1787675629.74229 1853688274.01939 991382503.82333 1445533524.41382 1727775717.19044 1177701244.97319 1558574791.43337 1975885618.1858602 1825142583.26689 1589613544.20837 1886276993.84448 1783438781.9221902 1832884899.20221 1665356040.93628 1254334398.4518 1080460595.11402 1566933727.3726702 1753310110.25861 1611625520.96773 996265023.32342 1692805055.2745 1535739093.64186 1337288160.6837502 1859107459.23033 1380808248.43618 1357294180.26889 1006852959.43784 1926522358.22205 1057741297.15131 1473465714.10686 1249883611.45509 1388326449.57991 1578349685.35542 1587293491.08765 1895854197.1009202 1417239399.16698 1816433906.34327 1591723966.09475 0 1769146168.59509 1756649264.08484 1902259439.23976 1150473339.52377 1609380823.20586 1697480416.93823 
1637642639.8857899 1667001915.28094 1606566897.41008 1226203027.68779 1559294603.31196 1024199469.31092 1487482395.31821 1602347373.21342 854573026.00545 1222149646.39761 1656165654.93145 1085935020.3803098 1421765321.17395 1675692384.05877 1601758705.23404 1366229666.16029 1617849874.15878 1646629311.72492 1717251301.26272 1528546560.1750398 1166657824.3825 943651114.3527799 1447210465.4668999 1529926232.22301 1360284620.11403 772881145.27167 1605128480.21074 1284398192.39239 1200478679.92251 1635723581.19317 1316999047.3676898 1293484978.9042099 783469081.41942 1703138480.18527 948888850.56101 1385789138.98883 1141031164.99839 1136985548.25698 1354965807.33118 1335952590.16249 1741958507.96881 1193855521.10421 1728757331.27528 1323296846.2278 1769146168.59509 0 1533265386.024 1810493200.14936 927089461.52891 1500528375.8189 1446139516.12649 
1625145731.31882 1650443700.93464 1576983784.29208 1196619914.25264 1529711490.23328 1139258894.8120599 1666326277.67111 1704381899.20413 870033151.7521499 1324184172.37147 1606426365.13866 1056351892.90201 1409268416.29257 1777726910.05875 1703793231.22352 1468264192.15321 1719884400.15282 1634132407.13637 1696603423.01299 1511988345.85072 1160942070.38531 914067999.21997 1434713556.89993 1631960758.21271 1462319146.11015 874915671.24679 1571455703.22806 1386432718.36781 1170895566.30925 1754844311.57273 1272483795.7318 1235944828.20929 902589816.5209 1881982362.3193498 953478150.1652 1365141260.6564 1156491283.42009 1252044973.33997 1470025232.2158298 1451012014.8754501 1729461603.2905 1295890047.1006 1708109453.0275102 1425331372.21567 1756649264.08484 1533265386.024 0 1797996291.58239 1029123987.48225 1501056369.83243 1565260246.50269 
