26
5 12 37 35 47 40 21 27 18 32 48 3 24 17 19 39 14 2 29 28 20 1 22 46 38 49
0 1.14472 0.57182 0.75968 0.87554 0.38920999999999994 0.55046 0.38599 0.50262 0.05178 0.8780899999999999 0.96702 0.94759 0.81201 0.6347200000000001 0.9887 0.93733 0.41988 0.4438 1.08489 0.62754 0.6478999999999999 0.88625 0.83493 0.75649 1.04783 
1.14472 0 0.65469 0.57928 0.30866 1.01663 0.60152 0.91744 0.93957 1.09294 0.67888 0.18496 0.2696 0.47033 0.62333 0.42182 0.43753000000000003 1.06389 0.7404000000000001 0.09032 0.54767 0.86467 0.38907 0.96682 1.06194 0.17347 
0.57182 0.65469 0 0.58492 0.57903 0.44556 0.2669 0.6216200000000001 0.3102 0.52004 0.79039 0.5850299999999999 0.59133 0.51945 0.45996 0.46587 0.61938 0.7378800000000001 0.12802 0.6309 0.2607 0.61243 0.57586 0.54006 0.56422 0.62014 
0.75968 0.57928 0.58492 0 0.4601 0.6837 0.44738 0.69599 0.81688 0.7079 0.66253 0.52833 0.53236 0.74015 0.12496 0.52148 0.47146 0.8835 0.48811 0.66831 0.64254 0.68528 0.46764000000000006 0.46845000000000003 0.65435 0.63519 
0.87554 0.30866 0.5790299999999999 0.4601 0 0.75503 0.54417 0.8083199999999999 0.6654899999999999 0.92732 0.70508 0.12761 0.4337 0.66634 0.54228 0.11316 0.46245 1.00164 0.68305 0.39898 0.7833500000000001 0.95156 0.22315000000000002 0.88577 0.87558 0.36948000000000003 
0.38920999999999994 1.01663 0.44556 0.6837 0.75503 0 0.46518000000000004 0.29638 0.6388299999999999 0.44098999999999994 0.77765 0.88174 0.82196 0.68728 0.55874 0.86819 0.81682 0.68851 0.57358 0.96268 0.507 0.91653 0.76388 0.8324199999999999 0.46101 0.92241 
0.55046 0.6015199999999999 0.2669 0.44738 0.54417 0.46518000000000004 0 0.5726100000000001 0.43539 0.5308999999999999 0.58373 0.41656 0.72982 0.387 0.32242 0.5476300000000001 0.6689200000000001 0.47098 0.13888 0.67959 0.26581 0.49284 0.43764000000000003 0.50618 0.80759 0.6616299999999999 
0.38599 0.91744 0.6216200000000001 0.69599 0.8083199999999999 0.29638 0.5726100000000001 0 0.34245 0.33421 0.89485 0.9359299999999999 0.88461 0.8168 0.60026 0.7295200000000001 0.91301 0.70231 0.6712199999999999 0.88484 0.56965 0.93033 0.61953 0.9398500000000001 0.71816 0.9852 
0.50262 0.93957 0.3102 0.81688 0.6654899999999999 0.63883 0.43539 0.34245 0 0.5544 1.01912 0.7930999999999999 0.89869 0.82236 0.7332 0.7760699999999999 0.92709 0.86382 0.32877 0.9410999999999999 0.5709 0.84178 0.87303 0.6562 0.79855 0.92521 
0.05178 1.09294 0.52004 0.7079 0.9273199999999999 0.44099 0.5308999999999999 0.33421 0.5544 0 0.92987 0.94746 0.8978200000000001 0.8637900000000001 0.58294 0.94697 0.92622 0.3681 0.39202 1.03701 0.67932 0.59612 0.93803 0.78315 0.70471 1.00065 
0.8780899999999999 0.67888 0.7903899999999999 0.66253 0.70508 0.77765 0.58373 0.89485 1.01912 0.92987 0 0.63102 0.46206 0.43926 0.53757 0.71436 0.24263 0.9456199999999999 0.72261 0.7692 0.67092 0.7474 0.77518 0.53057 1.05233 0.5066900000000001 
0.96702 0.18496 0.5850299999999999 0.52833 0.12761 0.88174 0.41656 0.9359299999999999 0.7930999999999999 0.94746 0.63102 0 0.45456 0.54193 0.50647 0.24076999999999998 0.5091300000000001 0.88754 0.5554399999999999 0.27528 0.6823699999999999 0.9094 0.35075999999999996 0.79179 0.91817 0.24507 
0.94759 0.2696 0.59133 0.5323599999999999 0.4337 0.82196 0.7298199999999999 0.88461 0.89869 0.8978200000000001 0.46206 0.45455999999999996 0 0.73139 0.4074 0.32054 0.21943000000000001 0.90328 0.71935 0.347 0.58158 0.96772 0.31312 0.7508900000000001 0.83319 0.44307 
0.81201 0.47033 0.51945 0.74015 0.66634 0.68728 0.387 0.8168 0.82236 0.8637900000000001 0.43926 0.54193 0.73139 0 0.61519 0.7795000000000001 0.5609200000000001 0.85798 0.50748 0.56065 0.25989 0.8307199999999999 0.8233900000000001 0.70027 0.8071600000000001 0.29686 
0.6347200000000001 0.62333 0.45996 0.12496 0.54228 0.55874 0.32242 0.60026 0.7332 0.58294 0.53757 0.50647 0.4074 0.61519 0 0.64644 0.3465 0.75854 0.40442999999999996 0.54335 0.57361 0.56032 0.5926 0.34349 0.56572 0.51023 
0.9887 0.42182 0.46587 0.52148 0.11316 0.86819 0.5476300000000001 0.7295200000000001 0.77607 0.94697 0.71436 0.24076999999999998 0.32054 0.7795 0.64644 0 0.5399700000000001 0.88848 0.59389 0.40874 0.6701900000000001 0.8384 0.10999 0.83735 0.98874 0.48263999999999996 
0.93733 0.43753000000000003 0.61938 0.47146 0.46245 0.81682 0.66892 0.91301 0.92709 0.92622 0.24263 0.50913 0.21943000000000001 0.5609200000000001 0.3465 0.5399700000000001 0 0.93497 0.6135 0.52785 0.42829 0.90682 0.5325500000000001 0.68999 0.8097 0.26406 
0.41988 1.06389 0.7378800000000001 0.8835 1.00164 0.68851 0.47098 0.70231 0.86382 0.3681 0.9456199999999999 0.88754 0.90328 0.85798 0.75854 0.88848 0.93497 0 0.6098600000000001 1.15057 0.73679 0.62269 0.90862 0.41505 0.33661 1.0093999999999999 
0.4438 0.7404 0.12802 0.48811 0.6830499999999999 0.57358 0.13888 0.67122 0.32877 0.39202 0.72261 0.5554399999999999 0.71935 0.50748 0.40442999999999996 0.59389 0.6135 0.6098600000000001 0 0.68707 0.38871999999999995 0.51301 0.57652 0.64506 0.6922400000000001 0.74816 
1.08489 0.09032 0.6309 0.66831 0.39898 0.96268 0.67959 0.88484 0.9411 1.03701 0.7692 0.27527999999999997 0.347 0.5606500000000001 0.54335 0.40874 0.52785 1.15057 0.68707 0 0.45735 0.78226 0.29875 0.8868400000000001 1.00462 0.26379 
0.62754 0.54767 0.2607 0.64254 0.7833500000000001 0.507 0.26581 0.56965 0.5709 0.67932 0.67092 0.6823699999999999 0.58158 0.25989 0.57361 0.6701900000000001 0.42829 0.7367900000000001 0.38871999999999995 0.45735 0 0.57083 0.56451 0.44038 0.54727 0.5567500000000001 
0.6479 0.86467 0.61243 0.68528 0.9515600000000001 0.91653 0.49284 0.93033 0.84178 0.59612 0.7474 0.9094 0.9677200000000001 0.8307199999999999 0.56032 0.8384 0.9068200000000001 0.62269 0.51301 0.78226 0.57083 0 0.72841 0.21683 0.9593 0.7132 
0.88625 0.38907 0.57586 0.46764000000000006 0.22315000000000002 0.76388 0.43764000000000003 0.61953 0.87303 0.93803 0.7751800000000001 0.35076 0.31312 0.8233900000000001 0.5926 0.10999 0.5325500000000001 0.90862 0.57652 0.29875 0.56451 0.72841 0 0.80488 1.09873 0.56254 
0.8349300000000001 0.96682 0.54006 0.46845000000000003 0.88577 0.8324199999999999 0.50618 0.93985 0.6562 0.78315 0.53057 0.79179 0.7508900000000001 0.70027 0.34349 0.83735 0.68999 0.41505 0.64506 0.8868400000000001 0.44038 0.21683 0.80488 0 0.75166 0.85372 
0.75649 1.06194 0.56422 0.65435 0.87558 0.46101 0.80759 0.71816 0.79855 0.70471 1.05233 0.91817 0.83319 0.8071600000000001 0.56572 0.9887400000000001 0.8097 0.33661 0.6922400000000001 1.00462 0.54727 0.9593 1.09873 0.75166 0 0.9423 
1.04783 0.17347 0.62014 0.6351899999999999 0.36948000000000003 0.92241 0.6616299999999999 0.9852 0.92521 1.00065 0.5066900000000001 0.24507 0.44307 0.29686 0.51023 0.48264 0.26406 1.0093999999999999 0.74816 0.26379 0.5567500000000001 0.7132 0.56254 0.85372 0.9423 0 
