100
index3 index4 index5 index6 index9 index10 index11 index14 index15 index17 index18 index19 index20 index21 index22 index23 index24 index25 index26 index27 index30 index31 index32 index37 index39 index40 index42 index44 index47 index49 index50 index52 index55 index56 index57 index58 index60 index62 index63 index66 index67 index69 index81 index83 index86 index87 index88 index89 index90 index92 index95 index96 index97 index99 index100 index106 index107 index108 index109 index110 index112 index113 index114 index115 index116 index118 index121 index124 index125 index126 index128 index129 index130 index131 index133 index134 index137 index141 index142 index143 index144 index150 index152 index156 index157 index158 index159 index164 index165 index167 index169 index170 index172 index174 index186 index190 index196 index198 index199 index155
0 669.77042 729.9103 543.40757 951.94786 1179.27909 852.33984 539.18778 1027.04952 530.22603 973.10183 1209.22128 999.83118 480.10809 435.43067 770.70857 450.55081 572.83692 719.32197 118.99217 259.03592000000003 1181.9035 748.41939 474.19463 355.60402 1202.95403 1203.37253 604.70757 222.31089 607.80435 1264.23278 560.40356 1052.34961 1133.83671 901.0941 698.26006 991.81719 340.6657 596.17033 740.10312 536.03181 401.65295 623.22343 1083.31709 381.34644 406.23582 968.94488 1208.79649 875.50605 697.58641 1145.81078 779.06021 236.19194 1026.84146 1349.13131 1029.69178 236.37978 695.19629 692.88736 28.67467 908.32123 102.26886 996.58166 758.32161 1238.89975 824.47189 936.03666 569.87888 388.41954000000004 675.62094 313.7361 1203.84646 788.5694 1016.6399100000001 332.93437 1219.70758 564.05394 292.5856 524.76871 598.22629 803.63941 499.45005 988.58643 1212.29454 386.42023 656.80458 716.00771 550.75297 389.06058 644.31072 1158.71895 658.01916 674.21151 484.9462 1230.2840700000002 1107.4612200000001 439.99206 516.00352 822.94958 884.83531 
669.77042 0 852.28248 866.24436 991.75956 1527.74772 1331.5160299999998 255.16214 1175.34523 154.61067 1283.16916 1323.72633 931.01268 918.3678500000001 527.73248 1173.67572 1099.47902 1232.12484 1306.2707799999998 551.15242 878.7080699999999 1633.81677 798.18102 1133.77401 765.11007 1520.92237 1438.20557 346.8745 883.83676 1047.80633 1591.15817 630.15098 874.54484 912.97388 1152.70699 1227.7779 1515.74372 1009.99711 938.09403 680.39806 156.52532 1050.48115 1250.83799 1437.82753 558.21376 369.06658 1401.80182 1624.72364 1313.4790400000002 1188.75539 1445.85362 1378.32154 433.59258 1021.73468 1143.6294 885.77026 661.92324 956.04589 1083.67147 690.40333 914.50367 727.87523 1335.26787 1310.60377 1224.77494 1343.12076 1252.12234 390.0344 350.65812 22.93555 367.88495 1023.14744 1370.63442 987.99576 708.34762 1532.48309 1167.12572 410.13161 294.62627 1261.5884 535.40723 241.46814 1383.12363 1036.8581 903.14108 1106.21777 1210.99952 142.21462 1002.94005 1039.5264900000002 1391.68565 1294.25175 987.70127 1131.43043 1521.08078 1167.71025 1107.43687 474.1554 845.4716 640.66057 
729.9103 852.28248 0 255.80666000000002 226.47439 707.38544 634.36019 600.3137899999999 334.45413 809.61888 464.45444 505.3916 319.25806 391.41396 375.61850000000004 440.02411 803.14516 939.75772 775.70688 713.68708 913.94031 858.94927 91.50089 866.14621 398.4322 678.2772 586.0999 511.84186 841.4237899999999 417.95347 748.76856 230.49798 436.71429 528.56935 309.67404 632.12054 834.99043 861.91982 268.91001 225.65469 717.74002 777.19933 831.76026 614.92052 401.70606 541.23237 640.7552 823.70801 574.79402 569.48873 600.8917 850.91164 706.53701 343.56807000000003 688.50558 393.60897 499.60026 175.50673 372.61734 752.31624 222.37189 660.52847 513.42111 724.97145 513.54588 693.83523 427.36821 471.92395 834.83726 873.78599 668.5154 550.98749 814.65884 307.02219 399.70655 687.99771 723.55091 604.21066 560.84966 1131.67904 449.4348 892.37427 592.88887 553.44094 501.20704 455.4213 572.61704 726.95394 674.34433 358.51601 540.03953 884.12307 244.63625 843.63238 672.08872 382.96186 891.7239099999999 395.23365 136.12814 558.94111 
543.40757 866.24436 255.80666000000002 0 463.65314 682.1437 477.76968 617.37154 489.20912 785.28895 450.21942 672.01554 565.27322 141.85858 339.08022 320.34838 553.28451 689.93523 551.12631 564.58129 705.68309 767.57241 330.01096 616.59083 187.80355 690.46153 664.6791 571.85659 615.55847 205.86132 757.44552 289.74263 684.53656 771.77849 358.26575 421.66738 674.29945 620.87186 71.86638 411.64547 713.35731 528.41705 588.41377 587.47961 312.10963 504.03185 535.69709 760.6019 448.69192 365.45784000000003 624.15326 628.68379 596.29472 549.19301 938.51394 639.37197 317.78002 151.78872 230.78602 563.72918 450.04084 458.23952 491.66558 515.64578 738.78227 512.31442 414.45395 522.09703 744.81449 884.59235 583.62954 799.72932 599.48388 553.96119 218.49735 705.26521 482.72879 519.38189 578.35293 884.25957 608.0537 837.48514 519.51404 803.27088 253.83165 272.67220000000003 377.96364 726.40818 499.53499 276.62628 619.06196 641.13187 167.98058 593.69821 707.20608 589.3621 643.64905 423.96626 382.35635 721.01836 
951.94786 991.75956 226.47439 463.65314 0 687.3551 747.36334 751.81803 222.69234 975.11491 467.46112 344.26588 175.65652 599.72283 567.7603799999999 561.21913 1012.6492999999999 1143.59722 941.16179 931.98272 1140.37165 898.15905 215.89017 1074.13073 624.15551 648.4755 498.84577 644.88506 1066.28878 593.68995 707.14327 422.63986 315.17335 394.75345 330.63967 789.99443 937.22226 1084.4869099999999 460.67952 311.4502 875.2748 990.61918 1019.92133 622.10761 596.95767 727.20653 711.02451 847.95093 669.95532 726.20857 563.65088 1011.56078 913.82798 147.79791 496.91776 265.27816 716.45826 342.59746 521.10456 977.31411 99.33729 886.88242 535.29139 877.10123 332.7568 824.32124 459.47658 616.94577 1027.54565 1013.81832 862.0394600000001 374.53225 968.95669 105.22364 626.06348 644.84914 914.40987 805.80194 716.69819 1347.21604 499.47638 1070.85734 641.32331 373.25761 717.29897 622.0562 729.2832999999999 881.81236 884.4858099999999 525.11602 456.70294 1070.8915299999999 410.05601 1052.25614 618.6243 178.18094 1106.36937 564.14972 149.66301 586.51101 
1179.27909 1527.74772 707.38544 682.1437 687.3551 0 402.14907000000005 1272.79826 470.48534 1460.22928 245.66075 494.77807 832.02496 700.6362 1005.40621 422.95681 948.10405 1010.28977 681.0683 1228.70338 1259.19386 269.12799 775.20589 996.78742 845.64994 162.16241000000002 306.59749 1200.7767 1166.33021 572.1318 91.63616 900.25544 991.74197 1064.49614 410.55215999999996 569.93855 459.75187 1099.4441000000002 613.76353 914.67692 1381.20487 960.11841 832.72981 237.36728 989.99089 1179.04794 260.51206 188.52528 331.78533 540.71986 123.70422 711.73278 1274.98705 728.01139 1086.86357 942.60419 984.0039 573.2564199999999 489.48661999999996 1192.38517 748.0410800000001 1079.8085 193.96433 592.02582 733.40903 486.86295 280.0386 1155.99929 1426.9581899999998 1547.84313 1265.76714 1009.32947 658.6676 767.89456 893.81283 86.18525 774.81342 1201.52558 1233.34208 1262.42538 1136.68089 1518.28464 200.6338 1002.28921 801.79885 553.24992 511.60380999999995 1392.73298 878.36658 537.93577 262.85822 862.78111 548.09188 971.43077 134.73947 603.19032 1057.37599 1067.49225 764.30935 1239.98944 
852.33984 1331.5160299999998 634.36019 477.76968 747.36334 402.14907000000005 0 1088.86155 613.92372 1235.0380599999999 345.57957 739.35753 896.65095 466.54173 812.1310000000001 195.22135 554.41972 608.48381 288.34907 926.08496 889.4811199999999 333.68062 725.75882 601.6224199999999 577.32656 456.05315 570.0221799999999 1049.55242 796.86044 283.7097 492.42575 755.79612 1047.0294 1134.47157 436.6383 174.3878 201.32534 712.88689 411.91145 851.38864 1175.78195 571.63164 431.57905 325.53988 773.69915 962.97648 141.63701 365.92335 90.37401 238.24209 441.30543 321.67119 998.77629 825.17373 1235.91289 998.64813 702.62069 459.76185 269.23817 859.36621 785.0964200000001 750.11104 305.03926 199.88732 928.57277 94.01561 327.21847 999.65428 1153.83045 1348.34722 1013.99067 1121.49469 268.98355 852.58698 629.53093 474.77649 377.4686 950.76691 1051.04054 861.29134 1067.28174 1265.72882 210.34272 1119.52058 474.62151 225.30015 136.37219 1189.57309 502.91055 302.3391 544.75956 463.26726 395.21664 576.0532 516.93679 770.61763 661.63868 901.24263 754.32075 1180.4654 
539.18778 255.16214 600.3137899999999 617.37154 751.81803 1272.79826 1088.86155 0 926.93856 226.27778 1028.07602 1080.89434 710.53764 682.02766 278.29132 924.4293600000001 919.5876499999999 1060.86544 1087.56175 434.15833 768.49961 1384.18731 551.53791 962.46987 536.12621 1265.88985 1185.36147 119.45343 752.43571 807.3847900000001 1336.10148 413.8275 683.17487 739.00034 897.96827 996.86688 1278.06974 860.70994 688.65287 442.54577 123.95472 872.4388899999999 1052.477 1183.2955299999999 317.83041 151.86687 1152.43216 1372.28492 1065.7717 953.20592 1190.78926 1162.64871 331.00689 791.0351 973.7271000000001 683.76295 453.0238 701.2776 834.867 565.54054 677.70422 566.22628 1080.56619 1083.5119300000001 1002.0868700000001 1107.2192 997.1774 134.87226 347.32968 275.81334 245.28008 840.04415 1150.45246 760.98067 480.13777 1277.53099 959.33223 253.31369999999998 39.46413 1134.8015 354.63926000000004 336.79572 1130.7369 852.07242 683.76466 865.1221700000001 973.49245 139.24066 807.86387 792.20752 1139.47692 1099.63399 734.73506 955.61261 1266.31784 929.67356 947.33977 233.8263 603.13874 389.72111 
1027.04952 1175.34523 334.45413 489.20912 222.69234 470.48534 613.92372 926.93856 0 1141.68559 286.65629 409.47365 363.80343000000005 598.30254 702.98964 452.11998 993.5819499999999 1104.49727 851.14692 1030.94363 1185.218 717.46776 378.27437 1050.24624 677.01267 426.0197 279.6823 829.58089 1101.78617 542.69981 490.63147 564.9521100000001 522.21134 594.0108 190.06385 699.24748 784.96099 1090.58369 455.58414 504.37431 1047.34004 977.87454 959.63665 423.4806 715.33395 875.66344 545.56931 638.94969 529.86591 639.09521 350.15184 912.88218 1035.30165 257.5313 637.56436 473.31429 793.3462 435.70074 448.58479 1049.56361 298.91908 946.43106 354.51656 774.66445 345.95386 702.4376199999999 291.94026 794.73415 1166.85727 1197.44496 997.39756 544.23242 864.68828 297.40922 695.03077 464.90183 860.4182 936.22198 888.94398 1332.7181999999998 712.4065 1226.68308 471.72133 545.67372 724.14963 548.29961 625.31205 1055.72683 872.89587 485.83146 238.61457 1004.74781 495.9233 1026.12038 414.64513 263.75847 1094.14005 729.68778 372.35535000000004 801.92584 
530.22603 154.61067 809.61888 785.28895 975.11491 1460.22928 1235.0380599999999 226.27778 1141.68559 0 1218.89789 1301.27261 936.81542 818.64567 457.80645 1088.26487 966.62823 1096.26394 1187.00353 411.59393 730.19524 1546.29342 767.86348 998.27059 662.2695799999999 1459.57353 1392.73201 343.55223 742.09599 952.28266 1529.00407 592.7644399999999 904.65786 955.0798 1099.39469 1119.77771 1413.03756 870.69162 856.09553 667.66707 104.0691 917.39044 1123.64916 1367.64208 473.38562 281.2571 1315.2157200000001 1544.5654 1224.4711 1086.41731 1386.9355 1257.28368 294.03409 1016.6495299999999 1189.1402 907.65466 544.24298 890.58071 998.5225499999999 549.19754 902.03823 593.6188 1266.36655 1198.50086 1228.1619 1239.4777 1185.90486 360.24646 206.09610999999998 146.79572 237.58578 1059.39285 1253.9500400000002 986.927 605.50713 1472.61942 1043.79554 289.523 258.53471 1117.83455 568.31581 123.39945 1303.79661 1072.26761 787.93848 1011.7936299999999 1109.22725 103.38856 876.26326 951.89329 1345.59854 1165.33508 913.36655 997.16908 1467.50988 1152.9095 968.74176 426.57547 825.4519 588.20435 
973.10183 1283.16916 464.45444 450.21942 467.46112 245.66075 345.57957 1028.07602 286.65629 1218.89789 0 394.01168 624.70716 494.9646 763.23168 240.2062 814.63017 905.55363 610.94995 1009.9713 1082.05325 430.81147 533.89167 874.91223 625.72011 274.27143 248.63259 955.11595 991.12726 384.73092 310.21839 656.38603 782.54702 861.6872500000001 167.59979 467.72877 502.43185000000005 946.0528 385.12745 673.58375 1137.83234 815.41765 740.40258 163.76075 752.33809 938.16257 259.66766 380.51981 255.20556 416.9541 174.30244 662.12213 1046.514 544.18759 923.96205 732.63763 762.81216 328.46385 287.26664 989.31152 524.88048 877.69369 67.86027 533.6304299999999 594.64623 439.10584 37.08623 910.42072 1194.37298 1303.73993 1031.27025 826.201 610.70015 565.23752 665.89687 255.48292 663.1030499999999 966.96551 988.6423 1152.76645 896.78227 1281.31957 185.06504 831.30164 610.31593 357.50053 394.91586 1149.09785 720.12621 332.24694 213.76094 781.54876 313.19909 849.53154 258.21638 438.89375 924.10964 822.35998 549.2776 1002.46267 
1209.22128 1323.72633 505.3916 672.01554 344.26588 494.77807 739.35753 1080.89434 409.47365 1301.27261 394.01168 0 436.94173 779.8629000000001 873.63418 602.51049 1160.90561 1269.49297 997.34324 1210.98171 1366.98775 758.61617 533.51791 1220.4576 857.21591 433.37661 246.83094 976.97683 1283.1727700000001 712.30182 480.9346 731.62039 582.18448 638.00995 349.58991 849.97346 887.26035 1267.93638 634.442 644.24725 1204.27527 1151.55154 1115.23266 482.52782 890.46045 1042.83512 644.79691 675.51982 649.15495 791.48597 373.64784999999995 1055.50407 1211.92861 325.19068 602.15228 537.41391 975.05818 520.22682 614.43921 1231.46533 412.17567 1128.89438 461.87195 915.60863 243.18132 831.65047 431.09791 946.87393 1337.5068 1346.38546 1169.83519 547.65321 1002.40011 366.94836 876.6566499999999 426.73241 1022.79014 1109.59922 1044.83644 1502.25213 828.68529 1391.94978 578.3799799999999 538.6802 903.45386 706.9984 774.21362 1211.06741 1048.45414 643.97239 232.39252 1160.11691 559.88531 1195.92051 383.92526 166.08494 1266.20476 886.62009 478.48512 907.7430999999999 
999.83118 931.01268 319.25806 565.27322 175.65652 832.02496 896.65095 710.53764 363.80343000000005 936.81542 624.70716 436.94173 0 706.64999 581.4981 711.4947999999999 1118.2179 1254.99409 1076.41005 960.94507 1204.50075 1053.60424 257.40105 1179.18755 701.26449 789.5865900000001 634.80524 594.61138 1137.90041 722.08659 853.81568 443.35231 160.16418 239.79543 486.36462 927.30605 1089.18276 1171.57927 577.84669 279.15585 833.63857 1092.2576099999999 1143.34765 776.62984 623.69521 718.14915 865.76691 994.74869 822.0295 863.50971 713.21224 1148.84711 923.79889 113.00715 373.29529 152.94327 770.81011 468.76725 666.1921600000001 1026.8917000000001 179.51855 947.12027 690.80426 1019.00372 312.34881 969.91335 614.93296 577.79082 1019.41074 953.9482300000001 861.2475099999999 236.0957 1109.84435 70.43288 691.0152 792.0291 1035.79647 811.71599 680.21055 1444.49806 416.28598999999997 1043.46403 796.75093 250.81423999999998 815.15717 750.99673 867.5686499999999 837.67393 986.29821 656.35736 599.26977 1195.32486 554.12408 1158.78063 758.17101 271.16044 1205.32568 548.90193 210.4686 473.76932 
480.10809 918.3678500000001 391.41396 141.85858 599.72283 700.6362 466.54173 682.02766 598.30254 818.64567 494.9646 779.8629000000001 706.64999 0 409.57753 301.11163 413.32864 548.34712 427.55636 529.92388 595.73864 744.57275 471.86954000000003 474.73225 269.90099 722.85156 732.26386 658.54007 508.22829 234.96759 784.58473 394.31174 821.14609 913.12346 439.86284 316.50536 599.07119 494.75097000000005 145.42090000000002 549.5839599999999 762.05618 403.05746 449.42756 605.1310900000001 364.20868 549.30127 527.6069600000001 745.66836 414.39612 375.35052 666.77908 505.51906 588.35064 685.7654 1079.87656 781.23055 291.52464 266.6253 212.85023 495.08029999999997 590.50531 383.02257 516.47358 406.53314 868.1224 425.51133 457.89591 607.87578 743.46522 934.64465 597.59828 941.5879 496.80422999999996 693.178 213.13854 739.61812 340.87021 534.75259 645.65924 748.19542 728.76538 851.10553 514.9252 944.8548999999999 125.91293 261.14281 381.5571 776.173 409.69273 164.20263 689.58247 502.1953 222.54916 453.35351 751.11323 713.26118 507.27575 509.34475 523.56592 840.2515 
435.43067 527.73248 375.61850000000004 339.08022 567.7603799999999 1005.40621 812.1310000000001 278.29132 702.98964 457.80645 763.23168 873.63418 581.4981 409.57753 0 646.52316 705.27039 851.67207 827.55911 381.0162 660.15997 1106.64347 351.96058 756.7919 276.52215 1003.76794 941.38917 251.4262 615.1415 529.09347 1073.25275 145.12052 618.66289 698.7104 641.66832 726.05765 1002.0734 688.34342 410.36155 309.44018 383.36758000000003 663.32779 812.55452 913.66599 62.87741 176.54935 874.7773099999999 1097.1296 787.48038 685.56387 931.19684 904.4161 346.36898 629.5605899999999 917.17223 599.3637200000001 243.99745 434.81937 556.87019 463.89908 508.13658 410.34893 811.84384 815.20339 847.446 832.52557 730.64705 205.88139999999999 463.87262 547.84189 296.20101 772.42337 887.33394 610.91825 225.81151 1016.85808 711.90832 246.18224 240.02433 972.9852999999999 383.93226 526.93024 855.39115 781.6202099999999 431.94541 586.83085 698.2852 388.95961 579.93306 513.92811 897.4109699999999 862.73996 463.73964 744.7707 1009.99368 740.83642 756.7465199999999 106.92736 422.76882 481.09603 
770.70857 1173.67572 440.02411 320.34838 561.21913 422.95681 195.22135 924.4293600000001 452.11998 1088.26487 240.2062 602.51049 711.4947999999999 301.11163 646.52316 0 585.3842199999999 672.74929 399.04077 822.84835 856.4898 460.14975 530.86527 634.7364 446.18176 438.60112 486.27508 874.6412499999999 768.5771599999999 190.71179999999998 496.36771 574.39783 853.89077 942.19677 262.05613 247.46297 395.58898 711.9262 248.48200000000003 660.3976299999999 1020.14859 596.6643300000001 520.92661 314.28467 617.44557 809.54192 228.26252 458.02888 143.25867 295.19978 391.73578 461.83434 877.32042 640.87459 1055.47692 805.93147 581.90937 287.42916 90.00425 782.49264 589.87507 669.91889 278.87962000000005 323.98855 769.89686 271.4366 203.11997 825.35336 1031.16721 1191.74166 878.43476 935.6820700000001 415.86344999999994 666.37346 494.37594 456.29897 424.79258 814.13002 885.52762 914.57609 876.3712 1132.68493 222.32301 934.43763 392.35417 233.84918 173.31216 1033.1647699999999 530.61556 136.909 449.46182999999996 557.60674 204.09411 609.34261 474.62183 601.4208 687.93983 730.62646 559.0994 988.8111 
450.55081 1099.47902 803.14516 553.28451 1012.6492999999999 948.10405 554.41972 919.5876499999999 993.58195 966.62823 814.63017 1160.90561 1118.2179 413.32864 705.27039 585.3842199999999 0 146.71589 319.85992 564.4268 372.64014 860.27585 868.75054 66.72281000000001 447.23975 994.40841 1063.07133 944.52307 299.08445 450.88214 1039.70066 755.68248 1224.9705 1316.24179 813.10552 380.03192 623.59828 169.7413 553.33693 931.0732 952.41474 49.32236 183.69561 862.29974 643.34125 767.72078 694.20583 914.58348 616.37424 409.02611 961.39348 357.549 675.28597 1098.85112 1491.51221 1187.54212 480.46197 674.55584 547.09396 440.33164 1003.21115 373.15023 820.90003 388.87938 1275.94642 487.27464 784.7004800000001 897.54711 812.28463 1108.5997 732.02691 1351.67091 383.60681 1106.46739 485.22133 1013.04881 177.80299 693.38954 893.10121 347.77834 1080.16251 944.73736 748.26965 1355.68712 305.6157 464.90756 445.99018 967.70068 133.5523 517.33791 1027.66188 235.99731 615.62978 41.15359 1040.36369 1117.21257 110.05576 811.39476 933.44708 1184.94856 
572.83692 1232.12484 939.75772 689.93523 1143.59722 1010.28977 608.48381 1060.86544 1104.49727 1096.26394 905.55363 1269.49297 1254.99409 548.34712 851.67207 672.74929 146.71589 0 335.85103 687.66114 441.26319 885.04936 1008.71573 98.64229 593.95564 1062.77685 1153.40635 1089.27445 379.19846 597.59803 1100.90956 901.59022 1367.7292499999999 1459.10245 920.48301 444.49157 631.64672 240.2984 683.91868 1075.7055 1087.98959 189.79586 178.46257 930.69441 789.59375 909.31035 749.77771 950.88914 683.54016 503.21914000000004 1038.9553700000001 413.84465 802.22985 1231.12912 1628.03015 1327.6713 616.01639 802.14357 682.74475 555.19201 1138.67434 504.27562 888.42343 421.51215 1399.40606 527.14513 875.8692599999999 1042.91534 931.17494 1239.8446 864.23989 1489.66134 383.21534 1239.89374 631.92499 1081.47386 287.179 829.04331 1035.48909 273.64511 1226.84433 1064.83182 814.86693 1493.1715 448.37445 562.49458 513.02911 1103.21434 280.26819 633.27319 1119.16681 163.18439 738.89981 124.21151 1113.68464 1240.9895999999999 135.743 958.1106500000001 1071.54854 1330.4791 
719.32197 1306.2707799999998 775.70688 551.12631 941.16179 681.0683 288.34907 1087.56175 851.14692 1187.00353 610.94995 997.34324 1076.41005 427.55636 827.55911 399.04077 319.85992 335.85103 0 818.09085 689.01109 549.91051 860.60277 349.04175 554.71322 738.51321 845.9032399999999 1078.98531 602.2707 362.87654999999995 771.2772600000001 821.52052 1211.4935 1302.86944 661.0969 152.73704 308.83439 489.60122 514.90944 962.47353 1149.7454599999999 353.75878 234.56931 608.11736 776.83078 946.86856 420.70886 615.0452 366.53447 215.68197 723.10758 77.99362 913.80299 1025.56933 1438.06675 1166.9695900000002 645.44748 609.21732 420.13398 717.35651 957.14543 625.53769 580.92032 161.12277 1162.36692 194.33346 592.26808 1029.1866 1064.52102 1318.17678 950.49401 1310.7851 69.24787 1044.98785 608.8286 757.164 294.14478 898.15828 1054.0087 588.25765 1155.43806 1190.33638 492.88085 1311.34204 404.47731 325.41332 225.89152 1164.71205 330.46059 420.09857 822.0213 181.79963 537.05255 326.65218 792.7068399999999 998.12323 415.07572 931.35316 908.12023 1267.80786 
118.99217 551.15242 713.68708 564.58129 931.98272 1228.70338 926.08496 434.15833 1030.94363 411.59393 1009.9713 1210.98171 960.94507 529.92388 381.0162 822.84835 564.4268 687.66114 818.09085 0 353.9921 1253.92636 720.13884 593.1868000000001 384.48082 1246.16957 1229.08374 511.385 333.29824 666.67895 1310.2487 518.53584 997.24636 1074.14528 922.1482100000001 781.90981 1078.26302 459.65779 626.0690199999999 690.37535 420.06148 515.18753 732.25359 1132.4405299999999 338.11406 304.59265 1036.29901 1272.9812299999999 939.70008 762.60504 1184.19577 881.62396 117.55984 1000.86593 1296.6579700000002 979.71958 247.42116 709.70256 740.21661 139.66202 880.02103 196.18299 1040.38797 846.68438 1217.30103 907.50969 973.30151 481.97897 273.34104 556.6967 194.74393 1152.49704 887.3387200000001 986.04368 346.46427 1262.06067 665.5029 190.94243 424.74193 713.55484 724.44272 380.45788 1044.82605 1161.89588 451.61615 717.88256 790.95529 435.34742 491.09575 690.76761 1183.23623 769.52871 700.5551399999999 592.06187 1268.17 1096.22215 558.6555 444.73927 793.78128 796.77625 
259.03592000000003 878.7080699999999 913.94031 705.68309 1140.37165 1259.19386 889.4811199999999 768.49961 1185.218 730.19524 1082.05325 1366.98775 1204.50075 595.73864 660.15997 856.4898 372.64014 441.26319 689.01109 353.9921 0 1211.56484 949.6729 364.98253 532.29977 1294.2659800000001 1325.23654 837.51467 261.56434 698.38563 1348.79198 771.67969 1270.34001 1354.42739 1035.60148 718.29144 988.55579 207.34891 733.88383 957.28457 758.19361 335.25357 555.29407 1170.42824 606.33618 630.55029 1022.04325 1255.3818 936.30623 728.22762 1247.3314 730.18914 460.0163 1220.00073 1563.62147 1244.3643 434.73244 854.2903299999999 795.39919 230.36125 1105.50661 295.45925 1092.33574 749.06858 1425.24515 838.43676 1045.50694 803.0394899999999 538.79506 876.70168 538.26199 1418.2655399999999 754.86057 1214.59218 534.62615 1312.22112 536.67211 522.59942 756.06763 390.12265 1034.66071 669.92194 1060.23935 1425.84292 473.2449 736.93404 757.90762 771.66686 386.57057 751.49444 1283.67013 573.48055 810.41872 378.91853 1330.93889 1283.25448 311.99084 746.30584 1024.20385 1117.43732 
1181.9035 1633.81677 858.94927 767.57241 898.15905 269.12799 333.68062 1384.18731 717.46776 1546.29342 430.81147 758.61617 1053.60424 744.57275 1106.64347 460.14975 860.27585 885.04936 549.91051 1253.92636 1211.56484 0 947.33406 896.7389800000001 892.24533 339.20616 525.75183 1330.30356 1119.76981 597.59267 323.43236 1027.83713 1213.30539 1291.2386999999999 573.13022 493.85752 258.65871 1025.79954 696.28192 1084.60102 1480.07617 884.60882 707.51481 337.14562 1077.59532 1268.93616 255.65806 126.99679 342.72056 499.07368 392.83221000000003 548.817 1322.0986899999998 958.26231 1338.66774 1163.43721 1025.25248 703.30984 550.154 1188.91871 954.9577 1079.63567 384.26961 471.39647 991.28324 373.91748 467.76526 1282.2686800000001 1477.36016 1651.81953 1330.17087 1255.97532 501.83402 994.63712 946.92804 351.29421 682.6306 1267.70812 1345.27543 1133.71373 1308.27991 1585.5301299999999 267.06484 1250.1142699999998 808.30213 540.64154 469.66415 1493.17058 826.42359 594.92006 526.22365 723.35789 654.10391 872.9635900000001 401.55091000000004 850.36428 961.81005 1186.52949 953.78576 1417.5896699999998 
748.41939 798.18102 91.50089 330.01096 215.89017 775.20589 725.75882 551.53791 378.27437 767.86348 533.89167 533.51791 257.40105 471.86954000000003 351.96058 530.86527 868.75054 1008.71573 860.60277 720.13884 949.6729 947.33406 0 929.16918 443.86344 766.83403 646.21108 451.30652 882.18919 503.15477 823.13825 206.84006 377.97315000000003 455.65738 398.77462 719.31292 926.45391 914.4635 357.18778 139.69482 671.22537 839.55007 909.3935200000001 697.65242 382.90673000000004 512.78089 731.11048 912.7535399999999 666.15509 657.25468 682.4548199999999 937.65933 698.02818 280.73021 626.97525 318.96435 516.46752 266.55341 462.89077 774.83751 160.2803 691.65204 601.75194 812.6969 499.54927000000004 784.2652 517.51017 416.66565 813.04075 819.62018 646.26021 484.4671 901.85122 268.22052 448.81774 767.34254 800.67709 589.92511 512.35855 1190.10605 363.0876 859.36765 680.51696 489.50602 563.63389 543.25115 661.55816 679.1414 735.81441 446.31097 600.64951 962.13751 334.52875 909.90413 741.82354 393.29348 953.257 353.19761 74.53095 471.16496 
474.19463 1133.77401 866.14621 616.59083 1074.13073 996.78742 601.6224199999999 962.46987 1050.24624 998.27059 874.91223 1220.4576 1179.18755 474.73225 756.7919 634.7364 66.72281000000001 98.64229 349.04175 593.1868000000001 364.98253 896.7389800000001 929.16918 0 503.93745 1045.06375 1118.71538 992.29154 292.99863 516.56711 1088.42096 812.35818 1284.8594600000001 1375.95742 870.96305 427.23461999999995 653.59493 157.63362 614.83603 989.28857 989.4584 94.28244 198.3175 912.67786 694.40754 810.66806 740.43649 956.23576 665.71124 460.81275000000005 1014.3948 424.27180999999996 704.96983 1160.49765 1552.47021 1248.13353 519.13247 736.02317 606.33346 464.17944 1064.31609 409.53501 861.84042 425.34251 1337.81954 528.56551 837.826 946.326 836.15934 1143.45619 766.5741800000001 1412.38319 407.94188 1167.91025 551.14289 1063.85989 244.5258 730.42891 937.3803700000001 318.39005000000003 1134.34577 969.58539 797.89782 1416.4971 370.61303999999996 530.59253 488.1103 1004.6892 200.26465 577.60407 1084.16786 220.41294 678.71619 25.56922 1092.4080000000001 1180.80598 66.03397 862.65725 994.22477 1236.73784 
355.60402 765.11007 398.4322 187.80355 624.15551 845.64994 577.32656 536.12621 677.01267 662.2695799999999 625.72011 857.21591 701.26449 269.90099 276.52215 446.18176 447.23975 593.95564 554.71322 384.48082 532.29977 892.24533 443.86344 503.93745 0 861.74603 849.51857 527.55889 452.9937 294.65544 926.21471 308.49133 789.75646 879.45316 545.84718 462.9442 751.66753 471.3478 242.89986 486.9011 608.7446600000001 410.42158 544.4253100000001 749.50952 227.11912999999998 396.85335 664.40654 900.9524 571.4292 424.35808 799.85594 629.32311 432.85053 705.54813 1070.20716 762.82779 156.65616 339.59227 358.63303 376.27427 594.79748 274.25854 656.21901 558.06731 907.84404 578.52439 588.96909 481.44638000000003 587.14029 780.49103 441.22219 926.5047 619.62875 703.35999 56.76245 877.60512 435.70888 378.95502 501.61919 750.58368 635.5027 693.9632899999999 666.64471 932.2705 156.06295 352.02641 467.11536 622.9946299999999 330.89345000000003 309.27276 804.58829 588.72034 319.06144 488.14336 883.93531 765.85803 517.08558 382.49234 516.0760300000001 741.93292 
1202.95403 1520.92237 678.2772 690.46153 648.4755 162.16241000000002 456.05315 1265.88985 426.0197 1459.57353 274.27143 433.37661 789.5865900000001 722.85156 1003.76794 438.60112 994.40841 1062.77685 738.51321 1246.16957 1294.2659800000001 339.20616 766.83403 1045.06375 861.74603 0 186.54567 1188.0242099999998 1201.80164 601.79024 70.52625 890.9111 948.07389 1016.29432 422.99899000000005 619.70819 528.31989 1140.99556 623.09374 891.50925 1377.2505 1003.64465 887.6322 132.41375 992.74234 1179.1561000000002 318.34654 250.90807 379.84178 585.3823 189.25128999999998 769.1928600000001 1286.6337800000001 683.5509999999999 1029.16929 899.30355 999.6769 569.02116 510.20659 1217.5661499999999 711.2963 1105.14136 206.41116 649.31184 675.90319 544.88332 292.48543 1145.22988 1435.15111 1541.50742 1272.68906 957.17444 716.1946 723.08515 904.2283 108.44314 823.7796699999999 1208.43419 1226.42572 1314.52168 1112.11367 1522.76004 323.61593 950.37037 830.95529 560.35468 559.66026 1388.24789 917.81581 558.7067 233.67914000000002 919.32041 553.89899 1019.49453 119.74116000000001 564.87323 1104.2627699999998 1059.61993 735.64899 1211.3682 
1203.37253 1438.20557 586.0999 664.6791 498.84577 306.59749 570.0221799999999 1185.36147 279.6823 1392.73201 248.63259 246.83094 634.80524 732.26386 941.38917 486.27508 1063.07133 1153.40635 845.9032399999999 1229.08374 1325.23654 525.75183 646.21108 1118.71538 849.51857 186.54567 0 1095.63663 1235.2983199999999 630.82039 234.10366 813.5090799999999 790.6693700000001 849.83086 307.5327 710.06475 681.70419 1194.11261 607.2022 778.63709 1303.02668 1064.0268 983.35969 262.56627 941.94956 1117.71668 447.80341 433.49601 479.80571 665.58669 188.3888 889.3355 1252.71043 535.1091 848.32848 749.65653 982.45337 522.29154 533.33552 1221.4193 573.15004 1113.1421 264.98292 758.16133 489.35752 661.48017 283.15511 1057.40437 1393.81891 1459.85426 1226.84092 789.34936 836.57685 565.63286 883.07822 233.08057 904.9441800000001 1163.26109 1146.82085 1397.10382 991.75014 1468.13103 363.21418 774.6308200000001 852.09408 606.13312 640.4325699999999 1312.59133 968.19014 573.77481 47.13347 1021.39273 530.45713 1093.23562 202.09732 378.32756 1172.64274 980.65055 616.96948 1081.59973 
604.70757 346.8745 511.84186 571.85659 644.88506 1200.7767 1049.55242 119.45343 829.58089 343.55223 955.11595 976.97683 594.61138 658.54007 251.4262 874.6412499999999 944.52307 1089.27445 1078.98531 511.385 837.51467 1330.30356 451.30652 992.29154 527.55889 1188.02421 1095.63663 0 810.1333999999999 771.68407 1258.54947 303.34319 563.81948 620.37106 818.17844 974.7696 1244.59332 906.47273 639.69033 333.52356 239.69842 899.50456 1061.36655 1113.69903 307.27025 271.3203 1100.09533 1310.92358 1017.28155 925.78269 1111.22726 1155.8423 425.92785000000003 679.04923 854.27367 564.64866 473.25806 633.88741 788.12853 633.38224 568.91283 613.36722 1010.76633 1064.98364 887.28124 1077.55154 925.71447 126.60328000000001 461.22398 369.81005 338.43409 720.5907199999999 1138.7601399999999 647.3085 475.33274 1198.28523 962.11276 320.77134 158.91755999999998 1186.47473 235.18583 456.24915 1071.8964500000002 732.9292399999999 682.27009 828.19582 943.11377 243.12517 823.79974 748.94398 1049.35721 1110.7326699999999 676.24285 982.5511 1183.75449 822.00482 984.81783 149.50599 498.62108 310.03457 
222.31089 883.83676 841.4237899999999 615.55847 1066.28878 1166.33021 796.86044 752.43571 1101.78617 742.09599 991.12726 1283.1727700000001 1137.90041 508.22829 615.1415 768.5771599999999 299.08445 379.19846 602.2707 333.29824 261.56434 1119.76981 882.18919 292.99863 452.9937 1201.80164 1235.2983199999999 810.1333999999999 0 606.67674 1256.2349 713.35085 1212.0079 1298.05342 948.0481 642.77973 899.79076 138.95273 648.73077 899.71881 752.55529 249.76209 474.98049000000003 1073.59324 552.26409 607.29826 928.96333 1162.72162 855.35824 657.51899 1156.1916099999999 647.27935 450.79034 1147.51492 1501.71489 1183.56099 387.58431999999993 764.08937 704.71077 193.63622 1035.32696 286.80339999999995 1000.23858 661.4588200000001 1350.8946799999999 747.11201 954.8911800000001 771.14023 562.43088 888.69533 525.36121 1356.66014 669.07789 1144.28657 446.9018 1224.11654 448.12833 510.06832 735.56635 387.69007999999997 994.01654 696.2741 967.00742 1363.60312 448.74791 641.58239 685.35715 766.97425 317.97126 661.52351 1194.18577 497.60438 724.48589 303.92623 1238.8417299999999 1204.52557 243.59417 705.99865 954.9384299999999 1082.91182 
607.80435 1047.80633 417.95347 205.86132 593.68995 572.1318 283.7097 807.3847900000001 542.69981 952.28266 384.73092 712.30182 722.08659 234.96759 529.09347 190.71179999999998 450.88214 597.59803 362.87654999999995 666.67895 698.38563 597.59267 503.15477 516.56711 294.65544 601.79024 630.82039 771.68407 606.67674 0 663.76796 486.98512 854.08602 945.63918 363.08754 218.26993 474.28427999999997 564.94787 154.27804 610.07075 892.0902 452.01022 426.65653 492.98841000000004 490.33141 679.30999 370.69005 609.04071 331.80307 159.59652 551.3321100000001 439.98482 725.45009 682.37585 1088.56226 809.72708 428.58718 253.31934 100.70755 620.36169 602.91047 507.78502 395.37908 312.46868 837.96111 306.4531 348.60399 721.3254 880.83977 1064.73756 732.5782 957.52741 399.40857 695.26743 351.41789 617.4398 322.91565 673.5432400000001 769.10717 790.01839 812.91732 987.9374600000001 381.29052 958.8672 360.88052 167.70514 172.45992 905.86671 420.79368999999997 70.76496 594.9458500000001 477.31047 183.76864 490.99789 633.46199 685.85843 554.4095 622.42918 550.64382 926.05264 
1264.23278 1591.15817 748.76856 757.44552 707.14327 91.63616 492.42575 1336.10148 490.63147 1529.00407 310.21839 480.9346 853.81568 784.58473 1073.25275 496.36771 1039.70066 1100.90956 771.2772600000001 1310.2487 1348.79198 323.43236 823.13825 1088.42096 926.21471 70.52625 234.10366 1258.54947 1256.2349 663.76796 0 961.43735 1011.61716 1076.92714 468.36715000000004 661.55827 540.89453 1190.27172 689.53695 961.81154 1447.15904 1051.48084 923.66783 182.64166 1061.37954 1248.38096 351.26077 226.57261 423.42149 632.10155 148.42473 796.29079 1352.81037 745.47793 1081.53123 963.20684 1064.42024 638.43503 571.7345 1278.0581599999998 778.5813 1165.48149 270.04518 682.40341 723.46118 576.9438 344.17555 1215.7561300000002 1502.25684 1611.70026 1340.28206 1015.47991 743.78771 788.04069 969.8936799999999 62.51534 866.44958 1276.10206 1296.63735 1353.71533 1180.60108 1591.16105 291.88901 1006.81175 888.72188 616.12677 602.90523 1458.22402 970.00274 621.20606 259.85087 953.05625 621.87402 1063.06606 100.0177 609.0703100000001 1148.99898 1129.88126 804.8347 1280.31337 
560.40356 630.15098 230.49798 289.74263 422.63986 900.25544 755.79612 413.82750000000004 564.9521100000001 592.7644399999999 656.38603 731.62039 443.35231 394.31174 145.12052 574.39783 755.68248 901.59022 821.52052 518.53584 771.67969 1027.83713 206.84006 812.35818 308.49133 890.9111 813.5090799999999 303.34319 713.35085 486.98512 961.43735 0 498.96246 584.72295 528.46347 705.25505 954.3043700000001 768.77699 344.62783 198.65652 490.04673 718.66043 834.27341 811.80006 180.42178 311.50734 798.44019 1008.7515800000001 717.65214 645.7464 819.83217 899.51388 491.18812 485.3964 792.43367 472.92778 337.9229 333.1632 488.80026 585.66596 363.97239 514.98708 708.86919 799.4538 703.07359 792.53647 624.5425 324.63816 607.22288 650.93835 440.35825 647.02736 874.51344 468.31548 321.26954 902.35409 727.74415 383.21322 374.36337000000003 1052.29226 387.62778 662.15647 770.90846 655.015 464.55428 540.47406 659.4450400000001 505.33267 623.53117 453.61745 766.3756099999999 887.04309 377.73681 796.61776 891.2836 597.0685599999999 824.62414 252.04788 278.05527 503.23700999999994 
1052.34961 874.54484 436.71429 684.53656 315.17335 991.74197 1047.0294 683.17487 522.21134 904.65786 782.54702 582.18448 160.16418 821.14609 618.66289 853.89077 1224.9705 1367.7292499999999 1211.4935 997.24636 1270.34001 1213.30539 377.97315000000003 1284.8594600000001 789.75646 948.07389 790.6693700000001 563.81948 1212.0079 854.08602 1011.61716 498.96246 0 92.07111 643.69282 1065.70803 1242.17801 1260.22224 703.97916 313.13865 800.58876 1193.99646 1267.83564 936.7940199999999 671.03387 724.54637 1022.3923 1154.91082 974.92871 1002.3513 872.3631799999999 1285.9765200000002 942.25234 267.61078 307.72413 170.3836 836.87519 604.76392 802.18883 1080.5090599999999 334.12217999999996 1013.77758 850.39536 1157.29774 389.27848 1121.20509 773.5469 560.59938 1016.45533 897.22662 870.27301 184.33089999999999 1248.01639 225.03651 770.01552 950.13825 1159.52848 829.43093 659.53305 1540.27571 339.9539 1019.76364 955.17856 169.61236 919.3548 888.50479 1003.5653199999999 802.99496 1091.55494 792.14422 754.24659 1320.6053200000001 675.84465 1266.1240899999998 915.03429 416.09954 1304.82567 582.96452 303.4422 415.56858 
1133.83671 912.97388 528.56935 771.77849 394.75345 1064.49614 1134.47157 739.00034 594.0108 955.0798 861.6872500000001 638.00995 239.79543 913.12346 698.7104 942.19677 1316.24179 1459.10245 1302.86944 1074.14528 1354.42739 1291.2386999999999 455.65738 1375.95742 879.45316 1016.29432 849.83086 620.37106 1298.05342 945.63918 1076.92714 584.72295 92.07111 0 725.30787 1156.63501 1328.26868 1349.48638 796.05027 398.34751 860.0694800000001 1284.94543 1359.2175 1012.08052 753.19011 793.59775 1105.38821 1229.40437 1061.39987 1093.1282 941.25444 1377.13209 1013.60593 339.17585 268.83837 136.69303 922.35659 695.62848 890.3456600000001 1162.5113800000001 352.36243 1098.74751 929.0440100000001 1247.87349 414.11044 1205.56804 854.1752 623.2535 1079.14503 935.11815 939.33308 145.44513999999998 1338.87133 296.60158 857.81934 1016.29405 1250.50107 901.39892 718.6668999999999 1630.02794 432.02500999999995 1075.7960600000001 1036.07676 130.7266 1011.4259099999999 979.43177 1093.0809 863.4962300000001 1182.78262 883.24949 817.63405 1411.58496 766.74092 1357.32071 978.83957 471.92501 1396.53874 632.58338 395.09323 394.92949 
901.0941 1152.70699 309.67404 358.26575 330.63967 410.55215999999996 436.6383 897.96827 190.06385 1099.39469 167.59979 349.58991 486.36462 439.86284 641.66832 262.05613 813.10552 920.48301 661.0969 922.1482100000001 1035.60148 573.13022 398.77462 870.96305 545.84718 422.99899 307.5327 818.17844 948.0481 363.08754 468.36715000000004 528.46347 643.69282 725.30787 0 509.18363 611.055 923.09968 304.92377 528.47895 1011.18526 810.751 769.5728 309.73906 637.5376 818.13759 380.57234 524.84715 346.26429 449.03136 341.40782 723.89047 945.60627 447.59515 807.57893 593.88298 675.86432 345.11513 269.76365 919.17716 382.31136 810.82667 216.58783 584.97008 535.94492 514.63082 130.51356 775.81704 1088.00199 1173.5397 921.74286 698.87163 675.33846 432.59883 576.25446 419.35536 674.53337 857.94388 858.50414 1152.78339 751.3054 1166.44498 311.55055 695.66508 564.37246 358.23576 435.26055 1025.28699 700.61527 295.76761 332.29191 816.04324 361.03324999999995 846.3306 369.09866 339.36467 917.42766 696.11483 383.74079 856.26822 
698.26006 1227.7779 632.12054 421.66738 789.99443 569.93855 174.3878 996.86688 699.24748 1119.77771 467.72877 849.97346 927.30605 316.50536 726.05765 247.46297 380.03192 444.49157 152.73704 781.90981 718.29144 493.85752 719.31292 427.23461999999995 462.9442 619.70819 710.06475 974.7696 642.7797300000001 218.26993 661.55827 705.25505 1065.70803 1156.63501 509.18363 0 299.77522 538.64591 372.35148 828.33908 1071.6886100000002 397.30774 273.46364 487.37036 679.4297700000001 859.79731 316.02481 538.79266 239.87211 63.85429 594.4638 221.71489 864.35034 874.27628 1286.87087 1020.1356000000001 608.03 461.00723999999997 269.04982 702.42182 808.51692 596.7728 445.08183 193.02007 1009.79698 126.21536 446.16284 924.11038 1019.9448 1242.82462 888.43573 1161.01778 182.5383 894.24442 519.7066500000001 638.49554 323.10096 830.94569 961.07964 695.13289 1029.72004 1138.73818 384.73052 1161.22547 375.02047 177.20324 297.61753 1085.77332 332.57716 273.87738 679.63068 313.81999 390.38635 401.6654 669.48759 845.55312 490.08768000000003 825.4063 763.0051900000001 1142.67397 
