50
Dt5YfbjQq6VoKnyw6Zav Eu0wGcDBBrgvePzHfqrS m1IYiQsUBuvvpTv7yWXO H59EihDjhfpS7ToXFM3L dKH5OdpmJKCU83bbXVxZ tUowOUG1V7iCXBCMR0AT 5gumrx48u1yPpF6ivPOI gZVNRDm5p6aX5QEEX8UG sH3pvLOfMUrEGUrmsHCu vxiwkV1b5fV2sGCBFsRQ LNMZej67uy0Whvqp5OR1 PZrpdQAa8H8tkrajh08J S8uMGvUglWyhnfV5Wzdp ECCnzlgsMEvTYjNwAlfM Pqf0Sn4UvsBLaxz7WO4n v0QJIKD4q7sFXrzFSb6J tVhIJJgs0kEFaQx1hdWm NMTjl1jsvrb7y2ggdCSc yHMPX8vHctuUweyLluyz 9Jr76N4fnNot7SNYqBKG L8bxdxuDa5issn2PiN3u Kfu1pc3YPMGebW7Iu8ex Z8MZ2JfftjeVVnGFSOQe 93aDiM8K0XhtiVcCVKi2 Jjat3uJ5XboI9kZe0522 48nWZMVqWDxfH9uMf2U3 4bQwji0D4wyEDLd54MWv jgcWqrcniA4q9WNs9xkc uy6RcQAYd3ATM1Icq3my zdtRVpQ9lVyEhNj9Evpp Bc6dudheE3WGLxP0iDdK fmFrd4vggNac5TkiFJAd LxEzX08MG9T8knIYbul0 8KfYYXeMqM0D4nShLOzi nbZglhhmYQAPQz4eETaj W4IxjYZtRN88GGSV9Uoc Z0DuoZMcx6oyDPWFznMK pNXWB5geApaSjbsCCT4J 9GrchmlNCDIapQ9OnEYh EtrZREkmL456viQQJ9Rb XmlH4l2BXG35TF70bZqZ oWxP87H6AXwFzF0dpB9d dOKaHsIcDX32wPXAX2Gt cdaizmjQrCe5Vnwy3JQF zD7ErBenXxsG4D9b5TEV k7k4sHxeh1pR4sOjcVuj yZPIHwySFuIdRJCMzjnz vodEvdIApqt0N3TZsbxN 0uvEfLgT4s8ImTk9VWBt M2S9flVUcYP2sJdh8LXf
0 42608234.93141 21331774.3211 57426300.42129 56338611.69174 35238311.67531 38746361.30969 50499035.41176 54094476.031890005 43072650.82159 18918720.8912 67686907.63475001 64346903.403510004 36996364.12081 59511933.72293 33043579.433130004 39831005.91692 57992521.07766 35183017.35723 37614983.13526 30922754.49514 63960847.5397 43885086.2611 55485624.23069 27508989.289690003 56631145.94225 30788641.20603 53808126.25171 22271751.29417 29667877.38838 63813739.09539 27322763.106140003 29167644.441099998 28206166.34766 45986624.600760005 43050941.56904 66309724.306219995 24417997.52879 40903789.35166 51869991.72211 49990306.472670004 35467205.97813 15425674.38514 43391480.20572 44529698.63966 21429794.61687 63003946.2068 35845033.64437 67138310.87622 54857965.75068 
42608234.93141 0 45648423.21538 74960701.91860999 80568372.19431 37327288.65316 52149519.353939995 64377917.900070004 78411124.92616999 56429190.23331 25572842.80332 92903333.54061 88015797.79146 20940002.86502 85803908.43806 45563851.25674 56143585.99441 56949085.88786 51597117.70545 50751105.00927 43349542.76326 78246863.1065 51723793.74 78839998.20509 39315253.42746 74971876.45041001 41748853.82781 55279689.62398 35664615.69166 64436375.47942001 86365415.53330001 41201645.59445 41241003.019319996 45806329.06483 72102771.03572 44260054.84696 84757676.56269 58036121.58929 51864001.97344 76635289.94535 65381303.413830005 33890044.37811 47341927.59892 50045602.11784001 68381086.01004 27618170.86184 60621598.99088 64130376.450880006 90061493.96425 61521090.27063 
21331774.3211 45648423.21538 0 36094526.10019 49284247.28322 41363888.74825 56001518.31082 52794904.75085 32762701.71079 60327807.82272 21429181.07374 47254910.32523 51739586.17845 51771376.85716 44617515.33918 34392731.44295 44261352.77762 59310872.15942 48832601.70235 47416596.79283 39024910.53467 56906483.13118 36726536.99383 37270463.99369 38840307.37173 49853873.38491 42867318.57106 41583462.082219996 41024481.67665 50999651.70948 42481964.774289995 24712096.53202 42417023.15862 37015270.65117 30170273.11707 49983696.25175 48799204.34712 45749771.84989 52982466.716690004 54395858.70237 51235400.50533 53016050.73007 36757448.70624 45901940.38826001 40004762.7135 35425872.180939995 60904620.361719996 46924378.52726 60497855.555590004 33526191.42958 
57426300.421289995 74960701.91860999 36094526.10019 0 60919461.39629 65300442.14524 85768718.96941 80196684.41152 23933036.50095 88890727.1972 49780102.35354 41170996.94096 57486054.95543 79539592.70164001 49214328.70784 61465157.32315 31291829.90755 74797845.85328001 77530099.58333 58366627.63323 49025499.98283 68541697.24425 60059488.90738 20980751.92935 45470275.93655 39145535.635340005 66428086.10772 62683531.32217 68001798.37561 80043412.34758 17298089.97471 46549649.06963 70026313.64001 60827084.46633 42605711.96112999 63815631.256850004 38909093.1883 51011157.17285 64402055.01105 39440090.43015 69527750.6633 79136444.8601 62448032.04486 25307343.55614 60892624.33205001 47342531.05677 76073831.19566 38646912.50614 55007738.81228 13447504.69669 
56338611.69174 80568372.19431001 49284247.28322 60919461.39629 0 48320974.43471 82799407.78260002 92173379.39536 55127053.280980006 85196081.64945 64002527.58059 53676323.01182 17774467.25283 93027429.88272999 22580976.49599 35004520.937570006 70907602.06236 108446915.07761 71765600.50696 39348602.798549995 77598883.99196 7622235.84796 85864646.44624 53204630.88826 73649241.21443 21960888.17253 43364337.23861 53146870.67847 78302817.05609 63851978.99796 66736323.4171 73996343.81524 85279287.76531 39841934.023040004 26739423.46651 93829522.13207 88385245.49449 38752498.98155 46249918.560310006 26819766.73663 100352657.24697 61412126.393759996 67262040.42168 54221071.49626 37418097.232250005 56479778.54351 109680075.70362 42186725.31983 11213608.27237 47471956.699599996 
35238311.67531 37327288.65316 41363888.74825 65300442.14524 48320974.434709996 0 36687268.39121 67712326.65249 70524966.8906 40858115.04403 46594693.5559 77425607.70759 59826452.95853 58267291.51818 58944903.72759 13316453.49714 63564421.41517 86419150.71709 24930948.23162 13423816.35611 58736483.49851 44555811.86248 71920101.71912 69147230.21541 55544004.74771 45710172.8683 14331088.331559999 33739973.095479995 54916715.295770004 43083789.23577 81383590.67814 55357778.56415999 56981373.44447 8479040.41167 49938188.03458 71085957.02706 89961406.84052 55359843.33581 24446236.47719 55532137.07743 79537436.38354 32378877.486709997 43239403.38851 61894986.52375 34188680.03687 37363365.56644 90817675.21017 49660795.70608 56400123.54424 55858620.18131 
38746361.30969 52149519.353939995 56001518.31082 85768718.96941 82799407.7826 36687268.39121 0 31180501.120360002 88764220.02160999 4326289.5119 45107209.68359 101554331.77491 94508119.17659 31209516.48892 90583552.12747 47794886.84503 68860230.38429 69272451.14231 11756348.19602 49117904.97504 58031505.088700004 80186268.37263 65095340.02221 89672965.50128 53997215.752900004 75265902.60747 42754140.573929995 30295528.6287 24684018.84224 27655676.1283 97748900.47876999 53587466.995440006 32788860.0475 43934997.55613 78057835.97458 57707074.34952 96399790.49075 63164358.838479996 48308662.1991 87767663.72939 59258083.63749 29463421.52336 23320686.92455 60779644.389060006 65876185.56941 43210804.03499 72722761.87568 71678118.59251 92080379.04483 72354057.56682 
50499035.41176 64377917.90007 52794904.75085 80196684.41152 92173379.39536 67712326.65249 31180501.120360002 0 82915144.04054001 26854211.60846 40688403.85986 99911292.38577 100498553.86057 62390017.609280005 95355592.43316 66922808.603149995 55653558.85032 78150014.93980001 42936849.31638 62889299.52959 49374184.571440004 93599522.40455 53599377.632640004 83634142.514 49278672.25835 80169724.27227 58957437.78901 61462545.1986 53354594.77209 38672667.82653 88998521.98246 44428350.974120006 56981257.45546 64809485.708900005 82141449.93595001 64820624.5377 79208173.413 65926922.069639996 69072585.93464 87026978.33572 68608008.7935 58851631.952980004 54501188.04491 65161163.174380004 80684523.97485 37169854.85694 78285974.45868 68701609.52239999 103141947.33852 67525012.64872 
54094476.031890005 78411124.92616999 32762701.71079 23933036.50095 55127053.280980006 70524966.8906 88764220.02160999 82915144.04054001 0 92604253.63096 52975848.97686 20938232.61566 54910973.46863 81898873.29984999 40833495.992750004 59054962.3069 31753950.12388 74847759.10736999 81357130.84401 62193658.893910006 49337404.61283 62020778.9247 51177740.31964 9414347.9912 47829689.15297 41327109.57753 68937290.05308 63255812.94948 71015393.91364 79098008.86873 24237056.07844 49112466.30855 71398960.47846 63892375.39237 36069545.03181 64219875.5437 35989408.51138 52786314.557620004 67597801.11725 36669670.17867 70535557.42424 83295992.50435 65936055.562750004 28503089.66234 60802149.65799 51177455.366160005 74162418.87201999 24643665.378250003 63454978.02595 17274535.95737 
43072650.82159 56429190.23331 60327807.82272 88890727.1972 85196081.64945 40858115.04403 4326289.5119 26854211.60846 92604253.63096 0 40780920.17169 105880621.28681001 98810069.53904 35535806.000819996 94909841.63937001 52096837.20748 71873577.58985001 70893534.66567 16082637.70792 52989359.49606 56476436.27632 84430172.29974 68183384.11033 92719924.47696 58323505.2648 79592192.11937001 47080430.085829996 34608333.59014 26500383.16363 23329386.6164 101545273.96768 56569646.228860006 33791058.0896 48261287.06803 82384125.48648 59523438.67091 98124913.82166 67490648.35038 50502437.05945 92093953.24129 60451752.222969994 33789711.03526 27646976.43645 64101163.96862 70202475.08131 41548196.14043 74664512.38106 76004408.10441001 96384043.13322 75451115.54922 
18918720.8912 25572842.80332 21429181.07374 49780102.35354 64002527.58059 46594693.5559 45107209.68359 40688403.85986 52975848.97686 40780920.17169 0 68684091.39897001 70084511.33339 38793608.57979 64544704.92113 38175181.05395 32816062.91523 48573503.707169995 42163566.01491 39866697.85324 21732647.07359 70929722.56215 34074454.7092 53437530.55146 17698357.73779 49399033.64709 43967701.06412 51872863.25174999 24068995.75315 41405340.01221 61179085.59693 17512131.55424 21764849.79518 38115653.14423 51599454.19081 33240310.01714 60216147.81744 34346607.54908 39581477.650079995 60355410.791700006 41691789.37362 44118361.0919 27163137.00897 24472759.31452 51330498.14208 16403014.532019999 53813838.78525 38557533.64756 74442639.1598 50305933.940809995 
67686907.63475001 92903333.54061 47254910.32523 41170996.94096 53676323.01182 77425607.70759 101554331.77491 99911292.38577 20938232.61566 105880621.28681001 68684091.39897001 0 52553053.64619 99026287.18239 47033084.359290004 64109154.21045 52132115.96572 95649761.71779999 94324284.8259 64087542.53203 69153815.07383999 61298558.859780006 70807296.85463 20190245.01161 66314707.83304 31715434.83929 74038419.90696 76899589.1402 87778499.36452 91657816.18245 35012953.09885 69760389.68111 89110446.54627 68946567.29592 49960608.55558 84384324.10415 56927641.12704 63562211.578030005 70354248.1277 56811427.72248001 90761298.10227 90686580.73374 80221712.71023001 49441322.278 52934676.57172 67641770.86625001 95100651.48767999 39830835.59793 64889931.28419 33826156.9607 
64346903.403510004 88015797.79146 51739586.17845 57486054.95543 17774467.25283 59826452.95853 94508119.17659 100498553.86057 54910973.46863 98810069.53904 70084511.33339 52553053.64619 0 100650281.32254 28019646.65315 46713232.33156 68299718.0316 109960953.97377 83474311.90095 46402844.28759 79537795.65667999 25396703.100789998 86307648.72858 52750380.39323 75866128.86132 20837618.8069 57402693.33692 66021773.107810006 86618654.69768 76062817.16724999 58177249.56035 76231871.89741 91849361.12856999 51550645.41703 31195851.33641 96049256.15408 82487803.15986 45809501.75633 58979391.2729 18241303.28996 102454642.17949 75450482.49207 78721362.97112 53097802.13063 42584707.50361 63663823.80528 111006868.7827 40039180.4341 28988075.5252 44038550.25874 
36996364.12081 20940002.86502 51771376.85716 79539592.70164001 93027429.88272999 58267291.51818 31209516.48892 62390017.60928 81898873.29984999 35535806.000819996 38793608.579789996 99026287.18239 100650281.32254001 0 95164469.77182001 62894130.26627 53001237.02077 39012209.56676 37456797.53747 64904288.41527 34305565.0737 95342135.45554 52742521.850449994 81843594.74102 34828120.84506 86561156.00687 61030589.76844 61505045.11762 14724612.82664 43496372.6144 86658009.80772 47197650.79472999 24384804.86373 65202530.46847001 81579119.65517 29630534.2019 80014820.02414 60462238.26324 52327741.42996 86495643.44636 49453992.00946 54811217.93157 26401924.733900003 57419067.646110006 79018179.8548 46088533.77251 42661222.12454 67239517.97972 104134674.99703 66092088.00495 
59511933.72293 85803908.43806 44617515.33918 49214328.70784 22580976.49599 58944903.72759 90583552.12747 95355592.43316 40833495.99275 94909841.63937 64544704.92113 47033084.359290004 28019646.65315 95164469.77182001 0 45684459.10773 60033251.04817 102436799.88935 82215022.55104 45704905.26639 72321043.1938 30091013.52721 77837787.60955 34526898.1347 69115298.36714 15317649.52 55865189.8631 60501803.82091001 81498562.55335 75364878.14605 47034515.15983 68974126.90504 86309554.71631 50521872.1932 14447242.22211 88629331.29892 74223702.0907 36320020.979200006 56741560.772 9778343.36319 95226741.88624999 73912979.01825 73551688.97288 45273156.19406 37064738.21671 58185737.57622 102567113.8263 31576220.50733 22621482.0332 35766824.01115 
33043579.433130004 45563851.25674 34392731.44295 61465157.32315 35004520.937570006 13316453.49714 47794886.84503 66922808.603149995 59054962.3069 52096837.20748 38175181.05395 64109154.21045 46713232.33156 62894130.26627 45684459.10773 0 59000185.896359995 86193741.13466999 36761079.56939 14764199.23117 57155305.801819995 32754541.5082 67768557.83648 58907008.208100006 53161889.54865 32393719.37116 10689461.00536 33708946.051039994 48197854.95129 44424172.11083 71839000.03477 52333351.85053 57858046.98838 4837413.08547 36807723.41881 70860547.44464 83191935.79007 43565826.04475 20804609.15099 48571072.05991 76336186.37688 28737250.16051 47732585.09447 53351191.95482 24476061.865620002 30325312.23478 88181344.98008 39266417.62178 44517395.07101 52095428.80968 
39831005.91692 56143585.99441 44261352.77762 31291829.90755 70907602.06236 63564421.41517 68860230.38429 55653558.85032 31753950.12388 71873577.58985001 32816062.91523 52132115.96572 68299718.0316 53001237.02077 60033251.04817 59000185.896359995 0 49834527.93545 65318902.3046 68126124.65213 18982469.41229 76833558.88679999 29973162.97989 33705438.9006 18173116.17571 49964457.97567 64844897.809709996 56360122.28951 47776969.32908 62074300.63336 34339121.89425 36556010.029489994 47621805.24217 63837598.98182999 49809848.49543 38356243.46847 28614090.56828 33383467.03163 55549577.66682 50259012.77048001 50399924.35562 75298211.89504999 47832097.63012 18983934.52348 63024425.00186 34410530.34757 51063661.123950005 33068708.856520005 79689234.77995001 24266427.03702 
57992521.07766 56949085.88786 59310872.15942 74797845.85328001 108446915.07761 86419150.71709 69272451.14231 78150014.9398 74847759.10736999 70893534.66567 48573503.707169995 95649761.71779999 109960953.97377 39012209.56676 102436799.88935 86193741.13466999 49834527.93545 0 72783260.82756 88440201.56041 30852058.52316 113188242.32112 26690818.55696 76548092.95677 34886347.85896 89657150.79896 88781162.28369 77237173.77737 46225522.90792 74615567.13593 76575067.96095 36965086.41601 43600198.36002 86198687.42532 88222881.44718 31995896.4577 52783507.63125 69738150.46595 79046892.01795 92670736.76146 10441782.4427 88850794.83303 55272505.4497 57396967.47523 98162275.64407 55868428.89989 62933250.23482 71481741.80827 118102267.7317 66793379.72137 
35183017.35723 51597117.70545 48832601.70235 77530099.58333 71765600.50696 24930948.23162 11756348.19602 42936849.31638 81357130.84401 16082637.70792 42163566.01491 94324284.8259 83474311.90095 37456797.53747 82215022.55104 36761079.56939 65318902.3046 72783260.82756 0 37361556.77902 54454020.692099996 68799423.81625 64470051.24739 81401502.8211 50419731.3563 67634594.69009 30997792.377909996 35260710.564349994 31434654.87935 39100404.658319995 91309559.21833 48671926.73811 40332457.16538 33409988.64329 68081219.92521 64457710.38663 92836446.53829 59601014.886020005 38361340.71321 76990441.34765 64597182.19111 17707073.32734 19757342.97209 53844690.86588 57630024.56014 31454455.83897 75945412.52302 62129098.18246 80561754.46998 64082594.88664 
37614983.13526 50751105.00927 47416596.79283 58366627.63323 39348602.79855 13423816.35611 49117904.975039996 62889299.52959 62193658.893910006 52989359.49606 39866697.85324 64087542.53203 46402844.28759 64904288.41527 45704905.26639 14764199.23117 68126124.65213 88440201.56041 37361556.77902 0 61113154.95846 31726366.95059 72662348.24271 62238030.871 57565055.59103 47157918.60233 22691695.130939998 20316156.73937 57293386.755720004 29659972.87966 72823107.06752001 57378829.40748 57904041.07784 19601612.31664 40164301.07424 72540020.78972 84422925.81329 42549400.16786 12576546.98531 47554646.183019996 79663736.72191 33230814.371179998 45616074.848460004 51671258.44022 26835642.275820002 45089511.46595 89890329.31406 52007784.97848 43488697.60432 44919122.93654 
30922754.49514 43349542.76326 39024910.534669995 49025499.98283 77598883.99196 58736483.49851 58031505.0887 49374184.571440004 49337404.61283 56476436.27632 21732647.07359 69153815.07383999 79537795.65667999 34305565.0737 72321043.1938 57155305.801819995 18982469.41229 30852058.52316 54454020.692099996 61113154.95846 0 82336183.79796 34958445.99003 50668512.78717 4034289.3358 59902399.224980004 61711395.70117 50330099.37564 36693553.487440005 52963154.310499996 53267204.44068 26197912.265819997 28640683.926749997 59128920.842800006 62086514.5335 24217416.62856 47596559.98057 38886091.94279 52206035.38437 62542699.83061 41293840.96586 65788339.15192 34710818.16415 37966403.935770005 68326878.91462 29027572.26631 32081191.71166 40878397.4878 87780147.4401 37734290.43619 
63960847.5397 78246863.1065 56906483.13118 68541697.24425 7622235.84796 44555811.86248 80186268.37263 93599522.40455 62020778.9247 84430172.29974 70929722.56215 61298558.85978 25396703.100789998 95342135.45554 30091013.52721 32754541.5082 76833558.88679999 113188242.32112 68799423.81625 31726366.95059 82336183.79796 0 90921186.59431998 60826866.73622 80183837.58233 29583124.02049 42103318.73639 51677906.04081 80737809.8556 61100785.68334 73971435.37541 77505509.91131 88543789.24802999 36251270.8165 33412522.07442 98527115.00569 95849142.47388 43450091.85517 44302913.9359 34442002.58459 104028813.88462001 56611027.41194 69060497.94834 61843307.34422 34056871.81053 63079853.74298 114417375.50962 49808961.167789996 18835844.12033 55094192.54756 
43885086.2611 51723793.74 36726536.99383 60059488.90738 85864646.44624 71920101.71912 65095340.02221 53599377.632640004 51177740.31964 68183384.11033 34074454.7092 70807296.85463 86307648.72858 52742521.850449994 77837787.60955 67768557.83648 29973162.97989 26690818.55696 64470051.24739 72662348.24271 34958445.99003 90921186.59432 0 51834888.81507 38992735.32583 65955826.50095 72654525.94189 56834410.51632 44052518.05782001 63600602.83642 51347295.2875 16562323.15496 34392326.02073 69401700.98403001 64041814.73732 23261641.94556 34622702.29851 47471094.73915 64547843.01998 68066345.43862 37132600.99966 76758973.84327 48894668.454560004 48533962.61597 76731299.70733 38954981.43863 39440139.53506 46345851.59701 94497315.34954 51359694.51813 
55485624.23069 78839998.20509 37270463.99369 20980751.92935 53204630.88826 69147230.21541 89672965.50128 83634142.514 9414347.9912 92719924.47696 53437530.55146 20190245.01161 52750380.39323 81843594.74102 34526898.1347 58907008.208100006 33705438.9006 76548092.95677 81401502.8211 62238030.871 50668512.78717 60826866.73622 51834888.81507 0 49781177.92969 31912761.58633 68196966.40243 71101552.68539 71749720.26283 78767587.58496 14822708.08724 49570144.6695 72309926.29316 63744421.293570004 37070379.95809 66332308.172110006 43410326.288890004 48535775.28538 71093522.77334 38621158.95539 71868852.09916 82815885.83369 66352278.57673 33725364.919360004 53659850.28304 51221827.34325 76113907.64874 19640590.58632 56612989.01289 17318907.93446 
27508989.289690003 39315253.42746 38840307.37173 45470275.93655 73649241.21443 55544004.74771 53997215.752900004 49278672.25835 47829689.15297 58323505.264800005 17698357.73779 66314707.83304 75866128.86132 34828120.84506 69115298.36714 53161889.54865 18173116.17571 34886347.85896 50419731.3563 57565055.59103 4034289.3358 80183837.58232999 38992735.32583 49781177.92969 0 55868109.889180005 58286894.1942 54364388.71144 32659264.15164 48928864.9747 51951686.22038 26102399.95273 32674973.262549996 55473329.20595 58342836.98412 20183127.29276 46787206.743990004 36733745.72716 48171746.04857 59336955.00395 45328130.30166 61754049.81612 30676528.82835 37157050.699190006 64333462.66145 24993282.93051 36115481.047460005 37539077.85981 84862849.4868 41768579.77199 
56631145.94225 74971876.45041001 49853873.38491 39145535.635340005 21960888.17253 45710172.8683 75265902.60747 80169724.27227 41327109.57753 79592192.11937001 49399033.64709 31715434.83929 20837618.8069 86561156.00687 15317649.52 32393719.37116 49964457.97567 89657150.79896 67634594.69009 47157918.60233 59902399.224980004 29583124.02049 65955826.50095 31912761.58633 55868109.889180005 0 43083180.37652 45184154.30091 73468029.40024 68675870.09757 46735469.67357 55394253.09051 71162973.39237 37231132.45663 29764891.74211 75715618.73402 67382109.07089 51637670.4992 53198328.52215 25095992.88319 81917557.06382 60733751.76662 64632237.65545 32260183.32373 21747088.69671 59600950.347440004 90642423.32699001 46344957.65677 33174496.4449 25698030.93865 
30788641.20603 41748853.82781 42867318.57106 66428086.10772 43364337.23861 14331088.331559999 42754140.573929995 58957437.78901 68937290.05308 47080430.085829996 43967701.06412 74038419.90696 57402693.33692 61030589.76844 55865189.8631 10689461.00536 64844897.809709996 88781162.28369 30997792.37791 22691695.130939998 61711395.701170005 42103318.73639 72654525.94189 68196966.40243 58286894.1942 43083180.37652 0 23019485.04568 53060392.5002 52351668.0106 80637765.88711001 56092202.78693 55802308.65461 5852047.91989 47360309.21324 73828846.47355 90782155.79867 53180525.83446 10115148.14563 54025608.701510005 78340750.85101 18047789.15515 46214315.591170006 47563898.19219 26632232.18223 36361972.43087 90942341.72654 49955878.62714 52836721.142110005 52980581.41103 
53808126.25171 55279689.62398 41583462.082219996 62683531.32217 53146870.67847 33739973.095479995 30295528.6287 61462545.1986 63255812.94948 34608333.59014 51872863.25175 76899589.1402 66021773.107810006 61505045.11762 60501803.82091001 33708946.05104 56360122.28951 77237173.77737 35260710.56435 20316156.73937 50330099.37564 51677906.04081 56834410.51632 71101552.68539 54364388.71144 45184154.30091 23019485.04568 0 48297319.60429999 49976129.61903 75971892.88494 40272087.36136 38637127.56721 28871532.965570003 48835550.02595 66740909.58321 79502346.194 62552293.319979995 32892703.72468 67557539.33513999 66795391.33467 21389645.24587 47203648.67884 37376187.76603 36550639.82573 45393856.000310004 79513577.08708999 51460962.09907 62584612.61036 65235279.675909996 
22271751.29417 35664615.69166 41024481.67665 68001798.37561 78302817.05609 54916715.295770004 24684018.84224 53354594.77209 71015393.91364 26500383.16363 24068995.75315 87778499.36452 86618654.69768 14724612.82664 81498562.55335 48197854.95129 47776969.32908 46225522.90792 31434654.87935 57293386.755720004 36693553.487440005 80737809.8556 44052518.05782001 71749720.26283 32659264.15164 73468029.40024 53060392.5002 48297319.60429999 0 28771759.78776 78160140.88734 32473037.96809 9660192.03709 50477917.64183 68258375.89493 33023055.50728 72278728.55725 45737625.4366 48334412.89272 73305823.90297 35863057.47192 42625271.92511 11677311.90726 42694454.81947 66801449.93383 31363920.94587 49493915.74589 56540969.75875 89410062.17039001 60710682.54953 
29667877.38838 64436375.47942 50999651.70948 80043412.34758 63851978.99796 43083789.23577 27655676.1283 38672667.82653 79098008.86873 23329386.6164 41405340.01221 91657816.18245 76062817.16724999 43496372.6144 75364878.14605 44424172.11083 62074300.63336 74615567.13593 39100404.658319995 29659972.87966 52963154.310499996 61100785.68334 63600602.83642 78767587.58496 48928864.9747 68675870.09757 52351668.0106 49976129.61903 28771759.78776 0 86419013.76838 47284209.70916 38431951.82485 49261585.1963 61280303.81338 61794815.29504 89257643.28617 54085874.91717 42236519.86497 70724620.09975 64182900.90525 56807477.985659994 19343061.68623 56802019.15074 46928781.40086 40284422.99451 77437161.5198 62700002.37355 73133270.36074 68376432.3285 
63813739.09538999 86365415.53330001 42481964.774289995 17298089.97471 66736323.4171 81383590.67814 97748900.47876999 88998521.98246 24237056.078439996 101545273.96768 61179085.59693 35012953.09885 58177249.56035 86658009.80772 47034515.15983 71839000.03477 34339121.89425 76575067.96095 91309559.21833 72823107.06752 53267204.44068 73971435.37541 51347295.2875 14822708.08724 51951686.22038 46735469.67357 80637765.88711001 75971892.88494 78160140.88734 86419013.76838 0 53436770.60175 77296818.46981 75283563.90062 40558913.30099 66553836.5098 38817827.90321 44853113.33074 73937764.61191 41321755.46503 75240987.6834 94592031.99778 74536215.06388 42605433.53084999 68482558.37028 61806903.53977 74437157.78113 34463298.67356 69497870.09603 27903984.13098 
27322763.106140003 41201645.59445 24712096.53202 46549649.06963 73996343.81524 55357778.56416 53587466.995440006 44428350.974120006 49112466.30855 56569646.228860006 17512131.55424 69760389.68111 76231871.89741 47197650.79473 68974126.90504 52333351.85053 36556010.029489994 36965086.41601 48671926.73811 57378829.40748 26197912.265819997 77505509.91131 16562323.15496 49570144.6695 26102399.95273 55394253.09051 56092202.78693 40272087.36136 32473037.96809 47284209.70916 53436770.60175 0 33804985.14984 52839377.82907 54882369.64909 38747443.28706 45064903.13061 42750649.764019996 47985519.86502 59485752.36542 26523303.97331 60196650.68831 35567179.223910004 41984890.868760005 63504924.96333 24807056.74696 56002462.69002 45525337.21677999 84528344.43899 58238287.9616 
29167644.441099998 41241003.019319996 42417023.15862 70026313.64001 85279287.76530999 56981373.44447 32788860.0475 56981257.455460005 71398960.47846 33791058.0896 21764849.79518 89110446.54627 91849361.12856999 24384804.86373 86309554.71631 57858046.98838 47621805.24217 43600198.36002 40332457.16538 57904041.07784 28640683.926749997 88543789.24802999 34392326.02073 72309926.29316 32674973.262549996 71162973.39237 55802308.65461 38637127.56721 9660192.03709 38431951.82485 77296818.46981 33804985.14984 0 54937379.1869 72587296.27569 42683247.544369996 67706556.15042 50639461.14468 55874331.245680004 78073106.44037 33158415.91732 52285463.9622 20575114.19329 46237609.1097 72646128.26323 32695868.12762 40876449.51988 57820355.90864 96207488.95497999 56578808.94332 
28206166.34766 45806329.06483 37015270.65117 60827084.46633 39841934.02304 8479040.41167 43934997.55613 64809485.708900005 63892375.39237 48261287.06803 38115653.14423 68946567.29592 51550645.41703 65202530.46847 50521872.1932 4837413.08547 63837598.98183 86198687.42532 33409988.64329 19601612.31664 59128920.842800006 36251270.8165 69401700.98403001 63744421.29357 55473329.20595 37231132.45663 5852047.91989 28871532.96557 50477917.64183 49261585.1963 75283563.90062 52839377.82907 54937379.1869 0 41575806.462510005 71015281.4853 85814474.99829 47328477.914570004 15967196.06552 52333723.92973 78190487.76968999 23899837.075039998 43631840.7328 53415946.11208 27079765.70842 30509924.51098 90871935.73743999 44103830.70725 48368758.122999996 47379579.76964 
45986624.600760005 72102771.03572 30170273.11707 42605711.96113 26739423.46651 49938188.03458 78057835.97458 82141449.93595001 36069545.03181 82384125.48648 51599454.19081 49960608.555580005 31195851.33641 81579119.65517 14447242.22211 36807723.41881 49809848.49543 88222881.44718 68081219.92521 40164301.07424 62086514.5335 33412522.07442 64041814.73732 37070379.95809 58342836.98412 29764891.74211 47360309.21324 48835550.02595 68258375.89493 61280303.81338 40558913.30099 54882369.64909 72587296.27569 41575806.462510005 0 74350488.5266 62436620.39946 24317689.636210002 44739229.42901 24225585.5853 80786793.32514 64367906.82363 59650201.30375 30825913.97195 46410943.25999 45303545.00253 88728411.56336 23872975.88467 37068724.25531 29158207.26444 
43050941.56904 44260054.84696 49983696.25175 63815631.256850004 93829522.13207 71085957.02706 57707074.34952 64820624.537700005 64219875.5437 59523438.67091 33240310.01714 84384324.10415 96049256.15408 29630534.2019 88629331.29892 70860547.44464 38356243.46847 31995896.4577 64457710.38663 72540020.78972 24217416.62856 98527115.00569 23261641.94556 66332308.172110006 20183127.29276 75715618.73402 73828846.47355 66740909.58321 33023055.50728 61794815.29504 66553836.5098 38747443.28706 42683247.544369996 71015281.4853 74350488.5266 0 50533940.11925 55077023.15052 63713698.327920005 79001313.04072 42437678.9004 75648327.43239 44700367.41454 43537574.23662 82876029.43853 40535235.20986 52482274.75912 57395233.28887 104242874.49309 53934869.10512 
66309724.30622 84757676.56269 48799204.34712 38909093.1883 88385245.49449 89961406.84052 96399790.49075 79208173.413 35989408.51138 98124913.82166 60216147.81744 56927641.12704 82487803.15986 80014820.02414 74223702.0907 83191935.79007 28614090.56828 52783507.63125 92836446.53829 84422925.81329 47596559.98057 95849142.47388001 34622702.29851 43410326.28889 46787206.743990004 67382109.07089 90782155.79867 79502346.194 72278728.55725 89257643.28617 38817827.90321 45064903.13061 67706556.15042 85814474.99829 62436620.39946 50533940.11925 0 61997557.59991 81968086.01231 65052545.47293 56612941.78418 100891991.43987 73079103.5662 46608588.95633 84648296.91515 62519251.086270005 53148622.83544 56029169.7249 93916832.00058 41684078.13224 
24417997.52879 58036121.58929 45749771.84989 51011157.17285 38752498.98155 55359843.33581 63164358.838479996 65926922.06964 52786314.55762 67490648.35038 34346607.54908 63562211.57803 45809501.75633 60462238.26324 36320020.979200006 43565826.04475 33383467.03163 69738150.46595 59601014.88602 42549400.167859994 38886091.94279 43450091.85517 47471094.73915 48535775.28538 36733745.72716 51637670.4992 53180525.834460005 62552293.319979995 45737625.4366 54085874.91717 44853113.33074 42750649.764019996 50639461.14468 47328477.914570004 24317689.636210002 55077023.15052 61997557.59991 0 55125947.15316999 27568198.46637 61740631.77504 59885203.506919995 39843671.91393 51559353.24016 44860903.28386 41641532.741799995 70967283.65445 37474578.907120004 49966107.253920004 42759810.28689 
40903789.35166 51864001.97344 52982466.716690004 64402055.01105 46249918.560310006 24446236.47719 48308662.1991 69072585.93464 67597801.11725 50502437.05945 39581477.650079995 70354248.1277 58979391.2729 52327741.42996 56741560.772 20804609.15099 55549577.66682 79046892.01795 38361340.71321 12576546.98531 52206035.38437 44302913.9359 64547843.01997999 71093522.77334 48171746.04857 53198328.52215 10115148.14563 32892703.72468 48334412.89272 42236519.86497 73937764.61191 47985519.86501999 55874331.245680004 15967196.06552 44739229.42901 63713698.327920005 81968086.01231 55125947.15317 0 60131193.16833 70614329.97821 20654267.38587 56329463.7368 39094711.45491 36747380.32786 46477120.5765 80827193.58091 53179485.78795 56065244.58963 57495669.921849996 
51869991.72211 76635289.94535 54395858.70237 39440090.43015 26819766.73663 55532137.07743 87767663.72939 87026978.33572 36669670.17867 92093953.24129 60355410.791700006 56811427.72248 18241303.28996 86495643.44636 9778343.36319 48571072.05991 50259012.77048001 92670736.76145999 76990441.34764999 47554646.183019996 62542699.83061 34442002.58459 68066345.43862 38621158.95539 59336955.00395 25095992.88319 54025608.701510005 67557539.33513999 73305823.90297 70724620.09975 41321755.46503 59485752.36542 78073106.44037 52333723.92973 24225585.5853 79001313.04072 65052545.47293 27568198.46637 60131193.16833 0 85448398.52306 70089598.42418 64446976.80484 35882651.477180004 46843081.5799 51186912.12388 92804288.53156 21797877.14414 32399825.39639 25992585.73346 
49990306.472670004 65381303.41383 51235400.50533 69527750.6633 100352657.24697 79537436.38354 59258083.63749 68608008.7935 70535557.42424 60451752.222969994 41691789.37362 90761298.10227 102454642.17949 49453992.00946 95226741.88624999 76336186.37688 50399924.35562 10441782.4427 64597182.19111 79663736.72191 41293840.96586 104028813.88462001 37132600.99966 71868852.09916 45328130.30166 81917557.06382 78340750.85101 66795391.33467 35863057.47192 64182900.90525 75240987.6834 26523303.97331 33158415.91732 78190487.76969 80786793.32514 42437678.9004 56612941.78418 61740631.77504 70614329.97821 85448398.52306 0 78488329.39703 44839839.21902 66164548.688140005 89375146.76716 47680563.258710004 73375032.67752 63839560.19241 110486284.60429001 60359008.98944 
35467205.97813 33890044.37811 53016050.73007 79136444.8601 61412126.39376001 32378877.486709997 29463421.52336 58851631.952980004 83295992.50435 33789711.03526 44118361.0919 90686580.73374 75450482.49206999 54811217.93157 73912979.01825 28737250.160509996 75298211.89504999 88850794.83303 17707073.32734 33230814.371179998 65788339.15192 56611027.41194 76758973.84327 82815885.83369 61754049.81612 60733751.766619995 18047789.15515 21389645.24587 42625271.92511 56807477.98566 94592031.99778001 60196650.68831 52285463.9622 23899837.075039998 64367906.82363 75648327.43239 100891991.43987 59885203.506919995 20654267.38587 70089598.42418 78488329.39703 0 37464416.29943 58578738.09368 44680021.33738 41815401.37346 91335315.2324 68003667.78229 70884510.29726 71028370.56618 
15425674.38514 47341927.59892 36757448.70624 62448032.04486 67262040.42168 43239403.38851 23320686.92455 54501188.04491 65936055.562750004 27646976.43645 27163137.00897 80221712.71023 78721362.97112 26401924.733900003 73551688.97288 47732585.094469994 47832097.63012 55272505.4497 19757342.97209 45616074.848460004 34710818.16415 69060497.94834 48894668.454560004 66352278.57673 30676528.82835 64632237.65545 46214315.59117 47203648.67884 11677311.90726 19343061.68623 74536215.06388 35567179.223910004 20575114.19329 43631840.7328 59650201.30375 44700367.41454 73079103.5662 39843671.91393 56329463.7368 64446976.80484 44839839.21902 37464416.29943 0 37458957.46451 58904158.20727 34458062.20169 58417120.83702999 48357431.66796 78475648.69405 49033370.64227 
43391480.20572 50045602.11784001 45901940.38826001 25307343.55614 54221071.49626 61894986.52375 60779644.389060006 65161163.174380004 28503089.66234 64101163.96862 24472759.31452 49441322.278 53097802.13063 57419067.646110006 45273156.19406 53351191.95482 18983934.52348 57396967.47523 53844690.86588 51671258.44022 37966403.935770005 61843307.344220005 48533962.61597 33725364.919360004 37157050.699190006 32260183.32373 47563898.19219 37376187.76603 42694454.81947 56802019.15074 42605433.53084999 41984890.868760005 46237609.1097 53415946.11208 30825913.97195 43537574.23662 46608588.95633 51559353.24016 39094711.45491 35882651.477180004 66164548.688140005 58578738.09368 37458957.46451 0 51570378.18244 40875773.846540004 70047595.64743 14084774.33304 60705300.25647 38754848.25283 
44529698.63966 68381086.01004 40004762.7135 60892624.33205 37418097.232250005 34188680.03687 65876185.56941 80684523.97485 60802149.65799 70202475.08131 51330498.14208 52934676.57172 42584707.50361 79018179.8548 37064738.21671 24476061.865620002 63024425.00186 98162275.64407 57630024.56014 26835642.27582 68326878.91462 34056871.81053 76731299.70733 53659850.28304 64333462.66145 21747088.69671 26632232.18223 36550639.82573 66801449.93383 46928781.40086 68482558.37028 63504924.96333 72646128.26323 27079765.70842 46410943.25999001 82876029.43853 84648296.91515 44860903.28386 36747380.32786 46843081.579900004 89375146.76716 44680021.33738 58904158.20727 51570378.18244 0 43846619.04143 100408070.62628 37485603.8494 26204488.95988 47445119.63536 
21429794.61687 27618170.86184 35425872.180939995 47342531.05677 56479778.54351 37363365.56644 43210804.03499 37169854.85694 51177455.366160005 41548196.14043 16403014.532019999 67641770.86625001 63663823.80528 46088533.77251 58185737.57622 30325312.23478 34410530.34757 55868428.89989 31454455.83897 45089511.46595 29027572.26631 63079853.74298 38954981.43863 51221827.34325 24993282.93051 59600950.347440004 36361972.43087 45393856.000310004 31363920.94587 40284422.99451 61806903.53977 24807056.74696 32695868.12762 30509924.51098 45303545.00253 40535235.20986 62519251.086270005 41641532.741799995 46477120.5765 51186912.12388 47680563.258710004 41815401.37346 34458062.20169 40875773.846540004 43846619.04143 0 61108763.977970004 44627745.70217 67693386.81588 33902919.40879 
63003946.2068 60621598.99088 60904620.361719996 76073831.19566 109680075.70362 90817675.21017 72722761.87568 78285974.45868 74162418.87201999 74664512.38106 53813838.78525001 95100651.48767999 111006868.7827 42661222.12454 102567113.8263 88181344.98008 51063661.123950005 62933250.23482 75945412.52302 89890329.31406 32081191.71166 114417375.50962 39440139.53506 76113907.64874 36115481.047460005 90642423.32699001 90942341.72654 79513577.08708999 49493915.74589 77437161.5198 74437157.78113 56002462.69002 40876449.51988 90871935.73743999 88728411.56336 52482274.75912 53148622.83544 70967283.65445 80827193.58091 92804288.53156 73375032.67752 91335315.2324 58417120.83702999 70047595.64743 100408070.62628001 61108763.977970004 0 72959589.19946 118644283.90059 66968318.52396 
35845033.64437 64130376.450880006 46924378.52726 38646912.50614 42186725.31983 49660795.70608 71678118.59251 68701609.52239999 24643665.378250003 76004408.10441 38557533.64756 39830835.59793 40039180.4341 67239517.97972 31576220.50733 39266417.62178 33068708.856520005 71481741.80827 62129098.18246 52007784.97848 40878397.4878 49808961.16779 46345851.59701 19640590.58632 37539077.85981 46344957.65677 49955878.62714 51460962.09907 56540969.75875 62700002.37355 34463298.67356 45525337.21677999 57820355.90864 44103830.70725 23872975.88467 57395233.28887 56029169.7249 37474578.907120004 53179485.78795 21797877.14414 63839560.19241 68003667.78229 48357431.66796 14084774.33304 37485603.8494 44627745.70217 72959589.19946 0 53400333.592199996 35763699.81278 
67138310.87622 90061493.96425 60497855.555590004 55007738.81228 11213608.27237 56400123.54424 92080379.04483 103141947.33852 63454978.02595 96384043.13322 74442639.1598 64889931.28419 28988075.5252 104134674.99703 22621482.0332 44517395.07101 79689234.77995001 118102267.7317 80561754.46998 43488697.60432 87780147.4401 18835844.12033 94497315.34954 56612989.01289 84862849.4868 33174496.4449 52836721.142110005 62584612.61036 89410062.17039001 73133270.36074 69497870.09603 84528344.43899 96207488.95497999 48368758.122999996 37068724.25531 104242874.49309 93916832.00058 49966107.253920004 56065244.58962999 32399825.39639 110486284.60429001 70884510.29726 78475648.69405 60705300.25647 26204488.95988 67693386.81588 118644283.90059 53400333.5922 0 58388306.04435 
54857965.75068 61521090.27063 33526191.42958 13447504.69669 47471956.699599996 55858620.18131 72354057.56682 67525012.64872 17274535.95737 75451115.54922 50305933.940809995 33826156.9607 44038550.25874 66092088.00495 35766824.01115 52095428.80968 24266427.03702 66793379.72137 64082594.88664 44919122.93654 37734290.43619 55094192.54756 51359694.51813 17318907.93446 41768579.77199 25698030.93865 52980581.41103 65235279.675909996 60710682.54953 68376432.3285 27903984.13098 58238287.9616 56578808.94332 47379579.76964 29158207.26444 53934869.10512 41684078.13224 42759810.28689 57495669.921849996 25992585.73346 60359008.98944 71028370.56618 49033370.64227 38754848.25283 47445119.63536 33902919.40879 66968318.52396 35763699.81278 58388306.04435 0 
