25
uYmver98TgwbkIsM8XgU WEpQsV1SPLNjRDFxWGJw Z6746tUNXH05XsKVq5bc QGzcn6XPemZ0IhmCJCmq YzWX8RqUW0YPFsebUKYP BFat56YSkekx77JCOMI4 Fa64KRccvM4rqOgxBKtu Hxhi6IYOb3B8uxHbGYVt gGXF4imn3IOLlYGD81XA cC9SZGtAtirSBnbvLWzt SI1jqone3x4IZwZ6qVW6 gj1PIUxoUprs5rKMLNpv Af4sQnaDf5G2yrOfmk45 5JVto9dbOz4Lu3AeAOZD QBaUzVWA62rnfcsnEShZ 98jc4TOf5CFD5ooRLXKs UoiNiYnewh16WNDFqvYW ip0vmcqzxYgrY2Mc3Bu9 RnnCc8OgQLqPe5HvvbS3 zs8puphf0SbuOBS6XpM9 ZBTm8fkarNXg3vLUAnt8 QUmdpeJNwq8Od3rclrVL mMagcNSN7U8s7oy3e0j4 gX6xMy6pWnenI68kwgcu ZfI6StUliqd8YxBr0zVp
0 74652126.73495 47261708.33821 40191460.69578 87056507.836 62442095.280430004 43576268.36601 58823379.82526 98316022.88835 54541424.35267 46555736.86474 46440803.17644 78863155.86019 21599556.23972 97633433.3015 67643583.24144 76790812.00104 26924240.66944 81956721.8104 16476392.10642 70539998.02748 73202214.0448 46871078.50568 15814816.8265 59315700.44868 
74652126.73495 0 43571242.67473 64528073.70153999 91981516.37900001 102773574.53935 62248811.46733 95719169.92991 77486333.67460999 58872979.77264 41842346.69316 99161036.20111 43856775.34964 69233394.77322 71030517.8745 20754500.31646 54627448.36957 68623583.19155 35570913.66935 58175734.62853 62028978.11653 41368395.35513 79724719.60472 88682295.49976 70387649.72686 
47261708.33821 43571242.67473 0 35959118.47251 76493849.38089001 60315217.42809 64553771.72276 57625015.2425 65305218.68531 62473393.8663 20181115.63583 70878027.91731 43178606.87976 25662152.09849 69398741.22933 41268962.01253 42537994.92988 49207813.64538 47163581.16586 49726051.577750005 44165376.79857 40653680.15575 41630564.91731 58499104.37743 29553513.15755 
40191460.69578 64528073.70153999 35959118.47251 0 102336338.14487001 61118067.4713 29863708.16745 57568525.02756 68740535.42713 26514275.39379 22685727.00838 70609570.15038 57744583.87953 18591904.45606 73976782.88338 43773573.385079995 68734790.74025999 46515735.86402 60962763.10284 47483542.92484 46669988.17112 63405525.694919996 43863426.72202 56006277.52228 65512631.63006 
87056507.836 91981516.37900001 76493849.38089 102336338.14487001 0 91476441.59264 118384334.53719 77322087.9531 108840523.48681 116537077.84161 86126391.36185999 75475149.48865 56832056.33404 102156001.47938 96752884.91755 96278816.25122 77581271.13234 105589619.81367 65117918.01433 95141771.25064999 93383167.92873 62492998.14943 79714558.29333 93315584.45635 101674229.57764 
62442095.28043 102773574.53935 60315217.42809 61118067.4713 91476441.59264 0 87777116.83049 90934574.07733 125620436.1134 81774663.07788 80371259.48087001 16001292.10399 94607872.49249001 68018957.79831 129713958.65742001 101459105.85757 101605180.20758 81053418.2704 102893734.17278 77133839.32516 104355520.64361 88946930.6771 74940123.75214 46627278.45393 63010860.10032 
43576268.366009995 62248811.46733 64553771.72276 29863708.16745 118384334.53719 87777116.83049 0 69144504.76671 94012778.55409 50843614.53166 52549435.17583 81704153.86298 87541959.67853999 46950560.198709995 91836899.56154001 41560882.0035 85013608.95278999 16652027.69657 90355106.74301 27099876.25959 57002954.88058 87300872.87827998 72222082.46467 53574166.20288 92640425.30663 
58823379.82526 95719169.92991 57625015.2425 57568525.02756 77322087.9531 90934574.07733001 69144504.76671 0 114859349.08142999 80683941.2313 63287549.58658 74933281.97334 87566485.30493 41265972.59115 114578605.46158001 75594597.17793 92000463.77639 52492477.07014 95246630.3187 42346987.71884 87271810.74932 81905543.48954 15994450.32519 72853548.59007001 53488322.63545 
98316022.88835 77486333.67460999 65305218.68531 68740535.42713 108840523.48681 125620436.1134 94012778.55409 114859349.08142999 0 89658562.51662 60994084.83625 123046476.87378 67739683.32352999 76716466.64863 107660511.90703999 81783633.54683 71486455.47738 98497110.86372 76025545.00381999 88049262.3007 37009823.67351 73400625.13892 101987988.91459 113842699.23539 82941372.90093 
54541424.35267 58872979.77264 62473393.8663 26514275.39379 116537077.84161 81774663.07788 50843614.53166 80683941.2313 89658562.51662 0 48938455.82471 92703616.3375 83997312.69586 44629364.81383 100229511.69971 70026302.20141 79872327.77496 62974491.66072 84497914.01094 71017816.45909 72922716.98745 84979677.4934 69900887.07979 69570463.53134 89935081.93907 
46555736.86474 41842346.69316 20181115.63583 22685727.00838 86126391.36186 80371259.48087001 52549435.17583 63287549.58658 60994084.83625 48938455.82471 0 73322690.50862 35058856.87115 41277631.46444 51291055.875 21087846.3767 52170536.91085 69201462.8724 38606045.87506 59358593.55872 23984261.16274 40719798.68654 49203969.9955 62370553.69124 49734628.79338 
46440803.17644 99161036.20111 70878027.91731 70609570.15038 75475149.48865 16001292.10399 81704153.86298 74933281.97334 123046476.87377998 92703616.3375 73322690.50862 0 91032920.91828 52017665.69432 124613746.38362 94410536.88532 100187591.56874 65052126.16641 99318782.59857 61132547.22116999 96376957.67986 94618956.93646999 58938831.64815 30625986.34994 66884025.84684 
78863155.86019 43856775.34964 43178606.87976 57744583.87953 56832056.33404 94607872.49249001 87541959.67853999 87566485.30493 67739683.32352999 83997312.69586 35058856.87115 91032920.91828 0 68840758.97825 39920828.58351 55177976.08794 44880798.01849 74955257.38692 8285861.68029 85403105.94994001 42243575.74055 5660941.81539 76454327.90346 89884574.31151 60933818.19727 
21599556.23972 69233394.77322 25662152.09849 18591904.45606 102156001.47938001 68018957.79831 46950560.198709995 41265972.59115 76716466.64863 44629364.81383 41277631.46444 52017665.69432 68840758.97825 0 92568687.33944 62365477.84114 68200147.02837 48523796.909159996 61042829.43609 38075948.34614 65261892.62718 66315832.25423999 25271522.26596 37414373.06622 55215665.25604 
97633433.3015 71030517.8745 69398741.22933 73976782.88338 96752884.91755 129713958.65742001 91836899.56154001 114578605.46158001 107660511.90704 100229511.69971 51291055.875 124613746.38362 39920828.58351 92568687.33943999 0 50276017.55804 84801626.602 97643568.27421 48206690.263799995 87195719.71119 75275317.03773999 45581770.398899995 100495025.8705 113448250.12799999 98952254.38688001 
67643583.24144 20754500.31646 41268962.01253 43773573.385079995 96278816.25122 101459105.85756999 41560882.0035 75594597.17793 81783633.54683 70026302.20141 21087846.3767 94410536.88532 55177976.08794 62365477.841139995 50276017.55804 0 58924748.24179 58212909.70007 56325413.98581 60095590.76725 45072107.53944 60838917.90333 70291816.3722 83458400.06794 70822475.17008 
76790812.00104 54627448.36957 42537994.92988 68734790.74026 77581271.13234 101605180.20758 85013608.95278999 92000463.77639 71486455.47738 79872327.77496 52170536.910849996 100187591.56874 44880798.01849 68200147.02837 84801626.602 58924748.24179 0 68361581.25622 53166659.69878 78809429.81924 56029099.9193 49134181.46699 78556325.27295 92605628.82754 61420766.44756 
26924240.66944 68623583.19155 49207813.64538 46515735.86402 105589619.81367 81053418.2704 16652027.69657 52492477.07014 98497110.86372 62974491.66072 69201462.8724 65052126.16641 74955257.38692 48523796.90916 97643568.27421 58212909.70007 68361581.25622 0 78699373.99423 10447848.56302 73654982.57715 80616199.20231001 68486927.39533 40954409.43425 75988397.61006 
81956721.8104 35570913.66935 47163581.165860005 60962763.10284 65117918.01433 102893734.17278 90355106.74301 95246630.3187 76025545.00382 84497914.01094 38606045.87506 99318782.59857 8285861.68029 61042829.43609 48206690.263799995 56325413.98581 53166659.69878 78699373.99423 0 85218100.52141 50529437.420839995 13946803.49568 83181911.50893 96331390.04815 52647956.51698 
16476392.10642 58175734.62853 49726051.577750005 47483542.92484 95141771.25064999 77133839.32516 27099876.25959 42346987.71884 88049262.3007 71017816.45909 59358593.55872 61132547.22116999 85403105.94994001 38075948.34614 87195719.71119 60095590.76725 78809429.81924 10447848.56302 85218100.52141 0 74554862.94257 82211209.16598 58341438.04403 30506560.87123 65540549.04704 
70539998.02748 62028978.11653 44165376.79857 46669988.17112 93383167.92873 104355520.64361 57002954.88058 87271810.74932 37009823.67351 72922716.98745 23984261.16274 96376957.67986 42243575.74055 65261892.62718 75275317.03773999 45072107.53944 56029099.9193 73654982.57715 50529437.420839995 74554862.94257 0 47904517.555939995 73188231.15823999 86354814.85398 71289970.36246 
73202214.0448 41368395.35513 40653680.15575 63405525.69492 62492998.14943 88946930.6771 87300872.87828 81905543.48954 73400625.13892 84979677.49340001 40719798.68654 94618956.93647 5660941.81539 66315832.25424 45581770.398899995 60838917.90333 49134181.466989994 80616199.20231001 13946803.49568 82211209.16598 47904517.555939995 0 82115269.71884999 87484948.84914 66594760.01266 
46871078.50568 79724719.60472 41630564.91731 43863426.72202 79714558.29333 74940123.75214 72222082.46467 15994450.32519 101987988.91459 69900887.07979 49203969.9955 58938831.64815 76454327.90346 25271522.26596 100495025.8705 70291816.3722 78556325.27295 68486927.39533 83181911.50893 58341438.04403 73188231.15823999 82115269.71885 0 62018640.688030005 66755671.0556 
15814816.8265 88682295.49976 58499104.37743 56006277.52228 93315584.45635 46627278.45393 53574166.20288 72853548.59007001 113842699.23539 69570463.53134 62370553.69124 30625986.34994 89884574.31151 37414373.06622 113448250.12799999 83458400.06794 92605628.82754 40954409.43425 96331390.04815 30506560.87123 86354814.85398 87484948.84914 62018640.688030005 0 67158133.38582 
59315700.44868 70387649.72686 29553513.15755 65512631.63006 101674229.57764 63010860.10032 92640425.30663 53488322.63545 82941372.90093 89935081.93907 49734628.79338 66884025.84684 60933818.19727 55215665.25604 98952254.38688001 70822475.17008 61420766.44756 75988397.61006 52647956.51698 65540549.04704 71289970.36246 66594760.01266 66755671.0556 67158133.38582 0 
