25
1 2 3 4 5 6 7 8 9 10 11 12 13 14 15 16 17 18 19 20 21 22 23 24 0
0 159.0 200.0 151.0 232.0 247.0 124.0 154.0 192.0 193.0 89.0 283.0 216.0 87.0 175.0 183.0 134.0 193.0 207.0 244.0 220.0 145.0 210.0 186.0 240.0 
159.0 0 153.0 131.0 80.0 203.0 105.0 135.0 315.0 172.0 184.0 290.0 197.0 182.0 156.0 215.0 120.0 149.0 121.0 200.0 184.0 141.0 174.0 212.0 196.0 
200.0 153.0 0 77.0 164.0 129.0 149.0 119.0 236.0 157.0 151.0 210.0 181.0 154.0 140.0 157.0 66.0 7.0 112.0 146.0 130.0 87.0 120.0 154.0 72.0 
151.0 131.0 77.0 0 87.0 124.0 100.0 70.0 212.0 82.0 74.0 225.0 132.0 116.0 91.0 133.0 17.0 70.0 87.0 121.0 103.0 62.0 93.0 130.0 117.0 
232.0 80.0 164.0 87.0 0 211.0 185.0 157.0 299.0 151.0 161.0 273.0 219.0 203.0 139.0 135.0 104.0 157.0 174.0 181.0 190.0 149.0 180.0 132.0 204.0 
247.0 203.0 129.0 124.0 211.0 0 196.0 166.0 308.0 164.0 198.0 316.0 228.0 232.0 182.0 229.0 113.0 122.0 153.0 193.0 70.0 134.0 80.0 226.0 189.0 
124.0 105.0 149.0 100.0 185.0 196.0 0 30.0 232.0 69.0 79.0 185.0 92.0 77.0 51.0 112.0 83.0 142.0 87.0 171.0 165.0 134.0 155.0 109.0 189.0 
154.0 135.0 119.0 70.0 157.0 166.0 30.0 0 202.0 39.0 109.0 155.0 62.0 107.0 21.0 123.0 53.0 112.0 57.0 141.0 139.0 104.0 129.0 120.0 159.0 
192.0 315.0 236.0 212.0 299.0 308.0 232.0 202.0 0 241.0 280.0 91.0 264.0 279.0 223.0 185.0 201.0 243.0 212.0 260.0 260.0 246.0 270.0 182.0 205.0 
193.0 172.0 157.0 82.0 151.0 164.0 69.0 39.0 241.0 0 148.0 152.0 101.0 146.0 18.0 150.0 92.0 150.0 51.0 102.0 125.0 142.0 115.0 147.0 175.0 
89.0 184.0 151.0 74.0 161.0 198.0 79.0 109.0 280.0 148.0 0 264.0 171.0 42.0 130.0 191.0 91.0 144.0 161.0 195.0 177.0 100.0 167.0 188.0 191.0 
283.0 290.0 210.0 225.0 273.0 316.0 185.0 155.0 91.0 152.0 264.0 0 217.0 243.0 134.0 256.0 208.0 217.0 203.0 254.0 277.0 259.0 267.0 259.0 138.0 
216.0 197.0 181.0 132.0 219.0 228.0 92.0 62.0 264.0 101.0 171.0 217.0 0 169.0 83.0 129.0 115.0 174.0 119.0 203.0 198.0 166.0 189.0 132.0 221.0 
87.0 182.0 154.0 116.0 203.0 232.0 77.0 107.0 279.0 146.0 42.0 243.0 169.0 0 128.0 189.0 133.0 161.0 164.0 207.0 213.0 98.0 203.0 186.0 208.0 
175.0 156.0 140.0 91.0 139.0 182.0 51.0 21.0 223.0 18.0 130.0 134.0 83.0 128.0 0 132.0 74.0 133.0 69.0 120.0 143.0 125.0 133.0 129.0 180.0 
183.0 215.0 157.0 133.0 135.0 229.0 112.0 123.0 185.0 150.0 191.0 256.0 129.0 189.0 132.0 0 122.0 164.0 149.0 181.0 208.0 167.0 198.0 3.0 222.0 
134.0 120.0 66.0 17.0 104.0 113.0 83.0 53.0 201.0 92.0 91.0 208.0 115.0 133.0 74.0 122.0 0 59.0 76.0 110.0 86.0 51.0 76.0 119.0 106.0 
193.0 149.0 7.0 70.0 157.0 122.0 142.0 112.0 243.0 150.0 144.0 217.0 174.0 161.0 133.0 164.0 59.0 0 105.0 139.0 123.0 80.0 113.0 161.0 79.0 
207.0 121.0 112.0 87.0 174.0 153.0 87.0 57.0 212.0 51.0 161.0 203.0 119.0 164.0 69.0 149.0 76.0 105.0 0 122.0 104.0 97.0 114.0 146.0 130.0 
244.0 200.0 146.0 121.0 181.0 193.0 171.0 141.0 260.0 102.0 195.0 254.0 203.0 207.0 120.0 181.0 110.0 139.0 122.0 0 174.0 131.0 164.0 178.0 164.0 
220.0 184.0 130.0 103.0 190.0 70.0 165.0 139.0 260.0 125.0 177.0 277.0 198.0 213.0 143.0 208.0 86.0 123.0 104.0 174.0 0 115.0 10.0 205.0 170.0 
145.0 141.0 87.0 62.0 149.0 134.0 134.0 104.0 246.0 142.0 100.0 259.0 166.0 98.0 125.0 167.0 51.0 80.0 97.0 131.0 115.0 0 105.0 164.0 127.0 
210.0 174.0 120.0 93.0 180.0 80.0 155.0 129.0 270.0 115.0 167.0 267.0 189.0 203.0 133.0 198.0 76.0 113.0 114.0 164.0 10.0 105.0 0 195.0 160.0 
186.0 212.0 154.0 130.0 132.0 226.0 109.0 120.0 182.0 147.0 188.0 259.0 132.0 186.0 129.0 3.0 119.0 161.0 146.0 178.0 205.0 164.0 195.0 0 219.0 
240.0 196.0 72.0 117.0 204.0 189.0 189.0 159.0 205.0 175.0 191.0 138.0 221.0 208.0 180.0 222.0 106.0 79.0 130.0 164.0 170.0 127.0 160.0 219.0 0 
