101
B G I L M P R T U V X Y Z AB AF AG AH AJ AM AN AS AW AX BA BB BE BF BG BI BJ BL BO BP BQ BR BX BY CB CE CF CJ CK CM CQ CT CW CY DB DC DG DH DI DK DP DR DS DV DX DZ EA EC ED EG EH EJ EK EL EM EN EO EQ EU EV EZ FD FE FG FH FI FJ FM FO FP FR FS FU FV FX FZ GC GD GE GF GG GI GJ GK GL GO GR K
0 1344451470.8417501 1135278503.02581 1097738121.7778 412992533.06685 1462555067.06146 626795367.15664 1356563494.68554 604162587.8928599 1192723685.16512 1022650416.6832399 920394725.9260199 786345647.37884 1107618469.00092 946745713.49471 922223324.44092 530354106.56318 1018722426.99423 299470732.4894 673669840.39 784413406.96189 508045185.00294 1235907621.11019 1263323051.61734 1078743674.58278 1371104825.49434 436071919.10898 844324789.20255 1456581375.99294 301419531.11979 441776372.09905 1397100312.48216 1582077940.03487 1005301971.83543 1308541637.23849 435641182.71369994 1383655630.16342 1329927083.05764 880115151.43989 306723799.64911 1294396437.10621 1261652238.81875 766554345.32619 1231681035.64909 1109766257.84724 1139807188.24188 715400549.80211 1478574305.97508 645798080.4281 553315193.50801 833457962.36109 661335387.63924 779494792.07709 509047216.12052 948539786.4883599 784043805.37103 372474274.88432 1618789850.04464 1143643130.1161 1781289564.15263 1539583820.02266 884598468.84494 848994260.06611 894461890.5106599 294146907.91295 1285745857.31675 519909154.02702 1725317405.25285 228312215.15642 707156692.2844799 942690761.24391 553658944.48403 733212091.9709 998393311.8138101 257505680.50626 1426381140.39357 1464505317.06361 1245533892.7989898 1130825461.60427 1472225325.66803 1008837392.18633 1365351135.80389 787010394.22805 1378698685.85995 186884876.25677997 963477674.68225 1283704046.94497 999721375.88307 1162071859.28346 830025490.38669 218489073.69632 1214363491.32696 1049677554.37852 980289483.95528 1297983681.80828 1411127011.02859 1250444936.58772 473039782.25774 991954564.63199 604102129.60837 98885786.89524 
1344451470.84175 0 443698303.81478 1482463901.83705 931478433.05408 648458270.08363 874107278.91931 399520142.71902 766463914.04635 266875500.66 1461055635.9068599 508099433.67156 580135539.8566899 701373555.54313 1268886055.28728 1178867770.55896 948328637.39913 516334238.57087 1186775924.37523 673120910.00524 721326703.69142 932325646.11281 290240615.24763 81128419.22441 1395281897.06459 165659838.6443 1065146960.12742 719906221.81193 810132485.84173 1138812202.52244 918464415.1816299 505349341.89075 744705796.88207 1149184562.77601 1046475548.3489 1158080054.51779 183514141.49503002 148346992.05699 682222048.55344 1117718811.49953 1099236129.777 1252987714.60857 948381096.79297 929475687.0773399 561252262.43188 1401084757.68748 1330254314.57835 752491177.44957 698834386.02251 888370946.12163 539191563.25793 793883457.81784 674517453.41655 1168405164.50129 973820392.82354 571284325.1637 1078495047.76412 793103935.75716 645018060.15332 879316653.9815 645652470.13029 1401955279.74994 1105800577.82506 885524390.25508 1266237634.33511 326849614.32012 852671282.26448 802065249.0452499 1182409776.0436 1070756997.93202 603381894.5412099 1036883157.1944201 1156005165.11412 873220072.57313 1130245811.9576402 434907543.32272 957928099.7188101 1121291944.72412 224251551.33906 696865383.24639 733784096.38073 269395390.36668 664428837.75976 993540375.72342 1383160821.9093099 881255756.39872 335023629.88329 970529661.62383 194715633.31528 1365074669.99714 1291565263.51935 517278199.92621005 457587908.3325 1153361935.6642 639224108.64599 662809261.3429 927496865.49534 1104803220.59466 352637662.09279 984289280.14613 1381981098.28272 
1135278503.02581 443698303.81478 0 1044668158.48133 766503093.90875 373816431.68168 581190384.46746 783184346.27742 690614788.9644 235815147.88181 1028323151.84327 341174238.63727 387273118.27698 257675251.72835 837291940.0312 748801497.87507 639378956.44243 690595765.62316 1041133944.8568 519894227.44571 461592637.93568 644506662.913 213614274.88115 408508537.44038 959213409.7430501 341131511.78139 759976920.63253 329271153.07306 465767434.98289 868265089.41079 697758316.26619 530560718.22354 501645950.86099 710057557.94125 618773148.72947 835018036.91183 358929891.25215 512064389.82729 287552280.9163 997246152.49698 665800463.35794 814541561.66765 566885713.62586 491029534.13642 386938057.80619 963323715.5482 934023529.90357 444590367.36543 568902007.72759 834129194.58489 373760198.90022004 793217280.38686 722200899.70717 821870924.5237 538682984.23383 402000049.85165 796896345.97293 548560810.96061 206571907.2124 694644846.3443 430867987.71469 980430475.91934 697389322.92242 462079110.43323 972011106.18433 673266441.93155 757026635.21154 625492708.94818 949140074.04922 683766178.50226 212430889.74081 691610666.10924 753929636.5457 457868338.35893 912392393.25373 291102637.36776 591422368.64885 682617604.55901 420077207.338 404314145.33373 360447664.62646997 676403091.80529 413325787.55214 570912085.52623 1184190040.80927 444803351.11597 478924509.11989 541314086.52627 555232398.06988 947582941.35916 1031420650.37588 801421010.3263199 358224875.94952 716540096.72482 248286990.36492 432578155.77678 498875091.27001 780567071.17904 380455052.31551 632976708.8637 1199606938.74004 
1097738121.7778 1482463901.83705 1044668158.48133 0 1078490410.42528 1088226499.00087 821090437.13361 1759616195.1944 1221149256.90573 1268204789.86066 251520823.42567 1013672113.97633 1058260268.05929 803211317.0789 246984045.74921 312024115.84548 774951504.96 1532401816.82442 1200736002.3924599 1089708326.00766 826482911.7688501 824772925.37153 1257220817.75649 1433516881.76838 90626682.44883 1383274901.01092 759732329.44031 804460387.82457 950583797.7876401 858327465.40417 971834193.06582 1137720539.21731 1140102967.69869 334763795.76816 608400162.89305 698401679.15977 1401088737.54335 1536793456.82665 830925272.29504 1245042234.91961 552998545.84192 386267442.64315 585431012.99722 660107525.66967 930586526.2221199 131572855.42398 382337571.97569 1022063051.59064 1122928943.73555 1312894768.65354 1055597888.69262 1365637484.2182598 1398293127.4725 619167244.08396 508753634.87496 1079429280.26631 822473059.26213 1141632366.78777 867746145.46965 1278623575.06397 1170978797.12555 241035822.22219002 402532404.13081 631293327.32244 805601630.58641 1650388280.20888 1207022401.44834 1269567562.59272 973541524.18041 515454523.07719 897971907.55767 665392061.34433 432071847.62425005 611376406.92864 967613326.56776 1226723328.70662 836489702.8457 488654878.7947 1389560927.7718 1058680954.79184 750433998.2565401 1680934780.96184 898953936.09576 735159508.17337 1145950620.56784 605036741.07591 1231829061.65242 514673776.11545 1411773271.3481 267863543.42435 917324367.42642 1711797646.64598 1026239570.17501 357153525.07332003 970855357.24079 1032815687.63838 669395161.94784 700241741.65195 1273023200.50723 664997256.32785 1196426770.80435 
412992533.06685 931478433.05408 766503093.90875 1078490410.42528 0 1118190223.35025 300714115.73814 961936900.98317 210073973.18332 788307429.94592 1021787067.42929 538072259.96432 395535603.91011 798331117.10707 872856147.16659 812597241.77437 312423212.78129 632690521.89381 342079141.07093996 264345055.48666 456695695.98491 262100197.7966 839909970.7046299 850710501.88113 1028141871.8762699 966035491.6487501 343584841.59995997 527145811.3256 1147041270.08137 289969440.37545 111418084.50747 1027536492.9754701 1243867719.81861 866940305.23454 1082761541.80842 414022296.49898 977628862.17928 916934549.99079 552410244.90125 249648085.46122998 1086554106.4534 1112693908.46557 563358334.96682 978729820.83708 761042042.94629 1075357074.49134 733442037.5654 1153052920.50914 294730973.46468997 271012486.82875997 445771844.24185 377884266.25074 411273964.85933 491351678.19736993 746455420.5598 385029148.50733 278505784.49389 1285728198.21762 818406924.06036 1443081079.06052 1187208893.82237 887247540.30567 717948046.55425 656943054.12318 419802356.3109 899839268.19648 225949835.11965 1380442929.25766 271726442.34309 575814679.42455 587269358.80743 417889626.86085004 648311582.03323 750800099.4694 302204210.72929 1047842766.27978 1196132653.13831 1051123415.96808 723448825.1992301 1136462980.03072 710895306.50062 960270015.1599 435101056.02015 1122428599.32601 451682388.85523 721108790.12869 890572701.28356 789563759.36079 749079326.21661 840514734.0595901 396171750.00219 834545994.96325 671890129.39337 845836249.55123 960631314.86878 1072980368.70895 996578123.50166 400861612.19576997 579233939.05517 425221389.55643 453449038.81652 
1462555067.06146 648458270.08363 373816431.68168 1088226499.00087 1118190223.35025 0 890293489.07396 1044480784.86813 1063003304.2989099 518965626.23396 1098170871.63896 595986319.20653 759669148.53342 372348905.51452 929425260.6800101 852366602.68709 940347164.71701 1033249303.9272 1389134176.04491 888358484.60206 683428856.44407 957527994.98776 461080334.07605004 658279751.07914 998339155.09315 492946407.08057 1051363802.10322 618461916.34375 179159251.22775 1175382177.20698 1040068109.65014 240438205.99361 158850788.17949998 779437905.24934 508283220.13569 1106673023.76121 500246856.68488 738545301.55578 582439915.62157 1357246884.55308 571918722.83558 755629534.72407 765696201.26994 428118973.3312 358083296.50082 976468632.3050301 1107408511.60851 104032907.36594 938615882.04759 1206714662.854 707550907.64461 1166945571.90238 1092544152.83462 1071645998.39208 674012730.01697 773163734.77555 1101576924.93154 198200901.05506 323225142.06131 325082530.16517 87563808.72324 1098039771.17251 827924705.40929 636529033.91325 1258629806.85494 944950968.80958 1125905967.1638498 263139916.53859 1272064744.32834 885486212.10559 532587544.89434 957915642.28758 935536899.76134 552327737.95602 1227227303.58811 221075939.62277 337080493.81516 616018045.02834 732588997.44985 48922164.63797 477100899.47538 917337786.71539 685573407.30013 395859879.38358 1514175328.46659 603518119.20236 378822910.78476 622363641.22738 728057217.49144 1082566547.77091 1336658161.9212 1105568373.2252 506064025.82034 798687892.42595 225013524.0117 58761724.0951 420187305.43532 1055044826.83898 735758877.83667 900147294.22111 1536017970.79352 
626795367.15664 874107278.91931 581190384.46746 821090437.13361 300714115.73814 890293489.07396 0 1025520048.66974 437348250.18807995 715384803.46663 766097139.58807 421351164.94565 534241091.43312 542845314.11052 603418016.52524 533773603.44329 313503842.57402 742666052.6020601 526154955.49671 373889997.10807997 207996038.51988 342490981.42015 735170514.54826 800553484.53316 759772426.08932 856977417.10385 192158907.86104 325792309.15583 892311563.2153599 335587959.17078 312399576.47702 824424576.41769 1009906399.44412 594560590.91896 791786383.1452 284295694.25865 874831719.95458 889405069.05254 336789232.04217 522401980.58523 792974864.94538 820428837.97839 270568670.44163 695134545.9908 537081877.86285 802646494.57937 523137596.11838 908752656.36775 306535802.7639 503737980.26285 437770146.49693 568823717.23253 580194148.72964 310114345.86402 454135854.63659 473856036.852 261725764.75371 1047118551.4531701 571775787.96808 1209276157.36082 968089044.84119 655490984.9273001 436347474.87886 363986803.52445 400013529.8912 948656017.91715 395777279.23556 1153044306.21044 447849729.18392 305635914.05642 368759494.72665 312291264.21157 392429938.7128 461125475.56672 421059645.00312996 867904347.39218 913998993.57942 762739788.86094 697673910.4159 900102610.05871 444103369.24917996 983113848.63448 335763571.815 839875061.98919 624328896.06759 429865912.13146 761223788.56429 495060442.88271 727383914.70627 599082374.39092 478348460.49402 939524273.09134 507339881.23148 568507349.01658 725696100.4774 840985256.56036 711448332.6764 255736246.44579 602311218.2473199 359804886.71836996 669695026.0812399 
1356563494.68554 399520142.71902 783184346.27742 1759616195.1944 961936900.98317 1044480784.86813 1025520048.66974 0 755728400.71906 552907859.53427 1726074308.08186 746347750.85587 726320644.48268 1034473256.20652 1536247061.8221898 1447765422.8898401 1098255212.54878 424413543.58584005 1161026270.92435 761322712.92256 941343722.03097 1065987913.77007 597443924.94856 397814156.15641004 1678093701.54786 565179981.36332 1198001616.2266302 955228678.43029 1199628685.21128 1228946434.39385 1004451284.3608999 900634541.91135 1143956218.07868 1438818749.7649 1401957495.00689 1297149471.40268 555892650.95033 307432389.26533 929377775.99004 1074995987.02255 1447956786.68423 1584563343.84447 1184462542.209 1274213880.41384 895513930.94456 1695517147.91104 1538327338.1423402 1142645551.87743 755197154.73339 814298917.15057 713634253.26737 709082638.3900701 580555864.71184 1330265811.69815 1260473003.28283 708133844.07337 1186665516.58217 1192357025.14722 989756253.48982 1276313694.9873 1045035499.2207801 1640067883.19586 1361524502.07684 1159061557.22185 1363151191.73158 111142938.42597 836656282.15037 1198311508.59871 1233663343.32626 1287167495.26159 867141034.91357 1205576930.8002899 1378807370.04553 1175512034.1514 1189085250.3396099 830988859.28461 1338912134.15619 1454663448.6122398 374956458.42941 1091449560.15187 1040242906.5173199 133807342.90411 868556833.4125 1345882921.76456 1384064168.98717 1173750398.87353 671671454.42805 1270199832.5243 359111328.55404 1593541485.6847498 1356776245.03544 301982456.52327 760465743.20712 1436667937.2263498 998100628.70068 1047564119.7292 1281073358.08699 1251344330.02425 493008325.88611 1168775498.10654 1365755544.99711 
604162587.8928599 766463914.04635 690614788.9644 1221149256.90573 210073973.18332 1063003304.2989099 437348250.18807995 755728400.71906 0 658480705.24821 1164700906.42276 470747880.58373 429167869.88085 795958939.94137 1003932314.89973 932116455.32396 449495162.84463 423305440.78736 443704084.22126997 208892809.80734003 483362007.79219997 447036423.1034 711547858.92568 685520654.83767 1160136819.72324 829889463.2772601 505545752.07804 545297278.74319 1123855724.88993 495077077.39537 273378994.98555 954754160.04669 1190830781.19293 969670730.542 1126570521.69456 601320596.66714 838308528.4790001 744439721.54228 554264537.21587 351273028.61156 1140159323.89115 1199943655.6167798 660004812.98848 1007343007.68883 723618893.6784799 1200761888.95758 907600591.2184601 1115096036.92521 130812447.42418 144068238.33675 355561099.42301 298549291.90813 201199991.67601 659557789.06899 825227139.75132 289874828.05085 471022490.74257 1236557584.41062 797368510.15032 1385237178.34919 1121482776.67909 1045825336.17891 843602570.3132501 720712389.17649 627355365.00419 746461178.0975701 252028939.36404002 1316107497.91258 480530656.78055 706602357.27036 561249251.60433 564254067.39923 790777966.27866 798682187.10439 433356849.62055 954509005.99062 1193397875.07947 1112817998.16953 543980845.94477 1089164869.26247 723413326.03798 762266778.3079001 428750133.70768 1140565526.2388601 661756362.0385499 781228831.7123799 780002983.63648 858580696.04492 596546086.71558 990865553.74212 606245723.1855099 624698996.04606 601054859.19043 954260568.22764 918792659.9247 1025604679.6527699 1023575755.59539 569123090.6627901 419528552.34701 556370285.94985 624732881.2197 
1192723685.1651201 266875500.66 235815147.88181 1268204789.86066 788307429.94592 518965626.23396 715384803.46663 552907859.53427 658480705.24821 0 1245362722.64905 305377289.5543 406759688.04503 493490399.61016 1054210983.18146 964120707.6272 757923430.9647601 522461406.69809 1057045079.23154 525429472.34998 515468829.45051 747504636.3152701 449429422.76296 245975930.5724 1180218017.47861 209265262.01804 876411534.32913 496580693.83702 656401497.57882 963107091.26292 753640507.16884 376268999.50222003 671813843.15164 934431201.42378 853449707.4833 965756185.0881801 191410959.16731 349383947.16418 459042231.08325 999898909.90077 900601275.84219 1049718457.93506 736141095.39851 726337894.40214 388234000.72013 1187213532.82837 1118876387.79349 608826738.71678 561162267.00814 788617150.78732 362168186.35068 720930405.34148 620142262.43465 968758996.55545 774325292.06133 408785486.39296 897416735.45618 684849172.78304 441880267.47812 802702932.19368 592405607.58682 1185160795.20979 897269853.45051 669901701.60823 1081828123.36191 477599374.287 739308866.87342 733661898.34942 1020240507.91734 857810155.51103 387759205.89436 835158036.90804 944370181.96113 659078459.20858 968274584.15638 381466771.64971 789053813.2306 912295091.29134 213623371.21589 561885219.61011 519606825.68911 441500540.95183 461680504.89004 792978197.33383 1236112949.20882 665807958.85153 390795823.16204 756323123.95004 397612228.52133 1147292397.15975 1120448013.65201 594967174.20421 241965219.68565 939219421.39434 484102138.24672997 510003731.57276 734183451.53573 911644307.46124 249790853.16077 781659688.4069 1241531826.68457 
1022650416.6832399 1461055635.9068599 1028323151.84327 251520823.42567 1021787067.42929 1098170871.63896 766097139.58807 1726074308.08186 1164700906.42276 1245362722.64905 0 983042760.47998 1015559662.94647 797641936.1633999 272400710.97883 401918728.49695003 717059213.83254 1487646158.23136 1132084914.95747 1039429870.15887 786534057.4341 765516477.95061 1239020876.4809 1409256303.49355 240457516.72301 1368847683.58272 693696424.04504 770845629.65157 968379098.737 791824701.01868 910368982.92182 1138517492.01783 1158010913.75746 406436980.477 642423117.33499 627618206.42982 1386694313.25975 1511610633.49404 800008732.09231 1175701937.80165 578268953.41994 429703211.24224 613380545.4829199 674255935.24676 916770124.90891 175008624.02307 308042817.13931 1039249373.51346 1071240132.12873 1251563958.77043 1016308165.41115 1308415411.09674 1345589859.61663 555335796.75424 489641665.85489 1036818155.19891 754866688.75809 1162888486.84499 861991277.78048 1305078628.61244 1184847933.5394301 186213148.23008 399141090.95788 594818499.11399 731376602.65585 1617152267.54016 1147615211.22526 1291097100.7091 899726210.26091 476616311.51099 870280713.32664 604218646.46678 373922940.1441 597448849.53282 902896951.63967 1235517720.6703 864736737.25908 543419063.2960501 1358931574.27545 1071759115.66505 763202811.7639201 1650933963.30504 859320923.15493 766369161.67592 1070075618.01988 624864282.00042 1218380440.91104 528353546.59011996 1380529384.94903 237251087.80702 843035071.23065 1670830809.9022 1003467727.57436 400589293.67241 985523928.30671 1041751630.90138 704004488.4099 635723241.19151 1238456909.7876 608497873.04584 1121536203.57848 
920394725.9260199 508099433.67156 341174238.63727 1013672113.97633 538072259.96432 595986319.20653 421351164.94565 746347750.85587 470747880.58373 305377289.5543 983042760.47998 0 303934838.60466003 351970096.64690006 797023087.93921 707277524.11653 453091310.07478 560320660.14655 830468612.11456 295301892.57378 213355126.42577 447065910.8277 397596851.74701 464314074.01952 931761821.3962901 475014631.75837 574436244.78776 384675127.4655 657346910.2811201 667956787.40635 478618353.82697 556172866.45521 721061119.90716 693430096.87043 719029092.62175 660378895.53388 490436248.90248 558439415.95823 183034028.38767 771257605.18356 751000897.16508 862822459.88723 448206258.04665 590937756.15806 253306473.60524 950231670.49054 823854534.46096 644736584.6292 359082504.96269006 614814989.63058 211954586.12849 595082455.3421099 531298935.98726 663526343.28705 515261120.29346 181036102.83561 599734922.99382 767770558.0267701 365420575.84164 917131994.60454 655416685.5518 905750942.69349 637305634.06381 412713806.36598 782046593.6394 637019484.19062 532849375.13557 858921233.24945 745416394.90047 563606002.40745 128743348.89646 529806936.1062 651876628.96734 439130021.53044 693252430.81451 556364145.27877 741995634.5338 742321147.00137 375888813.79547 618491821.60968 315868287.63895 669793030.07456 156329404.0882 715352859.96303 967019432.82932 432428791.30164 366353372.40363 528935933.7407 398933738.33079 866752781.47147 828996718.34059 714042332.82596 184673487.10385 690320186.3704801 453731974.58308995 554856799.06904 603953615.69667 606293206.6594 264737555.44607 478840327.60582995 979591388.73486 
786345647.37884 580135539.8566899 387273118.27698 1058260268.05929 395535603.91011 759669148.53342 534241091.43312 726320644.48268 429167869.88085 406759688.04503 1015559662.94647 303934838.60466003 0 496362800.65027 832896172.8586 748668005.4743 474507594.48007 474141548.76513 674676080.8724 345514944.2183 326245052.91324 489117930.23982996 449909326.17421 499007120.63228 983417960.17879 592409600.83974 494191701.83003 278335824.17899 817477249.13483 576854770.16789 346983456.42971 676893204.98745 884708490.08016 760294476.89119 847335804.47672 590909408.32458 598078283.0953 583619895.86258 341335677.06474 614554905.40115 872007515.32886 957568591.12394 473083786.40887 729229754.18397 413740755.64822 1011383579.64992 812942660.81736 809535767.9923899 346028813.32425 543722406.52773 292617447.81704 426708909.09541 389829686.92492 615393753.74274 590415029.0894 358303916.83861005 502992575.75082 931370636.67434 499172625.15642 1081917964.62128 818141105.99167 920625994.95139 667124264.47128 483788330.33646 716689047.96795 629093004.51144 437491245.63541 1012765827.2251599 613781497.50321 565339099.12413 262495398.21124 488070446.2372 657338552.1911 538749870.63125 561617533.4172499 678375755.64474 893758222.80761 854920831.2688501 391442503.19535995 782259730.4684501 463191558.90256 675972433.62982 386295752.48605 850087644.9974099 830568488.33383 522798507.36054 535849315.0697 619309242.7708399 524305347.30821 872127620.23737 723410267.00002 655571135.38673 335538424.71380997 751048252.91708 614166256.62607 718434437.57078 738274051.95388 539718212.85447 247227617.0513 444343394.59342 838095229.5122 
1107618469.00092 701373555.54313 257675251.72835 803211317.0789 798331117.10707 372348905.51452 542845314.11052 1034473256.20652 795958939.94137 493490399.61016 797641936.1633999 351970096.64690006 496362800.65027 0 607127748.70527 523998955.53862 578218475.71373 902530949.56993 1057700519.19984 618295418.1977899 467232964.41706 603015198.3241899 471289526.60950005 665800581.33285 713614043.15377 584771715.77685 690856819.48217 364762991.03559 351460067.69823 813425820.47985 707377306.69584 563079349.94098 480766785.66821 468447521.31074 474670180.57353 735479677.02912 602626018.6275799 769356433.71976 246515078.45673 1039370702.39295 414996372.17219 621868184.34523 393347295.75542 348992455.31477 409216856.40242004 710874352.10041 749280779.41875 371680019.86364 665146492.51719 936752666.25015 457602407.28265 921323908.35024 880239535.45154 699304190.06711 327012133.65663 517311965.02311 740812906.37191 513652245.18291 64534828.39075 678474964.45991 457845706.1799 764518530.91369 487320669.84919 267872843.10835 889459345.70909 927778158.1974599 838997716.9625599 627651680.65502 916813836.44599 515017702.13349 234709688.33704 586722295.55549 576751209.45493 200193086.63058 875131766.46192 437875784.5069 400193125.28354 479340039.21941 663802155.1263499 371563308.58534 218410585.80482 932505741.5557699 369862108.82749 364633717.44918 1160583587.39315 282352090.89763 432429595.60223 290534611.40789 675890935.8307 740797458.26949 976021363.27122 1037085496.79556 380503674.54575 479642319.26356 504974520.18719995 431110629.60962 356838012.44835997 684952816.29871 593427529.13226 551839213.8617699 1186919607.2205 
946745713.49471 1268886055.28728 837291940.0312 246984045.74921 872856147.16659 929425260.6800101 603418016.52524 1536247061.8221898 1003932314.89973 1054210983.18146 272400710.97883 797023087.93921 832896172.8586 607127748.70527 0 274594069.10468 563409943.86569 1306514187.18599 1021230071.5864599 867909514.48438 601118448.17829 613721162.0555301 1048953741.76138 1216858775.76457 156357363.30038 1178159009.68421 566469375.9927 581018383.3919 826724179.7304 678049384.53308 763566681.02426 957989552.19231 997795746.55415 279627060.75371003 505659021.36617 521250717.42223 1195993038.75035 1319665687.23377 646666679.38345 1056387679.5544 455884717.13252 352199565.82735 440963224.94742 514040768.04345 727038913.06534 221806256.00032 364695692.64028 877092619.08322 904407763.0514901 1101831175.69883 830395630.80977 1149309452.28124 1176738920.08748 461031921.61936 353632941.24657 854109513.56887 635070022.53338 1008660394.29111 671662577.0960201 1158386620.21047 1016989069.4032501 174167540.12941 177167940.54025 384309281.57323 653403309.39235 1427325021.28049 995214912.9167199 1137013771.17561 799812953.51418 310565016.38398004 678502638.16751 460264603.8402 227614562.80028 413177699.06903005 786862521.71309 1042499703.13579 727515836.54897 433948405.37744 1166912499.0313 914383439.45953 542573702.594 1460039816.87903 673690750.63051 659113504.83265 998107848.99823 392835060.37207 1028238980.39324 387129389.44541 1189116162.24889 178096493.67749 766901535.0501 1486727688.06324 812245763.49581 293731439.60765 798004472.5824499 870663536.58491 547504547.64156 527840591.55198 1048825777.82228 450885337.76306 1045297529.56619 
922223324.44092 1178867770.55896 748801497.87507 312024115.84548 812597241.77437 852366602.68709 533773603.44329 1447765422.8898401 932116455.32396 964120707.6272 401918728.49695003 707277524.11653 748668005.4743 523998955.53862 274594069.10468 0 500754383.05379 1222759739.72436 979322388.33699 789383322.31006 521376636.20247 550876305.79 958053199.83677 1126759132.25407 234814530.26743 1089055022.05592 519442591.22017 505135508.53056 745679599.05968 640400276.80562 701831431.58779 875364857.68085 934535027.26106 255639244.60453 457556978.10333997 489398627.64757 1106878217.40168 1229621547.05703 528298582.66239 1007332589.23714 419560506.77756 345911498.74943 400575511.96773994 453526376.79521 638414391.09886 268872891.13608 366287229.16758 806691802.27724 825417919.3395 1036704538.39349 751148539.47656 1078065194.82643 1099992206.22082 447975820.18893003 212944443.12851998 770257874.42244 588339438.50333 941623645.54203 588217780.66085 1095014775.99028 939342925.12143 246051491.63133 97426128.56443 343251177.88835 633180196.2857 1338812601.41216 928955156.22603 1069491077.20156 761646876.68355 240096714.6846 588647383.68385 406628063.06860995 189017474.0 323891244.64879 745968040.58868 958705234.23952 673062763.9021 355216839.73034 1077791149.27484 832444231.02481 453749264.39884 1370672810.13276 594365734.9792199 568914098.40027 975048202.88207 304210538.41397 939514305.16935 247302544.2854 1099749155.50262 232573203.39629 744718536.54792 1404239140.86103 722155487.94155 66621566.81671 713139629.507 806547735.14756 468078407.62345 470989979.72873 960999084.66175 387375852.21794 1019690337.44451 
530354106.56318 948328637.39913 639378956.44243 774951504.96 312423212.78129 940347164.71701 313503842.57402 1098255212.54878 449495162.84463 757923430.9647601 717059213.83254 453091310.07478 474507594.48007 578218475.71373 563409943.86569 500754383.05379 0 810309594.8868 521257626.67004 349505735.93562 265540499.19303 50323014.98469 795112435.20383 875555137.31215 719543288.8375599 928104237.31816 121344934.71298 347515955.73252004 926263884.5881 236397352.11586 220121907.83941 881020426.19629 1055758131.6281201 562545632.41008 800607657.51354 209764745.14548 943501741.81159 965469679.6066 361764018.43064 520854220.79755 795907406.84807 805511168.98301 260471398.8888 710921314.68239 591415124.83799 764997985.37414 458932813.76298 949898495.5773699 369718063.59867 538636562.85134 411256305.78082 593520576.5438399 642588405.2092899 249950809.78888 447562968.4308 396387580.6652 162594430.65818 1091870720.89664 617122022.6557 1254075264.19878 1019003224.84145 597411353.28023 470788466.78993005 395071867.23276 369175535.07888 1000887130.5061101 435718404.68930995 1200859144.26455 348718395.08839 263391466.64326 440604297.28414 115840084.50055 343136273.68844 476415993.55681 321959780.5729 927671192.83351 938912496.63976 752575485.54778 774361871.4104301 945829508.08659 478499571.07075 1058581625.1556901 298437924.49925 857818427.90614 583559630.93838 464277693.84087 814449546.64829 495892551.27475 802291972.32389 542451570.84344 397802887.55749 1007880615.74426 560522430.57533 534405772.17471 773479398.66989 898529717.23351 729573183.70895 184922273.29773 630271637.73164 213915937.47816002 612870610.15036 
1018722426.99423 516334238.57087 690595765.62316 1532401816.82442 632690521.89381 1033249303.9272 742666052.6020601 424413543.58584005 423305440.78736 522461406.69809 1487646158.23136 560320660.14655 474141548.76513 902530949.56993 1306514187.18599 1222759739.72436 810309594.8868 0 822149018.7782099 504540607.93033004 709148820.11932 771399648.65449 644318015.3696799 435205819.34646 1457536058.72768 630833978.37497 895401473.05536 744476812.56936 1153713634.90648 913172463.1506901 677333685.1892 893230086.81424 1153996011.7564301 1232730019.13147 1275865829.62074 996104942.54326 630870493.003 494560615.08456 730420458.51307 736057960.22857 1310440730.9766002 1423143120.03378 947225335.174 1146529644.60619 779368374.84287 1485165053.53518 1265803648.7204401 1116017738.83426 456302254.74346006 475371801.99108 483816096.458 368130452.52318 241508751.92316 1040673449.14914 1059746984.82681 476357845.63754 876768247.6924701 1202368805.95294 875235623.1619601 1321292961.13977 1062536115.3613901 1387439279.5863 1133099327.75736 953383898.7432 1044230611.34611 351879257.41534 500892142.42243 1248574400.13762 903836097.56791 1031638909.63893 688876055.9578 923800827.0998 1122539078.68859 995948088.09765 856662290.40791 855356117.6933701 1268408592.23518 1302617367.57011 456119270.95442 1073541920.89882 876188947.7855 395852594.97768 663461474.29498 1248913472.08781 1045017056.1984899 985433192.4459599 665345344.81823 1080868196.97358 326105262.79212 1335661238.78311 1028715314.7551999 542718775.51264 637003263.2754099 1224671141.09994 936778209.3177 1017266677.06638 1158151244.10599 953449583.87304 311904384.81036 896657103.92089 1026708432.2084299 
299470732.4894 1186775924.37523 1041133944.8568 1200736002.3924599 342079141.07094 1389134176.04491 526154955.49671 1161026270.92435 443704084.22126997 1057045079.23154 1132084914.95747 830468612.11456 674676080.8724 1057700519.19984 1021230071.5864599 979322388.33699 521257626.67004 822149018.7782099 0 546434169.7336 716788489.3644199 470934611.68535 1109291059.81784 1105649456.88297 1166625407.86576 1233580091.67019 459879797.11682 785700564.88505 1408897542.56469 345439800.49435997 351850258.28759 1300937688.62621 1514994425.43047 1050629411.22998 1311757221.60696 529659215.31494 1246691780.86037 1164123990.21659 815204652.8950701 92431055.60971 1307329540.5531502 1305320526.40006 770610031.75283 1220843950.60914 1031385889.33619 1223724314.07462 824042097.81816 1419568262.11085 496052799.39262 348443915.70861 725314151.28566 461486018.6001 580640266.85505 587516465.81191 958241100.5920501 666936455.13213 393732899.78809 1554601659.6018002 1083025079.33657 1713723159.0125399 1459819009.89209 991130211.82424 894730587.6487999 884334714.84241 413845962.707 1097720607.9732 449868000.42806 1651404188.05702 232358704.69656 745880781.7961099 859477241.53898 580012153.46735 795174774.87476 984809336.9867 234367549.87337 1322663063.1084 1439949099.0373 1262377623.57707 966181165.03788 1405703731.79627 965480505.31586 1184256893.63685 706773437.4811001 1364243943.99563 386108918.12529004 952238263.53737 1163968993.91941 1007080936.91259 997770039.13539 935404822.10484 327268765.81409 1012835282.56289 950682329.19049 1024754265.32114 1229618134.27524 1343375099.3488 1236749495.80025 509625752.10126 840038937.86361 627235862.42036 337740977.19064 
673669840.39 673120910.00524 519894227.44571 1089708326.00766 264345055.48666 888358484.60206 373889997.10807997 761322712.92256 208892809.80734 525429472.34998 1039429870.15887 295301892.57378 345514944.2183 618295418.1977899 867909514.48438 789383322.31006 349505735.93562 504540607.93033004 546434169.7336 0 304967146.56546 312187654.58595 575564915.2179699 591992490.78083 1023837151.68389 701693853.3833201 441802359.75608 422305413.15468997 942841222.64043 507806162.83552 306796787.66433 785563425.01651 1016363012.4809401 835902859.07618 946265599.52858 542505829.2439799 716667067.64404 665234390.80991 373149243.18657 513001598.61024 964375449.89434 1032249681.21567 549173292.44904 827090152.51478 548608366.1790199 1056739498.46308 805331257.03854 936610107.67802 78080362.38316 345508183.58908 183461166.37515 410593920.55876 311948768.14042 579329578.62064 657110984.44812 120684093.02067 433943968.41845 1060853731.02528 614708233.65848 1212431656.48787 950718578.1255801 931408496.73148 691957193.74563 553018414.77538 669986289.6180999 689590115.50546 237547482.56179 1144824448.3014 511260020.72777 581387364.22721 386126307.30096 465345820.43617 669604925.37633 624539575.51302 462707845.09097004 795511153.6575899 1010904199.97882 940102153.18947 464936504.53741 913641857.41643 542309755.27405 729412376.22788 248433309.3703 959450232.2095599 714664838.08051 602833970.48564 630466816.06715 699344705.8959401 496779038.51747 879210151.08193 624549846.41856 672609317.22405 428788698.61363 820489467.5460801 740306730.67751 850158691.6428199 845287061.63232 502030738.30868 322474090.81205 438199203.61816 717794094.30318 
784413406.96189 721326703.69142 461592637.93568003 826482911.7688501 456695695.98491 683428856.44407 207996038.51988 941343722.03097 483362007.79219997 515468829.45051 786534057.4341 213355126.42577 326245052.91324 467232964.41706 601118448.17829 521376636.20247 265540499.19303 709148820.11932 716788489.3644199 304967146.56546 0 298641486.65308 538602478.0237501 655460677.38104 756191166.4699 680170490.17242 386885433.90601003 289218107.43996 693123180.10689 498352789.02237 420192629.81083 616923243.62587 804608544.12215 535919799.33132005 645689159.71211 461857333.34627 694482939.2234 753171138.50063 322298154.30727 697735281.2707901 660675765.12141 730294430.25261 244206145.88358 531528243.06042 409430772.36542 776632144.01282 613359295.88974 715776309.97391 352549560.36802 612633723.1917 229774107.97705 619962750.56062 610647263.0549 456271266.59125 357127924.70326 295460576.99862003 428134929.85121 844215339.4750199 408762128.72006 1004164551.30919 760392896.58149 700416272.43223 423950507.63804 251063163.81232 602453855.55553 833443195.65898 514132536.77668 946458135.87242 595962411.23 352256475.80771 249161748.19487 326140056.84354 442122527.22351 319572428.94756 543798447.14404 662133008.74425 741854160.49126 635173220.02848 579645663.27018 694936603.05793 254886371.30599 874454750.4230399 288168229.23526 671444873.72345 832324934.58747 297866823.92018 553227750.04441 394377559.33048004 612288864.75656 656998679.72764 663343386.75052 885895856.43306 299343842.7116 515522320.98062 524572096.11258996 632989218.04048 556105340.50711 407218241.70509 451922852.3535 356008753.7093 868996655.01812 
508045185.00294 932325646.11281 644506662.913 824772925.37153 262100197.7966 957527994.98776 342490981.42015 1065987913.77007 447036423.1034 747504636.3152701 765516477.95061 447065910.8277 489117930.23983 603015198.3241899 613721162.0555301 550876305.79 50323014.98469 771399648.65449 470934611.68535 312187654.58595 298641486.65308 0 784693640.55434 857473023.97134 769397402.90457 920871048.2469101 150332073.55911 339188421.59406 953357972.82063 223758426.49779 206267951.55581 895422624.29114 1076706107.5457199 608332774.06149 842035931.8352901 251035543.04701 937502159.73018 945406768.93645 375918771.44806 475898486.76811004 838810021.56962 853202940.86465 310794413.87349 749909338.92379 605569877.85541 815247322.58874 505957535.88603 973214361.8948699 326563388.31187 488440260.7202 393170752.15639 543197561.55915 592265390.2246 281846286.38245 491684591.37285 369990473.91261 212917445.64287 1113198322.05285 638017840.55253 1275665636.38376 1035818850.1304 644182280.84648 511605126.69286 416637900.24031 401471824.86913 987566672.2588999 442539884.31861997 1220223767.21784 314834625.42444 313714481.62795 444248565.03004 162611012.0668 392908498.95389 516217788.77071 272123090.60827 935609300.28076 975345518.78895 796993460.76334 749193759.5323 966777484.00419 505250741.83381003 1030114703.62199 296989084.68667 894187000.42668 558088134.20641 481303651.85202 812366833.06837 539146375.01248 779884876.9439399 589220558.59387 386913987.46288 978349922.1449599 562097385.09233 584728787.1594 792857970.2147801 905684849.09697 766350202.62348 210560452.11171 605701284.7987599 163592922.49347 589208910.41554 
1235907621.11019 290240615.24763 213614274.88115 1257220817.75649 839909970.7046299 461080334.07605004 735170514.54826 597443924.94856 711547858.92568 449429422.76296 1239020876.4809 397596851.74701 449909326.17421 471289526.60950005 1048953741.76138 958053199.83677 795112435.20383 644318015.3696799 1109291059.81784 575564915.2179699 538602478.0237501 784693640.55434 0 209112196.02322 1169007484.89106 285959388.23702997 905173632.14114 508253200.69671 604662721.5725299 996691698.73444 795098001.93059 316946443.34239 574858533.47026 922888549.1024 817279592.37658 998296965.30333 268105085.38629997 312668048.41013 468252058.89663 1050792457.14748 869355164.6707699 1021404252.31308 743886390.5534301 704643809.01757 330665707.16519 1172600996.94131 1127648517.52862 552826109.01117 613375119.09301 848295333.5471499 402449658.7491 780147166.4767699 681764702.83344 989734736.35208 749818710.52688 454880822.19729996 930166430.57147 624665254.69296 420186182.09354997 741661552.38493 481793970.39101 1185467779.02436 889597458.21767 666683132.79468 1116250403.23332 495783413.75366 790823539.30725 663237224.0972 1059601969.22329 868144806.3812001 389431566.66838 857373977.2806499 949282289.3965 646206302.79013 1008231216.57176 425922947.54155 743835805.02969 883981442.22012 439592092.75611 504941104.28363 512362525.83772 479708151.79191 529276908.51982 751419419.91158 1280477814.50804 658417625.99712 265310234.23874 746581312.75682 415669492.93244 1149904606.96018 1165921400.80977 663134469.6063299 478646436.48471 928570329.29788 461901265.24607 455250823.82911 697615900.38911 936214620.43015 364889105.88224 801060530.38684 1287573266.65234 
1263323051.61734 81128419.22441 408508537.44038 1433516881.76838 850710501.88113 658279751.07914 800553484.53316 397814156.15641004 685520654.83767 245975930.5724 1409256303.49355 464314074.01952 499007120.63228 665800581.33285 1216858775.76457 1126759132.25407 875555137.31215 435205819.34646 1105649456.88297 591992490.78083 655460677.38104 857473023.97134 209112196.02322 0 1347408714.19459 200344241.08729 990603242.97927 654691097.05284 810276184.7465501 1060872078.18882 840538031.33537 513186117.80624 763438405.59928 1102378510.80519 1025839907.8745501 1084849170.82486 197224818.14232 103555852.38691 618199830.25553 1036793683.44923 1073107674.3463 1219912415.2456 889568058.4967799 897080918.23574 525291688.01013 1356772469.06839 1266162242.0876698 754701542.78868 617705966.7981 812650817.96646 464302271.81495 720094923.0364599 598849381.7402999 1097848671.41834 925061866.26011 493357941.31744 1001995030.57568 812695958.88601 614375606.7426 911368360.53628 666142075.31403 1342459421.90108 1050314221.09855 832549494.19134 1188311250.4888499 286671217.73044 771654994.41774 833008833.375 1102735165.59263 1007717153.18875 539359551.40203 964333298.52323 1093769485.6517498 829006904.90256 1050581390.25788 450940981.03197 952375835.12197 1084961423.1528 305379970.56347 704419103.03027 689165761.92913 282468266.72273 593166514.98019 960531615.9347999 1302224818.77803 833425006.24101 282318953.96332 925832274.1089699 272011204.67935 1302172146.20646 1212711940.94031 454022273.58311 407891628.00047004 1104722593.46224 615303175.02257 658892862.8785801 906678790.80021 1031979498.15894 271509242.86838 915405512.21164 1300852679.05831 
