26
D H I J K N O P R U W Y AA AB AE AF AG AK AL AN AO AS AT AU AW AX
0 1458548345.006 366879540.74183 1315733212.10231 759039953.14881 810771215.32078 831957871.34903 462367783.12167 928963405.91103 421305653.71057 376657050.07060003 1365529131.89064 739695904.98441 404994247.41558003 334479876.23368 315892656.05459 1159065100.57963 353340756.36915 278571982.72674 503058535.12962 683371877.53426 632515958.1874399 489721562.21909 605355125.98742 775377957.66716 887537881.4903901 
1458548345.006 0 1196869125.40983 504445579.74974 822481501.98824 838346591.32971 1427305763.66804 1243243939.23295 557110185.19099 1354358582.39471 1326484267.27989 118001353.62727 767256709.60542 1334169692.98072 1458063305.11345 1321484552.7246199 682449892.74488 1676204257.80125 1678519443.12351 1006230708.99108 1032045884.01065 1315239346.86656 1267831343.8987598 1155521751.19453 1095917359.36857 864391965.31631 
366879540.74183 1196869125.40983 0 1133317920.01041 583429991.3422301 508422847.07746 1019124716.74407 604133090.05954 804016973.4488499 329310795.64994 273394042.03157 1108022553.1424599 579512728.80175 435573985.42696 261537060.96016 482049721.97029 1056659406.16081 711288586.10081 645364635.2058 312114586.30183 316492336.79243 325956338.97513 637730532.39864 771512191.90312 582865346.85933 520658340.74856 
1315733212.10231 504445579.74974 1133317920.01041 0 620876696.71761 691100859.19038 1118527664.92123 1009159067.30372 584702670.91557 1295536034.67526 1174308839.0053902 386444226.12247 730294370.10812 1204948017.75076 1386761227.69111 1079700255.20278 337091222.71444 1471750011.04018 1494531545.26428 847850267.60365 835587787.3025 1330764505.94173 1025654893.69041 894958930.35563 1158533593.20774 978831845.65949 
759039953.14881 822481501.98824 583429991.3422301 620876696.71761 0 407399392.19221 738223992.45365 427045304.37666 380413741.66117 754785791.46591 612786897.29297 748830437.26886 375243805.60663 642621200.21834 812684288.28405 560474362.3772299 483979231.42728 864052997.20982 878572116.06639 271315405.0404 342240901.64994 863442565.93564 450623369.74421 368314930.73924 793748429.95018 693230611.25433 
810771215.32078 838346591.32971 508422847.07746 691100859.19038 407399392.19221 0 1099684241.15719 756666377.60657 295594126.37139 658191754.51358 696797626.64063 720345237.70244 71089881.72429 685384028.14283 769959908.03762 727460936.24685 774070911.0380299 1092045240.3368402 1064500616.46621 350499861.56999 402969744.27116 643964680.04704 801815104.23765 771359012.29886 472374253.13076 304702069.23463 
831957871.34903 1427305763.66804 1019124716.74407 1118527664.92123 738223992.45365 1099684241.15719 0 414994120.92144 1081697977.83015 1152555172.30718 805796803.75502 1390318132.28511 1078886371.32566 818450034.66592 1112256859.207 563115252.04803 797295996.71566 677530252.91793 772429229.78508 816200000.70648 962984787.44128 1344590068.5463 602352195.02611 516634240.11934006 1382342637.7814 1353969533.15988 
462367783.12167 1243243939.23295 604133090.05954 1009159067.30372 427045304.37666 756666377.60657 414994120.92144 0 807459046.03783 738169040.49733 390802682.83358 1175875741.64552 698107068.31026 418321807.57623 711973098.87325 148121131.12659 763174097.22749 544666985.8204601 564164164.2603 525082205.80345 680877279.12789 929595947.62486 187358074.10467 314485364.14501 1019751258.20469 973351528.25067 
928963405.91103 557110185.19099 804016973.4488499 584702670.91557 380413741.66117 295594126.37139 1081697977.83015 807459046.03783 0 810984574.02071 804715769.97601 675111538.81826 224504244.6471 833052967.32099 959008009.7446799 880816764.42363 617128513.462 1176742205.80333 1164441377.78889 578834602.09487 560342355.29899 818015849.547 816902504.38158 748086941.50208 677182624.35102 462729041.3148 
421305653.71057 1354358582.3947098 329310795.64994 1295536034.67526 754785791.46591 658191754.51358 1152555172.30718 738169040.49733 810984574.02071 0 538760737.82992 1236357228.7674398 587101872.78929 340631474.28287 148023435.72397 600504382.46587 1228055288.05832 745066157.28704 657888472.33222 483470386.42551 475970042.80689 224890225.60954 774333288.63037 889966852.3987 481799233.49373996 716494749.7767199 
376657050.07060003 1326484267.27989 273394042.03157 1174308839.0053902 612786897.29297 696797626.64063 805796803.75502 390802682.83358 804715769.97601 538760737.82992 0 1262845884.06371 636513774.5658901 265780672.03124 534931102.99173 246291692.94468 1020768117.27132 642837547.63855 397880482.18051 346297765.07064 454860593.20588 573982547.14048 419243985.0002 535754162.87750995 830891555.02468 768591923.90416 
1365529131.89064 118001353.62727 1108022553.1424599 386444226.12247 748830437.26886 720345237.70244 1390318132.28511 1175875741.64552 675111538.81826 1236357228.7674398 1262845884.0637102 0 649255355.97815 1263549502.39669 1351827285.12565 1203483199.09735 685987653.23843 1597645431.13253 1593935934.25198 933850756.5947499 917009173.96075 1199562728.61072 1198656318.7089 1100905632.45273 977916005.7413 819395859.97656 
739695904.98441 767256709.60542 579512728.80175 730294370.10812 375243805.60663 71089881.72429 1078886371.32566 698107068.31026 224504244.6471 587101872.78929 636513774.5658901 649255355.97815 0 614294146.41854 735125308.5132599 660050924.98819 751507872.59321 1022336373.50567 1004740356.2703099 421589743.29428 420642893.94262 600499367.52819 730725222.51336 700269130.57457 452678379.70392 323029579.95843 
404994247.41558003 1334169692.98072 435573985.42696 1204948017.75076 642621200.21834 685384028.14283 818450034.66592 418321807.57623 833052967.32099 340631474.28287 265780672.03124 1263549502.39669 614294146.41854 0 293806824.54108 272620670.0842 1049060908.50287 669166524.77807 390446209.85177 392182157.09026 720641265.2371199 565521699.89241 446449576.2487 562083140.01703 815813474.30444 873185243.5696 
334479876.23368 1458063305.11345 261537060.96016 1386761227.69111 812684288.28405 769959908.03762 1112256859.207 711973098.87325 959008009.7446799 148023435.72397 534931102.99173 1351827285.12565 735125308.5132599 293806824.54108 0 566427494.62528 1296663519.71133 634762939.63668 537716725.76735 548713597.42789 577351917.28655 372913661.33351 740256400.78978 837794090.04769 629822669.21771 733674933.59225 
315892656.05459 1321484552.7246199 482049721.97029 1079700255.20278 560474362.3772299 727460936.24685 563115252.04803 148121131.12659 880816764.42363 600504382.46587 246291692.94468 1203483199.09735 660050924.98819 272620670.0842 566427494.62528 0 867330388.60051 396545854.69387 416043033.13371 376961074.67686 701152286.15056 808006060.94542 173828906.1645 289462469.93283 876012523.25833 920949040.67224 
1159065100.57963 682449892.74488 1056659406.16081 337091222.71444 483979231.42728 774070911.0380299 797295996.71566 763174097.22749 617128513.462 1228055288.05832 1020768117.27132 685987653.23843 751507872.59321 1049060908.50287 1296663519.71133 867330388.60051 0 1238112482.9298 1283373421.73422 752156398.7039499 783706838.84886 1347421797.36292 868494281.41735 628681967.16666 1203971382.68627 1047942239.45536 
353340756.36915 1676204257.80125 711288586.10081 1471750011.04018 864052997.20982 1092045240.3368402 677530252.91793 544666985.8204601 1176742205.80333 745066157.28704 642837547.63855 1597645431.13253 1022336373.50567 669166524.77807 634762939.63668 396545854.69387 1238112482.9298 0 631912739.09589 743638284.01897 1027780922.89324 969848920.20374 570374760.8583701 609430515.76314 1128718714.03631 1214860032.93994 
278571982.72674 1678519443.12351 645364635.2058 1494531545.26428 878572116.06639 1064500616.46621 772429229.78508 564164164.2603 1164441377.78889 657888472.33222 397880482.18051 1593935934.25198 1004740356.2703099 390446209.85177 537716725.76735 416043033.13371 1283373421.73422 631912739.09589 0 724352752.11584 852741075.38639 881044553.71945 589871939.29821 705505503.06654 1053949940.3939 1166022975.95436 
503058535.12962 1006230708.99108 312114586.30183 847850267.60365 271315405.0404 350499861.56999 816200000.70648 525082205.80345 578834602.09487 483470386.42551 346297765.07064 933850756.5947499 421589743.29428 392182157.09026 548713597.42789 376961074.67686 752156398.7039499 743638284.01897 724352752.11584 0 613556306.69034 638070925.27696 463611504.93766 494945738.18794 822874114.70075 655201930.80462 
683371877.53426 1032045884.01065 316492336.79243 835587787.3025 342240901.64994 402969744.27116 962984787.44128 680877279.12789 560342355.29899 475970042.80689 454860593.20588 917009173.96075 420642893.94262 720641265.23712 577351917.28655 701152286.15056 783706838.84886 1027780922.89324 852741075.38639 613556306.69034 0 618468075.42188 617557656.39126 710555832.3891801 451507528.30024 426903687.17029 
632515958.1874399 1315239346.86656 325956338.97513 1330764505.94173 863442565.93564 643964680.04704 1344590068.5463 929595947.62486 818015849.547 224890225.60954 573982547.14048 1199562728.61072 600499367.52819 565521699.89241 372913661.33351 808006060.94542 1347421797.36292 969848920.20374 881044553.71945 638070925.27696 618468075.42188 0 963686871.37377 1022280792.25542 256909007.8842 491604524.16718 
489721562.21909 1267831343.8987598 637730532.39864 1025654893.69041 450623369.74421 801815104.23765 602352195.0261099 187358074.10467 816902504.38158 774333288.63037 419243985.0002 1198656318.7089 730725222.51336 446449576.2487 740256400.78978 173828906.1645 868494281.41735 570374760.8583701 589871939.29821 463611504.93766 617557656.39126 963686871.37377 0 335432191.83272 1011171152.98306 1044461343.56155 
605355125.98742 1155521751.19453 771512191.90312 894958930.35563 368314930.73924 771359012.29886 516634240.11934006 314485364.14501 748086941.50208 889966852.3987 535754162.87750995 1100905632.45273 700269130.57457 562083140.01703 837794090.04769 289462469.93283 628681967.16666 609430515.76314 705505503.06654 494945738.18794 710555832.38918 1022280792.25542 335432191.83272 0 1035968543.96721 999650798.02372 
775377957.66716 1095917359.36857 582865346.85933 1158533593.20774 793748429.95018 472374253.13076 1382342637.7814 1019751258.20469 677182624.35102 481799233.49373996 830891555.02468 977916005.7413 452678379.70392 815813474.30444 629822669.21771 876012523.25833 1203971382.68627 1128718714.03631 1053949940.3939 822874114.70075 451507528.30024 256909007.8842 1011171152.98306 1035968543.96721 0 234695516.28298 
887537881.4903901 864391965.31631 520658340.74856 978831845.65949 693230611.25433 304702069.23463 1353969533.15988 973351528.25067 462729041.3148 716494749.77672 768591923.90416 819395859.97656 323029579.95843 873185243.5696 733674933.59225 920949040.67224 1047942239.45536 1214860032.93994 1166022975.95436 655201930.80462 426903687.17029 491604524.16718 1044461343.56155 999650798.02372 234695516.28298 0 
