51
92 62 99 19 25 7 0 61 16 97 14 51 36 63 95 41 87 9 5 32 12 64 57 39 93 83 18 88 67 13 53 70 91 3 49 10 96 15 1 17 28 27 86 31 77 20 11 54 29 23 55
0 49.78221 75.64419 50.46646 56.206739999999996 79.86195 82.27145999999999 62.398219999999995 58.49455999999999 79.57618 89.05573999999999 98.97767999999999 80.5685 78.58461 73.25147999999999 84.08537999999999 92.13535999999999 60.708999999999996 53.825509999999994 74.24781999999999 100.31213999999999 66.69242999999999 77.47165999999999 71.16012 88.88564 92.06774999999999 103.40872999999999 84.00394 68.07048999999999 70.06587999999999 63.356869999999994 72.16609 74.36032999999999 86.66215 75.65923 53.22344 71.66117 75.49718 65.28747999999999 67.19774 35.85753 64.68901 75.34545999999999 91.11626999999999 60.912279999999996 68.65847 94.04738 66.21157 55.78820999999999 93.75891999999999 46.47469999999999 
49.78221 0 36.55902 44.92048 34.27389 36.96073 32.48925 34.60328 8.71235 41.048069999999996 41.265339999999995 51.18728 41.71414 56.13702 25.46108 46.12086 44.34496 32.08641 24.565839999999998 35.16265 52.521739999999994 18.90203 27.68945 21.37791 39.10343 42.28554 63.3482 45.97391 18.28828 30.98071 15.566469999999999 34.13606 37.24908 38.51352 35.95018 25.16791 35.70169 36.64282 17.49708 30.70174 13.92468 17.1827 25.56325 41.334059999999994 18.01106 32.7195 54.96221 25.894099999999998 6.006 43.97671 58.33484 
75.64419 36.55902 0 58.18872999999999 60.13587 49.059259999999995 58.54804 52.20545 44.821 68.35643999999999 58.253049999999995 68.17499 38.22933 70.31929 42.448789999999995 53.28269 61.33266999999999 29.906309999999998 21.81868 32.41549 64.23883 35.88974 46.84547 57.93693 56.40191 69.24355 76.1507 53.20125 54.39693 28.23355 32.55418 41.3634 53.59129 47.05203 52.937889999999996 22.42075 52.68939999999999 33.15801 34.48479 67.26075999999999 39.78666 33.88632 53.67251 65.39616 30.10959 44.98699 52.21505 34.20474 42.11465 66.88834 58.17198 
50.46646 44.92048 58.18872999999999 0 76.13681 59.81935 43.10015 11.93176 41.62083 29.59326 63.04428 74.04589999999999 30.10204 62.50499 48.3197 70.75788999999999 67.20358 54.945029999999996 49.16058999999999 50.832229999999996 71.7969 41.76065 45.30046 66.29839 84.02391 50.26311 86.20682 56.58481 51.19676 58.558899999999994 38.42509 44.74696 45.464 36.19569 46.7629 48.558519999999994 55.58154999999999 25.03072 40.3557 65.64837 58.84515999999999 41.47131 45.07808 51.944959999999995 40.869679999999995 52.578849999999996 82.28493 48.75272 38.91448 72.45059 30.39508 
56.206739999999996 34.27389 60.13587 76.13681 0 64.35363 58.9242 68.87717 42.986239999999995 59.258039999999994 48.580169999999995 76.88722999999999 64.369 82.10870999999999 51.16103 68.57705999999999 70.04491 45.20068 38.31719 56.29696 78.22169 48.4632 30.83635 55.6518 73.37732 73.02450999999999 53.29696 68.49562 52.562169999999995 54.557559999999995 45.12764 56.65777 62.29034 41.66042 60.99144 37.71512 59.53881 64.20085 43.19703 54.98495 20.34921 49.18069 59.83713999999999 50.07939 45.40396 61.4855 78.53906 50.70325 40.279889999999995 73.70105 74.67049 
79.86195 36.96073 49.059259999999995 59.81935 64.35363 0 47.38812 67.45284999999998 33.66108 52.61855 47.09313 57.015069999999994 51.678219999999996 62.236549999999994 31.28887 56.70582 50.17275 34.12407 27.24058 38.70301 58.34953 24.72982 34.89054 58.33864 62.605199999999996 67.23427 69.17599 29.58333 43.23701 43.48094999999999 21.39426 41.42118 43.07687 24.06647 41.777969999999996 26.63851 41.52948 46.606899999999996 23.32487 59.039139999999996 44.004419999999996 38.104079999999996 37.13373 42.4106 18.94967 38.54729 67.46244999999999 31.72189 30.954729999999998 68.92544 59.27345 
82.27145999999999 32.48925 58.54803999999999 43.10015 58.9242 47.38812 0 51.095299999999995 29.1896 33.4338 45.83167 61.61467 54.80069 64.34272999999999 33.39505 58.6429 54.77235 42.513799999999996 36.72935999999999 41.82548 60.455709999999996 29.32942 28.08785 53.86716 71.59268 47.20027 73.77559 44.15358 38.76553 36.30936 25.993859999999998 32.31573 47.676469999999995 27.18894 46.37757 36.127289999999995 46.12908 49.72937 27.92447 52.23645 46.41392999999999 46.493809999999996 46.040499999999994 8.84481 28.438449999999996 43.14689 69.44897 36.32149 26.483249999999998 48.04103 61.55121 
62.398219999999995 34.60328 52.20545 11.93176 68.87716999999999 67.45285 51.095299999999995 0 43.31563 17.6615 59.37340999999999 81.92819 42.0338 72.30595 43.56915 58.99258999999999 75.08587 44.662279999999996 40.21227 50.809079999999994 70.62980999999999 53.37506 57.23222 55.98119 73.70671 38.33135 80.77834 55.57512 40.42129 46.62714 50.0395 56.67872 57.395759999999996 48.127449999999996 58.69466 40.814339999999994 43.81625 36.96248 51.53315 65.30502 48.52795999999999 29.53955 33.14632 42.25049 48.50317999999999 63.380579999999995 70.35317 52.59833 40.60928 60.518829999999994 42.32683999999999 
58.49455999999999 8.71235 44.821 41.62083 42.986239999999995 33.66108 29.1896 43.31563 0 37.748419999999996 36.72092 47.887629999999994 36.17545 53.109109999999994 22.16143 42.82121 41.04531 28.786759999999997 23.002319999999997 39.13827 45.12167 15.60238 18.9771 30.09026 47.81578 33.57319 60.04855 42.67426 14.98863 39.242689999999996 12.26682 30.836409999999997 33.94943 29.80117 32.650529999999996 22.40025 32.40204 41.24677 14.197429999999999 26.7914 22.63703 25.89505 22.2636 38.034409999999994 14.711409999999999 29.419849999999997 63.22418999999999 22.59445 2.70635 40.67706 55.03519 
79.57618 41.048069999999996 68.35643999999999 29.59326 59.258039999999994 52.61855 33.4338 17.6615 37.748419999999996 0 41.711909999999996 64.26669 59.6953 56.855329999999995 25.907649999999997 41.33109 57.424369999999996 50.393739999999994 46.53775999999999 46.90943 52.968309999999995 39.13782 43.832029999999996 62.425979999999996 59.35523 20.66985 72.87523 37.91362 22.75979 62.77812999999999 35.80226 49.75147 55.83373999999999 42.93312 56.18597 45.935689999999994 26.15475 54.62398 33.871649999999995 62.39833 54.97274999999999 45.41151 15.48482 24.58899 38.246849999999995 50.39387 56.81384 42.26866999999999 35.042069999999995 48.44822 55.400299999999994 
89.05573999999999 41.265339999999995 58.253049999999995 63.04428 48.580169999999995 47.09313 45.83167 59.37340999999999 36.72092 41.711909999999996 0 57.458459999999995 51.276469999999996 46.75194 15.80426 55.63616 50.61614 42.21881 36.434369999999994 43.20443 42.86492 29.034429999999997 17.74382 51.21625 68.94176999999999 39.79051 69.61938 51.549369999999996 47.541619999999995 52.67473999999999 25.69887 52.259859999999996 45.73035 28.56789 46.08257999999999 35.8323 41.97287 51.10832 23.768259999999998 41.89242 53.198209999999996 46.19882 52.642799999999994 36.98686 28.143459999999997 42.8519 76.65624 32.165279999999996 35.259339999999995 68.40589 54.927249999999994 
98.97767999999999 51.187279999999994 68.17499 74.04589999999999 76.88722999999999 57.015069999999994 61.61467 81.92819 47.887629999999994 64.26669 57.458459999999995 0 79.31012999999999 72.60188 41.654199999999996 53.28828 6.84232 52.14075 46.35630999999999 66.77861999999999 68.71485999999999 38.95637 46.05088 72.56519 81.72093 81.32831999999999 79.54132 75.09933 56.056839999999994 62.59667999999999 35.62081 63.26147999999999 55.652289999999994 56.87495 56.00452 45.754239999999996 38.11194 74.23880999999999 33.6902 70.19948 63.120149999999995 56.12076 48.78187 65.29392 38.0654 52.77383999999999 86.57818 42.087219999999995 45.181279999999994 81.74526999999999 78.38918 
80.5685 41.71414 38.22933 30.10204 64.369 51.678219999999996 54.80069 42.0338 36.17545 59.6953 51.276469999999996 79.31012999999999 0 67.29784 53.583929999999995 57.50364 72.46781 41.04145 32.95382 31.67701 51.8375 43.85165 33.53265 50.67078 68.3963 59.88867 77.55794 64.33639 51.16408 39.36869 43.689319999999995 52.49854 25.5046 27.61175 26.8035 33.55589 62.23510999999999 5.07132 45.61993 41.34695 50.9218 28.343519999999998 58.27021 45.95588 41.24473 56.12213 63.35019 45.33988 38.8818 66.14985999999999 53.39023 
78.58461 56.13702 70.31929 62.50499 82.10871 62.236549999999994 64.34272999999999 72.30595 53.109109999999994 56.855329999999995 46.75194 72.60188 67.29784 0 30.94768 70.77958 65.75956 51.5557 48.500609999999995 68.92291999999999 58.00834 44.17785 51.27236 69.38714 86.94241 57.71079 84.7628 58.53713 62.685039999999994 64.74098 40.84229 61.11259 60.87376999999999 62.09643 61.226 47.89854 57.11628999999999 62.22652 38.91168 60.06331 65.26445 42.7664 67.78621999999999 55.49791999999999 43.28688 57.99531999999999 83.58001999999999 47.308699999999995 50.402759999999994 83.54930999999999 58.51322999999999 
73.25147999999999 25.46108 42.448789999999995 48.3197 51.16103 31.28887 33.39505 43.56914999999999 22.16143 25.907649999999997 15.80426 41.654199999999996 53.583929999999995 30.94768 0 39.8319 34.81188 26.41455 20.63011 41.05242 27.06066 13.23017 20.32468 46.838989999999995 55.99473 39.67412 53.81512 35.74511 31.73736 36.87048 9.89461 37.53528 29.92609 31.148749999999996 30.27832 20.02804 26.16861 48.512609999999995 7.964 44.473279999999995 37.39395 30.39456 36.83854 24.55024 12.3392 27.04764 60.85198 16.36102 19.45508 52.60163 39.122989999999994 
84.08537999999999 46.12086 53.28269 70.75789 68.57705999999999 56.70582 58.6429 58.99258999999999 42.82121 41.33109 55.63616 53.28828 57.50364 70.77958 39.8319 0 46.44596 38.3475 31.46401 51.88632 66.89256 37.67667 43.8788 67.49877 55.89267 37.38001 79.23207 38.16502 33.12124 47.70438 35.31156 26.32717 31.99904 52.62895999999999 33.29794 30.861939999999997 15.17634 52.43232 33.38095 62.23535 48.22785 42.32751 25.84627 63.12184 37.75615 52.46459 49.16488 41.777969999999996 40.11486 58.80967 55.88470999999999 
92.13535999999999 44.34496 61.33266999999999 67.20357999999999 70.04491 50.17275 54.772349999999996 75.08587 41.04531 57.424369999999996 50.61614 6.84232 72.46781 65.75956 34.81188 46.44596 0 45.298429999999996 39.51399 59.936299999999996 61.87254 32.11405 39.20856 65.72287 74.87861 74.48599999999999 72.699 68.25701 49.21451999999999 55.75435999999999 28.77849 56.41915999999999 48.80997 50.03263 49.1622 38.91192 31.26962 67.39649 26.84788 63.35715999999999 56.277829999999994 49.278439999999996 41.93955 58.4516 31.22308 45.93152 79.73586 35.2449 38.33896 74.90294999999999 71.54686 
60.708999999999996 32.08641 29.906309999999998 54.945029999999996 45.20068 34.12407 42.513799999999996 44.662279999999996 28.786759999999997 50.393739999999994 42.21881 52.14075 41.04145 51.555699999999995 26.41455 38.3475 45.298429999999996 0 8.08763 28.50994 53.47521 19.8555 30.81123 53.46432 58.82993 50.47995999999999 59.183859999999996 38.266059999999996 38.36269 24.328 16.51994 26.42821 38.202549999999995 41.6353 36.90365 7.48556 36.655159999999995 35.97013 18.45055 51.13847 24.85147 15.122729999999999 34.908919999999995 46.79644 15.1744 31.25594 48.3095 20.473689999999998 26.08041 62.982789999999994 44.440929999999994 
53.825509999999994 24.565839999999998 21.81868 49.16059 38.31719 27.24058 36.72936 40.21227 23.002319999999997 46.53775999999999 36.434369999999994 46.35630999999999 32.95382 48.500609999999995 20.63011 31.46401 39.51399 8.08763 0 20.42231 47.69077 14.07106 25.02679 45.943749999999994 51.946439999999996 47.42487 56.128769999999996 31.382569999999998 32.57825 16.24037 10.7355 19.544719999999998 32.41811 35.05885 31.11921 0.60207 30.87072 27.8825 12.66611 48.08338 17.96798 12.067639999999999 31.85383 43.74135 8.29091 23.16831 40.22187 12.38606 20.29597 54.89516 36.3533 
74.24781999999999 35.16265 32.41549 50.832229999999996 56.29696 38.70301 41.82548 50.809079999999994 39.13827 46.90943 43.20443 66.77861999999999 31.67701 68.92292 41.05242 51.88632 59.936299999999996 28.50994 20.42231 0 68.11308 34.49337 25.46061 56.54056 72.36875 64.86806 68.94046 43.42228 24.14964 26.83718 31.157809999999998 39.967029999999994 35.266459999999995 14.63654 33.96756 21.02438 42.09454 26.60569 33.08842 49.60921 38.39029 32.48995 31.42461 32.98067 28.71322 43.59062 50.81868 32.80837 36.43192 34.47285 56.77560999999999 
100.31214 52.521739999999994 64.23883 71.7969 78.22169 58.34953 60.455709999999996 70.62980999999999 45.12167 52.968309999999995 42.86492 68.71485999999999 51.8375 58.00834 27.06066 66.89256 61.87254 53.47521 47.69076999999999 68.11308 0 40.29083 47.38534 73.89965 83.05538999999999 66.73478 80.87577999999999 49.51152 58.798019999999994 63.93113999999999 36.95527 61.34936999999999 56.98675 58.20941 57.33897999999999 47.088699999999996 53.22927 46.76618 35.02466 71.53394 64.45461 54.353019999999994 63.89919999999999 51.6109 39.39986 54.1083 87.91264 43.421679999999995 46.515739999999994 79.66229 66.18365 
66.69243 18.90203 35.88974 41.76065 48.4632 24.72982 29.32942 53.37506 15.60238 39.13782 29.03443 38.95637 43.85165 44.17785 13.23017 37.67667 32.11405 19.8555 14.07106 34.49337 40.29083 0 17.62685 40.279939999999996 49.43568 49.17556999999999 51.11729 42.81408 25.17831 30.311429999999998 3.33556 30.976229999999997 18.34705 28.450919999999996 17.04815 13.46899 22.50033 38.78033 5.26617 41.77545 30.834899999999998 23.83551 32.45328 36.86989 5.78015 20.48859 54.29293 13.66319 12.89603 50.86673999999999 46.10393 
77.47165999999999 27.68945 46.84547 45.30046 30.83635 34.89054 28.08785 57.23222 18.9771 43.832029999999996 17.74382 46.05088 33.53265 51.27236 20.32468 43.8788 39.20856 30.81123 25.02679 25.46061 47.38534 17.62685 0 33.472429999999996 51.19794999999999 44.839839999999995 58.2118 46.35388999999999 33.96573 41.26716 14.29129 34.51604 31.453989999999997 10.824069999999999 30.155089999999998 24.42472 28.70246 33.3645 12.36068 24.1486 41.61413 29.895449999999997 39.372389999999996 19.24304 16.73588 31.444319999999998 65.24866 20.7577 21.68345 59.65416 55.794169999999994 
71.16012 21.37791 57.93693 66.29839 55.6518 58.33864 53.86716 55.98119 30.09026 62.425979999999996 51.216249999999995 72.56519 50.67078 69.38714 46.838989999999995 67.49877 65.72287 53.464319999999994 45.94375 56.54056 73.89965 40.279939999999996 33.472429999999996 0 17.72552 61.97797 45.53482 67.35182 39.66619 52.35862 36.944379999999995 55.51397 39.56014 44.296499999999995 38.26124 46.54582 57.0796 55.7421 38.87499 9.32383 35.30259 38.56061 46.941159999999996 52.715469999999996 39.38896999999999 54.097409999999996 76.34012 47.272009999999995 27.38391 65.35462 63.92312 
88.88564 39.10343 56.40191 84.02391 73.37732 62.605199999999996 71.59268 73.70670999999999 47.81578 59.35523 68.94176999999999 81.72093 68.3963 86.94241 55.99473 55.89267 74.87861 58.82993 51.946439999999996 72.36874999999999 83.05538999999999 49.43568 51.19794999999999 17.72552 0 73.1217 63.26034 82.12486999999999 57.39171 68.18681 46.10012 70.28702 57.28565999999999 62.02201999999999 55.98676 51.34437 66.23534 73.46762 48.03073 27.049349999999997 53.02811 56.28612999999999 64.66668 70.44099 43.65553 63.25315 92.16830999999999 56.427749999999996 45.10943 83.08014 67.25269999999999 
92.06774999999999 42.28554 69.24355 50.26311 73.02450999999999 67.23427 47.20027 38.33135 33.57319 20.66985 39.79051 81.32831999999999 59.88867 57.71079 39.67412 37.38001 74.48599999999999 50.47995999999999 47.42486999999999 64.86806 66.73478 49.17556999999999 44.839839999999995 61.97797 73.1217 0 88.86513 58.58347 43.42963999999999 63.66523999999999 45.84000999999999 60.873999999999995 43.55401 55.663909999999994 44.85291 46.822799999999994 46.8246 54.81735 47.63812 52.65414 56.21021999999999 35.357229999999994 36.154669999999996 38.35546 48.28459999999999 62.99303999999999 76.17085 56.03514 36.27954 66.40684999999999 69.16677 
103.40872999999999 63.34819999999999 76.1507 86.20682 53.29696 69.17599 73.77559 80.77834 60.04854999999999 72.87523 69.61938 79.54132 77.55794 84.7628 53.81512 79.23207 72.699 59.183859999999996 56.128769999999996 68.94046 80.87577999999999 51.11729 58.2118 45.53482 63.26034 88.86513 0 86.3072 60.15604 65.45985 47.781729999999996 74.46934999999999 66.4473 69.03587 65.1484 55.5267 64.05573 77.47382999999999 45.85112 36.21099 72.89260999999999 54.20163 67.43101 77.45483999999999 50.226319999999994 64.93476 86.71725 54.24814 57.34219999999999 34.46761 90.55009999999999 
84.00394 45.97391 53.20125 56.58481 68.49562 29.58333 44.15358 55.57512 42.67426 37.91362 51.549369999999996 75.09933 64.33639 58.53713 35.74511 38.16502 68.25701 38.266059999999996 31.382569999999998 43.42228 49.51152 42.81408 46.35388999999999 67.35182 82.12486999999999 58.58347 86.3072 0 52.250189999999996 47.62294 39.478519999999996 11.83785 56.75372 46.60419 55.45482 30.780499999999996 53.341359999999995 59.265069999999994 41.40913 66.70179999999999 48.146409999999996 42.246069999999996 53.39844 52.99839 38.469339999999995 53.256029999999996 71.60444 43.768629999999995 39.967909999999996 62.67909999999999 45.72058 
68.07048999999999 18.28828 54.39693 51.19676 52.562169999999995 43.23701 38.76553 40.42129 14.98863 22.75979 47.541619999999995 56.056839999999994 51.16408 62.68504 31.73736 33.12124 49.21451999999999 38.36269 32.57825 24.14964 58.798019999999994 25.17831 33.96573 39.66619 57.39171 43.42964 60.15604 52.25019 0 48.818619999999996 21.84275 40.41234 43.52536 38.78618 42.22646 31.97618 17.9449 50.75533 23.77336 41.78003 32.212959999999995 35.47098 7.27497 40.95976 24.28734 38.995779999999996 72.80011999999999 32.170379999999994 12.28228 25.68843 58.65326999999999 
70.06587999999999 30.98071 28.23355 58.558899999999994 54.557559999999995 43.48094999999999 36.30936 46.62714 39.242689999999996 62.77812999999999 52.67474 62.59667999999999 39.36869 64.74098 36.87048 47.70438 55.75436 24.327999999999996 16.24037 26.83718 63.93114 30.311429999999998 41.26716 52.35862 68.18681 63.66524 65.45985 47.62294 48.818619999999996 0 26.97587 35.78509 45.80707 41.47372 47.10597 16.84244 47.11109 34.29737 28.90648 61.68245 34.208349999999996 28.308009999999996 48.0942 45.15417 24.53128 39.40868 33.13961 28.62643 36.536339999999996 38.88865 48.61859 
63.356869999999994 15.566469999999999 32.55418 38.42509 45.12764 21.39426 25.993859999999998 50.0395 12.26682 35.80226 25.69887 35.62081 43.689319999999995 40.84229 9.89461 35.31156 28.77849 16.51994 10.7355 31.157809999999998 36.95527 3.33556 14.29129 36.944379999999995 46.10012 45.84000999999999 47.781729999999996 39.478519999999996 21.84275 26.97587 0 27.64067 21.68261 25.11536 20.38371 10.13343 20.13522 38.617999999999995 1.93061 38.43989 27.499339999999997 20.49995 29.11772 33.53433 2.44459 17.15303 50.95737 10.32763 9.56047 47.53118 42.76837 
72.16609 34.13606 41.3634 44.74696 56.65777 41.42118 32.31573 56.67872 30.83641 49.75147 52.259859999999996 63.26147999999999 52.49854 61.11259 37.53528 26.32717 56.41916 26.42821 19.54472 39.967029999999994 61.34936999999999 30.976229999999997 34.51604 55.51397 70.28702 60.873999999999995 74.46934999999999 11.83785 40.41234 35.78509 27.64067 0 46.93053999999999 34.76634 48.024379999999994 18.94265 41.50351 47.42722 29.571279999999998 54.86395 36.30856 30.40822 47.68731 41.16054 26.63149 41.41818 59.76659 31.93078 28.13006 50.84125 33.88273 
74.36033 37.24908 53.59129 45.464 62.29034 43.07687 47.676469999999995 57.395759999999996 33.94943 55.83373999999999 45.73035 55.652289999999994 25.5046 60.87376999999999 29.92609 31.99904 48.80997 38.202549999999995 32.41811 35.266459999999995 56.98675 18.34705 31.453989999999997 39.56014 57.28565999999999 43.55401 66.4473 56.75372 43.52536 45.80707 21.68261 46.93053999999999 0 20.62992 1.2989 31.816039999999997 40.1667 20.43328 21.96209 30.23631 49.18195 42.182559999999995 50.80033 38.97405 24.1272 38.83564 72.63998 30.35911 31.24308 57.53874 27.88563 
86.66215 38.51352 47.05203 36.19569 41.66042 24.06647 27.18894 48.127449999999996 29.80117 42.93312 28.56789 56.87495 27.61175 62.09643 31.14875 52.62895999999999 50.03263 41.635299999999994 35.05885 14.63654 58.20940999999999 28.450919999999996 10.824069999999999 44.296499999999995 62.02202 55.66391 69.03586999999999 46.60419 38.78618 41.47372 25.11536 34.76634 20.62992 0 19.33102 35.24879 39.526529999999994 22.54043 23.184749999999998 34.972669999999994 52.438199999999995 40.719519999999996 46.06115 18.34413 27.559949999999997 42.26839 65.45522 31.58177 32.50752 49.10939 44.970099999999995 
75.65923 35.950179999999996 52.937889999999996 46.7629 60.99144 41.777969999999996 46.37757 58.69466 32.650529999999996 56.18597 46.08258 56.00452 26.8035 61.226 30.27832 33.29794 49.1622 36.90365 31.11921 33.96756 57.33897999999999 17.04815 30.155089999999998 38.26124 55.98676 44.85291 65.1484 55.45482 42.22646 47.10597 20.38371 48.024379999999994 1.2989 19.33102 0 30.517139999999998 39.54848 21.73218 22.31432 28.93741 47.88305 40.88366 49.50143 37.67515 22.8283 37.536739999999995 71.34108 30.71134 29.94418 58.83763999999999 29.18453 
53.22344 25.16791 22.42075 48.55852 37.71512 26.63851 36.12729 40.814339999999994 22.40025 45.935689999999994 35.8323 45.754239999999996 33.55589 47.89854 20.02804 30.861939999999997 38.91192 7.48556 0.60207 21.02438 47.088699999999996 13.46899 24.42472 46.54582 51.34437 46.822799999999994 55.5267 30.780499999999996 31.97618 16.84244 10.13343 18.94265 31.816039999999997 35.24879 30.517139999999998 0 30.268649999999997 28.484569999999998 12.06404 47.48131 17.36591 11.46557 31.251759999999997 43.13928 7.68884 23.77038 40.82394 12.98813 19.6939 55.497229999999995 36.955369999999995 
71.66117 35.70169 52.68939999999999 55.58154999999999 59.53881 41.52948 46.12908 43.81625 32.40204 26.15475 41.97287 38.11194 62.23510999999999 57.11628999999999 26.16861 15.17634 31.26962 36.655159999999995 30.87072 42.09454 53.22927 22.50033 28.70246 57.0796 66.23534 46.8246 64.05573 53.341359999999995 17.9449 47.11108999999999 20.13522 41.50351 40.1667 39.52653 39.54848 30.268649999999997 0 58.75322 18.20461 52.85106 47.63455999999999 40.59662 10.66993 47.945499999999996 22.57981 37.28825 64.34121999999999 26.60163 29.69569 43.63333 40.708369999999995 
75.49718 36.64282 33.15801 25.03072 64.20085 46.606899999999996 49.72937 36.96248 41.24677 54.62398 51.10832 74.23881 5.07132 62.22652 48.512609999999995 52.43232 67.39649 35.97013 27.8825 26.60569 46.76618 38.78033 33.3645 55.7421 73.46762 54.81735 77.47382999999999 59.265069999999994 50.75533 34.29737 38.617999999999995 47.42722 20.43328 22.54043 21.73218 28.484569999999998 58.75322 0 40.54861 46.41827 45.85048 23.272199999999998 53.19889 40.88456 36.17341 51.05081 58.27887 40.26856 42.64882 61.07854 48.31891 
65.28747999999999 17.49708 34.48479 40.3557 43.19703 23.32487 27.92447 51.53315 14.197429999999999 33.87165 23.768259999999998 33.6902 45.61993 38.91168 7.964 33.38095 26.84788 18.45055 12.666109999999998 33.08842 35.02466 5.26617 12.36068 38.87499 48.03073 47.63812 45.85112 41.40913 23.77336 28.906479999999995 1.93061 29.571279999999998 21.96209 23.184749999999998 22.31432 12.064039999999999 18.20461 40.54861 0 36.50928 29.429949999999998 22.43056 28.87454 31.60372 4.3751999999999995 19.08364 52.88798 8.39702 11.49108 49.46178999999999 44.69898 
67.19774 30.70174 67.26075999999999 65.64837 54.98495 59.03914 52.23645 65.30502 26.7914 62.39833 41.89242 70.19948 41.34695 60.06331 44.473279999999995 62.23535 63.35715999999999 51.13847 48.08338 49.60921 71.53394 41.77545 24.1486 9.32383 27.049349999999997 52.65414 36.21099 66.7018 41.78003 61.68245 38.43989 54.86395 30.23631 34.97267 28.93741 47.48131 52.85106 46.41827 36.50928 0 39.15784 37.70974999999999 49.05499999999999 43.391639999999995 40.884479999999996 55.59291999999999 78.52337 44.906299999999995 29.49775 67.46846 58.121939999999995 
35.85753 13.92468 39.78666 58.84515999999999 20.34921 44.004419999999996 46.41393 48.52795999999999 22.63703 54.97274999999999 53.198209999999996 63.120149999999995 50.9218 65.26445 37.39395 48.22785 56.277829999999994 24.85147 17.96798 38.39029 64.45461 30.834899999999998 41.614129999999996 35.30259 53.02811 56.21021999999999 72.89260999999999 48.146409999999996 32.212959999999995 34.208349999999996 27.499339999999997 36.30856 49.18195 52.438199999999995 47.88305 17.36591 47.63455999999999 45.85048 29.429949999999998 39.15784 0 28.83148 39.48792999999999 55.25874 25.05475 41.13629 58.18985 30.354039999999998 19.93068 57.90138999999999 54.321279999999994 
64.68901 17.1827 33.88632 41.47131 49.18069 38.104079999999996 46.493809999999996 29.53955 25.89505 45.41151 46.19882 56.12076 28.343519999999998 42.7664 30.39456 42.32751 49.278439999999996 15.122729999999999 12.067639999999997 32.48994999999999 54.35302 23.83551 29.895449999999997 38.56061 56.28613 35.357229999999994 54.20163 42.246069999999996 35.47098 28.308009999999996 20.49995 30.408219999999996 42.182559999999995 40.719519999999996 40.88366 11.465569999999998 40.59662 23.272199999999998 22.43056 37.70975 28.83148 0 29.92669 49.13849 19.15441 35.235949999999995 40.81362 24.453699999999998 23.1887 61.159409999999994 48.06777999999999 
75.34546 25.56325 53.67251 45.07808 59.83714 37.13373 46.040499999999994 33.14632 22.2636 15.48482 52.6428 48.78187 58.27021 67.78622 36.83854 25.84627 41.93955 34.908919999999995 31.85383 31.42461 63.89919999999999 32.45328 39.372389999999996 46.941159999999996 64.66668 36.154669999999996 67.43101 53.39844 7.27497 48.0942 29.11772 47.68731 50.80033 46.06115 49.50143 31.251759999999997 10.66993 53.19889 28.87454 49.05499999999999 39.48793 29.92669 0 40.073809999999995 31.562309999999997 46.27075 70.74031 37.27156 19.55725 32.9634 51.378299999999996 
91.11626999999999 41.334059999999994 65.39616 51.944959999999995 50.07939 42.4106 8.84481 42.25049 38.03441 24.58899 36.98686 65.29392 45.95588 55.49791999999999 24.55024 63.12183999999999 58.4516 46.79644 43.74135 32.98067 51.6109 36.86989 19.24304 52.715469999999996 70.44099 38.35546 77.45483999999999 52.99839 40.95976 45.15417 33.53433 41.16054 38.97405 18.34413 37.67515 43.13928 47.945499999999996 40.88456 31.60372 43.391639999999995 55.258739999999996 49.13849 40.073809999999995 0 35.978919999999995 49.03646 78.29378 40.00074 35.32806 51.28297 54.04289 
60.912279999999996 18.01106 30.10959 40.869679999999995 45.40396 18.94967 28.43845 48.50317999999999 14.711409999999999 38.246849999999995 28.143459999999997 38.0654 41.24473 43.28688 12.3392 37.75615 31.22308 15.1744 8.29091 28.71322 39.39986 5.78015 16.73588 39.38897 43.65553 48.2846 50.226319999999994 38.46934 24.28734 24.53128 2.44459 26.63149 24.1272 27.559949999999997 22.8283 7.68884 22.57981 36.17341 4.3751999999999995 40.884479999999996 25.05475 19.15441 31.562309999999997 35.978919999999995 0 19.59762 48.51278 12.772219999999999 12.00506 49.97577 40.32378 
68.65847 32.7195 44.98699 52.578849999999996 61.4855 38.54729 43.14689 63.380579999999995 29.419849999999997 50.39387 42.8519 52.77383999999999 56.12213 57.99531999999999 27.04764 52.46459 45.93152 31.25594 23.16831 43.59062 54.1083 20.48859 31.444319999999998 54.097409999999996 63.25315 62.99303999999999 64.93476 53.256029999999996 38.995779999999996 39.40868 17.15303 41.41818 38.83564 42.26839 37.536739999999995 23.77038 37.28825 51.05081 19.08364 55.59291999999999 41.13629 35.23595 46.27074999999999 49.03646 19.59762 0 63.39018 27.48066 26.7135 46.20486 25.633249999999997 
94.04738 54.96221 52.21505 82.28493 78.53906 67.46244999999999 69.44897 70.35317 63.22418999999999 56.81384 76.65624 86.57818 63.35019 83.58001999999999 60.85198 49.16488 79.73586 48.3095 40.22187 50.81868 87.91264 54.29293 65.24866 76.34012 92.16830999999999 76.17085 86.71725 71.60444 72.80011999999999 33.13961 50.95737 59.76659 72.63998 65.45522 71.34108 40.82394 64.34121999999999 58.27887 52.88798 78.52336999999999 58.18985 40.81362 70.74031 78.29378 48.51278 63.39018 0 52.607929999999996 60.51783999999999 72.02825999999999 76.57517 
66.21157 25.8941 34.20474 48.75272 50.70325 31.72189 36.32149 52.59833 22.59445 42.26867 32.165279999999996 42.087219999999995 45.33988 47.308699999999995 16.36102 41.777969999999996 35.2449 20.473689999999998 12.38606 32.80837 43.421679999999995 13.66319 20.7577 47.272009999999995 56.427749999999996 56.03514 54.24814 43.76863 32.170379999999994 28.62643 10.32763 31.93078 30.35911 31.581769999999995 30.71134 12.98813 26.60163 40.26856 8.39702 44.906299999999995 30.354039999999998 24.453699999999998 37.27156 40.00073999999999 12.772219999999999 27.48066 52.607929999999996 0 19.8881 57.85880999999999 48.73936 
55.78820999999999 6.006 42.11465 38.91448 40.279889999999995 30.954729999999998 26.483249999999998 40.60928 2.70635 35.042069999999995 35.259339999999995 45.18128 38.8818 50.402759999999994 19.45508 40.11486 38.33896 26.08041 20.29597 36.43192 46.515739999999994 12.89603 21.68345 27.38391 45.10943 36.27954 57.3422 39.967909999999996 12.28228 36.536339999999996 9.56047 28.13006 31.24308 32.50752 29.94418 19.6939 29.69569 42.64882 11.49108 29.49775 19.93068 23.1887 19.55725 35.32806 12.00506 26.7135 60.51784 19.8881 0 37.97071 52.32884 
93.75891999999999 43.97671 66.88834 72.45058999999999 73.70105 68.92544 48.04103 60.518829999999994 40.67706 48.44822 68.40589 81.74527 66.14985999999999 83.54930999999999 52.60163 58.80967 74.90295 62.982789999999994 54.89516 34.47285 79.66229 50.86673999999999 59.65416 65.35462 83.08014 66.40684999999999 34.46761 62.6791 25.68843 38.88865 47.53117999999999 50.84125 57.53874 49.10939 58.83763999999999 55.497229999999995 43.63333 61.07854 49.46178999999999 67.46846 57.90138999999999 61.159409999999994 32.9634 51.28297 49.97576999999999 46.20486 72.02825999999999 57.85880999999999 37.97071 0 56.39189 
46.4747 58.33483999999999 58.17198 30.39508 74.67049 59.27345 61.55121 42.32684 55.03518999999999 55.400299999999994 54.927249999999994 78.38918 53.39023 58.51323 39.122989999999994 55.88471 71.54686 44.440929999999994 36.3533 56.77560999999999 66.18365 46.10393 55.794169999999994 63.92312 67.25269999999999 69.16677 90.5501 45.72058 58.65326999999999 48.61859 42.76837 33.88273 27.88563 44.970099999999995 29.18453 36.955369999999995 40.708369999999995 48.31891 44.69898 58.121939999999995 54.321279999999994 48.06777999999999 51.378299999999996 54.04289 40.32378 25.633249999999997 76.57517 48.73936 52.32883999999999 56.39189 0 
