26
nkillsdtdhfmlepstein skilldnmlhdftepstein killepsteintdldshfnm htskillepsteindnlfdm nlhtdsdepsteinfmkill thmepsteinlkillfsndd fnmhskilldepsteinltd hldmepsteindsnkilltf snldmtkillfepsteindh epsteindsmnlfdtkillh ndlmhepsteintdskillf epsteinthsdmndkillfl lepsteinfdkillsdnmht fnlskillhtepsteindmd nfdhepsteinltsdmkill hepsteinnfstkilllmdd killnfhdsdltepsteinm hkillmepsteinstdfdnl ndlepsteinhdtskillfm epsteinsdfmhltkillnd tskillepsteinhfmddnl hdepsteinsmdtnflkill msnepsteinfkillhtdld dhlepsteindkillsmtnf tmhsnfepsteinldkilld tepsteinfdkilldlmhns
0 1370131499.4709601 421680258.05893 729680760.70911 636765713.73989 685475623.38677 825606474.88301 942497169.30202 453680694.79465 1228790073.24052 755156626.19728 88205392.55728 667501265.3243201 1315705882.3515801 560171557.09552 1119399681.49386 1227491933.0440202 1113719541.24163 889768110.6149 1129030567.9442 947366302.6345301 985680618.8786299 813238431.95692 637039968.81392 657125814.18981 819390813.37305 
1370131499.47096 0 948451241.41203 909876423.51956 1163536697.09299 684655876.08419 1139487099.62955 440793710.88537 926446524.19538 1227970325.9379401 720289452.93017 1291921826.43275 763244747.94736 1031538226.69378 869057068.72675 457194769.9491 955953179.2132701 1175219424.72544 532058603.67618 1174811921.31781 1238077986.84089 1302485066.83562 1126633277.0673301 798695966.1157 818320264.9376401 1287027313.10242 
421680258.05893 948451241.41203 0 546353961.2656599 215085455.68096 263795365.32784 403926216.82408 630156986.54385 414865585.67217 807109815.1815901 751733170.50403 509885650.61621 250810928.92333 894025624.29265 217381552.47357 764633140.50074 1028007247.0024999 878232980.7493799 468087852.55597 707350309.88527 525686044.5756 564000360.8197 577751871.46467 215359710.75499 708009710.31686 397710555.31412 
729680760.70911 909876423.51956 546353961.2656599 0 752681699.65362 380962998.37048 950280178.08974 825703877.965 943985682.8517599 834436203.3945401 216033984.83055 817886153.2663901 604418214.1814 1194977021.22183 623528675.49463 767701865.20404 1289059564.97265 1286832080.09552 769039249.48515 509971216.48482 826637441.50478 864951757.7488799 986350970.8108101 568966996.01306 314064796.83801997 622670933.92229 
636765713.73989 1163536697.0929902 215085455.68096 752681699.65362 0 478880821.0088 619011672.50504 845242442.22481 629951041.35313 1022195270.86255 536647714.82307 724971106.2971699 465896384.60429 1109111079.97361 432467008.15453 979718596.1817 1243092702.68346 1093318436.43034 683173308.23693 922435765.56623 740771500.2565601 779085816.50066 792837327.1456301 430445166.43595004 634678526.83054 564555774.55175 
685475623.38677 684655876.08419 263795365.32784 380962998.37048 478880821.0088 0 667721582.1519201 565840302.5461 678660951.00001 543314449.85375 596996983.20103 728138693.58326 313296460.64061 927580858.11394 242565677.12415 516023482.87022 1136289103.5208 1142028346.07722 712394527.98371 490156045.23362 789481409.90344 658950473.50282 841547236.79251 277845242.47227 695027795.2085 661505920.64196 
825606474.8830099 1139487099.62955 403926216.82408 950280178.08974 619011672.5050399 667721582.15192 0 777678880.83211 533383391.80286 1211036032.00567 741719750.71563 898858694.04023 654737145.7474099 1297951841.11673 621307769.29765 1092361917.80199 1431933463.82658 474306763.9253 607428495.95337 650205408.96658 929612261.39968 967926577.64378 173825654.64059 619285927.57907 839750562.7231001 801636772.1382 
942497169.30202 440793710.88537 630156986.54385 825703877.965 845242442.2248099 565840302.5461 777678880.83211 0 702517969.36556 1109154752.3998501 758887259.41883 984886472.02047 652567704.64673 840223495.87832 759897412.87553 393668529.05781 892426938.32198 988701599.81744 468532362.78489006 1055996347.7797201 910440466.78297 948754783.02707 951504535.4727001 617116486.47839 660856447.41136 1027867541.85797 
453680694.79465 926446524.19538 414865585.67217 943985682.8517599 629951041.35313 678660951.00001 533383391.80286 702517969.36556 0 1221975400.85376 727951698.02121 365475302.23737 604567397.94887 1308891209.96482 632247138.14574 940624767.2966801 1439383176.5608501 660038846.44698 765431399.81677 835937491.48826 940551630.2477701 978865946.4918699 359557737.16227 620785898.56725 825982510.02868 812576140.98629 
1228790073.24052 1227970325.9379401 807109815.18159 834436203.3945401 1022195270.86255 543314449.85375 1211036032.00567 1109154752.39985 1221975400.85376 0 1050470188.22509 1172927372.72822 646352526.5190799 1260649695.82974 734061318.12528 1059337932.7239699 1549625309.8253498 1685342795.93097 1255708977.83746 1033470495.0873699 1248919268.59005 992006539.38129 1384861686.64626 610901308.35074 1103551307.9126098 1203630235.51702 
755156626.19728 720289452.93017 751733170.50403 216033984.83055 536647714.82307 596996983.20103 741719750.71563 758887259.41883 727951698.02121 1050470188.22509 0 843362018.75456 555229593.401 1301493905.4883199 662559301.6298001 557753674.29699 1088547584.28426 1133317542.355 985073234.3156999 726005201.31537 693861199.6152401 777722298.66395 915545405.35622 590680811.56934 98030812.00747 776238115.05737 
88205392.55728 1291921826.43275 509885650.61621 817886153.2663901 724971106.2971699 728138693.58326 898858694.04023 984886472.02047 365475302.23737 1172927372.72822 843362018.7545601 0 592902724.6879101 1248755109.76927 485573016.45911 1207605074.05114 1315697325.6013002 1025514148.68435 804436524.08044 1155311841.13693 880415530.0522201 918729846.29632 725033039.3996401 562026064.37748 745331206.7470901 907596205.93033 
667501265.3243201 763244747.94736 250810928.92333 604418214.1814 465896384.60429 313296460.64061 654737145.74741 652567704.64673 604567397.94887 646352526.51908 555229593.401 592902724.6879101 0 1030631706.6165999 107329708.2288 716119566.1198 974175219.6429499 1068382064.21662 718898781.4793 803452505.8742299 602566742.07097 761988550.16815 828562800.388 35451218.16834 457198781.39353 648521484.23745 
1315705882.35158 1031538226.69378 894025624.29265 1194977021.22183 1109111079.97361 927580858.11394 1297951841.11673 840223495.87832 1308891209.96482 1260649695.82974 1301493905.4883199 1248755109.76927 1030631706.6165999 0 1111407176.76622 984413044.86622 1453425002.1699 1772258605.0420299 1059276878.5933 1417736903.34756 1174309104.53177 523771606.82437 1471777495.75732 995180488.44826 1203463093.48085 1066633199.06249 
560171557.09552 869057068.72675 217381552.47357 623528675.49463 432467008.15453 242565677.12415 621307769.29765 759897412.87553 632247138.14574 734061318.12528 662559301.6298 485573016.45911 107329708.2288 1111407176.76622 0 758589159.99437 1081504927.8717499 1095614533.22295 685469405.0295401 732721722.35777 709896450.2997701 781381913.29327 795133423.93824 142780926.39714 564528489.62233 544033860.43392 
1119399681.49386 457194769.9491 764633140.50074 767701865.20404 979718596.1817 516023482.87022 1092361917.80199 393668529.05781 940624767.2966801 1059337932.7239699 557753674.29699 1207605074.05114 716119566.1198 984413044.86622 758589159.99437 0 826738835.79643 1379989204.5244799 484933421.84862006 1006179528.10384 780883216.89179 1174973956.37304 1079508095.23977 751570784.2881399 640255045.16437 829832543.1533201 
1227491933.0440202 955953179.21327 1028007247.0024999 1289059564.97265 1243092702.68346 1136289103.5208 1431933463.82658 892426938.32198 1439383176.5608501 1549625309.82535 1088547584.28426 1315697325.6013002 974175219.6429499 1453425002.1699 1081504927.8717499 826738835.79643 0 1798606513.1329498 983691831.11279 1583187038.32633 1308290727.24162 929653395.34553 1498125403.84824 938724001.47461 1186578396.29173 1425717802.3166199 
1113719541.24163 1175219424.72544 878232980.7493801 1286832080.09552 1093318436.43034 1142028346.0772202 474306763.9253 988701599.81744 660038846.44698 1685342795.9309702 1133317542.355 1025514148.68435 1068382064.21662 1772258605.04203 1095614533.22295 1379989204.52448 1798606513.1329498 0 1081735259.87867 776860863.6107 1403919025.32498 1442233341.56908 300481109.28471 1093592691.5043702 1035286730.34753 1275943536.0635002 
889768110.6149 532058603.67618 468087852.55597 769039249.48515 683173308.23693 712394527.98371 607428495.95337 468532362.78489006 765431399.81677 1255708977.83746 985073234.3156999 804436524.08044 718898781.4793 1059276878.5933 685469405.0295401 484933421.84862006 983691831.11279 1081735259.87867 0 1023267643.8798001 748371332.79509 770426463.15944 781254150.59396 683447563.31096 1083104046.32317 865798407.87009 
1129030567.9442 1174811921.31781 707350309.88527 509971216.48482 922435765.56623 490156045.23362 650205408.96658 1055996347.7797201 835937491.48826 1033470495.0873699 726005201.31537 1155311841.13693 803452505.8742299 1417736903.34756 732721722.35777 1006179528.10384 1583187038.3263297 776860863.6107 1023267643.8798 0 1080865835.89943 1115167908.16692 476379754.32599 768001287.7058899 824036013.32284 820761010.78158 
947366302.6345301 1238077986.8408902 525686044.5756 826637441.50478 740771500.2565601 789481409.90344 929612261.3996801 910440466.78297 940551630.2477701 1248919268.59005 693861199.6152401 880415530.0522201 602566742.07097 1174309104.53177 709896450.2997701 780883216.89179 1308290727.24162 1403919025.32498 748371332.79509 1080865835.89943 0 844283841.05882 1103437916.04027 638017960.23931 791892011.6227101 923396599.88972 
985680618.8786299 1302485066.8356202 564000360.8197 864951757.7488799 779085816.50066 658950473.50282 967926577.64378 948754783.02707 978865946.4918699 992006539.38129 777722298.66395 918729846.29632 761988550.16815 523771606.82437 781381913.29327 1174973956.37304 929653395.34553 1442233341.5690799 770426463.15944 1115167908.16692 844283841.05882 0 1141752232.28437 726537331.99981 679691486.65648 542861592.23812 
813238431.9569201 1126633277.0673301 577751871.46467 986350970.81081 792837327.1456299 841547236.7925099 173825654.64059 951504535.4727001 359557737.16227 1384861686.64626 915545405.35622 725033039.3996401 828562800.3879999 1471777495.75732 795133423.9382399 1079508095.23977 1498125403.84824 300481109.28471 781254150.59396 476379754.32599 1103437916.0402699 1141752232.28437 0 793111582.2196599 1013576217.36369 975462426.77879 
637039968.81392 798695966.1157 215359710.75499 568966996.01306 430445166.43595004 277845242.47227 619285927.5790701 617116486.47839 620785898.56725 610901308.35074 590680811.56934 562026064.37748 35451218.16834 995180488.44826 142780926.39714 751570784.28814 938724001.47461 1093592691.50437 683447563.31096 768001287.7058899 638017960.23931 726537331.99981 793111582.21966 0 492649999.56187 613070266.06911 
657125814.18981 818320264.93764 708009710.31686 314064796.83801997 634678526.83054 695027795.2084999 839750562.7231 660856447.41136 825982510.02868 1103551307.91261 98030812.00747 745331206.7470901 457198781.39353 1203463093.48085 564528489.62233 640255045.16437 1186578396.29173 1035286730.34753 1083104046.32317 824036013.32284 791892011.62271 679691486.65648 1013576217.3636899 492649999.56187 0 874268927.06484 
819390813.37305 1287027313.10242 397710555.31412 622670933.92229 564555774.55175 661505920.64196 801636772.1382 1027867541.85797 812576140.98629 1203630235.51702 776238115.05737 907596205.93033 648521484.23745 1066633199.06249 544033860.43392 829832543.1533201 1425717802.3166199 1275943536.0635 865798407.87009 820761010.78158 923396599.88972 542861592.23812 975462426.77879 613070266.06911 874268927.06484 0 
