25
Aberdeen Abilene Albany Albuquerque Amarillo Anchorage AnnArbor Arvada Atlanta AtlanticCity Aurora Barnstable Beaumont Berkeley Bethlehem Birmingham BoiseCity Boston Boulder Bradenton Bryan Buffalo Burbank Cambridge BatonRouge
0 267769819.0 355265365.0 314435633.0 101928927.0 417722815.0 386023859.0 315523735.0 321128252.0 508906720.0 69051660.0 303410440.0 325082640.0 352186958.0 190115686.0 387713295.0 59149928.0 376468325.0 406316596.0 391209483.0 404082914.0 408696652.0 342891478.0 527178398.0 292039810.0 
267769819.0 0 484931864.0 113428334.0 266477596.0 424311566.0 237036310.0 241556220.0 247160737.0 387874599.0 198718159.0 312885152.0 251115125.0 334309974.0 319782185.0 235346874.0 326919747.0 296794579.0 343633331.0 270177362.0 218977255.0 287664531.0 219239641.0 319251049.0 205255319.0 
355265365.0 484931864.0 0 531597678.0 375379672.0 607775214.0 357447339.0 532685780.0 538290297.0 571338247.0 286213705.0 365841967.0 519097355.0 625439534.0 252547213.0 355757903.0 414415293.0 624522138.0 591477464.0 453641010.0 339388284.0 471128179.0 433935100.0 602812928.0 354471337.0 
314435633.0 113428334.0 531597678.0 0 313143410.0 470977380.0 249175416.0 208549996.0 293826551.0 434540413.0 245383973.0 359550966.0 163486525.0 380975788.0 366447999.0 247485980.0 373585561.0 183366245.0 230204997.0 316843176.0 231116361.0 334330345.0 265905455.0 432679383.0 251921133.0 
101928927.0 266477596.0 375379672.0 313143410.0 0 315793888.0 437117678.0 249827781.0 319836029.0 476311323.0 170980587.0 323524747.0 323790417.0 250258031.0 122832459.0 438807114.0 161078855.0 406067870.0 405024373.0 358614086.0 455176733.0 376101255.0 338908176.0 507786004.0 293692043.0 
417722815.0 424311566.0 607775214.0 470977380.0 315793888.0 0 396729512.0 548945020.0 604709783.0 435923157.0 476292027.0 514743691.0 542876896.0 566051919.0 438626347.0 398418948.0 476872743.0 570066540.0 634138509.0 318225920.0 414788567.0 335713089.0 298520010.0 467397838.0 253303877.0 
386023859.0 237036310.0 357447339.0 249175416.0 437117678.0 396729512.0 0 362543676.0 466123574.0 289338433.0 381210492.0 346613969.0 161650016.0 553272811.0 366994923.0 1689436.0 439431806.0 432541661.0 237408997.0 242595308.0 18059055.0 189128365.0 222889398.0 391767226.0 177673265.0 
315523735.0 241556220.0 532685780.0 208549996.0 249827781.0 548945020.0 362543676.0 0 294914653.0 518425748.0 246472075.0 301535414.0 298869041.0 382063890.0 342751548.0 364233112.0 374673663.0 391916241.0 428016362.0 401134720.0 380602731.0 418621889.0 381428810.0 486183468.0 301965047.0 
321128252.0 247160737.0 538290297.0 293826551.0 319836029.0 604709783.0 466123574.0 294914653.0 0 399421327.0 252076592.0 182530993.0 304473558.0 87149237.0 373140618.0 467813010.0 380278180.0 468247125.0 433620879.0 297512998.0 466137992.0 438843524.0 332104050.0 446684916.0 385653536.0 
508906720.0 387874599.0 571338247.0 434540413.0 476311323.0 435923157.0 289338433.0 518425748.0 399421327.0 0 439855060.0 321434530.0 435485817.0 486570564.0 406188568.0 291027869.0 478625451.0 533629573.0 296709988.0 281788953.0 307397488.0 100210068.0 198444813.0 430960871.0 216866910.0 
69051660.0 198718159.0 286213705.0 245383973.0 170980587.0 476292027.0 381210492.0 246472075.0 252076592.0 439855060.0 0 234358780.0 256030980.0 339225829.0 121064026.0 379521056.0 128201588.0 338308433.0 337264936.0 322157823.0 395890675.0 339644992.0 273839818.0 458126738.0 222988150.0 
303410440.0 312885152.0 365841967.0 359550966.0 323524747.0 514743691.0 346613969.0 301535414.0 182530993.0 321434530.0 234358780.0 0 472642100.0 269680230.0 200692288.0 348303405.0 362560368.0 510452416.0 571623716.0 258611796.0 364673024.0 307142544.0 254117253.0 407783714.0 295687444.0 
325082640.0 251115125.0 519097355.0 163486525.0 323790417.0 542876896.0 161650016.0 298869041.0 304473558.0 435485817.0 256030980.0 472642100.0 0 391622795.0 377095006.0 163339452.0 384232568.0 346852770.0 393691522.0 388742692.0 179709071.0 335275749.0 369036782.0 510523704.0 323820649.0 
352186958.0 334309974.0 625439534.0 380975788.0 250258031.0 566051919.0 553272811.0 382063890.0 87149237.0 486570564.0 339225829.0 269680230.0 391622795.0 0 373090490.0 554962247.0 411336886.0 555396362.0 520770116.0 384662235.0 553287229.0 525992761.0 419253287.0 533834153.0 472802773.0 
190115686.0 319782185.0 252547213.0 366447999.0 122832459.0 438626347.0 366994923.0 342751548.0 373140618.0 406188568.0 121064026.0 200692288.0 377095006.0 373090490.0 0 368684359.0 249265614.0 459372459.0 458328962.0 288491331.0 385053978.0 305978500.0 268785421.0 437663249.0 189321658.0 
387713295.0 235346874.0 355757903.0 247485980.0 438807114.0 398418948.0 1689436.0 364233112.0 467813010.0 291027869.0 379521056.0 348303405.0 163339452.0 554962247.0 368684359.0 0 441121242.0 430852225.0 235719561.0 244284744.0 16369619.0 190817801.0 224578834.0 393456662.0 179362701.0 
59149928.0 326919747.0 414415293.0 373585561.0 161078855.0 476872743.0 439431806.0 374673663.0 380278180.0 478625451.0 128201588.0 362560368.0 384232568.0 411336886.0 249265614.0 441121242.0 0 317318397.0 465466524.0 360928214.0 457490861.0 378415383.0 341222304.0 510100132.0 296006171.0 
376468325.0 296794579.0 624522138.0 183366245.0 406067870.0 570066540.0 432541661.0 391916241.0 468247125.0 533629573.0 338308433.0 510452416.0 346852770.0 555396362.0 459372459.0 430852225.0 317318397.0 0 413571242.0 251840620.0 414482606.0 433419505.0 396226426.0 401012538.0 351010293.0 
406316596.0 343633331.0 591477464.0 230204997.0 405024373.0 634138509.0 237408997.0 428016362.0 433620879.0 296709988.0 337264936.0 571623716.0 393691522.0 520770116.0 458328962.0 235719561.0 465466524.0 413571242.0 0 480004305.0 252089180.0 396920056.0 460298395.0 629176223.0 415082262.0 
391209483.0 270177362.0 453641010.0 316843176.0 358614086.0 318225920.0 242595308.0 401134720.0 297512998.0 281788953.0 322157823.0 258611796.0 388742692.0 384662235.0 288491331.0 244284744.0 360928214.0 251840620.0 480004305.0 0 260654363.0 181578885.0 144385806.0 149171918.0 99169673.0 
404082914.0 218977255.0 339388284.0 231116361.0 455176733.0 414788567.0 18059055.0 380602731.0 466137992.0 307397488.0 395890675.0 364673024.0 179709071.0 553287229.0 385053978.0 16369619.0 457490861.0 414482606.0 252089180.0 260654363.0 0 207187420.0 240948453.0 409826281.0 195732320.0 
408696652.0 287664531.0 471128179.0 334330345.0 376101255.0 335713089.0 189128365.0 418621889.0 438843524.0 100210068.0 339644992.0 307142544.0 335275749.0 525992761.0 305978500.0 190817801.0 378415383.0 433419505.0 396920056.0 181578885.0 207187420.0 0 161872975.0 330750803.0 116656842.0 
342891478.0 219239641.0 433935100.0 265905455.0 338908176.0 298520010.0 222889398.0 381428810.0 332104050.0 198444813.0 273839818.0 254117253.0 369036782.0 419253287.0 268785421.0 224578834.0 341222304.0 396226426.0 460298395.0 144385806.0 240948453.0 161872975.0 0 293557724.0 79463763.0 
527178398.0 319251049.0 602812928.0 432679383.0 507786004.0 467397838.0 391767226.0 486183468.0 446684916.0 430960871.0 458126738.0 407783714.0 510523704.0 533834153.0 437663249.0 393456662.0 510100132.0 401012538.0 629176223.0 149171918.0 409826281.0 330750803.0 293557724.0 0 248341591.0 
292039810.0 205255319.0 354471337.0 251921133.0 293692043.0 253303877.0 177673265.0 301965047.0 385653536.0 216866910.0 222988150.0 295687444.0 323820649.0 472802773.0 189321658.0 179362701.0 296006171.0 351010293.0 415082262.0 99169673.0 195732320.0 116656842.0 79463763.0 248341591.0 0 
