27
24 35 51 38 41 62 34 55 29 45 61 70 67 7 25 54 39 63 72 33 22 44 43 59 23 27 18
0 431352093.54126 532952145.54049003 260027694.89586 318579630.92092997 245732858.26257 206038166.59772 243451702.81213 78765254.11808 243141657.43661 257889248.69397 218924429.92893 174045325.99845 432899518.17011 184040169.57063 409540434.29257 419429890.03297997 285115331.00516 305762166.84358 262776070.73683 454926159.28242 387837672.52606 265437985.19796997 267179360.13953 220836384.00871998 233072214.07387 474967836.61739 
431352093.54126 0 542212607.90678 318364714.15144 291073450.95905995 384725021.23769 310515829.10871 229106298.84012 389181929.19526 417376622.0401 380028118.27282 357916592.90405 313037488.97357 491575835.19258 288517832.08162 200112647.58742 427018040.44934 324537750.87482995 462342511.96582997 424349215.55575997 576710804.63076 324908885.44346 202509198.11537 342473721.7404599 357556025.03858 365473319.7525799 501267589.86639 
532952145.54049003 542212607.90678 0 427916439.78099 366242113.36864 358048566.35526997 422636895.87115 460050432.08555996 485929544.43307 289810488.10388 468946628.37864 331240138.02163 376119241.95211 479568348.83738 400638898.84406 390481835.2262 688509919.744 399706413.28441 535375874.38624 536470282.3182 567241867.3751199 430638801.05461 486647532.81030995 417642384.15004 467107750.66813 529877426.74046 606997505.47754 
260027694.89586 318364714.15144 427916439.78099 0 61674326.41235 240916636.95031002 166707444.82133 204120981.03574 214591356.02204 219499081.29452997 262056491.11272 214108208.61667 169229104.68619 177831323.71817 144709447.79424 152635129.78399 437194650.56453 28210026.49658 280094377.91995996 280540831.26838 293291606.06308 189277888.64308 230718081.76049 26177250.00059 39191310.88714 244775274.80709 365636593.06601 
318579630.92092997 291073450.95905995 366242113.36864 61674326.41235 0 246170910.3695 171961718.24052 200962292.21717998 239814376.80284998 193024252.59511998 267310764.53191 219362482.03586 174483378.10538 200502384.23352 149963721.21343 90960803.37164 442448923.98371994 33464299.91577 336405543.76781 285795104.68757 298545879.48227 250952215.05543 227559392.94193 51400270.781399995 100865637.29949 269998295.58790004 427310919.47836 
245732858.26257 384725021.23769 358048566.35526997 240916636.95031 246170910.36949998 0 118205186.18315999 155618722.39756998 181497834.74508002 184830705.58174998 164514918.69065 26808428.33364 71687532.26412001 374588566.31525 96207189.15607 285502052.70407 388692391.92635995 212706610.45373 344885974.79155004 232038572.63020998 262810157.68713 304615510.45041 182215823.12232 230642581.31936 280107947.83744997 232002537.73045 387134856.20282996 
206038166.59772 310515829.10871 422636895.87115 166707444.82132998 171961718.24052 118205186.18316 0 81409530.26859 127272912.47964 249419035.09763 139345040.34557 91396757.84952 46517653.91904 305535502.6425 21997997.02709 262922521.61216 314483199.79738 138497418.32475 290661052.52611 157829380.50123 310190969.57623 230406318.32143 108006630.99334 156433389.19037998 205898755.70847 177777615.46501 268929670.01967 
243451702.81213 229106298.84012 460050432.08555996 204120981.03574 200962292.21717998 155618722.39757 81409530.26859 0 164686448.69405 286832571.31204 150921819.4327 128810294.06393 83931190.13345 342949038.85691 59411533.2415 225202014.07474 351896736.01179 175910954.53916 328074588.74052 195242916.71563998 347604505.79064 148996788.05284 26597100.72475 193846925.40478998 243312291.92288 136367020.91246 325355492.47577 
78765254.11808 389181929.19526 485929544.43307 214591356.02203998 239814376.80284998 181497834.74508002 127272912.47963999 164686448.69404998 0 249934463.43435 179123994.57589 154689406.41144 109810302.48096 373388161.20483 105274915.45255 330775180.17449 340664635.9149 206350076.88707998 226996912.7255 184010816.61875 390691135.76493 309072418.40797997 186672731.07988998 188414106.02144998 243846792.51226 154306959.95578998 396202582.49931 
243141657.43661 417376622.0401 289810488.10388 219499081.29453 193024252.59511998 184830705.58174998 249419035.09763 286832571.31204 249934463.43434998 0 183246865.46029 158022277.24811 202901381.17859 189757860.7335 227421038.07053998 217263974.45268 445766981.83208 211257802.15956998 328532978.66902995 330791763.53543 394024006.6016 257420940.28109 285339675.67169 209225025.66358 217991870.89016998 240066938.63658 433779644.70401996 
257889248.69397 380028118.27282 468946628.37864 262056491.11271998 267310764.53191 164514918.69065 139345040.34557 150921819.4327 179123994.57589 183246865.46029 0 137706490.35701 92827386.42653 373004726.19379 117347043.31848 356264035.82993996 349176339.71647 233846464.61614 342512134.62236 192522520.42032 373708219.7105 299918607.48554 177518920.15745002 251782435.48176998 301247801.99986 116952924.47804 408274710.36524 
218924429.92893 357916592.90405 331240138.02163 214108208.61666998 219362482.03586 26808428.33364 91396757.84952 128810294.06393 154689406.41144 158022277.24811 137706490.35701 0 44879103.93048 347780137.98161 69398760.82243 258693624.37043 361883963.59272 185898182.12009 318077546.45790994 205230144.29656997 236001729.35349 277807082.11676997 155407394.78868 203834152.98571998 253299519.50381 205194109.39681 360326427.86919 
174045325.99845 313037488.97357 376119241.95211 169229104.68618998 174483378.10538 71687532.26412001 46517653.91904 83931190.13345 109810302.48096001 202901381.17859 92827386.42653 44879103.93048 0 308057162.50736 24519656.89195 265444181.47702 317004859.66224 141019078.18961 273198442.52743 160351040.36609 280880833.28397 232927978.18629 110528290.8582 158955049.05523998 208420415.57333 160315005.46633 315447323.93871 
432899518.17011 491575835.19258 479568348.83738 177831323.71817 200502384.23352 374588566.31525 305535502.6425 342949038.85691 373388161.20483 189757860.7335 373004726.19379 347780137.98161 308057162.50736 0 283537505.61541 291463187.60516 576022708.3857 167038084.31775 457925701.63812995 419368889.08954996 432119663.88425 367109212.36125 369546139.58166 184974055.18338 217022634.60531 403572079.98988 543467916.7841799 
184040169.57063 288517832.08162 400638898.84405994 144709447.79424 149963721.21343 96207189.15607 21997997.02709 59411533.2415 105274915.45255001 227421038.07053998 117347043.31848 69398760.82243 24519656.89195 283537505.61541 0 240924524.58506998 292485202.77029 116499421.29766 268663055.49902 135831383.47414 288192972.54914 208408321.29434 86008633.96625 134435392.16329 183900758.68137997 155779618.43792 290927667.04676 
409540434.29257 200112647.58742 390481835.2262 152635129.78399 90960803.37164 285502052.70407 262922521.61216 225202014.07474 330775180.17449 217263974.45268 356264035.82993996 258693624.37043 265444181.47701997 291463187.60516 240924524.58506998 0 428635990.03832 124425103.28740999 427366347.13944995 361150857.8728 389506682.85390997 177826068.89449 251799114.79949 142361074.15304 191826440.67113 360959098.95954 354184773.31742 
419429890.03297997 427018040.44934 688509919.744 437194650.5645299 442448923.98371994 388692391.92635995 314483199.79738003 351896736.01179 340664635.9149 445766981.83208 349176339.71647 361883963.59272 317004859.66223997 576022708.3857 292485202.77029 428635990.03832 0 408984624.06794995 504052775.96137 156653819.29615 580678175.31943 403348858.68019 378493836.73653996 425276484.96593 475093691.37688994 391169338.90027 579707563.10312 
285115331.00516 324537750.87483 399706413.28441 28210026.49658 33464299.91577 212706610.45373002 138497418.32475 175910954.53915998 206350076.88707998 211257802.15956998 233846464.61614 185898182.12009 141019078.18961 167038084.31775 116499421.29766 124425103.28740999 408984624.06795 0 302941243.85204 252330804.77179998 265081579.5665 217487915.13966 202508055.26391 17935970.86563 67401337.38372 236533995.67213002 393846619.56259 
305762166.84358 462342511.96582997 535375874.38624 280094377.91995996 336405543.76781 344885974.79155 290661052.52611 328074588.74052 226996912.7255 328532978.66902995 342512134.62236 318077546.45791 273198442.52743 457925701.63812995 268663055.49902 427366347.13944995 504052775.96137 302941243.85204 0 347398956.66522 554079275.8113999 435328183.87641 354671689.46527 285005272.98641 240903067.03282 317695100.00225997 559590722.54578 
262776070.73683 424349215.55575997 536470282.3182 280540831.26838 285795104.68757 232038572.63020998 157829380.50123 195242916.71563998 184010816.61875 330791763.53543 192522520.42032 205230144.29657 160351040.36609 419368889.08955 135831383.47414 361150857.8728 156653819.29615 252330804.77179998 347398956.66522 0 424024356.02328 344239704.76848 221840017.44039 268622665.66978 318439872.08074 234515519.60412 426759050.5209 
454926159.28242 576710804.63076 567241867.3751199 293291606.06307995 298545879.48227 262810157.68713 310190969.57623 347604505.79064 390691135.76493 394024006.60159993 373708219.7105 236001729.35349 280880833.28397 432119663.88425 288192972.54914 389506682.85390997 580678175.31943 265081579.5665 554079275.8113999 424024356.02327996 0 480433071.90618 374201606.51539 283017550.43213 332482916.9502199 441195838.7503 579120639.5959 
387837672.52606 324908885.44346 430638801.05461 189277888.64308 250952215.05543 304615510.45040995 230406318.32143 148996788.05284 309072418.40797997 257420940.28109 299918607.48554 277807082.11676997 232927978.18628997 367109212.36125 208408321.29433998 177826068.89449 403348858.68019 217487915.13966 435328183.87641 344239704.76848 480433071.90618 0 122399687.32809 215455138.64367 194425116.84359 285363808.96529996 176358704.42293 
265437985.19796997 202509198.11537 486647532.81031 230718081.76049 227559392.94193 182215823.12232 108006630.99334 26597100.72475 186672731.07988998 285339675.67169 177518920.15745 155407394.78868 110528290.8582 369546139.58166003 86008633.96625 251799114.79949 378493836.73653996 202508055.26391 354671689.46527 221840017.44039 374201606.51539 122399687.32809 0 220444026.12954 269909392.64763 162964121.63721 298758391.75102 
267179360.13953 342473721.74046 417642384.15004 26177250.00059 51400270.781399995 230642581.31936 156433389.19038 193846925.40478998 188414106.02144998 209225025.66358 251782435.48176998 203834152.98571998 158955049.05523998 184974055.18338 134435392.16329 142361074.15304 425276484.96593 17935970.86563 285005272.98641 268622665.66978 283017550.43213 215455138.64367 220444026.12954 0 65368560.88773 234501219.17614 391813843.06659997 
220836384.00871998 357556025.03858 467107750.66813 39191310.88714 100865637.29949 280107947.83744997 205898755.70847 243312291.92287996 243846792.51226 217991870.89016998 301247801.99986 253299519.50381 208420415.57333 217022634.60531 183900758.68137997 191826440.67113 475093691.37688994 67401337.38372 240903067.03282 318439872.08074 332482916.95022 194425116.84359 269909392.64763 65368560.88773 0 283966585.69423 370783821.26652 
233072214.07387 365473319.75258 529877426.7404599 244775274.80709 269998295.58790004 232002537.73045 177777615.46501002 136367020.91246 154306959.95578998 240066938.63658 116952924.47804 205194109.39681 160315005.46633 403572079.98988 155779618.43792 360959098.95954 391169338.90027 236533995.67213002 317695100.00225997 234515519.60412 441195838.7503 285363808.96529996 162964121.63721 234501219.17614 283966585.69423 0 446707285.48468 
474967836.61739 501267589.86639 606997505.47754 365636593.06601 427310919.47836 387134856.20282996 268929670.01967 325355492.47577 396202582.49931 433779644.70401996 408274710.36524 360326427.86919 315447323.93871 543467916.7841799 290927667.04676 354184773.31742 579707563.10312 393846619.56259 559590722.54578 426759050.5209 579120639.5959 176358704.42293 298758391.75102 391813843.06659997 370783821.26652 446707285.48468 0 
