16
9 1 16 7 13 18 11 2 4 8 19 17 0 15 12 3
0 156273236.90947 362419370.96157 636595360.72772 107779491.16987999 455184650.89908993 147810837.51381 304610683.68140996 94608709.44507 682351546.32552 228211506.39455 479641818.7675799 107109671.14479 39600655.63892 133462112.53147 693587109.98665 
156273236.90947 0 518692607.87104 792868597.63719 264052728.07935 298911413.98962 304084074.42328 460883920.59088 250881946.35454 838624783.23499 384484743.30402 524288474.02481997 263382908.05426 195873892.54839 289735349.44094 849860346.89612 
362419370.96156996 518692607.87104 0 811700634.68005 255979519.84187 754641896.93344 328317871.20581 452810712.3534 275115743.13707 862858580.01752 376411535.06654 627841847.43957 255309699.81678 402020026.60049 313969146.22347 874094143.6786499 
636595360.72772 792868597.63719 811700634.68005 0 557060754.88836 1055723131.97993 629399106.2523 753891947.39989 576196978.18356 1163939815.0640101 435289099.61351 928923082.4860599 556390934.86327 676196016.36664 615050381.26996 1175175378.72514 
107779491.16988 264052728.07935 255979519.84187 557060754.88836 0 498662377.09157 72338351.36394 198170832.56171 19136223.2952 606879060.17565 121771655.27485 373201967.64787996 669820.02509 147380146.8088 57989626.3816 618114623.83678 
455184650.89908993 298911413.98962 754641896.93344 1055723131.97993 498662377.09157 0 571000728.45551 400408195.12136996 517798600.38677 694583886.77718 620434032.36642 225377060.0352 499332197.11666 494785306.53800994 556652003.47317 705819450.4383099 
147810837.51381 304084074.42328 328317871.20581 629399106.2523 72338351.36394 571000728.45551 0 270509183.92565 53202128.06874 640944964.94919 194110006.63879 445540319.01181996 73008171.38903 187411493.15273 92055531.15514001 652180528.61032 
304610683.68140996 460883920.5908799 452810712.3534 753891947.39989 198170832.56171 400408195.12136996 270509183.92565 0 217307055.85691 607818963.18562 318602847.78638 175031135.08617 197501012.53662 344211339.32032996 256160458.94331 619054526.8467499 
94608709.44507 250881946.35454 275115743.13707 576196978.18356 19136223.2952 517798600.38677 53202128.06874 217307055.85691 0 587742836.88045 140907878.57005 392338190.94307995 19806043.32029 134209365.08399 38853403.0864 598978400.54158 
682351546.32552 838624783.23499 862858580.01752 1163939815.0640101 606879060.17565 694583886.77718 640944964.94919 607818963.18562 587742836.88045 0 728650715.4505 782850098.2717899 607548880.20074 721952201.96444 548889433.79405 11235563.66113 
228211506.39455 384484743.30402 376411535.06654 435289099.61351 121771655.27485 620434032.36642 194110006.63879 318602847.78638 140907878.57005 728650715.4505 0 493633982.87255 121101835.24976 267812162.03346997 179761281.65645 739886279.11163 
479641818.76758 524288474.02481997 627841847.43957 928923082.48606 373201967.64787996 225377060.0352 445540319.01181996 175031135.08617 392338190.94307995 782850098.2717899 493633982.87255 0 372532147.62279 519242474.4065 431191594.02948 794085661.9329199 
107109671.14479 263382908.05426 255309699.81678 556390934.86327 669820.02509 499332197.11666 73008171.38903 197501012.53662 19806043.32029 607548880.20074 121101835.24976 372532147.62279 0 146710326.78371 58659446.40669 618784443.8618699 
39600655.63892 195873892.54839 402020026.60049 676196016.36664 147380146.8088 494785306.53801 187411493.15273 344211339.32033 134209365.08399 721952201.96444 267812162.03346997 519242474.4065 146710326.78371 0 173062768.17039 733187765.6255699 
133462112.53147 289735349.44094 313969146.22347 615050381.26996 57989626.3816 556652003.47317 92055531.15514001 256160458.94331 38853403.0864 548889433.79405 179761281.65645 431191594.02948 58659446.40669 173062768.17039 0 560124997.4551799 
693587109.98665 849860346.89612 874094143.6786499 1175175378.72514 618114623.83678 705819450.4383099 652180528.61032 619054526.8467499 598978400.54158 11235563.66113 739886279.11163 794085661.9329199 618784443.8618699 733187765.6255699 560124997.4551799 0 
