25
location16 location45 location28 location26 location18 location49 location35 location21 location44 location17 location15 location4 location10 location22 location41 location13 location43 location32 location0 location12 location20 location42 location11 location8 location2
0 13.973500000000001 13.181599999999998 12.717600000000001 6.102 13.715300000000001 13.6172 11.354999999999999 22.766300000000005 20.300900000000002 13.133 16.9308 2.8806 16.8344 15.336500000000001 16.5793 8.1992 3.2554 11.5242 8.649 6.134399999999999 11.946399999999999 8.6631 6.1048 10.5681 
13.9735 0 15.5641 7.5933 8.6319 11.0918 8.4929 14.5131 9.418700000000001 6.327400000000001 9.9191 6.4312000000000005 11.0929 13.474400000000001 10.2122 2.6058 5.7743 14.446100000000001 2.4493 11.8071 9.2925 9.5215 10.427 7.8687000000000005 8.1432 
13.1816 15.5641 0 8.9346 13.522400000000001 12.4331 12.232999999999999 7.2386 16.1489 19.2402 11.9612 9.1329 10.301 12.718 6.3157 12.9583 10.5654 16.436999999999998 13.8904 4.5326 7.0472 11.9084 15.2181 12.6598 10.7468 
12.7176 7.5933 8.9346 0 6.615600000000001 3.4985 6.4765999999999995 14.391399999999999 12.4521 13.9207 3.0266 9.6464 9.837 11.4581 2.6189 10.1991 5.6526 12.4298 5.144 11.6854 9.1708 8.2116 8.5507 7.747 3.2837 
6.102 8.631900000000002 13.5224 6.615600000000001 0 10.1141 7.5152 11.6958 16.6643 14.959300000000002 9.6422 15.063100000000002 3.2214 12.4967 9.2345 11.237700000000002 8.540000000000001 5.8142 6.182600000000001 8.9898 6.4752 12.2872 9.003900000000002 6.445600000000001 9.8993 
13.7153 11.0918 12.4331 3.4985 10.1141 0 3.2112 13.6721 12.3603 15.451600000000001 6.5251 13.1449 10.8347 8.1927 6.1174 13.6976 9.1511 15.9283 8.6425 15.1839 12.6693 11.7101 5.0522 7.6105 6.7822 
13.617199999999999 8.492899999999999 12.233 6.4765999999999995 7.5152 3.2112 0 10.4609 9.1491 12.240400000000001 9.5032 14.9241 10.7366 4.9815000000000005 5.9173 11.0987 9.3686 13.3294 6.0436 13.1669 12.886800000000001 11.51 8.2634 10.8217 9.760299999999999 
11.354999999999999 14.513100000000001 7.2386 14.3914 11.695799999999998 13.6721 10.4609 0 19.610000000000003 20.840500000000002 15.341700000000003 16.3715 8.4744 5.4794 13.5543 17.1189 8.738800000000001 14.610399999999998 12.0638 2.706 5.2206 12.486 13.3915 10.833200000000001 11.107700000000001 
22.7663 9.418700000000001 16.1489 12.452100000000002 16.6643 12.3603 9.1491 19.610000000000003 0 3.0913 15.478700000000002 15.849900000000002 19.8857 14.130600000000001 9.833200000000001 12.024500000000002 15.193000000000001 22.4785 11.868000000000002 20.681500000000003 18.7112 15.425900000000002 17.4125 17.2874 15.735800000000001 
20.300900000000002 6.327400000000001 19.240199999999998 13.9207 14.9593 15.4516 12.2404 20.840500000000002 3.0913 0 16.2465 12.758600000000001 17.4203 17.221899999999998 12.924499999999998 8.933200000000001 12.101700000000001 20.773500000000002 8.776700000000002 18.134500000000003 15.619900000000001 12.370000000000001 16.7544 14.196100000000001 14.470600000000001 
13.133 9.9191 11.961200000000002 3.0266 9.6422 6.5251 9.5032 15.3417 15.478700000000002 16.2465 0 12.673 10.2524 14.4847 5.6455 12.5249 6.6029 15.456400000000002 7.4698 12.6357 10.1211 10.3501 9.586500000000001 7.0282 6.3103 
16.9308 6.4312000000000005 9.1329 9.6464 15.0631 13.1449 14.924100000000001 16.371499999999997 15.849900000000002 12.758600000000001 12.673 0 14.0502 19.9056 12.2653 3.8254 8.7316 20.1862 8.880500000000001 13.665499999999998 12.2498 12.4788 13.3843 10.826 6.3627 
2.8806 11.0929 10.301 9.837 3.2214 10.834700000000002 10.736600000000001 8.4744 19.885700000000003 17.4203 10.252400000000002 14.0502 0 13.9538 12.4559 13.6987 5.3186 6.135999999999999 8.6436 5.7684 3.2538 9.0658 5.782500000000001 3.2242 7.6875 
16.8344 13.474400000000003 12.717999999999998 11.458100000000002 12.4967 8.1927 4.9815000000000005 5.4794 14.1306 17.221899999999998 14.484700000000002 19.9056 13.9538 0 10.898800000000001 16.0802 14.2182 18.3109 11.025100000000002 8.1854 10.7 16.491500000000002 13.244900000000001 15.8032 14.741800000000001 
15.3365 10.2122 6.3157 2.6189 9.2345 6.1174 5.9173 13.554299999999998 9.8332 12.9245 5.6455 12.2653 12.4559 10.8988 0 12.818 8.2715 15.0487 7.7629 10.848299999999998 11.7897 5.592700000000001 11.1696 10.3659 5.9026 
16.5793 2.6058 12.9583 10.1991 11.2377 13.6976 11.0987 17.1189 12.0245 8.9332 12.524899999999999 3.8254 13.698699999999999 16.080199999999998 12.818 0 8.380099999999999 17.0519 5.0550999999999995 14.412899999999999 11.898299999999999 12.127299999999998 13.032799999999998 10.474499999999999 10.1881 
8.1992 5.7743 10.565399999999999 5.6526 8.54 9.1511 9.3686 8.7388 15.193000000000001 12.101700000000001 6.6029 8.7316 5.3186 14.2182 8.2715 8.3801 0 11.4546 3.325 6.0328 3.5182 3.7472 4.652699999999999 2.0944 2.3689 
3.2554 14.446100000000001 16.437 12.4298 5.8142 15.9283 13.3294 14.610399999999998 22.4785 20.773500000000002 15.4564 20.1862 6.135999999999999 18.3109 15.0487 17.0519 11.4546 0 11.9968 11.904399999999999 9.3898 15.201799999999999 11.918499999999998 9.360199999999999 13.8235 
11.524199999999999 2.4493 13.890400000000001 5.144 6.182600000000001 8.6425 6.0436 12.0638 11.868 8.7767 7.4698 8.8805 8.6436 11.0251 7.7629 5.0550999999999995 3.325 11.9968 0 9.357800000000001 6.8432 7.0722000000000005 7.9777 5.4193999999999996 5.6939 
8.649 11.807100000000002 4.5326 11.6854 8.989799999999999 15.1839 13.1669 2.706 20.681500000000003 18.134500000000003 12.6357 13.6655 5.7684 8.1854 10.8483 14.412900000000002 6.0328 11.904399999999999 9.357800000000001 0 2.5146 9.78 10.685500000000001 8.1272 8.4017 
6.134399999999999 9.2925 7.0472 9.1708 6.4752 12.6693 12.886800000000001 5.2206 18.7112 15.619900000000001 10.1211 12.2498 3.2538 10.7 11.7897 11.8983 3.5182 9.3898 6.8432 2.5146 0 7.2654 8.1709 5.6126000000000005 5.8871 
11.946399999999999 9.5215 11.9084 8.2116 12.287199999999999 11.7101 11.51 12.485999999999999 15.4259 12.37 10.350100000000001 12.4788 9.0658 16.491500000000002 5.592700000000001 12.1273 3.7472 15.201799999999999 7.0722000000000005 9.78 7.2654 0 8.399899999999999 5.8416 6.116099999999999 
8.6631 10.427 15.218099999999998 8.550699999999999 9.003900000000002 5.0522 8.2634 13.391499999999999 17.4125 16.7544 9.586500000000001 13.3843 5.782500000000001 13.244900000000001 11.169599999999999 13.0328 4.652699999999999 11.9185 7.9777 10.6855 8.1709 8.399899999999999 0 2.5583 7.021599999999999 
6.1048 7.8687 12.659799999999999 7.747 6.445600000000001 7.6105 10.8217 10.8332 17.287399999999998 14.1961 7.0282 10.826 3.2242 15.8032 10.3659 10.474499999999999 2.0944 9.360199999999999 5.4193999999999996 8.1272 5.6126000000000005 5.8416 2.5583 0 4.4633 
10.5681 8.1432 10.7468 3.2837 9.8993 6.7822 9.7603 11.1077 15.7358 14.470600000000001 6.3103 6.3627 7.6875 14.741800000000001 5.9026 10.1881 2.3689 13.8235 5.6939 8.4017 5.8871 6.116099999999999 7.0216 4.4633 0 
