22
3 4 8 9 11 13 16 19 22 25 28 30 31 32 33 36 37 38 39 40 41 1
0 0.1 5.1 6.0 6.5 3.0 7.0 9.0 10.0 8.0 6.0 7.0 7.0 7.0 6.0 5.5 6.0 6.0 6.0 6.0 6.0 2.0 
0.1 0 5.0 6.0 6.6 3.1 7.1 9.1 10.1 8.1 6.1 7.1 7.1 7.1 6.1 5.6 6.1 6.1 6.1 6.1 6.1 2.1 
5.1 5.0 0 3.0 5.0 4.0 6.0 8.0 10.0 11.0 9.0 10.0 10.0 10.0 9.0 8.5 9.0 9.0 9.0 9.0 9.0 5.0 
6.0 6.0 3.0 0 4.0 3.0 5.0 7.0 9.0 10.0 8.0 9.0 9.0 9.0 8.0 7.5 8.0 8.0 8.0 8.0 8.0 4.0 
6.5 6.6 5.0 4.0 0 3.5 5.5 7.5 9.5 10.5 8.5 9.5 9.5 9.5 8.5 8.0 8.5 8.5 8.5 8.5 8.5 4.5 
3.0 3.1 4.0 3.0 3.5 0 4.0 6.0 8.0 7.0 5.0 6.0 6.0 6.0 5.0 4.5 5.0 5.0 5.0 5.0 5.0 1.0 
7.0 7.1 6.0 5.0 5.5 4.0 0 4.0 6.0 8.0 9.0 10.0 10.0 10.0 9.0 8.5 9.0 9.0 9.0 9.0 9.0 5.0 
9.0 9.1 8.0 7.0 7.5 6.0 4.0 0 4.0 6.0 8.0 9.0 9.0 9.0 9.0 9.5 11.0 11.0 11.0 11.0 11.0 7.0 
10.0 10.1 10.0 9.0 9.5 8.0 6.0 4.0 0 4.0 6.0 7.0 7.0 7.0 7.0 7.5 9.0 9.0 9.0 9.0 9.0 8.0 
8.0 8.1 11.0 10.0 10.5 7.0 8.0 6.0 4.0 0 4.0 5.0 5.0 5.0 5.0 5.5 7.0 7.0 7.0 7.0 7.0 6.0 
6.0 6.1 9.0 8.0 8.5 5.0 9.0 8.0 6.0 4.0 0 1.0 1.0 1.0 1.0 1.5 3.0 3.0 3.0 3.0 3.0 4.0 
7.0 7.1 10.0 9.0 9.5 6.0 10.0 9.0 7.0 5.0 1.0 0 2.0 2.0 2.0 2.5 4.0 4.0 4.0 4.0 4.0 5.0 
7.0 7.1 10.0 9.0 9.5 6.0 10.0 9.0 7.0 5.0 1.0 2.0 0 2.0 2.0 2.5 4.0 4.0 4.0 4.0 4.0 5.0 
7.0 7.1 10.0 9.0 9.5 6.0 10.0 9.0 7.0 5.0 1.0 2.0 2.0 0 2.0 2.5 4.0 4.0 4.0 4.0 4.0 5.0 
6.0 6.1 9.0 8.0 8.5 5.0 9.0 9.0 7.0 5.0 1.0 2.0 2.0 2.0 0 0.5 2.0 2.0 2.0 2.0 2.0 4.0 
5.5 5.6 8.5 7.5 8.0 4.5 8.5 9.5 7.5 5.5 1.5 2.5 2.5 2.5 0.5 0 1.5 1.5 1.5 1.5 1.5 3.5 
6.0 6.1 9.0 8.0 8.5 5.0 9.0 11.0 9.0 7.0 3.0 4.0 4.0 4.0 2.0 1.5 0 2.0 2.0 2.0 2.0 4.0 
6.0 6.1 9.0 8.0 8.5 5.0 9.0 11.0 9.0 7.0 3.0 4.0 4.0 4.0 2.0 1.5 2.0 0 2.0 2.0 2.0 4.0 
6.0 6.1 9.0 8.0 8.5 5.0 9.0 11.0 9.0 7.0 3.0 4.0 4.0 4.0 2.0 1.5 2.0 2.0 0 2.0 2.0 4.0 
6.0 6.1 9.0 8.0 8.5 5.0 9.0 11.0 9.0 7.0 3.0 4.0 4.0 4.0 2.0 1.5 2.0 2.0 2.0 0 2.0 4.0 
6.0 6.1 9.0 8.0 8.5 5.0 9.0 11.0 9.0 7.0 3.0 4.0 4.0 4.0 2.0 1.5 2.0 2.0 2.0 2.0 0 4.0 
2.0 2.1 5.0 4.0 4.5 1.0 5.0 7.0 8.0 6.0 4.0 5.0 5.0 5.0 4.0 3.5 4.0 4.0 4.0 4.0 4.0 0 
