7
1 5 6 14 19 20 2
0 20.0 4.0 23.0 15.0 3.0 23.0 
20.0 0 16.0 13.0 9.0 23.0 5.0 
4.0 16.0 0 19.0 11.0 7.0 19.0 
23.0 13.0 19.0 0 8.0 23.0 8.0 
15.0 9.0 11.0 8.0 0 18.0 8.0 
3.0 23.0 7.0 23.0 18.0 0 23.0 
23.0 5.0 19.0 8.0 8.0 23.0 0 
