26
0 23 19 27 44 18 2 32 17 5 45 47 29 9 3 1 12 35 41 26 14 46 48 37 33 10
0 970139993.5846199 922253804.09652 1884249748.79769 2241275603.6546497 901758223.7528499 1155280796.30445 2514568128.36421 2356950206.07839 677264479.5893 237659740.9861 1707358562.6497 1718546409.69884 895311941.62558 1427013349.90779 28344229.21425 631445889.65438 2505385773.1013303 1867222229.50221 1200871019.49383 1880452612.9573798 1775352400.41607 1753332605.25055 1531011117.29836 943567625.3553699 969958914.5224899 
970139993.5846199 0 1156544327.8516798 2118540272.55285 2475566127.40981 1136048747.50801 1389571320.05961 2748858652.11937 2591240729.83355 1647404473.17392 1207799734.57072 2251655731.68449 1952836933.454 1385539422.9576697 1955674906.83937 941795764.3703699 1601585883.2389998 2330101829.1195 2837362223.0868297 1435161543.24899 1632507078.7244 2009642924.1712298 1987623129.00571 1765301641.05352 1177858149.11053 1204249438.2776499 
922253804.09652 1156544327.8516798 0 1788546885.40743 2102604714.61187 763087334.71007 1016609907.26167 2375897239.32143 2218279317.03561 1421092415.73328 981487677.13008 1878694318.88655 1579875520.65606 1012578010.15973 1797187223.02368 893909574.88227 1276444062.13093 2366714884.05855 2738124676.18592 1062200130.45105 1741781723.9146 1636681511.37329 1393088304.98448 1392340228.25558 804896736.31259 831288025.47971 
1884249748.7976902 2118540272.55285 1788546885.40743 0 2525929921.46301 1768051305.0637598 1667139946.42435 1164134863.14645 1321752785.43227 2417367919.52244 1977763180.91924 1725769674.31176 1758628933.43831 1482413113.3594098 2167804980.68992 1855905519.58344 1583977032.2509599 2269761343.51728 2788130791.70957 2067164100.80474 1660251699.64576 1483756866.7985 2040944978.04675 2126787401.34168 983650149.0948399 1010041438.2619599 
2241275603.65465 2475566127.40981 2102604714.61187 2525929921.46301 0 1934643507.5008302 1085994807.3502 2445282139.40996 2287664217.12414 2090720099.86827 2235345485.46822 2616077354.94213 2524759415.42849 1680249393.93573 1950489257.03563 2212931374.4404 1841559336.79994 2520016918.0705 3271008657.3695 2233756303.2418103 865678221.81725 2134995895.0982099 2022576120.58085 1545642262.26753 1769484604.67971 1776171920.25214 
901758223.7528499 1136048747.50801 763087334.71007 1768051305.0637598 1934643507.5008302 0 996114326.918 2102602224.15094 1944984301.86512 1579022703.34215 1139417964.73895 1858198738.5428798 1559379940.3123899 992082429.81606 1776691642.68001 873413994.5386 1255948481.78726 2206763317.24497 1975037341.47585 299112795.74098 1068965285.68358 1408762492.74595 851574381.4977 1371844647.91191 784401155.96892 810792445.13604 
1155280796.30445 1389571320.05961 1016609907.26167 1667139946.4243498 1085994807.3502 996114326.918 0 1359287332.05976 1201669409.77394 1443951503.4330099 1392940537.29055 1757287379.9034698 1458468581.6729798 1182252761.59408 864494449.68543 1126936567.0902 1446118813.56528 1434022110.7203 2185013850.0193 1295227122.65898 1620374784.93152 1488227298.66295 936581313.23065 459647454.91732997 683489797.32951 709881086.49663 
2514568128.36421 2748858652.1193705 2375897239.32143 1164134863.14645 2445282139.40996 2102602224.15094 1359287332.05976 0 157617922.28582 2803238835.49277 2752227869.3503103 2889904537.45821 2802700083.86602 2526484263.78712 2223781781.74519 2486223899.14996 2748111895.39741 1105626480.37083 3544301182.07906 2401715019.89192 1960119162.8126602 1808215953.90149 1251027842.65324 1818934786.9770901 2027721299.52255 2054112588.68967 
2356950206.07839 2591240729.83355 2218279317.03561 1321752785.43227 2287664217.12414 1944984301.86512 1201669409.77394 157617922.28582 0 2645620913.20695 2594609947.0644903 2943900959.81069 2645082161.5802 2368866341.5013 2066163859.4593701 2328605976.86414 2632732393.4725 1263244402.65665 3386683259.79324 2244097097.6061 1802501240.5268402 1650598031.61567 1093409920.36742 1661316864.69127 1870103377.23673 1896494666.40385 
677264479.5893 1647404473.17392 1421092415.73328 2417367919.52244 2090720099.86827 1579022703.3421502 1443951503.4330099 2803238835.49277 2645620913.20695 0 439604738.6032 1909303560.2668002 2318216109.51648 1097256939.24268 2104277829.4970899 705608708.80355 833390887.2714801 2877973614.15331 2544486709.09151 1878135499.0831304 2480122312.77502 1985958317.03784 2198945777.48011 1903598958.35034 1596019903.50725 1569628614.34013 
237659740.9861 1207799734.57072 981487677.13008 1977763180.91924 2235345485.46822 1139417964.73895 1392940537.29055 2752227869.3503103 2594609947.0644903 439604738.6032 0 1469698821.6636 1878611370.91328 657652200.63948 1664673090.89389 266003970.20035 393786148.66828 2743045514.08743 2104881970.4883099 1438530760.47993 2040517574.17182 1546353578.43464 1759341038.87691 1768670858.28446 1156415164.9040499 1130023875.73693 
1707358562.6497 2251655731.68449 1878694318.8865502 1725769674.31176 2616077354.94213 1858198738.54288 1757287379.90347 2889904537.45821 2943900959.81069 1909303560.2668 1469698821.6636 0 1848776366.91743 1339778724.9665198 2351027767.68598 1735702791.86395 1075912672.9953198 3191309490.6237698 2971353578.70563 2157311534.28386 1750399133.12488 1573904300.2776198 2131092411.5258698 2216934834.8208 1073797582.57396 1100188871.74108 
1718546409.6988401 1952836933.4539998 1579875520.65606 1758628933.43831 2524759415.4284897 1559379940.3123899 1458468581.67298 2802700083.86602 2645082161.5802 2318216109.51648 1878611370.91328 1848776366.91743 0 1220959170.2738 2322963031.35841 1690202180.48459 1484825222.245 2892490692.39328 3380266127.95531 1858492736.05337 1659081193.61124 1606763559.40417 2163951670.65242 1918116036.59031 774978784.34347 748587495.17635 
895311941.62558 1385539422.9576697 1012578010.15973 1482413113.3594098 1680249393.93573 992082429.81606 1182252761.59408 2526484263.78712 2368866341.5013 1097256939.24268 657652200.63948 1339778724.96652 1220959170.2738 0 1389039649.86226 923656170.8398299 263866051.9712 2595709979.1645403 2159306957.68151 1291195225.55704 1382865373.53234 1330547739.32527 1843656811.31376 1621335323.3615701 498762964.26457 472371675.09745 
1427013349.90779 1955674906.83937 1797187223.02368 2167804980.68992 1950489257.03563 1776691642.6800098 864494449.68543 2223781781.74519 2066163859.4593701 2104277829.4970899 1664673090.89389 2351027767.68598 2322963031.35841 1389039649.86226 0 1455357579.12204 1275115094.69066 1379221650.5710702 1320519400.33387 2075804438.42099 1781407500.3787801 2352721748.34838 1801075762.91608 404846994.7681 1547984247.01494 1574375536.18206 
28344229.21425 941795764.3703699 893909574.88227 1855905519.58344 2212931374.4404 873413994.5386 1126936567.0902 2486223899.14996 2328605976.86414 705608708.80355 266003970.20035 1735702791.86395 1690202180.48459 923656170.8398299 1455357579.12204 0 659790118.8686299 2477041543.88708 1895566458.71646 1172526790.27958 1852108383.74313 1747008171.20182 1724988376.0363 1502666888.08411 915223396.14112 941614685.3082399 
631445889.65438 1601585883.2389998 1276444062.13093 1583977032.2509599 1841559336.79994 1255948481.78726 1446118813.56528 2748111895.39741 2632732393.4725 833390887.2714801 393786148.66828 1075912672.9953198 1484825222.245 263866051.9712 1275115094.69066 659790118.8686299 0 2654336745.26173 1895440905.71031 1555061277.5282402 1646731425.50354 1594413791.29647 2107522863.28496 1679962089.45876 762629016.23577 736237727.06865 
2505385773.1013303 2330101829.1195 2366714884.05855 2269761343.51728 2520016918.0705 2206763317.24497 1434022110.7203 1105626480.37083 1263244402.65665 2877973614.15331 2743045514.0874305 3191309490.6237698 2892490692.39328 2595709979.1645403 1379221650.5710702 2477041543.88708 2654336745.2617307 0 2699741050.90494 2505876112.98595 1681266331.55458 2913842434.27232 2356654323.02407 974374655.80297 2117511908.04981 2143903197.21693 
1867222229.50221 2837362223.08683 2738124676.18592 2788130791.70957 3271008657.3695 1975037341.47585 2185013850.0193 3544301182.07906 3386683259.79324 2544486709.09151 2104881970.4883099 2971353578.7056303 3380266127.9553103 2159306957.68151 1320519400.33387 1895566458.71646 1895440905.71031 2699741050.90494 0 1675924545.73487 3044002627.15943 3383799834.2218003 2826611722.9735503 1725366395.10197 2658069921.94608 2631678632.77896 
1200871019.4938302 1435161543.24899 1062200130.45105 2067164100.80474 2233756303.24181 299112795.74098 1295227122.65898 2401715019.89192 2244097097.6061 1878135499.0831301 1438530760.4799302 2157311534.28386 1858492736.05337 1291195225.55704 2075804438.42099 1172526790.27958 1555061277.52824 2505876112.98595 1675924545.73487 0 1368078081.42456 1707875288.4869301 1150687177.2386801 1670957443.65289 1083513951.7099 1109905240.87702 
1880452612.9573803 1632507078.7244 1741781723.9146001 1660251699.64576 865678221.81725 1068965285.68358 1620374784.93152 1960119162.8126602 1802501240.5268402 2480122312.77502 2040517574.1718202 1750399133.12488 1659081193.61124 1382865373.53234 1781407500.3787801 1852108383.7431302 1646731425.50354 1681266331.55458 3044002627.15943 1368078081.42456 0 1508386325.61162 1920539667.18128 1376560505.61068 936884987.60201 910493698.43489 
1775352400.41607 2009642924.1712298 1636681511.3732898 1483756866.7985 2134995895.0982099 1408762492.74595 1488227298.6629498 1808215953.90149 1650598031.61567 1985958317.03784 1546353578.43464 1573904300.27762 1606763559.40417 1330547739.32527 2352721748.34838 1747008171.20182 1594413791.29647 2913842434.27232 3383799834.2218 1707875288.48693 1508386325.61162 0 557188111.24825 1947874753.5802798 831784775.0606999 858176064.2278199 
1753332605.25055 1987623129.0057101 1393088304.98448 2040944978.04675 2022576120.58085 851574381.4977 936581313.23065 1251027842.65324 1093409920.36742 2198945777.48011 1759341038.87691 2131092411.52587 2163951670.65242 1843656811.3137598 1801075762.91608 1724988376.0363002 2107522863.2849598 2356654323.02407 2826611722.97355 1150687177.23868 1920539667.1812801 557188111.24825 0 1396228768.14798 1388972886.30895 1415364175.47607 
1531011117.29836 1765301641.05352 1392340228.25558 2126787401.34168 1545642262.26753 1371844647.91191 459647454.91732997 1818934786.97709 1661316864.6912699 1903598958.35034 1768670858.28446 2216934834.8208 1918116036.59031 1621335323.36157 404846994.7681 1502666888.08411 1679962089.45876 974374655.80297 1725366395.10197 1670957443.6528902 1376560505.61068 1947874753.5802798 1396228768.14798 0 1143137252.24684 1169528541.41396 
943567625.3553699 1177858149.11053 804896736.31259 983650149.0948399 1769484604.67971 784401155.96892 683489797.32951 2027721299.52255 1870103377.23673 1596019903.5072498 1156415164.9040499 1073797582.5739598 774978784.34347 498762964.26457 1547984247.01494 915223396.14112 762629016.23577 2117511908.04981 2658069921.94608 1083513951.7099 936884987.60201 831784775.0606999 1388972886.30895 1143137252.24684 0 26391289.16712 
969958914.5224899 1204249438.2776499 831288025.47971 1010041438.26196 1776171920.25214 810792445.13604 709881086.49663 2054112588.68967 1896494666.40385 1569628614.3401299 1130023875.73693 1100188871.74108 748587495.17635 472371675.09745 1574375536.18206 941614685.3082399 736237727.06865 2143903197.21693 2631678632.77896 1109905240.87702 910493698.43489 858176064.2278199 1415364175.47607 1169528541.41396 26391289.16712 0 
