31
B C D E F G H I J K L M N O P Q R S T U V W X Y Z AA AB AC AD AE A
0 120.0 230.0 330.0 420.0 500.0 570.0 630.0 680.0 720.0 750.0 770.0 780.0 800.0 830.0 870.0 920.0 980.0 1050.0 1130.0 1220.0 1320.0 1430.0 1550.0 1680.0 1820.0 1970.0 2130.0 2300.0 2480.0 130.0 
120.0 0 110.0 210.0 300.0 380.0 450.0 510.0 560.0 600.0 630.0 650.0 660.0 680.0 710.0 750.0 800.0 860.0 930.0 1010.0 1100.0 1200.0 1310.0 1430.0 1560.0 1700.0 1850.0 2010.0 2180.0 2360.0 250.0 
230.0 110.0 0 100.0 190.0 270.0 340.0 400.0 450.0 490.0 520.0 540.0 550.0 570.0 600.0 640.0 690.0 750.0 820.0 900.0 990.0 1090.0 1200.0 1320.0 1450.0 1590.0 1740.0 1900.0 2070.0 2250.0 360.0 
330.0 210.0 100.0 0 90.0 170.0 240.0 300.0 350.0 390.0 420.0 440.0 450.0 470.0 500.0 540.0 590.0 650.0 720.0 800.0 890.0 990.0 1100.0 1220.0 1350.0 1490.0 1640.0 1800.0 1970.0 2150.0 460.0 
420.0 300.0 190.0 90.0 0 80.0 150.0 210.0 260.0 300.0 330.0 350.0 360.0 380.0 410.0 450.0 500.0 560.0 630.0 710.0 800.0 900.0 1010.0 1130.0 1260.0 1400.0 1550.0 1710.0 1880.0 2060.0 550.0 
500.0 380.0 270.0 170.0 80.0 0 70.0 130.0 180.0 220.0 250.0 270.0 280.0 300.0 330.0 370.0 420.0 480.0 550.0 630.0 720.0 820.0 930.0 1050.0 1180.0 1320.0 1470.0 1630.0 1800.0 1980.0 630.0 
570.0 450.0 340.0 240.0 150.0 70.0 0 60.0 110.0 150.0 180.0 200.0 210.0 230.0 260.0 300.0 350.0 410.0 480.0 560.0 650.0 750.0 860.0 980.0 1110.0 1250.0 1400.0 1560.0 1730.0 1910.0 700.0 
630.0 510.0 400.0 300.0 210.0 130.0 60.0 0 50.0 90.0 120.0 140.0 150.0 170.0 200.0 240.0 290.0 350.0 420.0 500.0 590.0 690.0 800.0 920.0 1050.0 1190.0 1340.0 1500.0 1670.0 1850.0 760.0 
680.0 560.0 450.0 350.0 260.0 180.0 110.0 50.0 0 40.0 70.0 90.0 100.0 120.0 150.0 190.0 240.0 300.0 370.0 450.0 540.0 640.0 750.0 870.0 1000.0 1140.0 1290.0 1450.0 1620.0 1800.0 810.0 
720.0 600.0 490.0 390.0 300.0 220.0 150.0 90.0 40.0 0 30.0 50.0 60.0 80.0 110.0 150.0 200.0 260.0 330.0 410.0 500.0 600.0 710.0 830.0 960.0 1100.0 1250.0 1410.0 1580.0 1760.0 850.0 
750.0 630.0 520.0 420.0 330.0 250.0 180.0 120.0 70.0 30.0 0 20.0 30.0 50.0 80.0 120.0 170.0 230.0 300.0 380.0 470.0 570.0 680.0 800.0 930.0 1070.0 1220.0 1380.0 1550.0 1730.0 880.0 
770.0 650.0 540.0 440.0 350.0 270.0 200.0 140.0 90.0 50.0 20.0 0 10.0 30.0 60.0 100.0 150.0 210.0 280.0 360.0 450.0 550.0 660.0 780.0 910.0 1050.0 1200.0 1360.0 1530.0 1710.0 900.0 
780.0 660.0 550.0 450.0 360.0 280.0 210.0 150.0 100.0 60.0 30.0 10.0 0 20.0 50.0 90.0 140.0 200.0 270.0 350.0 440.0 540.0 650.0 770.0 900.0 1040.0 1190.0 1350.0 1520.0 1700.0 910.0 
800.0 680.0 570.0 470.0 380.0 300.0 230.0 170.0 120.0 80.0 50.0 30.0 20.0 0 30.0 70.0 120.0 180.0 250.0 330.0 420.0 520.0 630.0 750.0 880.0 1020.0 1170.0 1330.0 1500.0 1680.0 930.0 
830.0 710.0 600.0 500.0 410.0 330.0 260.0 200.0 150.0 110.0 80.0 60.0 50.0 30.0 0 40.0 90.0 150.0 220.0 300.0 390.0 490.0 600.0 720.0 850.0 990.0 1140.0 1300.0 1470.0 1650.0 960.0 
870.0 750.0 640.0 540.0 450.0 370.0 300.0 240.0 190.0 150.0 120.0 100.0 90.0 70.0 40.0 0 50.0 110.0 180.0 260.0 350.0 450.0 560.0 680.0 810.0 950.0 1100.0 1260.0 1430.0 1610.0 1000.0 
920.0 800.0 690.0 590.0 500.0 420.0 350.0 290.0 240.0 200.0 170.0 150.0 140.0 120.0 90.0 50.0 0 60.0 130.0 210.0 300.0 400.0 510.0 630.0 760.0 900.0 1050.0 1210.0 1380.0 1560.0 1050.0 
980.0 860.0 750.0 650.0 560.0 480.0 410.0 350.0 300.0 260.0 230.0 210.0 200.0 180.0 150.0 110.0 60.0 0 70.0 150.0 240.0 340.0 450.0 570.0 700.0 840.0 990.0 1150.0 1320.0 1500.0 1110.0 
1050.0 930.0 820.0 720.0 630.0 550.0 480.0 420.0 370.0 330.0 300.0 280.0 270.0 250.0 220.0 180.0 130.0 70.0 0 80.0 170.0 270.0 380.0 500.0 630.0 770.0 920.0 1080.0 1250.0 1430.0 1180.0 
1130.0 1010.0 900.0 800.0 710.0 630.0 560.0 500.0 450.0 410.0 380.0 360.0 350.0 330.0 300.0 260.0 210.0 150.0 80.0 0 90.0 190.0 300.0 420.0 550.0 690.0 840.0 1000.0 1170.0 1350.0 1260.0 
1220.0 1100.0 990.0 890.0 800.0 720.0 650.0 590.0 540.0 500.0 470.0 450.0 440.0 420.0 390.0 350.0 300.0 240.0 170.0 90.0 0 100.0 210.0 330.0 460.0 600.0 750.0 910.0 1080.0 1260.0 1350.0 
1320.0 1200.0 1090.0 990.0 900.0 820.0 750.0 690.0 640.0 600.0 570.0 550.0 540.0 520.0 490.0 450.0 400.0 340.0 270.0 190.0 100.0 0 110.0 230.0 360.0 500.0 650.0 810.0 980.0 1160.0 1450.0 
1430.0 1310.0 1200.0 1100.0 1010.0 930.0 860.0 800.0 750.0 710.0 680.0 660.0 650.0 630.0 600.0 560.0 510.0 450.0 380.0 300.0 210.0 110.0 0 120.0 250.0 390.0 540.0 700.0 870.0 1050.0 1560.0 
1550.0 1430.0 1320.0 1220.0 1130.0 1050.0 980.0 920.0 870.0 830.0 800.0 780.0 770.0 750.0 720.0 680.0 630.0 570.0 500.0 420.0 330.0 230.0 120.0 0 130.0 270.0 420.0 580.0 750.0 930.0 1680.0 
1680.0 1560.0 1450.0 1350.0 1260.0 1180.0 1110.0 1050.0 1000.0 960.0 930.0 910.0 900.0 880.0 850.0 810.0 760.0 700.0 630.0 550.0 460.0 360.0 250.0 130.0 0 140.0 290.0 450.0 620.0 800.0 1810.0 
1820.0 1700.0 1590.0 1490.0 1400.0 1320.0 1250.0 1190.0 1140.0 1100.0 1070.0 1050.0 1040.0 1020.0 990.0 950.0 900.0 840.0 770.0 690.0 600.0 500.0 390.0 270.0 140.0 0 150.0 310.0 480.0 660.0 1950.0 
1970.0 1850.0 1740.0 1640.0 1550.0 1470.0 1400.0 1340.0 1290.0 1250.0 1220.0 1200.0 1190.0 1170.0 1140.0 1100.0 1050.0 990.0 920.0 840.0 750.0 650.0 540.0 420.0 290.0 150.0 0 160.0 330.0 510.0 2100.0 
2130.0 2010.0 1900.0 1800.0 1710.0 1630.0 1560.0 1500.0 1450.0 1410.0 1380.0 1360.0 1350.0 1330.0 1300.0 1260.0 1210.0 1150.0 1080.0 1000.0 910.0 810.0 700.0 580.0 450.0 310.0 160.0 0 170.0 350.0 2260.0 
2300.0 2180.0 2070.0 1970.0 1880.0 1800.0 1730.0 1670.0 1620.0 1580.0 1550.0 1530.0 1520.0 1500.0 1470.0 1430.0 1380.0 1320.0 1250.0 1170.0 1080.0 980.0 870.0 750.0 620.0 480.0 330.0 170.0 0 180.0 2430.0 
2480.0 2360.0 2250.0 2150.0 2060.0 1980.0 1910.0 1850.0 1800.0 1760.0 1730.0 1710.0 1700.0 1680.0 1650.0 1610.0 1560.0 1500.0 1430.0 1350.0 1260.0 1160.0 1050.0 930.0 800.0 660.0 510.0 350.0 180.0 0 2610.0 
130.0 250.0 360.0 460.0 550.0 630.0 700.0 760.0 810.0 850.0 880.0 900.0 910.0 930.0 960.0 1000.0 1050.0 1110.0 1180.0 1260.0 1350.0 1450.0 1560.0 1680.0 1810.0 1950.0 2100.0 2260.0 2430.0 2610.0 0 
