26
ARM AFG BRA CAN CHL ABW COD CCK BGR BLR BEL AGO AIA ARG BVT BLZ AND CMR ATA BTN BRB ALA BMU BFA BHS ATG
0 101.67955 109.54129 121.44387 88.8733 170.10097000000002 135.95994000000002 113.08073999999999 142.63698000000002 76.73917 129.98787000000002 111.85151 117.51051000000001 89.43933999999999 122.07902 123.74981 22.02272 109.34397000000001 135.64585 76.89053 128.91196 90.492 140.34713 123.60067000000001 142.53011 85.63191 
101.67955 0 102.43009 45.61602 12.80625 75.16648 49.39636 37.01369 66.80913000000001 75.91818 54.16002 30.80584 44.05985 147.07344999999998 27.65863 114.41692 79.65683 72.03571 97.38640000000001 47.34608 94.36997 60.94755 90.94369999999999 82.95107 102.18645000000001 97.56748999999999 
109.54129 102.43009 0 56.81407 89.62384 136.16392000000002 78.07436 65.4164 60.91918 42.80212 48.27007 77.91446 110.49212999999999 154.93519 94.09091 42.75512 87.51857000000001 60.40695 120.14788 73.31268 88.32376000000001 86.91415 30.80584 83.18075 72.11103 70.13394 
121.44387 45.61602 56.81407 0 32.80977 120.7825 21.26029 8.60233 21.19311 83.43469 8.544 76.42186 70.52146 167.07697 54.12024 79.52819 99.66035 26.41969 121.16763 44.55334 112.67327999999999 58.15481 48.34119 80.02362 92.91722 94.77226999999999 
88.8733 12.80625 89.62384 32.80977 0 87.97273000000001 54.07006 24.20744 54.00288 67.28965 41.35377 43.61209 40.08073 134.2672 40.46488 101.61067 66.85058 59.22946 110.19265 34.53983 81.56372 48.1413 81.15096 70.14482 89.3802 84.76124000000002 
170.10097 75.16648 136.16392000000002 120.7825 87.97273000000001 0 124.56284000000001 112.18017 141.97561000000002 103.3618 129.3265 58.24946 119.22633 215.49487 102.82511000000001 150.37244 148.07825 147.20219 172.55288000000002 122.51256000000001 155.53459 136.11403 166.11018 150.2233 169.15274 130.69362 
135.95994000000002 49.39636 78.07436 21.26029 54.07006 124.56284000000001 0 29.86262 42.4534 103.03092000000001 29.80429 80.2022 82.77387 188.33726 75.38053000000001 100.78847999999999 120.92063999999999 47.67998 142.42792000000003 65.81363 124.25686 79.41510000000001 69.60148 101.28390999999999 114.17751000000001 116.03255999999999 
113.08073999999999 37.01369 65.4164 8.60233 24.20744 112.18017 29.86262 0 29.79544 88.67795 17.14633 67.81953 64.04499 158.47464 53.60037 77.40323000000001 91.05802 35.02202 112.56530000000001 51.0392 104.07095 64.64067 56.94352 71.42129 84.31489 101.26061000000001 
142.63698 66.80913 60.91918 21.19311 54.00288 141.97561000000002 42.4534 29.79544 0 81.0432 12.64911 97.61497 91.71457 188.27007999999998 75.31335 70.88104 120.85345999999998 47.6128 142.36074000000002 65.74645 99.08582 79.34792 49.90141 78.1827 97.41769 115.96538000000001 
76.73917 75.91818 42.80212 83.43469 67.28965 103.3618 103.03092000000001 88.67795 81.0432 0 91.07219 45.11234 81.13054 122.13307 75.17415 47.01064 54.71645 99.7136 87.34576000000001 40.51056 52.17279 54.11203 73.60796 46.8615 65.79094 37.33182 
129.98787 54.160019999999996 48.27007 8.544 41.35377 129.3265 29.80429 17.14633 12.64911 91.07219 0 84.96585999999999 79.06546 175.62097 62.66424000000001 79.33444 108.20434999999999 34.96369 129.71163 53.09734 110.75198 66.69881000000001 48.147439999999996 88.36229 93.47727 103.31627 
111.85150999999999 30.80584 77.91446 76.42186 43.61209 58.24946 80.2022 67.81953 97.61497 45.11234 84.96585999999999 0 74.86569 157.24541 58.46447 92.12298000000001 89.82879 102.84155 122.45810000000002 75.6229 97.28513000000001 89.22437000000001 108.72030000000001 91.97384 110.90328000000001 72.44416000000001 
117.51051 44.05985 110.49213 70.52146 40.08073 119.22633 82.77387 64.04499 91.71457000000001 81.13054 79.06546 74.86569 0 163.983 16.40122 128.14118 96.56638 61.88748 86.12899 40.61998 76.92309 27.01851 79.68629 109.57275 104.99443 82.91504 
89.43933999999999 147.07345 154.93518999999998 167.07697 134.2672 215.49487 188.33726 158.47464 188.27008 122.13306999999999 175.62097 157.24541 163.98299999999998 0 168.55151 169.14371 67.41662 154.73787 181.03975000000003 123.36301999999999 174.30586 136.96448999999998 185.74102999999997 168.99456999999998 187.92400999999998 131.02581 
122.07902 27.65863 94.09091 54.12024 40.46488 102.82511000000001 75.38053000000001 53.60037 75.31335000000001 75.17415 62.66424000000001 58.46447 16.40122 168.55151 0 122.18478999999999 101.13489 45.48626 69.72777 45.18849 78.51625 43.41973 63.28507 110.60969999999999 106.58759 84.50819999999999 
123.74981 114.41692 42.75512 79.52819 101.61067 150.37244 100.78847999999999 77.40323000000001 70.88104 47.01064 79.33444 92.12298000000001 128.14118 169.14371 122.18479 0 101.72709 103.16207 134.3564 87.5212 52.875 101.12267 73.56096 41.36044 30.26549 84.34246000000002 
22.02272 79.65683 87.51857000000001 99.66035 66.85058 148.07825 120.92063999999999 91.05802 120.85345999999998 54.71645 108.20434999999999 89.82879 96.56638000000001 67.41662 101.13489 101.72709 0 87.32125 113.62313 55.9464 106.88924 69.54787 118.32441000000001 101.57795 120.50739 63.60919 
109.34397000000001 72.03571 60.40695 26.41969 59.229459999999996 147.20219 47.67998 35.02202 47.6128 99.7136 34.96369 102.84155 61.88748 154.73787 45.48626 103.16207 87.32125 0 115.21403000000001 59.20304 104.74423 72.80451000000001 74.76088 74.97403 94.20940999999999 109.42445000000001 
135.64585 97.38640000000001 120.14788 121.16763 110.19265000000001 172.55288000000002 142.42792 112.56530000000001 142.36074000000002 87.34576 129.71163 122.4581 86.12899 181.03975 69.72777 134.3564 113.62313 115.21403000000001 0 112.34356 139.51855 113.14750000000001 133.01284 134.20726 153.13670000000002 96.23850000000002 
76.89053 47.34608 73.31268 44.55334 34.53983 122.51256000000001 65.81363 51.0392 65.74645000000001 40.51056 53.09734 75.6229 40.61998 123.36301999999999 45.18849 87.5212 55.9464 59.20304 112.34356000000001 0 84.60788000000001 13.60147 92.76941 87.37206 106.3015 50.22141 
128.91196 94.36997000000001 88.32376000000001 112.67327999999999 81.56372 155.53459 124.25686 104.07095 99.08582 52.17279 110.75198 97.28513000000001 76.92309 174.30586 78.51625 52.875 106.88924 104.74423 139.51855 84.60788000000001 0 98.20935000000001 105.30503 32.64966 28.07134 89.50461000000001 
90.49199999999999 60.94755 86.91415 58.15481 48.1413 136.11403 79.4151 64.64067 79.34791999999999 54.11203 66.69881 89.22437 27.01851 136.96449 43.41973 101.12267 69.54787 72.80451000000001 113.14750000000001 13.60147 98.20935000000001 0 106.37088 100.97353 119.90297 63.82288 
140.34713 90.94369999999999 30.80584 48.34119 81.15096 166.11018 69.60148 56.94352 49.90141 73.60796 48.147439999999996 108.72030000000001 79.68629 185.74103 63.28507 73.56096 118.32441 74.76088 133.01283999999998 92.76941 105.30503 106.37088 0 74.94665 92.41753 100.93978000000001 
123.60067000000001 82.95107 83.18075 80.02362 70.14482 150.2233 101.28390999999999 71.42129 78.1827 46.8615 88.36229 91.97384 109.57275 168.99457 110.6097 41.36044 101.57795 74.97403 134.20726000000002 87.37206 32.64966 100.97353000000001 74.94665 0 19.23538 84.19332 
142.53011 102.18645000000001 72.11103 92.91722 89.3802 169.15274 114.17751 84.31489 97.41769 65.79094 93.47727 110.90328000000001 104.99443000000001 187.92401 106.58759 30.26549 120.50739 94.20941 153.13670000000002 106.3015 28.07134 119.90297000000001 92.41753 19.23538 0 103.12276 
85.63191 97.56749 70.13394 94.77226999999999 84.76124 130.69362 116.03255999999999 101.26061 115.96537999999998 37.33182 103.31626999999999 72.44416000000001 82.91503999999999 131.02580999999998 84.50819999999999 84.34246 63.60919 109.42445000000001 96.2385 50.22141 89.50461 63.82288 100.93978 84.19332 103.12276 0 
