50
f4d7e89ec3164c95942e c65ed76062154b0ab868 bcedb61dc02748cd9d61 1bcf747e9b5643a184fc 6c2d42b6b644452fbba1 be5b9781cabc47a78aac b645cb0bc92b4d92bdf9 85d65d4df3204859a6e4 bef459c8a1f84af3a3a9 885e825ee7fa47d0bf37 8b72f079974a49c7aa40 d6b027921ae340ac8c4c 2343f68f1ed74a6f8567 c88b4673ce3d49c6908f 7b57359ca242406bb373 bab9aa2939444af1b896 7a033f26eda14b709d28 ddfff2b50dff43868057 4083eeebbfb942a38987 e2caa88e503f4129b613 339edeefe40f47f4abbe 0921b2d036264a09b57e c0e69339ecae4efdb4d8 8a3bd04ca9844f3486da f69f6451080d4570851d 97b46a2d8ead45d98077 cbdeaac599ea4917bf3b e70b11887ef14bce9075 c5365df821314eeb9891 d3ae567eea5a44939b43 9ff40c0a1bef41898f25 d41ce53800e74a0f849b 2e7ecbbb3b3e47dc8d96 cc612a917319427a804f eb960e815dd14fd6bd07 c0fd362b334d43189c08 2bc5c3c02de447469b45 b989f75f3cac48bfbf34 26bbebd3e4264edd8081 3f0f5ffb79ce42f4a325 8234739fe11c4c58939e 28b1f9c8d4d24d81bc6d 0823afbd07bf45febe21 3404f2452daa4f839b9b bcb1ec18982a4bb0815b 465a9fdfbe7e43bf9d6e b5e22237f3c14773b553 e3f0a7bd5aa342ac9fe9 18bb444e17894062aa31 9b0f0f4ded15491691bd
0 1279371835.1785 500768888.23834 1416743903.31844 982967895.2977 802221011.25556 792561396.76924 690318165.94842 1468346005.44123 1364548695.27531 601666189.25917 724616087.07605 968996450.24072 1282269313.25855 851267908.07641 1135089833.5159 971845564.12104 216002344.83395 599466333.48732 1293775493.05967 649412983.5984501 824845428.60052 1310532577.62955 725181930.8176899 376006745.35281 788166763.15072 1581996813.65954 1204397745.69572 698707202.1905 393290954.71298003 324913680.10503995 1447176389.63291 796256308.51152 1042586251.51017 1230936034.76143 1036947173.2151101 1316855591.28562 819316967.19615 1426349198.01199 1209339283.97016 1342584241.89972 1284657560.68657 1174976081.6438699 1117706277.8754 696341102.37227 910742201.0934701 696553895.09059 1129569864.72335 1293153055.9565 1210015236.99924 
1279371835.1785 0 778609198.02975 278509739.10784 812898501.4474599 667752692.0313599 671643775.77564 665884760.81993 411497481.10822 632061057.27748 823241484.96819 560931269.85325 644386800.17873 604306742.18221 645575859.89055 370003494.80075 707594872.3597 1235884887.86341 935111581.63095 596851870.97532 966446680.3866701 891598075.1354499 407980918.87878 852451117.30262 1163912290.34239 644669479.3182501 522130610.44482 80460262.35013 1268648695.63507 1283571904.23078 1313052658.4618301 711149063.64334 870451897.3369 296588805.53935003 376667400.59356 371464027.20421 200698330.11563998 1194971575.0662901 626940366.4016 662125509.00248 174785480.52054 767230226.22102 817894397.87246 306749284.54473 1307439600.99367 395361500.47723997 1296061667.12906 436640316.08415 602706598.14113 201026081.99325 
500768888.23834 778609198.02975 0 915975015.0801 705501798.7065301 387909864.1513 367961186.90753996 256626640.96291 991536720.91781 969064184.5152301 428898009.74793994 227424558.52479 566913159.1945 855357317.9356501 426761174.55914 680809061.0202 762004299.83366 480331887.18135 385205384.11158 892573048.82456 361907468.9869 591073093.50551 834448067.76652 498571994.67428 646168535.18142 361337061.10845 1103090642.47634 707895566.02791 702453134.90661 519447248.19815 547899776.08497 1018255943.12122 581388505.9989799 542605751.51469 781671272.6938 558367962.78708 821978149.17764 735972091.8546801 993344661.23779 892409667.16676 843515292.2074 898077582.14487 821271773.0838 629493395.09906 712661160.11446 409973312.85513 651505815.8608501 639765943.5761399 859829511.1832 709639718.59729 
1416743903.31844 278509739.10784 915975015.0801 0 1081328903.80609 905792050.69098 686384846.02283 771856184.20456 138520026.84148 862280743.2177799 997642522.0689499 725081119.16499 604678362.97606 381292275.4679 666946542.19046 302488877.51804 975720464.42399 1386832703.85246 964992594.7914801 868821136.55621 987277017.31399 864743071.96821 170738731.91948 861266934.00421 1313930545.42016 706503596.13924 272390606.86055 350209298.67056 1251170505.59059 1396394524.84911 1462444111.6651 459279859.39008 1127024279.49527 406349238.37996 652431823.12027 425227176.93787 120720004.82181 1162127915.25995 390298428.93136 940635248.1103201 104917477.70751 588490334.91772 677282792.45172 353761916.911 1327522582.6216 506001702.22497 1336012397.88334 429854570.89286 413705464.96456 253289040.08146 
982967895.2977 812898501.4474599 705501798.7065301 1081328903.80609 0 317591934.55523 972452315.73553 868108067.17204 1201938631.09305 472671940.74014 625727217.87978 627725934.73298 1120527632.63298 1245109750.34181 993788291.6873 994188709.22414 105774167.84893 797020485.43409 1079522436.64259 398018317.71182 1060019135.01209 1202554519.71464 1111783608.70416 1110053420.88341 942554691.71099 945478019.2781401 1324658550.25646 732438239.09733 1401633058.91911 1105713300.98103 976720399.08518 1416352809.68771 258017329.59611 778220590.50067 618202788.09358 892820520.33985 961486111.08382 1431696152.83073 1356241284.90963 515776065.02298 976688055.69924 1392088971.69158 1370116537.79227 934412378.6165199 1381479119.3354301 767737394.3802099 1312736426.21752 653142992.02643 1277446570.31008 832793079.31492 
802221011.25556 667752692.0313599 387909864.1513 905792050.69098 317591934.55523 0 654860381.1803 553423842.99905 1006033320.23999 611777918.3477 331724600.82934 310134000.17775 812246971.1675899 990322683.48813 688574276.03833 748280030.27966 423366102.40416 693022720.2833099 762938148.70223 540156876.95828 745444494.28544 886586027.83496 900186012.16854 795369196.71042 637882754.30555 627886084.72291 1139903900.25906 587292429.68123 1089941709.76871 840711295.15765 767390557.86384 1168616982.97328 268987768.92815 550029563.9659901 661004139.80715 673742406.1479399 786729887.16579 1114948104.08614 1114907833.6648 544178637.68853 812642736.76089 1143659889.78944 1092190996.0759401 695231339.50108 1077204305.64895 529213417.11776996 1039415680.01215 666092208.57878 1023943804.9146299 707858249.32435 
792561396.76924 671643775.77564 367961186.90753996 686384846.02283 972452315.73553 654860381.1803 0 111334545.94463 707153538.7479 1062613597.2531999 494036966.04074 368281302.88672 200375256.64838 506876073.60943997 107648080.59914 426641961.97867 890160110.4148899 824661116.17653 280975585.9466 1021876264.36145 301025439.61236 364635498.16614 564689494.884 253574051.12662002 718957855.6676 26974296.45739 841024118.76697 624487643.54849 600479228.3368 734055795.52467 843104537.91848 669476335.76233 879684110.33128 405172594.51998 840473531.27772 303903662.55884 623719458.08679 553833161.26876 643568720.04602 1009026687.66974 649632307.68189 531668747.18002 669536194.25918 451665594.07506 655435766.46199 281395143.87466 654792005.0680901 594534137.5647 513419583.95083 565150290.7769599 
690318165.94842 665884760.81993 256626640.96291 771856184.20456 868108067.17204 553423842.99905 111334545.94463 0 779797765.3974199 1012762359.84678 382702420.09611 256946756.94209 310497274.00314 598730676.97274 193794723.06001002 469367306.68652 789843080.77696 736958528.1442599 270728574.79005 964917624.29897 360529336.75216 334446452.5426 623827366.84083 241945353.71137 607623309.72297 105949924.58698 911479946.3384 624223819.1486499 614836528.20577 679323001.6513699 756763677.84241 772266718.14426 779137473.60074 413014806.55949 803783439.4254601 346629007.26669 662930948.61004 595341035.88521 741122544.43168 942666673.871 688673827.7153 641910192.62499 565991609.52579 441887661.52727 649453804.9292 273692275.43332 630176906.30913 596473427.34387 613840286.20624 584349425.76017 
1468346005.44123 411497481.10822 991536720.91781 138520026.84148 1201938631.09305 1006033320.23999 707153538.7479 779797765.3974199 0 999347619.04413 1064595411.2104399 783303535.75605 566845306.81171 496783220.99953 644254246.66364 441008904.35951996 1096164463.24412 1448761546.88198 964317110.11247 1007341163.39769 993110062.48492 831600872.19371 309258758.76096 856411062.56636 1361881642.19485 680179242.29051 133870580.01907 477683910.25194 1223418704.87136 1425716684.61547 1511022010.31429 470725324.48309004 1234945653.43625 463201246.97313 787393195.33392 433168758.13073 259240031.66329 1125645238.99434 265585279.8981 1073617275.23771 236712000.58768 489415415.64127 595636242.75476 484882628.85627 1309333988.79986 644521729.06645 1328684744.12605 556173411.30566 325831553.46813 369236576.61034 
1364548695.27531 632061057.27748 969064184.5152301 862280743.2177799 472671940.74014 611777918.3477 1062613597.2531999 1012762359.84678 999347619.04413 0 932156506.84532 777825762.19459 1151936252.94376 1151574554.01865 1072564286.24461 917060728.67796 418532131.65882003 1236894459.05971 1277909086.71934 76491135.69067 1269978367.68296 1325138785.60468 958869828.47153 1250915467.3341799 1249555322.35114 1035639300.79581 1094594123.01305 551600794.92735 1620623902.71054 1441143201.17363 1376215660.98257 1290650098.28309 641854676.74694 735008947.02507 296675606.07243 861560321.1132 761276229.58069 1607435233.25815 1221972946.10176 189438877.74751 764560137.82586 1340982262.86694 1367077262.9074 853806518.4219401 1633886214.95473 795266542.83534 1587540106.61243 515082776.60565 1187009794.25717 669258034.6157 
601666189.25917 823241484.96819 428898009.74794 997642522.0689499 625727217.87978 331724600.82934 494036966.04074 382702420.09611 1064595411.2104399 932156506.84532 0 314327932.12774 681010618.13601 946963996.2437 541046671.76954 749697783.67068 583518031.65487 511625402.52321005 622795425.68388 871881477.78762 457101794.31302 697700391.9582499 920905289.00698 546401644.78555 345788754.52314 488652344.68309 1190883581.79496 794048893.1097699 782285767.18212 508986694.32831 494929122.64258003 1125518581.25245 512056783.58412 613658781.99742 875791585.22752 631426653.07971 889339911.54062 830513853.22372 1086966112.22864 800681316.72016 914871297.06879 1011674205.67899 936986099.87884 717286349.13739 755751901.45565 491640819.84398 707793936.96282 675902758.42268 987886286.06526 771822206.99333 
724616087.07605 560931269.85325 227424558.52479 725081119.16499 627725934.73298 310134000.17775 368281302.88672 256946756.94209 783303535.75605 777825762.19459 314327932.12774 0 502112970.98984 708611493.45691 378721966.20526 486346705.39002 534579741.30887 674953618.01016 511961662.33092 725458842.93014 498552099.43306 590147973.08446 650717027.3352 498892110.65346 618667920.13164 355140381.36035997 917089407.96371 480471007.50312 854829468.79066 746871806.72294 767808288.2510799 892584707.73122 568213482.32792 401974958.99386996 705818321.98747 363608405.97019 657428337.2168701 852287792.8273001 842325138.10158 688435072.86835 631515487.62177 833525889.61169 815912326.5178701 445770989.04168 871323064.7000201 219079416.94002 824024831.37461 416705267.88938 734158275.7932 532363334.89611995 
968996450.24072 644386800.17873 566913159.1945 604678362.97606 1120527632.63298 812246971.1675899 200375256.64838 310497274.00314 566845306.81171 1151936252.94376 681010618.13601 502112970.98984 0 323406027.59942 140151984.63536 368549286.74529004 1016300041.32048 1023928761.28688 409884973.29981 1108277861.52046 444151374.76325 264755565.382 433939631.05658 289565755.75465 899390497.27012 205808704.28291 691160560.6575 639089572.01339 660166118.22647 907664694.93979 1035920238.5159401 486482549.48052996 1051166675.35523 427833783.31945 923272506.92887 414266106.64317 563757804.96648 568985764.75126 461571267.59709996 1118816494.62693 585286849.34396 331412918.62185 469280365.70101 431803497.00131005 748203180.60106 359060349.74927 766097895.9571 636853476.33811 328056117.54251 599168402.52013 
1282269313.25855 604306742.18221 855357317.9356501 381292275.4679 1245109750.34181 990322683.48813 506876073.60943997 598730676.97274 496783220.99953 1151574554.01865 946963996.2437 708611493.45691 323406027.59942 0 448130312.59334 251680243.55179 1142773022.70508 1317280040.91207 733047302.06707 1138093956.05582 767556665.35247 565291354.00551 371655810.07438004 611072065.87087 1206353986.6957102 495771902.40694 367754533.05808 602003696.15262 983572145.8258901 1228687264.13607 1344461325.29068 457061634.60787 1233039314.85521 468925910.9157 919602809.80693 357186415.417 455434111.25677 840019394.47925 419401964.45356 1180848893.1263 429521261.66167 567053789.43925 588725019.44368 313576975.64067 1050447510.20955 540737310.65202 1082146853.2054 643963949.63121 318920330.15704995 482316519.40295 
851267908.07641 645575859.89055 426761174.55914 666946542.19046 993788291.6873 688574276.03833 107648080.59914 193794723.06001002 644254246.66364 1072564286.24461 541046671.76954 378721966.20526 140151984.63536 448130312.59334 0 364457664.67241997 913301707.51413 886263518.61672 320062863.44883 1035463346.1730001 350740459.51486003 256987417.567 503521520.35742 222221531.78654 766525726.94548 134071010.96589 778124826.68271 611136201.00519 666175793.78048 790904711.48697 906076957.9673901 608006851.89688 926630516.8055699 389912965.61968 846406509.39406 274114122.00781 588792047.33492 561856602.84493 582956390.36816 1029879791.00705 613085752.04454 471564903.25721 609432350.33637 355792393.1836 688477180.40393 282214763.30097 692495432.57163 589633927.81391 452289511.41815 539347027.83517 
1135089833.5159 370003494.80075 680809061.0202 302488877.51804 994188709.22414 748280030.27966 426641961.97867 469367306.68652 441008904.35951996 917060728.67796 749697783.67068 486346705.39002 368549286.74529004 251680243.55179 364457664.67241997 0 891448898.15772 1135786860.73239 662503717.27344 897017003.48429 685831523.60814 562254194.45017 268208882.92348 559285019.1314 1047626711.13192 404014718.62119997 446906980.14364 387761526.60562 952621923.53034 1107732311.12672 1196767079.25136 449283414.41708 989019240.4007 217250322.14975 681348451.56841 122738299.41983 296296122.34521 869816957.23678 366865141.64857 933212833.07295 320559524.6068 552326569.34035 560661671.7656901 63254210.25602 1025540667.74879 290414545.26737 1033545809.87686 401977952.07231003 290856982.47906 388584941.35043 
971845564.12104 707594872.3597 762004299.83366 975720464.42399 105774167.84893 423366102.40416 890160110.4148899 789843080.77696 1096164463.24412 418532131.65882003 583518031.65487 534579741.30887 1016300041.32048 1142773022.70508 913301707.51413 891448898.15772 0 848684998.9419401 1036705898.1264899 342040995.96815 998156236.94433 1124130378.8896 1008550689.9664 1031788434.48833 891690227.11236 889720122.66923 1218974436.5569 627134610.00957 1345017638.70372 1066404506.48582 977599717.10149 1316661383.10024 225172815.89666 674885340.7975 562225466.34991 792415732.2762101 855801997.38426 1365728981.73101 1254370097.82693 459798743.27931 871131515.09234 1293514404.47886 1275980968.8297 831077128.91335 1332898863.73178 666974358.90944 1270134516.3716002 547368824.1775 1175483404.81023 727018911.46599 
216002344.83395 1235884887.86341 480331887.18135 1386832703.85246 797020485.43409 693022720.28331 824661116.17653 736958528.1442599 1448761546.88198 1236894459.05971 511625402.52321005 674953618.01016 1023928761.28688 1317280040.91207 886263518.61672 1135786860.73239 848684998.9419401 0 727750156.15434 1165213328.62336 667721475.30019 924161175.93094 1309208296.78149 832659736.39732 165836648.00007 824887041.53772 1580249361.97048 1155424625.51328 878125494.97658 371919968.19455 220951049.63667 1491585834.3980298 629861530.1690099 1006085314.34048 1109646316.5526 1015592788.75125 1284956310.57155 983239678.68143 1458730876.9116302 1047455581.3122 1306415505.36837 1352370344.20776 1257375097.40906 1107092160.5875 798243012.52431 883389149.20413 704726544.4842299 1054040424.15438 1338080700.1273599 1162306792.64059 
599466333.48732 935111581.63095 385205384.11158 964992594.7914801 1079522436.64259 762938148.70223 280975585.9466 270728574.79005 964317110.11247 1277909086.71934 622795425.68388 511961662.33092 409884973.29981 733047302.06707 320062863.44883 662503717.27344 1036705898.1264899 727750156.15434 0 1221058206.23148 290653858.4275 434001891.07771003 822447442.63877 125715597.33037 732778015.76067 301871262.59173 1075697348.80925 890447525.55714 346112930.33165 512864337.06215 667948462.64261 879446061.52063 958802909.37545 674119733.51924 1068753209.76378 582949165.5328 902935693.99283 483126552.83063 869005425.68656 1191082482.39144 928621797.54808 697269508.6478499 742314760.34871 671430166.65608 390992235.07043 539750081.15371 373825587.22165 848999903.70369 737941090.84232 840047256.9113 
1293775493.05967 596851870.97532 892573048.82456 868821136.55621 398018317.71182 540156876.95828 1021876264.36145 964917624.29897 1007341163.39769 76491135.69067 871881477.78762 725458842.93014 1108277861.52046 1138093956.05582 1035463346.1730001 897017003.48429 342040995.96815 1165213328.62336 1221058206.23148 0 1214268292.27339 1280175056.9927402 953482811.29089 1206862978.01034 1177266783.29256 994901967.90406 1118982481.42014 540604973.28821 1565712878.70694 1368729639.92697 1307547434.82212 1284613873.88773 567213811.86481 697409715.35819 220184470.38176 834123384.8254 763954893.2144 1557875151.29798 1217077653.1922 117757747.31116 770865665.128 1322835152.3126001 1341005316.29622 833762793.22827 1575041494.13273 753248582.87203 1527813900.02942 544647134.13473 1174077904.10596 661081593.47591 
649412983.59845 966446680.38667 361907468.9869 987277017.31399 1060019135.01209 745444494.28544 301025439.61236 360529336.75216 993110062.48492 1269978367.68296 457101794.31302 498552099.43306 444151374.76325 767556665.35247 350740459.51486003 685831523.60814 998156236.94433 667721475.30019 290653858.4275 1214268292.27339 0 262229618.47605 850134611.3736 164938261.09713 514749223.5853 321777201.06842 1106296633.47703 900596504.7996 413623702.50072 596173691.17557 663889591.70474 916585033.22887 943295974.9858799 699975499.13101 1085351345.8201299 602740880.58665 924744897.69915 374436774.56201 904616298.95712 1180468082.18494 948424711.2064 736492172.4146099 644563699.11323 693165590.45367 372770965.26696 576238576.16429 392465350.66977 855828025.84661 771102273.61438 859953195.38799 
824845428.60052 891598075.1354499 591073093.50551 864743071.96821 1202554519.71464 886586027.83496 364635498.16614 334446452.5426 831600872.1937101 1325138785.60468 697700391.9582499 590147973.08446 264755565.382 565291354.00551 256987417.567 562254194.45017 1124130378.8896 924161175.93094 434001891.07771003 1280175056.9927402 262229618.47605 0 698407221.06565 375040439.56103003 776978842.06135 391058428.53289 933045887.06359 866539527.32083 562948359.28023 726641072.0026 891350081.6794 690071391.96846 1107152535.8481898 646900383.18668 1103393926.96106 522295436.06516 828513370.34848 444139377.73388 690510635.89799 1272109229.66015 844733107.87489 491816121.67959 549056308.88278 612779810.7506 571996244.3846099 539202180.86797 520010512.68425 846621345.38091 559906533.47049 788678483.83095 
1310532577.62955 407980918.87878 834448067.76652 170738731.91948 1111783608.70416 900186012.16854 564689494.884 623827366.84083 309258758.76096 958869828.47153 920905289.00698 650717027.3352 433939631.05658 371655810.07438004 503521520.35742 268208882.92348 1008550689.9664 1309208296.78149 822447442.63877 953482811.29089 850134611.3736 698407221.06565 0 713167576.75365 1220407998.51874 537715198.42661 443129338.78003 425738950.68365 1094105749.28305 1284257702.36254 1369548366.63818 332011831.96256 1130063723.36407 361146460.78331 733298340.90913 293618288.08461 291458736.74129 997063785.6925 263753970.34804 1008575310.81995 275656209.62698996 636755058.2769 521625875.00045 204954672.66746 1175767791.88328 432053002.65229 1191488729.57666 543678414.48375 251821185.71381998 424027772.00093997 
725181930.81769 852451117.30262 498571994.67428 861266934.00421 1110053420.88341 795369196.71042 253574051.12662002 241945353.71137 856411062.56636 1250915467.3341799 546401644.78555 498892110.65346 289565755.75465 611072065.87087 222221531.78654 559285019.1314 1031788434.48833 832659736.39732 125715597.33037 1206862978.0103402 164938261.09713 375040439.56103003 713167576.75365 0 679687484.68243 226599754.66923 978826598.9289501 824984986.20472 471828527.66202 638579934.39252 787149916.23307 776048305.2351799 1000692187.70913 603761750.81921 1033845127.70773 495799062.66205 810742595.17108 357410955.50026 745396713.5822 1184572676.61816 834873136.35723 571553911.31748 709421358.39664 577700872.35922 466255648.61739 480413604.17535 486982770.45935 793865093.9571 617621873.2971599 761568559.6217101 
376006745.35281 1163912290.34239 646168535.18142 1313930545.42016 942554691.7109901 637882754.30555 718957855.6676 607623309.72297 1361881642.19485 1249555322.35114 345788754.52314 618667920.13164 899390497.27012 1206353986.6957102 766525726.94548 1047626711.13192 891690227.11236 165836648.00007 732778015.7606701 1177266783.29256 514749223.5853 776978842.06135 1220407998.51874 679687484.68243 0 713573234.30995 1491927528.66947 1099138927.63476 712336012.13111 219913678.69852 149140368.11944 1374532578.84236 693392429.26584 941333993.1814 1117798581.36377 941998107.81158 1218542062.9981399 864891065.08081 1347646869.81926 1098485427.30842 1242695971.8048 1222493875.24576 1149707642.69181 1023949089.22673 634380981.70802 808259369.11562 538889896.48416 1020674379.62728 1218815238.36363 1106182577.93398 
788166763.15072 644669479.3182501 361337061.10845 706503596.13924 945478019.2781401 627886084.72291 26974296.45739 105949924.58698 680179242.29051 1035639300.79581 488652344.68309 355140381.36035997 205808704.28291 495771902.40694 134071010.96589 404014718.62119997 889720122.66923 824887041.53772 301871262.59173 994901967.90406 321777201.06842 391058428.53289 537715198.42661 226599754.66923 713573234.30995 0 814049822.3095801 599421533.4481 627453524.7941899 746542503.93593 862713602.42939 666698792.86031 863214001.02128 378198298.06259 813650315.21463 281276419.20137 650693754.5441799 580795019.91412 638182434.86127 983774722.78479 626750534.95635 536747126.77503 671941534.11277 467268928.87722 679708152.35287 254461375.09587 675696849.81338 572255031.4396601 533864821.82541996 538175994.31957 
1581996813.65954 522130610.44482 1103090642.47634 272390606.86055 1324658550.25646 1139903900.25906 841024118.76697 911479946.3384 133870580.01907 1094594123.01305 1190883581.79496 917089407.96371 691160560.6575 367754533.05808 778124826.68271 446906980.14364 1218974436.5569 1580249361.97048 1075697348.80925 1118982481.4201398 1106296633.47703 933045887.06359 443129338.78003 978826598.9289501 1491927528.66947 814049822.3095801 0 602590872.79495 1321209357.86667 1551002872.67023 1641067896.7889102 336854744.46402 1363768937.50344 596515093.59096 898798011.0383799 564850939.07171 363172439.17264 1207705329.67015 285281506.30151 1184256119.4473 370582580.60675 534311872.92387 656989255.40005 473597247.37728 1418202043.26763 700051890.16612 1437273645.11077 672869749.56186 398141391.16721 493152607.65429 
1204397745.69572 80460262.35013 707895566.02791 350209298.67056 732438239.09733 587292429.68123 624487643.54849 624223819.1486499 477683910.25194 551600794.92735 794048893.1097699 480471007.50312 639089572.01339 602003696.15262 611136201.00519 387761526.60562 627134610.00957 1155424625.51328 890447525.55714 540604973.28821 900596504.7996 866539527.32083 425738950.68365 824984986.20472 1099138927.63476 599421533.4481 602590872.79495 0 1224424310.15054 1225515482.04561 1246861735.75437 744028289.17725 801189967.57725 221223235.38551 320478266.44221 386666971.83831 271204670.55815 1172858448.87026 676495823.7602 598132604.85101 245291820.96305 795866857.10693 833796606.7727 324507316.3496 1271016741.35737 350697444.40343 1253124707.92391 391976260.01034 638349540.5786 120565819.64312 
698707202.1905 1268648695.6350698 702453134.90661 1251170505.59059 1401633058.91911 1089941709.76871 600479228.3368 614836528.20577 1223418704.87136 1620623902.71054 782285767.18212 854829468.79066 660166118.22647 983572145.8258901 666175793.78048 952621923.53034 1345017638.70372 878125494.97658 346112930.33165 1565712878.70694 413623702.50072 562948359.28023 1094105749.28305 471828527.66202 712336012.13111 627453524.7941899 1321209357.86667 1224424310.15054 0 559751587.33185 765508421.30719 1066137402.24398 1263935115.09078 1004605276.76845 1414703363.31126 897184668.43086 1209380925.62715 152555052.9497 1072764786.18874 1531921168.89695 1235293775.22225 848005268.59635 724762617.0308499 1015876133.7863599 123579535.99923 881874372.21146 512794188.30865 1189245728.5349 945658340.32842 1161468543.00124 
393290954.71298003 1283571904.23078 519447248.19815 1396394524.84911 1105713300.98103 840711295.15765 734055795.52467 679323001.65137 1425716684.61547 1441143201.17363 508986694.32831 746871806.72294 907664694.93979 1228687264.13607 790904711.48697 1107732311.12672 1066404506.48582 371919968.19455 512864337.06215 1368729639.92697 596173691.17557 726641072.0026 1284257702.36254 638579934.39252 219913678.69852 746542503.93593 1551002872.67023 1225515482.04561 559751587.33185 0 369054046.81796 1384937015.75841 913306107.96436 1044660356.25261 1288290238.6049 1007031006.7839099 1311390383.03316 686355645.11954 1368647368.16732 1309668011.04847 1337302911.3695 1208261177.97253 1108721206.82742 1102663277.10835 463002530.01458 903700086.1101199 597862848.34109 1156055256.16855 1235609576.1785 1215994975.45329 
324913680.10503995 1313052658.4618301 547899776.08497 1462444111.6651 976720399.08518 767390557.86384 843104537.91848 756763677.84241 1511022010.31429 1376215660.98257 494929122.64258003 767808288.2510799 1035920238.5159401 1344461325.29068 906076957.9673901 1196767079.25136 977599717.10149 220951049.63667 667948462.64261 1307547434.82212 663889591.70474 891350081.6794 1369548366.63818 787149916.23307 149140368.11944 862713602.42939 1641067896.7889102 1246861735.75437 765508421.30719 369054046.81796 0 1511033172.4498901 791330409.05353 1090474361.30084 1255315376.01946 1091136017.60909 1367664385.47359 895879157.34862 1486673257.9645 1217682426.75153 1391415068.2923698 1358703827.55055 1243458210.79916 1173089457.34617 669615237.94312 957399737.23506 568789443.50024 1167815161.49224 1356178574.68977 1255286688.08724 
1447176389.63291 711149063.64334 1018255943.12122 459279859.39008 1416352809.68771 1168616982.97328 669476335.76233 772266718.14426 470725324.48309004 1290650098.28309 1125518581.25245 892584707.73122 486482549.48052996 457061634.60787 608006851.89688 449283414.41708 1316661383.10024 1491585834.3980298 879446061.52063 1284613873.88773 916585033.22887 690071391.96846 332011831.96256 776048305.2351799 1374532578.84236 666698792.86031 336854744.46402 744028289.17725 1066137402.2439799 1384937015.75841 1511033172.4498901 0 1410700430.58182 662422528.77193 1064506446.37574 553864368.4401 534003121.59142 932152400.93826 264595461.80971998 1340587142.78251 536363583.1228 494097728.09554005 356230281.01638 506230740.65608 1166783789.5376801 686807785.00189 1209602877.96376 814013865.5812199 158426431.93802 677149927.10357 
796256308.51152 870451897.3369 581388505.9989799 1127024279.49527 258017329.59611 268987768.92815 879684110.33128 779137473.60074 1234945653.43625 641854676.74694 512056783.58412 568213482.32792 1051166675.35523 1233039314.85521 926630516.8055699 989019240.4007 225172815.89666 629861530.1690099 958802909.37545 567213811.86481 943295974.9858799 1107152535.8481898 1130063723.36407 1000692187.70913 693392429.26584 863214001.02128 1363768937.50344 801189967.57725 1263935115.09078 913306107.96436 791330409.05353 1410700430.58182 0 782975135.02644 646864522.37709 875885767.96657 1006778451.64961 1308778621.59628 1355884382.04927 459257232.13715994 1024571873.85702 1379101700.21847 1322101575.20629 934286211.85366 1239268208.68791 752269030.0530701 1157611568.9023 704471303.09544 1262506265.32834 873853010.87292 
1042586251.51017 296588805.53935003 542605751.51469 406349238.37996 778220590.50067 550029563.9659901 405172594.51998 413014806.55949 463201246.97313 735008947.02507 613658781.99742 401974958.99387 427833783.31945 468925910.9157 389912965.61968 217250322.14975 674885340.7975 1006085314.34048 674119733.51924 697409715.35819 699975499.13101 646900383.18668 361146460.78331 603761750.81921 941333993.1814 378198298.06259 596515093.59096 221223235.38551 1004605276.76845 1044660356.25261 1090474361.30084 662422528.77193 782975135.02644 0 541701501.82772 218865069.48873 327344610.26755 951769568.4646101 584115463.79832 721213781.77444 301431760.67245 635112415.80922 675158044.97162 156191788.11585 1057906450.41546 182895542.05385 1041794736.81346 224174357.66076002 503996096.83391 171334619.20068 
1230936034.76143 376667400.59356 781671272.6938 652431823.12027 618202788.09358 661004139.80715 840473531.27772 803783439.4254601 787393195.33392 296675606.07243 875791585.22752 705818321.98747 923272506.92887 919602809.80693 846406509.39406 681348451.56841 562225466.34991 1109646316.5526 1068753209.76378 220184470.38176 1085351345.8201299 1103393926.96106 733298340.90913 1033845127.70773 1117798581.36377 813650315.21463 898798011.0383799 320478266.44221 1414703363.31126 1288290238.6049 1255315376.01946 1064506446.37574 646864522.37709 541701501.82772 0 707145238.28052 543770422.83264 1391253311.15217 996908677.87903 290196672.47016 550681194.74624 1107403855.11751 1154274873.21491 644985582.79181 1450596171.31023 564212157.1796 1399456100.86775 712454526.45255 955729559.78673 440897123.09415 
1036947173.2151101 371464027.20421 558367962.78708 425227176.93787 892820520.33985 673742406.1479399 303903662.55884 346629007.26669 433168758.13073 861560321.1132 631426653.07971 363608405.97019 414266106.64317 357186415.417 274114122.00781 122738299.41983 792415732.2762101 1015592788.75125 582949165.5328 834123384.8254 602740880.58665 522295436.06516 293618288.08461 495799062.66205 941998107.81158 281276419.20137 564850939.07171 386666971.83831 897184668.43086 1007031006.7839099 1091136017.60909 553864368.4401 875885767.96657 218865069.48873 707145238.28052 0 371671933.23692 835970724.85274 489603441.0684 857796995.0655601 345759083.64182 503215932.2519 507100851.44405 185992509.67585 958485455.19454 317637764.42662 956774752.75445 358916580.03353 397187164.65823 390199688.68941 
1316855591.28562 200698330.11563998 821978149.17764 120720004.82181 961486111.08382 786729887.16579 623719458.08679 662930948.61004 259240031.66329 761276229.58069 889339911.54062 657428337.2168701 563757804.96648 455434111.25677 588792047.33492 296296122.34521 855801997.38426 1284956310.57155 902935693.99283 763954893.2144 924744897.69915 828513370.34848 291458736.74129 810742595.17108 1218542062.9981399 650693754.5441799 363172439.17264 271204670.55815 1209380925.62715 1311390383.03316 1367664385.47359 534003121.59142 1006778451.64961 327344610.26755 543770422.83264 371671933.23692 0 1132079611.26549 464644300.81589 833967095.3028 25912849.5951 626521392.34849 694727605.87932 233041912.08919 1276082180.2123 442169092.60061 1276658132.99073 309736149.32495 455342729.93925 179290950.13825 
819316967.19615 1194971575.0662901 735972091.8546801 1162127915.25995 1431696152.83073 1114948104.08614 553833161.26876 595341035.88521 1125645238.99434 1607435233.25815 830513853.22372 852287792.8273001 568985764.75126 840019394.47925 561856602.84493 869816957.23678 1365728981.73101 983239678.68143 483126552.83063 1557875151.29798 374436774.56201 444139377.73388 997063785.6925 357410955.50026 864891065.08081 580795019.91412 1207705329.67015 1172858448.87026 152555052.9497 686355645.11954 895879157.34862 932152400.93826 1308778621.59628 951769568.4646101 1391253311.15217 835970724.85274 1132079611.26549 0 948234624.2321 1535352337.30021 1152795651.75452 714878297.84184 613323647.79723 901644784.51534 275995312.90341 835228305.14342 360239135.35895 1147918380.3541 839643506.3206201 1098745837.13741 
1426349198.01199 626940366.4016 993344661.23779 390298428.93136 1356241284.90963 1114907833.6648 643568720.04602 741122544.43168 265585279.8981 1221972946.10176 1086966112.22864 842325138.10158 461571267.59709996 419401964.45356 582956390.36816 366865141.64857 1254370097.82693 1458730876.9116302 869005425.68656 1217077653.1922 904616298.95712 690510635.89799 263753970.34804 745396713.5822 1347646869.81926 638182434.86127 285281506.30151 676495823.7602 1072764786.18874 1368647368.16732 1486673257.9645 264595461.80971998 1355884382.04927 584115463.79832 996908677.87903 489603441.0684 464644300.81589 948234624.2321 0 1270123026.68248 490557150.41099 488812260.46274996 380028173.49167 430119351.90459 1173811798.58862 628847324.14204 1210237848.79263 731556025.01898 133515150.05459 625241671.15146 
1209339283.97016 662125509.00248 892409667.16676 940635248.1103201 515776065.02298 544178637.68853 1009026687.66974 942666673.871 1073617275.23771 189438877.74751 800681316.72016 688435072.86835 1118816494.62693 1180848893.1263 1029879791.00705 933212833.07295 459798743.27931 1047455581.3122 1191082482.39144 117757747.31116 1180468082.18494 1272109229.66015 1008575310.81995 1184572676.61816 1098485427.30842 983774722.78479 1184256119.4473 598132604.85101 1531921168.89695 1309668011.04847 1217682426.75153 1340587142.78251 459257232.13715994 721213781.77444 290196672.47016 857796995.0655601 833967095.3028 1535352337.30021 1270123026.68248 0 836905274.65003 1356265697.7828999 1364897846.5096102 874749132.54872 1538896370.18325 759756144.87766 1482263574.71284 538902741.96318 1216132912.57972 718698424.49413 
1342584241.89972 174785480.52054 843515292.2074 104917477.70751 976688055.69924 812642736.76089 649632307.68189 688673827.7153 236712000.58768 764560137.82586 914871297.06879 631515487.62177 585286849.34396 429521261.66167 613085752.04454 320559524.6068 871131515.09234 1306415505.36837 928621797.54808 770865665.128 948424711.2064 844733107.87489 275656209.62698996 834873136.35723 1242695971.8048 626750534.95635 370582580.60675 245291820.96305 1235293775.22225 1337302911.3695 1391415068.2923698 536363583.1228 1024571873.85702 301431760.67245 550681194.74624 345759083.64182 25912849.5951 1152795651.75452 490557150.41099 836905274.65003 0 637370468.15801 709579560.95706 257305314.35078 1300453377.51354 466662018.49925 1302414446.20034 325602459.0409 464903472.07236 153378100.54315 
1284657560.68657 767230226.22102 898077582.14487 588490334.91772 1392088971.69158 1143659889.7894402 531668747.18002 641910192.62499 489415415.64127 1340982262.86694 1011674205.67899 833525889.61169 331412918.62185 567053789.43925 471564903.25721 552326569.34035 1293514404.47886 1352370344.20776 697269508.6478499 1322835152.3126001 736492172.4146099 491816121.67959 636755058.2769 571553911.31748 1222493875.24576 536747126.77503 534311872.92387 795866857.10693 848005268.59635 1208261177.97253 1358703827.55055 494097728.09554005 1379101700.21847 635112415.80922 1107403855.11751 503215932.2519 626521392.34849 714878297.84184 488812260.46274996 1356265697.7828999 637370468.15801 0 137867447.07916 489072359.08433 956774182.32362 690473268.37112 1005745775.81245 827693381.53107 454740605.29524 790748568.70116 
1174976081.6438699 817894397.87246 821271773.0838 677282792.45172 1370116537.79227 1092190996.0759401 669536194.25918 565991609.52579 595636242.75476 1367077262.9074 936986099.87884 815912326.5178701 469280365.70101 588725019.44368 609432350.33637 560661671.7656901 1275980968.8297 1257375097.40906 742314760.34871 1341005316.29622 644563699.11323 549056308.88278 521625875.00045 709421358.39664 1149707642.69181 671941534.11277 656989255.40005 833796606.7727 724762617.0308499 1108721206.82742 1243458210.79916 356230281.01638 1322101575.20629 675158044.97162 1154274873.21491 507100851.44405 694727605.87932 613323647.79723 380028173.49167 1364897846.5096102 709579560.95706 137867447.07916 0 518966256.85577 820797207.09799 610669536.44674 872601427.06582 851994486.30175 339611422.01879 846492664.1723 
1117706277.8754 306749284.54473 629493395.09906 353761916.911 934412378.61652 695231339.50108 451665594.07506 441887661.52727 484882628.85627 853806518.4219401 717286349.13739 445770989.04168 431803497.00131 313576975.64067 355792393.1836 63254210.25602 831077128.91335 1107092160.5875 671430166.65608 833762793.22827 693165590.45367 612779810.7506 204954672.66746 577700872.35922 1023949089.22673 467268928.87722003 473597247.37728 324507316.3496 1015876133.7863599 1102663277.10835 1173089457.34617 506230740.65608 934286211.85366 156191788.11585 644985582.79181 185992509.67585 233041912.08919 901644784.51534 430119351.90459 874749132.54872 257305314.35078 489072359.08433 518966256.85577 0 1043196260.1558 227160335.01135 1045246479.5257 338723741.81629 347804308.71806 327526407.31653 
696341102.37227 1307439600.99367 712661160.11446 1327522582.6216 1381479119.3354301 1077204305.64895 655435766.46199 649453804.9292 1309333988.79986 1633886214.95473 755751901.45565 871323064.7000201 748203180.60106 1050447510.20955 688477180.40393 1025540667.74879 1332898863.73178 798243012.52431 390992235.07043 1575041494.13273 372770965.26696 571996244.3846099 1175767791.88328 466255648.61739 634380981.70802 679708152.35287 1418202043.26763 1271016741.35737 123579535.99923 463002530.01458 669615237.94312 1166783789.5376801 1239268208.68791 1057906450.41546 1450596171.31023 958485455.19454 1276082180.2123 275995312.90341 1173811798.58862 1538896370.18325 1300453377.51354 956774182.32362 820797207.09799 1043196260.1558 0 920515395.94488 473369850.26473 1228598991.11357 1046762317.80795 1217797441.61598 
910742201.0934701 395361500.47723997 409973312.85513 506001702.22497 767737394.3802099 529213417.11776996 281395143.87466 273692275.43332 644521729.06645 795266542.83534 491640819.84398 219079416.94002 359060349.74927 540737310.65202 282214763.30097 290414545.26737 666974358.90944 883389149.20413 539750081.15371 753248582.87203 576238576.16429 539202180.86797 432053002.65229 480413604.17535 808259369.11562 254461375.09587 700051890.16612 350697444.40343 881874372.21146 903700086.1101199 957399737.23506 686807785.00189 752269030.0530701 182895542.05385 564212157.1796 317637764.42662 442169092.60061 835228305.14342 628847324.14204 759756144.87766 466662018.49925 690473268.37112 610669536.44674 227160335.01135 920515395.94488 0 903499939.04822 322947052.59865 528381353.06387 313283917.9561 
696553895.09059 1296061667.1290598 651505815.8608501 1336012397.88334 1312736426.21752 1039415680.01215 654792005.0680901 630176906.30913 1328684744.12605 1587540106.61243 707793936.96282 824024831.37461 766097895.9571 1082146853.2054 692495432.57163 1033545809.87686 1270134516.3716002 704726544.4842299 373825587.22165 1527813900.02942 392465350.66977 520010512.68425 1191488729.57666 486982770.45935 538889896.48416 675696849.81338 1437273645.11077 1253124707.92391 512794188.30865 597862848.34109 568789443.50024 1209602877.96376 1157611568.9023 1041794736.81346 1399456100.86775 956774752.75445 1276658132.99073 360239135.35895 1210237848.79263 1482263574.71284 1302414446.20034 1005745775.81245 872601427.06582 1045246479.5257 473369850.26473 903499939.04822 0 1204356024.60705 1078859564.86048 1208856326.56634 
1129569864.72335 436640316.08415 639765943.5761399 429854570.89286 653142992.02643 666092208.57878 594534137.5647 596473427.34387 556173411.30566 515082776.60565 675902758.42268 416705267.88938 636853476.33811 643963949.63121 589633927.81391 401977952.07231003 547368824.1775 1054040424.15438 848999903.70369 544647134.13473 855828025.84661 846621345.38091 543678414.48375 793865093.9571 1020674379.62728 572255031.4396601 672869749.56186 391976260.01034 1189245728.5349 1156055256.16855 1167815161.49224 814013865.5812199 704471303.09544 224174357.66076002 712454526.4525499 358916580.03353 309736149.32495 1147918380.3541 731556025.01898 538902741.96318 325602459.0409 827693381.53107 851994486.30175 338723741.81629 1228598991.11357 322947052.59865 1204356024.60705 0 679698631.79472 356822616.66675 
