26
a0 a1 b0 b1 c0 c1 d0 d1 e0 e1 f0 f1 g0 g1 h0 h1 i0 i1 j0 j1 k0 k1 l0 l1 y Soda
0 184.0 261.0 168.0 281.0 221.0 399.0 475.0 510.0 594.0 534.0 512.0 612.0 626.0 596.0 681.0 748.0 705.0 835.0 937.0 1024.0 956.0 1004.0 1087.0 694.0 164.0 
184.0 0 309.0 216.0 329.0 269.0 447.0 523.0 558.0 642.0 582.0 560.0 660.0 674.0 644.0 729.0 796.0 753.0 883.0 985.0 1072.0 1004.0 1052.0 1135.0 742.0 212.0 
261.0 309.0 0 155.0 268.0 208.0 386.0 462.0 497.0 581.0 521.0 499.0 599.0 613.0 583.0 668.0 735.0 692.0 822.0 924.0 1011.0 943.0 991.0 1074.0 819.0 289.0 
168.0 216.0 155.0 0 175.0 115.0 293.0 369.0 404.0 488.0 428.0 406.0 506.0 520.0 490.0 575.0 642.0 599.0 729.0 831.0 918.0 850.0 898.0 981.0 726.0 196.0 
281.0 329.0 268.0 175.0 0 106.0 284.0 360.0 395.0 479.0 419.0 397.0 497.0 511.0 481.0 566.0 633.0 590.0 720.0 822.0 909.0 841.0 889.0 972.0 839.0 309.0 
221.0 269.0 208.0 115.0 106.0 0 224.0 300.0 335.0 419.0 359.0 337.0 437.0 451.0 421.0 506.0 573.0 530.0 660.0 762.0 849.0 781.0 829.0 912.0 779.0 249.0 
399.0 447.0 386.0 293.0 284.0 224.0 0 186.0 221.0 305.0 245.0 223.0 323.0 337.0 307.0 392.0 459.0 416.0 546.0 648.0 735.0 667.0 715.0 798.0 957.0 427.0 
475.0 523.0 462.0 369.0 360.0 300.0 186.0 0 297.0 381.0 321.0 299.0 399.0 413.0 383.0 468.0 535.0 492.0 622.0 724.0 811.0 743.0 791.0 874.0 1033.0 503.0 
510.0 558.0 497.0 404.0 395.0 335.0 221.0 297.0 0 174.0 114.0 92.0 192.0 206.0 176.0 261.0 328.0 285.0 415.0 517.0 604.0 536.0 584.0 667.0 1068.0 538.0 
594.0 642.0 581.0 488.0 479.0 419.0 305.0 381.0 174.0 0 198.0 176.0 276.0 290.0 260.0 345.0 412.0 369.0 499.0 601.0 688.0 620.0 668.0 751.0 1152.0 622.0 
534.0 582.0 521.0 428.0 419.0 359.0 245.0 321.0 114.0 198.0 0 80.0 180.0 194.0 164.0 249.0 316.0 273.0 403.0 505.0 592.0 524.0 572.0 655.0 1092.0 562.0 
512.0 560.0 499.0 406.0 397.0 337.0 223.0 299.0 92.0 176.0 80.0 0 158.0 172.0 142.0 227.0 294.0 251.0 381.0 483.0 570.0 502.0 550.0 633.0 1070.0 540.0 
612.0 660.0 599.0 506.0 497.0 437.0 323.0 399.0 192.0 276.0 180.0 158.0 0 114.0 84.0 169.0 236.0 193.0 323.0 425.0 512.0 444.0 492.0 575.0 1170.0 640.0 
626.0 674.0 613.0 520.0 511.0 451.0 337.0 413.0 206.0 290.0 194.0 172.0 114.0 0 98.0 183.0 250.0 207.0 337.0 439.0 526.0 458.0 506.0 589.0 1184.0 654.0 
596.0 644.0 583.0 490.0 481.0 421.0 307.0 383.0 176.0 260.0 164.0 142.0 84.0 98.0 0 135.0 202.0 159.0 289.0 391.0 478.0 410.0 458.0 541.0 1154.0 624.0 
681.0 729.0 668.0 575.0 566.0 506.0 392.0 468.0 261.0 345.0 249.0 227.0 169.0 183.0 135.0 0 287.0 244.0 374.0 476.0 563.0 495.0 543.0 626.0 1239.0 709.0 
748.0 796.0 735.0 642.0 633.0 573.0 459.0 535.0 328.0 412.0 316.0 294.0 236.0 250.0 202.0 287.0 0 81.0 211.0 313.0 400.0 332.0 380.0 463.0 1306.0 776.0 
705.0 753.0 692.0 599.0 590.0 530.0 416.0 492.0 285.0 369.0 273.0 251.0 193.0 207.0 159.0 244.0 81.0 0 168.0 270.0 357.0 289.0 337.0 420.0 1263.0 733.0 
835.0 883.0 822.0 729.0 720.0 660.0 546.0 622.0 415.0 499.0 403.0 381.0 323.0 337.0 289.0 374.0 211.0 168.0 0 186.0 273.0 205.0 253.0 336.0 1393.0 863.0 
937.0 985.0 924.0 831.0 822.0 762.0 648.0 724.0 517.0 601.0 505.0 483.0 425.0 439.0 391.0 476.0 313.0 270.0 186.0 0 375.0 307.0 355.0 438.0 1495.0 965.0 
1024.0 1072.0 1011.0 918.0 909.0 849.0 735.0 811.0 604.0 688.0 592.0 570.0 512.0 526.0 478.0 563.0 400.0 357.0 273.0 375.0 0 128.0 176.0 259.0 1582.0 1052.0 
956.0 1004.0 943.0 850.0 841.0 781.0 667.0 743.0 536.0 620.0 524.0 502.0 444.0 458.0 410.0 495.0 332.0 289.0 205.0 307.0 128.0 0 108.0 191.0 1514.0 984.0 
1004.0 1052.0 991.0 898.0 889.0 829.0 715.0 791.0 584.0 668.0 572.0 550.0 492.0 506.0 458.0 543.0 380.0 337.0 253.0 355.0 176.0 108.0 0 215.0 1562.0 1032.0 
1087.0 1135.0 1074.0 981.0 972.0 912.0 798.0 874.0 667.0 751.0 655.0 633.0 575.0 589.0 541.0 626.0 463.0 420.0 336.0 438.0 259.0 191.0 215.0 0 1645.0 1115.0 
694.0 742.0 819.0 726.0 839.0 779.0 957.0 1033.0 1068.0 1152.0 1092.0 1070.0 1170.0 1184.0 1154.0 1239.0 1306.0 1263.0 1393.0 1495.0 1582.0 1514.0 1562.0 1645.0 0 530.0 
164.0 212.0 289.0 196.0 309.0 249.0 427.0 503.0 538.0 622.0 562.0 540.0 640.0 654.0 624.0 709.0 776.0 733.0 863.0 965.0 1052.0 984.0 1032.0 1115.0 530.0 0 
