51
a0 a1 b0 b1 c0 c1 d0 d1 e0 e1 f0 f1 g0 g1 h0 h1 i0 i1 j0 j1 k0 k1 l0 l1 y 54 55 56 57 58 59 60 61 62 63 64 65 72 74 77 79 82 84 87 89 92 94 97 99 69 Soda
0 90.0 291.0 243.0 391.0 367.0 448.0 480.0 462.0 452.0 627.0 597.0 685.0 604.0 629.0 638.0 849.0 724.0 979.0 984.0 964.0 963.0 945.0 1072.0 615.0 228.0 257.0 339.0 302.0 353.0 357.0 316.0 335.0 481.0 461.0 484.0 581.0 497.0 668.0 496.0 686.0 435.0 622.0 460.0 561.0 625.0 710.0 550.0 703.0 435.0 99.0 
90.0 0 255.0 207.0 355.0 331.0 412.0 444.0 426.0 416.0 591.0 561.0 649.0 568.0 593.0 602.0 813.0 688.0 943.0 948.0 928.0 927.0 909.0 1036.0 579.0 192.0 221.0 303.0 266.0 317.0 321.0 280.0 299.0 445.0 425.0 448.0 545.0 461.0 632.0 460.0 650.0 399.0 586.0 424.0 525.0 589.0 674.0 514.0 667.0 399.0 63.0 
291.0 255.0 0 216.0 364.0 340.0 421.0 453.0 435.0 425.0 600.0 570.0 658.0 577.0 602.0 611.0 822.0 697.0 952.0 957.0 937.0 936.0 918.0 1045.0 780.0 393.0 422.0 504.0 467.0 518.0 522.0 481.0 500.0 646.0 626.0 649.0 746.0 662.0 833.0 661.0 851.0 600.0 787.0 625.0 726.0 790.0 875.0 715.0 868.0 600.0 264.0 
243.0 207.0 216.0 0 316.0 292.0 373.0 405.0 387.0 377.0 552.0 522.0 610.0 529.0 554.0 563.0 774.0 649.0 904.0 909.0 889.0 888.0 870.0 997.0 732.0 345.0 374.0 456.0 419.0 470.0 474.0 433.0 452.0 598.0 578.0 601.0 698.0 614.0 785.0 613.0 803.0 552.0 739.0 577.0 678.0 742.0 827.0 667.0 820.0 552.0 216.0 
391.0 355.0 364.0 316.0 0 270.0 351.0 383.0 365.0 355.0 530.0 500.0 588.0 507.0 532.0 541.0 752.0 627.0 882.0 887.0 867.0 866.0 848.0 975.0 880.0 493.0 522.0 604.0 567.0 618.0 622.0 581.0 600.0 746.0 726.0 749.0 846.0 762.0 933.0 761.0 951.0 700.0 887.0 725.0 826.0 890.0 975.0 815.0 968.0 700.0 364.0 
367.0 331.0 340.0 292.0 270.0 0 327.0 359.0 341.0 331.0 506.0 476.0 564.0 483.0 508.0 517.0 728.0 603.0 858.0 863.0 843.0 842.0 824.0 951.0 856.0 469.0 498.0 580.0 543.0 594.0 598.0 557.0 576.0 722.0 702.0 725.0 822.0 738.0 909.0 737.0 927.0 676.0 863.0 701.0 802.0 866.0 951.0 791.0 944.0 676.0 340.0 
448.0 412.0 421.0 373.0 351.0 327.0 0 154.0 136.0 126.0 301.0 271.0 359.0 278.0 303.0 312.0 523.0 398.0 653.0 658.0 638.0 637.0 619.0 746.0 937.0 550.0 579.0 661.0 624.0 675.0 679.0 638.0 657.0 803.0 783.0 806.0 903.0 819.0 990.0 818.0 1008.0 757.0 944.0 782.0 883.0 947.0 1032.0 872.0 1025.0 757.0 421.0 
480.0 444.0 453.0 405.0 383.0 359.0 154.0 0 168.0 158.0 333.0 303.0 391.0 310.0 335.0 344.0 555.0 430.0 685.0 690.0 670.0 669.0 651.0 778.0 969.0 582.0 611.0 693.0 656.0 707.0 711.0 670.0 689.0 835.0 815.0 838.0 935.0 851.0 1022.0 850.0 1040.0 789.0 976.0 814.0 915.0 979.0 1064.0 904.0 1057.0 789.0 453.0 
462.0 426.0 435.0 387.0 365.0 341.0 136.0 168.0 0 46.0 221.0 191.0 279.0 198.0 223.0 232.0 443.0 318.0 573.0 578.0 558.0 557.0 539.0 666.0 951.0 564.0 593.0 675.0 638.0 689.0 693.0 652.0 671.0 817.0 797.0 820.0 917.0 833.0 1004.0 832.0 1022.0 771.0 958.0 796.0 897.0 961.0 1046.0 886.0 1039.0 771.0 435.0 
452.0 416.0 425.0 377.0 355.0 331.0 126.0 158.0 46.0 0 211.0 181.0 269.0 188.0 213.0 222.0 433.0 308.0 563.0 568.0 548.0 547.0 529.0 656.0 941.0 554.0 583.0 665.0 628.0 679.0 683.0 642.0 661.0 807.0 787.0 810.0 907.0 823.0 994.0 822.0 1012.0 761.0 948.0 786.0 887.0 951.0 1036.0 876.0 1029.0 761.0 425.0 
627.0 591.0 600.0 552.0 530.0 506.0 301.0 333.0 221.0 211.0 0 250.0 338.0 257.0 282.0 291.0 502.0 377.0 632.0 637.0 617.0 616.0 598.0 725.0 1116.0 729.0 758.0 840.0 803.0 854.0 858.0 817.0 836.0 982.0 962.0 985.0 1082.0 998.0 1169.0 997.0 1187.0 936.0 1123.0 961.0 1062.0 1126.0 1211.0 1051.0 1204.0 936.0 600.0 
597.0 561.0 570.0 522.0 500.0 476.0 271.0 303.0 191.0 181.0 250.0 0 308.0 227.0 252.0 261.0 472.0 347.0 602.0 607.0 587.0 586.0 568.0 695.0 1086.0 699.0 728.0 810.0 773.0 824.0 828.0 787.0 806.0 952.0 932.0 955.0 1052.0 968.0 1139.0 967.0 1157.0 906.0 1093.0 931.0 1032.0 1096.0 1181.0 1021.0 1174.0 906.0 570.0 
685.0 649.0 658.0 610.0 588.0 564.0 359.0 391.0 279.0 269.0 338.0 308.0 0 141.0 166.0 175.0 386.0 261.0 516.0 521.0 501.0 500.0 482.0 609.0 1174.0 787.0 816.0 898.0 861.0 912.0 916.0 875.0 894.0 1040.0 1020.0 1043.0 1140.0 1056.0 1227.0 1055.0 1245.0 994.0 1181.0 1019.0 1120.0 1184.0 1269.0 1109.0 1262.0 994.0 658.0 
604.0 568.0 577.0 529.0 507.0 483.0 278.0 310.0 198.0 188.0 257.0 227.0 141.0 0 85.0 94.0 305.0 180.0 435.0 440.0 420.0 419.0 401.0 528.0 1093.0 706.0 735.0 817.0 780.0 831.0 835.0 794.0 813.0 959.0 939.0 962.0 1059.0 975.0 1146.0 974.0 1164.0 913.0 1100.0 938.0 1039.0 1103.0 1188.0 1028.0 1181.0 913.0 577.0 
629.0 593.0 602.0 554.0 532.0 508.0 303.0 335.0 223.0 213.0 282.0 252.0 166.0 85.0 0 107.0 318.0 193.0 448.0 453.0 433.0 432.0 414.0 541.0 1118.0 731.0 760.0 842.0 805.0 856.0 860.0 819.0 838.0 984.0 964.0 987.0 1084.0 1000.0 1171.0 999.0 1189.0 938.0 1125.0 963.0 1064.0 1128.0 1213.0 1053.0 1206.0 938.0 602.0 
638.0 602.0 611.0 563.0 541.0 517.0 312.0 344.0 232.0 222.0 291.0 261.0 175.0 94.0 107.0 0 327.0 202.0 457.0 462.0 442.0 441.0 423.0 550.0 1127.0 740.0 769.0 851.0 814.0 865.0 869.0 828.0 847.0 993.0 973.0 996.0 1093.0 1009.0 1180.0 1008.0 1198.0 947.0 1134.0 972.0 1073.0 1137.0 1222.0 1062.0 1215.0 947.0 611.0 
849.0 813.0 822.0 774.0 752.0 728.0 523.0 555.0 443.0 433.0 502.0 472.0 386.0 305.0 318.0 327.0 0 167.0 422.0 427.0 407.0 406.0 388.0 515.0 1338.0 951.0 980.0 1062.0 1025.0 1076.0 1080.0 1039.0 1058.0 1204.0 1184.0 1207.0 1304.0 1220.0 1391.0 1219.0 1409.0 1158.0 1345.0 1183.0 1284.0 1348.0 1433.0 1273.0 1426.0 1158.0 822.0 
724.0 688.0 697.0 649.0 627.0 603.0 398.0 430.0 318.0 308.0 377.0 347.0 261.0 180.0 193.0 202.0 167.0 0 297.0 302.0 282.0 281.0 263.0 390.0 1213.0 826.0 855.0 937.0 900.0 951.0 955.0 914.0 933.0 1079.0 1059.0 1082.0 1179.0 1095.0 1266.0 1094.0 1284.0 1033.0 1220.0 1058.0 1159.0 1223.0 1308.0 1148.0 1301.0 1033.0 697.0 
979.0 943.0 952.0 904.0 882.0 858.0 653.0 685.0 573.0 563.0 632.0 602.0 516.0 435.0 448.0 457.0 422.0 297.0 0 271.0 251.0 250.0 232.0 359.0 1468.0 1081.0 1110.0 1192.0 1155.0 1206.0 1210.0 1169.0 1188.0 1334.0 1314.0 1337.0 1434.0 1350.0 1521.0 1349.0 1539.0 1288.0 1475.0 1313.0 1414.0 1478.0 1563.0 1403.0 1556.0 1288.0 952.0 
984.0 948.0 957.0 909.0 887.0 863.0 658.0 690.0 578.0 568.0 637.0 607.0 521.0 440.0 453.0 462.0 427.0 302.0 271.0 0 256.0 255.0 237.0 364.0 1473.0 1086.0 1115.0 1197.0 1160.0 1211.0 1215.0 1174.0 1193.0 1339.0 1319.0 1342.0 1439.0 1355.0 1526.0 1354.0 1544.0 1293.0 1480.0 1318.0 1419.0 1483.0 1568.0 1408.0 1561.0 1293.0 957.0 
964.0 928.0 937.0 889.0 867.0 843.0 638.0 670.0 558.0 548.0 617.0 587.0 501.0 420.0 433.0 442.0 407.0 282.0 251.0 256.0 0 229.0 211.0 338.0 1453.0 1066.0 1095.0 1177.0 1140.0 1191.0 1195.0 1154.0 1173.0 1319.0 1299.0 1322.0 1419.0 1335.0 1506.0 1334.0 1524.0 1273.0 1460.0 1298.0 1399.0 1463.0 1548.0 1388.0 1541.0 1273.0 937.0 
963.0 927.0 936.0 888.0 866.0 842.0 637.0 669.0 557.0 547.0 616.0 586.0 500.0 419.0 432.0 441.0 406.0 281.0 250.0 255.0 229.0 0 210.0 337.0 1452.0 1065.0 1094.0 1176.0 1139.0 1190.0 1194.0 1153.0 1172.0 1318.0 1298.0 1321.0 1418.0 1334.0 1505.0 1333.0 1523.0 1272.0 1459.0 1297.0 1398.0 1462.0 1547.0 1387.0 1540.0 1272.0 936.0 
945.0 909.0 918.0 870.0 848.0 824.0 619.0 651.0 539.0 529.0 598.0 568.0 482.0 401.0 414.0 423.0 388.0 263.0 232.0 237.0 211.0 210.0 0 159.0 1434.0 1047.0 1076.0 1158.0 1121.0 1172.0 1176.0 1135.0 1154.0 1300.0 1280.0 1303.0 1400.0 1316.0 1487.0 1315.0 1505.0 1254.0 1441.0 1279.0 1380.0 1444.0 1529.0 1369.0 1522.0 1254.0 918.0 
1072.0 1036.0 1045.0 997.0 975.0 951.0 746.0 778.0 666.0 656.0 725.0 695.0 609.0 528.0 541.0 550.0 515.0 390.0 359.0 364.0 338.0 337.0 159.0 0 1561.0 1174.0 1203.0 1285.0 1248.0 1299.0 1303.0 1262.0 1281.0 1427.0 1407.0 1430.0 1527.0 1443.0 1614.0 1442.0 1632.0 1381.0 1568.0 1406.0 1507.0 1571.0 1656.0 1496.0 1649.0 1381.0 1045.0 
615.0 579.0 780.0 732.0 880.0 856.0 937.0 969.0 951.0 941.0 1116.0 1086.0 1174.0 1093.0 1118.0 1127.0 1338.0 1213.0 1468.0 1473.0 1453.0 1452.0 1434.0 1561.0 0 645.0 674.0 756.0 719.0 770.0 774.0 733.0 752.0 898.0 878.0 901.0 998.0 914.0 1085.0 913.0 1103.0 852.0 1039.0 877.0 978.0 1042.0 1127.0 967.0 1120.0 852.0 516.0 
228.0 192.0 393.0 345.0 493.0 469.0 550.0 582.0 564.0 554.0 729.0 699.0 787.0 706.0 731.0 740.0 951.0 826.0 1081.0 1086.0 1066.0 1065.0 1047.0 1174.0 645.0 0 85.0 167.0 130.0 181.0 185.0 144.0 163.0 309.0 289.0 312.0 409.0 527.0 698.0 526.0 716.0 465.0 652.0 490.0 591.0 655.0 740.0 580.0 733.0 465.0 129.0 
257.0 221.0 422.0 374.0 522.0 498.0 579.0 611.0 593.0 583.0 758.0 728.0 816.0 735.0 760.0 769.0 980.0 855.0 1110.0 1115.0 1095.0 1094.0 1076.0 1203.0 674.0 85.0 0 82.0 159.0 210.0 214.0 173.0 192.0 338.0 318.0 341.0 438.0 556.0 727.0 555.0 745.0 494.0 681.0 519.0 620.0 684.0 769.0 609.0 762.0 494.0 158.0 
339.0 303.0 504.0 456.0 604.0 580.0 661.0 693.0 675.0 665.0 840.0 810.0 898.0 817.0 842.0 851.0 1062.0 937.0 1192.0 1197.0 1177.0 1176.0 1158.0 1285.0 756.0 167.0 82.0 0 241.0 292.0 296.0 255.0 274.0 420.0 400.0 423.0 520.0 638.0 809.0 637.0 827.0 576.0 763.0 601.0 702.0 766.0 851.0 691.0 844.0 576.0 240.0 
302.0 266.0 467.0 419.0 567.0 543.0 624.0 656.0 638.0 628.0 803.0 773.0 861.0 780.0 805.0 814.0 1025.0 900.0 1155.0 1160.0 1140.0 1139.0 1121.0 1248.0 719.0 130.0 159.0 241.0 0 159.0 163.0 122.0 141.0 287.0 267.0 290.0 387.0 601.0 772.0 600.0 790.0 539.0 726.0 564.0 665.0 729.0 814.0 654.0 807.0 539.0 203.0 
353.0 317.0 518.0 470.0 618.0 594.0 675.0 707.0 689.0 679.0 854.0 824.0 912.0 831.0 856.0 865.0 1076.0 951.0 1206.0 1211.0 1191.0 1190.0 1172.0 1299.0 770.0 181.0 210.0 292.0 159.0 0 4.0 173.0 192.0 338.0 318.0 341.0 438.0 652.0 823.0 651.0 841.0 590.0 777.0 615.0 716.0 780.0 865.0 705.0 858.0 590.0 254.0 
357.0 321.0 522.0 474.0 622.0 598.0 679.0 711.0 693.0 683.0 858.0 828.0 916.0 835.0 860.0 869.0 1080.0 955.0 1210.0 1215.0 1195.0 1194.0 1176.0 1303.0 774.0 185.0 214.0 296.0 163.0 4.0 0 177.0 196.0 342.0 322.0 345.0 442.0 656.0 827.0 655.0 845.0 594.0 781.0 619.0 720.0 784.0 869.0 709.0 862.0 594.0 258.0 
316.0 280.0 481.0 433.0 581.0 557.0 638.0 670.0 652.0 642.0 817.0 787.0 875.0 794.0 819.0 828.0 1039.0 914.0 1169.0 1174.0 1154.0 1153.0 1135.0 1262.0 733.0 144.0 173.0 255.0 122.0 173.0 177.0 0 47.0 193.0 173.0 196.0 293.0 615.0 786.0 614.0 804.0 553.0 740.0 578.0 679.0 743.0 828.0 668.0 821.0 553.0 217.0 
335.0 299.0 500.0 452.0 600.0 576.0 657.0 689.0 671.0 661.0 836.0 806.0 894.0 813.0 838.0 847.0 1058.0 933.0 1188.0 1193.0 1173.0 1172.0 1154.0 1281.0 752.0 163.0 192.0 274.0 141.0 192.0 196.0 47.0 0 146.0 192.0 215.0 312.0 634.0 805.0 633.0 823.0 572.0 759.0 597.0 698.0 762.0 847.0 687.0 840.0 572.0 236.0 
481.0 445.0 646.0 598.0 746.0 722.0 803.0 835.0 817.0 807.0 982.0 952.0 1040.0 959.0 984.0 993.0 1204.0 1079.0 1334.0 1339.0 1319.0 1318.0 1300.0 1427.0 898.0 309.0 338.0 420.0 287.0 338.0 342.0 193.0 146.0 0 338.0 361.0 458.0 780.0 951.0 779.0 969.0 718.0 905.0 743.0 844.0 908.0 993.0 833.0 986.0 718.0 382.0 
461.0 425.0 626.0 578.0 726.0 702.0 783.0 815.0 797.0 787.0 962.0 932.0 1020.0 939.0 964.0 973.0 1184.0 1059.0 1314.0 1319.0 1299.0 1298.0 1280.0 1407.0 878.0 289.0 318.0 400.0 267.0 318.0 322.0 173.0 192.0 338.0 0 219.0 316.0 760.0 931.0 759.0 949.0 698.0 885.0 723.0 824.0 888.0 973.0 813.0 966.0 698.0 362.0 
484.0 448.0 649.0 601.0 749.0 725.0 806.0 838.0 820.0 810.0 985.0 955.0 1043.0 962.0 987.0 996.0 1207.0 1082.0 1337.0 1342.0 1322.0 1321.0 1303.0 1430.0 901.0 312.0 341.0 423.0 290.0 341.0 345.0 196.0 215.0 361.0 219.0 0 97.0 783.0 954.0 782.0 972.0 721.0 908.0 746.0 847.0 911.0 996.0 836.0 989.0 721.0 385.0 
581.0 545.0 746.0 698.0 846.0 822.0 903.0 935.0 917.0 907.0 1082.0 1052.0 1140.0 1059.0 1084.0 1093.0 1304.0 1179.0 1434.0 1439.0 1419.0 1418.0 1400.0 1527.0 998.0 409.0 438.0 520.0 387.0 438.0 442.0 293.0 312.0 458.0 316.0 97.0 0 880.0 1051.0 879.0 1069.0 818.0 1005.0 843.0 944.0 1008.0 1093.0 933.0 1086.0 818.0 482.0 
497.0 461.0 662.0 614.0 762.0 738.0 819.0 851.0 833.0 823.0 998.0 968.0 1056.0 975.0 1000.0 1009.0 1220.0 1095.0 1350.0 1355.0 1335.0 1334.0 1316.0 1443.0 914.0 527.0 556.0 638.0 601.0 652.0 656.0 615.0 634.0 780.0 760.0 783.0 880.0 0 171.0 661.0 851.0 600.0 787.0 625.0 726.0 790.0 875.0 715.0 868.0 600.0 398.0 
668.0 632.0 833.0 785.0 933.0 909.0 990.0 1022.0 1004.0 994.0 1169.0 1139.0 1227.0 1146.0 1171.0 1180.0 1391.0 1266.0 1521.0 1526.0 1506.0 1505.0 1487.0 1614.0 1085.0 698.0 727.0 809.0 772.0 823.0 827.0 786.0 805.0 951.0 931.0 954.0 1051.0 171.0 0 832.0 1022.0 771.0 958.0 796.0 897.0 961.0 1046.0 886.0 1039.0 771.0 569.0 
496.0 460.0 661.0 613.0 761.0 737.0 818.0 850.0 832.0 822.0 997.0 967.0 1055.0 974.0 999.0 1008.0 1219.0 1094.0 1349.0 1354.0 1334.0 1333.0 1315.0 1442.0 913.0 526.0 555.0 637.0 600.0 651.0 655.0 614.0 633.0 779.0 759.0 782.0 879.0 661.0 832.0 0 190.0 599.0 786.0 624.0 725.0 789.0 874.0 714.0 867.0 599.0 397.0 
686.0 650.0 851.0 803.0 951.0 927.0 1008.0 1040.0 1022.0 1012.0 1187.0 1157.0 1245.0 1164.0 1189.0 1198.0 1409.0 1284.0 1539.0 1544.0 1524.0 1523.0 1505.0 1632.0 1103.0 716.0 745.0 827.0 790.0 841.0 845.0 804.0 823.0 969.0 949.0 972.0 1069.0 851.0 1022.0 190.0 0 789.0 976.0 814.0 915.0 979.0 1064.0 904.0 1057.0 789.0 587.0 
435.0 399.0 600.0 552.0 700.0 676.0 757.0 789.0 771.0 761.0 936.0 906.0 994.0 913.0 938.0 947.0 1158.0 1033.0 1288.0 1293.0 1273.0 1272.0 1254.0 1381.0 852.0 465.0 494.0 576.0 539.0 590.0 594.0 553.0 572.0 718.0 698.0 721.0 818.0 600.0 771.0 599.0 789.0 0 187.0 333.0 434.0 498.0 583.0 423.0 576.0 308.0 336.0 
622.0 586.0 787.0 739.0 887.0 863.0 944.0 976.0 958.0 948.0 1123.0 1093.0 1181.0 1100.0 1125.0 1134.0 1345.0 1220.0 1475.0 1480.0 1460.0 1459.0 1441.0 1568.0 1039.0 652.0 681.0 763.0 726.0 777.0 781.0 740.0 759.0 905.0 885.0 908.0 1005.0 787.0 958.0 786.0 976.0 187.0 0 520.0 621.0 685.0 770.0 610.0 763.0 495.0 523.0 
460.0 424.0 625.0 577.0 725.0 701.0 782.0 814.0 796.0 786.0 961.0 931.0 1019.0 938.0 963.0 972.0 1183.0 1058.0 1313.0 1318.0 1298.0 1297.0 1279.0 1406.0 877.0 490.0 519.0 601.0 564.0 615.0 619.0 578.0 597.0 743.0 723.0 746.0 843.0 625.0 796.0 624.0 814.0 333.0 520.0 0 101.0 523.0 608.0 448.0 601.0 333.0 361.0 
561.0 525.0 726.0 678.0 826.0 802.0 883.0 915.0 897.0 887.0 1062.0 1032.0 1120.0 1039.0 1064.0 1073.0 1284.0 1159.0 1414.0 1419.0 1399.0 1398.0 1380.0 1507.0 978.0 591.0 620.0 702.0 665.0 716.0 720.0 679.0 698.0 844.0 824.0 847.0 944.0 726.0 897.0 725.0 915.0 434.0 621.0 101.0 0 624.0 709.0 549.0 702.0 434.0 462.0 
625.0 589.0 790.0 742.0 890.0 866.0 947.0 979.0 961.0 951.0 1126.0 1096.0 1184.0 1103.0 1128.0 1137.0 1348.0 1223.0 1478.0 1483.0 1463.0 1462.0 1444.0 1571.0 1042.0 655.0 684.0 766.0 729.0 780.0 784.0 743.0 762.0 908.0 888.0 911.0 1008.0 790.0 961.0 789.0 979.0 498.0 685.0 523.0 624.0 0 85.0 383.0 536.0 268.0 526.0 
710.0 674.0 875.0 827.0 975.0 951.0 1032.0 1064.0 1046.0 1036.0 1211.0 1181.0 1269.0 1188.0 1213.0 1222.0 1433.0 1308.0 1563.0 1568.0 1548.0 1547.0 1529.0 1656.0 1127.0 740.0 769.0 851.0 814.0 865.0 869.0 828.0 847.0 993.0 973.0 996.0 1093.0 875.0 1046.0 874.0 1064.0 583.0 770.0 608.0 709.0 85.0 0 468.0 621.0 353.0 611.0 
550.0 514.0 715.0 667.0 815.0 791.0 872.0 904.0 886.0 876.0 1051.0 1021.0 1109.0 1028.0 1053.0 1062.0 1273.0 1148.0 1403.0 1408.0 1388.0 1387.0 1369.0 1496.0 967.0 580.0 609.0 691.0 654.0 705.0 709.0 668.0 687.0 833.0 813.0 836.0 933.0 715.0 886.0 714.0 904.0 423.0 610.0 448.0 549.0 383.0 468.0 0 153.0 193.0 451.0 
703.0 667.0 868.0 820.0 968.0 944.0 1025.0 1057.0 1039.0 1029.0 1204.0 1174.0 1262.0 1181.0 1206.0 1215.0 1426.0 1301.0 1556.0 1561.0 1541.0 1540.0 1522.0 1649.0 1120.0 733.0 762.0 844.0 807.0 858.0 862.0 821.0 840.0 986.0 966.0 989.0 1086.0 868.0 1039.0 867.0 1057.0 576.0 763.0 601.0 702.0 536.0 621.0 153.0 0 346.0 604.0 
435.0 399.0 600.0 552.0 700.0 676.0 757.0 789.0 771.0 761.0 936.0 906.0 994.0 913.0 938.0 947.0 1158.0 1033.0 1288.0 1293.0 1273.0 1272.0 1254.0 1381.0 852.0 465.0 494.0 576.0 539.0 590.0 594.0 553.0 572.0 718.0 698.0 721.0 818.0 600.0 771.0 599.0 789.0 308.0 495.0 333.0 434.0 268.0 353.0 193.0 346.0 0 336.0 
99.0 63.0 264.0 216.0 364.0 340.0 421.0 453.0 435.0 425.0 600.0 570.0 658.0 577.0 602.0 611.0 822.0 697.0 952.0 957.0 937.0 936.0 918.0 1045.0 516.0 129.0 158.0 240.0 203.0 254.0 258.0 217.0 236.0 382.0 362.0 385.0 482.0 398.0 569.0 397.0 587.0 336.0 523.0 361.0 462.0 526.0 611.0 451.0 604.0 336.0 0 
