25
173 63 136 167 6 158 29 46 193 51 84 87 185 100 73 47 94 171 19 54 132 18 0 168 130
0 1516875247.0 1180783869.0 1225604274.0 1247087211.0 1090606688.0 937097379.0 1014783615.0 1119044071.0 1139579871.0 1445767305.0 1089329709.0 951721532.0 1181059313.0 532953099.0 1227601334.0 1459989352.0 1235339717.0 1642077909.0 1248721688.0 800070630.0 539304915.0 656170321.0 1402235554.0 1294200322.0 
1516875247.0 0 1291429552.0 1181133187.0 940001667.0 1350597686.0 579777868.0 1335027386.0 1216568638.0 559492648.0 1177357117.0 1578146908.0 1325292585.0 1161412005.0 1549021890.0 1502419555.0 1303173775.0 858115187.0 1225064010.0 588421181.0 1228214617.0 1067807405.0 1042902198.0 1331088200.0 705345977.0 
1180783869.0 1291429552.0 0 1041158322.0 1327596827.0 1132182820.0 1214346747.0 637741962.0 1104470834.0 1163569959.0 534800781.0 1129769852.0 622831806.0 1064145193.0 1119572478.0 1037755217.0 1062823614.0 607747500.0 994738444.0 1123736717.0 1015156856.0 1377704005.0 803314736.0 1143294706.0 1242778414.0 
1225604274.0 1181133187.0 1041158322.0 0 1286737305.0 1229615884.0 1317845226.0 1536031654.0 1125498980.0 621640539.0 761116301.0 1519451684.0 1483426628.0 1223559896.0 1266752496.0 1252148325.0 1537653638.0 1437619052.0 755841617.0 890739439.0 734967613.0 1262554037.0 1032327466.0 559752465.0 1692238267.0 
1247087211.0 940001667.0 1327596827.0 1286737305.0 0 496921961.0 1519779535.0 1349403516.0 1134380698.0 716362907.0 1094304000.0 1495958968.0 1192204799.0 1291308391.0 1054575550.0 1597258436.0 1105455713.0 1324644083.0 1381934269.0 1191563128.0 551769692.0 1357276405.0 1199772457.0 1159015965.0 1338735557.0 
1090606688.0 1350597686.0 1132182820.0 1229615884.0 496921961.0 0 1276928005.0 852481555.0 1226813139.0 1213284868.0 597382039.0 1132940581.0 1510307167.0 844212979.0 557653589.0 1100336475.0 608533752.0 827722122.0 1245998486.0 762176505.0 1048691653.0 1038868074.0 902319407.0 1235756363.0 1206361550.0 
937097379.0 579777868.0 1214346747.0 1317845226.0 1519779535.0 1276928005.0 0 1214453113.0 1543040504.0 1128943035.0 679545966.0 1544531014.0 1242901736.0 830100793.0 969244022.0 1182500402.0 1271506195.0 1201495688.0 909143169.0 941792228.0 1061835129.0 488029537.0 1469142950.0 1350960176.0 1285123845.0 
1014783615.0 1335027386.0 637741962.0 1536031654.0 1349403516.0 852481555.0 1214453113.0 0 1031775674.0 1409378873.0 774915353.0 591210714.0 1098148760.0 1696694534.0 481830516.0 1176478751.0 692174040.0 476912199.0 1296219288.0 1363851289.0 1106807706.0 963045001.0 1230038770.0 1391101556.0 1290001838.0 
1119044071.0 1216568638.0 1104470834.0 1125498980.0 1134380698.0 1226813139.0 1543040504.0 1031775674.0 0 1299468697.0 1110929580.0 1202474544.0 1237448520.0 1422048111.0 1257250093.0 1315460837.0 1430976536.0 554863475.0 633897335.0 1418030286.0 1404626650.0 1589224211.0 1095639978.0 855952642.0 859412037.0 
1139579871.0 559492648.0 1163569959.0 621640539.0 716362907.0 1213284868.0 1128943035.0 1409378873.0 1299468697.0 0 1273006534.0 1122237606.0 1395785697.0 601919357.0 1122127983.0 1689261776.0 1316907150.0 1396421448.0 665571362.0 1147913829.0 1256760889.0 640913498.0 483409550.0 1181393004.0 1264838625.0 
1445767305.0 1177357117.0 534800781.0 761116301.0 1094304000.0 597382039.0 679545966.0 774915353.0 1110929580.0 1273006534.0 0 1337278252.0 1157632587.0 1436767223.0 1155035628.0 502954436.0 1082291814.0 1142548281.0 648616447.0 588935936.0 1034625056.0 1167575503.0 789596984.0 1225449142.0 931121966.0 
1089329709.0 1578146908.0 1129769852.0 1519451684.0 1495958968.0 1132940581.0 1544531014.0 591210714.0 1202474544.0 1122237606.0 1337278252.0 0 506938046.0 1239149100.0 575286992.0 1269935227.0 1283384754.0 1068122913.0 1624735644.0 1194039148.0 1223737561.0 1056501477.0 638828056.0 1458718980.0 1126884654.0 
951721532.0 1325292585.0 622831806.0 1483426628.0 1192204799.0 1510307167.0 1242901736.0 1098148760.0 1237448520.0 1395785697.0 1157632587.0 506938046.0 0 1499722322.0 1082225038.0 1660587023.0 1217774406.0 682585045.0 1237465616.0 1536418636.0 1492182241.0 754872199.0 1145766102.0 1395506977.0 619946608.0 
1181059313.0 1161412005.0 1064145193.0 1223559896.0 1291308391.0 844212979.0 830100793.0 1696694534.0 1422048111.0 601919357.0 1436767223.0 1239149100.0 1499722322.0 0 1401866568.0 1087342419.0 1436395060.0 1671892693.0 788150776.0 1251429042.0 1132941621.0 1242832855.0 1085328907.0 1740187894.0 1296907676.0 
532953099.0 1549021890.0 1119572478.0 1266752496.0 1054575550.0 557653589.0 969244022.0 481830516.0 1257250093.0 1122127983.0 1155035628.0 575286992.0 1082225038.0 1401866568.0 0 694648235.0 1166187341.0 702386618.0 1728214194.0 1319830094.0 1114855168.0 481214485.0 1189123420.0 1272892975.0 1702171646.0 
1227601334.0 1502419555.0 1037755217.0 1252148325.0 1597258436.0 1100336475.0 1182500402.0 1176478751.0 1315460837.0 1689261776.0 502954436.0 1269935227.0 1660587023.0 1087342419.0 694648235.0 0 1547753117.0 1397034853.0 1151570883.0 1091890372.0 1244299678.0 1175862720.0 1222289323.0 1604132579.0 1434076402.0 
1459989352.0 1303173775.0 1062823614.0 1537653638.0 1105455713.0 608533752.0 1271506195.0 692174040.0 1430976536.0 1316907150.0 1082291814.0 1283384754.0 1217774406.0 1436395060.0 1166187341.0 1547753117.0 0 1169086239.0 1070347941.0 1370710257.0 1049560552.0 1433140384.0 1381295361.0 1545496098.0 597827798.0 
1235339717.0 858115187.0 607747500.0 1437619052.0 1324644083.0 827722122.0 1201495688.0 476912199.0 554863475.0 1396421448.0 1142548281.0 1068122913.0 682585045.0 1671892693.0 702386618.0 1397034853.0 1169086239.0 0 1188760810.0 1446536368.0 849763175.0 1183601103.0 1411062236.0 914189357.0 1302531653.0 
1642077909.0 1225064010.0 994738444.0 755841617.0 1381934269.0 1245998486.0 909143169.0 1296219288.0 633897335.0 665571362.0 648616447.0 1624735644.0 1237465616.0 788150776.0 1728214194.0 1151570883.0 1070347941.0 1188760810.0 0 904106435.0 1140597664.0 1306484860.0 985907588.0 1315594082.0 1493309372.0 
1248721688.0 588421181.0 1123736717.0 890739439.0 1191563128.0 762176505.0 941792228.0 1363851289.0 1418030286.0 1147913829.0 588935936.0 1194039148.0 1536418636.0 1251429042.0 1319830094.0 1091890372.0 1370710257.0 1446536368.0 904106435.0 0 639793436.0 1429821765.0 1270476253.0 1247039709.0 1251797724.0 
800070630.0 1228214617.0 1015156856.0 734967613.0 551769692.0 1048691653.0 1061835129.0 1106807706.0 1404626650.0 1256760889.0 1034625056.0 1223737561.0 1492182241.0 1132941621.0 1114855168.0 1244299678.0 1049560552.0 849763175.0 1140597664.0 639793436.0 0 1339375545.0 1358306557.0 607246273.0 1281496137.0 
539304915.0 1067807405.0 1377704005.0 1262554037.0 1357276405.0 1038868074.0 488029537.0 963045001.0 1589224211.0 640913498.0 1167575503.0 1056501477.0 754872199.0 1242832855.0 481214485.0 1175862720.0 1433140384.0 1183601103.0 1306484860.0 1429821765.0 1339375545.0 0 1124323048.0 862930639.0 1374818807.0 
656170321.0 1042902198.0 803314736.0 1032327466.0 1199772457.0 902319407.0 1469142950.0 1230038770.0 1095639978.0 483409550.0 789596984.0 638828056.0 1145766102.0 1085328907.0 1189123420.0 1222289323.0 1381295361.0 1411062236.0 985907588.0 1270476253.0 1358306557.0 1124323048.0 0 947252123.0 885257500.0 
1402235554.0 1331088200.0 1143294706.0 559752465.0 1159015965.0 1235756363.0 1350960176.0 1391101556.0 855952642.0 1181393004.0 1225449142.0 1458718980.0 1395506977.0 1740187894.0 1272892975.0 1604132579.0 1545496098.0 914189357.0 1315594082.0 1247039709.0 607246273.0 862930639.0 947252123.0 0 1715364679.0 
1294200322.0 705345977.0 1242778414.0 1692238267.0 1338735557.0 1206361550.0 1285123845.0 1290001838.0 859412037.0 1264838625.0 931121966.0 1126884654.0 619946608.0 1296907676.0 1702171646.0 1434076402.0 597827798.0 1302531653.0 1493309372.0 1251797724.0 1281496137.0 1374818807.0 885257500.0 1715364679.0 0 
