25
82 58 114 2 76 124 109 177 12 190 105 53 88 66 172 199 112 38 188 57 22 27 85 60 113
0 57309526.0 44587800.0 105535194.0 94138703.0 94948189.0 105416533.0 101767340.0 95511857.0 47299708.0 65430923.0 105075885.0 102428355.0 70344813.0 91362777.0 62039292.0 96644484.0 95156671.0 108616408.0 103305622.0 91825886.0 99996697.0 75524731.0 94742565.0 60549466.0 
57309526.0 0 94234533.0 48225668.0 48374273.0 66676963.0 76474349.0 95681575.0 53974036.0 51662986.0 66133537.0 76965427.0 70790506.0 100479847.0 90666070.0 58896544.0 42177849.0 72383187.0 52249877.0 72938491.0 94730630.0 84917556.0 100302022.0 62644631.0 98732829.0 
44587800.0 94234533.0 0 74183455.0 93594443.0 57129698.0 95583483.0 61327221.0 105891087.0 50015348.0 60277185.0 60488085.0 78915380.0 104694529.0 76503971.0 76424518.0 52056684.0 76990028.0 118505086.0 77347038.0 47238086.0 55408897.0 102929206.0 76024726.0 61263476.0 
105535194.0 48225668.0 74183455.0 0 89667573.0 98021322.0 95123252.0 89517896.0 88798789.0 82546084.0 43184887.0 106671370.0 94076785.0 87602231.0 67997703.0 95687497.0 90403517.0 107104991.0 100475545.0 46275122.0 98403676.0 48760008.0 76112872.0 63490174.0 103428867.0 
94138703.0 48374273.0 93594443.0 89667573.0 0 51873945.0 97790158.0 47307302.0 62307805.0 46838995.0 102530719.0 81974194.0 89880854.0 63076993.0 55667394.0 71912335.0 54288189.0 55688376.0 100624150.0 48954511.0 46356357.0 62905277.0 53198710.0 63330375.0 91677772.0 
94948189.0 66676963.0 57129698.0 98021322.0 51873945.0 0 100809841.0 69402790.0 80605712.0 47648481.0 100061159.0 47963458.0 78176244.0 68240758.0 91711550.0 67487564.0 80875249.0 49525576.0 61375388.0 100828456.0 63351538.0 49261314.0 96781623.0 49962294.0 66762783.0 
105416533.0 76474349.0 95583483.0 95123252.0 97790158.0 100809841.0 0 69226096.0 97552267.0 101470938.0 51938365.0 59178774.0 79037972.0 96355709.0 81561624.0 95297322.0 43526799.0 106226800.0 70206511.0 103142892.0 88431052.0 76832817.0 72061199.0 83506936.0 80343501.0 
101767340.0 95681575.0 61327221.0 89517896.0 47307302.0 69402790.0 69226096.0 0 70407281.0 54467632.0 88948525.0 49801528.0 95240930.0 101676532.0 98530701.0 64726785.0 70008786.0 87615232.0 104723652.0 96261813.0 92705828.0 57147348.0 67752165.0 78188945.0 44370470.0 
95511857.0 53974036.0 105891087.0 88798789.0 62307805.0 80605712.0 97552267.0 70407281.0 0 70987114.0 45613902.0 54730645.0 69870204.0 90031246.0 72339341.0 98116512.0 54791008.0 81636630.0 43337547.0 99374071.0 72073227.0 110928648.0 103363559.0 90667952.0 55462947.0 
47299708.0 51662986.0 50015348.0 82546084.0 46838995.0 47648481.0 101470938.0 54467632.0 70987114.0 0 67988836.0 95611939.0 55128647.0 56614446.0 44063069.0 83170620.0 77860595.0 97174057.0 103912863.0 95793506.0 93195352.0 90606061.0 97761867.0 74471775.0 59230097.0 
65430923.0 66133537.0 60277185.0 43184887.0 102530719.0 100061159.0 51938365.0 88948525.0 45613902.0 67988836.0 0 63486483.0 85177441.0 44417344.0 98863325.0 52502610.0 63599263.0 96027795.0 67759450.0 66043932.0 77461978.0 82619317.0 102757837.0 50098865.0 60243980.0 
105075885.0 76965427.0 60488085.0 106671370.0 81974194.0 47963458.0 59178774.0 49801528.0 54730645.0 95611939.0 63486483.0 0 79494694.0 51875004.0 59433687.0 44845419.0 91211522.0 97489034.0 74100822.0 96710697.0 54980346.0 65762121.0 80449850.0 79715421.0 74269969.0 
102428355.0 70790506.0 78915380.0 94076785.0 89880854.0 78176244.0 79037972.0 95240930.0 69870204.0 55128647.0 85177441.0 79494694.0 0 46639059.0 52203266.0 91392311.0 50567942.0 79700134.0 98494704.0 47801663.0 59475514.0 74694881.0 42633220.0 86395114.0 98776793.0 
70344813.0 100479847.0 104694529.0 87602231.0 63076993.0 68240758.0 96355709.0 101676532.0 90031246.0 56614446.0 44417344.0 51875004.0 46639059.0 0 81991101.0 96720423.0 81134128.0 51610451.0 95071142.0 94440722.0 81302923.0 50422967.0 89272279.0 77382166.0 64326736.0 
91362777.0 90666070.0 76503971.0 67997703.0 55667394.0 91711550.0 81561624.0 98530701.0 72339341.0 44063069.0 98863325.0 59433687.0 52203266.0 81991101.0 0 46360715.0 98300649.0 68900200.0 93930781.0 100004929.0 50584257.0 102354784.0 94836486.0 67739366.0 54992468.0 
62039292.0 58896544.0 76424518.0 95687497.0 71912335.0 67487564.0 95297322.0 64726785.0 98116512.0 83170620.0 52502610.0 44845419.0 91392311.0 96720423.0 46360715.0 0 65273891.0 107458516.0 107545633.0 80357075.0 57388457.0 103038062.0 61550729.0 74321295.0 101353183.0 
96644484.0 42177849.0 52056684.0 90403517.0 54288189.0 80875249.0 43526799.0 70008786.0 54791008.0 77860595.0 63599263.0 91211522.0 50567942.0 81134128.0 98300649.0 65273891.0 0 94582648.0 94427726.0 98369605.0 73873400.0 56137640.0 93201162.0 52767922.0 100722653.0 
95156671.0 72383187.0 76990028.0 107104991.0 55688376.0 49525576.0 106226800.0 87615232.0 81636630.0 97174057.0 96027795.0 97489034.0 79700134.0 51610451.0 68900200.0 107458516.0 94582648.0 0 80139127.0 103508321.0 70417388.0 74829375.0 103008373.0 90312766.0 43244762.0 
108616408.0 52249877.0 118505086.0 100475545.0 100624150.0 61375388.0 70206511.0 104723652.0 43337547.0 103912863.0 67759450.0 74100822.0 98494704.0 95071142.0 93930781.0 107545633.0 94427726.0 80139127.0 0 58717522.0 83223639.0 98385679.0 104110706.0 66634991.0 98800494.0 
103305622.0 72938491.0 77347038.0 46275122.0 48954511.0 100828456.0 103142892.0 96261813.0 99374071.0 95793506.0 66043932.0 96710697.0 47801663.0 94440722.0 100004929.0 80357075.0 98369605.0 103508321.0 58717522.0 0 95310868.0 59133063.0 90434883.0 71716486.0 67934283.0 
91825886.0 94730630.0 47238086.0 98403676.0 46356357.0 63351538.0 88431052.0 92705828.0 72073227.0 93195352.0 77461978.0 54980346.0 59475514.0 81302923.0 50584257.0 57388457.0 73873400.0 70417388.0 83223639.0 95310868.0 0 95131348.0 81483613.0 93920831.0 96241691.0 
99996697.0 84917556.0 55408897.0 48760008.0 62905277.0 49261314.0 76832817.0 57147348.0 110928648.0 90606061.0 82619317.0 65762121.0 74694881.0 50422967.0 102354784.0 103038062.0 56137640.0 74829375.0 98385679.0 59133063.0 95131348.0 0 47520309.0 81458439.0 65091875.0 
75524731.0 100302022.0 102929206.0 76112872.0 53198710.0 96781623.0 72061199.0 67752165.0 103363559.0 97761867.0 102757837.0 80449850.0 42633220.0 89272279.0 94836486.0 61550729.0 93201162.0 103008373.0 104110706.0 90434883.0 81483613.0 47520309.0 0 79048701.0 68658825.0 
94742565.0 62644631.0 76024726.0 63490174.0 63330375.0 49962294.0 83506936.0 78188945.0 90667952.0 74471775.0 50098865.0 79715421.0 86395114.0 77382166.0 67739366.0 74321295.0 52767922.0 90312766.0 66634991.0 71716486.0 93920831.0 81458439.0 79048701.0 0 72314208.0 
60549466.0 98732829.0 61263476.0 103428867.0 91677772.0 66762783.0 80343501.0 44370470.0 55462947.0 59230097.0 60243980.0 74269969.0 98776793.0 64326736.0 54992468.0 101353183.0 100722653.0 43244762.0 98800494.0 67934283.0 96241691.0 65091875.0 68658825.0 72314208.0 0 
