101
2 3 4 5 6 7 8 9 10 11 12 13 14 15 16 17 18 19 20 21 22 23 24 25 26 27 28 29 30 31 32 33 34 35 36 37 38 39 40 41 42 43 44 45 46 47 48 49 50 51 52 53 54 55 56 57 58 59 60 61 62 63 64 65 66 67 68 69 70 71 72 73 74 75 76 77 78 79 80 81 82 83 84 85 86 87 88 89 90 91 92 93 94 95 96 97 98 99 100 101 Soda
0 15.57 16.9651 13.3584 18.3039 19.5379 19.6546 14.8704 18.1196 14.5044 20.82 12.2571 13.4068 19.3106 11.1871 18.1517 20.552500000000002 17.8066 20.9674 16.3083 12.8305 19.963 11.2336 11.5438 19.3135 11.5826 11.5424 18.2019 15.3399 13.609 19.051 11.1821 12.7362 16.7726 10.5633 11.8446 11.0523 20.664 13.7198 11.9018 21.098799999999997 11.2182 19.8367 16.3238 10.7322 19.8678 18.0943 10.9086 21.235300000000002 11.5924 19.5143 15.0261 19.5055 11.762 11.2867 14.1455 21.9242 13.2048 14.2333 12.935 21.0205 11.3746 13.316 19.4885 14.745 10.311 22.066699999999997 14.4053 12.0246 15.5665 13.7012 11.9458 20.6019 17.8918 13.9753 13.9249 13.6537 20.9008 20.8334 14.0212 12.3407 19.2953 12.8292 12.463 18.7322 17.8026 18.4669 18.1627 12.2009 22.4219 15.9376 15.9669 14.2062 21.439500000000002 18.8712 15.0045 18.7465 14.3791 19.6706 10.8561 21.419600000000003 
15.57 0 10.3527 15.9787 16.1441 17.4832 12.1714 22.6666 20.795900000000003 17.4019 16.4416 20.3921 11.7011 16.4515 21.8982 20.6819 14.609 15.1436 18.21 15.4162 13.0426 20.849800000000002 18.4376 12.3668 15.1714 12.3467 19.4839 16.147 20.6727 18.0179 10.5468 10.7198 18.1937 12.2604 22.4038 22.1188 18.5875 20.9238 18.9086 17.7323 12.1052 20.4035 18.9444 16.8752 16.573 13.1032 15.1032 16.4965 14.0841 16.7886 15.1978 11.2885 20.2718 12.3354 11.9796 16.8435 12.6861 11.9281 16.0689 11.8511 17.9604 21.5664 15.9632 12.3486 17.3912 12.5492 11.046 19.5612 18.0877 10.3399 12.9925 18.6618 19.8549 11.4297 15.0919 13.5893 14.3801 14.5098 14.4235 10.5137 17.2962 20.4959 19.4202 15.2378 21.6845 20.689 14.9653 18.4202 14.7385 10.5718 17.8163 12.7222 18.2535 10.4629 10.8356 18.5665 17.6794 17.1047 19.1042 20.88 10.273 
16.9651 10.3527 0 14.5233 20.8476 14.0918 12.257 19.4426 11.8399 20.924300000000002 21.1902 10.0394 19.1605 20.194499999999998 16.9968 19.9907 14.0443 16.1709 10.3821 15.5767 17.3816 10.4971 11.1162 13.0837 19.1223 19.6498 12.2078 11.9247 13.6762 13.7406 12.7328 18.122 22.2591 21.218200000000003 15.3203 18.0883 10.7359 13.389 12.3152 19.9095 20.968400000000003 14.8952 19.8529 13.4903 17.4831 21.0395 21.2059 15.5909 10.6265 15.8651 18.158 10.6561 11.3004 18.4429 12.5849 11.2419 12.9625 11.5043 19.8029 14.774 18.6193 15.0127 22.5502 13.4687 19.4874 16.0484 15.7765 20.2578 16.4767 17.9993 21.2601 20.6888 20.2295 12.0073 13.067 16.4754 19.5725 11.9683 13.605 14.8719 10.6423 13.5127 17.2885 11.422 12.62 22.3398 14.9431 20.4506 11.8143 12.2089 19.8729 20.8953 15.438 11.4937 20.1844 19.511 13.2736 13.2199 11.9243 13.5555 11.2349 
13.3584 15.9787 14.5233 0 20.9247 18.6817 15.0153 20.5092 18.3025 12.9473 18.6603 12.9673 17.5164 15.2576 15.4928 20.575000000000003 11.6535 14.1701 10.5603 21.2075 13.6411 12.2895 14.4151 20.9185 18.2787 10.6776 18.6465 16.8594 12.5293 18.9396 17.8483 17.5952 10.9134 10.753 16.5997 20.8463 13.6503 11.5101 20.1319 14.9523 11.4151 20.4521 19.5424 11.5513 20.4479 13.6443 12.3054 20.479999999999997 12.5719 19.659 12.9773 11.8195 18.6525 19.2678 17.5831 10.1774 21.3106 20.273699999999998 18.3192 14.0283 16.5395 13.485 13.7431 20.7076 19.2923 19.195 15.872 10.1673 14.1154 20.8488 14.8143 18.9301 10.1243 20.8543 13.6219 18.7134 19.5857 12.3028 10.0839 21.506300000000003 13.1524 10.217 14.8051 19.6734 12.5332 16.2863 13.1571 18.9004 10.0034 14.2713 13.9362 17.7848 13.2649 18.201 22.819200000000002 15.5743 20.2012 20.7516 10.1226 10.1165 11.8523 
18.3039 16.1441 20.8476 20.9247 0 10.2817 18.7813 11.4574 15.4289 10.1596 21.157 13.6683 10.8207 19.1121 17.684 20.1764 18.0558 18.1158 12.1371 17.0832 21.4078 18.5838 14.3873 21.6811 12.9459 21.6781 11.0859 12.8925 19.9337 20.973 13.5641 19.07 21.6721 13.311 17.2822 10.0216 20.097 17.6916 12.0393 20.556 16.4318 18.6304 14.4674 19.8908 14.098 15.5028 13.3129 13.5735 20.427799999999998 12.0353 15.5611 21.4291 17.0642 14.9862 13.8798 20.6884 15.8512 18.5703 11.6537 20.1886 17.3899 18.2452 21.1491 13.7562 11.9038 19.7158 15.0891 16.2463 11.9997 13.656 20.6649 21.0494 13.8037 20.9942 20.9008 17.8773 20.861800000000002 11.0483 18.6174 11.5288 19.0815 10.7077 21.106099999999998 18.4791 15.9275 18.4442 18.2116 16.7909 19.6957 18.7331 12.5126 20.658 12.5205 21.1674 19.7131 17.7663 14.3942 10.8467 16.3423 13.7818 10.8273 
19.5379 17.4832 14.0918 18.6817 10.2817 0 18.9007 13.5575 19.093 20.4413 21.252299999999998 10.0995 17.0924 17.4651 16.975 20.4362 11.817 15.4886 15.459 11.43 20.5841 19.8083 10.1625 16.1932 21.0596 15.0143 14.1657 20.1049 15.2878 10.6913 16.8068 11.3278 21.3916 14.0942 17.2039 13.2589 15.3394 13.1245 15.9034 18.2812 12.8616 14.9563 10.1303 11.0364 15.8918 17.8638 18.0982 19.6186 14.5182 13.7569 13.3879 15.7272 15.809 15.9705 19.838 13.477 15.7919 17.0085 14.7161 14.9969 13.43 21.2601 11.8379 11.9251 15.8792 14.6697 11.2429 17.7656 19.3526 13.5109 14.7586 17.4172 13.9863 11.9844 21.692300000000003 12.5636 11.3623 16.5368 15.6712 12.4745 13.4814 20.8704 19.73 13.1202 11.9996 21.1669 11.2455 13.8458 13.2348 21.003500000000003 18.0605 13.8721 12.206 11.7698 11.0311 15.2931 13.0389 13.4594 19.4425 18.6477 17.1881 
19.6546 12.1714 12.257 15.0153 18.7813 18.9007 0 14.8984 20.979 19.2984 18.447 20.5055 17.2674 16.8641 15.8217 18.1767 13.5335 11.6574 16.0112 15.2414 10.8112 16.9525 14.1517 19.8534 14.1616 17.1378 20.776 11.7874 11.1809 14.0127 19.5297 11.5631 19.3828 16.7315 13.4249 21.1951 15.4672 10.2612 19.7438 13.6259 12.7252 14.1216 14.676 20.3069 13.4932 17.714 15.7198 21.1378 18.415 17.3807 11.737 12.1261 11.6959 12.0091 19.7148 14.9631 18.1114 14.1594 21.2228 17.6522 18.4235 16.3899 21.074 13.223 19.8715 17.7902 18.1293 10.3878 12.219 21.349899999999998 13.2835 21.2976 11.6454 11.9769 18.6971 21.5205 14.4031 18.383 10.6348 11.7599 19.3391 21.1154 14.7054 20.906100000000002 17.0122 13.2315 11.7625 19.0257 16.8471 17.5722 11.5214 19.416 13.3048 11.2054 14.7306 14.0448 16.7423 11.1128 19.9337 18.6343 14.5382 
14.8704 22.6666 19.4426 20.5092 11.4574 13.5575 14.8984 0 15.6891 16.5012 12.8513 19.6209 13.2298 15.8936 19.235 16.8669 17.7319 15.3831 19.4807 16.3477 20.7733 21.4105 14.5642 21.009900000000002 20.9483 15.3133 10.0662 18.8325 19.2224 15.6872 12.642 13.7 18.2498 16.2956 18.4071 16.09 22.3398 15.7893 11.9922 19.542 12.6788 11.1967 18.1103 10.379 21.4717 18.7171 10.5222 10.4467 10.4447 20.747700000000002 14.3234 13.0584 10.2811 17.0647 19.6548 11.2559 10.3072 11.6578 14.4128 12.1122 15.2711 14.0643 13.2975 17.641 19.2912 14.3455 12.3958 18.6038 21.6463 12.9403 20.9802 20.5811 12.5159 11.2457 10.4089 12.8717 17.9294 17.6288 21.4574 17.6009 13.3601 14.8903 12.3987 18.0793 14.3567 13.0752 11.8621 14.9334 20.2487 12.9802 19.2664 16.4017 17.6343 14.5351 14.9241 13.2169 15.4588 12.9615 18.081 14.2929 15.5333 
18.1196 20.795900000000003 11.8399 18.3025 15.4289 19.093 20.979 15.6891 0 14.157 19.9289 21.061 21.643900000000002 10.9059 11.5139 16.7162 18.099 10.5298 19.6061 20.726399999999998 21.2747 14.4585 14.0253 10.0364 11.1229 21.6742 21.129800000000003 19.9426 17.1654 19.1948 18.9446 12.4261 19.0877 20.548000000000002 16.5929 10.1516 20.227 14.7257 20.436 10.19 16.5962 16.8382 14.2272 18.3691 16.1895 22.0069 14.1706 13.2621 15.5986 17.4119 20.2592 11.4202 15.6309 12.2057 18.7027 19.3812 21.434800000000003 16.2661 19.5689 10.3088 19.6909 17.5121 12.4241 12.3874 17.7809 16.1518 17.2909 11.4881 21.4679 19.096 21.931199999999997 13.0234 16.3223 17.3255 19.711 14.7101 19.9284 16.0982 16.0634 18.8034 21.9287 20.8248 16.5246 19.8541 11.6798 18.4127 17.1052 20.306800000000003 15.918 21.1922 19.5535 16.3142 15.7025 18.1976 19.8867 20.381700000000002 12.9165 11.6992 15.455 18.1021 18.3602 
14.5044 17.4019 20.924300000000002 12.9473 10.1596 20.4413 19.2984 16.5012 14.157 0 21.212899999999998 13.4446 20.602600000000002 18.5596 18.0714 16.9066 21.221 10.026 19.2507 14.1099 16.3722 10.8342 21.0794 12.5584 18.0556 19.4179 21.2455 20.1562 19.5837 21.2591 10.8316 20.455399999999997 18.9827 14.9143 10.8237 20.0837 10.1884 19.7886 16.7759 18.5231 13.4012 20.6584 14.2813 18.0991 17.2656 15.8019 17.0199 16.0098 17.1187 16.015 13.5177 20.7444 17.3207 20.3844 13.8667 12.2269 18.8285 14.9566 20.7731 10.933 20.8614 21.5559 21.2214 15.6717 16.4202 15.4168 16.9792 11.8811 11.2118 20.506500000000003 10.5053 13.3968 11.1032 12.2576 20.962200000000003 20.5413 19.0351 12.1703 17.7696 12.3236 13.2069 16.216 20.3326 12.7059 20.8813 14.9741 15.6623 10.5311 12.5579 17.2299 15.0857 10.5144 19.0533 20.376199999999997 22.3707 17.3328 16.5943 13.4872 19.5034 10.518 10.63 
20.82 16.4416 21.1902 18.6603 21.157 21.252299999999998 18.447 12.8513 19.9289 21.212899999999998 0 13.3789 21.1832 21.2399 17.9432 16.0268 11.3033 11.1869 20.5535 20.1826 21.4767 14.2286 21.615299999999998 11.3048 20.826900000000002 17.0019 18.9201 19.1749 21.264699999999998 17.9137 21.4484 14.3565 18.6352 12.4289 22.0639 15.3468 16.6871 14.8761 19.9447 13.856 16.785 21.5355 12.5439 17.9865 20.849899999999998 10.7413 20.816200000000002 12.3272 20.8005 17.0588 19.0395 15.8789 14.5863 11.7933 14.3836 17.3172 14.2899 19.4469 12.5449 17.4852 19.4461 11.2799 20.4291 14.7731 12.6441 17.6765 14.6337 14.0408 14.0789 14.8382 13.336 15.03 17.368 18.8376 21.527 13.0174 15.7281 15.6978 15.8856 13.2039 11.3964 11.9897 14.2877 17.0184 15.9396 18.1364 17.1259 16.2381 19.0269 12.7486 21.4574 15.6308 10.3206 11.162 15.5241 13.4 15.7924 17.7388 15.8171 11.1781 11.9083 
12.2571 20.3921 10.0394 12.9673 13.6683 10.0995 20.5055 19.6209 21.061 13.4446 13.3789 0 20.625799999999998 10.1551 10.8849 21.2547 19.2546 15.2968 20.4215 20.5612 11.497 10.2654 17.9432 14.6967 19.8013 21.0963 20.378999999999998 10.0054 13.488 15.5823 10.5286 17.8015 19.5844 13.025 20.455 21.1253 14.5629 10.2443 20.7302 18.0043 17.1882 14.8784 14.3908 21.1359 20.1773 11.0001 18.6513 10.4134 19.032 18.5913 14.9836 16.4739 20.4198 19.8887 13.3196 15.375 18.1945 19.6939 13.8707 19.9053 16.9808 14.8245 20.8822 21.2832 18.6566 14.9442 17.4871 21.895899999999997 10.2397 18.5864 13.2902 10.6494 20.7729 20.2548 17.3112 18.913 21.4618 15.0862 20.5989 19.7959 20.299799999999998 15.4287 20.469 18.6608 15.2965 15.9827 20.9669 10.4112 15.8831 11.5083 15.6985 14.0451 16.428 10.788 10.145 13.8897 17.8166 11.043 12.644 18.071 11.2764 
13.4068 11.7011 19.1605 17.5164 10.8207 17.0924 17.2674 13.2298 21.643900000000002 20.602600000000002 21.1832 20.625799999999998 0 17.9074 12.5905 18.9326 11.0042 19.3926 10.1552 15.0089 20.776 15.2563 10.8981 15.8844 18.6431 18.2443 20.5019 21.059 12.3171 15.4745 21.3898 11.9294 14.8928 10.2982 14.3557 12.3967 12.4506 11.1282 15.8988 19.0958 10.345 13.3913 18.2833 18.3146 13.2404 16.4544 11.0096 15.5867 16.2561 13.1836 10.1226 16.142 17.1565 13.1967 17.0274 22.2882 14.7112 17.886 20.857 11.3351 19.7744 18.4717 20.265 21.3122 19.3045 21.8218 10.2561 15.1518 17.9838 15.2679 10.0973 14.1527 20.9326 17.6939 14.1786 11.391 12.6614 14.755 14.1091 16.3997 11.007 20.4694 16.9264 10.746 20.473300000000002 17.8087 10.4624 18.2598 21.4544 18.0027 13.0083 17.9555 21.1861 16.6898 10.4808 20.521 12.0804 12.9167 19.7475 16.7954 10.2459 
19.3106 16.4515 20.194499999999998 15.2576 19.1121 17.4651 16.8641 15.8936 10.9059 18.5596 21.2399 10.1551 17.9074 0 16.281 17.6067 16.6442 15.068 18.5577 20.5746 20.457099999999997 11.6833 15.415 16.6246 21.5815 12.7452 10.2239 17.9578 13.459 17.3191 13.12 13.7598 18.2122 14.3786 10.2999 11.0872 21.162599999999998 11.2724 16.9265 12.4272 20.6114 17.1633 13.6311 11.7831 10.0222 19.9464 18.334 18.5643 11.6701 14.0807 17.3709 19.9425 13.3325 11.8093 10.877 16.145 20.6057 11.3898 16.356 19.6234 19.737 13.9211 18.1222 15.7554 21.0347 12.6516 16.4652 14.1521 10.562 21.7682 11.767 12.7114 20.3741 17.5466 21.7443 12.3255 19.5363 17.0813 10.4438 16.852 13.7095 18.3162 19.569 13.0171 15.9197 13.3491 13.1674 11.6564 10.2746 20.6568 16.4276 13.6382 16.097 11.2196 20.3001 13.7128 17.7517 17.2341 11.9083 17.1637 10.9798 
11.1871 21.8982 16.9968 15.4928 17.684 16.975 15.8217 19.235 11.5139 18.0714 17.9432 10.8849 12.5905 16.281 0 18.9441 20.2878 12.9553 14.954 21.976100000000002 19.3965 11.6803 18.3166 14.1137 10.4703 18.5552 13.6459 13.5077 11.193 13.8272 17.8212 11.9457 19.0057 18.8183 10.9206 11.4957 19.6979 15.4185 16.144 14.9177 16.6833 10.5607 21.1351 17.6455 21.0065 13.7785 11.785 19.3601 18.8685 17.4224 22.0976 15.4076 13.1898 17.7011 21.4493 10.6109 13.0749 11.8526 11.1868 17.8891 19.6006 11.738 12.1434 13.2663 15.0076 13.8494 10.8834 13.3983 15.334 11.5583 19.4874 11.909 19.4092 19.7094 11.752 12.4579 20.8675 13.4323 13.1898 21.1255 15.9102 13.3751 19.068 19.2389 18.5991 18.1491 15.6886 15.7074 11.0464 18.8166 19.246 16.3145 11.859 15.9191 18.2216 14.2752 14.9569 13.7203 20.6862 20.6295 11.7237 
18.1517 20.6819 19.9907 20.575000000000003 20.1764 20.4362 18.1767 16.8669 16.7162 16.9066 16.0268 21.2547 18.9326 17.6067 18.9441 0 16.9173 12.3005 20.6012 19.1425 11.5711 14.3389 16.6749 14.0032 19.2132 10.295 21.153 16.5885 20.6718 14.804 10.7261 21.1288 12.0356 17.1435 21.1689 10.988 13.1425 18.498 20.478099999999998 10.1361 20.8186 16.5966 20.6747 14.6869 11.3142 19.4744 18.9114 10.8893 17.6852 16.6215 14.4313 19.2912 20.617 19.2646 11.1031 14.2634 11.7076 12.4647 10.459 11.4005 12.1674 15.4014 13.7223 14.2773 15.7009 20.3861 11.8623 15.7536 11.2148 10.5758 16.2071 15.2164 10.5537 20.641399999999997 13.5681 16.7709 11.2271 14.8066 12.1937 20.815399999999997 21.274900000000002 10.358 18.5656 21.161 12.137 19.2104 19.716 21.0738 20.6017 16.6123 10.3196 20.573999999999998 12.4248 10.6445 20.141599999999997 18.6019 19.076 19.495 21.6786 17.7847 16.7991 
20.552500000000002 14.609 14.0443 11.6535 18.0558 11.817 13.5335 17.7319 18.099 21.221 11.3033 19.2546 11.0042 16.6442 20.2878 16.9173 0 19.3128 17.4044 16.3825 17.3632 19.067 18.8838 15.5656 16.6652 13.8529 19.5878 17.519 19.7667 18.7466 21.6204 18.6417 20.658 17.3858 11.6325 18.6539 13.8934 11.0435 20.1254 19.5848 10.5033 13.5805 12.8135 20.8535 15.7577 15.4944 10.4973 21.5193 14.5791 18.2504 14.169 19.3237 19.7664 20.2113 14.0057 18.7787 11.443 11.8958 17.0971 12.0738 14.1301 20.5666 18.0589 21.7498 12.8899 18.7245 12.877 10.2866 18.453 18.4859 20.8101 11.3164 10.1178 12.7577 11.0052 20.4072 13.1631 13.4232 12.7647 15.0113 10.0657 12.7 21.2218 18.1193 21.1589 16.2306 12.7066 15.0563 11.0427 11.6819 10.1541 11.6946 11.9568 20.987000000000002 19.4662 19.4458 10.9631 10.0658 17.1036 19.6087 13.818 
17.8066 15.1436 16.1709 14.1701 18.1158 15.4886 11.6574 15.3831 10.5298 10.026 11.1869 15.2968 19.3926 15.068 12.9553 12.3005 19.3128 0 12.326 20.9851 10.7449 14.979 13.0904 15.9577 15.7567 17.6317 21.0938 14.3226 17.4949 19.9599 18.8681 13.8161 15.2523 21.2227 11.8867 10.0577 20.1331 10.5374 17.5619 16.6854 13.1877 15.7546 11.7707 13.202 14.1476 19.4943 14.0295 13.8781 11.8049 14.9931 12.1995 10.7184 15.3548 10.3584 13.815 19.0027 12.9622 20.723 14.8581 10.0574 14.8065 11.5299 13.6444 16.2193 12.803 20.494999999999997 13.9309 16.632 16.8159 16.0921 17.0544 14.278 11.9922 20.9696 21.4026 14.0222 19.0213 12.729 18.3982 15.3898 19.3236 17.754 20.6241 10.5988 13.3402 20.106 15.3193 17.9279 17.7243 19.1068 18.8542 11.0219 19.8948 18.9253 18.0908 11.1858 17.5421 18.403 12.8908 15.1357 18.824 
20.9674 18.21 10.3821 10.5603 12.1371 15.459 16.0112 19.4807 19.6061 19.2507 20.5535 20.4215 10.1552 18.5577 14.954 20.6012 17.4044 12.326 0 18.2921 19.1676 20.879199999999997 20.9243 14.6855 10.0392 15.5593 15.904 21.037300000000002 12.8718 18.1512 18.5162 13.3605 18.4647 17.6152 12.785 10.4255 14.4098 17.5291 18.5377 10.674 17.9023 10.3868 19.3233 17.33 15.946 16.6274 15.6851 14.774 18.9996 20.2153 13.1337 16.7092 18.288 15.0183 12.279 12.133 21.8221 10.7696 20.2984 13.5231 10.6326 11.5965 20.7215 21.0703 12.2524 19.915 19.9685 13.004 10.9055 13.5393 13.6849 13.2978 15.2869 12.1057 18.2964 18.6546 15.4847 20.7743 18.4324 14.4118 20.965600000000002 15.0225 12.2329 10.5534 16.7597 18.3645 10.7963 21.3477 12.1688 10.5293 12.9297 18.0178 21.4152 14.6373 15.196 10.3658 19.1852 20.5078 13.6762 20.6768 12.8184 
16.3083 15.4162 15.5767 21.2075 17.0832 11.43 15.2414 16.3477 20.726399999999998 14.1099 20.1826 20.5612 15.0089 20.5746 21.976100000000002 19.1425 16.3825 20.9851 18.2921 0 21.21 10.2958 17.8872 11.4557 12.6406 13.1826 13.6672 17.8155 21.273600000000002 12.8401 21.1216 15.6271 18.0523 15.0138 15.4685 13.138 18.1436 10.4477 12.0797 10.6484 11.0895 20.8846 17.1886 20.997999999999998 20.7436 13.2971 16.883 17.5176 19.2324 21.932000000000002 10.9129 20.1864 11.262 20.7525 13.0826 17.5714 21.1625 14.5324 10.8639 21.026400000000002 18.5686 16.1521 17.4921 20.289099999999998 18.4017 18.8472 11.1457 14.8083 13.4327 21.2997 22.2462 21.2798 11.6727 21.0166 15.4416 19.6168 20.9818 10.0093 17.6193 20.857799999999997 19.5643 18.5037 13.4688 14.1671 13.4865 21.0853 20.9973 17.7638 12.8768 14.0351 16.5938 21.6323 19.0143 12.9524 12.1462 22.011899999999997 11.7505 15.4778 21.27 16.4153 16.3193 
12.8305 13.0426 17.3816 13.6411 21.4078 20.5841 10.8112 20.7733 21.2747 16.3722 21.4767 11.497 20.776 20.457099999999997 19.3965 11.5711 17.3632 10.7449 19.1676 21.21 0 10.9142 19.7875 17.9275 14.6246 11.1016 15.7446 19.0679 14.2781 20.7802 12.3156 15.3892 10.8317 10.4778 15.105 14.423 12.1232 13.9202 20.473599999999998 16.8521 16.2429 19.6658 10.4538 19.8107 12.1023 16.4321 10.2843 10.3266 21.6064 19.4986 16.6917 21.4633 20.9591 21.103299999999997 17.4973 17.3792 15.9912 21.3035 19.2826 13.8001 12.0079 11.7113 16.0584 10.9769 20.9029 13.6038 13.2325 18.3998 15.2823 11.4702 16.7732 21.2699 18.0924 22.1319 11.0977 15.8323 20.158099999999997 16.3732 10.0133 17.9382 20.9362 10.7001 12.0953 18.2083 20.6663 13.9963 19.5193 18.3283 12.4244 10.468 13.8053 10.8075 14.6379 18.6754 18.7222 15.4324 10.4502 12.9727 10.1075 10.2986 15.3414 
19.963 20.849800000000002 10.4971 12.2895 18.5838 19.8083 16.9525 21.4105 14.4585 10.8342 14.2286 10.2654 15.2563 11.6833 11.6803 14.3389 19.067 14.979 20.879199999999997 10.2958 10.9142 0 17.9852 12.7621 15.1976 12.0591 14.7231 16.954 12.2231 12.8746 14.6268 21.185200000000002 21.7459 14.9744 14.036 11.9711 21.022599999999997 13.4714 18.7176 11.9089 19.3173 14.055 12.2588 16.9727 13.3506 14.7088 13.3204 11.0113 13.091 13.3694 14.2097 20.4351 16.7987 10.457 18.6802 15.9495 20.7986 20.958 16.2416 10.7306 15.075 17.6762 12.5825 18.2688 17.0474 12.9173 11.8937 14.3707 20.5051 20.4199 13.5783 17.1479 15.8891 11.2276 20.9526 19.2682 14.2586 14.4403 13.3487 21.4613 19.1884 11.2883 10.2036 20.2289 19.8501 13.8415 10.7015 18.7012 11.4748 16.6877 16.754 16.9814 11.6865 17.2843 14.8163 14.156 11.0724 15.7418 17.4316 14.3269 15.5688 
11.2336 18.4376 11.1162 14.4151 14.3873 10.1625 14.1517 14.5642 14.0253 21.0794 21.615299999999998 17.9432 10.8981 15.415 18.3166 16.6749 18.8838 13.0904 20.9243 17.8872 19.7875 17.9852 0 13.0166 13.3 16.4965 11.4482 21.7656 15.0293 15.0419 11.6991 10.0294 11.2291 16.3523 16.191 18.237 18.9496 19.6479 12.9938 10.2503 13.188 12.7534 16.0217 13.9615 13.5441 14.1186 19.9131 18.9326 20.749200000000002 19.8122 14.9706 16.7126 18.3742 15.8594 21.2425 20.540799999999997 15.0407 16.1524 21.073300000000003 10.5362 12.8187 13.5381 11.9122 21.5946 19.617 12.1584 10.8331 22.1724 12.0851 17.9239 19.7725 21.7461 13.9686 18.5735 21.7879 15.4368 17.6966 20.389200000000002 10.1215 17.1921 18.562 16.6908 13.7373 11.3223 12.0967 17.2457 12.9935 21.0231 11.4305 16.0025 20.8386 16.3401 13.303 11.8408 21.1936 13.7426 12.9725 15.8747 18.0786 12.19 20.744500000000002 
11.5438 12.3668 13.0837 20.9185 21.6811 16.1932 19.8534 21.009900000000002 10.0364 12.5584 11.3048 14.6967 15.8844 16.6246 14.1137 14.0032 15.5656 15.9577 14.6855 11.4557 17.9275 12.7621 13.0166 0 20.7377 20.9524 18.6929 20.5738 15.7413 10.6447 21.3012 11.9557 21.058 19.3205 15.4626 16.8342 13.3318 21.5868 20.319899999999997 10.23 10.188 15.7418 11.1811 19.6713 12.7742 12.9167 19.1406 11.1376 13.6208 16.6427 17.9012 13.6279 16.8385 17.8313 14.7219 21.3156 13.0709 21.0212 16.2748 16.5201 15.5925 13.5254 15.3345 19.6283 21.991500000000002 15.8672 14.6271 20.0753 15.6527 11.3048 19.2747 14.3542 11.5694 15.2341 12.0554 17.1064 15.1492 16.5527 17.0248 15.8315 18.9801 12.7087 16.6033 14.1176 10.3347 11.9141 18.3334 12.0777 21.6142 12.6862 20.7117 19.8679 18.0735 21.4096 20.3953 20.5972 22.0303 21.2022 15.4203 19.3572 19.8984 
19.3135 15.1714 19.1223 18.2787 12.9459 21.0596 14.1616 20.9483 11.1229 18.0556 20.826900000000002 19.8013 18.6431 21.5815 10.4703 19.2132 16.6652 15.7567 10.0392 12.6406 14.6246 15.1976 13.3 20.7377 0 19.2954 13.2554 13.6249 18.1423 16.4289 19.6297 21.549599999999998 11.3159 20.910899999999998 21.390900000000002 15.3368 14.9005 13.4987 14.2915 19.907 18.1323 19.1304 15.8177 21.0138 15.5187 21.1006 13.6411 12.1505 17.192 14.1281 12.5822 17.785 18.9264 12.4687 11.4744 18.3087 19.3502 14.3162 18.0472 21.4317 17.9531 19.5213 19.1405 14.4839 18.2596 19.7079 16.5434 11.7326 11.7439 19.4478 16.5122 17.1308 20.5282 17.5608 13.7846 12.717 18.4772 17.2815 13.9072 12.2762 16.3727 14.4505 11.0611 13.2609 11.8905 14.6007 20.8355 13.7104 18.9684 15.7402 17.5438 12.283 15.817 16.2139 17.0093 12.04 19.9536 11.437 14.843 10.7759 10.8769 
11.5826 12.3467 19.6498 10.6776 21.6781 15.0143 17.1378 15.3133 21.6742 19.4179 17.0019 21.0963 18.2443 12.7452 18.5552 10.295 13.8529 17.6317 15.5593 13.1826 11.1016 12.0591 16.4965 20.9524 19.2954 0 21.9194 14.7595 18.9887 12.4594 13.1499 11.5022 19.2233 14.3211 14.8984 13.1825 20.7596 20.6791 14.7325 16.3175 11.3167 10.7881 18.7772 13.6548 16.7419 22.1699 16.3417 21.1843 21.0215 17.962 12.3021 17.3498 18.3384 15.5953 18.0537 20.855 11.9846 11.2845 16.5136 16.9173 18.4538 12.133 13.7132 17.7533 22.9787 16.4279 14.3568 11.6826 17.2176 20.8708 13.5188 18.252 15.1587 15.334 19.7152 19.8799 19.6957 14.2124 12.5277 13.5912 18.0285 16.3689 15.6177 11.2599 10.8199 18.9001 12.896 19.5391 17.4662 14.7411 15.0762 14.537 17.5673 10.6989 12.6824 12.9496 10.5767 21.614800000000002 14.625 15.9998 18.5261 
11.5424 19.4839 12.2078 18.6465 11.0859 14.1657 20.776 10.0662 21.129800000000003 21.2455 18.9201 20.378999999999998 20.5019 10.2239 13.6459 21.153 19.5878 21.0938 15.904 13.6672 15.7446 14.7231 11.4482 18.6929 13.2554 21.9194 0 13.2803 19.0393 21.4047 10.4858 13.1069 12.7801 21.9877 20.5238 19.0527 20.857 18.6894 18.7943 19.8457 12.4002 16.8921 19.123 12.6239 16.5762 11.54 12.3745 16.6323 13.8114 19.9071 12.6284 19.855 11.23 13.4471 14.3532 17.9082 10.3818 18.6916 19.3554 19.8557 13.2215 19.4737 16.2952 18.6234 12.6616 16.5247 16.807 12.4459 16.3737 20.831899999999997 17.3528 14.4126 11.3533 11.3478 13.9309 19.5609 11.4932 20.7733 19.6575 18.735 17.404 17.6085 14.9097 11.8678 18.8665 18.8645 14.3999 20.496499999999997 10.1825 22.034399999999998 10.8334 19.0497 16.7218 16.0881 19.4962 19.07 19.5412 11.7315 19.8487 12.08 17.6556 
18.2019 16.147 11.9247 16.8594 12.8925 20.1049 11.7874 18.8325 19.9426 20.1562 19.1749 10.0054 21.059 17.9578 13.5077 16.5885 17.519 14.3226 21.037300000000002 17.8155 19.0679 16.954 21.7656 20.5738 13.6249 14.7595 13.2803 0 19.3859 20.834699999999998 20.534 16.4477 12.4631 10.8846 10.7187 18.2796 11.7957 15.6869 10.7248 12.0015 11.4121 11.5538 20.3786 12.2576 14.5121 13.0905 15.5434 13.5033 19.3444 12.3107 13.6929 16.6765 11.7355 17.6151 12.8596 10.6844 13.8252 14.9384 19.6126 12.722 14.888 16.2107 20.792299999999997 14.5209 11.1945 10.3808 18.0219 12.1388 16.3306 15.0721 16.913 11.5469 20.6906 10.2494 13.5445 13.7424 21.0795 10.2636 19.1556 11.9134 18.3088 14.8548 13.3578 20.8893 12.937 10.4151 14.0232 20.4166 12.0543 19.6588 20.9325 11.7566 11.533 10.1501 16.2947 21.179299999999998 22.453 16.6979 20.7331 13.8838 12.3619 
15.3399 20.6727 13.6762 12.5293 19.9337 15.2878 11.1809 19.2224 17.1654 19.5837 21.264699999999998 13.488 12.3171 13.459 11.193 20.6718 19.7667 17.4949 12.8718 21.273600000000002 14.2781 12.2231 15.0293 15.7413 18.1423 18.9887 19.0393 19.3859 0 10.2731 13.2815 17.771 21.924999999999997 16.1044 19.9479 15.4061 17.6412 11.3747 19.4108 13.4848 18.4828 21.1244 15.9327 17.4227 21.568 15.4307 11.806 15.8402 19.3539 19.0016 18.7441 10.2885 16.8857 11.5539 18.1961 18.2196 14.3255 15.4954 19.5741 18.8935 14.0797 18.735 10.6189 16.942 21.599600000000002 16.3852 13.3918 11.0938 19.4336 19.1172 21.478299999999997 11.401 10.7233 18.1199 13.3709 20.5839 16.9287 17.5084 20.7728 16.1458 20.6175 20.7977 17.8239 11.0879 11.1023 20.8848 17.2989 11.1735 15.9409 12.6995 14.0343 20.9877 19.0089 15.6693 11.4501 16.6615 18.5732 12.0634 21.079 13.4848 17.6791 
13.609 18.0179 13.7406 18.9396 20.973 10.6913 14.0127 15.6872 19.1948 21.2591 17.9137 15.5823 15.4745 17.3191 13.8272 14.804 18.7466 19.9599 18.1512 12.8401 20.7802 12.8746 15.0419 10.6447 16.4289 12.4594 21.4047 20.834699999999998 10.2731 0 19.4825 15.2319 17.1013 13.0971 10.7649 19.1034 16.6393 12.984 21.1064 13.5659 13.2744 11.714 17.3863 13.0517 13.9199 19.1526 11.6073 10.8987 15.9082 15.7572 18.9283 20.3992 11.788 20.9616 19.8478 11.4394 20.8582 11.0079 12.0435 10.3261 19.5739 16.9887 20.7211 15.324 18.1612 15.7382 12.9289 16.4629 20.4045 21.0479 12.7958 12.2148 14.1162 11.7131 12.0836 11.068 18.3523 11.6502 16.8846 20.849600000000002 10.3444 18.6528 20.983400000000003 20.9355 10.5138 11.9839 11.7414 11.7168 11.6192 10.3122 15.5408 20.9319 13.1882 14.9962 15.5006 13.2188 21.4249 11.2632 16.0113 19.5211 10.7422 
19.051 10.5468 12.7328 17.8483 13.5641 16.8068 19.5297 12.642 18.9446 10.8316 21.4484 10.5286 21.3898 13.12 17.8212 10.7261 21.6204 18.8681 18.5162 21.1216 12.3156 14.6268 11.6991 21.3012 19.6297 13.1499 10.4858 20.534 13.2815 19.4825 0 11.8591 10.0121 15.4385 12.9581 13.7052 10.3712 15.2545 15.1487 13.8332 19.7958 14.2408 14.6575 12.6671 15.0683 16.5717 11.4587 19.9281 11.6569 12.9366 11.664 12.9967 19.9252 13.8389 19.3624 15.8711 10.7274 16.1587 18.5152 17.615 12.4985 14.1621 19.2923 19.3535 11.2007 16.546 13.6381 12.0569 10.2224 12.212 12.2598 12.5603 13.8213 11.134 14.9019 11.5207 19.0336 16.5201 10.7725 15.9133 12.5138 20.7105 21.281799999999997 14.7773 17.9614 14.8564 16.8683 20.786099999999998 17.1981 13.2635 15.4445 16.2441 20.9437 17.1634 20.6736 10.2205 14.5875 19.5977 13.6213 20.9801 13.5423 
11.1821 10.7198 18.122 17.5952 19.07 11.3278 11.5631 13.7 12.4261 20.455399999999997 14.3565 17.8015 11.9294 13.7598 11.9457 21.1288 18.6417 13.8161 13.3605 15.6271 15.3892 21.185200000000002 10.0294 11.9557 21.549599999999998 11.5022 13.1069 16.4477 17.771 15.2319 11.8591 0 19.3366 13.8421 12.2127 20.1949 11.5632 19.6788 20.3553 15.099 17.0183 18.1808 13.5585 21.2864 16.0516 12.2067 20.2149 11.7217 11.3089 14.2969 19.196 19.4653 18.221 16.9058 19.45 19.2538 16.4536 10.2896 11.0439 18.7516 18.5073 11.5721 20.415 14.3126 21.7992 14.111 20.8625 12.1791 20.5856 19.9732 15.4887 17.8902 20.6691 11.0008 13.9781 21.7273 15.0401 19.4621 20.1509 14.2971 17.0999 13.6169 12.2602 13.2194 11.5073 21.913899999999998 19.6352 16.9827 12.8797 19.1026 10.8092 12.3784 18.8749 19.6321 20.8584 19.0371 14.9875 10.1126 20.8032 11.0407 12.645 
12.7362 18.1937 22.2591 10.9134 21.6721 21.3916 19.3828 18.2498 19.0877 18.9827 18.6352 19.5844 14.8928 18.2122 19.0057 12.0356 20.658 15.2523 18.4647 18.0523 10.8317 21.7459 11.2291 21.058 11.3159 19.2233 12.7801 12.4631 21.924999999999997 17.1013 10.0121 19.3366 0 19.9428 12.1519 14.6951 20.3833 15.5417 14.9387 19.2322 10.87 21.731699999999996 15.1639 10.4259 11.9853 10.8755 18.9385 19.0079 15.3117 14.3674 20.253999999999998 15.4633 12.3802 19.4022 18.7371 13.1472 11.1717 20.9613 16.3174 21.4377 16.6529 12.4046 16.5931 18.6278 15.3123 12.5453 11.6886 14.3421 20.2345 11.5235 16.8819 19.7057 13.0756 21.1461 12.5802 10.313 12.9362 19.7662 15.036 16.5026 21.9546 17.8998 16.1941 10.8371 21.6274 12.2826 19.7953 11.7462 16.4858 15.3654 18.7158 14.0336 14.9711 15.8212 18.1717 11.2991 14.6705 14.4936 10.9705 12.9371 21.2172 
16.7726 12.2604 21.218200000000003 10.753 13.311 14.0942 16.7315 16.2956 20.548000000000002 14.9143 12.4289 13.025 10.2982 14.3786 18.8183 17.1435 17.3858 21.2227 17.6152 15.0138 10.4778 14.9744 16.3523 19.3205 20.910899999999998 14.3211 21.9877 10.8846 16.1044 13.0971 15.4385 13.8421 19.9428 0 21.2496 11.6942 13.133 12.2529 15.6751 15.3373 17.8528 12.0047 18.5834 12.3903 20.222900000000003 19.7764 19.6521 20.8044 13.4 12.4822 20.4208 13.4346 16.6569 17.1793 10.1531 14.4971 12.5903 21.7928 13.2409 14.2026 17.7716 21.9538 11.1019 12.067 19.0732 12.2702 17.0302 17.8061 21.6999 15.279 18.7876 12.3883 10.6344 15.2308 13.5752 16.9192 13.2125 11.9544 15.2538 15.132 20.552799999999998 18.4595 12.2006 21.0442 10.6071 21.2997 10.1973 17.6286 19.14 11.8212 14.3318 19.5922 18.655 15.2892 13.8186 10.8352 12.2354 12.1836 20.5853 18.8947 16.3094 
10.5633 22.4038 15.3203 16.5997 17.2822 17.2039 13.4249 18.4071 16.5929 10.8237 22.0639 20.455 14.3557 10.2999 10.9206 21.1689 11.6325 11.8867 12.785 15.4685 15.105 14.036 16.191 15.4626 21.390900000000002 14.8984 20.5238 10.7187 19.9479 10.7649 12.9581 12.2127 12.1519 21.2496 0 12.7113 10.8725 14.4982 11.0206 16.89 12.73 13.1907 22.569200000000002 11.5601 20.3221 21.4722 18.3671 19.7239 10.672 18.7869 13.9547 19.9011 16.2377 16.7806 16.6629 11.694 15.617 15.5471 13.8138 19.5594 18.1367 16.2045 13.1807 16.793 13.4988 18.0152 12.6708 16.3086 17.1247 17.0516 11.41 13.3915 10.6152 16.8551 13.0489 10.9394 11.0395 17.1129 19.6886 14.9543 18.7229 21.2683 13.1109 10.1706 20.726399999999998 16.8228 12.4114 21.3548 12.0548 15.7026 19.7364 20.986800000000002 14.4089 16.1035 16.6259 15.0303 12.1815 16.1451 18.6254 20.5276 12.7097 
11.8446 22.1188 18.0883 20.8463 10.0216 13.2589 21.1951 16.09 10.1516 20.0837 15.3468 21.1253 12.3967 11.0872 11.4957 10.988 18.6539 10.0577 10.4255 13.138 14.423 11.9711 18.237 16.8342 15.3368 13.1825 19.0527 18.2796 15.4061 19.1034 13.7052 20.1949 14.6951 11.6942 12.7113 0 10.0754 15.7799 15.1346 12.6892 10.0136 17.8952 10.861 14.3335 21.070700000000002 17.8561 20.7088 12.5084 17.7339 20.1467 18.7951 17.7779 14.8557 10.856 13.287 15.0062 14.6459 17.8878 17.0243 12.4057 16.462 17.0717 14.5987 21.889400000000002 18.3892 10.8558 18.8471 14.3904 15.0978 20.9599 20.7853 20.2039 18.6057 15.5536 17.5699 10.9955 16.2803 15.7866 20.131700000000002 14.3641 19.0444 11.8124 16.3197 19.8714 20.708 15.0455 20.909599999999998 19.1693 10.8429 11.6688 13.4603 13.8599 11.4228 12.7488 11.3279 13.3247 20.7123 10.0823 17.0851 20.717399999999998 20.8489 
11.0523 18.5875 10.7359 13.6503 20.097 15.3394 15.4672 22.3398 20.227 10.1884 16.6871 14.5629 12.4506 21.162599999999998 19.6979 13.1425 13.8934 20.1331 14.4098 18.1436 12.1232 21.022599999999997 18.9496 13.3318 14.9005 20.7596 20.857 11.7957 17.6412 16.6393 10.3712 11.5632 20.3833 13.133 10.8725 10.0754 0 22.005699999999997 21.8931 22.7405 10.2325 21.629199999999997 14.4271 13.8669 15.402 18.4089 17.35 21.6187 14.8737 19.8159 12.6713 13.3022 17.5887 12.8046 11.6013 17.747 14.4886 14.9554 20.744500000000002 11.797 12.6012 18.3521 15.4568 15.0493 18.499 20.9312 11.44 20.740099999999998 11.5383 21.9696 18.7486 17.0649 20.404899999999998 14.5164 17.0891 21.0709 17.2731 17.9005 17.9351 12.403 14.1853 17.1992 21.3696 12.9389 12.0912 12.2509 18.2867 15.7207 15.4393 12.2907 14.3562 18.7114 11.9125 10.8179 16.9476 15.3183 12.6672 17.7128 19.2444 20.706400000000002 11.2729 
20.664 20.9238 13.389 11.5101 17.6916 13.1245 10.2612 15.7893 14.7257 19.7886 14.8761 10.2443 11.1282 11.2724 15.4185 18.498 11.0435 10.5374 17.5291 10.4477 13.9202 13.4714 19.6479 21.5868 13.4987 20.6791 18.6894 15.6869 11.3747 12.984 15.2545 19.6788 15.5417 12.2529 14.4982 15.7799 22.005699999999997 0 15.2525 15.9065 19.8605 10.7979 15.5039 11.8693 19.7241 16.226 20.8457 17.3773 12.8632 21.3504 12.7074 13.6926 14.2042 15.1476 11.5417 14.845 18.7603 12.0864 11.7974 20.5948 11.5617 10.9222 11.1181 21.112099999999998 21.107 19.9216 18.5924 19.4136 11.3159 11.2264 18.12 13.5097 14.2143 18.3735 18.2737 18.0522 15.629 16.8562 16.9496 10.4101 11.2707 13.0868 12.2287 17.3586 17.7124 14.0335 18.8506 20.6555 18.8451 15.5044 17.5731 13.5996 11.5072 19.8946 20.3893 18.6127 22.0066 10.6148 12.3524 16.317 16.7466 
13.7198 18.9086 12.3152 20.1319 12.0393 15.9034 19.7438 11.9922 20.436 16.7759 19.9447 20.7302 15.8988 16.9265 16.144 20.478099999999998 20.1254 17.5619 18.5377 12.0797 20.473599999999998 18.7176 12.9938 20.319899999999997 14.2915 14.7325 18.7943 10.7248 19.4108 21.1064 15.1487 20.3553 14.9387 15.6751 11.0206 15.1346 21.8931 15.2525 0 16.0295 21.1055 11.3134 20.4161 18.596 14.6793 17.1978 10.1893 18.9253 17.7384 10.0647 18.7147 13.1859 20.506700000000002 20.101100000000002 21.0709 19.7971 10.823 10.8911 21.322499999999998 15.1475 11.4642 15.4834 13.2232 14.73 15.3027 16.2615 20.756100000000004 12.7031 20.735799999999998 14.6941 13.488 19.7959 10.0076 10.4132 18.6698 16.134 20.5419 18.6503 20.7269 21.005000000000003 16.4161 10.2477 12.4286 18.7183 21.3913 20.4893 20.2547 18.8588 11.4221 12.516 10.2077 19.7578 12.2822 20.8749 11.4783 11.5752 20.7502 13.7876 14.9147 15.3956 19.7662 
11.9018 17.7323 19.9095 14.9523 20.556 18.2812 13.6259 19.542 10.19 18.5231 13.856 18.0043 19.0958 12.4272 14.9177 10.1361 19.5848 16.6854 10.674 10.6484 16.8521 11.9089 10.2503 10.23 19.907 16.3175 19.8457 12.0015 13.4848 13.5659 13.8332 15.099 19.2322 15.3373 16.89 12.6892 22.7405 15.9065 16.0295 0 20.418 18.1922 18.5913 16.8407 21.4503 18.1216 20.5123 21.0254 17.8437 19.5179 10.0692 13.5956 20.629800000000003 19.256 20.5154 21.2133 17.7849 13.7868 20.595100000000002 11.675 12.1928 20.880499999999998 19.4203 19.911 21.451 15.1285 18.1979 16.1902 21.143900000000002 18.5303 22.0011 12.7635 11.0699 11.2475 21.346400000000003 16.2649 12.253 20.6577 15.9178 18.2438 18.1294 20.494100000000003 15.3548 17.1566 20.564700000000002 16.8168 16.8345 10.9377 21.680799999999998 17.0447 19.6682 17.1522 17.9189 14.3346 21.3542 21.0398 18.5408 15.0084 16.0985 11.4396 12.5477 
21.098799999999997 12.1052 20.968400000000003 11.4151 16.4318 12.8616 12.7252 12.6788 16.5962 13.4012 16.785 17.1882 10.345 20.6114 16.6833 20.8186 10.5033 13.1877 17.9023 11.0895 16.2429 19.3173 13.188 10.188 18.1323 11.3167 12.4002 11.4121 18.4828 13.2744 19.7958 17.0183 10.87 17.8528 12.73 10.0136 10.2325 19.8605 21.1055 20.418 0 20.5327 20.8746 18.4043 20.4503 16.8303 12.218 13.1142 10.7271 21.4021 19.1027 11.7342 12.7112 19.5547 10.457 21.4663 13.8032 21.165799999999997 10.512 11.0758 13.2953 20.9146 12.9189 18.0944 13.4347 13.8792 16.9776 16.2245 16.5959 14.0899 12.4143 10.1903 18.3262 10.9973 17.5936 18.0992 13.3936 13.9176 14.4416 16.7447 17.9254 21.561999999999998 12.0518 20.6141 19.3443 11.7169 12.9251 17.34 14.7117 16.3727 11.2163 21.5901 21.0751 13.5946 18.9273 19.6141 12.9196 20.0959 10.6418 11.4394 18.3642 
11.2182 20.4035 14.8952 20.4521 18.6304 14.9563 14.1216 11.1967 16.8382 20.6584 21.5355 14.8784 13.3913 17.1633 10.5607 16.5966 13.5805 15.7546 10.3868 20.8846 19.6658 14.055 12.7534 15.7418 19.1304 10.7881 16.8921 11.5538 21.1244 11.714 14.2408 18.1808 21.731699999999996 12.0047 13.1907 17.8952 21.629199999999997 10.7979 11.3134 18.1922 20.5327 0 15.9085 16.4169 19.8696 18.3163 20.6842 19.9258 10.2334 18.6648 17.4393 16.6522 16.2639 15.7769 16.7345 14.68 13.7919 17.9407 10.0207 17.0772 16.009 19.7518 20.981499999999997 17.6299 14.9169 13.6942 21.4441 21.7134 20.6 15.0153 12.5837 13.1034 17.3887 17.8175 19.6527 12.9774 11.5239 17.6098 20.4603 12.4589 21.0399 12.8791 11.1238 15.8268 16.9572 20.9621 12.0652 13.3096 20.3754 20.8264 19.1765 17.4374 12.2704 12.9626 17.6678 14.1564 16.3654 17.0339 13.1087 13.1951 17.3125 
19.8367 18.9444 19.8529 19.5424 14.4674 10.1303 14.676 18.1103 14.2272 14.2813 12.5439 14.3908 18.2833 13.6311 21.1351 20.6747 12.8135 11.7707 19.3233 17.1886 10.4538 12.2588 16.0217 11.1811 15.8177 18.7772 19.123 20.3786 15.9327 17.3863 14.6575 13.5585 15.1639 18.5834 22.569200000000002 10.861 14.4271 15.5039 20.4161 18.5913 20.8746 15.9085 0 12.3909 15.336 14.5454 20.110100000000003 20.58 12.5198 19.6404 11.5015 13.2734 13.0625 18.7122 19.1593 19.7075 12.0241 10.8497 21.404200000000003 17.7834 13.1556 11.1298 10.8498 11.3421 18.5526 20.9092 17.3194 12.0095 14.6422 10.0989 13.2315 21.6936 14.2031 15.1605 15.6327 12.1028 17.4389 16.1196 15.7963 14.8417 19.9893 16.1073 13.2458 14.2018 10.2125 11.0366 15.1272 20.2032 15.782 13.4337 11.5928 16.2925 12.7392 10.2285 15.8586 12.4647 14.7934 19.3264 18.6739 11.4138 20.842100000000002 
16.3238 16.8752 13.4903 11.5513 19.8908 11.0364 20.3069 10.379 18.3691 18.0991 17.9865 21.1359 18.3146 11.7831 17.6455 14.6869 20.8535 13.202 17.33 20.997999999999998 19.8107 16.9727 13.9615 19.6713 21.0138 13.6548 12.6239 12.2576 17.4227 13.0517 12.6671 21.2864 10.4259 12.3903 11.5601 14.3335 13.8669 11.8693 18.596 16.8407 18.4043 16.4169 12.3909 0 16.9692 12.8034 19.6967 20.825699999999998 12.3073 19.4713 14.7418 13.6496 10.8021 11.3052 19.4587 10.4002 18.3667 18.9666 12.1875 12.0909 18.434 10.3781 20.662 10.7439 15.8409 12.2264 15.0115 10.5669 18.3592 20.6899 17.6618 16.1012 14.6735 21.261899999999997 10.6559 19.3769 20.645400000000002 19.1515 16.6304 14.8216 17.5287 21.0611 20.9835 14.5821 15.5905 10.9719 12.9903 10.9152 19.897 11.3802 16.7788 18.3469 15.9494 15.7054 21.4525 18.8888 19.0223 19.5848 14.3543 16.8778 17.5848 
10.7322 16.573 17.4831 20.4479 14.098 15.8918 13.4932 21.4717 16.1895 17.2656 20.849899999999998 20.1773 13.2404 10.0222 21.0065 11.3142 15.7577 14.1476 15.946 20.7436 12.1023 13.3506 13.5441 12.7742 15.5187 16.7419 16.5762 14.5121 21.568 13.9199 15.0683 16.0516 11.9853 20.222900000000003 20.3221 21.070700000000002 15.402 19.7241 14.6793 21.4503 20.4503 19.8696 15.336 16.9692 0 20.4115 16.8671 15.497 19.594 17.0315 11.3887 17.1426 18.8239 17.537 10.0698 13.1581 18.5423 12.0516 11.9784 11.1612 21.252299999999998 20.2748 18.8048 10.435 18.5866 10.5104 18.9855 12.6441 17.936 17.7912 18.4887 10.26 18.8851 19.7641 14.4375 20.7803 20.5088 20.5824 10.364 11.1604 17.3263 13.9691 16.8288 20.683799999999998 17.8227 13.3645 19.4527 17.9617 12.34 20.976 13.0717 20.776 13.5545 19.4548 14.4063 10.3889 15.1258 12.8319 17.7073 21.0261 10.6874 
19.8678 13.1032 21.0395 13.6443 15.5028 17.8638 17.714 18.7171 22.0069 15.8019 10.7413 11.0001 16.4544 19.9464 13.7785 19.4744 15.4944 19.4943 16.6274 13.2971 16.4321 14.7088 14.1186 12.9167 21.1006 22.1699 11.54 13.0905 15.4307 19.1526 16.5717 12.2067 10.8755 19.7764 21.4722 17.8561 18.4089 16.226 17.1978 18.1216 16.8303 18.3163 14.5454 12.8034 20.4115 0 13.0413 14.4163 12.0886 12.6459 18.4429 15.2817 11.3003 10.5242 11.1072 18.8204 13.516 18.5518 17.3181 13.5181 17.809 10.0369 16.2704 17.4826 20.5699 22.1041 14.3072 11.4291 13.8201 19.6104 15.8226 13.8082 14.3451 19.9743 16.2119 21.053 14.933 11.2028 21.8783 19.9762 21.319200000000002 11.5953 10.0395 11.3016 15.5461 16.8127 11.7011 18.3545 21.4129 20.710700000000003 16.8222 16.6831 15.8789 12.3145 13.917 11.6295 19.9377 16.2188 13.5971 14.368 18.7663 
18.0943 15.1032 21.2059 12.3054 13.3129 18.0982 15.7198 10.5222 14.1706 17.0199 20.816200000000002 18.6513 11.0096 18.334 11.785 18.9114 10.4973 14.0295 15.6851 16.883 10.2843 13.3204 19.9131 19.1406 13.6411 16.3417 12.3745 15.5434 11.806 11.6073 11.4587 20.2149 18.9385 19.6521 18.3671 20.7088 17.35 20.8457 10.1893 20.5123 12.218 20.6842 20.110100000000003 19.6967 16.8671 13.0413 0 12.7293 11.3221 20.253999999999998 21.1322 16.1194 20.8033 13.2821 11.6228 15.3687 13.9892 12.8587 13.9188 19.0922 11.2058 12.635 15.8439 11.6814 15.2369 20.204900000000002 15.4189 20.6386 19.2366 21.145899999999997 11.7406 17.6717 20.1969 16.7973 20.9311 11.5354 13.9976 20.79 16.7473 15.8505 12.8142 15.6991 18.7188 20.9236 21.887900000000002 15.9652 17.6905 13.6374 12.4325 10.1685 18.1332 12.8962 22.454099999999997 16.9756 15.6334 12.8914 20.4065 11.967 17.452 20.582900000000002 19.9807 
