11
1 5 6 10 13 14 15 16 17 19 0
0 7.0 4.0 7.0 3.0 11.0 4.0 10.0 7.0 8.0 2.0 
7.0 0 7.0 1.0 10.0 18.0 10.0 13.0 4.0 4.0 5.0 
4.0 7.0 0 7.0 7.0 15.0 7.0 10.0 7.0 5.0 2.0 
7.0 1.0 7.0 0 10.0 18.0 10.0 13.0 3.0 3.0 5.0 
3.0 10.0 7.0 10.0 0 12.0 6.0 13.0 10.0 11.0 5.0 
11.0 18.0 15.0 18.0 12.0 0 13.0 21.0 18.0 19.0 13.0 
4.0 10.0 7.0 10.0 6.0 13.0 0 13.0 10.0 11.0 5.0 
10.0 13.0 10.0 13.0 13.0 21.0 13.0 0 13.0 14.0 8.0 
7.0 4.0 7.0 3.0 10.0 18.0 10.0 13.0 0 4.0 5.0 
8.0 4.0 5.0 3.0 11.0 19.0 11.0 14.0 4.0 0 6.0 
2.0 5.0 2.0 5.0 5.0 13.0 5.0 8.0 5.0 6.0 0 
