20
1 5 6 8 10 13 14 15 16 17 19 24 25 27 28 30 31 35 36 0
0 7.0 4.0 1.0 7.0 3.0 11.0 4.0 10.0 7.0 8.0 9.0 28.0 8.0 10.0 4.0 4.0 11.0 9.0 2.0 
7.0 0 7.0 8.0 1.0 10.0 18.0 10.0 13.0 4.0 4.0 11.0 24.0 6.0 17.0 11.0 9.0 13.0 16.0 5.0 
4.0 7.0 0 5.0 7.0 7.0 15.0 7.0 10.0 7.0 5.0 5.0 25.0 4.0 14.0 8.0 6.0 7.0 13.0 2.0 
1.0 8.0 5.0 0 8.0 3.0 10.0 3.0 11.0 8.0 9.0 10.0 29.0 9.0 11.0 3.0 5.0 12.0 10.0 3.0 
7.0 1.0 7.0 8.0 0 10.0 18.0 10.0 13.0 3.0 3.0 11.0 23.0 5.0 17.0 11.0 9.0 13.0 16.0 5.0 
3.0 10.0 7.0 3.0 10.0 0 12.0 6.0 13.0 10.0 11.0 12.0 31.0 11.0 9.0 6.0 7.0 11.0 12.0 5.0 
11.0 18.0 15.0 10.0 18.0 12.0 0 13.0 21.0 18.0 19.0 20.0 39.0 19.0 8.0 9.0 15.0 22.0 19.0 13.0 
4.0 10.0 7.0 3.0 10.0 6.0 13.0 0 13.0 10.0 11.0 12.0 31.0 11.0 14.0 6.0 7.0 14.0 13.0 5.0 
10.0 13.0 10.0 11.0 13.0 13.0 21.0 13.0 0 13.0 14.0 15.0 34.0 14.0 20.0 14.0 12.0 17.0 19.0 8.0 
7.0 4.0 7.0 8.0 3.0 10.0 18.0 10.0 13.0 0 4.0 12.0 24.0 6.0 17.0 11.0 9.0 14.0 16.0 5.0 
8.0 4.0 5.0 9.0 3.0 11.0 19.0 11.0 14.0 4.0 0 8.0 20.0 2.0 18.0 12.0 10.0 10.0 17.0 6.0 
9.0 11.0 5.0 10.0 11.0 12.0 20.0 12.0 15.0 12.0 8.0 0 28.0 7.0 19.0 13.0 11.0 10.0 18.0 7.0 
28.0 24.0 25.0 29.0 23.0 31.0 39.0 31.0 34.0 24.0 20.0 28.0 0 22.0 38.0 32.0 30.0 30.0 37.0 26.0 
8.0 6.0 4.0 9.0 5.0 11.0 19.0 11.0 14.0 6.0 2.0 7.0 22.0 0 18.0 12.0 10.0 9.0 17.0 6.0 
10.0 17.0 14.0 11.0 17.0 9.0 8.0 14.0 20.0 17.0 18.0 19.0 38.0 18.0 0 14.0 14.0 18.0 11.0 12.0 
4.0 11.0 8.0 3.0 11.0 6.0 9.0 6.0 14.0 11.0 12.0 13.0 32.0 12.0 14.0 0 8.0 15.0 13.0 6.0 
4.0 9.0 6.0 5.0 9.0 7.0 15.0 7.0 12.0 9.0 10.0 11.0 30.0 10.0 14.0 8.0 0 13.0 13.0 4.0 
11.0 13.0 7.0 12.0 13.0 11.0 22.0 14.0 17.0 14.0 10.0 10.0 30.0 9.0 18.0 15.0 13.0 0 20.0 9.0 
9.0 16.0 13.0 10.0 16.0 12.0 19.0 13.0 19.0 16.0 17.0 18.0 37.0 17.0 11.0 13.0 13.0 20.0 0 11.0 
2.0 5.0 2.0 3.0 5.0 5.0 13.0 5.0 8.0 5.0 6.0 7.0 26.0 6.0 12.0 6.0 4.0 9.0 11.0 0 
