101
Northland HongKah AngMoKioTownCentre SerangoonNorth Paterson Punggol YioChuKang KentRidge Commonwealth KeatHong HongKahNorth BedokNorth Serangoon OneTreeHill EastCoast Sennett WaterwayEast SungeiKadut TuasPromenade Museum Mountbatten PayaLebarEast LowerSeletar BedokSouth SembawangStraits TuasNorthPioneer CityHall TelokBlangahRise SungeiRoad SimpangNorth IstanaNegara HougangCentral PasirRisDrive PangSua Trafalgar Tampines BenoiSector ChoaChuKang Moulmein TiongBahru BukitBatokSouth PasirRis TagoreSindo Shipyard JurongPort ClementiNorth GeylangEast Khatib Matilda Brickworks BukitBatokWest Aljunied SerangoonGarden SerangoonCentral PearlsHill SembawangHills SingaporeRiver PasirRisPark BoatQuay BoonLayPlace EvertonPark AlexandraNorth PeiChun PunggolField Sentosa InstitutionHill TohGuan DhobyGhaut ReservoirView JooSengPayaLebar DairyFarm PulauPunggolTimor Tanglin Saujana UluPandan TampinesNorth TuasBay Geylang Cairnhill Sembawang WoodlandsWest OneNorth Mandai YioChuKangEast Port DefuIndustrialPark UpperThomson ChinaSquare JurongWestCentral PeoplesPark MandaiEast ChangiWest BayfrontSubzone KebunBahru Kembangan OrangeGrove ChangiPoint SouthernIslands RochorCanal Chatsworth YuhuaEast
0 483530572.0 329181612.0 550168346.0 574187713.0 550529231.0 476366166.0 358254969.0 356072958.0 274051129.0 376669024.0 401523769.0 381743065.0 428208240.0 643849910.0 538412681.0 329383124.0 575534708.0 527739476.0 323137822.0 129643605.0 339155847.0 499737730.0 390237158.0 419817076.0 407436771.0 451751284.0 433883467.0 337945229.0 570993899.0 428865324.0 444470976.0 384222468.0 374790248.0 464925426.0 537784935.0 527226021.0 459904705.0 239072921.0 521282031.0 188364408.0 517800815.0 523102986.0 409780753.0 236996521.0 365460877.0 422957651.0 417014193.0 486965264.0 392752639.0 439862501.0 521958924.0 635610132.0 257763990.0 360709975.0 313819756.0 634724422.0 381971996.0 472652331.0 551773431.0 396726045.0 592782495.0 170117310.0 421680175.0 408310412.0 358197443.0 378711862.0 511751754.0 405489641.0 269907961.0 234430126.0 530499701.0 456270476.0 464400152.0 323169845.0 398320811.0 598309611.0 603206853.0 449653613.0 564253514.0 77848124.0 395913868.0 513951090.0 351291514.0 549418937.0 470566966.0 444765447.0 443943679.0 432812287.0 446481053.0 526728951.0 776854309.0 626774629.0 498242260.0 422943735.0 471391187.0 352156019.0 405870683.0 447634581.0 390957294.0 501558779.0 
483530572.0 0 392209010.0 421064632.0 545758585.0 418977553.0 546154647.0 386410053.0 384228042.0 381950473.0 292651112.0 420429694.0 299479537.0 108877577.0 627995567.0 437581998.0 394420341.0 426457198.0 594430893.0 404640951.0 478165585.0 379262695.0 355359390.0 246476586.0 117268741.0 270580203.0 317765755.0 327542280.0 402982446.0 564322567.0 279014107.0 324835260.0 390176927.0 440240741.0 223486847.0 526746776.0 329159494.0 221242811.0 444479301.0 672377335.0 576388312.0 233977981.0 360929625.0 127305064.0 487873151.0 219880685.0 424782125.0 517137269.0 302487158.0 375778655.0 623846211.0 379884633.0 534779449.0 509344854.0 363111104.0 361509401.0 548100201.0 209465270.0 248114763.0 300720491.0 335139788.0 663235614.0 542008978.0 659969186.0 413552731.0 335495145.0 352530638.0 676571845.0 387986513.0 406260248.0 494864176.0 419661686.0 572924304.0 278193492.0 323747515.0 440437500.0 717387587.0 327972824.0 510109842.0 540671923.0 505998837.0 220710640.0 230128256.0 293649791.0 684191438.0 349890280.0 151744828.0 515979350.0 288714400.0 381679398.0 623658250.0 693961357.0 508586615.0 536121018.0 226682492.0 256886684.0 394816671.0 263304042.0 539086586.0 359283980.0 460846247.0 
329181612.0 392209010.0 0 426307493.0 510853148.0 403873044.0 419963463.0 259024762.0 261206773.0 404434464.0 431921607.0 482615797.0 363583678.0 406596250.0 649981042.0 500849608.0 235818595.0 516739211.0 746233185.0 448043748.0 446405426.0 465331021.0 408502053.0 364963007.0 398205086.0 324982046.0 460576541.0 374094074.0 227256490.0 542616465.0 290880041.0 524206597.0 351958882.0 362440812.0 291061027.0 588703514.0 430790718.0 511920513.0 448752641.0 777387466.0 346625906.0 297245591.0 434185956.0 404267178.0 469024933.0 453305765.0 477504879.0 428842809.0 346375482.0 389502839.0 551451061.0 534259714.0 527139285.0 382657188.0 353822483.0 388927337.0 540783653.0 318006904.0 533273703.0 348988011.0 487443152.0 586412576.0 389299926.0 668610148.0 403399562.0 351648796.0 452067863.0 484673031.0 367889684.0 408514926.0 351471092.0 459328461.0 449099993.0 499376301.0 411299795.0 402598678.0 875992333.0 396647072.0 510659210.0 478368314.0 324778097.0 212575962.0 293395866.0 437954858.0 292305991.0 516556928.0 543953838.0 604458213.0 245636451.0 402707949.0 575425444.0 765101644.0 543710654.0 616316937.0 463791398.0 448756152.0 270172004.0 410073247.0 495038106.0 310852603.0 549602745.0 
550168346.0 421064632.0 426307493.0 0 571230346.0 279541958.0 540827402.0 544870483.0 542688472.0 428056133.0 547092323.0 283517397.0 245743696.0 348055059.0 483085819.0 366264710.0 542150847.0 550363473.0 744104676.0 463878957.0 420524741.0 436408596.0 388263955.0 381736686.0 339663895.0 462512799.0 331639876.0 402609424.0 533588742.0 570717578.0 429080418.0 465571294.0 380613250.0 399702267.0 316185018.0 569310066.0 403023051.0 397951857.0 634169260.0 784584262.0 487752213.0 217149229.0 60135007.0 349700218.0 444466757.0 403259151.0 554259629.0 416737872.0 366607772.0 392256810.0 620569103.0 569684260.0 405153617.0 405659737.0 583295421.0 389977100.0 391509249.0 404153859.0 541250821.0 285917020.0 407346790.0 582089840.0 466717098.0 709241210.0 493070660.0 521313046.0 424121331.0 466370084.0 405579422.0 464995481.0 410261005.0 481261869.0 523709841.0 510918438.0 405170289.0 553231985.0 803744146.0 309600800.0 426667929.0 314170334.0 575968812.0 296748225.0 213299504.0 419176920.0 586437063.0 439475304.0 555336066.0 247059294.0 360376890.0 467896724.0 455356643.0 764880044.0 444257779.0 608852741.0 477715731.0 427424032.0 343230749.0 518263471.0 535247081.0 508991894.0 431455831.0 
574187713.0 545758585.0 510853148.0 571230346.0 0 523781079.0 516488075.0 503021541.0 504212032.0 422301395.0 504064846.0 556761712.0 428042635.0 444949308.0 715146459.0 449254124.0 465687146.0 529835912.0 693375055.0 482636510.0 545240071.0 568175751.0 514127462.0 537129070.0 453340472.0 567250257.0 495019956.0 663691183.0 474249251.0 31763317.0 711401462.0 314665767.0 454803612.0 347532833.0 447153912.0 383669923.0 537558646.0 375989583.0 542634668.0 616267843.0 447419356.0 370309999.0 562546516.0 463254378.0 601042892.0 522449564.0 497428192.0 185743023.0 421969094.0 597389852.0 480782270.0 350407643.0 546451575.0 379818365.0 563504598.0 427117598.0 560095943.0 489536512.0 338944089.0 439812020.0 376685328.0 134722365.0 565358052.0 511945327.0 631921249.0 574324173.0 554912593.0 637740794.0 346937466.0 546965532.0 501045236.0 211821068.0 618967820.0 334135437.0 432719583.0 840407257.0 596576598.0 265451414.0 627096160.0 712587362.0 557935640.0 597975434.0 368702620.0 402621859.0 503185573.0 340761757.0 641919978.0 554104105.0 494390092.0 430058529.0 691788881.0 668512501.0 368347718.0 423212598.0 432728726.0 379485694.0 687562742.0 516097125.0 669641453.0 541860939.0 513052518.0 
550529231.0 418977553.0 403873044.0 279541958.0 523781079.0 0 525273360.0 575299195.0 575954053.0 355781211.0 487866747.0 383949200.0 250245564.0 313827175.0 603435655.0 371197637.0 522909398.0 449307518.0 679249483.0 428920998.0 626117182.0 454903236.0 339140437.0 339570484.0 305436011.0 519412326.0 367802333.0 399029848.0 520155226.0 555544396.0 476932111.0 481807177.0 405244909.0 463407676.0 254071406.0 554349389.0 258122761.0 353762840.0 461843146.0 686439346.0 499647384.0 212804221.0 225287630.0 315472334.0 654551946.0 433535030.0 426819365.0 434258943.0 186208627.0 378782435.0 518353899.0 466193645.0 468395088.0 577770792.0 478719288.0 341547986.0 477760988.0 351751121.0 415092467.0 261556590.0 275936940.0 614557737.0 579938299.0 709953390.0 355408830.0 518782666.0 472126106.0 642790947.0 329324948.0 603491677.0 555546170.0 392340799.0 509676255.0 435165409.0 353919182.0 471484410.0 774997979.0 304284518.0 377226180.0 421404923.0 580470680.0 403292203.0 210166847.0 384016906.0 524486954.0 495132169.0 366173762.0 437750265.0 357140338.0 419587047.0 687251455.0 757566714.0 291905121.0 569570601.0 416252651.0 294794333.0 467488109.0 461331259.0 607592925.0 559578859.0 373866189.0 
476366166.0 546154647.0 419963463.0 540827402.0 516488075.0 525273360.0 0 268764700.0 266582689.0 352597683.0 314349876.0 451652064.0 521412758.0 500276676.0 703025753.0 532529363.0 199807088.0 549170648.0 598224316.0 301632121.0 351573869.0 347964277.0 592891979.0 438978690.0 492340276.0 371034459.0 644192883.0 630868717.0 208369193.0 521906538.0 483252226.0 376342508.0 391813519.0 349730924.0 399455008.0 491645665.0 326996294.0 379645970.0 398991904.0 436871273.0 511505736.0 614045744.0 494678350.0 502376599.0 378705425.0 436787582.0 445007607.0 367926832.0 459231768.0 637038712.0 682174925.0 190877963.0 613377728.0 527319139.0 494436955.0 392981923.0 627022096.0 435973773.0 322647833.0 563550988.0 533143632.0 551847914.0 458430432.0 614424895.0 639864490.0 327455091.0 354800621.0 544507435.0 440192908.0 368310917.0 418418810.0 340593699.0 613406146.0 356545235.0 415354381.0 526250414.0 540169654.0 524441847.0 671883939.0 520995021.0 414240593.0 401218027.0 614381053.0 423611312.0 583407794.0 399947826.0 521269674.0 581950966.0 489109617.0 285084140.0 526585086.0 546453498.0 468618108.0 495612040.0 359151896.0 409876854.0 474953734.0 313740700.0 444379605.0 317181280.0 533055351.0 
358254969.0 386410053.0 259024762.0 544870483.0 503021541.0 575299195.0 268764700.0 0 2182011.0 288774531.0 180395555.0 375416250.0 427908110.0 327365977.0 625201443.0 598986851.0 68957612.0 499073924.0 493016963.0 353358788.0 471767737.0 302497532.0 457025892.0 444155204.0 318974813.0 126214276.0 529821829.0 482961804.0 60395507.0 474630726.0 402717440.0 487755990.0 286958232.0 199084456.0 449395016.0 414491219.0 317176434.0 489291740.0 366861297.0 588732512.0 371232723.0 387683384.0 492246037.0 329011136.0 273711113.0 415644542.0 346931259.0 478985579.0 434221528.0 507781655.0 539034508.0 438544829.0 652563768.0 324948304.0 545802082.0 272891294.0 640115501.0 387442941.0 492870062.0 389924114.0 575335727.0 577589774.0 266246533.0 537957996.0 537402781.0 97737622.0 265122724.0 632946640.0 478498540.0 176899696.0 291061039.0 360526072.0 458724070.0 458972660.0 299550317.0 339461367.0 630007641.0 314565582.0 545498641.0 473475167.0 280406845.0 384561523.0 391533109.0 269452593.0 461665959.0 485702244.0 456938507.0 673617178.0 433153320.0 511933141.0 492842300.0 514633913.0 695467109.0 388736068.0 276074586.0 422522850.0 479157039.0 151048485.0 374643658.0 56948090.0 567552924.0 
356072958.0 384228042.0 261206773.0 542688472.0 504212032.0 575954053.0 266582689.0 2182011.0 0 286592520.0 178213544.0 373234239.0 430090121.0 325183966.0 626951448.0 597906389.0 66775601.0 496891913.0 495198974.0 351176777.0 469585726.0 300315521.0 454843881.0 445905209.0 316792802.0 124032265.0 528537721.0 484753897.0 58213496.0 472448715.0 400535429.0 485573979.0 284776221.0 196902445.0 447213005.0 412309208.0 319358445.0 491041745.0 364679286.0 586550501.0 369050712.0 389865395.0 494428048.0 326829125.0 275893124.0 413462531.0 349113270.0 476803568.0 432039517.0 509963666.0 536852497.0 440726840.0 650381757.0 322766293.0 545330330.0 275073305.0 637933490.0 389624952.0 490688051.0 387984016.0 573153716.0 575407763.0 264064522.0 540140007.0 535220770.0 95562272.0 262940713.0 630764629.0 476316529.0 179081707.0 288879028.0 362708083.0 460906081.0 456790649.0 297368306.0 341643378.0 627825630.0 316315587.0 543316630.0 475225172.0 278224834.0 386743534.0 390452647.0 267270582.0 463847970.0 487249765.0 454756496.0 671435167.0 430971309.0 512870278.0 495024311.0 516383918.0 696404246.0 390918079.0 278256597.0 420340839.0 481339050.0 148866474.0 372468308.0 54766079.0 569734935.0 
274051129.0 381950473.0 404434464.0 428056133.0 422301395.0 355781211.0 352597683.0 288774531.0 286592520.0 0 148704073.0 430836593.0 273887873.0 273072896.0 636628244.0 421046033.0 280125099.0 416486829.0 630797914.0 324225359.0 345057181.0 281045665.0 337086816.0 310926754.0 264681732.0 224616355.0 407356217.0 444319141.0 271562994.0 454064712.0 306516723.0 470927418.0 254687902.0 393546938.0 355034322.0 355563185.0 267066065.0 418259065.0 309843344.0 628038302.0 265136315.0 265633095.0 472690032.0 273792687.0 355172039.0 398410278.0 354798258.0 312913228.0 432565019.0 394052485.0 486237023.0 400781799.0 509690799.0 275552274.0 348336678.0 40384240.0 516259085.0 360900200.0 505809492.0 319366620.0 452110563.0 555201003.0 421950710.0 564549850.0 345551384.0 354116325.0 318908718.0 541804908.0 377800599.0 446925920.0 459934102.0 279213811.0 616667353.0 471912090.0 62756698.0 454127787.0 577304169.0 360163739.0 465928483.0 562026382.0 351899253.0 245858324.0 261783370.0 88413020.0 475962453.0 497023408.0 528232910.0 506810880.0 246043584.0 383407215.0 480578330.0 777227778.0 468131104.0 361687689.0 265323024.0 388142089.0 480366627.0 161013674.0 340129355.0 313320132.0 430823487.0 
376669024.0 292651112.0 431921607.0 547092323.0 504064846.0 487866747.0 314349876.0 180395555.0 178213544.0 148704073.0 0 382198270.0 401561823.0 213752802.0 660405501.0 541764779.0 231077890.0 492777465.0 537581650.0 226457210.0 434029926.0 196793686.0 362780814.0 342794370.0 207946646.0 130509845.0 482851349.0 452964343.0 236427040.0 472301529.0 275466169.0 461880544.0 252389509.0 369157214.0 320450012.0 275561693.0 229743986.0 395731192.0 223986975.0 584376583.0 413840388.0 331487081.0 499586917.0 217982969.0 364595950.0 339090184.0 314091300.0 435834974.0 348615080.0 384268671.0 476466585.0 379113307.0 628291408.0 343683596.0 405391739.0 158016571.0 623151181.0 269201061.0 435571709.0 340387622.0 472308037.0 504449493.0 374820774.0 518610051.0 432313001.0 242628688.0 177241177.0 632493879.0 347864224.0 312557421.0 436573328.0 407283329.0 532139669.0 415238776.0 188567040.0 343312846.0 562120880.0 383821399.0 583243932.0 494073104.0 332039667.0 392790977.0 335336806.0 216482538.0 440250623.0 449871034.0 402666693.0 577998089.0 393589625.0 400236151.0 439644043.0 692162706.0 569513462.0 300274398.0 306706157.0 275443437.0 469370286.0 29347070.0 474510826.0 203260858.0 537497292.0 
401523769.0 420429694.0 482615797.0 283517397.0 556761712.0 383949200.0 451652064.0 375416250.0 373234239.0 430836593.0 382198270.0 0 204007810.0 318383312.0 650731515.0 360682107.0 422111242.0 487825736.0 696300617.0 356637679.0 467603806.0 403058339.0 349916974.0 367868686.0 309992148.0 398675080.0 230166464.0 299762764.0 413549137.0 556631377.0 191735756.0 499780565.0 358443698.0 272187406.0 360811050.0 510365519.0 580500702.0 429513968.0 443113147.0 681537310.0 458858780.0 186451713.0 228402716.0 316484819.0 521594433.0 404817669.0 410933493.0 436258822.0 406895141.0 313878281.0 575352767.0 470755790.0 456516734.0 486578244.0 470791283.0 413401986.0 470161102.0 388458010.0 507660514.0 247570039.0 353772955.0 591711007.0 490012625.0 639088771.0 336513298.0 280729722.0 442614354.0 662197142.0 451317116.0 548126088.0 425699809.0 430085179.0 528624651.0 541557916.0 413198364.0 445798640.0 780337323.0 293552644.0 532413390.0 482438043.0 348342496.0 369002726.0 190301438.0 389263362.0 668702777.0 525876555.0 308051905.0 454648046.0 323866166.0 354499811.0 654966623.0 625915400.0 498147915.0 549865798.0 426452783.0 395276096.0 475195279.0 400920910.0 503224377.0 321525915.0 369646245.0 
381743065.0 299479537.0 363583678.0 245743696.0 428042635.0 250245564.0 521412758.0 427908110.0 430090121.0 273887873.0 401561823.0 204007810.0 0 262701384.0 583482645.0 281783676.0 473054931.0 365786947.0 753066437.0 359869695.0 454577084.0 330229313.0 300382262.0 234086781.0 258572416.0 350719869.0 251920227.0 261539721.0 464492826.0 412401110.0 336423134.0 406006761.0 279199476.0 472016080.0 196040004.0 498393398.0 424258541.0 368393981.0 469471512.0 589792148.0 381595585.0 136057750.0 265277701.0 260576254.0 563629564.0 356893868.0 393205311.0 258421404.0 315291514.0 172072153.0 649314900.0 367857225.0 378981127.0 345372677.0 414899246.0 243545252.0 392625495.0 347683767.0 409348405.0 204167325.0 281029271.0 515360158.0 496849067.0 581341210.0 316461125.0 471667462.0 336397076.0 529387392.0 383925873.0 592256519.0 482391198.0 387616456.0 626972795.0 437204287.0 214396004.0 418462122.0 693090529.0 233895781.0 397375702.0 420874941.0 330225116.0 362330739.0 132208025.0 244493728.0 608346291.0 432102751.0 434473764.0 307504609.0 261540254.0 335041253.0 546854944.0 788555423.0 465129025.0 537936073.0 367848129.0 379473977.0 318044118.0 372214753.0 476768847.0 430871269.0 339240170.0 
428208240.0 108877577.0 406596250.0 348055059.0 444949308.0 313827175.0 500276676.0 327365977.0 325183966.0 273072896.0 213752802.0 318383312.0 262701384.0 0 593580988.0 336022041.0 369014483.0 432607051.0 703308470.0 324318805.0 394177463.0 308791187.0 263805255.0 144277449.0 8391164.0 277480267.0 301731717.0 436419857.0 377576588.0 465887587.0 387891684.0 318554056.0 315338249.0 518938319.0 122029039.0 449978710.0 359037105.0 263746083.0 377092382.0 715004724.0 486134522.0 131931599.0 353300620.0 18427487.0 491244828.0 125337382.0 425573807.0 488146019.0 196019804.0 365976672.0 650883602.0 373776344.0 433219492.0 400467277.0 370200637.0 287725394.0 446863860.0 100587693.0 292457942.0 208160794.0 268086254.0 568846635.0 444046938.0 561875134.0 386274095.0 397179889.0 288708089.0 634363893.0 407913478.0 389396491.0 385986599.0 462164958.0 482623514.0 275832800.0 324793757.0 481998718.0 611706343.0 221757425.0 401232265.0 455607685.0 401658356.0 246284889.0 135781324.0 346012306.0 581992301.0 341273150.0 258464665.0 449362746.0 179836823.0 272801821.0 604372793.0 775475549.0 407128807.0 489521385.0 250502469.0 148009107.0 291120921.0 186535976.0 480696152.0 356383696.0 366160218.0 
643849910.0 627995567.0 649981042.0 483085819.0 715146459.0 603435655.0 703025753.0 625201443.0 626951448.0 636628244.0 660405501.0 650731515.0 583482645.0 593580988.0 0 561287536.0 567252029.0 595894212.0 999437039.0 747732767.0 686099963.0 795047606.0 573565321.0 682231316.0 585189824.0 621922557.0 678173005.0 455574619.0 575814134.0 741313443.0 593063045.0 634091898.0 759689840.0 637912468.0 488420689.0 882338542.0 787161724.0 610731394.0 778941406.0 894531834.0 662485148.0 522354801.0 436066059.0 575153501.0 582217192.0 622827680.0 772689390.0 725718474.0 619692102.0 479672321.0 686588634.0 620750981.0 464090085.0 667045469.0 597826825.0 611633432.0 450445717.0 648882785.0 627631232.0 508998813.0 631167544.0 663849301.0 576166936.0 842635811.0 345567186.0 617997961.0 760831005.0 782439310.0 654089462.0 638043339.0 631888957.0 661249052.0 876807495.0 593733830.0 586048269.0 500963711.0 902724663.0 477134847.0 852224242.0 182030732.0 606785127.0 539031878.0 526204526.0 616145993.0 598405571.0 607995908.0 716494932.0 548302885.0 560454586.0 466277115.0 786546210.0 660916682.0 649811083.0 921881217.0 630129477.0 477934702.0 568068754.0 646756766.0 865812011.0 653040068.0 616781401.0 
538412681.0 437581998.0 500849608.0 366264710.0 449254124.0 371197637.0 532529363.0 598986851.0 597906389.0 421046033.0 541764779.0 360682107.0 281783676.0 336022041.0 561287536.0 0 607004900.0 436338216.0 1031925284.0 560958342.0 448729453.0 612012989.0 333844186.0 396005589.0 333818133.0 535021099.0 130515643.0 452605345.0 598668784.0 476972740.0 511268205.0 551717423.0 560605237.0 486801877.0 370320704.0 683321190.0 620187030.0 434432979.0 664713480.0 828916087.0 577640882.0 211303467.0 396573889.0 343854456.0 647590124.0 450370671.0 671840145.0 503053286.0 437813949.0 370547965.0 659695937.0 505815426.0 97197451.0 562453890.0 414497789.0 384131338.0 110841819.0 374355743.0 524706053.0 273030759.0 401501028.0 579223350.0 661865913.0 718274526.0 349477231.0 587274346.0 575014369.0 409059561.0 522944377.0 682419199.0 597553097.0 573561461.0 758891779.0 506526911.0 421893224.0 526485575.0 792328939.0 309141498.0 447955237.0 549578761.0 467124598.0 432987555.0 207453742.0 425126296.0 733237966.0 539795753.0 554361287.0 119205416.0 354531128.0 420931480.0 776827766.0 755701708.0 423460769.0 722863865.0 419051461.0 352326504.0 477330305.0 512417709.0 689694648.0 609557067.0 65191121.0 
329383124.0 394420341.0 235818595.0 542150847.0 465687146.0 522909398.0 199807088.0 68957612.0 66775601.0 280125099.0 231077890.0 422111242.0 473054931.0 369014483.0 567252029.0 607004900.0 0 556607589.0 561974575.0 289977607.0 436052911.0 345284839.0 393084891.0 429429835.0 360623319.0 178314353.0 576617714.0 517615586.0 8562105.0 450408691.0 347712840.0 439447393.0 338659060.0 149923836.0 491043522.0 396333652.0 298200625.0 457040563.0 343004772.0 607641627.0 366018130.0 441748005.0 508707211.0 350586996.0 237192240.0 407096228.0 394097802.0 427152177.0 425824257.0 569863832.0 531618409.0 390685051.0 600730366.0 360185740.0 511891856.0 295986614.0 614374734.0 437694509.0 426703027.0 376479815.0 507598153.0 539080713.0 313567600.0 606110156.0 490429855.0 149435300.0 317222801.0 651366131.0 483822034.0 245857308.0 253936134.0 360436474.0 498069595.0 392805625.0 299661796.0 408418979.0 645618625.0 358016289.0 610092231.0 521044386.0 278073737.0 335696420.0 437898280.0 271357397.0 504372958.0 465463968.0 407314089.0 724875288.0 439114798.0 484891228.0 470694473.0 549239074.0 668425196.0 435876327.0 321433493.0 440127174.0 452880871.0 201730820.0 407241050.0 117374192.0 541813779.0 
575534708.0 426457198.0 516739211.0 550363473.0 529835912.0 449307518.0 549170648.0 499073924.0 496891913.0 416486829.0 492777465.0 487825736.0 365786947.0 432607051.0 595894212.0 436338216.0 556607589.0 0 611405781.0 532453535.0 457462356.0 561182104.0 514044794.0 457785863.0 440162468.0 519773834.0 494331587.0 188062972.0 548045484.0 561599229.0 361946126.0 215170145.0 546386896.0 624848548.0 415964649.0 451312226.0 393796698.0 341686481.0 514473644.0 658176634.0 437048857.0 380517652.0 564373197.0 430126145.0 461790998.0 510049124.0 479247883.0 476479398.0 490139288.0 277530540.0 402186218.0 374210662.0 522264452.0 488766749.0 341143695.0 393829062.0 508620084.0 515242344.0 243481782.0 411697859.0 570715213.0 656313335.0 541516005.0 509417390.0 298070405.0 460930951.0 570731251.0 617327448.0 475948168.0 524301055.0 505472900.0 520229625.0 597710875.0 260994635.0 402265422.0 582300786.0 649916943.0 373921625.0 615289025.0 446609501.0 497686584.0 409217160.0 376667927.0 418293603.0 682258180.0 241266135.0 484074458.0 423208719.0 476453980.0 417249523.0 424364092.0 625642401.0 334915916.0 444235762.0 361501976.0 381329391.0 609419837.0 518127300.0 621444709.0 501727144.0 405823417.0 
527739476.0 594430893.0 746233185.0 744104676.0 693375055.0 679249483.0 598224316.0 493016963.0 495198974.0 630797914.0 537581650.0 696300617.0 753066437.0 703308470.0 999437039.0 1031925284.0 561974575.0 611405781.0 0 470966942.0 596194443.0 422837124.0 734491673.0 660982354.0 710302442.0 525538186.0 907401586.0 757687913.0 553412470.0 664335581.0 592775013.0 481785115.0 525220905.0 564163927.0 689016504.0 394751913.0 421126722.0 625612795.0 385453648.0 268111757.0 619144900.0 828408874.0 683969669.0 720338765.0 600831609.0 711891772.0 363242944.0 539583149.0 684942723.0 767447884.0 459321089.0 621847288.0 1129116682.0 626806465.0 636610090.0 652502582.0 1116022249.0 687288335.0 533419405.0 759195654.0 668064961.0 561376533.0 610481827.0 451685715.0 776743005.0 563345249.0 462393139.0 627141965.0 551788765.0 504020192.0 561719849.0 581022966.0 307976098.0 528426883.0 626073844.0 532914887.0 248406378.0 749101448.0 814552784.0 817406307.0 605587600.0 640718740.0 824559149.0 656171568.0 633434868.0 507881105.0 514239040.0 915748378.0 696543107.0 869703227.0 465262896.0 718039121.0 764600146.0 376557373.0 716993819.0 760793259.0 762226102.0 549666279.0 568783018.0 549965053.0 968624019.0 
323137822.0 404640951.0 448043748.0 463878957.0 482636510.0 428920998.0 301632121.0 353358788.0 351176777.0 324225359.0 226457210.0 356637679.0 359869695.0 324318805.0 747732767.0 560958342.0 289977607.0 532453535.0 470966942.0 0 443743910.0 88549525.0 387714701.0 377656519.0 315927641.0 231266044.0 549284807.0 453045604.0 292963281.0 450873193.0 302390714.0 407885946.0 192466577.0 337234278.0 318230334.0 248759713.0 266156387.0 367222498.0 239120087.0 441096241.0 338397996.0 379444219.0 440809465.0 323225296.0 486679512.0 378541067.0 201416156.0 296893487.0 405822366.0 447903678.0 449664605.0 432814865.0 658155793.0 374788444.0 412234407.0 304316642.0 671800161.0 353369262.0 378972861.0 413696870.0 416206590.0 552311069.0 493255132.0 509605192.0 447054201.0 270642016.0 92357596.0 449123155.0 296508956.0 521998080.0 444065667.0 318910250.0 447464171.0 412870263.0 315656360.0 401618137.0 471063520.0 289840322.0 515077438.0 565702035.0 396493152.0 323818437.0 383293944.0 290094754.0 532576804.0 433981936.0 474249390.0 477860498.0 290815525.0 532269005.0 535105201.0 705811290.0 580682985.0 209217038.0 400991477.0 451700427.0 467353422.0 255804280.0 419649147.0 298150710.0 544364513.0 
129643605.0 478165585.0 446405426.0 420524741.0 545240071.0 626117182.0 351573869.0 471767737.0 469585726.0 345057181.0 434029926.0 467603806.0 454577084.0 394177463.0 686099963.0 448729453.0 436052911.0 457462356.0 596194443.0 443743910.0 0 468799452.0 558041506.0 448752023.0 394499075.0 440291082.0 477787107.0 563527072.0 440904637.0 577003388.0 479890786.0 513606659.0 458840948.0 308347710.0 454587539.0 620829483.0 602998356.0 512258848.0 343795235.0 391638426.0 298768497.0 461854141.0 480659748.0 404535398.0 198860671.0 268840081.0 518475812.0 481351017.0 443621037.0 489331241.0 442193058.0 530421635.0 545642402.0 287275675.0 490353580.0 334683156.0 559286770.0 487298341.0 533457914.0 471469977.0 404212170.0 565695224.0 267393706.0 508029428.0 461423904.0 487841048.0 483027392.0 575035626.0 351641768.0 302720076.0 253027504.0 491279489.0 475239535.0 502454367.0 360134927.0 425062193.0 484948256.0 522986644.0 504038766.0 578116382.0 207491729.0 384168521.0 458685444.0 372691425.0 465304052.0 539702649.0 481462237.0 443042499.0 416166898.0 507556688.0 431819747.0 690445968.0 659709492.0 593703896.0 452684155.0 476286945.0 475415664.0 462060707.0 363803244.0 519265012.0 470518524.0 
339155847.0 379262695.0 465331021.0 436408596.0 568175751.0 454903236.0 347964277.0 302497532.0 300315521.0 281045665.0 196793686.0 403058339.0 330229313.0 308791187.0 795047606.0 612012989.0 345284839.0 561182104.0 422837124.0 88549525.0 468799452.0 0 413399465.0 433518217.0 317182351.0 178464463.0 574297317.0 541595129.0 336722734.0 539422718.0 365468415.0 437567746.0 113372139.0 387329117.0 343725667.0 250160142.0 196780475.0 445503701.0 301966372.0 446891084.0 330397985.0 410966367.0 390284140.0 325778399.0 398129987.0 303373006.0 128657616.0 385443012.0 446634805.0 502301466.0 424568028.0 470320353.0 709210440.0 343711117.0 382172678.0 296116117.0 722854808.0 336142027.0 392684876.0 419961756.0 411463728.0 590970948.0 443550473.0 438975260.0 533967836.0 274953609.0 39556015.0 537672680.0 331442616.0 470423863.0 507863289.0 368527554.0 398409279.0 426582278.0 304793348.0 333634172.0 472463949.0 369740396.0 523975548.0 616175081.0 411883783.0 323689790.0 407116642.0 327810817.0 510525255.0 462254905.0 458535350.0 551997828.0 297244085.0 545122398.0 446555676.0 744082438.0 628825435.0 210617467.0 366486939.0 446208504.0 555902947.0 167446616.0 404483841.0 267168240.0 625260033.0 
499737730.0 355359390.0 408502053.0 388263955.0 514127462.0 339140437.0 592891979.0 457025892.0 454843881.0 337086816.0 362780814.0 349916974.0 300382262.0 263805255.0 573565321.0 333844186.0 393084891.0 514044794.0 734491673.0 387714701.0 558041506.0 413399465.0 0 295008715.0 255414091.0 411156756.0 319373241.0 332219930.0 401646996.0 482364145.0 297761750.0 384239090.0 342480708.0 476100278.0 380446326.0 453893031.0 407564322.0 414689866.0 417253344.0 686897684.0 339958255.0 178814176.0 352627708.0 245377768.0 410241355.0 366210694.0 481532960.0 446359864.0 297364640.0 242752362.0 431055375.0 450493809.0 398944848.0 389933119.0 195175024.0 371635108.0 412589216.0 330370734.0 452176275.0 102346935.0 342603602.0 548174487.0 368025079.0 401309683.0 389781537.0 534989967.0 373843450.0 543675783.0 407896368.0 514100760.0 366231955.0 542801716.0 524516261.0 418278873.0 333873222.0 396098390.0 665148432.0 276707541.0 437962257.0 429315016.0 446070905.0 231063002.0 174964451.0 363204319.0 438806883.0 358143100.0 488857151.0 334910561.0 202612823.0 345258995.0 467281324.0 821931822.0 528792963.0 493435706.0 489842461.0 350036844.0 442985866.0 333869072.0 465519334.0 497030561.0 346409035.0 
390237158.0 246476586.0 364963007.0 381736686.0 537129070.0 339570484.0 438978690.0 444155204.0 445905209.0 310926754.0 342794370.0 367868686.0 234086781.0 144277449.0 682231316.0 396005589.0 429429835.0 457785863.0 660982354.0 377656519.0 448752023.0 433518217.0 295008715.0 0 135886285.0 404975388.0 296492758.0 412898553.0 420867730.0 568892387.0 503431319.0 430146044.0 402142752.0 550983874.0 204396565.0 512893947.0 253546454.0 343547210.0 467158821.0 624042662.0 462825882.0 240917887.0 428922025.0 125849962.0 474485403.0 261353242.0 467849361.0 426280202.0 175485910.0 406158934.0 620541409.0 389300658.0 472188947.0 459323360.0 477623112.0 285931942.0 485833315.0 193055556.0 385853223.0 233593387.0 412363703.0 500164632.0 448607391.0 567918852.0 357239890.0 496748818.0 393962202.0 702497091.0 540575155.0 500818090.0 471683293.0 441916747.0 600813777.0 383504276.0 248170056.0 432621538.0 628303544.0 271677656.0 404235492.0 510082151.0 407733221.0 293609809.0 237068162.0 278267780.0 438066769.0 422592744.0 398221414.0 374459839.0 311471216.0 366106489.0 618787439.0 803525282.0 367143573.0 552436622.0 394037104.0 255431582.0 326292390.0 314485861.0 439148242.0 493679165.0 387520370.0 
419817076.0 117268741.0 398205086.0 339663895.0 453340472.0 305436011.0 492340276.0 318974813.0 316792802.0 264681732.0 207946646.0 309992148.0 258572416.0 8391164.0 585189824.0 333818133.0 360623319.0 440162468.0 710302442.0 315927641.0 394499075.0 317182351.0 255414091.0 135886285.0 0 269089103.0 293340553.0 435316444.0 369185424.0 474278751.0 396282848.0 310162892.0 318606173.0 510547155.0 130420203.0 442042310.0 367428269.0 270706773.0 368701218.0 708876385.0 486394610.0 123540435.0 344909456.0 10036323.0 482853664.0 133728546.0 417182643.0 479754855.0 187628640.0 357585508.0 642947202.0 365385180.0 426086041.0 404848519.0 361809473.0 280193153.0 439730409.0 97143836.0 284066778.0 199769630.0 276477418.0 577237799.0 435655774.0 553483970.0 383574526.0 392208514.0 295802184.0 626495565.0 416304642.0 381005327.0 394377763.0 463631737.0 491014678.0 267441636.0 317955039.0 480349967.0 620097507.0 227946846.0 392841101.0 456315624.0 393267192.0 237893725.0 127390160.0 345568955.0 573601137.0 336258882.0 266855829.0 440971582.0 188227987.0 264410657.0 595981629.0 767084385.0 415519971.0 481584985.0 258893633.0 139617943.0 282729757.0 178599576.0 472304988.0 357792880.0 357769054.0 
407436771.0 270580203.0 324982046.0 462512799.0 567250257.0 519412326.0 371034459.0 126214276.0 124032265.0 224616355.0 130509845.0 398675080.0 350719869.0 277480267.0 621922557.0 535021099.0 178314353.0 519773834.0 525538186.0 231266044.0 440291082.0 178464463.0 411156756.0 404975388.0 269089103.0 0 404505456.0 472137673.0 169752248.0 535486940.0 294639499.0 390264006.0 230902778.0 309557474.0 399509306.0 364605509.0 262215571.0 394776742.0 316975587.0 579278935.0 429750418.0 390673755.0 426526162.0 279125426.0 327273682.0 334965665.0 287610774.0 494306035.0 437445353.0 417323795.0 479048968.0 359970632.0 605788597.0 356909306.0 510754286.0 229832276.0 618100240.0 356526247.0 451189866.0 314206514.0 496690961.0 557463808.0 313001372.0 501985769.0 451035492.0 129499970.0 138908448.0 625925279.0 442819023.0 291959400.0 358989244.0 397767653.0 497761712.0 417292464.0 249664607.0 300131157.0 649701597.0 354856836.0 551472462.0 439891825.0 329588647.0 461127910.0 386824030.0 219566883.0 452491510.0 416359996.0 422325031.0 624677639.0 311195562.0 465166579.0 508572790.0 640416183.0 648700547.0 387855115.0 191455633.0 356246965.0 429777997.0 101162775.0 383048999.0 88703777.0 547585948.0 
451751284.0 317765755.0 460576541.0 331639876.0 495019956.0 367802333.0 644192883.0 529821829.0 528537721.0 407356217.0 482851349.0 230166464.0 251920227.0 301731717.0 678173005.0 130515643.0 576617714.0 494331587.0 907401586.0 549284807.0 477787107.0 574297317.0 319373241.0 296492758.0 293340553.0 404505456.0 0 457518496.0 568055609.0 484027296.0 421902220.0 485629442.0 510238452.0 481125118.0 261830005.0 719421992.0 516739952.0 412902843.0 554168401.0 821938837.0 503926736.0 169840588.0 332909735.0 303376876.0 676647778.0 343290312.0 641099957.0 458419211.0 397863724.0 389973135.0 722272088.0 507080543.0 227713094.0 522341509.0 514548265.0 390281223.0 241357462.0 296756759.0 439412626.0 239798191.0 361227961.0 586986344.0 606740553.0 686941998.0 408307577.0 472446485.0 534741302.0 479837471.0 461098211.0 615647334.0 573743492.0 452074893.0 728870148.0 455275858.0 422174103.0 546242824.0 737859656.0 270431881.0 494207752.0 512573533.0 437696425.0 364463637.0 167180675.0 452271827.0 624499636.0 459533452.0 463840134.0 236320450.0 305338991.0 390573350.0 646312123.0 677967366.0 310366739.0 758501845.0 288535818.0 268718524.0 404173070.0 471940129.0 700942563.0 479041424.0 143080492.0 
433883467.0 327542280.0 374094074.0 402609424.0 663691183.0 399029848.0 630868717.0 482961804.0 484753897.0 444319141.0 452964343.0 299762764.0 261539721.0 436419857.0 455574619.0 452605345.0 517615586.0 188062972.0 757687913.0 453045604.0 563527072.0 541595129.0 332219930.0 412898553.0 435316444.0 472137673.0 457518496.0 0 519820107.0 673940831.0 177498174.0 349025416.0 510103076.0 439885860.0 347223006.0 524819436.0 548203107.0 350543320.0 530296783.0 667265244.0 285964187.0 311776009.0 388617009.0 437848289.0 461667525.0 469263003.0 430257954.0 519961125.0 311442933.0 89467568.0 590249190.0 444671362.0 489597215.0 366835752.0 359766086.0 423312485.0 476232502.0 509460826.0 410058493.0 353855513.0 501973570.0 776899879.0 537577942.0 529556184.0 110007433.0 550220277.0 542488326.0 429264476.0 626337271.0 519529148.0 495858714.0 507975676.0 625987226.0 376888441.0 392802119.0 441212608.0 621329720.0 409669374.0 519987187.0 336796039.0 396480471.0 262381930.0 307926284.0 412268296.0 547917003.0 339800114.0 436993588.0 340810117.0 348256752.0 387889688.0 557634859.0 652109631.0 473630519.0 500341604.0 416034343.0 367687889.0 545418302.0 455008474.0 594342757.0 528331613.0 427143344.0 
337945229.0 402982446.0 227256490.0 533588742.0 474249251.0 520155226.0 208369193.0 60395507.0 58213496.0 271562994.0 236427040.0 413549137.0 464492826.0 377576588.0 575814134.0 598668784.0 8562105.0 548045484.0 553412470.0 292963281.0 440904637.0 336722734.0 401646996.0 420867730.0 369185424.0 169752248.0 568055609.0 519820107.0 0 458970796.0 342321933.0 445218921.0 342989717.0 141361731.0 499605627.0 387771547.0 298431561.0 448478458.0 351566877.0 606920608.0 373108413.0 448078891.0 500145106.0 359149101.0 245754345.0 409440548.0 402659907.0 418590072.0 417262152.0 568177162.0 523056304.0 399247156.0 592168261.0 351623635.0 503329751.0 299734772.0 605812629.0 434986794.0 432474555.0 385041920.0 516160258.0 547642818.0 305005495.0 598353503.0 481867750.0 153775768.0 308660696.0 659928236.0 492384139.0 237295203.0 251842422.0 368998579.0 489507490.0 398577153.0 298139786.0 399856874.0 654180730.0 366578394.0 601530126.0 529069546.0 269511632.0 336891313.0 446460385.0 268042062.0 512935063.0 456901863.0 398751984.0 717874200.0 438066025.0 493453333.0 462132368.0 545590921.0 672244219.0 427314222.0 329995598.0 448689279.0 444318766.0 207079970.0 415803155.0 112979575.0 546853716.0 
570993899.0 564322567.0 542616465.0 570717578.0 31763317.0 555544396.0 521906538.0 474630726.0 472448715.0 454064712.0 472301529.0 556631377.0 412401110.0 465887587.0 741313443.0 476972740.0 450408691.0 561599229.0 664335581.0 450873193.0 577003388.0 539422718.0 482364145.0 568892387.0 474278751.0 535486940.0 484027296.0 673940831.0 458970796.0 0 681176521.0 346429084.0 486566929.0 379296150.0 415390595.0 412664141.0 569321963.0 378056036.0 574397985.0 594455562.0 453850606.0 402073316.0 565434282.0 484315074.0 632806209.0 554212881.0 485224980.0 153979706.0 453732411.0 584473263.0 511355470.0 380360384.0 574170191.0 348055048.0 565057487.0 437622202.0 587814559.0 457773195.0 336269522.0 471575337.0 408448645.0 102959048.0 569270650.0 513745692.0 637102391.0 561841734.0 543230789.0 614970607.0 378700783.0 578728849.0 504957834.0 243584385.0 611304680.0 302372120.0 449287589.0 810446840.0 628339915.0 297214731.0 641672058.0 744350679.0 557189326.0 629738751.0 400465937.0 434080155.0 492346247.0 371739052.0 673683295.0 522340788.0 526153409.0 398295212.0 723552198.0 700275818.0 393902821.0 430036725.0 464492043.0 380108138.0 668750596.0 501648599.0 674589372.0 527214794.0 542163861.0 
428865324.0 279014107.0 290880041.0 429080418.0 711401462.0 476932111.0 483252226.0 402717440.0 400535429.0 306516723.0 275466169.0 191735756.0 336423134.0 387891684.0 593063045.0 511268205.0 347712840.0 361946126.0 592775013.0 302390714.0 479890786.0 365468415.0 297761750.0 503431319.0 396282848.0 294639499.0 421902220.0 177498174.0 342321933.0 681176521.0 0 458430391.0 345390944.0 455901944.0 307125325.0 548377880.0 419372658.0 363307179.0 499219082.0 607582007.0 389744867.0 359106120.0 398635048.0 406319171.0 332428868.0 392806912.0 471242715.0 527345712.0 456579289.0 255834974.0 494569731.0 366720209.0 564861668.0 347257636.0 366751401.0 335795742.0 574323360.0 332405069.0 453353921.0 335666645.0 530409668.0 732941849.0 412153875.0 549864290.0 286097872.0 391629632.0 387252014.0 560264800.0 489450391.0 436288273.0 369687463.0 536371033.0 559895993.0 424861876.0 315472518.0 309617766.0 679259403.0 457715511.0 477766853.0 433181770.0 438772922.0 251245841.0 358171634.0 345570242.0 570599041.0 484526381.0 382833385.0 426167861.0 240666753.0 389918600.0 563541827.0 707058307.0 508532102.0 511607752.0 405960813.0 342737653.0 451924244.0 296885329.0 590800056.0 350833439.0 492309529.0 
444470976.0 324835260.0 524206597.0 465571294.0 314665767.0 481807177.0 376342508.0 487755990.0 485573979.0 470927418.0 461880544.0 499780565.0 406006761.0 318554056.0 634091898.0 551717423.0 439447393.0 215170145.0 481785115.0 407885946.0 513606659.0 437567746.0 384239090.0 430146044.0 310162892.0 390264006.0 485629442.0 349025416.0 445218921.0 346429084.0 458430391.0 0 394347294.0 520526877.0 363810853.0 483033349.0 495326361.0 160808542.0 517380852.0 679195918.0 495345193.0 399250609.0 497425199.0 320199215.0 513969770.0 366312993.0 503769626.0 428582527.0 495925945.0 315189590.0 604000477.0 212309040.0 647464251.0 445844506.0 364846595.0 493909760.0 637709621.0 331194028.0 80539170.0 323309714.0 364497075.0 449388132.0 518096766.0 587579126.0 330607979.0 390185605.0 455027446.0 670462274.0 432264418.0 417158353.0 482143005.0 359227417.0 589218818.0 46641768.0 516310909.0 678724696.0 723912964.0 460034054.0 662578753.0 452061166.0 393860878.0 401822495.0 395927230.0 539563156.0 752752625.0 26095990.0 387984756.0 433963263.0 470904153.0 409886016.0 469914838.0 625496803.0 459401794.0 462295726.0 266448206.0 344718496.0 480801975.0 453926644.0 548623834.0 430807900.0 514394805.0 
