51
Guilin Trafalgar Townsville SerangoonGarden Springleaf ClementiCentral Novena FarrerPark SungeiKadut Boulevard MonksHill AirportRoad KallangWay Shipyard YuhuaWestBoonLay YioChuKang SungeiRoad TuasBay Phillip TampinesWest Sennett SembawangSprings Kranji Victoria Ridout BishanEast Yishun MandaiWest PasirPanjang2 NorthCoast Semakau PunggolTownCentre Outram Sentosa OrangeGrove TanglinHalt NeeSoon BukitBatokCentral ChoaChuKangCentral ConeyIsland AnchorvaleBuangkok JurongWestCentral Tyersall KampongGlam GreenwoodPark SingaporePolytechnic Woodgrove DefuIndustrialPark ChangiWest LoyangEast LeonieHill
0 208235646.0 293772017.0 243814182.0 337155142.0 391871561.0 202971928.0 178756321.0 540373279.0 360510687.0 323545750.0 360650786.0 266280557.0 499822448.0 211643069.0 361509154.0 197011058.0 370628431.0 343837777.0 209089833.0 372307998.0 186737474.0 422252822.0 209759179.0 416486430.0 293456321.0 383977630.0 364779231.0 200504557.0 326010193.0 187412387.0 334737484.0 356170713.0 102721979.0 596924725.0 313272557.0 502957981.0 340345719.0 280905322.0 355890572.0 344876717.0 422543105.0 649097223.0 240436864.0 98339140.0 161229600.0 325915759.0 634246484.0 333379757.0 331845323.0 653387111.0 
208235646.0 0 245328005.0 275302502.0 393460410.0 387754731.0 293254033.0 228900709.0 454683837.0 413949880.0 317994586.0 421671325.0 296362809.0 524183104.0 304125206.0 373122860.0 235041290.0 336536903.0 270900806.0 325461757.0 362190654.0 213007114.0 365922801.0 221623778.0 224405665.0 235751505.0 290718553.0 380203123.0 345480990.0 345414403.0 275712081.0 418213142.0 334475331.0 128991619.0 665193226.0 346592670.0 552721179.0 523676457.0 487211658.0 376383478.0 374958969.0 490301891.0 736095365.0 244590967.0 109896506.0 238105072.0 342240406.0 701003752.0 454344325.0 530043696.0 572831236.0 
293772017.0 245328005.0 0 349941417.0 300671142.0 264490888.0 166722126.0 305444616.0 517385674.0 290095355.0 290793636.0 340792646.0 326288151.0 431883095.0 297363389.0 317354761.0 250178035.0 375990231.0 444420780.0 241374932.0 283953261.0 314031654.0 402127537.0 245556816.0 394313358.0 316920324.0 369105112.0 318846216.0 262174994.0 307772198.0 235251514.0 223597634.0 277728166.0 338573133.0 576816977.0 570261228.0 460421170.0 450480040.0 254806485.0 305660000.0 336561238.0 392431782.0 597623250.0 315337797.0 327684626.0 222188216.0 200863832.0 553986570.0 209016320.0 400371170.0 765640585.0 
243814182.0 275302502.0 349941417.0 0 314955481.0 421545571.0 208571971.0 199559558.0 521302280.0 265471863.0 338783923.0 244632580.0 236577738.0 420247327.0 304582649.0 294209418.0 241788841.0 260840702.0 141556511.0 246540741.0 398300830.0 285744114.0 295140826.0 133801597.0 358998736.0 300133086.0 216872179.0 295891342.0 301809740.0 215703091.0 234951950.0 396776429.0 370585507.0 232904881.0 535623591.0 338963100.0 413935503.0 431394671.0 433705323.0 340960562.0 313415895.0 446033765.0 601396854.0 249472309.0 182426268.0 152102595.0 383933800.0 557760174.0 432808991.0 558988385.0 480186639.0 
337155142.0 393460410.0 300671142.0 314955481.0 0 373838860.0 368850008.0 340775411.0 476126317.0 272546264.0 435631328.0 232127252.0 293370911.0 459524709.0 246524966.0 235667576.0 288215614.0 342838424.0 392197872.0 283975546.0 396211711.0 277408473.0 431446131.0 348121987.0 426378079.0 342641820.0 449214764.0 228587313.0 150631114.0 252472286.0 291482157.0 392841991.0 423927034.0 332168712.0 589569234.0 480455796.0 467881146.0 372060647.0 244274794.0 467191710.0 248489827.0 424701517.0 587552575.0 343893734.0 314027468.0 413941384.0 384351963.0 607763968.0 271502958.0 419226478.0 632594565.0 
391871561.0 387754731.0 264490888.0 421545571.0 373838860.0 0 248772884.0 302103603.0 316602222.0 334950211.0 420753617.0 253112156.0 256716420.0 521642917.0 256740772.0 317570412.0 194860503.0 410858890.0 471896675.0 219387319.0 367107346.0 276346539.0 491662990.0 287743974.0 416630399.0 291624837.0 436473581.0 318266449.0 323362413.0 259762076.0 251877795.0 127626329.0 394338892.0 353768188.0 638347965.0 630765161.0 550180992.0 391496933.0 360395347.0 339402766.0 298363935.0 530369481.0 564723501.0 246896590.0 316511606.0 305242260.0 86389275.0 608360181.0 102335902.0 451204022.0 572219174.0 
202971928.0 293254033.0 166722126.0 208571971.0 368850008.0 248772884.0 0 163795816.0 498017863.0 284759454.0 348681721.0 386755755.0 169861698.0 439383887.0 165665991.0 267664335.0 83455909.0 311406229.0 347671366.0 95981373.0 343387737.0 164941945.0 406068955.0 101986667.0 349574220.0 266379530.0 272355698.0 268360372.0 218218894.0 309173215.0 136928797.0 256838198.0 315672414.0 200051979.0 578769985.0 491984931.0 457081897.0 366818204.0 318019156.0 359990752.0 248457858.0 432698858.0 616459028.0 151735630.0 206195475.0 56469376.0 179975519.0 602399062.0 347275801.0 453991096.0 619820187.0 
178756321.0 228900709.0 305444616.0 199559558.0 340775411.0 302103603.0 163795816.0 0 455429351.0 307686706.0 313948897.0 292426785.0 228671161.0 396795375.0 218926508.0 285552162.0 146003295.0 274571918.0 200183609.0 259777189.0 370587527.0 184717895.0 360765352.0 255482315.0 353314157.0 276282994.0 275499277.0 278471899.0 200915952.0 214795450.0 93856533.0 316631236.0 346958204.0 184489717.0 547021538.0 458936728.0 425333450.0 310134670.0 293521517.0 401731899.0 278647308.0 489394889.0 561708041.0 144323993.0 119004203.0 140829187.0 277510834.0 518071361.0 390333357.0 412060219.0 585246564.0 
540373279.0 454683837.0 517385674.0 521302280.0 476126317.0 316602222.0 498017863.0 455429351.0 0 543728110.0 252688490.0 489977581.0 503605449.0 227223270.0 458372693.0 506359581.0 508751489.0 476893159.0 435750408.0 456153685.0 272881137.0 454993777.0 485504551.0 472024456.0 445423596.0 381221890.0 360434740.0 499279318.0 477976894.0 453565410.0 512687335.0 298288527.0 279152771.0 536838089.0 377449433.0 580440400.0 255761345.0 355805984.0 608654619.0 274164414.0 513609845.0 320697234.0 423676622.0 450806880.0 470829439.0 546463595.0 402978050.0 380039942.0 391360554.0 724535154.0 313161727.0 
360510687.0 413949880.0 290095355.0 265471863.0 272546264.0 334950211.0 284759454.0 307686706.0 543728110.0 0 378434719.0 444505842.0 119460672.0 448454315.0 225939866.0 40827020.0 205866461.0 389700184.0 357845593.0 226548097.0 373140735.0 287352497.0 503455723.0 292322801.0 417692440.0 330593362.0 433161261.0 47907283.0 323077504.0 164394346.0 251805981.0 339669842.0 345425412.0 318303755.0 528776314.0 433669831.0 419916240.0 187922126.0 321497169.0 478432900.0 60033497.0 322328204.0 617235558.0 219613284.0 304053374.0 299419482.0 321163908.0 573742680.0 403213312.0 487152189.0 506229551.0 
323545750.0 317994586.0 290793636.0 338783923.0 435631328.0 420753617.0 348681721.0 313948897.0 252688490.0 378434719.0 0 394049638.0 356776164.0 230014508.0 396774956.0 401067500.0 271174855.0 417410130.0 415734334.0 373043797.0 60724630.0 330451154.0 245080377.0 447038702.0 376850491.0 282329309.0 340418666.0 408147763.0 370504706.0 319964819.0 328192147.0 315485523.0 33009307.0 353193424.0 365183519.0 381467568.0 243495431.0 367561453.0 515209549.0 219725853.0 402916612.0 189415657.0 451429630.0 216969280.0 225206610.0 374804690.0 366201029.0 410149885.0 424161302.0 652027435.0 547502444.0 
360650786.0 421671325.0 340792646.0 244632580.0 232127252.0 253112156.0 386755755.0 292426785.0 489977581.0 444505842.0 394049638.0 0 384816833.0 433080775.0 341383412.0 454244280.0 305128572.0 396524038.0 370744149.0 360523353.0 346425876.0 325838349.0 465161830.0 358050816.0 482802410.0 370098053.0 446059817.0 460714565.0 182033210.0 356348342.0 328310239.0 338506402.0 374141199.0 390082854.0 565721664.0 414123883.0 444033576.0 498126236.0 401666860.0 402860166.0 453238403.0 521764062.0 629121464.0 251334014.0 324760583.0 381386265.0 294131088.0 585484784.0 188176411.0 456915980.0 440282711.0 
266280557.0 296362809.0 326288151.0 236577738.0 293370911.0 256716420.0 169861698.0 228671161.0 503605449.0 119460672.0 356776164.0 384816833.0 0 455080841.0 264405906.0 97802637.0 86405789.0 297830733.0 378134249.0 242114236.0 389192734.0 167891825.0 394572510.0 231495995.0 437324792.0 332525537.0 396425757.0 98498674.0 225721141.0 200364547.0 138906339.0 243308189.0 389785471.0 246370367.0 555608979.0 484745814.0 483618916.0 238249341.0 327508553.0 397509155.0 78596160.0 387099154.0 613088194.0 154685510.0 217364468.0 204963230.0 243756265.0 569451514.0 315110587.0 420832092.0 501796009.0 
499822448.0 524183104.0 431883095.0 420247327.0 459524709.0 521642917.0 439383887.0 396795375.0 227223270.0 448454315.0 230014508.0 433080775.0 455080841.0 0 547180029.0 418848837.0 381414608.0 554192935.0 516510617.0 478344663.0 233282760.0 321438469.0 287163006.0 499299242.0 405925311.0 463513647.0 562482633.0 411768574.0 366109398.0 369199819.0 437049759.0 420955774.0 220518795.0 405453964.0 150226163.0 592689022.0 28538075.0 297172008.0 632631595.0 215530438.0 417597946.0 141467747.0 236472274.0 431698581.0 427413675.0 495853263.0 498388840.0 195192529.0 486888927.0 769591337.0 477983517.0 
211643069.0 304125206.0 297363389.0 304582649.0 246524966.0 256740772.0 165665991.0 218926508.0 458372693.0 225939866.0 396774956.0 341383412.0 264405906.0 547180029.0 0 231179612.0 219789484.0 325209281.0 299738398.0 75199521.0 419283863.0 293787478.0 377871638.0 226587477.0 460386327.0 372823371.0 362186397.0 238259875.0 315336860.0 277479102.0 168755843.0 227113957.0 424910470.0 298490185.0 682289594.0 500329784.0 563689321.0 328148431.0 267800298.0 385533180.0 241714121.0 457305596.0 757205003.0 189867716.0 266466617.0 181155444.0 211482326.0 714133474.0 346587930.0 293165853.0 622058524.0 
361509154.0 373122860.0 317354761.0 294209418.0 235667576.0 317570412.0 267664335.0 285552162.0 506359581.0 40827020.0 401067500.0 454244280.0 97802637.0 418848837.0 231179612.0 0 184208426.0 348873164.0 398672613.0 185721077.0 413655717.0 255673638.0 492375147.0 325668672.0 432723490.0 305061987.0 437528700.0 7080263.0 320502703.0 123567326.0 210978961.0 298842822.0 385940394.0 336180990.0 514975317.0 474496851.0 397729380.0 150553597.0 344596385.0 437605880.0 19206477.0 330855236.0 593140235.0 211267455.0 263226354.0 276825095.0 292790518.0 559941683.0 412913224.0 475881460.0 465402531.0 
197011058.0 235041290.0 250178035.0 241788841.0 288215614.0 194860503.0 83455909.0 146003295.0 508751489.0 205866461.0 271174855.0 305128572.0 86405789.0 381414608.0 219789484.0 184208426.0 0 329119923.0 301759203.0 160571086.0 322743552.0 81486036.0 326814402.0 184621946.0 359096134.0 252186579.0 314659592.0 184904463.0 146485490.0 266583374.0 57017292.0 273439101.0 304184162.0 159964578.0 531640771.0 478463097.0 409952683.0 314651932.0 284651690.0 437001814.0 165001949.0 423338929.0 598062716.0 68279721.0 165279259.0 132664159.0 172244821.0 576607137.0 290772023.0 452780115.0 588201798.0 
370628431.0 336536903.0 375990231.0 260840702.0 342838424.0 410858890.0 311406229.0 274571918.0 476893159.0 389700184.0 417410130.0 396524038.0 297830733.0 554192935.0 325209281.0 348873164.0 329119923.0 0 361695272.0 400408802.0 393540323.0 352751984.0 398080266.0 336611552.0 325761397.0 315726799.0 361041740.0 355953427.0 336033653.0 367514035.0 314250767.0 368771043.0 421255646.0 430425022.0 597738118.0 236662016.0 531722878.0 430361894.0 434493983.0 416422837.0 352073161.0 495816669.0 686197362.0 260840202.0 305521349.0 254936853.0 465702172.0 642704484.0 431134375.0 609445667.0 434904327.0 
343837777.0 270900806.0 444420780.0 141556511.0 392197872.0 471896675.0 347671366.0 200183609.0 435750408.0 357845593.0 415734334.0 370744149.0 378134249.0 516510617.0 299738398.0 398672613.0 301759203.0 361695272.0 0 367449578.0 469262608.0 350570734.0 347463727.0 272881974.0 358154028.0 192763955.0 75315668.0 404507425.0 345131295.0 300271476.0 294040142.0 387163348.0 448743641.0 374461392.0 615003779.0 258753119.0 529563779.0 510318279.0 409859814.0 324614192.0 417879090.0 470072853.0 703463023.0 255321466.0 246746757.0 293659106.0 460250426.0 659970145.0 455027031.0 572229493.0 475961654.0 
209089833.0 325461757.0 241374932.0 246540741.0 283975546.0 219387319.0 95981373.0 259777189.0 456153685.0 226548097.0 373043797.0 360523353.0 242114236.0 478344663.0 75199521.0 185721077.0 160571086.0 400408802.0 367449578.0 0 381139575.0 219377797.0 453071159.0 197968040.0 387949793.0 327723953.0 368337071.0 186417114.0 290515747.0 230424104.0 209473543.0 178159303.0 353424252.0 296033352.0 612723669.0 425130263.0 491035581.0 293335395.0 222037783.0 377123441.0 166514600.0 454945823.0 698969780.0 228850807.0 293576390.0 152450749.0 231654474.0 657690035.0 321723221.0 368365374.0 626300022.0 
372307998.0 362190654.0 283953261.0 398300830.0 396211711.0 367107346.0 343387737.0 370587527.0 272881137.0 373140735.0 60724630.0 346425876.0 389192734.0 233282760.0 419283863.0 413655717.0 322743552.0 393540323.0 469262608.0 381139575.0 0 292269514.0 235041494.0 433503599.0 323122433.0 279618109.0 401143296.0 420735980.0 413570523.0 312453140.0 337432426.0 367512813.0 27715323.0 345683775.0 327784544.0 436868579.0 206096456.0 361865474.0 467546198.0 233051584.0 416277648.0 175338186.0 410504896.0 277693910.0 285546896.0 384633332.0 357543037.0 366868216.0 455247958.0 642497882.0 533567510.0 
186737474.0 213007114.0 314031654.0 285744114.0 277408473.0 276346539.0 164941945.0 184717895.0 454993777.0 287352497.0 330451154.0 325838349.0 167891825.0 321438469.0 293787478.0 255673638.0 81486036.0 352751984.0 350570734.0 219377797.0 292269514.0 0 372559735.0 177860773.0 277610098.0 324703934.0 396145628.0 259912092.0 227971526.0 332407426.0 138503328.0 248419126.0 313058325.0 84015495.0 471664632.0 450162559.0 349976544.0 310888358.0 342020621.0 366612527.0 240009578.0 341852893.0 557910743.0 139321513.0 205830380.0 213240167.0 253730857.0 516630998.0 347173460.0 497073257.0 536753480.0 
422252822.0 365922801.0 402127537.0 295140826.0 431446131.0 491662990.0 406068955.0 360765352.0 485504551.0 503455723.0 245080377.0 465161830.0 394572510.0 287163006.0 377871638.0 492375147.0 326814402.0 398080266.0 347463727.0 453071159.0 235041494.0 372559735.0 0 346266432.0 400945881.0 481821834.0 375628779.0 490188313.0 352764850.0 446905265.0 368416928.0 368827477.0 259422032.0 319530843.0 407510582.0 305526016.0 294057191.0 482775018.0 405279863.0 242020561.0 473168670.0 181127519.0 479669114.0 358097632.0 346991189.0 394631322.0 406552297.0 452476948.0 565090578.0 573212329.0 460187333.0 
209759179.0 221623778.0 245556816.0 133801597.0 348121987.0 287743974.0 101986667.0 255482315.0 472024456.0 292322801.0 447038702.0 358050816.0 231495995.0 499299242.0 226587477.0 325668672.0 184621946.0 336611552.0 272881974.0 197968040.0 433503599.0 177860773.0 346266432.0 0 250879453.0 344401323.0 348197642.0 329994669.0 197490873.0 283747760.0 238915464.0 317172909.0 417659081.0 107037200.0 621291138.0 430868917.0 527837317.0 436497618.0 390093319.0 327662863.0 310092155.0 455155550.0 697562082.0 243297149.0 255942178.0 158456043.0 281962186.0 657095841.0 386750578.0 516143675.0 599912328.0 
416486430.0 224405665.0 394313358.0 358998736.0 426378079.0 416630399.0 349574220.0 353314157.0 445423596.0 417692440.0 376850491.0 482802410.0 437324792.0 405925311.0 460386327.0 432723490.0 359096134.0 325761397.0 358154028.0 387949793.0 323122433.0 277610098.0 400945881.0 250879453.0 0 166421106.0 341664731.0 439803753.0 437101647.0 403996435.0 373812570.0 296946166.0 344960308.0 339258524.0 554354502.0 417045454.0 432666414.0 438447771.0 574555121.0 194892126.0 430691241.0 371706883.0 640600613.0 346887317.0 334302171.0 390072295.0 411587430.0 599320868.0 456084320.0 746231279.0 528532392.0 
293456321.0 235751505.0 316920324.0 300133086.0 342641820.0 291624837.0 266379530.0 276282994.0 381221890.0 330593362.0 282329309.0 370098053.0 332525537.0 463513647.0 372823371.0 305061987.0 252186579.0 315726799.0 192763955.0 327723953.0 279618109.0 324703934.0 481821834.0 344401323.0 166421106.0 0 175243625.0 305758024.0 381064985.0 390100397.0 307821730.0 263143315.0 285279583.0 317355584.0 607402653.0 446341864.0 485714565.0 449231358.0 534906926.0 333546894.0 285855510.0 431165260.0 690123005.0 193017695.0 213040254.0 289540068.0 277108362.0 646486325.0 349709475.0 596943908.0 463067739.0 
383977630.0 290718553.0 369105112.0 216872179.0 449214764.0 436473581.0 272355698.0 275499277.0 360434740.0 433161261.0 340418666.0 446059817.0 396425757.0 562482633.0 362186397.0 437528700.0 314659592.0 361041740.0 75315668.0 368337071.0 401143296.0 396145628.0 375628779.0 348197642.0 341664731.0 175243625.0 0 444608963.0 359311458.0 359436327.0 321934075.0 434385141.0 373427973.0 419710172.0 685946684.0 295624929.0 564687571.0 579782811.0 395201638.0 399929860.0 447370502.0 468107330.0 772621770.0 261536416.0 308036707.0 299793220.0 421190615.0 730913050.0 524953100.0 520908034.0 426383618.0 
364779231.0 380203123.0 318846216.0 295891342.0 228587313.0 318266449.0 268360372.0 278471899.0 499279318.0 47907283.0 408147763.0 460714565.0 98498674.0 411768574.0 238259875.0 7080263.0 184904463.0 355953427.0 404507425.0 186417114.0 420735980.0 259912092.0 490188313.0 329994669.0 439803753.0 305758024.0 444608963.0 0 322261314.0 116487063.0 211674998.0 291762559.0 393020657.0 329758296.0 507895054.0 481577114.0 404809643.0 143473334.0 351676648.0 434555335.0 19902514.0 323774973.0 586059972.0 215653331.0 270306617.0 270812048.0 299870781.0 552861420.0 412706019.0 473326160.0 458322268.0 
200504557.0 345480990.0 262174994.0 301809740.0 150631114.0 323362413.0 218218894.0 200915952.0 477976894.0 323077504.0 370504706.0 182033210.0 225721141.0 366109398.0 315336860.0 320502703.0 146485490.0 336033653.0 345131295.0 290515747.0 413570523.0 227971526.0 352764850.0 197490873.0 437101647.0 381064985.0 359311458.0 322261314.0 0 243697672.0 146581017.0 344801980.0 401239328.0 298225607.0 459298779.0 513777114.0 381745829.0 347620089.0 363846392.0 463765378.0 304317301.0 391236171.0 533282852.0 193262620.0 267249605.0 268598233.0 244027690.0 491617909.0 243757762.0 498258267.0 533702614.0 
326010193.0 345414403.0 307772198.0 215703091.0 252472286.0 259762076.0 309173215.0 214795450.0 453565410.0 164394346.0 319964819.0 356348342.0 200364547.0 369199819.0 277479102.0 123567326.0 266583374.0 367514035.0 300271476.0 230424104.0 312453140.0 332407426.0 446905265.0 283747760.0 403996435.0 390100397.0 359436327.0 116487063.0 243697672.0 0 251533462.0 241364598.0 321257107.0 381509536.0 519425982.0 479689576.0 397737894.0 220346484.0 452461887.0 327898395.0 121768387.0 354776860.0 562936256.0 209352292.0 281927010.0 344743624.0 257793534.0 557355034.0 360697087.0 460811101.0 530960036.0 
187412387.0 275712081.0 235251514.0 234951950.0 291482157.0 251877795.0 136928797.0 93856533.0 512687335.0 251805981.0 328192147.0 328310239.0 138906339.0 437049759.0 168755843.0 210978961.0 57017292.0 314250767.0 294040142.0 209473543.0 337432426.0 138503328.0 368416928.0 238915464.0 373812570.0 307821730.0 321934075.0 211674998.0 146581017.0 251533462.0 0 320668097.0 361201454.0 151896877.0 586056753.0 438657492.0 465587834.0 263716992.0 227634398.0 393980834.0 191772484.0 479328792.0 637008179.0 119617843.0 191111508.0 158015566.0 229262113.0 593371499.0 347789315.0 402586082.0 544902556.0 
334737484.0 418213142.0 223597634.0 396776429.0 392841991.0 127626329.0 256838198.0 316631236.0 298288527.0 339669842.0 315485523.0 338506402.0 243308189.0 420955774.0 227113957.0 298842822.0 273439101.0 368771043.0 387163348.0 178159303.0 367512813.0 248419126.0 368827477.0 317172909.0 296946166.0 263143315.0 434385141.0 291762559.0 344801980.0 241364598.0 320668097.0 0 346932249.0 300372452.0 570828796.0 601847631.0 449493849.0 415227319.0 398755151.0 211776437.0 311665073.0 410163462.0 625701229.0 253846488.0 339021246.0 258193740.0 115092679.0 615795162.0 229962231.0 503518919.0 580703737.0 
356170713.0 334475331.0 277728166.0 370585507.0 423927034.0 394338892.0 315672414.0 346958204.0 279152771.0 345425412.0 33009307.0 374141199.0 389785471.0 220518795.0 424910470.0 385940394.0 304184162.0 421255646.0 448743641.0 353424252.0 27715323.0 313058325.0 259422032.0 417659081.0 344960308.0 285279583.0 373427973.0 393020657.0 401239328.0 321257107.0 361201454.0 346932249.0 0 323310906.0 346052264.0 409153256.0 233811779.0 337686129.0 495261521.0 205336261.0 393509673.0 156406350.0 422001106.0 249978587.0 257831573.0 359729455.0 381017985.0 391018630.0 457170609.0 668601823.0 559559027.0 
102721979.0 128991619.0 338573133.0 232904881.0 332168712.0 353768188.0 200051979.0 184489717.0 536838089.0 318303755.0 353193424.0 390082854.0 246370367.0 405453964.0 298490185.0 336180990.0 159964578.0 430425022.0 374461392.0 296033352.0 345683775.0 84015495.0 319530843.0 107037200.0 339258524.0 317355584.0 419710172.0 329758296.0 298225607.0 381509536.0 151896877.0 300372452.0 323310906.0 0 555680127.0 383162858.0 433992039.0 394903853.0 362641177.0 289401107.0 324025073.0 361310272.0 641926238.0 215630145.0 172317370.0 249897189.0 281521123.0 599200535.0 426977009.0 413057762.0 604401226.0 
596924725.0 665193226.0 576816977.0 535623591.0 589569234.0 638347965.0 578769985.0 547021538.0 377449433.0 528776314.0 365183519.0 565721664.0 555608979.0 150226163.0 682289594.0 514975317.0 531640771.0 597738118.0 615003779.0 612723669.0 327784544.0 471664632.0 407510582.0 621291138.0 554354502.0 607402653.0 685946684.0 507895054.0 459298779.0 519425982.0 586056753.0 570828796.0 346052264.0 555680127.0 0 682713670.0 121688088.0 447398171.0 624426137.0 359462376.0 527797568.0 234617760.0 88459244.0 498359355.0 577639838.0 596610755.0 591971067.0 44966366.0 591189691.0 753177046.0 628209680.0 
313272557.0 346592670.0 570261228.0 338963100.0 480455796.0 630765161.0 491984931.0 458936728.0 580440400.0 433669831.0 381467568.0 414123883.0 484745814.0 592689022.0 500329784.0 474496851.0 478463097.0 236662016.0 258753119.0 425130263.0 436868579.0 450162559.0 305526016.0 430868917.0 417045454.0 446341864.0 295624929.0 481577114.0 513777114.0 479689576.0 438657492.0 601847631.0 409153256.0 383162858.0 682713670.0 0 591424947.0 522946895.0 472085003.0 533042111.0 485143671.0 486653535.0 760477678.0 497502218.0 411611697.0 474502157.0 638711096.0 716840998.0 528429259.0 645117880.0 488136616.0 
502957981.0 552721179.0 460421170.0 413935503.0 467881146.0 550180992.0 457081897.0 425333450.0 255761345.0 419916240.0 243495431.0 444033576.0 483618916.0 28538075.0 563689321.0 397729380.0 409952683.0 531722878.0 529563779.0 491035581.0 206096456.0 349976544.0 294057191.0 527837317.0 432666414.0 485714565.0 564687571.0 404809643.0 381745829.0 397737894.0 465587834.0 449493849.0 233811779.0 433992039.0 121688088.0 591424947.0 0 325710083.0 622151881.0 237774288.0 416935857.0 112929672.0 207934199.0 432356697.0 455951750.0 513551273.0 490360643.0 166654454.0 469501603.0 795107268.0 506521592.0 
340345719.0 523676457.0 450480040.0 431394671.0 372060647.0 391496933.0 366818204.0 310134670.0 355805984.0 187922126.0 367561453.0 498126236.0 238249341.0 297172008.0 328148431.0 150553597.0 314651932.0 430361894.0 510318279.0 293335395.0 361865474.0 310888358.0 482775018.0 436497618.0 438447771.0 449231358.0 579782811.0 143473334.0 347620089.0 220346484.0 263716992.0 415227319.0 337686129.0 394903853.0 447398171.0 522946895.0 325710083.0 0 365754972.0 293258147.0 163375848.0 390645972.0 477948657.0 337858717.0 413779951.0 399680375.0 415262285.0 488175320.0 467754979.0 472419329.0 601795602.0 
280905322.0 487211658.0 254806485.0 433705323.0 244274794.0 360395347.0 318019156.0 293521517.0 608654619.0 321497169.0 515209549.0 401666860.0 327508553.0 632631595.0 267800298.0 344596385.0 284651690.0 434493983.0 409859814.0 222037783.0 467546198.0 342020621.0 405279863.0 390093319.0 574555121.0 534906926.0 395201638.0 351676648.0 363846392.0 452461887.0 227634398.0 398755151.0 495261521.0 362641177.0 624426137.0 472085003.0 622151881.0 365754972.0 0 514087136.0 344323212.0 586407382.0 661236180.0 347252241.0 379244462.0 281602728.0 313002048.0 669392503.0 462731249.0 174951684.0 680421218.0 
355890572.0 376383478.0 305660000.0 340960562.0 467191710.0 339402766.0 359990752.0 401731899.0 274164414.0 478432900.0 219725853.0 402860166.0 397509155.0 215530438.0 385533180.0 437605880.0 437001814.0 416422837.0 324614192.0 377123441.0 233051584.0 366612527.0 242020561.0 327662863.0 194892126.0 333546894.0 399929860.0 434555335.0 463765378.0 327898395.0 393980834.0 211776437.0 205336261.0 289401107.0 359462376.0 533042111.0 237774288.0 293258147.0 514087136.0 0 429666395.0 224251202.0 445708487.0 421842705.0 328946111.0 393522324.0 315629145.0 404428742.0 408808211.0 589055119.0 497968103.0 
344876717.0 374958969.0 336561238.0 313415895.0 248489827.0 298363935.0 248457858.0 278647308.0 513609845.0 60033497.0 402916612.0 453238403.0 78596160.0 417597946.0 241714121.0 19206477.0 165001949.0 352073161.0 417879090.0 166514600.0 416277648.0 240009578.0 473168670.0 310092155.0 430691241.0 285855510.0 447370502.0 19902514.0 304317301.0 121768387.0 191772484.0 311665073.0 393509673.0 324025073.0 527797568.0 485143671.0 416935857.0 163375848.0 344323212.0 429666395.0 0 343677487.0 605962486.0 230473932.0 282292056.0 279814799.0 281299534.0 572763934.0 393706747.0 493228674.0 459785422.0 
422543105.0 490301891.0 392431782.0 446033765.0 424701517.0 530369481.0 432698858.0 489394889.0 320697234.0 322328204.0 189415657.0 521764062.0 387099154.0 141467747.0 457305596.0 330855236.0 423338929.0 495816669.0 470072853.0 454945823.0 175338186.0 341852893.0 181127519.0 455155550.0 371706883.0 431165260.0 468107330.0 323774973.0 391236171.0 354776860.0 479328792.0 410163462.0 156406350.0 361310272.0 234617760.0 486653535.0 112929672.0 390645972.0 586407382.0 224251202.0 343677487.0 0 320863871.0 406384937.0 414237923.0 440207039.0 485193725.0 279584126.0 570964807.0 742461870.0 463421788.0 
649097223.0 736095365.0 597623250.0 601396854.0 587552575.0 564723501.0 616459028.0 561708041.0 423676622.0 617235558.0 451429630.0 629121464.0 613088194.0 236472274.0 757205003.0 593140235.0 598062716.0 686197362.0 703463023.0 698969780.0 410504896.0 557910743.0 479669114.0 697562082.0 640600613.0 690123005.0 772621770.0 586059972.0 533282852.0 562936256.0 637008179.0 625701229.0 422001106.0 641926238.0 88459244.0 760477678.0 207934199.0 477948657.0 661236180.0 445708487.0 605962486.0 320863871.0 0 586818599.0 626198859.0 672928404.0 554868469.0 43636680.0 667059403.0 664717802.0 628713749.0 
240436864.0 244590967.0 315337797.0 249472309.0 343893734.0 246896590.0 151735630.0 144323993.0 450806880.0 219613284.0 216969280.0 251334014.0 154685510.0 431698581.0 189867716.0 211267455.0 68279721.0 260840202.0 255321466.0 228850807.0 277693910.0 139321513.0 358097632.0 243297149.0 346887317.0 193017695.0 261536416.0 215653331.0 193262620.0 209352292.0 119617843.0 253846488.0 249978587.0 215630145.0 498359355.0 497502218.0 432356697.0 337858717.0 347252241.0 421842705.0 230473932.0 406384937.0 586818599.0 0 147680225.0 164181574.0 227728600.0 543325721.0 327740659.0 480086024.0 524689647.0 
98339140.0 109896506.0 327684626.0 182426268.0 314027468.0 316511606.0 206195475.0 119004203.0 470829439.0 304053374.0 225206610.0 324760583.0 217364468.0 427413675.0 266466617.0 263226354.0 165279259.0 305521349.0 246746757.0 293576390.0 285546896.0 205830380.0 346991189.0 255942178.0 334302171.0 213040254.0 308036707.0 270306617.0 267249605.0 281927010.0 191111508.0 339021246.0 257831573.0 172317370.0 577639838.0 411611697.0 455951750.0 413779951.0 379244462.0 328946111.0 282292056.0 414237923.0 626198859.0 147680225.0 0 254419332.0 301697631.0 606959424.0 389906406.0 430184463.0 584935545.0 
161229600.0 238105072.0 222188216.0 152102595.0 413941384.0 305242260.0 56469376.0 140829187.0 546463595.0 299419482.0 374804690.0 381386265.0 204963230.0 495853263.0 181155444.0 276825095.0 132664159.0 254936853.0 293659106.0 152450749.0 384633332.0 213240167.0 394631322.0 158456043.0 390072295.0 289540068.0 299793220.0 270812048.0 268598233.0 344743624.0 158015566.0 258193740.0 359729455.0 249897189.0 596610755.0 474502157.0 513551273.0 399680375.0 281602728.0 393522324.0 279814799.0 440207039.0 672928404.0 164181574.0 254419332.0 0 236444895.0 641577121.0 385280899.0 418643062.0 632289234.0 
325915759.0 342240406.0 200863832.0 383933800.0 384351963.0 86389275.0 179975519.0 277510834.0 402978050.0 321163908.0 366201029.0 294131088.0 243756265.0 498388840.0 211482326.0 292790518.0 172244821.0 465702172.0 460250426.0 231654474.0 357543037.0 253730857.0 406552297.0 281962186.0 411587430.0 277108362.0 421190615.0 299870781.0 244027690.0 257793534.0 229262113.0 115092679.0 381017985.0 281521123.0 591971067.0 638711096.0 490360643.0 415262285.0 313002048.0 315629145.0 281299534.0 485193725.0 554868469.0 227728600.0 301697631.0 236444895.0 0 598505149.0 167300282.0 487953732.0 608502064.0 
634246484.0 701003752.0 553986570.0 557760174.0 607763968.0 608360181.0 602399062.0 518071361.0 380039942.0 573742680.0 410149885.0 585484784.0 569451514.0 195192529.0 714133474.0 559941683.0 576607137.0 642704484.0 659970145.0 657690035.0 366868216.0 516630998.0 452476948.0 657095841.0 599320868.0 646486325.0 730913050.0 552861420.0 491617909.0 557355034.0 593371499.0 615795162.0 391018630.0 599200535.0 44966366.0 716840998.0 166654454.0 488175320.0 669392503.0 404428742.0 572763934.0 279584126.0 43636680.0 543325721.0 606959424.0 641577121.0 598505149.0 0 636156057.0 708354482.0 585077069.0 
333379757.0 454344325.0 209016320.0 432808991.0 271502958.0 102335902.0 347275801.0 390333357.0 391360554.0 403213312.0 424161302.0 188176411.0 315110587.0 486888927.0 346587930.0 412913224.0 290772023.0 431134375.0 455027031.0 321723221.0 455247958.0 347173460.0 565090578.0 386750578.0 456084320.0 349709475.0 524953100.0 412706019.0 243757762.0 360697087.0 347789315.0 229962231.0 457170609.0 426977009.0 591189691.0 528429259.0 469501603.0 467754979.0 462731249.0 408808211.0 393706747.0 570964807.0 667059403.0 327740659.0 389906406.0 385280899.0 167300282.0 636156057.0 0 396024601.0 608529382.0 
331845323.0 530043696.0 400371170.0 558988385.0 419226478.0 451204022.0 453991096.0 412060219.0 724535154.0 487152189.0 652027435.0 456915980.0 420832092.0 769591337.0 293165853.0 475881460.0 452780115.0 609445667.0 572229493.0 368365374.0 642497882.0 497073257.0 573212329.0 516143675.0 746231279.0 596943908.0 520908034.0 473326160.0 498258267.0 460811101.0 402586082.0 503518919.0 668601823.0 413057762.0 753177046.0 645117880.0 795107268.0 472419329.0 174951684.0 589055119.0 493228674.0 742461870.0 664717802.0 480086024.0 430184463.0 418643062.0 487953732.0 708354482.0 396024601.0 0 800545797.0 
653387111.0 572831236.0 765640585.0 480186639.0 632594565.0 572219174.0 619820187.0 585246564.0 313161727.0 506229551.0 547502444.0 440282711.0 501796009.0 477983517.0 622058524.0 465402531.0 588201798.0 434904327.0 475961654.0 626300022.0 533567510.0 536753480.0 460187333.0 599912328.0 528532392.0 463067739.0 426383618.0 458322268.0 533702614.0 530960036.0 544902556.0 580703737.0 559559027.0 604401226.0 628209680.0 488136616.0 506521592.0 601795602.0 680421218.0 497968103.0 459785422.0 463421788.0 628713749.0 524689647.0 584935545.0 632289234.0 608502064.0 585077069.0 608529382.0 800545797.0 0 
