9
2 3 4 5 6 7 8 9 1
0 25.0 26.0 27.0 28.0 29.0 30.0 13.0 102.0 
25.0 0 27.0 28.0 29.0 30.0 31.0 14.0 103.0 
26.0 27.0 0 29.0 30.0 31.0 32.0 15.0 104.0 
27.0 28.0 29.0 0 31.0 32.0 33.0 16.0 105.0 
28.0 29.0 30.0 31.0 0 33.0 34.0 17.0 106.0 
29.0 30.0 31.0 32.0 33.0 0 35.0 18.0 107.0 
30.0 31.0 32.0 33.0 34.0 35.0 0 19.0 108.0 
13.0 14.0 15.0 16.0 17.0 18.0 19.0 0 109.0 
102.0 103.0 104.0 105.0 106.0 107.0 108.0 109.0 0 
