26
D0 E3 B9 E7 D3 A5 C2 E9 D4 B8 A8 D5 E2 C7 A1 C0 D8 C3 A4 E1 A3 A6 A2 C1 C5 C8
0 45.33 44.69 42.19 51.44 58.09 24.7 77.44 68.42 52.8 45.22 29.35 46.71 23.63 28.46 21.48 55.56 24.55 48.230000000000004 44.21 22.12 26.42 48.129999999999995 45.69 48.620000000000005 47.47 
45.33 0 41.709999999999994 62.11000000000001 49.86 47.83 24.15 75.86 47.9 24.86 47.980000000000004 51.37 42.68000000000001 48.51 43.32 41.400000000000006 29.75 48.74 41.65 42.54 46.26 47.260000000000005 65.35 50.989999999999995 41.29 55.64 
44.69 41.709999999999994 0 43.47 62.260000000000005 26.65 26.49 88.26 29.17 42.31999999999999 45.36 22.43 47.84 21.06 29.01 51.29 22.2 24.69 26.91 42.09 41.4 47.15 48.269999999999996 45.83 41.129999999999995 45.94 
42.19 62.11 43.47 0 63.61 46.59 55.03 89.61 43.07 40.64 64.82 25.5 45.94 22.41 46.8 20.71 51.71 46.739999999999995 21.8 43.44 42.75 49.57 66.25 62.13 52.0 42.379999999999995 
51.44 49.86 62.260000000000005 63.61000000000001 0 49.58 72.64 26.0 64.2 26.61 49.28 51.58 23.16 69.06 52.97 42.900000000000006 48.8 42.480000000000004 45.760000000000005 20.17 50.2 52.989999999999995 42.980000000000004 51.08 45.120000000000005 28.07 
58.09 47.83 26.65 46.59 49.58 0 51.55 75.58 20.2 22.97 56.47 48.879999999999995 51.870000000000005 47.709999999999994 51.53 67.30000000000001 48.849999999999994 42.59 24.79 50.379999999999995 66.5 49.349999999999994 29.87 21.45 44.989999999999995 64.44 
24.7 24.15 26.49 55.03 72.64 51.55 0 98.64 51.980000000000004 49.01 25.52 29.53 50.04 47.55 47.68 43.78 48.69 46.19 53.4 52.47 46.82 51.120000000000005 65.05000000000001 45.86 27.52 47.96 
77.44 75.86 88.25999999999999 89.61000000000001 26.0 75.58 98.64 0 90.2 52.61 75.28 77.58 49.16 95.06 78.97 68.9 74.8 68.48 71.76 46.17 76.19999999999999 78.99 68.98 77.08 71.12 54.07 
68.42 47.9 29.17 43.07 64.2 20.2 51.980000000000004 90.2 0 43.17 56.900000000000006 42.14 48.59 50.230000000000004 58.18000000000001 63.78 51.019999999999996 53.86 21.27 44.03 46.3 47.82 50.07 41.65 64.03 44.239999999999995 
52.8 24.86 42.31999999999999 40.64 26.61 22.97 49.01 52.61 43.17 0 58.11 50.75 49.769999999999996 44.11 50.31 45.78 54.61 47.16 47.04 46.78 56.3 26.38 51.45 27.65 51.19 48.79 
45.22 47.980000000000004 45.36 64.82 49.28 56.47 25.52 75.28 56.900000000000006 58.11 0 45.95 26.12 49.64 43.75 51.35 51.760000000000005 20.67 53.44 42.980000000000004 29.3 52.790000000000006 44.25 41.81 24.53 22.44 
29.35 51.37 22.43 25.5 51.58 48.879999999999995 29.53 77.58 42.14 50.75 45.95 0 51.41 43.489999999999995 43.22 43.989999999999995 26.21 29.92 24.09 42.269999999999996 51.47 24.72 49.79 51.06 57.05 23.51 
46.71 42.68000000000001 47.84 45.94 23.16 51.870000000000005 50.04 49.16 48.59 49.769999999999996 26.12 51.41 0 47.379999999999995 42.68 25.23 25.64 24.19 27.32 22.75 27.04 49.6 45.56 45.33 22.52 48.56 
23.63 48.51 21.06 22.41 69.06 47.709999999999994 47.55 95.06 50.230000000000004 44.11 49.64 43.489999999999995 47.379999999999995 0 49.75 43.120000000000005 43.26 45.75 44.21 48.89 20.34 28.56 53.629999999999995 53.129999999999995 29.59 64.78999999999999 
28.46 43.32 29.01 46.8 52.97 51.53 47.68 78.97 58.18000000000001 50.31 43.75 43.22 42.68 49.75 0 43.55 49.13 23.08 44.79 45.11 50.58 28.89 46.66 43.7 20.16 24.9 
21.48 41.400000000000006 51.29 20.71 42.900000000000006 67.30000000000001 43.78 68.9 63.78 45.78 51.35 43.989999999999995 25.23 43.120000000000005 43.55 0 50.870000000000005 45.04 42.510000000000005 22.73 43.6 47.900000000000006 45.54 46.81 47.68 49.099999999999994 
55.56 29.75 22.2 51.71 48.8 48.849999999999994 48.69 74.8 51.019999999999996 54.61 51.760000000000005 26.21 25.64 43.26 49.13 50.870000000000005 0 46.89 47.19 48.39 52.68 50.93 48.43000000000001 47.12 44.56 49.72 
24.55 48.74 24.69 46.739999999999995 42.480000000000004 42.59 46.19 68.48 53.86 47.16 20.67 29.92 24.19 45.75 23.08 45.04 46.89 0 47.9 22.31 46.67 48.65 23.58 21.14 43.239999999999995 43.11 
48.230000000000004 41.65 26.91 21.8 45.760000000000005 24.79 53.4 71.76 21.27 47.04 53.44 24.09 27.32 44.21 44.79 42.510000000000005 47.19 47.9 0 25.59 54.36 48.81 48.4 41.5 42.76 41.019999999999996 
44.21 42.54 42.09 43.44 20.17 50.379999999999995 52.47 46.17 44.03 46.78 42.980000000000004 42.269999999999996 22.75 48.89 45.11 22.73 48.39 22.31 25.59 0 49.79 47.879999999999995 22.81 43.45 24.95 44.37 
22.12 46.26 41.4 42.75 50.2 66.5 46.82 76.2 46.3 56.3 29.3 51.47 27.04 20.34 50.58 43.6 52.68 46.67 54.36 49.79 0 48.540000000000006 53.59 50.35 49.56 51.74 
26.42 47.260000000000005 47.15 49.57 52.989999999999995 49.349999999999994 51.120000000000005 78.99 47.82 26.38 52.790000000000006 24.72 49.6 28.56 28.89 47.900000000000006 50.93 48.65 48.81 47.879999999999995 48.540000000000006 0 25.07 54.03 49.05 48.16 
48.129999999999995 65.35 48.269999999999996 66.25 42.980000000000004 29.87 65.05000000000001 68.98 50.07 51.45 44.25 49.79 45.56 53.629999999999995 46.66 45.54 48.43000000000001 23.58 48.4 22.81 53.59 25.07 0 44.72 42.46 66.69 
45.69 50.989999999999995 45.83 62.13 51.08 21.45 45.86 77.08 41.65 27.65 41.81 51.06 45.33 53.129999999999995 43.7 46.81 47.12 21.14 41.5 43.45 50.35 54.03 44.72 0 23.54 47.0 
48.620000000000005 41.29 41.129999999999995 52.0 45.120000000000005 44.989999999999995 27.52 71.12 64.03 51.19 24.53 57.05 22.52 29.59 20.16 47.68 44.56 43.239999999999995 42.76 24.95 49.56 49.05 42.46 23.54 0 45.06 
47.47 55.64 45.94 42.379999999999995 28.07 64.44 47.96 54.07 44.239999999999995 48.79 22.44 23.51 48.56 64.78999999999999 24.9 49.099999999999994 49.72 43.11 41.019999999999996 44.37 51.74 48.16 66.69 47.0 45.06 0 
