50
H2 A7 G9 H8 B7 F3 J4 C9 E2 F8 G8 I3 G0 A2 E4 B9 E1 A0 G6 J9 C1 C3 H7 H4 J5 F0 B3 B0 F7 J7 F5 D8 F9 A8 C4 E0 A9 H3 D6 C2 C6 B6 H0 D0 B5 I7 A5 J8 H5 J6
0 29.82 22.5 42.78 40.57 27.43 21.47 42.3 41.480000000000004 20.88 24.59 45.510000000000005 44.7 46.5 29.34 42.22 41.36 43.349999999999994 21.24 43.879999999999995 44.78 43.55 43.0 42.379999999999995 42.36 42.91 42.1 40.79 44.989999999999995 41.93 44.67 42.84 43.31 44.879999999999995 27.07 46.63 25.17 20.93 43.12 42.44 28.38 20.6 24.03 23.6 42.04 44.72 41.61 21.95 29.37 43.69 
29.82 0 27.42 24.7 21.2 43.43 43.0 26.45 22.99 25.59 45.66 22.25 29.91 24.83 41.230000000000004 42.18 28.86 29.17 43.349999999999994 45.510000000000005 42.120000000000005 21.04 43.53 41.9 42.79 42.6 42.95 43.68 23.56 27.43 21.2 25.32 43.56 22.72 28.21 29.04 43.17 26.46 42.33 24.84 41.69 44.370000000000005 24.2 43.36 23.37 28.5 24.09 43.45 42.06 44.54 
22.5 27.42 0 40.65 46.85 29.81 42.760000000000005 44.29 44.61 43.379999999999995 41.459999999999994 43.379999999999995 45.790000000000006 41.79 45.96 45.45 46.93000000000001 43.49 42.32 29.98 41.68000000000001 47.83 20.5 42.28 29.16 46.480000000000004 44.11 40.75 42.1 23.0 42.07 26.66 29.29 42.3 27.06 45.78 42.72 27.11 44.11 22.21 46.489999999999995 25.03 41.29 24.69 44.46 44.04 42.41 25.18 42.93000000000001 43.64 
42.78 24.7 40.65 0 25.71 42.89 29.81 43.32 43.21 21.9 25.26 25.94 25.58 44.15 22.4 24.36 28.51 43.49 27.3 44.379999999999995 43.78 44.33 20.15 28.81 43.239999999999995 44.510000000000005 42.120000000000005 28.07 41.75 43.53 24.89 43.24 24.7 21.58 43.99 29.72 42.03 42.260000000000005 42.41 25.12 23.68 41.519999999999996 42.79 21.78 28.12 41.769999999999996 42.79 44.629999999999995 26.0 44.18 
40.57 21.2 46.85 25.71 0 41.18 42.2 26.49 43.400000000000006 41.230000000000004 42.9 28.8 28.32 21.9 46.86 20.98 24.84 47.52 45.07 45.86 27.91 42.239999999999995 42.65 20.7 25.36 42.370000000000005 42.03 29.08 28.04 44.510000000000005 42.4 26.98 29.42 43.92 20.26 42.86 45.379999999999995 44.94 22.36 42.370000000000005 45.89 27.79 43.88 22.16 41.22 46.019999999999996 28.94 41.129999999999995 40.71 40.46 
27.43 43.43 29.81 42.89 41.18 0 28.2 22.33 27.49 41.19 43.36 42.489999999999995 23.82 42.370000000000005 43.82 44.67 42.019999999999996 44.45 41.06 41.07 43.28 44.269999999999996 42.92 41.019999999999996 41.28 44.1 42.61 42.11 42.36 26.0 28.92 21.95 21.2 21.31 46.08 41.15 28.7 41.9 44.45 29.34 43.66 44.72 42.269999999999996 40.519999999999996 25.12 21.93 28.62 26.15 42.599999999999994 41.36 
21.47 43.0 42.760000000000005 29.81 42.2 28.2 0 41.07 20.01 42.349999999999994 41.599999999999994 42.46 46.480000000000004 27.3 45.04 42.85 40.980000000000004 46.2 42.709999999999994 47.28 41.34 44.4 43.21 42.28 41.91 42.900000000000006 44.040000000000006 23.96 28.32 44.989999999999995 26.34 25.02 29.71 44.28 41.55 27.86 42.96 23.79 26.69 25.59 42.150000000000006 21.1 23.88 41.44 42.31 24.75 41.3 27.86 41.15 43.39 
42.3 26.45 44.29 43.32 26.49 22.33 41.07 0 21.06 21.42 42.97 20.21 44.49 41.22 44.349999999999994 47.16 41.62 42.790000000000006 44.25 44.94 24.02 21.94 29.7 40.28 23.16 22.03 43.99 45.23 46.98 40.59 44.14 40.75 41.62 41.53 43.14 44.28 21.08 25.42 42.040000000000006 27.49 26.98 22.48 43.07 23.39 22.69 43.45 21.58 27.55 20.27 22.94 
41.480000000000004 22.99 44.61 43.21 43.400000000000006 27.49 20.01 21.06 0 22.74 41.81 22.45 42.42 45.379999999999995 45.2 45.67 42.11 46.03 27.34 44.57 29.05 26.13 44.629999999999995 46.8 42.989999999999995 43.09 42.22 43.97 41.15 42.83 44.19 42.989999999999995 26.46 28.63 23.14 25.63 42.14 21.68 44.98 45.33 45.74 27.57 22.01 21.43 24.75 27.61 42.64 29.01 41.33 43.34 
20.88 25.59 43.379999999999995 21.9 41.230000000000004 41.19 42.349999999999994 21.42 22.74 0 21.55 28.41 40.45 28.98 25.76 45.68 43.75 24.08 40.47 42.05 41.89 28.22 42.05 44.61 44.24 42.25 22.57 42.43 27.08 41.09 43.13 44.739999999999995 27.47 41.78 24.47 45.21 42.5 24.13 22.24 24.55 45.58 41.480000000000004 44.75 42.29 26.93 29.39 43.0 25.41 40.74 27.11 
24.59 45.66 41.459999999999994 25.26 42.9 43.36 41.599999999999994 42.97 41.81 21.55 0 42.379999999999995 41.84 24.81 22.52 41.96 40.56 29.48 41.019999999999996 21.55 23.43 29.45 42.83 42.44 42.07 43.47 25.86 43.599999999999994 41.62 29.84 28.89 43.47 42.37 46.099999999999994 40.25 47.51 44.3 20.13 24.72 22.33 24.49 45.19 40.489999999999995 20.74 41.620000000000005 44.11 22.33 40.32 42.02 43.76 
45.510000000000005 22.25 43.379999999999995 25.94 28.8 42.489999999999995 42.46 20.21 22.45 28.41 42.379999999999995 0 49.66 40.96 26.04 28.63 46.07 44.55 41.989999999999995 45.32 44.230000000000004 42.150000000000006 43.629999999999995 24.35 20.54 42.24 41.8 42.83 29.47 20.38 43.45 20.54 22.92 24.28 42.47 41.66 41.29 41.96 43.04 28.75 45.629999999999995 42.69 42.33 42.730000000000004 28.38 28.03 41.79 27.83 40.480000000000004 27.15 
44.7 29.91 45.790000000000006 25.58 28.32 23.82 46.480000000000004 44.49 42.42 40.45 41.84 49.66 0 44.32 28.68 47.3 45.8 41.75 28.08 28.05 29.84 45.09 45.73 42.370000000000005 41.33 24.97 41.89 43.17 42.209999999999994 43.45 27.42 45.769999999999996 43.120000000000005 26.46 44.94 20.21 44.35 40.22 44.980000000000004 24.73 45.730000000000004 48.11 46.2 21.1 45.400000000000006 24.09 27.03 27.03 40.59 44.55 
46.5 24.83 41.79 44.15 21.9 42.370000000000005 27.3 41.22 45.379999999999995 28.98 24.81 40.96 44.32 0 24.97 42.879999999999995 42.6 44.22 43.44 42.900000000000006 20.31 45.19 40.510000000000005 42.599999999999994 24.48 24.62 21.42 41.76 43.92 42.29 29.78 20.42 40.4 43.31 42.16 24.11 44.29 43.41 21.71 42.76 45.099999999999994 43.540000000000006 42.3 41.89 29.97 43.59 20.36 41.76 25.53 25.49 
29.34 41.230000000000004 45.96 22.4 46.86 43.82 45.04 44.349999999999994 45.2 25.76 22.52 26.04 28.68 24.97 0 44.769999999999996 44.91 46.35 45.5 29.17 45.269999999999996 43.489999999999995 40.31999999999999 44.09 29.47 42.370000000000005 45.1 21.08 42.83 23.68 20.03 21.87 27.31 43.98 41.980000000000004 27.59 42.62 24.48 41.269999999999996 42.18 45.629999999999995 41.480000000000004 44.69 43.26 22.19 42.290000000000006 41.07 42.66 24.08 21.78 
42.22 42.18 45.45 24.36 20.98 44.67 42.85 47.16 45.67 45.68 41.96 28.63 47.3 42.879999999999995 44.769999999999996 0 22.98 44.78 44.8 43.95 23.14 46.120000000000005 43.67 27.84 44.63 43.69 43.41 27.01 44.18 29.85 27.54 29.71 42.41 28.3 41.24 47.56 43.519999999999996 40.46 43.3 45.129999999999995 46.66 28.17 26.8 43.14 25.85 46.07 44.08 20.27 42.78 45.04 
41.36 28.86 46.93000000000001 28.51 24.84 42.019999999999996 40.980000000000004 41.62 42.11 43.75 40.56 46.07 45.8 42.6 44.91 22.98 0 46.03 26.45 21.62 40.92 29.79 41.76 42.47 43.23 25.94 21.18 27.74 29.06 42.6 44.1 44.04 23.15 26.86 24.76 25.59 20.54 20.43 27.86 25.2 48.57 45.25 42.72 41.97 45.459999999999994 42.33 43.19 40.620000000000005 25.18 43.31 
43.349999999999994 29.17 43.49 43.49 47.52 44.45 46.2 42.790000000000006 46.03 24.08 29.48 44.55 41.75 44.22 46.35 44.78 46.03 0 22.11 43.49 46.35 44.42 27.05 40.84 24.01 23.6 29.46 44.5 46.730000000000004 46.05 26.32 45.91 29.79 45.599999999999994 44.39 21.54 44.64 48.209999999999994 43.61 48.07 44.379999999999995 29.4 48.17 45.019999999999996 44.36 25.15 27.0 28.02 44.84 28.66 
21.24 43.349999999999994 42.32 27.3 45.07 41.06 42.709999999999994 44.25 27.34 40.47 41.019999999999996 41.989999999999995 28.08 43.44 45.5 44.8 26.45 22.11 0 40.31 41.72 22.31 43.03 29.21 21.45 24.46 43.7 45.19 46.7 27.58 42.760000000000005 46.260000000000005 41.53 44.31 25.47 40.39 41.59 42.17 43.7 42.62 22.27 41.84 41.35 22.91 42.230000000000004 43.629999999999995 44.78 24.53 41.72 41.489999999999995 
43.879999999999995 45.510000000000005 29.98 44.379999999999995 45.86 41.07 47.28 44.94 44.57 42.05 21.55 45.32 28.05 42.900000000000006 29.17 43.95 21.62 43.49 40.31 0 41.010000000000005 44.15 40.3 25.88 43.46 43.35 21.48 42.15 42.95 42.3 43.629999999999995 44.03 26.31 41.57 41.480000000000004 40.4 41.6 41.68 45.959999999999994 27.57 27.61 46.730000000000004 45.66 42.269999999999996 24.54 44.05 25.51 44.18 43.3 41.5 
44.78 42.120000000000005 41.68000000000001 43.78 27.91 43.28 41.34 24.02 29.05 41.89 23.43 44.230000000000004 29.84 20.31 45.269999999999996 23.14 40.92 46.35 41.72 41.010000000000005 0 44.34 44.25 42.11 28.25 43.34 41.730000000000004 28.35 41.08 42.34 41.91 40.730000000000004 44.78 44.58 45.1 28.77 29.82 41.66 23.33 42.55 41.59 45.61 43.57 43.370000000000005 41.260000000000005 42.69 40.67 43.41 41.09 43.94 
43.55 21.04 47.83 44.33 42.239999999999995 44.269999999999996 44.4 21.94 26.13 28.22 29.45 42.150000000000006 45.09 45.19 43.489999999999995 46.120000000000005 29.79 44.42 22.31 44.15 44.34 0 43.95 45.53 43.76 25.91 29.61 44.01 44.14 45.57 26.87 44.25 27.11 27.66 45.07 24.88 43.019999999999996 46.510000000000005 44.46 44.459999999999994 20.65 43.43 28.53 45.22 24.11 45.75 28.8 26.32 42.21 44.88 
43.0 43.53 20.5 20.15 42.65 42.92 43.21 29.7 44.629999999999995 42.05 42.83 43.629999999999995 45.73 40.510000000000005 40.31999999999999 43.67 41.76 27.05 43.03 40.3 44.25 43.95 0 21.95 23.09 46.31 43.21 20.56 21.6 24.63 28.16 42.849999999999994 43.16 27.77 41.28 43.519999999999996 45.36 43.85 40.75 27.9 43.83 41.260000000000005 42.53 41.93 42.82 29.26 27.1 42.379999999999995 41.96 25.16 
42.379999999999995 41.9 42.28 28.81 20.7 41.019999999999996 42.28 40.28 46.8 44.61 42.44 24.35 42.370000000000005 42.599999999999994 44.09 27.84 42.47 40.84 29.21 25.88 42.11 45.53 21.95 0 29.94 28.76 25.36 42.51 42.3 41.03 42.51 28.87 23.7 45.0 40.96 22.16 40.61 26.13 22.8 43.15 45.67 26.58 42.510000000000005 40.68 24.85 25.32 43.739999999999995 20.43 20.01 43.86 
42.36 42.79 29.16 43.239999999999995 25.36 41.28 41.91 23.16 42.989999999999995 44.24 42.07 20.54 41.33 24.48 29.47 44.63 43.23 24.01 21.45 43.46 28.25 43.76 23.09 29.94 0 29.82 27.36 28.83 28.24 40.92 45.03 28.41 20.08 22.86 41.74 21.12 43.31 43.980000000000004 46.19 42.92 43.72 25.95 45.69 44.36 20.78 26.9 40.12 42.22 23.95 40.239999999999995 
42.91 42.6 46.480000000000004 44.510000000000005 42.370000000000005 44.1 42.900000000000006 22.03 43.09 42.25 43.47 42.24 24.97 24.62 42.370000000000005 43.69 25.94 23.6 24.46 43.35 43.34 25.91 46.31 28.76 29.82 0 43.519999999999996 40.2 42.22 45.08 45.44 22.8 25.1 42.03 25.87 26.43 27.14 28.58 20.01 26.55 43.84 42.31 43.620000000000005 22.73 42.89 43.95 25.03 43.150000000000006 41.45 44.53 
42.1 42.95 44.11 42.120000000000005 42.03 42.61 44.040000000000006 43.99 42.22 22.57 25.86 41.8 41.89 21.42 45.1 43.41 21.18 29.46 43.7 21.48 41.730000000000004 29.61 43.21 25.36 27.36 43.519999999999996 0 24.7 23.56 21.42 25.5 41.84 21.41 44.61 43.71 29.38 41.72 27.46 43.13 41.43000000000001 48.379999999999995 44.16 24.18 20.79 42.88 22.57 23.17 42.02 41.17 41.57 
40.79 43.68 40.75 28.07 29.08 42.11 23.96 45.23 43.97 42.43 43.599999999999994 42.83 43.17 41.76 21.08 27.01 27.74 44.5 45.19 42.15 28.35 44.01 20.56 42.51 28.83 40.2 24.7 0 25.58 43.56 41.11 22.29 43.18 42.269999999999996 22.17 22.96 47.1 24.11 20.19 24.75 25.23 43.03 41.26 45.04 43.13 42.96 43.14 42.730000000000004 43.05 42.370000000000005 
44.989999999999995 23.56 42.1 41.75 28.04 42.36 28.32 46.98 41.15 27.08 41.62 29.47 42.209999999999994 43.92 42.83 44.18 29.06 46.730000000000004 46.7 42.95 41.08 44.14 21.6 42.3 28.24 42.22 23.56 25.58 0 44.75 44.260000000000005 43.33 25.21 21.05 42.480000000000004 48.120000000000005 41.5 28.73 22.21 44.11 27.55 44.39 44.230000000000004 44.349999999999994 42.41 29.22 42.2 26.58 40.89 27.81 
41.93 27.43 23.0 43.53 44.510000000000005 26.0 44.989999999999995 40.59 42.83 41.09 29.84 20.38 43.45 42.29 23.68 29.85 42.6 46.05 27.58 42.3 42.34 45.57 24.63 41.03 40.92 45.08 21.42 43.56 44.75 0 43.38 40.92 42.74 24.95 42.42 45.46 27.9 27.53 41.91 20.01 47.519999999999996 29.25 23.2 22.35 21.46 43.99 28.44 20.6 42.34 26.43 
44.67 21.2 42.07 24.89 42.4 28.92 26.34 44.14 44.19 43.13 28.89 43.45 27.42 29.78 20.03 27.54 44.1 26.32 42.760000000000005 43.629999999999995 41.91 26.87 28.16 42.51 45.03 45.44 25.5 41.11 44.260000000000005 43.38 0 41.900000000000006 43.67 24.22 28.3 43.709999999999994 44.67 24.75 28.5 42.94 44.6 24.07 45.4 43.76 24.25 44.02 25.91 44.94 43.16 23.51 
42.84 25.32 26.66 43.24 26.98 21.95 25.02 40.75 42.989999999999995 44.739999999999995 43.47 20.54 45.769999999999996 20.42 21.87 29.71 44.04 45.91 46.260000000000005 44.03 40.730000000000004 44.25 42.849999999999994 28.87 28.41 22.8 41.84 22.29 43.33 40.92 41.900000000000006 0 20.89 43.26 26.9 43.8 45.6 45.379999999999995 22.5 27.11 26.7 23.12 46.75 45.53 44.06 23.17 22.45 43.03 20.76 26.02 
43.31 43.56 29.29 24.7 29.42 21.2 29.71 41.62 26.46 27.47 42.37 22.92 43.120000000000005 40.4 27.31 42.41 23.15 29.79 41.53 26.31 44.78 27.11 43.16 23.7 20.08 25.1 21.41 43.18 25.21 42.74 43.67 20.89 0 41.95 40.36 22.91 43.36 42.010000000000005 43.39 22.84 44.21 44.010000000000005 43.07 28.08 40.86 40.67 20.04 22.14 26.41 20.16 
44.879999999999995 22.72 42.3 21.58 43.92 21.31 44.28 41.53 28.63 41.78 46.099999999999994 24.28 26.46 43.31 43.98 28.3 26.86 45.599999999999994 44.31 41.57 44.58 27.66 27.77 45.0 22.86 42.03 44.61 42.269999999999996 21.05 24.95 24.22 43.26 41.95 0 41.05 43.980000000000004 20.45 43.92 43.260000000000005 25.18 27.96 48.29 42.629999999999995 25.87 43.17 29.78 23.77 45.55 40.64 45.66 
27.07 28.21 27.06 43.99 20.26 46.08 41.55 43.14 23.14 24.47 40.25 42.47 44.94 42.16 41.980000000000004 41.24 24.76 44.39 25.47 41.480000000000004 45.1 45.07 41.28 40.96 41.74 25.87 43.71 22.17 42.480000000000004 42.42 28.3 26.9 40.36 41.05 0 45.13 44.019999999999996 27.19 42.349999999999994 25.57 28.55 47.51 40.58 25.77 20.96 40.71 26.95 29.38 25.07 20.2 
46.63 29.04 45.78 29.72 42.86 41.15 27.86 44.28 25.63 45.21 47.51 41.66 20.21 24.11 27.59 47.56 25.59 21.54 40.39 40.4 28.77 24.88 43.519999999999996 22.16 21.12 26.43 29.38 22.96 48.120000000000005 45.46 43.709999999999994 43.8 22.91 43.980000000000004 45.13 0 24.14 45.15 27.8 27.33 42.989999999999995 45.150000000000006 27.14 41.31 41.900000000000006 44.3 42.95 42.59 28.96 41.58 
25.17 43.17 42.72 42.03 45.379999999999995 28.7 42.96 21.08 42.14 42.5 44.3 41.29 44.35 44.29 42.62 43.519999999999996 20.54 44.64 41.59 41.6 29.82 43.019999999999996 45.36 40.61 43.31 27.14 41.72 47.1 41.5 27.9 44.67 45.6 43.36 20.45 44.019999999999996 24.14 0 25.82 44.629999999999995 22.73 43.33 43.56 22.18 43.16 43.769999999999996 47.4 23.93 28.84 24.84 42.78 
20.93 26.46 27.11 42.260000000000005 44.94 41.9 23.79 25.42 21.68 24.13 20.13 41.96 40.22 43.41 24.48 40.46 20.43 48.209999999999994 42.17 41.68 41.66 46.510000000000005 43.85 26.13 43.980000000000004 28.58 27.46 24.11 28.73 27.53 24.75 45.379999999999995 42.010000000000005 43.92 27.19 45.15 25.82 0 26.8 25.51 44.62 41.53 40.769999999999996 40.87 46.43 43.3 28.11 20.19 40.510000000000005 45.14 
43.12 42.33 44.11 42.41 22.36 44.45 26.69 42.040000000000006 44.98 22.24 24.72 43.04 44.980000000000004 21.71 41.269999999999996 43.3 27.86 43.61 43.7 45.959999999999994 23.33 44.46 40.75 22.8 46.19 20.01 43.13 20.19 22.21 41.91 28.5 22.5 43.39 43.260000000000005 42.349999999999994 27.8 44.629999999999995 26.8 0 21.9 45.379999999999995 45.28 44.18 24.91 43.53 43.04 42.07 42.760000000000005 42.81 43.33 
42.44 24.84 22.21 25.12 42.370000000000005 29.34 25.59 27.49 45.33 24.55 22.33 28.75 24.73 42.76 42.18 45.129999999999995 25.2 48.07 42.62 27.57 42.55 44.459999999999994 27.9 43.15 42.92 26.55 41.43000000000001 24.75 44.11 20.01 42.94 27.11 22.84 25.18 25.57 27.33 22.73 25.51 21.9 0 45.22 23.38 43.21 42.36 41.47 26.77 22.4 40.61 43.8 21.43 
28.38 41.69 46.489999999999995 23.68 45.89 43.66 42.150000000000006 26.98 45.74 45.58 24.49 45.629999999999995 45.730000000000004 45.099999999999994 45.629999999999995 46.66 48.57 44.379999999999995 22.27 27.61 41.59 20.65 43.83 45.67 43.72 43.84 48.379999999999995 25.23 27.55 47.519999999999996 44.6 26.7 44.21 27.96 28.55 42.989999999999995 43.33 44.62 45.379999999999995 45.22 0 28.18 43.95 44.260000000000005 28.09 45.769999999999996 25.41 46.769999999999996 44.63 44.09 
20.6 44.370000000000005 25.03 41.519999999999996 27.79 44.72 21.1 22.48 27.57 41.480000000000004 45.19 42.69 48.11 43.540000000000006 41.480000000000004 28.17 45.25 29.4 41.84 46.730000000000004 45.61 43.43 41.260000000000005 26.58 25.95 42.31 44.16 43.03 44.39 29.25 24.07 23.12 44.010000000000005 48.29 47.51 45.150000000000006 43.56 41.53 45.28 23.38 28.18 0 43.370000000000005 44.2 44.099999999999994 29.63 29.41 42.55 42.75 44.81 
24.03 24.2 41.29 42.79 43.88 42.269999999999996 23.88 43.07 22.01 44.75 40.489999999999995 42.33 46.2 42.3 44.69 26.8 42.72 48.17 41.35 45.66 43.57 28.53 42.53 42.510000000000005 45.69 43.620000000000005 24.18 41.26 44.230000000000004 23.2 45.4 46.75 43.07 42.629999999999995 40.58 27.14 22.18 40.769999999999996 44.18 43.21 43.95 43.370000000000005 0 25.1 24.91 43.42 42.36 26.37 42.05 22.91 
23.6 43.36 24.69 21.78 22.16 40.519999999999996 41.44 23.39 21.43 42.29 20.74 42.730000000000004 21.1 41.89 43.26 43.14 41.97 45.019999999999996 22.91 42.269999999999996 43.370000000000005 45.22 41.93 40.68 44.36 22.73 20.79 45.04 44.349999999999994 22.35 43.76 45.53 28.08 25.87 25.77 41.31 43.16 40.87 24.91 42.36 44.260000000000005 44.2 25.1 0 26.72 43.36 24.1 42.95 42.78 26.41 
42.04 23.37 44.46 28.12 41.22 25.12 42.31 22.69 24.75 26.93 41.620000000000005 28.38 45.400000000000006 29.97 22.19 25.85 45.459999999999994 44.36 42.230000000000004 24.54 41.260000000000005 24.11 42.82 24.85 20.78 42.89 42.88 43.13 42.41 21.46 24.25 44.06 40.86 43.17 20.96 41.900000000000006 43.769999999999996 46.43 43.53 41.47 28.09 44.099999999999994 24.91 26.72 0 44.82 43.739999999999995 42.06 23.42 28.24 
44.72 28.5 44.04 41.769999999999996 46.019999999999996 21.93 24.75 43.45 27.61 29.39 44.11 28.03 24.09 43.59 42.290000000000006 46.07 42.33 25.15 43.629999999999995 44.05 42.69 45.75 29.26 25.32 26.9 43.95 22.57 42.96 29.22 43.99 44.02 23.17 40.67 29.78 40.71 44.3 47.4 43.3 43.04 26.77 45.769999999999996 29.63 43.42 43.36 44.82 0 45.620000000000005 28.52 42.5 20.51 
41.61 24.09 42.41 42.79 28.94 28.62 41.3 21.58 42.64 43.0 22.33 41.79 27.03 20.36 41.07 44.08 43.19 27.0 44.78 25.51 40.67 28.8 27.1 43.739999999999995 40.12 25.03 23.17 43.14 42.2 28.44 25.91 22.45 20.04 23.77 26.95 42.95 23.93 28.11 42.07 22.4 25.41 29.41 42.36 24.1 43.739999999999995 45.620000000000005 0 42.18 24.41 40.2 
21.95 43.45 25.18 44.629999999999995 41.129999999999995 26.15 27.86 27.55 29.01 25.41 40.32 27.83 27.03 41.76 42.66 20.27 40.620000000000005 28.02 24.53 44.18 43.41 26.32 42.379999999999995 20.43 42.22 43.150000000000006 42.02 42.730000000000004 26.58 20.6 44.94 43.03 22.14 45.55 29.38 42.59 28.84 20.19 42.760000000000005 40.61 46.769999999999996 42.55 26.37 42.95 42.06 28.52 42.18 0 22.86 24.95 
29.37 42.06 42.93000000000001 26.0 40.71 42.599999999999994 41.15 20.27 41.33 40.74 42.02 40.480000000000004 40.59 25.53 24.08 42.78 25.18 44.84 41.72 43.3 41.09 42.21 41.96 20.01 23.95 41.45 41.17 43.05 40.89 42.34 43.16 20.76 26.41 40.64 25.07 28.96 24.84 40.510000000000005 42.81 43.8 44.63 42.75 42.05 42.78 23.42 42.5 24.41 22.86 0 29.4 
43.69 44.54 43.64 44.18 40.46 41.36 43.39 22.94 43.34 27.11 43.76 27.15 44.55 25.49 21.78 45.04 43.31 28.66 41.489999999999995 41.5 43.94 44.88 25.16 43.86 40.239999999999995 44.53 41.57 42.370000000000005 27.81 26.43 23.51 26.02 20.16 45.66 20.2 41.58 42.78 45.14 43.33 21.43 44.09 44.81 22.91 26.41 28.24 20.51 40.2 24.95 29.4 0 
