35
Berka Collins Peters Wilson White Harris Anderson Dray Dotson Patton Preston Hagen Longhurst Robinson Tygart Kujawa Miller Luzar Johns Leisure Orange Yoder Singleton Kim Zwolinski Muni Sharp Aldrich Vanness Legrand Mclaughlin Street Reeder Sanchez Hershberger
0 553.0 1433.0 1982.0 2838.0 3531.0 4096.0 5093.0 5615.0 6354.0 7155.0 8012.0 8577.0 9283.0 10163.0 11044.0 11937.0 12675.0 13284.0 14164.0 15140.0 15645.0 16168.0 17115.0 17710.0 18583.0 19249.0 19755.0 20449.0 21059.0 21725.0 22658.0 23188.0 24025.0 50346.0 
553.0 0 880.0 1429.0 2285.0 2978.0 3543.0 4540.0 5062.0 5801.0 6602.0 7459.0 8024.0 8730.0 9610.0 10491.0 11384.0 12122.0 12731.0 13611.0 14587.0 15092.0 15615.0 16562.0 17157.0 18030.0 18696.0 19202.0 19896.0 20506.0 21172.0 22105.0 22635.0 23472.0 50899.0 
1433.0 880.0 0 549.0 1405.0 2098.0 2663.0 3660.0 4182.0 4921.0 5722.0 6579.0 7144.0 7850.0 8730.0 9611.0 10504.0 11242.0 11851.0 12731.0 13707.0 14212.0 14735.0 15682.0 16277.0 17150.0 17816.0 18322.0 19016.0 19626.0 20292.0 21225.0 21755.0 22592.0 51779.0 
1982.0 1429.0 549.0 0 856.0 1549.0 2114.0 3111.0 3633.0 4372.0 5173.0 6030.0 6595.0 7301.0 8181.0 9062.0 9955.0 10693.0 11302.0 12182.0 13158.0 13663.0 14186.0 15133.0 15728.0 16601.0 17267.0 17773.0 18467.0 19077.0 19743.0 20676.0 21206.0 22043.0 52328.0 
2838.0 2285.0 1405.0 856.0 0 693.0 1258.0 2255.0 2777.0 3516.0 4317.0 5174.0 5739.0 6445.0 7325.0 8206.0 9099.0 9837.0 10446.0 11326.0 12302.0 12807.0 13330.0 14277.0 14872.0 15745.0 16411.0 16917.0 17611.0 18221.0 18887.0 19820.0 20350.0 21187.0 53184.0 
3531.0 2978.0 2098.0 1549.0 693.0 0 565.0 1562.0 2084.0 2823.0 3624.0 4481.0 5046.0 5752.0 6632.0 7513.0 8406.0 9144.0 9753.0 10633.0 11609.0 12114.0 12637.0 13584.0 14179.0 15052.0 15718.0 16224.0 16918.0 17528.0 18194.0 19127.0 19657.0 20494.0 53877.0 
4096.0 3543.0 2663.0 2114.0 1258.0 565.0 0 997.0 1519.0 2258.0 3059.0 3916.0 4481.0 5187.0 6067.0 6948.0 7841.0 8579.0 9188.0 10068.0 11044.0 11549.0 12072.0 13019.0 13614.0 14487.0 15153.0 15659.0 16353.0 16963.0 17629.0 18562.0 19092.0 19929.0 54442.0 
5093.0 4540.0 3660.0 3111.0 2255.0 1562.0 997.0 0 522.0 1261.0 2062.0 2919.0 3484.0 4190.0 5070.0 5951.0 6844.0 7582.0 8191.0 9071.0 10047.0 10552.0 11075.0 12022.0 12617.0 13490.0 14156.0 14662.0 15356.0 15966.0 16632.0 17565.0 18095.0 18932.0 55439.0 
5615.0 5062.0 4182.0 3633.0 2777.0 2084.0 1519.0 522.0 0 739.0 1540.0 2397.0 2962.0 3668.0 4548.0 5429.0 6322.0 7060.0 7669.0 8549.0 9525.0 10030.0 10553.0 11500.0 12095.0 12968.0 13634.0 14140.0 14834.0 15444.0 16110.0 17043.0 17573.0 18410.0 55961.0 
6354.0 5801.0 4921.0 4372.0 3516.0 2823.0 2258.0 1261.0 739.0 0 801.0 1658.0 2223.0 2929.0 3809.0 4690.0 5583.0 6321.0 6930.0 7810.0 8786.0 9291.0 9814.0 10761.0 11356.0 12229.0 12895.0 13401.0 14095.0 14705.0 15371.0 16304.0 16834.0 17671.0 56700.0 
7155.0 6602.0 5722.0 5173.0 4317.0 3624.0 3059.0 2062.0 1540.0 801.0 0 857.0 1422.0 2128.0 3008.0 3889.0 4782.0 5520.0 6129.0 7009.0 7985.0 8490.0 9013.0 9960.0 10555.0 11428.0 12094.0 12600.0 13294.0 13904.0 14570.0 15503.0 16033.0 16870.0 57501.0 
8012.0 7459.0 6579.0 6030.0 5174.0 4481.0 3916.0 2919.0 2397.0 1658.0 857.0 0 565.0 1271.0 2151.0 3032.0 3925.0 4663.0 5272.0 6152.0 7128.0 7633.0 8156.0 9103.0 9698.0 10571.0 11237.0 11743.0 12437.0 13047.0 13713.0 14646.0 15176.0 16013.0 58358.0 
8577.0 8024.0 7144.0 6595.0 5739.0 5046.0 4481.0 3484.0 2962.0 2223.0 1422.0 565.0 0 706.0 1586.0 2467.0 3360.0 4098.0 4707.0 5587.0 6563.0 7068.0 7591.0 8538.0 9133.0 10006.0 10672.0 11178.0 11872.0 12482.0 13148.0 14081.0 14611.0 15448.0 58923.0 
9283.0 8730.0 7850.0 7301.0 6445.0 5752.0 5187.0 4190.0 3668.0 2929.0 2128.0 1271.0 706.0 0 880.0 1761.0 2654.0 3392.0 4001.0 4881.0 5857.0 6362.0 6885.0 7832.0 8427.0 9300.0 9966.0 10472.0 11166.0 11776.0 12442.0 13375.0 13905.0 14742.0 59629.0 
10163.0 9610.0 8730.0 8181.0 7325.0 6632.0 6067.0 5070.0 4548.0 3809.0 3008.0 2151.0 1586.0 880.0 0 881.0 1774.0 2512.0 3121.0 4001.0 4977.0 5482.0 6005.0 6952.0 7547.0 8420.0 9086.0 9592.0 10286.0 10896.0 11562.0 12495.0 13025.0 13862.0 60509.0 
11044.0 10491.0 9611.0 9062.0 8206.0 7513.0 6948.0 5951.0 5429.0 4690.0 3889.0 3032.0 2467.0 1761.0 881.0 0 893.0 1631.0 2240.0 3120.0 4096.0 4601.0 5124.0 6071.0 6666.0 7539.0 8205.0 8711.0 9405.0 10015.0 10681.0 11614.0 12144.0 12981.0 61390.0 
11937.0 11384.0 10504.0 9955.0 9099.0 8406.0 7841.0 6844.0 6322.0 5583.0 4782.0 3925.0 3360.0 2654.0 1774.0 893.0 0 738.0 1347.0 2227.0 3203.0 3708.0 4231.0 5178.0 5773.0 6646.0 7312.0 7818.0 8512.0 9122.0 9788.0 10721.0 11251.0 12088.0 62283.0 
12675.0 12122.0 11242.0 10693.0 9837.0 9144.0 8579.0 7582.0 7060.0 6321.0 5520.0 4663.0 4098.0 3392.0 2512.0 1631.0 738.0 0 609.0 1489.0 2465.0 2970.0 3493.0 4440.0 5035.0 5908.0 6574.0 7080.0 7774.0 8384.0 9050.0 9983.0 10513.0 11350.0 63021.0 
13284.0 12731.0 11851.0 11302.0 10446.0 9753.0 9188.0 8191.0 7669.0 6930.0 6129.0 5272.0 4707.0 4001.0 3121.0 2240.0 1347.0 609.0 0 880.0 1856.0 2361.0 2884.0 3831.0 4426.0 5299.0 5965.0 6471.0 7165.0 7775.0 8441.0 9374.0 9904.0 10741.0 63630.0 
14164.0 13611.0 12731.0 12182.0 11326.0 10633.0 10068.0 9071.0 8549.0 7810.0 7009.0 6152.0 5587.0 4881.0 4001.0 3120.0 2227.0 1489.0 880.0 0 976.0 1481.0 2004.0 2951.0 3546.0 4419.0 5085.0 5591.0 6285.0 6895.0 7561.0 8494.0 9024.0 9861.0 64510.0 
15140.0 14587.0 13707.0 13158.0 12302.0 11609.0 11044.0 10047.0 9525.0 8786.0 7985.0 7128.0 6563.0 5857.0 4977.0 4096.0 3203.0 2465.0 1856.0 976.0 0 505.0 1028.0 1975.0 2570.0 3443.0 4109.0 4615.0 5309.0 5919.0 6585.0 7518.0 8048.0 8885.0 65486.0 
15645.0 15092.0 14212.0 13663.0 12807.0 12114.0 11549.0 10552.0 10030.0 9291.0 8490.0 7633.0 7068.0 6362.0 5482.0 4601.0 3708.0 2970.0 2361.0 1481.0 505.0 0 523.0 1470.0 2065.0 2938.0 3604.0 4110.0 4804.0 5414.0 6080.0 7013.0 7543.0 8380.0 65991.0 
16168.0 15615.0 14735.0 14186.0 13330.0 12637.0 12072.0 11075.0 10553.0 9814.0 9013.0 8156.0 7591.0 6885.0 6005.0 5124.0 4231.0 3493.0 2884.0 2004.0 1028.0 523.0 0 947.0 1542.0 2415.0 3081.0 3587.0 4281.0 4891.0 5557.0 6490.0 7020.0 7857.0 66514.0 
17115.0 16562.0 15682.0 15133.0 14277.0 13584.0 13019.0 12022.0 11500.0 10761.0 9960.0 9103.0 8538.0 7832.0 6952.0 6071.0 5178.0 4440.0 3831.0 2951.0 1975.0 1470.0 947.0 0 595.0 1468.0 2134.0 2640.0 3334.0 3944.0 4610.0 5543.0 6073.0 6910.0 67461.0 
17710.0 17157.0 16277.0 15728.0 14872.0 14179.0 13614.0 12617.0 12095.0 11356.0 10555.0 9698.0 9133.0 8427.0 7547.0 6666.0 5773.0 5035.0 4426.0 3546.0 2570.0 2065.0 1542.0 595.0 0 873.0 1539.0 2045.0 2739.0 3349.0 4015.0 4948.0 5478.0 6315.0 68056.0 
18583.0 18030.0 17150.0 16601.0 15745.0 15052.0 14487.0 13490.0 12968.0 12229.0 11428.0 10571.0 10006.0 9300.0 8420.0 7539.0 6646.0 5908.0 5299.0 4419.0 3443.0 2938.0 2415.0 1468.0 873.0 0 666.0 1172.0 1866.0 2476.0 3142.0 4075.0 4605.0 5442.0 68929.0 
19249.0 18696.0 17816.0 17267.0 16411.0 15718.0 15153.0 14156.0 13634.0 12895.0 12094.0 11237.0 10672.0 9966.0 9086.0 8205.0 7312.0 6574.0 5965.0 5085.0 4109.0 3604.0 3081.0 2134.0 1539.0 666.0 0 506.0 1200.0 1810.0 2476.0 3409.0 3939.0 4776.0 69595.0 
19755.0 19202.0 18322.0 17773.0 16917.0 16224.0 15659.0 14662.0 14140.0 13401.0 12600.0 11743.0 11178.0 10472.0 9592.0 8711.0 7818.0 7080.0 6471.0 5591.0 4615.0 4110.0 3587.0 2640.0 2045.0 1172.0 506.0 0 694.0 1304.0 1970.0 2903.0 3433.0 4270.0 70101.0 
20449.0 19896.0 19016.0 18467.0 17611.0 16918.0 16353.0 15356.0 14834.0 14095.0 13294.0 12437.0 11872.0 11166.0 10286.0 9405.0 8512.0 7774.0 7165.0 6285.0 5309.0 4804.0 4281.0 3334.0 2739.0 1866.0 1200.0 694.0 0 610.0 1276.0 2209.0 2739.0 3576.0 70795.0 
21059.0 20506.0 19626.0 19077.0 18221.0 17528.0 16963.0 15966.0 15444.0 14705.0 13904.0 13047.0 12482.0 11776.0 10896.0 10015.0 9122.0 8384.0 7775.0 6895.0 5919.0 5414.0 4891.0 3944.0 3349.0 2476.0 1810.0 1304.0 610.0 0 666.0 1599.0 2129.0 2966.0 71405.0 
21725.0 21172.0 20292.0 19743.0 18887.0 18194.0 17629.0 16632.0 16110.0 15371.0 14570.0 13713.0 13148.0 12442.0 11562.0 10681.0 9788.0 9050.0 8441.0 7561.0 6585.0 6080.0 5557.0 4610.0 4015.0 3142.0 2476.0 1970.0 1276.0 666.0 0 933.0 1463.0 2300.0 72071.0 
22658.0 22105.0 21225.0 20676.0 19820.0 19127.0 18562.0 17565.0 17043.0 16304.0 15503.0 14646.0 14081.0 13375.0 12495.0 11614.0 10721.0 9983.0 9374.0 8494.0 7518.0 7013.0 6490.0 5543.0 4948.0 4075.0 3409.0 2903.0 2209.0 1599.0 933.0 0 530.0 1367.0 73004.0 
23188.0 22635.0 21755.0 21206.0 20350.0 19657.0 19092.0 18095.0 17573.0 16834.0 16033.0 15176.0 14611.0 13905.0 13025.0 12144.0 11251.0 10513.0 9904.0 9024.0 8048.0 7543.0 7020.0 6073.0 5478.0 4605.0 3939.0 3433.0 2739.0 2129.0 1463.0 530.0 0 837.0 73534.0 
24025.0 23472.0 22592.0 22043.0 21187.0 20494.0 19929.0 18932.0 18410.0 17671.0 16870.0 16013.0 15448.0 14742.0 13862.0 12981.0 12088.0 11350.0 10741.0 9861.0 8885.0 8380.0 7857.0 6910.0 6315.0 5442.0 4776.0 4270.0 3576.0 2966.0 2300.0 1367.0 837.0 0 74371.0 
50346.0 50899.0 51779.0 52328.0 53184.0 53877.0 54442.0 55439.0 55961.0 56700.0 57501.0 58358.0 58923.0 59629.0 60509.0 61390.0 62283.0 63021.0 63630.0 64510.0 65486.0 65991.0 66514.0 67461.0 68056.0 68929.0 69595.0 70101.0 70795.0 71405.0 72071.0 73004.0 73534.0 74371.0 0 
