26
Raticate Talonflame Petilil Shelgon Charmeleon Wurmple Jigglypuff Toxicroak Primeape Infernape Magearna Dartrix Staryu Elgyem Noivern Keldeo Scolipede Exeggutor Golisopod Reshiram Luvdisc Palkia Bounsweet Relicanth Vibrava Latias
0 72546.0 66148.0 40167.0 71134.0 69159.0 71598.0 68934.0 31289.0 85076.0 27172.0 50586.0 101772.0 67600.0 104003.0 86702.0 94246.0 69023.0 89029.0 105939.0 69535.0 115362.0 125966.0 63513.0 49963.0 32311.0 
72546.0 0 71940.0 104803.0 94806.0 102413.0 73254.0 106110.0 92309.0 53012.0 99718.0 115222.0 86156.0 79419.0 34085.0 151338.0 62182.0 73966.0 112701.0 108390.0 75327.0 104147.0 119845.0 63967.0 73635.0 96947.0 
66148.0 71940.0 0 68065.0 80572.0 72097.0 77024.0 96832.0 65108.0 18928.0 69196.0 78484.0 35624.0 65185.0 37855.0 82529.0 28098.0 59732.0 98467.0 112160.0 3387.0 107917.0 85761.0 49733.0 59401.0 60209.0 
40167.0 104803.0 68065.0 0 105302.0 44704.0 87847.0 44479.0 65457.0 86993.0 39841.0 26131.0 79757.0 91274.0 103578.0 62247.0 96163.0 73151.0 123197.0 146106.0 71452.0 149530.0 101511.0 81746.0 84131.0 7856.0 
71134.0 94806.0 80572.0 105302.0 0 73167.0 117069.0 85603.0 39845.0 99500.0 86571.0 94841.0 116196.0 38808.0 118427.0 127025.0 108670.0 44720.0 17895.0 136424.0 83959.0 123918.0 124776.0 34721.0 21171.0 97446.0 
69159.0 102413.0 72097.0 44704.0 73167.0 0 100796.0 73471.0 70670.0 91025.0 70298.0 55123.0 95811.0 50209.0 109952.0 89371.0 100195.0 28447.0 91062.0 167249.0 68710.0 154743.0 56807.0 38446.0 51996.0 36848.0 
71598.0 73254.0 77024.0 87847.0 117069.0 100796.0 0 72631.0 92907.0 58096.0 48006.0 106283.0 91240.0 101682.0 39169.0 142399.0 67266.0 72349.0 134964.0 113474.0 80411.0 109231.0 124929.0 82348.0 95898.0 88008.0 
68934.0 106110.0 96832.0 44479.0 85603.0 73471.0 72631.0 0 83106.0 90952.0 84320.0 54898.0 108524.0 46795.0 72025.0 91014.0 94788.0 76128.0 103498.0 146330.0 100219.0 142087.0 130278.0 66129.0 64432.0 36623.0 
31289.0 92309.0 65108.0 65457.0 39845.0 70670.0 92907.0 83106.0 0 84036.0 58461.0 54996.0 78292.0 36311.0 102963.0 91112.0 93206.0 42223.0 57740.0 96579.0 68495.0 84073.0 122279.0 32224.0 18674.0 57601.0 
85076.0 53012.0 18928.0 86993.0 99500.0 91025.0 58096.0 90952.0 84036.0 0 88124.0 97412.0 33144.0 84113.0 18927.0 101457.0 9170.0 78660.0 117395.0 93232.0 22315.0 88989.0 66833.0 68661.0 78329.0 79137.0 
27172.0 99718.0 69196.0 39841.0 86571.0 70298.0 48006.0 84320.0 58461.0 88124.0 0 65972.0 92910.0 71184.0 87175.0 102088.0 97294.0 41851.0 104466.0 133111.0 65809.0 142534.0 121907.0 51850.0 65400.0 47697.0 
50586.0 115222.0 78484.0 26131.0 94841.0 55123.0 106283.0 54898.0 54996.0 97412.0 65972.0 0 90176.0 91307.0 113997.0 36116.0 106582.0 83570.0 112736.0 151575.0 81871.0 139069.0 111930.0 87220.0 73670.0 18275.0 
101772.0 86156.0 35624.0 79757.0 116196.0 95811.0 91240.0 108524.0 78292.0 33144.0 92910.0 90176.0 0 100809.0 52071.0 118153.0 42314.0 95356.0 105838.0 126376.0 32237.0 122133.0 99977.0 85357.0 95025.0 71901.0 
67600.0 79419.0 65185.0 91274.0 38808.0 50209.0 101682.0 46795.0 36311.0 84113.0 71184.0 91307.0 100809.0 0 103040.0 88217.0 93283.0 29333.0 56703.0 132890.0 68572.0 120384.0 107016.0 19334.0 17637.0 83418.0 
104003.0 34085.0 37855.0 103578.0 118427.0 109952.0 39169.0 72025.0 102963.0 18927.0 87175.0 113997.0 52071.0 103040.0 0 120384.0 28097.0 97587.0 136322.0 74305.0 41242.0 70062.0 85760.0 87588.0 97256.0 95722.0 
86702.0 151338.0 82529.0 62247.0 127025.0 89371.0 142399.0 91014.0 91112.0 101457.0 102088.0 36116.0 118153.0 88217.0 120384.0 0 110627.0 117550.0 144920.0 187691.0 85916.0 175185.0 146178.0 107551.0 105854.0 54391.0 
94246.0 62182.0 28098.0 96163.0 108670.0 100195.0 67266.0 94788.0 93206.0 9170.0 97294.0 106582.0 42314.0 93283.0 28097.0 110627.0 0 87830.0 126565.0 102402.0 31485.0 98159.0 76003.0 77831.0 87499.0 88307.0 
69023.0 73966.0 59732.0 73151.0 44720.0 28447.0 72349.0 76128.0 42223.0 78660.0 41851.0 83570.0 95356.0 29333.0 97587.0 117550.0 87830.0 0 62615.0 138802.0 63119.0 126296.0 80056.0 9999.0 23549.0 65295.0 
89029.0 112701.0 98467.0 123197.0 17895.0 91062.0 134964.0 103498.0 57740.0 117395.0 104466.0 112736.0 105838.0 56703.0 136322.0 144920.0 126565.0 62615.0 0 154319.0 95523.0 141813.0 142671.0 52616.0 39066.0 115341.0 
105939.0 108390.0 112160.0 146106.0 136424.0 167249.0 113474.0 146330.0 96579.0 93232.0 133111.0 151575.0 126376.0 132890.0 74305.0 187691.0 102402.0 138802.0 154319.0 0 115547.0 144367.0 160065.0 128803.0 115253.0 138250.0 
69535.0 75327.0 3387.0 71452.0 83959.0 68710.0 80411.0 100219.0 68495.0 22315.0 65809.0 81871.0 32237.0 68572.0 41242.0 85916.0 31485.0 63119.0 95523.0 115547.0 0 111304.0 89148.0 53120.0 62788.0 63596.0 
115362.0 104147.0 107917.0 149530.0 123918.0 154743.0 109231.0 142087.0 84073.0 88989.0 142534.0 139069.0 122133.0 120384.0 70062.0 175185.0 98159.0 126296.0 141813.0 144367.0 111304.0 0 155822.0 116297.0 102747.0 141674.0 
125966.0 119845.0 85761.0 101511.0 124776.0 56807.0 124929.0 130278.0 122279.0 66833.0 121907.0 111930.0 99977.0 107016.0 85760.0 146178.0 76003.0 80056.0 142671.0 160065.0 89148.0 155822.0 0 90055.0 103605.0 93655.0 
63513.0 63967.0 49733.0 81746.0 34721.0 38446.0 82348.0 66129.0 32224.0 68661.0 51850.0 87220.0 85357.0 19334.0 87588.0 107551.0 77831.0 9999.0 52616.0 128803.0 53120.0 116297.0 90055.0 0 13550.0 73890.0 
49963.0 73635.0 59401.0 84131.0 21171.0 51996.0 95898.0 64432.0 18674.0 78329.0 65400.0 73670.0 95025.0 17637.0 97256.0 105854.0 87499.0 23549.0 39066.0 115253.0 62788.0 102747.0 103605.0 13550.0 0 76275.0 
32311.0 96947.0 60209.0 7856.0 97446.0 36848.0 88008.0 36623.0 57601.0 79137.0 47697.0 18275.0 71901.0 83418.0 95722.0 54391.0 88307.0 65295.0 115341.0 138250.0 63596.0 141674.0 93655.0 73890.0 76275.0 0 
