100
Bradenton Three Mesquite Hampton Albany Ten Burlington Miami Kenosha Melbourne Kissimmee Baton Allentown Fairfield Arlington Four Elizabeth Chesapeake Gainesville Clarke Montgomery Baltimore Mesa Kailua Elkhart Aberdeen Greensboro Gilbert Athens Akron Killeen Amarillo Lewisville Seven Johnson Naples Hagerstown Havre Vista Brownsville Rapids Bridgeport Erie Modesto Manchester Hesperia Lowell Lancaster Prairie Daytona Lacey Boulder Davidson Dayton Birmingham Hartford Kennewick Huntington Cleveland Irving Dallas Julian Cary Lakeland Laredo Mobile Bethlehem Apple Cambridge Hayward Austin Lafayette Monterey Merced Asheville Glendale Viejo Denton Canton Muskegon Anaheim Boise Anchorage Huntsville Leominster Detroit Hialeah Bedford Antioch Charleston Hickory Carrollton Jacksonville Abilene Clarksville Corpus Fayetteville Layton Denver Monroe
0 409.62693 252.70337 208.80965 434.29926 209.90732 297.10544 311.58706 452.22663 287.04453 407.63442 432.80969000000005 451.10489 419.11323000000004 368.78725 220.92403 285.23727 421.92891999999995 436.68727 443.66560000000004 385.17192 341.41824 304.70505 434.32241 412.17605000000003 425.91228 238.71612 436.6115 412.58156 212.3165 409.6124 444.0199 425.67777 438.50915 327.63499 374.79372 301.50067 262.28414 414.71873 444.51975000000004 464.27178000000004 249.24087 283.75099 411.22615 346.40511 256.73757 348.62607 255.85585 410.15179 369.47765 422.4768 220.02592 467.09984 354.20594 452.28841 441.75888 205.70332 426.6947 387.24665 335.1922 242.32955 210.49141 244.00579 367.38487 274.08015 225.55737 295.18338 354.93182 310.78172 301.12646 228.83718 455.33071 260.84148 432.21601 224.64968 441.78504 254.72633 315.2812 423.09262 460.16111 230.60275 340.27765 298.12279 434.07347 419.65255 286.95371 417.44674999999995 429.02437 257.58897 462.72413 412.99359000000004 419.00153 410.35595 434.51116 429.87465 432.26721 340.09819 424.11644 203.261 427.25659 
409.62693 0 442.139 414.73186 228.5317 404.75073999999995 250.40667 343.7355 443.78742 234.97651 419.76297 435.77601000000004 413.18083 433.67395 418.40788 379.22296 425.43384000000003 435.90371 217.18008 421.91849 406.98398 459.70917 431.86847 215.54133 443.86391000000003 326.00176 337.62335 421.81931 277.51824 330.92368 377.36568 422.94982 446.63478999999995 360.82167 368.55849 422.45525 441.36172 445.18758 422.64787 428.57795999999996 414.29786 302.20955 423.82063 300.25258 343.47506 221.62239 283.67396 292.81504 385.28517 416.89372000000003 343.36633 204.08413 441.8588 374.38429 429.14104999999995 460.38056 339.50204 417.75089 216.8897 223.6277 205.59407 422.41697 319.45075 227.68648 440.94371 272.40846 360.73959 442.56497 219.15354 410.41082 450.32896 320.54108 375.48569 442.99975 429.52088000000003 349.28956 423.15858000000003 270.28109 284.20132 427.91209000000003 407.50048 316.13638 425.20992 415.96709 338.57683 204.05705 350.01261 358.06962 254.6835 370.14117 396.82505 439.06543999999997 246.02551 408.48923 326.65543 328.00872 433.80449999999996 424.54596000000004 343.74611 453.35737 
252.70337 442.139 0 295.4309 421.80314 358.70232 208.22434 422.75766 421.83992 470.63144 379.07561 434.93991000000005 219.88573 435.04428 212.73124 375.11202 440.71586 434.13535 439.75169 448.88338 433.93929 367.04214 445.59653000000003 425.7341 422.26676 345.22736 338.93216 399.24148 310.04324 271.44691 442.82815 201.82644 302.03283 473.63441 312.72652 357.12539 435.92746 436.39416 427.23546 435.5549 413.39841 413.12984 265.38702 432.96831 447.85465 276.76409 390.75179 234.80918 261.23097 228.73245 454.19729 472.72929 385.87837 412.71845 409.6474 378.79776 458.40669 429.27655000000004 351.93699 300.73908 431.49879999999996 314.80649 255.53327 224.80542 431.41892 432.80021999999997 310.65873 314.06575 450.44948999999997 259.39597 417.00915999999995 338.93416 380.2052 365.58667 246.2832 239.22859 419.04287 323.94342 319.60722 303.85319 420.67431999999997 408.61524 433.05674 280.26813 225.56011 431.48862 410.75734 424.46404 440.42821000000004 439.77074000000005 435.5336 446.95511 366.94162 238.13856 447.12395000000004 436.46554000000003 222.56449 421.08702 421.87696 313.8218 
208.80965 414.73186 295.4309 0 313.98931 237.28803 359.25669 425.19234 419.76637 402.94668 268.91988 224.00004 415.49908000000005 210.30358 428.39878 222.66713 244.94465 419.98801000000003 336.94149 428.30033000000003 426.78098 221.80569 432.39728 439.11095 227.52562 433.76500999999996 374.50822 264.91769 447.07674 354.1656 295.1312 243.62817 367.21053 437.4178 472.74887 298.14305 288.50509 421.67695 408.93791999999996 264.50569 361.31999 428.81246 374.68332 202.4165 306.15124 250.49393 463.60510999999997 306.98512 201.34214 414.98819000000003 416.12559 266.62868 396.11245 390.87914 421.43877999999995 461.92997 414.51297 261.44205 444.43284 420.34983 408.69061 419.30106 422.42526 423.57446 440.34560999999997 418.08300999999994 484.12386000000004 351.6155 411.51141 421.05068 437.64683 444.97976000000006 225.5381 224.64871 238.44187 443.67488000000003 205.35256 220.67317 417.0546 363.50725 417.49138 291.5746 282.04897 429.43719999999996 210.8429 361.20245 409.01587 443.49399 431.96212 429.99683000000005 440.3743 439.11378 392.67411 437.31881999999996 221.065 311.33576 427.88929 432.60204 412.07065 233.21189 
434.29926 228.5317 421.80314 313.98931 0 442.29052 340.62043 432.71203 416.04748 424.76785 395.43639 441.61738 432.03355 271.83725 209.0719 435.40722000000005 447.40907000000004 300.87146 323.227 427.29704000000004 393.2406 306.71499 203.33677 348.5276 405.75134 283.92232 308.5865 396.60362 423.51422 264.21146 407.51433 431.19461 441.00275999999997 373.88678 404.88448000000005 452.30255 251.58893 330.05187 429.5556 218.01747 311.55313 409.4705 434.26729 429.00996999999995 318.01925 305.17238 399.40506 374.92045 418.88207 284.51391 245.38344 278.93827 362.52377 372.39909 422.70706 416.49274 372.5817 225.50314 389.50429 411.95916 434.12577 283.73718 444.10531000000003 425.34643 310.23697 419.85497999999995 250.47327 230.00073 201.49235 383.10092 309.28171 453.67654 359.63648 300.25567 420.70036 360.3562 265.21574 430.04846 409.03944 207.5841 259.27737 200.68726 417.47449 437.59991 212.61487 432.58875 311.95652 352.87262 376.24931 461.26786000000004 431.1472 267.05826 427.25061 425.61118 354.99002 434.65788999999995 275.57451 424.48647 328.84982 416.62017000000003 
209.90732 404.75073999999995 358.70232 237.28803 442.29052 0 350.32126 291.82796 433.38422 414.76288 358.85909 426.30683999999997 441.63835 270.16282 418.41765999999996 419.43296 416.34023 230.18935 303.87162 265.92391 408.27313000000004 457.34074 361.67198 423.58871 418.84519 295.65945 410.76472 315.63666 431.73377 390.31367 411.89716999999996 436.20473 317.47023 326.11799 436.47565 381.53136 415.94111 408.23247 428.04395 323.84627 419.38067 453.44298000000003 425.77079000000003 428.46055 412.55274 229.24821 426.40388 421.6959 426.66832999999997 447.32371 214.3146 292.86408 458.74219 439.84245999999996 262.1672 330.87522 206.74558 216.78738 244.56248 424.79082000000005 431.69715 392.48767 251.70386 201.57778 351.96613 235.14791 424.08049000000005 432.33403999999996 311.12944 237.93492 427.59141 394.96741 324.50865 461.93674 212.83835 423.61271 212.64037 258.82326 452.1832 415.79969 407.51026 414.40444 326.25078 430.92484 380.94877 242.11475 248.7167 435.29823 449.92864999999995 429.18641 203.08627 366.41021 200.90498 439.35808 292.86918 226.98659 444.98190999999997 431.70664 262.07284 408.72188 
297.10544 250.40667 208.22434 359.25669 340.62043 350.32126 0 360.95474 213.61558 454.31773999999996 434.8784 226.71557 350.75204 356.0759 420.95558000000005 456.67737999999997 410.47420999999997 425.45398 427.16534 393.40632 225.71495 414.96029 416.84389 217.50976 229.60424 433.04275 393.5021 437.07882 406.67409 244.15072 251.27084 410.05078000000003 256.27543 415.07194000000004 340.60004 425.05016 287.10968 438.64639999999997 431.75625 455.29454 423.02926 429.83414 434.17229 272.50021 256.95468 294.96207 445.6029 408.08977 434.20727 208.50217 390.68323 410.62648 467.19479 204.49411 418.28946 419.94550000000004 366.5714 431.66205 421.93741 316.17583 419.80182 419.71410000000003 461.5082 205.22637 297.31851 283.22096 368.00341 229.58577 469.56021 259.24758 361.30613 304.56681 327.91145 408.7788 454.50754 375.59752 210.81853 440.39456 387.57415 374.20911 463.8383 302.08207 310.19295 257.40601 392.87503 229.50503 428.72938999999997 433.26881000000003 420.19793000000004 404.43564000000003 253.83059 365.93085 425.21979 293.74146 431.03344000000004 228.2412 427.26332 432.96124999999995 387.41964 416.03966 
311.58706 343.7355 422.75766 425.19234 432.71203 291.82796 360.95474 0 444.30035 376.78634 295.6592 338.11726 202.87193 281.54327 451.05818 439.2591 210.58683 212.94361 417.73062000000004 436.12608 364.70212 445.02401 377.36679 285.66732 450.59062 444.11010999999996 408.08835999999997 413.46771 445.63056 422.21109 457.4998 446.14549999999997 390.53299 428.90826 421.40250000000003 391.607 242.68996 271.13035 410.22166 301.07701 272.94135 368.43004 334.62082 397.51847 416.69636 418.56854999999996 378.88131 451.44564 419.87885 260.46854 412.61246 244.60492 348.79388 286.11766 343.06418 406.52168 230.26006 332.70181 290.70472 412.39297 211.18886 450.7731 261.29771 292.95323 419.47634 423.47668 413.80011 433.12647 367.2665 358.9049 259.49702 438.69519 479.29488000000003 423.65261999999996 368.81519 314.96219 415.85595 418.21359 428.63596 338.99041 244.7447 316.56194 444.50585 421.56188 419.09948999999995 444.91161999999997 268.62999 281.96139 396.92787 440.39419999999996 424.87145 437.26315999999997 418.90207 418.72239 421.40914999999995 202.26038 320.06089 406.98042999999996 289.3722 326.84697 
452.22663 443.78742 421.83992 419.76637 416.04748 433.38422 213.61558 444.30035 0 420.58451 421.49234 427.06403 418.66242 438.76911 308.54333 369.94213 414.21225 262.93063 226.60734 367.6599 385.68436 201.34471 416.08636 415.78555 443.21982 290.35942 419.17564 453.88127999999995 436.48982 427.8816 357.07978 420.82004 295.45166 217.20226 422.21128999999996 355.55552 300.28406 415.13781 356.41307 415.63541 451.66141 473.76905 425.00941 409.47672 293.51564 365.37247 231.98732 310.15922 226.99249 350.94247 444.0766 348.42568 290.75173 418.10969 422.80737999999997 257.0772 436.53717 318.11586 293.95982 266.74988 291.18909 287.09264 404.76950999999997 235.74128 421.93026 414.56453999999997 340.68636 422.44934 384.63666 431.64392 438.42269 231.2312 273.22744 420.99190999999996 422.98231 415.35087999999996 342.0921 233.64905 214.80274 416.84968 266.78463 463.01025 422.68330000000003 444.3668 312.69157 269.92564 215.11381 257.70831 426.66395 258.90086 275.49463 422.51680999999996 412.69911 450.28067 294.25889 260.41525 316.16246 416.43689 248.96563 315.16749 
287.04453 234.97651 470.63144 402.94668 424.76785 414.76288 454.31773999999996 376.78634 420.58451 0 433.74171 267.03449 312.73681 452.53875 329.86926 211.4198 311.42167 386.66776 211.32809 439.44929 408.3034 283.0875 303.8209 450.51784 476.67186000000004 435.60137 217.46002 432.66705 280.41803 236.8557 290.32391 356.401 432.17652 320.23704 433.94182 435.18037000000004 303.6609 447.70632 410.77428 409.31886 351.98815 324.64928 437.27553 465.90553 418.02675 455.41719 412.53756 432.84956 432.87555 386.94418 200.44828 224.71448 461.23234 432.41982 213.44952 446.31131000000005 244.19056 368.87017 411.66112 319.21156 397.16619 210.71011 449.82583 302.27115 320.68465 412.15616 340.82812 319.54122 413.34777 281.94481 277.17593 350.65559 429.64701 332.4032 291.9467 261.28651 302.69528 446.97137999999995 413.58839 410.53313 417.2457 322.14872 308.33808 417.05852000000004 441.06047 261.98876 387.64258 450.92656 457.84752000000003 278.94389 442.62503 213.24808 273.69098 426.07149000000004 243.23294 385.16007 458.29711 424.33514 235.64081 444.90659000000005 
407.63442 419.76297 379.07561 268.91988 395.43639 358.85909 434.8784 295.6592 421.49234 433.74171 0 375.69733 425.78197 217.63824 387.87621 356.62556 370.07041 418.92332 379.66109 421.6424 439.8912 452.98172 338.51475 222.10253 334.9408 433.32059000000004 388.50524 430.39414 407.89750000000004 422.40686 297.50791 363.66002 319.51078 206.4059 431.01095 442.64076 380.37476 258.95382 357.71496 445.98025 436.11113 359.19018 415.6106 420.44301 442.86027 245.12183 253.16378 428.37815 238.081 354.77941 457.70385 459.38259000000005 442.68414 230.38429 426.35207 473.32716 434.1817 245.71583 458.05696 341.91689 214.1689 409.10902 281.80105 293.43461 370.89215 275.49734 448.004 439.77956 241.40722 210.12568 357.96826 389.13121 317.10477 414.70924 249.96285 355.13857 361.40071 212.35332 206.6896 223.51587 262.99335 327.50354 416.31922 424.54192 412.9013 416.47945 431.78779 368.93433 439.45871999999997 424.87208999999996 276.07285 448.24842 305.14391 279.39367 389.9078 451.19254 434.21982 338.66964 470.13648 416.33065 
432.80969000000005 435.77601000000004 434.93991000000005 224.00004 441.61738 426.30683999999997 226.71557 338.11726 427.06403 267.03449 375.69733 0 428.7899 293.84206 441.44529 353.38299 224.20459 258.72097 434.57991000000004 398.67864 450.07515 333.84062 445.29367 285.33207 307.39718 445.63741 270.12809 250.28614 303.37678 290.89785 462.25061999999997 446.82569 322.00933 425.21532 434.51102000000003 322.73785 375.76034 357.18666 447.54131 357.72491 420.82153 451.57738 367.93447 426.41654000000005 462.47372 457.31078 458.11955 238.15347 238.47543 419.45619999999997 426.23022000000003 390.04537 333.95028 430.18469 432.11168 311.47747 429.3777 420.15175 389.00464 212.14831 252.86105 223.14241 470.62292 224.72906 434.21199 361.71268 316.8194 416.15814 452.65304000000003 430.34081000000003 273.89349 383.37557 440.99913000000004 325.51946 389.65151 258.65106 429.35260000000005 442.88924999999995 335.61372 373.04954 313.18597 269.89722 215.13191 452.4094 434.84294 447.97769 481.76849 443.15421000000003 307.50936 313.54495 421.17713000000003 307.82713 418.79805999999996 427.22492 231.6624 215.3689 259.40523 226.03072 456.99002 279.7709 
451.10489 413.18083 219.88573 415.49908000000005 432.03355 441.63835 350.75204 202.87193 418.66242 312.73681 425.78197 428.7899 0 434.35327 411.88662999999997 236.38717 333.18091 415.81554 275.98957 451.04298 425.89639999999997 435.77037 433.56856 447.13256 417.76615000000004 347.98803 416.98425 271.71013 386.01616 422.36279 449.02333 421.71217 202.10647 253.74868 351.07022 442.80935 369.23859 430.25273 207.34973 396.96579 211.21946 439.16891 354.56572 213.08258 453.8764 421.06453 237.76965 415.69451 302.60286 327.06238 272.98247 406.39981 420.71452999999997 416.07149000000004 346.26686 216.68243 422.08092 338.93859 312.34348 430.66405 211.61307 431.74863 247.9331 386.64725 449.72495 358.71543 434.61627999999996 288.19891 230.56376 468.6862 450.69509 422.33272 415.39751 223.76413 228.8 418.21952 439.26679 428.62167999999997 299.38798 421.66499 304.73099 354.30294 337.75802 421.98609 219.41868 445.33583 433.64441 417.69682 430.17605000000003 439.72681 418.37796000000003 429.47191 434.05442 238.09463 319.89408 405.13230999999996 442.14474 447.47835 425.97935 404.35992999999996 
419.11323000000004 433.67395 435.04428 210.30358 271.83725 270.16282 356.0759 281.54327 438.76911 452.53875 217.63824 293.84206 434.35327 0 347.90882 432.97071 411.85239 392.1116 417.89407 229.70523 455.71031 361.93189 420.16555 242.36343 437.8292 359.53708 271.10439 318.88312 314.28228 233.86734 436.0722 453.93175 245.68921 416.8069 408.79693 277.00663 280.50431 449.59729000000004 368.05168 342.10596 249.28064 269.28882 440.27718000000004 412.72008000000005 231.56012 276.57868 434.39715 456.62711 411.64572 475.38176999999996 350.39814 449.17107 359.19052 418.42769999999996 372.28473 299.34252 423.64984000000004 276.03495 484.10434 210.04625 341.89512 435.92349 437.50342 440.85434 278.30178 228.79791 461.16843 251.40141 422.72145 395.49868 298.8072 431.8202 434.98616000000004 429.4183 205.55327 260.62235 394.71931 220.89421 423.93261 441.15411 412.65964 232.27236 419.16868999999997 452.65333 421.14648 469.12308 344.55397 275.45212 386.27136 224.35198 244.64947 406.22518 380.96402 358.97661 408.5558 282.32302 217.58571 222.29846 271.54813 206.88215 
368.78725 418.40788 212.73124 428.39878 209.0719 418.41765999999996 420.95558000000005 451.05818 308.54333 329.86926 387.87621 441.44529 411.88662999999997 347.90882 0 227.82275 427.77139 279.3953 476.02796 237.14169 347.69369 233.05173 412.40867000000003 412.72298 418.60312 417.65476 421.39869 394.41087 462.40815 438.6825 443.50866 414.17722000000003 361.15907 432.15588 228.29154 283.68328 296.78292 443.113 436.77765999999997 287.82329 200.66717 200.3986 417.77769 322.73228 426.20988 433.54071999999996 323.58338 444.70258 374.79095 429.71911 438.75169000000005 348.06767 410.16224 377.7656 240.27615 333.92396 436.37352999999996 216.54531 370.33107 424.54875000000004 422.6094 429.0396 426.10128 378.96904 387.87364 239.87882 404.44322 435.22249 410.56425 206.85435 307.31932 244.60464 353.09505 403.22124 439.89887 276.92986 442.37161000000003 407.23186 395.45795 416.656 291.75836 324.63766 438.87684 322.28202 421.68677 413.20812 327.64695 421.92591000000004 426.65716 418.17146 422.18937 421.86414 277.43886 216.53928 274.66049 266.40276 317.02834 215.41457 234.95209 247.15462 
220.92403 379.22296 375.11202 222.66713 435.40722000000005 419.43296 456.67737999999997 439.2591 369.94213 211.4198 356.62556 353.38299 236.38717 432.97071 227.82275 0 432.32604000000003 240.49038 406.77256 415.47519 399.28949 358.29812 342.10966 239.16762 273.14897 425.43571 428.87982 476.87368000000004 436.11262999999997 427.20923 349.96542 331.85293 438.49364 459.99543 328.68915 223.76057 377.93573 448.88991999999996 269.97485 429.54445 410.38675 207.19351 417.64583 376.45193 245.65043 262.77749 435.31034999999997 446.12210000000005 424.00927 430.22175000000004 313.49981 205.05062 299.41205 418.56822 357.34818 250.4061 426.62735 418.71738000000005 452.9381 230.5199 260.64844 407.76437999999996 251.09473 458.27873 447.45606 252.36558 265.80536 438.65386 409.71568 368.08138 435.41047000000003 454.39083000000005 218.22721 357.56225 384.74843 421.47406 428.01968999999997 397.33191 202.16859 445.18581 367.86677 315.42419 411.79821 288.33143 408.38029 341.86326 407.4821 342.02513 325.71053 339.30018 395.37202 344.97929 335.73462 214.65169 406.51614 257.66823 432.69775 403.80274 424.18503 365.5713 
285.23727 425.43384000000003 440.71586 244.94465 447.40907000000004 416.34023 410.47420999999997 210.58683 414.21225 311.42167 370.07041 224.20459 333.18091 411.85239 427.77139 432.32604000000003 0 423.53044 265.48734 225.53925 415.48701 441.47661 450.01392 253.32677 264.80747 451.28117 257.41926 460.40074000000004 235.04373 356.55284 246.91297 430.61319000000003 283.28116 318.88119 294.91144 430.44653 432.91133 447.53703 342.54343 269.05455 443.37637 227.37279 214.79194 447.36115 419.6041 425.83535 414.11491 294.87883 374.04772 471.05537000000004 202.02563 404.47651 447.10662 205.9801 315.57777 271.71093 277.29091 409.80958 315.3394 201.80614 366.7584 433.46363 435.86401 394.2518 262.77261 413.36611 342.91362 222.53964 311.7029 398.29348 256.85151 429.36034 441.01775 228.58254 331.99371 450.51252999999997 274.97654 460.01550999999995 421.47275 404.16087 418.82304999999997 324.42966 295.15419 263.57451 434.68821 364.70715 403.46175 340.66662 325.26339 441.85229000000004 257.40484 246.12696 438.68959 319.95395 447.368 242.90099 218.15137 219.8386 414.38428999999996 317.80708 
421.92891999999995 435.90371 434.13535 419.98801000000003 300.87146 230.18935 425.45398 212.94361 262.93063 386.66776 418.92332 258.72097 415.81554 392.1116 279.3953 240.49038 423.53044 0 412.65252 248.61139 312.68447 402.70606 417.67530999999997 447.80933000000005 436.55223 451.6835 419.45507 333.29791 234.10595 415.33047999999997 422.78551 247.46363 453.88468 309.86205 303.53726 428.86708 452.08028 471.29629 209.82055 384.35534 268.68041 282.89671 417.51751 282.75453 203.75275 370.09399 374.88961 281.82979 459.96016 243.60649 421.33122000000003 430.90623000000005 377.13849 437.08268999999996 366.4687 230.04098 395.42883 297.44897 343.90791 422.09304 424.13247 242.81395 331.77632 346.9519 280.94812 210.53307 424.85689 457.31406 338.48957 420.0901 284.1747 427.77696000000003 351.61508 359.45548 200.31172 219.18595 214.63545 462.11984 420.17145 252.27164 411.75071 423.07324 413.92714 267.31766 414.96757 440.56336999999996 409.22323 339.91525 455.30225 438.38617 411.71065 343.01696 376.09625 427.51046 436.97941000000003 232.6335 443.16087 296.78379 462.44572 406.07455 
436.68727 217.18008 439.75169 336.94149 323.227 303.87162 427.16534 417.73062000000004 226.60734 211.32809 379.66109 434.57991000000004 275.98957 417.89407 476.02796 406.77256 265.48734 412.65252 0 475.13038 409.11955 427.95205 425.77232 323.40123 265.34377 463.56115 415.10231 349.40331 244.32968 427.35956 269.8014 250.27124 392.54454 305.99198 379.98993 244.94433 432.00442 390.81296 205.46779 382.13996 428.48399 318.43379 422.13973999999996 259.68464 243.72979 429.48477 354.34519 440.01914999999997 265.81551 417.84141 337.71646 421.26421 456.19023000000004 262.63456 418.24162 243.20048 383.87507 449.68809999999996 215.20881 365.41769 206.54176 422.03819999999996 424.30363 435.99783 427.26844 283.13209 452.83498 288.40732 245.50225 335.30562 419.17519 347.7929 268.45504 415.00549 212.3408 242.69115 277.69154 460.25639 405.73812 312.39776 366.11912 440.64894000000004 295.37689 416.91478 444.29265 421.23713 320.125 305.75429 287.11569 425.8411 423.61169 221.88536 431.58623 273.70249 402.08698 429.09653 426.10937 402.89295 355.17992 272.99678 
443.66560000000004 421.91849 448.88338 428.30033000000003 427.29704000000004 265.92391 393.40632 436.12608 367.6599 439.44929 421.6424 398.67864 451.04298 229.70523 237.14169 415.47519 225.53925 248.61139 475.13038 0 270.015 418.26279999999997 246.5128 422.33561 261.77205 421.95736999999997 225.00894 441.40595 423.80781 419.55355 206.36697 433.82073 397.36584 232.74018 244.32516 378.95219 289.05125 325.29978 418.76932 299.54721 437.80886 274.68886 430.43003999999996 325.09634 344.15268 200.2961 420.10142 226.92188 426.54605 480.87319 322.01311 295.05296 367.6592 299.00965 225.99977 456.85828000000004 425.2934 344.57805 459.10862 295.61795 419.97723 416.09077 426.25141 437.83963 437.46818 232.98558 422.49459 225.23099 317.8097 443.99604 242.85524 410.62061000000006 438.97726 331.26903 417.44007 310.70905 308.54935 321.16264 214.9528 446.54332 287.77872 365.44586 424.58241999999996 422.88857 421.1645 299.01266 355.51417 413.45174 468.36258999999995 432.62633000000005 426.97239 435.56427 300.83825 272.58174 226.74005 430.83691999999996 269.44105 416.58695 290.99786 268.59558 
385.17192 406.98398 433.93929 426.78098 393.2406 408.27313000000004 225.71495 364.70212 385.68436 408.3034 439.8912 450.07515 425.89639999999997 455.71031 347.69369 399.28949 415.48701 312.68447 409.11955 270.015 0 453.4252 345.621 439.68812 322.41787 460.38905 285.84075 470.15074 296.91429 416.22874 304.56487 395.27911 239.55347 354.44164 425.68728999999996 358.57268 410.34949 476.05899999999997 436.76905 280.04341 408.71714999999995 409.04087000000004 433.64616 415.28564 419.07129 360.53897 445.94764 465.59951 427.75311 288.35781 431.07611999999995 419.49247 443.66261 209.50691 430.1667 231.78647 433.68755 460.40168 337.88167 421.50432 360.34183 430.45268 342.3942 426.29345 329.40325 428.39596 338.2897 442.59637 457.25423 409.2807 442.40521 437.43676000000005 245.72225 202.13227 297.19339 411.56959 417.92579 451.12974999999994 423.82516 440.16468999999995 356.00241 407.74162 308.65355 277.07991 358.10391 202.92693 415.0558 385.18355 451.71351000000004 353.4094 433.48199999999997 415.79619 448.07775000000004 433.39737 421.12827 436.04777 470.52562 393.81696 331.88963 416.59725000000003 
341.41824 459.70917 367.04214 221.80569 306.71499 457.34074 414.96029 445.02401 201.34471 283.0875 452.98172 333.84062 435.77037 361.93189 233.05173 358.29812 441.47661 402.70606 427.95205 418.26279999999997 453.4252 0 358.29291 348.68731 415.42632000000003 427.48623 217.83093 357.63174 429.74674 425.08241 211.89583 252.48973 290.40329 417.43885 452.85991 241.74099 333.45698 455.33682 427.46545000000003 223.80015 433.71889999999996 433.45033 278.68864 424.22219 339.60334 360.3121 243.83946 462.22281 314.62212 469.21439 455.92874 448.29398000000003 456.0131 243.91829 452.5512 447.02493000000004 296.38384 441.58591 283.13693 259.42499 440.32802 254.26759 421.87746000000004 308.67978 388.92448 337.50548 426.76914999999997 423.56336 448.80861000000004 386.84508 463.41920000000005 432.57591 310.54369 386.61411 440.09026 313.31517 427.15825 363.58491 246.29212 307.08665 374.67207 298.29658 455.92174 456.21894 432.64859 458.18053 390.26881 419.18117 276.22608 439.97051999999996 431.37997 242.62133 427.69066999999995 252.18589 442.87068999999997 242.76363 223.32524 432.34969 397.7467 407.98681 
304.70505 431.86847 445.59653000000003 432.39728 203.33677 361.67198 416.84389 377.36679 416.08636 303.8209 338.51475 445.29367 433.56856 420.16555 412.40867000000003 342.10966 450.01392 417.67530999999997 425.77232 246.5128 345.621 358.29291 0 424.22682 409.46622 360.47433 435.41344000000004 377.11447 427.2291 432.38235 383.22724 255.78702 415.53686 416.55030999999997 320.09316 346.81641 340.9912 367.50816 226.21883 421.35424 446.6414 304.55224 471.60827 229.98078 350.60811 294.1186 328.21635 352.14681 449.96268999999995 262.77406 448.72021 411.42864999999995 335.59238 424.82894999999996 412.89883 420.74766999999997 322.3729 295.19327 438.66133 253.53699 436.25489000000005 339.87809 289.93838 450.65516 424.03297 339.21345 364.54877 433.3375 404.82912 245.04341 299.90716 448.22987 430.70351 463.09727 217.36359 456.77351 436.19515 443.03807 440.34228 238.66472 285.49871 404.02403000000004 430.97901 455.15594999999996 245.50545 325.44748 200.97255 351.90937 330.6579 321.07794 322.24289 203.88696 373.01785 309.47925 414.95705 241.18877 296.27923 238.70813 419.62748999999997 213.2834 
434.32241 215.54133 425.7341 439.11095 348.5276 423.58871 217.50976 285.66732 415.78555 450.51784 222.10253 285.33207 447.13256 242.36343 412.72298 239.16762 253.32677 447.80933000000005 323.40123 422.33561 439.68812 348.68731 424.22682 0 416.04697999999996 439.13176999999996 297.45241 446.56632 264.51961 450.60828 417.80997 435.54721 422.99257 323.56849 375.12666 278.0918 426.06116 301.29479 394.17415 429.44352000000003 474.16569 212.32438 468.11871 236.69445 437.23843999999997 222.03951 395.11769 217.30548 275.39062 426.01193 384.13402 418.00941 478.91895999999997 230.18121 440.47753 314.29058 450.7734 452.72253 360.24471 280.66802 368.4541 430.27863 271.30434 422.73613 485.97396 471.16134 416.369 239.61037 434.69487 432.22821 314.51482 446.57282 457.39483 424.06708000000003 247.49761 465.45702 423.5757 424.91141000000005 270.28823 325.2565 430.13747 218.45773 331.99913 262.49962 437.31947 288.27753 279.9713 328.02151 277.30036 446.63680999999997 280.3737 436.90696 222.68373 391.96572 280.9925 445.75095999999996 439.84848999999997 464.66188999999997 280.81539 368.39533 
412.17605000000003 443.86391000000003 422.26676 227.52562 405.75134 418.84519 229.60424 450.59062 443.21982 476.67186000000004 334.9408 307.39718 417.76615000000004 437.8292 418.60312 273.14897 264.80747 436.55223 265.34377 261.77205 322.41787 415.42632000000003 409.46622 416.04697999999996 0 339.26649 424.38356 256.39264 412.43913 444.53088 403.04937 275.24419 463.5639 379.19322 408.86757 371.55832 329.44177 411.7899 443.60488 450.80391999999995 281.9992 452.7364 204.56805 424.54501 232.79948 434.20160999999996 360.98167 208.43242 428.86776 362.30458 429.84856 403.24881 482.98539 434.09835 395.34372 412.56783 469.86925 202.05781 230.99061 410.06125 443.88222 428.39916 333.71436 295.13976 327.96191 416.04732 430.16134999999997 292.09148 457.47321 443.65357 286.67415 438.41400999999996 453.06372 274.39608 251.77268 469.23159 387.0899 448.19879000000003 249.92612 456.4625 351.66374 347.65828 412.96248 417.74752 429.69691 256.29207 280.63495 437.34394 206.59054 343.54091 407.70187 397.90412 384.18552 356.90519 420.74719000000005 425.87836000000004 310.78981 442.19667000000004 396.24441 455.27927 
425.91228 326.00176 345.22736 433.76500999999996 283.92232 295.65945 433.04275 444.11010999999996 290.35942 435.60137 433.32059000000004 445.63741 347.98803 359.53708 417.65476 425.43571 451.28117 451.6835 463.56115 421.95736999999997 460.38905 427.48623 360.47433 439.13176999999996 339.26649 0 379.17278 448.27734 443.42796 347.25873 215.5904 360.5184 449.49951999999996 464.20731 433.24627 334.87094 426.45185000000004 209.89564 280.14892 315.79801 463.29685 358.711 459.8623 448.92371 357.81391 386.82073 201.7069 413.25311999999997 419.08979 452.37877000000003 271.5093 323.40605 426.79152 453.24302 431.80857000000003 373.19014 440.05054 446.48684000000003 386.70233 449.85875 453.11442999999997 236.08197 429.61834999999996 403.76437999999996 350.91823 421.74010999999996 308.59753 228.74153 247.56281 235.64595 222.88942 440.31917 267.71705 333.66586 340.79129 249.83597 432.07795999999996 436.02346 337.72095 318.50421 389.9903 289.88296 429.76776 414.08637999999996 420.72969 441.99972 282.29493 412.59392 417.51441 423.26783 287.86413 324.25765 216.44804 439.30524 240.40798 466.04249 355.41091 437.59407 398.3167 442.08163 
238.71612 337.62335 338.93216 374.50822 308.5865 410.76472 393.5021 408.08835999999997 419.17564 217.46002 388.50524 270.12809 416.98425 271.10439 421.39869 428.87982 257.41926 419.45507 415.10231 225.00894 285.84075 217.83093 435.41344000000004 297.45241 424.38356 379.17278 0 438.72233 262.77152 319.84496 366.48811 433.37028999999995 450.41215 372.1319 303.0953 427.59592 282.56097 421.59141999999997 209.63452 373.86046 411.28061 470.62207 219.81551 428.7712 433.58027 425.30503999999996 438.5711 417.79821 415.50829 298.46995 417.9083 369.38861 436.67179 430.94032 356.87612 250.12156 444.41944 223.75498 261.04994 412.73779 222.49709 417.45464 440.25896 429.85316 451.82865 415.16032 405.21711 223.51986 339.99301 413.6207 396.90146 440.65957000000003 435.35997 307.82118 343.62555 442.27536999999995 471.51052 294.88844 435.29274999999996 438.869 380.67411 444.91827 424.54609 423.42418999999995 424.49548 456.21984999999995 406.79747 418.37509 469.98332 432.63723 237.3905 430.70809999999994 209.85974 289.04502 448.58536 205.82798 300.10145 274.59932 329.74428 464.84283 
436.6115 421.81931 399.24148 264.91769 396.60362 315.63666 437.07882 413.46771 453.88127999999995 432.66705 430.39414 250.28614 271.71013 318.88312 394.41087 476.87368000000004 460.40074000000004 333.29791 349.40331 441.40595 470.15074 357.63174 377.11447 446.56632 256.39264 448.27734 438.72233 0 484.86932 379.25535 433.55196 394.37692 454.70417 450.54302 331.07865 424.04886999999997 444.26634 257.53247 290.97973 468.00100999999995 339.41486 373.90585 438.25644 209.87187 433.00883999999996 427.79648 315.44027 283.1403 286.95314 422.44356 258.37511 307.03184 458.23492999999996 278.12904 434.5444 451.75996 431.58684 458.45044999999993 439.78747 276.81741 216.22524 238.02554 433.98711000000003 469.69758 267.69231 437.65513999999996 246.96126 449.49678 286.56159 341.99445 433.08182 475.18705 377.67472 309.52572 441.10548 334.72602 226.26029 426.19989 480.71387000000004 459.09443 475.17253 244.42365 365.94452 308.13741 374.96664 449.948 489.59064 458.41943000000003 391.38922 437.4522 444.81773 435.38428999999996 410.37001999999995 477.85146 276.66328 438.10632 273.28126 451.65057 430.83009000000004 459.05086 
412.58156 277.51824 310.04324 447.07674 423.51422 431.73377 406.67409 445.63056 436.48982 280.41803 407.89750000000004 303.37678 386.01616 314.28228 462.40815 436.11262999999997 235.04373 234.10595 244.32968 423.80781 296.91429 429.74674 427.2291 264.51961 412.43913 443.42796 262.77152 484.86932 0 437.67501 322.61018 389.12964 474.07625 266.72159 406.27818 289.33023 367.26926 363.33377 425.94194 329.43689 364.8731 287.50405 223.80488 315.68682 381.50077 440.97859 339.45264 418.47497999999996 432.12865999999997 450.46029 433.51288999999997 231.06201 476.12951999999996 309.94155 304.68558 430.33071 441.93119 333.96052 295.63112 409.20007999999996 319.3643 425.45993 230.53544 319.98195 341.96745 332.70204 421.83748 359.03641 354.71269 431.25869 329.27222 384.34217 361.75647 323.39206 223.83462 453.2919 394.47881 429.38655 431.32066 350.88841 392.06823 240.44567 410.80988 440.04456 389.97336 319.28803 317.31094 434.99546 315.14414 410.18147 422.13932 230.29193 309.17967 413.36924999999997 306.54197 458.46560999999997 356.03969 440.72009 436.14098 433.11523 
212.3165 330.92368 271.44691 354.1656 264.21146 390.31367 244.15072 422.21109 427.8816 236.8557 422.40686 290.89785 422.36279 233.86734 438.6825 427.20923 356.55284 415.33047999999997 427.35956 419.55355 416.22874 425.08241 432.38235 450.60828 444.53088 347.25873 319.84496 379.25535 437.67501 0 213.18658 440.79929 420.84167 329.02197 439.09283 427.86309 309.74601 300.75238 349.48142 361.6691 317.20796 238.2839 369.69521 447.8828 428.62541 318.74028 293.6644 392.8903 275.55943 425.76965 420.29285000000004 361.85989 345.50293 366.95521 308.25367 314.19542 418.01982 436.53107 452.66965 228.52763 412.47055 422.80791 327.16546 443.39627 210.34135 360.37873 431.49044 313.39238 385.61264 470.80893 441.15368 428.62542 413.51392 328.75934 215.01876 416.78614 271.09737 430.01379 457.16251 346.96877 442.91925 341.20003 428.63418 447.64091 315.99955 450.24573 272.57412 426.916 431.40557 407.63235 459.37284 415.69066999999995 251.15731 413.50559 226.89391 219.95071 244.10283 270.04834 354.92988 405.12127 
409.6124 377.36568 442.82815 295.1312 407.51433 411.89716999999996 251.27084 457.4998 357.07978 290.32391 297.50791 462.25061999999997 449.02333 436.0722 443.50866 349.96542 246.91297 422.78551 269.8014 206.36697 304.56487 211.89583 383.22724 417.80997 403.04937 215.5904 366.48811 433.55196 322.61018 213.18658 0 373.10635 487.05457 422.38991 256.24767 438.58000000000004 428.86492 247.40577 411.65918999999997 407.26737 365.0757 433.19370000000004 327.23422 426.308 381.57054 316.50716 417.29729999999995 329.17174 315.41611 459.77301 448.9386 405.0118 323.8494 295.29527 432.36674000000005 405.13665000000003 325.55521 262.85646 434.7715 425.68169 437.64630999999997 411.38299 219.88444 425.12253 423.52792999999997 439.35255 229.14908 431.59796 373.18275 451.23635 357.20481 445.18537000000003 333.19429 261.30803 356.47085 203.59956 276.22279 463.09659999999997 376.4619 304.73416 292.70653 279.74029 337.66094 406.55696 454.56764 380.27318 229.23698 445.2587 367.08612 455.96443 349.14254 426.87309 432.03844 449.01349 332.39917 298.68057 309.03812 462.73671 474.26247 463.34909000000005 
444.0199 422.94982 201.82644 243.62817 431.19461 436.20473 410.05078000000003 446.14549999999997 420.82004 356.401 363.66002 446.82569 421.71217 453.93175 414.17722000000003 331.85293 430.61319000000003 247.46363 250.27124 433.82073 395.27911 252.48973 255.78702 435.54721 275.24419 360.5184 433.37028999999995 394.37692 389.12964 440.79929 373.10635 0 465.54549999999995 328.98212 349.90043 245.06713 310.27378 260.54984 296.31878 312.96467 420.01227 242.99842 215.82125 446.04467 429.58601 270.96546 258.81447 282.04096 274.03124 430.55889 422.30322 424.31894 332.94254 335.16995 207.82096 254.53162 430.35426 311.93715 422.75217999999995 417.4422 417.77513 419.40618 259.10201 412.22692 427.69689000000005 427.30052 244.04416 209.85043 373.74609 259.45589 215.18272 373.13657 378.51766 351.01869 374.01758 200.98649 223.56436 263.96058 237.51782 342.9262 380.91433 230.50735 410.87666 371.70031 427.38655 445.08376999999996 208.9309 447.68637 375.47434 424.84182999999996 236.25289 339.06992 462.80331 439.96500000000003 392.71457 327.73769 410.08855 234.70641 452.01577 424.72082 
425.67777 446.63478999999995 302.03283 367.21053 441.00275999999997 317.47023 256.27543 390.53299 295.45166 432.17652 319.51078 322.00933 202.10647 245.68921 361.15907 438.49364 283.28116 453.88468 392.54454 397.36584 239.55347 290.40329 415.53686 422.99257 463.5639 449.49951999999996 450.41215 454.70417 474.07625 420.84167 487.05457 465.54549999999995 0 264.1659 449.54302 284.10159 458.38856 319.2903 295.05759 342.28481 413.32592999999997 420.68605 318.85575 389.26875 451.44042 462.08973000000003 260.06414 363.68148 426.61342 441.4442 461.42544 491.22796 425.05620999999996 413.79900999999995 365.44032 361.55738 219.97445 436.56102 267.56879 228.55758 341.33442 290.09038 364.70694 265.69987 426.21091 278.32156 271.70303 445.56291 432.67023 438.7823 250.36278 445.42976 434.33368 305.27687 417.17723 440.30616 434.24149 451.31107999999995 442.90276 278.00022 263.0387 350.36279 434.22024 471.16466 421.52515 355.57728 278.69561 427.12067 479.51746 423.3069 438.58144 439.61341000000004 432.29801 440.2011 403.92710999999997 375.57468 263.27774 442.52693 223.87288 202.25346 
438.50915 360.82167 473.63441 437.4178 373.88678 326.11799 415.07194000000004 428.90826 217.20226 320.23704 206.4059 425.21532 253.74868 416.8069 432.15588 459.99543 318.88119 309.86205 305.99198 232.74018 354.44164 417.43885 416.55030999999997 323.56849 379.19322 464.20731 372.1319 450.54302 266.72159 329.02197 422.38991 328.98212 264.1659 0 346.8325 236.23486 310.09313 292.77123 352.64859 295.84475 279.31721 360.78322 472.33680000000004 240.67115 486.66416 373.4864 430.43230000000005 262.93195 268.281 248.13301 414.6795 429.27733 432.72749999999996 362.35685 258.09929 309.23816 444.90988 215.61057 372.41766 423.61401 392.26542 441.95192 324.9547 372.65571 204.728 455.06442000000004 342.95603 456.36672 225.46315 416.53157999999996 445.49606 448.43345999999997 443.62728000000004 325.65932 425.27025000000003 444.93759 245.74163 229.7623 413.0955 213.80314 251.52713 427.99399000000005 264.836 467.98659 435.37233000000003 293.4325 334.74492 433.62993 247.71872 221.04423 253.50237 424.87401 445.64937 336.55399 411.59839999999997 260.09347 385.93715 281.43551 318.10011 209.92475 
327.63499 368.55849 312.72652 472.74887 404.88448000000005 436.47565 340.60004 421.40250000000003 422.21128999999996 433.94182 431.01095 434.51102000000003 351.07022 408.79693 228.29154 328.68915 294.91144 303.53726 379.98993 244.32516 425.68728999999996 452.85991 320.09316 375.12666 408.86757 433.24627 303.0953 331.07865 406.27818 439.09283 256.24767 349.90043 449.54302 346.8325 0 456.98990000000003 301.88066 247.59302 367.78858 433.72117000000003 303.40517 301.67811 276.62952 427.61985000000004 395.44218 444.62126 435.28098 335.19108 421.52671 420.83713 411.67822 209.22734 431.29061 420.60695 282.77881 417.43266000000006 361.78325 422.8941 298.44196 273.40348 399.40612 419.31818999999996 436.11951 374.10528 262.53017 265.79578 310.35084 398.90545 437.26746 435.14589 286.81621 458.56755 302.58533 492.77553 245.0776 448.23258999999996 408.28182000000004 287.14696 459.27796 449.36253 409.32631000000003 419.73593 379.19302 359.0608 447.3338 378.43808 316.37077 432.87289999999996 486.80485999999996 200.03952 409.28625 325.92405 429.86526000000003 315.4565 301.86901 219.14212 426.46884 422.05321000000004 336.91505 433.70414 
