95
FA CS BC CA DI BH EY DZ GB DN HJ AU BE CW AO CE AN EN DP HE DF DU AB AZ AG DM DX ED CT FZ HC FB CP DO EO AK DB CY EA CD CR FP FH EL FG BV DL EP HF FN GX BW DD GY AT EQ HI EB FT CI AM FW CM BI CK GV ET GZ EM EW GR BR CC GG BL FD AA CU DE BF AY EF DT ES GT AV HB BM BP CG HD GN BZ CX DK
0 5.54584 10.190100000000001 5.40574 5.0671 5.07172 10.16099 5.62293 10.20382 5.52086 10.2164 10.07575 10.06099 10.07616 5.66481 5.92984 5.60991 10.18431 5.97769 5.90094 5.13447 5.09265 5.85389 5.66009 5.3762 5.06117 10.159980000000001 5.37921 10.11659 10.118390000000002 5.2727 5.81232 5.28478 10.20795 5.94283 5.1783 5.96578 10.059059999999999 5.72046 5.03627 10.15334 5.31375 5.53167 5.34544 10.08663 10.07988 5.55107 5.04409 10.10568 5.03701 10.12383 10.06809 5.38726 5.90405 10.09491 5.59708 5.3319 5.50152 5.97345 5.51446 10.22718 5.40872 5.82221 5.63972 5.30177 10.119520000000001 5.2868 5.93163 5.87617 5.40057 5.31406 5.37394 5.79006 10.11467 5.07034 5.19059 5.11683 10.108139999999999 5.12323 5.39154 10.04619 5.50963 5.26952 5.18984 10.18505 5.75987 5.8392 5.1382 5.73298 5.18307 5.69383 5.33989 5.47283 5.10018 10.08829 
5.54584 0 5.41644 10.08058 5.96502 5.55023 10.24566 5.17807 5.04776 5.9972 5.75557 10.141079999999999 5.03818 10.12085 10.252939999999999 10.06205 5.84408 5.08344 10.084610000000001 5.11954 5.21363 5.52332 5.76918 10.1522 10.19154 10.189589999999999 5.02958 5.31387 10.06861 10.13975 5.79523 10.12679 5.76404 10.228290000000001 10.1784 5.39511 10.1339 5.41149 5.21766 5.44599 10.152190000000001 5.44761 10.08616 10.23448 5.37282 5.44725 5.05324 5.27105 5.17275 10.14347 5.19751 10.17325 5.31934 10.04486 5.67147 10.22555 10.11482 5.84795 10.14288 10.13416 5.20118 10.1713 5.43362 5.46842 10.27076 5.06096 5.03596 10.09132 10.19675 5.65764 5.88208 5.09793 5.11923 5.82345 5.49207 5.91946 10.09099 10.118079999999999 10.059989999999999 10.065470000000001 10.15745 10.09158 10.15419 10.14977 10.19417 5.8761 10.12399 5.21618 5.41632 5.70532 5.29007 5.57228 10.121780000000001 5.26728 10.139769999999999 
10.190100000000001 5.41644 0 5.57585 5.52935 5.14265 5.35287 5.70914 10.08952 5.34714 5.47701 10.14668 5.93392 10.102620000000002 5.38951 10.3887 5.35787 10.18866 5.90057 5.57708 5.23835 5.57349 10.20555 5.09182 5.78791 10.24512 5.59113 5.68531 10.205680000000001 10.337150000000001 10.14603 10.15261 10.09067 10.33574 5.40412 10.17032 5.53228 10.20402 5.72068 10.08193 5.08803 5.23627 5.52343 5.08703 5.57949 10.15113 5.99669 5.57694 5.38481 5.15309 5.62528 10.19912 5.61477 10.17797 5.61624 10.2112 10.03587 5.93659 5.16907 5.81526 10.18304 5.30866 10.173020000000001 5.09761 10.118780000000001 10.13581 5.77544 5.63252 10.15435 5.89027 5.71039 10.237359999999999 5.81952 5.20837 10.17848 5.06112 5.54353 5.35413 5.31383 5.13583 5.42147 5.2559 10.22461 5.11543 10.13124 5.41167 5.71482 5.70013 10.18311 5.83708 5.29399 10.15667 10.19099 5.45289 5.35279 
5.40574 10.08058 5.57585 0 5.64547 10.18986 5.36314 10.07649 5.13481 5.04981 10.1989 5.60197 5.0424 10.06713 10.20524 5.58133 5.89642 10.099319999999999 5.38163 10.04893 5.52182 5.1599 10.20739 10.115400000000001 5.76755 5.55842 5.69558 10.1911 5.44902 5.25748 5.00907 5.23279 5.03889 5.74963 5.17601 10.14955 5.90557 5.92838 10.09448 10.045079999999999 10.205259999999999 5.29946 5.07745 5.39396 10.05955 5.12443 5.27294 5.31899 5.33868 10.188379999999999 5.52571 5.24926 5.97593 5.29274 5.17248 5.08844 5.95774 5.60504 10.11841 5.93391 5.46918 10.22368 5.10265 5.66492 10.119209999999999 10.24217 5.54746 10.13163 5.64981 5.84706 5.64523 10.18293 10.18338 5.71059 5.13977 5.55392 10.09521 10.151959999999999 10.197009999999999 5.2258 10.200199999999999 10.17863 5.26137 5.21871 5.88948 5.36776 10.05904 5.14558 5.66462 5.91151 5.50552 5.72495 5.68126 10.14742 5.35747 
5.0671 5.96502 5.52935 5.64547 0 5.55655 5.60139 5.4479 5.89813 10.14992 5.45808 10.078 5.27089 10.09061 10.22872 5.8364 5.87584 10.13211 10.22241 5.70469 5.53037 10.11068 5.30275 5.1511 5.79496 5.94831 5.9548 5.74402 10.10928 5.88228 5.03255 5.55161 5.79774 10.34198 10.13241 5.68531 10.0975 5.06174 10.19914 5.89458 10.20634 5.79523 5.37461 5.58927 5.09887 10.43542 5.41464 10.07671 5.89452 5.49618 10.07935 10.09826 10.16256 5.96145 10.0808 10.18445 10.21449 10.21191 10.20298 5.41975 5.16008 10.16411 10.14682 5.71862 5.60955 5.35542 10.18063 10.2743 10.08442 5.32545 5.61104 10.110990000000001 5.07348 5.05684 5.33349 5.11543 5.63692 10.1077 10.19033 10.18342 5.7461 5.52723 10.132719999999999 5.502 10.37207 5.95822 10.04552 5.89211 10.15563 5.50482 10.062190000000001 5.41098 5.59472 10.16728 10.17537 
5.07172 5.55023 5.14265 10.18986 5.55655 0 5.63961 5.64963 10.26835 5.60245 10.083860000000001 5.00403 5.89066 5.44934 10.20245 10.221589999999999 5.47217 10.14666 5.62813 10.07438 10.14293 5.02996 5.90076 5.47541 5.91791 5.8589 5.50364 10.07671 10.156089999999999 10.21443 5.69913 10.20855 5.76064 10.01632 5.73713 10.13259 5.97049 5.27826 5.84838 5.82051 5.2403 5.22088 5.65891 5.8927 5.01491 5.15852 5.24391 5.66054 10.05976 10.108730000000001 10.30119 5.0658 5.92432 5.04995 10.154630000000001 5.4553 5.11339 5.73711 5.29767 5.2239 5.50696 10.0276 10.07269 5.10471 10.0519 5.12412 5.81985 5.12159 5.89567 5.52825 10.23853 10.04718 10.121369999999999 5.56243 10.11214 5.48816 10.12115 5.07479 10.05636 10.17195 5.74097 10.121410000000001 10.17163 5.04855 5.61852 5.47221 10.13078 10.08117 5.8317 5.95319 5.28359 10.12108 10.039650000000002 10.1719 5.93616 
10.16099 10.24566 5.35287 5.36314 5.60139 5.63961 0 5.77291 5.20152 10.15147 5.02895 5.24139 5.79531 10.17495 5.02729 5.35758 10.067620000000002 5.60585 5.37354 5.99236 10.20646 10.128419999999998 5.9762 10.1009 5.60526 10.04233 10.13386 10.241060000000001 10.13478 10.15982 5.56839 5.82484 5.76634 10.103570000000001 10.305579999999999 5.6788 5.89514 10.14837 5.4481 5.22636 10.166720000000002 10.13497 10.25236 5.16742 5.24718 5.18943 5.54352 5.94216 5.07291 5.29321 10.3019 5.66061 10.23644 10.23393 5.73337 5.55061 5.31368 5.35913 10.036449999999999 10.09402 10.1659 5.19268 10.055309999999999 5.16994 5.89309 5.34625 10.09252 5.06212 5.16292 5.22387 5.14023 5.39827 10.22324 5.02866 10.24968 10.04173 5.61432 5.07531 5.12143 5.02669 5.71683 10.1046 10.11547 5.34555 10.32985 5.56911 10.12425 5.60352 5.51725 10.062280000000001 5.91349 5.87649 5.12828 10.13543 5.76164 
5.62293 5.17807 5.70914 10.07649 5.4479 5.64963 5.77291 0 5.07301 5.79091 5.87607 10.14358 10.20114 5.2871 5.97385 5.32069 5.35488 5.3245 5.68822 5.00594 5.39841 10.06936 5.35695 5.13626 5.863 5.93178 5.77102 10.18423 5.26856 10.072700000000001 10.15917 10.17538 5.80101 10.342009999999998 5.13864 10.11562 5.13414 5.11071 5.22305 10.18498 5.58329 5.79847 10.16877 5.7446 10.06208 5.66981 5.26687 10.12568 5.36439 10.09206 5.53176 5.90495 10.07635 5.81954 5.779 5.95536 5.214 5.7341 5.8901 5.43218 5.32286 10.08863 5.36636 10.236650000000001 10.14331 10.10192 5.43181 10.13416 5.74767 5.57718 10.1005 10.105599999999999 5.26464 5.50711 5.20167 5.06739 5.7414 5.89323 5.62625 10.11672 10.18727 10.08664 5.39068 5.87385 5.66593 5.06849 5.11533 10.076 5.2095 5.06686 5.36505 10.03696 10.043669999999999 10.18197 10.107199999999999 
10.20382 5.04776 10.08952 5.13481 5.89813 10.26835 5.20152 5.07301 0 5.87059 5.06409 10.09558 5.81401 10.12274 5.34756 5.9827 10.19209 5.30621 10.1781 10.078949999999999 10.006540000000001 5.92134 10.105250000000002 10.18533 10.02622 5.85478 5.43147 5.23515 10.22793 10.19496 5.23954 5.36643 5.50849 10.195440000000001 5.61069 10.04105 5.08614 5.00821 5.15316 5.59133 10.33344 5.7075 5.22895 5.77099 5.41948 10.1995 5.87029 5.98834 5.57799 5.16681 5.27078 5.64695 5.85149 5.59915 10.22471 10.17848 5.42522 5.16877 5.09512 10.05644 5.57126 10.095040000000001 10.1403 5.16364 10.041540000000001 10.10079 10.0662 5.17201 10.09487 10.151019999999999 5.5759 5.09982 5.74661 5.85791 10.10453 5.0284 10.18363 5.50157 10.255880000000001 5.43001 5.11426 5.04382 5.46187 10.0442 10.17438 10.10581 5.75462 5.38259 10.09451 10.063600000000001 5.96297 5.0665 5.14205 5.41573 5.40776 
5.52086 5.9972 5.34714 5.04981 10.14992 5.60245 10.15147 5.79091 5.87059 0 5.86619 5.82335 5.68907 5.46393 10.10619 10.10383 5.49047 10.07225 10.13848 10.06092 5.78987 10.07258 10.05666 5.15046 5.57057 5.1767 5.7658 5.44338 5.98787 5.08094 5.34902 10.04707 5.70694 10.144020000000001 5.81847 5.37031 10.27056 5.15232 5.32496 5.07634 10.02186 5.71992 10.06709 10.22124 5.64475 10.09298 10.137550000000001 10.036539999999999 10.06269 5.36707 5.28877 5.60033 5.82402 5.88323 5.17743 5.49551 5.27208 5.38451 10.37874 5.52854 10.25409 10.344100000000001 10.15246 5.36808 5.31563 5.69387 5.74786 10.22953 5.83284 10.14939 10.147279999999999 5.57434 10.15624 10.15474 5.47071 10.250319999999999 5.50023 5.23624 10.16209 5.27674 5.85649 10.165479999999999 5.71588 5.05148 5.76496 5.35784 5.00923 10.19539 10.1142 10.10422 5.38601 10.26929 5.02319 5.23942 5.075 
10.2164 5.75557 5.47701 10.1989 5.45808 10.083860000000001 5.02895 5.87607 5.06409 5.86619 0 10.175709999999999 5.98806 5.39406 10.056239999999999 5.01097 5.59091 5.05152 5.71878 10.094899999999999 10.0636 5.12525 5.3323 10.135000000000002 10.31213 10.21035 10.17267 5.31056 10.083390000000001 5.13087 10.173 5.9588 10.18464 10.11905 5.43769 5.81682 10.11022 10.02352 5.08696 10.03846 5.85245 5.86477 5.22341 5.40829 5.21203 10.1333 5.05933 5.91192 10.10186 5.89002 5.54663 10.11875 10.18167 10.13062 10.17473 5.42682 5.4037 10.09576 5.54453 5.28988 5.2841 5.03095 5.25247 5.86585 5.65348 10.1568 10.108 5.99962 10.13276 10.18054 5.79505 10.14176 5.21452 10.05761 5.85607 5.92459 10.330089999999998 10.10426 10.135670000000001 10.05564 5.77954 5.51962 10.13326 5.32059 5.76506 5.06541 5.47837 5.50288 5.10381 5.03333 5.02307 5.73911 5.7759 10.05658 10.046880000000002 
10.07575 10.141079999999999 10.14668 5.60197 10.078 5.00403 5.24139 10.14358 10.09558 5.82335 10.175709999999999 0 5.97682 5.28014 5.76379 5.38779 5.19482 5.48367 10.36685 5.3819 10.20866 5.5199 5.57083 5.74465 5.68553 10.19452 5.58728 5.96933 10.24863 10.21533 5.75009 10.23403 10.05097 5.01229 5.99919 5.66457 5.00944 5.26008 5.2012 10.199390000000001 5.28907 10.115760000000002 5.59405 10.1523 10.01894 10.1599 5.87162 5.57206 10.10781 5.65179 10.047329999999999 10.06983 5.75652 5.90801 10.15991 5.93081 5.19955 5.97338 10.09815 10.22793 5.41938 10.09657 5.22723 5.2278 5.40405 5.6785 5.53004 5.90456 10.16334 10.12637 5.4939 5.04315 5.87742 5.95061 10.09248 5.88295 10.20853 10.07882 10.138580000000001 10.11318 5.70561 10.173490000000001 10.02708 10.052579999999999 10.13496 5.1103 10.161349999999999 5.77897 10.15719 5.50777 5.68562 10.07106 10.08666 5.65953 10.16158 
10.06099 5.03818 5.93392 5.0424 5.27089 5.89066 5.79531 10.20114 5.81401 5.68907 5.98806 5.97682 0 5.16369 10.16389 5.02387 10.18861 5.05692 10.152439999999999 10.1003 10.18646 10.202300000000001 10.05501 5.26104 5.15336 5.87333 10.06776 5.60135 10.138459999999998 10.09753 10.05147 10.05312 10.08129 5.88334 5.93895 5.69821 10.05883 10.16737 5.83863 5.02472 10.23583 10.23894 5.29436 10.04097 5.29197 10.05791 5.98509 5.94481 5.4631 5.63711 10.22033 5.43715 5.62476 5.00668 5.92799 5.8082 5.86854 5.25297 5.94751 10.093679999999999 5.52738 5.83672 5.54267 5.94699 5.58017 5.20669 5.66252 5.79457 5.61135 10.32478 10.125779999999999 10.10043 5.14098 10.10312 5.66185 5.35537 5.05281 10.074349999999999 10.14857 10.10975 5.1578 10.03673 5.52033 10.136679999999998 5.49518 10.16378 5.08581 10.16775 5.07682 5.5935 10.13853 5.23211 10.041879999999999 5.10502 5.61691 
10.07616 10.12085 10.102620000000002 10.06713 10.09061 5.44934 10.17495 5.2871 10.12274 5.46393 5.39406 5.28014 5.16369 0 5.72797 5.23624 10.20553 5.24772 10.249179999999999 5.55213 10.23927 10.13625 5.83302 5.33525 10.06362 10.16577 5.86026 5.84207 10.13683 10.149999999999999 5.05806 5.13249 5.35345 10.19993 5.49762 5.77802 5.18636 10.0138 5.19454 5.06656 10.09653 5.77916 10.119689999999999 10.09929 10.09567 5.13692 10.098790000000001 10.12782 5.93582 5.81159 5.12129 5.44474 5.21903 10.06289 5.00613 10.23671 5.42233 5.53071 5.44953 10.110019999999999 5.83443 10.19251 5.83235 5.00501 5.42677 5.06149 5.49666 10.21945 5.08211 5.88481 10.09175 5.02292 10.17885 5.94736 5.54305 5.54464 5.29672 10.035879999999999 5.11452 5.63181 5.17354 10.118459999999999 10.11899 10.28958 5.63398 10.16565 10.1676 10.08167 5.44345 10.08249 5.01335 10.110479999999999 5.29948 5.7588 5.64749 
5.66481 10.252939999999999 5.38951 10.20524 10.22872 10.20245 5.02729 5.97385 5.34756 10.10619 10.056239999999999 5.76379 10.16389 5.72797 0 10.20318 5.48512 10.08106 10.15646 5.75561 5.17917 5.77304 5.20681 5.51665 5.01053 10.15165 5.7676 10.14756 5.26128 5.73235 5.19617 10.15701 5.62244 5.63993 5.72145 10.17022 5.32253 10.08456 10.1934 10.25365 10.20264 5.65361 5.65956 10.09605 10.27447 5.15709 5.67208 5.83927 5.10883 5.81416 10.21545 5.13665 5.70937 5.20664 5.18789 5.38238 10.27547 10.18742 5.00916 5.29855 5.62747 10.21997 10.164629999999999 10.12049 10.02862 5.24051 10.15352 10.066980000000001 5.30445 5.16412 5.88494 5.24969 5.76926 10.05435 10.01857 10.085180000000001 10.215050000000002 5.4698 5.29195 5.15739 5.88317 10.162230000000001 5.93628 10.075410000000002 10.27295 10.07095 5.09696 5.2849 5.21307 5.8912 5.5112 5.10711 10.149049999999999 5.3553 5.39616 
5.92984 10.06205 10.3887 5.58133 5.8364 10.221589999999999 5.35758 5.32069 5.9827 10.10383 5.01097 5.38779 5.02387 5.23624 10.20318 0 5.77323 10.06249 10.17244 5.5072 10.22771 10.037189999999999 5.35388 5.60037 10.15607 5.50231 10.22626 10.118390000000002 5.11459 10.14184 10.18411 10.09355 10.05263 5.32849 5.34184 10.0795 10.149930000000001 10.01801 5.53098 5.02749 5.49592 5.84629 5.97165 10.32187 5.62284 10.24613 5.75403 5.21034 10.31414 10.19417 10.313130000000001 5.3997 10.244599999999998 10.03055 10.17793 5.29408 10.09752 10.274709999999999 5.48665 5.87333 5.94554 10.041920000000001 5.23703 10.24125 5.26428 5.3439 10.14724 5.15452 5.46557 5.9972 10.021619999999999 10.18148 5.56111 5.3344 10.05081 5.5387 5.85883 5.1468 5.1247 5.62971 5.97803 10.14856 5.80542 5.74739 5.94471 5.23808 5.41591 5.68774 5.09682 10.0443 5.69068 10.086459999999999 10.223690000000001 10.128889999999998 5.03591 
5.60991 5.84408 5.35787 5.89642 5.87584 5.47217 10.067620000000002 5.35488 10.19209 5.49047 5.59091 5.19482 10.18861 10.20553 5.48512 5.77323 0 5.67009 5.29526 10.10529 10.0605 10.1006 5.7435 10.11514 5.80788 5.49718 5.03499 10.33301 5.37708 5.39274 10.16742 5.69905 5.27274 5.77067 5.93292 5.75283 5.10595 10.10172 10.358509999999999 5.99889 5.28782 10.15925 10.08428 5.7724 5.84423 5.92276 10.072659999999999 10.27291 5.19634 10.1833 5.56011 10.0647 10.2089 5.60434 10.144570000000002 5.26795 5.81685 5.53112 5.58214 10.239080000000001 10.124929999999999 5.83494 5.58221 10.04937 5.60386 5.98211 10.26753 5.03458 5.52434 5.71904 5.52488 5.20222 5.11241 10.251349999999999 10.152650000000001 5.83803 10.277750000000001 5.43415 10.17084 5.04093 10.143139999999999 10.16509 5.92687 10.207550000000001 5.44805 5.05983 5.53037 5.96602 5.84932 5.81209 5.56026 5.81329 10.06677 5.59915 5.42545 
10.18431 5.08344 10.18866 10.099319999999999 10.13211 10.14666 5.60585 5.3245 5.30621 10.07225 5.05152 5.48367 5.05692 5.24772 10.08106 10.06249 5.67009 0 10.1665 5.04338 5.24648 10.04393 10.288509999999999 5.55785 10.15949 5.66682 5.67483 5.10545 10.05312 5.31463 5.64992 10.27745 5.30893 5.14485 5.61112 10.27627 5.19019 10.06508 10.138480000000001 5.24944 5.17891 10.21439 5.89159 10.06595 10.137270000000001 5.78542 5.61908 5.14022 10.1388 10.143329999999999 5.38439 5.28335 5.37525 10.063600000000001 10.17929 5.93313 10.03827 5.81295 5.68365 10.25762 10.21731 5.29996 10.28281 10.25273 5.60707 5.42088 10.1194 10.103190000000001 5.29533 5.7044 10.14506 5.1606 5.87947 5.97066 5.9926 5.56223 5.6092 10.10715 10.15352 5.05283 5.722 10.20694 10.14161 10.37211 5.51501 5.57956 5.83549 10.11344 5.1261 5.49683 5.75168 5.30282 10.081109999999999 5.70665 5.97579 
5.97769 10.084610000000001 5.90057 5.38163 10.22241 5.62813 5.37354 5.68822 10.1781 10.13848 5.71878 10.36685 10.152439999999999 10.249179999999999 10.15646 10.17244 5.29526 10.1665 0 5.40997 5.81771 10.13616 5.56739 5.64429 10.21383 10.08698 5.05503 5.49444 5.28682 10.140889999999999 10.15597 5.50597 10.366859999999999 5.5095 10.094249999999999 10.05892 10.01249 5.79402 10.158909999999999 10.201630000000002 5.59216 10.13148 5.14188 10.2846 5.78935 10.068539999999999 5.74611 10.13509 10.02873 5.60195 5.28617 5.18448 5.24764 5.60013 5.96639 5.07751 5.82388 10.3818 5.91148 10.20228 10.101880000000001 5.42171 5.64645 10.069410000000001 10.18364 5.36778 5.61016 5.03836 10.203600000000002 5.14039 5.91018 10.07115 5.79632 10.17441 10.18572 10.22759 10.19636 10.260909999999999 5.54833 5.16505 5.47977 5.49565 5.20777 5.35365 10.1396 5.26456 5.53721 10.31544 5.07562 10.07978 10.1206 10.15532 5.19131 5.1146 5.93707 
5.90094 5.11954 5.57708 10.04893 5.70469 10.07438 5.99236 5.00594 10.078949999999999 10.06092 10.094899999999999 5.3819 10.1003 5.55213 5.75561 5.5072 10.10529 5.04338 5.40997 0 10.09581 5.86638 10.155550000000002 5.57948 5.5099 5.8891 5.0703 10.14883 5.00974 5.18929 10.18833 5.27966 5.70817 10.09563 5.29467 10.206520000000001 5.71776 5.89722 10.153880000000001 10.03343 10.222290000000001 5.71189 10.26519 10.318 5.26545 10.16115 10.17278 5.12903 10.02064 5.91321 5.60082 5.7463 5.755 5.58864 10.1873 10.24538 5.51387 10.13597 10.18094 10.21858 5.27146 10.212019999999999 10.0959 5.64333 5.48806 5.54793 10.042390000000001 5.7541 10.20982 10.156089999999999 5.10168 5.96678 5.38065 10.11586 10.17763 5.51295 10.22132 5.42423 10.142330000000001 10.09621 10.27143 5.9028 5.88009 10.18347 10.22091 5.23157 5.54985 5.07006 5.75507 5.41985 5.5453 5.81261 5.03773 10.13866 10.163319999999999 
5.13447 5.21363 5.23835 5.52182 5.53037 10.14293 10.20646 5.39841 10.006540000000001 5.78987 10.0636 10.20866 10.18646 10.23927 5.17917 10.22771 10.0605 5.24648 5.81771 10.09581 0 10.06481 5.92015 5.69581 5.86952 5.78785 5.02551 5.88233 10.232520000000001 5.36232 5.81809 5.77574 10.248000000000001 10.226310000000002 5.15831 10.03377 5.75521 5.00093 10.25733 10.17042 10.14685 5.19073 10.10931 10.21168 10.04421 10.22884 5.23827 5.48627 5.58202 5.29365 10.03235 5.07713 5.95363 10.08682 5.28382 10.19257 10.25126 5.2302 5.40149 5.01114 5.1721 5.1181 5.39568 5.44975 10.03876 10.117180000000001 10.06342 10.097249999999999 10.1006 10.17019 10.0756 5.92425 5.50539 5.66654 10.20481 5.04249 10.160409999999999 10.16261 5.73716 5.30376 5.46933 5.87031 10.129660000000001 5.23354 5.10364 5.61953 5.57422 5.82797 10.30488 5.72101 10.001380000000001 5.65775 10.2348 5.17999 5.50679 
5.09265 5.52332 5.57349 5.1599 10.11068 5.02996 10.128419999999998 10.06936 5.92134 10.07258 5.12525 5.5199 10.202300000000001 10.13625 5.77304 10.037189999999999 10.1006 10.04393 10.13616 5.86638 10.06481 0 5.28716 5.34483 5.6669 5.77205 10.07629 5.31439 10.120080000000002 10.08144 10.04424 10.0977 5.16407 5.24302 5.69591 5.56328 10.08264 10.10509 5.97052 5.82993 5.87169 5.62392 5.44599 10.11657 10.04487 5.95406 10.08204 10.02336 5.90196 5.54395 10.21613 5.87793 5.60833 5.65447 10.15786 10.1724 5.9586 10.27129 5.85599 10.21808 5.83244 5.96851 10.13422 10.13467 5.54414 5.12801 5.25679 5.46181 5.3825 10.01346 5.39449 5.95529 5.95183 5.89868 5.31411 5.02232 10.08493 10.08859 5.94215 10.18186 10.402940000000001 5.46049 5.30774 5.26826 5.65334 10.065719999999999 5.22636 10.17116 5.39722 5.4557 5.79267 5.5497 10.20298 10.100629999999999 5.79359 
5.85389 5.76918 10.20555 10.20739 5.30275 5.90076 5.9762 5.35695 10.105250000000002 10.05666 5.3323 5.57083 10.05501 5.83302 5.20681 5.35388 5.7435 10.288509999999999 5.56739 10.155550000000002 5.92015 5.28716 0 5.70124 10.21211 5.24988 5.5317 10.11887 10.13455 5.27269 5.80106 10.06367 10.094180000000001 5.74469 5.25727 10.188410000000001 10.07877 5.29337 5.19722 5.25016 5.98242 10.08559 5.25281 5.95946 5.66641 10.133659999999999 5.25185 10.272310000000001 5.6178 10.176459999999999 5.26914 10.069849999999999 10.07046 10.128820000000001 5.83861 10.26031 10.13907 10.32669 10.06798 10.11276 5.8659 5.56348 5.64787 5.10794 5.33085 5.98706 10.135940000000002 5.41985 5.37219 5.02369 10.13073 10.075510000000001 5.85297 5.02843 5.30138 10.14368 5.14146 5.30305 10.20029 5.68988 5.24818 5.34146 10.305109999999999 5.53775 5.93186 10.16213 5.04743 5.64016 5.51392 10.175170000000001 5.40129 5.63983 5.66365 5.4079 5.07746 
5.66009 10.1522 5.09182 10.115400000000001 5.1511 5.47541 10.1009 5.13626 10.18533 5.15046 10.135000000000002 5.74465 5.26104 5.33525 5.51665 5.60037 10.11514 5.55785 5.64429 5.57948 5.69581 5.34483 5.70124 0 5.6159 5.1533 10.16532 10.10675 5.11386 5.92559 10.032969999999999 10.24995 5.87348 10.34364 10.050339999999998 10.231950000000001 10.138300000000001 5.53558 5.04804 10.17105 5.05524 5.92388 5.92803 10.17885 10.11062 10.08951 10.069939999999999 10.34721 5.9488 10.17375 5.38374 10.12636 5.22212 5.08615 5.61139 5.58441 10.08588 5.15094 5.35777 5.14231 10.15025 5.49714 10.05012 10.13842 10.074670000000001 5.09124 10.14651 10.12457 5.38479 10.24417 5.34602 10.1799 10.15757 10.123439999999999 5.32625 10.152940000000001 5.93893 5.71994 5.5573 5.07421 5.67314 10.096810000000001 5.77389 5.14081 5.22097 10.112639999999999 5.43906 5.06176 5.92355 5.26259 5.32392 5.11883 10.08477 5.94668 5.02427 
5.3762 10.19154 5.78791 5.76755 5.79496 5.91791 5.60526 5.863 10.02622 5.57057 10.31213 5.68553 5.15336 10.06362 5.01053 10.15607 5.80788 10.15949 10.21383 5.5099 5.86952 5.6669 10.21211 5.6159 0 5.27779 5.73743 5.60643 5.79175 10.06965 5.33699 5.95488 5.25234 5.15929 5.34297 10.06278 5.46942 10.09648 10.170580000000001 10.178080000000001 5.36417 10.08315 5.18683 5.37097 10.20062 10.16762 10.2561 10.14553 10.11936 5.68466 10.13324 5.58569 10.14681 5.12692 10.17476 10.224730000000001 10.269200000000001 5.86249 10.01969 5.84368 5.82405 5.86973 10.18655 5.10996 10.058440000000001 5.3103 10.0831 10.18555 5.36818 10.17465 10.107759999999999 10.0587 10.19834 5.72719 5.48591 5.07465 10.20617 10.151119999999999 5.2227 10.08339 5.62745 5.1517 10.1476 5.13604 5.5004 10.19562 5.51193 5.14474 5.58129 5.67209 5.99988 5.95994 5.27611 10.1808 10.163229999999999 
5.06117 10.189589999999999 10.24512 5.55842 5.94831 5.8589 10.04233 5.93178 5.85478 5.1767 10.21035 10.19452 5.87333 10.16577 10.15165 5.50231 5.49718 5.66682 10.08698 5.8891 5.78785 5.77205 5.24988 5.1533 5.27779 0 5.84987 5.30127 10.239180000000001 10.11383 5.30939 10.100819999999999 10.3108 5.26915 10.17791 5.96487 5.18508 5.17225 5.88049 10.097439999999999 5.87657 5.61738 5.76855 5.26658 10.27196 5.08777 5.54612 10.1051 10.207360000000001 5.6499 5.19733 5.0811 5.75564 10.18204 5.21386 5.46042 5.4011 5.26557 5.34463 10.18159 5.23194 5.34759 5.34301 10.19645 5.63365 10.229 5.35641 10.113769999999999 5.86802 10.13722 10.21387 5.18706 5.11062 10.12252 10.131509999999999 5.67843 10.178 10.23228 5.46317 10.103069999999999 10.176770000000001 5.4532 5.05523 5.92239 5.7489 10.05484 10.185929999999999 5.52301 5.60383 10.05272 10.172699999999999 10.136379999999999 10.17423 5.88393 10.08084 
10.159980000000001 5.02958 5.59113 5.69558 5.9548 5.50364 10.13386 5.77102 5.43147 5.7658 10.17267 5.58728 10.06776 5.86026 5.7676 10.22626 5.03499 5.67483 5.05503 5.0703 5.02551 10.07629 5.5317 10.16532 5.73743 5.84987 0 10.15458 5.98392 10.12838 10.0628 5.43558 5.33141 10.04486 10.08081 10.117640000000002 5.69562 5.0848 10.17878 10.254290000000001 5.63538 5.14891 5.59815 5.40048 5.75902 10.14703 10.08282 5.83985 5.26243 5.22733 10.19831 5.14367 10.17813 10.06283 10.11383 10.13254 10.28228 5.95974 5.89777 5.51919 10.197610000000001 5.14172 5.12544 5.01438 10.26261 5.98381 5.99025 5.07174 5.43895 10.15002 10.17198 10.127510000000001 5.74435 10.185089999999999 5.97085 5.66738 5.3352 5.28457 5.49428 5.13173 5.74737 10.12577 5.77775 10.259049999999998 10.12568 5.53097 5.7421 10.09104 10.13065 5.80236 5.92455 5.83066 10.10707 10.169630000000002 5.94142 
5.37921 5.31387 5.68531 10.1911 5.74402 10.07671 10.241060000000001 10.18423 5.23515 5.44338 5.31056 5.96933 5.60135 5.84207 10.14756 10.118390000000002 10.33301 5.10545 5.49444 10.14883 5.88233 5.31439 10.11887 10.10675 5.60643 5.30127 10.15458 0 10.13303 5.43267 5.77139 5.40734 5.15221 5.82367 5.73826 5.45962 10.02604 5.69637 10.207339999999999 5.31988 10.278970000000001 5.87118 5.46545 5.39249 10.237210000000001 10.15912 5.20218 10.03491 10.15593 5.81581 10.18038 5.01091 10.18833 5.9134 5.37714 5.50209 10.14409 5.65209 10.27654 10.224229999999999 10.1418 5.04838 10.13607 5.73314 5.70862 10.186969999999999 5.18633 5.45815 10.084489999999999 10.37195 10.15321 5.68654 5.41809 10.05233 5.29796 5.37473 5.62329 10.1899 5.46645 10.146439999999998 5.11197 10.126449999999998 10.11674 5.67204 10.34751 10.13652 5.68718 5.40643 10.131219999999999 5.83891 5.29016 5.40565 5.59058 5.13655 5.08248 
10.11659 10.06861 10.205680000000001 5.44902 10.10928 10.156089999999999 10.13478 5.26856 10.22793 5.98787 10.083390000000001 10.24863 10.138459999999998 10.13683 5.26128 5.11459 5.37708 10.05312 5.28682 5.00974 10.232520000000001 10.120080000000002 10.13455 5.11386 5.79175 10.239180000000001 5.98392 10.13303 0 10.072790000000001 10.21711 5.7261 10.21076 10.18376 5.41097 10.09882 5.70579 5.31657 10.1619 5.92417 5.70666 5.6679 10.08479 5.53167 10.272590000000001 5.15141 5.9966 10.138770000000001 10.06008 5.07958 10.41265 5.6168 5.74465 5.39385 5.93223 5.42288 5.48978 5.85119 5.68786 10.13087 5.06042 10.12999 10.19868 10.25191 5.57214 5.11738 5.03265 5.83922 10.128260000000001 10.08718 10.111419999999999 5.52457 5.34637 5.10612 10.14582 5.2413 5.4771 10.23565 5.38389 5.74531 10.23416 5.57888 10.226590000000002 10.20752 5.5946 10.21442 10.16518 5.78927 5.97064 5.05006 10.17895 5.52045 5.8265 10.10121 5.94407 
10.118390000000002 10.13975 10.337150000000001 5.25748 5.88228 10.21443 10.15982 10.072700000000001 10.19496 5.08094 5.13087 10.21533 10.09753 10.149999999999999 5.73235 10.14184 5.39274 5.31463 10.140889999999999 5.18929 5.36232 10.08144 5.27269 5.92559 10.06965 10.11383 10.12838 5.43267 10.072790000000001 0 10.09234 10.07177 5.63531 10.24845 5.25808 5.09327 10.216239999999999 5.29932 10.16806 10.15728 10.207699999999999 5.79833 5.84933 10.22361 10.22934 10.09539 5.90264 5.27833 10.05653 10.17015 10.262599999999999 10.2016 10.24589 5.42602 10.106169999999999 5.61688 10.18525 5.71331 5.2978 5.92074 5.28198 5.26316 5.57477 10.15414 5.10349 5.89167 10.2187 10.25168 5.0974 5.28959 10.14977 10.03167 10.2945 10.301120000000001 10.288129999999999 5.32949 10.33871 10.18496 10.16458 5.20132 5.26343 5.74163 10.19125 5.22454 5.96419 10.19628 5.01172 5.19083 5.30469 10.0663 10.15278 5.58153 5.74877 5.30429 10.155940000000001 
5.2727 5.79523 10.14603 5.00907 5.03255 5.69913 5.56839 10.15917 5.23954 5.34902 10.173 5.75009 10.05147 5.05806 5.19617 10.18411 10.16742 5.64992 10.15597 10.18833 5.81809 10.04424 5.80106 10.032969999999999 5.33699 5.30939 10.0628 5.77139 10.21711 10.09234 0 5.60566 10.04796 5.97336 10.15948 5.59021 5.22478 10.05315 10.16896 5.99179 5.89019 10.25676 10.028590000000001 10.1929 10.131419999999999 5.6918 5.74351 5.62197 10.07587 5.27037 5.57551 5.40066 5.17859 10.16875 10.06419 5.64551 5.81238 5.17936 5.91417 10.19302 5.7476 5.56711 10.03057 5.04842 10.14292 5.23449 5.83418 5.71452 5.05187 10.19069 5.43593 5.49707 5.42 5.54497 10.14884 5.60248 5.75786 10.095220000000001 5.84486 10.02059 10.2316 10.26897 5.34109 10.16615 10.38411 5.10759 5.10954 5.11827 5.25467 10.230889999999999 10.07141 10.08024 10.1418 5.4375 5.65877 
5.81232 10.12679 10.15261 5.23279 5.55161 10.20855 5.82484 10.17538 5.36643 10.04707 5.9588 10.23403 10.05312 5.13249 10.15701 10.09355 5.69905 10.27745 5.50597 5.27966 5.77574 10.0977 10.06367 10.24995 5.95488 10.100819999999999 5.43558 5.40734 5.7261 10.07177 5.60566 0 5.85684 5.52286 5.3485 5.98742 5.695 5.29844 5.78509 5.15124 5.19471 10.23225 10.1039 5.06558 5.55493 5.43147 10.12504 10.29253 10.130220000000001 10.09576 10.23029 10.22372 5.21388 10.241610000000001 5.47256 5.92449 5.29168 5.12484 10.22682 10.11149 10.26306 10.30545 5.0068 5.15088 5.91154 5.16356 10.23534 5.08696 10.126339999999999 5.53118 10.1981 10.15541 10.12017 10.09936 5.21741 10.1187 5.00031 5.45833 5.70676 5.94057 5.18556 5.7909 10.20013 5.59673 5.98719 10.111930000000001 5.06005 5.87085 5.17621 10.12583 5.94613 5.18893 10.06145 5.18327 5.3469 
5.28478 5.76404 10.09067 5.03889 5.79774 5.76064 5.76634 5.80101 5.50849 5.70694 10.18464 10.05097 10.08129 5.35345 5.62244 10.05263 5.27274 5.30893 10.366859999999999 5.70817 10.248000000000001 5.16407 10.094180000000001 5.87348 5.25234 10.3108 5.33141 5.15221 10.21076 5.63531 10.04796 5.85684 0 5.45563 10.04279 10.20073 5.39694 5.78457 5.92726 5.09922 10.23851 10.269200000000001 5.79868 10.13096 5.17979 10.16332 10.137260000000001 10.221879999999999 10.105879999999999 5.34595 5.85057 5.45927 10.23309 10.1248 5.80329 10.12481 10.078330000000001 5.91683 5.13944 5.23686 5.21172 5.64804 5.94222 5.07236 5.80761 5.62858 10.27533 10.051449999999999 10.1291 10.09554 10.20361 5.14404 5.33204 5.24695 10.03467 5.44241 10.17317 10.01347 5.91196 5.60423 5.96918 5.32221 5.305 5.9049 5.1953 5.18584 10.21601 5.00709 5.60794 5.5563 5.5678 10.040230000000001 10.16574 5.38631 5.01672 
10.20795 10.228290000000001 10.33574 5.74963 10.34198 10.01632 10.103570000000001 10.342009999999998 10.195440000000001 10.144020000000001 10.11905 5.01229 5.88334 10.19993 5.63993 5.32849 5.77067 5.14485 5.5095 10.09563 10.226310000000002 5.24302 5.74469 10.34364 5.15929 5.26915 10.04486 5.82367 10.18376 10.24845 5.97336 5.52286 5.45563 0 5.66291 5.91037 5.53868 5.95666 10.14623 10.1259 10.165880000000001 10.12865 5.47411 5.932 5.5321 10.25509 10.13785 5.96082 5.57998 5.64907 5.44623 10.07862 5.32968 10.10749 5.87799 5.17173 5.61411 5.94162 5.25134 10.13448 10.10274 10.404779999999999 5.66659 10.20779 5.512 10.09289 5.23733 5.79031 5.15105 5.63869 5.28021 10.05544 10.28927 5.78974 5.86115 5.27462 10.21461 10.12939 5.36967 10.05236 10.256499999999999 5.1612 5.01479 10.18532 5.12267 10.094339999999999 10.17425 10.29081 10.03714 5.68576 10.058340000000001 5.97093 10.09956 5.60284 5.83874 
5.94283 10.1784 5.40412 5.17601 10.13241 5.73713 10.305579999999999 5.13864 5.61069 5.81847 5.43769 5.99919 5.93895 5.49762 5.72145 5.34184 5.93292 5.61112 10.094249999999999 5.29467 5.15831 5.69591 5.25727 10.050339999999998 5.34297 10.17791 10.08081 5.73826 5.41097 5.25808 10.15948 5.3485 10.04279 5.66291 0 5.03235 10.088819999999998 5.9422 5.74746 5.6003 10.23654 5.67174 5.18223 5.68679 5.17172 5.7663 5.17748 5.24949 5.53493 5.01237 5.10689 5.95339 5.61022 5.77327 10.07027 5.50857 10.067319999999999 5.98984 5.78016 5.64717 5.84134 5.82851 10.04045 10.24053 5.93768 10.08016 10.03524 5.62352 5.8563 10.23921 5.82065 10.09487 5.46013 5.96709 10.04402 5.11151 5.33515 10.243739999999999 10.2035 5.49496 5.44369 5.92566 5.5271 5.42786 10.160409999999999 5.38363 10.22536 10.11427 10.02842 10.081109999999999 5.01328 10.10811 10.13252 10.04679 5.02607 
5.1783 5.39511 10.17032 10.14955 5.68531 10.13259 5.6788 10.11562 10.04105 5.37031 5.81682 5.66457 5.69821 5.77802 10.17022 10.0795 5.75283 10.27627 10.05892 10.206520000000001 10.03377 5.56328 10.188410000000001 10.231950000000001 10.06278 5.96487 10.117640000000002 5.45962 10.09882 5.09327 5.59021 5.98742 10.20073 5.91037 5.03235 0 5.41617 5.03284 10.13776 5.10151 5.94577 5.30409 10.089849999999998 10.27182 10.20407 5.63348 5.40907 5.13981 10.13058 5.07688 10.11791 5.98135 5.79558 5.50321 5.66887 5.79887 10.13183 5.15042 5.47688 5.15033 5.24431 5.46452 5.27651 10.20129 5.53303 5.78575 5.58463 10.229959999999998 10.19067 5.2426 5.77906 5.4963 10.25683 10.17991 5.84427 5.41913 5.24544 5.48881 5.59189 5.70127 10.11143 5.08899 5.37433 10.317810000000001 5.60244 10.13317 10.10499 10.1434 10.34422 5.04876 5.90587 5.47863 5.83437 10.189779999999999 10.03806 
5.96578 10.1339 5.53228 5.90557 10.0975 5.97049 5.89514 5.13414 5.08614 10.27056 10.11022 5.00944 10.05883 5.18636 5.32253 10.149930000000001 5.10595 5.19019 10.01249 5.71776 5.75521 10.08264 10.07877 10.138300000000001 5.46942 5.18508 5.69562 10.02604 5.70579 10.216239999999999 5.22478 5.695 5.39694 5.53868 10.088819999999998 5.41617 0 5.64203 5.7868 10.16506 5.26834 5.98023 5.93875 5.37518 10.12042 10.11904 5.49642 5.92051 5.09837 5.30305 10.13335 5.14374 5.21389 5.05215 10.17106 5.39741 5.2458 10.1937 5.50049 10.129290000000001 5.22581 5.56857 5.11754 10.14253 5.71528 10.13994 5.98529 10.12716 5.33471 10.23063 5.69266 5.61048 10.12357 5.5071 5.66578 5.26333 5.25572 5.78436 5.30999 5.10374 10.09573 10.079419999999999 5.71804 10.109580000000001 5.61523 10.06628 10.15883 5.50169 10.08419 5.36893 5.92419 10.15264 10.152190000000001 5.91793 10.18505 
10.059059999999999 5.41149 10.20402 5.92838 5.06174 5.27826 10.14837 5.11071 5.00821 5.15232 10.02352 5.26008 10.16737 10.0138 10.08456 10.01801 10.10172 10.06508 5.79402 5.89722 5.00093 10.10509 5.29337 5.53558 10.09648 5.17225 5.0848 5.69637 5.31657 5.29932 10.05315 5.29844 5.78457 5.95666 5.9422 5.03284 5.64203 0 10.089739999999999 5.16949 10.228639999999999 5.02926 5.37492 5.76665 5.54774 10.05076 10.2392 5.01497 10.09271 10.10972 5.43106 10.038969999999999 5.10082 5.38355 10.18911 5.44366 5.64496 10.17698 5.79406 5.25328 5.23714 5.95997 10.20712 5.16845 10.111799999999999 10.09794 5.69984 5.85574 5.52674 10.113389999999999 10.03135 5.07153 10.13522 10.118580000000001 5.44118 5.72757 10.20216 5.16168 5.24767 5.12168 10.12247 5.04097 5.59958 5.67564 10.10457 10.0518 5.08156 10.15493 10.18653 5.24577 5.00045 5.30511 10.02832 5.24401 10.07925 
5.72046 5.21766 5.72068 10.09448 10.19914 5.84838 5.4481 5.22305 5.15316 5.32496 5.08696 5.2012 5.83863 5.19454 10.1934 5.53098 10.358509999999999 10.138480000000001 10.158909999999999 10.153880000000001 10.25733 5.97052 5.19722 5.04804 10.170580000000001 5.88049 10.17878 10.207339999999999 10.1619 10.16806 10.16896 5.78509 5.92726 10.14623 5.74746 10.13776 5.7868 10.089739999999999 0 10.1518 5.61883 10.09291 5.01703 5.85782 10.15004 5.04634 10.111989999999999 5.74457 10.2863 10.205449999999999 5.9324 5.42634 10.10687 5.04366 10.13059 10.25842 5.24936 5.75983 10.05799 5.55978 5.85696 5.87236 5.84751 5.98599 10.05879 5.58859 10.06917 10.11772 5.74623 10.15631 10.191040000000001 5.65154 5.41059 10.22565 5.30836 5.7233 10.316790000000001 10.12337 5.44873 10.06164 5.83017 5.04877 5.61175 5.6262 10.13463 10.152370000000001 5.64726 10.1098 5.46799 10.06855 10.11003 5.76468 10.111740000000001 10.03669 5.86913 
5.03627 5.44599 10.08193 10.045079999999999 5.89458 5.82051 5.22636 10.18498 5.59133 5.07634 10.03846 10.199390000000001 5.02472 5.06656 10.25365 5.02749 5.99889 5.24944 10.201630000000002 10.03343 10.17042 5.82993 5.25016 10.17105 10.178080000000001 10.097439999999999 10.254290000000001 5.31988 5.92417 10.15728 5.99179 5.15124 5.09922 10.1259 5.6003 5.10151 10.16506 5.16949 10.1518 0 5.59627 10.19875 5.86255 5.78895 10.27901 5.84278 5.70794 10.080359999999999 5.37567 5.83774 5.30964 5.29509 5.71332 10.031400000000001 5.28828 5.73022 5.72122 5.65578 5.88821 5.41285 10.21065 5.50944 5.91544 5.42835 5.71253 5.48875 5.61014 5.38487 5.87606 5.38861 5.65983 10.08948 5.51741 5.0784 5.02332 10.19365 5.48489 5.92524 5.88474 5.75343 5.00992 5.96211 5.45634 5.41047 5.27089 5.26217 5.50617 5.21083 10.10154 10.00846 10.07991 5.86231 10.09953 5.31744 5.43671 
10.15334 10.152190000000001 5.08803 10.205259999999999 10.20634 5.2403 10.166720000000002 5.58329 10.33344 10.02186 5.85245 5.28907 10.23583 10.09653 10.20264 5.49592 5.28782 5.17891 5.59216 10.222290000000001 10.14685 5.87169 5.98242 5.05524 5.36417 5.87657 5.63538 10.278970000000001 5.70666 10.207699999999999 5.89019 5.19471 10.23851 10.165880000000001 10.23654 5.94577 5.26834 10.228639999999999 5.61883 5.59627 0 5.54524 10.166170000000001 10.17506 5.73826 5.72953 5.38046 10.245709999999999 5.09381 5.75582 10.20842 10.23883 5.12782 10.141390000000001 10.36317 5.46662 10.14324 5.85979 5.60025 10.159839999999999 5.09501 5.67918 5.40028 5.33356 10.17322 10.14648 5.43165 5.96716 5.62607 10.38487 10.24116 10.152239999999999 5.9208 5.60619 5.57081 10.149149999999999 5.2651 5.9765 10.10721 5.35386 10.19627 5.6904 5.97282 10.10502 5.04321 5.51834 10.254760000000001 5.74829 5.57514 10.10499 5.69132 5.26694 5.81682 5.93619 5.77594 
5.31375 5.44761 5.23627 5.29946 5.79523 5.22088 10.13497 5.79847 5.7075 5.71992 5.86477 10.115760000000002 10.23894 5.77916 5.65361 5.84629 10.15925 10.21439 10.13148 5.71189 5.19073 5.62392 10.08559 5.92388 10.08315 5.61738 5.14891 5.87118 5.6679 5.79833 10.25676 10.23225 10.269200000000001 10.12865 5.67174 5.30409 5.98023 5.02926 10.09291 10.19875 5.54524 0 5.88279 10.21727 5.09049 5.04657 10.3493 5.6941 5.91243 5.9142 5.2088 5.0452 5.40222 10.218910000000001 10.12864 5.65289 5.34163 10.19299 5.31913 10.0482 10.15287 10.15203 5.49055 5.22835 10.24269 5.59553 5.74584 5.54967 5.20489 10.136199999999999 5.52183 5.12516 5.71318 5.38244 5.40073 5.0085 5.6293 10.19094 5.71059 5.16156 10.07637 5.66633 5.36757 5.33272 5.11268 10.07659 10.11082 5.62534 5.20869 5.282 5.82295 5.74919 10.11523 5.493 10.150500000000001 
5.53167 10.08616 5.52343 5.07745 5.37461 5.65891 10.25236 10.16877 5.22895 10.06709 5.22341 5.59405 5.29436 10.119689999999999 5.65956 5.97165 10.08428 5.89159 5.14188 10.26519 10.10931 5.44599 5.25281 5.92803 5.18683 5.76855 5.59815 5.46545 10.08479 5.84933 10.028590000000001 10.1039 5.79868 5.47411 5.18223 10.089849999999998 5.93875 5.37492 5.01703 5.86255 10.166170000000001 5.88279 0 10.17651 5.81042 5.14562 10.03279 10.01787 5.83068 5.18842 5.76067 10.097650000000002 10.10802 10.060690000000001 5.11356 5.25048 10.11985 5.47213 5.04096 10.14274 10.189779999999999 5.31397 5.20964 5.20314 5.04176 5.42228 5.05214 5.57694 5.6379 10.25559 10.12022 5.14247 5.67594 5.64065 5.75882 5.60922 5.75736 10.12452 10.07617 5.70441 5.2777 5.50169 5.76281 5.54701 5.15452 10.10275 5.53176 10.09634 5.12737 5.75983 5.15078 5.44552 5.94374 5.3201 5.37527 
5.34544 10.23448 5.08703 5.39396 5.58927 5.8927 5.16742 5.7446 5.77099 10.22124 5.40829 10.1523 10.04097 10.09929 10.09605 10.32187 5.7724 10.06595 10.2846 10.318 10.21168 10.11657 5.95946 10.17885 5.37097 5.26658 5.40048 5.39249 5.53167 10.22361 10.1929 5.06558 10.13096 5.932 5.68679 10.27182 5.37518 5.76665 5.85782 5.78895 10.17506 10.21727 10.17651 0 5.35289 5.20967 5.72724 10.17202 10.198070000000001 10.163910000000001 5.49436 5.30663 5.14254 10.158280000000001 5.10601 5.50615 10.08596 10.13642 5.58081 10.072009999999999 10.265 10.30411 5.48461 5.2196 5.73788 10.229140000000001 5.6885 5.47264 5.47451 10.288409999999999 5.53537 10.267040000000001 5.40426 5.59431 5.87096 10.022469999999998 10.06589 10.04053 10.171289999999999 10.19411 10.25114 5.7047 10.21688 5.18686 5.96759 10.33294 10.125630000000001 5.99397 5.62105 5.65194 5.74164 5.60425 5.70116 5.63389 10.15232 
10.08663 5.37282 5.57949 10.05955 5.09887 5.01491 5.24718 10.06208 5.41948 5.64475 5.21203 10.01894 5.29197 10.09567 10.27447 5.62284 5.84423 10.137270000000001 5.78935 5.26545 10.04421 10.04487 5.66641 10.11062 10.20062 10.27196 5.75902 10.237210000000001 10.272590000000001 10.22934 10.131419999999999 5.55493 5.17979 5.5321 5.17172 10.20407 10.12042 5.54774 10.15004 10.27901 5.73826 5.09049 5.81042 5.35289 0 10.06689 5.70446 5.99321 5.72831 10.1599 10.076740000000001 10.08071 10.11028 5.20366 10.20561 10.23239 5.30375 10.218350000000001 10.31258 10.23881 10.258949999999999 5.55329 5.16525 5.09066 5.73556 5.9168 5.26579 10.056840000000001 5.13194 5.66026 5.95019 10.21565 5.83514 10.13544 5.46428 10.09899 5.85517 10.0897 5.52227 10.15447 10.10585 5.98555 5.70592 5.49686 5.84654 5.33312 5.31368 5.91725 5.50285 5.78616 5.6957 5.43051 5.02474 10.14109 5.25331 
