48
CZ BF AD CI BO BM BV AC BJ AO CE CD AN DU AP BQ AM DS CV CQ BD BT AU BE AA DI DD CP BI BW CS AW BH CY AJ CM DV DT DQ CH CC DN CR BB DF DG CL AF
0 10.352509999999999 10.26119 5.05559 5.80473 10.300550000000001 5.28125 10.060130000000001 5.29257 10.35922 5.42687 5.13493 5.6544 10.063189999999999 10.214960000000001 5.11036 5.27113 5.04888 5.70375 10.1304 5.60231 10.058689999999999 10.314219999999999 5.55574 10.12379 5.95523 5.94125 5.99075 5.56768 5.32922 10.49235 10.25919 10.18247 5.61303 5.16124 5.21565 5.03867 5.93068 10.184159999999999 5.97528 5.48869 5.34923 5.4346 5.72412 10.167110000000001 5.2425 10.47673 5.9077 
10.352509999999999 0 10.2502 10.08338 5.81235 5.09291 5.87744 5.57178 5.96544 10.391919999999999 10.31469 5.91256 10.323260000000001 5.66737 5.67239 5.31113 5.54806 10.21902 10.203309999999998 10.14059 5.82675 5.2847 10.31201 5.25983 5.72482 5.68894 5.46757 5.39313 10.25471 10.27421 5.28124 10.11627 5.87934 5.28949 5.71563 10.32229 10.30472 5.51646 5.86719 5.42195 5.36373 5.84467 5.29436 10.21407 5.58119 10.23966 5.3138 5.75083 
10.26119 10.2502 0 10.26394 5.08085 5.85815 10.2361 10.3743 10.27404 5.50509 5.92626 10.13455 5.7371 5.44225 5.76933 5.5133 10.221630000000001 5.21231 10.14348 10.16779 10.13007 10.41368 5.86024 10.26547 5.29872 5.61064 10.22007 10.26773 10.43527 10.30523 10.348980000000001 5.5816 10.23713 5.14641 5.34915 10.41687 5.58609 5.77524 10.15025 5.78631 5.42462 10.08924 5.50113 10.15794 10.253160000000001 5.83872 5.3277 5.57283 
5.05559 10.08338 10.26394 0 10.16064 10.24291 10.28226 5.00454 5.04886 5.30363 10.131409999999999 5.98397 10.034510000000001 5.0076 5.62822 10.165949999999999 5.93078 10.10447 5.34951 10.380700000000001 5.39174 5.44371 10.0996 5.63814 5.0682 5.6613 5.20573 5.94858 10.06618 10.07471 10.223220000000001 5.51076 10.23609 5.84049 5.42035 10.16696 5.85835 5.24731 5.7636 10.06874 5.24901 10.19989 10.318480000000001 10.35769 5.3255 10.208110000000001 10.36034 5.42696 
5.80473 5.81235 5.08085 10.16064 0 5.17376 10.21003 5.29345 5.51398 10.13316 5.46426 5.0537 5.02581 10.29487 10.33615 5.74978 5.5972 5.78498 10.01849 10.22144 5.88643 10.26963 10.38851 10.302489999999999 5.50103 10.34198 5.44685 5.85068 5.45961 5.78782 5.54368 5.25603 10.424959999999999 5.69698 10.31589 5.33602 10.66694 5.42378 5.67956 5.54218 10.20119 5.00839 10.33999 10.15198 5.95577 10.24019 5.56774 5.99632 
10.300550000000001 5.09291 5.85815 10.24291 5.17376 0 5.03627 10.18671 5.31497 10.21829 5.22526 10.10514 5.95703 5.28659 5.16239 10.246770000000001 5.42694 10.30768 10.30235 5.04768 5.93297 5.15292 10.18054 5.91629 10.26581 5.79853 5.63356 5.44422 5.46921 10.32553 10.24413 5.02336 10.27145 5.41756 5.88192 10.16005 10.10088 5.89328 5.26893 5.3252 5.48388 5.62959 10.07235 5.39351 5.07296 10.23985 5.59858 5.2014 
5.28125 5.87744 10.2361 10.28226 10.21003 5.03627 0 5.90774 10.26793 10.12805 5.01621 5.17052 5.66895 10.10174 10.19866 5.76639 5.74811 5.44522 10.31025 10.08395 10.03005 5.77423 5.5621 5.23631 10.059239999999999 5.93892 5.73104 5.34447 10.50548 10.35297 5.60259 10.05963 5.55855 10.170110000000001 10.21574 5.19401 10.138100000000001 5.57072 5.63512 5.0587 5.85888 10.26801 5.85134 5.48626 5.95813 10.230979999999999 5.93384 5.95571 
10.060130000000001 5.57178 10.3743 5.00454 5.29345 10.18671 5.90774 0 5.70053 10.14113 5.70585 5.07108 5.42344 10.01214 10.28131 5.96011 5.20965 5.47268 10.35405 10.22415 5.58746 10.24976 5.09506 5.00904 5.40393 5.23452 10.13679 5.68872 5.83845 10.20041 10.304179999999999 5.73579 10.043019999999999 10.1281 10.320889999999999 10.14354 10.06625 10.251850000000001 5.58492 5.25067 5.17841 10.30184 10.11271 5.69151 10.10326 5.2935 5.69564 10.04881 
5.29257 5.96544 10.27404 5.04886 5.51398 5.31497 10.26793 5.70053 0 10.35249 5.37501 5.11437 5.88952 10.056460000000001 5.56024 10.19331 5.42172 5.26247 5.22091 10.25384 5.88764 5.02772 10.165700000000001 10.26918 10.11706 10.13626 10.19295 5.8162 5.1032 10.144120000000001 10.23954 5.47607 10.35528 5.15012 5.17883 5.89367 10.047740000000001 5.79247 5.80924 10.22057 10.29787 5.25662 5.26962 5.65507 10.146550000000001 10.114650000000001 5.83786 10.0913 
10.35922 10.391919999999999 5.50509 5.30363 10.13316 10.21829 10.12805 10.14113 10.35249 0 5.49526 10.456859999999999 5.19117 5.71345 10.30721 5.92391 5.98695 5.50908 5.76311 10.389289999999999 10.17502 10.036380000000001 5.91656 5.13209 5.00557 5.3907 5.37828 5.66342 10.24826 5.81833 5.29308 5.27449 5.46094 10.251149999999999 10.34952 10.12202 10.30263 5.22607 10.167069999999999 5.51526 5.95877 5.1721 10.11168 10.07977 10.397300000000001 10.30016 10.13455 5.11379 
5.42687 10.31469 5.92626 10.131409999999999 5.46426 5.22526 5.01621 5.70585 5.37501 5.49526 0 10.18673 5.34943 5.2308 10.24458 5.46419 5.95415 5.63937 5.77933 5.57683 10.142949999999999 5.86494 10.289069999999999 5.96502 5.22548 5.26225 10.21851 5.97194 5.55143 5.86223 10.277149999999999 5.39692 5.43842 5.1539 5.38573 5.65519 5.38107 10.32122 10.08829 5.09024 10.11126 10.35717 5.48646 5.56407 5.61948 10.27556 5.31918 5.62854 
5.13493 5.91256 10.13455 5.98397 5.0537 10.10514 5.17052 5.07108 5.11437 10.456859999999999 10.18673 0 10.079509999999999 5.50582 10.18818 5.07894 5.23242 5.86203 5.39289 10.186530000000001 5.73435 5.96471 10.10988 10.08012 5.7284 10.08823 5.07858 10.057179999999999 10.21757 5.40225 10.31458 10.193750000000001 10.05342 10.13893 5.52519 5.10277 10.1736 10.13339 5.04923 5.91261 5.77 10.062090000000001 5.36336 5.71004 5.03218 5.57274 5.63372 5.5698 
5.6544 10.323260000000001 5.7371 10.034510000000001 5.02581 5.95703 5.66895 5.42344 5.88952 5.19117 5.34943 10.079509999999999 0 10.38129 5.48966 5.01213 10.20833 5.94629 5.79688 5.84416 5.27643 10.54945 10.284130000000001 10.26018 5.37316 10.44007 10.354389999999999 10.388110000000001 5.96358 10.37967 5.87103 10.281839999999999 10.2247 5.14112 5.59675 5.61844 10.388860000000001 5.45692 10.29524 10.31921 5.17538 10.0342 5.73768 5.12617 10.247869999999999 5.63033 5.63785 10.16941 
10.063189999999999 5.66737 5.44225 5.0076 10.29487 5.28659 10.10174 10.01214 10.056460000000001 5.71345 5.2308 5.50582 10.38129 0 5.82518 5.62536 5.83085 5.426 10.0968 5.49756 5.68241 5.0965 5.22607 10.364640000000001 10.075800000000001 10.20495 5.26683 10.20781 5.05858 10.28572 10.12912 5.48209 5.60476 5.45141 10.1365 5.15936 10.11652 5.87037 10.22396 10.2157 5.56955 10.13474 5.49315 10.38654 10.222999999999999 5.20051 10.39701 5.43803 
10.214960000000001 5.67239 5.76933 5.62822 10.33615 5.16239 10.19866 10.28131 5.56024 10.30721 10.24458 10.18818 5.48966 5.82518 0 5.10924 5.48987 5.83356 5.57493 5.49874 5.59188 5.23526 5.52137 5.82784 5.51315 10.27413 5.96395 5.10486 5.2223 5.71315 5.3828 5.41289 10.39776 10.47027 5.05372 10.153310000000001 10.22292 5.18278 5.79904 5.57561 10.18236 5.82267 5.25606 10.16287 10.23535 10.11526 5.20399 5.19342 
5.11036 5.31113 5.5133 10.165949999999999 5.74978 10.246770000000001 5.76639 5.96011 10.19331 5.92391 5.46419 5.07894 5.01213 5.62536 5.10924 0 5.58143 5.64007 5.21014 10.018889999999999 5.08986 5.61394 5.33136 5.82095 5.42604 5.68965 10.15752 5.42284 5.59072 5.82341 10.47603 5.30471 5.28852 5.70253 10.16296 5.49045 10.14903 5.05445 5.31556 5.30708 5.1522 5.16238 10.336010000000002 5.80568 5.73723 10.09611 5.87781 10.13589 
5.27113 5.54806 10.221630000000001 5.93078 5.5972 5.42694 5.74811 5.20965 5.42172 5.98695 5.95415 5.23242 10.20833 5.83085 5.48987 5.58143 0 5.51762 10.53651 5.46129 5.5664 5.50161 10.30471 10.218689999999999 10.152740000000001 10.31391 10.167159999999999 5.56562 10.42332 10.351220000000001 5.93666 5.22796 10.089939999999999 5.71622 10.09664 5.83157 5.32331 5.79803 5.96615 5.35952 5.98079 10.43945 10.40456 5.08216 5.26501 5.41797 5.6771 5.29417 
5.04888 10.21902 5.21231 10.10447 5.78498 10.30768 5.44522 5.47268 5.26247 5.50908 5.63937 5.86203 5.94629 5.426 5.83356 5.64007 5.51762 0 10.23457 5.52719 5.67795 5.83026 10.46932 5.88492 5.73077 5.1719 5.79842 10.11513 5.2335 5.36397 10.17632 10.17005 5.99663 10.16141 10.21012 10.231549999999999 10.08755 5.49057 10.210899999999999 5.23711 5.63478 10.309660000000001 10.22121 5.26612 5.39181 5.10473 5.44412 5.31481 
5.70375 10.203309999999998 10.14348 5.34951 10.01849 10.30235 10.31025 10.35405 5.22091 5.76311 5.77933 5.39289 5.79688 10.0968 5.57493 5.21014 10.53651 10.23457 0 5.56054 5.03202 10.23322 5.32438 10.38374 5.57164 10.298259999999999 5.28118 5.85215 5.43566 10.22832 5.89284 5.64028 10.498660000000001 5.83504 5.54235 5.11624 5.2132 10.03248 10.050830000000001 10.21867 5.39446 5.0101 5.15044 10.276060000000001 5.50487 10.063410000000001 10.40607 10.231449999999999 
10.1304 10.14059 10.16779 10.380700000000001 10.22144 5.04768 10.08395 10.22415 10.25384 10.389289999999999 5.57683 10.186530000000001 5.84416 5.49756 5.49874 10.018889999999999 5.46129 5.52719 5.56054 0 5.9233 10.11175 10.04232 5.33895 5.64462 10.22146 10.207 5.25069 5.73089 5.55648 5.25957 5.13551 5.99989 5.60321 5.90263 5.4229 5.09173 10.24226 5.94118 10.15435 5.51214 10.35627 5.02467 10.17131 5.15435 5.67261 5.95518 10.18574 
5.60231 5.82675 10.13007 5.39174 5.88643 5.93297 10.03005 5.58746 5.88764 10.17502 10.142949999999999 5.73435 5.27643 5.68241 5.59188 5.08986 5.5664 5.67795 5.03202 5.9233 0 5.89975 5.0077 5.57289 10.134609999999999 5.26624 10.18798 5.5838 10.07908 10.11305 5.67816 5.06074 10.311530000000001 10.27826 5.1625 10.091819999999998 5.13709 5.00046 5.01881 10.07958 5.7914 5.00292 5.32166 10.06124 5.74858 10.16893 5.37405 5.45218 
10.058689999999999 5.2847 10.41368 5.44371 10.26963 5.15292 5.77423 10.24976 5.02772 10.036380000000001 5.86494 5.96471 10.54945 5.0965 5.23526 5.61394 5.50161 5.83026 10.23322 10.11175 5.89975 0 10.322569999999999 10.19056 5.39629 5.73673 5.61728 5.31668 10.13092 5.65751 5.82911 5.29646 5.74415 5.97944 5.34514 5.68974 5.02002 5.88069 5.87296 10.13327 5.74862 5.80107 5.96216 10.09157 10.22588 5.08693 10.31845 5.41955 
10.314219999999999 10.31201 5.86024 10.0996 10.38851 10.18054 5.5621 5.09506 10.165700000000001 5.91656 10.289069999999999 10.10988 10.284130000000001 5.22607 5.52137 5.33136 10.30471 10.46932 5.32438 10.04232 5.0077 10.322569999999999 0 5.25262 10.11186 10.27394 5.77815 10.14702 10.167 5.10535 5.31637 5.40208 5.6397 5.65003 5.8121 5.09857 10.072659999999999 10.00816 5.48938 5.34894 10.2524 10.01062 5.01765 5.97314 5.60437 10.03256 5.23242 5.90842 
5.55574 5.25983 10.26547 5.63814 10.302489999999999 5.91629 5.23631 5.00904 10.26918 5.13209 5.96502 10.08012 10.26018 10.364640000000001 5.82784 5.82095 10.218689999999999 5.88492 10.38374 5.33895 5.57289 10.19056 5.25262 0 10.13766 5.53583 5.70631 5.59337 5.30606 5.91588 10.243970000000001 5.179 10.242339999999999 5.11906 5.90957 10.34286 5.17054 10.28575 5.95387 10.19784 10.18745 10.25985 5.84637 5.79223 5.59036 5.16807 10.42557 10.24588 
10.12379 5.72482 5.29872 5.0682 5.50103 10.26581 10.059239999999999 5.40393 10.11706 5.00557 5.22548 5.7284 5.37316 10.075800000000001 5.51315 5.42604 10.152740000000001 5.73077 5.57164 5.64462 10.134609999999999 5.39629 10.11186 10.13766 0 5.10802 5.17046 5.5098 10.20785 5.00651 5.73402 10.01938 10.1955 5.88394 10.15758 5.43216 5.72626 10.231639999999999 5.20315 5.00054 10.31721 5.13169 5.67441 5.92297 10.26441 5.60242 5.68048 10.11936 
5.95523 5.68894 5.61064 5.6613 10.34198 5.79853 5.93892 5.23452 10.13626 5.3907 5.26225 10.08823 10.44007 10.20495 10.27413 5.68965 10.31391 5.1719 10.298259999999999 10.22146 5.26624 5.73673 10.27394 5.53583 5.10802 0 5.26413 10.046949999999999 10.4054 5.51355 10.340959999999999 5.08595 10.31389 5.87284 10.188839999999999 5.98605 5.64239 5.95523 5.039 5.28834 10.14081 10.23425 5.56554 10.11281 5.88132 5.88343 10.42557 5.59211 
5.94125 5.46757 10.22007 5.20573 5.44685 5.63356 5.73104 10.13679 10.19295 5.37828 10.21851 5.07858 10.354389999999999 5.26683 5.96395 10.15752 10.167159999999999 5.79842 5.28118 10.207 10.18798 5.61728 5.77815 5.70631 5.17046 5.26413 0 5.99546 10.32541 5.06642 10.22349 5.56814 5.77848 5.87341 10.20432 5.04374 5.83684 5.48656 5.86331 10.171 5.66549 10.132639999999999 10.431619999999999 5.5137 5.78355 10.220189999999999 5.70207 5.21257 
5.99075 5.39313 10.26773 5.94858 5.85068 5.44422 5.34447 5.68872 5.8162 5.66342 5.97194 10.057179999999999 10.388110000000001 10.20781 5.10486 5.42284 5.56562 10.11513 5.85215 5.25069 5.5838 5.31668 10.14702 5.59337 5.5098 10.046949999999999 5.99546 0 5.90518 5.83485 10.21847 5.66186 10.0607 10.337250000000001 5.46112 5.04845 5.78198 5.20633 5.00795 10.232769999999999 5.70287 5.22475 5.53502 5.70342 5.59934 5.0104 5.57581 10.06824 
5.56768 10.25471 10.43527 10.06618 5.45961 5.46921 10.50548 5.83845 5.1032 10.24826 5.55143 10.21757 5.96358 5.05858 5.2223 5.59072 10.42332 5.2335 5.43566 5.73089 10.07908 10.13092 10.167 5.30606 10.20785 10.4054 10.32541 5.90518 0 5.39282 10.28508 10.384720000000002 10.29393 5.60924 5.41551 5.32486 5.85737 5.77004 5.44792 5.90556 10.48386 5.07616 5.14935 5.79178 5.45978 10.25909 10.42629 5.30811 
5.32922 10.27421 10.30523 10.07471 5.78782 10.32553 10.35297 10.20041 10.144120000000001 5.81833 5.86223 5.40225 10.37967 10.28572 5.71315 5.82341 10.351220000000001 5.36397 10.22832 5.55648 10.11305 5.65751 5.10535 5.91588 5.00651 5.51355 5.06642 5.83485 5.39282 0 10.22584 10.135860000000001 5.41234 5.94129 10.30674 5.87808 5.8324 5.26218 5.5782 10.00705 5.61965 5.54856 10.123 10.22029 5.2579 10.30945 5.97883 10.05838 
10.49235 5.28124 10.348980000000001 10.223220000000001 5.54368 10.24413 5.60259 10.304179999999999 10.23954 5.29308 10.277149999999999 10.31458 5.87103 10.12912 5.3828 10.47603 5.93666 10.17632 5.89284 5.25957 5.67816 5.82911 5.31637 10.243970000000001 5.73402 10.340959999999999 10.22349 10.21847 10.28508 10.22584 0 10.22755 10.31092 5.20257 10.35572 5.96415 10.23723 5.42158 10.21162 10.33727 10.3091 10.28468 5.5801 5.83734 10.30932 10.14688 10.34501 5.73116 
10.25919 10.11627 5.5816 5.51076 5.25603 5.02336 10.05963 5.73579 5.47607 5.27449 5.39692 10.193750000000001 10.281839999999999 5.48209 5.41289 5.30471 5.22796 10.17005 5.64028 5.13551 5.06074 5.29646 5.40208 5.179 10.01938 5.08595 5.56814 5.66186 10.384720000000002 10.135860000000001 10.22755 0 5.82968 5.22066 5.58774 5.32845 10.19783 5.10675 10.079550000000001 5.01884 10.29996 5.74768 10.16018 5.95445 10.09632 5.77921 5.39941 5.52921 
10.18247 5.87934 10.23713 10.23609 10.424959999999999 10.27145 5.55855 10.043019999999999 10.35528 5.46094 5.43842 10.05342 10.2247 5.60476 10.39776 5.28852 10.089939999999999 5.99663 10.498660000000001 5.99989 10.311530000000001 5.74415 5.6397 10.242339999999999 10.1955 10.31389 5.77848 10.0607 10.29393 5.41234 10.31092 5.82968 0 5.20516 10.4595 10.150279999999999 5.78075 10.16233 10.118469999999999 10.35731 10.440719999999999 10.30602 5.87318 5.9562 5.71581 5.42782 5.70523 5.58441 
5.61303 5.28949 5.14641 5.84049 5.69698 5.41756 10.170110000000001 10.1281 5.15012 10.251149999999999 5.1539 10.13893 5.14112 5.45141 10.47027 5.70253 5.71622 10.16141 5.83504 5.60321 10.27826 5.97944 5.65003 5.11906 5.88394 5.87284 5.87341 10.337250000000001 5.60924 5.94129 5.20257 5.22066 5.20516 0 5.86742 5.2888 5.36131 5.38581 5.50536 5.46125 10.13734 5.45578 10.284880000000001 5.01153 5.10675 5.64403 5.30759 5.68757 
5.16124 5.71563 5.34915 5.42035 10.31589 5.88192 10.21574 10.320889999999999 5.17883 10.34952 5.38573 5.52519 5.59675 10.1365 5.05372 10.16296 10.09664 10.21012 5.54235 5.90263 5.1625 5.34514 5.8121 5.90957 10.15758 10.188839999999999 10.20432 5.46112 5.41551 10.30674 10.35572 5.58774 10.4595 5.86742 0 5.27806 10.13763 5.2644 5.67035 5.15704 10.097069999999999 10.16542 10.30978 10.07758 5.57468 5.50683 10.25771 10.24714 
5.21565 10.32229 10.41687 10.16696 5.33602 10.16005 5.19401 10.14354 5.89367 10.12202 5.65519 5.10277 5.61844 5.15936 10.153310000000001 5.49045 5.83157 10.231549999999999 5.11624 5.4229 10.091819999999998 5.68974 5.09857 10.34286 5.43216 5.98605 5.04374 5.04845 5.32486 5.87808 5.96415 5.32845 10.150279999999999 5.2888 5.27806 0 10.25432 10.25478 10.0564 5.18432 10.31284 5.0889 10.116219999999998 5.60848 5.08709 10.05885 10.321549999999998 10.25631 
5.03867 10.30472 5.58609 5.85835 10.66694 10.10088 10.138100000000001 10.06625 10.047740000000001 10.30263 5.38107 10.1736 10.388860000000001 10.11652 10.22292 10.14903 5.32331 10.08755 5.2132 5.09173 5.13709 5.02002 10.072659999999999 5.17054 5.72626 5.64239 5.83684 5.78198 5.85737 5.8324 10.23723 10.19783 5.78075 5.36131 10.13763 10.25432 0 5.60007 5.53362 10.471309999999999 10.0896 10.14001 10.1164 5.86924 5.39167 5.99585 5.56114 5.4335 
5.93068 5.51646 5.77524 5.24731 5.42378 5.89328 5.57072 10.251850000000001 5.79247 5.22607 10.32122 10.13339 5.45692 5.87037 5.18278 5.05445 5.79803 5.49057 10.03248 10.24226 5.00046 5.88069 10.00816 10.28575 10.231639999999999 5.95523 5.48656 5.20633 5.77004 5.26218 5.42158 5.10675 10.16233 5.38581 5.2644 10.25478 5.60007 0 5.49102 10.125589999999999 10.20665 10.00338 10.32212 5.46768 10.21893 10.03627 10.352609999999999 5.70542 
10.184159999999999 5.86719 10.15025 5.7636 5.67956 5.26893 5.63512 5.58492 5.80924 10.167069999999999 10.08829 5.04923 10.29524 10.22396 5.79904 5.31556 5.96615 10.210899999999999 10.050830000000001 5.94118 5.01881 5.87296 5.48938 5.95387 5.20315 5.039 5.86331 5.00795 5.44792 5.5782 10.21162 10.079550000000001 10.118469999999999 5.50536 5.67035 10.0564 5.53362 5.49102 0 5.82422 5.2671 5.30106 5.35055 10.222259999999999 5.50622 10.01835 10.16646 5.40814 
5.97528 5.42195 5.78631 10.06874 5.54218 5.3252 5.0587 5.25067 10.22057 5.51526 5.09024 5.91261 10.31921 10.2157 5.57561 5.30708 5.35952 5.23711 10.21867 10.15435 10.07958 10.13327 5.34894 10.19784 5.00054 5.28834 10.171 10.232769999999999 5.90556 10.00705 10.33727 5.01884 10.35731 5.46125 5.15704 5.18432 10.471309999999999 10.125589999999999 5.82422 0 10.42908 5.9793 5.21531 5.78193 10.27141 10.341840000000001 5.13723 5.78645 
5.48869 5.36373 5.42462 5.24901 10.20119 5.48388 5.85888 5.17841 10.29787 5.95877 10.11126 5.77 5.17538 5.56955 10.18236 5.1522 5.98079 5.63478 5.39446 5.51214 5.7914 5.74862 10.2524 10.18745 10.31721 10.14081 5.66549 5.70287 10.48386 5.61965 10.3091 10.29996 10.440719999999999 10.13734 10.097069999999999 10.31284 10.0896 10.20665 5.2671 10.42908 0 5.73286 5.67672 5.12581 5.67855 5.38892 10.320879999999999 10.196349999999999 
5.34923 5.84467 10.08924 10.19989 5.00839 5.62959 10.26801 10.30184 5.25662 5.1721 10.35717 10.062090000000001 10.0342 10.13474 5.82267 5.16238 10.43945 10.309660000000001 5.0101 10.35627 5.00292 5.80107 10.01062 10.25985 5.13169 10.23425 10.132639999999999 5.22475 5.07616 5.54856 10.28468 5.74768 10.30602 5.45578 10.16542 5.0889 10.14001 10.00338 5.30106 5.9793 5.73286 0 5.3316 10.2564 10.175989999999999 5.2318 5.56272 5.88128 
5.4346 5.29436 5.50113 10.318480000000001 10.33999 10.07235 5.85134 10.11271 5.26962 10.11168 5.48646 5.36336 5.73768 5.49315 5.25606 10.336010000000002 10.40456 10.22121 5.15044 5.02467 5.32166 5.96216 5.01765 5.84637 5.67441 5.56554 10.431619999999999 5.53502 5.14935 10.123 5.5801 10.16018 5.87318 10.284880000000001 10.30978 10.116219999999998 10.1164 10.32212 5.35055 5.21531 5.67672 5.3316 0 10.35215 5.17813 5.86752 10.250070000000001 5.72092 
5.72412 10.21407 10.15794 10.35769 10.15198 5.39351 5.48626 5.69151 5.65507 10.07977 5.56407 5.71004 5.12617 10.38654 10.16287 5.80568 5.08216 5.26612 10.276060000000001 10.17131 10.06124 10.09157 5.97314 5.79223 5.92297 10.11281 5.5137 5.70342 5.79178 10.22029 5.83734 5.95445 5.9562 5.01153 10.07758 5.60848 5.86924 5.46768 10.222259999999999 5.78193 5.12581 10.2564 10.35215 0 10.118279999999999 5.70383 5.57441 5.84961 
10.167110000000001 5.58119 10.253160000000001 5.3255 5.95577 5.07296 5.95813 10.10326 10.146550000000001 10.397300000000001 5.61948 5.03218 10.247869999999999 10.222999999999999 10.23535 5.73723 5.26501 5.39181 5.50487 5.15435 5.74858 10.22588 5.60437 5.59036 10.26441 5.88132 5.78355 5.59934 5.45978 5.2579 10.30932 10.09632 5.71581 5.10675 5.57468 5.08709 5.39167 10.21893 5.50622 10.27141 5.67855 10.175989999999999 5.17813 10.118279999999999 0 5.61765 10.21534 10.27436 
5.2425 10.23966 5.83872 10.208110000000001 10.24019 10.23985 10.230979999999999 5.2935 10.114650000000001 10.30016 10.27556 5.57274 5.63033 5.20051 10.11526 10.09611 5.41797 5.10473 10.063410000000001 5.67261 10.16893 5.08693 10.03256 5.16807 5.60242 5.88343 10.220189999999999 5.0104 10.25909 10.30945 10.14688 5.77921 5.42782 5.64403 5.50683 10.05885 5.99585 10.03627 10.01835 10.341840000000001 5.38892 5.2318 5.86752 5.70383 5.61765 0 10.54885 10.14912 
10.47673 5.3138 5.3277 10.36034 5.56774 5.59858 5.93384 5.69564 5.83786 10.13455 5.31918 5.63372 5.63785 10.39701 5.20399 5.87781 5.6771 5.44412 10.40607 5.95518 5.37405 10.31845 5.23242 10.42557 5.68048 10.42557 5.70207 5.57581 10.42629 5.97883 10.34501 5.39941 5.70523 5.30759 10.25771 10.321549999999998 5.56114 10.352609999999999 10.16646 5.13723 10.320879999999999 5.56272 10.250070000000001 5.57441 10.21534 10.54885 0 10.39741 
5.9077 5.75083 5.57283 5.42696 5.99632 5.2014 5.95571 10.04881 10.0913 5.11379 5.62854 5.5698 10.16941 5.43803 5.19342 10.13589 5.29417 5.31481 10.231449999999999 10.18574 5.45218 5.41955 5.90842 10.24588 10.11936 5.59211 5.21257 10.06824 5.30811 10.05838 5.73116 5.52921 5.58441 5.68757 10.24714 10.25631 5.4335 5.70542 5.40814 5.78645 10.196349999999999 5.88128 5.72092 5.84961 10.27436 10.14912 10.39741 0 
