19
Campanile CareerCenter BarkerHall Dwinelle EyeCenter Jacobs LeConteHall MemorialGlade MLK Lawrence MorrisonHall MorganHall MulfordHall SatherRd SproulPlaza SutardjaDaiHall Unit1 WursterHall Soda
0 15.0 7.0 9.0 30.168999999999997 17.4421 26.168999999999997 28.006 30.168999999999997 31.168999999999997 14.0074 8.0074 15.907 10.907 12.457999999999998 15.547999999999998 16.962999999999997 14.447 5.007 
15.0 0 13.0 15.0 41.462 28.735100000000003 37.462 39.299 41.462 42.462 25.3004 19.3004 27.2 22.2 23.751000000000005 26.841 28.256 25.740000000000002 16.3 
7.0 13.0 0 6.0 34.462 21.735100000000003 30.462 32.299 34.462 35.462 18.3004 12.3004 20.200000000000003 15.200000000000001 16.751 19.841 21.256 18.740000000000002 9.3 
9.0 15.0 6.0 0 36.462 23.735100000000003 32.462 34.299 36.462 37.462 20.3004 14.3004 22.200000000000003 17.200000000000003 18.751000000000005 21.841 23.256 20.740000000000002 11.3 
30.168999999999997 41.462 34.462 36.462 0 15.0 5.0 7.0 9.0 10.0 34.1624 28.162399999999998 36.062 31.061999999999998 32.613 35.703 37.118 34.602000000000004 25.162 
17.4421 28.7351 21.7351 23.7351 15.0 0 11.0 13.0 15.0 16.0 21.4355 15.435500000000001 23.3351 18.3351 19.8861 22.976100000000002 24.3911 21.8751 12.4351 
26.168999999999997 37.462 30.462 32.462 5.0 11.0 0 2.0 4.0 5.0 30.162399999999998 24.162399999999998 32.062 27.061999999999998 28.613 31.703000000000003 33.118 30.602 21.162 
28.006 39.299 32.299 34.299 7.0 13.0 2.0 0 6.0 7.0 31.999399999999998 25.999399999999998 33.899 28.898999999999997 30.450000000000003 33.54 34.955 32.439 22.999 
30.168999999999997 41.462 34.462 36.462 9.0 15.0 4.0 6.0 0 1.0 34.1624 28.162399999999998 36.062 31.061999999999998 32.613 35.703 37.118 34.602000000000004 25.162 
31.168999999999997 42.461999999999996 35.461999999999996 37.461999999999996 10.0 16.0 5.0 7.0 1.0 0 35.1624 29.162399999999998 37.062 32.062 33.613 36.703 38.118 35.602000000000004 26.162 
14.007399999999999 25.3004 18.3004 20.3004 34.1624 21.435499999999998 30.162399999999998 31.999399999999998 34.1624 35.1624 0 6.0 17.0 13.0 16.4514 19.5414 20.9564 18.4404 9.000399999999999 
8.0074 19.3004 12.3004 14.3004 28.162399999999998 15.435500000000001 24.162399999999998 25.999399999999998 28.162399999999998 29.162399999999998 6.0 0 13.0 7.0 10.4514 13.5414 14.956399999999999 12.4404 3.0004 
15.907 27.2 20.2 22.2 36.062 23.3351 32.062 33.899 36.062 37.062 17.0 13.0 0 15.0 18.351 21.441000000000003 22.856 20.34 10.9 
10.907 22.2 15.2 17.2 31.061999999999998 18.3351 27.061999999999998 28.899 31.061999999999998 32.062 13.0 7.0 15.0 0 13.350999999999999 16.441 17.855999999999998 15.34 5.9 
12.458 23.751 16.751 18.751 32.613 19.8861 28.613 30.45 32.613 33.613 16.4514 10.4514 18.351 13.351 0 6.78 8.195 7.015 7.4510000000000005 
15.548 26.841 19.841 21.841 35.703 22.976100000000002 31.703 33.54 35.703 36.703 19.5414 13.5414 21.441000000000003 16.441000000000003 6.78 0 1.415 10.105 10.541 
16.963 28.256 21.256 23.256 37.117999999999995 24.3911 33.117999999999995 34.955 37.117999999999995 38.117999999999995 20.9564 14.956399999999999 22.856 17.856 8.195 1.415 0 11.52 11.956 
14.447000000000001 25.740000000000002 18.740000000000002 20.740000000000002 34.602000000000004 21.875100000000003 30.602 32.439 34.602000000000004 35.602000000000004 18.4404 12.4404 20.340000000000003 15.340000000000002 7.015 10.105 11.52 0 9.440000000000001 
5.007 16.3 9.3 11.3 25.162 12.4351 21.162 22.999 25.162 26.162 9.000399999999999 3.0004 10.9 5.9 7.4510000000000005 10.541 11.956 9.440000000000001 0 
