82
FoxCottage2350Bowdit MartinezCommons FallProgramforFreshm AnthonyHall GoldmanField SimpsonCenterforStud PublicAffairsOfficeo BowlesHall BancroftLibrary McConeHall CesarEChavezStudentC LeConteHall MaxwellFamilyFieldan KoshlandHall GianniniHall BancroftDanceStudio CareerCenter HavilandHall MariesHouse SutardjaDaiHall ObservatoryHill KoretVisitorCenter StanleyHall Demography HearstMemorialMining AlumniHouse EnergyBiosciencesBui PacificFilmArchiveBe NorthField ArchitectsEngineersA InsectaryGreenhouse BanwayBuilding MulfordHall MagnesCollectionofJe FacultyGlade WarrenHall GraduateTheologicalU SpiekerAquaticsCompl MosesHall EvansHall ManvilleHall BarrowsHall EvansDiamond HaasSchoolofBusiness EdwardsTrackStadiumG LegendsAquaticCenter FacultyClub InternationalHouse MathematicalSciences GolbousPlace LawSchool LatinAmericanStudies IRLE EastAsianStudiesInst Unit1ResidentHall UniversityHouse CaliforniaHall SimonHall ClarkKerrCampus MorrisonHall EllsworthParkingStru NaturalResourcesLabo Sebastians CheitHall LawrenceHallofScienc LawrenceBerkeleyNati McLaughlinHall Library LiKaShingCenter WellmanHall CoryHall SatherTower ZellerbachHall AHammock UpperHearstParkingSt InvestigativeReporti LowerHearstParkingSt AcademicInnovationSt ChancellorsEsplanade HenryHWheelerBrainIm UniversityHealthServ BerkeleyArtMuseumand
0 2237103.60921 1451302.28481 1583043.6189899999 1630800.91513 1824684.0289099999 1419772.60014 1679933.73227 1393904.66743 1378240.67062 2421397.30399 2335716.00703 2681260.99381 1436753.45641 2446733.40372 1724362.03774 1367385.56025 1780752.1301799999 1872129.89319 2028808.7369300001 1508387.01969 2194217.22791 1557736.40962 1608885.3058799999 2290865.01241 1410252.55116 1647809.66319 1959351.00085 1435088.17606 1366136.54198 1441229.47693 1824434.1786 1371630.31112 2633941.91831 2007228.51244 1467690.92684 1590975.39725 1370398.62355 2200785.47018 1580933.91984 2363046.8499600003 1387566.75906 1379758.73891 1376260.64468 1787719.51691 1365108.80744 1694797.67962 2822897.1691199997 1611708.18008 1526094.80168 1392388.68319 1457832.30803 1548469.64563 1908735.36552 1973048.3936 1376524.95046 1741760.45656 1970896.33625 1689702.38051 1801817.082 1606768.11266 2623567.64186 2026595.93091 1632213.61774 1522334.3047 1603200.917 1879361.43246 1399086.03304 1396510.5469 1867820.95578 1536612.96396 1366775.06142 1817098.28301 2647798.36259 1626818.14037 1818330.53315 2003106.51721 1464223.80649 1513477.19328 1745923.88726 1535116.13599 1365067.15475 
2237103.60921 0 958271.58452 898866.6847 1247618.07687 1331653.32862 955402.25928 1311188.99696 900873.9671400001 892516.99541 1928366.6036999999 1304839.74968 1578864.71868 1320201.77834 1953702.7034300002 943154.48939 875661.18523 966044.29335 1379099.1929000001 1095901.66795 1513770.8731900002 1203302.71409 1150470.32242 1115854.60559 1797834.31212 941196.84391 1795003.59858 1055282.36394 1314834.07875 926080.0882400001 987006.40631 2082470.9777000002 1006056.5030200001 2140911.21802 1082967.58364 974660.22655 1195090.77295 992800.89641 1207838.01921 1181690.0185 1325296.58943 906852.1113 894859.44066 889456.35251 1446713.62476 882700.37404 1330179.8434 1698739.51173 1222555.72416 1554353.83424 872464.35103 1011095.58364 891113.9386 1593834.97782 1670317.09696 889865.25956 1389521.04301 2293663.70211 1323681.75013 975293.84129 1719559.56971 1531101.25529 1094562.8806 1766862.11176 886104.13291 1211318.46399 1012396.2574 924381.39789 920478.65185 1544601.6845 1121703.45544 874707.55653 2071385.3749700002 2154767.6623 1756982.17306 1484373.6621 1705718.31209 1020289.46698 1020446.49299 1394736.34104 1574299.37816 872036.45446 
1451302.28481 958271.58452 0 234414.6681 896403.80715 545852.00422 399727.90344 982957.52985 90929.09212 208747.47146 1142565.2793 974472.00683 1319015.81478 456386.5195 1085098.32357 369498.72882 165827.425 424535.62448 514343.38566 749976.71224 647502.5574 833622.42141 755361.4251 330053.28119 929805.44788 364472.7956 926986.97228 600507.94116 529032.7543500001 140278.76384 470287.74791 1213502.46506 159367.09533 1271801.73897 728396.48775 188858.90214999998 821724.33051 148393.22119 840155.70009 802109.85506 1001698.54233 263381.22848 218545.9638 261406.54644 1157570.40037 96899.04964 1090690.62329 1544065.1444299999 861180.24735 687745.23219 90459.73454 518944.31204 202664.67703 1336898.97011 1427216.9156 197101.75016 1085245.43248 1424240.33397 999561.05135 522985.05731 933758.24531 1344735.61717 667125.78975 898971.33137 179358.45146 926975.78168 521473.97034 318543.38561 380910.15549 1277804.08652 791764.05508 110010.13226 1285584.05057 1285626.63679 971180.84866 1204306.47614 1468490.34044 536637.22959 171645.09079 1174739.5550000002 707537.78108 86235.13006 
1583043.6189899999 898866.6847 234414.6681 0 1110222.6678300002 508685.964 608291.59222 1197143.9717899999 219875.74014 289227.84815 1078585.70506 994823.06638 1334121.41912 666141.7881199999 1103410.89949 420245.82319 232053.16713 633661.43967 551929.66914 698617.65428 677743.90676 857323.49949 968399.26831 327048.97154 951112.72319 415833.69277 1140943.60836 632998.44289 493541.76626 224576.16373 511124.06238 1428410.9874800001 351996.5128 1486851.2278 678148.17575 240926.08319 845758.89984 338740.90619 1053694.77967 826714.86069 1021507.32303 330827.61798 418789.41361 393147.88062 1174753.79255 218237.16032 1027834.89766 1675806.47861 1074828.21383 716289.56834 219682.05407 556219.77698 284868.76386 1552091.2863699999 1642585.75331 395212.47147 1103555.56725 1438241.20725 1213810.68625 488123.17904 1065499.57949 1277238.11994 696515.65715 920992.23445 268787.45398 868538.18698 558580.65044 376227.49743 366533.91327 1492867.35599 738434.02075 228428.26118 1218996.13293 1301119.93703 911395.99727 1220832.22835 1482073.25098 572762.39183 263703.01193 1110115.13911 735314.18657 217976.46424 
1630800.91513 1247618.07687 896403.80715 1110222.6678300002 0 1351863.0777500002 973883.55924 1324715.93018 921083.7162700001 912273.14824 1382727.98193 1318431.82693 2208440.04265 1340411.52747 1402178.7197 1251541.0865800001 971838.4985300001 984325.80309 1026263.07959 1112050.43759 1099057.02855 1218028.37883 1165863.48802 924959.77136 1285770.18206 959951.67008 1283733.47582 1072043.17896 1335043.82788 946289.8373700001 1354560.02361 1503746.9943 902255.31932 1551175.82931 1099306.37091 994869.97568 1209916.38782 1013010.64554 1727964.51902 1196681.666 1890225.8988 1141109.96925 1093059.15296 1067417.61997 1458984.58593 892309.92766 1896701.6968200002 2350076.21796 1237052.22549 1123236.52655 919567.7320300001 1403975.33247 910900.52228 2226361.0257200003 1680956.54742 909679.00387 1974060.02817 2313873.4512400003 1888080.4256000002 993405.14735 1230609.08444 1542701.12591 1553774.97975 1787071.8608900001 906000.13481 1225947.85008 1406540.4813 1198894.84758 939647.09249 1556100.92015 1597775.12861 960552.36396 2091595.1241000001 2174977.4114300003 1777191.92219 2093461.25129 2358202.33605 1421909.32155 904504.74148 1407460.53974 1594509.1272900002 892246.20359 
1824684.0289099999 1331653.32862 545852.00422 508685.964 1351863.0777500002 0 602987.20562 1438784.3817099999 460520.65442 497379.81483 1515947.0233999998 1073967.81397 1394135.53609 641950.02028 1175265.73385 583387.07901 466457.50549 619710.95667 966679.6126 1123358.45634 789348.29777 948017.67644 1210039.67823 703435.02529 1385414.7318199999 580216.8492 1382584.01828 751279.549 902414.4984500001 513660.50794 651906.23497 1294758.43541 478757.81396 1349552.0874 789695.43517 562240.64625 937572.42318 475217.55171 1295335.18959 920430.00436 1098731.60647 522667.04973 660429.8235299999 491866.54301 1613970.69087 459740.56836 1104616.90594 1917446.88853 972338.72276 822681.39505 486938.40260000003 687833.0992 643019.3650400001 1793731.6962899999 1496916.59671 636852.88139 1175401.55779 1881244.12181 1455451.09617 634033.2562 964128.15636 1339802.65228 1121145.65032 1005962.53806 616884.02411 958171.44306 973911.15187 552522.45373 545967.9859 1355210.1154 1165145.79918 464664.82819 1658965.7946700002 1362588.35405 1344562.59276 1286143.56191 1536318.66919 701277.89751 608026.91269 1181562.33612 839297.85238 459616.87416 
1419772.60014 955402.25928 399727.90344 608291.59222 973883.55924 602987.20562 0 1054094.35392 419152.64066 434148.48648 1126134.66483 1360963.98026 1706508.96704 838480.4518599999 1149933.81257 530507.9755 398347.62776 570210.39795 639889.45908 769999.21237 751111.81812 916425.52504 845860.67647 460209.94117 1004712.68151 527019.75315 1002104.90881 710998.72635 590267.42686 394038.84768 852628.948 1600749.6512199999 412683.01703 1659189.8915400002 1032476.48567 492938.90007 1207501.99626 408570.6176 1226033.4434099998 1187775.92446 1388294.82319 462902.87641 438943.89136 427821.13581 1218555.96231 390460.77692 1077625.5087 1509176.67949 941562.96651 786068.00334 417636.65642 643593.50562 431256.73652 1390038.94109 1814924.4170499998 428670.62109 1150072.62822 1474235.37144 1069594.17391 585744.31118 933081.63095 1648815.61509 768092.5861 976247.33346 547582.27793 926925.42441 645634.96127 696963.77197 684990.15341 1665206.0197299998 806298.30905 458621.28835 1261262.75306 1673046.3358200002 967199.47477 1591530.1756799999 1517027.77873 657942.94407 417578.06296 1478819.5529200002 803442.04093 390315.12798 
1679933.73227 1311188.99696 982957.52985 1197143.9717899999 1324715.93018 1438784.3817099999 1054094.35392 0 979592.06304 1169270.13558 1440348.01074 1378741.52845 1640467.9911 1427332.83143 1459030.80228 1043006.14609 982397.0385 1063749.50371 1486230.24599 1182929.37057 1170722.88439 1283066.19146 1233654.48676 1009067.04369 1904965.36521 1041236.25029 1345599.25571 1573451.35365 1074634.23727 1033211.14133 1082821.81176 2189602.03079 988296.7071 1602751.43845 1170956.9664 984530.67318 1796354.37583 1099931.9494999999 1814885.82298 1776628.30403 1398117.47714 1228031.27321 1179980.45692 1154338.92393 1513704.6416 979225.57515 1983623.00078 2436997.52192 1301139.47316 1661484.8873299998 979548.60714 1104823.83627 996195.50366 1654881.07321 1728664.40767 1156403.5147799999 1459140.21221 1726207.70451 1396586.8414 1072156.47496 1295015.22722 1594550.87216 1181689.18482 1326454.65991 991716.67541 1290586.63062 1106014.29101 1026061.59596 1022547.0055 2254058.3992999997 1206872.01968 981547.11521 2178516.42806 1613743.5854 1319809.80929 1549737.59026 2445123.64001 1113243.92043 990350.71938 1464107.54078 1204965.65173 979167.50755 
1393904.66743 900873.9671400001 90929.09212 219875.74014 921083.7162700001 460520.65442 419152.64066 979592.06304 0 192277.43321 1056723.70387 971077.13214 1345031.3517399998 449092.15053 1082050.5886 360450.29488 84655.39293 416684.05409 535900.25112 664367.73706 670571.9314100001 857987.5858400001 779260.31675 272655.66381 954635.37034 355296.38785 923417.53896 594983.10217 471635.13697 61256.15471 491151.33269999997 1210777.9884 137087.47409 1297712.27624 642808.53405 106598.5025 817695.53003 124159.78647 836215.70476 826298.3091600001 1026817.2078900001 250528.99233 202872.97201 204008.92906 1154713.96298 39501.43226 1004869.36465 1458115.20565 885689.2622700001 711154.89246 39724.90471 512541.02615 185655.79926 1362952.33481 1453446.8017499999 206073.51990999997 1082198.1118 1421919.70005 996251.67496 465587.43993 848013.58068 1258830.8378 662157.02354 895290.20943 159889.20724 841235.07144 515102.13184 308001.61201 296082.71268 1275216.99644 706118.02567 74144.00638 1199695.55941 1283055.31981 885415.45447 1201561.14824 1494793.64514 530447.56637 151185.78529 1117341.93762 702854.76177 28837.51268 
1378240.67062 892516.99541 208747.47146 289227.84815 912273.14824 497379.81483 434148.48648 1169270.13558 192277.43321 0 1073299.76865 1160751.48031 1506296.46709 486817.38538 1271768.877 549397.51102 206092.07311 457091.90321 697165.36647 853844.21021 831837.04676 850663.77201 940525.4321 309170.3414 945114.1108 544226.78857 942341.42343 623948.95538 481880.42631 197635.32968 652416.44805 1225271.70221 324122.67659 1283036.31078 832263.98572 216033.90424 1007289.4963100001 310867.06998 857067.15719 819806.52053 1015924.44662 438966.39369 276522.78354 258503.45124 1344456.44474 200766.54760999998 1022286.57776 1470172.56129 877686.69237 872420.00781 192055.9166 545898.99297 264150.4928 1524217.45016 1437237.1536 367338.63526 1271916.45261 1434281.36725 1185936.85004 626852.55528 868581.85571 1448603.1151400001 688301.77311 914796.13365 246722.44656 1030843.27965 548304.30718 496751.27202000003 350674.17897 1288986.34401 895631.55305 202001.83348 1389451.54854 1296741.43944 1075048.34663 1391317.67573 1656058.76049 719765.74599 338512.66656 1278607.05297 727538.46853 190102.62803 
2421397.30399 1928366.6036999999 1142565.2793 1078585.70506 1382727.98193 1515947.0233999998 1126134.66483 1440348.01074 1056723.70387 1073299.76865 0 1434570.52062 1687660.98674 1147469.18988 1511897.89945 1115762.60788 1059324.46286 1135177.24739 1563392.88768 1247552.11198 1235984.00005 1342878.70935 1295749.88677 1300148.3003699998 1404612.06653 1114108.30051 1979297.29336 1650613.99534 1499127.77353 1057711.72753 1518643.96926 1606544.46538 1190350.1978 2325204.9128 1236205.72459 1158953.92133 1335525.27564 1177094.5911899998 1346944.12911 1323547.16807 1453202.27644 1305193.9149 1257143.09861 1070755.99896 1564725.57285 1066994.06882 2060785.6424699998 1800306.01149 1913181.8988299998 1257533.4552 1056683.42 1173754.69564 1072133.32093 2390444.97137 2480939.43831 1071095.69435 1512003.48387 1771117.56116 1451729.72068 1143059.00248 1903853.26449 2314830.6363500003 1246376.22967 1951155.8065399998 1067973.00558 1350066.00856 1174875.30754 1362978.79323 1096661.64098 2331221.0409899997 1270277.31155 1058536.30818 2255679.06975 1661695.74103 1378028.41374 1599609.63207 1806892.57193 1181683.71518 1204740.18777 1516797.70151 1758593.0729399999 1056330.14924 
2335716.00703 1304839.74968 974472.00683 994823.06638 1318431.82693 1073967.81397 1360963.98026 1378741.52845 971077.13214 1160751.48031 1434570.52062 0 1635397.63251 1418814.17616 1453327.58475 1035013.04696 973906.632 1055913.44022 1477711.59072 1175887.78476 1612383.27101 1276577.07885 1226904.06279 1000802.92029 1341365.29986 1324773.01282 1339413.13401 1138126.74346 1066878.12355 1024692.48606 1075124.76607 2181083.3755200002 979857.4222 1597561.37911 1612810.20997 976058.82662 1268839.45877 978132.5293 1806367.16771 1768109.64876 1968628.54749 1002044.09498 1171461.80165 986328.65696 2125002.66899 970707.42946 1975104.34551 1751407.30421 1827500.60187 1652966.2320599998 971033.29518 1482377.98116 987823.70294 1649855.00971 1723853.48012 986697.41902 1453437.424 2392276.09993 1390627.55336 1407398.77953 1288586.28943 2229149.3393900003 1632177.6284400001 1865474.5095799998 983306.74303 1811389.5039 1098479.767 1017935.45242 1265323.87771 1602343.90201 1199970.94068 1038955.0126499999 2169997.77279 1608588.99225 1313502.23422 1544369.38109 2436604.98474 1105758.65945 981929.08806 1458424.17614 1198053.59164 970648.85228 
2681260.99381 1578864.71868 1319015.81478 1334121.41912 2208440.04265 1394135.53609 1706508.96704 1640467.9911 1345031.3517399998 1506296.46709 1687660.98674 1635397.63251 0 1390402.23659 1703633.79168 1364352.973 1318598.17814 1380275.41483 1410488.86656 1979935.42124 1464305.05229 1555588.65572 1515090.95663 1338586.38601 2241991.69672 1363000.41932 2239160.98318 1444139.71336 1758991.4633499999 1370237.47284 1778507.65908 1788160.49532 1322999.46916 1828225.74853 1464492.20936 1320188.57008 1549245.17094 1436958.2810099998 2151912.1544899996 1538931.42924 1651765.62927 1339514.61203 1331424.82424 1327799.40017 2470547.65577 1326857.75864 1655686.28063 2774023.85343 2173045.58865 1482539.45267 1316477.37842 1412173.12088 1328910.34146 2650308.66119 1939556.09573 1328073.35047 1703727.49377 1937366.83497 1650470.24199 1386764.83981 2163716.95431 2574694.3261700002 1977722.61522 2211019.4963599998 1325556.17702 1561797.38291 1413104.67626 1351443.52928 1610868.8644899998 2591084.7308099996 1493364.41836 1317965.08054 1780675.16833 2598925.0469 1586031.25658 2517408.88676 1970125.27629 1418770.32691 1324534.54523 2404698.264 1491824.19741 1316193.83906 
1436753.45641 1320201.77834 456386.5195 666141.7881199999 1340411.52747 641950.02028 838480.4518599999 1427332.83143 449092.15053 486817.38538 1147469.18988 1418814.17616 1390402.23659 0 1529831.57285 574408.3656 455178.08706 611266.02746 955228.06232 800877.67196 1089899.74261 1277315.39704 874063.23707 691983.4750099999 1028568.82647 571188.30398 1026021.68917 744328.85693 630017.37564 502208.95765999996 643883.70511 1290737.73191 467775.08585 1345695.10779 1090326.68157 550789.09597 932012.08963 464151.06158 1283883.63931 914765.47784 1093990.6899 697029.08954 491098.7662 481183.10719 1238299.19312 448292.17784 1099901.35713 1905995.33825 966978.3236 816338.87833 475486.85232 680234.41465 484240.26184 1782280.14601 1493440.25124 625401.3311099999 1170971.09639 1490595.91734 1443999.54589 625781.63642 1295688.43913 1335917.52499 1109694.10004 1000782.25129 474958.01286 952731.33716 962459.60159 543033.65309 742840.34931 1351369.28461 835836.83908 453340.80896 1647514.2443900001 1358768.37949 991958.20597 1649380.37158 1532931.6814 977828.44184 472099.24493 1536669.74882 833081.85164 448165.32388 
2446733.40372 1953702.7034300002 1085098.32357 1103410.89949 1402178.7197 1175265.73385 1149933.81257 1459030.80228 1082050.5886 1271768.877 1511897.89945 1453327.58475 1703633.79168 1529831.57285 0 1440961.1319600001 1084590.6175 1158790.6942 1194618.97477 1745407.83115 1257706.221 1910816.3221300002 1832089.0530400001 1108805.28723 1423763.86645 1138158.9499 2004633.39309 1234169.82782 1524463.87326 1135709.88275 1176323.06036 1623315.62218 1089937.26773 1667346.70653 1257924.11674 1184290.0210600002 1355653.44091 1202430.69092 1917384.5644 1343854.7526 2079645.94418 1330530.01463 1100148.95119 1256837.6653500001 1581940.14056 1081718.81436 2086121.7422000002 2539496.26334 1379926.37301 1278889.70631 1082011.24767 1196607.10992 1097104.52912 1717516.87991 1788718.39613 1096090.54207 1529811.43453 1786344.28524 1470267.8912 1518416.17622 1374153.30478 1659465.38084 1267920.42173 1403821.50971 1093039.26307 1369980.55367 1197706.34057 1124293.22911 1376341.2744 1671929.62173 1787195.17399 1083820.83653 2281015.16948 2364397.4568100004 1397544.56066 1616452.74134 1821820.31399 1611329.36693 1091800.07955 2170170.6739100004 1289641.45721 1081666.24897 
1724362.03774 943154.48939 369498.72882 420245.82319 1251541.0865800001 583387.07901 530507.9755 1043006.14609 360450.29488 549397.51102 1115762.60788 1035013.04696 1364352.973 574408.3656 1440961.1319600001 0 438887.17793 549442.27335 621454.28927 754748.76671 735469.83427 903649.63164 832001.92176 434212.04931 993073.25318 504476.69324 990434.83484 953578.72909 802092.50728 363336.65834 585514.20233 1262633.9723 493314.93155 1318763.04867 735842.38955 373663.55394 892685.38166 480059.32494 909680.11723 874663.66957 1060686.70445 437065.19743 411604.97273 399722.20111 1208977.06641 359453.10142 1066781.91343 1501453.01749 1216146.63258 771135.40944 360332.1785 871024.01187 403397.1822 1693409.70512 1469218.98962 400631.27087 1139918.40234 1466327.67286 1058668.31948 565546.91397 920536.93235 1308784.27902 752803.51662 1254120.54029 516562.03294 914296.26283 627368.64524 472362.36493 464678.58091 1324552.60326 791747.35679 365730.15255 1252010.64136 1332100.65855 955102.99854 1253798.3904 1825251.01545 640027.99272 388739.44034 1146269.90541 788838.40357 359294.88299 
1367385.56025 875661.18523 165827.425 232053.16713 971838.4985300001 466457.50549 398347.62776 982397.0385 84655.39293 206092.07311 1059324.46286 973906.632 1318598.17814 455178.08706 1084590.6175 438887.17793 0 423236.26051 586655.03338 743333.8771200001 646651.37253 832961.45003 754631.90913 256480.45585 1005390.1526 362958.47489 1002559.43906 673876.14104 449894.06474 96206.27717 469115.12616 1213048.50211 213612.34350000002 1271368.5929 721753.65263 129871.36717 821053.78088 144633.96507 915310.61037 877053.0914200001 1001148.54316 328456.0606 280405.24431 192405.71335 1157094.49379 90256.21452000001 1084047.78817 1460001.12473 860540.44309 686943.9134 84151.05068 517881.87336 262994.78582 1336486.92176 1504201.5840099999 194287.25041 1161406.11952 1501219.54259 1075426.51695 443943.05081 851252.23306 1261014.83317 741121.0711000001 898358.44204 176260.85744 920332.9465600001 593886.57265 316809.60256 305234.83423 1277372.97579 710004.22355 147898.45531 1201987.00764 1285198.15008 888517.78726 1203849.04545 1468115.22562 535609.88783 228002.33347 1091410.47115 781855.2186400001 79592.29494 
1780752.1301799999 966044.29335 424535.62448 633661.43967 984325.80309 619710.95667 570210.39795 1063749.50371 416684.05409 457091.90321 1135177.24739 1055913.44022 1380275.41483 611266.02746 1158790.6942 549442.27335 423236.26051 0 655672.64661 1079426.55761 1057419.3941600001 1244835.04859 857862.68346 481914.19321 1014837.75651 769809.13597 1012256.06836 1009968.82153 858482.59972 419183.38845 877998.79545 1626119.4986700001 549705.02399 1684559.73899 1057846.33312 518308.74752 1232871.8437100002 432871.86238 933391.18356 899298.46031 1081090.87076 484486.5041 461649.04357 451086.49272 1226917.57382 415821.73822 1420140.46866 1515936.12979 952359.65873 798968.71375 416581.88236 659288.02518 599087.46631 1749799.7975599999 1840294.2645 592920.98266 1497498.80001 1481154.28975 1079110.65073 602946.51318 943975.3332 1325374.4659 781290.16408 986664.56091 572952.12538 937890.63439 661281.0317 516553.37542 509536.42599 1340947.71884 818880.37151 483991.1358 1269343.07101 1698416.18327 977713.10908 1271106.44307 1523752.40151 673303.06499 564095.01396 1504189.40037 816068.14225 415684.97543 
1872129.89319 1379099.1929000001 514343.38566 551929.66914 1026263.07959 966679.6126 639889.45908 1486230.24599 535900.25112 697165.36647 1563392.88768 1477711.59072 1410488.86656 955228.06232 1194618.97477 621454.28927 586655.03338 655672.64661 0 1170804.32062 1148797.15717 971906.61307 905674.88956 562636.57145 1432860.5961 861186.89898 1053081.65393 781207.98156 673188.2031 509934.63803 969376.55846 1312350.69847 524474.96998 1366439.08987 818219.91544 517343.46358 961720.85264 521245.30804 1342781.05387 1304523.53492 1119408.81396 564841.38886 545379.19043 682234.15482 1661416.55515 507174.86126 1125185.96623 1964892.75281 1363914.4880300001 850099.77501 507798.27356 1018791.86732 690465.2293199999 1841177.56057 1512158.80357 537145.43931 1194752.59856 1928689.98609 1117496.49594 669225.76136 987627.48625 1356811.0026 833506.41413 1028506.47916 530891.30448 981813.35497 1021357.01615 813711.38243 586469.08813 1781953.63019 1212591.66346 511642.79752 1706411.65895 1379315.76235 1019922.32331 1303852.06658 1551173.7501 733250.05233 655472.77697 1595567.16338 1209325.6621400001 507062.73844 
2028808.7369300001 1095901.66795 749976.71224 698617.65428 1112050.43759 1123358.45634 769999.21237 1182929.37057 664367.73706 853844.21021 1247552.11198 1175887.78476 1979935.42124 800877.67196 1745407.83115 754748.76671 743333.8771200001 1079426.55761 1170804.32062 0 1305476.00091 1062093.56073 1414164.38625 907559.73331 1139146.41779 1017865.74272 1136847.05965 890913.11453 797886.34779 665938.13697 1126055.4022 1874176.10542 677136.81138 1431990.24212 1305902.93987 671628.26512 1480928.45046 674638.37599 1067229.11817 1037543.546 1198547.60438 708862.5126 693454.20076 686467.7072 1818095.3988899998 663827.24191 1203945.0676 2121571.59655 1083857.83601 951898.04846 664303.66086 838104.76031 688614.08755 1997856.4043100001 2088350.8712499999 840977.58941 1745555.4067600002 2085368.8298300002 1659575.80419 794546.02564 1076498.17408 1922242.06929 937108.96357 1558567.23948 682118.64391 1071166.52823 839673.44367 731154.07321 958416.6076100001 1437323.78878 1369270.5071999999 667247.0453 1370762.8245 1444282.60375 1106201.52449 1372395.88994 1609217.28496 849173.66094 680131.184 1752246.0071200002 966295.03875 663741.58218 
1508387.01969 1513770.8731900002 647502.5574 677743.90676 1099057.02855 789348.29777 751111.81812 1170722.88439 670571.9314100001 831837.04676 1235984.00005 1612383.27101 1464305.05229 1089899.74261 1257706.221 735469.83427 646651.37253 1057419.3941600001 1148797.15717 1305476.00091 0 1048481.23875 987399.33616 686491.33644 1126465.59532 995858.5792700001 1124140.29965 874640.6999 779674.80417 644006.03921 1104048.23875 1852168.94197 655579.46704 1421923.42613 1283895.77642 744358.19082 1458921.28701 762498.86068 1053683.14352 1439195.21521 1186501.80625 688299.5264 842547.3681000001 665212.81504 1320740.62493 641823.01561 1191953.81708 2099564.4331 1498586.1683200002 936685.68417 642315.75576 820786.06563 667427.55251 1480434.20077 2066343.7078 818970.42596 1257833.14284 1559758.66577 1184697.79349 776256.11955 1489257.53398 1412673.54341 1303263.19489 1536560.07603 660723.86111 1057670.98262 1156028.69644 948383.06272 706156.09804 1916625.31048 953726.44308 645359.43142 1360242.95525 1924465.62657 1093138.59554 1361888.63532 1600265.74246 832085.38186 790144.45726 1263592.08105 1343997.3424300002 641734.41873 
2194217.22791 1203302.71409 833622.42141 857323.49949 1218028.37883 948017.67644 916425.52504 1283066.19146 857987.5858400001 850663.77201 1342878.70935 1276577.07885 1555588.65572 1277315.39704 1910816.3221300002 903649.63164 832961.45003 1244835.04859 971906.61307 1062093.56073 1048481.23875 0 1579572.87723 864255.24855 1754947.93082 1183274.2337 1752117.21728 1020128.97888 939978.4997 830909.47652 1291463.8931800001 1467188.32427 963170.12172 1515761.52789 1048742.60576 835476.79945 1646336.9414400002 837898.49878 1664868.38859 1626610.8696400002 1297479.60133 1078013.83882 853121.1429 847451.98621 1421274.98324 839813.99274 1302467.15187 1677127.96012 1192344.23075 1073800.19118 856471.6016 1340879.20204 849191.56701 1570780.76206 2253759.36223 1006386.08039 1363015.40522 2250777.32081 1295830.09748 1265900.00041 1676673.18841 1507087.69482 1060712.10303 1723975.73046 843932.93589 1180819.49811 975698.95352 884038.02785 1123825.09859 1520801.31171 1534678.99818 831958.87841 1458056.12956 2111881.281 1212690.71436 1459591.53007 2295106.20562 983886.61051 977560.11169 1368331.73132 1086583.20336 829150.07316 
1557736.40962 1150470.32242 755361.4251 968399.26831 1165863.48802 1210039.67823 845860.67647 1233654.48676 779260.31675 940525.4321 1295749.88677 1226904.06279 1515090.95663 874063.23707 1832089.0530400001 832001.92176 754631.90913 857862.68346 905674.88956 1414164.38625 987399.33616 1579572.87723 0 994240.9552 1676220.6617299998 1104546.96461 1189538.87452 1344706.6501699998 1193220.42836 752366.33313 1212736.62409 1424179.10388 762296.37169 1474170.12263 1392584.16176 853046.5761599999 1109472.29013 871187.24602 1123191.65222 1547883.60055 1248638.40119 999286.56973 951235.7534399999 770596.7882 1904776.62078 750498.57032 1754878.2973 2208252.81844 1139003.64602 1432740.18385 750920.00292 1262151.9329499998 933825.29495 1530685.05693 1610169.55982 927658.8113 1832236.6286499999 2172050.05172 1246924.28904 1187172.73132 1597945.9193199999 1465250.10183 1411951.58023 1167838.74821 766725.07545 1591163.45569 909743.36434 810658.85287 806205.77738 1479351.60484 1030002.6451 753525.1266 1949771.7245800002 1486113.6351 1635368.5226699999 1416351.64267 1646864.22244 1280085.92203 764957.46575 1322110.53546 1027768.26127 750422.80407 
1608885.3058799999 1115854.60559 330053.28119 327048.97154 924959.77136 703435.02529 460209.94117 1009067.04369 272655.66381 309170.3414 1300148.3003699998 1000802.92029 1338586.38601 691983.4750099999 1108805.28723 434212.04931 256480.45585 481914.19321 562636.57145 907559.73331 686491.33644 864255.24855 994240.9552 0 957365.63761 429943.26591 954628.53506 642355.49391 505486.9206 249735.87082 706131.97115 1234746.54317 278224.12591 1512692.91469 885979.50882 346441.92322 852784.65541 272087.01046 1079536.46656 1041278.94761 1027331.86599 348396.99292 315868.85167 300220.44557 1398171.96784 254482.07071 1248273.64436 1478078.36112 890865.9897 926135.53091 245344.15978 566845.65109 305096.32001 1577932.9732599999 1668427.4402 301429.74817 1325631.97571 1442383.90246 1025247.81811 680568.0783800001 881897.22854 1281901.23133 905346.92729 927448.24534 290138.32438 875381.13648 569162.45037 391766.10584 538493.17656 1297996.17745 746470.59879 253205.49434 1223881.17232 1305697.76073 1128763.86973 1445033.1988300001 1709774.2835900001 773481.26909 392228.18966000003 1332322.57607 743384.49326 243818.15113 
2290865.01241 1797834.31212 929805.44788 951112.72319 1285770.18206 1385414.7318199999 1004712.68151 1904965.36521 954635.37034 945114.1108 1404612.06653 1341365.29986 2241991.69672 1028568.82647 1423763.86645 993073.25318 1005390.1526 1014837.75651 1432860.5961 1139146.41779 1126465.59532 1754947.93082 1676220.6617299998 957365.63761 0 991214.20204 1307275.80195 1100124.97607 1368595.48195 927373.92006 1388111.67768 2136232.3809 935448.04595 1570714.75413 1126708.87214 931468.36331 1234866.81506 1046562.29961 1247207.59138 1221902.36728 1361273.35436 958663.05191 947326.50859 942224.33548 2080151.67437 936461.77724 1366028.00525 1726953.97276 1261466.04949 1150068.98923 953119.3861 1057813.01495 1109200.34854 1623873.15757 1699003.6197 1103033.8648899999 1423875.98628 2347425.10531 1359701.24328 1023646.50744 1255148.2399 1562346.04019 1137858.51271 1287561.50541 939060.50375 1766538.5092799999 1059056.31452 975261.53626 971563.19602 1575578.76957 1163990.00738 928314.28126 2125146.77817 1581929.52587 1280714.87776 1516581.43997 1733819.21074 1066604.28078 937617.83941 2014302.2826 1162013.29048 925797.85766 
1410252.55116 941196.84391 364472.7956 415833.69277 959951.67008 580216.8492 527019.75315 1041236.25029 355296.38785 544226.78857 1114108.30051 1324773.01282 1363000.41932 571188.30398 1138158.9499 504476.69324 362958.47489 769809.13597 861186.89898 1017865.74272 995858.5792700001 1183274.2337 1104546.96461 429943.26591 991214.20204 0 988570.82205 948408.00664 566986.46999 358224.28091 582355.55227 1261172.33403 378636.09772 1317363.68808 733331.52829 368694.39876 1171311.0288200001 374149.6646 907650.27617 872552.37264 1352103.85575 432824.55445 407099.20377 395080.93626 1207450.47734 354284.68815 1065051.52878 1811954.17491 927145.53434 768739.83104 355176.5575 622310.71212 537526.65142 1380313.83377 1467963.0607 396000.66078 1138299.2015 1465069.26537 1056924.65143 562276.10658 918531.08383 1612624.6476500002 750349.41378 1248949.81784 387475.00246 1194864.81216 868418.43825 468441.36446 648799.18597 1323159.36566 789414.33045 360651.70542 1250536.58651 1330715.32367 953169.89354 1252326.43983 1820080.293 883787.2785 502534.19907 1442628.5854800001 1056387.08424 354124.16054 
1647809.66319 1795003.59858 926986.97228 1140943.60836 1283733.47582 1382584.01828 1002104.90881 1345599.25571 923417.53896 942341.42343 1979297.29336 1339413.13401 2239160.98318 1026021.68917 2004633.39309 990434.83484 1002559.43906 1012256.06836 1053081.65393 1136847.05965 1124140.29965 1752117.21728 1189538.87452 954628.53506 1307275.80195 988570.82205 0 1097743.88582 1023688.47078 924548.032 1032280.2029 1522176.10157 1056987.1926799999 1569047.96444 1124384.07959 928654.93469 1232746.01067 1043731.58607 1245107.80733 1720427.9405999999 1359349.77882 955929.66424 944560.31558 1098138.5605 1477971.94942 923028.74728 1927422.63735 2380797.15849 1259390.03883 1147791.51237 950288.67256 1055336.46316 1106369.635 1622260.98632 1697462.80537 1100203.15135 1422037.09522 1694960.87872 1357775.44051 1359717.07137 1770490.25937 1560670.31278 1584495.92028 1817792.80142 936269.88928 1248484.3581 1056582.67694 972574.79917 1217642.16955 2197858.03587 1628496.0691399998 991273.30449 2122316.06463 2205698.35196 1278670.1193 1514855.08876 1732309.36366 1452630.2620799998 934822.91834 1427133.57197 1159759.26947 922967.14412 
1959351.00085 1055282.36394 600507.94116 632998.44289 1072043.17896 751279.549 710998.72635 1573451.35365 594983.10217 623948.95538 1650613.99534 1138126.74346 1444139.71336 744328.85693 1234169.82782 953578.72909 673876.14104 1009968.82153 781207.98156 890913.11453 874640.6999 1020128.97888 1344706.6501699998 642355.49391 1100124.97607 948408.00664 1097743.88582 0 741109.32109 596736.12601 1056597.66612 1348452.82631 609208.22643 1401148.26315 874953.99825 603079.53732 1411470.71438 606429.9961 1025474.71567 994543.61979 1161523.46588 644287.56281 795096.79547 619563.00313 1298347.42033 604947.76568 1167092.16758 1574306.71743 1042769.49059 904837.16573 594911.5528 784244.85403 621940.32141 1928398.66823 1543594.80313 620149.89478 1234299.16989 2015911.09375 1590118.0681099999 1031033.7733499999 1441806.96135 1391760.3119 889265.77097 1489109.5033999998 751550.99605 1435024.4977199999 1108578.12381 900932.49009 663329.97848 1406598.76141 1299812.77112 598196.47381 1793632.76661 1413708.82479 1479229.5647 1340183.15187 1581834.5906 1123946.96406 742693.88463 1240167.39711 1296546.7698 594283.8461 
1435088.17606 1314834.07875 529032.7543500001 493541.76626 1335043.82788 902414.4984500001 590267.42686 1074634.23727 471635.13697 481880.42631 1499127.77353 1066878.12355 1758991.4633499999 630017.37564 1524463.87326 802092.50728 449894.06474 858482.59972 673188.2031 797886.34779 779674.80417 939978.4997 1193220.42836 505486.9206 1368595.48195 566986.46999 1023688.47078 741109.32109 0 446083.4568 640159.20228 1288883.80823 462634.96354 1711672.38785 1084958.98198 454534.23928 929442.90506 563562.06624 945777.37276 912147.7172 1091802.73316 507939.86842 486205.28248 617969.04067 1597151.4409999999 442926.01556 1447253.11752 1523593.80639 964502.28452 813404.4153 470119.15273000003 676710.00984 479276.75693 1776912.44642 1491838.24947 620033.63152 1168927.23774 1488990.85536 1089841.97653 621948.73987 1290320.73954 1701298.1114 1104326.40045 998390.05055 469896.47001 950218.17461 957091.902 538612.22316 531886.36633 1349598.65217 832971.068 511103.78466 1278478.61508 1357007.40147 989544.67355 1644012.67199 1531370.99306 690371.46132 467006.71902 1531302.04923 830206.57073 442797.62429 
1366136.54198 926080.0882400001 140278.76384 224576.16373 946289.8373700001 513660.50794 394038.84768 1033211.14133 61256.15471 197635.32968 1057711.72753 1024692.48606 1370237.47284 502208.95765999996 1135709.88275 363336.65834 96206.27717 419183.38845 509934.63803 665938.13697 644006.03921 830909.47652 752366.33313 249735.87082 927373.92006 358224.28091 924548.032 596736.12601 446083.4568 0 465461.90234 1211640.39608 144506.35892 1322918.3973400001 644431.47321 156667.40587 871230.5020600001 132305.57355 837463.91988 799289.95757 999441.93748 254664.26567 207958.06064 229215.05016 1155618.21053 55085.69263 1005908.32198 1458831.40395 858554.38682 684454.32361 60557.24786 514574.98549 191199.34104 1335208.99974 1478652.92285 231279.64101 1135857.45836 1422654.12016 997299.60999 440080.91677 849244.45552 1259660.34724 715572.40994 896456.17367 166293.92895 842475.84988 517126.01795 311374.54169 348718.65920999995 1276035.85381 759572.5588 87100.20607 1200565.928 1283869.17788 886594.40514 1202430.16644 1519999.76624 532413.12238 157943.83144 1089845.21721 704339.35596 54043.63378 
1441229.47693 987006.40631 470287.74791 511124.06238 1354560.02361 651906.23497 852628.948 1082821.81176 491151.33269999997 652416.44805 1518643.96926 1075124.76607 1778507.65908 643883.70511 1176323.06036 585514.20233 469115.12616 877998.79545 969376.55846 1126055.4022 1104048.23875 1291463.8931800001 1212736.62409 706131.97115 1388111.67768 582355.55227 1032280.2029 1056597.66612 640159.20228 465461.90234 0 1295718.25766 481347.52684 1350472.9667 791268.14513 473567.00347 938897.46292 477826.45241 955070.24398 1259774.6165 1099862.5097 525040.22897 504043.55845 494387.5942 1616667.63673 472977.7396 1466769.3132500001 1920143.83439 973616.44859 1144631.1998 463120.43153 974042.9489 645716.3108999999 1411947.74224 1497746.8727 639549.82725 1544127.6446 1494910.73293 1097916.14703 899063.7472699999 1309836.93527 1720814.30713 807065.29468 1007197.60978 488330.85571 959468.03567 976608.09773 768962.46401 756988.8454499999 1356127.15261 843507.63614 467332.64355 1285368.39128 1363500.42895 998430.26449 1287109.80845 1537127.66239 703048.42416 485550.82918 1182614.0331 840777.78407 462313.82002 
1824434.1786 2082470.9777000002 1213502.46506 1428410.9874800001 1503746.9943 1294758.43541 1600749.6512199999 2189602.03079 1210777.9884 1225271.70221 1606544.46538 2181083.3755200002 1788160.49532 1290737.73191 1623315.62218 1262633.9723 1213048.50211 1626119.4986700001 1312350.69847 1874176.10542 1852168.94197 1467188.32427 1424179.10388 1234746.54317 2136232.3809 1261172.33403 1522176.10157 1348452.82631 1288883.80823 1211640.39608 1295718.25766 0 1344454.5718 2479309.2868 1370227.3331 1313058.29533 2027621.39152 1331198.96519 1470910.20725 2007895.31972 1568794.18889 1459298.2889 1226979.04452 1385605.93962 2364788.33995 1221098.44282 1572921.66777 2668264.53761 1483019.43879 1389499.45729 1237756.05168 1314160.73461 1224250.05972 2544549.34537 2635043.81231 1223341.46391 1623413.96018 1867130.356 1567430.23219 1647184.45049 2057957.63849 2468935.01035 1871963.2994 1505278.9416 1367701.67319 1473769.5133 1315161.71596 1517083.16723 1245786.94232 2485325.41499 1915963.44826 1278740.68361 2409783.44375 1763675.44821 2095380.24184 2411649.57094 2676390.6557 1740097.6412 1358844.56177 2298938.9481800003 1399401.63965 1210434.52324 
1371630.31112 1006056.5030200001 159367.09533 351996.5128 902255.31932 478757.81396 412683.01703 988296.7071 137087.47409 324122.67659 1190350.1978 979857.4222 1322999.46916 467775.08585 1089937.26773 493314.93155 213612.34350000002 549705.02399 524474.96998 677136.81138 655579.46704 963170.12172 762296.37169 278224.12591 935448.04595 378636.09772 1056987.1926799999 609208.22643 462634.96354 144506.35892 481347.52684 1344454.5718 0 1275932.81132 655997.39537 236643.82065 828103.70794 180403.50289 846396.16975 931480.84504 1006938.35237 282656.23516 241427.45091 309191.46494 1162107.61445 134443.64097 1138475.54179 1463977.36465 990871.79815 695354.85917 161341.577 645749.17744 317422.53943999996 1468134.87069 1430899.3675 311256.05579 1215833.87314 1427930.46213 1129854.27057 456849.94513 858054.08006 1265616.39112 674967.92154 1028845.70586 206626.0629 851355.51722 531469.6393 440668.69255000004 428695.07398999995 1281915.81599 718145.13676 150423.08653 1206813.65858 1289713.42746 895036.47875 1335235.09626 1472069.54853 663683.16652 199967.2797 1222524.4735 836282.9722600001 134020.04856 
2633941.91831 2140911.21802 1271801.73897 1486851.2278 1551175.82931 1349552.0874 1659189.8915400002 1602751.43845 1297712.27624 1283036.31078 2325204.9128 1597561.37911 1828225.74853 1345695.10779 1667346.70653 1318763.04867 1271368.5929 1684559.73899 1366439.08987 1431990.24212 1421923.42613 1515761.52789 1474170.12263 1512692.91469 1570714.75413 1317363.68808 1569047.96444 1401148.26315 1711672.38785 1322918.3973400001 1350472.9667 2479309.2868 1275932.81132 0 1422116.16084 1273017.99052 2086061.6318400002 1274608.65211 2104593.0789900003 2066335.5600400001 1614313.05441 1293049.24093 1469687.7129300002 1444046.1799400002 2423228.58027 1279538.68314 1618324.44321 2726704.77793 1531090.48928 1440694.33689 1296196.2920000001 1368177.57142 1282060.7003 1841169.60768 1907761.72309 1446110.77079 1667442.44778 1905535.93429 1612987.58933 1341936.53522 1525889.44438 1787139.23399 1430965.92807 1552660.98121 1278583.63905 1522132.71724 1369139.06149 1575523.4075500001 1302642.13666 2543765.6553100003 1451831.3365 1270711.96467 1745989.9767 1804284.48898 1546988.07056 2470089.81126 1938832.26399 1374985.88506 1277524.44405 2357379.1885 1971137.68726 1268874.76356 
