20
EllsworthParkingStru DurantHall LawSchool CITRIS NorthField InvestigativeReporti LevineFrickeSoftball GolbousPlace LeConteHall SodaHall ValleyLifeSciencesBu NorthGateHall LewisHall MemorialGlade SatherTower EucalyptusGrove StarrEastAsianLibrar GoldmanField SoutheastAsianStudie LegendsAquaticCenter
0 1170889.8876 1708782.9055 1604884.24868 1736407.78424 2489196.84435 2072741.44291 1146412.73985 2043400.96955 1318381.34171 1147375.60184 1755294.5506799999 1651519.2957 1157704.19229 1813855.60311 1456287.6429599999 1688817.11083 1669790.59392 1744253.63534 1140385.2178 
1170889.8876 0 1303084.95142 495003.70067999995 1309795.43559 1349156.52865 962860.89491 121302.34952 933520.4215500001 662254.82412 156965.44124 615665.5119 541638.7477 201819.44098 1441034.2526 317371.82783 1276146.9895900001 1220103.56832 1350331.28698 30504.6698 
1708782.9055 1303084.95142 0 1354702.89099 1825950.19685 1854387.60163 2204936.50673 1277984.46715 1560415.97694 1434263.39644 1399041.05306 1413355.60311 1371392.94834 1288123.10167 1899751.10926 1311203.61325 2518222.60141 2492302.4559500003 1833412.90292 1272580.28162 
1604884.24868 495003.70067999995 1354702.89099 0 1389385.79879 1426552.54148 1041656.12377 479106.53806 1367514.78263 808337.96575 481405.93723 770631.45365 690664.45926 505529.3281 1875028.61368 780401.45604 1329430.00513 1305174.90485 1784325.64806 464499.03088 
1736407.78424 1309795.43559 1825950.19685 1389385.79879 0 1879874.0256 2241796.3910600003 1314692.84372 2212455.9177 1970992.06655 1435900.93739 1446632.99972 1405664.1113 1324550.52757 2719969.7487500003 1347007.01202 1807279.26372 2529162.34028 1859186.87808 1309440.16595 
2489196.84435 1349156.52865 1854387.60163 1426552.54148 1879874.0256 0 2281167.85166 1466215.73687 2251827.3783 1502312.7907 1475272.39799 1482365.10063 1442411.47025 1548312.38313 1951636.8791 1385311.20913 2594453.9463400003 2568533.80088 2668638.24373 1348811.62655 
2072741.44291 962860.89491 2204936.50673 1041656.12377 2241796.3910600003 2281167.85166 0 939719.03015 1297969.79102 1593908.12571 940893.43563 1547265.5579900001 1063271.44986 1131856.98169 2342885.80791 1248258.65027 1555928.31434 1535255.78099 1615930.20577 932356.22511 
1146412.73985 121302.34952 1277984.46715 479106.53806 1314692.84372 1466215.73687 939719.03015 0 910615.82077 671888.86157 172557.38707 626016.94289 524444.24938 231482.77905 1415407.16017 337013.45276 1363046.43011 1225359.5014 1325038.12192 117404.11032 
2043400.96955 933520.4215500001 1560415.97694 1367514.78263 2212455.9177 2251827.3783 1297969.79102 910615.82077 0 1119414.29556 911827.71104 1092497.56776 1414149.82965 924790.78703 1674822.72252 1218918.17691 2148658.07154 1517616.43061 1599180.96141 903015.75175 
1318381.34171 662254.82412 1434263.39644 808337.96575 1970992.06655 1502312.7907 1593908.12571 671888.86157 1119414.29556 0 673530.43279 903196.76973 836007.75282 861052.6571800001 2072081.4834 977454.32576 1410416.85542 1387578.14185 1476344.54536 661551.9006 
1147375.60184 156965.44124 1399041.05306 481405.93723 1435900.93739 1475272.39799 940893.43563 172557.38707 911827.71104 673530.43279 0 741370.10432 526545.69821 236205.16207 1536990.35424 442363.19659999997 1372103.0912300001 1226260.3758 1446287.38862 126460.77144 
1755294.5506799999 615665.5119 1413355.60311 770631.45365 1446632.99972 1482365.10063 1547265.5579900001 626016.94289 1092497.56776 903196.76973 741370.10432 0 799607.11181 646462.71319 2025438.91568 691308.78042 1389150.19941 1834631.50721 1456041.13509 614909.33288 
1651519.2957 541638.7477 1371392.94834 690664.45926 1405664.1113 1442411.47025 1063271.44986 524444.24938 1414149.82965 836007.75282 526545.69821 799607.11181 0 548688.06937 1921663.6607 600876.34985 1346433.37542 1322490.16183 1415344.60292 511134.0779 
1157704.19229 201819.44098 1288123.10167 505529.3281 1324550.52757 1548312.38313 1131856.98169 231482.77905 924790.78703 861052.6571800001 236205.16207 646462.71319 548688.06937 0 1424568.09449 373624.00097 1261517.07905 1235929.90676 1519327.37376 199500.75658 
1813855.60311 1441034.2526 1899751.10926 1875028.61368 2719969.7487500003 1951636.8791 2342885.80791 1415407.16017 1674822.72252 2072081.4834 1536990.35424 2025438.91568 1921663.6607 1424568.09449 0 1726432.00796 1881812.55517 1864756.25391 2730356.19998 1410529.5828 
1456287.6429599999 317371.82783 1311203.61325 780401.45604 1347007.01202 1385311.20913 1248258.65027 337013.45276 1218918.17691 977454.32576 442363.19659999997 691308.78042 600876.34985 373624.00097 1726432.00796 0 1285075.53516 1259966.87447 1635729.0423400002 315902.42516 
1688817.11083 1276146.9895900001 2518222.60141 1329430.00513 1807279.26372 2594453.9463400003 1555928.31434 1363046.43011 2148658.07154 1410416.85542 1372103.0912300001 1389150.19941 1346433.37542 1261517.07905 1881812.55517 1285075.53516 0 2465364.49412 1814818.74805 1245642.31979 
1669790.59392 1220103.56832 2492302.4559500003 1305174.90485 2529162.34028 2568533.80088 1535255.78099 1225359.5014 1517616.43061 1387578.14185 1226260.3758 1834631.50721 1322490.16183 1235929.90676 1864756.25391 1259966.87447 2465364.49412 0 1797126.72952 1219722.17433 
1744253.63534 1350331.28698 1833412.90292 1784325.64806 1859186.87808 2668638.24373 1615930.20577 1325038.12192 1599180.96141 1476344.54536 1446287.38862 1456041.13509 1415344.60292 1519327.37376 2730356.19998 1635729.0423400002 1814818.74805 1797126.72952 0 1319826.61718 
1140385.2178 30504.6698 1272580.28162 464499.03088 1309440.16595 1348811.62655 932356.22511 117404.11032 903015.75175 661551.9006 126460.77144 614909.33288 511134.0779 199500.75658 1410529.5828 315902.42516 1245642.31979 1219722.17433 1319826.61718 0 
