89
Thresh Heimerdinger Huskar Sven Nasus Medusa Tiny Katarina Terrorblade KhaZix Slardar Kassadin Gragas Kennen CentaurWarrunner Sniper WinterWyvern Nidalee NightStalker Annie Singed Quinn Ekko Venomancer Karma Omniknight StormSpirit BountyHunter Warlock Weaver ShadowFiend DeathProphet Fiddlesticks Janna Undying Rengar Magnus Visage TrollWarlord Kled Jinx Syndra Sona Azir LoneDruid Zed Rubick Morphling Irelia Techies Beastmaster FacelessVoid VelKoz LeBlanc Amumu Pantheon ShadowDemon Puck SpiritBreaker Bane Yorick Vladimir Ryze Mirana Slark Orianna Trundle JarvanIV Timbersaw Jayce Ziggs Tristana Xayah Cassiopeia Chen Viktor Leona Oracle Lucian Vi Nunu Brewmaster ShadowShaman Talon Rumble Zilean TahmKench Kayn Fizz
0 33147.29874 55548.30079 31192.13893 46127.88647 38730.209 31532.70938 37915.31315 35410.09364 54025.249330000006 29190.64118 33282.452 35871.54071 30613.70426 35557.66346 48485.09852 35939.5915 31649.0961 46947.46311 52905.49839 44925.94667 47302.70157 26481.02011 43015.68059 39540.16795 42318.88521 53557.47184 39567.52487 52019.79706 25335.14905 37980.14116 37883.10091 30014.34122 46791.16462 26821.81755 45324.30047 43350.70514 33778.66784 43769.22866 30287.74228 46522.55646 31933.59027 30973.78448 40505.14957 37615.16328 51469.36766 26856.5574 33896.17005 40135.29712 47019.44929 39039.32975 25221.19314 36447.65508 33465.47904 27905.79088 55035.28946 34523.16751 53616.000530000005 44130.06169 44791.5358 31773.96118 43339.02862 35812.4358 48331.34244 35393.11988 49615.63985 35966.34142 47796.2294 33211.54234 25169.88426 39499.43723 35558.7067 32785.21334 42682.58543 47348.3751 48376.8769 39008.01246 38443.4515 45131.80409 29075.99475 39128.24856 54083.598809999996 45123.41371 39471.6791 47967.5663 31063.31048 42680.42435 52110.28294 28908.88008 
33147.29874 0 33289.74567 40969.84401 26849.05612 53747.86717 52315.7776 48051.5489 45493.7956 51114.9215 31626.39751 49695.61552 43048.94176 45303.26198 45752.02869 42747.47813 45943.76249 38747.56794 31378.60434 25412.33725 29556.73409 35080.88399 35656.51767 47984.11209 56068.79426 31212.58836 34626.11489 30459.48882 52209.258799999996 44522.17231 30295.1876 52920.830069999996 49273.2352 39116.43899 28941.32932 31466.8213 45254.73529 42402.21135 48760.1661 47776.26744 53120.87388 32971.60635 53249.59831 25146.92102 30793.85094 33704.9264 30424.1829 49710.50019 28159.04286 33121.62773 32001.92447 32287.32931 53971.0264 52058.426250000004 30550.01724 52816.73318 35832.36819 39197.73714 37191.21432 33670.20468 35280.56158 40972.70815 38875.36118 52407.18944 41632.18732 27946.47205 54313.25907 41328.29513 45999.75241 51465.99063 43955.36331 44177.56907 31290.05261 27480.42089 45527.78915 26608.92469 37177.49771 54647.617750000005 30844.11027 44935.87201 43149.66927 33138.57877 34042.13731 48546.14013 51194.536290000004 53376.21439 37179.14775 53486.71632000001 31557.12829 
55548.30079 33289.74567 0 38104.28476 49863.52297 48266.34469 28036.77588 35369.45969 44782.71801 29315.72412 52284.97345 49455.24718 47228.48427 27777.64021 39232.36541 26124.93187 42256.26593 36822.22893 38421.06155 44551.9273 31585.14781 30389.85833 49898.03089 28928.18479 37432.7902 26314.02291 35884.02106 26819.81197 25135.549 53179.86701 46791.68775 51744.06198 40015.79767 48815.23002 46064.36617 47972.54461 37094.91944 35028.44536 25813.37915 39266.10587 47528.64254 33544.39913 30567.99418 42045.75399 45576.93549 41573.46649 36554.24408 44917.02368 35671.31158 36304.78906 27574.95432 52397.64471 41432.27864 46465.67212 46719.41373 29878.98828 31612.15393 46965.09068 38000.55238 25311.98218 30907.15261 38268.93854 52902.436369999996 52250.67189 45042.93409 32662.24158 36961.30695 29519.3559 35548.03837 30912.3991 40426.46718 42367.76342 27043.98418 37191.27001 33895.9248 27740.56012 27550.29777 34384.92041 41990.50857 45804.32465 48087.7034 26655.96341 43635.30871 29924.03179 46238.51219 38987.60471 42642.26428 31964.39683 27285.97161 
31192.13893 40969.84401 38104.28476 0 47473.69349 30192.18639 53703.58598 41021.29413 41162.21058 29081.29005 25645.88795 42837.47843 53684.637149999995 45751.82392 53239.561050000004 31675.18037 50440.130730000004 55898.54488 40585.32938 52925.96268 36048.79006 36389.58815 52905.66513 49949.34568 41460.4313 37082.84464 45704.07665 37370.05003 35920.99666 26311.44646 41082.23659 36489.79991 54092.309089999995 42903.37966 46378.62271 35309.365 40567.26858 28671.94807 26815.40349 52592.03939 42829.54392 35956.24377 41260.91862 52076.66494 45743.90547 50466.318960000004 45162.89787 26219.66069 47638.65934 43723.83799 47704.33432 29072.70757 54672.56722 49408.31902 42296.50145 26056.74508 43796.89762 27853.7653 30980.94246 41728.81759 35265.63453 41719.75894 34324.85281 36697.89549 29774.06015 39044.40805 35865.96797 45943.75335 28291.77177 27670.28689 51865.27789 41832.04222 37189.87491 30290.18059 27955.20846 29847.10255 41170.90722 38752.73815 51118.12233 52774.90165 26962.07585 32692.91814 47007.78903 54424.1446 37651.29183 36452.962 39611.75691 46464.49356 48260.20377 
46127.88647 26849.05612 49863.52297 47473.69349 0 43506.48435 45112.18225 33169.76234 38176.48945 39006.51356 42969.7788 38411.08969 31426.76455 41272.54538 52605.09688 55343.28278 48783.57965 32857.54769 36936.49265 43002.52777 53548.28419 47200.78926 48358.58701 35850.15674 41315.44801 38264.77396 48546.60796 55112.48173 51276.35682 33926.03596 40558.36289 49955.04369 40374.86616 52098.34512 33848.31581 35270.43778 27204.18651 43830.39492 35389.42781 47513.34544 28121.0439 31168.66814 38404.58413 51995.97714 47845.62158 38372.90309 28641.86588 42673.40719 39193.09679 48724.24008 42853.57709 41359.9863 47621.68128 33648.04654 53211.086200000005 35817.80143 29150.51009 46977.09132 35857.90179 32524.87007 26740.43848 27705.65793 43570.38269 44560.72733 44762.03794 54795.528170000005 53911.7245 30321.8454 45350.6841 38181.25744 45461.3872 29993.53877 39559.07927 34912.51738 29025.65602 25676.02271 39936.79494 53714.71577 33552.13384 35972.46343 46987.42248 56147.723379999996 32567.67422 44276.39747 42987.18586 44389.66231 41855.72913 34576.79992 36822.39325 
38730.209 53747.86717 48266.34469 30192.18639 43506.48435 0 39809.46979 51104.59545 51762.2375 42095.98415 27392.41134 43259.58173 49632.28441 52213.00138 32436.03451 46915.09864 44847.64526 33384.75693 45718.71383 29783.72615 26767.44395 45042.55798 35758.46802 45256.68394 39576.33557 38854.60521 36264.38635 25334.62627 45388.6804 27724.01065 52025.662670000005 56575.51206 34207.35087 44192.29429 51446.71301 41052.5404 45288.67748 42902.48484 36784.53837 41411.5632 48324.081 45353.46363 52646.114369999996 41326.7865 25189.56609 48357.94919 30500.21663 48079.06683 46247.21062 48596.43153 43054.1851 46578.72621 44428.76122 27434.67533 45615.22941 43160.31904 44135.94826 32066.85371 30527.96091 45309.09354 32852.07001 26656.73212 48507.36431 25593.48101 46723.53832 29336.59089 49717.09271 35327.28264 36151.62208 27375.32097 34062.64448 45018.58759 35932.07809 46482.93293 47382.42818 33317.89027 49479.19152 34112.73828 51856.28582 36502.47187 35404.96078 28146.30934 25548.54008 26256.30371 34161.96526 30836.24371 34489.83409 47662.23685 52314.56701 
31532.70938 52315.7776 28036.77588 53703.58598 45112.18225 39809.46979 0 47775.49069 47293.62824 31391.20055 38658.77696 50714.00479 39406.24904 43362.08302 46824.85806 42175.27801 28717.51859 42684.25026 43801.59805 36169.70813 40296.31375 28054.55059 54904.3734 26445.48166 29947.88575 47364.10783 38748.91756 47227.7975 45922.70592 52654.679560000004 42777.97726 44438.09624 35879.66885 33701.87791 43529.45745 36369.18395 38532.16807 41273.53347 52937.379499999995 54011.62818 54879.60365 26176.9769 51575.94958 55041.83979 37772.94407 48249.90144 57096.83826999999 34522.92821 48808.66319 53058.69981 26284.74523 37336.0548 47443.52865 48776.66343 55865.85987 46821.10664 32727.32055 50474.49512 31897.75056 37990.03267 31031.0868 30973.90272 35161.15924 51725.74875 30437.64971 41302.84348 55444.73274 48672.74783 46041.09056 45476.48566 40760.14876 30643.82075 34361.76898 51475.20594 51025.64918 46297.47657 40235.54365 34861.52463 26705.56589 37003.78077 30352.81114 54692.73929 36987.98372 26007.19658 52857.3929 29834.51091 30299.71666 44353.79321 31322.769 
37915.31315 48051.5489 35369.45969 41021.29413 33169.76234 51104.59545 47775.49069 0 51447.46181 26715.8312 46404.90533 49268.79946 25267.55337 43282.13474 39473.14279 43686.89367 54254.28725 25164.23232 53116.557759999996 30718.33101 46981.39522 38488.1098 35118.43849 39802.84571 49455.11782 51562.29064000001 46620.67292 27289.93095 36855.33312 35649.42963 29587.96314 25514.26243 30582.92884 45565.98199 43426.64751 54467.87882 49204.47584 52637.14153 35434.6996 28130.10034 49250.14397 42376.85875 44878.67021 38311.31242 51898.21782 36370.23444 50671.31372 51709.91596 40072.34258 44534.84406 41159.87889 39424.59718 51329.65163 43861.33221 51032.820810000005 43884.62552 51598.45908 39281.09778 33512.52646 49690.9456 48294.93956 31206.87475 52656.835139999996 40627.31734 45571.58966 36011.63212 43059.70944 38488.94866 51045.561109999995 26781.94416 45135.6644 36623.56026 46459.30109 38716.27616 44412.63612 43544.97365 45090.50462 32772.24294 25842.08692 55151.55468 45810.92167 49298.28245 28611.04585 28935.2957 52451.965249999994 29675.3324 43537.33975 41515.96264 29157.28272 
35410.09364 45493.7956 44782.71801 41162.21058 38176.48945 51762.2375 47293.62824 51447.46181 0 27835.36957 53504.188460000005 46419.194 26179.90844 39738.6194 47494.77759 51622.813129999995 32093.52594 32382.44351 38486.19171 28689.67237 32995.6025 34977.84583 46535.45717 52770.529299999995 47343.07842 26725.4438 26447.31639 46089.22032 48291.77543 46870.92883 45110.01238 37539.28986 53559.25558 31023.59166 36342.27941 32401.10691 51673.36457 50594.253 43062.56872 48880.61995 32859.21083 49923.85257 46648.67422 39101.80499 35766.50204 37813.74425 31224.69983 41733.55401 49851.92256 37081.88812 52450.09707 56108.99141 42551.11348 47372.98961 36520.55314 32180.69875 27041.65948 41199.43174 49434.94643 30517.09753 34488.25386 31374.766 55616.41008 33416.62968 25744.74472 44680.59008 41690.47949 37173.21746 26803.82484 55595.16201 48116.52885 52865.56953 29996.99143 42952.82975 40151.7427 31481.42457 45278.83705 43252.62512 40627.08297 33748.91532 41388.90551 53207.34579 46696.16128 25505.93379 44254.64678 26634.80252 52353.08641 44371.14943 39818.07745 
54025.249330000006 51114.9215 29315.72412 29081.29005 39006.51356 42095.98415 31391.20055 26715.8312 27835.36957 0 34874.20864 25454.24416 40022.01676 42808.73613 48975.92493 32538.72614 48284.72823 51880.063519999996 52319.818100000004 52431.909719999996 34473.30536 26919.1459 31447.70516 45005.71246 29598.44057 52926.09277 53146.12114 27508.28107 27115.72594 35908.77123 33598.88539 28919.03028 34639.96321 26928.57372 33935.4897 27992.43145 29663.91185 38126.59398 48091.019 28614.78352 47132.15639 52099.55165 52438.07208 28388.33117 50823.39485 49290.02319 33827.1029 44648.19452 52580.37146 33649.02669 36881.62197 35043.39346 37170.69622 28931.87926 52198.18312 52670.79406 36153.89058 26283.97211 27690.94775 42156.62604 27802.66118 48061.61883 52528.69737 25362.77129 46018.50149 52028.1163 48273.04349 52135.11851 29426.29878 48489.70695 39330.1777 52036.423469999994 38650.90943 42472.29959 47463.93501 48145.96994 26014.91108 27143.66839 46300.39301 41941.46834 53295.17482 50957.479770000005 29347.55652 49818.67107 52155.49728 44527.2881 40590.34577 44364.84717 35835.8167 
29190.64118 31626.39751 52284.97345 25645.88795 42969.7788 27392.41134 38658.77696 46404.90533 53504.188460000005 34874.20864 0 41579.36849 52397.98876 48379.28158 49463.84961 49089.18631 35708.17302 56446.1918 37299.72449 27785.19139 31218.21161 30743.40468 32538.3433 33724.73225 40411.83106 30073.56044 43262.98906 31867.05575 34996.85153 42845.02828 43839.63123 52061.65348 42438.09843 42991.75229 28479.55366 53093.38841 48611.62105 47179.63132 40279.85445 46748.13893 28018.49046 48218.1867 35136.92908 49754.18414 40592.91123 34917.46758 34756.18773 32633.02624 32251.69178 54119.673899999994 44779.23779 32966.69218 39530.22184 30235.09535 34900.52924 51702.63303 37378.79362 53467.6236 33137.53353 34564.48735 29281.11381 37955.16419 54299.80038 52797.25978 35227.4989 35037.81325 31833.8138 38968.90759 44234.3535 52921.55323 32172.65333 42004.41636 32998.40734 49862.64293 39230.08892 32998.21996 28055.11403 36636.54026 40466.45665 46980.4891 52607.9638 51822.130229999995 40837.49443 42015.78354 37694.72761 30484.49747 35918.75573 42514.72925 34701.82701 
33282.452 49695.61552 49455.24718 42837.47843 38411.08969 43259.58173 50714.00479 49268.79946 46419.194 25454.24416 41579.36849 0 36898.03122 34994.04426 29989.48981 31543.04796 31469.65268 36894.20854 37768.06085 27581.73709 37060.15976 29626.63017 29600.77087 49290.14182 44798.54389 48462.42861 31903.12877 43609.76484 48608.16729 49369.73847 36669.62691 26672.38914 55365.238670000006 34488.60027 34337.70231 31629.99872 26159.79665 53381.05313 34615.09914 36201.02277 52165.233439999996 41397.09302 51738.656709999996 40243.11548 25369.15069 30289.37618 41240.56011 46293.89796 37594.40941 47467.56678 54425.97534 49494.80604 40326.44385 26866.40688 52693.518729999996 31211.57534 47040.96944 51738.21627 37170.66918 47352.5821 41107.17777 43193.03119 49851.24752 26323.13415 26727.77485 31579.72412 41075.29923 43774.25425 38422.49231 29887.88151 37172.34075 41934.5763 43568.24545 37164.04846 47269.99958 35522.2637 29235.06673 38664.6714 51977.072499999995 46123.97318 43614.58274 51917.84263 26850.80503 40283.36746 32889.62381 30931.76018 31944.85594 51261.4638 37094.02709 
35871.54071 43048.94176 47228.48427 53684.637149999995 31426.76455 49632.28441 39406.24904 25267.55337 26179.90844 40022.01676 52397.98876 36898.03122 0 49079.82316 40230.45191 32921.96074 28986.73388 31324.3407 48213.03232 26259.23002 31793.51632 42263.0654 36944.83822 26899.25164 30046.35647 29456.48144 44641.10865 36181.94181 39949.12329 47460.54427 29038.62891 33308.24429 53986.9308 32724.18465 26423.30801 44031.71657 52610.15139 44861.12078 44125.12796 44681.37875 30990.20765 43847.60766 41589.48363 47880.65214 35519.75803 28363.43731 44094.42096 30564.09512 28502.77748 33100.64075 51592.312640000004 43112.96646 30633.86555 37572.09338 25765.26744 38795.97837 28600.54437 37834.08525 37987.68425 39151.99116 29473.32621 31436.22558 38048.79131 36261.67271 25349.46698 26240.99606 25975.37056 43453.16658 39505.94918 32830.70811 30202.54084 27810.95818 42529.60629 53826.04731 55513.688729999994 52257.70305 47374.23428 39796.60301 34604.01583 42078.5307 41736.26303 52487.94549 40604.46987 29864.01302 36814.7208 41290.13785 53940.35887 29409.81752 52022.182499999995 
30613.70426 45303.26198 27777.64021 45751.82392 41272.54538 52213.00138 43362.08302 43282.13474 39738.6194 42808.73613 48379.28158 34994.04426 49079.82316 0 40039.6391 46060.85729 28437.44661 25323.11576 51644.90401 37676.32521 39342.32626 48832.59268 31177.56888 31394.31523 52706.26213 44979.00314 49499.75149 46518.63088 33849.4834 37067.4808 29853.58641 29183.52412 28379.44418 49392.19346 33883.86243 39304.09212 42526.17405 29671.55674 30643.45718 44179.62861 31176.39603 40646.13044 34353.87409 46236.73383 49347.01509 35392.51571 25579.77967 40913.28612 49449.43389 47805.29529 52812.327950000006 42890.91265 38912.24503 52683.284230000005 41441.34376 37771.83736 36178.06983 33287.88167 37832.58594 46443.84713 45017.9843 25556.26926 55703.646779999995 40473.31516 35036.02297 45856.19961 26732.93478 37991.97799 43934.24561 38497.24158 37274.11693 47111.84706 33731.35719 44461.04171 44791.03725 36605.57881 49300.48848 51319.98128 37654.53202 31047.54201 30029.51701 36771.79724 47084.18278 34889.28146 35423.41197 36458.02577 47914.04214 37730.99599 26462.43405 
35557.66346 45752.02869 39232.36541 53239.561050000004 52605.09688 32436.03451 46824.85806 39473.14279 47494.77759 48975.92493 49463.84961 29989.48981 40230.45191 40039.6391 0 33908.7013 27674.70415 46321.07221 37303.45005 26313.20581 49005.62156 28906.72583 33793.08979 55167.55301 28389.67168 26790.01459 35236.23512 41386.85688 37018.88835 51773.22838 29439.34492 53295.25568 37949.16961 51816.541809999995 32761.5106 52775.421449999994 25400.91037 27858.02005 33401.15959 50530.64719 47430.76571 39608.62259 45574.47475 36465.74556 47596.83766 48672.95571 26648.76445 37497.7049 30205.62066 35680.16595 44704.212 55014.1605 35574.76772 30851.63448 46614.58315 54997.81328 25355.14562 42225.4722 55208.8394 28011.65349 30503.21612 33828.99035 42087.61724 34515.77281 25992.27235 25372.48039 40348.78799 30902.84844 53907.39097 25569.27416 33897.78336 54777.43434 48235.03812 46012.15173 35327.32111 52901.31905 46981.40824 39003.30633 54171.01848 29049.86314 50571.17523 28623.24973 34662.49274 29799.26921 32722.33677 45239.65169 41480.31626 45035.09167 28588.59834 
48485.09852 42747.47813 26124.93187 31675.18037 55343.28278 46915.09864 42175.27801 43686.89367 51622.813129999995 32538.72614 49089.18631 31543.04796 32921.96074 46060.85729 33908.7013 0 33360.78479 39970.98734 43716.45136 25386.54576 49029.06052 37226.31542 51131.41608 35949.91012 27145.16264 37259.98133 41597.48263 40376.99859 50635.56676 56693.12329 31656.94239 44746.09722 46394.49958 27753.37036 38190.06634 33315.14431 43539.36224 28754.5648 31622.10988 49368.41326 54582.12621 41324.8387 30741.53433 53347.52829 34055.14633 27564.04702 39996.48742 43803.43633 36417.25909 38519.88601 41301.80558 29933.33811 37795.1802 36070.9109 29275.13454 48927.95322 51489.107350000006 40864.04372 38896.14039 49064.795 47593.26207 34214.78024 36591.371 54146.68155 28683.77568 52560.52677 31394.2911 52959.91515 27674.39373 47773.83285 53034.485700000005 44553.75516 39832.69956 52002.48779 29585.18009 30512.05923 31469.41013 25250.77072 42828.57148 35987.70936 43083.33675 37709.41002 38950.48543 44660.21498 31552.82548 25531.54731 47485.51987 44263.93781 35142.21159 
35939.5915 45943.76249 42256.26593 50440.130730000004 48783.57965 44847.64526 28717.51859 54254.28725 32093.52594 48284.72823 35708.17302 31469.65268 28986.73388 28437.44661 27674.70415 33360.78479 0 29286.48821 52366.070779999995 26028.94299 39127.87231 48778.2896 26708.28775 47719.39331 41324.57727 25114.2901 39066.52736 33373.29032 55273.466239999994 56164.36176 35376.04743 41906.27829 25887.72229 37345.79359 52680.562009999994 47368.21162 52593.98457 41050.76551 52744.19899 35368.05887 53949.71404 43012.82561 28954.61127 35051.58508 49135.10822 35976.32095 49246.48477 25783.71333 34594.72946 41705.44475 36682.22145 48286.57339 49847.89416 42890.03448 29486.5636 40430.6253 45669.42824 41576.29748 37339.34805 35895.12928 31276.69643 29841.87602 30022.14999 43392.66133 53071.181450000004 46097.58231 48458.02954 37222.32054 40873.83582 53243.978310000006 48937.97258 45768.46529 39188.2833 34709.90822 29198.04065 37751.45842 45784.08583 37974.00361 36408.20378 46527.83126 37255.62889 45041.74932 33403.62075 42930.33471 43872.74543 45086.45508 30851.19638 28307.9029 38565.78562 
31649.0961 38747.56794 36822.22893 55898.54488 32857.54769 33384.75693 42684.25026 25164.23232 32382.44351 51880.063519999996 56446.1918 36894.20854 31324.3407 25323.11576 46321.07221 39970.98734 29286.48821 0 45110.07484 51823.307740000004 48243.84943 32000.92169 26643.59455 39168.69418 38324.98501 54400.778309999994 46572.57486 47393.64627 27717.23509 49414.04909 47890.75023 49348.54571 32255.51797 26319.97174 33339.4825 39918.53779 27687.01255 33211.71343 33018.49205 38730.99367 30979.53887 39137.16143 44277.86308 27731.38803 26733.9855 26192.64228 50902.895430000004 35832.47861 30726.49918 32388.61304 34678.77993 48496.42784 31045.82703 53194.46847 54895.737089999995 34098.7626 27653.90533 34375.25684 43258.01436 48460.23632 43473.89733 48696.2093 36497.93359 38037.84174 43341.21525 47206.07424 36625.67016 40594.3147 47992.37425 30346.66919 37478.05535 34712.746 35628.17454 29450.96222 38309.02157 32998.44836 56932.39361 38650.54596 48609.29727 36859.35814 54146.95761 45357.60094 42298.33715 28524.20827 51889.763080000004 32435.41242 55521.74919 28253.21397 44439.81222 
46947.46311 31378.60434 38421.06155 40585.32938 36936.49265 45718.71383 43801.59805 53116.557759999996 38486.19171 52319.818100000004 37299.72449 37768.06085 48213.03232 51644.90401 37303.45005 43716.45136 52366.070779999995 45110.07484 0 46673.41714 35291.60753 25400.6722 38069.23934 47120.24152 26573.24759 29101.54613 26211.33563 52816.44718 30588.047 49372.26735 25664.57084 39563.58081 34717.02208 49618.63781 32072.80863 32729.94749 46415.67569 42806.24693 32172.96796 33471.19247 48999.54084 37039.88686 31991.8117 43234.35995 43485.73876 35242.60565 51794.1522 30019.9487 26449.40739 32112.79239 25950.90534 47065.30301 26143.84 39994.18069 51046.56874 33592.81292 30768.35959 52504.904389999996 45040.17717 34860.62865 35970.72377 46071.34163 48334.53507 52143.56255 34824.00963 40653.92101 35467.8177 52758.36451 26971.65871 46671.65434 40258.00048 46018.07335 38098.04819 49967.03639 28912.25835 46569.77344 28450.44837 45450.14765 31035.09628 38916.80273 48233.10588 40557.67302 25535.7192 52766.06067 25904.02781 31904.82321 46284.42838 51777.08085 39574.69143 
52905.49839 25412.33725 44551.9273 52925.96268 43002.52777 29783.72615 36169.70813 30718.33101 28689.67237 52431.909719999996 27785.19139 27581.73709 26259.23002 37676.32521 26313.20581 25386.54576 26028.94299 51823.307740000004 46673.41714 0 32665.50144 40999.68137 44760.49814 52156.017120000004 46947.24814 49385.07125 30698.87036 52624.634099999996 34406.3901 38500.46341 28428.50898 27508.49282 42107.84488 25503.336 29364.07824 36511.87264 51714.11618 46107.65824 52012.84673999999 31413.21813 31945.40203 32316.36754 39973.95934 43961.87394 26360.71262 51519.23395 29996.48192 30439.60236 53571.38011 44642.36461 30122.75178 28700.95469 35673.04791 48554.98445 52024.49746 31050.87298 48463.80542 28583.20042 44026.22429 47716.74631 44794.9471 47503.7517 41344.42767 49886.01258 38483.98002 46002.14244 37949.91255 44154.65257 39945.74666 27735.61413 36115.04384 53168.02248 34145.01809 45317.52769 39485.3457 47567.1558 39716.9716 40206.90755 38872.67411 36985.6429 32357.14256 28110.52177 52528.97941 41517.49825 25822.11315 35769.79296 31039.00504 54336.84589 25762.95248 
44925.94667 29556.73409 31585.14781 36048.79006 53548.28419 26767.44395 40296.31375 46981.39522 32995.6025 34473.30536 31218.21161 37060.15976 31793.51632 39342.32626 49005.62156 49029.06052 39127.87231 48243.84943 35291.60753 32665.50144 0 39702.89884 48707.87476 41475.85132 49502.98432 31521.43388 38687.66775 28538.0112 46483.27287 28327.4719 45205.79411 51896.32118 30815.99051 37122.41217 47027.98708 50982.89313 43260.72683 40916.97993 47715.08961 31072.75633 48552.77784 28627.21812 47211.21744 42432.89529 48408.36928 30750.71947 45498.91145 41539.09703 49290.20027 26833.31053 27220.11125 46131.86853 43875.74664 54202.11928 29720.0022 36561.68693 29489.882 35212.8495 41920.42964 40893.26772 44368.66585 53424.17607 30946.42431 48374.01494 34336.62769 52571.42783 40732.17232 51787.704639999996 27398.69529 29700.62084 55401.84735 53264.80022 36326.77538 36645.84202 28660.73967 29023.76668 35825.0041 41326.59071 40965.69289 44768.4725 44613.37994 37538.20676 31014.71841 43901.68581 52985.99873 30341.7367 31929.87733 44686.56788 34728.12181 
47302.70157 35080.88399 30389.85833 36389.58815 47200.78926 45042.55798 28054.55059 38488.1098 34977.84583 26919.1459 30743.40468 29626.63017 42263.0654 48832.59268 28906.72583 37226.31542 48778.2896 32000.92169 25400.6722 40999.68137 39702.89884 0 39574.7781 43121.05069 41302.61811 36584.8462 41722.98341 27878.31042 42128.02581 55303.04088 35023.5429 29746.64162 47452.99728 32096.13746 33048.06366 43750.87335 28132.29138 54281.29123 33160.65691 52505.58823 52197.63906 27833.81847 48928.66546 37718.75505 48945.77614 29224.8504 38161.67873 30319.92382 40936.65994 53173.45268 37212.74795 50801.94828 51544.5122 41695.11301 41874.36925 42577.96731 49289.54642 42960.56984 34288.42762 30760.49229 32761.01073 37029.21778 35333.31901 51393.7189 46235.51786 54279.20622 44148.49178 53749.56419 43938.51668 42357.38018 54598.295809999996 55453.693530000004 31711.89172 57120.35792 46217.82135 53490.58245 45191.94365 51846.34548 32563.59666 42039.34492 52416.137610000005 44265.04852 50936.3914 40697.01254 41167.58973 52346.77372 31547.79471 35272.72504 51165.423989999996 
26481.02011 35656.51767 49898.03089 52905.66513 48358.58701 35758.46802 54904.3734 35118.43849 46535.45717 31447.70516 32538.3433 29600.77087 36944.83822 31177.56888 33793.08979 51131.41608 26708.28775 26643.59455 38069.23934 44760.49814 48707.87476 39574.7781 0 46529.65838 46119.84049 29031.28902 44384.014 54430.33928 37607.01334 35246.68144 55200.81225 36091.84294 39522.52373 48611.3825 33247.06608 43191.0497 41046.84878 53407.4712 47811.81033 47462.73131 43699.27189 38439.90453 46892.91507 54374.982579999996 47113.634 52332.44162 38218.27014 26686.00444 48430.97695 53544.05906 32945.08153 45765.72721 39815.53876 41116.12104 49499.7932 40896.20123 40835.69852 53153.74632 30855.23951 36153.2578 34927.51871 31644.0762 27375.38116 37952.75158 27941.78554 29545.72895 27547.55736 31550.62594 46244.89014 36921.46463 42296.77401 28789.62766 40847.7912 27167.8151 33119.65679 28141.14705 52365.96672 53367.822270000004 37035.46824 40581.41625 30431.09649 31832.38583 54713.98185 55167.80282 29771.45598 35231.58114 39234.50271 31929.70031 40684.0455 
43015.68059 47984.11209 28928.18479 49949.34568 35850.15674 45256.68394 26445.48166 39802.84571 52770.529299999995 45005.71246 33724.73225 49290.14182 26899.25164 31394.31523 55167.55301 35949.91012 47719.39331 39168.69418 47120.24152 52156.017120000004 41475.85132 43121.05069 46529.65838 0 47817.02099 52606.475909999994 49439.10338 25480.82585 41510.14034 39205.37273 55146.90398 35312.28018 50720.6016 26652.68112 48027.75291 31540.95296 46348.15144 53135.49602 33986.37674 30754.78133 48220.93961 25835.9312 47787.82191 28596.35813 33960.21182 51475.93872 54007.83146 30304.93347 30702.40986 32757.64213 34934.25799 33624.18006 27439.57853 35899.33838 36814.80797 47697.44484 44878.12497 35933.59864 31780.41191 49956.38402 36610.01478 33329.25336 27103.40598 37730.45279 31138.05634 35110.92773 45105.07275 39940.97502 31031.92326 43230.87837 44780.58263 47894.79883 47502.09287 49172.46775 47632.27892 45149.59104 44000.23629 53787.83318 32056.00419 31853.40547 26726.77047 35822.82192 37524.67195 43491.78458 30198.32294 33591.64146 29622.42461 30045.75401 52556.399359999996 
39540.16795 56068.79426 37432.7902 41460.4313 41315.44801 39576.33557 29947.88575 49455.11782 47343.07842 29598.44057 40411.83106 44798.54389 30046.35647 52706.26213 28389.67168 27145.16264 41324.57727 38324.98501 26573.24759 46947.24814 49502.98432 41302.61811 46119.84049 47817.02099 0 49927.67977 52784.58322 53628.23246 27766.46743 49482.12501 30753.26641 47854.84876 37764.04443 33114.68601 37157.7592 52163.26088 38323.71496 44031.40456 27108.29362 53538.763439999995 31323.92875 49085.32582 47696.69131 51660.5641 35800.14229 47472.64064 47437.4139 52305.566940000004 32107.73442 32715.95729 26689.20144 34360.11533 33466.81807 26763.50234 27348.3233 26608.1416 51014.84612 30104.2748 30841.20807 52524.91304 50702.53785 49252.97132 31374.07144 35696.1931 41234.13472 50908.44883 31190.44131 52775.3177 53544.9063 25341.49449 54100.253169999996 44605.79118 52607.060670000006 47291.91937 49186.98824 42171.62991 46344.58856 30084.33386 52263.40828 28235.29929 32783.70291 49797.51836 52108.96679 53933.46373 49526.28095 51909.18282 45626.52116 26803.19235 54988.81787 
42318.88521 31212.58836 26314.02291 37082.84464 38264.77396 38854.60521 47364.10783 51562.29064000001 26725.4438 52926.09277 30073.56044 48462.42861 29456.48144 44979.00314 26790.01459 37259.98133 25114.2901 54400.778309999994 29101.54613 49385.07125 31521.43388 36584.8462 29031.28902 52606.475909999994 49927.67977 0 53172.76019 30488.36238 36407.95995 48024.12038 41750.4621 36848.94341 28850.38916 42244.74267 55120.2379 27723.88348 31641.86343 38441.26882 52127.40206 45052.92076 34515.48805 26770.54471 40884.78807 42721.31398 35244.61035 39977.31182 39547.50429 32938.89904 32478.60169 48844.01833 28538.51773 36642.32287 35527.26548 33833.3596 44834.14516 34379.10301 49311.08542 26642.12066 45090.18087 47792.58913 40491.57859 53819.94748 43234.23051 32587.4853 35238.52466 32925.99033 27588.11014 28172.9533 46791.86238 48086.74395 30170.78728 39177.33976 48547.16808 48188.25776 26897.95267 54019.014559999996 40744.258 37261.3255 47393.87451 27857.26765 41343.1408 49110.86681 46682.89828 30761.81526 27876.50867 28731.98947 48979.74515 31311.42095 40268.87265 
53557.47184 34626.11489 35884.02106 45704.07665 48546.60796 36264.38635 38748.91756 46620.67292 26447.31639 53146.12114 43262.98906 31903.12877 44641.10865 49499.75149 35236.23512 41597.48263 39066.52736 46572.57486 26211.33563 30698.87036 38687.66775 41722.98341 44384.014 49439.10338 52784.58322 53172.76019 0 51931.59012 42239.8273 54061.4075 29006.46303 47339.47601 40690.19586 54191.51861 47501.65477 48650.39435 30942.46681 42866.97645 39844.80984 38885.16856 43202.48425 43255.61461 27524.45306 55847.0968 49004.2722 26504.20457 54593.03527 42182.2886 41942.58356 49487.31807 35747.29176 37458.3563 51291.76027 27386.37348 25651.68096 38739.52361 42545.4662 26862.14903 40269.58363 34589.00624 46695.54615 30461.87812 55773.67783 52594.87826 31743.47508 52706.21549 47651.17728 28984.97382 27172.19659 33817.35944 54731.89377 46931.20952 37251.30564 33630.07788 51877.08811 48998.61354 37425.4023 32765.43547 26129.50368 31424.63754 36686.64152 29823.20318 47665.98166 47797.50128 52115.36344 25794.87677 55707.07529 49066.93725 33755.8948 
39567.52487 30459.48882 26819.81197 37370.05003 55112.48173 25334.62627 47227.7975 27289.93095 46089.22032 27508.28107 31867.05575 43609.76484 36181.94181 46518.63088 41386.85688 40376.99859 33373.29032 47393.64627 52816.44718 52624.634099999996 28538.0112 27878.31042 54430.33928 25480.82585 53628.23246 30488.36238 51931.59012 0 51955.360969999994 49220.62199 47624.27649 41486.62404 25239.77575 35451.98656 33680.59793 40374.22862 43615.49156 43943.2374 28584.42845 32833.35424 41912.25087 51316.75705 49009.2944 42473.29173 39945.41502 39936.98731 38162.90573 54121.2613 37547.80527 29401.54425 45988.45893 47228.88313 26672.60718 52769.3016 26279.90916 46309.83565 25961.97164 27960.99433 27429.44086 31397.42726 47323.71812 46121.32126 44156.06688 42003.48681 53230.265849999996 35935.53725 27988.36123 47958.67154 44209.97069 46510.97251 41155.7269 48267.77754 30784.85682 34973.4725 43898.45641 48559.79921 36437.16745 31375.4986 44662.67853 46980.30169 52207.59632 37379.15981 40358.06584 48431.72383 55169.74592 48817.56928 47222.92051 33871.25823 52411.382 
52019.79706 52209.258799999996 25135.549 35920.99666 51276.35682 45388.6804 45922.70592 36855.33312 48291.77543 27115.72594 34996.85153 48608.16729 39949.12329 33849.4834 37018.88835 50635.56676 55273.466239999994 27717.23509 30588.047 34406.3901 46483.27287 42128.02581 37607.01334 41510.14034 27766.46743 36407.95995 42239.8273 51955.360969999994 0 34695.86591 46546.34422 26608.51298 45211.9901 46974.16184 25197.97951 30814.68626 27027.09866 43500.12062 50948.92815 48589.19337 47540.3517 45998.57463 52241.00773 54399.92162 36618.08383 41246.77142 49071.50678 51595.7189 28770.63231 43674.92 40541.31367 27262.09571 25756.58374 48919.79483 49038.2404 41644.13382 36229.4418 43195.1032 33613.64879 38663.83444 38361.11932 37659.34272 27766.88737 32596.9984 30033.02566 28063.83662 40338.53054 47418.44693 26608.65098 45265.79829 44643.48927 46777.95504 49843.58516 49089.70161 53523.27214 25600.33411 45989.79439 25384.79604 31725.46867 47500.17059 27983.31573 40271.65092 33570.59179 41213.83212 48260.31133 54353.58924 33404.15138 39553.68863 51986.35655 
25335.14905 44522.17231 53179.86701 26311.44646 33926.03596 27724.01065 52654.679560000004 35649.42963 46870.92883 35908.77123 42845.02828 49369.73847 47460.54427 37067.4808 51773.22838 56693.12329 56164.36176 49414.04909 49372.26735 38500.46341 28327.4719 55303.04088 35246.68144 39205.37273 49482.12501 48024.12038 54061.4075 49220.62199 34695.86591 0 47660.66189 41498.14897 54673.11367 42805.74815 46763.50654 35447.0118 46140.79429 44526.66025 27366.48786 37393.91866 43732.76767 35244.73136 32927.66739 46301.74986 27351.43856 52643.04364 36293.04232 31373.38107 51485.21955 39636.34861 48693.96272 33531.29466 49062.16149 53993.56516 35200.17288 49472.5956 27244.17336 54165.21176 30467.13331 42742.01075 32980.95208 40437.44782 26142.21177 47510.15037 42264.67267 33232.15597 29388.26922 28816.48788 37137.01351 26203.95422 39660.93329 41478.75935 30211.24303 49388.5391 33988.40417 36921.68377 36904.22834 52746.332800000004 27974.01319 46340.60656 30776.19709 55870.31999 33859.07655 40195.54755 36883.20413 49607.3163 44178.52587 32591.52858 49414.46564 
37980.14116 30295.1876 46791.68775 41082.23659 40558.36289 52025.662670000005 42777.97726 29587.96314 45110.01238 33598.88539 43839.63123 36669.62691 29038.62891 29853.58641 29439.34492 31656.94239 35376.04743 47890.75023 25664.57084 28428.50898 45205.79411 35023.5429 55200.81225 55146.90398 30753.26641 41750.4621 29006.46303 47624.27649 46546.34422 47660.66189 0 31306.56478 34436.99169 47861.682 43537.86423 33266.92449 48858.45076 55215.73879 49593.53782 36710.26064 27625.30602 53939.33179 29410.07224 43916.21923 51970.79646 52662.93477 42818.18936 34535.19012 34045.99055 48178.12043 51615.47618 43913.48036 44325.85502 25661.10858 27317.92264 47394.17819 28186.48744 55564.172210000004 35163.55049 37768.7293 37878.31157 44472.29394 54174.51666 47184.97976 54388.09589 35781.47307 42760.41486 35164.85193 52085.57948 37278.53733 49255.36017 32948.86409 46457.0762 28032.99715 31552.02865 30647.44106 37193.31178 26575.90222 36820.64221 47663.65583 28420.13351 25682.05853 28897.66112 45192.48533 51568.59865 28984.38962 53095.956560000006 34980.34753 27156.61703 
37883.10091 52920.830069999996 51744.06198 36489.79991 49955.04369 56575.51206 44438.09624 25514.26243 37539.28986 28919.03028 52061.65348 26672.38914 33308.24429 29183.52412 53295.25568 44746.09722 41906.27829 49348.54571 39563.58081 27508.49282 51896.32118 29746.64162 36091.84294 35312.28018 47854.84876 36848.94341 47339.47601 41486.62404 26608.51298 41498.14897 31306.56478 0 41645.9915 26062.04548 35963.10591 30425.49857 40016.14086 41230.67087 53431.84039 32739.18682 39845.79367 48221.94017 46422.95488 27791.40864 43419.66428 46624.05283 37424.40861 45162.67621 47789.85995 30248.75293 38920.41002 46129.06469 27903.64571 37592.96191 35348.77196 25490.60724 27940.11006 32149.11335 49281.07671 46324.127 52071.872090000004 46447.26981 38494.89204 30982.03105 38265.80593 39960.62096 52259.761490000004 29470.14766 25531.29868 31468.78512 46396.48381 41772.28513 53180.84615 32775.8584 52489.04726 28044.35336 43098.0088 31421.04501 26741.46283 31194.90405 33826.99411 47112.81215 33430.11772 46621.70479 49705.97112 49245.58795 36267.30792 52244.11506 44700.92932 
30014.34122 49273.2352 40015.79767 54092.309089999995 40374.86616 34207.35087 35879.66885 30582.92884 53559.25558 34639.96321 42438.09843 55365.238670000006 53986.9308 28379.44418 37949.16961 46394.49958 25887.72229 32255.51797 34717.02208 42107.84488 30815.99051 47452.99728 39522.52373 50720.6016 37764.04443 28850.38916 40690.19586 25239.77575 45211.9901 54673.11367 34436.99169 41645.9915 0 34561.43052 29178.1229 28671.7382 47255.13728 25535.75092 53522.68587 29034.67346 37302.85687 47149.56588 26666.73158 46063.72083 37931.93109 43563.56272 53819.6533 32089.66409 45221.73672 52001.47718 45890.91556 39062.45249 25464.63035 40293.07853 40527.68258 53064.20917 36982.12223 27869.44435 33049.43902 51070.05911 33195.26139 29837.08353 45484.68888 38245.29667 28637.46382 48148.18729 48763.31477 48020.46534 34950.1128 35768.21352 25778.97897 49364.50848 45977.83837 37489.71757 28648.18554 53047.73979 53128.57967000001 54479.40229 40340.10818 43053.25407 49352.41583 47295.22325 38373.68331 48912.77363 50999.40524 30660.85319 38069.93016 28784.12951 35743.55442 
46791.16462 39116.43899 48815.23002 42903.37966 52098.34512 44192.29429 33701.87791 45565.98199 31023.59166 26928.57372 42991.75229 34488.60027 32724.18465 49392.19346 51816.541809999995 27753.37036 37345.79359 26319.97174 49618.63781 25503.336 37122.41217 32096.13746 48611.3825 26652.68112 33114.68601 42244.74267 54191.51861 35451.98656 46974.16184 42805.74815 47861.682 26062.04548 34561.43052 0 25744.982 34806.06557 36086.12589 36402.93116 46206.99521 52273.6795 27529.46308 26774.2559 30155.48576 34744.11837 47463.66443 42157.21724 27848.76166 38519.62879 29479.49441 37873.7213 52014.00396 37969.25663 43395.1972 32990.68 42193.74598 43074.86034 44413.09118 33711.39294 52129.11558 54380.88014 26009.82661 48095.74119 38245.73109 48580.99371 28167.93442 29250.34688 30141.23896 25206.54479 51593.34416 47634.62874 29799.27028 44111.94256 51532.44051 35711.76513 41788.56525 49508.7786 30612.42187 34270.42751 40631.14606 53828.27251 48985.98378 49713.63703 31143.94342 49007.60889 48614.54053 31872.1434 44712.93546 30584.08294 40279.99869 
26821.81755 28941.32932 46064.36617 46378.62271 33848.31581 51446.71301 43529.45745 43426.64751 36342.27941 33935.4897 28479.55366 34337.70231 26423.30801 33883.86243 32761.5106 38190.06634 52680.562009999994 33339.4825 32072.80863 29364.07824 47027.98708 33048.06366 33247.06608 48027.75291 37157.7592 55120.2379 47501.65477 33680.59793 25197.97951 46763.50654 43537.86423 35963.10591 29178.1229 25744.982 0 52723.404299999995 35749.57803 52497.12631 51529.340249999994 38304.63082 33578.56515 28349.69319 36116.69353 54036.31762 44381.07065 48355.37359 34732.726 26896.84868 40969.28129 32951.95833 43686.05798 52043.010689999996 39836.79922 52976.28255 38446.0272 53648.62753 46547.40467 52008.64381 45966.35609 36748.10204 44796.19413 38774.2445 29188.58337 51338.27999 39842.64167 39429.71533 44561.0314 27481.45143 47432.88731 47227.34901 41015.4521 40962.64486 36524.62261 42428.07912 51623.44774 41148.88604 33147.0537 25799.83053 29462.24427 44008.13875 38136.50583 36425.97475 33081.42304 27128.22828 27988.70235 37118.69418 57886.56577 30965.22417 37021.38584 
45324.30047 31466.8213 47972.54461 35309.365 35270.43778 41052.5404 36369.18395 54467.87882 32401.10691 27992.43145 53093.38841 31629.99872 44031.71657 39304.09212 52775.421449999994 33315.14431 47368.21162 39918.53779 32729.94749 36511.87264 50982.89313 43750.87335 43191.0497 31540.95296 52163.26088 27723.88348 48650.39435 40374.22862 30814.68626 35447.0118 33266.92449 30425.49857 28671.7382 34806.06557 52723.404299999995 0 30871.85539 27714.60122 29115.54406 53833.130489999996 26279.86672 46614.11554 31564.16964 27146.3373 40556.82724 48841.64694 27332.60901 54898.14641 52969.38368 38195.92124 48687.85859 45121.96202 35110.72581 43273.00959 40918.48438 28962.39893 35799.23083 47354.47519 44936.64309 27714.18129 29756.4167 46295.43055 27768.17327 53355.20274 49728.95905 39707.50103 30841.12301 38303.49138 54360.41553 41990.85936 39344.42882 31116.47098 44825.75186 51920.31971 35902.19666 45083.30146 25780.9409 47913.67285 35411.02982 33263.27603 35979.27262 55989.54935 38226.36154 39886.93538 39207.11983 29562.43035 45698.34303 33040.54185 44512.92106 
