20
EmberSpirit Leshrac Slardar Dazzle TreantProtector Braum Bloodseeker Sven Renekton Axe ElderTitan Nocturne Twitch Syndra Lycan Blitzcrank Xayah Lulu Shen Zeus
0 354.1012 441.26533 329.93856 470.13619 281.8234 487.40102 542.68752 306.93019 330.96227 394.78128 467.82081 427.0276 593.19959 484.39515 255.76297 602.40614 566.15945 524.76578 390.47401 
354.1012 0 349.71477 368.15097 488.10085 302.09387 427.75457 458.78766 335.83088 355.64771 289.51949 621.26814 594.19082 347.8012 588.0428899999999 450.43974 494.67297 425.44559 451.64514 360.65062 
441.26533 349.71477 0 314.95556 326.45084 423.6358 538.79033 402.28742 259.79535 552.9423400000001 497.11182 413.21239 480.41348 402.34324 419.71587 588.6427699999999 384.65512 393.09203 315.53901 337.55089 
329.93856 368.15097 314.95556 0 467.38379 312.59008 279.67913 559.48318 324.81336 362.49087 335.55133 488.0734 428.58019 357.71947 414.42158 273.68721 553.4342300000001 438.1239 555.8457699999999 541.23984 
470.13619 488.10085 326.45084 467.38379 0 400.60971 454.64604 254.7802 356.92723 480.73863 424.43348 491.88894 494.00307 304.44835 255.0835 336.06329 584.30391 497.09312 448.31785 467.2381 
281.8234 302.09387 423.6358 312.59008 400.60971 0 457.07048 344.69736 303.8833 494.61559 446.68569 405.3997 444.96533 480.00421 402.12813 436.15281 488.68619 284.33605 366.74824 334.74959 
487.40102 427.75457 538.79033 279.67913 454.64604 457.07048 0 279.80405 397.10384 415.80403 550.7798700000001 470.00758 512.87889 556.1505999999999 445.43007 382.18918 497.79523 252.63359 331.08576 265.73288 
542.68752 458.78766 402.28742 559.48318 254.7802 344.69736 279.80405 0 405.01854 375.95836 270.97582 338.2628 271.07822 276.34655 509.8637 414.9472 358.51858 320.03238 531.86148 361.95872 
306.93019 335.83088 259.79535 324.81336 356.92723 303.8833 397.10384 405.01854 0 293.14699 589.1955399999999 552.52001 338.80288 347.91083 427.2362 388.1075 564.59086 427.72602 463.40536 460.24658 
330.96227 355.64771 552.9423400000001 362.49087 480.73863 494.61559 415.80403 375.95836 293.14699 0 583.39077 289.14385 334.97886 565.50721 427.84906 544.98391 271.44387 527.07156 426.22509 382.38127 
394.78128 289.51949 497.11182 335.55133 424.43348 446.68569 550.7798700000001 270.97582 589.1955399999999 583.39077 0 443.87899 542.05404 318.37697 485.05942 342.65888 487.85832 591.0082 285.73473 379.52 
467.82081 621.26814 413.21239 488.0734 491.88894 405.3997 470.00758 338.2628 552.52001 289.14385 443.87899 0 374.34717 307.53005 290.09377 508.17907 495.63658 419.07646 486.14075 590.48773 
427.0276 594.19082 480.41348 428.58019 494.00307 444.96533 512.87889 271.07822 338.80288 334.97886 542.05404 374.34717 0 348.99517 495.39543 349.04469 459.87809 260.2453 448.04832 329.12777 
593.19959 347.8012 402.34324 357.71947 304.44835 480.00421 556.1505999999999 276.34655 347.91083 565.50721 318.37697 307.53005 348.99517 0 536.34831 394.06704 376.68151 449.02211 353.9958 304.12354 
484.39515 588.0428899999999 419.71587 414.42158 255.0835 402.12813 445.43007 509.8637 427.2362 427.84906 485.05942 290.09377 495.39543 536.34831 0 495.82452 329.22041 496.28414 349.51039 487.2501 
255.76297 450.43974 588.6427699999999 273.68721 336.06329 436.15281 382.18918 414.9472 388.1075 544.98391 342.65888 508.17907 349.04469 394.06704 495.82452 0 443.65585 387.86107 463.6081 267.55263 
602.40614 494.67297 384.65512 553.4342300000001 584.30391 488.68619 497.79523 358.51858 564.59086 271.44387 487.85832 495.63658 459.87809 376.68151 329.22041 443.65585 0 255.62769 291.20027 396.94327 
566.15945 425.44559 393.09203 438.1239 497.09312 284.33605 252.63359 320.03238 427.72602 527.07156 591.0082 419.07646 260.2453 449.02211 496.28414 387.86107 255.62769 0 546.82796 518.36647 
524.76578 451.64514 315.53901 555.8457699999999 448.31785 366.74824 331.08576 531.86148 463.40536 426.22509 285.73473 486.14075 448.04832 353.9958 349.51039 463.6081 291.20027 546.82796 0 564.79083 
390.47401 360.65062 337.55089 541.23984 467.2381 334.74959 265.73288 361.95872 460.24658 382.38127 379.52 590.48773 329.12777 304.12354 487.2501 267.55263 396.94327 518.36647 564.79083 0 
