100
1 2 3 4 5 6 7 8 9 10 11 12 13 14 15 16 17 18 19 20 21 22 23 24 25 26 27 28 29 30 31 32 33 34 35 36 37 38 39 40 41 42 43 44 45 46 47 48 49 50 51 52 53 54 55 56 57 58 59 60 61 62 63 64 65 66 67 68 69 70 71 72 73 74 75 76 77 78 79 80 81 82 83 84 85 86 87 88 89 90 91 92 93 94 95 96 97 98 99 0
0 2.0 2000000001.99999 4000000001.99998 6000000001.9999695 8000000001.99996 4.0 28.0 5.0 130.0 132.3 137.2 141.5 140.2 189.2 289.2 141.2 2000000141.19999 4000000141.19998 6000000141.19997 2000000000.99999 2000000000.99999 2000000000.99999 6.0 6.0 132.2 134.2 133.2 137.2 137.2 139.2 139.2 139.2 139.2 139.2 141.2 160.2 143.2 140.2 239.2 143.2 563.7 559.7 567.7 163.7 540.7 140.7 196.7 197.7 199.7 157.0 238.0 2000000327.99999 328.0 308.0 178.0 150.0 128.0 144.0 151.3 164.2 88.0 139.0 144.3 152.2 58.0 135.0 139.3 146.2 175.2 135.3 132.0 141.2 38.0 149.2 589.2 135.2 810.2 551.2 570.7 543.2 175.2 575.2 164.2 810.2 575.7 169.2 577.7 208.7 201.7 550.7 200.7 203.7 583.7 157.2 167.2 179.2 193.2 389.2 1.0 
2.0 0 1999999999.99999 3999999999.99998 5999999999.9999695 7999999999.99996 4.0 28.0 5.0 130.0 132.3 137.2 141.5 140.2 189.2 289.2 141.2 2000000141.19999 4000000141.19998 6000000141.19997 2000000000.99999 2000000000.99999 2000000000.99999 6.0 6.0 132.2 134.2 133.2 137.2 137.2 139.2 139.2 139.2 139.2 139.2 141.2 160.2 143.2 140.2 239.2 143.2 563.7 559.7 567.7 163.7 540.7 140.7 196.7 197.7 199.7 157.0 238.0 2000000327.99999 328.0 308.0 178.0 150.0 128.0 144.0 151.3 164.2 88.0 139.0 144.3 152.2 58.0 135.0 139.3 146.2 175.2 135.3 132.0 141.2 38.0 149.2 589.2 135.2 810.2 551.2 570.7 543.2 175.2 575.2 164.2 810.2 575.7 169.2 577.7 208.7 201.7 550.7 200.7 203.7 583.7 157.2 167.2 179.2 193.2 389.2 1.0 
2000000001.99999 1999999999.99999 0 1999999999.99999 3999999999.99998 5999999999.9999695 2000000003.99999 2000000027.99999 2000000004.99999 2000000129.99999 2000000132.29999 2000000137.19999 2000000141.49999 2000000140.19999 2000000189.19999 2000000289.19999 2000000141.19999 4000000141.19998 6000000141.19997 8000000141.199961 4000000000.99998 4000000000.99998 4000000000.99998 2000000005.99999 2000000005.99999 2000000132.19999 2000000134.19999 2000000133.19999 2000000137.19999 2000000137.19999 2000000139.19999 2000000139.19999 2000000139.19999 2000000139.19999 2000000139.19999 2000000141.19999 2000000160.19999 2000000143.19999 2000000140.19999 2000000239.19999 2000000143.19999 2000000563.69999 2000000559.69999 2000000567.69999 2000000163.69999 2000000540.69999 2000000140.69999 2000000196.69999 2000000197.69999 2000000199.69999 2000000156.99999 2000000237.99999 4000000327.99998 2000000327.99999 2000000307.99999 2000000177.99999 2000000149.99999 2000000127.99999 2000000143.99999 2000000151.29999 2000000164.19999 2000000087.99999 2000000138.99999 2000000144.29999 2000000152.19999 2000000057.99999 2000000134.99999 2000000139.29999 2000000146.19999 2000000175.19999 2000000135.29999 2000000131.99999 2000000141.19999 2000000037.99999 2000000149.19999 2000000589.19999 2000000135.19999 2000000810.19999 2000000551.19999 2000000570.69999 2000000543.19999 2000000175.19999 2000000575.19999 2000000164.19999 2000000810.19999 2000000575.69999 2000000169.19999 2000000577.69999 2000000208.69999 2000000201.69999 2000000550.69999 2000000200.69999 2000000203.69999 2000000583.69999 2000000157.19999 2000000167.19999 2000000179.19999 2000000193.19999 2000000389.19999 2000000000.99999 
4000000001.99998 3999999999.99998 1999999999.99999 0 1999999999.99999 3999999999.99998 4000000003.99998 4000000027.99998 4000000004.99998 4000000129.99998 4000000132.29998 4000000137.19998 4000000141.49998 4000000140.19998 4000000189.19998 4000000289.19998 4000000141.19998 6000000141.19997 8000000141.199961 10000000141.199951 6000000000.9999695 6000000000.9999695 6000000000.9999695 4000000005.99998 4000000005.99998 4000000132.19998 4000000134.19998 4000000133.19998 4000000137.19998 4000000137.19998 4000000139.19998 4000000139.19998 4000000139.19998 4000000139.19998 4000000139.19998 4000000141.19998 4000000160.19998 4000000143.19998 4000000140.19998 4000000239.19998 4000000143.19998 4000000563.69998 4000000559.69998 4000000567.69998 4000000163.69998 4000000540.69998 4000000140.69998 4000000196.69998 4000000197.69998 4000000199.69998 4000000156.99998 4000000237.99998 6000000327.9999695 4000000327.99998 4000000307.99998 4000000177.99998 4000000149.99998 4000000127.99998 4000000143.99998 4000000151.29998 4000000164.19998 4000000087.99998 4000000138.99998 4000000144.29998 4000000152.19998 4000000057.99998 4000000134.99998 4000000139.29998 4000000146.19998 4000000175.19998 4000000135.29998 4000000131.99998 4000000141.19998 4000000037.99998 4000000149.19998 4000000589.19998 4000000135.19998 4000000810.19998 4000000551.19998 4000000570.69998 4000000543.19998 4000000175.19998 4000000575.19998 4000000164.19998 4000000810.19998 4000000575.69998 4000000169.19998 4000000577.69998 4000000208.69998 4000000201.69998 4000000550.69998 4000000200.69998 4000000203.69998 4000000583.69998 4000000157.19998 4000000167.19998 4000000179.19998 4000000193.19998 4000000389.19998 4000000000.99998 
6000000001.9999695 5999999999.9999695 3999999999.99998 1999999999.99999 0 1999999999.99999 6000000003.9999695 6000000027.9999695 6000000004.9999695 6000000129.9999695 6000000132.29997 6000000137.199969 6000000141.4999695 6000000140.199969 6000000189.199969 6000000289.199969 6000000141.199969 8000000141.199959 10000000141.19995 12000000141.19994 8000000000.99996 8000000000.99996 8000000000.99996 6000000005.9999695 6000000005.9999695 6000000132.199969 6000000134.199969 6000000133.199969 6000000137.199969 6000000137.199969 6000000139.199969 6000000139.199969 6000000139.199969 6000000139.199969 6000000139.199969 6000000141.199969 6000000160.199969 6000000143.199969 6000000140.199969 6000000239.199969 6000000143.199969 6000000563.699969 6000000559.699969 6000000567.699969 6000000163.699969 6000000540.699969 6000000140.699969 6000000196.699969 6000000197.699969 6000000199.699969 6000000156.9999695 6000000237.9999695 8000000327.99996 6000000327.9999695 6000000307.9999695 6000000177.9999695 6000000149.9999695 6000000127.9999695 6000000143.9999695 6000000151.29997 6000000164.199969 6000000087.9999695 6000000138.9999695 6000000144.29997 6000000152.199969 6000000057.9999695 6000000134.9999695 6000000139.29997 6000000146.199969 6000000175.199969 6000000135.29997 6000000131.9999695 6000000141.199969 6000000037.9999695 6000000149.199969 6000000589.199969 6000000135.199969 6000000810.199969 6000000551.199969 6000000570.699969 6000000543.199969 6000000175.199969 6000000575.199969 6000000164.199969 6000000810.199969 6000000575.699969 6000000169.199969 6000000577.699969 6000000208.699969 6000000201.699969 6000000550.699969 6000000200.699969 6000000203.699969 6000000583.699969 6000000157.199969 6000000167.199969 6000000179.199969 6000000193.199969 6000000389.199969 6000000000.9999695 
8000000001.99996 7999999999.99996 5999999999.9999695 3999999999.99998 1999999999.99999 0 8000000003.99996 8000000027.99996 8000000004.99996 8000000129.99996 8000000132.29996 8000000137.19996 8000000141.49996 8000000140.19996 8000000189.19996 8000000289.19996 8000000141.19996 10000000141.19995 12000000141.19994 14000000141.19993 10000000000.99995 10000000000.99995 10000000000.99995 8000000005.99996 8000000005.99996 8000000132.19996 8000000134.19996 8000000133.19996 8000000137.19996 8000000137.19996 8000000139.19996 8000000139.19996 8000000139.19996 8000000139.19996 8000000139.19996 8000000141.19996 8000000160.19996 8000000143.19996 8000000140.19996 8000000239.19996 8000000143.19996 8000000563.69996 8000000559.69996 8000000567.69996 8000000163.69996 8000000540.69996 8000000140.69996 8000000196.69996 8000000197.69996 8000000199.69996 8000000156.99996 8000000237.99996 10000000327.99995 8000000327.99996 8000000307.99996 8000000177.99996 8000000149.99996 8000000127.99996 8000000143.99996 8000000151.29996 8000000164.19996 8000000087.99996 8000000138.99996 8000000144.29996 8000000152.19996 8000000057.99996 8000000134.99996 8000000139.29996 8000000146.19996 8000000175.19996 8000000135.29996 8000000131.99996 8000000141.19996 8000000037.99996 8000000149.19996 8000000589.19996 8000000135.19996 8000000810.19996 8000000551.19996 8000000570.69996 8000000543.19996 8000000175.19996 8000000575.19996 8000000164.19996 8000000810.19996 8000000575.69996 8000000169.19996 8000000577.69996 8000000208.69996 8000000201.69996 8000000550.69996 8000000200.69996 8000000203.69996 8000000583.69996 8000000157.19996 8000000167.19996 8000000179.19996 8000000193.19996 8000000389.19996 8000000000.99996 
4.0 4.0 2000000003.99999 4000000003.99998 6000000003.9999695 8000000003.99996 0 24.0 1.0 126.0 128.3 133.2 137.5 136.2 185.2 285.2 137.2 2000000137.19999 4000000137.19998 6000000137.19997 2000000002.99999 2000000002.99999 2000000001.99999 2.0 2.0 128.2 130.2 129.2 133.2 133.2 135.2 135.2 135.2 135.2 135.2 137.2 156.2 139.2 136.2 235.2 139.2 559.7 555.7 563.7 159.7 536.7 136.7 192.7 193.7 195.7 153.0 234.0 2000000323.99999 324.0 304.0 174.0 146.0 124.0 140.0 147.3 160.2 84.0 135.0 140.3 148.2 54.0 131.0 135.3 142.2 171.2 131.3 128.0 137.2 34.0 145.2 585.2 131.2 806.2 547.2 566.7 539.2 171.2 571.2 160.2 806.2 571.7 165.2 573.7 204.7 197.7 546.7 196.7 199.7 579.7 153.2 163.2 175.2 189.2 385.2 3.0 
28.0 28.0 2000000027.99999 4000000027.99998 6000000027.9999695 8000000027.99996 24.0 0 25.0 128.0 130.3 135.2 139.5 138.2 187.2 287.2 139.2 2000000139.19999 4000000139.19998 6000000139.19997 2000000026.99999 2000000026.99999 2000000025.99999 26.0 26.0 130.2 132.2 131.2 135.2 135.2 137.2 137.2 137.2 137.2 137.2 139.2 158.2 141.2 138.2 237.2 141.2 561.7 557.7 565.7 161.7 538.7 138.7 194.7 195.7 197.7 155.0 210.0 2000000299.99999 300.0 280.0 150.0 148.0 100.0 142.0 149.3 162.2 60.0 137.0 142.3 150.2 30.0 133.0 137.3 144.2 173.2 133.3 130.0 139.2 10.0 147.2 587.2 133.2 808.2 549.2 568.7 541.2 173.2 573.2 162.2 808.2 573.7 167.2 575.7 206.7 199.7 548.7 198.7 201.7 581.7 155.2 165.2 177.2 191.2 387.2 27.0 
5.0 5.0 2000000004.99999 4000000004.99998 6000000004.9999695 8000000004.99996 1.0 25.0 0 125.0 127.3 132.2 136.5 135.2 184.2 284.2 136.2 2000000136.19999 4000000136.19998 6000000136.19997 2000000003.99999 2000000003.99999 2000000000.99999 1.0 3.0 127.2 129.2 128.2 132.2 132.2 134.2 134.2 134.2 134.2 134.2 136.2 155.2 138.2 135.2 234.2 138.2 558.7 554.7 562.7 158.7 535.7 135.7 191.7 192.7 194.7 152.0 235.0 2000000324.99999 325.0 305.0 175.0 145.0 125.0 139.0 146.3 159.2 85.0 134.0 139.3 147.2 55.0 130.0 134.3 141.2 170.2 130.3 127.0 136.2 35.0 144.2 584.2 130.2 805.2 546.2 565.7 538.2 170.2 570.2 159.2 805.2 570.7 164.2 572.7 203.7 196.7 545.7 195.7 198.7 578.7 152.2 162.2 174.2 188.2 384.2 4.0 
130.0 130.0 2000000129.99999 4000000129.99998 6000000129.9999695 8000000129.99996 126.0 128.0 125.0 0 2.3 7.2 11.5 10.2 59.2 159.2 11.2 2000000011.19999 4000000011.19998 6000000011.19997 2000000128.99999 2000000128.99999 2000000125.99999 126.0 128.0 2.2 4.2 3.2 7.2 7.2 9.2 9.2 9.2 9.2 9.2 11.2 30.2 13.2 10.2 109.2 13.2 433.7 429.7 437.7 33.7 410.7 10.7 66.7 67.7 69.7 27.0 338.0 2000000427.99999 428.0 408.0 278.0 20.0 228.0 14.0 21.3 34.2 188.0 9.0 14.3 22.2 158.0 5.0 9.3 16.2 45.2 5.3 2.0 11.2 138.0 19.2 459.2 5.2 680.2 421.2 440.7 413.2 45.2 445.2 34.2 680.2 445.7 39.2 447.7 78.7 71.7 420.7 70.7 73.7 453.7 27.2 37.2 49.2 63.2 259.2 129.0 
132.3 132.3 2000000132.29999 4000000132.29998 6000000132.299971 8000000132.299961 128.3 130.3 127.3 2.3 0 7.5 12.4 12.5 61.5 161.5 13.5 2000000013.49999 4000000013.49998 6000000013.4999695 2000000131.29999 2000000131.29999 2000000128.29999 128.3 130.3 4.5 6.5 5.5 9.5 9.5 11.5 11.5 11.5 11.5 11.5 13.5 32.5 15.5 12.5 111.5 15.5 436.0 432.0 440.0 36.0 413.0 13.0 69.0 70.0 72.0 27.0 340.3 2000000430.29999 430.3 410.3 280.3 22.3 230.3 16.3 19.0 32.0 190.3 11.3 12.0 22.5 160.3 7.3 7.0 16.5 45.5 3.0 4.3 11.5 140.3 21.5 461.5 7.5 682.5 423.5 443.0 415.5 47.5 447.5 36.5 682.5 448.0 41.5 450.0 81.0 74.0 423.0 73.0 76.0 456.0 29.5 39.5 51.5 65.5 261.5 131.3 
137.2 137.2 2000000137.19999 4000000137.19998 6000000137.19997 8000000137.199961 133.2 135.2 132.2 7.2 7.5 0 4.9 6.2 55.2 155.2 7.2 2000000007.19999 4000000007.19998 6000000007.19997 2000000136.19999 2000000136.19999 2000000133.19999 133.2 135.2 5.0 5.0 4.0 8.0 4.0 6.0 6.0 6.0 10.0 10.0 8.0 31.0 14.0 11.0 106.0 10.0 429.7 425.7 433.7 29.7 406.7 6.7 62.7 63.7 65.7 34.2 345.2 2000000435.19999 435.2 415.2 285.2 27.2 235.2 21.2 26.5 27.0 195.2 16.2 19.5 15.0 165.2 12.2 14.5 9.0 38.0 10.5 9.2 4.0 145.2 20.0 455.2 6.0 676.2 418.0 436.7 410.0 46.0 446.0 35.0 676.2 441.7 40.0 443.7 74.7 67.7 416.7 66.7 69.7 449.7 28.0 38.0 50.0 64.0 255.2 136.2 
141.5 141.5 2000000141.49999 4000000141.49998 6000000141.4999695 8000000141.49996 137.5 139.5 136.5 11.5 12.4 4.9 0 1.3 50.3 150.3 2.3 2000000002.29999 4000000002.29998 6000000002.299971 2000000140.49999 2000000140.49999 2000000137.49999 137.5 139.5 9.3 9.3 8.3 8.3 4.3 2.3 4.3 6.3 10.3 10.3 8.3 31.3 14.3 11.3 102.3 10.3 424.8 420.8 428.8 24.8 401.8 1.8 57.8 58.8 60.8 38.5 349.5 2000000439.49999 439.5 419.5 289.5 31.5 239.5 25.5 31.4 31.9 199.5 20.5 24.4 19.9 169.5 16.5 19.4 13.9 42.9 15.4 13.5 8.9 149.5 20.3 450.3 10.3 671.3 418.3 431.8 410.3 46.3 446.3 35.3 671.3 436.8 40.3 438.8 69.8 62.8 411.8 61.8 64.8 444.8 28.3 38.3 50.3 64.3 250.3 140.5 
140.2 140.2 2000000140.19999 4000000140.19998 6000000140.19997 8000000140.199961 136.2 138.2 135.2 10.2 12.5 6.2 1.3 0 49.0 149.0 1.0 2000000000.99999 4000000000.99998 6000000000.9999695 2000000139.19999 2000000139.19999 2000000136.19999 136.2 138.2 8.0 8.0 7.0 7.0 3.0 1.0 3.0 5.0 9.0 9.0 7.0 30.0 13.0 10.0 101.0 9.0 423.5 419.5 427.5 23.5 400.5 0.5 56.5 57.5 59.5 37.2 348.2 2000000438.19999 438.2 418.2 288.2 30.2 238.2 24.2 31.5 33.2 198.2 19.2 24.5 21.2 168.2 15.2 19.5 15.2 44.2 15.5 12.2 10.2 148.2 19.0 449.0 9.0 670.0 417.0 430.5 409.0 45.0 445.0 34.0 670.0 435.5 39.0 437.5 68.5 61.5 410.5 60.5 63.5 443.5 27.0 37.0 49.0 63.0 249.0 139.2 
189.2 189.2 2000000189.19999 4000000189.19998 6000000189.19997 8000000189.199961 185.2 187.2 184.2 59.2 61.5 55.199999999999996 50.3 49.0 0 100.0 50.0 2000000049.99999 4000000049.99998 6000000049.9999695 2000000188.19999 2000000188.19999 2000000185.19999 185.2 187.2 57.0 57.0 56.0 56.0 52.0 50.0 52.0 54.0 58.0 58.0 56.0 79.0 62.0 59.0 150.0 58.0 472.5 468.5 476.5 72.5 449.5 49.5 105.5 106.5 108.5 86.2 397.2 2000000487.19999 487.2 467.2 337.2 79.2 287.2 73.2 80.5 82.19999999999999 247.2 68.2 73.5 70.19999999999999 217.2 64.2 68.5 64.19999999999999 93.19999999999999 64.5 61.2 59.199999999999996 197.2 68.0 400.0 58.0 621.0 466.0 479.5 458.0 94.0 494.0 83.0 621.0 484.5 88.0 486.5 117.5 110.5 459.5 109.5 112.5 492.5 76.0 86.0 98.0 112.0 200.0 188.2 
289.2 289.2 2000000289.19999 4000000289.19998 6000000289.19997 8000000289.199961 285.2 287.2 284.2 159.2 161.5 155.20000000000002 150.3 149.0 100.0 0 150.0 2000000149.99999 4000000149.99998 6000000149.9999695 2000000288.19999 2000000288.19999 2000000285.19999 285.2 287.2 157.0 157.0 156.0 156.0 152.0 150.0 152.0 154.0 158.0 158.0 156.0 179.0 162.0 159.0 250.0 158.0 533.0 532.0 540.0 172.5 549.5 149.5 205.5 206.5 208.5 186.2 497.2 2000000587.19999 587.2 567.2 437.2 179.2 387.2 173.2 180.5 182.20000000000002 347.2 168.2 173.5 170.20000000000002 317.2 164.2 168.5 164.20000000000002 193.20000000000002 164.5 161.2 159.20000000000002 297.2 168.0 400.0 158.0 521.0 521.0 521.0 529.0 194.0 521.0 183.0 521.0 521.0 188.0 528.0 217.5 210.5 541.0 209.5 212.5 534.0 176.0 186.0 198.0 212.0 100.0 288.2 
141.2 141.2 2000000141.19999 4000000141.19998 6000000141.19997 8000000141.199961 137.2 139.2 136.2 11.2 13.5 7.2 2.3 1.0 50.0 150.0 0 1999999999.99999 3999999999.99998 5999999999.9999695 2000000140.19999 2000000140.19999 2000000137.19999 137.2 139.2 9.0 9.0 8.0 8.0 4.0 2.0 4.0 6.0 10.0 10.0 8.0 31.0 14.0 11.0 102.0 10.0 424.5 420.5 428.5 24.5 401.5 1.5 57.5 58.5 60.5 38.2 349.2 2000000439.19999 439.2 419.2 289.2 31.2 239.2 25.2 32.5 34.2 199.2 20.2 25.5 22.2 169.2 16.2 20.5 16.2 45.2 16.5 13.2 11.2 149.2 20.0 450.0 10.0 671.0 418.0 431.5 410.0 46.0 446.0 35.0 671.0 436.5 40.0 438.5 69.5 62.5 411.5 61.5 64.5 444.5 28.0 38.0 50.0 64.0 250.0 140.2 
2000000141.19999 2000000141.19999 4000000141.19998 6000000141.19997 8000000141.199961 10000000141.199951 2000000137.19999 2000000139.19999 2000000136.19999 2000000011.19999 2000000013.49999 2000000007.19999 2000000002.29999 2000000000.99999 2000000049.99999 2000000149.99999 1999999999.99999 0 1999999999.99999 3999999999.99998 4000000140.19998 4000000140.19998 4000000137.19998 2000000137.19999 2000000139.19999 2000000008.99999 2000000008.99999 2000000007.99999 2000000007.99999 2000000003.99999 2000000001.99999 2000000003.99999 2000000005.99999 2000000009.99999 2000000009.99999 2000000007.99999 2000000030.99999 2000000013.99999 2000000010.99999 2000000101.99999 2000000009.99999 2000000424.49999 2000000420.49999 2000000428.49999 2000000024.49999 2000000401.49999 2000000001.49999 2000000057.49999 2000000058.49999 2000000060.49999 2000000038.19999 2000000349.19999 4000000439.19998 2000000439.19999 2000000419.19999 2000000289.19999 2000000031.19999 2000000239.19999 2000000025.19999 2000000032.49999 2000000034.19999 2000000199.19999 2000000020.19999 2000000025.49999 2000000022.19999 2000000169.19999 2000000016.19999 2000000020.49999 2000000016.19999 2000000045.19999 2000000016.49999 2000000013.19999 2000000011.19999 2000000149.19999 2000000019.99999 2000000449.99999 2000000009.99999 2000000670.99999 2000000417.99999 2000000431.49999 2000000409.99999 2000000045.99999 2000000445.99999 2000000034.99999 2000000670.99999 2000000436.49999 2000000039.99999 2000000438.49999 2000000069.49999 2000000062.49999 2000000411.49999 2000000061.49999 2000000064.49999 2000000444.49999 2000000027.99999 2000000037.99999 2000000049.99999 2000000063.99999 2000000249.99999 2000000140.19999 
4000000141.19998 4000000141.19998 6000000141.19997 8000000141.199961 10000000141.199951 12000000141.199942 4000000137.19998 4000000139.19998 4000000136.19998 4000000011.19998 4000000013.49998 4000000007.1999803 4000000002.29998 4000000000.99998 4000000049.99998 4000000149.99998 3999999999.99998 1999999999.99999 0 1999999999.99999 6000000140.19997 6000000140.19997 6000000137.19997 4000000137.19998 4000000139.19998 4000000008.99998 4000000008.99998 4000000007.99998 4000000007.99998 4000000003.99998 4000000001.99998 4000000003.99998 4000000005.99998 4000000009.99998 4000000009.99998 4000000007.99998 4000000030.99998 4000000013.99998 4000000010.99998 4000000101.99998 4000000009.99998 4000000424.49998 4000000420.49998 4000000428.49998 4000000024.49998 4000000401.49998 4000000001.49998 4000000057.49998 4000000058.49998 4000000060.49998 4000000038.19998 4000000349.19998 6000000439.19997 4000000439.19998 4000000419.19998 4000000289.19998 4000000031.19998 4000000239.19998 4000000025.19998 4000000032.49998 4000000034.1999803 4000000199.19998 4000000020.19998 4000000025.49998 4000000022.1999803 4000000169.19998 4000000016.19998 4000000020.49998 4000000016.1999803 4000000045.1999803 4000000016.49998 4000000013.19998 4000000011.1999803 4000000149.19998 4000000019.99998 4000000449.99998 4000000009.99998 4000000670.99998 4000000417.99998 4000000431.49998 4000000409.99998 4000000045.99998 4000000445.99998 4000000034.99998 4000000670.99998 4000000436.49998 4000000039.99998 4000000438.49998 4000000069.49998 4000000062.49998 4000000411.49998 4000000061.49998 4000000064.49998 4000000444.49998 4000000027.99998 4000000037.99998 4000000049.99998 4000000063.99998 4000000249.99998 4000000140.19998 
6000000141.199969 6000000141.199969 8000000141.199959 10000000141.19995 12000000141.19994 14000000141.19993 6000000137.199969 6000000139.199969 6000000136.199969 6000000011.199969 6000000013.4999695 6000000007.199969 6000000002.29997 6000000000.9999695 6000000049.9999695 6000000149.9999695 5999999999.9999695 3999999999.99998 1999999999.99999 0 8000000140.199959 8000000140.199959 8000000137.199959 6000000137.199969 6000000139.199969 6000000008.9999695 6000000008.9999695 6000000007.9999695 6000000007.9999695 6000000003.9999695 6000000001.9999695 6000000003.9999695 6000000005.9999695 6000000009.9999695 6000000009.9999695 6000000007.9999695 6000000030.9999695 6000000013.9999695 6000000010.9999695 6000000101.9999695 6000000009.9999695 6000000424.4999695 6000000420.4999695 6000000428.4999695 6000000024.4999695 6000000401.4999695 6000000001.4999695 6000000057.4999695 6000000058.4999695 6000000060.4999695 6000000038.199969 6000000349.199969 8000000439.199959 6000000439.199969 6000000419.199969 6000000289.199969 6000000031.199969 6000000239.199969 6000000025.199969 6000000032.4999695 6000000034.199969 6000000199.199969 6000000020.199969 6000000025.4999695 6000000022.199969 6000000169.199969 6000000016.199969 6000000020.4999695 6000000016.199969 6000000045.199969 6000000016.4999695 6000000013.199969 6000000011.199969 6000000149.199969 6000000019.9999695 6000000449.9999695 6000000009.9999695 6000000670.9999695 6000000417.9999695 6000000431.4999695 6000000409.9999695 6000000045.9999695 6000000445.9999695 6000000034.9999695 6000000670.9999695 6000000436.4999695 6000000039.9999695 6000000438.4999695 6000000069.4999695 6000000062.4999695 6000000411.4999695 6000000061.4999695 6000000064.4999695 6000000444.4999695 6000000027.9999695 6000000037.9999695 6000000049.9999695 6000000063.9999695 6000000249.9999695 6000000140.199969 
2000000000.99999 2000000000.99999 4000000000.99998 6000000000.9999695 8000000000.99996 10000000000.99995 2000000002.99999 2000000026.99999 2000000003.99999 2000000128.99999 2000000131.29999 2000000136.19999 2000000140.49999 2000000139.19999 2000000188.19999 2000000288.19999 2000000140.19999 4000000140.19998 6000000140.19997 8000000140.199961 0 3999999999.99998 3999999999.99998 2000000004.99999 2000000004.99999 2000000131.19999 2000000133.19999 2000000132.19999 2000000136.19999 2000000136.19999 2000000138.19999 2000000138.19999 2000000138.19999 2000000138.19999 2000000138.19999 2000000140.19999 2000000159.19999 2000000142.19999 2000000139.19999 2000000238.19999 2000000142.19999 2000000562.69999 2000000558.69999 2000000566.69999 2000000162.69999 2000000539.69999 2000000139.69999 2000000195.69999 2000000196.69999 2000000198.69999 2000000155.99999 2000000236.99999 4000000326.99998 2000000326.99999 2000000306.99999 2000000176.99999 2000000148.99999 2000000126.99999 2000000142.99999 2000000150.29999 2000000163.19999 2000000086.99999 2000000137.99999 2000000143.29999 2000000151.19999 2000000056.99999 2000000133.99999 2000000138.29999 2000000145.19999 2000000174.19999 2000000134.29999 2000000130.99999 2000000140.19999 2000000036.99999 2000000148.19999 2000000588.19999 2000000134.19999 2000000809.19999 2000000550.19999 2000000569.69999 2000000542.19999 2000000174.19999 2000000574.19999 2000000163.19999 2000000809.19999 2000000574.69999 2000000168.19999 2000000576.69999 2000000207.69999 2000000200.69999 2000000549.69999 2000000199.69999 2000000202.69999 2000000582.69999 2000000156.19999 2000000166.19999 2000000178.19999 2000000192.19999 2000000388.19999 1999999999.99999 
2000000000.99999 2000000000.99999 4000000000.99998 6000000000.9999695 8000000000.99996 10000000000.99995 2000000002.99999 2000000026.99999 2000000003.99999 2000000128.99999 2000000131.29999 2000000136.19999 2000000140.49999 2000000139.19999 2000000188.19999 2000000288.19999 2000000140.19999 4000000140.19998 6000000140.19997 8000000140.199961 3999999999.99998 0 3999999999.99998 2000000004.99999 2000000004.99999 2000000131.19999 2000000133.19999 2000000132.19999 2000000136.19999 2000000136.19999 2000000138.19999 2000000138.19999 2000000138.19999 2000000138.19999 2000000138.19999 2000000140.19999 2000000159.19999 2000000142.19999 2000000139.19999 2000000238.19999 2000000142.19999 2000000562.69999 2000000558.69999 2000000566.69999 2000000162.69999 2000000539.69999 2000000139.69999 2000000195.69999 2000000196.69999 2000000198.69999 2000000155.99999 2000000236.99999 4000000326.99998 2000000326.99999 2000000306.99999 2000000176.99999 2000000148.99999 2000000126.99999 2000000142.99999 2000000150.29999 2000000163.19999 2000000086.99999 2000000137.99999 2000000143.29999 2000000151.19999 2000000056.99999 2000000133.99999 2000000138.29999 2000000145.19999 2000000174.19999 2000000134.29999 2000000130.99999 2000000140.19999 2000000036.99999 2000000148.19999 2000000588.19999 2000000134.19999 2000000809.19999 2000000550.19999 2000000569.69999 2000000542.19999 2000000174.19999 2000000574.19999 2000000163.19999 2000000809.19999 2000000574.69999 2000000168.19999 2000000576.69999 2000000207.69999 2000000200.69999 2000000549.69999 2000000199.69999 2000000202.69999 2000000582.69999 2000000156.19999 2000000166.19999 2000000178.19999 2000000192.19999 2000000388.19999 1999999999.99999 
2000000000.99999 2000000000.99999 4000000000.99998 6000000000.9999695 8000000000.99996 10000000000.99995 2000000001.99999 2000000025.99999 2000000000.99999 2000000125.99999 2000000128.29999 2000000133.19999 2000000137.49999 2000000136.19999 2000000185.19999 2000000285.19999 2000000137.19999 4000000137.19998 6000000137.19997 8000000137.199961 3999999999.99998 3999999999.99998 0 1999999999.99999 2000000003.99999 2000000128.19999 2000000130.19999 2000000129.19999 2000000133.19999 2000000133.19999 2000000135.19999 2000000135.19999 2000000135.19999 2000000135.19999 2000000135.19999 2000000137.19999 2000000156.19999 2000000139.19999 2000000136.19999 2000000235.19999 2000000139.19999 2000000559.69999 2000000555.69999 2000000563.69999 2000000159.69999 2000000536.69999 2000000136.69999 2000000192.69999 2000000193.69999 2000000195.69999 2000000152.99999 2000000235.99999 4000000325.99998 2000000325.99999 2000000305.99999 2000000175.99999 2000000145.99999 2000000125.99999 2000000139.99999 2000000147.29999 2000000160.19999 2000000085.99999 2000000134.99999 2000000140.29999 2000000148.19999 2000000055.99999 2000000130.99999 2000000135.29999 2000000142.19999 2000000171.19999 2000000131.29999 2000000127.99999 2000000137.19999 2000000035.99999 2000000145.19999 2000000585.19999 2000000131.19999 2000000806.19999 2000000547.19999 2000000566.69999 2000000539.19999 2000000171.19999 2000000571.19999 2000000160.19999 2000000806.19999 2000000571.69999 2000000165.19999 2000000573.69999 2000000204.69999 2000000197.69999 2000000546.69999 2000000196.69999 2000000199.69999 2000000579.69999 2000000153.19999 2000000163.19999 2000000175.19999 2000000189.19999 2000000385.19999 1999999999.99999 
6.0 6.0 2000000005.99999 4000000005.99998 6000000005.9999695 8000000005.99996 2.0 26.0 1.0 126.0 128.3 133.2 137.5 136.2 185.2 285.2 137.2 2000000137.19999 4000000137.19998 6000000137.19997 2000000004.99999 2000000004.99999 1999999999.99999 0 4.0 128.2 130.2 129.2 133.2 133.2 135.2 135.2 135.2 135.2 135.2 137.2 156.2 139.2 136.2 235.2 139.2 559.7 555.7 563.7 159.7 536.7 136.7 192.7 193.7 195.7 153.0 236.0 2000000325.99999 326.0 306.0 176.0 146.0 126.0 140.0 147.3 160.2 86.0 135.0 140.3 148.2 56.0 131.0 135.3 142.2 171.2 131.3 128.0 137.2 36.0 145.2 585.2 131.2 806.2 547.2 566.7 539.2 171.2 571.2 160.2 806.2 571.7 165.2 573.7 204.7 197.7 546.7 196.7 199.7 579.7 153.2 163.2 175.2 189.2 385.2 5.0 
6.0 6.0 2000000005.99999 4000000005.99998 6000000005.9999695 8000000005.99996 2.0 26.0 3.0 128.0 130.3 135.2 139.5 138.2 187.2 287.2 139.2 2000000139.19999 4000000139.19998 6000000139.19997 2000000004.99999 2000000004.99999 2000000003.99999 4.0 0 130.2 132.2 131.2 135.2 135.2 137.2 137.2 137.2 137.2 137.2 139.2 158.2 141.2 138.2 237.2 141.2 561.7 557.7 565.7 161.7 538.7 138.7 194.7 195.7 197.7 155.0 236.0 2000000325.99999 326.0 306.0 176.0 148.0 126.0 142.0 149.3 162.2 86.0 137.0 142.3 150.2 56.0 133.0 137.3 144.2 173.2 133.3 130.0 139.2 36.0 147.2 587.2 133.2 808.2 549.2 568.7 541.2 173.2 573.2 162.2 808.2 573.7 167.2 575.7 206.7 199.7 548.7 198.7 201.7 581.7 155.2 165.2 177.2 191.2 387.2 5.0 
132.2 132.2 2000000132.19999 4000000132.19998 6000000132.19997 8000000132.199961 128.2 130.2 127.2 2.2 4.5 5.0 9.3 8.0 57.0 157.0 9.0 2000000008.99999 4000000008.99998 6000000008.9999695 2000000131.19999 2000000131.19999 2000000128.19999 128.2 130.2 0 2.0 1.0 5.0 5.0 7.0 7.0 7.0 7.0 7.0 9.0 28.0 11.0 8.0 107.0 11.0 431.5 427.5 435.5 31.5 408.5 8.5 64.5 65.5 67.5 29.2 340.2 2000000430.19999 430.2 410.2 280.2 22.2 230.2 16.2 23.5 32.0 190.2 11.2 16.5 20.0 160.2 7.2 11.5 14.0 43.0 7.5 4.2 9.0 140.2 17.0 457.0 3.0 678.0 419.0 438.5 411.0 43.0 443.0 32.0 678.0 443.5 37.0 445.5 76.5 69.5 418.5 68.5 71.5 451.5 25.0 35.0 47.0 61.0 257.0 131.2 
134.2 134.2 2000000134.19999 4000000134.19998 6000000134.19997 8000000134.199961 130.2 132.2 129.2 4.2 6.5 5.0 9.3 8.0 57.0 157.0 9.0 2000000008.99999 4000000008.99998 6000000008.9999695 2000000133.19999 2000000133.19999 2000000130.19999 130.2 132.2 2.0 0 1.0 5.0 5.0 7.0 7.0 7.0 7.0 7.0 9.0 28.0 11.0 8.0 107.0 11.0 431.5 427.5 435.5 31.5 408.5 8.5 64.5 65.5 67.5 31.2 342.2 2000000432.19999 432.2 412.2 282.2 24.2 232.2 18.2 25.5 32.0 192.2 13.2 18.5 20.0 162.2 9.2 13.5 14.0 43.0 9.5 6.2 9.0 142.2 17.0 457.0 1.0 678.0 419.0 438.5 411.0 43.0 443.0 32.0 678.0 443.5 37.0 445.5 76.5 69.5 418.5 68.5 71.5 451.5 25.0 35.0 47.0 61.0 257.0 133.2 
133.2 133.2 2000000133.19999 4000000133.19998 6000000133.19997 8000000133.199961 129.2 131.2 128.2 3.2 5.5 4.0 8.3 7.0 56.0 156.0 8.0 2000000007.99999 4000000007.99998 6000000007.9999695 2000000132.19999 2000000132.19999 2000000129.19999 129.2 131.2 1.0 1.0 0 4.0 4.0 6.0 6.0 6.0 6.0 6.0 8.0 27.0 10.0 7.0 106.0 10.0 430.5 426.5 434.5 30.5 407.5 7.5 63.5 64.5 66.5 30.2 341.2 2000000431.19999 431.2 411.2 281.2 23.2 231.2 17.2 24.5 31.0 191.2 12.2 17.5 19.0 161.2 8.2 12.5 13.0 42.0 8.5 5.2 8.0 141.2 16.0 456.0 2.0 677.0 418.0 437.5 410.0 42.0 442.0 31.0 677.0 442.5 36.0 444.5 75.5 68.5 417.5 67.5 70.5 450.5 24.0 34.0 46.0 60.0 256.0 132.2 
137.2 137.2 2000000137.19999 4000000137.19998 6000000137.19997 8000000137.199961 133.2 135.2 132.2 7.2 9.5 8.0 8.3 7.0 56.0 156.0 8.0 2000000007.99999 4000000007.99998 6000000007.9999695 2000000136.19999 2000000136.19999 2000000133.19999 133.2 135.2 5.0 5.0 4.0 0 4.0 6.0 6.0 6.0 2.0 2.0 6.0 23.0 6.0 3.0 106.0 10.0 430.5 426.5 434.5 30.5 407.5 7.5 63.5 64.5 66.5 34.2 345.2 2000000435.19999 435.2 415.2 285.2 27.2 235.2 21.2 28.5 35.0 195.2 16.2 21.5 23.0 165.2 12.2 16.5 17.0 46.0 12.5 9.2 12.0 145.2 12.0 456.0 6.0 677.0 418.0 437.5 410.0 38.0 438.0 27.0 677.0 442.5 32.0 444.5 75.5 68.5 417.5 67.5 70.5 450.5 20.0 30.0 42.0 56.0 256.0 136.2 
137.2 137.2 2000000137.19999 4000000137.19998 6000000137.19997 8000000137.199961 133.2 135.2 132.2 7.2 9.5 4.0 4.3 3.0 52.0 152.0 4.0 2000000003.99999 4000000003.99998 6000000003.9999695 2000000136.19999 2000000136.19999 2000000133.19999 133.2 135.2 5.0 5.0 4.0 4.0 0 2.0 2.0 2.0 6.0 6.0 4.0 27.0 10.0 7.0 102.0 6.0 426.5 422.5 430.5 26.5 403.5 3.5 59.5 60.5 62.5 34.2 345.2 2000000435.19999 435.2 415.2 285.2 27.2 235.2 21.2 28.5 31.0 195.2 16.2 21.5 19.0 165.2 12.2 16.5 13.0 42.0 12.5 9.2 8.0 145.2 16.0 452.0 6.0 673.0 414.0 433.5 406.0 42.0 442.0 31.0 673.0 438.5 36.0 440.5 71.5 64.5 413.5 63.5 66.5 446.5 24.0 34.0 46.0 60.0 252.0 136.2 
139.2 139.2 2000000139.19999 4000000139.19998 6000000139.19997 8000000139.199961 135.2 137.2 134.2 9.2 11.5 6.0 2.3 1.0 50.0 150.0 2.0 2000000001.99999 4000000001.99998 6000000001.9999695 2000000138.19999 2000000138.19999 2000000135.19999 135.2 137.2 7.0 7.0 6.0 6.0 2.0 0 2.0 4.0 8.0 8.0 6.0 29.0 12.0 9.0 100.0 8.0 424.5 420.5 428.5 24.5 401.5 1.5 57.5 58.5 60.5 36.2 347.2 2000000437.19999 437.2 417.2 287.2 29.2 237.2 23.2 30.5 33.0 197.2 18.2 23.5 21.0 167.2 14.2 18.5 15.0 44.0 14.5 11.2 10.0 147.2 18.0 450.0 8.0 671.0 416.0 431.5 408.0 44.0 444.0 33.0 671.0 436.5 38.0 438.5 69.5 62.5 411.5 61.5 64.5 444.5 26.0 36.0 48.0 62.0 250.0 138.2 
139.2 139.2 2000000139.19999 4000000139.19998 6000000139.19997 8000000139.199961 135.2 137.2 134.2 9.2 11.5 6.0 4.3 3.0 52.0 152.0 4.0 2000000003.99999 4000000003.99998 6000000003.9999695 2000000138.19999 2000000138.19999 2000000135.19999 135.2 137.2 7.0 7.0 6.0 6.0 2.0 2.0 0 4.0 8.0 8.0 6.0 29.0 12.0 9.0 102.0 8.0 426.5 422.5 430.5 26.5 403.5 3.5 59.5 60.5 62.5 36.2 347.2 2000000437.19999 437.2 417.2 287.2 29.2 237.2 23.2 30.5 33.0 197.2 18.2 23.5 21.0 167.2 14.2 18.5 15.0 44.0 14.5 11.2 10.0 147.2 18.0 452.0 8.0 673.0 416.0 433.5 408.0 44.0 444.0 33.0 673.0 438.5 38.0 440.5 71.5 64.5 413.5 63.5 66.5 446.5 26.0 36.0 48.0 62.0 252.0 138.2 
139.2 139.2 2000000139.19999 4000000139.19998 6000000139.19997 8000000139.199961 135.2 137.2 134.2 9.2 11.5 6.0 6.3 5.0 54.0 154.0 6.0 2000000005.99999 4000000005.99998 6000000005.9999695 2000000138.19999 2000000138.19999 2000000135.19999 135.2 137.2 7.0 7.0 6.0 6.0 2.0 4.0 4.0 0 8.0 6.0 2.0 27.0 12.0 7.0 104.0 4.0 428.5 424.5 432.5 28.5 405.5 5.5 61.5 62.5 64.5 36.2 347.2 2000000437.19999 437.2 417.2 287.2 29.2 237.2 23.2 30.5 33.0 197.2 18.2 23.5 21.0 167.2 14.2 18.5 15.0 44.0 14.5 11.2 10.0 147.2 18.0 454.0 8.0 675.0 412.0 435.5 404.0 42.0 442.0 31.0 675.0 440.5 36.0 442.5 73.5 66.5 415.5 65.5 68.5 448.5 26.0 36.0 48.0 62.0 254.0 138.2 
139.2 139.2 2000000139.19999 4000000139.19998 6000000139.19997 8000000139.199961 135.2 137.2 134.2 9.2 11.5 10.0 10.3 9.0 58.0 158.0 10.0 2000000009.99999 4000000009.99998 6000000009.9999695 2000000138.19999 2000000138.19999 2000000135.19999 135.2 137.2 7.0 7.0 6.0 2.0 6.0 8.0 8.0 8.0 0 4.0 8.0 25.0 4.0 5.0 108.0 12.0 432.5 428.5 436.5 32.5 409.5 9.5 65.5 66.5 68.5 36.2 347.2 2000000437.19999 437.2 417.2 287.2 29.2 237.2 23.2 30.5 37.0 197.2 18.2 23.5 25.0 167.2 14.2 18.5 19.0 48.0 14.5 11.2 14.0 147.2 10.0 458.0 8.0 679.0 420.0 439.5 412.0 40.0 440.0 29.0 679.0 444.5 34.0 446.5 77.5 70.5 419.5 69.5 72.5 452.5 18.0 28.0 40.0 54.0 258.0 138.2 
139.2 139.2 2000000139.19999 4000000139.19998 6000000139.19997 8000000139.199961 135.2 137.2 134.2 9.2 11.5 10.0 10.3 9.0 58.0 158.0 10.0 2000000009.99999 4000000009.99998 6000000009.9999695 2000000138.19999 2000000138.19999 2000000135.19999 135.2 137.2 7.0 7.0 6.0 2.0 6.0 8.0 8.0 6.0 4.0 0 4.0 21.0 8.0 1.0 108.0 10.0 432.5 428.5 436.5 32.5 409.5 9.5 65.5 66.5 68.5 36.2 347.2 2000000437.19999 437.2 417.2 287.2 29.2 237.2 23.2 30.5 37.0 197.2 18.2 23.5 25.0 167.2 14.2 18.5 19.0 48.0 14.5 11.2 14.0 147.2 14.0 458.0 8.0 679.0 418.0 439.5 410.0 36.0 436.0 25.0 679.0 444.5 30.0 446.5 77.5 70.5 419.5 69.5 72.5 452.5 22.0 32.0 44.0 58.0 258.0 138.2 
141.2 141.2 2000000141.19999 4000000141.19998 6000000141.19997 8000000141.199961 137.2 139.2 136.2 11.2 13.5 8.0 8.3 7.0 56.0 156.0 8.0 2000000007.99999 4000000007.99998 6000000007.9999695 2000000140.19999 2000000140.19999 2000000137.19999 137.2 139.2 9.0 9.0 8.0 6.0 4.0 6.0 6.0 2.0 8.0 4.0 0 25.0 12.0 5.0 106.0 6.0 430.5 426.5 434.5 30.5 407.5 7.5 63.5 64.5 66.5 38.2 349.2 2000000439.19999 439.2 419.2 289.2 31.2 239.2 25.2 32.5 35.0 199.2 20.2 25.5 23.0 169.2 16.2 20.5 17.0 46.0 16.5 13.2 12.0 149.2 18.0 456.0 10.0 677.0 414.0 437.5 406.0 40.0 440.0 29.0 677.0 442.5 34.0 444.5 75.5 68.5 417.5 67.5 70.5 450.5 26.0 36.0 48.0 62.0 256.0 140.2 
160.2 160.2 2000000160.19999 4000000160.19998 6000000160.19997 8000000160.199961 156.2 158.2 155.2 30.2 32.5 31.0 31.3 30.0 79.0 179.0 31.0 2000000030.99999 4000000030.99998 6000000030.9999695 2000000159.19999 2000000159.19999 2000000156.19999 156.2 158.2 28.0 28.0 27.0 23.0 27.0 29.0 29.0 27.0 25.0 21.0 25.0 0 29.0 20.0 129.0 31.0 453.5 449.5 457.5 53.5 430.5 30.5 86.5 87.5 89.5 57.2 368.2 2000000458.19999 458.2 438.2 308.2 50.2 258.2 44.2 51.5 58.0 218.2 39.2 44.5 46.0 188.2 35.2 39.5 40.0 69.0 35.5 32.2 35.0 168.2 35.0 479.0 29.0 700.0 439.0 460.5 431.0 15.0 415.0 4.0 700.0 465.5 9.0 467.5 98.5 91.5 440.5 90.5 93.5 473.5 43.0 53.0 65.0 79.0 279.0 159.2 
143.2 143.2 2000000143.19999 4000000143.19998 6000000143.19997 8000000143.199961 139.2 141.2 138.2 13.2 15.5 14.0 14.3 13.0 62.0 162.0 14.0 2000000013.99999 4000000013.99998 6000000013.9999695 2000000142.19999 2000000142.19999 2000000139.19999 139.2 141.2 11.0 11.0 10.0 6.0 10.0 12.0 12.0 12.0 4.0 8.0 12.0 29.0 0 9.0 112.0 16.0 436.5 432.5 440.5 36.5 413.5 13.5 69.5 70.5 72.5 40.2 351.2 2000000441.19999 441.2 421.2 291.2 33.2 241.2 27.2 34.5 41.0 201.2 22.2 27.5 29.0 171.2 18.2 22.5 23.0 52.0 18.5 15.2 18.0 151.2 6.0 462.0 12.0 683.0 424.0 443.5 416.0 44.0 444.0 33.0 683.0 448.5 38.0 450.5 81.5 74.5 423.5 73.5 76.5 456.5 14.0 24.0 36.0 50.0 262.0 142.2 
140.2 140.2 2000000140.19999 4000000140.19998 6000000140.19997 8000000140.199961 136.2 138.2 135.2 10.2 12.5 11.0 11.3 10.0 59.0 159.0 11.0 2000000010.99999 4000000010.99998 6000000010.9999695 2000000139.19999 2000000139.19999 2000000136.19999 136.2 138.2 8.0 8.0 7.0 3.0 7.0 9.0 9.0 7.0 5.0 1.0 5.0 20.0 9.0 0 109.0 11.0 433.5 429.5 437.5 33.5 410.5 10.5 66.5 67.5 69.5 37.2 348.2 2000000438.19999 438.2 418.2 288.2 30.2 238.2 24.2 31.5 38.0 198.2 19.2 24.5 26.0 168.2 15.2 19.5 20.0 49.0 15.5 12.2 15.0 148.2 15.0 459.0 9.0 680.0 419.0 440.5 411.0 35.0 435.0 24.0 680.0 445.5 29.0 447.5 78.5 71.5 420.5 70.5 73.5 453.5 23.0 33.0 45.0 59.0 259.0 139.2 
239.2 239.2 2000000239.19999 4000000239.19998 6000000239.19997 8000000239.199961 235.2 237.2 234.2 109.2 111.5 106.0 102.3 101.0 150.0 250.0 102.0 2000000101.99999 4000000101.99998 6000000101.9999695 2000000238.19999 2000000238.19999 2000000235.19999 235.2 237.2 107.0 107.0 106.0 106.0 102.0 100.0 102.0 104.0 108.0 108.0 106.0 129.0 112.0 109.0 0 108.0 524.5 520.5 528.5 124.5 501.5 101.5 157.5 158.5 160.5 136.2 447.2 2000000537.19999 537.2 517.2 387.2 129.2 337.2 123.2 130.5 133.0 297.2 118.2 123.5 121.0 267.2 114.2 118.5 115.0 144.0 114.5 111.2 110.0 247.2 118.0 400.0 108.0 771.0 516.0 531.5 508.0 144.0 544.0 133.0 771.0 536.5 138.0 538.5 169.5 162.5 511.5 161.5 164.5 544.5 126.0 136.0 148.0 162.0 350.0 238.2 
143.2 143.2 2000000143.19999 4000000143.19998 6000000143.19997 8000000143.199961 139.2 141.2 138.2 13.2 15.5 10.0 10.3 9.0 58.0 158.0 10.0 2000000009.99999 4000000009.99998 6000000009.9999695 2000000142.19999 2000000142.19999 2000000139.19999 139.2 141.2 11.0 11.0 10.0 10.0 6.0 8.0 8.0 4.0 12.0 10.0 6.0 31.0 16.0 11.0 108.0 0 432.5 428.5 436.5 32.5 409.5 9.5 65.5 66.5 68.5 40.2 351.2 2000000441.19999 441.2 421.2 291.2 33.2 241.2 27.2 34.5 37.0 201.2 22.2 27.5 25.0 171.2 18.2 22.5 19.0 48.0 18.5 15.2 14.0 151.2 22.0 458.0 12.0 679.0 408.0 439.5 400.0 46.0 446.0 35.0 679.0 444.5 40.0 446.5 77.5 70.5 419.5 69.5 72.5 452.5 30.0 40.0 52.0 66.0 258.0 142.2 
563.7 563.7 2000000563.69999 4000000563.69998 6000000563.69997 8000000563.699961 559.7 561.7 558.7 433.7 436.0 429.7 424.8 423.5 472.5 533.0 424.5 2000000424.49999 4000000424.49998 6000000424.4999695 2000000562.69999 2000000562.69999 2000000559.69999 559.7 561.7 431.5 431.5 430.5 430.5 426.5 424.5 426.5 428.5 432.5 432.5 430.5 453.5 436.5 433.5 524.5 432.5 0 842.0 850.0 400.0 823.0 423.0 479.0 480.0 482.0 460.7 771.7 2000000861.69999 861.7 841.7 711.7 453.7 661.7 447.7 455.0 456.7 621.7 442.7 448.0 444.7 591.7 438.7 443.0 438.7 467.7 439.0 435.7 433.7 571.7 442.5 872.5 432.5 854.0 840.5 853.0 832.5 468.5 854.0 457.5 854.0 12.0 462.5 860.0 491.0 484.0 833.0 483.0 486.0 866.0 450.5 460.5 472.5 486.5 433.0 562.7 
559.7 559.7 2000000559.69999 4000000559.69998 6000000559.69997 8000000559.699961 555.7 557.7 554.7 429.7 432.0 425.7 420.8 419.5 468.5 532.0 420.5 2000000420.49999 4000000420.49998 6000000420.4999695 2000000558.69999 2000000558.69999 2000000555.69999 555.7 557.7 427.5 427.5 426.5 426.5 422.5 420.5 422.5 424.5 428.5 428.5 426.5 449.5 432.5 429.5 520.5 428.5 842.0 0 8.0 442.0 19.0 419.0 413.0 412.0 414.0 456.7 767.7 2000000857.69999 857.7 837.7 707.7 449.7 657.7 443.7 451.0 452.7 617.7 438.7 444.0 440.7 587.7 434.7 439.0 434.7 463.7 435.0 431.7 429.7 567.7 438.5 868.5 428.5 853.0 836.5 11.0 828.5 464.5 853.0 453.5 853.0 853.0 458.5 18.0 423.0 408.0 9.0 409.0 418.0 24.0 446.5 456.5 468.5 482.5 432.0 558.7 
