32
L38 L54 L64 L26 L43 L76 L30 L56 L42 L25 L73 L3 L47 L63 L77 L17 L80 L62 L5 L78 L21 L72 L8 L79 L6 L75 L53 L4 L27 L0 L51 L31
0 2.1681999999999997 1.0700699999999999 1.8226899999999997 1.86218 3.1900999999999997 2.36318 1.97787 2.04971 1.7794299999999996 1.84275 2.43198 2.20395 1.46094 2.34338 1.3653499999999998 1.79162 2.3528399999999996 2.1183 2.2637 1.96908 1.2119699999999998 2.91572 1.6545999999999998 2.12395 1.3056199999999998 3.25804 2.09666 2.37965 2.66589 1.5338699999999998 2.32571 
2.1681999999999997 0 1.0981299999999998 1.52995 1.09337 2.22546 0.8654999999999999 1.31069 1.3496899999999998 1.07979 1.99192 1.73539 1.7002199999999998 1.4889999999999999 0.7461199999999999 0.80285 1.28789 0.40714 1.29362 1.11917 0.88577 0.9562299999999999 1.79103 1.15087 1.83121 1.01288 1.38294 1.1320199999999998 1.1816200000000001 1.56652 0.78297 0.47976 
1.0700699999999999 1.0981299999999998 0 0.75262 0.79211 2.12003 1.29311 1.15377 1.26344 0.70936 1.11094 1.73597 1.3748799999999999 0.39087 1.27331 0.29528 0.7294999999999999 1.28277 1.2942 1.82923 1.23727 0.1419 1.8456499999999998 0.86652 1.05388 0.23555 2.2585699999999997 1.02659 1.3175299999999999 1.8121999999999998 0.4638 1.3553899999999999 
1.82269 1.52995 0.75262 0 1.07363 2.8726499999999997 1.99566 1.77622 1.7322600000000001 0.99088 1.8635599999999999 2.3584199999999997 1.48816 1.14349 1.55483 1.0478999999999998 0.80179 1.56429 1.91665 2.18948 1.82836 0.89452 2.1864999999999997 0.93881 0.30126 0.51707 2.39276 1.77921 1.38982 1.74865 1.2164199999999998 1.60992 
1.86218 1.09337 0.79211 1.07363 0 2.4909999999999997 1.5253999999999999 0.7891 1.77175 1.03037 1.90305 1.3713 1.0179 0.69487 1.38353 0.9538 0.33153 0.68623 0.92953 1.46164 1.3580999999999999 0.93401 1.7893499999999998 0.46855 1.37489 0.5565599999999999 2.10351 1.39756 0.91956 1.47712 1.12232 1.13966 
3.1900999999999997 2.2254599999999995 2.12003 2.8726499999999997 2.4909999999999997 0 1.35996 1.8212199999999998 3.0996699999999997 2.62856 3.23097 2.28627 2.4587499999999998 1.79613 2.54894 1.8247499999999999 2.40261 2.2598 1.8445 2.4966799999999996 2.14962 1.97813 1.16068 2.41681 3.03772 2.35558 3.10914 1.09344 2.90782 2.32293 1.9932699999999999 1.7456999999999998 
2.36318 0.8654999999999999 1.2931099999999998 1.99566 1.5253999999999999 1.35996 0 1.32777 1.7925499999999999 1.57249 2.30473 1.52909 1.6061999999999999 0.96921 1.18898 0.99783 1.19387 0.89984 1.4682 1.35331 1.7512699999999999 1.1512099999999998 1.08558 1.05685 2.2108 1.50558 1.74918 0.26652 1.54786 1.9896399999999999 1.16635 0.38574 
1.97787 1.31069 1.15377 1.77622 0.7891 1.8212199999999998 1.32777 0 2.13341 1.47325 2.26471 0.5822 1.0147899999999999 1.3657599999999999 1.7505499999999998 0.85849 1.12063 1.2368499999999998 0.14043 0.67546 0.9572799999999999 1.01187 1.44955 1.25765 2.07748 1.34566 2.09839 1.4796 1.70866 0.68802 1.02701 1.15909 
2.04971 1.3496899999999998 1.26344 1.7322600000000001 1.77175 3.0996699999999997 1.7925499999999999 2.13341 0 1.16752 2.09058 2.6554599999999997 1.5952199999999999 1.65431 0.60357 1.27492 1.65557 1.7568299999999997 2.2136899999999997 2.29654 1.80584 1.12154 2.82529 1.51855 2.03352 1.21519 2.52033 2.00623 2.2436 2.4865899999999996 1.44344 1.73497 
1.7794299999999998 1.07979 0.70936 0.99088 1.03037 2.62856 1.57249 1.47325 1.16752 0 1.8203 1.92736 0.66552 1.10023 0.56395 0.80381 0.9677599999999998 1.1141299999999998 1.61368 1.3668399999999998 1.27761 0.8512599999999999 2.03308 1.00781 1.2921399999999998 0.47380999999999995 2.08993 1.53512 1.55579 1.8654499999999998 0.63529 1.18675 
1.84275 1.99192 1.11094 1.86356 1.90305 3.23097 2.30473 2.26471 2.09058 1.8202999999999998 0 2.8469100000000003 2.24482 1.5018099999999999 2.3842499999999998 1.40622 1.83249 2.02626 2.40514 2.73829 2.00995 1.25284 2.95659 1.69547 2.1648199999999997 1.34649 1.74046 2.13753 2.42052 2.92314 1.57474 1.91899 
2.43198 1.73539 1.73597 2.3584199999999997 1.3713 2.28627 1.52909 0.5822 2.6554599999999997 1.92736 2.8469100000000003 0 1.4688999999999999 1.8198699999999999 2.0518899999999998 1.44069 1.7028299999999998 1.8190499999999998 0.7226300000000001 1.25766 1.41139 1.59407 2.0317499999999997 1.7909199999999998 2.65968 1.92786 1.87336 1.38645 2.29086 0.98936 1.60921 1.50567 
2.20395 1.7002199999999998 1.3748799999999999 1.48816 1.0179 2.4587499999999998 1.6061999999999999 1.0147899999999999 1.5952199999999999 0.66552 2.24482 1.4688999999999999 0 1.22763 0.99165 1.40002 0.68637 1.6339899999999998 1.15522 0.90838 0.81915 1.5167799999999998 2.0968999999999998 1.19868 1.7894199999999998 1.13933 2.5839 1.84249 1.2744 1.70281 1.3008099999999998 1.2204599999999999 
1.46094 1.4889999999999999 0.39087 1.14349 0.69487 1.79613 0.96921 1.3657599999999999 1.65431 1.10023 1.5018099999999999 1.8198699999999999 1.22763 0 1.65848 0.6861499999999999 0.60648 1.3810999999999998 1.50619 1.92895 1.01793 0.53277 1.52175 0.7435 1.44475 0.62642 2.64944 0.70269 1.19451 1.57533 0.8546699999999999 1.35495 
2.34338 0.7461199999999999 1.2733099999999997 1.55483 1.38353 2.54894 1.18898 1.7505499999999998 0.60357 0.56395 2.3842499999999998 2.0518899999999998 0.99165 1.65848 0 1.36776 1.052 1.15326 1.6101199999999998 1.6929699999999999 1.20227 1.4152099999999996 2.2745599999999997 1.5717599999999998 1.8560899999999998 1.0377599999999998 2.12906 1.4554999999999998 1.64003 1.88302 1.19924 1.2258799999999999 
1.3653499999999998 0.80285 0.29528 1.0478999999999998 0.9538 1.8247499999999999 0.99783 0.85849 1.27492 0.80381 1.40622 1.44069 1.4000199999999998 0.6861499999999999 1.36776 0 0.8654099999999999 1.20999 0.99892 1.53395 1.09686 0.15338 1.55037 1.00243 1.34916 0.53083 2.18579 0.73131 1.45344 1.54651 0.16852 1.28261 
1.79162 1.28789 0.7294999999999999 0.80179 0.33153 2.40261 1.19387 1.12063 1.65557 0.96776 1.83249 1.70283 0.68637 0.60648 1.052 0.8654099999999999 0 1.01776 1.2610599999999998 1.38769 1.02657 0.8714 2.12088 0.80008 1.10305 0.49395 2.17157 1.30917 0.58803 1.8086499999999999 1.0339299999999998 0.80813 
2.3528399999999996 0.40714 1.2827699999999997 1.5642899999999997 0.68623 2.2598 0.89984 1.23685 1.75683 1.1141299999999998 2.02626 1.8190499999999998 1.6339899999999998 1.3811 1.15326 1.20999 1.01776 0 1.3772799999999998 0.97651 1.29291 1.36337 1.82537 1.15478 1.8655499999999998 1.0472199999999998 1.4172799999999999 1.16636 1.21596 1.6577399999999998 1.19011 0.5141 
2.1183 1.29362 1.2942 1.91665 0.92953 1.8445 1.4682 0.14043 2.2136899999999997 1.61368 2.40514 0.7226300000000001 1.15522 1.50619 1.6101199999999998 0.99892 1.2610599999999998 1.3772799999999998 0 0.81589 1.09771 1.1523 1.58998 1.39808 2.21791 1.48609 2.23882 1.50096 1.84909 0.54759 1.16744 1.29952 
2.2637 1.11917 1.82923 2.1894799999999996 1.46164 2.4966799999999996 1.35331 0.67546 2.29654 1.3668399999999998 2.73829 1.25766 0.90838 1.92895 1.6929699999999999 1.53395 1.38769 0.97651 0.81589 0 1.43516 1.68733 2.1250099999999996 1.25067 2.4907399999999997 1.75925 2.00285 1.6198299999999999 1.80153 1.36348 1.70247 0.9675699999999999 
1.96908 0.88577 1.23727 1.82836 1.3580999999999999 2.1496199999999996 1.7512699999999999 0.9572799999999999 1.80584 1.27761 2.00995 1.41139 0.81915 1.01793 1.20227 1.09686 1.02657 1.2929099999999998 1.09771 1.43516 0 1.25024 1.8752399999999998 0.88955 2.12962 1.47282 2.2687099999999996 1.72062 1.6146 1.6452999999999998 1.10524 1.36553 
1.21197 0.9562299999999999 0.1419 0.89452 0.93401 1.97813 1.1512099999999998 1.01187 1.12154 0.8512599999999999 1.25284 1.59407 1.5167799999999998 0.53277 1.4152099999999999 0.15338 0.8714 1.36337 1.1523 1.68733 1.25024 0 1.7037499999999999 1.0084199999999999 1.1957799999999998 0.37745 2.33917 0.88469 1.45943 1.69989 0.32189999999999996 1.4359899999999999 
2.91572 1.7910299999999997 1.8456499999999998 2.1864999999999997 1.7893499999999998 1.16068 1.08558 1.44955 2.82529 2.03308 2.95659 2.0317499999999997 2.0968999999999998 1.52175 2.27456 1.55037 2.1208799999999997 1.8253699999999997 1.58998 2.1250099999999996 1.8752399999999998 1.7037499999999999 0 2.14243 2.4877599999999997 2.0812 2.46265 0.81906 2.26133 1.16225 1.71889 1.47132 
1.6545999999999998 1.1508699999999998 0.86652 0.93881 0.46855 2.41681 1.05685 1.25765 1.51855 1.00781 1.69547 1.7909199999999998 1.19868 0.7435 1.57176 1.00243 0.80008 1.15478 1.39808 1.25067 0.88955 1.0084199999999999 2.14243 0 1.24007 0.63097 2.03455 1.32337 1.3881100000000002 1.9456699999999998 1.14303 0.67111 
2.12395 1.83121 1.05388 0.30126 1.37489 3.03772 2.2108 2.07748 2.03352 1.2921399999999998 2.1648199999999997 2.65968 1.7894199999999998 1.44475 1.8560899999999998 1.34916 1.10305 1.8655499999999998 2.21791 2.4907399999999997 2.1296199999999996 1.1957799999999998 2.4877599999999997 1.24007 0 0.81833 2.55695 1.94428 1.69108 2.04991 1.51768 1.9111799999999999 
1.30562 1.01288 0.23555 0.51707 0.5565599999999999 2.35558 1.50558 1.34566 1.21519 0.47380999999999995 1.34649 1.92786 1.13933 0.62642 1.03776 0.53083 0.49395 1.04722 1.48609 1.75925 1.47282 0.37745 2.0812 0.63097 0.81833 0 2.02302 1.2621399999999998 1.08198 2.03368 0.69935 1.11984 
3.25804 1.38294 2.2585699999999997 2.39276 2.10351 3.10914 1.74918 2.09839 2.52033 2.08993 1.74046 1.87336 2.5839 2.64944 2.12906 2.18579 2.17157 1.4172799999999999 2.23882 2.00285 2.26871 2.3391699999999997 2.46265 2.03455 2.55695 2.02302 0 2.0157 1.85324 2.29502 2.16591 1.36344 
2.09666 1.1320199999999998 1.02659 1.77921 1.39756 1.09344 0.26652 1.4796 2.00623 1.53512 2.13753 1.38645 1.84249 0.70269 1.4554999999999998 0.73131 1.30917 1.1663599999999998 1.50096 1.6198299999999999 1.72062 0.88469 0.81906 1.32337 1.94428 1.2621399999999998 2.0157 0 1.8143799999999999 1.72906 0.89983 0.65226 
2.37965 1.1816200000000001 1.3175299999999999 1.38982 0.91956 2.90782 1.54786 1.70866 2.2436 1.5557899999999998 2.42052 2.29086 1.2744 1.19451 1.64003 1.45344 0.58803 1.21596 1.84909 1.80153 1.6146 1.4594299999999998 2.26133 1.3881100000000002 1.69108 1.08198 1.85324 1.8143799999999999 0 2.0937 1.62196 1.16212 
2.66589 1.56652 1.8121999999999998 1.74865 1.47712 2.32293 1.9896399999999999 0.68802 2.4865899999999996 1.86545 2.92314 0.98936 1.7028099999999997 1.57533 1.88302 1.54651 1.8086499999999999 1.6577399999999998 0.54759 1.36348 1.6452999999999998 1.69989 1.16225 1.9456699999999998 2.04991 2.03368 2.29502 1.7290599999999998 2.0937 0 1.71503 1.6038999999999999 
1.5338699999999998 0.78297 0.4638 1.2164199999999998 1.12232 1.9932699999999999 1.16635 1.02701 1.4434399999999998 0.63529 1.5747399999999998 1.60921 1.3008099999999998 0.8546699999999999 1.19924 0.16852 1.03393 1.19011 1.16744 1.70247 1.10524 0.32189999999999996 1.71889 1.14303 1.51768 0.6993499999999999 2.16591 0.89983 1.62196 1.71503 0 1.26273 
2.32571 0.47976 1.3553899999999999 1.60992 1.13966 1.7456999999999998 0.38574 1.15909 1.73497 1.18675 1.91899 1.50567 1.2204599999999999 1.35495 1.22588 1.28261 0.80813 0.5141 1.29952 0.9675699999999999 1.36553 1.43599 1.47132 0.67111 1.9111799999999999 1.11984 1.36344 0.65226 1.16212 1.6038999999999999 1.26273 0 
