101
151 119 2 74 147 112 16 160 59 163 140 57 12 53 143 27 36 182 97 95 192 7 78 126 29 32 129 139 42 127 13 183 167 70 181 14 186 89 153 45 142 87 184 60 123 170 76 118 21 165 68 108 11 114 17 3 197 100 6 52 149 132 35 79 176 137 40 180 9 64 161 117 20 67 164 25 122 28 120 172 99 121 93 190 77 44 65 159 148 116 94 191 92 91 188 34 131 81 178 155 1
0 1106.7 777.644 1324.895 1052.6860000000001 684.914 1493.625 1237.404 1218.767 931.686 1191.357 925.4549999999999 1011.46 1143.549 635.199 1074.954 1020.365 1118.243 615.368 811.25 1125.851 1430.9070000000002 1108.321 1039.75 1144.291 544.96 1139.12 1083.5300000000002 1049.73 1247.229 1316.854 915.887 1029.779 1293.1480000000001 743.651 962.695 1105.409 1234.482 1398.534 1184.12 1274.4940000000001 1079.29 1168.299 555.371 1257.549 1350.8000000000002 1205.41 1275.51 936.626 736.167 1025.054 998.92 996.2959999999999 1183.445 1238.1689999999999 918.892 1259.1660000000002 1077.06 655.581 1054.21 1197.61 1093.31 1394.9699999999998 1181.498 971.087 1065.204 882.708 557.217 1048.151 1038.78 898.859 1267.73 1229.184 925.286 1148.97 1167.53 1146.7040000000002 635.336 546.029 1102.873 1409.0720000000001 1091.44 1125.14 970.65 1163.431 1192.299 960.017 1092.027 1078.64 1083.326 773.915 768.615 510.942 902.897 1134.0390000000002 959.5740000000001 1261.667 1035.16 812.748 960.918 1439.2150000000001 
1106.7 0 573.945 798.518 1156.474 1070.9470000000001 1290.266 1194.18 1106.366 958.994 923.072 1271.2 1093.28 1090.03 1246.545 1364.777 1011.4480000000001 1199.456 642.551 1579.0459999999998 994.161 867.128 1111.796 573.009 1377.95 893.481 918.1120000000001 1440.488 853.065 633.029 1357.304 603.767 1362.644 669.314 1160.464 923.95 1127.54 964.5049999999999 1170.62 701.139 803.439 827.138 906.941 796.763 822.931 790.09 621.173 1045.309 1174.37 1003.77 1242.554 724.515 1034.65 952.481 625.602 965.793 410.691 1142.3719999999998 918.794 993.661 1074.131 605.128 767.09 1573.694 1284.674 861.515 1036.33 1102.846 811.452 1061.47 771.906 1140.384 122.484 1028.807 1199.39 1197.404 1424.504 933.878 1093.37 1183.267 1176.64 893.759 1111.382 1218.906 905.226 1324.18 1178.994 765.999 722.705 907.515 1021.283 1057.5 1182.826 1214.66 781.519 880.037 736.017 1237.55 959.82 1069.08 1053.45 
777.644 573.945 0 632.79 638.777 1053.211 1307.53 1198.76 812.018 1327.731 906.971 774.758 1159.996 1103.77 994.556 1138.55 873.779 1098.139 644.824 1291.41 1233.181 1299.281 986.964 943.2829999999999 1267.89 683.918 1215.356 881.2 871.447 854.549 1323.208 1148.3049999999998 1169.984 913.805 773.09 1020.0799999999999 1126.7830000000001 1241.63 1613.613 927.919 693.572 851.151 996.606 1141.955 593.902 731.551 749.277 1023.13 1286.397 1034.33 709.903 804.807 957.732 984.039 913.074 1057.471 984.636 1094.94 1244.344 1150.55 1057.87 1055.567 946.01 1375.724 1038.57 1257.105 1059.56 835.872 826.816 968.833 806.672 1418.6399999999999 572.923 948.945 1334.95 1040.57 1285.662 1189.88 1154.184 997.06 1145.15 923.355 877.384 739.731 1302.3890000000001 1177.87 1058.46 819.9 1296.65 1130.9920000000002 780.547 776.738 1144.337 1183.509 1163.495 1099.779 1026.28 1489.991 1329.005 1340.451 1252.1570000000002 
1324.895 798.518 632.79 0 1208.7069999999999 1232.051 1699.6 1521.846 1351.85 1437.119 1296.9389999999999 1182.52 1292.5639999999999 1336.23 1212.75 1388.01 1309.838 911.698 1277.614 1684.351 1384.383 1331.8090000000002 1406.608 1052.6709999999998 1616.02 936.321 1419.585 1254.85 1498.315 759.997 1467.78 1096.92 1358.86 801.133 1021.405 1129.4679999999998 747.933 1162.26 1866.016 1037.307 832.878 901.716 1334.28 938.331 596.71 1219.97 1059.74 1363.106 1164.88 1549.9180000000001 819.627 956.009 1475.4180000000001 1174.6219999999998 1022.462 1301.852 873.666 1251.43 1427.655 1649.607 1391.76 1345.653 1368.68 1478.213 1409.86 1448.164 1510.074 1009.85 1033.68 1265.59 1369.5520000000001 1625.504 921.0020000000001 1442.4160000000002 1749.2730000000001 1111.94 1167.49 1599.036 1214.283 1258.894 1580.2620000000002 1461.851 1463.36 1040.31 1554.792 1286.7150000000001 1496.244 1267.195 1449.674 1306.9589999999998 1183.495 1133.583 1396.74 1468.39 1088.66 1060.35 1351.535 1431.02 1377.62 1445.9279999999999 1466.74 
1052.6860000000001 1156.474 638.777 1208.7069999999999 0 1012.721 1483.459 936.143 876.174 963.111 1089.163 511.468 690.989 1110.438 975.657 1060.8429999999998 590.828 1213.27 618.879 1035.7 967.063 1295.35 1042.6019999999999 629.516 1371.8129999999999 1021.2160000000001 1079.62 1156.35 839.258 1007.56 1469.185 1012.82 602.673 1074.87 781.6500000000001 1201.5140000000001 789.028 1069.008 1487.7 1299.665 1157.413 900.053 1260.785 729.454 1141.3609999999999 1109.47 900.648 1275.704 1182.173 1160.76 500.247 864.035 800.123 930.332 1178.123 905.559 1262.6770000000001 1166.923 1145.799 1457.8139999999999 1301.817 877.726 953.68 1253.495 824.582 1055.03 1079.01 1035.537 895.838 1129.881 1158.596 1216.23 1033.99 1010.909 1334.0949999999998 904.467 1162.0 1100.944 863.216 986.6850000000001 1142.39 1286.219 1420.126 789.354 1223.74 539.093 795.809 971.859 1146.97 1078.47 730.378 814.203 841.249 922.508 895.812 1019.086 991.567 1283.28 1245.357 904.935 1351.98 
684.914 1070.9470000000001 1053.211 1232.051 1012.721 0 1220.488 552.49 1117.005 1156.581 1031.136 1148.971 498.372 799.353 571.291 582.509 574.55 632.183 428.396 1105.106 580.572 1155.932 921.3489999999999 950.8710000000001 1065.325 562.102 998.9280000000001 1122.025 1250.742 717.136 1043.86 720.566 699.697 946.414 735.619 1177.496 761.178 801.608 1116.56 1106.34 871.509 595.13 578.863 891.978 635.341 1186.47 1158.942 802.492 434.466 951.541 816.656 457.566 922.0989999999999 1090.409 1154.691 841.043 821.907 733.27 734.779 1267.331 966.259 1067.129 769.265 1117.5900000000001 1180.908 1040.677 1153.56 759.208 650.532 579.002 968.113 1045.759 1083.282 964.884 1228.917 520.517 849.737 791.479 1174.715 795.802 799.944 951.3499999999999 1462.686 941.618 1180.5729999999999 1174.967 1085.252 709.434 1061.23 1011.941 1028.612 502.7 1022.521 814.434 599.128 857.846 1007.239 857.776 984.458 598.447 1178.46 
1493.625 1290.266 1307.53 1699.6 1483.459 1220.488 0 1166.071 1179.767 1451.47 1647.134 1695.656 1121.86 1282.996 1110.33 1186.402 1133.328 1338.87 1174.507 1055.74 1097.87 1270.37 681.554 1321.4769999999999 1021.01 1371.495 1165.301 1048.41 644.201 1236.3 1356.9360000000001 983.854 1409.237 1330.05 1458.823 1133.8 1821.993 939.44 1504.4789999999998 1634.478 1193.33 1003.51 641.625 1265.33 1315.04 1389.09 1239.606 1292.23 1219.661 1443.735 1177.42 1050.382 1231.46 1440.52 1252.32 993.584 1160.13 974.736 1105.58 1505.72 1029.021 1114.74 1236.05 1564.39 1419.417 1233.78 1324.59 1441.815 1090.292 1269.912 1282.39 763.6 1412.75 1446.511 1399.8600000000001 966.036 1762.384 1069.02 1641.0900000000001 1682.899 1352.3600000000001 722.609 1192.94 1341.4 1472.18 1611.13 1222.98 1212.48 1055.61 1032.81 1220.1 1259.93 1505.036 1269.504 1400.501 1189.94 696.439 1275.941 1627.106 1213.056 1331.54 
1237.404 1194.18 1198.76 1521.846 936.143 552.49 1166.071 0 954.163 1269.55 1402.3020000000001 1447.611 1050.862 1042.46 1123.781 331.045 1107.965 910.136 980.886 552.616 710.217 963.02 1023.7919999999999 1236.701 602.828 842.857 1069.982 763.979 1002.11 1239.6970000000001 1168.18 841.017 782.276 1026.29 1099.403 1374.758 1302.3600000000001 1162.569 1096.696 1511.32 901.445 1147.62 524.446 804.488 1061.05 1697.0459999999998 1425.899 1354.982 986.956 916.574 818.0 700.738 1088.6599999999999 902.674 1158.15 683.521 1374.397 1175.5259999999998 664.807 1124.3 827.178 1146.64 1321.755 1409.5529999999999 1092.7 1070.96 636.824 1110.5710000000001 914.309 878.832 1229.45 763.59 1225.72 703.751 1051.304 767.53 907.851 1024.2 1439.06 1299.824 692.995 969.5999999999999 1511.45 1360.03 1294.771 1475.2359999999999 824.972 1048.031 1307.015 1290.395 1181.868 1055.19 1303.2759999999998 781.748 809.351 725.785 843.358 555.569 1079.81 626.742 1408.71 
1218.767 1106.366 812.018 1351.85 876.174 1117.005 1179.767 954.163 0 1128.437 1522.8490000000002 949.077 1273.058 1071.09 1237.115 1163.3220000000001 1362.968 548.226 1064.167 1246.74 847.734 1348.87 1189.837 816.887 829.916 971.079 1349.588 954.777 1090.492 1156.17 724.002 815.669 675.59 1228.7 1123.92 578.985 1378.93 1007.41 1355.583 1079.663 1289.268 1308.5300000000002 538.142 920.355 1053.1 897.606 1129.871 1441.769 1240.449 1080.4189999999999 1270.421 775.138 1025.69 1269.91 1232.423 821.315 1100.22 1133.52 742.264 1058.24 629.9 619.953 1348.8319999999999 1269.76 862.963 1154.978 1313.562 1032.36 1207.239 1175.199 992.343 989.756 1073.436 1506.259 1297.36 1325.478 1399.589 583.431 874.636 1218.304 887.407 970.057 1202.745 1264.563 949.101 1277.37 784.757 949.929 747.27 742.26 972.678 1356.8390000000002 935.2080000000001 534.235 1360.987 1142.8310000000001 929.121 1172.458 1031.1109999999999 1133.927 1089.272 
931.686 958.994 1327.731 1437.119 963.111 1156.581 1451.47 1269.55 1128.437 0 691.684 1153.7269999999999 1437.21 1357.091 905.468 1378.099 1087.58 843.194 728.185 1288.87 1248.19 1363.38 1098.46 876.988 1086.24 881.163 1049.96 1198.564 1497.954 1421.466 1230.15 917.965 1163.95 1224.72 1135.78 921.987 998.365 1337.393 1112.84 850.23 1387.311 1272.3139999999999 1034.18 712.534 1237.47 710.63 1358.71 1208.4 1405.91 974.72 1092.88 1445.565 1221.888 1274.713 1147.19 1076.055 1099.56 1131.12 806.021 721.862 1200.01 1319.154 1198.904 918.806 1305.2240000000002 1205.584 1225.85 889.502 922.579 1524.6240000000003 909.543 1264.89 836.51 1089.21 1322.21 1592.605 1390.34 856.76 908.212 494.212 1417.59 1245.7 1367.566 689.363 638.607 1488.021 1385.041 1260.97 1309.731 1216.03 1045.62 1079.68 420.744 1387.219 1246.856 1216.549 1261.15 1223.47 1019.13 1187.572 1122.19 
1191.357 923.072 906.971 1296.9389999999999 1089.163 1031.136 1647.134 1402.3020000000001 1522.8490000000002 691.684 0 1143.09 1377.16 860.175 1103.06 1203.65 741.296 1290.46 696.069 1562.58 1379.01 1236.505 965.58 842.481 1456.3739999999998 1216.2640000000001 1112.405 1350.6 1467.731 1355.6399999999999 1236.19 1158.33 1339.9 1331.263 1002.06 1233.88 1042.5720000000001 775.037 1511.621 1332.924 1095.31 1136.711 1188.21 635.986 1294.0259999999998 1073.18 1045.17 1032.74 1334.838 1247.5729999999999 1132.761 1327.327 624.983 846.22 1320.248 999.5070000000001 860.875 1226.1329999999998 1020.57 1229.025 1308.1 1334.802 1110.87 900.681 1299.546 1145.819 1284.893 847.098 759.133 1256.01 1235.786 1201.43 929.729 754.358 1466.416 1551.653 1460.149 1255.212 1137.2259999999999 1058.1109999999999 1604.93 1523.261 1694.136 574.08 1049.81 1187.8 1346.3159999999998 768.773 1100.92 1306.4360000000001 1073.94 1121.876 956.349 1591.404 982.664 729.052 1111.56 1321.45 1357.304 1244.219 1613.5010000000002 
925.4549999999999 1271.2 774.758 1182.52 511.468 1148.971 1695.656 1447.611 949.077 1153.7269999999999 1143.09 0 1077.11 1136.45 854.949 1235.84 1102.296 1239.14 939.18 1145.09 1207.69 1713.63 1137.73 1140.984 1391.76 807.318 1509.712 1430.018 1350.726 1483.194 1542.389 1445.136 718.468 1586.338 794.038 1011.85 1017.95 1432.027 1649.12 1154.83 1247.1979999999999 1332.68 1169.16 981.404 1011.03 1093.1 1176.01 1415.67 1087.28 1243.06 833.407 1209.64 999.622 1264.9 1245.0 1204.31 1574.774 1460.0720000000001 1340.104 1366.81 1381.28 1132.95 1465.148 1401.248 1336.05 1447.0720000000001 1434.1390000000001 1057.972 1261.35 1519.7359999999999 1272.82 1727.698 1347.681 1229.83 1632.846 1297.07 1314.28 1054.2359999999999 379.426 1153.115 1653.8580000000002 1502.996 935.757 1148.2179999999998 1425.789 1046.808 1076.42 1244.29 1298.71 1345.684 1197.275 1026.957 732.983 1161.603 1256.11 1100.44 1416.21 1608.673 1331.369 1315.328 1402.58 
1011.46 1093.28 1159.996 1292.5639999999999 690.989 498.372 1121.86 1050.862 1273.058 1437.21 1377.16 1077.11 0 1180.8 1069.663 1071.13 1072.922 1130.555 871.186 1376.853 673.839 1183.98 946.913 1210.116 1182.85 894.115 1369.138 717.01 1311.7930000000001 1050.241 1405.45 999.413 1198.069 1009.03 754.34 938.097 1259.55 1133.32 1522.412 1324.73 466.424 792.445 1065.888 1031.37 702.592 1481.74 1309.5990000000002 1060.38 932.838 1449.913 472.937 822.328 1235.26 935.857 813.905 1283.833 1093.81 1231.642 1233.151 1618.1770000000001 1010.13 1283.674 1267.637 1592.2959999999998 1298.433 1483.467 1255.157 1057.1 1040.85 1068.1979999999999 1162.7 1171.83 1164.88 848.285 1094.44 521.268 1338.353 1289.851 1456.5359999999998 1176.94 1124.306 974.121 1465.18 1300.15 1423.92 1020.72 1456.045 1102.11 1376.3 1349.748 836.8050000000001 786.893 1354.534 870.593 1043.27 1076.36 916.345 1356.148 1482.83 996.138 1562.528 
1143.549 1090.03 1103.77 1336.23 1110.438 799.353 1282.996 1042.46 1071.09 1357.091 860.175 1136.45 1180.8 0 508.35 969.525 1149.788 1145.21 1112.344 1394.0839999999998 1379.925 1160.05 790.895 1053.158 1105.68 917.848 782.156 1386.4859999999999 1113.83 1399.1480000000001 968.615 1180.56 1152.78 1283.77 977.375 1402.328 1250.664 1139.616 1202.18 1340.223 1467.176 1226.068 1146.086 994.474 1429.7759999999998 1087.06 743.963 1371.336 1233.819 1420.809 1058.412 1256.9189999999999 951.662 1368.412 1341.505 1304.249 1038.44 507.256 1400.461 1265.682 1298.984 994.961 521.213 981.071 953.271 1301.8 1402.95 1300.557 724.802 683.989 1508.8 824.323 1212.514 979.031 1039.186 945.037 1493.236 1076.767 1211.8 1225.905 1599.297 1121.83 1048.58 667.728 1118.99 1237.82 1024.307 1282.338 1595.1000000000001 664.827 1233.34 744.456 1076.74 1450.117 982.6179999999999 1036.18 862.85 1258.82 1427.866 1106.8139999999999 1267.226 
635.199 1246.545 994.556 1212.75 975.657 571.291 1110.33 1123.781 1237.115 905.468 1103.06 854.949 1069.663 508.35 0 932.141 641.438 1005.29 603.994 1303.8780000000002 1151.863 1156.06 699.146 962.721 761.465 1102.758 1174.526 1212.504 1039.49 1166.35 1335.202 1183.336 828.786 1245.893 803.3439999999999 1108.02 1028.38 1220.0169999999998 1352.1100000000001 1578.098 1263.12 1004.86 776.133 711.447 1098.69 1222.99 1252.313 1350.341 793.792 1323.034 884.381 992.38 662.938 1162.333 1179.7 1016.6410000000001 1103.11 605.123 1112.4560000000001 881.111 1018.78 1061.31 759.771 546.299 992.452 1094.61 1096.79 1017.53 809.503 1055.763 1143.711 1168.268 1258.88 1061.519 1137.0529999999999 1091.808 995.213 653.684 1158.304 1025.844 1371.2350000000001 1358.937 1471.374 799.513 1318.566 1027.84 515.957 1073.316 1225.06 1168.819 984.0840000000001 570.425 869.294 1271.9209999999998 1080.4850000000001 1026.984 949.303 1054.4 1288.1750000000002 636.444 1294.22 
1074.954 1364.777 1138.55 1388.01 1060.8429999999998 582.509 1186.402 331.045 1163.3220000000001 1378.099 1203.65 1235.84 1071.13 969.525 932.141 0 776.92 1208.025 939.27 610.115 838.401 1080.576 886.23 1169.513 762.575 1090.7649999999999 738.937 798.6 732.596 1193.268 1092.37 1050.422 1079.1689999999999 963.99 1026.9 1392.07 1302.013 831.524 1172.859 1586.791 886.89 1100.691 855.491 741.765 1048.59 1449.12 1119.71 1385.001 1003.62 927.259 1149.045 813.6400000000001 931.7620000000001 1233.719 1441.7469999999998 526.623 1201.838 1145.637 995.8520000000001 1095.85 1067.974 1187.909 1250.278 1339.34 1035.5 1032.377 752.121 1047.848 749.884 808.817 898.405 635.041 1412.229 673.862 720.259 816.39 1238.896 1038.388 1221.95 1299.477 803.693 902.3779999999999 1352.92 1486.549 1514.676 1592.266 667.774 768.714 975.97 959.35 1051.5230000000001 1085.209 1215.3600000000001 721.269 1039.618 665.201 650.872 886.614 1077.529 295.697 1523.9319999999998 
1020.365 1011.4480000000001 873.779 1309.838 590.828 574.55 1133.328 1107.965 1362.968 1087.58 741.296 1102.296 1072.922 1149.788 641.438 776.92 0 1108.5079999999998 514.117 1186.77 1141.24 890.137 451.774 709.027 1104.96 993.29 689.615 1316.84 953.925 752.495 1336.23 1037.64 1193.501 946.277 1042.631 1289.453 1055.471 915.387 1539.6509999999998 1554.4160000000002 1023.666 594.307 923.755 858.279 787.498 1279.22 993.415 1151.279 1009.016 1164.04 786.468 1032.116 629.8 856.057 893.83 926.7639999999999 712.028 891.856 1234.552 1182.96 1258.262 1149.129 741.665 1187.737 1219.3049999999998 1126.398 1249.818 1019.326 887.653 829.786 851.648 1184.982 1082.987 420.081 1263.35 1095.067 1315.92 1144.5149999999999 1330.924 1071.01 1374.494 1111.17 1270.36 1008.47 1411.195 996.151 742.81 779.603 1220.548 1096.589 999.006 1077.25 1131.29 1179.54 785.837 660.968 691.342 1217.58 1198.298 808.339 1547.33 
1118.243 1199.456 1098.139 911.698 1213.27 632.183 1338.87 910.136 548.226 843.194 1290.46 1239.14 1130.555 1145.21 1005.29 1208.025 1108.5079999999998 0 594.391 1071.676 995.112 1287.046 1087.344 1116.866 1009.38 1067.72 1164.923 698.199 1338.179 1287.672 1151.871 862.3299999999999 952.6410000000001 1272.1709999999998 902.437 1127.211 1076.51 1031.59 1024.59 695.78 1177.368 1138.52 953.748 742.677 1169.977 902.12 845.879 1434.675 1066.649 776.731 1183.8400000000001 955.63 1088.094 1356.324 1176.235 824.151 882.663 1332.566 1033.354 1367.569 757.89 1168.179 1296.749 1230.37 1034.75 787.526 765.336 1048.76 796.355 1211.185 737.021 1025.05 1244.913 1256.431 1538.218 865.881 962.728 1043.317 859.714 1337.406 703.732 713.903 1451.28 1361.548 1345.413 1196.36 1251.2469999999998 1182.353 1195.234 1248.516 1197.815 926.711 607.301 910.7860000000001 1113.062 997.0360000000001 907.271 1001.98 1157.636 1126.232 1452.063 
615.368 642.551 644.824 1277.614 618.879 428.396 1174.507 980.886 1064.167 728.185 696.069 939.18 871.186 1112.344 603.994 939.27 514.117 594.391 0 1150.361 854.066 815.539 492.953 522.475 1060.462 636.24 570.532 802.723 995.104 693.281 925.828 579.342 783.592 677.78 772.474 788.825 822.956 847.597 1027.84 1233.541 659.126 544.129 1007.259 776.168 895.294 1345.862 809.246 1098.6260000000002 862.8620000000001 1233.001 967.2919999999999 885.962 493.703 761.933 1071.0819999999999 412.647 643.798 956.0649999999999 1119.249 838.935 744.145 638.733 933.177 1150.2930000000001 1117.933 612.281 735.701 1058.248 432.783 817.206 539.717 1024.607 654.886 884.427 1174.6460000000002 865.259 1237.984 630.398 823.651 1132.7330000000002 970.967 944.2729999999999 1034.29 767.157 897.078 1157.972 656.856 946.837 706.431 1174.606 603.424 757.412 1066.414 895.335 518.671 1117.71 646.299 845.167 684.181 1024.26 1405.339 
811.25 1579.0459999999998 1291.41 1684.351 1035.7 1105.106 1055.74 552.616 1246.74 1288.87 1562.58 1145.09 1376.853 1394.0839999999998 1303.8780000000002 610.115 1186.77 1071.676 1150.361 0 946.383 1510.026 983.974 1204.34 1155.444 960.356 1269.68 1266.0990000000002 1044.69 1441.086 1423.909 1381.4270000000001 1121.7269999999999 1354.72 1173.58 1191.84 1475.624 1310.44 1217.33 1692.518 1346.454 1183.29 708.598 957.325 1234.83 1633.51 1610.051 1666.503 847.451 937.336 1370.616 982.495 1142.853 1455.29 1513.752 737.714 1609.53 1295.72 683.978 1335.87 1095.994 1483.342 1661.5279999999998 1423.233 1232.83 1243.468 1189.44 1250.426 1359.999 1097.6 1263.51 1149.23 1569.513 1256.367 1330.374 1320.146 1155.67 1022.89 1164.81 1572.946 719.467 1356.6989999999998 1742.522 1541.02 1478.48 1574.7930000000001 1044.06 1138.927 1408.272 1145.98 1337.615 1406.499 1271.175 1079.8719999999998 1361.967 1027.35 1214.07 799.88 1136.16 905.812 1530.15 
1125.851 994.161 1233.181 1384.383 967.063 580.572 1097.87 710.217 847.734 1248.19 1379.01 1207.69 673.839 1379.925 1151.863 838.401 1141.24 995.112 854.066 946.383 0 1200.042 1266.19 996.951 1025.13 599.243 1334.635 724.751 1257.1280000000002 1046.6170000000002 1172.888 716.013 958.978 1199.2130000000002 1097.432 668.024 1341.75 1270.05 969.208 1168.702 985.397 938.404 629.208 1219.466 933.823 1580.535 990.441 873.154 750.575 1200.228 839.4359999999999 428.374 1347.769 812.4 876.427 1082.55 1363.896 1204.47 1242.0259999999998 1111.87 995.01 1041.21 1247.807 1478.888 1189.699 1263.44 1124.368 1339.78 982.568 774.478 1293.058 1075.48 1116.645 922.595 1076.56 491.873 664.514 996.671 1421.5230000000001 1356.549 543.116 654.853 1349.55 1311.23 960.209 1368.11 1163.547 1206.1970000000001 1290.94 981.125 475.568 864.513 971.015 812.289 911.188 1243.9270000000001 932.561 986.187 1172.32 1070.746 1265.797 
1430.9070000000002 867.128 1299.281 1331.8090000000002 1295.35 1155.932 1270.37 963.02 1348.87 1363.38 1236.505 1713.63 1183.98 1160.05 1156.06 1080.576 890.137 1287.046 815.539 1510.026 1200.042 0 908.353 1146.859 1381.67 1202.2 519.402 1618.262 1409.226 759.9540000000001 1511.181 948.467 1463.2 530.676 1227.75 1442.5320000000002 1164.17 1019.917 1085.83 1568.267 1096.164 560.802 977.09 1097.347 1131.01 1536.5 1318.829 1147.518 1328.3890000000001 1112.39 1207.773 872.835 1301.9070000000002 1018.108 1120.363 1228.186 603.978 887.521 1120.296 1114.28 949.594 1076.54 826.977 1575.137 1533.046 1427.82 1115.157 1099.35 906.0989999999999 1254.58 839.385 724.958 989.6120000000001 708.457 743.778 984.834 1251.97 1351.82 1610.55 1217.17 1242.65 1249.24 1692.39 1289.0 1531.369 1790.404 1117.93 1146.962 1140.44 1523.8380000000002 1088.684 1398.37 1411.75 1544.786 1074.213 842.276 641.895 943.662 1361.535 1230.217 1734.986 
1108.321 1111.796 986.964 1406.608 1042.6019999999999 921.3489999999999 681.554 1023.7919999999999 1189.837 1098.46 965.58 1137.73 946.913 790.895 699.146 886.23 451.774 1087.344 492.953 983.974 1266.19 908.353 0 1005.2950000000001 1073.624 1129.193 577.192 959.378 502.151 857.998 1307.885 875.835 1222.828 877.158 990.514 1281.778 1187.1219999999998 998.768 1304.86 1308.13 1152.079 612.862 651.695 666.601 1239.272 1250.77 1224.4450000000002 1227.0430000000001 1166.155 1160.637 1177.9969999999998 837.816 648.078 1254.886 1155.335 513.354 771.812 468.367 822.482 1331.888 1039.0910000000001 697.355 865.27 1245.445 1169.191 1001.152 1018.85 802.269 925.736 749.072 1032.67 733.208 1127.72 871.855 1000.297 921.849 1603.243 864.978 1316.6039999999998 1184.586 1382.3400000000001 1134.407 1151.2 1169.223 1303.56 1447.925 981.656 933.6400000000001 1132.803 1182.011 1096.377 919.818 1300.994 954.262 937.7740000000001 748.3230000000001 741.177 1281.176 957.004 606.746 1628.731 
1039.75 573.009 943.2829999999999 1052.6709999999998 629.516 950.8710000000001 1321.4769999999999 1236.701 816.887 876.988 842.481 1140.984 1210.116 1053.158 962.721 1169.513 709.027 1116.866 522.475 1204.34 996.951 1146.859 1005.2950000000001 0 1138.25 1050.663 1093.007 867.479 900.54 948.608 1319.025 731.292 974.702 849.323 587.455 580.426 786.628 796.169 1428.713 1036.224 954.559 690.812 726.415 752.594 719.352 856.52 481.722 1004.8870000000001 1169.237 1022.5 868.8580000000001 568.577 950.984 1055.781 548.607 935.1220000000001 983.7 771.695 899.734 1276.4140000000002 1105.649 657.388 531.945 1240.559 735.073 1134.7559999999999 991.443 1058.6770000000001 897.867 946.9590000000001 917.996 1013.2189999999999 695.493 909.856 1253.2640000000001 1160.5169999999998 1288.474 712.523 1280.837 610.258 1331.257 765.492 1301.228 1018.684 1288.651 999.344 1179.3310000000001 1060.417 1228.906 1033.989 931.989 820.374 801.542 1047.59 544.1 1014.085 1007.652 1284.6599999999999 912.843 873.816 909.91 
1144.291 1377.95 1267.89 1616.02 1371.8129999999999 1065.325 1021.01 602.828 829.916 1086.24 1456.3739999999998 1391.76 1182.85 1105.68 761.465 762.575 1104.96 1009.38 1060.462 1155.444 1025.13 1381.67 1073.624 1138.25 0 1261.946 1177.693 1139.821 1038.46 1384.02 1109.17 1281.669 1162.414 1447.836 1433.403 1198.79 1377.092 1331.108 1298.446 1531.36 1436.551 1508.771 1036.62 947.6859999999999 1461.3200000000002 1524.73 1467.653 1459.12 1372.089 820.557 1336.558 1075.22 833.706 1244.83 1612.9279999999999 1238.845 1613.565 1366.5880000000002 626.146 1319.0079999999998 1012.7 1228.74 1410.46 1268.253 1017.81 959.845 962.477 1124.1709999999998 1251.1399999999999 1047.6 1127.71 1032.31 1500.009 1060.1 1061.23 1196.57 1141.43 809.266 1088.94 1198.57 1295.8229999999999 982.189 1308.26 1345.97 1453.297 1457.87 1277.422 997.672 1330.094 1347.29 1030.57 1324.778 901.755 719.279 1313.219 901.095 1170.7 807.282 873.027 466.878 1555.272 
544.96 893.481 683.918 936.321 1021.2160000000001 562.102 1371.495 842.857 971.079 881.163 1216.2640000000001 807.318 894.115 917.848 1102.758 1090.7649999999999 993.29 1067.72 636.24 960.356 599.243 1202.2 1129.193 1050.663 1261.946 0 1052.22 1163.924 1115.97 1279.2379999999998 822.3 1024.748 882.329 1101.94 802.3720000000001 615.394 745.378 1132.62 929.695 1116.0720000000001 898.619 1157.232 729.87 1078.777 914.555 1415.469 930.709 889.121 922.585 1112.883 520.969 1019.6679999999999 943.326 691.927 903.864 1048.887 1086.89 1271.56 1146.4969999999998 1234.398 968.055 980.041 895.989 1337.27 790.116 1000.45 876.534 901.228 1069.0230000000001 861.091 1175.9569999999999 1263.874 1015.965 862.413 1080.26 1013.495 601.744 896.435 822.28 1113.786 1142.359 844.464 1447.626 927.212 618.471 1060.7 888.76 1212.3339999999998 1342.671 538.366 466.51 665.238 460.419 1325.464 796.198 1032.186 1282.539 968.096 787.814 795.068 894.255 
1139.12 918.1120000000001 1215.356 1419.585 1079.62 998.9280000000001 1165.301 1069.982 1349.588 1049.96 1112.405 1509.712 1369.138 782.156 1174.526 738.937 689.615 1164.923 570.532 1269.68 1334.635 519.402 577.192 1093.007 1177.693 1052.22 0 1373.255 889.824 792.476 991.779 1149.874 1240.26 964.7570000000001 1334.8790000000001 1359.357 1126.15 500.515 997.831 1374.283 990.81 612.787 1107.084 717.148 1226.978 1213.2 865.208 850.683 1380.374 1253.1109999999999 1063.59 1289.943 782.505 870.125 952.804 983.1790000000001 545.919 1045.559 1015.943 1258.486 719.688 798.188 1205.383 1257.94 1050.31 1142.059 1029.4 1023.231 862.715 1326.2640000000001 794.237 1194.349 795.628 843.05 614.985 981.519 1460.643 977.614 1394.183 1185.978 1285.04 892.879 1292.37 933.323 1099.47 1618.7129999999997 1204.5749999999998 1008.523 1243.383 1377.537 901.116 1101.96 1413.63 1290.47 1089.203 686.277 468.862 1129.208 842.133 710.815 1537.946 
1083.5300000000002 1440.488 881.2 1254.85 1156.35 1122.025 1048.41 763.979 954.777 1198.564 1350.6 1430.018 717.01 1386.4859999999999 1212.504 798.6 1316.84 698.199 802.723 1266.0990000000002 724.751 1618.262 959.378 867.479 1139.821 1163.924 1373.255 0 912.077 1429.62 1142.6 863.576 863.6769999999999 1289.91 937.506 1290.104 1135.8 1211.49 1335.59 1393.9789999999998 890.168 1286.312 1022.5719999999999 1137.469 888.903 1276.55 1150.17 1431.56 687.559 1166.612 656.103 1048.952 1044.71 1148.85 1416.086 841.406 1325.28 1206.42 828.457 1296.9 993.141 1029.34 1399.424 1339.505 950.529 1343.7069999999999 943.325 920.191 1235.5059999999999 1154.598 1342.44 1222.19 1438.958 1374.355 1518.859 914.698 1040.83 780.968 1050.592 1062.76 1026.858 857.538 1124.64 1462.1 1446.229 1444.245 1255.489 1072.26 1493.8980000000001 721.659 795.43 970.059 777.82 420.542 1124.52 964.967 1139.87 1055.2 1114.74 811.833 1312.732 
1049.73 853.065 871.447 1498.315 839.258 1250.742 644.201 1002.11 1090.492 1497.954 1467.731 1350.726 1311.7930000000001 1113.83 1039.49 732.596 953.925 1338.179 995.104 1044.69 1257.1280000000002 1409.226 502.151 900.54 1038.46 1115.97 889.824 912.077 0 1300.865 1213.0929999999998 1045.833 1296.115 1305.759 1156.18 930.241 1543.105 1147.381 1702.5149999999999 1139.03 845.369 1115.013 1000.6089999999999 836.754 901.605 1129.66 997.629 1463.846 1319.008 1412.11 1339.505 828.754 1064.104 1501.04 915.956 658.965 1087.482 970.518 1073.955 1529.574 713.012 470.539 1143.62 1570.132 1109.74 801.072 1324.7820000000002 1142.837 732.567 1251.223 838.545 1187.673 953.183 942.634 1373.495 1053.6 1717.714 1081.214 996.889 1142.75 1102.31 727.813 992.566 1065.22 1562.489 1248.51 815.213 893.739 630.652 992.755 1091.51 1099.64 1353.042 888.233 1105.1680000000001 871.184 987.037 1235.45 1082.99 1028.2930000000001 1402.58 
1247.229 633.029 854.549 759.997 1007.56 717.136 1236.3 1239.6970000000001 1156.17 1421.466 1355.6399999999999 1483.194 1050.241 1399.1480000000001 1166.35 1193.268 752.495 1287.672 693.281 1441.086 1046.6170000000002 759.9540000000001 857.998 948.608 1384.02 1279.2379999999998 792.476 1429.62 1300.865 0 1483.226 1153.94 1203.19 229.278 1291.508 993.936 1255.6979999999999 810.131 1474.6019999999999 1334.1680000000001 834.914 257.796 1244.6680000000001 774.274 598.746 1423.1190000000001 1145.742 995.524 1025.383 1184.945 1112.499 618.243 1186.984 894.019 474.221 976.8029999999999 684.0360000000001 1210.557 963.159 1324.07 958.273 830.326 947.803 1477.01 1416.05 999.955 757.266 877.62 674.346 1118.77 875.0830000000001 1266.17 755.513 870.561 1039.3 875.431 1368.791 1264.12 1299.25 1253.162 1254.009 935.639 1514.76 1191.01 1300.08 1367.8 1171.53 642.358 988.884 1120.72 1189.549 1219.836 1254.09 1217.64 965.7069999999999 802.989 707.615 1081.06 1377.462 1210.2359999999999 1686.479 
1316.854 1357.304 1323.208 1467.78 1469.185 1043.86 1356.9360000000001 1168.18 724.002 1230.15 1236.19 1542.389 1405.45 968.615 1335.202 1092.37 1336.23 1151.871 925.828 1423.909 1172.888 1511.181 1307.885 1319.025 1109.17 822.3 991.779 1142.6 1213.0929999999998 1483.226 0 1228.627 1271.24 1577.4 1334.88 738.599 1408.54 1492.2939999999999 1239.385 1239.277 1584.954 1225.43 715.311 1121.03 1593.183 1396.982 851.951 1464.8380000000002 1381.8 1260.374 1343.269 1235.8739999999998 1227.5 1447.48 1158.25 1338.475 1144.96 1207.39 922.219 1103.985 720.286 1343.955 1400.27 1376.51 1228.786 1334.768 1397.619 1427.113 1257.484 1049.53 1200.77 857.105 1349.976 1166.69 1493.365 1125.39 1424.0439999999999 681.518 1356.328 1047.17 1445.9560000000001 1015.54 876.305 1057.6 1242.76 1642.91 867.23 1027.9 1471.272 834.184 1037.95 1240.23 809.406 1258.237 884.883 1141.86 1044.1 1094.027 657.401 1280.164 1204.656 
915.887 603.767 1148.3049999999998 1096.92 1012.82 720.566 983.854 841.017 815.669 917.965 1158.33 1445.136 999.413 1180.56 1183.336 1050.422 1037.64 862.3299999999999 579.342 1381.4270000000001 716.013 948.467 875.835 731.292 1281.669 1024.748 1149.874 863.576 1045.833 1153.94 1228.627 0 949.111 1116.098 1107.61 556.094 1355.2849999999999 963.751 1279.01 867.064 865.706 1123.471 796.528 722.303 1101.874 1027.45 1184.392 1069.57 1008.69 1099.116 915.706 535.697 974.005 1032.61 1078.5 991.989 991.087 1317.088 1011.4780000000001 1327.6080000000002 705.088 657.302 1045.73 1327.27 1134.19 1038.03 690.928 875.729 1012.125 1021.03 1013.88 847.349 575.382 1268.426 1169.17 1130.336 1316.2649999999999 1108.776 1387.4830000000002 1006.41 697.325 364.931 1105.62 1346.499 1319.996 1445.65 1226.631 556.529 630.322 906.68 760.258 1123.07 1024.679 987.613 1098.013 878.775 788.282 719.862 1120.5819999999999 1077.076 1178.743 
1029.779 1362.644 1169.984 1358.86 602.673 699.697 1409.237 782.276 675.59 1163.95 1339.9 718.468 1198.069 1152.78 828.786 1079.1689999999999 1193.501 952.6410000000001 783.592 1121.7269999999999 958.978 1463.2 1222.828 974.702 1162.414 882.329 1240.26 863.6769999999999 1296.115 1203.19 1271.24 949.111 0 1432.468 1230.509 990.206 1231.15 1077.12 1566.252 1413.852 1158.475 1291.891 767.612 1048.356 922.307 1547.874 1196.85 1423.97 666.338 1130.72 1102.92 1054.531 1011.048 1512.624 1394.717 934.422 1427.3899999999999 1397.702 1083.405 1477.004 1155.008 1295.5430000000001 1337.33 1017.92 1249.0169999999998 1395.873 1404.907 840.739 1107.08 1278.699 1101.64 1449.5079999999998 1240.16 1382.335 1230.77 1026.99 1468.385 1072.168 796.896 1130.99 1049.451 1136.987 1135.63 1228.26 1500.8 996.743 880.288 1239.415 1102.63 1298.567 1295.406 1202.397 1342.748 443.135 1147.17 917.169 1323.452 1337.8449999999998 1318.9859999999999 783.472 1612.415 
1293.1480000000001 669.314 913.805 801.133 1074.87 946.414 1330.05 1026.29 1228.7 1224.72 1331.263 1586.338 1009.03 1283.77 1245.893 963.99 946.277 1272.1709999999998 677.78 1354.72 1199.2130000000002 530.676 877.158 849.323 1447.836 1101.94 964.7570000000001 1289.91 1305.759 229.278 1577.4 1116.098 1432.468 0 1062.23 1212.02 1035.63 789.358 1306.44 1370.453 968.676 351.97 1035.34 1003.552 735.809 1395.92 1094.82 1066.71 1119.557 1051.05 1206.673 770.839 1171.483 902.745 703.499 832.543 470.388 1113.058 1191.1879999999999 1516.715 1046.32 908.554 1171.04 1431.79 1469.79 1229.233 737.851 937.085 853.2360000000001 1247.14 969.2570000000001 1255.634 791.798 641.283 1223.622 1032.91 1403.163 1308.1779999999999 1501.431 1256.921 1348.183 1158.489 1712.07 1185.44 1398.451 1438.63 1209.75 871.636 1218.162 1222.19 1163.808 1143.54 1247.22 1446.9180000000001 1007.039 1032.267 751.318 1300.28 1361.961 980.958 1576.92 
743.651 1160.464 773.09 1021.405 781.6500000000001 735.619 1458.823 1099.403 1123.92 1135.78 1002.06 794.038 754.34 977.375 803.3439999999999 1026.9 1042.631 902.437 772.474 1173.58 1097.432 1227.75 990.514 587.455 1433.403 802.3720000000001 1334.8790000000001 937.506 1156.18 1291.508 1334.88 1107.61 1230.509 1062.23 0 1025.643 560.613 1077.51 1549.7830000000001 1209.13 1130.225 1136.106 1295.814 874.696 1294.638 1286.26 982.917 1056.8600000000001 650.351 1432.393 281.403 819.124 1030.98 933.188 887.127 1019.77 1312.159 950.143 1304.8690000000001 1261.94 1430.258 1105.64 1119.4 1108.134 942.763 1384.529 1394.439 943.126 993.32 833.411 1156.14 1547.502 1129.97 1001.479 1003.32 750.827 893.898 1083.33 1147.801 760.276 1431.3390000000002 1172.5 1401.1190000000001 956.755 1356.573 698.544 972.612 1040.07 1410.85 631.976 645.271 232.919 1254.5929999999998 1118.53 884.423 966.598 1294.568 1447.7510000000002 1394.3590000000002 1004.25 1461.752 
962.695 923.95 1020.0799999999999 1129.4679999999998 1201.5140000000001 1177.496 1133.8 1374.758 578.985 921.987 1233.88 1011.85 938.097 1402.328 1108.02 1392.07 1289.453 1127.211 788.825 1191.84 668.024 1442.5320000000002 1281.778 580.426 1198.79 615.394 1359.357 1290.104 930.241 993.936 738.599 556.094 990.206 1212.02 1025.643 0 1198.09 1136.69 1139.6 500.678 1090.752 958.385 1117.127 1207.658 854.584 1054.453 708.265 952.113 1077.88 1442.917 744.24 967.55 1214.51 1046.52 653.438 1072.34 969.564 1247.15 1258.987 1396.484 790.897 974.5630000000001 1037.23 1546.183 968.45 1168.531 1057.74 1380.692 889.482 1275.5049999999999 1203.6889999999999 1265.558 891.02 1417.251 1371.25 876.764 1217.138 759.888 1065.0259999999998 1190.6840000000002 1211.1399999999999 573.424 1256.1779999999999 1273.2820000000002 768.699 1198.54 1363.742 1112.623 948.486 1112.536 1081.904 942.88 1017.276 869.562 1124.526 1228.266 986.331 1178.605 1364.3580000000002 1332.954 1461.7469999999998 
1105.409 1127.54 1126.7830000000001 747.933 789.028 761.178 1821.993 1302.3600000000001 1378.93 998.365 1042.5720000000001 1017.95 1259.55 1250.664 1028.38 1302.013 1055.471 1076.51 822.956 1475.624 1341.75 1164.17 1187.1219999999998 786.628 1377.092 745.378 1126.15 1135.8 1543.105 1255.6979999999999 1408.54 1355.2849999999999 1231.15 1035.63 560.613 1198.09 0 1144.4 1337.18 1473.084 1165.694 1071.48 1216.08 779.666 1194.0839999999998 1360.29 1204.87 987.519 1195.644 1338.577 842.0160000000001 1218.744 917.063 997.386 1065.36 1061.67 1235.721 1017.4 1268.99 1124.32 1490.929 1361.935 1168.904 743.771 1137.3 1289.499 1052.14 1085.749 1039.52 1168.41 1273.108 1487.658 1250.024 760.004 1001.34 1114.32 1300.132 1241.0790000000002 1044.58 606.206 1461.7930000000001 1552.12 1489.64 1114.824 1127.07 980.696 1276.7579999999998 935.951 1529.3870000000002 961.9 997.6479999999999 654.806 982.363 1446.48 1040.6979999999999 966.496 1252.0 1235.23 1398.722 1193.719 1639.633 
1234.482 964.5049999999999 1241.63 1162.26 1069.008 801.608 939.44 1162.569 1007.41 1337.393 775.037 1432.027 1133.32 1139.616 1220.0169999999998 831.524 915.387 1031.59 847.597 1310.44 1270.05 1019.917 998.768 796.169 1331.108 1132.62 500.515 1211.49 1147.381 810.131 1492.2939999999999 963.751 1077.12 789.358 1077.51 1136.69 1144.4 0 1393.66 1410.455 1188.279 613.22 897.027 1137.4630000000002 1396.7359999999999 1123.1 803.913 1042.92 1011.41 1150.87 1042.8 981.52 1133.882 1068.75 918.041 1096.159 553.814 951.0250000000001 1208.941 1088.35 1220.203 880.825 732.257 1239.53 1180.5549999999998 1265.521 1174.28 865.398 414.814 1243.866 1075.115 862.988 1086.9889999999998 1114.269 855.823 1083.61 1518.86 934.437 1115.44 908.075 1526.475 1010.0 1499.404 756.901 1599.9850000000001 1354.5230000000001 704.06 753.992 1069.134 1217.174 1196.0819999999999 1095.9969999999998 1370.453 1325.725 787.415 727.988 808.667 1404.516 963.172 1127.221 1568.684 
1398.534 1170.62 1613.613 1866.016 1487.7 1116.56 1504.4789999999998 1096.696 1355.583 1112.84 1511.621 1649.12 1522.412 1202.18 1352.1100000000001 1172.859 1539.6509999999998 1024.59 1027.84 1217.33 969.208 1085.83 1304.86 1428.713 1298.446 929.695 997.831 1335.59 1702.5149999999999 1474.6019999999999 1239.385 1279.01 1566.252 1306.44 1549.7830000000001 1139.6 1337.18 1393.66 0 1640.2779999999998 1652.0230000000001 1267.35 1088.912 1112.09 1574.91 1394.2 1527.0720000000001 1107.0 1450.979 1118.105 1268.38 1095.0 1397.451 1398.679 1466.312 1413.241 1280.18 1383.069 829.941 1218.335 989.503 1327.34 1406.9270000000001 1339.16 1489.9180000000001 1190.57 1059.58 1346.87 1280.308 1495.1399999999999 1375.095 836.411 1156.0 1119.57 1111.61 1220.68 880.371 1322.437 1572.32 1242.92 1306.527 1130.583 1512.93 1420.81 1161.06 1936.31 1290.934 1225.296 1554.2350000000001 1366.99 1294.949 1424.57 1390.114 1340.51 907.707 1278.996 1466.693 581.29 828.573 877.162 1026.83 
1184.12 701.139 927.919 1037.307 1299.665 1106.34 1634.478 1511.32 1079.663 850.23 1332.924 1154.83 1324.73 1340.223 1578.098 1586.791 1554.4160000000002 695.78 1233.541 1692.518 1168.702 1568.267 1308.13 1036.224 1531.36 1116.0720000000001 1374.283 1393.9789999999998 1139.03 1334.1680000000001 1239.277 867.064 1413.852 1370.453 1209.13 500.678 1473.084 1410.455 1640.2779999999998 0 1346.94 1180.54 1298.22 1305.809 1290.231 1152.604 1178.847 1239.577 1464.89 1195.85 1244.9180000000001 1304.409 1333.38 1420.615 1006.015 1398.652 1111.83 1495.3870000000002 1430.32 1470.1860000000001 1280.078 736.763 1061.76 1680.3870000000002 1345.881 1266.682 1461.116 1315.08 995.641 1177.26 1233.315 1550.7869999999998 578.655 1446.442 1688.0149999999999 1377.442 1658.5079999999998 1180.88 1163.177 866.878 1399.512 939.921 755.5 886.969 1269.377 1285.68 1526.491 1222.17 1002.04 873.629 1082.19 1381.287 820.196 1370.24 1214.1399999999999 1258.64 1205.78 1499.194 1418.5819999999999 1383.5 1521.38 
1274.4940000000001 803.439 693.572 832.878 1157.413 871.509 1193.33 901.445 1289.268 1387.311 1095.31 1247.1979999999999 466.424 1467.176 1263.12 886.89 1023.666 1177.368 659.126 1346.454 985.397 1096.164 1152.079 954.559 1436.551 898.619 990.81 890.168 845.369 834.914 1584.954 865.706 1158.475 968.676 1130.225 1090.752 1165.694 1188.279 1652.0230000000001 1346.94 0 981.1 951.147 761.241 236.168 1330.61 960.858 1252.892 592.825 1203.26 939.361 557.023 1152.829 858.504 1280.329 1071.773 752.885 959.92 1230.3799999999999 1397.0 1015.67 1114.7469999999998 1209.252 1481.005 1370.434 1071.12 788.733 786.927 816.749 1218.521 1082.211 1146.09 877.841 1065.549 1445.366 734.073 1467.6680000000001 1133.62 1281.5049999999999 973.842 1190.819 967.914 1570.9560000000001 1108.27 1436.663 1127.911 1076.17 1140.94 1115.95 898.182 957.364 1253.317 1332.0480000000002 1185.5639999999999 1147.864 1103.667 794.983 1361.921 1318.08 969.673 1473.22 
1079.29 827.138 851.151 901.716 900.053 595.13 1003.51 1147.62 1308.5300000000002 1272.3139999999999 1136.711 1332.68 792.445 1226.068 1004.86 1100.691 594.307 1138.52 544.129 1183.29 938.404 560.802 612.862 690.812 1508.771 1157.232 612.787 1286.312 1115.013 257.796 1225.43 1123.471 1291.891 351.97 1136.106 958.385 1071.48 613.22 1267.35 1180.54 981.1 0 1095.459 681.783 856.5419999999999 1298.93 887.946 944.482 767.587 1076.18 854.703 857.8000000000001 1037.8319999999999 1090.039 559.561 719.007 426.24 1037.477 1041.109 1307.193 771.267 1043.183 1001.6600000000001 1369.34 1249.69 1156.4099999999999 1015.0619999999999 815.073 501.266 1174.132 617.287 1093.09 704.654 780.3879999999999 871.652 781.578 1444.867 1121.35 1367.78 1210.284 996.213 806.519 1578.4189999999999 1090.91 1257.86 1439.146 1144.565 586.16 874.735 1008.39 1147.5529999999999 1097.83 1185.58 1207.4920000000002 707.911 694.633 449.819 1261.307 1228.31 1193.577 1600.722 
