25
32 11 25 45 22 39 16 20 26 3 37 31 28 17 19 41 35 12 46 23 24 34 44 15 1
0 943.326 1414.604 894.219 817.979 1282.603 1632.775 1414.5729999999999 828.232 1240.297 1026.73 937.161 1346.629 1241.6100000000001 799.647 1407.9360000000001 895.989 894.115 1110.55 686.534 1060.375 1402.438 1509.976 754.008 1728.5230000000001 
943.326 0 1428.386 1333.38 792.559 1550.623 1231.46 1342.29 1404.286 405.139 707.269 1511.944 1229.2359999999999 1176.88 1112.4759999999999 1465.771 973.712 1375.937 804.422 868.036 1067.45 716.524 1195.66 886.127 1565.13 
1414.604 1428.386 0 1606.0520000000001 1014.82 1267.88 1530.036 1318.464 1661.819 1436.175 1510.257 1577.1399999999999 1683.453 815.346 1322.598 1233.126 893.776 521.268 1299.74 812.899 1336.4859999999999 1124.79 1309.37 1277.88 1122.74 
894.219 1333.38 1606.0520000000001 0 1294.46 778.923 1425.55 578.655 1403.5990000000002 1311.01 1393.835 1033.92 1476.752 790.706 1334.38 1080.57 1496.0349999999999 1604.6109999999999 1296.38 1319.23 1664.19 1453.03 1285.68 1179.45 1892.583 
817.979 792.559 1014.82 1294.46 0 1307.615 1750.913 1323.163 1284.983 1039.99 507.983 1589.271 1484.142 830.008 773.016 698.743 1067.4 1374.837 1319.093 1147.598 1282.363 1351.375 1321.32 1292.96 1844.169 
1282.603 1550.623 1267.88 778.923 1307.615 0 1719.5700000000002 1357.578 951.286 1332.2350000000001 921.126 860.378 1017.89 1236.032 1220.79 818.35 1782.788 1273.18 1569.38 1421.876 1401.97 1020.85 1570.13 1721.4650000000001 1563.76 
1632.775 1231.46 1530.036 1425.55 1750.913 1719.5700000000002 0 1715.545 1268.12 1394.9940000000001 1728.382 1460.5880000000002 1489.717 1252.32 977.897 1072.73 1511.938 1121.86 1892.991 989.878 1455.533 1482.509 1611.13 1163.17 1331.54 
1414.5729999999999 1342.29 1318.464 578.655 1323.163 1357.578 1715.545 0 1562.137 1185.76 815.18 1312.492 898.097 503.118 1084.4 954.611 1071.813 1317.023 1530.284 1321.933 1433.658 874.375 1351.02 1234.39 1694.1879999999999 
828.232 1404.286 1661.819 1403.5990000000002 1284.983 951.286 1268.12 1562.137 0 999.1469999999999 777.0 1764.909 1381.846 1370.364 656.968 1320.782 1491.2530000000002 1609.37 1553.6260000000002 1374.994 1466.032 687.762 1638.73 1582.24 2117.108 
1240.297 405.139 1436.175 1311.01 1039.99 1332.2350000000001 1394.9940000000001 1185.76 999.1469999999999 0 1112.408 1318.681 824.097 1050.19 1148.291 1246.596 1255.278 1387.745 1083.62 1027.289 1219.6860000000001 311.385 1595.525 1291.266 1745.1999999999998 
1026.73 707.269 1510.257 1393.835 507.983 921.126 1728.382 815.18 777.0 1112.408 0 1185.59 1096.2 793.003 750.485 758.502 1162.82 988.989 1404.495 1468.511 1342.1219999999998 1423.793 1763.625 1593.396 1824.327 
937.161 1511.944 1577.1399999999999 1033.92 1589.271 860.378 1460.5880000000002 1312.492 1764.909 1318.681 1185.59 0 1369.135 1603.824 1113.25 912.801 1241.467 1624.659 1904.496 789.696 1082.8809999999999 1343.804 1628.68 1691.1689999999999 858.663 
1346.629 1229.2359999999999 1683.453 1476.752 1484.142 1017.89 1489.717 898.097 1381.846 824.097 1096.2 1369.135 0 1401.215 724.878 785.399 1327.828 1497.257 997.686 1216.929 773.067 1135.482 1699.2179999999998 1522.453 921.103 
1241.6100000000001 1176.88 815.346 790.706 830.008 1236.032 1252.32 503.118 1370.364 1050.19 793.003 1603.824 1401.215 0 1255.32 893.371 889.951 813.905 1463.037 1477.9009999999998 1031.71 1361.575 1189.97 1685.51 1191.07 
799.647 1112.4759999999999 1322.598 1334.38 773.016 1220.79 977.897 1084.4 656.968 1148.291 750.485 1113.25 724.878 1255.32 0 663.814 980.584 1270.149 965.089 718.026 809.064 1344.73 1013.14 1331.308 1460.14 
1407.9360000000001 1465.771 1233.126 1080.57 698.743 818.35 1072.73 954.611 1320.782 1246.596 758.502 912.801 785.399 893.371 663.814 0 1472.613 711.858 1628.903 1204.17 583.62 1005.5409999999999 1550.076 903.115 1706.502 
895.989 973.712 893.776 1496.0349999999999 1067.4 1782.788 1511.938 1071.813 1491.2530000000002 1255.278 1162.82 1241.467 1327.828 889.951 980.584 1472.613 0 1415.0439999999999 1359.749 846.428 1418.2649999999999 943.893 1737.8159999999998 1145.0 1928.768 
894.115 1375.937 521.268 1604.6109999999999 1374.837 1273.18 1121.86 1317.023 1609.37 1387.745 988.989 1624.659 1497.257 813.905 1270.149 711.858 1415.0439999999999 0 1477.866 1034.79 815.218 1076.36 1020.72 1306.04 1644.008 
1110.55 804.422 1299.74 1296.38 1319.093 1569.38 1892.991 1530.284 1553.6260000000002 1083.62 1404.495 1904.496 997.686 1463.037 965.089 1628.903 1359.749 1477.866 0 1114.8 1317.58 941.4 1204.82 1173.74 1511.15 
686.534 868.036 812.899 1319.23 1147.598 1421.876 989.878 1321.933 1374.994 1027.289 1468.511 789.696 1216.929 1477.9009999999998 718.026 1204.17 846.428 1034.79 1114.8 0 1148.058 715.904 1492.23 1246.319 1112.35 
1060.375 1067.45 1336.4859999999999 1664.19 1282.363 1401.97 1455.533 1433.658 1466.032 1219.6860000000001 1342.1219999999998 1082.8809999999999 773.067 1031.71 809.064 583.62 1418.2649999999999 815.218 1317.58 1148.058 0 1358.2640000000001 1753.819 859.746 1694.17 
1402.438 716.524 1124.79 1453.03 1351.375 1020.85 1482.509 874.375 687.762 311.385 1423.7930000000001 1343.804 1135.482 1361.575 1344.73 1005.5409999999999 943.893 1076.36 941.4 715.904 1358.2640000000001 0 1284.14 1516.95 1828.254 
1509.976 1195.66 1309.37 1285.68 1321.32 1570.13 1611.13 1351.02 1638.73 1595.525 1763.625 1628.68 1699.2179999999998 1189.97 1013.14 1550.076 1737.8159999999998 1020.72 1204.82 1492.23 1753.819 1284.14 0 2081.7870000000003 1639.54 
754.008 886.127 1277.88 1179.45 1292.96 1721.4650000000001 1163.17 1234.39 1582.24 1291.266 1593.396 1691.1689999999999 1522.453 1685.51 1331.308 903.115 1145.0 1306.04 1173.74 1246.319 859.746 1516.95 2081.7870000000003 0 2138.327 
1728.5230000000001 1565.13 1122.74 1892.583 1844.169 1563.76 1331.54 1694.1879999999999 2117.108 1745.1999999999998 1824.327 858.663 921.103 1191.07 1460.14 1706.502 1928.768 1644.008 1511.15 1112.35 1694.17 1828.254 1639.54 2138.327 0 
