101
63 111 82 152 133 33 119 191 173 175 163 13 181 90 142 6 110 148 109 132 30 117 165 41 69 128 157 150 54 9 23 169 12 162 2 80 107 190 146 78 153 134 161 67 120 183 55 176 184 93 164 136 48 140 8 72 95 94 171 92 36 18 89 87 160 180 53 97 52 114 172 15 68 47 127 71 65 73 126 58 83 39 70 32 108 79 199 196 154 124 59 29 45 86 156 131 7 44 42 166 187
0 898.38577 773.21676 885.50833 444.75302999999997 918.50857 431.02784 752.04255 625.41186 577.63137 754.31979 205.66478 515.13206 757.4925900000001 511.68417 794.25248 330.76565999999997 631.74441 510.02395 737.8952999999999 727.10384 676.0 851.72421 607.06813 645.65393 511.77534 880.96829 602.30391 1035.45594 449.04009 552.93437 753.00455 806.86182 229.47315999999998 807.02198 1071.13771 729.18094 752.1349700000001 628.2396799999999 460.37919 223.9433 895.9185200000001 682.10265 273.24614 298.28521 681.90877 1020.48469 933.11234 769.82142 727.00825 572.72007 623.36215 69.46222 701.52192 363.06401 575.17736 733.3870999999999 221.43396 602.20013 890.44932 370.30723 301.69394 1001.3043700000001 387.57193 707.1386 693.48756 846.79457 967.37273 490.14845 596.80483 378.77715 685.20435 270.9581 217.16584 802.94769 557.63047 667.70802 597.1923899999999 849.1484 756.72518 918.10076 621.12252 169.74841999999998 245.59265000000002 839.96012 632.47309 127.73651999999998 323.28144 868.00922 491.05804 249.62786 251.60594999999998 225.74322 190.21935 212.69155999999998 590.42934 227.03524 747.42826 219.50445 569.23142 200.38204 
898.38577 0 985.37498 166.54388999999998 842.66094 553.6759 609.3304400000001 436.96339 384.28245 596.21739 162.52077 788.58019 734.9616199999999 169.31035 568.83784 114.01754 570.20172 887.76304 946.77371 171.17243 362.82916 551.21774 405.12344 307.22176 331.83191 701.22736 681.76066 858.11479 329.12308 576.75862 762.46119 215.67568 185.29867000000002 750.99467 454.96493 488.85683 482.91718 331.62394 338.23494 468.15809 937.08057 319.54309 464.6687 669.7021 822.54483 737.76887 355.6985 793.40091 869.11925 259.65996 349.79423 489.93386999999996 962.7066 628.34593 578.66225 423.33202 633.8809 1022.6881099999999 344.05874 957.19555 535.42133 669.64543 350.23939 535.48483 390.53688999999997 406.04433 556.55594 310.1318 555.84103 422.2144 601.06879 904.07632 741.88801 711.40003 971.82817 804.97081 652.39274 612.36878 787.5565 659.67416 663.74798 405.47026 788.56642 699.38167 139.76961 342.74716 824.3814299999999 633.24245 357.14563 719.41803 800.12562 973.2792099999999 695.20141 815.73035 794.3875899999999 958.7682199999999 673.93214 261.84346 804.53216 421.71673 834.17206 
773.21676 985.37498 0 1006.79491 328.72633 548.01916 992.55026 1173.10912 1013.88073 409.37147 841.88186 580.90087 315.63428 828.01685 469.77441 953.07922 704.03457 154.92201 284.176 916.96238 1101.85155 434.29138 632.31339 750.0249 670.48192 343.00583 399.94125 186.29901 857.23742 505.332 273.22546 1006.0330200000001 1016.3778 755.15892 1191.88797 760.15274 1183.4955 1092.4715899999999 692.94228 872.9237499999999 653.26677 730.98564 1131.9068 604.93388 495.89122 247.63077 868.0939900000001 350.87254 208.62685 786.30783 866.45367 1093.5962 764.9840300000001 370.86704 873.57 990.58064 373.35488 635.92875 689.43745 171.71273 751.86435 569.93327 840.4849 845.55792 595.25411 579.33065 495.20285 834.6490699999999 1011.50268 584.2953 890.75361 96.42614 714.04482 637.97607 50.21952 242.22172 336.78628 387.52662 272.63529 347.92422 450.95037 596.33057 854.20197 797.89536 850.12587 670.49012 841.01629 651.80729 681.6458 343.14574 527.97492 675.3298799999999 817.20071 665.69062 660.37583 243.9829 705.74925 723.5319 579.49633 981.36894 748.0889400000001 
885.50833 166.54388999999998 1006.79491 0 851.0364500000001 589.3978099999999 581.0158 395.7335 353.43607 608.55978 175.94113 781.75252 747.5741899999999 182.54410000000001 582.57533 91.58603 560.60212 902.25803 956.28029 166.04376 359.81167999999997 573.69417 448.04379 320.45551 344.44448 713.83993 713.40381 874.4787 380.26595 590.11477 772.69917 205.58603 113.54735 737.23605 356.35937 530.72121 445.34548 285.40439000000003 332.93993 449.32052 930.4090000000001 374.36870999999996 426.25488 662.96983 833.0010299999999 762.9301800000001 367.73334 826.35985 892.90817 261.33879 329.98905 451.164 950.92797 650.39752 576.5646300000001 391.9005 660.50531 1017.90162 357.29249000000004 984.62733 522.34854 667.42265 342.18708 515.64381 413.71593 443.22739 589.18062 348.40961 533.4095199999999 436.29964 578.26119 924.95551 729.30104 704.55802 995.04399 819.83064 675.48689 627.09648 817.09071 686.12098 701.7739799999999 419.55548 769.92013 682.10977 183.36608999999999 355.98091 805.82305 626.13098 406.34258 730.95896 798.78971 966.11008 677.56992 807.73903 786.17029 971.93233 662.10724 339.13804 805.25225 390.94373 821.08465 
444.75302999999997 842.66094 328.72633 851.0364500000001 0 598.14875 690.84734 919.24425 759.81708 278.93201 683.92841 252.17454 133.96268 676.51305 298.17656999999997 776.69155 412.40393 190.51772 245.07394 726.52942 858.09167 372.35356 597.64297 571.98384 511.66102 160.60841 509.18066999999996 162.01235 827.88707 269.69056 206.15114 803.23143 824.32275 429.8395 950.22744 798.59878 920.72145 860.2685200000001 518.09652 598.16135 332.54323 681.14389 867.51799 295.57402 330.51344 299.52599 825.86742 526.80167 367.75801 633.35736 625.54322 820.12499 445.0719 350.51797999999997 574.22254 726.47161 373.35506 346.60130000000004 520.64431 451.02772 467.72124 262.17933 802.5842700000001 556.17833 493.40146 478.76444 524.30691 780.48703 720.29831 430.90478999999993 590.05898 255.5573 389.39055 341.91305 363.11876 175.06104 308.50608 277.35356 469.02238 397.52855 559.34347 443.30125 527.52441 488.71326 727.4930899999999 506.44570999999996 512.28996 347.92858 638.27864 133.70116 199.24859 353.83612 502.79796 341.19701 331.6495 159.86244 390.43693 604.2380899999999 251.73268000000002 721.24262 419.36261 
918.50857 553.6759 548.01916 589.3978099999999 598.1487500000001 0 890.54079 902.76333 777.9019499999999 347.17662 464.14222 722.64514 465.41379 449.02116 411.58839 581.62973 652.65396 527.57881 664.51685 574.50406 818.76152 244.56083 152.82016 484.24066 385.67850000000004 453.61828 168.78296 510.99801 344.14332 475.95011 453.65313000000003 675.74033 649.56909 822.1747 892.37147 280.54513 935.31567 788.88592 419.76184 728.99476 871.16531 246.47452 893.12597 649.19951 691.8430099999999 359.16879 348.26474 301.34826999999996 416.94124 425.49675 637.24799 881.88718 956.66974 247.63077 786.4636 778.3647100000001 226.6848 918.41317 439.13295 456.32664 666.27697 622.17092 328.4799 755.5925 273.37778 271.93723 151.08350000000002 322.89937 867.02076 378.67905 812.67029 503.1471 781.5437900000001 704.55163 514.55709 488.45164 289.64267 334.61172 285.17538 243.62911000000003 116.81181 360.47987 903.96571 809.37568 418.90735 408.21109 916.37491 657.65112 197.10854 474.01688 697.8465699999999 903.24738 822.51568 800.54044 783.84559 636.76224 728.84086 340.42473 735.98834 770.37394 868.2921 
431.02784 609.3304400000001 992.55026 581.0158 690.84734 890.54079 0 329.33887000000004 240.22698 641.3873 527.96599 472.82515 678.12462 537.48449 558.93788 498.99289999999996 291.69954 849.41038 788.2012 441.1009 340.5152 695.59255 758.27765 454.01936 515.45772 657.7801 922.20676 814.7246299999999 858.24239 504.56984 721.95429 405.91871 473.57610999999997 322.63701000000003 389.27882 958.78517 306.13886 367.32142999999996 479.08579999999995 169.85288 546.25581 751.45209 257.28778 395.27332 568.60004 808.2956899999999 833.17465 1011.80285 936.80788 521.00864 289.18435 196.95685 500.49006 766.13649 119.28118 252.94644 788.4321500000001 640.93146 460.86834 1061.0242 248.31606 430.27303 820.29873 161.92006 633.90436 627.73898 832.14446 782.66532 125.82725 537.80532 103.81973 896.42504 335.57160999999996 385.60083 1009.58011 752.86121 745.90754 664.86757 951.60724 819.91219 941.27089 544.21044 315.01333999999997 236.48467 627.01567 532.33461 357.02523999999994 346.24343 749.26379 650.57688 518.58365 570.44632 220.16609 426.23233 414.43546 850.65681 308.79931999999997 585.31359 482.25512 190.21304 403.10221 
752.04255 436.96339 1173.10912 395.7335 919.24425 902.76333 329.33887000000004 0 245.45279 770.87612 451.46371999999997 744.97383 864.18748 458.57388 703.43804 348.42072 530.69299 1040.80476 1032.3849500000001 355.66476 176.87092 789.5719 752.8521 451.48351 546.10347 834.12068 988.42459 1006.73035 756.78861 671.74765 904.41148 331.26328 335.49289999999996 616.46712 158.13591 900.69002 141.66775 217.74117 519.51292 341.63388000000003 850.68436 701.23106 72.27724 642.2227 828.47148 947.52414 726.21553 1095.25979 1087.58908 478.43235 306.86316 132.38202 821.50477 865.52932 393.93527 239.80641000000003 886.10284 947.8132499999999 506.85402 1201.46744 479.52339 668.82919 723.11064 385.70974 691.0320300000001 665.80252 872.47923 687.10552 266.1148 610.48178 401.75607 1078.22864 631.39963 655.25033 1177.75592 944.04714 867.69234 798.58645 1058.17095 918.54287 988.11184 615.81542 595.2676100000001 547.2070900000001 516.9235199999999 534.2827 637.0522100000001 604.22179 745.0809899999999 839.14361 784.91401 881.13455 531.2560599999999 724.79307 710.31275 1071.89272 589.6740599999999 562.3386 766.18481 253.30697000000004 700.34458 
625.41186 384.28245 1013.88073 353.43607 759.81708 777.9019499999999 240.22698 245.45279 0 635.54098 335.00149 594.70497 707.07859 414.92819 557.41048 311.16985 364.74331 880.40275 866.87542 315.42113 104.47966 643.1664000000001 647.9716199999999 300.08332 404.1458 673.91299 845.75722 846.74288 672.02158 511.53996 743.3068 243.04271 239.88871999999998 483.0334 196.61543 798.49108 171.82549 127.09445 368.11273 179.59675 711.5275700000001 594.1172899999999 176.10841 487.49359 673.7649 791.15738 643.60935 950.75989 935.04998 382.82817 298.92822 113.07077 694.87408 713.67289 262.68289 51.62364 735.04558 806.29799 404.24670000000003 1051.94635 306.08005 510.43903 635.5517600000001 243.83873 520.1048 525.5771500000001 735.39105 601.39218 253.26396999999997 459.30818 274.44672 918.68874 491.0 514.02165 1019.48271 783.88583 726.60882 657.44197 907.89041 768.54993 849.9926599999999 464.74054 481.59155 412.23007 444.94854999999995 435.38221 519.0098 437.1449 643.48327 678.90058 631.80539 743.03297 400.00368 583.27781 564.79731 912.7831 438.79940999999997 466.73442 613.08782 56.51548 566.40357 
577.63137 596.21739 409.37147 608.55978 278.93201 347.17662 641.3872999999999 770.87612 635.54098 0 436.60967 377.48642 150.23315 427.38741 84.5281 547.64678 359.50083 293.96088 369.68771 508.75915 697.2141799999999 102.61579 319.67796 343.40337 265.34694 158.77449000000001 310.52842 313.81317 549.00729 172.56527 166.2438 596.66155 618.92791 492.19485 785.31673 526.92504 786.01855 684.22726 284.70335 492.06605 527.28086 408.71261 735.56599 318.84549 406.58019 177.23431 559.20458 381.29254 422.38133 387.04328000000004 475.88317 703.66272 617.30702 181.6411 522.1061199999999 596.89614 160.96686 574.19596 319.93632 433.81332 393.07124 285.59062 524.32239 483.36529 218.2132 199.83243 272.3417 502.29872 641.33065 176.2328 545.09907 343.04312 453.83152 370.09864 408.44706 230.11431 202.29887 195.38837 314.68238 194.98156 344.704 307.90712 586.83104 500.19596 465.72631 262.63882 591.30111 341.16013 359.34663 145.23085 351.16484 557.3201200000001 515.70728 466.50889 452.57199 375.00414 411.0502 344.03368 394.83904 598.96996 528.43637 
754.31979 162.52077 841.88186 175.94113 683.92841 464.14222 527.96599 451.46371999999997 335.00149 436.60967 0 630.73045 574.73646 178.70759 407.07483 166.27699 423.55755 730.50736 784.8726 170.47158 370.29236 407.59048 312.97013000000004 149.37202 253.43449999999999 544.64299 568.96397 710.07824 341.97508 414.23785 602.85347 215.89999999999998 237.55812000000003 609.90655 462.42812999999995 463.90732 479.55187 326.63894 217.40143 358.11311 782.66787 259.1158 506.22256 511.85236 666.83603 605.44749 315.41243 682.1626100000001 727.35602 270.28935 404.68001000000004 448.07225999999997 817.23802 486.61579 463.18139 375.44084999999995 502.38032 866.02127 308.02387999999996 826.39743 396.1376 511.05577 304.24497 415.47322 320.44998 380.28579 444.95618 266.39069 510.59917 262.8802 491.11687 753.01062 595.24042 567.9326599999999 828.96561 647.50599 516.25108 461.01399000000004 661.08471 526.9112 560.71887 314.02923999999996 659.09787 563.03463 179.52958 180.27756 689.70349 528.03854 308.48177999999996 560.08383 640.40612 818.90321 564.29957 664.48853 642.20262 799.4340199999999 527.28455 305.59715 648.15955 367.62274 689.71371 
205.66478 788.58019 580.90087 781.75252 252.17454 722.64514 472.82515 744.97383 594.70497 377.48642 630.73045 0 309.46728 637.70636 358.5857 706.32898 240.07147000000003 439.42271000000005 330.80054 644.50344 698.89648 478.29907 667.6815300000001 481.35843 513.7273 321.47078 680.01712 407.47024 870.92113 261.47346 371.50201 683.22371 724.48522 183.91036 788.2807700000001 887.83005 740.1394200000001 711.96138 486.88063999999997 421.15137000000004 159.01258 725.2431899999999 683.30822 118.87809 105.68349 484.55039 863.6769899999999 727.5932700000001 568.96397 595.24455 490.86987 629.37542 255.3424 512.14738 364.61303000000004 551.58408 530.27211 237.44147999999998 462.95797 694.82898 289.92198 156.2144 846.5982899999999 362.98076000000003 539.87166 516.3498999999999 649.1440299999999 809.07048 511.17218 429.4547 369.00542 495.37753 142.42542 89.73851 611.11627 362.56673 470.13548 394.0774 644.5269800000001 558.00825 716.1022399999999 450.17774 284.3494 241.74813 706.2116100000001 470.61662 260.27101 162.00309 693.3007299999999 321.43668 53.85165 194.83326 259.04826 89.02247 111.49468 405.52511 186.8994 593.87288 106.33574 544.10951 171.48458 
515.13206 734.96162 315.63428 747.57419 133.96268 465.41379 678.12462 864.18748 707.07859 150.23315 574.73646 309.46728 0 567.1196699999999 171.09354 679.62122 389.15421 177.4619 219.47977 639.83718 795.65068 245.61372 469.91111 459.20637 403.12971 33.73426 383.48142 196.76033 696.77902 196.10729 100.62799 714.8055400000001 737.4308000000001 466.93806 887.78645 664.6360999999999 871.77291 792.0831199999999 415.78138 559.29476 430.44744 558.9457600000001 822.52954 299.81661 298.05178 190.22039 708.3150499999999 420.3451 292.07210999999995 524.82605 561.81475 780.83796 534.26362 219.4261 558.86045 677.95649 243.70145 467.71406 415.12116000000003 405.74940000000004 436.35421 262.48809 674.5555400000001 530.16786 368.2567 350.06557999999995 393.21502999999996 652.53187 695.93175 318.96172 577.57495 225.67674 430.72899 340.64871 331.56749 79.88116 177.4142 254.36153000000002 335.0597 266.43667 428.6642 329.66953 564.81501 495.86761 613.8613700000001 397.89081 561.02414 340.44872999999995 509.57978 28.17801 266.82204 466.68278 514.32674 398.48975 386.02072 224.77099 401.99129 483.17947 319.30613 668.73762 478.02615 
757.4925900000001 169.31035 828.01685 182.54410000000001 676.51305 449.02116 537.48449 458.57388 414.92819 427.38741 178.70759 637.70636 567.1196699999999 0 400.28115 141.43953 426.80792 721.3482899999999 778.3658 185.44774999999998 381.61252 395.79035 296.99163 239.28913 164.85669000000001 533.38541 556.84757 693.4983400000001 330.94738 410.80111999999997 593.63121 227.22016 209.61988 613.95928 473.74829 455.2226 506.38137000000006 341.86693 171.25972000000002 367.63161 787.24683 265.00927 460.20213 518.82827 658.60994 580.38608 304.0333 670.37527 715.55573 283.06813999999997 379.84254999999996 493.69499999999994 819.1806200000001 474.81566 530.14459 386.77389000000005 492.99117 865.56658 174.74839 811.56633 401.10971 531.27361 297.83651000000003 423.52096 253.05625 262.16695000000004 430.33243 255.59798 488.98364 255.2392 500.63537 742.81963 598.34259 569.29623 816.83842 638.89357 495.58583 446.01009 647.7075 523.58678 546.09512 238.49504000000002 665.11503 569.12459 97.08245 174.04597 695.10359 482.4987 303.37199 552.44283 640.11814 819.37781 570.27186 666.06689 643.6206199999999 791.40382 530.45735 225.54025000000001 647.00309 378.95578 693.06731 
511.68417 568.83784 469.77441 582.57533 298.17656999999997 411.58839 558.93788 703.43804 557.41048 84.5281 407.07483 358.5857 171.09354 400.28115 0 509.15616 274.97273 341.11582 378.08465 473.27039 632.49548 187.14389 388.90581 288.11283 293.21624 137.56816 389.5138 333.05773 580.98661 243.58747999999997 203.93136 544.42998 570.68826 413.05697 724.36185 581.8109199999999 715.04159 623.70506 256.54200000000003 442.23474 468.55249000000003 425.06 663.97364 239.70761 367.47398 261.55533 567.04321 465.70055 459.88699 360.46403999999995 396.69132 628.33908 546.39546 266.1692 440.39738 523.92247 245.49496 537.18353 314.44954 510.90606 311.3625 210.58253 542.90774 405.17615 302.7413 212.65935 339.82495 530.9008200000001 584.6855 147.86818 463.97312 375.48102 375.89908 294.51833 475.1947 249.39392 272.17226 110.86027 398.76058 274.1423 420.05952 326.20075999999995 504.92146 423.81404 457.37996 226.79727 513.01671 256.63203 388.00129 164.47541 342.43850999999995 501.88146 432.14002 395.90632000000005 373.43411000000003 395.86453 328.28341 326.71169 334.77422 514.44186 465.00152 
794.25248 114.01754 953.07922 91.58603 776.69155 581.62973 498.99289999999996 348.42072 311.16985 547.64678 166.27699 706.32898 679.62122 141.43953 509.15616 0 480.66192 841.18963 883.38729 74.45773 268.22565 526.11653 428.80957 246.16723 288.91997 646.72432 688.1199 814.15925 409.21087 507.00099 713.08752 114.0 71.28113 645.85834 360.36141999999995 553.39046 394.46270000000004 229.94826 295.323 357.73449 841.37982 359.53859 365.15339 587.45089 741.415 707.97528 379.00132 799.74058 845.01162 169.75276 238.40302 382.70498 859.94596 604.09436 514.5621100000001 310.96849000000003 616.59144 930.8159099999999 305.11154 942.80698 431.22616 582.00086 374.90265 424.05778 370.41058 382.76919 563.24455 338.74546999999995 441.82349 371.5979 490.55278 866.2900500000001 638.86045 630.6345 945.40586 754.80991 619.6491100000001 569.73169 781.02625 645.88699 677.44372 359.15595 678.54035 590.52374 171.45989 285.57486 714.23702 560.35388 403.84205 661.50813 713.8568399999999 876.99544 588.83852 717.58825 701.91326 904.17089 571.72493 247.55201 718.35975 308.77986 729.9768899999999 
330.76565999999997 570.20172 704.03457 560.60212 412.40393 652.65396 291.69954 530.69299 364.74331 359.50083 423.55755 240.07147000000003 389.15421 426.80792 274.97273 480.66192 0 562.07186 516.81735 410.02756 469.22297000000003 433.11546 553.19888 313.7794 332.27265 376.3994 659.29493 529.78171 717.8433400000001 251.30522000000002 432.94572 443.71387 492.11482 188.80943 554.30136 772.40469 515.17974 477.79268 308.05041 196.3141 372.81899 580.40085 458.41575 126.89838 313.08679 536.5280600000001 700.14111 740.67328 656.61097 413.04205 269.40264 408.86183 397.26019999999994 512.14077 194.47673999999998 320.9299 515.50461 463.93965 277.68327 773.9950699999999 65.44185999999999 152.59423 679.7644700000001 159.25551 408.82515 443.72275 588.93888 644.765 309.71277 299.41256 194.35915 607.60843 171.68628999999999 150.33296 720.7217 464.49112 495.30372 385.833 673.7333100000001 549.1150299999999 695.03225 319.18803 264.7279 162.17669 522.25599 301.76315 288.84555 160.14469 567.03072 361.19939 271.27293 409.05433 169.88065 247.29335 225.56817 570.54798 103.73042 427.08274 257.80724000000004 312.27072 266.34038 
631.74441 887.76304 154.92201 902.25803 190.51772 527.57881 849.41038 1040.80476 880.40275 293.96088 730.50736 439.42271000000005 177.4619 721.3482899999999 341.11582 841.18963 562.07186 0 265.09738 802.17178 971.52614 345.0058 562.74948 629.22865 559.27989 207.03864 388.39799 34.82815 796.86511 369.06639 137.5936 884.6536 899.14237 612.06944 1062.30881 726.25684 1048.55811 964.51024 578.66423 734.14168 523.06095 660.74018 996.38597 460.83077 340.96921 173.65771 802.2734800000001 375.29855 220.55476 679.19953 735.04558 955.69936 634.20186 292.89234999999996 730.25064 855.385 300.89401 532.77293 569.92807 262.70491 610.7454299999999 424.12852 777.15129 704.55908 504.50122 486.70140000000004 449.0665 764.76728 870.1678 470.19368 747.49314 108.35405 572.5167200000001 489.94898 172.60104 97.58074 250.88045 275.39426 322.49383 293.22005 440.19314 483.33325 712.50848 655.6935900000001 754.91059 555.69866 699.12088 506.44249 612.68979 203.03941 389.76631 544.35384 674.6396 527.77603 518.96146 250.85087000000001 562.30786 625.91958 440.42525 845.85676 608.32886 
510.02395 946.77371 284.176 956.28029 245.07394 664.51685 788.2012 1032.3849500000001 866.87542 369.68771 784.8726 330.80054 219.47977 778.3658 378.08465 883.38729 516.81735 265.09738 0 834.54458 965.76032 452.72619 680.00956 658.11017 618.94714 250.74489 566.70639 233.20694 914.15983 377.6748 213.24165 906.4706 932.19365 511.42253 1057.89609 866.89164 1025.40967 968.00342 625.1916200000001 703.27804 369.09077 769.92725 972.6346800000001 394.60993 332.38297 322.87347 914.24833 571.5735099999999 377.87883 738.54869 733.27812 924.447 485.58418 416.88608 673.25845 832.52988 438.56831999999997 351.75275 609.86064 433.43649000000005 570.08771 382.99273000000005 890.3189 657.69066 587.72757 569.30914 593.27454 871.02985 820.93883 525.95283 685.08457 278.90478 473.22596 404.46755 329.39381000000003 193.75606 395.8971 366.97519 461.99911 442.28372 601.57959 546.92453 604.90111 567.45132 828.8730499999999 604.88192 584.13183 446.42581 725.34314 231.21272 346.07099 391.15387999999996 587.30075 419.82301 406.10959 85.2115 488.82066999999995 699.32682 324.49961 826.35931 486.57579 
737.8952999999999 171.17243 916.96238 166.04376 726.52942 574.50406 441.1009 355.66476 315.42113 508.75915 170.47158 644.50344 639.83718 185.44774999999998 473.27039 74.45773 410.02756 802.17178 834.54458 0 269.16169 497.26989 422.64051 271.82127 248.22973 606.10292 673.82363 779.5547200000001 439.87877000000003 456.86978 668.0648100000001 120.10104 145.73886 588.7793899999999 357.26424 571.93793 395.95169999999996 235.97669 224.0558 296.99832 781.60092 382.06804999999997 385.39881 533.36453 684.94671 674.51983 412.3345 784.63653 813.26201 150.90394 285.04074 371.22188 799.99979 575.40421 482.25611000000004 263.79749 591.84493 871.25216 286.26272 915.87594 415.80368 524.67609 403.37382 437.89629 347.90803 358.02235 552.2354799999999 365.54753 449.48438 332.72962 429.92325 828.7168300000001 578.81593 560.00014 911.9504099999999 714.5953 587.46564 530.8578 763.6355 625.8596299999999 667.11468 324.55142 618.41168 528.20924 191.06543 246.47312 653.209 499.68032999999997 389.41623 622.6032299999999 656.53207 817.38113 535.62145 657.25551 635.30229 864.1105 510.86006 235.00213 654.63578 276.0887 669.07997 
727.10384 362.82916 1101.85155 359.81167999999997 858.09167 818.76152 340.5152 176.87092 104.47966 697.2141799999999 370.29236 698.89648 795.65068 381.61252 632.49548 268.22565 469.22297 971.52614 965.76032 269.16169 0 709.14597 668.5058 366.10576000000003 470.16824 765.88359 906.25052 938.7134800000001 677.3587299999999 603.51056 836.4268400000001 154.39236 276.49131 584.77004 92.13577 818.71118 232.34124 231.57411 434.13517 284.07641 815.24536 618.22407 218.68774000000002 590.5743 776.82335 872.56218 647.11127 1013.82937 1012.5125499999999 394.0774 245.41771 143.55835 796.56575 787.09626 364.09477 156.1033 806.17166 910.67169 447.79848000000004 1124.34336 409.70355 612.43775 643.06532 347.97603 577.6028 588.5714800000001 789.7536299999999 606.67214 263.53739 532.15644 373.6964 1007.20302 595.47966 609.44975 1104.06205 875.53184 790.55044 722.6089499999999 978.49323 838.9827 905.3491 530.76212 576.39223 512.80601 435.75216 454.19532000000004 618.40413 540.04907 637.52647 773.4044799999999 735.42889 847.51263 501.41555999999997 687.65151 669.27697 1007.73905 543.27907 478.35238 715.81632 160.99514 669.03114 
676.0 551.21774 434.29138 573.69417 372.35356 244.56083 695.59255 789.5719 643.1664000000001 102.61579 407.59048 478.29907 245.61372 395.79035 187.14389 526.11653 433.11546 345.0058 452.72619 497.26989 709.14597 0 234.31 343.08308 249.04016 213.28385 226.61421 344.06425 461.43364 231.38928 248.73354 595.26405 591.03469 585.97828 794.4257 426.38011 811.9647299999999 690.92474 280.60207 538.75876 626.84368 321.98292999999995 761.60357 418.09344999999996 475.58506 208.59678000000002 473.834 317.77036 319.76554 358.41588 499.23643000000004 748.4766900000001 712.50614 79.02531 587.11457 641.0523000000001 97.20082 676.8117500000001 303.62953999999996 419.49017 458.07969 380.75714 437.59271 542.54585 160.96273 145.39945 170.84496 425.62021999999996 691.04631 278.84859 610.6903100000001 380.02177 544.49334 465.28524 421.37513 323.17825 121.03721 95.0 270.04629 131.21552 278.58536000000004 250.65665 674.78188 583.0626 428.06807 281.62007 682.24769 425.0 272.61695 240.1911 453.53655000000003 659.12821 597.21816 563.75354 543.85208 470.38471000000004 499.55797 289.45639 491.42751 632.94722 624.59987 
851.72421 405.12344 632.31339 448.04379 597.64297 152.82016 758.27765 752.8521 647.97162 319.67796 312.97013000000004 667.68153 469.91111 296.99163 388.90581 428.80957 553.19888 562.74948 680.00956 422.64051 668.5058 234.31 0 348.05633 243.99385 447.59385 282.77531 545.59509 271.1494 406.20807 470.63912 523.71462 497.68077000000005 731.3670500000001 754.79105 248.67288 785.40444 637.53039 280.66809 589.5267699999999 824.25825 210.79985 746.16084 582.19854 649.65914 402.24839000000003 239.52662 396.60564 523.4491700000001 290.65489 498.41449 738.39624 895.81081 299.0307 672.8530000000001 638.6949500000001 270.02963 885.98519 298.51131 567.9507 560.47732 564.23555 296.60765 619.48366 144.58561 243.6301 160.38168000000002 297.97323 734.59374 255.82025 695.0892 564.92792 700.9768700000001 636.11619 604.29546 515.19302 313.05198 329.28287 395.6261 289.75131 266.06710999999996 234.27953000000002 810.51733 714.81755 267.9944 277.75741 828.46761 573.35242 165.23629 463.94181 663.49728 858.54412 721.93351 735.82131 715.92504 660.95234 641.47591 273.27904 683.31032 629.61099 792.83887 
607.06813 307.22176 750.0249 320.45551 571.98384 484.24066 454.01936 451.48351 300.08332 343.40337 149.37202 481.35843 459.20637 239.28913 288.11283 246.16723 313.7794 629.22865 658.11017 271.82127 366.10576000000003 343.08308 348.05633 0 104.06248 425.68098999999995 545.6739 598.91292 453.92285999999996 302.29328 492.04418999999996 258.26537 314.34758 476.80374 454.20831 539.31994 468.88165 348.86244 68.02941 377.26232999999996 636.45865 332.84381 431.20155 362.48034 517.46401 510.45078 436.21084 650.67657 650.62739 120.91733 327.16069000000005 405.82385 667.866 420.9905 414.04774000000003 300.28153 440.0659 717.3510200000001 158.65186 759.80874 358.79564 399.81665 421.38363 292.0993 254.35114 230.91377 436.75966 378.33847 489.2307 167.17057 368.09917 660.3573100000001 447.80018 418.56064000000003 746.1335200000001 536.53052 426.5255 362.49828 612.51367 472.89851 550.40803 164.65722 520.83971 446.10053 233.30881 253.57659 548.77409 408.62884 356.34880999999996 440.40917 493.86032 669.53417 426.2511 515.27871 492.8306 682.4075 380.03289 166.76031 498.78753 292.58845 542.64285 
645.65393 331.83191 670.48192 344.44448 511.66102 385.67850000000004 515.45772 546.10347 404.1458 265.34694 253.43449999999999 513.7273 403.12971 164.85669000000001 293.21623999999997 288.91997 332.27265 559.27989 618.94714 248.22973 470.16823999999997 249.04016 243.99385 104.06248 0 369.39545 442.81486 531.3249900000001 390.51248 252.25384 431.59074 352.08666999999997 360.2011 513.37556 547.64404 453.16774 572.94413 452.92492 36.67424 345.60484 656.32887 254.67234 528.19637 398.66926 507.40319 426.56418 374.8333 554.87629 565.03228 121.69634 295.80552 509.88633 705.8330000000001 328.06547 428.85915 404.34400999999997 344.4198 725.89032 54.58938 668.5303299999999 322.47368 396.68813 422.16264 376.34691 166.01561 199.55859999999998 353.26913 321.73436 494.10957 145.34806 452.30521 583.45579 488.9676 449.13722 663.99476 475.38616 339.23591 343.48185 515.4057700000001 378.4345 469.03182000000004 76.32169 582.34799 483.24024 218.76928 228.12037 606.4017100000001 363.46389 281.91637 392.34701 519.95913 692.56421 490.42841 542.45779 519.98558 627.48785 423.85847 102.80078 522.55117 396.65093 583.15178 
511.77534 701.22736 343.00583 713.83993 160.60841 453.61828 657.7801 834.12068 673.91299 158.77449000000001 544.64299 321.47078 33.73426 533.38541 137.56816 646.72432 376.3994 207.03864 250.74489 606.10292 765.88359 213.28385 447.59385000000003 425.68098999999995 369.39545 0 377.42075 195.48957000000001 668.76977 162.37303 99.35723 681.62233 704.2583 465.6673 855.54953 639.66396 841.86475 758.34886 382.04712 529.91792 436.09288 528.37537 790.01313 298.88797 297.86116000000004 217.75798 674.86572 423.06051 322.31883 491.09179 528.08049 750.59037 535.06071 205.98751 538.90725 648.34636 230.26286 482.52682 413.8504 417.79927000000004 410.93673 261.55165999999997 641.97586 504.74746 337.13647 318.69892 379.77644 622.44036 674.51664 285.43634 555.95786 246.78128 429.79256 339.37795 358.06308 111.82576 163.97561 248.42843 368.79396 252.99808 418.24036 342.93257 552.39298 479.4038 587.2892099999999 364.36543 549.11656 339.17796999999996 479.00939 26.90725 267.61913 468.95246 497.40326 400.95671 388.01941999999997 258.50525 401.06917999999996 449.44521 314.44077 642.39459 479.97787999999997 
880.96829 681.76066 399.94125 713.40381 509.18066999999996 168.78296 922.20676 988.42459 845.75722 310.52842 568.96397 680.01712 383.48142 556.84757 389.5138 688.1199 659.29493 388.39799 566.7063899999999 673.82363 906.25052 226.61421 282.77531 545.6739 442.81486 377.42075 0 402.86104 487.89886 451.33802 359.1838 782.48773 759.40103 799.0138099999999 985.89705 364.54914 1014.55555 883.81588 479.4891 765.3729700000001 812.05939 377.05305 971.0112300000001 625.66445 618.95907 245.19104 490.90223 147.25949 411.03714 522.91969 701.48311 949.98612 908.6545 179.44637 813.7287799999999 842.56173 158.43737 846.10958 497.40424 301.53275 684.6939 593.11895 469.94318 769.1600599999999 340.99411999999995 322.62207 129.03409 471.30876 917.1554100000001 419.87652 837.30452 373.5915 761.35985 677.5909300000001 373.16940999999997 384.21688 213.44513999999998 286.22544 264.05075 124.42267 51.97115 386.62643 894.43526 809.6768099999999 542.46198 474.45511 899.4252899999999 646.11841 338.57182 400.35926 641.8634900000001 840.09761 821.65382 762.05109 744.82884 500.83131 717.79721 445.93759 686.53114 834.05995 834.22317 
602.30391 858.11479 186.29901 874.4787 162.01235 510.99801 814.7246299999999 1006.73035 846.74288 313.81317 710.07824 407.47024 196.76033 693.49834 333.05773 814.15925 529.78171 34.82815 233.20694 779.5547200000001 938.7134800000001 344.06425 545.59509 598.91292 531.3249900000001 195.48957000000001 402.86104 0 797.34756 335.20292 172.42175 853.20396 868.91427 579.00777 1029.19046 720.6012800000001 1014.35004 931.80309 555.87186 699.69907 494.55557999999996 641.92289 962.24009 426.98487 311.77895 208.48586 784.52852 384.42685 251.93176 651.27337 702.51722 921.24227 607.08425 275.00975 695.44345 824.4084 284.31321 497.94478 555.52547 289.01557 577.3035 389.64856 759.26869 670.9945 476.65606 489.4637 439.14215 747.8104599999999 836.2850599999999 447.19804 712.72225 139.73105 537.68857 459.17112000000003 203.97804000000002 132.40889 232.99785 249.06425 353.87083 284.52944 454.83219 455.0033 679.44681 623.02808 729.62251 533.49526 667.03345 479.33943 594.80719 168.58232 357.31668 515.84847 641.52711 495.31707 487.33427 282.22787 529.16608 599.58402 408.53481 815.22448 577.19104 
1035.45594 329.12308 857.2374199999999 380.26595 827.88707 344.14332 858.24239 756.78861 672.02158 549.00729 341.97508 870.92113 696.77902 330.94738 580.9866099999999 409.21087 717.84334 796.86511 914.15983 439.87877000000003 677.3587299999999 461.43364 271.1494 453.92285999999996 390.51248 668.76977 487.89886 797.34756 0 613.62203 705.7045499999999 523.18833 471.53754 903.15724 733.16252 174.75599 799.60042 636.32225 414.66251 693.76965 1029.93371 252.42061 773.20954 767.30502 867.8168599999999 637.6421399999999 31.62278 575.12868 725.30084 338.54099 581.24866 783.8903 1088.94536 529.60784 792.62602 698.22118 517.06229 1098.11657 442.66612 776.13208 703.76843 753.05843 38.07887 743.32833 344.12228999999996 368.32725999999997 362.23335 75.58439 818.65866 451.90038 819.30081 803.0382999999999 879.32815 821.74635 826.54467 745.04497 564.3497100000001 551.97101 603.32744 532.06071 444.84628 420.74339 969.97324 870.35682 248.91766 416.08019 994.16316 753.97637 203.05463 694.22259 864.41946 1065.31732 876.24413 929.23402 907.6591 895.95815 814.37095 305.3891 887.94707 693.66346 973.66426 
449.04009 576.75862 505.332 590.11477 269.69056 475.95011 504.56984 671.74765 511.53996 172.56527 414.23785 261.47346 196.10729 410.80111999999997 243.58748 507.00099 251.30522000000002 369.06639 377.6748 456.86978 603.51056 231.38928 406.20807 302.29328 252.25384 162.37303 451.33802 335.20292 613.62203 0 255.63722 537.71267 565.68982 355.39468 695.27692 626.48304 679.49172 599.7216 288.92808 387.95358 420.48604 467.33820000000003 627.6401 262.34466 257.2353 304.80978 604.6255 525.32371 436.32277999999997 373.95018 423.11972 596.62987 491.1965 274.11676 385.28866 489.20547999999997 317.65351999999996 493.56135 273.40074 560.08742 256.25378 299.61012 585.12483 350.06743 285.63524 254.87644 399.44086 554.17055 512.26751 257.76097 405.94088 408.90586 313.90974 252.50748 515.2281 274.19879000000003 251.36627 326.38928 456.01754 334.48468 481.41458 195.94132 443.3926 372.5706 471.02312 236.75515 450.85841000000005 256.1724 432.42925 183.18724 315.32511 453.49862 371.4364 332.36426 312.4628 407.24072 275.47706 349.5025 277.27604 480.02155999999997 403.01218 
552.93437 762.46119 273.22546 772.69917 206.15114 453.65313000000003 721.95429 904.41148 743.3068 166.2438 602.85347 371.50201 100.62799 593.63121 203.93136 713.08752 432.94572 137.5936 213.24165 668.0648100000001 836.4268400000001 248.73354 470.63912 492.04418999999996 431.59074 99.35723 359.1838 172.42175 705.7045499999999 255.63721999999999 0 748.3440800000001 770.9693400000001 507.41009 924.72266 655.91131 911.89528 826.96796 444.00901000000005 603.56673 463.11836 558.31891 860.02616 343.87934 268.34306 263.30071 705.30584 386.80357 289.00003 553.28708 597.54832 820.63903 572.11801 206.22803 602.71632 727.85383 240.26461 491.3981 459.39313 349.72132 479.60817 307.09439 677.26804 573.40126 382.8405 364.44478 380.03289 668.54252 739.02909 342.47659999999996 621.52232 176.79932 465.99571 381.52588 291.19088999999997 180.50914999999998 248.23993 153.73354 379.23192 239.60384 406.61776 388.4753 607.8462 540.4739099999999 631.97011 428.88262 605.29611 384.72069999999997 515.98345 72.44998 317.65036 490.28101000000004 558.41293 438.01826 426.62044 298.45315 446.06055000000003 501.72702 365.40902 718.3732200000001 518.55569 
753.00455 215.67568 1006.0330200000001 205.58603 803.23143 675.74033 405.91871 331.26327999999995 243.04271 596.66155 215.89999999999998 683.22371 714.8055400000001 227.22016 544.42998 114.0 443.71387 884.6536 906.4706 120.10104 154.39236 595.26405 523.71462 258.26537 352.08666999999997 681.62233 782.4877299999999 853.20396 523.18833 537.71267 748.3440800000001 0 145.58155 603.08363 246.52812999999998 665.09924 280.46270000000004 115.94826 315.41243 311.68530999999996 815.09937 472.36242000000004 339.37532 564.8387399999999 740.08666 767.2876100000001 493.00101 884.8359 906.38678 271.00498 192.35384 297.95070999999996 818.47663 671.31066 400.56211 215.52262 687.40454 907.37534 317.68223 1011.78239 396.23226 575.50065 488.90265 365.43262 460.87847 471.86883 653.78349 452.27978 348.00575 424.08624999999995 431.30066 918.6226800000002 601.49148 594.04683 1003.30603 793.4480900000001 681.01331 620.7636500000001 861.0473199999999 721.41924 769.54618 416.30841999999996 618.97092 538.13468 281.3598 338.20852 657.55075 523.14277 489.15539 693.81088 706.05736 849.52752 531.14321 687.64235 667.9410600000001 935.89155 537.75273 336.55014 697.34716 215.76144 687.58418 
806.86182 185.29867000000002 1016.3778 113.54735 824.32275 649.56909 473.57610999999997 335.49289999999996 239.88871999999998 618.92791 237.55812 724.48522 737.4308000000001 209.61988 570.68826 71.28113 492.11482 899.14237 932.19365 145.73886 276.49131 591.03469 497.68077000000005 314.34758 360.2011 704.2583000000001 759.40103 868.91427 471.53754 565.68982 770.9693400000001 145.58155 0 680.92425 364.59386 620.25962 331.79813 199.13374000000002 366.60413 369.84934 864.93381 429.61029 312.70753 605.60713 788.28524 771.24834 439.91476 869.88045 909.31403 241.03388999999999 292.37036 337.61665 874.24815 670.06 463.01728 283.67101 683.66811 955.72224 329.35847 1009.5391400000001 486.60877000000005 615.78081 438.00114 444.45789 441.69171 449.84553 634.52568 403.53761 474.36460999999997 442.87903 488.31890999999996 935.76613 657.64477 641.21525 1008.53012 815.67325 683.59345 641.01282 852.30738 717.1681199999999 748.41766 430.43708000000004 681.28567 595.92841 239.64024 356.85599 721.21101 563.39773 457.31608 714.28846 747.41689 901.16915 600.33807 739.40817 717.68299 957.92014 589.6889 318.83314 742.36447 283.41832 743.32833 
229.47315999999998 750.99467 755.15892 737.23605 429.8395 822.1747 322.63701000000003 616.46712 483.03340000000003 492.19485 609.90655 183.91036 466.93805999999995 613.95928 413.05697 645.85834 188.80943 612.06944 511.42253 588.7793899999999 584.77004 585.97828 731.3670500000001 476.80374 513.37556 465.66729999999995 799.0138099999999 579.00777 903.15724 355.39468 507.41009 603.08363 680.92425 0 671.33009 953.6648700000001 597.1298 607.28329 496.49307 313.19802 260.06547 765.98389 548.29611 173.34936 289.00575 624.30309 888.20886 865.1017 734.17163 586.6875299999999 412.80141 489.49789999999996 216.66795 620.04501 222.58176 432.51012 649.30944 331.65796 465.85942 857.13141 217.89199 208.00962 866.48312 250.99783 586.88166 575.5101400000001 747.26167 832.91416 360.91135 475.5468 218.81728 664.10014 41.48494 126.28935 782.98207 540.94129 594.45705 513.15666 788.00703 679.20485 830.87965 497.50881000000004 100.43904 91.27587 699.69398 490.57258 101.73664 169.10939 745.3515 438.76005 234.38857 296.30081 111.1253 131.81571 109.3435 588.84737 109.44081 615.8921700000001 187.86431 426.51792 136.50073 
807.02198 454.96493 1191.88797 356.35937 950.22744 892.37147 389.27882 158.13591 196.61543 785.31673 462.42812999999995 788.28077 887.78645 473.74829 724.36185 360.36141999999995 554.30136 1062.30881 1057.89609 357.26424 92.13577 794.4257 754.79105 454.20831 547.64404 855.54953 985.89705 1029.19046 733.16252 695.27692 924.72266 246.52812999999998 364.59386 671.3300899999999 0 874.83084 144.54583 276.41854 522.23772 367.1294 902.01259 683.23224 188.09433 681.0499500000001 867.04094 960.6647300000001 708.1402899999999 1094.8319900000001 1100.74021 466.87472 333.52026 227.64589999999998 875.6666 872.68436 450.97958 248.23907 891.17152 995.53503 539.93425 1212.40239 499.63186 704.01917 698.54645 432.13542 657.60779 665.33901 866.6207099999999 657.57813 324.55406 620.25899 457.77051 1098.24499 679.84116 701.58552 1193.6373 967.37529 878.87928 810.60595 1063.04981 925.1862199999999 982.32887 618.86467 652.32033 594.00758 492.22962 542.29787 694.2482600000001 630.16374 704.4693 863.78091 825.3572 930.99356 581.27876 774.02607 755.24897 1099.838 627.0961 570.48815 804.74877 244.81217 750.09599 
