51
86 93 75 90 31 51 7 23 33 35 94 17 60 92 84 37 29 58 0 96 5 18 19 82 88 62 68 40 50 80 36 11 74 21 61 6 53 25 3 55 44 20 65 83 85 81 52 39 77 15 16
0 288.84944 566.46456 609.52607 189.35617000000002 412.35367 756.5884 537.37673 430.06602999999996 375.90783 210.79137 689.68378 417.43263 553.22509 214.21951 186.59046 726.68336 584.4222 143.22631 266.40645 688.20905 554.231 568.51035 152.24941 394.76609 192.5607 776.29333 349.85942 649.95876 308.91386 537.94417 221.40632 826.01973 229.36791 450.96009 762.37468 258.52079 510.74243 705.6027200000001 403.83461 641.1256900000001 166.83527 251.22017 505.92588 661.82461 247.45282 325.45843 593.6623500000001 643.72254 251.84373 465.50620000000004 
288.84944 0 585.82079 719.6575 197.38118 691.00072 746.29753 795.25096 306.8876 521.69915 499.64081 918.32605 590.00728 644.06832 361.43718 474.87251000000003 976.32373 818.13996 230.26321000000002 288.00694 857.71167 843.08044 649.28767 281.64879 546.4136599999999 321.96008 905.80627 273.3002 901.00222 345.73545 436.53474 316.57296 949.00338 235.69684 722.34623 625.28873 508.02738999999997 379.51541 859.6946300000001 393.66187 839.83629 262.00191 512.29386 634.83842 750.82079 431.37082000000004 401.48791 531.85204 927.98615 402.80558 409.71269 
566.46456 585.82079 0 216.9672 507.98622 558.22934 285.82862 465.55219 379.83535 260.42142 428.82281 524.22598 255.3675 60.21628 367.83795000000003 477.13728000000003 602.9748099999999 445.17974 477.90044 345.32593 326.33265 768.61386 102.09706 647.9322500000001 245.65899000000002 682.2680600000001 388.76237 313.60006 545.75807 321.23667 351.95028 643.28786 365.09862 385.42574 569.05908 427.16496 347.53561 422.42551000000003 305.47668 441.74060999999995 824.47377 635.4931200000001 501.69674 113.36701 165.0 712.4519600000001 375.97318 154.87091 763.07059 378.3068 283.02706 
609.52607 719.6575 216.9672 0 631.00713 559.00268 440.73684000000003 455.36419 462.53432 250.6546 481.2037 409.22488 247.25603 156.75092 397.75151 474.23623 490.66689 407.02227 589.28601 456.87854 200.42205 754.00265 191.58314000000001 750.39138 297.50541 782.17134 321.77641 446.87023 472.20017 442.6572 507.93591000000004 747.35325 333.45189000000005 502.74177 496.88329 590.28921 396.21333 517.67268 310.90618 552.21101 838.50142 735.23126 463.34976 103.60019 304.28185 709.5509099999999 366.20636 320.51031 734.84993 468.2841 448.66646000000003 
189.35617000000002 197.38118 507.98622 631.00713 0 583.29654 746.9415799999999 675.8171600000001 276.87542 422.91607 367.65881 809.24718 491.2242 568.2025 257.41018 359.35489 865.1237900000001 710.36721 141.1667 264.34684 761.88714 743.58717 567.61208 227.65201 451.75908000000004 267.9633 818.05684 278.04267 790.2631799999999 327.04198 415.77921000000003 278.46909 863.0016 227.3083 611.05237 620.5562 419.3552 364.24595 765.33383 214.47844 741.58277 223.89804 401.0 528.05108 672.25367 360.42738 265.44491 473.0296 819.2035900000001 269.97185 379.70051 
412.35367 691.00072 558.22934 559.00268 583.29654 0 844.05796 285.99231000000003 671.29278 423.52949 217.89218 386.57858999999996 367.72 562.87122 405.11072 347.99642 377.90788000000003 281.31701 507.35589 465.35931 532.98257 308.00994000000003 599.35879 526.57192 392.31747 535.55579 645.44431 579.3200899999999 298.00168 405.51946999999996 791.92487 555.5634 696.52064 499.82214 245.74286 946.56009 247.47727 781.75595 584.1924 698.66032 307.66436 506.92504 396.04008 511.37584000000004 712.0575 355.23882 493.22519000000005 675.29623 237.64048 372.3681 637.70605 
756.5884 746.29753 285.82862 440.73684000000003 746.9415799999999 844.05796 0 736.39237 551.34518 461.19193 714.65143 724.0195 479.13714000000004 283.98592 623.85409 714.23794 805.36121 702.46103 697.87432 580.41709 497.0161 1045.45206 325.86670000000004 872.37626 469.42863 912.68755 408.36871 491.23212 794.63902 575.7265 473.85872 863.26174 460.71372 605.47585 792.44243 268.16786 631.23134 514.1007500000001 456.02122999999995 532.46314 1110.3023899999998 868.62229 725.4663800000001 337.13665000000003 261.65817 932.84964 599.74282 440.69953 1033.91077 632.72427 568.85568 
537.37673 795.2509600000001 465.55219 455.36419 675.8171600000001 285.99231000000003 736.39237 0 678.13347 360.13133 326.58536 161.82089 291.8232 452.43315 439.73287 365.326 189.30663 267.08247 617.67374 507.57167 312.70753 362.62515 488.08708 678.12199 341.96152 718.43328 455.37018 602.33213 257.01905 509.96585999999996 771.56076 709.22019 505.41155000000003 559.55412 130.91982 886.0860500000001 354.03798 777.02638 386.81521 730.47268 451.05432 659.794 340.97218999999996 405.93842 482.41061 562.33879 532.50134 610.61664 368.77425 461.51927 614.65437 
430.06602999999996 306.8876 379.83535 462.53432 276.87542 671.29278 551.34518 678.13347 0 378.84864 475.03125 768.99307 447.15677 409.28519 267.68638 451.35399 838.0 685.49325 292.38233 341.11662 648.0168 865.63119 367.40441 470.44393 408.48223 508.38765 651.69395 267.2948 783.00511 377.29505 198.75987 457.76975000000004 686.2031800000001 364.89378 671.5643299999999 380.7714 425.06713 139.32283 626.1709 251.1001 897.4675 468.37244 484.68726000000004 441.87456 480.10312 571.6975600000001 344.07357 224.96444 906.4444000000001 320.22492 102.82509 
375.90783 521.69915 260.42142 250.6546 422.91607 423.52949 461.19193 360.13133 378.84864 0 341.38049 426.98475999999994 68.30813 200.20514 241.24076000000002 253.04601000000002 496.68647 340.77705 369.49966 239.15267 343.38085 679.21805 232.55146000000002 518.69818 103.10594 548.34296 427.16883 372.29679999999996 439.20952 192.0026 486.98346 516.55106 460.33882 290.14651 388.75937 595.52572 256.37461 443.02654 344.49383 409.73772 652.30151 501.77385 286.37928 147.05441 298.06207 471.65771 272.9175 363.96452999999997 612.16569 249.07273 276.02355 
210.79137 499.64081 428.82281 481.2037 367.65881 217.89218 714.65143 326.58536 475.03125 341.38049 0 478.89241 273.07236 453.8513 255.66773 155.1355 515.89199 373.63083 317.03515000000004 258.10429999999997 515.2728999999999 523.5558599999999 484.46677 351.53663 269.46184 391.84792 623.41639 367.76351 439.16739 187.62729 607.44595 387.77969 675.23329 281.92996 244.13521 766.96871 85.00588 575.45199 542.44355 480.76814 525.55654 333.20864 203.17916 416.7282 547.07404 390.45018000000005 293.08361 549.27123 455.0033 154.80633 477.4284 
689.68378 918.32605 524.22598 409.22488 809.24718 386.57859 724.0195 161.82089 768.99307 426.98476 478.89241 0 358.67663 464.0097 560.68628 506.93296 81.49233 105.26158 741.68524 631.54176 239.10667 488.19437 505.89048 830.20118 408.76556000000005 850.86536 377.23071999999996 708.3396700000001 161.39853 572.5906 840.2552900000001 848.6142 416.77332 683.23495 289.47193 923.20092 433.09385 856.53181 324.08851 833.25506 612.87521 812.10105 442.59821 450.61749999999995 462.36133 710.12765 627.2074299999999 667.52762 407.06265 584.15152 689.52882 
417.43263 590.00728 255.3675 247.25603 491.2242 367.72 479.13714000000004 291.8232 447.15677 68.30813 273.07236 358.67663 0 195.15122 244.59828 284.22729 428.37834 279.98249 430.15346 307.4608 275.07272 610.9099199999999 231.63879000000003 566.11748 50.24938 606.42877 358.8607 401.42031 380.56082 251.0717 492.99147 576.66347 409.30795 358.45464 320.45124 604.37077 188.06648 502.36662 288.17009 477.54476 637.23038 551.7436 254.23808 143.65584 344.33750000000003 503.31402 298.11372 360.56596 567.13402 308.14182999999997 344.33168 
553.22509 644.06832 60.21628 156.75092 568.2025 562.87122 283.98592 452.43315 409.28519 200.20514 453.8513 464.0097 195.15122 0 339.86817 441.82576 545.50203 440.59244 526.82065 405.54221 273.59276 763.13171 41.88078 692.24913 185.44271 728.11673 328.54609 373.81633999999997 516.62849 381.45295 412.16656 686.92722 329.58146 445.64202 508.8428 459.19122000000004 369.89867000000004 438.70377 248.60008 474.41859 832.34761 680.87077 441.48046 53.15073 154.57949000000002 668.91629 315.75690000000003 215.08719000000002 749.95155 417.80857 343.24334 
214.21951 361.43718 367.83795 397.75151 257.41018 405.11072 623.85409 439.73287 267.68638 241.24076000000002 255.66773 560.68628 244.59828 339.86817 0 185.17191 617.83169 478.55903 200.89798 73.43024 504.47696 597.94481 354.29084 366.46892 194.3489 406.78021 586.92427 242.90318 561.12721 195.93642 406.42787999999996 366.2854 621.96953 125.78156 405.01975 573.41259 192.23248 377.81609 517.33137 340.53724 650.90605 363.50927 218.50518 294.15132 447.6051 404.44582 111.23892 379.44284 640.49434 138.86629 251.28669 
186.59046 474.87251000000003 477.13728000000003 474.23623 359.35489 347.99642 714.23794 365.326 451.35399 253.04601000000002 155.1355 506.93296 284.22729 441.82576 185.17191 0 543.78 401.67138 305.07787 203.00246 520.76578 530.69243 474.59504000000004 338.83987 258.01744 354.97042 623.92708 336.19480999999996 464.21654 155.90061 571.04233 376.36008000000004 675.29623 239.17567 274.68208 746.65534 240.14138000000003 543.72511 549.60405 453.57493 522.63678 321.78903 64.62971 400.10042 550.89658 235.31468 263.75936 549.73251 520.2735700000001 194.29046 424.68637 
726.68336 976.32373 602.9748099999999 490.66689 865.1237900000001 377.90788000000003 805.36121 189.30663 838.0 496.68647 515.89199 81.49233 428.37834 545.50203 617.83169 543.78 0 180.48453 799.3678 688.31679 317.83801 476.62667 585.49979 867.2275500000001 478.17675 883.95136 453.64416 778.9087400000001 79.9062 645.23193 915.43705 886.35785 488.83637 743.61325 299.14712 1001.29217 508.3168 929.95056 370.59142 905.75598 640.36095 847.58067 479.15029 521.18657 543.70304 719.63427 668.43474 738.09669 409.72013 650.1519599999999 762.94757 
584.4222 818.13996 445.17974 407.02227 710.36721 281.31701 702.46103 267.08247 685.49325 340.77705 373.63083 105.26158 279.98249 440.59244 478.55903 401.67138 180.48453 0 643.83205 535.95294 253.62177 487.84147 482.47322 725.16746 327.33164 745.60378 397.28076 616.64414 100.57833 515.2490700000001 769.91357 743.35262 444.84241 595.8995 196.84004 870.46081 327.83227 779.4488799999999 316.29179 744.78469 515.77892 706.83947 337.33663 423.63833 441.34567 604.86607 532.83473 598.77593 368.78691999999995 482.30799 616.8006 
143.22631 230.26321000000002 477.90044 589.28601 141.1667 507.35589 697.87432 617.67374 292.38233 369.49966 317.03515000000004 741.68524 430.15346 526.82065 200.89798 305.07787 799.3678 643.83205 0 132.57451 705.22618 697.45731 537.3584 181.52214999999998 393.64932999999996 221.27359 772.38464 206.6422 719.4616 280.91211999999996 443.82041 165.38742 818.22796 181.17844 561.1703600000001 640.04531 352.59496 388.8303 713.9934900000001 334.78274999999996 672.94651 177.76818 353.12153 493.71066 640.74991 279.31523 310.53935 486.0784 740.01419 223.84198999999998 383.08000000000004 
266.40645 288.00694 345.32593 456.87854 264.34684 465.35931 580.41709 507.57167 341.11662 239.15267 258.10429999999997 631.54176 307.4608 405.54221 73.43024 203.00246 688.31679 535.95294 132.57451 0 576.10821 636.39767 404.78389 304.70228999999995 261.07482 336.94213 639.81013 212.85014999999999 620.82284 262.66234 376.37485 297.96193 685.94107 199.21179999999998 468.17338 568.97979 220.02045 349.17310999999995 583.6465000000001 340.99069999999995 694.1313299999999 290.16719 260.5782 361.13615000000004 508.17539999999997 411.88973999999996 177.96483999999998 353.50389 689.44688 205.59221 250.50549 
688.20905 857.71167 326.33265 200.42205 761.88714 532.98257 497.0161 312.70753 648.0168 343.38085 515.2728999999999 239.10667 275.07272 273.59276 504.47696 520.76578 317.83801 253.62177 705.22618 576.10821 0 675.33268 308.04058 839.1438499999999 315.35694 866.91234 163.62634 639.93271 323.39455000000004 526.14442 678.2829300000001 851.73619 203.72172999999998 627.30565 429.84881 725.3510200000001 462.3567 712.1947 110.48413 722.22019 763.7618500000001 822.70272 485.41117 271.18997 300.91678 751.97074 509.11885 481.20356000000004 619.7238 562.66053 545.19171 
554.231 843.08044 768.61386 754.00265 743.58717 308.00994000000003 1045.45206 362.62515 865.63119 679.21805 523.5558599999999 488.19437 610.9099199999999 763.13171 597.94481 530.69243 476.62667 487.84147 697.45731 636.39767 675.33268 0 805.01249 640.28214 597.29473 635.96855 817.99533 782.49233 396.72047 608.2087799999999 996.20058 673.04755 868.0367000000001 668.00075 418.56533 1153.7613199999998 452.28090000000003 975.7609 738.34287 882.6112 595.49405 621.8480900000001 595.32214 725.1768400000001 823.35958 446.70012 697.8677700000001 883.09043 493.1506 626.8856999999999 840.56372 
568.51035 649.28767 102.09706 191.58314000000001 567.61208 599.35879 325.86670000000004 488.08708 367.40441 232.55146000000002 484.46677 505.89048 231.63879000000003 41.88078 354.29084 474.59504000000004 585.49979 482.47322 537.3584 404.78389 308.04058 805.01249 0 706.75307 216.57760000000002 741.7260200000001 286.66531 392.65921 558.40935 380.76371 376.19277 696.05531 339.01032 444.2308 548.25268 417.31044 399.46089 413.3582 279.10686 460.67885 867.55463 693.19334 472.82484 87.98295 112.69871 704.2091700000001 302.16717 256.96797000000004 791.83233 435.51492 385.12412000000006 
152.24941 281.64879 647.9322500000001 750.39138 227.65201 526.57192 872.37626 678.12199 470.44393 518.69818 351.53663 830.20118 566.11748 692.24913 366.46892 338.83987 867.2275500000001 725.16746 181.52214999999998 304.70228999999995 839.1438499999999 640.28214 706.75307 0 540.52261 40.31129 924.77584 388.15526 790.70402 326.69558 620.19791 74.21793 970.71254 267.66375 580.81667 821.56746 410.09534 557.17298 854.28757 442.13045 619.26124 19.64688 389.47956999999997 646.79119 799.86499 193.58202 408.80729999999994 642.61852 755.30648 287.81759999999997 524.54933 
394.76609 546.4136599999999 245.65899000000002 297.50541 451.75908000000004 392.31747 469.42863 341.96152 408.48223 103.10594 269.46184 408.76556000000005 50.24938 185.44271 194.3489 258.01744 478.17675 327.33164 393.64932999999996 261.07482 315.35694 597.29473 216.57760000000002 540.52261 0 569.30572 409.11008000000004 394.12122999999997 426.61692 213.82703 471.0096 538.11523 434.56593 311.94871 370.70061999999996 564.98938 184.45596 452.11724 338.41947000000005 427.57923 657.1801 522.82502 304.48746 193.90522 329.27631 489.33629 247.86433999999997 352.04789999999997 612.0894000000001 269.21757 379.12949000000003 
192.5607 321.96008 682.2680600000001 782.17134 267.9633 535.55579 912.68755 718.43328 508.38765 548.34296 391.84792 850.86536 606.42877 728.11673 406.78021 354.97042 883.95136 745.60378 221.27359 336.94213 866.91234 635.96855 741.7260200000001 40.31129 569.30572 0 960.2473499999999 427.91579 819.18696 362.16709 645.45875 69.89278 1003.54821 307.97504000000004 621.12796 855.20758 433.21242 596.14176 892.83679 482.44174 609.51866 59.958169999999996 419.60013 682.376 835.85366 233.89330999999999 449.11859 682.9298100000001 736.69136 314.50596 564.86062 
776.29333 905.80627 388.76237 321.77641 818.05684 645.44431 408.36871 455.37018 651.69395 427.16883 623.41639 377.23071999999996 358.8607 328.54609 586.92427 623.92708 453.64416 397.28076 772.38464 639.81013 163.62634 817.99533 286.66531 924.77584 409.11008000000004 960.2473499999999 0 669.74017 464.88278 598.08026 659.5469 923.67203 52.34501 691.91453 586.29 676.53657 546.92718 700.02351 93.17188 742.6345 903.01716 910.6043 598.29424 292.77295 287.53494 859.2417600000001 554.67648 453.31887 763.43237 655.1503899999999 581.47502 
349.85942 273.3002 313.60006 446.87023 278.04267 579.3200899999999 491.23212 602.33213 267.2948 372.29679999999996 367.76351 708.33967 401.42031 373.81633999999997 242.90318 336.19480999999996 778.90874 616.64414 206.6422 212.85014999999999 639.93271 782.49233 392.65921000000003 388.15526 394.12122999999997 427.91579 669.74017 0 717.2224699999999 180.2942 239.68243999999999 372.02962 678.69868 131.59027 578.21795 462.58947 401.93901 212.48069999999998 612.5814399999999 128.14055 798.10679 384.40129 392.71455000000003 380.45878 478.11714 485.95743 160.56152 378.11481 814.74045 220.86421 370.11989 
649.95876 901.00222 545.75807 472.20017 790.2631799999999 298.00168 794.6390200000001 257.01905 783.00511 439.20952 439.16739 161.39853 380.56082 516.62849 561.12721 464.21654 79.9062 100.57833 719.4616 620.82284 323.39455000000004 396.72047 558.40935 790.70402 426.61692 819.18696 464.88278 717.2224699999999 0 609.2714100000001 868.84981 809.35653 508.04724 674.00014 297.41837 968.66558 428.4106 878.73416 376.92042 839.26277 602.9195500000001 772.37603 437.91496 483.32184 532.98085 639.72807 633.41306 696.05316 329.81393 570.24576 715.23307 
308.91386 345.73545 321.23667 442.6572 327.04197999999997 405.51946999999996 575.7265 509.96585999999996 377.29505 192.0026 187.62729 572.5906 251.0717 381.45295 195.93642 155.90061 645.23193 515.2490700000001 280.91212 262.66234 526.14442 608.2087799999999 380.76371 326.69558 213.82703 362.16709 598.08026 180.2942 609.2714100000001 0 419.97664 325.59177 645.53853 311.88446999999996 412.90115 591.66291 272.63317 387.8247 536.49643 297.67432 634.3127099999999 346.34246 220.53032000000002 339.05701 486.23667 391.21529 249.45186 419.63839 636.27038 57.07013 379.6922 
537.94417 436.53474 351.95028 507.93591000000004 415.77921000000003 791.92487 473.85872 771.56076 198.75987 486.98346 607.44595 840.2552900000001 492.99147 412.16656 406.42787999999996 571.04233 915.43705 769.91357 443.82041 376.37485 678.2829300000001 996.20058 376.19277 620.1979100000001 471.0096 645.45875 659.5469 239.68243999999999 868.84981 419.97664 0 590.20637 686.08843 371.27270999999996 794.9894400000001 364.08143 544.54568 161.51544 653.67347 201.30077 1037.7892299999999 621.55835 608.0296 418.2437 480.39585999999997 698.3638 324.08622 206.22803 1024.69674 460.54665 301.58496 
221.40632 316.57296 643.28786 747.35325 278.46909 555.5634 863.26174 709.22019 457.76975000000004 516.55106 387.77969 848.6142 576.66347 686.92722 366.2854 376.36008 886.35785 743.35262 165.38742 297.96193 851.73619 673.04755 696.05531 74.21793 538.11523 69.89278 923.67203 372.02962 809.35653 325.59177 590.20637 0 971.1035 318.48082999999997 604.99587 789.63599 445.01951 528.84213 861.04489 492.94753000000003 654.83586 54.57105 407.20756 643.75306 795.71854 229.38614 452.84985 626.87798 767.74593 361.14437999999996 548.46742 
826.01973 949.00338 365.09862 333.45189 863.0016 696.52064 460.71372 505.41155000000003 686.2031800000001 460.33882 675.23329 416.77332 409.30795 329.58146 621.9695300000001 675.29623 488.83637 444.84241 818.22796 685.94107 203.72172999999998 868.0367000000001 339.01032 970.71254 434.56593 1003.54821 52.34501 678.69868 508.04724 645.53853 686.08843 971.1035 0 732.66174 622.60672 667.57546 597.3744300000001 727.23586 145.51689 778.302 953.18624 957.39095 650.37835 345.11796 248.91998 910.50975 597.55669 479.8604 810.0588700000001 689.22638 583.37809 
229.36791 235.69684 385.42574 502.74177 227.3083 499.82214 605.47585 559.55412 364.89378 290.14651 281.92996 683.23495 358.45464 445.64202 125.78156 239.17567 743.61325 595.8995 181.17844 199.21179999999998 627.30565 668.00075 444.2308 267.66375 311.94871 307.97504 691.91453 131.59027 674.00014 311.88446999999996 371.27270999999996 318.48083 732.66174 0 513.85775 594.17974 310.37414 333.79335 632.86096 214.75568 686.35598 263.90978 303.80538 399.14158 547.53265 439.05775000000006 229.38058 376.02128 727.38573 257.00795 262.06869 
450.96009 722.34623 569.05908 496.88329 611.05237 245.74286 792.44243 130.91982 671.5643299999999 388.75937 244.13521 289.47193 320.45124 508.8428 405.01975 274.68208 299.14712 196.84004 561.1703600000001 468.17338 429.84881 418.56533 548.25268 580.81667 370.70061999999996 621.12796 586.29 578.21795 297.41837 412.90115 794.9894400000001 604.99587 622.60672 513.85775 0 917.2159 256.97327 771.95984 513.13183 706.3584999999999 474.51488 577.34385 210.05237 464.10708 613.33043 477.58181 493.71034999999995 681.0172 447.93972 390.01154 619.86127 
762.37468 625.28873 427.16496 590.28921 620.5562 946.56009 268.16786 886.0860500000001 380.7714 595.52572 766.96871 923.20092 604.37077 459.19122000000004 573.41259 746.65534 1001.29217 870.46081 640.04531 568.97979 725.3510200000001 1153.76132 417.31044 821.56746 564.98938 855.20758 676.53657 462.58947 968.66558 591.66291 364.08143 789.63599 667.57546 594.17974 917.2159 0 717.96447 324.52898 695.55873 479.44875 1202.76474 815.52008 779.41123 486.68902 501.19567 898.00501 519.05863 276.66044 1166.7876999999999 644.40515 389.71667 
258.52079 508.02738999999997 347.53561 396.21333 419.3552 247.47727 631.23134 354.03798 425.06713 256.37461 85.00588 433.09385 188.06648 369.89867000000004 192.23248 240.14138000000003 508.3168 327.83227 352.59496 220.02045 462.3567 452.28090000000003 399.46089 410.09534 184.45596 433.21242 546.92718 401.93901 428.4106 272.63317 544.54568 445.01951 597.3744300000001 310.37414 256.97327 717.96447 0 534.27868 462.85743 525.12982 499.20953 390.44846 288.18504 331.72232 512.1596 475.45606000000004 245.74792000000002 502.40652 481.65529000000004 239.81221 443.51917000000003 
510.74243 379.51541 422.42551000000003 517.67268 364.24595 781.75595 514.1007500000001 777.02638 139.32283 443.02654 575.45199 856.53181 502.36662 438.70377 377.81609 543.72511 929.95056 779.4488799999999 388.8303 349.17310999999995 712.1947 975.7609 413.3582 557.17298 452.11724 596.14176 700.02351 212.48069999999998 878.73416 387.8247 161.51544 528.84213 727.23586 333.79335 771.95984 324.52898 534.27868 0 687.30385 196.0915 1006.80286 558.94934 595.19344 484.78299000000004 526.05691 660.98411 288.53076 273.05162 1014.68419 433.34491 167.00299 
705.6027200000001 859.6946300000001 305.47668 310.90618 765.33383 584.1924 456.02122999999995 386.81521 626.1709 344.49383 542.44355 324.08851 288.17009 248.60008 517.33137 549.60405 370.59142 316.29179 713.9934900000001 583.6465000000001 110.48413 738.34287 279.10686 854.28757 338.41947000000005 892.83679 93.17188 612.5814399999999 376.92042 536.49643 653.67347 861.04489 145.51689 632.86096 513.13183 695.55873 462.85743 687.30385 0 723.0186699999999 818.65431 839.75056 542.40817 301.75081 194.36306 779.49792 509.8991 448.81288 671.43633 587.37026 528.34553 
403.83461 393.66187 441.74060999999995 552.21101 214.47844 698.66032 532.46314 730.47268 251.1001 409.73772 480.76814 833.25506 477.54476 474.41859 340.53724 453.57493 905.75598 744.78469 334.78274999999996 340.99069999999995 722.22019 882.6112 460.67885 442.13045 427.57923 482.44174 742.6345 128.14055 839.26277 297.67432 201.30077 492.94753000000003 778.302 214.75568 706.3584999999999 479.44874999999996 525.1298200000001 196.0915 723.0186699999999 0 901.05383 438.37648 504.69991 456.11621 573.37756 574.90582 288.70207 321.30982 933.56628 349.00476000000003 335.37536 
641.1256900000001 839.83629 824.47377 838.50142 741.58277 307.66436 1110.3023899999998 451.05432 897.4675 652.30151 525.55654 612.87521 637.23038 832.34761 650.90605 522.63678 640.36095 515.77892 672.94651 694.1313299999999 763.7618500000001 595.49405 867.55463 619.26124 657.1801 609.51866 903.01716 798.10679 602.9195500000001 634.3127099999999 1037.78923 654.83586 953.18624 686.35598 474.51488 1202.7647399999998 499.20953 1006.80286 818.65431 901.05383 0 600.48314 570.68044 779.57168 897.83852 584.0108399999999 741.6873 932.84189 539.03323 577.24258 892.9189099999999 
166.83527 262.00191 635.4931200000001 735.23126 223.89804 506.92504 868.62229 659.794 468.37244 501.77385 333.20864 812.10105 551.7436 680.87077 363.50927 321.78903 847.58067 706.83947 177.76818 290.16719 822.70272 621.8480900000001 693.19334 19.64688 522.82502 59.958169999999996 910.6043 384.40129 772.37603 346.34246 621.55835 54.57105 957.39095 263.90978 577.34385 815.52008 390.44846 558.94934 839.75056 438.37648 600.48314 0 369.83268999999996 635.54849 788.73697 175.14797000000002 398.2788 638.86455 741.45668 306.57333 525.97847 
251.22017 512.29386 501.69674 463.34976 401.0 396.04008 725.4663800000001 340.97218999999996 484.68726000000004 286.37928 203.17916 442.59821 254.23808 441.48046 218.50518 64.62971 479.15029 337.33663 353.12153 260.5782 485.41117 595.32214 472.82484 389.47956999999997 304.48746 419.60013 598.29424 392.71455000000003 437.91496 220.53032000000002 608.0296 407.20756 650.37835 303.80538 210.05237 779.41123 288.18504 595.19344 542.40817 504.69991 570.68044 369.83268999999996 0 397.89392 530.58647 267.52944 306.66268 576.2181400000001 544.38778 182.58423 458.01964 
505.92588 634.83842 113.36701 103.60019 528.05108 511.37584000000004 337.13665000000003 405.93842 441.87456 147.05441 416.7282 450.61749999999995 143.65584 53.15073 294.15132 400.10042000000004 521.18657 423.63833 493.7106600000001 361.13615000000004 271.18997 725.1768400000001 87.98295 646.79119 193.90522 682.376 292.77295 380.45878 483.32184 339.05701 418.2437 643.75306 345.11796 399.14158 464.10708 486.68902 331.72232 484.78299000000004 301.75081 456.11621 779.57168 635.54849 397.89392 0 200.68166000000002 618.71212 262.60617 216.91012 704.36922 375.55304 345.06627000000003 
661.82461 750.82079 165.0 304.28185 672.25367 712.0575000000001 261.65817 482.41061 480.10312 298.06207 547.07404 462.36133 344.33750000000003 154.57949000000002 447.6051 550.89658 543.70304 441.34567 640.74991 508.17539999999997 300.91678 823.35958 112.69871 799.86499 329.27631 835.85366 287.53494 478.11714 532.98085 486.23667 480.39585999999997 795.71854 248.91998 547.53265 613.33043 501.19567 512.1596 526.05691 194.36306 573.37756 897.83852 788.73697 530.58647 200.68166000000002 0 769.71978 407.14125 274.16783 800.34005 524.04675 402.32398 
247.45282 431.37082000000004 712.45196 709.5509099999999 360.42738 355.23882 932.84964 562.33879 571.69756 471.65771 390.45018000000005 710.12765 503.31402 668.91629 404.44582 235.31468 719.63427 604.86607 279.31523 411.88973999999996 751.97074 446.70012 704.2091700000001 193.58202 489.33629 233.89330999999999 859.2417600000001 485.95743 639.72807 391.21529 698.3638 229.38614 910.50975 439.05775000000006 477.58181 898.00501 475.45606000000004 660.98411 779.49792 574.9058200000001 584.0108399999999 175.14797000000002 267.52944 618.71212 769.71978 0 492.77392 765.39363 586.60769 413.56437 643.96028 
325.45843 401.48791 375.97318 366.20636 265.44491 493.22519 599.74282 532.50134 344.07357 272.9175 293.08361 627.2074299999999 298.11371999999994 315.75690000000003 111.23892 263.75936 668.43474 532.83473 310.53935 177.96483999999998 509.11885 697.8677700000001 302.16717 408.80729999999994 247.86433999999997 449.1185899999999 554.67648 160.56152 633.4130600000001 249.45186 324.08622 452.84985 597.55669 229.38058 493.71034999999995 519.05863 245.74792000000002 288.53076 509.8991 288.70207 741.6873 398.2788 306.66268 262.60617 407.14125 492.77392 0 304.92287999999996 726.15838 192.38173 362.52561 
593.6623500000001 531.85204 154.87091 320.51031 473.0296 675.29623 440.69953 610.61664 224.96444 363.96452999999997 549.27123 667.52762 360.56596 215.08719000000002 379.44284 549.73251 738.09669 598.77593 486.0784 353.50389 481.20356000000004 883.09043 256.96797000000004 642.61852 352.04789999999997 682.92981 453.31887 378.11481 696.05316 419.63839 206.22803 626.87798 479.8604 376.02128 681.0172 276.66044 502.40652 273.05162 448.81288 321.30982 932.84189 638.86455 576.2181400000001 216.91012 274.16783 765.39363 304.92287999999996 0 908.13504 412.49606 128.15615 
643.72254 927.98615 763.07059 734.84993 819.2035900000001 237.64048 1033.91077 368.77425 906.4444000000001 612.16569 455.0033 407.06265 567.13402 749.95155 640.49434 520.2735700000001 409.72013000000004 368.78691999999995 740.01419 689.44688 619.7238 493.1506 791.83233 755.30648 612.0894000000001 736.69136 763.43237 814.74045 329.81393 636.27038 1024.69674 767.74593 810.0588700000001 727.38573 447.93972 1166.7876999999999 481.65529000000004 1014.68419 671.43633 933.56628 539.03323 741.45668 544.38778 704.36922 800.34005 586.60769 726.15838 908.13504 0 609.80963 868.98449 
251.84373 402.80558 378.3068 468.2841 269.97185 372.3681 632.72427 461.51927 320.22492 249.07273 154.80633 584.15152 308.14182999999997 417.80857 138.86629 194.29046 650.15196 482.30799 223.84198999999998 205.59221 562.66053 626.8857 435.51492 287.81759999999997 269.21757 314.50596 655.1503899999999 220.86421 570.24576 57.07013 460.54665 361.14438 689.22638 257.00795 390.01154 644.40515 239.81221 433.34491 587.37026 349.00476000000003 577.24258 306.57333 182.58423 375.55304 524.04675 413.56437 192.38173 412.49606 609.80963 0 322.62207 
465.50620000000004 409.71269 283.02706 448.66646000000003 379.70051 637.70605 568.85568 614.65437 102.82509 276.02355 477.4284 689.52882 344.33168 343.24334 251.28669 424.68637 762.94757 616.8006 383.08000000000004 250.50549 545.19171 840.56372 385.12412 524.54933 379.12949 564.86062 581.47502 370.11989 715.23307 379.6922 301.58496 548.4674200000001 583.37809 262.06869 619.86127 389.71667 443.51917000000003 167.00299 528.34553 335.37536 892.9189100000001 525.97847 458.01964 345.06627000000003 402.32398 643.96028 362.52561000000003 128.15615 868.98449 322.62207 0 
