101
location69 location35 location106 location16 location20 location180 location97 location158 location11 location177 location25 location43 location157 location182 location169 location123 location82 location28 location110 location12 location59 location105 location179 location92 location57 location65 location6 location74 location116 location195 location164 location142 location68 location108 location91 location143 location140 location2 location49 location188 location133 location196 location150 location37 location165 location159 location85 location17 location197 location139 location128 location149 location90 location130 location199 location171 location152 location27 location5 location146 location118 location100 location22 location13 location56 location136 location184 location107 location129 location87 location93 location46 location114 location175 location33 location95 location186 location58 location181 location3 location44 location127 location172 location148 location111 location154 location32 location26 location30 location96 location10 location178 location193 location109 location75 location185 location190 location161 location94 location40 location1
0 83817612.0 50776424.0 49232496.0 45895561.0 62744521.0 108104362.0 59711678.0 88252397.0 61228212.0 73654143.0 56068066.0 52387032.0 53019839.0 54915177.0 101529812.0 48739407.0 92861389.0 38857245.0 74864101.0 66150497.0 76490093.0 55930754.0 37325370.0 54357104.0 55042734.0 94729380.0 51613822.0 27674574.0 69782513.0 74326556.0 68168099.0 60410104.0 46804861.0 59515481.0 58726664.0 28246817.0 60072270.0 23984619.0 60270626.0 72808595.0 52457835.0 103156777.0 51299338.0 31930350.0 44692159.0 77443398.0 57606425.0 72152908.0 62454725.0 78256344.0 46801482.0 48631320.0 62542176.0 76343706.0 61732748.0 75375523.0 52254849.0 74393600.0 62831327.0 54670446.0 50054621.0 100382727.0 61113639.0 55033666.0 66569755.0 41701987.0 18245420.0 49070808.0 62365323.0 40389443.0 55598283.0 76119603.0 61310599.0 66459940.0 66721763.0 90349123.0 96447572.0 63118277.0 60868592.0 72179718.0 43205538.0 38278953.0 64196943.0 67632044.0 35471765.0 62307740.0 53165320.0 72828361.0 62134162.0 18826864.0 45394313.0 55458910.0 89985575.0 68352405.0 87097036.0 12390513.0 74316034.0 62436264.0 60378956.0 51254831.0 
83817612.0 0 57125289.0 56896902.0 67016128.0 85973171.0 103513453.0 77389910.0 62900402.0 58566305.0 77665669.0 42758980.0 53047684.0 69203156.0 68242676.0 129455177.0 68082572.0 99118154.0 80792308.0 79669455.0 75469662.0 69402741.0 73608986.0 73884662.0 72506108.0 64361899.0 94658424.0 66443826.0 69725186.0 89879015.0 89506961.0 93983255.0 47150913.0 64626108.0 48045536.0 67829200.0 77882581.0 70391857.0 82144779.0 58992325.0 83004116.0 94508447.0 127521328.0 60618503.0 73980962.0 68849202.0 95121630.0 75755429.0 44225445.0 55393135.0 87330376.0 72133685.0 72886070.0 97796344.0 100948241.0 70835284.0 93524527.0 84048805.0 74837846.0 47681790.0 44156600.0 61155411.0 118892223.0 60425745.0 76154233.0 51226573.0 65859030.0 65572192.0 73227851.0 84416873.0 58437603.0 83523648.0 100276646.0 63704117.0 77560730.0 77041350.0 73106224.0 82909992.0 87275320.0 111581876.0 72840370.0 79952315.0 67155763.0 65314450.0 90729861.0 77522377.0 72497335.0 81110988.0 79625692.0 83254729.0 78572896.0 77188269.0 92945560.0 95566567.0 61290815.0 33486724.0 84810173.0 31813364.0 103710557.0 80375745.0 70262559.0 
50776424.0 57125289.0 0 28673293.0 26666992.0 34105463.0 88700238.0 42034492.0 49959633.0 19457696.0 40337713.0 14366309.0 32982908.0 12077867.0 14515398.0 82861420.0 56972369.0 73457265.0 26764027.0 59604679.0 18344373.0 47925567.0 42791003.0 25963516.0 15380819.0 7236610.0 67709382.0 36957683.0 40797270.0 55762185.0 33384584.0 56074881.0 36040710.0 59927557.0 36935333.0 10703911.0 39928485.0 36275027.0 44190683.0 27804414.0 42654980.0 59030694.0 75172191.0 3493214.0 37500225.0 25288035.0 58296724.0 18630140.0 42494989.0 44541076.0 53692997.0 52068909.0 41887775.0 43138052.0 56939582.0 13709995.0 36399238.0 53050510.0 58453344.0 36829731.0 12968689.0 13234265.0 86998728.0 40554436.0 35805097.0 29749399.0 22297863.0 69021844.0 29666684.0 29348718.0 27249692.0 48143277.0 56715479.0 33827946.0 29639584.0 42924520.0 42326370.0 75568376.0 43714153.0 72473267.0 52775594.0 26225037.0 18874829.0 34126539.0 49611725.0 33958810.0 29030534.0 40761852.0 58148518.0 42905593.0 31949560.0 46189974.0 57407400.0 68617525.0 43341992.0 41474781.0 50898373.0 46210637.0 49052265.0 40974832.0 39264264.0 
49232496.0 56896902.0 28673293.0 0 55340285.0 45041736.0 96438931.0 67272093.0 68264068.0 45160689.0 66040706.0 43039602.0 47120177.0 37780860.0 43188691.0 96670575.0 50002665.0 81195958.0 52467020.0 73741948.0 35861809.0 64751648.0 63491169.0 54636809.0 44054112.0 32939603.0 89462525.0 51094952.0 61311897.0 61652718.0 43217216.0 74251706.0 46000089.0 80442184.0 46894712.0 39377204.0 20985679.0 55140564.0 25247877.0 55003771.0 71328273.0 72111834.0 103299260.0 29196207.0 65567673.0 26598892.0 73478018.0 47303433.0 37178460.0 54242311.0 79395990.0 50034885.0 57874272.0 56219192.0 64678275.0 42383288.0 57309993.0 71378138.0 68108020.0 46530966.0 41641982.0 41907558.0 100079868.0 11881143.0 64478390.0 48977185.0 29589064.0 67477916.0 36957885.0 48684706.0 55922985.0 50739046.0 64006680.0 53007691.0 58312877.0 48815053.0 66376398.0 84334649.0 51005354.0 62131850.0 66912863.0 54898330.0 33012098.0 62799832.0 74715462.0 62632103.0 44214473.0 56115615.0 65567223.0 58086887.0 52464187.0 64517602.0 86080693.0 81112870.0 60139991.0 70148074.0 61623009.0 25083538.0 62133405.0 48266033.0 57591892.0 
45895561.0 67016128.0 26666992.0 55340285.0 0 39364633.0 82668067.0 28270441.0 48713208.0 46124688.0 67004705.0 41033301.0 28117369.0 38744859.0 12151594.0 93011401.0 47237186.0 63582885.0 36139848.0 54739140.0 45011365.0 59074545.0 24489517.0 39837077.0 20639989.0 33903602.0 70459717.0 60130049.0 35916407.0 38672082.0 60051576.0 65450702.0 26305527.0 50195157.0 27200150.0 15963081.0 50303220.0 20533081.0 47847178.0 50907624.0 26913034.0 54138406.0 80318624.0 30160206.0 35136421.0 42705083.0 31629732.0 23889310.0 69161981.0 33497726.0 58912039.0 41067561.0 15220783.0 69805044.0 74804122.0 18969165.0 41658408.0 26383518.0 48522269.0 41209071.0 39635681.0 39901257.0 69772754.0 66387027.0 9138105.0 55132556.0 39714911.0 55911010.0 33231279.0 42959075.0 30642628.0 49864362.0 70653149.0 35439268.0 56306576.0 25834417.0 47585540.0 69204767.0 55352185.0 84544878.0 47910055.0 23861233.0 42225448.0 60793531.0 46902802.0 31595006.0 31039537.0 25019906.0 54426969.0 16238601.0 27068697.0 19522982.0 57970617.0 87268178.0 27600046.0 57438214.0 51461590.0 47222078.0 64116835.0 45790817.0 12597272.0 
62744521.0 85973171.0 34105463.0 45041736.0 39364633.0 0 94214288.0 63197357.0 38202157.0 53563159.0 57253434.0 48471772.0 50327351.0 46183330.0 27213039.0 101270750.0 57964671.0 89818989.0 43578319.0 37363750.0 52449836.0 19709912.0 59416433.0 60068979.0 28078460.0 41342073.0 86945621.0 66212181.0 54453642.0 68459826.0 67490047.0 72889173.0 38822258.0 73318146.0 37927635.0 23401552.0 43022100.0 48972668.0 38759902.0 61909877.0 55352621.0 79236903.0 87869832.0 37598677.0 50197866.0 53138484.0 65714970.0 31327781.0 76600452.0 61937313.0 45024671.0 34032460.0 52195192.0 77243515.0 89865567.0 26407636.0 49096879.0 49506507.0 36212415.0 69648658.0 47074152.0 47339728.0 109137387.0 33160593.0 48502738.0 36927474.0 54776356.0 80989941.0 52249039.0 47442441.0 61355155.0 55339221.0 66095232.0 26729685.0 63745047.0 55622161.0 55024011.0 88266017.0 67223614.0 71354013.0 30534665.0 38922678.0 52980292.0 59467948.0 62309366.0 46656451.0 35522903.0 53459493.0 65326593.0 50323839.0 63301352.0 42645971.0 91512863.0 87853764.0 56039633.0 67615835.0 68443429.0 58620438.0 83157728.0 62507666.0 49571681.0 
108104362.0 103513453.0 88700238.0 96438931.0 82668067.0 94214288.0 0 105450662.0 111729192.0 103220553.0 109439652.0 103066547.0 83933488.0 97807805.0 86646307.0 138626810.0 76323689.0 107359271.0 93657771.0 108097093.0 104074311.0 103365737.0 101669738.0 85954644.0 78157912.0 85166640.0 125384621.0 87908263.0 95760247.0 102494680.0 116569550.0 122968625.0 56362540.0 97263146.0 56286653.0 82834820.0 99137258.0 96306508.0 101078477.0 91817082.0 109581101.0 116358632.0 131450642.0 88910036.0 100016023.0 69840039.0 109178343.0 74908591.0 110260627.0 60825289.0 115758014.0 88213454.0 89861264.0 100465990.0 75672112.0 85840904.0 92677689.0 73451507.0 95590258.0 68536634.0 101668927.0 91881608.0 125465156.0 93074491.0 91806172.0 85189569.0 66849867.0 125937783.0 74218688.0 99375158.0 102329061.0 92695281.0 101267483.0 90106397.0 108286927.0 89657015.0 86887969.0 114240196.0 88266157.0 133672588.0 101268008.0 98355946.0 69825409.0 120756839.0 120986671.0 103557438.0 87455620.0 70269501.0 111227135.0 94002643.0 89277498.0 80312043.0 117398528.0 126292764.0 66722969.0 129111504.0 107506286.0 77279091.0 106380203.0 85526836.0 87237753.0 
59711678.0 77389910.0 42034492.0 67272093.0 28270441.0 63197357.0 105450662.0 0 74514975.0 61492188.0 70270049.0 35000858.0 24342226.0 54112359.0 40422035.0 84475498.0 34040552.0 35312444.0 41676940.0 50963997.0 60378865.0 62602615.0 3780924.0 35696652.0 48910430.0 49271102.0 66684574.0 39421456.0 63169385.0 55710802.0 68082743.0 70987794.0 50058632.0 78145801.0 49982745.0 44233522.0 63057538.0 48803522.0 58795340.0 39587231.0 55183475.0 38386124.0 101528059.0 45527706.0 63406862.0 44863511.0 25293568.0 52159751.0 75476755.0 60826007.0 58624918.0 29164897.0 43491224.0 54278766.0 76515058.0 47239606.0 69928849.0 54334162.0 49812662.0 61126501.0 33603238.0 37789607.0 65997611.0 68097963.0 37408546.0 51512743.0 41873339.0 77957098.0 49242160.0 53904060.0 19322235.0 38543969.0 68350895.0 62379094.0 54194926.0 50280515.0 75855981.0 83224139.0 49894844.0 90081970.0 44134912.0 52131674.0 38450305.0 54761088.0 62520385.0 59865447.0 53585876.0 53290347.0 79911862.0 40684699.0 55339138.0 47793423.0 53830192.0 76050221.0 55870487.0 47550971.0 47321165.0 70975183.0 48364553.0 42015674.0 40867713.0 
88252397.0 62900402.0 49959633.0 68264068.0 48713208.0 38202157.0 111729192.0 74514975.0 0 69417329.0 90297346.0 59639031.0 53710140.0 62037500.0 49939756.0 104768227.0 76298311.0 104259977.0 73928010.0 75565907.0 68304006.0 44715791.0 73183725.0 55784008.0 58428151.0 57196243.0 76557770.0 79128570.0 76845072.0 47667285.0 83344217.0 98532905.0 55366652.0 98456976.0 56261275.0 53751243.0 81224257.0 28180127.0 76962059.0 75872376.0 64701196.0 63133609.0 89313827.0 53452847.0 72589296.0 56721799.0 59492585.0 61677472.0 83397839.0 66760301.0 83226828.0 54000245.0 63933991.0 79026251.0 94801182.0 56757327.0 79446570.0 74645337.0 74414572.0 59048956.0 61036651.0 43054757.0 105883423.0 71362750.0 48774360.0 26539623.0 59711971.0 104624218.0 67080792.0 61829201.0 67301444.0 58836698.0 94129587.0 64931842.0 45952624.0 34829620.0 84473390.0 92000510.0 70958107.0 109556170.0 68736822.0 61649395.0 61045716.0 82194501.0 76429490.0 69383168.0 58902390.0 62808068.0 54938742.0 44101454.0 75781905.0 68236190.0 82370911.0 77465913.0 65388208.0 29413678.0 75861884.0 43180530.0 73112038.0 66005143.0 61310480.0 
61228212.0 58566305.0 19457696.0 45160689.0 46124688.0 53563159.0 103220553.0 61492188.0 69417329.0 0 56825109.0 33824005.0 47503223.0 28565263.0 33973094.0 87254140.0 54735054.0 87977580.0 43251423.0 62718784.0 34831769.0 67383263.0 62248699.0 45421212.0 34838515.0 23724006.0 87167078.0 51477998.0 47717733.0 50743709.0 49871980.0 72562277.0 47669492.0 74447872.0 48564115.0 30161607.0 32981395.0 44231555.0 37243593.0 47262110.0 62112676.0 66210033.0 92390251.0 19980610.0 43461957.0 39808350.0 49229529.0 38087836.0 58982385.0 55911714.0 67237575.0 66589224.0 61345471.0 57658367.0 71459897.0 33167691.0 55856934.0 72350700.0 50211949.0 48200369.0 32426385.0 32691961.0 101519043.0 55365322.0 55262793.0 49207095.0 36818178.0 66466367.0 44186999.0 48806414.0 46707388.0 62663592.0 71235794.0 53285642.0 49097280.0 37906044.0 61784066.0 91563763.0 58234468.0 53015571.0 55889699.0 32186769.0 33395144.0 53584235.0 69069421.0 39920542.0 48488230.0 60219548.0 77562939.0 33838398.0 46469875.0 65647670.0 76865096.0 68365863.0 61809394.0 60932477.0 70356069.0 26752941.0 63572580.0 55495147.0 58721960.0 
73654143.0 77665669.0 40337713.0 66040706.0 67004705.0 57253434.0 109439652.0 70270049.0 90297346.0 56825109.0 0 54704022.0 46511455.0 49445280.0 54853111.0 99668531.0 90323654.0 105582493.0 64131440.0 19889684.0 55711786.0 69031295.0 66489125.0 66301229.0 55718532.0 40587895.0 88853803.0 48738115.0 45979569.0 48016792.0 70751997.0 93442294.0 69391995.0 78346909.0 70286618.0 51041624.0 77295898.0 67503950.0 81558096.0 53504223.0 82992693.0 65341470.0 111933990.0 36844499.0 41723793.0 62655448.0 85841404.0 55391939.0 79862402.0 48614363.0 13355284.0 53032841.0 63271420.0 80505465.0 83259447.0 54047708.0 64153382.0 54535270.0 32396519.0 56325708.0 53306402.0 53571978.0 106232930.0 77921849.0 76142810.0 70087112.0 59665276.0 91899563.0 67034097.0 69686431.0 67587405.0 53737002.0 62279336.0 70589745.0 69977297.0 60854457.0 76836062.0 114410861.0 81081566.0 97227578.0 26718769.0 45916151.0 56242242.0 55652052.0 31589401.0 38182378.0 69368247.0 71470315.0 98486231.0 70450273.0 54827279.0 61395806.0 97745113.0 91243254.0 42716683.0 81812494.0 74933850.0 75421001.0 75319899.0 60905447.0 65894931.0 
56068066.0 42758980.0 14366309.0 43039602.0 41033301.0 48471772.0 103066547.0 35000858.0 59639031.0 33824005.0 54704022.0 0 42393036.0 26444176.0 28881707.0 97227729.0 61479562.0 70313302.0 38033328.0 49847884.0 32710682.0 51275576.0 31219934.0 32053040.0 29747128.0 21602919.0 76531259.0 44336316.0 55163579.0 70128494.0 47750893.0 67344182.0 50407019.0 74293866.0 51301642.0 25070220.0 54294794.0 50641336.0 58556992.0 16233345.0 57021289.0 65825134.0 89538500.0 17859523.0 51866534.0 39654344.0 52732578.0 32996449.0 40475897.0 57182395.0 57508805.0 47797978.0 43358990.0 57504361.0 71305891.0 28076304.0 50765547.0 59768747.0 47722051.0 51196040.0 1397620.0 27600574.0 84048421.0 54920745.0 50171406.0 33099408.0 36664172.0 68506993.0 44032993.0 43715027.0 15678623.0 56594779.0 65379486.0 48194255.0 44005893.0 57290829.0 56692679.0 79160444.0 58080462.0 86438358.0 51488753.0 40591346.0 33241138.0 22555470.0 63978034.0 48325119.0 43396843.0 55128161.0 61498527.0 57271902.0 46315869.0 52908211.0 50186580.0 77439402.0 57708301.0 52517696.0 43677553.0 60576946.0 63418574.0 55341141.0 45982501.0 
52387032.0 53047684.0 32982908.0 47120177.0 28117369.0 50327351.0 83933488.0 24342226.0 53710140.0 47503223.0 46511455.0 42393036.0 0 42090475.0 40268963.0 86324291.0 50820930.0 59654670.0 49069118.0 26621771.0 48356981.0 45346685.0 20561302.0 43088830.0 48363727.0 37249218.0 42342348.0 32190933.0 42407878.0 55575111.0 57468685.0 63618661.0 36239230.0 61538165.0 35344607.0 43686819.0 68105856.0 48650450.0 72368054.0 36099752.0 55030403.0 55166502.0 97221653.0 33505822.0 46663654.0 20521285.0 42073946.0 51613048.0 60941873.0 61615095.0 34282692.0 19086001.0 43338152.0 44748660.0 52172832.0 46692903.0 69382146.0 47609187.0 25470436.0 69324343.0 40995416.0 31627487.0 65844539.0 43755737.0 37255474.0 27170517.0 17531113.0 70632452.0 24899934.0 50056404.0 26714413.0 40392762.0 51948729.0 46930084.0 48032806.0 42737446.0 75309278.0 72276698.0 38947403.0 90301495.0 19792686.0 51978602.0 14108079.0 48725969.0 42214068.0 50205069.0 38136866.0 53137275.0 55569636.0 44355970.0 33560168.0 47640351.0 61222370.0 66038643.0 55717415.0 62806400.0 53496970.0 52701532.0 50662873.0 36208082.0 40714641.0 
53019839.0 69203156.0 12077867.0 37780860.0 38744859.0 46183330.0 97807805.0 54112359.0 62037500.0 28565263.0 49445280.0 26444176.0 42090475.0 0 26593265.0 94939287.0 66079936.0 82564832.0 14686160.0 68712246.0 27451940.0 60003434.0 52058610.0 38041383.0 27458686.0 16344177.0 79787249.0 46065250.0 49904837.0 67840052.0 21306717.0 43997014.0 45148277.0 69035124.0 46042900.0 22781778.0 49036052.0 48352894.0 53298250.0 39882281.0 54732847.0 68138261.0 87250058.0 12600781.0 49578092.0 34395602.0 62524265.0 30708007.0 51602556.0 56618943.0 62800564.0 61176476.0 53965642.0 52245619.0 66047149.0 25787862.0 48477105.0 65128377.0 67560911.0 48907598.0 25046556.0 25312132.0 96106295.0 49662003.0 47882964.0 41827266.0 31405430.0 71265259.0 38774251.0 41426585.0 36517299.0 57250844.0 65823046.0 45905813.0 41717451.0 55002387.0 54404237.0 86151015.0 52821720.0 63091190.0 61883161.0 38302904.0 27982396.0 46204406.0 61689592.0 46036677.0 41108401.0 52839719.0 55906960.0 47133134.0 41057127.0 58267841.0 69485267.0 65814490.0 55419859.0 53552648.0 62976240.0 55318204.0 58159832.0 50082399.0 51342131.0 
54915177.0 68242676.0 14515398.0 43188691.0 12151594.0 27213039.0 86646307.0 40422035.0 49939756.0 33973094.0 54853111.0 28881707.0 40268963.0 26593265.0 0 80859807.0 59388780.0 75734479.0 23988254.0 54421366.0 32859771.0 46922951.0 36641111.0 40478914.0 8488395.0 21752008.0 71214790.0 49069205.0 27240603.0 41246787.0 47899982.0 53299108.0 38457121.0 62346751.0 39351744.0 3811487.0 54443883.0 21759629.0 57114192.0 42319812.0 28139582.0 52023864.0 68279767.0 18008612.0 22984827.0 30553489.0 43781326.0 11737716.0 57010387.0 34724274.0 46760445.0 45978358.0 27372377.0 57653450.0 62652528.0 6817571.0 29506814.0 38535112.0 60673863.0 42435619.0 27484087.0 27749663.0 81924348.0 54235433.0 21289699.0 44264797.0 27563317.0 68062604.0 32658974.0 43864116.0 41765090.0 46682519.0 61980933.0 26935522.0 44154982.0 28409122.0 35433946.0 68675952.0 47633549.0 72393284.0 57747704.0 11709639.0 30986351.0 48641937.0 35096327.0 19443412.0 35728740.0 26246454.0 55653517.0 28390195.0 36088313.0 31674576.0 70122211.0 75116584.0 28826594.0 55990179.0 55936712.0 39503496.0 62002293.0 46240286.0 24748866.0 
101529812.0 129455177.0 82861420.0 96670575.0 93011401.0 101270750.0 138626810.0 84475498.0 104768227.0 87254140.0 99668531.0 97227729.0 86324291.0 94939287.0 80859807.0 0 105467219.0 119787942.0 104848061.0 108822519.0 100070146.0 92001097.0 80694574.0 91345786.0 89348202.0 90098030.0 109305823.0 93282831.0 85130202.0 72660991.0 116246004.0 111770950.0 86324806.0 115636923.0 85430183.0 84671294.0 107724929.0 90289795.0 111987127.0 97191650.0 108999389.0 88127315.0 138448491.0 86354634.0 80874426.0 74767115.0 102207218.0 92597523.0 115187703.0 103021075.0 101161598.0 67238290.0 89199740.0 96976779.0 106866154.0 87677378.0 110366621.0 91825284.0 111794727.0 103003194.0 95830109.0 78616535.0 129009029.0 98449059.0 100597369.0 78228604.0 71776943.0 119775232.0 79145764.0 94730988.0 86847685.0 45931529.0 97749377.0 101175914.0 95021854.0 83640302.0 115777865.0 126522528.0 93193233.0 140269711.0 106116977.0 69599238.0 75199977.0 116987959.0 91918867.0 77333011.0 92382696.0 107106261.0 85058797.0 93236118.0 93960605.0 98685820.0 121355642.0 105448703.0 108918755.0 106857051.0 89139299.0 102787108.0 91062566.0 53099974.0 91823251.0 
48739407.0 68082572.0 56972369.0 50002665.0 47237186.0 57964671.0 76323689.0 34040552.0 76298311.0 54735054.0 90323654.0 61479562.0 50820930.0 66079936.0 59388780.0 105467219.0 0 69352996.0 68155644.0 77442701.0 72346442.0 67934856.0 30259628.0 62175356.0 67877175.0 49735759.0 89953740.0 59356418.0 69573363.0 66245063.0 87386653.0 97315233.0 20931659.0 88703650.0 20037036.0 63200267.0 29016986.0 60056891.0 24754788.0 63265237.0 74150220.0 64864828.0 108215587.0 53479155.0 73829139.0 40840702.0 51772272.0 71126496.0 81261290.0 65427981.0 85103622.0 52782573.0 57381183.0 71914145.0 72939741.0 66206351.0 88895594.0 73620704.0 76291366.0 57716636.0 60081942.0 56450727.0 92476315.0 58137357.0 56375291.0 49758688.0 37850530.0 66984827.0 45219351.0 65891706.0 45800939.0 59535690.0 72268146.0 67249501.0 72856046.0 53407398.0 83141070.0 92596115.0 59266820.0 57348899.0 70613616.0 62831343.0 41273564.0 81239792.0 85555790.0 70565116.0 58456283.0 55622526.0 73598530.0 63003214.0 60725653.0 66760168.0 80308896.0 90861883.0 71325661.0 74029675.0 61129920.0 41848210.0 74843257.0 52367245.0 59834458.0 
92861389.0 99118154.0 73457265.0 81195958.0 63582885.0 89818989.0 107359271.0 35312444.0 104259977.0 87977580.0 105582493.0 70313302.0 59654670.0 82564832.0 75734479.0 119787942.0 69352996.0 0 76989384.0 86276441.0 88831338.0 97915059.0 39093368.0 71009096.0 84222874.0 77723575.0 101997018.0 72665290.0 82882235.0 89650892.0 101326577.0 106300238.0 51967241.0 102012522.0 51891354.0 79545966.0 94741959.0 83138738.0 94107784.0 74899675.0 90495919.0 73698568.0 131297434.0 73980179.0 87138011.0 54597066.0 60606012.0 87472195.0 95017654.0 96138451.0 93937362.0 64477341.0 78803668.0 85223017.0 86248613.0 82552050.0 105241293.0 89646606.0 85125106.0 88752218.0 68915682.0 73102051.0 101310055.0 77831518.0 72720990.0 80794270.0 51606894.0 111106809.0 58975715.0 84132185.0 54634679.0 73856413.0 86024510.0 81005865.0 89507370.0 76813227.0 111168425.0 106352479.0 73023184.0 125394414.0 79447356.0 87444118.0 54582436.0 90073532.0 97832829.0 90679426.0 72212647.0 88602791.0 105152862.0 75997143.0 74034525.0 83105867.0 89142636.0 111362665.0 91182931.0 82863415.0 82633609.0 72883792.0 83676997.0 70283863.0 76180157.0 
38857245.0 80792308.0 26764027.0 52467020.0 36139848.0 43578319.0 93657771.0 41676940.0 73928010.0 43251423.0 64131440.0 38033328.0 49069118.0 14686160.0 23988254.0 104848061.0 68155644.0 76989384.0 0 66121802.0 42138100.0 63288231.0 37896016.0 38729122.0 15499859.0 31030337.0 91411466.0 60751410.0 51228857.0 65235041.0 35992877.0 29310854.0 59834437.0 80535447.0 60729060.0 20176767.0 60154408.0 45747883.0 58922158.0 42619701.0 52127836.0 72501216.0 75291231.0 27286941.0 46973081.0 49081762.0 59408660.0 18749180.0 66288716.0 58712528.0 70748699.0 54474060.0 50035072.0 66931779.0 80733309.0 23182851.0 36518278.0 56723808.0 72547080.0 63593758.0 36635708.0 39998292.0 90724503.0 64348163.0 45277953.0 56513426.0 46091590.0 57102665.0 49024254.0 54659742.0 22354705.0 63270861.0 80509206.0 33946986.0 56403611.0 52397376.0 51799226.0 85041232.0 63998829.0 48405030.0 68861804.0 35697893.0 42668556.0 57793558.0 59084581.0 43431666.0 42740204.0 50234708.0 41220800.0 52378449.0 53764403.0 49863272.0 56862662.0 51128330.0 52814848.0 68238808.0 50353635.0 63491750.0 64162782.0 64768559.0 48737120.0 
74864101.0 79669455.0 59604679.0 73741948.0 54739140.0 37363750.0 108097093.0 50963997.0 75565907.0 62718784.0 19889684.0 49847884.0 26621771.0 68712246.0 54421366.0 108822519.0 77442701.0 86276441.0 66121802.0 0 74978752.0 49141611.0 47183073.0 68242867.0 62909761.0 60477579.0 68964119.0 28848431.0 58242691.0 46731100.0 51911566.0 90240432.0 62861001.0 58457225.0 61966378.0 58232853.0 79096496.0 66218258.0 76123652.0 33614539.0 77072799.0 64055778.0 114376954.0 56734183.0 53986915.0 47143056.0 68695717.0 66159082.0 87563644.0 65247255.0 7660921.0 45707772.0 51055343.0 71370431.0 78794603.0 61238937.0 62867690.0 34645586.0 12506835.0 72958600.0 48450264.0 58249258.0 92466310.0 70377508.0 63877245.0 53792288.0 44152884.0 81713891.0 51521705.0 60095760.0 53336184.0 62890990.0 42389652.0 57422408.0 74654577.0 59568765.0 89855312.0 98898469.0 65569174.0 77337894.0 6829085.0 42711727.0 40729850.0 35762368.0 30303709.0 50445500.0 64758637.0 79759046.0 82191407.0 69164581.0 60181939.0 41506122.0 87844141.0 92660414.0 62606367.0 89428171.0 74509922.0 55531317.0 74034207.0 62829853.0 48431832.0 
66150497.0 75469662.0 18344373.0 35861809.0 45011365.0 52449836.0 104074311.0 60378865.0 68304006.0 34831769.0 55711786.0 32710682.0 48356981.0 27451940.0 32859771.0 100070146.0 72346442.0 88831338.0 42138100.0 74978752.0 0 66269940.0 61135376.0 44307889.0 33725192.0 22610683.0 86053755.0 52331756.0 53098741.0 74106558.0 48758657.0 71448954.0 51414783.0 75301630.0 52309406.0 29048284.0 55302558.0 54619400.0 59564756.0 46148787.0 60999353.0 74404767.0 93516564.0 18867287.0 48842965.0 40662108.0 76641097.0 36974513.0 57869062.0 62885449.0 69067070.0 67442982.0 60232148.0 58512125.0 72313655.0 32054368.0 54743611.0 71394883.0 73827417.0 55174104.0 31313062.0 31578638.0 102372801.0 47742952.0 54149470.0 48093772.0 37671936.0 84395917.0 45040757.0 47693091.0 45594065.0 54138617.0 72089552.0 52172319.0 47983957.0 61268893.0 60670743.0 92417521.0 59088226.0 87847340.0 68149667.0 37567777.0 34248902.0 52470912.0 67956098.0 45301550.0 47374907.0 59106225.0 76492891.0 61249966.0 47323633.0 64534347.0 75751773.0 86961898.0 61686365.0 59819154.0 65577431.0 60945347.0 64426338.0 46970172.0 57608637.0 
76490093.0 69402741.0 47925567.0 64751648.0 59074545.0 19709912.0 103365737.0 62602615.0 44715791.0 67383263.0 69031295.0 51275576.0 45346685.0 60003434.0 46922951.0 92001097.0 67934856.0 97915059.0 63288231.0 49141611.0 66269940.0 0 58821691.0 47420553.0 47788372.0 55162177.0 68194315.0 70765115.0 74163554.0 79217796.0 75500190.0 89898067.0 47003197.0 79778622.0 47897820.0 43111464.0 48243276.0 68682580.0 52505474.0 67508921.0 75062533.0 93426891.0 104930018.0 51418781.0 69907778.0 59095467.0 72175446.0 48387967.0 83315081.0 72549908.0 56802532.0 45365407.0 58655668.0 83322842.0 90747014.0 46117548.0 66157065.0 55966983.0 38545824.0 78121561.0 52673196.0 34691302.0 111191224.0 52870505.0 68212650.0 18176168.0 56105295.0 94109912.0 63474116.0 53902917.0 63794970.0 46069568.0 68428641.0 33190161.0 51096621.0 66380131.0 74733923.0 103654212.0 77521585.0 74977569.0 42312526.0 58632590.0 52682261.0 61801357.0 68066035.0 66366363.0 41983379.0 73169405.0 46575287.0 56784315.0 72134350.0 49106447.0 78864437.0 69102458.0 75749545.0 71921198.0 67266416.0 62253135.0 89237055.0 53238013.0 56032157.0 
55930754.0 73608986.0 42791003.0 63491169.0 24489517.0 59416433.0 101669738.0 3780924.0 73183725.0 62248699.0 66489125.0 31219934.0 20561302.0 52058610.0 36641111.0 80694574.0 30259628.0 39093368.0 37896016.0 47183073.0 61135376.0 58821691.0 0 31915728.0 45129506.0 50027613.0 62903650.0 35640532.0 59388461.0 51929878.0 64301819.0 67206870.0 46277708.0 74364877.0 46201821.0 40452598.0 59276614.0 45022598.0 55014416.0 35806307.0 51402551.0 34605200.0 97747135.0 46284217.0 59625938.0 41082587.0 21512644.0 48378827.0 71695831.0 57045083.0 54843994.0 25383973.0 39710300.0 50497842.0 72734134.0 43458682.0 66147925.0 50553238.0 46031738.0 63694626.0 29822314.0 41570531.0 62216687.0 64317039.0 33627622.0 47731819.0 38092415.0 74176174.0 45461236.0 57684984.0 15541311.0 34763045.0 64569971.0 59928785.0 57975850.0 46499591.0 72075057.0 79443215.0 46113920.0 86301046.0 40353988.0 48350750.0 34669381.0 50980164.0 58739461.0 56084523.0 51704711.0 49509423.0 76130938.0 36903775.0 51558214.0 44012499.0 50049268.0 72269297.0 52089563.0 43770047.0 43540241.0 67194259.0 44583629.0 38234750.0 37086789.0 
37325370.0 73884662.0 25963516.0 54636809.0 39837077.0 60068979.0 85954644.0 35696652.0 55784008.0 45421212.0 66301229.0 32053040.0 43088830.0 38041383.0 40478914.0 91345786.0 62175356.0 71009096.0 38729122.0 68242867.0 44307889.0 47420553.0 31915728.0 0 41344335.0 33200126.0 67204368.0 59551332.0 64999944.0 55544402.0 59348100.0 68039976.0 48248319.0 64837690.0 49142942.0 36667427.0 61504887.0 36057244.0 57242689.0 36639413.0 66750111.0 66520928.0 79141751.0 29456730.0 63463741.0 40179128.0 53428372.0 44593656.0 68458505.0 25129355.0 75903788.0 48493772.0 24616294.0 69101568.0 73381243.0 39673511.0 62362754.0 41026051.0 63164802.0 32840700.0 30655420.0 12729251.0 84744215.0 66517952.0 48975182.0 29244385.0 43169300.0 55570790.0 47873812.0 37833084.0 16374417.0 57290573.0 77586916.0 46308118.0 29134570.0 42706737.0 65146414.0 87584379.0 64585590.0 87134152.0 62881516.0 52188553.0 44838345.0 51813270.0 56298313.0 59922326.0 37514900.0 64856983.0 57643504.0 51978571.0 56152234.0 34165515.0 31443884.0 68112511.0 31027035.0 49959147.0 24934857.0 54288128.0 75015781.0 60762278.0 27239805.0 
54357104.0 72506108.0 15380819.0 44054112.0 20639989.0 28078460.0 78157912.0 48910430.0 58428151.0 34838515.0 55718532.0 29747128.0 48363727.0 27458686.0 8488395.0 89348202.0 67877175.0 84222874.0 15499859.0 62909761.0 33725192.0 47788372.0 45129506.0 41344335.0 0 22617429.0 79703185.0 52338502.0 35728998.0 49735182.0 48765403.0 44810713.0 46945516.0 65035588.0 47840139.0 4676908.0 55309304.0 30248024.0 59571502.0 43185233.0 36627977.0 60512259.0 59791372.0 18874033.0 31473222.0 39041884.0 52269721.0 3249321.0 57875808.0 43212669.0 55248840.0 54466753.0 35860772.0 58518871.0 71140923.0 7682992.0 21018419.0 41223949.0 57047221.0 50924014.0 28349508.0 28615084.0 90412743.0 55935255.0 29778094.0 45130218.0 36051712.0 72602524.0 33524395.0 39159883.0 37854564.0 55170914.0 70469328.0 18447127.0 45020403.0 36897517.0 36299367.0 69541373.0 48498970.0 63904889.0 58613125.0 20198034.0 34255648.0 49507358.0 43584722.0 27931807.0 27240345.0 34734849.0 56720659.0 36878590.0 44576708.0 34363413.0 72362521.0 66628189.0 37314989.0 56855600.0 64425107.0 47991891.0 64433084.0 54728681.0 33237261.0 
55042734.0 64361899.0 7236610.0 32939603.0 33903602.0 41342073.0 85166640.0 49271102.0 57196243.0 23724006.0 40587895.0 21602919.0 37249218.0 16344177.0 21752008.0 90098030.0 49735759.0 77723575.0 31030337.0 60477579.0 22610683.0 55162177.0 50027613.0 33200126.0 22617429.0 0 74945992.0 41223993.0 45063580.0 62998795.0 37650894.0 60341191.0 28804100.0 64193867.0 29698723.0 17940521.0 44194795.0 43511637.0 48456993.0 35041024.0 49891590.0 63297004.0 82408801.0 3743396.0 44736835.0 29554345.0 65533334.0 25866750.0 46761299.0 51777686.0 53943179.0 56335219.0 49124385.0 47404362.0 61205892.0 20946605.0 43635848.0 60287120.0 60105043.0 44066341.0 20205299.0 20470875.0 91265038.0 44820746.0 43041707.0 36986009.0 26564173.0 73288154.0 33932994.0 36585328.0 34486302.0 52409587.0 60981789.0 41064556.0 36876194.0 50161130.0 46623695.0 77688073.0 44358778.0 76739577.0 54427293.0 33461647.0 23141139.0 41363149.0 56848335.0 41195420.0 36267144.0 47998462.0 65385128.0 50142203.0 36215870.0 53426584.0 64644010.0 75854135.0 50578602.0 48711391.0 58134983.0 49720651.0 53318575.0 45241142.0 46500874.0 
94729380.0 94658424.0 67709382.0 89462525.0 70459717.0 86945621.0 125384621.0 66684574.0 76557770.0 87167078.0 88853803.0 76531259.0 42342348.0 79787249.0 71214790.0 109305823.0 89953740.0 101997018.0 91411466.0 68964119.0 86053755.0 68194315.0 62903650.0 67204368.0 79703185.0 74945992.0 0 74533281.0 84750226.0 97917459.0 99811033.0 105961009.0 69022081.0 103880513.0 69916704.0 75026277.0 106570475.0 90992798.0 110832673.0 78442100.0 97372751.0 97508850.0 139494557.0 71202596.0 89006002.0 62863633.0 84416294.0 82952506.0 103284221.0 92333723.0 76625040.0 61428349.0 84631583.0 87091008.0 94515180.0 78032361.0 97625679.0 86065697.0 67812784.0 100045068.0 77928879.0 54475117.0 108186887.0 86098085.0 79597822.0 50018147.0 59873461.0 112974800.0 67242282.0 79578950.0 69056761.0 63374294.0 93181220.0 88053984.0 70880436.0 85079794.0 81804492.0 114006949.0 80677654.0 132643843.0 62135034.0 82924429.0 56450427.0 91068317.0 65061698.0 90658202.0 79260766.0 95479623.0 78417266.0 86698318.0 75902516.0 89982699.0 98648252.0 88886273.0 98059763.0 91705013.0 84571142.0 89938632.0 93005221.0 70542739.0 83056989.0 
51613822.0 66443826.0 36957683.0 51094952.0 60130049.0 66212181.0 87908263.0 39421456.0 79128570.0 51477998.0 48738115.0 44336316.0 32190933.0 46065250.0 49069205.0 93282831.0 59356418.0 72665290.0 60751410.0 28848431.0 52331756.0 70765115.0 35640532.0 59551332.0 52338502.0 41223993.0 74533281.0 0 46382653.0 59549886.0 28661287.0 90062264.0 40214005.0 65512940.0 39319382.0 47661594.0 72080631.0 53037732.0 71678735.0 40074527.0 77208787.0 64616077.0 101196428.0 37480597.0 44086681.0 24496060.0 57153176.0 55587823.0 64916648.0 64813881.0 36509352.0 51276934.0 52132227.0 48723435.0 56147607.0 50667678.0 73356921.0 63294962.0 41355266.0 62673537.0 42938696.0 50191948.0 92584111.0 47730512.0 61310998.0 52588947.0 21505888.0 69075934.0 28874709.0 54031179.0 51181843.0 47351302.0 55923504.0 50904859.0 66597267.0 46712221.0 79284053.0 76251473.0 42922178.0 104493569.0 35677516.0 48279039.0 18082854.0 64096546.0 59152140.0 40545266.0 42111641.0 71873399.0 75051856.0 55984055.0 37534943.0 56434426.0 77684872.0 91457073.0 70711561.0 76202542.0 62162307.0 56676307.0 54637648.0 40182857.0 49508716.0 
27674574.0 69725186.0 40797270.0 61311897.0 35916407.0 54453642.0 95760247.0 63169385.0 76845072.0 47717733.0 45979569.0 55163579.0 42407878.0 49904837.0 27240603.0 85130202.0 69573363.0 82882235.0 51228857.0 58242691.0 53098741.0 74163554.0 59388461.0 64999944.0 35728998.0 45063580.0 84750226.0 46382653.0 0 42107939.0 71211554.0 80539711.0 50430950.0 36825707.0 49536327.0 31052090.0 52001685.0 48664945.0 47739487.0 50291472.0 55380185.0 24783261.0 95520370.0 41320184.0 4255776.0 34713005.0 65671654.0 38978319.0 44478334.0 57932180.0 50581770.0 61493879.0 51137190.0 40675903.0 66364552.0 34058174.0 56747417.0 60637346.0 67878314.0 52852173.0 53765959.0 54031535.0 72708153.0 57947457.0 45054512.0 62805892.0 31722833.0 45919994.0 39091654.0 45770177.0 66559035.0 57568247.0 66140449.0 54176125.0 70436854.0 53087250.0 62674549.0 86468418.0 53139123.0 82267650.0 62200564.0 15530964.0 28299799.0 74923809.0 62336930.0 7797191.0 45451993.0 25490746.0 66448380.0 52155008.0 8847710.0 55439389.0 83133484.0 101674018.0 56067197.0 77117882.0 40065087.0 66744099.0 34761690.0 50399802.0 48513679.0 
69782513.0 89879015.0 55762185.0 61652718.0 38672082.0 68459826.0 102494680.0 55710802.0 47667285.0 50743709.0 48016792.0 70128494.0 55575111.0 67840052.0 41246787.0 72660991.0 66245063.0 89650892.0 65235041.0 46731100.0 74106558.0 79217796.0 51929878.0 55544402.0 49735182.0 62998795.0 97917459.0 59549886.0 42107939.0 0 88211173.0 94545895.0 47102650.0 78933646.0 46208027.0 45058274.0 82638397.0 19487158.0 84982837.0 63458705.0 48242517.0 17324678.0 67645854.0 59255399.0 46363715.0 35053826.0 37824612.0 52984503.0 75474414.0 62592919.0 54392021.0 63203769.0 53892865.0 33217320.0 73133209.0 48064358.0 70753601.0 65055600.0 59237935.0 70304264.0 68730874.0 56309124.0 58216138.0 64716114.0 47810187.0 72824258.0 38043998.0 88027933.0 45412819.0 49153955.0 57811404.0 63889412.0 72461614.0 46027635.0 72714443.0 12837665.0 76680733.0 78798209.0 59460288.0 103759280.0 53560185.0 52956426.0 41467032.0 82493468.0 58430817.0 49905130.0 37234417.0 54115099.0 62751386.0 22433481.0 50955649.0 58195064.0 73677942.0 94281754.0 56695239.0 56392291.0 67168915.0 68019201.0 27303107.0 56720967.0 51269354.0 
74326556.0 89506961.0 33384584.0 43217216.0 60051576.0 67490047.0 116569550.0 68082743.0 83344217.0 49871980.0 70751997.0 47750893.0 57468685.0 21306717.0 47899982.0 116246004.0 87386653.0 101326577.0 35992877.0 51911566.0 48758657.0 75500190.0 64301819.0 59348100.0 48765403.0 37650894.0 99811033.0 28661287.0 71211554.0 88211173.0 0 65303731.0 66454994.0 90341841.0 67349617.0 44088495.0 64202895.0 69659611.0 68465093.0 61188998.0 76039564.0 77556870.0 108556775.0 33907498.0 67149816.0 53157347.0 83830982.0 52014724.0 61499908.0 77925660.0 59572487.0 76554686.0 71541723.0 61664228.0 84808894.0 47094579.0 69783822.0 82704458.0 64418401.0 70214315.0 46353273.0 46618849.0 105524904.0 55098359.0 69189681.0 63133983.0 50167175.0 92139069.0 48284205.0 54129742.0 57824016.0 76012589.0 84584791.0 62604776.0 63024168.0 75373508.0 75710954.0 82347437.0 61305034.0 84397907.0 58740651.0 59609621.0 46744141.0 67511123.0 82215275.0 63608401.0 53811558.0 74146436.0 77213677.0 68439851.0 62363844.0 75843922.0 90791984.0 87121207.0 76726576.0 74859365.0 84282957.0 68300754.0 67578441.0 68844144.0 68918212.0 
68168099.0 93983255.0 56074881.0 74251706.0 65450702.0 72889173.0 122968625.0 70987794.0 98532905.0 72562277.0 93442294.0 67344182.0 63618661.0 43997014.0 53299108.0 111770950.0 97315233.0 106300238.0 29310854.0 90240432.0 71448954.0 89898067.0 67206870.0 68039976.0 44810713.0 60341191.0 105961009.0 90062264.0 80539711.0 94545895.0 65303731.0 0 77354084.0 105441253.0 77278197.0 49487621.0 89465262.0 75058737.0 88233012.0 71930555.0 81438690.0 101812070.0 104602085.0 56597795.0 76283935.0 78392616.0 88719514.0 48060034.0 91700172.0 88023382.0 97901353.0 44532660.0 71725169.0 96242633.0 110044163.0 52493705.0 65829132.0 81629614.0 89089097.0 92904612.0 65946562.0 69309146.0 120035357.0 86132849.0 74588807.0 85824280.0 75402444.0 86413519.0 78335108.0 83970596.0 51665559.0 65839421.0 79684175.0 63257840.0 85714465.0 81708230.0 81110080.0 114352086.0 93309683.0 77715884.0 83411347.0 65008747.0 71979410.0 87104412.0 88395435.0 72742520.0 72051058.0 79545562.0 70531654.0 81689303.0 83075257.0 76027368.0 86173516.0 80439184.0 82125702.0 97549662.0 78943629.0 92802604.0 93473636.0 73007866.0 69101658.0 
60410104.0 47150913.0 36040710.0 46000089.0 26305527.0 38822258.0 56362540.0 50058632.0 55366652.0 47669492.0 69391995.0 50407019.0 36239230.0 45148277.0 38457121.0 86324806.0 20931659.0 51967241.0 59834437.0 62861001.0 51414783.0 47003197.0 46277708.0 48248319.0 46945516.0 28804100.0 69022081.0 40214005.0 50430950.0 47102650.0 66454994.0 77354084.0 0 69561237.0 894623.0 42268608.0 42774718.0 40914478.0 45686447.0 44122824.0 53218561.0 62568974.0 89073174.0 32547496.0 54686726.0 21698289.0 53786313.0 50194837.0 62118877.0 44496322.0 70521922.0 32821424.0 41526310.0 52771732.0 53797328.0 45274692.0 67963935.0 52689045.0 61709666.0 36784977.0 49009399.0 35519068.0 96078281.0 40332898.0 35443632.0 28827029.0 18708117.0 78655524.0 26076938.0 51233408.0 52430819.0 40393277.0 53125733.0 48107088.0 51924387.0 34264985.0 62209411.0 73453702.0 40124407.0 78280558.0 56031916.0 50166760.0 22131151.0 70167249.0 65594641.0 57900533.0 39313870.0 51325433.0 57226148.0 42544128.0 41583240.0 45828509.0 79692203.0 69930224.0 50394002.0 72748964.0 54722433.0 20916551.0 58685945.0 33224832.0 38902799.0 
46804861.0 64626108.0 59927557.0 80442184.0 50195157.0 73318146.0 97263146.0 78145801.0 98456976.0 74447872.0 78346909.0 74293866.0 61538165.0 69035124.0 62346751.0 115636923.0 88703650.0 102012522.0 80535447.0 58457225.0 75301630.0 79778622.0 74364877.0 64837690.0 65035588.0 64193867.0 103880513.0 65512940.0 36825707.0 78933646.0 90341841.0 105441253.0 69561237.0 0 68666614.0 66158238.0 71131972.0 70728238.0 66869774.0 69421759.0 77108191.0 61608968.0 62895220.0 60450471.0 41081483.0 53843292.0 81824889.0 61786267.0 81304041.0 77062467.0 66118146.0 60908593.0 40221396.0 71693309.0 85494839.0 69164322.0 79555365.0 23811639.0 45950390.0 71982460.0 72896246.0 73161822.0 109533860.0 77077744.0 59333262.0 71917353.0 50853120.0 65050281.0 58221941.0 67301217.0 67901763.0 69705394.0 75833207.0 46588461.0 89567141.0 76029574.0 84475986.0 105598705.0 72269410.0 103753747.0 51628140.0 52356671.0 47430086.0 71116971.0 71903415.0 44622898.0 55381679.0 62316453.0 100316472.0 66433758.0 27977997.0 30672175.0 82971230.0 107211646.0 77795203.0 74384824.0 59195374.0 78479214.0 71587397.0 69530089.0 37597885.0 
59515481.0 48045536.0 36935333.0 46894712.0 27200150.0 37927635.0 56286653.0 49982745.0 56261275.0 48564115.0 70286618.0 51301642.0 35344607.0 46042900.0 39351744.0 85430183.0 20037036.0 51891354.0 60729060.0 61966378.0 52309406.0 47897820.0 46201821.0 49142942.0 47840139.0 29698723.0 69916704.0 39319382.0 49536327.0 46208027.0 67349617.0 77278197.0 894623.0 68666614.0 0 43163231.0 43669341.0 40019855.0 44791824.0 43228201.0 54113184.0 61674351.0 88178551.0 33442119.0 53792103.0 20803666.0 53710426.0 51089460.0 61224254.0 45390945.0 69627299.0 32745537.0 42420933.0 51877109.0 52902705.0 46169315.0 68858558.0 53583668.0 60815043.0 37679600.0 49904022.0 36413691.0 95737785.0 41227521.0 36338255.0 29721652.0 17813494.0 77760901.0 25182315.0 50338785.0 52354932.0 39498654.0 52231110.0 47212465.0 52819010.0 33370362.0 63104034.0 72559079.0 39229784.0 77385935.0 55137293.0 51061383.0 21236528.0 71061872.0 65518754.0 57333518.0 38419247.0 52220056.0 58120771.0 42966178.0 40688617.0 46723132.0 80586826.0 70824847.0 51288625.0 73643587.0 54309659.0 21811174.0 57791322.0 32330209.0 39797422.0 
