51
1 2 3 4 5 6 7 8 9 10 11 12 13 14 15 16 17 18 19 20 21 22 23 24 25 26 27 28 29 30 31 32 33 34 35 36 37 38 39 40 41 42 43 44 45 46 47 48 49 50 0
0 6508.91888 2959.68123 6624.062529999999 3766.25982 2624.16482 5074.50899 6003.70319 8632.86656 6346.68685 4764.62727 1467.53847 5495.2141 6150.16138 6254.14039 4778.6563 7068.8977700000005 1903.33182 1391.01366 7684.22494 3404.92496 1512.46851 4390.73388 10762.9987 2670.54021 6079.84013 2633.3661 8199.86793 5598.30135 6252.008 6268.74732 6819.63826 10555.00531 9399.17018 5238.48881 8015.5414 3663.4900900000002 7139.50699 854.21836 5122.69812 5476.03588 4521.50252 9221.60404 2050.0061 1943.17395 2477.06459 8688.98297 6475.19274 4376.11986 3695.68248 749.60523 
6508.91888 0 5257.90681 5537.0431100000005 9008.94245 3890.71947 4517.65537 2756.48417 7164.29997 5068.65002 3249.47011 5816.16686 3287.7909 8575.91943 10196.01103 8337.97967 2767.0262 4706.16202 5981.92628 4566.12856 5833.13475 5000.70415 3984.26718 9118.8916 6361.02838 10091.73112 6345.1457 3809.74553 5124.44895 10473.3319 2421.6961 11362.6691 8740.16499 7628.31549 1985.5254100000002 2743.20634 3517.04492 7101.77168 6805.85542 1428.80265 3563.21231 3863.49194 8755.35687 7781.18513 5300.24999 8280.15471 8203.74939 8930.41376 9351.28342 3056.36418 7152.32585 
2959.68123 5257.90681 0 7809.02331 6712.05632 2614.19395 6145.03914 6091.38055 9900.6417 7405.04348 5198.68599 3086.0196 5904.42419 8573.62852 9072.69006 7427.33283 6942.34384 1828.43786 3752.71768 8176.71731 5394.61852 2266.43553 5262.84571 12101.9605 1133.6675 8906.04317 5011.05358 8193.44915 6848.01117 9120.91931 6160.5042 9744.645499999999 11817.66762 10606.16128 3585.82682 7572.16409 1742.45258 8807.17804 2558.51598 4242.20285 6023.60108 5317.44318 10907.463609999999 5003.13522 3731.41287 5436.57705 10331.15426 8931.63692 7305.93964 2299.65432 3673.29566 
6624.062529999999 5537.0431100000005 7809.02331 0 6419.07509 5194.85255 1666.64003 2780.55894 2094.0117 477.17712 2790.66247 5748.84475 2337.91461 3907.24775 6070.63292 4610.78432 3200.49074 6090.55203 5272.25236 1985.42414 3403.66303 5853.89827 2547.00609 4294.593 8436.76982 6047.44574 4375.50694 3316.67936 1025.76118 6488.11005 3150.0954 7430.09515 4024.14475 2868.32494 6149.83779 4204.83912 6643.93137 1600.5624 7415.11517 4830.265 2088.89947 2504.2422 3314.97949 6288.87152 4691.72559 6596.10226 2736.81658 4163.93528 6363.8684 5995.47171 6763.0706 
3766.25982 9008.94245 6712.05632 6419.07509 0 5485.33408 5560.90155 7365.10129 7878.87213 6432.65656 6156.85926 3765.25125 6651.89635 3742.99693 2758.50412 2169.92004 8403.98346 5301.77565 3256.07279 8182.75174 3428.62203 4777.64063 5442.75528 9623.86449 6382.86472 2576.33946 2682.5842 9206.99457 5623.44707 2621.10835 7769.6404 3066.28978 9552.33835 8622.89238 8229.787 9531.56383 7076.69845 6029.78151 4399.14241 7600.05296 6478.38946 5604.09154 7714.75068 1717.70836 3785.95853 1363.30848 7330.25211 3912.62291 648.77885 6871.85346 3119.4905 
2624.16482 3890.71947 2614.19395 5194.85255 5485.33408 0 3531.07916 3704.84021 7286.83772 4793.58957 2649.5694 2018.2170099999998 3385.57307 6352.95238 7308.0247 5491.6188 4686.33119 1025.6437 2248.05071 5679.07211 3118.43936 1136.19189 2870.2178999999996 9488.17777 3329.47143 7163.87025 3080.06493 5900.90713 4238.21342 7465.88273 3876.93926 8242.06825 9206.18108 7995.62937 2771.87157 5527.49536 1799.45686 6233.26504 3022.82418 2498.69906 3469.13534 2707.88183 8319.10115 4029.79156 1738.67306 4534.92933 7739.6456 6725.77036 5948.57025 1411.84985 3263.52953 
5074.50899 4517.65537 6145.03914 1666.64003 5560.90155 3531.07916 0 2022.37608 3760.64516 1299.23401 1342.29728 4182.06181 1306.28519 4099.86 5943.30321 4189.61872 2930.23207 4427.68269 3779.20468 2731.83089 2294.38927 4203.89201 892.43767 5961.08866 6774.68966 5871.31272 3124.54157 3646.30292 739.67628 6290.70942 2463.14961 7227.55927 5688.80392 4484.04516 4768.1963 4071.44016 5035.63551 2847.39688 5833.77014 3515.33967 1051.24878 880.53166 4852.82474 5056.0004 3131.43034 5436.76742 4268.25983 4442.02206 5665.13901 4404.05086 5302.29431 
6003.70319 2756.48417 6091.38055 2780.55894 7365.10129 3704.84021 2022.37608 0 4488.87079 2316.10924 1280.57995 5127.07207 733.86784 6097.00426 7962.44711 6186.9163499999995 1083.43574 4730.42578 4963.09994 2149.0335 3940.2642 4734.74825 1925.74661 6556.00069 6980.6052 7887.07018 4745.22002 2209.62486 2478.12389 8302.73642 1730.79541 9235.24174 6201.85883 5026.79262 3578.66525 2172.40236 4569.20343 4356.66707 6604.73747 2257.31168 971.21831 1763.57846 6017.21239 6561.67273 4221.30016 7005.90215 5458.21775 6444.12211 7549.93146 3902.39478 6436.97444 
8632.86656 7164.29997 9900.6417 2094.0117 7878.87213 7286.83772 3760.64516 4488.87079 0 2502.70753 4813.4015 7778.15434 4247.69361 4611.39892 6836.87831 5818.66694 4489.29928 8183.51178 7258.24993 2713.26224 5296.18363 7937.55328 4637.80476 2201.34005 10527.50303 6868.51636 6232.66139 3992.40041 3092.91206 7296.50197 4754.38429 8180.77199 1936.53763 774.31324 8037.22962 5184.49043 8694.45553 1868.22509 9445.35706 6706.19567 4039.28112 4587.58717 1762.54589 8066.02982 6726.54734 8305.30361 1381.10463 4719.31563 7682.39051 8036.80359 8706.51578 
6346.68685 5068.65002 7405.04348 477.17712 6432.65656 4793.58957 1299.23401 2316.10924 2502.70753 0 2331.73004 5460.86165 1860.73749 4253.13293 6263.45991 4710.0990600000005 2804.023 5713.50768 5021.75915 1814.05871 3241.95743 5502.32178 2147.11574 4701.17528 8065.4533 6227.42403 4216.77661 3056.40442 809.20949 6665.6086 2696.63958 7611.59799 4412.73441 3202.13835 5674.26832 3850.60229 6200.46079 2043.93199 7120.0158 4353.69383 1613.36698 2087.89966 3789.57372 6149.90057 4405.12259 6485.27108 3212.61965 4438.56339 6400.52287 5547.50331 6531.9977 
4764.62727 3249.47011 5198.68599 2790.66247 6156.85926 2649.5694 1342.29728 1280.57995 4813.4015 2331.73004 0 3877.16662 748.35887 5327.6293 6996.75616 5161.43711 2364.01565 3652.99562 3685.42128 3034.91713 2764.6535 3578.0232 760.03224 6995.46589 5978.8616 6902.5709 3502.97731 3439.01279 2081.97356 7300.15404 1636.17725 8212.95471 6683.55145 5471.57975 3432.78458 3432.89222 3883.12722 4189.69416 5405.79874 2173.71686 825.11211 621.07165 6092.11554 5287.35718 2946.42685 5737.3961 5507.36089 5684.01777 6386.10362 3223.50275 5169.52967 
1467.53847 5816.16686 3086.0196 5748.84475 3765.25125 2018.2170099999998 4182.06181 5127.07207 7778.15434 5460.86165 3877.16662 0 4602.8602 5590.6158 5990.44906 4353.43772 6194.40691 1537.59553 686.4787 6784.51922 2627.95928 1018.55437 3490.96319 9925.53198 3121.05575 5825.5616 1998.10836 7315.51844 4723.16102 6054.24975 5406.11922 6720.4293 9706.89079 8540.49788 4688.84815 7169.59134 3328.72601 6338.86867 1667.77846 4401.69831 4578.70167 3622.10284 8437.2214 2158.84437 1057.34053 2655.99492 7893.12644 5935.0893 4311.13407 3207.23697 1357.27521 
5495.2141 3287.7909 5904.42419 2337.91461 6651.89635 3385.57307 1306.28519 733.86784 4247.69361 1860.73749 748.35887 4602.8602 0 5401.74055 7235.15653 5453.04851 1755.384 4395.47153 4373.07729 2293.50845 3223.60419 4326.38207 1236.22409 6396.869 6711.94137 7157.80483 4056.10564 2732.0 1839.84021 7572.01651 1169.49434 8503.31982 6068.10127 4880.13932 3819.32311 2880.0059 4514.20713 3842.78154 6149.14864 2922.07573 275.8351 1075.21951 5646.96317 5907.60671 3642.25713 6339.33948 5072.11208 5739.85653 6824.2867 3845.63714 5875.7356199999995 
6150.16138 8575.91943 8573.62852 3907.24775 3742.99693 6352.95238 4099.86 6097.00426 4611.39892 4253.13293 5327.6293 5590.6158 5401.74055 0 2240.22432 1601.24483 6867.89691 6777.28301 4905.38398 5892.67189 3252.17789 6307.88015 4630.97398 6031.17717 8709.65671 2259.78251 3593.50358 7223.9271100000005 3654.77838 2692.59002 6548.89603 3601.62644 6020.99477 5266.69355 8519.94484 7969.63243 8149.01571 2792.84174 7004.379739999999 7449.5099900000005 5136.96331 4720.37668 4054.96831 4660.18025 4847.337 4664.2114 3752.79229 373.55053 3348.18219 7666.40802 5838.77701 
6254.14039 10196.01103 9072.69006 6070.63292 2758.50412 7308.0247 5943.30321 7962.44711 6836.87831 6263.45991 6996.75616 5990.44906 7235.15653 2240.22432 0 1868.95158 8842.45718 7435.93975 5344.8406 8048.28385 4408.50564 6914.35037 6238.40621 8099.63586 8924.416 182.36228 4231.90371 9315.95846 5653.03193 466.2746 8402.3464 1365.84992 8136.07086 7467.68291 9829.6741 9972.67828 9069.73032 5032.8028 6986.92386 8906.44014 6992.06872 6375.68451 6094.68793 4314.45257 5595.62803 4075.4996 5880.86261 2124.85882 2128.07918 8711.93463 5713.86279 
4778.6563 8337.97967 7427.33283 4610.78432 2169.92004 5491.6188 4189.61872 6186.9163499999995 5818.66694 4710.0990600000005 5161.43711 4353.43772 5453.04851 1601.24483 1868.95158 0 7117.82699 5711.02968 3676.09426 6524.05434 2539.74684 5203.08649 4566.5714499999995 7473.44077 7417.18633 1754.97122 2452.06464 7707.12618 4010.2182 2139.58501 6622.30964 3086.18419 7418.39073 6538.37075 7966.29707 8257.69484 7273.86142 3951.26967 5585.28289 7038.79137 5223.38406 4544.33681 5548.20124 3110.6001 3814.6372 3074.79512 5177.55782 1830.00683 1869.08668 6884.20228 4374.40282 
7068.8977700000005 2767.0262 6942.34384 3200.49074 8403.98346 4686.33119 2930.23207 1083.43574 4489.29928 2804.023 2364.01565 6194.40691 1755.384 6867.89691 8842.45718 7117.82699 0 5708.03022 6045.05749 1814.62944 4975.42611 5754.62249 2986.34509 6363.95993 7891.79564 8781.88207 5809.43007 1252.13617 3216.32352 9211.93673 809.4949 10145.84353 5980.68976 4886.26903 4029.39251 1141.59756 5324.25441 4801.05314 7639.92212 2823.41371 1930.31396 2824.21316 6165.50209 7641.4161 5302.34099 8082.05741 5647.42933 7176.81517 8561.42068 4726.6768 7512.81738 
1903.33182 4706.16202 1828.43786 6090.55203 5301.77565 1025.6437 4427.68269 4730.42578 8183.51178 5713.50768 3652.99562 1537.59553 4395.47153 6777.28301 7435.93975 5711.02968 5708.03022 0 2105.63204 6687.60592 3572.1369 528.54612 3570.64028 10381.19362 2353.48274 7277.63533 3263.0 6925.88781 5100.87149 7532.20101 4899.0147 8231.24693 10114.32692 8909.63344 3344.43015 6526.48083 1803.77604 7006.37881 2100.46304 3384.28663 4464.52517 3649.63464 9112.9414 3683.55548 1931.71763 4172.75173 8541.20044 7140.45567 5838.9589 1794.31463 2630.10038 
1391.01366 5981.92628 3752.71768 5272.25236 3256.07279 2248.05071 3779.20468 4963.09994 7258.24993 5021.75915 3685.42128 686.4787 4373.07729 4905.38398 5344.8406 3676.09426 6045.05749 2105.63204 0 6458.94481 2220.96753 1577.08592 3188.00016 9383.81252 3804.64768 5183.42792 1315.11977 7105.04757 4252.9652 5429.59124 5283.84879 6130.096 9181.62344 8027.250389999999 5016.60323 7075.79402 3833.84572 5750.41085 2233.25995 4593.44739 4309.90302 3350.33623 7834.76815 1804.42345 745.07718 2307.64382 7300.38369 5248.99267 3757.84672 3617.75676 1526.56248 
7684.22494 4566.12856 8176.71731 1985.42414 8182.75174 5679.07211 2731.83089 2149.0335 2713.26224 1814.05871 3034.91713 6784.51922 2293.50845 5892.67189 8048.28385 6524.05434 1814.62944 6687.60592 6458.94481 0 4897.25076 6599.99152 3293.79796 4553.36118 9004.47 8019.89358 5852.05776 1390.18164 2562.2414 8459.68114 2262.2701 9403.94242 4174.18375 3072.10042 5678.32687 2490.2751399999997 6707.24422 3395.89296 8383.90565 4381.84813 2237.03017 3163.77559 4438.77551 7786.66809 5767.09598 8159.58945 3957.81278 6144.52114 8202.09851 6038.06625 7985.03757 
3404.92496 5833.13475 5394.61852 3403.66303 3428.62203 3118.43936 2294.38927 3940.2642 5296.18363 3241.95743 2764.6535 2627.95928 3223.60419 3252.17789 4408.50564 2539.74684 4975.42611 3572.1369 2220.96753 4897.25076 0 3140.59246 2026.82461 7382.34549 5681.95609 4289.78158 975.37941 5813.72514 2434.42396 4653.97142 4351.15444 5531.07946 7193.5266 6069.65584 5434.88666 6103.56044 4900.08265 3735.16291 4249.01789 4506.41165 3051.69478 2186.11916 5819.23077 2909.13819 1685.94691 3263.22126 5284.08374 3622.99724 3621.45012 4438.83329 3411.71071 
1512.46851 5000.70415 2266.43553 5853.89827 4777.64063 1136.19189 4203.89201 4734.74825 7937.55328 5502.32178 3578.0232 1018.55437 4326.38207 6307.88015 6914.35037 5203.08649 5754.62249 528.54612 1577.08592 6599.99152 3140.59246 0 3388.3752 10125.86401 2609.97778 6755.0074 2762.40837 6943.88803 4844.74076 7006.397709999999 4946.82302 7702.76035 9873.50444 8677.58866 3744.26335 6637.76627 2310.17164 6676.12949 1897.98051 3634.89095 4363.2355 3485.89443 8787.45879 3177.3987399999996 1465.93997 3668.59374 8222.32096 6666.88563 5311.3663 2223.49365 2199.38923 
4390.73388 3984.26718 5262.84571 2547.00609 5442.75528 2870.2178999999996 892.43767 1925.74661 4637.80476 2147.11574 760.03224 3490.96319 1236.22409 4630.97398 6238.40621 4566.5714499999995 2986.34509 3570.64028 3188.00016 3293.79796 2026.82461 3388.3752 0 6839.13598 5924.00211 6143.73502 3002.20402 3943.89883 1624.48576 6540.40886 2327.12032 7452.93942 6558.17787 5348.79127 3998.57437 4097.59051 4148.8167 3709.90027 5119.4173 2892.4688499999997 1128.32309 162.33607 5739.90775 4674.02835 2478.63934 5103.2955 5155.812 4974.33664 5647.48661 3524.0847 4707.97833 
10762.9987 9118.8916 12101.9605 4294.593 9623.86449 9488.17777 5961.08866 6556.00069 2201.34005 4701.17528 6995.46589 9925.53198 6396.869 6031.17717 8099.63586 7473.44077 6363.95993 10381.19362 9383.81252 4553.36118 7382.34549 10125.86401 6839.13598 0 12721.84428 8173.06901 8282.3225 5579.28714 5283.51067 8564.88675 6766.34761 9353.75459 407.96568 1534.56606 10133.25663 6831.07495 10878.47384 3700.12284 11588.2632 8805.69458 6204.641 6787.91411 2005.30546 10034.13982 8881.74823 10221.59215 2295.94599 6018.14938 9329.21186 10217.13512 10787.32001 
2670.54021 6361.02838 1133.6675 8436.76982 6382.86472 3329.47143 6774.68966 6980.6052 10527.50303 8065.4533 5978.8616 3121.05575 6711.94137 8709.65671 8924.416 7417.18633 7891.79564 2353.48274 3804.64768 9004.47 5681.95609 2609.97778 5924.00211 12721.84428 0 8749.77651 5118.93153 9134.86097 7438.37408 8914.73415 7093.97449 9448.93206 12460.8206 11258.4987 4706.89919 8607.16945 2847.04145 9284.05865 1997.19854 5278.17478 6798.39157 6002.62509 11395.63741 4672.40837 4000.59846 5040.89238 10831.69839 9051.14291 7010.67557 3347.23587 3270.40236 
6079.84013 10091.73112 8906.04317 6047.44574 2576.33946 7163.87025 5871.31272 7887.07018 6868.51636 6227.42403 6902.5709 5825.5616 7157.80483 2259.78251 182.36228 1754.97122 8781.88207 7277.63533 5183.42792 8019.89358 4289.78158 6755.0074 6143.73502 8173.06901 8749.77651 0 4085.24234 9275.47228 5601.40857 648.63688 8326.29407 1384.34172 8201.217700000001 7510.31557 9701.84482 9912.64324 8920.49595 5050.37424 6809.39388 8792.82094 6917.83991 6283.13656 6169.57187 4151.05293 5446.56084 3893.48237 5940.51151 2173.71318 1946.88392 8569.77298 5535.5278 
2633.3661 6345.1457 5011.05358 4375.50694 2682.5842 3080.06493 3124.54157 4745.22002 6232.66139 4216.77661 3502.97731 1998.10836 4056.10564 3593.50358 4231.90371 2452.06464 5809.43007 3263.0 1315.11977 5852.05776 975.37941 2762.40837 3002.20402 8282.3225 5118.93153 4085.24234 0 6732.66943 3409.6623 4386.96307 5132.87853 5181.86463 8118.739890000001 7006.9726 5696.5063 6917.48834 4838.97561 4599.43486 3487.34426 4951.28115 3915.08518 2985.21691 6681.011839999999 1938.23115 1366.87966 2443.44002 6127.95382 3940.80398 3006.13772 4491.91478 2515.31807 
8199.86793 3809.74553 8193.44915 3316.67936 9206.99457 5900.90713 3646.30292 2209.62486 3992.40041 3056.40442 3439.01279 7315.51844 2732.0 7223.9271100000005 9315.95846 7707.12618 1252.13617 6925.88781 7105.04757 1390.18164 5813.72514 6943.88803 3943.89883 5579.28714 9134.86097 9275.47228 6732.66943 0 3697.06099 9711.91279 2040.90299 10658.4877 5178.01168 4210.38739 5221.98937 2393.73373 6574.42393 4782.26745 8813.47678 4069.71835 2817.58425 3788.35809 5749.08906 8609.00372 6372.86097 9023.52664 5298.66408 7475.91392 9293.28795 5929.93938 8604.08101 
5598.30135 5124.44895 6848.01117 1025.76118 5623.44707 4238.21342 739.67628 2478.12389 3092.91206 809.20949 2081.97356 4723.16102 1839.84021 3654.77838 5653.03193 4010.2182 3216.32352 5100.87149 4252.9652 2562.2414 2434.42396 4844.74076 1624.48576 5283.51067 7438.37408 5601.40857 3409.6623 3697.06099 0 6033.84537 2907.94171 6979.74355 5029.18254 3867.2253 5481.60715 4330.92253 5772.55801 2113.01349 6389.35404 4207.00107 1564.04891 1620.20794 4115.60506 5341.33214 3665.99632 5676.30064 3531.32624 3971.84655 5642.76147 5143.09333 5751.95845 
6252.008 10473.3319 9120.91931 6488.11005 2621.10835 7465.88273 6290.70942 8302.73642 7296.50197 6665.6086 7300.15404 6054.24975 7572.01651 2692.59002 466.2746 2139.58501 9211.93673 7532.20101 5429.59124 8459.68114 4653.97142 7006.397709999999 6540.40886 8564.88675 8914.73415 648.63688 4386.96307 9711.91279 6033.84537 0 8741.21645 946.59918 8602.27325 7931.21252 10041.84809 10339.36652 9205.28652 5484.98788 6952.00352 9160.38296 7334.87703 6682.22096 6559.79154 4260.58036 5736.93097 3973.90148 6347.07184 2588.98996 1973.12468 8875.83917 5672.84408 
6268.74732 2421.6961 6160.5042 3150.0954 7769.6404 3876.93926 2463.14961 1730.79541 4754.38429 2696.63958 1636.17725 5406.11922 1169.49434 6548.89603 8402.3464 6622.30964 809.4949 4899.0147 5283.84879 2262.2701 4351.15444 4946.82302 2327.12032 6766.34761 7093.97449 8326.29407 5132.87853 2040.90299 2907.94171 8741.21645 0 9672.80957 6400.64622 5248.84835 3417.11604 1890.73373 4573.2331 4740.57157 6834.34269 2136.55166 1411.93272 2166.24883 6340.7251400000005 6920.47643 4539.06092 7373.06408 5784.58123 6865.10379 7967.31084 3917.1819 6734.05235 
6819.63826 11362.6691 9744.645499999999 7430.09515 3066.28978 8242.06825 7227.55927 9235.24174 8180.77199 7611.59799 8212.95471 6720.4293 8503.31982 3601.62644 1365.84992 3086.18419 10145.84353 8231.24693 6130.096 9403.94242 5531.07946 7702.76035 7452.93942 9353.75459 9448.93206 1384.34172 5181.86463 10658.4877 6979.74355 946.59918 9672.80957 0 9413.94397 8794.80403 10870.64143 11281.57126 9947.74236 6391.69727 7459.60247 10031.32105 8269.09941 7597.42805 7351.12406 4779.21092 6504.00899 4420.01369 7177.67602 3461.47035 2443.52389 9653.8223 6185.64936 
10555.00531 8740.16499 11817.66762 4024.14475 9552.33835 9206.18108 5688.80392 6201.85883 1936.53763 4412.73441 6683.55145 9706.89079 6068.10127 6020.99477 8136.07086 7418.39073 5980.68976 10114.32692 9181.62344 4174.18375 7193.5266 9873.50444 6558.17787 407.96568 12460.8206 8201.217700000001 8118.739890000001 5178.01168 5029.18254 8602.27325 6400.64622 9413.94397 0 1213.2374 9780.51297 6430.14813 10565.93148 3566.66245 11372.90816 8455.83379 5883.98861 6500.25 2078.38062 9895.18721 8657.44131 10100.52682 2268.52992 6033.25667 9282.79451 9900.36373 10604.43327 
9399.17018 7628.31549 10606.16128 2868.32494 8622.89238 7995.62937 4484.04516 5026.79262 774.31324 3202.13835 5471.57975 8540.49788 4880.13932 5266.69355 7467.68291 6538.37075 4886.26903 8909.63344 8027.250389999999 3072.10042 6069.65584 8677.58866 5348.79127 1534.56606 11258.4987 7510.31557 7006.9726 4210.38739 3867.2253 7931.21252 5248.84835 8794.80403 1213.2374 0 8605.45787 5447.95668 9353.2698 2593.11087 10208.1705 7273.33899 4674.91187 5288.78294 1856.26857 8837.50038 7486.93028 9072.61115 1705.83733 5342.87722 8406.24916 8690.21409 9479.36475 
5238.48881 1985.5254100000002 3585.82682 6149.83779 8229.787 2771.87157 4768.1963 3578.66525 8037.22962 5674.26832 3432.78458 4688.84815 3819.32311 8519.94484 9829.6741 7966.29707 4029.39251 3344.43015 5016.60323 5678.32687 5434.88666 3744.26335 3998.57437 10133.25663 4706.89919 9701.84482 5696.5063 5221.98937 5481.60715 10041.84809 3417.11604 10870.64143 9780.51297 8605.45787 0 4316.70163 1867.66191 7585.4311 5388.84644 1332.44625 4060.93832 3935.12287 9463.84204 6801.27782 4445.64866 7306.32 8886.52744 8890.61213 8660.43001 1556.71449 5943.39137 
8015.5414 2743.20634 7572.16409 4204.83912 9531.56383 5527.49536 4071.44016 2172.40236 5184.49043 3850.60229 3432.89222 7169.59134 2880.0059 7969.63243 9972.67828 8257.69484 1141.59756 6526.48083 7075.79402 2490.2751399999997 6103.56044 6637.76627 4097.59051 6831.07495 8607.16945 9912.64324 6917.48834 2393.73373 4330.92253 10339.36652 1890.73373 11281.57126 6430.14813 5447.95668 4316.70163 0 5874.21484 5764.82367 8535.5523 3332.04382 3067.90173 3935.31155 6925.21949 8719.28581 6330.71694 9170.15229 6447.62134 8269.52653 9699.21321 5272.77166 8509.30432 
3663.4900900000002 3517.04492 1742.45258 6643.93137 7076.69845 1799.45686 5035.63551 4569.20343 8694.45553 6200.46079 3883.12722 3328.72601 4514.20713 8149.01571 9069.73032 7273.86142 5324.25441 1803.77604 3833.84572 6707.24422 4900.08265 2310.17164 4148.8167 10878.47384 2847.04145 8920.49595 4838.97561 6574.42393 5772.55801 9205.28652 4573.2331 9947.74236 10565.93148 9353.2698 1867.66191 5874.21484 0 7849.11155 3649.77109 2546.16339 4681.94287 4158.60325 9888.08743 5483.76376 3474.13313 5975.27614 9303.66578 8521.01901 7591.69244 1383.89128 4406.23422 
7139.50699 7101.77168 8807.17804 1600.5624 6029.78151 6233.26504 2847.39688 4356.66707 1868.22509 2043.93199 4189.69416 6338.86867 3842.78154 2792.84174 5032.8028 3951.26967 4801.05314 7006.37881 5750.41085 3395.89296 3735.16291 6676.12949 3709.90027 3700.12284 9284.05865 5050.37424 4599.43486 4782.26745 2113.01349 5484.98788 4740.57157 6391.69727 3566.66245 2593.11087 7585.4311 5764.82367 7849.11155 0 7980.60104 6294.469 3575.27076 3723.52642 2111.60342 6335.08998 5325.83411 6533.87978 1554.84565 2949.82322 5816.74144 7232.57499 7114.752930000001 
854.21836 6805.85542 2558.51598 7415.11517 4399.14241 3022.82418 5833.77014 6604.73747 9445.35706 7120.0158 5405.79874 1667.77846 6149.14864 7004.379739999999 6986.92386 5585.28289 7639.92212 2100.46304 2233.25995 8383.90565 4249.01789 1897.98051 5119.4173 11588.2632 1997.19854 6809.39388 3487.34426 8813.47678 6389.35404 6952.00352 6834.34269 7459.60247 11372.90816 10208.1705 5388.84644 8535.5523 3649.77109 7980.60104 0 5477.81754 6155.31461 5224.455 10067.91508 2693.62989 2723.67583 3045.36139 9532.07742 7307.70621 5029.01252 3834.46711 1279.65191 
5122.69812 1428.80265 4242.20285 4830.265 7600.05296 2498.69906 3515.33967 2257.31168 6706.19567 4353.69383 2173.71686 4401.69831 2922.07573 7449.5099900000005 8906.44014 7038.79137 2823.41371 3384.28663 4593.44739 4381.84813 4506.41165 3634.89095 2892.4688499999997 8805.69458 5278.17478 8792.82094 4951.28115 4069.71835 4207.00107 9160.38296 2136.55166 10031.32105 8455.83379 7273.33899 1332.44625 3332.04382 2546.16339 6294.469 5477.81754 0 2742.52603 2730.13278 8141.28473 6363.475560000001 3873.27316 6851.35206 7566.04765 7786.64812 7957.41773 1942.71691 5746.33518 
5476.03588 3563.21231 6023.60108 2088.89947 6478.38946 3469.13534 1051.24878 971.21831 4039.28112 1613.36698 825.11211 4578.70167 275.8351 5136.96331 6992.06872 5223.38406 1930.31396 4464.52517 4309.90302 2237.03017 3051.69478 4363.2355 1128.32309 6204.641 6798.39157 6917.83991 3915.08518 2817.58425 1564.04891 7334.87703 1411.93272 8269.09941 5883.98861 4674.91187 4060.93832 3067.90173 4681.94287 3575.27076 6155.31461 2742.52603 0 976.46096 5402.9407 5793.22432 3590.64841 6231.61859 4825.66493 5472.9038 6631.31148 4016.72752 5824.55912 
4521.50252 3863.49194 5317.44318 2504.2422 5604.09154 2707.88183 880.53166 1763.57846 4587.58717 2087.89966 621.07165 3622.10284 1075.21951 4720.37668 6375.68451 4544.33681 2824.21316 3649.63464 3350.33623 3163.77559 2186.11916 3485.89443 162.33607 6787.91411 6002.62509 6283.13656 2985.21691 3788.35809 1620.20794 6682.22096 2166.24883 7597.42805 6500.25 5288.78294 3935.12287 3935.31155 4158.60325 3723.52642 5224.455 2730.13278 976.46096 0 5731.84682 4833.44887 2619.19835 5265.6315700000005 5147.15708 5079.58581 5805.88667 3524.13053 4851.3999 
9221.60404 8755.35687 10907.463609999999 3314.97949 7714.75068 8319.10115 4852.82474 6017.21239 1762.54589 3789.57372 6092.11554 8437.2214 5646.96317 4054.96831 6094.68793 5548.20124 6165.50209 9112.9414 7834.76815 4438.77551 5819.23077 8787.45879 5739.90775 2005.30546 11395.63741 6169.57187 6681.011839999999 5749.08906 4115.60506 6559.79154 6340.7251400000005 7351.12406 2078.38062 1856.26857 9463.84204 6925.21949 9888.08743 2111.60342 10067.91508 8141.28473 5402.9407 5731.84682 0 8271.91586 7432.92594 8412.0126 584.75465 4021.87668 7383.31118 9255.81439 9153.76715 
2050.0061 7781.18513 5003.13522 6288.87152 1717.70836 4029.79156 5056.0004 6561.67273 8066.02982 6149.90057 5287.35718 2158.84437 5907.60671 4660.18025 4314.45257 3110.6001 7641.4161 3683.55548 1804.42345 7786.66809 2909.13819 3177.3987399999996 4674.02835 10034.13982 4672.40837 4151.05293 1938.23115 8609.00372 5341.33214 4260.58036 6920.47643 4779.21092 9895.18721 8837.50038 6801.27782 8719.28581 5483.76376 6335.08998 2693.62989 6363.475560000001 5793.22432 4833.44887 8271.91586 0 2490.2024 505.20887 7803.60494 4940.60693 2338.40373 5355.58662 1414.03147 
1943.17395 5300.24999 3731.41287 4691.72559 3785.95853 1738.67306 3131.43034 4221.30016 6726.54734 4405.12259 2946.42685 1057.34053 3642.25713 4847.337 5595.62803 3814.6372 5302.34099 1931.71763 745.07718 5767.09598 1685.94691 1465.93997 2478.63934 8881.74823 4000.59846 5446.56084 1366.87966 6372.86097 3665.99632 5736.93097 4539.06092 6504.00899 8657.44131 7486.93028 4445.64866 6330.71694 3474.13313 5325.83411 2723.67583 3873.27316 3590.64841 2619.19835 7432.92594 2490.2024 0 2983.55627 6880.40304 5208.73804 4221.39787 3150.01206 2234.52478 
2477.06459 8280.15471 5436.57705 6596.10226 1363.30848 4534.92933 5436.76742 7005.90215 8305.30361 6485.27108 5737.3961 2655.99492 6339.33948 4664.2114 4075.4996 3074.79512 8082.05741 4172.75173 2307.64382 8159.58945 3263.22126 3668.59374 5103.2955 10221.59215 5040.89238 3893.48237 2443.44002 9023.52664 5676.30064 3973.90148 7373.06408 4420.01369 10100.52682 9072.61115 7306.32 9170.15229 5975.27614 6533.87978 3045.36139 6851.35206 6231.61859 5265.6315700000005 8412.0126 505.20887 2983.55627 0 7965.33854 4904.50405 2009.41783 5857.34479 1785.19047 
8688.98297 8203.74939 10331.15426 2736.81658 7330.25211 7739.6456 4268.25983 5458.21775 1381.10463 3212.61965 5507.36089 7893.12644 5072.11208 3752.79229 5880.86261 5177.55782 5647.42933 8541.20044 7300.38369 3957.81278 5284.08374 8222.32096 5155.812 2295.94599 10831.69839 5940.51151 6127.95382 5298.66408 3531.32624 6347.07184 5784.58123 7177.67602 2268.52992 1705.83733 8886.52744 6447.62134 9303.66578 1554.84565 9532.07742 7566.04765 4825.66493 5147.15708 584.75465 7803.60494 6880.40304 7965.33854 0 3769.0065 7033.90603 8671.08771 8643.21451 
6475.19274 8930.41376 8931.63692 4163.93528 3912.62291 6725.77036 4442.02206 6444.12211 4719.31563 4438.56339 5684.01777 5935.0893 5739.85653 373.55053 2124.85882 1830.00683 7176.81517 7140.45567 5248.99267 6144.52114 3622.99724 6666.88563 4974.33664 6018.14938 9051.14291 2173.71318 3940.80398 7475.91392 3971.84655 2588.98996 6865.10379 3461.47035 6033.25667 5342.87722 8890.61213 8269.52653 8521.01901 2949.82322 7307.70621 7786.64812 5472.9038 5079.58581 4021.87668 4940.60693 5208.73804 4904.50405 3769.0065 0 3470.66564 8039.74975 6141.60443 
4376.11986 9351.28342 7305.93964 6363.8684 648.77885 5948.57025 5665.13901 7549.93146 7682.39051 6400.52287 6386.10362 4311.13407 6824.2867 3348.18219 2128.07918 1869.08668 8561.42068 5838.9589 3757.84672 8202.09851 3621.45012 5311.3663 5647.48661 9329.21186 7010.67557 1946.88392 3006.13772 9293.28795 5642.76147 1973.12468 7967.31084 2443.52389 9282.79451 8406.24916 8660.43001 9699.21321 7591.69244 5816.74144 5029.01252 7957.41773 6631.31148 5805.88667 7383.31118 2338.40373 4221.39787 2009.41783 7033.90603 3470.66564 0 7350.32462 3749.36061 
3695.68248 3056.36418 2299.65432 5995.47171 6871.85346 1411.84985 4404.05086 3902.39478 8036.80359 5547.50331 3223.50275 3207.23697 3845.63714 7666.40802 8711.93463 6884.20228 4726.6768 1794.31463 3617.75676 6038.06625 4438.83329 2223.49365 3524.0847 10217.13512 3347.23587 8569.77298 4491.91478 5929.93938 5143.09333 8875.83917 3917.1819 9653.8223 9900.36373 8690.21409 1556.71449 5272.77166 1383.89128 7232.57499 3834.46711 1942.71691 4016.72752 3524.13053 9255.81439 5355.58662 3150.01206 5857.34479 8671.08771 8039.74975 7350.32462 0 4412.84817 
749.60523 7152.32585 3673.29566 6763.0706 3119.4905 3263.52953 5302.29431 6436.97444 8706.51578 6531.9977 5169.52967 1357.27521 5875.7356199999995 5838.77701 5713.86279 4374.40282 7512.81738 2630.10038 1526.56248 7985.03757 3411.71071 2199.38923 4707.97833 10787.32001 3270.40236 5535.5278 2515.31807 8604.08101 5751.95845 5672.84408 6734.05235 6185.64936 10604.43327 9479.36475 5943.39137 8509.30432 4406.23422 7114.752930000001 1279.65191 5746.33518 5824.55912 4851.3999 9153.76715 1414.03147 2234.52478 1785.19047 8643.21451 6141.60443 3749.36061 4412.84817 0 
