26
1 2 3 4 5 6 7 8 9 10 11 12 13 14 15 16 17 18 19 20 21 22 23 24 25 0
0 2308.38645 4494.48951 832.1638600000001 855.13157 3792.83667 5190.91052 857.94697 355.20293000000004 1730.87406 836.1226 2930.78164 4538.61741 4605.01292 3474.14867 4686.10371 3815.89374 2307.69604 2601.82724 3150.07841 4320.44558 3577.84418 5679.17468 3790.46936 1677.67726 4956.43602 
2308.38645 0 2538.69375 2175.65622 2344.84498 1573.64354 2981.46407 1574.20615 2600.41727 942.40936 1484.19439 1090.8735 2279.34026 2307.74869 1591.88222 2413.35783 1639.16595 2819.36039 2374.07603 1063.16832 2015.14516 1452.44793 3606.3118999999997 1530.44634 1521.40563 2779.6694 
4494.48951 2538.69375 0 4294.96682 4116.42879 2460.52393 1120.72298 3637.2194 4836.6569 2789.57577 3800.61534 3080.63906 2444.79611 1526.31297 1022.64608 1280.71386 2615.56743 3584.1948199999997 2769.58571 2623.01544 1618.53576 1146.58208 1212.80378 2280.08114 3917.80257 852.67696 
832.1638600000001 2175.65622 4294.96682 0 663.44706 3692.48236 5015.95694 661.59278 575.19562 1553.44424 749.00267 2869.27883 4430.8058 4456.41344 3277.21787 4526.75071 3724.12527 2096.68429 2371.86867 3065.75061 4177.40518 3399.98485 5485.64682 3680.20353 1689.15393 4777.05872 
855.13157 2344.84498 4116.42879 663.44706 0 3916.29417 4952.03009 813.61723 1126.93922 1596.81715 1191.51206 3214.55767 4620.8114 4503.2204 3131.7741 4534.86692 3972.20908 1461.35588 1867.8403 3315.33467 4253.10475 3348.41291 5327.29059 3874.3655 2214.0463 4695.64777 
3792.83667 1573.64354 2460.52393 3692.48236 3916.29417 0 2240.65035 3131.45797 4044.15331 2349.31501 2957.63503 1030.28006 831.20156 1308.67032 2039.47523 1553.0795 156.01602 4279.26921 3691.64692 650.33222 1006.15903 1561.27032 3069.5643 180.49931 2405.6469 2175.76929 
5190.91052 2981.46407 1120.72298 5015.95694 4952.03009 2240.65035 0 4357.17259 5514.53298 3462.75916 4432.177610000001 3140.6727 1883.2079 942.21017 1853.4306 687.83719 2372.07525 4611.58769 3815.20969 2661.93201 1234.75747 1616.86641 860.72586 2083.72023 4282.21263 745.38723 
857.94697 1574.20615 3637.2194 661.59278 813.61723 3131.45797 4357.17259 0 1203.80439 897.6692 479.64362 2401.27674 3851.89784 3817.31961 2617.8071 3878.70094 3179.10994 1877.70285 1932.30743 2517.00715 3547.20806 2744.22207 4825.06 3104.65249 1475.4152 4116.67791 
355.20293000000004 2600.41727 4836.6569 575.19562 1126.93922 4044.15331 5514.53298 1203.80439 0 2062.42309 1116.23698 3141.66214 4799.98686 4906.39859 3815.21127 4996.32285 4057.38943 2587.65628 2930.21859 3396.10659 4615.55674 3905.33187 6017.04421 4052.79788 1815.54978 5283.88683 
1730.87406 942.40936 2789.57577 1553.44424 1596.81715 2349.31501 3462.75916 897.6692 2062.42309 0 1015.30882 1812.1479 3032.64917 2927.21933 1767.44788 3031.21417 2421.16707 2081.10596 1758.66142 1790.19021 2665.16885 1847.64715 3957.24475 2292.26722 1485.4023 3225.89228 
836.1226 1484.19439 3800.61534 749.00267 1191.51206 2957.63503 4432.177610000001 479.64362 1116.23698 1015.30882 0 2120.416 3702.54845 3790.16161 2780.00072 3884.29826 2983.36756 2357.3396 2393.92105 2316.74794 3499.33951 2819.15972 4955.47071 2954.36711 1025.33117 4193.5981 
2930.78164 1090.8735 3080.63906 2869.27883 3214.55767 1030.28006 3140.6727 2401.27674 3141.66214 1812.1479 2120.416 0 1766.02746 2258.46519 2345.74849 2466.38703 984.3221 3888.83453 3464.59146 480.42585 1936.88022 1997.93894 3914.57814 1172.85924 1406.30722 3020.54868 
4538.61741 2279.34026 2444.79611 4430.8058 4620.8114 831.20156 1883.2079 3851.89784 4799.98686 3032.64917 3702.54845 1766.02746 0 982.99542 2338.89397 1255.76112 781.99808 4857.94452 4205.31438 1406.85252 828.84619 1839.30123 2743.92365 751.22966 3158.06476 1912.39379 
4605.01292 2307.74869 1526.31297 4456.41344 4503.2204 1308.67032 942.21017 3817.31961 4906.39859 2927.21933 3790.16161 2258.46519 982.99542 0 1691.32286 273.78824 1434.3685 4440.91939 3703.31973 1790.33461 322.7042 1252.43802 1801.0999299999999 1161.61698 3499.60355 932.80759 
3474.14867 1591.88222 1022.64608 3277.21787 3131.7741 2039.47523 1853.4306 2617.8071 3815.21127 1767.44788 2780.00072 2345.74849 2338.89397 1691.32286 0 1599.53399 2195.49125 2851.8309 2162.81176 1952.37829 1612.35432 500.40783 2210.20044 1872.70526 2964.1502499999997 1583.92077 
4686.10371 2413.35783 1280.71386 4526.75071 4534.86692 1553.0795 687.83719 3878.70094 4996.32285 3031.21417 3884.29826 2466.38703 1255.76112 273.78824 1599.53399 0 1685.44267 4383.30617 3668.96906 1990.68079 546.92047 1212.96702 1527.31169 1396.28149 3658.59331 659.11001 
3815.89374 1639.16595 2615.56743 3724.12527 3972.20908 156.01602 2372.07525 3179.10994 4057.38943 2421.16707 2983.36756 984.3221 781.99808 1434.3685 2195.49125 1685.44267 0 4380.88256 3809.00512 667.09894 1140.58099 1713.91073 3207.41266 336.16811 2390.62932 2316.32057 
2307.69604 2819.36039 3584.1948199999997 2096.68429 1461.35588 4279.26921 4611.58769 1877.70285 2587.65628 2081.10596 2357.3396 3888.83453 4857.94452 4440.91939 2851.8309 4383.30617 4380.88256 0 814.60911 3808.14404 4272.09281 3192.75296 4754.84805 4181.12997 3316.6058 4333.45416 
2601.82724 2374.07603 2769.58571 2371.86867 1867.8403 3691.64692 3815.20969 1932.30743 2930.21859 1758.66142 2393.92105 3464.59146 4205.31438 3703.31973 2162.81176 3668.96906 3809.00512 814.60911 0 3309.63922 3560.90789 2456.00204 3940.29847 3571.53258 3208.1631 3536.10647 
3150.07841 1063.16832 2623.01544 3065.75061 3315.33467 650.33222 2661.93201 2517.00715 3396.10659 1790.19021 2316.74794 480.42585 1406.85252 1790.33461 1952.37829 1990.68079 667.09894 3808.14404 3309.63922 0 1467.7384 1562.80293 3434.4049 692.43339 1768.8044 2540.12283 
4320.44558 2015.14516 1618.53576 4177.40518 4253.10475 1006.15903 1234.75747 3547.20806 4615.55674 2665.16885 3499.33951 1936.88022 828.84619 322.7042 1612.35432 546.92047 1140.58099 4272.09281 3560.90789 1467.7384 0 1111.94649 2067.21092 850.09647 3181.35899 1180.10847 
3577.84418 1452.44793 1146.58208 3399.98485 3348.41291 1561.27032 1616.86641 2744.22207 3905.33187 1847.64715 2819.15972 1997.93894 1839.30123 1252.43802 500.40783 1212.96702 1713.91073 3192.75296 2456.00204 1562.80293 1111.94649 0 2153.86397 1390.44058 2824.52474 1712.69902 
5679.17468 3606.3118999999997 1212.80378 5485.64682 5327.29059 3069.5643 860.72586 4825.06 6017.04421 3957.24475 4955.47071 3914.57814 2743.92365 1801.0999299999999 2210.20044 1527.31169 3207.41266 4754.84805 3940.29847 3434.4049 2067.21092 2153.86397 0 2904.76935 4954.88466 898.31899 
3790.46936 1530.44634 2280.08114 3680.20353 3874.3655 180.49931 2083.72023 3104.65249 4052.79788 2292.26722 2954.36711 1172.85924 751.22966 1161.61698 1872.70526 1396.28149 336.16811 4181.12997 3571.53258 692.43339 850.09647 1390.44058 2904.76935 0 2461.09589 2030.2049399999999 
1677.67726 1521.40563 3917.80257 1689.15393 2214.0463 2405.6469 4282.21263 1475.4152 1815.54978 1485.4023 1025.33117 1406.30722 3158.06476 3499.60355 2964.1502499999997 3658.59331 2390.62932 3316.6058 3208.1631 1768.8044 3181.35899 2824.52474 4954.88466 2461.09589 0 4105.61725 
4956.43602 2779.6694 852.67696 4777.05872 4695.64777 2175.76929 745.38723 4116.67791 5283.88683 3225.89228 4193.5981 3020.54868 1912.39379 932.80759 1583.92077 659.11001 2316.32057 4333.45416 3536.10647 2540.12283 1180.10847 1712.69902 898.31899 2030.2049399999999 4105.61725 0 
