50
b1 b3 j2 g4 b7 i2 f1 d2 d0 h3 g1 a1 d5 h4 g3 h5 i1 b6 f9 g2 i3 f6 d3 h6 i7 d9 d1 i6 j1 g9 i8 d8 j3 b5 i0 i9 c8 e8 e2 d4 d7 f8 a4 e0 b2 h9 h2 a8 g8 e9
0 313.35602 443.36553 773.1785 423.5304 661.88971 701.59888 139.71399 509.0 108.20813 246.465 478.43599 738.98646 672.00297 441.07709 317.62399 373.43004 410.74201 558.86313 467.93268 560.83954 562.92539 406.50953 328.05639 566.62686 437.0286 347.33269 389.39054 346.77081 504.82175 129.6341 749.28232 425.33986 369.72016 648.95069 477.67143 442.83179 404.12003 463.5871 174.5222 461.10844 457.035 853.0633 733.4262 334.18557 292.56452 674.08975 477.52905 811.56946 528.88656 
313.35602 0 749.24828 783.62554 732.20352 422.29136 736.99457 451.71672 392.1033 409.09289 257.03112 464.2467 539.90832 516.18988 228.64164 177.25969 645.16819 179.90275 299.66648 558.28397 307.31905 451.27042 293.87412 464.59121 811.01541 658.12612 244.0 699.98357 166.37908 365.85926 426.64856 671.61893 685.24594 217.52471 792.94955 415.19393 756.00264 714.58589 150.44268 254.87644 346.70592 559.46492 976.67445 713.78568 555.30892 513.11012 675.89126 203.7891 705.78537 580.53854 
443.36553 749.24828 0 845.71508 221.08143 1018.37173 760.74831 323.57533 796.27256 380.31565 578.10206 682.64192 1049.77045 953.20354 878.58977 694.47102 182.40888 800.87077 942.44416 553.2522 940.09573 829.41063 821.72562 456.85884 298.31694 315.06983 769.80841 198.56485 730.95348 811.19418 375.06532 934.56139 211.1516 801.33139 559.46402 729.00274 106.38138 199.62464 899.02725 590.70889 762.48278 532.21987 737.31404 854.54607 317.5862 329.21877 785.46801 879.95965 1015.81297 633.00078 
773.1785 783.62554 845.71508 0 1015.40976 613.86073 84.97058 829.95722 417.88515 849.17018 565.37774 321.46228 516.763 416.43366 1011.73613 606.44538 666.30698 640.82446 658.81788 318.48704 645.70736 373.73787 1065.17838 458.49536 615.2276 531.20711 1006.36226 977.22566 620.69718 454.27964 868.45149 221.46105 636.09511 993.52 334.6909 370.6818 937.68704 987.89878 840.43084 904.39869 450.20217 335.77373 341.42349 91.28526 548.71212 561.03208 107.78682 694.76111 289.08476 246.07315 
423.5304 732.20352 221.08143 1015.40976 0 1073.702 931.39948 284.20063 884.03223 323.15476 632.5575 800.1581 1132.11527 1048.45123 805.49922 730.61686 360.45526 830.24394 978.25661 703.69382 979.05719 927.88415 722.3351 580.14911 516.62365 502.0956 681.45872 39.66106 763.28762 890.24996 306.42617 1069.57655 408.12253 722.09763 759.0685 829.91324 119.47384 27.51363 880.25962 516.23637 842.23096 684.1089 947.2555 1009.49492 466.78688 459.15574 941.08713 900.24441 1145.6461 783.25793 
661.88971 422.29136 1018.37173 613.86073 1073.702 0 614.47945 794.07934 253.03161 770.05519 444.77522 408.14825 144.54411 201.65812 582.97941 344.74483 861.20148 257.03112 124.90796 578.04238 115.43396 261.07661 689.97681 587.21801 955.53126 801.72314 653.23961 1036.20123 315.44888 223.40322 791.2528 412.71055 875.84473 614.89917 800.39802 334.05388 1061.24926 1050.80017 360.61197 668.86171 267.30693 593.40795 919.27417 523.07169 729.4066 701.60102 527.99337 220.73513 397.22663 540.56729 
701.59888 736.99457 760.74831 84.97058 931.39948 614.47945 0 751.68144 394.40081 773.28519 505.85373 273.4264 534.33322 426.62044 965.61379 560.26065 581.39573 606.89702 643.4695 239.16939 631.06418 359.9611 1011.22747 381.00131 533.87732 446.30594 951.19346 893.36778 578.6199 431.80782 792.06312 258.66 551.21774 941.5997 260.35744 334.46823 852.8382 903.89601 806.70192 839.82438 418.89616 255.13133 308.69078 126.82665 464.96559 478.72852 87.55569 668.10553 337.36923 172.98554 
139.71399 451.71672 323.57533 829.95722 284.20063 794.07934 751.68144 0 621.55369 57.38466 360.92242 564.04698 861.98201 786.65112 556.46473 449.53865 302.80356 547.01096 695.20069 512.51634 696.46895 671.07451 499.00901 371.4687 505.2623 405.64269 446.28242 249.6898 481.00935 622.63713 58.69412 838.98033 361.33364 478.08472 649.34505 578.32343 307.66865 264.42579 601.3992 267.15164 576.26122 497.06438 854.13172 803.6977 318.79774 287.12714 739.31657 616.09252 907.98513 584.51432 
509.0 392.1033 796.27256 417.88515 884.03223 253.03161 394.40081 621.55369 0 612.69405 263.05892 155.72411 253.50345 165.20593 612.33487 228.00877 628.0613 228.07893 250.94421 325.01384 239.26972 60.03332 685.49325 346.77081 705.84488 554.80176 632.60177 844.85856 226.71788 37.44329 634.6432 279.51565 635.69253 609.53917 551.09527 81.02468 852.59896 858.84806 424.92352 578.57843 49.81967 340.47613 685.7011 336.30492 491.5862 469.4731 315.57249 276.87722 319.18959 291.56817 
108.20813 409.09289 380.31565 849.17018 323.15476 770.05519 773.28519 57.38466 612.69405 0 349.66555 569.47695 846.20683 776.75543 501.59744 425.8286 355.87778 518.16792 666.09984 534.84203 668.37414 665.02481 441.77935 392.50987 557.91128 450.9246 389.53947 291.76017 454.82853 610.35399 21.95449 843.40085 413.65807 422.28426 687.51727 576.21263 359.13924 306.21887 557.21629 210.92415 565.63238 520.94721 892.86057 817.14197 358.43688 323.03714 754.71849 583.06174 909.05005 603.10032 
246.465 257.03112 578.10206 565.37774 632.5575 444.77522 505.85373 360.92242 263.05892 349.66555 0 248.93774 501.42995 427.21072 476.72423 122.06555 435.43656 227.7279 364.61075 304.69985 362.00828 316.46168 507.31154 209.88091 573.78828 416.37122 446.41796 594.28107 159.20113 261.81291 371.61808 509.03929 463.15548 440.71986 536.15109 233.98504 616.54278 608.71339 376.97745 342.0073 216.13421 304.0592 723.01728 510.95694 320.68832 283.00706 459.62811 310.09192 567.2971 338.2366 
478.43599 464.2467 682.64192 321.46228 800.1581 408.14825 273.4264 564.04698 155.72411 569.47695 248.93774 0 386.46345 279.16482 692.8665 287.15501 505.45128 337.65366 399.44085 170.95028 388.973 159.4804 743.72104 226.27416 559.08586 414.05917 685.04379 760.4972 305.32114 189.45184 590.62847 274.93453 503.69137 672.18152 396.35337 75.92759 751.5617 773.54379 536.10633 590.92554 159.41141 187.92019 541.93726 262.0706 366.87463 354.26684 213.95326 405.51325 346.36974 138.71553 
738.98646 539.90832 1049.77045 516.763 1132.11527 144.54411 534.33322 861.98201 253.50345 846.20683 501.42995 386.46345 0 112.36102 719.01738 426.4317 880.52313 362.46379 259.27784 554.30136 247.0506 227.30596 820.41513 598.32599 945.30259 799.79059 779.25413 1093.3188 405.68583 242.09502 868.02073 300.10164 885.55349 744.10348 751.91089 324.67984 1105.08687 1107.53239 498.4857 773.30783 290.58905 572.80013 843.00059 425.9683 743.18571 722.54065 447.00111 348.89683 266.32686 499.81196 
672.00297 516.18988 953.20354 416.43366 1048.45123 201.65812 426.62044 786.65112 165.20593 776.75543 427.21072 279.16482 112.36102 0 718.0174 374.59444 780.21663 337.02373 279.06271 444.32533 265.20369 123.81033 807.45154 497.84837 836.21169 693.20271 760.12893 1009.17441 362.5162 167.94344 798.70958 211.10187 781.89129 730.42795 639.61316 224.2008 1013.856 1023.07233 507.02761 728.86898 211.12318 463.29796 735.07346 325.16149 641.95015 624.27077 339.06489 349.98571 205.34117 387.83114 
441.07709 228.64164 878.58977 1011.73613 805.49922 582.97941 965.61379 556.46473 612.33487 501.59744 476.72423 692.8665 719.01738 718.0174 0 405.77087 810.98027 386.95994 460.31402 781.26563 472.10592 669.78951 125.73384 676.0355 995.14069 850.63094 130.92364 781.12995 391.80224 582.59076 511.43132 890.35105 859.1583 84.40379 1010.76208 642.20012 859.5237 794.51242 222.64321 292.0428 569.71922 780.70865 1199.7333 940.31962 745.08858 701.56467 904.07964 371.53869 916.76169 807.81804 
317.62399 177.25969 694.47102 606.44538 730.61686 344.74483 560.26065 449.53865 228.00877 425.8286 122.06555 287.15501 426.4317 374.59444 405.77087 0 556.92459 106.73331 249.99399 393.64196 249.43536 288.0 463.72944 323.81785 694.10157 536.13151 408.16295 693.69301 37.21558 209.61393 447.21359 504.34611 585.21876 389.59722 633.56925 239.40969 725.85466 708.37842 266.72082 354.34587 179.13681 397.92461 808.83743 537.82246 442.3268 405.04444 498.68827 188.28967 547.15445 407.38188 
373.43004 645.16819 182.40888 666.30698 360.45526 861.20148 581.39573 302.80356 628.0613 355.87778 435.43656 505.45128 880.52313 780.21663 810.98027 556.92459 0 663.13573 796.90526 370.91912 792.85622 656.60109 778.97368 282.4907 202.47468 141.71802 720.56228 325.6148 594.13803 646.47119 361.44847 752.67124 59.36328 742.62574 399.24553 556.72255 271.67995 333.63602 789.4384 544.3418 598.44882 349.85854 592.46687 672.47602 138.60014 159.69971 603.37136 745.21406 834.34105 450.60071 
410.74201 179.90275 800.87077 640.82446 830.24394 257.03112 606.89702 547.01096 228.07893 518.16792 227.7279 337.65366 362.46379 337.02373 386.95994 106.73331 663.13573 0 148.21943 471.94279 150.23315 283.74636 470.56242 421.15317 795.26662 636.96546 423.3828 794.0743 69.92138 196.2906 538.85805 503.75887 690.16012 393.56066 713.39329 272.56742 830.17166 808.81641 200.00999 413.69674 190.64626 479.54144 876.83635 562.75483 546.04486 509.88331 535.21023 83.02409 530.85779 471.05838 
558.86313 299.66648 942.44416 658.81788 978.25661 124.90796 643.4695 695.20069 250.94421 666.09984 364.61075 399.44085 259.27784 279.06271 460.31402 249.99399 796.90526 148.21943 0 558.75307 13.89244 285.4908 565.38305 537.72948 913.39914 755.90607 528.34079 941.91984 215.44836 213.76856 686.66221 481.27331 818.9078 490.10305 794.64017 324.08949 975.84629 956.65092 239.20911 550.00545 240.80074 570.65313 936.49612 571.63799 672.60092 639.78902 561.63422 96.38464 484.37279 538.07527 
467.93268 558.28397 553.2522 318.48704 703.69382 578.04238 239.16939 512.51634 325.01384 534.84203 304.69985 170.95028 554.30136 444.32533 781.26563 393.64196 370.91912 471.94279 558.75307 0 549.5489 329.08661 807.92388 142.35167 392.2206 257.03112 746.09449 664.79771 422.42277 356.45476 553.3263 382.62383 355.98455 744.00268 241.49534 244.00204 635.74916 676.23812 659.43763 616.76981 319.33054 21.2132 418.61676 305.98856 239.63513 245.12241 237.40261 548.9162 465.38156 80.26207 
560.83954 307.31905 940.09573 645.70736 979.05719 115.43396 631.06418 696.46895 239.26972 668.37414 362.00828 388.973 247.0506 265.20369 472.10592 249.43536 792.85622 150.23315 13.89244 549.5489 0 272.60594 576.07377 531.50729 906.83901 749.60322 538.18677 942.49456 215.77998 202.26715 689.0878 467.44946 813.95638 500.52772 784.62475 313.40867 974.94871 957.20948 251.57503 556.14116 230.89391 561.77753 924.9627 558.33771 667.47059 635.23617 548.92258 105.36128 470.52311 527.48649 
562.92539 451.27042 829.41063 373.73787 927.88415 261.07661 359.9611 671.07451 60.03332 665.02481 316.46168 159.4804 227.30596 123.81033 669.78951 288.0 656.60109 283.74636 285.4908 329.08661 272.60594 0 744.90603 374.15772 718.56593 572.50065 692.36189 888.46496 286.40006 87.46427 686.92939 220.75552 659.27308 668.78546 540.87521 100.4241 890.81591 902.21505 477.29655 637.69036 109.22453 346.88326 660.23783 288.17529 518.46407 500.46078 276.52486 325.1538 259.32604 282.06382 
406.50953 293.87412 821.72562 1065.17838 722.3351 689.97681 1011.22747 499.00901 685.49325 441.77935 507.31154 743.72104 820.41513 807.45154 125.73384 463.72944 778.97368 470.56242 565.38305 807.92388 576.07377 744.90603 0 688.07049 973.01387 838.66799 62.36986 702.15738 458.91175 659.731 446.86127 964.90103 831.7716 77.02596 1024.88877 702.86556 789.28448 714.61388 335.519 235.26155 639.20341 804.09016 1221.67794 1000.55184 733.57344 690.3796 957.63093 471.83047 999.52238 845.50635 
328.05639 464.59121 456.85884 458.49536 580.14911 587.21801 381.00131 371.4687 346.77081 392.50987 209.88091 226.27416 598.32599 497.84837 676.0355 323.81785 282.4907 421.15317 537.72948 142.35167 531.50729 374.15772 688.07049 0 376.00132 218.1857 625.71958 540.62556 358.80496 367.54863 411.09852 489.6417 289.45638 629.40289 337.01038 274.2353 525.85644 553.07323 586.28491 484.05888 320.70547 129.43724 534.80463 435.84515 144.90341 128.0039 369.67012 503.70725 567.07318 213.26509 
566.62686 811.01541 298.31694 615.2276 516.62365 955.53126 533.87732 505.2623 705.84488 557.91128 573.78828 559.08586 945.30259 836.21169 995.14069 694.10157 202.47468 795.26662 913.39914 392.2206 906.83901 718.56593 973.01387 376.00132 0 158.31613 913.18891 488.95909 730.39441 732.40221 563.8874 756.33987 144.27751 931.56051 290.69055 626.30982 404.69494 492.88233 947.03379 740.27022 688.58478 372.93028 444.86514 648.64474 255.92577 297.91945 583.50749 878.19132 840.93578 457.98362 
437.0286 658.12612 315.06983 531.20711 502.0956 801.72314 446.30594 405.64269 554.80176 450.9246 416.37122 414.05917 799.79059 693.20271 850.63094 536.13151 141.71802 636.96546 755.90607 257.03112 749.60322 572.50065 838.66799 218.1857 158.31613 0 777.44324 466.89292 572.29712 579.46958 461.66329 637.2268 104.95713 791.57122 259.12352 476.87314 411.20554 475.19364 791.21994 611.26099 534.4165 236.10379 457.16189 545.36959 105.68822 149.25146 476.82806 719.88054 720.87793 332.26645 
347.33269 244.0 769.80841 1006.36226 681.45872 653.23961 951.19346 446.28242 632.60177 389.53947 446.41796 685.04379 779.25413 760.12893 130.92364 408.16295 720.56228 423.3828 528.34079 746.09449 538.18677 692.36189 62.36986 625.71958 913.18891 777.44324 0 659.04855 405.96797 608.31324 396.41014 911.4472 772.61245 49.20365 962.5222 646.41318 742.32337 672.00074 308.77985 179.62739 585.43402 742.06266 1159.4365 943.20835 672.19044 628.91175 898.99332 432.94572 948.81241 784.64832 
389.39054 699.98357 198.56485 977.22566 39.66106 1036.20123 893.36778 249.6898 844.85856 291.76017 594.28107 760.4972 1093.3188 1009.17441 781.12995 693.69301 325.6148 794.0743 941.91984 664.79771 942.49456 888.46496 702.15738 540.62556 488.95909 466.89292 659.04855 0 726.72209 851.37535 276.27884 1029.99466 375.19195 698.34661 724.7979 790.39547 106.88779 14.76482 848.77441 490.25809 803.27828 645.31077 915.05846 970.48905 428.51487 420.05832 902.15963 864.96762 1106.0018 744.24861 
346.77081 166.37908 730.95348 620.69718 763.28762 315.44888 578.6199 481.00935 226.71788 454.82853 159.20113 305.32114 405.68583 362.5162 391.80224 37.21558 594.13803 69.92138 215.44836 422.42277 215.77998 286.40006 458.91175 358.80496 730.39441 572.29712 405.96797 726.72209 0 203.0394 475.92541 505.99802 622.32146 383.24013 663.33777 250.47954 760.95334 741.43981 237.13498 368.7655 180.44666 427.85628 834.91137 548.54717 479.17637 442.1131 513.3001 151.07613 543.53012 431.11599 
504.82175 365.85926 811.19418 454.27964 890.24996 223.40322 431.80782 622.63713 37.44329 610.35399 261.81291 189.45184 242.09502 167.94344 582.59076 209.61393 646.47119 196.2906 213.76856 356.45476 202.26715 87.46427 659.731 367.54863 732.40221 579.46958 608.31324 851.37535 203.0394 0 632.29265 307.76127 657.00304 583.30095 585.71324 113.60017 863.6556 865.55531 390.67377 563.49356 48.82622 371.01212 722.742 371.61942 511.59065 487.04517 352.61877 240.70936 340.58772 326.79351 
129.6341 426.64856 375.06532 868.45149 306.42617 791.2528 792.06312 58.69412 634.6432 21.95449 371.61808 590.62847 868.02073 798.70958 511.43132 447.21359 361.44847 538.85805 686.66221 553.3263 689.0878 686.92939 446.86127 411.09852 563.8874 461.66329 396.41014 276.27884 475.92541 632.29265 0 864.72943 419.88688 430.95475 701.53118 597.94732 348.11635 290.55808 573.97212 219.58369 587.58658 539.07327 906.7359 837.38939 371.57637 337.46851 774.63927 602.97678 930.65245 622.38894 
749.28232 671.61893 934.56139 221.46105 1069.57655 412.71055 258.66 838.98033 279.51565 843.40085 509.03929 274.93453 300.10164 211.10187 890.35105 504.34611 752.67124 503.75887 481.27331 382.62383 467.44946 220.75552 964.90103 489.6417 756.33987 637.2268 911.4472 1029.99466 505.99802 307.76127 864.72943 0 738.25334 889.03824 509.49484 275.80065 1012.53938 1042.58572 693.47314 845.43125 326.0138 403.83288 559.43274 135.0037 617.82845 614.3761 180.56854 538.02044 84.59905 305.0 
425.33986 685.24594 211.1516 636.09511 408.12253 875.84473 551.21774 361.33364 635.69253 413.65807 463.15548 503.69137 885.55349 781.89129 859.1583 585.21876 59.36328 690.16012 818.9078 355.98455 813.95638 659.27308 831.7716 289.45638 144.27751 104.95713 772.61245 375.19195 622.32146 657.00304 419.88688 738.25334 0 792.91172 352.01846 560.89214 310.31919 382.0013 826.62264 597.98327 610.00737 334.79097 539.94907 649.60603 146.7583 180.27756 580.87606 772.93466 821.32393 433.48471 
369.72016 217.52471 801.33139 993.52 722.09763 614.89917 941.5997 478.08472 609.53917 422.28426 440.71986 672.18152 744.10348 730.42795 84.40379 389.59722 742.62574 393.56066 490.10305 744.00268 500.52772 668.78546 77.02596 629.40289 931.56051 791.57122 49.20365 698.34661 383.24013 583.30095 430.95475 889.03824 792.91172 0 966.28153 629.0 778.60708 711.59117 264.5033 211.48285 563.67366 741.35686 1160.27065 927.23513 685.91909 642.39318 885.81036 395.88508 922.82175 777.95758 
648.95069 792.94955 559.46402 334.6909 759.0685 800.39802 260.35744 649.34505 551.09527 687.51727 536.15109 396.35337 751.91089 639.61316 1010.76208 633.56925 399.24553 713.39329 794.64017 241.49534 784.62475 540.87521 1024.88877 337.01038 290.69055 259.12352 962.5222 724.7979 663.33777 585.71324 701.53118 509.49484 352.01846 966.28153 0 472.28063 661.71972 732.50938 900.02777 815.13495 553.84113 235.64804 205.38743 385.06752 330.55256 364.52297 328.93768 789.8082 592.0304 259.9423 
477.67143 415.19393 729.00274 370.6818 829.91324 334.05388 334.46823 578.32343 81.02468 576.21263 233.98504 75.92759 324.67984 224.2008 642.20012 239.40969 556.72255 272.56742 324.08949 244.00204 313.40867 100.4241 702.86556 274.2353 626.30982 476.87314 646.41318 790.39547 250.47954 113.60017 597.94732 275.80065 560.89214 629.0 472.28063 0 790.79327 804.00559 472.53042 570.03157 85.98255 259.49373 614.53478 298.61681 418.86752 400.12498 263.79727 335.21933 333.92364 214.08643 
442.83179 756.00264 106.38138 937.68704 119.47384 1061.24926 852.8382 307.66865 852.59896 359.13924 616.54278 751.5617 1105.08687 1013.856 859.5237 725.85466 271.67995 830.17166 975.84629 635.74916 974.94871 890.81591 789.28448 525.85644 404.69494 411.20554 742.32337 106.88779 760.95334 863.6556 348.11635 1012.53938 310.31919 778.60708 661.71972 790.79327 0 102.94173 906.35368 567.55087 814.87974 615.17233 842.72712 940.59661 396.2272 398.72045 871.53485 905.65004 1091.87041 716.00907 
404.12003 714.58589 199.62464 987.89878 27.51363 1050.80017 903.89601 264.42579 858.84806 306.21887 608.71339 773.54379 1107.53239 1023.07233 794.51242 708.37842 333.63602 808.81641 956.65092 676.23812 957.20948 902.21505 714.61388 553.07323 492.88233 475.19364 672.00074 14.76482 741.43981 865.55531 290.55808 1042.58572 382.0013 711.59117 732.50938 804.00559 102.94173 0 863.30759 503.90177 817.41666 656.63384 921.52156 982.06364 439.27326 431.76961 913.63559 879.73234 1118.8503 755.83066 
463.5871 150.44268 899.02725 840.43084 880.25962 360.61197 806.70192 601.3992 424.92352 557.21629 376.97745 536.10633 498.4857 507.02761 222.64321 266.72082 789.4384 200.00999 239.20911 659.43763 251.57503 477.29655 335.519 586.28491 947.03379 791.21994 308.77985 848.77441 237.13498 390.67377 573.97212 693.47314 826.62264 264.5033 900.02777 472.53042 906.35368 863.30759 0 385.24926 390.29476 664.40048 1071.44855 761.07095 691.37616 650.54208 735.12583 157.19096 710.25769 666.58832 
174.5222 254.87644 590.70889 904.39869 516.23637 668.86171 839.82438 267.15164 578.57843 210.92415 342.0073 590.92554 773.30783 728.86898 292.0428 354.34587 544.3418 413.69674 550.00545 616.76981 556.14116 637.69036 235.26155 484.05888 740.27022 611.26099 179.62739 490.25809 368.7655 563.49356 219.58369 845.43125 597.98327 211.48285 815.13495 570.03157 567.55087 503.90177 385.24926 0 528.78445 609.03612 1017.20843 852.86575 507.71054 465.45031 800.06562 456.00438 896.37324 667.72224 
461.10844 346.70592 762.48278 450.20217 842.23096 267.30693 418.89616 576.26122 49.81967 565.63238 216.13421 159.41141 290.58905 211.12318 569.71922 179.13681 598.44882 190.64626 240.80074 319.33054 230.89391 109.22453 639.20341 320.70547 688.58478 534.4165 585.43402 803.27828 180.44666 48.82622 587.58658 326.0138 610.00737 563.67366 553.84113 85.98255 814.87974 817.41666 390.29476 528.78445 0 332.44849 700.31135 372.72644 464.18638 438.8952 344.93477 249.56962 368.54307 298.07717 
457.035 559.46492 532.21987 335.77373 684.1089 593.40795 255.13133 497.06438 340.47613 520.94721 304.0592 187.92019 572.80013 463.29796 780.70865 397.92461 349.85854 479.54144 570.65313 21.2132 561.77753 346.88326 804.09016 129.43724 372.93028 236.10379 742.06266 645.31077 427.85628 371.01212 539.07327 403.83288 334.79097 741.35686 235.64804 259.49373 615.17233 656.63384 664.40048 609.03612 332.44849 0 419.29703 326.01993 219.23731 226.1526 257.2353 557.64594 486.59017 100.95543 
853.0633 976.67445 737.31404 341.42349 947.2555 919.27417 308.69078 854.13172 685.7011 892.86057 723.01728 541.93726 843.00059 735.07346 1199.7333 808.83743 592.46687 876.83635 936.49612 418.61676 924.9627 660.23783 1221.67794 534.80463 444.86514 457.16189 1159.4365 915.05846 834.91137 722.742 906.7359 559.43274 539.94907 1160.27065 205.38743 614.53478 842.72712 921.52156 1071.44855 1017.20843 700.31135 419.29703 0 424.51972 535.40732 569.89911 396.16158 947.32095 630.45697 405.79058 
733.4262 713.78568 854.54607 91.28526 1009.49492 523.07169 126.82665 803.6977 336.30492 817.14197 510.95694 262.0706 425.9683 325.16149 940.31962 537.82246 672.47602 562.75483 571.63799 305.98856 558.33771 288.17529 1000.55184 435.84515 648.64474 545.36959 943.20835 970.48905 548.54717 371.61942 837.38939 135.0037 649.60603 927.23513 385.06752 298.61681 940.59661 982.06364 761.07095 852.86575 372.72644 326.01993 424.51972 0 545.18437 550.46162 69.11584 612.20911 210.85777 226.24102 
334.18557 555.30892 317.5862 548.71212 466.78688 729.4066 464.96559 318.79774 491.5862 358.43688 320.68832 366.87463 743.18571 641.95015 745.08858 442.3268 138.60014 546.04486 672.60092 239.63513 667.47059 518.46407 733.57344 144.90341 255.92577 105.68822 672.19044 428.51487 479.17637 511.59065 371.57637 617.82845 146.7583 685.91909 330.55256 418.86752 396.2272 439.27326 691.37616 507.71054 464.18638 219.23731 535.40732 545.18437 0 43.56604 476.28247 629.01987 698.51628 319.88904 
292.56452 513.11012 329.21877 561.03208 459.15574 701.60102 478.72852 287.12714 469.4731 323.03714 283.00706 354.26684 722.54065 624.27077 701.56467 405.04444 159.69971 509.88331 639.78902 245.12241 635.23617 500.46078 690.3796 128.0039 297.91945 149.25146 628.91175 420.05832 442.1131 487.04517 337.46851 614.3761 180.27756 642.39318 364.52297 400.12498 398.72045 431.76961 650.54208 465.45031 438.8952 226.1526 569.89911 550.46162 43.56604 0 482.26237 592.66179 693.20487 324.23602 
674.08975 675.89126 785.46801 107.78682 941.08713 527.99337 87.55569 739.31657 315.57249 754.71849 459.62811 213.95326 447.00111 339.06489 904.07964 498.68827 603.37136 535.21023 561.63422 237.40261 548.92258 276.52486 957.63093 369.67012 583.50749 476.82806 898.99332 902.15963 513.3001 352.61877 774.63927 180.56854 580.87606 885.81036 328.93768 263.79727 871.53485 913.63559 735.12583 800.06562 344.93477 257.2353 396.16158 69.11584 476.28247 482.26237 0 591.85893 263.40083 158.1455 
477.52905 203.7891 879.95965 694.76111 900.24441 220.73513 668.10553 616.09252 276.87722 583.06174 310.09192 405.51325 348.89683 349.98571 371.53869 188.28967 745.21406 83.02409 96.38464 548.9162 105.36128 325.1538 471.83047 503.70725 878.19132 719.88054 432.94572 864.96762 151.07613 240.70936 602.97678 538.02044 772.93466 395.88508 789.8082 335.21933 905.65004 879.73234 157.19096 456.00438 249.56962 557.64594 947.32095 612.20911 629.01987 592.66179 591.85893 0 553.08317 542.16694 
811.56946 705.78537 1015.81297 289.08476 1145.6461 397.22663 337.36923 907.98513 319.18959 909.05005 567.2971 346.36974 266.32686 205.34117 916.76169 547.15445 834.34105 530.85779 484.37279 465.38156 470.52311 259.32604 999.52238 567.07318 840.93578 720.87793 948.81241 1106.0018 543.53012 340.58772 930.65245 84.59905 821.32393 922.82175 592.0304 333.92364 1091.87041 1118.8503 710.25769 896.37324 368.54307 486.59017 630.45697 210.85777 698.51628 693.20487 263.40083 553.08317 0 388.63093 
528.88656 580.53854 633.00078 246.07315 783.25793 540.56729 172.98554 584.51432 291.56817 603.10032 338.2366 138.71553 499.81196 387.83114 807.81804 407.38188 450.60071 471.05838 538.07527 80.26207 527.48649 282.06382 845.50635 213.26509 457.98362 332.26645 784.64832 744.24861 431.11599 326.79351 622.38894 305.0 433.48471 777.95758 259.9423 214.08643 716.00907 755.83066 666.58832 667.72224 298.07717 100.95543 405.79058 226.24102 319.88904 324.23602 158.1455 542.16694 388.63093 0 
