26
b2 e9 b5 c8 d2 a3 d6 b1 e5 e0 c7 d9 d3 b0 c1 d7 a9 e3 c0 b7 c4 c9 e8 a4 b3 e4
0 715.70105 468.984 554.57821 222.72853 456.40004 152.08221 280.16602 531.52046 528.24615 410.12802 363.88597 387.2002 574.14719 263.38754 520.59677 442.14251 354.14121 446.02466 450.44422 329.96969 606.00082 385.44 460.58441 415.57791 255.97656 
715.70105 0 703.77411 908.85257 799.37225 468.47091 853.0211 611.90277 555.15223 602.5612 974.48499 999.61242 894.80724 534.81679 530.11413 1233.40706 775.90334 1004.54367 588.44371 1166.00171 841.6864 128.75169 654.00305 332.03915 1021.55225 971.34134 
468.984 703.77411 0 205.52615 690.69385 235.30618 474.30475 203.40353 865.20748 884.35852 877.64742 447.6751 269.93702 223.40322 283.34607 773.64397 879.53851 468.78779 809.76539 747.73925 796.00125 664.8496 89.4986 661.15656 429.63821 619.23339 
554.57821 908.85257 205.52615 0 772.25967 440.55646 500.4418 354.53913 1022.86118 1035.42117 937.21288 377.06498 202.03217 414.15456 449.9111 703.10454 993.57586 404.27836 956.37074 700.31492 880.66622 865.29648 264.68282 842.17159 332.18067 622.73991 
222.72853 799.37225 690.69385 772.25967 0 649.78842 298.44429 496.34766 438.35373 415.60076 200.02249 520.11633 592.57067 777.11324 458.62511 544.16265 254.24791 501.19856 343.28122 458.52371 108.40664 674.58505 605.57741 485.37202 581.89775 284.56985 
456.40004 468.47091 235.30618 440.55646 649.78842 0 532.65373 206.92993 701.55612 730.01712 849.49514 598.34772 454.30056 135.56548 193.74725 893.41703 779.37731 611.76547 665.68235 847.28566 741.50455 435.63287 195.56328 467.12418 601.84549 679.45934 
152.08221 853.0211 474.30475 500.4418 298.44429 532.65373 0 329.51479 674.70956 666.80206 439.06491 225.78751 305.92973 629.92221 355.31676 381.27417 548.2855 210.85777 585.44427 320.93768 402.31455 749.10613 406.97051 611.90277 285.02982 148.93287 
280.16602 611.90277 203.40353 354.53913 496.34766 206.92993 329.51479 0 671.63159 687.43363 689.56943 400.0 284.19183 302.04966 96.88137 686.59886 676.2847 410.64948 610.80356 640.78467 599.01669 541.08409 114.03946 489.92346 412.88497 477.96338 
531.52046 555.15223 865.20748 1022.86118 438.35373 701.55612 674.70956 671.63159 0 48.76474 529.81223 895.08044 897.00947 832.94237 582.29288 981.22831 267.46962 883.9061 95.07891 896.29124 409.695 435.10573 778.3945 257.02918 946.8437 713.62314 
528.24615 602.5612 884.35852 1035.42117 415.60076 730.01712 666.80206 687.43363 48.76474 0 492.33423 889.81177 901.84699 862.91193 601.01996 959.76299 225.30423 877.2434 82.28 874.03432 376.89786 481.33668 796.49231 297.67431 943.5873 695.79882 
410.12802 974.48499 877.64742 937.21288 200.02249 849.49514 439.06491 689.56943 529.81223 492.33423 0 633.83436 744.99463 975.79711 657.61082 545.61891 271.47191 609.64989 442.98645 460.81775 133.25539 846.77387 795.40744 647.75072 698.82758 355.64729 
363.88597 999.61242 447.6751 377.06498 520.11633 598.34772 225.78751 400.0 895.08044 889.81177 633.83436 0 185.80904 654.97633 470.17656 331.14649 772.58074 28.16025 807.93625 323.30326 619.62972 911.77409 418.8138 804.00559 65.06919 281.93793 
387.2002 894.80724 269.93702 202.03217 592.57067 454.30056 305.92973 284.19183 897.00947 901.84699 744.99463 185.80904 0 487.46794 375.13864 516.95357 828.60002 210.76052 820.14267 504.77717 700.1057 824.79391 260.86011 755.46674 159.76545 421.24577 
574.14719 534.81679 223.40322 414.15456 777.11324 135.56548 629.92221 302.04966 832.94237 862.91193 975.79711 654.97633 487.46794 0 318.52158 969.69273 914.60865 672.893 800.10061 932.69555 871.88818 530.17921 237.18558 591.85217 645.36811 778.80742 
263.38754 530.11413 283.34607 449.9111 458.62511 193.74725 355.31676 96.88137 582.29288 601.01996 657.61082 470.17656 375.13864 318.52158 0 730.80777 610.30238 476.6057 526.90131 675.8232 554.06588 450.69945 196.12496 393.19333 491.8089 497.06035 
520.59677 1233.40706 773.64397 703.10454 544.16265 893.41703 381.27417 686.59886 981.22831 959.76299 545.61891 331.14649 516.95357 969.69273 730.80777 0 778.03149 306.88271 886.26463 87.0 603.00331 1126.41466 732.98362 974.51167 371.05794 274.30822 
442.14251 775.90334 879.53851 993.57586 254.24791 779.37731 548.2855 676.2847 267.46962 225.30423 271.47191 772.58074 828.60002 914.60865 610.30238 778.03149 0 754.53959 194.12367 691.03545 175.07141 647.84334 790.31765 445.19209 833.22806 534.25274 
354.14121 1004.54367 468.78779 404.27836 501.19856 611.76547 210.85777 410.64948 883.9061 877.2434 609.64989 28.16025 210.76052 672.893 476.6057 306.88271 754.53959 0 795.64942 296.0608 599.09932 913.99398 436.02293 800.61101 91.02197 256.28889 
446.02466 588.44371 809.76539 956.37074 343.28122 665.68235 585.44427 610.80356 95.07891 82.28 442.98645 807.93625 820.14267 800.10061 526.90131 886.26463 194.12367 795.64942 0 801.25027 318.67538 462.04437 721.25584 264.0 861.44123 619.31736 
450.44422 1166.00171 747.73925 700.31492 458.52371 847.28566 320.93768 640.78467 896.29124 874.03432 460.81775 323.30326 504.77717 932.69555 675.8232 87.0 691.03545 296.0608 801.25027 0 516.00387 1055.80916 698.52415 897.89197 374.67452 196.95684 
329.96969 841.6864 796.00125 880.66622 108.40664 741.50455 402.31455 599.01669 409.695 376.89786 133.25539 619.62972 700.1057 871.88818 554.06588 603.00331 175.07141 599.09932 318.67538 516.00387 0 713.79338 709.8535 514.49586 682.67781 365.12463 
606.00082 128.75169 664.8496 865.29648 674.58505 435.63287 749.10613 541.08409 435.10573 481.33668 846.77387 911.77409 824.79391 530.17921 450.69945 1126.41466 647.84334 913.99398 462.04437 1055.80916 713.79338 0 602.29975 203.3642 939.72868 859.61444 
385.44 654.00305 89.4986 264.68282 605.57741 195.56328 406.97051 114.03946 778.3945 796.49231 795.40744 418.8138 260.86011 237.18558 196.12496 732.98362 790.31765 436.02293 721.25584 698.52415 709.8535 602.29975 0 581.42067 413.75959 554.95585 
460.58441 332.03915 661.15656 842.17159 485.37202 467.12418 611.90277 489.92346 257.02918 297.67431 647.75072 804.00559 755.46674 591.85217 393.19333 974.51167 445.19209 800.61101 264.0 897.89197 514.49586 203.3642 581.42067 0 843.16605 701.28025 
415.57791 1021.55225 429.63821 332.18067 581.89775 601.84549 285.02982 412.88497 946.8437 943.5873 698.82758 65.06919 159.76545 645.36811 491.8089 371.05794 833.22806 91.02197 861.44123 374.67452 682.67781 939.72868 413.75959 843.16605 0 346.87317 
255.97656 971.34134 619.23339 622.73991 284.56985 679.45934 148.93287 477.96338 713.62314 695.79882 355.64729 281.93793 421.24577 778.80742 497.06035 274.30822 534.25274 256.28889 619.31736 196.95684 365.12463 859.61444 554.95585 701.28025 346.87317 0 
