26
to known of is way bee be Its are small its little off The anyway bees what think and it Breakfast on you this pick According
0 49.83398 617.47421 7083.251190000001 80732.49205 919643.37619 10475362.66589 119320977.70015 956432257.07107 956432261.44607 956432311.2800499 956432878.92028 956439344.69726 956512993.93812 957351904.82226 966907624.11196 83966624.06214 1323786207.8116798 1323786212.1866798 1323786262.02066 1323786829.6608899 1323793295.4378698 1323866944.6787298 1324705855.5628698 1334261574.8525698 3.375 
49.83398 0 567.64023 7033.4172100000005 80682.65807 919593.54221 10475312.83191 119320927.86617 956432306.9050499 956432311.2800499 956432361.1140299 956432928.75426 956439394.53124 956513043.7721 957351954.65624 966907673.94594 83966673.89612 1323786257.64566 1323786262.02066 1323786311.85464 1323786879.49487 1323793345.2718499 1323866994.5127099 1324705905.3968499 1334261624.68655 53.20898 
617.47421 567.64023 0 6465.776980000001 80115.01784 919025.90198 10474745.19168 119320360.22594 956432874.54528 956432878.92028 956432928.75426 956433496.39449 956439962.17147 956513611.41233 957352522.29647 966908241.5861701 83967241.53635 1323786825.28589 1323786829.66089 1323786879.4948702 1323787447.1351001 1323793912.91208 1323867562.15294 1324706473.03708 1334262192.32678 620.84921 
7083.251190000001 7033.4172100000005 6465.776980000001 0 73649.24086 912560.125 10468279.4147 119313894.44896 956439340.3222599 956439344.6972599 956439394.5312399 956439962.1714699 956446427.94845 956520077.18931 957358988.07345 966914707.36315 83973707.31333001 1323793291.06287 1323793295.43787 1323793345.27185 1323793912.91208 1323800378.68906 1323874027.92992 1324712938.81406 1334268658.10376 7086.626190000001 
80732.49205000002 80682.65807 80115.01784 73649.24086 0 838910.88414 10394630.17384 119240245.20809999 956512989.56312 956512993.93812 956513043.7721 956513611.41233 956520077.1893101 956593726.43017 957432637.3143101 966988356.6040101 84047356.55419001 1323866940.30373 1323866944.67873 1323866994.51271 1323867562.15294 1323874027.92992 1323947677.17078 1324786588.05492 1334342307.34462 80735.86705000002 
919643.3761899999 919593.5422099999 919025.90198 912560.125 838910.88414 0 9555719.2897 118401334.32396 957351900.4472599 957351904.8222599 957351954.6562399 957352522.2964699 957358988.07345 957432637.31431 958271548.19845 967827267.48815 84886267.43833001 1324705851.18787 1324705855.56287 1324705905.39685 1324706473.03708 1324712938.81406 1324786588.05492 1325625498.93906 1335181218.22876 919646.7511899999 
10475362.66589 10475312.83191 10474745.19168 10468279.4147 10394630.17384 9555719.2897 0 108845615.03426 966907619.7369599 966907624.1119599 966907673.9459399 966908241.58617 966914707.36315 966988356.60401 967827267.48815 977382986.77785 94441986.72803 1334261570.47757 1334261574.85257 1334261624.6865501 1334262192.32678 1334268658.10376 1334342307.34462 1335181218.22876 1344736937.51846 10475366.04089 
119320977.70015001 119320927.86617002 119320360.22594002 119313894.44896 119240245.2081 118401334.32396 108845615.03426 0 1075753234.77122 1075753239.14622 1075753288.9802 1075753856.62043 1075760322.39741 1075833971.63827 1076672882.52241 1086228601.81211 203287601.76229 1443107185.5118299 1443107189.8868299 1443107239.72081 1443107807.3610399 1443114273.1380198 1443187922.3788798 1444026833.2630198 1453582552.5527198 119320981.07515001 
956432257.07107 956432306.9050499 956432874.54528 956439340.32226 956512989.56312 957351900.44726 966907619.73696 1075753234.7712202 0 4.375 54.20898 621.84921 7087.626190000001 80736.86705 919647.75119 10475367.04089 1040398874.38321 2280218458.1327496 2280218462.5077496 2280218512.3417296 2280219079.9819593 2280225545.7589393 2280299194.9997993 2281138105.8839393 2290693825.1736393 956432253.69607 
956432261.44607 956432311.2800499 956432878.92028 956439344.69726 956512993.93812 957351904.82226 966907624.11196 1075753239.1462202 4.375 0 49.83398 617.47421 7083.251190000001 80732.49205 919643.37619 10475362.66589 1040398878.75821 2280218462.5077496 2280218466.8827496 2280218516.7167296 2280219084.3569593 2280225550.1339393 2280299199.3747993 2281138110.2589393 2290693829.5486393 956432258.07107 
956432311.2800499 956432361.1140299 956432928.75426 956439394.53124 956513043.7721 957351954.65624 966907673.94594 1075753288.9802 54.20898 49.83398 0 567.64023 7033.4172100000005 80682.65807 919593.54221 10475312.83191 1040398928.5921899 2280218512.34173 2280218516.71673 2280218566.55071 2280219134.19094 2280225599.96792 2280299249.20878 2281138160.09292 2290693879.38262 956432307.9050499 
956432878.92028 956432928.75426 956433496.39449 956439962.17147 956513611.41233 957352522.29647 966908241.5861701 1075753856.6204302 621.84921 617.47421 567.64023 0 6465.776980000001 80115.01784 919025.90198 10474745.19168 1040399496.23242 2280219079.9819603 2280219084.3569603 2280219134.1909404 2280219701.83117 2280226167.60815 2280299816.84901 2281138727.73315 2290694447.02285 956432875.54528 
956439344.6972599 956439394.5312399 956439962.1714699 956446427.94845 956520077.18931 957358988.07345 966914707.36315 1075760322.3974102 7087.626190000001 7083.251190000001 7033.4172100000005 6465.776980000001 0 73649.24086 912560.125 10468279.4147 1040405962.0093999 2280225545.7589397 2280225550.1339397 2280225599.96792 2280226167.6081495 2280232633.3851295 2280306282.6259894 2281145193.5101295 2290700912.7998295 956439341.3222599 
956512993.93812 956513043.7721 956513611.41233 956520077.1893101 956593726.43017 957432637.3143101 966988356.6040101 1075833971.6382701 80736.86705000002 80732.49205000002 80682.65807 80115.01784 73649.24086 0 838910.88414 10394630.17384 1040479611.25026 2280299194.9997997 2280299199.3747997 2280299249.20878 2280299816.8490095 2280306282.6259894 2280379931.8668494 2281218842.7509894 2290774562.0406895 956512990.56312 
957351904.8222599 957351954.6562399 957352522.2964699 957358988.07345 957432637.31431 958271548.19845 967827267.48815 1076672882.5224102 919647.7511899999 919643.3761899999 919593.5422099999 919025.90198 912560.125 838910.88414 0 9555719.2897 1041318522.1343999 2281138105.8839397 2281138110.2589397 2281138160.09292 2281138727.7331495 2281145193.5101295 2281218842.7509894 2282057753.6351295 2291613472.9248295 957351901.4472599 
966907624.1119599 966907673.9459399 966908241.58617 966914707.36315 966988356.60401 967827267.48815 977382986.77785 1086228601.8121102 10475367.04089 10475362.66589 10475312.83191 10474745.19168 10468279.4147 10394630.17384 9555719.2897 0 1050874241.4240999 2290693825.1736403 2290693829.5486403 2290693879.3826203 2290694447.02285 2290700912.79983 2290774562.04069 2291613472.92483 2301169192.21453 966907620.7369599 
83966624.06214 83966673.89612 83967241.53635 83973707.31333001 84047356.55419001 84886267.43833001 94441986.72803001 203287601.76229 1040398874.38321 1040398878.75821 1040398928.5921899 1040399496.23242 1040405962.0094 1040479611.25026 1041318522.1344 1050874241.4241 0 1239819583.7495399 1239819588.1245399 1239819637.95852 1239820205.5987499 1239826671.3757298 1239900320.6165898 1240739231.5007298 1250294950.7904298 83966620.68714 
1323786207.8116798 1323786257.64566 1323786825.2858899 1323793291.0628698 1323866940.3037298 1324705851.1878698 1334261570.4775698 1443107185.5118299 2280218458.1327496 2280218462.5077496 2280218512.3417296 2280219079.9819593 2280225545.7589393 2280299194.9997993 2281138105.8839393 2290693825.1736393 1239819583.7495399 0 4.375 54.20898 621.84921 7087.626190000001 80736.86705 919647.75119 10475367.04089 1323786204.4366798 
1323786212.1866798 1323786262.02066 1323786829.6608899 1323793295.4378698 1323866944.6787298 1324705855.5628698 1334261574.8525698 1443107189.8868299 2280218462.5077496 2280218466.8827496 2280218516.7167296 2280219084.3569593 2280225550.1339393 2280299199.3747993 2281138110.2589393 2290693829.5486393 1239819588.1245399 4.375 0 49.83398 617.47421 7083.251190000001 80732.49205 919643.37619 10475362.66589 1323786208.8116798 
1323786262.02066 1323786311.85464 1323786879.49487 1323793345.2718499 1323866994.5127099 1324705905.3968499 1334261624.68655 1443107239.72081 2280218512.34173 2280218516.71673 2280218566.55071 2280219134.19094 2280225599.96792 2280299249.20878 2281138160.09292 2290693879.38262 1239819637.95852 54.20898 49.83398 0 567.64023 7033.4172100000005 80682.65807 919593.54221 10475312.83191 1323786258.64566 
1323786829.66089 1323786879.4948702 1323787447.1351001 1323793912.91208 1323867562.15294 1324706473.03708 1334262192.32678 1443107807.36104 2280219079.9819603 2280219084.3569603 2280219134.1909404 2280219701.83117 2280226167.60815 2280299816.84901 2281138727.73315 2290694447.02285 1239820205.59875 621.84921 617.47421 567.64023 0 6465.776980000001 80115.01784 919025.90198 10474745.19168 1323786826.28589 
1323793295.43787 1323793345.27185 1323793912.91208 1323800378.68906 1323874027.92992 1324712938.81406 1334268658.10376 1443114273.13802 2280225545.7589397 2280225550.1339397 2280225599.96792 2280226167.6081495 2280232633.3851295 2280306282.6259894 2281145193.5101295 2290700912.7998295 1239826671.37573 7087.626190000001 7083.251190000001 7033.4172100000005 6465.776980000001 0 73649.24086 912560.125 10468279.4147 1323793292.06287 
1323866944.67873 1323866994.51271 1323867562.15294 1323874027.92992 1323947677.17078 1324786588.05492 1334342307.34462 1443187922.37888 2280299194.9997997 2280299199.3747997 2280299249.20878 2280299816.8490095 2280306282.6259894 2280379931.8668494 2281218842.7509894 2290774562.0406895 1239900320.61659 80736.86705000002 80732.49205000002 80682.65807 80115.01784 73649.24086 0 838910.88414 10394630.17384 1323866941.30373 
1324705855.56287 1324705905.39685 1324706473.03708 1324712938.81406 1324786588.05492 1325625498.93906 1335181218.22876 1444026833.26302 2281138105.8839397 2281138110.2589397 2281138160.09292 2281138727.7331495 2281145193.5101295 2281218842.7509894 2282057753.6351295 2291613472.9248295 1240739231.50073 919647.7511899999 919643.3761899999 919593.5422099999 919025.90198 912560.125 838910.88414 0 9555719.2897 1324705852.18787 
1334261574.85257 1334261624.6865501 1334262192.32678 1334268658.10376 1334342307.34462 1335181218.22876 1344736937.51846 1453582552.55272 2290693825.1736403 2290693829.5486403 2290693879.3826203 2290694447.02285 2290700912.79983 2290774562.04069 2291613472.92483 2301169192.21453 1250294950.79043 10475367.04089 10475362.66589 10475312.83191 10474745.19168 10468279.4147 10394630.17384 9555719.2897 0 1334261571.47757 
3.375 53.20898 620.84921 7086.626190000001 80735.86705 919646.75119 10475366.04089 119320981.07515 956432253.69607 956432258.07107 956432307.9050499 956432875.54528 956439341.32226 956512990.56312 957351901.44726 966907620.73696 83966620.68714 1323786204.4366798 1323786208.8116798 1323786258.64566 1323786826.2858899 1323793292.0628698 1323866941.3037298 1324705852.1878698 1334261571.4775698 0 
