101
1 3 5 7 9 11 13 15 17 19 21 23 25 27 29 31 33 35 37 39 41 43 45 47 49 51 53 55 57 59 61 63 65 67 69 71 73 75 77 79 81 83 85 87 89 91 93 95 97 99 101 103 105 107 109 111 113 115 117 119 121 123 125 127 129 131 133 135 137 139 141 143 145 147 149 151 153 155 157 159 161 163 165 167 169 171 173 175 177 179 181 183 185 187 189 191 193 195 197 199 0
0 1900000149.477 1900000175.13283 1900000033.88036 1900000088.03075 1900000094.66549 1900000124.92199 1900000006.80248 1900000165.70019 1900000120.94079 1900000145.08692 1900000052.11517 1900000118.26316 1900000032.99323 1900000176.48294 1900000021.11824 1900000118.67509 1900000047.1394 1900000175.05901 1900000029.91494 1900000020.57543 1900000125.88311 1900000102.57531 1900000017.15854 1900000145.12783 1900000092.19875 1900000168.79939 1900000121.38826 1900000046.72469 1900000173.28676 1900000081.09495 1900000117.40883 1900000013.6963 1900000172.04338 1900000125.8425 1900000198.17366 1900000144.17228 1900000135.47057 1900000126.31964 1900000003.99384 1900000126.21168 1900000183.08328 1900000172.26334 1900000062.46572 1900000094.18065 1900000127.19014 1900000165.0985 1900000121.76493 1900000128.91124 1900000064.76332 1900000168.08654 1900000056.1981 1900000145.82665 1900000166.7309 1900000159.53126 1900000085.94918 1900000171.89277 1900000132.06245 1900000152.64511 1900000048.60391 1900000071.9663 1900000181.63882 1900000072.32631 1900000102.70833 1900000003.57046 1900000133.69658 1900000035.79561 1900000158.94697 1900000133.64045 1900000099.04381 1900000103.60008 1900000103.71845 1900000095.03903 1900000188.4166 1900000144.83036 1900000173.96956 1900000064.39141 1900000057.97867 1900000063.1264 1900000080.43408 1900000065.55948 1900000184.03952 1900000090.82149 1900000052.76984 1900000136.22107 1900000197.33327 1900000177.03483 1900000076.53024 1900000150.69043 1900000052.77938 1900000161.01654 1900000088.65906 1900000022.54538 1900000143.8581 1900000004.62753 1900000148.15915 1900000021.39843 1900000030.64588 1900000004.10635 1900000074.10623 1900000169.92983 
1900000149.477 0 1900000175.23223 1900000092.32592 1900000078.20855 1900000027.64762 1900000174.82301 1900000115.60834 1900000010.23764 1900000159.82456 1900000030.90981 1900000092.35666 1900000021.26558 1900000162.39687 1900000052.95526 1900000114.00531 1900000195.15685 1900000046.27823 1900000010.79911 1900000097.80645 1900000191.21995 1900000034.93737 1900000107.50804 1900000086.30094 1900000049.40471 1900000046.97723 1900000112.6636 1900000107.5938 1900000060.3931 1900000167.33169 1900000127.56886 1900000027.60835 1900000132.80961 1900000065.19432 1900000152.69518 1900000054.50389 1900000005.89145 1900000142.95488 1900000043.62846 1900000073.82493 1900000059.06123 1900000153.10569 1900000060.42198 1900000135.79199 1900000117.04006 1900000085.18253 1900000126.90188 1900000010.1668 1900000058.20939 1900000096.05757 1900000154.31114 1900000065.68002 1900000141.12473 1900000088.88639 1900000020.46789 1900000114.26333 1900000022.41705 1900000008.19744 1900000054.70957 1900000033.06464 1900000072.98102 1900000069.13187 1900000047.06274 1900000162.65519 1900000152.97527 1900000048.90127 1900000025.26987 1900000137.85339 1900000082.53809 1900000015.76304 1900000068.51167 1900000188.18645 1900000014.55634 1900000143.63187 1900000074.88285 1900000069.08376 1900000007.03513 1900000016.56643 1900000094.21879 1900000052.12845 1900000039.8416 1900000121.43321 1900000161.99229 1900000017.32202 1900000183.97219 1900000179.60636 1900000198.89055 1900000108.79778 1900000152.39975 1900000133.90589 1900000190.84909 1900000152.10981 1900000101.69526 1900000133.96237 1900000005.9711 1900000042.76248 1900000098.57909 1900000084.92059 1900000144.96894 1900000009.14618 1900000070.43896 
1900000175.13283 1900000175.23223 0 1900000130.2341 1900000066.56197 1900000089.4242 1900000016.04663 1900000181.84465 1900000180.98182 1900000079.5032 1900000194.75939 1900000022.94556 1900000121.09612 1900000156.31058 1900000108.94852 1900000007.00648 1900000186.40574 1900000085.71092 1900000039.07736 1900000079.60016 1900000129.68594 1900000091.52763 1900000082.35604 1900000148.96833 1900000171.20857 1900000114.60371 1900000184.20422 1900000074.08747 1900000162.20174 1900000061.24308 1900000127.67955 1900000006.39732 1900000114.34003 1900000114.50209 1900000192.93524 1900000144.48776 1900000049.96257 1900000099.59643 1900000078.39326 1900000019.52612 1900000124.41206 1900000186.76303 1900000113.64105 1900000008.30684 1900000176.87212 1900000104.37027 1900000033.79899 1900000051.74111 1900000062.70231 1900000110.20606 1900000135.41231 1900000026.10839 1900000141.94038 1900000077.69124 1900000197.78742 1900000147.1166 1900000002.5098 1900000182.17493 1900000148.15549 1900000012.29199 1900000068.85122 1900000140.6454 1900000020.85556 1900000153.19582 1900000008.42752 1900000184.38661 1900000192.51341 1900000131.84925 1900000080.28347 1900000141.5622 1900000153.33113 1900000044.38618 1900000128.29518 1900000196.02274 1900000056.63647 1900000158.79977 1900000073.71412 1900000144.63156 1900000016.14583 1900000193.06569 1900000122.55422 1900000189.7972 1900000037.21062 1900000192.4067 1900000109.70356 1900000042.6831 1900000198.96161 1900000150.14596 1900000183.3542 1900000078.14481 1900000080.29999 1900000056.76906 1900000068.9691 1900000037.63371 1900000082.17512 1900000134.46582 1900000161.1349 1900000158.88307 1900000010.79778 1900000065.37063 1900000022.22914 
1900000033.88036 1900000092.32592 1900000130.2341 0 1900000146.98276 1900000155.4782 1900000131.8609 1900000064.62094 1900000022.78102 1900000157.51225 1900000189.84347 1900000091.19475 1900000120.63758 1900000121.80035 1900000170.06612 1900000105.3358 1900000163.76661 1900000110.44884 1900000185.20258 1900000003.41027 1900000178.09326 1900000134.4876 1900000160.17103 1900000156.92979 1900000119.79429 1900000065.57544 1900000177.67584 1900000024.2683 1900000026.91789 1900000117.98343 1900000142.83408 1900000190.16984 1900000196.8603 1900000152.04568 1900000102.41635 1900000191.68086 1900000109.1152 1900000038.93651 1900000037.32934 1900000089.58279 1900000172.09172 1900000191.86503 1900000080.71044 1900000040.19117 1900000180.61104 1900000012.17562 1900000110.27751 1900000016.02215 1900000141.49541 1900000078.41986 1900000176.82196 1900000191.10613 1900000025.15282 1900000197.78256 1900000144.92101 1900000135.47472 1900000179.67332 1900000094.30058 1900000178.91328 1900000130.38415 1900000021.65352 1900000173.47654 1900000163.47486 1900000158.45602 1900000055.12456 1900000118.79072 1900000087.36931 1900000076.49602 1900000154.90239 1900000176.88001 1900000145.07354 1900000122.92162 1900000061.44569 1900000160.27667 1900000162.13333 1900000021.04146 1900000067.74354 1900000001.71826 1900000155.66346 1900000045.38373 1900000001.4884 1900000107.25903 1900000112.20796 1900000053.73148 1900000078.68968 1900000097.14006 1900000109.19889 1900000124.51985 1900000113.55924 1900000032.55337 1900000138.28061 1900000010.46037 1900000105.57781 1900000005.20133 1900000175.78327 1900000161.39795 1900000077.24946 1900000048.36423 1900000099.33922 1900000079.93216 1900000002.32197 
1900000088.03075 1900000078.20855 1900000066.56197 1900000146.98276 0 1900000013.04144 1900000192.96446 1900000024.50536 1900000005.97975 1900000036.2269 1900000104.75028 1900000123.91083 1900000061.18489 1900000113.85771 1900000031.23425 1900000108.95128 1900000125.10883 1900000113.50602 1900000121.72396 1900000102.7643 1900000195.50495 1900000054.26476 1900000051.91264 1900000039.28221 1900000033.29559 1900000168.54544 1900000016.23057 1900000197.29203 1900000161.63904 1900000072.51552 1900000128.72322 1900000003.23743 1900000127.04056 1900000138.28367 1900000192.90548 1900000103.95377 1900000149.97289 1900000124.96898 1900000030.29625 1900000062.44747 1900000074.21707 1900000129.87646 1900000010.46141 1900000100.76539 1900000038.7297 1900000041.7376 1900000088.37949 1900000056.75515 1900000158.75312 1900000142.79857 1900000114.86186 1900000109.61276 1900000040.07309 1900000109.37162 1900000046.59662 1900000017.37021 1900000062.08687 1900000062.90671 1900000113.16303 1900000123.87996 1900000194.00605 1900000060.63967 1900000149.0476 1900000169.42654 1900000186.57184 1900000015.87597 1900000150.0694 1900000134.55177 1900000060.51235 1900000014.30462 1900000014.10234 1900000197.81155 1900000138.70346 1900000043.84467 1900000035.87444 1900000019.87235 1900000072.4403 1900000141.83412 1900000093.11518 1900000004.23109 1900000182.60028 1900000124.38476 1900000112.35897 1900000027.28958 1900000160.40821 1900000090.64765 1900000084.23886 1900000072.30471 1900000083.36161 1900000137.85421 1900000181.20329 1900000193.90497 1900000016.75 1900000192.17562 1900000002.95629 1900000150.64843 1900000145.74733 1900000123.6679 1900000085.6416 1900000005.97641 1900000071.89999 
1900000094.66549 1900000027.64762 1900000089.4242 1900000155.4782 1900000013.04144 0 1900000072.37406 1900000186.16353 1900000004.03473 1900000083.64211 1900000042.20909 1900000140.42556 1900000053.57406 1900000121.69179 1900000098.43808 1900000086.4999 1900000143.29209 1900000014.54921 1900000152.63509 1900000061.90994 1900000111.7476 1900000134.26577 1900000176.88375 1900000184.31241 1900000152.48078 1900000117.03637 1900000095.88101 1900000012.01468 1900000131.72374 1900000068.63513 1900000089.71344 1900000132.66907 1900000057.16584 1900000151.28051 1900000091.42608 1900000107.84728 1900000159.73877 1900000110.70418 1900000030.81189 1900000016.21997 1900000073.63102 1900000044.96373 1900000018.52407 1900000149.74325 1900000043.55779 1900000122.65119 1900000019.32609 1900000087.39872 1900000098.44315 1900000073.79294 1900000037.60989 1900000100.63374 1900000048.08112 1900000166.64631 1900000095.59203 1900000030.94101 1900000174.82809 1900000110.39579 1900000061.02855 1900000180.89689 1900000056.94835 1900000151.59109 1900000028.87114 1900000026.11565 1900000130.14337 1900000181.91351 1900000124.72147 1900000157.4039 1900000117.8165 1900000064.66519 1900000042.28585 1900000081.36127 1900000110.46593 1900000145.69924 1900000181.65187 1900000007.66776 1900000133.47325 1900000098.89225 1900000158.33144 1900000171.62666 1900000045.74702 1900000186.55434 1900000087.21374 1900000080.29965 1900000039.36801 1900000177.49375 1900000098.71429 1900000142.68464 1900000042.19164 1900000174.33652 1900000142.35438 1900000158.77975 1900000088.61064 1900000163.28552 1900000168.11318 1900000030.99202 1900000112.51992 1900000151.30443 1900000078.54351 1900000102.08252 1900000017.65146 
1900000124.92199 1900000174.82301 1900000016.04663 1900000131.8609 1900000192.96446 1900000072.37406 0 1900000067.3676 1900000095.55271 1900000156.86056 1900000059.34147 1900000179.09751 1900000022.0793 1900000181.01671 1900000109.87362 1900000024.56227 1900000110.85683 1900000119.40685 1900000079.9587 1900000018.74442 1900000008.96485 1900000103.03329 1900000018.84311 1900000138.29937 1899999999.09235 1900000149.88978 1900000055.53814 1900000072.70233 1900000127.96396 1900000053.45217 1900000046.11309 1900000136.99468 1900000191.40116 1900000012.82351 1900000061.77593 1900000027.18798 1900000066.5657 1900000054.86521 1900000059.22825 1900000132.87139 1900000095.95796 1900000011.63907 1900000024.78873 1900000139.90436 1900000130.33319 1900000124.79907 1900000082.86313 1900000176.57357 1900000030.7515 1900000011.85989 1900000165.90101 1900000090.89185 1900000046.33471 1900000122.35063 1900000008.26769 1900000044.5695 1900000127.90577 1900000051.44875 1900000066.9807 1900000067.1972 1900000116.67816 1900000144.60337 1900000100.18355 1900000113.2586 1900000011.4989 1900000048.83323 1900000182.23448 1900000177.07039 1900000075.74579 1900000027.30189 1900000142.74613 1900000027.21747 1900000023.86915 1900000135.03315 1900000113.48542 1900000147.42716 1900000089.68321 1900000084.5181 1900000054.35785 1900000187.3159 1900000142.05925 1900000090.76271 1900000059.59017 1900000054.54849 1900000059.33733 1900000140.7286 1900000165.33411 1900000086.92462 1900000107.23352 1900000153.50862 1900000058.63471 1900000068.27404 1900000150.92139 1900000151.33917 1900000075.03457 1900000055.71635 1900000033.23953 1900000080.13451 1900000168.97111 1900000175.0456 1900000115.63974 
1900000006.80248 1900000115.60834 1900000181.84465 1900000064.62094 1900000024.50536 1900000186.16353 1900000067.3676 0 1900000063.77956 1900000150.94094 1900000082.01329 1900000173.29613 1900000086.37491 1900000101.67338 1900000151.13413 1900000175.60446 1900000028.8766 1900000191.12317 1900000087.93421 1900000052.09778 1900000096.58069 1900000118.96991 1900000146.71062 1900000158.24404 1900000117.97985 1900000044.06306 1900000025.14437 1900000124.2078 1900000126.02467 1900000044.75339 1900000156.94975 1900000089.91226 1900000116.99384 1900000148.45124 1900000125.89503 1900000035.9642 1900000067.25752 1900000098.3652 1900000198.73558 1900000015.99122 1900000138.94375 1900000046.0496 1900000148.25449 1900000195.59727 1900000148.20971 1900000023.85296 1900000045.0585 1900000091.07416 1900000037.2326 1900000130.27762 1900000151.49188 1900000181.78318 1900000164.96903 1900000147.87181 1900000028.8115 1900000012.12569 1900000172.42285 1900000143.29841 1900000033.50432 1900000003.89988 1900000128.41633 1900000014.30334 1900000179.39513 1900000093.16638 1900000072.12387 1900000158.21713 1900000158.67405 1900000186.38293 1900000075.81502 1900000138.09991 1900000113.50508 1900000143.77923 1900000186.6994 1900000175.68024 1900000104.92926 1900000167.06812 1900000195.76361 1900000071.64293 1900000149.68984 1900000110.53692 1900000178.75595 1900000144.07086 1900000164.02018 1900000139.93651 1900000143.92421 1900000096.8383 1900000084.69597 1900000143.34064 1900000089.95215 1900000045.45607 1900000196.2671 1900000070.0559 1900000053.24077 1900000104.22109 1900000069.49483 1900000033.25689 1900000177.43976 1900000185.82697 1900000032.09501 1900000077.06186 1900000022.22399 
1900000165.70019 1900000010.23764 1900000180.98182 1900000022.78102 1900000005.97975 1900000004.03473 1900000095.55271 1900000063.77956 0 1900000105.48462 1900000176.21685 1900000079.11726 1900000018.30899 1900000014.53468 1900000160.81521 1900000120.41375 1900000035.24873 1900000029.37989 1900000154.33126 1900000156.11905 1900000163.55713 1900000113.80451 1900000185.01448 1900000188.58032 1900000031.92177 1900000190.05492 1900000105.28866 1900000127.08826 1900000166.02964 1900000174.55872 1900000029.54941 1900000022.4777 1900000084.10059 1900000167.03622 1900000150.46974 1900000088.40965 1900000130.32065 1900000067.8193 1900000143.51731 1900000094.95568 1900000024.13038 1900000128.51342 1900000020.14369 1900000046.49075 1900000190.55319 1900000170.7128 1900000170.20467 1900000147.43073 1900000104.95867 1900000020.7328 1900000187.10502 1900000123.1869 1900000035.23109 1900000144.99829 1900000191.64547 1900000114.04692 1900000162.85044 1900000196.05977 1900000026.49328 1900000151.78595 1900000034.31405 1900000016.02216 1900000112.92142 1900000058.59636 1900000019.33294 1900000181.12413 1900000188.81379 1900000064.15336 1900000072.17044 1900000104.59779 1900000063.70807 1900000019.29061 1900000163.71537 1900000164.08589 1900000140.2594 1900000043.43535 1900000098.37365 1900000091.63351 1900000026.52854 1900000008.53529 1900000093.41192 1900000029.06711 1900000112.02367 1900000063.88263 1900000067.43483 1900000121.56238 1900000108.40935 1900000102.35669 1900000176.61076 1900000092.8599 1900000002.23736 1900000172.88505 1900000085.20768 1900000068.13414 1900000135.63958 1900000170.36276 1900000157.87488 1900000122.77877 1900000116.21293 1900000096.61344 1900000131.97975 
1900000120.94079 1900000159.82456 1900000079.5032 1900000157.51225 1900000036.2269 1900000083.64211 1900000156.86056 1900000150.94094 1900000105.48462 0 1900000013.74378 1900000015.44016 1900000002.62509 1900000193.81987 1900000050.32387 1900000183.89489 1900000047.26978 1900000193.32904 1900000089.66618 1900000072.80168 1900000013.95332 1900000128.03288 1900000056.30054 1900000189.86096 1900000037.83055 1900000028.21106 1900000137.85484 1900000035.36196 1900000071.09799 1900000092.06931 1900000152.33747 1900000084.65434 1900000156.28209 1900000155.49997 1900000007.32394 1900000160.04473 1900000133.11052 1900000014.87175 1900000015.80609 1900000006.62526 1900000004.70381 1900000106.978 1900000099.3408 1900000000.09232 1900000137.97456 1900000110.41351 1900000046.96414 1900000071.41116 1900000138.18037 1900000101.4307 1900000054.24531 1900000093.61012 1900000132.34924 1900000039.78428 1900000064.17689 1900000122.06548 1900000192.84087 1900000023.42552 1900000053.01722 1900000006.59051 1900000113.64876 1900000046.28139 1900000023.29429 1900000008.90466 1900000146.67181 1900000013.90765 1900000157.14352 1900000171.02099 1900000160.46798 1900000181.83044 1900000090.78341 1900000157.62498 1900000157.00298 1900000115.3031 1900000072.32409 1900000069.42232 1900000113.43454 1900000039.53373 1900000095.78668 1900000192.11987 1900000168.98459 1900000119.57493 1900000013.68588 1900000169.99965 1900000103.67418 1900000128.59357 1900000052.85028 1900000143.85051 1900000135.81306 1900000145.28112 1900000075.00163 1900000176.75876 1900000000.6516 1900000033.82262 1900000177.1566 1900000092.22721 1900000110.79923 1900000184.01294 1900000096.05206 1900000192.12581 1900000098.34808 
1900000145.08692 1900000030.90981 1900000194.75939 1900000189.84347 1900000104.75028 1900000042.20909 1900000059.34147 1900000082.01329 1900000176.21685 1900000013.74378 0 1900000018.13526 1900000026.36144 1900000170.95174 1900000189.64192 1900000108.72749 1900000108.46565 1900000192.10865 1900000057.8715 1900000061.92837 1900000035.64781 1900000127.37966 1900000158.95559 1900000126.64211 1900000186.42878 1900000185.62147 1900000050.41919 1900000195.78243 1900000009.15679 1900000053.26801 1900000166.82315 1900000086.44962 1900000137.10323 1900000085.27799 1900000127.91433 1900000124.08243 1900000107.19536 1900000182.81348 1900000070.6426 1900000057.53543 1900000118.14176 1900000155.19646 1900000018.83033 1900000140.06215 1900000143.82388 1900000140.44668 1900000153.7671 1900000081.78691 1900000148.37637 1900000179.7679 1900000051.53324 1900000107.57267 1900000181.52219 1899999999.32702 1900000168.80689 1900000063.93181 1900000075.43356 1900000013.5857 1900000094.18708 1900000185.27343 1900000108.17597 1900000112.32744 1900000005.84319 1900000004.36873 1900000075.51583 1900000041.13059 1900000123.5243 1900000121.25613 1900000179.29482 1900000091.03741 1900000181.08081 1900000188.41216 1900000084.76732 1900000083.66597 1900000195.30349 1900000001.28361 1900000053.79506 1900000129.69807 1900000018.18739 1900000177.5232 1900000141.49656 1900000068.33208 1900000093.63892 1900000149.68124 1900000192.70265 1900000045.01067 1900000003.1287 1900000133.7149 1900000141.87347 1900000129.00386 1900000182.45797 1900000069.61779 1900000047.99083 1900000122.38693 1900000144.08133 1900000024.45879 1900000165.9693 1900000141.63441 1900000053.62981 1900000158.68086 1900000183.30635 
1900000052.11517 1900000092.35666 1900000022.94556 1900000091.19475 1900000123.91083 1900000140.42556 1900000179.09751 1900000173.29613 1900000079.11726 1900000015.44016 1900000018.13526 0 1900000058.55904 1900000172.01189 1900000053.79185 1900000122.79377 1900000172.20577 1900000159.72927 1900000033.7374 1900000168.54705 1900000105.23869 1900000080.91017 1900000000.30186 1900000093.93825 1900000002.45538 1900000072.27846 1900000154.90919 1900000176.77976 1900000083.57141 1900000123.94426 1900000096.85904 1900000083.92849 1900000049.13916 1900000052.11871 1900000148.09772 1900000020.87037 1900000028.08056 1900000162.25224 1900000091.95556 1900000011.54606 1900000168.45355 1900000070.99461 1900000180.25039 1900000087.43224 1900000022.4637 1900000109.97208 1900000036.40809 1900000189.38716 1900000137.24485 1900000064.42309 1900000038.94427 1900000173.22015 1900000188.65192 1900000116.28932 1900000132.65327 1900000069.97654 1900000013.04676 1900000187.85027 1900000070.08326 1900000012.63468 1900000185.50336 1900000095.78213 1900000029.36695 1900000126.0525 1900000128.84451 1900000071.75132 1900000063.19248 1900000179.67474 1900000117.75915 1900000000.08804 1900000153.12909 1900000151.05438 1900000167.27741 1900000054.59912 1900000082.42979 1900000171.74642 1900000068.96718 1900000191.51513 1900000030.63814 1900000126.37533 1900000169.16458 1900000187.16329 1900000137.74417 1900000039.28661 1900000151.40256 1900000074.19933 1900000103.85951 1900000152.6247 1900000044.7439 1900000055.48963 1900000009.70309 1900000115.76645 1900000092.44318 1900000066.86046 1900000105.99791 1900000055.42106 1900000073.77422 1900000112.38253 1900000175.79954 1900000108.64007 1900000036.49692 
1900000118.26316 1900000021.26558 1900000121.09612 1900000120.63758 1900000061.18489 1900000053.57406 1900000022.0793 1900000086.37491 1900000018.30899 1900000002.62509 1900000026.36144 1900000058.55904 0 1900000014.56128 1900000038.67271 1900000165.3032 1900000009.80175 1900000117.79958 1900000002.19721 1900000141.04683 1900000115.62154 1900000120.12759 1900000160.0055 1900000097.40262 1900000013.50575 1900000134.8682 1900000082.64642 1900000064.01119 1900000143.21361 1900000151.26984 1900000021.51868 1900000133.39195 1900000027.06024 1900000180.04069 1900000033.02029 1900000054.11728 1900000009.75198 1900000084.6906 1900000165.48182 1900000061.88264 1900000146.71368 1900000162.64766 1900000134.28887 1900000175.69315 1900000038.68531 1900000068.12059 1900000024.88219 1900000185.95971 1900000061.23701 1900000195.54456 1900000120.29275 1900000031.01462 1900000175.45753 1900000083.32302 1900000031.74691 1900000004.6375 1900000160.52597 1900000080.80884 1900000029.78695 1900000021.82371 1900000013.35853 1900000006.36269 1900000036.2682 1900000144.60958 1900000017.57005 1900000193.31741 1900000197.62857 1900000164.84069 1900000138.27298 1900000196.33812 1900000124.65864 1900000127.17773 1900000058.04496 1900000057.57208 1900000045.83602 1900000111.72774 1900000028.95769 1900000126.79944 1900000079.4074 1900000156.3719 1900000194.95642 1900000123.74141 1900000018.99879 1900000042.11385 1900000103.50381 1900000109.03022 1900000187.6803 1900000007.77728 1900000148.9007 1900000022.33307 1900000080.60588 1900000123.42531 1900000038.10611 1900000109.37197 1900000023.84396 1900000180.42185 1900000009.48205 1900000041.49012 1900000025.81274 1900000104.92338 1900000084.61153 
1900000032.99323 1900000162.39687 1900000156.31058 1900000121.80035 1900000113.85771 1900000121.69179 1900000181.01671 1900000101.67338 1900000014.53468 1900000193.81987 1900000170.95174 1900000172.01189 1900000014.56128 0 1900000011.15892 1900000138.83488 1900000164.80802 1900000105.74492 1900000019.61157 1900000119.2139 1900000086.7415 1900000160.33569 1900000111.13756 1900000128.76667 1900000162.36102 1900000061.03313 1900000006.77745 1900000156.73494 1900000153.56139 1900000146.06216 1900000137.43766 1900000134.89562 1900000032.26243 1900000095.11459 1900000140.87256 1900000148.59289 1900000198.0457 1900000102.62773 1900000086.78629 1900000042.57934 1900000092.43689 1900000031.11244 1900000039.58783 1900000054.30167 1900000107.37404 1899999999.33599 1900000165.59575 1900000181.36237 1900000007.2923 1900000134.42311 1900000109.29455 1900000006.38328 1900000078.88496 1900000107.09019 1900000101.08763 1900000037.33852 1900000016.89976 1900000166.39741 1900000189.5835 1900000124.21542 1900000017.7965 1900000095.61465 1900000111.28212 1900000004.7289 1900000089.92877 1900000089.40312 1900000184.04584 1900000184.04037 1900000047.44657 1900000036.64838 1900000002.39157 1900000052.73492 1900000086.87293 1900000175.15228 1900000174.76182 1900000123.72509 1900000100.26056 1900000048.22838 1900000065.53495 1900000174.20175 1900000085.43856 1900000133.13083 1900000122.68495 1900000181.61684 1900000008.41189 1900000085.77319 1900000090.9639 1900000012.87314 1900000006.13878 1900000132.68661 1900000198.80181 1900000172.63144 1900000082.82981 1900000124.38655 1900000089.35225 1900000068.23613 1900000012.06826 1900000059.50797 1900000055.53267 1900000024.33959 1900000021.56716 
1900000176.48294 1900000052.95526 1900000108.94852 1900000170.06612 1900000031.23425 1900000098.43808 1900000109.87362 1900000151.13413 1900000160.81521 1900000050.32387 1900000189.64192 1900000053.79185 1900000038.67271 1900000011.15892 0 1900000127.57828 1900000180.62023 1900000072.83873 1900000187.38902 1900000089.7398 1900000157.94063 1900000155.9708 1900000041.71439 1900000051.99303 1900000156.75808 1900000126.05073 1900000022.03714 1900000069.29802 1900000065.8212 1900000007.34644 1900000169.7516 1900000046.11943 1900000127.06989 1900000119.03415 1900000094.58878 1900000122.82889 1900000158.46467 1900000159.57157 1900000151.29942 1900000175.16118 1900000137.39578 1900000033.44747 1900000165.10798 1900000095.96855 1900000131.6242 1900000092.47154 1900000005.64972 1900000032.98993 1900000079.24056 1900000175.36611 1900000086.57045 1900000010.08866 1900000046.30219 1900000120.19591 1900000097.40396 1900000006.6095 1900000141.19649 1900000110.15079 1900000118.7886 1900000136.40732 1900000121.71115 1900000155.18208 1900000022.13385 1900000042.99717 1900000121.62877 1900000187.39447 1900000186.67764 1900000161.05662 1900000077.52937 1900000065.26022 1900000191.01667 1900000031.05053 1900000030.69345 1900000058.37285 1900000068.51084 1900000034.41488 1900000100.42978 1900000134.52561 1900000151.06515 1900000096.21847 1900000135.62506 1900000012.41589 1900000178.77665 1900000175.06446 1900000041.53636 1900000174.19407 1900000124.01107 1900000008.70306 1900000014.84835 1900000155.12237 1900000063.51324 1900000126.97389 1900000047.36258 1900000019.48958 1900000118.53121 1900000001.06667 1900000018.8981 1900000140.23617 1900000161.32991 1900000095.33356 1900000173.56145 
1900000021.11824 1900000114.00531 1900000007.00648 1900000105.3358 1900000108.95128 1900000086.4999 1900000024.56227 1900000175.60446 1900000120.41375 1900000183.89489 1900000108.72749 1900000122.79377 1900000165.3032 1900000138.83488 1900000127.57828 0 1900000093.39251 1900000071.83272 1900000007.28661 1900000092.16418 1900000073.24856 1900000136.61208 1900000036.48864 1900000040.57204 1900000016.7185 1900000115.12971 1900000174.6245 1900000153.57333 1900000150.18898 1900000123.53975 1900000161.85867 1900000036.14539 1900000133.93165 1900000045.11268 1900000123.71849 1900000194.5545 1900000013.63755 1900000099.1072 1900000146.7364 1900000120.46465 1900000069.70782 1900000001.65534 1900000190.30072 1900000070.79259 1900000179.80119 1900000176.27706 1900000136.55091 1900000021.23899 1900000103.7311 1900000038.83648 1900000092.29833 1900000193.6778 1900000044.15422 1900000000.11109 1900000091.68823 1900000090.92247 1900000133.66136 1900000158.45874 1900000160.48212 1900000070.36107 1900000066.06338 1900000029.21846 1900000037.8417 1900000155.46351 1900000002.36698 1900000052.06608 1900000146.37369 1900000127.73728 1900000096.24733 1900000006.917 1900000047.49806 1900000115.09134 1900000069.5833 1900000183.40524 1900000158.01759 1900000016.57275 1900000064.09332 1900000164.6962 1900000183.97362 1900000166.35551 1900000059.27743 1900000021.11496 1900000178.12567 1900000061.51729 1900000070.06796 1900000047.25281 1900000074.95363 1900000058.11354 1900000107.61535 1900000197.37563 1900000124.95476 1900000020.40893 1900000171.13454 1900000010.48211 1900000047.24792 1900000057.98202 1900000034.73246 1900000062.57021 1900000179.92127 1900000026.29475 1900000066.77393 
1900000118.67509 1900000195.15685 1900000186.40574 1900000163.76661 1900000125.10883 1900000143.29209 1900000110.85683 1900000028.8766 1900000035.24873 1900000047.26978 1900000108.46565 1900000172.20577 1900000009.80175 1900000164.80802 1900000180.62023 1900000093.39251 0 1900000142.42442 1900000168.45619 1900000115.61015 1900000120.69102 1900000165.62454 1900000149.31232 1900000020.19345 1900000043.05456 1900000041.84805 1900000185.32327 1900000168.42714 1900000043.13002 1900000052.36275 1900000105.21612 1900000187.29017 1900000164.72922 1900000089.27155 1900000091.83352 1900000037.94514 1900000172.97831 1900000144.45435 1900000072.9201 1900000090.34143 1900000148.17047 1900000041.33677 1900000139.2449 1900000191.64567 1900000070.46682 1900000056.69522 1900000185.48479 1900000140.34641 1900000155.40279 1900000188.83142 1900000184.8976 1900000170.99641 1900000107.72533 1900000031.27434 1900000066.30669 1900000054.8902 1900000187.40436 1900000028.99053 1900000009.13305 1900000133.05395 1900000125.67717 1900000111.69649 1900000024.29529 1900000112.6906 1900000190.4411 1900000055.97346 1900000089.36851 1900000196.3818 1900000007.33674 1900000161.05724 1900000190.46648 1900000020.14998 1900000068.72537 1900000082.35477 1900000131.45645 1900000148.97347 1900000174.11715 1900000103.40727 1900000173.1006 1900000069.00227 1900000168.79047 1900000092.72793 1900000169.18863 1900000111.28694 1900000044.93185 1900000143.89753 1900000033.5281 1900000108.78493 1900000075.51585 1900000044.65033 1900000059.44355 1900000017.7994 1900000018.35722 1900000017.43999 1900000032.56516 1900000011.00798 1900000173.30625 1900000178.33321 1900000157.82708 1900000158.65693 1900000116.10026 
1900000047.1394 1900000046.27823 1900000085.71092 1900000110.44884 1900000113.50602 1900000014.54921 1900000119.40685 1900000191.12317 1900000029.37989 1900000193.32904 1900000192.10865 1900000159.72927 1900000117.79958 1900000105.74492 1900000072.83873 1900000071.83272 1900000142.42442 0 1900000134.34392 1900000154.20421 1900000162.34526 1900000038.28638 1900000010.78236 1900000128.12625 1900000196.54148 1900000051.56441 1900000140.13822 1900000139.54846 1900000139.94368 1900000109.49551 1900000148.84002 1900000113.95082 1900000049.2468 1900000142.06284 1900000149.85843 1900000125.73838 1900000149.94873 1900000111.60221 1900000155.49514 1900000194.94044 1900000015.62119 1900000059.30464 1900000093.90692 1900000126.55668 1900000182.41789 1900000078.80112 1900000100.22149 1900000164.28638 1900000051.08154 1900000126.83058 1900000101.98337 1900000168.45013 1900000067.47572 1900000176.39897 1900000027.14683 1900000188.44925 1900000060.9895 1900000074.18544 1900000008.21949 1900000178.56394 1900000045.25613 1900000093.05175 1900000004.08259 1900000049.02703 1900000011.52757 1900000114.17401 1900000124.72478 1900000149.47937 1900000174.81415 1900000124.91182 1900000136.5152 1900000193.14944 1900000103.92192 1900000168.0644 1900000185.27264 1900000082.27602 1900000113.30723 1900000135.23381 1900000097.25578 1900000143.74551 1900000076.82878 1900000129.15268 1900000113.88115 1900000047.005 1900000025.28151 1900000172.73094 1900000089.08669 1900000118.96865 1900000042.4769 1900000110.81565 1900000087.69106 1900000188.92091 1900000029.36708 1900000122.86985 1900000053.20086 1900000066.34739 1900000013.14074 1900000089.37387 1900000108.43411 1900000160.36435 1900000143.07556 
1900000175.05901 1900000010.79911 1900000039.07736 1900000185.20258 1900000121.72396 1900000152.63509 1900000079.9587 1900000087.93421 1900000154.33126 1900000089.66618 1900000057.8715 1900000033.7374 1900000002.19721 1900000019.61157 1900000187.38902 1900000007.28661 1900000168.45619 1900000134.34392 0 1900000022.99896 1900000138.20883 1900000181.28992 1900000000.30367 1900000190.09295 1900000040.50626 1900000003.21008 1900000090.82016 1900000144.3753 1900000052.72627 1900000063.30598 1900000033.91563 1900000097.18109 1900000128.24996 1900000035.01652 1900000082.0383 1900000064.94088 1900000009.47361 1900000131.08768 1900000058.14472 1900000003.31405 1900000078.5 1900000058.46742 1900000092.92521 1900000007.16831 1900000119.13953 1900000177.2567 1900000142.87633 1900000048.09804 1900000180.06155 1900000154.58009 1900000124.43609 1900000140.92605 1900000061.10222 1900000101.53542 1900000052.76098 1900000098.17377 1900000021.65949 1900000016.89354 1900000191.33307 1900000150.94093 1900000046.66529 1900000146.31246 1900000113.6451 1900000163.64236 1900000128.77549 1900000073.7119 1900000109.76782 1900000136.32663 1900000152.13058 1900000014.86151 1900000143.85981 1900000075.44622 1900000071.58733 1900000019.54713 1900000191.50953 1900000026.84483 1900000039.89589 1900000034.71899 1900000104.6764 1900000021.7406 1900000159.99498 1900000059.26674 1900000072.99871 1900000074.66714 1900000090.70251 1900000022.88832 1900000077.48162 1900000014.28611 1900000150.66896 1900000022.65446 1900000074.52123 1900000038.12098 1900000118.81138 1900000137.63577 1900000135.23133 1900000049.73319 1900000193.67257 1900000079.66204 1900000152.5158 1900000048.55679 1900000181.88777 
1900000029.91494 1900000097.80645 1900000079.60016 1900000003.41027 1900000102.7643 1900000061.90994 1900000018.74442 1900000052.09778 1900000156.11905 1900000072.80168 1900000061.92837 1900000168.54705 1900000141.04683 1900000119.2139 1900000089.7398 1900000092.16418 1900000115.61015 1900000154.20421 1900000022.99896 0 1900000131.34133 1900000076.26452 1900000080.59625 1900000180.44099 1900000010.43881 1900000068.74982 1900000124.46973 1900000054.24209 1900000189.51915 1900000029.7207 1900000078.18017 1900000036.72523 1900000152.32427 1900000031.3346 1900000006.98206 1900000063.90572 1900000009.85306 1900000102.17753 1900000178.22096 1900000158.25752 1900000133.78093 1900000137.07876 1900000160.11992 1900000190.44636 1900000092.75825 1900000196.00059 1900000004.01549 1900000114.33844 1900000008.94131 1900000108.47845 1900000019.0569 1900000167.03524 1900000006.62427 1900000193.12893 1900000012.21326 1900000119.38087 1900000075.5021 1900000104.71986 1900000101.76024 1900000147.81963 1900000123.42464 1900000062.50001 1900000139.36878 1900000064.65369 1900000093.64392 1900000178.55273 1900000108.96518 1900000071.48426 1900000103.04672 1900000073.95066 1900000180.97214 1900000058.09016 1900000186.31571 1900000053.22519 1900000027.10571 1900000154.98343 1900000064.78246 1900000118.65675 1900000004.66126 1900000007.03008 1900000099.94894 1900000053.25838 1900000143.98711 1900000013.68653 1900000115.84727 1900000092.24302 1900000192.49985 1900000106.72074 1900000095.22124 1900000102.38804 1900000091.52144 1900000094.23656 1900000100.53791 1900000180.32925 1900000127.29969 1900000165.18871 1900000014.58699 1900000088.54466 1900000085.79603 1900000113.73486 1900000080.37862 
1900000020.57543 1900000191.21995 1900000129.68594 1900000178.09326 1900000195.50495 1900000111.7476 1900000008.96485 1900000096.58069 1900000163.55713 1900000013.95332 1900000035.64781 1900000105.23869 1900000115.62154 1900000086.7415 1900000157.94063 1900000073.24856 1900000120.69102 1900000162.34526 1900000138.20883 1900000131.34133 0 1900000124.16112 1900000086.47364 1900000145.49114 1900000183.48036 1900000067.26883 1900000167.53797 1900000039.30342 1900000102.38104 1900000164.95073 1900000177.20819 1900000029.35228 1900000117.6796 1900000140.66817 1900000170.53912 1900000129.75021 1900000178.66581 1900000094.75603 1900000133.4109 1900000194.56832 1900000141.50104 1900000092.79096 1900000127.07963 1900000193.56329 1900000174.87929 1900000164.51279 1900000173.86229 1900000017.20201 1900000125.06218 1900000169.5563 1900000005.12038 1900000127.69891 1900000033.32403 1900000114.85946 1900000085.73597 1900000052.49402 1900000035.90236 1900000034.64952 1900000053.6762 1900000093.86873 1900000144.26855 1900000062.90021 1900000112.8216 1900000098.54938 1900000178.37193 1900000189.55471 1900000025.21232 1900000101.92597 1900000156.17435 1900000172.44875 1900000024.72915 1900000090.76352 1900000007.26326 1900000124.32915 1900000039.0943 1900000145.19571 1900000032.21635 1900000096.17268 1900000051.51394 1900000197.86795 1900000113.32696 1900000183.91096 1900000084.83684 1900000002.16123 1900000047.81028 1900000084.03554 1900000108.43587 1900000027.5043 1900000174.78655 1900000008.13655 1900000154.54737 1900000169.34656 1900000087.87402 1900000009.94745 1900000103.04537 1900000049.39927 1900000017.27332 1900000191.21599 1900000108.17616 1900000096.78722 1900000002.39677 
1900000125.88311 1900000034.93737 1900000091.52763 1900000134.4876 1900000054.26476 1900000134.26577 1900000103.03329 1900000118.96991 1900000113.80451 1900000128.03288 1900000127.37966 1900000080.91017 1900000120.12759 1900000160.33569 1900000155.9708 1900000136.61208 1900000165.62454 1900000038.28638 1900000181.28992 1900000076.26452 1900000124.16112 0 1900000140.40239 1900000046.03083 1900000178.84476 1900000074.82161 1900000094.96921 1900000164.63885 1900000013.51551 1900000112.82466 1900000141.75516 1900000091.62081 1900000090.31955 1900000061.18119 1900000007.26868 1900000198.99033 1900000194.96221 1900000082.82778 1900000031.02329 1900000137.61157 1900000047.52317 1900000136.13123 1900000024.14717 1900000012.57476 1900000087.61596 1900000079.81576 1900000076.16344 1900000148.62965 1900000025.40808 1900000083.80739 1900000097.25552 1900000010.13078 1900000093.17827 1900000165.33205 1900000182.03528 1900000041.00475 1900000155.3988 1900000089.39752 1900000100.80459 1900000003.81774 1900000156.88017 1900000113.77506 1900000098.50573 1900000178.77901 1900000018.11274 1900000193.53879 1900000148.8026 1900000032.20826 1900000069.06068 1900000064.80224 1900000002.86829 1900000070.92095 1900000054.18018 1900000138.31566 1900000182.84897 1900000183.47858 1900000075.74667 1900000012.53107 1900000162.56345 1900000043.41395 1900000060.38805 1900000178.38797 1900000195.17813 1900000037.87176 1900000185.75051 1900000146.73007 1900000170.72454 1900000039.87657 1900000174.35924 1900000024.6878 1900000055.48577 1900000014.20483 1900000118.7815 1900000001.97852 1900000183.49213 1900000070.50123 1900000005.25711 1900000002.81346 1900000189.33697 1900000075.49535 1900000189.29429 
1900000102.57531 1900000107.50804 1900000082.35604 1900000160.17103 1900000051.91264 1900000176.88375 1900000018.84311 1900000146.71062 1900000185.01448 1900000056.30054 1900000158.95559 1900000000.30186 1900000160.0055 1900000111.13756 1900000041.71439 1900000036.48864 1900000149.31232 1900000010.78236 1900000000.30367 1900000080.59625 1900000086.47364 1900000140.40239 0 1900000067.41133 1900000104.09771 1900000003.85271 1900000061.88795 1900000072.97883 1900000095.54609 1900000164.17411 1900000137.62639 1900000119.31312 1900000197.82841 1900000168.50783 1900000172.86536 1900000088.56496 1900000147.49322 1900000133.93564 1900000104.69985 1900000174.06821 1900000071.39144 1900000038.43878 1900000019.53577 1900000047.82123 1900000055.54023 1900000155.62349 1900000119.5653 1900000045.49336 1900000044.41493 1900000031.61918 1900000019.1103 1900000021.28214 1900000177.58185 1900000077.17785 1900000150.06534 1900000007.3402 1900000130.72906 1900000126.33559 1900000061.7049 1900000134.76581 1900000169.52867 1900000038.01974 1900000034.18237 1900000175.55529 1900000066.89507 1900000075.85142 1900000082.42933 1900000026.26379 1900000036.29483 1900000167.64791 1900000061.18516 1900000154.77331 1900000055.56696 1900000026.66304 1900000063.03953 1900000002.94553 1900000016.71147 1900000127.68941 1900000124.42485 1900000140.73211 1900000037.00702 1900000189.18378 1900000140.56633 1900000159.53681 1900000080.14708 1900000050.08502 1900000162.07513 1900000104.19429 1900000127.88388 1900000169.39264 1900000007.51544 1900000197.71113 1900000107.5588 1900000192.74883 1900000073.18688 1900000040.02808 1900000146.89035 1900000025.82062 1900000184.05206 1900000092.16262 1900000072.50973 
