25
to known of is way bee be Its are small its little off The anyway bees what think and it Breakfast on you this pick According
0 2 4 6 8 10 12 14 3 5 7 9 11 13 15 17 3 5 7 9 11 13 15 17 19 1 
2 0 2 4 6 8 10 12 5 7 9 11 13 15 17 19 5 7 9 11 13 15 17 19 21 3 
4 2 0 2 4 6 8 10 7 9 11 13 15 17 19 21 7 9 11 13 15 17 19 21 23 5 
6 4 2 0 2 4 6 8 9 11 13 15 17 19 21 23 9 11 13 15 17 19 21 23 25 7 
8 6 4 2 0 2 4 6 11 13 15 17 19 21 23 25 11 13 15 17 19 21 23 25 27 9 
10 8 6 4 2 0 2 4 13 15 17 19 21 23 25 27 13 15 17 19 21 23 25 27 29 11 
12 10 8 6 4 2 0 2 15 17 19 21 23 25 27 29 15 17 19 21 23 25 27 29 31 13 
14 12 10 8 6 4 2 0 17 19 21 23 25 27 29 31 17 19 21 23 25 27 29 31 33 15 
3 5 7 9 11 13 15 17 0 2 4 6 8 10 12 14 4 6 8 10 12 14 16 18 20 2 
5 7 9 11 13 15 17 19 2 0 2 4 6 8 10 12 6 8 10 12 14 16 18 20 22 4 
7 9 11 13 15 17 19 21 4 2 0 2 4 6 8 10 8 10 12 14 16 18 20 22 24 6 
9 11 13 15 17 19 21 23 6 4 2 0 2 4 6 8 10 12 14 16 18 20 22 24 26 8 
11 13 15 17 19 21 23 25 8 6 4 2 0 2 4 6 12 14 16 18 20 22 24 26 28 10 
13 15 17 19 21 23 25 27 10 8 6 4 2 0 2 4 14 16 18 20 22 24 26 28 30 12 
15 17 19 21 23 25 27 29 12 10 8 6 4 2 0 2 16 18 20 22 24 26 28 30 32 14 
17 19 21 23 25 27 29 31 14 12 10 8 6 4 2 0 18 20 22 24 26 28 30 32 34 16 
3 5 7 9 11 13 15 17 4 6 8 10 12 14 16 18 0 2 4 6 8 10 12 14 16 2 
5 7 9 11 13 15 17 19 6 8 10 12 14 16 18 20 2 0 2 4 6 8 10 12 14 4 
7 9 11 13 15 17 19 21 8 10 12 14 16 18 20 22 4 2 0 2 4 6 8 10 12 6 
9 11 13 15 17 19 21 23 10 12 14 16 18 20 22 24 6 4 2 0 2 4 6 8 10 8 
11 13 15 17 19 21 23 25 12 14 16 18 20 22 24 26 8 6 4 2 0 2 4 6 8 10 
13 15 17 19 21 23 25 27 14 16 18 20 22 24 26 28 10 8 6 4 2 0 2 4 6 12 
15 17 19 21 23 25 27 29 16 18 20 22 24 26 28 30 12 10 8 6 4 2 0 2 4 14 
17 19 21 23 25 27 29 31 18 20 22 24 26 28 30 32 14 12 10 8 6 4 2 0 2 16 
19 21 23 25 27 29 31 33 20 22 24 26 28 30 32 34 16 14 12 10 8 6 4 2 0 18 
1 3 5 7 9 11 13 15 2 4 6 8 10 12 14 16 2 4 6 8 10 12 14 16 18 0 
