50
to known of is way bee be Its are small its little off The anyway bees what think and it Breakfast on you this pick Use fatherpaid money very A report got going lint Wave row flying that Special thought Three grade Those glad day around come growing Hear not According
0 2 4 6 8 10 12 14 16 18 20 22 24 26 28 30 2 4 6 8 10 12 14 16 18 20 22 24 26 28 30 32 34 3 5 7 9 11 13 15 17 19 21 23 25 27 29 31 33 35 1 
2 0 2 4 6 8 10 12 14 16 18 20 22 24 26 28 4 6 8 10 12 14 16 18 20 22 24 26 28 30 32 34 36 5 7 9 11 13 15 17 19 21 23 25 27 29 31 33 35 37 3 
4 2 0 2 4 6 8 10 12 14 16 18 20 22 24 26 6 8 10 12 14 16 18 20 22 24 26 28 30 32 34 36 38 7 9 11 13 15 17 19 21 23 25 27 29 31 33 35 37 39 5 
6 4 2 0 2 4 6 8 10 12 14 16 18 20 22 24 8 10 12 14 16 18 20 22 24 26 28 30 32 34 36 38 40 9 11 13 15 17 19 21 23 25 27 29 31 33 35 37 39 41 7 
8 6 4 2 0 2 4 6 8 10 12 14 16 18 20 22 10 12 14 16 18 20 22 24 26 28 30 32 34 36 38 40 42 11 13 15 17 19 21 23 25 27 29 31 33 35 37 39 41 43 9 
10 8 6 4 2 0 2 4 6 8 10 12 14 16 18 20 12 14 16 18 20 22 24 26 28 30 32 34 36 38 40 42 44 13 15 17 19 21 23 25 27 29 31 33 35 37 39 41 43 45 11 
12 10 8 6 4 2 0 2 4 6 8 10 12 14 16 18 14 16 18 20 22 24 26 28 30 32 34 36 38 40 42 44 46 15 17 19 21 23 25 27 29 31 33 35 37 39 41 43 45 47 13 
14 12 10 8 6 4 2 0 2 4 6 8 10 12 14 16 16 18 20 22 24 26 28 30 32 34 36 38 40 42 44 46 48 17 19 21 23 25 27 29 31 33 35 37 39 41 43 45 47 49 15 
16 14 12 10 8 6 4 2 0 2 4 6 8 10 12 14 18 20 22 24 26 28 30 32 34 36 38 40 42 44 46 48 50 19 21 23 25 27 29 31 33 35 37 39 41 43 45 47 49 51 17 
18 16 14 12 10 8 6 4 2 0 2 4 6 8 10 12 20 22 24 26 28 30 32 34 36 38 40 42 44 46 48 50 52 21 23 25 27 29 31 33 35 37 39 41 43 45 47 49 51 53 19 
20 18 16 14 12 10 8 6 4 2 0 2 4 6 8 10 22 24 26 28 30 32 34 36 38 40 42 44 46 48 50 52 54 23 25 27 29 31 33 35 37 39 41 43 45 47 49 51 53 55 21 
22 20 18 16 14 12 10 8 6 4 2 0 2 4 6 8 24 26 28 30 32 34 36 38 40 42 44 46 48 50 52 54 56 25 27 29 31 33 35 37 39 41 43 45 47 49 51 53 55 57 23 
24 22 20 18 16 14 12 10 8 6 4 2 0 2 4 6 26 28 30 32 34 36 38 40 42 44 46 48 50 52 54 56 58 27 29 31 33 35 37 39 41 43 45 47 49 51 53 55 57 59 25 
26 24 22 20 18 16 14 12 10 8 6 4 2 0 2 4 28 30 32 34 36 38 40 42 44 46 48 50 52 54 56 58 60 29 31 33 35 37 39 41 43 45 47 49 51 53 55 57 59 61 27 
28 26 24 22 20 18 16 14 12 10 8 6 4 2 0 2 30 32 34 36 38 40 42 44 46 48 50 52 54 56 58 60 62 31 33 35 37 39 41 43 45 47 49 51 53 55 57 59 61 63 29 
30 28 26 24 22 20 18 16 14 12 10 8 6 4 2 0 32 34 36 38 40 42 44 46 48 50 52 54 56 58 60 62 64 33 35 37 39 41 43 45 47 49 51 53 55 57 59 61 63 65 31 
2 4 6 8 10 12 14 16 18 20 22 24 26 28 30 32 0 2 4 6 8 10 12 14 16 18 20 22 24 26 28 30 32 3 5 7 9 11 13 15 17 19 21 23 25 27 29 31 33 35 1 
4 6 8 10 12 14 16 18 20 22 24 26 28 30 32 34 2 0 2 4 6 8 10 12 14 16 18 20 22 24 26 28 30 5 7 9 11 13 15 17 19 21 23 25 27 29 31 33 35 37 3 
6 8 10 12 14 16 18 20 22 24 26 28 30 32 34 36 4 2 0 2 4 6 8 10 12 14 16 18 20 22 24 26 28 7 9 11 13 15 17 19 21 23 25 27 29 31 33 35 37 39 5 
8 10 12 14 16 18 20 22 24 26 28 30 32 34 36 38 6 4 2 0 2 4 6 8 10 12 14 16 18 20 22 24 26 9 11 13 15 17 19 21 23 25 27 29 31 33 35 37 39 41 7 
10 12 14 16 18 20 22 24 26 28 30 32 34 36 38 40 8 6 4 2 0 2 4 6 8 10 12 14 16 18 20 22 24 11 13 15 17 19 21 23 25 27 29 31 33 35 37 39 41 43 9 
12 14 16 18 20 22 24 26 28 30 32 34 36 38 40 42 10 8 6 4 2 0 2 4 6 8 10 12 14 16 18 20 22 13 15 17 19 21 23 25 27 29 31 33 35 37 39 41 43 45 11 
14 16 18 20 22 24 26 28 30 32 34 36 38 40 42 44 12 10 8 6 4 2 0 2 4 6 8 10 12 14 16 18 20 15 17 19 21 23 25 27 29 31 33 35 37 39 41 43 45 47 13 
16 18 20 22 24 26 28 30 32 34 36 38 40 42 44 46 14 12 10 8 6 4 2 0 2 4 6 8 10 12 14 16 18 17 19 21 23 25 27 29 31 33 35 37 39 41 43 45 47 49 15 
18 20 22 24 26 28 30 32 34 36 38 40 42 44 46 48 16 14 12 10 8 6 4 2 0 2 4 6 8 10 12 14 16 19 21 23 25 27 29 31 33 35 37 39 41 43 45 47 49 51 17 
20 22 24 26 28 30 32 34 36 38 40 42 44 46 48 50 18 16 14 12 10 8 6 4 2 0 2 4 6 8 10 12 14 21 23 25 27 29 31 33 35 37 39 41 43 45 47 49 51 53 19 
22 24 26 28 30 32 34 36 38 40 42 44 46 48 50 52 20 18 16 14 12 10 8 6 4 2 0 2 4 6 8 10 12 23 25 27 29 31 33 35 37 39 41 43 45 47 49 51 53 55 21 
24 26 28 30 32 34 36 38 40 42 44 46 48 50 52 54 22 20 18 16 14 12 10 8 6 4 2 0 2 4 6 8 10 25 27 29 31 33 35 37 39 41 43 45 47 49 51 53 55 57 23 
26 28 30 32 34 36 38 40 42 44 46 48 50 52 54 56 24 22 20 18 16 14 12 10 8 6 4 2 0 2 4 6 8 27 29 31 33 35 37 39 41 43 45 47 49 51 53 55 57 59 25 
28 30 32 34 36 38 40 42 44 46 48 50 52 54 56 58 26 24 22 20 18 16 14 12 10 8 6 4 2 0 2 4 6 29 31 33 35 37 39 41 43 45 47 49 51 53 55 57 59 61 27 
30 32 34 36 38 40 42 44 46 48 50 52 54 56 58 60 28 26 24 22 20 18 16 14 12 10 8 6 4 2 0 2 4 31 33 35 37 39 41 43 45 47 49 51 53 55 57 59 61 63 29 
32 34 36 38 40 42 44 46 48 50 52 54 56 58 60 62 30 28 26 24 22 20 18 16 14 12 10 8 6 4 2 0 2 33 35 37 39 41 43 45 47 49 51 53 55 57 59 61 63 65 31 
34 36 38 40 42 44 46 48 50 52 54 56 58 60 62 64 32 30 28 26 24 22 20 18 16 14 12 10 8 6 4 2 0 35 37 39 41 43 45 47 49 51 53 55 57 59 61 63 65 67 33 
3 5 7 9 11 13 15 17 19 21 23 25 27 29 31 33 3 5 7 9 11 13 15 17 19 21 23 25 27 29 31 33 35 0 2 4 6 8 10 12 14 16 18 20 22 24 26 28 30 32 2 
5 7 9 11 13 15 17 19 21 23 25 27 29 31 33 35 5 7 9 11 13 15 17 19 21 23 25 27 29 31 33 35 37 2 0 2 4 6 8 10 12 14 16 18 20 22 24 26 28 30 4 
7 9 11 13 15 17 19 21 23 25 27 29 31 33 35 37 7 9 11 13 15 17 19 21 23 25 27 29 31 33 35 37 39 4 2 0 2 4 6 8 10 12 14 16 18 20 22 24 26 28 6 
9 11 13 15 17 19 21 23 25 27 29 31 33 35 37 39 9 11 13 15 17 19 21 23 25 27 29 31 33 35 37 39 41 6 4 2 0 2 4 6 8 10 12 14 16 18 20 22 24 26 8 
11 13 15 17 19 21 23 25 27 29 31 33 35 37 39 41 11 13 15 17 19 21 23 25 27 29 31 33 35 37 39 41 43 8 6 4 2 0 2 4 6 8 10 12 14 16 18 20 22 24 10 
13 15 17 19 21 23 25 27 29 31 33 35 37 39 41 43 13 15 17 19 21 23 25 27 29 31 33 35 37 39 41 43 45 10 8 6 4 2 0 2 4 6 8 10 12 14 16 18 20 22 12 
15 17 19 21 23 25 27 29 31 33 35 37 39 41 43 45 15 17 19 21 23 25 27 29 31 33 35 37 39 41 43 45 47 12 10 8 6 4 2 0 2 4 6 8 10 12 14 16 18 20 14 
17 19 21 23 25 27 29 31 33 35 37 39 41 43 45 47 17 19 21 23 25 27 29 31 33 35 37 39 41 43 45 47 49 14 12 10 8 6 4 2 0 2 4 6 8 10 12 14 16 18 16 
19 21 23 25 27 29 31 33 35 37 39 41 43 45 47 49 19 21 23 25 27 29 31 33 35 37 39 41 43 45 47 49 51 16 14 12 10 8 6 4 2 0 2 4 6 8 10 12 14 16 18 
21 23 25 27 29 31 33 35 37 39 41 43 45 47 49 51 21 23 25 27 29 31 33 35 37 39 41 43 45 47 49 51 53 18 16 14 12 10 8 6 4 2 0 2 4 6 8 10 12 14 20 
23 25 27 29 31 33 35 37 39 41 43 45 47 49 51 53 23 25 27 29 31 33 35 37 39 41 43 45 47 49 51 53 55 20 18 16 14 12 10 8 6 4 2 0 2 4 6 8 10 12 22 
25 27 29 31 33 35 37 39 41 43 45 47 49 51 53 55 25 27 29 31 33 35 37 39 41 43 45 47 49 51 53 55 57 22 20 18 16 14 12 10 8 6 4 2 0 2 4 6 8 10 24 
27 29 31 33 35 37 39 41 43 45 47 49 51 53 55 57 27 29 31 33 35 37 39 41 43 45 47 49 51 53 55 57 59 24 22 20 18 16 14 12 10 8 6 4 2 0 2 4 6 8 26 
29 31 33 35 37 39 41 43 45 47 49 51 53 55 57 59 29 31 33 35 37 39 41 43 45 47 49 51 53 55 57 59 61 26 24 22 20 18 16 14 12 10 8 6 4 2 0 2 4 6 28 
31 33 35 37 39 41 43 45 47 49 51 53 55 57 59 61 31 33 35 37 39 41 43 45 47 49 51 53 55 57 59 61 63 28 26 24 22 20 18 16 14 12 10 8 6 4 2 0 2 4 30 
33 35 37 39 41 43 45 47 49 51 53 55 57 59 61 63 33 35 37 39 41 43 45 47 49 51 53 55 57 59 61 63 65 30 28 26 24 22 20 18 16 14 12 10 8 6 4 2 0 2 32 
35 37 39 41 43 45 47 49 51 53 55 57 59 61 63 65 35 37 39 41 43 45 47 49 51 53 55 57 59 61 63 65 67 32 30 28 26 24 22 20 18 16 14 12 10 8 6 4 2 0 34 
1 3 5 7 9 11 13 15 17 19 21 23 25 27 29 31 1 3 5 7 9 11 13 15 17 19 21 23 25 27 29 31 33 2 4 6 8 10 12 14 16 18 20 22 24 26 28 30 32 34 0 
