21
5 31 33 15 16 38 7 44 20 34 12 8 48 21 6 22 39 3 2 14 0
0 151.0 153.0 84.0 69.0 158.0 134.0 185.0 105.0 124.0 150.0 127.0 100.0 131.0 130.0 120.0 133.0 151.0 100.0 66.0 100.0 
151.0 0 51.0 137.0 135.0 65.0 115.0 118.0 160.0 121.0 101.0 53.0 138.0 136.0 116.0 87.0 172.0 144.0 134.0 139.0 106.0 
153.0 51.0 0 114.0 84.0 112.0 64.0 115.0 169.0 112.0 50.0 104.0 108.0 132.0 105.0 103.0 163.0 116.0 100.0 120.0 122.0 
84.0 137.0 114.0 0 130.0 109.0 50.0 101.0 121.0 105.0 73.0 97.0 108.0 98.0 57.0 102.0 86.0 119.0 64.0 60.0 74.0 
69.0 135.0 84.0 130.0 0 131.0 148.0 154.0 147.0 128.0 92.0 132.0 148.0 150.0 115.0 51.0 145.0 150.0 106.0 70.0 146.0 
158.0 65.0 112.0 109.0 131.0 0 104.0 53.0 116.0 56.0 132.0 115.0 103.0 121.0 52.0 115.0 107.0 79.0 87.0 131.0 156.0 
134.0 115.0 64.0 50.0 148.0 104.0 0 51.0 116.0 133.0 89.0 82.0 150.0 97.0 107.0 97.0 130.0 123.0 104.0 110.0 102.0 
185.0 118.0 115.0 101.0 154.0 53.0 51.0 0 161.0 109.0 140.0 133.0 134.0 142.0 105.0 103.0 79.0 130.0 135.0 160.0 144.0 
105.0 160.0 169.0 121.0 147.0 116.0 116.0 161.0 0 172.0 133.0 127.0 105.0 133.0 64.0 125.0 144.0 97.0 105.0 77.0 54.0 
124.0 121.0 112.0 105.0 128.0 56.0 133.0 109.0 172.0 0 76.0 137.0 159.0 132.0 108.0 146.0 51.0 102.0 126.0 132.0 150.0 
150.0 101.0 50.0 73.0 92.0 132.0 89.0 140.0 133.0 76.0 0 70.0 148.0 151.0 130.0 105.0 127.0 150.0 50.0 133.0 79.0 
127.0 53.0 104.0 97.0 132.0 115.0 82.0 133.0 127.0 137.0 70.0 0 114.0 125.0 63.0 124.0 149.0 115.0 90.0 106.0 101.0 
100.0 138.0 108.0 108.0 148.0 103.0 150.0 134.0 105.0 159.0 148.0 114.0 0 120.0 51.0 115.0 161.0 110.0 100.0 162.0 100.0 
131.0 136.0 132.0 98.0 150.0 121.0 97.0 142.0 133.0 132.0 151.0 125.0 120.0 0 69.0 101.0 161.0 110.0 101.0 158.0 148.0 
130.0 116.0 105.0 57.0 115.0 52.0 107.0 105.0 64.0 108.0 130.0 63.0 51.0 69.0 0 64.0 143.0 131.0 119.0 117.0 117.0 
120.0 87.0 103.0 102.0 51.0 115.0 97.0 103.0 125.0 146.0 105.0 124.0 115.0 101.0 64.0 0 172.0 121.0 55.0 108.0 120.0 
133.0 172.0 163.0 86.0 145.0 107.0 130.0 79.0 144.0 51.0 127.0 149.0 161.0 161.0 143.0 172.0 0 51.0 118.0 81.0 160.0 
151.0 144.0 116.0 119.0 150.0 79.0 123.0 130.0 97.0 102.0 150.0 115.0 110.0 110.0 131.0 121.0 51.0 0 121.0 132.0 132.0 
100.0 134.0 100.0 64.0 106.0 87.0 104.0 135.0 105.0 126.0 50.0 90.0 100.0 101.0 119.0 55.0 118.0 121.0 0 84.0 100.0 
66.0 139.0 120.0 60.0 70.0 131.0 110.0 160.0 77.0 132.0 133.0 106.0 162.0 158.0 117.0 108.0 81.0 132.0 84.0 0 131.0 
100.0 106.0 122.0 74.0 146.0 156.0 102.0 144.0 54.0 150.0 79.0 101.0 100.0 148.0 117.0 120.0 160.0 132.0 100.0 131.0 0 
