101
165 60 146 185 141 138 104 55 192 176 188 29 36 1 34 11 166 123 3 50 62 118 168 182 117 172 142 69 113 109 21 61 112 94 139 54 33 177 2 135 137 27 179 129 133 10 47 162 5 99 76 156 40 38 149 57 95 153 92 23 52 163 100 66 169 71 22 56 121 132 198 186 101 32 195 30 45 84 46 44 181 108 93 67 193 136 8 173 116 106 114 111 152 83 164 103 68 189 102 65 190
0 557947.0 622906.0 674236.0 401805.0 548723.0 546599.0 551937.0 644949.0 723534.0 810195.0 628028.0 574235.0 645035.0 515153.0 837050.0 608631.0 952529.0 701544.0 554709.0 699955.0 690712.0 587429.0 768507.0 528358.0 697108.0 797561.0 495396.0 725114.0 630748.0 683002.0 764778.0 782468.0 618748.0 649100.0 409784.0 287699.0 712435.0 778633.0 744491.0 943847.0 352803.0 642468.0 304640.0 466187.0 599659.0 919789.0 608451.0 719457.0 765935.0 477623.0 677451.0 580195.0 626420.0 798743.0 649790.0 720131.0 726549.0 618734.0 567788.0 606990.0 367149.0 617681.0 656978.0 695081.0 691446.0 529292.0 642080.0 709303.0 539654.0 602119.0 514964.0 812892.0 471890.0 957131.0 602273.0 691812.0 537828.0 997982.0 593678.0 610931.0 491582.0 193831.0 154778.0 501831.0 12051.0 159089.0 626846.0 393553.0 946444.0 455608.0 378663.0 861001.0 338862.0 221550.0 592231.0 568889.0 408787.0 519154.0 597740.0 664336.0 
557947.0 0 371103.0 276937.0 571976.0 529483.0 304727.0 369218.0 486764.0 565349.0 428092.0 469843.0 391852.0 510554.0 406002.0 459406.0 166324.0 686315.0 532020.0 701138.0 302656.0 493029.0 429244.0 366569.0 246318.0 385067.0 557471.0 428677.0 458900.0 472563.0 543108.0 621574.0 500428.0 565266.0 436677.0 575043.0 383563.0 554250.0 376695.0 402550.0 786016.0 422152.0 264824.0 426777.0 446947.0 236557.0 680091.0 440430.0 256068.0 519818.0 80324.0 636875.0 602505.0 456721.0 528063.0 491605.0 328750.0 217065.0 606978.0 409603.0 483740.0 615460.0 312027.0 250314.0 536896.0 215846.0 245384.0 132596.0 470807.0 661791.0 443934.0 356779.0 654707.0 637149.0 498104.0 406003.0 182328.0 379643.0 600683.0 391223.0 452746.0 424863.0 751778.0 516484.0 492178.0 569998.0 520795.0 725713.0 744609.0 808539.0 496902.0 599593.0 808483.0 392555.0 725915.0 448068.0 205787.0 651283.0 360969.0 428041.0 295671.0 
622906.0 371103.0 0 617321.0 382131.0 489012.0 264256.0 491943.0 586009.0 644906.0 534003.0 550199.0 514577.0 616465.0 528727.0 536955.0 272235.0 857011.0 616807.0 694082.0 544600.0 598940.0 422841.0 542074.0 205847.0 490978.0 663382.0 435685.0 634405.0 565821.0 623464.0 699123.0 459957.0 599074.0 268344.0 549157.0 645765.0 523369.0 552200.0 508461.0 745545.0 482802.0 342373.0 647120.0 406476.0 196086.0 472138.0 546341.0 361979.0 695323.0 451427.0 617740.0 353269.0 481349.0 487592.0 580963.0 434661.0 322976.0 772457.0 403200.0 580093.0 591792.0 295170.0 356883.0 626254.0 391351.0 204913.0 238507.0 430336.0 851537.0 537192.0 456024.0 623826.0 606723.0 368217.0 384435.0 288239.0 478888.0 660044.0 468772.0 459636.0 431871.0 713163.0 579427.0 121075.0 610855.0 583738.0 756845.0 627330.0 914450.0 602813.0 663045.0 845807.0 654757.0 685444.0 453510.0 165316.0 579504.0 454227.0 505590.0 401582.0 
674236.0 276937.0 617321.0 0 648618.0 366415.0 442267.0 424518.0 611612.0 671650.0 705029.0 715819.0 447152.0 703186.0 461302.0 469530.0 443261.0 765375.0 559017.0 450448.0 418945.0 410052.0 488861.0 445629.0 411474.0 567446.0 571922.0 459660.0 537960.0 495351.0 629151.0 615284.0 246235.0 644326.0 578098.0 305523.0 629717.0 383589.0 455755.0 679487.0 864937.0 663735.0 274948.0 694141.0 481241.0 482775.0 761970.0 572715.0 438447.0 598878.0 196613.0 692505.0 688226.0 466845.0 421674.0 659981.0 605687.0 477450.0 513296.0 508502.0 457496.0 348158.0 322151.0 260438.0 705272.0 294906.0 412408.0 409533.0 549728.0 513240.0 598987.0 527355.0 484046.0 367629.0 577164.0 590062.0 459265.0 504491.0 716972.0 401347.0 593709.0 455846.0 521476.0 657555.0 725367.0 686287.0 653244.0 448776.0 721198.0 918867.0 547113.0 813884.0 808956.0 659919.0 549195.0 458192.0 452005.0 730343.0 606945.0 438165.0 572608.0 
401805.0 571976.0 382131.0 648618.0 0 451515.0 501093.0 289012.0 423545.0 529867.0 588791.0 559124.0 311646.0 791136.0 325796.0 568252.0 569400.0 550724.0 669783.0 630341.0 684581.0 580901.0 221095.0 415640.0 421950.0 446419.0 715195.0 538504.0 323309.0 561844.0 493645.0 477622.0 640512.0 216943.0 408325.0 671007.0 407527.0 643531.0 425766.0 725418.0 729431.0 557121.0 373670.0 450741.0 567713.0 493251.0 743838.0 659187.0 575418.0 568889.0 577906.0 685946.0 493250.0 331339.0 549384.0 428386.0 731826.0 614421.0 542616.0 240736.0 360434.0 640701.0 420873.0 388180.0 473677.0 422648.0 422884.0 535672.0 414222.0 621696.0 444137.0 293560.0 743988.0 733113.0 704906.0 243362.0 585404.0 316424.0 800025.0 247271.0 496511.0 542318.0 573359.0 389042.0 261056.0 389754.0 384731.0 831164.0 668819.0 948187.0 575436.0 441944.0 786842.0 416519.0 601078.0 190426.0 462481.0 358403.0 450250.0 302659.0 680897.0 
548723.0 529483.0 489012.0 366415.0 451515.0 0 362308.0 245985.0 352600.0 493117.0 563574.0 533907.0 268619.0 688070.0 282769.0 342366.0 430615.0 821798.0 478468.0 541637.0 681733.0 535235.0 291758.0 502052.0 283165.0 403392.0 644250.0 250203.0 594383.0 536627.0 450618.0 248869.0 516454.0 668458.0 473524.0 396712.0 410372.0 508772.0 512178.0 666841.0 686404.0 297320.0 330643.0 453586.0 220994.0 354466.0 395555.0 363258.0 520359.0 655301.0 534879.0 432258.0 509693.0 288312.0 506357.0 403169.0 474938.0 481356.0 613279.0 311399.0 91081.0 439347.0 351667.0 345153.0 448460.0 379621.0 284099.0 396887.0 371195.0 638423.0 507998.0 268343.0 585559.0 458818.0 512376.0 461753.0 446619.0 245479.0 979760.0 204244.0 516810.0 246389.0 359918.0 393945.0 610087.0 560774.0 398256.0 571363.0 559640.0 1018850.0 578281.0 617830.0 795982.0 419364.0 387637.0 261089.0 323696.0 574874.0 425033.0 259632.0 559962.0 
546599.0 304727.0 264256.0 442267.0 501093.0 362308.0 0 324332.0 463345.0 518202.0 467627.0 546859.0 346966.0 550089.0 361116.0 410251.0 205859.0 735116.0 505731.0 600415.0 467986.0 532564.0 388675.0 415370.0 79143.0 424602.0 597006.0 308981.0 507701.0 465092.0 528965.0 531512.0 333253.0 614067.0 269502.0 455490.0 566958.0 456993.0 425496.0 442085.0 481289.0 356098.0 215669.0 538873.0 279772.0 129710.0 664594.0 422036.0 295603.0 568619.0 245654.0 491036.0 411980.0 217093.0 421216.0 454259.0 368285.0 256600.0 655779.0 408316.0 414324.0 498125.0 168466.0 230179.0 499550.0 264647.0 78209.0 172131.0 166080.0 734859.0 544341.0 461140.0 557450.0 517596.0 546905.0 257731.0 221863.0 484004.0 721771.0 301161.0 510880.0 305167.0 646787.0 452723.0 385331.0 558650.0 457034.0 630141.0 736737.0 848074.0 536437.0 589132.0 719103.0 504651.0 619068.0 358006.0 98940.0 643411.0 476718.0 245773.0 335206.0 
551937.0 369218.0 491943.0 424518.0 289012.0 245985.0 324332.0 0 331705.0 247132.0 496951.0 467284.0 22634.0 708541.0 36784.0 344152.0 433546.0 659295.0 485385.0 341329.0 435748.0 525433.0 129255.0 339549.0 286096.0 240889.0 623355.0 249492.0 431880.0 398993.0 204633.0 272092.0 444430.0 505955.0 476455.0 403629.0 419983.0 551691.0 349675.0 501318.0 505331.0 465281.0 149570.0 371659.0 278701.0 357397.0 538308.0 370175.0 369888.0 492798.0 288894.0 489965.0 328620.0 107239.0 325445.0 336546.0 481855.0 408891.0 450776.0 148896.0 154904.0 416601.0 196773.0 164080.0 303322.0 198548.0 287030.0 399818.0 190122.0 529856.0 441375.0 201720.0 652148.0 465735.0 480806.0 464684.0 443628.0 224584.0 733775.0 41741.0 450187.0 253306.0 589919.0 530000.0 391792.0 539886.0 534311.0 730141.0 534878.0 856347.0 587892.0 532815.0 827298.0 337437.0 617638.0 98586.0 326627.0 449274.0 358410.0 78559.0 562893.0 
644949.0 486764.0 586009.0 611612.0 423545.0 352600.0 463345.0 331705.0 0 366292.0 425216.0 395549.0 354339.0 650649.0 367072.0 610945.0 430837.0 635483.0 390257.0 453426.0 675740.0 441450.0 202450.0 315737.0 384202.0 172992.0 505892.0 154364.0 408068.0 398269.0 406047.0 419307.0 476937.0 514434.0 399484.0 308501.0 564975.0 479956.0 325863.0 667063.0 772124.0 393546.0 416363.0 516651.0 183573.0 455503.0 533575.0 275047.0 301991.0 468986.0 543825.0 394837.0 595413.0 374032.0 592077.0 264811.0 386727.0 340994.0 585309.0 182809.0 261519.0 351136.0 405702.0 430873.0 310102.0 465341.0 385136.0 425463.0 456915.0 664389.0 369640.0 129985.0 580413.0 370607.0 747599.0 477442.0 375731.0 107121.0 858444.0 289964.0 378452.0 158178.0 524454.0 490171.0 546753.0 657000.0 494482.0 667589.0 724176.0 990880.0 578511.0 593511.0 890297.0 482429.0 552173.0 233119.0 424733.0 522469.0 286675.0 345352.0 560184.0 
723534.0 565349.0 644906.0 671650.0 529867.0 493117.0 518202.0 247132.0 366292.0 0 531538.0 300352.0 269766.0 625522.0 210348.0 532605.0 542695.0 667926.0 530075.0 311014.0 682880.0 466912.0 308772.0 348180.0 439059.0 369432.0 657942.0 294182.0 440511.0 315974.0 42499.0 519224.0 487864.0 335549.0 539302.0 448319.0 667115.0 558541.0 338054.0 581875.0 752463.0 472131.0 396702.0 618791.0 323391.0 510360.0 592113.0 414865.0 498431.0 481177.0 536026.0 534655.0 541168.0 354371.0 348477.0 101481.0 526545.0 537434.0 691631.0 289131.0 402036.0 490954.0 349736.0 411212.0 56190.0 445680.0 439993.0 508967.0 437254.0 707458.0 287345.0 236307.0 658998.0 510425.0 727938.0 536404.0 558699.0 259171.0 756329.0 288873.0 283255.0 297996.0 664272.0 568756.0 638924.0 713450.0 573067.0 746174.0 689979.0 1097202.0 730561.0 610286.0 808002.0 584569.0 691991.0 339441.0 479590.0 596653.0 204380.0 325691.0 474996.0 
810195.0 428092.0 534003.0 705029.0 588791.0 563574.0 467627.0 496951.0 425216.0 531538.0 0 560795.0 519585.0 673454.0 533735.0 740326.0 329224.0 757220.0 815473.0 639590.0 602841.0 652424.0 367696.0 437474.0 409218.0 547967.0 716866.0 579580.0 529805.0 563515.0 574037.0 502545.0 642183.0 636171.0 599577.0 733717.0 788338.0 645202.0 427348.0 565450.0 937370.0 558792.0 545744.0 695807.0 608789.0 399457.0 765363.0 540020.0 418968.0 284225.0 508416.0 707780.0 721515.0 539278.0 690963.0 430057.0 428340.0 379965.0 589586.0 348055.0 472493.0 776352.0 498541.0 560254.0 475348.0 588197.0 408284.0 295496.0 622161.0 510506.0 534886.0 295231.0 745659.0 795823.0 859096.0 587806.0 345228.0 318095.0 859794.0 455210.0 543698.0 583394.0 902671.0 655417.0 655078.0 822246.0 659728.0 566455.0 856413.0 971439.0 659802.0 758757.0 831853.0 730029.0 888815.0 398365.0 368687.0 687715.0 451921.0 510598.0 458571.0 
628028.0 469843.0 550199.0 715819.0 559124.0 533907.0 546859.0 467284.0 395549.0 300352.0 560795.0 0 489918.0 530016.0 445960.0 664473.0 341000.0 596893.0 747483.0 609923.0 678577.0 371406.0 338029.0 438947.0 488450.0 273926.0 682542.0 519218.0 369478.0 220468.0 278111.0 600614.0 561306.0 475844.0 466678.0 652334.0 606171.0 463035.0 449073.0 456540.0 907703.0 376625.0 469891.0 595199.0 490009.0 457980.0 496607.0 632273.0 402925.0 592196.0 550167.0 408090.0 612752.0 509611.0 546203.0 400390.0 570882.0 441928.0 702986.0 318388.0 442826.0 694969.0 517094.0 455381.0 356542.0 489849.0 487516.0 374728.0 591437.0 782066.0 191839.0 265564.0 563492.0 714440.0 772107.0 440898.0 424460.0 288428.0 680643.0 425543.0 187749.0 515404.0 608431.0 473250.0 613947.0 640079.0 477561.0 650668.0 594473.0 1050671.0 721765.0 309934.0 712496.0 629421.0 636150.0 368698.0 447919.0 393475.0 108874.0 480931.0 349661.0 
574235.0 391852.0 514577.0 447152.0 311646.0 268619.0 346966.0 22634.0 354339.0 269766.0 519585.0 489918.0 0 731175.0 59418.0 366786.0 456180.0 673346.0 508019.0 363963.0 458382.0 548067.0 151889.0 353600.0 308730.0 263523.0 645989.0 272126.0 445931.0 421627.0 227267.0 294726.0 467064.0 528589.0 499089.0 426263.0 442617.0 574325.0 363726.0 523952.0 527965.0 487915.0 172204.0 394293.0 301335.0 380031.0 552359.0 392809.0 392522.0 506849.0 311528.0 512599.0 351254.0 129873.0 302811.0 359180.0 504489.0 431525.0 473410.0 171530.0 177538.0 439235.0 219407.0 186714.0 325956.0 221182.0 309664.0 422452.0 212756.0 552490.0 464009.0 224354.0 674782.0 488369.0 503440.0 487318.0 466262.0 247218.0 756409.0 64375.0 472821.0 275940.0 612553.0 552634.0 414426.0 562184.0 556945.0 752775.0 557512.0 878981.0 610526.0 555449.0 849596.0 360071.0 640272.0 121220.0 349261.0 471908.0 381044.0 101193.0 585527.0 
645035.0 510554.0 616465.0 703186.0 791136.0 688070.0 550089.0 708541.0 650649.0 625522.0 673454.0 530016.0 731175.0 0 708993.0 753553.0 344230.0 734511.0 719834.0 595628.0 284241.0 437769.0 646626.0 526118.0 491680.0 599096.0 152526.0 496285.0 618449.0 309548.0 603281.0 693391.0 745790.0 724815.0 560497.0 592340.0 457163.0 720459.0 536244.0 459770.0 1031378.0 600058.0 558971.0 340395.0 467076.0 461210.0 821777.0 609340.0 501430.0 679367.0 506573.0 255812.0 676105.0 662175.0 652754.0 708987.0 574112.0 462427.0 473940.0 626985.0 702900.0 549705.0 581003.0 544461.0 681712.0 578929.0 490746.0 377958.0 716169.0 553020.0 504107.0 574161.0 820916.0 654446.0 861187.0 670268.0 427690.0 551297.0 582268.0 685370.0 512919.0 492471.0 723023.0 590084.0 707766.0 632984.0 594395.0 954683.0 790735.0 879511.0 625072.0 780950.0 874367.0 374617.0 697113.0 677295.0 451149.0 697409.0 421142.0 633495.0 352891.0 
515153.0 406002.0 528727.0 461302.0 325796.0 282769.0 361116.0 36784.0 367072.0 210348.0 533735.0 445960.0 59418.0 708993.0 0 380936.0 470330.0 696079.0 448601.0 304545.0 472532.0 514803.0 166039.0 376333.0 322880.0 277673.0 660139.0 212708.0 468664.0 435777.0 167849.0 308876.0 481214.0 542739.0 457828.0 366845.0 456767.0 588475.0 386459.0 538102.0 542115.0 456701.0 186354.0 408443.0 241917.0 394181.0 575092.0 333391.0 406672.0 529582.0 325678.0 453181.0 365404.0 144023.0 362229.0 311829.0 445071.0 445675.0 487560.0 185680.0 191688.0 409480.0 233557.0 200864.0 266538.0 235332.0 323814.0 436602.0 226906.0 566640.0 432953.0 238504.0 688932.0 428951.0 517590.0 501468.0 480412.0 261368.0 770559.0 78525.0 428863.0 216522.0 582798.0 493216.0 428576.0 503102.0 497527.0 730744.0 498094.0 893131.0 624676.0 569599.0 790514.0 374221.0 610517.0 135370.0 363411.0 486058.0 349988.0 115343.0 599677.0 
837050.0 459406.0 536955.0 469530.0 568252.0 342366.0 410251.0 344152.0 610945.0 532605.0 740326.0 664473.0 366786.0 753553.0 380936.0 0 478558.0 714029.0 729016.0 678746.0 762062.0 570445.0 408495.0 394283.0 331108.0 520129.0 800220.0 493123.0 486614.0 444005.0 548785.0 551332.0 489442.0 592980.0 521467.0 533821.0 549351.0 562057.0 404409.0 714784.0 784571.0 608063.0 194582.0 650899.0 522332.0 402409.0 737921.0 613806.0 568302.0 547532.0 539730.0 664589.0 607860.0 386479.0 446004.0 615786.0 640984.0 529299.0 634692.0 428136.0 433447.0 576456.0 241785.0 209092.0 588795.0 243560.0 332042.0 444830.0 469362.0 713772.0 547641.0 480960.0 662514.0 595927.0 525818.0 509696.0 494562.0 503824.0 853856.0 320981.0 647376.0 496937.0 702284.0 682272.0 658030.0 849101.0 686583.0 446046.0 772323.0 1040263.0 717260.0 762538.0 890346.0 616677.0 730003.0 377826.0 371639.0 678997.0 555599.0 357799.0 607905.0 
608631.0 166324.0 272235.0 443261.0 569400.0 430615.0 205859.0 433546.0 430837.0 542695.0 329224.0 341000.0 456180.0 344230.0 470330.0 478558.0 0 803423.0 492253.0 635734.0 458263.0 326705.0 406590.0 483677.0 147450.0 286199.0 391147.0 377288.0 576008.0 449909.0 520454.0 635902.0 401560.0 682374.0 337809.0 490809.0 491653.0 464972.0 493803.0 236226.0 687148.0 255828.0 283976.0 374885.0 348079.0 137689.0 581223.0 341562.0 157200.0 613449.0 246648.0 559343.0 583729.0 422952.0 429195.0 468951.0 229882.0 118197.0 567678.0 386949.0 478114.0 533444.0 236773.0 298486.0 514242.0 332954.0 146516.0 33728.0 371939.0 609899.0 421280.0 334125.0 565429.0 552915.0 597328.0 326038.0 83460.0 323716.0 756290.0 410375.0 430092.0 373474.0 599852.0 453853.0 393310.0 620682.0 458164.0 631271.0 799574.0 709671.0 398034.0 500725.0 787410.0 409107.0 572133.0 437259.0 106919.0 584266.0 338315.0 447193.0 129347.0 
952529.0 686315.0 857011.0 765375.0 550724.0 821798.0 735116.0 659295.0 635483.0 667926.0 757220.0 596893.0 673346.0 734511.0 696079.0 714029.0 803423.0 0 920466.0 866560.0 822918.0 592801.0 705068.0 319746.0 655973.0 530997.0 887037.0 789847.0 227415.0 612515.0 670158.0 847905.0 814307.0 333781.0 841693.0 829666.0 840709.0 855082.0 329872.0 815326.0 1084462.0 768672.0 519447.0 883923.0 801316.0 727274.0 830797.0 910530.0 659996.0 472995.0 766639.0 590052.0 629529.0 701622.0 778392.0 657027.0 849080.0 698999.0 778356.0 710435.0 730717.0 872301.0 566650.0 504937.0 611736.0 470469.0 656907.0 769695.0 737383.0 699276.0 566854.0 657611.0 955539.0 891772.0 752727.0 558591.0 733736.0 650667.0 1072690.0 617554.0 409144.0 793661.0 938407.0 865297.0 811780.0 940478.0 869608.0 1042715.0 738685.0 1183927.0 948000.0 889992.0 982682.0 849701.0 966126.0 674399.0 696504.0 876162.0 500921.0 672942.0 889387.0 
701544.0 532020.0 616807.0 559017.0 669783.0 478468.0 505731.0 485385.0 390257.0 530075.0 815473.0 747483.0 508019.0 719834.0 448601.0 729016.0 492253.0 920466.0 0 527327.0 624719.0 405438.0 592707.0 600720.0 426588.0 563249.0 567308.0 235893.0 693051.0 750203.0 487576.0 727337.0 680698.0 769396.0 348463.0 382402.0 513954.0 571611.0 610846.0 728479.0 762067.0 472258.0 534434.0 465630.0 257474.0 497889.0 805927.0 348948.0 649453.0 753969.0 478220.0 468738.0 727926.0 592624.0 647776.0 631556.0 460628.0 610450.0 712143.0 573066.0 569549.0 425037.0 487231.0 548944.0 586265.0 583412.0 427522.0 525981.0 671811.0 700644.0 560835.0 520242.0 672068.0 444508.0 865670.0 426421.0 575713.0 497378.0 881672.0 527126.0 589095.0 232079.0 598355.0 546766.0 495732.0 713595.0 551077.0 746301.0 798077.0 953492.0 542499.0 757822.0 708876.0 431408.0 626074.0 583971.0 467119.0 759571.0 638609.0 563944.0 621600.0 
554709.0 701138.0 694082.0 450448.0 630341.0 541637.0 600415.0 341329.0 453426.0 311014.0 639590.0 609923.0 363963.0 595628.0 304545.0 678746.0 635734.0 866560.0 527327.0 0 777077.0 425853.0 416824.0 546814.0 521272.0 537607.0 592374.0 299062.0 639145.0 612643.0 353513.0 337024.0 691311.0 534183.0 536554.0 144925.0 581867.0 592805.0 536688.0 476442.0 846660.0 535427.0 484164.0 533543.0 320643.0 559585.0 814491.0 412117.0 628805.0 679811.0 630223.0 339816.0 587837.0 448568.0 631015.0 209533.0 523797.0 589802.0 722512.0 397183.0 494812.0 187560.0 531367.0 469654.0 254824.0 504122.0 522206.0 602006.0 531451.0 722456.0 584014.0 344359.0 693262.0 207031.0 786380.0 614512.0 624539.0 367223.0 932164.0 383070.0 592826.0 295248.0 360878.0 632052.0 683823.0 566760.0 636363.0 809470.0 560600.0 1113491.0 730590.0 659375.0 826924.0 499321.0 388597.0 439915.0 528815.0 575834.0 501049.0 419888.0 583321.0 
699955.0 302656.0 544600.0 418945.0 684581.0 681733.0 467986.0 435748.0 675740.0 682880.0 602841.0 678577.0 458382.0 284241.0 472532.0 762062.0 458263.0 822918.0 624719.0 777077.0 0 690921.0 565003.0 503172.0 466615.0 593165.0 436767.0 521376.0 595503.0 593789.0 640381.0 707840.0 665180.0 701869.0 276256.0 667885.0 617019.0 610048.0 513298.0 573803.0 941079.0 714091.0 567480.0 624636.0 542957.0 536247.0 953748.0 634431.0 464166.0 656421.0 222332.0 540053.0 655719.0 542987.0 652244.0 772294.0 631406.0 503169.0 758181.0 584644.0 590652.0 663738.0 555938.0 552970.0 739070.0 518502.0 467549.0 435252.0 625870.0 837261.0 551095.0 637468.0 710505.0 614635.0 800760.0 645203.0 480067.0 660332.0 298027.0 477489.0 725837.0 517562.0 541894.0 749940.0 423525.0 712006.0 754251.0 867721.0 741616.0 1111195.0 783006.0 840391.0 950491.0 626011.0 569613.0 534334.0 507146.0 756850.0 634060.0 514307.0 466924.0 
690712.0 493029.0 598940.0 410052.0 580901.0 535235.0 532564.0 525433.0 441450.0 466912.0 652424.0 371406.0 548067.0 437769.0 514803.0 570445.0 326705.0 592801.0 405438.0 425853.0 690921.0 0 429658.0 457717.0 474155.0 440486.0 401760.0 302095.0 365386.0 387028.0 444671.0 646515.0 656287.0 363958.0 414665.0 280928.0 544860.0 406063.0 467843.0 403465.0 828269.0 538460.0 375863.0 531832.0 323676.0 464394.0 663167.0 415150.0 483905.0 610966.0 573353.0 534940.0 705846.0 567760.0 713978.0 492019.0 526830.0 444902.0 365007.0 410017.0 488727.0 323563.0 423066.0 390373.0 523102.0 357437.0 473221.0 360433.0 650643.0 444087.0 358399.0 357193.0 506520.0 343034.0 639695.0 436806.0 410165.0 334329.0 847203.0 502262.0 183657.0 298281.0 496881.0 612968.0 561934.0 702763.0 617279.0 737715.0 682937.0 770578.0 376951.0 673152.0 765434.0 497610.0 524600.0 460327.0 433624.0 589611.0 275434.0 539080.0 296586.0 
587429.0 429244.0 422841.0 488861.0 221095.0 291758.0 388675.0 129255.0 202450.0 308772.0 367696.0 338029.0 151889.0 646626.0 166039.0 408495.0 406590.0 705068.0 592707.0 416824.0 565003.0 429658.0 0 385322.0 350439.0 286662.0 494100.0 356814.0 477653.0 340749.0 333888.0 317865.0 419417.0 438038.0 540798.0 510951.0 444879.0 422436.0 395448.0 565661.0 569674.0 336026.0 213913.0 328111.0 386023.0 421740.0 542597.0 477497.0 415661.0 538571.0 418149.0 597287.0 392963.0 171582.0 389627.0 207291.0 534118.0 454664.0 382859.0 19641.0 200677.0 480944.0 261116.0 228423.0 252582.0 262891.0 351373.0 372862.0 254465.0 461939.0 312120.0 72465.0 522893.0 573057.0 545149.0 464457.0 422594.0 95329.0 800924.0 87514.0 320932.0 360628.0 534975.0 432651.0 482151.0 599480.0 436962.0 610069.0 664133.0 788430.0 552503.0 403560.0 783286.0 362333.0 562694.0 30669.0 390970.0 320019.0 229155.0 142902.0 459802.0 
768507.0 366569.0 542074.0 445629.0 415640.0 502052.0 415370.0 339549.0 315737.0 348180.0 437474.0 438947.0 353600.0 526118.0 376333.0 394283.0 483677.0 319746.0 600720.0 546814.0 503172.0 457717.0 385322.0 0 336227.0 211251.0 678644.0 470101.0 92331.0 420104.0 390679.0 528159.0 494561.0 198697.0 521947.0 509920.0 520963.0 587986.0 10126.0 680242.0 764716.0 597824.0 199701.0 564177.0 481570.0 407528.0 511051.0 590784.0 340250.0 153249.0 446893.0 270306.0 309783.0 381876.0 458646.0 337281.0 529334.0 379253.0 458610.0 404963.0 410971.0 552555.0 246904.0 185191.0 291990.0 150723.0 337161.0 449949.0 417637.0 379530.0 247108.0 353785.0 688443.0 572026.0 432981.0 238845.0 413990.0 330921.0 801199.0 297808.0 274060.0 473915.0 618661.0 653884.0 541977.0 780558.0 658195.0 840329.0 418939.0 864181.0 628254.0 570246.0 662936.0 529955.0 646380.0 354653.0 376758.0 556416.0 330073.0 353196.0 613024.0 
528358.0 246318.0 205847.0 411474.0 421950.0 283165.0 79143.0 286096.0 384202.0 439059.0 409218.0 488450.0 308730.0 491680.0 322880.0 331108.0 147450.0 655973.0 426588.0 521272.0 466615.0 474155.0 350439.0 336227.0 0 366193.0 538597.0 229838.0 428558.0 385949.0 481521.0 493276.0 254110.0 534924.0 190359.0 376347.0 491295.0 398584.0 346353.0 383676.0 560432.0 276955.0 136526.0 522335.0 200629.0 71301.0 587319.0 342893.0 237194.0 489476.0 324797.0 411893.0 491123.0 296236.0 346531.0 395850.0 309876.0 198191.0 576636.0 370080.0 374246.0 418982.0 89323.0 151036.0 441141.0 185504.0 934.0 113722.0 245223.0 655716.0 465198.0 414119.0 499041.0 438453.0 467762.0 178588.0 163454.0 436983.0 723568.0 262925.0 431737.0 226024.0 588378.0 373580.0 326922.0 540409.0 377891.0 550998.0 657594.0 789665.0 478028.0 509989.0 639960.0 518760.0 560659.0 319770.0 40531.0 564268.0 418309.0 299743.0 276797.0 
697108.0 385067.0 490978.0 567446.0 446419.0 403392.0 424602.0 240889.0 172992.0 369432.0 547967.0 273926.0 263523.0 599096.0 277673.0 520129.0 286199.0 530997.0 563249.0 537607.0 593165.0 440486.0 286662.0 211251.0 366193.0 0 677346.0 327356.0 303582.0 289548.0 347191.0 429499.0 620303.0 409948.0 455554.0 481493.0 595960.0 532115.0 221377.0 522425.0 681308.0 445705.0 325547.0 547636.0 356565.0 356432.0 360583.0 448039.0 128999.0 364500.0 370833.0 481557.0 504597.0 283216.0 501261.0 437803.0 448625.0 168002.0 608183.0 306303.0 312311.0 524128.0 372750.0 340057.0 425622.0 361974.0 365259.0 252471.0 366099.0 590781.0 260919.0 302977.0 632572.0 543599.0 644232.0 450096.0 202739.0 280113.0 749723.0 199148.0 256829.0 331170.0 697446.0 542330.0 557188.0 709159.0 546641.0 719748.0 630190.0 928414.0 447839.0 550530.0 781576.0 513414.0 725165.0 255993.0 325662.0 570227.0 177954.0 254536.0 415546.0 
797561.0 557471.0 663382.0 571922.0 715195.0 644250.0 597006.0 623355.0 505892.0 657942.0 716866.0 682542.0 645989.0 152526.0 660139.0 800220.0 391147.0 887037.0 567308.0 592374.0 436767.0 401760.0 494100.0 678644.0 538597.0 677346.0 0 463965.0 767146.0 462074.0 700441.0 710957.0 768587.0 765718.0 576535.0 447449.0 609689.0 567933.0 688770.0 612296.0 990139.0 646975.0 605638.0 492921.0 485546.0 528836.0 891767.0 577020.0 548347.0 626775.0 637795.0 408338.0 828631.0 665682.0 805280.0 556461.0 621029.0 509344.0 321414.0 474459.0 553169.0 490084.0 627920.0 591128.0 601752.0 625596.0 537663.0 424875.0 748565.0 400494.0 656633.0 421635.0 668390.0 509555.0 907854.0 654493.0 474607.0 398771.0 734794.0 581614.0 585417.0 460151.0 663402.0 742610.0 723804.0 785510.0 746921.0 802157.0 863124.0 726985.0 491058.0 885161.0 721841.0 527143.0 691121.0 524769.0 498066.0 814119.0 573668.0 637002.0 505417.0 
495396.0 428677.0 435685.0 459660.0 538504.0 250203.0 308981.0 249492.0 154364.0 294182.0 579580.0 519218.0 272126.0 496285.0 212708.0 493123.0 377288.0 789847.0 235893.0 299062.0 521376.0 302095.0 356814.0 470101.0 229838.0 327356.0 463965.0 0 562432.0 521938.0 251683.0 499072.0 483948.0 629731.0 245120.0 154137.0 410611.0 468268.0 480227.0 532064.0 658724.0 243993.0 298541.0 362287.0 29209.0 301139.0 645758.0 120683.0 456355.0 614511.0 509001.0 240473.0 571894.0 356731.0 544433.0 395663.0 232363.0 428029.0 608800.0 337173.0 341284.0 196772.0 251338.0 313051.0 350372.0 347519.0 230772.0 343560.0 439614.0 597301.0 493309.0 284349.0 568725.0 216243.0 629777.0 323078.0 393292.0 261485.0 778329.0 291233.0 485752.0 3814.0 370090.0 340618.0 392389.0 507447.0 344929.0 518036.0 569812.0 913578.0 439156.0 564503.0 742655.0 328065.0 397809.0 348078.0 270369.0 531306.0 410344.0 328051.0 425185.0 
725114.0 458900.0 634405.0 537960.0 323309.0 594383.0 507701.0 431880.0 408068.0 440511.0 529805.0 369478.0 445931.0 618449.0 468664.0 486614.0 576008.0 227415.0 693051.0 639145.0 595503.0 365386.0 477653.0 92331.0 428558.0 303582.0 767146.0 562432.0 0 385100.0 442743.0 620490.0 586892.0 106366.0 614278.0 602251.0 613294.0 627667.0 102457.0 587911.0 857047.0 541257.0 292032.0 656508.0 573901.0 499859.0 603382.0 683115.0 432581.0 245580.0 539224.0 362637.0 402114.0 474207.0 550977.0 429612.0 621665.0 471584.0 550941.0 483020.0 503302.0 644886.0 339235.0 277522.0 384321.0 243054.0 429492.0 542280.0 509968.0 471861.0 339439.0 430196.0 728124.0 664357.0 525312.0 331176.0 506321.0 423252.0 845275.0 390139.0 181729.0 566246.0 710992.0 637882.0 584365.0 713063.0 642193.0 815300.0 511270.0 956512.0 720585.0 662577.0 755267.0 622286.0 738711.0 446984.0 469089.0 648747.0 273506.0 445527.0 661972.0 
630748.0 472563.0 565821.0 495351.0 561844.0 536627.0 465092.0 398993.0 398269.0 315974.0 563515.0 220468.0 421627.0 309548.0 435777.0 444005.0 449909.0 612515.0 750203.0 612643.0 593789.0 387028.0 340749.0 420104.0 385949.0 289548.0 462074.0 521938.0 385100.0 0 293733.0 603334.0 544283.0 491466.0 469398.0 559642.0 604192.0 465755.0 430230.0 609553.0 839412.0 379345.0 249423.0 649943.0 492729.0 457250.0 512229.0 634993.0 418547.0 573353.0 552887.0 565360.0 628374.0 441320.0 557560.0 403110.0 612335.0 457550.0 660513.0 321108.0 445546.0 602277.0 296626.0 234913.0 372164.0 269381.0 386883.0 416181.0 524203.0 739593.0 194559.0 268284.0 566212.0 621748.0 551639.0 456520.0 465913.0 291148.0 460175.0 375822.0 203371.0 518124.0 718823.0 475970.0 616667.0 642799.0 480281.0 653388.0 597193.0 1066084.0 737387.0 530402.0 715216.0 671518.0 746542.0 371418.0 426480.0 503867.0 111594.0 412640.0 570129.0 
683002.0 543108.0 623464.0 629151.0 493645.0 450618.0 528965.0 204633.0 406047.0 42499.0 574037.0 278111.0 227267.0 603281.0 167849.0 548785.0 520454.0 670158.0 487576.0 353513.0 640381.0 444671.0 333888.0 390679.0 481521.0 347191.0 700441.0 251683.0 442743.0 293733.0 0 476725.0 530363.0 378048.0 496803.0 405820.0 624616.0 536300.0 380553.0 624374.0 709964.0 449890.0 354203.0 576292.0 280892.0 552822.0 569872.0 372366.0 476190.0 523676.0 493527.0 492156.0 533253.0 311872.0 390976.0 143980.0 484046.0 515193.0 655409.0 331630.0 359537.0 448455.0 392235.0 368713.0 98689.0 403181.0 482455.0 486726.0 394755.0 734489.0 265104.0 278806.0 636757.0 467926.0 685439.0 514163.0 536458.0 301670.0 753908.0 246374.0 261014.0 255497.0 621773.0 532191.0 596425.0 670951.0 536502.0 723933.0 665943.0 1060980.0 690839.0 588045.0 785761.0 542070.0 649492.0 303219.0 522052.0 574412.0 182139.0 283192.0 517495.0 
764778.0 621574.0 699123.0 615284.0 477622.0 248869.0 531512.0 272092.0 419307.0 519224.0 502545.0 600614.0 294726.0 693391.0 308876.0 551332.0 635902.0 847905.0 727337.0 337024.0 707840.0 646515.0 317865.0 528159.0 493276.0 429499.0 710957.0 499072.0 620490.0 603334.0 476725.0 0 594342.0 694565.0 683635.0 481949.0 477079.0 685021.0 538285.0 708498.0 712511.0 546189.0 356750.0 520293.0 469863.0 564577.0 644424.0 612127.0 558498.0 496908.0 560986.0 676840.0 535800.0 314419.0 532464.0 469876.0 723807.0 597501.0 639386.0 337506.0 157788.0 524584.0 403953.0 371260.0 515167.0 405728.0 494210.0 606998.0 397302.0 718466.0 574705.0 335050.0 785478.0 544055.0 687986.0 671864.0 632238.0 312186.0 1005867.0 230351.0 583517.0 495258.0 608787.0 610000.0 663884.0 776829.0 614311.0 820232.0 806970.0 1044957.0 644988.0 721425.0 1039813.0 486071.0 636506.0 287196.0 533807.0 637884.0 491740.0 285739.0 765249.0 
782468.0 500428.0 459957.0 246235.0 640512.0 516454.0 333253.0 444430.0 476937.0 487864.0 642183.0 561306.0 467064.0 745790.0 481214.0 489442.0 401560.0 814307.0 680698.0 691311.0 665180.0 656287.0 419417.0 494561.0 254110.0 620303.0 768587.0 483948.0 586892.0 544283.0 530363.0 594342.0 0 693258.0 444469.0 551758.0 649629.0 629824.0 504687.0 637786.0 814542.0 531065.0 294860.0 747528.0 454739.0 325411.0 765874.0 597003.0 491304.0 647810.0 442848.0 572381.0 708138.0 486757.0 175439.0 481778.0 563986.0 452301.0 734970.0 399776.0 436554.0 594393.0 247657.0 309370.0 527069.0 343838.0 255044.0 367832.0 499333.0 759475.0 535397.0 346952.0 730281.0 613864.0 626096.0 432698.0 417564.0 369816.0 721291.0 421259.0 544209.0 480134.0 767711.0 627690.0 581032.0 794519.0 632001.0 695011.0 872601.0 1043775.0 732138.0 759268.0 894070.0 716955.0 795430.0 450086.0 294641.0 739436.0 452432.0 458077.0 530907.0 
618748.0 565266.0 599074.0 644326.0 216943.0 668458.0 614067.0 505955.0 514434.0 335549.0 636171.0 475844.0 528589.0 724815.0 542739.0 592980.0 682374.0 333781.0 769396.0 534183.0 701869.0 363958.0 438038.0 198697.0 534924.0 409948.0 765718.0 629731.0 106366.0 491466.0 378048.0 694565.0 693258.0 0 625268.0 644886.0 624470.0 734033.0 208823.0 694277.0 946374.0 647623.0 398398.0 667684.0 658940.0 606225.0 709748.0 750414.0 538947.0 351946.0 645590.0 469003.0 508480.0 548282.0 657343.0 324650.0 728031.0 577950.0 657307.0 457679.0 577377.0 687521.0 445601.0 383888.0 279359.0 349420.0 535858.0 648646.0 616334.0 578227.0 445805.0 459476.0 834490.0 706992.0 631678.0 437542.0 612687.0 482340.0 951641.0 464214.0 288095.0 633545.0 790302.0 605985.0 477999.0 606697.0 601674.0 921666.0 617636.0 1062878.0 740909.0 658887.0 861633.0 633462.0 818021.0 407369.0 575455.0 575346.0 379872.0 519602.0 660544.0 
649100.0 436677.0 268344.0 578098.0 408325.0 473524.0 269502.0 476455.0 399484.0 539302.0 599577.0 466678.0 499089.0 560497.0 457828.0 521467.0 337809.0 841693.0 348463.0 536554.0 276256.0 414665.0 540798.0 521947.0 190359.0 455554.0 576535.0 245120.0 614278.0 469398.0 496803.0 683635.0 444469.0 625268.0 0 391629.0 523181.0 333792.0 532073.0 574035.0 750791.0 467314.0 326885.0 474857.0 266701.0 261660.0 740482.0 358175.0 326555.0 675196.0 381485.0 477965.0 379463.0 486595.0 536890.0 586209.0 469855.0 287552.0 518734.0 560439.0 564605.0 434264.0 279682.0 341395.0 595492.0 375863.0 191293.0 304081.0 435582.0 597814.0 274839.0 514494.0 434249.0 338379.0 636561.0 368947.0 322289.0 506605.0 533209.0 453284.0 449581.0 241306.0 607582.0 555993.0 147269.0 637049.0 560304.0 668541.0 653524.0 924305.0 551726.0 667688.0 795496.0 440635.0 635301.0 510129.0 230890.0 584147.0 357804.0 490102.0 467156.0 
409784.0 575043.0 549157.0 305523.0 671007.0 396712.0 455490.0 403629.0 308501.0 448319.0 733717.0 652334.0 426263.0 592340.0 366845.0 533821.0 490809.0 829666.0 382402.0 144925.0 667885.0 280928.0 510951.0 509920.0 376347.0 481493.0 447449.0 154137.0 602251.0 559642.0 405820.0 481949.0 551758.0 644886.0 391629.0 0 436942.0 447880.0 520046.0 621367.0 750089.0 390502.0 339239.0 388618.0 175718.0 414660.0 792267.0 267192.0 580553.0 663169.0 502136.0 386982.0 655884.0 351997.0 690942.0 354458.0 378872.0 541550.0 577587.0 491310.0 487793.0 42635.0 386442.0 324729.0 399749.0 359197.0 377281.0 457081.0 434880.0 577531.0 639327.0 438486.0 548337.0 62106.0 641455.0 469587.0 506813.0 415622.0 924838.0 436065.0 464585.0 150323.0 215953.0 487127.0 538898.0 421835.0 491438.0 664545.0 415675.0 968566.0 585665.0 514450.0 889164.0 354396.0 243672.0 480581.0 383890.0 430909.0 556362.0 380677.0 571694.0 
287699.0 383563.0 645765.0 629717.0 407527.0 410372.0 566958.0 419983.0 564975.0 667115.0 788338.0 606171.0 442617.0 457163.0 456767.0 549351.0 491653.0 840709.0 513954.0 581867.0 617019.0 544860.0 444879.0 520963.0 491295.0 595960.0 609689.0 410611.0 613294.0 604192.0 624616.0 477079.0 649629.0 624470.0 523181.0 436942.0 0 618573.0 510837.0 456792.0 656148.0 330946.0 354769.0 116768.0 432192.0 562596.0 805927.0 523666.0 486749.0 578063.0 463887.0 643456.0 292496.0 370104.0 698925.0 594665.0 635346.0 447746.0 337553.0 464520.0 319291.0 394307.0 401972.0 369279.0 639956.0 403747.0 492229.0 516159.0 432748.0 351782.0 580262.0 493107.0 719030.0 499048.0 686005.0 601139.0 482483.0 473689.0 915046.0 396812.0 589074.0 406797.0 481530.0 132921.0 524690.0 299750.0 137232.0 604989.0 681252.0 743124.0 167909.0 356806.0 673129.0 82546.0 509249.0 453657.0 531826.0 440347.0 497297.0 341424.0 500314.0 
712435.0 554250.0 523369.0 383589.0 643531.0 508772.0 456993.0 551691.0 479956.0 558541.0 645202.0 463035.0 574325.0 720459.0 588475.0 562057.0 464972.0 855082.0 571611.0 592805.0 610048.0 406063.0 422436.0 587986.0 398584.0 532115.0 567933.0 468268.0 627667.0 465755.0 536300.0 685021.0 629824.0 734033.0 333792.0 447880.0 618573.0 0 598112.0 701198.0 938282.0 461032.0 417305.0 570249.0 489849.0 388823.0 754796.0 581323.0 554716.0 735532.0 580202.0 701113.0 713255.0 594018.0 680329.0 484797.0 627398.0 515713.0 588331.0 402795.0 527233.0 490515.0 464508.0 402795.0 530088.0 437263.0 397650.0 431244.0 623073.0 509251.0 437126.0 349971.0 100457.0 409018.0 719521.0 577172.0 480976.0 372835.0 867001.0 509950.0 445938.0 464454.0 663833.0 557657.0 481061.0 724486.0 561968.0 334749.0 839760.0 993902.0 543124.0 660997.0 830598.0 536027.0 691552.0 453105.0 358053.0 742455.0 354161.0 565338.0 594319.0 
778633.0 376695.0 552200.0 455755.0 425766.0 512178.0 425496.0 349675.0 325863.0 338054.0 427348.0 449073.0 363726.0 536244.0 386459.0 404409.0 493803.0 329872.0 610846.0 536688.0 513298.0 467843.0 395448.0 10126.0 346353.0 221377.0 688770.0 480227.0 102457.0 430230.0 380553.0 538285.0 504687.0 208823.0 532073.0 520046.0 510837.0 598112.0 0 690368.0 774842.0 607950.0 209827.0 554051.0 491696.0 417654.0 521177.0 600910.0 350376.0 143123.0 457019.0 280432.0 299657.0 392002.0 468772.0 327155.0 539460.0 389379.0 448484.0 415089.0 421097.0 562681.0 257030.0 195317.0 281864.0 160849.0 347287.0 460075.0 427763.0 369404.0 257234.0 363911.0 698569.0 582152.0 443107.0 248971.0 424116.0 341047.0 811325.0 307934.0 284186.0 484041.0 628787.0 643758.0 531851.0 790684.0 648069.0 850455.0 429065.0 854055.0 618128.0 580372.0 673062.0 519829.0 656506.0 364779.0 386884.0 566542.0 340199.0 363322.0 623150.0 
744491.0 402550.0 508461.0 679487.0 725418.0 666841.0 442085.0 501318.0 667063.0 581875.0 565450.0 456540.0 523952.0 459770.0 538102.0 714784.0 236226.0 815326.0 728479.0 476442.0 573803.0 403465.0 565661.0 680242.0 383676.0 522425.0 612296.0 532064.0 587911.0 609553.0 624374.0 708498.0 637786.0 694277.0 574035.0 621367.0 456792.0 701198.0 690368.0 0 792171.0 492054.0 520202.0 490425.0 502855.0 353206.0 817449.0 577788.0 393426.0 763888.0 482874.0 714119.0 722862.0 394079.0 665421.0 683356.0 466108.0 354423.0 458527.0 585302.0 591310.0 664002.0 472999.0 534712.0 638065.0 569180.0 382742.0 269954.0 476962.0 537607.0 580924.0 570351.0 801655.0 683473.0 833554.0 562264.0 319686.0 559942.0 871830.0 478147.0 406182.0 528250.0 577384.0 589713.0 629536.0 756542.0 594024.0 867497.0 777106.0 864098.0 288883.0 736951.0 858954.0 524647.0 549665.0 534992.0 343145.0 792340.0 497959.0 422759.0 106879.0 
943847.0 786016.0 745545.0 864937.0 729431.0 686404.0 481289.0 505331.0 772124.0 752463.0 937370.0 907703.0 527965.0 1031378.0 542115.0 784571.0 687148.0 1084462.0 762067.0 846660.0 941079.0 828269.0 569674.0 764716.0 560432.0 681308.0 990139.0 658724.0 857047.0 839412.0 709964.0 712511.0 814542.0 946374.0 750791.0 750089.0 656148.0 938282.0 774842.0 792171.0 0 837387.0 589989.0 699362.0 680305.0 610999.0 922299.0 771779.0 621221.0 917965.0 726943.0 891569.0 592979.0 398092.0 784273.0 776965.0 849574.0 582218.0 891195.0 589315.0 595323.0 707454.0 637192.0 604499.0 808653.0 638967.0 559498.0 653420.0 347079.0 934376.0 881794.0 642139.0 1038739.0 812195.0 921225.0 652288.0 616955.0 665003.0 1203060.0 482160.0 847953.0 654910.0 880772.0 789069.0 825173.0 955898.0 793380.0 1020994.0 1040209.0 630942.0 824057.0 964746.0 1200392.0 665140.0 908491.0 539005.0 580229.0 889693.0 798829.0 426772.0 816495.0 
352803.0 422152.0 482802.0 663735.0 557121.0 297320.0 356098.0 465281.0 393546.0 472131.0 558792.0 376625.0 487915.0 600058.0 456701.0 608063.0 255828.0 768672.0 472258.0 535427.0 714091.0 538460.0 336026.0 597824.0 276955.0 445705.0 646975.0 243993.0 541257.0 379345.0 449890.0 546189.0 531065.0 647623.0 467314.0 390502.0 330946.0 461032.0 607950.0 492054.0 837387.0 0 413481.0 447714.0 214784.0 348256.0 668386.0 357048.0 413028.0 751073.0 502476.0 426048.0 327901.0 507608.0 623486.0 398387.0 468728.0 374025.0 668499.0 316385.0 388401.0 433137.0 366278.0 427991.0 443678.0 462459.0 277889.0 289556.0 522178.0 682728.0 350716.0 263561.0 561489.0 452608.0 744717.0 455543.0 339288.0 286425.0 839520.0 423540.0 359528.0 240179.0 546634.0 198025.0 560095.0 364854.0 202336.0 375443.0 671749.0 965499.0 498855.0 421910.0 789772.0 413492.0 574353.0 366695.0 317486.0 505451.0 267751.0 478928.0 385175.0 
642468.0 264824.0 342373.0 274948.0 373670.0 330643.0 215669.0 149570.0 416363.0 396702.0 545744.0 469891.0 172204.0 558971.0 186354.0 194582.0 283976.0 519447.0 534434.0 484164.0 567480.0 375863.0 213913.0 199701.0 136526.0 325547.0 605638.0 298541.0 292032.0 249423.0 354203.0 356750.0 294860.0 398398.0 326885.0 339239.0 354769.0 417305.0 209827.0 520202.0 589989.0 413481.0 0 456317.0 327750.0 207827.0 622966.0 419224.0 373720.0 352950.0 345148.0 470007.0 413278.0 191897.0 428512.0 421204.0 446402.0 334717.0 440110.0 233554.0 239562.0 381874.0 47203.0 14510.0 452892.0 48978.0 137460.0 250248.0 274780.0 519190.0 353059.0 286378.0 517762.0 401345.0 331236.0 315114.0 299980.0 309242.0 709598.0 126399.0 452794.0 302355.0 555192.0 487690.0 463448.0 654519.0 492001.0 640628.0 577741.0 845681.0 522678.0 567956.0 695764.0 422095.0 582911.0 183244.0 177057.0 484415.0 361017.0 163217.0 413323.0 
