26
Loc22 Loc10 Loc24 Loc19 Loc25 Loc34 Loc7 Loc12 Loc49 Loc2 Loc23 Loc31 Loc40 Loc21 Loc42 Loc36 Loc45 Loc46 Loc39 Loc30 Loc9 Loc33 Loc5 Loc32 Loc44 Loc1
0 7.1646 6.49978 8.50591 8.13166 4.6038499999999996 5.42356 1.51575 7.09326 3.97417 5.02283 6.17676 5.07888 7.922510000000001 3.6739100000000002 6.10821 6.63116 2.65573 6.175199999999999 6.03614 8.3824 7.60093 5.6254 7.09257 7.151590000000001 5.698849999999999 
7.1646 0 7.17501 8.76745 8.3932 6.8408 4.99636 6.9507200000000005 9.96017 3.54697 5.66145 3.92474 5.02262 8.18405 4.79256 7.22686 6.8927 4.50887 6.77461 3.93037 9.157079999999999 8.239550000000001 6.95607 7.3541099999999995 7.41313 9.30049 
6.4997799999999994 7.17501 0 4.716060000000001 6.89754 5.60744 3.48099 5.13386 7.44795 4.9303799999999995 1.51356 5.47855 4.38067 7.13729 2.9757 5.41 6.06244 5.72312 1.95646 5.3078 5.31015 4.09166 4.5919 6.64426 3.36174 5.2491 
8.50591 8.76745 4.71606 0 3.21373 7.61357 8.197049999999999 7.424779999999999 7.242900000000001 9.54667 6.22962 5.99235 7.09023 5.46678 7.6917599999999995 5.78393 4.17543 8.22823 2.7596 6.110939999999999 8.40297 8.4607 5.64597 2.17464 1.35432 3.2416799999999997 
8.13166 8.3932 6.89754 3.21373 0 7.23932 5.17711 7.162660000000001 6.868650000000001 6.6265 5.38398 6.4936 6.409470000000001 5.09253 5.0045 2.5702 3.80118 7.85398 5.72689 7.23689 5.37839 5.83367 5.27172 1.03909 4.32161 6.20897 
4.6038499999999996 6.8408 5.60744 7.613569999999999 7.239319999999999 0 7.76468 3.0881 6.20092 6.31529 7.121 7.08686 6.65123 7.03017 5.2462599999999995 7.68056 5.73882 4.99685 7.5639 6.32759 7.49006 9.699100000000001 4.73306 6.2002299999999995 6.25925 7.271199999999999 
5.42356 4.99636 3.48099 8.19705 5.17711 7.764680000000001 0 6.93931 9.23567 1.44939 4.99455 6.53031 6.44618 8.36956 5.0412099999999995 2.60691 8.97829 2.76783 5.43745 6.57616 8.43357 5.87038 8.07289 6.2162 6.84273 8.73009 
1.51575 6.9507200000000005 5.13386 7.42478 7.16266 3.0881 6.93931 0 8.60901 5.48992 6.53858 4.66101 3.56313 7.82146 2.15816 4.59246 6.53011 4.17148 7.09032 5.21232 7.22162 7.85593 7.14115 6.9915199999999995 6.07046 4.1831 
7.093259999999999 9.96017 7.44795 7.242900000000001 6.86865 6.20092 9.23567 8.60901 0 8.63855 5.93439 6.30553 7.40341 6.6594999999999995 8.80838 9.438849999999999 3.06747 7.32011 7.2938600000000005 7.33518 6.81855 8.021640000000001 4.53801 5.82956 5.88858 6.06681 
3.97417 3.54697 4.9303799999999995 9.54667 6.6265 6.31529 1.44939 5.48992 8.638549999999999 0 5.5280000000000005 7.027149999999999 6.064080000000001 8.96327 4.65911 4.0563 7.67192 1.31844 6.886839999999999 6.73892 9.023629999999999 7.31977 7.17069 7.66559 8.192350000000001 9.67302 
5.02283 5.66145 1.51356 6.229620000000001 5.38398 7.121 4.99455 6.53858 5.93439 5.528 0 6.99211 5.89423 7.85624 4.48926 5.84157 5.21228 4.20956 3.47002 4.90583 6.82371 2.5781 6.10546 6.42307 4.8753 6.76266 
6.17676 3.92474 5.47855 5.99235 6.4936 7.086860000000001 6.53031 4.66101 6.30553 7.02715 6.99211 0 1.09788 8.07365 2.50285 3.9234 5.63249 5.84352 5.91218 5.55701 8.9697 7.18687 6.2127 7.24371 4.63803 6.52539 
5.07888 5.02262 4.38067 7.09023 6.40947 6.65123 6.44618 3.56313 7.40341 6.06408 5.89423 1.09788 0 8.58572 1.40497 3.83927 6.73037 4.74564 4.8143 4.45913 9.39385 7.10274 7.31058 7.44856 5.73591 7.62327 
7.922509999999999 8.184050000000001 7.137289999999999 5.46678 5.09253 7.03017 8.36956 7.82146 6.6594999999999995 8.96327 7.85624 8.07365 8.58572 0 7.928519999999999 7.66273 3.59203 7.644829999999999 5.517740000000001 7.0277400000000005 4.24556 7.8773 5.06257 4.05344 4.1124600000000004 5.999820000000001 
3.6739100000000002 4.79256 2.9757 7.69176 5.0045 5.2462599999999995 5.0412099999999995 2.15816 8.80838 4.65911 4.48926 2.50285 1.40497 7.928520000000001 0 2.4343 6.63717 3.34067 4.93216 3.05416 7.98888 5.69777 7.5676 6.04359 6.33744 6.34126 
6.10821 7.22686 5.41 5.78393 2.5702 7.68056 2.60691 4.59246 9.438849999999999 4.0563 5.84157 3.9234 3.83927 7.66273 2.4343 0 6.371379999999999 5.37474 7.36646 5.48846 6.83038 3.26347 7.841919999999999 3.6092899999999997 6.8918099999999995 8.775559999999999 
6.6311599999999995 6.8927 6.06244 4.17543 3.8011799999999996 5.7388200000000005 8.97829 6.53011 3.06747 7.671919999999999 5.21228 5.63249 6.73037 3.59203 6.637169999999999 6.371379999999999 0 6.353479999999999 4.22639 5.73639 4.227539999999999 5.62972 1.47054 2.7620899999999997 2.82111 4.70847 
2.65573 4.50887 5.72312 8.22823 7.85398 4.99685 2.76783 4.17148 7.32011 1.31844 4.20956 5.84352 4.74564 7.644830000000001 3.34067 5.37474 6.35348 0 6.402049999999999 5.4204799999999995 7.70519 6.78766 5.85225 6.81489 6.87391 8.354579999999999 
6.175199999999999 6.77461 1.95646 2.7596 5.72689 7.5639 5.43745 7.09032 7.2938600000000005 6.88684 3.47002 5.91218 4.8143 5.51774 4.93216 7.36646 4.22639 6.402049999999999 0 3.35134 7.22485 6.04812 5.69693 4.6878 1.40528 3.29264 
6.03614 3.93037 5.3078 6.110939999999999 7.23689 6.32759 6.57616 5.21232 7.335179999999999 6.738919999999999 4.90583 5.55701 4.45913 7.02774 3.05416 5.48846 5.73639 5.4204799999999995 3.35134 0 7.4235500000000005 7.48393 4.66655 6.1978 4.75662 6.64398 
8.382399999999999 9.15708 5.31015 8.40297 5.37839 7.49006 8.43357 7.22162 6.81855 9.02363 6.82371 8.9697 9.39385 4.24556 7.98888 6.83038 4.227539999999999 7.70519 7.22485 7.42355 0 6.962020000000001 2.7569999999999997 6.417479999999999 7.048649999999999 5.87138 
7.60093 8.23955 4.09166 8.4607 5.83367 9.6991 5.87038 7.855930000000001 8.02164 7.31977 2.5781 7.18687 7.102740000000001 7.8773 5.69777 3.26347 5.62972 6.78766 6.04812 7.48393 6.962020000000001 0 7.10026 6.8727599999999995 7.10638 7.07447 
5.625399999999999 6.95607 4.5919 5.64597 5.271719999999999 4.73306 8.07289 7.141149999999999 4.53801 7.17069 6.10546 6.2127 7.31058 5.062569999999999 7.5676 7.841919999999999 1.47054 5.85225 5.69693 4.66655 2.7569999999999997 7.10026 0 4.2326299999999994 4.29165 6.17901 
7.09257 7.35411 6.64426 2.17464 1.03909 6.20023 6.2162 6.9915199999999995 5.82956 7.66559 6.42307 7.24371 7.4485600000000005 4.05344 6.04359 3.6092899999999997 2.7620899999999997 6.81489 4.6878 6.1978 6.417479999999999 6.8727599999999995 4.2326299999999994 0 3.28252 5.16988 
7.151590000000001 7.413130000000001 3.36174 1.35432 4.32161 6.259250000000001 6.8427299999999995 6.07046 5.88858 8.192350000000001 4.8753 4.63803 5.73591 4.1124600000000004 6.33744 6.8918099999999995 2.82111 6.87391 1.40528 4.75662 7.04865 7.10638 4.29165 3.28252 0 1.88736 
5.698849999999999 9.30049 5.2491 3.2416799999999997 6.20897 7.271199999999999 8.73009 4.1831 6.06681 9.67302 6.76266 6.52539 7.62327 5.99982 6.34126 8.77556 4.70847 8.354579999999999 3.29264 6.64398 5.87138 7.07447 6.17901 5.16988 1.88736 0 
