25
43 17 25 27 20 16 24 19 36 5 32 0 10 49 38 41 15 47 2 30 4 40 11 44 13
0 5988.41557 8654.00283 4113.30005 4315.50623 8544.40107 5291.05226 3910.3607199999997 5999.99017 2438.45463 2981.92445 1883.81846 4228.71375 2414.57677 4399.00284 8092.111849999999 5290.7977 2252.33169 7951.38793 4564.14257 6165.27112 3073.9269000000004 7332.22511 1080.03565 6492.73054 
5988.41557 0 7017.22672 5886.81301 5035.07493 2857.82085 4048.03725 3923.53002 5177.76278 7893.77806 7096.88868 6176.71442 3881.89039 6160.23539 3127.9829 3166.0876200000002 10478.38833 5824.60857 6581.79527 8793.16536 10158.39815 8490.4057 6149.82187 6220.93201 7963.98456 
8654.00283 7017.22672 0 5099.49184 5232.34525 6639.44558 4483.64372 6682.341490000001 4415.7043699999995 8638.17539 9776.59578 10252.37482 5839.61347 8965.29135 5403.69807 5890.98506 9173.479879999999 10375.88101 7587.47113 8228.44694 7780.91812 9273.64766 3027.49278 8076.16548 4085.78511 
4113.30005 5886.81301 5099.49184 0 1997.92324 7351.60355 4502.4192 2312.42479 4256.13978 3569.20229 4809.81663 5997.11675 3507.20032 4128.06698 3591.0682100000004 6475.22952 4844.86718 6014.78935 4379.47577 3269.13138 6504.7598 4204.67456 5187.94973 3061.8475200000003 3302.45491 
4315.50623 5035.07493 5232.34525 1997.92324 0 6300.11087 2504.49596 2079.71315 3516.73567 4817.66692 5429.38155 5922.0336 1509.27708 4625.28323 1907.09203 5456.62672 5931.61513 5780.62004 4527.9799 4355.79843 5310.87658 5288.67629 3190.02649 3664.18988 3046.20699 
8544.40107 2857.82085 6639.44558 7351.60355 6300.11087 0 3829.12745 5764.2696 3616.17591 10183.03436 9726.22263 8969.36837 5304.42315 8770.38552 4656.10492 1217.6017200000001 12129.30934 8627.12032 6171.68316 10568.98742 11602.30757 10739.08995 5178.53454 8538.16139 8683.96649 
5291.05226 4048.03725 4483.64372 4502.4192 2504.49596 3829.12745 0 2198.69777 2969.8342300000004 6435.57029 6544.41849 6412.68298 1675.25101 5562.12774 920.05435 4244.43439 8436.11109 6044.16975 3981.60018 6854.538320000001 7815.37254 7070.78284 4070.56556 5029.02284 5232.82113 
3910.3607199999997 3923.53002 6682.341490000001 2312.42479 2079.71315 5764.2696 2198.69777 0 2881.7191 4547.9280499999995 4351.36036 4372.71323 2033.84008 3411.61838 1278.64342 5095.28967 6904.00011 4535.08119 5171.30786 5428.171969999999 6451.70559 4994.656129999999 4331.64934 2830.32507 4874.82287 
5999.99017 5177.76278 4415.7043699999995 4256.13978 3516.73567 3616.17591 2969.83423 2881.7191 0 7041.89783 7233.079459999999 7044.93814 2007.45859 6275.08159 2049.77988 2682.86153 8769.12595 6989.4003 3540.99647 7195.2287 8136.44259 7677.10792 3393.47765 5712.044169999999 5289.10474 
2438.45463 7893.77806 8638.17539 3569.20229 4817.66692 10183.03436 6435.57029 4547.9280499999995 7041.89783 0 3182.83522 4048.01445 5040.08383 3052.1441 5526.92944 9325.98816 2852.34307 4220.30816 7920.18971 2130.80008 3990.45674 635.47227 8007.69341 1717.60298 5416.07035 
2981.92445 7096.88868 9776.59578 4809.81663 5429.38155 9726.222630000002 6544.41849 4351.36036 7233.079459999999 3182.83522 0 4865.74291 5432.63049 3236.42992 5624.36414 9441.01039 5136.47058 4909.02448 9078.065849999999 5313.6353 7117.2997000000005 2547.36295 8510.58641 1901.8888 7256.36527 
1883.81846 6176.71442 10252.37482 5997.11675 5922.0336 8969.36837 6412.68298 4372.71323 7044.93814 4048.01445 4865.74291 0 5569.88043 4298.39523 5521.29785 8547.11334 6883.06956 368.51323 9544.02109 6178.81453 8038.47119 4291.79729 8704.2666 2963.85411 8376.548999999999 
4228.71375 3881.89039 5839.61347 3507.20032 1509.27708 5304.42315 1675.25101 2033.84008 2007.45859 5040.08383 5432.63049 5569.88043 0 5078.65397 755.19666 4571.842909999999 6827.80433 5365.9372 3979.79321 5288.55456 6387.80494 5675.5561 4699.30357 3744.11285 4154.20233 
2414.57677 6160.23539 8965.29135 4128.06698 4625.28323 8770.385520000002 5562.12774 3411.61838 6275.08159 3052.1441 3236.42992 4298.39523 5078.65397 0 4676.97776 8487.94193 5378.33664 4341.6768 8260.926 4474.40734 7042.60084 2892.54991 7635.16352 1334.54112 6747.23601 
4399.00284 3127.9829 5403.69807 3591.0682100000004 1907.09203 4656.10492 920.05435 1278.64342 2049.77988 5526.92944 5624.36414 5521.29785 755.19666 4676.97776 0 3816.64625 7583.00099 5588.40864 4734.989869999999 5934.48397 7121.72016 6161.6759 4768.25356 4108.96849 4876.70268 
8092.111849999999 3166.08762 5890.98506 6475.22952 5456.62672 1217.6017200000001 4244.43439 5095.28967 2682.86153 9325.98816 9441.01039 8547.11334 4571.842909999999 8487.94193 3816.64625 0 11233.81467 8178.600109999999 5705.79092 9692.61339 10766.697919999999 9832.538789999999 4886.5588800000005 7608.38518 7971.96627 
5290.7977 10478.38833 9173.479879999999 4844.86718 5931.61513 12129.30934 8436.11109 6904.00011 8769.12595 2852.34307 5136.47058 6883.06956 6827.80433 5378.33664 7583.00099 11233.81467 0 7059.0403 8509.13873 3506.94118 1980.82912 2591.27227 8745.88412 4569.94605 5206.96582 
2252.33169 5824.60857 10375.88101 6014.78935 5780.62004 8627.12032 6044.16975 4535.08119 6989.400299999999 4220.30816 4909.02448 368.51323 5365.9372 4341.6768 5588.40864 8178.600109999999 7059.0403 0 9311.7341 6351.10824 8079.09364 4506.53326 8794.653769999999 3007.13568 8419.83057 
7951.38793 6581.79527 7587.47113 4379.47577 4527.9799 6171.68316 3981.60018 5171.30786 3540.99647 7920.18971 9078.065849999999 9544.02109 3979.79321 8260.926 4734.989869999999 5705.79092 8509.13873 9311.7341 0 7648.60715 7221.93794 8485.19004 4809.51065 7279.75671 3501.68602 
4564.14257 8793.16536 8228.44694 3269.13138 4355.79843 10568.98742 6854.538320000001 5428.171969999999 7195.2287 2130.80008 5313.6353 6178.81453 5288.55456 4474.40734 5934.48397 9692.61339 3506.94118 6351.10824 7648.60715 0 5192.41309 2766.27235 7253.77925 3512.69004 6005.04444 
6165.27112 10158.39815 7780.91812 6504.7598 5310.87658 11602.30757 7815.37254 6451.70559 8136.44259 3990.45674 7117.2997000000005 8038.47119 6387.80494 7042.60084 7121.72016 10766.697919999999 1980.82912 8079.09364 7221.93794 5192.41309 0 4572.10139 7940.744650000001 5708.05972 5290.86392 
3073.9269000000004 8490.4057 9273.64766 4204.67456 5288.67629 10739.08995 7070.78284 4994.656129999999 7677.10792 635.47227 2547.36295 4291.79729 5675.5561 2892.54991 6161.6759 9832.538789999999 2591.27227 4506.53326 8485.19004 2766.27235 4572.10139 0 8478.70278 2286.07633 6051.54262 
7332.22511 6149.82187 3027.49278 5187.94973 3190.02649 5178.53454 4070.56556 4331.64934 3393.47765 8007.69341 8510.58641 8704.2666 4699.30357 7635.16352 4768.25356 4886.5588800000005 8745.88412 8794.653769999999 4809.51065 7253.77925 7940.744650000001 8478.70278 0 6716.41586 4814.5075400000005 
1080.03565 6220.93201 8076.16548 3061.8475200000003 3664.18988 8538.16139 5029.0228400000005 2830.32507 5712.044169999999 1717.60298 1901.8888 2963.85411 3744.11285 1334.54112 4108.96849 7608.38518 4569.94605 3007.13568 7279.75671 3512.69004 5708.05972 2286.07633 6716.41586 0 5412.69489 
6492.73054 7963.98456 4085.78511 3302.45491 3046.20699 8683.96649 5232.82113 4874.82287 5289.10474 5416.07035 7256.36527 8376.548999999999 4154.20233 6747.23601 4876.70268 7971.96627 5206.96582 8419.83057 3501.68602 6005.04444 5290.86392 6051.54262 4814.5075400000005 5412.69489 0 
