100
16 174 183 78 188 199 102 21 167 75 191 170 51 175 103 7 166 42 182 49 111 196 12 33 148 24 26 146 197 4 63 70 10 154 66 127 0 37 15 195 173 112 169 155 105 133 131 171 1 28 149 187 98 117 18 67 92 147 35 69 135 74 100 84 96 95 108 115 76 91 43 161 81 31 14 62 109 3 41 93 176 89 36 177 124 53 119 5 32 181 87 134 150 59 164 38 94 29 47 114
0 4318.60406 626.4982 5915.01656 6345.88851 6825.06085 4851.70908 6335.48698 5073.07886 7193.04375 9700.97067 4767.99123 8261.10359 7348.3571 2979.7822300000003 3303.14788 4614.69392 4720.33526 7146.85077 5601.90414 8439.61166 8484.82799 1513.46419 3618.49098 6243.98887 5909.600479999999 9782.12743 1579.51079 2850.7708100000004 1818.91066 10708.48752 1559.9336999999998 9148.13085 8416.89329 6086.58895 8898.13829 9049.7837 9017.61176 3905.08912 8121.59898 8124.912479999999 4946.38458 1775.19 9023.67713 5819.23369 9392.563689999999 3957.20419 8275.439989999999 7760.62478 6743.64811 7941.9457299999995 7668.54869 5929.50006 7295.53593 10229.34934 5952.0992400000005 8613.26094 5071.03028 7756.4296300000005 8753.3796 7890.23708 7678.23951 6184.6472 2474.65897 4249.84482 8168.2737400000005 7822.0284 8976.10962 9532.91823 6186.76824 2571.9728999999998 6376.46353 6602.50384 2773.75676 2366.10249 7701.04251 5813.1439 2441.17168 8850.05045 7721.05071 689.1963 2859.85701 3994.27215 8254.69545 1948.10806 8019.49406 7042.49806 8734.54412 5739.53935 5756.55157 2195.86566 9359.150839999998 4231.31374 3344.13457 8288.58323 2820.23297 4273.74707 8734.27594 8960.98488 6123.00531 
4318.60406 0 4810.9418 1949.29789 2555.12231 2528.46297 929.44769 5284.02716 3942.86827 4292.67047 5385.75575 1223.60411 3959.02829 3080.8059 2554.12365 2693.7803599999997 1706.26639 3948.54125 3483.59369 1648.14047 5136.20656 6036.73132 4951.20474 2870.6299 5346.85059 5286.98895 5689.13799 4597.58774 4488.95634 2996.03555 6484.79391 3660.23675 4979.93145 4681.16394 5551.08467 5117.04641 4736.3356 5949.92191 3934.67305 5296.20364 3806.90136 3400.45358 4985.96159 5206.75139 4046.35088 5107.58514 4716.86273 4293.01432 4032.13145 2534.62995 3918.7031 3349.94463 2227.29914 3801.62492 6056.39145 2078.63793 4478.16282 4659.20433 3703.79319 5152.08781 3762.99794 3459.04683 2401.50619 4538.71634 3575.42305 3964.93045 3619.04833 5863.02055 5278.035519999999 1953.75766 4004.39356 2551.50799 2855.8048700000004 1717.94354 2490.74469 3556.80264 3511.64078 2303.25096 6027.9358 3638.28096 4739.7251 4126.55813 4513.63811 5718.58474 2590.9899299999997 3751.55488 3080.40781 5951.82745 4541.00705 4270.48131 6011.81445 7014.40407 336.3406 4238.34366 4558.96129 6184.55801 461.23855 4464.34194 4846.6377 1861.2751 
626.4982 4810.9418 0 6315.03756 6924.46539 7318.19828 5195.52115 6940.74607 5140.48973 7809.94661 10195.40936 5191.33124 8765.75439 7795.08315 3229.35442 3467.34825 5211.03637 5336.9623 7739.877 6087.85102 8698.73302 8583.67206 1642.3208399999999 4244.96608 6863.05291 5824.67999 10345.79425 1061.68639 3015.22975 2071.66986 11248.09551 2144.11404 9649.78435 9009.91952 6658.0027 9209.60178 9523.30746 9199.37895 4510.09767 8285.41912 8605.61474 5563.1039 1282.30574 9324.743760000001 6435.4839 9909.0438 4517.06376 8635.29606 8351.80967 7245.34858 8500.39087 8150.60366 6474.44978 7898.50777 10771.11291 6479.94105 9167.511120000001 4987.54288 8294.72778 8992.14752 8339.01013 8103.84366 6764.45975 2234.37172 4295.5676 8692.8053 8357.30047 9168.80826 9987.4326 6713.19298 3093.1041 6734.39233 7186.34796 3191.5932000000003 2973.30119 8222.71008 6439.6421 2701.27189 8999.12957 8159.56886 194.4865 3434.25989 3865.07568 8372.19337 2543.54575 8541.91928 7399.11247 8879.46964 5762.9078 6380.477599999999 2011.0188699999999 9415.53238 4777.02837 3920.90658 8881.60946 2639.89243 4819.09253 9174.54649 9519.40807 6575.20448 
5915.01656 1949.29789 6315.03756 0 3302.98815 2231.91241 1119.51641 6914.73367 3701.4591800000003 5323.22863 4313.90971 1268.46246 3181.48094 1723.39694 3208.38112 3398.8928100000003 3364.95305 5769.452090000001 4059.86399 1309.98053 3234.94451 4401.57165 6508.0925 4777.13596 7009.39084 4521.471 5305.62739 5804.55467 6392.80134 4293.91444 5757.795899999999 5473.38451 3869.67453 4852.04915 7282.74101 3210.8313799999996 3523.17935 4100.25804 5846.4338 3712.7801099999997 2651.87519 5112.30672 6143.62813 3292.6008 5617.68305 4320.81138 6636.83434 2425.74466 4360.49652 2578.22129 3911.87858 2349.69892 2772.5201 4452.06379 5508.34213 2183.73831 4193.32259 4573.96082 3720.40912 3208.97965 2271.82768 1912.58595 3144.27826 5331.1284 3482.18581 3599.54844 3307.59972 4032.3705900000004 3871.38605 2123.35259 5885.74064 602.2101 3492.2258 3530.41286 4227.38808 3430.82789 4957.64793 3768.52113 4251.2753 2022.9743 6221.87705 6055.20969 4658.88882 4067.09823 4362.67899 3150.59677 1188.01052 4267.81469 3783.33675 5836.17306 7174.94481 5368.058029999999 2232.90685 6180.04481 4834.09309 7101.48639 2379.25767 3008.89764 4522.3149300000005 895.27035 
6345.88851 2555.12231 6924.46539 3302.98815 0 1436.25381 3041.90628 4203.99855 6075.52211 2161.87707 3977.28634 2772.85178 2520.03671 2876.12326 4863.85031 4965.25931 1785.11204 3629.11119 929.26046 2069.96317 6137.69654 7578.42375 6862.52446 3453.36945 4367.15749 7525.91763 3518.0778600000003 6939.57441 5569.82983 5400.26379 4503.2801500000005 5218.431860000001 3457.17018 2126.04163 4741.36139 5552.34311 3645.50847 7053.21511 4178.02783 6685.67072 2944.63376 2878.0175 7353.50889 5591.98802 3139.16103 3466.66323 5051.3595000000005 4498.28556 1477.00914 1389.1130799999999 1609.34272 2501.78516 565.90547 1782.77824 3939.98438 1154.6872600000002 2364.84778 7098.03107 1421.72923 5816.43362 3076.45657 3333.26042 757.38815 7041.3781500000005 6061.31999 2339.72687 1857.05149 6936.01038 4279.13274 1183.32962 4992.08854 3651.63916 300.68256 3866.33347 4049.18073 1468.65993 2164.62953 4647.65371 7313.96869 3362.91215 6809.5994 5008.32347 7057.06235 7241.77782 4401.1937 2425.0196300000002 3781.42949 7278.51633 6816.57974 3177.9443 8311.18023 8518.28791 2891.46291 4838.74126 2023.97085 8582.24879 2298.49538 3832.0685 2685.26816 2407.7178 
6825.06085 2528.46297 7318.19828 2231.91241 1436.25381 0 2743.8914999999997 5618.13866 5353.95639 3408.28403 2943.44866 3038.04792 1463.56414 2073.28571 4606.51104 4874.42766 2713.44246 4942.52977 2192.3559800000003 2570.0191299999997 4773.28325 6343.69766 7385.09831 4426.55865 5762.93719 6753.3834099999995 3236.98085 7122.95922 6492.3897 5524.49852 4065.59815 5920.76186 2453.05979 2623.00934 6148.56943 4129.08499 2427.98208 5703.45904 5346.60986 5421.87864 1597.94024 4144.76163 7506.02545 4254.62383 4368.8071 2592.25018 6199.6233 3068.19621 2168.08694 1068.49923 1699.64464 1519.8231799999999 1296.26926 2393.9835 3553.87816 1820.56936 2023.47941 6475.3188900000005 1576.0598599999998 4414.58548 2128.2128599999996 2480.01502 1451.9907 6985.03768 5548.85394 1793.6972799999999 1596.58732 5583.34004 3274.32817 1519.76377 5914.64902 2485.22071 1563.76629 4246.40651 4816.6818 1208.19576 3583.10982 4831.71393 6007.81194 2435.5270299999997 7235.92489 5985.04946 6658.30038 6009.46761 4940.10739 1224.68322 2462.40208 5982.17037 6008.87427 4588.91763 8538.3448 7254.5808400000005 2864.80357 5928.03959 2703.2702500000005 8675.89119 2989.70152 2460.04756 2400.87734 2248.43165 
4851.70908 929.44769 5195.52115 1119.51641 3041.90628 2743.8914999999997 0 6182.36844 3033.61583 4960.08246 5121.57046 294.15642 3820.98599 2656.74636 2515.0328099999997 2820.6609200000003 2592.8386499999997 4877.98894 3943.74036 1318.7783 4221.37193 5118.40552 5435.60498 3800.07759 6262.18624 4484.43988 5768.47718 4797.22024 5350.60405 3203.88889 6407.98354 4367.15402 4622.54086 4986.73635 6472.29591 4306.33824 4387.65005 5030.1337 4854.04213 4366.80501 3468.28002 4313.39174 5193.86879 4404.6638 4902.09814 4957.53699 5623.47659 3541.42373 4396.44322 2710.72516 4139.59517 3069.9994 2476.00081 4314.71355 6062.14385 2105.99858 4555.15049 4068.30087 3924.51844 4315.40546 3175.56707 2908.32357 2904.00198 4505.04528 3062.29538 4014.45787 3669.71075 4945.91195 4817.71941 2106.08642 4772.86276 1697.71847 3341.5671 2534.5791799999997 3118.07012 3703.2884 4343.58032 2649.00472 5098.48811 2969.30766 5155.79011 4977.87957 4138.09546 4790.24269 3370.05465 3680.93589 2307.52693 5022.63805 3802.35769 5117.68356 6217.63315 6093.53429 1265.78829 5123.26849 4921.98344 6229.00008 1379.09318 3983.11486 4933.56767 1429.42326 
6335.48698 5284.02716 6940.74607 6914.73367 4203.99855 5618.13866 6182.36844 0 8874.94173 2765.12604 7874.38344 5895.54306 6593.03754 7035.63785 6662.97246 6762.44845 3750.8342000000002 1803.10718 4081.5355 5648.98522 10093.5576 11271.55725 6502.23436 3093.10359 2267.7738 10268.65137 6580.23509 7551.41166 4188.25728 6588.14481 7822.406779999999 4803.39076 7345.90566 4839.37393 2382.3576 9682.26198 7736.24799 10992.636129999999 2430.87412 10467.14144 7119.47621 2001.62724 7981.3256 9732.65745 2885.03202 7247.19901 3211.33176 8644.78675 4515.95403 5165.45483 5192.55477 6689.33121 4402.54472 3836.93562 7152.71905 4972.68459 5995.43495 9611.90116 5128.812449999999 9886.19851 7266.38411 7499.76706 4166.56033 8258.4855 8546.01912 5874.3656599999995 5749.07723 10887.47321 8375.87691 5226.74086 3875.83346 7467.305869999999 4134.65416 5014.67377 4496.01924 5371.83479 2039.36902 5938.38581 11164.58817 7355.39258 6756.01103 3567.53607 9088.0101 10943.004840000001 4887.49435 6222.0589 7773.22649 11115.81007 9712.38385 1078.56061 8515.40075 12245.68046 4952.16236 3108.0423600000004 4669.37951 9141.97089 4822.78861 8009.06936 6096.46078 6307.23625 
5073.07886 3942.86827 5140.48973 3701.4591800000003 6075.52211 5353.95639 3033.61583 8874.94173 0 7977.30337 7321.62304 3310.73058 6549.061189999999 4781.17109 2453.87306 2516.25476 5401.6665 7362.52418 6977.35619 4335.35246 3872.90718 3445.14862 5673.14022 6140.48076 8903.0406 1980.46565 8471.21491 4234.95561 6751.48317 3598.79477 8862.52176 5557.764259999999 6946.78648 7941.194659999999 9020.82197 4796.93951 6503.3178100000005 4195.40417 7050.99139 3243.00247 5712.97208 6974.04244 4357.51521 4922.29604 7737.06977 7379.38969 7645.04919 4729.34042 7415.40766 5633.13243 7030.37254 5480.98832 5509.61664 7344.19853 8691.18938 5122.57274 7377.4358 1148.47421 6829.12879 4390.97279 5294.235159999999 4808.00759 5936.80891 3280.98908 859.46146 6763.39804 6703.326580000001 4186.06092 6681.38511 5060.54473 6377.38233 3755.83459 6375.1569500000005 4048.0530200000003 4798.90092 6562.15215 7225.31556 3444.23243 4034.5494999999996 4986.92099 5213.56481 6705.18978 2946.55365 3245.81269 4624.09386 6315.76187 3906.95024 3902.2694899999997 2141.59656 7880.16661 5436.5943800000005 4286.07198 4068.27361 7029.2400800000005 7955.599270000001 5069.04305 4206.202670000001 5829.81072 7686.16453 4463.03909 
7193.04375 4292.67047 7809.94661 5323.22863 2161.87707 3408.28403 4960.08246 2765.12604 7977.30337 0 5185.26656 4673.86799 4025.54375 4856.57316 6298.3763 6564.164220000001 2820.93779 3245.38923 1512.76237 4054.7662299999997 8174.512919999999 9650.95332 7580.53418 3642.13882 3643.90116 9431.96188 3819.48769 8083.73158 5688.64167 6705.54353 5059.05206 5791.03281 4690.17004 2076.01921 3484.90995 7511.97371 5156.47719 9101.65858 3938.76592 8757.77587 4683.19261 2447.62109 8510.54276 7542.59261 1830.21665 4527.24168 4693.69155 6451.0889 1806.27925 2935.81914 2517.24099 4328.9509 2550.70853 1127.26084 4392.22236 3139.49032 3242.223 8944.61458 2498.61492 7822.8695099999995 4929.48679 5289.14274 2317.9001 8438.38321 7860.19243 3235.66468 3182.63153 8983.04722 5787.17651 3255.43146 5205.40969 5723.741 1861.19451 4992.45546 4867.73633 2794.23997 1439.5402 5957.3794 9377.75836 5089.50548 7658.70805 5053.500980000001 8746.75984 9314.64981 5416.68826 3668.57588 5836.01589 9345.0214 8762.440149999999 2454.68797 9327.2489 10590.06818 4036.63845 4739.796249999999 1904.2723 9746.5204 3910.68632 5553.9206 3344.72301 4480.52899 
9700.97067 5385.75575 10195.40936 4313.90971 3977.28634 2943.44866 5121.57046 7874.38344 7321.62304 5185.26656 0 5052.53243 1684.6044700000002 2591.41046 7275.8667000000005 7551.50221 5592.18383 7581.11883 3794.58825 4108.00803 5054.53471 6904.51229 10301.55449 7284.831 8053.588170000001 8488.57049 2093.23315 9903.79937 9406.74237 8297.911680000001 1689.93757 8864.19635 602.81822 3272.55802 8515.96572 3813.80679 832.71183 5779.92604 8132.02072 6002.798760000001 1706.01346 6783.65068 10262.43689 3733.17128 6660.46432 684.63494 8975.92073 3048.7677700000004 3442.09369 3177.6157000000003 2681.82867 2057.53445 4111.035110000001 4084.20727 2010.59777 3862.53332 1953.50966 8463.89816 2747.83861 4323.10409 2053.53013 2514.64919 4090.57736 9612.76663 7764.60205 2008.6941 2238.73417 5673.2319 981.06982 3628.88024 8829.81546 4142.80802 3916.62138 7068.69868 7564.94554 2541.32662 5986.31247 7664.99537 6272.20735 2335.19164 10125.43456 8875.7389 8955.13487 6621.643029999999 7874.1042 1806.69117 3614.54423 6311.51052 7756.189200000001 6981.45078 11326.30434 7591.44205 5522.75501 8771.02314 3412.11445 11347.62715 5491.1655900000005 1585.39837 1958.10572 3692.91546 
4767.99123 1223.60411 5191.33124 1268.46246 2772.85178 3038.04792 294.15642 5895.54306 3310.73058 4673.86799 5052.53243 0 3698.4951 2603.75191 2809.18923 2526.5045 2298.68223 4617.50189 3685.32658 1024.62188 4445.98302 5389.07061 5379.767 3550.19788 5978.59412 4763.74569 5599.42577 4854.93137 5145.73846 3245.70485 6283.86227 4232.11354 4592.69643 4747.37414 6193.03157 4479.29384 4344.0793 5271.77235 4618.1422999999995 4638.93008 3416.6728 4029.79962 5235.68475 4558.47485 4653.26559 4868.9307499999995 5409.29116 3653.72166 4153.69245 2526.14178 3927.05449 2994.99917 2206.94631 4048.68188 5913.69022 1811.84216 4383.16472 4328.7504 3714.05398 4477.44211 3147.68264 2935.89816 2634.42461 4640.1109 3310.45506 3846.91492 3499.98549 5240.06837 4796.10613 2112.64775 4664.53838 1870.67256 3064.42637 2828.7356 2967.71444 3548.31447 4208.16744 2640.81389 5360.7821300000005 3263.4640799999997 5147.59928 4786.74723 4400.574790000001 5065.17769 3128.72898 3901.63187 2456.47298 5283.62726 4096.51411 4898.8402 6273.8328 6366.40259 1004.61535 4911.89006 4717.66981 6325.13162 1110.79521 3988.08475 4760.0666 1723.5796799999998 
8261.10359 3959.02829 8765.75439 3181.48094 2520.03671 1463.56414 3820.98599 6593.03754 6549.061189999999 4025.54375 1684.6044700000002 3698.4951 0 1774.6730400000001 5950.8107 6224.9996 4104.1094 6149.13205 2533.54495 3120.65598 4784.06281 6590.09256 8848.66245 5864.96746 6773.44666 7619.28901 2307.87608 8529.64571 7920.22233 6920.44522 2602.03401 7384.325999999999 1662.06434 2450.76891 7190.70581 3802.6613 1150.75671 5680.19868 6668.9916 5642.89748 837.42761 5352.75751 8910.42512 3793.85095 5322.9907 1173.98136 7517.06811 2927.15587 2351.45253 1955.9122000000002 1563.70873 1446.94002 2759.8334 2900.25309 2560.95685 2810.05657 1207.0203 7568.45825 1554.09832 4348.08438 1869.45437 1830.11135 2611.09039 8314.69356 6658.0947 847.56711 843.96031 5549.41664 1828.94263 2509.2509800000003 7342.48104 3359.31007 2484.51223 5676.97183 6086.71026 1231.30378 4651.56441 6262.27925 6090.1009 1562.1402 8691.32468 7388.41648 7835.397999999999 6273.08162 6403.67153 1416.58117 2832.1476 6098.34609 6964.81769 5640.97861 9951.14184 7405.35617 4295.36889 7290.706 2606.55555 10023.62672 3987.35652 1599.7016899999999 1498.18557 2413.72741 
7348.3571 3080.8059 7795.08315 1723.39694 2876.12326 2073.28571 2656.74636 7035.63785 4781.17109 4856.57316 2591.41046 2603.75191 1774.6730400000001 0 4744.59882 5019.13309 4114.99656 6227.65842 3362.15705 1934.25167 3395.67681 5089.92043 7977.46733 5546.8309 7173.04322 6040.132799999999 3786.55846 7406.26235 7485.031599999999 5816.71007 4081.41262 6724.36592 2165.61539 3772.6753 7539.70636 2679.90168 1866.67967 4322.37724 6543.9469 4214.4259 937.24543 5472.20184 7785.47357 2716.42578 5690.92479 2606.18162 7393.56437 2415.16484 3531.60087 1920.75402 2787.92486 2294.91714 2700.78558 3790.51303 3948.09465 2112.00379 2901.15459 5929.60471 2696.92129 2984.51152 2691.53115 466.46972 2876.55436 7054.52534 5205.58275 2247.28547 2015.43172 4197.13962 2197.22962 2412.80938 6929.3521200000005 1594.91818 3009.18454 4796.79278 5420.15507 2379.0742099999998 4996.33245 5242.71247 4705.120199999999 2699.77358 7744.54292 7028.74249 6368.69045 4763.50428 5654.34674 2030.64106 1580.0082200000002 4658.66558 5294.15107 6011.07216 8828.78405 5957.81795 3266.16595 7048.31184 3833.8185000000003 8796.08333 3374.92929 1562.8683700000001 3170.05196 1227.3231 
2979.7822300000003 2554.12365 3229.35442 3208.38112 4863.85031 4606.51104 2515.0328099999997 6662.97246 2453.87306 6298.3763 7275.8667000000005 2809.18923 5950.8107 4744.59882 0 1944.20335 3541.33647 5070.58468 5652.0575 3270.52901 5497.08332 5841.617560000001 3789.04727 3749.20005 6675.0760900000005 3692.82074 7830.8584 2927.59791 4309.3373 1766.92461 8538.33034 3129.98802 6776.831819999999 6922.10002 6722.60836 6066.4403999999995 6534.59448 6098.14865 4658.47883 5230.00956 5622.57098 4806.65424 3114.0076200000003 6095.43969 5619.531059999999 7102.31828 5208.52426 5431.87781 6195.43937 4692.21822 6092.59602 5224.29036 4374.8305 5947.48224 8160.27414 4185.8049200000005 6609.40133 2969.80168 5877.51929 5991.018459999999 5329.858029999999 4996.62686 4799.60311 2378.52664 3313.33452 6081.77951 5742.99338 6052.7393 6932.58768 4087.57948 3923.50927 3532.4057 5026.95862 1719.19342 2482.11082 5707.8792 5267.42784 1002.44701 5994.20708 5084.27478 3299.73607 4319.66819 3538.68508 5427.36778 2448.76891 5798.49334 4198.30156 5861.92707 3268.05416 5726.43493 4199.91499 6605.4465 2890.46425 4581.04901 6793.78996 4075.78851 2661.9209499999997 6089.04344 6987.8323 3583.71422 
3303.14788 2693.7803599999997 3467.34825 3398.8928100000003 4965.25931 4874.42766 2820.6609200000003 6762.44845 2516.25476 6564.164220000001 7551.50221 2526.5045 6224.9996 5019.13309 1944.20335 0 4030.3678 5150.77392 5894.519770000001 3551.1263799999997 5725.89182 5961.40338 3728.3566 3913.86149 6771.584209999999 3681.18595 8091.70964 2405.66186 4251.14782 1706.23394 8810.36677 3041.5095 7119.200929999999 7074.07958 6834.25936 6257.19427 6809.65932 6282.22524 4694.81267 5427.7258600000005 5893.96064 4960.10788 2835.5758 6336.58346 5759.18777 7395.4352499999995 5207.7377 5684.70307 6436.45648 4946.36685 6376.084650000001 5498.42859 4417.35905 6173.75817 8428.29906 4338.34666 6873.69631 2925.37604 6164.41488 6041.06025 5575.58652 5310.86471 4812.90421 2113.6064 1854.47567 6360.977500000001 6015.095380000001 6241.48343 7215.00836 4349.80471 3881.3871 3795.00442 5265.941870000001 1858.85013 2386.83808 5968.53299 5428.08852 941.75634 6136.48515 5419.89465 3448.54173 4305.4065200000005 2325.56165 5572.22128 2457.55599 6099.11088 4460.20414 6024.40702 3703.7569300000005 5872.20998 3828.1835600000004 6727.20455 3030.1209599999997 4630.59397 6989.23016 3801.46353 2675.22205 6361.83441 7248.68354 3996.05191 
4614.69392 1706.26639 5211.03637 3364.95305 1785.11204 2713.44246 2592.8386499999997 3750.8342 5401.6665 2820.93779 5592.18383 2298.68223 4104.1094 4114.99656 3541.33647 4030.3678 0 2408.35566 2640.51538 2707.93239 6590.88044 7678.5005 5138.0154 2232.41493 3698.00146 6840.04686 5245.18875 5352.36363 3820.18141 3899.84256 6279.30609 3433.31982 5013.02164 3802.89626 3919.64125 6356.07094 5141.42454 7465.21109 2667.35613 6891.25025 4311.3827 1749.20696 5782.27757 6432.26002 2622.39178 5134.56365 3513.7793 5376.09468 3148.2079 3100.35621 3394.45476 3812.44279 2351.01751 3283.3717100000003 5725.09642 2939.7993 4149.95982 6269.16123 3206.84127 6470.76633 4271.27077 4337.60141 2357.31551 5617.44542 5159.10034 3751.49943 3458.81844 7370.30355 5739.05445 2968.44166 3245.39751 3940.68268 2011.92569 2171.51767 2264.06869 3234.1625000000004 3070.8889900000004 3136.44161 7601.54333 4578.58494 5083.91316 3284.30708 5988.29667 7352.093620000001 2668.22507 3789.18263 4368.01903 7537.05148 6235.47272 2672.27359 6653.07102 8654.5744 1386.40542 3233.93002 3782.24784 7001.92811 2167.50494 5154.4562000000005 4459.984350000001 2887.67346 
4720.33526 3948.54125 5336.9623 5769.452090000001 3629.11119 4942.52977 4877.98894 1803.10718 7362.52418 3245.38923 7581.11883 4617.50189 6149.13205 6227.65842 5070.58468 5150.77392 2408.35566 0 3899.98628 4605.63543 8989.63532 9985.272570000001 4938.69234 1329.81578 1620.81029 8724.76624 6690.13184 5903.65624 2775.843 4934.08239 7882.98835 3192.84826 7008.277700000001 4980.0262 1683.48544 8752.72668 7268.23693 9853.507880000001 1509.83668 9239.203379999999 6528.17772 797.76814 6319.18832 8820.0497 1681.17292 7009.7302899999995 1537.53179 7767.25511 4440.89946 4529.89062 5016.71144 6042.43403 3649.9779900000003 3778.47827 7262.86651 4115.65463 5822.51157 8040.38636 4892.92479 8876.45177 6587.904130000001 6688.85947 3543.79486 6598.25957 6937.94078 5586.23281 5378.29588 9757.00448 7897.18083 4406.63647 2510.47444 6339.3054 3695.9034 3526.1266100000003 2843.1989 5041.01676 1851.3615399999999 4300.32801 9962.08266 6584.78648 5157.1019 2175.96164 7448.39903 9664.74056 3228.39434 5797.323 6749.90852 9891.04888 8205.23059 1114.74212 6913.51408 10961.987669999999 3616.85241 1689.31495 4811.75914 7510.51563 3736.98317 7384.44744 6047.95379 5296.02912 
7146.85077 3483.59369 7739.877 4059.86399 929.26046 2192.3559800000003 3943.74036 4081.5355 6977.35619 1512.76237 3794.58825 3685.32658 2533.54495 3362.15705 5652.0575 5894.519770000001 2640.51538 3899.98628 0 2824.25897 6731.21185 8298.30679 7669.9888900000005 3951.2481900000002 4259.96068 8404.37412 2830.17756 7833.52996 6138.30241 6299.87009 3987.95148 5985.119489999999 3264.38019 1270.04252 4724.6889599999995 6029.49851 3678.92607 7671.66807 4629.43954 7378.3793 3170.8379 3177.3679 8229.1426 6039.89776 3194.21245 3173.25401 5391.39027 5096.57351 1269.93412 1717.02021 1147.91138 2941.90972 1494.15598 1004.41636 3402.91223 1910.10471 1934.03723 8011.64153 1047.27695 6346.653560000001 3421.00132 3819.19459 1085.29528 7952.45629 6983.77584 1792.83016 1689.59906 7539.29738 4316.14048 1984.3789299999999 5588.00081 4390.99898 628.58969 4678.11139 4794.63475 1303.52484 2632.43682 5535.39249 7966.91576 3728.31549 7615.42179 5533.4941 7985.99236 7957.05228 5199.31544 2235.4217200000003 4442.68632 7942.55154 7697.62171 3196.91805 9195.318870000001 9210.637 3326.15394 5315.0571 1141.73246 9479.206450000001 3222.9774399999997 4073.75317 2148.23695 3212.4611699999996 
5601.90414 1648.14047 6087.85102 1309.98053 2069.96317 2570.01913 1318.7783 5648.98522 4335.35246 4054.7662299999997 4108.00803 1024.62188 3120.65598 1934.25167 3270.52901 3551.1263799999997 2707.93239 4605.63543 2824.25897 0 4446.56051 5710.17513 6213.43617 3765.82647 5754.31499 5588.72445 4575.21202 5824.25995 5630.96049 4215.06845 5358.44391 4889.88395 3568.07455 3850.80789 6053.5948 4170.52798 3450.43548 5343.65091 4855.85183 4856.53374 2746.94744 3900.12115 6205.04835 4239.57793 4307.70252 3869.63701 5629.94361 3212.48875 3259.84431 1501.5199 2931.2376999999997 2906.46489 1504.0576999999998 3219.54733 4891.13177 915.27591 3358.54284 5235.01079 2718.79771 4297.2212 3158.8575400000004 2259.18924 1857.55458 5647.47315 4263.5483 2822.29304 2475.36361 5238.51592 3958.55984 1216.0815 5062.6421 1818.32065 2232.61603 3229.25544 3582.71866 2523.69259 3664.4241 3559.79157 5532.78225 2851.5433700000003 6022.51173 5201.94512 5353.668030000001 5375.26455 3841.0217300000004 2877.00999 2182.47607 5480.51321 4878.13087 4571.24545 7244.83292 6675.36348 1429.21307 5236.03642 3849.43968 7346.3175200000005 1440.67762 3209.25069 3736.52726 706.92857 
8439.61166 5136.20656 8698.73302 3234.94451 6137.69654 4773.28325 4221.37193 10093.5576 3872.90718 8174.512919999999 5054.53471 4445.98302 4784.06281 3395.67681 5497.08332 5725.89182 6590.88044 8989.63532 6731.21185 4446.56051 0 2010.13699 9091.06429 7994.41167 10200.8755 4408.69016 6842.8072 7916.10896 9454.02904 6673.535809999999 6726.319689999999 8416.42442 4934.57184 7138.38392 10495.6395 1296.05941 4256.70386 942.42748 9057.93807 1062.89468 4062.03363 8333.25821 8120.20907 1396.83714 8748.70436 5388.01545 9844.84852 2005.76694 6847.82739 5239.85773 6168.08431 4132.52035 5763.14744 7167.266750000001 6760.51573 5174.36565 5991.0831100000005 4788.20878 6043.1457 1183.73821 3524.13067 3469.80555 6094.57117 7086.61414 4688.47364 5565.50276 5381.38365 810.05679 4096.31682 4965.79003 8946.64742 2765.0230500000002 6314.057739999999 6540.15644 7309.54629 5755.36762 8091.45137 6447.72658 1309.44339 3345.39507 8702.50562 9192.709470000002 5736.75736 1735.59786 7322.96389 4998.86217 2356.26705 1331.18293 3795.08643 9016.69256 9173.04993 2638.29769 5444.41117 9343.93584 7199.55566 8817.65281 5537.86177 3469.13634 6278.8688600000005 3798.05026 
8484.82799 6036.73132 8583.67206 4401.57165 7578.42375 6343.69766 5118.40552 11271.55725 3445.14862 9650.95332 6904.51229 5389.07061 6590.09256 5089.92043 5841.617560000001 5961.40338 7678.5005 9985.272570000001 8298.30679 5710.17513 2010.13699 0 9118.288840000001 8875.15236 11354.16374 3271.9757 8697.76713 7678.26844 9949.141 6996.77883 8594.44986 8803.14268 6815.84786 8854.430499999999 11581.93878 3304.07175 6137.97988 1595.9707 9891.62459 947.24231 5765.11171 9418.34041 7771.51324 3295.70099 9960.85202 7279.35599 10603.86342 3934.44175 8493.09726 6799.48827 7872.36616 5822.8098 7131.59782 8723.036 8659.16665 6552.07219 7797.11286 3921.51629 7735.184929999999 2630.82972 5318.74457 4882.11416 7510.246289999999 6658.08839 4304.61008 7326.26303 7105.352150000001 1463.60001 6026.40641 6396.01704 9504.60799 3929.82468 7802.80494 7035.64105 7838.20879 7392.91219 9355.031140000001 6681.4669 1058.17507 5032.56455 8658.71343 9793.53445 5070.33174 1900.55811 7770.20341 6764.2922 3894.75596 977.74908 3063.41113 10197.27456 8820.24933 977.67275 6373.07192 10046.85953 8882.23261 8232.91802 6491.09205 5350.19944 8087.31797 5170.70595 
1513.4641900000001 4951.20474 1642.3208399999999 6508.0925 6862.52446 7385.09831 5435.60498 6502.23436 5673.14022 7580.53418 10301.55449 5379.767 8848.66245 7977.46733 3789.04727 3728.3566 5138.0154 4938.69234 7669.9888900000005 6213.43617 9091.06429 9118.288840000001 0 3950.79435 6389.670969999999 6435.598959999999 10315.09816 1727.0938 2442.35644 2744.78624 11270.113659999999 1824.16831 9744.18502 8903.0492 6166.44801 9553.92054 9663.871650000001 9658.67772 4075.5426899999998 8811.33168 8736.5349 5246.34463 1953.31129 9665.21267 6100.94738 9974.6604 3993.50859 8921.8036 8283.81686 7269.36428 8471.86718 8278.61565 6449.32283 7757.32351 10763.06541 6521.91805 9161.716760000001 5596.4273 8261.06046 9413.68295 8512.07454 8315.66516 6703.37974 2892.20504 4844.63848 8717.43196 8379.92506 9620.82626 10157.92699 6767.25092 2849.69257 7024.531120000001 7109.1209 3233.2612 2895.8164500000003 8216.91572 6171.745720000001 2786.60026 9485.18424 8352.56278 1449.29025 2941.75356 4496.20918 8880.54706 2700.60077 8600.34837 7678.31448 9382.3905 6331.91407 6028.12111 2075.0241 9959.2122 4832.90323 3425.49982 8809.53701 2840.99437 4874.96739 9365.6556 9502.02763 6750.70137 
3618.49098 2870.6299 4244.96608 4777.13596 3453.36945 4426.55865 3800.07759 3093.10359 6140.48076 3642.13882 7284.831 3550.19788 5864.96746 5546.8309 3749.20005 3913.86149 2232.41493 1329.81578 3951.2481900000002 3765.82647 7994.41167 8875.15236 3950.79435 0 2946.40187 7419.40591 6769.69261 4728.67532 2215.15938 3736.58275 7884.080679999999 2159.18549 6705.55031 5179.72132 2973.40831 7909.347470000001 6846.44506 8819.52606 1145.28699 8151.63668 6004.3859 1495.91658 5158.35034 7984.76199 2368.63295 6798.61003 2155.79356 6978.31522 4558.24462 4203.8539200000005 5003.18283 5516.87964 3263.80711 4166.58533 7282.31151 3526.04892 5747.05675 6718.37666 4788.1061 7961.41156 6125.26932 5992.64291 3253.87707 5311.0218700000005 5608.125 5395.98601 5122.86482 8733.536250000001 7446.2837 3826.5244 1637.41809 5377.50918 3553.27567 2334.08135 1529.59145 4852.59518 2220.95137 2972.10515 8882.4974 5927.58948 4079.76887 1604.52174 6118.58325 8530.79715 2695.16774 5478.13983 5865.49648 8810.75776 6920.8347 2186.44003 5804.49485 9816.67131 2550.12568 1501.48094 5026.2292 6330.11572 2461.04388 6833.85544 6031.20772 4472.75504 
6243.98887 5346.85059 6863.052909999999 7009.39084 4367.15749 5762.93719 6262.186240000001 2267.7738 8903.0406 3643.90116 8053.588170000001 5978.59412 6773.44666 7173.04322 6675.0760900000005 6771.584209999999 3698.00146 1620.81029 4259.96068 5754.31499 10200.8755 11354.16374 6389.670969999999 2946.40187 0 10290.4859 6775.23977 7483.62932 4043.6021 6554.48099 8020.06534 4795.47307 7524.208140000001 5037.802 2752.63028 9810.96224 7905.49771 11095.4652 3130.64697 10557.845730000001 7311.06013 1948.7945 7888.67777 9863.71099 2832.19928 7425.379720000001 3158.34208 8777.82836 4655.03362 5333.639929999999 5407.87206 6841.58936 4533.84969 4015.11633 7347.50332 5098.50615 6150.25666 9624.72216 5307.23763 10005.62092 7434.6207699999995 7639.51294 4328.102800000001 8209.47124 8540.5898 6052.79084 5933.85637 10992.83091 8558.080450000001 5357.60702 3769.94881 7565.35807 4345.67957 5009.24445 4464.00919 5545.46481 2204.36096 5918.50702 11259.06055 7497.46924 6668.566409999999 3451.59239 9063.11122 11024.12257 4845.73544 6391.30816 7889.286399999999 11197.98598 9757.03554 1189.21319 8426.49964 12327.16322 5014.13119 3041.27237 5014.18449 9056.61443 4885.61204 8165.75563 6288.77802 6416.08798 
5909.600479999999 5286.98895 5824.67999 4521.471 7525.91763 6753.3834099999995 4484.43988 10268.65137 1980.46565 9431.96188 8488.57049 4763.74569 7619.28901 6040.132799999999 3692.82074 3681.18595 6840.04686 8724.76624 8404.37412 5588.72445 4408.69016 3271.9757 6435.598959999999 7419.40591 10290.4859 0 9789.89448 4805.99053 7861.69174 4299.50009 10090.90224 6646.35253 8160.56352 9345.14519 10387.485630000001 5522.76795 7656.24149 4393.59625 8351.29957 3479.83462 6945.93593 8377.438619999999 4802.92837 5644.48403 9121.86341 8614.63 8888.5505 5646.07341 8827.89819 7045.62296 8433.34958 6765.91938 6960.01216 8799.15343 9936.9052 6504.00036 8652.92881 1739.1042499999999 8241.36695 5086.62067 6495.08006 5993.14817 7388.00525 3670.80073 1828.70719 8118.36429 7808.18799 4445.32776 7767.40375 6509.228139999999 7547.5627 4445.21462 7808.89201 5360.052540000001 6056.54439 7947.87015 8667.25689 4622.94229 3962.68077 6193.6622099999995 5939.93801 7902.241300000001 2018.03666 3221.87651 5823.65281 7641.57999 4880.16321 3830.40076 745.9819 9276.04269 5881.95094 3862.00634 5595.0491999999995 8251.84616 9311.64712 5054.70128 5606.04897 6945.67933 9019.236280000001 5416.741349999999 
9782.12743 5689.13799 10345.79425 5305.62739 3518.0778600000003 3236.98085 5768.47718 6580.23509 8471.21491 3819.48769 2093.23315 5599.42577 2307.87608 3786.55846 7830.858399999999 8091.70964 5245.18875 6690.13184 2830.17756 4575.21202 6842.807199999999 8697.76713 10315.09816 6769.69261 6775.23977 9789.89448 0 10267.48543 8967.36132 8678.76379 1249.26939 8678.46254 1963.85463 1743.53692 7274.32725 5721.55907 2641.18231 7687.17155 7413.48137 7753.24068 2955.80852 5926.7043300000005 10665.70298 5679.47128 5562.918680000001 1499.13308 8203.51071 4837.04026 2252.18205 3154.50804 1948.79457 3034.82009 3975.76892 2931.20046 572.73467 3920.28889 1221.45707 9619.689120000001 2099.82791 6241.6945 3611.98619 3946.90626 3617.53093 10204.95585 8742.87138 1765.79259 2107.17994 7554.80086 3046.04875 3755.57178 8406.77766 5366.08625 3240.40892 7178.464319999999 7493.49684 2139.15544 4976.16248 7958.36723 8139.77948 3720.47645 10245.36806 8360.05598 9879.78608 8389.48274 7846.85937 2155.46236 5040.51429 8161.79637 9044.508 5867.45678 11665.1766 9464.54357 5655.6691200000005 8145.23466 1915.21539 11844.359250000001 5579.80331 3428.28963 843.0261 4484.7105200000005 
1579.51079 4597.58774 1061.68639 5804.5546699999995 6939.57441 7122.95922 4797.22024 7551.41166 4234.95561 8083.73158 9903.79937 4854.93137 8529.64571 7406.26235 2927.59791 2405.66186 5352.36363 5903.65624 7833.52996 5824.25995 7916.10896 7678.26844 1727.0938 4728.67532 7483.62932 4805.99053 10267.48543 0 3848.02599 1609.22652 11082.38165 2802.55473 9392.334499999999 9065.61604 7349.345630000001 8579.90806 9184.03406 8376.1828 5151.59002 7443.31888 8260.97434 6001.70517 429.91394 8701.444590000001 6885.10771 9683.49485 5295.8479 8076.75677 8405.71978 7124.312040000001 8460.30178 7849.60375 6440.94977 8021.85247 10650.94822 6354.275000000001 9062.32917 3984.84507 8249.09315 8291.64791 7961.30869 7678.15876 6775.75479 1562.04158 3377.00059 8559.2613 8214.49992 8355.06918 9601.109989999999 6551.3454 3828.07899 6200.6662799999995 7220.63134 3180.84596 3236.62247 8131.2711 6784.311680000001 2373.70412 8136.89259 7752.69824 1256.17289 4201.05965 2828.12305 7480.76286 2797.7693600000002 8342.22662 6860.39095 8013.45699 4785.09791 6885.17388 1422.5217 8479.21892 4611.97767 4670.65718 8952.25428 1665.49212 4691.38146 8760.55078 9428.0454 6221.01792 
2850.7708100000004 4488.95634 3015.22975 6392.80134 5569.82983 6492.3897 5350.60405 4188.25728 6751.48317 5688.64167 9406.74237 5145.73846 7920.22233 7485.031599999999 4309.3373 4251.14782 3820.18141 2775.843 6138.30241 5630.96049 9454.02904 9949.141 2442.35644 2215.15938 4043.6021 7861.69174 8967.36132 3848.02599 0 3571.8715 10056.24965 1383.88265 8827.96375 7365.124599999999 3749.02041 9590.6847 8915.31362 10186.53351 1814.40486 9395.17004 8051.72346 3242.00756 4199.48021 9684.55766 4003.60745 8952.17985 1551.15215 8777.14025 6740.63271 6248.046969999999 7159.81554 7564.00155 5308.00016 6146.37069 9469.42205 5581.37927 7921.20559 7099.231000000001 6974.025439999999 9551.09821 7939.9106 7889.18069 5422.41505 4861.71312 6063.89718 7561.16777 7276.43464 10119.86764 9505.28574 5882.18486 577.74129 6985.63397 5737.66303 3051.98398 2355.89882 7022.13678 4250.61407 3309.39148 10146.00261 7859.00159 2822.19916 1184.7923 6153.78648 9669.8803 2178.93759 7608.97233 7569.364149999999 10047.67835 7577.391460000001 3836.89784 4515.54205 10914.71409 4237.895 1421.99066 7197.51131 5246.66446 4199.76618 8814.81267 8213.67835 6304.193789999999 
1818.91066 2996.03555 2071.66986 4293.91444 5400.26379 5524.49852 3203.88889 6588.14481 3598.79477 6705.54353 8297.911680000001 3245.70485 6920.44522 5816.71007 1766.92461 1706.23394 3899.84256 4934.08239 6299.87009 4215.06845 6673.535809999999 6996.77883 2744.78624 3736.58275 6554.48099 4299.50009 8678.76379 1609.22652 3571.8715 0 9480.82946 2395.16622 7783.143 7526.30215 6523.61222 7138.03005 7589.78415 7199.544099999999 4341.58232 6375.76367 6660.90731 4869.30055 1989.9799 7253.0739 5726.25705 8074.26833 4728.11728 6575.01711 6875.39126 5530.6655 6881.50514 6240.37723 4883.10434 6534.59142 9052.38112 4798.15248 7474.19837 3527.3595 6668.13878 7054.45479 6379.45596 6097.07356 5237.11724 1734.25632 3559.8031600000004 6960.79593 6615.03895 7157.19896 8013.32453 4949.74828 3304.43777 4676.80948 5693.822829999999 1741.93484 2244.14141 6540.19854 5504.82425 764.4776 7034.75835 6173.196550000001 2256.3851999999997 3686.40288 2618.30059 6661.43892 1719.35482 6734.76154 5341.26745 6920.27232 4366.418900000001 5768.32652 3030.69662 7572.46182 3332.37615 4082.74408 7421.17006 3274.71864 3119.80031 7181.69813 7840.95716 4620.88844 
10708.48752 6484.79391 11248.09551 5757.795899999999 4503.2801500000005 4065.59815 6407.98354 7822.406779999999 8862.52176 5059.05206 1689.93757 6283.86227 2602.03401 4081.41262 8538.33034 8810.36677 6279.30609 7882.98835 3987.95148 5358.44391 6726.31969 8594.44986 11270.113659999999 7884.08068 8020.06534 10090.90224 1249.26939 11082.38165 10056.24965 9480.82946 0 9696.197919999999 1976.8898800000002 2983.03285 8517.1841 5452.01798 2487.69974 7456.08185 8598.44014 7686.2999199999995 3151.56755 7105.92992 11470.7555 5395.789220000001 6779.89528 1488.8069 9379.34166 4723.75454 3501.45144 4004.4421700000003 2916.95081 3408.09698 4836.97809 4180.4698499999995 677.83258 4768.15446 2138.43237 10010.981909999999 3097.42735 6013.04166 3596.45951 4125.61273 4647.25381 10908.84714 9239.44598 2561.60985 2892.49028 7325.00826 2633.4747 4541.55007 9492.22471 5672.99083 4333.12867 8105.22538 8443.43854 3065.9165 6208.00906 8788.04487 7955.44216 3898.88202 11156.1661 9474.76208 10412.89609 8311.5806 8810.386779999999 2863.9905200000003 5213.76802 8001.44809 9347.73711 7090.28885 12495.4693 9272.902829999999 6503.41272 9286.12993 3154.77976 12608.99389 6446.50663 3265.91871 2092.29549 5015.76142 
1559.9336999999998 3660.23675 2144.11404 5473.38451 5218.431860000001 5920.76186 4367.15402 4803.39076 5557.76426 5791.03281 8864.19635 4232.11354 7384.325999999999 6724.36592 3129.98802 3041.5095 3433.31982 3192.84826 5985.119489999999 4889.88395 8416.42442 8803.14268 1824.16831 2159.18549 4795.47307 6646.35253 8678.46254 2802.55473 1383.88265 2395.16622 9696.197919999999 0 8292.47689 7211.94168 4555.53784 8656.44224 8295.45056 9110.734100000001 2382.15046 8289.38629 7388.180969999999 3456.06279 3194.21242 8756.1164 4315.6156 8476.29675 2506.30784 7884.87622 6550.0513 5737.23636 6826.53939 6907.68304 4859.21983 6024.54065 9158.41624 5031.61359 7575.56332 5842.6094 6640.1610900000005 8568.99032 7227.12693 7112.1612 5083.70943 3700.2389700000003 4854.24535 7143.77218 6830.99773 9050.51822 8836.27325 5332.41918 1025.52426 6064.6876 5442.99568 1982.00908 1308.99809 6630.76228 4379.64576 2127.81038 9038.93311 7111.11306 2128.11441 1398.50492 4946.81766 8544.818169999999 1115.98157 7102.79734 6659.78716 8935.74282 6335.16827 4243.88795 3755.79936 9733.37429 3463.40218 1869.77363 7052.69438 4342.10091 3456.56896 8099.13464 7891.9090400000005 5513.31017 
9148.13085 4979.93145 9649.78435 3869.67453 3457.17018 2453.05979 4622.54086 7345.90566 6946.78648 4690.17004 602.81822 4592.69643 1662.06434 2165.61539 6776.831819999999 7119.20093 5013.02164 7008.277700000001 3264.38019 3568.07455 4934.5718400000005 6815.84786 9744.18502 6705.55031 7524.208140000001 8160.56352 1963.85463 9392.334499999999 8827.96375 7783.143 1976.8898800000002 8292.47689 0 3077.76501 7976.46902 3757.70444 677.86798 5732.86115 7558.852069999999 5878.92705 1607.30222 6210.50956 9773.1229 3717.22614 6129.357389999999 488.08298 8401.66704 2928.8049 2954.47339 2599.00232 2426.74789 2067.89136 3532.72051 3575.64889 1875.05847 3351.0724499999997 1773.1016599999998 8089.45301 2218.28966 4278.38017 1929.21965 2171.1315 3512.0193600000002 9116.1194 7351.860339999999 1797.3906299999999 1635.91595 5616.93707 1174.37302 3050.2668599999997 8251.11732 3749.37461 3352.71364 6510.92382 7022.39116 1988.51025 5443.52005 7127.86588 6196.85606 2236.53382 9576.52917 8296.56031 8527.25419 6522.65455 7309.47556 1228.37657 3284.08587 6245.24905 7429.643230000001 6455.2886 10803.74194 7521.96384 4919.93679 8190.73489 3218.82269 10848.520100000002 4888.34737 1465.69093 1761.7238200000002 3193.1176 
8416.89329 4681.16394 9009.91952 4852.04915 2126.04163 2623.00934 4986.73635 4839.37393 7941.194659999999 2076.01921 3272.55802 4747.37414 2450.76891 3772.6753 6922.10002 7074.07958 3802.89626 4980.0262 1270.04252 3850.80789 7138.38392 8854.430499999999 8903.0492 5179.72132 5037.802 9345.14519 1743.53692 9065.61604 7365.124599999999 7526.30215 2983.03285 7211.94168 3077.76501 0 5560.92916 6233.71198 3560.93886 8054.75443 5738.59539 7911.9435 3255.66906 4240.86278 9477.402730000002 6233.146479999999 3819.38176 2589.68203 6506.40185 5209.90077 1906.3409900000001 2491.38234 1217.64055 3061.23178 2656.72053 1227.32258 2316.2715900000003 2935.53198 1461.27865 9022.88535 1328.15687 6649.29989 3631.90886 4101.40878 2355.3378 9165.66389 8047.00193 1603.2018 1757.24358 7926.21959 4246.2123 2880.64993 6817.13941 5102.18488 1898.63221 5943.155229999999 6064.47982 1469.20965 3262.37995 6773.24988 8427.25827 3878.44144 8885.46431 6740.13331 9124.83181 8523.92122 6469.35796 2164.51034 4967.36588 8421.57307 8631.88361 4123.9883 10416.98277 9720.84141 4596.19646 6504.709709999999 171.74691 10707.113809999999 4422.78112 4016.06026 1654.11562 4014.53439 
