50
37 19 32 10 72 21 6 82 76 9 59 86 1 45 90 93 36 55 42 4 7 47 12 5 83 51 23 24 80 16 70 88 95 87 18 38 2 60 73 48 11 71 64 89 20 53 77 97 98 49
0 5604.49971 4642.92537 4858.34313 4752.72932 6217.75273 5398.71932 5021.34773 4216.41418 2046.16031 3143.32098 4312.76087 9332.90523 5258.32073 8551.69135 2334.77022 8333.87125 1812.3312700000001 4144.5693 9327.78484 1892.64365 2176.1732700000002 2250.4669 3693.83229 8018.66359 2247.7755700000002 2334.19879 5976.73498 1882.47523 4262.75087 2495.87665 7225.24145 5441.825629999999 6386.25086 4328.45192 6066.17946 1233.53841 6172.972659999999 4126.37371 2131.24494 8775.74208 1564.6792 4616.69254 7540.87614 5324.24247 5445.62482 4882.61361 4909.70793 5475.82295 6025.7942299999995 
5604.49971 0 9217.88289 2469.36705 3492.33185 2032.17483 7214.20144 5007.74061 5215.26011 7522.26595 7286.10172 2617.3011800000004 6860.74347 2242.42776 11586.10728 3925.19275 9702.43686 6715.83043 2694.8076 6678.56482 7009.89395 5244.68807 6379.55196 1910.66742 8799.29571 7580.60532 7934.17601 7549.81708 6093.80833 2567.29118 7556.79831 10183.363469999998 7414.51152 6838.74937 1965.07837 1965.0231899999999 6795.86486 8786.837669999999 5672.38598 5493.70057 6977.59342 4751.58731 8933.31389 5681.46777 8481.65249 6749.67258 1898.05479 2965.58139 4168.5444 9747.9257 
4642.92537 9217.88289 0 7663.23946 9068.610550000001 8895.71569 4011.6132199999997 5705.112520000001 4807.34116 3884.27395 1961.87181 6979.85816 9757.51874 8077.9037 4475.82585 6902.2389299999995 5850.1264 4016.96507 6784.72602 9893.79662 5336.817419999999 6385.25442 3446.17614 7468.85138 6105.88306 4162.16569 3811.89761 4407.52796 3205.62708 6945.94517 2921.64765 3506.60662 3821.29821 5628.4635499999995 7377.90468 8770.10063 4387.13175 3345.20976 4313.69957 3875.57132 8832.65408 6207.42894 723.80152 8101.80757 2349.28627 4537.44169 7409.95667 7114.32413 6803.40353 1776.90968 
4858.34313 2469.36705 7663.23946 0 3437.28061 1368.45351 5240.63517 3008.63441 3377.18178 6485.85923 5782.68825 683.3813 5430.12946 1512.87653 9683.909440000001 3822.0162100000002 7701.32927 5787.22789 894.51272 5729.55892 6750.98678 5191.79897 5279.91288 1841.88083 6806.35953 6898.019039999999 7132.07063 5567.46558 4749.96053 733.06821 6491.58786 8263.29232 5580.28855 4840.09277 583.00772 1524.61368 6091.88154 6895.43685 3778.20089 4053.77614 5336.2221 4580.3049 7320.49844 3971.45326 6654.72136 4819.05149 1602.74631 971.40002 2161.61652 7965.72025 
4752.72932 3492.33185 9068.610550000001 3437.28061 0 4017.84781 7958.14005 6126.23116 5990.11895 6797.82142 7134.40207 3619.17615 8768.90529 3490.8738399999997 12153.612379999999 4023.5604200000002 10829.123819999999 6030.257229999999 3692.17077 8613.35672 5689.1412199999995 3790.04617 5786.38928 1947.75383 9976.64192 6560.23489 7007.71289 8416.79209 5875.81939 3642.5196 6844.65492 10749.4839 8136.06735 7999.52224 3250.33012 4022.62844 5754.49746 9380.84964 6352.07682 5652.04205 8751.51993 3461.30395 8889.52062 7408.73387 8876.0344 7633.70933 2773.08006 4371.34318 5530.90409 9981.12732 
6217.75273 2032.17483 8895.71569 1368.45351 4017.84781 0 6486.12547 3746.56162 4290.08345 7849.61763 7075.36883 2019.34159 4946.80345 966.4352 10501.98991 4996.60855 8223.86363 7090.6683 2213.12133 4647.37399 7921.34857 6419.01714 6648.36639 2925.45381 7310.13852 8199.47323 8435.511040000001 6336.72776 6083.81222 2054.12999 7860.04137 9154.628349999999 6337.56428 5361.73377 1893.55248 156.16017 7451.26311 7754.2549 4858.62831 5379.56571 4991.48275 5839.11945 8536.5887 3935.75592 7672.82744 5555.56388 2140.74073 1860.5489200000002 2622.77124 9046.78241 
5398.71932 7214.20144 4011.6132199999997 5240.63517 7958.14005 6486.12547 0 3508.5461299999997 3187.43005 5284.6103 3263.55389 4674.26069 5810.20221 5572.14964 4489.97023 6621.62049 3760.9356399999997 5122.44795 4739.08631 5982.0822800000005 7061.77265 7027.35178 4590.88717 6043.94913 2798.09708 6307.1725 6069.98161 2424.62258 3602.60628 4724.27069 5179.73165 3069.35311 3081.05508 1616.85033 5249.12307 6537.44211 6053.818609999999 1663.73225 3352.7138 4065.65639 4834.98273 6656.8340499999995 3493.26108 4228.67592 1874.67464 2560.8088900000002 5396.26723 4948.46766 3863.35423 3297.71716 
5021.34773 5007.74061 5705.112520000001 3008.63441 6126.23116 3746.56162 3508.5461299999997 0 2431.26204 5756.67934 4217.3321 2548.44992 4443.37226 3646.49546 6755.8132 5380.04433 4707.00212 5286.51653 2434.06039 4742.80172 6913.99138 6265.915349999999 4719.11935 4180.55355 3872.93279 6564.81264 6562.472879999999 2610.96314 3805.83924 2598.4599200000002 5781.336740000001 5410.81001 2668.25914 1891.6958 3172.99543 3773.06103 6088.31894 4016.6684 2642.14594 3108.40988 3774.00901 5654.42128 5237.17682 3206.76991 4043.75877 1810.41708 3366.13764 2068.67228 1193.36709 5458.28957 
4216.41418 5215.26011 4807.34116 3377.18178 5990.11895 4290.08345 3187.43005 2431.26204 0 4800.72922 3256.70539 2693.80048 5400.6208 3791.84602 6392.95819 4888.37814 4870.191699999999 4367.39868 2905.0373099999997 5460.84142 6059.68501 5565.14772 3829.3857500000004 4044.75463 4128.14837 5641.62326 5599.95179 2446.93666 2843.31815 2743.81048 4951.5103 4973.76165 2417.07689 2271.19814 3377.97844 4189.63984 5160.9753 3624.7268000000004 1565.64085 2278.58344 5233.433669999999 5009.60078 4435.41438 3868.6648299999997 3432.82029 1646.3906 3613.48858 2488.28475 1996.06237 4756.69896 
2046.16031 7522.26595 3884.27395 6485.85923 6797.82142 7849.61763 5284.6103 5756.67934 4800.72922 0 2021.05641 5852.60571 10199.43155 6900.96254 7352.23837 4374.39139 7894.716909999999 2173.11323 5650.11159 10252.46655 2330.9689 3546.50617 2585.53338 5618.09692 7838.64466 1159.16694 828.27049 5797.79829 1981.54611 5804.27093 1718.52045 6255.33205 5189.15793 6632.04335 6023.02549 7713.95677 1453.28004 5447.55101 4554.16332 2717.93324 9474.5373 3589.7492899999997 3160.47243 8401.96167 4634.7203 5620.34745 5885.04438 6298.46997 6528.02359 4630.29759 
3143.32098 7286.101720000001 1961.87181 5782.68825 7134.40207 7075.368829999999 3263.55389 4217.3321 3256.70539 2021.05641 0 5099.40869 8578.21214 6196.97773 5641.29814 4999.18483 5873.6605 2147.39121 4888.17553 8717.54681 4134.44257 4736.35989 2505.90478 5509.23631 5817.58825 3180.22335 2836.06012 3991.36405 1260.84575 5055.01575 1950.40201 4344.79084 3189.3468 4724.06678 5456.97398 6929.07411 3093.96315 3462.5444 3114.06023 1997.23288 7865.92209 4455.33949 1770.21157 6868.417289999999 2613.66389 3599.29104 5450.7653 5313.44643 5223.509709999999 3018.77057 
4312.76087 2617.3011800000004 6979.85816 683.3813 3619.17615 2019.34159 4674.26069 2548.44992 2693.80048 5852.60571 5099.40869 0 5561.21426 1098.04554 9065.91468 3535.53391 7252.74086 5103.84659 211.23683 5474.31767 6195.3087 4799.49849 4643.02165 1783.40489 6419.055560000001 6272.87874 6448.68933 5038.31172 4078.78229 50.01 5850.41443 7667.56213 4897.23034 4437.81857 684.17796 1863.18142 5538.232300000001 6276.52196 3159.286 3376.35143 5327.72695 4188.00442 6637.43821 3962.95811 6003.87625 4237.80615 919.6881 1078.4744 1932.77831 7306.74018 
9332.90523 6860.74347 9757.51874 5430.12946 8768.90529 4946.80345 5810.20221 4443.37226 5400.6208 10199.43155 8578.21214 5561.21426 0 5759.9598000000005 9121.31706 9096.748169999999 6000.31089 9715.76214 5625.23288 299.42946 11225.54888 10257.77218 9154.57035 7258.24807 4887.20148 10994.3778 10980.25334 5559.71237 8223.6197 5611.22426 10164.47406 8194.01169 6011.40028 4193.35188 5956.78101 4914.00499 10433.84651 7091.95311 5789.34358 7543.86088 1056.20879 9647.29625 9254.10536 1807.07415 7637.50129 5441.01691 6279.36979 4851.46332 3891.72866 8999.9048 
5258.32073 2242.42776 8077.9037 1512.87653 3490.8738399999997 966.4352 5572.14964 3646.49546 3791.84602 6900.96254 6196.97773 1098.04554 5759.9598000000005 0 9974.54024 4104.56624 7930.03014 6133.09987 1309.2823700000001 5613.80919 6954.91337 5497.10706 5741.06719 2232.4451 7042.52451 7244.28801 7477.94261 5855.58033 5176.82783 1147.17435 6907.43259 8593.48842 5785.86865 5061.28752 929.86881 1122.59537 6484.83809 7187.86756 4257.33154 4474.39697 5317.65449 4908.43366 7719.68976 3952.88565 7101.92179 5062.36753 1255.85463 1751.19213 2926.8376 8339.43044 
8551.69135 11586.10728 4475.82585 9683.909440000001 12153.612379999999 10501.98991 4489.97023 6755.8132 6392.95819 7352.23837 5641.29814 9065.91468 9121.31706 9974.54024 0 10403.29414 3263.3631299999997 7738.46813 8891.29968 9363.10274 9683.207269999999 10351.62813 7434.25399 10256.30148 4259.16811 8493.65793 8009.21376 4191.70228 6722.37949 9020.63246 7268.16744 1420.61712 4237.68119 5391.01651 9624.57298 10427.92069 8658.31709 2826.23798 5925.87558 6859.3226 8065.11327 10020.15669 4204.18613 8070.89783 3759.1676 4992.24834 9743.98715 8783.1175 7902.95242 3670.4826299999995 
2334.77022 3925.19275 6902.2389299999995 3822.0162100000002 4023.5604200000002 4996.60855 6621.62049 5380.04433 4888.37814 4374.39139 4999.18483 3535.53391 9096.748169999999 4104.56624 10403.29414 0 9581.8709 3797.52415 3507.70627 9008.41795 3280.4079 1697.1644600000002 3456.06279 2075.80659 9007.52596 4136.92062 4542.39276 7159.52408 3760.97128 3524.7441 4492.71921 9015.0359 6742.7763 7142.61433 3239.00849 4914.0742 3286.77486 7801.15883 5089.67939 3572.09987 8780.58409 1180.6261200000001 6760.48415 7465.3727 7092.23026 6463.08882 2929.49364 4326.18816 5468.31222 7972.28524 
8333.87125 9702.43686 5850.1264 7701.32927 10829.123819999999 8223.86363 3760.9356399999997 4707.00212 4870.1917 7894.71691 5873.6605 7252.74086 6000.31089 7930.03014 3263.3631299999997 9581.8709 0 7929.18281 7141.06251 6226.1513 9910.9146 9997.93019 7435.68611 8887.55567 4525.7573 9030.903409999999 8709.72062 2423.25504 6606.24177 7216.99861 7821.589829999999 3038.1017 2899.29957 2875.85292 7851.166569999999 8186.65457 8898.61755 2967.64766 4629.66916 6244.38123 5911.49942 9519.68881 5318.65397 5140.90352 3534.67962 3223.8011 8056.04376 6746.19269 5636.43402 4253.83521 
1812.3312700000001 6715.83043 4016.96507 5787.22789 6030.257229999999 7090.6683 5122.44795 5286.51653 4367.39868 2173.11323 2147.39121 5103.84659 9715.76214 6133.09987 7738.46813 3797.52415 7929.18281 0 4912.61651 9745.98605 1992.06074 2810.2306 570.78893 4994.29903 7745.44214 1278.61566 1344.84274 5753.707899999999 1570.72117 5062.19527 2235.0927 6483.51139 5110.55085 6352.4376999999995 5252.10779 6967.02801 2033.72037 5589.28994 4150.19251 2178.63007 9051.93292 2980.09738 3639.04878 7908.69755 4710.54823 5303.08976 5069.89872 5679.07103 5972.11414 5108.87394 
4144.5693 2694.8076 6784.72602 894.51272 3692.17077 2213.12133 4739.08631 2434.06039 2905.0373099999997 5650.11159 4888.17553 211.23683 5625.23288 1309.2823700000001 8891.29968 3507.70627 7141.06251 4912.61651 0 5548.69075 6018.07111 4686.06711 4651.25813 1810.20717 6304.37063 6095.56 6257.45925 5045.0235299999995 3870.69089 261.24683 5651.4791 7493.81985 4723.93237 4325.75619 738.93504 2069.51975 5350.80891 6094.81434 2977.57838 3166.44438 5538.96378 4075.66559 6458.85357 4174.19494 5811.60468 4244.47747 932.07725 867.23757 2070.2005799999997 7108.7191 
9327.78484 6678.56482 9893.79662 5729.55892 8613.35672 4647.37399 5982.0822800000005 4742.80172 5460.84142 10252.46655 8717.54681 5474.31767 299.42946 5613.80919 9363.10274 9008.41795 6226.1513 9745.98605 5548.69075 0 11219.467129999999 10205.07246 9199.58305 7145.11197 5186.63094 11018.38255 11021.56622 5726.32491 8270.92044 5524.327670000001 10217.83152 8493.44115 6165.80911 4365.23195 5847.11844 4803.53416 10445.09651 7285.16632 5821.69683 7592.787 1355.63825 9593.81827 9393.19328 1856.00027 7856.756920000001 5489.94303 6170.03152 5073.10538 3870.14237 9168.317500000001 
1892.64365 7009.89395 5336.817419999999 6750.98678 5689.1412199999995 7921.34857 7061.77265 6913.99138 6059.68501 2330.9689 4134.44257 6195.3087 11225.54888 6954.91337 9683.207269999999 3280.4079 9910.9146 1992.06074 6018.07111 11219.467129999999 0 1899.09505 2481.40232 5356.21449 9686.19017 2049.43799 1894.38117 7664.11065 3562.7819099999997 6155.39452 2415.16977 8457.948 7067.92495 8195.757969999999 6221.09557 7926.66213 1365.87893 7580.77278 5935.80222 3931.22166 10665.05232 2262.4626 5491.23625 9433.49251 6639.12664 7227.05874 5975.67926 6786.06691 7349.3247599999995 6961.06141 
2176.1732700000002 5244.68807 6385.25442 5191.79897 3790.04617 6419.01714 7027.35178 6265.915349999999 5565.14772 3546.50617 4736.35989 4799.49849 10257.77218 5497.10706 10351.62813 1697.1644600000002 9997.93019 2810.2306 4686.06711 10205.07246 1899.09505 0 2979.86107 3526.45785 9633.45921 2935.14872 3522.04905 7606.22527 3687.85975 4776.49547 3617.03207 9040.6448 7099.91845 7827.61943 4610.74713 6265.04725 2222.37733 7940.424289999999 5607.94597 3756.07042 9855.63903 611.49407 6394.63775 8533.08452 7107.06505 6992.48289 4303.43502 5549.65819 6386.43015 7749.0522 
2250.4669 6379.55196 3446.17614 5279.91288 5786.38928 6648.36639 4590.88717 4719.11935 3829.3857500000004 2585.53338 2505.90478 4643.02165 9154.57035 5741.06719 7434.253989999999 3456.06279 7435.68611 570.78893 4651.25813 9199.58305 2481.40232 2979.86107 0 4468.88454 7388.98425 1848.20183 1860.56389 5459.795980000001 1792.36663 4599.55487 2750.81385 6137.74669 4642.11301 5839.35933 4908.84082 6494.438 1462.93144 5147.10346 3579.40358 1610.70947 8484.01232 2761.2528 3420.31845 7347.4962 4240.41177 4750.68974 5187.60048 5108.2821 5401.32521 4773.22889 
3693.83229 1910.66742 7468.85138 1841.88083 1947.75383 2925.45381 6043.94913 4180.55355 4044.75463 5618.09692 5509.23631 1783.40489 7258.24807 2232.4451 10256.30148 2075.80659 8887.55567 4994.29903 1810.20717 7145.11197 5356.21449 3526.45785 4468.88454 0 8040.51273 5678.55448 6028.03108 6469.03826 4286.05296 1795.10947 5646.13089 8860.68528 6204.57162 6072.24935 1302.57629 2868.48088 4885.19744 7477.39213 4404.32299 3754.76231 7091.52167 3256.43271 7228.89544 5726.75283 7021.55355 5685.9555 2664.78757 2598.71517 3716.1832 8170.84408 
8018.66359 8799.29571 6105.88306 6806.35953 9976.64192 7310.13852 2798.09708 3872.93279 4128.14837 7838.64466 5817.58825 6419.055560000001 4887.20148 7042.52451 4259.16811 9007.52596 4525.7573 7745.44214 6304.37063 5186.63094 9686.19017 9633.45921 7388.9842499999995 8040.51273 0 8915.68079 8650.30589 2216.96775 6399.41935 6378.40427 7767.99026 3499.42055 2794.85911 1981.23699 7008.17837 7203.41426 8677.94336 2844.41418 4241.19274 5887.41865 3830.99269 9052.46204 5599.31514 4170.93057 3832.9625499999997 3017.51381 7236.447880000001 5855.09532 4687.36728 4785.91269 
2247.77557 7580.60532 4162.16569 6898.019039999999 6560.23489 8199.47323 6307.1725 6564.81264 5641.62326 1159.16694 3180.22335 6272.87874 10994.3778 7244.28801 8493.65793 4136.92062 9030.903409999999 1278.61566 6095.56 11018.38255 2049.43799 2935.14872 1848.20183 5678.55448 8915.68079 0 586.90033 6873.6902 2832.75431 6234.9992 1240.51804 7337.94426 6272.80001 7598.1603 6315.01132 8043.31306 1014.2371599999999 6599.512019999999 5416.74676 3457.21926 10330.52211 3098.93094 4316.3457100000005 9187.31321 5613.48466 6529.62671 6348.5143800000005 6863.63695 7216.513779999999 5761.105170000001 
2334.19879 7934.17601 3811.89761 7132.07063 7007.71289 8435.511040000001 6069.98161 6562.472879999999 5599.951789999999 828.27049 2836.06012 6448.68933 10980.25334 7477.94261 8009.21376 4542.39276 8709.72062 1344.84274 6257.45925 11021.56622 1894.38117 3522.04905 1860.56389 6028.03108 8650.30589 586.90033 0 6626.06878 2756.63364 6407.03801 890.24996 6936.683660000001 6013.92118 7435.1546 6566.16065 8285.28917 1601.13749 6229.05482 5340.62609 3471.27336 10272.78701 3590.31545 3806.07541 9173.96801 5229.59826 6340.32657 6414.74146 6968.84599 7259.22337 5275.30701 
5976.73498 7549.81708 4407.52796 5567.46558 8416.79209 6336.72776 2424.62258 2610.96314 2446.93666 5797.79829 3991.36405 5038.31172 5559.71237 5855.58033 4191.70228 7159.52408 2423.25504 5753.707899999999 5045.02353 5726.32491 7664.11065 7606.22527 5459.795980000001 6469.03826 2216.96775 6873.6902 6626.06878 0 4182.98673 5088.32172 5941.76606 2906.77158 1658.38812 1366.36049 5626.08613 6256.6376 6665.11037 3075.71095 2206.41412 3859.34813 4575.186360000001 7107.55457 4017.52878 4113.503189999999 3274.82272 800.54606 5794.88412 4651.69227 3713.95652 3441.99259 
1882.47523 6093.80833 3205.62708 4749.96053 5875.81939 6083.81222 3602.60628 3805.83924 2843.31815 1981.54611 1260.84575 4078.78229 8223.6197 5176.82783 6722.37949 3760.97128 6606.24177 1570.72117 3870.69089 8270.92044 3562.7819099999997 3687.85975 1792.36663 4286.05296 6399.41935 2832.75431 2756.63364 4182.98673 0 4037.1506600000002 3211.24776 5458.36134 3942.95203 4781.71653 4363.03713 5940.210639999999 3116.01364 4294.4147299999995 2583.99245 736.38713 7555.0318800000005 3297.77774 3031.05732 6420.41556 3453.89186 3743.87233 4278.43803 4428.74857 4569.369909999999 4214.10263 
4262.75087 2567.29118 6945.94517 733.06821 3642.5196 2054.12999 4724.27069 2598.4599200000002 2743.81048 5804.27093 5055.01575 50.01 5611.22426 1147.17435 9020.63246 3524.7441 7216.99861 5062.19527 261.24683 5524.327670000001 6155.39452 4776.49547 4599.55487 1795.10947 6378.40427 6234.9992 6407.03801 5088.32172 4037.1506600000002 0 5806.35548 7664.28441 4847.22034 4397.42027 634.16796 1909.68584 5488.2223 6264.54317 3209.2960000000003 3426.3614300000004 5324.56289 4238.01442 6587.43023 3961.07511 5955.6354 4287.816150000001 869.6781 1128.4844 1982.78831 7257.53684 
2495.87665 7556.79831 2921.64765 6491.58786 6844.65492 7860.04137 5179.73165 5781.336740000001 4951.5103 1718.52045 1950.40201 5850.41443 10164.47406 6907.43259 7268.16744 4492.71921 7821.589829999999 2235.0927 5651.4791 10217.83152 2415.16977 3617.03207 2750.81385 5646.13089 7767.99026 1240.51804 890.24996 5941.76606 3211.24776 5806.35548 0 6176.55413 5123.85412 6674.46879 6033.55956 7713.59585 1480.03378 5373.435619999999 4465.50837 2672.92686 9433.69503 3578.70172 3076.06648 8364.74985 4561.59322 5549.69305 6583.55635 6365.2883 6505.82547 4545.89164 
7225.24145 10183.363469999998 3506.60662 8263.29232 10749.4839 9154.628349999999 3069.35311 5410.81001 4973.76165 6255.33205 4344.79084 7667.56213 8194.011690000001 8593.48842 1420.61712 9015.0359 3038.1017 6483.51139 7493.81985 8493.44115 8457.948 9040.6448 6137.74669 8860.68528 3499.42055 7337.94426 6936.683660000001 2906.77158 5458.36134 7664.28441 6176.55413 0 2817.06407 4187.56182 8218.2851 9077.794539999999 7425.30725 1405.62086 4517.57415 5672.9734100000005 7137.802900000001 8685.04472 3130.60825 6934.704519999999 2435.4849600000002 3615.61184 8329.68673 7462.0464 6579.04932 3507.8605 
5441.825629999999 7414.51152 3821.29821 5580.28855 8136.06735 6337.56428 3081.05508 2668.25914 2417.07689 5189.15793 3189.3468 4897.23034 6011.40028 5785.86865 4237.68119 6742.7763 2899.29957 5110.55085 4723.93237 6165.80911 7067.92495 7099.91845 4642.11301 6204.57162 2794.85911 6272.80001 6013.92118 1658.38812 3942.95203 4847.22034 5123.85412 2817.06407 0 1818.0484 5461.5723 6441.32017 6049.933849999999 1417.32283 1924.56196 3345.24214 5039.95645 6628.92427 3305.76375 4491.78482 2128.82261 857.84206 5656.009620000001 4736.93142 3780.191 3201.19815 
6386.25086 6838.74937 5628.4635499999995 4840.09277 7999.52224 5361.73377 1616.85033 1891.6958 2271.19814 6632.04335 4724.06678 4437.81857 4193.35188 5061.28752 5391.01651 7142.61433 2875.85292 6352.4376999999995 4325.75619 4365.23195 8195.757969999999 7827.61943 5839.35933 6072.24935 1981.23699 7598.1603 7435.1546 1366.36049 4781.71653 4397.42027 6674.46879 4187.56182 1818.0484 0 5031.588229999999 5517.89394 7234.93055 2955.61297 2259.95575 4277.87155 3221.92318 7280.798919999999 5110.11141 2747.1427 3491.52497 1706.68701 5255.21313 3873.85833 2760.5811 4808.35308 
4328.45192 1965.07837 7377.90468 583.00772 3250.33012 1893.55248 5249.12307 3172.99543 3377.97844 6023.02549 5456.97398 684.17796 5956.78101 929.86881 9624.57298 3239.00849 7851.166569999999 5252.10779 738.93504 5847.11844 6221.09557 4610.74713 4908.84082 1302.57629 7008.17837 6315.01132 6566.16065 5626.08613 4363.03713 634.16796 6033.55956 8218.2851 5461.5723 5031.588229999999 0 1737.72754 5561.8505 6821.7593 3716.5134199999998 3905.3794199999998 5799.40806 3999.25306 7056.91732 4434.63922 6521.42576 4825.54007 1503.8460599999999 1296.13888 2499.10189 7795.88225 
6066.17946 1965.0231899999999 8770.10063 1524.61368 4022.62844 156.16017 6537.44211 3773.06103 4189.63984 7713.95677 6929.07411 1863.18142 4914.00499 1122.59537 10427.92069 4914.0742 8186.65457 6967.02801 2069.51975 4803.53416 7926.66213 6265.04725 6494.438 2868.48088 7203.41426 8043.31306 8285.28917 6256.6376 5940.210639999999 1909.68584 7713.59585 9077.794539999999 6441.32017 5517.89394 1737.72754 0 7296.24808 7672.17368 4702.46814 5235.96413 5045.25777 5684.39636 8425.201939999999 3779.59575 7578.98861 5583.47811 1984.58056 1704.38875 2778.93141 8946.3388 
1233.53841 6795.86486 4387.13175 6091.88154 5754.49746 7451.26311 6053.81861 6088.31894 5160.9753 1453.28004 3093.96315 5538.232300000001 10433.84651 6484.83809 8658.31709 3286.77486 8898.617549999999 2033.72037 5350.80891 10445.09651 1365.87893 2222.37733 1462.93144 4885.19744 8677.94336 1014.2371599999999 1601.13749 6665.11037 3116.01364 5488.2223 1480.03378 7425.30725 6049.933849999999 7234.93055 5561.8505 7296.24808 0 6543.20874 4996.0453099999995 2979.90906 9822.6038 2779.19596 4556.10026 8630.65351 5603.92581 6206.40315 5349.10273 6116.11192 6597.38622 5960.69788 
6172.972659999999 8786.837669999999 3345.20976 6895.43685 9380.84964 7754.2549 1663.73225 4016.6684 3624.7268000000004 5447.55101 3462.5444 6276.52196 7091.95311 7187.86756 2826.23798 7801.15883 2967.64766 5589.28994 6094.81434 7285.16632 7580.77278 7940.42429 5147.10346 7477.39213 2844.41418 6599.512019999999 6229.05482 3075.71095 4294.4147299999995 6264.54317 5373.435619999999 1405.62086 1417.32283 2955.61297 6821.7593 7672.17368 6543.20874 0 3117.23596 4267.35255 6076.9479200000005 7525.4445 2803.65939 5702.7556700000005 1029.8641 2275.16489 6941.2815900000005 6085.340679999999 5193.70773 2102.23964 
4126.37371 5672.38598 4313.69957 3778.20089 6352.07682 4858.62831 3352.7138 2642.14594 1565.64085 4554.16332 3114.06023 3159.286 5789.34358 4257.33154 5925.87558 5089.67939 4629.6691599999995 4150.19251 2977.57838 5821.69683 5935.80222 5607.94597 3579.40358 4404.32299 4241.19274 5416.74676 5340.62609 2206.41412 2583.99245 3209.2960000000003 4465.50837 4517.57415 1924.56196 2259.95575 3716.5134199999998 4702.46814 4996.0453099999995 3117.23596 0 2024.59996 4971.03943 5105.72863 4111.33686 4079.54873 2876.52047 1405.86806 3824.04563 2998.07939 2606.58459 4292.79161 
2131.24494 5493.70057 3875.57132 4053.77614 5652.04205 5379.56571 4065.65639 3108.40988 2278.58344 2717.93324 1997.23288 3376.35143 7543.86088 4474.39697 6859.3226 3572.09987 6244.38123 2178.63007 3166.44438 7592.787 3931.22166 3756.07042 1610.70947 3754.76231 5887.41865 3457.21926 3471.27336 3859.34813 736.38713 3426.3614300000004 2672.92686 5672.97341 3345.24214 4277.87155 3905.3794199999998 5235.96413 2979.90906 4267.35255 2024.59996 0 6873.30285 3448.42025 3474.13313 5736.78673 3525.92981 3314.37988 4098.52163 3692.36144 3832.98278 4537.874760000001 
8775.74208 6977.59342 8832.65408 5336.2221 8751.51993 4991.48275 4834.98273 3774.00901 5233.43367 9474.5373 7865.92209 5327.72695 1056.20879 5317.65449 8065.11327 8780.58409 5911.49942 9051.93292 5538.96378 1355.63825 10665.05232 9855.63903 8484.01232 7091.52167 3830.99269 10330.52211 10272.78701 4575.186360000001 7555.0318800000005 5324.56289 9433.69503 7137.802900000001 5039.95645 3221.92318 5799.40806 5045.25777 9822.6038 6076.9479200000005 4971.03943 6873.30285 0 9244.14496 8323.76889 1364.76884 6709.65737 4593.274740000001 6113.3508 4714.38622 3511.42321 7987.65604 
1564.6792 4751.58731 6207.42894 4580.3049 3461.30395 5839.11945 6656.8340499999995 5654.42128 5009.60078 3589.7492899999997 4455.33949 4188.00442 9647.29625 4908.43366 10020.15669 1180.6261200000001 9519.68881 2980.09738 4075.66559 9593.81827 2262.4626 611.49407 2761.2528 3256.43271 9052.46204 3098.93094 3590.31545 7107.55457 3297.77774 4238.01442 3578.70172 8685.04472 6628.92427 7280.798919999999 3999.25306 5684.39636 2779.19596 7525.4445 5105.72863 3448.42025 9244.14496 0 6168.80191 7925.32247 6741.27354 6476.58259 3713.21666 4938.71856 5778.6681 7473.661120000001 
4616.69254 8933.31389 723.80152 7320.49844 8889.52062 8536.5887 3493.26108 5237.17682 4435.41438 3160.47243 1770.21157 6637.43821 9254.10536 7719.68976 4204.18613 6760.48415 5318.65397 3639.04878 6458.85357 9393.19328 5491.23625 6394.63775 3420.31845 7228.89544 5599.31514 4316.3457100000005 3806.07541 4017.52878 3031.05732 6587.43023 3076.06648 3130.60825 3305.76375 5110.11141 7056.91732 8425.201939999999 4556.10026 2803.65939 4111.33686 3474.13313 8323.76889 6168.80191 0 7612.70673 2426.41138 4028.5564999999997 7069.11422 6720.81319 6364.79269 1469.82516 
7540.87614 5681.46777 8101.80757 3971.45326 7408.73387 3935.75592 4228.67592 3206.76991 3868.6648299999997 8401.96167 6868.417289999999 3962.95811 1807.07415 3952.88565 8070.89783 7465.3727 5140.90352 7908.69755 4174.19494 1856.00027 9433.49251 8533.08452 7347.4962 5726.75283 4170.93057 9187.31321 9173.96801 4113.503189999999 6420.41556 3961.07511 8364.74985 6934.704519999999 4491.78482 2747.1427 4434.63922 3779.59575 8630.65351 5702.7556700000005 4079.54873 5736.78673 1364.76884 7925.32247 7612.70673 0 6103.34703 3633.94276 4830.75321 3349.61738 2146.65437 7501.6015 
5324.24247 8481.65249 2349.28627 6654.72136 8876.0344 7672.82744 1874.67464 4043.75877 3432.82029 4634.7203 2613.66389 6003.87625 7637.50129 7101.92179 3759.1676 7092.23026 3534.67962 4710.54823 5811.60468 7856.75692 6639.12664 7107.06505 4240.41177 7021.55355 3832.9625499999997 5613.48466 5229.59826 3274.82272 3453.89186 5955.6354 4561.59322 2435.48496 2128.82261 3491.52497 6521.42576 7578.98861 5603.92581 1029.8641 2876.52047 3525.92981 6709.65737 6741.27354 2426.41138 6103.34703 0 2474.27666 6598.25335 5874.59986 5235.28127 1423.04252 
5445.62482 6749.67258 4537.44169 4819.05149 7633.70933 5555.56388 2560.8088900000002 1810.41708 1646.3906 5620.34745 3599.29104 4237.80615 5441.01691 5062.36753 4992.24834 6463.08882 3223.8011 5303.08976 4244.47747 5489.94303 7227.05874 6992.48289 4750.68974 5685.9555 3017.51381 6529.62671 6340.32657 800.54606 3743.87233 4287.816150000001 5549.69305 3615.61184 857.84206 1706.68701 4825.54007 5583.47811 6206.40315 2275.16489 1405.86806 3314.37988 4593.274740000001 6476.58259 4028.5564999999997 3633.94276 2474.27666 0 5157.494250000001 3879.08936 2964.02851 3897.31918 
4882.61361 1898.05479 7409.95667 1602.74631 2773.08006 2140.74073 5396.26723 3366.13764 3613.4885799999997 5885.04438 5450.7653 919.6881 6279.36979 1255.85463 9743.98715 2929.49364 8056.04376 5069.89872 932.07725 6170.03152 5975.67926 4303.43502 5187.60048 2664.78757 7236.447880000001 6348.5143800000005 6414.74146 5794.88412 4278.43803 869.6781 6583.55635 8329.68673 5656.009620000001 5255.21313 1503.8460599999999 1984.58056 5349.10273 6941.2815900000005 3824.04563 4098.52163 6113.3508 3713.21666 7069.11422 4830.75321 6598.25335 5157.494250000001 0 1598.26312 2801.22613 7849.87091 
4909.70793 2965.58139 7114.32413 971.40002 4371.34318 1860.5489200000002 4948.46766 2068.67228 2488.28475 6298.46997 5313.44643 1078.4744 4851.46332 1751.19213 8783.1175 4326.18816 6746.19269 5679.07103 867.23757 5073.10538 6786.06691 5549.65819 5108.2821 2598.71517 5855.09532 6863.63695 6968.84599 4651.69227 4428.74857 1128.4844 6365.2883 7462.0464 4736.93142 3873.85833 1296.13888 1704.38875 6116.11192 6085.340679999999 2998.07939 3692.36144 4714.38622 4938.71856 6720.81319 3349.61738 5874.59986 3879.08936 1598.26312 0 1202.96301 7244.9837099999995 
5475.82295 4168.5444 6803.40353 2161.61652 5530.90409 2622.77124 3863.35423 1193.36709 1996.06237 6528.02359 5223.509709999999 1932.77831 3891.72866 2926.8376 7902.95242 5468.31222 5636.43402 5972.11414 2070.2005799999997 3870.14237 7349.3247599999995 6386.43015 5401.32521 3716.1832 4687.36728 7216.513779999999 7259.22337 3713.95652 4569.369909999999 1982.78831 6505.82547 6579.04932 3780.191 2760.5811 2499.10189 2778.93141 6597.38622 5193.70773 2606.58459 3832.98278 3511.42321 5778.6681 6364.79269 2146.65437 5235.28127 2964.02851 2801.22613 1202.96301 0 6651.65666 
6025.7942299999995 9747.9257 1776.90968 7965.72025 9981.12732 9046.78241 3297.71716 5458.28957 4756.69896 4630.29759 3018.77057 7306.74018 8999.9048 8339.43044 3670.4826299999995 7972.28524 4253.83521 5108.87394 7108.7191 9168.317500000001 6961.06141 7749.0522 4773.22889 8170.84408 4785.91269 5761.105170000001 5275.30701 3441.99259 4214.10263 7257.53684 4545.89164 3507.8605 3201.19815 4808.35308 7795.88225 8946.3388 5960.69788 2102.23964 4292.79161 4537.874760000001 7987.65604 7473.661120000001 1469.82516 7501.6015 1423.04252 3897.31918 7849.87091 7244.9837099999995 6651.65666 0 
