50
ct ag by ax cf cr az co b x cs w al z cn bt f bm j p cp q bo ap l k o n bq ck u ao ci ch ac cq af ca au d bz av r bh br bx bd aj ad bw
0 675259985.13907 681423773.19071 564561826.81814 167874716.85663 531803061.84919 807219611.70144 230387547.90261 295390290.98526 744344635.74524 475718199.53401 45629084.10097 461845043.39077 466939328.83132 654637201.69546 611756180.88074 1072414370.5282 411098808.74212 170902353.48094 344422905.76044 761120640.9893 212121892.05839 482094146.64526 277820170.20779 363558334.70601 570995410.39877 611573239.90675 498020048.98604 800528672.1613901 686675384.89344 407277158.3903 568875459.96867 148324869.93528 179334225.50792 858271611.78694 591598250.91271 688752930.40782 324044265.16409 613892812.16045 760437217.86705 359024961.28218 867213337.55236 380900263.83007 475887108.26029 342812637.89901 355495928.69026005 305706733.11635 739940754.68642 669719126.02721 494571845.49768 
675259985.13907 0 973638890.80492 1217949510.30163 721542948.0168 1201992050.7757 680890646.74397 811576117.80561 554304501.70568 1375729303.13651 356304695.34454 709050385.57273 312362045.85156 835414080.55457 860342579.4400901 874587417.14388 650242449.80135 511295587.54865 528632340.60186 1015941483.2193599 632629525.4388399 467804472.89549 641748156.10004 940009253.48862 1000552249.38007 752368530.22684 736352914.47635 617531708.18417 204291165.49894 1252637523.17089 845296138.52955 254264844.47422 643523924.59128 495925759.63115 763966504.16069 980666727.18425 579174944.74547 767343474.73149 970980753.31759 552135818.56027 580124463.79997 638722403.1700001 627945871.1654999 983362113.59196 541848696.45997 1010906633.06669 776398396.41244 1124012656.6816702 962127215.03517 557275639.35705 
681423773.19071 973638890.80492 0 696391527.60702 846543358.30046 915265835.24017 1422827693.40411 886812125.44279 483488499.0971 1207869838.99552 1017721569.76961 710984705.16365 665604135.98077 214542113.7894 1333239901.67924 99088672.88376 900681505.40256 1034072129.95788 625950397.23988 797535889.50602 513476817.47543 758618730.53555 344775034.60921 786162439.21701 565215365.15293 225082469.24373 257545482.60094 356239546.94724 999166961.72065 492631409.9832 1083335641.77804 725558285.31854 825584744.32256 691581614.0972 1488571434.2131 1264780580.3294501 1295919795.88678 357777784.43194 1290775364.21625 1340089133.99776 424732946.25341 616025638.21492 380607747.94208 318590405.64206 467007651.15863 863380413.74847 378604978.51824 361861715.71362 1350580351.9591 1126603210.02642 
564561826.81814 1217949510.30163 696391527.60702 0 619770513.00379 285276802.50061 1317503532.94874 578360151.30089 701907916.9503 563156405.92537 1036832869.21658 544435690.60481 950170642.64936 572895353.45368 1058115043.56874 704508931.01293 1464108009.9326 946812328.49916 689436846.4579201 313341738.76028 1081640435.86545 774537455.27948 767879837.57221 376439480.43815 219595195.52742 769336551.11579 827554359.4073 801300570.69996 1324551799.37232 295854604.79348 756717846.22725 1056339069.46707 667952888.66704 729420345.1605501 1351045950.78174 883166768.22823 1212680331.25059 519568699.98124 923956242.43902 1297097120.94599 718123295.58317 1199806750.94622 695612805.87238 416851509.51320004 736847218.35193 382872987.64808 496636022.37306 610860887.19057 1009722019.99978 1014573533.77186 
167874716.85663 721542948.0168 846543358.30046 619770513.00379 0 503510659.05477 700907002.18596 91206932.21716 463265007.84189 654582244.23451 445411421.97777 135783121.31335 571866900.80437 632062745.38192 498972185.67179 779058318.53675 1196899632.86013 330763758.48214 303839962.63834 333006464.42569 910818410.00725 266737618.8497 645568378.95248 255077662.51837 454826929.30096 738037932.26634 779447956.7633799 659167254.86535 865139139.50597 799508502.36589 239403587.38469 671614601.15978 78342126.03893 277147770.9353 740743597.45939 423815862.24327 593335890.28051 488782325.62244 446157117.96428 678180572.72005 526899678.13881004 1011871400.20951 545366766.73358 624906676.60989 505424106.9003 303336660.76098 468593267.13039994 894930694.01326 504181133.32198 395129787.34337 
531803061.84919 1201992050.7757 915265835.24017 285276802.50061 503510659.05477 0 1151611125.6017 429292928.69893 769660437.51139 294079028.18113 948919371.32922 493589406.86703 985516638.03428 747364611.4609 845379100.40213 905305083.11654 1567430848.87642 825701513.80749 696245802.41506 187449514.24986 1211471098.13263 734352013.38393 895641556.82756 261990417.21329 352038850.24678 931711968.06045 987589307.23669 924019496.09826 1332149599.6834 578881079.69478 555061189.25144 1094106225.05158 574113373.14531 710965052.91853 1170806353.80456 643135326.63061 1063319940.75629 646974647.3574 686350183.42743 1157062988.21191 809523910.7947 1327652983.17628 804022402.27931 597528813.30393 813793000.31125 200578515.34363 619466934.57869 886311953.9648501 775702969.84478 873438167.98753 
807219611.70144 680890646.74397 1422827693.40411 1317503532.94874 700907002.18596 1151611125.6017 0 741397474.62013 940599619.79046 1174543793.10586 418324762.18582 804841959.70734 839187264.19418 1223069651.14294 370759187.52772 1332633438.02162 1331046932.21069 398787988.46298 800226733.4054 1014815516.83581 1239809807.19927 666236416.17642 1122148345.75553 943231019.46012 1152919095.06177 1240907579.2964 1253413943.9462 1114885051.66818 819449732.73126 1490387164.08446 601220941.03262 862259383.84838 667835296.33411 734004918.06163 83096636.98092 597309483.90768 127214077.37072 1094965899.43963 561082069.62463 227336168.95582 1004451260.19525 1290306826.68244 1051681925.2182 1278866803.39507 963834522.6358 962036244.28315 1085786498.34553 1521415070.51112 493857481.9723 312708210.59729 
230387547.90261 811576117.80561 886812125.44279 578360151.30089 91206932.21716 429292928.69893 741397474.62013 0 524861374.26193 564167375.19301 524501451.05296 188166740.09135 660430743.3723 674142433.52172 495512099.06053 826583498.9635 1284017128.73446 400303801.45876 385077113.66603 273886267.75002 988709418.51278 357944551.06686 712329144.25969 300410584.83814996 440330129.28958 797196331.31133 839942384.26696 728407596.88865 956046964.08355 784721204.9683 204486588.18787 761380072.77309 169398166.25849 368354703.15246 772728592.02711 378908714.27716 642649408.48558 532132553.67904 415913106.32348 732970202.569 589412509.18479 1092275379.9011 610609124.94811 634854317.12372 571608082.00584 229503333.13783 509092911.01631 918923394.22156 477980173.08856 454505610.13601995 
295390290.98526 554304501.70568 483488499.0971 701907916.9503 463265007.84189 769660437.51139 940599619.79046 524861374.26193 0 1016477205.69951 534465593.52992 339972667.24863 254697639.03419 298324148.48535 887576606.36685 393563564.14776 798485639.28788 559113508.58249 249006491.17571 590031318.71833 466569481.39971 282888081.47935 200250631.82549 533790903.18982 483634917.80945 309582953.78261 336880400.70722 208697720.64022 634523524.31968 699154555.52883 684987044.50176 356640725.95759 400827870.22703 219861269.91374 1008213874.12894 868844675.69401 813481186.34837 213154044.44526 885211674.30811 856697371.78306 89813495.65625 575207077.98116 112044489.08944 429060641.32247 47422346.91375 621206766.60042 224028785.03877 600883701.28267 928245712.42577 651099791.64464 
744344635.74524 1375729303.13651 1207869838.99552 563156405.92537 654582244.23451 294079028.18113 1174543793.10586 564167375.19301 1016477205.69951 0 1073530901.55592 698715551.64427 1204238329.57144 1033378268.26707 822799941.60376 1187594242.43479 1811817126.73168 926653187.07971 913996393.84177 433621607.34278 1474399585.67431 917448953.76162 1164028641.1454 482690906.749 642959684.45916 1211469088.42124 1265748838.32282 1189940487.35836 1519463347.83703 858605864.64934 590085573.57591 1310089533.15194 732924370.2734399 912198477.50805 1172945627.66639 589520118.55314 1112786845.337 922979450.30831 631699502.95166 1212375758.05466 1066921337.21051 1587942799.79183 1067483178.87861 890918529.29519 1062952477.63943 395435264.74484 896320046.92159 1156836910.65143 717611640.39936 947310016.09991 
475718199.53401 356304695.34454 1017721569.76961 1036832869.21658 445411421.97777 948919371.32922 418324762.18582 524501451.05296 534465593.52992 1073530901.55592 0 492397596.96951 426159363.77042 827122405.43695 507690440.02129 924576586.27489 981836588.81594 340263131.41723 411696046.04294 775135012.41577 832309957.70297 283546012.79486 707936659.98832 696284245.48121 839170781.48433 827299024.7215 837612817.35462 699256455.94126 514868127.08602 1151954823.76491 507061840.38149 464513952.56242 377901217.23682 348131967.59307 492031322.56314 627273848.31346 291110684.8151 710417569.45994 615778435.58835 322456349.75991 594483309.0924 892290463.3484 643136142.97977 912048602.19529 552892535.54726 748622093.53107 706348726.38397 1129717466.23369 606077237.3705 203133202.68633 
45629084.10097 709050385.57273 710984705.16365 544435690.60481 135783121.31335 493589406.86703 804841959.70734 188166740.09135 339972667.24863 698715551.64427 492397596.96951 0 505645844.76422 496587817.57521 632005596.99718 644929858.67646 1117834700.85384 413603870.48104 216531437.58191 306891097.64663 806122501.11379 242799315.66056 524231391.61308 232191086.10682 352871461.95195 609779753.2165 651883201.24325 540950825.04242 841825421.39494 685584114.83267 373091089.84685 612145530.93744 137315250.906 224963309.60889 852231028.70873 556278070.09633 690989053.23896 353316082.2714 580481252.03309 765327973.01817 402533207.02375 912593073.96003 422511372.3015 489123555.29654 387395014.16238 309866844.58929 332810145.81705 762150529.63467 639937194.99058 492566496.43085 
461845043.39077 312362045.85156 665604135.98077 950170642.64936 571866900.80437 985516638.03428 839187264.19418 660430743.3723 254697639.03419 1204238329.57144 426159363.77042 505645844.76422 0 523752879.14755 890273967.17436 566601296.23655 626731471.8383 520695627.71205 291607426.16359 800403714.32879 406810373.06911 313087768.87652 333153143.10821 731622180.03746 730640733.35683 447762643.5559 441293773.53765 312189787.21405 379830143.62091 951381109.76968 766558559.39138 182792105.43848002 499364504.94861996 295931850.79243 916822469.15839 936718301.48165 715832175.66858 465601436.0424 941494599.39569 730875524.78482 269686130.56887 478627866.04832 315583825.31394 679135630.7303 233748321.75731 813996577.5371 478346193.06396 812200042.72204 961846814.95024 603164864.64405 
466939328.83132 835414080.55457 214542113.7894 572895353.45368 632062745.38192 747364611.4609 1223069651.14294 674142433.52172 298324148.48535 1033378268.26707 827122405.43695 496587817.57521 523752879.14755 0 1119575466.13582 157940471.65564 910039005.11943 829391327.99823 422844808.66589 608461061.26401 516732497.29763 556837451.75188 224897925.89678 586923893.25405 397353732.82469 196639542.9106 254844906.1058 258783045.15759 890051506.48963 459110653.55463 869235761.17695 605691839.35565 611042630.53316 489065764.39205 1286377187.35913 1051229047.11473 1096972689.85707 143283319.37925 1076700790.24892 1147486809.36869 256193196.28088 634940996.04285 208169053.83361 197643338.45976 296645357.22552 668569369.52459 165053445.30352 303129022.28119 1136049543.41856 921314127.46412 
654637201.69546 860342579.4400901 1333239901.67924 1058115043.56874 498972185.67179 845379100.40213 370759187.52772 495512099.06053 887576606.36685 822799941.60376 507690440.02129 632005596.99718 890273967.17436 1119575466.13582 0 1257356753.57831 1480415877.71487 372061243.58891 727027186.52649 744773304.80846 1290612730.40348 612750405.97371 1087377348.41738 686896086.80835 935840329.08071 1195459830.29563 1224283806.4463 1091557804.15985 1019916331.7148299 1280113343.80116 302234213.1341 954140628.33599 508549406.90313 669106604.71747 453855824.50864 258841208.91733998 353790770.79579 977722046.92733 192432638.10439 447924092.90334 958606699.6925199 1368901033.24607 996450689.0052099 1118085368.91066 925038912.50493 678085586.06059 960263919.51482 1392721234.78609 125036432.18618 304559894.1283 
611756180.88074 874587417.14388 99088672.88376 704508931.01293 779058318.53675 905305083.11654 1332633438.02162 826583498.9635 393563564.14776 1187594242.43479 924576586.27489 644929858.67646 566601296.23655 157940471.65564 1257356753.57831 0 830408276.15011 947566892.48489 540525945.58642 766401532.91965 436557367.2991 672001784.81 248188521.74641 744863933.35024 555294204.48033 128495956.38093 169017121.74241 257306830.19178 901950049.13141 549832582.54259 1017904858.35587 626957889.61865 750958807.75129 605233926.6085 1399883219.09154 1201160456.2456 1205512636.41197 301223791.03489 1225123619.54645 1247025439.97465 330192649.23021 545703150.37829 281519075.05832 318281357.71507 372121387.12053 826417196.2581699 319375056.24279 262773042.82986 1281051821.63364 1040292437.33566 
1072414370.5282 650242449.80135 900681505.40256 1464108009.9326 1196899632.86013 1567430848.87642 1331046932.21069 1284017128.73446 798485639.28788 1811817126.73168 981836588.81594 1117834700.85384 626731471.8383 910039005.11943 1480415877.71487 830408276.15011 0 1110602950.81811 909579743.7866399 1388513664.87522 394577833.03624 939297261.78504 696653859.98867 1330133401.87302 1258074352.31887 720164577.00287 665880369.28678 663524592.98014 520580692.44643 1359763896.86069 1390974308.60827 536538798.63414 1125035808.53618 919793930.66081 1414137389.91832 1555999453.9646 1227917232.58301 945797038.16994 1556931314.93506 1201610759.68432 759343997.3165 284705125.77182 772213815.1319 1105878118.82258 753672429.19198 1416603603.66269 970065564.42181 1075073820.62641 1567130067.13953 1177548429.73866 
411098808.74212 511295587.54865 1034072129.95788 946812328.49916 330763758.48214 825701513.80749 398787988.46298 400303801.45876 559113508.58249 926653187.07971 340263131.41723 413603870.48104 520695627.71205 829391327.99823 372061243.58891 947566892.48489 1110602950.81811 0 408135876.53405 662892241.18135 924854748.47749 276225427.10314 751099573.92837 585575941.81109 766087052.38745 866447142.2474 886809560.82684 749501151.86 669680011.9766 1097398669.74084 350214106.39502 582095637.87031 280158562.50927 342578705.91168 456985859.3609 469371139.6356 277654121.6657 698229252.22992 459947974.47422 352051110.8366 627971106.8043599 999323493.76037 670455009.60633 880195082.63218 588250045.56999 625713909.13578 688169039.41134 1124929756.554 457945280.94045 386550509.76766 
170902353.48094 528632340.60186 625950397.23988 689436846.4579201 303839962.63834 696245802.41506 800226733.4054 385077113.66603 249006491.17571 913996393.84177 411696046.04294 216531437.58191 291607426.16359 422844808.66589 727027186.52649 540525945.58642 909579743.7866399 408135876.53405 0 508796288.1652 607282240.00328 134017240.44613 361187219.15983 440114271.71238 472981155.44147 468715573.79397 497786838.04183 368275159.92051 642896000.54443 752758229.88419 529278523.27989 399392455.97492 244401445.2137 66222026.5016 863761648.47348 711858471.14836 674229225.40751 299071456.94822 726602694.68819 727592693.01544 231579513.16603 708031437.57117 269423502.47872 503855987.29111004 201584144.26196 522477967.85366 294724638.26625 722408982.26068 767931135.45641 500654688.91998 
344422905.76044 1015941483.2193599 797535889.50602 313341738.76028 333006464.42569 187449514.24986 1014815516.83581 273886267.75002 590031318.71833 433621607.34278 775135012.41577 306891097.64663 800403714.32879 608461061.26401 744773304.80846 766401532.91965 1388513664.87522 662892241.18135 508796288.1652 0 1042084073.44499 548786773.08322 730472366.44523 78891345.34639 245656239.70638 779941389.94353 833620567.06281 757469763.0919 1144859839.95173 560390525.68181 444036064.10419 907596399.01908 397346893.00699 523668505.47397 1043690386.63618 577638973.19603 916316086.38069 491738993.23287 614959225.60551 1005633466.34395 635269067.5483 1156561252.57537 634520219.07109 492725278.2301 637453665.6320801 76718945.82733 463046491.00921 777874540.1514 699006818.41987 720662783.06072 
761120640.9893 632629525.4388399 513476817.47543 1081640435.86545 910818410.00725 1211471098.13263 1239809807.19927 988709418.51278 466569481.39971 1474399585.67431 832309957.70297 806122501.11379 406810373.06911 516732497.29763 1290612730.40348 436557367.2991 394577833.03624 924854748.47749 607282240.00328 1042084073.44499 0 687502808.61813 317615374.4575 993458890.16455 883890726.65204 325789523.20039 271340194.21304 287699318.52929 575306782.68026 965186063.82445 1133528322.52579 381922272.17773 850148370.98786 645527389.95135 1319128704.21413 1313083817.36017 1118784298.0526 578983695.06324 1324225573.18716 1125199956.84774 409978894.502 118208498.74522 407916629.82973 714375835.75739 419167768.98768 1081435926.6536798 596655121.90008 688897266.27475 1353479582.29389 1009261213.34032 
212121892.05839 467804472.89549 758618730.53555 774537455.27948 266737618.8497 734352013.38393 666236416.17642 357944551.06686 282888081.47935 917448953.76162 283546012.79486 242799315.66056 313087768.87652 556837451.75188 612750405.97371 672001784.81 939297261.78504 276225427.10314 134017240.44613 548786773.08322 687502808.61813 0 481380014.93631 472361596.17064 566911163.67158 592040780.04972 615553527.88317 481200449.90716994 634558140.94911 869729005.45429 454354450.95864 407533019.85211 200003861.79288 67811698.96116 730128415.0465 628394301.22006 540211984.96138 431568498.75837 636722764.56903 594888809.59706 351745679.70122 777046772.83527 394749217.84961 628905293.38805 315416547.30477 543637929.05175 426016285.01444995 856209665.02344 667305248.01638 368970315.00793 
482094146.64526 641748156.10004 344775034.60921 767879837.57221 645568378.95248 895641556.82756 1122148345.75553 712329144.25969 200250631.82549 1164028641.1454 707936659.98832 524231391.61308 333153143.10821 224897925.89678 1087377348.41738 248188521.74641 696653859.98867 751099573.92837 361187219.15983 730472366.44523 317615374.4575 481380014.93631 0 687998142.79661 566553574.31275 119692565.36548 136959210.16224 34213389.47998 677480042.6259999 683601655.01723 881726361.15554 404227972.86171997 599073196.16684 418564774.60942 1193231659.11354 1066278738.10852 995087419.91801 264263723.01726002 1083787370.1909 1028914371.94205 129634335.23509 435366520.50706 101720019.31158 416478989.15144 172025483.97759 775035296.22359 279041131.26451 484981467.90329 1128325779.00821 843178071.86687 
277820170.20779 940009253.48862 786162439.21701 376439480.43815 255077662.51837 261990417.21329 943231019.46012 300410584.83814996 533790903.18982 482690906.749 696284245.48121 232191086.10682 731622180.03746 586923893.25405 686896086.80835 744863933.35024 1330133401.87302 585575941.81109 440114271.71238 78891345.34639 993458890.16455 472361596.17064 687998142.79661 0 264154053.0471 746848464.60524 797998922.02374 711490533.35765 1071159872.31128 604127628.56937 386241018.42205 839497712.23356 318464840.35653 450365795.49104 974904042.52824 533720962.75684 842171432.34723 461004620.72090995 570675356.51604 930225130.62691 586884011.95886 1106063581.34284 588558540.29069 495419999.38932 580276997.49063 87977036.48913 431813948.08174 784056173.97331 651055077.73997 645535515.79981 
363558334.70601 1000552249.38007 565215365.15293 219595195.52742 454826929.30096 352038850.24678 1152919095.06177 440330129.28958 483634917.80945 642959684.45916 839170781.48433 352871461.95195 730640733.35683 397353732.82469 935840329.08071 555294204.48033 1258074352.31887 766087052.38745 472981155.44147 245656239.70638 883890726.65204 566911163.67158 566553574.31275 264154053.0471 0 591330258.27085 644064617.48979 597855787.18454 1105124966.57384 344681573.06493 640400263.08906 837024745.44852 487713570.3775101 516438649.6696 1195326166.84433 796770197.10014 1040239833.45161 313853162.8435 832667671.81191 1118035023.32959 504067247.18754 1001847090.66962 487000231.1211 321988063.11135995 520117715.15127 319983345.35068 288391835.65315 547389353.83812 913903563.93029 842409444.57319 
570995410.39877 752368530.22684 225082469.24373 769336551.11579 738037932.26634 931711968.06045 1240907579.2964 797196331.31133 309582953.78261 1211469088.42124 827299024.7215 609779753.2165 447762643.5559 196639542.9106 1195459830.29563 128495956.38093 720164577.00287 866447142.2474 468715573.79397 779941389.94353 325789523.20039 592040780.04972 119692565.36548 746848464.60524 591330258.27085 0 58217808.29151 153905954.84546 775862155.75577 645021642.32599 977148393.71455 501438611.33799 698533541.1788 529406992.02888 1311380179.73765 1161817692.56125 1113872704.74482 338009803.69568 1181650207.36821 1148502286.584 240339472.81064 443034112.69745 199345214.82159 394282881.37036 278551601.41746 832646831.29264 316926336.69779 390886466.48004 1230771944.85443 958871960.30908 
611573239.90675 736352914.47635 257545482.60094 827554359.4073 779447956.7633799 987589307.23669 1253413943.9462 839942384.26696 336880400.70722 1265748838.32282 837612817.35462 651883201.24325 441293773.53765 254844906.1058 1224283806.4463 169017121.74241 665880369.28678 886809560.82684 497786838.04183 833620567.06281 271340194.21304 615553527.88317 136959210.16224 797998922.02374 644064617.48979 58217808.29151 0 138576125.9655 747543640.8722 694219956.23489 1014843514.39042 483091996.89584 733678715.18527 555523984.63661 1325762215.05148 1199519756.58338 1126643181.44992 342776401.85749 1218150129.44898 1156596851.77451 266251635.35189 384816304.40594 238679229.47382 449652494.50143 300136980.5784 884400219.2115 370574076.0536 429926595.27017 1264064611.54323 978670565.11076 
498020048.98604 617531708.18417 356239546.94724 801300570.69996 659167254.86535 924019496.09826 1114885051.66818 728407596.88865 208697720.64022 1189940487.35836 699256455.94126 540950825.04242 312189787.21405 258783045.15759 1091557804.15985 257306830.19178 663524592.98014 749501151.86 368275159.92051 757469763.0919 287699318.52929 481200449.90716994 34213389.47998 711490533.35765 597855787.18454 153905954.84546 138576125.9655 0 648105998.75495 717653910.95495 893479007.24821 370014583.38174 609517260.10849 422592353.98622 1187189973.55601 1077479292.11963 988086517.40182 291439869.53716004 1093878696.8825 1021712805.70117 139832309.04014 404863038.35639 122949544.02081 450690764.33894 167009864.86036 799345378.95296 309732208.37108 513123198.70726 1135982707.17175 841017122.28566 
800528672.1613901 204291165.49894 999166961.72065 1324551799.37232 865139139.50597 1332149599.6834 819449732.73126 956046964.08355 634523524.31968 1519463347.83703 514868127.08602 841825421.39494 379830143.62091 890051506.48963 1019916331.7148299 901950049.13141 520580692.44643 669680011.9766 642896000.54443 1144859839.95173 575306782.68026 634558140.94911 677480042.6259999 1071159872.31128 1105124966.57384 775862155.75577 747543640.8722 648105998.75495 0 1329512253.70694 1000675236.66801 284720470.03207 786797026.00101 621194446.65347 902307056.35058 1138557851.23466 725791893.93352 844723955.82093 1129483813.82749 688070363.86304 644328424.99391 566571217.76549 686285063.34562 1056620379.1534799 611559411.89436 1146123858.45876 858081657.38163 1161112568.77506 1120517871.65996 715356437.58653 
686675384.89344 1252637523.17089 492631409.9832 295854604.79348 799508502.36589 578881079.69478 1490387164.08446 784721204.9683 699154555.52883 858605864.64934 1151954823.76491 685584114.83267 951381109.76968 459110653.55463 1280113343.80116 549832582.54259 1359763896.86069 1097398669.74084 752758229.88419 560390525.68181 965186063.82445 869729005.45429 683601655.01723 604127628.56937 344681573.06493 645021642.32599 694219956.23489 717653910.95495 1329512253.70694 0 983057781.18458 1045970315.31493 822572789.82593 809378280.02183 1536030264.81844 1132554913.51905 1374265382.51696 486180193.60725 1170269459.85077 1447037130.53867 685621529.13006 1079036260.64083 646617225.7715399 273442127.4464 718104710.16002 636924017.4769499 484435680.91508996 358924097.06244 1250814366.20043 1178150611.26352 
407277158.3903 845296138.52955 1083335641.77804 756717846.22725 239403587.38469 555061189.25144 601220941.03262 204486588.18787 684987044.50176 590085573.57591 507061840.38149 373091089.84685 766558559.39138 869235761.17695 302234213.1341 1017904858.35587 1390974308.60827 350214106.39502 529278523.27989 444036064.10419 1133528322.52579 454354450.95864 881726361.15554 386241018.42205 640400263.08906 977148393.71455 1014843514.39042 893479007.24821 1000675236.66801 983057781.18458 0 855242062.42259 284919673.73751 492645325.90842 617955631.05829 184736919.19063 525966083.85702 726078880.05838 215126088.7357 624591257.07289 753881675.02983 1228540064.94962 782551033.81048 839150155.57242 729316800.3438101 378079413.91624 704740620.88117 1122066399.4852 273503300.84123 361492381.30128 
568875459.96867 254264844.47422 725558285.31854 1056339069.46707 671614601.15978 1094106225.05158 862259383.84838 761380072.77309 356640725.95759 1310089533.15194 464513952.56242 612145530.93744 182792105.43848002 605691839.35565 954140628.33599 626957889.61865 536538798.63414 582095637.87031 399392455.97492 907596399.01908 381922272.17773 407533019.85211 404227972.86171997 839497712.23356 837024745.44852 501438611.33799 483091996.89584 370014583.38174 284720470.03207 1045970315.31493 855242062.42259 0 596578809.91396 465614482.47651994 942867576.03987 1019521593.05115 744175885.09948 562852483.9522 1021060286.8482 747279499.3173499 360357305.95514 433285392.449 401605514.3809 772645490.49058 329337881.96219 921870423.8285799 577756328.90987 882141694.83865 1034468006.66107 656922229.30235 
148324869.93528 643523924.59128 825584744.32256 667952888.66704 78342126.03893 574113373.14531 667835296.33411 169398166.25849 400827870.22703 732924370.2734399 377901217.23682 137315250.906 499364504.94861996 611042630.53316 508549406.90313 750958807.75129 1125035808.53618 280158562.50927 244401445.2137 397346893.00699 850148370.98786 200003861.79288 599073196.16684 318464840.35653 487713570.3775101 698533541.1788 733678715.18527 609517260.10849 786797026.00101 822572789.82593 284919673.73751 596578809.91396 0 207725652.17091 716693126.8125501 468116474.33208 555771349.86215 469266866.89605 487881103.39029 632105844.7534 475980958.37973 947756110.83354 501463693.19468 622979389.86392 444397126.6063 381678786.79991 452401330.76661 888265624.6216999 532238403.67563 437443051.08529997 
179334225.50792 495925759.63115 691581614.0972 729420345.1605501 277147770.9353 710965052.91853 734004918.06163 368354703.15246 219861269.91374 912198477.50805 348131967.59307 224963309.60889 295931850.79243 489065764.39205 669106604.71747 605233926.6085 919793930.66081 342578705.91168 66222026.5016 523668505.47397 645527389.95135 67811698.96116 418564774.60942 450365795.49104 516438649.6696 529406992.02888 555523984.63661 422592353.98622 621194446.65347 809378280.02183 492645325.90842 465614482.47651994 207725652.17091 0 797539621.97188 667749589.17544 608021489.61261 365293483.44982004 679606075.54488 662108438.02534 289891390.27738 740804420.41649 330859535.32164 567667293.4151 255932310.21018 527771590.59612 358685986.67026 788447611.84966 715802804.32867 435224296.5678 
858271611.78694 763966504.16069 1488571434.2131 1351045950.78174 740743597.45939 1170806353.80456 83096636.98092 772728592.02711 1008213874.12894 1172945627.66639 492031322.56314 852231028.70873 916822469.15839 1286377187.35913 453855824.50864 1399883219.09154 1414137389.91832 456985859.3609 863761648.47348 1043690386.63618 1319128704.21413 730128415.0465 1193231659.11354 974904042.52824 1195326166.84433 1311380179.73765 1325762215.05148 1187189973.55601 902307056.35058 1536030264.81844 617955631.05829 942867576.03987 716693126.8125501 797539621.97188 0 586674862.8651 201055983.16738 1155207605.02093 547271215.11211 301178074.75248003 1073426783.19343 1371381634.9062 1119858195.15487 1332931026.35404 1033841565.04063 986703363.08076 1144401563.7617 1581883999.41084 471531165.89641 366821547.20256 
591598250.91271 980666727.18425 1264780580.3294501 883166768.22823 423815862.24327 643135326.63061 597309483.90768 378908714.27716 868844675.69401 589520118.55314 627273848.31346 556278070.09633 936718301.48165 1051229047.11473 258841208.91733998 1201160456.2456 1555999453.9646 469371139.6356 711858471.14836 577638973.19603 1313083817.36017 628394301.22006 1066278738.10852 533720962.75684 796770197.10014 1161817692.56125 1199519756.58338 1077479292.11963 1138557851.23466 1132554913.51905 184736919.19063 1019521593.05115 468116474.33208 667749589.17544 586674862.8651 0 558686007.40093 908225311.11349 221259550.16741002 657877160.4584 938040995.47458 1405329831.00783 967287953.00111 1010359490.68727 912491307.1733 507745471.58331 886175601.81121 1296322644.70947 133804776.73116 450641223.58929 
688752930.40782 579174944.74547 1295919795.88678 1212680331.25059 593335890.28051 1063319940.75629 127214077.37072 642649408.48558 813481186.34837 1112786845.337 291110684.8151 690989053.23896 715832175.66858 1096972689.85707 353790770.79579 1205512636.41197 1227917232.58301 277654121.6657 674229225.40751 916316086.38069 1118784298.0526 540211984.96138 995087419.91801 842171432.34723 1040239833.45161 1113872704.74482 1126643181.44992 988086517.40182 725791893.93352 1374265382.51696 525966083.85702 744175885.09948 555771349.86215 608021489.61261 201055983.16738 558686007.40093 0 970107795.46687 528685620.89112 100122091.5851 877238986.06201 1175001092.76246 924500769.40629 1157037041.24509 836624413.32766 868692932.28742 961587615.727 1396082470.73736 477841514.16334 198422556.80811 
324044265.16409 767343474.73149 357777784.43194 519568699.98124 488782325.62244 646974647.3574 1094965899.43963 532132553.67904 213154044.44526 922979450.30831 710417569.45994 353316082.2714 465601436.0424 143283319.37925 977722046.92733 301223791.03489 945797038.16994 698229252.22992 299071456.94822 491738993.23287 578983695.06324 431568498.75837 264263723.01726002 461004620.72090995 313853162.8435 338009803.69568 342776401.85749 291439869.53716004 844723955.82093 486180193.60725 726078880.05838 562852483.9522 469266866.89605 365293483.44982004 1155207605.02093 908225311.11349 970107795.46687 0 933543143.50822 1026346654.83696 205410515.95394 688176540.11419 176576569.52633 216310063.98023 233535782.7346 544060268.58979 230058394.97254997 426957974.75876 992806309.19949 789147899.97897 
613892812.16045 970980753.31759 1290775364.21625 923956242.43902 446157117.96428 686350183.42743 561082069.62463 415913106.32348 885211674.30811 631699502.95166 615778435.58835 580481252.03309 941494599.39569 1076700790.24892 192432638.10439 1225123619.54645 1556931314.93506 459947974.47422 726602694.68819 614959225.60551 1324225573.18716 636722764.56903 1083787370.1909 570675356.51604 832667671.81191 1181650207.36821 1218150129.44898 1093878696.8825 1129483813.82749 1170269459.85077 215126088.7357 1021060286.8482 487881103.39029 679606075.54488 547271215.11211 221259550.16741002 528685620.89112 933543143.50822 0 627005474.67718 954972528.88658 1413448259.62546 985806595.94132 1042136221.97687 927968782.7557 541661730.22041 912172902.50822 1326926169.76168 89940391.98748 424429539.68094 
760437217.86705 552135818.56027 1340089133.99776 1297097120.94599 678180572.72005 1157062988.21191 227336168.95582 732970202.569 856697371.78306 1212375758.05466 322456349.75991 765327973.01817 730875524.78482 1147486809.36869 447924092.90334 1247025439.97465 1201610759.68432 352051110.8366 727592693.01544 1005633466.34395 1125199956.84774 594888809.59706 1028914371.94205 930225130.62691 1118035023.32959 1148502286.584 1156596851.77451 1021712805.70117 688070363.86304 1447037130.53867 624591257.07289 747279499.3173499 632105844.7534 662108438.02534 301178074.75248003 657877160.4584 100122091.5851 1026346654.83696 627005474.67718 0 916902537.80099 1170250370.19853 965592438.72321 1220777660.20843 875237009.82674 960775010.47318 1020044904.57505 1449242996.97455 572960525.08952 298544648.39321 
359024961.28218 580124463.79997 424732946.25341 718123295.58317 526899678.13881004 809523910.7947 1004451260.19525 589412509.18479 89813495.65625 1066921337.21051 594483309.0924 402533207.02375 269686130.56887 256193196.28088 958606699.6925199 330192649.23021 759343997.3165 627971106.8043599 231579513.16603 635269067.5483 409978894.502 351745679.70122 129634335.23509 586884011.95886 504067247.18754 240339472.81064 266251635.35189 139832309.04014 644328424.99391 685621529.13006 753881675.02983 360357305.95514 475980958.37973 289891390.27738 1073426783.19343 938040995.47458 877238986.06201 205410515.95394 954972528.88658 916902537.80099 0 522408841.4961 50132656.233 412291954.15957 42391148.7425 671711038.50279 223931191.09565 553684988.12508 998691443.77312 718762170.63128 
867213337.55236 638722403.1700001 616025638.21492 1199806750.94622 1011871400.20951 1327652983.17628 1290306826.68244 1092275379.9011 575207077.98116 1587942799.79183 892290463.3484 912593073.96003 478627866.04832 634940996.04285 1368901033.24607 545703150.37829 284705125.77182 999323493.76037 708031437.57117 1156561252.57537 118208498.74522 777046772.83527 435366520.50706 1106063581.34284 1001847090.66962 443034112.69745 384816304.40594 404863038.35639 566571217.76549 1079036260.64083 1228540064.94962 433285392.449 947756110.83354 740804420.41649 1371381634.9062 1405329831.00783 1175001092.76246 688176540.11419 1413448259.62546 1170250370.19853 522408841.4961 0 523637504.63786 831158286.80975 527884065.19678 1193952857.18209 714319203.10568 790601592.824 1438422689.08487 1079307258.23697 
380900263.83007 627945871.1654999 380607747.94208 695612805.87238 545366766.73358 804022402.27931 1051681925.2182 610609124.94811 112044489.08944 1067483178.87861 643136142.97977 422511372.3015 315583825.31394 208169053.83361 996450689.0052099 281519075.05832 772213815.1319 670455009.60633 269423502.47872 634520219.07109 407916629.82973 394749217.84961 101720019.31158 588558540.29069 487000231.1211 199345214.82159 238679229.47382 122949544.02081 686285063.34562 646617225.7715399 782551033.81048 401605514.3809 501463693.19468 330859535.32164 1119858195.15487 967287953.00111 924500769.40629 176576569.52633 985806595.94132 965592438.72321 50132656.233 523637504.63786 0 373175098.32514 92473881.03819 676429459.24076 199332072.85025 503552331.89208 1032524509.36435 763144280.73408 
475887108.26029 983362113.59196 318590405.64206 416851509.51320004 624906676.60989 597528813.30393 1278866803.39507 634854317.12372 429060641.32247 890918529.29519 912048602.19529 489123555.29654 679135630.7303 197643338.45976 1118085368.91066 318281357.71507 1105878118.82258 880195082.63218 503855987.29111004 492725278.2301 714375835.75739 628905293.38805 416478989.15144 495419999.38932 321988063.11135995 394282881.37036 449652494.50143 450690764.33894 1056620379.1534799 273442127.4464 839150155.57242 772645490.49058 622979389.86392 567667293.4151 1332931026.35404 1010359490.68727 1157037041.24509 216310063.98023 1042136221.97687 1220777660.20843 412291954.15957 831158286.80975 373175098.32514 0 445484981.71726 563777343.52073 210993553.46869 288783140.66092 1112590629.45946 967409303.77646 
342812637.89901 541848696.45997 467007651.15863 736847218.35193 505424106.9003 813793000.31125 963834522.6358 571608082.00584 47422346.91375 1062952477.63943 552892535.54726 387395014.16238 233748321.75731 296645357.22552 925038912.50493 372121387.12053 753672429.19198 588250045.56999 201584144.26196 637453665.6320801 419167768.98768 315416547.30477 172025483.97759 580276997.49063 520117715.15127 278551601.41746 300136980.5784 167009864.86036 611559411.89436 718104710.16002 729316800.3438101 329337881.96219 444397126.6063 255932310.21018 1033841565.04063 912491307.1733 836624413.32766 233535782.7346 927968782.7557 875237009.82674 42391148.7425 527884065.19678 92473881.03819 445484981.71726 0 667917143.9355301 248856719.41655 595224395.88952 969088775.71578 680535341.70192 
355495928.69026005 1010906633.06669 863380413.74847 382872987.64808 303336660.76098 200578515.34363 962036244.28315 229503333.13783 621206766.60042 395435264.74484 748622093.53107 309866844.58929 813996577.5371 668569369.52459 678085586.06059 826417196.2581699 1416603603.66269 625713909.13578 522477967.85366 76718945.82733 1081435926.6536798 543637929.05175 775035296.22359 87977036.48913 319983345.35068 832646831.29264 884400219.2115 799345378.95296 1146123858.45876 636924017.4769499 378079413.91624 921870423.8285799 381678786.79991 527771590.59612 986703363.08076 507745471.58331 868692932.28742 544060268.58979 541661730.22041 960775010.47318 671711038.50279 1193952857.18209 676429459.24076 563777343.52073 667917143.9355301 0 516590296.32423 852560484.18165 626909814.66759 676620663.29409 
305706733.11635 776398396.41244 378604978.51824 496636022.37306 468593267.13039994 619466934.57869 1085786498.34553 509092911.01631 224028785.03877 896320046.92159 706348726.38397 332810145.81705 478346193.06396 165053445.30352 960263919.51482 319375056.24279 970065564.42181 688169039.41134 294724638.26625 463046491.00921 596655121.90008 426016285.01444995 279041131.26451 431813948.08174 288391835.65315 316926336.69779 370574076.0536 309732208.37108 858081657.38163 484435680.91508996 704740620.88117 577756328.90987 452401330.76661 358685986.67026 1144401563.7617 886175601.81121 961587615.727 230058394.97254997 912172902.50822 1020044904.57505 223931191.09565 714319203.10568 199332072.85025 210993553.46869 248856719.41655 516590296.32423 0 438682927.95844 972740452.9119 777994249.35114 
739940754.68642 1124012656.6816702 361861715.71362 610860887.19057 894930694.01326 886311953.9648501 1521415070.51112 918923394.22156 600883701.28267 1156836910.65143 1129717466.23369 762150529.63467 812200042.72204 303129022.28119 1392721234.78609 262773042.82986 1075073820.62641 1124929756.554 722408982.26068 777874540.1514 688897266.27475 856209665.02344 484981467.90329 784056173.97331 547389353.83812 390886466.48004 429926595.27017 513123198.70726 1161112568.77506 358924097.06244 1122066399.4852 882141694.83865 888265624.6216999 788447611.84966 1581883999.41084 1296322644.70947 1396082470.73736 426957974.75876 1326926169.76168 1449242996.97455 553684988.12508 790601592.824 503552331.89208 288783140.66092 595224395.88952 852560484.18165 438682927.95844 0 1394787974.90374 1215955075.35319 
669719126.02721 962127215.03517 1350580351.9591 1009722019.99978 504181133.32198 775702969.84478 493857481.9723 477980173.08856 928245712.42577 717611640.39936 606077237.3705 639937194.99058 961846814.95024 1136049543.41856 125036432.18618 1281051821.63364 1567130067.13953 457945280.94045 767931135.45641 699006818.41987 1353479582.29389 667305248.01638 1128325779.00821 651055077.73997 913903563.93029 1230771944.85443 1264064611.54323 1135982707.17175 1120517871.65996 1250814366.20043 273503300.84123 1034468006.66107 532238403.67563 715802804.32867 471531165.89641 133804776.73116 477841514.16334 992806309.19949 89940391.98748 572960525.08952 998691443.77312 1438422689.08487 1032524509.36435 1112590629.45946 969088775.71578 626909814.66759 972740452.9119 1394787974.90374 0 405847967.10033 
494571845.49768 557275639.35705 1126603210.02642 1014573533.77186 395129787.34337 873438167.98753 312708210.59729 454505610.13601995 651099791.64464 947310016.09991 203133202.68633 492566496.43085 603164864.64405 921314127.46412 304559894.1283 1040292437.33566 1177548429.73866 386550509.76766 500654688.91998 720662783.06072 1009261213.34032 368970315.00793 843178071.86687 645535515.79981 842409444.57319 958871960.30908 978670565.11076 841017122.28566 715356437.58653 1178150611.26352 361492381.30128 656922229.30235 437443051.08529997 435224296.5678 366821547.20256 450641223.58929 198422556.80811 789147899.97897 424429539.68094 298544648.39321 718762170.63128 1079307258.23697 763144280.73408 967409303.77646 680535341.70192 676620663.29409 777994249.35114 1215955075.35319 405847967.10033 0 
