101
d cm ah cs gn dy fd er ds bj eq q fi ep an br j at bt fy dg ad fn bq ap cz gg az dq gi et dn as do di u fw fo am bp bi ac cn cg aw dp ab bc en by cq fr ey ao g ee ae co ck gj dx ga ff fe bx gh go bv em ft e p y es el db dh cj ai bl fk fq cr gq dj cv gk cl fh v a fa cp b bn ge dw gm bb bu gc
0 559129764.81451 832804132.57534 982196818.37325 883922841.3183 557754092.93502 595960242.34002 686363936.72678 635366014.84556 314741038.31048 153134672.05043 584038039.30322 294754200.25498 933832802.47587 421098950.86872 584937784.02496 780768345.89406 1261566512.41934 456040296.45121 463856103.49034 633993868.22914 245327663.28909 499118693.78757 1222096572.6173 299096261.02507 987315068.57403 451810605.91302 439231695.58821 216046015.83626 98128779.66577 689278978.25787 1040864167.3121 370599642.33085 444592883.84525 128473255.93531 647130732.53617 599320804.72389 580738809.8494099 849261748.77748 208695648.68235 941841003.35544 373559153.75608 518706263.52364 479114034.57776 322286971.36219 493281867.67432 505769004.01245 875009508.50658 128132913.20996001 901236876.88325 195046063.38488 674156840.8584499 643492161.6255 807683626.02785 619706543.84763 961271211.44008 248629291.48929 415087770.19637 926572318.44165 165395272.14334 949050363.63121 953430378.3058801 1127503459.30107 1293175656.23308 200938147.31949 774060494.18026 730475666.03997 738382968.03121 282928669.71637 595815906.1503401 1221111568.18889 1031363358.2955401 868568817.71845 962584990.44765 1018354912.72931 420830484.25126 91959053.61595 1003206555.33694 1011592470.88536 430719046.12555 1110507202.31851 1109107134.38084 886797035.9678 992792962.78569 367483888.77139 823071313.20142 293901936.92527 939530842.96042 747032787.69214 942821880.67739 1129429565.70966 352102829.87185 860462691.55262 858326528.81957 772516695.57909 334550933.61125 749195324.74254 719572271.35703 421554902.65068 961434187.38795 343025898.69978 
559129764.81451 0 648315549.00738 918546626.49097 618991585.28657 178412419.11084002 390666907.04327 453050846.34927 88397940.63797 811625563.06 527295981.95002 130012714.02313 848565172.6441 600370494.47928 397390523.03014 444818462.8926 280500011.70372 715050199.42107 691663280.79717 335884551.91479 83796251.19053 461377896.09143 715297793.76711 727168417.1087 664991914.33105 441464419.94052005 991372863.51079 454135733.01703 770190717.86987 504765051.88009 149661976.07453 487956145.79762 195521697.74861 1002515508.31355 469894290.33578 125609770.24222 161661069.99185 393080235.59521997 517590094.38893 766450492.11855 1002257726.27356 188294284.88538 599032568.37622 311573258.92486 874225544.61962 1045056580.45452 53906202.08133 670967860.05158 645131285.62242 688999083.19708 564505597.94631 167133866.16114 855152209.77657 790008041.61271 557151194.62858 980204961.2964 750459880.20273 184603263.90048 706346237.20936 484874031.07934 640056746.76453 558018189.80431 690608882.19662 804421414.94654 564834965.24391 481647124.36439 531434789.57699 227572877.7215 276201095.09814 474633537.16125 733672012.24496 801512787.68281 347951670.12185 469139197.01898 1088819663.26894 415100240.8117 608957426.02841 1042572798.53887 460311673.31404996 361281249.70621 756632700.34138 788822176.66478 409970061.28293 459431293.28127 912292647.71553 843735028.28462 278193924.39171 924788354.91873 216061039.40393 394158831.03609 608341986.5352 411379537.46329 364994782.67896 302187342.93788 219143066.43729 674520399.29436 298124009.66827 166128490.2621 743385440.96861 450798918.61613 243461322.69081 
832804132.57534 648315549.00738 0 289357879.34554 116814813.84074 780153650.771 277083151.69223 1098658507.40647 701508219.95207 1146280598.74506 922398349.87485 519933967.60852 1077430835.04944 1238869359.88671 416030088.20779 1072557805.28018 878143342.59594 857201157.33518 524022045.53215 938857543.32602 619680329.4315 588153244.83396 507142577.66891 656419337.90258 661593861.5345 901637729.03673 1057084432.71032 1028558432.35987 948728805.6404 734732788.32471 744554632.91452 753614649.76123 629208145.30193 1168725620.2202 706862068.98455 660925068.61325 809976618.99923 283445336.29601 1160381688.25089 983686973.61801 450566302.44123 634446970.39258 1172699414.8329 921663191.89907 1012670085.1550801 1140420133.38597 660708227.76104 44541628.5499 827593587.7323201 70598923.99964 672011318.81601 533891746.43644 533120160.20766 241593050.78186 1175948024.17047 395757228.29076 836234487.50659 560497609.71639 1354648646.04592 668150301.83522 200180007.90926 328010242.16479 479621993.13837 692617824.01227 667738386.89077 188259730.57043 1176285657.76906 829771853.19798 708342463.1898 239406478.25057 638514133.08591 198559225.7202 556298065.09974 515950540.15465 522267553.13408 988389174.5421 804215515.92853 460705188.32639 727357703.91808 417225838.93246 349718018.25789 314662300.52412 1000303588.72457 636423639.1661 1015077496.41726 308078694.61919 630319446.55949 327012297.14873 797047250.53553 677389906.62381 669703167.0782 950420983.53522 946742086.29683 725226190.30867 741865975.546 1125625579.58882 425831618.62036 637603300.55875 624669979.23845 556953681.72681 590711339.82973 
982196818.37325 918546626.49097 289357879.34554 0 380718850.45281 1046396237.48967 530206778.74744 1360007477.22926 979493372.1845 1279792951.22724 1099797696.66168 794246250.05407 1176462125.78351 1516434153.19284 610634835.10575 1321636257.89967 1162001842.46635 1116239295.57725 568999512.44719 1181556050.92581 899328750.34266 744184727.67821 531332800.46037 891170708.59756 739766908.36923 1190841622.57171 1089895245.09587 1256944450.2006898 1043854362.80131 887258064.09789 1026144766.18787 1036080754.62964 865138210.4494 1232587477.8255 868812573.05207 941041661.458 1079670600.79293 529651138.22359 1435947381.86241 1089336390.40587 214936240.55081 871358502.36963 1394656214.04189 1167713840.70259 1082419906.24311 1176863602.39092 923215719.54648 289863682.60004 943940182.37912 288693598.78009 795099164.62846 818245524.10452 475632293.56942 175346535.32 1418052555.04068 155045625.06491 911905314.20887 802585065.60836 1621757087.87304 822154496.7612901 436053653.02971 590074563.1775 711544852.33512 910476047.67473 789717713.3710201 477617609.91596997 1436025642.67736 1112385979.90109 927027263.15337 456897380.33454 875757691.73093 289334691.73127 844103161.08284 793284519.74858 263443592.49045 1218276165.29976 929901489.28287 197158444.48399 1011050754.4173 626490328.69238 528874729.65198 464732761.88161 1286158608.63776 917389775.5485301 1069492857.26302 182417190.2328 845272691.14408 84865701.82638 1081240252.58453 964034066.36414 929923517.42235 1171215844.02168 1232934566.52874 1014569765.68328 1028826933.44975 1304006508.2613 714893867.17851 920671983.13478 657756176.53467 836966497.2427 815536201.89176 
883922841.3183 618991585.28657 116814813.84074 380718850.45281 0 752686751.28557 294042544.53443 1072042431.6358399 659501324.62881 1198630168.83895 957987274.0195401 489090712.71911 1144197494.09857 1191311612.14933 463008361.35121 1057726220.75389 822540075.76485 743634754.39929 626365923.06557 931458345.61051 576669165.57703 644358151.1697 603314092.12848 539757735.36821 744032221.75226 820275751.59906 1144670285.31831 1030829599.57588 1018919054.37842 787110087.53316 695348353.8663 655705113.96282 635310673.79676 1246094081.70795 755724313.78168 616080568.74443 777429796.26181 306649481.92635 1116848620.62254 1049502492.47984 557356902.19423 639549397.4521 1178356214.72372 911748621.36196 1091874974.22644 1226089630.03012 640480699.33831 93475947.35495001 892435170.80209 92400905.53163 738756176.17637 483261246.24324 649934974.0484 357628730.8918 1165778770.30205 501274123.95555 917969189.5380399 564267508.89279 1319540039.04292 722871159.08492 83390802.47104 214505001.18568 363080239.42925 576027704.58719 735077569.19122 137864734.13645 1150339446.5803 777322786.94631 724609600.9324 293929234.54843 527293078.82506 182535776.48054 469715749.92978 412617438.8543 628550852.52329 990197238.53829 866079836.5175 565014560.78184 631158584.53782 454906243.60361 250536105.03734 227733877.6207 938913173.16464 536759513.98763 1097207940.91052 423632056.58101 651933657.85573 431301469.47916 741586114.9316499 586770819.41888 556064183.30455 959372802.29058 884902123.67695 649452597.80917 679754634.15967 1157090842.10122 359480476.83644 576579816.8821 720138981.62044 456306119.2294 607003879.26156 
557754092.93502 178412419.11084002 780153650.771 1046396237.48967 752686751.28557 0 516265201.66956997 319511743.40615 127625465.07748 768394230.75487 489809686.94405 263652534.67981 832131488.90132 482384072.30762 495691202.98674 315388915.73732 224590606.37837 776994093.99213 773704835.55171 224142298.84013 193460968.01843 518912692.95919 801969363.88443 825424255.72822 719743722.88036 438083301.89466 1005747195.18219 348367761.08829 772514972.52499 525381183.64135 153620319.62087 545760898.57755 241832927.54866 993003263.4471 492745128.46826 168649725.59093 43710273.31054 518004233.03194 396496449.71741 759038045.90565 1120007965.02548 234885942.83518 486971712.74284 197413798.47785 878788492.03239 1049737601.26125 124506217.02951 803792441.57421 658707660.32826 822169920.89191 606369885.91843 290274769.55326 948197552.36982 911865806.38091 429395791.5183 1102082602.90348 776943181.95591 270366525.86088 575674631.73203 522813614.09782004 772906801.75789 685248011.47035 807805345.87064 903612922.38674 609216726.05532 615306838.93819 397814551.32254 182535947.89535 282241641.54833 596356581.46864 834864300.9404299 935205594.17757 447787466.16697 576077342.62303 1206747463.82229 313207225.16847 623543382.87624 1163123720.94842 522062616.36563 462959947.37421 885823971.3821101 919930453.82863 339085358.62857 544186722.02534 922792747.90621 962821740.78252 320319788.54045 1048792500.31219 197137266.41071 464349872.13759 696026523.05954 327532315.68866 306503408.42743 346292915.54458 243904583.28517 603363430.7478 426019805.04115003 250144305.43633 812280313.09599 550611014.57973 304695418.30701 
595960242.34002 390666907.04327 277083151.69223 530206778.74744 294042544.53443 516265201.66956997 0 830639464.81241 457016508.51522 909691683.18395 663944729.48511 270672604.73836 868159063.67278 989774340.2879 182366048.97154 798171693.23117 647727640.7848101 807872478.926 431539808.18801004 663808612.26536 381024847.42584 365097494.0959 434038549.28074 684527075.53934 504820407.11619 725598376.43496 904352587.47224 751583371.37159 748813170.67686 501094265.03954995 508817682.49654 640977844.97715 352232733.50567 983888739.17662 467524869.03702 422566612.08262 550064100.3109 18478726.78474 907871979.17168 773428977.8892801 618954606.44212 357405276.24709 896106908.4889 646081068.28756 830518703.86031 979986829.92649 393086314.55343 310172439.29596 617428114.58633 333440454.41321 470052134.05083 317062939.83624 538653830.77699 402483337.29141 899898736.54092 592700133.8139801 661289176.78447 283445708.96646 1091577227.56605 440451283.28548 353594795.34801 372587343.60131 553493827.10582 748545757.43732 467394820.94925 178555021.03007 907241663.39235 595830346.56353 441046351.64186 95120997.41505 676295856.24949 461671964.53452 427229576.11241 456356868.95768 704763256.8988 711365595.61547 588192825.71061 655499335.66465 610353639.24383 165499610.65144 514732899.71679 515314681.51193 776320790.98814 542995858.61692 845911918.04155 459624132.39267 359257728.33689 535313092.69964 569440743.16295 545297634.67217 634884979.30665 674488104.59491 725116312.29003 545280352.97439 529611874.38438 864155125.25179 268625620.84617 421595569.23305 519731171.34679 486858983.50335 326220892.56259 
686363936.72678 453050846.34927 1098658507.40647 1360007477.22926 1072042431.6358399 319511743.40615 830639464.81241 0 422194759.56539 774393279.4911101 558225377.50085 583063560.3724 895513678.40004 251625473.38578 781957016.09515 113630443.57219 345890473.02209 971942806.87958 1025842520.32462 226224816.0182 502136718.84528 751489034.2518 1059937764.22045 1081978094.11883 931043959.51076 561513854.32145 1123071907.91909 271233462.88114 882277720.3069 700030360.89823 407650546.0515 753727857.03086 510923378.83987 1059409089.53399 679679705.62299 467729172.12935 295798686.94148 830392219.57615 175457245.21756 849634215.09785 1419108953.92834 503872334.99444 319941081.20543 240269210.50432003 984025358.21745 1144590661.16777 438335583.59888 1123056061.3156 802931185.57273 1141618600.84856 808377496.39114 600196751.03124 1211593922.841 1218166494.95429 183642489.94254 1406862546.38677 934103188.41979 563098711.46965 267348995.78148 725299938.82001 1089521750.86928 992315225.08262 1096819519.3611 1159486847.95716 812777116.95443 934674165.90425 78588125.15621 356726913.07574 492374234.09411 905675755.3613 1096167332.03337 1254406787.37249 724682399.10502 855452406.15481 1505577116.54783 272633786.62368 773882205.50636 1466123486.38284 739277966.99773 754160825.91777 1193655809.31544 1232672681.27022 348578851.67664 792217724.61274 1037317214.60547 1264969151.86786 563652881.82262 1357265140.62756 397269305.30159 700580798.94284 940212058.28879 338576800.06446 365725014.50668 568788709.49503 473346592.89346004 558282261.69955 735696666.65575 533939994.2591 1041508617.03742 821097297.32062 571289892.61679 
635366014.84556 88397940.63797 701508219.95207 979493372.1845 659501324.62881 127625465.07748 457016508.51522 422194759.56539 0 874481595.66407 591273109.03329 186343903.77686 922369873.08721 537567631.47845 481972233.84334 436632461.4101 196172592.85765 657202162.11099 778830056.77902 351701815.59132 82840648.38906 549465942.72776 801449667.9338 697798791.40526 753158027.19471 355321749.6865 1074319028.6975 475730155.72458 849637444.46098 587656298.61409 61310514.03419 426571763.97301 277769084.4673 1078966475.09487 552047857.03344 45534412.56396 130097402.78062 462535885.71361 459153154.48337 843343356.84534 1074573836.7683 272537135.6713 614513273.69257 325029917.15647 955316006.5345299 1126309747.80438 142304142.7193 720001288.86788 727151887.45372 735911497.06821 650141223.65479 179002855.46487 939820937.62267 859283656.3341 551142683.86056 1048973794.05881 835368094.63287 272967325.08076 660389598.88506 571105735.49071 670321889.4396 570343927.94566 684090648.49273 775989206.92815 651952004.10764 525088578.43348 500435999.64171004 142965238.63776 352447164.98804 546186694.54509 707308149.10005 841193368.37272 320559445.84748 449594549.75997 1160777644.6591 439888712.55672 690978027.85971 1112301468.07984 401103742.26184 445542974.99619 771609946.42313 810686021.21706 326409475.56664 416875117.70621 994203820.57649 915419560.00314 363375914.35347 991160799.9206 133042602.18667 340266889.48149 569058972.54063 449404568.00596 279337720.73041 230127037.87776 138275718.15489 722111064.40435 313818376.62902 122627279.24197 831655416.11145 423158629.95294 330971005.72726 
314741038.31048 811625563.06 1146280598.74506 1279792951.22724 1198630168.83895 768394230.75487 909691683.18395 774393279.4911101 874481595.66407 0 284362817.40235 866809524.74855 175000846.13786 1022030968.67598 735838263.69823 660762835.91892 977659443.38481 1526664080.13232 724979834.19396 595977699.24579 894123290.13003 558127353.9111 767572147.11345 1514448272.1008 551376162.85208 1204662026.75684 438156348.79689 505964541.97607 269883546.28334 412162228.0496 918490647.46148 1298567144.25177 645999463.93306 309371808.85492 442940243.45934 897291989.9269 798784519.11469 894806610.72447 949837172.56664 213608261.60798 1214643364.8052 646763335.04448 493213471.92371 618257326.72705 312988564.16803 420003884.86574 757751593.41851 1188838593.77358 336830577.22009 1214986941.74665 485578471.6419 951976928.20224 888523066.60714 1104447333.38543 638434595.44594 1243433614.47688 406985316.59595 705830812.04991 954795683.64715 478175686.95779 1263145887.44488 1261441872.17919 1432104564.27361 1587958342.61851 490894309.49517 1087250292.25549 788569203.17102 945952725.98674 544607199.65038 909830206.62147 1516227918.95938 1344800406.58785 1147548092.70847 1252453168.37559 1284793953.63005 513604016.36105 350146629.72506 1278420418.32357 1271354245.78648 744866857.79483 1423598296.19353 1423524776.89525 1058871160.82201 1267182291.90667 367811299.09135 1111833613.89978 584288630.82687 1229871565.85222 965285059.74131 1205780374.08321 1411042463.55422 462478110.91765 1046138895.94147 1104404951.00771 1007881491.9376 223557237.54095 1043611581.89095 977741968.40812 666685567.80951 1245658805.5568 635473906.0984 
153134672.05043 527295981.95002 922398349.87485 1099797696.66168 957987274.0195401 489809686.94405 663944729.48511 558225377.50085 591273109.03329 284362817.40235 0 586583695.36894 349595180.82127 809335642.9549 506959063.71111 450648036.71915 706121091.97948 1242303986.77549 599194758.66453 346946696.74787 609820534.42397 356322256.62072 641676813.21251 1235018163.7979999 449923064.26978 927851865.1159599 564853443.80168 297589439.63637 324308750.50144 222844623.94893 643430006.56492 1014378253.85922 366329797.10066 514097619.9009 232717835.80414 613111236.26091 523214501.84213 651376070.48603 728084163.10647 292395929.97429 1077174209.67855 366361453.58603 365892905.554 363910035.40807 425943567.85917 589092975.93692 473389779.86869 962213332.69813 263710762.83172 987651655.44311 341472542.84761 669760029.1084 786785383.97313 927921136.54045 473976796.07087004 1091312719.58173 395512551.04832 428646674.32272 785614160.40703 286363803.67193997 1014906308.19884 996406780.4832 1161663884.26743 1309533566.46027 343929246.3513 836193613.4195 594193372.40842 670488949.17337 263563568.53107 683143177.96486 1237366952.97204 1117986172.7216 865571025.66433 972725007.32456 1156222705.05957 288606516.98488 244130725.08273 1136869741.97687 987057237.52334 506143408.83482 1169244359.16961 1176611996.53532 798367402.95894 983361553.37394 479528451.26425 949957047.18835 314550454.87077 1064046064.26455 686851019.98884 921417988.24767 1128344907.04577 219847292.57981 782753035.2844 821019214.62362 725828734.36506 237465804.00018 767273960.84891 693380430.15398 572388985.41818 963983336.58397 365740772.92631996 
584038039.30322 130012714.02313 519933967.60852 794246250.05407 489090712.71911 263652534.67981 270672604.73836 583063560.3724 186343903.77686 866809524.74855 586583695.36894 0 878762710.00982 722190020.80416 321276514.87025 571599013.9718 377847983.01838 680333162.74924 624228240.23538 454186016.71034 111792991.86872 433332034.42341995 641434396.38571 648434468.42906 629329016.83176 485290716.81684005 989490192.03191 565654386.60004 784673677.56693 513523196.98151 238677437.74569 468280953.86567 220827488.17863 1023174460.44553 474884787.02777 152616236.01155 291673784.01497996 277038920.99265 641701131.80834 790278563.75498 889151249.43703 220326023.67239 712908539.04234 431774941.89387 883951521.00193 1050914127.86206 156199750.40823 541519485.85012 653490729.8746 559233125.82954 544447054.4483399 91618859.08888 771736518.03307 673145123.2299 682346696.14446 862710378.23516 741620853.02043 169239238.60349 835113869.37858 476789989.4282 512669197.88644004 440462892.8811 586899743.1487 723113901.05942 544668406.34375 351654323.30225 661439714.52793 325690101.81268 323057115.04718 361274161.47125 651016859.40847 671587635.14207 284534430.88274 386208640.82922 975173161.40685 525535922.45224 617316870.28059 926154669.80277 437617010.41127 283812684.03908 635413770.34657 663802077.06753 507245217.11302 409169179.30251 915428980.89129 729961830.90957 290148792.6294 805985697.438 301060717.98469 367392905.10535 547016812.88152 510544218.3081 457082032.81316 314930680.51902 276194698.14902997 761207401.6282 186780408.3072 171867476.65988 689645439.7453 379377376.13769 253338146.6179 
294754200.25498 848565172.6441 1077430835.04944 1176462125.78351 1144197494.09857 832131488.90132 868159063.67278 895513678.40004 922369873.08721 175000846.13786 349595180.82127 878762710.00982 0 1146862806.64112 686592691.16997 783610735.70854 1052555919.90125 1555965316.04559 608965941.85585 694455423.22177 926570252.88117 503197629.90866 649115960.53044 1514029478.08622 436695732.20105 1269050695.94379 264052044.11463 626024335.23931 132621739.77551 374346318.42308 973370859.34843 1334106508.11377 664458131.51833 164926394.56501 412070100.51731 937460857.39697 868124706.65639 851471055.1873801 1069096741.56435 135339408.21292 1088991813.61698 667083778.2223 642356306.33859 713032195.82798 139706522.28791 256202922.67694 795518479.43223 1121648901.05181 251843589.91428 1147956281.45521 406027118.46007 968789113.63373 754016934.32186 1002551677.26262 779617221.48486 1124741122.94824 268853756.77614 709721160.15259 1098745586.21867 429294058.56647 1215414289.04962 1235196012.13806 1412381140.31693 1584032070.37566 410043478.6117 1046286481.78166 920600864.87969 1014432660.87341 572367754.82484 850351964.36116 1512183998.93166 1274686636.2398 1163281657.92058 1255740262.33563 1153151831.4495 625738323.76002 288017449.50829 1153738319.19798 1305110438.70123 703891339.21745 1380891720.41548 1371844508.51277 1147748935.1873 1287541891.93975 193135760.64215 1001102765.82166 588647532.95501 1118971475.97921 1027522067.17946 1236684200.72324 1423802594.73566 563148465.94704 1127809078.50573 1148626854.76536 1059295216.40776 376997703.49896 1041592478.24089 1012104256.3386 531120046.66565 1255650793.4493 637530102.6851 
933832802.47587 600370494.47928 1238869359.88671 1516434153.19284 1191311612.14933 482384072.30762 989774340.2879 251625473.38578 537567631.47845 1022030968.67598 809335642.9549 722190020.80416 1146862806.64112 0 977073422.4611499 363431692.74693 373479933.4367 918596991.30068 1243736708.96817 470087352.27981 619197088.75929 975574019.56734 1275171964.22878 1082946470.30242 1164643146.09622 503259961.78148 1374029632.5251 520997636.05354 1133007298.33892 940401337.44823 501678005.24814004 731847965.81836 713264414.5285 1310508373.49019 916638195.81651 578090047.43656 461161688.84013003 993445826.94236 104315241.6033 1101086634.85075 1601118003.6589198 706039988.3266 547042063.84531 461090104.87275 1235263730.41717 1396212130.79391 605967153.58824 1256213439.39886 1049757551.30261 1271142776.62723 1043843913.74229 708494314.63692 1424335448.54635 1390285906.2025 396790966.75397 1580500078.13591 1180085287.40547 751633355.32391 189762469.37495 958887550.21983 1192486834.37561 1071171831.24757 1139490828.38783 1156023234.22442 1047398506.33414 1059905855.42818 237544105.51845 414665341.18115 717300459.75482 1074711194.66426 1101992084.15213 1370775616.06628 774909981.4789 897678615.96609 1687812826.83856 524181553.0311 1019521708.92523 1642641517.73314 727522401.69933 945314581.76739 1268720613.32113 1318401898.02579 285520382.11707 804832126.10189 1288182794.52991 1443188962.35146 779504159.55298 1525044096.06094 452404660.66249 711401123.43183 936015355.86063 589501026.87192 333310331.43866 589351868.97441 521807733.14573 802533872.84304 834437218.95056 616613160.27652 1269826837.25889 855085730.31016 776556859.62493 
421098950.86872 397390523.03014 416030088.20779 610634835.10575 463008361.35121 495691202.98674 182366048.97154 781957016.09515 481972233.84334 735838263.69823 506959063.71111 321276514.87025 686592691.16997 977073422.4611499 0 726495644.98755 677404447.56467 956683400.59291 302972343.03759 582556784.07218 426063549.34223 183441440.07262 321122813.98993 857242108.8831 333751514.6018 806310797.33486 727130050.22993 648234753.22989 566447121.70532 330715258.89424 542172043.7541599 767538235.90247 271091852.03769 801738773.36586 308114146.81094 461976298.81692 536942010.77399 165152604.35732 890006371.61552 591708951.59489 638654439.34326 278108186.22701 784344820.49342 572419465.07315 648548745.38864 800772362.45733 375557586.87612 456790984.35151 435398199.98055 482528347.04893 287945341.85861 401178499.0891 458075294.40185 449284935.6717 815238100.02025 632319146.53758 481516503.52203 225440067.13724 1049192860.04148 263501075.60527 530265099.7438 554953392.57285 734295320.68812 920714828.2408 285448238.47033 359777177.39826 853318511.09306 624184461.52982 317758763.7823 176645964.53229 851830438.03986 613050303.98825 559873056.59702 615609099.95186 724724167.6288 610347231.35034 406536736.0156 688579806.20382 736289995.54675 37509875.78477 695658317.0613201 689439180.76073 807340523.24862 684690645.05346 665851054.84672 488241599.8121 235870055.88977 590209872.85519 608402625.58453 667095586.28155 793956195.01919 561108365.79303 761230894.58415 634523772.97435 590038234.81172 710955854.57411 407570015.31872 493089884.16915 372998105.85371 629810668.96714 212841968.20647 
584937784.02496 444818462.8926 1072557805.28018 1321636257.89967 1057726220.75389 315388915.73732 798171693.23117 113630443.57219 436632461.4101 660762835.91892 450648036.71915 571599013.9718 783610735.70854 363431692.74693 726495644.98755 0 409947580.99251 1036918768.08199 949249344.77531 144991023.61861 508593627.84369 675572850.86896 985874410.89056 1123840120.35121 842985835.91335 638785707.5683401 1014956323.84651 157603019.30895 774908085.34918 607411294.38735 437663441.5026 811691331.42784 458247805.33958 947100619.71775 590672729.7859 480611459.0671 306535058.62948 795467325.53148 289087321.50512 740720347.66049 1364888782.09091 451683106.06027 218281415.30312 154464205.76113 875327822.77839 1034064912.47468 417364748.44745 1100591483.30529 701958008.3304 1120916069.68688 719892933.17453 605662429.99089 1138256084.84146 1171699283.34943 114964895.7338 1357880365.73933 833539129.8316 519063312.33461 345116263.77905 639121079.2634 1084268211.85824 1000588730.32843 1120337442.38989 1202040699.22606 724696953.63791 919877039.79282 186574204.51405 407039283.69906 419754692.05912 864738973.87242 1137402773.2272 1239404014.84376 753724138.41436 884130969.28091 1450670053.94438 164982413.73226 674399854.01833 1414976801.44316 793832478.60424 702352337.6763 1200622323.24022 1233640584.08879 440136219.49061 836368597.17852 929287713.32748 1214296586.37233 497218206.44139004 1312205766.12217 444157198.96889 747521070.88807 986729952.95483 233201328.27029 447611313.80893 617515620.58135 515652357.77805 445112711.93813 740583118.06294 556623392.21117 957269391.37805 854368680.95741 513667340.85482 
780768345.89406 280500011.70372 878143342.59594 1162001842.46635 822540075.76485 224590606.37837 647727640.7848101 345890473.02209 196172592.85765 977659443.38481 706121091.97948 377847983.01838 1052555919.90125 373479933.4367 677404447.56467 409947580.99251 0 628338630.66557 972075063.9387901 393695990.57816 266702793.35897 731690442.45785 995550993.57083 741199652.32047 934770598.46074 234094685.78409 1230337764.72082 509760990.09894 996686895.57115 749042894.39234 139196221.66861 407840242.64024 453262874.85751 1214719641.35812 715606795.10607 225289006.71634 185131699.84004 654776474.31822 309767456.21171 981936602.9699 1266653010.4789 446949995.68034 622507319.33435 366465404.32357 1103022873.41396 1273923346.50318 313296288.08327 891929670.39648 883222790.97383 905247768.79088 825331214.95305 344276862.28959 1135357139.81192 1049596591.35538 516917832.54611 1238440629.03833 1000452144.34196 462424909.54806 528012344.81578 742723353.97338 820045716.80781 697880633.965 774725714.0649 817734536.97101 827799862.90939 694526969.39139 413545762.53327 53219986.03485 506048779.31733 739122144.48963 756775400.9206901 1000157513.69454 404660476.11724 531278393.41511 1352479420.63693 486601378.61595 847979468.56551 1302378625.93032 393765863.29951 641155602.94188 896166323.30324 945017179.30657 130251792.21463 452628035.36411 1147338234.87113 1107330309.52956 536676643.19744 1178715787.70425 81236849.78796 359230114.52035 597123546.96885 519767001.63516 85250425.18583 228550880.16314 148528564.14179 794558523.31296 463594048.6278 245960258.88275 1019969862.94741 496969440.63664997 512577309.18918 
1261566512.41934 715050199.42107 857201157.33518 1116239295.57725 743634754.39929 776994093.99213 807872478.926 971942806.87958 657202162.11099 1526664080.13232 1242303986.77549 680333162.74924 1555965316.04559 918596991.30068 956683400.59291 1036918768.08199 628338630.66557 0 1238932259.60947 994230567.04289 633012911.62721 1105006053.16362 1241614705.19956 261749210.07709 1288652631.04194 419087910.90113 1666132907.47162 1118445569.96727 1464967869.48604 1193169846.1772199 623936654.91414 231234642.39861 891620449.63366 1703116258.92419 1154428603.36404 630086535.93736 759532552.08061 825401824.96872 891589172.40354 1469239681.21625 1300966609.88933 889220310.90912 1244479483.16114 967021321.69866 1564102730.85921 1730236543.01982 768940008.21868 836985240.0603 1333180293.87743 831935104.23805 1218229456.4264 588961514.29553 1334278329.54315 1095351012.97743 1145223921.81133 1244086054.65603 1417516715.0629501 849090241.37854 1104201810.89194 1155562108.34335 680266013.64702 529190915.17039 431731053.65382 300994828.05909 1217851570.97619 701127174.72138 1034165374.86083 631275578.72955 987156242.7729 889613219.77118 288639660.24552 845603943.5563 400614219.12799 354830664.92493 1371322136.56552 1086662492.57137 1297636142.53956 1306905884.48128 262483916.81904998 923074061.74242 624113173.88874 695702904.22378 644896604.34184 274030438.62838 1594385086.24118 1162346106.81946 968482366.73774 1173933253.36821 597254005.21556 332509037.33083 187633142.26142 1104406955.36897 612029530.46942 431264058.99043 534623915.02309 1378990880.43786 549251666.5508 548924863.29792 1323749990.28252 329518220.25373 921420270.78205 
456040296.45121 691663280.79717 524022045.53215 568999512.44719 626365923.06557 773704835.55171 431539808.18801004 1025842520.32462 778830056.77902 724979834.19396 599194758.66453 624228240.23538 608965941.85585 1243736708.96817 302972343.03759 949249344.77531 972075063.9387901 1238932259.60947 0 805931963.42237 727727345.88605 275599471.0996 204981849.29837 1107219259.87941 174193079.32856 1109272436.45404 537487999.69939 835626607.63931 476675279.28203 377021156.86327 839851381.50388 1062583052.91709 533019325.97974 666680066.84541 376215332.31927 762310438.52717 816908738.74698 413697470.72774 1155491847.34706 524670426.73937 490658820.57347 540158077.2044 947726128.63548 803577762.76597 514472966.44163 622804905.44313 662284258.81013 567900919.8139 389506033.87202 593567214.1811099 261784307.04985 703131546.00791 191041905.0849 397308706.46968 1017262085.32258 518829033.55191 342905801.76168 509650154.39073 1289800801.55275 322569364.45147 702051872.54197 779028363.82922 957881065.9063 1161624309.62374 255878305.83633 571954585.6455 1088731004.97535 918989565.26527 533468286.23051 358351892.76792 1096297992.34049 707154682.09581 850863587.39379 887752535.33383 563972190.43925 804548889.55225 383782459.25763 553887530.13292 1031447911.07164 340471424.16983 867275173.47162 838212125.46551 1099849213.48953 971387230.11269 505522235.21051 392141805.91633 464551443.04314 510026305.14726 906434673.02427 963444762.72943 1066063705.19048 741673094.75672 1056465157.27524 937177164.39026 892049991.29333 790588878.31599 693364144.16052 796059463.03578 100648039.45714 909414580.80914 469576594.87796 
463856103.49034 335884551.91479 938857543.32602 1181556050.92581 931458345.61051 224142298.84013 663808612.26536 226224816.0182 351701815.59132 595977699.24579 346946696.74787 454186016.71034 694455423.22177 470087352.27981 582556784.07218 144991023.61861 393695990.57816 994230567.04289 805931963.42237 0 410831508.25481 530581827.25035 842178330.4713299 1049422895.84276 706029187.41012 625577640.19338 907882215.1613 124783906.97016 666661627.85195 473817790.17668 371908484.74101 763647499.79789 316508065.93334 859375326.63528 453716081.28267 391318507.74471 234880682.53934 658640505.5318 385804985.6752 638801929.48069 1220569579.73595 314684400.98194003 264187912.81799 27230586.25459 770753741.35583 935808500.00832 298105479.54366 968827021.56046 579670232.49087 990102154.21392 582936284.6713 502711496.26376 994329584.65231 1029186137.54475 237379216.21698 1214533127.84672 710115938.46394 380362903.2989 484529994.3349 500111446.51603 963482175.61233 892555343.33763 1025653143.89638 1127572376.96022 587725241.39379 794188934.02723 283214212.47664 370559127.22443 274963316.27085 725004330.33401 1058564544.80607 1111611452.51268 671074330.10574 798410203.6759 1306199181.70891 93231891.78942 549590374.26648 1271134997.26364 741592423.6862301 559357096.27881 1089372062.16855 1117501638.71537 463109273.0298 767501924.96745 822092460.28108 1070693231.73628 352227182.82278 1169915677.4159 399323624.14898 686528698.67649 919943629.71659 133745053.41258 453303286.43238 563706740.52272 459848175.93837 402868284.40737 633430770.55219 474004150.05071 817379174.88116 774165342.63177 369936047.64965 
633993868.22914 83796251.19053 619680329.4315 899328750.34266 576669165.57703 193460968.01843 381024847.42584 502136718.84528 82840648.38906 894123290.13003 609820534.42397 111792991.86872 926570252.88117 619197088.75929 426063549.34223 508593627.84369 266702793.35897 633012911.62721 727727345.88605 410831508.25481 0 516994409.80551 747184670.16438 644762872.11805 718522412.00411 384584934.03096 1060459498.0470899 531728127.46129 843784712.35433 575098763.2494 127916660.04414 407721381.6243 264206308.23332 1078339740.18776 537235831.50907 41813519.05169 206914025.33053 388183890.33207 541668030.31287 842673541.96072 999979453.8679601 260718376.55257 674994312.72954 385342588.75236 946628654.68678 1116357628.34724 137702453.27186 637551969.36005 716159234.03024 653245636.78921 623724928.18494 98202407.02482 880607646.88233 783065261.8408 622856759.53673 972147229.23162 815965825.8242 238461886.12218 743230247.27412 549211911.97057 592972723.26994 492794018.89019 618750761.75824 722277219.92012 624831454.14556 442686001.38292 580583916.32948 214922752.68251 354991246.7564 472655055.30661 652793767.39021 758415349.81646 265080519.44827 388561157.35973 1085786242.65221 494590222.13241 680015091.05482 1035948272.10177 379170869.8549 388743654.1611 693550881.84965 730636716.07308 395680121.92241 375662847.31117 982628332.70896 840648979.81851 346848500.42775 913164806.23555 189272122.19394 312069707.9327 524629780.82592 493515873.80283 345305043.67314 227900888.26171 164401706.28031 758316650.48489 233938918.36337 85583165.93459 787790744.80821 368436927.34573 305979231.37122 
245327663.28909 461377896.09143 588153244.83396 744184727.67821 644358151.1697 518912692.95919 365097494.0959 751489034.2518 549465942.72776 558127353.9111 356322256.62072 433332034.42341995 503197629.90866 975574019.56734 183441440.07262 675572850.86896 731690442.45785 1105006053.16362 275599471.0996 530581827.25035 516994409.80551 0 313016462.52119 1027755852.89628 203768524.18266 899604742.5557 561868759.82846 562658070.86997 386463216.73039 147273818.82162 610329221.11546 900528989.19953 279675220.16305 622068041.2403 124672706.73832 543865374.01426 562622966.26973 348273425.27872 887301719.23523 408331483.79338 726402692.97029 285288488.71393 681533116.81751 528953193.32732 471289737.69624 629997274.9008 421298642.69578 630746648.7809 252389853.90597 656918678.54452 113481421.40086 523482201.05077 465361108.0502 571687791.00448 743024885.15031 736650707.97377 313004943.26869 279168820.78981 1014787770.47361 80059635.53265 713281435.84335 734507542.67285 913578361.62008 1094104427.13504 112863762.85801 543091032.88087 813608872.80245 681048613.90036 259571878.74804 352522559.7909 1023248351.42075 786712470.5541601 704463928.18755 777476761.49899 807889444.91383 530332968.08865 223095331.61471 784363939.8792 869620691.0903 202161616.33656 877694090.50682 871286756.94694 855177646.15698 831009352.19843 493898276.22172 594345045.46003 199187837.01416 708678613.99974 675929242.78459 799315244.00115 953028001.78299 469080225.88419 816653510.52164 742546152.72264 677310886.35599 560176018.82849 563511499.7172 597034350.26528 295062963.2737 785522176.09476 219329014.51594 
499118693.78757 715297793.76711 507142577.66891 531332800.46037 603314092.12848 801969363.88443 434038549.28074 1059937764.22045 801449667.9338 767572147.11345 641676813.21251 641434396.38571 649115960.53044 1275171964.22878 321122813.98993 985874410.89056 995550993.57083 1241614705.19956 204981849.29837 842178330.4713299 747184670.16438 313016462.52119 0 1101641348.01219 216195984.26137 1126224994.14519 567225465.93094 874768331.90517 517139279.25511 419234535.10695 862091620.99834 1070962805.66484 562727180.18117 701928206.70855 417152990.29197 782915943.16996 844868300.94377 416873341.53989 1187029291.17852 565926255.99561 447724741.236 569911187.36412 988569916.8818 838873126.94931 551124756.69975 653320130.30119 688098965.2232 546128166.19838 432368820.07096 570351792.31336 304655829.49548 717399651.78291 152414839.41503 361859693.97707 1055840959.59527 477003492.70979 381819500.26089 535220435.95696 1325102167.6374 363552221.22582 686082191.34638 770638183.80533 947800990.16543 1153880690.24707 298746368.4358 564407065.96688 1124351443.65079 942805221.30327 568936820.01981 354677315.12598 1089771072.11146 681041684.86092 857893255.61277 888643202.09449 520749642.66731 843105701.10917 426977847.21499 512215376.61215 1039960624.65843 358632689.7747 849090397.82906 817555190.56969 1125212304.39128 976596210.66473 539618420.31922 352712389.87687 497354495.80321 470162852.94219 928634963.78834 972771954.58817 1066276141.96991 780910903.72107 1080088682.35951 953826274.2611599 911080009.06604 833668829.59552 699568643.70405 812822075.3916199 128506468.08253 912784760.6953499 499217857.20733 
1222096572.6173 727168417.1087 656419337.90258 891170708.59756 539757735.36821 825424255.72822 684527075.53934 1081978094.11883 697798791.40526 1514448272.1008 1235018163.7979999 648434468.42906 1514029478.08622 1082946470.30242 857242108.8831 1123840120.35121 741199652.32047 261749210.07709 1107219259.87941 1049422895.84276 644762872.11805 1027755852.89628 1101641348.01219 0 1188360690.7177 585887865.30443 1584252314.63478 1172956943.89344 1407754332.78777 1140272388.10715 686492127.56709 352603590.0694 869015924.82185 1647381401.8022 1102330791.953 659448632.53033 823066852.80346 703004081.5148 1039225610.44079 1421957248.94784 1088740754.05054 868720808.16123 1312143081.13933 1022818596.79501 1499045590.59252 1656471169.61809 777293210.08869 630061642.04564 1273681176.77518 618567127.4868 1139860892.53922 567892942.9087 1171587763.95407 897227911.75044 1238012935.64679 1026571108.84114 1337438090.29798 811279139.91226 1259143619.1652198 1091175633.71992 464489883.07411 335274968.56074 186512513.38525 78296316.2938 1138246552.19598 537685481.02425 1153271118.97724 725271555.06791 971484928.73411 748870367.17701 90299788.06683 608595725.63666 379804671.73812 262296586.14771 1152433883.20963 1136264585.9427 1240163778.45526 1086637366.52188 355462107.97005 829397350.26666 375055518.84537 446566677.88201 797784200.81499 289786156.78638 1520790433.61647 962828329.96059 932158681.8646 956782027.3538 685021348.29152 381969537.80012 146950038.5657 1138258335.06502 753799649.57831 513587370.4902 610502396.1868501 1399271418.63208 477228012.19518995 575428328.5956 1200685799.29961 276523694.98932 882125450.77207 
