26
av t au y h x af al ag aq ai ak b ab c l r z j g n ad i k ap v
0 778855784.1871 343810830.64207 449304985.89897 467363033.28705 1056232099.22031 367739367.13174 989426339.89126 473212886.46535 87274318.31641 97301160.23038 1065261351.2284 728500884.66723 284208001.02062 272413683.48252 686712657.70879 251624569.61688 304510346.51813 297503137.98088 138499822.00251 663373369.25371 779633706.02918 678377260.44729 372854849.68671 533259725.18284 365437969.64875996 
778855784.1871 0 464444530.97279 812981424.59326 314575749.04561 526580828.75057 647560225.89182 330008747.10899 532418777.74003 781865970.5778201 814151006.63527 712934881.13042 1365364078.75554 1029075019.39624 911278415.51455 899782362.05383 935514491.7209401 981471758.90303 490881156.90012 643069583.08283 491585679.33463 194735620.93836 740355538.91836 436970230.3312 363456232.40578 546989211.11052 
343810830.64207 464444530.97279 0 405505422.5694 189598848.12654 857482899.55414 230745309.68727 677850062.94115 211856239.29155 325488075.26899 408712948.31724 952781224.8409901 1036016863.04714 593769330.4303 448098370.42501 786718679.62148 559106123.22332 611759539.641 59178612.64337 231529438.23288 556068180.79742 523046376.66653 697762192.64743 218173787.99833 194531923.87921 207494966.36184 
449304985.89897 812981424.59326 405505422.5694 0 592313693.53842 1259250168.18851 175838432.99131 1014245076.58006 304528496.03985995 363981285.56963 546196819.29136 1346416029.41768 1145601361.03126 586620419.89193 265238537.2225 1106797352.44024 692085628.66697 738397487.3914201 427968369.17886 465847705.08932 953611701.696 914558291.48201 1057430810.99036 607699024.1182 451067543.13302 539297041.16272 
467363033.28705 314575749.04561 189598848.12654 592313693.53842 0 668089800.88589 420344157.81381 523770723.50951 358725792.77062 476136917.86114 500000265.28032 763182376.71445 1075141764.82154 714834424.3707 626216978.52622 724086034.93488 625645355.35289 674681787.50386 248777460.76991 328863211.28454 396289799.7613 336449731.89208 583195409.41259 139394025.91397 240868395.48898 234483675.67233 
1056232099.22031 526580828.75057 857482899.55414 1259250168.18851 668089800.88589 0 1083411735.1972 469105764.99674 1004189672.20585 1099006471.96581 1042725781.47113 248249518.9778 1395310121.11946 1267346656.28939 1274970932.48875 771869835.89401 1096841164.37175 1127259417.99016 850309939.43614 925725541.79722 420391588.8426 356275515.65294 600807447.26527 695288039.77485 845720538.46 809853301.50534 
367739367.13174 647560225.89182 230745309.68727 175838432.99131 420344157.81381 1083411735.1972 0 853898141.48112 144768182.44388 298354732.52081 461938983.07706 1172812065.26099 1095086643.22965 569106748.53582 307018206.90523 969249352.19034 619363936.74862 670092795.40712 258909823.63089 336235960.71521 783646228.81695 740136404.04303 904971847.8312299 448919097.6856 293351931.15455 385897486.48589 
989426339.89126 330008747.10899 677850062.94115 1014245076.58006 523770723.50951 469105764.99674 853898141.48112 0 730655479.57657 999907641.37065 1019988563.41056 701056934.77414 1545300356.2006 1238506969.0858 1124040119.43189 1027828787.5729 1132504722.36944 1177743886.33552 726889821.87113 852489000.51058 603307457.86342 279179307.59882 856439217.43924 636588189.27906 563399389.84327 752637502.47556 
473212886.46535 532418777.74003 211856239.29155 304528496.03985995 358725792.77062 1004189672.20585 144768182.44388 730655479.57657 0 418148675.19266 559634193.79533 1121848492.19263 1198859614.60866 696772382.52997 451554166.54348 998010294.69818 717837373.21772 770345881.55752 264838347.61449 403882069.11944 751534015.05588 651036835.45864 908367771.43032 426712369.98808 168963353.70415 413729262.17192 
87274318.31641 781865970.5778201 325488075.26899 363981285.56963 476136917.86114 1099006471.96581 298354732.52081 999907641.37065 418148675.19266 0 184575478.54679 1124160994.32889 811398224.6395199 279983206.11901 194192625.18659 771053174.12669 330158062.63682 383043839.53807 290984813.6777 174925258.2904 719908105.3454 803906890.51791 754763285.70246 404941436.75137 502257606.7382 289635021.928 
97301160.23038 814151006.63527 408712948.31724 546196819.29136 500000265.28032 1042725781.47113 461938983.07706 1019988563.41056 559634193.79533 184575478.54679 0 1029477116.93123 639226373.47104 226815155.65014 369714843.7129 606916172.44232 158461242.42954 210745896.85212 355577427.63206 220235170.64115 635269738.01998 794369006.2418699 616641551.11097 386227556.72607 603244872.19645 268136809.41838 
1065261351.2284 712934881.13042 952781224.8409901 1346416029.41768 763182376.71445 248249518.9778 1172812065.26099 701056934.77414 1121848492.19263 1124160994.32889 1029477116.93123 0 1274781588.51866 1242012641.33875 1313198422.24827 651196223.94206 1047551539.15515 1067527780.53795 919818061.56956 950276678.71666 404577998.91676 524238311.76534 474538831.40247 750663629.6208501 978251505.55811 840339085.81613 
728500884.66723 1365364078.75554 1036016863.04714 1145601361.03126 1075141764.82154 1395310121.11946 1095086643.22965 1545300356.2006 1198859614.60866 811398224.6395199 639226373.47104 1274781588.51866 0 594019787.32892 894713938.53909 647674970.04053 481240162.0027 428568516.49558 978543605.44692 805814250.13075 993855244.54912 1275600680.41281 800242757.11619 937481437.35205 1229790863.0213401 873159127.44893 
284208001.02062 1029075019.39624 593769330.4303 586620419.89193 714834424.3707 1267346656.28939 569106748.53582 1238506969.0858 696772382.52997 279983206.11901 226815155.65014 1242012641.33875 594019787.32892 0 329321983.55099 757443799.84788 215615780.54564 228329835.53679 549416074.15331 386017968.57522 855513625.07582 1017167476.27127 804834248.2336 609917689.66045 778868637.38794 489532713.57984 
272413683.48252 911278415.51455 448098370.42501 265238537.2225 626216978.52622 1274970932.48875 307018206.90523 1124040119.43189 451554166.54348 194192625.18659 369714843.7129 1313198422.24827 894713938.53909 329321983.55099 0 959126341.1913099 471460754.95957 524346531.86082 434215101.00733 363595605.28311 908620423.33151 962117147.17458 948552874.89266 582401546.57965 584458832.57071 473459886.98199 
686712657.70879 899782362.05383 786718679.62148 1106797352.44024 724086034.93488 771869835.89401 969249352.19034 1027828787.5729 998010294.69818 771053174.12669 606916172.44232 651196223.94206 647674970.04053 757443799.84788 959126341.1913099 0 541830832.08998 538113016.66257 733640137.43504 640949647.35092 424851627.99727 749641861.27929 176657392.53959 584692009.02091 936070625.06912 587620714.82542 
251624569.61688 935514491.7209401 559106123.22332 692085628.66697 625645355.35289 1096841164.37175 619363936.74862 1132504722.36944 717837373.21772 330158062.63682 158461242.42954 1047551539.15515 481240162.0027 215615780.54564 471460754.95957 541830832.08998 0 52885776.90125 504137672.91411 327595517.34222 677426538.27335 892564025.665 596448505.09748 509515270.65207005 753627990.86937 391918965.44623 
304510346.51813 981471758.90303 611759539.641 738397487.3914201 674681787.50386 1127259417.99016 670092795.40712 1177743886.33552 770345881.55752 383043839.53807 210745896.85212 1067527780.53795 428568516.49558 228329835.53679 524346531.86082 538113016.66257 52885776.90125 0 555693703.55383 380481294.24347 706867829.14756 933481681.2274001 608017414.77637 544507886.39169 806291463.52021 444804742.34748 
297503137.98088 490881156.90012 59178612.64337 427968369.17886 248777460.76991 850309939.43614 258909823.63089 726889821.87113 264838347.61449 290984813.6777 355577427.63206 919818061.56956 978543605.44692 549416074.15331 434215101.00733 733640137.43504 504137672.91411 555693703.55383 0 176542155.57189 525789464.90895 528016214.93684 651539556.42254 201307149.65532 251247257.57442 149885275.55332 
138499822.00251 643069583.08283 231529438.23288 465847705.08932 328863211.28454 925725541.79722 336235960.71521 852489000.51058 403882069.11944 174925258.2904 220235170.64115 950276678.71666 805814250.13075 386017968.57522 363595605.28311 640949647.35092 327595517.34222 380481294.24347 176542155.57189 0 545698679.7999 641553664.31026 599444486.30776 235361222.35128 426061362.11209 255644892.64545 
663373369.25371 491585679.33463 556068180.79742 953611701.696 396289799.7613 420391588.8426 783646228.81695 603307457.86342 751534015.05588 719908105.3454 635269738.01998 404577998.91676 993855244.54912 855513625.07582 908620423.33151 424851627.99727 677426538.27335 706867829.14756 525789464.90895 545698679.7999 0 326238803.76797 253884314.79279 346085630.70409 633455506.75612 436052419.40354 
779633706.02918 194735620.93836 523046376.66653 914558291.48201 336449731.89208 356275515.65294 740136404.04303 279179307.59882 651036835.45864 803906890.51791 794369006.2418699 524238311.76534 1275600680.41281 1017167476.27127 962117147.17458 749641861.27929 892564025.665 933481681.2274001 528016214.93684 641553664.31026 326238803.76797 0 580123118.56076 408141449.5158 490011338.60251 529530333.44774 
678377260.44729 740355538.91836 697762192.64743 1057430810.99036 583195409.41259 600807447.26527 904971847.8312299 856439217.43924 908367771.43032 754763285.70246 616641551.11097 474538831.40247 800242757.11619 804834248.2336 948552874.89266 176657392.53959 596448505.09748 608017414.77637 651539556.42254 599444486.30776 253884314.79279 580123118.56076 0 482039908.68041 822467903.77757 519074361.34534 
372854849.68671 436970230.3312 218173787.99833 607699024.1182 139394025.91397 695288039.77485 448919097.6856 636588189.27906 426712369.98808 404941436.75137 386227556.72607 750663629.6208501 937481437.35205 609917689.66045 582401546.57965 584692009.02091 509515270.65207005 544507886.39169 201307149.65532 235361222.35128 346085630.70409 408141449.5158 482039908.68041 0 351821372.22391 121438659.40376 
533259725.18284 363456232.40578 194531923.87921 451067543.13302 240868395.48898 845720538.46 293351931.15455 563399389.84327 168963353.70415 502257606.7382 603244872.19645 978251505.55811 1229790863.0213401 778868637.38794 584458832.57071 936070625.06912 753627990.86937 806291463.52021 251247257.57442 426061362.11209 633455506.75612 490011338.60251 822467903.77757 351821372.22391 0 388232721.99863 
365437969.64875996 546989211.11052 207494966.36184 539297041.16272 234483675.67233 809853301.50534 385897486.48589 752637502.47556 413729262.17192 289635021.928 268136809.41838 840339085.81613 873159127.44893 489532713.57984 473459886.98199 587620714.82542 391918965.44623 444804742.34748 149885275.55332 255644892.64545 436052419.40354 529530333.44774 519074361.34534 121438659.40376 388232721.99863 0 
