100
n1 n2 n3 n4 n5 n6 n7 n8 n9 n10 n11 n12 n13 n14 n15 n16 n17 n18 n19 n20 n21 n22 n23 n24 n25 n26 n27 n28 n29 n30 n31 n32 n33 n34 n35 n36 n37 n38 n39 n40 n41 n42 n43 n44 n45 n46 n47 n48 n49 n50 n51 n52 n53 n54 n55 n56 n57 n58 n59 n60 n61 n62 n63 n64 n65 n66 n67 n68 n69 n70 n71 n72 n73 n74 n75 n76 n77 n78 n79 n80 n81 n82 n83 n84 n85 n86 n87 n88 n89 n90 n91 n92 n93 n94 n95 n96 n97 n98 n99 n0
0 50134.7284 30435.56065 18526.63473 20863.22225 59010.17548 43967.70904 44671.6267 26668.3361 70917.7717 92778.3759 68680.85842 34167.96138 15032.47934 44966.61299 51334.16971 24273.38184 30403.37816 39420.98184 64135.21431 85205.63473 59183.71329 89588.3568 19634.02491 38806.26474 38491.87138 13991.33458 75285.50811 53272.18379 32622.51368 60431.61582 49486.57306 68101.34818 75425.34762 20248.44687 42906.47857 39200.07756 42373.88289 35934.32512 81737.08966 50305.42575 38947.42407 23989.08437 65851.10906 82062.35328 68038.90829 48505.18025 75035.15112 79629.05992 94277.62379 48624.41643 27993.4795 19643.32908 38043.7571 77719.3543 65433.85143 49885.84422 45557.0994 62057.8463 84436.44236 56414.283 50020.30579 9353.50437 34766.95989 71219.21061 64347.06278 95265.36435 56430.26656 50197.20253 41547.89041 39289.58442 39812.5555 48744.41669 62615.43812 52644.37032 18329.4445 72136.21298 36269.0795 30505.65196 20194.52136 52348.508 18102.99963 41809.21135 6391.97171 51485.53351 52182.02444 49577.46667 68543.76684 35253.52536 27121.43896 29856.47863 74675.32415 69252.70836 38410.52385 43323.75176 27638.7478 19926.5467 23051.53641 32418.45859 52159.22405 
50134.7284 0 75999.01264 34236.86153 30428.49993 49220.83566 84603.71086 6871.65355 71570.22731 27612.47844 77832.63306 38165.35229 16191.88541 62789.68524 87109.55735 19635.16547 39536.79018 30517.73926 59051.34889 24115.06817 72545.57013 36124.97693 39455.30906 66003.98762 12198.93895 62809.54232 57393.67824 44120.18041 63267.75842 46753.41189 21483.68211 7358.45699 41956.31556 34847.5861 36707.8004 7259.20026 69641.90141 49650.01277 25759.86153 31832.55949 86067.91115 35370.99633 26675.91716 27263.31853 56313.5875 18088.33882 66146.78741 58217.45001 32258.49436 44580.80261 18959.78663 74986.39508 32411.86142 38169.21664 27602.55498 31419.91937 43412.38747 86726.52405 18619.24094 54434.64818 16354.51264 43918.10337 51887.22708 40856.23433 21458.98503 22557.19076 45306.80959 19503.59574 25294.53461 64622.32459 38888.93127 51557.9879 89270.89153 14951.13599 53161.38223 34144.45604 37019.25147 23350.54531 76818.7323 59561.19158 2307.95849 68079.19026 19779.45738 52756.90785 22075.85097 48266.35257 3085.08873 47763.29636 50816.45564 53128.72505 48130.30707 48746.15016 19323.18286 13923.1083 38429.67111 35905.69433 40785.81464 48814.56506 29810.94749 28434.77449 
30435.56065 75999.01264 0 48561.83286 50098.71063 65011.87565 15543.55131 69579.61359 4444.1822 99717.14477 94013.51791 82827.57392 59962.60025 30788.69508 15282.73924 80852.32845 38659.45921 60772.46259 65401.81436 93303.7958 86302.17757 72171.61728 114655.07671 10841.75751 66231.87494 30391.93266 36721.54898 88482.03118 48702.60212 61592.81143 80187.62294 73291.51728 80200.23832 93450.58458 39606.97407 68862.55715 24248.48084 71232.14501 54661.05364 105915.11847 24858.07921 69328.47709 49634.4873 95296.78847 91197.6275 92765.14432 40211.79694 80549.32156 101275.06703 120515.03981 78140.19021 3914.40241 49362.33566 49122.90326 103131.06089 81942.37329 57754.11736 16458.14748 83402.59986 95540.31682 77527.29552 80043.68516 36551.4146 64727.67374 97446.41791 84584.52647 121031.98302 76330.01648 80293.55691 32480.05568 69478.97378 41548.79969 19714.06046 89958.19209 54915.38631 41913.56889 87886.33868 56188.55512 1859.46487 17056.37862 77971.53706 17648.83795 61996.1732 33085.31255 69975.99838 57451.02958 74645.19953 77751.42419 63380.92091 53937.14276 35129.51136 85249.64074 95261.18468 66496.24019 73592.57463 43127.1357 35959.74641 51287.43904 49997.0753 67932.05215 
18526.63473 34236.86153 48561.83286 0 4194.66758 57989.14294 61044.37342 30083.29428 44539.7948 52599.17761 92032.07548 60910.03974 19992.90958 28825.80612 62490.26572 32838.64758 26648.85199 12544.87561 33071.48148 45707.21936 84981.70771 53190.91326 73154.05073 37726.57514 22136.00967 49083.70635 23158.70678 67710.69188 59450.0541 21908.1601 49013.758 35507.8172 61865.42325 64349.99036 20602.69911 27428.76918 52415.16718 30407.86445 29271.33661 66021.40863 66030.34805 22393.2436 13381.28228 47350.47772 76846.63143 52301.28158 57316.74461 72722.27906 65737.4737 77093.21813 30135.09077 46379.18038 1938.09873 37413.14579 61262.50498 56160.46149 48953.76554 62824.6877 49236.23848 77746.73217 44207.62633 34570.67384 17774.37042 20619.2913 54345.83898 52256.40094 78340.13178 45243.08111 31752.14126 51932.28128 23784.38448 45006.09633 65897.3134 45159.86103 54938.95949 15159.9706 62932.23344 28315.29547 48795.22166 35508.4459 36540.53328 36269.64128 32330.17688 19172.05076 42037.99996 52628.59144 34431.26934 64304.8756 25947.79137 22750.06517 36115.48689 68983.58971 52567.41675 21085.38868 27238.59135 27232.64055 23781.50181 17544.91972 28018.37579 44887.79965 
20863.22225 30428.49993 50098.71063 4194.66758 0 54588.14367 61871.54222 26022.61204 45933.42324 50089.15069 88505.50412 56805.94018 15830.71448 32389.36129 63541.70684 30770.98491 24594.2996 12922.32596 36620.55198 43397.87639 81545.53351 49243.01239 69580.53015 39339.98798 18476.36497 48021.12403 27039.07733 63605.17972 57259.50524 25009.83322 44820.31144 31405.80403 57863.7756 60157.37724 18623.01791 23490.13962 51979.89207 32907.03366 25489.39497 62257.35622 66253.97174 23298.83244 9638.94379 45254.76857 72888.24812 48516.36937 55710.59593 69070.43928 61692.57075 73786.1652 28056.1199 48181.6983 2265.99833 34354.19529 57679.50554 51994.69391 45653.5854 63735.58633 45084.26171 73678.0529 40024.73808 35720.545 21459.55727 22783.51789 50889.06391 48077.77486 74932.33613 41048.49453 30440.95179 50770.46377 25218.49624 42843.6061 66731.49631 41943.04816 52083.11772 13111.74013 58761.49555 24394.87475 50475.71213 36045.87402 32721.67304 38914.59483 28226.37933 22467.13266 37892.34397 49496.57336 30472.76776 60475.7451 29190.20055 26728.71164 34416.30622 65005.24766 49041.17643 17716.63059 28250.19491 24573.9308 22272.59816 21573.10924 24601.63534 40872.67464 
59010.17548 49220.83566 65011.87565 57989.14294 54588.14367 0 63880.71579 44007.609 61437.62222 75515.44171 34194.94873 23959.95334 44842.69078 73588.12358 67532.87086 67545.49165 34764.23771 65214.78826 91059.83366 73187.06924 26997.40413 15840.79413 71898.41622 60515.05837 51098.89017 36159.39639 72732.42445 26940.84441 22637.95801 79588.7712 34079.16758 41943.88677 18871.95533 38614.87926 39638.0228 46982.4778 44461.90428 86939.24507 29746.88052 62365.78814 59262.92381 74816.94694 44994.89821 76383.85978 26309.87245 54636.34797 30762.97081 16200.14688 52236.47472 80513.24336 65982.0238 66668.72104 56490.58913 21210.30146 64037.52716 27789.20337 9220.95402 66000.57169 39643.14495 31361.31027 36258.23346 86597.6356 67158.8814 76648.80498 62748.28247 37555.49422 79353.90894 32752.10816 71995.50509 35427.45502 77708.22987 23463.07614 66982.02425 62062.14296 11121.37277 43931.85631 30329.2178 31580.88114 66707.59101 50284.17162 49288.62132 69445.77194 31110.96927 65172.24008 27535.08149 7579.63655 46148.21196 13556.56149 83777.86176 80215.52784 31361.49178 21384.72731 60487.0669 53631.222 79443.08751 31963.21597 39093.57171 74971.46228 29994.82531 21036.28625 
43967.70904 84603.71086 15543.55131 61044.37342 61871.54222 63880.71579 0 77861.96621 17834.03597 110004.88099 88739.80635 84667.92876 69213.17193 46241.33405 3753.03529 92122.01032 45265.84221 73548.0522 80648.07609 104035.9603 81289.94882 74035.50668 121809.64859 24847.28465 76172.76291 27801.30073 51917.36197 89557.00985 43864.38663 76125.83216 85129.95681 80781.12328 81116.95369 96907.4389 48041.48457 77789.35903 19418.9078 85850.59735 60810.51844 112641.67642 10366.64131 82741.88453 59478.32384 106300.18806 90042.7609 100151.37078 34703.89809 78071.1188 106547.43013 128416.62959 89448.862 19384.43732 61528.94208 52352.0739 110732.25766 85066.43895 58291.16136 2223.2691 89082.87044 95225.38668 83330.33311 93988.01063 51155.78849 78724.3388 105724.98589 89600.75602 128581.12135 81534.81349 92307.88076 28514.0273 83240.73719 41475.86939 4860.18744 99194.65355 52918.77987 51647.01115 90334.98081 62758.92396 16694.85574 25914.56401 86359.19217 33173.00267 68222.8586 47587.11196 74797.97993 56702.63023 82812.94365 77324.84295 78197.91985 68964.41352 38508.51404 85114.26027 103434.29517 76872.42672 87233.5986 49337.24724 43854.71519 65977.55266 56131.89301 71506.35268 
44671.6267 6871.65355 69579.61359 30083.29428 26022.61204 44007.609 77861.96621 0 65140.69149 34275.21937 74144.15838 35965.61839 10542.31469 57970.22374 80416.34357 23581.09336 32718.53517 28831.16576 57800.78229 30252.07299 68433.53632 32152.98882 45304.57107 59757.57855 9863.45556 55947.76514 53012.59143 42378.35822 56844.13952 45348.7512 20604.23725 5561.0124 38985.47771 35430.47501 30105.7711 3676.01225 62772.68537 49543.97854 18984.10305 37105.17369 79212.70945 35506.71788 20790.50583 33298.49472 53864.97373 23492.95475 59441.28395 54301.72909 35670.31457 50941.53355 22206.5212 68704.74421 28172.59815 31540.84444 33611.01324 29713.99265 37556.36594 79995.3891 19525.84108 52804.65003 15335.72911 45473.39824 47299.74746 40037.4755 27945.95565 22969.9295 51479.31766 17568.19804 28431.61493 57781.26848 38939.66121 44836.474 82507.911 21816.49132 47099.88689 27917.71263 35972.22076 16551.03052 70456.43552 52992.63046 8497.74376 62396.33627 13494.19291 47817.89452 17995.56154 42395.79558 5070.48169 44071.29162 49575.95839 50628.46286 41258.85863 46056.42101 25713.29561 12411.86594 39231.18271 29041.88763 34107.98631 45967.14712 22953.56509 23866.8959 
26668.3361 71570.22731 4444.1822 44539.7948 45933.42324 61437.62222 17834.03597 65140.69149 0 95409.95589 91134.81045 78747.80563 55549.54205 28694.06658 18365.30363 76652.6025 34279.00041 56851.11507 62846.29421 89041.90587 83394.1995 68117.15181 110210.92919 7107.97839 61867.93154 27665.32173 34119.37476 84484.64934 46055.96698 58397.14309 75828.01834 68847.61686 76244.58063 89186.72156 35162.90761 64441.71351 22442.00268 68098.34605 50266.62279 101474.74526 26069.0131 65615.69389 45242.90361 91071.11259 87520.80178 88320.96214 37891.66572 77141.82976 96881.79812 116078.01186 73943.57886 5287.94159 45271.43319 45002.05955 98688.15748 77725.72924 53949.50655 19158.37161 79000.61493 91720.88964 73123.94905 76550.49869 33377.32615 61243.96621 93014.50321 80216.18448 116589.7314 71958.64935 76222.16178 30005.41064 65898.21618 38007.83658 22412.0558 85563.44552 51577.0777 37502.98354 83727.92948 51772.8187 5613.54383 12686.43114 73537.37707 16037.8474 57588.18957 29832.70384 65637.4527 53860.56072 70205.58839 74000.50875 60388.42438 51130.39988 31116.80937 81429.63885 90826.18084 62170.99279 69968.17428 38756.15599 31527.25752 48191.58005 45612.30997 63701.30203 
70917.7717 27612.47844 99717.14477 52599.17761 50089.15069 75515.44171 110004.88099 34275.21937 95409.95589 0 100668.4626 59651.3572 40993.29066 80566.5082 112174.10186 20208.64442 65920.63 42816.97421 64295.30064 7348.38372 96426.82729 60956.43254 30308.02938 89133.78551 33832.83678 89935.46314 73961.43021 64045.12437 90836.74379 54355.36753 43122.677 34181.88495 64670.61724 50253.52369 62122.12725 33084.34861 96359.46866 52021.34694 53255.11026 29732.98823 112460.19591 40350.58032 50539.48543 7660.399 77022.48472 24370.68341 93715.11782 82050.1214 39128.37972 29234.73914 22771.5598 98080.67028 51303.13128 65772.42994 22517.36497 52709.11038 70572.50849 112040.43128 37919.26364 73255.12534 39592.08198 41024.28322 69585.25394 47624.42747 16966.98608 41463.89087 31737.49193 43195.34654 24009.19592 91897.73847 43112.8477 79111.57827 114791.1898 13453.31419 80469.51097 58383.31615 56136.99428 50812.90563 100252.25771 84276.8458 26814.16539 88855.16245 47368.99522 71580.86829 47995.08448 75405.42914 30390.30594 71543.13369 57161.90286 63600.00547 75109.74089 70440.17641 18136.19569 33258.14912 40037.99854 62725.74349 66405.86708 61023.48037 57078.53646 54485.78207 
92778.3759 77832.63306 94013.51791 92032.07548 88505.50412 34194.94873 88739.80635 74144.15838 91134.81045 100668.4626 0 41017.35944 77370.30241 107029.42653 92482.96481 97335.92121 68700.86097 98495.20671 125088.29174 100183.86796 7765.53791 41991.53378 87531.48389 91689.37039 82668.42614 63621.80497 106641.04131 37266.37015 45425.59254 113426.76236 57790.59298 70586.16294 36180.56685 52616.99371 73778.91854 77585.06213 70539.22039 120368.75649 63206.23031 79304.43618 81248.47612 107630.69084 78870.17271 103403.69902 24664.01871 76846.53371 54352.90949 19917.49934 67297.75738 96658.00786 96254.00235 96409.03046 90475.74921 55366.4381 83621.59923 47970.39978 43400.31984 90552.72711 62778.33018 30552.61613 62082.24394 118902.76724 101174.92516 110102.67742 85107.89317 59215.43575 94520.40175 58599.37655 102542.37454 61669.94458 110711.16801 54426.06174 90521.34154 87755.94371 40634.40372 78126.41216 45085.98681 64725.41826 95837.92342 81590.22733 77187.05916 101531.0641 62900.57292 99038.56384 56166.18174 40607.20748 74822.59992 30107.43128 117661.96881 114383.16381 63823.4532 30272.07234 83253.62499 85323.84657 112036.47496 66120.45367 72974.76161 109134.60015 64017.81342 50439.63446 
68680.85842 38165.35229 82827.57392 60910.03974 56805.94018 23959.95334 84667.92876 35965.61839 78747.80563 59651.3572 41017.35944 0 42326.61476 83682.99408 88135.06815 57775.56562 46157.57588 63702.13457 92323.01873 59365.28028 37134.09993 10697.00596 49617.9921 76083.01972 45551.18726 57094.77962 80849.16618 6800.86946 46336.78825 79954.48923 17050.19943 31379.72228 5802.41282 14846.44776 48592.4114 39631.79345 65568.34812 85162.26826 32902.68747 40448.84573 81458.63367 71344.08826 47839.79439 62566.4341 18153.57756 35965.67898 53789.90651 23082.58697 29275.84852 58577.75535 57090.09499 83659.68743 59046.23397 33760.80464 43593.14881 6999.94516 26540.79009 86867.12358 21788.05567 17039.82052 21847.9679 81395.22525 74875.36987 75307.75278 44286.10641 18204.20464 57017.48485 18706.42904 63436.02575 57097.63045 74719.981 43221.11124 88300.46404 46809.34391 34306.22554 50684.74016 6374.97277 33075.07045 84318.23053 66381.17955 37135.97967 83044.28389 28581.22891 73944.76251 19081.47412 29208.3075 35355.27129 13316.41837 84266.21202 83475.34662 47709.39289 10848.05729 42347.99995 48205.75382 75187.11766 41903.62787 50162.13055 78367.47497 36285.51871 16544.05086 
34167.96138 16191.88541 59962.60025 19992.90958 15830.71448 44842.69078 69213.17193 10542.31469 55549.54205 40993.29066 77370.30241 42326.61476 0 47453.42728 71543.8288 25489.37241 25023.24513 21540.86396 49998.50696 35589.33624 70982.73512 36143.80761 55557.25473 49855.7004 7661.63872 49438.07517 42630.7233 49058.28852 53472.78231 37632.3578 29150.17941 15687.50052 44196.80118 44450.81595 21188.23873 8950.52543 55476.60379 43341.50519 15629.88401 47569.9582 71471.51579 30260.40589 10484.0333 38236.8622 59358.86019 33885.98488 54517.12426 57498.38203 46060.60422 60754.604 23238.88494 58849.48015 18056.38299 28008.27864 43750.63854 36933.08404 36914.78815 71289.43258 29254.5935 59361.17373 24243.03265 41776.88069 36856.02012 33237.65153 37616.83856 32275.13358 61497.19693 25492.42507 28426.37863 51632.52289 33370.75217 40101.08674 73958.88904 30085.33237 45385.67338 18049.4305 43602.43163 13435.20939 60731.81959 43770.80346 18314.48437 51986.29896 14560.69635 37289.61986 23253.81032 41483.61329 15410.45117 47964.37893 41946.33999 41616.90065 34571.36714 51417.58249 35509.95284 9538.27867 34721.58026 22220.16062 25441.6134 36697.00588 17802.81675 27475.23903 
15032.47934 62789.68524 30788.69508 28825.80612 32389.36129 73588.12358 46241.33405 57970.22374 28694.06658 80566.5082 107029.42653 83682.99408 47453.42728 0 46008.75589 60404.31399 39040.1667 37904.84415 34823.04217 73416.12196 99378.67593 74215.89295 101946.27616 22398.52472 50854.81032 49159.90736 7171.59998 90303.79325 65728.77169 32993.90001 74916.25751 63095.98806 83132.57065 90054.20614 35275.47531 55746.53578 47606.07422 42087.6861 50870.82661 94621.37331 54734.59138 43731.76013 37901.53221 74633.33479 97039.40459 80874.68547 59751.54755 89707.35147 93452.61241 105889.85451 57799.44592 27144.47523 30522.46126 52843.01475 90047.92782 80304.74349 64554.25994 47246.65414 76178.76071 99467.46866 70674.85316 52465.74951 11090.7374 37644.73298 83170.06242 78691.49473 107163.93483 70938.59328 57910.05761 52152.42534 42842.22446 53181.16157 50502.15716 73938.12233 66555.22248 33136.26659 87035.72174 51084.36323 29960.54181 28840.22233 65073.18354 13224.80944 56491.0911 10193.47394 66263.42821 66561.74067 62658.03706 83481.19196 33874.42639 24050.86966 43377.65636 89688.0608 81376.31879 49909.53184 47097.77093 42596.1932 34691.20298 22710.3464 47441.57186 67150.01472 
44966.61299 87109.55735 15282.73924 62490.26572 63541.70684 67532.87086 3753.03529 80416.34357 18365.30363 112174.10186 92482.96481 88135.06815 71543.8288 46008.75589 0 94007.63146 47976.29578 74925.30284 80680.46245 106084.4948 85038.80417 77483.19646 124639.63059 25472.88434 78367.62843 31410.10708 52003.8425 93095.16381 47614.79937 76716.14005 88248.12068 83490.89247 84657.30313 100227.48874 50439.55141 80213.25636 23080.35373 86394.15887 63684.06277 115533.82223 13266.06805 83889.82818 61640.12051 108278.87307 93722.2729 102915.18061 38455.24321 81794.70185 109652.17406 131118.94567 91319.19064 18869.61698 63078.15311 55589.67607 113471.64563 88406.29593 61818.61718 2192.0862 92104.00261 98864.17776 86322.31838 94909.66224 51673.75134 79606.19029 108330.85301 92716.79795 131348.10427 84609.70261 93971.89415 32207.04046 84238.19896 44989.72528 4764.13555 101593.87146 56597.11007 53794.06823 93752.39525 65572.42527 16062.25122 27900.94204 88912.03256 32806.21476 71111.00109 48155.80275 77910.3752 60318.90564 85401.20959 80953.9186 78603.88416 69205.28417 41634.47276 88733.61072 106057.5222 78963.99365 88289.55704 52142.10395 46323.88999 66461.65651 58986.89989 74768.27906 
51334.16971 19635.16547 80852.32845 32838.64758 30770.98491 67545.49165 92122.01032 23581.09336 76652.6025 20208.64442 97335.92121 57775.56562 25489.37241 60404.31399 94007.63146 0 49973.00593 22608.33193 46062.46141 13012.79007 91855.16047 55447.91347 46162.04091 70109.61989 17858.39894 74613.68041 53759.83105 63618.19888 78748.20511 35096.36961 40942.93631 26759.81054 61576.21034 53152.68243 45262.01761 20598.06697 80145.59223 34611.58628 40437.26501 41883.05597 95576.20596 21305.1529 33168.31726 14517.17434 75928.65618 30385.70577 80005.38038 77612.1003 47007.95102 47654.50135 2715.73289 78945.94392 31712.27522 53168.86035 35275.44443 50973.72226 60730.26769 94067.06205 37393.92276 73853.47455 35932.71588 26042.75682 49466.40469 28376.11465 27768.88044 41425.88454 49607.17754 39137.70635 6240.39826 76927.15252 24503.68072 65578.32014 96965.58971 17724.0132 69926.89583 40767.33266 56318.25212 38025.00769 81246.29617 66209.81998 20698.88392 69070.52345 36624.07882 51581.41495 41265.05116 65516.48812 22561.33936 67232.34482 38361.13362 43867.30286 59814.26988 68381.01496 27031.3826 16120.39556 22381.42478 47587.65683 49563.1961 40985.57117 43210.84328 47372.78451 
24273.38184 39536.79018 38659.45921 26648.85199 24594.2996 34764.23771 45265.84221 32718.53517 34279.00041 65920.63 68700.86097 46157.57588 25023.24513 39040.1667 47976.29578 49973.00593 0 37371.39012 58580.18049 60609.8338 61212.05064 35999.1324 76697.77604 30410.62662 32546.09323 24663.41742 37976.93342 52457.12275 32801.30701 48344.78669 41562.62692 35522.76406 44769.63452 55259.35098 6046.29055 33006.69809 30458.03288 57056.68753 16018.44269 67685.05837 46611.90972 47788.21944 17301.5909 63223.42322 58154.475 54940.37046 31258.72195 50761.78037 62619.66464 83158.69712 47504.56268 38676.55127 25759.24127 13802.99272 65496.33371 44131.17559 25615.84021 47427.51333 44766.29797 61010.66514 38897.6697 60235.63612 32475.77114 47177.56303 60481.78433 45940.10508 83372.50216 37681.07402 51811.13646 27090.1312 49812.09214 18357.24509 49852.09093 54340.11363 29257.56233 11539.42222 50478.9844 17688.9318 39863.21117 21603.14104 41196.00015 36898.20197 23404.96456 30408.13943 31432.73068 28115.9747 37604.77306 44518.77478 52180.32675 46918.59644 10073.77921 51000.47383 58181.01803 33890.76946 52745.70651 4497.36139 4353.29792 41812.35852 11338.52296 30155.19929 
30403.37816 30517.73926 60772.46259 12544.87561 12922.32596 65214.78826 73548.0522 28831.16576 56851.11507 42816.97421 98495.20671 63702.13457 21540.86396 37904.84415 74925.30284 22608.33193 37371.39012 0 28971.95003 35586.74715 91868.4082 57650.27612 66742.92724 49934.02609 19045.58217 60935.46338 31169.45047 70374.11007 69813.328 16517.6928 49377.9489 34312.06341 65733.07912 64243.13126 31469.66166 25334.80633 64716.12154 21891.4979 35477.31182 60785.59878 78559.69463 10416.87089 20995.06343 36728.94818 80894.0269 47529.84728 68575.4426 78719.24416 62737.34962 69447.77197 20087.32347 58395.91861 12407.3409 46005.88201 55105.85215 57996.49414 56646.20538 75305.75819 48177.00132 80738.73866 44147.07449 22864.43444 27114.3513 11702.61615 47741.61151 51763.3859 71095.55255 46096.7688 20144.2813 63691.98246 12692.8359 55465.01532 78396.45653 37825.76275 63891.46134 25986.01761 64505.69643 33793.65315 60900.98233 48053.16347 32723.37288 47357.97052 36037.31656 29542.23306 44694.44534 60824.66367 31821.44831 69404.73876 20758.73874 22809.04509 47283.54782 72953.59413 46343.05978 16757.72441 15374.52706 36923.50779 35191.77461 19006.67818 35752.51475 48992.95039 
39420.98184 59051.34889 65401.81436 33071.48148 36620.55198 91059.83366 80648.07609 57800.78229 62846.29421 64295.30064 125088.29174 92323.01873 49998.50696 34823.04217 80680.46245 46062.46141 58580.18049 28971.95003 0 57127.51591 118053.16638 85552.9478 92222.09176 56009.79157 47988.76296 77662.59597 28730.89025 99056.0633 90863.53223 12457.73188 78345.1598 63266.01174 93963.43803 93195.24196 52702.44266 54282.44993 78588.51454 12627.27931 62091.77118 87582.41335 88449.89036 24823.81872 46256.47126 56849.9829 109095.51443 75034.5698 87255.73255 105690.95527 90938.52248 93216.60033 44406.25697 61873.74645 34614.31602 70359.84447 81228.28342 86826.74574 82006.81869 81805.49608 77077.37367 109353.11706 73118.89307 24999.16828 30431.15676 18286.16343 73706.61283 80710.19561 95391.11049 75023.73831 40698.47933 80701.4042 21559.85582 76606.04942 85073.13511 63577.1358 87604.4053 47632.43798 93398.18136 60876.42087 64693.96283 59429.3473 61158.4723 48021.19032 64094.93316 33995.62173 73244.25262 85586.64237 60615.37039 96990.41799 8246.3219 12303.94709 66998.88201 101165.96122 72744.20064 45611.84608 24258.88384 59916.28515 54965.82321 16927.35668 61086.4701 77014.61257 
64135.21431 24115.06817 93303.7958 45707.21936 43397.87639 73187.06924 104035.9603 30252.07299 89041.90587 7348.38372 100183.86796 59365.28028 35589.33624 73416.12196 106084.4948 13012.79007 60609.8338 35586.74715 57127.51591 0 95469.73981 59369.85114 36271.71975 82637.53355 28118.57028 84961.1887 66753.19211 64344.07511 87088.12848 47035.58523 42404.57143 31263.89284 64004.88886 51577.88393 56448.64979 28429.49012 91053.65788 44960.7261 48960.55312 34194.60257 106912.82501 33031.32204 44604.31833 3233.16507 77205.27459 26030.37472 89368.98134 81055.13256 42119.82006 36148.70291 15648.85874 91539.41609 44492.11574 61684.78405 27003.41489 52365.36484 67524.52856 106034.65724 37652.86272 74022.04348 38226.82867 34332.44278 62477.12948 40299.36779 20223.83319 41491.84874 38473.58447 41794.69301 16681.13339 87064.7441 35842.48682 74770.21372 108851.79701 12803.93851 77238.08892 52404.11924 56552.80515 46495.06169 93773.6045 78194.10795 23898.83592 81974.16396 43702.62061 64562.64522 45753.04585 72378.58704 27132.51848 70508.14659 49897.06304 56252.79417 70089.83884 70212.8952 20587.66395 27174.55252 32875.23995 57694.04408 60759.74738 53688.53447 52456.99265 52228.20653 
85205.63473 72545.57013 86302.17757 84981.70771 81545.53351 26997.40413 81289.94882 68433.53632 83394.1995 96426.82729 7765.53791 37134.09993 70982.73512 99378.67593 85038.80417 91855.16047 61212.05064 91868.4082 118053.16638 95469.73981 0 36430.0902 85418.75635 83923.83577 76605.22158 55914.39128 99101.30347 34508.06623 37786.07422 106526.64473 53312.50537 65220.66028 31799.56521 50046.11162 66396.02355 71773.34659 62927.08347 113692.51208 56437.17669 76774.43088 74025.02773 101207.04879 71930.66629 98701.57226 23106.46839 73073.97699 46778.70663 14415.22293 64957.64743 94534.34064 90631.20243 88670.98902 83469.99167 48030.07646 80548.09521 43873.98675 36128.80608 83135.92288 58546.00407 29793.06461 57242.92194 112686.31589 93683.89384 103407.77505 81406.40418 55216.34605 92599.83028 53681.86581 96862.29005 54007.15402 104215.61673 46678.68638 83196.45427 83281.70087 32912.88176 70862.16221 41967.59367 58078.66708 88122.93784 73826.4574 72072.45304 93776.19407 56656.67574 91489.5098 50591.7292 33096.10472 69492.42069 24962.54295 110733.34777 107189.42063 56120.58513 26921.54477 79435.07266 79233.79442 105703.49214 58764.97621 65459.25553 101949.71094 56973.9277 44575.73205 
59183.71329 36124.97693 72171.61728 53190.91326 49243.01239 15840.79413 74035.50668 32152.98882 68117.15181 60956.43254 41991.53378 10697.00596 36143.80761 74215.89295 77483.19646 55447.91347 35999.1324 57650.27612 85552.9478 59369.85114 36430.0902 0 56082.78624 65606.75137 40833.50855 46553.10557 71846.25366 16510.06649 36969.00169 73398.75298 18469.87779 28792.01067 8929.39628 23806.04687 38947.74336 35602.9019 55014.40744 79484.93678 24148.64978 46534.28242 71061.95317 66213.29692 39842.72642 62601.04935 23656.51718 39099.15929 43842.04231 22170.76718 36632.32344 64673.44522 54290.1055 73062.54931 51414.15121 23187.96756 48267.40916 12263.97607 16179.80719 76239.31243 24046.12221 25259.09253 21364.598 77133.40751 65922.59653 69352.74355 47323.72392 21744.8564 63536.23853 17761.13702 60563.06512 46682.0264 69427.13972 32640.98151 77722.66454 47573.97092 24837.56628 41614.40081 16370.01017 24876.41907 73676.55005 55813.75453 35724.84457 72875.67637 21613.85004 64713.51004 14193.52339 19457.69612 33066.06447 11967.5509 77708.57828 75938.03436 37043.86321 15831.78606 45120.32582 43506.87232 70441.01309 31898.11964 40130.96646 70733.96457 26853.90659 8673.69984 
89588.3568 39455.30906 114655.07671 73154.05073 69580.53015 71898.41622 121809.64859 45304.57107 110210.92919 30308.02938 87531.48389 49617.9921 55557.25473 101946.27616 124639.63059 46162.04091 76697.77604 66742.92724 92222.09176 36271.71975 85418.75635 56082.78624 0 105018.73676 51104.29005 97240.36132 96199.88423 50932.9574 92218.89453 81082.97109 38799.81004 41368.59546 55419.60334 35438.48359 75048.36189 46698.13283 105020.81986 80557.52953 61003.30746 9628.12554 121751.71957 67453.39285 66007.07148 37763.3058 62896.11007 21893.43434 97717.47575 72229.08516 20502.74333 9129.73378 47944.37243 113934.44641 71425.70013 70901.40205 11901.30724 44261.37514 70583.26399 123999.11032 33747.74294 57180.93948 39033.21873 70526.42329 90926.64104 74423.777 19011.97135 34708.45962 7456.27832 41560.71453 51684.05522 98381.74748 70662.23597 84104.38419 126262.76621 28980.47608 80306.83023 73216.82164 43844.20758 59067.65255 115606.62607 97834.60144 37260.63604 107524.29544 53608.15664 92033.81137 48381.50196 74813.23693 40254.08759 62932.86287 84490.69162 89295.11851 83664.32579 58647.21246 20605.93461 52092.90993 68303.3698 72498.30419 78802.71186 85749.60369 65677.82553 53531.39354 
19634.02491 66003.98762 10841.75751 37726.57514 39339.98798 60515.05837 24847.28465 59757.57855 7107.97839 89133.78551 91689.37039 76083.01972 49855.7004 22398.52472 25472.88434 70109.61989 30410.62662 49934.02609 56009.79157 82637.53355 83923.83577 65606.75137 105018.73676 0 55844.74986 29422.37706 27338.67459 82102.22908 47474.21119 51308.40178 71783.88519 63763.85292 74047.38894 85669.91345 30257.26327 58799.46249 26021.85754 61019.40868 46074.80383 96487.16996 32523.09583 58570.09158 39419.76333 84578.84215 86145.17821 83137.08713 40084.14841 76545.71021 92517.57107 110583.80838 67395.25888 9005.80743 38551.34154 42440.85517 93368.57349 74481.84072 52423.19437 26242.19651 74599.09729 89902.07304 68727.70141 69449.18616 26310.37536 54140.45566 87459.01381 76093.5865 111225.64697 67841.90076 69466.6908 32149.59131 58810.78632 37523.56361 29486.47917 79681.3265 51382.59802 31868.2096 80721.63654 47345.21351 11138.97963 10237.82757 68044.37372 10939.02748 53212.35716 22750.05673 61781.09791 52971.4548 64826.5188 72475.91411 53352.06134 44178.65592 29296.67006 79652.93728 85320.57977 55982.80366 62892.33362 34894.13579 27077.43392 41131.47741 41549.71762 60461.13936 
38806.26474 12198.93895 66231.87494 22136.00967 18476.36497 51098.89017 76172.76291 9863.45556 61867.93154 33832.83678 82668.42614 45551.18726 7661.63872 50854.81032 78367.62843 17858.39894 32546.09323 19045.58217 47988.76296 28118.57028 76605.22158 40833.50855 51104.29005 55844.74986 0 57053.26117 45285.86698 52065.17366 60954.0308 35548.74617 30467.63194 15277.68986 48221.15119 45206.82891 28354.0602 6293.68853 62957.53513 39725.69845 22772.26208 43891.6171 78802.52336 25793.17529 16731.52178 30679.91063 63257.3367 30187.59127 62165.20684 62752.48525 44279.78317 55476.06715 15684.50495 64845.96183 20356.57856 35405.60011 39203.18739 39468.04396 43639.87129 78211.99656 29136.63314 62487.85907 25194.58682 36300.91553 39870.86154 30174.07065 32467.63271 32723.09184 56524.99178 27375.3514 21168.65555 59274.77362 29183.28916 47720.69982 80958.45765 23909.61036 52484.63846 24576.93517 45803.7174 20420.70224 66879.33168 50484.07108 14505.4276 56892.69144 20043.23702 40933.88799 26999.58089 48330.00321 12936.20818 52798.59919 39753.80185 41233.09217 42196.11622 55378.52652 30579.50136 2681.0684 29731.40039 29868.45502 32658.81163 36768.76955 25358.0125 32249.61225 
38491.87138 62809.54232 30391.93266 49083.70635 48021.12403 36159.39639 27801.30073 55947.76514 27665.32173 89935.46314 63621.80497 57094.77962 49438.07517 49159.90736 31410.10708 74613.68041 24663.41742 60935.46338 77662.59597 84961.1887 55914.39128 46553.10557 97240.36132 29422.37706 57053.26117 0 51596.43171 61807.80245 18390.69157 69314.56127 59218.30245 57641.97716 53367.99806 69863.30388 29888.22247 56851.15528 8477.19665 78723.87107 37236.93375 87781.85009 24796.49206 71252.98498 41862.03955 87665.43033 62417.90065 76237.82364 10712.36691 50872.40024 80522.62554 104562.94885 72161.0372 32895.25287 48687.5162 26357.39538 86831.07518 57984.58402 30595.81713 29958.26042 63703.9042 67461.98882 58219.67691 83592.84356 47818.49808 69518.74556 82757.67388 63652.33248 104333.55935 55931.66708 76439.49665 3057.41453 72860.6396 13931.23671 31221.02279 77760.67068 25349.897 35142.27099 62917.26956 39553.40155 32218.75686 20429.64113 64174.58657 40159.87082 44207.33374 44545.88621 49069.77624 28908.83898 60481.03119 49546.11424 72611.45376 65382.41058 14872.33885 57323.52034 80389.63862 58509.17073 76178.3432 27268.18649 25842.56292 60881.10985 32999.59808 44928.2451 
13991.33458 57393.67824 36721.54898 23158.70678 27039.07733 72732.42445 51917.36197 53012.59143 34119.37476 73961.43021 106641.04131 80849.16618 42630.7233 7171.59998 52003.8425 53759.83105 37976.93342 31169.45047 28730.89025 66753.19211 99101.30347 71846.25366 96199.88423 27338.67459 45285.86698 51596.43171 0 87570.245 67094.58161 25903.39445 70922.78175 58312.80035 80770.43746 86204.75092 33373.38984 50526.24018 51142.68517 35139.50043 47960.26845 89176.61071 59848.36439 36606.48884 33773.33153 67863.14734 95101.40833 75459.7514 61911.81733 88647.08356 88668.32915 99809.80887 51196.0351 33278.20039 24988.02109 51617.68976 84326.62885 76988.44512 63555.58183 53089.77883 71752.11583 97066.49575 66431.57291 45321.66919 5986.76121 30473.26763 77303.68731 74497.65937 101196.34517 67002.20123 51025.62659 54644.92128 35673.37964 53784.73108 56358.14438 67864.25518 66619.24639 30241.55842 83772.22631 47850.53424 36092.70814 31925.03124 59696.25655 19638.58532 52940.23954 7623.93594 62809.45191 66033.9277 57511.84458 81744.73646 27006.27837 17309.34564 43831.85466 87546.71218 75595.12416 44113.65809 39928.56305 40996.2726 33673.35877 15568.33073 45013.19984 64328.4168 
75285.50811 44120.18041 88482.03118 67710.69188 63605.17972 26940.84441 89557.00985 42378.35822 84484.64934 64045.12437 37266.37015 6800.86946 49058.28852 90303.79325 93095.16381 63618.19888 52457.12275 70374.11007 99056.0633 64344.07511 34508.06623 16510.06649 50932.9574 82102.22908 52065.17366 61807.80245 87570.245 0 49573.53461 86671.45732 22675.40747 37586.64571 8440.56177 15539.59893 55132.66985 46053.77244 70275.2279 91744.99696 39610.43842 42285.36255 85775.85124 77848.16535 54634.71211 67503.27912 12984.68385 39868.4418 57579.50361 21558.34801 30453.41476 60039.52469 63079.75259 89475.70213 65846.19181 39665.51888 46360.55082 12737.2639 31278.59302 91735.50008 26751.96047 10426.65594 27776.67671 87683.01136 81601.8786 81948.73297 48026.77377 22853.90389 58161.30988 24898.44097 69410.05937 61552.10543 81248.46229 48110.46481 93009.13508 51619.58968 37885.66419 57373.76711 7922.43513 39843.46052 90019.45643 72264.68035 42919.47703 89351.57599 35381.43403 80619.59015 25839.05927 33203.94222 41421.26111 14050.81506 90980.14471 90268.66464 53370.53128 7801.65458 46275.47132 54702.75132 81602.71436 48285.18109 56539.1709 85164.77909 42867.73071 23241.83184 
53272.18379 63267.75842 48702.60212 59450.0541 57259.50524 22637.95801 43864.38663 56844.13952 46055.96698 90836.74379 45425.59254 46336.78825 53472.78231 65728.77169 47614.79937 78748.20511 32801.30701 69813.328 90863.53223 87088.12848 37786.07422 36969.00169 92218.89453 47474.21119 60954.0308 18390.69157 67094.58161 49573.53461 0 81069.48354 53451.68217 56757.10128 41476.44775 60653.65447 38847.58569 58830.09932 25148.95166 89857.74928 38363.71528 82591.16721 37697.59537 80186.66972 48982.66552 90101.31467 47303.62584 73004.43788 9164.9867 34604.05275 73444.72371 100403.56382 76638.53134 51282.82497 58532.86057 25586.86772 83159.72644 49227.3265 21640.3323 45816.02428 58718.64039 53170.42533 54124.50071 92608.52392 62526.84397 79954.02578 80553.00609 57519.37888 99609.69795 51062.60108 81878.3077 16256.87147 82406.80488 14444.42065 46239.97819 77706.8124 12132.98093 44321.70368 52648.32694 40810.28701 50542.2921 37866.85428 64042.99641 57962.75452 43488.55167 59629.62469 44573.27106 17551.41016 60446.44358 35922.52334 84816.69622 78870.42674 23874.37593 43657.37137 78187.67311 63010.80708 85123.55302 32915.70692 35991.97986 73949.91057 35684.40211 38804.64886 
32622.51368 46753.41189 61592.81143 21908.1601 25009.83322 79588.7712 76125.83216 45348.7512 58397.14309 54355.36753 113426.76236 79954.48923 37632.3578 32993.90001 76716.14005 35096.36961 48344.78669 16517.6928 12457.73188 47035.58523 106526.64473 73398.75298 81082.97109 51308.40178 35548.74617 69314.56127 25903.39445 86671.45732 81069.48354 0 65887.51729 50823.14893 81715.28734 80754.45781 42326.89851 41841.67775 71333.23997 9757.62003 50250.69351 75947.3872 82904.98728 14004.96938 34597.72086 47233.07363 96866.26521 63115.03802 78296.82947 93870.92352 78794.67291 82714.92094 33149.66509 58456.117 23200.50998 59269.57941 69814.29891 74397.83649 70662.07056 77550.03078 64659.63207 96991.654 60662.96312 19590.77931 25046.99589 6745.77052 62312.84139 68271.76033 84703.22374 62570.99281 30354.86069 72288.94124 11508.38765 66654.64784 80794.52218 52188.3631 76846.69552 36987.38782 80954.17859 48896.41623 61220.22002 52719.47103 48895.67577 45309.87745 51858.65582 28565.12788 60886.10838 74459.30006 48232.91589 84952.56201 4317.03315 10009.59912 57415.2697 88928.47863 61195.70219 33198.99484 15399.86029 49137.79912 45113.71113 10405.5903 49610.34006 64812.19113 
60431.61582 21483.68211 80187.62294 49013.758 44820.31144 34079.16758 85129.95681 20604.23725 75828.01834 43122.677 57790.59298 17050.19943 29150.17941 74916.25751 88248.12068 40942.93631 41562.62692 49377.9489 78345.1598 42404.57143 53312.50537 18469.87779 38799.81004 71783.88519 30467.63194 59218.30245 70922.78175 22675.40747 53451.68217 65887.51729 0 15343.94135 21630.05259 15341.54521 41869.16372 24220.56751 67310.13347 70089.32508 25710.49373 29174.95375 83974.28566 55958.85306 37162.58547 45619.631 35133.99774 20629.29471 58985.86099 38927.80001 21420.96589 46973.36959 40431.46797 80220.99308 47078.11784 32976.92291 30027.33359 10097.47296 31811.70379 87350.31006 5578.23301 32953.52271 5304.83817 65267.24871 64983.01465 60641.69768 28869.38318 4470.95787 46166.82839 4010.22163 46751.99129 60094.85289 59426.90646 45696.46221 89322.96978 29999.14189 41633.00331 42163.63589 15584.64175 24611.45372 81420.65988 63142.60267 20244.54245 76819.1442 18792.46221 64777.62751 10338.14789 36150.48432 18889.27156 28425.08314 70136.29614 70684.85257 46625.35154 27867.46125 26692.07413 32991.58787 59445.34849 37075.20041 44709.99902 65826.29033 30265.65669 14741.19993 
49486.57306 7358.45699 73291.51728 35507.8172 31405.80403 41943.88677 80781.12328 5561.0124 68847.61686 34181.88495 70586.16294 31379.72228 15687.50052 63095.98806 83490.89247 26759.81054 35522.76406 34312.06341 63266.01174 31263.89284 65220.66028 28792.01067 41368.59546 63763.85292 15277.68986 57641.97716 58312.80035 37586.64571 56757.10128 50823.14893 15343.94135 0 34870.29709 29931.46805 33685.27254 8984.34192 64877.28059 54759.51854 20432.77846 32727.75977 81497.15529 40615.15275 25498.18435 34449.17665 49461.51966 19494.12191 60178.6575 50914.50878 30375.71808 47636.47733 25825.62716 72634.94392 33585.81291 32164.73737 29988.87378 24852.79929 36428.37381 82947.61068 13965.18952 47987.15316 10039.1044 50097.75903 52543.06611 45401.31976 25164.45638 17452.20028 47887.71549 12698.32352 32167.66406 59241.53207 44085.37791 45698.33202 85335.90316 20950.0891 46292.35857 32159.95771 30873.2962 18215.74682 74260.39281 56473.24934 7417.55277 66988.01638 13589.76104 52915.34239 14717.43676 41273.43213 4280.10212 40491.60535 55031.48399 56189.24971 43285.84234 41779.53182 22815.56071 17720.97193 44134.22077 31494.84762 37446.31619 51524.03069 24898.6409 21089.19216 
68101.34818 41956.31556 80200.23832 61865.42325 57863.7756 18871.95533 81116.95369 38985.47771 76244.58063 64670.61724 36180.56685 5802.41282 44196.80118 83132.57065 84657.30313 61576.21034 44769.63452 65733.07912 93963.43803 64004.88886 31799.56521 8929.39628 55419.60334 74047.38894 48221.15119 53367.99806 80770.43746 8440.56177 41476.44775 81715.28734 21630.05259 34870.29709 0 20533.6499 47859.41314 42588.16251 61836.32937 87448.93751 32998.13403 46233.72564 77381.82965 73901.79857 48565.65688 67226.12456 15162.30444 41320.07887 49294.30909 17543.55481 35072.29444 64373.5452 60694.73627 81274.68679 60060.16114 31632.0007 49250.14978 12096.60585 22844.49577 83295.07988 26760.41343 16335.20779 25945.24409 84412.64762 74842.61918 77420.04943 49662.80774 23431.73989 62819.89743 22523.69915 67033.98274 53130.24364 77199.07548 39675.87935 84571.97436 51625.43567 29631.81478 50534.51912 11944.59427 33596.30119 81758.02694 64122.6974 41156.70143 81584.95517 29868.74118 73642.86474 21230.90198 24825.54955 39018.30461 7520.20669 86031.69355 84589.26899 45131.76912 7220.78349 47658.89115 50900.68051 77952.10888 40742.19616 48948.81648 79407.58231 35783.21776 16994.59597 
