50
n1 n2 n3 n4 n5 n6 n7 n8 n9 n10 n11 n12 n13 n14 n15 n16 n17 n18 n19 n20 n21 n22 n23 n24 n25 n26 n27 n28 n29 n30 n31 n32 n33 n34 n35 n36 n37 n38 n39 n40 n41 n42 n43 n44 n45 n46 n47 n48 n49 n0
0 8275.2743 3830.94464 1517.68844 4776.27891 3510.72243 4687.01427 7346.71793 6153.31747 4174.34632 6114.76621 5360.90501 2197.49706 6885.58311 5104.38434 4704.48333 8315.29009 2783.74702 2508.83536 4517.3903 4725.10104 7316.98748 2669.43346 5172.59138 6236.90274 7427.98508 4909.17385 7657.01289 1368.18869 8690.89246 2274.73542 6226.88763 6610.00791 3951.39401 9414.5401 9017.43352 6746.46512 6166.30058 4250.04758 4125.10282 3081.2532 2036.90028 2285.74258 3905.02966 6680.06222 7176.57222 6933.74613 3020.89025 4533.84118 6138.20293 
8275.2743 0 4487.87359 9544.52768 11096.46035 7427.18142 7280.15218 7785.30102 7311.01731 6623.30211 7574.17599 7892.73438 9054.89616 5011.95547 10937.45167 3977.94429 809.51922 8923.24873 6702.50007 4490.21829 10672.38018 4404.89637 8341.38276 4066.45021 3439.71017 4661.54024 6962.71547 757.87597 8944.98469 651.1425 9746.12912 8435.5471 1683.79502 4389.28396 6185.59427 7659.7842 4271.02588 2324.42483 4232.60628 4281.45204 10005.65463 8367.86715 9183.48723 6377.90741 1679.507 5768.81505 10122.96826 5368.44856 4956.34064 10132.60506 
3830.94464 4487.87359 0 5204.09178 7472.76689 4227.62272 4784.64031 6749.53551 5714.83777 3945.51362 5856.46566 5614.51294 4657.40965 4883.75511 7510.40338 1135.48385 4635.39726 5132.23361 2399.64693 1398.35601 7173.07963 4928.85576 4097.31652 1870.04322 3407.89326 5145.355 4688.19359 3929.91356 4465.91343 4869.0952 5590.5115 6464.11668 2872.46289 950.51506 7333.80794 7753.48828 4367.55149 2338.79927 1397.55056 403.51183 6058.74371 4398.40997 5162.47557 3547.57865 2993.02358 5517.52923 7880.64679 891.92712 1898.22443 7479.77537 
1517.68844 9544.52768 5204.09178 0 3548.09285 3578.77066 4743.17808 7359.18793 6214.83947 4477.66964 6107.90778 5236.84904 3107.1511 7466.31637 3991.82625 6153.44614 9503.57474 2143.07587 4017.28986 6006.61605 3625.63179 8007.82579 3878.71421 6660.83031 7152.66561 8073.51326 5058.0259 8885.32535 2225.2168 10002.45642 983.601 6001.55913 7862.28155 5157.82399 9884.15656 9186.03701 7471.62726 7538.22799 5374.14062 5531.98841 1886.33065 1792.64827 1426.46759 4328.79724 7902.02017 7609.86385 6339.06633 4454.81484 6046.75575 5435.64404 
4776.27891 11096.46035 7472.76689 3548.09285 0 3681.55105 4194.83961 5988.0445 5195.72531 4587.55359 4955.19807 4072.05319 6654.46577 7411.16047 646.82872 8589.15398 10803.66973 2345.07263 7161.99765 8645.73988 547.32412 8138.36772 7379.82565 9255.46283 7955.29507 8085.07966 4595.0507 10352.41957 5767.01581 11671.02928 2576.83523 4356.81789 9485.55442 6996.10643 9265.22388 7928.9044 7761.74338 9575.88547 6977.0727 7868.38152 1700.19449 3132.37801 2527.06454 4754.40067 9431.23026 7182.27548 3741.17402 7004.23608 8867.88749 2768.30214 
3510.72243 7427.18142 4227.62272 3578.77066 3681.55105 0 1191.45888 3855.61607 2674.78591 1003.80854 2611.56406 1864.14435 5676.72036 4063.40897 3516.83661 5357.34209 7122.13168 1793.91646 4900.86255 5574.29786 3245.21908 4708.523 5914.78215 6097.00002 4297.01091 4716.91612 1479.88092 6678.98802 4878.78028 8013.03825 3111.90888 2755.47227 5843.30624 3538.61256 6351.97625 5619.80707 4248.23477 6059.96058 3415.60133 4629.02113 2911.18467 1786.17121 2391.42707 1078.44135 5773.0769 4085.3936 3795.79829 4059.8111 5952.07815 3270.69214 
4687.01427 7280.15218 4784.64031 4743.17808 4194.83961 1191.45888 0 2665.44188 1483.81218 839.15946 1427.91036 837.42607 6832.97535 3222.42036 3856.27862 5864.77972 6856.85627 2802.6381 5866.59893 6179.57908 3680.7917 3943.59443 7011.10396 6627.10751 3920.01697 3896.09486 402.40617 6522.31272 6053.09998 7902.85736 4193.82019 1729.68159 5825.62608 3947.57639 5303.36695 4442.94428 3579.55686 6265.63492 3689.81514 5166.57068 3837.71875 2955.05495 3477.25037 1239.32405 5706.58033 3081.83816 3114.91544 4814.72955 6628.80478 2886.27378 
7346.71793 7785.30102 6749.53551 7359.18793 5988.0445 3855.61607 2665.44188 0 1196.37176 3241.76553 1252.56197 2144.30529 9472.08008 2780.46367 5449.63256 7674.18155 7143.50962 5304.25547 8297.68864 8114.95649 5442.14104 3467.33273 9582.98962 8423.09793 4457.62698 3253.29107 2449.45182 7080.66019 8709.94076 8435.96354 6713.35983 1631.95341 6743.87444 5807.77931 3452.68925 1948.18559 3514.27515 7549.45771 5408.94132 7072.59921 6192.66048 5590.53626 6020.63971 3596.85631 6544.61308 2067.40718 2938.81242 7030.92575 8646.80799 3531.05948 
6153.31747 7311.01731 5714.83777 6214.83947 5195.72531 2674.78591 1483.81218 1196.37176 0 2053.21918 286.56207 1134.76432 8275.71242 2537.26034 4727.6024 6699.00352 6752.63715 4210.40402 7139.2975 7101.86937 4650.99802 3303.11996 8394.7933 7458.95466 3878.32093 3162.02088 1253.38206 6572.21866 7515.29819 7958.8197 5618.22433 1166.01244 6081.91613 4792.39774 4070.80126 2980.25712 3147.01397 6759.76112 4429.4754 6059.81523 5168.70503 4432.59714 4911.63638 2419.97818 5910.61535 2073.26588 2851.82007 5924.56747 7610.4209 3111.01869 
4174.34632 6623.30211 3945.51362 4477.66964 4587.55359 1003.80854 839.15946 3241.76553 2053.21918 0 2090.88779 1671.63728 6249.58199 3064.92619 4346.19657 5027.27191 6258.27542 2796.99315 5109.92527 5340.74762 4114.61836 3704.73497 6342.06026 5789.09199 3370.52606 3714.81768 819.9293 5867.28543 5519.11996 7230.99249 4090.11432 2545.21187 5107.22017 3113.28364 5407.74588 4843.11442 3249.40043 5476.68857 2872.02789 4327.57646 3914.57686 2705.34132 3373.33238 404.82217 5007.37644 3133.52293 3948.18058 3994.5928 5793.35463 3658.98124 
6114.76621 7574.17599 5856.46566 6107.90778 4955.19807 2611.56406 1427.91036 1252.56197 286.56207 2090.88779 0 930.30147 8258.26589 2823.38525 4473.91838 6861.8347 7024.24337 4067.39178 7199.42004 7249.29404 4409.0364 3589.46498 8412.27067 7624.11895 4137.54177 3448.45664 1271.79735 6832.69134 7481.00589 8220.93458 5477.338 882.49402 6322.43363 4945.62792 4311.36508 3127.46778 3427.45401 6974.56941 4598.36541 6209.81283 4993.09146 4337.98966 4778.56853 2476.22609 6155.90046 2353.92799 2572.74372 6027.82534 7746.94702 2826.1138 
5360.90501 7892.73438 5614.51294 5236.84904 4072.05319 1864.14435 837.42607 2144.30529 1134.76432 1671.63728 930.30147 0 7537.58127 3459.99978 3626.6979 6685.81255 7414.72268 3160.92632 6679.08228 7010.99717 3529.78559 4220.77876 7771.28732 7449.32634 4473.39092 4121.77065 977.51159 7137.85861 6728.37978 8527.45514 4569.41353 907.08935 6508.22696 4763.58996 5201.9736 4053.23709 3953.93658 7019.84614 4485.01349 5993.37155 4064.49386 3493.87543 3879.94873 2074.55933 6371.12718 3128.67787 2323.95559 5651.57577 7464.62254 2250.16662 
2197.49706 9054.89616 4657.40965 3107.1511 6654.46577 5676.72036 6832.97535 9472.08008 8275.71242 6249.58199 8258.26589 7537.58127 0 8704.14433 7077.78704 5110.4231 9279.57682 4920.52665 2360.64361 4690.46453 6705.13389 9025.24512 1024.93968 5280.60652 7736.7937 9175.53957 7022.93482 8560.30489 898.48693 9341.91181 4080.51825 8413.312 7510.13955 5174.30775 11268.54489 11063.40826 8439.4599 6757.87296 5587.52252 4790.1694 4976.59125 4220.25812 4329.19128 5936.14713 7645.68597 9097.3891 9119.62898 3771.74616 4423.85508 8301.1828 
6885.58311 5011.95547 4883.75511 7466.31637 7411.16047 4063.40897 3222.42036 2780.46367 2537.26034 3064.92619 2823.38525 3459.99978 8704.14433 0 7036.65914 5556.39974 4363.22106 5856.24006 6960.00223 6089.39523 6888.77587 767.57216 8518.26461 6241.67175 1825.8309 673.97499 2820.18887 4320.78409 8123.35753 5661.612859999999 7149.68386 3701.39911 4097.04558 3965.5619 2565.95149 2978.52283 755.38968 5043.53088 3497.0572 5106.14217 6961.79838 5737.85641 6435.65036 3142.80806 3875.01335 781.52426 5372.09784 5450.48249 6674.88994 5630.21931 
5104.38434 10937.45167 7510.40338 3991.82625 646.82872 3516.83661 3856.27862 5449.63256 4727.6024 4346.19657 4473.91838 3626.6979 7077.78704 7036.65914 0 8639.83327 10601.98473 2473.80017 7403.9 8740.29814 379.38783 7779.32363 7750.05492 9331.37035 7710.50244 7708.33488 4247.65367 10186.21869 6182.16927 11528.17056 3008.28814 3819.29962 9359.96913 6962.16028 8781.62511 7378.86007 7435.35891 9529.19955 6899.64372 7911.28807 2105.84212 3299.27729 2819.21922 4560.71345 9288.94703 6754.95705 3103.56505 7110.73106 9002.02556 2138.02942 
4704.48333 3977.94429 1135.48385 6153.44614 8589.15398 5357.34209 5864.77972 7674.18155 6699.00352 5027.27191 6861.8347 6685.81255 5110.4231 5556.39974 8639.83327 0 4313.02023 6245.1443 2749.81127 595.97665 8299.70669 5459.54472 4364.04642 764.52368 3877.4241 5702.70934 5739.56906 3573.43049 5102.98371 4232.32258 6622.78865 7514.13202 2588.93185 1925.69702 7861.35433 8507.71275 4944.02824 1656.99524 2271.53698 731.98469 7140.08669 5492.95921 6237.30923 4636.39663 2787.37694 6255.27716 8973.89826 1699.37516 1187.86362 8600.12484 
8315.29009 809.51922 4635.39726 9503.57474 10803.66973 7122.13168 6856.85627 7143.50962 6752.63715 6258.27542 7024.24337 7414.72268 9279.57682 4363.22106 10601.98473 4313.02023 0 8705.95916 6957.65587 4868.43045 10356.45001 3710.77682 8632.70988 4526.70293 2944.18863 3957.69115 6516.52509 740.24846 9092.89189 1382.09887 9623.80641 7897.91777 1769.69235 4368.40105 5390.84654 6911.44357 3644.32082 2724.55885 4131.03442 4493.13717 9812.45844 8209.56671 9024.93383 6051.7258 1647.40569 5098.66238 9591.47218 5527.32438 5383.41144 9664.431 
2783.74702 8923.24873 5132.23361 2143.07587 2345.07263 1793.91646 2802.6381 5304.25547 4210.40402 2796.99315 4067.39178 3160.92632 4920.52665 5856.24006 2473.80017 6245.1443 8705.95916 0 4946.33525 6303.66702 2106.62959 6500.5904 5450.46796 6910.81124 5992.65312 6510.82159 3170.10155 8196.06447 4031.42218 9470.53238 1409.95276 3877.39605 7274.31896 4698.90175 8094.80122 7188.16207 6030.70683 7276.80336 4726.30383 5526.14287 1132.52344 828.94323 728.39535 2809.6634 7244.77775 5845.29724 4238.80801 4664.18499 6540.93132 3384.05605 
2508.83536 6702.50007 2399.64693 4017.28986 7161.99765 4900.86255 5866.59893 8297.68864 7139.2975 5109.92527 7199.42004 6679.08228 2360.64361 6960.00223 7403.9 2749.81127 6957.65587 4946.33525 0 2349.06413 7028.46755 7142.75906 1697.94453 2965.89938 5709.66833 7330.74462 5929.83162 6230.19274 2440.46022 6981.37839 4759.77244 7585.75736 5189.65199 3097.38046 9500.40258 9625.81986 6560.71246 4398.4949 3556.74624 2468.08755 5504.08132 4117.9906 4635.40848 4724.26138 5341.01505 7483.8245 8677.70597 1575.2709 2169.59918 8037.90016 
4517.3903 4490.21829 1398.35601 6006.61605 8645.73988 5574.29786 6179.57908 8114.95649 7101.86937 5340.74762 7249.29404 7010.99717 4690.46453 6089.39523 8740.29814 595.97665 4868.43045 6303.66702 2349.06413 0 8389.37776 6023.04737 3885.89448 655.20187 4444.99867 6261.98842 6086.54466 4128.21554 4766.97334 4696.9406 6553.90925 7862.45788 3166.53853 2311.34349 8429.76644 9022.4187 5497.24844 2169.05417 2710.91921 1043.27504 7133.37364 5520.14221 6226.58389 4941.15399 3371.93778 6771.48795 9268.14275 1643.42438 599.01096 8840.73937 
4725.10104 10672.38018 7173.07963 3625.63179 547.32412 3245.21908 3680.7917 5442.14104 4650.99802 4114.61836 4409.0364 3529.78559 6705.13389 6888.77587 379.38783 8299.70669 10356.45001 2106.62959 7028.46755 8389.37776 0 7621.41073 7371.91425 8985.14392 7485.05398 7562.34641 4078.72153 9924.02524 5808.79511 11256.3085 2642.20907 3811.4078 9079.88727 6646.14406 8719.6385 7384.13099 7256.31822 9219.31467 6598.87768 7572.80734 1739.59133 2929.10426 2439.84931 4305.59386 9015.83412 6645.53249 3263.09095 6756.21788 8642.81672 2281.31879 
7316.98748 4404.89637 4928.85576 8007.82579 8138.36772 4708.523 3943.59443 3467.33273 3303.11996 3704.73497 3589.46498 4220.77876 9025.24512 767.57216 7779.32363 5459.54472 3710.77682 6500.5904 7142.75906 6023.04737 7621.41073 0 8757.75644 6095.043 1583.91014 270.93926 3543.48523 3753.41061 8500.8411 5047.67914 7754.38504 4465.93182 3685.30969 4066.41872 2411.19791 3329.30721 586.76879 4728.02795 3597.13835 5097.13634 7619.01601 6320.77088 7048.5492 3728.08416 3445.00203 1401.294 6131.038 5590.08265 6619.51595 6397.74 
2669.43346 8341.38276 4097.31652 3878.71421 7379.82565 5914.78215 7011.10396 9582.98962 8394.7933 6342.06026 8412.27067 7771.28732 1024.93968 8518.26461 7750.05492 4364.04642 8632.70988 5450.46796 1697.94453 3885.89448 7371.91425 8757.75644 0 4432.92559 7369.05643 8932.03432 7147.85773 7900.3969 1696.54574 8580.37363 4811.68389 8669.43427 6869.03827 4758.08347 11078.28631 11054.46205 8171.95074 6020.6565 5205.61316 4156.16855 5681.11909 4679.83414 4941.69269 5990.39015 7027.86252 8986.40709 9538.24032 3257.06972 3546.08238 8780.3996 
5172.59138 4066.45021 1870.04322 6660.83031 9255.46283 6097.00002 6627.10751 8423.09793 7458.95466 5789.09199 7624.11895 7449.32634 5280.60652 6241.67175 9331.37035 764.52368 4526.70293 6910.81124 2965.89938 655.20187 8985.14392 6095.043 4432.92559 0 4512.34322 6346.08685 6504.02015 3793.67839 5398.19213 4205.78289 7198.58808 8278.65418 2920.12928 2690.21722 8478.38446 9207.99531 5601.65562 1804.94719 3029.65783 1471.50074 7763.57052 6137.97557 6857.19052 5396.79878 3151.08843 6957.61089 9734.40858 2270.87167 905.45638 9349.15438 
6236.90274 3439.71017 3407.89326 7152.66561 7955.29507 4297.01091 3920.01697 4457.62698 3878.32093 3370.52606 4137.54177 4473.39092 7736.7937 1825.8309 7710.50244 3877.4241 2944.18863 5992.65312 5709.66833 4444.99867 7485.05398 1583.91014 7369.05643 4512.34322 0 1833.90745 3573.55244 2695.24155 7304.21963 4084.51569 7078.69469 4995.98919 2294.24546 2613.36213 3984.9203 4788.80339 1110.12105 3219.41757 2164.48368 3542.70728 7122.85388 5625.15257 6417.60958 3219.57689 2087.80278 2600.25088 6683.45747 4136.51651 5042.70473 6722.00395 
7427.98508 4661.54024 5145.355 8073.51326 8085.07966 4716.91612 3896.09486 3253.29107 3162.02088 3714.81768 3448.45664 4121.77065 9175.53957 673.97499 7708.33488 5702.70934 3957.69115 6510.82159 7330.74462 6261.98842 7562.34641 270.93926 8932.03432 6346.08685 1833.90745 0 3493.93664 4017.05578 8632.19661 5302.2847 7788.20194 4317.43875 3956.00355 4268.5381 2188.55859 3058.82363 778.09668 4995.10117 3797.74076 5324.66255 7621.56794 6365.10891 7077.47229 3767.33121 3715.89282 1187.84951 5967.64885 5786.66227 6857.2329 6269.02886 
4909.17385 6962.71547 4688.19359 5058.0259 4595.0507 1479.88092 402.40617 2449.45182 1253.38206 819.9293 1271.79735 977.51159 7022.93482 2820.18887 4247.65367 5739.56906 6516.52509 3170.10155 5929.83162 6086.54466 4078.72153 3543.48523 7147.85773 6504.02015 3573.55244 3493.93664 0 6205.66365 6267.90787 7591.50028 4548.33866 1776.48328 5545.30175 3814.05078 4925.48112 4145.20686 3188.44408 6042.3393 3518.32743 5058.63906 4222.95893 3265.41097 3828.70487 1212.20671 5415.01865 2690.26431 3301.14802 4792.48878 6559.4535 3172.94028 
7657.01289 757.87597 3929.91356 8885.32535 10352.41957 6678.98802 6522.31272 7080.66019 6572.21866 5867.28543 6832.69134 7137.85861 8560.30489 4320.78409 10186.21869 3573.43049 740.24846 8196.06447 6230.19274 4128.21554 9924.02524 3753.41061 7900.3969 3793.67839 2695.24155 4017.05578 6205.66365 0 8394.65315 1391.26746 9051.68752 7690.1955 1058.00431 3729.7575 5685.57325 7052.50017 3571.32073 1989.30979 3535.89251 3770.46823 9286.43647 7658.82048 8475.12765 5625.75674 983.30717 5088.58918 9375.25744 4820.83477 4645.17771 9376.23215 
1368.18869 8944.98469 4465.91343 2225.2168 5767.01581 4878.78028 6053.09998 8709.94076 7515.29819 5519.11996 7481.00589 6728.37978 898.48693 8123.35753 6182.16927 5102.98371 9092.89189 4031.42218 2440.46022 4766.97334 5808.79511 8500.8411 1696.54574 5398.19213 7304.21963 8632.19661 6267.90787 8394.65315 0 9287.67707 3190.66377 7591.22074 7336.70734 4831.80441 10675.01513 10357.97882 7920.1763 6703.98438 5204.07678 4668.5252 4083.38928 3351.23627 3431.55081 5231.25321 7445.91174 8463.45041 8244.53926 3578.11469 4608.01711 7414.69615 
8690.89246 651.1425 4869.0952 10002.45642 11671.02928 8013.03825 7902.85736 8435.96354 7958.8197 7230.99249 8220.93458 8527.45514 9341.91181 5661.612859999999 11528.17056 4232.32258 1382.09887 9470.53238 6981.37839 4696.9406 11256.3085 5047.67914 8580.37363 4205.78289 4084.51569 5302.2847 7591.50028 1391.26746 9287.67707 0 10246.73177 9080.34439 2196.45598 4869.78191 6768.58227 8285.41534 4921.71621 2588.02159 4754.2293 4623.03373 10539.74924 8889.9886 9703.34991 6974.00958 2240.55853 6416.54566 10766.19742 5729.93376 5110.25993 10763.45753 
2274.73542 9746.12912 5590.5115 983.601 2576.83523 3111.90888 4193.82019 6713.35983 5618.22433 4090.11432 5477.338 4569.41353 4080.51825 7149.68386 3008.28814 6622.78865 9623.80641 1409.95276 4759.77244 6553.90925 2642.20907 7754.38504 4811.68389 7198.58808 7078.69469 7788.20194 4548.33866 9051.68752 3190.66377 10246.73177 0 5263.73142 8066.11017 5379.04278 9460.33695 8597.10634 7252.21448 7880.34762 5516.5643 5951.94494 902.74695 1454.93878 721.09686 4026.31095 8075.05056 7196.89742 5445.08796 4937.29385 6668.44821 4516.50825 
6226.88763 8435.5471 6464.11668 6001.55913 4356.81789 2755.47227 1729.68159 1631.95341 1166.01244 2545.21187 882.49402 907.08935 8413.312 3701.39911 3819.29962 7514.13202 7897.91777 3877.39605 7585.75736 7862.45788 3811.4078 4465.93182 8669.43427 8278.65418 4995.98919 4317.43875 1776.48328 7690.1955 7591.22074 9080.34439 5263.73142 0 7145.20182 5588.43779 5006.74437 3573.1688 4309.6225 7744.06205 5279.89168 6835.11491 4660.89773 4306.58708 4605.68067 2950.01483 6987.80647 3195.37004 1693.87785 6538.60657 8330.6494 1993.22608 
6610.00791 1683.79502 2872.46289 7862.28155 9485.55442 5843.30624 5825.62608 6743.87444 6081.91613 5107.22017 6322.43363 6508.22696 7510.13955 4097.04558 9359.96913 2588.93185 1769.69235 7274.31896 5189.65199 3166.53853 9079.88727 3685.30969 6869.03827 2920.12928 2294.24546 3956.00355 5545.30175 1058.00431 7336.70734 2196.45598 8066.11017 7145.20182 0 2705.74627 5893.56541 7005.92584 3349.76406 1174.89071 2559.96511 2723.73075 8344.1155 6697.39517 7511.83042 4824.52447 255.61559 4877.9753 8801.31638 3763.77757 3716.59133 8709.42342 
3951.39401 4389.28396 950.51506 5157.82399 6996.10643 3538.61256 3947.57639 5807.77931 4792.39774 3113.28364 4945.62792 4763.58996 5174.30775 3965.5619 6962.16028 1925.69702 4368.40105 4698.90175 3097.38046 2311.34349 6646.14406 4066.41872 4758.08347 2690.21722 2613.36213 4268.5381 3814.05078 3729.7575 4831.80441 4869.78191 5379.04278 5588.43779 2705.74627 0 6453.88897 6808.97589 3491.779 2580.45788 471.30967 1268.19708 5718.13734 4051.41709 4856.63124 2730.01546 2746.85439 4579.37158 7061.23835 1528.24913 2840.45359 6727.10153 
9414.5401 6185.59427 7333.80794 9884.15656 9265.22388 6351.97625 5303.36695 3452.68925 4070.80126 5407.74588 4311.36508 5201.9736 11268.54489 2565.95149 8781.62511 7861.35433 5390.84654 8094.80122 9500.40258 8429.76644 8719.6385 2411.19791 11078.28631 8478.38446 3984.9203 2188.55859 4925.48112 5685.57325 10675.01513 6768.58227 9460.33695 5006.74437 5893.56541 6453.88897 0 1979.15832 2966.60248 7012.2525 5982.69587 7508.15839 9140.10468 8111.23806 8739.24342 5573.12756 5640.12446 2274.35292 6379.79318 7966.9738 9027.16206 6970.56703 
9017.43352 7659.7842 7753.48828 9186.03701 7928.9044 5619.80707 4442.94428 1948.18559 2980.25712 4843.11442 3127.46778 4053.23709 11063.40826 2978.52283 7378.86007 8507.71275 6911.44357 7188.16207 9625.81986 9022.4187 7384.13099 3329.30721 11054.46205 9207.99531 4788.80339 3058.82363 4145.20686 7052.50017 10357.97882 8285.41534 8597.10634 3573.1688 7005.92584 6808.97589 1979.15832 0 3681.92975 8005.9532 6356.44061 8013.1571 8117.34106 7397.42785 7891.79734 5130.3324 6769.51699 2252.44535 4662.06518 8211.18535 9597.46513 5389.82632 
6746.46512 4271.02588 4367.55149 7471.62726 7761.74338 4248.23477 3579.55686 3514.27515 3147.01397 3249.40043 3427.45401 3953.93658 8439.4599 755.38968 7435.35891 4944.02824 3644.32082 6030.70683 6560.71246 5497.24844 7256.31822 586.76879 8171.95074 5601.65562 1110.12105 778.09668 3188.44408 3571.32073 7920.1763 4921.71621 7252.21448 4309.6225 3349.76406 3491.779 2966.60248 3681.92975 0 4324.0251 3021.31708 4550.61846 7156.93267 5809.1034 6553.43099 3232.75304 3124.37462 1535.3608 5998.83308 5012.07248 6090.82784 6178.71548 
6166.30058 2324.42483 2338.79927 7538.22799 9575.88547 6059.96058 6265.63492 7549.45771 6759.76112 5476.68857 6974.56941 7019.84614 6757.87296 5043.53088 9529.19955 1656.99524 2724.55885 7276.80336 4398.4949 2169.05417 9219.31467 4728.02795 6020.6565 1804.94719 3219.41757 4995.10117 6042.3393 1989.30979 6703.98438 2588.02159 7880.34762 7744.06205 1174.89071 2580.45788 7012.2525 8005.9532 4324.0251 0 2644.95175 2052.89469 8278.42153 6608.00054 7401.92719 5137.67614 1425.79751 5812.10514 9342.83085 3166.06628 2661.4587 9135.24556 
4250.04758 4232.60628 1397.55056 5374.14062 6977.0727 3415.60133 3689.81514 5408.94132 4429.4754 2872.02789 4598.36541 4485.01349 5587.52252 3497.0572 6899.64372 2271.53698 4131.03442 4726.30383 3556.74624 2710.91921 6598.87768 3597.13835 5205.61316 3029.65783 2164.48368 3797.74076 3518.32743 3535.89251 5204.07678 4754.2293 5516.5643 5279.89168 2559.96511 471.30967 5982.69587 6356.44061 3021.31708 2644.95175 0 1674.23259 5785.82769 4137.54506 4952.32164 2512.02037 2558.56132 4120.25881 6801.1092 1993.8484 3261.65378 6523.5406 
4125.10282 4281.45204 403.51183 5531.98841 7868.38152 4629.02113 5166.57068 7072.59921 6059.81523 4327.57646 6209.81283 5993.37155 4790.1694 5106.14217 7911.28807 731.98469 4493.13717 5526.14287 2468.08755 1043.27504 7572.80734 5097.13634 4156.16855 1471.50074 3542.70728 5324.66255 5058.63906 3770.46823 4668.5252 4623.03373 5951.94494 6835.11491 2723.73075 1268.19708 7508.15839 8013.1571 4550.61846 2052.89469 1674.23259 0 6440.07485 4784.48194 5540.80992 3932.22788 2873.10428 5766.89369 8268.54473 1113.3332 1588.43613 7877.83022 
3081.2532 10005.65463 6058.74371 1886.33065 1700.19449 2911.18467 3837.71875 6192.66048 5168.70503 3914.57686 4993.09146 4064.49386 4976.59125 6961.79838 2105.84212 7140.08669 9812.45844 1132.52344 5504.08132 7133.37364 1739.59133 7619.01601 5681.11909 7763.57052 7122.85388 7621.56794 4222.95893 9286.43647 4083.38928 10539.74924 902.74695 4660.89773 8344.1155 5718.13734 9140.10468 8117.34106 7156.93267 8278.42153 5785.82769 6440.07485 0 1670.52559 906.80039 3941.2502 8326.16081 6912.49178 4652.47128 5493.22899 7304.10091 3698.55016 
2036.90028 8367.86715 4398.40997 1792.64827 3132.37801 1786.17121 2955.05495 5590.53626 4432.59714 2705.34132 4337.98966 3493.87543 4220.25812 5737.85641 3299.27729 5492.95921 8209.56671 828.94323 4117.9906 5520.14221 2929.10426 6320.77088 4679.83414 6137.97557 5625.15257 6365.10891 3265.41097 7658.82048 3351.23627 8889.9886 1454.93878 4306.58708 6697.39517 4051.41709 8111.23806 7397.42785 5809.1034 6608.00054 4137.54506 4784.48194 1670.52559 0 816.35102 2597.86592 6690.00578 5837.73843 4899.84157 3876.93732 5735.80132 4104.13219 
2285.74258 9183.48723 5162.47557 1426.46759 2527.06454 2391.42707 3477.25037 6020.63971 4911.63638 3373.33238 4778.56853 3879.94873 4329.19128 6435.65036 2819.21922 6237.30923 9024.93383 728.39535 4635.40848 6226.58389 2439.84931 7048.5492 4941.69269 6857.19052 6417.60958 7077.47229 3828.70487 8475.12765 3431.55081 9703.34991 721.09686 4605.68067 7511.83042 4856.63124 8739.24342 7891.79734 6553.43099 7401.92719 4952.32164 5540.80992 906.80039 816.35102 0 3322.31664 7505.9263 6476.03232 4919.80837 4586.67045 6400.21336 4032.246 
3905.02966 6377.90741 3547.57865 4328.79724 4754.40067 1078.44135 1239.32405 3596.85631 2419.97818 404.82217 2476.22609 2074.55933 5936.14713 3142.80806 4560.71345 4636.39663 6051.7258 2809.6634 4724.26138 4941.15399 4305.59386 3728.08416 5990.39015 5396.79878 3219.57689 3767.33121 1212.20671 5625.75674 5231.25321 6974.00958 4026.31095 2950.01483 4824.52447 2730.01546 5573.12756 5130.3324 3232.75304 5137.67614 2512.02037 3932.22788 3941.2502 2597.86592 3322.31664 0 4739.04541 3305.49468 4337.63779 3590.32796 5390.07232 4011.97676 
6680.06222 1679.507 2993.02358 7902.02017 9431.23026 5773.0769 5706.58033 6544.61308 5910.61535 5007.37644 6155.90046 6371.12718 7645.68597 3875.01335 9288.94703 2787.37694 1647.40569 7244.77775 5341.01505 3371.93778 9015.83412 3445.00203 7027.86252 3151.08843 2087.80278 3715.89282 5415.01865 983.30717 7445.91174 2240.55853 8075.05056 6987.80647 255.61559 2746.85439 5640.12446 6769.51699 3124.37462 1425.79751 2558.56132 2873.10428 8326.16081 6690.00578 7505.9263 4739.04541 0 4656.49983 8652.6298 3884.54258 3931.28794 8585.11113 
7176.57222 5768.81505 5517.52923 7609.86385 7182.27548 4085.3936 3081.83816 2067.40718 2073.26588 3133.52293 2353.92799 3128.67787 9097.3891 781.52426 6754.95705 6255.27716 5098.66238 5845.29724 7483.8245 6771.48795 6645.53249 1401.294 8986.40709 6957.61089 2600.25088 1187.84951 2690.26431 5088.58918 8463.45041 6416.54566 7196.89742 3195.37004 4877.9753 4579.37158 2274.35292 2252.44535 1535.3608 5812.10514 4120.25881 5766.89369 6912.49178 5837.73843 6476.03232 3305.49468 4656.49983 0 4812.42361 6019.08581 7348.66705 5176.16726 
6933.74613 10122.96826 7880.64679 6339.06633 3741.17402 3795.79829 3114.91544 2938.81242 2851.82007 3948.18058 2572.74372 2323.95559 9119.62898 5372.09784 3103.56505 8973.89826 9591.47218 4238.80801 8677.70597 9268.14275 3263.09095 6131.038 9538.24032 9734.40858 6683.45747 5967.64885 3301.14802 9375.25744 8244.53926 10766.19742 5445.08796 1693.87785 8801.31638 7061.23835 6379.79318 4662.06518 5998.83308 9342.83085 6801.1092 8268.54473 4652.47128 4899.84157 4919.80837 4337.63779 8652.6298 4812.42361 0 7828.40906 9691.80845 983.57043 
3020.89025 5368.44856 891.92712 4454.81484 7004.23608 4059.8111 4814.72955 7030.92575 5924.56747 3994.5928 6027.82534 5651.57577 3771.74616 5450.48249 7110.73106 1699.37516 5527.32438 4664.18499 1575.2709 1643.42438 6756.21788 5590.08265 3257.06972 2270.87167 4136.51651 5786.66227 4792.48878 4820.83477 3578.11469 5729.93376 4937.29385 6538.60657 3763.77757 1528.24913 7966.9738 8211.18535 5012.07248 3166.06628 1993.8484 1113.3332 5493.22899 3876.93732 4586.67045 3590.32796 3884.54258 6019.08581 7828.40906 0 1910.45754 7326.06434 
4533.84118 4956.34064 1898.22443 6046.75575 8867.88749 5952.07815 6628.80478 8646.80799 7610.4209 5793.35463 7746.94702 7464.62254 4423.85508 6674.88994 9002.02556 1187.86362 5383.41144 6540.93132 2169.59918 599.01096 8642.81672 6619.51595 3546.08238 905.45638 5042.70473 6857.2329 6559.4535 4645.17771 4608.01711 5110.25993 6668.44821 8330.6494 3716.59133 2840.45359 9027.16206 9597.46513 6090.82784 2661.4587 3261.65378 1588.43613 7304.10091 5735.80132 6400.21336 5390.07232 3931.28794 7348.66705 9691.80845 1910.45754 0 9222.48291 
6138.20293 10132.60506 7479.77537 5435.64404 2768.30214 3270.69214 2886.27378 3531.05948 3111.01869 3658.98124 2826.1138 2250.16662 8301.1828 5630.21931 2138.02942 8600.12484 9664.431 3384.05605 8037.90016 8840.73937 2281.31879 6397.74 8780.3996 9349.15438 6722.00395 6269.02886 3172.94028 9376.23215 7414.69615 10763.45753 4516.50825 1993.22608 8709.42342 6727.10153 6970.56703 5389.82632 6178.71548 9135.24556 6523.5406 7877.83022 3698.55016 4104.13219 4032.246 4011.97676 8585.11113 5176.16726 983.57043 7326.06434 9222.48291 0 
