30
Noah William James Logan Benjamin Mason Elijah Oliver Jacob Lucas Michael Alexander Ethan Daniel Matthew Aiden Henry Joseph Jackson Samuel Sebastian David Carter Wyatt Jayden John Owen Dylan Luke Liam
0 114.0 121.0 111.0 110.0 139.0 190.0 118.0 129.0 100.0 84.0 114.0 111.0 182.0 153.0 123.0 138.0 95.0 118.0 113.0 97.0 93.0 111.0 172.0 117.0 118.0 63.0 98.0 63.0 126.0 
114.0 0 86.0 3.0 96.0 93.0 81.0 51.0 79.0 133.0 55.0 68.0 65.0 139.0 122.0 13.0 86.0 49.0 66.0 67.0 71.0 75.0 97.0 120.0 70.0 74.0 68.0 90.0 62.0 77.0 
121.0 86.0 0 86.0 119.0 59.0 115.0 77.0 104.0 156.0 43.0 79.0 92.0 126.0 128.0 73.0 99.0 55.0 89.0 94.0 54.0 58.0 120.0 143.0 79.0 97.0 58.0 32.0 107.0 64.0 
111.0 3.0 86.0 0 93.0 90.0 84.0 48.0 82.0 130.0 52.0 65.0 62.0 136.0 119.0 16.0 83.0 46.0 63.0 64.0 68.0 72.0 94.0 117.0 67.0 71.0 65.0 87.0 59.0 74.0 
110.0 96.0 119.0 93.0 0 114.0 128.0 52.0 94.0 137.0 89.0 102.0 68.0 150.0 112.0 99.0 97.0 83.0 70.0 79.0 73.0 69.0 1.0 124.0 81.0 57.0 80.0 102.0 112.0 81.0 
139.0 93.0 59.0 90.0 114.0 0 56.0 89.0 112.0 164.0 74.0 25.0 85.0 136.0 110.0 106.0 94.0 49.0 97.0 87.0 67.0 71.0 115.0 151.0 33.0 89.0 109.0 83.0 106.0 80.0 
190.0 81.0 115.0 84.0 128.0 56.0 0 131.0 141.0 214.0 130.0 81.0 141.0 192.0 105.0 68.0 138.0 105.0 147.0 142.0 123.0 119.0 127.0 197.0 89.0 145.0 127.0 124.0 136.0 136.0 
118.0 51.0 77.0 48.0 52.0 89.0 131.0 0 67.0 95.0 59.0 64.0 69.0 120.0 91.0 63.0 84.0 53.0 28.0 59.0 47.0 51.0 51.0 82.0 68.0 74.0 87.0 101.0 80.0 77.0 
129.0 79.0 104.0 82.0 94.0 112.0 141.0 67.0 0 152.0 106.0 87.0 110.0 166.0 82.0 92.0 127.0 73.0 85.0 90.0 74.0 70.0 93.0 139.0 104.0 118.0 131.0 128.0 76.0 104.0 
100.0 133.0 156.0 130.0 137.0 164.0 214.0 95.0 152.0 0 126.0 139.0 136.0 187.0 175.0 146.0 151.0 120.0 95.0 138.0 114.0 118.0 136.0 149.0 135.0 141.0 163.0 173.0 150.0 144.0 
84.0 55.0 43.0 52.0 89.0 74.0 130.0 59.0 106.0 126.0 0 55.0 52.0 129.0 115.0 68.0 79.0 36.0 59.0 54.0 64.0 68.0 90.0 113.0 58.0 67.0 90.0 67.0 83.0 67.0 
114.0 68.0 79.0 65.0 102.0 25.0 81.0 64.0 87.0 139.0 55.0 0 65.0 117.0 111.0 81.0 92.0 24.0 72.0 67.0 42.0 46.0 103.0 126.0 58.0 80.0 102.0 103.0 95.0 55.0 
111.0 65.0 92.0 62.0 68.0 85.0 141.0 69.0 110.0 136.0 52.0 65.0 0 129.0 125.0 78.0 87.0 46.0 69.0 48.0 74.0 78.0 67.0 123.0 52.0 77.0 100.0 90.0 93.0 77.0 
182.0 139.0 126.0 136.0 150.0 136.0 192.0 120.0 166.0 187.0 129.0 117.0 129.0 0 180.0 152.0 138.0 93.0 120.0 131.0 121.0 125.0 151.0 174.0 103.0 147.0 168.0 141.0 159.0 102.0 
153.0 122.0 128.0 119.0 112.0 110.0 105.0 91.0 82.0 175.0 115.0 111.0 125.0 180.0 0 121.0 138.0 97.0 108.0 114.0 98.0 94.0 113.0 148.0 77.0 122.0 138.0 141.0 100.0 128.0 
123.0 13.0 73.0 16.0 99.0 106.0 68.0 63.0 92.0 146.0 68.0 81.0 78.0 152.0 121.0 0 99.0 62.0 79.0 74.0 68.0 64.0 100.0 133.0 83.0 85.0 75.0 97.0 68.0 90.0 
138.0 86.0 99.0 83.0 97.0 94.0 138.0 84.0 127.0 151.0 79.0 92.0 87.0 138.0 138.0 99.0 0 73.0 84.0 89.0 89.0 93.0 98.0 138.0 61.0 94.0 117.0 99.0 95.0 87.0 
95.0 49.0 55.0 46.0 83.0 49.0 105.0 53.0 73.0 120.0 36.0 24.0 46.0 93.0 97.0 62.0 73.0 0 53.0 48.0 28.0 32.0 84.0 107.0 52.0 61.0 83.0 79.0 76.0 31.0 
118.0 66.0 89.0 63.0 70.0 97.0 147.0 28.0 85.0 95.0 59.0 72.0 69.0 120.0 108.0 79.0 84.0 53.0 0 71.0 47.0 51.0 69.0 82.0 68.0 74.0 97.0 106.0 83.0 77.0 
113.0 67.0 94.0 64.0 79.0 87.0 142.0 59.0 90.0 138.0 54.0 67.0 48.0 131.0 114.0 74.0 89.0 48.0 71.0 0 75.0 71.0 78.0 125.0 54.0 79.0 91.0 92.0 84.0 79.0 
97.0 71.0 54.0 68.0 73.0 67.0 123.0 47.0 74.0 114.0 64.0 42.0 74.0 121.0 98.0 68.0 89.0 28.0 47.0 75.0 0 4.0 74.0 101.0 73.0 79.0 80.0 78.0 82.0 59.0 
93.0 75.0 58.0 72.0 69.0 71.0 119.0 51.0 70.0 118.0 68.0 46.0 78.0 125.0 94.0 64.0 93.0 32.0 51.0 71.0 4.0 0 70.0 105.0 69.0 83.0 76.0 82.0 78.0 63.0 
111.0 97.0 120.0 94.0 1.0 115.0 127.0 51.0 93.0 136.0 90.0 103.0 67.0 151.0 113.0 100.0 98.0 84.0 69.0 78.0 74.0 70.0 0 123.0 82.0 58.0 81.0 103.0 111.0 80.0 
172.0 120.0 143.0 117.0 124.0 151.0 197.0 82.0 139.0 149.0 113.0 126.0 123.0 174.0 148.0 133.0 138.0 107.0 82.0 125.0 101.0 105.0 123.0 0 122.0 128.0 151.0 160.0 137.0 131.0 
117.0 70.0 79.0 67.0 81.0 33.0 89.0 68.0 104.0 135.0 58.0 58.0 52.0 103.0 77.0 83.0 61.0 52.0 68.0 54.0 73.0 69.0 82.0 122.0 0 56.0 79.0 64.0 82.0 81.0 
118.0 74.0 97.0 71.0 57.0 89.0 145.0 74.0 118.0 141.0 67.0 80.0 77.0 147.0 122.0 85.0 94.0 61.0 74.0 79.0 79.0 83.0 58.0 128.0 56.0 0 55.0 77.0 95.0 85.0 
63.0 68.0 58.0 65.0 80.0 109.0 127.0 87.0 131.0 163.0 90.0 102.0 100.0 168.0 138.0 75.0 117.0 83.0 97.0 91.0 80.0 76.0 81.0 151.0 79.0 55.0 0 35.0 85.0 108.0 
98.0 90.0 32.0 87.0 102.0 83.0 124.0 101.0 128.0 173.0 67.0 103.0 90.0 141.0 141.0 97.0 99.0 79.0 106.0 92.0 78.0 82.0 103.0 160.0 64.0 77.0 35.0 0 85.0 88.0 
63.0 62.0 107.0 59.0 112.0 106.0 136.0 80.0 76.0 150.0 83.0 95.0 93.0 159.0 100.0 68.0 95.0 76.0 83.0 84.0 82.0 78.0 111.0 137.0 82.0 95.0 85.0 85.0 0 100.0 
126.0 77.0 64.0 74.0 81.0 80.0 136.0 77.0 104.0 144.0 67.0 55.0 77.0 102.0 128.0 90.0 87.0 31.0 77.0 79.0 59.0 63.0 80.0 131.0 81.0 85.0 108.0 88.0 100.0 0 
