50
38 32 2 11 25 24 27 9 41 19 18 44 23 36 5 1 35 43 28 34 33 31 15 40 48 21 42 6 22 7 49 47 3 10 39 29 30 45 14 8 4 20 13 46 12 17 16 37 26 0
0 659479225.99083 599853713.02609 741697387.2458501 674954670.34965 831343107.2611899 297401386.92693996 106382672.73047 666000236.70506 526612696.45011 809445890.30996 659402957.86749 475683729.77852 738973488.12018 810188734.9347 293095125.45025 505694831.87966996 776416297.4052598 384485913.74522996 657748157.30579 274103315.33929 575361894.80087 649824253.37212 517798258.58627 846515214.78103 899487233.04048 762253182.18912 481310717.17191994 836802466.51282 897083718.63727 764974486.53864 512816454.51433 678482204.93627 688814316.9641199 615370832.72792 725280987.92026 738820774.80491 667267320.07816 240681527.36658 610011024.59912 885753805.97486 760573907.21332 581535127.10891 196281750.76194 855901291.5813301 899617336.99328 886363433.9227899 811868866.43809 847401387.3508799 213137871.02846 
659479225.99083 0 615931555.84821 699647132.9618 440885738.97358 375381553.72686 795624132.12128 704414694.75618 734989017.73782 445493835.39538 500003670.99075 584727425.14274 768528862.44146 687014203.93466 787288387.58831 369162112.41891 471503359.79770005 801607175.35277 615414652.90372 534213543.71357 599292462.32926 662653548.89148 684032858.7596 408480253.42312 671009662.43617 542096864.63644 542769601.28161 789861617.83813 397326273.96162 240117340.7995 583722511.26316 598264259.28914 683573396.86369 721093959.5141599 471168687.94415 407908486.11062 848407444.2854201 486015344.80268 632714250.30197 672707079.9112899 764816743.69268 763038405.53327 472217121.94576 659396223.30419 472684134.61884 332160448.83423 246826040.10809 775359352.65224 491908172.31905997 636844948.6453 
599853713.02609 615931555.84821 0 1012637179.09744 940869754.89764 467762730.28859 701614538.3133 694982167.49981 401392005.19956005 527993652.67495 330200854.0992 792686864.1877699 823744809.59542 517211387.04311 333252437.62979 749630132.46238 547054191.42446 366276043.44642 298115586.45393 1034197559.63763 441746428.00569004 542122665.45035 1023655427.16108 809580849.30316 493574858.15867007 726258127.02301 637888299.75084 720932344.65286 632125522.01828 813258153.0797 843887359.55192 153893556.26199 765618621.85271 453878023.88756 471136886.38249004 641455422.36269 319637229.95419 779249291.97352 475168215.97840005 191890128.55759 440536131.20674 284475457.43191004 793238383.72647 743635610.88925 615365764.25544 819302099.6702499 796676953.73897 392685321.58737004 612708545.00909 600360188.92383 
741697387.24585 699647132.9618 1012637179.09744 0 811579631.92853 799154987.77632 895103015.4608899 848080059.97632 1085223581.16155 546083324.79566 1054049471.06103 776801740.65274 931103451.58099 1030063081.9693501 1213615616.8450398 703025096.62396 572092849.19798 1191851385.6381602 867535950.4417601 902728852.42181 814842286.68773 763243038.29176 541532313.70002 495072850.22879994 1219500883.42014 826517128.08655 798345137.80357 780585704.62967 795183405.5886099 777750256.47708 339328054.98699 908873153.4217701 975908376.3 1126284025.82502 903454417.25877 651959369.69192 1194517989.74787 437035221.44746995 781420498.71502 1014141531.38413 1217479737.60892 1202140128.9292 767739148.28228 545415636.48391 810611858.6786901 685707148.44235 559161885.53775 1219642295.06101 774079769.12254 742360924.10385 
674954670.34965 440885738.97358 940869754.89764 811579631.92853 0 748131391.20682 840466591.56394 748632463.32429 1018044333.60854 488223553.37249 919213885.38085 215569059.48235 869007617.9464 872065558.19154 1130614638.93395 381859544.8994 514233077.77481 1128362663.5611 800959682.5374 93327804.73999 684148664.34179 643828798.34481 293748319.6806 451210979.28146005 1076897647.14012 695066858.8720801 675771570.93639 788588626.13002 663885056.79306 560989337.77684 653042745.1480999 843396495.53148 342037750.47335 1047958066.34472 545199133.68531 520509100.47745 1130762376.5722501 555335578.6876199 717570452.3145 958239153.10028 1112174964.01896 1096094514.77706 226661786.94779 546322501.56656 679570072.9975 469412897.54663 566604528.40639 1142802092.93397 642629499.90807 756203075.6654601 
831343107.2611899 375381553.72686 467762730.28859 799154987.77632 748131391.20682 0 947875371.45773 880659768.99354 631924132.7829701 540207698.26254 372167421.2262 540892542.43541 824930081.14407 322803043.79139 606741433.63399 632328619.96352 514198173.86021996 686000683.05459 636864761.65639 840786314.10358 725676402.4885399 507676717.14382005 840778005.68388 569224628.38314 420345895.64382 258495396.73442 470259633.20867 958676335.8267901 272131720.6933 486799893.46674 544328544.32345 554370852.2022699 513354511.23752004 608108597.86179 385998804.67225 314997162.74973 655099225.3834 618284118.38519 736904883.77307 549152254.21019 536828906.93893003 692889580.71376 570381789.5852699 823718677.48425 155936190.22968 528619683.61823 422477106.51304996 719792125.55372 193212757.62965 813090022.88266 
297401386.92693996 795624132.12128 701614538.3133001 895103015.46089 840466591.56394 947875371.45773 0 318829327.72 600558301.09923 516948918.708 903715467.11362 848291538.6436 494696767.89266 742821365.1963999 848889592.80435 505114838.56422 490939394.30568 819445431.98945 403498951.85937 860514432.34531 386231958.63517 610877656.56576 866693363.77612 675328916.1241701 916193409.23457 1073593179.06934 940864577.88923 500323755.28606 946282316.52817 1035741472.92078 964499374.4185 547720982.0513101 904535653.8323699 768068604.54285 778908832.26967 905960774.7585199 835081356.05317 866792207.95802 352810170.66245997 637288966.54554 843534386.00262 717474848.86688 773798465.81116 349687378.97698 993424468.00988 953716922.12208 1040183281.04068 897453702.8185401 966480420.42211 232150909.1426 
106382672.73047 704414694.75618 694982167.49981 848080059.97632 748632463.32429 880659768.99354 318829327.72 0 687428177.49812 553132297.07505 896815646.3861899 765785630.59796 497111670.57158 845356160.8506501 849838197.27302 399477798.18072003 527122772.67272997 821860334.66837 404447556.32804 655304658.5843 380485988.06976 569845394.8422301 756206926.1025901 624180931.31674 952535659.08242 1005869905.7709501 868635854.91959 502738657.96498 875033816.5885301 907258929.23118 666150112.82754 541088611.23782 784864877.66674 769017209.01152 721753505.45839 831663660.6507299 837496258.73209 716654301.46382 347064200.09705 639703869.22446 904644957.43635 803169475.61929 687917799.83938 302664423.49241 962283964.3118 823892385.91469 950437648.81929 890821332.00505 925448158.69858 234565811.82152 
666000236.70506 734989017.73782 401392005.19956 1085223581.16155 1018044333.60854 631924132.7829701 600558301.09923 687428177.49812 0 730264500.64996 560749996.99031 835066647.84034 656185899.93116 747760529.93422 459345521.47707 873713688.34234 756274025.0522801 500139677.84878 699507591.6534901 1111372138.34853 754830808.4132899 590214479.9002 1173160560.7663698 935673933.15044 367624316.92123 851897653.4248 799337877.89181 692654958.76859 745557449.42488 936351449.62086 897245619.5566 555285561.46155 931395038.86044 587741658.28992 616229017.79724 764548718.90385 445730313.80147 994952786.01708 721409020.4405799 317983212.40487 272977221.54248 116916547.76765 929989253.59623 862281987.467 783539953.95043 1008293742.98319 925534740.80059 518778405.43465 746263386.55046 595897735.71017 
526612696.45011 445493835.39538 527993652.67495 546083324.79566 488223553.37249 540207698.26254 516948918.708 553132297.07505 730264500.64996 0 637019065.14869 373580936.31557 501482737.61458004 483979757.17369 667532292.04938 270207877.30395 26009524.40232 651771272.78314 459939011.92364997 579372773.86577 587705530.21769 217159713.4961 547652826.33745 303812867.99082 727703708.5660601 608663309.1659801 510452334.94979 506528502.06347 494594044.11022 580521446.97421 499569504.51514006 374100096.41296 429825051.50434 580200701.02936 408691959.72483 434701370.92763 662547867.3619399 401862338.05466 587113140.01751 567392250.38886 671396412.81326 670314396.3183 367549736.51346 330330945.68817 537764920.49079 488478338.93948 575329991.93429 683073390.00322 508103870.04232 466453878.49765 
809445890.3099599 500003670.99075 330200854.0992 1054049471.06103 919213885.38085 372167421.2262 903715467.11362 896815646.3861899 560749996.99031 637019065.14869 0 703644825.8985 982623810.60447 187010532.94391 654272449.64432 809633508.70213 644980765.71528 453555282.99456 563122802.81509 1011112407.59553 670242106.62464 421718740.61205 1010908456.53055 710243947.1130099 193125680.06908 492708320.54436 325086554.65455 949298498.13398 347937729.86954 627738815.1366601 736805084.12114 484094410.36119 727841767.4902 461104668.27089 481838069.2094 480349025.11349 422697692.12715 658056361.91018 665105663.43916 428355915.18656 309726097.84598 465786771.62081003 700893705.67162 921224091.83864 376458358.05699 638300608.44345 641431471.11602 495745783.76033 395682395.75721 805583084.98797 
659402957.86749 584727425.14274 792686864.18777 776801740.65274 215569059.48235 540892542.43541 848291538.6436 765785630.59796 835066647.84034 373580936.31557 703644825.8985 0 875063673.93015 666997975.84166 985257970.45649 429296531.8765 399590460.71789 935381680.58782 765640971.67875 308896864.22234 628261078.94626 428259738.86246 509317379.16295004 286906830.31534 868979245.30435 486715806.02964 551007883.67836 691403331.96601 496158306.77834 345420278.29449 437473685.66575 707838286.3610399 470380600.23291 919063542.38234 560893951.22443 510364150.18583 941472564.85339 339766519.20527 661682866.91897 778492275.7552199 962786326.56086 901557670.99501 428015538.96596 653620435.3689101 480685965.24347997 253843838.06428 380389100.96888 937286183.68291 443409397.84351 677732750.94785 
475683729.77852005 768528862.44146 823744809.5954199 931103451.58099 869007617.9464 824930081.14407 494696767.89266 497111670.57158005 656185899.93116 501482737.61458004 982623810.6044699 875063673.93015 0 907357759.7594 881698325.8729299 683397181.4158001 475473213.21226 922492482.24464 573867688.28398 918678415.74072 564514301.48675 718642451.1106801 928534452.69259 805295605.6054 824255311.6688199 1017821854.98367 1011935072.5643702 292571875.53234 873051264.30885 1008646203.24096 949033193.3250799 709012491.4119 931307789.1189201 938437340.96746 693414342.6063601 890494593.6651 571971336.72238 851326026.8646 531092513.51404005 740336016.80073 672897712.75849 539269352.16351 869032474.12804 464332710.50546 980866271.37375 989961076.55406 1015354902.54955 645019428.3555601 1009586607.6569 262545858.75006 
738973488.1201801 687014203.93466 517211387.04311 1030063081.96935 872065558.19154 322803043.79139 742821365.1963999 845356160.8506501 747760529.9342201 483979757.17369 187010532.94391 666997975.84166 907357759.7594 0 705859785.8982301 682158022.6740199 457970232.77137 640565815.93847 510998957.53196 965393362.93153 651327537.59467 608729273.5559599 1014062410.4043599 738509805.0678799 380136213.01299 581298440.52581 404550599.66343 894010190.0697299 534948262.81345 683557886.95768 863567682.48001 411891574.33519 723242091.03043 648115201.2148 561619900.16899 559813070.12237 609708225.07106 833823046.42371 684749325.5673801 615366448.13047 496736630.78989005 652797304.56472 669498825.46758 760329989.92142 478739234.02107 668750732.45714 720895516.1249 682756316.70424 516015801.42104 644811901.00934 
810188734.9347 787288387.58831 333252437.62979 1213615616.84504 1130614638.93395 606741433.63399 848889592.80435 849838197.27302 459345521.47707 667532292.04938 654272449.64432 985257970.45649 881698325.8729299 705859785.8982301 0 937740169.3533299 687128846.72551 432000110.27901 445390640.94498 1223942443.67394 774998865.63548 600076181.72786 1215185118.3868299 784307107.82689 627414933.21473 865236830.3684101 930063103.05133 857670441.42236 797856819.27537 980260248.74744 1008510674.57473 487145993.89178 956137482.68566 519602090.72015 700010066.2360401 808991675.01129 377590746.2317 976897627.7981 808420653.6081901 249843644.8351 498489647.48424995 342428973.70941997 982288623.44672 918241054.46955 762677623.8636701 1033036186.80841 968268657.1401601 450638837.86488 799954191.2636402 756683306.39633 
293095125.45025 369162112.41891 749630132.46238 703025096.62396 381859544.8994 632328619.96352 505114838.56422 399477798.18072003 873713688.34234 270207877.30395 809633508.7021301 429296531.8765 683397181.4158 682158022.6740199 937740169.3533299 0 296217401.70627004 907308388.47798 583845174.84716 475187349.63939 403380513.2335 487367590.80005 508746900.66817 227001442.78931 827218451.08643 664227573.73758 566158665.37911 689024168.8091999 589307660.03278 609279453.21841 471879361.08839 644307973.71691 485540647.06526995 843760449.3046501 400018625.27963 595261220.3325701 818526763.95144 374172194.62791 369958725.26079 825989380.06868 830363999.47308 807834279.53691 296931163.85433 489376876.21219003 617486717.73626 683140369.94078 613361499.3225 891574855.58462 583182930.53637 420851322.66574 
505694831.87967 471503359.7977 547054191.4244599 572092849.19798 514233077.77481 514198173.86021996 490939394.30568 527122772.67272997 756274025.0522801 26009524.40232 644980765.71528 399590460.71789 475473213.21226 457970232.77137 687128846.72551 296217401.70627 0 670831811.53265 485948536.32597 605382298.26809 594525403.5879 243169237.89842 573662350.73977 329822392.39313996 701694184.16374 582653784.76366 536461859.35211 480518977.66115 480410363.94304 586824111.16985 473559980.11282 393160635.16247 455834575.90665996 606210225.4316801 382682435.32251 415021380.45284 681608406.11145 375852813.65234 561103615.61519 593401774.79118 697405937.21558 644304871.91598 393559260.91577995 356340470.09049004 539067843.30451 514487863.34180003 549320467.53197 699094727.68279 534113394.44464004 440444354.09533 
776416297.4052598 801607175.35277 366276043.44642 1191851385.6381602 1128362663.5611 686000683.05459 819445431.98945 821860334.66837 500139677.84878004 651771272.78314 453555282.99456 935381680.58782 922492482.24464 640565815.93847 432000110.27901 907308388.47798 670831811.53265 0 452171633.12462 1221313360.013 560293343.83936 507121941.72536 1199424099.12059 799847186.18948 355580968.64295 895544668.4206901 761242728.6462 874988391.32355 801493012.8641 999281018.2137 1022829462.33919 520169599.70841 959327279.59485 87601980.44114 648405575.87314 827478287.49669 418384902.60341 952242384.54655 537349663.21719 182156465.44391 457899246.81965 383223130.08113 946472387.48561 885563809.77368 830013641.05155 981344141.618 984435654.77773 491432994.23659 793356119.99371 716786405.92177 
384485913.74523 615414652.90372 298115586.45393 867535950.44176 800959682.5374 636864761.65639 403498951.85937 404447556.32804 699507591.6534901 459939011.92364997 563122802.8150901 765640971.67875 573867688.28398 510998957.53196 445390640.94498 583845174.84716 485948536.32597 452171633.12462 0 854250951.2872 386960254.94047 469618289.16507 848316845.6435499 617450165.53403 567154303.9375 874046625.7095199 709741301.0473001 422816758.19893 738350502.04371 855531993.70322 799699399.17143 144222030.19194 717728318.25221 364569652.68348 550191701.80279 803887568.64862 457224932.5561 701992232.71095 420382042.91318 385674894.19311 661417675.56885 582591043.88584 681187034.05667 580767664.50717 792800951.88607 831837759.88996 828803746.85051 493954750.95917 773078115.39922 311321829.53392 
657748157.30579 534213543.71357 1034197559.63763 902728852.42181 93327804.73999 840786314.10358 860514432.34531 655304658.5843 1111372138.34853 579372773.86577 1011112407.59553 308896864.22234 918678415.74072 965393362.93153 1223942443.67394 475187349.63939 605382298.26809 1221313360.013 854250951.2872 0 777476469.08178 737156603.0848 384897540.17388 451245420.3978 1170225451.88011 755637808.27587 769099375.67638 879737846.6233001 757212861.5330501 580462579.2078199 741543106.82949 916494307.3631 406209312.83996 1139107286.838 638526938.4253 613836905.21744 1209047160.55774 643835940.36901 810898257.05449 1051566957.84027 1205502768.75895 1187243735.27034 319989591.68778 639650306.30655 771219666.54889 488419471.17309 614964734.07769 1236129897.67396 735957304.64806 802357830.01318 
274103315.33929 599292462.32926 441746428.00569004 814842286.68773 684148664.34179 725676402.48854 386231958.63517 380485988.06976 754830808.41329 587705530.21769 670242106.62464 628261078.94626 564514301.48675 651327537.59467 774998865.63548 403380513.2335 594525403.5878999 560293343.83936 386960254.94047 777476469.08178 0 698647719.8352801 776910168.30338 630381956.02281 710785145.48926 831130389.65844 765132477.58048 570141288.88015 748541316.37456 824211910.82585 755779399.91854 287852871.7437 676430018.62128 647895324.2804999 483462778.2444 870943650.6100899 587021788.70646 658072233.45806 33421787.97271 633636556.5632801 853602713.33838 726221885.4376 642140132.86808 470385066.10123 786099818.57944 745354248.16567 822690992.96509 637585592.5109301 748823251.17947 301968442.73669004 
575361894.80087 662653548.89148 542122665.45035 763243038.29176 643828798.34481 507676717.14382 610877656.56576 569845394.8422301 590214479.9002 217159713.4961 421718740.61205 428259738.86246 718642451.11068 608729273.5559599 600076181.72786 487367590.80005 243169237.89842 507121941.72536 469618289.16507 737156603.0848 698647719.8352801 0 764812539.83355 520972581.48692 614844420.6811299 605612725.76482 329986921.32347 723688215.55957 460842135.09 632639181.80558 716729218.01124 566408877.8792801 466412687.54131997 594723922.1665 625851673.22093 485249391.78241 586460974.0522599 619022051.55076 665225931.86257 350232536.89276 570082533.04079 473297932.13255 439350445.76025 547490659.18427 644310364.30246 667943476.83884 541398213.93424 659509065.68544 607369791.21303 478840532.75791 
649824253.37212 684032858.7595999 1023655427.1610799 541532313.70002 293748319.6806 840778005.68388 866693363.77612 756206926.1025901 1173160560.7663698 547652826.33745 1010908456.53055 509317379.16295 928534452.69259 1014062410.4043599 1215185118.3868299 508746900.66817 573662350.73977 1199424099.12059 848316845.6435499 384897540.17388 776910168.30338 764812539.83355 0 542351891.35504 1175046999.26618 789901884.59303 770606596.65734 743679422.91426 804979916.20485 787146856.91541 832649577.7867299 919891401.48541 635786070.15395 1122751495.99873 636676095.41086 615344126.1984 1205527993.19584 734942411.32625 810331956.27609 1025159779.4477699 1219049239.15071 1187235426.85064 520410106.62838995 663928761.75944 774405098.7184501 763161217.22723 776426572.20093 1230660543.12465 737464525.62902 753379172.16749 
517798258.58627 408480253.42312 809580849.30316 495072850.22879994 451210979.28146 569224628.38314 675328916.1241701 624180931.31674 935673933.1504399 303812867.99082 710243947.1130099 286906830.31534 805295605.6054001 738509805.0678799 784307107.82689 227001442.78931 329822392.39314 799847186.18948 617450165.53403 451245420.3978 630381956.02281 520972581.48692 542351891.35504 0 903369627.1820899 507076807.91829 622519712.90458 810341370.05429 362306217.24347 629724817.51738 290297686.43169 677912964.40378 541892429.45913 884013569.02018 433623615.96650004 572218892.58058 853919157.9050698 192590519.97121 596960168.0501 617690720.74557 893433502.12131 818757385.3827899 330536154.5412 455637716.56912 663782765.0420101 537681709.48265 411136446.57805 926967249.5382499 694339292.0112 591065400.22569 
846515214.78103 671009662.43617 493574858.15867007 1219500883.42014 1076897647.14012 420345895.64382 916193409.23457 952535659.08242 367624316.92123 727703708.5660601 193125680.06908 868979245.30435 824255311.6688199 380136213.01299 627414933.21473 827218451.08643 701694184.16374 355580968.64295 567154303.9375 1170225451.88011 710785145.48926 614844420.6811299 1175046999.26618 903369627.18209 0 678841292.37824 518212234.72363 989971062.13643 541063409.93862 820864495.20574 901921276.7441 422932273.74556 915938847.08451 267978988.20181 558355722.26038 673474705.18257 613799725.53913 834903641.82287 744206933.46197 486052624.14253 441046633.28014004 284985959.50531 866009898.29458 1031247811.98768 569584038.12607 831426288.51253 834557151.1851 686847817.17231 588808075.82629 869398906.4074 
899487233.04048 542096864.63644 726258127.02301 826517128.08655 695066858.8720801 258495396.73442 1073593179.06934 1005869905.7709501 851897653.4248 608663309.16598 492708320.54436 486715806.02964 1017821854.98367 581298440.52581 865236830.3684101 664227573.73758 582653784.76366 895544668.4206901 874046625.7095199 755637808.27587 831130389.65844 605612725.76482 789901884.59303 507076807.91829 678841292.37824 0 329820228.85357 1063148155.95255 144770590.67482 346360489.11164 600625941.27644 738899062.5265901 611290519.85852 807942687.97955 596616676.97808 174557758.39463 872899320.00554 574829509.09175 864552177.63115 798155068.94522 775318094.00461 853028162.95109 472887814.87287 893704710.5419 333618730.91468 270124286.88381 335640204.39716005 903080201.52374 296678157.82525 917817026.1208401 
762253182.18912 542769601.28161 637888299.75084 798345137.80357 675771570.93639 470259633.20866996 940864577.88923 868635854.91959 799337877.89181 510452334.94979 325086554.65455 551007883.67836 1011935072.56437 404550599.66343 930063103.0513299 566158665.37911 536461859.35211 761242728.6462 709741301.0473001 769099375.67638 765132477.58048 329986921.32347 770606596.65734 622519712.90458 518212234.72363 329820228.85357 0 934023675.118 392535421.2378 302652260.48211 459017082.81658 565519270.85536 607251998.86713 710584604.99627 672249527.42736 155262470.45894 730385137.77879 555534221.15606 798554265.55319 680219458.2162299 617413543.49762 682421330.12416 453592526.93718004 790491834.00313 314323442.97898996 394695368.51684004 316344916.46147 673648846.75208 277382869.88956 808827454.08138 
481310717.17192 789861617.83813 720932344.6528602 780585704.62967 788588626.1300199 958676335.8267901 500323755.28606 502738657.96498 692654958.76859 506528502.06347 949298498.13398 691403331.96601 292571875.53234 894010190.0697299 857670441.42236 689024168.8092 480518977.66115 874988391.32355 422816758.19893 879737846.6233 570141288.88015 723688215.5595701 743679422.91426 810341370.0542899 989971062.13643 1063148155.95255 934023675.118 0 959831341.01951 1002872407.89704 946348555.42741 567038788.3908701 866999174.1301501 787386410.88241 863201412.98366 895540358.11399 844135055.28059 848641388.96693 536719500.90744 716387953.88399 965033956.53314 808973282.75831 744748142.48377 456218528.07667 1019586820.9656599 920947734.6461 1028475247.77887 916771509.1581001 1014632372.10579 360445790.59378 
836802466.51282 397326273.96162 632125522.01828 795183405.58861 663885056.79306 272131720.6933 946282316.52817 875033816.5885301 745557449.42488 494594044.11022 347937729.86954 496158306.77834 873051264.30885 534948262.81345 797856819.27537 589307660.03278 480410363.94304 801493012.8641 738350502.04371 757212861.53305 748541316.37456 460842135.09000003 804979916.20485 362306217.24347 541063409.93862 144770590.67482 392535421.2378 959831341.01951 0 491131079.78646004 455855350.60162 594128471.85177 466519929.1837 731662391.20122 456539681.14316 319328349.06945 770635421.99669 533200707.21277 781963104.34727 683275511.59835 639951959.27842 773606837.22033 437223269.84527 810923365.46015 428067910.92298 414894877.55863 294011402.51818 788200644.17687 441448748.50007004 801283418.52394 
897083718.63727 240117340.7995 813258153.0797 777750256.47708 560989337.77684 486799893.46673995 1035741472.92078 907258929.23118 936351449.62086 580521446.97421 627738815.1366601 345420278.29449 1008646203.24096 683557886.95768 980260248.74744 609279453.21841 586824111.16985 999281018.2137 855531993.70322 580462579.2078199 824211910.82585 632639181.80558 787146856.91541 629724817.51738 820864495.2057401 346360489.11164 302652260.48211 1002872407.89704 491131079.78646 0 555484842.0943999 820681585.55127 626082501.88062 911679037.77256 369597266.94525 171802730.71701 1009616471.09568 457777675.63391995 857633698.79856 871602496.5451701 920065803.97973 959917295.81892 470132787.19525003 791460902.10407 330863703.23705995 92043108.03473 218588370.93932998 963475773.78344 293923130.14763 857640947.3625 
764974486.53864 583722511.26316 843887359.55192 339328054.98699 653042745.1480999 544328544.32345 964499374.4185 666150112.82754 897245619.5566 499569504.51514006 736805084.12114 437473685.66574997 949033193.32508 863567682.48001 1008510674.57473 471879361.08839 473559980.11282 1022829462.33919 799699399.17143 741543106.82949 755779399.91854 716729218.01124 832649577.7867299 290297686.43169 901921276.7441 600625941.27644 459017082.81658 946348555.42741 455855350.60162 555484842.0943999 0 808133925.14235 739470221.37389 938017676.3941901 692390974.9305701 497978917.15760005 1042492114.7214099 97707166.46048 789201187.89125 891606326.67254 994849006.60069 956103136.89048 620833840.9728899 725516328.58953 472061522.25637 463441734.05967 336896471.15507 994607777.32104 434784954.8564 881363086.6573801 
512816454.51433 598264259.28914 153893556.26199 908873153.42177 843396495.53148 554370852.20227 547720982.0513101 541088611.23782 555285561.46155 374100096.41296 484094410.36119 707838286.3610399 709012491.4119 411891574.33519 487145993.89178 644307973.71691 393160635.16247 520169599.70841 144222030.19194 916494307.3631 287852871.7437 566408877.8792801 919891401.48541 677912964.40378 422932273.74556 738899062.5265901 565519270.85536 567038788.3908701 594128471.85177 820681585.55127 808133925.14235 0 745010427.02248 508791682.87542003 451084318.60602003 720781741.3143001 313002902.36416 710426758.68187 321274659.71641004 345783684.81958 594429687.46873 438369013.6939 721717340.2828599 649794408.3584499 666132652.6072501 824931455.58045 785414652.03893 349732720.76723 628856085.20728 446466632.66184 
678482204.93627 683573396.8636899 765618621.85271 975908376.3 342037750.47335 513354511.23752004 904535653.83237 784864877.66674 931395038.86044 429825051.50434 727841767.4902 470380600.23291 931307789.1189201 723242091.03043 956137482.68566 485540647.06526995 455834575.90666 959327279.59485 717728318.25221 406209312.83996 676430018.62128 466412687.54131997 635786070.15395 541892429.4591299 915938847.0845101 611290519.85852 607251998.86713 866999174.1301501 466519929.1837 626082501.88062 739470221.37389 745010427.02248 0 889943054.61151 617138066.4132 454279771.16361004 1005233790.31482 734482949.4303399 703355755.54539 816645224.4340799 903330926.47483 939710619.67387 358811122.65023 670515041.4947901 369435939.13296 673621270.93254 547076008.02794 945764704.0826 332159371.73299 733976866.13662 
688814316.9641199 721093959.5141599 453878023.88756 1126284025.82502 1047958066.34472 608108597.86179 768068604.54285 769017209.01152 587741658.28992 580200701.02936 461104668.27089 919063542.38234 938437340.96746 648115201.2148 519602090.72015 843760449.3046501 606210225.4316801 87601980.44114 364569652.68348 1139107286.838 647895324.2804999 594723922.1665 1122751495.99873 884013569.02018 267978988.20181 807942687.97955 710584604.99627 787386410.88241 731662391.20122 911679037.77256 938017676.3941901 508791682.87542003 889943054.61151 0 574777033.54831 739876307.05555 505986883.04455 864640404.10541 624951643.65833 269758445.88505 545501227.26079 470825110.52226996 863275886.50418 885096067.7260599 743030706.95254 966841758.73426 896833674.33659 579034974.67773 705754139.55257 675891482.2174001 
615370832.72792 471168687.94415 471136886.38249004 903454417.25877 545199133.68531 385998804.67225 778908832.26967 721753505.45839 616229017.79724 408691959.72483003 481838069.2094 560893951.22443 693414342.6063601 561619900.16899 700010066.23604 400018625.27963 382682435.32251 648405575.87314 550191701.80279 638526938.4253 483462778.2444 625851673.2209301 636676095.41086 433623615.96650004 558355722.26038 596616676.97808 672249527.42736 863201412.98366 456539681.14316 369597266.94525 692390974.93057 451084318.60602003 617138066.4131999 574777033.54831 0 541399997.6622599 642578790.03616 626214135.93771 516884566.21711004 585428758.55902 630201861.63814 609472156.02859 497360484.48914003 670919169.54322 541934994.90193 461640374.97998 588185637.88458 631367134.47516 579211562.3019 752153282.3666501 
725280987.92026 407908486.11062 641455422.36269 651959369.69192 520509100.47745 314997162.74973 905960774.7585199 831663660.6507299 764548718.90385 434701370.92763 480349025.11349 510364150.18583 890494593.6651 559813070.12237 808991675.01129 595261220.33257 415021380.45284 827478287.49669 803887568.64862 613836905.21744 870943650.61009 485249391.78241 615344126.1984 572218892.58058 673474705.18257 174557758.39463 155262470.45894 895540358.11399 319328349.06945 171802730.71701 497978917.15760005 720781741.3143001 454279771.16361004 739876307.05555 541399997.6622599 0 885647608.23773 400271750.69712 903927690.7653 806290795.8250599 772676013.95656 788114565.10191 298330056.47824 765032316.6158 159060972.52005 263845838.75173998 161082446.00253 828911317.21102 122120399.43062 855465734.5481701 
738820774.80491 848407444.2854201 319637229.95419 1194517989.74787 1130762376.5722501 655099225.3834 835081356.05317 837496258.73209 445730313.80147004 662547867.3619399 422697692.12715 941472564.85339 571971336.72238 609708225.07106 377590746.2317 818526763.95144 681608406.11145 418384902.60341 457224932.5561 1209047160.55774 587021788.70646 586460974.0522599 1205527993.19584 853919157.90507 613799725.53913 872899320.00554 730385137.77879 844135055.28059 770635421.99669 1009616471.09568 1042492114.7214099 313002902.36416 1005233790.31482 505986883.04455 642578790.03616 885647608.23773 0 944784948.26093 620443576.67917 236228437.1595 484874439.80865 328813766.03382003 962868729.04787 916742962.4828 781761215.02298 975604910.60853 975428274.25875 73048091.63318 800985252.7232 746843810.1761999 
667267320.07816 486015344.80268 779249291.97352 437035221.44747007 555335578.6876199 618284118.38519 866792207.95802 716654301.46382 994952786.01708 401862338.05466 658056361.91018 339766519.20527 851326026.8646 833823046.42371 976897627.7981 374172194.62791 375852813.65234 952242384.54655 701992232.71095 643835940.36901 658072233.45806 619022051.55076 734942411.32625 192590519.97121 834903641.82287 574829509.09175 555534221.15606 848641388.96693 533200707.21277 457777675.63392 97707166.46048 710426758.68187 734482949.4303399 864640404.10541 626214135.93771 400271750.69712 944784948.26093 0 691494021.43077 793899160.21206 897141840.14021 993402464.26985 523126674.5124099 627809162.12905 559332723.21717 365734567.59919 239189304.69459 1017833039.89411 522392150.12774 783655920.1969001 
240681527.36658 632714250.30197 475168215.97840005 781420498.71502 717570452.3145 736904883.77307 352810170.66245997 347064200.09705 721409020.44058 587113140.01751 665105663.43916 661682866.9189699 531092513.51404 684749325.56738 808420653.6081901 369958725.26079 561103615.61519 537349663.21719 420382042.91318 810898257.05449 33421787.97271 665225931.86257 810331956.2760899 596960168.0501 744206933.4619701 864552177.63115 798554265.55319 536719500.90743995 781963104.3472699 857633698.7985599 789201187.8912499 321274659.71641004 703355755.54539 624951643.65833 516884566.21711004 903927690.7653 620443576.67917 691494021.4307699 0 665419808.33464 887024501.31109 759643673.41031 666889889.1151199 436963278.12852 770461353.72114 770696134.24598 856112780.9377999 671007380.48364 782245039.15218 268546654.76398003 
610011024.59912 672707079.9112899 191890128.55759 1014141531.38413 958239153.1002799 549152254.21019 637288966.54554 639703869.22446 317983212.40487 567392250.38886 428355915.18656 778492275.7552199 740336016.80073 615366448.13047 249843644.8351 825989380.06868 593401774.79118 182156465.44391 385674894.19311 1051566957.8402699 633636556.5632801 350232536.89276 1025159779.44777 617690720.74557 486052624.14252996 798155068.94522 680219458.2162299 716387953.88399 683275511.59835 871602496.5451701 891606326.67254 345783684.81958 816645224.43408 269758445.88505 585428758.55902 806290795.8250599 236228437.1595 793899160.21206 665419808.33464 0 275742781.37574 201066664.63722 789582982.6530099 788995861.0862 691296124.02491 918454879.13139 858444804.9009 309276528.79268 728572691.42488 553025450.6470599 
885753805.97486 764816743.69268 440536131.20674 1217479737.60892 1112174964.01896 536828906.93893003 843534386.00262 904644957.43635 272977221.54248 671396412.81326 309726097.84598 962786326.56086 672897712.75849 496736630.78989 498489647.48425 830363999.47308 697405937.21558 457899246.81965 661417675.56885 1205502768.75895 853602713.33838 570082533.04079 1219049239.15071 893433502.12131 441046633.28014004 775318094.00461 617413543.49762 965033956.53314 639951959.27842 920065803.97973 994849006.60069 594429687.46873 903330926.47483 545501227.26079 630201861.63814 772676013.95656 484874439.80865 897141840.14021 887024501.31109 275742781.37574 0 156060673.77483 959258563.56278 1001727358.50143 686184455.90297 948026706.2894299 933758459.95909 557922531.44183 682327148.60147 828768232.0228 
760573907.21332 763038405.53327 284475457.43191004 1202140128.9292 1096094514.77706 692889580.71376 717474848.86688 803169475.61929 116916547.76765 670314396.3183 465786771.62081003 901557670.99501 539269352.16351 652797304.56472 342428973.70941997 807834279.53691 644304871.91598 383223130.08113 582591043.88584 1187243735.27034 726221885.4376001 473297932.13255 1187235426.85064 818757385.38279 284985959.50531 853028162.95109 682421330.12416 808973282.75831 773606837.22033 959917295.81892 956103136.89048 438369013.69390005 939710619.67387 470825110.52227 609472156.02859 788114565.10191 328813766.03382003 993402464.26985 759643673.4103101 201066664.63722 156060673.77483 0 912648377.8928 871090605.12674 842245129.6778 944999655.35854 944356974.24335 401861857.66700006 838387822.3763 711682037.6539199 
581535127.10891 472217121.94576 793238383.72647 767739148.28228 226661786.94779 570381789.5852699 773798465.81116 687917799.83938 929989253.59623 367549736.51346 700893705.67162 428015538.96596 869032474.1280401 669498825.46758 982288623.44672 296931163.85433 393559260.91578 946472387.48561 681187034.05667 319989591.68778 642140132.86808 439350445.76025 520410106.62838995 330536154.5412 866009898.29458 472887814.87287 453592526.93718004 744748142.48377 437223269.84527 470132787.19525003 620833840.97289 721717340.28286 358811122.65023 863275886.50418 497360484.48914003 298330056.47824 962868729.0478699 523126674.51241 666889889.1151199 789582982.6530099 959258563.56278 912648377.8928 0 496376836.35764 457071198.02986 466488004.36319995 339942741.4586 947551403.74423 420450455.90886 691611804.86967 
196281750.76194 659396223.30419 743635610.88925 545415636.48391 546322501.56656 823718677.4842501 349687378.97698 302664423.49241 862281987.467 330330945.68817 921224091.83864 653620435.3689101 464332710.50546 760329989.92142 918241054.46955 489376876.21219003 356340470.09049004 885563809.77368 580767664.50717 639650306.30655 470385066.10123 547490659.18427 663928761.75944 455637716.56912 1031247811.98768 893704710.5419 790491834.00313 456218528.07667 810923365.46015 791460902.10407 725516328.58953 649794408.3584499 670515041.4947901 885096067.7260599 670919169.54322 765032316.6158 916742962.4828 627809162.12905 436963278.12852 788995861.0862 1001727358.50143 871090605.12674 496376836.35764 0 850118769.0827501 703335586.23134 829880849.1359401 989791054.11598 838434815.73049 409419621.7904 
855901291.5813301 472684134.61884 615365764.25544 810611858.6786901 679570072.9975 155936190.22968 993424468.00988 962283964.3118 783539953.95043 537764920.49079 376458358.05699 480685965.24347997 980866271.37375 478739234.02107 762677623.8636701 617486717.73626 539067843.30451 830013641.05155 792800951.88607 771219666.54889 786099818.57944 644310364.30246 774405098.7184501 663782765.04201 569584038.12607 333618730.91468 314323442.97898996 1019586820.96566 428067910.92298 330863703.23705995 472061522.25637 666132652.6072501 369435939.13296 743030706.95254 541934994.90193 159060972.52005 781761215.02298 559332723.21717 770461353.72114 691296124.02491 686184455.9029701 842245129.6778 457071198.02986 850118769.0827501 0 422906811.27178997 320143418.52258 736157666.63184 37276567.39997 874231084.66169 
899617336.99328 332160448.83423 819302099.67025 685707148.44235 469412897.54663 528619683.61823 953716922.12208 823892385.91469 1008293742.98319 488478338.93948 638300608.44345 253843838.06428 989961076.55406 668750732.45714 1033036186.8084099 683140369.9407799 514487863.34180003 981344141.618 831837759.88996 488419471.17309 745354248.16567 667943476.83884 763161217.22723 537681709.48265 831426288.51253 270124286.88381 394695368.51684004 920947734.6461 414894877.55863 92043108.03473 463441734.05967 824931455.58045 673621270.9325399 966841758.7342598 461640374.97998 263845838.75173998 975604910.60853 365734567.59919 770696134.24598 918454879.13139 948026706.2894299 944999655.35854 466488004.36319995 703335586.23134 422906811.27178997 0 126545262.9046 971735444.69734 385966238.18236 869453406.2235999 
886363433.9227899 246826040.10809 796676953.73897 559161885.53775 566604528.40639 422477106.51304996 1040183281.04068 950437648.81929 925534740.80059 575329991.93429 641431471.11602 380389100.96888 1015354902.54955 720895516.1249 968268657.1401601 613361499.3225 549320467.53197 984435654.77773 828803746.85051 614964734.07769 822690992.96509 541398213.93424 776426572.20093 411136446.57805 834557151.1851 335640204.39716005 316344916.46147 1028475247.77887 294011402.51818 218588370.93932998 336896471.15507 785414652.03893 547076008.02794 896833674.33659 588185637.8845799 161082446.00253 975428274.25875 239189304.69459 856112780.9378 858444804.9009 933758459.95909 944356974.24335 339942741.4586 829880849.1359401 320143418.52258 126545262.9046 0 952441425.79848 283202845.43315 873835991.33416 
811868866.43809 775359352.65224 392685321.58737004 1219642295.0610101 1142802092.93397 719792125.55372 897453702.81854 890821332.00505 518778405.43465006 683073390.00322 495745783.76033 937286183.68291 645019428.3555601 682756316.7042401 450638837.86488 891574855.58462 699094727.68279 491432994.23659 493954750.95917 1236129897.67396 637585592.5109301 659509065.6854401 1230660543.12465 926967249.53825 686847817.1723101 903080201.52374 673648846.75208 916771509.1581 788200644.17687 963475773.78344 994607777.32104 349732720.76723 945764704.0826 579034974.6777301 631367134.47516 828911317.21102 73048091.63318 1017833039.89411 671007380.4836401 309276528.79268 557922531.44183 401861857.66700006 947551403.74423 989791054.1159799 736157666.63184 971735444.69734 952441425.79848 0 764117064.13809 796199353.42907 
847401387.3508799 491908172.31905997 612708545.00909 774079769.12254 642629499.90807 193212757.62965 966480420.42211 925448158.69858 746263386.55046 508103870.04232 395682395.75721 443409397.84351 1009586607.6569 516015801.42104 799954191.26364 583182930.53637 534113394.44464004 793356119.99371 773078115.39922 735957304.64806 748823251.17947 607369791.21303 737464525.62902 694339292.0112 588808075.82629 296678157.82525 277382869.88956 1014632372.10579 441448748.50007004 293923130.14763 434784954.8564 628856085.20728 332159371.73299 705754139.55257 579211562.3019 122120399.43062 800985252.7232 522392150.12774 782245039.15218 728572691.42488 682327148.60147 838387822.3763 420450455.90886 838434815.73049 37276567.39997 385966238.18236 283202845.43315 764117064.13809 0 886782745.39538 
