25
20 21 12 17 4 5 16 11 18 22 2 15 1 10 7 24 13 9 8 19 23 14 3 6 0
0 549323866.7925 685409875.02966 800098429.52721 639995108.7925 200931905.05692 516628817.95027 692662043.83288 862581234.64472 781541591.61897 281419041.76846 402884021.74463 496456240.26021 427997182.30854 600960846.75049 548988688.3789899 571252662.20368 767762335.14131 587898701.18624 356692545.98002 915128153.88399 410049147.74247 737837970.46527 724433648.0793099 838245763.88312 
549323866.7925 0 613084529.4818801 418191657.27538 571408930.82296 400998443.09152 716695355.98487 592600550.41008 541421401.35436 516952812.89257 481485579.80306 515874660.73617 117654230.09614 633257592.08999 180667421.91019 882991771.75407 263451973.38411 562174947.12146 222654616.16963 556759084.0146201 1012602960.7001 462098867.55494 591550656.89772 757743752.09496 478811734.50264 
685409875.02966 613084529.48188 0 403057679.90778995 690374486.31341 503283400.59001 818980313.48336 785872579.3032899 778827114.70065 96131716.58931 496380636.21509 746038612.35019 512316958.51989 691054518.56661 776119655.06053 974932296.1127601 366519215.23192 684008215.19724 537583754.87924 659044041.5131099 1251280700.15575 532797753.03467 906479795.6073301 960574049.25339 767371427.81606 
800098429.52721 418191657.27538 403057679.90778995 0 814196579.3076199 599166524.47029 914863437.36364 854143878.22279 507223677.91212 311757311.09696 560317697.95382 734768661.73246 416281820.80657 759325817.48611 598859079.18557 848794048.31183 270484077.5186 527977223.67922 441548617.16592 731565884.24881 1188840364.24467 409725011.5835 717120095.03919 1076301059.39631 444614011.0604 
639995108.7925 571408930.82296 690374486.31341 814196579.3076199 0 439063203.73557997 754760116.62893 700553036.11977 960696776.2351099 786506202.9027201 358576067.02404 688416363.28907 689063160.9191 605734975.38309 678117872.0060699 1031072849.72109 543712501.78902 897640896.64564 714777041.43634 594823844.65868 1205865933.91859 621935544.44441 594963192.53199 848223798.29182 898087109.38339 
200931905.05692 400998443.09152 503283400.59001 599166524.47029 439063203.73557997 0 315696912.89335 544336620.1319 771487673.76969 599415117.17932 80487136.71154 405691564.44396996 295524335.20329 379368199.87193 400028941.69356996 592009645.98551 370320757.14676 676668774.26628 421488416.66426 155760640.9231 766802730.1830101 209117242.68555 536906065.40835 523501743.02239 760031986.8851 
516628817.95027 716695355.98487 818980313.48336 914863437.36364 754760116.62893 315696912.89335 0 779690288.22159 1026310292.7133399 904119099.81717 396184049.60489 523140314.71016 611221248.09664 319843928.70448 715725854.58692 626206390.74343 686017670.04011 992365687.1596301 737185329.55761 471457553.81645 1012661534.22787 524263109.81311 852602978.3017 839198655.91574 963700625.86162 
692662043.83288 592600550.41008 785872579.30329 854143878.22279 700553036.11977 544336620.1319001 779690288.22159 0 1063501323.0993701 689740862.71398 534663477.65875 845491314.7581501 710254780.50622 470493990.38171995 729307653.78228 1136337677.0016398 601685716.39514 968682423.5959601 772750256.0424601 700097261.0550001 1258532868.95897 639967801.86007 1081242685.54025 1024311208.9265301 1052045636.2147801 
862581234.64472 541421401.35436 778827114.70065 507223677.91212 960696776.2351099 771487673.76969 1026310292.7133399 1063501323.09937 0 818980989.0090799 751649227.1394501 894552693.0977399 607613349.9922 873733328.5163 722088823.26455 466789704.10314995 461815606.70423 94818899.50341 632880146.35155 926942512.7701 1074124014.00174 711786731.36834 423396396.47738 1293169081.82355 62609666.85172 
781541591.61897 516952812.89257 96131716.58931 311757311.09696 786506202.90272 599415117.17932 904119099.81717 689740862.71398 818980989.00908 0 592512352.8044 759189152.2428501 608448675.1092 594922801.9773 679987938.47122 957161286.21087 462650931.82123 780139931.78655 465969107.67631 755175758.10242 1347412416.74506 436666036.44536 812378600.39378 943082097.7583101 756371322.1573601 
281419041.76846004 481485579.80306005 496380636.21509 560317697.95382 358576067.02404 80487136.71154 396184049.60489 534663477.65875 751649227.13945 592512352.8044 0 329840296.26503 376011471.91482997 439845416.92207 319541804.98203 672496782.69705 289833620.43522 656830327.63604 460898160.08254004 236247777.63463998 847289866.8945501 289604379.39709 617393202.11989 603988879.73393 740193540.2548599 
402884021.74463 515874660.73617 746038612.35019 734768661.73246 688416363.28907 405691564.44396996 523140314.71016 845491314.7581501 894552693.0977399 759189152.2428501 329840296.26503 0 610082327.5018301 535015811.52283 649382101.2470601 427762988.99459 464284584.21386003 831281291.41468 293220044.56654 373076160.12776 1119887813.27104 614808807.1295199 662116085.29463 740817262.2270501 831943026.24602 
496456240.26021 117654230.09614 512316958.51989 416281820.80657 689063160.9191 295524335.20329 611221248.09664 710254780.50622 607613349.9922 608448675.1092 376011471.91482997 610082327.50183 0 656478685.28978 298321652.00633 809845260.17882 145797743.28797 512794450.48879004 316862282.93529 443506832.27969 1049968804.69478 504641577.88883996 685758323.6633799 722774901.24052 596157663.10761 
427997182.30854 633257592.08999 691054518.56661 759325817.48611 605734975.38309 379368199.87193 319843928.70448 470493990.38171995 873733328.5163 594922801.9772999 439845416.92207 535015811.52283 656478685.2897799 0 759387221.9041 946050319.44791 510680942.00180995 778914429.01289 542958936.41006 535128840.79503 1146170930.05494 545149741.12339 911854977.13815 902869942.89432 862277641.6317099 
600960846.75049 180667421.91019 776119655.0605301 598859079.18557 678117872.0060699 400028941.69356996 715725854.58692 729307653.78228 722088823.26455 679987938.47122 319541804.98203 649382101.2470601 298321652.00633 759387221.9041 0 992038587.67908 444119395.2943 742842369.03165 403322038.07982 555789582.6166699 862106916.90991 609146184.37912 772218078.80791 923530684.7159599 659479156.41283 
548988688.3789899 882991771.75407 974932296.1127601 848794048.31183 1031072849.72109 592009645.98551 626206390.74343 1136337677.0016398 466789704.10314995 957161286.21087 672496782.69705 427762988.99459 809845260.17882 946050319.4479101 992038587.67908 0 854539957.07107 487543249.87025 720983033.56113 747770286.90861 1358803787.05275 520495249.76551 890186100.5805299 1089060465.28932 404180037.25143 
571252662.20368 263451973.38411 366519215.23192 270484077.5186 543712501.78902 370320757.14676 686017670.04011 601685716.39514 461815606.70423 462650931.82123 289833620.43522 464284584.21386003 145797743.28797 510680942.00180995 444119395.29429996 854539957.07107 0 366996707.20082 171064539.64732 465126906.06587 966954737.11509 503465533.23773 539960580.37541 832868008.16516 450359919.81964004 
767762335.14131 562174947.12146 684008215.19724 527977223.67922 897640896.64564 676668774.26628 992365687.1596301 968682423.5959601 94818899.50341 780139931.78655 656830327.63604 831281291.41468 512794450.48879004 778914429.01289 742842369.03165 487543249.87025 366996707.20082 0 538061246.84814 832123613.26669 979305114.49833 732540277.13544 518215295.98078996 1199864715.3659801 83363212.61882 
587898701.18624 222654616.16963 537583754.87924 441548617.16592 714777041.43634 421488416.66426 737185329.55761 772750256.0424601 632880146.35155 465969107.67631 460898160.08254004 293220044.56654 316862282.93529 542958936.41006 403322038.07982 720983033.5611299 171064539.64732 538061246.84814 0 577249057.58736 1138019276.7624102 347764172.2477 368896040.72809 944990159.68665 621424459.46696 
356692545.98002 556759084.0146201 659044041.5131099 731565884.24881 594823844.65868 155760640.9231 471457553.81645 700097261.0550001 926942512.7701 755175758.10242 236247777.63463998 373076160.12776 443506832.27969 535128840.79503 555789582.6166699 747770286.90861 465126906.06587 832123613.26669 577249057.58736 0 922563371.1061101 364877883.60864997 692666706.33145 367741102.09929 915486825.88551 
915128153.88399 1012602960.7001 1251280700.15575 1188840364.24467 1205865933.91859 766802730.1830101 1012661534.22787 1258532868.95897 1074124014.00174 1347412416.74506 847289866.8945501 1119887813.27104 1049968804.6947801 1146170930.0549402 862106916.90991 1358803787.05275 966954737.1150901 979305114.49833 1138019276.7624102 922563371.1061101 0 975919972.8685601 1303708795.59136 1290304473.2054 1021184371.02116 
410049147.74247 462098867.55494 532797753.03467 409725011.5835 621935544.44441 209117242.68555 524263109.81311 639967801.86007 711786731.36834 436666036.44536 289604379.39709 614808807.1295199 504641577.88883996 545149741.12339 609146184.37912 520495249.76551 503465533.23773 732540277.13544 347764172.2477 364877883.60864997 975919972.8685601 0 716660212.97579 666576047.81281 649177064.51662 
737837970.46527 591550656.89772 906479795.60733 717120095.03919 594963192.53199 536906065.40835 852602978.3017 1081242685.54025 423396396.47738 812378600.39378 617393202.11989 662116085.29463 685758323.6633799 911854977.13815 772218078.80791 890186100.5805299 539960580.37541 518215295.98078996 368896040.72809 692666706.33145 1303708795.59136 716660212.97579 0 1060407808.43074 486006063.32909995 
724433648.07931 757743752.09496 960574049.25339 1076301059.3963099 848223798.2918199 523501743.02239 839198655.91574 1024311208.9265299 1293169081.82355 943082097.7583101 603988879.73393 740817262.2270501 722774901.24052 902869942.89432 923530684.71596 1089060465.28932 832868008.16516 1199864715.36598 944990159.68665 367741102.09929 1290304473.2054 666576047.81281 1060407808.43074 0 1236555486.5976 
838245763.88312 478811734.50264 767371427.81606 444614011.0604 898087109.38339 760031986.8851 963700625.86162 1052045636.2147801 62609666.85172 756371322.15736 740193540.25486 831943026.24602 596157663.10761 862277641.6317099 659479156.41283 404180037.25143 450359919.81964004 83363212.61882 621424459.4669601 915486825.88551 1021184371.02116 649177064.51662 486006063.32909995 1236555486.5976 0 
