25
ambiguous rake blade inherit desire nutty ice floor thumb finish measure indicate ray diligent same determine glamorous slam route imported complain learning stink wooden paint
0 86.0 71.0 89.0 73.0 88.0 132.0 124.0 77.0 96.0 97.0 67.0 95.0 98.0 90.0 89.0 95.0 132.0 126.0 85.0 93.0 66.0 126.0 90.0 87.0 
86.0 0 58.0 63.0 122.0 135.0 120.0 115.0 116.0 94.0 127.0 88.0 87.0 131.0 91.0 123.0 128.0 126.0 78.0 100.0 92.0 90.0 82.0 121.0 76.0 
71.0 58.0 0 84.0 71.0 78.0 62.0 90.0 116.0 124.0 98.0 129.0 82.0 97.0 124.0 93.0 93.0 113.0 57.0 88.0 127.0 133.0 96.0 63.0 75.0 
89.0 63.0 84.0 0 59.0 72.0 136.0 68.0 113.0 120.0 128.0 113.0 122.0 123.0 124.0 79.0 98.0 68.0 86.0 80.0 81.0 80.0 116.0 118.0 120.0 
73.0 122.0 71.0 59.0 0 127.0 119.0 68.0 92.0 71.0 91.0 116.0 63.0 84.0 118.0 100.0 61.0 127.0 127.0 64.0 91.0 73.0 125.0 82.0 117.0 
88.0 135.0 78.0 72.0 127.0 0 123.0 117.0 131.0 71.0 63.0 58.0 135.0 60.0 61.0 99.0 126.0 131.0 130.0 87.0 68.0 124.0 73.0 133.0 136.0 
132.0 120.0 62.0 136.0 119.0 123.0 0 68.0 127.0 84.0 99.0 67.0 115.0 100.0 62.0 76.0 85.0 128.0 93.0 97.0 73.0 71.0 97.0 71.0 74.0 
124.0 115.0 90.0 68.0 68.0 117.0 68.0 0 59.0 79.0 86.0 92.0 79.0 57.0 56.0 122.0 80.0 98.0 77.0 116.0 87.0 80.0 97.0 69.0 84.0 
77.0 116.0 116.0 113.0 92.0 131.0 127.0 59.0 0 119.0 68.0 114.0 117.0 116.0 90.0 90.0 72.0 87.0 87.0 57.0 123.0 87.0 80.0 64.0 81.0 
96.0 94.0 124.0 120.0 71.0 71.0 84.0 79.0 119.0 0 78.0 64.0 92.0 127.0 70.0 75.0 75.0 125.0 67.0 89.0 93.0 97.0 100.0 131.0 90.0 
97.0 127.0 98.0 128.0 91.0 63.0 99.0 86.0 68.0 78.0 0 85.0 72.0 57.0 124.0 73.0 129.0 131.0 77.0 76.0 87.0 131.0 122.0 76.0 128.0 
67.0 88.0 129.0 113.0 116.0 58.0 67.0 92.0 114.0 64.0 85.0 0 97.0 86.0 119.0 78.0 126.0 88.0 72.0 59.0 118.0 69.0 82.0 122.0 121.0 
95.0 87.0 82.0 122.0 63.0 135.0 115.0 79.0 117.0 92.0 72.0 97.0 0 85.0 84.0 120.0 57.0 95.0 64.0 80.0 122.0 71.0 81.0 73.0 86.0 
98.0 131.0 97.0 123.0 84.0 60.0 100.0 57.0 116.0 127.0 57.0 86.0 85.0 0 96.0 130.0 89.0 119.0 82.0 61.0 128.0 137.0 76.0 125.0 86.0 
90.0 91.0 124.0 124.0 118.0 61.0 62.0 56.0 90.0 70.0 124.0 119.0 84.0 96.0 0 66.0 65.0 70.0 133.0 67.0 67.0 123.0 68.0 121.0 77.0 
89.0 123.0 93.0 79.0 100.0 99.0 76.0 122.0 90.0 75.0 73.0 78.0 120.0 130.0 66.0 0 63.0 127.0 124.0 81.0 57.0 64.0 88.0 145.0 127.0 
95.0 128.0 93.0 98.0 61.0 126.0 85.0 80.0 72.0 75.0 129.0 126.0 57.0 89.0 65.0 63.0 0 116.0 121.0 82.0 79.0 117.0 83.0 92.0 89.0 
132.0 126.0 113.0 68.0 127.0 131.0 128.0 98.0 87.0 125.0 131.0 88.0 95.0 119.0 70.0 127.0 116.0 0 66.0 99.0 89.0 98.0 125.0 97.0 71.0 
126.0 78.0 57.0 86.0 127.0 130.0 93.0 77.0 87.0 67.0 77.0 72.0 64.0 82.0 133.0 124.0 121.0 66.0 0 79.0 82.0 132.0 82.0 90.0 121.0 
85.0 100.0 88.0 80.0 64.0 87.0 97.0 116.0 57.0 89.0 76.0 59.0 80.0 61.0 67.0 81.0 82.0 99.0 79.0 0 121.0 128.0 98.0 116.0 74.0 
93.0 92.0 127.0 81.0 91.0 68.0 73.0 87.0 123.0 93.0 87.0 118.0 122.0 128.0 67.0 57.0 79.0 89.0 82.0 121.0 0 56.0 78.0 88.0 86.0 
66.0 90.0 133.0 80.0 73.0 124.0 71.0 80.0 87.0 97.0 131.0 69.0 71.0 137.0 123.0 64.0 117.0 98.0 132.0 128.0 56.0 0 94.0 95.0 85.0 
126.0 82.0 96.0 116.0 125.0 73.0 97.0 97.0 80.0 100.0 122.0 82.0 81.0 76.0 68.0 88.0 83.0 125.0 82.0 98.0 78.0 94.0 0 61.0 100.0 
90.0 121.0 63.0 118.0 82.0 133.0 71.0 69.0 64.0 131.0 76.0 122.0 73.0 125.0 121.0 145.0 92.0 97.0 90.0 116.0 88.0 95.0 61.0 0 56.0 
87.0 76.0 75.0 120.0 117.0 136.0 74.0 84.0 81.0 90.0 128.0 121.0 86.0 86.0 77.0 127.0 89.0 71.0 121.0 74.0 86.0 85.0 100.0 56.0 0 
