25
A B C D E F G H I J K L M N O P Q R T U V W X Y S
0 546.0 583.0 583.0 564.0 514.0 564.0 524.0 562.0 564.0 535.0 524.0 516.0 535.0 546.0 649.0 604.0 572.0 524.0 537.0 568.0 1008.0 787.0 582.0 1008.0 
546.0 0 560.0 545.0 558.0 580.0 560.0 529.0 630.0 577.0 584.0 525.0 536.0 528.0 1002.0 640.0 515.0 744.0 529.0 804.0 768.0 1002.0 645.0 782.0 524.0 
583.0 560.0 0 1002.0 650.0 590.0 1002.0 718.0 600.0 580.0 579.0 674.0 537.0 579.0 517.0 723.0 539.0 608.0 523.0 540.0 566.0 517.0 524.0 501.0 539.0 
583.0 545.0 1002.0 0 1002.0 503.0 1002.0 654.0 583.0 548.0 560.0 654.0 537.0 545.0 517.0 567.0 539.0 571.0 523.0 1002.0 546.0 517.0 515.0 501.0 539.0 
564.0 558.0 650.0 1002.0 0 503.0 1002.0 604.0 583.0 1002.0 505.0 604.0 537.0 505.0 517.0 567.0 539.0 549.0 523.0 1002.0 546.0 517.0 515.0 501.0 539.0 
514.0 580.0 590.0 503.0 503.0 0 503.0 531.0 836.0 503.0 653.0 531.0 532.0 630.0 580.0 521.0 526.0 503.0 531.0 503.0 558.0 514.0 636.0 611.0 514.0 
564.0 560.0 1002.0 1002.0 1002.0 503.0 0 541.0 583.0 1002.0 505.0 541.0 537.0 505.0 517.0 567.0 539.0 549.0 523.0 1002.0 546.0 517.0 515.0 501.0 539.0 
524.0 529.0 718.0 654.0 604.0 531.0 541.0 0 516.0 541.0 514.0 1002.0 542.0 514.0 504.0 517.0 695.0 579.0 1002.0 541.0 523.0 504.0 870.0 697.0 524.0 
562.0 630.0 600.0 583.0 583.0 836.0 583.0 516.0 0 583.0 696.0 516.0 937.0 696.0 559.0 725.0 742.0 503.0 516.0 583.0 674.0 559.0 719.0 695.0 562.0 
564.0 577.0 580.0 548.0 1002.0 503.0 1002.0 541.0 583.0 0 505.0 541.0 537.0 505.0 517.0 567.0 539.0 549.0 523.0 1002.0 546.0 517.0 515.0 501.0 539.0 
535.0 584.0 579.0 560.0 505.0 653.0 505.0 514.0 696.0 505.0 0 514.0 673.0 1010.0 584.0 637.0 746.0 654.0 514.0 505.0 584.0 524.0 586.0 691.0 535.0 
524.0 525.0 674.0 654.0 604.0 531.0 541.0 1002.0 516.0 541.0 514.0 0 542.0 514.0 1002.0 517.0 515.0 579.0 1002.0 541.0 523.0 1002.0 718.0 697.0 524.0 
516.0 536.0 537.0 537.0 537.0 532.0 537.0 542.0 937.0 537.0 673.0 542.0 0 673.0 536.0 594.0 698.0 757.0 542.0 537.0 659.0 516.0 822.0 530.0 516.0 
535.0 528.0 579.0 545.0 505.0 630.0 505.0 514.0 696.0 505.0 1010.0 514.0 673.0 0 514.0 518.0 746.0 518.0 514.0 505.0 584.0 514.0 586.0 691.0 535.0 
546.0 1002.0 517.0 517.0 517.0 580.0 517.0 504.0 559.0 517.0 584.0 1002.0 536.0 514.0 0 517.0 512.0 579.0 1002.0 517.0 523.0 1002.0 645.0 697.0 524.0 
649.0 640.0 723.0 567.0 567.0 521.0 567.0 517.0 725.0 567.0 637.0 517.0 594.0 518.0 517.0 0 742.0 1010.0 517.0 567.0 620.0 517.0 505.0 745.0 594.0 
604.0 515.0 539.0 539.0 539.0 526.0 539.0 695.0 742.0 539.0 746.0 515.0 698.0 746.0 512.0 742.0 0 742.0 512.0 539.0 894.0 512.0 652.0 924.0 565.0 
572.0 744.0 608.0 571.0 549.0 503.0 549.0 579.0 503.0 549.0 654.0 579.0 757.0 518.0 579.0 1010.0 742.0 0 517.0 549.0 620.0 517.0 505.0 745.0 572.0 
524.0 529.0 523.0 523.0 523.0 531.0 523.0 1002.0 516.0 523.0 514.0 1002.0 542.0 514.0 1002.0 517.0 512.0 517.0 0 517.0 523.0 1002.0 645.0 697.0 524.0 
537.0 804.0 540.0 1002.0 1002.0 503.0 1002.0 541.0 583.0 1002.0 505.0 541.0 537.0 505.0 517.0 567.0 539.0 549.0 517.0 0 546.0 517.0 515.0 501.0 537.0 
568.0 768.0 566.0 546.0 546.0 558.0 546.0 523.0 674.0 546.0 584.0 523.0 659.0 584.0 523.0 620.0 894.0 620.0 523.0 546.0 0 523.0 786.0 516.0 568.0 
1008.0 1002.0 517.0 517.0 517.0 514.0 517.0 504.0 559.0 517.0 524.0 1002.0 516.0 514.0 1002.0 517.0 512.0 517.0 1002.0 517.0 523.0 0 645.0 582.0 1008.0 
787.0 645.0 524.0 515.0 515.0 636.0 515.0 870.0 719.0 515.0 586.0 718.0 822.0 586.0 645.0 505.0 652.0 505.0 645.0 515.0 786.0 645.0 0 646.0 787.0 
582.0 782.0 501.0 501.0 501.0 611.0 501.0 697.0 695.0 501.0 691.0 697.0 530.0 691.0 697.0 745.0 924.0 745.0 697.0 501.0 516.0 582.0 646.0 0 582.0 
1008.0 524.0 539.0 539.0 539.0 514.0 539.0 524.0 562.0 539.0 535.0 524.0 516.0 535.0 524.0 594.0 565.0 572.0 524.0 537.0 568.0 1008.0 787.0 582.0 0 
