17
Boalt Kroeber Greek Morrison Stanley Campanile Birge CVStarr Zellerbach Eshleman Stephens RSF Blackwell Unit1 Maxwell Hargrove Dwinelle
0 3.0 9.0 8.0 20.0 24.0 27.0 41.0 32.0 32.0 41.0 42.0 47.0 46.0 41.0 48.0 25.0 
3.0 0 6.0 5.0 17.0 21.0 24.0 38.0 29.0 29.0 38.0 39.0 44.0 43.0 38.0 45.0 22.0 
9.0 6.0 0 6.0 18.0 22.0 25.0 39.0 30.0 30.0 39.0 40.0 45.0 44.0 39.0 46.0 23.0 
8.0 5.0 6.0 0 12.0 16.0 19.0 33.0 24.0 24.0 33.0 34.0 39.0 38.0 33.0 40.0 17.0 
20.0 17.0 18.0 12.0 0 14.0 17.0 31.0 22.0 22.0 31.0 32.0 37.0 36.0 31.0 38.0 15.0 
24.0 21.0 22.0 16.0 14.0 0 3.0 23.0 14.0 14.0 17.0 18.0 23.0 22.0 17.0 24.0 7.0 
27.0 24.0 25.0 19.0 17.0 3.0 0 25.0 16.0 16.0 16.0 17.0 22.0 21.0 16.0 23.0 9.0 
41.0 38.0 39.0 33.0 31.0 23.0 25.0 0 9.0 15.0 39.0 40.0 45.0 44.0 39.0 46.0 16.0 
32.0 29.0 30.0 24.0 22.0 14.0 16.0 9.0 0 6.0 30.0 31.0 36.0 35.0 30.0 37.0 7.0 
32.0 29.0 30.0 24.0 22.0 14.0 16.0 15.0 6.0 0 30.0 31.0 36.0 35.0 30.0 37.0 7.0 
41.0 38.0 39.0 33.0 31.0 17.0 16.0 39.0 30.0 30.0 0 19.0 6.0 6.0 14.0 21.0 23.0 
42.0 39.0 40.0 34.0 32.0 18.0 17.0 40.0 31.0 31.0 19.0 0 25.0 24.0 19.0 26.0 24.0 
47.0 44.0 45.0 39.0 37.0 23.0 22.0 45.0 36.0 36.0 6.0 25.0 0 8.0 19.0 26.0 29.0 
46.0 43.0 44.0 38.0 36.0 22.0 21.0 44.0 35.0 35.0 6.0 24.0 8.0 0 11.0 18.0 28.0 
41.0 38.0 39.0 33.0 31.0 17.0 16.0 39.0 30.0 30.0 14.0 19.0 19.0 11.0 0 7.0 23.0 
48.0 45.0 46.0 40.0 38.0 24.0 23.0 46.0 37.0 37.0 21.0 26.0 26.0 18.0 7.0 0 30.0 
25.0 22.0 23.0 17.0 15.0 7.0 9.0 16.0 7.0 7.0 23.0 24.0 29.0 28.0 23.0 30.0 0 
