25
MapLocation12 MapLocation37 MapLocation46 MapLocation34 MapLocation42 MapLocation44 MapLocation33 MapLocation24 MapLocation36 MapLocation17 MapLocation25 MapLocation39 MapLocation20 MapLocation11 MapLocation28 MapLocation23 MapLocation18 MapLocation47 MapLocation10 MapLocation43 MapLocation5 MapLocation6 MapLocation7 MapLocation8 MapLocation29
0 1193770115.17265 1279844306.02234 2386090072.32106 2365461924.90055 1857185304.31979 1885305903.73535 1097525856.04374 2347190540.39478 1450572545.06546 2284950808.45987 2296796784.91059 2269277003.92463 2194579646.21428 2461678308.59184 1553708802.66768 2364339823.56953 1296768281.59263 2206030946.07526 1770793192.8292 2158715373.0229397 1784765020.19425 2158715373.0229397 2272791250.87646 1052676487.28391 
1193770115.17265 0 2407681790.86775 1192319957.14841 1578303940.24294 1415904378.97336 2156632813.65076 1759825397.3206 1368652051.80161 2165247643.91184 2202236409.45295 2049880707.32058 1640543640.76064 1000809531.04163 2298248243.13863 1206789066.56668 1461217703.87783 2393568135.05471 1012260830.90261 1743951582.72932 1361274934.11404 1974232788.10409 2220706611.96393 1393568135.0547 2246446602.45656 
1279844306.02234 2407681790.86775 0 1901725359.94407 2304493283.45308 1848845439.26043 2295106080.00939 1372618698.93133 2551339906.47474 2426294849.1051598 1556345861.20752 1715133610.94825 2371498562.3208 2539232514.45404 1310433522.91723 2419286246.02483 2356586003.15943 1034393635.69848 1517998923.33716 1583241762.43915 2419619204.80703 1961257320.71554 1886056718.92297 1431711557.17758 1343668648.32964 
2386090072.32106 1192319957.14841 1901725359.94407 0 1958468100.01981 2328260051.91744 1932698414.06277 2114257742.52418 1727782105.29708 1012885981.07938 2308780510.30121 2115484698.8641 1846375164.44213 1597593256.70242 1421699933.18624 1110931332.70672 2389922219.33067 1922102996.23616 1652034854.37479 2317024329.05803 2278346798.16954 2426044250.215 1311020751.85019 1883792350.13289 1841586586.50311 
2365461924.90055 1578303940.24294 2304493283.45308 1958468100.01981 0 1776119806.88812 2148348544.90558 1834851620.40226 2238412252.70058 1900443187.39735 1448061223.12555 2168112399.3917503 2275704638.36593 2350777908.71085 1340905816.08214 1786356999.29157 2165550703.97731 1270099647.7546 1761693647.94765 2378124186.46487 1487307605.20185 1990414313.88996 1086649236.49683 1093719019.01145 1919570033.42812 
1857185304.31979 1415904378.97336 1848845439.26043 2328260051.91744 1776119806.88812 0 1608042303.11859 1308147763.41384 1281823967.75837 2409519524.8586397 1117194644.02372 2523933074.4621 1591185536.34692 1679328177.93264 1243499679.00465 2198870907.19811 2185779478.04593 1287561510.50782 2173515302.7326202 1692668663.40628 1432367660.42974 2095870474.58837 2490062303.8874197 1939209542.33032 1755711140.85456 
1885305903.73535 2156632813.65076 2295106080.00939 1932698414.06277 2148348544.90558 1608042303.11859 0 1972744919.87027 1838892540.57617 1907229655.56622 2337565199.55383 2181991859.16612 1454622891.36768 1591592052.93584 1494719117.02105 1872198788.37135 2251976554.0121 1499375180.92629 1144371982.74815 1975433748.43029 1737475853.61154 1651097346.05563 2310365925.5596 1839053759.63727 1292156645.74331 
1097525856.04374 1759825397.3206 1372618698.93133 2114257742.52418 1834851620.40226 1308147763.41384 1972744919.87027 0 1249664684.35104 1101371761.4448 1762720220.54814 2155050074.52928 2033591134.86338 1539262500.58788 1555747488.54042 1868129697.87051 1786015934.42002 2394294137.6363697 1397452912.95085 1745854177.34931 1321953138.97131 1401350751.75981 1803335794.50758 2394357918.0401697 2150202343.32765 
2347190540.39478 1368652051.80161 2551339906.47474 1727782105.29708 2238412252.70058 1281823967.75837 1838892540.57617 1249664684.35104 0 1391161300.53223 1262091422.08023 2364127144.65478 1436015043.30695 2349764641.37285 1240906383.55751 1107036518.26908 1182430128.11888 1985835571.61911 1326507268.23681 1701568733.60598 2086228386.21188 1086228386.21187 1424123388.84686 1144693233.68913 1409403219.60494 
1450572545.06546 2165247643.91184 2426294849.1051598 1012885981.07938 1900443187.39735 2409519524.8586397 1907229655.56622 1101371761.4448 1391161300.53223 0 1295894529.22183 1720086000.49345 1118490725.60283 1164438112.87021 1471277448.27393 1740446032.35142 1633058004.61166 2065064843.24669 1377512739.11579 1634649239.51521 1551807606.38485 1571872923.62021 1923158074.76189 2144915721.5381002 1361003771.75852 
2284950808.45987 2202236409.45295 1556345861.20752 2308780510.30121 1448061223.12555 1117194644.02372 2337565199.55383 1762720220.54814 1262091422.08023 1295894529.22183 0 1406738430.43838 1518658491.46171 1388253928.6407 2359140424.78768 1435951491.24906 1360349877.3777 2071073366.09536 1326218919.18145 1280767910.65301 2333804422.78749 2104346701.89993 2071073366.09536 1071073366.09535 1569408370.92975 
2296796784.91059 2049880707.32058 1715133610.94825 2115484698.8641 2168112399.3917503 2523933074.4621 2181991859.16612 2155050074.52928 2364127144.65478 1720086000.49345 1406738430.43838 0 2060713182.58681 2155054811.11147 1861222901.28803 2110911596.96749 2160364630.3754 2283963956.27452 1037619876.41797 1976688368.86126 1616290965.85426 1821425984.7433 1081463162.89492 1820602343.07241 1244120297.62668 
2269277003.92463 1640543640.76064 2371498562.3208 1846375164.44213 2275704638.36593 1591185536.34692 1454622891.36768 2033591134.86338 1436015043.30695 1118490725.60283 1518658491.46171 2060713182.58681 0 1381711392.78351 2589768173.87676 1260628751.51492 2325468239.34687 1582879724.68821 1763756931.15966 1200947009.67724 1900226602.37803 1567594599.46984 2367112906.3808203 1687834319.06956 1998542459.58724 
2194579646.21428 1000809531.04163 2539232514.45404 1597593256.70242 2350777908.71085 1679328177.93264 1591592052.93584 1539262500.58788 2349764641.37285 1164438112.87021 1388253928.6407 2155054811.11147 1381711392.78351 0 2213486993.49617 1932455951.18664 1167334513.25397 1830402942.74838 1398507418.79518 1015599094.54277 2362084465.15567 1821641254.47458 2246235980.73445 1875796329.03447 1993396664.25679 
2461678308.59184 2298248243.13863 1310433522.91723 1421699933.18624 1340905816.08214 1243499679.00465 1494719117.02105 1555747488.54042 1240906383.55751 1471277448.27393 2359140424.78768 1861222901.28803 2589768173.87676 2213486993.49617 0 2309852698.29571 1046152480.2422 1164910026.99921 1687958594.65 1970200453.97687 1805132322.57922 1842210135.48717 2125053947.72268 1304785022.8297 2362155751.59357 
1553708802.66768 1206789066.56668 2419286246.02483 1110931332.70672 1786356999.29157 2198870907.19811 1872198788.37135 1868129697.87051 1107036518.26908 1740446032.35142 1435951491.24906 2110911596.96749 1260628751.51492 1932455951.18664 2309852698.29571 0 1349393256.39188 1682677569.50401 1454222557.96659 2461575761.1921597 2284516696.29552 2088221967.21844 1586881409.28428 1461286485.92649 1910320396.18541 
2364339823.56953 1461217703.87783 2356586003.15943 2389922219.33067 2165550703.97731 2185779478.04593 2251976554.0121 1786015934.42002 1182430128.11888 1633058004.61166 1360349877.3777 2160364630.3754 2325468239.34687 1167334513.25397 1046152480.2422 1349393256.39188 0 2211062507.24141 1653717948.26015 2182933607.79674 1270858520.70328 1481268510.13163 1078901467.48048 1243247876.78075 1316003271.35137 
1296768281.59263 2393568135.05471 1034393635.69848 1922102996.23616 1270099647.7546 1287561510.50782 1499375180.92629 2394294137.6363697 1985835571.61911 2065064843.24669 2071073366.09536 2283963956.27452 1582879724.68821 1830402942.74838 1164910026.99921 1682677569.50401 2211062507.24141 0 2124224210.20651 2436871040.15936 1385225569.10855 1000000000.00001 1202500793.3796 1000000000.00001 1822663160.79183 
2206030946.07526 1012260830.90261 1517998923.33716 1652034854.37479 1761693647.94765 2173515302.7326202 1144371982.74815 1397452912.95085 1326507268.23681 1377512739.11579 1326218919.18145 1037619876.41797 1763756931.15966 1398507418.79518 1687958594.65 1454222557.96659 1653717948.26015 2124224210.20651 0 1875736983.65847 1321648577.69108 2103232443.20352 2119083039.31289 1926512477.86094 1766614835.84702 
1770793192.8292 1743951582.72932 1583241762.43915 2317024329.05803 2378124186.46487 1692668663.40628 1975433748.43029 1745854177.34931 1701568733.60598 1634649239.51521 1280767910.65301 1976688368.86126 1200947009.67724 1015599094.54277 1970200453.97687 2461575761.1921597 2182933607.79674 2436871040.15936 1875736983.65847 0 1358888391.90102 2358888391.90103 1298962153.80549 1444918840.51212 1129719965.37007 
2158715373.0229397 1361274934.11404 2419619204.80703 2278346798.16954 1487307605.20185 1432367660.42974 1737475853.61154 1321953138.97131 2086228386.21188 1551807606.38485 2333804422.78749 1616290965.85426 1900226602.37803 2362084465.15567 1805132322.57922 2284516696.29552 1270858520.70328 1385225569.10855 1321648577.69108 1358888391.90102 0 1000000000.00001 1338125466.76046 1732427382.56011 2488608357.27109 
1784765020.19425 1974232788.10409 1961257320.71554 2426044250.215 1990414313.88996 2095870474.58837 1651097346.05563 1401350751.75981 1086228386.21187 1571872923.62021 2104346701.89993 1821425984.7433 1567594599.46984 1821641254.47458 1842210135.48717 2088221967.21844 1481268510.13163 1000000000.00001 2103232443.20352 2358888391.90103 1000000000.00001 0 1640034068.39976 2000000000.00002 1702108631.78546 
2158715373.0229397 2220706611.96393 1886056718.92297 1311020751.85019 1086649236.49683 2490062303.8874197 2310365925.5596 1803335794.50758 1424123388.84686 1923158074.76189 2071073366.09536 1081463162.89492 2367112906.3808203 2246235980.73445 2125053947.72268 1586881409.28428 1078901467.48048 1202500793.3796 2119083039.31289 1298962153.80549 1338125466.76046 1640034068.39976 0 1000000000.00001 1604402224.95101 
2272791250.87646 1393568135.0547 1431711557.17758 1883792350.13289 1093719019.01145 1939209542.33032 1839053759.63727 2394357918.0401697 1144693233.68913 2144915721.5381002 1071073366.09535 1820602343.07241 1687834319.06956 1875796329.03447 1304785022.8297 1461286485.92649 1243247876.78075 1000000000.00001 1926512477.86094 1444918840.51212 1732427382.56011 2000000000.00002 1000000000.00001 0 1312879761.64556 
1052676487.28391 2246446602.45656 1343668648.32964 1841586586.50311 1919570033.42812 1755711140.85456 1292156645.74331 2150202343.32765 1409403219.60494 1361003771.75852 1569408370.92975 1244120297.62668 1998542459.58724 1993396664.25679 2362155751.59357 1910320396.18541 1316003271.35137 1822663160.79183 1766614835.84702 1129719965.37007 2488608357.27109 1702108631.78546 1604402224.95101 1312879761.64556 0 
