50
ag df bc bf cy ae bv ce cs cl dv db cj cf ax de bj ab az ao cm at bb bu bk ay bd cb aj am ap dq by ch bs dj au dk af ac dg dr bo br ct bl ak bg be aa
0 1132742447.42203 1633331355.57579 1502842847.54185 1587021545.88223 1584067572.868 1096684922.0843 1486042464.03775 1147854227.05045 1949701839.12256 1669542850.11865 1396961162.98145 1694738573.70796 1949697496.06808 1951436079.8392 1279146903.43891 1647027785.18613 1179481588.20463 1804745912.73169 1940240763.74155 1151228800.07271 1909612365.8286 1228639794.69415 1503125253.05793 1434715482.4281 1487921321.18021 1098901223.45326 1326308821.27213 1825235019.12921 1945028285.94345 1870250253.25209 1319993875.26164 1389403228.63141 1645967361.32138 1803366844.93228 1251350306.53344 1522718066.31474 1418229201.03844 1318814661.39862 1317186028.03612 1724342101.87893 1137194776.26121 1877908747.25608 1822035444.93442 1425103082.445 1431947835.40232 1914108406.91401 1157060314.54366 1097608246.19328 1559126623.55313 
1132742447.42203 0 1447707965.53778 1206362220.32145 1969343889.81425 1469491468.65778 1517514082.85266 1267969668.31733 1868726054.421 1581432634.95819 1392333486.36402 1760986759.51991 1548103493.2057 1652041635.6248 1375590157.84444 1145294730.4486 1322936174.33901 1368430100.14805 1916865113.54325 1168459095.13909 1733394016.39122 1796741946.74302 1788274714.45837 1132664507.86504 1010816945.51031 1872582787.48831 1749650901.46825 1928104923.10731 1667762329.70575 1288734064.49214 1617443489.33781 1159968363.54255 1162617819.82085 1890761671.68587 1802928957.41099 1858726615.18304 1463095628.06841 1985447688.90711 1191074844.66717 1761011623.85061 1661843970.04367 1240572937.82109 1647338366.08044 1252805554.86107 1901073338.15384 1856281270.78275 1501432350.53779 1277254920.19619 1400525733.39903 1089934469.47951 
1633331355.57579 1447707965.53778 0 1557700527.21718 1200033559.60038 1839828831.58408 1267990748.68178 1445084915.36577 1073726852.87606 1438549202.66088 1693421279.18512 1410469529.70544 1787995251.03912 1777443870.9673 1249714900.62939 1118136676.05042 1143789921.56333 1453744350.52512 1758876578.45686 1040079454.63681 1257489206.6908 1559257441.54564 1870522772.9439 1217106450.27506 1057327164.27598 1582963018.51863 1390190240.07275 1984653914.48723 1440687438.53107 1770804243.69785 1801394186.07438 1319322409.76306 1817411594.13773 1570237090.79291 1276685800.34049 1402934849.83699 1355256420.76395 1536139762.59982 1179712543.48925 1794256324.25163 1582800932.89794 1973545787.88085 1816873871.22644 1322443663.2618 1518491075.85006 1983382078.79415 1759214718.15917 1970876717.46634 1694956326.26968 1196372196.60381 
1502842847.54185 1206362220.32145 1557700527.21718 0 1245877259.96897 1371737659.15218 1262393036.84838 1229075781.57026 1922951470.02875 1984629490.53813 1585060421.68416 1678509455.16888 1133122916.0826 1491531460.88339 1194661160.50743 1292471424.09918 1138708427.16271 1235560874.81094 1297644614.80354 1906968948.28105 1888429311.13081 1908778784.56745 1984779810.22226 1083372166.67683 1136485797.48927 1939270514.68005 1274307475.76535 1877243616.48142 1917575441.4557 1923430812.05989 1998290259.91924 1257216114.24835 1534128904.95623 1254192325.94883 1628771679.64201 1835055645.71805 1873682262.93155 1802246350.53384 1268577386.38697 1248313493.56667 1232881815.13773 1006530982.92359 1033032343.10985 1091800892.42256 1565916901.32183 1968986970.68915 1574176228.40872 1481460515.13314 1012356330.4079 1859513034.32755 
1587021545.88223 1969343889.81425 1200033559.60038 1245877259.96897 0 1217425980.29146 1443478531.36973 1652114233.04231 1739164952.99934 1899089462.5014 1136172531.75906 1307595795.46421 1006418291.13938 1397624530.78471 1669075750.84514 1015403638.95556 1261337529.32208 1494933011.25972 1796663390.9037 1814900628.29186 1824326769.02393 1593835900.8286 1756563698.64152 1824990938.70862 1888722108.1137 1949944676.75103 1404640375.05142 1294349451.10057 1893935800.05653 1336692397.57858 1396029569.61425 1650684677.76758 1698262452.34503 1823111354.49881 1569316676.67155 1486430234.63235 1184428927.46172 1003955164.64122 1976024469.9347 1908192255.92443 1695793663.96658 1782450577.97018 1683057087.2842 1060862872.22022 1457527854.52118 1942133888.69629 1928317545.58037 1437487414.88313 1395540207.28989 1555509319.75783 
1584067572.868 1469491468.65778 1839828831.58408 1371737659.15218 1217425980.29146 0 1863428803.06977 1715415246.38292 1791621210.59508 1542431884.20953 1299309158.28672 1581578560.25342 1613177984.37782 1474671956.14743 1866392264.51533 1261480582.2507 1769452427.64975 1476604945.84719 1382246071.92348 1394575933.78989 1992545369.04075 1313948815.48436 1170063455.10552 1343382601.39985 1745246471.99559 1414833485.67998 1707134651.57404 1926745356.9293 1937896688.48753 1435402338.04844 1074864578.52124 1983544048.10653 1307473740.22467 1828584708.57428 1386599744.66028 1680342662.86406 1840149318.20492 1833735541.72244 1593309797.14075 1254110903.83805 1696389030.19828 1249564375.83157 1025100201.91534 1737509563.1036 1854689349.05652 1543709510.47916 1432643917.71522 1166303385.31592 1706627952.59502 1821832245.84901 
1096684922.0843 1517514082.85266 1267990748.68178 1262393036.84838 1443478531.36973 1863428803.06977 0 1482523077.91097 1421586121.64456 1796620820.30444 1502695195.46587 1909717308.27371 1011041424.05159 1854861285.6936 1132998191.96421 1156925654.10351 1771148374.16363 1988438141.54974 1244160779.57505 1936225569.45118 1533563772.29028 1568688052.1147 1767773105.73584 1841131123.0835 1898535670.27149 1428965620.04671 1670305981.06514 1194679347.96881 1768750230.66273 1994866281.61566 1792531562.10326 1544413760.10942 1080017873.05748 1242535344.26127 1719675978.34007 1711534022.50862 1732784548.25484 1859210959.12098 1525610048.85124 1172304788.01423 1208421283.88484 1231572812.61108 1351313170.46039 1941461856.69248 1833343290.34843 1602029505.13222 1471397904.17435 1586399545.91289 1072544050.93802 1376736735.43827 
1486042464.03775 1267969668.31733 1445084915.36577 1229075781.57026 1652114233.04231 1715415246.38292 1482523077.91097 0 1368548508.38926 1112496375.83555 1888462338.08818 1907350541.08336 1148054785.05065 1122263179.44964 1356737985.53535 1796489123.62835 1632131364.50802 1552644142.83791 1180523405.14887 1841092223.82832 1178962555.13507 1499361358.00822 1586612796.31875 1478526403.36308 1356902266.57647 1038882319.09472 1078913110.08081 1070387810.49581 1969250074.33947 1210305045.83215 1989644308.26044 1405084488.02045 1325015145.02987 1499635868.72929 1612394025.32595 1622263030.05918 1747743683.62552 1951362844.10157 1357808392.77924 1229077831.49439 1377510474.71135 1946475153.43465 1690111491.64683 1242799105.9607 1689990340.34003 1756160288.83428 1992035132.51162 1747659770.2202 1924398030.16035 1299946052.99749 
1147854227.05045 1868726054.421 1073726852.87606 1922951470.02875 1739164952.99934 1791621210.59508 1421586121.64456 1368548508.38926 0 1786866921.75496 1841460007.78838 1107283476.78319 1077267599.19911 1120085971.06424 1193489613.15871 1053662753.4161 1743631904.86433 1846659224.19694 1194837336.3349 1713016228.53211 1189021986.28499 1395058929.87861 1218269537.7572 1413227539.1899 1989227648.22217 1668995011.19507 1930999134.18175 1936655526.28101 1694772780.09663 1880324832.71578 1573127902.01609 1590064280.44445 1446296357.24259 1205418325.19735 1031772274.1384 1040189133.17689 1901949753.71021 1352546225.82558 1654366561.31259 1559838808.50598 1372048711.58946 1558680289.63898 1517131575.16366 1672807814.31775 1198649582.4026 1915348509.15174 1377427500.88763 1742077707.0902 1647670715.29308 1945198965.17582 
1949701839.12256 1581432634.95819 1438549202.66088 1984629490.53813 1899089462.5014 1542431884.20953 1796620820.30444 1112496375.83555 1786866921.75496 0 1847819160.12153 1902749273.64414 1392668591.95005 1362662226.53166 1580294274.8009 1432028478.81317 1721732931.18149 1735670413.15952 1557508627.29898 1466604421.5521 1782441824.61194 1463669700.31053 1142348410.68778 1057609029.99438 1410577928.94381 1412216854.42303 1557988679.12245 1148884580.12117 1406795686.2532 1532364842.86409 1485378308.97854 1775537215.47219 1361509743.52868 1142484669.7431 1569593589.41508 1327963459.0028 1396454885.60415 1464904181.65908 1706909828.76886 1847110251.86499 1948546241.32039 1399904259.15596 1579706085.8315 1269976435.76708 1797756495.97643 1498381740.7832 1256808842.46726 1324890527.82269 1848679488.62996 1360712117.74932 
1669542850.11865 1392333486.36402 1693421279.18512 1585060421.68416 1136172531.75906 1299309158.28672 1502695195.46587 1888462338.08818 1841460007.78838 1847819160.12153 0 1652898073.90294 1746765418.87877 1747055071.12896 1340253757.12227 1179468878.74869 1069225645.89447 1368842764.56509 1185066554.67839 1874593773.3054 1357138775.78042 1425067581.92945 1171877662.53734 1051958722.35259 1636143219.5866 1604267964.33301 1127406008.11734 1788165147.53793 1485345309.17689 1778916794.49301 1376543789.06263 1513298608.51506 1210253529.91276 1000882806.42632 1466724658.42667 1499458701.40987 1185973530.67644 1419711585.73217 1393811632.09034 1825377533.0181 1153453658.36562 1060782234.09823 1131061091.51875 1962128918.5841 1747423438.70583 1992937375.50426 1746259016.90201 1458295815.16181 1295957768.16956 1192656443.04734 
1396961162.98145 1760986759.51991 1410469529.70544 1678509455.16888 1307595795.46421 1581578560.25342 1909717308.27371 1907350541.08336 1107283476.78319 1902749273.64414 1652898073.90294 0 1993081054.82529 1659092061.96602 1759689009.42215 1207935412.29109 1349585766.21182 1248398004.17766 1309581808.34342 1445988672.20426 1303337804.64222 1186721044.09254 1273479984.11527 1053106938.63344 1194304141.03656 1602259869.99158 1002514472.85547 1988407535.43115 1410059754.00624 1157363928.38021 1152736535.93968 1473845752.49334 1055697114.29318 1647401649.9192 1662035235.33287 1270966425.61935 1194904175.00552 1337462733.85925 1361362882.0934 1733156786.26114 1662461014.66541 1733400003.72873 1081371081.19668 1933708344.00124 1981332938.41522 1285450496.69953 1601957771.80455 1825476301.0396 1376241912.77429 1082987260.57619 
1694738573.70796 1548103493.2057 1787995251.03912 1133122916.0826 1006418291.13938 1613177984.37782 1011041424.05159 1148054785.05065 1077267599.19911 1392668591.95005 1746765418.87877 1993081054.82529 0 1553519323.37055 1489712823.83874 1635283613.30573 1570776922.95651 1938395650.13116 1915636302.4926 1554778194.79171 1211328587.55508 1490793492.24236 1244134315.49931 1384073578.41939 1789290171.61559 1534818377.20016 1823719570.64993 1953483508.76265 1737058992.14039 1076414245.59772 1084328295.231 1681852403.0929 1423536914.8253 1906997952.16257 1161626276.3832 1961560418.89879 1452440110.59668 1501989009.23278 1355389158.81439 1934043070.30193 1936374557.32022 1667549389.08988 1247958407.28106 1318870192.54415 1189757923.37182 1312511190.38747 1605004693.30374 1490091369.80031 1191033846.94267 1996954454.00582 
1949697496.06808 1652041635.6248 1777443870.9673 1491531460.88339 1397624530.78471 1474671956.14743 1854861285.6936 1122263179.44964 1120085971.06424 1362662226.53166 1747055071.12896 1659092061.96602 1553519323.37055 0 1674439906.79953 1015740950.30997 1003457614.01303 1154808030.20285 1489351009.37759 1016196116.02944 1411498098.2505 1439314257.12714 1728634965.55299 1684018253.04552 1382276376.61715 1966225111.45011 1124951667.73723 1761649721.92162 1647069227.87148 1060388058.0692 1335563300.58065 1896090800.96636 1173674631.16947 1990762453.71215 1355723783.25541 1007688262.84456 1524515327.41388 1576336127.84575 1217989587.6452 1775903575.98018 1699875556.19054 1298591325.77522 1482827452.63571 1184170485.11618 1109696923.46537 1303617058.31516 1654819934.51467 1934599943.11212 1340245276.77162 1531049793.77515 
1951436079.8392 1375590157.84444 1249714900.62939 1194661160.50743 1669075750.84514 1866392264.51533 1132998191.96421 1356737985.53535 1193489613.15871 1580294274.8009 1340253757.12227 1759689009.42215 1489712823.83874 1674439906.79953 0 1628591311.98545 1941392696.23238 1989559978.61923 1192055307.6093 1225767510.13238 1994223056.52408 1682715137.19089 1248861757.19786 1279710342.87956 1996704124.67559 1180414619.19163 1108613309.02574 1737707724.72313 1359044883.60238 1552567104.63828 1814852632.6352 1025546715.19812 1605413738.35965 1756722343.45934 1986945221.15549 1283480784.82121 1227647167.22993 1786063543.01481 1680511546.16208 1536607285.54056 1595711260.41725 1983870637.11474 1657249641.50763 1323808995.15201 1826634436.18115 1090613135.19823 1511435566.64293 1731507880.59504 1376749957.4298 1083975954.7307 
1279146903.43891 1145294730.4486 1118136676.05042 1292471424.09918 1015403638.95556 1261480582.2507 1156925654.10351 1796489123.62835 1053662753.4161 1432028478.81317 1179468878.74869 1207935412.29109 1635283613.30573 1015740950.30997 1628591311.98545 0 1743301581.81735 1607862874.59912 1179063254.62662 1167625167.31031 1269177824.37801 1105948448.79781 1772489614.18263 1269269870.71674 1393248590.9667 1958062834.81289 1349342113.45878 1680867719.3811 1019948687.35354 1185581358.41633 1874067709.85013 1913696119.68397 1355784232.76324 1495233434.81182 1913166761.37686 1479623307.22888 1979801527.47484 1000623142.08618 1513368619.29268 1601347260.32915 1830826245.66044 1506305819.73256 1851484342.48403 1576590175.11653 1312944306.92126 1907630236.61632 1457971438.47495 1743605787.43167 1136524929.09248 1679810850.7355 
1647027785.18613 1322936174.33901 1143789921.56333 1138708427.16271 1261337529.32208 1769452427.64975 1771148374.16363 1632131364.50802 1743631904.86433 1721732931.18149 1069225645.89447 1349585766.21182 1570776922.95651 1003457614.01303 1941392696.23238 1743301581.81735 0 1915474536.44668 1734940078.0857 1458692739.96276 1029526531.74858 1518381965.65953 1201266217.5936 1575781037.3213 1228756753.36493 1231158302.52194 1627268830.19828 1125815415.67566 1126174191.0311 1068687100.28845 1563538118.01641 1669951474.32974 1143869831.09476 1145898858.5857 1406053178.74126 1189722317.11691 1894894657.56204 1772406483.05738 1887567255.97567 1639298930.83857 1637967620.57991 1818784035.89745 1408163891.89704 1105576222.4423 1342113866.02922 1493472248.33197 1947503078.26506 1253371867.84264 1770224159.71327 1293335192.47153 
1179481588.20463 1368430100.14805 1453744350.52512 1235560874.81094 1494933011.25972 1476604945.84719 1988438141.54974 1552644142.83791 1846659224.19694 1735670413.15952 1368842764.56509 1248398004.17766 1938395650.13116 1154808030.20285 1989559978.61923 1607862874.59912 1915474536.44668 0 1218586358.63882 1466293517.36162 1491354745.97987 1124815470.20199 1124783530.75575 1651453533.20943 1043252060.61273 1386166858.3078 1213002404.77893 1407283881.01821 1694738655.12261 1992419321.50499 1832614199.58808 1904268891.09083 1156120895.09493 1471341351.19447 1535604872.62551 1496965528.63921 1998428312.53624 1279171150.26949 1677664154.19151 1863236422.97298 1550913309.97135 1728432912.08344 1638094591.56121 1459001633.91417 1046325320.70306 1433931515.76062 1752392861.48611 1373866252.49488 1048187317.25534 1975988223.27719 
1804745912.73169 1916865113.54325 1758876578.45686 1297644614.80354 1796663390.9037 1382246071.92348 1244160779.57505 1180523405.14887 1194837336.3349 1557508627.29898 1185066554.67839 1309581808.34342 1915636302.4926 1489351009.37759 1192055307.6093 1179063254.62662 1734940078.0857 1218586358.63882 0 1870328478.16488 1388859831.07255 1220227181.09366 1561486576.07751 1475338755.67937 1624315580.33231 1329416737.22216 1296431136.73031 1788839848.67133 1325788749.48079 1916718691.62005 1974039956.76528 1579264821.06102 1122122253.95587 1536200942.96047 1203819809.67758 1925902329.95832 1093147359.72156 1984838350.76096 1388065351.95031 1429304663.99125 1741882082.60214 1207071234.67722 1105167592.38385 1481478841.04278 1799548990.8088 1758274665.94231 1875836424.78493 1722742538.34711 1238603365.61814 1747693328.00906 
1940240763.74155 1168459095.13909 1040079454.63681 1906968948.28105 1814900628.29186 1394575933.78989 1936225569.45118 1841092223.82832 1713016228.53211 1466604421.5521 1874593773.3054 1445988672.20426 1554778194.79171 1016196116.02944 1225767510.13238 1167625167.31031 1458692739.96276 1466293517.36162 1870328478.16488 0 1105041622.2542 1392019288.93076 1016566396.21222 1373892221.3762 1007870328.51325 1999728155.72122 1660140994.68359 1586084550.96018 1244011605.31588 1237632275.62344 1106457356.24761 1142678282.72525 1853754879.5429 1154901479.10848 1991145242.4988 1354212971.69413 1264232159.60677 1882767623.38649 1589764274.79077 1797706414.06947 1231561741.15045 1217290483.87468 1532655785.85891 1711139306.54355 1032152227.09893 1689399536.54695 1295414204.56812 1036549493.63566 1990092179.82969 1811565199.05139 
1151228800.07271 1733394016.39122 1257489206.6908 1888429311.13081 1824326769.02393 1992545369.04075 1533563772.29028 1178962555.13507 1189021986.28499 1782441824.61194 1357138775.78042 1303337804.64222 1211328587.55508 1411498098.2505 1994223056.52408 1269177824.37801 1029526531.74858 1491354745.97987 1388859831.07255 1105041622.2542 0 1333566358.70692 1865859833.90111 1807701686.1741 1059948752.65176 1938448578.37586 1408817585.17755 1773898521.67025 1731135002.902 1314955861.38079 1765265282.91705 1472944303.16843 1251786880.89764 1179635768.10425 1086285301.92187 1768651812.46023 1722191511.71583 1947673818.67555 1517359530.96712 1766149089.49047 1282003795.1633 1914429891.77298 1057793002.6645 1976686308.58944 1398387233.45046 1797189672.13466 1625490176.25874 1290397216.29175 1720022637.38457 1414437270.31882 
1909612365.8286 1796741946.74302 1559257441.54564 1908778784.56745 1593835900.8286 1313948815.48436 1568688052.1147 1499361358.00822 1395058929.87861 1463669700.31053 1425067581.92945 1186721044.09254 1490793492.24236 1439314257.12714 1682715137.19089 1105948448.79781 1518381965.65953 1124815470.20199 1220227181.09366 1392019288.93076 1333566358.70692 0 1525286156.89745 1224214566.97732 1412587312.35418 1586910142.91767 1480245358.41909 1921845271.5034 1183820325.02924 1678386646.10148 1823498571.11196 1889439104.36021 1837174338.56562 1035271962.99612 1158588131.79599 1526995198.78112 1686024909.4731 1447820331.3923 1668136104.31687 1493392718.98339 1487976721.00833 1669386244.0167 1620633973.13728 1360101752.7557 1783160322.5566 1832895583.55934 1670711800.28389 1226799461.0074 1095003339.72783 1565418356.88663 
1228639794.69415 1788274714.45837 1870522772.9439 1984779810.22226 1756563698.64152 1170063455.10552 1767773105.73584 1586612796.31875 1218269537.7572 1142348410.68778 1171877662.53734 1273479984.11527 1244134315.49931 1728634965.55299 1248861757.19786 1772489614.18263 1201266217.5936 1124783530.75575 1561486576.07751 1016566396.21222 1865859833.90111 1525286156.89745 0 1403293138.90115 1467996387.24939 1585371072.76584 1779462308.25803 1779251798.54787 1836178447.59512 1290204681.5398 1911170810.10416 1803786894.50146 1856639537.77075 1838006842.06853 1773569911.50575 1142595578.07794 1000009944.1534 1323003964.28316 1719024599.42721 1238881680.11707 1822519428.84257 1580290586.67631 1292144841.00746 1641269338.65249 1203627265.9673 1682054659.56723 1243876971.20277 1718570669.51994 1832384274.32884 1537656684.39901 
1503125253.05793 1132664507.86504 1217106450.27506 1083372166.67683 1824990938.70862 1343382601.39985 1841131123.0835 1478526403.36308 1413227539.1899 1057609029.99438 1051958722.35259 1053106938.63344 1384073578.41939 1684018253.04552 1279710342.87956 1269269870.71674 1575781037.3213 1651453533.20943 1475338755.67937 1373892221.3762 1807701686.1741 1224214566.97732 1403293138.90115 0 1581904715.93964 1106977994.51234 1079042296.01907 1975924424.28044 1519948706.48266 1996535807.2012 1760356431.97028 1993158957.14722 1259682116.62348 1379269445.28641 1656765701.09282 1819458620.83486 1257976582.61972 1987688746.3434 1855247038.46888 1845139324.08914 1434082609.84182 1535824954.49253 1027552560.86507 1116672145.43004 1832157113.89841 1153165598.29315 1612231982.36538 1161779215.94786 1652056024.47447 1513061627.85931 
1434715482.4281 1010816945.51031 1057327164.27598 1136485797.48927 1888722108.1137 1745246471.99559 1898535670.27149 1356902266.57647 1989227648.22217 1410577928.94381 1636143219.5866 1194304141.03656 1789290171.61559 1382276376.61715 1996704124.67559 1393248590.9667 1228756753.36493 1043252060.61273 1624315580.33231 1007870328.51325 1059948752.65176 1412587312.35418 1467996387.24939 1581904715.93964 0 1703916560.29673 1048026865.77446 1984533462.53769 1402803761.60395 1971598603.74478 1603809681.63624 1787983378.44669 1326770588.34392 1308352019.01204 1126276759.36601 1420260349.68689 1815512873.85923 1524172331.89868 1010157380.72255 1383794680.50359 1235026560.12927 1526375301.09882 1799416600.13623 1837425646.95373 1826539504.72338 1774890115.63638 1999289864.01104 1767831435.72816 1315856671.87845 1495806419.15653 
1487921321.18021 1872582787.48831 1582963018.51863 1939270514.68005 1949944676.75103 1414833485.67998 1428965620.04671 1038882319.09472 1668995011.19507 1412216854.42303 1604267964.33301 1602259869.99158 1534818377.20016 1966225111.45011 1180414619.19163 1958062834.81289 1231158302.52194 1386166858.3078 1329416737.22216 1999728155.72122 1938448578.37586 1586910142.91767 1585371072.76584 1106977994.51234 1703916560.29673 0 1460774006.45063 1140083188.80795 1871652257.76644 1021702283.35071 1017806680.59403 1452438255.57365 1252711811.57865 1728698986.67331 1462001320.9181 1165448664.75923 1596171373.90883 1170629978.70698 1003330654.00702 1923472125.41051 1839309842.6657 1621867227.98074 1999959658.58007 1213631135.13125 1980907179.4003 1514488072.68523 1045588361.03804 1311968492.53724 1586410807.01299 1552033132.48861 
1098901223.45326 1749650901.46825 1390190240.07275 1274307475.76535 1404640375.05142 1707134651.57404 1670305981.06514 1078913110.08081 1930999134.18175 1557988679.12245 1127406008.11734 1002514472.85547 1823719570.64993 1124951667.73723 1108613309.02574 1349342113.45878 1627268830.19828 1213002404.77893 1296431136.73031 1660140994.68359 1408817585.17755 1480245358.41909 1779462308.25803 1079042296.01907 1048026865.77446 1460774006.45063 0 1638424372.57024 1246896654.45569 1319701130.36493 1024817908.48257 1053864249.62999 1968024623.11514 1493232300.38408 1522012898.91467 1546762988.93584 1994737115.44472 1941904884.83479 1389949713.09562 1677769479.74329 1119026688.21166 1540569299.19765 1299767552.13213 1321663087.17987 1773767233.17497 1960017558.94046 1030534734.99332 1536386960.19737 1600942337.00167 1422722422.31842 
1326308821.27213 1928104923.10731 1984653914.48723 1877243616.48142 1294349451.10057 1926745356.9293 1194679347.96881 1070387810.49581 1936655526.28101 1148884580.12117 1788165147.53793 1988407535.43115 1953483508.76265 1761649721.92162 1737707724.72313 1680867719.3811 1125815415.67566 1407283881.01821 1788839848.67133 1586084550.96018 1773898521.67025 1921845271.5034 1779251798.54787 1975924424.28044 1984533462.53769 1140083188.80795 1638424372.57024 0 1946046178.58361 1625355261.4859 1390383334.22092 1887588477.71116 1664144015.06812 1899140259.97423 1143825739.37946 1984691480.3134 1024882997.89417 1965222059.87038 1670927515.47196 1568750518.12281 1158860040.77799 1702711727.0853 1550809717.1434 1776739569.93527 1589396493.391 1980198545.26597 1968352306.67466 1031440118.14788 1681730039.57091 1911369051.57227 
1825235019.12921 1667762329.70575 1440687438.53107 1917575441.4557 1893935800.05653 1937896688.48753 1768750230.66273 1969250074.33947 1694772780.09663 1406795686.2532 1485345309.17689 1410059754.00624 1737058992.14039 1647069227.87148 1359044883.60238 1019948687.35354 1126174191.0311 1694738655.12261 1325788749.48079 1244011605.31588 1731135002.902 1183820325.02924 1836178447.59512 1519948706.48266 1402803761.60395 1871652257.76644 1246896654.45569 1946046178.58361 0 1548228324.82933 1990346562.28352 1125378739.9287 1223311954.41101 1693731037.73815 1735302322.36214 1794087450.95165 1233688005.31967 1981102152.89886 1550669263.62485 1644096451.46773 1236521830.60914 1324148696.45163 1786003993.55971 1006750096.07797 1223800991.27089 1539634565.61061 1760794008.14448 1797660989.75971 1032823941.51459 1242698492.96401 
1945028285.94345 1288734064.49214 1770804243.69785 1923430812.05989 1336692397.57858 1435402338.04844 1994866281.61566 1210305045.83215 1880324832.71578 1532364842.86409 1778916794.49301 1157363928.38021 1076414245.59772 1060388058.0692 1552567104.63828 1185581358.41633 1068687100.28845 1992419321.50499 1916718691.62005 1237632275.62344 1314955861.38079 1678386646.10148 1290204681.5398 1996535807.2012 1971598603.74478 1021702283.35071 1319701130.36493 1625355261.4859 1548228324.82933 0 1022136169.10417 1467612003.28149 1025637306.29567 1538983846.23711 1232730106.66073 1382187599.98788 1195042064.15812 1188034148.36487 1033810012.16936 1385914836.08358 1154215651.7667 1584249980.62099 1165149530.91378 1339668652.14732 1209350028.67901 1485678175.02366 1397556889.71386 1754306442.76 1573562456.05776 1074793351.62262 
1870250253.25209 1617443489.33781 1801394186.07438 1998290259.91924 1396029569.61425 1074864578.52124 1792531562.10326 1989644308.26044 1573127902.01609 1485378308.97854 1376543789.06263 1152736535.93968 1084328295.231 1335563300.58065 1814852632.6352 1874067709.85013 1563538118.01641 1832614199.58808 1974039956.76528 1106457356.24761 1765265282.91705 1823498571.11196 1911170810.10416 1760356431.97028 1603809681.63624 1017806680.59403 1024817908.48257 1390383334.22092 1990346562.28352 1022136169.10417 0 1492662186.30615 1185163452.8808 1136704640.32524 1155319180.61448 1018799307.13486 1029086638.59294 1023775397.48428 1640442665.41919 1184627812.38062 1532439773.97571 1088921767.82397 1778028529.4518 1409829991.38006 1677731579.42535 1059753426.33212 1310003143.30269 1121229240.46978 1045810437.22709 1488613192.44983 
1319993875.26164 1159968363.54255 1319322409.76306 1257216114.24835 1650684677.76758 1983544048.10653 1544413760.10942 1405084488.02045 1590064280.44445 1775537215.47219 1513298608.51506 1473845752.49334 1681852403.0929 1896090800.96636 1025546715.19812 1913696119.68397 1669951474.32974 1904268891.09083 1579264821.06102 1142678282.72525 1472944303.16843 1889439104.36021 1803786894.50146 1993158957.14722 1787983378.44669 1452438255.57365 1053864249.62999 1887588477.71116 1125378739.9287 1467612003.28149 1492662186.30615 0 1720921077.93269 1000139283.54464 1238317631.44526 1077249536.02602 1846099131.28078 1059510999.24937 1320927031.52076 1262617364.6042 1204676858.79056 1121853880.78866 1826572973.88838 1502679980.04033 1812796170.86829 1282312910.18366 1245186752.13442 1842866525.64253 1780982462.06295 1351453917.37349 
1389403228.63141 1162617819.82085 1817411594.13773 1534128904.95623 1698262452.34503 1307473740.22467 1080017873.05748 1325015145.02987 1446296357.24259 1361509743.52868 1210253529.91276 1055697114.29318 1423536914.8253 1173674631.16947 1605413738.35965 1355784232.76324 1143869831.09476 1156120895.09493 1122122253.95587 1853754879.5429 1251786880.89764 1837174338.56562 1856639537.77075 1259682116.62348 1326770588.34392 1252711811.57865 1968024623.11514 1664144015.06812 1223311954.41101 1025637306.29567 1185163452.8808 1720921077.93269 0 1440079690.46814 1633097877.2576 1281387002.87786 1635992818.64145 1042261954.39618 1987007082.5144 1588132230.12955 1580793532.5113 1722570145.8292 1000501039.41406 1088132908.90788 1988169241.59597 1903855887.03944 1074963486.5001 1860920455.09704 1273479677.23282 1128404015.71365 
1645967361.32138 1890761671.68587 1570237090.79291 1254192325.94883 1823111354.49881 1828584708.57428 1242535344.26127 1499635868.72929 1205418325.19735 1142484669.7431 1000882806.42632 1647401649.9192 1906997952.16257 1990762453.71215 1756722343.45934 1495233434.81182 1145898858.5857 1471341351.19447 1536200942.96047 1154901479.10848 1179635768.10425 1035271962.99612 1838006842.06853 1379269445.28641 1308352019.01204 1728698986.67331 1493232300.38408 1899140259.97423 1693731037.73815 1538983846.23711 1136704640.32524 1000139283.54464 1440079690.46814 0 1246653110.22264 1639189604.59505 1115095366.76038 1800374263.98589 1684336108.64651 1415161358.12351 1569102511.60375 1140894757.79838 1862344255.70146 1032280822.5058 1969350730.19132 1835769630.30854 1071867328.99586 1713849535.69824 1716573594.43508 1099583678.97574 
1803366844.93228 1802928957.41099 1276685800.34049 1628771679.64201 1569316676.67155 1386599744.66028 1719675978.34007 1612394025.32595 1031772274.1384 1569593589.41508 1466724658.42667 1662035235.33287 1161626276.3832 1355723783.25541 1986945221.15549 1913166761.37686 1406053178.74126 1535604872.62551 1203819809.67758 1991145242.4988 1086285301.92187 1158588131.79599 1773569911.50575 1656765701.09282 1126276759.36601 1462001320.9181 1522012898.91467 1143825739.37946 1735302322.36214 1232730106.66073 1155319180.61448 1238317631.44526 1633097877.2576 1246653110.22264 0 1437752055.25514 1856652395.71063 1234564620.51823 1854398317.86589 1160065185.37483 1416382875.19006 1960988149.95562 1090781457.02964 1086617657.7101 1016460009.28119 1215926153.27351 1004996926.21345 1621612109.33134 1481009385.65528 1811051487.36399 
1251350306.53344 1858726615.18304 1402934849.83699 1835055645.71805 1486430234.63235 1680342662.86406 1711534022.50862 1622263030.05918 1040189133.17689 1327963459.0028 1499458701.40987 1270966425.61935 1961560418.89879 1007688262.84456 1283480784.82121 1479623307.22888 1189722317.11691 1496965528.63921 1925902329.95832 1354212971.69413 1768651812.46023 1526995198.78112 1142595578.07794 1819458620.83486 1420260349.68689 1165448664.75923 1546762988.93584 1984691480.3134 1794087450.95165 1382187599.98788 1018799307.13486 1077249536.02602 1281387002.87786 1639189604.59505 1437752055.25514 0 1333482122.69109 1433869398.06333 1315983574.93894 1415233480.85792 1926881370.22806 1240617420.15863 1417955836.077 1599395540.85105 1912007154.45904 1035715048.84483 1346796866.94281 1507945395.2282 1043167701.14816 1782366918.51942 
1522718066.31474 1463095628.06841 1355256420.76395 1873682262.93155 1184428927.46172 1840149318.20492 1732784548.25484 1747743683.62552 1901949753.71021 1396454885.60415 1185973530.67644 1194904175.00552 1452440110.59668 1524515327.41388 1227647167.22993 1979801527.47484 1894894657.56204 1998428312.53624 1093147359.72156 1264232159.60677 1722191511.71583 1686024909.4731 1000009944.1534 1257976582.61972 1815512873.85923 1596171373.90883 1994737115.44472 1024882997.89417 1233688005.31967 1195042064.15812 1029086638.59294 1846099131.28078 1635992818.64145 1115095366.76038 1856652395.71063 1333482122.69109 0 1316920510.43095 1572700508.05626 1643342613.08784 1038572190.00677 1596640636.19277 1130397036.02707 1935040022.03901 1118189375.27108 1565425501.80746 1205999957.76901 1479467390.09046 1796482390.87801 1647862849.81369 
1418229201.03844 1985447688.90711 1536139762.59982 1802246350.53384 1003955164.64122 1833735541.72244 1859210959.12098 1951362844.10157 1352546225.82558 1464904181.65908 1419711585.73217 1337462733.85925 1501989009.23278 1576336127.84575 1786063543.01481 1000623142.08618 1772406483.05738 1279171150.26949 1984838350.76096 1882767623.38649 1947673818.67555 1447820331.3923 1323003964.28316 1987688746.3434 1524172331.89868 1170629978.70698 1941904884.83479 1965222059.87038 1981102152.89886 1188034148.36487 1023775397.48428 1059510999.24937 1042261954.39618 1800374263.98589 1234564620.51823 1433869398.06333 1316920510.43095 0 1912497813.81115 1277296088.19861 1718891143.32743 1800169162.93506 1550212189.92816 1902872541.94476 1761863843.10915 1514790932.58019 1987500325.44923 1881725892.79542 1190241390.0636 1871214798.82084 
1318814661.39862 1191074844.66717 1179712543.48925 1268577386.38697 1976024469.9347 1593309797.14075 1525610048.85124 1357808392.77924 1654366561.31259 1706909828.76886 1393811632.09034 1361362882.0934 1355389158.81439 1217989587.6452 1680511546.16208 1513368619.29268 1887567255.97567 1677664154.19151 1388065351.95031 1589764274.79077 1517359530.96712 1668136104.31687 1719024599.42721 1855247038.46888 1010157380.72255 1003330654.00702 1389949713.09562 1670927515.47196 1550669263.62485 1033810012.16936 1640442665.41919 1320927031.52076 1987007082.5144 1684336108.64651 1854398317.86589 1315983574.93894 1572700508.05626 1912497813.81115 0 1763099069.91443 1877633043.71737 1136646611.21391 1706145957.47813 1686200452.68012 1127226716.28185 1590378885.14174 1421106622.84586 1811980000.96044 1885069556.3722 1959497649.51733 
1317186028.03612 1761011623.85061 1794256324.25163 1248313493.56667 1908192255.92443 1254110903.83805 1172304788.01423 1229077831.49439 1559838808.50598 1847110251.86499 1825377533.0181 1733156786.26114 1934043070.30193 1775903575.98018 1536607285.54056 1601347260.32915 1639298930.83857 1863236422.97298 1429304663.99125 1797706414.06947 1766149089.49047 1493392718.98339 1238881680.11707 1845139324.08914 1383794680.50359 1923472125.41051 1677769479.74329 1568750518.12281 1644096451.46773 1385914836.08358 1184627812.38062 1262617364.6042 1588132230.12955 1415161358.12351 1160065185.37483 1415233480.85792 1643342613.08784 1277296088.19861 1763099069.91443 0 1533188612.6606 1957113711.25372 1448259167.4283 1123731849.5212 1766040368.55925 1732423130.42442 1040493577.91057 1743004919.87539 1964856789.53258 1610754292.23921 
1724342101.87893 1661843970.04367 1582800932.89794 1232881815.13773 1695793663.96658 1696389030.19828 1208421283.88484 1377510474.71135 1372048711.58946 1948546241.32039 1153453658.36562 1662461014.66541 1936374557.32022 1699875556.19054 1595711260.41725 1830826245.66044 1637967620.57991 1550913309.97135 1741882082.60214 1231561741.15045 1282003795.1633 1487976721.00833 1822519428.84257 1434082609.84182 1235026560.12927 1839309842.6657 1119026688.21166 1158860040.77799 1236521830.60914 1154215651.7667 1532439773.97571 1204676858.79056 1580793532.5113 1569102511.60375 1416382875.19006 1926881370.22806 1038572190.00677 1718891143.32743 1877633043.71737 1533188612.6606 0 1921434823.6209 1674805647.73857 1569292912.55385 1585841713.22823 1474306692.63191 1021913515.9541 1676704734.52624 1399972807.46609 1577829035.51663 
1137194776.26121 1240572937.82109 1973545787.88085 1006530982.92359 1782450577.97018 1249564375.83157 1231572812.61108 1946475153.43465 1558680289.63898 1399904259.15596 1060782234.09823 1733400003.72873 1667549389.08988 1298591325.77522 1983870637.11474 1506305819.73256 1818784035.89745 1728432912.08344 1207071234.67722 1217290483.87468 1914429891.77298 1669386244.0167 1580290586.67631 1535824954.49253 1526375301.09882 1621867227.98074 1540569299.19765 1702711727.0853 1324148696.45163 1584249980.62099 1088921767.82397 1121853880.78866 1722570145.8292 1140894757.79838 1960988149.95562 1240617420.15863 1596640636.19277 1800169162.93506 1136646611.21391 1957113711.25372 1921434823.6209 0 1009131833.33973 1359400941.1908 1102221706.14432 1604977778.8455 1733479952.04005 1438624101.79287 1959986338.82916 1770943964.9695 
1877908747.25608 1647338366.08044 1816873871.22644 1033032343.10985 1683057087.2842 1025100201.91534 1351313170.46039 1690111491.64683 1517131575.16366 1579706085.8315 1131061091.51875 1081371081.19668 1247958407.28106 1482827452.63571 1657249641.50763 1851484342.48403 1408163891.89704 1638094591.56121 1105167592.38385 1532655785.85891 1057793002.6645 1620633973.13728 1292144841.00746 1027552560.86507 1799416600.13623 1999959658.58007 1299767552.13213 1550809717.1434 1786003993.55971 1165149530.91378 1778028529.4518 1826572973.88838 1000501039.41406 1862344255.70146 1090781457.02964 1417955836.077 1130397036.02707 1550212189.92816 1706145957.47813 1448259167.4283 1674805647.73857 1009131833.33973 0 1124675951.96325 1473053905.52325 1488474798.78225 1783371542.45389 1657208707.22484 1555353213.16968 1016247862.47439 
1822035444.93442 1252805554.86107 1322443663.2618 1091800892.42256 1060862872.22022 1737509563.1036 1941461856.69248 1242799105.9607 1672807814.31775 1269976435.76708 1962128918.5841 1933708344.00124 1318870192.54415 1184170485.11618 1323808995.15201 1576590175.11653 1105576222.4423 1459001633.91417 1481478841.04278 1711139306.54355 1976686308.58944 1360101752.7557 1641269338.65249 1116672145.43004 1837425646.95373 1213631135.13125 1321663087.17987 1776739569.93527 1006750096.07797 1339668652.14732 1409829991.38006 1502679980.04033 1088132908.90788 1032280822.5058 1086617657.7101 1599395540.85105 1935040022.03901 1902872541.94476 1686200452.68012 1123731849.5212 1569292912.55385 1359400941.1908 1124675951.96325 0 1159237233.35478 1031440112.74286 1271634931.72461 1777821363.87663 1705811866.88142 1403652350.42259 
1425103082.445 1901073338.15384 1518491075.85006 1565916901.32183 1457527854.52118 1854689349.05652 1833343290.34843 1689990340.34003 1198649582.4026 1797756495.97643 1747423438.70583 1981332938.41522 1189757923.37182 1109696923.46537 1826634436.18115 1312944306.92126 1342113866.02922 1046325320.70306 1799548990.8088 1032152227.09893 1398387233.45046 1783160322.5566 1203627265.9673 1832157113.89841 1826539504.72338 1980907179.4003 1773767233.17497 1589396493.391 1223800991.27089 1209350028.67901 1677731579.42535 1812796170.86829 1988169241.59597 1969350730.19132 1016460009.28119 1912007154.45904 1118189375.27108 1761863843.10915 1127226716.28185 1766040368.55925 1585841713.22823 1102221706.14432 1473053905.52325 1159237233.35478 0 1252556332.4876 1728666773.55981 1952568883.16058 1058993164.21995 1113025576.10853 
1431947835.40232 1856281270.78275 1983382078.79415 1968986970.68915 1942133888.69629 1543709510.47916 1602029505.13222 1756160288.83428 1915348509.15174 1498381740.7832 1992937375.50426 1285450496.69953 1312511190.38747 1303617058.31516 1090613135.19823 1907630236.61632 1493472248.33197 1433931515.76062 1758274665.94231 1689399536.54695 1797189672.13466 1832895583.55934 1682054659.56723 1153165598.29315 1774890115.63638 1514488072.68523 1960017558.94046 1980198545.26597 1539634565.61061 1485678175.02366 1059753426.33212 1282312910.18366 1903855887.03944 1835769630.30854 1215926153.27351 1035715048.84483 1565425501.80746 1514790932.58019 1590378885.14174 1732423130.42442 1474306692.63191 1604977778.8455 1488474798.78225 1031440112.74286 1252556332.4876 0 1205088088.49989 1898921761.75417 1142399157.75463 1679190297.26202 
1914108406.91401 1501432350.53779 1759214718.15917 1574176228.40872 1928317545.58037 1432643917.71522 1471397904.17435 1992035132.51162 1377427500.88763 1256808842.46726 1746259016.90201 1601957771.80455 1605004693.30374 1654819934.51467 1511435566.64293 1457971438.47495 1947503078.26506 1752392861.48611 1875836424.78493 1295414204.56812 1625490176.25874 1670711800.28389 1243876971.20277 1612231982.36538 1999289864.01104 1045588361.03804 1030534734.99332 1968352306.67466 1760794008.14448 1397556889.71386 1310003143.30269 1245186752.13442 1074963486.5001 1071867328.99586 1004996926.21345 1346796866.94281 1205999957.76901 1987500325.44923 1421106622.84586 1040493577.91057 1021913515.9541 1733479952.04005 1783371542.45389 1271634931.72461 1728666773.55981 1205088088.49989 0 1406529062.23514 1356949679.08065 1979609470.72517 
