26
0x16 0x31 0x17 0x25 0x1 0x2a 0x13 0x4 0x2f 0x1b 0x28 0x6 0xc 0x10 0x24 0x22 0xf 0x29 0x26 0x19 0xe 0x2e 0x1c 0x1d 0x18 0x15
0 265879.0 225381.0 155775.0 241418.0 205998.0 276556.0 203537.0 126220.0 212974.0 397389.0 306633.0 140599.0 219724.0 234585.0 227960.0 134350.0 318019.0 135847.0 240579.0 174647.0 266716.0 146971.0 249897.0 71758.0 11080.0 
265879.0 0 291752.0 167074.0 507297.0 348148.0 542435.0 111684.0 139659.0 121121.0 663268.0 572512.0 360898.0 127871.0 454884.0 136107.0 354649.0 538318.0 396979.0 460878.0 241018.0 532595.0 367270.0 467585.0 337637.0 254799.0 
225381.0 291752.0 0 174635.0 466799.0 336612.0 501937.0 229410.0 152093.0 238847.0 622770.0 532014.0 320400.0 245597.0 414386.0 253833.0 314151.0 497820.0 361228.0 420380.0 50734.0 458474.0 326772.0 429698.0 297139.0 214301.0 
155775.0 167074.0 174635.0 0 397193.0 299301.0 379886.0 106872.0 29555.0 116309.0 553164.0 462408.0 250794.0 123059.0 344780.0 125949.0 244545.0 428214.0 291622.0 350774.0 130914.0 381035.0 257166.0 360092.0 227533.0 144695.0 
241418.0 507297.0 466799.0 397193.0 0 447416.0 35138.0 444955.0 367638.0 454392.0 155971.0 65215.0 382017.0 461142.0 476003.0 469378.0 375768.0 559437.0 233749.0 481997.0 416065.0 25298.0 388389.0 491315.0 169660.0 252498.0 
205998.0 348148.0 336612.0 299301.0 447416.0 0 482554.0 363955.0 286638.0 373392.0 603387.0 512631.0 65399.0 380142.0 171883.0 388378.0 71648.0 196266.0 341845.0 118826.0 335065.0 453452.0 84269.0 187195.0 277756.0 194918.0 
276556.0 542435.0 501937.0 379886.0 35138.0 482554.0 0 480093.0 402776.0 489530.0 191109.0 100353.0 417155.0 496280.0 511141.0 453181.0 410906.0 594575.0 268887.0 517135.0 451203.0 60436.0 423527.0 524583.0 204798.0 287636.0 
203537.0 111684.0 229410.0 106872.0 444955.0 363955.0 480093.0 0 77317.0 9437.0 600926.0 510170.0 298556.0 65529.0 392542.0 73765.0 292307.0 475976.0 339384.0 398536.0 178676.0 470253.0 304928.0 407854.0 275295.0 192457.0 
126220.0 139659.0 152093.0 29555.0 367638.0 286638.0 402776.0 77317.0 0 86754.0 523609.0 432853.0 221239.0 93504.0 315225.0 101740.0 214990.0 398659.0 262067.0 321219.0 101359.0 392936.0 227611.0 330537.0 197978.0 115140.0 
212974.0 121121.0 238847.0 116309.0 454392.0 373392.0 489530.0 9437.0 86754.0 0 610363.0 519607.0 307993.0 74966.0 401979.0 83202.0 301744.0 485413.0 348821.0 407973.0 188113.0 479690.0 314365.0 417291.0 284732.0 201894.0 
397389.0 663268.0 622770.0 553164.0 155971.0 603387.0 191109.0 600926.0 523609.0 610363.0 0 90756.0 537988.0 617113.0 631974.0 548951.0 531739.0 715408.0 389720.0 637968.0 572036.0 179672.0 544360.0 646387.0 325631.0 408469.0 
306633.0 572512.0 532014.0 462408.0 65215.0 512631.0 100353.0 510170.0 432853.0 519607.0 90756.0 0 447232.0 526357.0 541218.0 534593.0 440983.0 624652.0 298964.0 547212.0 481280.0 90513.0 453604.0 556530.0 234875.0 317713.0 
140599.0 360898.0 320400.0 250794.0 382017.0 65399.0 417155.0 298556.0 221239.0 307993.0 537988.0 447232.0 0 314743.0 106484.0 322979.0 6249.0 189918.0 276446.0 112478.0 269666.0 407315.0 18870.0 121796.0 212357.0 129519.0 
219724.0 127871.0 245597.0 123059.0 461142.0 380142.0 496280.0 65529.0 93504.0 74966.0 617113.0 526357.0 314743.0 0 408729.0 89952.0 308494.0 492163.0 355571.0 414723.0 194863.0 486440.0 321115.0 424041.0 291482.0 208644.0 
234585.0 454884.0 414386.0 344780.0 476003.0 171883.0 511141.0 392542.0 315225.0 401979.0 631974.0 541218.0 106484.0 408729.0 0 416965.0 100235.0 283904.0 370432.0 206464.0 363652.0 501301.0 87614.0 15312.0 306343.0 223505.0 
227960.0 136107.0 253833.0 125949.0 469378.0 388378.0 453181.0 73765.0 101740.0 83202.0 548951.0 534593.0 322979.0 89952.0 416965.0 0 316730.0 500399.0 363807.0 422959.0 203099.0 494676.0 329351.0 432277.0 299718.0 216880.0 
134350.0 354649.0 314151.0 244545.0 375768.0 71648.0 410906.0 292307.0 214990.0 301744.0 531739.0 440983.0 6249.0 308494.0 100235.0 316730.0 0 183669.0 270197.0 106229.0 263417.0 401066.0 12621.0 115547.0 206108.0 123270.0 
318019.0 538318.0 497820.0 428214.0 559437.0 196266.0 594575.0 475976.0 398659.0 485413.0 715408.0 624652.0 189918.0 492163.0 283904.0 500399.0 183669.0 0 448161.0 77440.0 447086.0 537394.0 196290.0 299216.0 389777.0 306939.0 
135847.0 396979.0 361228.0 291622.0 233749.0 341845.0 268887.0 339384.0 262067.0 348821.0 389720.0 298964.0 276446.0 355571.0 370432.0 363807.0 270197.0 448161.0 0 370721.0 310494.0 213547.0 282818.0 385633.0 64089.0 146927.0 
240579.0 460878.0 420380.0 350774.0 481997.0 118826.0 517135.0 398536.0 321219.0 407973.0 637968.0 547212.0 112478.0 414723.0 206464.0 422959.0 106229.0 77440.0 370721.0 0 369646.0 507295.0 118850.0 221776.0 312337.0 229499.0 
174647.0 241018.0 50734.0 130914.0 416065.0 335065.0 451203.0 178676.0 101359.0 188113.0 572036.0 481280.0 269666.0 194863.0 363652.0 203099.0 263417.0 447086.0 310494.0 369646.0 0 441363.0 276038.0 378964.0 246405.0 163567.0 
266716.0 532595.0 458474.0 381035.0 25298.0 453452.0 60436.0 470253.0 392936.0 479690.0 179672.0 90513.0 407315.0 486440.0 501301.0 494676.0 401066.0 537394.0 213547.0 507295.0 441363.0 0 413687.0 516613.0 194958.0 277796.0 
146971.0 367270.0 326772.0 257166.0 388389.0 84269.0 423527.0 304928.0 227611.0 314365.0 544360.0 453604.0 18870.0 321115.0 87614.0 329351.0 12621.0 196290.0 282818.0 118850.0 276038.0 413687.0 0 102926.0 218729.0 135891.0 
249897.0 467585.0 429698.0 360092.0 491315.0 187195.0 524583.0 407854.0 330537.0 417291.0 646387.0 556530.0 121796.0 424041.0 15312.0 432277.0 115547.0 299216.0 385633.0 221776.0 378964.0 516613.0 102926.0 0 321655.0 238817.0 
71758.0 337637.0 297139.0 227533.0 169660.0 277756.0 204798.0 275295.0 197978.0 284732.0 325631.0 234875.0 212357.0 291482.0 306343.0 299718.0 206108.0 389777.0 64089.0 312337.0 246405.0 194958.0 218729.0 321655.0 0 82838.0 
11080.0 254799.0 214301.0 144695.0 252498.0 194918.0 287636.0 192457.0 115140.0 201894.0 408469.0 317713.0 129519.0 208644.0 223505.0 216880.0 123270.0 306939.0 146927.0 229499.0 163567.0 277796.0 135891.0 238817.0 82838.0 0 
