51
0x20 0x2c 0x55 0x32 0x48 0x3b 0x1c 0x1f 0x50 0x63 0x17 0x35 0x5e 0x4d 0x4f 0x4 0x13 0x59 0x5a 0x3c 0x10 0x1b 0xc 0x52 0x5f 0x14 0x1d 0x5 0x27 0x2e 0x4b 0x9 0x31 0x45 0xb 0x62 0x56 0x3d 0x61 0x1e 0x57 0x21 0x41 0x2a 0x39 0x2 0x11 0x4e 0x2d 0x53 0x4a
0 172871.0 219202.0 499478.0 353747.0 319227.0 275403.0 380684.0 430218.0 358253.0 194535.0 373496.0 251982.0 738631.0 507729.0 580793.0 471372.0 389312.0 480556.0 196459.0 271220.0 255047.0 259389.0 483839.0 450699.0 447229.0 432018.0 547443.0 447722.0 519970.0 580146.0 472326.0 452764.0 447722.0 199407.0 331457.0 408867.0 586319.0 521967.0 591531.0 516765.0 643136.0 539895.0 601849.0 622232.0 611844.0 557294.0 382203.0 568841.0 308554.0 524718.0 
172871.0 0 223811.0 504087.0 358356.0 323836.0 102532.0 385293.0 434827.0 362862.0 199144.0 378105.0 256591.0 743240.0 512338.0 585402.0 475981.0 393921.0 485165.0 23588.0 275829.0 82176.0 86518.0 488448.0 455308.0 451838.0 436627.0 552052.0 452331.0 524579.0 584755.0 476935.0 457373.0 452331.0 26536.0 336066.0 413476.0 590928.0 526576.0 596140.0 521374.0 647745.0 544504.0 606458.0 626841.0 616453.0 561903.0 386812.0 573450.0 313163.0 529327.0 
219202.0 223811.0 0 280276.0 134545.0 100025.0 326343.0 293774.0 211016.0 271343.0 107625.0 154294.0 165072.0 519429.0 288527.0 361591.0 252170.0 170110.0 393646.0 247399.0 52018.0 305987.0 310329.0 264637.0 231497.0 228027.0 345108.0 328241.0 228520.0 300768.0 493236.0 253124.0 365854.0 228520.0 250347.0 244547.0 189665.0 367117.0 302765.0 372329.0 297563.0 423934.0 320693.0 382647.0 403030.0 392642.0 338092.0 295293.0 349639.0 221644.0 437808.0 
499478.0 504087.0 280276.0 0 414821.0 276265.0 606619.0 574050.0 69260.0 551619.0 387901.0 189782.0 445348.0 554917.0 324015.0 350743.0 287658.0 450386.0 570301.0 527675.0 228258.0 586263.0 590605.0 526883.0 266976.0 263515.0 625384.0 363729.0 490766.0 563014.0 773512.0 288612.0 646130.0 264008.0 530623.0 524823.0 451911.0 402605.0 565011.0 407817.0 333051.0 459422.0 356181.0 289787.0 438518.0 362017.0 373580.0 553645.0 385127.0 501920.0 718084.0 
353747.0 358356.0 134545.0 414821.0 0 234570.0 460888.0 428319.0 345561.0 405888.0 242170.0 288839.0 299617.0 653974.0 423072.0 496136.0 386715.0 267644.0 528191.0 381944.0 186563.0 440532.0 444874.0 365536.0 366042.0 362572.0 479653.0 462786.0 329419.0 401667.0 627781.0 387669.0 500399.0 363065.0 384892.0 379092.0 290564.0 501662.0 403664.0 506874.0 432108.0 558479.0 455238.0 517192.0 537575.0 527187.0 472637.0 429838.0 484184.0 356189.0 572353.0 
319227.0 323836.0 100025.0 276265.0 234570.0 0 396996.0 393799.0 207005.0 371368.0 207650.0 150283.0 265097.0 515418.0 284516.0 357580.0 248159.0 270135.0 493671.0 347424.0 48007.0 406012.0 385269.0 346632.0 227486.0 224016.0 445133.0 324230.0 310515.0 381519.0 593261.0 249113.0 443580.0 224509.0 350372.0 344572.0 271660.0 363106.0 379939.0 306601.0 293552.0 419923.0 316682.0 378636.0 399019.0 388631.0 334081.0 395318.0 345628.0 321669.0 537833.0 
275403.0 102532.0 326343.0 606619.0 460888.0 396996.0 0 487825.0 537359.0 465394.0 301676.0 480637.0 359123.0 845772.0 614870.0 686158.0 553915.0 496453.0 555809.0 126120.0 378361.0 184708.0 16014.0 590980.0 555265.0 554370.0 539159.0 654584.0 554863.0 627111.0 687287.0 579467.0 559905.0 554863.0 75996.0 438598.0 516008.0 691183.0 629108.0 687112.0 623906.0 750277.0 647036.0 698227.0 729373.0 718985.0 664435.0 489344.0 675982.0 391996.0 631859.0 
380684.0 385293.0 293774.0 574050.0 428319.0 393799.0 487825.0 0 504790.0 50905.0 186149.0 448068.0 326554.0 783030.0 582301.0 655365.0 545944.0 458943.0 335626.0 408881.0 345792.0 467469.0 471811.0 558411.0 525271.0 521801.0 124670.0 622015.0 522294.0 594542.0 272798.0 546898.0 307834.0 522294.0 411829.0 406029.0 483439.0 628439.0 596539.0 666103.0 591337.0 680881.0 614467.0 676421.0 696804.0 681292.0 631866.0 74855.0 643413.0 372709.0 217370.0 
430218.0 434827.0 211016.0 69260.0 345561.0 207005.0 537359.0 504790.0 0 482359.0 318641.0 120522.0 376088.0 485657.0 254755.0 327819.0 218398.0 381126.0 604662.0 458415.0 158998.0 517003.0 521345.0 457623.0 197725.0 194255.0 556124.0 294469.0 421506.0 493754.0 704252.0 219352.0 576870.0 194748.0 461363.0 455563.0 382651.0 333345.0 495751.0 338557.0 263791.0 390162.0 286921.0 348875.0 369258.0 358870.0 304320.0 506309.0 315867.0 432660.0 648824.0 
358253.0 362862.0 271343.0 551619.0 405888.0 371368.0 465394.0 50905.0 482359.0 0 163718.0 425637.0 304123.0 790772.0 559870.0 632934.0 523513.0 441453.0 313195.0 386450.0 323361.0 445038.0 449380.0 535980.0 502840.0 499370.0 73765.0 599584.0 499863.0 572111.0 221893.0 524467.0 285403.0 499863.0 389398.0 383598.0 461008.0 638460.0 574108.0 643672.0 568906.0 695277.0 592036.0 653990.0 674373.0 663985.0 609435.0 52424.0 620982.0 360695.0 166465.0 
194535.0 199144.0 107625.0 387901.0 242170.0 207650.0 301676.0 186149.0 318641.0 163718.0 0 261919.0 140405.0 627054.0 396152.0 469216.0 359795.0 277735.0 286021.0 222732.0 159643.0 281320.0 285662.0 372262.0 339122.0 335652.0 237483.0 435866.0 336145.0 408393.0 385611.0 360749.0 258229.0 336145.0 225680.0 219880.0 297290.0 474742.0 410390.0 479954.0 405188.0 531559.0 428318.0 490272.0 510655.0 500267.0 445717.0 187668.0 457264.0 196977.0 330183.0 
373496.0 378105.0 154294.0 189782.0 288839.0 150283.0 480637.0 448068.0 120522.0 425637.0 261919.0 0 319366.0 365135.0 134233.0 207297.0 97876.0 324404.0 547940.0 401693.0 102276.0 460281.0 464623.0 400901.0 77203.0 73733.0 499402.0 173947.0 364784.0 437032.0 647530.0 98830.0 520148.0 74226.0 404641.0 398841.0 325929.0 212823.0 439029.0 218035.0 143269.0 269640.0 166399.0 228353.0 248736.0 238348.0 183798.0 449587.0 195345.0 375938.0 592102.0 
251982.0 256591.0 165072.0 445348.0 299617.0 265097.0 359123.0 326554.0 376088.0 304123.0 140405.0 319366.0 0 684501.0 453599.0 526663.0 417242.0 335182.0 426426.0 280179.0 217090.0 338767.0 343109.0 429709.0 396569.0 393099.0 377888.0 493313.0 393592.0 465840.0 526016.0 418196.0 398634.0 393592.0 283127.0 79475.0 354737.0 532189.0 467837.0 537401.0 462635.0 589006.0 485765.0 547719.0 568102.0 557714.0 503164.0 328073.0 514711.0 94318.0 470588.0 
738631.0 743240.0 519429.0 554917.0 653974.0 515418.0 845772.0 783030.0 485657.0 790772.0 627054.0 365135.0 684501.0 0 499368.0 204527.0 463011.0 689539.0 913075.0 766828.0 467411.0 825416.0 829758.0 766036.0 442338.0 438868.0 864537.0 539082.0 729919.0 802167.0 1012665.0 463965.0 885283.0 439361.0 769776.0 763976.0 691064.0 474990.0 804164.0 583170.0 405436.0 634775.0 531534.0 593488.0 116399.0 603483.0 548933.0 814722.0 560480.0 676139.0 957237.0 
507729.0 512338.0 288527.0 324015.0 423072.0 284516.0 614870.0 582301.0 254755.0 559870.0 396152.0 134233.0 453599.0 499368.0 0 341530.0 231851.0 458637.0 682173.0 535926.0 236509.0 594514.0 598856.0 535134.0 63970.0 60500.0 633635.0 308180.0 499017.0 571265.0 781763.0 233063.0 654381.0 60007.0 538874.0 533074.0 460162.0 347056.0 573262.0 83802.0 277502.0 135407.0 152180.0 94120.0 382969.0 372581.0 49565.0 583820.0 182112.0 510171.0 726335.0 
580793.0 585402.0 361591.0 350743.0 496136.0 357580.0 686158.0 655365.0 327819.0 632934.0 469216.0 207297.0 526663.0 204527.0 341530.0 0 305173.0 531701.0 755237.0 608990.0 309573.0 667578.0 671920.0 608198.0 280582.0 281030.0 706699.0 381244.0 572081.0 644329.0 854827.0 306127.0 727445.0 281523.0 611938.0 606138.0 533226.0 317152.0 646326.0 425332.0 247598.0 476937.0 373696.0 435650.0 105973.0 445645.0 391095.0 641945.0 362875.0 583235.0 799399.0 
471372.0 475981.0 252170.0 287658.0 386715.0 248159.0 553915.0 545944.0 218398.0 523513.0 359795.0 97876.0 417242.0 463011.0 231851.0 305173.0 0 422280.0 645816.0 499569.0 200152.0 558157.0 562499.0 498777.0 174821.0 171351.0 597278.0 271823.0 462660.0 534908.0 745406.0 196706.0 578081.0 171844.0 502517.0 496717.0 423805.0 310699.0 469265.0 315653.0 241145.0 365430.0 264017.0 325971.0 346612.0 336224.0 281416.0 547463.0 173948.0 473814.0 689978.0 
389312.0 393921.0 170110.0 450386.0 267644.0 270135.0 496453.0 458943.0 381126.0 441453.0 277735.0 324404.0 335182.0 689539.0 458637.0 531701.0 422280.0 0 563756.0 417509.0 222128.0 476097.0 480439.0 250401.0 401607.0 398137.0 515218.0 498351.0 214284.0 286532.0 663346.0 423234.0 431581.0 398630.0 420457.0 414657.0 175429.0 537227.0 288529.0 542439.0 467673.0 585575.0 490803.0 552757.0 573140.0 562752.0 508202.0 465403.0 519749.0 391754.0 607918.0 
480556.0 485165.0 393646.0 570301.0 528191.0 493671.0 555809.0 335626.0 604662.0 313195.0 286021.0 547940.0 426426.0 913075.0 682173.0 755237.0 645816.0 563756.0 0 508753.0 445664.0 526334.0 571683.0 658283.0 625143.0 621673.0 386960.0 721887.0 622166.0 694414.0 535088.0 646770.0 215738.0 622166.0 511701.0 505901.0 583311.0 757876.0 659753.0 765975.0 691209.0 817580.0 714339.0 776293.0 796676.0 667660.0 731738.0 271887.0 701572.0 482998.0 479660.0 
196459.0 23588.0 247399.0 527675.0 381944.0 347424.0 126120.0 408881.0 458415.0 386450.0 222732.0 401693.0 280179.0 766828.0 535926.0 608990.0 499569.0 417509.0 508753.0 0 299417.0 58588.0 110106.0 512036.0 478896.0 475426.0 460215.0 575640.0 475919.0 548167.0 608343.0 500523.0 480961.0 475919.0 50124.0 359654.0 437064.0 614516.0 550164.0 619728.0 544962.0 671333.0 568092.0 630046.0 650429.0 640041.0 585491.0 410400.0 597038.0 336751.0 552915.0 
271220.0 275829.0 52018.0 228258.0 186563.0 48007.0 378361.0 345792.0 158998.0 323361.0 159643.0 102276.0 217090.0 467411.0 236509.0 309573.0 200152.0 222128.0 445664.0 299417.0 0 358005.0 362347.0 298625.0 179479.0 176009.0 397126.0 276223.0 262508.0 334756.0 545254.0 201106.0 417872.0 176502.0 302365.0 296565.0 223653.0 315099.0 336753.0 320311.0 245545.0 371916.0 268675.0 330629.0 351012.0 340624.0 286074.0 347311.0 297621.0 273662.0 489826.0 
255047.0 82176.0 305987.0 586263.0 440532.0 406012.0 184708.0 467469.0 517003.0 445038.0 281320.0 460281.0 338767.0 825416.0 594514.0 667578.0 558157.0 476097.0 526334.0 58588.0 358005.0 0 168694.0 570624.0 537484.0 534014.0 518803.0 634228.0 534507.0 606755.0 666931.0 559111.0 539549.0 534507.0 108712.0 418242.0 495652.0 673104.0 600451.0 668083.0 603550.0 729921.0 626680.0 688634.0 709017.0 698629.0 644079.0 468988.0 655626.0 395339.0 611503.0 
259389.0 86518.0 310329.0 590605.0 444874.0 385269.0 16014.0 471811.0 521345.0 449380.0 285662.0 464623.0 343109.0 829758.0 598856.0 671920.0 562499.0 480439.0 571683.0 110106.0 362347.0 168694.0 0 574966.0 541826.0 538356.0 523145.0 638570.0 538849.0 611097.0 671273.0 563453.0 543891.0 538849.0 59982.0 422584.0 499994.0 677446.0 613094.0 682658.0 607892.0 734263.0 631022.0 692976.0 713359.0 702971.0 648421.0 473330.0 659968.0 387427.0 615845.0 
483839.0 488448.0 264637.0 526883.0 365536.0 346632.0 590980.0 558411.0 457623.0 535980.0 372262.0 400901.0 429709.0 766036.0 535134.0 608198.0 498777.0 250401.0 658283.0 512036.0 298625.0 570624.0 574966.0 0 478104.0 474634.0 609745.0 574848.0 36117.0 108365.0 757873.0 499731.0 630491.0 475127.0 514984.0 509184.0 74972.0 613724.0 110362.0 618936.0 544170.0 670541.0 567300.0 629254.0 649637.0 639249.0 584699.0 559930.0 596246.0 486281.0 702445.0 
450699.0 455308.0 231497.0 266976.0 366042.0 227486.0 555265.0 525271.0 197725.0 502840.0 339122.0 77203.0 396569.0 442338.0 63970.0 280582.0 174821.0 401607.0 625143.0 478896.0 179479.0 537484.0 541826.0 478104.0 0 3470.0 576605.0 251150.0 441987.0 514235.0 724733.0 176033.0 596987.0 3963.0 481844.0 476044.0 403132.0 290026.0 516232.0 147772.0 220472.0 199377.0 96136.0 158090.0 325939.0 315551.0 113535.0 526790.0 125082.0 453141.0 669305.0 
447229.0 451838.0 228027.0 263515.0 362572.0 224016.0 554370.0 521801.0 194255.0 499370.0 335652.0 73733.0 393099.0 438868.0 60500.0 281030.0 171351.0 398137.0 621673.0 475426.0 176009.0 534014.0 538356.0 474634.0 3470.0 0 573135.0 247680.0 438517.0 510765.0 721263.0 172563.0 593881.0 493.0 478374.0 472574.0 399662.0 286556.0 512762.0 144302.0 217002.0 195907.0 92666.0 154620.0 322469.0 312081.0 110065.0 523320.0 121612.0 449671.0 665835.0 
432018.0 436627.0 345108.0 625384.0 479653.0 445133.0 539159.0 124670.0 556124.0 73765.0 237483.0 499402.0 377888.0 864537.0 633635.0 706699.0 597278.0 515218.0 386960.0 460215.0 397126.0 518803.0 523145.0 609745.0 576605.0 573135.0 0 673349.0 573628.0 645876.0 148128.0 598232.0 359168.0 573628.0 463163.0 457363.0 534773.0 712225.0 647873.0 717437.0 642671.0 769042.0 665801.0 727755.0 748138.0 737750.0 683200.0 126189.0 694747.0 434460.0 92700.0 
547443.0 552052.0 328241.0 363729.0 462786.0 324230.0 654584.0 622015.0 294469.0 599584.0 435866.0 173947.0 493313.0 539082.0 308180.0 381244.0 271823.0 498351.0 721887.0 575640.0 276223.0 634228.0 638570.0 574848.0 251150.0 247680.0 673349.0 0 538731.0 610979.0 821477.0 75117.0 694095.0 248173.0 578588.0 572788.0 499876.0 386770.0 612976.0 391982.0 317216.0 443587.0 340346.0 402300.0 422683.0 64401.0 357745.0 623534.0 369292.0 549885.0 766049.0 
447722.0 452331.0 228520.0 490766.0 329419.0 310515.0 554863.0 522294.0 421506.0 499863.0 336145.0 364784.0 393592.0 729919.0 499017.0 572081.0 462660.0 214284.0 622166.0 475919.0 262508.0 534507.0 538849.0 36117.0 441987.0 438517.0 573628.0 538731.0 0 72248.0 721756.0 463614.0 594374.0 439010.0 478867.0 473067.0 38855.0 577607.0 74245.0 582819.0 508053.0 634424.0 531183.0 593137.0 613520.0 603132.0 548582.0 523813.0 560129.0 450164.0 666328.0 
519970.0 524579.0 300768.0 563014.0 401667.0 381519.0 627111.0 594542.0 493754.0 572111.0 408393.0 437032.0 465840.0 802167.0 571265.0 644329.0 534908.0 286532.0 694414.0 548167.0 334756.0 606755.0 611097.0 108365.0 514235.0 510765.0 645876.0 610979.0 72248.0 0 794004.0 535862.0 666622.0 511258.0 551115.0 545315.0 111103.0 649855.0 88119.0 655067.0 580301.0 706672.0 603431.0 665385.0 685768.0 675380.0 620830.0 589957.0 632377.0 522412.0 738576.0 
580146.0 584755.0 493236.0 773512.0 627781.0 593261.0 687287.0 272798.0 704252.0 221893.0 385611.0 647530.0 526016.0 1012665.0 781763.0 854827.0 745406.0 663346.0 535088.0 608343.0 545254.0 666931.0 671273.0 757873.0 724733.0 721263.0 148128.0 821477.0 721756.0 794004.0 0 746360.0 507296.0 721756.0 611291.0 605491.0 682901.0 860353.0 796001.0 865565.0 790799.0 917170.0 813929.0 875883.0 896266.0 885878.0 831328.0 274317.0 754839.0 582588.0 55428.0 
472326.0 476935.0 253124.0 288612.0 387669.0 249113.0 579467.0 546898.0 219352.0 524467.0 360749.0 98830.0 418196.0 463965.0 233063.0 306127.0 196706.0 423234.0 646770.0 500523.0 201106.0 559111.0 563453.0 499731.0 176033.0 172563.0 598232.0 75117.0 463614.0 535862.0 746360.0 0 618978.0 173056.0 503471.0 497671.0 424759.0 311653.0 537859.0 316865.0 242099.0 368470.0 265229.0 327183.0 347566.0 139518.0 282628.0 548417.0 294175.0 474768.0 690932.0 
452764.0 457373.0 365854.0 646130.0 500399.0 443580.0 559905.0 307834.0 576870.0 285403.0 258229.0 520148.0 398634.0 885283.0 654381.0 727445.0 578081.0 431581.0 215738.0 480961.0 417872.0 539549.0 543891.0 630491.0 596987.0 593881.0 359168.0 694095.0 594374.0 666622.0 507296.0 618978.0 0 594374.0 483909.0 478109.0 555519.0 732971.0 664997.0 738183.0 663417.0 789788.0 686547.0 748501.0 768884.0 758496.0 703946.0 309353.0 715493.0 448991.0 451868.0 
447722.0 452331.0 228520.0 264008.0 363065.0 224509.0 554863.0 522294.0 194748.0 499863.0 336145.0 74226.0 393592.0 439361.0 60007.0 281523.0 171844.0 398630.0 622166.0 475919.0 176502.0 534507.0 538849.0 475127.0 3963.0 493.0 573628.0 248173.0 439010.0 511258.0 721756.0 173056.0 594374.0 0 478867.0 473067.0 400155.0 287049.0 513255.0 143809.0 217495.0 195414.0 92173.0 154127.0 322962.0 312574.0 109572.0 523813.0 122105.0 450164.0 666328.0 
199407.0 26536.0 250347.0 530623.0 384892.0 350372.0 75996.0 411829.0 461363.0 389398.0 225680.0 404641.0 283127.0 769776.0 538874.0 611938.0 502517.0 420457.0 511701.0 50124.0 302365.0 108712.0 59982.0 514984.0 481844.0 478374.0 463163.0 578588.0 478867.0 551115.0 611291.0 503471.0 483909.0 478867.0 0 362602.0 440012.0 617464.0 553112.0 622676.0 547910.0 674281.0 571040.0 632994.0 653377.0 642989.0 588439.0 413348.0 599986.0 339699.0 555863.0 
331457.0 336066.0 244547.0 524823.0 379092.0 344572.0 438598.0 406029.0 455563.0 383598.0 219880.0 398841.0 79475.0 763976.0 533074.0 606138.0 496717.0 414657.0 505901.0 359654.0 296565.0 418242.0 422584.0 509184.0 476044.0 472574.0 457363.0 572788.0 473067.0 545315.0 605491.0 497671.0 478109.0 473067.0 362602.0 0 434212.0 611664.0 547312.0 616876.0 542110.0 668481.0 565240.0 627194.0 647577.0 637189.0 582639.0 407548.0 594186.0 173793.0 550063.0 
408867.0 413476.0 189665.0 451911.0 290564.0 271660.0 516008.0 483439.0 382651.0 461008.0 297290.0 325929.0 354737.0 691064.0 460162.0 533226.0 423805.0 175429.0 583311.0 437064.0 223653.0 495652.0 499994.0 74972.0 403132.0 399662.0 534773.0 499876.0 38855.0 111103.0 682901.0 424759.0 555519.0 400155.0 440012.0 434212.0 0 538752.0 113100.0 543964.0 469198.0 595569.0 492328.0 554282.0 574665.0 564277.0 509727.0 484958.0 521274.0 411309.0 627473.0 
586319.0 590928.0 367117.0 402605.0 501662.0 363106.0 691183.0 628439.0 333345.0 638460.0 474742.0 212823.0 532189.0 474990.0 347056.0 317152.0 310699.0 537227.0 757876.0 614516.0 315099.0 673104.0 677446.0 613724.0 290026.0 286556.0 712225.0 386770.0 577607.0 649855.0 860353.0 311653.0 732971.0 287049.0 617464.0 611664.0 538752.0 0 651852.0 427885.0 69554.0 408693.0 379222.0 351327.0 358591.0 417632.0 396621.0 662410.0 408168.0 588761.0 804925.0 
521967.0 526576.0 302765.0 565011.0 403664.0 379939.0 629108.0 596539.0 495751.0 574108.0 410390.0 439029.0 467837.0 804164.0 573262.0 646326.0 469265.0 288529.0 659753.0 550164.0 336753.0 600451.0 613094.0 110362.0 516232.0 512762.0 647873.0 612976.0 74245.0 88119.0 796001.0 537859.0 664997.0 513255.0 553112.0 547312.0 113100.0 651852.0 0 657064.0 582298.0 708669.0 605428.0 642750.0 687765.0 661004.0 622827.0 598058.0 634374.0 524409.0 740573.0 
591531.0 596140.0 372329.0 407817.0 506874.0 306601.0 687112.0 666103.0 338557.0 643672.0 479954.0 218035.0 537401.0 583170.0 83802.0 425332.0 315653.0 542439.0 765975.0 619728.0 320311.0 668083.0 682658.0 618936.0 147772.0 144302.0 717437.0 391982.0 582819.0 655067.0 865565.0 316865.0 738183.0 143809.0 622676.0 616876.0 543964.0 427885.0 657064.0 0 361304.0 177817.0 235982.0 177922.0 466771.0 456383.0 34237.0 667622.0 265914.0 593973.0 810137.0 
516765.0 521374.0 297563.0 333051.0 432108.0 293552.0 623906.0 591337.0 263791.0 568906.0 405188.0 143269.0 462635.0 405436.0 277502.0 247598.0 241145.0 467673.0 691209.0 544962.0 245545.0 603550.0 607892.0 544170.0 220472.0 217002.0 642671.0 317216.0 508053.0 580301.0 790799.0 242099.0 663417.0 217495.0 547910.0 542110.0 469198.0 69554.0 582298.0 361304.0 0 412909.0 309668.0 366148.0 289037.0 381617.0 327067.0 592856.0 338614.0 519207.0 735371.0 
643136.0 647745.0 423934.0 459422.0 558479.0 419923.0 750277.0 680881.0 390162.0 695277.0 531559.0 269640.0 589006.0 634775.0 135407.0 476937.0 365430.0 585575.0 817580.0 671333.0 371916.0 729921.0 734263.0 670541.0 199377.0 195907.0 769042.0 443587.0 634424.0 706672.0 917170.0 368470.0 789788.0 195414.0 674281.0 668481.0 595569.0 408693.0 708669.0 177817.0 412909.0 0 287587.0 229527.0 518376.0 507988.0 144323.0 689556.0 263090.0 645578.0 861742.0 
539895.0 544504.0 320693.0 356181.0 455238.0 316682.0 647036.0 614467.0 286921.0 592036.0 428318.0 166399.0 485765.0 531534.0 152180.0 373696.0 264017.0 490803.0 714339.0 568092.0 268675.0 626680.0 631022.0 567300.0 96136.0 92666.0 665801.0 340346.0 531183.0 603431.0 813929.0 265229.0 686547.0 92173.0 571040.0 565240.0 492328.0 379222.0 605428.0 235982.0 309668.0 287587.0 0 246300.0 415135.0 404747.0 201745.0 615986.0 214278.0 542337.0 758501.0 
601849.0 606458.0 382647.0 289787.0 517192.0 378636.0 698227.0 676421.0 348875.0 653990.0 490272.0 228353.0 547719.0 593488.0 94120.0 435650.0 325971.0 552757.0 776293.0 630046.0 330629.0 688634.0 692976.0 629254.0 158090.0 154620.0 727755.0 402300.0 593137.0 665385.0 875883.0 327183.0 748501.0 154127.0 632994.0 627194.0 554282.0 351327.0 642750.0 177922.0 366148.0 229527.0 246300.0 0 477089.0 466701.0 143685.0 677940.0 161527.0 604291.0 820455.0 
622232.0 626841.0 403030.0 438518.0 537575.0 399019.0 729373.0 696804.0 369258.0 674373.0 510655.0 248736.0 568102.0 116399.0 382969.0 105973.0 346612.0 573140.0 796676.0 650429.0 351012.0 709017.0 713359.0 649637.0 325939.0 322469.0 748138.0 422683.0 613520.0 685768.0 896266.0 347566.0 768884.0 322962.0 653377.0 647577.0 574665.0 358591.0 687765.0 466771.0 289037.0 518376.0 415135.0 477089.0 0 487084.0 432534.0 698323.0 444081.0 624674.0 840838.0 
611844.0 616453.0 392642.0 362017.0 527187.0 388631.0 718985.0 681292.0 358870.0 663985.0 500267.0 238348.0 557714.0 603483.0 372581.0 445645.0 336224.0 562752.0 667660.0 640041.0 340624.0 698629.0 702971.0 639249.0 315551.0 312081.0 737750.0 64401.0 603132.0 675380.0 885878.0 139518.0 758496.0 312574.0 642989.0 637189.0 564277.0 417632.0 661004.0 456383.0 381617.0 507988.0 404747.0 466701.0 487084.0 0 422146.0 687935.0 433693.0 614286.0 830450.0 
557294.0 561903.0 338092.0 373580.0 472637.0 334081.0 664435.0 631866.0 304320.0 609435.0 445717.0 183798.0 503164.0 548933.0 49565.0 391095.0 281416.0 508202.0 731738.0 585491.0 286074.0 644079.0 648421.0 584699.0 113535.0 110065.0 683200.0 357745.0 548582.0 620830.0 831328.0 282628.0 703946.0 109572.0 588439.0 582639.0 509727.0 396621.0 622827.0 34237.0 327067.0 144323.0 201745.0 143685.0 432534.0 422146.0 0 633385.0 231677.0 559736.0 775900.0 
382203.0 386812.0 295293.0 553645.0 429838.0 395318.0 489344.0 74855.0 506309.0 52424.0 187668.0 449587.0 328073.0 814722.0 583820.0 641945.0 547463.0 465403.0 271887.0 410400.0 347311.0 468988.0 473330.0 559930.0 526790.0 523320.0 126189.0 623534.0 523813.0 589957.0 274317.0 548417.0 309353.0 523813.0 413348.0 407548.0 484958.0 662410.0 598058.0 667622.0 592856.0 689556.0 615986.0 677940.0 698323.0 687935.0 633385.0 0 644932.0 384645.0 218889.0 
568841.0 573450.0 349639.0 385127.0 484184.0 345628.0 675982.0 643413.0 315867.0 620982.0 457264.0 195345.0 514711.0 560480.0 182112.0 362875.0 173948.0 519749.0 701572.0 597038.0 297621.0 655626.0 659968.0 596246.0 125082.0 121612.0 694747.0 369292.0 560129.0 632377.0 754839.0 294175.0 715493.0 122105.0 599986.0 594186.0 521274.0 408168.0 634374.0 265914.0 338614.0 263090.0 214278.0 161527.0 444081.0 433693.0 231677.0 644932.0 0 571283.0 787447.0 
308554.0 313163.0 221644.0 501920.0 356189.0 321669.0 391996.0 372709.0 432660.0 360695.0 196977.0 375938.0 94318.0 676139.0 510171.0 583235.0 473814.0 391754.0 482998.0 336751.0 273662.0 395339.0 387427.0 486281.0 453141.0 449671.0 434460.0 549885.0 450164.0 522412.0 582588.0 474768.0 448991.0 450164.0 339699.0 173793.0 411309.0 588761.0 524409.0 593973.0 519207.0 645578.0 542337.0 604291.0 624674.0 614286.0 559736.0 384645.0 571283.0 0 527160.0 
524718.0 529327.0 437808.0 718084.0 572353.0 537833.0 631859.0 217370.0 648824.0 166465.0 330183.0 592102.0 470588.0 957237.0 726335.0 799399.0 689978.0 607918.0 479660.0 552915.0 489826.0 611503.0 615845.0 702445.0 669305.0 665835.0 92700.0 766049.0 666328.0 738576.0 55428.0 690932.0 451868.0 666328.0 555863.0 550063.0 627473.0 804925.0 740573.0 810137.0 735371.0 861742.0 758501.0 820455.0 840838.0 830450.0 775900.0 218889.0 787447.0 527160.0 0 
