101
0x8e 0x25 0xa8 0x9 0x9e 0x8f 0x1d 0x97 0x3d 0x56 0x42 0x91 0xc2 0xac 0x7b 0xb0 0x99 0x3b 0x28 0x21 0x31 0x8b 0xc3 0x84 0xba 0x1 0xc4 0x34 0x6a 0x4e 0x4d 0x0 0xbd 0x6f 0x83 0x2d 0x5 0xb2 0xa3 0x2a 0x7 0xaa 0x9b 0x45 0xa7 0x9f 0x77 0x59 0x46 0x1f 0xbc 0xab 0x80 0x6b 0x1b 0xa6 0x7a 0x4 0xb6 0x89 0xae 0x53 0x15 0x10 0x1a 0x2c 0x52 0x70 0x12 0x60 0x85 0xbb 0x74 0x5d 0x6d 0xa1 0xa0 0x9a 0xc6 0x5a 0x3a 0x87 0x18 0xb4 0x86 0x79 0x78 0x9c 0xa4 0xf 0x81 0xb5 0xc7 0x11 0x14 0x98 0x68 0x2b 0x61 0x8c 0x19
0 308875.0 365376.0 447668.0 289474.0 344649.0 442054.0 287325.0 470349.0 706029.0 397500.0 557922.0 557584.0 610597.0 571248.0 514050.0 230816.0 420739.0 767881.0 340374.0 367718.0 498213.0 658010.0 296252.0 541200.0 278453.0 734749.0 715638.0 727780.0 525993.0 21482.0 407482.0 548448.0 418162.0 295553.0 434222.0 355693.0 487807.0 434682.0 188962.0 610278.0 431824.0 387144.0 439308.0 560312.0 208449.0 463270.0 361057.0 974239.0 600314.0 574875.0 853534.0 574267.0 703131.0 710373.0 814138.0 365704.0 770306.0 794117.0 280518.0 548115.0 626345.0 447863.0 655192.0 621083.0 513716.0 528070.0 557696.0 348226.0 699423.0 241199.0 273225.0 269513.0 510293.0 160381.0 534198.0 467422.0 477443.0 491788.0 605435.0 53093.0 519144.0 444380.0 522239.0 632827.0 266057.0 615863.0 814612.0 441322.0 360567.0 258207.0 888445.0 752254.0 408169.0 757119.0 520071.0 693244.0 563616.0 338424.0 760277.0 503231.0 
308875.0 0 568065.0 217517.0 492163.0 220428.0 330055.0 163104.0 346128.0 581808.0 285501.0 433701.0 445585.0 486376.0 459249.0 389829.0 433505.0 623428.0 643660.0 543063.0 137567.0 373992.0 533789.0 66101.0 416979.0 481142.0 622750.0 591417.0 603559.0 295842.0 287393.0 295483.0 436449.0 109287.0 498242.0 322223.0 243694.0 375808.0 322683.0 391651.0 498279.0 319825.0 275145.0 327309.0 763001.0 411138.0 233119.0 130906.0 850018.0 476093.0 462876.0 729313.0 344116.0 905820.0 586152.0 689917.0 135553.0 646085.0 669896.0 156297.0 436116.0 514346.0 650552.0 543193.0 496862.0 401717.0 416071.0 445697.0 550915.0 575202.0 443888.0 43074.0 39362.0 280142.0 363070.0 736887.0 355423.0 680132.0 367567.0 808124.0 255782.0 394923.0 647069.0 410240.0 520828.0 154058.0 503864.0 690391.0 317101.0 51692.0 460896.0 764224.0 628033.0 283948.0 645120.0 408072.0 569023.0 333465.0 541113.0 636056.0 379010.0 
365376.0 568065.0 0 706858.0 250008.0 603839.0 701244.0 546515.0 729539.0 965219.0 656690.0 817112.0 816774.0 869787.0 830438.0 773240.0 191350.0 381273.0 1027071.0 421616.0 626908.0 757403.0 917200.0 555442.0 800390.0 238987.0 993939.0 974828.0 986970.0 785183.0 343894.0 666672.0 807638.0 677352.0 69823.0 693412.0 614883.0 746997.0 693872.0 270204.0 869468.0 691014.0 646334.0 698498.0 641554.0 168983.0 722460.0 620247.0 1233429.0 859504.0 834065.0 1112724.0 833457.0 784373.0 969563.0 1073328.0 624894.0 1029496.0 1053307.0 539708.0 807305.0 885535.0 82487.0 914382.0 880273.0 772906.0 787260.0 816886.0 429468.0 958613.0 322441.0 532415.0 528703.0 769483.0 241623.0 615440.0 726612.0 112067.0 750978.0 686677.0 312283.0 778334.0 525622.0 781429.0 892017.0 525247.0 875053.0 1073802.0 700512.0 619757.0 218741.0 1147635.0 1011444.0 667359.0 1016309.0 779261.0 952434.0 822806.0 419666.0 1019467.0 762421.0 
447668.0 217517.0 706858.0 0 630956.0 359221.0 468848.0 301897.0 484921.0 720601.0 424294.0 572494.0 584378.0 625169.0 598042.0 528622.0 572298.0 762221.0 782453.0 681856.0 276360.0 512785.0 672582.0 204894.0 555772.0 619935.0 761543.0 730210.0 742352.0 78325.0 426186.0 434276.0 575242.0 326804.0 637035.0 461016.0 382487.0 514601.0 461476.0 530444.0 637072.0 458618.0 413938.0 466102.0 901794.0 549931.0 371912.0 262275.0 988811.0 614886.0 601669.0 868106.0 126599.0 998688.0 724945.0 828710.0 81964.0 784878.0 808689.0 295090.0 574909.0 653139.0 789345.0 681986.0 635655.0 540510.0 554864.0 584490.0 689708.0 713995.0 582681.0 174443.0 178155.0 62625.0 501863.0 875680.0 494216.0 818925.0 506360.0 900992.0 394575.0 533716.0 785862.0 549033.0 659621.0 292851.0 642657.0 829184.0 455894.0 269209.0 599689.0 903017.0 766826.0 422741.0 783913.0 546865.0 707816.0 148388.0 679906.0 774849.0 517803.0 
289474.0 492163.0 250008.0 630956.0 0 527937.0 625342.0 470613.0 653637.0 889317.0 580788.0 741210.0 740872.0 793885.0 754536.0 697338.0 58658.0 305371.0 951169.0 345714.0 551006.0 681501.0 841298.0 479540.0 724488.0 154233.0 918037.0 898926.0 911068.0 709281.0 267992.0 590770.0 731736.0 601450.0 180185.0 617510.0 538981.0 671095.0 617970.0 194302.0 793566.0 615112.0 570432.0 622596.0 565652.0 84229.0 646558.0 544345.0 1157527.0 783602.0 758163.0 1036822.0 757555.0 708471.0 893661.0 997426.0 548992.0 953594.0 977405.0 463806.0 731403.0 809633.0 332495.0 838480.0 804371.0 697004.0 711358.0 740984.0 353566.0 882711.0 246539.0 456513.0 452801.0 693581.0 165721.0 539538.0 650710.0 362075.0 675076.0 610775.0 236381.0 702432.0 449720.0 705527.0 816115.0 449345.0 799151.0 997900.0 624610.0 543855.0 142839.0 1071733.0 935542.0 591457.0 940407.0 703359.0 876532.0 746904.0 343764.0 943565.0 686519.0 
344649.0 220428.0 603839.0 359221.0 527937.0 0 365829.0 57324.0 381902.0 617582.0 321275.0 469475.0 481359.0 522150.0 495023.0 425603.0 469279.0 659202.0 679434.0 578837.0 279271.0 409766.0 569563.0 207805.0 452753.0 516916.0 658524.0 627191.0 639333.0 437546.0 323167.0 331257.0 472223.0 329715.0 534016.0 357997.0 279468.0 411582.0 358457.0 427425.0 534053.0 355599.0 310919.0 363083.0 798775.0 446912.0 374823.0 272610.0 885792.0 511867.0 498650.0 765087.0 485820.0 941594.0 621926.0 725691.0 277257.0 681859.0 705670.0 192071.0 471890.0 550120.0 686326.0 578967.0 532636.0 437491.0 451845.0 388584.0 586689.0 610976.0 479662.0 184778.0 181066.0 421846.0 398844.0 772661.0 391197.0 715906.0 371328.0 843898.0 291556.0 430697.0 682843.0 446014.0 556602.0 189832.0 528609.0 726165.0 352875.0 272120.0 496670.0 799998.0 663807.0 319722.0 680894.0 443846.0 604797.0 475169.0 576887.0 671830.0 414784.0 
442054.0 330055.0 701244.0 468848.0 625342.0 365829.0 0 308505.0 491529.0 727209.0 128168.0 579102.0 115530.0 631777.0 129194.0 535230.0 566684.0 756607.0 789061.0 676242.0 388898.0 519393.0 679190.0 317432.0 562380.0 614321.0 292695.0 736818.0 748960.0 547173.0 420572.0 138150.0 106394.0 439342.0 631421.0 101988.0 86361.0 45753.0 165350.0 524830.0 168224.0 99590.0 54910.0 107074.0 896180.0 544317.0 484450.0 382237.0 995419.0 621494.0 132821.0 874714.0 595447.0 1038999.0 731553.0 835318.0 386884.0 791486.0 815297.0 301698.0 106061.0 357013.0 783731.0 213138.0 642263.0 244384.0 258738.0 288364.0 684094.0 720603.0 577067.0 294405.0 290693.0 531473.0 496249.0 870066.0 198090.0 813311.0 512968.0 941303.0 388961.0 540324.0 780248.0 80185.0 190773.0 175997.0 173809.0 835792.0 462502.0 381747.0 594075.0 909625.0 773434.0 429349.0 315065.0 78017.0 714424.0 584796.0 674292.0 781457.0 524411.0 
287325.0 163104.0 546515.0 301897.0 470613.0 57324.0 308505.0 0 324578.0 560258.0 263951.0 412151.0 424035.0 464826.0 437699.0 368279.0 411955.0 601878.0 622110.0 521513.0 221947.0 352442.0 512239.0 150481.0 395429.0 459592.0 601200.0 569867.0 582009.0 380222.0 265843.0 273933.0 414899.0 272391.0 476692.0 300673.0 222144.0 354258.0 301133.0 370101.0 476729.0 298275.0 253595.0 305759.0 741451.0 389588.0 317499.0 215286.0 828468.0 454543.0 441326.0 707763.0 428496.0 884270.0 564602.0 668367.0 219933.0 624535.0 648346.0 134747.0 414566.0 492796.0 629002.0 521643.0 475312.0 380167.0 394521.0 424147.0 529365.0 553652.0 422338.0 127454.0 123742.0 364522.0 341520.0 715337.0 333873.0 658582.0 346017.0 786574.0 234232.0 373373.0 625519.0 388690.0 499278.0 132508.0 482314.0 668841.0 295551.0 214796.0 439346.0 742674.0 606483.0 262398.0 623570.0 386522.0 547473.0 417845.0 519563.0 614506.0 357460.0 
470349.0 346128.0 729539.0 484921.0 653637.0 381902.0 491529.0 324578.0 0 235680.0 446975.0 87573.0 607059.0 140248.0 620723.0 101755.0 594979.0 784902.0 297532.0 704537.0 404971.0 152224.0 187661.0 333505.0 70851.0 642616.0 784224.0 245289.0 257431.0 563246.0 448867.0 456957.0 597923.0 455415.0 659716.0 483697.0 405168.0 537282.0 484157.0 553125.0 659753.0 481299.0 436619.0 488783.0 924475.0 572612.0 500523.0 398310.0 503890.0 129965.0 624350.0 383185.0 611520.0 1067294.0 240024.0 343789.0 402957.0 299957.0 323768.0 189831.0 597590.0 675820.0 812026.0 704667.0 150734.0 563191.0 577545.0 607171.0 712389.0 229074.0 605362.0 310478.0 306766.0 547546.0 524544.0 898361.0 516897.0 841606.0 145799.0 969598.0 417256.0 106849.0 808543.0 571714.0 682302.0 315532.0 665338.0 344263.0 29027.0 397820.0 622370.0 418096.0 281905.0 62180.0 806594.0 569546.0 222895.0 600869.0 702587.0 289928.0 157242.0 
706029.0 581808.0 965219.0 720601.0 889317.0 617582.0 727209.0 560258.0 235680.0 0 682655.0 181551.0 842739.0 375928.0 856403.0 337435.0 830659.0 1020582.0 533212.0 940217.0 640651.0 387904.0 281639.0 569185.0 164829.0 878296.0 1019904.0 339267.0 493111.0 798926.0 684547.0 692637.0 833603.0 691095.0 895396.0 719377.0 640848.0 772962.0 719837.0 788805.0 895433.0 716979.0 672299.0 724463.0 1160155.0 808292.0 736203.0 633990.0 739570.0 365645.0 860030.0 608357.0 847200.0 1302974.0 475704.0 579469.0 638637.0 393935.0 549829.0 425511.0 833270.0 911500.0 1047706.0 940347.0 386414.0 798871.0 813225.0 842851.0 948069.0 323052.0 841042.0 546158.0 542446.0 783226.0 760224.0 1134041.0 752577.0 1077286.0 381479.0 1205278.0 652936.0 342529.0 1044223.0 807394.0 917982.0 551212.0 901018.0 438241.0 264707.0 633500.0 858050.0 653776.0 375883.0 297860.0 1042274.0 805226.0 12785.0 836549.0 938267.0 506952.0 392922.0 
397500.0 285501.0 656690.0 424294.0 580788.0 321275.0 128168.0 263951.0 446975.0 682655.0 0 534548.0 243698.0 587223.0 257362.0 490676.0 522130.0 712053.0 744507.0 631688.0 344344.0 474839.0 634636.0 272878.0 517826.0 569767.0 420863.0 692264.0 704406.0 502619.0 376018.0 93596.0 234562.0 394788.0 586867.0 120336.0 41807.0 173921.0 120796.0 480276.0 296392.0 117938.0 73258.0 125422.0 851626.0 499763.0 439896.0 337683.0 950865.0 576940.0 260989.0 830160.0 550893.0 994445.0 686999.0 790764.0 342330.0 746932.0 770743.0 257144.0 234229.0 312459.0 739177.0 341306.0 597709.0 199830.0 214184.0 243810.0 639540.0 676049.0 532513.0 249851.0 246139.0 486919.0 451695.0 825512.0 153536.0 768757.0 468414.0 896749.0 344407.0 495770.0 735694.0 208353.0 318941.0 131443.0 301977.0 791238.0 417948.0 337193.0 549521.0 865071.0 728880.0 384795.0 443233.0 206185.0 669870.0 540242.0 629738.0 701075.0 479857.0 
557922.0 433701.0 817112.0 572494.0 741210.0 469475.0 579102.0 412151.0 87573.0 181551.0 534548.0 0 694632.0 227821.0 708296.0 189328.0 682552.0 872475.0 385105.0 792110.0 492544.0 239797.0 100088.0 421078.0 16722.0 730189.0 871797.0 157716.0 345004.0 650819.0 536440.0 544530.0 685496.0 542988.0 747289.0 571270.0 492741.0 624855.0 571730.0 640698.0 747326.0 568872.0 524192.0 576356.0 1012048.0 660185.0 588096.0 485883.0 591463.0 217538.0 711923.0 470758.0 699093.0 1154867.0 327597.0 431362.0 490530.0 212384.0 411341.0 277404.0 685163.0 763393.0 899599.0 792240.0 238307.0 650764.0 665118.0 694744.0 799962.0 141501.0 692935.0 398051.0 394339.0 635119.0 612117.0 985934.0 604470.0 929179.0 233372.0 1057171.0 504829.0 194422.0 896116.0 659287.0 769875.0 403105.0 752911.0 256690.0 116600.0 485393.0 709943.0 505669.0 194332.0 149753.0 894167.0 657119.0 168766.0 688442.0 790160.0 377501.0 244815.0 
557584.0 445585.0 816774.0 584378.0 740872.0 481359.0 115530.0 424035.0 607059.0 842739.0 243698.0 694632.0 0 747307.0 125892.0 650760.0 682214.0 872137.0 904591.0 791772.0 504428.0 634923.0 794720.0 432962.0 677910.0 729851.0 289393.0 852348.0 864490.0 662703.0 536102.0 253680.0 179802.0 554872.0 746951.0 217518.0 201891.0 119161.0 280880.0 640360.0 241632.0 215120.0 170440.0 222604.0 1011710.0 659847.0 599980.0 497767.0 1110949.0 737024.0 206229.0 990244.0 710977.0 1154529.0 847083.0 950848.0 502414.0 907016.0 930827.0 417228.0 9469.0 472543.0 899261.0 209836.0 757793.0 359914.0 374268.0 403894.0 799624.0 836133.0 692597.0 409935.0 406223.0 647003.0 611779.0 985596.0 313620.0 928841.0 628498.0 1056833.0 504491.0 655854.0 895778.0 76883.0 75243.0 291527.0 247217.0 951322.0 578032.0 497277.0 709605.0 1025155.0 888964.0 544879.0 199535.0 37513.0 829954.0 700326.0 789822.0 896987.0 639941.0 
610597.0 486376.0 869787.0 625169.0 793885.0 522150.0 631777.0 464826.0 140248.0 375928.0 587223.0 227821.0 747307.0 0 760971.0 242003.0 735227.0 894861.0 351842.0 844785.0 545219.0 292472.0 327909.0 473753.0 211099.0 782864.0 924472.0 385537.0 311741.0 703494.0 589115.0 597205.0 738171.0 595663.0 799964.0 623945.0 545416.0 677530.0 624405.0 693373.0 800001.0 621547.0 576867.0 629031.0 1064723.0 712860.0 640771.0 538558.0 558200.0 184275.0 764598.0 327716.0 751768.0 1207542.0 294334.0 398099.0 543205.0 440205.0 378078.0 330079.0 737838.0 816068.0 952274.0 844915.0 205044.0 703439.0 717793.0 714338.0 852637.0 369322.0 745610.0 450726.0 447014.0 687794.0 664792.0 1038609.0 657145.0 981854.0 286047.0 1109846.0 557504.0 247097.0 948791.0 711962.0 822550.0 455780.0 805586.0 484511.0 169275.0 538068.0 762618.0 472406.0 422153.0 202428.0 946842.0 709794.0 363143.0 741117.0 842835.0 344238.0 297490.0 
571248.0 459249.0 830438.0 598042.0 754536.0 495023.0 129194.0 437699.0 620723.0 856403.0 257362.0 708296.0 125892.0 760971.0 0 664424.0 695878.0 885801.0 918255.0 805436.0 518092.0 648587.0 808384.0 446626.0 691574.0 743515.0 163501.0 866012.0 878154.0 676367.0 549766.0 267344.0 193466.0 568536.0 760615.0 231182.0 215555.0 132825.0 294544.0 654024.0 255296.0 228784.0 184104.0 236268.0 1025374.0 673511.0 613644.0 511431.0 1124613.0 750688.0 219893.0 1003908.0 724641.0 1168193.0 860747.0 964512.0 516078.0 920680.0 944491.0 430892.0 116423.0 486207.0 912925.0 83944.0 771457.0 373578.0 387932.0 417558.0 813288.0 849797.0 706261.0 423599.0 419887.0 660667.0 625443.0 999260.0 327284.0 942505.0 642162.0 1070497.0 518155.0 669518.0 909442.0 49009.0 201135.0 305191.0 260881.0 964986.0 591696.0 510941.0 723269.0 1038819.0 902628.0 558543.0 325427.0 88379.0 843618.0 713990.0 803486.0 910651.0 653605.0 
514050.0 389829.0 773240.0 528622.0 697338.0 425603.0 535230.0 368279.0 101755.0 337435.0 490676.0 189328.0 650760.0 242003.0 664424.0 0 638680.0 828603.0 399287.0 748238.0 448672.0 195925.0 289416.0 377206.0 172606.0 686317.0 827925.0 347044.0 359186.0 606947.0 492568.0 500658.0 641624.0 493416.0 703417.0 527398.0 448869.0 580983.0 527858.0 589725.0 703454.0 525000.0 480320.0 532484.0 968176.0 616313.0 544224.0 442011.0 605645.0 231720.0 668051.0 484940.0 655221.0 1110995.0 341779.0 445544.0 446658.0 401712.0 425523.0 233532.0 641291.0 719521.0 855727.0 748368.0 252489.0 606892.0 621246.0 650872.0 756090.0 330829.0 649063.0 354179.0 350467.0 591247.0 568245.0 942062.0 560598.0 885307.0 189500.0 1013299.0 460957.0 150550.0 852244.0 615415.0 726003.0 359233.0 709039.0 446018.0 72728.0 441521.0 666071.0 519851.0 383660.0 105881.0 850295.0 613247.0 324650.0 644570.0 746288.0 391683.0 200943.0 
230816.0 433505.0 191350.0 572298.0 58658.0 469279.0 566684.0 411955.0 594979.0 830659.0 522130.0 682552.0 682214.0 735227.0 695878.0 638680.0 0 246713.0 892511.0 287056.0 492348.0 622843.0 782640.0 420882.0 665830.0 95575.0 859379.0 840268.0 852410.0 650623.0 209334.0 532112.0 673078.0 542792.0 121527.0 558852.0 480323.0 612437.0 559312.0 135644.0 734908.0 556454.0 511774.0 563938.0 506994.0 25571.0 587900.0 485687.0 1098869.0 724944.0 699505.0 978164.0 698897.0 649813.0 835003.0 938768.0 490334.0 894936.0 918747.0 405148.0 672745.0 750975.0 273837.0 779822.0 745713.0 638346.0 652700.0 682326.0 294908.0 824053.0 187881.0 397855.0 394143.0 634923.0 107063.0 480880.0 592052.0 303417.0 616418.0 552117.0 177723.0 643774.0 391062.0 646869.0 757457.0 390687.0 740493.0 939242.0 565952.0 485197.0 84181.0 1013075.0 876884.0 532799.0 881749.0 644701.0 817874.0 688246.0 285106.0 884907.0 627861.0 
420739.0 623428.0 381273.0 762221.0 305371.0 659202.0 756607.0 601878.0 784902.0 1020582.0 712053.0 872475.0 872137.0 894861.0 885801.0 828603.0 246713.0 0 1082434.0 476979.0 682271.0 812766.0 972563.0 610805.0 855753.0 294350.0 1049302.0 1030191.0 1042333.0 840546.0 399257.0 722035.0 863001.0 732715.0 311450.0 748775.0 670246.0 802360.0 749235.0 325567.0 924831.0 746377.0 701697.0 753861.0 696917.0 224346.0 777823.0 675610.0 1288792.0 914867.0 889428.0 1168087.0 888820.0 839736.0 1024926.0 1128691.0 680257.0 1084859.0 1108670.0 595071.0 862668.0 940898.0 463760.0 969745.0 935636.0 828269.0 842623.0 872249.0 483813.0 1013976.0 377804.0 587778.0 584066.0 824846.0 296986.0 670803.0 781975.0 493340.0 806341.0 742040.0 367646.0 833697.0 580985.0 836792.0 947380.0 580610.0 930416.0 1129165.0 755875.0 675120.0 162532.0 1202998.0 1066807.0 722722.0 1071672.0 834624.0 1007797.0 878169.0 475029.0 1074830.0 817784.0 
767881.0 643660.0 1027071.0 782453.0 951169.0 679434.0 789061.0 622110.0 297532.0 533212.0 744507.0 385105.0 904591.0 351842.0 918255.0 399287.0 892511.0 1082434.0 0 1002069.0 702503.0 449756.0 485193.0 631037.0 368383.0 940148.0 1081756.0 542821.0 40101.0 860778.0 746399.0 754489.0 895455.0 752947.0 957248.0 781229.0 702700.0 834814.0 781689.0 850657.0 957285.0 778831.0 734151.0 786315.0 1222007.0 870144.0 798055.0 695842.0 286560.0 341559.0 921882.0 231491.0 909052.0 1364826.0 57508.0 46257.0 700489.0 597489.0 172074.0 487363.0 895122.0 973352.0 1109558.0 1002199.0 362328.0 860723.0 875077.0 904703.0 1009921.0 526606.0 902894.0 608010.0 604298.0 845078.0 822076.0 1195893.0 814429.0 1139138.0 443331.0 1267130.0 714788.0 404381.0 1106075.0 869246.0 979834.0 613064.0 962870.0 641795.0 326559.0 695352.0 919902.0 200766.0 579437.0 359712.0 1104126.0 867078.0 520427.0 898401.0 1000119.0 72598.0 454774.0 
340374.0 543063.0 421616.0 681856.0 345714.0 578837.0 676242.0 521513.0 704537.0 940217.0 631688.0 792110.0 791772.0 844785.0 805436.0 748238.0 287056.0 476979.0 1002069.0 0 601906.0 732401.0 892198.0 530440.0 775388.0 334693.0 968937.0 949826.0 961968.0 760181.0 318892.0 641670.0 782636.0 652350.0 351793.0 668410.0 589881.0 721995.0 668870.0 245202.0 844466.0 666012.0 621332.0 673496.0 223838.0 264689.0 697458.0 595245.0 1208427.0 834502.0 809063.0 1087722.0 808455.0 366657.0 944561.0 1048326.0 599892.0 1004494.0 1028305.0 514706.0 782303.0 860533.0 504103.0 889380.0 855271.0 747904.0 762258.0 791884.0 11752.0 933611.0 99175.0 507413.0 503701.0 744481.0 216621.0 313816.0 701610.0 533683.0 725976.0 268961.0 287281.0 753332.0 223998.0 756427.0 867015.0 500245.0 850051.0 1048800.0 675510.0 594755.0 314447.0 1122633.0 986442.0 642357.0 991307.0 754259.0 927432.0 797804.0 1950.0 994465.0 737419.0 
367718.0 137567.0 626908.0 276360.0 551006.0 279271.0 388898.0 221947.0 404971.0 640651.0 344344.0 492544.0 504428.0 545219.0 518092.0 448672.0 492348.0 682271.0 702503.0 601906.0 0 432835.0 592632.0 124944.0 475822.0 539985.0 681593.0 650260.0 662402.0 354685.0 346236.0 354326.0 495292.0 246854.0 557085.0 381066.0 302537.0 434651.0 381526.0 450494.0 557122.0 378668.0 333988.0 386152.0 821844.0 469981.0 95552.0 189749.0 908861.0 534936.0 521719.0 788156.0 402959.0 964663.0 644995.0 748760.0 194396.0 704928.0 728739.0 215140.0 494959.0 573189.0 709395.0 602036.0 555705.0 460560.0 474914.0 425296.0 609758.0 634045.0 502731.0 101917.0 98205.0 338985.0 421913.0 795730.0 414266.0 738975.0 426410.0 866967.0 314625.0 453766.0 705912.0 469083.0 579671.0 212901.0 562707.0 749234.0 375944.0 189259.0 519739.0 823067.0 686876.0 342791.0 703963.0 466915.0 627866.0 392308.0 599956.0 694899.0 437853.0 
498213.0 373992.0 757403.0 512785.0 681501.0 409766.0 519393.0 352442.0 152224.0 387904.0 474839.0 239797.0 634923.0 292472.0 648587.0 195925.0 622843.0 812766.0 449756.0 732401.0 432835.0 0 339885.0 361369.0 223075.0 670480.0 812088.0 397513.0 409655.0 591110.0 476731.0 484821.0 625787.0 483279.0 687580.0 511561.0 433032.0 565146.0 512021.0 580989.0 687617.0 509163.0 464483.0 516647.0 952339.0 600476.0 528387.0 426174.0 656114.0 282189.0 652214.0 535409.0 639384.0 1095158.0 392248.0 496013.0 430821.0 452181.0 475992.0 217695.0 625454.0 703684.0 839890.0 732531.0 302958.0 591055.0 605409.0 635035.0 740253.0 381298.0 633226.0 338342.0 334630.0 575410.0 552408.0 926225.0 544761.0 869470.0 173663.0 997462.0 445120.0 201019.0 836407.0 599578.0 710166.0 343396.0 693202.0 496487.0 123197.0 425684.0 650234.0 570320.0 434129.0 90044.0 834458.0 597410.0 375119.0 628733.0 730451.0 442152.0 5018.0 
658010.0 533789.0 917200.0 672582.0 841298.0 569563.0 679190.0 512239.0 187661.0 281639.0 634636.0 100088.0 794720.0 327909.0 808384.0 289416.0 782640.0 972563.0 485193.0 892198.0 592632.0 339885.0 0 521166.0 116810.0 830277.0 971885.0 139824.0 445092.0 750907.0 636528.0 644618.0 785584.0 643076.0 847377.0 671358.0 592829.0 724943.0 671818.0 740786.0 847414.0 668960.0 624280.0 676444.0 1112136.0 760273.0 688184.0 585971.0 691551.0 317626.0 812011.0 570846.0 799181.0 1254955.0 427685.0 531450.0 590618.0 112296.0 511429.0 377492.0 785251.0 863481.0 999687.0 892328.0 338395.0 750852.0 765206.0 794832.0 900050.0 41413.0 793023.0 498139.0 494427.0 735207.0 712205.0 1086022.0 704558.0 1029267.0 333460.0 1157259.0 604917.0 294510.0 996204.0 759375.0 869963.0 503193.0 852999.0 238798.0 216688.0 585481.0 810031.0 605757.0 176440.0 249841.0 994255.0 757207.0 268854.0 788530.0 890248.0 477589.0 344903.0 
296252.0 66101.0 555442.0 204894.0 479540.0 207805.0 317432.0 150481.0 333505.0 569185.0 272878.0 421078.0 432962.0 473753.0 446626.0 377206.0 420882.0 610805.0 631037.0 530440.0 124944.0 361369.0 521166.0 0 404356.0 468519.0 610127.0 578794.0 590936.0 283219.0 274770.0 282860.0 423826.0 175388.0 485619.0 309600.0 231071.0 363185.0 310060.0 379028.0 485656.0 307202.0 262522.0 314686.0 750378.0 398515.0 220496.0 118283.0 837395.0 463470.0 450253.0 716690.0 331493.0 893197.0 573529.0 677294.0 122930.0 633462.0 657273.0 143674.0 423493.0 501723.0 637929.0 530570.0 484239.0 389094.0 403448.0 433074.0 538292.0 562579.0 431265.0 30451.0 26739.0 267519.0 350447.0 724264.0 342800.0 667509.0 354944.0 795501.0 243159.0 382300.0 634446.0 397617.0 508205.0 141435.0 491241.0 677768.0 304478.0 117793.0 448273.0 751601.0 615410.0 271325.0 632497.0 395449.0 556400.0 320842.0 528490.0 623433.0 366387.0 
541200.0 416979.0 800390.0 555772.0 724488.0 452753.0 562380.0 395429.0 70851.0 164829.0 517826.0 16722.0 677910.0 211099.0 691574.0 172606.0 665830.0 855753.0 368383.0 775388.0 475822.0 223075.0 116810.0 404356.0 0 713467.0 855075.0 174438.0 328282.0 634097.0 519718.0 527808.0 668774.0 526266.0 730567.0 554548.0 476019.0 608133.0 555008.0 623976.0 730604.0 552150.0 507470.0 559634.0 995326.0 643463.0 571374.0 469161.0 574741.0 200816.0 695201.0 454036.0 682371.0 1138145.0 310875.0 414640.0 473808.0 229106.0 394619.0 260682.0 668441.0 746671.0 882877.0 775518.0 221585.0 634042.0 648396.0 678022.0 783240.0 158223.0 676213.0 381329.0 377617.0 618397.0 595395.0 969212.0 587748.0 912457.0 216650.0 1040449.0 488107.0 177700.0 879394.0 642565.0 753153.0 386383.0 736189.0 273412.0 99878.0 468671.0 693221.0 488947.0 211054.0 133031.0 877445.0 640397.0 152044.0 671720.0 773438.0 360779.0 228093.0 
278453.0 481142.0 238987.0 619935.0 154233.0 516916.0 614321.0 459592.0 642616.0 878296.0 569767.0 730189.0 729851.0 782864.0 743515.0 686317.0 95575.0 294350.0 940148.0 334693.0 539985.0 670480.0 830277.0 468519.0 713467.0 0 907016.0 887905.0 900047.0 698260.0 256971.0 579749.0 720715.0 590429.0 169164.0 606489.0 527960.0 660074.0 606949.0 131635.0 782545.0 604091.0 559411.0 611575.0 554631.0 70004.0 635537.0 533324.0 1146506.0 772581.0 747142.0 1025801.0 746534.0 697450.0 882640.0 986405.0 537971.0 942573.0 966384.0 452785.0 720382.0 798612.0 321474.0 827459.0 793350.0 685983.0 700337.0 729963.0 342545.0 871690.0 235518.0 445492.0 441780.0 682560.0 154700.0 528517.0 639689.0 351054.0 664055.0 599754.0 225360.0 691411.0 438699.0 694506.0 805094.0 438324.0 788130.0 986879.0 613589.0 532834.0 131818.0 1060712.0 924521.0 580436.0 929386.0 692338.0 865511.0 735883.0 332743.0 932544.0 674602.0 
734749.0 622750.0 993939.0 761543.0 918037.0 658524.0 292695.0 601200.0 784224.0 1019904.0 420863.0 871797.0 289393.0 924472.0 163501.0 827925.0 859379.0 1049302.0 1081756.0 968937.0 681593.0 812088.0 971885.0 610127.0 855075.0 907016.0 0 1029513.0 1041655.0 839868.0 713267.0 430845.0 356967.0 732037.0 924116.0 394683.0 379056.0 296326.0 458045.0 817525.0 418797.0 392285.0 347605.0 399769.0 1188875.0 837012.0 777145.0 674932.0 1288114.0 914189.0 383394.0 1167409.0 888142.0 1331694.0 1024248.0 1128013.0 679579.0 1084181.0 1107992.0 594393.0 279924.0 649708.0 1076426.0 79557.0 934958.0 537079.0 551433.0 581059.0 976789.0 1013298.0 869762.0 587100.0 583388.0 824168.0 788944.0 1162761.0 490785.0 1106006.0 805663.0 1233998.0 681656.0 833019.0 1072943.0 212510.0 364636.0 468692.0 424382.0 1128487.0 755197.0 674442.0 886770.0 1202320.0 1066129.0 722044.0 488928.0 251880.0 1007119.0 857088.0 966987.0 1074152.0 812092.0 
715638.0 591417.0 974828.0 730210.0 898926.0 627191.0 736818.0 569867.0 245289.0 339267.0 692264.0 157716.0 852348.0 385537.0 866012.0 347044.0 840268.0 1030191.0 542821.0 949826.0 650260.0 397513.0 139824.0 578794.0 174438.0 887905.0 1029513.0 0 502720.0 808535.0 694156.0 702246.0 843212.0 700704.0 905005.0 728986.0 650457.0 782571.0 729446.0 798414.0 905042.0 726588.0 681908.0 734072.0 1169764.0 817901.0 745812.0 643599.0 749179.0 375254.0 869639.0 628474.0 856809.0 1312583.0 485313.0 589078.0 648246.0 252120.0 569057.0 435120.0 842879.0 921109.0 1057315.0 949956.0 396023.0 808480.0 822834.0 852460.0 957678.0 181237.0 850651.0 555767.0 552055.0 792835.0 769833.0 1143650.0 762186.0 1086895.0 391088.0 1214887.0 662545.0 352138.0 1053832.0 817003.0 927591.0 560821.0 902171.0 296426.0 274316.0 643109.0 867659.0 663385.0 234068.0 307469.0 1051883.0 814835.0 326482.0 846158.0 947876.0 535217.0 402531.0 
727780.0 603559.0 986970.0 742352.0 911068.0 639333.0 748960.0 582009.0 257431.0 493111.0 704406.0 345004.0 864490.0 311741.0 878154.0 359186.0 852410.0 1042333.0 40101.0 961968.0 662402.0 409655.0 445092.0 590936.0 328282.0 900047.0 1041655.0 502720.0 0 820677.0 706298.0 714388.0 855354.0 712846.0 917147.0 741128.0 662599.0 794713.0 741588.0 810556.0 917184.0 738730.0 694050.0 746214.0 1181906.0 830043.0 757954.0 655741.0 246459.0 301458.0 881781.0 191390.0 868951.0 1324725.0 17407.0 86358.0 660388.0 557388.0 131973.0 447262.0 855021.0 933251.0 1069457.0 962098.0 322227.0 820622.0 834976.0 864602.0 969820.0 486505.0 862793.0 567909.0 564197.0 804977.0 781975.0 1155792.0 774328.0 1099037.0 403230.0 1227029.0 674687.0 364280.0 1065974.0 829145.0 939733.0 572963.0 922769.0 601694.0 286458.0 655251.0 879801.0 160665.0 539336.0 319611.0 1064025.0 826977.0 480326.0 858300.0 960018.0 32497.0 414673.0 
525993.0 295842.0 785183.0 78325.0 709281.0 437546.0 547173.0 380222.0 563246.0 798926.0 502619.0 650819.0 662703.0 703494.0 676367.0 606947.0 650623.0 840546.0 860778.0 760181.0 354685.0 591110.0 750907.0 283219.0 634097.0 698260.0 839868.0 808535.0 820677.0 0 504511.0 512601.0 653567.0 405129.0 715360.0 539341.0 460812.0 592926.0 539801.0 608769.0 715397.0 536943.0 492263.0 544427.0 980119.0 628256.0 429987.0 340600.0 1067136.0 693211.0 679994.0 946431.0 79674.0 1077013.0 803270.0 901070.0 160289.0 848750.0 887014.0 373415.0 653234.0 731464.0 867670.0 760311.0 713980.0 618835.0 633189.0 662815.0 768033.0 792320.0 661006.0 252768.0 256480.0 15700.0 580188.0 954005.0 572541.0 897250.0 584685.0 979317.0 472900.0 612041.0 864187.0 627358.0 737946.0 371176.0 720982.0 907509.0 534219.0 347534.0 678014.0 981342.0 845151.0 501066.0 862238.0 625190.0 786141.0 226713.0 758231.0 834650.0 596128.0 
21482.0 287393.0 343894.0 426186.0 267992.0 323167.0 420572.0 265843.0 448867.0 684547.0 376018.0 536440.0 536102.0 589115.0 549766.0 492568.0 209334.0 399257.0 746399.0 318892.0 346236.0 476731.0 636528.0 274770.0 519718.0 256971.0 713267.0 694156.0 706298.0 504511.0 0 386000.0 526966.0 396680.0 274071.0 412740.0 334211.0 466325.0 413200.0 167480.0 588796.0 410342.0 365662.0 417826.0 538830.0 186967.0 441788.0 339575.0 952757.0 578832.0 553393.0 832052.0 552785.0 681649.0 688891.0 792656.0 344222.0 748824.0 772635.0 259036.0 526633.0 604863.0 426381.0 633710.0 599601.0 492234.0 506588.0 536214.0 326744.0 677941.0 219717.0 251743.0 248031.0 488811.0 138899.0 512716.0 445940.0 455961.0 470306.0 583953.0 31611.0 497662.0 422898.0 500757.0 611345.0 244575.0 594381.0 793130.0 419840.0 339085.0 236725.0 866963.0 730772.0 386687.0 735637.0 498589.0 671762.0 542134.0 316942.0 738795.0 481749.0 
407482.0 295483.0 666672.0 434276.0 590770.0 331257.0 138150.0 273933.0 456957.0 692637.0 93596.0 544530.0 253680.0 597205.0 267344.0 500658.0 532112.0 722035.0 754489.0 641670.0 354326.0 484821.0 644618.0 282860.0 527808.0 579749.0 430845.0 702246.0 714388.0 512601.0 386000.0 0 244544.0 404770.0 596849.0 130318.0 51789.0 183903.0 130778.0 490258.0 306374.0 127920.0 83240.0 135404.0 861608.0 509745.0 449878.0 347665.0 960847.0 586922.0 270971.0 840142.0 560875.0 1004427.0 696981.0 800746.0 352312.0 756914.0 780725.0 267126.0 244211.0 218863.0 749159.0 351288.0 607691.0 106234.0 224166.0 150214.0 649522.0 686031.0 542495.0 259833.0 256121.0 496901.0 461677.0 835494.0 59940.0 778739.0 478396.0 906731.0 354389.0 505752.0 745676.0 218335.0 328923.0 141425.0 311959.0 801220.0 427930.0 347175.0 559503.0 875053.0 738862.0 394777.0 453215.0 216167.0 679852.0 550224.0 639720.0 746885.0 489839.0 
548448.0 436449.0 807638.0 575242.0 731736.0 472223.0 106394.0 414899.0 597923.0 833603.0 234562.0 685496.0 179802.0 738171.0 193466.0 641624.0 673078.0 863001.0 895455.0 782636.0 495292.0 625787.0 785584.0 423826.0 668774.0 720715.0 356967.0 843212.0 855354.0 653567.0 526966.0 244544.0 0 545736.0 737815.0 208382.0 192755.0 110025.0 271744.0 631224.0 232496.0 205984.0 161304.0 213468.0 1002574.0 650711.0 590844.0 488631.0 1101813.0 727888.0 197093.0 981108.0 701841.0 1145393.0 837947.0 941712.0 493278.0 897880.0 921691.0 408092.0 170333.0 463407.0 890125.0 277410.0 748657.0 350778.0 289746.0 394758.0 790488.0 826997.0 683461.0 400799.0 397087.0 637867.0 602643.0 976460.0 304484.0 919705.0 619362.0 1047697.0 495355.0 646718.0 886642.0 144457.0 255045.0 282391.0 238081.0 942186.0 568896.0 488141.0 700469.0 1016019.0 879828.0 535743.0 379337.0 142289.0 820818.0 614381.0 780686.0 887851.0 630805.0 
418162.0 109287.0 677352.0 326804.0 601450.0 329715.0 439342.0 272391.0 455415.0 691095.0 394788.0 542988.0 554872.0 595663.0 568536.0 493416.0 542792.0 732715.0 752947.0 652350.0 246854.0 483279.0 643076.0 175388.0 526266.0 590429.0 732037.0 700704.0 712846.0 405129.0 396680.0 404770.0 545736.0 0 607529.0 431510.0 352981.0 485095.0 431970.0 500938.0 607566.0 429112.0 384432.0 436596.0 872288.0 520425.0 274809.0 240193.0 959305.0 585380.0 572163.0 838600.0 453403.0 1015107.0 695439.0 799204.0 244840.0 755372.0 779183.0 265584.0 545403.0 623633.0 759839.0 652480.0 606149.0 511004.0 525358.0 554984.0 658560.0 684489.0 553175.0 152361.0 148649.0 389429.0 472357.0 846174.0 464710.0 789419.0 476854.0 917411.0 365069.0 504210.0 756356.0 519527.0 630115.0 263345.0 613151.0 796416.0 426388.0 57595.0 570183.0 873511.0 737320.0 393235.0 754407.0 517359.0 678310.0 442752.0 650400.0 745343.0 488297.0 
295553.0 498242.0 69823.0 637035.0 180185.0 534016.0 631421.0 476692.0 659716.0 895396.0 586867.0 747289.0 746951.0 799964.0 760615.0 703417.0 121527.0 311450.0 957248.0 351793.0 557085.0 687580.0 847377.0 485619.0 730567.0 169164.0 924116.0 905005.0 917147.0 715360.0 274071.0 596849.0 737815.0 607529.0 0 623589.0 545060.0 677174.0 624049.0 200381.0 799645.0 621191.0 576511.0 628675.0 571731.0 99160.0 652637.0 550424.0 1163606.0 789681.0 764242.0 1042901.0 763634.0 714550.0 899740.0 1003505.0 555071.0 959673.0 983484.0 469885.0 737482.0 815712.0 152310.0 844559.0 810450.0 703083.0 717437.0 747063.0 359645.0 888790.0 252618.0 462592.0 458880.0 699660.0 171800.0 545617.0 656789.0 181890.0 681155.0 616854.0 242460.0 708511.0 455799.0 711606.0 822194.0 455424.0 805230.0 1003979.0 630689.0 549934.0 148918.0 1077812.0 941621.0 597536.0 946486.0 709438.0 882611.0 752983.0 349843.0 949644.0 692598.0 
434222.0 322223.0 693412.0 461016.0 617510.0 357997.0 101988.0 300673.0 483697.0 719377.0 120336.0 571270.0 217518.0 623945.0 231182.0 527398.0 558852.0 748775.0 781229.0 668410.0 381066.0 511561.0 671358.0 309600.0 554548.0 606489.0 394683.0 728986.0 741128.0 539341.0 412740.0 130318.0 208382.0 431510.0 623589.0 0 78529.0 147741.0 157518.0 516998.0 270212.0 91758.0 47078.0 5086.0 888348.0 536485.0 476618.0 374405.0 987587.0 613662.0 234809.0 866882.0 587615.0 1031167.0 723721.0 827486.0 379052.0 783654.0 807465.0 293866.0 208049.0 349181.0 775899.0 315126.0 634431.0 236552.0 250906.0 280532.0 676262.0 712771.0 569235.0 286573.0 282861.0 523641.0 488417.0 862234.0 190258.0 805479.0 505136.0 933471.0 381129.0 532492.0 772416.0 182173.0 292761.0 168165.0 275797.0 827960.0 454670.0 373915.0 586243.0 901793.0 765602.0 421517.0 417053.0 180005.0 706592.0 576964.0 666460.0 773625.0 516579.0 
355693.0 243694.0 614883.0 382487.0 538981.0 279468.0 86361.0 222144.0 405168.0 640848.0 41807.0 492741.0 201891.0 545416.0 215555.0 448869.0 480323.0 670246.0 702700.0 589881.0 302537.0 433032.0 592829.0 231071.0 476019.0 527960.0 379056.0 650457.0 662599.0 460812.0 334211.0 51789.0 192755.0 352981.0 545060.0 78529.0 0 132114.0 78989.0 438469.0 254585.0 76131.0 31451.0 83615.0 809819.0 457956.0 398089.0 295876.0 909058.0 535133.0 219182.0 788353.0 509086.0 952638.0 645192.0 748957.0 300523.0 705125.0 728936.0 215337.0 192422.0 270652.0 697370.0 299499.0 555902.0 158023.0 172377.0 202003.0 597733.0 634242.0 490706.0 208044.0 204332.0 445112.0 409888.0 783705.0 111729.0 726950.0 426607.0 854942.0 302600.0 453963.0 693887.0 166546.0 277134.0 89636.0 260170.0 749431.0 376141.0 295386.0 507714.0 823264.0 687073.0 342988.0 401426.0 164378.0 628063.0 498435.0 587931.0 695096.0 438050.0 
487807.0 375808.0 746997.0 514601.0 671095.0 411582.0 45753.0 354258.0 537282.0 772962.0 173921.0 624855.0 119161.0 677530.0 132825.0 580983.0 612437.0 802360.0 834814.0 721995.0 434651.0 565146.0 724943.0 363185.0 608133.0 660074.0 296326.0 782571.0 794713.0 592926.0 466325.0 183903.0 110025.0 485095.0 677174.0 147741.0 132114.0 0 211103.0 570583.0 171855.0 145343.0 100663.0 152827.0 930090.0 590070.0 530203.0 427990.0 1041172.0 667247.0 136452.0 920467.0 641200.0 1084752.0 777306.0 881071.0 432637.0 837239.0 861050.0 347451.0 109692.0 402766.0 829484.0 216769.0 688016.0 290137.0 304491.0 334117.0 729847.0 766356.0 622820.0 340158.0 336446.0 577226.0 542002.0 915819.0 243843.0 859064.0 558721.0 987056.0 434714.0 586077.0 826001.0 83816.0 194404.0 221750.0 177440.0 881545.0 508255.0 427500.0 639828.0 955378.0 819187.0 475102.0 318696.0 81648.0 760177.0 630549.0 720045.0 827210.0 570164.0 
434682.0 322683.0 693872.0 461476.0 617970.0 358457.0 165350.0 301133.0 484157.0 719837.0 120796.0 571730.0 280880.0 624405.0 294544.0 527858.0 559312.0 749235.0 781689.0 668870.0 381526.0 512021.0 671818.0 310060.0 555008.0 606949.0 458045.0 729446.0 741588.0 539801.0 413200.0 130778.0 271744.0 431970.0 624049.0 157518.0 78989.0 211103.0 0 517458.0 333574.0 155120.0 110440.0 162604.0 888808.0 536945.0 477078.0 374865.0 988047.0 614122.0 298171.0 867342.0 588075.0 1031627.0 724181.0 827946.0 379512.0 784114.0 807925.0 294326.0 271411.0 349641.0 776359.0 378488.0 634891.0 237012.0 93388.0 280992.0 676722.0 713231.0 569695.0 287033.0 283321.0 524101.0 488877.0 862694.0 190718.0 805939.0 505596.0 933931.0 381589.0 532952.0 772876.0 245535.0 356123.0 168625.0 339159.0 828420.0 455130.0 374375.0 586703.0 902253.0 766062.0 421977.0 480415.0 243367.0 707052.0 577424.0 666920.0 774085.0 517039.0 
188962.0 391651.0 270204.0 530444.0 194302.0 427425.0 524830.0 370101.0 553125.0 788805.0 480276.0 640698.0 640360.0 693373.0 654024.0 589725.0 135644.0 325567.0 850657.0 245202.0 450494.0 580989.0 740786.0 379028.0 623976.0 131635.0 817525.0 798414.0 810556.0 608769.0 167480.0 490258.0 631224.0 500938.0 200381.0 516998.0 438469.0 570583.0 517458.0 0 693054.0 514600.0 469920.0 522084.0 465140.0 113277.0 546046.0 443833.0 1057015.0 683090.0 657651.0 936310.0 657043.0 607959.0 793149.0 896914.0 448480.0 853082.0 876893.0 363294.0 630891.0 709121.0 352691.0 737968.0 703859.0 596492.0 610846.0 640472.0 253054.0 782199.0 146027.0 356001.0 352289.0 593069.0 65209.0 439026.0 550198.0 382271.0 574564.0 510263.0 135869.0 601920.0 349208.0 605015.0 715603.0 348833.0 696103.0 897388.0 524098.0 443343.0 163035.0 971221.0 835030.0 490945.0 839895.0 602847.0 776020.0 646392.0 243252.0 841878.0 577696.0 
610278.0 498279.0 869468.0 637072.0 793566.0 534053.0 168224.0 476729.0 659753.0 895433.0 296392.0 747326.0 241632.0 800001.0 255296.0 703454.0 734908.0 924831.0 957285.0 844466.0 557122.0 687617.0 847414.0 485656.0 730604.0 782545.0 418797.0 905042.0 917184.0 715397.0 588796.0 306374.0 232496.0 607566.0 799645.0 270212.0 254585.0 171855.0 333574.0 693054.0 0 267814.0 223134.0 275298.0 1064404.0 712541.0 652674.0 550461.0 1163643.0 789718.0 35403.0 1042938.0 763671.0 1207223.0 899777.0 1003542.0 555108.0 959710.0 983521.0 469922.0 232163.0 525237.0 951955.0 339240.0 810487.0 412608.0 426962.0 456588.0 852318.0 888827.0 745291.0 462629.0 458917.0 699697.0 664473.0 1038290.0 366314.0 981535.0 681192.0 1109527.0 557185.0 708548.0 948472.0 206287.0 316875.0 344221.0 5585.0 1004016.0 630726.0 549971.0 762299.0 1077849.0 941658.0 597573.0 441167.0 204119.0 882648.0 753020.0 842516.0 949681.0 692635.0 
431824.0 319825.0 691014.0 458618.0 615112.0 355599.0 99590.0 298275.0 481299.0 716979.0 117938.0 568872.0 215120.0 621547.0 228784.0 525000.0 556454.0 746377.0 778831.0 666012.0 378668.0 509163.0 668960.0 307202.0 552150.0 604091.0 392285.0 726588.0 738730.0 536943.0 410342.0 127920.0 205984.0 429112.0 621191.0 91758.0 76131.0 145343.0 155120.0 514600.0 267814.0 0 44680.0 96844.0 885950.0 534087.0 474220.0 372007.0 985189.0 611264.0 232411.0 864484.0 585217.0 1028769.0 721323.0 825088.0 376654.0 781256.0 805067.0 291468.0 205651.0 346783.0 773501.0 312728.0 632033.0 234154.0 248508.0 278134.0 673864.0 710373.0 566837.0 284175.0 280463.0 521243.0 486019.0 859836.0 187860.0 803081.0 502738.0 931073.0 378731.0 530094.0 770018.0 179775.0 290363.0 165767.0 273399.0 825562.0 452272.0 371517.0 583845.0 899395.0 763204.0 419119.0 414655.0 177607.0 704194.0 574566.0 664062.0 771227.0 514181.0 
387144.0 275145.0 646334.0 413938.0 570432.0 310919.0 54910.0 253595.0 436619.0 672299.0 73258.0 524192.0 170440.0 576867.0 184104.0 480320.0 511774.0 701697.0 734151.0 621332.0 333988.0 464483.0 624280.0 262522.0 507470.0 559411.0 347605.0 681908.0 694050.0 492263.0 365662.0 83240.0 161304.0 384432.0 576511.0 47078.0 31451.0 100663.0 110440.0 469920.0 223134.0 44680.0 0 52164.0 841270.0 489407.0 429540.0 327327.0 940509.0 566584.0 187731.0 819804.0 540537.0 984089.0 676643.0 780408.0 331974.0 736576.0 760387.0 246788.0 160971.0 302103.0 728821.0 268048.0 587353.0 189474.0 203828.0 233454.0 629184.0 665693.0 522157.0 239495.0 235783.0 476563.0 441339.0 815156.0 143180.0 758401.0 458058.0 886393.0 334051.0 485414.0 725338.0 135095.0 245683.0 121087.0 228719.0 780882.0 407592.0 326837.0 539165.0 854715.0 718524.0 374439.0 369975.0 132927.0 659514.0 529886.0 619382.0 726547.0 469501.0 
