7
Location1 Location2 Location3 Location4 Location5 Location6 Location0
0 395.0 492.0 459.0 414.0 659.0 601.0 
395.0 0 421.0 602.0 275.0 420.0 634.0 
492.0 421.0 0 701.0 218.0 463.0 677.0 
459.0 602.0 701.0 0 483.0 586.0 450.0 
414.0 275.0 218.0 483.0 0 245.0 459.0 
659.0 420.0 463.0 586.0 245.0 0 510.0 
601.0 634.0 677.0 450.0 459.0 510.0 0 
