51
39 91 52 84 21 63 34 38 50 87 69 58 41 89 27 2 59 1 46 92 26 47 80 24 77 57 51 35 70 18 68 17 82 54 71 40 10 56 66 78 95 44 61 33 5 7 53 19 31 29 45
0 377.4737 789.0804 362.1427 781.7594 282.0167 821.8278 437.6316 461.9633 239.0169 695.3372 520.8437 274.7873 293.8129 134.4029 279.4913 336.9839 525.6293 434.8473 609.0985 465.6248 221.2933 510.7293 579.4294 388.6971 736.6357 173.5817 705.7616 246.9336 360.1363 771.1436 349.561 245.3413 197.4866 145.6651 169.4735 614.2988 770.6292 594.3716 521.9902 540.5877 763.7344 924.6729 973.2221 211.6032 405.4883 531.8483 680.887 792.4072 773.0175 582.407 
377.4737 0 823.5954 383.1543 471.9512 96.4402 707.2613 215.2897 211.8764 230.8878 483.8214 268.8409 220.3823 305.6111 272.4724 219.0316 542.4538 247.2643 88.9731 759.8714 366.1979 330.6459 711.5107 484.9486 18.0559 439.4447 218.5393 349.9431 210.9446 633.3486 653.1727 726.0219 514.3598 324.1394 463.619 339.5563 237.3718 747.7914 293.0242 276.3771 640.4617 465.4313 662.416 687.4808 190.8883 271.0293 293.8919 334.3258 734.8644 606.6946 328.8976 
789.0804 823.5954 0 462.8771 734.0635 809.8776 314.7721 624.8508 644.1332 645.5805 514.2336 1092.2562 945.5718 551.7139 851.3222 948.2059 477.1594 1070.3182 909.2213 267.1406 461.1102 587.9813 382.5876 363.539 840.7097 692.2885 729.6874 840.2065 914.6511 544.6186 322.9064 939.3364 583.6588 611.2395 676.9371 933.9886 943.8507 128.4254 688.0937 612.322 254.7763 700.8845 664.7597 746.2282 715.9517 553.5489 597.6417 802.5341 196.4413 420.5698 1152.3024 
362.1427 383.1543 462.8771 0 535.6285 351.6052 460.6682 237.7553 268.346 182.751 378.6667 645.0758 482.6955 88.8438 395.1492 485.3422 218.9568 628.0224 472.0822 378.9018 135.3684 141.1325 349.256 222.7141 401.1633 484.2421 268.1246 541.3537 451.8215 338.816 411.19 627.5243 265.5355 165.3309 304.088 482.4888 561.6097 418.5546 383.1897 285.5804 257.3516 507.8169 617.9087 681.6729 253.085 152.8788 283.2801 504.9036 432.7841 425.4033 708.0091 
781.7594 471.9512 734.0635 535.6285 0 549.9984 461.0652 346.0425 319.9693 547.8682 220.3857 650.0767 692.3308 535.0322 718.8092 690.9662 753.8838 613.7906 496.9329 830.2066 405.2516 612.774 852.9631 406.2583 475.1062 51.5465 610.4688 177.7451 681.2336 874.3659 426.3879 1116.8777 792.9026 626.0674 799.8683 799.8919 372.8834 611.242 188.7388 265.3898 699.3745 33.3937 216.026 218.9409 572.1105 401.8787 260.4084 162.1545 557.1372 330.0146 681.4541 
282.0167 96.4402 809.8776 351.6052 549.9984 0 731.1406 247.8731 256.4276 175.4209 530.5431 299.6269 157.5074 265.1469 177.4656 158.0367 479.0859 288.8881 159.0598 715.9358 369.7723 267.903 654.8925 495.26 106.6943 512.89 133.0967 441.3416 137.0676 559.473 676.6798 629.8745 437.5053 255.9586 376.9058 250.8037 332.3018 747.3838 364.1145 324.9866 605.2 539.6981 728.4645 760.6984 115.6789 275.537 340.7818 422.5953 743.5332 643.098 364.1821 
821.8278 707.2613 314.7721 460.6682 461.0652 731.1406 0 492.2814 496.9608 609.8504 262.4228 964.6578 886.5203 531.2476 834.8812 887.6894 600.9787 935.1974 778.7058 515.7848 369.3068 600.6188 596.6986 244.9979 721.0103 429.8571 701.3785 602.9777 860.9835 707.9527 54.4689 1068.7276 691.4474 624.3413 756.1504 925.7527 751.7141 188.2209 479.9186 439.7061 422.4131 430.2456 353.4337 434.4554 673.4878 457.4486 421.826 569.4702 118.3844 131.661 1015.9083 
437.6316 215.2897 624.8508 237.7553 346.0425 247.8731 492.2814 0 31.5422 201.8312 283.2928 478.8071 405.3058 202.4149 391.0074 405.6779 447.4579 452.6165 291.9137 606.1006 164.5847 273.1739 586.8136 272.9704 229.7298 299.4673 270.0481 309.4569 384.1461 561.1427 438.0831 771.0294 463.282 283.5097 457.1342 478.9922 331.4419 539.0202 164.087 85.0668 476.1111 326.4432 493.8617 537.0037 232.4392 85.8378 97.4261 275.2231 521.5858 396.4443 534.7695 
461.9633 211.8764 644.1332 268.346 319.9693 256.4276 496.9608 31.5422 0 228.8567 275.2843 469.0008 412.6888 233.7864 408.4446 412.7044 478.9308 441.1606 282.2813 634.0135 186.9955 303.6065 617.0756 287.1786 224.637 274.8179 291.959 277.9346 393.4867 592.681 443.2448 798.384 494.4294 313.227 486.4756 494.8222 305.8011 554.1044 135.0349 68.5819 503.2507 301.9792 476.3388 516.0163 253.8232 115.7071 84.5522 243.8396 533.0551 394.9424 522.9257 
239.0169 230.8878 645.5805 182.751 547.8682 175.4209 609.8504 201.8312 228.8567 0 458.2341 474.691 300.0328 93.9225 225.0654 302.6304 311.5879 462.0964 316.8623 540.5317 241.4191 100.0735 482.7984 365.0876 248.3465 501.0856 91.7038 493.1277 269.4137 405.3596 556.6509 569.5335 290.5057 97.2086 261.8979 315.908 449.7476 595.5341 363.7293 284.6785 431.0309 527.9577 685.7062 734.6229 70.4154 168.2413 293.6015 463.3526 601.7883 545.0268 539.0186 
695.3372 483.8214 514.2336 378.6667 220.3857 530.5431 262.4228 283.2928 275.2843 458.2341 0 723.9204 687.5459 410.2238 669.5149 687.6873 584.2452 691.8811 542.9342 619.9149 244.5499 491.1378 656.095 198.0888 494.5529 178.3404 541.4341 341.755 667.2406 705.0969 218.1629 1000.3445 644.0789 510.3964 675.2194 759.1907 492.3847 393.1443 222.0851 207.8915 492.6645 187.0441 239.249 305.357 506.2894 290.14 190.9088 307.4248 343.4552 135.6198 770.2899 
520.8437 268.8409 1092.2562 645.0758 650.0767 299.6269 964.6578 478.8071 469.0008 474.691 723.9204 0 248.7433 561.7009 386.5514 243.9975 776.3217 37.2034 186.9735 1015.0698 634.7189 566.8743 953.7448 751.367 252.0914 633.7598 423.0938 483.1986 274.1347 848.0731 911.4275 830.0046 724.6017 553.4173 648.4254 392.7872 287.4181 1015.8308 508.1783 525.3228 901.5437 655.3819 862.0121 867.1309 413.9236 539.8185 543.2713 488.8511 1000.3912 854.8129 64.8613 
274.7873 220.3823 945.5718 482.6955 692.3308 157.5074 886.5203 405.3058 412.6888 300.0328 687.5459 248.7433 0 393.8586 140.8804 4.7538 563.4184 258.7235 221.5996 822.0702 521.3594 369.8143 744.0646 647.7085 218.3984 659.1815 219.3671 563.6961 32.6598 618.3994 832.1197 584.8357 495.8108 350.4999 409.9554 150.489 413.2668 892.6543 511.6408 481.0334 724.0765 685.3838 879.8648 907.4121 229.6311 429.3217 497.2293 551.7715 893.5166 800.5117 308.5341 
293.8129 305.6111 551.7139 88.8438 535.0322 265.1469 531.2476 202.4149 233.7864 93.9225 410.2238 561.7009 393.8586 0 310.2696 396.499 250.9654 546.5123 394.2962 454.9373 172.4049 81.1272 408.6536 286.9735 323.6429 485.1323 180.5418 511.497 363.0418 360.1864 479.426 591.927 261.3489 100.4616 268.1521 399.2822 502.9884 504.363 363.698 271.296 340.2384 510.7564 646.41 703.1187 164.2416 133.1864 274.6718 477.6202 514.2093 479.4851 625.3396 
134.4029 272.4724 851.3222 395.1492 718.8092 177.4656 834.8812 391.0074 408.4446 225.0654 669.5149 386.5514 140.8804 310.2696 0 145.5382 436.2142 392.2286 314.4036 702.6202 466.0464 263.4318 616.1526 590.1525 279.8328 678.3906 133.5245 618.4647 112.5332 481.2768 781.5844 463.1719 360.1149 240.5947 270.2169 91.1461 502.1393 813.6464 530.4471 475.126 615.74 705.5517 884.4317 923.5955 164.3679 385.8132 488.4153 598.6257 824.3541 766.2575 448.0045 
279.4913 219.0316 948.2059 485.3422 690.9662 158.0367 887.6894 405.6779 412.7044 302.6304 687.6873 243.9975 4.7538 396.499 145.5382 0 567.3705 254.0648 218.5534 825.6622 522.906 373.197 748.0051 649.2109 216.6788 658.0863 222.6061 561.4699 36.5227 622.7654 833.275 589.4314 500.125 354.0173 414.4882 154.8255 410.0028 894.7653 510.7046 480.9843 727.2816 684.237 879.1344 906.281 232.2575 430.6158 497.2549 549.8271 895.2854 801.13 303.7832 
336.9839 542.4538 477.1594 218.9568 753.8838 479.0859 600.9787 447.4579 478.9308 311.5879 584.2452 776.3217 563.4184 250.9654 436.2142 567.3705 0 767.83 628.102 272.163 349.7535 212.4558 180.6631 401.099 559.9342 702.3994 353.9919 755.9617 530.8481 121.2606 561.4428 474.4741 106.636 223.1994 205.0009 501.346 752.8314 492.0196 600.5537 503.444 222.5493 725.4723 821.0414 889.598 363.4407 366.7536 501.9325 720.4217 533.9274 603.4025 841.181 
525.6293 247.2643 1070.3182 628.0224 613.7906 288.8881 935.1974 452.6165 441.1606 462.0964 691.8811 37.2034 258.7235 546.5123 392.2286 254.0648 767.83 0 161.4309 1001.134 611.0234 556.748 943.6624 725.5746 229.8246 598.2307 416.814 446.2252 281.0807 843.9408 882.2703 843.224 720.7509 544.6327 648.4739 406.6988 250.2196 991.0553 474.6663 495.5084 885.1802 619.5708 826.2372 830.541 404.4135 516.9299 513.4125 452.3371 973.7625 823.6344 82.2485 
434.8473 88.9731 909.2213 472.0822 496.9329 159.0598 778.7058 291.9137 282.2813 316.8623 542.9342 186.9735 221.5996 394.2962 314.4036 218.5534 628.102 161.4309 0 848.7809 449.601 415.7084 799.0134 564.6777 70.9339 472.0888 291.6862 350.2292 225.2951 715.0962 725.2364 777.1615 594.3154 407.3854 535.9599 363.5106 192.4472 829.7703 334.6566 340.406 729.3557 496.2264 700.133 715.7688 269.6512 355.6998 358.3593 344.1424 813.4687 671.4381 243.6636 
609.0985 759.8714 267.1406 378.9018 830.2066 715.9358 515.7848 606.1006 634.0135 540.5317 619.9149 1015.0698 822.0702 454.9373 702.6202 825.6622 272.163 1001.134 848.7809 0 454.9698 453.782 122.4195 424.351 777.9272 780.8646 604.6079 887.0083 789.4578 298.8132 498.3958 691.9573 371.9546 471.7818 474.5953 772.112 936.5351 345.1013 724.2128 630.2316 133.2952 797.5755 826.1749 905.0604 604.5447 520.9187 621.2995 848.635 410.3235 577.4155 1079.1967 
465.6248 366.1979 461.1102 135.3684 405.2516 369.7723 369.3068 164.5847 186.9955 241.4191 244.5499 634.7189 521.3594 172.4049 466.0464 522.906 349.7535 611.0234 449.601 454.9698 0 251.1536 454.9965 126.4568 382.6536 353.7056 332.5387 433.3533 494.371 470.8327 315.686 756.7936 400.6876 272.3299 431.6836 557.09 492.5266 381.8325 270.6457 175.3128 322.1788 376.131 483.6435 546.4065 304.1868 95.8641 167.2409 395.2805 373.8255 307.4032 693.2332 
221.2933 330.6459 587.9813 141.1325 612.774 267.903 600.6188 273.1739 303.6065 100.0735 491.1378 566.8743 369.8143 81.1272 263.4318 373.197 212.4558 556.748 415.7084 453.782 251.1536 0 387.01 359.1459 347.9542 563.4394 151.0051 578.2026 337.4128 305.9971 550.2175 510.8859 194.6184 24.3404 187.8329 346.8853 548.3289 555.7673 436.9331 347.7379 355.1957 589.3982 727.5361 784.0037 152.9714 212.1747 352.5279 546.0167 573.268 556.5555 631.6246 
510.7293 711.5107 382.5876 349.256 852.9631 654.8925 596.6986 586.8136 617.0756 482.7984 656.095 953.7448 744.0646 408.6536 616.1526 748.0051 180.6631 943.6624 799.0134 122.4195 454.9965 387.01 0 458.3845 729.3562 801.9634 533.0864 885.4737 711.4839 178.5042 570.5509 569.694 266.5579 400.6492 369.7046 678.0967 908.7437 442.852 723.9493 626.6255 175.3469 821.7079 878.5919 954.3082 539.8506 501.3688 620.903 848.0149 502.059 637.4753 1018.5372 
579.4294 484.9486 363.539 222.7141 406.2583 495.26 244.9979 272.9704 287.1786 365.0876 198.0888 751.367 647.7085 286.9735 590.1525 649.2109 401.099 725.5746 564.6777 424.351 126.4568 359.1459 458.3845 0 500.5446 357.6269 456.7215 483.0863 620.8229 519.5414 192.5326 846.9193 475.2989 382.3311 525.8055 680.9188 581.0088 266.94 326.2105 249.1761 295.1747 373.4389 424.3815 497.5455 429.7484 219.8307 234.1758 444.7499 250.1024 205.2569 807.7384 
388.6971 18.0559 840.7097 401.1633 475.1062 106.6943 721.0103 229.7298 224.637 248.3465 494.5529 252.0914 218.3984 323.6429 279.8328 216.6788 559.9342 229.8246 70.9339 777.9272 382.6536 347.9542 729.3562 500.5446 0 444.1647 232.9087 347.4776 211.612 650.0558 667.0384 736.388 530.6584 341.0476 478.2554 343.3649 225.6083 764.0122 299.1704 287.7847 658.4566 469.8197 668.6439 691.7232 206.5438 287.7614 305.4699 333.7398 750.2835 618.8493 311.6253 
736.6357 439.4447 692.2885 484.2421 51.5465 512.89 429.8571 299.4673 274.8179 501.0856 178.3404 633.7598 659.1815 485.1323 678.3906 658.0863 702.3994 598.2307 472.0888 780.8646 353.7056 563.4394 801.9634 357.6269 444.1647 0 566.5672 182.1242 646.3276 822.9325 391.442 1069.2172 742.2054 577.2693 750.8659 761.2564 365.8634 571.4312 148.7961 217.0755 649.5684 27.2289 228.7448 248.2864 528.3148 351.9494 210.9267 156.647 520.1823 298.2071 669.3166 
173.5817 218.5393 729.6874 268.1246 610.4688 133.0967 701.3785 270.0481 291.959 91.7038 541.4341 423.0938 219.3671 180.5418 133.5245 222.6061 353.9919 416.814 291.6862 604.6079 332.5387 151.0051 533.0864 456.7215 232.9087 566.5672 0 532.7957 187.2322 427.6706 648.0605 520.7587 305.0601 133.316 245.3801 224.5554 454.51 684.8352 422.2825 355.112 504.7123 593.7688 762.8359 807.0025 38.3807 254.1999 366.6406 507.415 692.8316 633.9745 487.9252 
705.7616 349.9431 840.2065 541.3537 177.7451 441.3416 602.9777 309.4569 277.9346 493.1277 341.755 483.1986 563.6961 511.497 618.4647 561.4699 755.9617 446.2252 350.2292 887.0083 433.3533 578.2026 885.4737 483.0863 347.4776 182.1242 532.7957 0 559.0237 870.5676 559.9158 1053.3575 771.1703 585.1015 755.02 689.4496 198.74 726.8175 162.848 258.992 753.7448 194.1975 393.4889 386.6755 495.6814 389.5386 266.1363 38.5588 682.9831 472.5647 509.2456 
246.9336 210.9446 914.6511 451.8215 681.2336 137.0676 860.9835 384.1461 393.4867 269.4137 667.2406 274.1347 32.6598 363.0418 112.5332 36.5227 530.8481 281.0807 225.2951 789.4578 494.371 337.4128 711.4839 620.8229 211.612 646.3276 187.2322 559.0237 0 586.8552 806.6644 565.7278 464.055 317.9526 379.5091 138.506 417.7165 863.3577 497.9838 462.0513 691.909 672.8378 864.494 894.5737 199.0232 403.535 477.7951 544.995 865.4719 777.6307 335.4815 
360.1363 633.3486 544.6186 338.816 874.3659 559.473 707.9527 561.1427 592.681 405.3596 705.0969 848.0731 618.3994 360.1864 481.2768 622.7654 121.2606 843.9408 715.0962 298.8132 470.8327 305.9971 178.5042 519.5414 650.0558 822.9325 427.6706 870.5676 586.8552 0 671.7396 395.6285 123.5088 309.4378 214.4822 529.5086 854.2902 581.6129 717.7079 621.2892 301.4274 846.23 941.2737 1010.445 445.5302 483.1419 620.6338 835.7944 630.9686 719.6191 912.5531 
771.1436 653.1727 322.9064 411.19 426.3879 676.6798 54.4689 438.0831 443.2448 556.6509 218.1629 911.4275 832.1197 479.426 781.5844 833.275 561.4428 882.2703 725.2364 498.3958 315.686 550.2175 570.5509 192.5326 667.0384 391.442 648.0605 559.9158 806.6644 671.7396 0 1025.1328 648.5476 573.7362 709.6234 872.5426 702.6872 194.6291 431.0644 386.9843 395.2185 394.4657 343.0366 424.4834 619.7704 403.1376 369.1727 525.3597 132.3284 99.1661 963.1952 
349.561 726.0219 939.3364 627.5243 1116.8777 629.8745 1068.7276 771.0294 798.384 569.5335 1000.3445 830.0046 584.8357 591.927 463.1719 589.4314 474.4741 843.224 777.1615 691.9573 756.7936 510.8859 569.694 846.9193 736.388 1069.2172 520.7587 1053.3575 565.7278 395.6285 1025.1328 0 377.4159 494.0356 325.1605 437.2202 961.7057 966.0896 933.1523 852.1447 690.5084 1095.8003 1237.9809 1294.8034 557.6762 721.7577 859.2042 1027.0264 1008.0498 1051.7618 884.7021 
245.3413 514.3598 583.6588 265.5355 792.9026 437.5053 691.4474 463.282 494.4294 290.5057 644.0789 724.6017 495.8108 261.3489 360.1149 500.125 106.636 720.7509 594.3154 371.9546 400.6876 194.6184 266.5579 475.2989 530.6584 742.2054 305.0601 771.1703 464.055 123.5088 648.5476 377.4159 0 193.3041 103.3208 414.1911 740.0753 594.1895 625.018 531.6625 328.9297 767.0078 883.2685 947.0932 324.7607 392.4335 533.7023 738.0911 632.392 680.4774 789.0599 
197.4866 324.1394 611.2395 165.3309 626.0674 255.9586 624.3413 283.5097 313.227 97.2086 510.3964 553.4173 350.4999 100.4616 240.5947 354.0173 223.1994 544.6327 407.3854 471.7818 272.3299 24.3404 400.6492 382.3311 341.0476 577.2693 133.316 585.1015 317.9526 309.4378 573.7362 494.0356 193.3041 0 173.9216 323.1506 546.837 580.0185 447.5965 360.6859 376.3697 603.4938 745.7774 800.9386 140.2823 227.7328 366.4522 553.8137 597.5951 578.6174 618.2596 
145.6651 463.619 676.9371 304.088 799.8683 376.9058 756.1504 457.1342 486.4756 261.8979 675.2194 648.4254 409.9554 268.1521 270.2169 414.4882 205.0009 648.4739 535.9599 474.5953 431.6836 187.8329 369.7046 525.8055 478.2554 750.8659 245.3801 755.02 379.5091 214.4822 709.6234 325.1605 103.3208 173.9216 0 315.0973 698.0061 676.5553 621.1755 534.5239 422.8069 776.96 913.1224 971.1417 274.1081 399.9998 539.9527 724.9568 708.5463 729.458 711.886 
169.4735 339.5563 933.9886 482.4888 799.8919 250.8037 925.7527 478.9922 494.8222 315.908 759.1907 392.7872 150.489 399.2822 91.1461 154.8255 501.346 406.6988 363.5106 772.112 557.09 346.8853 678.0967 680.9188 343.3649 761.2564 224.5554 689.4496 138.506 529.5086 872.5426 437.2202 414.1911 323.1506 315.0973 0 555.7769 900.8984 612.6222 562.3176 693.2936 788.2809 971.1528 1007.9271 255.281 476.7682 576.181 672.5209 913.4473 857.2625 448.2845 
614.2988 237.3718 943.8507 561.6097 372.8834 332.3018 751.7141 331.4419 305.8011 449.7476 492.3847 287.4181 413.2668 502.9884 502.1393 410.0028 752.8314 250.2196 192.4472 936.5351 492.5266 548.3289 908.7437 581.0088 225.6083 365.8634 454.51 198.74 417.7165 854.2902 702.6872 961.7057 740.0753 546.837 698.0061 555.7769 0 844.5268 271.7996 331.8407 807.3801 383.7287 588.5708 585.3675 423.8988 415.7562 347.2647 211.2738 812.7818 628.0042 310.5333 
770.6292 747.7914 128.4254 418.5546 611.242 747.3838 188.2209 539.0202 554.1044 595.5341 393.1443 1015.8308 892.6543 504.363 813.6464 894.7653 492.0196 991.0553 829.7703 345.1013 381.8325 555.7673 442.852 266.94 764.0122 571.4312 684.8352 726.8175 863.3577 581.6129 194.6291 966.0896 594.1895 580.0185 676.5553 900.8984 844.5268 0 580.7773 513.5515 280.4902 578.3389 536.381 617.8581 665.2059 477.5888 497.5134 689.9229 70.5296 292.7946 1073.2952 
594.3716 293.0242 688.0937 383.1897 188.7388 364.1145 479.9186 164.087 135.0349 363.7293 222.0851 508.1783 511.6408 363.698 530.4471 510.7046 600.5537 474.6663 334.6566 724.2128 270.6457 436.9331 723.9493 326.2105 299.1704 148.7961 422.2825 162.848 497.9838 717.7079 431.0644 933.1523 625.018 447.5965 621.1755 612.6222 271.7996 580.7773 0 97.7992 590.9697 175.706 369.5064 396.7091 383.9023 234.6204 103.4141 124.6456 544.181 357.3763 551.2155 
521.9902 276.3771 612.322 285.5804 265.3898 324.9866 439.7061 85.0668 68.5819 284.6785 207.8915 525.3228 481.0334 271.296 475.126 480.9843 503.444 495.5084 340.406 630.2316 175.3128 347.7379 626.6255 249.1761 287.7847 217.0755 355.112 258.992 462.0513 621.2892 386.9843 852.1447 531.6625 360.6859 534.5239 562.3176 331.8407 513.5515 97.7992 0 497.2964 243.691 409.324 451.9914 317.4919 139.3319 17.9604 221.3907 485.8197 331.514 576.2399 
540.5877 640.4617 254.7763 257.3516 699.3745 605.2 422.4131 476.1111 503.2507 431.0309 492.6645 901.5437 724.0765 340.2384 615.74 727.2816 222.5493 885.1802 729.3557 133.2952 322.1788 355.1957 175.3469 295.1747 658.4566 649.5684 504.7123 753.7448 691.909 301.4274 395.2185 690.5084 328.9297 376.3697 422.8069 693.2936 807.3801 280.4902 590.9697 497.2964 0 667.0126 707.728 784.8869 498.7628 391.7719 488.1427 715.3595 333.2928 463.609 964.8326 
763.7344 465.4313 700.8845 507.8169 33.3937 539.6981 430.2456 326.4432 301.9792 527.9577 187.0441 655.3819 685.3838 510.7564 705.5517 684.237 725.4723 619.5708 496.2264 797.5755 376.131 589.3982 821.7079 373.4389 469.8197 27.2289 593.7688 194.1975 672.8378 846.23 394.4657 1095.8003 767.0078 603.4938 776.96 788.2809 383.7287 578.3389 175.706 243.691 667.0126 0 206.6699 222.0534 555.5228 377.6247 237.0443 172.7628 524.7984 298.8467 689.4977 
924.6729 662.416 664.7597 617.9087 216.026 728.4645 353.4337 493.8617 476.3388 685.7062 239.249 862.0121 879.8648 646.41 884.4317 879.1344 821.0414 826.2372 700.133 826.1749 483.6435 727.5361 878.5919 424.3815 668.6439 228.7448 762.8359 393.4889 864.494 941.2737 343.0366 1237.9809 883.2685 745.7774 913.1224 971.1528 588.5708 536.381 369.5064 409.324 707.728 206.6699 0 81.4874 725.7905 520.5068 396.5413 377.3734 469.5314 250.7867 895.8848 
973.2221 687.4808 746.2282 681.6729 218.9409 760.6984 434.4554 537.0037 516.0163 734.6229 305.357 867.1309 907.4121 703.1187 923.5955 906.281 889.598 830.541 715.7688 905.0604 546.4065 784.0037 954.3082 497.5455 691.7232 248.2864 807.0025 386.6755 894.5737 1010.445 424.4834 1294.8034 947.0932 800.9386 971.1417 1007.9271 585.3675 617.8581 396.7091 451.9914 784.8869 222.0534 81.4874 0 769.2065 573.5301 441.4139 378.3111 550.8862 331.4952 895.7447 
211.6032 190.8883 715.9517 253.085 572.1105 115.6789 673.4878 232.4392 253.8232 70.4154 506.2894 413.9236 229.6311 164.2416 164.3679 232.2575 363.4407 404.4135 269.6512 604.5447 304.1868 152.9714 539.8506 429.7484 206.5438 528.3148 38.3807 495.6814 199.0232 445.5302 619.7704 557.6762 324.7607 140.2823 274.1081 255.281 423.8988 665.2059 383.9023 317.4919 498.7628 555.5228 725.7905 769.2065 0 221.4876 329.3537 469.8 669.8957 601.9857 478.6951 
405.4883 271.0293 553.5489 152.8788 401.8787 275.537 457.4486 85.8378 115.7071 168.2413 290.14 539.8185 429.3217 133.1864 385.8132 430.6158 366.7536 516.9299 355.6998 520.9187 95.8641 212.1747 501.3688 219.8307 287.7614 351.9494 254.1999 389.5386 403.535 483.1419 403.1376 721.7577 392.4335 227.7328 399.9998 476.7682 415.7562 477.5888 234.6204 139.3319 391.7719 377.6247 520.5068 573.5301 221.4876 0 141.6201 353.707 469.0181 380.5114 599.0272 
531.8483 293.8919 597.6417 283.2801 260.4084 340.7818 421.826 97.4261 84.5522 293.6015 190.9088 543.2713 497.2293 274.6718 488.4153 497.2549 501.9325 513.4125 358.3593 621.2995 167.2409 352.5279 620.903 234.1758 305.4699 210.9267 366.6406 266.1363 477.7951 620.6338 369.1727 859.2042 533.7023 366.4522 539.9527 576.181 347.2647 497.5134 103.4141 17.9604 488.1427 237.0443 396.5413 441.4139 329.3537 141.6201 0 228.04 468.8588 313.6567 594.095 
680.887 334.3258 802.5341 504.9036 162.1545 422.5953 569.4702 275.2231 243.8396 463.3526 307.4248 488.8511 551.7715 477.6202 598.6257 549.8271 720.4217 452.3371 344.1424 848.635 395.2805 546.0167 848.0149 444.7499 333.7398 156.647 507.415 38.5588 544.995 835.7944 525.3597 1027.0264 738.0911 553.8137 724.9568 672.5209 211.2738 689.9229 124.6456 221.3907 715.3595 172.7628 377.3734 378.3111 469.8 353.707 228.04 0 647.118 439.843 519.3057 
792.4072 734.8644 196.4413 432.7841 557.1372 743.5332 118.3844 521.5858 533.0551 601.7883 343.4552 1000.3912 893.5166 514.2093 824.3541 895.2854 533.9274 973.7625 813.4687 410.3235 373.8255 573.268 502.059 250.1024 750.2835 520.1823 692.8316 682.9831 865.4719 630.9686 132.3284 1008.0498 632.392 597.5951 708.5463 913.4473 812.7818 70.5296 544.181 485.8197 333.2928 524.7984 469.5314 550.8862 669.8957 469.0181 468.8588 647.118 0 231.4658 1055.7397 
773.0175 606.6946 420.5698 425.4033 330.0146 643.098 131.661 396.4443 394.9424 545.0268 135.6198 854.8129 800.5117 479.4851 766.2575 801.13 603.4025 823.6344 671.4381 577.4155 307.4032 556.5555 637.4753 205.2569 618.8493 298.2071 633.9745 472.5647 777.6307 719.6191 99.1661 1051.7618 680.4774 578.6174 729.458 857.2625 628.0042 292.7946 357.3763 331.514 463.609 298.8467 250.7867 331.4952 601.9857 380.5114 313.6567 439.843 231.4658 0 902.9318 
582.407 328.8976 1152.3024 708.0091 681.4541 364.1821 1015.9083 534.7695 522.9257 539.0186 770.2899 64.8613 308.5341 625.3396 448.0045 303.7832 841.181 82.2485 243.6636 1079.1967 693.2332 631.6246 1018.5372 807.7384 311.6253 669.3166 487.9252 509.2456 335.4815 912.5531 963.1952 884.7021 789.0599 618.2596 711.886 448.2845 310.5333 1073.2952 551.2155 576.2399 964.8326 689.4977 895.8848 895.7447 478.6951 599.0272 594.095 519.3057 1055.7397 902.9318 0 
