101
175 127 78 93 58 66 167 69 160 195 13 65 32 198 197 173 77 20 38 80 81 147 82 120 125 196 22 180 105 108 46 119 117 49 114 143 21 94 106 74 90 60 88 48 14 169 148 184 151 112 179 110 27 86 140 34 138 7 134 107 123 128 30 168 103 188 35 99 137 4 156 164 47 28 170 64 12 6 186 67 89 146 9 33 141 57 115 191 42 152 149 29 68 45 131 83 121 52 171 199 31
0 509.9656 560.0903 549.1915 552.2696 564.5114 252.3978 535.0206 546.5724 734.9713 564.8481 490.3194 550.2182 820.3522 852.7458 712.6932 519.4434 567.6034 537.3296 521.3656 563.179 551.8 495.6114 504.3044 528.2567 68.4723 560.3857 783.6057 509.4685 543.3296 485.5956 559.3824 571.1028 555.426 490.1066 515.111 481.3721 489.78 567.6501 503.2859 511.7578 530.8863 520.72 481.5901 571.0529 726.0946 517.3311 731.4891 530.8873 499.5818 599.4324 527.3511 558.5473 554.1805 489.9628 546.344 542.7565 549.2359 544.5766 499.6131 568.0295 486.7722 546.6 403.1386 561.0087 387.5355 527.4439 475.9059 502.4235 532.6765 474.9477 638.2917 497.1531 527.3805 922.7839 530.4666 501.0776 549.0898 489.5526 546.8926 520.6573 497.0179 529.9743 508.426 558.4611 524.5795 564.8501 997.1947 513.9911 510.9477 492.9107 511.5642 554.2525 486.4623 561.9207 515.5942 496.1691 486.4552 855.0733 460.7974 499.085 
509.9656 0 84.7112 73.2512 42.7147 58.2613 370.36 25.6082 54.7194 873.8675 54.9356 24.0321 44.2521 1124.6363 827.2528 1030.0915 10.4085 60.5498 27.3747 44.9517 53.2136 73.8603 63.6151 18.3599 18.9838 446.0171 64.3307 662.0439 26.3335 61.1858 25.295 49.8949 74.1759 74.8755 40.3467 42.6454 75.9041 71.5406 78.2074 17.3829 37.9616 22.938 57.415 43.1603 62.9905 837.3397 22.378 986.8721 21.923 11.1947 637.6143 26.497 69.1118 57.1538 55.2871 42.242 37.3577 52.0898 38.6446 11.6336 74.5872 24.4853 36.6347 816.9583 65.5349 757.7922 17.7659 53.4984 25.0818 48.7624 58.9574 939.7444 44.0201 49.9022 1168.4808 20.6138 20.093 39.2934 434.774 58.22 14.6648 13.3524 55.9819 23.5169 49.7717 27.9112 55.1503 821.8142 13.0989 57.6193 68.7833 20.6028 54.9417 71.6793 52.1462 30.0716 44.8075 24.2405 936.006 521.9724 16.2703 
560.0903 84.7112 0 12.4639 65.355 50.6185 446.0615 69.1168 31.1914 958.5774 74.5455 87.3048 52.6305 1206.5045 908.3558 1110.8849 76.1733 91.7449 74.4587 45.3035 71.9095 11.018 64.5228 102.648 81.3078 499.9565 29.7528 739.4849 108.3255 23.7058 104.8086 78.7293 30.3515 10.0784 76.2118 51.1237 79.0612 70.489 18.3592 76.3722 56.2139 66.5829 40.6004 84.8912 57.2455 922.0045 63.2941 1070.0304 81.9078 87.5073 722.1119 58.5313 20.0431 33.7918 71.312 94.1332 54.5495 36.6844 54.8232 86.6412 24.3704 93.8022 72.09 888.3637 28.6007 832.4068 79.7658 87.2082 109.2425 36.8364 86.6741 1020.8063 67.1196 38.5851 1252.43 77.7633 104.7358 67.9494 519.2811 27.0226 88.7388 89.8599 33.5771 106.1345 83.1865 100.5896 66.386 891.2842 72.1617 49.7887 67.234 102.1302 37.6096 73.7523 76.3685 58.3474 67.837 103.5968 1020.0654 606.4645 82.0718 
549.1915 73.2512 12.4639 0 58.3372 46.4651 433.6117 59.5893 22.0197 946.9629 69.3953 74.9071 45.2152 1194.1366 898.4898 1098.4619 65.1648 86.4576 65.3754 32.8444 66.5748 2.8649 53.6838 91.3867 71.3656 488.7044 25.9522 730.567 97.543 12.1526 92.6577 72.6457 30.9809 6.8449 63.8584 38.6664 69.0335 60.3533 21.2262 64.1598 43.7507 56.4244 28.75 72.5713 54.1472 910.5652 51.4545 1057.7936 72.26 75.4872 710.8595 47.5009 16.6316 27.3914 59.6602 86.3084 45.725 28.7139 46.3423 74.5938 25.1927 81.4389 64.2142 876.0776 25.1991 819.9994 69.6919 75.2248 98.042 24.7757 74.982 1008.3957 54.8701 26.1356 1240.3405 67.9546 93.3372 60.4205 508.0192 17.5273 78.2887 77.7854 21.1449 95.2303 76.8957 90.7624 61.5308 884.1494 60.4866 38.3039 56.8965 91.3376 31.1916 63.5013 70.7117 46.1061 55.6209 91.4488 1009.1029 594.5968 69.8483 
552.2696 42.7147 65.355 58.3372 0 19.4305 410.82169999999996 17.2577 36.657 902.5378 15.3105 62.5458 13.1556 1160.3895 844.9898 1066.9298 32.8599 29.7875 16.4387 49.98 12.5917 57.21 81.5684 53.6568 26.5394 488.5628 36.3059 674.6806 54.2308 48.1192 67.8951 15.1335 41.9301 55.8455 69.3569 53.2351 97.8525 90.6331 51.0994 50.1671 52.5975 21.7114 61.447 76.0622 21.1582 864.756 38.4445 1020.9823 24.9434 52.7091 663.896 28.9829 45.4119 31.5897 78.5621 29.0679 15.7329 29.6403 14.0719 52.6576 45.3181 65.5413 8.4258 858.274 37.6096 798.1951 26.5181 84.9554 58.5711 43.5296 88.7984 976.3894 66.9448 49.3921 1200.9348 23.3173 56.7997 3.9495 461.4378 41.08 35.6201 55.3055 53.2819 53.3052 18.8798 41.3703 12.5945 826.0736 38.9206 68.0339 86.9581 49.008 27.7508 92.2935 14.5153 44.2744 68.0633 66.8843 960.1698 553.125 53.6105 
564.5114 58.2613 50.6185 46.4651 19.4305 0 428.3165 33.2699 28.0814 921.9465 24.086 74.3967 14.4222 1179.4365 863.2679 1085.7717 47.8698 41.2259 34.8537 49.895 21.6344 44.62 82.3203 71.5872 44.7198 501.5355 20.9916 692.0549 73.1321 39.0835 83.4414 29.1433 23.4806 42.2415 76.2973 54.9107 99.2045 91.1471 34.1239 61.323 56.2057 35.3766 58.4224 84.1499 8.5448 884.1172 47.208 1040.2359 43.6138 66.8393 683.2061 37.1611 30.8868 19.6947 82.0101 47.3919 21.8752 21.2449 20.1701 66.5382 27.885 78.6216 27.8393 875.1966 22.0602 815.7534 44.2508 91.7045 76.9621 40.1627 94.5056 995.2681 71.5418 46.7441 1220.3138 41.1666 74.593 23.2606 480.7919 31.5455 53.8454 69.548 48.5738 71.9826 33.7488 60.7429 15.8618 841.3225 51.0652 66.937 87.3383 67.6496 16.4594 93.3903 26.3079 50.031 72.6584 82.3378 979.287 572.5382 65.858 
252.3978 370.36 446.0615 433.6117 410.82169999999996 428.3165 0 395.0649 421.5124 579.2048 418.5594 359.8488 414.5761 770.596 635.7981 670.8135 380.7511 414.1297 394.3859 400.8812 418.0589 435.4178 388.031 357.1649 384.2848 191.8896 433.3716 541.2707 357.6902 423.5939 345.7437 411.626 443.8104 437.9417 370.1092 394.9481 380.4638 386.5189 445.6155 372.1266 389.9462 393.2628 406.5038 361.6312 431.9597 556.0868 386.7786 644.9484 385.9782 363.2205 388.9174 395.0346 435.9325 426.181 378.1303 393.346 407.7041 420.8994 409.0023 363.7853 443.2438 353.8699 403.0238 448.8169 434.4439 387.4403 384.423 361.2595 352.4794 410.5197 363.5886 582.2814 379.5188 407.6332 835.0219 387.5994 354.0318 406.9443 242.1442 423.795 375.2106 360.5412 412.4863 358.0695 408.9078 372.4998 421.9758 751.8477 379.7665 398.7753 388.1071 362.2338 424.5632 383.3252 415.0002 389.2521 378.9396 346.9155 677.3573 243.4971 366.5822 
535.0206 25.6082 69.1168 59.5893 17.2577 33.2699 395.0649 0 37.9808 892.1832 30.8927 45.5956 20.2166 1146.9254 839.2453 1052.9612 15.6054 40.8176 6.6292 41.5 28.7178 59.2742 70.3447 38.4645 12.5676 471.308 43.5306 670.984 41.1511 47.803 50.8864 27.4279 51.986 59.0596 54.4525 42.9397 85.7447 79.2952 58.4651 33.6463 40.8176 5.9171 54.3412 60.4012 37.4315 854.9344 24.0631 1008.2528 12.7954 35.4517 654.5096 16.935 50.6139 36.9371 65.551 29.712 15.0177 32.8021 15.4472 35.4081 53.7112 48.3336 12.8602 842.0991 44.8485 782.4982 11.4947 69.8172 44.1349 38.8626 74.1565 962.5049 53.5854 43.2024 1188.9571 8.8629 41.4006 14.1795 451.7945 42.3246 21.2268 38.0494 48.4263 39.5845 28.9615 31.5045 29.8297 825.8517 22.3113 58.8655 75.8265 35.2703 33.7941 80.4963 28.7421 31.61 54.6596 49.8441 951.7519 541.6151 36.6408 
546.5724 54.7194 31.1914 22.0197 36.657 28.0814 421.5124 37.9808 0 928.2149 48.847 61.787 23.5058 1178.8198 877.217 1083.8602 45.5557 65.5578 43.5287 25.5062 45.926 21.3828 56.3699 72.1776 50.1168 484.7862 13.8719 708.7703 77.3544 11.5906 76.8042 51.3463 24.5345 21.1149 56.5752 31.5998 73.2226 64.8166 24.1433 49.3967 34.8464 35.427 31.1117 65.246 36.5477 891.3977 34.9239 1041.4499 50.756 59.1515 691.3132 28.2226 14.5885 9.0537 58.1989 64.3 23.7453 7.2871 24.3229 58.428 22.163 67.6434 42.2218 866.1106 14.4368 808.6083 48.5796 70.7495 78.6619 14.2394 72.3007 993.614 49.5394 20.4496 1223.1956 46.58 74.4646 38.5184 488.5062 4.4954 57.632 61.7103 20.8868 75.259 55.4329 69.415 41.4568 862.1552 42.9164 40.3528 61.0144 71.18 11.6375 67.3701 49.7324 32.6516 50.5635 75.594 989.0454 576.6337 54.9849 
734.9713 873.8675 958.5774 946.9629 902.5378 921.9465 579.2048 892.1832 928.2149 0 902.7549 874.8369 911.8584 361.6692 269.1208 333.4674 882.6642 890.4549 888.3641 916.0832 903.7778 947.6974 916.5373 856.0575 879.6198 711.7895 935.7093 398.944 851.2334 934.9922 855.234 895.7403 943.7614 948.7263 892.0846 911.6409 915.2826 918.5663 950.5609 883.6163 906.1898 893.3162 926.136 885.4348 921.512 50.2606 895.5192 212.52 879.836 871.772 243.9107 900.1706 942.171 928.9838 905.1746 875.7119 907.1597 924.4565 907.6099 872.7255 945.8851 868.0165 894.177 494.3892 937.0234 429.2095 880.778 889.4336 849.5531 922.2352 893.8417 280.2573 901.544 922.1522 323.9126 883.3349 853.8721 898.7871 441.9585 931.9526 871.2141 869.6348 928.0968 853.1318 891.5059 861.5996 909.4241 538.737 886.4874 921.5966 918.7207 857.3178 925.9677 916.0308 899.2971 901.4795 901.4229 856.4123 137.1361 355.2258 878.0804 
564.8481 54.9356 74.5455 69.3953 15.3105 24.086 418.5594 30.8927 48.847 902.7549 0 76.4279 26.2983 1164.3333 840.6441 1071.5897 45.9354 17.2013 27.5694 64.9144 2.9694 67.8341 96.7634 62.6177 36.7056 500.72 44.7978 668.6248 60.8846 60.4264 79.3965 7.2245 47.1735 65.8065 84.456 68.4144 113.1176 105.8256 58.1886 64.5125 67.8953 36.1412 75.9296 90.9354 19.726 864.4043 53.5387 1023.9808 34.2487 65.6186 663.1624 44.2509 54.6194 42.0053 93.8723 27.3206 30.705 41.5628 28.8894 65.7205 51.9129 78.7945 18.4027 866.6667 45.9468 805.6643 37.415 100.0175 66.4517 57.6818 103.9782 980.9457 82.2418 63.8229 1202.9669 34.3821 65.8892 16.9839 461.1258 53.0008 44.9318 68.079 67.2333 60.665 11.2496 46.1675 8.2292 817.2453 53.1784 82.9435 102.1304 56.6383 38.2317 107.5356 3.6381 59.5744 83.359 78.4878 958.3346 554.8066 67.4783 
490.3194 24.0321 87.3048 74.9071 62.5458 74.3967 359.8488 45.5956 61.787 874.8369 76.4279 0 60.01 1119.2369 835.566 1023.5908 30.7132 83.9518 49.3315 42.2458 74.3118 76.3717 47.4408 33.9042 42.4599 427.1539 74.2838 673.37 44.0261 64.0884 20.697 72.2586 85.0336 78.5305 20.8754 37.1057 56.2414 53.7631 85.8101 13.1179 31.679 40.8618 51.308 20.4046 80.7348 839.2906 27.85 983.151 45.4728 13.3384 640.6473 37.4429 76.1082 67.253 36.9877 66.2577 52.5392 61.9654 54.3174 12.592 83.78 6.8221 58.1032 804.3859 75.2481 746.8524 40.9141 30.6861 39.1078 50.8715 36.5521 933.5022 28.4697 48.8278 1166.1661 43.3024 33.1781 59.7533 438.0199 63.9471 38.575 12.4256 54.3522 41.0347 72.7436 50.6821 75.1046 836.9576 23.7309 47.3795 51.8207 40.0906 66.2739 53.0467 74.0539 29.4173 28.7588 19.6894 940.1788 521.4381 8.9549 
550.2182 44.2521 52.6305 45.2152 13.1556 14.4222 414.5761 20.2166 23.5058 911.8584 26.2983 60.01 0 1167.1379 856.6418 1073.1317 33.8454 42.3879 23.5095 39.2346 23.3291 44.1545 71.5774 58.603 32.5224 487.1627 24.4502 686.982 61.2388 34.998 69.2818 27.9539 31.9532 42.9506 62.8834 43.3942 88.2479 80.5877 39.5257 46.9595 43.8096 21.3191 49.7205 70.4505 21.1256 874.4185 33.0659 1028.4479 32.0458 52.4968 673.813 22.9612 32.9034 18.8798 69.9525 41.5042 7.4711 16.5029 5.7562 52.1707 34.2364 64.2 19.4871 861.1792 25.7861 802.0142 31.6664 78.4376 64.3483 31.3991 81.6112 982.6866 58.9187 37.6178 1209.057 28.8182 61.4737 15.3366 471.1848 27.9245 41.4099 55.2101 40.9384 59.7645 31.9485 50.3531 20.0668 839.0622 36.6437 57.1063 76.8285 55.4394 15.1595 82.5351 26.6365 36.7111 60.0459 68.1608 970.6375 561.6068 51.4414 
820.3522 1124.6363 1206.5045 1194.1366 1160.3895 1179.4365 770.596 1146.9254 1178.8198 361.6692 1164.3333 1119.2369 1167.1379 0 623.9721 107.8039 1134.5734 1155.3002 1144.5913 1161.4374 1164.651 1195.5296 1153.444 1108.6169 1134.8528 827.7596 1188.9473 758.6951 1106.3049 1183.0556 1102.1344 1157.1089 1198.5196 1197.4691 1132.7256 1155.9912 1147.7544 1153.0659 1202.7207 1130.2827 1150.679 1146.5559 1169.0038 1124.7722 1181.0688 410.9814 1144.085 156.0215 1135.8265 1119.7291 567.1441 1150.877 1193.3918 1181.7856 1142.8438 1137.1632 1161.147 1176.7196 1162.0607 1120.4973 1199.2196 1112.7037 1152.03 437.61 1190.1628 432.9658 1135.5295 1126.0376 1102.7906 1169.8043 1129.1439 188.9932 1142.3715 1168.0601 155.6023 1138.4924 1105.8621 1156.4497 730.4749 1181.824 1125.8075 1117.2241 1173.4851 1107.5214 1153.4475 1119.2655 1169.639 895.5338 1135.912 1162.3471 1154.2234 1111.8588 1179.4526 1150.0257 1160.7045 1148.218 1141.959 1103.3486 448.2119 620.2646 1124.5798 
852.7458 827.2528 908.3558 898.4898 844.9898 863.2679 635.7981 839.2453 877.217 269.1208 840.6441 835.566 856.6418 623.9721 0 602.5873 833.922 825.3106 833.9682 872.1585 842.4489 898.4081 882.1368 808.9392 827.1764 810.5253 881.0262 193.1006 801.5494 886.4201 814.8702 834.4649 886.6597 898.3044 855.5762 869.2363 885.8903 886.6669 896.0133 840.9406 864.0822 842.075 884.2351 850.9871 860.3675 226.4472 849.5985 480.6036 826.4617 828.6499 253.3135 851.3461 889.3628 875.3414 870.8817 816.0355 853.8693 871.8084 853.7301 829.7339 890.3078 829.0348 837.3236 717.2747 882.3552 639.6472 828.8115 857.6999 802.2318 875.2524 863.1692 545.2701 864.0057 877.0947 553.0171 830.6588 807.6362 841.7786 416.205 881.5171 820.2814 827.1362 883.1572 804.0924 829.8777 807.8166 848.4418 271.5618 840.3414 882.4653 885.6987 807.7083 871.7555 884.9006 837.68 857.1764 864.2249 815.896 190.3278 395.4448 836.09 
712.6932 1030.0915 1110.8849 1098.4619 1066.9298 1085.7717 670.8135 1052.9612 1083.8602 333.4674 1071.5897 1023.5908 1073.1317 107.8039 602.5873 0 1040.1657 1063.2989 1050.9298 1065.6589 1071.7622 1099.9624 1056.3055 1014.5294 1041.0721 721.016 1094.4064 714.6644 1012.7147 1087.61 1007.0592 1064.3754 1104.2016 1102.0515 1036.3406 1060.0756 1049.9547 1055.5473 1107.8899 1034.9536 1054.8238 1052.3095 1072.7475 1028.2264 1087.8 378.1653 1048.9958 126.1944 1042.1847 1024.7088 504.1814 1056.1285 1098.4486 1087.2112 1045.899 1044.5964 1066.9372 1082.0792 1067.9323 1025.4378 1104.6293 1017.1564 1058.6311 331.7058 1095.5954 325.2278 1041.6514 1029.036 1008.8777 1074.3587 1031.9121 90.8852 1045.9506 1072.3335 239.547 1044.67 1011.6894 1062.9813 650.2264 1086.711 1031.9727 1022.1565 1077.6321 1013.7903 1060.8579 1026.0785 1076.582 871.3992 1041.0372 1065.7787 1056.8556 1018.1224 1085.0215 1052.4478 1067.9526 1052.7734 1045.4922 1008.2703 445.3767 537.5717 1029.2629 
519.4434 10.4085 76.1733 65.1648 32.8599 47.8698 380.7511 15.6054 45.5557 882.6642 45.9354 30.7132 33.8454 1134.5734 833.922 1040.1657 0 53.483 18.6225 39.5851 43.9766 65.5137 62.9965 26.6264 12.9631 455.7034 54.3973 667.5913 32.4418 53.0139 35.6021 41.5503 64.0374 66.1965 42.8489 38.649 76.8817 71.5055 68.5705 20.0809 34.8221 12.5297 52.5953 47.4695 52.7599 845.9067 17.1254 996.572 15.8727 19.8617 645.941 17.6747 59.7014 47.2766 56.1662 37.4958 27.0034 42.3346 28.2521 19.8608 64.6923 32.8822 27.5378 827.364 55.6304 768.1858 11.0262 57.4511 33.1186 41.3325 62.3825 949.7924 44.2795 43.5563 1177.9332 12.8273 29.0055 29.657 443.113 49.3203 14.527 22.4459 49.5202 30.0685 42.0965 28.8224 45.4163 825.537 9.8989 54.5105 68.3881 26.2486 44.8827 72.1322 43.4236 25.7786 45.2327 34.5174 943.9747 531.1532 21.8569 
567.6034 60.5498 91.7449 86.4576 29.7875 41.2259 414.1297 40.8176 65.5578 890.4549 17.2013 83.9518 42.3879 1155.3002 825.3106 1063.2989 53.483 0 35.3435 79.4485 19.9134 84.9569 110.3462 63.299 41.6051 502.7411 61.9987 652.4845 58.8641 77.1456 82.736 14.6794 64.0198 82.9865 95.159 82.2213 126.2017 119.3864 75.2549 73.3945 80.9268 46.6948 91.1855 100.6776 36.0037 851.6708 64.8529 1014.0603 38.6333 71.7327 650.1953 56.7146 71.8186 59.0747 106.2467 21.5377 45.4151 58.3099 43.835 72.0885 68.9461 85.034 28.3817 862.7653 63.1451 800.6155 43.0501 110.3687 65.5363 73.3149 114.8802 972.5672 94.3272 79.1568 1192.1368 40.6985 66.5287 29.5955 448.5846 69.8154 47.6494 73.8621 83.0526 59.505 11.8889 43.479 25.3769 800.2106 62.3194 97.4676 115.7976 56.1245 55.2664 120.8113 15.8255 72.0108 95.4123 82.0147 944.5157 543.8539 75.2508 
537.3296 27.3747 74.4587 65.3754 16.4387 34.8537 394.3859 6.6292 43.5287 888.3641 27.5694 49.3315 23.5095 1144.5913 833.9682 1050.9298 18.6225 35.3435 0 48.1277 25.8596 64.9069 76.7024 37.2222 10.1014 473.3095 47.7447 665.2437 38.2895 53.7679 52.1059 22.9281 55.4049 64.4567 59.8669 49.4878 91.9101 85.6144 62.8135 38.1556 47.211 12.2615 60.9669 65.3547 37.5784 850.9091 30.0713 1005.5133 8.7668 38.0839 650.3165 23.5213 55.4715 41.5397 71.5693 23.0839 19.9116 37.8407 19.805 38.223 57.704 51.3177 9.295 841.8491 49.0792 781.7645 10.1953 75.0268 42.2471 45.3107 79.5863 960.4201 59.569 49.7812 1185.8464 7.0109 40.361 12.6017 447.6786 47.9537 19.2056 40.5198 54.9385 37.1429 23.685 26.8565 28.244 819.5626 26.9918 65.4502 82.1848 32.8152 38.1311 86.734 24.8796 37.9326 60.6245 51.1515 947.2401 538.2684 40.449 
521.3656 44.9517 45.3035 32.8444 49.98 49.895 400.8812 41.5 25.5062 916.0832 64.9144 42.2458 39.2346 1161.4374 872.1585 1065.6589 39.5851 79.4485 48.1277 0 61.9945 34.5419 32.4999 63.223 49.866 459.8549 39.3636 706.8297 71.0474 23.0477 60.8905 64.8187 49.8636 37.1351 32.06 6.3187 49.3378 41.4381 46.893 32.4768 10.9352 36.138 13.1186 40.8663 58.2938 880.1356 22.7987 1025.3835 51.8622 44.5067 680.9499 24.7437 37.4183 33.9527 32.8096 71.2116 34.2674 29.7931 36.0341 43.5053 46.6865 48.8935 51.7052 843.9281 39.8496 787.4346 47.8243 45.4607 69.9271 11.34 46.8043 975.6144 24.2152 6.7529 1208.2721 47.4035 64.5692 49.86 478.1602 25.5317 54.0777 46.5125 12.1313 68.3471 67.8509 68.1874 59.2872 865.0523 31.9214 18.054 37.6548 65.0348 35.169 43.5458 64.4939 15.015 25.1975 59.7024 979.8841 563.1213 38.0078 
563.179 53.2136 71.9095 66.5748 12.5917 21.6344 418.0589 28.7178 45.926 903.7778 2.9694 74.3118 23.3291 1164.651 842.4489 1071.7622 43.9766 19.9134 25.8596 61.9945 0 65.0488 93.8971 61.647 35.3168 499.1643 42.1574 670.6931 60.3838 57.5101 77.903 8.1055 44.9247 63.0791 81.8977 65.5472 110.2855 102.9573 55.7559 62.2427 65.1004 33.7943 72.9694 88.486 18.0374 865.5292 50.9757 1024.4825 33.0012 63.7542 664.3495 41.5744 51.9421 39.1843 91.1173 28.0892 27.8169 38.6449 25.9841 63.8167 49.5166 76.8587 16.5791 866.0387 43.3272 805.2403 35.8844 97.4809 65.7222 54.7145 101.373 981.1377 79.528 60.8623 1203.6572 32.7853 64.9029 14.6201 462.2261 50.0998 43.7922 66.2538 64.264 60.0194 12.6051 45.9411 5.9987 819.7126 50.9218 80.0162 99.2552 55.9177 35.3925 104.6897 4.7752 56.8568 80.6474 76.9684 959.7227 555.5459 65.3571 
551.8 73.8603 11.018 2.8649 57.21 44.62 435.4178 59.2742 21.3828 947.6974 67.8341 76.3717 44.1545 1195.5296 898.4081 1099.9624 65.5137 84.9569 64.9069 34.5419 65.0488 0 56.366 91.8873 71.2317 491.235 23.8707 730.1504 97.799 12.7223 93.7907 71.3094 28.3377 3.9801 65.8989 40.5043 71.8116 63.1258 18.3774 65.3591 45.476 56.36 31.2103 74.6455 52.134 911.1961 52.3127 1059.0151 72.0104 76.4978 711.387 47.8414 14.283 25.9172 62.1335 85.4627 45.1165 27.7167 45.6185 75.6285 22.4853 82.8384 63.3483 878.1383 23.0333 821.9071 69.6103 77.5434 98.5115 25.8186 77.4273 1009.868 57.03 27.7938 1241.4182 67.7626 93.9171 59.4431 508.5498 16.9608 78.3785 78.8448 23.137 95.5447 75.6184 90.6009 59.8859 883.2101 61.2291 40.8648 59.649 91.5954 29.7631 66.2589 69.2691 47.3423 57.8083 92.5789 1009.4859 595.4982 71.0597 
495.6114 63.6151 64.5228 53.6838 81.5684 82.3203 388.031 70.3447 56.3699 916.5373 96.7634 47.4408 71.5774 1153.444 882.1368 1056.3055 62.9965 110.3462 76.7024 32.4999 93.8971 56.366 0 79.2834 75.4978 435.4612 69.6529 720.7378 88.9162 49.5716 67.8859 95.9456 79.277 60.1185 26.7341 28.35 16.9117 9.065 73.2643 46.4079 29.5343 64.48 26.0761 31.4879 90.7587 881.8829 46.9424 1019.678 78.097 57.3616 684.2615 53.7156 65.0437 65.3259 11.443 99.212 66.0895 61.7457 67.9559 56.2621 74.9407 53.5593 82.0405 826.9142 69.8399 772.6518 73.4191 27.529 85.3068 42.5157 24.45 966.6823 19.7594 36.0059 1204.2722 74.0425 79.3419 80.9167 482.05 54.9827 76.6984 57.9896 36.2853 85.9153 98.52 90.9728 91.5556 884.025 53.2234 16.2097 5.4827 83.8024 67.0866 11.0748 96.0158 38.7702 19.1373 66.9664 984.4466 562.1251 49.5247 
504.3044 18.3599 102.648 91.3867 53.6568 71.5872 357.1649 38.4645 72.1776 856.0575 62.6177 33.9042 58.603 1108.6169 808.9392 1014.5294 26.6264 63.299 37.2222 63.223 61.647 91.8873 79.2834 0 27.122 439.5042 80.6936 644.0809 10.1409 79.2731 21.3585 56.2539 89.9441 92.7203 53.9337 60.6015 89.8136 86.5449 95.0856 33.3204 55.6875 38.0116 75.5047 54.28 74.7998 819.3631 40.7366 970.268 28.888 21.9593 619.5005 44.1342 86.3087 73.6601 69.8324 42.167 52.5454 68.831 53.4458 23.0461 91.0017 30.4254 45.9553 804.7166 81.9559 744.5429 27.3589 64.4687 6.7221 67.0386 70.4078 924.0889 59.534 68.2595 1151.424 30.4977 3.2836 49.7843 416.6628 75.8983 18.061 21.743 74.3399 7.1956 54.6257 21.1258 65.0398 804.9429 31.4552 75.0307 84.1622 7.8304 71.0492 86.2146 59.2694 48.2644 60.1516 21.0654 917.7543 504.546 29.7656 
528.2567 18.9838 81.3078 71.3656 26.5394 44.7198 384.2848 12.5676 50.1168 879.6198 36.7056 42.4599 32.5224 1134.8528 827.1764 1041.0721 12.9631 41.6051 10.1014 49.866 35.3168 71.2317 75.4978 27.122 0 464.0337 56.0975 659.4613 28.7182 59.3831 42.7052 31.1717 64.4328 71.2316 55.8013 49.9491 89.7119 84.1345 71.0277 32.8735 46.6915 14.9896 62.98 60.2028 47.6779 842.368 28.7777 995.9744 3.0193 30.1411 641.9557 25.5332 63.0881 49.4865 69.0273 24.5462 27.577 45.2571 27.994 30.4837 66.2686 43.4593 19.0519 831.7636 57.4158 771.6648 2.0922 70.2817 32.249 49.3044 75.2932 950.5811 57.0915 52.7647 1176.5354 3.7196 30.2608 22.6853 439.234 54.3614 9.1419 32.332 58.4113 27.3335 30.8104 19.4016 38.1683 815.5665 22.8012 66.0216 80.9301 22.9964 46.3616 84.8742 33.6736 37.3818 58.0665 41.8146 939.2594 529.1226 33.9352 
68.4723 446.0171 499.9565 488.7044 488.5628 501.5355 191.8896 471.308 484.7862 711.7895 500.72 427.1539 487.1627 827.7596 810.5253 721.016 455.7034 502.7411 473.3095 459.8549 499.1643 491.235 435.4612 439.5042 464.0337 0 498.5058 730.4216 444.2663 482.2031 421.329 495.0481 509.3031 494.7543 428.2112 453.5569 421.9243 430.1432 506.5049 440.2128 449.9447 467.3936 460.0373 419.5679 507.7964 698.5683 454.508 727.9343 466.5908 435.8673 557.9943 464.4379 497.2208 492.1059 429.135 481.3567 479.6916 487.0631 481.4696 435.9585 506.5234 423.2798 482.6015 428.2186 499.1935 399.362 463.3148 414.4715 437.3275 471.0959 413.9306 641.7415 435.6684 466.0469 920.6871 466.3853 436.2524 485.2739 433.0053 485.365 456.2007 433.2587 468.9761 443.3507 493.9286 459.4909 501.1009 942.4899 450.695 450.402 433.1074 446.6207 491.9658 426.7851 497.6984 453.262 434.7223 422.2323 826.1254 415.4945 435.8013 
560.3857 64.3307 29.7528 25.9522 36.3059 20.9916 433.3716 43.5306 13.8719 935.7093 44.7978 74.2838 24.4502 1188.9473 881.0262 1094.4064 54.3973 61.9987 47.7447 39.3636 42.1574 23.8707 69.6529 80.6936 56.0975 498.5058 0 710.9862 84.5511 21.168 87.849 49.0706 10.8595 21.2791 70.3186 45.4716 86.3926 77.8672 15.0838 61.5113 48.6287 42.7273 43.882 78.938 28.2672 898.4528 46.7031 1050.9308 56.0199 70.2388 697.9731 38.4496 9.8961 7.2182 71.9783 65.3624 28.5545 12.4735 28.1361 69.63 10.3084 79.8018 43.7105 878.6088 1.3368 820.6351 54.9381 84.608 86.8686 28.0572 86.1656 1004.0701 63.4074 34.0574 1232.0734 52.3867 83.2866 39.3017 495.2862 14.6924 64.5548 72.8923 33.5177 82.7974 53.572 74.5785 36.6566 861.6776 53.7044 53.49 74.0938 78.5418 9.7437 80.5541 46.6343 45.729 64.4337 86.6559 994.9846 584.9563 66.923 
783.6057 662.0439 739.4849 730.567 674.6806 692.0549 541.2707 670.984 708.7703 398.944 668.6248 673.37 686.982 758.6951 193.1006 714.6644 667.5913 652.4845 665.2437 706.8297 670.6931 730.1504 720.7378 644.0809 659.4613 730.4216 710.9862 0 635.7993 718.7503 652.8524 662.93 715.5268 729.5847 694.0099 704.6474 726.6715 726.2733 725.6811 677.0521 699.7676 674.4482 719.457 690.505 688.2536 348.8062 684.034 604.9206 658.3743 664.9408 238.3301 684.4868 719.8826 705.8582 709.8607 645.63 685.0707 702.8176 684.6922 666.0492 719.6954 667.1798 667.4959 745.7978 712.2898 662.1264 661.2514 698.26 637.5012 708.5339 704.0502 641.0387 701.7211 711.147 714.6961 662.7464 643.2112 671.771 299.8656 713.1961 653.4111 663.7533 717.1011 638.5434 658.3196 640.1018 676.6757 215.1229 674.9466 718.9458 724.8218 641.7952 702.1283 724.9105 665.9287 692.0986 702.0868 653.7743 367.7532 333.1669 672.6545 
509.4685 26.3335 108.3255 97.543 54.2308 73.1321 357.6902 41.1511 77.3544 851.2334 60.8846 44.0261 61.2388 1106.3049 801.5494 1012.7147 32.4418 58.8641 38.2895 71.0474 60.3838 97.799 88.9162 10.1409 28.7182 444.2663 84.5511 635.7993 0 85.3914 30.4609 54.0324 93.125 98.2871 63.8915 68.969 99.8066 96.352 99.3335 42.6382 64.2857 42.1135 83.6775 64.4124 75.2325 814.1782 48.271 967.2807 29.5233 31.8138 613.9792 50.0518 91.0079 77.7575 79.6963 37.3278 56.0075 73.2405 56.587 32.8745 94.792 40.5174 45.9968 805.7969 85.8548 744.857 29.6625 74.6089 7.3881 73.7478 80.5443 922.1865 69.1582 75.6256 1147.8246 32.4211 11.6549 50.2814 411.1877 81.3355 19.9966 31.7913 81.6639 3.0206 51.6527 15.3937 64.5251 795.6608 39.1474 83.8888 93.8799 6.2056 74.8098 96.1105 57.3468 56.3127 69.8208 30.3685 911.7405 500.4685 39.5199 
543.3296 61.1858 23.7058 12.1526 48.1192 39.0835 423.5939 47.803 11.5906 934.9922 60.4264 64.0884 34.998 1183.0556 886.4201 1087.61 53.0139 77.1456 53.7679 23.0477 57.5101 12.7223 49.5716 79.2731 59.3831 482.2031 21.168 718.7503 85.3914 0 81.1552 62.9011 29.8469 14.4452 55.044 29.2923 66.0145 57.3805 24.3239 52.7909 33.865 44.4099 23.497 63.8515 47.383 898.5244 39.5933 1046.4009 60.3774 63.8089 698.7656 35.3485 15.4996 19.4133 53.4473 75.2716 34.4568 18.8653 35.2941 62.9495 25.3746 70.4565 53.3141 866.9453 21.0248 810.2965 57.6728 67.783 85.9183 13.2547 68.3841 997.482 46.7311 16.4169 1228.7318 56.0249 81.2588 49.8005 495.9261 7.5537 66.1742 66.1757 13.4611 83.0785 66.9463 78.7844 52.9719 873.0741 48.5128 33.3891 53.6669 79.1861 22.7201 60.2278 61.3205 34.846 47.6193 79.9421 996.9639 582.7767 58.4952 
485.5956 25.295 104.8086 92.6577 67.8951 83.4414 345.7437 50.8864 76.8042 855.234 79.3965 20.697 69.2818 1102.1344 814.8702 1007.0592 35.6021 82.736 52.1059 60.8905 77.903 93.7907 67.8859 21.3585 42.7052 421.329 87.849 652.8524 30.4609 81.1552 0 73.7879 98.1339 95.4805 41.1588 56.4465 75.2971 73.7175 100.8738 28.5367 51.0067 48.065 71.1467 38.5257 88.2853 819.4273 41.9565 965.2472 45.2949 17.6646 620.5215 49.4027 91.3924 80.633 57.0958 62.3268 62.1729 75.3936 63.593 18.3791 97.9099 14.3279 61.3944 791.9302 88.972 733.1246 42.0193 47.7909 23.6493 67.9725 53.8788 916.8249 49.1587 67.1128 1147.686 45.1285 18.9152 64.3706 417.8188 79.6965 35.1853 15.0988 72.9661 27.9553 72.9664 42.2667 80.2202 817.3113 34.1476 67.9 72.0431 29.1566 78.8574 72.6866 76.3752 46.5824 49.4221 1.2147 919.8616 502.2449 22.9026 
559.3824 49.8949 78.7293 72.6457 15.1335 29.1433 411.626 27.4279 51.3463 895.7403 7.2245 72.2586 27.9539 1157.1089 834.4649 1064.3754 41.5503 14.6794 22.9281 64.8187 8.1055 71.3094 95.9456 56.2539 31.1717 495.0481 49.0706 662.93 54.0324 62.9011 73.7879 0 52.5987 69.6014 81.8182 67.7277 111.9654 105.0006 63.1124 60.8786 66.638 33.1206 76.5064 87.82 26.1339 857.4584 51.1204 1016.7689 28.4957 60.8405 656.2636 42.5092 58.6896 45.4062 92.2309 20.1453 30.7365 44.1691 29.1597 61.0376 56.9565 74.1335 14.5816 859.8218 50.2943 798.6748 32.1492 97.232 59.801 58.6595 101.4927 973.7291 80.3968 64.4786 1195.7982 29.3071 59.536 15.0367 454.1616 55.6871 38.8877 63.1962 68.4153 53.9428 4.6113 39.145 14.0233 812.6071 49.5905 82.8535 101.3797 50.0015 41.5509 106.5098 3.607 57.8876 81.4967 72.9293 951.6174 547.6533 63.3674 
571.1028 74.1759 30.3515 30.9809 41.9301 23.4806 443.8104 51.986 24.5345 943.7614 47.1735 85.0336 31.9532 1198.5196 886.6597 1104.2016 64.0374 64.0198 55.4049 49.8636 44.9247 28.3377 79.277 89.9441 64.4328 509.3031 10.8595 715.5268 93.125 29.8469 98.1339 52.5987 0 24.7451 81.0957 56.0516 95.8312 87.214 12.0852 72.193 59.3771 51.9649 53.2567 89.7417 28.1947 906.2338 57.354 1060.1524 63.9959 80.594 705.5286 48.7761 14.9237 17.783 82.2368 70.6513 37.4018 23.0787 36.6039 80.0256 6.0558 90.4621 50.0168 889.2732 10.1097 831.1258 63.4804 95.2469 95.9298 38.5238 96.6399 1013.8214 74.0146 44.2449 1240.9428 60.7181 92.6616 45.4252 502.9623 24.5614 73.2079 83.2699 42.9926 91.5591 57.2084 82.1737 38.9929 864.1969 64.0459 63.0674 83.4872 87.2521 19.288 90.0284 49.662 56.5842 75.0243 96.9502 1002.0407 593.5499 77.5475 
555.426 74.8755 10.0784 6.8449 55.8455 42.2415 437.9417 59.0596 21.1149 948.7263 65.8065 78.5305 42.9506 1197.4691 898.3044 1102.0515 66.1965 82.9865 64.4567 37.1351 63.0791 3.9801 60.1185 92.7203 71.2316 494.7543 21.2791 729.5847 98.2871 14.4452 95.4805 69.6014 24.7451 0 68.8278 43.2398 75.6808 66.9894 14.4295 67.1881 48.0501 56.5068 34.7291 77.6073 49.4728 912.0818 53.7314 1060.7179 71.847 78.0501 712.1332 48.5867 11.4144 24.2803 65.6201 84.4301 44.5589 26.7771 44.8927 77.2148 18.7995 84.9005 62.3391 881.0051 20.3097 824.5628 69.6875 80.8199 99.2924 27.693 80.8678 1011.9191 60.1254 30.3931 1242.92 67.6914 94.8556 58.2869 509.3077 16.9586 78.6713 80.4583 26.1715 96.1165 73.9868 90.5216 57.7545 881.9141 62.4595 44.4822 63.4881 92.0953 28.1397 70.103 67.4113 49.2807 60.9374 94.2665 1010.0261 596.7662 72.8918 
490.1066 40.3467 76.2118 63.8584 69.3569 76.2973 370.1092 54.4525 56.5752 892.0846 84.456 20.8754 62.8834 1132.7256 855.5762 1036.3406 42.8489 95.159 59.8669 32.06 81.8977 65.8989 26.7341 53.9337 55.8013 428.2112 70.3186 694.0099 63.8915 55.044 41.1588 81.8182 81.0957 68.8278 0 25.7637 35.9292 32.9069 78.9303 23.2574 21.7428 48.6978 36.4692 8.8086 83.9107 857.0094 30.9224 997.7691 58.7208 32.0937 658.905 40.5823 69.3907 64.0836 16.1184 80.3437 55.8696 59.2005 57.8377 31.0536 78.4225 26.831 67.2424 812.2401 70.9866 756.2265 53.8732 15.6265 59.5737 43.0502 19.7218 946.4653 9.6644 38.6281 1181.5904 55.385 53.5978 67.5268 456.4832 57.314 54.6549 32.2257 42.7627 60.8713 83.3649 68.254 81.1743 857.8213 33.189 29.832 30.9598 59.3106 64.3209 32.3275 82.8104 26.2688 9.3782 40.2516 958.8179 538.1016 24.588 
515.111 42.6454 51.1237 38.6664 53.2351 54.9107 394.9481 42.9397 31.5998 911.6409 68.4144 37.1057 43.3942 1155.9912 869.2363 1060.0756 38.649 82.2213 49.4878 6.3187 65.5472 40.5043 28.35 60.6015 49.9491 453.5569 45.4716 704.6474 68.969 29.2923 56.4465 67.7277 56.0516 43.2398 25.7637 0 44.8696 37.4113 53.2096 28.5039 5.4541 37.2518 15.0081 34.5721 63.1797 875.8734 21.525 1020.1759 52.2101 40.7731 676.8965 26.0208 43.7352 39.8285 27.1822 72.4473 37.7424 35.4348 39.6159 39.7205 52.9719 43.8619 54.058 837.7699 46.002 781.4037 47.8656 39.2093 67.2366 17.5658 40.7387 970.0678 17.9658 12.8908 1203.2699 47.8673 61.6701 52.6913 474.153 31.8124 53.1425 42.5548 17.5867 66.1616 70.4577 67.4713 63.2824 864.0046 30.0014 16.0924 33.7237 63.1177 40.7853 39.1946 67.7039 12.8949 18.9733 55.2815 976.0533 558.4411 33.7739 
481.3721 75.9041 79.0612 69.0335 97.8525 99.2045 380.4638 85.7447 73.2226 915.2826 113.1176 56.2414 88.2479 1147.7544 885.8903 1049.9547 76.8817 126.2017 91.9101 49.3378 110.2855 71.8116 16.9117 89.8136 89.7119 421.9243 86.3926 726.6715 99.8066 66.0145 75.2971 111.9654 95.8312 75.6808 35.9292 44.8696 0 8.6987 89.2691 58.5452 45.3311 79.8322 42.5855 36.7754 107.6269 881.3183 61.8521 1015.2003 92.4618 68.0215 684.649 69.4944 81.3959 82.2013 20.7412 113.915 82.5416 78.6564 84.4385 66.9827 91.3073 61.3255 97.8233 816.7977 86.5361 763.6767 87.6729 28.414 95.3072 59.4226 22.7371 960.578 32.6208 52.9009 1200.6094 88.636 89.3498 96.9866 482.9942 71.7031 89.8166 68.0747 52.9129 96.7871 114.3274 103.7628 108.1497 892.5953 66.9832 32.911 12.348 95.2275 83.9951 5.8531 112.2141 54.2101 31.6507 74.5667 985.3023 560.4037 60.4821 
489.78 71.5406 70.489 60.3533 90.6331 91.1471 386.5189 79.2952 64.8166 918.5663 105.8256 53.7631 80.5877 1153.0659 886.6669 1055.5473 71.5055 119.3864 85.6144 41.4381 102.9573 63.1258 9.065 86.5449 84.1345 430.1432 77.8672 726.2733 96.352 57.3805 73.7175 105.0006 87.214 66.9894 32.9069 37.4113 8.6987 0 80.5726 54.194 38.519 73.4156 34.0052 35.8141 99.613 884.269 55.7387 1019.9758 86.783 64.5894 687.1236 62.7277 72.7347 73.8274 16.7937 108.0119 75.147 70.4176 77.0098 63.5099 82.6455 59.456 91.0659 823.892 77.9838 770.3331 82.0653 29.3898 92.3622 51.1699 24.7276 966.0628 27.5375 44.609 1205.0234 82.7911 86.3826 89.9738 485.1716 63.175 84.9684 64.9715 44.3572 93.3364 107.5524 99.1487 100.5846 890.7206 61.664 24.4641 3.814 91.4426 75.7302 3.3852 105.0801 47.692 26.7333 72.8803 987.5613 563.8847 56.8327 
567.6501 78.2074 18.3592 21.2262 51.0994 34.1239 445.6155 58.4651 24.1433 950.5609 58.1886 85.8101 39.5257 1202.7207 896.0133 1107.8899 68.5705 75.2549 62.8135 46.893 55.7559 18.3774 73.2643 95.0856 71.0277 506.5049 15.0838 725.6811 99.3335 24.3239 100.8738 63.1124 12.0852 14.4295 78.9303 53.2096 89.2691 80.5726 0 73.5271 57.3635 57.3133 47.3311 87.7273 39.8309 913.3908 59.0552 1065.0746 71.0357 83.2106 712.9683 51.8477 9.721 21.5773 77.7315 80.1585 43.4509 26.2547 43.1408 82.5099 6.3597 91.7506 58.6957 889.9502 13.7471 832.6623 69.8036 92.0501 101.38 35.9814 92.707 1017.6187 70.9183 40.5061 1246.4964 67.328 97.5689 54.2363 510.2594 21.9735 79.3473 85.7924 37.6993 97.4943 67.6876 89.6319 49.9595 875.4332 66.8552 57.2546 76.9744 93.2734 24.7127 83.5908 60.4051 56.4945 71.8349 99.6662 1010.0506 599.5716 79.1255 
503.2859 17.3829 76.3722 64.1598 50.1671 61.323 372.1266 33.6463 49.3967 883.6163 64.5125 13.1179 46.9595 1130.2827 840.9406 1034.9536 20.0809 73.3945 38.1556 32.4768 62.2427 65.3591 46.4079 33.3204 32.8735 440.2128 61.5113 677.0521 42.6382 52.7909 28.5367 60.8786 72.193 67.1881 23.2574 28.5039 58.5452 54.194 73.5271 0 23.2022 28.4819 43.4776 27.3891 67.7889 847.6628 14.8525 993.6597 35.8512 12.3 648.5309 24.3251 63.8825 54.4148 37.9059 57.3848 39.4898 49.1157 41.2938 11.2304 71.1819 18.2989 46.4312 817.0986 62.5164 759.2713 31.0353 37.4085 39.6948 39.5563 42.4784 944.7862 26.7143 38.5939 1176.2057 32.8823 33.8769 47.623 445.7595 51.8793 31.423 14.0754 44.4889 39.6635 61.8354 45.2199 62.6327 838.2231 11.3361 41.8938 51.5024 37.4009 53.2934 54.2975 62.3752 18.0574 27.4678 27.3344 947.5897 530.7542 5.7044 
511.7578 37.9616 56.2139 43.7507 52.5975 56.2057 389.9462 40.8176 34.8464 906.1898 67.8953 31.679 43.8096 1150.679 864.0822 1054.8238 34.8221 80.9268 47.211 10.9352 65.1004 45.476 29.5343 55.6875 46.6915 449.9447 48.6287 699.7676 64.2857 33.865 51.0067 66.638 59.3771 48.0501 21.7428 5.4541 45.3311 38.519 57.3635 23.2022 0 34.9676 20.2865 30.469 64.2491 870.4336 17.9193 1014.7896 49.1227 35.4972 671.48 24.2225 47.7574 42.5471 26.1656 69.8914 37.5528 37.8199 39.495 34.4322 56.6914 38.4228 52.5728 833.0811 49.271 776.513 44.5994 36.1588 62.2772 21.3921 38.3987 964.7982 15.3585 17.6873 1197.8445 44.9107 56.637 51.6559 468.744 35.6146 49.1726 37.2126 22.8129 61.4337 69.0716 63.5601 63.3141 859.6583 25.6848 19.7938 35.0143 58.5338 43.0614 39.8865 66.9021 9.3627 16.4674 49.8445 970.6702 552.9883 28.3861 
530.8863 22.938 66.5829 56.4244 21.7114 35.3766 393.2628 5.9171 35.427 893.3162 36.1412 40.8618 21.3191 1146.5559 842.075 1052.3095 12.5297 46.6948 12.2615 36.138 33.7943 56.36 64.48 38.0116 14.9896 467.3936 42.7273 674.4482 42.1135 44.4099 48.065 33.1206 51.9649 56.5068 48.6978 37.2518 79.8322 73.4156 57.3133 28.4819 34.9676 0 49.1151 54.8478 40.5728 856.2916 18.162 1008.2787 16.2789 31.708 656.0622 11.4 48.8948 35.7738 59.6361 35.2135 14.6341 31.1404 15.766 31.515 53.0293 44.1301 18.5465 839.8898 44.0036 780.6996 13.2678 64.1304 44.1414 34.4669 68.3787 961.9063 47.6746 38.3179 1189.3462 11.7964 40.6973 19.1813 453.2834 39.5727 22.2364 34.3884 43.7766 40.1924 34.8234 34.382 34.2455 830.1989 17.2099 53.2521 69.9625 36.0003 33.0498 74.5943 34.222 25.7239 48.7508 46.9625 953.6498 542.2784 31.9461 
520.72 57.415 40.6004 28.75 61.447 58.4224 406.5038 54.3412 31.1117 926.136 75.9296 51.308 49.7205 1169.0038 884.2351 1072.7475 52.5953 91.1855 60.9669 13.1186 72.9694 31.2103 26.0761 75.5047 62.98 460.0373 43.882 719.457 83.6775 23.497 71.1467 76.5064 53.2567 34.7291 36.4692 15.0081 42.5855 34.0052 47.3311 43.4776 20.2865 49.1151 0 44.8731 66.9663 890.5101 35.6335 1033.6842 64.9519 55.7626 691.6674 37.7532 38.9694 40.1652 30.9237 84.0293 45.7707 37.2521 47.3752 54.704 48.8647 58.1252 63.9705 847.9573 43.9809 792.4132 60.9407 46.6089 82.1633 18.4516 46.2327 982.8407 26.9851 12.1076 1217.113 60.4832 76.6383 61.7514 488.9539 29.1957 67.1114 57.499 10.3653 80.9151 79.8032 81.2708 69.6614 878.1181 44.5511 9.9305 30.2517 77.7418 42.4083 36.7736 75.8632 27.3649 27.5807 69.9994 990.9251 572.7186 48.6589 
481.5901 43.1603 84.8912 72.5713 76.0622 84.1499 361.6312 60.4012 65.246 885.4348 90.9354 20.4046 70.4505 1124.7722 850.9871 1028.2264 47.4695 100.6776 65.3547 40.8663 88.486 74.6455 31.4879 54.28 60.2028 419.5679 78.938 690.505 64.4124 63.8515 38.5257 87.82 89.7417 77.6073 8.8086 34.5721 36.7754 35.8141 87.7273 27.3891 30.469 54.8478 44.8731 0 91.5605 850.6048 37.774 990.1182 63.1967 33.3881 652.8329 47.7518 78.1749 72.602 20.0568 84.6416 63.2658 67.6477 65.2164 32.4917 87.1596 24.6997 73.2613 803.5075 79.6328 747.6158 58.3997 10.3761 59.2855 51.8222 16.1488 938.3994 17.8893 47.4352 1174.186 60.267 53.4157 73.9517 450.5796 66.0743 57.8071 32.7931 51.5098 61.4276 89.0269 70.6548 88.1578 855.8211 38.3633 37.5762 34.7155 60.468 72.6991 34.427 89.0664 34.2382 17.3228 37.8112 952.9719 531.2208 26.8905 
571.0529 62.9905 57.2455 54.1472 21.1582 8.5448 431.9597 37.4315 36.5477 921.512 19.726 80.7348 21.1256 1181.0688 860.3675 1087.8 52.7599 36.0037 37.5784 58.2938 18.0374 52.134 90.7587 74.7998 47.6779 507.7964 28.2672 688.2536 75.2325 47.383 88.2853 26.1339 28.1947 49.4728 83.9107 63.1797 107.6269 99.613 39.8309 67.7889 64.2491 40.5728 66.9663 91.5605 0 883.3719 54.1613 1041.336 46.0913 72.2801 682.2491 44.051 38.0596 27.9721 90.1964 45.8478 28.4645 29.7815 26.577 72.0813 33.4713 84.5475 29.2369 879.3215 29.1691 819.3426 47.5667 99.4163 79.7184 48.6901 102.4089 997.2328 79.5341 55.2677 1220.8853 44.3783 77.9283 25.0723 480.0523 39.8788 56.7745 74.9567 57.111 74.4021 30.6354 61.8036 12.1533 836.0436 57.1058 75.4461 95.807 70.1207 24.9104 101.8227 22.7602 57.6687 80.6562 87.2271 977.7371 572.8808 72.0081 
726.0946 837.3397 922.0045 910.5652 864.756 884.1172 556.0868 854.9344 891.3977 50.2606 864.4043 839.2906 874.4185 410.9814 226.4472 378.1653 845.9067 851.6708 850.9091 880.1356 865.5292 911.1961 881.8829 819.3631 842.368 698.5683 898.4528 348.8062 814.1782 898.5244 819.4273 857.4584 906.2338 912.0818 857.0094 875.8734 881.3183 884.269 913.3908 847.6628 870.4336 856.2916 890.5101 850.6048 883.3719 0 859.2002 259.9714 842.4662 835.6931 201.9481 863.4953 905.1860999999999 891.8288 870.4745 837.5258 869.9425 887.4076 870.3194 836.6694 908.5616 832.4701 856.4405 512.9756 899.775 442.7054 843.5936 855.0009 812.7944 885.9137 859.5813 318.8808 866.3799 886.0848 372.9537 846.0731 817.2803 861.0544 403.3314 895.2267 834.1106 833.6268 892.0747 816.1709 853.159 824.0782 871.2461 493.268 850.0903 886.3214 884.2684 820.3072 888.725 881.8274 860.9905 865.4059 866.3045 820.5922 129.5776 323.9694 842.1877 
517.3311 22.378 63.2941 51.4545 38.4445 47.208 386.7786 24.0631 34.9239 895.5192 53.5387 27.85 33.0659 1144.085 849.5985 1048.9958 17.1254 64.8529 30.0713 22.7987 50.9757 52.3127 46.9424 40.7366 28.7777 454.508 46.7031 684.034 48.271 39.5933 41.9565 51.1204 57.354 53.7314 30.9224 21.525 61.8521 55.7387 59.0552 14.8525 17.9193 18.162 35.6335 37.774 54.1613 859.2002 0 1007.0427 31.2485 24.3725 659.6528 10.1104 49.497 39.5826 41.5152 52.2776 25.704 34.282 27.6187 23.588 56.467 33.109 36.6085 831.9235 47.7285 773.9828 26.6858 46.5113 47.4585 26.72 50.4655 958.7732 29.5314 27.5246 1189.1921 27.1132 42.3335 36.6342 456.8187 37.7406 31.6329 26.8616 33.604 45.6018 52.9757 45.947 50.3995 842.5948 9.2825 37.4437 52.4091 42.2395 38.4471 56.7321 51.9574 8.6834 30.6008 40.7431 958.2178 543.1875 20.2235 
