50
B0 C0 E0 F0 H0 I0 K0 L0 M0 N0 O0 P0 S0 U0 V0 Z0 A1 B1 C1 D1 F1 H1 K1 L1 M1 O1 T1 U1 V1 X1 Z1 B2 C2 N2 P2 Q2 R2 U2 V2 W2 X2 C3 D3 F3 L3 N3 P3 S3 T3 A0
0 14.75037 16.78762 15.85533 10.64727 13.35012 17.29041 14.25026 13.33998 10.46045 13.82043 18.06638 10.67208 10.38379 13.91498 10.99363 16.09676 14.82423 16.51519 19.19192 12.18031 15.36233 17.37474 10.84128 19.45883 18.88032 18.52937 19.55705 10.56641 11.26652 10.5674 17.39432 19.01031 15.99644 13.9947 14.36858 14.30441 10.67374 12.18745 12.87237 13.49606 17.42741 15.32878 12.80701 10.1085 13.16472 11.08287 11.86359 16.70001 13.47684 
14.75037 0 14.68535 10.0159 18.08709 10.41147 17.7173 16.77939 15.18264 11.3016 14.05028 12.64073 12.46298 14.0955 11.86998 14.50397 16.7409 12.26977 17.02911 13.49603 15.93441 12.74462 14.88017 13.78431 17.05521 11.50741 17.48522 17.08931 18.74392 19.39217 18.5879 12.01434 18.66873 10.97524 19.07522 10.88401 16.1123 14.90032 12.17906 16.77284 12.72475 18.17841 10.81909 11.38594 15.37645 16.55416 12.03374 13.77461 13.39795 10.21744 
16.78762 14.68535 0 11.7759 12.92725 10.55187 13.29604 11.74754 11.83092 15.73408 13.31398 14.23123 19.62546 12.68863 18.70144 17.07606 13.48309 12.84922 10.74559 11.46498 17.10616 11.05502 19.24412 12.52111 12.94838 10.37229 16.08524 17.08964 11.76053 17.24026 19.29004 19.04923 16.33424 10.95184 12.30085 10.39321 13.26422 14.49296 13.22399 15.73736 14.40737 13.81464 10.95284 14.4836 14.99514 11.43125 17.08239 17.85638 18.8429 15.55979 
15.85533 10.0159 11.7759 0 16.07536 10.67314 11.00374 17.78237 13.91788 18.60356 14.97161 14.84797 11.84026 18.54313 14.92635 16.56617 17.32278 15.70988 18.40178 18.30001 17.18018 13.2816 17.29245 15.63792 14.19144 18.29917 14.63385 15.74183 11.09797 12.09534 12.6177 13.17681 13.03375 12.85178 10.32213 10.61059 15.75258 12.67036 18.24811 19.81913 11.80673 10.77614 10.32439 17.90825 15.03004 10.02669 16.08005 11.94234 11.988 16.15952 
10.64727 18.08709 12.92725 16.07536 0 12.64696 19.87782 14.63954 10.19523 15.04588 17.13496 11.21476 15.99257 10.38727 14.66603 11.988 13.7146 13.74388 13.86202 19.39527 15.01946 11.74915 15.49802 11.54 13.82494 11.74769 11.12721 19.59289 15.20669 19.53369 11.22709 18.02468 15.12193 11.75439 11.93718 18.32034 18.13586 10.4549 12.64065 13.90822 16.88977 16.80929 14.78585 16.44262 19.71537 17.58458 14.36474 17.29472 14.96662 18.18353 
13.35012 10.41147 10.55187 10.67314 12.64696 0 16.76871 12.63537 12.21905 14.84567 12.2982 11.45868 15.61726 14.82479 15.8483 14.09416 17.97881 10.05387 19.72199 15.29251 13.96645 16.60535 16.39958 19.40452 19.19488 12.6732 19.55355 14.68012 19.91132 13.86058 10.00561 16.87216 17.83229 13.38874 13.25806 12.9712 10.06489 17.95746 11.63559 16.49752 11.07831 16.77987 14.29649 12.87138 15.83815 14.26277 16.86205 10.42984 18.98787 19.29383 
17.29041 17.7173 13.29604 11.00374 19.87782 16.76871 0 16.18359 16.50181 17.47032 10.21633 15.18961 16.33992 14.61834 19.80392 17.50873 17.11673 10.61006 18.10245 19.4284 10.95215 18.76643 11.6072 14.32675 19.76649 13.84156 11.17541 16.29657 19.46013 15.06603 12.94582 14.16847 19.41518 19.89342 15.62884 12.87808 17.44903 13.4972 17.93935 18.05716 14.66266 12.73607 12.75975 14.91246 19.14891 18.35579 11.85173 12.65351 14.84905 17.67468 
14.25026 16.77939 11.74754 17.78237 14.63954 12.63537 16.18359 0 14.01961 19.2001 10.53463 15.90526 17.00598 14.17785 17.38868 10.7548 13.02041 17.96574 18.19297 14.80686 11.87656 13.73199 14.62351 10.30522 16.86546 19.57771 11.89971 10.30259 11.73669 10.51901 13.20785 19.10602 19.70475 16.84423 12.23632 19.12273 16.59175 16.01533 18.43305 11.04189 13.91952 18.54487 17.75719 10.45775 12.10848 10.64022 13.17977 19.65345 12.19218 14.75317 
13.33998 15.18264 11.83092 13.91788 10.19523 12.21905 16.50181 14.01961 0 18.29156 18.43121 19.73988 11.8858 17.1085 16.16486 16.73741 10.22952 19.54343 10.28473 13.35656 11.12683 17.31802 11.4385 17.37988 13.97164 12.34627 16.05778 13.53523 17.93182 17.74806 16.91773 12.52909 15.89999 16.57491 16.1646 19.62304 17.01909 18.886 11.57075 15.36696 19.84575 14.58492 11.64388 10.697 15.57906 13.22469 12.57875 12.58481 15.71677 14.29179 
10.46045 11.3016 15.73408 18.60356 15.04588 14.84567 17.47032 19.2001 18.29156 0 18.42865 17.68015 13.37671 16.37643 18.32001 15.32225 12.36038 10.45443 12.37745 17.86609 12.5379 15.57403 14.48783 19.13983 15.41441 19.35062 13.63372 18.96102 19.74316 13.20108 15.7458 15.73171 13.25278 18.81625 16.29511 16.40886 15.54913 18.15455 11.37945 13.73427 18.77571 13.78253 16.02636 15.1215 16.85611 12.06737 17.01994 11.0181 18.78555 18.70447 
13.82043 14.05028 13.31398 14.97161 17.13496 12.2982 10.21633 10.53463 18.43121 18.42865 0 15.69651 18.21533 11.99583 17.98151 19.41754 10.46962 14.26454 19.59539 17.42 18.23341 11.50317 19.1817 18.46411 11.69853 15.4327 11.53796 15.81411 18.47319 15.56875 18.31124 18.44992 18.20664 19.42947 10.48493 10.99895 14.20003 12.05998 15.42242 14.32668 11.84555 15.78118 13.54035 17.62418 19.1203 17.91395 13.93148 10.62204 15.06243 16.02723 
18.06638 12.64073 14.23123 14.84797 11.21476 11.45868 15.18961 15.90526 19.73988 17.68015 15.69651 0 13.70736 12.80149 13.72162 12.40473 15.94456 12.48533 13.67723 11.17774 17.88994 16.22273 10.41483 16.5263 18.93107 17.171 18.74627 17.57401 17.87933 15.70851 12.21403 12.7739 18.99735 10.73455 19.84687 16.54958 10.97576 19.64699 12.0608 14.81834 15.98449 19.10404 17.59493 11.31844 18.38725 18.85087 19.77336 17.34898 10.20068 11.32454 
10.67208 12.46298 19.62546 11.84026 15.99257 15.61726 16.33992 17.00598 11.8858 13.37671 18.21533 13.70736 0 17.98416 17.68897 16.86188 17.77123 15.1135 15.39018 16.0134 16.85357 17.09568 16.28552 12.89437 18.7656 13.67461 12.52555 15.1409 12.27202 19.02961 18.3212 17.62379 14.56539 15.27118 12.5768 13.00954 19.21728 17.5124 13.22254 16.32572 11.23395 19.97626 14.72954 19.14831 15.6669 18.81103 10.21339 19.72744 16.44486 10.90593 
10.38379 14.0955 12.68863 18.54313 10.38727 14.82479 14.61834 14.17785 17.1085 16.37643 11.99583 12.80149 17.98416 0 14.60042 11.93881 19.30727 13.55652 16.75043 17.20203 11.80272 17.60219 13.65915 17.10442 19.79111 12.53451 12.99433 14.1088 13.9809 10.35055 14.02714 10.61366 14.20316 15.37413 11.66735 14.92241 15.29726 10.03802 19.31186 13.24486 10.53964 19.57808 16.15933 15.3603 17.53951 17.14273 11.49513 17.23385 16.69807 12.43565 
13.91498 11.86998 18.70144 14.92635 14.66603 15.8483 19.80392 17.38868 16.16486 18.32001 17.98151 13.72162 17.68897 14.60042 0 15.96139 10.2532 18.74597 19.45495 13.72496 12.37303 16.70905 10.57393 11.53215 12.27928 11.31568 18.31002 11.93966 17.15678 16.16444 16.36146 18.08762 15.68144 18.39043 17.06482 19.46306 18.5464 17.53215 19.39138 12.00957 14.52322 16.98863 17.43661 12.22146 13.68664 14.24536 14.07776 12.32634 19.68654 16.48743 
10.99363 14.50397 17.07606 16.56617 11.988 14.09416 17.50873 10.7548 16.73741 15.32225 19.41754 12.40473 16.86188 11.93881 15.96139 0 16.89341 12.30943 11.88897 12.12811 16.00658 19.01776 12.99585 17.34122 12.17506 17.32572 11.57897 13.53511 12.98978 16.86783 14.81338 16.27051 16.16524 14.22585 17.83502 17.05948 13.8067 18.97899 14.22673 12.25506 14.22165 12.95709 10.40917 18.08493 19.73988 18.03502 17.13163 12.93301 19.08807 14.03178 
16.09676 16.7409 13.48309 17.32278 13.7146 17.97881 17.11673 13.02041 10.22952 12.36038 10.46962 15.94456 17.77123 19.30727 10.2532 16.89341 0 12.83703 19.60157 13.08148 10.228 15.8153 10.18622 12.43792 15.61128 19.66951 16.3636 13.58731 18.28418 18.74256 11.15945 14.3959 16.99218 10.08201 19.47476 14.65956 15.94716 12.63115 13.27047 15.40743 15.8513 14.59388 14.43624 10.09813 15.121 17.37136 14.31344 13.93602 16.84126 14.28415 
14.82423 12.26977 12.84922 15.70988 13.74388 10.05387 10.61006 17.96574 19.54343 10.45443 14.26454 12.48533 15.1135 13.55652 18.74597 12.30943 12.83703 0 12.34348 16.17059 12.34656 11.72628 19.24905 16.27897 14.3692 13.75963 11.63389 10.07443 19.4835 10.17728 11.03958 10.24608 14.78829 13.05782 19.85491 13.52924 17.4492 10.47367 14.03254 10.83857 11.36434 12.56155 15.3936 10.2236 16.32329 15.78429 10.4762 15.40851 15.56899 12.27062 
16.51519 17.02911 10.74559 18.40178 13.86202 19.72199 18.10245 18.19297 10.28473 12.37745 19.59539 13.67723 15.39018 16.75043 19.45495 11.88897 19.60157 12.34348 0 18.46618 17.88857 11.37022 14.77563 18.29104 17.778 12.65445 11.61077 19.96779 18.31561 13.53387 15.54699 13.89761 17.34501 19.26354 13.82222 12.05871 11.63562 18.61566 19.45407 17.53808 10.50476 19.4516 10.48168 16.89222 19.94064 11.67236 15.85021 19.63193 19.01126 18.95144 
19.19192 13.49603 11.46498 18.30001 19.39527 15.29251 19.4284 14.80686 13.35656 17.86609 17.42 11.17774 16.0134 17.20203 13.72496 12.12811 13.08148 16.17059 18.46618 0 18.16673 13.24465 15.10974 14.3659 10.29153 11.57739 12.76783 12.53651 14.82305 14.49936 14.234 10.81577 19.72304 19.34915 14.73648 15.50112 16.92639 16.37592 17.48438 15.80331 10.34333 16.38164 13.77805 19.10162 17.32698 18.10161 11.4769 12.1824 15.28193 11.58467 
12.18031 15.93441 17.10616 17.18018 15.01946 13.96645 10.95215 11.87656 11.12683 12.5379 18.23341 17.88994 16.85357 11.80272 12.37303 16.00658 10.228 12.34656 17.88857 18.16673 0 16.65574 15.40778 11.39659 19.45513 18.75376 19.43445 16.31578 10.51487 16.79716 14.48239 16.73633 17.6196 16.4834 12.85109 13.2159 19.0149 11.36772 13.35643 10.44995 16.10996 10.5676 14.52371 19.58088 17.9596 14.22528 18.57434 14.55384 12.12684 19.623 
15.36233 12.74462 11.05502 13.2816 11.74915 16.60535 18.76643 13.73199 17.31802 15.57403 11.50317 16.22273 17.09568 17.60219 16.70905 19.01776 15.8153 11.72628 11.37022 13.24465 16.65574 0 11.12314 17.73588 17.53888 12.48117 15.16718 16.39057 10.62072 17.59193 17.37784 11.33856 10.78916 16.06397 17.91974 14.393 18.2897 12.09532 19.13173 16.89351 11.28254 13.64537 19.82362 13.92226 13.78741 12.20716 13.74934 13.39001 18.99801 14.3192 
17.37474 14.88017 19.24412 17.29245 15.49802 16.39958 11.6072 14.62351 11.4385 14.48783 19.1817 10.41483 16.28552 13.65915 10.57393 12.99585 10.18622 19.24905 14.77563 15.10974 15.40778 11.12314 0 14.18296 12.98839 17.87695 19.49247 11.29657 18.39143 10.66754 19.02913 10.07653 17.00278 12.02343 17.21999 16.40856 15.53335 19.58833 14.4569 12.24455 16.91195 12.82687 10.01199 12.77617 13.75498 15.0284 10.75054 12.66823 19.24781 13.63799 
10.84128 13.78431 12.52111 15.63792 11.54 19.40452 14.32675 10.30522 17.37988 19.13983 18.46411 16.5263 12.89437 17.10442 11.53215 17.34122 12.43792 16.27897 18.29104 14.3659 11.39659 17.73588 14.18296 0 18.52905 15.79961 16.56869 16.45671 15.92824 17.15706 13.77997 16.8743 15.41269 13.71448 18.45027 10.79937 18.18389 11.47944 19.18081 19.12653 18.12327 16.80547 11.57071 14.78114 11.33034 14.39037 19.42757 12.1309 10.53197 10.9687 
19.45883 17.05521 12.94838 14.19144 13.82494 19.19488 19.76649 16.86546 13.97164 15.41441 11.69853 18.93107 18.7656 19.79111 12.27928 12.17506 15.61128 14.3692 17.778 10.29153 19.45513 17.53888 12.98839 18.52905 0 11.30895 16.37059 13.85385 13.89934 10.54426 14.22669 10.6548 19.23171 11.62168 18.80056 19.80658 17.41684 14.2545 16.65118 11.05215 15.57856 14.95866 11.17597 18.00322 11.91429 13.10651 19.90229 14.87827 12.96487 14.31491 
18.88032 11.50741 10.37229 18.29917 11.74769 12.6732 13.84156 19.57771 12.34627 19.35062 15.4327 17.171 13.67461 12.53451 11.31568 17.32572 19.66951 13.75963 12.65445 11.57739 18.75376 12.48117 17.87695 15.79961 11.30895 0 16.02115 17.96528 14.11887 15.43829 18.67968 17.59831 16.80003 16.87027 17.38837 12.18576 15.18001 17.92343 12.72031 14.68436 16.17324 11.1979 12.59701 11.39456 11.59191 13.6711 12.35922 12.32388 19.51233 11.66351 
18.52937 17.48522 16.08524 14.63385 11.12721 19.55355 11.17541 11.89971 16.05778 13.63372 11.53796 18.74627 12.52555 12.99433 18.31002 11.57897 16.3636 11.63389 11.61077 12.76783 19.43445 15.16718 19.49247 16.56869 16.37059 16.02115 0 14.25276 10.68974 10.45718 13.96984 18.87165 15.70647 10.22804 17.91816 10.40993 16.23571 14.1665 13.50699 13.09178 17.61253 13.89036 18.77068 11.33431 12.88975 13.85435 16.58112 19.57658 10.28936 19.67558 
19.55705 17.08931 17.08964 15.74183 19.59289 14.68012 16.29657 10.30259 13.53523 18.96102 15.81411 17.57401 15.1409 14.1088 11.93966 13.53511 13.58731 10.07443 19.96779 12.53651 16.31578 16.39057 11.29657 16.45671 13.85385 17.96528 14.25276 0 11.81521 19.20491 12.98299 16.95472 13.0576 15.71786 15.99701 15.16166 17.28836 10.57416 19.66417 11.26944 16.24938 14.64047 11.23954 11.08683 15.72453 16.66854 11.31789 11.73149 16.4478 11.5886 
10.56641 18.74392 11.76053 11.09797 15.20669 19.91132 19.46013 11.73669 17.93182 19.74316 18.47319 17.87933 12.27202 13.9809 17.15678 12.98978 18.28418 19.4835 18.31561 14.82305 10.51487 10.62072 18.39143 15.92824 13.89934 14.11887 10.68974 11.81521 0 13.22382 17.79989 18.07712 16.06962 12.14828 18.79258 17.86501 15.61742 15.63512 16.10438 11.70305 14.31428 18.81562 15.97132 12.23383 11.62111 14.68672 17.29098 17.18701 18.03738 19.58826 
11.26652 19.39217 17.24026 12.09534 19.53369 13.86058 15.06603 10.51901 17.74806 13.20108 15.56875 15.70851 19.02961 10.35055 16.16444 16.86783 18.74256 10.17728 13.53387 14.49936 16.79716 17.59193 10.66754 17.15706 10.54426 15.43829 10.45718 19.20491 13.22382 0 13.1473 10.05775 12.05927 14.53382 10.69485 10.05446 17.32346 10.64909 19.01885 18.86907 10.3509 17.79644 10.67904 18.00873 19.62974 10.69625 10.80886 11.53532 19.50069 12.49292 
10.5674 18.5879 19.29004 12.6177 11.22709 10.00561 12.94582 13.20785 16.91773 15.7458 18.31124 12.21403 18.3212 14.02714 16.36146 14.81338 11.15945 11.03958 15.54699 14.234 14.48239 17.37784 19.02913 13.77997 14.22669 18.67968 13.96984 12.98299 17.79989 13.1473 0 12.55826 18.07955 15.83044 18.59921 19.82771 18.0845 12.62019 16.86409 12.62629 18.79366 12.73232 16.81252 14.78295 17.98775 12.25915 17.93822 19.95886 13.59238 11.65421 
17.39432 12.01434 19.04923 13.17681 18.02468 16.87216 14.16847 19.10602 12.52909 15.73171 18.44992 12.7739 17.62379 10.61366 18.08762 16.27051 14.3959 10.24608 13.89761 10.81577 16.73633 11.33856 10.07653 16.8743 10.6548 17.59831 18.87165 16.95472 18.07712 10.05775 12.55826 0 12.27306 14.49937 13.43239 17.0027 19.65972 18.02381 12.6171 18.4595 17.54051 16.39179 12.05475 11.21887 12.66428 10.40188 12.39326 17.63659 17.12078 18.91861 
19.01031 18.66873 16.33424 13.03375 15.12193 17.83229 19.41518 19.70475 15.89999 13.25278 18.20664 18.99735 14.56539 14.20316 15.68144 16.16524 16.99218 14.78829 17.34501 19.72304 17.6196 10.78916 17.00278 15.41269 19.23171 16.80003 15.70647 13.0576 16.06962 12.05927 18.07955 12.27306 0 16.84044 18.06984 18.97783 17.70081 18.3725 13.87128 19.31539 11.59079 18.4219 19.54644 14.36019 12.47618 15.21278 14.00528 11.84205 13.85986 12.03825 
15.99644 10.97524 10.95184 12.85178 11.75439 13.38874 19.89342 16.84423 16.57491 18.81625 19.42947 10.73455 15.27118 15.37413 18.39043 14.22585 10.08201 13.05782 19.26354 19.34915 16.4834 16.06397 12.02343 13.71448 11.62168 16.87027 10.22804 15.71786 12.14828 14.53382 15.83044 14.49937 16.84044 0 13.04377 17.74325 10.25504 17.58932 15.08951 18.30244 18.40589 15.08748 11.43898 10.35019 19.12484 19.94351 19.84934 12.815 13.1974 16.8173 
13.9947 19.07522 12.30085 10.32213 11.93718 13.25806 15.62884 12.23632 16.1646 16.29511 10.48493 19.84687 12.5768 11.66735 17.06482 17.83502 19.47476 19.85491 13.82222 14.73648 12.85109 17.91974 17.21999 18.45027 18.80056 17.38837 17.91816 15.99701 18.79258 10.69485 18.59921 13.43239 18.06984 13.04377 0 16.84638 10.94979 16.43028 13.54267 19.23125 12.17681 17.20686 16.11639 12.82406 18.37575 15.12287 14.36838 11.57971 13.97395 10.37375 
14.36858 10.88401 10.39321 10.61059 18.32034 12.9712 12.87808 19.12273 19.62304 16.40886 10.99895 16.54958 13.00954 14.92241 19.46306 17.05948 14.65956 13.52924 12.05871 15.50112 13.2159 14.393 16.40856 10.79937 19.80658 12.18576 10.40993 15.16166 17.86501 10.05446 19.82771 17.0027 18.97783 17.74325 16.84638 0 12.96287 10.80881 10.61185 17.18273 10.62427 19.94747 17.14459 12.50764 12.61169 11.61001 14.275 19.72374 16.6292 14.76599 
14.30441 16.1123 13.26422 15.75258 18.13586 10.06489 17.44903 16.59175 17.01909 15.54913 14.20003 10.97576 19.21728 15.29726 18.5464 13.8067 15.94716 17.4492 11.63562 16.92639 19.0149 18.2897 15.53335 18.18389 17.41684 15.18001 16.23571 17.28836 15.61742 17.32346 18.0845 19.65972 17.70081 10.25504 10.94979 12.96287 0 12.57286 13.01798 11.89185 17.4406 10.51797 16.51415 10.30083 15.96228 16.48977 19.60309 16.63896 12.05886 17.00152 
10.67374 14.90032 14.49296 12.67036 10.4549 17.95746 13.4972 16.01533 18.886 18.15455 12.05998 19.64699 17.5124 10.03802 17.53215 18.97899 12.63115 10.47367 18.61566 16.37592 11.36772 12.09532 19.58833 11.47944 14.2545 17.92343 14.1665 10.57416 15.63512 10.64909 12.62019 18.02381 18.3725 17.58932 16.43028 10.80881 12.57286 0 13.21779 18.39194 14.47563 12.62429 18.04027 12.64233 13.92548 17.00488 12.17643 16.22253 12.27864 11.57182 
12.18745 12.17906 13.22399 18.24811 12.64065 11.63559 17.93935 18.43305 11.57075 11.37945 15.42242 12.0608 13.22254 19.31186 19.39138 14.22673 13.27047 14.03254 19.45407 17.48438 13.35643 19.13173 14.4569 19.18081 16.65118 12.72031 13.50699 19.66417 16.10438 19.01885 16.86409 12.6171 13.87128 15.08951 13.54267 10.61185 13.01798 13.21779 0 14.38468 14.24903 10.33093 15.54714 13.48356 16.81181 18.99032 12.914 19.36205 15.62832 11.27215 
12.87237 16.77284 15.73736 19.81913 13.90822 16.49752 18.05716 11.04189 15.36696 13.73427 14.32668 14.81834 16.32572 13.24486 12.00957 12.25506 15.40743 10.83857 17.53808 15.80331 10.44995 16.89351 12.24455 19.12653 11.05215 14.68436 13.09178 11.26944 11.70305 18.86907 12.62629 18.4595 19.31539 18.30244 19.23125 17.18273 11.89185 18.39194 14.38468 0 16.33916 19.56683 18.2848 12.36909 17.86099 14.99356 19.75888 12.82699 10.02786 11.36513 
13.49606 12.72475 14.40737 11.80673 16.88977 11.07831 14.66266 13.91952 19.84575 18.77571 11.84555 15.98449 11.23395 10.53964 14.52322 14.22165 15.8513 11.36434 10.50476 10.34333 16.10996 11.28254 16.91195 18.12327 15.57856 16.17324 17.61253 16.24938 14.31428 10.3509 18.79366 17.54051 11.59079 18.40589 12.17681 10.62427 17.4406 14.47563 14.24903 16.33916 0 19.5017 15.4565 12.56151 19.16593 16.75619 12.25351 12.23447 18.55552 10.61815 
17.42741 18.17841 13.81464 10.77614 16.80929 16.77987 12.73607 18.54487 14.58492 13.78253 15.78118 19.10404 19.97626 19.57808 16.98863 12.95709 14.59388 12.56155 19.4516 16.38164 10.5676 13.64537 12.82687 16.80547 14.95866 11.1979 13.89036 14.64047 18.81562 17.79644 12.73232 16.39179 18.4219 15.08748 17.20686 19.94747 10.51797 12.62429 10.33093 19.56683 19.5017 0 14.5746 18.26993 12.88299 19.88817 10.75411 11.45756 14.70841 15.65946 
15.32878 10.81909 10.95284 10.32439 14.78585 14.29649 12.75975 17.75719 11.64388 16.02636 13.54035 17.59493 14.72954 16.15933 17.43661 10.40917 14.43624 15.3936 10.48168 13.77805 14.52371 19.82362 10.01199 11.57071 11.17597 12.59701 18.77068 11.23954 15.97132 10.67904 16.81252 12.05475 19.54644 11.43898 16.11639 17.14459 16.51415 18.04027 15.54714 18.2848 15.4565 14.5746 0 12.91948 10.95251 10.04024 10.94162 14.48111 14.77159 11.38556 
12.80701 11.38594 14.4836 17.90825 16.44262 12.87138 14.91246 10.45775 10.697 15.1215 17.62418 11.31844 19.14831 15.3603 12.22146 18.08493 10.09813 10.2236 16.89222 19.10162 19.58088 13.92226 12.77617 14.78114 18.00322 11.39456 11.33431 11.08683 12.23383 18.00873 14.78295 11.21887 14.36019 10.35019 12.82406 12.50764 10.30083 12.64233 13.48356 12.36909 12.56151 18.26993 12.91948 0 13.97628 15.38438 13.32616 17.11813 15.35319 19.06128 
10.1085 15.37645 14.99514 15.03004 19.71537 15.83815 19.14891 12.10848 15.57906 16.85611 19.1203 18.38725 15.6669 17.53951 13.68664 19.73988 15.121 16.32329 19.94064 17.32698 17.9596 13.78741 13.75498 11.33034 11.91429 11.59191 12.88975 15.72453 11.62111 19.62974 17.98775 12.66428 12.47618 19.12484 18.37575 12.61169 15.96228 13.92548 16.81181 17.86099 19.16593 12.88299 10.95251 13.97628 0 16.66713 13.54503 11.13268 19.29765 11.13299 
13.16472 16.55416 11.43125 10.02669 17.58458 14.26277 18.35579 10.64022 13.22469 12.06737 17.91395 18.85087 18.81103 17.14273 14.24536 18.03502 17.37136 15.78429 11.67236 18.10161 14.22528 12.20716 15.0284 14.39037 13.10651 13.6711 13.85435 16.66854 14.68672 10.69625 12.25915 10.40188 15.21278 19.94351 15.12287 11.61001 16.48977 17.00488 18.99032 14.99356 16.75619 19.88817 10.04024 15.38438 16.66713 0 13.96315 13.67086 11.22784 16.87877 
11.08287 12.03374 17.08239 16.08005 14.36474 16.86205 11.85173 13.17977 12.57875 17.01994 13.93148 19.77336 10.21339 11.49513 14.07776 17.13163 14.31344 10.4762 15.85021 11.4769 18.57434 13.74934 10.75054 19.42757 19.90229 12.35922 16.58112 11.31789 17.29098 10.80886 17.93822 12.39326 14.00528 19.84934 14.36838 14.275 19.60309 12.17643 12.914 19.75888 12.25351 10.75411 10.94162 13.32616 13.54503 13.96315 0 14.40555 16.311 10.37908 
11.86359 13.77461 17.85638 11.94234 17.29472 10.42984 12.65351 19.65345 12.58481 11.0181 10.62204 17.34898 19.72744 17.23385 12.32634 12.93301 13.93602 15.40851 19.63193 12.1824 14.55384 13.39001 12.66823 12.1309 14.87827 12.32388 19.57658 11.73149 17.18701 11.53532 19.95886 17.63659 11.84205 12.815 11.57971 19.72374 16.63896 16.22253 19.36205 12.82699 12.23447 11.45756 14.48111 17.11813 11.13268 13.67086 14.40555 0 10.63223 19.93022 
16.70001 13.39795 18.8429 11.988 14.96662 18.98787 14.84905 12.19218 15.71677 18.78555 15.06243 10.20068 16.44486 16.69807 19.68654 19.08807 16.84126 15.56899 19.01126 15.28193 12.12684 18.99801 19.24781 10.53197 12.96487 19.51233 10.28936 16.4478 18.03738 19.50069 13.59238 17.12078 13.85986 13.1974 13.97395 16.6292 12.05886 12.27864 15.62832 10.02786 18.55552 14.70841 14.77159 15.35319 19.29765 11.22784 16.311 10.63223 0 19.22722 
13.47684 10.21744 15.55979 16.15952 18.18353 19.29383 17.67468 14.75317 14.29179 18.70447 16.02723 11.32454 10.90593 12.43565 16.48743 14.03178 14.28415 12.27062 18.95144 11.58467 19.623 14.3192 13.63799 10.9687 14.31491 11.66351 19.67558 11.5886 19.58826 12.49292 11.65421 18.91861 12.03825 16.8173 10.37375 14.76599 17.00152 11.57182 11.27215 11.36513 10.61815 15.65946 11.38556 19.06128 11.13299 16.87877 10.37908 19.93022 19.22722 0 
