100
C0 D0 F0 G0 H0 I0 J0 L0 M0 P0 Q0 X0 Y0 A1 E1 G1 I1 J1 K1 M1 N1 S1 X1 Z1 A2 B2 D2 K2 N2 P2 S2 T2 U2 V2 W2 X2 C3 D3 E3 F3 G3 I3 M3 O3 R3 T3 X3 Y3 Z3 A4 B4 C4 E4 F4 G4 K4 M4 O4 Q4 R4 W4 X4 Y4 Z4 A5 B5 E5 I5 J5 L5 M5 O5 P5 Q5 R5 T5 W5 Z5 A6 C6 F6 G6 H6 J6 M6 P6 Q6 R6 S6 T6 U6 V6 W6 X6 Y6 Z6 A7 C7 D7 A0
0 10.14252 19.22266 17.10712 15.51853 14.22842 14.33092 19.48102 18.99777 19.92273 14.97689 11.05894 13.13701 13.91304 10.75761 17.29938 15.36987 10.48743 19.39983 19.86053 12.36235 10.98645 13.61646 12.01045 11.10512 18.67936 10.5176 19.00706 10.19016 10.30177 19.72473 11.16985 10.73802 17.46747 11.75802 13.4627 11.75619 18.79995 15.40178 11.36048 11.75754 18.93871 18.44547 16.35382 13.87307 16.65686 13.34814 16.22045 18.9873 14.9584 10.1906 17.21838 12.71911 12.74492 13.39575 19.03677 16.75572 11.02282 13.64208 10.1105 10.25686 14.09103 16.93574 17.41967 15.21585 17.33052 14.15017 12.36414 14.46138 16.38093 12.93517 18.83476 13.17445 18.15429 16.10935 19.06293 11.26311 14.03356 10.93994 18.78089 16.97874 16.78518 16.59683 14.82775 10.75927 16.52375 14.95382 12.90856 11.03907 11.30365 14.67733 13.4693 15.32899 14.1448 15.31222 12.04069 18.26851 18.13285 14.23922 18.07719 
10.14252 0 10.4436 12.91885 18.21147 18.28127 15.5439 10.21837 11.5705 16.56596 14.40467 15.16123 10.08681 10.412 17.64342 10.35315 19.55235 16.36372 17.29471 15.52414 19.46453 12.5523 11.31438 16.85409 16.53547 18.31828 16.65366 18.51398 16.23921 19.00952 12.40639 14.56859 13.50711 14.35888 11.5147 19.30042 12.1799 10.78159 17.19207 19.69578 14.03973 12.07672 11.28749 16.04199 14.92335 15.4274 16.9848 11.47602 11.78071 19.74588 15.07966 15.4475 11.63875 12.68766 10.68156 14.58889 16.62957 17.87182 19.6442 10.54572 17.19393 19.93755 13.2202 19.74963 10.24826 12.94316 11.69903 13.94805 11.84096 17.4101 17.37473 18.07752 16.18756 19.53135 10.39346 15.78346 15.87 11.19228 13.72474 13.03102 13.12865 16.84725 13.50748 13.94639 11.95481 16.93225 11.94075 13.17362 12.28875 16.26228 11.65787 17.05503 15.9408 12.50267 16.51191 15.56676 15.36827 11.94451 19.92492 16.44389 
19.22266 10.4436 0 15.68151 11.42098 14.64088 10.71546 16.63523 18.65219 13.77857 14.21533 16.49527 11.60935 13.48423 12.48571 15.2775 12.16826 13.32322 17.47392 12.19373 16.75468 16.29589 19.43072 15.68384 14.68485 14.48713 11.84221 14.53767 15.27698 14.98387 14.75525 15.73844 13.72263 19.31914 15.44749 15.83484 16.4606 15.71648 19.12056 11.0914 11.5832 16.3158 13.03163 17.08701 18.34402 14.46373 10.80664 18.36764 12.14293 18.336 14.60924 16.71638 17.24707 16.98568 14.7426 12.22922 18.09855 14.68292 19.52971 10.59289 12.15098 18.9177 16.8854 14.93973 13.86431 13.49856 12.45759 15.52068 17.92584 16.86207 11.64277 19.78593 16.18191 12.45622 13.01579 14.6765 16.23551 10.24413 19.62538 18.82022 12.49618 11.8202 10.78399 18.05597 17.90977 13.07575 10.01318 13.74027 19.13589 17.34254 16.76211 17.95501 15.18479 19.94099 12.88449 16.2467 10.44515 10.60278 10.45623 16.13995 
17.10712 12.91885 15.68151 0 12.67859 13.17437 10.37306 12.36709 17.52628 13.20519 19.75218 15.94606 19.66366 19.01946 17.41395 17.28656 12.52667 10.05483 11.29939 11.55622 11.37714 13.15387 19.78232 11.30352 12.48817 10.88684 13.37336 17.71216 17.121 13.09942 14.50352 18.25077 16.11748 19.59442 12.01269 15.69097 10.85397 11.62913 13.66432 12.04653 14.28836 17.14873 15.14993 18.17838 18.37545 12.30584 16.75855 18.81574 13.93771 13.70216 15.78999 17.84234 11.33079 10.09474 14.12864 11.31164 18.61404 13.42778 10.79787 13.16142 12.44968 16.41866 19.94763 19.86078 16.478 19.35768 10.50312 19.26106 15.59883 10.6835 17.35836 12.64216 12.21208 17.32347 19.45127 13.80815 14.58911 18.07866 15.72785 16.50583 12.79203 10.77763 15.81041 10.14739 19.80946 12.77028 18.93656 18.41598 11.29122 16.53875 15.17559 13.83674 11.42366 12.54531 10.98073 15.00003 12.15649 10.54806 14.92129 15.48743 
15.51853 18.21147 11.42098 12.67859 0 11.47955 14.15453 12.44068 10.04477 17.01123 10.69429 14.85758 16.3674 19.6797 19.06542 19.93966 12.56248 13.88881 19.01054 12.57866 13.70858 13.25157 14.11837 18.50966 12.37751 19.7208 17.00559 15.87077 15.52443 12.04502 10.57798 17.54683 18.01901 12.88538 11.03543 18.49814 11.61633 10.15134 12.2631 12.2261 19.07728 17.78108 18.4489 16.08921 16.55371 18.19959 16.67425 17.04609 15.5247 13.07283 14.18723 19.00399 13.73817 12.15932 19.94853 18.3231 14.18263 15.39519 17.8289 11.27663 12.68086 11.51715 14.96078 18.5328 10.92469 10.80461 13.11909 17.70707 19.46662 17.7207 13.59783 11.03909 17.04818 19.77919 19.11749 16.02717 10.42234 16.72657 17.21023 12.54381 13.42384 15.76791 17.55098 17.15358 10.91072 10.88357 13.33973 17.83498 19.22642 11.23589 10.66307 11.3054 10.90267 14.10638 18.25172 14.21882 14.79266 19.21019 17.50447 10.74777 
14.22842 18.28127 14.64088 13.17437 11.47955 0 12.35362 19.35265 15.22149 11.62298 16.64028 10.49868 10.11325 15.08196 16.60742 16.43638 13.85025 12.3311 16.45119 18.72382 11.36697 17.3123 11.49503 15.6766 10.95892 13.52167 17.91651 19.64312 10.62789 15.45274 15.97063 16.16275 18.52525 17.85623 11.95888 11.59428 12.50444 12.78593 18.77279 17.71592 11.33043 18.45012 18.04914 17.43835 17.21737 13.60553 18.52274 11.87427 13.21644 19.51675 16.06807 16.85366 10.07997 14.37887 19.59831 11.10485 13.63961 19.1328 10.22672 15.71257 18.4282 11.76742 13.95924 15.81828 19.37634 11.2874 14.61185 12.92477 16.53441 10.78736 11.81021 18.03765 10.3262 10.42054 17.23706 14.80773 14.13791 11.68347 18.5053 18.34389 15.70277 17.01909 13.77307 14.65312 16.03147 12.74327 15.20701 12.86358 11.20741 17.98105 15.91731 14.97758 18.77487 11.12846 15.21691 15.29682 18.5564 12.56407 13.07218 17.7273 
14.33092 15.5439 10.71546 10.37306 14.15453 12.35362 0 12.50887 17.37477 17.27613 12.95554 15.64927 16.28813 14.86837 16.64588 14.84219 12.87627 18.12122 16.66089 11.02408 13.84058 12.63182 12.63893 18.96516 16.62329 13.90114 12.31414 12.71089 16.3806 10.06041 12.73635 12.25052 11.62972 15.26986 19.61878 13.48964 11.10461 10.63208 15.89746 17.08734 12.49864 17.53353 18.37115 17.98287 15.509 14.25711 10.2775 19.25546 13.70347 14.62471 13.39385 17.69343 11.45126 16.19166 10.5772 17.02547 12.87336 12.30514 11.2454 15.34489 18.44247 11.80547 15.53243 14.85096 15.56451 16.16474 18.77484 14.81008 16.26196 11.55597 13.19888 13.57225 11.69889 15.00421 11.12553 16.75202 11.29441 19.7431 18.33171 10.46384 10.34633 15.417 12.5189 15.73173 14.47524 19.15615 18.29779 11.58831 14.86333 19.2907 17.08274 18.49642 18.27027 16.06561 16.33319 12.22115 14.89794 15.57133 11.14097 18.68435 
19.48102 10.21837 16.63523 12.36709 12.44068 19.35265 12.50887 0 16.90929 15.22166 15.11997 12.94058 19.59081 10.95222 16.94229 15.02256 10.21426 13.09687 18.7814 13.63713 18.12306 16.11151 10.38804 14.98224 18.1531 15.04884 15.52228 19.89639 10.25648 17.65937 11.0504 15.07798 17.6164 14.90388 19.24197 10.63617 17.34794 17.66924 14.08474 18.26547 19.97986 11.54647 13.04773 19.81003 10.75102 14.99761 18.86672 15.08657 12.48422 16.96336 19.74777 14.86433 14.64467 17.05321 15.88219 19.13385 10.01643 11.90951 13.22882 12.5063 11.9099 13.94845 11.05584 17.0661 10.40429 19.87922 11.28933 16.663 11.87898 17.22272 10.43415 15.81262 13.40253 11.22759 10.67383 12.4832 17.19506 18.11504 18.71467 16.89593 19.14486 16.16486 15.8635 18.90453 17.38934 16.50209 10.43398 16.86733 17.86457 17.97408 11.37043 19.97538 10.33797 12.31584 16.39906 18.19841 12.83486 16.10336 16.65852 14.10058 
18.99777 11.5705 18.65219 17.52628 10.04477 15.22149 17.37477 16.90929 0 15.16923 12.47574 13.72802 11.05119 17.2011 10.10963 12.43057 10.8434 14.8824 19.12533 14.80501 11.04219 16.30626 10.31113 15.53876 10.10325 17.00682 17.38872 14.65999 16.1723 16.69197 19.06777 10.01322 17.16697 17.2951 18.88864 14.87876 16.00416 12.98723 13.44087 13.7317 14.18284 18.57108 12.77642 19.27011 14.03576 17.16973 13.00862 11.42205 11.81074 10.96877 11.3205 10.26989 13.75142 12.07609 17.40049 12.77312 15.30919 10.75494 12.31614 12.99046 12.36869 13.66226 12.94695 14.44928 11.97836 10.9436 19.79097 19.85954 13.32479 14.88422 14.55111 12.86227 11.41877 15.51355 12.68464 12.60801 13.99002 13.76819 12.82942 19.51554 17.70343 19.30829 11.6961 13.17425 15.07267 12.17365 15.20981 10.79825 18.68169 14.95852 18.48319 15.39349 15.78204 17.13268 16.45755 15.60929 15.8326 19.52948 13.84624 14.52864 
19.92273 16.56596 13.77857 13.20519 17.01123 11.62298 17.27613 15.22166 15.16923 0 19.9265 10.1485 12.08655 10.2683 18.83772 12.1279 11.53473 11.94102 11.79108 19.76246 14.6386 10.25981 15.41754 15.39911 12.72847 19.41019 14.12223 14.95583 14.52586 11.41887 14.39087 19.29122 16.36846 15.50517 11.79088 17.34497 12.52292 12.77629 12.14394 13.7808 19.12388 15.48261 12.54701 18.39732 18.35378 19.16619 15.21375 10.63114 18.69452 15.33013 15.95755 11.72566 11.10192 12.54717 17.98523 11.31642 10.3386 13.47249 13.38638 18.22235 13.84796 10.96556 10.71076 18.6035 15.46389 19.80199 12.98113 14.19047 18.46153 16.84463 10.56006 17.24971 14.07182 18.71838 18.27723 17.86611 19.40966 15.47876 10.85763 13.58899 18.54198 19.36795 13.95972 19.90341 12.47472 12.27312 13.50379 12.05702 13.84082 18.8271 15.37507 16.09361 19.75951 17.18908 10.58221 13.86314 19.53245 11.39584 11.71004 14.34756 
14.97689 14.40467 14.21533 19.75218 10.69429 16.64028 12.95554 15.11997 12.47574 19.9265 0 13.29659 13.95426 16.06454 11.92757 17.81659 14.77385 18.59786 19.72713 18.63228 12.16762 18.25516 15.52302 15.98609 14.04442 16.72249 15.49752 19.19762 15.12093 14.74105 15.97478 16.19458 16.85611 19.90573 14.36561 16.63954 13.76587 12.95663 17.20137 16.14796 13.55042 12.17199 13.78829 11.38185 11.23263 15.03805 17.95719 10.67747 15.07059 12.60278 16.80372 18.4611 17.07132 18.18053 13.02899 11.2205 19.58717 10.43079 18.40521 18.38888 17.28674 18.00481 15.10893 18.53538 18.59161 14.01567 16.7309 14.79611 13.89093 10.14464 13.33993 10.58139 12.3459 13.71776 18.69535 13.05698 18.90904 13.41424 11.53994 16.7201 17.45819 12.54587 17.49028 19.94517 11.05758 14.34515 15.48144 17.80129 14.71587 19.85347 19.42942 11.73961 18.93798 15.40255 19.16458 14.64665 12.28179 16.22069 18.23377 19.98291 
11.05894 15.16123 16.49527 15.94606 14.85758 10.49868 15.64927 12.94058 13.72802 10.1485 13.29659 0 18.40453 12.61297 14.64652 12.01894 11.23329 12.9656 16.63883 14.87785 15.49854 15.68982 16.80417 15.89366 10.04888 13.79164 14.51153 11.17447 13.4238 13.38252 11.86525 15.06351 13.99565 12.15043 12.92421 19.92151 10.12831 10.69027 15.5713 17.64764 11.09544 13.02912 13.14768 18.1133 12.93509 19.26014 11.62721 11.94006 17.26276 16.30943 10.27116 12.5065 12.13227 17.81052 19.89782 11.16621 17.60244 12.51259 17.88503 11.3384 13.20947 18.8962 13.34064 18.18957 11.92338 19.46537 11.89991 11.97987 10.23685 15.81104 12.94805 11.53678 16.56568 14.06273 18.73239 17.13519 11.00277 15.08638 14.85752 16.92885 16.49161 19.05469 19.04454 14.57871 17.71104 11.88711 19.44539 18.77261 18.526 19.15416 17.86311 19.15489 19.41466 15.91164 12.14498 16.73032 16.96149 13.35883 17.93398 10.30248 
13.13701 10.08681 11.60935 19.66366 16.3674 10.11325 16.28813 19.59081 11.05119 12.08655 13.95426 18.40453 0 11.50996 13.80006 15.80547 19.24781 12.11705 14.71201 15.16198 18.8556 16.98368 10.7872 14.65885 16.786 19.58907 16.75644 16.42856 10.67362 10.30516 11.17761 15.92846 12.77759 18.09127 11.5535 15.59482 19.98449 13.35216 18.25394 14.00786 19.12261 17.55524 18.46777 14.81533 16.21728 18.25856 14.32963 16.66662 14.21865 18.32631 16.1303 10.18553 10.4599 15.98489 11.02328 17.45808 18.74056 15.46104 11.75973 18.62248 16.8274 11.57282 12.63042 13.8946 16.9766 16.40662 16.04825 10.81177 13.22642 19.61488 18.44814 17.63941 13.28032 14.45894 11.17843 11.58645 10.28545 12.18685 18.05852 10.92082 19.33807 18.76993 18.60864 13.62275 14.85395 14.285 16.86937 15.89796 16.33528 18.28811 16.66658 12.31082 16.69026 12.50846 10.21935 10.88291 19.51531 14.94299 19.91543 12.54373 
13.91304 10.412 13.48423 19.01946 19.6797 15.08196 14.86837 10.95222 17.2011 10.2683 16.06454 12.61297 11.50996 0 13.0882 17.84921 14.22802 14.33437 10.02226 13.43468 19.05973 13.28988 13.80527 18.72694 16.47872 17.1367 16.28403 10.93166 12.00775 12.5076 10.58701 19.27154 10.24589 15.8815 18.41795 17.24354 13.96314 10.3696 15.13384 15.72908 16.11121 10.95812 12.07712 10.80091 11.36384 19.8128 12.43464 13.57557 14.01816 17.52424 19.89637 15.09131 10.98434 15.01927 17.02665 12.03834 17.1234 13.51243 14.39029 15.4494 19.72535 16.30492 17.1245 16.06993 12.1155 15.55189 19.99172 10.04359 11.72055 14.75924 16.01981 10.47812 12.7347 15.79266 16.50036 19.61875 17.18119 18.25326 14.28549 15.90007 17.78941 19.43731 19.76741 16.90565 15.09152 11.14814 11.51375 11.70408 14.61875 18.89849 18.95905 13.35564 15.82506 10.68062 16.01259 10.32526 18.38731 12.79473 18.78055 14.61248 
10.75761 17.64342 12.48571 17.41395 19.06542 16.60742 16.64588 16.94229 10.10963 18.83772 11.92757 14.64652 13.80006 13.0882 0 16.32085 15.75576 18.96961 11.92314 19.81047 14.91197 19.07627 16.54584 17.80304 17.68724 13.08344 12.82072 10.64488 10.33341 13.71873 18.79314 17.85487 19.53968 19.25849 18.2594 12.53203 10.62662 15.70914 16.97037 14.36279 19.02456 18.22979 12.97103 13.3099 12.79237 14.50658 10.09588 11.50416 18.33152 17.26251 10.39902 14.15776 14.30267 17.37972 13.12508 11.03746 15.15894 13.35641 17.10795 16.81936 19.48054 12.88755 14.41239 10.73782 14.16606 14.71147 13.85302 18.99195 16.63272 13.34642 15.83776 16.44522 18.41634 13.71562 18.81489 11.40161 17.59037 19.36649 17.50723 14.22227 13.78567 19.13348 16.27487 15.42469 15.31656 17.80826 17.48828 16.20804 10.95745 19.34429 13.0018 11.48753 14.71863 17.26801 14.30455 15.42306 16.49449 19.03953 10.41471 14.53801 
17.29938 10.35315 15.2775 17.28656 19.93966 16.43638 14.84219 15.02256 12.43057 12.1279 17.81659 12.01894 15.80547 17.84921 16.32085 0 15.4417 16.36219 11.71731 13.7999 14.66345 19.65217 17.17781 13.20056 17.61323 16.80729 15.0887 14.99948 12.13191 16.24265 12.73712 10.23364 10.94455 17.43201 19.90512 19.97063 10.18342 16.38377 12.40038 12.85215 12.31527 13.89394 11.43213 18.5436 12.7671 16.22009 13.04404 18.69087 14.49771 14.18416 14.74627 13.10484 17.77831 11.87678 13.43008 10.32535 13.18124 16.72459 14.48727 10.01879 17.39945 14.74514 12.51786 12.5474 14.21286 13.22777 15.41195 15.0031 16.69262 10.83165 13.02377 18.63156 17.45605 16.29636 15.65333 18.24849 16.27383 10.84175 18.85383 19.54133 11.81569 12.89666 17.16803 14.31966 19.83483 15.97589 19.87629 10.7024 14.34676 19.98747 12.48423 17.12746 18.17134 10.14218 14.76186 10.49008 19.47904 17.4757 14.46142 18.50448 
15.36987 19.55235 12.16826 12.52667 12.56248 13.85025 12.87627 10.21426 10.8434 11.53473 14.77385 11.23329 19.24781 14.22802 15.75576 15.4417 0 16.89025 16.0559 11.94205 13.46848 15.55731 14.00503 19.80018 13.98482 11.93268 14.70835 17.63051 18.63349 14.73886 15.60715 14.51477 11.88932 17.41816 15.88512 11.8498 16.04462 16.24826 14.32691 13.90075 13.48678 10.5273 18.68486 18.09442 12.5014 15.6877 17.22499 14.21165 17.14937 18.82803 19.325 17.52374 16.41395 14.08733 14.70335 16.28745 16.69946 10.99443 17.59989 11.2298 14.68089 10.42174 11.64508 19.02067 19.5897 17.1017 15.31392 18.7746 14.85228 19.41955 15.41655 19.06329 14.53719 12.1692 13.31449 15.60141 10.22703 16.10571 17.57228 11.92278 14.62153 16.6801 15.33482 14.42554 11.90891 13.49788 11.04266 11.30827 15.80961 18.38262 17.19157 12.78226 16.82871 15.91876 16.75814 15.74055 12.45388 10.3387 18.29119 17.47428 
10.48743 16.36372 13.32322 10.05483 13.88881 12.3311 18.12122 13.09687 14.8824 11.94102 18.59786 12.9656 12.11705 14.33437 18.96961 16.36219 16.89025 0 19.89544 18.4219 16.16991 13.1566 11.64315 17.54106 13.43077 16.38189 13.38811 16.5811 17.7446 13.6421 11.91897 13.76894 12.44993 15.21013 14.92475 15.50188 19.1004 12.16439 16.16305 18.14323 19.4336 16.74446 16.75845 15.08149 14.71129 10.50846 19.53016 14.22801 14.95478 15.16274 17.37549 12.3589 10.59016 11.47307 18.759 16.83552 19.06798 19.18256 10.60528 17.48528 14.62138 18.71178 19.43681 10.77524 10.24655 10.58459 14.96277 13.54902 14.63568 12.42148 14.6269 17.86939 12.01279 19.98218 15.84127 10.8768 13.44146 11.10439 16.77657 19.92865 12.44863 14.19127 18.80296 16.98755 12.20263 13.04648 19.18381 19.79146 16.0737 12.68943 19.58299 14.70499 14.41573 11.40025 18.3142 11.66145 18.2927 14.6567 16.90883 12.63878 
19.39983 17.29471 17.47392 11.29939 19.01054 16.45119 16.66089 18.7814 19.12533 11.79108 19.72713 16.63883 14.71201 10.02226 11.92314 11.71731 16.0559 19.89544 0 16.99638 13.08714 14.2024 19.91576 10.71668 16.47953 15.82628 10.59409 15.40248 15.74678 10.94716 10.03265 16.42825 13.38498 13.58613 16.63379 10.15461 14.42685 19.68039 15.20696 15.99164 16.17018 19.83156 14.76191 11.17824 13.86316 16.85076 13.05179 18.70834 11.48603 19.74755 18.36664 15.49228 14.32981 16.99409 10.51394 11.58545 18.5246 18.23364 10.83327 13.25667 14.34647 11.90543 12.32288 17.15663 14.90925 15.03018 10.7886 17.49924 14.77748 19.59002 14.15789 18.94224 16.96173 12.19287 19.15326 13.77778 10.55211 13.53853 13.07817 18.76836 19.34574 16.58425 15.95965 15.5007 18.66194 19.94561 14.35321 15.65474 12.99542 18.75181 10.25492 13.34661 14.16917 15.52122 16.18182 14.68378 18.2823 19.49652 19.53148 18.48134 
19.86053 15.52414 12.19373 11.55622 12.57866 18.72382 11.02408 13.63713 14.80501 19.76246 18.63228 14.87785 15.16198 13.43468 19.81047 13.7999 11.94205 18.4219 16.99638 0 16.98068 11.84141 16.60691 18.1698 18.33179 18.87569 13.03421 18.31835 19.82641 10.41371 18.27607 14.86067 11.50421 13.82513 11.47059 10.32933 10.05539 16.14918 17.59588 14.88366 17.97052 16.82625 15.86787 11.68627 16.40231 16.2576 15.23132 11.29365 13.51204 12.46469 17.51959 12.21941 19.88466 17.98428 16.63123 13.36052 11.83323 18.55624 14.39418 18.75207 15.71208 14.06203 12.64438 19.77641 18.8601 18.56484 13.4366 15.62234 16.63996 13.03613 12.30124 14.10301 12.40916 11.31812 19.5147 15.00772 15.11621 10.56697 18.98212 12.4887 12.57588 16.67837 17.28711 14.34982 16.79935 16.47506 15.99947 15.99182 16.47604 11.97036 19.23911 14.4868 11.58317 13.54278 15.16441 12.95399 12.21904 17.94614 17.07248 13.24233 
12.36235 19.46453 16.75468 11.37714 13.70858 11.36697 13.84058 18.12306 11.04219 14.6386 12.16762 15.49854 18.8556 19.05973 14.91197 14.66345 13.46848 16.16991 13.08714 16.98068 0 18.55474 11.17487 14.21555 12.83187 10.29718 11.41644 11.69202 18.84771 14.30627 13.29398 17.69923 15.83707 16.55896 18.945 10.08136 19.39496 10.55473 18.20669 19.93287 14.43568 13.17699 18.81535 17.92089 19.05492 17.65874 11.25067 11.86103 10.83459 19.18661 14.61486 15.80558 12.24705 19.66269 19.48021 11.53163 15.67047 12.96909 11.95972 17.45589 12.27038 16.89115 14.36554 11.32788 19.55804 16.95144 19.26827 15.56592 13.26592 12.52182 14.20869 19.81567 18.04438 19.03535 10.37372 16.19016 10.33879 18.50738 16.14536 19.76147 18.18748 12.43312 12.92885 19.88902 13.38366 11.79716 15.78807 18.53904 14.26759 19.75492 11.38648 18.57788 12.26559 16.02106 10.1556 18.05208 12.74351 19.13061 17.52808 11.4565 
10.98645 12.5523 16.29589 13.15387 13.25157 17.3123 12.63182 16.11151 16.30626 10.25981 18.25516 15.68982 16.98368 13.28988 19.07627 19.65217 15.55731 13.1566 14.2024 11.84141 18.55474 0 19.47485 18.77862 12.04952 11.21624 18.20434 19.0693 15.90271 16.66609 14.13196 19.63959 14.29793 13.46464 10.81312 10.17896 14.81173 17.92751 19.91615 16.42201 11.09528 13.64517 10.6446 18.70085 17.27074 10.9878 18.92342 10.57281 10.96539 17.43758 19.14716 17.00371 11.70665 16.02185 14.41344 16.52975 12.85778 15.40231 18.24373 16.54603 15.7227 11.05893 13.46994 10.34148 15.72432 17.44587 18.4421 10.41592 17.89062 11.44607 14.13529 14.46448 11.02762 15.02074 10.37908 15.40902 19.2386 19.70629 12.66263 11.70343 17.66216 14.20534 13.60252 15.75209 18.71256 13.07637 17.23394 14.21973 17.97048 14.77543 13.72204 18.60658 19.77599 16.1911 10.83668 12.32916 14.20365 16.40746 19.63524 16.41587 
13.61646 11.31438 19.43072 19.78232 14.11837 11.49503 12.63893 10.38804 10.31113 15.41754 15.52302 16.80417 10.7872 13.80527 16.54584 17.17781 14.00503 11.64315 19.91576 16.60691 11.17487 19.47485 0 11.93109 18.77638 12.35325 17.81306 19.91826 17.19586 11.75138 12.59107 14.28852 18.1801 13.17347 19.07123 13.01932 16.57137 14.53287 12.23573 12.05477 11.36863 11.84047 18.79175 18.51875 19.23483 13.52733 18.71306 10.42044 18.42483 12.2183 15.62014 17.62528 12.27487 11.2653 16.71854 18.64013 11.74032 11.34925 10.40774 16.1691 14.96422 15.04256 16.49443 10.73763 15.77209 19.67083 14.73948 12.01758 15.37417 17.93225 16.66108 14.3759 14.97437 18.55888 19.56687 14.38278 12.94275 15.60136 19.10386 11.03623 19.63632 15.96988 10.79492 14.65191 15.29524 10.24328 17.07385 19.96907 16.3786 14.03707 13.50013 16.5982 17.11214 15.32354 11.34129 10.0279 10.58101 18.16418 17.885 11.02465 
12.01045 16.85409 15.68384 11.30352 18.50966 15.6766 18.96516 14.98224 15.53876 15.39911 15.98609 15.89366 14.65885 18.72694 17.80304 13.20056 19.80018 17.54106 10.71668 18.1698 14.21555 18.77862 11.93109 0 10.05439 11.54053 11.90217 19.22675 15.227 15.26787 11.29425 13.58092 10.30572 18.89176 12.44689 15.863 19.81121 15.94799 15.64604 19.59331 18.83625 14.79254 19.79048 13.66152 10.49573 13.96508 11.2766 18.95787 17.87023 17.57791 15.60426 14.60998 17.87001 13.42209 15.5056 15.00035 19.08391 11.26703 16.9312 16.08567 18.54368 16.26075 10.49193 12.44737 11.99333 13.52331 11.00781 18.48448 16.90268 13.02869 19.00002 13.10287 13.3682 10.87336 15.68306 12.7697 19.70241 15.51164 14.22529 19.56007 19.13338 18.68002 18.31298 16.17184 15.76888 11.14561 15.43494 18.5633 14.7845 18.736 16.38447 18.09534 15.23305 17.22579 12.09877 17.43764 17.60092 19.32586 12.99141 11.97777 
11.10512 16.53547 14.68485 12.48817 12.37751 10.95892 16.62329 18.1531 10.10325 12.72847 14.04442 10.04888 16.786 16.47872 17.68724 17.61323 13.98482 13.43077 16.47953 18.33179 12.83187 12.04952 18.77638 10.05439 0 18.40199 16.39943 17.33676 19.65972 17.76821 13.16296 18.55549 18.89877 14.59243 10.16852 13.30545 14.41884 11.55576 17.36737 18.30664 11.44457 17.34004 11.91358 15.36479 12.69729 18.253 17.39395 14.48291 13.67412 15.30392 14.10339 12.99124 12.63956 12.45161 14.78087 10.61808 16.20844 19.76415 14.52472 15.50121 17.92484 12.65429 12.28266 19.75647 16.63637 17.54165 14.63856 10.05272 17.62154 10.65466 15.29021 11.70457 15.92288 18.77815 15.90362 16.49225 17.74926 19.79823 13.27514 18.4241 12.06763 18.98874 19.60739 19.47235 12.00997 14.85671 14.54935 17.49035 18.7164 12.20841 19.78878 19.55963 12.45997 17.24226 11.74161 19.59654 16.08388 13.24039 10.45025 13.20339 
18.67936 18.31828 14.48713 10.88684 19.7208 13.52167 13.90114 15.04884 17.00682 19.41019 16.72249 13.79164 19.58907 17.1367 13.08344 16.80729 11.93268 16.38189 15.82628 18.87569 10.29718 11.21624 12.35325 11.54053 18.40199 0 17.98938 11.22991 12.22432 15.62868 13.012 13.35433 16.66193 11.01298 17.47216 10.66099 11.0784 16.04236 17.60654 10.48068 16.19307 13.95684 13.42994 16.89864 11.97237 17.25516 15.0103 13.16666 13.33419 18.92388 11.82994 15.15389 13.05423 19.23298 13.06817 13.72909 16.52385 16.47815 14.05565 10.47881 13.49666 18.48036 16.20196 14.03147 16.28513 19.48555 17.41889 12.60082 16.46859 14.54345 18.3442 12.97924 17.00757 13.61864 12.04834 17.7641 13.40043 18.26221 15.34623 10.65774 11.74151 12.98839 18.41539 19.67897 13.42377 14.92937 14.11085 18.51699 15.71403 14.63826 10.3898 16.17372 12.49513 14.29538 18.74385 16.82856 11.59621 19.2215 12.51201 18.05924 
10.5176 16.65366 11.84221 13.37336 17.00559 17.91651 12.31414 15.52228 17.38872 14.12223 15.49752 14.51153 16.75644 16.28403 12.82072 15.0887 14.70835 13.38811 10.59409 13.03421 11.41644 18.20434 17.81306 11.90217 16.39943 17.98938 0 18.68989 13.54988 12.35241 15.63703 17.8941 16.43238 15.37328 11.98004 16.02259 15.00443 14.75679 14.46768 15.62043 10.44778 18.35409 12.9795 13.35458 18.06254 12.31131 17.13832 19.76521 14.33212 11.35941 18.51416 15.67497 14.54711 17.15527 10.65517 10.03405 14.09413 15.6607 15.26953 13.52829 15.88084 15.44636 12.96287 14.96836 15.241 16.89006 11.28705 13.31322 14.95984 19.49887 19.79491 18.86232 19.95091 16.161 13.93254 13.96648 10.42173 16.0192 14.4627 15.71449 10.43491 19.82816 19.78504 15.53751 10.23306 14.10018 12.57203 16.84773 16.61533 13.59584 14.14881 10.78782 18.91998 12.50005 16.38909 17.4086 12.5751 14.1425 10.73259 17.1507 
19.00706 18.51398 14.53767 17.71216 15.87077 19.64312 12.71089 19.89639 14.65999 14.95583 19.19762 11.17447 16.42856 10.93166 10.64488 14.99948 17.63051 16.5811 15.40248 18.31835 11.69202 19.0693 19.91826 19.22675 17.33676 11.22991 18.68989 0 14.78731 15.18109 11.59504 12.25585 13.83534 17.29772 16.5075 10.30962 18.24717 13.2597 11.90106 18.86727 10.44105 19.1322 19.28781 18.56958 12.83716 10.85522 14.85379 18.80563 17.98332 17.0816 15.79759 19.14365 10.44555 19.11333 12.23665 14.46226 11.7561 16.99665 11.4891 17.85283 18.32061 10.12352 19.30597 11.45006 10.68594 18.56866 15.99256 16.6082 11.24569 10.83174 11.39584 15.02389 16.64685 11.37079 12.44888 16.89637 17.69335 12.03463 16.5523 19.26531 12.34172 13.66326 13.49206 17.77052 13.72544 14.35416 16.1233 11.08027 15.27301 19.97673 13.72482 18.39337 15.19093 14.4194 19.70271 18.79973 15.58066 13.14264 17.32136 10.39659 
10.19016 16.23921 15.27698 17.121 15.52443 10.62789 16.3806 10.25648 16.1723 14.52586 15.12093 13.4238 10.67362 12.00775 10.33341 12.13191 18.63349 17.7446 15.74678 19.82641 18.84771 15.90271 17.19586 15.227 19.65972 12.22432 13.54988 14.78731 0 17.20357 18.8153 17.26187 14.6346 15.3863 19.3581 10.90309 14.06198 11.14337 16.94335 18.71126 10.73562 12.16486 14.36152 12.82723 12.05113 15.72752 12.76599 12.27424 10.41172 12.00112 10.95991 19.22989 11.15289 11.87699 13.51891 17.79769 19.36466 18.3048 14.60024 10.20168 14.71417 16.12323 10.10616 19.30783 16.77256 17.7853 14.80154 12.4662 12.04951 19.7137 10.02592 18.06084 17.37824 13.10971 17.24831 18.04738 13.00312 13.81719 11.28399 13.73378 12.8045 18.19326 14.15198 12.43787 19.48287 16.91856 13.56231 17.06677 14.10751 19.6652 19.35276 19.53077 14.95454 15.27339 14.08984 14.93549 10.92364 19.09146 11.13869 11.29259 
10.30177 19.00952 14.98387 13.09942 12.04502 15.45274 10.06041 17.65937 16.69197 11.41887 14.74105 13.38252 10.30516 12.5076 13.71873 16.24265 14.73886 13.6421 10.94716 10.41371 14.30627 16.66609 11.75138 15.26787 17.76821 15.62868 12.35241 15.18109 17.20357 0 13.23484 10.44159 11.1349 13.14405 10.99745 11.87844 16.89426 13.70633 11.76389 17.29488 19.21999 10.21675 11.72034 15.43682 14.21639 15.82138 14.16525 11.55185 16.42991 12.64733 11.69095 16.41507 13.03371 18.11944 19.29007 10.71871 14.75339 19.97666 10.55195 19.37325 14.73298 18.63348 10.61342 14.66785 11.10762 12.68545 10.25338 14.12 18.60672 11.64827 16.92009 13.3973 17.254 14.45242 14.18405 18.67203 11.52453 15.80549 14.37435 10.3446 18.0097 18.31657 19.54354 14.59583 11.02267 16.55294 19.69607 10.27061 19.92126 14.21827 15.97294 14.53913 17.90586 12.91637 14.79965 16.75549 16.50292 18.42124 10.60447 12.32418 
19.72473 12.40639 14.75525 14.50352 10.57798 15.97063 12.73635 11.0504 19.06777 14.39087 15.97478 11.86525 11.17761 10.58701 18.79314 12.73712 15.60715 11.91897 10.03265 18.27607 13.29398 14.13196 12.59107 11.29425 13.16296 13.012 15.63703 11.59504 18.8153 13.23484 0 18.854 13.29287 14.89924 16.15455 12.349 19.87395 16.0778 10.60117 15.01394 15.12528 18.70593 12.37997 13.32326 14.68648 14.818 15.38724 14.6872 11.15859 16.41389 10.86144 19.33312 18.67427 17.13449 19.2036 10.07572 12.39851 14.24258 15.31631 19.37289 10.55045 10.13913 10.03703 14.01237 10.30951 15.04391 14.01255 12.28094 14.56216 15.61295 11.65069 19.39143 11.64041 16.41871 14.82517 15.80431 18.09915 14.28019 14.07732 19.82131 11.08118 14.4431 13.25271 11.58347 11.04502 11.27559 13.26382 17.91214 10.82574 18.99335 12.82912 11.3493 10.34231 17.18346 14.73962 18.03841 15.3156 18.81563 19.19342 10.313 
11.16985 14.56859 15.73844 18.25077 17.54683 16.16275 12.25052 15.07798 10.01322 19.29122 16.19458 15.06351 15.92846 19.27154 17.85487 10.23364 14.51477 13.76894 16.42825 14.86067 17.69923 19.63959 14.28852 13.58092 18.55549 13.35433 17.8941 12.25585 17.26187 10.44159 18.854 0 12.22807 16.04304 13.05738 17.94726 10.69599 15.11196 17.71553 11.37947 13.89402 15.65872 19.67495 17.35967 10.63774 17.69523 16.80076 19.03776 12.81993 10.54803 12.58343 16.59936 18.9417 15.01652 16.85302 19.05524 15.44704 17.66374 12.36802 18.84408 14.00071 11.16088 17.31691 16.29614 14.18755 18.94587 19.67044 16.30781 10.16895 11.79029 14.12499 19.55021 13.00855 14.22303 14.87182 18.01412 10.07635 19.13813 18.34479 14.3219 15.18697 10.12336 12.0208 18.65563 18.76231 17.44003 18.43239 13.33983 13.20048 19.27792 12.3995 12.35592 13.06704 10.60168 11.93263 12.01672 19.26947 10.84242 12.79575 11.12807 
10.73802 13.50711 13.72263 16.11748 18.01901 18.52525 11.62972 17.6164 17.16697 16.36846 16.85611 13.99565 12.77759 10.24589 19.53968 10.94455 11.88932 12.44993 13.38498 11.50421 15.83707 14.29793 18.1801 10.30572 18.89877 16.66193 16.43238 13.83534 14.6346 11.1349 13.29287 12.22807 0 16.58472 12.67412 12.28755 17.32195 13.82148 12.65377 10.81049 13.64006 12.97113 19.21764 19.44848 12.79126 13.92322 10.91177 18.74331 19.95183 18.50098 13.01709 17.82933 11.92173 14.5705 16.06917 10.74882 14.28309 11.9697 15.78222 11.37323 18.10076 12.28987 11.38712 18.47533 17.21656 11.41768 14.48863 13.631 15.99182 19.56002 18.7793 12.33539 13.17578 17.54615 11.15302 12.46171 16.4838 18.21926 16.1762 13.34299 14.38413 14.65724 18.36114 15.94135 17.9291 16.73979 19.52205 12.62321 15.4156 11.97827 10.08915 18.04378 17.46484 16.20984 17.52693 12.10094 17.36783 14.72962 19.08638 17.08783 
17.46747 14.35888 19.31914 19.59442 12.88538 17.85623 15.26986 14.90388 17.2951 15.50517 19.90573 12.15043 18.09127 15.8815 19.25849 17.43201 17.41816 15.21013 13.58613 13.82513 16.55896 13.46464 13.17347 18.89176 14.59243 11.01298 15.37328 17.29772 15.3863 13.14405 14.89924 16.04304 16.58472 0 12.01377 13.82154 14.97373 18.98252 18.83937 11.95874 17.50751 10.37137 18.94135 10.86568 12.72762 17.44842 18.55657 11.55334 10.32649 12.25977 11.05056 19.28723 13.34362 11.76592 19.72234 14.23317 12.66033 12.19426 12.47762 15.87626 15.00077 19.98726 13.35609 12.73029 12.54996 16.86646 14.17475 12.13959 14.12466 19.76283 15.83087 16.99202 10.48818 17.53435 17.13087 11.49797 16.18281 17.09566 15.90118 11.77641 19.89073 18.35669 19.09731 19.90861 13.03105 17.81357 19.20611 19.04788 15.86261 14.99724 12.22481 19.53915 10.27783 12.36651 11.31668 15.42758 11.24425 12.90982 17.55899 16.61028 
11.75802 11.5147 15.44749 12.01269 11.03543 11.95888 19.61878 19.24197 18.88864 11.79088 14.36561 12.92421 11.5535 18.41795 18.2594 19.90512 15.88512 14.92475 16.63379 11.47059 18.945 10.81312 19.07123 12.44689 10.16852 17.47216 11.98004 16.5075 19.3581 10.99745 16.15455 13.05738 12.67412 12.01377 0 11.79134 16.91046 12.47786 11.61702 19.31065 10.88726 18.05044 19.98331 18.65145 12.4103 14.72954 17.14558 16.15579 10.02561 19.35982 18.35937 12.12165 17.2224 13.17142 18.79529 13.25877 11.79467 11.77496 12.29362 19.94014 19.59116 11.74219 17.88191 16.88342 12.65172 16.18027 19.49365 17.73696 16.10166 16.2283 14.62069 14.75732 16.15462 16.31632 12.66669 18.1667 14.49518 13.66137 15.16724 10.20246 17.41661 11.57575 12.48473 18.70274 16.32604 15.38385 13.31229 17.81283 13.34955 14.55125 17.57993 10.61195 13.59869 16.18766 14.76499 19.69658 17.02351 15.33341 10.2642 19.64957 
13.4627 19.30042 15.83484 15.69097 18.49814 11.59428 13.48964 10.63617 14.87876 17.34497 16.63954 19.92151 15.59482 17.24354 12.53203 19.97063 11.8498 15.50188 10.15461 10.32933 10.08136 10.17896 13.01932 15.863 13.30545 10.66099 16.02259 10.30962 10.90309 11.87844 12.349 17.94726 12.28755 13.82154 11.79134 0 11.13929 15.88379 14.88177 14.6213 12.92814 12.87744 12.4216 10.29956 18.60769 12.73232 16.34967 17.45931 14.81343 17.84367 12.66225 19.2481 11.63827 17.09094 13.45263 13.4292 19.34484 10.81675 13.39499 12.06233 13.81295 19.27659 14.60101 15.67177 18.14624 17.05358 17.64105 12.54934 16.64701 11.91937 11.6004 18.79721 13.78817 17.21067 16.83311 13.47124 12.4944 14.13394 16.16806 14.47926 18.35148 12.59601 19.43624 14.88648 14.13091 12.68348 13.03491 10.87441 12.9844 19.99247 15.15483 12.39728 18.42668 10.71532 18.5404 11.49212 13.16562 17.27329 10.22514 12.67009 
11.75619 12.1799 16.4606 10.85397 11.61633 12.50444 11.10461 17.34794 16.00416 12.52292 13.76587 10.12831 19.98449 13.96314 10.62662 10.18342 16.04462 19.1004 14.42685 10.05539 19.39496 14.81173 16.57137 19.81121 14.41884 11.0784 15.00443 18.24717 14.06198 16.89426 19.87395 10.69599 17.32195 14.97373 16.91046 11.13929 0 11.4196 17.70589 16.4607 13.35506 11.59975 17.75157 19.71515 19.10797 14.30185 17.12207 14.76872 19.01374 12.46378 13.48362 13.01687 12.97927 13.52899 19.48593 16.53812 11.44305 10.93573 16.69605 16.81639 10.78752 10.97793 17.13322 17.78022 12.09268 15.71969 10.02279 17.09141 16.26048 15.61344 19.96004 14.36625 18.4821 14.94071 17.20501 12.35349 15.77088 12.24781 18.68665 14.16412 13.80235 15.04398 13.96859 19.43097 10.89468 11.28279 19.40348 12.96246 19.04734 10.48846 19.36199 16.65062 13.5944 14.00421 17.58591 18.43093 17.69108 18.01892 14.33362 11.98797 
18.79995 10.78159 15.71648 11.62913 10.15134 12.78593 10.63208 17.66924 12.98723 12.77629 12.95663 10.69027 13.35216 10.3696 15.70914 16.38377 16.24826 12.16439 19.68039 16.14918 10.55473 17.92751 14.53287 15.94799 11.55576 16.04236 14.75679 13.2597 11.14337 13.70633 16.0778 15.11196 13.82148 18.98252 12.47786 15.88379 11.4196 0 13.33897 10.76213 13.16833 13.44612 17.31635 13.26965 17.24981 14.76246 16.27419 10.0589 10.60164 11.84211 11.03868 11.94298 19.77989 15.6087 17.40897 14.08547 11.58968 15.20857 19.93871 17.70769 10.48693 17.12476 17.43046 12.83802 15.11584 17.45724 15.626 10.50755 12.76645 15.40254 11.1734 17.8697 12.39666 16.42807 18.20797 18.40381 13.00328 17.31489 11.92222 19.56985 14.14248 19.03544 11.92938 12.41372 14.95445 19.13985 16.48486 16.07405 10.00493 17.8367 13.52447 10.73508 11.21783 11.57763 16.26467 12.59454 11.35897 19.74951 15.23063 18.25593 
15.40178 17.19207 19.12056 13.66432 12.2631 18.77279 15.89746 14.08474 13.44087 12.14394 17.20137 15.5713 18.25394 15.13384 16.97037 12.40038 14.32691 16.16305 15.20696 17.59588 18.20669 19.91615 12.23573 15.64604 17.36737 17.60654 14.46768 11.90106 16.94335 11.76389 10.60117 17.71553 12.65377 18.83937 11.61702 14.88177 17.70589 13.33897 0 12.94566 11.18006 15.32135 10.76562 16.05385 16.65474 14.16069 13.90978 16.78332 13.27531 16.73268 12.82943 10.18 15.85056 16.16863 16.48285 13.04788 13.32579 16.9594 12.93292 13.98134 11.72894 19.63778 12.80366 14.0107 19.361 19.38143 17.7051 14.94412 15.68319 10.44843 13.29435 13.55897 10.84433 16.38387 10.34494 19.6461 16.17494 19.7468 14.09263 11.86612 11.23667 11.88902 15.99555 12.90708 19.36017 14.26125 11.98155 17.59679 12.8519 18.23638 15.92573 15.42381 13.0591 10.99691 17.86169 11.36448 17.26112 12.07055 18.15197 13.63938 
11.36048 19.69578 11.0914 12.04653 12.2261 17.71592 17.08734 18.26547 13.7317 13.7808 16.14796 17.64764 14.00786 15.72908 14.36279 12.85215 13.90075 18.14323 15.99164 14.88366 19.93287 16.42201 12.05477 19.59331 18.30664 10.48068 15.62043 18.86727 18.71126 17.29488 15.01394 11.37947 10.81049 11.95874 19.31065 14.6213 16.4607 10.76213 12.94566 0 11.33729 18.52223 16.61046 19.74754 10.11373 15.12572 15.59274 16.43789 17.05966 16.02266 16.20403 18.24354 17.9927 17.86082 17.42132 12.61722 17.64203 13.01287 16.87071 10.73322 18.65075 18.38183 14.27947 14.13707 10.95712 19.20128 14.9029 12.84718 12.06251 18.6638 10.35604 17.99034 16.82388 10.23531 19.22867 10.01553 11.48833 16.21831 11.83663 18.6506 17.34615 10.1957 17.63125 18.43854 16.90155 12.09932 13.20789 13.43863 15.44634 11.9697 18.54191 10.45524 11.05251 15.57275 13.93846 15.17635 12.13439 14.27333 12.2081 16.24949 
11.75754 14.03973 11.5832 14.28836 19.07728 11.33043 12.49864 19.97986 14.18284 19.12388 13.55042 11.09544 19.12261 16.11121 19.02456 12.31527 13.48678 19.4336 16.17018 17.97052 14.43568 11.09528 11.36863 18.83625 11.44457 16.19307 10.44778 10.44105 10.73562 19.21999 15.12528 13.89402 13.64006 17.50751 10.88726 12.92814 13.35506 13.16833 11.18006 11.33729 0 12.70876 18.03231 13.5925 18.09813 12.67696 16.9761 13.84026 16.77489 19.33999 18.00429 12.01789 15.33239 13.89851 18.87324 18.14071 17.83239 12.27932 18.88754 11.70935 11.54207 14.77092 10.10057 13.92627 10.80283 19.88456 19.8515 17.90217 12.3755 16.14701 18.2017 12.83607 11.97197 10.06638 12.5668 12.39015 14.33333 12.13646 14.6796 17.84327 14.12898 12.31158 11.57145 16.47027 17.21039 11.69181 12.80622 14.61645 10.50672 13.65086 15.40375 11.28301 12.92321 13.18451 16.57612 12.60795 19.39815 12.54153 12.99056 10.4266 
18.93871 12.07672 16.3158 17.14873 17.78108 18.45012 17.53353 11.54647 18.57108 15.48261 12.17199 13.02912 17.55524 10.95812 18.22979 13.89394 10.5273 16.74446 19.83156 16.82625 13.17699 13.64517 11.84047 14.79254 17.34004 13.95684 18.35409 19.1322 12.16486 10.21675 18.70593 15.65872 12.97113 10.37137 18.05044 12.87744 11.59975 13.44612 15.32135 18.52223 12.70876 0 14.65184 18.03091 16.48155 13.01239 18.5187 14.89333 18.23201 15.30132 17.31162 18.45416 16.11549 11.70637 11.02036 10.62341 14.31475 10.43065 14.25063 16.75949 18.27972 19.56518 16.53283 18.64923 17.62245 16.65249 19.49331 19.91148 10.88658 19.38393 12.48604 13.78144 10.95184 17.98435 10.02431 17.06825 12.16876 11.23449 14.32772 11.85415 12.22654 15.26931 11.89763 11.67975 14.86556 13.89489 12.83765 15.26304 17.27972 17.04944 10.58668 10.01457 18.27734 13.74617 14.48362 14.49151 13.57575 14.49145 18.02946 15.24997 
18.44547 11.28749 13.03163 15.14993 18.4489 18.04914 18.37115 13.04773 12.77642 12.54701 13.78829 13.14768 18.46777 12.07712 12.97103 11.43213 18.68486 16.75845 14.76191 15.86787 18.81535 10.6446 18.79175 19.79048 11.91358 13.42994 12.9795 19.28781 14.36152 11.72034 12.37997 19.67495 19.21764 18.94135 19.98331 12.4216 17.75157 17.31635 10.76562 16.61046 18.03231 14.65184 0 14.12893 17.8166 16.74589 17.82152 13.0648 11.23749 17.44107 10.06863 16.02413 18.51487 15.90453 10.76127 17.17419 11.28108 13.35023 19.80234 12.40567 16.83577 18.01299 12.1631 17.24911 18.67374 15.59368 10.61621 18.17767 10.47212 15.54195 16.06977 10.11617 17.83578 15.56489 13.33492 18.03253 19.04274 18.4007 18.49176 17.33546 12.62883 16.38339 10.16642 18.02953 15.37135 13.59607 10.67673 19.02928 13.15058 12.55821 15.87387 16.00771 10.32577 17.57556 16.66345 19.90125 16.38828 15.0019 17.10825 12.00808 
16.35382 16.04199 17.08701 18.17838 16.08921 17.43835 17.98287 19.81003 19.27011 18.39732 11.38185 18.1133 14.81533 10.80091 13.3099 18.5436 18.09442 15.08149 11.17824 11.68627 17.92089 18.70085 18.51875 13.66152 15.36479 16.89864 13.35458 18.56958 12.82723 15.43682 13.32326 17.35967 19.44848 10.86568 18.65145 10.29956 19.71515 13.26965 16.05385 19.74754 13.5925 18.03091 14.12893 0 18.76097 18.85126 19.14511 16.64542 17.21286 14.58865 19.10704 14.70047 19.58086 19.67347 17.82404 12.29888 15.05957 16.01202 17.38242 19.35514 12.08973 13.3444 15.78788 12.6538 13.6696 19.67641 10.84471 14.20893 11.35589 11.86632 17.82364 18.02838 11.99516 13.4998 12.80507 15.1161 11.68294 16.36404 13.71632 18.58234 13.81986 11.82468 13.69606 19.83786 11.48519 13.01058 16.18008 14.77174 13.21727 13.92829 17.37408 16.69232 11.44562 15.70899 15.28967 17.51788 14.03232 10.71386 18.41278 16.57566 
