25
B0 C0 D0 E0 F0 G0 H0 I0 J0 K0 L0 O0 Q0 S0 V0 W0 X0 Z0 B1 F1 G1 H1 Q1 S1 A0
0 57.8014 99.0353 80.7217 32.249 52.9245 114.56 75.7694 43.1856 123.1666 91.351 30.1496 77.4145 29.5296 82.4924 75.5844 86.8159 101.8725 82.6801 46.1736 41.1096 80.7527 46.2385 91.7606 86.0233 
57.8014 0 46.6154 26.9258 54.0833 36.0555 60.9016 20.0 33.7343 70.2353 40.5216 53.0094 34.2053 28.3019 42.7551 42.5441 51.923 44.1022 41.4367 49.0408 54.3415 64.2028 13.8924 59.7746 41.0 
99.0353 46.6154 0 19.6977 82.365 53.2259 15.6205 43.0465 80.0062 24.2074 8.0623 82.4924 64.6297 71.6101 26.0192 35.2278 32.7567 26.8701 24.0832 69.0797 77.4726 57.5587 60.4152 38.6264 18.1108 
80.7217 26.9258 19.6977 0 67.6757 40.3113 34.4093 26.9258 60.4401 43.566 14.0357 67.4166 49.0408 52.4976 24.7588 30.4138 34.6554 27.0185 22.627399999999998 56.5685 64.3273 55.4707 40.7185 42.5206 18.868 
32.249 54.0833 82.365 67.6757 0 29.4109 97.7548 74.0608 59.203 105.119 74.3034 2.2361 84.4808 34.9857 60.3075 51.6236 61.7171 93.3916 61.2209 16.1245 9.0554 50.2892 49.3356 64.8999 66.0303 
52.9245 36.0555 53.2259 40.3113 29.4109 0 68.4763 53.8516 57.7754 75.7166 45.1885 29.8329 70.214 35.5106 31.1127 23.0217 34.0 67.1193 31.8904 16.2788 24.3516 32.28 39.4081 38.8973 36.6197 
114.56 60.9016 15.6205 34.4093 97.7548 68.4763 0 53.9351 93.6216 9.4868 23.6008 97.9439 74.0608 86.8332 39.5601 49.0408 44.1022 29.8329 37.9473 84.0952 92.5743 69.029 74.793 48.1664 32.311 
75.7694 20.0 43.0465 26.9258 74.0608 53.8516 53.9351 0 42.638 63.3482 40.025 73.0068 22.1359 46.4866 50.4777 53.7587 60.4649 29.4109 48.5489 68.1542 73.9797 77.9872 29.5466 68.5055 45.618 
43.1856 33.7343 80.0062 60.4401 59.203 57.7754 93.6216 42.638 0 103.0776 74.2159 57.2014 36.0555 24.7588 75.0067 72.6911 83.2947 72.0069 74.0068 63.4114 64.3506 89.8888 21.0 90.6697 74.3303 
123.1666 70.2353 24.2074 43.566 105.119 75.7166 9.4868 63.3482 103.0776 0 31.8277 105.4372 83.2166 95.8019 45.618 55.0364 48.5077 38.2099 44.2945 90.9175 99.4786 72.8354 84.119 51.2445 39.1152 
91.351 40.5216 8.0623 14.0357 74.3034 45.1885 23.6008 40.025 74.2159 31.8277 0 74.4312 62.0967 64.3506 19.2354 28.0 27.313 30.0167 17.1172 61.0983 69.4622 51.4198 54.0833 34.1321 11.1803 
30.1496 53.0094 82.4924 67.4166 2.2361 29.8329 97.9439 73.0068 57.2014 105.4372 74.4312 0 82.9699 33.121 60.8769 52.345 62.6259 92.8924 61.7171 17.4642 11.0 51.923 47.8017 66.0379 66.4003 
77.4145 34.2053 64.6297 49.0408 84.4808 70.214 74.0608 22.1359 36.0555 83.2166 62.0967 82.9699 0 51.3517 72.0694 74.4043 81.9878 46.0977 70.2353 82.2982 86.539 97.6729 35.171 90.05 67.624 
29.5296 28.3019 71.6101 52.4976 34.9857 35.5106 86.8332 46.4866 24.7588 95.8019 64.3506 33.121 51.3517 0 59.203 54.4518 65.7647 72.4017 58.8218 38.833 39.6232 67.6831 17.2627 72.2496 60.9262 
82.4924 42.7551 26.0192 24.7588 60.3075 31.1127 39.5601 50.4777 75.0067 45.618 19.2354 60.8769 72.0694 59.203 0 9.4868 10.0 48.4665 2.2361 45.4863 54.0833 32.28 54.0093 18.0278 8.0623 
75.5844 42.5441 35.2278 30.4138 51.6236 23.0217 49.0408 53.7587 72.6911 55.0364 28.0 52.345 74.4043 54.4518 9.4868 0 11.4018 56.0446 11.1803 36.4005 45.0 25.0599 51.9711 18.0278 17.1172 
86.8159 51.923 32.7567 34.6554 61.7171 34.0 44.1022 60.4649 83.2947 48.5077 27.313 62.6259 81.9878 65.7647 10.0 11.4018 0 57.2451 12.0416 45.9674 54.4518 25.02 62.3939 8.0623 16.6433 
101.8725 44.1022 26.8701 27.0185 93.3916 67.1193 29.8329 29.4109 72.0069 38.2099 30.0167 92.8924 46.0977 72.4017 48.4665 56.0446 57.2451 0 46.2385 83.2947 90.7965 80.6536 56.8507 64.1405 40.7185 
82.6801 41.4367 24.0832 22.627399999999998 61.2209 31.8904 37.9473 48.5489 74.0068 44.2945 17.1172 61.7171 70.2353 58.8218 2.2361 11.1803 12.0416 46.2385 0 46.6476 55.2268 34.4819 53.0094 20.0 6.0 
46.1736 49.0408 69.0797 56.5685 16.1245 16.2788 84.0952 68.1542 63.4114 90.9175 61.0983 17.4642 82.2982 38.833 45.4863 36.4005 45.9674 83.2947 46.6476 0 8.6023 34.7131 48.6004 48.8262 51.8845 
41.1096 54.3415 77.4726 64.3273 9.0554 24.3516 92.5743 73.9797 64.3506 99.4786 69.4622 11.0 86.539 39.6232 54.0833 45.0 54.4518 90.7965 55.2268 8.6023 0 41.4367 51.8845 57.0088 60.4152 
80.7527 64.2028 57.5587 55.4707 50.2892 32.28 69.029 77.9872 89.8888 72.8354 51.4198 51.923 97.6729 67.6831 32.28 25.0599 25.02 80.6536 34.4819 34.7131 41.4367 0 70.6612 21.8403 40.2616 
46.2385 13.8924 60.4152 40.7185 49.3356 39.4081 74.793 29.5466 21.0 84.119 54.0833 47.8017 35.171 17.2627 54.0093 51.9711 62.3939 56.8507 53.0094 48.6004 51.8845 70.6612 0 69.8713 53.4603 
91.7606 59.7746 38.6264 42.5206 64.8999 38.8973 48.1664 68.5055 90.6697 51.2445 34.1321 66.0379 90.05 72.2496 18.0278 18.0278 8.0623 64.1405 20.0 48.8262 57.0088 21.8403 69.8713 0 24.0832 
86.0233 41.0 18.1108 18.868 66.0303 36.6197 32.311 45.618 74.3303 39.1152 11.1803 66.4003 67.624 60.9262 8.0623 17.1172 16.6433 40.7185 6.0 51.8845 60.4152 40.2616 53.4603 24.0832 0 
