26
pPWJrH430fABR0NcoPKV 6uJmr1C0tkMcbasOZ8YR goJftIzc5FBlw9j9PMfL IcKzxr7CcACAPE40T0L0 Hp324dioHwKLfiZ19twT A9DFzQyemv4Vrp2lXMgz RIFDgOYLizqUpmzvNX0Y nAg8OEdqlYhSIX9nv2SQ ZPdVSQmUt7J8A3Rehp7D kgMLDXb5R3ORIfTilNFP 1foAom0YUla8ad6rygWf 9l9bqgsSEgsSkszLK4O4 qUHIoJ8btUij9h8nDU8R scUa5QdkUC7khfk1TYEx CdlE2FMHtE23wbpleKPr lDAnOMVYOYXzMCtINEX8 5yzYewNOjD4D1V8ZP8q1 PyIlH9YicODghA6KwJUV W2denTwXnWz4qrXL3aFw B46pe0ii1rn1dcGCmje6 g2g8WLVxe9HOQYy10Bok uKBUiyynqpfTFP93OJ0w LEf0huj6HzVDaAZAnsYH AzIG5crlJuxKgwAi8EiY 6uYVEZNStGwGBaOTSZJ3 7FWNmYu1sEzp7YpjhNM0
0 953.10782 256.62226 1031.27009 719.48809 782.03533 873.59679 336.42894 229.00723 588.3078 766.76806 620.78297 412.19058 221.3822 553.7235 405.88188 671.1168 486.12927 620.74777 644.80356 739.46099 361.89102 608.87047 509.02917 1122.71854 660.92811 
953.10782 0 697.51791 154.52836 235.41971 743.30381 79.99721 791.54403 724.11235 658.02745 578.1978 812.12111 628.20694 829.05775 504.68099 715.20433 642.64298 649.80347 722.70648 538.79067 214.09785 895.28211 446.36823 696.98664 222.00874 671.20141 
256.62226 697.51791 0 775.21898 465.35004 627.93371 618.3276 250.11783 32.15006 419.12498 600.10758 510.23846 245.38076 188.85699 351.71141 301.33331 494.53503 346.69065 474.94207 466.67975 484.54382 345.83947 371.34501 357.35267 866.73261 494.1472 
1031.27009 154.52836 775.21898 0 344.25467 687.82468 208.71939 824.48965 804.58445 646.49916 730.87352 789.82447 746.04106 880.83273 635.63463 838.62826 612.16307 780.63662 701.03632 683.52714 320.20385 919.4896 463.26122 701.01978 91.55138 642.06088 
719.48809 235.41971 465.35004 344.25467 0 655.26998 155.42281 588.37596 490.80429 514.0158 453.26936 671.56732 401.91091 609.50799 296.95898 494.56993 526.61563 439.94811 587.16489 368.56739 24.12261 697.37924 291.47125 529.85257 432.31898 550.43204 
782.03533 743.30381 627.93371 687.82468 655.26998 0 705.71992 446.14182 655.1121 209.02684 1064.95909 188.64162 811.87466 560.67459 824.77392 899.67498 143.51905 908.5075 161.31024 944.30873 649.93717 460.07661 376.47304 276.83625 747.51867 135.15127 
873.59679 79.99721 618.3276 208.71939 155.42281 705.71992 0 720.23643 644.64245 602.55899 527.46377 758.99348 550.48964 753.32893 430.97452 639.09693 595.23875 576.34389 670.36234 474.83408 134.25027 825.752 384.57415 635.26025 289.09391 622.72967 
336.42894 791.54403 250.11783 824.48965 588.37596 446.14182 720.23643 0 263.89894 261.53043 833.64139 287.85779 492.03615 115.35425 576.8739 551.14772 344.09831 594.77112 285.11085 699.26341 600.00892 111.26213 361.69804 179.07236 911.35959 329.89237 
229.00723 724.11235 32.15006 804.58445 490.80429 655.1121 644.64245 263.89894 0 446.71512 602.54067 532.27567 242.69645 189.41067 359.51138 288.73413 523.23373 341.17896 500.52604 470.33314 510.56035 353.40324 403.49495 382.49008 896.12796 521.9421 
588.3078 658.02745 419.12498 646.49916 514.0158 209.02684 602.55899 261.53043 446.71512 0 883.80412 157.90588 607.92685 369.79805 634.46305 693.16397 83.04742 706.78739 74.97982 757.41016 515.19232 312.1647 223.20038 82.70349 723.83952 75.36562 
766.76806 578.1978 600.10758 730.87352 453.26936 1064.95909 527.46377 833.64139 602.54067 883.80412 0 1027.2039 362.76007 788.93894 257.99262 365.75734 923.97804 281.05106 957.96038 134.41041 471.08924 939.55265 689.57882 864.84056 798.12426 940.91726 
620.78297 812.12111 510.23846 789.82447 671.56732 188.64162 758.99348 287.85779 532.27567 157.90588 1027.2039 0 727.69395 402.24337 773.05556 804.14834 178.68709 829.78938 89.61552 897.62043 673.04455 277.92244 381.08964 163.76817 862.17658 148.75392 
412.19058 628.20694 245.38076 746.04106 401.91091 811.87466 550.48964 492.03615 242.69645 607.92685 362.76007 727.69395 0 431.72707 147.55885 99.38096 669.31776 103.2927 675.40739 234.39904 425.89335 591.08468 474.25523 565.37072 834.14669 677.56403 
221.3822 829.05775 188.85699 880.83273 609.50799 560.67459 753.32893 115.35425 189.41067 369.79805 788.93894 402.24337 431.72707 0 539.48163 474.58291 452.84462 530.55504 399.40772 655.52728 624.86586 170.43958 428.1207 289.04183 970.38174 441.05166 
553.7235 504.68099 351.71141 635.63463 296.95898 824.77392 430.97452 576.8739 359.51138 634.46305 257.99262 773.05556 147.55885 539.48163 0 214.89366 681.7398 145.36948 707.4702 125.00779 320.67816 684.09453 457.26168 609.80208 719.73812 695.96798 
405.88188 715.20433 301.33331 838.62826 494.56993 899.67498 639.09693 551.14772 288.73413 693.16397 365.75734 804.14834 99.38096 474.58291 214.89366 0 758.32378 88.0813 757.88432 257.32068 518.68182 641.74763 571.15186 644.47064 925.52241 764.70254 
671.1168 642.64298 494.53503 612.16307 526.61563 143.51905 595.23875 344.09831 523.23373 83.04742 923.97804 178.68709 669.31776 452.84462 681.7398 758.32378 0 765.32288 93.39383 801.93008 523.9729 387.97731 239.32687 165.02607 683.56771 29.97519 
486.12927 649.80347 346.69065 780.63662 439.94811 908.5075 576.34389 594.77112 341.17896 706.78739 281.05106 829.78938 103.2927 530.55504 145.36948 88.0813 765.32288 0 775.52658 169.25902 463.91189 692.47319 559.87109 666.97774 865.06869 775.00671 
620.74777 722.70648 474.94207 701.03632 587.16489 161.31024 670.36234 285.11085 500.52604 74.97982 957.96038 89.61552 675.40739 399.40772 707.4702 757.88432 93.39383 775.52658 0 830.88429 587.5491 309.05287 295.75206 118.23473 774.4747 64.90212 
644.80356 538.79067 466.67975 683.52714 368.56739 944.30873 474.83408 699.26341 470.33314 757.41016 134.41041 897.62043 234.39904 655.52728 125.00779 257.32068 801.93008 169.25902 830.88429 0 389.89367 805.16898 572.34852 734.54208 760.41907 817.28466 
739.46099 214.09785 484.54382 320.20385 24.12261 649.93717 134.25027 600.00892 510.56035 515.19232 471.08924 673.04455 425.89335 624.86586 320.67816 518.68182 523.9729 463.91189 587.5491 389.89367 0 708.21603 292.01532 534.72321 408.44369 548.57897 
361.89102 895.28211 345.83947 919.4896 697.37924 460.07661 825.752 111.26213 353.40324 312.1647 939.55265 277.92244 591.08468 170.43958 684.09453 641.74763 387.97731 692.47319 309.05287 805.16898 708.21603 0 456.85735 233.94887 1004.28965 366.77822 
608.87047 446.36823 371.34501 463.26122 291.47125 376.47304 384.57415 361.69804 403.49495 223.20038 689.57882 381.08964 474.25523 428.1207 457.26168 571.15186 239.32687 559.87109 295.75206 572.34852 292.01532 456.85735 0 250.94763 549.66869 260.93267 
509.02917 696.98664 357.35267 701.01978 529.85257 276.83625 635.26025 179.07236 382.49008 82.70349 864.84056 163.76817 565.37072 289.04183 609.80208 644.47064 165.02607 666.97774 118.23473 734.54208 534.72321 233.94887 250.94763 0 782.23584 152.02622 
1122.71854 222.00874 866.73261 91.55138 432.31898 747.51867 289.09391 911.35959 896.12796 723.83952 798.12426 862.17658 834.14669 970.38174 719.73812 925.52241 683.56771 865.06869 774.4747 760.41907 408.44369 1004.28965 549.66869 782.23584 0 713.53954 
660.92811 671.20141 494.1472 642.06088 550.43204 135.15127 622.72967 329.89237 521.9421 75.36562 940.91726 148.75392 677.56403 441.05166 695.96798 764.70254 29.97519 775.00671 64.90212 817.28466 548.57897 366.77822 260.93267 152.02622 713.53954 0 
