101
RuUdtXtfFCKpaLUcmsqg MEVVMgbTLIgXdG4vAbeX YmmIBqqdn3Z6PuFXWNHi SNmFiRdCmf8vg1yMqr30 nKDJ3ylOzub2eWcHnAhq JakuJordFcO229c3L5ct WErk2X2lm629vuxPHVtl ChEnlTNCMoqxBfyzEzW7 o85TEEBuzMbePdf5cbCv g0ywcwildP9K6oBendJq N5YDsCDN1lKguyHbn4Zb 3M9YkxmgHhrzhCgskWR0 GzSNGBn4EPemDLEWXNxx 7qCgmo7DrrfnVQIWnbiV 48BAUsycKlkSkbOjYLFN qOK6WPKQJA4Q9XqXgSgT WsVMGV8yZisK6ojnqzBE 060q0aISPODkGeAbYbQ6 1tmkPhHujDQhTmW4oV7S NXYVlLN4oRDZThND0BmP zvH9G6FQ1xC7CVezs43e Tr6dOTuKB3EM5juuJxqy Vh6ScHVb39wz7CmKwIuA dsndgEJWfBsFA2I3Hgqf kaVGl3oG0Ulg2MgkbJB8 eUyNsK7nwP1YPac54CbU 9zoM12ZWjXrKaszveCQH hZHynIvymuQxD6BftzWt PIekFeWZsA6etqyFB2SF zforAf5jhSPEL0aOiCeo ELEJN8tWDJT7mLhCdqW3 76b3evP8JEiQ8c6jd2b5 UkqILZ2p4EbRuMBIrGXp nsq4rhHWMCaIVcah5fcd ukPtLY7YueARRkX8hPaS NA24XhOMsROCBnUViAJT DF1KTiOHBIkswyjh8uB1 IxWh6LSiXwGUWSx9VJ39 k8LvqKsQ4ejh0bCWs4fP 3rqlQRwe5izypHjXjWla W9TKm0U6bNDZ1Aok7hNH 2Cz4Y4eG1XIezf9qpdQl Osa2UT4anhyBl7doUFs5 yKQw7YXCNsthb1VWEFur uaR7l3Qhn4FRAnSeVURz KjQNU2EAAYEZSeJWPxLM E59siIyngnj5PIsLeowv XdyhPab6W9wOZnKLq1fq yD8JCRUWcVAZxJ4ZDldr cYMPcE5UNSzOtkRY62gr AmAHnr1XXkPpwJ6DUDIO U7iVliqmXRkLwyPSNdfv jVItWJkETNqrkY47Hghp YFXFh0nBpGYXfL8mfny3 EVtx7khff7Fs8yuuQKJx 4S2YiI3VYPKghkl95iqK 1JawjZrawLlOCGN1EB0O WZsO2i9GZwvMYoV9SyKS uNMLlt0W1KUwk2d6EP98 nyd0fM2XE4qmli1xfIwr iFXIyHTPBX7ivXxsV1VM EkRPPDhcu5ww6XulSOgx LXqfTqJggDSh6mykPyz3 2chOacZ5nNYuf6eeGFSW VuvjJGf6deKVAQ0JUD4i ML4pCjYl4gPEwSnvlRaD Zzs5CIqF9Ll2avkxI78N JWIkMKKlAG6fUoRVxKKI iwJGcbQH2bifG6D82Iel ANdko3dYAy7a2BOq7wpm MSj6zOuZ0EoAKjP4wXXW cUanhOambcNkocePqfvx CofLnw0Ss4pVGWmPS5oO kwA1qrRggH9YLKcVfIe5 YIxKvTpWMaQKGFtD5BDH gdO0wiBlQ8wFbeNyGtx5 EY9cQTmyqhrzeZsobQa5 TpLamlzpT6GwerxzVsxr Dwi7fYT8wa9I4Kzyto4Y m1A3pMC42PQioFziqK5C 8RfB73Lw8C9LbSwIxA9Q C6w7afZujemehEooILjN 1wRG7TNgo9ui6iZBLuaw irZyMKazQALnyfoOCtbL q4nqG9N45SSRxndw48Xl E8pbRn7LIeWnB3swkYzz 6WGzUhXeOltLDbkIvTzq dvxgUZzwjHAP85QpElWp BWhyt9wATIprZDhzxwVv tX1uDaXm9hMlEKqU7m9j x5UVX06335fM5pfCNBMU a06qeiApctGnC1GMtGuJ xcisI0PJDdG9nIuyj3IS 4QLswP82Wvxw9Z42obzh 7yt9hKqOEGabqtqIEmdH GUntLlYA0xo9Vk4WLTLV PWUaVYPeofxjJdT472wG KOLHrmR3FKDMdl4SYdK9 804aK8wEArkuheeUiB4R VXU331oDUcuzaGGUYIl9 PlmPdVeiiHQg3JYZCDWt
0 649.97702 815.66998 158.63018 172.05437 244.73436 387.58003 731.77468 249.81534 336.2636 687.48308 453.49574 408.76431 565.31665 463.89949 507.88192 180.31122 607.83192 197.15843 341.80402 803.5013 723.36452 679.06964 417.66468 430.11257 653.33343 233.01448 703.15793 398.17037 472.53186 697.82555 843.94052 385.55711 514.25657 579.58785 338.12977 517.64547 363.18468 815.24371 389.96438 595.42765 466.26178 129.44949 518.13726 300.85769 468.50057 210.71039 201.72447 597.65775 290.36112 212.54222 672.92565 336.92748 289.80144 340.6504 394.13425 758.26172 575.97474 536.35488 365.35856 306.24793 507.09084 686.01568 402.46164 488.64844 262.80665 569.75433 627.21022 744.63565 229.66978 667.78859 423.21215 462.39267 462.19796 775.87849 733.10241 271.98316 459.92102 594.74412 559.08099 625.12486 730.17577 531.1864 357.08947 592.76194 167.38031 608.55419 446.48081 242.99099 417.63012 638.3037 132.29561 541.40748 273.37116 530.31706 615.44978 266.35116 381.13104 639.90317 251.63448 516.9332 
649.97702 0 289.19556 597.56993 495.96988 581.21745 1037.24457 253.22414 845.60038 585.57005 37.56242 549.00905 377.22476 207.65852 226.11881 659.78626 648.92919 280.86603 669.88469 408.70982 312.21298 94.93326 473.68043 504.98582 625.73564 199.37861 818.84138 592.59741 844.16946 460.41512 53.2444 202.77782 854.3902 143.26983 231.6089 311.97254 431.99548 323.47813 377.93014 640.46073 316.07894 221.69427 637.86895 299.54097 445.41105 450.87042 860.10341 736.94231 838.9145 641.30589 623.18623 188.59793 621.21794 675.59506 369.00636 359.16528 442.89891 413.65526 851.55347 878.16579 567.20262 174.14173 331.01296 502.22315 861.38362 899.67087 82.27202 517.97282 851.40078 480.94249 100.99281 623.62295 618.42059 549.50758 209.47503 817.35361 565.38078 819.50605 118.63988 828.47117 587.19774 128.24685 148.43877 752.34011 387.70715 483.90223 424.42581 340.78778 797.47219 246.17351 123.28206 603.07162 771.57768 412.91915 360.68213 652.19828 412.63689 583.2919 403.42294 550.79468 725.61272 
815.66998 289.19556 0 810.89526 644.18203 817.1008 1193.24653 85.64285 953.37086 625.52644 273.40664 533.76927 430.37849 250.50611 356.33762 620.39319 866.63596 223.93844 890.16724 661.45903 43.39612 329.55781 761.33687 513.25743 895.31301 162.98267 925.20329 881.36421 882.327 444.73386 249.34591 206.45087 900.64585 341.21876 237.27003 504.00761 717.1712 566.25586 117.55144 902.97151 605.2538 354.92265 842.72744 311.26235 536.93984 730.58198 1012.22635 836.85355 787.82856 699.24045 850.26425 146.25154 875.40223 916.70564 478.16614 433.20387 237.96854 338.78136 830.57384 940.17294 622.82427 443.53339 181.97759 771.60799 863.76269 1030.38362 345.06084 405.54739 737.24758 598.99473 379.44413 622.23044 598.20394 826.50718 82.36244 700.18571 807.83933 825.23797 407.12914 792.31376 481.38952 371.1524 306.95108 790.50302 305.26079 667.59053 325.30276 615.24216 1009.44184 410.2897 409.83516 728.0406 732.1302 638.86843 332.75483 559.21063 634.30827 602.33573 283.45115 634.35554 689.83173 
158.63018 597.56993 810.89526 0 227.46132 86.17 472.9711 732.29232 403.07603 451.25447 634.532 550.82525 455.23009 565.36241 456.32965 625.51209 56.47231 626.78979 80.96134 221.15127 807.08596 655.70591 535.65278 505.42159 271.90611 649.27233 388.944 549.12804 554.5913 545.28398 649.51528 799.62619 543.20767 479.41436 586.50616 306.94938 375.92377 278.15853 833.12675 233.39166 474.24006 457.19528 47.36867 543.86721 364.57678 324.05734 322.40813 359.42304 737.40685 423.45053 61.6942 664.64505 179.93568 148.03269 372.35709 431.97268 800.0881 630.406 683.58989 523.97499 417.45151 433.31238 710.77805 250.83196 640.89611 394.6461 515.34582 701.67216 870.38115 299.21105 592.02992 541.05183 575.53658 305.76194 757.52687 854.54893 114.25637 609.55431 518.3521 701.08648 715.08484 653.85224 506.99703 506.08205 639.5236 157.69534 663.01148 328.41083 200.84842 400.79734 557.47838 261.32275 676.35236 184.99593 573.39151 720.08572 184.96462 492.49705 686.49228 358.43267 646.4014 
172.05437 495.96988 644.18203 227.46132 0 288.77594 552.43073 559.9995 352.964 235.21646 532.89347 324.18957 241.01851 394.15395 295.5179 405.84379 278.76434 436.03563 302.87355 283.88401 631.49369 576.95275 624.76751 277.97667 463.66401 482.2651 327.41563 678.1577 410.79597 319.92468 540.55807 682.71681 410.0099 355.06069 407.70664 189.44973 469.63979 258.04884 643.75695 436.93771 507.50807 298.2594 235.48969 346.68911 139.59295 430.75868 371.69195 253.17795 537.36055 230.33955 287.51235 502.39799 385.79977 373.8883 168.77221 223.73182 591.67371 413.298 499.23614 414.76925 200.53468 374.28691 515.08033 390.02568 472.5077 404.13276 419.44895 476.7613 653.04838 71.75688 528.82437 323.49582 354.19486 461.62107 606.73982 634.46408 303.23583 434.65394 459.15136 505.68148 487.67298 589.77334 366.80199 336.61181 426.9876 85.21966 446.12713 367.30361 393.26851 254.01346 504.49063 112.45437 471.23737 197.56996 362.7647 494.01941 185.79338 272.21848 474.37746 143.18232 435.85731 
244.73436 581.21745 817.1008 86.17 288.77594 0 536.31043 742.73773 488.38784 521.17407 616.89361 611.76043 496.69051 579.70915 470.90528 693.92643 93.89699 649.27893 103.67623 177.955 817.86455 628.66939 459.7052 563.30809 186.9749 659.061 474.80228 465.5342 639.41979 595.69795 634.27625 783.83584 628.62734 477.63215 603.83921 319.09403 303.37361 258.2075 851.09319 151.65389 415.68666 470.9221 125.40679 572.15879 417.76422 250.27276 398.55343 445.00937 814.5282 500.35087 52.23509 671.7732 98.60848 100.39377 411.27583 470.47696 830.86408 670.3908 764.16524 610.09268 486.72888 409.5903 734.38544 171.66905 723.75443 474.69559 500.41287 749.82797 940.60281 358.70028 561.43087 610.57873 642.67688 221.0549 757.18303 922.87674 30.36826 691.37184 489.48566 779.33703 770.23348 621.49013 510.15802 588.01242 675.61376 207.49551 702.34017 277.80269 230.08659 413.40746 524.55618 340.65829 751.69135 178.41153 609.30946 781.83031 183.97105 560.23506 721.53874 427.8819 719.61787 
387.58003 1037.24457 1193.24653 472.9711 552.43073 536.31043 0 1108.09084 287.20061 624.40779 1074.78161 751.85362 769.63528 944.93447 847.91637 756.74329 442.5948 977.04223 434.57001 693.83231 1177.08443 1108.52239 993.07403 735.54638 669.48417 1032.93062 310.12738 979.71956 495.49401 803.10716 1085.3734 1231.40771 467.59007 901.74565 955.97944 725.61796 839.47594 738.65336 1179.71397 621.02152 946.91369 850.59732 425.73236 886.51361 659.62854 786.24691 181.10799 388.4161 758.93664 549.951 484.36082 1053.82321 583.67244 502.69826 715.167 761.78338 1104.40886 918.3812 670.85044 410.28944 608.57382 889.1492 1048.9624 705.56295 599.97188 183.76436 956.58299 942.32146 939.7199 594.49965 1050.38205 686.52844 729.15359 740.09232 1159.0122 942.80891 565.87875 597.82884 976.66182 716.73134 916.54403 1112.89134 917.62589 531.23458 941.59428 553.49358 948.97456 801.30963 330.08109 804.09048 1018.85828 466.69696 732.06958 644.4235 885.78861 879.88777 640.19021 666.53656 986.48917 574.78857 730.97507 
731.77468 253.22414 85.64285 732.29232 559.9995 742.73773 1108.09084 0 867.82508 541.84306 248.30086 454.39292 344.81879 167.98688 276.08522 545.86791 788.37159 139.55362 812.19687 593.28578 75.13551 315.61083 724.86561 430.99002 831.1284 83.67701 839.65945 841.46477 800.25155 363.78004 226.43088 239.01894 817.96001 273.04433 152.39449 426.29066 665.09264 496.9723 125.83863 835.738 564.1225 275.10795 762.66061 225.73486 451.31785 673.55861 927.1279 751.33923 717.29828 614.88275 773.80044 74.5606 805.4672 842.85993 393.24253 347.6131 204.03863 263.50512 755.29839 856.46821 538.2059 386.8337 114.73333 708.33364 785.45145 944.77251 292.40663 341.8818 680.62487 513.69183 351.95852 542.3483 520.4416 766.83034 95.82209 643.95777 735.12818 746.26013 364.84824 719.16365 418.19517 357.90898 235.30461 707.97863 229.82909 586.24216 254.73828 556.46162 929.56035 331.71188 376.43742 642.58924 658.96242 564.35245 250.19081 494.5044 559.01626 520.1139 216.05755 548.84481 615.58733 
249.81534 845.60038 953.37086 403.07603 352.964 488.38784 287.20061 867.82508 0 348.664 881.89453 473.29909 523.00652 714.71412 631.97478 469.99288 408.69885 730.60819 417.27633 588.57405 931.54558 929.08363 928.60358 464.35491 667.88063 800.09975 28.16996 951.6388 222.18024 534.71965 887.57921 1024.11185 197.22245 702.86492 719.76207 542.40764 767.17362 596.46618 924.00612 623.92109 838.49538 635.5417 364.35371 642.10896 419.06599 718.29359 161.58704 116.66155 480.2319 271.51221 448.26744 823.11524 573.04283 511.13852 487.74557 522.49082 836.64489 652.41272 396.22174 149.89954 339.13009 726.14652 794.34077 651.51084 329.1713 104.59889 771.17633 664.19544 657.37664 367.30547 881.78326 402.33522 444.54759 708.83779 931.38709 658.30074 517.26423 319.22604 811.79086 437.74404 633.04743 942.70148 708.67843 244.46588 678.86598 394.58216 681.13218 690.4666 392.54639 599.9959 856.9937 242.68157 447.50758 513.85718 629.45568 593.36369 505.06641 387.68682 721.24834 319.0524 444.21254 
336.2636 585.57005 625.52644 451.25447 235.21646 521.17407 624.40779 541.84306 348.664 0 616.97935 127.89412 212.00067 409.70085 359.81858 174.47219 495.5517 402.30462 517.6402 507.6294 598.46997 679.0205 834.59061 117.01787 698.82077 485.89777 321.56946 901.07427 262.96405 188.35185 615.40062 731.65482 277.83379 448.29144 405.67267 351.21838 687.98191 457.32904 582.20017 671.099 698.13545 364.34116 446.25545 321.61111 154.76942 654.7787 456.9589 236.64948 306.41551 77.60571 512.91706 510.49991 619.24221 599.21 226.88819 226.52727 488.60643 306.18983 283.64039 314.66192 34.68196 524.45429 455.25964 622.08793 278.67266 443.25688 528.40192 317.91471 419.59749 173.92624 651.14795 89.79771 126.38624 694.55876 617.92363 403.31976 537.52484 236.79429 594.51192 278.91273 297.78639 704.24208 437.21793 169.70229 334.6875 320.36216 333.62873 573.9498 579.04516 354.92457 638.61992 203.96916 238.20104 422.2039 293.16026 279.58204 409.98192 45.47359 374.84483 93.30252 200.89997 
687.48308 37.56242 273.40664 634.532 532.89347 616.89361 1074.78161 248.30086 881.89453 616.97935 0 575.43636 407.08984 228.51527 258.83235 685.08804 685.61776 294.61811 706.40921 443.30209 300.63624 73.45956 488.27063 532.98659 656.45001 205.83754 855.03519 609.12012 876.78449 485.49199 24.21103 167.02866 887.56163 179.07005 249.55163 349.43621 457.34506 359.60949 370.06335 672.62861 334.99345 254.53081 675.063 322.8174 479.21459 479.07155 897.55835 772.68754 864.31913 674.3427 659.40128 191.00708 654.79253 710.57671 403.128 390.46521 445.22268 431.3952 879.71858 912.34812 599.6062 208.31594 336.36232 533.4198 891.4898 936.7519 119.53324 533.76064 870.32355 516.56097 106.15751 652.03346 645.12737 578.33022 191.56411 835.72776 600.51096 849.69513 143.83423 855.19634 604.7941 113.43669 180.20251 784.59864 403.77121 521.4582 439.68452 371.54882 834.22547 282.04014 137.35279 639.49664 797.68492 449.744 381.98722 671.96786 449.65703 613.0535 415.56529 584.91845 751.75922 
453.49574 549.00905 533.76927 550.82525 324.18957 611.76043 751.85362 454.39292 473.29909 127.89412 575.43636 0 182.14293 350.88394 335.6821 113.13121 599.80959 318.86969 623.15827 565.18775 501.8342 643.91515 867.66587 54.30088 778.90408 412.73565 446.80641 947.78862 352.65599 92.86041 569.02861 666.48308 373.71954 426.19479 338.12283 381.10881 733.39953 497.08455 475.1074 756.7597 718.46067 340.29885 553.00337 255.51284 198.95579 707.72599 584.78321 363.60134 290.61773 202.38564 611.46427 437.53011 707.18813 697.96163 242.2776 209.59103 370.6468 197.89138 307.08375 420.09254 150.0064 527.1296 354.91681 688.40184 331.26256 570.02605 506.86412 190.98088 346.25987 253.1766 628.97174 88.66314 69.85072 761.63475 539.76839 321.52183 623.77682 291.86732 583.30444 279.7697 172.2293 674.9265 404.10418 264.46725 230.17639 404.49423 220.10002 612.30576 696.02342 351.61299 624.07195 322.72181 222.59495 485.05312 207.40175 170.0731 473.14629 85.66671 263.46743 201.86622 176.63038 
408.76431 377.22476 430.37849 455.23009 241.01851 496.69051 769.63528 344.81879 523.00652 212.00067 407.08984 182.14293 0 199.00086 155.66213 295.17144 510.32035 208.56465 534.99151 411.39493 409.7302 471.72162 691.8244 131.6477 642.58825 279.66815 494.84122 778.36528 474.67165 114.33922 404.31635 520.31263 488.27847 246.55526 198.70034 214.41818 565.53973 331.22695 410.48287 628.49126 539.03521 160.31463 472.01305 119.129 110.34522 545.73358 589.90601 406.54411 470.69981 277.2058 510.06745 303.61807 583.85598 592.77526 85.69018 30.61976 350.66363 175.17987 475.39658 520.31844 199.8879 345.25614 279.89401 538.93235 484.41001 601.5853 327.67038 255.92279 520.37099 179.60828 450.66189 247.64978 248.02334 611.06896 412.1152 491.92227 501.45122 442.6057 401.95562 455.69678 290.55509 499.79853 229.14152 381.51887 186.17517 297.55714 207.79186 442.14645 633.60265 170.10095 443.5166 303.10835 401.34819 341.12967 121.82911 327.22523 330.45944 206.08455 233.56354 204.07724 355.77974 
565.31665 207.65852 250.50611 565.36241 394.15395 579.70915 944.93447 167.98688 714.71412 409.70085 228.51527 350.88394 199.00086 0 109.29936 458.30988 621.61149 87.91093 645.61872 440.08488 242.09824 300.27369 627.03008 312.83823 681.58819 88.11906 686.70524 734.1504 672.66149 259.18735 219.45179 322.00677 686.95301 136.19031 30.63735 261.06752 539.13345 343.61563 271.70361 681.59283 463.47125 108.91293 594.942 95.52675 295.68217 538.26302 763.82727 599.39275 637.35951 476.19424 608.52089 109.1983 647.71128 680.09101 230.43435 193.0253 278.3281 206.82044 657.53119 719.25295 398.88858 265.01985 166.22712 561.56626 675.15317 786.09714 194.36973 312.55862 643.74761 352.56279 301.18653 431.76906 420.71951 625.29839 216.77148 609.77528 574.10628 633.92747 279.00727 630.10157 380.0372 335.87129 95.25852 579.39024 183.06181 418.26245 220.54199 420.93463 761.85917 166.37196 308.84807 482.25462 571.73601 402.05422 153.53217 444.57308 395.77519 397.9743 206.70445 398.80427 525.97768 
463.89949 226.11881 356.33762 456.32965 295.5179 470.90528 847.91637 276.08522 631.97478 359.81858 258.83235 335.6821 155.66213 109.29936 0 448.70986 512.50752 182.26185 536.45319 337.41682 350.76908 319.20295 562.20199 286.98127 579.51742 193.60521 604.45937 660.28704 618.1339 255.42658 260.00726 392.14039 628.72977 90.90161 133.08831 151.93519 455.41476 242.34611 380.1887 576.81154 402.371 4.65263 486.7122 126.32245 220.90404 447.47307 667.20546 519.5736 625.69279 415.51718 499.23194 210.84807 541.08985 571.29851 145.83452 134.17357 372.46457 253.52965 630.62638 654.12339 341.09158 201.25536 266.99556 462.15118 636.8174 695.822 172.00838 358.18924 663.10888 264.72227 295.03967 403.1553 403.04478 528.85477 311.98097 632.14034 466.08049 594.87242 247.89298 611.33293 413.12807 345.25834 78.85929 526.22254 242.17518 311.33586 277.92209 332.80309 653.57246 57.66781 288.41093 392.6745 556.6352 293.82907 186.63186 464.67697 287.13496 359.92522 279.63102 326.90047 510.92463 
507.88192 659.78626 620.39319 625.51209 405.84379 693.92643 756.74329 545.86791 469.99288 174.47219 685.08804 113.13121 295.17144 458.30988 448.70986 0 670.00789 416.59336 692.02039 665.4381 584.81476 754.54945 976.6344 164.9096 868.625 513.48338 446.6463 1053.18132 302.42217 199.59651 677.57092 767.75871 328.29806 539.09658 442.84644 488.65453 838.69889 603.01204 547.32497 842.78138 829.56651 453.31898 620.59121 362.87874 297.68525 810.37376 603.73854 374.97961 179.23182 222.70888 687.13499 537.90994 791.50141 773.51851 350.81223 322.16023 428.89043 282.43811 210.2619 382.97806 208.06228 639.81145 438.49232 785.36167 250.98981 573.04657 619.61867 232.77939 247.41511 339.14179 741.42133 85.01773 52.87649 858.45849 635.74525 229.13184 709.07951 217.82427 696.40992 173.9745 176.2356 786.4146 516.16182 231.32207 316.14147 490.08771 295.72552 719.23564 749.47297 464.20684 737.04735 376.14668 114.22894 582.55327 308.78382 123.54884 570.41488 133.70023 338.82876 267.10151 69.73961 
180.31122 648.92919 866.63596 56.47231 278.76434 93.89699 442.5948 788.37159 408.69885 495.5517 685.61776 599.80959 510.32035 621.61149 512.50752 670.00789 0 683.25799 24.70252 260.43326 863.22041 703.96598 553.22971 555.90046 259.38199 705.25281 398.11087 554.23935 577.70232 598.16195 701.25731 851.42948 563.93478 533.67718 642.90119 362.6293 397.26684 327.03284 889.58099 215.3094 506.90463 513.31619 51.39705 600.19635 417.37014 344.16829 307.06024 380.74533 773.89347 461.77141 43.06456 720.38896 164.51717 109.52373 428.01867 487.54515 856.11788 685.42663 715.6373 539.30227 462.43429 482.04513 767.22025 265.00104 668.93921 385.60189 566.88383 754.83966 912.92677 350.34895 638.90157 585.12594 621.05399 309.30715 812.40655 898.48823 123.89411 639.79568 565.65697 736.33207 766.02064 700.19098 562.0829 536.6697 695.10027 213.15073 718.09824 365.21865 148.70028 456.75248 603.39151 298.77581 714.95866 236.13736 629.06133 768.17246 237.41568 538.02299 742.15414 403.79892 687.11737 
607.83192 280.86603 223.93844 626.78979 436.03563 649.27893 977.04223 139.55362 730.60819 402.30462 294.61811 318.86969 208.56465 87.91093 182.26185 416.59336 683.25799 0 707.7059 519.5136 201.1954 368.06085 714.72362 292.2752 761.61359 98.27713 702.44157 822.05091 661.33259 226.7908 280.48401 351.49891 678.69917 224.00186 57.28591 331.02919 626.09815 423.93201 208.20525 758.98918 551.09888 183.44512 652.27054 90.56096 317.59028 623.68148 796.69392 613.9721 592.50161 475.42613 674.07273 121.96981 722.5834 749.45344 267.26354 215.56678 192.11208 140.97072 623.63067 716.91732 398.89927 352.91641 85.19806 643.37416 649.99319 810.14287 279.77001 239.45965 578.47975 383.3982 379.19101 405.76963 386.66766 708.74223 220.89885 543.19852 646.23376 610.14949 363.94181 590.56296 312.0212 406.76421 183.16769 568.83328 110.47984 473.65316 145.29858 506.80607 818.45493 239.28547 390.86986 510.37669 530.73235 474.16902 112.0028 382.69021 466.6982 381.29661 122.91577 411.61995 486.11815 
197.15843 669.88469 890.16724 80.96134 302.87355 103.67623 434.57001 812.19687 417.27633 517.6402 706.40921 623.15827 534.99151 645.61872 536.45319 692.02039 24.70252 707.7059 0 276.86328 887.0939 723.30282 558.84829 579.6552 253.76103 728.99635 408.16801 554.39115 592.48159 622.46339 722.38919 872.5373 577.85184 556.29237 667.09269 386.21488 405.17782 347.19671 913.88606 207.85946 519.31346 537.20793 71.51849 624.80299 441.69367 351.8981 307.31123 395.50364 793.2156 482.0704 51.73328 743.93724 159.66136 94.79369 452.72109 512.24628 880.80424 710.086 733.45808 551.21546 484.75837 501.8324 791.73212 271.00926 685.3765 388.08157 587.98559 779.18367 934.20851 374.36196 657.6077 607.06673 643.4042 310.20994 835.33086 920.22469 132.07993 657.0663 584.64967 755.25587 789.8385 718.58352 585.19605 554.23422 719.80057 237.85282 742.76391 379.95873 129.37709 480.51223 621.67224 319.27202 735.04614 257.61695 653.76362 791.21264 259.46713 560.43319 766.85622 426.30448 707.9226 
341.80402 408.70982 661.45903 221.15127 283.88401 177.955 693.83231 593.28578 588.57405 507.6294 443.30209 565.18775 411.39493 440.08488 337.41682 665.4381 260.43326 519.5136 276.86328 0 667.55265 451.34004 344.90828 511.60482 242.10695 510.61157 568.62639 394.80957 690.71207 523.34047 461.95399 610.23995 686.99256 320.80477 467.72082 199.80149 186.39759 96.66777 709.63676 242.49601 255.67918 336.08185 268.17874 455.64386 368.04679 147.49788 536.83769 514.24071 813.99918 513.72193 226.01101 519.68704 214.68023 267.51977 329.72607 381.30774 709.65164 571.42884 781.82921 683.15338 473.95889 234.99198 603.76684 128.04739 756.36039 601.5711 330.01453 665.15677 910.27346 333.99452 383.62278 589.84851 612.5733 199.67711 595.48157 886.66204 158.12252 718.49932 312.13872 784.95804 701.34093 443.53746 358.05628 620.16713 568.75933 206.93382 600.77837 107.66753 405.96284 281.48731 346.61111 380.76554 745.70269 86.46812 505.11298 729.92027 98.49664 536.87093 611.01955 421.59678 706.62938 
803.5013 312.21298 43.39612 807.08596 631.49369 817.86455 1177.08443 75.13551 931.54558 598.46997 300.63624 501.8342 409.7302 242.09824 350.76908 584.81476 863.22041 201.1954 887.0939 667.55265 0 361.28057 785.8866 484.4217 904.51063 158.80612 903.3865 904.48869 852.46795 414.68107 277.08434 248.27096 871.57098 346.8985 224.21287 501.32215 733.87929 571.41015 76.00863 909.90174 627.4098 349.90447 837.03952 291.11788 518.28442 744.40624 996.39635 814.8872 749.9859 673.36764 848.88231 147.87925 880.15432 917.97346 463.66448 415.34974 194.73572 304.9732 795.07015 912.66126 597.73403 457.06561 147.16926 781.38368 830.27493 1011.26 360.4834 366.16557 695.46462 582.69483 406.64327 590.48748 564.77887 838.73805 115.48552 658.36618 810.15805 792.33362 428.12635 755.68899 441.57397 403.38634 309.86708 761.3493 271.90591 660.1655 289.10076 627.84422 1003.95641 406.68213 434.80488 710.7 695.60235 639.47381 305.40204 519.64043 634.15163 573.15961 246.34763 612.6752 653.95068 
723.36452 94.93326 329.55781 655.70591 576.95275 628.66939 1108.52239 315.61083 929.08363 679.0205 73.45956 643.91515 471.72162 300.27369 319.20295 754.54945 703.96598 368.06085 723.30282 451.34004 361.28057 0 442.97654 599.87137 646.92874 278.70841 902.81083 566.04133 936.26107 555.08884 90.6748 177.96301 945.74914 232.61152 322.33555 388.82922 434.8857 377.55486 433.63409 668.05504 300.87599 314.68767 698.58691 393.52673 536.37339 463.8643 934.07442 822.76296 933.71481 733.03759 674.30771 262.83475 655.90962 717.85816 459.68765 452.95699 515.72598 504.40595 946.37516 967.82239 659.76643 222.4186 408.46164 526.74882 955.54253 978.23541 158.03733 607.12277 943.16048 567.81303 70.82543 718.42688 713.34738 563.64104 247.41974 908.70317 609.3771 913.63287 139.21198 923.40258 677.89861 42.36526 242.62002 844.89292 477.06355 556.02737 513.07548 366.3054 852.41846 333.75116 110.12249 686.47486 866.46994 471.32647 453.77692 744.50378 473.09014 677.7043 488.97781 640.98502 820.50627 
679.06964 473.68043 761.33687 535.65278 624.76751 459.7052 993.07403 724.86561 928.60358 834.59061 488.27063 867.66587 691.8244 627.03008 562.20199 976.6344 553.22971 714.72362 558.84829 344.90828 785.8866 442.97654 0 813.56172 345.40779 659.35764 910.15311 123.73291 1034.49851 805.10337 512.45914 617.21707 1031.51914 492.44501 657.52746 488.20163 161.43325 377.26518 850.50013 389.57489 163.69718 558.54279 581.29886 686.68376 683.84976 211.71457 857.17447 858.90787 1138.58456 851.27196 510.43811 655.06456 414.31454 496.63319 625.92919 661.83625 899.90584 815.03661 1115.73421 1027.96991 802.79766 364.11269 785.09135 288.24143 1095.7622 930.16074 438.99631 920.36375 1211.74982 665.74311 383.06054 909.3201 924.92589 259.0286 679.8015 1183.73835 429.44678 1056.69038 360.34376 1113.36617 973.55602 407.40285 532.16365 960.99204 800.38471 551.46606 837.37496 260.76472 670.24261 525.21281 351.52726 725.41373 1068.7672 428.72771 748.6835 1018.5154 439.94882 857.15517 831.75616 755.51277 1026.63924 
417.66468 504.98582 513.25743 505.42159 277.97667 563.30809 735.54638 430.99002 464.35491 117.01787 532.98659 54.30088 131.6477 312.83823 286.98127 164.9096 555.90046 292.2752 579.6552 511.60482 484.4217 599.87137 813.56172 0 727.67981 381.48943 436.92198 893.50128 369.26752 71.39429 528.06383 632.8282 387.41469 377.85782 303.62012 326.81321 679.12512 442.80325 465.61452 706.67651 664.98381 291.62863 510.43468 219.18712 147.21434 653.68939 563.53707 350.43473 339.06326 194.47898 565.38048 406.35441 657.74793 651.59264 187.9999 157.51367 372.29236 189.17216 346.73809 428.57198 127.00069 475.07029 339.73061 635.40317 362.45884 556.45511 458.88936 211.43732 400.50147 206.27008 581.64454 119.24879 116.43062 708.60917 511.64084 375.41035 574.21631 321.44933 533.58977 324.56725 210.24874 629.45351 358.22802 277.24776 217.94353 355.81475 216.90802 558.00793 658.4293 299.45411 575.12492 290.06793 269.72032 432.18205 180.80217 220.39912 420.35673 89.13071 257.84855 168.55257 224.13246 
430.11257 625.73564 895.31301 271.90611 463.66401 186.9749 669.48417 831.1284 667.88063 698.82077 656.45001 778.90408 642.58825 681.58819 579.51742 868.625 259.38199 761.61359 253.76103 242.10695 904.51063 646.92874 345.40779 727.67981 0 749.45636 656.45545 310.81942 826.27506 750.27796 677.84886 819.26506 815.11344 558.14445 709.55218 438.26899 227.84984 338.0535 949.74144 48.46765 370.90886 578.18767 304.44326 696.55627 580.4741 185.77701 559.86108 631.31993 997.38065 683.96055 219.89159 756.87028 94.86871 168.1629 557.78903 613.59475 951.64063 808.96589 949.73727 794.93311 664.14374 454.65467 845.78687 123.98194 910.49437 641.64972 553.96284 898.45068 1116.03834 529.63243 576.10633 787.06228 816.40856 91.80981 824.94253 1096.18431 163.99177 877.69736 514.34291 963.20276 928.10968 627.85702 596.98146 774.45824 808.32491 378.74756 839.19643 284.99931 339.58478 523.39724 536.81198 526.39541 933.09785 301.46881 743.67887 948.06059 312.182 735.3757 851.50768 606.17012 899.12372 
653.33343 199.37861 162.98267 649.27233 482.2651 659.061 1032.93062 83.67701 800.09975 485.89777 205.83754 412.73565 279.66815 88.11906 193.60521 513.48338 705.25281 98.27713 728.99635 510.61157 158.80612 278.70841 659.35764 381.48943 749.45636 0 772.01424 772.92085 747.90935 319.92605 188.70666 254.33155 763.71045 191.54635 80.97272 342.90543 589.61337 414.12344 201.32634 753.10741 496.58549 192.36747 680.28498 164.28998 381.22076 595.31773 851.82326 684.26386 690.1946 555.58894 690.27794 24.875 722.22391 759.18552 318.08393 277.60903 244.19398 239.11287 719.07255 798.67442 478.21586 310.62264 131.64443 627.15939 742.63918 873.17183 221.10703 334.69404 675.1373 439.96858 300.32871 497.99763 481.53419 687.07011 132.50883 639.51566 651.51874 702.18934 299.82227 687.32963 408.66668 319.27269 152.6224 654.78526 207.88282 504.68141 241.01002 477.75771 847.11324 248.50044 318.60491 569.58306 627.70827 480.6759 205.63094 480.47937 475.35331 469.45031 212.12281 482.57215 582.77839 
233.01448 818.84138 925.20329 388.944 327.41563 474.80228 310.12738 839.65945 28.16996 321.56946 855.03519 446.80641 494.84122 686.70524 604.45937 446.6463 398.11087 702.44157 408.16801 568.62639 903.3865 902.81083 910.15311 436.92198 656.45545 772.01424 0 936.11038 211.43207 507.13043 860.50005 996.57316 188.47488 675.97477 691.6498 516.8276 748.80174 573.50583 896.00799 613.35901 816.96808 608.05553 352.10823 613.94165 391.03703 700.56925 172.22058 88.51316 464.54927 244.6796 436.56485 795.05737 561.80329 502.64478 460.01806 494.40706 809.17831 624.74498 382.66334 147.50088 311.3971 701.20648 766.28682 635.4734 317.68677 126.40038 744.83759 637.77331 639.54307 339.88438 856.16042 377.27996 419.70016 694.37086 903.35328 639.24804 503.17802 304.57295 786.52017 422.1252 607.85947 916.89425 681.33853 224.23869 651.04208 371.96891 653.60058 669.39999 392.25326 573.05133 831.80632 216.35524 428.82109 492.41602 601.39435 569.76103 483.32282 361.1467 693.57275 290.88254 423.41904 
703.15793 592.59741 881.36421 549.12804 678.1577 465.5342 979.71956 841.46477 951.6388 901.07427 609.12012 947.78862 778.36528 734.1504 660.28704 1053.18132 554.23935 822.05091 554.39115 394.80957 904.48869 566.04133 123.73291 893.50128 310.81942 772.92085 936.11038 0 1080.02659 892.6694 633.3308 740.82964 1073.9551 598.12756 764.78701 567.0565 214.50342 450.71127 967.29919 359.12516 277.36053 657.01073 590.93525 786.3841 756.1422 247.43818 861.08859 894.90792 1207.40853 908.34583 511.4872 770.2587 397.27115 477.11554 705.87465 747.84338 1010.30715 913.70645 1176.63616 1063.85248 867.81857 469.13499 895.73386 300.8969 1150.06563 939.52673 551.81444 1017.12091 1293.94454 728.12821 504.74865 980.96152 1000.63491 244.9897 800.32054 1267.81357 435.72473 1112.72417 476.79009 1179.23221 1065.73964 530.94494 638.89525 1013.35412 901.68824 598.10124 937.98249 336.34247 650.19124 617.72079 471.85379 769.30926 1138.54296 481.244 846.48121 1105.28807 493.3041 928.0953 935.79039 816.29657 1098.32322 
398.17037 844.16946 882.327 554.5913 410.79597 639.41979 495.49401 800.25155 222.18024 262.96405 876.78449 352.65599 474.67165 672.66149 618.1339 302.42217 577.70232 661.33259 592.48159 690.71207 852.46795 936.26107 1034.49851 369.26752 826.27506 747.90935 211.43207 1080.02659 0 437.8512 876.40241 994.61706 28.56305 703.83766 668.11401 580.01496 877.07435 667.53978 827.75954 787.60864 916.91853 622.51762 527.42192 583.7272 400.49412 834.65933 382.80748 197.01075 263.55229 203.4115 610.63264 772.62559 734.31471 686.68452 477.14301 487.20923 719.85226 550.31707 175.76398 87.54057 277.21142 764.38068 706.31255 782.12159 107.01596 322.36738 782.06947 528.49883 445.62029 383.76267 903.07456 264.89598 298.45662 848.56355 879.41708 451.6113 664.42322 103.42264 841.45671 221.52776 478.41747 958.88727 696.58357 93.27784 582.05583 483.85324 572.54602 778.09557 597.30606 605.33178 886.6319 310.81072 244.03314 605.81243 550.06888 421.23706 594.5499 280.13889 616.04855 299.0059 254.8878 
472.53186 460.41512 444.73386 545.28398 319.92468 595.69795 803.10716 363.78004 534.71965 188.35185 485.49199 92.86041 114.33922 259.18735 255.42658 199.59651 598.16195 226.7908 622.46339 523.34047 414.68107 555.08884 805.10337 71.39429 750.27796 319.92605 507.13043 892.6694 437.8512 0 478.15165 573.62352 456.94718 343.99771 245.45695 328.23138 679.86972 445.25834 394.30208 733.37175 650.58941 259.89517 555.37467 163.6607 180.80103 659.572 629.06687 420.05534 378.82815 265.69119 603.32412 344.73712 686.70687 688.32587 193.79784 144.92643 302.28875 117.94363 399.80255 499.32178 195.98162 453.55328 269.133 650.19473 423.29974 625.3775 423.40533 156.84528 408.99633 249.37333 543.94236 178.98349 162.20899 722.78408 447.57306 379.35664 603.41863 383.36015 502.71429 370.94214 178.23724 587.43392 318.31736 346.7356 146.6061 390.24347 146.55922 556.48011 709.5471 280.87087 541.73733 349.69603 312.59181 449.75528 114.91646 213.41617 438.56998 158.72751 186.73334 230.62685 266.79821 
697.82555 53.2444 249.34591 649.51528 540.55807 634.27625 1085.3734 226.43088 887.57921 615.40062 24.21103 569.02861 404.31635 219.45179 260.00726 677.57092 701.25731 280.48401 722.38919 461.95399 277.08434 90.6748 512.45914 528.06383 677.84886 188.70666 860.50005 633.3308 876.40241 478.15165 0 150.17246 887.90141 185.51324 238.30324 359.77805 480.57642 376.37643 347.14178 693.20952 359.09574 255.89111 689.31419 314.70606 480.91119 501.48862 907.36425 777.24432 856.7069 674.6855 675.95784 172.21997 674.36525 728.81314 405.47616 389.28169 425.21732 419.00753 874.5162 914.11648 599.23581 227.32364 317.85546 554.54673 888.20509 944.68648 134.4038 519.94351 858.01442 521.1413 130.10873 647.29368 638.84974 600.54631 167.41357 823.09749 618.58211 846.52887 166.72499 848.70987 591.9372 132.38215 181.19773 783.84046 390.4541 532.67016 425.78247 392.85151 849.69391 287.77333 161.55052 645.66391 790.71644 465.14402 372.14291 660.40388 464.55229 609.7004 400.01924 586.89551 744.86935 
843.94052 202.77782 206.45087 799.62619 682.71681 783.83584 1231.40771 239.01894 1024.11185 731.65482 167.02866 666.48308 520.31263 322.00677 392.14039 767.75871 851.42948 351.49891 872.5373 610.23995 248.27096 177.96301 617.21707 632.8282 819.26506 254.33155 996.57316 740.82964 994.61706 573.62352 150.17246 0 1008.59037 329.6842 329.26493 506.85953 611.82987 526.24936 323.85358 837.41634 478.81802 388.60772 839.18334 413.65458 609.51543 638.52854 1052.34317 911.31592 943.98934 796.93534 825.96152 229.84905 821.05802 877.58269 536.9997 510.96933 436.64673 490.53866 973.19762 1039.43093 719.89987 375.25449 353.05249 697.20601 995.10711 1086.16133 284.56076 578.22646 918.50857 656.85454 246.86569 750.68447 735.57532 738.32358 143.61104 882.02822 767.53734 954.258 305.03182 941.64169 654.16193 209.95084 316.42215 901.35593 457.92399 680.21401 487.61258 535.35255 999.86029 428.71638 285.51398 784.24971 881.97197 615.31543 459.83098 728.94023 614.67228 719.34286 452.10946 715.07526 837.0985 
385.55711 854.3902 900.64585 543.20767 410.0099 628.62734 467.59007 817.96001 197.22245 277.83379 887.56163 373.71954 488.27847 686.95301 628.72977 328.29806 563.93478 678.69917 577.85184 686.99256 871.57098 945.74914 1031.51914 387.41469 815.11344 763.71045 188.47488 1073.9551 28.56305 456.94718 887.90141 1008.59037 0 713.1437 683.49922 583.9098 873.09898 667.78521 848.59518 775.5157 917.32815 633.04344 514.19981 599.42059 409.37958 829.64071 358.5468 183.86748 291.729 213.24363 598.03138 788.32778 722.41785 672.39556 486.08285 499.33769 742.48174 570.77899 203.31075 58.97765 289.14312 769.36975 725.92869 774.90327 133.32085 295.84298 790.54201 552.37524 474.04926 387.8066 910.73195 286.86311 321.93637 840.26251 895.63282 480.1698 654.31812 131.95824 847.85319 249.81623 503.91269 967.34605 707.43775 110.22184 602.10195 480.11004 593.81902 776.75496 577.65258 613.47935 893.19817 306.23413 272.48454 602.89566 567.98188 448.06412 591.87144 298.44365 637.15062 305.79048 282.49958 
514.25657 143.26983 341.21876 479.41436 355.06069 477.63215 901.74565 273.04433 702.86492 448.29144 179.07005 426.19479 246.55526 136.19031 90.90161 539.09658 533.67718 224.00186 556.29237 320.80477 346.8985 232.61152 492.44501 377.85782 558.14445 191.54635 675.97477 598.12756 703.83766 343.99771 185.51324 329.6842 713.1437 0 166.80935 177.9269 403.80531 225.10589 392.61896 563.02914 329.39773 86.25012 515.81536 199.23261 303.76489 405.55988 722.93204 593.72788 716.4352 500.52682 513.53002 199.02861 534.26139 576.55978 227.07633 224.30937 414.04283 326.85843 721.26228 735.60816 427.80545 129.05547 300.64966 435.63635 726.20401 759.19332 81.1324 433.67678 749.32293 337.68236 204.27136 493.95565 493.83795 495.87195 279.72927 717.48938 467.13595 684.24488 158.94977 702.23437 494.06877 255.96217 41.3658 612.78395 309.26354 351.18231 346.66759 287.84397 680.1533 102.9828 198.02056 460.57524 647.46828 300.49862 263.22935 549.96011 297.22561 450.18874 339.31363 408.49627 601.72609 
579.58785 231.6089 237.27003 586.50616 407.70664 603.83921 955.97944 152.39449 719.76207 405.67267 249.55163 338.12283 198.70034 30.63735 133.08831 442.84644 642.90119 57.28591 667.09269 467.72082 224.21287 322.33555 657.52746 303.62012 709.55218 80.97272 691.6498 764.78701 668.11401 245.45695 238.30324 329.26493 683.49922 166.80935 0 284.75019 569.50483 371.50076 247.4339 708.61685 493.9336 133.42895 614.63228 84.6393 301.27362 568.1065 774.9565 603.75077 621.27988 474.77818 631.21527 105.12423 673.81208 704.22282 240.92142 197.4417 248.02817 182.20077 645.20148 717.91597 397.38533 295.65705 136.80455 590.13084 665.84285 794.12778 223.73236 286.51573 620.83327 361.84443 327.46462 421.47311 407.66282 654.46256 213.46196 586.3888 599.16405 625.01054 308.22489 615.80694 355.778 359.29645 125.89339 574.89983 156.34834 436.90273 193.4484 450.91793 781.46066 190.74993 336.83045 491.11705 556.82779 426.91653 134.64881 422.4488 420.17898 390.68223 177.24919 401.82883 511.34223 
338.12977 311.97254 504.00761 306.94938 189.44973 319.09403 725.61796 426.29066 542.40764 351.21838 349.43621 381.10881 214.41818 261.06752 151.93519 488.65453 362.6293 331.02919 386.21488 199.80149 501.32215 388.82922 488.20163 326.81321 438.26899 342.90543 516.8276 567.0565 580.01496 328.23138 359.77805 506.85953 583.9098 177.9269 284.75019 0 353.01587 117.15322 532.07271 430.83956 346.94018 152.1547 340.41444 259.06464 197.33186 331.35978 548.13103 440.61809 651.51607 381.29379 347.65526 357.75977 392.20816 419.47377 138.88657 183.87851 516.6247 371.73147 634.80129 596.32809 321.75867 186.75991 416.22713 327.8349 623.63639 589.49452 232.61429 465.82902 727.00857 196.28118 339.37605 421.72023 436.77286 398.82521 451.6416 700.77085 315.20856 582.71832 270.06013 628.07165 504.92412 400.43195 201.07903 495.61499 370.06738 173.38169 401.36813 231.20111 506.36976 94.77957 315.52926 301.07937 581.46644 143.21296 305.72277 539.14421 135.71549 370.06371 413.3962 283.03729 538.78291 
517.64547 431.99548 717.1712 375.92377 469.63979 303.37361 839.47594 665.09264 767.17362 687.98191 457.34506 733.39953 565.53973 539.13345 455.41476 838.69889 397.26684 626.09815 405.17782 186.39759 733.87929 434.8857 161.43325 679.12512 227.84984 589.61337 748.80174 214.50342 877.07435 679.86972 480.57642 611.82987 873.09898 403.80531 569.50483 353.01587 0 236.3322 789.66641 262.39417 144.07335 452.54823 422.18369 581.60968 541.81622 53.29377 698.18077 698.68657 994.04274 698.65084 355.13612 591.17963 273.40796 353.52524 491.68218 534.94343 817.45949 707.09752 965.71054 867.92786 655.07726 278.99237 704.44519 135.87873 942.08201 769.84131 373.39808 808.57859 1079.6112 515.91625 364.99392 766.89758 786.1768 136.8001 640.25227 1053.72914 273.6124 903.83845 313.95873 966.61587 854.39475 410.4989 445.16946 806.19964 697.54988 393.23456 732.93976 124.01609 523.08608 408.92184 326.37475 566.88162 924.92267 272.14191 639.5705 891.89552 283.84832 714.09742 734.35701 604.86602 884.33003 
363.18468 323.47813 566.25586 278.15853 258.04884 258.2075 738.65336 496.9723 596.46618 457.32904 359.60949 497.08455 331.22695 343.61563 242.34611 603.01204 327.03284 423.93201 347.19671 96.66777 571.41015 377.55486 377.26518 442.80325 338.0535 414.12344 573.50583 450.71127 667.53978 445.25834 376.37643 526.24936 667.78521 225.10589 371.50076 117.15322 236.3322 0 612.9702 339.056 249.54304 240.75162 321.50132 363.31326 307.37058 214.64085 570.56831 507.54362 761.69006 476.93459 299.79254 423.6105 309.15951 354.64646 255.41985 300.62596 614.80284 482.84441 738.97422 672.25811 425.67665 155.20783 507.83057 219.84245 721.65152 625.65909 242.27566 580.13679 843.28088 289.99785 314.38457 532.99303 550.67581 287.70683 502.10244 817.46784 244.37191 681.83082 240.52737 736.11095 621.48562 376.53868 261.6721 588.9216 477.88129 201.98524 511.10393 116.84891 475.71573 187.71839 280.95305 367.4409 692.04033 94.69175 415.73836 656.27091 98.50799 480.52683 518.84319 379.86318 650.46561 
