25
qpe oam aea rwk mcw vya vac yix szm wrz wfa idl txd rks hcu umf tyl wij rga lfo jsh upz vch nnf zcf
0 42.0558 52.31808 35.83167 51.2375 50.48735 40.35557 51.05428 20.42552 24.61845 63.09199 52.06314 41.52844 52.6255 67.56924 53.25746 43.46496 36.5408 49.16059 46.71649 28.6475 42.1043 49.58884 50.615700000000004 51.40768 
42.0558 0 55.352289999999996 30.5496 83.5651 87.1958 59.05637 76.79138 39.347680000000004 65.28539 35.2781 21.50152 62.68173 52.488699999999994 48.24827 11.7637 6.46906 55.2416 20.82187 69.92157 31.25949 31.91378 86.29729 75.01118 43.86788 
52.31808 55.352289999999996 0 24.80269 102.52913 60.30556 90.62274 103.37236 31.89791 56.44042 89.40138 75.52029 93.19398 97.02578 29.10707 54.6102 49.38758 87.37085 38.45159 98.85213 41.32861 26.644379999999998 61.20407 102.79949 91.63248 
35.83167 30.5496 24.80269 0 85.64683 63.96911 69.46208 83.96375 17.54473 48.84384 65.12029 51.24508 72.48633 72.86991 32.9925 35.67739 25.84149 65.64731 20.87747 78.50148 20.66191 7.5623 64.51378 82.92727 67.02357 
51.2375 83.5651 102.52913 85.64683 0 72.93437 32.63058 14.38928 71.15533 51.7628 84.68172 81.10282 25.60354 52.6866 118.53215 95.3277 87.20497 31.71417 97.36426 20.12005 65.03401 93.08724 72.89895 16.96991 60.36119 
50.48735 87.1958 60.30556 63.96911 72.93437 0 82.54962 81.99079 48.40816 27.13783 113.15173 101.4109 83.71731999999999 100.00694 88.37097 94.90815 85.33044 78.81089 84.50421 81.8057 56.23623 69.19683 0.89851 82.99546 101.89502999999999 
40.35557 59.05637 90.62274 69.46208 32.63058 82.54962 0 21.66867 59.75018 55.83249 52.16377 51.927499999999995 7.09673 21.124 100.47036 70.6347 61.79045 3.81477 74.33515 13.99673 49.877 75.17112 82.19307 19.08804 31.24987 
51.05428 76.79138 103.37236 83.96375 14.38928 81.99079 21.66867 0 71.47736 58.03057 73.07897 71.17274 15.0049 39.5152 116.06298 88.4495 81.22377 21.81948 92.93853 7.72668 63.40046 91.02682 81.79846 2.58063 47.99799 
20.42552 39.347680000000004 31.89791 17.54473 71.15533 48.40816 59.75018 71.47736 0 31.29911 70.36412 56.47632 61.5081 68.44574 49.42446 46.50609 36.99466 55.93541 37.06981 67.00385 38.20664 24.78292 47.55146 70.90559 64.85679 
24.61845 65.28539 56.44042 48.84384 51.7628 27.13783 55.83249 58.03057 31.29911 0 87.57549 76.67987 56.75604 72.87253 79.62322 74.78176 65.59744 52.04914 67.87644 56.6288 34.3699 55.91619 26.62376 58.60134 76.02613 
63.09199 35.2781 89.40138 65.12029 84.68172 113.15173 52.16377 73.07897 70.36412 87.57549 0 13.8878 59.25946 35.64389 81.47355 40.90736 41.74716 53.03086 54.72641 65.8136 58.80785 67.16612 112.43882 70.69043 25.51802 
52.06314 21.50152 75.52029 51.24508 81.10282 101.4109 51.927499999999995 71.17274 56.47632 76.67987 13.8878 0 56.75805 37.95758 68.64021 27.01956 27.970579999999998 51.53984 41.49143 64.03627 46.05234 53.32414 101.16324 69.18232 28.082610000000003 
41.52844 62.68173 93.19398 72.48633 25.60354 83.71732 7.09673 15.0049 61.5081 56.75604 59.25946 56.75805 0 27.47376 103.63173 74.26634 67.66306999999999 7.44679 79.40134 7.27822 52.65047 79.18756 82.89421 12.42427 36.44679 
52.6255 52.488699999999994 97.02578 72.86991 52.6866 100.00694 21.124 39.5152 68.44574 72.87253 35.64389 37.95758 27.47376 0 99.49487 62.38295 58.42454 23.7839 72.51802 32.68513 57.00506 80.43221 99.49553 37.83118 10.12587 
67.56924 48.24827 29.10707 32.9925 118.53215 88.37097 100.47036 116.06298 49.42446 79.62322 81.47355 68.64021 103.63173 99.49487 0 45.3202 41.77921 96.65559 44.51546 110.43254 53.49885 40.5548 87.47246 114.96066 91.76021 
53.25746 11.7637 54.6102 35.67739 95.3277 94.90815 70.6347 88.4495 46.50609 74.78176 40.90736 27.01956 74.26634 62.38295 45.3202 0 9.8359 66.81993 24.18871 81.5241 40.41196 32.44259 94.05413 86.63062 53.04988 
43.46496 6.46906 49.38758 25.84149 87.20497 85.33044 61.79045 81.22377 36.99466 65.59744 41.74716 27.970579999999998 67.66306999999999 58.42454 41.77921 9.8359 0 60.832609999999995 14.35281 74.62549999999999 37.72855 26.21015 84.48373 79.55808 50.18176 
36.5408 55.2416 87.37085 65.64731 31.71417 78.81089 3.81477 21.81948 55.93541 52.04914 53.03086 51.53984 7.44679 23.7839 96.65559 66.81993 60.832609999999995 0 72.144 14.71629 46.06223 72.3571 78.41198 19.84651 33.90977 
49.16059 20.82187 38.45159 20.87747 97.36426 84.50421 74.33515 92.93853 37.06981 67.87644 54.72641 41.49143 79.40134 72.51802 44.51546 24.18871 14.35281 72.144 0 86.41184 35.05309 17.12107 83.6057 91.31914 64.47459 
46.71649 69.92157 98.85213 78.50148 20.12005 81.8057 13.99673 7.72668 67.00385 56.6288 65.8136 64.03627 7.27822 32.68513 110.43254 81.5241 74.62549999999999 14.71629 86.41184 0 58.27838 85.46952 81.53789 5.14605 42.811 
28.6475 31.25949 41.32861 20.66191 65.03401 56.23623 49.877 63.40046 38.20664 34.3699 58.80785 46.05234 52.65047 57.00506 53.49885 40.41196 37.72855 46.06223 35.05309 58.27838 0 28.0549 55.33772 62.66686 56.386799999999994 
42.1043 31.91378 26.644379999999998 7.5623 93.08724 69.19683 75.17112 91.02682 24.78292 55.91619 67.16612 53.32414 79.18756 80.43221 40.5548 32.44259 26.21015 72.3571 17.12107 85.46952 28.0549 0 69.3239 89.9812 71.60154 
49.58884 86.29729 61.20407 64.51378 72.89895 0.89851 82.19307 81.79846 47.55146 26.62376 112.43882 101.16324 82.89421 99.49553 87.47246 94.05413 84.48373 78.41198 83.6057 81.53789 55.33772 69.3239 0 82.78024 100.99652 
50.615700000000004 75.01118 102.79949 82.92727 16.96991 82.99546 19.08804 2.58063 70.90559 58.60134 70.69043 69.18232 12.42427 37.83118 114.96066 86.63062 79.55808 19.84651 91.31914 5.14605 62.66686 89.9812 82.78024 0 45.49886 
51.40768 43.86788 91.63248 67.02357 60.36119 101.89503 31.24987 47.99799 64.85679 76.02613 25.51802 28.082610000000003 36.44679 10.12587 91.76021 53.04988 50.18176 33.90977 64.47459 42.811 56.386799999999994 71.60154 100.99652 45.49886 0 
