19
pfAddEEZq7DCnrgaqBKJ 2RPq429Qqqpk0YfzM7uQ 47OyaOtNkNMU4RwoZNXy hTiyKKyMtq8yoZF0F5lw iY64BD0STRTt9gG7s3kA FoU0FrxN3lCEjhqRp6qT PdmDDQrmmNXkYuo3lKOz hbf4nZBaM0GBpPNJW5JM WfKhq9dfinuqIEpTEKsZ R9OX2txDl9RaCUmzXW22 stfatR7FM6aPEWFnZzW2 IvZlJGmCbDfI5jQjCLV2 tmqnroGeRzvHSd9X0nsq Ct9vpuIosiwapRlvtuLv C698hj2Bus2KRUFa53xW f274IEB34TajoliS0F2L oTF4cgCIBAQLOH76IKhg w0gPzUohZhepExNzozjo hPu8gSdqC1fZEkInO0q9
0 67.0 74.0 99.0 110.0 100.0 105.0 103.0 101.0 81.0 84.0 90.0 112.0 114.0 108.0 110.0 108.0 95.0 90.0 
67.0 0 81.0 106.0 117.0 107.0 112.0 110.0 108.0 88.0 91.0 97.0 119.0 121.0 115.0 117.0 115.0 102.0 97.0 
74.0 81.0 0 113.0 124.0 114.0 119.0 117.0 115.0 95.0 98.0 104.0 126.0 128.0 122.0 124.0 122.0 109.0 104.0 
99.0 106.0 113.0 0 65.0 55.0 95.0 93.0 91.0 84.0 87.0 93.0 106.0 108.0 102.0 108.0 106.0 93.0 90.0 
110.0 117.0 124.0 65.0 0 66.0 106.0 104.0 102.0 95.0 98.0 104.0 117.0 119.0 113.0 119.0 117.0 104.0 101.0 
100.0 107.0 114.0 55.0 66.0 0 96.0 94.0 92.0 85.0 88.0 94.0 107.0 109.0 103.0 109.0 107.0 94.0 91.0 
105.0 112.0 119.0 95.0 106.0 96.0 0 74.0 72.0 96.0 99.0 105.0 105.0 107.0 101.0 105.0 103.0 90.0 109.0 
103.0 110.0 117.0 93.0 104.0 94.0 74.0 0 70.0 94.0 97.0 103.0 103.0 105.0 99.0 103.0 101.0 88.0 107.0 
101.0 108.0 115.0 91.0 102.0 92.0 72.0 70.0 0 92.0 95.0 101.0 101.0 103.0 97.0 101.0 99.0 86.0 105.0 
81.0 88.0 95.0 84.0 95.0 85.0 96.0 94.0 92.0 0 55.0 61.0 109.0 111.0 105.0 113.0 111.0 98.0 97.0 
84.0 91.0 98.0 87.0 98.0 88.0 99.0 97.0 95.0 55.0 0 64.0 112.0 114.0 108.0 116.0 114.0 101.0 100.0 
90.0 97.0 104.0 93.0 104.0 94.0 105.0 103.0 101.0 61.0 64.0 0 118.0 120.0 114.0 122.0 120.0 107.0 106.0 
112.0 119.0 126.0 106.0 117.0 107.0 105.0 103.0 101.0 109.0 112.0 118.0 0 80.0 74.0 108.0 106.0 93.0 92.0 
114.0 121.0 128.0 108.0 119.0 109.0 107.0 105.0 103.0 111.0 114.0 120.0 80.0 0 76.0 110.0 108.0 95.0 94.0 
108.0 115.0 122.0 102.0 113.0 103.0 101.0 99.0 97.0 105.0 108.0 114.0 74.0 76.0 0 104.0 102.0 89.0 88.0 
110.0 117.0 124.0 108.0 119.0 109.0 105.0 103.0 101.0 113.0 116.0 122.0 108.0 110.0 104.0 0 82.0 69.0 100.0 
108.0 115.0 122.0 106.0 117.0 107.0 103.0 101.0 99.0 111.0 114.0 120.0 106.0 108.0 102.0 82.0 0 67.0 98.0 
95.0 102.0 109.0 93.0 104.0 94.0 90.0 88.0 86.0 98.0 101.0 107.0 93.0 95.0 89.0 69.0 67.0 0 85.0 
90.0 97.0 104.0 90.0 101.0 91.0 109.0 107.0 105.0 97.0 100.0 106.0 92.0 94.0 88.0 100.0 98.0 85.0 0 
