25
Balsdon Chinese All Hume Carmel Warner Oceanside Linden Clayton Boulevard Ida Calaveras Merced 18th Meyers Fiorini Fremont Banning Laguna Santa Ames Smoke Richvale Woffard Potrero
0 6788.0 10757.0 10389.0 11060.0 6681.0 11718.0 10602.0 11617.0 11424.0 10712.0 9123.0 10732.0 5166.0 13053.0 5527.0 8408.0 10269.0 11905.0 10344.0 5965.0 6359.0 10435.0 10436.0 12233.0 
6788.0 0 9749.0 10177.0 10848.0 12644.0 5271.0 12323.0 9989.0 11041.0 11170.0 12026.0 6387.0 7837.0 12962.0 10949.0 5177.0 11537.0 6541.0 11406.0 11316.0 7892.0 6036.0 11171.0 7815.0 
10757.0 9749.0 0 10684.0 11355.0 7540.0 7152.0 11218.0 12042.0 6286.0 12522.0 9930.0 6437.0 5591.0 5513.0 11269.0 10920.0 11587.0 6552.0 10763.0 11309.0 10618.0 10730.0 10528.0 7221.0 
10389.0 10177.0 10684.0 0 10745.0 7870.0 6646.0 12237.0 7847.0 13059.0 13029.0 12351.0 10832.0 8270.0 11057.0 10846.0 12223.0 12206.0 7165.0 9714.0 11582.0 13297.0 5850.0 5973.0 5689.0 
11060.0 10848.0 11355.0 10745.0 0 6994.0 7738.0 11481.0 12603.0 12303.0 12344.0 11720.0 11503.0 7066.0 14256.0 7376.0 9042.0 9075.0 6479.0 11566.0 7188.0 12093.0 5165.0 12974.0 11629.0 
6681.0 12644.0 7540.0 7870.0 6994.0 0 11357.0 6220.0 12901.0 11507.0 8192.0 7427.0 6257.0 11823.0 9426.0 11774.0 11530.0 7348.0 11185.0 7922.0 11108.0 11402.0 8622.0 11869.0 7844.0 
11718.0 5271.0 7152.0 6646.0 7738.0 11357.0 0 9584.0 8141.0 10663.0 11175.0 9978.0 5100.0 10666.0 11738.0 6191.0 10448.0 10250.0 6853.0 11214.0 7415.0 7062.0 7057.0 10712.0 12033.0 
10602.0 12323.0 11218.0 12237.0 11481.0 6220.0 9584.0 0 12022.0 10830.0 11989.0 10927.0 8332.0 5787.0 11579.0 9466.0 7146.0 8303.0 12228.0 11621.0 8970.0 10814.0 11511.0 7511.0 7236.0 
11617.0 9989.0 12042.0 7847.0 12603.0 12901.0 8141.0 12022.0 0 9903.0 5912.0 5744.0 11719.0 6451.0 7766.0 9009.0 5780.0 6569.0 13307.0 12193.0 11106.0 11478.0 12153.0 11958.0 8261.0 
11424.0 11041.0 6286.0 13059.0 12303.0 11507.0 10663.0 10830.0 9903.0 0 12859.0 6021.0 5563.0 10552.0 9686.0 9834.0 10638.0 5502.0 6107.0 9591.0 6092.0 9528.0 11824.0 8240.0 12496.0 
10712.0 11170.0 12522.0 13029.0 12344.0 8192.0 11175.0 11989.0 5912.0 12859.0 0 11402.0 7897.0 7526.0 7846.0 10843.0 6016.0 10827.0 12691.0 10902.0 10568.0 10764.0 7179.0 9047.0 13214.0 
9123.0 12026.0 9930.0 12351.0 11720.0 7427.0 9978.0 10927.0 5744.0 6021.0 11402.0 0 11584.0 11080.0 5083.0 8132.0 8118.0 11523.0 9258.0 10767.0 5362.0 11428.0 11094.0 7535.0 6662.0 
10732.0 6387.0 6437.0 10832.0 11503.0 6257.0 5100.0 8332.0 11719.0 5563.0 7897.0 11584.0 0 5566.0 11950.0 11291.0 11564.0 5150.0 9897.0 9066.0 11284.0 10593.0 7607.0 5612.0 6933.0 
5166.0 7837.0 5591.0 8270.0 7066.0 11823.0 10666.0 5787.0 6451.0 10552.0 7526.0 11080.0 5566.0 0 9058.0 10693.0 11686.0 8982.0 11658.0 11123.0 5718.0 5027.0 11450.0 9235.0 7067.0 
13053.0 12962.0 5513.0 11057.0 14256.0 9426.0 11738.0 11579.0 7766.0 9686.0 7846.0 5083.0 11950.0 9058.0 0 11500.0 12002.0 13135.0 11315.0 12645.0 10445.0 6694.0 14792.0 12410.0 5368.0 
5527.0 10949.0 11269.0 10846.0 7376.0 11774.0 6191.0 9466.0 9009.0 9834.0 10843.0 8132.0 11291.0 10693.0 11500.0 0 8348.0 11650.0 11589.0 11725.0 10989.0 11185.0 10892.0 11817.0 11833.0 
8408.0 5177.0 10920.0 12223.0 9042.0 11530.0 10448.0 7146.0 5780.0 10638.0 6016.0 8118.0 11564.0 11686.0 12002.0 8348.0 0 8763.0 9219.0 11003.0 6217.0 10920.0 6373.0 7417.0 12992.0 
10269.0 11537.0 11587.0 12206.0 9075.0 7348.0 10250.0 8303.0 6569.0 5502.0 10827.0 11523.0 5150.0 8982.0 13135.0 11650.0 8763.0 0 11228.0 10459.0 11594.0 6674.0 6673.0 6233.0 7767.0 
11905.0 6541.0 6552.0 7165.0 6479.0 11185.0 6853.0 12228.0 13307.0 6107.0 12691.0 9258.0 9897.0 11658.0 11315.0 11589.0 9219.0 11228.0 0 11345.0 5940.0 7663.0 8241.0 9757.0 12854.0 
10344.0 11406.0 10763.0 9714.0 11566.0 7922.0 11214.0 11621.0 12193.0 9591.0 10902.0 10767.0 9066.0 11123.0 12645.0 11725.0 11003.0 10459.0 11345.0 0 5405.0 8709.0 6401.0 7330.0 7842.0 
5965.0 11316.0 11309.0 11582.0 7188.0 11108.0 7415.0 8970.0 11106.0 6092.0 10568.0 5362.0 11284.0 5718.0 10445.0 10989.0 6217.0 11594.0 5940.0 5405.0 0 10745.0 5732.0 5786.0 12024.0 
6359.0 7892.0 10618.0 13297.0 12093.0 11402.0 7062.0 10814.0 11478.0 9528.0 10764.0 11428.0 10593.0 5027.0 6694.0 11185.0 10920.0 6674.0 7663.0 8709.0 10745.0 0 8917.0 12907.0 12062.0 
10435.0 6036.0 10730.0 5850.0 5165.0 8622.0 7057.0 11511.0 12153.0 11824.0 7179.0 11094.0 7607.0 11450.0 14792.0 10892.0 6373.0 6673.0 8241.0 6401.0 5732.0 8917.0 0 11518.0 11539.0 
10436.0 11171.0 10528.0 5973.0 12974.0 11869.0 10712.0 7511.0 11958.0 8240.0 9047.0 7535.0 5612.0 9235.0 12410.0 11817.0 7417.0 6233.0 9757.0 7330.0 5786.0 12907.0 11518.0 0 7609.0 
12233.0 7815.0 7221.0 5689.0 11629.0 7844.0 12033.0 7236.0 8261.0 12496.0 13214.0 6662.0 6933.0 7067.0 5368.0 11833.0 12992.0 7767.0 12854.0 7842.0 12024.0 12062.0 11539.0 7609.0 0 
