50
Shower11 Websites81 Running77 Horse55 Monster39 Websites17 Male84 Monster71 Ring45 Solar58 Plus62 Allergies4 Kitty14 Printer53 Ice10 Toilet20 Towel37 Bird82 Dislike51 Rollers34 BBQ86 Book41 Water52 Leash68 Shower15 Water66 Breakfast19 Ring97 Cat13 Floppy63 Flowers98 Allergies3 Soda57 Ice38 Whale22 Towel16 Robot9 Whale59 Ice30 Bird93 Shelf25 Prints23 Breakfast74 Towel35 Comics49 Settings5 Post61 Rollers48 Mail88 Horse0
0 91457089.0 84848857.0 62131691.0 126999647.0 52141057.0 106641287.0 176371201.0 30043283.0 111636485.0 57085992.0 105904746.0 118467838.0 41344551.0 123015548.0 142712560.0 77213849.0 92064850.0 68352763.0 38691861.0 165620413.0 88086645.0 93065069.0 104946765.0 36587963.0 132569064.0 43989663.0 92585006.0 103663607.0 175370074.0 116735226.0 104931230.0 61417444.0 82387291.0 77357623.0 73287981.0 69715294.0 10492396.0 116099228.0 138736526.0 92017538.0 111566105.0 32465803.0 115530778.0 57089564.0 15210316.0 72667710.0 98144281.0 68080120.0 39565212.0 
91457089.0 0 155109424.0 151709810.0 44663301.0 52026901.0 78381326.0 92563036.0 100553726.0 187840845.0 90449931.0 138036418.0 74015362.0 114184102.0 109267621.0 108924541.0 62649513.0 103070503.0 85824133.0 65476097.0 102056110.0 72912752.0 151577893.0 64483849.0 87928810.0 96408809.0 127539406.0 160000005.0 154686504.0 167716255.0 190076553.0 179636327.0 132967832.0 47398680.0 98082121.0 148098530.0 87113045.0 86603306.0 144860700.0 101757822.0 105576131.0 129305086.0 120688730.0 183912514.0 90935867.0 76246773.0 106200603.0 42547783.0 89159532.0 130951579.0 
84848857.0 155109424.0 0 50806021.0 173969568.0 103476170.0 133934639.0 216049964.0 76443228.0 36886493.0 67542168.0 60501495.0 152587660.0 121456641.0 116189083.0 144450566.0 152683132.0 90172677.0 77951260.0 90264893.0 185989020.0 110333723.0 21552091.0 130788929.0 67648106.0 144499938.0 42835574.0 8740753.0 36031979.0 142222224.0 43777168.0 31973172.0 26742638.0 139793722.0 85906051.0 13303033.0 154149945.0 95312627.0 68562849.0 151378298.0 83443486.0 79812038.0 88754893.0 30898466.0 67035224.0 92746964.0 52609804.0 136620049.0 152188326.0 70803121.0 
62131691.0 151709810.0 50806021.0 0 181474542.0 101574568.0 145050444.0 228787314.0 52172274.0 61785622.0 83708720.0 104199168.0 166197507.0 85516274.0 147382284.0 174450181.0 139345540.0 114440964.0 97355041.0 88824272.0 208475381.0 128070725.0 71052970.0 147843959.0 70410084.0 167436517.0 28447197.0 59546774.0 85506835.0 186497335.0 69380630.0 57576634.0 38519523.0 139725758.0 101342780.0 45455215.0 122356375.0 70489788.0 114626357.0 174264868.0 111937455.0 120990367.0 47902221.0 73670422.0 83432642.0 76501979.0 70974555.0 146826429.0 120309888.0 47327571.0 
126999647.0 44663301.0 173969568.0 181474542.0 0 80480199.0 58633589.0 49661266.0 134671764.0 209643596.0 108994939.0 142852693.0 37092994.0 143641986.0 102286672.0 83947670.0 78720796.0 101309674.0 109042377.0 92680818.0 62827050.0 67714488.0 165021621.0 61489588.0 112113547.0 71316622.0 154283515.0 176852380.0 165984612.0 147071919.0 207868279.0 199023148.0 156509272.0 45171731.0 102727309.0 170174839.0 131774734.0 124468058.0 144890391.0 77216984.0 106936674.0 125961545.0 158402910.0 199346266.0 107048051.0 111789331.0 123564272.0 37349519.0 131687658.0 165356272.0 
52141057.0 52026901.0 103476170.0 101574568.0 80480199.0 0 70098042.0 130141465.0 54497274.0 135840341.0 42072035.0 95259571.0 79000873.0 74878240.0 90165643.0 101652082.0 59261789.0 65254059.0 42829469.0 13449196.0 118744027.0 46186867.0 101514527.0 59659573.0 36069200.0 90227079.0 75512505.0 109168526.0 107541250.0 146355483.0 139537300.0 127733304.0 80968236.0 39115396.0 55163450.0 96071629.0 83974454.0 54965422.0 103616557.0 95726889.0 70416250.0 91669656.0 79874181.0 132715992.0 42487981.0 40493454.0 59004202.0 59283467.0 81927967.0 85253635.0 
106641287.0 78381326.0 133934639.0 145050444.0 58633589.0 70098042.0 0 83942751.0 109241449.0 169907859.0 66621464.0 102166229.0 21540595.0 121070528.0 65473862.0 63993788.0 85525365.0 75788894.0 56359841.0 72896353.0 70383482.0 27008790.0 124775059.0 19077044.0 79791110.0 51369384.0 117127068.0 137013378.0 135351843.0 122336415.0 167713328.0 158809050.0 117403764.0 30982646.0 61051105.0 130351045.0 120314988.0 96148891.0 106877722.0 54836258.0 76303905.0 88753256.0 128392578.0 159302339.0 67216672.0 97926942.0 83598773.0 57373759.0 119613289.0 132086376.0 
176371201.0 92563036.0 216049964.0 228787314.0 49661266.0 130141465.0 83942751.0 0 183628321.0 252560047.0 150564215.0 174541075.0 80491975.0 192358401.0 119348559.0 94884380.0 128382062.0 136475032.0 138170740.0 141442751.0 49673889.0 105735436.0 204313269.0 86213324.0 158588023.0 88922444.0 201018329.0 217818598.0 200996258.0 157340460.0 248639248.0 240581169.0 201166246.0 94832855.0 140189979.0 213542609.0 178642835.0 174014020.0 175933167.0 91145568.0 142126166.0 156282403.0 207884928.0 238840549.0 150242343.0 161160885.0 166624444.0 81990331.0 178770588.0 214205299.0 
30043283.0 100553726.0 76443228.0 52172274.0 134671764.0 54497274.0 109241449.0 183628321.0 0 102741503.0 56925122.0 102689463.0 123793222.0 46450035.0 123539690.0 145695254.0 87895008.0 92324125.0 68950326.0 44107777.0 171275875.0 92783464.0 86192729.0 109897543.0 36547122.0 136126837.0 62300466.0 84476211.0 98093273.0 175218807.0 107571309.0 95767313.0 64184112.0 90773080.0 77586336.0 64537599.0 77747068.0 19550887.0 112585033.0 142550739.0 92839136.0 109993749.0 27881161.0 107012438.0 62977196.0 24329705.0 54476789.0 103560197.0 79793555.0 30756361.0 
111636485.0 187840845.0 36886493.0 61785622.0 209643596.0 135840341.0 169907859.0 252560047.0 102741503.0 0 103287635.0 94206798.0 189022733.0 137982247.0 150577624.0 180713685.0 182811785.0 120895584.0 114396633.0 122391145.0 222837981.0 146935604.0 54094822.0 166758930.0 100034457.0 178354534.0 72304357.0 37573325.0 67143945.0 172765782.0 19436982.0 15627004.0 54876576.0 173426723.0 113265970.0 47157629.0 173941770.0 119424611.0 101427912.0 183934066.0 115891634.0 114071970.0 101020875.0 33144791.0 102788439.0 119246482.0 86464400.0 172486971.0 171896260.0 81224565.0 
57085992.0 90449931.0 67542168.0 83708720.0 108994939.0 42072035.0 66621464.0 150564215.0 56925122.0 103287635.0 0 65233836.0 88162059.0 98033344.0 68394759.0 92061579.0 94712750.0 35399003.0 13646321.0 32555853.0 125383350.0 51038071.0 71240562.0 70811305.0 26466207.0 84042039.0 57250761.0 71006647.0 70303209.0 118293685.0 101873469.0 93067036.0 51677018.0 78345999.0 20661214.0 63851069.0 117088998.0 67578388.0 71676999.0 90813027.0 35914014.0 58720637.0 84221849.0 94869117.0 18334585.0 52445934.0 17021162.0 72502302.0 115459652.0 82941759.0 
105904746.0 138036418.0 60501495.0 104199168.0 142852693.0 95259571.0 102166229.0 174541075.0 102689463.0 94206798.0 65233836.0 0 115132044.0 147146708.0 68596627.0 90149233.0 147260765.0 47770040.0 53092352.0 86482994.0 136425009.0 75157439.0 41021256.0 90735450.0 71244574.0 89450687.0 84579366.0 56666163.0 45500942.0 82298167.0 85920755.0 78579794.0 67614256.0 120626680.0 60565701.0 67589708.0 170813491.0 114899102.0 10427189.0 96329047.0 45312946.0 30079024.0 125603160.0 73982148.0 53983653.0 104915619.0 48212674.0 105503174.0 168942054.0 113660137.0 
118467838.0 74015362.0 152587660.0 166197507.0 37092994.0 79000873.0 21540595.0 80491975.0 123793222.0 189022733.0 88162059.0 115132044.0 0 140977288.0 70793412.0 57015469.0 82141392.0 75555787.0 77900436.0 79801660.0 67279937.0 42466517.0 141833298.0 24396594.0 96666285.0 48016848.0 138667663.0 154692070.0 146542654.0 127822902.0 186732797.0 177294978.0 137531980.0 52523241.0 77479338.0 149908639.0 137267710.0 117689486.0 118763336.0 45939112.0 92732138.0 99111501.0 149933173.0 176272013.0 86598259.0 103257522.0 102848423.0 72831486.0 136544502.0 153626971.0 
41344551.0 114184102.0 121456641.0 85516274.0 143641986.0 74878240.0 121070528.0 192358401.0 46450035.0 137982247.0 98033344.0 147146708.0 140977288.0 0 159266360.0 176277700.0 75975962.0 131117988.0 107356218.0 72631668.0 191259371.0 120659446.0 132534280.0 134537813.0 77932514.0 165105319.0 80164149.0 129753767.0 144543308.0 214825479.0 150000094.0 138238710.0 97591930.0 98470255.0 116853743.0 108981882.0 37522181.0 32697492.0 157390523.0 170603928.0 131814328.0 152065968.0 73810354.0 151225949.0 98170400.0 45587410.0 99431546.0 121349819.0 35475694.0 57338653.0 
123015548.0 109267621.0 116189083.0 147382284.0 102286672.0 90165643.0 65473862.0 119348559.0 123539690.0 150577624.0 68394759.0 68596627.0 70793412.0 159266360.0 0 30886434.0 129047010.0 32995756.0 57622744.0 88924104.0 77947934.0 43978776.0 96531889.0 46396818.0 88830160.0 30970050.0 119887910.0 113047584.0 88664862.0 59536793.0 140793262.0 135725677.0 110589193.0 94389696.0 47733545.0 118567895.0 170715313.0 127699762.0 58169438.0 37848410.0 36232343.0 39005096.0 151176447.0 129492781.0 68451431.0 113791103.0 77195243.0 74343745.0 172093610.0 146084741.0 
142712560.0 108924541.0 144450566.0 174450181.0 83947670.0 101652082.0 63993788.0 94884380.0 145695254.0 180713685.0 92061579.0 90149233.0 57015469.0 176277700.0 30886434.0 0 133086906.0 63882190.0 78415258.0 105044604.0 48831821.0 57308851.0 127240436.0 45495193.0 110140042.0 12631048.0 146597565.0 143891165.0 119551296.0 90423227.0 171679696.0 166434224.0 139153387.0 94975269.0 73111539.0 146720725.0 182460499.0 146556708.0 88221228.0 11563052.0 65528035.0 69558638.0 173574524.0 160139214.0 92262779.0 132088862.0 104239504.0 66376758.0 181436867.0 170895025.0 
77213849.0 62649513.0 152683132.0 139345540.0 78720796.0 59261789.0 85525365.0 128382062.0 87895008.0 182811785.0 94712750.0 147260765.0 82141392.0 75975962.0 129047010.0 133086906.0 0 114114237.0 96944115.0 63958026.0 133405186.0 101101072.0 153578010.0 87750345.0 85740776.0 120731786.0 121203512.0 159619790.0 158960543.0 188519641.0 187524663.0 176033573.0 127975473.0 54542719.0 104356094.0 143730154.0 63269759.0 69847010.0 155371879.0 123844922.0 118188295.0 141750732.0 106399569.0 182987675.0 95127895.0 63565303.0 111644116.0 74710790.0 61723887.0 115619987.0 
92064850.0 103070503.0 90172677.0 114440964.0 101309674.0 65254059.0 75788894.0 136475032.0 92324125.0 120895584.0 35399003.0 47770040.0 75555787.0 131117988.0 32995756.0 63882190.0 114114237.0 0 24626988.0 61365207.0 102135992.0 49750610.0 70515483.0 68716110.0 55834404.0 63965806.0 86945525.0 84015290.0 76707412.0 86561364.0 115414982.0 107247709.0 87076021.0 83464466.0 14737789.0 85572139.0 147246666.0 98894040.0 44434064.0 63184666.0 29990589.0 27636495.0 119517945.0 103476375.0 35455675.0 85825456.0 51971896.0 65943134.0 146318865.0 113417341.0 
68352763.0 85824133.0 77951260.0 97355041.0 109042377.0 42829469.0 56359841.0 138170740.0 68950326.0 114396633.0 13646321.0 53092352.0 77900436.0 107356218.0 57622744.0 78415258.0 96944115.0 24626988.0 0 36738219.0 111737029.0 49360904.0 68613446.0 69466814.0 40112528.0 76264652.0 68972312.0 84484962.0 82995306.0 111188352.0 111386071.0 102695802.0 65323339.0 80352081.0 27380564.0 75625165.0 123186556.0 75375580.0 63519541.0 77166706.0 42633364.0 48840187.0 96616789.0 103140726.0 13986867.0 61768808.0 30503088.0 73579676.0 121691877.0 92542534.0 
38691861.0 65476097.0 90264893.0 88824272.0 92680818.0 13449196.0 72896353.0 141442751.0 44107777.0 122391145.0 32555853.0 86482994.0 79801660.0 72631668.0 88924104.0 105044604.0 63958026.0 61365207.0 36738219.0 0 127292866.0 49765193.0 90457238.0 66254904.0 22620004.0 94442996.0 62303570.0 95719330.0 95197652.0 143947962.0 126358571.0 114554575.0 67519040.0 51655041.0 47518247.0 82808886.0 86452595.0 41516226.0 95545449.0 100446607.0 62771047.0 85315928.0 70953715.0 119853335.0 32972494.0 27044258.0 49488715.0 59452420.0 88499082.0 74140369.0 
165620413.0 102056110.0 185989020.0 208475381.0 62827050.0 118744027.0 70383482.0 49673889.0 171275875.0 222837981.0 125383350.0 136425009.0 67279937.0 191259371.0 77947934.0 48831821.0 133405186.0 102135992.0 111737029.0 127292866.0 0 80530828.0 170954706.0 61451869.0 139299402.0 46977884.0 180028184.0 186105196.0 164996498.0 110516607.0 215846744.0 209337615.0 176090317.0 101366128.0 110206941.0 186113853.0 187218546.0 166383719.0 135755587.0 53856244.0 107400720.0 116555665.0 198058536.0 204679796.0 125487024.0 151947938.0 140101128.0 70473891.0 186744629.0 199731109.0 
88086645.0 72912752.0 110333723.0 128070725.0 67714488.0 46186867.0 27008790.0 105735436.0 92783464.0 146935604.0 51038071.0 75157439.0 42466517.0 120659446.0 43978776.0 57308851.0 101101072.0 49750610.0 49360904.0 49765193.0 80530828.0 0 99366781.0 46085834.0 58768574.0 44677803.0 99654507.0 112251613.0 109313559.0 103515057.0 144266280.0 135484032.0 97247982.0 50410920.0 35012821.0 108265734.0 128054924.0 91228704.0 83011891.0 50681414.0 50265621.0 63360056.0 120552448.0 133883453.0 45614846.0 76685402.0 61258793.0 30364969.0 128114834.0 119545858.0 
93065069.0 151577893.0 21552091.0 71052970.0 165021621.0 101514527.0 124775059.0 204313269.0 86192729.0 54094822.0 71240562.0 41021256.0 141833298.0 132534280.0 96531889.0 127240436.0 153578010.0 70515483.0 68613446.0 90457238.0 170954706.0 99366781.0 0 118332281.0 67837234.0 124538292.0 56477476.0 30292844.0 14479888.0 122418549.0 44899499.0 39193788.0 39049695.0 135204599.0 64353960.0 31738827.0 162563009.0 103557465.0 47333090.0 131416652.0 73527826.0 60154844.0 103247176.0 34527280.0 60710590.0 101512171.0 59731380.0 129596914.0 161145189.0 87330870.0 
104946765.0 64483849.0 130788929.0 147843959.0 61489588.0 59659573.0 19077044.0 86213324.0 109897543.0 166758930.0 70811305.0 90735450.0 24396594.0 134537813.0 46396818.0 45495193.0 87750345.0 68716110.0 69466814.0 66254904.0 61451869.0 46085834.0 118332281.0 0 79359568.0 32981441.0 119427741.0 131629466.0 128279059.0 103426308.0 162425924.0 154468536.0 118092046.0 49828701.0 53978321.0 128418781.0 136965306.0 107771130.0 94600903.0 37273973.0 69231121.0 74949068.0 137160749.0 152682287.0 65685264.0 92318732.0 82102857.0 59890848.0 136228735.0 140332119.0 
36587963.0 87928810.0 67648106.0 70410084.0 112113547.0 36069200.0 79791110.0 158588023.0 36547122.0 100034457.0 26466207.0 71244574.0 96666285.0 77932514.0 88830160.0 110140042.0 85740776.0 55834404.0 40112528.0 22620004.0 139299402.0 58768574.0 67837234.0 79359568.0 0 101213745.0 42430306.0 73879014.0 82317122.0 139047866.0 103741784.0 91937788.0 45257873.0 74275045.0 43049410.0 60188882.0 99568917.0 47080359.0 81189263.0 107790436.0 58194393.0 74978142.0 64146676.0 97427893.0 26882848.0 33674937.0 43399069.0 76597692.0 97824346.0 61068280.0 
132569064.0 96408809.0 144499938.0 167436517.0 71316622.0 90227079.0 51369384.0 88922444.0 136126837.0 178354534.0 84042039.0 89450687.0 48016848.0 165105319.0 30970050.0 12631048.0 120731786.0 63965806.0 76264652.0 94442996.0 46977884.0 44677803.0 124538292.0 32981441.0 101213745.0 0 139257769.0 142561775.0 118388059.0 90506843.0 169356676.0 163266512.0 133297952.0 82352030.0 66489626.0 142146926.0 169946747.0 135906507.0 88985894.0 6878360.0 67202393.0 69577781.0 163991497.0 158571702.0 85030523.0 121362359.0 97308763.0 54035576.0 168805819.0 162282025.0 
43989663.0 127539406.0 42835574.0 28447197.0 154283515.0 75512505.0 117127068.0 201018329.0 62300466.0 72304357.0 57250761.0 84579366.0 138667663.0 80164149.0 119887910.0 146597565.0 121203512.0 86945525.0 68972312.0 62303570.0 180028184.0 99654507.0 56477476.0 119427741.0 42430306.0 139257769.0 0 51427382.0 69709568.0 162346984.0 74232322.0 62800464.0 17427781.0 113958611.0 73538342.0 30416166.0 112108192.0 54159615.0 92843223.0 146136129.0 83994619.0 96975165.0 46769700.0 72757760.0 54985445.0 59199979.0 43031719.0 119027998.0 111088536.0 31544105.0 
92585006.0 160000005.0 8740753.0 59546774.0 176852380.0 109168526.0 137013378.0 217818598.0 84476211.0 37573325.0 71006647.0 56666163.0 154692070.0 129753767.0 113047584.0 143891165.0 159619790.0 84015290.0 84484962.0 95719330.0 186105196.0 112251613.0 30292844.0 131629466.0 73879014.0 142561775.0 51427382.0 0 29570620.0 137289434.0 35036415.0 23232419.0 34729981.0 144289315.0 84962512.0 21888647.0 162200175.0 103076040.0 64644373.0 147199956.0 88618558.0 76670539.0 97340507.0 39639219.0 70498095.0 101364345.0 61195418.0 139507431.0 160153688.0 79543874.0 
103663607.0 154686504.0 36031979.0 85506835.0 165984612.0 107541250.0 135351843.0 200996258.0 98093273.0 67143945.0 70303209.0 45500942.0 146542654.0 144543308.0 88664862.0 119551296.0 158960543.0 76707412.0 82995306.0 95197652.0 164996498.0 109313559.0 14479888.0 128279059.0 82317122.0 118388059.0 69709568.0 29570620.0 0 107938661.0 59379387.0 52803039.0 52495197.0 137796082.0 74300738.0 46218715.0 173378901.0 114156003.0 35073753.0 124537092.0 59047938.0 54725588.0 116199266.0 49007168.0 69823484.0 108796843.0 74211268.0 139522016.0 171743727.0 100767032.0 
175370074.0 167716255.0 142222224.0 186497335.0 147071919.0 146355483.0 122336415.0 157340460.0 175218807.0 172765782.0 118293685.0 82298167.0 127822902.0 214825479.0 59536793.0 90423227.0 188519641.0 86561364.0 111188352.0 143947962.0 110516607.0 103515057.0 122418549.0 103426308.0 139047866.0 90506843.0 162346984.0 137289434.0 107938661.0 0 158001140.0 157141593.0 149464298.0 152062295.0 98633289.0 149838793.0 229211242.0 182301148.0 86557100.0 97385203.0 83380489.0 66905265.0 201198299.0 153795098.0 118304837.0 169238069.0 121858284.0 125369926.0 227897534.0 192269934.0 
116735226.0 190076553.0 43777168.0 69380630.0 207868279.0 139537300.0 167713328.0 248639248.0 107571309.0 19436982.0 101873469.0 85920755.0 186732797.0 150000094.0 140793262.0 171679696.0 187524663.0 115414982.0 111386071.0 126358571.0 215846744.0 144266280.0 44899499.0 162425924.0 103741784.0 169356676.0 74232322.0 35036415.0 59379387.0 158001140.0 0 11803996.0 59549190.0 174855610.0 109253459.0 43816156.0 184757622.0 126954830.0 87338081.0 175964836.0 108559301.0 103862516.0 114486120.0 29321783.0 101506946.0 126138985.0 84990725.0 170518760.0 182726234.0 94780458.0 
104931230.0 179636327.0 31973172.0 57576634.0 199023148.0 127733304.0 158809050.0 240581169.0 95767313.0 15627004.0 93067036.0 78579794.0 177294978.0 138238710.0 135725677.0 166434224.0 176033573.0 107247709.0 102695802.0 114554575.0 209337615.0 135484032.0 39193788.0 154468536.0 91937788.0 163266512.0 62800464.0 23232419.0 52803039.0 157141593.0 11803996.0 0 48138979.0 165100728.0 100595163.0 32384298.0 172968725.0 115199706.0 86526878.0 169976971.0 111850977.0 98988793.0 102682124.0 17517787.0 91975097.0 114707127.0 79452249.0 161673629.0 170922238.0 83275525.0 
61417444.0 132967832.0 26742638.0 38519523.0 156509272.0 80968236.0 117403764.0 201166246.0 64184112.0 54876576.0 51677018.0 67614256.0 137531980.0 97591930.0 110589193.0 139153387.0 127975473.0 87076021.0 65323339.0 67519040.0 176090317.0 97247982.0 39049695.0 118092046.0 45257873.0 133297952.0 17427781.0 34729981.0 52495197.0 149464298.0 59549190.0 48138979.0 0 119174081.0 72338232.0 15754681.0 127488293.0 68574683.0 78041445.0 139922789.0 76952089.0 82559033.0 64197481.0 57439867.0 52505410.0 66634364.0 35989189.0 119703413.0 128516317.0 48281175.0 
82387291.0 47398680.0 139793722.0 139725758.0 45171731.0 39115396.0 30982646.0 94832855.0 90773080.0 173426723.0 78345999.0 120626680.0 52523241.0 98470255.0 94389696.0 94975269.0 54542719.0 83464466.0 80352081.0 51655041.0 101366128.0 50410920.0 135204599.0 49828701.0 74275045.0 82352030.0 113958611.0 144289315.0 137796082.0 152062295.0 174855610.0 165100728.0 119174081.0 0 85079767.0 133471765.0 91819705.0 79413775.0 127198126.0 85818904.0 98041902.0 111100961.0 113868988.0 168019149.0 78814933.0 67219368.0 95331154.0 54564397.0 93866192.0 121529441.0 
77357623.0 98082121.0 85906051.0 101342780.0 102727309.0 55163450.0 61051105.0 140189979.0 77586336.0 113265970.0 20661214.0 60565701.0 77479338.0 116853743.0 47733545.0 73111539.0 104356094.0 14737789.0 27380564.0 47518247.0 110206941.0 35012821.0 64353960.0 53978321.0 43049410.0 66489626.0 73538342.0 84962512.0 74300738.0 98633289.0 109253459.0 100595163.0 72338232.0 85079767.0 0 75907253.0 133970842.0 84156251.0 51015785.0 73367986.0 15252800.0 38059423.0 104883063.0 98870632.0 20780287.0 71324988.0 37296508.0 65377790.0 132473217.0 99284136.0 
73287981.0 148098530.0 13303033.0 45455215.0 170174839.0 96071629.0 130351045.0 213542609.0 64537599.0 47157629.0 63851069.0 67589708.0 149908639.0 108981882.0 118567895.0 146720725.0 143730154.0 85572139.0 75625165.0 82808886.0 186113853.0 108265734.0 31738827.0 128418781.0 60188882.0 142146926.0 30416166.0 21888647.0 46218715.0 149838793.0 43816156.0 32384298.0 15754681.0 133471765.0 75907253.0 0 142235621.0 83780377.0 76533766.0 148571024.0 86621469.0 85161345.0 75698109.0 42474839.0 63371344.0 82322829.0 47067951.0 132825320.0 140227892.0 57815976.0 
69715294.0 87113045.0 154149945.0 122356375.0 131774734.0 83974454.0 120314988.0 178642835.0 77747068.0 173941770.0 117088998.0 170813491.0 137267710.0 37522181.0 170715313.0 182460499.0 63269759.0 147246666.0 123186556.0 86452595.0 187218546.0 128054924.0 162563009.0 136965306.0 99568917.0 169946747.0 112108192.0 162200175.0 173378901.0 229211242.0 184757622.0 172968725.0 127488293.0 91819705.0 133970842.0 142235621.0 0 59222898.0 180377348.0 174235137.0 149223642.0 171627254.0 75177564.0 184710460.0 118604506.0 66021516.0 123477369.0 118993490.0 2046487.0 94860834.0 
10492396.0 86603306.0 95312627.0 70489788.0 124468058.0 54965422.0 96148891.0 174014020.0 19550887.0 119424611.0 67578388.0 114899102.0 117689486.0 32697492.0 127699762.0 146556708.0 69847010.0 98894040.0 75375580.0 41516226.0 166383719.0 91228704.0 103557465.0 107771130.0 47080359.0 135906507.0 54159615.0 103076040.0 114156003.0 182301148.0 126954830.0 115199706.0 68574683.0 79413775.0 84156251.0 83780377.0 59222898.0 0 125199297.0 141836002.0 99116836.0 119371196.0 42958199.0 126014550.0 67581960.0 25702712.0 66734054.0 96550997.0 61269385.0 45773088.0 
116099228.0 144860700.0 68562849.0 114626357.0 144890391.0 103616557.0 106877722.0 175933167.0 112585033.0 101427912.0 71676999.0 10427189.0 118763336.0 157390523.0 58169438.0 88221228.0 155371879.0 44434064.0 63519541.0 95545449.0 135755587.0 83011891.0 47333090.0 94600903.0 81189263.0 88985894.0 92843223.0 64644373.0 35073753.0 86557100.0 87338081.0 86526878.0 78041445.0 127198126.0 51015785.0 76533766.0 180377348.0 125199297.0 0 94862775.0 39284569.0 19651835.0 136024344.0 81860370.0 63303947.0 114821821.0 58465243.0 110377198.0 178695933.0 123894907.0 
138736526.0 101757822.0 151378298.0 174264868.0 77216984.0 95726889.0 54836258.0 91145568.0 142550739.0 183934066.0 90813027.0 96329047.0 45939112.0 170603928.0 37848410.0 11563052.0 123844922.0 63184666.0 77166706.0 100446607.0 53856244.0 50681414.0 131416652.0 37273973.0 107790436.0 6878360.0 146136129.0 147199956.0 124537092.0 97385203.0 175964836.0 169976971.0 139922789.0 85818904.0 73367986.0 148571024.0 174235137.0 141836002.0 94862775.0 0 74080753.0 75602244.0 170415399.0 165450062.0 91151022.0 127273292.0 104187123.0 60913936.0 173397726.0 168858716.0 
92017538.0 105576131.0 83443486.0 111937455.0 106936674.0 70416250.0 76303905.0 142126166.0 92839136.0 115891634.0 35914014.0 45312946.0 92732138.0 131814328.0 36232343.0 65528035.0 118188295.0 29990589.0 42633364.0 62771047.0 107400720.0 50265621.0 73527826.0 69231121.0 58194393.0 67202393.0 83994619.0 88618558.0 59047938.0 83380489.0 108559301.0 111850977.0 76952089.0 98041902.0 15252800.0 86621469.0 149223642.0 99116836.0 39284569.0 74080753.0 0 26819165.0 120135863.0 108055106.0 34927974.0 86483919.0 40962900.0 80630590.0 147726017.0 111774847.0 
111566105.0 129305086.0 79812038.0 120990367.0 125961545.0 91669656.0 88753256.0 156282403.0 109993749.0 114071970.0 58720637.0 30079024.0 99111501.0 152065968.0 39005096.0 69558638.0 141750732.0 27636495.0 48840187.0 85315928.0 116555665.0 63360056.0 60154844.0 74949068.0 74978142.0 69577781.0 96975165.0 76670539.0 54725588.0 66905265.0 103862516.0 98988793.0 82559033.0 111100961.0 38059423.0 85161345.0 171627254.0 119371196.0 19651835.0 75602244.0 26819165.0 0 135070818.0 92372541.0 55045314.0 107628304.0 55516960.0 93579629.0 170078935.0 126014667.0 
32465803.0 120688730.0 88754893.0 47902221.0 158402910.0 79874181.0 128392578.0 207884928.0 27881161.0 101020875.0 84221849.0 125603160.0 149933173.0 73810354.0 151176447.0 173574524.0 106399569.0 119517945.0 96616789.0 70953715.0 198058536.0 120552448.0 103247176.0 137160749.0 64146676.0 163991497.0 46769700.0 97340507.0 116199266.0 201198299.0 114486120.0 102682124.0 64197481.0 113868988.0 104883063.0 75698109.0 75177564.0 42958199.0 136024344.0 170415399.0 120135863.0 135070818.0 0 116895771.0 89555367.0 46816889.0 79553912.0 130406135.0 73156368.0 19806101.0 
115530778.0 183912514.0 30898466.0 73670422.0 199346266.0 132715992.0 159302339.0 238840549.0 107012438.0 33144791.0 94869117.0 73982148.0 176272013.0 151225949.0 129492781.0 160139214.0 182987675.0 103476375.0 103140726.0 119853335.0 204679796.0 133883453.0 34527280.0 152682287.0 97427893.0 158571702.0 72757760.0 39639219.0 49007168.0 153795098.0 29321783.0 17517787.0 57439867.0 168019149.0 98870632.0 42474839.0 184710460.0 126014550.0 81860370.0 165450062.0 108055106.0 92372541.0 116895771.0 0 94364176.0 123629484.0 77847955.0 161996747.0 182685745.0 97977768.0 
57089564.0 90935867.0 67035224.0 83432642.0 107048051.0 42487981.0 67216672.0 150242343.0 62977196.0 102788439.0 18334585.0 53983653.0 86598259.0 98170400.0 68451431.0 92262779.0 95127895.0 35455675.0 13986867.0 32972494.0 125487024.0 45614846.0 60710590.0 65685264.0 26882848.0 85030523.0 54985445.0 70498095.0 69823484.0 118304837.0 101506946.0 91975097.0 52505410.0 78814933.0 20780287.0 63371344.0 118604506.0 67581960.0 63303947.0 91151022.0 34927974.0 55045314.0 89555367.0 94364176.0 0 52582990.0 16516221.0 69698532.0 116824770.0 85544364.0 
15210316.0 76246773.0 92746964.0 76501979.0 111789331.0 40493454.0 97926942.0 161160885.0 24329705.0 119246482.0 52445934.0 104915619.0 103257522.0 45587410.0 113791103.0 132088862.0 63565303.0 85825456.0 61768808.0 27044258.0 151947938.0 76685402.0 101512171.0 92318732.0 33674937.0 121362359.0 59199979.0 101364345.0 108796843.0 169238069.0 126138985.0 114707127.0 66634364.0 67219368.0 71324988.0 82322829.0 66021516.0 25702712.0 114821821.0 127273292.0 86483919.0 107628304.0 46816889.0 123629484.0 52582990.0 0 57457394.0 86496678.0 64241780.0 54704806.0 
72667710.0 106200603.0 52609804.0 70974555.0 123564272.0 59004202.0 83598773.0 166624444.0 54476789.0 86464400.0 17021162.0 48212674.0 102848423.0 99431546.0 77195243.0 104239504.0 111644116.0 51971896.0 30503088.0 49488715.0 140101128.0 61258793.0 59731380.0 82102857.0 43399069.0 97308763.0 43031719.0 61195418.0 74211268.0 121858284.0 84990725.0 79452249.0 35989189.0 95331154.0 37296508.0 47067951.0 123477369.0 66734054.0 58465243.0 104187123.0 40962900.0 55516960.0 79553912.0 77847955.0 16516221.0 57457394.0 0 86214753.0 121699174.0 70811947.0 
98144281.0 42547783.0 136620049.0 146826429.0 37349519.0 59283467.0 57373759.0 81990331.0 103560197.0 172486971.0 72502302.0 105503174.0 72831486.0 121349819.0 74343745.0 66376758.0 74710790.0 65943134.0 73579676.0 59452420.0 70473891.0 30364969.0 129596914.0 59890848.0 76597692.0 54035576.0 119027998.0 139507431.0 139522016.0 125369926.0 170518760.0 161673629.0 119703413.0 54564397.0 65377790.0 132825320.0 118993490.0 96550997.0 110377198.0 60913936.0 80630590.0 93579629.0 130406135.0 161996747.0 69698532.0 86496678.0 86214753.0 0 118974723.0 133308492.0 
68080120.0 89159532.0 152188326.0 120309888.0 131687658.0 81927967.0 119613289.0 178770588.0 79793555.0 171896260.0 115459652.0 168942054.0 136544502.0 35475694.0 172093610.0 181436867.0 61723887.0 146318865.0 121691877.0 88499082.0 186744629.0 128114834.0 161145189.0 136228735.0 97824346.0 168805819.0 111088536.0 160153688.0 171743727.0 227897534.0 182726234.0 170922238.0 128516317.0 93866192.0 132473217.0 140227892.0 2046487.0 61269385.0 178695933.0 173397726.0 147726017.0 170078935.0 73156368.0 182685745.0 116824770.0 64241780.0 121699174.0 118974723.0 0 92814347.0 
39565212.0 130951579.0 70803121.0 47327571.0 165356272.0 85253635.0 132086376.0 214205299.0 30756361.0 81224565.0 82941759.0 113660137.0 153626971.0 57338653.0 146084741.0 170895025.0 115619987.0 113417341.0 92542534.0 74140369.0 199731109.0 119545858.0 87330870.0 140332119.0 61068280.0 162282025.0 31544105.0 79543874.0 100767032.0 192269934.0 94780458.0 83275525.0 48281175.0 121529441.0 99284136.0 57815976.0 94860834.0 45773088.0 123894907.0 168858716.0 111774847.0 126014667.0 19806101.0 97977768.0 85544364.0 54704806.0 70811947.0 133308492.0 92814347.0 0 
