100
Crab83 Boat67 Horse148 Post158 Robot93 Kitty194 Drugs39 Sink109 Shelf40 Leash77 Laptop125 Allergies88 Toolbox146 Ice9 Light30 Soap58 Towel154 Plants118 Settings75 Kitty89 Body55 Monster175 Water135 Shower47 Dislike12 Dog168 BBQ36 Shoe174 Urine124 Nuclear35 Mail22 Allergies103 Dislike143 Ice41 Monster73 Puppy117 Whale126 Solar130 Soda119 Printer188 Rollers95 Water29 Robot51 Poop150 Drugs195 Laptop19 Toolbox72 Clock2 Hnads116 Nuclear18 Soap64 Robot164 Soda197 Dog181 Clock139 Toolbox153 Water38 Dislike27 System156 Puppy140 Poop80 Solar162 Allergies176 Plus78 Ice165 Solar192 Mail6 Whale137 Rollers14 Book24 Urine97 Fusion104 Flowers178 Shoe17 Urine20 Cat15 Book171 Solar71 System183 Ring82 Poop76 Clock61 Shoes8 Ring169 Male149 Cat187 Android196 Hnads182 Fusion34 Whale114 Towel92 Toilet13 Website190 Breakfast85 Websites4 Shower57 Comics107 System79 Kitty98 Shelf0
0 92190914.0 150378569.0 117862403.0 29053097.0 74159893.0 78915606.0 100494579.0 86295634.0 37174132.0 50198205.0 52127357.0 74908456.0 43523656.0 61973535.0 107714252.0 85903106.0 117640426.0 107642994.0 156962248.0 170365375.0 80628146.0 41712813.0 106960721.0 97926598.0 86392850.0 140976714.0 104452736.0 116169901.0 156905011.0 105729499.0 113145960.0 79853361.0 78669380.0 79831623.0 176268680.0 116233870.0 48342367.0 34830238.0 106701899.0 51811527.0 48170741.0 90451746.0 26690039.0 68702240.0 69957318.0 53665994.0 167530731.0 82159746.0 37648223.0 9358463.0 114693552.0 80418538.0 117789233.0 28888706.0 95068059.0 187580034.0 86993008.0 35427215.0 99772525.0 163992003.0 51972937.0 84112043.0 111823892.0 186534105.0 37105277.0 167299437.0 102177514.0 146413268.0 82163408.0 118518167.0 150740903.0 99507070.0 76961605.0 140646852.0 84879997.0 59816203.0 139604804.0 153397529.0 107974149.0 157294870.0 118722658.0 95416971.0 89082768.0 121944380.0 112829108.0 81681620.0 93950059.0 170183425.0 125872057.0 101954125.0 101374147.0 49459184.0 138828284.0 37354822.0 101475467.0 135190822.0 73294911.0 50991585.0 93008669.0 
92190914.0 0 125091645.0 138071034.0 94903408.0 51305285.0 55931574.0 103809978.0 54228978.0 78590534.0 43497482.0 110035751.0 145975069.0 82433163.0 124590490.0 24553371.0 20219168.0 41554774.0 94032420.0 114641560.0 175315441.0 108903905.0 57495763.0 108456218.0 15765255.0 139869687.0 83496320.0 12373568.0 167433727.0 101737256.0 172149797.0 182076384.0 34928253.0 54772926.0 163289203.0 165052872.0 136683413.0 116783522.0 78256914.0 118047106.0 50761012.0 45026439.0 56838297.0 87961838.0 64632340.0 56335578.0 106195832.0 160500895.0 60394670.0 100763871.0 101382707.0 159022624.0 72423471.0 26055032.0 116679060.0 170683219.0 179604139.0 78875657.0 95032583.0 165244245.0 77973584.0 79346601.0 25254823.0 53138492.0 177840065.0 69361374.0 175566502.0 172147913.0 91336283.0 74755957.0 80388485.0 74485460.0 89560739.0 30040217.0 80041808.0 100394919.0 119178866.0 62013311.0 129523530.0 165387564.0 170611883.0 130824975.0 12256072.0 158420512.0 178780276.0 123443075.0 137791972.0 36893798.0 88059052.0 167494460.0 141386522.0 187054007.0 70366670.0 77636736.0 126768467.0 115038847.0 173862957.0 76361263.0 47664986.0 173472041.0 
150378569.0 125091645.0 0 75856890.0 126020328.0 102315136.0 168978845.0 53861862.0 77585816.0 126258658.0 137522449.0 171219433.0 142514122.0 107371086.0 120362935.0 114263616.0 143254660.0 93684115.0 42845396.0 26949427.0 64627595.0 81331788.0 122504525.0 60368143.0 110531571.0 111099772.0 57272048.0 129299711.0 117774860.0 48678528.0 141959224.0 151701977.0 154934510.0 81439408.0 166668281.0 41974543.0 75688859.0 126385420.0 165897294.0 57663381.0 132209474.0 136795064.0 73421102.0 125055608.0 169440838.0 89652722.0 109550545.0 40661947.0 178813288.0 122615235.0 158323541.0 104300137.0 73206531.0 124203161.0 158265474.0 155322818.0 56858487.0 64066577.0 130222222.0 137048389.0 111463688.0 98507949.0 147500216.0 75824637.0 54820805.0 159938471.0 66424180.0 153561817.0 49764001.0 69299969.0 46015929.0 87011989.0 50871499.0 110379466.0 60693946.0 210886335.0 116164220.0 89747552.0 57180084.0 124700603.0 70952654.0 64127698.0 113324796.0 139815738.0 130708873.0 54024368.0 114380224.0 88470677.0 110536396.0 103938414.0 93174210.0 187202119.0 101553557.0 61814307.0 159666648.0 67395894.0 103289807.0 187584333.0 133354945.0 169238665.0 
117862403.0 138071034.0 75856890.0 0 88957980.0 93465598.0 166735358.0 35193582.0 85223894.0 98011994.0 128701254.0 134642145.0 83874588.0 77559211.0 66966430.0 135968532.0 150124047.0 124312677.0 51154772.0 90422639.0 53320232.0 37798871.0 107550597.0 32684061.0 127053930.0 49526630.0 106339373.0 147216440.0 51960671.0 108652644.0 77042398.0 85520925.0 156639323.0 83306902.0 106923464.0 70057066.0 1628533.0 77787079.0 144370515.0 25605978.0 122373201.0 126795529.0 83800756.0 91736978.0 162625312.0 89256300.0 65165554.0 60183082.0 175134701.0 81923533.0 123077655.0 38244559.0 68861422.0 149141809.0 116094492.0 91727285.0 81356306.0 59721468.0 93355147.0 72096972.0 158851661.0 72314445.0 152814893.0 102623190.0 79318624.0 141604865.0 51013002.0 90396292.0 103185106.0 63323871.0 77683799.0 134721595.0 54034551.0 115791253.0 108939096.0 196055509.0 66702024.0 131843208.0 65683856.0 58641038.0 43294366.0 11729192.0 129553287.0 77542094.0 64699739.0 21832522.0 54114126.0 105440098.0 160617564.0 38883089.0 29477499.0 124818653.0 80490072.0 108894732.0 112401030.0 29753228.0 40844078.0 176423261.0 125201513.0 107141155.0 
29053097.0 94903408.0 126020328.0 88957980.0 0 57199238.0 96496224.0 77182106.0 71590737.0 17425663.0 60400301.0 53440630.0 54082133.0 20118715.0 37740341.0 105981673.0 94629642.0 110480358.0 83927257.0 135805924.0 141924229.0 59968354.0 43665199.0 81625019.0 94897541.0 59221476.0 125335043.0 107257750.0 90218115.0 139079388.0 83491756.0 94003238.0 92909107.0 63853102.0 68589278.0 149198092.0 87329447.0 23998901.0 62768226.0 77847871.0 53860201.0 58106417.0 75014316.0 6941570.0 88285332.0 59458104.0 35047080.0 140201529.0 101981207.0 23761447.0 38411560.0 86657652.0 57798924.0 118011569.0 32738809.0 77898598.0 159744268.0 64829401.0 18580663.0 78687076.0 156596516.0 29157922.0 94368892.0 99431278.0 158794006.0 59526476.0 138324136.0 79510591.0 129460625.0 60957161.0 98891188.0 140214296.0 76815796.0 73536150.0 125646655.0 113459445.0 32585753.0 130406647.0 128527734.0 82526719.0 128241773.0 90245041.0 94189474.0 67686767.0 96535347.0 84737836.0 54802508.0 84929090.0 162514293.0 98060469.0 72901028.0 92690268.0 33213266.0 124205816.0 37623894.0 81515945.0 107406297.0 96262059.0 59144041.0 78650715.0 
74159893.0 51305285.0 102315136.0 93465598.0 57199238.0 0 74571667.0 63053547.0 42188542.0 51646738.0 36786409.0 78634452.0 99050219.0 37166105.0 74362701.0 59274840.0 58157059.0 63515070.0 61341483.0 103459160.0 138475553.0 59880493.0 52356500.0 69012097.0 58692448.0 91562882.0 85530801.0 63678853.0 116857020.0 100887289.0 120876087.0 130863425.0 63173725.0 49987839.0 115984412.0 135672465.0 91912754.0 66769043.0 68129862.0 77172303.0 38137607.0 35317699.0 57882278.0 53331547.0 70650182.0 53976697.0 55056885.0 128755305.0 82332275.0 51762534.0 77240283.0 109214757.0 31187845.0 71929574.0 75787912.0 119837572.0 149122284.0 40190573.0 49177091.0 113972271.0 109406398.0 28041316.0 60026817.0 54629011.0 147674581.0 62425818.0 137226021.0 121214072.0 90008760.0 34957181.0 69534722.0 94409100.0 54035815.0 48166300.0 83671402.0 109316734.0 73421306.0 83889799.0 105961753.0 114082279.0 130515483.0 89132044.0 60836616.0 107419111.0 127474991.0 81397432.0 86505230.0 37963802.0 116051980.0 118411882.0 91868056.0 139200011.0 37484695.0 81798670.0 83837712.0 71108008.0 125527226.0 86945221.0 32853767.0 124249928.0 
78915606.0 55931574.0 168978845.0 166735358.0 96496224.0 74571667.0 0 136382718.0 93600086.0 81234400.0 45885404.0 90185895.0 147782730.0 94382519.0 132262059.0 73509874.0 37958233.0 91247335.0 132032396.0 162329437.0 211673285.0 131440042.0 61220633.0 142141424.0 65717808.0 153518951.0 133448873.0 57763939.0 183619626.0 151539182.0 179985740.0 188591286.0 36950395.0 89850817.0 158670660.0 206268519.0 165158745.0 120462157.0 49373769.0 148464959.0 47001740.0 48250215.0 96694486.0 89929361.0 24967907.0 82823279.0 117172103.0 200226902.0 10031252.0 104829306.0 84422930.0 178108478.0 105695562.0 71154574.0 103632485.0 172317943.0 220305232.0 112329305.0 94484699.0 173443489.0 125235029.0 96392069.0 45282117.0 101262133.0 218713716.0 42748080.0 210596625.0 175069668.0 140660653.0 109528848.0 125121991.0 124701599.0 125705313.0 58695912.0 129994361.0 50564228.0 128153519.0 112301005.0 173156172.0 178025896.0 203638318.0 162254879.0 62208625.0 164042806.0 192053545.0 154943241.0 149813053.0 82228617.0 134137373.0 188365975.0 161719473.0 180213031.0 87197226.0 127510841.0 116085025.0 145679675.0 196229086.0 27665005.0 41717900.0 171261554.0 
100494579.0 103809978.0 53861862.0 35193582.0 77182106.0 63053547.0 136382718.0 0 50030312.0 77362751.0 99693743.0 120350757.0 90672459.0 62676792.0 67524764.0 100845483.0 117133106.0 89181952.0 18714545.0 69594355.0 75446818.0 28408726.0 83651953.0 6506281.0 92580745.0 62348209.0 75933244.0 112475495.0 84527173.0 81301918.0 96419385.0 106930867.0 125098691.0 49203816.0 114872820.0 75873988.0 36822115.0 72976998.0 121286984.0 14982106.0 95936947.0 98068372.0 49981492.0 81944312.0 133671852.0 54783115.0 56167585.0 74257415.0 145385822.0 71790673.0 107673362.0 67411858.0 34388237.0 113994022.0 106697095.0 106351734.0 88173381.0 25248283.0 78467538.0 91222351.0 126614217.0 61033088.0 120117552.0 67907891.0 86911112.0 116909924.0 74213907.0 105382228.0 74879750.0 29556715.0 47920350.0 102422960.0 26850469.0 82407651.0 78052835.0 170727051.0 63038529.0 98273008.0 56066813.0 82361602.0 68937993.0 28858892.0 95080561.0 90720301.0 91593355.0 19640486.0 64607574.0 70335849.0 128365373.0 70774920.0 59033230.0 136596808.0 62782107.0 77595552.0 106409020.0 13534032.0 74894380.0 149321345.0 95907314.0 120141886.0 
86295634.0 54228978.0 77585816.0 85223894.0 71590737.0 42188542.0 93600086.0 50030312.0 0 63321916.0 64164411.0 107995988.0 113661648.0 53104863.0 89530622.0 51745880.0 69456498.0 43978546.0 43467858.0 74133141.0 121841357.0 60966173.0 50145566.0 56536593.0 50814041.0 96602199.0 63578569.0 62455238.0 120335391.0 78248220.0 131165380.0 141621375.0 81060511.0 7799297.0 134497989.0 113900173.0 84570863.0 85548848.0 93136811.0 65012418.0 57095080.0 63474979.0 30142477.0 68427407.0 93172949.0 17011732.0 70094579.0 107783352.0 102772228.0 73239309.0 95654097.0 110184018.0 21855980.0 64704627.0 102755839.0 134561466.0 127861907.0 27876561.0 74379908.0 124407681.0 87927505.0 44634817.0 73114350.0 31034256.0 125965956.0 86122736.0 121429173.0 135241882.0 67380798.0 22643169.0 45830098.0 71671507.0 35331934.0 34904174.0 60124057.0 134997182.0 83733197.0 60419613.0 80415620.0 120656004.0 116388215.0 76951861.0 47304858.0 120349748.0 132652869.0 69670798.0 96266189.0 20889987.0 92769066.0 117339222.0 92846429.0 158469762.0 40010312.0 66680114.0 109214631.0 62070155.0 122781750.0 111447843.0 59996907.0 142090589.0 
37174132.0 78590534.0 126258658.0 98011994.0 17425663.0 51646738.0 81234400.0 77362751.0 63321916.0 0 43060176.0 45829802.0 69888993.0 24725915.0 52861681.0 91197681.0 78104706.0 99992097.0 83523527.0 132630587.0 149361962.0 63706961.0 31618138.0 83869032.0 79423803.0 74866345.0 117767711.0 90964054.0 105063551.0 133100539.0 100592437.0 109872154.0 75599648.0 55522619.0 84969453.0 153236739.0 96383461.0 41249641.0 46498674.0 88044815.0 46119806.0 40696054.0 67138770.0 10484093.0 72754381.0 46919542.0 38360348.0 145075349.0 86528767.0 25331616.0 43461294.0 100873361.0 54162566.0 102977314.0 46323703.0 95003545.0 165367047.0 62693727.0 19736846.0 94407735.0 144174003.0 28324878.0 77082620.0 89453226.0 164210891.0 44841567.0 146619917.0 96851891.0 122802353.0 58035352.0 93940768.0 129540884.0 75387603.0 58062412.0 117639034.0 98773462.0 48586562.0 118972341.0 129205677.0 98700037.0 137971038.0 97508075.0 79122708.0 85050003.0 112739432.0 91999833.0 70803317.0 74440829.0 150768030.0 112276178.0 85843791.0 108554696.0 25159903.0 115945012.0 52922927.0 80682901.0 120462154.0 81290262.0 41798499.0 95432763.0 
50198205.0 43497482.0 137522449.0 128701254.0 60400301.0 36786409.0 45885404.0 99693743.0 64164411.0 43060176.0 0 67374123.0 112765994.0 55985436.0 95199672.0 61388511.0 47627296.0 76472396.0 97806181.0 135294040.0 175140561.0 92920111.0 22082011.0 105798506.0 51458973.0 115412639.0 110099849.0 55871050.0 145317352.0 128445931.0 143389874.0 152441954.0 32539472.0 58040493.0 126641278.0 172229102.0 127107944.0 84274012.0 36172682.0 110965560.0 7263530.0 2364811.0 65898891.0 53529483.0 38200651.0 50013051.0 79135520.0 165466043.0 48925585.0 68229662.0 58269781.0 139746609.0 67974254.0 69549477.0 75215035.0 137526626.0 185804607.0 76847067.0 59208672.0 136705587.0 119557002.0 57904212.0 34601020.0 78523091.0 184329549.0 29472930.0 173739119.0 139897336.0 117568600.0 71681047.0 96111358.0 111438708.0 90647514.0 33635724.0 108885169.0 73370064.0 90621324.0 99266034.0 141385909.0 140267881.0 166206996.0 124829428.0 50984660.0 127941884.0 154251835.0 117624807.0 111986625.0 58432599.0 126951167.0 149749116.0 123132598.0 149477346.0 48677524.0 106795067.0 86643312.0 107328053.0 157630960.0 53992333.0 4167504.0 137549268.0 
52127357.0 110035751.0 171219433.0 134642145.0 53440630.0 78634452.0 90185895.0 120350757.0 107995988.0 45829802.0 67374123.0 0 75557224.0 63914181.0 73326160.0 126765589.0 100991356.0 139840451.0 128602144.0 178460389.0 187780049.0 98253387.0 60865957.0 126739989.0 115790296.0 97957446.0 162639613.0 122274536.0 126018921.0 178565302.0 112822461.0 116878067.0 92373949.0 100804930.0 77275721.0 195360221.0 133088678.0 59584720.0 45162776.0 124476784.0 66348813.0 65009312.0 112057549.0 48291697.0 76785089.0 91592495.0 69560870.0 186530259.0 91722201.0 54432456.0 42768894.0 126531441.0 99895372.0 135977299.0 23238651.0 96701092.0 206327620.0 108523529.0 42167610.0 105916909.0 183577099.0 72722033.0 101975143.0 133091039.0 205403581.0 47437815.0 184193563.0 100530907.0 168141466.0 103536171.0 139720096.0 171720692.0 120466220.0 95164511.0 162268493.0 81009373.0 72366915.0 160392928.0 173939699.0 116524609.0 173679430.0 136661483.0 115213902.0 94183618.0 129501478.0 131295581.0 92440377.0 115357818.0 190471669.0 137918638.0 115467654.0 95808650.0 70989705.0 160428091.0 34344561.0 120129108.0 147184202.0 74665843.0 68396746.0 89998408.0 
74908456.0 145975069.0 142514122.0 83874588.0 54082133.0 99050219.0 147782730.0 90672459.0 113661648.0 69888993.0 112765994.0 75557224.0 0 64220702.0 24687518.0 155173251.0 147723311.0 155870047.0 107613307.0 160219088.0 134162157.0 62383542.0 94047564.0 95667890.0 143491685.0 35280104.0 160451092.0 158233867.0 54498261.0 169932106.0 37265237.0 41877960.0 145193921.0 105862351.0 24200361.0 151145064.0 82805581.0 38428958.0 105670998.0 86479878.0 106653266.0 110516244.0 114976493.0 59404900.0 138608111.0 101479248.0 45152974.0 141318039.0 152804784.0 52217583.0 71848816.0 63854099.0 92942271.0 167880384.0 52318573.0 34336339.0 160000432.0 96006436.0 53735956.0 30359685.0 200621709.0 71008903.0 146839297.0 140411748.0 157962750.0 107807787.0 128855458.0 27300772.0 161894474.0 94452736.0 130454593.0 181135712.0 101147995.0 123510996.0 161675964.0 154975246.0 32190663.0 173075791.0 143443247.0 52297393.0 117604907.0 91833501.0 143995320.0 18669519.0 59565986.0 92125428.0 29763035.0 130345908.0 205404456.0 70012586.0 56317195.0 47610098.0 77315253.0 160579421.0 42034266.0 82018818.0 80532415.0 143566650.0 111572882.0 29469427.0 
43523656.0 82433163.0 107371086.0 77559211.0 20118715.0 37166105.0 94382519.0 62676792.0 53104863.0 24725915.0 55985436.0 63914181.0 64220702.0 0 42328330.0 91147071.0 86219738.0 92760181.0 64833005.0 115974114.0 128773911.0 39849639.0 34902243.0 64835408.0 80651685.0 59864069.0 106217950.0 94806731.0 89447437.0 119110893.0 90049203.0 99798014.0 88122459.0 45960309.0 84245244.0 132745024.0 75931034.0 35166646.0 67714876.0 63318900.0 48721906.0 53910134.0 55370898.0 27060285.0 88114687.0 40878479.0 24030882.0 124337674.0 101732319.0 24242798.0 51055638.0 84304673.0 37768137.0 103678335.0 52711203.0 88386484.0 144520801.0 44987175.0 23711982.0 83171757.0 138680591.0 9124789.0 87001264.0 80121137.0 143410452.0 64235905.0 126121931.0 89867380.0 109427492.0 40939208.0 78868763.0 121204608.0 56697081.0 59290294.0 106296175.0 118688566.0 42236053.0 111830476.0 110443080.0 84902409.0 116746675.0 76664857.0 80186090.0 75991119.0 98772931.0 70353606.0 56772190.0 67211721.0 144056555.0 94821002.0 67636164.0 108066412.0 13094551.0 104238578.0 57533936.0 61482812.0 102251741.0 100971488.0 54005746.0 92717099.0 
61973535.0 124590490.0 120362935.0 66966430.0 37740341.0 74362701.0 132262059.0 67524764.0 89530622.0 52861681.0 95199672.0 73326160.0 24687518.0 42328330.0 0 132443470.0 127718492.0 132268231.0 83509030.0 136707448.0 119727806.0 39337870.0 74189830.0 72622218.0 120775981.0 34661433.0 136045364.0 136573776.0 54196366.0 145622143.0 48451606.0 58963088.0 127674565.0 83156905.0 48138879.0 133183474.0 66186269.0 13741440.0 94692932.0 65154237.0 88274012.0 92843662.0 90485498.0 42400703.0 124280565.0 77850303.0 22706800.0 123552013.0 138012533.0 27530065.0 63836146.0 61962847.0 68301257.0 145439808.0 51242063.0 49072526.0 142626439.0 71587643.0 38976878.0 41546054.0 176261991.0 46321385.0 128094636.0 115900051.0 142687555.0 95745126.0 115204578.0 47660959.0 137482855.0 72214165.0 106035800.0 156523847.0 76930645.0 101341084.0 137007001.0 146723124.0 10365462.0 149578898.0 121618096.0 46862968.0 103903993.0 72564923.0 121589995.0 33830022.0 60551499.0 69503368.0 32582217.0 106716963.0 180924008.0 64799980.0 43412153.0 71251524.0 54515991.0 135891903.0 57784419.0 67368882.0 74099076.0 132480709.0 93361796.0 54156945.0 
107714252.0 24553371.0 114263616.0 135968532.0 105981673.0 59274840.0 73509874.0 100845483.0 51745880.0 91197681.0 61388511.0 126765589.0 155173251.0 91147071.0 132443470.0 0 39361948.0 39734530.0 88066845.0 100225970.0 168212712.0 111082397.0 68172226.0 104439037.0 15806482.0 144785978.0 65580427.0 25598888.0 170543665.0 84748679.0 178498548.0 188756089.0 54399471.0 54613794.0 174570951.0 154860367.0 134915597.0 126041872.0 97561193.0 115691684.0 62654696.0 62579351.0 52169266.0 99729849.0 79722886.0 55292217.0 113632947.0 151219490.0 79518309.0 111037374.0 116729238.0 161201116.0 73601860.0 21254757.0 130622627.0 178846042.0 169562706.0 76555387.0 107097695.0 171612064.0 61537832.0 86122085.0 44463003.0 40077725.0 167706629.0 89687470.0 169059123.0 180030459.0 75000056.0 73761695.0 69672436.0 55368532.0 85213651.0 33135269.0 62843170.0 120204894.0 126782878.0 42917511.0 118172529.0 169742770.0 165371400.0 127479954.0 12297299.0 165935423.0 182378270.0 120267140.0 143421388.0 33806500.0 66098443.0 168546989.0 143577913.0 198338523.0 78052520.0 60732320.0 140387426.0 113341783.0 174056089.0 98914510.0 58850122.0 183524768.0 
85903106.0 20219168.0 143254660.0 150124047.0 94629642.0 58157059.0 37958233.0 117133106.0 69456498.0 78104706.0 47627296.0 100991356.0 147723311.0 86219738.0 127718492.0 39361948.0 0 61589914.0 109882420.0 134210305.0 190686042.0 117989481.0 56048994.0 122248544.0 35730661.0 145682002.0 103461726.0 31345473.0 174673396.0 121698666.0 175987288.0 185474342.0 15087824.0 68290917.0 162005176.0 182316307.0 148634694.0 117973695.0 65726407.0 130627410.0 41226390.0 49991440.0 72562689.0 88558846.0 46059588.0 73792013.0 110250620.0 177170617.0 40212775.0 101825054.0 93650182.0 167357812.0 84673856.0 41706093.0 110938327.0 171820759.0 196733493.0 92203095.0 93987355.0 169264546.0 95490743.0 86198375.0 25125253.0 72623556.0 195008694.0 56830867.0 190436851.0 173864103.0 111371423.0 87870164.0 98673061.0 94219886.0 104216287.0 35043727.0 100007214.0 80893247.0 122689664.0 81747737.0 147609516.0 171122147.0 184680256.0 144133139.0 32291212.0 161543441.0 184692898.0 136536736.0 142990160.0 54894544.0 103738284.0 176568459.0 150025115.0 185135941.0 81940732.0 97835666.0 122495073.0 127785434.0 183636214.0 61122548.0 46510230.0 172803555.0 
117640426.0 41554774.0 93684115.0 124312677.0 110480358.0 63515070.0 91247335.0 89181952.0 43978546.0 99992097.0 76472396.0 139840451.0 155870047.0 92760181.0 132268231.0 39734530.0 61589914.0 0 73813080.0 78090222.0 150976949.0 104594010.0 78974494.0 91628616.0 32807885.0 140542353.0 59886962.0 39187731.0 163738207.0 62166235.0 175142396.0 185599921.0 75649440.0 50007696.0 176531175.0 135658658.0 123054481.0 127517216.0 112626699.0 104141511.0 79774468.0 78837207.0 42971449.0 104641566.0 96724289.0 54417928.0 113243277.0 132555895.0 101060279.0 113736701.0 126998889.0 153254419.0 65834526.0 30519046.0 138449289.0 178098283.0 150293588.0 67704658.0 112214020.0 168386227.0 46351577.0 86035248.0 66650994.0 45706961.0 148255906.0 104019522.0 152550606.0 178758974.0 69170937.0 65896546.0 64658248.0 35035674.0 73894258.0 50408756.0 56517900.0 140805375.0 125941596.0 28697341.0 98244913.0 164253723.0 150030466.0 114512078.0 29298702.0 164132455.0 176184215.0 107740508.0 140244735.0 25551268.0 52626533.0 159261587.0 135580395.0 200654570.0 79665630.0 56558662.0 146878098.0 102401242.0 164053785.0 116608242.0 76115858.0 184810694.0 
107642994.0 94032420.0 42845396.0 51154772.0 83927257.0 61341483.0 132032396.0 18714545.0 43467858.0 83523527.0 97806181.0 128602144.0 107613307.0 64833005.0 83509030.0 88066845.0 109882420.0 73813080.0 0 53434426.0 84091490.0 45229765.0 80943147.0 25220826.0 80781430.0 81062754.0 57218699.0 101279361.0 96772970.0 63797388.0 115000268.0 125331989.0 119295154.0 42181579.0 131460739.0 74549431.0 50234887.0 87110930.0 123919854.0 33696651.0 92329311.0 96659182.0 37463568.0 82533488.0 130908492.0 51017958.0 70110295.0 68194506.0 141492352.0 81536597.0 115681136.0 86126403.0 30758093.0 100683008.0 116664197.0 124332566.0 88348214.0 21640647.0 88110972.0 109066306.0 107899672.0 55880410.0 113285612.0 51943961.0 87330048.0 118434819.0 81565750.0 123459711.0 56165205.0 26874039.0 29212942.0 84198240.0 8135924.0 74838693.0 59409914.0 170654471.0 78568914.0 80728829.0 45793893.0 100692985.0 77315727.0 44539077.0 83765115.0 108742911.0 109887647.0 34435747.0 82434346.0 58485206.0 110140653.0 89106303.0 68503991.0 153776295.0 58783586.0 59013203.0 119284575.0 31865415.0 91776555.0 148286704.0 93638677.0 136000764.0 
156962248.0 114641560.0 26949427.0 90422639.0 135805924.0 103459160.0 162329437.0 69594355.0 74133141.0 132630587.0 135294040.0 178460389.0 160219088.0 115974114.0 136707448.0 100225970.0 134210305.0 78090222.0 53434426.0 0 88902912.0 97844547.0 123932837.0 70432920.0 100050158.0 131598522.0 38538309.0 116701230.0 141083592.0 22731035.0 164090109.0 173784421.0 147382888.0 80704982.0 184371253.0 64812247.0 90254608.0 140530484.0 167234157.0 78020296.0 131154940.0 134738430.0 69862233.0 133469866.0 164638134.0 89796484.0 123260795.0 65794648.0 172360689.0 133997072.0 166140489.0 128294662.0 80859687.0 108417540.0 168544626.0 175496382.0 79696191.0 71772100.0 139686096.0 158475278.0 87642577.0 108035566.0 139441974.0 61586749.0 77658509.0 160253660.0 93373607.0 174632541.0 33609564.0 75151934.0 39754122.0 63790794.0 61570350.0 104423677.0 39703384.0 207825754.0 132003340.0 68907258.0 30230657.0 147481461.0 96124597.0 78693447.0 102411553.0 159829718.0 154597821.0 76014067.0 134058450.0 80146742.0 85568614.0 128847569.0 115283122.0 206189604.0 107503064.0 57643898.0 171787844.0 81515021.0 129019909.0 183801383.0 131163849.0 189435190.0 
170365375.0 175315441.0 64627595.0 53320232.0 141924229.0 138475553.0 211673285.0 75446818.0 121841357.0 149361962.0 175140561.0 187780049.0 134162157.0 128773911.0 119727806.0 168212712.0 190686042.0 150976949.0 84091490.0 88902912.0 0 90997941.0 155940709.0 79144886.0 163567841.0 99657280.0 119260420.0 182144715.0 88783976.0 111270618.0 118058975.0 124819919.0 199722359.0 122675090.0 155590475.0 29893043.0 54823440.0 131014269.0 195066243.0 65455011.0 169245620.0 173506062.0 119386376.0 144559062.0 209113320.0 128878812.0 118440705.0 23965648.0 220807828.0 135014380.0 176019012.0 78582654.0 107687820.0 180248310.0 169321682.0 136812960.0 30031216.0 99343980.0 146550054.0 115830510.0 173925616.0 122126221.0 194114196.0 129261503.0 27993534.0 191476223.0 6646895.0 133716363.0 112326155.0 104577372.0 99501923.0 149488621.0 86509423.0 155835034.0 122601669.0 245629919.0 118118395.0 151081440.0 74210951.0 100088032.0 18638984.0 56103969.0 164818662.0 123452130.0 98976851.0 58451266.0 104841785.0 139317449.0 173234117.0 70770237.0 77964606.0 170337602.0 129136803.0 123479732.0 165537352.0 69773634.0 64764875.0 224638286.0 171329320.0 153607983.0 
80628146.0 108903905.0 81331788.0 37798871.0 59968354.0 59880493.0 131440042.0 28408726.0 60966173.0 63706961.0 92920111.0 98253387.0 62383542.0 39849639.0 39337870.0 111082397.0 117989481.0 104594010.0 45229765.0 97844547.0 90997941.0 0 71204284.0 33284348.0 100925672.0 37455630.0 100515411.0 119489432.0 59520173.0 108157346.0 71925448.0 82428988.0 122566377.0 56498535.0 86583903.0 99407304.0 36174501.0 47147966.0 106607165.0 36486974.0 85715880.0 91596104.0 61622569.0 53938107.0 126428137.0 65710970.0 29862098.0 89533320.0 139287590.0 45848316.0 86234556.0 50118719.0 39121513.0 124546386.0 80951541.0 79632203.0 108411727.0 38011106.0 57519224.0 66092266.0 145978522.0 35382083.0 119899189.0 85628620.0 107352092.0 104085544.0 86753668.0 78934743.0 101394970.0 38712524.0 69747463.0 124445823.0 46805521.0 87204336.0 103969923.0 158486200.0 34832432.0 118009153.0 82863901.0 59689831.0 77840334.0 38411490.0 102436417.0 64042609.0 71686857.0 38091868.0 37733983.0 81553644.0 149593472.0 58695644.0 32495516.0 108546530.0 44242816.0 101200148.0 79982983.0 41942758.0 65646733.0 139849461.0 89739801.0 91852969.0 
41712813.0 57495763.0 122504525.0 107550597.0 43665199.0 52356500.0 61220633.0 83651953.0 50145566.0 31618138.0 22082011.0 60865957.0 94047564.0 34902243.0 74189830.0 68172226.0 56048994.0 78974494.0 80943147.0 123932837.0 155940709.0 71204284.0 0 86524512.0 56610183.0 93566842.0 103785109.0 66932709.0 123429124.0 120697490.0 122499649.0 131903655.0 53887755.0 43341658.0 109097578.0 154621256.0 107378785.0 64094462.0 46423847.0 90485698.0 14822604.0 24446822.0 54420238.0 36723629.0 55787435.0 34136353.0 57375509.0 147418877.0 68168901.0 47946069.0 49544090.0 119206916.0 50185054.0 79111381.0 62461417.0 117941774.0 167721420.0 59325008.0 43248119.0 115735884.0 123366470.0 35822201.0 53986993.0 75237008.0 166352102.0 37528307.0 153628644.0 119985084.0 110504155.0 54095238.0 84191273.0 111007848.0 73260866.0 35248792.0 102705566.0 90525406.0 74556271.0 99526971.0 126164593.0 118560147.0 145612717.0 104362484.0 55930801.0 107422533.0 132502129.0 97520404.0 90301156.0 57014774.0 129957330.0 128500814.0 101070026.0 132914985.0 27060525.0 101880662.0 72448661.0 86365373.0 135593761.0 69278450.0 19502733.0 119467027.0 
106960721.0 108456218.0 60368143.0 32684061.0 81625019.0 69012097.0 142141424.0 6506281.0 56536593.0 83869032.0 105798506.0 126739989.0 95667890.0 64835408.0 72622218.0 104439037.0 122248544.0 91628616.0 25220826.0 70432920.0 79144886.0 33284348.0 86524512.0 0 96201136.0 67050905.0 79155218.0 116617069.0 83194380.0 79063403.0 98678874.0 109190356.0 130448015.0 54100258.0 119204921.0 69367724.0 31702395.0 78571938.0 127743131.0 21488387.0 101347116.0 104150197.0 52485680.0 81209213.0 139661981.0 59604529.0 61898056.0 74162747.0 151186864.0 75933943.0 114088658.0 69786824.0 40894518.0 117429239.0 111772007.0 109634050.0 81667100.0 31754564.0 84973819.0 93003265.0 126493557.0 55710619.0 125359879.0 73122494.0 80426655.0 123302257.0 72497991.0 108374148.0 76279359.0 36062996.0 53808641.0 102774047.0 31298356.0 87383443.0 78631913.0 177036410.0 68113111.0 99514018.0 49579553.0 83080941.0 62431712.0 23040917.0 99710319.0 94203734.0 95113967.0 25689194.0 67895108.0 74136067.0 128641608.0 70189481.0 56167722.0 140447274.0 61182274.0 78007585.0 112296975.0 20040313.0 73188456.0 155509639.0 101853804.0 122520738.0 
97926598.0 15765255.0 110531571.0 127053930.0 94897541.0 58692448.0 65717808.0 92580745.0 50814041.0 79423803.0 51458973.0 115790296.0 143491685.0 80651685.0 120775981.0 15806482.0 35730661.0 32807885.0 80781430.0 100050158.0 163567841.0 100925672.0 56610183.0 96201136.0 0 133636001.0 67731065.0 21196519.0 159876629.0 85972001.0 167106318.0 177451444.0 49975313.0 44427137.0 162949775.0 150303777.0 125709699.0 114245592.0 87544582.0 107562851.0 51969943.0 52412412.0 54525048.0 87955971.0 70934770.0 44135629.0 102025096.0 146167823.0 75450797.0 99028742.0 105797599.0 150591958.0 62355519.0 24665863.0 118977969.0 167110110.0 165164493.0 67332462.0 95117358.0 160200766.0 68209777.0 74454596.0 40653567.0 44391603.0 163126811.0 79520531.0 162290510.0 168388927.0 76992697.0 64410168.0 65265746.0 61088017.0 77058418.0 21361391.0 64276553.0 115091158.0 115080422.0 48663748.0 114400791.0 158586182.0 157942545.0 119242053.0 3509183.0 154318939.0 172015168.0 111871408.0 132269685.0 32874661.0 75512999.0 158436762.0 132941848.0 186353346.0 68258396.0 62105005.0 129058844.0 104124960.0 164290221.0 90818868.0 50326339.0 171643017.0 
86392850.0 139869687.0 111099772.0 49526630.0 59221476.0 91562882.0 153518951.0 62348209.0 96602199.0 74866345.0 115412639.0 97957446.0 35280104.0 59864069.0 34661433.0 144785978.0 145682002.0 140542353.0 81062754.0 131598522.0 99657280.0 37455630.0 93566842.0 67050905.0 133636001.0 0 136909031.0 151292014.0 45150287.0 143616182.0 35637793.0 46149275.0 147394061.0 91034693.0 57396834.0 116756500.0 48531678.0 38443483.0 118532226.0 53578226.0 108270100.0 113112233.0 97570904.0 64818829.0 146218632.0 93651125.0 36505997.0 107086227.0 159865971.0 50546242.0 88547818.0 39608133.0 74746219.0 158301864.0 75577163.0 44382786.0 125413985.0 74694019.0 62811088.0 28874142.0 182637431.0 63980983.0 146865333.0 122136305.0 123376303.0 118747952.0 94517401.0 43034019.0 136726714.0 74905549.0 106922800.0 160972307.0 77754246.0 116936235.0 138667208.0 170847102.0 27733824.0 154692066.0 111921852.0 33798529.0 82792935.0 59291485.0 135141802.0 28715966.0 39029281.0 58937157.0 5517069.0 116404990.0 186371486.0 50995330.0 21730748.0 76249121.0 70039230.0 137914702.0 69031959.0 67333230.0 56349111.0 155405193.0 113069345.0 58340801.0 
140976714.0 83496320.0 57272048.0 106339373.0 125335043.0 85530801.0 133448873.0 75933244.0 63578569.0 117767711.0 110099849.0 162639613.0 160451092.0 106217950.0 136045364.0 65580427.0 103461726.0 59886962.0 57218699.0 38538309.0 119260420.0 100515411.0 103785109.0 79155218.0 67731065.0 136909031.0 0 83972227.0 153633625.0 20418127.0 171816602.0 182121500.0 116422402.0 71377866.0 183793040.0 99026846.0 105689794.0 136156402.0 144963471.0 88944268.0 107433377.0 109917899.0 50847052.0 121346907.0 135813729.0 71067237.0 119626977.0 97914532.0 141874131.0 125819116.0 150195491.0 141301313.0 68792279.0 72795908.0 157186517.0 179542552.0 113300668.0 67539672.0 129929932.0 165507463.0 59151949.0 97435627.0 108384632.0 49320261.0 111287077.0 136753001.0 122213529.0 179136081.0 9539598.0 70956177.0 44031146.0 34405194.0 61065854.0 76816203.0 3454512.0 179798101.0 130328581.0 32857724.0 61631567.0 157604966.0 122662674.0 95089786.0 71240248.0 164243947.0 167083561.0 89837610.0 138098953.0 51897416.0 60347607.0 144820880.0 125722690.0 207057671.0 99674786.0 59631078.0 162958937.0 89024238.0 147117256.0 155634536.0 106056035.0 189759482.0 
104452736.0 12373568.0 129299711.0 147216440.0 107257750.0 63678853.0 57763939.0 112475495.0 62455238.0 90964054.0 55871050.0 122274536.0 158233867.0 94806731.0 136573776.0 25598888.0 31345473.0 39187731.0 101279361.0 116701230.0 182144715.0 119489432.0 66932709.0 116617069.0 21196519.0 151292014.0 83972227.0 0 178861381.0 101349365.0 183924115.0 193948318.0 40506198.0 64311560.0 175644650.0 170145615.0 145863728.0 128845900.0 88772617.0 127023768.0 62434126.0 57400007.0 64195617.0 100316180.0 66003981.0 64989781.0 118569400.0 166060118.0 64752364.0 113028400.0 113756275.0 169608151.0 82043042.0 16398452.0 128887927.0 182460639.0 184809535.0 87494972.0 107406151.0 177019246.0 70658475.0 91010692.0 36295553.0 55884068.0 182985651.0 79877077.0 182763336.0 184006151.0 91607969.0 84034294.0 85802954.0 70299333.0 97519674.0 38197426.0 85473072.0 106124114.0 131115655.0 57827184.0 133808100.0 176466206.0 178433749.0 139407099.0 17687336.0 170396105.0 189682904.0 132093569.0 149474606.0 43028538.0 78674158.0 177827915.0 151984948.0 199427575.0 82190466.0 77339668.0 139081911.0 124229547.0 183977744.0 82700134.0 57905606.0 185736570.0 
116169901.0 167433727.0 117774860.0 51960671.0 90218115.0 116857020.0 183619626.0 84527173.0 120335391.0 105063551.0 145317352.0 126018921.0 54498261.0 89447437.0 54196366.0 170543665.0 174673396.0 163738207.0 96772970.0 141083592.0 88783976.0 59520173.0 123429124.0 83194380.0 159876629.0 45150287.0 153633625.0 178861381.0 0 157854921.0 29557796.0 40069278.0 177034203.0 116018708.0 71188978.0 111885912.0 52320395.0 67863478.0 148714865.0 74696429.0 138157130.0 143042007.0 120766758.0 95158607.0 176484189.0 116187806.0 66703203.0 102221964.0 190093257.0 80815002.0 117686996.0 29416556.0 98544318.0 183995506.0 105438429.0 49293064.0 115224665.0 96582512.0 92798561.0 28430383.0 203206915.0 89371331.0 175901254.0 143744384.0 115415110.0 148995768.0 82537276.0 45606791.0 152488067.0 97841661.0 123392146.0 180206269.0 93779356.0 145088478.0 155868302.0 200919490.0 58157718.0 175415377.0 116556136.0 42308143.0 70699417.0 62482570.0 161632013.0 40249972.0 13572112.0 67661723.0 39633218.0 141016283.0 206073510.0 18013739.0 28268979.0 82262394.0 98814710.0 155688450.0 96532527.0 70993141.0 26034154.0 185731351.0 142829615.0 66513656.0 
156905011.0 101737256.0 48678528.0 108652644.0 139079388.0 100887289.0 151539182.0 81301918.0 78248220.0 133100539.0 128445931.0 178565302.0 169932106.0 119110893.0 145622143.0 84748679.0 121698666.0 62166235.0 63797388.0 22731035.0 111270618.0 108157346.0 120697490.0 79063403.0 85972001.0 143616182.0 20418127.0 101349365.0 157854921.0 0 177716147.0 187859519.0 135947314.0 78235631.0 193761022.0 87534028.0 107024111.0 147439196.0 162572153.0 93013719.0 125290680.0 128276100.0 66613244.0 136338614.0 154966461.0 87217384.0 130271769.0 88525683.0 161209123.0 138645842.0 165907781.0 144232785.0 81405377.0 91628995.0 171815007.0 187356955.0 101277433.0 75581514.0 142816518.0 171799025.0 64911542.0 109986104.0 126621410.0 50659192.0 99241180.0 154910602.0 115097188.0 186650201.0 10878529.0 78573696.0 40414933.0 45207191.0 68801920.0 95636540.0 21910227.0 198925128.0 140716516.0 48771092.0 52508984.0 162144344.0 117213605.0 97995900.0 89481184.0 171796041.0 170565735.0 91755988.0 145487415.0 70649383.0 62837579.0 146329991.0 129958224.0 216453162.0 109456489.0 40394340.0 176271987.0 93498540.0 149077455.0 174635493.0 124471737.0 198808664.0 
105729499.0 172149797.0 141959224.0 77042398.0 83491756.0 120876087.0 179985740.0 96419385.0 131165380.0 100592437.0 143389874.0 112822461.0 37265237.0 90049203.0 48451606.0 178498548.0 175987288.0 175142396.0 115000268.0 164090109.0 118058975.0 71925448.0 122499649.0 98678874.0 167106318.0 35637793.0 171816602.0 183924115.0 29557796.0 177716147.0 0 10511482.0 175926598.0 125472342.0 44248222.0 140465803.0 76655953.0 62193046.0 139495758.0 87363007.0 136526045.0 141246328.0 132528013.0 90433326.0 171494913.0 123421727.0 66047104.0 130691607.0 185279244.0 75981671.0 106248239.0 40673674.0 109601944.0 191734153.0 89583810.0 27948731.0 144485292.0 109936554.0 85637692.0 6905552.0 217728894.0 92931898.0 176404455.0 157145484.0 144588060.0 141517851.0 112003034.0 26514117.0 171165247.0 110001446.0 141014847.0 196076791.0 111673122.0 148619909.0 173556871.0 189942357.0 53312029.0 189754853.0 141824742.0 18401360.0 100010945.0 87003603.0 168295049.0 18725141.0 23001205.0 88175194.0 35287671.0 150813053.0 221487767.0 47571535.0 48806987.0 52806836.0 101783127.0 172836206.0 79299463.0 85663857.0 55179190.0 177960431.0 141809885.0 45019876.0 
113145960.0 182076384.0 151701977.0 85520925.0 94003238.0 130863425.0 188591286.0 106930867.0 141621375.0 109872154.0 152441954.0 116878067.0 41877960.0 99798014.0 58963088.0 188756089.0 185474342.0 185599921.0 125331989.0 173784421.0 124819919.0 82428988.0 131903655.0 109190356.0 177451444.0 46149275.0 182121500.0 193948318.0 40069278.0 187859519.0 10511482.0 0 184979209.0 135983824.0 46490973.0 148316887.0 85621099.0 72704528.0 146963763.0 95887866.0 145668055.0 150077143.0 142999690.0 99901029.0 180240028.0 133531117.0 75886952.0 138624544.0 194010461.0 86206763.0 113221918.0 48801823.0 120084928.0 201937719.0 93691675.0 38460213.0 151601344.0 120317451.0 95613916.0 17417034.0 228239171.0 102996848.0 185760269.0 167656966.0 151825783.0 149413754.0 118534300.0 22119937.0 181497194.0 120431190.0 151435226.0 206588273.0 121088361.0 158623510.0 184007356.0 196704137.0 62999120.0 200266335.0 151204781.0 28912842.0 106743382.0 96396311.0 178529372.0 29236623.0 33512687.0 97911669.0 45722261.0 161256347.0 231997724.0 54057704.0 58527767.0 49113837.0 111988627.0 183287546.0 82533506.0 96175339.0 60682596.0 185428436.0 150826384.0 36479380.0 
79853361.0 34928253.0 154934510.0 156639323.0 92909107.0 63173725.0 36950395.0 125098691.0 81060511.0 75599648.0 32539472.0 92373949.0 145193921.0 88122459.0 127674565.0 54399471.0 15087824.0 75649440.0 119295154.0 147382888.0 199722359.0 122566377.0 53887755.0 130448015.0 49975313.0 147394061.0 116422402.0 40506198.0 177034203.0 135947314.0 175926598.0 184979209.0 0 77113575.0 158472678.0 192984298.0 155041819.0 116809002.0 57143626.0 137697479.0 39400553.0 34903616.0 83663968.0 86068463.0 40402768.0 70843547.0 111152416.0 187271131.0 26919600.0 100768467.0 86570020.0 170691035.0 92284359.0 56243009.0 104943938.0 169942594.0 207279954.0 100378379.0 91747477.0 169206232.0 110432063.0 89059191.0 10037429.0 87536049.0 205564184.0 48248086.0 198958915.0 172419698.0 125962000.0 95541976.0 110714771.0 109181678.0 113235068.0 48533629.0 114203281.0 65805423.0 123160796.0 96764393.0 159175920.0 172433103.0 192570106.0 151333281.0 47184325.0 160481201.0 186352472.0 143950764.0 144158774.0 67380356.0 118422021.0 180494412.0 154615778.0 180690486.0 79882007.0 112080318.0 117022248.0 134281733.0 188020518.0 47829373.0 34385022.0 169434732.0 
78669380.0 54772926.0 81439408.0 83306902.0 63853102.0 49987839.0 89850817.0 49203816.0 7799297.0 55522619.0 58040493.0 100804930.0 105862351.0 45960309.0 83156905.0 54613794.0 68290917.0 50007696.0 42181579.0 80704982.0 122675090.0 56498535.0 43341658.0 54100258.0 44427137.0 91034693.0 71377866.0 64311560.0 116018708.0 78235631.0 125472342.0 135983824.0 77113575.0 0 127409336.0 116497997.0 81910487.0 78395007.0 86741126.0 63280978.0 51961956.0 55675682.0 24532044.0 60628110.0 89087967.0 9212435.0 63235581.0 110376085.0 99366533.0 66458395.0 88027843.0 106617254.0 29655277.0 68078309.0 95210589.0 128101456.0 130529793.0 25216423.0 66602588.0 119908835.0 95726802.0 36835520.0 71439106.0 35578176.0 129152763.0 80129016.0 122272101.0 128760753.0 67743888.0 19983031.0 53461165.0 79470804.0 36165667.0 33283185.0 67923354.0 130025414.0 75933900.0 68218910.0 84734680.0 116188366.0 116531970.0 76194850.0 46624224.0 114140851.0 127990035.0 68787870.0 94232518.0 25370297.0 100568363.0 114039567.0 88994051.0 151387048.0 46278899.0 60709070.0 101452877.0 60265921.0 120336928.0 106878578.0 57245796.0 135232097.0 
