101
mlibf sxdiu qpbmc uiogl uklga maqho yqtob mujil tmwdy fjdqi xlrzc oxitr nqtru bdevm ayrgb lnjxt armnk gdnim zqjxb yqfdk drojn ohzfn jcwpu wotiq joztf pytwh cxdes tndwl qhibx aedvq ymcfp stflc wajol kscoz mtcsd pgqva btwzv ahnds utdhx rjuxc dkjro xnpwq frhgc osvgp bsvth rjdai qckjp lmwpk wnelr rlumh syoxf qbdwz zcjqx yazqf vgwoi bkfuc cihba dbjxw gufvs kjihy iyuas syoxv zntkr jhlus ebwcp bwknx amfiz cqsby wkbuf kzwah yvbse htkwy oewcd rchbw oaeyh evtgj cxajk pihld lpudv qsmkj mhekz vcwfj ehqyk gdovn gstwp hwmzn tkwle mhuad oxuqn tjake wdquv xcvow evsbm wcjeg rzvtg vobqh osxbc ktzce ypdnb qhvsb hdpxs
0 22.26464 86.21678 30.26334 48.0653 92.40796 65.84419 88.74504 14.96017 48.60402 92.94363 95.83949 11.82479 44.83547 57.74923 60.99829 73.67128 91.6783 51.335789999999996 38.71845 89.25134 33.62409 104.22847 40.45161 109.97856 27.47534 71.29247 100.34965 112.93365 105.13161 56.26296 79.37864 101.68565 101.66715 123.73389 84.61906 65.81201 52.16188 91.72687 39.85038 31.55067 40.0843 71.61771 72.5752 81.47531 111.93892 43.31649 62.97942 87.22279 7.53135 84.32084 99.61219 40.84799 65.88265 26.79634 77.56403 89.14177 63.02802 81.99480000000001 78.06278 37.1518 83.67213 98.48329 53.05067 45.44718 42.88532 69.9475 53.42036 81.10363 88.45095 91.14768000000001 78.80196 70.86707 72.19439 119.42646 117.50301 112.79764 95.32149 91.48453 84.24297 81.94508 83.01256 35.7259 96.46956 24.87975 19.1874 75.30483 65.40416 54.72759 66.07384 37.29937 95.28163 94.92231 96.42352 53.356570000000005 84.89515 89.76052999999999 29.91079 49.72769 82.71815 95.20891 
22.26464 0 69.16349 10.69465 30.42467 79.29496 44.60247 70.29623 11.48839 42.85692 72.71135 74.20974 10.4402 31.54868 50.81524 43.93448 61.65016 83.07489 33.26519 30.42434 68.52732 11.39835 84.68942 20.82188 90.45832 22.74933 66.09939 79.04060000000001 92.16806 86.8253 37.66865 71.43499 87.63747 81.77834 102.38169 74.03814 53.16445 30.57058 69.52542 23.706 9.4879 18.87559 49.66096 65.50547 59.569720000000004 90.90611000000001 24.48854 41.30271 65.80152 14.77251 77.37964 85.70245 37.001670000000004 46.33838 11.39537 66.46935 67.76823 42.15891 67.33485 62.12602 14.89297 68.93781 77.11231 34.48517 30.69955 21.08999 49.89408 31.26119 63.97928 70.49543 81.07844 56.62821 65.3418 51.14615 97.75046 97.83815 93.74008 76.9021 82.22696 62.13643 67.09636 60.75294 24.83733 74.71621 22.3614 4.97978 62.71641 59.668 50.35182 59.18779 18.73027 78.27137 85.15 74.89095 47.26094 63.85361 68.57823 13.220379999999999 40.89088 62.38313 74.53361 
86.21678 69.16349 0 58.50641 38.83273 21.32981 33.92305 8.33236 71.38624 48.15387 21.87664 73.23011 76.78809 41.86463 42.61408 25.38666 23.94425 39.85799 35.8983 50.37202 25.10276 62.69522 23.85985 70.79879 28.39996 60.72641 46.54365 35.40256 38.29216 19.99999 31.68 38.37451 23.49931 24.30236 51.9719 29.37114 25.74862 44.18976 48.18403 46.54927 64.90275 51.75683 59.31145 40.53336 62.53217 39.82877 44.68531 61.68443 71.47496 80.56993 43.44129 22.45211 52.97411 25.26284 76.88366 26.624380000000002 72.91741 33.13208 12.02734 9.3989 60.15477 11.50901 35.19507 34.77026 40.82239 62.30062 74.67457 48.80203 5.1855 5.42725 33.71855 56.02546 45.39051 69.21716 52.42546 35.60041 29.11713 11.81976 37.1871 42.89593 11.23081 49.49181 51.14938 39.55455 63.6848 74.14234 21.56926 44.53992 49.18908 41.1723 50.483779999999996 9.12504 36.75719 36.31944 45.80829 27.58823 75.25918 57.74653 42.51274 21.344269999999998 82.92917 
30.26334 10.69465 58.50641 0 19.73281 68.79269 35.59927 59.84216 15.97845 35.20221 62.91841 70.49357 19.12401 21.65333 42.30155 33.24462 51.431110000000004 73.42886 22.61423 22.83284 59.04803 10.36916 74.59005 23.46725 80.36003 18.73203 57.75322 70.09088 82.73821 76.36984 27.12904 62.11496 77.01567 71.79789 93.47434 64.01524 42.9069 22.16845 62.43636 13.29192 10.77071 10.08313 45.54308 56.5481 55.34869 81.68901 13.89036 38.2972 62.64585 23.35711 68.27165 75.09588 29.39589 36.13997 20.31316 56.40076 64.6692 32.77023 56.69999 51.4334 11.8571 58.29377 68.23222 23.91933 20.39844 19.55581 49.13566 24.50821 53.32115 59.94735 71.11322 51.44602 56.89843 49.19203 89.25199 87.80669 83.48826 66.45446 72.45626 54.67222 56.44747 54.28119 16.77506 66.42523 19.7785 15.66827 52.37927 51.2958 42.83937 50.43147 8.03821 67.62133 75.22404 66.21184 39.21992 54.63562 65.81633 2.52573 32.11407 52.63235 72.47093 
48.0653 30.42467 38.83273 19.73281 0 49.86836 22.62328 40.70455 33.33959 27.70878 45.59461 67.09681 38.06036 10.45556 30.96782 13.51269 33.65677 57.02498 3.35411 19.66671 42.70308 25.61151 56.2832 36.65753 62.00888 25.78194 45.52512 54.82905 66.01334 57.15307 8.40494 47.07157 57.59214 53.95459 77.84259 46.61736 25.27746 16.018 52.13461 8.4201 27.47166 14.95997 43.61731 42.64831 52.07679 65.50246 6.34955 39.79075 60.89862 41.97433 53.45412 55.72839 26.24973 18.47257 39.05442 39.02407 62.88553 18.88961 37.27809 31.7403 24.04072 38.82863 53.1995 5.4168 7.29066 29.08581 53.27207 21.96756 33.64876 40.5498 53.773 46.48978 44.45316 50.66057 74.64278 69.56698 64.73505 47.29713 55.60685 43.98391 36.96724 46.07122 16.36389 52.75878 28.51251 35.40071 34.14752 39.45514 34.3697 37.52957 11.69478 47.95648 57.93465 51.7642 29.79452 39.20901 64.61365 18.91905 21.74896 35.71802 72.19782000000001 
92.40796 79.29496 21.32981 68.79269 49.86836 0 52.63217 29.08463 78.51642 46.64078 42.46235 94.45607 84.91988 48.27002 38.31569 37.32587 18.87279 20.09757 47.79569 53.81785 46.2915 75.3819 40.25311 85.57023 42.75446 65.08564 34.65994 55.63704 55.29803 31.86087 45.14728 23.67545 10.05405 42.37092 68.6366 12.86721 26.64307 59.98904 69.512 55.58955 77.27077 64.53189 79.21553 28.94483 83.26805 57.66148 56.14839 80.42513 92.35607 88.0674 26.38523 7.92587 53.54815 42.47375 88.74911 16.31088 93.8696 50.89994 13.30269 20.47288 73.55117 12.20274 55.72331 47.55945 48.64329 77.35424 93.91782 65.37397 24.14433 26.75706 13.75227 76.70482 33.86586 88.90837 70.63758 48.2539 40.96368 29.34166 17.31629 64.12191 13.91838 70.57973 56.8757 60.53976 67.87423 84.14366 17.10415 35.69422 44.26587 32.81307 61.00998 20.58276 15.93265 57.17803 42.68344 48.91222 96.184 67.35263 43.27521 42.60067 103.92798 
65.84419 44.60247 33.92305 35.59927 22.62328 52.63217 0 30.84227 51.44537 48.79835 28.90994 47.00432 54.44256 32.65133 49.82381 20.86762 43.10963 66.43436 19.87976 42.25342 24.1373 34.84783 41.71279 39.24116 47.35255 47.70836 61.76914 34.5173 47.62975 46.21692 16.1327 59.35722 57.15869 38.16843 57.89963 54.98241 37.06371 16.05084 29.52695 29.95218 37.28006 25.8415 27.03854 57.35278 33.05901 46.303689999999996 26.19126 27.90181 42.37268 58.77481 65.88672 55.8613 48.59472 10.70083 48.828190000000006 48.4879 44.19144 5.54748 39.51811 32.21836 31.49128 40.44604 32.63947 18.95201 29.61407 30.91098 41.28586 16.15281 29.76761 32.39589 61.50443 26.68482 60.57904 36.41712 53.70303 54.36612 51.33168 36.78642 64.30532 21.38063 38.81288 24.16474 38.78783 30.99795 50.21578 49.15089 42.24116 56.64395 54.40441 53.92683 29.39098 41.60915 65.41157 30.63308 49.75572 21.25561 46.26768 36.25604 42.254 18.78805 54.14596 
88.74504 70.29623 8.33236 59.84216 40.70455 29.08463 30.84227 0 73.79243 54.1016 13.57601 66.28257 78.6665 45.55869 49.4038 27.99502 31.75473 48.08778 37.49223 54.75605 17.2646 62.701750000000004 17.02688 69.45136 22.79768 64.46158 54.44156 27.07648 30.63772 16.53042 32.73456 46.63785 29.50228 16.60868 44.24766 37.6992 32.34937 42.95002 40.73681 48.90978 65.02364 52.05041 54.30052 48.52699 56.49993 31.88702 45.9761 57.72511 65.17505 82.65185 51.76887 28.87814 58.1849 24.31819 77.01788 34.79584 66.50122 30.98552 20.29491 16.28315 59.83955 19.83974 26.90936 35.96101 44.00676 60.95959 70.11701 46.61251 10.2459 3.03988 41.89336 50.13204 53.31317 64.30338 44.30169 29.84484 24.23666 6.61281 45.39313 36.11508 19.47812 42.98786 54.68346 31.46949 67.40483 75.23332 29.47051 52.10246 55.91833 48.73849 51.98324 11.45497 44.78878 28.15253 52.23145 20.5177 68.87459 59.427600000000005 48.05653 14.88959 76.39819 
14.96017 11.48839 71.38624 15.97845 33.33959 78.51642 51.44537 73.79243 0 37.10268 78.09761 84.95948 7.12116 30.42068 45.90162 46.1008 60.01096 79.47227 36.37562 25.70947 74.53545 21.99804 89.28571 32.30352 95.03231 15.29942 60.50019 85.85502 98.19101 90.19459 41.31101 67.36877 87.5524 86.76431 109.22198 71.56148 51.87788 38.14686 78.34211 24.91949 20.97629 26.05001 60.16952 60.88982 70.07351 97.2922 28.51468 52.16189 76.72213 9.55432 72.81632 85.51136 29.55159 50.98346 21.08118 64.25857 78.71181 48.46744 67.61838 63.39043 25.12682 69.2852 84.02773 38.10303 30.7463 32.08166 61.20748 40.19619 66.2532 73.52667 78.33336 66.6722 59.90285 62.30916 105.14287999999999 102.56354 97.83747 80.37273 79.00455 70.62498 67.52246 70.02414 21.66079 82.30788 18.25811 12.07217 61.47382 54.25952 44.07614 54.39276 22.46532 80.47418 82.25187 82.07842 41.80538 70.31242 79.62314 15.21372 36.8761 67.91206 85.76266 
48.60402 42.85692 48.15387 35.20221 27.70878 46.64078 48.79835 54.1016 37.10268 0 64.04154 94.69848 44.20831 17.43449 9.18196 30.08775 28.08807 43.09695 29.47609 12.52364 63.26462 45.28226 71.12277 58.33759 76.2286 21.83629 23.44916 75.9875 84.06189 68.07337 32.66608 30.77889 56.58083 70.34818 97.24127 36.87726 22.80954 43.57703 77.8599 25.02093 45.96582 38.18777 71.30345 23.99653 79.76076 84.57857 30.78946 66.97756 88.60733 46.13404 35.8375 54.43453 7.75782 40.92786 54.18026 30.57112 90.59339 45.02989 39.46238 38.75712 45.65752 41.06072 74.77512 31.45525 20.55548 52.71896 80.03882 49.31446 44.08885 52.41669 42.96447 74.05764 22.81167 78.0002 95.65638 83.61914 77.26984 59.652 43.0164 69.83861 39.76564 72.9161 18.53323 75.97391 23.96124 46.64984 30.30095 17.15767 7.63815 17.48218 30.91078 55.94793 46.57139 74.14729 12.29795 61.43602 92.31988 32.78147 6.68016 56.22363 99.88281 
92.94363 72.71135 21.87664 62.91841 45.59461 42.46235 28.90994 13.57601 78.09761 64.04154 0 54.81842 82.0413 52.70747 60.57524 35.08113 44.50537 61.65839 42.24093 62.50898 6.0003 63.5733 13.15005 67.87218 18.57111 71.0032 67.17233 13.56048 20.53399 20.33065 37.18989 59.94192 41.67574 9.2737 33.247749999999996 51.24123 43.7205 42.86758 28.70956 54.00704 65.99589 53.8513 46.76962 61.37435 46.93822 20.58219 49.65916 52.02026 54.92147 86.26213 65.23664 41.42192 67.00898 27.57654 77.66001 47.99578 56.01086 30.68673 33.69714 28.76818 60.30367 33.35181 13.33478 40.27236 50.53256 59.68903 62.95033 44.88561 22.64197 16.59541 55.44865 41.04225 66.02261 56.63525 31.9239 25.45625 22.94931 14.29446 58.95774 25.78504 32.86207 32.92729 61.23005 18.20926 73.85072 77.45016 42.35863 64.29936 66.90353 60.97063 55.68539 23.08118 58.27325 14.93132 62.85766 11.36948 58.40708 63.04166 57.62492999999999 10.33109 65.5742 
95.83949 74.20974 73.23011 70.49357 67.09681 94.45607 47.00432 66.28257 84.95948 94.69848 54.81842 0 84.32294 77.54405 96.38891 67.85503 89.06959 111.23254 65.23662 86.03706 49.4693 63.01035 65.04072 55.95632 68.17849 87.95778 108.73496 45.96625 58.32692 74.41968 62.60533 105.60787 95.78045 60.58544 58.02338 99.83207 83.82152 51.87121 26.17233 72.04098 64.72587 61.44025 24.95175 104.16167 15.28444 54.75163 65.47496 32.91324 8.98079 88.36944 111.97265 95.1537 93.04484 57.13511 70.7262 94.1539 7.45402 50.49876 82.68907 75.68409 59.8385 83.10416 44.528000000000006 63.32405 74.38735 53.12612 28.83558 47.0435 71.11721 69.11564 105.65553 20.64668 107.54002 24.27754 50.37298 71.39597 73.38413 68.98184 108.82637 30.338 81.86585 24.08943 81.14517 38.1668 89.7044 76.65209 87.81016 103.64619 100.88821 100.92437 68.40576 77.329 109.1965 41.67013 96.23034 45.78688 8.32547 72.43992 88.42141 51.89425 11.76759 
11.82479 10.4402 76.78809 19.12401 38.06036 84.91988 54.44256 78.6665 7.12116 44.20831 82.0413 84.32294 0 36.66188 52.96605 51.40298 66.58104 86.43939 41.229699999999994 32.6695 78.1166 21.81365 93.67005 29.59365 99.43787 22.41944 67.62135 88.95564 101.80371 95.16564 45.94915 74.38103 93.78094 90.91623 112.33199 78.33718 58.33162 40.58944 79.92674 30.28358 19.78442 28.60334 59.93868 67.94975 69.8204 100.68172 32.75241 51.41871 75.80264 4.37367 79.88075 91.76684 36.67178 55.26398 16.3278 70.96603 77.74569 51.77843 73.68904 69.12127 25.33039 75.34101 87.05998 42.71939 36.63567 31.23994 59.08595 41.69948 71.61798 78.61016000000001 85.16881 67.02376 67.01376 60.92854 107.8703 106.90285 102.48301 85.27536 85.91904 72.48285 73.54808 71.1889 28.27699 84.87014 20.73112 7.92519 67.95273 61.36597999999999 51.1973 61.4562 26.71066 85.90866 89.11881 84.92479 48.90199 73.61015 78.45512 19.24901 43.80705 71.75041 84.15069 
44.83547 31.54868 41.86463 21.65333 10.45556 48.27002 32.65133 45.55869 30.42068 17.43449 52.70747 77.54405 36.66188 0 21.97416 17.79101 30.17001 51.7761 12.77157 15.41244 50.64457 30.47295 62.10917 42.99607 67.67642 18.93277 37.22369 63.15656 73.23532 61.41707 16.96473 40.56602 57.2722 60.36972 85.67107 42.49311 21.76327 26.15185 62.14047 8.92311 31.72651 21.66416 53.9059 35.30622 62.49647 73.11801 13.56287 49.58693 71.26096 39.9295 46.83617 55.12546 16.143050000000002 26.62943 41.9498 34.92067 73.25626 28.8541 37.20973 33.33577 30.02654 38.88062 61.67606 14.94051 3.16954 36.44998 62.77514 31.88496 36.89529 44.74367 49.54926 56.94364 36.2533 60.58663 83.0556 75.2677 69.77506 51.92402 50.80293 54.00672 37.13266 56.40534 9.28958 61.86376 21.88726 36.22211 31.38148 30.87605 24.623849999999997 29.49559 15.14191 50.79169 53.63877 60.54262 20.02856 47.78918 74.96397999999999 19.75161 12.00302 43.47126 82.48641 
57.74923 50.81524 42.61408 42.30155 30.96782 38.31569 49.82381 49.4038 45.90162 9.18196 60.57524 96.38891 52.96605 21.97416 0 29.17526 20.43377 33.93138 31.83708 20.5112 60.63343 51.9415 66.22017 64.74882 71.00684 30.7508 15.4572 73.23692 79.92575 62.12418 33.80466 21.63494 48.34766 65.96627 93.3915 27.91319 21.738149999999997 46.90696 77.51888 30.61108 52.91335 43.63505 74.05383 14.98902 81.85372 80.81023 35.4057 70.74386 90.96367 55.21046 26.9147 46.20466 16.91086 40.36581 61.97613 22.03671 92.89753 46.15424 32.65419 33.33729 51.83098 34.14246 72.23305 33.45712 24.65338 58.41565 84.2323 52.91874 39.16817 47.35212 33.83484 75.81304 14.60042 81.5489 92.49378999999999 78.19317 71.5354 54.3886 33.83521 69.7401 33.0902 73.61937 26.00719 74.18343 33.01324 54.88019 22.83334 9.00869 6.58106 8.49114 36.87235 49.64863 37.40278 71.98535 4.56221 59.57593 94.77501 40.0966 10.23027 53.75425 102.50969 
60.99829 43.93448 25.38666 33.24462 13.51269 37.32587 20.86762 27.99502 46.1008 30.08775 35.08113 67.85503 51.40298 17.79101 29.17526 0 23.52988 47.40326 10.82877 27.45168 33.50829 38.4297 44.34923 48.24452 49.9503 36.55486 40.90196 46.19597 55.56833 44.1904 7.90041 39.0733 44.55887 42.58293 68.22193 36.514849999999996 16.46143 23.2109 48.37137 21.19994 40.46869 27.45247 47.26643 36.57638 53.84857 55.60335 19.60067 45.79597 63.13245 55.20862 45.68867 42.7195 32.07298 11.19153 52.27585 29.07903 64.98447 17.55679 24.3386 18.33482 36.358 25.7984 44.87699 10.2656 16.02375 40.05983 59.64456 29.02706 20.21507 27.47912 43.24079 47.53472 39.71266 55.72747 66.02569 57.54491 52.22631 34.47819 45.5899 40.56487 23.93142 44.60618 26.74517 45.88651 39.48268 48.91165 24.00037 35.83798 34.58668 33.06995 25.20641 34.50976 47.3497 44.1112 30.465649999999997 31.36901 67.01446 32.38493 23.42008 26.31933 74.87176 
73.67128 61.65016 23.94425 51.431110000000004 33.65677 18.87279 43.10963 31.75473 60.01096 28.08807 44.50537 89.06959 66.58104 30.17001 20.43377 23.52988 0 23.88434 32.40858 35.00188 46.09613 59.02989 47.69877 70.29183 51.99604 46.2777 22.70522 57.93191 62.21696 42.42675 31.1953 16.57895 28.61493 48.19753 75.88761 12.98497 8.53312 46.58919 66.63745 38.14292 60.69246 48.60825 70.03282 16.86945 75.96879 63.63034 39.86588 69.28153 85.29494 69.5625 22.90931 26.47657 34.75069 32.43245 71.68655 5.5527 87.04429 40.33642 12.64512 15.73782 57.67954 13.97214 57.33516 32.81044 31.03339 62.51786 83.12139 52.50374 21.87314 29.19996 20.14396 69.45966 21.55844 79.00829 76.02018 58.86877 51.95434 35.66048 22.16898 59.765420000000006 13.22912 65.09254 38.35526 60.57256 49.04098 66.37806 2.48723 20.68233 26.84608 17.33288 44.00676 29.77325 24.30393 57.79275 24.48692 46.60858 89.19737 49.75076 24.40574 40.14903 97.08451 
91.6783 83.07489 39.85799 73.42886 57.02498 20.09757 66.43436 48.08778 79.47227 43.09695 61.65839 111.23254 86.43939 51.7761 33.93138 47.40326 23.88434 0 56.06547 53.77305 64.86144 81.85017 60.24451 93.62097 62.81353 64.5336 22.63073 75.0803 75.38807 51.88137 55.0745 12.34713 26.8357 62.32488 88.73059 11.47478 31.811 70.46273 87.35039 60.37625 83.31818 71.82668 93.46835 19.37301 98.84657 77.70791 63.028780000000005 93.08925 108.13228 88.80791 9.41616 25.39233 50.84119 55.74293 93.71093 18.33168 109.80066 63.89656 28.77204 35.924 80.81933 28.66548 74.99316999999999 56.60329 53.32476 86.06538 106.91322 76.38769 40.56344 45.063 6.3575 92.27777 22.48612 102.64281 90.66693 68.10361999999999 60.8131 49.19279 2.7815 81.199 29.61959 87.14311 58.52879 79.39275 66.89643 87.50668999999999 24.29266 27.0438 37.75506 25.7294 66.5458 40.61312 5.71625 76.17737 38.37706 66.71915 112.0241 71.47106 42.63929 60.20342 119.88831 
51.335789999999996 33.26519 35.8983 22.61423 3.35411 47.79569 19.87976 37.49223 36.37562 29.47609 42.24093 65.23662 41.229699999999994 12.77157 31.83708 10.82877 32.40858 56.06547 0 22.42481 39.38186 27.66769 52.96202 38.02158 58.69363 29.05887 45.88739 51.55498 62.66456 53.97266 5.05105 46.42883 55.26958 50.60818 74.52833 45.39128 24.84636 15.25644 49.39642 11.77305 29.66699 16.74421 42.25839 42.61587 50.3726 62.1701 8.80922 39.09194 59.34214 45.15962 53.03867 53.45453 28.72465 15.1321 41.4482 37.88012 61.30571 16.09791 35.02157 29.16359 25.75813 36.52486 49.94638 2.21717 9.73799 30.59377 52.76706 21.3491 30.71411 37.42231 52.51889 44.59127 44.77701 49.76885 71.39161 66.24582 61.60215 44.09504 54.52803 41.25555 34.65718 43.6772 19.53486 49.63167 31.81461 38.244969999999995 32.67247 40.00786 35.75899 37.85221 14.61205 45.0093 56.6759 48.56172 31.12108 35.97511 63.11041 21.98069 23.20687 32.37755 70.78317 
38.71845 30.42434 50.37202 22.83284 19.66671 53.81785 42.25342 54.75605 25.70947 12.52364 62.50898 86.03706 32.6695 15.41244 20.5112 27.45168 35.00188 53.77305 22.42481 0 60.57937 32.9574 71.52206 46.06472 77.00827 11.27613 35.68284 73.11509 83.01461 70.22333 26.86832 41.72578 63.29184 69.97354 95.55762 46.00368 27.41098 34.17986 71.7794 14.17297 33.52933 26.9055 61.82231 35.41084 70.83486 82.97864 20.63403 56.56467 79.31535 35.11966 47.34774 61.18803 7.22137 36.5988 41.70242 38.8561 81.3349 38.49153 44.17202 41.39016 33.58766 45.8542 71.6424 24.63571 12.72307 40.89019 69.11925 39.41225 45.60715 53.70054 52.6839 65.58968 34.94474 67.66253 93.01413 84.5807 78.8558 60.95342 53.29752 63.63076 44.24362 65.67201 6.12286 71.80834999999999 14.06378 34.38301 36.72888 29.26481 20.13368 28.97412 19.28935 59.04422 56.57019 70.51015 16.83675 57.75859 82.89366 20.30711 11.17292 53.3972 90.22751 
89.25134 68.52732 25.10276 59.04803 42.70308 46.2915 24.1373 17.2646 74.53545 63.26462 6.0003 49.4693 78.1166 50.64457 60.63343 33.50829 46.09613 64.86144 39.38186 60.57937 0 58.98352 18.95566 62.61087 24.14626 68.41427 68.49993 12.72329 23.69024 26.29147 34.38064 62.09673 46.45005 14.7855 35.1522 54.05905 44.19521 38.26512 23.58735 51.02674 61.41533 49.66054 40.77164 62.87813 41.05623 22.95762 46.20355 46.1287 49.18452 82.39455 67.71901 45.98488 65.56979 24.27605 72.90659 50.0833 50.33372 26.37298 36.31896 30.569629999999997 55.62465 36.229 11.59986 37.29617 48.22823 54.55253 56.95313 39.78729 24.68051 20.26181 58.78637 35.09171 67.31065 50.6351 32.51857 30.64643 28.73934 19.55034 62.22411 19.95603 35.46669 27.08404 58.75639 14.61068 71.19265 73.16882 44.13072 65.12348 66.76348 61.85754 52.08514 27.90659 61.85672 11.69683 62.52104 5.49589 52.72846 59.36347 56.68189 7.19678 60.00771 
33.62409 11.39835 62.69522 10.36916 25.61151 75.3819 34.84783 62.701750000000004 21.99804 45.28226 63.5733 63.01035 21.81365 30.47295 51.9415 38.4297 59.02989 81.85017 27.66769 32.9574 58.98352 0 76.01761 13.12301 81.75058 28.80795 67.38367 68.86408 82.4209 79.09974 31.14153 70.96686 82.92631 72.75682 92.08226 71.89463 50.53383 20.72825 58.36726 21.66037 2.43292 11.00081 38.33448 65.77284 48.24301 80.92992000000001 19.27188 30.16837 54.72673 26.10425 77.29355 81.12058999999999 39.71957 38.38613 14.31767 64.26048 56.71467 32.91159 62.68902 56.70897 3.59722 64.19066 66.88741 28.24792 28.56541 10.14193 39.70022 20.32576 57.58748 63.29327 79.04884 45.23004 66.47662 40.37799 87.16086 88.96109 85.36772 69.222 80.65833 51.13839 62.3228 49.46644 26.83697 64.11024 29.4906 14.96498 59.67182 60.94879 52.91436 59.84819 15.4129 71.64929 83.20036 64.51539 49.12425 54.04793000000001 57.63136 12.8948 41.71124 53.28009 63.8597 
104.22847 84.68942 23.85985 74.59005 56.2832 40.25311 41.71279 17.02688 89.28571 71.12277 13.15005 65.04072 93.67005 62.10917 66.22017 44.34923 47.69877 60.24451 52.96202 71.52206 18.95566 76.01761 0 80.85951 5.7708 80.89565 70.07675 19.41633 15.15775 10.10652 47.98162 61.19828 36.31067 4.52433 28.69014 51.23714 49.20203 55.42994 39.03852 64.66306 78.42223 65.94518 59.5133 64.05808 58.84872 18.87796 60.97271 65.0838 66.26096 97.80128 65.54738 36.69598 75.16089 38.69388 90.22091 49.89806 67.15117 43.13966 35.35888 32.89445 72.84458 34.42007 20.59045 51.18315 60.32944 72.60464 75.68394 57.80912 27.11487 18.86805 53.88963 53.29072 68.99221 69.25939 30.54195 13.28389 9.80078 12.04009 57.46301 37.77534 34.65067 44.83986 71.07861 26.89755 83.815 89.5187 45.28506 68.33766 72.76838 64.97301 67.02014 19.67035 55.93101 23.3707 69.1779 24.4359 69.53221 74.4821 65.07915 22.92483 76.29865 
40.45161 20.82188 70.79879 23.46725 36.65753 85.57023 39.24116 69.45136 32.30352 58.33759 67.87218 55.95632 29.59365 42.99607 64.74882 48.24452 70.29183 93.62097 38.02158 46.06472 62.61087 13.12301 80.85951 0 86.43502000000001 41.56797 80.14418 70.72799 85.05995 85.33027 40.45267 83.1423 92.38619 77.13947 93.19103 83.26533 61.93484 26.63895 56.82965 34.21312 15.55593 21.8022 32.98567 78.24542 42.41217 83.05782 30.798029999999997 23.82433 47.1509 33.22131 89.57636 90.71104 52.84185 45.60423 14.77426 75.68039 49.00882 38.48934 72.5031 65.99404 12.96953 73.89434 68.6664 38.03536 40.78538 8.51179 29.53042 23.08839 65.89883 70.53149 90.42432000000001 41.10645 79.20367 31.919 87.46189 93.23172 90.53792 75.70387 92.25941 50.71514 72.03967 47.2899 39.94214 64.81458 41.95075 21.66881 70.6723 73.73898 65.95971 72.48458 27.89254 79.39673 94.57899 65.9302 62.08932 57.26879 49.47365 25.98865 54.55324 57.97269 54.76068 
109.97856 90.45832 28.39996 80.36003 62.00888 42.75446 47.35255 22.79768 95.03231 76.2286 18.57111 68.17849 99.43787 67.67642 71.00684 49.9503 51.99604 62.81353 58.69363 77.00827 24.14626 81.75058 5.7708 86.43502000000001 0 86.50515999999999 74.06656000000001 22.21512 13.57951 10.97791 53.72345 64.73145 37.65668 9.36402 26.06679 54.46268 54.07297 61.13727 42.55208 70.37823 84.15811 71.70756 64.23744 68.02628 62.98073 16.83968 66.73457 70.14701 70.00674 103.56577 68.70681 38.35273 80.48037 44.22282 95.93815 53.78047 70.77668 48.85716 39.45488 37.69495 78.56184 38.36517 23.75052 56.92939 65.95469 78.2124 80.35922 63.40977 32.13978 23.81317 56.49143 57.67163 73.01493 73.85417 29.29739 7.5947 5.20703 16.62947 60.03775 42.13363 38.80274 49.07647 76.69377 30.12036 89.43298 95.28505 49.54216 72.67837 77.57786 69.32665 72.78265 22.87525 58.18593 26.77936 74.1156 29.63984 73.13554 80.2458 70.29313 28.57835 79.63864 
27.47534 22.74933 60.72641 18.73203 25.78194 65.08564 47.70836 64.46158 15.29942 21.83629 71.0032 87.95778 22.41944 18.93277 30.7508 36.55486 46.2777 64.5336 29.05887 11.27613 68.41427 28.80795 80.89565 41.56797 86.50515999999999 0 45.20393 80.60764 91.51665 80.34653 34.03438 52.32906 74.52016 78.98439 103.56646 57.15891 38.61488 36.8864 76.75004 17.77572 28.56931 26.55271 63.11175 45.72979 72.68383 91.15852000000001 23.84881 56.52362 80.50032 24.577530000000003 57.64925 72.4229 14.25234 44.13867 34.1447 50.08869 82.53335 44.15583 55.21011 52.00082 30.58913 56.89418 78.98062 31.19562 20.57739 38.28766 67.81901 40.98618 55.80026 63.67641 63.74426 68.13884 44.61603 67.4594 100.42274 94.09977 88.68976 70.84012 64.20424 68.65813 55.24034 69.61925 9.82013 78.39592999999999 2.95869 25.72567 47.99024 38.98325 28.78506 39.21419 19.65403 69.57882 67.56938 77.51129 26.56191 64.9902 83.83111 16.32519 22.26119 61.35589 90.72804 
71.29247 66.09939 46.54365 57.75322 45.52512 34.65994 61.76914 54.44156 60.50019 23.44916 67.17233 108.73496 67.62135 37.22369 15.4572 40.90196 22.70522 22.63073 45.88739 35.68284 68.49993 67.38367 70.07675 80.14418 74.06656000000001 45.20393 0 80.54062 84.78937 63.96338 46.95439 11.51038 44.26401 70.80499 98.47202 21.91014 25.16977 61.14118 87.93647 46.03382 68.3702 58.85997 87.53125 6.25338 94.70913 86.29255 50.4374 84.97352 103.96438 69.38392 13.703 42.27908 30.96121 51.6778 77.32887 20.3041 105.83721 58.41036 34.71789 38.41438 67.20314 35.71316 79.87343 47.2225 39.72055 73.6477 98.64688 67.2271 44.5644 51.83233 25.10633 88.43096 1.2094 95.55498 98.7231 80.61843 73.5 58.05589 23.62142 80.58314 35.43168 85.24769 41.37237 82.81649 47.14898 70.0315 24.97439 6.45895 17.25471 8.03698 52.25252 51.33738 27.53681 80.17946 18.95518 68.54742 107.83241 55.45829 25.68026 62.23128 115.66407 
100.34965 79.04060000000001 35.40256 70.09088 54.82905 55.63704 34.5173 27.07648 85.85502 75.9875 13.56048 45.96625 88.95564 63.15656 73.23692 46.19597 57.93191 75.0803 51.55498 73.11509 12.72329 68.86408 19.41633 70.72799 22.21512 80.60764 80.54062 0 14.72588 29.31198 46.63083 73.49196 53.90202 15.20026 23.384529999999998 64.7737 56.63719 48.47075 20.50621 63.02835 71.28639 60.35231 44.15996 74.79599 41.48882 12.33933 57.86797 51.28739 48.00286 93.29115 78.79476 53.87055 78.23302 36.59888 82.29602 61.53243 48.68496 37.38964 47.25723 42.20396 65.37988 46.89596 2.07738 49.41225 60.64878 63.18297 59.89326 48.84768 36.20245 30.06453 68.92491 36.75322 79.3709 53.23701 19.89904 26.13128 27.42191 26.57266 72.36092 21.64867 46.42249 28.01157 71.05083 8.01157 83.33263 83.48585 55.8301 77.44467 79.41812 74.14723000000001 63.55136 35.59665 71.53112 5.15037 75.2077 15.65791 51.02631 70.64336 69.40465 19.88171 57.43351 
112.93365 92.16806 38.29216 82.73821 66.01334 55.29803 47.62975 30.63772 98.19101 84.06189 20.53399 58.32692 101.80371 73.23532 79.92575 55.56833 62.21696 75.38807 62.66456 83.01461 23.69024 82.4209 15.15775 85.05995 13.57951 91.51665 84.78937 14.72588 0 24.20099 57.61863 76.21417 50.96416 14.03986 13.68397 66.35675 62.88069 61.76911 34.36029 74.40577 84.8534 73.31678 58.83394 78.81832 55.65888 3.72021 69.80889 66.00957 61.49397 106.08432 80.66902 51.52 87.37125 47.54989 96.14919 64.74995 61.95667 50.04046 50.13952 46.92087 78.99763 49.30749 16.78718 60.65108 71.06472 77.32427 74.4473 62.76073 40.8644 33.02754 69.03495 51.26234 83.68026 67.76802 15.74359 13.45674 17.84927 26.85678 72.60677 36.35099 49.39451 42.53444 81.75396 22.22218 94.35396 96.76876 59.85897 82.70668 86.39289 79.34 75.72922 34.82801 71.01412 19.87625 82.55255 28.60051 64.22389 83.03642 77.74356 30.34545 70.04599 
105.13161 86.8253 19.99999 76.36984 57.15307 31.86087 46.21692 16.53042 90.19459 68.07337 20.33065 74.41968 95.16564 61.41707 62.12418 44.1904 42.42675 51.88137 53.97266 70.22333 26.29147 79.09974 10.10652 85.33027 10.97791 80.34653 63.96338 29.31198 24.20099 0 49.25389 54.24641 26.77127 14.11313 37.03704 43.80788 45.54167 59.06683 48.27087 65.28136 81.44115 68.52523 66.92662 57.92463 67.24722 27.1757 62.49854 71.6506 75.08463 99.12385 57.97555 27.68242 72.9741 40.73225 93.41629 43.66973 76.09672 46.88725 29.78171 29.34816 76.16977 28.51328 30.31134 52.47744 60.09444 76.891 83.08139 62.30008 24.61637 16.71827 45.57335 61.37201 62.9518 76.85129 39.92268 16.84201 9.55149 9.92387 49.10932 46.07975 29.22264 53.22121 70.64988 36.48282 83.30283 91.76011 39.94224 63.01822 68.70063 59.70307 68.49738 12.68073 47.21312 32.89534 65.54436 31.42934 78.49018 75.9294 62.50753 28.0783 85.479 
56.26296 37.66865 31.68 27.12904 8.40494 45.14728 16.1327 32.73456 41.31101 32.66608 37.18989 62.60533 45.94915 16.96473 33.80466 7.90041 31.1953 55.0745 5.05105 26.86832 34.38064 31.14153 47.98162 40.45267 53.72345 34.03438 46.95439 46.63083 57.61863 49.25389 0 46.24718 52.04343 45.692769999999996 69.53284 44.0376 23.62979 15.39805 45.38157 16.82168 33.29058 20.14987 40.5793 43.13613 48.0667 57.14776 13.24584 38.49552 57.2209 49.97739 52.88457 50.31862 32.78993 10.10839 45.23708 36.74577 59.13782 12.37284 32.05108 26.23523 28.83655 33.45422 45.05524 3.23056 14.17327 32.20726 52.32975 21.32477 26.52749 32.82957 51.06155 42.01057 45.79887 48.75817 66.49539999999999 61.26326 56.73333 39.34703 53.33469 37.29084 31.83183 40.27355 24.42 44.95422 36.81528 42.63285 31.08023 41.41295 38.37445 38.95421 19.25014 40.73109 55.18392 43.75717 33.71647 31.08318 61.05567 26.70058 26.12853 27.34809 68.83808 
79.37864 71.43499 38.37451 62.11496 47.07157 23.67545 59.35722 46.63785 67.36877 30.77889 59.94192 105.60787 74.38103 40.56602 21.63494 39.0733 16.57895 12.34713 46.42883 41.72578 62.09673 70.96686 61.19828 83.1423 64.73145 52.32906 11.51038 73.49196 76.21417 54.24641 46.24718 0 32.98537 62.4461 89.85515 10.81055 22.65176 61.3868 83.15146 49.32683 72.28741 61.37672 86.0848 13.08663 92.34662 78.03977 52.60979 84.72995 101.67401 76.64099 6.63773 31.18028 38.5315 48.75473 82.28715 13.552140000000001 103.45002 56.42335 26.35075 31.57622 70.21565 26.97585 73.06592 47.29064 42.42878 75.92506 98.57196 67.44403 37.46919 43.80157 13.67765 85.87078 11.00384 94.80077 90.75496 70.91434 63.68802 49.35739 12.64774 76.31301 27.204130000000003 81.65766 46.70182 76.67461 54.64034 75.76188 18.13621 15.35694 25.46287 13.426020000000001 55.60086 41.85637 16.48131 73.75554 26.04749 62.96618 105.57525 60.04751 30.68464 56.45903 113.46158 
101.68565 87.63747 23.49931 77.01567 57.59214 10.05405 57.15869 29.50228 87.5524 56.58083 41.67574 95.78045 93.78094 57.2722 48.34766 44.55887 28.61493 26.8357 55.26958 63.29184 46.45005 82.92631 36.31067 92.38619 37.65668 74.52016 44.26401 53.90202 50.96416 26.77127 52.04343 32.98537 0 39.39412 63.69108 22.35754 35.90965 66.17913 70.03739999999999 63.99261 84.93471 71.95583 82.80902 38.71003 85.78944 53.77856 63.89453 85.03259 94.59193 97.07833 34.66641 2.14674 63.36549 47.75024 96.64143 26.36266 95.95584 55.99821 20.32494 26.39347 80.83348 18.76401 54.36091 54.73984 57.22831 84.00618 98.1395 71.16584 27.49604 26.75979 21.03042 79.33495 43.53925 92.71592 66.66121 42.03323 34.86533 27.48172 24.22542 65.61355 20.62745 72.446 66.00754 59.82791 77.35303 92.54955 26.63809 45.64909 54.31977 42.82214 69.08952 18.60206 21.50442 56.29371 52.69087 50.01981 98.32157 75.7429 52.97644 44.22166 105.88299 
101.66715 81.77834 24.30236 71.79789 53.95459 42.37092 38.16843 16.60868 86.76431 70.34818 9.2737 60.58544 90.91623 60.36972 65.96627 42.58293 48.19753 62.32488 50.60818 69.97354 14.7855 72.75682 4.52433 77.13947 9.36402 78.98439 70.80499 15.20026 14.03986 14.11313 45.692769999999996 62.4461 39.39412 0 27.69174 52.82197 48.91174 52.07604 34.5449 62.37038 75.17475 62.90275 55.11798 64.83522 54.33251 15.59789 58.35134 60.84146 61.73929 95.10867999999999 67.11232 39.58918 73.97617 36.40445 86.88093 50.85055 62.63573 39.84721 36.22727 32.88251 69.51448 35.47025 16.23238 48.894239999999996 58.41426 68.9627 71.27087 54.15931 26.84778 18.99879 55.98024 48.81862 69.68847 64.8215 28.42659 16.21107 14.05106 13.1897 59.55449 33.27689 35.465 40.3296 69.16859 22.48234 81.87585 86.50693 45.8526 68.66739 72.45779 65.30086 64.37929 21.8064 58.27192 18.92834 68.68549 20.28066 65.01794 71.81446 64.13071 19.47815 71.80898 
123.73389 102.38169 51.9719 93.47434 77.84259 68.6366 57.89963 44.24766 109.22198 97.24127 33.247749999999996 58.02338 112.33199 85.67107 93.3915 68.22193 75.88761 88.73059 74.52833 95.55762 35.1522 92.08226 28.69014 93.19103 26.06679 103.56646 98.47202 23.384529999999998 13.68397 37.03704 69.53284 89.85515 63.69108 27.69174 0 79.92473 76.3729 71.81219 38.1393 86.13697 94.49518 83.72917 64.09343 92.48766 58.95011 12.66556 81.11416 72.23301 63.00548 116.67054 94.2332 64.41852 100.22788 59.42814 105.30248 78.42914 63.0272 60.75471 63.82169 60.52941 88.55537 62.97925 25.27441 72.43047 83.33262 85.96729 78.63934 71.91942 54.44382 46.6904 82.38766 55.82883 97.36171 71.97542 7.69679 22.6714 29.17 40.54075 85.95001 42.66176 63.07796 47.52736 93.90053 28.37645 106.34201 106.78607 73.53581 96.34519 99.82159 92.98095 86.88057 48.31045 84.20605 27.57135 95.9012 38.93354 65.07652 94.00826 90.83365 42.24701 69.70042 
84.61906 74.03814 29.37114 64.01524 46.61736 12.86721 54.98241 37.6992 71.56148 36.87726 51.24123 99.83207 78.33718 42.49311 27.91319 36.514849999999996 12.98497 11.47478 45.39128 46.00368 54.05905 71.89463 51.23714 83.26533 54.46268 57.15891 21.91014 64.7737 66.35675 43.80788 44.0376 10.81055 22.35754 52.82197 79.92473 0 21.37411 59.43255 76.18468 50.77219 73.50429 61.55655 82.02008 16.40546 87.37521 68.38727 52.79332 81.78632 96.66387 81.05863 14.31227 20.36973 44.33667 44.539139999999996 84.31991 11.7591 98.35578 52.49255 17.74009 25.05078 70.62182 17.89894 64.54212 45.75856 43.65265 75.5026 95.59006 65.29593 29.49706 34.73259 7.15899 80.81148 21.18371 91.23852 81.24521 60.42611 53.16607 40.68271 9.36786 69.88127 18.59329 75.74311 50.08102 68.65008 59.75214 78.666 12.99875 23.64574 33.1864 21.12143 56.7631 31.65869 11.31896 65.53376 32.46358 55.61751 100.55676 62.22442 34.89783 49.08094 108.42335 
65.81201 53.16445 25.74862 42.9069 25.27746 26.64307 37.06371 32.34937 51.87788 22.80954 43.7205 83.82152 58.33162 21.76327 21.738149999999997 16.46143 8.53312 31.811 24.84636 27.41098 44.19521 50.53383 49.20203 61.93484 54.07297 38.61488 25.16977 56.63719 62.88069 45.54167 23.62979 22.65176 35.90965 48.91174 76.3729 21.37411 0 38.88688 62.79198 29.61642 52.17521 40.19431 63.53905 20.34017 70.12254 63.8177 31.43351 62.08676 79.43307 61.43054 29.28949 33.81953 28.25997 26.68661 63.15478 13.75582 81.25509 34.00534 17.09019 16.38172 49.24909 18.74289 55.78924 24.87607 22.51293 54.27469 75.9323 44.90432 22.119 30.33959 28.53291 63.72847 23.96037 72.15787 75.64175 61.34237 54.82859 37.44351 30.33573 55.41422 17.30361 60.16476 30.23265 58.18259 41.46031 57.91673 9.62467 21.01951 23.57459 17.85023 35.47641 33.34399 32.69122 55.74604 20.05994 43.71075 83.3274 41.24989 17.62025 37.56998 91.19885 
52.16188 30.57058 44.18976 22.16845 16.018 59.98904 16.05084 42.95002 38.14686 43.57703 42.86758 51.87121 40.58944 26.15185 46.90696 23.2109 46.58919 70.46273 15.25644 34.17986 38.26512 20.72825 55.42994 26.63895 61.13727 36.8864 61.14118 48.47075 61.76911 59.06683 15.39805 61.3868 66.17913 52.07604 71.81219 59.43255 38.88688 0 40.45278 20.188860000000002 23.1578 12.11652 27.78117 57.8233 36.65512 60.38895 13.61231 23.8608 45.21013 44.94971 68.02453 64.59446 41.24185 18.96601 34.89893 52.13787 47.21987 12.30236 46.72762 39.89171 17.43851 48.00572 46.54178 14.11265 23.02183 18.12868 37.51074 6.09818 39.36166 43.92556 66.44329 31.53942 60.03278 34.65403 67.2842 68.28659 64.89139 49.31084 68.73274 32.57397 46.18601 32.79703 29.33612 44.30774 39.01881 35.0436 46.46472 55.22541 50.37679 53.107 17.33398 52.758 70.55788 44.34539 45.80977 33.39646 48.85235 23.23967 37.75596 32.60029 56.33656 
91.72687 69.52542 48.18403 62.43636 52.13461 69.512 29.52695 40.73681 78.34211 77.8599 28.70956 26.17233 79.92674 62.14047 77.51888 48.37137 66.63745 87.35039 49.39642 71.7794 23.58735 58.36726 39.03852 56.82965 42.55208 76.75004 87.93647 20.50621 34.36029 48.27087 45.38157 83.15146 70.03739999999999 34.5449 38.1393 76.18468 62.79198 40.45278 0 59.15529 60.63868 52.3658 26.01426 82.78741 21.36665 31.13124 52.90123 34.48652 27.49896 84.286 89.20142 69.55648 78.09922 37.19124 70.17946 71.28553 28.22478 33.3086 58.58218 52.00076 54.77475 58.75801 18.81782 47.20621 59.1341 50.56215 40.65221 38.3115 46.79056 43.67434 81.47677 17.6896 86.72711 33.95902 31.45424 46.58817 47.74615 42.95023 84.80759 8.15095 57.7308 9.6467 68.16123 12.49557 79.10106 73.32166 65.02761 83.60225 82.91836 80.56664 57.61496 51.483 84.78789 15.7782 78.33854 20.66668 30.58428 63.67556999999999 71.21847 27.15108 37.26454 
39.85038 23.706 46.54927 13.29192 8.4201 55.58955 29.95218 48.90978 24.91949 25.02093 54.00704 72.04098 30.28358 8.92311 30.61108 21.19994 38.14292 60.37625 11.77305 14.17297 51.02674 21.66037 64.66306 34.21312 70.37823 17.77572 46.03382 63.02835 74.40577 65.28136 16.82168 49.32683 63.99261 62.37038 86.13697 50.77219 29.61642 20.188860000000002 59.15529 0 22.97303 13.19039 47.68471 44.12817 56.79847 73.84813 6.57655 42.43259 65.18768 34.47381 55.6344 62.03845 21.36586 26.8559 33.55687 43.14733 67.21074 26.38109 43.72824 38.86583 21.24359 45.35113 61.35691 13.75562 7.12084 27.87657 55.17173 25.25443 41.39406 48.61604 57.8877 51.71677 45.01092 53.52518 82.78021 77.94515 73.02502 55.47587 59.30195 51.03193 43.54678 52.38629 9.18316 60.63256 20.37206 28.57621 39.09236 39.57487 32.44475 38.29142 6.32084 55.66029 62.01123 59.80815 28.2712 47.37837 68.74495 11.76821 20.476309999999998 44.08642 76.0578 
31.55067 9.4879 64.90275 10.77071 27.47166 77.27077 37.28006 65.02364 20.97629 45.96582 65.99589 64.72587 19.78442 31.72651 52.91335 40.46869 60.69246 83.31818 29.66699 33.52933 61.41533 2.43292 78.42223 15.55593 84.15811 28.56931 68.3702 71.28639 84.8534 81.44115 33.29058 72.28741 84.93471 75.17475 94.49518 73.50429 52.17521 23.1578 60.63868 22.97303 0 13.14851 40.35566 66.9455 50.08182 83.35854 21.12258 31.82408 56.34266 24.01977 78.55629 83.10984 40.11121 40.71561 12.00896 65.86705 58.31574 35.32793 64.66509 58.78007 5.95406 66.18303 69.30754 30.39781 29.99345 11.62198 40.77008 22.75868 59.78056 65.57889 80.65016 47.25154 67.48995 41.78952 89.54842 91.37733 87.75737 71.55522 82.18542 53.46412 64.31604 51.675 27.44135 66.50001 29.01069 12.68939 61.40368 61.91993 53.60376 60.93522 16.77624 73.88154 84.79408 66.92652 49.93958 56.48062 59.16081 13.23894 42.69358 55.69917 65.23274 
40.0843 18.87559 51.75683 10.08313 14.95997 64.53189 25.8415 52.05041 26.05001 38.18777 53.8513 61.44025 28.60334 21.66416 43.63505 27.45247 48.60825 71.82668 16.74421 26.9055 49.66054 11.00081 65.94518 21.8022 71.70756 26.55271 58.85997 60.35231 73.31678 68.52523 20.14987 61.37672 71.95583 62.90275 83.72917 61.55655 40.19431 12.11652 52.3658 13.19039 13.14851 0 36.56245 56.63978 46.18359 72.1128 10.42194 30.19797 53.95296 32.94275 67.84529 70.16576 33.9972 27.81329 25.13082 53.94964 55.98628 23.28818 51.74876 45.71235 9.08276 53.23588 58.45827 17.2493 19.1849 14.78888 42.35181 14.71157 46.63224 52.51301 68.71449 41.88656 57.87023 41.25263 79.34217 79.04368 75.11656 58.61529 70.49245 44.58914 51.36795 44.30939 20.9868 56.39921 28.27085 23.60472 49.10236 52.53501 45.63459 51.05355 7.61669 60.74664 72.87542 56.34934 41.43763 45.04308 57.31137 11.40088 33.56148 43.5208 64.32355 
71.61771 49.66096 59.31145 45.54308 43.61731 79.21553 27.03854 54.30052 60.16952 71.30345 46.76962 24.95175 59.93868 53.9059 74.05383 47.26643 70.03282 93.46835 42.25839 61.82231 40.77164 38.33448 59.5133 32.98567 64.23744 63.11175 87.53125 44.15996 58.83394 66.92662 40.5793 86.0848 82.80902 55.11798 64.09343 82.02008 63.53905 27.78117 26.01426 47.68471 40.35566 36.56245 0 83.56716 9.90987 56.0404 41.18974 9.20442 19.23772 64.09922 92.66776 81.72677 68.9491 37.7255 47.42969 75.49638 19.53573 29.70964 66.30546 58.99683 35.05274 67.1204 42.14313 40.59853 50.75881 28.73368 16.18265 22.4441 56.00884 56.57039 88.52721 8.55317 86.37264 10.00895 57.46506 69.69832 69.15103 58.9721 91.34356 22.52314 65.56632 17.29505 56.66152 36.73651 64.79771 52.46481 69.24675 81.95502 77.9406 79.53343 43.6647 65.72747 92.41146 39.00974 73.32836 35.50125 21.08067 47.60647 65.3294 39.60359 28.58051 
