41
oscrv hopbn mlfbi lcghr aqzce mzlsn zsehb tyuep coubd yzaje lnfiu cursl omjfc qdzgs xintv ywion gxdqt vczkh yiodb urlkt rlfxc aeomh artvi vmgxh ugamb ablxw otirh ugyls tejxc xeljy yaxts spuoi xnysi dowbf misyc bcrwj lsnhz axmwy ijvuq ijofp hutmk
0 51.88375 5.89029 22.04949 69.66667 65.68131 33.5649 30.62773 15.43156 28.07243 51.57155 35.95137 45.43322 63.070890000000006 11.2589 47.6805 31.44015 92.27084 64.416 35.47944 42.13681 61.93503 59.36887 46.33049 78.67674 39.20078 60.25427 32.00195 63.90977 28.68685 38.78181 80.69918 34.22316 45.36016 24.12386 39.86129 14.07087 63.612 42.37975 44.21946 51.55035 
51.88375 0 55.30893 32.95046 23.00861 40.00592 19.00674 31.25315 45.07003 33.64883 65.43286 31.54839 47.14498 17.40885 45.24317 89.4013 63.93111 72.10739 100.1208 73.88625 58.60929 82.71551 33.45581 33.27176 71.4325 55.50147 94.3753 33.74471 25.866880000000002 75.4784 49.811840000000004 55.6431 35.95882 49.16326 74.29821 76.66503 56.49064 23.42958 86.89296 86.06161 50.12935 
5.89029 55.30893 0 22.82211 71.80096 65.47558 37.61652 36.51802 21.32093 28.34522 47.54166 41.52617 43.31913 67.3323 17.10699 41.8135 26.28681 90.58636 58.54583 38.99073 38.17043 56.91861 59.53591 46.07429 75.98774 35.64463 54.43628 31.91378 66.75962 23.02167 36.03293 79.86566 39.97618 42.97429 19.30552 34.081 8.83044 65.15259 36.61919 38.34584 49.34798 
22.04949 32.95046 22.82211 0 49.14602 46.73668 17.61468 24.06209 22.09335 10.6261 45.03368 29.43872 32.24083 46.69252 19.19504 57.91201 34.12447 75.79773 71.02539 51.66339 35.73731 59.84889 39.96287 28.05756 65.50269 32.30481 65.74857 14.714 43.93751 42.65024 28.77438 62.62457 30.50469 33.08617 41.43071 46.28033 23.63665 43.03096 54.62338 54.45532 38.06596 
69.66667 23.00861 71.80096 49.14602 0 27.92292 40.14136 53.85387 65.97351 44.98774 66.47185 54.52638 48.26255 32.14782 65.2424 99.02101 72.9679 55.92492 106.05711 95.73396 62.58161 83.79077 24.81417 34.00258 61.4504 60.25606 100.04428 42.9086 10.40929 88.68313 54.20465 39.39435 58.89508 50.47967 89.47166 85.37018 70.58067 9.57433 98.07533 96.01038 48.44249 
65.68131 40.00592 65.47558 46.73668 27.92292 0 47.90576 62.74756 68.3497 37.62009 43.06416 65.77612 27.72908 55.46595 65.88115 81.29783 56.71625 32.37125 84.42097 98.37107 42.27316 59.29313 9.950520000000001 19.40954 33.61042 41.09709 78.41712 33.70275 34.703 75.93881 35.85657 16.6384 69.24195 29.62088 79.36992 67.55678 60.93373 19.42863 82.16619 78.82232 25.03312 
33.5649 19.00674 37.61652 17.61468 40.14136 47.90576 0 14.95645 26.14738 23.2864 59.22779 18.01678 43.30879 29.84097 26.23643 75.17205 51.28457 79.79386 88.20864 55.59441 50.66304 75.28271 40.61131 33.38627 73.87221 47.24347 82.84347 25.98108 32.22752 59.24151 42.55797 64.54249 21.33687 44.79858 56.9006 63.56116 40.37423 37.12605 71.67047 71.70306 48.14796 
30.62773 31.25315 36.51802 24.06209 53.85387 62.74756 14.95645 0 17.39518 33.6084 69.07961 5.66577 55.18873 35.69311 21.89056 77.29896 56.38217 94.41214 92.55358 42.99821 59.79041 83.75441 55.45316 47.23146 87.27712 56.36549 87.70612 37.04764 44.93471 59.11301 52.69324 79.384 6.80364 56.345 54.64462 67.4822 41.8187 51.76633 72.58746 73.7879 60.59328 
15.43156 45.07003 21.32093 22.09335 65.97351 68.3497 26.14738 17.39518 0 32.53867 63.31085 21.95871 53.46128 52.57154 4.49538 63.08931 45.73122 97.88961 79.78581 30.36502 53.60442 75.54231 61.34772 50.07951 87.05533 50.43572 75.50889 36.70785 58.37234 43.8605 48.48228 84.50399 19.41786 53.96949 38.30163 55.07152 28.94996 61.77415 57.6394 59.63713 59.48526 
28.07243 33.64883 28.34522 10.6261 44.98774 37.62009 23.2864 33.6084 32.53867 0 36.05932 38.62695 21.77112 49.69058 29.29958 55.92934 30.28393 65.5184 66.65391 61.48449 27.37719 52.00836 31.33325 18.34247 54.88289 23.96117 61.00765 4.19262 41.93856 43.74983 19.40737 52.93443 40.29258 22.78139 44.67387 43.02416 25.68704 37.42688 53.93186 52.6536 27.49464 
51.57155 65.43286 47.54166 45.03368 66.47185 43.06416 59.22779 69.07961 63.31085 36.05932 0 74.35968 18.63411 82.71471 59.03056 41.52691 24.00911 52.09524 41.46463 86.53197 9.71017 17.52378 42.42381 33.32683 32.40675 12.93131 35.50192 33.62763 68.56104 44.09937 16.67224 48.759299999999996 75.52702 16.4667 51.11115 29.16062 39.05936 56.918589999999995 44.62697 39.92322 18.31672 
35.95137 31.54839 41.52617 29.43872 54.52638 65.77612 18.01678 5.66577 21.95871 38.62695 74.35968 0 59.9876 33.0977 25.03827 82.88053000000001 62.04341 97.78467 98.21396 44.68123 65.15628 89.24204 58.49401 51.22629 91.56699 61.72209 93.37183 41.87886 45.05236 64.54763 57.87699 82.39275 4.55434 61.238 59.83004 73.14291 47.43508 53.41925 78.08526 79.37146 65.23416 
45.43322 47.14498 43.31913 32.24083 48.26255 27.72908 43.30879 55.18873 53.46128 21.77112 18.63411 59.9876 0 64.53282 49.74178 53.59135 29.21591 47.364 58.05656 80.70286 14.80113 36.15746 25.20329 14.70151 33.63883 13.36828 52.02158 18.14116 49.9389 49.18045 8.48583 38.36565 61.934 2.21953 53.73438 39.83172 36.72695 38.7828 54.50272 51.09329 6.13072 
63.070890000000006 17.40885 67.3323 46.69252 32.14782 55.46595 29.84097 35.69311 52.57154 49.69058 82.71471 33.0977 64.53282 0 54.11259 104.54595 79.67013 86.6326 116.32397 77.76495 75.64568 99.93713 49.54379 50.65618 88.00653 72.45719 110.69797 50.39008 22.05943 89.08248 66.84063 69.95071 37.50262 66.53431 86.63772 92.27845 70.14104 36.84669 101.3128 101.04798 67.52027 
11.2589 45.24317 17.10699 19.19504 65.2424 65.88115 26.23643 21.89056 4.49538 29.29958 59.03056 25.03827 49.74178 54.11259 0 58.92047 41.23591 94.81149 75.42951 32.48994 49.32044 71.08007 59.01418 47.2324 83.37775 46.19152 71.09916 33.49091 58.20126 39.924189999999996 44.45052 81.81942 23.0266 50.14741 34.799 50.65404 24.50494 60.48123 53.62864 55.45128 55.82553 
47.6805 89.4013 41.8135 57.91201 99.02101 81.29783 75.17205 77.29896 63.08931 55.92934 41.52691 82.88053000000001 53.59135 104.54595 58.92047 0 26.08108 93.48568 18.98979 71.5908 39.1237 35.59167 78.41753 65.68514 72.99482 40.23864 17.67627 56.78591 97.55745 19.94106 45.8286 89.80261999999999 81.67731 51.67833 28.0949 13.81835 35.54597 90.18165 7.30702 3.51377 56.82442 
31.44015 63.93111 26.28681 34.12447 72.9679 56.71625 51.28457 56.38217 45.73122 30.28393 24.00911 62.04341 29.21591 79.67013 41.23591 26.08108 0 73.9568 36.92412 64.44003 16.78172 30.6793 53.0858 39.9288 55.79498 16.29945 31.63355 30.79521 71.55184 20.71725 20.85968 67.21765 61.86568 27.64328 27.13915 12.75122 17.45637 64.21401 25.60408 23.04539 33.66577 
92.27084 72.10739 90.58636 75.79773 55.92492 32.37125 79.79386 94.41214 97.88961 65.5184 52.09524 97.78467 47.364 86.6326 94.81149 93.48568 73.9568 0 89.82411 126.89799 57.18399 61.69483 39.49537 47.93801 21.53672 57.9863 84.48368 61.32608 64.87524 94.67173 55.29803 16.68687 101.04707 48.01183 100.33743 81.21171 84.05975 49.78629 96.70141 92.00697 41.52126 
64.416 100.1208 58.54583 71.02539 106.05711 84.42097 88.20864 92.55358 79.78581 66.65391 41.46463 98.21396 58.05656 116.32397 75.42951 18.98979 36.92412 89.82411 0 90.45992 43.48146 28.1347 83.12799 72.05771 68.35987 45.87478 6.03665 66.41608 106.34899 38.46930999999999 51.94777 89.54787 97.54804 55.87801 46.87575 25.07148 51.08353 96.69872 26.25531 21.70106 59.43229 
35.47944 73.88625 38.99073 51.66339 95.73396 98.37107 55.59441 42.99821 30.36502 61.48449 86.53197 44.68123 80.70286 77.76495 32.48994 71.5908 64.44003 126.89799 90.45992 0 77.13359 94.92622 91.48666 79.63514 114.11344 74.50807 87.84541 65.66012 87.50695 52.2812 74.25772 114.26211 40.27082 80.74733 43.59426 69.14157 47.57693 92.05001 64.54092 68.76325 86.83343 
42.13681 58.60929 38.17043 35.73731 62.58161 42.27316 50.66304 59.79041 53.60442 27.37719 9.71017 65.15628 14.80113 75.64568 49.32044 39.1237 16.78172 57.18399 43.48146 77.13359 0 24.65603 40.0006 28.59408 39.28821 3.44367 37.46378 25.52155 63.31643 37.49834 8.87484 51.10262 66.14672 12.73015 43.60212 25.53696 29.89765 53.21933 40.69206 36.82964 17.74371 
61.93503 82.71551 56.91861 59.84889 83.79077 59.29313 75.28271 83.75441 75.54231 52.00836 17.52378 89.24204 36.15746 99.93713 71.08007 35.59167 30.6793 61.69483 28.1347 94.92622 24.65603 0 59.4372 50.84998 40.27023 28.05056 22.96866 50.13703 86.08181 46.017 33.20598 62.24645 90.21641 33.98464 54.834810000000004 27.9692 48.09316 74.21866 42.89869 35.48507 35.37396 
59.36887 33.45581 59.53591 39.96287 24.81417 9.950520000000001 40.61131 55.45316 61.34772 31.33325 42.42381 58.49401 25.20329 49.54379 59.01418 78.41753 53.0858 39.49537 83.12799 91.48666 40.0006 59.4372 0 13.79492 38.54963 38.302130000000005 77.09204 27.62213 29.80739 71.5015 32.58918 23.93402 61.94709 27.32461 74.3203 64.60048 55.58593 15.39548 78.68903 75.73972 24.1278 
46.33049 33.27176 46.07429 28.05756 34.00258 19.40954 33.38627 47.23146 50.07951 18.34247 33.32683 51.22629 14.70151 50.65618 47.2324 65.68514 39.9288 47.93801 72.05771 79.63514 28.59408 50.84998 13.79492 0 40.52804 26.27109 66.04869 14.32854 35.23757 57.80841 20.24365 34.64219 54.0033 16.89711 60.52572 51.8999 41.81969 24.73126 65.48284 62.84924 16.86556 
78.67674 71.4325 75.98774 65.50269 61.4504 33.61042 73.87221 87.27712 87.05533 54.88289 32.40675 91.56699 33.63883 88.00653 83.37775 72.99482 55.79498 21.53672 68.35987 114.11344 39.28821 40.27023 38.54963 40.52804 0 40.93181 63.10259 50.89508 68.12114 76.3105 39.95481 26.73816 94.08062 33.39044 82.8494 61.40805 68.40446 53.039049999999996 76.76994 71.79496 27.57264 
39.20078 55.50147 35.64463 32.30481 60.25606 41.09709 47.24347 56.36549 50.43572 23.96117 12.93131 61.72209 13.36828 72.45719 46.19152 40.23864 16.29945 57.9863 45.87478 74.50807 3.44367 28.05056 38.302130000000005 26.27109 40.93181 0 39.89588 22.21225 60.59735 36.84373 6.07305 50.9346 62.73856 11.55227 42.39141 26.46549 27.62972 50.99513 41.20993 37.72526 17.37504 
60.25427 94.3753 54.43628 65.74857 100.04428 78.41712 82.84347 87.70612 75.50889 61.00765 35.50192 93.37183 52.02158 110.69797 71.09916 17.67627 31.63355 84.48368 6.03665 87.84541 37.46378 22.96866 77.09204 66.04869 63.10259 39.89588 0 60.64172 100.4207 35.575720000000004 45.96837 83.76796 92.88185 49.8421 44.34086 20.44512 46.61685 90.67624 24.88255 19.60895 53.41683 
32.00195 33.74471 31.91378 14.714 42.9086 33.70275 25.98108 37.04764 36.70785 4.19262 33.62763 41.87886 18.14116 50.39008 33.49091 56.78591 30.79521 61.32608 66.41608 65.66012 25.52155 50.13703 27.62213 14.32854 50.89508 22.21225 60.64172 0 40.77255 45.87155 17.01866 48.83078 43.79682 19.36406 47.45332 43.51242 28.47234 34.86301 55.30536 53.61436 23.65922 
63.90977 25.866880000000002 66.75962 43.93751 10.40929 34.703 32.22752 44.93471 58.37234 41.93856 68.56104 45.05236 49.9389 22.05943 58.20126 97.55745 71.55184 64.87524 106.34899 87.50695 63.31643 86.08181 29.80739 35.23757 68.12114 60.59735 100.4207 40.77255 0 85.41594 54.55302 48.19629 49.51484 52.13063 85.21567 84.23626 66.72383 15.36578 95.85763 94.37137 51.36545 
28.68685 75.4784 23.02167 42.65024 88.68313 75.93881 59.24151 59.11301 43.8605 43.74983 44.09937 64.54763 49.18045 89.08248 39.924189999999996 19.94106 20.71725 94.67173 38.46930999999999 52.2812 37.49834 46.017 71.5015 57.80841 76.3105 36.84373 35.575720000000004 45.87155 85.41594 0 40.69462 87.5027 62.90857 47.8365 8.88771 18.15851 19.01394 80.71814 13.81452 16.76825 54.13109 
38.78181 49.811840000000004 36.03293 28.77438 54.20465 35.85657 42.55797 52.69324 48.48228 19.40737 16.67224 57.87699 8.48583 66.84063 44.45052 45.8286 20.85968 55.29803 51.94777 74.25772 8.87484 33.20598 32.58918 20.24365 39.95481 6.07305 45.96837 17.01866 54.55302 40.69462 0 46.83814 59.24569 7.32337 45.35729 32.03214 28.85958 44.974909999999994 46.32417 43.17057 13.80068 
80.69918 55.6431 79.86566 62.62457 39.39435 16.6384 64.54249 79.384 84.50399 52.93443 48.759299999999996 82.39275 38.36565 69.95071 81.81942 89.80261999999999 67.21765 16.68687 89.54787 114.26211 51.10262 62.24645 23.93402 34.64219 26.73816 50.9346 83.76796 48.83078 48.19629 87.5027 46.83814 0 85.87914 39.67011 92.01892 76.50422 74.37783 33.10697 91.78659 87.73523 33.56002 
34.22316 35.95882 39.97618 30.50469 58.89508 69.24195 21.33687 6.80364 19.41786 40.29258 75.52702 4.55434 61.934 37.50262 23.0266 81.67731 61.86568 101.04707 97.54804 40.27082 66.14672 90.21641 61.94709 54.0033 94.08062 62.73856 92.88185 43.79682 49.51484 62.90857 59.24569 85.87914 0 63.05808 57.6921 72.5207 46.51197 57.50806 76.59537 78.18337 67.37279 
45.36016 49.16326 42.97429 33.08617 50.47967 29.62088 44.79858 56.345 53.96949 22.78139 16.4667 61.238 2.21953 66.53431 50.14741 51.67833 27.64328 48.01183 55.87801 80.74733 12.73015 33.98464 27.32461 16.89711 33.39044 11.55227 49.8421 19.36406 52.13063 47.8365 7.32337 39.67011 63.05808 0 52.667 37.95572 36.07149 40.99583 52.76047 49.23728 6.49164 
24.12386 74.29821 19.30552 41.43071 89.47166 79.36992 56.9006 54.64462 38.30163 44.67387 51.11115 59.83004 53.73438 86.63772 34.799 28.0949 27.13915 100.33743 46.87575 43.59426 43.60212 54.834810000000004 74.3203 60.52572 82.8494 42.39141 44.34086 47.45332 85.21567 8.88771 45.35729 92.01892 57.6921 52.667 0 26.86561 19.00267 82.09902 21.276 25.1751 59.09542 
39.86129 76.66503 34.081 46.28033 85.37018 67.55678 63.56116 67.4822 55.07152 43.02416 29.16062 73.14291 39.83172 92.27845 50.65404 13.81835 12.75122 81.21171 25.07148 69.14157 25.53696 27.9692 64.60048 51.8999 61.40805 26.46549 20.44512 43.51242 84.23626 18.15851 32.03214 76.50422 72.5207 37.95572 26.86561 0 26.1727 76.45433 15.4897 11.29651 43.28058 
14.07087 56.49064 8.83044 23.63665 70.58067 60.93373 40.37423 41.8187 28.94996 25.68704 39.05936 47.43508 36.72695 70.14104 24.50494 35.54597 17.45637 84.05975 51.08353 47.57693 29.89765 48.09316 55.58593 41.81969 68.40446 27.62972 46.61685 28.47234 66.72383 19.01394 28.85958 74.37783 46.51197 36.07149 19.00267 26.1727 0 63.10408 31.38712 32.03228 42.5516 
63.612 23.42958 65.15259 43.03096 9.57433 19.42863 37.12605 51.76633 61.77415 37.42688 56.918589999999995 53.41925 38.7828 36.84669 60.48123 90.18165 64.21401 49.78629 96.69872 92.05001 53.21933 74.21866 15.39548 24.73126 53.039049999999996 50.99513 90.67624 34.86301 15.36578 80.71814 44.974909999999994 33.10697 57.50806 40.99583 82.09902 76.45433 63.10408 0 89.54607 87.24688 38.86816 
42.37975 86.89296 36.61919 54.62338 98.07533 82.16619 71.67047 72.58746 57.6394 53.93186 44.62697 78.08526 54.50272 101.3128 53.62864 7.30702 25.60408 96.70141 26.25531 64.54092 40.69206 42.89869 78.68903 65.48284 76.76994 41.20993 24.88255 55.30536 95.85763 13.81452 46.32417 91.78659 76.59537 52.76047 21.276 15.4897 31.38712 89.54607 0 10.820789999999999 58.37985 
44.21946 86.06161 38.34584 54.45532 96.01038 78.82232 71.70306 73.7879 59.63713 52.6536 39.92322 79.37146 51.09329 101.04798 55.45128 3.51377 23.04539 92.00697 21.70106 68.76325 36.82964 35.48507 75.73972 62.84924 71.79496 37.72526 19.60895 53.61436 94.37137 16.76825 43.17057 87.73523 78.18337 49.23728 25.1751 11.29651 32.03228 87.24688 10.820789999999999 0 54.57335 
51.55035 50.12935 49.34798 38.06596 48.44249 25.03312 48.14796 60.59328 59.48526 27.49464 18.31672 65.23416 6.13072 67.52027 55.82553 56.82442 33.66577 41.52126 59.43229 86.83343 17.74371 35.37396 24.1278 16.86556 27.57264 17.37504 53.41683 23.65922 51.36545 54.13109 13.80068 33.56002 67.37279 6.49164 59.09542 43.28058 42.5516 38.86816 58.37985 54.57335 0 
