26
Pensacola SaltLakeCity Gainesville Hampton Winston Tuscaloosa WestValleyCity Chattanooga Modesto Henderson Lewisville Miramar Racine Reno Lowell SanBernardino SouthLyon Newburgh Austin Montgomery GreenBay SanAntonio StPetersburg Marina Springdale Aberdeen
0 9.7119 10.9851 5.4519 11.3068 9.046700000000001 12.244 8.6053 11.5579 13.9166 9.8377 13.4089 6.406499999999999 6.2208000000000006 8.4212 12.9262 9.8543 6.3237 11.4962 12.192 14.328 13.1205 12.337 18.1301 7.546 10.6966 
9.7119 0 8.6959 6.8365 11.9218 9.6617 7.157 1.1066 9.7509 6.6195 7.5485 6.957599999999999 5.4124 6.8038 3.8672 13.0246 7.3984 7.7501999999999995 9.2047 7.4333 9.850000000000001 3.4086 5.0492 8.5323 8.129 9.9598 
10.9851 8.6959 0 10.9536 12.0853 14.3454 10.837699999999998 8.8214 14.1298 8.634599999999999 1.1474 15.653500000000001 11.4228 10.1847 12.2659 13.571800000000001 9.149799999999999 11.8673 7.4757 8.9549 13.122200000000001 11.5053 3.6467 14.223299999999998 11.5099 14.660499999999999 
5.4519 6.8365 10.953600000000002 0 5.854900000000001 3.5948 7.8727 6.4138 6.106000000000001 8.5066 12.101 7.998900000000001 7.7555000000000005 0.7689 2.9693 7.4743 4.4024 0.9137 6.0443 7.192 9.5083 8.798 11.7514 12.6782 2.0941 5.2447 
11.3068 11.921800000000001 12.0853 5.854900000000001 0 2.2601 9.3979 12.2687 11.960900000000002 7.194800000000001 13.2327 13.853800000000001 13.610400000000002 6.623800000000001 8.824200000000001 13.329200000000002 10.2573 6.768600000000001 4.6096 12.342900000000002 12.966999999999999 11.3358 12.1827 9.2787 7.949000000000001 11.0996 
9.046700000000001 9.6617 14.3454 3.5948 2.2601 0 10.353299999999999 10.0086 9.700800000000001 9.4549 15.492799999999999 11.5937 11.3503 4.363700000000001 6.5641 11.0691 7.997200000000001 4.5085 6.8697 10.7868 13.1031 9.0757 14.4428 9.7554 5.6889 8.839500000000001 
12.244 7.156999999999999 10.8377 7.8727 9.3979 10.3533 0 7.716 6.0823 2.2031 9.6903 10.778199999999998 9.233 7.866599999999999 4.9034 10.6358 5.3491 7.233599999999999 4.7883 5.4329 8.8824 8.6888 7.191 7.7918 6.541399999999999 12.342399999999998 
8.6053 1.1066 8.8214 6.4138 12.2687 10.008600000000001 7.716 0 10.8575 5.5129 7.674 8.0642 6.519 5.6972 3.4445 13.8881 8.504999999999999 7.327500000000001 8.0981 8.5399 10.9566 4.5152 6.1558 9.6389 7.022399999999999 10.172999999999998 
11.5579 9.7509 14.1298 6.106000000000001 11.9609 9.700800000000001 6.0823 10.8575 0 8.2854 15.277199999999999 10.8501 11.864899999999999 5.3371 9.0753 4.5535 4.98 7.0197 10.8706 9.433900000000001 9.9808 12.907399999999999 13.273299999999999 6.5722000000000005 6.6623 9.812899999999999 
13.916599999999999 6.6195 8.634599999999999 8.5066 7.194800000000001 9.4549 2.2031 5.5129 8.2854 0 7.4872 11.700199999999999 10.4656 9.275500000000001 6.1299 9.0195 7.5522 7.5929 2.5852 7.636000000000001 8.5699 10.0281 4.9879 5.5887 8.7445 13.7513 
9.8377 7.5485 1.1474 12.101 13.2327 15.492799999999999 9.6903 7.674 15.2772 7.4872 0 14.5061 10.2754 11.3321 11.118500000000001 14.7192 10.2972 13.014700000000001 8.623099999999999 10.1023 12.8496 10.357899999999999 2.4993 13.0759 12.657300000000001 15.8079 
13.4089 6.957599999999999 15.653499999999998 7.998900000000001 13.853800000000001 11.593700000000002 10.778199999999998 8.0642 10.8501 11.7002 14.506099999999998 0 9.0336 8.767800000000001 10.8248 9.4291 11.0196 7.0852 13.078599999999998 11.6527 12.7019 10.3662 12.006799999999998 9.631499999999999 10.093000000000002 13.2436 
6.406499999999999 5.4124 11.422799999999999 7.7555 13.6104 11.3503 9.233 6.519 11.8649 10.4656 10.2754 9.0336 0 8.5244 9.2796 14.657300000000001 9.4744 6.8418 11.5334 5.7855 14.6397 7.6483 10.4616 13.9447 8.6067 13.0002 
6.2208000000000006 6.8038 10.1847 0.7689 6.623800000000001 4.363700000000001 7.8666 5.6972 5.3371 9.275500000000001 11.332099999999999 8.767800000000001 8.5244 0 3.7382 8.243200000000002 3.6335 1.6825999999999999 6.8132 7.9609000000000005 10.2772 9.5669 10.9825 11.9093 1.3252 4.4758 
8.4212 3.8672 12.2659 2.9693 8.8242 6.5641 4.9034 3.4445 9.0753 6.1299 11.118500000000001 10.8248 9.2796 3.7382 0 10.4436 7.371700000000001 3.883 8.7151 10.1613 12.4776 7.2758 8.9164 11.7186 5.0634 8.213999999999999 
12.926200000000001 13.024600000000001 13.5718 7.4743 13.3292 11.0691 10.6358 13.8881 4.5535 9.0195 14.719199999999999 9.4291 14.6573 8.2432 10.4436 0 9.5335 7.8155 11.604700000000001 12.3312 10.0212 11.7664 14.0074 11.1257 9.5684 12.719 
9.8543 7.3984 9.149799999999999 4.4024 10.2573 7.9972 5.3491 8.504999999999999 4.98 7.5522 10.297199999999998 11.0196 9.4744 3.6335 7.371700000000001 9.5335 0 5.3161000000000005 10.1374 4.4539 11.8994 10.807 9.9476 11.552200000000001 4.9587 8.1093 
6.3237 7.7501999999999995 11.8673 0.9137 6.768599999999999 4.5085 7.233599999999999 7.327500000000001 7.0197 7.5929 13.0147 7.0852 6.8418 1.6825999999999999 3.883 7.8155 5.3161000000000005 0 6.958 8.1057 8.5946 7.8843 12.5808 12.0437 3.0077999999999996 6.158399999999999 
11.4962 9.2047 7.4757 6.0443 4.6096 6.8697 4.7883 8.0981 10.8706 2.5852 8.623099999999999 13.0786 11.5334 6.8132 8.7151 11.6047 10.1374 6.958 0 7.7333 8.3574 10.5218 7.5731 8.1739 8.1384 11.289 
12.192 7.4333 8.9549 7.192 12.3429 10.7868 5.4329 8.5399 9.4339 7.636 10.1023 11.6527 5.7855 7.9609000000000005 10.1613 12.3312 4.4539 8.1057 7.7333 0 11.8818 6.8429 7.935 10.242999999999999 6.727 12.4367 
14.328 9.850000000000001 13.1222 9.5083 12.967 13.103100000000001 8.8824 10.956600000000002 9.9808 8.569899999999999 12.8496 12.701899999999998 14.639699999999998 10.2772 12.4776 10.0212 11.8994 8.5946 8.3574 11.8818 0 10.281600000000001 10.3503 8.7622 11.602400000000001 14.753 
13.1205 3.4086 11.505299999999998 8.798 11.335799999999999 9.0757 8.6888 4.5152 12.907399999999999 10.0281 10.357899999999999 10.3662 7.6483 9.5669 7.2758 11.7664 10.806999999999999 7.8843 10.521799999999999 6.8429 10.281600000000001 0 7.858599999999999 8.0909 9.6492 6.5512 
12.337 5.0492 3.6467 11.7514 12.1827 14.4428 7.191 6.1558 13.273299999999999 4.9879 2.4993 12.006799999999998 10.4616 10.9825 8.9164 14.0074 9.9476 12.5808 7.5731 7.935 10.3503 7.858599999999999 0 10.5766 12.271 14.409799999999999 
18.130100000000002 8.5323 14.223299999999998 12.678200000000002 9.2787 9.7554 7.7918 9.6389 6.5722000000000005 5.5887 13.075899999999999 9.631499999999999 13.944700000000001 11.909300000000002 11.7186 11.1257 11.552200000000001 12.0437 8.1739 10.243 8.7622 8.0909 10.5766 0 10.8841 14.6421 
7.546 8.129 11.5099 2.0941 7.949 5.6889 6.541399999999999 7.022399999999999 6.6623 8.744499999999999 12.6573 10.093 8.6067 1.3252 5.0634 9.5684 4.9587 3.0078 8.1384 6.727 11.6024 9.6492 12.271 10.8841 0 5.800999999999999 
10.6966 9.9598 14.660499999999999 5.2447 11.0996 8.839500000000001 12.3424 10.172999999999998 9.812899999999999 13.7513 15.807899999999998 13.2436 13.0002 4.4758 8.214 12.719 8.1093 6.1584 11.289 12.4367 14.753 6.5512 14.4098 14.6421 5.800999999999999 0 
