10
B C E F H I L M N G
0 5.0 8.0 7.0 7.0 32.0 38.0 37.0 38.0 14.0 
5.0 0 5.0 6.0 6.0 31.0 37.0 36.0 37.0 13.0 
8.0 5.0 0 5.0 7.0 32.0 38.0 37.0 38.0 14.0 
7.0 6.0 5.0 0 6.0 31.0 37.0 36.0 37.0 13.0 
7.0 6.0 7.0 6.0 0 31.0 37.0 36.0 37.0 13.0 
32.0 31.0 32.0 31.0 31.0 0 8.0 9.0 8.0 18.0 
38.0 37.0 38.0 37.0 37.0 8.0 0 5.0 8.0 24.0 
37.0 36.0 37.0 36.0 36.0 9.0 5.0 0 5.0 23.0 
38.0 37.0 38.0 37.0 37.0 8.0 8.0 5.0 0 24.0 
14.0 13.0 14.0 13.0 13.0 18.0 24.0 23.0 24.0 0 
