51
ab6081 22f6f5 8035d3 75b2ff 1aedf0 a3ccd4 bf356c ccf3af e758e6 efb6f6 bd00fb 9e3235 76bb8e bf7494 390b11 363906 444533 940b78 909532 d4f94d 6d606b 1c3716 e17800 c0df7c 20ec85 22b74c 525361 de59c9 6d8fd3 bb4650 ae5d4a a4f7ab 98b7f9 ef9cce 3c1987 b9fcab 194181 518f91 e99176 444f08 d1ae8e 770b7a d36b6f 83454a 8903f8 ff448b c845ed 5b1cb0 fc6ab6 640320 1efe0a
0 45.27693 18.35756 62.36986 63.07139 93.47727 71.47027 45.88028 23.19483 41.04875 96.06703 6.7082 31.38471 5.0 24.83948 73.5459 62.80127 27.0 79.40403 48.308440000000004 50.35871 28.01785 78.00859 87.23531 22.98702 85.72999999999999 24.02082 28.60085 71.11259 63.13947 35.01428 44.38468 41.82531 41.43426 107.72800000000001 30.650190000000002 47.914 20.30967 69.88028 93.58771999999999 86.96374 43.90234 59.77458 62.482 38.58756 77.12976 23.43909 84.00595 43.38202 89.55445 20.88061 
45.27693 0 52.7731 33.28663 47.43864 51.41984 63.51378 23.12678 31.04835 30.08322 94.66784 43.41659 63.56886 46.40043 53.1312 60.30755 81.22157999999999 38.41476 51.96817 23.12452 40.85318 34.1321 39.41607 45.24496 45.27693 49.36598 32.75668 54.163920000000005 48.84417 43.13931 33.53769 73.75636 22.13594 30.16019 105.13108 43.41659 81.59662 29.83287 39.35734 51.62364 44.91102 78.43493000000001 89.26926 19.53638 51.07389 43.9659 47.29712 60.20797 16.12452 83.31277 57.70615 
18.35756 52.7731 0 59.54054 55.54278 94.65396 59.388149999999996 45.45327 39.45884 36.71512 80.76893 13.34166 13.527529999999999 23.02173 7.61577 63.00794 45.62893 43.93578 74.07221999999999 57.57603 42.40599 45.12206 78.87332 88.72993 28.30194 83.72574 40.79216 14.071069999999999 65.14599 56.32051 52.40217 26.24881 54.08327 56.14268 92.13577 14.28217 30.64464 24.5153 65.86988 93.04981 88.09086 28.02173 41.97618 68.25253 24.33105 74.29171 7.07107 76.48529 55.9017 75.74620999999999 5.0 
62.36986 33.28663 59.54054 0 24.08377 38.092909999999996 35.69314 17.0 59.2019 22.82542 66.40783 57.28001 64.53681 65.76473 55.21775 30.08322 67.06713 63.132329999999996 18.68154 45.407070000000004 27.47077 64.40196 27.66271 35.09099 67.26521 24.18677 61.31649 58.67232 22.09722 13.15295 65.30114 70.41221 55.00909 62.16912 75.6439 58.18076 82.03658 47.26521 22.94045 34.71311 31.38471 77.7946 82.17898 29.96665 43.27817 14.86607 55.54278 26.92582 49.411150000000006 53.31041 64.47712 
63.07139 47.43864 55.54278 24.08377 0 50.15974 19.64688 24.83948 65.51754 22.56103 50.69517 57.0 57.24509 68.07139000000001 49.67766 15.0 53.23533 69.77829 19.57442 59.335440000000006 13.34166 71.11259 37.85807 46.33076 69.87131 33.92428 67.62396 54.57272 10.63015 19.57442 72.71864 59.66574 65.43699 76.32911999999999 61.264179999999996 57.0 73.4983 50.21952 16.76305 47.093540000000004 45.22168 68.8186 70.29225 45.987660000000005 34.48188 24.36725 53.33854 22.270400000000002 63.563159999999996 39.44587 59.48489 
93.47727 51.41984 94.65396 38.092909999999996 50.15974 0 66.70832 51.97597 82.46818999999999 60.91833 93.00538 89.69666 101.17841 95.75875 91.28527 59.03389 103.31524999999999 84.5281 35.290440000000004 57.14018 59.70241 85.32878 24.11199 21.05938 96.69677 18.02776 84.17244 93.8616 40.80441 47.42362 82.38932 106.82696 71.17585 78.06226 99.56728 89.69666 118.91622 77.5258 34.15031 13.77927 6.7082 115.24938 119.35821999999999 35.12834 80.55635 26.341659999999997 92.47288 44.104569999999995 64.12488 79.00633 99.65396 
71.47027 63.51378 59.388149999999996 35.69314 19.64688 66.70832 0 42.43819 79.05694 36.12478 33.72303 65.82139 56.4358 76.2168 52.08647 28.779139999999998 41.53635 83.8392 31.95309 75.08319 24.08319 85.21600000000001 56.0357 63.65583 79.84986 49.0408 81.27115 58.30952 27.412869999999998 22.56103 88.00395 54.42426 82.07314 88.39118 41.6173 64.84597 69.57011 61.773779999999995 35.0 63.35373 63.44217999999999 64.51356 61.03278 65.14599 35.0571 41.81542 59.43904 26.40076 78.24321 19.79899 62.0571 
45.88028 23.12678 45.45327 17.0 24.83948 51.97597 42.43819 0 42.2019 11.40175 73.57309 41.60138 54.85711 49.07476 46.36744 39.59798 63.28507 46.17359 35.68154 44.195859999999996 23.44334 47.43416 41.360079999999996 47.18897 50.41381 39.84972 44.38468 44.68781 31.966 23.02173 48.30114 60.64604 40.60788 53.28697 84.05548999999999 41.60138 71.7093 30.41381 24.0 47.70744 45.28944 68.61283 74.67262 31.407909999999998 35.11649 31.40064 40.49691 42.38889 39.2513 62.237179999999995 50.45327 
23.19483 31.04835 39.45884 59.2019 65.51754 82.46818999999999 79.05694 42.2019 0 43.41659 107.56393 29.90303 52.77618 21.18962 44.97838 78.77182 80.95678 9.930109999999999 77.88344000000001 32.66682 55.22681 6.708209999999999 70.46442 76.15773 17.49286 79.60555 2.23607 39.62323 70.6147 64.2573 13.988319999999998 65.58474 20.04056 20.12462 119.22583 31.60555 67.22125 18.60108 65.76473 82.67199 75.9276 66.1211 81.3941 48.10405 52.43091 72.1734 36.06533 84.48077 25.66682 98.67297 43.10452 
41.04875 30.08322 36.71512 22.82542 22.56103 60.91833 36.12478 11.40175 43.41659 0 66.32229 41.2601 43.45536 46.04875 34.96569 36.43696 52.7082 48.20534 38.47077 47.29387 12.04159 49.56362 43.18565 53.07542 47.38143 47.012190000000004 45.65266 35.8469 30.06659 22.09072 51.87958 49.24429 46.2277 57.08216 77.23341 35.35534 60.30755 27.65863 29.15476 56.72742 54.21013 57.493210000000005 63.4123 42.59715 23.71474 37.57659 32.89377 43.10452 43.04649 55.9017 41.71512 
96.06703 94.66784 80.76893 66.40783 50.69517 93.00538 33.72303 73.57309 107.56393 66.32229 0 89.35883 73.08215 101.0198 73.99456 40.47686 44.0 112.48555 58.10215 105.15227 56.76069 113.89908 85.02112 91.13726 105.63765 75.0 109.72961000000001 79.62412 55.10898 56.162580000000005 117.42006 65.62012 112.44554 118.44668999999999 11.6619 89.38046 80.23695000000001 89.39258000000001 64.53681 89.02247 91.60556 75.7805 64.38167 96.20811 57.94103 68.35934 82.8553 49.0408 109.04128 14.0 81.70679 
6.7082 43.41659 13.34166 57.28001 57.0 89.69666 65.82139 41.60138 29.90303 41.2601 89.35883 0 26.86919 11.7082 18.86796 67.08204 56.85948 30.59412 73.82412 46.51881 44.10215 34.191410000000005 73.92564 83.52875 16.27882 81.4511 29.71927 27.41273 65.37584 57.07889 40.59471 39.56008 41.4367 43.01163 101.0198 27.20294 41.205799999999996 13.60147 65.24422 88.58894 83.00602 40.11317 55.31727 60.10824 31.90611 72.12489 20.41273 78.02564 50.090219999999995 83.04339 17.269370000000002 
31.38471 63.56886 13.527529999999999 64.53681 57.24509 101.17841 56.4358 54.85711 52.77618 43.45536 73.08215 26.869189999999996 0 35.77709 12.957419999999999 61.61169 35.42907 57.300430000000006 76.54605000000001 69.42622 44.41846 58.46383 86.64101 95.52487 41.14637999999999 88.40814 54.29181 13.15295 67.60178 58.66856 65.14339 13.268740000000001 67.14228 69.35419 84.43341 26.68333 18.02776 37.484 70.0 99.03535 94.93451 14.86607 28.63564 77.82673 22.84732 78.60233 20.09975 77.25283 69.42922999999999 70.34913 15.274469999999999 
5.0 46.40043 23.02173 65.76473 68.07139000000001 95.75875 76.2168 49.07476 21.18962 46.04875 101.0198 11.7082 35.77709 0 29.73214 78.1025 67.62396 30.537659999999995 83.15047 52.052369999999996 54.74486 26.09376 80.82186 90.39782 27.98702 88.76936 21.62162 23.60085 75.00667 67.06713 32.49706 48.75449 38.48376 38.07887 112.6817 25.650190000000002 47.38143 25.30967 72.7176 95.54485 89.05055 47.357169999999996 63.95693 65.15482 43.56604 80.41808 18.43909 88.09093000000001 45.052369999999996 94.42987 25.07987 
24.83948 53.1312 7.61577 55.21775 49.67766 91.28527 52.08647 46.36744 44.97838 34.96569 73.99456 18.86796 12.957419999999999 29.73214 0 56.576080000000005 38.01316 48.70318 68.5575 58.85576 36.40055 50.013329999999996 75.66373 85.56284 35.14678 79.32213 45.54119 18.6619 59.61543 50.69517 56.04463 22.85341 57.14018 60.01666 85.50891 18.872999999999998 28.6531 27.07397 61.05735 89.37561 84.8646 25.63201 38.0526 67.1193 17.02939 69.65968 11.6619 70.34202 58.07753 68.15424 10.04988 
73.5459 60.30755 63.00794 30.08322 15.0 59.03389 28.779139999999998 39.59798 78.77182 36.43696 40.47686 67.08204 61.61169 78.1025 56.576080000000005 0 49.15817 83.35466 24.04163 70.93659 26.73669 84.79465 49.192350000000005 56.22277 81.32035 41.23106 81.00789 62.21713 19.0263 27.97057 87.19281000000001 63.37023000000001 80.10647 86.68333 52.138760000000005 67.08204 75.77497 62.39391 28.28427 55.44227 55.22681 70.79085 69.76943 60.00833 40.20403 33.13608 62.294669999999996 34.33726 75.66373 26.476860000000002 66.18912 
62.80127 81.22157999999999 45.62893 67.06713 53.23533 103.31524999999999 41.53635 63.28507 80.95678 52.7082 44.0 56.85948 35.42907 67.62396 38.01316 49.15817 0 85.86617 71.02816 89.80535 46.072720000000004 87.66498999999999 89.9002 99.00505 72.8011 86.95401 83.19284999999999 44.04543 63.29342 55.9017 92.70383 22.84732 92.09849 96.01096 54.33231 56.886160000000004 36.49658 62.76942 69.77822 100.18504 98.0867 31.7805 25.08339 90.55385 30.41381 77.41447 49.67506 67.30526 91.00549 46.394490000000005 46.55386 
27.0 38.41476 43.93578 63.132329999999996 69.77829 84.5281 83.8392 46.17359 9.930109999999999 48.20534 112.48555 30.59412 57.300430000000006 30.537659999999995 48.70318 83.35466 85.86617 0 81.25269 28.63564 60.228390000000005 15.89572 70.34913 78.26238 19.92486 82.02439 11.423580000000001 44.14748 74.63269000000001 68.54196 23.17583 70.10899 16.27882 29.312130000000003 124.00067 34.32456 71.02816 28.53119 69.42622 84.85281 78.08969 70.34913 85.90693 50.65836 57.42822 75.53807 37.36308 88.56082 22.47221 103.42004 47.38143 
79.40403 51.96817 74.07221999999999 18.68154 19.57442 35.290440000000004 31.95309 35.68154 77.88344000000001 38.47077 58.10215 73.82412 76.54605000000001 83.15047 68.5575 24.04163 71.02816 81.25269 0 62.38505000000001 32.20248 83.0835 27.51363 33.06055 85.0 17.26268 79.62412 73.13929 8.94427 17.88854 82.5409 79.02531 73.40981 80.62258 65.8744 73.82611 92.92743 65.0 18.4311 31.40064 38.47171 88.23818 89.14034 44.55334 53.888679999999994 10.77033 71.06335 10.29563 68.09269 44.10215 78.23352 
48.308440000000004 23.12452 57.57603 45.407070000000004 59.335440000000006 57.14018 75.08319 44.195859999999996 32.66682 47.29387 105.15227 46.51881 69.42622 52.052369999999996 58.85576 70.93659 89.80535 28.63564 62.38505000000001 0 51.0 32.71753 44.28318 51.124520000000004 44.55334 57.72348 30.43075 57.28001 58.83458 53.75872 25.43742 80.50466 14.03567 21.03567 115.98291 46.51881 86.42435 33.24154 49.39636 58.0 51.0098 84.27717 96.39196 22.02272 60.13656 53.31041 50.59644 70.93716 7.0 93.60021 62.29811000000001 
50.35871 40.85318 42.40599 27.47077 13.34166 59.70241 24.08319 23.44334 55.22681 12.04159 56.76069 44.10215 44.41846 54.74486 36.40055 26.73669 46.072720000000004 60.228390000000005 32.20248 51.0 0 61.29437 48.434400000000004 55.86268 57.72348 44.55334 57.46288 41.23106 23.25941 14.31782 63.92076 48.104079999999996 58.13777 64.3506 65.29931 44.10215 61.65057 39.653099999999995 29.56512 56.625460000000004 53.33854 56.72742 60.20797 48.03224 22.02272 34.65545 44.93536 35.11577 55.08808 43.88218 46.20845 
28.01785 34.1321 45.12206 64.40196 71.11259 85.32878 85.21600000000001 47.43416 6.708209999999999 49.56362 113.89908 34.19141 58.46383 26.093759999999996 50.013329999999996 84.79465 87.66498999999999 15.895719999999999 83.0835 32.71753 61.29437 0 71.25307 79.07591 24.20107 83.49808 4.47214 45.35416 75.89466 69.857 7.28011 71.31567 18.68186 13.41641 125.31959 31.7805 72.06247 25.0 70.61161 85.75574 78.91768 71.52946 87.09824 50.44799 58.83785 76.71498 38.9916 89.82305 27.452080000000002 104.82535999999999 48.50773 
78.00859 39.41607 78.87332 27.66271 37.85807 24.11199 56.0357 41.360079999999996 70.46441999999999 43.18565 85.02112 73.92564 86.64101000000001 80.82186 75.66373 49.19235 89.9002 70.34913 27.51363 44.28318 48.434400000000004 71.25307 0 9.89949 81.87239 15.0 69.72087 78.61702 30.16605 36.15655 69.19433000000001 91.83681 58.13777 65.2764 92.75362 73.92565 103.47947 62.60165000000001 21.09502 17.1796 24.25067 99.48869 104.80935 31.74243 65.45991 16.76305 76.07942 37.78685 51.245290000000004 71.02112 83.87332 
87.23531 45.24496 88.72993 35.09099 46.33076 21.059379999999997 63.65583 47.18897 76.15773 53.07542 91.13726 83.52875 95.52487 90.39782 85.56284 56.22277 99.00505 78.26238 33.06055 51.124520000000004 55.86268 79.07591 9.89949 0 89.31965 16.76305 77.97739 87.9659 37.48333 43.58483 76.25771 101.7363 65.06919 72.00694 98.15294 83.52844 113.35784 71.11962 30.994510000000002 7.28011 14.35118 109.38818 114.42801 37.57132 75.21303 23.08679 85.96919 42.57934 58.124520000000004 77.1627 93.72993 
22.98702 45.27693 28.30194 67.26521 69.87131 96.69677 79.84986 50.41381 17.49286 47.38143 105.63765 16.27882 41.14637999999999 27.98702 35.14678 81.32035 72.8011 19.92486 85.0 44.55334 57.72348 24.201069999999998 81.87239 89.31965 0 89.78292 19.72893 42.37301 77.44802 69.47215 31.48118 54.16963 34.98571 33.83785 117.18911 33.60147 52.61179 20.0 74.16873 95.18929 90.18795 52.63079 69.28925 62.76942 48.01042 81.61495 35.37301 90.44888 39.82462 98.38699 30.46309 
85.72999999999999 49.36598 83.72574 24.18677 33.92428 18.02776 49.0408 39.84972 79.60555 47.012190000000004 75.0 81.4511 88.40814 88.76936 79.32213 41.23106 86.95401 82.02439 17.26268 57.72348 44.55334 83.49808 15.0 16.76305 89.78292 0 81.09902 82.8553 23.70654 31.40064 82.59866 92.63369 71.19691 78.57248 81.61495 81.4511 105.66195 70.0928 18.43909 24.04316 24.73596 101.23958 104.01923 37.16181 66.54655 9.89949 79.72955 26.07681 64.53681 61.0 88.32327 
24.02082 32.75668 40.79216 61.31649 67.62396 84.17244 81.27115 44.38468 2.23607 45.65266 109.72961000000001 29.71927 54.29181 21.62162 45.54119 81.00789 83.19284999999999 11.423580000000001 79.62412 30.43075 57.46288 4.47214 69.72087 77.97739 19.72893 81.09902 0 41.8593 72.81988000000001 66.48308 11.75225 66.94027 17.80449 17.888550000000002 121.16612 33.09902 68.00735 20.83715 67.89698 84.34546999999999 77.66595 67.30491 82.76473 49.697230000000005 54.40588 74.33811999999999 38.3014 86.71684 23.43075 100.80206 44.28318 
28.60085 54.163920000000005 14.071069999999999 58.67232 54.57272 93.8616 58.30952 44.68781 39.62323 35.8469 79.62412 27.412729999999996 13.15295 23.60085 18.6619 62.21713 44.04543 44.14748 73.13929 57.28001 41.23106 45.35416 78.61702 87.9659 42.373009999999994 82.8553 41.8593 0 64.19502 55.36244 52.63427 25.96151 54.04253 56.25444 91.28602000000001 13.60147 31.18071 24.33105 65.00018 92.20087 89.09504000000001 28.01902 41.7732 69.00806 30.86482 73.42349 7.0 75.52675 57.092929999999996 74.79957999999999 19.07107 
71.11259 48.84417 65.14599 22.09722 10.63015 40.80441 27.412869999999998 31.966 70.6147 30.06659 55.10898 65.37584 67.60178 75.00667 59.61543 19.0263 63.29342 74.63269000000001 8.94427 58.83458 23.25941 75.89466 30.16605 37.48333 77.44802 23.70654 72.81988000000001 64.19502 0 8.94427 76.55717 70.29225 68.09552 79.00435999999999 63.56886 65.37584 84.05355 57.72522 9.48683 37.33631 36.49658 79.40417 80.9224 43.08743 44.94441 18.08916 62.36986 19.2399 64.96869 41.48494 69.28925 
63.13947 43.13931 56.32051 13.15295 19.57442 47.42362 22.56103 23.02173 64.2573 22.09072 56.162580000000005 57.07889 58.66856 67.06713 50.69517 27.97057 55.9017 68.54196 17.88854 53.75872 14.31782 69.857 36.15655 43.58483 69.47215 31.40064 66.48308 55.36244 8.94427 0 71.19691 61.6198 63.60031 70.45566 63.06346 57.07889 75.31048000000001 49.74935 18.4311 44.34761 42.37924 70.62123 72.62231 42.72002 36.05551 21.63331 53.75872 21.0238 59.26383 42.36002 60.50515 
35.01428 33.53769 52.40217 65.30114 72.71864 82.38932 88.00395 48.30114 13.98832 51.87958 117.42006 40.59471 65.14339 32.49706 56.04463 87.19281000000001 92.70383 23.175829999999998 82.5409 25.43742 63.92076 7.28011 69.19433000000001 76.25771 31.481180000000002 82.59866 11.75225 52.63427 76.55717 71.19691 0 77.66595 11.40175 20.69652 128.70122 39.06061 79.00633 29.96665 72.30114 83.09633 76.1643 78.24854 93.55747 47.45726 63.63175 75.94277 46.27171 90.69003000000001 32.43742 107.71787 55.22681 
44.38468 73.75636 26.24881 70.41221 59.66574 106.82696 54.42426 60.64604 65.58474 49.24429 65.62012 39.56008 13.268740000000001 48.75449 22.85341 63.37023000000001 22.84732 70.10899 79.02531 80.50466 48.104079999999996 71.31567 91.83681 101.7363 54.16963 92.63369 66.94027 25.96151 70.29225 61.6198 77.66595 0 79.26521 81.88406 76.48529 39.56008 15.29706 49.26268 74.73761 104.35037 101.01119 10.19804 21.07672 87.95751 28.44426 82.73452 32.75668 79.29164 80.025 65.23942 23.70654 
41.82531 22.13594 54.08327 55.00909 65.43699 71.17585 82.07314 40.60788 20.04056 46.2277 112.44554 41.4367 67.14228 38.48376 57.14018 80.10646999999999 92.09849 16.27882 73.40981 14.03567 58.13777 18.68186 58.13777 65.06919 34.98571 71.19691 17.80449 54.04253 68.09552 63.60031 11.40175 79.26521 0 32.09827 123.43574000000001 41.4367 82.6083 32.36996 61.32699 72.00694 65.04547 81.15417 95.18929 36.05551 61.68468 66.10184 47.04253 81.93491 21.03567 101.87213 58.30952 
41.43426 30.16019 56.14268 62.16912 76.32911999999999 78.06226 88.39118 53.286970000000004 20.12462 57.08216 118.44668999999999 43.01163 69.35419 38.07887 60.01666 86.68333 96.01096 29.312130000000003 80.62258 21.03567 64.3506 13.41641 65.2764 72.00694 33.83785 78.57248 17.888550000000002 56.25444 79.00435999999999 70.45566 20.69652 81.88406 32.09827 0 129.5903 45.19691 84.05355 33.24154 69.51753 79.01389 72.02779 83.02409 97.86726 43.0 66.49880999999999 73.37575 49.25444 89.09494000000001 14.03567 108.18965 60.00833 
107.72800000000001 105.13108 92.13577 75.6439 61.264179999999996 99.56728 41.6173 84.05548999999999 119.22583 77.23341 11.6619 101.0198 84.43341 112.6817 85.50891 52.138760000000005 54.33231 124.00067 65.8744 115.98291 65.29931 125.31959 92.75362 98.15294 117.18911 81.61495 121.16612 91.28602000000001 63.56886 63.06346 128.70122 76.48529 123.43574000000001 129.5903 0 101.0198 90.79648 100.90693 73.05477 97.27503999999999 97.16481 86.11281 76.04357 105.61055 69.45538 76.60257 94.5172 55.57877 119.80818 25.6619 93.2309 
30.650190000000002 43.41659 14.28217 58.18076 57.0 89.69666 64.84597 41.60138 31.60555 35.35534 89.38046 27.20294 26.68333 25.650190000000002 18.872999999999998 67.08204 56.88616 34.32456 73.82611 46.51881 44.10215 31.7805 73.92565 83.52844 33.60147 81.4511 33.09902 13.60147 65.37584 57.07889 39.06061 39.56008 41.4367 45.19691 101.0198 0 41.19466 13.60147 64.5101 88.67578 83.01026 41.0941 55.31897 60.10824 32.7062 72.93193 7.2111 78.10269 43.9659 82.8553 19.28217 
47.913999999999994 81.59662 30.64464 82.03658 73.4983 118.91622 69.57011 71.7093 67.22125 60.30755 80.23695000000001 41.205799999999996 18.02776 47.38143 28.6531 75.77497 36.49658 71.02816 92.92743 86.42435 61.65057 72.06247 103.47947 113.35784 52.61179 105.66195 68.00735 31.18071 84.05355 75.31048000000001 79.00633 15.29706 82.6083 84.05355 90.79648 41.19466 0 53.3669 87.87052 116.67612 112.60995 5.09902 32.176680000000005 95.77239999999999 39.81213 95.77578 35.90265 92.80877 84.72308 80.399 28.12075 
20.30967 29.83287 24.5153 47.26521 50.21952 77.5258 61.773779999999995 30.41381 18.60108 27.65863 89.39258000000001 13.60147 37.484 25.30967 27.07397 62.39391 62.76942 28.531190000000002 65.0 33.24154 39.653099999999995 25.0 62.60165000000001 71.11962 20.0 70.0928 20.83715 24.33105 57.72522 49.74935 29.96665 49.26268 32.36996 33.24154 100.90693 13.60147 53.3669 0 54.23099 76.55717 70.83927 51.47815 65.12657 46.69047 33.83785 61.81424 17.46425 70.5762 40.24154 80.99383 29.12044 
69.88028 39.35734 65.86988 22.94045 16.76305 34.15031 35.0 24.0 65.76473 29.15476 64.53681 65.24422 70.0 72.7176 61.05735 28.28427 69.77822 69.42622 18.4311 49.39636 29.56512 70.61161 21.09502 30.994510000000002 74.16873 18.43909 67.89698 65.00018 9.48683 18.4311 72.30114 74.73761 61.32699 69.51753 73.05477 64.5101 87.87052 54.23099 0 30.52868 37.59975 83.49697 86.02325 33.6006 49.59413 8.60233 62.04853 23.415219999999998 55.48186 50.96077 70.28971 
93.58771999999999 51.62364 93.04981 34.71311 47.093540000000004 13.77927 63.35373 47.70744 82.67199 56.72742 89.02247 88.58894 99.03535 95.54485 89.37561 55.44227 100.18504 84.85281 31.40064 58.0 56.625460000000004 85.75574 17.1796 7.28011 95.18929 24.04316 84.34546999999999 92.20087 37.33631 44.34761 83.09633 104.35037 72.00694 79.01389 97.27503999999999 88.67578 116.67612 76.55717 30.52868 0 7.07107 112.50771 116.54076 36.01389 77.98718 26.48609 88.20431 41.69627 65.0 75.02666 97.80082 
86.96374 44.91102 88.09086 31.38471 45.22168 6.7082 63.44217999999999 45.28944 75.9276 54.21013 91.60556 83.00602 94.93451 89.05055 84.8646 55.22681 98.0867 78.08969 38.47171 51.0098 53.33854 78.91768 24.25067 14.35118 90.18795 24.73596 77.66595 89.09504 36.49658 42.37924 76.1643 101.01119 65.04547 72.02779 97.16481 83.01026 112.60995 70.83927 37.59975 7.07107 0 108.57716 113.53414 35.51483 74.4043 33.049859999999995 85.78635 48.767340000000004 58.0098 77.98152 92.95698 
43.90234 78.43493000000001 28.02173 77.7946 68.8186 115.24938 64.51356 68.61283 66.1211 57.493210000000005 75.7805 40.11317 14.86607 47.357169999999996 25.63201 70.79085 31.7805 70.34913 88.23818 84.27717 56.72742 71.52946 99.48869 109.38818 52.63079 101.23958 67.30491 28.01902 79.40417 70.62123 78.24854 10.19804 81.15417 83.02409 86.11281 41.0941 5.09902 51.47815 83.49697 112.50771 108.57716 0 27.19256 92.6928 34.71311 91.38287 34.1321 87.70975 82.8734 75.35424 23.02173 
59.77458 89.26926 41.97618 82.17898 70.29225 119.35821999999999 61.03278 74.67262 81.3941 63.4123 64.38167 55.31727 28.63564 63.95693 38.0526 69.76943 25.08339 85.90693 89.14034 96.39196 60.20797 87.09824 104.80935 114.42801 69.28925 104.01923 82.76473 41.7732 80.9224 72.62231 93.55747 21.07672 95.18929 97.86726 76.04357 55.31897 32.176680000000005 65.12657 86.02325 116.54076 113.53414 27.19256 0 101.98344999999999 39.92493 94.20191 48.735389999999995 87.43354 96.00521 67.35726 38.8973 
62.482 19.53638 68.25253 29.96665 45.987660000000005 35.12834 65.14599 31.407909999999998 48.10405 42.59715 96.20811 60.10824 77.82673 65.15482 67.1193 60.00833 90.55385 50.65836 44.55334 22.02272 48.03224 50.44799 31.74243 37.57132 62.76942 37.16181 49.697230000000005 69.00806 43.08743 42.72002 47.45726 87.95751 36.05551 43.0 105.61055 60.10824 95.77239999999999 46.69047 33.6006 36.01389 35.51483 92.6928 101.98344999999999 0 62.40726 35.61224000000001 62.00806 54.848969999999994 29.01724 83.25885 73.25253 
38.58756 51.07389 24.33105 43.27817 34.48188 80.55635 35.0571 35.11649 52.43091 23.71474 57.94103 31.90611 22.84732 43.56604 17.02939 40.20403 30.41381 57.42822 53.888679999999994 60.13656 22.02272 58.83785 65.45991 75.21303 48.01042 66.54655 54.40588 30.86482 44.94441 36.05551 63.63175 28.44426 61.68468 66.49880999999999 69.45538 32.7062 39.81213 33.83785 49.59413 77.98718 74.4043 34.71311 39.92493 62.40726 0 56.67817 25.4951 54.523430000000005 60.695750000000004 51.5461 27.0 
77.12976 43.9659 74.29171 14.86607 24.36725 26.341659999999997 41.81542 31.40064 72.1734 37.57659 68.35934 72.12489 78.60233 80.41808 69.65968 33.13608 77.41447 75.53807 10.77033 53.31041 34.65545 76.71498 16.76305 23.08679 81.61495 9.89949 74.33811999999999 73.42349 18.08916 21.63331 75.94277 82.73452 66.10184 73.37575 76.60257 72.93193 95.77578 61.81424 8.60233 26.48609 33.049859999999995 91.38287 94.20191 35.61224 56.67817 0 70.40885 21.0238 59.80803 54.87248 78.89204000000001 
23.43909 47.29712 7.07107 55.54278 53.33854 92.47288 59.43904 40.49691 36.06533 32.89377 82.8553 20.41273 20.09975 18.43909 11.6619 62.294669999999996 49.67506 37.36308 71.06335 50.59644 44.93536 38.9916 76.07942 85.96919 35.37301 79.72955 38.3014 7.0 62.36986 53.75872 46.27171 32.75668 47.04253 49.25444 94.5172 7.2111 35.90265 17.46425 62.04853 88.20431 85.78635 34.1321 48.735389999999995 62.00806 25.4951 70.40885 0 74.78252 51.177 76.89603 12.071069999999999 
84.00595 60.20797 76.48529 26.92582 22.270400000000002 44.104569999999995 26.40076 42.38889 84.48077 43.10452 49.0408 78.02564 77.25283 88.09093000000001 70.34202 34.33726 67.30526 88.56082 10.29563 70.93716 35.11577 89.82305 37.78685 42.57934 90.44888 26.07681 86.71684 75.52675 19.2399 21.0238 90.69003000000001 79.29164 81.93491 89.09494000000001 55.57877 78.10269 92.80877 70.5762 23.415219999999998 41.69627 48.76734 87.70975 87.43354 54.848969999999994 54.523430000000005 21.0238 74.78252 0 76.32169 35.0571 80.28076 
43.38202 16.12452 55.9017 49.411150000000006 63.56316 64.12488 78.24321 39.25130000000001 25.66682 43.04649 109.04128 50.090219999999995 69.42922999999999 45.052369999999996 58.07753 75.66373 91.00549 22.47221 68.09269 7.0 55.08808 27.452080000000002 51.245290000000004 58.124520000000004 39.82462 64.53681 23.43075 57.092929999999996 64.96869 59.26383 32.43742 80.025 21.03567 14.03567 119.80818 43.9659 84.72308 40.24154 55.48186 65.0 58.0098 82.8734 96.00521 29.01724 60.695750000000004 59.80803 51.177 76.32169 0 98.04220000000001 60.41523 
89.55445 83.31277 75.74620999999999 53.31041 39.44587 79.00633 19.79899 62.237179999999995 98.67297 55.9017 14.0 83.04339 70.34913 94.42987 68.15424 26.476860000000002 46.394490000000005 103.42004 44.10215 93.60021 43.88218 104.82535999999999 71.02112 77.1627 98.38699 61.0 100.80206 74.79957999999999 41.48494 42.36002 107.71787 65.23942 101.87213 108.18965 25.6619 82.8553 80.399 80.99383 50.96077 75.02666 77.98152 75.35424 67.35726 83.25885 51.5461 54.87248 76.89603 35.0571 98.04220000000001 0 77.74268 
20.88061 57.70615 5.0 64.47712 59.48489 99.65396 62.0571 50.45327 43.10452 41.71512 81.70679 17.269370000000002 15.274469999999999 25.07987 10.04988 66.18912 46.55386 47.38143 78.23352 62.29811000000001 46.20845 48.50773 83.87332 93.72993 30.46309 88.32327 44.28318 19.07107 69.28925 60.50515 55.22681 23.70654 58.30952 60.00833 93.2309 19.28217 28.12075 29.12044 70.28971 97.80082 92.95698 23.02173 38.8973 73.25253 27.0 78.89204 12.071069999999999 80.28076 60.41523 77.74268 0 
