26
9fb27b 909532 98b7f9 8037ff 526e97 ff448b 8216e5 9e3235 bfdfca fc6ab6 d1ae8e 22c398 1efe0a aeb965 c1e4b0 2a53b1 e17800 1aef1d ef9cce de59c9 1e3f90 390b11 2b7733 525361 d36b6f 3efbbd
0 62.93648 32.95701 90.51152 9.43398 42.62769 34.17601 28.84441 34.9285 63.32456 56.72742 89.55445 9.48683 8.24621 40.0238 31.1127 43.41659 58.8973 65.06919 17.142139999999998 45.82044 20.12461 51.62364 31.06445 20.895319999999998 55.53029 
62.93648 0 36.44685 89.89994 65.91087 32.07976 57.48913 63.56886 96.46277 72.07193000000001 82.06919 89.50152 59.50935 59.26396 46.17359 70.5195 34.05877 89.18521999999999 46.95743 75.04429999999999 68.53634 62.21954 81.30191 65.80493 53.15073 75.03533 
32.95701 36.44685 0 88.58075 33.24154 15.81139 31.76467 34.76164 63.13478 62.28965 68.97759 87.78383 32.31317 31.03389 39.26692 45.27693 30.716320000000003 71.41897 52.0 41.2102 35.301 26.4764 72.23988 34.1321 18.38478 60.03332 
90.51152 89.89994 88.58075 0 82.9329 81.8352 116.82893 115.80458 97.23169999999999 27.29469 40.01282 1.0 81.02469 82.34683 55.44367 62.587889999999994 62.36986 44.72136 42.95346 93.68031 104.23531 107.02503 46.45814 117.66053 91.41663 36.67424 
9.43398 65.91087 33.24154 82.9329 0 46.99522 43.46263 38.27532 30.61046 56.04463 47.80167 81.9329 6.40312 17.68019 37.14832 29.424850000000003 41.61962 55.86393 61.01112 18.65352 52.792770000000004 29.52965 42.52058 40.49843 18.02776 46.95743 
42.62769 32.07976 15.81139 81.8352 46.99522 0 44.1995 48.16638 75.6209 57.70615 65.9242 82.06419 47.21502 38.41875 30.08322 50.9902 26.02272 73.09485 41.96101 54.45181 48.16159 42.28779 66.88952 49.04442 33.28663 58.94496 
34.17601 57.48913 31.76467 116.82893 43.46263 44.1995 0 8.94427 64.03281 90.01532999999999 88.23831 116.43502 40.81666 40.22783 65.57714 63.838390000000004 60.14151 91.52595 82.28068 42.29657 29.15476 14.48683 83.81527 11.18034 29.12905 84.8646 
28.84441 63.56886 34.76164 115.80458 38.27532 48.16638 8.94427 0 56.0357 88.50989 84.8646 114.92958 36.79674 35.38361 61.32699 59.66574 59.43904 87.46862 83.67795 35.17101 36.35932 9.21954 80.05623 2.23607 24.41311 82.32861 
34.9285 96.46277 63.13478 97.23169999999999 30.61046 75.6209 64.03281 56.0357 0 74.37659 57.21888 96.23169999999999 37.01358 37.20215 65.02171 37.36308 70.60453 65.16596 86.40602 23.08679 80.47146000000001 50.24938 73.13104 58.07753 45.69464 61.07373 
63.32456 72.07193000000001 62.28965 27.29469 56.04463 57.70615 90.01532999999999 88.50989 74.37659 0 22.360680000000002 26.41969 59.45987 60.85057 29.06888 37.01351 38.01316 30.41641 26.68333 69.03656 79.32213 81.64537 25.622970000000002 90.54122999999998 64.14047 13.41641 
56.72742 82.06919 68.97759 40.01282 47.80167 65.9242 88.23831 84.8646 57.21888 22.360680000000002 0 39.01282 48.08326 50.58092 36.12478 26.16781 48.01042 8.06226 49.04401 56.82429 87.73513 75.69016 21.15083 87.00387 61.07373 8.94427 
89.55445 89.50152 87.78383 1.0 81.9329 82.06419000000001 116.43502 114.92958 96.23169999999999 26.41969 39.01282 0 81.4522 81.43709 54.672349999999994 63.4332 61.7171 43.73786 42.54409 92.72001 103.58571 106.25201 47.45814 116.81181 90.55385 37.67424 
9.48683 59.50935 32.31317 81.02469 6.40312 47.21502 40.81666 36.79674 37.01358 59.45987 48.08326 81.4522 0 17.73304 31.06445 23.02173 35.8469 50.80584 56.38243 17.46425 46.38965 27.65863 48.923700000000004 38.94868 13.92839 46.04346 
8.24621 59.26396 31.03389 82.34683 17.68019 38.41875 40.22783 35.38361 37.20215 60.85057 50.58092 81.43709 17.73304 0 47.430409999999995 24.41311 42.47889 52.21599 62.333380000000005 25.34406 45.54119 28.370820000000002 44.68781 37.53665 12.64911 47.43416 
40.0238 46.17359 39.26692 55.44367 37.14832 30.08322 65.57714 61.32699 65.02171 29.06888 36.12478 54.672349999999994 31.06445 47.430409999999995 0 27.65863 40.39162 43.01163 25.31798 47.85394 54.35534 55.14796 41.0683 63.56306 37.64306 28.86174 
31.1127 70.5195 45.27693 62.587889999999994 29.424850000000003 50.9902 63.838390000000004 59.66574 37.36308 37.01351 26.16781 63.4332 23.02173 24.41311 27.65863 0 38.58756 27.80288 52.976609999999994 32.02305 69.41138000000001 50.68036 47.31864 61.84658 36.95012 35.11208 
43.41659 34.05877 30.716320000000003 62.36986 41.61962 26.02272 60.14151 59.43904 70.60453 38.01316 48.01042 61.7171 35.8469 42.47889 40.39162 38.58756 0 56.072680000000005 37.483509999999995 53.31041 65.98129 51.47815 53.23383 60.87693 38.01316 41.02727 
58.8973 89.18521999999999 71.41897 44.72136 55.86393 73.09485 91.52595 87.46862 65.16596 30.41641 8.06226 43.73786 50.80584 52.21599 43.01163 27.80288 56.072680000000005 0 57.09974 57.2014 92.00694 78.41233 29.20656 89.64374 64.3506 17.0 
65.06919 46.95743 52.0 42.95346 61.01112 41.96101 82.28068 83.67795 86.40602 26.68333 49.04401 42.54409 56.38243 62.333380000000005 25.31798 52.976609999999994 37.483509999999995 57.099740000000004 0 73.17192 64.5101 75.50497 48.01042 85.16455 62.924459999999996 40.099740000000004 
17.142139999999998 75.04429999999999 41.2102 93.68031 18.65352 54.45181 42.29657 35.17101 23.08679 69.03656 56.82429 92.72001 17.46425 25.34406 47.85394 32.02305 53.31041 57.2014 73.17192 0 57.38467 28.07134 51.10773 37.40708 22.82542 57.24509 
45.82044 68.53634 35.301 104.23531 52.792770000000004 48.16159 29.15476 36.35932 80.47146000000001 79.32213 87.73513 103.58571 46.38965 45.54119 54.35534 69.41138000000001 65.98129 92.00694 64.5101 57.38467 0 34.65545 82.0061 38.595389999999995 34.78505 78.79086 
20.12461 62.21954 26.4764 107.02503 29.52965 42.28779 14.48683 9.21954 50.24938 81.64536999999999 75.69016 106.25201 27.65863 28.370820000000002 55.14796 50.68036 51.47815 78.41233 75.50497 28.07134 34.65545 0 71.74825 11.31371 17.5049 73.10951 
51.62364 81.30191 72.23988 46.45814 42.52058 66.88952 83.81527 80.05623 73.13104 25.622970000000002 21.15083 47.45814 48.923700000000004 44.68781 41.0683 47.31864 53.23383 29.20656 48.01042 51.10773 82.0061 71.74825 0 82.21922 57.33692 12.20656 
31.06445 65.80493 34.1321 117.66053 40.49843 49.04442 11.18034 2.23607 58.07753 90.54122999999998 87.00387 116.81181 38.94868 37.53665 63.56306 61.84658 60.87693 89.64374 85.16455 37.40708 38.595389999999995 11.31371 82.21922 0 26.40076 84.38602 
20.895319999999998 53.15073 18.38478 91.41663 18.02776 33.28663 29.12905 24.41311 45.69464 64.14047 61.07373 90.55385 13.92839 12.64911 37.64306 36.95012 38.01316 64.3506 62.924459999999996 22.82542 34.78505 17.5049 57.33692 26.40076 0 58.0517 
55.53029 75.03533 60.03332 36.67424 46.95743 58.94496 84.8646 82.32861 61.07373 13.41641 8.94427 37.67424 46.04346 47.43416 28.86174 35.11208 41.02727 17.0 40.099740000000004 57.24509 78.79086 73.10951 12.20656 84.38602 58.0517 0 
