51
BbyhqvohDUZK ymJllvoAiAsf ZjfLZjjegWJT VARFNCcqfgIc QifLRRQkbeZy rVqgoVgUmLRB noaMakAlHdwq DFscNnuMhxUC dDFWxTbuPymh VyXrTLUcizAa rrRAqFcoDYfk PvZWLvSzyZfH MLnLJmQHwuOS DvRTDyBMOCbT PUcvIgREsriS TbekQRoKcInv arcJTkwUqbUy tywOQDwDhjwZ hLGIbMiwjPgd MkUBuIisCVpZ uFHfCerNFIme hCxjbMrSlUJQ AMizjBPjmCZd FCrKCfVsEsBk mFYKjQfCsRtT buqjmAINqGzN dFUHctNjrywb PnbamVANEguC GuSSYBNHDbKE QHpWWcCYavdw RICmsRCgzRsB plKUVNXwKfVb jBrNTBMPxyQD GemeldahvdVv pQCFwcmaYfTN PQTqeEtJjrHq axLiuEEXvnsQ deJmWrylVSGK GKWfMfVZxbJi NlmuUUVQUbgI mtRsLIzrlNLu pkzKsTORVYro MOpktZzuQRCH SgyAcloZDNJV AGbRQRBgaOdX SojgLCNtJNvq UVLyMXgqTFaJ BkcPMTugAswL IHnRSACwPeSd EoEdLMroSPNp MfdzFvsdGbvl
0 1621.91831 1396.44022 1627.21051 1336.64836 2175.08107 2096.36693 2273.52765 1826.80042 1796.09982 1368.87884 1855.41903 1952.92672 2409.82535 2318.34519 1509.84457 1824.61463 1955.0522 1772.74978 2264.69485 1643.78926 1630.03758 1902.93008 1391.32576 1549.88286 1432.38535 2301.9920300000003 2271.5792300000003 2399.43818 2378.07138 1693.20324 2123.72387 1874.39981 2131.0206 1995.1747 1799.75273 2076.2539 1375.84808 1879.88275 2162.50226 2470.09558 2228.34902 1703.44618 1852.1712 1990.55815 1951.03677 1213.53872 2186.64583 1518.06725 2099.36242 1044.1988 
1621.91831 0 2069.1896 2066.94916 1861.76619 1108.86237 1667.44953 1113.74086 1169.22148 1574.4723 2094.91413 1931.59404 1472.69352 1527.13526 1180.89658 1666.47812 2104.37907 1446.00592 1746.77011 1895.25738 1544.8366 1022.6921 1038.92105 1014.32962 1277.10804 1815.38709 2060.6742400000003 1893.64179 2111.85239 2188.39156 2093.1701000000003 2203.8512499999997 2175.29113 1318.37177 1333.4654 1366.94995 2222.6672399999998 1716.83217 1622.18328 2174.29615 1150.8648 1497.69843 2160.18383 1943.26143 2083.39367 1012.99458 1952.46783 1358.93256 1235.86096 2231.61102 1610.3303 
1396.44022 2069.1896 0 1890.47651 1779.10208 1851.97641 1081.4689 2176.0014899999996 1155.45162 1212.33353 1636.59937 1578.37021 1908.15951 1214.47859 1018.71282 1026.33414 2136.36368 1860.3476 2095.43226 2130.63389 1297.29229 1771.88501 2134.67719 1175.32268 1988.2227 1692.54861 2103.87468 1357.33112 1109.3629 2026.2078000000001 2040.2377 1884.9764 1160.53139 1065.50421 2090.2467100000003 1066.95178 1450.35338 1331.21305 1453.74239 1767.3756 1774.95624 1759.41345 1256.70844 1415.87646 1119.47172 1056.19502 2274.22568 1383.58882 1931.25224 1367.82675 2132.60338 
1627.21051 2066.94916 1890.47651 0 1298.04317 1201.40862 1775.15427 1223.49575 1879.25729 1180.87023 1969.0049 1584.59576 1363.35494 1099.11519 1822.85105 1676.91836 1994.19052 1232.43898 1716.6144 2349.3943799999997 1261.1271 1494.915 1127.36733 1266.06891 1976.65145 1239.97518 1335.04626 1508.21015 1921.03541 1557.886 2060.15931 1200.56801 1249.43235 2161.80317 1621.82042 2305.91103 1252.31493 1292.5608 1663.64327 2300.00594 1974.54405 1205.30666 2189.75267 1999.26036 1723.68195 1558.3 2220.11696 1519.3662 1532.49811 1738.36452 1038.2988 
1336.64836 1861.76619 1779.10208 1298.04317 0 1286.33204 1956.47349 2123.74111 1337.70893 1003.83771 2090.33766 1381.24471 1198.80288 1340.37663 1045.76575 1541.10889 1658.16342 1063.39209 1305.69258 2032.77365 1247.0597 1570.89712 1392.07672 1042.23097 1005.38812 2043.8570799999998 1015.23115 1545.33569 2223.46273 1041.42302 1809.30743 1332.94037 2085.30127 2170.01628 1613.03505 2170.21901 1435.94345 1011.68324 1069.77361 1013.46404 2054.19952 1218.48534 1089.61382 1145.5262 1260.26401 1440.65518 1239.53513 1426.9649 1932.53193 1375.71152 1605.68551 
2175.08107 1108.86237 1851.97641 1201.40862 1286.33204 0 1803.12368 2068.80893 1884.91705 1492.7048 1309.03649 1762.81208 1531.55041 2125.51449 2074.03679 2260.82987 2008.9939 2086.3503 2109.75205 1240.74905 1771.24301 1042.16694 2039.68633 1787.28908 2099.13265 1162.28847 2246.33825 2114.43261 1002.99002 1950.23503 1546.17378 2223.32609 1572.99762 1834.78503 1372.71403 1104.50241 1618.12083 1032.42391 2084.89608 1404.99382 1402.84689 1279.47215 2368.64164 1218.96582 2160.76481 2108.4862700000003 1157.88494 1278.08592 2183.35748 1413.36763 2239.7074199999997 
2096.36693 1667.44953 1081.4689 1775.15427 1956.47349 1803.12368 0 2046.86591 2233.21848 1100.22041 1239.85467 1019.36456 1247.8756 2069.13019 1150.07501 1901.90861 2150.78334 2220.71961 1553.79912 2086.88382 2037.15651 1020.22392 1516.36219 1639.48393 2169.92013 1856.0389 1524.89812 1096.11854 2190.8318 1983.076 1537.06818 1024.43213 1149.71491 1380.84037 1008.77781 1687.03138 1522.63253 1204.65258 2119.8958599999996 2049.04457 1465.19342 1999.09278 1081.37243 1455.32701 2137.8758799999996 1658.83219 1782.29827 1316.45198 1811.15133 1850.64951 1594.39762 
2273.52765 1113.74086 2176.0014899999996 1223.49575 2123.74111 2068.80893 2046.86591 0 1579.20171 2084.26451 2101.9570700000004 1647.36778 1019.64878 1100.56102 1157.28867 2359.2764500000003 2127.50184 2193.34467 2251.6353799999997 2188.75498 1251.21897 1026.64199 1404.40798 1121.03619 2184.0434999999998 1829.82421 1137.74239 1679.09172 1447.11769 1905.18287 1770.35616 1779.79969 2090.53431 1747.6372 2248.3129799999997 1634.63653 1996.3045 1566.34116 1053.9675 1683.91289 1838.66951 2125.2218700000003 1704.20453 1564.28945 2281.78014 2126.7354400000004 1460.62483 1017.7362 1485.42157 1603.83835 1748.98284 
1826.80042 1169.22148 1155.45162 1879.25729 1337.70893 1884.91705 2233.21848 1579.20171 0 1842.11984 2362.50796 1724.99645 1586.77443 1872.88977 2113.7449 1423.8157 2120.20957 2344.2623000000003 2243.06155 1052.05243 1689.06984 1424.56513 1526.81293 2183.5510999999997 1373.75886 1331.46922 1556.95241 1297.20448 1378.62052 2124.69693 2145.46944 1241.84602 1586.80762 1760.24953 1331.14475 1033.42257 2369.44798 1332.80763 1941.69415 1005.07467 1937.45163 1637.0919 1732.74168 2175.15382 1196.30076 1451.181 2243.6835300000002 1826.3042 2112.2776400000002 1062.38954 2157.05062 
1796.09982 1574.4723 1212.33353 1180.87023 1003.83771 1492.7048 1100.22041 2084.26451 1842.11984 0 1468.23664 1997.5085 1346.45878 1256.36273 1508.71741 1362.49752 1218.13361 1962.47656 1523.87099 1874.71178 1871.51799 1146.75162 2044.3668499999999 2046.06868 2009.2258299999999 1485.45557 1355.67662 1828.878 1285.6951 2045.26073 1301.79025 1453.24491 2204.15265 1636.85306 2082.08824 2114.35128 1409.89775 1732.96628 1030.29701 1677.62366 1337.41554 1302.70597 2093.4515300000003 1890.526 1037.65547 2108.0545599999996 1061.89215 1215.25318 2274.68361 1641.25279 1594.69052 
1368.87884 2094.91413 1636.59937 1969.0049 2090.33766 1309.03649 1239.85467 2101.9570700000004 2362.50796 1468.23664 0 1674.94863 2296.4755800000003 1747.49092 2310.23217 1815.47439 2156.00973 1792.20784 2087.47185 1656.98801 1218.42072 1859.5373 2208.5030699999998 1693.65186 2346.70831 1515.61231 2098.5564299999996 2145.7985 1307.45572 1368.63714 2066.12148 2264.2868 1624.18218 2047.50329 1075.30255 2118.0766000000003 2259.3181000000004 1503.87863 1490.0818 1358.11587 2211.3913000000002 1258.55504 1861.90609 1532.13725 1199.66951 1701.80786 1493.96436 1781.83121 1671.50798 1913.68526 2137.30974 
1855.41903 1931.59404 1578.37021 1584.59576 1381.24471 1762.81208 1019.36456 1647.36778 1724.99645 1997.5085 1674.94863 0 2098.11474 2141.05913 1240.10085 1477.85628 1391.18294 2242.40402 1719.9349 1591.43 1877.39718 1342.8108 1337.57368 1239.7169 1496.30379 1319.52517 1657.91083 1543.16286 2299.74669 1282.65599 1907.27859 2043.79669 2097.79901 1634.77056 1083.16769 1478.97256 1225.02393 1383.89324 1754.53827 2234.50177 1887.33624 1236.66539 1085.34419 2151.6867700000003 1593.5952 1411.75913 1056.91136 1445.02065 1272.292 1662.00577 2271.26371 
1952.92672 1472.69352 1908.15951 1363.35494 1198.80288 1531.55041 1247.8756 1019.64878 1586.77443 1346.45878 2296.4755800000003 2098.11474 0 1859.12453 1020.40067 1656.95685 1658.52164 1426.75817 1965.55509 1615.18349 1392.09568 1650.67533 2215.10117 1990.97387 2114.90903 1558.97265 1016.3907 1268.29226 1309.89136 2027.89565 1220.16509 2081.98489 1803.5068 2436.9529599999996 2047.75272 2080.0157600000002 2130.0126 1092.02028 2073.61628 2212.26692 2215.63642 1608.16796 1522.7637 2302.59472 1972.17231 1326.85444 1041.20338 1872.68966 1021.89554 1320.19123 1147.76346 
2409.82535 1527.13526 1214.47859 1099.11519 1340.37663 2125.51449 2069.13019 1100.56102 1872.88977 1256.36273 1747.49092 2141.05913 1859.12453 0 1392.2955 2140.99002 1783.98691 1865.69208 1844.99017 1999.92617 2102.43854 1659.0117 1628.34623 2198.72192 1899.98299 1316.22634 2238.30341 1301.27304 2189.33087 1254.76345 1247.69328 1854.44133 1445.29128 2114.35102 1977.0084 2215.74362 1114.60811 1243.20508 1263.04261 1694.37114 1259.85117 1861.07982 1691.13402 2053.38607 1217.9932 1311.9226 1508.562 1205.87414 1462.27161 2331.69502 2137.41399 
2318.34519 1180.89658 1018.71282 1822.85105 1045.76575 2074.03679 1150.07501 1157.28867 2113.7449 1508.71741 2310.23217 1240.10085 1020.40067 1392.2955 0 1624.80733 1486.26808 2109.15784 2066.1340099999998 1354.75513 1605.69035 1031.86985 1866.20333 1452.54826 1911.99104 1241.25823 1863.21258 1544.6898 1830.88283 1007.49498 2112.75663 2174.5071399999997 1423.95167 1663.74939 1499.85361 1328.01154 1335.93004 2057.44899 1169.30322 1329.95361 1641.39415 1499.55874 1560.10441 1489.91805 1550.60901 1185.22768 1736.04971 1042.08104 1052.98164 2084.42655 1877.98791 
1509.84457 1666.47812 1026.33414 1676.91836 1541.10889 2260.82987 1901.90861 2359.2764500000003 1423.8157 1362.49752 1815.47439 1477.85628 1656.95685 2140.99002 1624.80733 0 1347.95732 2175.79982 1332.57807 2350.44365 1564.54535 1376.2845 1203.41512 1860.62727 2389.7044699999997 1858.53586 1810.12703 1669.03635 1324.46323 1764.2182 1013.90356 2082.4019 2186.86553 1225.07631 2153.5190700000003 2093.2859200000003 1985.09811 1401.10924 2082.3830900000003 1501.85699 1292.52849 1556.43715 2159.1253399999996 1707.59049 1522.66337 1818.11422 1959.47927 1388.59337 1924.16161 1087.59719 2041.70156 
1824.61463 2104.37907 2136.36368 1994.19052 1658.16342 2008.9939 2150.78334 2127.50184 2120.20957 1218.13361 2156.00973 1391.18294 1658.52164 1783.98691 1486.26808 1347.95732 0 1114.38671 1087.57372 2278.58284 1795.59655 2198.47885 1914.5179 2090.6088099999997 1324.90358 1619.02611 2162.9087 2135.6515799999997 1799.80234 1686.55319 1132.21424 1458.36992 2081.86573 1470.80439 1305.93628 1893.41315 1035.49951 1677.03421 1073.53434 1699.40573 1931.87575 1503.48447 1069.41091 1020.25225 1858.97212 2172.26003 1279.20534 1762.80997 1705.50041 2202.54961 1064.66282 
1955.0522 1446.00592 1860.3476 1232.43898 1063.39209 2086.3503 2220.71961 2193.34467 2344.2623000000003 1962.47656 1792.20784 2242.40402 1426.75817 1865.69208 2109.15784 2175.79982 1114.38671 0 1729.21415 1800.47618 1278.53592 1910.79166 2229.1141900000002 1167.68225 1527.08561 1599.80143 1106.17866 1655.68897 1920.5284 1894.09943 1753.73622 1243.15963 1103.39419 1333.65159 1845.41525 2145.5724600000003 2149.8862200000003 2075.07533 1930.7983 2076.85613 2079.58666 2171.8679300000003 2115.84901 1699.158 1536.91248 1127.45895 1398.28523 1175.60847 2202.82917 1844.4753 2179.0495300000002 
1772.74978 1746.77011 2095.43226 1716.6144 1305.69258 2109.75205 1553.79912 2251.6353799999997 2243.06155 1523.87099 2087.47185 1719.9349 1965.55509 1844.99017 2066.1340099999998 1332.57807 1087.57372 1729.21415 0 1191.00912 1938.08866 1835.71234 1684.18004 1306.02797 1610.22911 1313.82027 1839.19653 1080.81562 1591.88429 1206.0533 2137.7896 1450.90312 1821.17352 1197.46757 2176.26844 1869.09327 1694.2498 1199.41456 1197.66788 2244.8849099999998 2127.42878 1627.99366 1566.76596 1520.39133 1589.93008 1249.10088 1406.17442 1852.58535 1013.15237 1682.42976 1613.70287 
2264.69485 1895.25738 2130.63389 2349.3943799999997 2032.77365 1240.74905 2086.88382 2188.75498 1052.05243 1874.71178 1656.98801 1591.43 1615.18349 1999.92617 1354.75513 2350.44365 2278.58284 1800.47618 1191.00912 0 1573.1747 1471.50502 1572.06881 2090.39284 1027.38553 1644.26782 1431.3496 1730.61891 2243.7390699999996 2099.64183 1614.54232 1296.15398 1642.6019 2192.0136899999998 2368.94356 2085.475 1899.09769 1428.21134 1332.99036 1151.20776 2136.68442 1969.73394 2488.61465 1428.82226 1011.16217 2081.56126 1191.6311 2174.39829 2120.39902 2108.83645 1442.19167 
1643.78926 1544.8366 1297.29229 1261.1271 1247.0597 1771.24301 2037.15651 1251.21897 1689.06984 1871.51799 1218.42072 1877.39718 1392.09568 2102.43854 1605.69035 1564.54535 1795.59655 1278.53592 1938.08866 1573.1747 0 1581.0157 1907.33397 1889.5586 1601.55214 1391.66586 2154.2606699999997 2045.17171 1003.49389 1601.02804 1861.54591 1590.93673 1543.19677 1044.85728 1028.3787 1524.2947 1819.64746 1970.32002 1571.00296 1817.78634 1677.94587 1184.87865 1556.66903 1733.91412 1366.9819 1908.70567 1364.8134 1365.90009 1193.89872 1732.79048 1711.2248 
1630.03758 1022.6921 1771.88501 1494.915 1570.89712 1042.16694 1020.22392 1026.64199 1424.56513 1146.75162 1859.5373 1342.8108 1650.67533 1659.0117 1031.86985 1376.2845 2198.47885 1910.79166 1835.71234 1471.50502 1581.0157 0 1567.38247 2037.02172 2242.38918 1770.00098 1943.61801 2116.34246 1983.13628 2039.36483 1441.93154 1181.15915 1440.87418 1680.83784 1905.59865 1717.42029 1933.01037 1767.69388 1638.07071 1922.85992 1425.5355 1213.21762 1594.98769 1974.45671 2184.4070899999997 1275.96703 1512.55136 2044.3781900000001 1929.2504 2455.53457 1407.2218 
1902.93008 1038.92105 2134.67719 1127.36733 1392.07672 2039.68633 1516.36219 1404.40798 1526.81293 2044.3668499999999 2208.5030699999998 1337.57368 2215.10117 1628.34623 1866.20333 1203.41512 1914.5179 2229.1141900000002 1684.18004 1572.06881 1907.33397 1567.38247 0 2053.25067 1492.02184 2367.34251 1502.76495 1624.75174 1217.51856 1637.1719 1567.52293 1919.90548 2230.19947 1396.30115 1421.59012 2235.9568 1455.65382 1542.13895 2359.50531 1405.4439 1806.20493 1488.59832 2331.00533 1197.96891 2161.44384 1936.05452 1396.97629 2241.24622 1997.97093 1443.01148 1682.88243 
1391.32576 1014.32962 1175.32268 1266.06891 1042.23097 1787.28908 1639.48393 1121.03619 2183.5510999999997 2046.06868 1693.65186 1239.7169 1990.97387 2198.72192 1452.54826 1860.62727 2090.6088099999997 1167.68225 1306.02797 2090.39284 1889.5586 2037.02172 2053.25067 0 1063.00731 1672.85328 2057.46212 1991.26641 2255.02517 1569.20705 1078.84048 1931.94482 1160.96151 2227.63547 1766.32477 1995.62538 1885.42576 1778.08601 1017.07447 1663.49854 1848.55679 1004.18568 1145.85421 1094.21071 1740.06661 1175.26102 1193.853 2138.77239 1700.71555 2311.3897500000003 2106.63848 
1549.88286 1277.10804 1988.2227 1976.65145 1005.38812 2099.13265 2169.92013 2184.0434999999998 1373.75886 2009.2258299999999 2346.70831 1496.30379 2114.90903 1899.98299 1911.99104 2389.7044699999997 1324.90358 1527.08561 1610.22911 1027.38553 1601.55214 2242.38918 1492.02184 1063.00731 0 1038.46896 1831.15374 1948.10427 1475.98028 1072.2563 1944.20034 1403.27254 1715.64598 1164.62816 2311.3239700000004 1969.84555 1726.08858 1066.70874 1835.31158 1975.80153 2266.72495 2064.42536 1462.32674 1123.40193 1607.04829 2068.36865 1468.02422 1466.25273 1093.01349 1393.35094 1983.55226 
1432.38535 1815.38709 1692.54861 1239.97518 2043.8570799999998 1162.28847 1856.0389 1829.82421 1331.46922 1485.45557 1515.61231 1319.52517 1558.97265 1316.22634 1241.25823 1858.53586 1619.02611 1599.80143 1313.82027 1644.26782 1391.66586 1770.00098 2367.34251 1672.85328 1038.46896 0 1709.07106 1025.47562 1162.79846 1410.81061 2241.87487 1650.06508 1410.28962 1190.70395 1798.5017 2266.79088 2189.68059 2105.1777 2236.01742 2218.4058999999997 1307.28052 1025.9564 2246.63846 2161.87089 1710.82129 1029.89969 1100.87137 1195.21537 1348.98944 1285.0229 1591.07055 
2301.9920300000003 2060.6742400000003 2103.87468 1335.04626 1015.23115 2246.33825 1524.89812 1137.74239 1556.95241 1355.67662 2098.5564299999996 1657.91083 1016.3907 2238.30341 1863.21258 1810.12703 2162.9087 1106.17866 1839.19653 1431.3496 2154.2606699999997 1943.61801 1502.76495 2057.46212 1831.15374 1709.07106 0 1786.98891 2153.14535 2056.65417 2054.5139 1065.59419 1504.44312 2209.47516 1199.63234 2189.8197600000003 1751.84542 1758.30236 1089.37436 2028.69519 2147.5165500000003 1722.05169 1345.49598 1813.70029 1359.36152 1047.67966 1088.45331 1386.74579 1293.78776 1781.63661 2164.15416 
2271.5792300000003 1893.64179 1357.33112 1508.21015 1545.33569 2114.43261 1096.11854 1679.09172 1297.20448 1828.878 2145.7985 1543.16286 1268.29226 1301.27304 1544.6898 1669.03635 2135.6515799999997 1655.68897 1080.81562 1730.61891 2045.17171 2116.34246 1624.75174 1991.26641 1948.10427 1025.47562 1786.98891 0 1552.13167 1452.36654 1683.00959 1150.87662 1439.36803 2209.38677 1420.07494 1332.871 2277.34955 1093.34224 1289.74817 1545.49257 1511.21084 1354.56287 1224.80339 2347.81376 1198.99065 2055.37531 1945.57031 1720.38885 1543.69369 1626.14052 1383.52406 
2399.43818 2111.85239 1109.3629 1921.03541 2223.46273 1002.99002 2190.8318 1447.11769 1378.62052 1285.6951 1307.45572 2299.74669 1309.89136 2189.33087 1830.88283 1324.46323 1799.80234 1920.5284 1591.88429 2243.7390699999996 1003.49389 1983.13628 1217.51856 2255.02517 1475.98028 1162.79846 2153.14535 1552.13167 0 1761.52676 1227.12626 1282.91518 1959.25063 2048.35117 2031.87259 1414.56368 1074.72276 2035.41393 1935.73783 1852.69352 1373.08818 1250.83949 1988.1881 2221.9558399999996 1896.11347 1439.91268 2160.87496 2175.46796 1927.52709 2412.06042 2254.92426 
2378.07138 2188.39156 2026.2078000000001 1557.886 1041.42302 1950.23503 1983.076 1905.18287 2124.69693 2045.26073 1368.63714 1282.65599 2027.89565 1254.76345 1007.49498 1764.2182 1686.55319 1894.09943 1206.0533 2099.64183 1601.02804 2039.36483 1637.1719 1569.20705 1072.2563 1410.81061 2056.65417 1452.36654 1761.52676 0 1268.85642 1389.94571 2104.3659900000002 2236.88446 1458.29992 1571.1354 1558.74838 1887.19167 1126.161 1119.62226 1799.31551 1888.73034 1091.91117 1710.37443 1697.96031 1603.44484 2280.95815 2049.57602 1241.61412 1076.93157 1568.19286 
1693.20324 2093.1701000000003 2040.2377 2060.15931 1809.30743 1546.17378 1537.06818 1770.35616 2145.46944 1301.79025 2066.12148 1907.27859 1220.16509 1247.69328 2112.75663 1013.90356 1132.21424 1753.73622 2137.7896 1614.54232 1861.54591 1441.93154 1567.52293 1078.84048 1944.20034 2241.87487 2054.5139 1683.00959 1227.12626 1268.85642 0 1656.6508 1640.19043 1538.99071 1579.82704 1997.12453 1103.07495 1111.39421 1068.47953 2099.35892 1580.27866 2083.0261600000003 2201.62515 1535.06078 1927.09901 1817.94119 1141.0035 1574.67878 1171.80904 1577.77535 1027.798 
2123.72387 2203.8512499999997 1884.9764 1200.56801 1332.94037 2223.32609 1024.43213 1779.79969 1241.84602 1453.24491 2264.2868 2043.79669 2081.98489 1854.44133 2174.5071399999997 2082.4019 1458.36992 1243.15963 1450.90312 1296.15398 1590.93673 1181.15915 1919.90548 1931.94482 1403.27254 1650.06508 1065.59419 1150.87662 1282.91518 1389.94571 1656.6508 0 1863.65082 1610.92402 1896.23387 2129.04104 2248.62291 2229.08471 1263.70947 1581.63002 1318.8864 2174.62399 2105.8045599999996 1636.43202 1872.96166 1202.49336 1159.81369 1283.9015 2174.25846 1681.18757 1692.11261 
1874.39981 2175.29113 1160.53139 1249.43235 2085.30127 1572.99762 1149.71491 2090.53431 1586.80762 2204.15265 1624.18218 2097.79901 1803.5068 1445.29128 1423.95167 2186.86553 2081.86573 1103.39419 1821.17352 1642.6019 1543.19677 1440.87418 2230.19947 1160.96151 1715.64598 1410.28962 1504.44312 1439.36803 1959.25063 2104.3659900000002 1640.19043 1863.65082 0 2156.34258 1470.60253 2227.4831700000004 1550.71011 2354.3674899999996 2168.07911 2159.5727 2122.46569 1449.66498 1012.45482 1281.84682 2280.00311 1421.30548 1867.94769 1843.88099 1984.19299 2174.23969 1573.37835 
2131.0206 1318.37177 1065.50421 2161.80317 2170.01628 1834.78503 1380.84037 1747.6372 1760.24953 1636.85306 2047.50329 1634.77056 2436.9529599999996 2114.35102 1663.74939 1225.07631 1470.80439 1333.65159 1197.46757 2192.0136899999998 1044.85728 1680.83784 1396.30115 2227.63547 1164.62816 1190.70395 2209.47516 2209.38677 2048.35117 2236.88446 1538.99071 1610.92402 2156.34258 0 1171.53854 1671.39882 1500.03579 1925.01883 2272.6504800000002 2190.14154 1102.09679 1813.90173 2132.48634 2210.11301 1267.75787 1955.76711 1499.42487 1418.16985 1467.05308 1768.01147 2163.13781 
1995.1747 1333.4654 2090.2467100000003 1621.82042 1613.03505 1372.71403 1008.77781 2248.3129799999997 1331.14475 2082.08824 1075.30255 1083.16769 2047.75272 1977.0084 1499.85361 2153.5190700000003 1305.93628 1845.41525 2176.26844 2368.94356 1028.3787 1905.59865 1421.59012 1766.32477 2311.3239700000004 1798.5017 1199.63234 1420.07494 2031.87259 1458.29992 1579.82704 1896.23387 1470.60253 1171.53854 0 1042.77405 2238.22976 1946.4095 1334.73891 2336.21942 1286.4032 1298.51391 1488.88831 1601.77777 1357.78139 1042.84575 1498.45579 1822.27408 1546.02048 1065.92188 1515.32037 
1799.75273 1366.94995 1066.95178 2305.91103 2170.21901 1104.50241 1687.03138 1634.63653 1033.42257 2114.35128 2118.0766000000003 1478.97256 2080.0157600000002 2215.74362 1328.01154 2093.2859200000003 1893.41315 2145.5724600000003 1869.09327 2085.475 1524.2947 1717.42029 2235.9568 1995.62538 1969.84555 2266.79088 2189.8197600000003 1332.871 1414.56368 1571.1354 1997.12453 2129.04104 2227.4831700000004 1671.39882 1042.77405 0 1412.70284 1418.94847 1100.4454 1359.63771 1845.92594 1739.86983 1558.9372 1362.78381 1416.6239 1445.46671 2262.38735 1419.80349 1078.85507 2095.81211 2222.99935 
2076.2539 2222.6672399999998 1450.35338 1252.31493 1435.94345 1618.12083 1522.63253 1996.3045 2369.44798 1409.89775 2259.3181000000004 1225.02393 2130.0126 1114.60811 1335.93004 1985.09811 1035.49951 2149.8862200000003 1694.2498 1899.09769 1819.64746 1933.01037 1455.65382 1885.42576 1726.08858 2189.68059 1751.84542 2277.34955 1074.72276 1558.74838 1103.07495 2248.62291 1550.71011 1500.03579 2238.22976 1412.70284 0 1782.21191 1651.53135 1860.67075 1695.06628 2103.61952 1738.81852 2055.75176 1433.64899 1948.73414 1088.80922 2230.16532 1617.46371 2178.02365 1353.83453 
1375.84808 1716.83217 1331.21305 1292.5608 1011.68324 1032.42391 1204.65258 1566.34116 1332.80763 1732.96628 1503.87863 1383.89324 1092.02028 1243.20508 2057.44899 1401.10924 1677.03421 2075.07533 1199.41456 1428.21134 1970.32002 1767.69388 1542.13895 1778.08601 1066.70874 2105.1777 1758.30236 1093.34224 2035.41393 1887.19167 1111.39421 2229.08471 2354.3674899999996 1925.01883 1946.4095 1418.94847 1782.21191 0 1052.47217 1514.13812 1925.98964 2230.16858 1467.31342 1943.82413 1426.0315 1109.53391 1872.76939 1361.41779 1459.64782 1706.15584 2139.19221 
1879.88275 1622.18328 1453.74239 1663.64327 1069.77361 2084.89608 2119.8958599999996 1053.9675 1941.69415 1030.29701 1490.0818 1754.53827 2073.61628 1263.04261 1169.30322 2082.3830900000003 1073.53434 1930.7983 1197.66788 1332.99036 1571.00296 1638.07071 2359.50531 1017.07447 1835.31158 2236.01742 1089.37436 1289.74817 1935.73783 1126.161 1068.47953 1263.70947 2168.07911 2272.6504800000002 1334.73891 1100.4454 1651.53135 1052.47217 0 1072.44178 2150.17979 2021.26015 1155.62429 1161.5364 1527.41256 1307.54375 1443.99074 1274.52613 1763.53223 1892.12101 1605.45554 
2162.50226 2174.29615 1767.3756 2300.00594 1013.46404 1404.99382 2049.04457 1683.91289 1005.07467 1677.62366 1358.11587 2234.50177 2212.26692 1694.37114 1329.95361 1501.85699 1699.40573 2076.85613 2244.8849099999998 1151.20776 1817.78634 1922.85992 1405.4439 1663.49854 1975.80153 2218.4058999999997 2028.69519 1545.49257 1852.69352 1119.62226 2099.35892 1581.63002 2159.5727 2190.14154 2336.21942 1359.63771 1860.67075 1514.13812 1072.44178 0 1459.41783 1467.5415 1614.23711 1191.82668 1461.54103 1846.97192 1565.42059 1023.19053 1686.93789 1723.48409 1261.70714 
2470.09558 1150.8648 1774.95624 1974.54405 2054.19952 1402.84689 1465.19342 1838.66951 1937.45163 1337.41554 2211.3913000000002 1887.33624 2215.63642 1259.85117 1641.39415 1292.52849 1931.87575 2079.58666 2127.42878 2136.68442 1677.94587 1425.5355 1806.20493 1848.55679 2266.72495 1307.28052 2147.5165500000003 1511.21084 1373.08818 1799.31551 1580.27866 1318.8864 2122.46569 1102.09679 1286.4032 1845.92594 1695.06628 1925.98964 2150.17979 1459.41783 0 2013.02446 1110.01087 1662.74924 1792.88854 1731.4914 2378.32923 1016.75671 1839.18313 1756.86023 2160.01651 
2228.34902 1497.69843 1759.41345 1205.30666 1218.48534 1279.47215 1999.09278 2125.2218700000003 1637.0919 1302.70597 1258.55504 1236.66539 1608.16796 1861.07982 1499.55874 1556.43715 1503.48447 2171.8679300000003 1627.99366 1969.73394 1184.87865 1213.21762 1488.59832 1004.18568 2064.42536 1025.9564 1722.05169 1354.56287 1250.83949 1888.73034 2083.0261600000003 2174.62399 1449.66498 1813.90173 1298.51391 1739.86983 2103.61952 2230.16858 2021.26015 1467.5415 2013.02446 0 1514.36237 1612.06034 1538.50165 1490.24552 1014.8103 1183.79205 1099.76472 1714.81384 1611.84232 
1703.44618 2160.18383 1256.70844 2189.75267 1089.61382 2368.64164 1081.37243 1704.20453 1732.74168 2093.4515300000003 1861.90609 1085.34419 1522.7637 1691.13402 1560.10441 2159.1253399999996 1069.41091 2115.84901 1566.76596 2488.61465 1556.66903 1594.98769 2331.00533 1145.85421 1462.32674 2246.63846 1345.49598 1224.80339 1988.1881 1091.91117 2201.62515 2105.8045599999996 1012.45482 2132.48634 1488.88831 1558.9372 1738.81852 1467.31342 1155.62429 1614.23711 1110.01087 1514.36237 0 2089.66316 1937.27326 1451.58103 1650.77192 2126.76758 1697.24826 1553.96856 1185.91952 
1852.1712 1943.26143 1415.87646 1999.26036 1145.5262 1218.96582 1455.32701 1564.28945 2175.15382 1890.526 1532.13725 2151.6867700000003 2302.59472 2053.38607 1489.91805 1707.59049 1020.25225 1699.158 1520.39133 1428.82226 1733.91412 1974.45671 1197.96891 1094.21071 1123.40193 2161.87089 1813.70029 2347.81376 2221.9558399999996 1710.37443 1535.06078 1636.43202 1281.84682 2210.11301 1601.77777 1362.78381 2055.75176 1943.82413 1161.5364 1191.82668 1662.74924 1612.06034 2089.66316 0 2363.36578 1636.34914 1357.75709 1548.40189 2216.4154200000003 2071.13083 1579.46787 
1990.55815 2083.39367 1119.47172 1723.68195 1260.26401 2160.76481 2137.8758799999996 2281.78014 1196.30076 1037.65547 1199.66951 1593.5952 1972.17231 1217.9932 1550.60901 1522.66337 1858.97212 1536.91248 1589.93008 1011.16217 1366.9819 2184.4070899999997 2161.44384 1740.06661 1607.04829 1710.82129 1359.36152 1198.99065 1896.11347 1697.96031 1927.09901 1872.96166 2280.00311 1267.75787 1357.78139 1416.6239 1433.64899 1426.0315 1527.41256 1461.54103 1792.88854 1538.50165 1937.27326 2363.36578 0 1070.39909 1479.17362 1828.20236 1495.25475 1777.62831 1013.13166 
1951.03677 1012.99458 1056.19502 1558.3 1440.65518 2108.4862700000003 1658.83219 2126.7354400000004 1451.181 2108.0545599999996 1701.80786 1411.75913 1326.85444 1311.9226 1185.22768 1818.11422 2172.26003 1127.45895 1249.10088 2081.56126 1908.70567 1275.96703 1936.05452 1175.26102 2068.36865 1029.89969 1047.67966 2055.37531 1439.91268 1603.44484 1817.94119 1202.49336 1421.30548 1955.76711 1042.84575 1445.46671 1948.73414 1109.53391 1307.54375 1846.97192 1731.4914 1490.24552 1451.58103 1636.34914 1070.39909 0 1370.72677 1990.94041 1200.65102 2091.24064 1892.76911 
1213.53872 1952.46783 2274.22568 2220.11696 1239.53513 1157.88494 1782.29827 1460.62483 2243.6835300000002 1061.89215 1493.96436 1056.91136 1041.20338 1508.562 1736.04971 1959.47927 1279.20534 1398.28523 1406.17442 1191.6311 1364.8134 1512.55136 1396.97629 1193.853 1468.02422 1100.87137 1088.45331 1945.57031 2160.87496 2280.95815 1141.0035 1159.81369 1867.94769 1499.42487 1498.45579 2262.38735 1088.80922 1872.76939 1443.99074 1565.42059 2378.32923 1014.8103 1650.77192 1357.75709 1479.17362 1370.72677 0 2198.60235 1610.44675 2361.39461 1231.96056 
2186.64583 1358.93256 1383.58882 1519.3662 1426.9649 1278.08592 1316.45198 1017.7362 1826.3042 1215.25318 1781.83121 1445.02065 1872.68966 1205.87414 1042.08104 1388.59337 1762.80997 1175.60847 1852.58535 2174.39829 1365.90009 2044.3781900000001 2241.24622 2138.77239 1466.25273 1195.21537 1386.74579 1720.38885 2175.46796 2049.57602 1574.67878 1283.9015 1843.88099 1418.16985 1822.27408 1419.80349 2230.16532 1361.41779 1274.52613 1023.19053 1016.75671 1183.79205 2126.76758 1548.40189 1828.20236 1990.94041 2198.60235 0 2095.06268 2476.19056 1868.33659 
1518.06725 1235.86096 1931.25224 1532.49811 1932.53193 2183.35748 1811.15133 1485.42157 2112.2776400000002 2274.68361 1671.50798 1272.292 1021.89554 1462.27161 1052.98164 1924.16161 1705.50041 2202.82917 1013.15237 2120.39902 1193.89872 1929.2504 1997.97093 1700.71555 1093.01349 1348.98944 1293.78776 1543.69369 1927.52709 1241.61412 1171.80904 2174.25846 1984.19299 1467.05308 1546.02048 1078.85507 1617.46371 1459.64782 1763.53223 1686.93789 1839.18313 1099.76472 1697.24826 2216.4154200000003 1495.25475 1200.65102 1610.44675 2095.06268 0 1200.06272 1144.14428 
2099.36242 2231.61102 1367.82675 1738.36452 1375.71152 1413.36763 1850.64951 1603.83835 1062.38954 1641.25279 1913.68526 1662.00577 1320.19123 2331.69502 2084.42655 1087.59719 2202.54961 1844.4753 1682.42976 2108.83645 1732.79048 2455.53457 1443.01148 2311.3897500000003 1393.35094 1285.0229 1781.63661 1626.14052 2412.06042 1076.93157 1577.77535 1681.18757 2174.23969 1768.01147 1065.92188 2095.81211 2178.02365 1706.15584 1892.12101 1723.48409 1756.86023 1714.81384 1553.96856 2071.13083 1777.62831 2091.24064 2361.39461 2476.19056 1200.06272 0 2309.0497100000002 
1044.1988 1610.3303 2132.60338 1038.2988 1605.68551 2239.7074199999997 1594.39762 1748.98284 2157.05062 1594.69052 2137.30974 2271.26371 1147.76346 2137.41399 1877.98791 2041.70156 1064.66282 2179.0495300000002 1613.70287 1442.19167 1711.2248 1407.2218 1682.88243 2106.63848 1983.55226 1591.07055 2164.15416 1383.52406 2254.92426 1568.19286 1027.798 1692.11261 1573.37835 2163.13781 1515.32037 2222.99935 1353.83453 2139.19221 1605.45554 1261.70714 2160.01651 1611.84232 1185.91952 1579.46787 1013.13166 1892.76911 1231.96056 1868.33659 1144.14428 2309.0497100000002 0 
