101
qxhFFIUEfnzV jXOmYlZmvqnI touUfboeiIya fiHhqLtPfdZy zypYDSZfKAvD UGahWpWtmUQn PFpQuVVRxbvV WsLfQLsirtHk WRiugWLCujBI ybLCwZqVZKud RGYiIUdVAiVL NxxrxPgsnMqG vkOqMvrCUWYf PKHkuTHeRXhO ppfBOAvWYXyJ cQFNlImsTWTM ubtvaUeVUfmV QDhUZstsJKtV IQvKLYGCcCbd nlzJUuBrsbXD gkTmCiZxFrJw zOkfhFVfOKVi GvyjKkGcUdcI TglqUXfjbefC HEwqlaeMfSzl EwXugPkGUVkm gXcuqckdTdIP XwPJYwaGcHxO SKbQkQUhqQEt WUqhotrexTBp WHSGrQQrrotE TZmWJenJbEsV evRMhyiHKGXv lznMKRYSMheH zcAOlsVDUDkc IfTQNEFsiTgr oKIKkmsSWzmH nschEYWjrAsr sFSBpaJxLpBT RQBxIsRWzmfl jXgKDXnEJsra xXoCKkdkKAne lRgeGnDJBtMa qFGlIHDqKyPA fblrDraNAUxK WnABnktZDxMx AoaIXEzdsCrm EOKLHvbbCToE cpNycWVdmzHJ ocysUjOwnenm yHOsEGOhjOLt UYTxhnOtiPHB nKmMbiEuiffc ctZWqndwhbJm TTwdgXpOLyxF mvdksSctoMVi yVSfaizVeLPT ypApeqMQPnQA NMSHhfMtAJZb hLCSOZLNEdhX qlMzHEurfTvO JpwDMOwQmqOp gJMLzBkWmUoV wXjNgGRCXYRl HVwGkspnDHbf hPSXtHMMyKAK sTgUExIipvWV mgKEFEWheOqk YGzazHdyrGCd IcNVObbuvzWY QxNjgiXciQma uzYTzVwixczQ quZcTYtpBjSn zCWezcJmUGqs YvLRANdegrdA WWtfhwMSzfGW nyTRNDRCsANl KtoZVrQmJWki LNoKVqXhLEzn ZPYnROAizafx AQgpWBullbIi AhJBAeSEuUkL QFfSmYtuSTPl tARvBeqQDqSY pjemGRILnFei EKWhDcEeEkGK yFQWQWtUUMle JNoAmCxHcsYw aXlcDzbXwAJW oOIjuHJcVRiV mZUBOQTZyXOM cRekprdsHHWw FkNlSGMBOUbz wHeDieHMYzAK dXlgwkdKhUmB OIjApACwnyqG nxbMBCPhfQij aSpDrTbKBytW QZQElPdcHxru DiKlonktcqTP IvOdahrtFwzZ
0 14087.61733 18375.47769 20911.71573 21410.72681 13686.17381 15898.37712 18310.24327 26207.775560000002 17820.38746 20021.18644 24676.19549 15113.67495 16594.50704 24096.167690000002 25834.91091 24479.217230000002 23213.89149 15623.16528 24979.284160000003 22827.97957 24344.565130000003 25750.74428 17425.27603 18929.00056 15596.74224 27101.04369 24594.678099999997 24788.196239999997 20471.41018 17521.49352 24926.689250000003 26044.48394 18272.34784 25490.94838 20691.66813 25031.2734 25278.95371 23002.3713 15458.05586 13180.84958 18518.28575 15197.44632 23408.34879 24527.85354 14682.48413 24657.813110000003 24947.39621 16404.71206 25193.1209 15630.99545 23134.1364 24781.8393 11861.06253 25866.12809 22707.30217 13061.31744 19022.63235 19622.7992 13824.88552 25203.19003 24189.379 12227.87908 22633.71105 22676.91019 14346.01915 15135.17062 24872.989800000003 17343.53589 16844.61347 22336.1526 16162.14362 12416.37191 20518.95483 11838.89501 24021.27104 13174.40626 21279.14512 21519.41608 12521.47671 24297.495020000002 13484.05656 22413.20387 15913.97115 13932.39676 24805.81406 15717.31978 23365.99961 25140.76294 12924.24891 24041.68931 21452.9861 17462.12057 23261.5361 20615.93809 14097.1145 12937.34726 13549.45106 22509.67934 16597.6098 17170.9262 
14087.61733 0 20100.10323 20048.34335 19610.29587 23586.614520000003 18659.03233 25407.47622 24387.26138 15650.65825 22363.86687 22818.17686 24190.84129 16848.63968 23897.406150000003 23958.733050000003 25335.87312 25516.861040000003 17510.13942 24526.95248 22733.65103 21885.00317 25057.0078 24497.10599 20731.39 25294.8958 17031.02875 24497.46103 12492.6 22409.17845 20222.94014 17698.73643 15053.93901 18260.38962 14987.40153 25679.04275 17516.07105 17875.47804 23738.95953 24213.12872 14947.41151 24093.33596 20989.67635 21241.41345 13163.23496 15156.19859 16790.57888 24528.14632 13588.75694 13955.51179 17258.18686 22132.16614 11975.62448 12989.28322 24712.61453 24854.19543 25292.84697 24868.86135 18243.40111 12394.29334 23352.34687 19737.01908 21022.91879 16900.91329 24595.45762 24415.999170000003 15410.92552 20663.85172 23842.59086 23997.275410000002 20111.04233 25136.38811 22533.00772 18504.21266 22256.01066 24413.32445 15260.73957 16645.95794 25142.30728 24623.27315 23232.8102 22645.20352 15444.93711 15213.0183 25078.19398 17165.95215 13585.33929 19365.77575 22518.61067 26072.29906 12316.16926 24475.689870000002 20304.61847 23660.2765 16256.25302 22857.869 24959.44464 22264.56584 15168.5538 15621.3533 24123.37315 
18375.47769 20100.10323 0 21655.44184 14648.65904 22924.90703 25386.89508 16148.60678 20532.87967 15480.52649 22721.29563 21594.92976 24422.65222 23633.958079999997 25832.14166 14705.24158 21014.92739 13672.24715 18392.4289 23137.5617 17059.08771 19448.73357 21212.29881 16835.03287 24959.60558 13589.36116 18514.85277 20931.56991 15196.82859 26130.00333 16149.92302 15642.26832 16966.46693 24422.747 21412.02183 25313.41721 23862.18985 21445.62777 25319.04443 20686.2136 16775.12962 19096.52425 13294.68379 16145.68379 18013.68397 21331.47131 14396.16127 20498.26171 24285.386550000003 16587.38257 24461.46722 21786.49621 24594.89015 11941.37995 14979.59085 15675.57173 12422.2839 18873.85609 23002.7719 24202.4022 23005.31447 14407.91055 16201.20359 25517.30749 22116.9496 20713.77154 15361.22417 16948.16757 19282.72867 17032.53628 18415.67757 24331.74138 12676.91206 15264.69383 19227.87751 24401.02303 22808.25897 20464.34565 19794.48709 15292.22001 13495.47631 22062.34518 12671.05537 13111.7369 22167.85762 15815.18115 13209.92611 14351.7149 18070.3123 12969.47551 24409.91259 13201.59962 20670.66787 17497.71216 24159.34302 16319.64195 11768.26371 16285.36732 13922.33179 24617.66008 20124.17877 
20911.71573 20048.34335 21655.44184 0 24719.36879 14995.1169 21329.02247 12069.21032 21658.34147 21939.71827 24850.74697 21719.36402 11963.70477 11946.67913 16843.31176 20740.39074 20844.10951 19803.8632 21969.34098 21251.33458 18540.99721 25491.2958 25408.70262 24184.18017 17503.18348 26121.94039 14425.82093 24320.58052 18106.59716 24225.73738 18703.39269 17351.4246 12257.96381 12521.9688 14560.18386 25162.28497 14999.10961 25406.58007 12904.4028 20482.64421 18171.71246 18118.21993 15933.88819 24882.253989999997 24273.289989999997 14281.35634 18848.47223 23981.97786 22868.59044 22933.08651 22361.56343 14516.50386 24889.26941 25189.285989999997 15462.96485 17587.79118 13946.44261 21059.95602 19287.52957 16595.27729 12499.82447 24025.18291 25750.920899999997 13707.93807 13080.35165 19636.49887 14555.37952 18472.25306 18931.43571 12620.82844 25377.875050000002 15702.53294 19385.97294 24745.22885 24648.99789 19556.26016 14544.40279 24145.91103 21031.90639 21247.71648 17094.38814 13835.28093 24504.086 11762.58872 24206.87759 18037.65188 17232.87579 17682.95176 22975.83208 20653.63147 16954.6088 19248.29925 23055.03189 13100.11273 24275.32591 24776.93786 13111.64298 11885.01905 20019.65279 19272.01603 24042.730150000003 
21410.72681 19610.29587 14648.65904 24719.36879 0 14917.59058 23121.34752 18816.31424 17455.40051 18655.38463 24716.100290000002 18970.74684 16761.52131 24255.22629 21071.97328 17283.49557 12113.25031 13296.43788 13789.97197 25452.64879 17464.41813 12790.17168 12312.31662 21626.56475 17024.48328 26477.785069999998 20130.16258 25374.97955 17347.12683 15331.06089 12638.34479 19666.12352 25162.84422 15470.93494 16306.34076 18852.619 24439.00643 23912.37699 22585.70371 21265.45311 15895.06417 25388.78001 22370.90908 22403.39791 16245.30754 24240.189039999997 14842.75517 22582.70023 24662.06731 16530.84247 24025.61627 13931.29324 24822.69873 20210.55259 24281.6789 16912.72374 18149.78665 12181.52323 20985.21277 22059.40612 14070.69244 24931.40227 15984.63952 24645.61463 20035.85174 12382.32404 12985.17194 26293.06214 14511.89293 12098.54035 21614.45079 21814.01764 21665.95594 14585.52752 15117.34636 13075.65591 20524.01222 13130.08022 19993.09878 18506.77311 16987.5086 21753.27317 24596.72371 20671.06606 14251.20236 20865.20404 17428.66692 22328.1571 23393.35538 21861.1938 17439.08115 21604.80971 13006.76827 15495.0445 12643.11633 23371.3988 20284.41082 19880.34604 24258.494440000002 23908.458830000003 14892.48665 
13686.17381 23586.614520000003 22924.90703 14995.1169 14917.59058 0 18672.26162 24710.3582 16123.53308 12988.07857 13970.77351 16032.89806 25915.09051 24711.80465 16356.44482 22568.67593 25546.08126 12590.84857 20686.32612 23349.25578 26114.71121 18513.79017 14478.4712 14839.47545 14093.37965 25382.111279999997 14639.44438 18878.09985 21486.90139 24108.668680000002 14660.17017 20200.57706 19538.02558 24872.98842 13720.96529 14285.2268 20095.75387 16206.60842 14581.37156 17722.80358 24231.00469 18050.55742 13153.03459 14642.15702 25937.39159 20388.70718 17385.02927 18509.41965 15571.26354 24043.032030000002 16491.64944 14764.85189 26019.845350000003 15893.74545 24426.985090000002 22197.60911 26050.43647 19985.03074 21002.17432 25888.358350000002 16418.08141 23434.54677 22958.93156 12197.34443 23363.08001 19291.18371 25701.70186 26443.16802 18994.81755 20274.17923 13824.997 27009.43118 17949.14039 20345.91209 15208.29864 15668.73234 24412.342689999998 15808.43278 20923.7146 17220.31786 17576.28893 23452.60331 22223.27548 13257.13975 24756.284030000003 17647.42388 18638.65636 24094.30908 15014.31605 24785.01734 21095.52788 16812.26635 14158.15973 24843.28893 26079.24193 13644.1725 26195.379719999997 20914.78302 25175.75329 21461.9595 24794.98708 
15898.37712 18659.03233 25386.89508 21329.02247 23121.34752 18672.26162 0 17716.40944 13023.10035 23725.25663 23466.953390000002 20501.72233 25147.41222 18569.68377 17719.23347 23108.04418 23818.524380000003 25576.28138 14389.99533 24105.98992 11732.63487 24329.02403 18460.20856 20692.30049 14073.13412 18260.85637 12306.84026 24806.36143 14423.2636 16549.33154 24269.961000000003 17870.77953 15104.76354 13481.72105 14003.45912 15826.09157 17074.36513 25645.222439999998 22808.74741 17208.24076 19740.35896 25861.92433 21826.7791 14778.89551 15951.85306 17342.46633 13063.41098 20068.3307 16705.61594 17326.27871 25256.31216 12474.68691 15440.27329 16626.7559 24809.0694 17629.0389 24686.20684 23397.34598 23542.79652 26446.07512 15028.39118 23716.70048 21175.37346 20324.54978 16448.83863 21557.24505 11736.02504 17265.93598 23225.15031 19144.17603 13934.91757 23794.37415 15544.73236 12840.93924 20273.41886 15443.17699 18199.58404 17136.93709 24145.9581 13647.48555 12982.51114 21839.78763 13747.88486 14014.884 20657.48593 24355.52821 18757.20722 21598.13261 18682.26739 18428.24423 26254.07272 15585.88302 24689.51391 12267.64343 19100.40492 21316.09448 13618.63137 17321.50876 24083.53845 19815.53341 18951.46928 
18310.24327 25407.47622 16148.60678 12069.21032 18816.31424 24710.3582 17716.40944 0 22067.01812 20023.58367 22629.77776 24491.90116 20089.67476 20619.26419 15786.98118 22127.58073 26919.11665 16845.94489 18689.15003 16242.56755 17077.40203 18052.06398 25289.813860000002 14789.16246 24054.59174 24446.54973 12538.78534 21242.63632 25010.01728 16650.15201 20537.46137 24083.53834 24327.17413 15455.4811 19600.18842 23970.430099999998 22568.23649 23335.62899 24522.15485 15426.93831 17456.68119 26202.012580000002 25732.85925 23232.48507 17737.193 15367.49228 22564.60089 24128.307090000002 17703.44601 20511.30396 24442.80203 16034.41193 24562.80468 15580.34709 21584.80522 25754.31315 19397.1009 17064.74989 25790.35165 16053.88406 14501.447 20109.88802 14897.21471 12513.01377 13725.74399 25338.620410000003 23884.014320000002 21921.97314 18508.5596 14488.60713 24396.23799 13620.08767 25353.409200000002 22022.49707 14267.32233 24542.09065 25951.83027 18627.3664 21474.55933 18505.67827 14511.94563 16889.80539 24949.10425 14296.55834 20941.51354 23967.833599999998 16827.96507 17950.44811 14598.57799 19076.69783 19670.43649 25830.9807 13020.71383 20175.1361 12206.11559 25064.09194 15574.1179 23954.22937 19223.33991 14799.34118 24775.02937 
26207.775560000002 24387.26138 20532.87967 21658.34147 17455.40051 16123.53308 13023.10035 22067.01812 0 18970.48193 21481.30359 24737.34012 21054.0015 11903.16211 21321.29331 20679.43367 14199.68819 12832.43655 17026.85857 15797.03225 13193.11239 24721.53477 17272.02799 16865.47036 24954.30126 16386.78477 23153.38939 25608.24424 20234.63657 16324.78111 14697.95982 24234.78076 13546.68624 25892.89827 12107.09003 24876.10884 22302.70118 17794.91474 18025.45594 25185.54792 15569.30412 24348.596859999998 13670.53975 24648.10503 20840.61598 25015.07515 19028.08848 17373.86669 12314.41823 17744.14727 19906.04915 22619.26 18236.3279 17179.43592 24207.82287 25407.99895 24398.363530000002 12107.6672 19453.60961 21570.11781 23883.5956 14366.3687 24210.18785 26432.86013 14306.33471 24656.4482 20028.07682 22191.73504 24588.55628 19545.92547 18122.11552 20941.79289 16230.88033 17054.27314 15385.26725 23151.78107 14720.53866 19381.99897 25333.725870000002 17307.26566 22623.20136 18903.07311 24839.62226 14506.09012 23002.81488 16948.84387 20533.76905 25144.154929999997 25468.57633 16137.19422 14075.02349 22826.3806 22367.58691 13360.56494 15723.11054 21842.29765 17533.14125 24374.62686 24881.80514 16299.29263 25183.81158 
17820.38746 15650.65825 15480.52649 21939.71827 18655.38463 12988.07857 23725.25663 20023.58367 18970.48193 0 19470.40788 24229.09765 18743.85082 24330.19655 22481.29359 14746.75136 24705.30632 19127.27517 23984.26469 12458.40185 25417.54001 16276.1145 18915.71387 24228.24311 19185.05716 16257.52324 26158.20146 18453.83106 20818.3964 12051.1383 16656.38762 19365.11916 22897.29534 25406.28492 17187.02502 23178.49913 14814.8675 13073.90034 24141.22897 24373.31147 23632.037490000002 23949.43504 24239.76004 24705.037089999998 12949.31302 16420.86343 14111.07979 13267.1596 18916.54828 24213.71228 16771.65914 16196.40011 14317.01542 15351.72048 15876.49185 25024.88351 19868.22924 17143.53511 19150.62303 17999.32371 23316.28931 24048.39976 12453.96817 12132.08789 24792.62947 24424.58636 24014.40412 16508.10036 13658.18462 24210.45083 11793.41186 14021.35261 15136.86521 15697.77996 20509.59957 18004.01523 20519.9394 15386.82459 22813.65943 24832.20151 24778.64326 19225.92854 19067.96253 25168.68756 20519.77876 23159.01472 25222.82333 22215.19915 20721.05227 15240.00485 19842.47203 12948.86913 22082.03442 16365.31172 19872.73424 15451.13739 22772.5526 20412.21683 13987.15807 19151.79501 22045.71273 
20021.18644 22363.86687 22721.29563 24850.74697 24716.100290000002 13970.77351 23466.953390000002 22629.77776 21481.30359 19470.40788 0 14010.97765 13085.17933 24022.70189 16969.55783 23778.62015 20332.59204 23927.93889 24206.83939 19467.63061 14878.35716 24495.87632 15926.72034 12844.64501 23960.91953 24179.289969999998 19116.02672 21097.78586 14218.10158 22448.65548 24912.02317 20508.16265 12652.19985 25242.81897 16889.59503 20359.58458 16575.22277 24542.001940000002 21891.70201 19158.92102 24990.13564 24102.08438 11847.46949 12235.09358 21617.27556 24126.551140000003 18888.46584 20431.5308 22113.2123 14499.43358 12334.82649 18341.1229 25134.30361 13797.02401 16580.71903 14314.18792 23153.73396 12619.6845 17850.03419 18542.17629 22559.30194 23215.63488 12465.97269 13849.68052 20941.83822 23258.49944 11730.92835 23877.62915 11759.25687 25332.831850000002 20745.27903 16884.47596 24210.860719999997 15624.52139 23159.17685 18005.81904 21274.05291 20783.27327 13050.11615 24375.38575 24154.578820000002 18243.86405 17030.86286 16795.94204 11762.50343 16133.35023 18304.67583 24307.8727 20755.12911 24298.591269999997 24301.95151 21715.20599 25384.55088 17596.9305 21320.29716 24066.15541 14592.93295 24166.36094 19339.79891 15824.17904 14226.12499 
24676.19549 22818.17686 21594.92976 21719.36402 18970.74684 16032.89806 20501.72233 24491.90116 24737.34012 24229.09765 14010.97765 0 16996.41914 26339.21704 23258.96733 22393.59733 20486.08876 21385.6153 16995.07919 13906.7247 22790.02103 25253.360370000002 19765.79294 22677.57164 12609.10016 22020.26081 11953.11582 20205.93726 15979.26732 15438.62929 24033.63369 24870.002350000002 22348.0065 24922.16237 21456.66958 24056.21437 18286.08269 24434.879370000002 18727.69821 19355.06992 25923.54494 17418.34662 24882.03397 18933.8788 17539.11593 24740.301310000003 24661.80368 11792.19568 15627.57881 26740.7576 17064.93322 19638.01457 13799.89757 25584.50615 19859.93936 20361.09523 16505.12923 18294.03008 24533.16343 15740.81974 21059.41732 12590.09935 25337.10302 24024.179340000002 16963.2226 11832.58536 13131.94368 24035.13531 14072.60954 24755.16259 12435.68579 17632.59688 12259.82358 21153.20967 17299.11853 21736.62087 17461.99697 18122.35049 19190.8709 12525.46728 20169.71213 22739.1271 20816.62646 17822.80081 19542.18412 16477.91711 18701.88588 20516.2278 15803.09758 13496.38953 25437.26936 24109.36938 24693.338060000002 15963.96668 17085.05286 22561.81884 13703.91733 18776.7716 16939.43543 22889.82314 20951.50594 
15113.67495 24190.84129 24422.65222 11963.70477 16761.52131 25915.09051 25147.41222 20089.67476 21054.0015 18743.85082 13085.17933 16996.41914 0 17921.67976 12202.87066 17022.99645 15693.97948 14354.46262 19952.7533 19949.03738 14449.54593 13787.83246 14012.65228 24651.71413 16491.58747 15900.63195 13190.58895 25276.73646 23440.81163 16533.94638 21384.48134 21163.58228 23291.68661 20401.94479 22027.58401 25769.39474 14406.93146 16729.13036 18397.07575 23169.47025 19650.42976 25858.180099999998 12762.05592 25320.27291 17282.37219 21389.02979 20138.24313 24648.68326 14655.38674 16358.45307 19732.55006 15083.99512 22178.27672 16470.44931 14875.31171 15363.39964 24535.526380000003 16586.57061 22746.41806 17412.11217 16200.07008 19913.27724 25221.67894 15687.39339 18119.72586 22298.33484 22688.76715 20296.33516 24685.07081 21008.00487 21121.58647 17761.68211 25329.99978 18436.32325 24077.46633 25193.89426 24571.55138 14540.55271 19321.45691 12749.31175 17654.17382 23036.53654 13664.8381 23726.29349 24237.139000000003 14123.17009 12563.91067 22684.64695 18924.04401 13076.04751 11874.67203 22499.27018 15027.10066 13211.36587 21212.76054 20731.24793 19105.05345 20140.92604 15700.41689 25338.203690000002 16328.68404 
16594.50704 16848.63968 23633.958079999997 11946.67913 24255.22629 24711.80465 18569.68377 20619.26419 11903.16211 24330.19655 24022.70189 26339.21704 17921.67976 0 15218.79803 19522.42313 24687.57022 18163.53512 24422.12519 24285.11635 21432.08528 26282.94736 25406.03248 12237.50104 15808.32846 25008.53808 20810.61418 17904.70637 16195.30394 12279.05825 25313.340770000003 17791.82215 24204.642939999998 16245.54703 21100.30553 24994.64669 24901.1814 24823.68335 14848.44152 19341.74836 17512.28885 12503.9903 21950.65203 21035.83404 25490.71545 17699.79841 26042.05369 22313.86819 17086.8454 13876.77293 24895.56287 24735.29606 20780.34405 13987.08885 24157.13351 25852.001060000002 21018.67918 20397.90278 14902.563 22132.22394 13263.94249 21563.58158 19079.67949 16570.92317 21949.64408 21818.76791 13207.27336 15397.25723 23133.43276 24567.50757 24399.611129999998 14108.55559 17101.98349 19363.80136 16412.03122 24866.631309999997 24229.71875 13172.6166 20125.02461 24873.08078 17127.1231 19550.92422 15920.37152 15791.24283 12260.19846 26163.024429999998 13278.92513 20450.56609 24470.28626 16002.31575 18653.21029 25587.642249999997 12520.46906 21970.32405 14741.46073 21747.9223 24530.43258 23831.69818 14176.39885 22971.58386 23949.46159 
24096.167690000002 23897.406150000003 25832.14166 16843.31176 21071.97328 16356.44482 17719.23347 15786.98118 21321.29331 22481.29359 16969.55783 23258.96733 12202.87066 15218.79803 0 16456.88014 20559.41377 22325.00353 15574.24047 24713.65518 24401.97265 17938.55886 25180.10236 17256.31926 20663.2574 12451.11643 14163.26189 18498.9091 13297.20906 24630.453800000003 23674.010710000002 15194.67535 20127.38971 24474.18273 19369.58013 24290.801870000003 15208.16086 24838.80476 15730.67131 23839.08467 22518.44658 22740.67902 16948.44402 24411.34071 17993.72717 24398.31605 23579.32907 24778.180070000002 14454.4252 20168.69927 25418.66023 15797.37249 17494.84801 21136.93922 21096.89374 11849.18286 19678.57104 25241.23244 20581.15317 17442.39168 19906.61976 14911.35266 24251.619720000002 21349.07802 19362.64922 19367.19855 24822.841679999998 17369.94273 12482.20015 20276.54426 15603.70174 17266.13649 20880.19055 20528.68039 12257.27268 25660.96209 12575.97773 21476.1593 18375.62365 16594.32929 13724.6365 24352.10783 13161.08629 15206.99102 12034.26834 23794.40604 24766.781329999998 19956.68601 18217.90107 13454.89545 19246.87577 17683.39334 20183.16238 19099.30829 21894.61836 12541.83708 15662.53213 20043.21137 24373.35563 20640.78449 24396.181389999998 
25834.91091 23958.733050000003 14705.24158 20740.39074 17283.49557 22568.67593 23108.04418 22127.58073 20679.43367 14746.75136 23778.62015 22393.59733 17022.99645 19522.42313 16456.88014 0 23312.90571 19997.27445 12431.6665 15357.84621 22664.16758 15229.38483 18496.69213 25124.18374 23304.03128 22641.00004 25602.051160000003 15692.34011 22391.28157 13832.48505 24415.24388 12649.75559 25036.93136 13306.00869 18801.68521 14995.90351 25198.853150000003 16467.93419 20462.32418 25214.43647 25183.634639999997 24834.26988 11931.15066 15560.68526 20572.24393 25571.738839999998 21490.35364 20387.9125 22420.75182 17470.17633 12643.3117 16885.78684 14686.63792 15077.76935 22998.64053 25004.32724 15475.98335 16591.14903 17528.0895 18516.50963 20910.02133 22286.05164 22689.50062 11997.68447 12850.03536 17853.52635 19236.66874 13984.13563 24241.81252 13977.04788 24377.49884 24413.1601 13464.298 18683.55724 14234.52878 20235.43738 21412.29464 24517.66957 25039.90195 20028.92677 24588.88605 17378.94973 21104.83645 19304.80249 13409.62014 22264.88115 20265.25161 13405.32374 14326.30538 12910.662 19501.95508 25088.106890000003 25276.8407 23597.652390000003 12778.98664 13811.89346 19280.71168 15759.42777 13532.81817 19816.73755 13306.84762 
24479.217230000002 25335.87312 21014.92739 20844.10951 12113.25031 25546.08126 23818.524380000003 26919.11665 14199.68819 24705.30632 20332.59204 20486.08876 15693.97948 24687.57022 20559.41377 23312.90571 0 13834.64636 24391.547550000003 24540.63503 12085.88951 21457.95909 24425.56693 21936.45698 14724.06372 25757.35233 25455.78746 13662.81882 24516.05904 13638.84391 19828.97878 12728.15192 17236.42847 22151.69648 19013.41684 20608.61779 12325.75612 15979.98628 18204.88638 12382.60477 20626.31715 13275.5297 19834.06975 15707.30512 14893.17388 13086.2903 22234.9976 14391.54687 21670.67335 24058.83059 19666.86737 13346.45261 24650.915500000003 18415.48733 17540.37434 12281.84218 20185.47529 16662.17202 23896.051160000003 22486.33418 24556.46063 20302.30174 12251.33815 16286.9682 17334.20412 19634.94358 19183.87391 18864.08481 17723.6885 17046.33251 13149.24612 13333.42451 19908.06825 19537.60291 13750.18162 17753.76842 14723.72166 14916.59522 25683.14335 16180.70147 19760.54261 23342.92224 20953.49495 17349.58737 22305.25824 18135.50476 19454.13296 17850.34368 20072.96079 24607.717470000003 18465.08321 12430.27258 13988.8586 24081.19973 20435.05802 22092.46919 24419.68226 24642.56793 21292.63643 24168.74003 12503.16683 
23213.89149 25516.861040000003 13672.24715 19803.8632 13296.43788 12590.84857 25576.28138 16845.94489 12832.43655 19127.27517 23927.93889 21385.6153 14354.46262 18163.53512 22325.00353 19997.27445 13834.64636 0 24153.81856 12845.98192 16802.26269 25214.02825 20378.83749 12368.27735 19152.85131 13181.34719 14991.06387 23316.63107 15179.60011 22199.54076 14035.31004 22170.09902 15001.50633 14535.15327 12901.28883 25125.423000000003 14978.37854 25319.42104 24628.89638 21324.78921 23825.57933 12341.12596 25240.83337 12519.47145 21320.07138 17273.50824 16637.23634 22641.24058 12740.43279 16028.41345 16602.49368 13359.69113 22626.02109 17270.76075 23204.69102 13452.65334 22534.9431 24940.103750000002 20996.50403 17738.30507 17173.82069 19490.80458 14332.84929 24788.193 14355.26573 14666.66904 14445.35879 24448.78448 22787.98585 13823.94176 16708.78665 24942.306579999997 24686.21695 21466.76483 21504.6603 24358.68663 13431.33791 19408.40023 21840.33706 13171.3835 24907.435250000002 24958.89083 17246.08363 24781.90567 12165.43546 25429.159440000003 14118.06001 15042.7112 25613.57572 16705.71588 21809.61702 12836.67115 14099.83801 19739.00164 18298.78571 20463.6664 15512.14955 24569.292970000002 24770.32793 21805.88429 23029.81223 
15623.16528 17510.13942 18392.4289 21969.34098 13789.97197 20686.32612 14389.99533 18689.15003 17026.85857 23984.26469 24206.83939 16995.07919 19952.7533 24422.12519 15574.24047 12431.6665 24391.547550000003 24153.81856 0 21126.80129 19789.99139 24599.671909999997 24483.4227 21774.75864 12280.09576 26034.9461 25636.17956 17259.70971 16240.23274 20880.35119 20915.1748 23880.14202 25827.94152 14142.33253 20696.24101 13082.46527 18235.99612 13072.46293 15315.94283 13782.96929 23971.26267 24346.87601 24362.81716 21747.09139 12070.27224 18189.93317 23914.76383 21665.5418 24071.30233 24081.64242 11952.87141 25097.68933 24582.713669999997 19045.41967 25023.791680000002 22512.77762 25372.92869 13068.25778 16189.73901 16286.07738 24028.61946 23846.96199 12175.53271 22891.24492 24344.74931 17735.97265 17202.55421 22458.47348 23944.952279999998 18927.20128 12190.85283 22031.72051 14759.08828 13851.32227 15111.11222 22179.4061 23798.19022 18221.91121 15845.78419 26108.508280000002 19021.77123 17537.80989 16724.0741 24127.96444 18095.11198 16440.40242 15911.30004 23804.62962 22628.97786 22926.05525 20185.76062 25244.77246 13022.07666 18183.85887 23356.61224 24457.67668 13930.71081 17591.52062 14637.24238 19182.27325 19651.79723 
24979.284160000003 24526.95248 23137.5617 21251.33458 25452.64879 23349.25578 24105.98992 16242.56755 15797.03225 12458.40185 19467.63061 13906.7247 19949.03738 24285.11635 24713.65518 15357.84621 24540.63503 12845.98192 21126.80129 0 22510.56852 15338.90074 19928.37477 13894.48373 23431.6628 21329.46637 15354.89459 16807.1005 20022.82356 15083.04494 24354.91366 24321.15043 25134.47623 13476.39107 22033.29656 13718.94898 18252.7923 15764.23685 22701.93857 14505.23465 12196.46958 17691.10726 15820.21619 23200.46414 24989.66051 24008.86529 26144.43951 14352.59205 23354.93131 24551.39883 12360.27789 25505.09581 14069.13486 20333.58638 25780.635159999998 23397.00514 15248.43681 13680.47949 22639.18604 14550.70417 24436.02594 13305.0933 17265.57518 24590.48974 23197.9008 19353.90981 18132.8019 18259.65859 17456.1002 24548.13738 23580.25432 24233.53861 18449.63579 12598.94927 15732.95076 20400.1804 14207.83414 13908.43285 18059.51989 15723.7988 17790.01821 14176.26173 14217.73856 14919.49402 22984.29203 15943.36938 23135.53388 15674.93715 19819.15615 12055.03525 18653.43155 12110.36245 22221.59942 13477.26782 17334.17032 19041.45057 18331.72681 24276.93259 24592.16091 19839.7349 17119.56905 
22827.97957 22733.65103 17059.08771 18540.99721 17464.41813 26114.71121 11732.63487 17077.40203 13193.11239 25417.54001 14878.35716 22790.02103 14449.54593 21432.08528 24401.97265 22664.16758 12085.88951 16802.26269 19789.99139 22510.56852 0 14693.84607 25175.67817 18851.1404 19214.60386 13964.52516 17357.78243 14808.15224 17262.16899 23981.32707 24740.4886 21994.2932 25254.687169999997 24671.14428 21035.09142 14268.34655 13023.19423 23148.42993 21516.73392 14071.36663 15423.94109 17464.37394 23104.83759 12404.91755 25984.670169999998 15238.74712 24754.57522 17676.08767 16348.29548 11972.94108 19711.73293 24207.32178 17919.47692 15302.97486 15175.23519 15062.56834 22482.24908 24465.334029999998 11810.16165 17877.92411 21938.29765 11984.06561 22214.13848 14532.43157 15224.98498 24731.285499999998 23309.54451 14198.48215 11919.7725 17663.06075 13624.12815 24827.752679999998 25447.559690000002 20888.88721 12212.31021 22187.47323 15280.67678 24623.98487 24747.90766 23434.62141 19545.00011 17369.95924 14003.34806 22878.00979 24152.01539 24496.67729 23061.45278 21195.2598 14201.59403 17997.11367 17493.1218 13598.01389 25704.35736 23314.14035 12734.95928 24550.0252 24197.69347 18029.82723 25352.883739999997 17210.16299 24589.056340000003 
24344.565130000003 21885.00317 19448.73357 25491.2958 12790.17168 18513.79017 24329.02403 18052.06398 24721.53477 16276.1145 24495.87632 25253.360370000002 13787.83246 26282.94736 17938.55886 15229.38483 21457.95909 25214.02825 24599.671909999997 15338.90074 14693.84607 0 25102.488299999997 18774.05553 25524.15177 19849.22839 24947.61777 26536.82441 25274.74381 19923.8121 21855.8986 17051.8965 17933.49961 23404.24492 24221.53442 25824.548710000003 17932.69575 20213.93942 15566.15304 16022.72716 13957.16567 20481.50468 16813.07677 18495.1734 14715.13346 21390.18501 21484.54585 18521.46595 25250.051939999998 14598.38752 19333.69676 11854.33712 24183.984790000002 12535.87957 21059.70014 23417.4639 20320.71898 20309.27866 24068.96142 24018.37711 22676.91958 23405.45074 21700.87352 15338.85428 23765.82194 25172.49572 24625.389430000003 20661.33007 24311.41472 24888.71203 22154.73372 17995.28339 14380.63778 24015.5196 12505.67012 13942.38168 12240.96939 22003.29879 15820.00889 25558.348299999998 12201.73896 22541.03451 25060.7037 13728.70708 18000.96741 16056.25875 13650.21175 23020.72537 24590.20962 24272.34552 13506.00075 21193.85764 15017.68396 17513.27668 23879.37457 22443.56086 20370.65215 20305.21201 26003.7243 20621.13706 12036.23612 
25750.74428 25057.0078 21212.29881 25408.70262 12312.31662 14478.4712 18460.20856 25289.813860000002 17272.02799 18915.71387 15926.72034 19765.79294 14012.65228 25406.03248 25180.10236 18496.69213 24425.56693 20378.83749 24483.4227 19928.37477 25175.67817 25102.488299999997 0 14694.94281 25247.65704 14948.43379 13481.06049 14721.48775 25861.014280000003 18024.16898 19416.00425 15231.66075 19251.61227 22979.41059 20432.75469 24926.76893 19543.20352 14617.80968 18597.98072 24414.251989999997 12875.65024 21180.3267 25167.75539 25533.40137 21665.40293 21403.737 22295.89383 14366.63844 15860.18099 17296.23531 12530.55129 17638.53999 25766.961819999997 16251.08655 22578.29416 17262.44552 24561.93047 20131.43311 22592.37708 13642.77002 24606.299339999998 22575.5739 22387.15254 24415.10559 16454.87909 15939.42961 24404.94464 23027.26067 20878.26963 15779.35015 25075.41002 24810.43195 24406.58552 13554.21472 17879.93458 13160.96216 14298.91639 20438.42046 16806.72129 22117.6459 27132.69699 25728.38923 12284.40709 24039.08501 13145.83402 25303.865189999997 22637.62116 24757.010909999997 22111.56174 16698.94796 18332.60547 23826.67624 20326.6496 17965.31392 18958.52672 14702.0902 19988.35473 15796.78271 18883.13931 14472.74443 25084.63777 
17425.27603 24497.10599 16835.03287 24184.18017 21626.56475 14839.47545 20692.30049 14789.16246 16865.47036 24228.24311 12844.64501 22677.57164 24651.71413 12237.50104 17256.31926 25124.18374 21936.45698 12368.27735 21774.75864 13894.48373 18851.1404 18774.05553 14694.94281 0 18181.21284 24549.26045 20330.35159 19885.91666 24699.38782 23142.59776 21374.20304 19070.76898 21667.51309 13670.38679 24088.11352 12757.14565 24899.59624 24939.71164 12260.61903 23272.56852 21846.15306 16688.73805 24069.57502 15776.50114 20359.84361 22196.64062 25527.53479 21547.98289 20051.74253 24347.22279 22982.65222 21828.46838 23404.09044 14592.47438 11919.63247 19917.04298 19690.64511 24019.78814 18235.79139 20393.17399 24588.58481 22990.20891 25310.617700000003 24269.76011 21907.61417 13383.66067 24575.573360000002 21326.72166 24565.74737 24343.96134 24031.364690000002 13633.34173 25948.523540000002 14291.93958 21402.2816 14269.42605 16977.76593 15188.88257 12516.07291 24006.446109999997 21307.3854 15183.83889 19761.94424 24232.48097 12636.28745 22403.20292 23847.48263 23900.68661 17246.74483 19534.13982 24812.01028 15126.13077 15159.01233 23919.91023 12345.1971 15415.44812 17023.63687 17032.4543 24553.41854 23774.470540000002 25722.53973 
18929.00056 20731.39 24959.60558 17503.18348 17024.48328 14093.37965 14073.13412 24054.59174 24954.30126 19185.05716 23960.91953 12609.10016 16491.58747 15808.32846 20663.2574 23304.03128 14724.06372 19152.85131 12280.09576 23431.6628 19214.60386 25524.15177 25247.65704 18181.21284 0 16879.13559 15485.14473 14812.59307 13713.62926 22272.05981 12964.36389 14522.14462 13660.1101 15726.6726 12847.21123 18646.73964 26026.70012 21381.12553 24425.76485 22858.18861 13314.44478 15897.35695 18985.91793 19074.92358 24161.05652 20835.391 25364.30886 19362.7261 18138.58191 21445.20278 13328.87718 26000.14409 17402.0626 24633.96325 17746.38168 16893.10391 15861.98299 16953.34117 14837.18041 12372.941 24229.18208 13119.96282 23100.45545 23287.17137 13524.17667 17257.74592 20619.6702 24933.42814 17507.23912 19783.02496 18550.43831 17202.0597 20424.08802 24023.59693 20957.16691 18449.21619 17896.15971 22738.81465 22742.45412 18259.48318 13354.11631 13679.00925 24049.77227 11847.86868 18381.42475 17082.22774 14924.43273 18647.80225 16636.77853 12000.98998 19221.86334 19177.10008 19353.54414 26272.86903 24379.4819 19245.82873 20927.13245 23771.66467 15766.24704 20618.68504 14226.65471 
15596.74224 25294.8958 13589.36116 26121.94039 26477.785069999998 25382.111279999997 18260.85637 24446.54973 16386.78477 16257.52324 24179.289969999998 22020.26081 15900.63195 25008.53808 12451.11643 22641.00004 25757.35233 13181.34719 26034.9461 21329.46637 13964.52516 19849.22839 14948.43379 24549.26045 16879.13559 0 15370.79265 15097.20557 16597.54 20740.04899 16236.60562 24571.93461 19821.22686 13928.57234 18613.47522 20594.96932 19243.11047 16654.25489 15388.03105 16277.46904 26291.96583 12504.54778 12331.82048 25604.275159999997 18177.19843 25972.40866 18078.59465 12327.06364 24538.726410000003 15025.57605 18798.68504 16407.8816 22951.33357 15627.79931 18514.30359 23193.12492 24517.4181 25329.49752 21001.94862 22495.16897 13622.11592 24683.189440000002 20658.07153 22572.76677 20481.97811 26202.42212 18220.03087 22951.63811 15008.23921 14682.08627 24660.57096 15193.6644 16540.93433 22228.14634 19757.94308 18299.77581 12195.025 22237.77283 21531.17088 12628.48866 12417.63534 24636.121659999997 15801.66959 24694.58902 23946.74953 13872.09521 21019.44949 24144.47048 24640.81842 20289.53149 14577.82015 23956.75954 24611.45382 24380.81683 17180.09724 20076.40894 21495.34376 18634.21172 18542.42765 12039.35985 24256.98242 
27101.04369 17031.02875 18514.85277 14425.82093 20130.16258 14639.44438 12306.84026 12538.78534 23153.38939 26158.20146 19116.02672 11953.11582 13190.58895 20810.61418 14163.26189 25602.051160000003 25455.78746 14991.06387 25636.17956 15354.89459 17357.78243 24947.61777 13481.06049 20330.35159 15485.14473 15370.79265 0 17167.67966 18367.1286 14409.05609 12173.15109 15600.08504 11890.49888 12969.04655 15741.4028 25367.56637 20730.85421 20490.14385 12144.96579 13073.18269 23243.50887 25373.24773 18938.85884 20350.28403 16499.64163 12787.18549 22590.76004 12891.04186 14702.0241 21675.97734 24020.07099 13093.28065 14535.06836 20231.15457 19897.41178 25645.72028 23982.044439999998 12736.64631 23787.093979999998 16265.769 17661.27529 24400.2436 23796.69727 15266.28569 24044.22015 23785.70118 24042.8653 21424.22383 23341.13109 18400.2341 24147.73314 21283.1393 24212.939400000003 16843.75726 19691.44833 12003.30531 16612.57911 21049.41987 23450.95545 16668.71586 18816.53287 24570.73238 17709.0379 18574.94187 16677.08578 13669.21418 24568.51025 24524.322099999998 12918.42978 14176.79478 17080.4619 24417.702299999997 12740.22224 20066.68469 23254.32789 25499.26224 25083.02834 19697.07428 25988.77576 16372.76351 17847.28573 
24594.678099999997 24497.46103 20931.56991 24320.58052 25374.97955 18878.09985 24806.36143 21242.63632 25608.24424 18453.83106 21097.78586 20205.93726 25276.73646 17904.70637 18498.9091 15692.34011 13662.81882 23316.63107 17259.70971 16807.1005 14808.15224 26536.82441 14721.48775 19885.91666 14812.59307 15097.20557 17167.67966 0 22393.73884 24270.27096 24911.178480000002 21663.07442 14184.55052 11932.6552 24973.16738 24677.54275 21783.21792 25755.32744 18143.28206 13037.56757 19037.65318 24479.97775 18310.75665 24429.706769999997 19625.33547 24702.74795 18723.37326 23877.59424 25001.32189 19543.10622 22222.37287 18843.10456 21428.01231 25061.80475 24588.58737 21825.31273 24987.2418 25267.38611 17100.72081 12800.7825 13780.35444 18843.71812 22641.11704 22769.71711 17993.46769 19001.27953 14525.959 16420.93868 16695.40559 24643.87472 25921.5602 12434.05671 19640.33352 20036.23628 18941.8093 18419.81074 15402.96584 24691.228949999997 22312.69059 12527.42471 19217.44072 17059.69309 24367.28197 26660.461750000002 24842.3839 14794.32412 20264.04709 12648.94847 13205.71283 14638.46157 17620.80933 24882.17903 18750.04573 22432.63122 16927.10938 13654.73635 18798.53847 22151.43526 25047.08425 16439.60063 14767.33028 
24788.196239999997 12492.6 15196.82859 18106.59716 17347.12683 21486.90139 14423.2636 25010.01728 20234.63657 20818.3964 14218.10158 15979.26732 23440.81163 16195.30394 13297.20906 22391.28157 24516.05904 15179.60011 16240.23274 20022.82356 17262.16899 25274.74381 25861.014280000003 24699.38782 13713.62926 16597.54 18367.1286 22393.73884 0 20031.02303 17632.74379 19108.53199 16112.97045 15677.111 12610.99395 21464.03689 16270.59352 17072.30924 22400.51911 12133.45427 12985.36404 26521.518620000003 14577.77704 14914.67382 14026.84924 18269.82354 16444.95961 21925.53255 25665.98516 14698.38757 18312.47122 24204.130449999997 22648.0591 18071.57992 25072.039299999997 21939.78924 21987.13981 16941.36185 14399.91361 17655.58612 24387.499519999998 16896.46264 17199.71595 20822.40427 20199.14759 18056.74279 11855.55658 18448.7125 25391.34954 14158.30298 18780.86299 17965.69683 25760.78493 25467.11311 14593.51811 20700.75758 21534.77743 24897.78281 22654.4314 13209.9271 22322.25376 14951.87155 22921.30077 16915.66449 16993.51611 16371.86686 20233.9671 12907.49618 23939.120649999997 25714.61924 24808.76926 16863.33035 11989.30345 19919.09002 25390.01204 15370.66321 19004.88202 21907.18765 18918.42701 24847.062879999998 13510.22696 
20471.41018 22409.17845 26130.00333 24225.73738 15331.06089 24108.668680000002 16549.33154 16650.15201 16324.78111 12051.1383 22448.65548 15438.62929 16533.94638 12279.05825 24630.453800000003 13832.48505 13638.84391 22199.54076 20880.35119 15083.04494 23981.32707 19923.8121 18024.16898 23142.59776 22272.05981 20740.04899 14409.05609 24270.27096 20031.02303 0 13034.28252 23312.4527 13229.13169 15181.71741 13703.32094 14688.25065 19940.24428 16198.74215 19602.75654 19290.96946 17893.41984 19786.1468 19260.38858 24519.61539 23554.28009 17114.13727 14748.41478 17299.40441 23568.6156 25480.38726 16577.34138 14157.8113 23083.94917 21376.95794 19754.27688 22868.27098 16433.80375 19038.67162 23104.76907 15864.07784 23813.76664 11997.26146 20584.22025 12977.874 20653.76498 12387.10421 18100.86398 16186.74307 22071.16616 21707.81913 18787.40999 14988.0151 14908.02035 20380.6467 16951.88192 14986.9966 17907.29108 22650.62144 18388.71024 16547.39471 20571.01638 23081.29868 20155.16689 20952.02216 22671.81129 17443.51519 17293.52199 23030.87088 19880.56366 19780.65826 13016.11101 24767.26222 18013.51573 13092.93498 25278.10069 12807.78831 24210.889320000002 23918.183940000003 25781.95302 14125.64237 11760.47284 
17521.49352 20222.94014 16149.92302 18703.39269 12638.34479 14660.17017 24269.961000000003 20537.46137 14697.95982 16656.38762 24912.02317 24033.63369 21384.48134 25313.340770000003 23674.010710000002 24415.24388 19828.97878 14035.31004 20915.1748 24354.91366 24740.4886 21855.8986 19416.00425 21374.20304 12964.36389 16236.60562 12173.15109 24911.178480000002 17632.74379 13034.28252 0 25452.05785 23925.359819999998 22632.54844 17969.17153 20206.91279 21579.37161 25188.601730000002 13710.72615 14937.31513 25702.45781 23978.53675 20176.36852 16787.48707 20474.38363 11852.49553 16083.49339 25064.192949999997 16598.67658 15626.3609 12653.43901 16234.59298 20216.10943 16765.43209 22037.67308 16130.66515 11980.91181 24819.86802 14829.44183 21227.20283 12236.88886 14467.60547 25883.867319999998 14377.8436 16920.3893 24955.23443 24105.31276 22905.38507 16834.06098 15886.76442 15844.35826 14947.47561 17515.1802 13504.90624 17918.03764 23959.65094 21451.52804 13487.13825 17764.57611 24399.87771 25140.4223 18290.22758 16517.87219 19078.01797 19298.27793 16385.54625 25155.1371 24815.33555 23027.31674 15435.40421 24890.6647 12244.55121 16032.01096 18482.15948 14310.87373 21048.37356 25627.96032 20910.39804 23454.33441 19577.15086 18300.977 
