13
10 28 4 48 25 37 32 13 29 30 23 38 2
0 18.0 19.0 24.0 20.0 10.0 14.0 16.0 28.0 20.0 20.0 11.0 21.0 
18.0 0 23.0 22.0 10.0 23.0 20.0 23.0 12.0 26.0 23.0 18.0 22.0 
19.0 23.0 0 15.0 23.0 19.0 12.0 20.0 12.0 22.0 16.0 21.0 11.0 
24.0 22.0 15.0 0 27.0 25.0 13.0 13.0 14.0 21.0 18.0 23.0 22.0 
20.0 10.0 23.0 27.0 0 23.0 18.0 25.0 13.0 22.0 19.0 22.0 12.0 
10.0 23.0 19.0 25.0 23.0 0 21.0 21.0 19.0 10.0 13.0 21.0 24.0 
14.0 20.0 12.0 13.0 18.0 21.0 0 22.0 15.0 11.0 16.0 21.0 22.0 
16.0 23.0 20.0 13.0 25.0 21.0 22.0 0 23.0 11.0 22.0 10.0 13.0 
28.0 12.0 12.0 14.0 13.0 19.0 15.0 23.0 0 21.0 21.0 22.0 18.0 
20.0 26.0 22.0 21.0 22.0 10.0 11.0 11.0 21.0 0 11.0 21.0 21.0 
20.0 23.0 16.0 18.0 19.0 13.0 16.0 22.0 21.0 11.0 0 17.0 19.0 
11.0 18.0 21.0 23.0 22.0 21.0 21.0 10.0 22.0 21.0 17.0 0 10.0 
21.0 22.0 11.0 22.0 12.0 24.0 22.0 13.0 18.0 21.0 19.0 10.0 0 
