50
84 15 37 81 39 56 41 62 3 14 7 79 44 29 34 13 42 71 65 94 69 64 55 6 53 83 50 58 9 11 91 82 23 24 77 27 61 5 97 99 1 48 31 52 67 87 63 12 60 0
0 839374808.45102 826199389.43963 825325675.91332 925474081.8494501 937574033.10885 787863844.71748 409980246.97741 525409940.78964996 300069899.66401005 1010869238.3926 667093054.99157 740203483.65132 203349184.82618 893753025.43936 878553012.96101 615827328.45946 305734007.47532 139187538.73666 359303961.16283 777058936.01983 318532443.17482 738641322.9872701 843999186.66742 756387934.4670701 766515225.74768 717627914.3817999 317686816.02736 107570026.82934 907647865.43642 628419445.34027 737646726.06546 780325985.5960801 775570801.46757 461046852.87377995 588203611.30844 764400442.1232 775022222.7225 904175654.59633 739552082.97445 219762980.17514998 462638800.75719 443513209.05721 566110784.47364 848785439.91961 569072179.77676 465715482.77017 759744818.79038 269277284.66168 446781334.81673 
839374808.45102 0 285099420.72063 298326621.69217 702200138.93598 517656561.35186 349534574.02153 461699103.31082 354648860.44176996 598672583.86236 793392781.5978 1147075986.42659 172062416.91685998 684188005.1404201 458999400.67947 722635365.58113 259418698.0276 805135349.87922 759554944.78971 487226958.29489994 1030236067.38137 601419793.10791 566849580.13563 425954755.07012 225206297.50822 974561418.73386 1124869578.9605 533984057.75741 916817512.81856 623728556.77618 1140420642.90169 1103822632.21366 719989704.7078 1094346506.69545 1030730309.97609 827457990.6759 193569143.23389 459062398.81155 537749156.18809 342813002.24445 917514168.58915 949584973.42525 735379389.0005 896399651.24894 571468584.01649 1099307367.2288 830612223.22041 231266940.33643 924562068.40751 625992952.67142 
826199389.43963 285099420.72063 0 170309616.9526 447752970.85087 263443058.0449 205212805.0997 444057754.26519 324982757.99557996 623815034.32207 539179278.29084 994634675.22806 242843240.46784 635774405.3090401 324129843.5311 472927017.60051 229752595.58141 723409984.21948 782478986.20431 514195787.38215 826856723.3099501 671509474.92821 337020463.35229003 170436586.10606 80884528.58639 760718060.47969 945699382.8418701 574989690.34862 878612039.39292 368210387.81211996 989532985.1818401 910347825.93241 490256050.0694001 900610589.91292 903469503.05041 668188565.80251 91530277.48674 216105095.3513 278888330.66932 202423590.36117 932100179.07568 818407896.86607 588831514.6513 743958229.69333 334105337.30488 955085932.10839 677795352.61099 90551182.31696 841341420.55015 479715350.04093 
825325675.91332 298326621.69217 170309616.9526 0 429276421.15537 246031085.10987 213753364.87952 440439305.13574 306390436.07958 627451191.5351601 521767305.35581005 971090069.1877899 256070441.43938 633365896.75422 306717870.59607 458539587.63957 235653082.63982 717648026.92957 786561179.70032 520096274.44056 807137952.88318 677508046.45501 317301692.92552 151993740.09537 89425088.36621 744617733.9168 927118595.22756 579386438.36133 875667416.89983 349767307.46886 966779767.7671299 895591224.07492 467283436.47015 881063307.29058 892648360.7056 654645834.45513 104757478.45828 327823219.81729 385467626.10468996 210964150.14099002 932894250.65066 794752541.28858 579068106.4633 720413623.65306 437769105.91657996 943195940.22352 669359943.83794 99091742.09678 835148247.12663 471124912.61057 
925474081.8494501 702200138.93598 447752970.85087 429276421.15537 0 316926235.91609997 361464090.83909 605613093.58352 582158720.02787 825880521.80493 95614802.44375 740558402.37906 662269820.17457 726737015.21164 256239450.4299 67613019.73553 562294468.89185 728989893.10557 949898234.8621 755455573.02834 497598460.82151 923067795.67943 248840455.75302 279304533.23056 485250124.50567 437226186.43394 681606887.8652 810459090.19118 926380647.8175099 81530731.5245 768135435.47419 623311235.7458401 174703779.52794 604605333.24367 771794872.57247 437101821.1573 514909619.81499 253649008.60023 289456789.59085 375702143.08071 1056083930.03117 660057179.85939 508079120.05396 558004835.79856 137010179.03239 768408803.13341 550872486.20033 477150999.37041 825932239.85142 482508567.27204 
937574033.10885 517656561.35186 263443058.0449 246031085.10987 316926235.9161 0 204728123.34979 552479579.46215 476176548.10603 780119662.18323 275736220.24594 892584169.84973 497313439.44132 742894407.30273 60686785.4862 260905294.8234 438445604.42586 771475387.35084 925074909.52196 687223134.50758 677878558.25144 856687989.9713401 225572526.80819 108992505.50154 322128258.60805 623578472.2406399 845354353.71886 748014426.318 956843658.57879 235395504.3916 903288177.2762 792453160.2672501 322003778.35202 782053203.07124 878761158.19383 560594848.09491 350788563.56815 184072897.19020998 139436540.99482 241192417.95933002 1056857493.88745 769196782.53288 576763485.6175201 682024665.8971801 200554387.45241 898697063.4061 643401076.0279601 312737030.28982 876020180.16092 506641016.37286997 
787863844.71748 349534574.02153003 205212805.0997 213753364.87952 361464090.83909 204728123.34979 0 379704818.31585 286186392.48502004 601796524.8910899 448047902.2914 891921310.2687099 302269569.54175 584514659.8913 145581236.33448 382192105.86794 235280182.21929 657312804.81608 754868164.9073701 499151695.26232 720201408.10472 665753085.90641 234194536.67656 96435883.70755 124328276.51331 660806764.77702 857828903.40283 562174360.55034 824580974.72735 294209685.41361 887611008.8480499 812271274.1399 385380294.86702 797644314.53102 818985663.66344 569849360.97692 155965430.78764 117765890.52571 206803269.69262 216832732.51546 896290164.19189 718670432.10737 504347848.21302 641244864.73398 235766132.47929 862344079.39855 598779922.9408699 133994930.24388 772547227.78911 415226154.11776006 
409980246.97741 461699103.31082 444057754.26519 440439305.13574004 605613093.58352 552479579.46215 379704818.31585 0 134048869.05616 301603358.4164 701181754.79195 730132172.77409 361565102.65620005 227378090.99996 505347107.08243 579697835.36299 229279031.47033 370120443.18646 375617077.93696 151852954.7592 690742766.5783 349778820.55661 418935025.43858 453003508.99179 363173225.6788 656255360.43571 723205108.5978401 218573103.50326 468643080.20174 564380061.81247 715715744.06336 724479964.58134 509154136.62835 715720325.44435 581424669.35071 463202224.9298 373439805.40554 397355829.92359 532858831.44711 331406746.87141 517813955.65948 515326547.6054 326742184.97542 492603952.02836 495890505.8566 662252721.30416 421605718.06711 369596387.89527 462862965.09669 213205978.34665 
525409940.78964996 354648860.44176996 324982757.99557996 306390436.07958 582158720.02787 476176548.10603 286186392.48502004 134048869.05616 0 321060755.45558 666080070.59789 810925417.24351 254364185.04467 345087893.45788 421617212.54364 549582715.75709 95230162.41417 456052433.34359 481943116.38293004 216524645.59998 735672006.80488 384241490.61616 380581754.75180995 367184042.60449 244652774.69799998 687723401.2895601 793008517.87933 288797500.45103 591064777.2198501 507502964.08735 800944415.15502 788771525.3561299 498135264.03795 776407295.98518 680810670.28516 514301948.95427 239390936.34938 334047606.88803005 460598042.68337 237089274.73059 627673205.24365 604497719.04352 397249912.80093 562298325.67275 450428574.97337997 753819972.03723 492102877.43853 235547518.83911 576055022.4614 275774137.85253 
300069899.66401005 598672583.86236 623815034.32207 627451191.5351601 825880521.80493 780119662.18323 601796524.8910899 301603358.4164 321060755.45558 0 919372980.00915 787382800.69027 502130643.53989 189293115.75474 731973240.41712 793963590.89876 397752342.61355 332035467.94124 160882360.92735 212903929.87915 822985641.46336 121813302.76571 625947376.24802 679333069.63591 545528250.72878 794225877.56104 812037535.0710199 224557519.16288 343737958.69096 787790706.44256 764330425.7810899 823166524.11825 712796265.99074 818366786.72569 592395645.58617 601241496.43347 549917484.57844 625982050.58928 761055349.8531201 554119891.78556 322963253.24747 566984810.9639 443357777.60489 581605062.57886 722112377.3298 698861590.26451 514785703.06418 552873345.6331 417063541.24957 375381464.33907 
1010869238.3926 793392781.5978 539179278.29084 521767305.35581005 95614802.44375 275736220.24594 448047902.2914 701181754.79195 666080070.59789 919372980.00915 0 774121258.69528 750317471.83315 818463997.2989999 336423005.73214 163227822.17927998 656348231.07398 808322541.89823 1040565320.65497 850611920.31869 517440100.28301 1017900555.92626 295470654.5911 374919335.67430997 572373473.37395 458551210.16624 713187272.48419 905476657.6625099 1006486522.54421 177145533.96824998 795350706.01619 644324627.69767 270318581.97169 627450706.03071 828869222.99417 494570203.47968996 604010627.64828 345390895.13647 385071592.0346 465915742.9419 1142507008.7625 718095016.06455 587757108.30148 616000021.28196 227427879.02887 814616254.80521 613525470.51487 563896354.35633 888124649.89865 574982258.58357 
667093054.99157 1147075986.42659 994634675.22806 971090069.1877899 740558402.37906 892584169.84973 891921310.2687099 730132172.77409 810925417.24351 787382800.69027 774121258.69528 0 1056806238.0690799 598233914.19878 898960211.34022 672946214.42358 897243738.32906 470754083.72858 789929516.6940601 824432883.5977 274654037.86267 907748909.32777 679355051.92364 873992954.1945901 950388419.4719901 331957178.46358 141086693.96712 832481949.1703 575150512.68042 788050809.33439 38673609.6513 363634237.87721 596052378.05489 162936278.99527 221745120.1856 339106616.12489 977373998.2221501 791190086.5761001 857910044.01355 857185080.50764 765136077.75731 221520052.56514 443966159.83472 250676445.53473 770451995.88249 119422544.52416 445029015.93299 948753224.2495 418800593.94209003 541886875.78269 
740203483.65132 172062416.91685998 242843240.46784 256070441.43938 662269820.17457 497313439.44132 302269569.54175 361565102.65620005 254364185.04467 502130643.53989 750317471.83315 1056806238.0690799 0 583238712.03024 436708541.34637 674931390.09268 166620491.16798002 705186980.8206999 661045225.0368 385020825.45959 952106288.08184 514632136.20568 506889236.66984 395176533.04564 178007756.26626 898355793.7043 1032071372.1008799 438972102.89862 816474067.60098 587576827.54618 1047847880.7314899 1019328393.1519101 659654036.2424401 1007077906.19429 933368280.26581 742801003.97221 151312962.9811 410505174.75045 506826724.53348 299546818.04104 821951073.51283 855356449.84502 642555330.54807 806129792.5343499 526351773.81663 1005078843.6485701 738039364.98396 187674409.99683 823978326.09636 525076013.73028004 
203349184.82618 684188005.1404201 635774405.3090401 633365896.75422 726737015.21164 742894407.3027301 584514659.8913 227378090.99996 345087893.45788 189293115.75474 818463997.299 598233914.19878 583238712.03024 0 691426930.41419 683173260.2958801 439523076.78853 142742352.1865 236082990.08412 243281868.48063 646038977.10436 311106418.52045 536788253.0259 642240380.01951 569656842.75453 624348711.31249 623447551.59496 237222534.90306 310919211.65552 705208902.6819 580828075.09664 636477218.67622 588936817.52936 637590626.6681099 408015711.72842 431295575.80658 582242530.80411 571673037.89632 706899155.51025 536202898.14827 330365208.05144 377691695.20916 274285577.8653 396731751.19537 647159194.9567 509568474.50977004 327735307.97071 579323496.4850999 250128187.94032 244978171.56254 
893753025.43936 458999400.67947 324129843.5311 306717870.59607 256239450.4299 60686785.4862 145581236.33448 505347107.08243 421617212.54364 731973240.41712 336423005.73214 898960211.34022 436708541.34637 691426930.41419 0 300057657.83564997 380861418.55376995 743405829.72913 880609615.25282 638141858.14362 695495637.58972 804318325.7433001 219605159.41658 169679290.98774 261475618.70408 633912937.76736 848271384.13436 699891067.96236 924068867.19746 174708718.9054 904714682.21752 803790198.24756 339982955.55163 787871106.80644 867394969.68527 559853595.21533 293112772.97841 123386111.70401 78749755.50862 184527937.81305 1013943013.86577 776968477.2904999 561432580.44406 673496493.57405 139867601.96621 894726589.95684 632218945.75526 252050244.80362 851700817.1956 478824478.34399 
878553012.96101 722635365.58113 472927017.60051 458539587.63957 67613019.73553 260905294.8234 382192105.86794 579697835.36299 549582715.75709 793963590.89876 163227822.17927998 672946214.42358 674931390.09268 683173260.2958801 300057657.83564997 0 560537429.90475 675869424.20797 910918743.06486 731261884.8007599 440667088.23608 895964967.66755 181227436.01749 306545847.5442 502824346.79331 370985785.00911 615366329.9031401 783648523.86265 873708936.42087 149143751.26003 700522415.73866 558448395.92229 107090759.79241 540006684.47742 707891644.5715799 373198593.15641 531130933.32304 264426215.34223 221843769.85532 385339592.88861 1011773825.9496601 596155692.8017 452256140.55431 494628410.95868 160190055.86944 701579440.45808 485811519.96222 493157693.06273997 758319220.11589 438195088.73334 
615827328.45946 259418698.0276 229752595.58141 235653082.63982 562294468.89185 438445604.42586 235280182.21929 229279031.47033 95230162.41417 397752342.61355 656348231.07398 897243738.32906 166620491.16798002 439523076.78853 380861418.55376995 560537429.90475 0 551282595.75776 558634703.5409 284443191.80074 797656200.30268 446249493.24352 383751076.49495 329453098.92432 149422612.28383 745692304.03865 875078430.75784 345982206.25371 679859850.68079 502679909.08559 883908057.31884 860139727.60797 525881517.29005 847058906.52284 776040832.69933 582544918.84307 152165141.96489 314183355.75201 442083451.91191 198555777.86345 712063282.01843 690957857.34567 478615507.13542 646567292.79433 430564323.83736 840655883.72702 574106837.44678 157563386.87637 671285184.87557 371004300.2667 
305734007.47532 805135349.87922 723409984.21948 717648026.92957 728989893.10557 771475387.35084 657312804.81608 370120443.18646 456052433.34359 332035467.94124 808322541.89823 470754083.72858 705186980.8206999 142742352.1865 743405829.72913 675869424.20797 551282595.75776 0 378825342.27062 385270074.97934 550046491.3943701 442150027.36142 558308350.16787 699823806.98469 663769242.19566 537901801.34188 480705199.40846 379964887.08956003 198163980.64598 723333879.07884 438263538.22024 520184895.97829 627403793.03384 518592854.87326 474851449.22625005 384118337.4059 682839417.17558 620019718.02512 737937510.24139 610985092.6882 427763094.04043996 249234031.16344 225819264.83364 292954338.62282 673941502.53707 366826122.32327 439500899.14754 667337875.2516 359871238.47832 266672040.63315 
139187538.73666 759554944.78971 782478986.20431 786561179.70032 949898234.8621 925074909.52196 754868164.9073701 375617077.93696 481943116.38293004 160882360.92735 1040565320.65497 789929516.6940601 661045225.0368 236082990.08412 880609615.25282 910918743.06486 558634703.5409 378825342.27062 0 359462846.93508 870820684.99786 189032780.87069 753710081.27411 828037054.38971 704985471.64864 855705307.51495 804512264.64283 382291504.19365 246757565.56599998 920094224.34889 752565536.74131 846203426.07691 820638861.45869 844571267.84206 568184396.50846 664377340.30468 710551441.07424 768074178.71403 903300992.6914301 707023824.80837 162080892.32012 573861324.04704 510368567.94942 626453263.79311 862029914.78453 675559338.72656 552517015.86421 712102443.30929 373161295.72673 481061161.64666 
359303961.16283 487226958.29489994 514195787.38215 520096274.44056 755455573.02834 687223134.50758 499151695.26232 151852954.7592 216524645.59998 212903929.87915 850611920.31869 824432883.5977 385020825.45959 243281868.48063 638141858.14362 731261884.8007599 284443191.80074 385270074.97934 359462846.93508 0 820940658.77209 325171679.87803 555217086.65381 582822483.5275501 433529222.18692 784560586.28669 823286252.32541 151211809.47621 464905721.21898 709142527.01961 804812045.59936 847760410.10816 660705871.25347 832704886.77954 647790404.39294 594016337.34737 435815471.73207 536734083.74585 672300757.40678 453613920.33057 437072593.85039 603337689.30274 442327686.28137 597823461.61812 645095959.15381 741684080.21067 523727758.84696 442006578.67711 493410056.42095 348606303.97708 
777058936.01983 1030236067.38137 826856723.30995 807137952.88318 497598460.82151 677878558.25144 720201408.10472 690742766.5783 735672006.80488 822985641.46336 517440100.28301 274654037.86267 952106288.08184 646038977.10436 695495637.58972 440667088.23608 797656200.30268 550046491.3943701 870820684.99786 820940658.77209 0 944798944.22907 489836259.95766 684918786.6445 811993903.18754 69681303.22697 324317365.54492 848655310.96974 723582558.71941 554908631.27054 304321038.24286 251184195.2895 409855624.62353003 115171356.25273 449215890.31728 227929227.81688 842944006.75698 610751627.95865 635476000.49871 699902999.87206 902841279.6824801 360564136.48800004 386228300.38914 257092152.77155 558954678.6816399 385069973.11572003 318303669.13365 808347121.42773 561875300.88707 477926551.95233 
318532443.17482 601419793.10791 671509474.92821 677508046.45501 923067795.67943 856687989.9713401 665753085.90641 349778820.55661 384241490.61616 121813302.76571 1017900555.92626 907748909.32777 514632136.20568 311106418.52045 804318325.7433001 895964967.66755 446249493.24352 442150027.36142 189032780.87069 325171679.87803 944798944.22907 0 722430387.8324399 751365370.52733 593871533.85692 916039180.32675 915998486.23444 221732844.31972003 423928775.74249 878417175.1771 880230796.2481 944639362.25948 820418116.81594 939986919.81658 714208948.35188 723054799.19918 588775346.17036 706645853.6136 842212527.27453 621114251.72202 343843120.53361 686228856.76263 565171080.3706 703418365.34457 810858033.86814 808976149.68469 632526752.88515 599249132.61359 522372580.80993 490615180.97043 
738641322.9872701 566849580.13563 337020463.35229003 317301692.92552 248840455.75302 225572526.80819 234194536.67656 418935025.43858 380581754.75180995 625947376.24802 295470654.5911 679355051.92364 506889236.66984 536788253.0259 219605159.41658 181227436.01749 383751076.49495 558308350.16787 753710081.27411 555217086.65381 489836259.95766 722430387.8324399 0 330630420.38411003 341676434.90746 438322478.58712 630748419.04508 610006489.5686901 750337013.97333 208839304.49938 693396917.41528 590108252.5264 153235586.71711 574611779.98104 653188631.38564 340248435.79875 373280436.90174 120915368.00099 256482041.66192 242968502.48147 867145876.11409 562762500.10755 357801948.09054 459290516.3911 238915609.95457 675257655.63818 417828549.21977 349646845.72150004 665325841.12166 298017439.19417 
843999186.66742 425954755.07012 170436586.10606 151993740.09537 279304533.23056 108992505.50154 96435883.70755 453003508.99179 367184042.60449 679333069.63591 374919335.67430997 873992954.1945901 395176533.04564 642240380.01951 169679290.98774 306545847.5442 329453098.92432 699823806.98469 828037054.38971 582822483.5275501 684918786.6445 751365370.52733 330630420.38411003 0 217699468.88931 636139495.07405 828069508.94142 644330732.12342 876755328.57087 197773801.70606 879697633.38192 787925269.01333 365888982.30886 773658723.80938 833183427.80029 534886338.0697 244125274.34857 214201774.23326 248429046.49636 132199912.45779 963156160.15162 744675551.88875 535535564.99558 641203568.1723 309546892.95395005 865122249.52372 598917755.5804 208626966.55063 809052453.72638 455085529.9734 
756387934.4670701 225206297.50822 80884528.58639 89425088.36621 485250124.50567 322128258.60805 124328276.51331 363173225.6788 244652774.69799998 545528250.72878 572373473.37395 950388419.4719901 178007756.26626 569656842.75453 261475618.70408 502824346.79331 149422612.28383 663769242.19566 704985471.64864 433529222.18692 811993903.18754 593871533.85692 341676434.90746 217699468.88931 0 754850160.21651 916458705.30373 495258993.42813 812494476.8384099 415473270.59537 947199393.91727 898751321.26387 494912021.62457 884415886.2479999 857851717.37982 619018700.25952 31637154.27433 238398131.45108 329939234.54123 121539061.77478 856519816.73955 765906055.97964 548220061.72246 700942526.60635 348344017.55037 914066569.55704 640565125.69105 9666653.73057 783134295.37645 466646436.02895 
766515225.74768 974561418.73386 760718060.47969 744617733.9168 437226186.43394 623578472.2406399 660806764.77702 656255360.43571 687723401.2895601 794225877.56104 458551210.16624 331957178.46358 898355793.7043 624348711.31249 633912937.76736 370985785.00911 745692304.03865 537901801.34188 855705307.51495 784560586.28669 69681303.22697 916039180.32675 438322478.58712 636139495.07405 754850160.21651 0 254636062.31795 815700788.85126 725100274.5591301 493601896.10839 357049146.63377 196567031.96433 374518555.75674 169020899.46831 436387370.88395 193053135.50591 785993781.2181599 550337465.68475 592829554.86443 641725075.08124 894438345.34202 354122667.3929 351352208.07817 250650683.67645 496603582.83836 396103157.86996 316327313.81530005 751020112.90964 563393016.7267901 443050459.64136004 
717627914.3817999 1124869578.9605 945699382.8418701 927118595.22756 681606887.8652 845354353.71886 857828903.4028299 723205108.5978401 793008517.87933 812037535.0710199 713187272.48419 141086693.96712 1032071372.1008799 623447551.59496 848271384.13436 615366329.9031401 875078430.75784 480705199.40846 804512264.64283 823286252.32541 324317365.54491997 915998486.23444 630748419.04508 828069508.94142 916458705.30373 254636062.31795 0 837624175.5593 610085076.60513 728780885.67688 102413084.31582 393578495.31402004 523350575.36684 298340512.56001 261764184.32742 318032189.7388 946136268.22649 746968640.61472 798404294.24122 814766296.10519 799830866.93434 332884412.99223 396462923.62242 230710192.20658 718884496.66588 183162019.18868 303942321.96587 914730521.21246 449000203.61715 518226600.05798 
317686816.02736 533984057.75741 574989690.34862 579386438.36133 810459090.19118 748014426.318 562174360.55034 218573103.50326 288797500.45103 224557519.16288 905476657.6625099 832481949.1703 438972102.89862 237222534.90306 699891067.96236 783648523.86265 345982206.25371 379964887.08956003 382291504.19365 151211809.47621 848655310.96974 221732844.31972003 610006489.5686901 644330732.12342 495258993.42813 815700788.85126 837624175.5593 0 411532010.05026 766647373.7458501 810369681.35127 858470255.29993 709176458.35755 852565158.02489 645238246.63148 623387922.94749 496853472.91107 598344809.99552 731761989.65643 515363130.14931 383578356.14151 611115233.56917 467765102.17751 615898906.05449 699183397.24046 743195697.58706 542709839.32749 503137457.37698 476896442.46089 384564732.90858 
107570026.82934 916817512.8185601 878612039.39292 875667416.89983 926380647.8175099 956843658.57879 824580974.72735 468643080.20174 591064777.2198501 343737958.69096 1006486522.54421 575150512.68042 816474067.60098 310919211.65552 924068867.19746 873708936.42087 679859850.68079 198163980.64598 246757565.56599998 464905721.21898 723582558.71941 423928775.74249 750337013.97333 876755328.57087 812494476.8384099 725100274.5591301 610085076.60513 411532010.05026 0 917148652.68045 541108469.34468 669873398.9376199 775571555.08363 668130658.45457 353476826.04444 582282318.05188 824675875.90715 801939662.91472 925498494.73503 776598078.85244 260002210.53374 394861296.12305 423983245.47962 491118319.2688 863829774.02021 461502152.94742 509241502.93249 822161130.5689799 161707257.83234 456560312.11629 
907647865.43642 623728556.77618 368210387.81211996 349767307.46886 81530731.5245 235395504.3916 294209685.41361 564380061.81247 507502964.08735 787790706.44256 177145533.96824998 788050809.3343899 587576827.54618 705208902.6819 174708718.9054 149143751.26003 502679909.08559 723333879.07884 920094224.34889 709142527.01961 554908631.27054 878417175.1771 208839304.49938 197773801.70606 415473270.59537 493601896.10839 728780885.67688 766647373.7458501 917148652.68045 0 798861966.25629 673929581.59173 205430310.31004 657427402.2418599 794080084.74304 463729587.747 441899076.05463 293878282.22993 253458474.41402 304124131.22214 1035548144.79863 687181287.14062 511689906.54269 583709303.42417 218540910.55689 801311730.48328 564859151.38975 406400768.25669 817713630.16889 465840947.52513 
628419445.34027 1140420642.90169 989532985.1818401 966779767.7671299 768135435.47419 903288177.2762 887611008.8480499 715715744.06336 800944415.15502 764330425.7810899 795350706.01619 38673609.6513 1047847880.7314899 580828075.09664 904714682.21752 700522415.73866 883908057.31884 438263538.22024 752565536.74131 804812045.59936 304321038.24286 880230796.2481 693396917.41528 879697633.38192 947199393.91727 357049146.63377 102413084.31582 810369681.35127 541108469.34468 798861966.25629 0 324960628.22591 593431655.94625 195927428.24419 187631643.30024 367795961.91634 974208577.05825 796489811.66551 861035789.06986 852874779.0869801 730636618.89413 230471328.67641002 405292550.18342 246366144.11407 781466592.1654 80748934.87286 406355406.28169 945985673.94192 384220316.94816 526951582.68629 
737646726.06546 1103822632.21366 910347825.93241 895591224.07492 623311235.7458401 792453160.2672501 812271274.1399 724479964.58134 788771525.3561299 823166524.11825 644324627.69767 363634237.87721 1019328393.1519101 636477218.67622 803790198.24756 558448395.92229 860139727.60797 520184895.97829 846203426.07691 847760410.10816 251184195.2895 944639362.25948 590108252.5264 787925269.01333 898751321.26387 196567031.96433 393578495.31402004 858470255.29993 669873398.93762 673929581.59173 324960628.22591 0 470449381.91523 328426053.15741 328753601.96811 290844842.23025 925787395.89866 709213869.54216 749074192.00502 787386331.4934599 854248864.96648 275012102.81457 449143914.80251 331009250.38356 670262436.99012 244211693.35305 497830205.87783 890569318.12572 508166141.10528004 540768097.15155 
780325985.5960801 719989704.7078 490256050.0694 467283436.47015 174703779.52794 322003778.35202 385380294.86702 509154136.62835 498135264.03795 712796265.99074 270318581.97169 596052378.05489 659654036.2424401 588936817.52936 339982955.55163 107090759.79241 525881517.29005 627403793.03384 820638861.45869 660705871.25347 409855624.62353003 820418116.81594 153235586.71711 365888982.30886 494912021.62457 374518555.75674003 523350575.36684 709176458.35755 775571555.08363 205430310.31004 593431655.94625 470449381.91523 0 464546280.79598 601278346.94482 299750999.00355 526513495.17292 274150954.7181 328934529.64773 377281798.03924 913406423.38853 489566900.92293 401584528.20019996 421180816.80582 267280815.66184998 599790760.94467 420551622.52623 489119126.43889 651228460.32348 374285320.25223005 
775570801.46757 1094346506.69545 900610589.91292 881063307.29058 604605333.24367 782053203.07124 797644314.53102 715720325.44435 776407295.98518 818366786.72569 627450706.03071 162936278.99527 1007077906.19429 637590626.6681099 787871106.80644 540006684.47742 847058906.52284 518592854.87326 844571267.84206 832704886.77954 115171356.25273 939986919.81658 574611779.98104 773658723.80938 884415886.2479999 169020899.46831 298340512.56001 852565158.02489 668130658.45457 657427402.2418599 195927428.24419 328426053.15741 464546280.79598 0 334044534.06455 276054714.33801997 912687936.3542401 694573406.70731 750647356.75144 772329181.20027 855834197.9503 384456331.56041 434353786.91028 316219122.49133 654046139.58088 276676363.11705 309855318.6974 880585635.4296 514794008.70543 517185781.42960995 
461046852.87377995 1030730309.97609 903469503.05041 892648360.7056 771794872.57247 878761158.19383 818985663.66344 581424669.35071 680810670.28516 592395645.58617 828869222.99417 221745120.1856 933368280.26581 408015711.72842 867394969.68527 707891644.5715799 776040832.69933 474851449.22625005 568184396.50846 647790404.39294 449215890.31728 714208948.35188 653188631.38564 833183427.80029 857851717.37982 436387370.88395 261764184.32742 645238246.63148 353476826.04444 794080084.74304 187631643.30024 328753601.96811 601278346.94482 334044534.06455 0 335539681.2314 885731191.46287 748798908.75087 848679581.9602599 779571279.75086 543390957.57171 257747720.70653 314637988.39911 214320628.58679 761988352.92292 108025326.90298 235360082.16587 859047217.08469 197055473.75649 436401664.83467 
588203611.30844 827457990.6759 668188565.80251 654645834.45513 437101821.1573 560594848.09491 569849360.97692 463202224.9298 514301948.95427 601241496.43347 494570203.47968996 339106616.12489 742801003.97221 431295575.80658 559853595.21533 373198593.15641 582544918.84307 384118337.4059 664377340.30468 594016337.34737 227929227.81688 723054799.19918 340248435.79875 534886338.0697 619018700.25952 193053135.50591 318032189.7388 623387922.94749 582282318.05188 463729587.747 367795961.91634 290844842.23025 299750999.00355 276054714.33801997 335539681.2314 0 650147268.0427201 452083470.45121 518803427.88866 536166602.53314996 743267549.64383 224901801.51872 158299072.57226 121429817.80227 445702044.38441 338354674.45926 256791000.51684 616971303.66953 458055839.80943 249997324.13545 
764400442.1232 193569143.23389 91530277.48674 104757478.45828 514909619.81499 350788563.56815 155965430.78764 373439805.40554 239390936.34938 549917484.57844 604010627.64828 977373998.2221501 151312962.9811 582242530.80411 293112772.97841 531130933.32304 152165141.96489 682839417.17558 710551441.07424 435815471.73207 842944006.75698 588775346.17036 373280436.90174 244125274.34857 31637154.27433 785993781.2181599 946136268.22649 496853472.91107 824675875.90715 441899076.05463 974208577.05825 925787395.89866 526513495.17292 912687936.3542401 885731191.46287 650147268.0427201 0 266704717.98081 355716335.60596 149260204.13107 864228423.98332 792993539.40576 574087752.29684 727978601.24114 377899440.7826 940265520.06013 667139337.91079 41303808.0049 802403059.86779 457334367.76933 
775022222.7225 459062398.81155 216105095.3513 327823219.81729 253649008.60023 184072897.19020998 117765890.52571 397355829.92359 334047606.88803005 625982050.58928 345390895.13647 791190086.5761001 410505174.75045 571673037.89632 123386111.70401 264426215.34223 314183355.75201 620019718.02512 768074178.71403 536734083.74585 610751627.95865 706645853.6136 120915368.00099 214201774.23326 238398131.45108 550337465.68475 746968640.61472 598344809.99552 801939662.91472 293878282.22993 796489811.66551 709213869.54216 274150954.7181 694573406.70731 748798908.75087 452083470.45121 266704717.98081 0 135566673.66093 122053134.48048 897069626.56166 660999187.8798599 438046468.74005 557527204.16341 118000241.95358 780817820.80465 514428975.65275 228731477.72051 728378924.07741 355444799.2089 
904175654.59633 537749156.18809 278888330.66932 385467626.10468996 289456789.59085 139436540.99482 206803269.69262 532858831.44711 460598042.68337 761055349.8531201 385071592.0346 857910044.01355 506826724.53348 706899155.51025 78749755.50862 221843769.85532 442083451.91191 737937510.24139 903300992.6914301 672300757.40678 635476000.49871 842212527.27453 256482041.66192 248429046.49636 329939234.54123 592829554.86443 798404294.24122 731761989.65643 925498494.73503 253458474.41402 861035789.06986 749074192.00502 328934529.64773 750647356.75144 848679581.9602599 518803427.88866 355716335.60596 135566673.66093 0 257619808.14141 1028569740.58702 737830937.0899199 539197548.82935 634358953.37347 218617357.47483 857158102.34792 618468747.6504099 320272580.81066 845066793.26302 473607788.92172 
739552082.97445 342813002.24445 202423590.36117 210964150.14099002 375702143.08071 241192417.95933002 216832732.51546 331406746.87141 237089274.73059 554119891.78556 465915742.9419 857185080.50764 299546818.04104 536202898.14827 184527937.81305 385339592.88861 198555777.86345 610985092.6882 707023824.80837 453613920.33057 699902999.87206 621114251.72202 242968502.48147 132199912.45779 121539061.77478 641725075.08124 814766296.10519 515363130.14931 776598078.85244 304124131.22214 852874779.0869801 787386331.4934599 377281798.03924 772329181.20027 779571279.75086 536166602.53314996 149260204.13107 122053134.48048 257619808.14141 0 848942539.13351 697936006.5591199 464940095.04414 606508634.97291 238798821.26584 825772606.62058 552397006.10886 111872408.04421 726958574.96098 375804687.42500997 
219762980.17514998 917514168.58915 932100179.07568 932894250.65066 1056083930.03117 1056857493.88745 896290164.19189 517813955.65948 627673205.24365 322963253.24747 1142507008.7625 765136077.75731 821951073.51283 330365208.05144 1013943013.86577 1011773825.9496601 712063282.01843 427763094.04043996 162080892.32012 437072593.85039 902841279.6824801 343843120.53361 867145876.11409 963156160.15162 856519816.73955 894438345.34202 799830866.93434 383578356.14151 260002210.53374 1035548144.79863 730636618.89413 854248864.96648 913406423.38853 855834197.9503 543390957.57171 743267549.64383 864228423.98332 897069626.56166 1028569740.58702 848942539.13351 0 580406562.0997 585274027.12727 645749126.91093 977524403.0081398 650123374.80794 594974169.93499 863129822.28688 350918736.05297 573578737.21632 
462638800.75719 949584973.42525 818407896.86607 794752541.28858 660057179.85939 769196782.53288 718670432.10737 515326547.6054 604497719.04352 566984810.9639 718095016.06455 221520052.56514 855356449.84502 377691695.20916 776968477.2904999 596155692.8017 690957857.34567 249234031.16344 573861324.04704 603337689.30274 360564136.48800004 686228856.76263 562762500.10755 744675551.88875 765906055.97964 354122667.3929 332884412.99223 611115233.56917 394861296.12305 687181287.14062 230471328.67641002 275012102.81457 489566900.92293 384456331.56041 257747720.70653 224901801.51872 792993539.40576 660999187.8798599 737830937.0899199 697936006.5591199 580406562.0997 0 354593860.24054 103471983.71645 668659144.0297 149722393.80355 410300941.44512 766309565.02758 233154038.29071 338951191.58388996 
443513209.05721 735379389.0005 588831514.6513 579068106.4633 508079120.05396 576763485.6175201 504347848.21302 326742184.97542 397249912.80093 443357777.60489 587757108.30148 443966159.83472 642555330.54807 274285577.8653 561432580.44406 452256140.55431 478615507.13542 225819264.83364 510368567.94942 442327686.28137 386228300.38914 565171080.3706 357801948.09054 535535564.99558 548220061.72246 351352208.07817 396462923.62242 467765102.17751 423983245.47962 511689906.54269 405292550.18342 449143914.80251 401584528.20019996 434353786.91028 314637988.39911 158299072.57226 574087752.29684 438046468.74005 539197548.82935 464940095.04414 585274027.12727 354593860.24054 0 279728890.37452996 467110019.52282 368053487.52554 263303695.77135 548504219.68091 430158909.61676 121763676.43556 
566110784.47364 896399651.24894 743958229.69333 720413623.65306 558004835.79856 682024665.8971801 641244864.73398 492603952.02836 562298325.67275 581605062.57886 616000021.28196 250676445.53473 806129792.5343499 396731751.19537 673496493.57405 494628410.95868 646567292.79433 292954338.62282 626453263.79311 597823461.61812 257092152.77155 703418365.34457 459290516.3911 641203568.1723 700942526.60635 250650683.67645 230710192.20658 615898906.05449 491118319.2688 583709303.42417 246366144.11407 331009250.38356 421180816.80582 316219122.49133 214320628.58679 121429817.80227 727978601.24114 557527204.16341 634358953.37347 606508634.97291 645749126.91093 103471983.71645 279728890.37452996 0 567131862.18668 223918681.35142 378220818.31911004 701294626.86296 336626022.00716 294069408.01361996 
848785439.91961 571468584.01649 334105337.30488 437769105.91657996 137010179.03239 200554387.45241 235766132.47929 495890505.8566 450428574.97337997 722112377.3298 227427879.02887 770451995.88249 526351773.81663 647159194.9567 139867601.96621 160190055.86944 430564323.83736 673941502.53707 862029914.78453 645095959.15381 558954678.6816399 810858033.86814 238915609.95457 309546892.95395005 348344017.55037 496603582.83836 718884496.66588 699183397.24046 863829774.02021 218540910.55689 781466592.1654 670262436.99012 267280815.66184998 654046139.58088 761988352.92292 445702044.38441 377899440.7826 118000241.95358 218617357.47483 238798821.26584 977524403.00814 668659144.0297 467110019.52282 567131862.1866801 0 777805202.32269 555117502.54105 340326702.44725 771546021.73355 411285276.93404996 
569072179.77676 1099307367.2288 955085932.10839 943195940.22352 768408803.13341 898697063.4061 862344079.39855 662252721.30416 753819972.03723 698861590.26451 814616254.80521 119422544.52416 1005078843.6485701 509568474.50977004 894726589.95684 701579440.45808 840655883.72702 366826122.32327 675559338.72656 741684080.21067 385069973.11572003 808976149.68469 675257655.63818 865122249.52372 914066569.55704 396103157.86996 183162019.18868 743195697.58706 461502152.94742 801311730.48328 80748934.87286 244211693.35305 599790760.94467 276676363.11705 108025326.90298 338354674.45926 940265520.06013 780817820.80465 857158102.34792 825772606.62058 650123374.80794 149722393.80355 368053487.52554 223918681.35142 777805202.32269 0 343385409.06885004 914113557.55861 305080800.65946996 485578293.57935 
465715482.77017 830612223.22041 677795352.61099 669359943.83794 550872486.20033 643401076.0279601 598779922.9408699 421605718.06711 492102877.43853 514785703.06418 613525470.51487 445029015.93299 738039364.98396 327735307.97071 632218945.75526 485811519.96222 574106837.44678 439500899.14754 552517015.86421 523727758.84696 318303669.13365 632526752.88515 417828549.21977 598917755.5804 640565125.69105 316327313.81530005 303942321.96587 542709839.32749 509241502.93249 564859151.38975 406355406.28169 497830205.87783 420551622.52623 309855318.6974 235360082.16587 256791000.51684 667139337.91079 514428975.65275 618468747.6504099 552397006.10886 594974169.93499 410300941.44512 263303695.77135 378220818.31911004 555117502.54105 343385409.06885004 0 640461188.08886 432415555.92236 223071174.05237 
759744818.79038 231266940.33643 90551182.31696 99091742.09678 477150999.37041 312737030.28982 133994930.24388 369596387.89527 235547518.83911 552873345.6331 563896354.35633 948753224.2495 187674409.99683 579323496.4851 252050244.80362 493157693.06273997 157563386.87637 667337875.2516 712102443.30929 442006578.67711 808347121.42773 599249132.61359 349646845.72150004 208626966.55063 9666653.73057 751020112.90964 914730521.21246 503137457.37698 822161130.56898 406400768.25669 945985673.94192 890569318.12572 489119126.43889 880585635.4296 859047217.08469 616971303.66953 41303808.0049 228731477.72051 320272580.81066 111872408.04421 863129822.28688 766309565.02758 548504219.68091 701294626.86296 340326702.44725 914113557.55861 640461188.08886 0 786294915.96186 465011240.80646 
269277284.66168 924562068.40751 841341420.55015 835148247.12663 825932239.85142 876020180.16092 772547227.78911 462862965.09669 576055022.4614 417063541.24957 888124649.89865 418800593.94209003 823978326.09636 250128187.94032 851700817.1956 758319220.11589 671285184.87557 359871238.47832 373161295.72673 493410056.42095 561875300.88707 522372580.80993 665325841.12166 809052453.72638 783134295.37645 563393016.7267901 449000203.61715 476896442.46089 161707257.83234 817713630.16889 384220316.94816 508166141.10528004 651228460.32348 514794008.70543 197055473.75649 458055839.80943 802403059.86779 728378924.07741 845066793.26302 726958574.96098 350918736.05297 233154038.29071 430158909.61676 336626022.00716 771546021.73355 305080800.65946996 432415555.92236 786294915.96186 0 374199917.68842 
