101
a131 a178 a82 a172 a157 a22 a154 a10 a27 a107 a165 a17 a160 a87 a57 a45 a158 a29 a60 a177 a7 a124 a78 a59 a83 a3 a21 a56 a168 a145 a79 a173 a31 a42 a96 a93 a161 a44 a99 a58 a75 a46 a25 a192 a130 a14 a43 a151 a16 a53 a49 a88 a180 a133 a94 a163 a104 a80 a175 a156 a149 a138 a98 a196 a120 a134 a135 a28 a38 a186 a33 a153 a183 a121 a142 a103 a195 a185 a41 a159 a32 a63 a50 a55 a129 a77 a6 a11 a155 a144 a140 a198 a108 a8 a102 a37 a126 a68 a85 a101 a0
0 6531.73645 4360.22671 2117.94806 3286.76923 3790.44918 1229.93333 7208.96033 3611.98145 5396.59689 6352.21135 2883.24539 5560.90532 4266.77548 5033.94716 4629.96382 2250.29176 4029.70781 4432.28745 3850.19805 1958.52444 937.59959 1734.84812 2368.02217 4054.24346 3275.27846 3480.48847 1557.32367 2087.2973 2089.51023 6724.6336 2908.88518 1116.83526 6071.61329 3137.06375 2456.44967 4781.05898 4215.54386 5605.82741 1255.21193 6982.67485 5592.64821 4815.1432 4776.39739 5403.18915 6120.51795 4271.46907 4370.95058 4194.64957 5722.22378 5879.46698 2648.94432 2272.7589 4522.55945 3900.53253 4583.48481 6030.69018 3978.08622 4341.129 3372.60285 3710.60238 6451.71063 5696.34874 6511.59243 4092.14125 1225.96003 3830.61457 3844.9619 2698.03058 3747.28075 6465.95824 2062.77701 5692.14845 3841.15933 1651.55987 6229.54541 6055.75511 6593.94525 3404.07109 1405.63331 4324.69386 3006.38554 3780.20489 2395.7504 6841.3544 814.27759 7025.95033 4014.50794 4371.98468 1764.96714 4450.10135 4578.30373 6140.25122 4381.96235 2502.31753 5883.77906 4665.67991 6934.0349 1478.52393 6106.13347 6528.19684 
6531.73645 0 7020.01211 8141.79004 9491.18122 6931.32166 7634.22013 1130.21237 10116.80449 1876.23906 8314.6235 9008.74714 8754.92736 4721.26021 9777.5881 2352.85784 4745.96355 4926.58624 9935.25365 4621.39416 8126.5014 6361.96023 7007.22006 5254.28149 8139.57671 3487.46383 3059.84722 6284.39655 6203.47137 4862.31324 5891.33822 8109.83958 5623.32037 4530.01468 5597.09157 4102.41539 9601.2042 10089.48249 991.69048 7082.56451 8610.29994 1247.47305 10831.95481 10963.06914 1158.51111 5663.45698 3068.8097 4162.31186 4664.71564 8061.14061 825.02182 8721.08072 4267.97024 8209.2524 2811.00071 3971.98439 8219.39566 3446.24332 4823.45312 3168.5342 5653.66014 7519.00027 8765.03075 4156.75799 3074.19469 5614.36666 2723.78285 4174.78922 6237.22021 9516.73158 3569.40569 6470.62594 3436.7457 8995.36103 5315.04741 6936.85642 663.50961 6886.13571 3129.61036 5593.60724 2967.83423 9538.08707 6539.1709 6868.91964 2885.68969 7280.93298 6201.57923 9682.85934 10856.70397 4949.11972 3110.38599 9239.88322 6188.86242 2156.99073 5237.78006 6564.49975 10970.72878 2431.89001 7868.53849 1229.57594 1634.24264 
4360.22671 7020.01211 0 3641.39602 4530.2575 589.12308 5252.28341 7024.70853 5845.72844 5172.28934 2010.18457 4126.34184 1757.96047 2323.94922 3077.33927 6464.48529 3248.92905 2094.69282 3821.80913 2406.00457 6037.0964 5212.57441 2814.77264 6051.17939 8407.07708 5586.07572 5094.34402 5776.50846 6245.07878 3287.81812 3308.91946 7242.02872 3653.79611 3573.66549 1707.90281 4782.35026 2990.44946 4370.72179 6084.26495 3389.00487 2627.23296 5772.54164 5111.40656 5497.88368 6323.68263 2802.54902 3970.94409 2881.62628 7511.35793 1418.58592 6821.73211 6667.40137 4299.53114 8858.8309 4526.73006 7514.9857 1712.08791 6560.22019 2240.15401 4743.8028 7515.96175 2180.28553 1799.26707 4252.35523 6394.87052 5008.07997 5358.92499 2864.33675 1696.65848 3865.19987 4619.48276 6307.09141 4092.94576 2879.57115 3273.05255 2146.79319 6359.04906 2594.88824 4981.89894 5221.30137 6601.54906 5797.04382 7877.66272 6704.45292 5442.39846 4893.59633 3469.10435 3840.50062 6265.90113 4980.94168 6856.07679 2613.83703 2470.63474 5579.54989 6180.61955 1952.32298 5754.4435 5837.25321 4216.77033 5953.91846 5986.00677 
2117.94806 8141.79004 3641.39602 0 1350.84122 3076.91615 2153.19855 8630.96895 2322.86074 6693.35566 5365.93263 867.53444 4210.43513 4682.34653 3107.97812 6526.71012 3414.63102 4382.77595 2328.6262 4384.14199 2793.84932 2971.45503 1216.9281 4485.38215 5621.92512 5209.5924 5224.75339 3570.14355 4101.36782 3286.64099 6727.65018 4227.65763 2578.42374 6494.24237 3295.72648 4306.97725 2852.85559 2113.20089 7162.613 1073.46961 6012.34763 7048.47629 2767.76372 2828.96801 7086.99266 6144.94166 5408.00148 5016.56506 6312.43733 4715.46997 7595.36833 3291.04998 3974.20546 6146.38105 5346.29311 6682.15422 5017.80829 6012.18978 4701.51093 5019.30294 5791.43523 5805.27088 4373.78475 7075.17604 6073.84195 3335.61299 5583.64755 4597.61895 2530.58353 1629.33269 7206.96219 4008.9127 6474.58555 1894.13965 2826.74831 5778.59533 7582.48574 6215.72602 5127.27647 3522.51969 6311.07954 2158.99653 5747.55887 4221.60017 7792.16902 2001.53941 6958.01768 1899.11822 2915.23481 3801.3883 6467.64022 2742.6726 5969.19567 6079.64621 4619.02468 5536.65025 2834.66488 8009.78601 851.75407 7481.10861 7789.40421 
3286.76923 9491.18122 4530.2575 1350.84122 0 4028.74335 2878.33633 9978.81842 1398.3054 8037.18968 5967.4337 492.68651 4619.41988 5915.30937 2935.0741 7832.1829 4765.03568 5611.00535 1730.44734 5651.17873 3254.76297 4014.31601 2540.53734 5597.09434 6161.27535 6498.39095 6555.88194 4557.33398 5062.47864 4637.48175 7776.06745 4711.17024 3906.05235 7685.05172 4528.97174 5612.68608 2716.16292 1126.71647 8512.96077 2412.11297 6590.92346 8398.83147 1548.53479 1501.68172 8430.57964 7217.23825 6744.94092 6289.6166 7427.3953 5344.9072 8936.72557 3519.55253 5302.43123 6701.29331 6697.11893 7861.76729 5622.57343 7257.32251 5920.72132 6360.55925 6787.33659 6589.63383 4792.21713 8293.80347 7347.51659 4507.21311 6915.1188 5897.65784 3744.79866 1011.7732 8465.92818 4917.4104 7750.68268 1955.02148 4176.51841 6664.38894 8933.31484 7119.00007 6460.76714 4671.28473 7583.22708 1711.1312 6604.03339 5028.4073 9087.41646 2909.5601 7972.96996 1280.81302 1737.5736 5037.96755 7723.83286 2790.81798 6971.93036 7419.66913 5723.61398 6480.94715 1484.55279 9324.10232 1813.39268 8828.01597 9127.1907 
3790.44918 6931.32166 589.12308 3076.91615 4028.74335 0 4664.43662 7030.77862 5314.58719 5124.18979 2562.74384 3605.56584 2047.95239 2355.97835 2924.31206 6185.56578 2853.32823 2081.53789 3485.76261 2327.49823 5448.53971 4657.28956 2225.71988 5562.00198 7842.52287 5223.11937 4790.06524 5231.20216 5709.93879 2870.15156 3752.75072 6662.00525 3135.72703 3843.11189 1398.53709 4381.15236 2793.24363 3968.37511 5969.96231 2800.24642 3192.49824 5689.38494 4727.58554 5081.78325 6157.01031 3208.91337 3862.52003 2886.76774 7082.36401 1941.93512 6666.50801 6078.28076 3898.29322 8300.51161 4318.13073 7130.00926 2246.97419 6196.38161 2299.51299 4449.87022 7031.23723 2766.55544 2131.09737 4505.6712 6058.58441 4488.52414 5077.74566 2759.18484 1175.76868 3435.51335 4813.18491 5761.61262 4218.4496 2509.07234 2795.13738 2701.80477 6278.00199 3139.81417 4676.11644 4704.39901 6273.67484 5235.66089 7358.99395 6150.21471 5589.73389 4308.22434 3944.23339 3445.155 5766.14299 4505.40586 6519.26905 2413.6085 2943.3182 5349.67298 5694.02494 2469.82044 5310.06007 5948.55991 3631.4661 5925.3821 6016.56222 
1229.93333 7634.22013 5252.28341 2153.19855 2878.33633 4664.43662 0 8368.47113 2737.58324 6596.03593 7178.81919 2620.84261 6202.84354 5451.89628 5260.60833 5591.70931 3479.54667 5201.06845 4381.91237 5046.24861 793.15698 1352.67328 2444.57317 2908.63284 3469.1731 4245.44756 4575.66869 1760.43205 2223.86915 3318.74871 7863.15363 2095.60803 2345.34113 7273.98708 4244.81154 3532.01486 5005.72203 3965.3996 6738.70588 1867.58802 7823.31311 6756.41103 4409.91111 4241.21162 6487.17234 7258.03858 5496.25691 5585.46408 4685.68597 6531.07013 6940.53283 1466.13847 3430.11851 3993.2473 5087.66292 5215.17833 6841.57467 4792.82485 5518.69704 4512.95048 3943.68888 7409.53831 6355.02675 7730.00931 4980.09839 2054.2293 4911.4112 5064.48378 3692.61764 3625.60133 7694.21861 2053.19288 6920.59607 4047.33406 2873.22293 7247.54441 7193.7958 7637.58823 4511.7132 2135.1096 5199.55777 2019.81831 3726.07099 2152.71085 8068.95991 422.04265 8151.83967 3920.53491 3510.7643 2710.55068 5277.12289 4888.96809 7233.78995 5477.38715 3017.5674 6927.55253 4027.66049 8153.58032 1301.48569 7285.05003 7726.28306 
7208.96033 1130.21237 7024.70853 8630.96895 9978.81842 7030.77862 8368.47113 0 10724.02616 1961.44972 8077.85417 9488.42985 8700.70853 4703.59798 9941.58805 3395.05523 5221.21155 4955.90557 10242.10257 4709.78301 8920.89844 7156.35172 7448.2165 6189.66057 9157.06596 4387.51046 3835.70502 7149.34542 7123.62078 5357.53619 5371.77084 9030.22447 6215.22839 4071.59048 5791.84409 4866.62183 9787.49253 10474.51063 1669.37413 7602.97126 8295.17987 1616.5126 11235.2971 11414.26848 2112.96947 5251.57053 3279.65013 4152.4571 5753.7327 7909.31805 1921.52153 9544.48977 4942.18514 9255.08644 3325.96227 5078.78726 8029.06128 4487.00579 4784.56268 3856.56803 6711.47353 7188.39516 8688.44566 3569.81526 4101.0 6408.12211 3540.75486 4308.25545 6504.53442 9895.76273 2969.85673 7385.34468 3080.30404 9273.31764 5834.36895 6596.04495 1216.11883 6473.57127 3881.78683 6416.27384 4022.13128 10195.21952 7589.44319 7804.74939 2134.95503 7991.71477 5648.18599 10033.93368 11440.63149 5751.85344 4189.00286 9414.71497 5807.89136 2974.74251 6188.28118 6259.75726 11463.19545 1620.28917 8456.41827 1153.47345 1062.40905 
3611.98145 10116.80449 5845.72844 2322.86074 1398.3054 5314.58719 2737.58324 10724.02616 0 8832.26675 7357.06361 1724.45528 6017.68411 6997.60223 4277.72486 8231.71823 5533.34158 6700.05172 3003.42238 6684.76215 2754.22947 4073.88525 3507.78164 5646.09821 5474.74967 6875.20218 7082.86962 4491.05789 4923.46626 5386.66919 9026.17267 4054.97682 4511.2966 8815.9561 5614.44788 6067.56005 4073.99718 2271.67779 9169.0192 3178.43185 7983.96205 9113.70397 2249.93911 1854.84932 9002.52415 8450.67583 7591.74986 7310.23782 7413.07986 6729.32575 9485.86791 2742.89336 5849.76623 6008.57071 7398.94263 7952.76109 7010.98581 7501.72087 7020.35134 6948.27345 6610.37064 7947.93055 6190.46242 9391.00687 7661.19482 4720.71944 7436.33687 6867.28665 4853.28888 2369.8078 9503.9214 4720.2162 8760.35433 3352.62658 4903.60276 7991.28288 9610.1873 8440.586 7001.52626 4834.93671 7887.63342 773.89663 6249.72263 4698.40505 10052.92952 2963.80735 9243.54066 2601.59028 774.39008 5342.17306 7984.14429 4177.07613 8247.18892 7979.87719 5754.96699 7783.49343 1488.30676 10238.78284 2268.62535 9591.05625 9952.05305 
5396.59689 1876.23906 5172.28934 6693.35566 8037.18968 5124.18979 6596.03593 1961.44972 8832.26675 0 6441.66353 7545.54928 6894.00798 2857.67755 8014.52394 2612.00096 3301.87235 3078.69209 8282.77019 2797.21022 7211.02295 5476.60707 5500.46871 4790.25563 7880.69058 3037.26341 2313.74718 5577.27505 5656.02263 3446.02626 4168.77116 7518.8404 4349.33846 2801.34718 3845.18257 3230.81058 7852.6088 8514.04675 1083.50035 5681.95257 6751.35261 668.08981 9275.95138 9461.62153 1594.467 3868.00543 1318.42709 2297.25162 4894.78549 6185.46207 1932.98991 7865.28575 3186.91967 8071.53083 1517.95916 4384.47044 6343.31538 3520.62949 2955.60366 2196.46625 5652.06652 5668.434 6899.25134 2587.05586 3134.07754 4747.21139 2140.66578 2372.66137 4546.06478 7935.14467 2084.15211 5898.93456 1689.6982 7316.68156 3928.69444 5092.97261 1214.9749 5074.66846 2314.63561 4797.66454 3170.1541 8338.77713 6466.31 6351.03472 1812.13024 6200.18274 4500.98167 8072.48413 9533.79714 4127.61735 3421.9585 7483.03795 4368.77569 1714.80145 4824.0001 4710.71311 9520.32589 1668.47056 6564.72581 813.61416 1131.62891 
6352.21135 8314.6235 2010.18457 5365.93263 5967.4337 2562.74384 7178.81919 8077.85417 7357.06361 6441.66353 0 5653.99443 1477.01354 3702.18773 3598.51706 8170.22986 5177.46366 3597.40907 4769.06039 3968.23487 7949.88082 7218.02979 4736.90289 8041.71934 10405.13878 7439.09941 6868.15849 7785.85204 8255.19697 5236.07964 3142.67561 9209.52301 5662.0597 4098.33735 3620.31076 6694.18195 3659.48111 5476.50226 7467.49449 5313.14333 648.12422 7096.28248 6103.85231 6580.3645 7813.76119 2952.95801 5440.93825 4225.34117 9437.69209 652.44157 8274.27127 8551.91797 6217.21883 10862.68811 6156.7908 9381.92731 348.93123 8403.77088 3581.1205 6509.44644 9500.50972 1075.50965 1321.96823 4738.16051 8198.04275 7015.64174 7089.74534 4418.05579 3706.83369 5099.68234 5265.36846 8316.46487 4997.69557 4051.82872 5265.69777 1599.38269 7656.14531 1937.93008 6760.43113 7227.86289 8388.70979 7453.77039 9883.4496 8710.70933 6167.15177 6841.52797 3088.7287 4969.05957 7633.54498 6964.29078 8654.71808 3381.05339 2392.59065 7214.78517 8169.02687 1844.71814 6926.79854 6646.37894 6052.87981 7138.863 7016.09756 
2883.24539 9008.74714 4126.34184 867.53444 492.68651 3605.56584 2620.84261 9488.42985 1724.45528 7545.54928 5653.99443 0 4357.31339 5435.02392 2851.1275 7379.43717 4277.31563 5131.32273 1786.51952 5164.86757 3098.20109 3661.82318 2047.94775 5225.81219 6006.57523 6053.49098 6088.3134 4228.81745 4746.43129 4151.43409 7340.0562 4566.75432 3439.54663 7214.66562 4047.12651 5158.87052 2612.54148 1360.95922 8028.80346 1937.90738 6287.3667 7910.66483 1934.9677 1962.82755 7954.29123 6774.37672 6252.45744 5802.68912 7058.57018 5019.57578 8462.27227 3451.92845 4836.30696 6543.41623 6211.25317 7466.72545 5306.34111 6833.2512 5443.04189 5886.06031 6464.28851 6223.93589 4528.63037 7817.83627 6910.36121 4109.0449 6447.39513 5406.95589 3264.62754 1020.78842 7982.13856 4620.02435 7263.76335 1745.60964 3693.75175 6270.00128 8447.28702 6720.87688 5991.68123 4282.58952 7146.925 1843.86822 6333.59085 4769.01877 8597.87009 2590.74198 7545.98927 1318.37248 2178.46597 4614.92936 7295.056 2620.53143 6546.53962 6946.17146 5355.4743 6070.02669 1974.97367 8832.33921 1440.10034 8337.25099 8634.70312 
5560.90532 8754.92736 1757.96047 4210.43513 4619.41988 2047.95239 6202.84354 8700.70853 6017.68411 6894.00798 1477.01354 4357.31339 0 4036.4 2121.60411 8204.80597 4901.10569 3831.53194 3310.79447 4156.93986 6935.89691 6480.6806 3841.1782 7540.18892 9578.19033 7270.61407 6820.98556 7084.29284 7590.42357 4914.91821 4309.7732 8287.73341 5091.46472 4982.05781 3417.74326 6426.92189 2186.85093 4035.5582 7830.54104 4390.98816 2028.83612 7508.31233 4638.79726 5124.12724 8080.42332 3968.4536 5720.80029 4596.77158 9114.18768 1038.29524 8576.7038 7486.47647 5944.55389 10067.09909 6283.1325 9176.91544 1185.98651 8244.13161 3939.80368 6475.3386 9009.08442 2418.93076 173.0 5660.689 8102.01061 6421.82606 7097.19071 4617.67041 3182.37726 3698.78859 6112.80525 7607.58076 5686.79963 2668.66652 4808.52514 2790.20573 8092.21762 3216.11474 6707.56051 6640.93344 8314.90499 6193.41344 9271.24506 7956.64754 6983.68628 5914.43421 4337.51565 3542.2188 6234.67545 6507.05502 8563.06359 1927.14945 3469.85835 7333.64534 7675.16651 2865.89951 5483.73313 7418.11971 4980.07239 7660.34529 7648.07911 
4266.77548 4721.26021 2323.94922 4682.34653 5915.30937 2355.97835 5451.89628 4703.59798 6997.60223 2857.67755 3702.18773 5435.02392 4036.4 0 5280.1732 4504.47178 2177.12471 305.4865 5751.34115 442.7121 6217.9499 4825.77413 3493.19696 5032.33783 7913.18046 3960.60021 3288.82487 5227.13784 5559.86196 2315.39543 2532.83241 7058.38508 3191.99279 1844.24104 1389.08027 3406.93557 5146.64473 6126.68467 3814.71729 3905.13022 4113.32724 3476.58295 6901.18432 7184.10363 4121.14863 1952.01153 1741.45945 560.45874 6064.5694 3366.79699 4594.82241 6907.16621 2996.05674 8268.87471 2477.60146 5873.76898 3555.02025 4877.42975 128.44454 2933.92314 6374.98369 3124.18005 4043.82913 2393.42955 4618.69473 4315.62568 3458.67619 763.96662 2170.62433 5557.88827 2559.80331 5714.67322 1890.8001 4762.34249 2646.8111 2633.33496 4057.97499 2810.43573 3191.15543 4482.05667 4786.94161 6700.17351 6955.52802 6175.57487 3264.95773 5032.01918 2865.32319 5631.40027 7589.81772 3984.46985 5061.2699 4767.84438 2165.09399 3525.46862 5134.57554 2215.62294 7337.06917 3599.35341 4882.68328 3631.24565 3672.68145 
5033.94716 9777.5881 3077.33927 3107.97812 2935.0741 2924.31206 5260.60833 9941.58805 4277.72486 8014.52394 3598.51706 2851.1275 2121.60411 5280.1732 0 8734.54412 5288.73945 5004.49568 1309.12643 5231.8556 5865.98756 5958.78083 3401.50467 7330.44508 8727.79571 7576.64999 7326.08326 6577.09792 7111.55693 5236.85831 6232.58414 7320.88444 5006.15871 6649.2183 4181.82078 6657.08172 255.88474 2073.89537 8797.98778 3782.09955 4127.18064 8549.96199 2567.48671 3077.91683 8917.23214 5799.68585 6723.00707 5808.83405 9092.02711 3110.4863 9436.29694 6284.57684 6212.2512 9253.78236 7054.53173 9326.11629 3301.12829 8503.80679 5221.27274 7024.54967 8734.6969 4502.29119 2278.75514 7329.0777 8458.79542 6148.84656 7655.80198 5642.04679 3574.29168 1923.88799 7690.74509 7053.04991 7130.9681 1216.43783 4944.40067 4796.47579 9135.91079 5245.89535 7213.49874 6360.30479 8691.22414 4638.64398 8792.53212 7304.24342 8495.88759 5093.92187 6316.11669 1676.15572 4334.21204 6445.16416 8902.02954 541.23655 5373.08896 8022.82058 7468.84897 4781.31781 3473.96503 8867.73973 3959.56677 8822.92072 8936.62408 
4629.96382 2352.85784 6464.48529 6526.71012 7832.1829 6185.56578 5591.70931 3395.05523 8231.71823 2612.00096 8170.22986 7379.43717 8204.80597 4504.47178 8734.54412 0 3447.12199 4574.88535 8604.75363 4202.51829 5979.83252 4255.49927 5546.84424 2963.70478 5786.72559 1356.51613 1411.69721 4068.98759 3917.43858 3499.13732 6522.76889 5808.40994 3955.02819 5214.48377 4791.440909999999 2220.5675 8520.52029 8604.49447 1856.64482 5457.68779 8613.80619 2187.95818 9292.97869 9333.59122 1296.78988 6102.4101 2854.78003 4048.23171 2387.52089 7754.84365 1534.83973 6526.03685 2579.65153 5863.92232 2027.35912 1790.68702 7983.57721 1095.0968 4631.60016 1737.28898 3316.43257 7623.03253 8260.7467 5139.68375 723.47564 3538.27938 1108.10153 3759.12024 5202.69853 8061.16865 4681.19141 4187.69483 4165.21032 7757.14509 3836.6763 7106.57393 2233.43346 7208.9115 1525.47861 3466.36784 628.8561 7580.9322 4196.00191 4560.49833 4380.25216 5288.47662 6872.9095 8275.37945 8997.48326 2893.55871 833.03841 8197.29285 6509.02527 1017.96906 2929.94061 6692.08854 9267.26119 4113.5475 6077.62075 2730.72683 3332.51272 
2250.29176 4745.96355 3248.92905 3414.63102 4765.03568 2853.32823 3479.54667 5221.21155 5533.34158 3301.87235 5177.46366 4277.31563 4901.10569 2177.12471 5288.73945 3447.12199 0 2010.63025 5241.72157 1735.1778 4195.2522 2671.97605 2261.26005 2941.13584 5737.53266 2375.3505 2037.38484 3050.40489 3389.8733 160.79801 4709.33116 4906.03221 1134.35885 3885.89462 1558.21693 1533.97066 5077.52538 5348.36807 3759.51327 2382.76688 5730.03848 3633.84713 6086.57285 6222.38098 3739.15846 4123.0131 2070.57504 2164.34055 4266.40762 4647.76871 4257.97334 4883.01475 1050.76924 6101.59528 1937.56677 4277.55187 4921.59984 3345.99238 2277.58864 1742.56162 4361.83551 4937.46139 4982.54654 4281.28404 3229.00062 2138.79803 2369.52337 1626.11346 1773.85287 4779.02187 4216.08646 3538.54688 3442.16632 4347.03232 636.37803 4566.87694 4171.57824 4843.63964 1924.7631 2309.05695 3452.09646 5065.74664 4852.76766 3998.56237 4610.60918 3060.65761 5038.72256 4958.04851 6231.93814 1861.11365 3686.50471 4750.73426 4269.68664 2775.05045 3057.06166 4168.49529 6249.26556 4738.68769 3268.88911 4075.25619 4418.75152 
4029.70781 4926.58624 2094.69282 4382.77595 5611.00535 2081.53789 5201.06845 4955.90557 6700.05172 3078.69209 3597.40907 5131.32273 3831.53194 305.4865 5004.49568 4574.88535 2010.63025 0 5452.9857 374.42222 5973.19019 4624.07721 3198.48042 4914.88779 7743.49049 3943.19059 3306.92682 5047.88946 5400.28231 2138.36059 2717.9231 6851.02343 2973.94822 2127.69288 1087.45667 3330.01862 4865.59863 5822.7527 3999.62023 3621.29314 4045.3802 3679.20603 6597.34136 6878.84242 4272.97086 2122.22643 1896.12368 805.49364 6027.15522 3218.27407 4758.62428 6660.96877 2897.27907 8112.1221 2559.66502 5874.04665 3425.70942 4880.7648 324.88767 2948.28509 6286.442 3101.96406 3849.08197 2692.48751 4641.84931 4144.3476 3504.44931 822.2001 1866.7019 5253.42403 2865.25618 5544.654 2191.40617 4464.21729 2433.41262 2649.2514 4265.00891 2872.25086 3204.12 4318.964 4820.57134 6411.71061 6837.07364 6001.11898 3564.20047 4782.90592 3038.34972 5328.68511 7288.14414 3851.40312 5091.71926 4487.80057 2265.89011 3618.86957 5022.23217 2234.9472 7031.65201 3889.81298 4598.49649 3866.18274 3935.57073 
4432.28745 9935.25365 3821.80913 2328.6262 1730.44734 3485.76261 4381.91237 10242.10257 3003.42238 8282.77019 4769.06039 1786.51952 3310.79447 5751.34115 1309.12643 8604.75363 5241.72157 5452.9857 0 5605.09527 4884.71268 5300.06009 3061.13214 6798.25103 7792.55093 7348.33566 7230.91391 5897.38289 6427.27267 5153.7106 7116.95953 6353.24838 4688.84858 7328.84848 4472.7818 6423.54645 1150.84882 764.87515 8943.70868 3259.59645 5339.61497 8750.78751 1339.93731 1813.33946 8975.66805 6624.157 6964.94451 6228.35492 8616.33988 4215.9745 9495.8572 5218.25507 6026.47102 8328.9147 7136.85995 8946.95842 4447.31155 8214.63779 5719.02833 6970.04806 8119.96219 5577.90373 3479.03104 7990.24655 8230.52271 5632.83676 7580.48363 5956.67693 3737.7326 765.8492 8277.49938 6326.35416 7641.91403 989.06269 4771.94489 5788.51414 9322.4337 6248.25816 7123.70072 5828.31477 8467.82882 3436.41121 8059.16032 6512.20884 9016.2978 4300.87665 7247.83347 468.54029 3025.25404 6042.98974 8649.56149 1388.00901 6265.00926 8015.54253 6933.47626 5702.78704 2183.4159 9335.51177 3126.7966 9095.83476 9291.36814 
3850.19805 4621.39416 2406.00457 4384.14199 5651.17873 2327.49823 5046.24861 4709.78301 6684.76215 2797.21022 3968.23487 5164.86757 4156.93986 442.7121 5231.8556 4202.51829 1735.1778 374.42222 5605.09527 0 5805.74896 4389.37923 3177.78996 4595.90883 7470.573 3575.68008 2933.24615 4785.51021 5117.17744 1874.85093 2975.47072 6623.14684 2764.59039 2228.81785 1144.66502 2984.7881 5080.33877 5933.00135 3678.61305 3554.94304 4419.71277 3374.96267 6707.24809 6964.35733 3928.73007 2394.14557 1564.95527 639.77809 5666.38439 3577.49074 4420.7928 6495.79195 2564.30614 7826.36193 2191.20538 5503.41639 3791.05539 4509.38233 551.20232 2574.79339 5949.08943 3473.06853 4182.13438 2729.06889 4268.06619 3873.32532 3130.20207 463.17707 1924.16216 5357.97275 2822.82217 5272.15819 2099.83928 4620.2619 2218.24818 3011.35933 3963.13071 3217.63283 2830.87707 4039.36158 4446.2555 6355.95288 6519.26683 5733.33106 3450.69457 4625.13535 3307.9143 5452.25651 7299.00027 3544.16845 4717.54481 4706.16298 2589.82046 3251.67541 4699.64424 2595.3414 7094.69562 3736.12379 4530.47569 3598.07963 3711.85843 
1958.52444 8126.5014 6037.0964 2793.84932 3254.76297 5448.53971 793.15698 8920.89844 2754.22947 7211.02295 7949.88082 3098.20109 6935.89691 6217.9499 5865.98756 5979.83252 4195.2522 5973.19019 4884.71268 5805.74896 0 1767.03056 3224.37839 3117.63773 2911.61673 4668.03867 5091.8533 1938.18807 2266.13415 4035.11152 8646.88019 1468.58469 3069.12251 8029.46486 5031.66623 4054.48998 5614.35134 4378.46594 7268.73201 2648.45332 8595.79258 7321.6897 4714.5827 4463.96886 6969.72862 8041.75416 6167.24266 6329.11913 4764.4623 7300.30445 7397.55973 690.44044 4024.39126 3450.37302 5693.71619 5371.91409 7610.4398 5088.04913 6288.42945 5072.40101 3886.97569 8198.74454 7091.6264 8468.00154 5323.57342 2516.44909 5409.49184 5801.68062 4485.76961 4118.91745 8408.60619 2030.74494 7634.70523 4668.03995 3609.00485 8040.43643 7726.60288 8430.7333 5040.15258 2535.54353 5528.51996 1981.05023 3495.85884 1949.88051 8744.89222 1195.6195 8938.28261 4416.45152 3491.1299 3179.58944 5569.36083 5531.64614 8024.41057 5981.17881 3201.78466 7720.66901 4181.85712 8802.9428 1966.03077 7867.12781 8334.87732 
937.59959 6361.96023 5212.57441 2971.45503 4014.31601 4657.28956 1352.67328 7156.35172 4073.88525 5476.60707 7218.02979 3661.82318 6480.6806 4825.77413 5958.78083 4255.49927 2671.97605 4624.07721 5300.06009 4389.37923 1767.03056 0 2669.3222 1595.12507 3206.31393 2921.33428 3325.08662 620.48529 1153.31565 2521.94211 7342.00027 2234.80111 1666.53233 6556.48694 3851.55865 2289.9524 5704.85407 5018.91791 5502.07125 2189.17564 7839.78042 5561.49881 5562.24856 5461.62403 5206.32788 6744.86034 4501.22483 4834.0511 3416.28014 6598.08654 5641.38857 2394.08124 2296.96582 3646.5799 3959.45514 3895.07715 6904.1426 3440.22339 4916.16293 3315.04585 2820.06401 7250.17717 6612.68433 6927.06236 3631.08758 749.42711 3642.8869 4294.44723 3523.21586 4588.18766 6804.91183 1128.76658 6036.4 4758.14607 2193.42312 6985.91476 5960.02424 7325.2744 3274.70197 789.22747 3848.72472 3370.66596 2843.52071 1492.929 7069.08346 1131.0 7659.90738 4866.54754 4848.27526 1413.19496 3924.48277 5510.3949 6823.53691 4214.42392 1716.0775 6620.81211 5294.00038 7093.94171 2221.73356 6112.27887 6593.08039 
1734.84812 7007.22006 2814.77264 1216.9281 2540.53734 2225.71988 2444.57317 7448.2165 3507.78164 5500.46871 4736.90289 2047.94775 3841.1782 3493.19696 3401.50467 5546.84424 2261.26005 3198.48042 3061.13214 3177.78996 3224.37839 2669.3222 0 3935.91527 5739.08007 4289.18512 4185.89465 3285.57834 3809.00249 2149.40015 5657.5865 4482.10051 1638.94265 5322.50411 2118.99717 3363.48703 3157.25466 3094.13962 6020.28679 576.9896 5380.20687 5881.77558 3825.94433 3968.55767 5987.77095 5061.83702 4204.60058 3806.36428 5691.13846 4091.23661 6503.50813 3853.2921 2967.30871 6225.93238 4197.90472 5947.80102 4401.87619 5171.06914 3520.98466 3943.4528 5361.66131 4985.51061 3982.11112 5885.68518 5172.68074 2756.97298 4539.71651 3381.04274 1394.49095 2531.83669 5999.1381 3796.99157 5261.86469 2275.90004 1728.05208 4864.91706 6428.51274 5276.73611 4081.23731 2971.82385 5409.64555 3226.49655 5503.45937 4124.1981 6575.51853 2106.76102 5912.54192 2731.62296 4128.57215 3050.7286 5596.84089 2910.22765 4946.7744 5000.48838 4074.50377 4574.75355 4021.04825 6794.01281 1461.05476 6295.72712 6586.82351 
2368.02217 5254.28149 6051.17939 4485.38215 5597.09434 5562.00198 2908.63284 6189.66057 5646.09821 4790.25563 8041.71934 5225.81219 7540.18892 5032.33783 7330.44508 2963.70478 2941.13584 4914.88779 6798.25103 4595.90883 3117.63773 1595.12507 3935.91527 0 3101.33729 1806.6682 2476.6229 1183.52102 954.00052 2847.32155 7537.62297 2855.72127 2449.56527 6517.83315 4448.14568 1705.27476 7082.43404 6572.96866 4526.37648 3569.70615 8622.29813 4693.35967 7142.25266 7054.40834 4109.28631 6976.66976 4145.38647 4860.20349 1832.75803 7469.76372 4466.48464 3601.22493 2043.72699 3346.40299 3376.41718 2307.03489 7760.56525 1986.34463 5146.76928 2635.21783 1470.07653 7872.86231 7651.29074 6742.22849 2263.29516 1181.82444 2691.97121 4346.2279 4386.79222 6114.54087 6486.80237 1224.04984 5765.20954 6165.59048 2778.27518 7507.70438 4974.06283 7776.18113 2479.61065 974.10061 2447.87295 4921.21459 1923.358 1616.81693 6547.48204 2725.69349 7880.78327 6382.52873 6419.39631 1084.79307 2461.51681 6845.94858 7179.85237 3231.89186 138.60014 7107.69759 6888.96277 6458.72534 3790.39892 5273.71264 5825.13734 
4054.24346 8139.57671 8407.07708 5621.92512 6161.27535 7842.52287 3469.1731 9157.06596 5474.74967 7880.69058 10405.13878 6006.57523 9578.19033 7913.18046 8727.79571 5786.72559 5737.53266 7743.49049 7792.55093 7470.573 2911.61673 3206.31393 5739.08007 3101.33729 0 4856.34564 5568.96489 2702.18153 2362.7721 5605.32756 10446.01115 1451.04962 4852.89161 9531.24389 7044.9225 4777.61415 8473.32196 7286.96727 7525.44676 5188.4037 11033.01418 7737.7405 7585.22683 7288.00453 7044.83137 9860.46297 7226.47037 7830.37783 3643.8256 9776.44358 7319.43345 2732.57168 5039.45007 540.52012 6477.0342 4400.04102 10084.79459 4694.46696 8015.0776 5736.45361 2553.71181 10456.16316 9720.86174 9804.35668 5066.65274 3599.40273 5756.63044 7296.83562 6725.12937 7027.22001 9575.46041 2199.09095 8842.10948 7515.94259 5353.41723 10182.98198 7955.86626 10511.17843 5577.74237 3431.97101 5177.05563 4724.8255 1681.34024 1745.15386 9647.96041 3685.5157 10776.25427 7324.81618 6121.13878 3985.60221 5069.05474 8356.96697 9983.49283 6266.90897 3057.96615 9811.16558 6958.62609 9547.99717 4770.45166 8319.85216 8888.29725 
3275.27846 3487.46383 5586.07572 5209.5924 6498.39095 5223.11937 4245.44756 4387.51046 6875.20218 3037.26341 7439.09941 6053.49098 7270.61407 3960.60021 7576.64999 1356.51613 2375.3505 3943.19059 7348.33566 3575.68008 4668.03867 2921.33428 4289.18512 1806.6682 4856.34564 0 777.57379 2797.62256 2736.2414 2383.31911 6295.19896 4643.64878 2662.93072 5117.34589 3878.17612 926.55923 7351.25853 7304.71197 2721.30741 4149.12666 7946.23464 2890.97302 7977.11182 7999.95606 2330.85907 5791.37125 2641.20219 3628.30925 2119.48862 6954.0348 2732.87852 5242.69787 1367.51234 5034.46253 1768.18919 1943.1212 7211.29482 974.52809 4087.64773 1072.13479 2657.61265 7043.6142 7347.013 5221.6573 885.12429 2191.50382 900.79354 3200.76819 4142.50359 6772.82216 4884.35103 2998.93114 4219.83187 6540.68773 2632.35123 6585.81848 3171.39417 6768.5296 833.60002 2135.88436 1121.09411 6226.76425 3437.71668 3418.18621 4832.07833 3934.53492 6648.39116 6998.82654 7641.10391 1539.37195 1326.19946 7047.55007 6104.32715 1425.49114 1817.27268 6168.98087 7922.579 4698.80123 4729.88309 3472.53582 4033.37638 
3480.48847 3059.84722 5094.34402 5224.75339 6555.88194 4790.06524 4575.66869 3835.70502 7082.86962 2313.74718 6868.15849 6088.3134 6820.98556 3288.82487 7326.08326 1411.69721 2037.38484 3306.92682 7230.91391 2933.24615 5091.8533 3325.08662 4185.89465 2476.6229 5568.96489 777.57379 0 3325.67301 3356.1028 2095.83038 5551.81529 5241.34038 2649.85075 4350.83256 3403.2486 1044.04071 7114.00204 7268.49544 2177.00367 4151.3546 7346.16771 2262.46459 7976.592 8050.8258 1922.7795 5063.32894 1871.90171 2912.4239 2866.94001 6419.08226 2403.74791 5709.27684 1253.92384 5773.50223 991.53316 2590.35461 6661.24073 1594.21768 3417.1633 359.2353 3433.30773 6403.54542 6883.29289 4444.36587 1334.98315 2575.77833 359.24365 2524.97049 3791.36875 6714.48859 4109.2851 3606.00679 3442.34833 6364.80235 2460.402 5922.12158 2635.0093 6078.94876 114.28036 2580.84967 1520.5989 6485.43368 4199.80202 4050.00198 4085.46815 4221.27374 5905.54671 6917.19437 7833.08688 1916.55342 1787.5665 6788.10585 5401.60874 903.40799 2511.21584 5504.40987 8016.76824 3982.2004 4859.41365 2832.49325 3362.27096 
1557.32367 6284.39655 5776.50846 3570.14355 4557.33398 5231.20216 1760.43205 7149.34542 4491.05789 5577.27505 7785.85204 4228.81745 7084.29284 5227.13784 6577.09792 4068.98759 3050.40489 5047.88946 5897.38289 4785.51021 1938.18807 620.48529 3285.57834 1183.52102 2702.18153 2797.62256 3325.67301 0 534.81679 2912.75437 7758.07051 1951.71975 2160.86001 6897.1128 4349.74505 2346.53873 6322.90582 5589.47484 5481.02636 2809.65905 8401.23164 5588.07096 6105.06159 5975.25104 5126.68821 7168.30112 4714.1189 5180.12355 2925.29452 7173.10226 5526.26538 2457.06756 2477.42972 3106.70967 4079.2579 3472.16647 7477.20569 3150.69976 5325.58541 3382.18938 2235.47333 7776.39923 7213.83476 7222.28115 3396.23159 919.91576 3608.60042 4641.45721 4080.8651 5176.0313 7053.68421 530.61474 6296.00389 5374.37624 2651.82447 7487.43354 5937.67168 7810.50607 3295.34475 797.3318 3596.10901 3753.8403 2223.10144 957.13583 7245.45106 1647.77577 8084.61285 5458.23277 5261.60593 1453.57834 3631.41419 6130.53945 7281.87792 4176.46705 1277.24234 7112.1224 5780.68595 7226.68423 2793.62166 6155.70995 6669.30109 
2087.2973 6203.47137 6245.07878 4101.36782 5062.47864 5709.93879 2223.86915 7123.62078 4923.46626 5656.02263 8255.19697 4746.43129 7590.42357 5559.86196 7111.55693 3917.43858 3389.8733 5400.28231 6427.27267 5117.17744 2266.13415 1153.31565 3809.00249 954.00052 2362.7721 2736.2414 3356.1028 534.81679 0 3264.13373 8091.88513 1908.29374 2600.21711 7169.61436 4767.3092 2461.54931 6857.44624 6107.37259 5456.33183 3341.48365 8863.85435 5603.36256 6607.77194 6461.39257 5054.91019 7510.35192 4896.50916 5467.64053 2503.10787 7650.01471 5419.13517 2686.02308 2684.49045 2711.9104 4193.6533 3109.24766 7951.91159 2923.1572 5664.32847 3467.51092 1725.57237 8207.14079 7717.18841 7454.67223 3214.12788 1269.61411 3601.66656 4934.48619 4548.64386 5702.2628 7247.4212 270.56423 6503.35114 5909.17972 3057.07049 7896.58876 5907.50878 8204.54923 3343.75388 1081.98383 3393.00295 4170.61386 1694.59759 695.01799 7376.49076 2157.31917 8424.98878 5985.97093 5687.64626 1628.58251 3389.79291 6663.52947 7653.70139 4154.71202 996.29765 7513.14701 6251.08095 7320.55749 3316.05443 6180.39869 6718.27895 
2089.51023 4862.31324 3287.81812 3286.64099 4637.48175 2870.15156 3318.74871 5357.53619 5386.66919 3446.02626 5236.07964 4151.43409 4914.91821 2315.39543 5236.85831 3499.13732 160.79801 2138.36059 5153.7106 1874.85093 4035.11152 2521.94211 2149.40015 2847.32155 5605.32756 2383.31911 2095.83038 2912.75437 3264.13373 0 4845.32682 4756.64756 973.57999 4039.07923 1617.17037 1512.21493 5021.49141 5241.86694 3878.78589 2245.67362 5797.59648 3764.3014 5974.99331 6101.42877 3839.99505 4256.17728 2225.16898 2318.64486 4223.85914 4694.90894 4357.07069 4723.083 1030.97042 5975.89232 2059.82257 4263.10051 4973.26945 3347.43618 2412.84272 1817.50846 4281.4139 5025.58225 5001.24884 4439.61992 3249.04124 2006.02119 2436.32859 1781.51986 1760.13465 4675.29101 4376.77427 3406.3661 3602.86955 4271.73993 483.90185 4667.67747 4295.93494 4953.74898 1984.96171 2182.20439 3475.78739 4912.34822 4750.5867 3863.88263 4769.73008 2899.88293 5172.37479 4860.44329 6089.25061 1763.28784 3703.32351 4700.91098 4390.10706 2863.07964 2966.52153 4272.97379 6120.91039 4894.45983 3120.38011 4214.09836 4565.91776 
6724.6336 5891.33822 3308.91946 6727.65018 7776.06745 3752.75072 7863.15363 5371.77084 9026.17267 4168.77116 3142.67561 7340.0562 4309.7732 2532.83241 6232.58414 6522.76889 4709.33116 2717.9231 7116.95953 2975.47072 8646.88019 7342.00027 5657.5865 7537.62297 10446.01115 6295.19896 5551.81529 7758.07051 8091.88513 4845.32682 0 9567.8566 5689.04298 1370.08211 3621.11585 5872.08736 6197.53306 7679.60969 5250.2758 6160.99943 3132.02443 4824.11287 8418.52986 8806.07818 5746.08197 605.13883 3708.99083 2692.74618 8412.93207 3287.55502 6099.87123 9329.07525 5493.93593 10799.38132 4598.44071 8113.39448 3250.72869 7129.24154 2432.48556 5224.89703 8833.53683 2081.83789 4215.71939 1806.51626 6813.2595 6848.10375 5626.5134 3192.0578 4264.99261 7169.15406 2403.04078 8247.43657 2482.85662 6187.60325 5150.63695 1553.04379 5288.00425 1229.88495 5473.13046 7014.78268 6938.95511 8862.66918 9456.55339 8707.86685 3279.71843 7451.4512 353.81492 7149.41515 9511.64849 6506.48231 7215.99674 5837.89174 859.67901 5505.69569 7633.7515 1455.78192 9054.38855 3795.24294 7115.23914 4661.8817 4359.1404 
2908.88518 8109.83958 7242.02872 4227.65763 4711.17024 6662.00525 2095.60803 9030.22447 4054.97682 7518.8404 9209.52301 4566.75432 8287.73341 7058.38508 7320.88444 5808.40994 4906.03221 6851.02343 6353.24838 6623.14684 1468.58469 2234.80111 4482.10051 2855.72127 1451.04962 4643.64878 5241.34038 1951.71975 1908.29374 4756.64756 9567.8566 0 3879.38371 8788.31184 6029.54924 4291.51838 7067.89587 5837.27548 7362.01521 3912.02786 9848.47709 7498.80984 6137.14144 5849.27218 6962.79441 8968.34595 6661.84066 7065.864 4079.19134 8568.18079 7320.99399 1321.59941 4425.58426 1991.53433 6028.00373 4787.82226 8878.63103 4779.56912 7146.95026 5322.38903 3038.68672 9356.97927 8437.30253 9144.12298 5095.49811 2845.38662 5501.07998 6525.9394 5602.7645 5587.43251 8995.03157 1644.88601 8233.08478 6115.82096 4417.61123 9137.72691 7814.22555 9497.79285 5220.31733 2747.3682 5260.21387 3294.49313 2397.90117 1248.69732 9197.13156 2378.00273 9881.64748 5884.94596 4729.90201 3404.02115 5227.10369 6970.26972 9025.01147 6058.65076 2879.11549 8788.50755 5530.94061 9173.61788 3381.89828 8072.84491 8599.93657 
1116.83526 5623.32037 3653.79611 2578.42374 3906.05235 3135.72703 2345.34113 6215.22839 4511.2966 4349.33846 5662.0597 3439.54663 5091.46472 3191.99279 5006.15871 3955.02819 1134.35885 2973.94822 4688.84858 2764.59039 3069.12251 1666.53233 1638.94265 2449.56527 4852.89161 2662.93072 2649.85075 2160.86001 2600.21711 973.57999 5689.04298 3879.38371 0 4972.79931 2192.04243 1743.23378 4768.69563 4650.26118 4663.44529 1505.62279 6265.89922 4602.95177 5340.10122 5401.51099 4535.67636 5089.02633 3177.30153 3263.09117 4109.89148 5066.35096 5036.54654 3758.64563 1396.84573 5267.54487 2889.2679 4320.78234 5364.78788 3532.24362 3275.00107 2464.55209 3917.68005 5616.11013 5204.46347 5399.00815 3542.71153 1354.53055 3009.08042 2733.11928 1962.63089 4112.00195 5349.23593 2685.98511 4575.48303 3911.54036 546.5757 5330.11491 5101.09135 5662.06756 2555.00313 1569.10739 3780.23756 3990.09787 4225.18639 3113.38224 5736.95294 1926.30345 6002.30497 4335.91386 5239.09353 1453.86726 3961.1338 4495.15228 5157.26691 3518.91247 2585.2907 4959.61984 5370.00503 5846.63296 2248.81524 5089.03223 5478.62437 
6071.61329 4530.01468 3573.66549 6494.24237 7685.05172 3843.11189 7273.98708 4071.59048 8815.9561 2801.34718 4098.33735 7214.66562 4982.05781 1844.24104 6649.2183 5214.48377 3885.89462 2127.69288 7328.84848 2228.81785 8029.46486 6556.48694 5322.50411 6517.83315 9531.24389 5117.34589 4350.83256 6897.1128 7169.61436 4039.07923 1370.08211 8788.31184 4972.79931 0 3204.22674 4816.69648 6563.23525 7788.23279 3881.46274 5747.93328 4246.70649 3454.49765 8555.7618 8881.37039 4384.75096 1183.35286 2479.0837 1722.5066 7215.08538 4052.03862 4730.81684 8719.84461 4497.3838 9842.59641 3368.27463 6860.90497 4109.01253 5893.05235 1803.31168 4048.54171 7726.88566 3140.64102 4928.15675 683.24227 5556.80088 5977.22762 4381.23453 2262.37486 3964.53843 7236.37181 1167.13667 7353.20372 1113.16216 6350.4788 4427.16546 2549.13083 3920.20229 2401.98127 4284.24883 6118.70387 5664.99823 8539.30266 8409.53179 7822.10841 2070.13864 6852.55223 1699.67114 7273.04847 9385.21699 5546.70217 5939.67491 6185.45431 1747.33426 4203.92126 6600.35007 2253.61931 9069.36321 2559.39055 6725.38631 3300.69841 3033.20194 
3137.06375 5597.09157 1707.90281 3295.72648 4528.97174 1398.53709 4244.81154 5791.84409 5614.44788 3845.18257 3620.31076 4047.12651 3417.74326 1389.08027 4181.82078 4791.440909999999 1558.21693 1087.45667 4472.7818 1144.66502 5031.66623 3851.55865 2118.99717 4448.14568 7044.9225 3878.17612 3403.2486 4349.74505 4767.3092 1617.17037 3621.11585 6029.54924 2192.04243 3204.22674 0 3084.62024 4011.57226 4788.4274 4621.23836 2569.02355 4181.07941 4368.25194 5562.61566 5822.2536 4776.28663 3016.48156 2542.8545 1782.00393 5823.62791 3092.11416 5289.84735 5710.93171 2603.84715 7455.51963 2926.6966 5808.40512 3363.67849 4852.36077 1405.98506 3058.53118 5894.29597 3443.15567 3482.13297 3779.87368 4691.41183 3499.5184 3683.33938 1487.02959 785.7646 4213.30868 3937.87824 4871.01817 3235.44757 3492.45845 1710.93337 3138.20092 4954.09538 3474.47161 3289.81899 3699.60971 4900.98378 5341.59836 6329.07466 5304.39601 4593.75239 3836.21754 3907.03276 4309.48176 6200.91034 3364.23186 5152.73374 3645.83763 3003.44469 3952.05326 4571.32475 2769.25351 5960.26577 4879.21848 3541.46919 4657.55784 4821.6828 
2456.44967 4102.41539 4782.35026 4306.97725 5612.68608 4381.15236 3532.01486 4866.62183 6067.56005 3230.81058 6694.18195 5158.87052 6426.92189 3406.93557 6657.08172 2220.5675 1533.97066 3330.01862 6423.54645 2984.7881 4054.48998 2289.9524 3363.48703 1705.27476 4777.61415 926.55923 1044.04071 2346.53873 2461.54931 1512.21493 5872.08736 4291.51838 1743.23378 4816.69648 3084.62024 0 6429.88289 6392.04388 3216.48286 3239.91173 7231.2232 3273.33423 7074.09252 7113.79006 2958.90385 5326.40413 2449.04002 3181.67063 2743.94315 6176.73376 3425.76721 4681.17346 483.43976 5048.05834 1738.3938 2751.05362 6446.60632 1853.72948 3527.75736 1037.85211 2969.35431 6388.02043 6512.04975 5038.55862 1811.50021 1542.87556 1381.88169 2685.49232 3266.18064 5855.23492 4798.07764 2689.7472 4066.55886 5614.45456 1714.11347 5971.81287 3673.82702 6200.65424 986.01471 1570.70494 2047.65329 5454.38402 3596.57281 3152.32057 4918.11559 3181.24205 6219.4663 6077.74078 6824.36847 899.16962 2246.35282 6130.0938 5571.51775 1945.45033 1783.81165 5560.82845 7054.02708 4882.1017 3872.04881 3829.50558 4328.1771 
