25
a3 a1 a46 a23 a6 a13 a9 a4 a10 a24 a34 a20 a42 a28 a19 a32 a38 a48 a14 a27 a31 a16 a5 a29 a0
0 49.36598 22.67157 73.10951 64.0 24.04163 49.49747 14.31782 66.7308 51.15662 61.68468 65.25335 68.76772 64.63745 58.18075 40.60788 8.06226 30.8707 45.88028 60.83584 24.41311 50.63596 36.71512 64.88451 56.35601 
49.36598 0 66.61081 95.13149 16.15549 39.40812 13.0 35.12834 99.00505 72.62231 26.0 26.92582 51.08816 43.18565 30.26549 9.05539 56.0357 77.31753 11.6619 20.88061 71.8401 69.40461 84.48077 37.85499 20.02498 
22.67157 66.61081 0 88.95504 82.37718 46.69047 69.57011 33.24154 78.16009 69.26038 82.8553 86.16263000000001 91.4385 87.20092 80.13114 57.55867 14.86607 11.18034 60.00833 72.83543 29.15476 69.64194 36.24914 87.13208 67.89698 
73.10951 95.13149 88.95504 0 99.76472 59.80803 84.64632 78.1025 20.59126 23.4094 83.63014 87.32125 62.6099 67.41662 75.16648 91.3017 77.05842 89.28606 100.6479 115.24756 61.13101 25.94224 61.7171 74.06079 112.76968 
64.0 16.15549 82.37718 99.76472 0 49.98 16.55295 50.08992 106.60675 78.74643 18.68154 17.02939 46.57252 38.60052 26.40076 25.0 71.11259 92.91394 26.40076 27.51363 85.15868 75.0733 97.67292 31.7805 29.52965 
24.04163 39.40812 46.69047 59.80803 49.98 0 33.52611 20.22375 60.30755 36.40055 42.0119 46.0 44.82187 41.18252 36.67424 33.24154 31.89044 54.08327 42.0119 57.38467 37.12142 34.20526 49.0102 42.37924 54.20332 
49.49747 13.0 69.57011 84.64632 16.55295 33.52611 0 36.40055 90.42677 62.93648 14.86607 17.20465 38.11824 30.26549 17.46425 16.64332 57.07013 79.55501 23.76973 33.54102 69.35416 59.4138 81.7435 25.29822 33.01515 
14.31782 35.12834 33.24154 78.1025 50.08992 20.22375 36.40055 0 75.17978 54.91812 49.65884 52.92447 61.22091 55.86591 47.43416 26.30589 21.0238 43.17407 31.7805 47.01064 38.01316 53.33854 50.56679 54.81788 42.72002 
66.7308 99.00505 78.16009 20.59126 106.60675 60.30755 90.42677 75.17978 0 28.63564 92.66067 96.64885 76.15773 79.37884 84.53402 93.50936 68.65858 76.23647 102.30347 117.68602 49.0408 32.69557 46.09772 85.23497 114.47707 
51.15662 72.62231 69.26038 23.4094 78.74643 36.40055 62.93648 54.91812 28.63564 0 64.14047 68.09552 48.37355 50.96077 55.9464 68.26419 56.08921 71.55418 77.52419 92.358 44.10215 4.12311 48.83646 56.64804 89.69392 
61.68468 26.0 82.8553 83.63014 18.68154 42.0119 14.86607 49.65884 92.66067 64.14047 0 4.12311 27.89265 19.92486 8.48528 31.40064 69.57011 92.358 37.57659 44.18144 79.1012 60.20797 91.0 13.15295 44.91102 
65.25335 26.92582 86.16263000000001 87.32125 17.02939 46.0 17.20465 52.92447 96.64885 68.09552 4.12311 0 30.08322 22.36068 12.20656 33.24154 73.08215 95.81753 38.58756 43.73786 83.0542 64.14047 95.00526 15.23155 44.92215 
68.76772 51.08816 91.4385 62.6099 46.57252 44.82187 38.11824 61.22091 76.15773 48.37355 27.89265 30.08322 0 8.06226 21.0238 53.36666 76.6942 98.81295 61.66036 71.06335 78.39005 44.28318 88.23265 14.86607 71.02816 
64.63745 43.18565 87.20092 67.41662 38.60052 41.18252 30.26549 55.86591 79.37884 50.96077 19.92486 22.36068 8.06226 0 13.0 45.88028 72.67049 95.18929 53.93515 63.03174 76.53757 46.84015 87.09765 7.2111 63.07139 
58.18075 30.26549 80.13114 75.16648 26.40076 36.67424 17.46425 47.43416 84.53402 55.9464 8.48528 12.20656 21.0238 13.0 0 33.61547 66.21178 89.05055 41.23106 50.03998 73.68175 51.97115 85.2115 8.06226 50.08992 
40.60788 9.05539 57.55867 91.3017 25.0 33.24154 16.64332 26.30589 93.50936 68.26419 31.40064 33.24154 53.36666 45.88028 33.61547 0 47.09565 68.26419 9.48683 24.20744 63.56886 65.36819 76.2168 41.62932 21.47091 
8.06226 56.0357 14.86607 77.05842 71.11259 31.89044 57.07013 21.0238 68.65858 56.08921 69.57011 73.08215 76.6942 72.67049 66.21178 47.09565 0 22.84732 51.41984 65.78754 22.2036 56.04463 33.30165 72.94518 61.09828 
30.8707 77.31753 11.18034 89.28606 92.91394 54.08327 79.55501 43.17407 76.23647 71.55418 92.358 95.81753 98.81295 95.18929 89.05055 68.26419 22.84732 0 71.06335 84.0119 28.16026 72.56032 31.257 95.71311 79.07591 
45.88028 11.6619 60.00833 100.6479 26.40076 42.0119 23.76973 31.7805 102.30347 77.52419 37.57659 38.58756 61.66036 53.93515 41.23106 9.48683 51.41984 71.06335 0 15.6205 69.77822 74.70609 82.34683 49.0408 12.20656 
60.83584 20.88061 72.83543 115.24756 27.51363 57.38467 33.54102 47.01064 117.68602 92.358 44.18144 43.73786 71.06335 63.03174 50.03998 24.20744 65.78754 84.0119 15.6205 0 85.0 89.35883 97.49359 57.03508 5.0 
24.41311 71.8401 29.15476 61.13101 85.15868 37.12142 69.35416 38.01316 49.0408 44.10215 79.1012 83.0542 78.39005 76.53757 73.68175 63.56886 22.2036 28.16026 69.77822 85.0 0 45.60702 12.64911 78.8543 80.62258 
50.63596 69.40461 69.64194 25.94224 75.0733 34.20526 59.4138 53.33854 32.69557 4.12311 60.20797 64.14047 44.28318 46.84015 51.97115 65.36819 56.04463 72.56032 74.70609 89.35883 45.60702 0 51.22499 52.55473 86.83317 
36.71512 84.48077 36.24914 61.7171 97.67292 49.0102 81.7435 50.56679 46.09772 48.83646 91.0 95.00526 88.23265 87.09765 85.2115 76.2168 33.30165 31.257 82.34683 97.49359 12.64911 51.22499 0 89.94443 93.05912 
64.88451 37.85499 87.13208 74.06079 31.7805 42.37924 25.29822 54.81788 85.23497 56.64804 13.15295 15.23155 14.86607 7.2111 8.06226 41.62932 72.94518 95.71311 49.0408 57.03508 78.8543 52.55473 89.94443 0 57.42822 
56.35601 20.02498 67.89698 112.76968 29.52965 54.20332 33.01515 42.72002 114.47707 89.69392 44.91102 44.92215 71.02816 63.07139 50.08992 21.47091 61.09828 79.07591 12.20656 5.0 80.62258 86.83317 93.05912 57.42822 0 
