50
a35 a19 a4 a41 a65 a45 a37 a73 a71 a53 a68 a9 a39 a15 a13 a34 a91 a55 a79 a24 a36 a42 a93 a62 a43 a51 a94 a80 a52 a76 a17 a54 a96 a26 a56 a78 a75 a5 a88 a60 a86 a98 a70 a38 a30 a64 a49 a14 a87 a0
0 6669.78171 5350.57567 7543.00696 7797.09343 7765.24204 5327.95139 283.67763 7492.06867 8786.20248 6839.26846 10700.91104 6652.7229 4006.12781 2390.3391 3117.26162 4635.49113 5529.31397 2316.38706 4249.90094 4167.57124 8439.71569 4925.45115 1521.471 1485.48847 1443.71638 7174.59643 1687.60185 2580.25444 1554.58837 5732.20804 4687.38403 5642.46054 3957.4843 3648.79213 1731.4647 6576.75011 7071.42645 4858.40601 1973.1447 4576.54477 8903.77027 8192.90937 2820.20726 7623.2642 2419.42741 3925.67459 7877.97195 5512.47431 4292.31429 
6669.78171 0 5943.28663 2103.2627 2232.79421 2634.83206 1422.3115 6807.52238 1003.50436 2215.67371 1189.46417 4100.62154 4238.57547 7383.85753 4546.57596 6504.09133 2155.74813 2725.92681 4353.43416 2556.00196 4833.25998 2978.40645 5251.40638 6337.27339 7965.70449 5575.93445 2691.04329 6863.86742 6517.59749 8131.67418 1133.64236 4830.29865 5549.51034 2741.89314 7015.31354 8230.24969 4026.06532 2637.52687 2974.46617 8640.62081 5981.15524 2454.8835 3137.81198 4374.61827 6630.73035 6048.06159 7355.19306 6623.58347 7166.70224 3387.77951 
5350.57567 5943.28663 0 5102.71006 5298.51998 8397.16071 5544.82479 5214.35106 6076.13603 7940.43588 5143.85079 8608.71657 8902.49325 2446.80526 5476.20169 7772.13613 5427.2411 7107.0757 4579.15767 5370.6009 1533.01337 5506.92373 744.66435 6416.7738 5546.12369 4042.33955 8176.03143 4007.91866 2989.45564 6671.34567 5876.70937 1212.71307 581.59866 4373.54524 2385.67726 5716.04916 2632.76015 4186.75865 6704.58239 6683.59484 8560.99866 6873.45946 5040.31507 3244.60121 10880.23093 6964.50896 2481.68834 2581.53791 1270.44441 6506.05948 
7543.00696 2103.2627 5102.71006 0 254.82543 4566.24857 3126.03583 7609.3777 1421.06474 3141.51365 985.30655 3553.35855 6340.77377 7095.10324 5836.86945 8104.96058 3734.43757 4761.29447 5351.03027 4068.99742 4493.38759 981.6318 4562.1404 7600.89389 8612.31874 6216.81084 4747.5678 7259.40121 6636.45124 9089.20002 3040.92108 4264.3547 4582.79227 3735.93629 6809.69441 8866.20956 2616.04893 939.3881 4887.08758 9479.88787 7851.9921 1771.04178 1036.07818 4823.74263 8730.98076 7521.94955 7089.18225 5015.68141 6371.80547 5184.2878 
7797.09343 2232.79421 5298.51998 254.82543 0 4618.34104 3324.8236 7863.99549 1456.91901 3076.01365 1176.22489 3331.64839 6468.52348 7322.79414 6078.4716 8332.71156 3949.97722 4924.20075 5601.22496 4291.6463 4727.65692 771.31381 4774.06336 7846.208 8866.82773 6471.63202 4834.64332 7511.54059 6882.66177 9342.86171 3217.25799 4487.02452 4770.02275 3981.36911 7042.47187 9120.60086 2772.51799 1113.64716 5074.71191 9734.57888 8051.75881 1582.69422 929.09095 5078.30533 8862.1964 7757.29083 7318.1389 5107.45534 6565.4469 5388.00148 
7765.24204 2634.83206 8397.16071 4566.24857 4618.34104 0 2936.70734 7975.57051 3161.44413 2290.32268 3784.95509 4827.30204 2501.65745 9488.54826 5379.64729 6457.50664 3364.46281 2290.75293 5623.96133 3663.54937 7118.12517 5253.11612 7671.98025 6926.82164 9218.33586 7052.69771 698.41678 8456.26348 8376.23955 8993.23418 2550.78909 7221.61512 8061.17888 4434.02323 9082.14886 9477.0009 6656.34509 5242.12858 2951.12877 9619.77983 5313.45104 4010.44249 5545.02191 6190.26437 4708.95073 6313.54108 9446.05764 9256.32983 9563.6504 3541.77385 
5327.95139 1422.3115 5544.82479 3126.03583 3324.8236 2936.70734 0 5485.68619 2389.54494 3458.54073 2148.60536 5520.59426 3591.94877 6557.50029 3134.78053 5109.97241 734.42495 1801.9914 3022.88687 1136.45061 4199.42186 4095.72912 4805.98637 4919.68454 6678.88928 4343.79615 2635.56066 5699.16432 5499.88118 6754.15524 425.39981 4344.66167 5268.42718 1548.94803 6155.48747 6943.64083 4229.36827 3302.55204 1776.39663 7288.14284 4727.13021 3859.62187 4122.04634 3305.53914 5879.03402 4630.24891 6516.72656 6772.45303 6667.21569 2065.18667 
283.67763 6807.52238 5214.35106 7609.3777 7863.99549 7975.57051 5485.68619 0 7608.85221 8943.45397 6932.12925 10814.40521 6911.04515 3775.61399 2614.48274 3395.84172 4805.17232 5754.07212 2463.40293 4425.87133 4087.9145 8491.71479 4820.69746 1802.27218 1247.2181 1429.48662 7394.20915 1444.80068 2379.08932 1551.09058 5895.11832 4605.6943 5529.50522 4078.93675 3430.18148 1502.39043 6546.30927 7107.21218 5084.68229 1871.78337 4860.17541 9006.65465 8230.34902 2835.75634 7904.77185 2702.81224 3694.92463 7760.53639 5321.69071 4525.04508 
7492.06867 1003.50436 6076.13603 1421.06474 1456.91901 3161.44413 2389.54494 7608.85221 0 1872.97758 932.93944 3209.56695 5102.6351 7784.46562 5466.69992 7494.28215 3111.71673 3698.41939 5188.09117 3504.10117 5171.04641 2121.41179 5442.74379 7263.86874 8725.59024 6311.80862 3399.60071 7528.3117 7074.31877 8987.67567 2134.21742 5068.09668 5614.68966 3534.62657 7446.99597 8988.30735 3829.19117 2219.2172 3976.04955 9464.67078 6981.88835 1471.32185 2384.03209 5020.19223 7495.93236 7017.47889 7765.15422 6349.74842 7337.05663 4389.80603 
8786.20248 2215.67371 7940.43588 3141.51365 3076.01365 2290.32268 3458.54073 8943.45397 1872.97758 0 2799.41155 2555.01566 4746.00464 9557.18505 6542.10066 8173.38669 4159.64662 3961.11462 6480.11211 4555.87533 6968.84553 3492.23782 7293.61316 8284.65183 10128.81089 7762.54578 2860.6272 9071.52788 8731.44828 10196.29173 3056.49685 6904.4343 7485.9461 4924.28188 9200.24054 10393.69136 5682.8602 4034.6006 4481.53467 10743.40886 7294.02166 1926.56404 3905.22547 6589.01548 6999.24746 7854.89484 9532.34856 8155.19908 9196.77144 5027.92402 
6839.26846 1189.46417 5143.85079 985.30655 1176.22489 3784.95509 2148.60536 6932.12925 932.93944 2799.41155 0 3930.30686 5393.67565 6877.24342 4981.29782 7181.26653 2782.73696 3781.21171 4578.66291 3134.93238 4257.84887 1947.18772 4510.44166 6767.6029 8001.51692 5584.63965 3879.55268 6737.33783 6225.10739 8365.92434 2056.29278 4139.49031 4686.80061 2924.99111 6548.94564 8261.2726 2958.16108 1458.00995 3903.03907 8801.4847 6875.61728 2090.81515 2009.53452 4240.67565 7776.52172 6628.10033 6860.32798 5524.94824 6404.18426 4212.04285 
10700.91104 4100.62154 8608.71657 3553.35855 3331.64839 4827.30204 5520.59426 10814.40521 3209.56695 2555.01566 3930.30686 0 7300.37157 10647.78799 8645.9239 10530.54818 6254.9514 6419.38455 8397.49022 6656.12988 8040.05902 3152.35087 8104.1651 10437.86075 11916.00206 9498.59484 5415.48677 10667.39898 10127.68967 12196.4248 5190.86313 7817.12607 8065.10731 6743.79218 10357.17804 12177.39845 6017.53479 4429.18875 6869.45427 12673.09422 9781.22656 1845.83098 3650.61598 8170.00918 9527.56811 10126.04375 10641.07307 8023.86771 9868.51357 7370.90829 
6652.7229 4238.57547 8902.49325 6340.77377 6468.52348 2501.65745 3591.94877 6911.04515 5102.6351 4746.00464 5393.67565 7300.37157 0 9352.75542 4386.53223 4531.61009 3492.319 1821.5853 4995.55773 3535.88461 7425.53055 7200.0959 8159.56476 5454.50566 8133.84841 6397.11724 1885.96182 7776.58447 8004.15973 7568.56743 3445.98389 7691.86616 8714.55914 4531.4907 8920.20639 8369.54407 7821.20835 6766.10213 2218.75123 8257.6051 3082.78575 6268.2547 7376.12649 6020.73127 2395.13027 4647.57109 9293.66564 10354.4545 9892.63994 2574.35118 
4006.12781 7383.85753 2446.80526 7095.10324 7322.79414 9488.54826 6557.50029 3775.61399 7784.46562 9557.18505 6877.24342 10647.78799 9352.75542 0 5191.20766 6981.52791 6173.87739 7721.50821 4406.04414 5961.47717 2622.41454 7673.23068 2639.22432 5418.63101 3616.45241 3201.36861 9107.75109 2333.91088 1496.77286 4940.68669 6961.5726 2843.27505 3006.08799 5068.6734 434.22575 3713.38256 4914.50038 6257.54105 7164.63851 4752.13636 8175.38317 8833.29978 7246.27021 3362.63602 10944.7418 6196.451 80.77747 4850.9597 1806.7277 6783.32205 
2390.3391 4546.57596 5476.20169 5836.86945 6078.4716 5379.64729 3134.78053 2614.48274 5466.69992 6542.10066 4981.29782 8645.9239 4386.53223 5191.20766 0 2468.36565 2403.63745 3140.14809 897.04515 2000.84807 3966.3047 6803.0796 4820.3755 1797.51189 3861.68059 2051.92008 4784.26849 3395.99661 3741.79235 3668.38302 3502.10508 4415.4207 5527.03935 2113.38141 4760.03036 4115.22162 5665.46071 5605.53307 2470.25707 4258.34017 3098.21255 6930.56679 6667.37647 2231.95564 5755.97863 1747.02318 5122.4295 7640.89137 6141.75284 1914.40461 
3117.26162 6504.09133 7772.13613 8104.96058 8332.71156 6457.50664 5109.97241 3395.84172 7494.28215 8173.38669 7181.26653 10530.54818 4531.61009 6981.52791 2468.36565 0 4411.03095 4249.86553 3299.22127 4046.51084 6316.62014 9085.49597 7169.5412 1598.54246 4347.43373 3855.17847 5766.33211 4755.68965 5489.40771 3349.5225 5373.83262 6796.78137 7893.50195 4493.00278 6583.1655 4516.24911 8133.31728 7984.8221 3691.86687 4059.23392 1672.95965 8958.57494 9004.32274 4588.41639 4773.0067 810.48196 6903.59711 10058.40912 8256.00297 3161.36964 
4635.49113 2155.74813 5427.2411 3734.43757 3949.97722 3364.46281 734.42495 4805.17232 3111.71673 4159.64662 2782.73696 6254.9514 3492.319 6173.87739 2403.63745 4411.03095 0 1681.20701 2354.19816 402.93424 3986.51377 4714.74337 4682.68395 4185.61393 6015.59457 3731.23639 2935.34053 5117.25571 5013.70691 6038.27997 1104.42972 4214.54683 5222.86559 1113.54748 5757.35651 6279.63056 4467.3115 3779.58437 1385.24691 6585.37911 4152.42435 4583.03317 4691.9286 2836.19199 5638.60665 3906.25255 6126.44473 6917.69239 6470.60901 1490.36908 
5529.31397 2725.92681 7107.0757 4761.29447 4924.20075 2290.75293 1801.9914 5754.07212 3698.41939 3961.11462 3781.21171 6419.38455 1821.5853 7721.50821 3140.14809 4249.86553 1681.20701 0 3521.90857 1779.51145 5652.79833 5685.95973 6362.70776 4636.27922 7001.25453 4968.19585 1653.47664 6379.78565 6455.01356 6710.06528 1736.08583 5894.54612 6902.07346 2756.00018 7294.81768 7255.3319 6021.90443 5067.00079 671.86308 7346.0243 3364.36576 5053.34523 5790.73268 4359.35592 4077.6709 4038.25953 7667.99439 8538.48798 8132.86333 1255.76471 
2316.38706 4353.43416 4579.15767 5351.03027 5601.22496 5623.96133 3022.88687 2463.40293 5188.09117 6480.11211 4578.66291 8397.49022 4995.55773 4406.04414 897.04515 3299.22127 2354.19816 3521.90857 0 1989.87562 3071.04168 6288.60764 3925.81839 2311.52179 3661.99249 1446.69347 5096.099 2858.96502 3011.44484 3800.66731 3434.56926 3526.21412 4635.76639 1660.18824 3971.94323 3926.26247 4884.73101 5002.8297 2890.0173 4287.62976 3990.42416 6616.6029 6100.24204 1335.0236 6555.96522 2528.33938 4341.45713 6767.51542 5263.2471 2426.13788 
4249.90094 2556.00196 5370.6009 4068.99742 4291.6463 3663.54937 1136.45061 4425.87133 3504.10117 4555.87533 3134.93238 6656.12988 3535.88461 5961.47717 2000.84807 4046.51084 402.93424 1779.51145 1989.87562 0 3890.27197 5050.62897 4629.40871 3783.23459 5644.29712 3394.96878 3186.86366 4793.84209 4747.16136 5640.50964 1504.04421 4162.74777 5207.96361 997.05567 5538.52634 5907.69024 4611.9085 4050.853 1337.00598 6193.43669 3885.25417 4975.11337 5003.12243 2601.43902 5576.96127 3519.25063 5910.4285 6996.28759 6363.07512 1278.23785 
4167.57124 4833.25998 1533.01337 4493.38759 4727.65692 7118.12517 4199.42186 4087.9145 5171.04641 6968.84553 4257.84887 8040.05902 7425.53055 2622.41454 3966.3047 6316.62014 3986.51377 5652.79833 3071.04168 3890.27197 0 5135.55304 855.61498 5045.49304 4696.8417 2755.05227 6829.45767 3157.94015 2293.53199 5622.33128 4568.09818 520.07788 1577.12682 2898.28915 2317.12969 4911.57856 2602.86073 3695.03045 5214.17271 5769.34052 7038.38902 6216.94499 4743.04649 1739.1012 9357.94748 5516.31553 2609.24683 3779.69311 2484.58467 4988.2939 
8439.71569 2978.40645 5506.92373 981.6318 771.31381 5253.11612 4095.72912 8491.71479 2121.41179 3492.23782 1947.18772 3152.35087 7200.0959 7673.23068 6803.0796 9085.49597 4714.74337 5685.95973 6288.60764 5050.62897 5135.55304 0 5062.43973 8556.81512 9452.26581 7082.00791 5520.84604 8051.90766 7361.80807 9991.60698 3986.06372 4832.69531 4948.74853 4695.08094 7424.63905 9701.53622 2885.38403 1447.73789 5845.53385 10356.62402 8822.80029 1696.24762 502.35943 5675.49557 9595.20349 8497.10692 7675.95935 4937.93327 6752.33797 6158.19495 
4925.45115 5251.40638 744.66435 4562.1404 4774.06336 7671.98025 4805.98637 4820.69746 5442.74379 7293.61316 4510.44166 8104.1651 8159.56476 2639.22432 4820.3755 7169.5412 4682.68395 6362.70776 3925.81839 4629.40871 855.61498 5062.43973 0 5877.12796 5304.43861 3547.88557 7439.2624 3748.33576 2781.54813 6328.54817 5143.35066 468.16236 731.60098 3632.48744 2455.10346 5499.01237 2276.26822 3678.2122 5964.49914 6414.61527 7886.29349 6328.56255 4621.53146 2594.68264 10151.92839 6367.75078 2652.3122 2962.06094 1915.39552 5776.35395 
1521.471 6337.27339 6416.7738 7600.89389 7846.208 6926.82164 4919.68454 1802.27218 7263.86874 8284.65183 6767.6029 10437.86075 5454.50566 5418.63101 1797.51189 1598.54246 4185.61393 4636.27922 2311.52179 3783.23459 5045.49304 8556.81512 5877.12796 0 2837.47952 2390.3734 6279.40029 3162.0895 3937.83253 2118.54974 5272.6097 5552.26918 6608.71402 3864.98642 5031.44611 3036.07444 7154.00112 7305.15229 3979.1146 2803.10435 3089.28471 8728.07705 8392.57112 3399.33243 6176.02923 921.18022 5339.65739 8825.13003 6779.86644 3387.72667 
1485.48847 7965.70449 5546.12369 8612.31874 8866.82773 9218.33586 6678.88928 1247.2181 8725.59024 10128.81089 8001.51692 11916.00206 8133.84841 3616.45241 3861.68059 4347.43373 6015.59457 7001.25453 3661.99249 5644.29712 4696.8417 9452.26581 5304.43861 2837.47952 0 2417.71069 8640.55288 1556.10411 2557.00704 1388.36487 7094.1836 5188.63383 5957.98095 5224.18472 3382.96911 264.88111 7273.15406 8032.65062 6331.89774 1149.5286 5922.7313 10089.70867 9152.26966 3788.66269 9013.24364 3757.84632 3539.12659 8127.25206 5361.32493 5771.39377 
1443.71638 5575.93445 4042.33955 6216.81084 6471.63202 7052.69771 4343.79615 1429.48662 6311.80862 7762.54578 5584.63965 9498.59484 6397.11724 3201.36861 2051.92008 3855.17847 3731.23639 4968.19585 1446.69347 3394.96878 2755.05227 7082.00791 3547.88557 2390.3734 2417.71069 0 6538.09429 1412.38982 1716.02156 2974.48382 4766.90466 3274.48622 4275.75724 2838.71256 2781.08702 2678.80365 5133.39352 5686.21394 4331.91897 3276.64722 4974.07971 7672.16606 6809.60975 1410.78772 7790.84707 3050.16098 3127.9546 6509.94386 4405.50201 3847.12009 
7174.59643 2691.04329 8176.03143 4747.5678 4834.64332 698.41678 2635.56066 7394.20915 3399.60071 2860.6272 3879.55268 5415.48677 1885.96182 9107.75109 4784.26849 5766.33211 2935.34053 1653.47664 5096.099 3186.86366 6829.45767 5520.84604 7439.2624 6279.40029 8640.55288 6538.09429 0 7948.85564 7932.97832 8361.69941 2305.39823 6979.25361 7880.2262 4039.89356 8692.38851 8896.51797 6625.32656 5327.04139 2324.37626 8999.4641 4617.1528 4434.47505 5762.25112 5768.99237 4195.31226 5641.68636 9061.02009 9223.41477 9302.03015 2908.70418 
1687.60185 6863.86742 4007.91866 7259.40121 7511.54059 8456.26348 5699.16432 1444.80068 7528.3117 9071.52788 6737.33783 10667.39898 7776.58447 2333.91088 3395.99661 4755.68965 5117.25571 6379.78565 2858.96502 4793.84209 3157.94015 8051.90766 3748.33576 3162.0895 1556.10411 1412.38982 7948.85564 0 1027.68916 2698.4931 6124.3985 3641.03516 4405.34777 4163.53912 2004.63962 1757.01167 5750.83524 6613.69851 5740.4931 2678.24196 6100.82437 8824.52973 7722.37399 2508.20115 9046.41968 4006.70201 2253.14203 6588.82524 3943.18615 5245.00467 
2580.25444 6517.59749 2989.45564 6636.45124 6882.66177 8376.23955 5499.88118 2379.08932 7074.31877 8731.44828 6225.10739 10127.68967 8004.15973 1496.77286 3741.79235 5489.40771 5013.70691 6455.01356 3011.44484 4747.16136 2293.53199 7361.80807 2781.54813 3937.83253 2557.00704 1716.02156 7932.97832 1027.68916 0 3722.96871 5920.76296 2734.65062 3408.89102 3955.94957 1094.44278 2733.30587 4891.59821 5914.09308 5859.24569 3694.9253 6685.27913 8283.06091 6996.40086 2194.57148 9495.72746 4701.20197 1420.72446 5570.9045 2944.40928 5430.76284 
1554.58837 8131.67418 6671.34567 9089.20002 9342.86171 8993.23418 6754.15524 1551.09058 8987.67567 10196.29173 8365.92434 12196.4248 7568.56743 4940.68669 3668.38302 3349.5225 6038.27997 6710.06528 3800.66731 5640.50964 5622.33128 9991.60698 6328.54817 2118.54974 1388.36487 2974.48382 8361.69941 2698.4931 3722.96871 0 7142.69879 6137.26209 7023.75526 5459.79496 4666.52472 1417.96509 8097.37075 8626.00956 6043.23688 711.10126 5010.01208 10416.27429 9747.41161 4369.87872 8119.69704 2947.75372 4861.40905 9241.16448 6631.65394 5454.45002 
5732.20804 1133.64236 5876.70937 3040.92108 3217.25799 2550.78909 425.39981 5895.11832 2134.21742 3056.49685 2056.29278 5190.86313 3445.98389 6961.5726 3502.10508 5373.83262 1104.42972 1736.08583 3434.56926 1504.04421 4568.09818 3986.06372 5143.35066 5272.6097 7094.1836 4766.90466 2305.39823 6124.3985 5920.76296 7142.69879 0 4687.00331 5574.82915 1973.19462 6562.83727 7358.80296 4410.91204 3338.06785 1869.06019 7687.01431 4871.38553 3587.59306 4063.61575 3727.03877 5787.83915 4936.1955 6922.16151 6985.8555 7022.06266 2255.72095 
4687.38403 4830.29865 1212.71307 4264.3547 4487.02452 7221.61512 4344.66167 4605.6943 5068.09668 6904.4343 4139.49031 7817.12607 7691.86616 2843.27505 4415.4207 6796.78137 4214.54683 5894.54612 3526.21412 4162.74777 520.07788 4832.69531 468.16236 5552.26918 5188.63383 3274.48622 6979.25361 3641.03516 2734.65062 6137.26209 4687.00331 0 1113.8402 3166.04122 2596.866 5397.79779 2169.18072 3414.4717 5498.37303 6272.18853 7462.96972 6017.95513 4414.55015 2208.58733 9692.5395 6000.92876 2843.9128 3275.56056 2346.76032 5316.88979 
5642.46054 5549.51034 581.59866 4582.79227 4770.02275 8061.17888 5268.42718 5529.50522 5614.68966 7485.9461 4686.80061 8065.10731 8714.55914 3006.08799 5527.03935 7893.50195 5222.86559 6902.07346 4635.76639 5207.96361 1577.12682 4948.74853 731.60098 6608.71402 5957.98095 4275.75724 7880.2262 4405.34777 3408.89102 7023.75526 5574.82915 1113.8402 0 4217.79385 2912.40124 6141.54484 2066.39807 3656.38414 6544.4763 7081.93625 8576.4681 6350.2422 4476.63054 3310.75127 10766.70544 7093.43993 3036.44529 2236.6191 1804.48885 6394.84957 
3957.4843 2741.89314 4373.54524 3735.93629 3981.36911 4434.02323 1548.94803 4078.93675 3534.62657 4924.28188 2924.99111 6743.79218 4531.4907 5068.6734 2113.38141 4493.00278 1113.54748 2756.00018 1660.18824 997.05567 2898.28915 4695.08094 3632.48744 3864.98642 5224.18472 2838.71256 4039.89356 4163.53912 3955.94957 5459.79496 1973.19462 3166.04122 4217.79385 0 4655.71584 5488.63881 3774.61892 3501.06412 2332.44185 5930.27504 4640.88354 4956.63565 4554.23869 1761.96964 6553.20601 3837.8464 5022.92992 6061.188 5376.86758 2197.29015 
3648.79213 7015.31354 2385.67726 6809.69441 7042.47187 9082.14886 6155.48747 3430.18148 7446.99597 9200.24054 6548.94564 10357.17804 8920.20639 434.22575 4760.03036 6583.1655 5757.35651 7294.81768 3971.94323 5538.52634 2317.12969 7424.63905 2455.10346 5031.44611 3382.96911 2781.08702 8692.38851 2004.63962 1094.44278 4666.52472 6562.83727 2596.866 2912.40124 4655.71584 0 3505.26718 4723.65134 5995.19975 6734.35617 4530.17704 7754.44711 8532.41988 7011.20532 2937.75101 10512.3973 5793.08838 373.79272 4889.36499 1978.37029 6350.10252 
1731.4647 8230.24969 5716.04916 8866.20956 9120.60086 9477.0009 6943.64083 1502.39043 8988.30735 10393.69136 8261.2726 12177.39845 8369.54407 3713.38256 4115.22162 4516.24911 6279.63056 7255.3319 3926.26247 5907.69024 4911.57856 9701.53622 5499.01237 3036.07444 264.88111 2678.80365 8896.51797 1757.01167 2733.30587 1417.96509 7358.80296 5397.79779 6141.54484 5488.63881 3505.26718 0 7496.35698 8278.99668 6585.3684 1043.78638 6111.7032 10350.01184 9397.4985 4043.30867 9210.20331 3953.1275 3637.81981 8294.63176 5481.09378 6022.44469 
6576.75011 4026.06532 2632.76015 2616.04893 2772.51799 6656.34509 4229.36827 6546.30927 3829.19117 5682.8602 2958.16108 6017.53479 7821.20835 4914.50038 5665.46071 8133.31728 4467.3115 6021.90443 4884.73101 4611.9085 2602.86073 2885.38403 2276.26822 7154.00112 7273.15406 5133.39352 6625.32656 5750.83524 4891.59821 8097.37075 4410.91204 2169.18072 2066.39807 3774.61892 4723.65134 7496.35698 0 1677.55119 5850.71423 8312.79508 8415.48026 4351.90039 2410.27841 3800.3217 10082.78578 7396.69636 4928.51712 2601.70483 3867.93808 5890.00034 
7071.42645 2637.52687 4186.75865 939.3881 1113.64716 5242.12858 3302.55204 7107.21218 2219.2172 4034.6006 1458.00995 4429.18875 6766.10213 6257.54105 5605.53307 7984.8221 3779.58437 5067.00079 5002.8297 4050.853 3695.03045 1447.73789 3678.2122 7305.15229 8032.65062 5686.21394 5327.04139 6613.69851 5914.09308 8626.00956 3338.06785 3414.4717 3656.38414 3501.06412 5995.19975 8278.99668 1677.55119 0 5070.14448 8962.52487 7928.20598 2695.12096 1123.39664 4275.5043 9124.75474 7338.61329 6256.83506 4132.17255 5452.65486 5269.59904 
4858.40601 2974.46617 6704.58239 4887.08758 5074.71191 2951.12877 1776.39663 5084.68229 3976.04955 4481.53467 3903.03907 6869.45427 2218.75123 7164.63851 2470.25707 3691.86687 1385.24691 671.86308 2890.0173 1337.00598 5214.17271 5845.53385 5964.49914 3979.1146 6331.89774 4331.91897 2324.37626 5740.4931 5859.24569 6043.23688 1869.06019 5498.37303 6544.4763 2332.44185 6734.35617 6585.3684 5850.71423 5070.14448 0 6676.01895 3006.91619 5395.18248 5893.94376 3814.66748 4258.82613 3416.5626 7108.14251 8297.35651 7675.54884 591.40933 
1973.1447 8640.62081 6683.59484 9479.88787 9734.57888 9619.77983 7288.14284 1871.78337 9464.67078 10743.40886 8801.4847 12673.09422 8257.6051 4752.13636 4258.34017 4059.23392 6585.37911 7346.0243 4287.62976 6193.43669 5769.34052 10356.62402 6414.61527 2803.10435 1149.5286 3276.64722 8999.4641 2678.24196 3694.9253 711.10126 7687.01431 6272.18853 7081.93625 5930.27504 4530.17704 1043.78638 8312.79508 8962.52487 6676.01895 0 5721.00009 10872.11226 10085.89034 4687.07254 8830.34297 3651.92401 4675.87222 9265.10237 6508.41555 6091.00665 
4576.54477 5981.15524 8560.99866 7851.9921 8051.75881 5313.45104 4727.13021 4860.17541 6981.88835 7294.02166 6875.61728 9781.22656 3082.78575 8175.38317 3098.21255 1672.95965 4152.42435 3364.36576 3990.42416 3885.25417 7038.38902 8822.80029 7886.29349 3089.28471 5922.7313 4974.07971 4617.1528 6100.82437 6685.27913 5010.01208 4871.38553 7462.96972 8576.4681 4640.88354 7754.44711 6111.7032 8415.48026 7928.20598 3006.91619 5721.00009 0 8388.35008 8834.66185 5319.17635 3111.86263 2168.53061 8101.69396 10616.33647 9234.86248 2670.98559 
8903.77027 2454.8835 6873.45946 1771.04178 1582.69422 4010.44249 3859.62187 9006.65465 1471.32185 1926.56404 2090.81515 1845.83098 6268.2547 8833.29978 6930.56679 8958.57494 4583.03317 5053.34523 6616.6029 4975.11337 6216.94499 1696.24762 6328.56255 8728.07705 10089.70867 7672.16606 4434.47505 8824.52973 8283.06091 10416.27429 3587.59306 6017.95513 6350.2422 4956.63565 8532.41988 10350.01184 4351.90039 2695.12096 5395.18248 10872.11226 8388.35008 0 2173.88339 6331.13844 8626.54288 8488.6344 8823.83907 6600.07553 8142.16605 5836.61691 
8192.90937 3137.81198 5040.31507 1036.07818 929.09095 5545.02191 4122.04634 8230.34902 2384.03209 3905.22547 2009.53452 3650.61598 7376.12649 7246.27021 6667.37647 9004.32274 4691.9286 5790.73268 6100.24204 5003.12243 4743.04649 502.35943 4621.53146 8392.57112 9152.26966 6809.60975 5762.25112 7722.37399 6996.40086 9747.41161 4063.61575 4414.55015 4476.63054 4554.23869 7011.20532 9397.4985 2410.27841 1123.39664 5893.94376 10085.89034 8834.66185 2173.88339 0 5398.89257 9766.87857 8385.43338 7251.88672 4439.96509 6277.65952 6163.67764 
2820.20726 4374.61827 3244.60121 4823.74263 5078.30533 6190.26437 3305.53914 2835.75634 5020.19223 6589.01548 4240.67565 8170.00918 6020.73127 3362.63602 2231.95564 4588.41639 2836.19199 4359.35592 1335.0236 2601.43902 1739.1012 5675.49557 2594.68264 3399.33243 3788.66269 1410.78772 5768.99237 2508.20115 2194.57148 4369.87872 3727.03877 2208.58733 3310.75127 1761.96964 2937.75101 4043.30867 3800.3217 4275.5043 3814.66748 4687.07254 5319.17635 6331.13844 5398.89257 0 7775.81121 3794.56295 3310.21963 5474.01653 3979.48363 3474.93093 
7623.2642 6630.73035 10880.23093 8730.98076 8862.1964 4708.95073 5879.03402 7904.77185 7495.93236 6999.24746 7776.52172 9527.56811 2395.13027 10944.7418 5755.97863 4773.0067 5638.60665 4077.6709 6555.96522 5576.96127 9357.94748 9595.20349 10151.92839 6176.02923 9013.24364 7790.84707 4195.31226 9046.41968 9495.72746 8119.69704 5787.83915 9692.5395 10766.70544 6553.20601 10512.3973 9210.20331 10082.78578 9124.75474 4258.82613 8830.34297 3111.86263 8626.54288 9766.87857 7775.81121 0 5257.12659 10876.83162 12555.6023 11750.36348 4375.69709 
2419.42741 6048.06159 6964.50896 7521.94955 7757.29083 6313.54108 4630.24891 2702.81224 7017.47889 7854.89484 6628.10033 10126.04375 4647.57109 6196.451 1747.02318 810.48196 3906.25255 4038.25953 2528.33938 3519.25063 5516.31553 8497.10692 6367.75078 921.18022 3757.84632 3050.16098 5641.68636 4006.70201 4701.20197 2947.75372 4936.1955 6000.92876 7093.43993 3837.8464 5793.08838 3953.1275 7396.69636 7338.61329 3416.5626 3651.92401 2168.53061 8488.6344 8385.43338 3794.56295 5257.12659 0 6119.21645 9268.23095 7447.55597 2840.23679 
3925.67459 7355.19306 2481.68834 7089.18225 7318.1389 9446.05764 6516.72656 3694.92463 7765.15422 9532.34856 6860.32798 10641.07307 9293.66564 80.77747 5122.4295 6903.59711 6126.44473 7667.99439 4341.45713 5910.4285 2609.24683 7675.95935 2652.3122 5339.65739 3539.12659 3127.9546 9061.02009 2253.14203 1420.72446 4861.40905 6922.16151 2843.9128 3036.44529 5022.92992 373.79272 3637.81981 4928.51712 6256.83506 7108.14251 4675.87222 8101.69396 8823.83907 7251.88672 3310.21963 10876.83162 6119.21645 0 4903.72359 1873.46204 6723.20021 
7877.97195 6623.58347 2581.53791 5015.68141 5107.45534 9256.32983 6772.45303 7760.53639 6349.74842 8155.19908 5524.94824 8023.86771 10354.4545 4850.9597 7640.89137 10058.40912 6917.69239 8538.48798 6767.51542 6996.28759 3779.69311 4937.93327 2962.06094 8825.13003 8127.25206 6509.94386 9223.41477 6588.82524 5570.9045 9241.16448 6985.8555 3275.56056 2236.6191 6061.188 4889.36499 8294.63176 2601.70483 4132.17255 8297.35651 9265.10237 10616.33647 6600.07553 4439.96509 5474.01653 12555.6023 9268.23095 4903.72359 0 3135.41465 8252.82521 
5512.47431 7166.70224 1270.44441 6371.80547 6565.4469 9563.6504 6667.21569 5321.69071 7337.05663 9196.77144 6404.18426 9868.51357 9892.63994 1806.7277 6141.75284 8256.00297 6470.60901 8132.86333 5263.2471 6363.07512 2484.58467 6752.33797 1915.39552 6779.86644 5361.32493 4405.50201 9302.03015 3943.18615 2944.40928 6631.65394 7022.06266 2346.76032 1804.48885 5376.86758 1978.37029 5481.09378 3867.93808 5452.65486 7675.54884 6508.41555 9234.86248 8142.16605 6277.65952 3979.48363 11750.36348 7447.55597 1873.46204 3135.41465 0 7411.03481 
4292.31429 3387.77951 6506.05948 5184.2878 5388.00148 3541.77385 2065.18667 4525.04508 4389.80603 5027.92402 4212.04285 7370.90829 2574.35118 6783.32205 1914.40461 3161.36964 1490.36908 1255.76471 2426.13788 1278.23785 4988.2939 6158.19495 5776.35395 3387.72667 5771.39377 3847.12009 2908.70418 5245.00467 5430.76284 5454.45002 2255.72095 5316.88979 6394.84957 2197.29015 6350.10252 6022.44469 5890.00034 5269.59904 591.40933 6091.00665 2670.98559 5836.61691 6163.67764 3474.93093 4375.69709 2840.23679 6723.20021 8252.82521 7411.03481 0 
