48
1 2 4 9 10 11 12 15 20 21 22 24 64 73 81 59 65 56 79 82 74 68 27 29 31 33 35 37 39 41 43 45 47 49 51 53 55 88 90 92 97 98 99 93 94 95 96 ssp100
0 803309031.4325 1833038973.865 4378737283.73 4243950329.7299995 4124448008.7299995 5749769164.162499 4251992583.7299995 6001079709.162499 7179666785.594999 5669698617.162499 6238411005.162499 11894717620.7575 13043578107.189999 11588484679.324997 7607765749.027499 11636180875.7575 5378951739.162499 12912832147.189999 11538079126.324997 12636610935.19 10156509339.892498 4261826355.7299995 6336125642.594999 6235453783.594999 5101627260.162499 5396366465.162499 5734819056.162499 6380797295.594999 6286608315.594999 6186619111.594999 5588604963.162499 6226901545.594999 6411281938.594999 6673590053.594999 6300275434.594999 5227614458.162499 7171338262.594999 8684968065.0275 5704946006.162499 6713091688.594999 6754796185.594999 7857715465.027499 7191660058.594999 8363047690.027499 8512210472.027499 10053097871.46 4376762941.73 
803309031.4325 0 1029729942.4325 3575428252.2974997 3440641298.2974997 3321138977.2974997 4946460132.73 3448683552.2974997 5197770677.73 6376357754.162499 4866389585.73 5435101973.73 11091408589.325 12240269075.7575 10785175647.892498 6804456717.594999 10832871844.325 4575642707.73 12109523115.7575 10734770094.892498 11833301903.757502 9353200308.46 3458517324.2974997 5532816611.162499 5432144752.162499 4298318228.73 4593057433.73 4931510024.73 5577488264.162499 5483299284.162499 5383310080.162499 4785295931.73 5423592514.162499 5607972907.162499 5870281022.162499 5496966403.162499 4424305426.73 6368029231.162499 7881659033.594999 4901636974.73 5909782657.162499 5951487154.162499 7054406433.594999 6388351027.162499 7559738658.594999 7708901440.594999 9249788840.0275 3573453910.2974997 
1833038973.865 1029729942.4325 0 4605158194.73 4470371240.73 4350868919.73 5976190075.162499 4478413494.73 6227500620.162499 7406087696.594999 5896119528.162499 6464831916.162499 12121138531.7575 13269999018.189999 11814905590.324997 7834186660.027499 11862601786.7575 5605372650.162499 13139253058.189999 11764500037.324997 12863031846.19 10382930250.892498 4488247266.73 6562546553.594999 6461874694.594999 5328048171.162499 5622787376.162499 5961239967.162499 6607218206.594999 6513029226.594999 6413040022.594999 5815025874.162499 6453322456.594999 6637702849.594999 6900010964.594999 6526696345.594999 5454035369.162499 7397759173.594999 8911388976.0275 5931366917.162499 6939512599.594999 6981217096.594999 8084136376.027499 7418080969.594999 8589468601.027499 8738631383.0275 10279518782.46 2543723967.865 
4378737283.73 3575428252.2974997 4605158194.73 0 2493322602.865 2373820281.865 6093185456.162499 4595408875.73 6344496001.162499 7523083077.594999 6013114909.162499 6581827297.162499 12238133912.7575 13386994399.189999 11931900971.324997 7951182041.027499 11979597167.7575 5722368031.162499 13256248439.189999 11881495418.324997 12980027227.19 10499925631.892498 4605242647.73 6679541934.594999 6578870075.594999 5445043552.162499 5739782757.162499 6078235348.162499 6724213587.594999 6630024607.594999 6530035403.594999 5932021255.162499 6570317837.594999 6754698230.594999 7017006345.594999 6643691726.594999 5571030750.162499 7514754554.594999 9028384357.0275 6048362298.162499 7056507980.594999 7098212477.594999 8201131757.027499 7535076350.594999 8706463982.0275 8855626764.0275 10396514163.46 7148882162.594999 
4243950329.7299995 3440641298.2974997 4470371240.73 2493322602.865 0 2239033327.865 5958398502.162499 4460621921.73 6209709047.162499 7388296123.594999 5878327955.162499 6447040343.162499 12103346958.7575 13252207445.189999 11797114017.324997 7816395087.027499 11844810213.7575 5587581077.162499 13121461485.189999 11746708464.324997 12845240273.19 10365138677.892498 4470455693.73 6544754980.594999 6444083121.594999 5310256598.162499 5604995803.162499 5943448394.162499 6589426633.594999 6495237653.594999 6395248449.594999 5797234301.162499 6435530883.594999 6619911276.594999 6882219391.594999 6508904772.594999 5436243796.162499 7379967600.594999 8893597403.0275 5913575344.162499 6921721026.594999 6963425523.594999 8066344803.027499 7400289396.594999 8571677028.027499 8720839810.0275 10261727209.46 7014095208.594999 
4124448008.7299995 3321138977.2974997 4350868919.73 2373820281.865 2239033327.865 0 5838896181.162499 4341119600.73 6090206726.162499 7268793802.594999 5758825634.162499 6327538022.162499 11983844637.7575 13132705124.189999 11677611696.324997 7696892766.027499 11725307892.7575 5468078756.162499 13001959164.189999 11627206143.324997 12725737952.19 10245636356.892498 4350953372.73 6425252659.594999 6324580800.594999 5190754277.162499 5485493482.162499 5823946073.162499 6469924312.594999 6375735332.594999 6275746128.594999 5677731980.162499 6316028562.594999 6500408955.594999 6762717070.594999 6389402451.594999 5316741475.162499 7260465279.594999 8774095082.0275 5794073023.162499 6802218705.594999 6843923202.594999 7946842482.027499 7280787075.594999 8452174707.027499 8601337489.0275 10142224888.46 6894592887.594999 
5749769164.162499 4946460132.73 5976190075.162499 6093185456.162499 5958398502.162499 5838896181.162499 0 1497776580.4325 4288460172.2974997 5467047248.73 3957079080.2974997 7952859177.594999 12358078090.7575 13506938577.189999 12051845149.324997 8071126219.027499 12099541345.7575 5842312209.162499 13376192617.189999 12001439596.324997 13099971405.19 10619869809.892498 4725186825.73 6799486112.594999 6698814253.594999 5564987730.162499 5859726935.162499 6198179526.162499 6844157765.594999 6749968785.594999 6649979581.594999 6051965433.162499 6690262015.594999 6874642408.594999 7136950523.594999 6763635904.594999 5690974928.162499 7634698732.594999 9148328535.0275 6168306476.162499 7176452158.594999 7218156655.594999 8321075935.027499 7655020528.594999 8826408160.0275 8975570942.0275 10516458341.46 8519914043.027499 
4251992583.7299995 3448683552.2974997 4478413494.73 4595408875.73 4460621921.73 4341119600.73 1497776580.4325 0 3891866878.2974997 5070453954.73 3560485786.2974997 6455082597.162499 10860301510.325 12009161996.7575 10554068568.892498 6573349638.594999 10601764765.325 4344535628.73 11878416036.7575 10503663015.892498 11602194824.757502 9122093229.46 3227410245.2974997 5301709532.162499 5201037673.162499 4067211149.7299995 4361950354.73 4700402945.73 5346381185.162499 5252192205.162499 5152203001.162499 4554188852.73 5192485435.162499 5376865828.162499 5639173943.162499 5265859324.162499 4193198347.7299995 6136922152.162499 7650551954.594999 4670529895.73 5678675578.162499 5720380075.162499 6823299354.594999 6157243948.162499 7328631579.594999 7477794361.594999 9018681761.0275 7022137462.594999 
6001079709.162499 5197770677.73 6227500620.162499 6344496001.162499 6209709047.162499 6090206726.162499 4288460172.2974997 3891866878.2974997 0 1178587076.4325 2478168742.865 8204169722.594999 12609388635.7575 13758249122.189999 12303155694.324997 8322436764.027499 12350851890.7575 6093622754.162499 13627503162.189999 12252750141.324997 13351281950.19 10871180354.892498 4976497370.73 7050796657.594999 6950124798.594999 5816298275.162499 6111037480.162499 6449490071.162499 7095468310.594999 7001279330.594999 6901290126.594999 6303275978.162499 6941572560.594999 7125952953.594999 7388261068.594999 7014946449.594999 5942285473.162499 7886009277.594999 9399639080.0275 6419617021.162499 7427762703.594999 7469467200.594999 8572386480.027499 7906331073.594999 9077718705.0275 9226881487.0275 10767768886.46 8771224588.0275 
7179666785.594999 6376357754.162499 7406087696.594999 7523083077.594999 7388296123.594999 7268793802.594999 5467047248.73 5070453954.73 1178587076.4325 0 3656755819.2974997 9382756799.0275 13787975712.190002 14936836198.622501 13481742770.757496 9501023840.46 13529438967.190002 7272209830.594999 14806090238.622501 13431337217.757496 14529869026.622503 12049767431.324997 6155084447.162499 8229383734.027499 8128711875.027499 6994885351.594999 7289624556.594999 7628077147.594999 8274055387.027499 8179866407.027499 8079877203.027499 7481863054.594999 8120159637.027499 8304540030.027499 8566848145.027499 8193533526.027499 7120872549.594999 9064596354.0275 10578226156.46 7598204097.594999 8606349780.0275 8648054277.0275 9750973556.46 9084918150.0275 10256305781.46 10405468563.46 11946355962.892498 9949811664.46 
5669698617.162499 4866389585.73 5896119528.162499 6013114909.162499 5878327955.162499 5758825634.162499 3957079080.2974997 3560485786.2974997 2478168742.865 3656755819.2974997 0 7872788630.594999 12278007543.7575 13426868030.189999 11971774602.324997 7991055672.027499 12019470798.7575 5762241662.162499 13296122070.189999 11921369049.324997 13019900858.19 10539799262.892498 4645116278.73 6719415565.594999 6618743706.594999 5484917183.162499 5779656388.162499 6118108979.162499 6764087218.594999 6669898238.594999 6569909034.594999 5971894886.162499 6610191468.594999 6794571861.594999 7056879976.594999 6683565357.594999 5610904381.162499 7554628185.594999 9068257988.0275 6088235929.162499 7096381611.594999 7138086108.594999 8241005388.027499 7574949981.594999 8746337613.0275 8895500395.0275 10436387794.46 8439843496.027499 
6238411005.162499 5435101973.73 6464831916.162499 6581827297.162499 6447040343.162499 6327538022.162499 7952859177.594999 6455082597.162499 8204169722.594999 9382756799.0275 7872788630.594999 0 14097807634.190002 15246668120.622501 13791574692.757496 9810855762.46 13839270889.190002 7582041752.594999 15115922160.622501 13741169139.757496 14839700948.622503 12359599353.324997 6464916369.162499 8539215656.027499 8438543797.027499 7304717273.594999 7599456478.594999 7937909069.594999 8583887309.027499 8489698329.027499 8389709125.027499 7791694976.594999 8429991559.027499 8614371952.0275 8876680067.0275 8503365448.027499 7430704471.594999 9374428276.0275 10888058078.46 7908036019.594999 8916181702.0275 8957886199.0275 10060805478.46 9394750072.0275 10566137703.46 10715300485.46 12256187884.892498 9008555884.0275 
11894717620.757498 11091408589.324997 12121138531.757498 12238133912.7575 12103346958.7575 11983844637.7575 12358078090.7575 10860301510.324999 12609388635.757496 13787975712.189995 12278007543.757498 14097807634.189995 0 1148860486.4325 8267670802.027499 4286951871.7299995 2683276287.865 8750016648.46 5912098542.162499 8217265249.027499 3683706347.2974997 6835695462.594999 7632891265.027499 9707190551.8925 9606518692.8925 8472692169.459999 8767431374.46 9105883965.46 9751862204.8925 9657673224.8925 9557684020.892498 8959669872.46 9597966454.8925 9782346847.8925 10044654962.892498 9671340343.892498 8598679367.46 10542403171.892498 12056032974.324997 9076010915.46 10084156597.8925 10125861094.8925 11228780374.325 10562724967.892498 11734112599.324997 11883275381.324997 13424162780.757496 14664862499.622498 
13043578107.19 12240269075.7575 13269999018.19 13386994399.190002 13252207445.190002 13132705124.190002 13506938577.190002 12009161996.757502 13758249122.189999 14936836198.622498 13426868030.19 15246668120.622498 1148860486.4325 0 9416531288.46 5435812358.162499 3832136774.2974997 9898877134.892498 7060959028.594999 9366125735.46 4832566833.73 7984555949.027499 8781751751.46 10856051038.324999 10755379179.324999 9621552655.8925 9916291860.892498 10254744451.892498 10900722691.325 10806533711.325 10706544507.325 10108530358.892498 10746826941.324999 10931207334.324999 11193515449.324997 10820200830.325 9747539853.8925 11691263658.324997 13204893460.757496 10224871401.892498 11233017084.324999 11274721581.324999 12377640860.7575 11711585454.324997 12882973085.757496 13032135867.757496 14573023267.189995 15813722986.055 
11588484679.324999 10785175647.892498 11814905590.324999 11931900971.325 11797114017.325 11677611696.325 12051845149.325 10554068568.8925 12303155694.324997 13481742770.757496 11971774602.324999 13791574692.757496 8267670802.027499 9416531288.46 0 3980718930.2974997 8009134057.027499 8443783707.027499 9285785328.46 5178128216.73 9009564116.46 1431975339.4325 7326658323.594999 9400957610.46 9300285751.46 8166459228.027499 8461198433.027499 8799651024.0275 9445629263.46 9351440283.46 9251451079.46 8653436931.0275 9291733513.46 9476113906.460001 9738422021.46 9365107402.46 8292446426.027499 10236170230.46 11749800032.892498 8769777974.0275 9777923656.460001 9819628153.460001 10922547432.892502 10256492026.46 11427879657.892498 11577042439.892498 13117929839.324997 14358629558.189999 
7607765749.027499 6804456717.594999 7834186660.027499 7951182041.027499 7816395087.027499 7696892766.027499 8071126219.027499 6573349638.594999 8322436764.027499 9501023840.46 7991055672.027499 9810855762.46 4286951871.73 5435812358.1625 3980718930.2974997 0 4028415126.73 4463064776.73 5305066398.1625 3930313377.2974997 5028845186.1625 2548743590.865 3345939393.2974997 5420238680.162499 5319566821.162499 4185740297.7299995 4480479502.73 4818932093.73 5464910333.162499 5370721353.162499 5270732149.162499 4672718000.73 5311014583.162499 5495394976.162499 5757703091.162499 5384388472.162499 4311727495.73 6255451300.162499 7769081102.594999 4789059043.73 5797204726.162499 5838909223.162499 6941828502.594999 6275773096.162499 7447160727.594999 7596323509.594999 9137210909.0275 10377910627.892498 
11636180875.757498 10832871844.324997 11862601786.757498 11979597167.7575 11844810213.7575 11725307892.7575 12099541345.7575 10601764765.324999 12350851890.757496 13529438967.189995 12019470798.757498 13839270889.189995 2683276287.865 3832136774.2974997 8009134057.027499 4028415126.7299995 0 8491479903.459999 5653561797.162499 7958728504.027499 1000430059.4325 6577158717.594999 7374354520.027499 9448653806.8925 9347981947.8925 8214155424.459999 8508894629.459999 8847347220.46 9493325459.8925 9399136479.8925 9299147275.892498 8701133127.46 9339429709.8925 9523810102.8925 9786118217.892498 9412803598.892498 8340142622.459999 10283866426.892498 11797496229.324997 8817474170.46 9825619852.8925 9867324349.8925 10970243629.325 10304188222.892498 11475575854.324997 11624738636.324997 13165626035.757496 14406325754.622498 
5378951739.162499 4575642707.73 5605372650.162499 5722368031.162499 5587581077.162499 5468078756.162499 5842312209.162499 4344535628.73 6093622754.162499 7272209830.594999 5762241662.162499 7582041752.594999 8750016648.46 9898877134.892498 8443783707.027499 4463064776.73 8491479903.459999 0 9768131174.892498 8393378154.027499 9491909962.8925 7011808367.594999 1117125383.4325 957173903.4325 1968466828.8649998 1956926287.8649998 2126114900.8649998 1158288175.4325 2312143700.865 1640861434.865 1356068410.4325 1261940788.4325 2174979793.865 1387528872.4325 2010175119.8649998 1327235707.4325 1081188890.4325 4026637290.2974997 5540267092.73 2560245033.865 3568390716.2974997 3610095213.2974997 4713014492.73 4046959086.2974997 5218346717.73 5367509499.73 6908396899.162499 8149096618.027499 
12912832147.19 12109523115.7575 13139253058.19 13256248439.190002 13121461485.190002 13001959164.190002 13376192617.190002 11878416036.757502 13627503162.189999 14806090238.622498 13296122070.19 15115922160.622498 5912098542.162499 7060959028.594999 9285785328.46 5305066398.162499 5653561797.162499 9768131174.892498 0 9235379775.46 6653991856.594999 7853809989.027499 8651005791.46 10725305078.324999 10624633219.324999 9490806695.8925 9785545900.892498 10123998491.892498 10769976731.325 10675787751.325 10575798547.325 9977784398.892498 10616080981.324999 10800461374.324999 11062769489.324997 10689454870.325 9616793893.8925 11560517698.324997 13074147500.757496 10094125441.892498 11102271124.324999 11143975621.324999 12246894900.7575 11580839494.324997 12752227125.757496 12901389907.757496 14442277307.189995 15682977026.055 
11538079126.324999 10734770094.892498 11764500037.324999 11881495418.325 11746708464.325 11627206143.325 12001439596.325 10503663015.8925 12252750141.324997 13431337217.757496 11921369049.324999 13741169139.757496 8217265249.027499 9366125735.46 5178128216.73 3930313377.2974997 7958728504.027499 8393378154.027499 9235379775.46 0 8959158563.46 3746152877.2974997 7276252770.594999 9350552057.46 9249880198.46 8116053675.027499 8410792880.027499 8749245471.0275 9395223710.46 9301034730.46 9201045526.46 8603031378.0275 9241327960.46 9425708353.46 9688016468.46 9314701849.46 8242040873.027499 10185764677.46 11699394479.892498 8719372421.0275 9727518103.460001 9769222600.460001 10872141879.892502 10206086473.46 11377474104.892498 11526636886.892498 13067524286.324997 14308224005.189999 
12636610935.19 11833301903.7575 12863031846.19 12980027227.190002 12845240273.190002 12725737952.190002 13099971405.190002 11602194824.757502 13351281950.189999 14529869026.622498 13019900858.19 14839700948.622498 3683706347.2974997 4832566833.73 9009564116.46 5028845186.162499 1000430059.4325 9491909962.892498 6653991856.594999 8959158563.46 0 7577588777.027499 8374784579.459999 10449083866.324999 10348412007.324999 9214585483.8925 9509324688.892498 9847777279.892498 10493755519.325 10399566539.325 10299577335.325 9701563186.892498 10339859769.324999 10524240162.324999 10786548277.324997 10413233658.325 9340572681.8925 11284296486.324997 12797926288.757496 9817904229.892498 10826049912.324999 10867754409.324999 11970673688.7575 11304618282.324997 12476005913.757496 12625168695.757496 14166056095.189995 15406755814.055 
10156509339.8925 9353200308.46 10382930250.8925 10499925631.892498 10365138677.892498 10245636356.8925 10619869809.892498 9122093229.46 10871180354.892498 12049767431.324997 10539799262.8925 12359599353.324997 6835695462.594999 7984555949.027499 1431975339.4325 2548743590.865 6577158717.594999 7011808367.594999 7853809989.027499 3746152877.2974997 7577588777.027499 0 5894682984.162499 7968982271.027499 7868310412.027499 6734483888.594999 7029223093.594999 7367675684.594999 8013653924.027499 7919464944.027499 7819475740.027499 7221461591.594999 7859758174.027499 8044138567.027499 8306446682.027499 7933132063.027499 6860471086.594999 8804194891.0275 10317824693.46 7337802634.594999 8345948317.027499 8387652814.027499 9490572093.46 8824516687.0275 9995904318.46 10145067100.46 11685954499.892498 12926654218.7575 
4261826355.7299995 3458517324.2974997 4488247266.73 4605242647.73 4470455693.73 4350953372.73 4725186825.73 3227410245.2974997 4976497370.73 6155084447.162499 4645116278.73 6464916369.162499 7632891265.027499 8781751751.46 7326658323.594999 3345939393.2974997 7374354520.027499 1117125383.4325 8651005791.46 7276252770.594999 8374784579.459999 5894682984.162499 0 2074299286.8649998 1973627427.8649998 839800904.4325 1134540109.4325 1472992700.4325 2118970939.865 2024781959.865 1924792755.8649998 1326778607.4325 1965075189.8649998 2149455582.865 2411763697.865 2038449078.8649998 965788102.4325 2909511906.865 4423141709.2975 1443119650.4325 2451265332.865 2492969829.865 3595889109.2974997 2929833702.865 4101221334.2974997 4250384116.2974997 5791271515.73 7031971234.594999 
6336125642.594999 5532816611.162499 6562546553.594999 6679541934.594999 6544754980.594999 6425252659.594999 6799486112.594999 5301709532.162499 7050796657.594999 8229383734.027499 6719415565.594999 8539215656.027499 9707190551.892498 10856051038.324997 9400957610.46 5420238680.162499 9448653806.892498 957173903.4325 10725305078.324997 9350552057.46 10449083866.324999 7968982271.027499 2074299286.8649998 0 2323431606.865 2543733153.865 2126610730.8649998 2000537499.8649998 2358310174.865 1394427771.4325 2093487487.8649998 1409052876.4325 2314879368.865 1797233691.865 1130034432.4325 2284409610.865 2038362793.8649998 4983811193.73 6497440996.162499 3517418937.2974997 4525564619.73 4567269116.73 5670188396.162499 5004132989.73 6175520621.162499 6324683403.162499 7865570802.594999 9106270521.46 
6235453783.594999 5432144752.162499 6461874694.594999 6578870075.594999 6444083121.594999 6324580800.594999 6698814253.594999 5201037673.162499 6950124798.594999 8128711875.027499 6618743706.594999 8438543797.027499 9606518692.892498 10755379179.324997 9300285751.46 5319566821.162499 9347981947.892498 1968466828.8649998 10624633219.324997 9249880198.46 10348412007.324999 7868310412.027499 1973627427.8649998 2323431606.865 0 1881478283.865 2011470245.865 1497952993.4325 1887711384.865 1350266699.4325 1849744883.865 1650676959.865 1652624498.865 859918018.4325 1895530464.865 2493009065.865 1379661023.4325 4883139334.73 6396769137.162499 3416747078.2974997 4424892760.73 4466597257.73 5569516537.162499 4903461130.73 6074848762.162499 6224011544.162499 7764898943.594999 9005598662.46 
5101627260.162499 4298318228.73 5328048171.162499 5445043552.162499 5310256598.162499 5190754277.162499 5564987730.162499 4067211149.7299995 5816298275.162499 6994885351.594999 5484917183.162499 7304717273.594999 8472692169.459999 9621552655.892498 8166459228.027499 4185740297.7299995 8214155424.459999 1956926287.8649998 9490806695.892498 8116053675.027499 9214585483.8925 6734483888.594999 839800904.4325 2543733153.865 1881478283.865 0 1159080737.4325 2282620513.865 2082072210.8649998 2262786699.865 1822027529.865 1209862882.4325 1872926045.865 2094533423.8649998 2145714544.8649998 1198648174.4325 1789871163.865 3749312811.2974997 5262942613.73 2282920554.865 3291066237.2974997 3332770734.2974997 4435690013.73 3769634607.2974997 4941022238.73 5090185020.73 6631072420.162499 7871772139.027499 
5396366465.162499 4593057433.73 5622787376.162499 5739782757.162499 5604995803.162499 5485493482.162499 5859726935.162499 4361950354.73 6111037480.162499 7289624556.594999 5779656388.162499 7599456478.594999 8767431374.46 9916291860.892498 8461198433.027499 4480479502.73 8508894629.459999 2126114900.8649998 9785545900.892498 8410792880.027499 9509324688.8925 7029223093.594999 1134540109.4325 2126610730.8649998 2011470245.865 1159080737.4325 0 1782284563.865 2206119672.865 1865076610.865 2024526653.8649998 1309592205.4325 1485951879.4325 1181421873.4325 1866957879.865 2357728911.865 2100328211.8649998 4044052016.2974997 5557681818.73 2577659759.865 3585805442.2974997 3627509939.2974997 4730429218.73 4064373812.2974997 5235761443.73 5384924225.73 6925811625.162499 8166511344.027499 
5734819056.162499 4931510024.73 5961239967.162499 6078235348.162499 5943448394.162499 5823946073.162499 6198179526.162499 4700402945.73 6449490071.162499 7628077147.594999 6118108979.162499 7937909069.594999 9105883965.46 10254744451.892498 8799651024.0275 4818932093.73 8847347220.46 1158288175.4325 10123998491.892498 8749245471.0275 9847777279.8925 7367675684.594999 1472992700.4325 2000537499.8649998 1497952993.4325 2282620513.865 1782284563.865 0 2303657710.865 841650562.4325 1219374183.4325 1072757631.4325 1016691618.4325 1963068860.8649998 2157742721.865 2076218489.8649998 1900644419.865 4382504607.2975 5896134409.73 2916112350.865 3924258033.2974997 3965962530.2974997 5068881809.73 4402826403.2975 5574214034.73 5723376816.73 7264264216.162499 8504963935.027499 
6380797295.594999 5577488264.162499 6607218206.594999 6724213587.594999 6589426633.594999 6469924312.594999 6844157765.595 5346381185.1625 7095468310.595 8274055387.0275 6764087218.595 8583887309.027499 9751862204.892498 10900722691.324997 9445629263.46 5464910333.162499 9493325459.892498 2312143700.865 10769976731.324997 9395223710.46 10493755519.324999 8013653924.027499 2118970939.865 2358310174.865 1887711384.865 2082072210.8649998 2206119672.865 2303657710.865 0 2088298622.8649998 1969673413.8649998 1994353831.8649998 1286966092.4325 2382846310.865 1228275742.4325 2688684981.865 2262392153.865 5028482846.73 6542112649.162499 3562090590.2974997 4570236272.73 4611940769.73 5714860049.162499 5048804642.73 6220192274.162499 6369355056.162499 7910242455.594999 9150942174.46 
6286608315.595 5483299284.1625 6513029226.595 6630024607.595 6495237653.595 6375735332.595 6749968785.595 5252192205.1625 7001279330.595 8179866407.0275 6669898238.595 8489698329.0275 9657673224.892498 10806533711.324997 9351440283.46 5370721353.162499 9399136479.892498 1640861434.865 10675787751.324997 9301034730.46 10399566539.324999 7919464944.027499 2024781959.865 1394427771.4325 1350266699.4325 2262786699.865 1865076610.865 841650562.4325 2088298622.8649998 0 1807951869.865 1340657385.4325 1858342180.865 1345589875.4325 1749136829.865 2131305211.8649998 1058993857.4325 4934293866.73 6447923669.162499 3467901610.2974997 4476047292.73 4517751789.73 5620671069.162499 4954615662.73 6126003294.162499 6275166076.162499 7816053475.594999 9056753194.46 
6186619111.594999 5383310080.162499 6413040022.594999 6530035403.594999 6395248449.594999 6275746128.594999 6649979581.594999 5152203001.162499 6901290126.594999 8079877203.027499 6569909034.594999 8389709125.027499 9557684020.892498 10706544507.324997 9251451079.46 5270732149.162499 9299147275.892498 1356068410.4325 10575798547.324997 9201045526.46 10299577335.324999 7819475740.027499 1924792755.8649998 2093487487.8649998 1849744883.865 1822027529.865 2024526653.8649998 1219374183.4325 1969673413.8649998 1807951869.865 0 1791165105.865 828752600.4325 1176257512.4325 1928277353.865 856844306.4325 2002347472.8649998 4834304662.73 6347934465.162499 3367912406.2974997 4376058088.73 4417762585.73 5520681865.162499 4854626458.73 6026014090.162499 6175176872.162499 7716064271.594999 8956763990.46 
5588604963.162499 4785295931.73 5815025874.162499 5932021255.162499 5797234301.162499 5677731980.162499 6051965433.162499 4554188852.73 6303275978.162499 7481863054.594999 5971894886.162499 7791694976.594999 8959669872.46 10108530358.892498 8653436931.0275 4672718000.73 8701133127.46 1261940788.4325 9977784398.892498 8603031378.0275 9701563186.8925 7221461591.594999 1326778607.4325 1409052876.4325 1650676959.865 1209862882.4325 1309592205.4325 1072757631.4325 1994353831.8649998 1340657385.4325 1791165105.865 0 1214051222.4325 1632776449.865 1084985090.4325 2114518447.8649998 1023883868.4325 4236290514.2974997 5749920316.73 2769898257.865 3778043940.2974997 3819748437.2974997 4922667716.73 4256612310.2974997 5427999941.73 5577162723.73 7118050123.162499 8358749842.027499 
6226901545.594999 5423592514.162499 6453322456.594999 6570317837.594999 6435530883.594999 6316028562.594999 6690262015.594999 5192485435.162499 6941572560.594999 8120159637.027499 6610191468.594999 8429991559.027499 9597966454.892498 10746826941.324997 9291733513.46 5311014583.162499 9339429709.892498 2174979793.865 10616080981.324997 9241327960.46 10339859769.324999 7859758174.027499 1965075189.8649998 2314879368.865 1652624498.865 1872926045.865 1485951879.4325 1016691618.4325 1286966092.4325 1858342180.865 828752600.4325 1214051222.4325 0 2005010112.8649998 2095488138.8649998 1401718889.4325 1199713172.4325 4874587096.73 6388216899.162499 3408194840.2974997 4416340522.73 4458045019.73 5560964299.162499 4894908892.73 6066296524.162499 6215459306.162499 7756346705.594999 8997046424.46 
6411281938.594999 5607972907.162499 6637702849.594999 6754698230.594999 6619911276.594999 6500408955.594999 6874642408.594999 5376865828.162499 7125952953.594999 8304540030.027499 6794571861.594999 8614371952.0275 9782346847.892498 10931207334.324997 9476113906.46 5495394976.162499 9523810102.892498 1387528872.4325 10800461374.324997 9425708353.46 10524240162.324999 8044138567.027499 2149455582.865 1797233691.865 859918018.4325 2094533423.8649998 1181421873.4325 1963068860.8649998 2382846310.865 1345589875.4325 1176257512.4325 1632776449.865 2005010112.8649998 0 1154570568.4325 2033101818.8649998 1975128612.8649998 5058967489.73 6572597292.162499 3592575233.2974997 4600720915.73 4642425412.73 5745344692.162499 5079289285.73 6250676917.162499 6399839699.162499 7940727098.594999 9181426817.46 
6673590053.594999 5870281022.162499 6900010964.594999 7017006345.594999 6882219391.594999 6762717070.594999 7136950523.594999 5639173943.162499 7388261068.594999 8566848145.027499 7056879976.594999 8876680067.0275 10044654962.892498 11193515449.324997 9738422021.46 5757703091.162499 9786118217.892498 2010175119.8649998 11062769489.324997 9688016468.46 10786548277.324999 8306446682.027499 2411763697.865 1130034432.4325 1895530464.865 2145714544.8649998 1866957879.865 2157742721.865 1228275742.4325 1749136829.865 1928277353.865 1084985090.4325 2095488138.8649998 1154570568.4325 0 2514083600.865 2108868958.8649998 5321275604.73 6834905407.162499 3854883348.2974997 4863029030.73 4904733527.73 6007652807.162499 5341597400.73 6512985032.162499 6662147814.162499 8203035213.594999 9443734932.46 
6300275434.594999 5496966403.162499 6526696345.594999 6643691726.594999 6508904772.594999 6389402451.594999 6763635904.594999 5265859324.162499 7014946449.594999 8193533526.027499 6683565357.594999 8503365448.027499 9671340343.892498 10820200830.324997 9365107402.46 5384388472.162499 9412803598.892498 1327235707.4325 10689454870.324997 9314701849.46 10413233658.324999 7933132063.027499 2038449078.8649998 2284409610.865 2493009065.865 1198648174.4325 2357728911.865 2076218489.8649998 2688684981.865 2131305211.8649998 856844306.4325 2114518447.8649998 1401718889.4325 2033101818.8649998 2514083600.865 0 2334348595.865 4947960985.73 6461590788.162499 3481568729.2974997 4489714411.73 4531418908.73 5634338188.162499 4968282781.73 6139670413.162499 6288833195.162499 7829720594.594999 9070420313.46 
5227614458.162499 4424305426.73 5454035369.162499 5571030750.162499 5436243796.162499 5316741475.162499 5690974928.162499 4193198347.7299995 5942285473.162499 7120872549.594999 5610904381.162499 7430704471.594999 8598679367.46 9747539853.892498 8292446426.027499 4311727495.73 8340142622.459999 1081188890.4325 9616793893.892498 8242040873.027499 9340572681.8925 6860471086.594999 965788102.4325 2038362793.8649998 1379661023.4325 1789871163.865 2100328211.8649998 1900644419.865 2262392153.865 1058993857.4325 2002347472.8649998 1023883868.4325 1199713172.4325 1975128612.8649998 2108868958.8649998 2334348595.865 0 3875300009.2974997 5388929811.73 2408907752.865 3417053435.2974997 3458757932.2974997 4561677211.73 3895621805.2974997 5067009436.73 5216172218.73 6757059618.162499 7997759337.027499 
7171338262.594999 6368029231.162499 7397759173.594999 7514754554.594999 7379967600.594999 7260465279.594999 7634698732.594999 6136922152.162499 7886009277.594999 9064596354.0275 7554628185.594999 9374428276.0275 10542403171.892498 11691263658.324997 10236170230.46 6255451300.162499 10283866426.892498 4026637290.2974997 11560517698.324997 10185764677.46 11284296486.324999 8804194891.0275 2909511906.865 4983811193.73 4883139334.73 3749312811.2974997 4044052016.2974997 4382504607.2975 5028482846.73 4934293866.73 4834304662.73 4236290514.2974997 4874587096.73 5058967489.73 5321275604.73 4947960985.73 3875300009.2974997 0 4451779241.2975 4352631557.2975 4866187901.73 2521607361.865 3624526641.2974997 2958471234.865 4129858866.2974997 4279021648.2974997 5819909047.73 9941483141.46 
8684968065.0275 7881659033.594999 8911388976.0275 9028384357.0275 8893597403.0275 8774095082.0275 9148328535.0275 7650551954.594999 9399639080.0275 10578226156.46 9068257988.0275 10888058078.46 12056032974.325 13204893460.7575 11749800032.892498 7769081102.594999 11797496229.325 5540267092.73 13074147500.7575 11699394479.892498 12797926288.757502 10317824693.46 4423141709.2975 6497440996.162499 6396769137.162499 5262942613.73 5557681818.73 5896134409.73 6542112649.162499 6447923669.162499 6347934465.162499 5749920316.73 6388216899.162499 6572597292.162499 6834905407.162499 6461590788.162499 5388929811.73 4451779241.2975 0 5866261359.73 6379817704.162499 4035237164.2974997 5138156443.73 1493308006.4325 2664695637.865 5792651450.73 7333538850.162499 11455112943.892498 
5704946006.162499 4901636974.73 5931366917.162499 6048362298.162499 5913575344.162499 5794073023.162499 6168306476.162499 4670529895.73 6419617021.162499 7598204097.594999 6088235929.162499 7908036019.594999 9076010915.46 10224871401.892498 8769777974.0275 4789059043.73 8817474170.46 2560245033.865 10094125441.892498 8719372421.0275 9817904229.8925 7337802634.594999 1443119650.4325 3517418937.2974997 3416747078.2974997 2282920554.865 2577659759.865 2916112350.865 3562090590.2974997 3467901610.2974997 3367912406.2974997 2769898257.865 3408194840.2974997 3592575233.2974997 3854883348.2974997 3481568729.2974997 2408907752.865 4352631557.2975 5866261359.73 0 1008145682.4325 3352726222.2974997 2249806942.865 4372953353.2975 5544340984.73 5693503766.73 7234391166.162499 8475090885.027499 
6713091688.594999 5909782657.162499 6939512599.594999 7056507980.594999 6921721026.594999 6802218705.594999 7176452158.594999 5678675578.162499 7427762703.594999 8606349780.0275 7096381611.594999 8916181702.0275 10084156597.892498 11233017084.324997 9777923656.46 5797204726.162499 9825619852.892498 3568390716.2974997 11102271124.324997 9727518103.46 10826049912.324999 8345948317.027499 2451265332.865 4525564619.73 4424892760.73 3291066237.2974997 3585805442.2974997 3924258033.2974997 4570236272.73 4476047292.73 4376058088.73 3778043940.2974997 4416340522.73 4600720915.73 4863029030.73 4489714411.73 3417053435.2974997 4866187901.73 6379817704.162499 1008145682.4325 0 2344580539.865 1241661260.4325 4886509697.73 6057897329.162499 6207060111.162499 7747947510.594999 9483236567.46 
6754796185.594999 5951487154.162499 6981217096.594999 7098212477.594999 6963425523.594999 6843923202.594999 7218156655.594999 5720380075.162499 7469467200.594999 8648054277.0275 7138086108.594999 8957886199.0275 10125861094.892498 11274721581.324997 9819628153.46 5838909223.162499 9867324349.892498 3610095213.2974997 11143975621.324997 9769222600.46 10867754409.324999 8387652814.027499 2492969829.865 4567269116.73 4466597257.73 3332770734.2974997 3627509939.2974997 3965962530.2974997 4611940769.73 4517751789.73 4417762585.73 3819748437.2974997 4458045019.73 4642425412.73 4904733527.73 4531418908.73 3458757932.2974997 2521607361.865 4035237164.2974997 3352726222.2974997 2344580539.865 0 1102919279.4325 2541929157.865 3713316789.2974997 3862479571.2974997 5403366970.73 9524941064.46 
7857715465.027499 7054406433.594999 8084136376.027499 8201131757.027499 8066344803.027499 7946842482.027499 8321075935.027499 6823299354.594999 8572386480.027499 9750973556.46 8241005388.027499 10060805478.46 11228780374.325 12377640860.7575 10922547432.892498 6941828502.594999 10970243629.325 4713014492.73 12246894900.7575 10872141879.892498 11970673688.757502 9490572093.46 3595889109.2974997 5670188396.162499 5569516537.162499 4435690013.73 4730429218.73 5068881809.73 5714860049.162499 5620671069.162499 5520681865.162499 4922667716.73 5560964299.162499 5745344692.162499 6007652807.162499 5634338188.162499 4561677211.73 3624526641.2974997 5138156443.73 2249806942.865 1241661260.4325 1102919279.4325 0 3644848437.2974997 4816236068.73 4965398850.73 6506286250.162499 10627860343.892498 
7191660058.594999 6388351027.162499 7418080969.594999 7535076350.594999 7400289396.594999 7280787075.594999 7655020528.594999 6157243948.162499 7906331073.594999 9084918150.0275 7574949981.594999 9394750072.0275 10562724967.892498 11711585454.324997 10256492026.46 6275773096.162499 10304188222.892498 4046959086.2974997 11580839494.324997 10206086473.46 11304618282.324999 8824516687.0275 2929833702.865 5004132989.73 4903461130.73 3769634607.2974997 4064373812.2974997 4402826403.2975 5048804642.73 4954615662.73 4854626458.73 4256612310.2974997 4894908892.73 5079289285.73 5341597400.73 4968282781.73 3895621805.2974997 2958471234.865 1493308006.4325 4372953353.2975 4886509697.73 2541929157.865 3644848437.2974997 0 1171387631.4325 4299343444.2975 5840230843.73 9961804937.46 
8363047690.027499 7559738658.594999 8589468601.027499 8706463982.0275 8571677028.027499 8452174707.027499 8826408160.0275 7328631579.594999 9077718705.0275 10256305781.46 8746337613.0275 10566137703.46 11734112599.325 12882973085.7575 11427879657.892498 7447160727.594999 11475575854.325 5218346717.73 12752227125.7575 11377474104.892498 12476005913.757502 9995904318.46 4101221334.2974997 6175520621.162499 6074848762.162499 4941022238.73 5235761443.73 5574214034.73 6220192274.162499 6126003294.162499 6026014090.162499 5427999941.73 6066296524.162499 6250676917.162499 6512985032.162499 6139670413.162499 5067009436.73 4129858866.2974997 2664695637.865 5544340984.73 6057897329.162499 3713316789.2974997 4816236068.73 1171387631.4325 0 5470731075.73 7011618475.162499 11133192568.892498 
8512210472.027499 7708901440.594999 8738631383.0275 8855626764.0275 8720839810.0275 8601337489.0275 8975570942.0275 7477794361.594999 9226881487.0275 10405468563.46 8895500395.0275 10715300485.46 11883275381.325 13032135867.7575 11577042439.892498 7596323509.594999 11624738636.325 5367509499.73 12901389907.7575 11526636886.892498 12625168695.757502 10145067100.46 4250384116.2974997 6324683403.162499 6224011544.162499 5090185020.73 5384924225.73 5723376816.73 6369355056.162499 6275166076.162499 6175176872.162499 5577162723.73 6215459306.162499 6399839699.162499 6662147814.162499 6288833195.162499 5216172218.73 4279021648.2974997 5792651450.73 5693503766.73 6207060111.162499 3862479571.2974997 4965398850.73 4299343444.2975 5470731075.73 0 4170293704.2974997 11282355350.892498 
10053097871.460001 9249788840.0275 10279518782.460001 10396514163.46 10261727209.46 10142224888.460001 10516458341.46 9018681761.0275 10767768886.46 11946355962.892498 10436387794.460001 12256187884.892498 13424162780.757504 14573023267.190002 13117929839.324997 9137210909.0275 13165626035.757504 6908396899.162499 14442277307.190002 13067524286.324997 14166056095.190004 11685954499.892498 5791271515.73 7865570802.594999 7764898943.594999 6631072420.162499 6925811625.162499 7264264216.162499 7910242455.594999 7816053475.594999 7716064271.594999 7118050123.162499 7756346705.594999 7940727098.594999 8203035213.594999 7829720594.594999 6757059618.162499 5819909047.73 7333538850.162499 7234391166.162499 7747947510.594999 5403366970.73 6506286250.162499 5840230843.73 7011618475.162499 4170293704.2974997 0 12823242750.325 
4376762941.73 3573453910.2974997 2543723967.865 7148882162.594999 7014095208.594999 6894592887.594999 8519914043.027499 7022137462.594999 8771224588.0275 9949811664.46 8439843496.027499 9008555884.0275 14664862499.622501 15813722986.055 14358629558.189995 10377910627.892498 14406325754.622501 8149096618.027499 15682977026.055 14308224005.189995 15406755814.055002 12926654218.757496 7031971234.594999 9106270521.46 9005598662.46 7871772139.027499 8166511344.027499 8504963935.027499 9150942174.46 9056753194.46 8956763990.46 8358749842.027499 8997046424.46 9181426817.46 9443734932.46 9070420313.46 7997759337.027499 9941483141.46 11455112943.892498 8475090885.027499 9483236567.46 9524941064.46 10627860343.892498 9961804937.46 11133192568.892498 11282355350.892498 12823242750.324997 0 
