92
3 4 5 6 11 14 15 18 19 20 21 26 29 30 33 34 35 36 41 44 45 48 49 50 51 56 59 60 63 64 65 66 71 74 75 78 79 80 81 86 89 90 93 94 95 96 101 104 105 108 109 110 111 116 119 120 123 124 125 126 131 134 135 138 139 140 141 146 149 150 153 154 155 156 161 164 165 168 169 170 171 176 179 180 183 184 185 186 191 194 195 ssp200
0 1294888594.4325 2375535987.865 3515991785.2974997 4488113879.73 3272656716.2974997 4640162221.73 6871750312.594999 8186187237.027499 8537272974.027499 7235707304.594999 6862353722.594999 5749998778.162499 7020482621.594999 7230215513.594999 8284669821.027499 8275267551.027499 7188053364.594999 7231788592.594999 5796376255.162499 7235134822.594999 6002025390.594999 7029072362.027499 8135112608.027499 6859343857.594999 6875397300.594999 5332419319.162499 6221492400.594999 7484182139.594999 8818120033.0275 8530699734.027499 7284512931.594999 7342443933.594999 5674063239.162499 6759946728.594999 6430681568.594999 7615520647.027499 7934648217.027499 6814974826.594999 7118268821.594999 5426030242.162499 6565346531.594999 7224882484.594999 8196997557.027499 8200169936.027499 7141786141.594999 7237740205.594999 5840346857.162499 7288940125.594999 6777217730.594999 8246148642.027499 8022622465.027499 6860832583.594999 6801124883.594999 5370569962.162499 6541578500.594999 6464458074.594999 7741020133.027499 7594468263.027499 6562507020.594999 6964078625.594999 5249502077.162499 6127594560.594999 7220524677.594999 8072310962.027499 8356899636.027499 7379354160.594999 7275075346.594999 5862968204.162499 6885803347.594999 7514539217.594999 8413971158.027499 8086246477.027499 6817945984.594999 7055077740.594999 5951025215.162499 7447908951.594999 7007126503.594999 8322137288.027499 7333894711.027499 6487318770.594999 7229121017.594999 5695611139.162499 6742042027.594999 7045772196.594999 8118916632.027499 7825823033.027499 6586714783.594999 6932058287.594999 6023740746.162499 7411256420.594999 5663847673.1625 
1294888594.4325 0 1080647393.4325 2221103190.865 5783002474.162499 4567545310.73 5935050816.162499 8166638907.027499 9481075831.46 9832161568.46 8530595899.027499 8157242317.027499 7044887372.594999 8315371216.027499 8525104108.027499 9579558415.46 9570156145.46 8482941959.027499 8526677187.027499 7091264849.594999 8530023417.027499 7296913985.027499 8323960956.459999 9430001202.46 8154232452.027499 8170285895.027499 6627307913.594999 7516380995.027499 8779070734.0275 10113008627.46 9825588328.46 8579401526.027499 8637332528.0275 6968951833.594999 8054835323.027499 7725570163.027499 8910409241.46 9229536811.46 8109863421.027499 8413157416.027499 6720918836.594999 7860235126.027499 8519771079.027499 9491886151.46 9495058530.46 8436674736.027499 8532628800.027499 7135235451.594999 8583828720.027499 8072106325.027499 9541037236.46 9317511059.46 8155721178.027499 8096013478.027499 6665458556.594999 7836467095.027499 7759346669.027499 9035908727.46 8889356857.46 7857395615.027499 8258967220.027499 6544390671.594999 7422483155.027499 8515413272.027499 9367199556.46 9651788230.460001 8674242755.0275 8569963941.027499 7157856798.594999 8180691942.027499 8809427812.0275 9708859752.460001 9381135071.46 8112834579.027499 8349966335.027499 7245913809.594999 8742797546.0275 8302015098.027499 9617025882.46 8628783305.46 7782207365.027499 8524009612.027499 6990499733.594999 8036930622.027499 8340660791.027499 9413805226.46 9120711627.46 7881603378.027499 8226946882.027499 7318629340.594999 8706145015.0275 6958736267.594999 
2375535987.865 1080647393.4325 0 1140455797.4325 5482115475.162499 4266658311.7299995 5634163817.162499 7865751908.027499 9180188832.46 9531274569.46 8229708900.027499 7856355318.027499 6744000373.594999 8014484217.027499 8224217109.027499 9278671416.46 9269269146.46 8182054960.027499 8225790188.027499 6790377850.594999 8229136418.027499 6996026986.027499 8023073957.459999 9129114203.46 7853345453.027499 7869398896.027499 6326420914.594999 7215493996.027499 8478183735.027499 9812121628.46 9524701329.46 8278514527.027499 8336445529.027499 6668064834.594999 7753948324.027499 7424683164.027499 8609522242.46 8928649812.46 7808976422.027499 8112270417.027499 6420031837.594999 7559348127.027499 8218884080.027499 9190999152.46 9194171531.46 8135787737.027499 8231741801.027499 6834348452.594999 8282941721.027499 7771219326.027499 9240150237.46 9016624060.46 7854834179.027499 7795126479.027499 6364571557.594999 7535580096.027499 7458459670.027499 8735021728.46 8588469858.459999 7556508616.027499 7958080221.027499 6243503672.594999 7121596156.027499 8214526273.027499 9066312557.46 9350901231.46 8373355756.027499 8269076942.027499 6856969799.594999 7879804943.027499 8508540813.027499 9407972753.46 9080248072.46 7811947580.027499 8049079336.027499 6945026810.594999 8441910547.027499 8001128099.027499 9316138883.46 8327896306.459999 7481320366.027499 8223122613.027499 6689612734.594999 7736043623.027499 8039773792.027499 9112918227.46 8819824628.46 7580716379.027499 7926059883.027499 7017742341.594999 8405258016.027499 6657849268.594999 
3515991785.2974997 2221103190.865 1140455797.4325 0 4341659677.73 3126202514.2974997 4493708019.73 6725296110.594999 8039733035.027499 8390818772.027499 7089253102.594999 6715899520.594999 5603544576.162499 6874028419.594999 7083761311.594999 8138215619.027499 8128813349.027499 7041599162.594999 7085334390.594999 5649922053.162499 7088680620.594999 5855571188.594999 6882618160.027499 7988658406.027499 6712889655.594999 6728943098.594999 5185965117.162499 6075038198.594999 7337727937.594999 8671665831.0275 8384245532.027499 7138058729.594999 7195989731.594999 5527609037.162499 6613492526.594999 6284227366.594999 7469066445.027499 7788194015.027499 6668520624.594999 6971814619.594999 5279576040.162499 6418892329.594999 7078428282.594999 8050543355.027499 8053715734.027499 6995331939.594999 7091286003.594999 5693892655.162499 7142485923.594999 6630763528.594999 8099694440.027499 7876168263.027499 6714378381.594999 6654670681.594999 5224115760.162499 6395124298.594999 6318003872.594999 7594565931.027499 7448014061.027499 6416052818.594999 6817624423.594999 5103047875.162499 5981140358.594999 7074070475.594999 7925856760.027499 8210445434.027499 7232899958.594999 7128621144.594999 5716514002.162499 6739349145.594999 7368085015.594999 8267516956.027499 7939792275.027499 6671491782.594999 6908623538.594999 5804571013.162499 7301454749.594999 6860672301.594999 8175683086.027499 7187440509.027499 6340864568.594999 7082666815.594999 5549156937.162499 6595587825.594999 6899317994.594999 7972462430.027499 7679368831.027499 6440260581.594999 6785604085.594999 5877286544.162499 7264802218.594999 5517393471.1625 
4488113879.73 5783002474.162499 5482115475.162499 4341659677.73 0 3947567348.2974997 5315072853.73 7546660944.594999 8861097869.0275 9212183606.0275 7910617936.594999 7537264354.594999 6424909410.162499 7695393253.594999 7905126145.594999 8959580453.0275 8950178183.0275 7862963996.594999 7906699224.594999 6471286887.162499 7910045454.594999 6676936022.594999 7703982994.027499 8810023240.0275 7534254489.594999 7550307932.594999 6007329951.162499 6896403032.594999 8159092771.594999 9493030665.0275 9205610366.0275 7959423563.594999 8017354565.594999 6348973871.162499 7434857360.594999 7105592200.594999 8290431279.027499 8609558849.0275 7489885458.594999 7793179453.594999 6100940874.162499 7240257163.594999 7899793116.594999 8871908189.0275 8875080568.0275 7816696773.594999 7912650837.594999 6515257489.162499 7963850757.594999 7452128362.594999 8921059274.0275 8697533097.0275 7535743215.594999 7476035515.594999 6045480594.162499 7216489132.594999 7139368706.594999 8415930765.027499 8269378895.027499 7237417652.594999 7638989257.594999 5924412709.162499 6802505192.594999 7895435309.594999 8747221594.0275 9031810268.0275 8054264792.594999 7949985978.594999 6537878836.162499 7560713979.594999 8189449849.594999 9088881790.0275 8761157109.0275 7492856616.594999 7729988372.594999 6625935847.162499 8122819583.594999 7682037135.594999 8997047920.0275 8008805343.027499 7162229402.594999 7904031649.594999 6370521771.162499 7416952659.594999 7720682828.594999 8793827264.0275 8500733665.027499 7261625415.594999 7606968919.594999 6698651378.162499 8086167052.594999 6338758305.162499 
3272656716.2974997 4567545310.73 4266658311.7299995 3126202514.2974997 3947567348.2974997 0 1367505505.4325 6331203781.162499 7645640705.594999 7996726442.594999 6695160773.162499 6321807191.162499 5209452246.73 6479936090.162499 6689668982.162499 7744123289.594999 7734721019.594999 6647506833.162499 6691242061.162499 5255829723.73 6694588291.162499 5461478859.162499 6488525830.594999 7594566076.594999 6318797326.162499 6334850769.162499 4791872787.73 5680945869.162499 6943635608.162499 8277573501.594999 7990153202.594999 6743966400.162499 6801897402.162499 5133516707.73 6219400197.162499 5890135037.162499 7074974115.594999 7394101685.594999 6274428295.162499 6577722290.162499 4885483710.73 6024800000.162499 6684335953.162499 7656451025.594999 7659623404.594999 6601239610.162499 6697193674.162499 5299800325.73 6748393594.162499 6236671199.162499 7705602110.594999 7482075933.594999 6320286052.162499 6260578352.162499 4830023430.73 6001031969.162499 5923911543.162499 7200473601.594999 7053921731.594999 6021960489.162499 6423532094.162499 4708955545.73 5587048029.162499 6679978146.162499 7531764430.594999 7816353104.594999 6838807629.162499 6734528815.162499 5322421672.73 6345256816.162499 6973992686.162499 7873424626.594999 7545699945.594999 6277399453.162499 6514531209.162499 5410478683.73 6907362420.162499 6466579972.162499 7781590756.594999 6793348179.594999 5946772239.162499 6688574486.162499 5155064607.73 6201495496.162499 6505225665.162499 7578370100.594999 7285276501.594999 6046168252.162499 6391511756.162499 5483194214.73 6870709889.162499 5123301141.73 
4640162221.73 5935050816.162499 5634163817.162499 4493708019.73 5315072853.73 1367505505.4325 0 7698709286.594999 9013146211.0275 9364231948.0275 8062666278.594999 7689312696.594999 6576957752.162499 7847441595.594999 8057174487.594999 9111628795.0275 9102226525.0275 8015012338.594999 8058747566.594999 6623335229.162499 8062093796.594999 6828984364.594999 7856031336.027499 8962071582.0275 7686302831.594999 7702356274.594999 6159378293.162499 7048451374.594999 8311141113.594999 9645079007.0275 9357658708.0275 8111471905.594999 8169402907.594999 6501022213.162499 7586905702.594999 7257640542.594999 8442479621.027499 8761607191.0275 7641933800.594999 7945227795.594999 6252989216.162499 7392305505.594999 8051841458.594999 9023956531.0275 9027128910.0275 7968745115.594999 8064699179.594999 6667305831.162499 8115899099.594999 7604176704.594999 9073107616.0275 8849581439.0275 7687791557.594999 7628083857.594999 6197528936.162499 7368537474.594999 7291417048.594999 8567979107.027499 8421427237.027499 7389465994.594999 7791037599.594999 6076461051.162499 6954553534.594999 8047483651.594999 8899269936.0275 9183858610.0275 8206313134.594999 8102034320.594999 6689927178.162499 7712762321.594999 8341498191.594999 9240930132.0275 8913205451.0275 7644904958.594999 7882036714.594999 6777984189.162499 8274867925.594999 7834085477.594999 9149096262.0275 8160853685.027499 7314277744.594999 8056079991.594999 6522570113.162499 7569001001.594999 7872731170.594999 8945875606.0275 8652782007.0275 7413673757.594999 7759017261.594999 6850699720.162499 8238215394.594999 6490806647.162499 
6871750312.594999 8166638907.027499 7865751908.027499 6725296110.594999 7546660944.594999 6331203781.162499 7698709286.594999 0 1314436924.4325 2347556413.865 3649122083.2974997 4500960315.73 3388605371.2974997 4659089214.73 7420897761.594999 8475352069.027499 8465949799.027499 7378735612.594999 7422470840.594999 5987058503.162499 7425817070.594999 6192707638.594999 7219754610.027499 8325794856.027499 7050026105.594999 7066079548.594999 5523101567.162499 6412174648.594999 7674864387.594999 9008802281.0275 8721381982.0275 7475195179.594999 7533126181.594999 5864745487.162499 6950628976.594999 6621363816.594999 7806202895.027499 8125330465.027499 7005657074.594999 7308951069.594999 5616712490.162499 6756028779.594999 7415564732.594999 8387679805.027499 8390852184.027499 7332468389.594999 7428422453.594999 6031029105.162499 7479622373.594999 6967899978.594999 8436830890.027499 8213304713.027499 7051514831.594999 6991807131.594999 5561252210.162499 6732260748.594999 6655140322.594999 7931702381.027499 7785150511.027499 6753189268.594999 7154760873.594999 5440184325.162499 6318276808.594999 7411206925.594999 8262993210.027499 8547581884.027499 7570036408.594999 7465757594.594999 6053650452.162499 7076485595.594999 7705221465.594999 8604653406.0275 8276928725.027499 7008628232.594999 7245759988.594999 6141707463.162499 7638591199.594999 7197808751.594999 8512819536.027499 7524576959.027499 6678001018.594999 7419803265.594999 5886293387.162499 6932724275.594999 7236454444.594999 8309598880.027499 8016505281.027499 6777397031.594999 7122740535.594999 6214422994.162499 7601938668.594999 8722394738.0275 
8186187237.027499 9481075831.46 9180188832.46 8039733035.027499 8861097869.0275 7645640705.594999 9013146211.0275 1314436924.4325 0 1033119489.4325 2334685158.865 5815397240.162499 4703042295.73 5973526139.162499 8735334686.0275 9789788993.460001 9780386723.46 8693172537.0275 8736907765.0275 7301495427.594999 8740253995.0275 7507144563.027499 8534191534.459999 9640231780.46 8364463030.027499 8380516473.027499 6837538491.594999 7726611573.027499 8989301312.0275 10323239205.46 10035818906.46 8789632104.0275 8847563106.0275 7179182411.594999 8265065901.027499 7935800741.027499 9120639819.46 9439767389.46 8320093999.027499 8623387994.0275 6931149414.594999 8070465704.027499 8730001657.0275 9702116729.460001 9705289108.460001 8646905314.0275 8742859378.0275 7345466029.594999 8794059298.0275 8282336903.027499 9751267814.46 9527741637.46 8365951756.027499 8306244056.027499 6875689134.594999 8046697673.027499 7969577247.027499 9246139305.46 9099587435.46 8067626193.027499 8469197798.027499 6754621249.594999 7632713733.027499 8725643850.0275 9577430134.460001 9862018808.460001 8884473333.0275 8780194519.0275 7368087376.594999 8390922520.027499 9019658390.0275 9919090330.460001 9591365649.46 8323065157.027499 8560196913.027499 7456144387.594999 8953028124.0275 8512245676.027499 9827256460.46 8839013883.46 7992437943.027499 8734240190.0275 7200730311.594999 8247161200.027499 8550891369.027499 9624035804.46 9330942205.46 8091833956.027499 8437177460.027499 7528859918.594999 8916375593.0275 10036831662.46 
8537272974.027499 9832161568.46 9531274569.46 8390818772.027499 9212183606.0275 7996726442.594999 9364231948.0275 2347556413.865 1033119489.4325 0 1301565669.4325 6166482977.162499 5054128032.73 6324611876.162499 9086420423.0275 10140874730.460001 10131472460.46 9044258274.0275 9087993502.0275 7652581164.594999 9091339732.0275 7858230300.027499 8885277271.46 9991317517.46 8715548767.0275 8731602210.0275 7188624228.594999 8077697310.027499 9340387049.0275 10674324942.46 10386904643.46 9140717841.0275 9198648843.0275 7530268148.594999 8616151638.0275 8286886478.027499 9471725556.46 9790853126.46 8671179736.0275 8974473731.0275 7282235151.594999 8421551441.027499 9081087394.0275 10053202466.460001 10056374845.460001 8997991051.0275 9093945115.0275 7696551766.594999 9145145035.0275 8633422640.0275 10102353551.46 9878827374.46 8717037493.0275 8657329793.0275 7226774871.594999 8397783410.027499 8320662984.027499 9597225042.46 9450673172.46 8418711930.027499 8820283535.0275 7105706986.594999 7983799470.027499 9076729587.0275 9928515871.460001 10213104545.460001 9235559070.0275 9131280256.0275 7719173113.594999 8742008257.0275 9370744127.0275 10270176067.460001 9942451386.46 8674150894.0275 8911282650.0275 7807230124.594999 9304113861.0275 8863331413.0275 10178342197.46 9190099620.46 8343523680.027499 9085325927.0275 7551816048.594999 8598246937.0275 8901977106.0275 9975121541.460001 9682027942.46 8442919693.027499 8788263197.0275 7879945655.594999 9267461330.0275 10387917399.46 
7235707304.594999 8530595899.027499 8229708900.027499 7089253102.594999 7910617936.594999 6695160773.162499 8062666278.594999 3649122083.2974997 2334685158.865 1301565669.4325 0 4864917307.73 3752562363.2974997 5023046206.73 7784854753.594999 8839309061.0275 8829906791.0275 7742692604.594999 7786427832.594999 6351015495.162499 7789774062.594999 6556664630.594999 7583711602.027499 8689751848.0275 7413983097.594999 7430036540.594999 5887058559.162499 6776131640.594999 8038821379.594999 9372759273.0275 9085338974.0275 7839152171.594999 7897083173.594999 6228702479.162499 7314585968.594999 6985320808.594999 8170159887.027499 8489287457.027499 7369614066.594999 7672908061.594999 5980669482.162499 7119985771.594999 7779521724.594999 8751636797.0275 8754809176.0275 7696425381.594999 7792379445.594999 6394986097.162499 7843579365.594999 7331856970.594999 8800787882.0275 8577261705.027499 7415471823.594999 7355764123.594999 5925209202.162499 7096217740.594999 7019097314.594999 8295659373.027499 8149107503.027499 7117146260.594999 7518717865.594999 5804141317.162499 6682233800.594999 7775163917.594999 8626950202.0275 8911538876.0275 7933993400.594999 7829714586.594999 6417607444.162499 7440442587.594999 8069178457.594999 8968610398.0275 8640885717.0275 7372585224.594999 7609716980.594999 6505664455.162499 8002548191.594999 7561765743.594999 8876776528.0275 7888533951.027499 7041958010.594999 7783760257.594999 6250250379.162499 7296681267.594999 7600411436.594999 8673555872.0275 8380462273.027499 7141354023.594999 7486697527.594999 6578379986.162499 7965895660.594999 9086351730.0275 
6862353722.594999 8157242317.027499 7856355318.027499 6715899520.594999 7537264354.594999 6321807191.162499 7689312696.594999 4500960315.73 5815397240.162499 6166482977.162499 4864917307.73 0 3379208781.2974997 4649692624.73 7411501171.594999 8465955479.027499 8456553209.027499 7369339022.594999 7413074250.594999 5977661913.162499 7416420480.594999 6183311048.594999 7210358020.027499 8316398266.027499 7040629515.594999 7056682958.594999 5513704977.162499 6402778058.594999 7665467797.594999 8999405691.0275 8711985392.0275 7465798589.594999 7523729591.594999 5855348897.162499 6941232386.594999 6611967226.594999 7796806305.027499 8115933875.027499 6996260484.594999 7299554479.594999 5607315900.162499 6746632189.594999 7406168142.594999 8378283215.027499 8381455594.027499 7323071799.594999 7419025863.594999 6021632515.162499 7470225783.594999 6958503388.594999 8427434300.027499 8203908123.027499 7042118241.594999 6982410541.594999 5551855620.162499 6722864158.594999 6645743732.594999 7922305791.027499 7775753921.027499 6743792678.594999 7145364283.594999 5430787735.162499 6308880218.594999 7401810335.594999 8253596620.027499 8538185294.027499 7560639818.594999 7456361004.594999 6044253862.162499 7067089005.594999 7695824875.594999 8595256816.0275 8267532135.027499 6999231642.594999 7236363398.594999 6132310873.162499 7629194609.594999 7188412161.594999 8503422946.027499 7515180369.027499 6668604428.594999 7410406675.594999 5876896797.162499 6923327685.594999 7227057854.594999 8300202290.027499 8007108691.027499 6768000441.594999 7113343945.594999 6205026404.162499 7592542078.594999 8712998148.0275 
5749998778.162499 7044887372.594999 6744000373.594999 5603544576.162499 6424909410.162499 5209452246.73 6576957752.162499 3388605371.2974997 4703042295.73 5054128032.73 3752562363.2974997 3379208781.2974997 0 1270483843.4325 6299146227.162499 7353600534.594999 7344198264.594999 6256984078.162499 6300719306.162499 4865306968.73 6304065536.162499 5070956104.162499 6098003075.594999 7204043321.594999 5928274571.162499 5944328014.162499 4401350032.73 5290423114.162499 6553112853.162499 7887050746.594999 7599630447.594999 6353443645.162499 6411374647.162499 4742993952.73 5828877442.162499 5499612282.162499 6684451360.594999 7003578930.594999 5883905540.162499 6187199535.162499 4494960955.73 5634277245.162499 6293813198.162499 7265928270.594999 7269100649.594999 6210716855.162499 6306670919.162499 4909277570.73 6357870839.162499 5846148444.162499 7315079355.594999 7091553178.594999 5929763297.162499 5870055597.162499 4439500675.73 5610509214.162499 5533388788.162499 6809950846.594999 6663398976.594999 5631437734.162499 6033009339.162499 4318432790.73 5196525274.162499 6289455391.162499 7141241675.594999 7425830349.594999 6448284874.162499 6344006060.162499 4931898917.73 5954734061.162499 6583469931.162499 7482901871.594999 7155177190.594999 5886876698.162499 6124008454.162499 5019955928.73 6516839665.162499 6076057217.162499 7391068001.594999 6402825424.594999 5556249484.162499 6298051731.162499 4764541852.73 5810972741.162499 6114702910.162499 7187847345.594999 6894753746.594999 5655645497.162499 6000989001.162499 5092671459.73 6480187134.162499 7600643203.594999 
7020482621.594999 8315371216.027499 8014484217.027499 6874028419.594999 7695393253.594999 6479936090.162499 7847441595.594999 4659089214.73 5973526139.162499 6324611876.162499 5023046206.73 4649692624.73 1270483843.4325 0 7569630070.594999 8624084378.0275 8614682108.0275 7527467921.594999 7571203149.594999 6135790812.162499 7574549379.594999 6341439947.594999 7368486919.027499 8474527165.027499 7198758414.594999 7214811857.594999 5671833876.162499 6560906957.594999 7823596696.594999 9157534590.0275 8870114291.0275 7623927488.594999 7681858490.594999 6013477796.162499 7099361285.594999 6770096125.594999 7954935204.027499 8274062774.027499 7154389383.594999 7457683378.594999 5765444799.162499 6904761088.594999 7564297041.594999 8536412114.027499 8539584493.027499 7481200698.594999 7577154762.594999 6179761414.162499 7628354682.594999 7116632287.594999 8585563199.027499 8362037022.027499 7200247140.594999 7140539440.594999 5709984519.162499 6880993057.594999 6803872631.594999 8080434690.027499 7933882820.027499 6901921577.594999 7303493182.594999 5588916634.162499 6467009117.594999 7559939234.594999 8411725519.027499 8696314193.0275 7718768717.594999 7614489903.594999 6202382761.162499 7225217904.594999 7853953774.594999 8753385715.0275 8425661034.027499 7157360541.594999 7394492297.594999 6290439772.162499 7787323508.594999 7346541060.594999 8661551845.0275 7673309268.027499 6826733327.594999 7568535574.594999 6035025696.162499 7081456584.594999 7385186753.594999 8458331189.027499 8165237590.027499 6926129340.594999 7271472844.594999 6363155303.162499 7750670977.594999 8871127047.0275 
7230215513.594999 8525104108.027499 8224217109.027499 7083761311.594999 7905126145.594999 6689668982.162499 8057174487.594999 7420897761.594999 8735334686.0275 9086420423.0275 7784854753.594999 7411501171.594999 6299146227.162499 7569630070.594999 0 1054454307.4325 2274911133.865 3362125320.2974997 5086075324.73 3650662987.2974997 5089421554.73 6551172839.594999 7578219811.027499 8684260057.0275 7408491306.594999 7424544749.594999 5881566768.162499 6770639849.594999 8033329588.594999 9367267482.0275 9079847183.0275 7833660380.594999 7891591382.594999 6223210688.162499 7309094177.594999 6979829017.594999 8164668096.027499 8483795666.027499 7364122275.594999 7667416270.594999 5975177691.162499 7114493980.594999 7774029933.594999 8746145006.0275 8749317385.0275 7690933590.594999 7786887654.594999 6389494306.162499 7838087574.594999 7326365179.594999 8795296091.0275 8571769914.027499 7409980032.594999 7350272332.594999 5919717411.162499 7090725949.594999 7013605523.594999 8290167582.027499 8143615712.027499 7111654469.594999 7513226074.594999 5798649526.162499 6676742009.594999 7769672126.594999 8621458411.0275 8906047085.0275 7928501609.594999 7824222795.594999 6412115653.162499 7434950796.594999 8063686666.594999 8963118607.0275 8635393926.0275 7367093433.594999 7604225189.594999 6500172664.162499 7997056400.594999 7556273952.594999 8871284737.0275 7883042160.027499 7036466219.594999 7778268466.594999 6244758588.162499 7291189476.594999 7594919645.594999 8668064081.0275 8374970482.027499 7135862232.594999 7481205736.594999 6572888195.162499 7960403869.594999 9080859939.0275 
8284669821.027499 9579558415.46 9278671416.46 8138215619.027499 8959580453.0275 7744123289.594999 9111628795.0275 8475352069.027499 9789788993.46 10140874730.46 8839309061.0275 8465955479.027499 7353600534.594999 8624084378.0275 1054454307.4325 0 1220456826.4325 2307671012.865 6140529632.162499 4705117294.73 6143875862.162499 7605627147.027499 8632674118.46 9738714364.46 8462945614.027499 8478999057.027499 6936021075.594999 7825094157.027499 9087783896.0275 10421721789.46 10134301490.46 8888114688.0275 8946045690.0275 7277664995.594999 8363548485.027499 8034283325.027499 9219122403.46 9538249973.46 8418576583.027499 8721870578.0275 7029631998.594999 8168948288.027499 8828484241.0275 9800599313.460001 9803771692.460001 8745387898.0275 8841341962.0275 7443948613.594999 8892541882.0275 8380819487.027499 9849750398.46 9626224221.46 8464434340.027499 8404726640.027499 6974171718.594999 8145180257.027499 8068059831.027499 9344621889.46 9198070019.46 8166108777.027499 8567680382.027499 6853103833.594999 7731196317.027499 8824126434.0275 9675912718.460001 9960501392.460001 8982955917.0275 8878677103.0275 7466569960.594999 8489405104.027499 9118140974.0275 10017572914.460001 9689848233.46 8421547741.027499 8658679497.0275 7554626971.594999 9051510708.0275 8610728260.0275 9925739044.46 8937496467.46 8090920527.027499 8832722774.0275 7299212895.594999 8345643784.027499 8649373953.0275 9722518388.460001 9429424789.46 8190316540.027499 8535660044.027499 7627342502.594999 9014858177.0275 10135314246.46 
8275267551.027499 9570156145.46 9269269146.46 8128813349.027499 8950178183.0275 7734721019.594999 9102226525.0275 8465949799.027499 9780386723.46 10131472460.46 8829906791.0275 8456553209.027499 7344198264.594999 8614682108.0275 2274911133.865 1220456826.4325 0 1087214186.4325 6131127362.162499 4695715024.73 6134473592.162499 7596224877.027499 8623271848.46 9729312094.46 8453543344.027499 8469596787.027499 6926618805.594999 7815691887.027499 9078381626.0275 10412319519.46 10124899220.46 8878712418.0275 8936643420.0275 7268262725.594999 8354146215.027499 8024881055.027499 9209720133.46 9528847703.46 8409174313.027499 8712468308.0275 7020229728.594999 8159546018.027499 8819081971.0275 9791197043.460001 9794369422.460001 8735985628.0275 8831939692.0275 7434546343.594999 8883139612.0275 8371417217.027499 9840348128.46 9616821951.46 8455032070.027499 8395324370.027499 6964769448.594999 8135777987.027499 8058657561.027499 9335219619.46 9188667749.46 8156706507.027499 8558278112.027499 6843701563.594999 7721794047.027499 8814724164.0275 9666510448.460001 9951099122.460001 8973553647.0275 8869274833.0275 7457167690.594999 8480002834.027499 9108738704.0275 10008170644.460001 9680445963.46 8412145471.027499 8649277227.0275 7545224701.594999 9042108438.0275 8601325990.0275 9916336774.46 8928094197.46 8081518257.027499 8823320504.0275 7289810625.594999 8336241514.027499 8639971683.0275 9713116118.460001 9420022519.46 8180914270.027499 8526257774.027499 7617940232.594999 9005455907.0275 10125911976.46 
7188053364.594999 8482941959.027499 8182054960.027499 7041599162.594999 7862963996.594999 6647506833.162499 8015012338.594999 7378735612.594999 8693172537.0275 9044258274.0275 7742692604.594999 7369339022.594999 6256984078.162499 7527467921.594999 3362125320.2974997 2307671012.865 1087214186.4325 0 5043913175.73 3608500838.2974997 5047259405.73 6509010690.594999 7536057662.027499 8642097908.0275 7366329157.594999 7382382600.594999 5839404619.162499 6728477700.594999 7991167439.594999 9325105333.0275 9037685034.0275 7791498231.594999 7849429233.594999 6181048539.162499 7266932028.594999 6937666868.594999 8122505947.027499 8441633517.027499 7321960126.594999 7625254121.594999 5933015542.162499 7072331831.594999 7731867784.594999 8703982857.0275 8707155236.0275 7648771441.594999 7744725505.594999 6347332157.162499 7795925425.594999 7284203030.594999 8753133942.0275 8529607765.027499 7367817883.594999 7308110183.594999 5877555262.162499 7048563800.594999 6971443374.594999 8248005433.027499 8101453563.027499 7069492320.594999 7471063925.594999 5756487377.162499 6634579860.594999 7727509977.594999 8579296262.027499 8863884936.0275 7886339460.594999 7782060646.594999 6369953504.162499 7392788647.594999 8021524517.594999 8920956458.0275 8593231777.0275 7324931284.594999 7562063040.594999 6458010515.162499 7954894251.594999 7514111803.594999 8829122588.0275 7840880011.027499 6994304070.594999 7736106317.594999 6202596439.162499 7249027327.594999 7552757496.594999 8625901932.0275 8332808333.027499 7093700083.594999 7439043587.594999 6530726046.162499 7918241720.594999 9038697790.0275 
7231788592.594999 8526677187.027499 8225790188.027499 7085334390.594999 7906699224.594999 6691242061.162499 8058747566.594999 7422470840.594999 8736907765.0275 9087993502.0275 7786427832.594999 7413074250.594999 6300719306.162499 7571203149.594999 5086075324.73 6140529632.162499 6131127362.162499 5043913175.73 0 3652236066.2974997 5090994633.73 6552745918.594999 7579792890.027499 8685833136.0275 7410064385.594999 7426117828.594999 5883139847.162499 6772212928.594999 8034902667.594999 9368840561.0275 9081420262.0275 7835233459.594999 7893164461.594999 6224783767.162499 7310667256.594999 6981402096.594999 8166241175.027499 8485368745.027499 7365695354.594999 7668989349.594999 5976750770.162499 7116067059.594999 7775603012.594999 8747718085.0275 8750890464.0275 7692506669.594999 7788460733.594999 6391067385.162499 7839660653.594999 7327938258.594999 8796869170.0275 8573342993.027499 7411553111.594999 7351845411.594999 5921290490.162499 7092299028.594999 7015178602.594999 8291740661.027499 8145188791.027499 7113227548.594999 7514799153.594999 5800222605.162499 6678315088.594999 7771245205.594999 8623031490.0275 8907620164.0275 7930074688.594999 7825795874.594999 6413688732.162499 7436523875.594999 8065259745.594999 8964691686.0275 8636967005.0275 7368666512.594999 7605798268.594999 6501745743.162499 7998629479.594999 7557847031.594999 8872857816.0275 7884615239.027499 7038039298.594999 7779841545.594999 6246331667.162499 7292762555.594999 7596492724.594999 8669637160.0275 8376543561.027499 7137435311.594999 7482778815.594999 6574461274.162499 7961976948.594999 9082433018.0275 
5796376255.162499 7091264849.594999 6790377850.594999 5649922053.162499 6471286887.162499 5255829723.73 6623335229.162499 5987058503.162499 7301495427.594999 7652581164.594999 6351015495.162499 5977661913.162499 4865306968.73 6135790812.162499 3650662987.2974997 4705117294.73 4695715024.73 3608500838.2974997 3652236066.2974997 0 1438758567.4325 5117333581.162499 6144380552.594999 7250420798.594999 5974652048.162499 5990705491.162499 4447727509.73 5336800591.162499 6599490330.162499 7933428223.594999 7646007924.594999 6399821122.162499 6457752124.162499 4789371429.73 5875254919.162499 5545989759.162499 6730828837.594999 7049956407.594999 5930283017.162499 6233577012.162499 4541338432.73 5680654722.162499 6340190675.162499 7312305747.594999 7315478126.594999 6257094332.162499 6353048396.162499 4955655047.73 6404248316.162499 5892525921.162499 7361456832.594999 7137930655.594999 5976140774.162499 5916433074.162499 4485878152.73 5656886691.162499 5579766265.162499 6856328323.594999 6709776453.594999 5677815211.162499 6079386816.162499 4364810267.73 5242902751.162499 6335832868.162499 7187619152.594999 7472207826.594999 6494662351.162499 6390383537.162499 4978276394.73 6001111538.162499 6629847408.162499 7529279348.594999 7201554667.594999 5933254175.162499 6170385931.162499 5066333405.73 6563217142.162499 6122434694.162499 7437445478.594999 6449202901.594999 5602626961.162499 6344429208.162499 4810919329.73 5857350218.162499 6161080387.162499 7234224822.594999 6941131223.594999 5702022974.162499 6047366478.162499 5139048936.73 6526564611.162499 7647020680.594999 
7235134822.594999 8530023417.027499 8229136418.027499 7088680620.594999 7910045454.594999 6694588291.162499 8062093796.594999 7425817070.594999 8740253995.0275 9091339732.0275 7789774062.594999 7416420480.594999 6304065536.162499 7574549379.594999 5089421554.73 6143875862.162499 6134473592.162499 5047259405.73 5090994633.73 1438758567.4325 0 6556092148.594999 7583139120.027499 8689179366.0275 7413410615.594999 7429464058.594999 5886486077.162499 6775559158.594999 8038248897.594999 9372186791.0275 9084766492.0275 7838579689.594999 7896510691.594999 6228129997.162499 7314013486.594999 6984748326.594999 8169587405.027499 8488714975.027499 7369041584.594999 7672335579.594999 5980097000.162499 7119413289.594999 7778949242.594999 8751064315.0275 8754236694.0275 7695852899.594999 7791806963.594999 6394413615.162499 7843006883.594999 7331284488.594999 8800215400.0275 8576689223.027499 7414899341.594999 7355191641.594999 5924636720.162499 7095645258.594999 7018524832.594999 8295086891.027499 8148535021.027499 7116573778.594999 7518145383.594999 5803568835.162499 6681661318.594999 7774591435.594999 8626377720.0275 8910966394.0275 7933420918.594999 7829142104.594999 6417034962.162499 7439870105.594999 8068605975.594999 8968037916.0275 8640313235.0275 7372012742.594999 7609144498.594999 6505091973.162499 8001975709.594999 7561193261.594999 8876204046.0275 7887961469.027499 7041385528.594999 7783187775.594999 6249677897.162499 7296108785.594999 7599838954.594999 8672983390.0275 8379889791.027499 7140781541.594999 7486125045.594999 6577807504.162499 7965323178.594999 9085779248.0275 
6002025390.595 7296913985.0275 6996026986.0275 5855571188.595 6676936022.595 5461478859.1625 6828984364.595 6192707638.595 7507144563.0275 7858230300.0275 6556664630.595 6183311048.595 5070956104.1625 6341439947.595 6551172839.595 7605627147.0275 7596224877.0275 6509010690.595 6552745918.595 5117333581.1625 6556092148.595 0 1027046971.4325 2254544804.865 3530313555.2974997 4448334391.73 2905356410.2974997 3794429491.7299995 6805139465.595 8139077359.0275 7851657060.0275 6605470257.595 6663401259.595 4995020565.1625 6080904054.595 5751638894.595 6936477973.0275 7255605543.0275 6135932152.595 6439226147.595 4746987568.1625 5886303857.595 6545839810.595 7517954883.0275 7521127262.0275 6462743467.595 6558697531.595 5161304183.1625 6609897451.595 6098175056.595 7567105968.0275 7343579791.0275 6181789909.595 6122082209.595 4691527288.1625 5862535826.595 5785415400.595 7061977459.0275 6915425589.0275 5883464346.595 6285035951.595 4570459403.1625 5448551886.595 6541482003.595 7393268288.0275 7677856962.0275 6700311486.595 6596032672.595 5183925530.1625 6206760673.595 6835496543.595 7734928484.0275 7407203803.0275 6138903310.595 6376035066.595 5271982541.1625 6768866277.595 6328083829.595 7643094614.0275 6654852037.0275 5808276096.595 6550078343.595 5016568465.1625 6062999353.595 6366729522.595 7439873958.0275 7146780359.0275 5907672109.595 6253015613.595 5344698072.1625 6732213746.595 7852669816.0275 
7029072362.0275 8323960956.46 8023073957.46 6882618160.0275 7703982994.0275 6488525830.595 7856031336.0275 7219754610.0275 8534191534.46 8885277271.46 7583711602.0275 7210358020.0275 6098003075.595 7368486919.0275 7578219811.0275 8632674118.460001 8623271848.46 7536057662.0275 7579792890.0275 6144380552.595 7583139120.0275 1027046971.4325 0 1227497833.4325 2503266583.865 5475381363.1625 3932403381.73 4821476463.1625 7832186437.0275 9166124330.46 8878704031.46 7632517229.0275 7690448231.0275 6022067536.595 7107951026.0275 6778685866.0275 7963524944.46 8282652514.46 7162979124.0275 7466273119.0275 5774034539.595 6913350829.0275 7572886782.0275 8545001854.46 8548174233.46 7489790439.0275 7585744503.0275 6188351154.595 7636944423.0275 7125222028.0275 8594152939.46 8370626762.46 7208836881.0275 7149129181.0275 5718574259.595 6889582798.0275 6812462372.0275 8089024430.46 7942472560.46 6910511318.0275 7312082923.0275 5597506374.595 6475598858.0275 7568528975.0275 8420315259.46 8704903933.460001 7727358458.0275 7623079644.0275 6210972501.595 7233807645.0275 7862543515.0275 8761975455.460001 8434250774.46 7165950282.0275 7403082038.0275 6299029512.595 7795913249.0275 7355130801.0275 8670141585.46 7681899008.46 6835323068.0275 7577125315.0275 6043615436.595 7090046325.0275 7393776494.0275 8466920929.46 8173827330.46 6934719081.0275 7280062585.0275 6371745043.595 7759260718.0275 8879716787.46 
8135112608.027499 9430001202.46 9129114203.46 7988658406.027499 8810023240.0275 7594566076.594999 8962071582.0275 8325794856.027499 9640231780.46 9991317517.46 8689751848.0275 8316398266.027499 7204043321.594999 8474527165.027499 8684260057.0275 9738714364.460001 9729312094.46 8642097908.0275 8685833136.0275 7250420798.594999 8689179366.0275 2254544804.865 1227497833.4325 0 1275768750.4325 6581421609.162499 5038443627.73 5927516709.162499 8938226683.0275 10272164576.46 9984744277.46 8738557475.0275 8796488477.0275 7128107782.594999 8213991272.027499 7884726112.027499 9069565190.46 9388692760.46 8269019370.027499 8572313365.027499 6880074785.594999 8019391075.027499 8678927028.0275 9651042100.460001 9654214479.460001 8595830685.0275 8691784749.0275 7294391400.594999 8742984669.0275 8231262274.027499 9700193185.46 9476667008.46 8314877127.027499 8255169427.027499 6824614505.594999 7995623044.027499 7918502618.027499 9195064676.46 9048512806.46 8016551564.027499 8418123169.027499 6703546620.594999 7581639104.027499 8674569221.0275 9526355505.460001 9810944179.460001 8833398704.0275 8729119890.0275 7317012747.594999 8339847891.027499 8968583761.0275 9868015701.460001 9540291020.46 8271990528.027499 8509122284.027499 7405069758.594999 8901953495.0275 8461171047.027499 9776181831.46 8787939254.46 7941363314.027499 8683165561.0275 7149655682.594999 8196086571.027499 8499816740.027499 9572961175.46 9279867576.46 8040759327.027499 8386102831.027499 7477785289.594999 8865300964.0275 9985757033.46 
6859343857.594999 8154232452.027499 7853345453.027499 6712889655.594999 7534254489.594999 6318797326.162499 7686302831.594999 7050026105.594999 8364463030.027499 8715548767.0275 7413983097.594999 7040629515.594999 5928274571.162499 7198758414.594999 7408491306.594999 8462945614.027499 8453543344.027499 7366329157.594999 7410064385.594999 5974652048.162499 7413410615.594999 3530313555.2974997 2503266583.865 1275768750.4325 0 5305652858.73 3762674877.2974997 4651747958.73 7662457932.594999 8996395826.0275 8708975527.0275 7462788724.594999 7520719726.594999 5852339032.162499 6938222521.594999 6608957361.594999 7793796440.027499 8112924010.027499 6993250619.594999 7296544614.594999 5604306035.162499 6743622324.594999 7403158277.594999 8375273350.027499 8378445729.027499 7320061934.594999 7416015998.594999 6018622650.162499 7467215918.594999 6955493523.594999 8424424435.027499 8200898258.027499 7039108376.594999 6979400676.594999 5548845755.162499 6719854293.594999 6642733867.594999 7919295926.027499 7772744056.027499 6740782813.594999 7142354418.594999 5427777870.162499 6305870353.594999 7398800470.594999 8250586755.027499 8535175429.027499 7557629953.594999 7453351139.594999 6041243997.162499 7064079140.594999 7692815010.594999 8592246951.0275 8264522270.027499 6996221777.594999 7233353533.594999 6129301008.162499 7626184744.594999 7185402296.594999 8500413081.027499 7512170504.027499 6665594563.594999 7407396810.594999 5873886932.162499 6920317820.594999 7224047989.594999 8297192425.027499 8004098826.027499 6764990576.594999 7110334080.594999 6202016539.162499 7589532213.594999 8709988283.0275 
