26
Russell Carol Adrian Anthony Amanda Gary Brian Lisa Jade Paula David Dylan Ruth April Vicki Jennifer Megan Javier Michael Ryan Alexander Jordan Kelly Rachel Jon Leah
0 407.0 293.0 428.0 200.0 455.0 207.0 442.0 438.0 407.0 372.0 478.0 274.0 240.0 243.0 462.0 379.0 321.0 307.0 446.0 264.0 355.0 205.0 301.0 428.0 200.0 
407.0 0 442.0 287.0 481.0 459.0 481.0 237.0 511.0 426.0 220.0 421.0 211.0 491.0 371.0 210.0 350.0 229.0 390.0 425.0 296.0 428.0 466.0 507.0 515.0 488.0 
293.0 442.0 0 226.0 353.0 490.0 296.0 248.0 522.0 355.0 251.0 441.0 231.0 524.0 474.0 471.0 505.0 345.0 489.0 431.0 445.0 279.0 373.0 335.0 529.0 285.0 
428.0 287.0 226.0 0 415.0 342.0 455.0 425.0 318.0 425.0 477.0 449.0 457.0 501.0 359.0 497.0 421.0 471.0 366.0 205.0 361.0 436.0 446.0 471.0 375.0 463.0 
200.0 481.0 353.0 415.0 0 255.0 407.0 394.0 440.0 299.0 528.0 480.0 270.0 440.0 248.0 271.0 505.0 486.0 361.0 266.0 439.0 451.0 309.0 486.0 454.0 400.0 
455.0 459.0 490.0 342.0 255.0 0 475.0 268.0 491.0 428.0 501.0 485.0 280.0 336.0 370.0 429.0 460.0 388.0 283.0 208.0 457.0 297.0 449.0 502.0 458.0 466.0 
207.0 481.0 296.0 455.0 407.0 475.0 0 490.0 538.0 477.0 496.0 444.0 290.0 447.0 248.0 456.0 476.0 517.0 477.0 483.0 398.0 523.0 412.0 508.0 233.0 407.0 
442.0 237.0 248.0 425.0 394.0 268.0 490.0 0 274.0 325.0 233.0 239.0 200.0 356.0 445.0 447.0 366.0 443.0 496.0 476.0 493.0 380.0 468.0 492.0 300.0 533.0 
438.0 511.0 522.0 318.0 440.0 491.0 538.0 274.0 0 322.0 507.0 326.0 439.0 513.0 449.0 393.0 511.0 470.0 495.0 338.0 477.0 263.0 233.0 304.0 442.0 564.0 
407.0 426.0 355.0 425.0 299.0 428.0 477.0 325.0 322.0 0 436.0 481.0 495.0 284.0 229.0 346.0 219.0 226.0 212.0 220.0 302.0 373.0 202.0 464.0 373.0 262.0 
372.0 220.0 251.0 477.0 528.0 501.0 496.0 233.0 507.0 436.0 0 472.0 321.0 496.0 359.0 430.0 454.0 210.0 386.0 368.0 481.0 515.0 291.0 287.0 331.0 340.0 
478.0 421.0 441.0 449.0 480.0 485.0 444.0 239.0 326.0 481.0 472.0 0 210.0 530.0 490.0 490.0 483.0 505.0 345.0 483.0 343.0 203.0 279.0 385.0 483.0 588.0 
274.0 211.0 231.0 457.0 270.0 280.0 290.0 200.0 439.0 495.0 321.0 210.0 0 320.0 381.0 421.0 276.0 318.0 505.0 488.0 507.0 233.0 478.0 529.0 381.0 474.0 
240.0 491.0 524.0 501.0 440.0 336.0 447.0 356.0 513.0 284.0 496.0 530.0 320.0 0 324.0 518.0 490.0 510.0 461.0 504.0 487.0 511.0 445.0 209.0 568.0 440.0 
243.0 371.0 474.0 359.0 248.0 370.0 248.0 445.0 449.0 229.0 359.0 490.0 381.0 324.0 0 466.0 448.0 269.0 441.0 343.0 392.0 411.0 431.0 523.0 244.0 325.0 
462.0 210.0 471.0 497.0 271.0 429.0 456.0 447.0 393.0 346.0 430.0 490.0 421.0 518.0 466.0 0 338.0 439.0 431.0 536.0 506.0 548.0 488.0 309.0 479.0 278.0 
379.0 350.0 505.0 421.0 505.0 460.0 476.0 366.0 511.0 219.0 454.0 483.0 276.0 490.0 448.0 338.0 0 341.0 431.0 424.0 333.0 346.0 421.0 285.0 362.0 481.0 
321.0 229.0 345.0 471.0 486.0 388.0 517.0 443.0 470.0 226.0 210.0 505.0 318.0 510.0 269.0 439.0 341.0 0 338.0 328.0 441.0 507.0 237.0 497.0 495.0 488.0 
307.0 390.0 489.0 366.0 361.0 283.0 477.0 496.0 495.0 212.0 386.0 345.0 505.0 461.0 441.0 431.0 431.0 338.0 0 355.0 385.0 322.0 331.0 252.0 313.0 243.0 
446.0 425.0 431.0 205.0 266.0 208.0 483.0 476.0 338.0 220.0 368.0 483.0 488.0 504.0 343.0 536.0 424.0 328.0 355.0 0 357.0 280.0 241.0 571.0 250.0 258.0 
264.0 296.0 445.0 361.0 439.0 457.0 398.0 493.0 477.0 302.0 481.0 343.0 507.0 487.0 392.0 506.0 333.0 441.0 385.0 357.0 0 350.0 469.0 495.0 362.0 464.0 
355.0 428.0 279.0 436.0 451.0 297.0 523.0 380.0 263.0 373.0 515.0 203.0 233.0 511.0 411.0 548.0 346.0 507.0 322.0 280.0 350.0 0 372.0 450.0 473.0 538.0 
205.0 466.0 373.0 446.0 309.0 449.0 412.0 468.0 233.0 202.0 291.0 279.0 478.0 445.0 431.0 488.0 421.0 237.0 331.0 241.0 469.0 372.0 0 378.0 365.0 331.0 
301.0 507.0 335.0 471.0 486.0 502.0 508.0 492.0 304.0 464.0 287.0 385.0 529.0 209.0 523.0 309.0 285.0 497.0 252.0 571.0 495.0 450.0 378.0 0 499.0 347.0 
428.0 515.0 529.0 375.0 454.0 458.0 233.0 300.0 442.0 373.0 331.0 483.0 381.0 568.0 244.0 479.0 362.0 495.0 313.0 250.0 362.0 473.0 365.0 499.0 0 389.0 
200.0 488.0 285.0 463.0 400.0 466.0 407.0 533.0 564.0 262.0 340.0 588.0 474.0 440.0 325.0 278.0 481.0 488.0 243.0 258.0 464.0 538.0 331.0 347.0 389.0 0 
