51
Victoria John Debra Hannah Elaine Mariah Eugene Patrick Joshua Natasha Walter Sara Gina Paul Daniel Melissa Kari Edward Jamie Paige Robert Donald Janet Glenda Amy Steven Maxwell Dennis Danielle Scott Michael Elizabeth Sean Juan Rhonda Ralph Garrett Monique Alex Jonathan April Jennifer Cassandra Kyle Ashley Jordan Melinda Rachel Robin Jeanette Austin
0 865.0 1024.0 810.0 847.0 461.0 592.0 824.0 555.0 606.0 872.0 449.0 659.0 693.0 924.0 1028.0 883.0 624.0 808.0 662.0 506.0 822.0 897.0 979.0 903.0 753.0 904.0 892.0 578.0 903.0 914.0 737.0 941.0 881.0 534.0 459.0 582.0 934.0 882.0 934.0 580.0 830.0 630.0 970.0 773.0 895.0 436.0 659.0 647.0 925.0 400.0 
865.0 0 413.0 448.0 669.0 620.0 900.0 879.0 841.0 897.0 667.0 430.0 851.0 477.0 824.0 907.0 847.0 640.0 928.0 868.0 667.0 703.0 878.0 734.0 916.0 621.0 867.0 717.0 512.0 830.0 428.0 741.0 853.0 876.0 785.0 558.0 871.0 454.0 924.0 773.0 832.0 407.0 843.0 731.0 656.0 884.0 970.0 750.0 717.0 811.0 839.0 
1024.0 413.0 0 415.0 836.0 712.0 575.0 846.0 944.0 671.0 511.0 580.0 946.0 832.0 411.0 926.0 434.0 793.0 902.0 975.0 882.0 430.0 511.0 897.0 840.0 750.0 834.0 857.0 925.0 417.0 674.0 527.0 694.0 729.0 865.0 858.0 598.0 867.0 616.0 792.0 478.0 820.0 738.0 589.0 784.0 471.0 899.0 594.0 698.0 945.0 852.0 
810.0 448.0 415.0 0 421.0 846.0 795.0 431.0 876.0 712.0 860.0 829.0 854.0 904.0 669.0 527.0 849.0 912.0 556.0 854.0 917.0 604.0 824.0 916.0 597.0 857.0 419.0 442.0 518.0 807.0 485.0 424.0 405.0 912.0 505.0 875.0 882.0 852.0 916.0 672.0 853.0 470.0 603.0 677.0 606.0 874.0 891.0 492.0 920.0 716.0 590.0 
847.0 669.0 836.0 421.0 0 425.0 413.0 852.0 864.0 1009.0 752.0 684.0 854.0 894.0 984.0 674.0 979.0 842.0 445.0 484.0 700.0 639.0 1086.0 1026.0 573.0 958.0 738.0 707.0 939.0 700.0 456.0 701.0 826.0 692.0 751.0 689.0 915.0 550.0 797.0 1020.0 908.0 891.0 853.0 409.0 537.0 675.0 767.0 851.0 575.0 764.0 853.0 
461.0 620.0 712.0 846.0 425.0 0 427.0 831.0 563.0 675.0 616.0 531.0 913.0 831.0 626.0 774.0 965.0 620.0 678.0 846.0 577.0 890.0 883.0 872.0 736.0 763.0 880.0 448.0 773.0 973.0 881.0 442.0 771.0 988.0 772.0 703.0 490.0 768.0 831.0 760.0 715.0 833.0 604.0 834.0 438.0 527.0 602.0 701.0 705.0 954.0 705.0 
592.0 900.0 575.0 795.0 413.0 427.0 0 870.0 869.0 948.0 542.0 635.0 966.0 899.0 886.0 436.0 841.0 751.0 858.0 897.0 717.0 773.0 917.0 751.0 818.0 607.0 984.0 546.0 863.0 833.0 550.0 869.0 632.0 909.0 819.0 417.0 855.0 724.0 404.0 933.0 849.0 835.0 440.0 822.0 865.0 529.0 577.0 599.0 898.0 927.0 837.0 
824.0 879.0 846.0 431.0 852.0 831.0 870.0 0 888.0 888.0 786.0 674.0 718.0 642.0 450.0 924.0 811.0 973.0 558.0 825.0 854.0 420.0 553.0 869.0 744.0 736.0 850.0 873.0 455.0 837.0 719.0 743.0 836.0 484.0 654.0 517.0 873.0 989.0 724.0 735.0 520.0 820.0 890.0 798.0 416.0 443.0 529.0 859.0 861.0 987.0 424.0 
555.0 841.0 944.0 876.0 864.0 563.0 869.0 888.0 0 457.0 824.0 721.0 866.0 759.0 658.0 904.0 596.0 832.0 419.0 845.0 941.0 833.0 904.0 794.0 909.0 418.0 827.0 833.0 741.0 782.0 443.0 916.0 488.0 568.0 930.0 703.0 867.0 955.0 784.0 538.0 937.0 456.0 698.0 477.0 831.0 791.0 928.0 579.0 706.0 860.0 827.0 
606.0 897.0 671.0 712.0 1009.0 675.0 948.0 888.0 457.0 0 941.0 467.0 854.0 867.0 796.0 990.0 474.0 998.0 633.0 922.0 643.0 924.0 915.0 764.0 776.0 875.0 703.0 568.0 894.0 923.0 582.0 925.0 432.0 600.0 905.0 754.0 555.0 747.0 1046.0 696.0 738.0 913.0 986.0 639.0 472.0 584.0 998.0 975.0 946.0 756.0 766.0 
872.0 667.0 511.0 860.0 752.0 616.0 542.0 786.0 824.0 941.0 0 474.0 710.0 863.0 441.0 861.0 906.0 636.0 916.0 586.0 898.0 733.0 796.0 944.0 648.0 831.0 712.0 418.0 916.0 479.0 744.0 707.0 888.0 716.0 743.0 528.0 542.0 828.0 581.0 630.0 876.0 405.0 841.0 434.0 958.0 905.0 663.0 758.0 852.0 809.0 573.0 
449.0 430.0 580.0 829.0 684.0 531.0 635.0 674.0 721.0 467.0 474.0 0 915.0 841.0 475.0 734.0 924.0 853.0 498.0 836.0 715.0 825.0 448.0 869.0 912.0 673.0 973.0 550.0 850.0 680.0 777.0 458.0 899.0 569.0 850.0 504.0 899.0 665.0 869.0 900.0 402.0 836.0 555.0 798.0 519.0 904.0 823.0 858.0 886.0 869.0 409.0 
659.0 851.0 946.0 854.0 854.0 913.0 966.0 718.0 866.0 854.0 710.0 915.0 0 489.0 788.0 902.0 940.0 528.0 856.0 558.0 467.0 695.0 652.0 956.0 872.0 519.0 435.0 934.0 925.0 904.0 423.0 1078.0 669.0 888.0 987.0 549.0 626.0 895.0 590.0 547.0 771.0 907.0 635.0 652.0 593.0 878.0 932.0 921.0 972.0 520.0 912.0 
693.0 477.0 832.0 904.0 894.0 831.0 899.0 642.0 759.0 867.0 863.0 841.0 489.0 0 731.0 668.0 847.0 907.0 944.0 835.0 564.0 872.0 872.0 845.0 631.0 864.0 562.0 813.0 845.0 415.0 898.0 589.0 499.0 577.0 903.0 879.0 966.0 931.0 936.0 873.0 469.0 830.0 855.0 852.0 849.0 597.0 737.0 646.0 898.0 936.0 937.0 
924.0 824.0 411.0 669.0 984.0 626.0 886.0 450.0 658.0 796.0 441.0 475.0 788.0 731.0 0 515.0 828.0 582.0 895.0 637.0 867.0 841.0 521.0 881.0 785.0 767.0 838.0 672.0 738.0 828.0 533.0 913.0 447.0 832.0 709.0 943.0 565.0 626.0 892.0 425.0 464.0 550.0 446.0 875.0 825.0 882.0 676.0 870.0 411.0 931.0 600.0 
1028.0 907.0 926.0 527.0 674.0 774.0 436.0 924.0 904.0 990.0 861.0 734.0 902.0 668.0 515.0 0 523.0 429.0 680.0 584.0 891.0 799.0 693.0 511.0 929.0 971.0 912.0 969.0 987.0 864.0 479.0 506.0 932.0 904.0 954.0 853.0 972.0 959.0 677.0 497.0 516.0 514.0 876.0 427.0 518.0 572.0 920.0 869.0 926.0 697.0 684.0 
883.0 847.0 434.0 849.0 979.0 965.0 841.0 811.0 596.0 474.0 906.0 924.0 940.0 847.0 828.0 523.0 0 524.0 1012.0 554.0 864.0 864.0 833.0 933.0 406.0 473.0 505.0 846.0 664.0 847.0 855.0 909.0 786.0 869.0 431.0 424.0 1029.0 436.0 820.0 487.0 826.0 741.0 924.0 592.0 582.0 900.0 935.0 862.0 652.0 754.0 909.0 
624.0 640.0 793.0 912.0 842.0 620.0 751.0 973.0 832.0 998.0 636.0 853.0 528.0 907.0 582.0 429.0 524.0 0 530.0 582.0 612.0 553.0 571.0 649.0 901.0 598.0 687.0 865.0 558.0 1018.0 427.0 908.0 814.0 490.0 545.0 882.0 543.0 559.0 552.0 637.0 836.0 845.0 618.0 758.0 910.0 575.0 491.0 837.0 567.0 936.0 567.0 
808.0 928.0 902.0 556.0 445.0 678.0 858.0 558.0 419.0 633.0 916.0 498.0 856.0 944.0 895.0 680.0 1012.0 530.0 0 541.0 842.0 727.0 758.0 857.0 675.0 837.0 750.0 979.0 513.0 529.0 862.0 956.0 907.0 978.0 907.0 748.0 881.0 995.0 890.0 882.0 900.0 875.0 585.0 482.0 618.0 431.0 825.0 591.0 980.0 594.0 408.0 
662.0 868.0 975.0 854.0 484.0 846.0 897.0 825.0 845.0 922.0 586.0 836.0 558.0 835.0 637.0 584.0 554.0 582.0 541.0 0 606.0 860.0 603.0 619.0 909.0 474.0 472.0 766.0 915.0 558.0 470.0 846.0 858.0 472.0 549.0 884.0 882.0 848.0 909.0 575.0 553.0 505.0 607.0 860.0 728.0 753.0 974.0 861.0 928.0 830.0 835.0 
506.0 667.0 882.0 917.0 700.0 577.0 717.0 854.0 941.0 643.0 898.0 715.0 467.0 564.0 867.0 891.0 864.0 612.0 842.0 606.0 0 894.0 477.0 602.0 514.0 885.0 866.0 838.0 573.0 712.0 616.0 942.0 947.0 928.0 887.0 897.0 887.0 428.0 675.0 577.0 890.0 842.0 421.0 464.0 679.0 411.0 942.0 906.0 644.0 625.0 560.0 
822.0 703.0 430.0 604.0 639.0 890.0 773.0 420.0 833.0 924.0 733.0 825.0 695.0 872.0 841.0 799.0 864.0 553.0 727.0 860.0 894.0 0 833.0 907.0 780.0 447.0 492.0 609.0 721.0 816.0 935.0 624.0 581.0 431.0 870.0 937.0 914.0 936.0 890.0 832.0 423.0 761.0 938.0 881.0 452.0 863.0 839.0 439.0 580.0 890.0 422.0 
897.0 878.0 511.0 824.0 1086.0 883.0 917.0 553.0 904.0 915.0 796.0 448.0 652.0 872.0 521.0 693.0 833.0 571.0 758.0 603.0 477.0 833.0 0 446.0 991.0 486.0 1068.0 901.0 785.0 723.0 746.0 586.0 515.0 937.0 981.0 921.0 582.0 658.0 963.0 578.0 543.0 789.0 714.0 797.0 891.0 659.0 496.0 717.0 720.0 749.0 857.0 
979.0 734.0 897.0 916.0 1026.0 872.0 751.0 869.0 794.0 764.0 944.0 869.0 956.0 845.0 881.0 511.0 933.0 649.0 857.0 619.0 602.0 907.0 446.0 0 574.0 460.0 881.0 867.0 518.0 578.0 959.0 957.0 704.0 920.0 902.0 983.0 641.0 1012.0 517.0 945.0 759.0 916.0 795.0 922.0 863.0 426.0 942.0 770.0 873.0 696.0 897.0 
903.0 916.0 840.0 597.0 573.0 736.0 818.0 744.0 909.0 776.0 648.0 912.0 872.0 631.0 785.0 929.0 406.0 901.0 675.0 909.0 514.0 780.0 991.0 574.0 0 575.0 437.0 899.0 501.0 441.0 910.0 985.0 891.0 463.0 506.0 830.0 905.0 842.0 414.0 525.0 588.0 914.0 881.0 878.0 726.0 575.0 529.0 923.0 977.0 1013.0 503.0 
753.0 621.0 750.0 857.0 958.0 763.0 607.0 736.0 418.0 875.0 831.0 673.0 519.0 864.0 767.0 971.0 473.0 598.0 837.0 474.0 885.0 447.0 486.0 460.0 575.0 0 582.0 415.0 507.0 599.0 861.0 939.0 906.0 860.0 904.0 848.0 601.0 825.0 977.0 608.0 870.0 867.0 971.0 656.0 899.0 474.0 790.0 794.0 769.0 732.0 772.0 
904.0 867.0 834.0 419.0 738.0 880.0 984.0 850.0 827.0 703.0 712.0 973.0 435.0 562.0 838.0 912.0 505.0 687.0 750.0 472.0 866.0 492.0 1068.0 881.0 437.0 582.0 0 861.0 657.0 878.0 509.0 843.0 809.0 895.0 917.0 929.0 623.0 784.0 851.0 900.0 571.0 710.0 628.0 928.0 831.0 455.0 966.0 486.0 893.0 931.0 780.0 
892.0 717.0 857.0 442.0 707.0 448.0 546.0 873.0 833.0 568.0 418.0 550.0 934.0 813.0 672.0 969.0 846.0 865.0 979.0 766.0 838.0 609.0 901.0 867.0 899.0 415.0 861.0 0 608.0 588.0 738.0 524.0 538.0 915.0 898.0 433.0 471.0 410.0 687.0 936.0 859.0 823.0 902.0 723.0 622.0 889.0 478.0 767.0 864.0 537.0 895.0 
578.0 512.0 925.0 518.0 939.0 773.0 863.0 455.0 741.0 894.0 916.0 850.0 925.0 845.0 738.0 987.0 664.0 558.0 513.0 915.0 573.0 721.0 785.0 518.0 501.0 507.0 657.0 608.0 0 583.0 920.0 942.0 712.0 635.0 749.0 784.0 885.0 964.0 888.0 669.0 972.0 511.0 944.0 600.0 871.0 633.0 748.0 479.0 506.0 604.0 582.0 
903.0 830.0 417.0 807.0 700.0 973.0 833.0 837.0 782.0 923.0 479.0 680.0 904.0 415.0 828.0 864.0 847.0 1018.0 529.0 558.0 712.0 816.0 723.0 578.0 441.0 599.0 878.0 588.0 583.0 0 968.0 944.0 491.0 904.0 497.0 1007.0 946.0 683.0 855.0 816.0 884.0 802.0 440.0 437.0 898.0 665.0 970.0 611.0 913.0 899.0 937.0 
914.0 428.0 674.0 485.0 456.0 881.0 550.0 719.0 443.0 582.0 744.0 777.0 423.0 898.0 533.0 479.0 855.0 427.0 862.0 470.0 616.0 935.0 746.0 959.0 910.0 861.0 509.0 738.0 920.0 968.0 0 909.0 890.0 917.0 911.0 455.0 731.0 775.0 496.0 945.0 914.0 835.0 696.0 531.0 483.0 651.0 918.0 946.0 722.0 943.0 618.0 
737.0 741.0 527.0 424.0 701.0 442.0 869.0 743.0 916.0 925.0 707.0 458.0 1078.0 589.0 913.0 506.0 909.0 908.0 956.0 846.0 942.0 624.0 586.0 957.0 985.0 939.0 843.0 524.0 942.0 944.0 909.0 0 658.0 943.0 929.0 579.0 884.0 608.0 1005.0 1003.0 645.0 661.0 564.0 722.0 880.0 531.0 593.0 916.0 716.0 637.0 867.0 
941.0 853.0 694.0 405.0 826.0 771.0 632.0 836.0 488.0 432.0 888.0 899.0 669.0 499.0 447.0 932.0 786.0 814.0 907.0 858.0 947.0 581.0 515.0 704.0 891.0 906.0 809.0 538.0 712.0 491.0 890.0 658.0 0 943.0 906.0 971.0 900.0 750.0 655.0 751.0 883.0 617.0 893.0 850.0 675.0 1016.0 958.0 897.0 526.0 926.0 541.0 
881.0 876.0 729.0 912.0 692.0 988.0 909.0 484.0 568.0 600.0 716.0 569.0 888.0 577.0 832.0 904.0 869.0 490.0 978.0 472.0 928.0 431.0 937.0 920.0 463.0 860.0 895.0 915.0 635.0 904.0 917.0 943.0 943.0 0 677.0 922.0 602.0 505.0 505.0 407.0 854.0 866.0 507.0 966.0 824.0 737.0 764.0 691.0 830.0 696.0 853.0 
534.0 785.0 865.0 505.0 751.0 772.0 819.0 654.0 930.0 905.0 743.0 850.0 987.0 903.0 709.0 954.0 431.0 545.0 907.0 549.0 887.0 870.0 981.0 902.0 506.0 904.0 917.0 898.0 749.0 497.0 911.0 929.0 906.0 677.0 0 780.0 767.0 867.0 415.0 903.0 587.0 853.0 937.0 784.0 649.0 476.0 735.0 431.0 843.0 519.0 897.0 
459.0 558.0 858.0 875.0 689.0 703.0 417.0 517.0 703.0 754.0 528.0 504.0 549.0 879.0 943.0 853.0 424.0 882.0 748.0 884.0 897.0 937.0 921.0 983.0 830.0 848.0 929.0 433.0 784.0 1007.0 455.0 579.0 971.0 922.0 780.0 0 621.0 488.0 821.0 911.0 906.0 879.0 857.0 962.0 898.0 557.0 563.0 985.0 706.0 970.0 554.0 
582.0 871.0 598.0 882.0 915.0 490.0 855.0 873.0 867.0 555.0 542.0 899.0 626.0 966.0 565.0 972.0 1029.0 543.0 881.0 882.0 887.0 914.0 582.0 641.0 905.0 601.0 623.0 471.0 885.0 946.0 731.0 884.0 900.0 602.0 767.0 621.0 0 718.0 491.0 614.0 821.0 698.0 997.0 936.0 928.0 994.0 734.0 725.0 976.0 868.0 680.0 
934.0 454.0 867.0 852.0 550.0 768.0 724.0 989.0 955.0 747.0 828.0 665.0 895.0 931.0 626.0 959.0 436.0 559.0 995.0 848.0 428.0 936.0 658.0 1012.0 842.0 825.0 784.0 410.0 964.0 683.0 775.0 608.0 750.0 505.0 867.0 488.0 718.0 0 572.0 633.0 983.0 569.0 492.0 892.0 848.0 765.0 717.0 928.0 458.0 516.0 897.0 
882.0 924.0 616.0 916.0 797.0 831.0 404.0 724.0 784.0 1046.0 581.0 869.0 590.0 936.0 892.0 677.0 820.0 552.0 890.0 909.0 675.0 890.0 963.0 517.0 414.0 977.0 851.0 687.0 888.0 855.0 496.0 1005.0 655.0 505.0 415.0 821.0 491.0 572.0 0 729.0 467.0 936.0 844.0 730.0 917.0 779.0 888.0 846.0 979.0 934.0 482.0 
934.0 773.0 792.0 672.0 1020.0 760.0 933.0 735.0 538.0 696.0 630.0 900.0 547.0 873.0 425.0 497.0 487.0 637.0 882.0 575.0 577.0 832.0 578.0 945.0 525.0 608.0 900.0 936.0 669.0 816.0 945.0 1003.0 751.0 407.0 903.0 911.0 614.0 633.0 729.0 0 730.0 839.0 596.0 924.0 927.0 988.0 498.0 966.0 518.0 938.0 713.0 
580.0 832.0 478.0 853.0 908.0 715.0 849.0 520.0 937.0 738.0 876.0 402.0 771.0 469.0 464.0 516.0 826.0 836.0 900.0 553.0 890.0 423.0 543.0 759.0 588.0 870.0 571.0 859.0 972.0 884.0 914.0 645.0 883.0 854.0 587.0 906.0 821.0 983.0 467.0 730.0 0 628.0 910.0 499.0 823.0 719.0 421.0 628.0 875.0 467.0 582.0 
830.0 407.0 820.0 470.0 891.0 833.0 835.0 820.0 456.0 913.0 405.0 836.0 907.0 830.0 550.0 514.0 741.0 845.0 875.0 505.0 842.0 761.0 789.0 916.0 914.0 867.0 710.0 823.0 511.0 802.0 835.0 661.0 617.0 866.0 853.0 879.0 698.0 569.0 936.0 839.0 628.0 0 436.0 839.0 553.0 500.0 583.0 877.0 896.0 404.0 642.0 
630.0 843.0 738.0 603.0 853.0 604.0 440.0 890.0 698.0 986.0 841.0 555.0 635.0 855.0 446.0 876.0 924.0 618.0 585.0 607.0 421.0 938.0 714.0 795.0 881.0 971.0 628.0 902.0 944.0 440.0 696.0 564.0 893.0 507.0 937.0 857.0 997.0 492.0 844.0 596.0 910.0 436.0 0 877.0 841.0 497.0 874.0 966.0 739.0 840.0 871.0 
970.0 731.0 589.0 677.0 409.0 834.0 822.0 798.0 477.0 639.0 434.0 798.0 652.0 852.0 875.0 427.0 592.0 758.0 482.0 860.0 464.0 881.0 797.0 922.0 878.0 656.0 928.0 723.0 600.0 437.0 531.0 722.0 850.0 966.0 784.0 962.0 936.0 892.0 730.0 924.0 499.0 839.0 877.0 0 779.0 875.0 920.0 442.0 651.0 462.0 827.0 
773.0 656.0 784.0 606.0 537.0 438.0 865.0 416.0 831.0 472.0 958.0 519.0 593.0 849.0 825.0 518.0 582.0 910.0 618.0 728.0 679.0 452.0 891.0 863.0 726.0 899.0 831.0 622.0 871.0 898.0 483.0 880.0 675.0 824.0 649.0 898.0 928.0 848.0 917.0 927.0 823.0 553.0 841.0 779.0 0 780.0 881.0 503.0 620.0 758.0 840.0 
895.0 884.0 471.0 874.0 675.0 527.0 529.0 443.0 791.0 584.0 905.0 904.0 878.0 597.0 882.0 572.0 900.0 575.0 431.0 753.0 411.0 863.0 659.0 426.0 575.0 474.0 455.0 889.0 633.0 665.0 651.0 531.0 1016.0 737.0 476.0 557.0 994.0 765.0 779.0 988.0 719.0 500.0 497.0 875.0 780.0 0 784.0 640.0 959.0 904.0 495.0 
436.0 970.0 899.0 891.0 767.0 602.0 577.0 529.0 928.0 998.0 663.0 823.0 932.0 737.0 676.0 920.0 935.0 491.0 825.0 974.0 942.0 839.0 496.0 942.0 529.0 790.0 966.0 478.0 748.0 970.0 918.0 593.0 958.0 764.0 735.0 563.0 734.0 717.0 888.0 498.0 421.0 583.0 874.0 920.0 881.0 784.0 0 790.0 887.0 888.0 417.0 
659.0 750.0 594.0 492.0 851.0 701.0 599.0 859.0 579.0 975.0 758.0 858.0 921.0 646.0 870.0 869.0 862.0 837.0 591.0 861.0 906.0 439.0 717.0 770.0 923.0 794.0 486.0 767.0 479.0 611.0 946.0 916.0 897.0 691.0 431.0 985.0 725.0 928.0 846.0 966.0 628.0 877.0 966.0 442.0 503.0 640.0 790.0 0 791.0 904.0 861.0 
647.0 717.0 698.0 920.0 575.0 705.0 898.0 861.0 706.0 946.0 852.0 886.0 972.0 898.0 411.0 926.0 652.0 567.0 980.0 928.0 644.0 580.0 720.0 873.0 977.0 769.0 893.0 864.0 506.0 913.0 722.0 716.0 526.0 830.0 843.0 706.0 976.0 458.0 979.0 518.0 875.0 896.0 739.0 651.0 620.0 959.0 887.0 791.0 0 974.0 953.0 
925.0 811.0 945.0 716.0 764.0 954.0 927.0 987.0 860.0 756.0 809.0 869.0 520.0 936.0 931.0 697.0 754.0 936.0 594.0 830.0 625.0 890.0 749.0 696.0 1013.0 732.0 931.0 537.0 604.0 899.0 943.0 637.0 926.0 696.0 519.0 970.0 868.0 516.0 934.0 938.0 467.0 404.0 840.0 462.0 758.0 904.0 888.0 904.0 974.0 0 1002.0 
400.0 839.0 852.0 590.0 853.0 705.0 837.0 424.0 827.0 766.0 573.0 409.0 912.0 937.0 600.0 684.0 909.0 567.0 408.0 835.0 560.0 422.0 857.0 897.0 503.0 772.0 780.0 895.0 582.0 937.0 618.0 867.0 541.0 853.0 897.0 554.0 680.0 897.0 482.0 713.0 582.0 642.0 871.0 827.0 840.0 495.0 417.0 861.0 953.0 1002.0 0 
