17
7 15 23 41 43 47 48 98 100 115 130 133 143 161 172 178 62
0 1968648866.0 1889382707.0 3815839221.0 2182793353.0 1348916913.0 2346546434.0 2226475647.0 2059997662.0 1911161742.0 1856226840.0 2136496895.0 1418883233.0 2503591086.0 1629211430.0 1851944690.0 2843181200.0 
1968648866.0 0 2268985085.0 1992618890.0 3699519583.0 2573924591.0 2630844942.0 403255316.0 1691923329.0 1526000588.0 2324333004.0 2516099273.0 3281593493.0 2462933999.0 1261137097.0 116704176.0 2194684368.0 
1889382707.0 2268985085.0 0 2896782903.0 2811790133.0 3220874772.0 2288961984.0 1865729769.0 2025990208.0 3496769119.0 1782341697.0 247114188.0 2393864043.0 2478760835.0 1700961622.0 2346296128.0 2515894834.0 
3815839221.0 1992618890.0 2896782903.0 0 4885627841.0 4566543481.0 3906266266.0 1589363574.0 2893458342.0 3518619478.0 3510441262.0 3143897091.0 4467701751.0 4428490077.0 2542022023.0 2109323066.0 3380792626.0 
2182793353.0 3699519583.0 2811790133.0 4885627841.0 0 1903982840.0 2822564059.0 3296264267.0 2288018753.0 3790179765.0 3138541787.0 2753396550.0 763910120.0 3713458814.0 2718804985.0 3816223759.0 2775353037.0 
1348916913.0 2573924591.0 3220874772.0 4566543481.0 1903982840.0 0 3364759195.0 2977179907.0 2279680885.0 3260078655.0 2851014877.0 3422026069.0 1486056750.0 2014041161.0 2710467117.0 2457220415.0 3062864423.0 
2346546434.0 2630844942.0 2288961984.0 3906266266.0 2822564059.0 3364759195.0 0 2316902692.0 1542379835.0 2907979891.0 852677544.0 2170247832.0 2404637969.0 1401688687.0 1846061634.0 2747549118.0 2244841288.0 
2226475647.0 403255316.0 1865729769.0 1589363574.0 3296264267.0 2977179907.0 2316902692.0 0 1304094768.0 1929255904.0 1921077688.0 2112843957.0 2878338177.0 2866189315.0 952658449.0 519959492.0 1791429052.0 
2059997662.0 1691923329.0 2025990208.0 2893458342.0 2288018753.0 2279680885.0 1542379835.0 1304094768.0 0 3205715691.0 1052060241.0 1778876020.0 1870092663.0 1699424487.0 430786232.0 1808627505.0 783183538.0 
1911161742.0 1526000588.0 3496769119.0 3518619478.0 3790179765.0 3260078655.0 2907979891.0 1929255904.0 3205715691.0 0 2634556388.0 3737937851.0 3026269645.0 1506291204.0 2787137685.0 1409296412.0 3720684956.0 
1856226840.0 2324333004.0 1782341697.0 3510441262.0 3138541787.0 2851014877.0 852677544.0 1921077688.0 1052060241.0 2634556388.0 0 1535227509.0 2374631667.0 1128265184.0 1482846473.0 2441037180.0 1835243779.0 
2136496895.0 2516099273.0 247114188.0 3143897091.0 2753396550.0 3422026069.0 2170247832.0 2112843957.0 1778876020.0 3737937851.0 1535227509.0 0 2335470460.0 2231646647.0 1948075810.0 2593410316.0 2509438991.0 
1418883233.0 3281593493.0 2393864043.0 4467701751.0 763910120.0 1486056750.0 2404637969.0 2878338177.0 1870092663.0 3026269645.0 2374631667.0 2335470460.0 0 3021995913.0 2300878895.0 3270827923.0 2357426947.0 
2503591086.0 2462933999.0 2478760835.0 4428490077.0 3713458814.0 2014041161.0 1401688687.0 2866189315.0 1699424487.0 1506291204.0 1128265184.0 2231646647.0 3021995913.0 0 2130210719.0 2579638175.0 2482608025.0 
1629211430.0 1261137097.0 1700961622.0 2542022023.0 2718804985.0 2710467117.0 1846061634.0 952658449.0 430786232.0 2787137685.0 1482846473.0 1948075810.0 2300878895.0 2130210719.0 0 1377841273.0 1213969770.0 
1851944690.0 116704176.0 2346296128.0 2109323066.0 3816223759.0 2457220415.0 2747549118.0 519959492.0 1808627505.0 1409296412.0 2441037180.0 2593410316.0 3270827923.0 2579638175.0 1377841273.0 0 2311388544.0 
2843181200.0 2194684368.0 2515894834.0 3380792626.0 2775353037.0 3062864423.0 2244841288.0 1791429052.0 783183538.0 3720684956.0 1835243779.0 2509438991.0 2357426947.0 2482608025.0 1213969770.0 2311388544.0 0 
