50
L4 L76 L36 L2 L88 L99 L7 L19 L80 L83 L17 L12 L10 L62 L91 L60 L27 L44 L16 L85 L48 L32 L55 L53 L18 L47 L30 L78 L45 L0 L49 L89 L77 L15 L34 L94 L84 L98 L9 L82 L66 L24 L23 L90 L74 L13 L8 L3 L72 L58
0 179.82341 124.7545 72.94718 107.76962 165.30928 143.97655 142.61789 135.10562 132.31019 122.5569 132.90351 130.23684 100.51037 153.50441 121.87141 122.7158 137.41421 131.07036 128.90818 142.51564 123.14314 151.19367 163.19987 144.90924 160.20765 143.17811 151.64703 108.21098 117.19447 152.95956 138.24297 156.26511 115.40102 174.35464 155.37468 119.19106 123.25987 105.50284 112.26298 118.32785 105.95753 114.2518 108.96318 156.98677 143.96542 132.19604 141.46539 105.61242 117.97958 
179.82341 0 117.39249 168.41482 180.51893 78.76941 130.29689 177.0065 126.05267 152.19209 128.39648 152.69988 167.3389 127.82332 151.41281 124.44948 139.23834 133.77956 121.56575 140.33485 116.16097 138.91414 105.35191 130.17726 139.20798 121.97988 131.28037 142.60557 142.92024 163.16851 110.62756 115.71754 169.81555 127.5207 87.07137 93.77289 96.05915 106.38451 143.06315 121.52949 152.07801 149.21899 152.87102 161.32016 120.52732 128.51175 115.02197 126.95702 149.99415 157.41618 
124.7545 117.39249 0 142.28182 135.29389 109.75112 121.79667 183.23343 132.02856 162.30165 110.45367 134.69281 149.10345 109.94891 175.58618 136.24913 138.41246 81.99339 141.58085 117.48095 108.64693 152.72265 119.8037 111.26867 156.20913 120.11785 106.78714 121.6817 111.0142 124.09665 85.85744 101.42483 153.83195 127.73769 125.26462 118.88059 82.40607 118.42743 124.37942 117.20142 138.11119 90.13415 143.90753 141.26863 155.09456 138.10034 114.25464 103.77566 82.96993 140.37685 
72.94718 168.41482 142.28182 0 141.44136 160.49323 132.14138 106.65203 113.00942 91.96631 136.91752 115.54376 118.098 117.32546 133.84916 134.1665 122.27418 131.03387 122.36293 134.84521 129.15895 114.89283 138.53813 151.69905 104.97374 155.5365 116.51071 148.18164 108.17377 113.16541 146.07796 128.0296 158.18066 115.38919 173.63942 141.04607 118.12527 133.02941 112.09875 89.1195 108.45089 115.55616 102.37917 140.92931 137.56064 131.06894 116.98286 154.86892 137.17162 142.93223 
107.76962 180.51893 135.29389 141.44136 0 142.69273 134.21145 148.27735 136.09522 159.5211 152.2157 111.54867 109.48785 100.63522 132.89457 88.38301 132.11164 129.48403 159.09946 105.60676 151.53399 117.22326 151.39797 158.49793 154.19244 158.04378 157.13334 175.65226 105.1511 95.395 141.84557 118.84896 149.35091 132.33665 177.40741 150.96872 138.45506 135.75678 139.8569 136.67931 135.21461 131.90649 105.33709 95.6965 155.39494 127.6775 157.18866 105.59476 119.40889 110.64244 
165.30928 78.76941 109.75112 160.49323 142.69273 0 137.91595 158.4217 113.07239 162.42838 132.13606 112.70806 143.32921 99.77041 144.38058 99.16536 128.63039 120.17542 148.98517 133.93216 111.89808 123.07117 99.31104 105.38404 132.38562 109.01001 131.59604 117.85142 99.96419 119.51964 96.34425 102.98171 144.97766 138.58079 101.72036 89.15612 102.78666 120.78149 128.71753 127.2886 148.02915 124.78715 138.0478 137.90135 116.72491 112.53232 115.50186 79.93524 125.21561 138.55443 
143.97655 130.29689 121.79667 132.14138 134.21145 137.91595 0 150.20379 75.9651 81.78088 139.98096 100.90512 95.01592 141.69299 114.99621 114.96952 144.5998 111.99692 140.47869 95.10453 134.10463 134.98287 101.16219 104.70711 132.94781 143.38864 83.63966 73.02218 127.80978 112.90794 123.12482 66.30447 147.30762 127.57622 128.27387 119.10737 136.60742 132.15108 149.51656 90.27554 145.65908 147.78556 129.95936 140.32506 107.64433 85.08208 108.6988 155.06064 156.13473 128.7688 
142.61789 177.0065 183.23343 106.65203 148.27735 158.4217 150.20379 0 154.63513 112.51984 166.26413 97.05819 111.10876 187.93586 109.26455 142.26225 134.34306 152.13135 125.19518 156.79489 159.15578 89.89695 132.52761 164.22476 117.3255 171.53295 150.95493 141.9928 114.27629 106.2658 155.60437 147.49719 156.73179 126.09767 184.21305 112.1945 151.97174 134.7018 140.20874 90.76355 92.14559 138.92238 75.47699 137.5488 111.11016 134.72352 144.77201 154.52668 186.37307 156.8394 
135.10562 126.05267 132.02856 113.00942 136.09522 113.07239 75.9651 154.63513 0 76.73451 131.70995 57.57694 73.71258 126.48777 100.99953 106.38213 126.52744 129.66832 140.50137 132.18441 142.37211 112.49252 79.08309 99.3538 127.14708 119.15592 90.02873 90.90003 91.63578 85.87035 121.99043 76.8012 129.36677 133.12085 104.88183 83.63705 135.03214 129.77732 123.23884 70.35078 137.98241 132.24399 118.80768 128.3673 56.2572 54.08843 84.81313 134.24117 149.75655 121.17735 
132.31019 152.19209 162.30165 91.96631 159.5211 162.42838 81.78088 112.51984 76.73451 0 147.33124 106.96496 101.18003 152.71336 105.03364 129.43125 131.37806 149.72872 123.91764 130.76436 142.16635 126.97912 122.76644 134.21618 117.81805 156.36864 103.9441 122.92238 136.2807 124.56456 153.09488 113.75208 154.58508 118.90817 150.38244 126.6243 151.33334 136.22771 133.54784 82.09364 134.94526 160.54649 116.05188 147.48273 93.89567 99.83823 102.7315 179.60069 174.86099 132.54649 
122.5569 128.39648 110.45367 136.91752 152.2157 132.13606 139.98096 166.26413 131.70995 147.33124 0 140.28831 133.7608 137.51021 133.94246 132.14821 93.53382 147.32085 118.61953 124.05647 108.56096 145.337 136.37121 143.95646 136.60721 166.28317 120.00539 146.15416 147.28989 126.46972 101.30846 166.16369 86.23812 98.87672 105.67445 111.89637 113.26754 111.50922 83.84589 121.08397 133.22981 111.33548 135.39582 119.06785 124.85981 127.76747 139.31531 144.78074 110.78831 124.9211 
132.90351 152.69988 134.69281 115.54376 111.54867 112.70806 100.90512 97.05819 57.57694 106.96496 140.28831 0 59.00137 126.91129 103.23197 109.87827 122.77209 119.81691 155.48149 126.01115 135.8523 112.23553 101.19279 99.53165 121.34704 132.09038 99.58536 80.35861 78.19829 40.09877 112.53229 85.16971 113.89395 137.0217 137.27415 94.96969 141.16771 142.9144 122.25396 92.38739 129.99094 119.60607 102.88116 122.61333 87.13052 74.32958 111.32759 119.21067 142.16273 122.8697 
130.23684 167.3389 149.10345 118.098 109.48785 143.32921 95.01592 111.10876 73.71258 101.18003 133.7608 59.00137 0 136.81936 72.23428 117.27199 118.1638 138.09001 157.67068 123.27391 148.54453 125.77282 128.11084 139.10441 122.11082 153.04541 94.78918 100.77262 116.08226 66.91028 118.75618 80.63035 104.1528 137.17548 140.26354 115.50534 148.59838 155.56076 130.21295 101.75467 142.16866 139.88607 107.57215 134.02005 96.28407 60.57973 137.1099 139.67344 146.96999 134.15137 
100.51037 127.82332 109.94891 117.32546 100.63522 99.77041 141.69299 187.93586 126.48777 152.71336 137.51021 126.91129 136.81936 0 145.0964 79.12636 122.01708 123.80647 141.81893 128.0011 129.76877 110.31028 131.68287 151.11666 134.4531 110.16445 142.0251 142.32502 86.78077 124.87325 129.54626 108.2958 168.43045 130.82993 139.67121 135.02806 84.58199 119.94147 120.62242 124.11566 140.45924 120.32289 123.98595 125.6575 145.67158 119.19437 120.3167 77.86384 89.19198 127.6629 
153.50441 151.41281 175.58618 133.84916 132.89457 144.38058 114.99621 109.26455 100.99953 105.03364 133.94246 103.23197 72.23428 145.0964 0 109.35835 109.44842 159.1258 134.92637 121.69161 143.38203 111.92264 138.37314 166.23123 98.87492 172.9526 123.44767 126.07416 146.60052 111.93635 130.55456 105.19139 113.36905 120.40944 142.05907 116.9714 146.98216 143.01386 138.30093 113.0929 136.98165 163.04061 101.59821 139.04692 93.82963 81.21544 156.42662 153.70111 171.04608 145.20119 
121.87141 124.44948 136.24913 134.1665 88.38301 99.16536 114.96952 142.26225 106.38213 129.43125 132.14821 109.87827 117.27199 79.12636 109.35835 0 117.69203 137.21763 133.20763 98.47902 130.30135 87.48045 112.72289 132.52916 126.01759 139.70858 147.69561 105.54173 101.25064 111.96175 139.42165 104.4093 143.22987 115.50986 131.97225 125.05378 121.76211 103.75931 124.82277 118.8806 136.09627 139.18921 113.01285 84.86173 114.04328 99.68653 124.32144 110.3938 130.6745 89.93143 
122.7158 139.23834 138.41246 122.27418 132.11164 128.63039 144.5998 134.34306 126.52744 131.37806 93.53382 122.77209 118.1638 122.01708 109.44842 117.69203 0 160.15715 108.53416 134.19013 96.75753 140.74367 162.28948 156.2726 126.25281 132.52386 125.54971 154.28598 141.99573 120.23245 105.60455 133.71237 106.8195 77.79246 129.18239 108.40163 122.50178 119.36771 48.87132 127.48696 128.45221 145.14141 91.22008 127.39284 108.79986 113.74003 120.23455 122.38894 102.29862 103.7539 
137.41421 133.77956 81.99339 131.03387 129.48403 120.17542 111.99692 152.13135 129.66832 149.72872 147.32085 119.81691 138.09001 123.80647 159.1258 137.21763 160.15715 0 140.10349 92.73542 110.7227 123.06744 104.90876 112.93513 119.91408 151.25664 107.86769 94.36018 100.70561 109.27106 96.45809 92.05634 166.50968 131.04138 166.05999 124.73259 87.14125 124.15755 158.67438 101.43599 108.33521 84.66336 121.78981 148.0009 162.23802 144.31861 138.57044 117.89847 136.2045 165.89017 
131.07036 121.56575 141.58085 122.36293 159.09946 148.98517 140.47869 125.19518 140.50137 123.91764 118.61953 155.48149 157.67068 141.81893 134.92637 133.20763 108.53416 140.10349 0 126.26436 114.94783 108.84533 136.75775 166.09839 126.3694 159.75143 149.35686 155.89238 146.92788 154.48825 135.56461 150.91437 165.59045 47.62024 154.49184 107.96002 102.404 57.11603 114.85545 93.04041 74.56071 134.87372 87.04311 125.62845 128.7013 155.18006 128.13456 150.13949 154.67709 135.21504 
128.90818 140.33485 117.48095 134.84521 105.60676 133.93216 95.10453 156.79489 132.18441 130.76436 124.05647 126.01115 123.27391 128.0011 121.69161 98.47902 134.19013 92.73542 126.26436 0 96.81683 115.48083 124.25876 124.46793 104.1033 179.12447 122.12351 82.4329 132.977 111.4795 115.47112 98.3433 134.19115 99.23439 163.2809 140.48907 115.74246 111.58058 144.32233 118.28525 115.11746 122.18195 110.6586 111.96428 150.40925 131.58001 151.20875 143.69948 141.50159 126.08194 
142.51564 116.16097 108.64693 129.15895 151.53399 111.89808 134.10463 159.15578 142.37211 142.16635 108.56096 135.8523 148.54453 129.76877 143.38203 130.30135 96.75753 110.7227 114.94783 96.81683 0 144.93312 144.91701 118.84693 96.334 150.28352 109.09515 131.38519 142.17736 127.26101 83.13017 122.58884 129.98061 86.34518 148.365 122.25606 98.54996 117.83989 102.58166 130.64227 120.44287 123.96027 112.88175 147.14142 145.72091 142.48847 126.46843 132.22871 115.81645 135.94851 
123.14314 138.91414 152.72265 114.89283 117.22326 123.07117 134.98287 89.89695 112.49252 126.97912 145.337 112.23553 125.77282 110.31028 111.92264 87.48045 140.74367 123.06744 108.84533 115.48083 144.93312 0 93.4632 150.34149 106.07447 166.96513 157.34926 117.89435 89.64064 111.51776 148.43193 125.10347 159.27489 112.99208 162.67507 113.31147 112.94622 88.88659 144.42389 84.74546 82.06738 111.31796 89.28318 94.56544 121.73102 130.86168 143.46992 127.16718 166.23528 137.84216 
151.19367 105.35191 119.8037 138.53813 151.39797 99.31104 101.16219 132.52761 79.08309 122.76644 136.37121 101.19279 128.11084 131.68287 138.37314 112.72289 162.28948 104.90876 136.75775 124.25876 144.91701 93.4632 0 92.8626 131.27738 147.62125 123.31536 86.38833 87.98634 110.47046 128.99348 95.8325 153.53173 140.6251 118.33151 89.1723 118.63053 106.94364 153.4011 73.96655 124.09385 105.70818 137.82782 122.12842 103.43626 113.02402 114.47535 136.00719 167.05246 145.70707 
163.19987 130.17726 111.26867 151.69905 158.49793 105.38404 104.70711 164.22476 99.3538 134.21618 143.95646 99.53165 139.10441 151.11666 166.23123 132.52916 156.2726 112.93513 166.09839 124.46793 118.84693 150.34149 92.8626 0 148.16301 143.45088 111.55171 78.79833 110.62916 105.07569 121.37444 109.75316 143.36193 148.5065 135.09248 116.11455 147.8504 140.88565 140.54367 120.80486 154.61771 127.00726 152.78474 139.96699 123.59569 125.75919 100.42012 147.64959 152.32387 128.14221 
144.90924 139.20798 156.20913 104.97374 154.19244 132.38562 132.94781 117.3255 127.14708 117.81805 136.60721 121.34704 122.11082 134.4531 98.87492 126.01759 126.25281 119.91408 126.3694 104.1033 96.334 106.07447 131.27738 148.16301 0 180.90327 114.6375 131.40944 136.13011 118.75748 118.33683 112.82596 136.93039 115.07334 167.75033 131.61032 112.19298 137.21219 141.52777 112.889 112.07591 129.95454 105.70686 155.71883 138.38906 128.3935 155.16247 154.26157 164.40219 169.11227 
160.20765 121.97988 120.11785 155.5365 158.04378 109.01001 143.38864 171.53295 119.15592 156.36864 166.28317 132.09038 153.04541 110.16445 172.9526 139.70858 132.52386 151.25664 159.75143 179.12447 150.28352 166.96513 147.62125 143.45088 180.90327 0 133.53092 160.36397 118.69981 150.24241 128.92748 125.37959 191.28273 154.79262 119.96043 114.43264 126.50987 149.21491 128.24084 134.82222 174.75906 164.3313 148.66282 175.29229 128.12444 119.51781 78.54832 96.26461 115.05634 144.69287 
143.17811 131.28037 106.78714 116.51071 157.13334 131.59604 83.63966 150.95493 90.02873 103.9441 120.00539 99.58536 94.78918 142.0251 123.44767 147.69561 125.54971 107.86769 149.35686 122.12351 109.09515 157.34926 123.31536 111.55171 114.6375 133.53092 0 113.09035 131.76366 105.81621 80.69676 67.23655 125.23405 133.7488 120.80794 111.16312 118.59793 154.45737 127.89766 100.26695 148.89992 129.91317 134.27133 171.11457 117.9686 88.92665 111.83048 146.03175 130.92461 157.90093 
151.64703 142.60557 121.6817 148.18164 175.65226 117.85142 73.02218 141.9928 90.90003 122.92238 146.15416 80.35861 100.77262 142.32502 126.07416 105.54173 154.28598 94.36018 155.89238 82.4329 131.38519 117.89435 86.38833 78.79833 131.40944 160.36397 113.09035 0 104.56347 80.25726 119.15505 81.24811 133.04347 136.33476 147.63423 116.53535 142.82863 130.68108 155.49343 104.88577 133.44168 124.12617 124.48211 115.15488 120.43292 106.50822 131.12002 138.38223 159.38996 125.13985 
108.21098 142.92024 111.0142 108.17377 105.1511 99.96419 127.80978 114.27629 91.63578 136.2807 147.28989 78.19829 116.08226 86.78077 146.60052 101.25064 141.99573 100.70561 146.92788 132.977 142.17736 89.64064 87.98634 110.62916 136.13011 118.69981 131.76366 104.56347 0 79.1314 128.59365 104.71 157.49729 175.45978 147.70458 107.52542 110.27505 119.04536 128.38567 89.63067 115.5814 86.24674 111.67832 110.04526 123.43875 115.92106 106.11214 90.57248 124.98021 127.75205 
117.19447 163.16851 124.09665 113.16541 95.395 119.51964 112.90794 106.2658 85.87035 124.56456 126.46972 40.09877 66.91028 124.87325 111.93635 111.96175 120.23245 109.27106 154.48825 111.4795 127.26101 111.51776 110.47046 105.07569 118.75748 150.24241 105.81621 80.25726 79.1314 0 105.83083 92.86873 98.16384 130.18432 149.53389 107.12616 134.96869 139.07617 116.8517 100.14846 118.48169 96.69475 98.77158 108.30534 111.74973 96.23936 129.25222 116.73766 129.24042 120.88497 
152.95956 110.62756 85.85744 146.07796 141.84557 96.34425 123.12482 155.60437 121.99043 153.09488 101.30846 112.53229 118.75618 129.54626 130.55456 139.42165 105.60455 96.45809 135.56461 115.47112 83.13017 148.43193 128.99348 121.37444 118.33683 128.92748 80.69676 119.15505 128.59365 105.83083 0 88.00885 111.2177 115.7393 115.59203 88.47084 90.8552 172.85592 115.25601 117.61195 130.52274 109.4607 119.23185 155.37177 157.34481 113.30428 131.70839 101.04365 105.89483 154.04754 
138.24297 115.71754 101.42483 128.0296 118.84896 102.98171 66.30447 147.49719 76.8012 113.75208 166.16369 85.16971 80.63035 108.2958 105.19139 104.4093 133.71237 92.05634 150.91437 98.3433 122.58884 125.10347 95.8325 109.75316 112.82596 125.37959 67.23655 81.24811 104.71 92.86873 88.00885 0 131.16505 136.68198 110.87338 106.74901 105.97252 138.78321 141.82516 95.44386 145.18484 123.48778 127.59971 145.14155 112.17705 64.01206 118.60866 115.42078 127.75707 144.46818 
156.26511 169.81555 153.83195 158.18066 149.35091 144.97766 147.30762 156.73179 129.36677 154.58508 86.23812 113.89395 104.1528 168.43045 113.36905 143.22987 106.8195 166.50968 165.59045 134.19115 129.98061 159.27489 153.53173 143.36193 136.93039 191.28273 125.23405 133.04347 157.49729 98.16384 111.2177 131.16505 0 134.88624 135.36378 125.45837 162.83237 159.4698 111.1675 145.79956 156.88736 139.06021 140.01321 132.66841 121.48254 117.34289 167.3056 161.22453 145.9687 136.7494 
115.40102 127.5207 127.73769 115.38919 132.33665 138.58079 127.57622 126.09767 133.12085 118.90817 98.87672 137.0217 137.17548 130.82993 120.40944 115.50986 77.79246 131.04138 47.62024 99.23439 86.34518 112.99208 140.6251 148.5065 115.07334 154.79262 133.7488 136.33476 175.45978 130.18432 115.7393 136.68198 134.88624 0 149.52724 108.25222 104.05774 66.7377 88.65676 100.99053 78.34311 126.90209 70.2304 106.43342 123.29957 139.98508 122.83278 137.5185 129.262 106.13461 
174.35464 87.07137 125.26462 173.63942 177.40741 101.72036 128.27387 184.21305 104.88183 150.38244 105.67445 137.27415 140.26354 139.67121 142.05907 131.97225 129.18239 166.05999 154.49184 163.2809 148.365 162.67507 118.33151 135.09248 167.75033 119.96043 120.80794 147.63423 147.70458 149.53389 115.59203 110.87338 135.36378 149.52724 0 93.22458 133.40397 138.68351 126.43156 129.55982 181.13881 158.30411 169.6276 157.95633 93.18269 94.08556 114.72587 136.89369 138.8554 143.91941 
155.37468 93.77289 118.88059 141.04607 150.96872 89.15612 119.10737 112.1945 83.63705 126.6243 111.89637 94.96969 115.50534 135.02806 116.9714 125.05378 108.40163 124.73259 107.96002 140.48907 122.25606 113.31147 89.1723 116.11455 131.61032 114.43264 111.16312 116.53535 107.52542 107.12616 88.47084 106.74901 125.45837 108.25222 93.22458 0 109.50492 99.03694 109.78173 78.9958 111.49215 117.47456 104.57948 129.57591 68.87397 100.40534 101.22255 108.04034 142.10479 134.24073 
119.19106 96.05915 82.40607 118.12527 138.45506 102.78666 136.60742 151.97174 135.03214 151.33334 113.26754 141.16771 148.59838 84.58199 146.98216 121.76211 122.50178 87.14125 102.404 115.74246 98.54996 112.94622 118.63053 147.8504 112.19298 126.50987 118.59793 142.82863 110.27505 134.96869 90.8552 105.97252 162.83237 104.05774 133.40397 109.50492 0 95.07642 123.90799 100.40912 104.73578 91.57347 114.66067 143.79212 148.71909 137.34792 126.85343 94.46902 104.09353 157.50822 
123.25987 106.38451 118.42743 133.02941 135.75678 120.78149 132.15108 134.7018 129.77732 136.22771 111.50922 142.9144 155.56076 119.94147 143.01386 103.75931 119.36771 124.15755 57.11603 111.58058 117.83989 88.88659 106.94364 140.88565 137.21219 149.21491 154.45737 130.68108 119.04536 139.07617 172.85592 138.78321 159.4698 66.7377 138.68351 99.03694 95.07642 0 115.37902 90.63213 79.3311 112.8104 97.93565 87.89631 123.9163 147.67517 118.82035 126.38007 140.86122 110.96475 
105.50284 143.06315 124.37942 112.09875 139.8569 128.71753 149.51656 140.20874 123.23884 133.54784 83.84589 122.25396 130.21295 120.62242 138.30093 124.82277 48.87132 158.67438 114.85545 144.32233 102.58166 144.42389 153.4011 140.54367 141.52777 128.24084 127.89766 155.49343 128.38567 116.8517 115.25601 141.82516 111.1675 88.65676 126.43156 109.78173 123.90799 115.37902 0 122.78938 129.0753 127.5423 107.85698 117.83999 112.07429 124.46531 102.06056 126.28647 90.53886 92.16574 
112.26298 121.52949 117.20142 89.1195 136.67931 127.2886 90.27554 90.76355 70.35078 82.09364 121.08397 92.38739 101.75467 124.11566 113.0929 118.8806 127.48696 101.43599 93.04041 118.28525 130.64227 84.74546 73.96655 120.80486 112.889 134.82222 100.26695 104.88577 89.63067 100.14846 117.61195 95.44386 145.79956 100.99053 129.55982 78.9958 100.40912 90.63213 122.78938 0 83.52455 98.77979 91.43799 118.90115 91.77853 104.27974 97.59242 132.93515 148.39226 134.45116 
118.32785 152.07801 138.11119 108.45089 135.21461 148.02915 145.65908 92.14559 137.98241 134.94526 133.22981 129.99094 142.16866 140.45924 136.98165 136.09627 128.45221 108.33521 74.56071 115.11746 120.44287 82.06738 124.09385 154.61771 112.07591 174.75906 148.89992 133.44168 115.5814 118.48169 130.52274 145.18484 156.88736 78.34311 181.13881 111.49215 104.73578 79.3311 129.0753 83.52455 0 93.69808 64.22909 112.06794 142.6731 160.5523 145.74047 138.42275 157.44541 146.41195 
105.95753 149.21899 90.13415 115.55616 131.90649 124.78715 147.78556 138.92238 132.24399 160.54649 111.33548 119.60607 139.88607 120.32289 163.04061 139.18921 145.14141 84.66336 134.87372 122.18195 123.96027 111.31796 105.70818 127.00726 129.95454 164.3313 129.91317 124.12617 86.24674 96.69475 109.4607 123.48778 139.06021 126.90209 158.30411 117.47456 91.57347 112.8104 127.5423 98.77979 93.69808 0 122.29243 117.87161 154.74923 151.69451 143.26535 118.29643 121.58048 153.50657 
114.2518 152.87102 143.90753 102.37917 105.33709 138.0478 129.95936 75.47699 118.80768 116.05188 135.39582 102.88116 107.57215 123.98595 101.59821 113.01285 91.22008 121.78981 87.04311 110.6586 112.88175 89.28318 137.82782 152.78474 105.70686 148.66282 134.27133 124.48211 111.67832 98.77158 119.23185 127.59971 140.01321 70.2304 169.6276 104.57948 114.66067 97.93565 107.85698 91.43799 64.22909 122.29243 0 110.44704 118.87138 127.87266 130.52526 118.82894 139.60185 121.15567 
108.96318 161.32016 141.26863 140.92931 95.6965 137.90135 140.32506 137.5488 128.3673 147.48273 119.06785 122.61333 134.02005 125.6575 139.04692 84.86173 127.39284 148.0009 125.62845 111.96428 147.14142 94.56544 122.12842 139.96699 155.71883 175.29229 171.11457 115.15488 110.04526 108.30534 155.37177 145.14155 132.66841 106.43342 157.95633 129.57591 143.79212 87.89631 117.83999 118.90115 112.06794 117.87161 110.44704 0 129.04265 141.31542 142.90886 136.25631 142.71442 75.65309 
156.98677 120.52732 155.09456 137.56064 155.39494 116.72491 107.64433 111.11016 56.2572 93.89567 124.85981 87.13052 96.28407 145.67158 93.82963 114.04328 108.79986 162.23802 128.7013 150.40925 145.72091 121.73102 103.43626 123.59569 138.38906 128.12444 117.9686 120.43292 123.43875 111.74973 157.34481 112.17705 121.48254 123.29957 93.18269 68.87397 148.71909 123.9163 112.07429 91.77853 142.6731 154.74923 118.87138 129.04265 0 71.24263 96.95544 143.56848 162.11255 116.6692 
143.96542 128.51175 138.10034 131.06894 127.6775 112.53232 85.08208 134.72352 54.08843 99.83823 127.76747 74.32958 60.57973 119.19437 81.21544 99.68653 113.74003 144.31861 155.18006 131.58001 142.48847 130.86168 113.02402 125.75919 128.3935 119.51781 88.92665 106.50822 115.92106 96.23936 113.30428 64.01206 117.34289 139.98508 94.08556 100.40534 137.34792 147.67517 124.46531 104.27974 160.5523 151.69451 127.87266 141.31542 71.24263 0 109.98805 127.46347 137.88497 126.73894 
132.19604 115.02197 114.25464 116.98286 157.18866 115.50186 108.6988 144.77201 84.81313 102.7315 139.31531 111.32759 137.1099 120.3167 156.42662 124.32144 120.23455 138.57044 128.13456 151.20875 126.46843 143.46992 114.47535 100.42012 155.16247 78.54832 111.83048 131.12002 106.11214 129.25222 131.70839 118.60866 167.3056 122.83278 114.72587 101.22255 126.85343 118.82035 102.06056 97.59242 145.74047 143.26535 130.52526 142.90886 96.95544 109.98805 0 131.2618 126.50611 108.34999 
141.46539 126.95702 103.77566 154.86892 105.59476 79.93524 155.06064 154.52668 134.24117 179.60069 144.78074 119.21067 139.67344 77.86384 153.70111 110.3938 122.38894 117.89847 150.13949 143.69948 132.22871 127.16718 136.00719 147.64959 154.26157 96.26461 146.03175 138.38223 90.57248 116.73766 101.04365 115.42078 161.22453 137.5185 136.89369 108.04034 94.46902 126.38007 126.28647 132.93515 138.42275 118.29643 118.82894 136.25631 143.56848 127.46347 131.2618 0 93.48414 141.10685 
105.61242 149.99415 82.96993 137.17162 119.40889 125.21561 156.13473 186.37307 149.75655 174.86099 110.78831 142.16273 146.96999 89.19198 171.04608 130.6745 102.29862 136.2045 154.67709 141.50159 115.81645 166.23528 167.05246 152.32387 164.40219 115.05634 130.92461 159.38996 124.98021 129.24042 105.89483 127.75707 145.9687 129.262 138.8554 142.10479 104.09353 140.86122 90.53886 148.39226 157.44541 121.58048 139.60185 142.71442 162.11255 137.88497 126.50611 93.48414 0 125.12173 
117.97958 157.41618 140.37685 142.93223 110.64244 138.55443 128.7688 156.8394 121.17735 132.54649 124.9211 122.8697 134.15137 127.6629 145.20119 89.93143 103.7539 165.89017 135.21504 126.08194 135.94851 137.84216 145.70707 128.14221 169.11227 144.69287 157.90093 125.13985 127.75205 120.88497 154.04754 144.46818 136.7494 106.13461 143.91941 134.24073 157.50822 110.96475 92.16574 134.45116 146.41195 153.50657 121.15567 75.65309 116.6692 126.73894 108.34999 141.10685 125.12173 0 
