25
L12 L25 L30 L38 L7 L13 L26 L5 L20 L11 L45 L9 L10 L36 L2 L48 L37 L3 L28 L24 L15 L43 L42 L22 L23
0 56.5527 63.18126 68.43261 72.14562 81.37507 70.16074 77.26932 93.93535 84.9589 61.66306 52.00873 54.56011 70.96738 56.03928 61.73914 87.817 73.01818 82.18466000000001 56.24197 80.8868 70.89463 51.70996 71.29375 71.50283 
56.5527 0 77.42839 72.52028 55.61006 65.15022 60.19771 83.67446 64.60407 69.28364 47.37889 64.15937 44.95396 40.77458 56.12723 77.47455 73.00322 80.30061 54.11965 59.94616 77.176 65.62112 68.60475 71.78647 46.76526 
63.18126 77.42839 0 64.17109 67.22928 90.44018 69.40668 60.97534 80.25691 81.76726 49.76446 72.76249 65.29304 84.96344 63.48809 39.50862 56.53706 66.69078 53.07766 57.90146 63.8915 60.25548 39.98571 95.62056 77.83551 
68.43261 72.52028 64.17109 0 64.33504 46.99096 34.12665 41.11745 71.16467 59.38146 52.30438 47.5455 54.92769 64.84949 73.54707 42.93951 69.96895 53.54374 53.39761 50.85743 51.76654 32.10936 68.66192 47.47097 60.9583 
72.14562 55.61006 67.22928 64.33504 0 70.3122 50.11642 73.55916 58.04286 70.8338 56.28343 75.78454 49.31535 64.18388 79.99744 70.03566 67.21179 69.0745 61.57361 48.67885 56.26671 60.87665 72.06867 84.5192 57.91185 
81.37507 65.15022 90.44018 46.99096 70.3122 0 40.85527 65.22013 79.97889 65.90972 56.45416 47.67516 57.86938 48.20599 75.70217 80.36629 80.72072 60.07812 69.54832 70.66919 78.47812 51.71848 84.57376 49.65264 87.01572999999999 
70.16074 60.19771 69.40668 34.12665 50.11642 40.85527 0 44.61033 66.95558 59.99423 47.95355 44.59552 50.70646 50.20999 67.75927 58.25074 68.60923 50.78797 60.01437 53.0655 59.6434 44.21974 75.51801 56.89501 50.77473 
77.26932 83.67446 60.97534 41.11745 73.55916 65.22013 44.61033 0 86.47293 79.35293 64.64849 58.65449 62.16298 76.97287 70.14527 43.36892 72.3323 63.77027 64.80312 74.71961 70.07777 35.47511 76.2965 78.92308 62.92967 
93.93535 64.60407 80.25691 71.16467 58.04286 79.97889 66.95558 86.47293 0 60.75007 56.94109 85.55561 67.55926 58.05588 77.26268 71.56477 50.103 76.6759 67.79343 68.31677 39.56994 64.64078 89.56816 83.0591 51.81282 
84.9589 69.28364 81.76726 59.38146 70.8338 65.90972 59.99423 79.35293 60.75007 0 61.03313 67.50852 78.92559 62.2706 75.27358 67.52171 82.40668 78.82353 80.66397 58.20028 57.66991 58.68907 94.27355 77.05492 75.31041 
61.66306 47.37889 49.76446 52.30438 56.28343 56.45416 47.95355 64.64849 56.94109 61.03313 0 49.75665 41.84871 48.4334 48.9277 56.9321 48.02372 54.28104 49.917 45.98482 58.66803 50.81326 47.11047 67.55682 51.92774 
52.00873 64.15937 72.76249 47.5455 75.78454 47.67516 44.59552 58.65449 85.55561 67.50852 49.75665 0 55.92844 50.09419 48.50923 61.75211 79.50061 46.67757 50.69851 61.52121 73.70756 56.95079 70.11878 49.51919 61.21453 
54.56011 44.95396 65.29304 54.92769 49.31535 57.86938 50.70646 62.16298 67.55926 78.92559 41.84871 55.92844 0 56.39602 61.50752 63.25953 66.41396 67.84924 56.12024 52.55923 67.07803 47.64846 53.22349 65.72601 38.93546 
70.96738 40.77458 84.96344 64.84949 64.18388 48.20599 50.20999 76.97287 58.05588 62.2706 48.4334 50.09419 56.39602 0 48.57 76.77069 63.03709 57.84521 56.30949 72.22152 68.50343 61.53766 83.13377 58.51765 38.80974 
56.03928 56.12723 63.48809 73.54707 79.99744 75.70217 67.75927 70.14527 77.26268 75.27358 48.9277 48.50923 61.50752 48.57 0 61.32591 62.40322 62.40774 45.41394 77.42448 76.0283 64.11463 68.17625 80.65198 53.95077 
61.73914 77.47455 39.50862 42.93951 70.03566 80.36629 58.25074 43.36892 71.56477 67.52171 56.9321 61.75211 63.25953 76.77069 61.32591 0 61.26403 62.7457 41.19778 58.2699 46.6661 40.45665 61.42686 76.73989 65.36775 
87.817 73.00322 56.53706 69.96895 67.21179 80.72072 68.60923 72.3323 50.103 82.40668 48.02372 79.50061 66.41396 63.03709 62.40322 61.26403 0 56.95 66.44364 78.56015 53.34422 61.27743 67.40872 88.28247 55.72142 
73.01818 80.30061 66.69078 53.54374 69.0745 60.07812 50.78797 63.77027 76.6759 78.82353 54.28104 46.67757 67.84924 57.84521 62.40774 62.7457 56.95 0 61.43521 70.48081 59.49437 63.77352 71.4718 64.06516 66.39965 
82.18466000000001 54.11965 53.07766 53.39761 61.57361 69.54832 60.01437 64.80312 67.79343 80.66397 49.917 50.69851 56.12024 56.30949 45.41394 41.19778 66.44364 61.43521 0 51.70354 53.01598 47.03032 60.1324 68.97688 59.44364 
56.24197 59.94616 57.90146 50.85743 48.67885 70.66919 53.0655 74.71961 68.31677 58.20028 45.98482 61.52121 52.55923 72.22152 77.42448 58.2699 78.56015 70.48081 51.70354 0 55.84052 61.25985 56.84344 69.32005 73.03004 
80.8868 77.176 63.8915 51.76654 56.26671 78.47812 59.6434 70.07777 39.56994 57.66991 58.66803 73.70756 67.07803 68.50343 76.0283 46.6661 53.34422 59.49437 53.01598 55.84052 0 53.27248 79.2987 74.23951 61.17762 
70.89463 65.62112 60.25548 32.10936 60.87665 51.71848 44.21974 35.47511 64.64078 58.68907 50.81326 56.95079 47.64846 61.53766 64.11463 40.45665 61.27743 63.77352 47.03032 61.25985 53.27248 0 68.82642 66.33727 48.66745 
51.70996 68.60475 39.98571 68.66192 72.06867 84.57376 75.51801 76.2965 89.56816 94.27355 47.11047 70.11878 53.22349 83.13377 68.17625 61.42686 67.40872 71.4718 60.1324 56.84344 79.2987 68.82642 0 84.4429 78.15482 
71.29375 71.78647 95.62056 47.47097 84.5192 49.65264 56.89501 78.92308 83.0591 77.05492 67.55682 49.51919 65.72601 58.51765 80.65198 76.73989 88.28247 64.06516 68.97688 69.32005 74.23951 66.33727 84.4429 0 66.64 
71.50283 46.76526 77.83551 60.9583 57.91185 87.01572999999999 50.77473 62.92967 51.81282 75.31041 51.92774 61.21453 38.93546 38.80974 53.95077 65.36775 55.72142 66.39965 59.44364 73.03004 61.17762 48.66745 78.15482 66.64 0 
