50
24 42 26 94 52 40 83 96 23 27 10 60 93 9 90 61 11 51 78 55 21 46 13 89 57 88 99 17 7 67 18 65 20 58 32 71 3 8 62 43 15 72 95 35 4 38 37 98 45 0
0 52691895.7161 72595472.45156 3710810.46071 65533749.68843 56164453.12309 45920035.40716 29601466.91929 29829476.54643 43346616.52212 28170459.47487 14203880.17069 82055414.17544 43247129.71707 78293635.01313001 61731073.45244 45460214.87672 47165781.49129 25494568.29469 77017378.68311 40651331.610520005 61761604.79003 42870739.047749996 34951247.48942 43007167.15231 49195995.96095 40735900.82899 59614948.27154 56574156.94123 30368651.7041 15908456.69431 40761665.98454 49515872.34591 41709434.109019995 63656664.10105 64321743.060770005 37692171.16463 89069142.32262 36843788.4274 42559342.00682 28138846.42529 62748399.86761 44532163.026539996 46880596.49712 81486611.73678 69965231.22112 63324481.571339995 63258723.713080004 25283947.38995 41774891.37385 
52691895.7161 0 34732889.33226 53286664.94176 34164472.98348001 55322329.30275 33996261.60389 36318922.83754 46442771.145950004 32373605.36705 70790050.99879 41318299.61221 61308655.36974 36619860.73061 101348442.78366 82544636.97665 41083192.53243 89049689.15757 73636083.77356 101539314.72718 65147088.0355 40840816.807840005 50236687.56446 39828342.045949996 34388543.8846 84672655.88117 27796827.15815 35750943.67261 15757266.79726 75384179.91 36869065.52236 64836546.29187 70956436.66324 61082439.94278 57935945.16775 66052841.0406 68985624.4649 57684657.168139994 84820730.36046 31562931.28989 54429182.48692 30490862.89075 68674384.83033 78602610.12351 84867327.81024 97001771.26759 69512378.30965 10566827.99698 43248780.59719 38339411.300100006 
72595472.45156 34732889.33226 0 70055848.02327 55212485.27183001 38040956.93024 44680605.183579996 58580524.96381 48689660.772929996 40225609.30101 92167044.75145 59571941.24472 51852546.01283 32830838.31377 97983393.1577 81734910.99886 68258392.62001 89161105.10248 80665185.62268999 93665375.83585 74973771.07255 34010250.19539 43019923.83485 41595144.71393 35062155.15978 81503058.94336 35266445.55607 40820086.747150004 50490156.12952 84017487.78235 56687015.75725 65188944.25736 80962927.86622 82483447.53463 47412000.12418 59306095.78521 66729079.06901 57271423.313659996 95693308.99673 34363968.28345 55263750.26038 10030697.51986 68762876.65597999 79076500.56138 75897130.55433 90450517.30981 62801738.895169996 42876317.95169 49413626.39727 32842666.81657 
3710810.46071 53286664.94176 70055848.02327 0 67000174.94432999 52453642.66238 46344493.88585 25890656.458580002 26118666.08572 39635806.06141 24459649.01416 17914690.6314 79674590.14939 39536319.25636 74582824.55242 65441883.91315 49171025.33743 43454971.03058 21783757.83398 80728189.14382 36940521.14981 59666474.05707 39159928.58704 31240437.02871 41760188.92854 52522643.64485 37101553.61134 59775159.76665 56252144.6312 26657841.24339 19619267.15502 44472476.445250005 50323765.34929 45420244.56973 59945853.64034 68032553.52148 41402981.62534 87304122.25213 33132977.966689996 38848531.546110004 31849656.886 61883668.84724 41513747.33834 43169786.03641 77775801.27607 73676041.68183 63962972.36095 63853492.93874 23188816.65699 39759776.23769 
65533749.68843 34164472.98348 55212485.27183 67000174.94432999 0 64871944.96863 35142200.779640004 51424635.81791 40881508.85861 46866684.9958 81105890.60069 58273359.177949995 67406131.5873 39471914.00856 113609349.75838 95169335.47719 51399032.134330004 101006452.31447001 86078055.77078 114083754.00794 82487382.38813001 55531741.66906 61766307.86973 57448533.30771 41703230.85457 100744682.75988 45539053.96208 19347538.29534 49921739.78074 90417789.18950999 52193511.35566 78581897.39886001 82418687.89904001 74675295.62031 66452142.28957 78089106.72657 81938745.31394 57109318.2482 98462214.54917 45388736.55173 66664107.75983 45181787.75197 82419735.93732001 89162671.07961 97777104.01879 103673976.37407 79285851.48262 44731300.98046 60442081.83034 48489596.56728 
56164453.12309 55322329.30275 38040956.93024 52453642.66238 64871944.96863 0 48930271.91358 48872288.12945 46075411.81948 38874933.44582 76890497.67 43724472.46618 64480822.34584 46269704.43306 92223088.51384 75193639.06612 70705007.60622999 64499450.507699996 58430902.855340004 77569545.10082999 57560273.392450005 50805114.0012 40947725.00135 42759280.289349996 47045055.41652 45386715.75483 30963577.336449996 49566947.85505 48257830.03946 64655890.19901001 49804320.28847 44996711.38822 73415286.75711 71202267.05563 59919261.720639996 68031120.11208999 50003315.32038 43924335.96046 70287277.80615 27197473.20471 32373891.82897 39904315.20869 48767208.43022 50468737.54981 78328504.27096 82276375.37687 68305183.01528999 58852038.52482 43554293.7187 35273034.10787 
45920035.40716 33996261.60389 44680605.18358 46344493.88585 35142200.779640004 48930271.91358 0 29533002.47916 40610737.323640004 29908509.83376 65271942.07031 34555243.580180004 59226414.80087 37303280.821 94610091.18905 76255966.68407999 35549132.34813 79998504.65096 67263532.26487 95161091.81747 60595749.049380004 37255055.13941 46750292.14011 33792856.67729 39534597.66701 78872982.44741 21997153.72439 15794662.4843 42793155.543620005 72137615.67428 30039960.43801 55785361.78526 47276487.1194 57149770.35595 54454587.2248 62566445.61624999 60805722.7087 58961383.70542 77447749.36305 21732798.70887 43176299.21729 34649907.663720004 59569615.81854 67349726.85388 77948983.66649 84663378.05208 61965306.19283 43128880.11871 37449107.16343 29808359.61203 
29601466.919290002 36318922.83754 58580524.96381 25890656.458580002 51424635.81791 48872288.12945 29533002.47916 0 46285951.11031 34364365.47369 35738939.59115 24746657.44257 71231807.93327999 26969594.48645 82059451.75789 63255645.95088 54166238.594239995 54719339.29634 46219509.88605 80960523.77902 31062746.57022 50056928.68592 44355384.81802 43078002.34364001 29200911.33246 60516652.628010005 32366443.71097 43450779.20752 40671315.1763 52444497.229720004 20297423.35272 37302982.00658 34637513.8257 40227179.0326 58749458.22899 57434739.30439 42309585.93874 77721578.97043 51943333.73648 31309663.75243 24680162.44733 49769735.280360006 41073479.048580006 43680521.926910006 78878888.97328 72114918.87615 58306426.73948 46885750.83452 17532271.035520002 34103230.616220005 
29829476.54643 46442771.145950004 48689660.772929996 26118666.08572 40881508.85861 46075411.81948 40610737.323640004 46285951.110309996 0 30555398.85588 47134542.98765 44033356.71712 63872782.3472 37950169.84312 82350093.01991 68970937.5413 62385473.01629 62987152.7291 47902423.9197 81963201.27084 61293516.53567 47347005.49272 43895432.04601 34439745.69941 38725520.82658 59863173.90127 22644042.74651 44919136.87116 39938295.44952 52776507.32911 45737933.24074 38774009.8634 50274331.141720004 33793786.7617 51599727.1307 59711585.522149995 60035139.07645 65917595.253529996 59251644.05241 18877938.61477 47597232.580359995 38658963.25307 42611848.40186 66833522.791250005 75921622.89599 77187947.07833 54906821.07752 37773622.49251 38095996.18555 26953499.51793 
43346616.52212 32373605.36705 40225609.30101 39635806.06141 46866684.9958 38874933.44582 29908509.833759997 34364365.47369 30555398.85588 0 60508628.35833 38429374.81487 50631067.51438 7394770.98724 81535858.09207 62732052.28506 36948104.26983 67669857.78141 54279105.22887 81650765.07528 53408475.76598 28162122.8395 33295385.40626 19942870.99717 9626087.83325 64188463.3559 7911356.10937 32742543.08552 16616338.56979 58270352.32783 38999637.80188 44951075.243090004 56122900.2039 63135743.913669996 41264735.9565 49018079.62785 47917694.8128 58445999.9435 69908222.66611 11677460.241109999 34543711.43814 30194911.78115 48788913.781550005 58717139.074729994 65122081.918479994 80190754.86929 49172457.03492 34044737.69612 23363309.54841 16764885.85163 
28170459.47487 70790050.99879 92167044.75145 24459649.01416 81105890.60069 76890497.67 65271942.07031 35738939.59115 47134542.98765 60508628.35833 0 41592791.61562 103987899.41656001 62075927.933929995 94148919.97537 79514177.80784 67441220.62412 53299221.32644 31962955.55055 92834453.22982001 33954295.84832 83413520.17312 63584620.98199 55700086.04287 64280792.11115 62247400.15986 59766484.132599995 79189718.79867 76330928.2652 38187942.89422 35512943.79333 49317250.12994 25864116.33513 27212567.62251 84370546.03529 85546206.48207 55064472.43703 109831107.67623 34164680.37436 61562801.35787 48987442.756840006 83258346.28549 53155088.668400005 47752589.57314 75952690.31246 86701222.14521 84010672.90126 81356878.99576999 47648465.67115 63809269.520440005 
14203880.17069 41318299.61221 59571941.244720004 17914690.6314 58273359.177949995 43724472.46618 34555243.580180004 24746657.44257 44033356.71712 38429374.81487 41592791.61562 0 68793617.00818 31034603.82763 75971783.25424999 59883055.13864 59664095.04741 59863814.54492 37218091.72767 74657316.5087 42812476.73444 49659304.33508 41795257.387550004 47841025.825899996 28803286.98162 63399876.13164 37365820.48564 46444544.24096 46490536.781969994 43443079.07134 6079847.82229 42664203.806940004 59384171.26827 55913314.279709995 60699205.74332 68195278.77622 47670807.739099994 82720955.74509999 43798724.34823 36405844.33118 30041384.24769 49541243.724860005 46434700.84894 54214811.884279996 67961976.36336 79943867.79559 54903986.613749996 51885127.60919 39487827.56064 40575308.29027 
82055414.17544 61308655.36974 51852546.012830004 79674590.14939 67406131.5873 64480822.34584 59226414.80087 71231807.93327999 63872782.3472 50631067.51438 103987899.41656001 68793617.00818 0 45178562.74661 83800982.92081 76443491.23821999 86630848.84015 89615949.45557001 83765942.16561 71187881.98426 78124712.82138 22480274.24519 44612562.33751 48502816.08264 43336291.59864999 82924973.49294001 47183236.9914 52954220.07169 48231277.69694 88447341.97586 70970928.84987 69936875.86695999 94742455.99904 95856255.05048999 65398487.39081 68553943.37142 67183923.42210001 71817232.93095 99005299.98764001 47632818.01163 60415245.73704 41821848.492970005 66648863.36181 78361224.60256 87877991.42089999 73854269.78384 76990638.50716999 61266388.67588 56771466.78549 40840513.63092 
43247129.71707 36619860.73061 32830838.313769996 39536319.25636 39471914.00856 46269704.43306 37303280.820999995 26969594.48645 37950169.843119994 7394770.98724 62075927.933929995 31034603.82763 45178562.74661 0 74609381.28005 55805575.47304 41452286.09354 64028156.17622 55351787.048709996 74833873.16703 54398504.83391 23087334.19947 25900614.41902 22978109.882080004 2231316.84601 69718177.82229 15306127.096609998 25347772.098279998 24011109.55703 57970464.8553 31604866.81464 39815013.31052 54608446.50581 58782616.90705 38649565.76743 41623308.64061 42466831.30538 56962112.70469 66923531.30755 19072231.22835 27192193.75127 22800140.793909997 43585510.352520004 51365621.38786 58305190.01023 72801191.49165 41777686.04768 41439508.683359995 30574297.735360004 14003338.154660001 
78293635.01313001 101348442.78366 97983393.1577 74582824.55242 113609349.75838 92223088.51384 94610091.18905 82059451.75789 82350093.01991 81535858.09207 94148919.97536999 75971783.25424999 83800982.92081 74609381.28005 0 18803805.80701 100982713.00268 48931033.440299995 67093467.75469001 65602707.47241 60194624.12705 72767022.80004 71159494.95368999 62824273.43298 74723950.95969 89648530.18484 73624501.9827 97073553.3484 91191217.6073 65728163.22748999 82051631.07654 48360650.3519 99496646.57553 96360009.29632 52116673.59246 41124595.98801 42219773.19346 93401677.77586 70665317.72972 73267821.68088 59849196.684870005 87952695.63784 44942636.52464 54209054.16008 83370952.75393 9946713.13697 67506412.36344999 107919575.70919 66430093.37797 65192260.77772 
61731073.45244 82544636.97665 81734910.99886 65441883.91315 95169335.47719 75193639.06612 76255966.68408 63255645.95088 68970937.5413 62732052.28506 79514177.80784 59883055.13864 76443491.23821999 55805575.47304 18803805.80701 0 82849184.73157999 54410070.5436 53632915.66558 67954729.02802 52716434.35017 53963216.99303 57396026.11278 44844256.425730005 56567311.72931 82170340.40796 54820696.17569 80564105.01916 72934308.8475 56420180.86214 65499145.16284999 30196927.6779 80692840.76852 79098403.96388 36610101.05948 48504196.72051 46115567.29089 74597871.96885 63121607.37035 57915507.58754 42819747.23715 71704213.479 34034766.21636 66993174.87374 73922212.86673 28750518.94398 51999839.830469996 90352914.12184 47821507.18489 49839946.68438 
45460214.87672 41083192.53243 68258392.62001 49171025.33742999 51399032.134330004 70705007.60622999 35549132.34813 54166238.59424 62385473.016289994 36948104.26983 67441220.62412 59664095.04741 86630848.84015 41452286.09354 100982713.00267999 82849184.73157999 0 68007489.14408 50597012.11159 98082515.11539 56191397.11836 64288653.02504 66179774.97722 51772945.15758 43683602.93955 70733876.40749 39741430.26978 51294423.9619 53564442.83962 51210359.35689 54935114.13199 61826802.416820005 66389456.313260004 62774570.5413 73094810.11691001 83075594.73414999 66833406.348979995 88017660.34597 57177644.73215 43507534.40152 49203982.85757 63706184.30427 65597299.45882 73377410.49416 96955234.68201 91035999.86570999 83229972.14122 51650020.529410005 53243689.96892 51583095.30468 
47165781.491289996 89049689.15757 89161105.10248 43454971.03058 101006452.31447 64499450.5077 79998504.65096 54719339.29634 62987152.7291 67669857.78141 53299221.32644 59863814.54492 89615949.45557001 64028156.17622 48931033.440299995 54410070.5436 68007489.14408 0 22645722.81725 83918085.38596001 37802486.13308 72836982.23537 51889762.419130005 49371495.04851 66259473.02223 42661932.18865 61252861.99942 87302170.1863 83581499.32756999 16797129.78719 60797498.85035001 24213142.8657 62319432.16253 59210620.665989995 69786197.72939 60749839.89549 22432026.03347 98831966.14048 32761298.949699998 62521142.492819995 36835962.42495 84435685.03649 28050981.40416 14030712.95789 66149840.10444 38984320.30333 58906565.63702 95855437.41833 48016364.31468 56983054.03523 
25494568.29469 73636083.77356 80665185.62268999 21783757.83398 86078055.77078 58430902.855340004 67263532.26486999 46219509.88605 47902423.9197 54279105.22887 31962955.55055 37218091.72767 83765942.16561 55351787.048709996 67093467.75469 53632915.66558 50597012.11159 22645722.81725 0 73760288.72361 15156763.31583 68248619.07094 41594114.37031 39267784.17602 53120470.2027 32089789.74513 51260402.1042 73943812.0493 70007993.5216 6224987.34367 41403024.989 28160736.0165 40670191.50218 36564897.84874 61521389.90546 58554682.82613 24873694.56123 94347415.98329 16143010.92962 53995019.98684999 39694666.75849 73898756.12558 25567373.33484 27223412.032909997 55992043.44209 57146754.61772 58085336.5045 84202911.77054 42181087.205850005 48242555.90344 
77017378.68311 101539314.72718 93665375.83585 80728189.14382 114083754.00794 77569545.10082999 95161091.81747 80960523.77902 81963201.27084 81650765.07528 92834453.22982001 74657316.5087 71187881.98426 74833873.16703 65602707.47241 67954729.02802 98082515.11539 83918085.38596 73760288.72361 0 58880157.381500006 74281420.41044 52348704.86433 63497419.69747999 75092974.38249 88334063.43929 73742487.56903 99055836.52364 92068524.89558 73261901.54224 80347560.26528 61493530.47035 98372953.75481 94024580.3422 73134629.91763 85028725.57866 74015447.33128999 108968755.96991 63289355.32583 74228102.79109 56386023.83988 88897628.83883 57701644.70275 74480869.56072 17768245.28152 75549420.60938 88524368.68862 109441504.5724 66026546.33031 67174543.95296 
40651331.61052 65147088.0355 74973771.07255 36940521.14981 82487382.38813001 57560273.392450005 60595749.049380004 31062746.57022 61293516.53567 53408475.765980005 33954295.84832 42812476.73444 78124712.82138 54398504.83391 60194624.12705 52716434.35017 56191397.11836 37802486.13308 15156763.31583 58880157.381500006 0 61491031.999390006 41902310.165690005 38397154.713130005 53903125.56463 29453906.05779 45619172.75997 71810688.42671001 69414147.47737 21381750.6595 48892324.55673 22519506.67227 39492796.37331 36807303.78882 60806258.521460004 53630339.988900006 21110176.58871 93985167.69034 20880587.16626 48353790.64262 35142326.23152 69585247.07555 26357345.21073 31926574.0433 50350814.09786 53383236.6452 50732255.87888 75218878.22644 46322728.121249996 42131104.25598 
61761604.79003 40840816.807840005 34010250.19539 59666474.05707 55531741.66906001 50805114.0012 37255055.13941 50056928.68592 47347005.49271999 28162122.8395 83413520.17312 49659304.33508 22480274.24519 23087334.19947 72767022.80003999 53963216.99303 64288653.02504 72836982.23537 68248619.07094 74281420.41044 61491031.999390006 0 26654504.70063 36734477.63401 20856017.35346 64328577.94863 24702962.74621 40716242.16946 25751003.45175 69561150.14265999 54420299.41972 49620935.27624 72882858.31006 76250091.76534 47440429.75393 59334525.414960004 57108138.53825 58141524.58631 81669060.34851 28469066.877949998 41836976.8842 23979552.67553 52871363.12968 63875507.49279 65397717.17570999 63778484.89999 62830168.52492 43179402.57808 36477657.40008 32628038.662109997 
42870739.047749996 50236687.56446 43019923.83485 39159928.58704 61766307.86973 40947725.00135 46750292.14011 44355384.81802 43895432.04601 33295385.40626 63584620.98199 41795257.38755 44612562.33751 25900614.41902 71159494.95368999 57396026.11278 66179774.97722 51889762.41913 41594114.37031 52348704.86433 41902310.165690005 26654504.70063 0 25916704.255500004 23669297.57301 62071693.80426 28783597.562979996 48467222.07828 40257724.13807 47819101.713980004 35715409.56526 30054696.96751 58034118.06842 59970333.74366 20785925.0533 32680020.714330003 37393627.23181 66067015.646350004 57677589.71758 25017493.43124 19764203.7404 39930798.96591 26216858.42905 37859049.46124 63108088.68225 63824442.23893 36175663.82429 57686123.264400005 30944605.63013 16941932.52808 
34951247.48942 39828342.045949996 41595144.71393 31240437.02871 57448533.30771 42759280.28935 33792856.67729 43078002.34364 34439745.69941 19942870.99717 55700086.04287 47841025.8259 48502816.08264 22978109.882080004 62824273.43298 44844256.425730005 51772945.15758 49371495.04851 39267784.17602 63497419.69748 38397154.713130005 36734477.63401 25916704.255500004 0 20746793.036070004 67851060.77092001 12031514.8878 38100995.01237 36559209.56696 45492771.51969 44712289.34869 25189626.7938 47554908.72124 50344348.19541 33620999.34019 41732857.731639996 49025278.662640005 56063685.22342 54896901.61326 15561807.08464 31395855.171230003 35474168.52579 29027465.33226 51066419.06107 58381070.39886 63603564.008729994 49010738.11118 47730531.89117 25545731.30812 8974771.72742 
43007167.15231 34388543.8846 35062155.159779996 41760188.92854 41703230.85457 47045055.41652 39534597.667009994 29200911.33246 38725520.82658 9626087.83325 64280792.11115 28803286.98162 43336291.59864999 2231316.84601 74723950.95969 56567311.72931 43683602.93955 66259473.02223 53120470.2027 75092974.38249 53903125.56463 20856017.35346 23669297.57301 20746793.036070004 0 67486860.97628 17537443.942619998 27579088.944289997 26242426.40304 59345457.54637 33564282.06626 42046330.15653 52377129.6598 56551300.06104 36418248.92142 39391991.7946 44698148.15139 59193429.5507 68305883.4861 19847582.21181 29423510.59728 25031457.639919996 45816827.19853 53596938.23387 60536506.85624 70569874.64564 44009002.89369 43670825.529369995 28342980.889350004 11772021.308650002 
49195995.96095 84672655.88117 81503058.94336 52522643.64485 100744682.75988 45386715.75483 78872982.44741 60516652.628010005 59863173.90127 64188463.3559 62247400.15986 63399876.13164 82924973.49294001 69718177.82229 89648530.18484 82170340.40796 70733876.40749 42661932.18865 32089789.74513 88334063.43929 29453906.05779 64328577.94863 62071693.80426 67851060.77092 67486860.97628 0 56875828.72302 83067344.38976 80804801.92569 25864802.40146 65104452.655260004 51973412.730059996 68183716.96286 66018778.9263 67372026.76601 79266122.42704 50564082.6465 89311051.71529001 34583087.91756 60641932.85476 53412507.95606 78118064.15541999 55811251.26852 51865779.63369 79804720.15564999 81646252.49197999 80186161.93667 92504456.34209 57452215.06741 60759495.93135001 
40735900.82899 27796827.15815 35266445.55607 37101553.61134 45539053.96208 30963577.33645 21997153.72439 32366443.71097 22644042.74651 7911356.10937 59766484.132599995 37365820.485640004 47183236.9914 15306127.096609998 73624501.9827 54820696.17569 39741430.26978 61252861.99942 51260402.1042 73742487.56903 45619172.75997 24702962.74621 28783597.562980004 12031514.8878 17537443.942619998 56875828.72302 0 26191515.66674 24527694.67916 53078328.01204 32916586.395790003 37039719.13372 48211544.09453 55224387.804299995 33353379.84713 44599751.03912 44261778.82018 50534643.83413 64202460.2333 3766104.13174 26632355.32877 25235748.03621 40877557.672180004 50805782.96536 57213804.41223 75453656.34865001 44240075.11502 35699017.00337 15451953.43904 11841665.0349 
59614948.27154 35750943.67261 40820086.747150004 59775159.76665 19347538.29534 49566947.85505 15794662.4843 43450779.20752 44919136.87116 32742543.08552 79189718.79867001 46444544.24096 52954220.07169 25347772.098279998 97073553.3484 80564105.01916 51294423.9619 87302170.1863 73943812.0493 99055836.52364 71810688.42671 40716242.16946 48467222.07828 38100995.01237 27579088.944289997 83067344.38976 26191515.66674 0 47101555.09114 78574064.32072 44648813.14729 63231234.80046 63071149.603700005 65801505.34535 56527520.18345 64639378.5749 66560476.71326 66832133.83706 88984082.45231 26041198.256389998 51258481.893319994 32670161.92628 67069073.338920005 75431909.52991 81287591.24212 93345387.36511001 60490809.62813 46317771.66959 41094543.535 31881292.57068 
56574156.94123 15757266.79726 50490156.12952 56252144.6312 49921739.78074 48257830.03946 42793155.543620005 40671315.1763 39938295.44952 16616338.56979 76330928.2652 46490536.781969994 48231277.69694 24011109.55703 91191217.6073 72934308.8475 53564442.83962 83581499.32756999 70007993.5216 92068524.89558 69414147.47737 25751003.45175 40257724.13807 36559209.56696 26242426.40304 80804801.92569 24527694.67916 47101555.09114 0 74886690.89762 42041302.69212 61038411.65243 72739238.77369 63841747.33606 53006675.48648 56073877.614209995 61893768.12556 70525009.90454 86151004.45121999 21060356.83475 49779650.80034 45393627.598340005 62487439.01095 72514900.50277 76225583.5254 81244504.47033 65036338.14669 17428399.12633 39979648.1182 28360447.87371 
30368651.7041 75384179.91 84017487.78235 26657841.24339 90417789.18950999 64655890.19901 72137615.67427999 52444497.22972 52776507.32911 58270352.32783 38187942.89422 43443079.071339995 88447341.97586 57970464.8553 65728163.22748999 56420180.86214 51210359.35689 16797129.78719 6224987.34367 73261901.54224 21381750.6595 69561150.14265999 47819101.713980004 45492771.51969 59345457.54637 25864802.40146 53078328.01204 78574064.32072 74886690.89762 0 46277108.39841 34279295.28271 46443981.74625 42789885.19241 62574869.4243 57176494.23506 31098681.9049 97105568.62938 15964169.16251 56600026.07535 44347107.22352 78314076.04824999 30441456.74425 26000977.23223 62217030.78576 55781450.090519994 64310323.84817 85951007.90698 37626374.573 51174820.96578 
15908456.69431 36869065.52236 56687015.75725 19619267.15502 52193511.35566 49804320.28847 30039960.43801 20297423.35272 45737933.24074 38999637.80188 35512943.79333 6079847.82229 70970928.84987 31604866.81464 82051631.07654 65499145.16284999 54935114.13199 60797498.85035 41403024.989 80347560.26528 48892324.55673 54420299.41972 35715409.56526 44712289.348689996 33564282.06626 65104452.655260004 32916586.395789996 44648813.14729 42041302.69212 46277108.39841 0 36584355.98465 54934937.17842001 57150710.083229996 54619357.92103 66513453.58206 41590959.91681 78271721.65525 48133755.63925 32652492.592709996 23961536.4254 49936964.59691 40354853.02665 48134964.06199 71206590.67445 73864019.9733 57206185.84823 47387724.4193 35141938.31513 36952234.41538 
40761665.98454 64836546.29187 65188944.25736 44472476.44525 78581897.39886001 44996711.38822 55785361.78526 37302982.00658 38774009.8634 44951075.243090004 49317250.12994 42664203.806940004 69936875.86695999 39815013.31052 48360650.3519 30196927.6779 61826802.416820005 24213142.8657 28160736.0165 61493530.47035 22519506.67227 49620935.27624 30054696.96751 25189626.7938 42046330.15653 51973412.730059996 37039719.13372 63231234.80046 61038411.65243 34279295.28271 36584355.98465 0 53479103.124129996 50353370.89175 47788051.07271 36536697.02979 30252243.05066 76474814.75172 36192741.18712 40751433.87844 12622819.55925 60222542.17079 3837838.53846 36796247.19584 43725285.188829996 38413937.21493 34693422.77132 72231328.01882 23803221.448980004 32803802.87291 
49515872.34591 70956436.66324 80962927.86622 50323765.34929 82418687.89904001 73415286.75711 47276487.1194 34637513.8257 50274331.14172 56122900.2039 25864116.33513 59384171.26827 94742455.99904 54608446.50581 99496646.57553 80692840.76852 66389456.313260004 62319432.16253 40670191.502179995 98372953.75481 39492796.37331 72882858.31006 58034118.06842 47554908.72124 52377129.6598 68183716.96286 48211544.09453 63071149.603700005 72739238.77369 46443981.746249996 54934937.17842 53479103.124129996 0 30352355.77658 78820043.12172 84444780.71662 58730236.60396 98746187.92866 50657904.715450004 51977648.22627 47886016.991390005 70932230.34636 57316941.66259 50892377.72721 80872862.91167 91003296.66045 83403703.61213 62422380.66522 47227795.83705 54296432.56361 
41709434.109019995 61082439.94278 82483447.53462999 45420244.56972999 74675295.62031 71202267.05563 57149770.35595 40227179.0326 33793786.7617 63135743.913669996 27212567.62251 55913314.279709995 95856255.05048999 58782616.90705 96360009.29631999 79098403.96388 62774570.5413 59210620.665989995 36564897.84874 94024580.3422 36807303.78882 76250091.76534 59970333.74366 50344348.19541 56551300.06104 66018778.9263 55224387.804299995 65801505.34535 63841747.33606 42789885.19241 57150710.08323 50353370.89175 30352355.77658 0 80756258.79696 81464204.20838001 57917480.37752999 99711382.01523 44844103.44006 52671725.37647 42875031.88663 72452750.01476999 51417372.77168 46896241.65402 78184678.31734 87266177.45816 78806323.07295 65949926.33847 39772434.36526 56343393.94596 
63656664.10105 57935945.16775 47412000.12418 59945853.64034 66452142.28957 59919261.720639996 54454587.2248 58749458.22899 51599727.13069999 41264735.9565 84370546.03529 60699205.74332 65398487.39081 38649565.76743 52116673.59246 36610101.05948 73094810.11691001 69786197.72939 61521389.90546 73134629.91763 60806258.521460004 47440429.75393 20785925.0533 33620999.34019 36418248.92142 67372026.76601 33353379.84713 56527520.18345 53006675.48648 62574869.4243 54619357.92103 47788051.07271 78820043.12172 80756258.79696001 0 11894095.66103 57548400.17951 75236652.94622 77664400.83508 32721788.515929997 39918976.6881 37381302.60432 43950212.53425 55755484.7715 74052526.28421 43038517.18563 15389738.77099 60290702.70883 41217187.19347 24646227.61277 
64321743.060770005 66052841.0406 59306095.78521 68032553.52148001 78089106.72657 68031120.11208999 62566445.61625 57434739.30439 59711585.522149995 49018079.62785 85546206.48207 68195278.77622 68553943.37142 41623308.64061 41124595.98801 48504196.72051 83075594.73414999 60749839.89549 58554682.82613 85028725.57866001 53630339.988900006 59334525.414960004 32680020.714330003 41732857.731639996 39391991.7946 79266122.42704 44599751.039119996 64639378.5749 56073877.614209995 57176494.23506 66513453.58206 36536697.02979 84444780.71662 81464204.20838001 11894095.66103 0 63450942.907529995 84612149.43858 69359041.29141 40833646.90738 49159516.589039996 49275398.26535 40374535.56825 67649580.43253 74836118.50546 31177882.85104 27283834.43202 72184798.36986 49329045.58492 32758086.004219998 
37692171.16463 68985624.4649 66729079.06901 41402981.62534 81938745.31394 50003315.32038 60805722.7087 42309585.93874 60035139.07644999 47917694.8128 55064472.43703 47670807.739099994 67183923.42210001 42466831.30538 42219773.19346 46115567.29089 66833406.34898 22432026.03347 24873694.56123 74015447.33128999 21110176.58871 57108138.53825 37393627.23181 49025278.662640005 44698148.15139 50564082.6465 44261778.82018 66560476.71326 61893768.12556 31098681.9049 41590959.91681 30252243.05066 58730236.60396 57917480.37752999 57548400.17951 63450942.907529995 0 87485060.71928 35903139.89302 41157200.461679995 17629423.49141 63073139.42128 34022740.092659995 36462738.99136 71460990.68656999 32273060.05649 53560714.677729994 76243139.63147 28809825.38114 40050506.93522 
89069142.32262 57684657.168139994 57271423.31366 87304122.25213 57109318.2482 43924335.96046 58961383.70542 77721578.97043 65917595.253529996 58445999.9435 109831107.67623 82720955.7451 71817232.93095 56962112.704689994 93401677.77586 74597871.96885 88017660.34597 98831966.14048 94347415.98329 108968755.96991 93985167.69034 58141524.58631 66067015.646350004 56063685.22342 59193429.550699994 89311051.71529001 50534643.83413 66832133.83706 70525009.90454 97105568.62938 78271721.65525 76474814.75172 98746187.92866 99711382.01523 75236652.94622 84612149.43858 87485060.71928 0 109040244.42945 50270550.03105 74275146.87817 47240725.793800004 80312653.29018 94393073.51027 101260362.1058 103348390.91283 78405840.25729 67007592.34261 65986597.273169994 51854063.43436 
36843788.4274 84820730.36046 95693308.99673 33132977.96669 98462214.54917 70287277.80614999 77447749.36305 51943333.73648 59251644.05241 69908222.66611 34164680.37436 43798724.34823 99005299.98764 66923531.30755 70665317.72972 63121607.37035 57177644.73215 32761298.9497 16143010.92962 63289355.32583 20880587.16626 81669060.34851 57677589.71758 54896901.61326 68305883.4861 34583087.91756 64202460.2333 88984082.45231 86151004.45121999 15964169.16251 48133755.63925 36192741.18712 50657904.715450004 44844103.44006 77664400.83508 69359041.29141 35903139.89302 109040244.42945 0 65809549.0441 41792002.23873 89072482.4525 36916593.467549995 23445872.24744 71231401.26412 60718604.59275 70589754.29567 94871938.98031 48761719.82641 63011691.422240004 
42559342.00682 31562931.28989 34363968.28345 38848531.546110004 45388736.55173 27197473.20471 21732798.70887 31309663.75243 18877938.61477 11677460.24111 61562801.35787 36405844.33118 47632818.01163 19072231.22835 73267821.68088 57915507.58754 43507534.40152 62521142.492819995 53995019.98685 74228102.79109 48353790.642620005 28469066.87795 25017493.43124 15561807.08464 19847582.21181 60641932.854760006 3766104.13174 26041198.256389998 21060356.83475 56600026.07535 32652492.592710003 40751433.87844 51977648.226270005 52671725.37647 32721788.515929997 40833646.90738 41157200.461679995 50270550.03105 65809549.0441 0 28719293.96559 24333270.76359 44589272.4169 52892721.602180004 57043684.281220004 72011529.75841999 43975981.31194 35685613.06953 19218057.57078 8075560.90316 
28138846.42529 54429182.48692 55263750.26038 31849656.886 66664107.75983 32373891.82897 43176299.21729 24680162.44733 47597232.580359995 34543711.43814 48987442.756840006 30041384.24769 60415245.73704 27192193.75127 59849196.68487 42819747.23715 49203982.85757 36835962.42495 39694666.758489996 56386023.83988 35142326.231520005 41836976.8842 19764203.7404 31395855.171230003 29423510.59728 53412507.95606 26632355.32877 51258481.893319994 49779650.80034 44347107.22352 23961536.4254 12622819.55925 47886016.991390005 42875031.88663 39918976.6881 49159516.589039996 17629423.49141 74275146.87817 41792002.23873 28719293.96559 0 49875226.263380006 16393316.60125 24173427.63659 54638700.52610999 49902483.5479 35931291.18632 61047290.99599999 11180401.88973 22421083.44381 
62748399.86761 30490862.89075 10030697.51986 61883668.84724 45181787.75197 39904315.20869 34649907.663720004 49769735.28036 38658963.25307 30194911.78115 83258346.28549 49541243.724860005 41821848.492970005 22800140.793909997 87952695.63784 71704213.479 63706184.30427 84435685.03649 73898756.12558 88897628.83883 69585247.07555 23979552.67553 39930798.96591 35474168.52579 25031457.639919996 78118064.15541999 25235748.03621 32670161.92628 45393627.598340005 78314076.04824999 49936964.59691 60222542.17079 70932230.34636 72452750.01477 37381302.60432 49275398.26535 63073139.42128 47240725.793800004 89072482.4525 24333270.76359 49875226.263380006 0 63948623.65287 73992595.11770001 74436942.70455 80419819.78995 52771041.37531 32845620.431829996 40687701.47525 27454142.81957 
44532163.026539996 68674384.83033 68762876.65597999 41513747.33834 82419735.93732 48767208.43022 59569615.81854 41073479.048580006 42611848.40186 48788913.781550005 53155088.668400005 46434700.84894 66648863.36181 43585510.352520004 44942636.52464 34034766.21636 65597299.45882 28050981.40416 25567373.33484 57701644.70275 26357345.21073 52871363.12968 26216858.42905 29027465.33226 45816827.19853 55811251.26852 40877557.672180004 67069073.338920005 62487439.01095 30441456.74425 40354853.02665 3837838.53846 57316941.66259 51417372.77168 43950212.53425 40374535.56825 34022740.092659995 80312653.29018 36916593.467549995 44589272.4169 16393316.60125 63948623.65287 0 40566744.23784 47563123.72729 42251775.75339 38531261.30978 76069166.55728 27573718.49098 36641641.41137 
46880596.49712 78602610.12351 79076500.56138 43169786.036410004 89162671.07961 50468737.54981 67349726.85388 43680521.926910006 66833522.791250005 58717139.07473 47752589.57314 54214811.884279996 78361224.60256 51365621.38786 54209054.16008 66993174.87374 73377410.49416 14030712.95789 27223412.03291 74480869.56072 31926574.0433 63875507.49279 37859049.46124 51066419.06107 53596938.23387 51865779.63369 50805782.96536 75431909.52991 72514900.50277 26000977.23223 48134964.06199 36796247.19584 50892377.72721 46896241.65402 55755484.7715 67649580.43253 36462738.99136 94393073.51027 23445872.24744 52892721.60218 24173427.63659 73992595.11770001 40566744.23784 0 76677231.1347 44262341.02311 47610193.20963 83794579.45149 35353829.52632 46538452.298130006 
81486611.73678 84867327.81024 75897130.55433 77775801.27607 97777104.01879 78328504.27096 77948983.66649 78878888.97328 75921622.89599 65122081.918479994 75952690.31246 67961976.36336 87877991.42089999 58305190.01023 83370952.75393 73922212.86673 96955234.68201 66149840.10444 55992043.44209 17768245.28152 50350814.09786 65397717.17570999 63108088.68225 58381070.39886 60536506.85624 79804720.15565 57213804.41223 81287591.24212 76225583.5254 62217030.78576 71206590.67445 43725285.188829996 80872862.91167 78184678.31734 74052526.28421 74836118.50546 71460990.68657 101260362.1058 71231401.26412 57043684.281220004 54638700.52610999 74436942.70455 47563123.72729 76677231.1347 0 82139222.40375999 73649885.67683 92347237.91161999 65819102.41583999 49406298.67144 
69965231.22112 97001771.26759 90450517.30981 73676041.68183 103673976.37407 82276375.37687 84663378.05208 72114918.87615 77187947.07833 80190754.86929 86701222.14521 79943867.79559 73854269.78384 72801191.49165 9946713.13697 28750518.94398 91035999.86570999 38984320.30333 57146754.61772 75549420.60938 53383236.6452 63778484.89999 63824442.23893 63603564.008729994 70569874.64564 81646252.49197999 75453656.34865001 93345387.36511001 81244504.47033 55781450.090519994 73864019.9733 38413937.21493 91003296.66045 87266177.45816 43038517.18563 31177882.85104 32273060.05649 103348390.91283 60718604.59275 72011529.75842 49902483.5479 80419819.78995 42251775.75339 44262341.02311 82139222.40375999 0 58428255.95662 97972862.57222 61082885.43763 63935968.85526 
63324481.571339995 69512378.30965 62801738.895169996 63962972.36095 79285851.48262 68305183.01528999 61965306.19283 58306426.73948 54906821.07752 49172457.03492 84010672.90126 54903986.613749996 76990638.50716999 41777686.04768 67506412.36344999 51999839.830469996 83229972.14122 58906565.63702 58085336.5045 88524368.68862 50732255.87888 62830168.52492 36175663.82429 49010738.11118 44009002.89369 80186161.93667 44240075.11502 60490809.62813 65036338.146689996 64310323.848170005 57206185.84823 34693422.77132 83403703.61213 78806323.07295 15389738.77099 27283834.43202 53560714.677729994 78405840.25729 70589754.29567 43975981.31194 35931291.18632 52771041.37531 38531261.30978 47610193.20963 73649885.67683 58428255.95662 0 73861230.76439999 40774155.70396 40035966.38376 
63258723.713080004 10566827.99698 42876317.951689996 63853492.93874 44731300.98046 58852038.52482 43128880.11871 46885750.83452 37773622.49251 34044737.69612 81356878.99577 51885127.60919 61266388.67588 41439508.68336 107919575.70919 90352914.12184 51650020.529410005 95855437.41833 84202911.77054 109441504.5724 75218878.22644 43179402.57808 57686123.2644 47730531.89117 43670825.52937 92504456.34209 35699017.00337 46317771.66959 17428399.12633 85951007.90698 47387724.4193 72231328.01882 62422380.66522 65949926.33847 60290702.70883 72184798.36986 76243139.63147 67007592.34261 94871938.98031 35685613.06953 61047290.99599999 32845620.431829996 76069166.55728 83794579.45149 92347237.91161999 97972862.57222 73861230.7644 0 51150970.44241 42940939.24018 
25283947.38995 43248780.59719 49413626.39727 23188816.65699 60442081.83034 43554293.7187 37449107.16343 17532271.035520002 38095996.185550004 23363309.54841 47648465.67115 39487827.56064 56771466.78549 30574297.735360004 66430093.37797 47821507.18489 53243689.96892 48016364.31468 42181087.205850005 66026546.33031 46322728.12125 36477657.40008 30944605.63013 25545731.30812 28342980.889350004 57452215.06741 15451953.43904 41094543.535 39979648.1182 37626374.573 35141938.31513 23803221.448980004 47227795.837050006 39772434.36526 41217187.19347 49329045.584920004 28809825.38114 65986597.273169994 48761719.82641 19218057.57078 11180401.88973 40687701.47525 27573718.49098 35353829.52632 65819102.41584 61082885.43763 40774155.70396 51150970.44241 0 16570959.5807 
41774891.37385 38339411.300100006 32842666.81657 39759776.23769 48489596.56728 35273034.10787 29808359.61203 34103230.616220005 26953499.51793 16764885.85163 63809269.520440005 40575308.29027 40840513.63092 14003338.154660001 65192260.77772 49839946.68438 51583095.304680005 56983054.03523 48242555.90344 67174543.95296 42131104.25598 32628038.66211 16941932.52808 8974771.72742 11772021.308650002 60759495.93135001 11841665.0349 31881292.57068 28360447.87371 51174820.96578 36952234.41538 32803802.87291 54296432.56361 56343393.94596 24646227.61277 32758086.004219998 40050506.93522 51854063.43436 63011691.422240004 8075560.90316 22421083.44381 27454142.81957 36641641.41137 46538452.298130006 49406298.67144 63935968.85526 40035966.38376 42940939.24018 16570959.5807 0 
