22
1 3 4 5 7 10 11 13 14 16 19 20 24 28 30 31 36 40 41 45 46 0
0 14.03567 51.41984 65.8424 21.93171 20.59126 52.95281 41.80077 49.21559 39.05462 16.40122 33.34232 21.09502 33.34345 68.54377 56.86058 65.8424 55.03635 59.66678 85.54118 58.01087 70.72482 
14.03567 0 65.45551 75.91969 35.44009 33.83785 66.98848 50.9902 42.19005 32.55764 14.43398 20.23155 35.13069 47.37912 68.8186 68.97668 74.87086 55.31727 55.15974 79.04419999999999 72.02777 78.56844 
51.41984 65.45551 0 60.20797 30.14963 32.06244 26.13143 40.362610000000004 64.66717 83.34879 67.82106 83.54639 57.87748 78.03204 74.66139 21.21724 64.40424 84.81156 104.30724 123.11759 13.60147 71.84706 
65.8424 75.91969 60.20797 0 62.24147 63.97656 38.63936 44.63289 47.93105 67.72015999999999 82.02439 92.45919 74.24284 69.37913 21.0238 46.701620000000005 20.59126 47.59385 83.09633 85.14256 51.169320000000006 47.42669 
21.93171 35.44009 30.14963 62.24147 0 42.52297 51.36294 34.17601 59.89371 59.13568 38.33293 53.60037 43.02673 52.3259 68.70136 44.42852 58.21764 67.6757 78.72666 105.62224 38.83298 70.85024999999999 
20.59126 33.83785 32.06244 63.97656 42.52297 0 39.44617 42.141400000000004 48.05206 57.38467 36.99248 51.92302 29.68966 51.66237 70.35602 47.508430000000004 66.18303 70.44617 77.99993 103.87123 45.66391 72.12489 
52.95281 66.98848 26.13143 38.63936 51.36294 39.44617 0 36.38186 63.626670000000004 79.11034000000001 69.35403 84.21401 52.78362 73.39917 53.7122 8.06226 59.23062 73.00098 96.20811 109.80892 12.52996 73.0561 
41.80077 50.9902 40.362610000000004 44.63289 34.17601 42.141400000000004 36.38186 0 49.241350000000004 52.95281 58.201989999999995 67.84743 48.50726 49.83528 34.52535 28.3196 24.04163 50.68812 73.08215 89.49412 35.93537 36.67424 
49.21559 42.19005 64.66717 47.93105 59.89371 48.05206 63.626670000000004 49.241350000000004 0 28.28427 51.47815 51.85557 55.24335 59.45128 26.90725 55.56441 47.51842 46.22454 47.41277 58.72819 63.18018 42.17825 
39.05462 32.55764 83.34879 67.72015999999999 59.13568 57.38467 79.11034000000001 52.95281 28.28427 0 44.49108 40.29526 60.03236 31.167009999999998 51.91112 77.83579 75.80269 28.42534 37.68004 46.48656 85.15822 65.50068 
16.40122 14.43398 67.82106 82.02439 38.33293 36.99248 69.35403 58.201989999999995 51.47815 44.49108 0 24.66553 37.49624 38.20995 78.3854 71.73996 82.24361999999999 65.9242 59.5063 89.73851 71.56815 87.12603999999999 
33.34232 20.23155 83.54639 92.45919 53.60037 51.92302 84.21401 67.84743 51.85557 40.29526 24.66553 0 54.437340000000006 28.30194 78.76282 84.34739 91.44899000000001 59.17882 54.70269999999999 73.06162 91.03770999999999 89.81120999999999 
21.09502 35.13069 57.87748 74.24284 43.02673 29.68966 52.78362 48.50726 55.24335 60.03236 37.49624 54.43734 0 54.321189999999994 76.48529 44.72136 72.54889 76.13137 80.64452 105.55094 49.98 81.9329 
33.34345 47.37912 78.03204 69.37913 52.3259 51.66237 73.39917 49.83528 59.45128 31.167009999999998 38.20995 28.30194 54.321189999999994 0 51.86521 73.77201 72.02777 30.88689 26.40076 69.26063 81.21968 66.27907 
68.54377 68.8186 74.66139 21.0238 68.70136 70.35602 53.7122 34.52535 26.90725 51.91112 78.3854 78.76282 76.48529 51.86521 0 60.41523 39.62323 28.07134 65.30697 64.19502 66.24216 27.294819999999998 
56.86058 68.97668 21.21724 46.701620000000005 44.42852 47.508430000000004 8.06226 28.3196 55.56441 77.83579 71.73996 84.34739 44.72136 73.77201 60.41523 0 52.361230000000006 75.41243 98.61811 114.28782 7.61577 64.99384 
65.8424 74.87086 64.40424 20.59126 58.21764 66.18303 59.23062 24.04163 47.51842 75.80269 82.24361999999999 91.44899000000001 72.54889 72.02777 39.62323 52.361230000000006 0 62.73356 94.04786 101.53956 59.977000000000004 33.12099 
55.03635 55.31727 84.81156 47.59385 67.6757 70.44617 73.00098 50.68812 46.224540000000005 28.42534 65.9242 59.17882 76.13137 30.88689 28.07134 75.41243 62.73356 0 50.39221 39.66106 82.07314 44.493790000000004 
59.66678 55.15974 104.30724 83.09633 78.72666 77.99993 96.20811 73.08215 47.41277 37.68004 59.5063 54.70269999999999 80.64452 26.40076 65.30697 98.61811 94.04786 50.39221 0 61.91534 106.23388 78.48098999999999 
85.54118 79.04419999999999 123.11758999999999 85.14256 105.62224 103.87123 109.80892 89.49412 58.72819 46.48656 89.73851 73.06162 105.55094 69.26063 64.19502 114.28782 101.53956 39.66106 61.91534 0 121.73419999999999 76.4966 
58.01087 72.02777 13.60147 51.169320000000006 38.83298 45.66391 12.52996 35.93537 63.18018000000001 85.15822 71.56815 91.03770999999999 49.98 81.21968 66.24216 7.61577 59.977000000000004 82.07314 106.23388 121.73419999999999 0 62.93648 
70.72482 78.56844 71.84706 47.42669 70.85024999999999 72.12489 73.0561 36.67424 42.17825 65.50068 87.12603999999999 89.81120999999999 81.9329 66.27906999999999 27.294819999999998 64.99384 33.12099 44.49379 78.48098999999999 76.4966 62.93648 0 
