50
63 46 30 28 60 27 39 53 90 35 11 8 74 71 43 81 50 88 95 40 31 64 84 76 68 97 73 23 38 80 9 61 6 85 16 92 47 2 45 56 83 86 82 65 91 48 58 96 66 0
0 67.20498 34.54704 41.06737 56.06588 52.49762 62.17717 59.757600000000004 47.84285 49.29342 66.51356 39.44617 54.91812 2.0 40.54406 70.52538 52.81098 60.553560000000004 23.0238 36.15583 32.75572 55.80323 85.08819 90.10741000000002 63.24577 25.60085 55.84095 56.97335 57.52417 46.21638 59.68249 37.36308 48.25971 50.01 67.95985 9.84886 78.96012999999999 55.36244 63.58734 51.84182 74.3427 59.59624 50.68072 73.08078 54.36308 62.41523 44.79836 44.38914 16.03122 116.51902 
67.20498 0 74.10511 81.12336 34.48188 45.99976 71.11372 63.50812 106.63202 36.12478 64.56081 81.87246 68.25343 68.84045 40.39463 41.48048 97.69161 71.88265999999999 59.4996 89.6131 52.3677 11.40175 97.14334 32.06686 46.86226 45.2396 49.36598 68.02289999999999 53.468509999999995 29.83287 73.12191999999999 99.35794 30.71496 68.79383 79.85797 75.9494 42.05948 30.19004 26.30755 50.390739999999994 72.86532 74.34746 39.867039999999996 88.02702 94.24238 48.93373 90.20805 30.548949999999998 80.22531000000001 111.51684999999999 
34.54704 74.10511 0 59.10737 39.62323 60.635999999999996 38.70399 71.26918 32.52691 49.615159999999996 44.278819999999996 37.78096 56.361869999999996 36.54704 63.53116 76.21233 52.61802 52.68368 57.570840000000004 33.272670000000005 22.36068 66.84002 63.10336 88.60689 76.49994 48.36256 79.07888 33.98319 53.11985 60.90165 39.08221 50.39618 68.96737 75.96052 41.00029 24.69818 69.62589 55.009550000000004 66.34387 58.66861 50.869519999999994 27.65863 45.00839 51.39478 33.39618 65.30981 21.18962 47.54409 50.57826 101.03541000000001 
41.06737 81.12336 59.10737 0 64.8242 77.15687 76.32169 93.72296999999999 77.24831999999999 67.1085 80.87183 73.65785 80.35129 43.06737 68.54861 88.94638 69.48689 78.50056000000001 49.44364 40.80441 43.294579999999996 70.08699 99.69664 101.63661 73.89406 36.24914 79.58082999999999 70.5762 69.18092 56.86467 75.67522 39.07838 64.10592 91.07737 83.10905 41.319179999999996 90.55978999999999 84.2362 83.95707 76.16195 87.45213 75.81127000000001 59.43904 88.14189 41.88078 73.42221 50.12065 55.03743 55.23219 127.14653 
56.06588 34.48188 39.62323 64.8242 0 27.29469 39.371970000000005 64.8424 72.15014 19.23538 42.72511 60.03676 48.199659999999994 54.06588 34.058980000000005 45.32245 74.69373 37.40078 48.92582 68.14150000000001 30.531999999999996 45.88363 62.661460000000005 53.16445 47.210840000000005 30.46503 55.67082 33.54102 18.98663 33.1767 38.640040000000006 70.33954 38.76657 76.84544 53.20724 50.59644 71.12565000000001 59.12744 26.720640000000003 30.94366 51.53750000000001 39.86558 5.38516 67.61893 71.4096 36.41254 59.20304 18.02776 50.53712 90.47324 
52.49762 45.99976 60.635999999999996 77.15687 27.29469 0 66.66666000000001 53.34989 93.16291 45.20768 70.0198 87.33145 75.49435 54.49762 36.4547 18.02776 87.09191 64.69547 55.559670000000004 87.51631 38.27532 44.248149999999995 89.95615000000001 41.50552 21.26029 44.69125 39.207750000000004 60.835710000000006 46.28132 24.24815 65.93473 89.8607 55.69008 54.467999999999996 74.88166 62.34648 46.01087 63.03644 53.86823 54.26113000000001 76.81671 67.16027000000001 32.67985 83.05071 77.38863 33.55193 77.03511 33.136610000000005 68.52884 114.48163 
62.17717 71.11372 38.70399 76.32169 39.371970000000005 66.66666000000001 0 100.2459 63.166259999999994 57.245239999999995 16.126579999999997 35.35534 25.68534 63.95311 63.82006 73.0 43.420820000000006 18.073610000000002 80.3809 55.769760000000005 42.1152 65.04244 34.951389999999996 72.42237 84.35406 60.8927 93.64273 5.83095 33.06055 70.06879 4.47214 65.37584 75.96861 106.07706999999999 24.38702 62.55248 42.97137 47.937960000000004 62.21531 67.83575 12.16553 11.04536 43.01163 44.21797 48.75532 66.76254 58.509159999999994 56.71123 69.67160000000001 72.88317 
59.757600000000004 63.50812 71.26918 93.72297 64.8424 53.34989 100.2459 0 101.32999 45.60702 95.05895 83.21658 82.9759 57.757600000000004 65.72141 71.37765 99.00234 90.5461 78.7814 80.56334000000001 61.29346 73.51486 123.53539 86.40819 56.44163 67.66758999999999 14.14214 94.41495 74.73266 53.51486 97.64371 80.89395999999999 79.91924999999999 83.73471 99.90495 53.23533 99.36076 92.30315 60.01666 39.94912 105.05895 89.40358 61.13119 110.5293 85.45272 70.16998 73.24616 51.785199999999996 60.53098 141.69738 
47.84285 106.63201999999998 32.52691 77.24831999999999 72.15014 93.16291000000001 63.166259999999994 101.32999 0 71.06393 74.08877 28.23119 69.46222 46.111689999999996 72.11103 108.73924 84.10481 55.15701 66.18912 63.85144 54.88759 97.67072 92.91358 118.80236 100.66454999999999 63.83287 92.02189999999999 63.79314 78.56011 84.44839999999999 58.69412 75.38854 91.34640999999999 95.76046 73.52720000000001 48.09466 93.29523 87.53646 98.87078 88.02277 75.33179 60.18554 77.53529999999999 58.07753 63.97494999999999 97.83672 51.76839 80.071 63.87407 100.13474 
49.29342 36.12478 49.615159999999996 67.10849999999999 19.23538 45.207679999999996 57.245239999999995 45.60702 71.06393 0 54.83556 59.95774 66.91861 47.29342 28.10229 45.980019999999996 75.82 47.539789999999996 47.207260000000005 53.48832 43.44282 45.42863 81.89684 55.83581 34.0147 30.85936 49.00257 52.7764 29.12564 25.42863 52.7731 63.82006 38.2195 75.5925 55.75841 39.82462 65.16896 64.21692 39.631460000000004 23.19559 62.07107 56.01721 15.52417 69.05592 66.28983 30.455849999999998 54.08327 12.071069999999999 60.50225999999999 101.98325 
66.51356 64.56081 44.278819999999996 80.87183 42.72511 70.0198 16.126579999999997 95.05895 74.08877 54.83556 0 51.481919999999995 12.08305 64.51356 60.91951 65.13043 51.44834 28.996119999999998 78.63920999999999 63.96754 53.03771 69.50712 39.41607 67.7262 80.26783999999999 56.1852 86.49407 10.29563 25.70992 63.81222 15.394649999999999 70.61161 68.90734 106.23763 20.59577 67.01715999999999 40.80584 52.402640000000005 54.74486 64.86989 10.0 16.62019 39.31139 28.76482 54.47518 50.63596 65.46844 53.74537 60.20797 77.34785000000001 
39.44617 81.87246 37.78096 73.65785 60.03676 87.33145 35.35534 83.21658 28.23119 59.95774 51.48192 0 46.17584 41.44617 73.91789 91.79562 55.87362 26.92582 58.87274 35.62025 60.141639999999995 73.66901 70.30673 93.40771 84.43697 65.04702 94.81817 41.18629 50.32892 71.24423 39.827479999999994 51.27785 84.0351 89.45617 49.77998 49.295030000000004 78.32426 70.43025 74.10828000000001 69.01119 47.51842 46.4007 58.94144 54.65038 35.743759999999995 76.27145 23.5372 57.88667 55.47739 108.23851 
54.91812 68.25343 56.361869999999996 80.35129 48.199659999999994 75.49435 25.68534 82.9759 69.46222 66.91861 12.08305 46.17584 0 56.91812 48.83646 62.3313 60.161880000000004 34.81467 67.27693 51.88449 58.85626 63.98236 51.49912 55.643150000000006 74.70481 44.10215 74.41102 22.37868 37.79297 63.74676 21.2132 69.07966 56.82429 94.90316 32.67882 64.76698 52.88889 57.00605 66.82791 76.95294 22.08305 28.70324 51.394439999999996 40.84787 53.7122 53.28249 63.96754 62.89044 66.61493 89.43090000000001 
2.0 68.84045 36.54704 43.06737 54.06588 54.49762 63.95311 57.757600000000004 46.111689999999996 47.29342 64.51356 41.44617 56.91812 0 40.12877 72.00694 53.66212 62.553560000000004 21.0238 38.15583 30.75572 57.438700000000004 87.08819 88.77571 61.24577 23.60085 57.84095 58.97335 55.52417 44.21638 61.68249 39.36308 50.25971 49.64877 69.95985 11.84886 76.96012999999999 57.285399999999996 61.58734 53.84182 74.51356 60.921850000000006 48.68072 74.83836 55.971669999999996 60.41523 46.79836 42.38914 18.03122 118.51902 
40.54406 40.39463 63.53116 68.54861 34.058980000000005 36.4547 63.82006 65.72141 72.11103 28.10229 60.91951 73.91789 48.83646 40.12877 0 49.940169999999995 81.85338 61.61475 19.10497 63.50663 60.82139 38.548590000000004 92.69009 61.40033 39.05645 34.81951 51.57927 63.569649999999996 44.06667 36.61967 63.535880000000006 66.49161 19.23538 57.31425 70.58675 38.83298 69.12911 57.33688000000001 57.04307 37.15574 70.91951 57.24509 30.465200000000003 88.47749 68.28686 34.416 56.0803 16.03122 43.38202 99.75786 
70.52538 41.48048 76.21233 88.94637999999999 45.32245 18.02776 73.0 71.37765 108.73924 45.980019999999996 65.13043 91.79562 62.3313 72.00694 49.940169999999995 0 103.91577000000001 65.11528 68.57252 91.18754 53.85165 41.28952 99.29878000000001 23.47776 38.12885 52.697239999999994 57.235510000000005 70.17834 46.20863000000001 42.275909999999996 75.27736 103.07764 41.924929999999996 72.49575999999999 75.12431000000001 80.37424 50.23728 60.07781 49.34895 55.033469999999994 75.13043 76.50290000000001 48.342929999999996 92.0489 95.41639 15.52417 94.67424 33.90895 84.29189 113.40635 
52.81098 97.69161 52.61802 69.48689 74.69373 87.09191 43.420820000000006 99.00234 84.10481 75.82 51.44834 55.87362 60.161880000000004 53.66212 81.85338 103.91577000000001 0 39.69887 73.24616 52.98784 68.00065000000001 88.50607 70.27315 108.33854 103.07893 73.45707 106.65374 41.15271 65.44031 87.48064 38.94868 34.7898 90.55385 102.82097999999999 48.16981 62.44843 85.84219 83.25972 89.92743 84.62182 55.03635 34.82815 71.71449 58.18141 51.7898 92.46295 63.996359999999996 74.12308 38.471360000000004 100.75493 
60.553560000000004 71.88265999999999 52.683679999999995 78.50056000000001 37.40078 64.69547 18.073610000000002 90.5461 55.15701 47.539789999999996 28.99612 26.92582 34.81467 62.553560000000004 61.61475 65.11528 39.69887 0 80.71972 37.69615 51.24453 75.97321 47.820930000000004 81.35292 72.03556 57.09549 79.56569999999999 18.700490000000002 45.61709 55.97321 13.60147 55.89419 72.59803 106.72334000000001 38.36671 50.7047 61.04498 60.807500000000005 53.46027 53.75872 30.239140000000003 25.02505 32.01562 57.175520000000006 57.88465 64.83438 49.7792 46.4496 57.82076000000001 85.75271000000001 
23.0238 59.4996 57.570840000000004 49.44364 48.92582 55.55967 80.3809 78.7814 66.18912 47.20726 78.63920999999999 58.87274 67.27693 21.0238 19.10497 68.57252 73.24616 80.71972 0 56.26547 46.34856 57.65356 103.67039 80.28092000000001 51.42788 44.62465 70.68424 74.54995 63.17164 55.724639999999994 79.64896999999999 60.38688 38.34035 70.67257000000001 86.16302999999999 32.87266 77.12976 54.38827 68.07207 56.26071 88.63920999999999 76.35006 49.57017 92.86443 62.246539999999996 53.04835 50.03998 35.13619 39.05502 118.86283 
36.15583 89.6131 33.272670000000005 40.80441 68.14150000000001 87.51631 55.769760000000005 80.56334000000001 63.85144 53.48832 63.96754 35.62025 51.88449 38.15583 63.50663 91.18754 52.98784 37.69615 56.26547 0 49.24099 88.94817 85.36507 101.86472 85.90693 55.11032 80.05623 56.396640000000005 69.66937 75.59532 51.29762 18.19804 78.26153 86.16583 49.09175 27.73085 75.66373 88.28222000000001 86.40191 74.37399 67.93529000000001 60.93130000000001 67.68345000000001 68.92269999999999 24.28961 81.63425000000001 12.08305 63.24947 20.12461 113.44073 
32.75572 52.3677 22.36068 43.294579999999996 30.531999999999996 38.27532 42.1152 61.29346 54.88759 43.44282 53.037710000000004 60.141639999999995 58.85626 30.75572 60.82139000000001 53.85165 68.00065000000001 51.24453 46.34856 49.24099 0 59.83973 71.86252 66.24621 56.503040000000006 26.00188 57.98667 42.74208 49.518629999999995 41.484970000000004 37.64306 59.43913 53.85866 65.76867 46.43883 31.7805 47.26521 56.992779999999996 44.60352 56.054249999999996 54.280730000000005 49.06664 35.917159999999996 54.60788 55.67905 63.17495 43.5503 44.79017 48.78694 108.35612 
55.80323 11.40175 66.84002 70.08699 45.88363 44.248149999999995 65.04244 73.51486 97.67072 45.42863 69.50712 73.66901 63.98236 57.438700000000004 38.548590000000004 41.28952 88.50607 75.97321 57.653560000000006 88.94817 59.83973 0 88.33193 34.30418 37.02939 33.83785 59.37272 59.21149 59.25867 20.0 64.31051 93.16631 19.31321 57.39208000000001 72.7208 65.65209 53.46123 18.78829 37.7093 54.482079999999996 77.20797 65.53605 45.6572 81.36468 85.05568 45.71397 81.26147 41.9507 68.82356 122.9186 
85.08819 97.14334 63.10336 99.69664 62.661460000000005 89.95615000000001 34.951389999999996 123.53539 92.91358 81.89684 39.41607 70.30672999999999 51.49912 87.08819 92.69009 99.29878000000001 70.27315 47.82093 103.67039 85.36507 71.86251999999999 88.33193 0 107.14227 104.55987000000002 77.62087 114.90077 29.12044 65.12599 87.53048000000001 34.21946 90.29999000000001 90.16022000000001 128.23909 36.27332 85.84197 69.18832 71.22745 89.38210000000001 91.12524 47.11691999999999 35.445 67.95342 56.10427 73.29999000000001 90.05203 84.29298 77.25771 81.02469 96.17266000000001 
90.10741 32.06686 88.60689 101.63661 53.16445 41.505520000000004 72.42237 86.40819 118.80236 55.83581 67.7262 93.40771 55.643150000000006 88.77571 61.40033 23.47776 108.33854 81.35292 80.28092000000001 101.86472 66.24621 34.30418 107.14227000000001 0 60.23322 66.37821 72.26605 78.02183000000001 43.26662 52.66311 76.85635 117.6487 50.0 87.52629999999999 73.76313 95.66043 73.71504 53.092470000000006 27.89265 51.78803 77.7262 75.58439 52.176500000000004 91.4825 104.22562 39.00193 109.79651000000001 49.95922 97.04643999999999 125.20783 
63.24577 46.86226 76.49994 73.89406 47.210840000000005 21.26029 84.35406 56.44163 100.66454999999999 34.0147 80.26784 84.43697 74.70481 61.24577 39.05645 38.12885 103.07893 72.03556 51.42788 85.90693 56.50304 37.02939 104.55987 60.23322 0 37.64492 42.299490000000006 79.69944 55.26395 17.02939 84.79845999999999 93.65077000000001 55.43621 57.55974 89.77311 66.73111 67.17887 55.817679999999996 56.930769999999995 50.08037 87.23531 80.59500999999999 42.54414 101.40212 88.07383 47.59555 84.20371 29.21077 71.30919 110.17867 
25.60085 45.2396 48.36256 36.24914 30.46503 44.69125 60.892700000000005 67.66759 63.83287 30.85936 56.1852 65.04702 44.10215 23.60085 34.81951 52.697239999999994 73.45707 57.09549 44.62465 55.11032 26.00188 33.83785 77.62087 66.37821000000001 37.64492 0 53.52545 55.08934 37.36308 20.61553 56.42056 62.96393 27.85678 61.30745 63.486839999999994 35.44971 71.88618 52.53156 57.18567 39.91281 66.18520000000001 50.145179999999996 25.07987 71.19691 51.21783 37.173069999999996 47.42362 18.78829 34.98571 108.70047 
55.84095 49.36598 79.07888 79.58082999999999 55.67082 39.207750000000004 93.64273 14.14214 92.02189999999999 49.00257 86.49407 94.81817000000001 74.41102 57.84095 51.57927 57.235510000000005 106.65374 79.56569999999999 70.68424 80.05623 57.98667 59.37272 114.90077 72.26605 42.299490000000006 53.52545 0 87.81178 64.96695 39.37272 89.92527000000001 83.38664 65.77711 69.59257 92.91394 56.09276 85.21862 78.16101 49.89017 25.80698 96.49407 83.64989 51.36548 105.11500000000001 82.02439 56.02784 79.42936 37.64306 71.87217 127.55524 
56.97335 68.02289999999999 33.98319 70.5762 33.54102 60.835710000000006 5.83095 94.41495 63.79314 52.7764 10.29563 41.18629 22.37868 58.97335 63.569649999999996 70.17834 41.15271 18.700490000000002 74.54995 56.396640000000005 42.74208 59.21149 29.12044 78.02183000000001 79.69944 55.08934 87.81178 0 36.00555 64.23784 5.09902 61.17955 72.30759 100.24611999999999 19.66622 56.72153 48.802319999999995 42.10701 60.261660000000006 62.0048 17.99648 6.32456 38.83298 38.47503 44.17955 60.93159 55.17281 50.88028 69.86891 67.05222 
57.52417 53.468509999999995 53.11985 69.18092 18.98663 46.28132 33.06055 74.73266 78.56011 29.12564 25.70992 50.32892 37.79297 55.52417 44.06667 46.20863000000001 65.44031 45.61709 63.171640000000004 69.66937 49.51863 59.25867 65.12599 43.26662 55.26395 37.36308 64.96695 36.00555 0 41.393010000000004 35.460300000000004 77.52235 44.70505 80.52771 39.11372 67.37303 66.51576 42.0 29.15476 39.15997 35.70992 42.33011 13.60147 54.47474 60.959 46.420230000000004 73.16556 28.03545 64.85109 103.05777 
46.21638 29.83287 60.90165 56.86467 33.1767 24.24815 70.06879 53.51486 84.44839999999999 25.42863 63.81222 71.24423 63.74676 44.21638 36.61967 42.275909999999996 87.48064 55.97321 55.72464 75.59532 41.484970000000004 20.0 87.53048000000001 52.663109999999996 17.02939 20.61553 39.37272 64.23784 41.39301 0 69.33686 78.6327 38.406819999999996 54.63297 77.23219 51.71304 70.25901999999999 38.78829 46.11486 34.482079999999996 73.35756 63.89053 27.791539999999998 85.80383 71.83336 41.74234 68.03915 23.35756 55.47071 107.69945000000001 
59.68249 73.12192 39.08221 75.67522 38.640040000000006 65.93473 4.47214 97.64371 58.69412 52.7731 15.394649999999999 39.827479999999994 21.2132 61.68249 63.535880000000006 75.27736 38.94868 13.60147 79.64896999999999 51.29762 37.64306 64.31051 34.21946 76.85635 84.79845999999999 56.42056 89.92527000000001 5.09902 35.460300000000004 69.33686 0 61.28318 77.40413 102.19949 24.76524 59.23681 47.44351 47.206030000000005 64.00781 66.85058 16.63767 11.423580000000001 43.93177 43.57405 44.28318 66.03061 54.03702 55.9793 69.81972999999999 72.15124 
37.36308 99.35794 50.39618 39.07838 70.33954 89.8607 65.37584 80.89395999999999 75.38854 63.82006 70.61161 51.27785 69.07966 39.36308 66.49161 103.07764 34.7898 55.89419 60.38688 18.19804 59.43913 93.16631 90.29999 117.6487 93.65077000000001 62.96393 83.38664 61.17955 77.52235 78.6327 61.28318 0 85.62279 85.0 67.28979 27.65863 93.86177 92.72551999999999 93.79828 79.38750999999999 77.54137 54.85499 72.48769 63.44157 17.0 89.14034 29.20656 73.88396 38.322649999999996 106.01509 
48.25971 30.71496 68.96737 64.10592 38.76657 55.690079999999995 75.96861 79.91924999999999 91.34640999999999 38.219500000000004 68.90734 84.0351 56.82429 50.25971 19.23538 41.924929999999996 90.55385 72.59803 38.34035 78.26153 53.85866 19.31321 90.16022000000001 50.0 55.436209999999996 27.85678 65.77711 72.30759 44.70505 38.406819999999996 77.40413 85.62279 0 38.07887 83.81877 58.06836 61.11387 38.1015 53.41123 47.27295 78.03204 73.60312 40.58241 94.30951999999999 79.07461 26.40076 75.23962 28.134050000000002 62.617399999999996 110.32919000000001 
50.01 68.79383000000001 75.96052 91.07737 76.84544 54.467999999999996 106.07706999999999 83.73470999999999 95.76046 75.5925 106.23763 89.45617 94.90316 49.64877 57.31425 72.49575999999999 102.82097999999999 106.72334000000001 70.67257000000001 86.16583 65.76867 57.39208000000001 128.23909 87.52629999999999 57.55974 61.30745 69.59257 100.24611999999999 80.52771 54.63297 102.19949 85.0 38.07887 0 111.17166 59.85886 99.19274 76.18037000000001 84.25305 84.64595 116.11090999999999 103.61915 77.95541 115.12167 90.52002999999999 64.47963 78.31347 63.521429999999995 66.04122 95.08417 
67.95985 79.85797 41.00029 83.10905 53.20724 74.88166 24.38702 99.90495 73.5272 55.75841 20.59577 49.779979999999995 32.67882 69.95985 70.58675 75.12431000000001 48.16981 38.36671 86.16302999999999 49.09175 46.43883 72.7208 36.27332 73.76313 89.77311 63.48684 92.91394 19.66622 39.11372 77.23219 24.76524 67.28979 83.81877 111.17166 0 64.84597 61.401610000000005 54.154759999999996 64.38167 69.31811 30.59577 13.34166 52.71519 19.83095 51.19665 71.23173 61.05776 67.14917 64.39004 86.71844 
9.84886 75.9494 24.69818 41.31918 50.59644 62.34648 62.55248 53.23533 48.09466 39.82462 67.01716 49.295030000000004 64.76698 11.84886 38.83298 80.37424 62.44843 50.7047 32.87266 27.73085 31.7805 65.65209 85.84197 95.66043 66.73111 35.44971 56.09276 56.72153 67.37303 51.71304 59.23681 27.65863 58.06836 59.85886 64.84597 0 79.04571 65.2113 69.08937 52.09363 74.71801 52.356809999999996 55.34879 68.24222 44.65863 66.85058 37.7047 49.0408 25.88008 123.77375 
78.96012999999999 42.05948 69.62589 90.55978999999999 71.12565000000001 46.01087 42.97137 99.36076 93.29523 65.16896 40.80584 78.32426 52.88889 76.96012999999999 69.12911 50.23728 85.84219 61.04498 77.12976 75.66373 47.26521 53.46123 69.18832 73.71504 67.17887 71.88618 85.21862 48.80232 66.51576 70.25901999999999 47.44351 93.86177 61.11387 99.19274 61.401610000000005 79.04571 0 72.24952 68.36703 74.22241 30.80584 54.01673 67.53187 55.54278 91.72669 34.71311 87.74678 53.09789 77.36924 114.0044 
55.36244 30.19004 55.009550000000004 84.2362 59.12744 63.03644 47.937960000000004 92.30315 87.53646 64.21692 52.402640000000005 70.43025 57.00605 57.285399999999996 57.33688 60.07781 83.25972 60.807500000000005 54.38827 88.28222000000001 56.992779999999996 18.78829 71.22745 53.09247 55.81768 52.53156 78.16101 42.10701 42.0 38.78829 47.206030000000005 92.72551999999999 38.1015 76.18037000000001 54.154759999999996 65.2113 72.24952 0 56.49759 73.27037 60.10349000000001 48.43157 55.60147 73.98571 81.81808000000001 58.22364 76.19917000000001 60.73899 71.39366 109.15923000000001 
63.58734 26.30755 66.34387000000001 83.95707 26.720640000000003 53.86823 62.21531 60.01666 98.87078000000001 39.631460000000004 54.74486 74.10828000000001 66.82791 61.58734 57.04307 49.34895 89.92743 53.46027 68.07207 86.40191 44.60352 37.7093 89.38210000000001 27.89265 56.93077 57.18567 49.89017 60.261660000000006 29.15476 46.11486 64.00781 93.79828 53.41123 84.25305 64.38167 69.08937 68.36703 56.49759 0 24.08319 64.74486 61.29437 32.1058 81.69045 86.4782 59.396629999999995 83.38467 41.011849999999995 77.25776 104.54476 
51.84182 50.39074 58.66861 76.16194999999999 30.94366 54.26113 67.83575 39.94912 88.02277 23.19559 64.86989 69.01119 76.95294 53.84182 37.15574 55.033469999999994 84.62182 53.75872 56.26071 74.37398999999999 56.054249999999996 54.482079999999996 91.12524 51.78803 50.08037 39.91281 25.80698 62.0048 39.15997 34.482079999999996 66.85058 79.38750999999999 47.27295 84.64595 69.31811 52.09363 74.22241 73.27037 24.08319 0 71.12452 65.07066 25.558500000000002 83.57079 81.27019999999999 39.509299999999996 77.27886 21.12452 67.87304 111.0367 
74.3427 72.86532 50.869519999999994 87.45213 51.5375 76.81671 12.16553 105.05895 75.33179 62.07107 10.0 47.51842 22.08305 74.51356 70.91951 75.13043 55.03635 30.23914 88.63920999999999 67.93529000000001 54.28073 77.20796999999999 47.11691999999999 77.7262 87.23531 66.18520000000001 96.49407 17.99648 35.70992 73.35756 16.63767 77.54137 78.03204 116.11090999999999 30.59577 74.71800999999999 30.80584 60.10349 64.74486 71.12452 0 23.21089 49.311389999999996 38.76482 60.92085 60.63596 70.67469 60.0 68.88396 83.19856 
59.59624 74.34746 27.65863 75.81127 39.86558 67.16027 11.04536 89.40358 60.18554 56.01721 16.62019 46.4007 28.70324 60.921850000000006 57.24509 76.50290000000001 34.82815 25.02505 76.35006 60.9313 49.06664 65.53605 35.445 75.58439 80.59500999999999 50.145179999999996 83.64989 6.32456 42.330110000000005 63.89053 11.423580000000001 54.85499 73.60312 103.61915 13.34166 52.356809999999996 54.016729999999995 48.43157 61.29437 65.07066 23.21089 0 45.15754 33.17261 37.85499 67.25614999999999 48.84825 53.94614 63.544349999999994 73.37678000000001 
50.68072 39.867039999999996 45.00839 59.43904 5.38516 32.67985 43.01163 61.13119 77.5353 15.52417 39.31139 58.94144 51.39444 48.68072 30.465200000000003 48.342929999999996 71.71449 32.01562 49.570170000000005 67.68345 35.917159999999996 45.6572 67.95342 52.1765 42.54414 25.07987 51.365480000000005 38.83298 13.60147 27.791539999999998 43.93177 72.48769 40.582409999999996 77.95541 52.71519 55.34879 67.53187 55.60147 32.1058 25.558500000000002 49.31139 45.15754 0 68.07621 72.91737 32.81876 64.5882 14.43398 55.92228 95.8584 
73.08078 88.02702 51.39478 88.14189 67.61893 83.05071 44.21797 110.5293 58.07753 69.05592 28.76482 54.65038 40.84787 74.83836 88.47749 92.0489 58.18141 57.17552 92.86443 68.92269999999999 54.60788 81.36468 56.10427 91.4825 101.40212 71.19691 105.11500000000001 38.47503 54.47474 85.80383 43.57405 63.44157 94.30951999999999 115.12167 19.83095 68.24222 55.54278 73.98571 81.69045 83.57079 38.76482 33.17261 68.07621 0 66.03821 79.40078 58.18935 72.44627 67.12313 105.52725000000001 
54.36308 94.24238 33.39618 41.88078 71.4096 77.38863 48.75532 85.45272 63.97494999999999 66.28983 54.475179999999995 35.743759999999995 53.7122 55.971669999999996 68.28686 95.41639 51.7898 57.88465 62.246539999999996 24.28961 55.67905 85.05568 73.29999 104.22562 88.07383 51.21783 82.02439 44.17955 60.959 71.83336 44.28318 17.0 79.07461 90.52002999999999 51.19665 44.65863 91.72669 81.81808000000001 86.4782 81.2702 60.92085 37.85499 72.91737 66.03821 0 88.39089999999999 12.20656 70.00612 44.41422 89.15111999999999 
62.41523 48.93373 65.30981 73.42220999999999 36.41254 33.55193 66.76254 70.16998 97.83672 30.455849999999998 50.63596 76.27145 53.28249 60.41523 34.416 15.52417 92.46295 64.83438 53.04835 81.63425000000001 63.174949999999995 45.71397 90.05203 39.00193 47.59555 37.173069999999996 56.02784 60.93159 46.42023 41.74234 66.03061 89.14034 26.40076 64.47963 71.23173 66.85058 34.71311 58.22364 59.39663 39.509299999999996 60.63596 67.25615 32.81876 79.40078 88.39089999999999 0 84.53912 18.38478 68.76772 108.29696 
44.79836 90.20805 21.18962 50.12065 59.20304 77.03511 58.509159999999994 73.24616 51.76839 54.08327 65.46844 23.5372 63.96754 46.79836 56.0803 94.67424 63.996359999999996 49.7792 50.03998 12.08305 43.5503 81.26147 84.29298 109.79651 84.20371 47.42362 79.42936 55.17281 73.16556 68.03915 54.03702 29.20656 75.23962 78.31347 61.05776 37.7047 87.74678 76.19917000000001 83.38467 77.27886 70.67469 48.84825 64.5882 58.18935 12.20656 84.53912 0 66.15433999999999 32.207660000000004 101.35768 
44.38914 30.548949999999998 47.54409 55.03743 18.02776 33.136610000000005 56.71123 51.785199999999996 80.071 12.071069999999999 53.74537 57.88667 62.89044 42.38914 16.03122 33.90895 74.12308 46.4496 35.13619 63.24947 44.790169999999996 41.9507 77.25771 49.959219999999995 29.21077 18.78829 37.64306 50.88028 28.03545 23.35756 55.9793 73.88396 28.134050000000002 63.521429999999995 67.14917 49.0408 53.09789 60.73899 41.01185 21.12452 60.0 53.94614 14.43398 72.44627 70.00612 18.38478 66.15433999999999 0 51.66237 89.91217999999999 
16.03122 80.22531000000001 50.57826 55.23219 50.53712 68.52884 69.6716 60.53098 63.874069999999996 60.50226 60.20797 55.47739 66.61493 18.03122 43.38202 84.29189 38.471360000000004 57.82076000000001 39.05502 20.12461 48.78694 68.82356 81.02469 97.04643999999999 71.30919 34.98571 71.87217 69.86891 64.85109 55.47071 69.81972999999999 38.32265 62.617399999999996 66.04122 64.39004 25.88008 77.36924 71.39366 77.25776 67.87304 68.88396 63.544349999999994 55.92228 67.12313 44.41422 68.76772 32.207660000000004 51.66237 0 109.69665 
116.51902 111.51684999999999 101.03541000000001 127.14653 90.47324 114.48163 72.88317 141.69738 100.13474 101.98325 77.34785000000001 108.23851 89.43090000000001 118.51902 99.75786 113.40635 100.75493 85.75271000000001 118.86283 113.44072999999999 108.35612 122.9186 96.17266000000001 125.20783 110.17867 108.70047 127.55524 67.05222 103.05777 107.69945000000001 72.15124 106.01509 110.32919000000001 95.08417 86.71844000000002 123.77375 114.0044 109.15923000000001 104.54476 111.0367 83.19856 73.37678000000001 95.8584 105.52725000000001 89.15111999999999 108.29695999999998 101.35767999999999 89.91217999999999 109.69665 0 
