25
2 21 5 4 16 17 10 29 19 11 8 18 49 31 26 37 13 28 39 3 15 12 47 46 14
0 2475.3141100000003 929.40034 1194.73051 2357.56216 2508.67416 1675.25267 2524.7932499999997 1709.25952 3475.3592200000003 783.00511 2757.8812399999997 1618.16188 3670.68006 2502.81862 2325.89681 2684.76076 2474.6362200000003 3333.0750500000004 1434.5264 2905.5157900000004 3640.5937700000004 3289.89254 2275.81628 4013.5173500000005 
2475.3141100000003 0 2626.31697 2861.84953 2525.95357 2677.0655699999998 2468.64408 337.50259 1877.65093 3643.7506299999995 2156.06628 2926.27265 1786.55329 3839.07147 302.76393 2494.28822 2853.1521700000003 427.32657 3501.4664599999996 2770.38181 3073.9072 3808.98518 3458.28395 2444.20769 4181.90876 
929.40034 2626.31697 0 1998.0889499999998 2508.56502 2659.67702 1104.74115 2675.79611 1860.2623800000001 3626.36208 1363.31361 2908.8841 1769.1647400000002 3821.68292 2653.82148 2476.8996700000002 2835.76362 2625.63908 3484.07791 2071.62216 3056.51865 3791.59663 3440.8954000000003 2426.81914 4164.52021 
1194.73051 2861.84953 1998.0889499999998 0 2744.09758 2895.2095799999997 2043.2992299999999 2911.32867 2095.7949399999998 3861.8946399999995 705.78325 3144.41666 2004.6973 4057.21548 2889.35404 2712.43223 3071.2961800000003 2861.17164 3719.6104699999996 502.31166 3292.05121 4027.1291899999997 3676.42796 2662.3517 4400.052769999999 
2357.56216 2525.9535699999997 2508.56502 2744.0975799999997 0 375.82177 2350.89213 2575.43271 1105.1561 1282.55448 2038.31433 454.67021 1668.80134 3721.31952 2553.45808 2376.53627 364.56001 2525.2756799999997 3383.71451 2652.62986 1793.26769 1716.56925 3340.532 2326.45574 2089.49283 
2508.67416 2677.0655699999998 2659.67702 2895.20958 375.82177 0 2502.0041300000003 2726.54471 1205.68819 966.68506 2189.4263300000002 309.02589 1819.91334 3872.43152 2704.57008 2527.64827 598.66685 2676.38768 3534.82651 2803.74186 1580.12563 1352.87841 3491.6440000000002 2477.56774 1725.80199 
1675.25267 2468.64408 1104.74115 2043.2992299999999 2350.89213 2502.0041300000003 0 2518.12322 1702.58949 3468.68919 1337.51598 2751.21121 1611.49185 3664.01003 2496.14859 2319.22678 2678.09073 2467.96619 3326.40502 1817.84598 2898.84576 3633.92374 3283.22251 2269.14625 4006.8473200000003 
2524.7932499999997 337.50259 2675.7961099999998 2911.32867 2575.43271 2726.54471 2518.12322 0 1927.13007 3693.22977 2205.54542 2975.75179 1836.03243 3888.55061 37.12142 2543.76736 2902.6313099999998 117.047 3550.9456 2819.8609500000002 3123.38634 3858.46432 3507.76309 2493.6868299999996 4231.3879 
1709.25952 1877.65093 1860.2623800000001 2095.7949399999998 1105.1561 1205.68819 1702.58949 1927.13007 0 2172.37325 1390.01169 1477.40482 1020.4987 3073.01688 1905.15544 1728.2336300000002 1445.42105 1876.97304 2735.41187 2004.3272200000001 1296.71007 1931.33425 2692.2293600000003 1678.1531 2304.25783 
3475.35922 3643.7506299999995 3626.36208 3861.89464 1282.55448 966.68506 3468.68919 3693.22977 2172.37325 0 3156.11139 849.84763 2786.5984 4839.11658 3671.2551399999998 3494.33333 1270.84617 3643.0727399999996 4501.51157 3770.42692 1981.39471 1123.0138 4458.32906 3444.2527999999998 1348.6141 
783.00511 2156.06628 1363.31361 705.78325 2038.3143300000002 2189.4263300000002 1337.51598 2205.54542 1390.01169 3156.11139 0 2438.63341 1298.91405 3351.43223 2183.5707899999998 2006.64898 2365.51293 2155.38839 3013.82722 708.30855 2586.26796 3321.34594 2970.64471 1956.56845 3694.2695200000003 
2757.8812399999997 2926.27265 2908.8840999999998 3144.41666 454.67021 309.02589 2751.21121 2975.75179 1477.40482 849.84763 2438.63341 0 2069.1204199999997 4121.6386 2953.7771599999996 2776.85535 449.80996 2925.59476 3784.03359 3052.94894 1889.15152 1504.87375 3740.85108 2726.7748199999996 1847.15267 
1618.16188 1786.5532899999998 1769.16474 2004.6972999999998 1668.80134 1819.91334 1611.4918499999999 1836.0324299999997 1020.4987 2786.5984 1298.9140499999999 2069.1204199999997 0 2981.91924 1814.0578 1637.13599 1995.9999400000002 1785.8754 2644.31423 1913.2295800000002 2216.75497 2951.83295 1678.93121 961.17012 3324.75653 
3670.68006 3839.07147 3821.68292 4057.2154800000003 3721.31952 3872.43152 3664.0100300000004 3888.5506100000002 3073.01688 4839.11658 3351.4322300000003 4121.6386 2981.91924 0 3866.57598 1344.78325 4048.51812 3838.39358 508.07283 3965.74776 4269.27315 5004.35113 4653.6499 3639.57364 5377.27471 
2502.81862 302.76393 2653.82148 2889.3540399999997 2553.45808 2704.57008 2496.14859 37.12142 1905.15544 3671.25514 2183.5707899999998 2953.7771599999996 1814.0578 3866.57598 0 2521.79273 2880.65668 136.74063 3528.9709700000003 2797.88632 3101.4117100000003 3836.4896900000003 3485.7884599999998 2471.7122 4209.41327 
2325.89681 2494.2882200000004 2476.8996700000002 2712.4322300000003 2376.53627 2527.64827 2319.22678 2543.76736 1728.2336300000002 3494.3333300000004 2006.6489800000002 2776.85535 1637.1359900000002 1344.78325 2521.79273 0 2703.7348700000002 2493.6103300000004 1007.17824 2620.9645100000002 2924.4899000000005 3659.5678800000005 3308.86665 2294.79039 4032.4914600000006 
2684.76076 2853.1521700000003 2835.76362 3071.29618 364.56001 598.66685 2678.09073 2902.6313099999998 1445.42105 1270.84617 2365.51293 449.80996 1995.9999400000002 4048.51812 2880.65668 2703.7348700000002 0 2852.4742800000004 3710.9131100000004 2979.82846 2157.8277 1928.9733 3667.7306 2653.65434 2296.96263 
2474.6362200000003 427.32657 2625.63908 2861.17164 2525.27568 2676.38768 2467.96619 117.047 1876.97304 3643.0727399999996 2155.38839 2925.59476 1785.8754000000001 3838.39358 136.74063 2493.61033 2852.4742800000004 0 3500.7885699999997 2769.70392 3073.22931 3808.30729 3457.60606 2443.5298000000003 4181.23087 
3333.07505 3501.4664599999996 3484.07791 3719.61047 3383.71451 3534.82651 3326.40502 3550.9456 2735.41187 4501.51157 3013.82722 3784.03359 2644.31423 508.07283 3528.97097 1007.17824 3710.91311 3500.7885699999997 0 3628.14275 3931.6681399999998 4666.74612 4316.04489 3301.96863 5039.6696999999995 
1434.5264 2770.38181 2071.62216 502.31166 2652.62986 2803.74186 1817.84598 2819.8609500000002 2004.3272200000001 3770.42692 708.30855 3052.94894 1913.2295800000002 3965.74776 2797.88632 2620.9645100000002 2979.82846 2769.70392 3628.14275 0 3200.58349 3935.66147 3584.9602400000003 2570.88398 4308.58505 
2905.51579 3073.9071999999996 3056.51865 3292.05121 1793.26769 1580.12563 2898.84576 3123.38634 1296.71007 1981.39471 2586.26796 1889.15152 2216.75497 4269.27315 3101.41171 2924.4899 2157.8277 3073.2293099999997 3931.6681399999998 3200.58349 0 1128.18128 3888.48563 2874.40937 1337.88826 
3640.59377 3808.9851799999997 3791.59663 4027.12919 1716.56925 1352.87841 3633.92374 3858.46432 1931.33425 1123.0138 3321.34594 1504.87375 2951.83295 5004.35113 3836.48969 3659.56788 1928.9733 3808.3072899999997 4666.74612 3935.66147 1128.18128 0 4623.56361 3609.48735 372.92358 
3289.8925400000003 3458.28395 3440.8954000000003 3676.4279600000004 3340.532 3491.6440000000002 3283.2225100000005 3507.7630900000004 2692.2293600000003 4458.32906 2970.6447100000005 3740.8510800000004 1678.93121 4653.6499 3485.78846 3308.8666500000004 3667.7306000000003 3457.60606 4316.04489 3584.9602400000003 3888.48563 4623.56361 0 2633.7861199999998 4996.48719 
2275.81628 2444.20769 2426.81914 2662.3517 2326.45574 2477.56774 2269.14625 2493.6868299999996 1678.1531 3444.2528 1956.56845 2726.7748199999996 961.17012 3639.57364 2471.7122 2294.79039 2653.65434 2443.5298000000003 3301.9686300000003 2570.88398 2874.4093700000003 3609.4873500000003 2633.7861199999998 0 3982.4109300000005 
4013.51735 4181.90876 4164.52021 4400.05277 2089.49283 1725.80199 4006.84732 4231.3879 2304.25783 1348.6141 3694.26952 1847.15267 3324.75653 5377.27471 4209.41327 4032.49146 2296.96263 4181.23087 5039.6697 4308.58505 1337.88826 372.92358 4996.48719 3982.41093 0 
