50
22 63 30 36 37 74 10 50 78 13 26 21 72 67 80 86 24 32 19 69 70 2 53 12 16 73 94 98 42 87 66 76 100 82 92 1 71 59 45 89 97 31 47 33 20 28 91 7 88 75
0 10844.25603 1378.21987 7476.0566 7582.356540000001 6427.53145 6427.53145 8616.82746 10297.27007 8970.53165 3513.4437399999997 3927.53145 8397.01158 7602.89522 10899.96543 9793.27669 2136.42341 8735.15057 10773.05639 11655.509460000001 9651.61349 9777.19974 8083.8867900000005 8673.55905 8992.64041 11844.85787 9387.133740000001 6624.23681 7939.32013 9651.20529 8058.774530000001 11735.36117 9289.94591 8413.77262 8050.09886 8498.68234 11760.51125 11152.466480000001 8936.90687 9109.51448 8848.96181 9315.82385 8199.06751 10200.704300000001 10446.63198 3274.19887 8190.9605 10439.75334 6427.53145 13096.458849999999 
10844.25603 0 10088.91294 7965.2497299999995 8071.54967 6916.72458 6916.72458 9106.02059 10786.4632 9459.72478 7521.80722 6916.72458 8886.20471 4864.93823 11389.15856 10282.46982 8707.832620000001 9224.3437 11262.24952 2939.15379 1354.46558 10266.392870000001 8573.07992 9162.75218 9481.83354 12334.051 9876.32687 7113.42994 8428.51326 10140.39842 3184.60202 12224.5543 9779.13904 8902.96575 8539.29199 8987.875469999999 12249.70438 11641.65961 9426.1 9598.70761 9338.15494 9805.01698 8688.26064 10689.89743 10935.82511 7770.79776 8680.15363 10928.94647 6916.72458 13585.651979999999 
1378.21987 10088.91294 0 6720.71351 6827.01345 5672.18836 5672.18836 7861.48437 9541.92698 8215.18856 2581.15052 3172.1883599999996 7641.66849 6847.55213 10144.62234 9037.9336 1789.83826 7979.8074799999995 10017.7133 10900.16637 8896.2704 9021.85665 7328.5437 7918.2159599999995 8237.29732 11089.51478 8631.79065 5868.89372 7183.97704 8895.8622 7303.43144 10980.01808 8534.60282 7658.42953 7294.75577 7743.33925 11005.168160000001 10397.12339 8181.56378 8354.17139 8093.61872 8560.48076 7443.7244200000005 9445.361210000001 9691.28889 2318.11518 7435.61741 9684.41025 5672.18836 12341.115759999999 
7476.0566 7965.2497299999995 6720.71351 0 1355.42244 3548.52515 3548.52515 5737.8211599999995 7418.26377 6091.52535 4153.60779 3548.52515 5518.005279999999 4723.888919999999 8020.959129999999 6914.27039 5339.6331900000005 2995.28179 7894.05009 8776.50316 6772.60719 6898.19344 5204.88049 5794.55275 6113.63411 8965.851569999999 6508.12744 3745.23051 5060.31383 6772.19899 5179.76823 8856.35487 6410.939609999999 5534.76632 5171.09256 5619.67604 8881.504949999999 8273.46018 6057.90057 6230.50818 5969.95551 1852.8103 5320.06121 3648.79035 7567.625679999999 4402.59833 5311.9542 7560.74704 3548.52515 10217.452549999998 
7582.356540000001 8071.54967 6827.01345 1355.42244 0 3654.8250900000003 3654.8250900000003 5844.1211 7524.56371 6197.825290000001 4259.90773 3654.8250900000003 5624.30522 4830.18886 8127.25907 7020.5703300000005 5445.93313 1719.48161 8000.3500300000005 8882.803100000001 6878.90713 7004.49338 5311.18043 5900.85269 6219.93405 9072.15151 6614.42738 3851.53045 5166.61377 6878.49893 5286.0681700000005 8962.65481 6517.23955 5641.0662600000005 5277.3925 5725.97598 8987.80489 8379.76012 6164.200510000001 6336.80812 6076.255450000001 2689.56651 5426.361150000001 2618.34776 7673.92562 4508.898270000001 5418.25414 7667.04698 3654.8250900000003 10323.752489999999 
6427.53145 6916.72458 5672.18836 3548.52515 3654.8250900000003 0 2500.0 4689.29601 3869.73862 5043.0002 3105.08264 2500.0 1969.48013 3675.36377 4472.43398 5865.74524 4291.10804 4807.619119999999 6845.52494 7727.978010000001 5724.082039999999 5849.66829 4156.35534 4746.027599999999 5065.10896 5417.32642 5459.60229 2696.70536 4011.78868 5723.6738399999995 4131.24308 5307.82972 5362.41446 4486.24117 4122.56741 4571.15089 5332.9798 7224.935030000001 5009.37542 5181.983029999999 4921.43036 5388.2924 4271.53606 6273.172850000001 6519.10053 3354.07318 4263.42905 6512.22189 2500.0 6668.9274 
6427.53145 6916.72458 5672.18836 3548.52515 3654.8250900000003 2500.0 0 4689.29601 6369.73862 5043.0002 3105.08264 2500.0 4469.48013 3675.36377 6972.43398 5865.74524 4291.10804 4807.619119999999 6845.52494 7727.978010000001 5724.082039999999 3349.66829 4156.35534 4746.027599999999 5065.10896 7917.32642 5459.60229 2696.70536 4011.78868 5723.6738399999995 4131.24308 7807.82972 5362.41446 4486.24117 4122.56741 2071.15089 7832.9798 7224.935030000001 5009.37542 5181.983029999999 4921.43036 5388.2924 4271.53606 6273.172850000001 6519.10053 3354.07318 4263.42905 4012.22189 2500.0 9168.927399999999 
8616.82746 9106.02059 7861.48437 5737.8211599999995 5844.1211 4689.29601 4689.29601 0 8559.03463 7232.29621 5294.37865 4689.29601 6658.77614 5864.65978 9161.72999 8055.04125 6480.40405 6996.915129999999 9034.820950000001 9917.27402 7913.378049999999 8038.9643 6345.65135 6935.3236099999995 7254.40497 10106.62243 7648.8983 4886.00137 3577.67802 7912.9698499999995 6320.53909 9997.12573 7551.71047 6675.53718 6311.86342 6760.4469 10022.27581 9414.23104 4563.268120000001 7371.279039999999 7110.72637 7577.58841 3960.83207 8462.46886 8708.39654 5543.36919 6452.72506 8701.517899999999 4689.29601 11358.223409999999 
10297.27007 10786.4632 9541.92698 7418.26377 7524.56371 3869.73862 6369.73862 8559.03463 0 8912.73882 6974.82126 6369.73862 4170.84264 7545.10239 1667.88879 9735.48386 8160.84666 8677.35774 10715.26356 11597.71663 9593.82066 9719.40691 8026.09396 8615.76622 8934.84758 1547.5878 9329.340909999999 6566.44398 7881.5273 9593.41246 8000.9817 1438.0911 9232.15308 8355.97979 7992.30603 8440.88951 2428.3132 11094.673649999999 8879.11404 9051.72165 8791.16898 9258.03102 8141.27468 10142.911470000001 10388.83915 7223.8118 8133.16767 10381.96051 6369.73862 3221.90864 
8970.53165 9459.72478 8215.18856 6091.52535 6197.825290000001 5043.0002 5043.0002 7232.29621 8912.73882 0 5648.08284 5043.0002 7012.48033 6218.36397 9515.43418 8408.74544 6834.1082400000005 7350.61932 2890.84209 10270.978210000001 8267.08224 8392.66849 6699.3555400000005 3859.33284 729.80134 10460.32662 8002.60249 5239.70556 6554.78888 8266.67404 6674.243280000001 10350.82992 7905.41466 7029.241370000001 6665.56761 7114.15109 10375.98 9767.935230000001 7552.375620000001 7724.98323 7464.430560000001 7931.292600000001 6814.536260000001 8816.173050000001 2437.76332 5897.073380000001 6806.42925 9055.22209 5043.0002 11711.927599999999 
3513.4437399999997 7521.807220000001 2581.15052 4153.60779 4259.90773 3105.08264 3105.08264 5294.378650000001 6974.821260000001 5648.08284 0 605.08264 5074.5627700000005 4280.4464100000005 7577.51662 6470.827880000001 1377.02033 5412.70176 7450.60758 8333.06065 6329.16468 6454.75093 4761.437980000001 5351.11024 5670.1916 8522.40906 6064.684929999999 3301.788 4616.87132 6328.75648 4736.32572 8412.91236 5967.4971000000005 5091.32381 4727.65005 5176.2335299999995 8438.062440000002 7830.017669999999 5614.45806 5787.06567 5526.513 5993.37504 4876.6187 6878.25549 7124.18317 273.48126 4868.51169 7117.30453 3105.08264 9774.01004 
3927.53145 6916.72458 3172.1883599999996 3548.52515 3654.8250900000003 2500.0 2500.0 4689.29601 6369.73862 5043.0002 605.08264 0 4469.48013 3675.36377 6972.43398 5865.74524 1791.10804 4807.619119999999 6845.52494 7727.978010000001 5724.082039999999 5849.66829 4156.35534 4746.027599999999 5065.10896 7917.32642 5459.60229 2696.70536 4011.78868 5723.6738399999995 4131.24308 7807.82972 5362.41446 4486.24117 4122.56741 4571.15089 7832.9798 7224.935030000001 5009.37542 5181.983029999999 4921.43036 5388.2924 4271.53606 6273.172850000001 6519.10053 854.07318 4263.42905 6512.22189 2500.0 9168.927399999999 
8397.01158 8886.20471 7641.66849 5518.005279999999 5624.30522 1969.48013 4469.48013 6658.77614 4170.84264 7012.48033 5074.56277 4469.48013 0 5644.8439 2502.95385 7835.22537 6260.58817 6777.099249999999 8815.00507 9697.45814 7693.562169999999 7819.1484199999995 6125.83547 6715.507729999999 7034.5890899999995 4379.25256 7429.08242 4666.18549 5981.26881 7693.153969999999 6100.72321 3822.4967 7331.89459 6455.7213 6092.04754 6540.63102 3363.49967 9194.41516 6978.85555 7151.463159999999 6890.91049 7357.77253 6241.01619 8242.65298 8488.58066 5323.55331 6232.90918 8481.70202 4469.48013 4699.44727 
7602.89522 4864.93823 6847.55213 4723.888919999999 4830.18886 3675.36377 3675.36377 5864.65978 7545.10239 6218.36397 4280.44641 3675.36377 5644.8439 0 8147.79775 7041.10901 5466.47181 5982.982889999999 8020.88871 6368.79423 3879.1882400000004 7025.03206 5331.71911 5921.391369999999 6240.4727299999995 9092.69019 6634.96606 3872.06913 5187.15245 6899.037609999999 2633.25692 8983.19349 6537.77823 5661.60494 5297.93118 5746.51466 9008.34357 8400.2988 6184.73919 6357.346799999999 6096.79413 6563.65617 5446.89983 7448.536620000001 7694.4643 4529.43695 5438.79282 7687.58566 3675.36377 10344.291169999999 
10899.96543 11389.15856 10144.62234 8020.959129999999 8127.25907 4472.43398 6972.43398 9161.72999 1667.88879 9515.43418 7577.516619999999 6972.43398 2502.95385 8147.79775 0 10338.17922 8763.54202 9280.0531 11317.95892 12200.41199 10196.51602 10322.102270000001 8628.78932 9218.46158 9537.54294 1968.00432 9932.03627 7169.13934 8484.22266 10196.10782 8603.67706 1431.68188 9834.84844 8958.67515 8595.00139 9043.584869999999 1572.60167 11697.36901 9481.8094 9654.41701 9393.86434 9860.72638 8743.97004 10745.60683 10991.53451 7826.50716 8735.86303 10984.65587 6972.43398 2861.51918 
9793.27669 10282.46982 9037.9336 6914.27039 7020.5703300000005 5865.74524 5865.74524 8055.04125 9735.48386 8408.74544 6470.82788 5865.74524 7835.22537 7041.10901 10338.17922 0 7656.85328 8173.36436 10211.27018 11093.723250000001 9089.82728 9215.41353 7522.10058 8111.77284 8430.8542 11283.07166 8825.347530000001 6062.4506 7377.53392 2922.55676 7496.98832 11173.57496 8728.1597 2832.0143 7488.31265 7936.89613 11198.725040000001 10590.68027 8375.12066 2677.55299 8287.1756 8754.03764 7637.281300000001 9638.918090000001 9884.84577 6719.8184200000005 7629.17429 9877.96713 3365.74524 12534.672639999999 
2136.42341 8707.832620000001 1789.83826 5339.6331900000005 5445.93313 4291.10804 4291.10804 6480.40405 8160.84666 6834.10824 1377.02033 1791.10804 6260.58817 5466.47181 8763.54202 7656.85328 0 6598.72716 8636.63298 9519.08605 7515.19008 7640.77633 5947.46338 6537.13564 6856.217000000001 9708.43446 7250.71033 4487.8134 5802.896720000001 7514.7818800000005 5922.35112 9598.93776 7153.5225 6277.34921 5913.675450000001 6362.25893 9624.08784 9016.04307 6800.4834599999995 6973.09107 6712.5383999999995 7179.400439999999 6062.6440999999995 8064.28089 8310.20857 1137.77546 6054.53709 8303.32993 4291.10804 10960.03544 
8735.15057 9224.3437 7979.8074799999995 2995.28179 1719.48161 4807.619119999999 4807.619119999999 6996.915129999999 8677.35774 7350.61932 5412.701759999999 4807.619119999999 6777.099249999999 5982.982889999999 9280.0531 8173.36436 6598.7271599999995 0 9153.144059999999 10035.59713 8031.701159999999 8157.287409999999 6463.974459999999 7053.646719999999 7372.728079999999 10224.945539999999 7767.221409999999 5004.324479999999 6319.407799999999 8031.292959999999 6438.8622 10115.44884 7670.033579999999 6793.86029 6430.186529999999 6878.770009999999 10140.59892 9532.55415 7316.99454 7489.602149999999 7229.04948 4409.04812 6579.15518 3410.20498 8826.71965 5661.6923 6571.048169999999 8819.84101 4807.619119999999 11476.546519999998 
10773.05639 11262.249520000001 10017.7133 7894.050090000001 8000.3500300000005 6845.52494 6845.52494 9034.820950000001 10715.26356 2890.84209 7450.60758 6845.52494 8815.00507 8020.88871 11317.95892 10211.27018 8636.63298 9153.14406 0 12073.50295 10069.60698 10195.19323 8501.880280000001 3863.8605 2210.20044 12262.851359999999 9805.12723 7042.2303 8357.31362 10069.19878 8476.76802 12153.354659999999 9707.9394 8831.76611 8468.09235 8916.67583 12178.50474 11570.45997 9354.90036 9527.50797 9266.9553 9733.81734 8617.061 10618.69779 485.89093 7699.598120000001 8608.95399 10857.74683 6845.52494 13514.452339999998 
11655.50946 2939.15379 10900.166369999999 8776.50316 8882.8031 7727.97801 7727.97801 9917.27402 11597.716629999999 10270.97821 8333.06065 7727.97801 9697.458139999999 6368.79423 12200.411989999999 11093.72325 9519.08605 10035.59713 12073.50295 0 2489.60599 11077.6463 9384.33335 9974.00561 10293.08697 13145.304429999998 10687.5803 7924.68337 9239.76669 10951.65185 4255.6111 13035.807729999999 10590.392469999999 9714.21918 9350.54542 9799.1289 13060.95781 12452.91304 10237.35343 10409.96104 10149.40837 10616.27041 9499.51407 11501.15086 11747.07854 8582.05119 9491.40706 11740.1999 7727.97801 14396.905409999998 
9651.61349 1354.46558 8896.2704 6772.607189999999 6878.90713 5724.082039999999 5724.082039999999 7913.378049999999 9593.82066 8267.08224 6329.164679999999 5724.082039999999 7693.562169999999 3879.1882400000004 10196.51602 9089.82728 7515.190079999999 8031.701159999999 10069.60698 2489.60599 0 9073.750329999999 7380.437379999999 7970.109639999999 8289.190999999999 11141.408459999999 8683.68433 5920.787399999999 7235.870719999999 8947.755879999999 1849.71484 11031.911759999999 8586.4965 7710.32321 7346.649449999999 7795.232929999999 11057.061839999998 10449.01707 8233.45746 8406.065069999999 8145.5124 8612.37444 7495.6181 9497.25489 9743.182569999999 6578.15522 7487.511089999999 9736.303929999998 5724.082039999999 12393.009439999998 
9777.19974 10266.39287 9021.85665 6898.193439999999 7004.49338 5849.66829 3349.66829 8038.9643 9719.40691 8392.66849 6454.750929999999 5849.66829 7819.1484199999995 7025.03206 10322.10227 9215.41353 7640.77633 8157.287409999999 10195.19323 11077.6463 9073.750329999999 0 7506.02363 8095.695889999999 8414.77725 11266.994709999999 8809.27058 6046.3736499999995 7361.456969999999 9073.342129999999 7480.91137 11157.49801 8712.08275 7835.90946 7472.235699999999 2099.12863 11182.648089999999 10574.60332 8359.04371 8531.651319999999 8271.09865 8737.96069 7621.20435 9622.84114 9868.76882 6703.74147 7613.097339999999 1138.79322 5849.66829 12518.595689999998 
8083.8867900000005 8573.07992 7328.5437 5204.88049 5311.18043 4156.35534 4156.35534 6345.65135 8026.09396 6699.3555400000005 4761.43798 4156.35534 6125.83547 5331.71911 8628.78932 7522.10058 5947.46338 6463.974459999999 8501.880280000001 9384.33335 7380.437379999999 7506.02363 0 6402.3829399999995 6721.4643 9573.68176 7115.95763 4353.0607 5668.14402 7380.0291799999995 5787.59842 9464.18506 7018.7698 6142.59651 5778.92275 6227.50623 9489.33514 3147.996 6665.73076 6838.3383699999995 6577.7857 7044.64774 5927.8914 7929.528190000001 8175.45587 5010.42852 5919.78439 8168.57723 4156.35534 10825.282739999999 
8673.55905 9162.75218 7918.2159599999995 5794.552749999999 5900.85269 4746.027599999999 4746.027599999999 6935.3236099999995 8615.76622 3859.33284 5351.110239999999 4746.027599999999 6715.507729999999 5921.391369999999 9218.46158 8111.77284 6537.1356399999995 7053.646719999999 3863.8605 9974.00561 7970.109639999999 8095.695889999999 6402.3829399999995 0 3433.13851 10163.354019999999 7705.629889999999 4942.732959999999 6257.816279999999 7969.701439999999 6377.27068 10053.85732 7608.442059999999 6732.26877 6368.595009999999 6817.178489999999 10079.007399999999 9470.96263 7255.40302 7428.010629999999 7167.45796 7634.32 6517.56366 8519.20045 4349.75143 5600.10078 6509.456649999999 8758.249489999998 4746.027599999999 11414.954999999998 
8992.64041 9481.83354 8237.29732 6113.634109999999 6219.93405 5065.10896 5065.10896 7254.40497 8934.84758 729.80134 5670.191599999999 5065.10896 7034.5890899999995 6240.4727299999995 9537.54294 8430.8542 6856.217 7372.728079999999 2210.20044 10293.08697 8289.190999999999 8414.77725 6721.4643 3433.13851 0 10482.435379999999 8024.711249999999 5261.8143199999995 6576.897639999999 8288.782799999999 6696.35204 10372.93868 7927.5234199999995 7051.35013 6687.676369999999 7136.2598499999995 10398.088759999999 9790.04399 7574.48438 7747.091989999999 7486.53932 7953.40136 6836.64502 8838.28181 1783.20162 5919.18214 6828.538009999999 9077.330849999998 5065.10896 11734.036359999998 
11844.85787 12334.051 11089.514780000001 8965.85157 9072.15151 5417.32642 7917.32642 10106.62243 1547.5878 10460.32662 8522.40906 7917.32642 4379.25256 9092.690190000001 1968.00432 11283.071660000001 9708.43446 10224.94554 12262.85136 13145.30443 11141.40846 11266.99471 9573.68176 10163.35402 10482.43538 0 10876.92871 8114.03178 9429.1151 11141.00026 9548.5695 556.75668 10779.740880000001 9903.56759 9539.89383 9988.47731 1470.78109 12642.26145 10426.70184 10599.30945 10338.75678 10805.61882 9688.86248 11690.49927 11936.426950000001 8771.3996 9680.75547 11929.54831 7917.32642 1705.80919 
9387.133740000001 9876.32687 8631.79065 6508.12744 6614.427380000001 5459.602290000001 5459.602290000001 7648.898300000001 9329.34091 8002.602490000001 6064.68493 5459.602290000001 7429.082420000001 6634.966060000001 9932.03627 8825.347530000001 7250.710330000001 7767.22141 9805.127230000002 10687.580300000001 8683.68433 8809.27058 7115.957630000001 7705.62989 8024.71125 10876.92871 0 2969.78848 6971.39097 8683.27613 7090.845370000001 10767.43201 1242.84915 7445.843460000001 2573.7904 7530.753180000001 10792.58209 10184.537320000001 7968.977710000001 8141.58532 567.06702 8347.894690000001 7231.138350000001 9232.775140000002 9478.70282 6313.675470000001 1358.95548 9471.82418 5459.602290000001 12128.52969 
6624.23681 7113.42994 5868.89372 3745.23051 3851.53045 2696.70536 2696.70536 4886.00137 6566.44398 5239.70556 3301.788 2696.70536 4666.18549 3872.06913 7169.13934 6062.4506 4487.8134 5004.324479999999 7042.2303 7924.683370000001 5920.787399999999 6046.3736499999995 4353.0607 4942.732959999999 5261.8143199999995 8114.03178 2969.78848 0 4208.49404 5920.379199999999 4327.94844 8004.53508 2665.7091 4682.94653 1798.49826 4767.85625 8029.68516 7421.6403900000005 5206.08078 5378.688389999999 2448.36027 5584.99776 4468.24142 6469.878210000001 6715.80589 3550.77854 1833.60983 6708.92725 2696.70536 9365.632759999999 
7939.32013 8428.51326 7183.97704 5060.31383 5166.61377 4011.78868 4011.78868 3577.67802 7881.5273 6554.78888 4616.87132 4011.78868 5981.26881 5187.15245 8484.22266 7377.53392 5802.896720000001 6319.4078 8357.31362 9239.76669 7235.87072 7361.45697 5668.14402 6257.81628 6576.89764 9429.115099999999 6971.39097 4208.4940400000005 0 7235.46252 5643.03176 9319.6184 6874.2031400000005 5998.02985 5634.35609 6082.9395700000005 9344.768479999999 8736.72371 2722.63475 6693.77171 6433.21904 6900.08108 1279.12666 7784.9615300000005 8030.889209999999 4865.86186 5775.21773 8024.01057 4011.78868 10680.716079999998 
9651.20529 10140.39842 8895.8622 6772.198989999999 6878.49893 5723.6738399999995 5723.6738399999995 7912.9698499999995 9593.41246 8266.67404 6328.756479999999 5723.6738399999995 7693.153969999999 6899.037609999999 10196.10782 2922.55676 7514.78188 8031.292959999999 10069.198779999999 10951.65185 8947.755879999999 9073.342129999999 7380.0291799999995 7969.701439999999 8288.782799999999 11141.000259999999 8683.27613 5920.379199999999 7235.462519999999 0 7354.91692 11031.50356 8586.0883 1253.59044 7346.241249999999 7794.824729999999 11056.65364 10448.60887 8233.04926 547.60935 8145.1042 8611.96624 7495.2099 9496.84669 9742.77437 6577.74702 7487.102889999999 9735.89573 3223.67384 12392.601239999998 
8058.774530000001 3184.60202 7303.43144 5179.76823 5286.0681700000005 4131.24308 4131.24308 6320.53909 8000.9817 6674.243280000001 4736.32572 4131.24308 6100.72321 2633.25692 8603.67706 7496.98832 5922.35112 6438.8622 8476.76802 4255.6111 1849.71484 7480.91137 5787.59842 6377.27068 6696.35204 9548.5695 7090.84537 4327.94844 5643.03176 7354.91692 0 9439.0728 6993.65754 6117.48425 5753.81049 6202.39397 9464.222880000001 8856.17811 6640.6185000000005 6813.22611 6552.6734400000005 7019.5354800000005 5902.779140000001 7904.415930000001 8150.34361 4985.3162600000005 5894.67213 8143.46497 4131.24308 10800.170479999999 
11735.36117 12224.5543 10980.018079999998 8856.35487 8962.65481 5307.82972 7807.82972 9997.12573 1438.0911 10350.82992 8412.91236 7807.82972 3822.4967 8983.19349 1431.68188 11173.57496 9598.93776 10115.44884 12153.354659999999 13035.80773 11031.911759999999 11157.498010000001 9464.18506 10053.85732 10372.93868 556.75668 10767.43201 8004.53508 9319.6184 11031.50356 9439.0728 0 10670.24418 9794.070889999999 9430.39713 9878.980609999999 1093.90722 12532.76475 10317.20514 10489.81275 10229.26008 10696.12212 9579.36578 11581.00257 11826.93025 8661.9029 9571.25877 11820.05161 7807.82972 1783.81754 
9289.94591 9779.13904 8534.60282 6410.939609999999 6517.23955 5362.41446 5362.41446 7551.71047 9232.15308 7905.41466 5967.4971 5362.41446 7331.89459 6537.77823 9834.84844 8728.1597 7153.5225 7670.033579999999 9707.9394 10590.39247 8586.4965 8712.08275 7018.7698 7608.442059999999 7927.5234199999995 10779.74088 1242.84915 2665.7091 6874.20314 8586.0883 6993.65754 10670.24418 0 7348.65563 3099.73606 7433.56535 10695.394260000001 10087.34949 7871.78988 8044.397489999999 1317.56632 8250.70686 7133.95052 9135.58731 9381.51499 6216.48764 1825.40133 9374.63635 5362.41446 12031.341859999999 
8413.77262 8902.96575 7658.42953 5534.766320000001 5641.0662600000005 4486.24117 4486.24117 6675.53718 8355.979790000001 7029.24137 5091.32381 4486.24117 6455.7213 5661.60494 8958.67515 2832.0143 6277.34921 6793.8602900000005 8831.76611 9714.21918 7710.3232100000005 7835.90946 6142.59651 6732.268770000001 7051.350130000001 9903.56759 7445.84346 4682.94653 5998.029850000001 1253.59044 6117.48425 9794.07089 7348.65563 0 6108.808580000001 6557.39206 9819.22097 9211.1762 6995.61659 737.93563 6907.67153 7374.53357 6257.77723 8259.41402 8505.3417 5340.314350000001 6249.67022 8498.46306 1986.24117 11155.16857 
8050.09886 8539.29199 7294.75577 5171.092559999999 5277.3925 4122.56741 4122.56741 6311.86342 7992.30603 6665.56761 4727.650049999999 4122.56741 6092.04754 5297.93118 8595.00139 7488.31265 5913.67545 6430.186529999999 8468.092349999999 9350.54542 7346.649449999999 7472.235699999999 5778.92275 6368.595009999999 6687.676369999999 9539.893829999999 2573.7904 1798.49826 5634.356089999999 7346.241249999999 5753.81049 9430.39713 3099.73606 6108.80858 0 6193.7182999999995 9455.54721 8847.50244 6631.94283 6804.550439999999 2035.07248 7010.85981 5894.10347 7895.7402600000005 8141.667939999999 4976.64059 1274.33473 8134.7892999999995 4122.56741 10791.494809999998 
8498.68234 8987.875469999999 7743.33925 5619.67604 5725.97598 4571.15089 2071.15089 6760.4469 8440.88951 7114.151089999999 5176.2335299999995 4571.15089 6540.63102 5746.51466 9043.584869999999 7936.89613 6362.25893 6878.77001 8916.67583 9799.1289 7795.23293 2099.12863 6227.50623 6817.17849 7136.25985 9988.47731 7530.75318 4767.85625 6082.9395700000005 7794.82473 6202.39397 9878.98061 7433.56535 6557.39206 6193.7183 0 9904.13069 9296.08592 7080.526309999999 7253.13392 6992.581249999999 7459.443289999999 6342.686949999999 8344.32374 8590.25142 5425.22407 6334.57994 3235.86542 4571.15089 11240.07829 
11760.51125 12249.70438 11005.168160000001 8881.50495 8987.80489 5332.9798 7832.9798 10022.27581 2428.3132 10375.98 8438.06244 7832.9798 3363.49967 9008.34357 1572.60167 11198.725040000001 9624.08784 10140.59892 12178.50474 13060.95781 11057.06184 11182.64809 9489.33514 10079.0074 10398.08876 1470.78109 10792.58209 8029.68516 9344.76848 11056.65364 9464.22288 1093.90722 10695.394260000001 9819.22097 9455.54721 9904.13069 0 12557.91483 10342.35522 10514.96283 10254.41016 10721.2722 9604.51586 11606.15265 11852.08033 8687.05298 9596.40885 11845.20169 7832.9798 1361.04959 
11152.46648 11641.65961 10397.12339 8273.46018 8379.76012 7224.935030000001 7224.935030000001 9414.23104 11094.67365 9767.935230000001 7830.01767 7224.935030000001 9194.41516 8400.2988 11697.36901 10590.68027 9016.04307 9532.55415 11570.45997 12452.913040000001 10449.01707 10574.603320000002 3147.996 9470.96263 9790.04399 12642.26145 10184.53732 7421.6403900000005 8736.72371 10448.60887 8856.17811 12532.76475 10087.34949 9211.1762 8847.50244 9296.085920000001 12557.914830000002 0 9734.31045 9906.91806 9646.36539 10113.22743 8996.471090000001 10998.107880000001 11244.03556 8079.008210000001 8988.364080000001 11237.156920000001 7224.935030000001 13893.86243 
8936.90687 9426.1 8181.56378 6057.90057 6164.200510000001 5009.37542 5009.37542 4563.268120000001 8879.11404 7552.375620000001 5614.45806 5009.37542 6978.85555 6184.73919 9481.8094 8375.12066 6800.48346 7316.99454 9354.90036 10237.353430000001 8233.45746 8359.04371 6665.73076 7255.40302 7574.48438 10426.70184 7968.97771 5206.08078 2722.63475 8233.04926 6640.6185000000005 10317.20514 7871.78988 6995.6165900000005 6631.94283 7080.52631 10342.355220000001 9734.31045 0 7691.35845 7430.805780000001 7897.667820000001 1501.54088 8782.548270000001 9028.47595 5863.448600000001 6772.80447 9021.597310000001 5009.37542 11678.302819999999 
9109.51448 9598.70761 8354.17139 6230.508179999999 6336.80812 5181.983029999999 5181.983029999999 7371.279039999999 9051.72165 7724.98323 5787.065669999999 5181.983029999999 7151.463159999999 6357.346799999999 9654.41701 2677.55299 6973.0910699999995 7489.602149999999 9527.507969999999 10409.96104 8406.065069999999 8531.651319999999 6838.3383699999995 7428.010629999999 7747.091989999999 10599.309449999999 8141.585319999999 5378.688389999999 6693.771709999999 547.60935 6813.22611 10489.81275 8044.397489999999 737.93563 6804.550439999999 7253.133919999999 10514.96283 9906.91806 7691.35845 0 7603.41339 8070.27543 6953.51909 8955.15588 9201.08356 6036.05621 6945.412079999999 9194.20492 2681.98303 11850.910429999998 
8848.96181 9338.15494 8093.61872 5969.95551 6076.255450000001 4921.43036 4921.43036 7110.72637 8791.16898 7464.430560000001 5526.513 4921.43036 6890.91049 6096.79413 9393.86434 8287.1756 6712.5384 7229.04948 9266.955300000001 10149.408370000001 8145.5124 8271.09865 6577.7857 7167.45796 7486.53932 10338.75678 567.06702 2448.36027 6433.21904 8145.1042 6552.6734400000005 10229.26008 1317.56632 6907.6715300000005 2035.07248 6992.58125 10254.41016 9646.36539 7430.805780000001 7603.41339 0 7809.722760000001 6692.966420000001 8694.603210000001 8940.53089 5775.503540000001 794.61752 8933.65225 4921.43036 11590.357759999999 
9315.82385 9805.01698 8560.48076 1852.8103 2689.56651 5388.2924 5388.2924 7577.58841 9258.03102 7931.292600000001 5993.37504 5388.2924 7357.77253 6563.65617 9860.72638 8754.03764 7179.40044 4409.04812 9733.817340000001 10616.270410000001 8612.37444 8737.96069 7044.64774 7634.32 7953.40136 10805.61882 8347.894690000001 5584.99776 6900.08108 8611.96624 7019.5354800000005 10696.12212 8250.70686 7374.5335700000005 7010.85981 7459.44329 10721.2722 10113.22743 7897.667820000001 8070.27543 7809.722760000001 0 7159.828460000001 2865.45302 9407.39293 6242.365580000001 7151.72145 9400.51429 5388.2924 12057.219799999999 
8199.06751 8688.26064 7443.7244200000005 5320.06121 5426.361150000001 4271.53606 4271.53606 3960.83207 8141.27468 6814.536260000001 4876.6187 4271.53606 6241.01619 5446.89983 8743.97004 7637.281300000001 6062.6441 6579.15518 8617.061000000002 9499.514070000001 7495.6181 7621.20435 5927.8914 6517.56366 6836.64502 9688.86248 7231.13835 4468.24142 1279.12666 7495.2099 5902.779140000001 9579.36578 7133.95052 6257.777230000001 5894.10347 6342.68695 9604.51586 8996.471090000001 1501.54088 6953.51909 6692.966420000001 7159.828460000001 0 8044.708910000001 8290.63659 5125.609240000001 6034.96511 8283.75795 4271.53606 10940.463459999999 
10200.7043 10689.89743 9445.36121 3648.79035 2618.34776 6273.17285 6273.17285 8462.46886 10142.91147 8816.17305 6878.25549 6273.17285 8242.652979999999 7448.53662 10745.606829999999 9638.91809 8064.28089 3410.20498 10618.69779 11501.15086 9497.25489 9622.84114 7929.52819 8519.20045 8838.28181 11690.499269999998 9232.77514 6469.87821 7784.9615300000005 9496.84669 7904.41593 11581.002569999999 9135.587309999999 8259.41402 7895.7402600000005 8344.32374 11606.15265 10998.10788 8782.54827 8955.15588 8694.60321 2865.45302 8044.708909999999 0 10292.27338 7127.24603 8036.6019 10285.39474 6273.17285 12942.100249999998 
10446.631979999998 10935.82511 9691.28889 7567.625679999999 7673.92562 6519.10053 6519.10053 8708.39654 10388.83915 2437.76332 7124.183169999999 6519.10053 8488.58066 7694.4643 10991.53451 9884.84577 8310.208569999999 8826.71965 485.89093 11747.07854 9743.182569999999 9868.76882 8175.45587 4349.75143 1783.20162 11936.42695 9478.702819999999 6715.80589 8030.889209999999 9742.77437 8150.34361 11826.93025 9381.51499 8505.341699999999 8141.667939999999 8590.25142 11852.08033 11244.035559999998 9028.47595 9201.08356 8940.53089 9407.39293 8290.63659 10292.27338 0 7373.17371 8282.52958 10531.32242 6519.10053 13188.027929999998 
3274.19887 7770.7977599999995 2318.11518 4402.59833 4508.89827 3354.07318 3354.07318 5543.369189999999 7223.8117999999995 5897.07338 273.48126 854.07318 5323.553309999999 4529.436949999999 7826.507159999999 6719.81842 1137.77546 5661.6923 7699.59812 8582.05119 6578.15522 6703.74147 5010.4285199999995 5600.10078 5919.18214 8771.399599999999 6313.67547 3550.77854 4865.86186 6577.74702 4985.31626 8661.9029 6216.487639999999 5340.31435 4976.64059 5425.22407 8687.05298 8079.00821 5863.4486 6036.05621 5775.50354 6242.36558 5125.60924 7127.24603 7373.173709999999 0 5117.50223 7366.29507 3354.07318 10023.000579999998 
8190.960499999999 8680.15363 7435.61741 5311.9542 5418.25414 4263.42905 4263.42905 6452.72506 8133.16767 6806.429249999999 4868.511689999999 4263.42905 6232.90918 5438.79282 8735.86303 7629.17429 6054.53709 6571.04817 8608.95399 9491.40706 7487.51109 7613.097339999999 5919.78439 6509.45665 6828.53801 9680.75547 1358.95548 1833.60983 5775.21773 7487.10289 5894.67213 9571.25877 1825.40133 6249.67022 1274.33473 6334.57994 9596.40885 8988.36408 6772.804469999999 6945.41208 794.61752 7151.721449999999 6034.965109999999 8036.6019 8282.52958 5117.50223 0 8275.65094 4263.42905 10932.35645 
10439.75334 10928.946469999999 9684.41025 7560.74704 7667.04698 6512.22189 4012.22189 8701.517899999999 10381.96051 9055.22209 7117.304529999999 6512.22189 8481.70202 7687.58566 10984.65587 9877.96713 8303.32993 8819.84101 10857.74683 11740.1999 9736.30393 1138.79322 8168.57723 8758.24949 9077.33085 11929.54831 9471.82418 6708.92725 8024.01057 9735.89573 8143.46497 11820.05161 9374.63635 8498.46306 8134.7893 3235.86542 11845.201690000002 11237.15692 9021.59731 9194.20492 8933.65225 9400.51429 8283.75795 10285.39474 10531.32242 7366.29507 8275.65094 0 6512.22189 13181.14929 
6427.53145 6916.72458 5672.18836 3548.52515 3654.8250900000003 2500.0 2500.0 4689.29601 6369.73862 5043.0002 3105.08264 2500.0 4469.48013 3675.36377 6972.43398 3365.74524 4291.10804 4807.619119999999 6845.52494 7727.978010000001 5724.082039999999 5849.66829 4156.35534 4746.027599999999 5065.10896 7917.32642 5459.60229 2696.70536 4011.78868 3223.67384 4131.24308 7807.82972 5362.41446 1986.24117 4122.56741 4571.15089 7832.9798 7224.935030000001 5009.37542 2681.98303 4921.43036 5388.2924 4271.53606 6273.172850000001 6519.10053 3354.07318 4263.42905 6512.22189 0 9168.927399999999 
13096.458849999999 13585.65198 12341.11576 10217.45255 10323.75249 6668.9274 9168.9274 11358.22341 3221.90864 11711.9276 9774.010040000001 9168.9274 4699.44727 10344.29117 2861.51918 12534.67264 10960.03544 11476.54652 13514.45234 14396.905410000001 12393.00944 12518.595690000002 10825.28274 11414.955 11734.03636 1705.80919 12128.52969 9365.63276 10680.71608 12392.60124 10800.17048 1783.81754 12031.34186 11155.16857 10791.49481 11240.078290000001 1361.04959 13893.86243 11678.30282 11850.91043 11590.35776 12057.2198 10940.46346 12942.100250000001 13188.02793 10023.00058 10932.356450000001 13181.149290000001 9168.9274 0 
