25
2 3 4 5 6 7 8 9 10 21 22 23 24 25 26 27 28 29 30 36 37 38 39 44 0
0 1.0 2.0 3.0 4.0 5.0 4.0 3.0 2.0 12.0 13.0 14.0 15.0 16.0 16.0 15.0 14.0 13.0 12.0 8.0 9.0 9.0 8.0 4.0 2.0 
1.0 0 1.0 2.0 3.0 4.0 5.0 4.0 3.0 13.0 14.0 15.0 16.0 17.0 17.0 16.0 15.0 14.0 13.0 9.0 10.0 10.0 9.0 5.0 3.0 
2.0 1.0 0 1.0 2.0 3.0 4.0 5.0 4.0 14.0 15.0 16.0 17.0 18.0 18.0 17.0 16.0 15.0 14.0 10.0 11.0 11.0 10.0 6.0 4.0 
3.0 2.0 1.0 0 1.0 2.0 3.0 4.0 5.0 15.0 16.0 17.0 18.0 19.0 19.0 18.0 17.0 16.0 15.0 11.0 12.0 12.0 11.0 7.0 5.0 
4.0 3.0 2.0 1.0 0 1.0 2.0 3.0 4.0 16.0 17.0 18.0 19.0 20.0 20.0 19.0 18.0 17.0 16.0 12.0 13.0 13.0 12.0 8.0 6.0 
5.0 4.0 3.0 2.0 1.0 0 1.0 2.0 3.0 15.0 16.0 17.0 18.0 19.0 19.0 18.0 17.0 16.0 15.0 11.0 12.0 12.0 11.0 7.0 5.0 
4.0 5.0 4.0 3.0 2.0 1.0 0 1.0 2.0 14.0 15.0 16.0 17.0 18.0 18.0 17.0 16.0 15.0 14.0 10.0 11.0 11.0 10.0 6.0 4.0 
3.0 4.0 5.0 4.0 3.0 2.0 1.0 0 1.0 13.0 14.0 15.0 16.0 17.0 17.0 16.0 15.0 14.0 13.0 9.0 10.0 10.0 9.0 5.0 3.0 
2.0 3.0 4.0 5.0 4.0 3.0 2.0 1.0 0 12.0 13.0 14.0 15.0 16.0 16.0 15.0 14.0 13.0 12.0 8.0 9.0 9.0 8.0 4.0 2.0 
12.0 13.0 14.0 15.0 16.0 15.0 14.0 13.0 12.0 0 1.0 2.0 3.0 4.0 5.0 5.0 4.0 3.0 2.0 7.0 8.0 8.0 7.0 11.0 11.0 
13.0 14.0 15.0 16.0 17.0 16.0 15.0 14.0 13.0 1.0 0 1.0 2.0 3.0 4.0 5.0 5.0 4.0 3.0 8.0 9.0 9.0 8.0 12.0 12.0 
14.0 15.0 16.0 17.0 18.0 17.0 16.0 15.0 14.0 2.0 1.0 0 1.0 2.0 3.0 4.0 5.0 5.0 4.0 9.0 10.0 10.0 9.0 13.0 13.0 
15.0 16.0 17.0 18.0 19.0 18.0 17.0 16.0 15.0 3.0 2.0 1.0 0 1.0 2.0 3.0 4.0 5.0 5.0 10.0 11.0 11.0 10.0 14.0 14.0 
16.0 17.0 18.0 19.0 20.0 19.0 18.0 17.0 16.0 4.0 3.0 2.0 1.0 0 1.0 2.0 3.0 4.0 5.0 11.0 12.0 12.0 11.0 15.0 15.0 
16.0 17.0 18.0 19.0 20.0 19.0 18.0 17.0 16.0 5.0 4.0 3.0 2.0 1.0 0 1.0 2.0 3.0 4.0 11.0 12.0 12.0 11.0 15.0 15.0 
15.0 16.0 17.0 18.0 19.0 18.0 17.0 16.0 15.0 5.0 5.0 4.0 3.0 2.0 1.0 0 1.0 2.0 3.0 10.0 11.0 11.0 10.0 14.0 14.0 
14.0 15.0 16.0 17.0 18.0 17.0 16.0 15.0 14.0 4.0 5.0 5.0 4.0 3.0 2.0 1.0 0 1.0 2.0 9.0 10.0 10.0 9.0 13.0 13.0 
13.0 14.0 15.0 16.0 17.0 16.0 15.0 14.0 13.0 3.0 4.0 5.0 5.0 4.0 3.0 2.0 1.0 0 1.0 8.0 9.0 9.0 8.0 12.0 12.0 
12.0 13.0 14.0 15.0 16.0 15.0 14.0 13.0 12.0 2.0 3.0 4.0 5.0 5.0 4.0 3.0 2.0 1.0 0 7.0 8.0 8.0 7.0 11.0 11.0 
8.0 9.0 10.0 11.0 12.0 11.0 10.0 9.0 8.0 7.0 8.0 9.0 10.0 11.0 11.0 10.0 9.0 8.0 7.0 0 1.0 2.0 2.0 6.0 6.0 
9.0 10.0 11.0 12.0 13.0 12.0 11.0 10.0 9.0 8.0 9.0 10.0 11.0 12.0 12.0 11.0 10.0 9.0 8.0 1.0 0 1.0 2.0 7.0 7.0 
9.0 10.0 11.0 12.0 13.0 12.0 11.0 10.0 9.0 8.0 9.0 10.0 11.0 12.0 12.0 11.0 10.0 9.0 8.0 2.0 1.0 0 1.0 7.0 7.0 
8.0 9.0 10.0 11.0 12.0 11.0 10.0 9.0 8.0 7.0 8.0 9.0 10.0 11.0 11.0 10.0 9.0 8.0 7.0 2.0 2.0 1.0 0 6.0 6.0 
4.0 5.0 6.0 7.0 8.0 7.0 6.0 5.0 4.0 11.0 12.0 13.0 14.0 15.0 15.0 14.0 13.0 12.0 11.0 6.0 7.0 7.0 6.0 0 2.0 
2.0 3.0 4.0 5.0 6.0 5.0 4.0 3.0 2.0 11.0 12.0 13.0 14.0 15.0 15.0 14.0 13.0 12.0 11.0 6.0 7.0 7.0 6.0 2.0 0 
