31
5 6 7 8 9 10 15 16 17 18 19 20 25 26 27 28 29 30 35 36 37 38 39 40 45 46 47 48 49 50 0
0 2.0 3.0 5.0 6.0 8.0 1.0 3.0 4.0 6.0 7.0 9.0 2.0 4.0 5.0 7.0 8.0 10.0 3.0 5.0 6.0 8.0 9.0 11.0 4.0 6.0 7.0 9.0 10.0 12.0 8.0 
2.0 0 1.0 3.0 4.0 6.0 3.0 5.0 6.0 8.0 9.0 11.0 4.0 6.0 7.0 9.0 10.0 12.0 5.0 7.0 8.0 10.0 11.0 13.0 6.0 8.0 9.0 11.0 12.0 14.0 10.0 
3.0 1.0 0 2.0 3.0 5.0 4.0 6.0 7.0 9.0 10.0 12.0 5.0 7.0 8.0 10.0 11.0 13.0 6.0 8.0 9.0 11.0 12.0 14.0 7.0 9.0 10.0 12.0 13.0 15.0 11.0 
5.0 3.0 2.0 0 1.0 3.0 6.0 8.0 9.0 11.0 12.0 14.0 7.0 9.0 10.0 12.0 13.0 15.0 8.0 10.0 11.0 13.0 14.0 16.0 9.0 11.0 12.0 14.0 15.0 17.0 13.0 
6.0 4.0 3.0 1.0 0 2.0 7.0 9.0 10.0 12.0 13.0 15.0 8.0 10.0 11.0 13.0 14.0 16.0 9.0 11.0 12.0 14.0 15.0 17.0 10.0 12.0 13.0 15.0 16.0 18.0 14.0 
8.0 6.0 5.0 3.0 2.0 0 9.0 11.0 12.0 14.0 15.0 17.0 10.0 12.0 13.0 15.0 16.0 18.0 11.0 13.0 14.0 16.0 17.0 19.0 12.0 14.0 15.0 17.0 18.0 20.0 16.0 
1.0 3.0 4.0 6.0 7.0 9.0 0 2.0 3.0 5.0 6.0 8.0 1.0 3.0 4.0 6.0 7.0 9.0 2.0 4.0 5.0 7.0 8.0 10.0 3.0 5.0 6.0 8.0 9.0 11.0 9.0 
3.0 5.0 6.0 8.0 9.0 11.0 2.0 0 1.0 3.0 4.0 6.0 3.0 5.0 6.0 8.0 9.0 11.0 4.0 6.0 7.0 9.0 10.0 12.0 5.0 7.0 8.0 10.0 11.0 13.0 11.0 
4.0 6.0 7.0 9.0 10.0 12.0 3.0 1.0 0 2.0 3.0 5.0 4.0 6.0 7.0 9.0 10.0 12.0 5.0 7.0 8.0 10.0 11.0 13.0 6.0 8.0 9.0 11.0 12.0 14.0 12.0 
6.0 8.0 9.0 11.0 12.0 14.0 5.0 3.0 2.0 0 1.0 3.0 6.0 8.0 9.0 11.0 12.0 14.0 7.0 9.0 10.0 12.0 13.0 15.0 8.0 10.0 11.0 13.0 14.0 16.0 14.0 
7.0 9.0 10.0 12.0 13.0 15.0 6.0 4.0 3.0 1.0 0 2.0 7.0 9.0 10.0 12.0 13.0 15.0 8.0 10.0 11.0 13.0 14.0 16.0 9.0 11.0 12.0 14.0 15.0 17.0 15.0 
9.0 11.0 12.0 14.0 15.0 17.0 8.0 6.0 5.0 3.0 2.0 0 9.0 11.0 12.0 14.0 15.0 17.0 10.0 12.0 13.0 15.0 16.0 18.0 11.0 13.0 14.0 16.0 17.0 19.0 17.0 
2.0 4.0 5.0 7.0 8.0 10.0 1.0 3.0 4.0 6.0 7.0 9.0 0 2.0 3.0 5.0 6.0 8.0 1.0 3.0 4.0 6.0 7.0 9.0 2.0 4.0 5.0 7.0 8.0 10.0 10.0 
4.0 6.0 7.0 9.0 10.0 12.0 3.0 5.0 6.0 8.0 9.0 11.0 2.0 0 1.0 3.0 4.0 6.0 3.0 5.0 6.0 8.0 9.0 11.0 4.0 6.0 7.0 9.0 10.0 12.0 12.0 
5.0 7.0 8.0 10.0 11.0 13.0 4.0 6.0 7.0 9.0 10.0 12.0 3.0 1.0 0 2.0 3.0 5.0 4.0 6.0 7.0 9.0 10.0 12.0 5.0 7.0 8.0 10.0 11.0 13.0 13.0 
7.0 9.0 10.0 12.0 13.0 15.0 6.0 8.0 9.0 11.0 12.0 14.0 5.0 3.0 2.0 0 1.0 3.0 6.0 8.0 9.0 11.0 12.0 14.0 7.0 9.0 10.0 12.0 13.0 15.0 15.0 
8.0 10.0 11.0 13.0 14.0 16.0 7.0 9.0 10.0 12.0 13.0 15.0 6.0 4.0 3.0 1.0 0 2.0 7.0 9.0 10.0 12.0 13.0 15.0 8.0 10.0 11.0 13.0 14.0 16.0 16.0 
10.0 12.0 13.0 15.0 16.0 18.0 9.0 11.0 12.0 14.0 15.0 17.0 8.0 6.0 5.0 3.0 2.0 0 9.0 11.0 12.0 14.0 15.0 17.0 10.0 12.0 13.0 15.0 16.0 18.0 18.0 
3.0 5.0 6.0 8.0 9.0 11.0 2.0 4.0 5.0 7.0 8.0 10.0 1.0 3.0 4.0 6.0 7.0 9.0 0 2.0 3.0 5.0 6.0 8.0 1.0 3.0 4.0 6.0 7.0 9.0 11.0 
5.0 7.0 8.0 10.0 11.0 13.0 4.0 6.0 7.0 9.0 10.0 12.0 3.0 5.0 6.0 8.0 9.0 11.0 2.0 0 1.0 3.0 4.0 6.0 3.0 5.0 6.0 8.0 9.0 11.0 13.0 
6.0 8.0 9.0 11.0 12.0 14.0 5.0 7.0 8.0 10.0 11.0 13.0 4.0 6.0 7.0 9.0 10.0 12.0 3.0 1.0 0 2.0 3.0 5.0 4.0 6.0 7.0 9.0 10.0 12.0 14.0 
8.0 10.0 11.0 13.0 14.0 16.0 7.0 9.0 10.0 12.0 13.0 15.0 6.0 8.0 9.0 11.0 12.0 14.0 5.0 3.0 2.0 0 1.0 3.0 6.0 8.0 9.0 11.0 12.0 14.0 16.0 
9.0 11.0 12.0 14.0 15.0 17.0 8.0 10.0 11.0 13.0 14.0 16.0 7.0 9.0 10.0 12.0 13.0 15.0 6.0 4.0 3.0 1.0 0 2.0 7.0 9.0 10.0 12.0 13.0 15.0 17.0 
11.0 13.0 14.0 16.0 17.0 19.0 10.0 12.0 13.0 15.0 16.0 18.0 9.0 11.0 12.0 14.0 15.0 17.0 8.0 6.0 5.0 3.0 2.0 0 9.0 11.0 12.0 14.0 15.0 17.0 19.0 
4.0 6.0 7.0 9.0 10.0 12.0 3.0 5.0 6.0 8.0 9.0 11.0 2.0 4.0 5.0 7.0 8.0 10.0 1.0 3.0 4.0 6.0 7.0 9.0 0 2.0 3.0 5.0 6.0 8.0 12.0 
6.0 8.0 9.0 11.0 12.0 14.0 5.0 7.0 8.0 10.0 11.0 13.0 4.0 6.0 7.0 9.0 10.0 12.0 3.0 5.0 6.0 8.0 9.0 11.0 2.0 0 1.0 3.0 4.0 6.0 14.0 
7.0 9.0 10.0 12.0 13.0 15.0 6.0 8.0 9.0 11.0 12.0 14.0 5.0 7.0 8.0 10.0 11.0 13.0 4.0 6.0 7.0 9.0 10.0 12.0 3.0 1.0 0 2.0 3.0 5.0 15.0 
9.0 11.0 12.0 14.0 15.0 17.0 8.0 10.0 11.0 13.0 14.0 16.0 7.0 9.0 10.0 12.0 13.0 15.0 6.0 8.0 9.0 11.0 12.0 14.0 5.0 3.0 2.0 0 1.0 3.0 17.0 
10.0 12.0 13.0 15.0 16.0 18.0 9.0 11.0 12.0 14.0 15.0 17.0 8.0 10.0 11.0 13.0 14.0 16.0 7.0 9.0 10.0 12.0 13.0 15.0 6.0 4.0 3.0 1.0 0 2.0 18.0 
12.0 14.0 15.0 17.0 18.0 20.0 11.0 13.0 14.0 16.0 17.0 19.0 10.0 12.0 13.0 15.0 16.0 18.0 9.0 11.0 12.0 14.0 15.0 17.0 8.0 6.0 5.0 3.0 2.0 0 20.0 
8.0 10.0 11.0 13.0 14.0 16.0 9.0 11.0 12.0 14.0 15.0 17.0 10.0 12.0 13.0 15.0 16.0 18.0 11.0 13.0 14.0 16.0 17.0 19.0 12.0 14.0 15.0 17.0 18.0 20.0 0 
