101
1 2 3 4 5 6 7 8 9 10 11 12 13 14 15 16 17 18 19 20 21 22 23 24 25 26 27 28 29 30 31 32 33 34 35 36 37 38 39 40 41 42 43 44 45 46 47 48 49 50 51 52 53 54 55 56 57 58 59 60 61 62 63 64 65 66 67 68 69 70 71 72 73 74 75 76 77 78 79 80 81 82 83 84 85 86 87 88 89 90 91 92 93 94 95 96 97 98 99 100 0
0 11446307.00675 14414091.15642 15120134.71045 15233769.479200002 18411213.46283 16088701.85698 14382837.39887 17785724.67623 11917792.53092 15117912.02448 15819954.58468 12306159.86544 13773186.12719 10291089.64172 19464940.78176 14764557.625500001 16968906.83716 10376263.13472 14385238.525570001 16665832.167629998 11438960.34243 11677113.42747 8814756.74648 15369604.02177 14613738.89214 9079129.74742 19326479.3742 11337996.15215 12057860.59956 18295613.21041 10858730.41924 13157960.14474 16608579.363370001 13719255.40492 9526270.51411 14902184.72574 18653730.11613 15106676.08287 11892012.79301 15564905.01664 17375550.21824 16778628.35279 11265028.16411 17991359.5005 17526792.82032 18545006.59156 14320157.228039999 14644191.35342 17690454.20727 13342109.78863 13848862.19129 19904800.270829998 15612478.38726 21569083.16493 14674156.79008 12570329.66927 19760081.37119 15308789.49134 15047124.74751 17604798.13636 13239897.93242 18872994.55027 15699720.65072 11840311.47331 9783450.84821 12893779.84364 16104634.80494 14298320.038740002 10157351.8094 16463026.41956 15819855.63574 14182517.085730001 15350374.0261 18402294.54668 23826719.740259998 13888487.71489 12353487.90662 16197474.41661 13305209.49926 16598886.45409 15162623.20169 13494819.11108 16356937.185320001 19438584.98764 10805569.19297 11152757.18075 12047230.23602 17270633.97249 10286944.42068 20500634.50158 11087241.594980001 13164732.53048 11193873.31366 14416256.18835 18662521.77076 11590515.6566 14036648.10882 15517692.856290001 17123665.27951 9449385.496210001 
11446307.00675 0 7556741.33518 8312492.94458 8469305.636160001 14148705.64323 7683245.85198 8979427.33288 11209127.9977 6279084.41962 7089664.24597 11726691.18789 5939983.50136 6871795.1438 5694526.60919 13490497.26636 8072576.052200001 8779435.84926 3403114.48409 5483163.06884 11295826.02985 4115544.83646 8763392.04988 4449969.51246 8471284.30833 8394956.291620001 6729342.02687 12425015.52207 6566452.81847 5365879.02626 12300315.77938 8436532.17827 6520440.6769 10206504.51295 7027273.83162 2761806.67107 9951870.65356 11813652.31901 8808221.47676 5200031.21971 8045881.66851 8594621.06022 13815682.47854 7502106.96328 12033205.98006 12172729.04234 10838580.99614 7797856.05918 13189613.76541 9187014.25448 9839922.0843 6505489.61111 10534060.01867 10477898.95325 16386192.18306 8682534.10981 6529199.88469 10330520.25845 7773333.11109 8497534.2991 11807042.41995 6874525.9501 12124455.5839 8406436.2639 7910648.38274 4420079.18301 6695736.3669799995 14114202.72556 7235978.15971 4478173.13853 8609107.11566 8264421.81911 7317663.75286 8300608.56807 8373746.59155 18159191.65116 10546792.246569999 12224229.70055 9845512.27553 6147885.55232 8944247.56522 8642354.15459 6802837.53778 10113284.31084 13885907.62783 3606486.62931 9119003.02461 7316749.39363 8421896.2454 3385480.56855 15227771.541359998 4357121.44895 6086685.18964 7851809.31507 10141200.45124 11898057.927720001 4892417.17332 9037188.3027 7689284.09423 9073617.78645 2691375.54701 
14414091.15642 7556741.33518 0 10263226.95223 10997599.20719 16085419.97749 9958643.10607 8044233.61769 12074170.96853 8503445.00527 9546425.86127 14340890.00408 9751091.69638 8672251.32627 7106813.95825 16024693.50657 10014581.66777 11950920.29512 5868556.6924 8525677.7287 12887408.86634 6990995.08256 11844023.68269 6829117.62466 9916174.200070001 8329556.96393 9211940.39057 13023478.09402 7696165.23917 7087939.19485 13252027.54487 10926888.83511 8589924.32674 12392372.68462 9370295.06301 6474286.011329999 12200434.88563 12736380.97938 9741703.60625 7290559.9742 9428668.67266 12953417.10467 16537695.07237 8511823.36652 15752152.609560002 14025697.45769 14572106.26942 7835353.29879 14295198.33368 12273815.52319 12036201.92552 10035429.24151 12891209.48342 12568035.96304 19277314.37095 11165132.47351 9095999.75228 12327322.41783 10955434.35986 11303981.5538 15951994.32809 8588179.13699 14486956.09562 11001746.84888 12090487.75397 6902677.54671 9178334.73068 17083409.59474 9088054.46575 6649081.87146 13041965.633960001 11111604.97927 9358755.62268 12024644.403579999 14612140.4157 14968832.63201 13467347.739980001 14751536.0737 10084646.87502 7661484.93842 10545736.25344 10881434.81683 8764868.97823 12553906.461569998 11430468.90868 6005182.78873 11601601.38831 10061485.94571 12055795.21685 5475617.57834 15701859.70607 6371261.49451 7741367.99663 12115510.17429 11686579.922619998 14648950.055119999 6935292.21286 11589828.7047 8812279.2976 11061002.16953 5131997.69774 
15120134.71045 8312492.94458 10263226.95223 0 9015573.97874 14775690.75425 9693709.17477 10210074.00902 10452490.35504 7572963.87625 10212180.14533 14397050.51752 9814246.69215 9903384.70929 9806262.15414 17068430.1228 9122798.2885 12483106.27004 5846846.24907 8755089.37015 11704210.84418 8962979.10099 12328866.45598 7065249.02235 11318489.58066 11175172.096859999 9507081.68428 12290303.45019 10384426.41039 6395418.73426 15745373.16067 7127908.95229 6798007.78124 11063965.90873 10015774.008639999 7147393.25509 10450167.67854 13355184.12649 7587586.10059 8362065.85409 10064230.17482 11809074.81299 16002935.108380001 10296556.978 15170227.23584 12515144.5263 13673506.92394 9102442.48599 12167170.97974 14786475.71039 11476350.03716 9017872.62116 16184016.20016 12019430.76073 21687311.95795 11033733.89415 9003142.4967 13542287.27949 10955006.7148 13748259.734889999 12145922.22724 9134032.50128 15746329.6871 9111016.86663 11991939.76262 5336683.86224 8205646.87476 15454965.99774 9322709.454020001 7505508.31956 10720915.29381 9875413.08137 10964322.360580001 11245849.548220001 13875046.77965 20633134.26317 13623196.18791 14321416.52185 12041888.41823 9810740.83741 9332399.86092 11837435.66736 7318338.92788 13315236.05925 15254539.6921 8000032.3155 11637329.02408 8039519.68375 12261932.23288 4927012.37603 17636439.53559 7351903.21989 7190944.56128 12495331.12517 11773315.49965 13039737.31792 7688809.38006 11511130.91471 12058136.30799 9419108.53897 6130632.73243 
15233769.479200002 8469305.636160001 10997599.20719 9015573.97874 0 14643973.79921 10163724.81823 12646986.19727 13757084.94009 8720023.31825 11664459.84609 15849126.70031 8358676.59718 10584981.48395 10868900.68111 11885323.30623 11655032.58328 12968668.64831 6839382.36843 10666359.22807 13063537.55567 9611555.47058 13002276.8976 7153755.87242 11140369.9448 9796731.42828 10425645.43716 12712645.81093 10761178.675859999 9307362.99406 15554473.84369 11675736.82178 10133757.84006 14147988.48075 10220155.51703 5707498.96509 11875338.23901 12505836.01412 11304273.81817 8430632.6981 12051005.91998 14020180.15377 17508520.7484 10050439.26412 15278433.075720001 12404428.30998 15135586.011890002 9516910.30479 16251669.091950001 13947389.64271 9528484.89437 12127900.259750001 14717154.93035 13485803.29631 17850202.31827 12576043.03553 9379894.76217 16062107.195689999 12800637.39132 13294335.10651 14291397.26698 7659815.99623 15545358.10056 12937483.42957 9166156.01741 8126276.18415 10385627.74362 13710948.94152 10582060.25856 8296733.89848 11788155.66 12001084.086720001 11367581.06797 13348761.683120001 12958511.12981 21009886.528640002 11925658.30134 15074924.57803 12569358.40787 10167660.309050001 13711314.69409 9530704.61164 7553593.64327 11222557.15575 14937305.38557 8379335.890029999 12678545.667089999 10796588.32973 10739092.25682 7222382.55393 18265422.937090002 8039228.99601 10686378.3675 11161425.05132 10671677.42643 14040950.95587 7633591.36196 11887883.18018 12143056.85747 9280310.45466 6509936.30696 
18411213.46283 14148705.64323 16085419.97749 14775690.75425 14643973.79921 0 13524573.36571 18684368.8508 20481580.7802 16157714.01187 18637807.0576 22641977.19388 11954548.63066 13530094.83476 16067745.54919 22045405.350429997 16903927.17091 14250049.40344 13647623.560449999 14961021.58485 20713460.29579 15945079.3601 16721900.00162 14110589.46872 15554372.26386 15662253.01702 13805037.36225 19568672.0064 15946236.8512 12086155.39754 17399816.86406 15044855.5652 15738424.71341 19189043.93204 15526380.40629 13913295.78229 14931248.07508 19972176.83268 15439436.80387 14879451.550129998 14827320.96244 17528597.3773 22963080.62541 16720602.99378 18624088.24541 16482444.12493 16517054.84944 14024666.72346 20744829.8034 20827406.027099997 18722170.45124 14775634.54993 22375175.58444 15695061.61181 23860082.20288 17254621.35875 16782511.95714 23230514.2423 18330960.71782 20407641.03611 19556434.25566 15477524.64013 16860247.27975 17891092.35202 14866001.68005 13723955.32987 16423010.397149999 23972755.09788 15182508.07144 14605307.49412 20403530.90122 18507813.39864 17676154.66361 18045356.24744 21931525.10019 23159162.43995 16446676.72315 19984338.42105 17625672.36998 16283594.73335 18021318.34296 13207813.83597 16230396.58427 13882319.59498 18892706.05371 14081081.48186 13056297.30567 12333639.33563 13079679.21139 13939676.10755 23021832.81701 14363741.950919999 16856773.99034 18064779.85352 18575925.42576 18059567.18996 12395240.21808 18906248.72118 12293530.68932 18655201.79852 12818509.9026 
16088701.85698 7683245.85198 9958643.10607 9693709.17477 10163724.81823 13524573.36571 0 14028562.29668 14501119.51393 9249250.95285 13560127.996199999 16861761.0354 8971576.77913 10570501.37341 11187621.19796 15038089.62325 11515788.10938 10176784.79894 8558560.02615 9567562.58294 12722442.73477 10571228.6733 12190680.5245 9207581.378320001 11716456.16891 12932009.791790001 9132760.54653 17081791.42853 12063233.47497 7938527.05854 19158364.733000003 12425349.70847 11085997.78921 14018962.52053 10734280.25624 7298860.17124 11252924.99047 16460849.611879999 13125573.23088 9790388.015829999 11723573.01492 14220178.42454 15659553.90566 12403264.1338 16542400.85587 15165851.262820002 12617117.93544 10401871.18271 14015851.28906 15499530.45904 11548929.32996 11835711.21035 13638247.38036 12569823.95958 24069438.03504 12141553.41477 11583589.269529998 16175222.65771 13456564.77597 11972876.33923 15261135.10042 10388461.10583 16419779.54563 9884838.80214 11803319.63755 9321236.353529999 10100565.02325 16227766.14779 12126975.60792 8073156.58224 14123731.48219 12307263.87775 12382121.37238 14305087.36548 16056992.44353 19009859.32507 15083021.89261 15940575.509949999 9196283.51125 10742828.36519 12932254.80866 12515124.43637 11342055.03207 14613634.011070002 12772127.8256 8992017.947560001 10465297.78302 8751563.43791 13856077.18569 8779558.74738 13069702.32014 7372288.80634 9106259.4489 12244523.59072 13486861.89146 13627713.40279 9104005.47671 9114053.26854 12571029.53023 12858199.2914 7658561.093429999 
14382837.39887 8979427.33288 8044233.61769 10210074.00902 12646986.19727 18684368.8508 14028562.29668 0 13382606.60783 9502937.54937 11140767.43201 14991736.52049 7092034.23886 9410270.36066 10208547.61098 17443915.4874 10612785.41869 14375006.52502 7259712.98945 10951755.33209 10786130.73799 9557965.40952 11470216.61243 8336355.35007 12506680.15921 12960576.35052 9757475.48287 15136963.73504 11049970.21119 7748214.05361 17279501.80014 9514311.06225 10208979.52662 12699386.6404 10418059.46548 7848406.41062 14206491.36459 14287655.72593 11241943.81616 9087925.12645 11956974.83915 11281043.02097 16405220.56522 11251210.643380001 13721343.31026 16178578.0202 15175656.52394 9093901.84554 13874046.11968 14654988.94593 10789841.99722 12074310.19869 14556682.68334 11867031.72951 21468707.8527 12174803.92583 10470120.15157 12292196.76673 11223039.58777 14150545.19173 13682250.77037 8482616.33827 17191163.04647 9497229.46951 13464608.15326 8020065.52701 8423922.40422 18307081.4362 11440803.39805 8292915.68855 14481791.03178 13276127.74788 8428363.36607 11648135.00506 15319778.70389 22418538.51683 13454329.491390001 16156831.61674 10630883.60001 8431765.34295 12049311.2458 13093954.8396 10690731.44452 10933480.45124 18208148.61395 8375517.6800999995 12946507.87939 11490191.52978 10997154.52124 7709738.45343 19512236.87071 8171863.99897 8735164.62858 14280735.37883 13966380.43605 15052578.89 8707159.723340001 11026026.02482 12435177.013500001 12658843.99395 6506118.09703 
17785724.67623 11209127.9977 12074170.96853 10452490.35504 13757084.94009 20481580.7802 14501119.51393 13382606.60783 0 11313489.73366 11677739.66122 15803523.92139 9089959.86707 11687048.19907 10625742.66653 12483492.81784 13459614.25519 13779785.28883 9796146.47233 12368831.42906 14603869.90572 11782432.85463 13924243.95797 8970967.92975 12426869.43484 11282808.17711 10953261.27529 11716555.31521 11022501.23617 10145835.1694 12773405.26275 11263053.31953 11111437.47235 14819248.608320002 12705526.74694 9919236.73729 14532224.52386 16251819.17961 13123702.41982 11063878.37263 13614206.73136 15315318.42378 16698953.45638 12032489.36206 18394901.89974 12845938.22007 16487911.16155 13802504.838440001 19497262.874059997 16866401.8887 14989084.668310001 9727329.29369 17707714.17066 12048539.89321 23492967.65047 11964592.18152 11340131.17078 18421317.998269998 14538551.971140001 16770409.16794 18759063.57404 12064917.19508 16114552.02257 13324247.96083 12987563.90549 10511901.68769 12804065.2231 18387518.11606 12219344.50714 8779189.87317 15184678.11787 10119754.69859 11162528.60007 14477604.29401 15011398.23223 23544632.39615 15629467.83856 14159177.60466 12308703.54552 12772223.15557 13791139.65285 14067691.93574 12641508.77565 14657698.32348 19321485.82298 10031128.98484 13183047.81291 12922767.83254 15966115.176320001 7823647.42915 21756856.89681 7128830.70759 10891613.17868 15424788.63062 14214825.19012 15980684.948010001 8748337.55495 14415443.72101 14453432.43195 11842336.74445 8794576.60953 
11917792.53092 6279084.41962 8503445.00527 7572963.87625 8720023.31825 16157714.01187 9249250.95285 9502937.54937 11313489.73366 0 7093205.6981 13637599.35 5894908.45686 7427259.04101 8096006.22607 11843865.52625 6935593.26233 9499280.53902 3454166.12794 8520493.86884 12407761.32928 6746171.961410001 8096046.12872 5526069.97109 9372742.69857 7075153.10246 7805442.4855 13205105.16732 8238176.763080001 5707490.54316 12730922.79536 9616841.47057 7767993.5757 11161171.39297 6683722.67471 5046031.6855 10497086.68046 9668672.9809 8078684.47557 6276131.67834 10227788.604079999 8457146.6694 14123304.507909998 7427847.38672 12192995.9057 13284664.341769999 13143851.94359 8810223.88408 14833904.52529 13067020.06847 10903024.21058 9143446.1007 15103776.33463 8078157.94235 17270068.65578 7941192.24001 7641135.184119999 12309246.24134 10742863.24862 11734148.27472 14954423.88126 7886893.775 13748718.57019 9248359.03296 9933085.194079999 5496179.64164 7687966.41044 13035504.02277 8561267.291790001 5490540.9634300005 11496396.61528 9296177.15843 7691899.37475 10275392.17926 13387191.5324 18185923.45662 10557419.6801 13336164.999979999 9505654.45949 7268678.78388 10543583.468 10003487.37974 7257486.45236 11125652.13574 11257005.91626 5573142.95498 10174377.817809999 8678398.081670001 9758238.76822 4165570.2138 11812708.91152 5369489.27385 5616821.33779 10906175.14848 8172555.72349 12532340.09016 5904784.99822 8470455.59372 7878447.04215 11818265.34921 3703743.37191 
15117912.02448 7089664.24597 9546425.86127 10212180.14533 11664459.84609 18637807.0576 13560127.996199999 11140767.43201 11677739.66122 7093205.6981 0 13881692.37036 9043828.93277 10225648.1282 10777039.16595 16342837.0352 11765539.61808 10376396.23746 7041784.54502 9579410.19509 13728314.820500001 9321134.49426 12959674.4393 6857854.09639 9739313.96463 8645850.85333 9598300.36875 13681617.13318 8281683.38463 6551651.66006 16103528.553939998 10318599.60152 10024423.92999 8619819.89444 10803973.86149 7505548.64836 10026488.85265 13713339.519760001 8750513.00829 8720221.24736 9139922.08558 13059523.337639999 17151063.65413 10207714.97713 11596636.13309 14982015.62665 14676306.176819999 11459812.303709999 16443324.9043 14273344.39983 8564866.148 10263043.6562 15550884.28052 12377586.154 15469359.7128 11820536.61555 9350106.54968 15687183.71406 12332579.16625 14434747.84596 15671742.51602 9608203.4958 16093293.74008 11884587.6783 10776375.06707 8059262.90835 8319355.33702 17171083.60694 9676253.3803 5841324.9288 12838180.37879 11908048.721579999 10209359.43925 10380219.0638 11418926.95825 20980098.316150002 10130352.71804 14641307.98046 12513765.298950002 9131598.0914 12696074.54288 9522107.94439 9897057.02251 12194605.54894 16334683.9961 8313032.52533 12245274.37937 8208048.76799 11687753.92759 5285167.7693 18592052.9979 6187839.18986 9366748.50931 11864181.79532 13273833.672389999 15039693.43028 8046964.773329999 11858094.96769 11220270.56584 13246518.21917 6488788.1257 
15819954.58468 11726691.18789 14340890.00408 14397050.51752 15849126.70031 22641977.19388 16861761.0354 14991736.52049 15803523.92139 13637599.35 13881692.37036 0 13800191.45699 13796497.14802 13560196.69114 18082472.4634 12690129.50206 17047350.92024 11645895.31494 12103953.58422 14073876.09357 13107443.83647 16052549.249019999 10769347.17017 12996115.62547 16153012.18953 12711701.70092 16405704.61443 14093146.05123 12056039.36964 21096128.45581 11793005.97014 10039645.56782 14635551.35329 13769708.54564 11969204.909629999 17042744.46969 16717031.90918 15081253.842659999 12830251.3928 15611022.40506 16407954.54887 19756869.645379998 10386120.79857 19452873.80781 17130701.99072 17844795.97214 15733397.10821 20008035.52666 16772996.77196 13064128.51849 14717638.2339 19737775.714029998 14234227.58875 25441246.49495 15061814.73535 13649909.798659999 18400437.2781 15501531.22402 17502194.27189 19197528.64396 13401454.49592 15784071.91151 13068281.08217 10948752.26122 9060366.65528 11568631.12834 19725480.42022 11238000.99078 9990327.2526 15739942.226629999 16627776.82804 14864527.19372 14999784.08522 15026529.91809 25365055.31959 14997781.94716 13845267.52298 15795822.95523 10425292.98417 14610640.05889 16416701.57406 14220019.58885 11939031.26036 19841029.307389997 10985790.93837 16699793.53307 12889789.6913 12350761.95229 11830536.95244 19691033.45097 9843149.57681 14639310.62831 12378931.37313 14273987.02539 17569085.3075 12732354.61397 15882679.08742 12993253.51912 17989596.31107 10626916.59604 
12306159.86544 5939983.50136 9751091.69638 9814246.69215 8358676.59718 11954548.63066 8971576.77913 7092034.23886 9089959.86707 5894908.45686 9043828.93277 13800191.45699 0 8199562.27705 8726963.29903 14140228.73538 8728875.56363 8746623.43841 4621989.18306 9672817.837499999 12809056.13473 7523633.87826 10833313.76344 6449331.25168 8184964.77574 10076961.11262 8848834.6649 13374277.13511 7937978.97427 3418827.95789 14761651.22703 9388859.11115 7916833.32305 10169512.34875 9009454.18217 5783345.09733 11666532.578669999 11008834.36726 10735939.92839 7250987.17733 7717076.64323 10434464.19925 13233354.57268 8757849.98409 11272528.55764 11713381.23101 13493561.8833 9725574.510809999 13505543.45002 13801847.43428 7589242.44142 7289387.1971 13767430.24125 10220780.50368 20879446.69598 10133936.70916 8583096.05318 14605704.78865 10939731.425050002 11065781.09814 15739167.72411 8802244.401730001 14598953.09497 10204274.72325 7136652.32499 6485360.909779999 8242263.33278 17452885.857440002 6971480.55509 5987568.07437 9526651.88174 12065977.029070001 9476738.75965 10104647.5894 10568757.61262 20738909.508589998 12601187.97974 13653294.74836 10558207.88767 7923696.85241 11372108.20782 9534522.82369 7917280.61032 11460147.81491 16408898.376510002 5564538.4468 7652638.37553 9619948.1252 9634675.18055 5822714.35504 15728009.91219 5085008.04475 8553762.238389999 10447438.76878 9484157.5723 11841848.32183 6820135.62495 10657215.02267 11379002.78553 11917231.81643 4619093.99864 
13773186.12719 6871795.1438 8672251.32627 9903384.70929 10584981.48395 13530094.83476 10570501.37341 9410270.36066 11687048.19907 7427259.04101 10225648.1282 13796497.14802 8199562.27705 0 7334683.17964 15474410.46026 7477849.67778 12077789.281879999 4450928.82016 8176785.58897 12809504.801860001 6835395.25052 11353630.74186 4958429.38071 7303652.20897 10426636.20423 6285243.285 14015907.28678 9070888.15594 5673629.34193 15794733.117899999 10135860.8951 8600704.968559999 11971973.512430001 7580923.90667 4877482.51886 10295091.10586 13404544.08372 9657713.51196 7108843.0712 11038590.72354 9572169.50286 13726031.75251 8900639.54909 13465329.67552 12722030.61048 13976721.64157 9460726.61702 11428928.56353 12923413.53394 11110730.0777 7987209.6733 14559591.504209999 12068790.71796 19030689.213 9038967.47216 8489015.395739999 15232090.74946 11740480.34144 10013265.41682 13287175.48734 6131649.13337 14982781.0158 7812665.41188 10299486.38246 6328891.0345 5804407.17274 14063952.04615 9372069.411249999 4812143.04278 11990093.22434 10949151.38273 9394257.830899999 11331821.25971 13165454.58682 20119007.16221 11413994.51278 13126504.19509 8292091.6287 6072121.2288 11220526.43674 10995001.93977 8711649.38927 11958521.833719999 16326417.44776 6406012.65296 11007247.51579 7399252.71682 9752497.38281 4976372.33326 16762476.85291 4558217.49148 5646402.13492 11981204.024209999 11644211.97401 13410071.731900001 6224043.12419 10997003.813749999 11313040.41124 10635118.19227 4536613.06989 
10291089.64172 5694526.60919 7106813.95825 9806262.15414 10868900.68111 16067745.54919 11187621.19796 10208547.61098 10625742.66653 8096006.22607 10777039.16595 13560196.69114 8726963.29903 7334683.17964 0 14714556.65749 9334745.11894 9368872.8279 6040318.208319999 9774188.71175 12569061.36888 7889933.428169999 9554490.071 6593601.22371 9606942.38733 9632458.87884 8818118.63995 9392223.13532 9159793.02387 7254244.80482 16310232.181289999 7353057.24448 6088228.92739 9800197.7705 8967913.98082 5161401.71602 11071408.50014 10026265.39063 9513973.63899 5959831.94355 8009396.84713 11606159.98405 14955075.08056 9769375.44373 11250234.00591 13405233.9682 13342456.85168 9451854.48794 12332993.41068 13322284.04881 12091759.364149999 9283165.92673 12735493.58802 12584289.78135 20576028.7253 10621522.32293 8727366.02521 12794750.37394 10699736.659200002 9731305.3287 15642762.51535 8278947.32425 11893719.95369 8895069.86458 7874555.97999 6629630.88181 8638702.27373 15317808.96587 9778630.7818 5431043.14356 10021929.74553 11454986.837650001 8166616.30706 6866566.54203 10726760.53765 14233619.61031 11050267.19434 10382474.55006 9785349.75058 7750268.11201 10331276.28774 11278921.13693 9064746.86538 11740759.39831 13751575.20197 6195988.88314 9435169.96361 9584633.81247 11746563.40411 5491871.39665 18113560.09499 4988824.89724 7755111.12021 11231485.92505 11217659.13313 13173006.71242 6767756.51988 8403635.12441 10111335.69826 12758796.48142 4763363.97067 
19464940.78176 13490497.26636 16024693.50657 17068430.1228 11885323.30623 22045405.350429997 15038089.62325 17443915.4874 12483492.81784 11843865.52625 16342837.0352 18082472.4634 14140228.73538 15474410.46026 14714556.65749 0 12721485.58884 18372813.14201 12214751.62802 11317942.27849 18624701.07046 11087452.74124 17315186.607019998 10944702.09864 16703474.757620001 13021151.06478 15179922.92799 17346199.03696 14721327.28683 11431647.33513 21218993.0042 12215038.58602 14054079.95516 17504699.17379 13269711.48503 12280085.70396 13077373.61099 19953969.88847 16590039.317139998 11362928.34341 16461024.82706 14327604.69118 21136128.46038 15949814.32969 20193147.44839 19862011.30172 17822986.58923 14665647.64404 21470997.04295 16838672.13082 17023980.84135 15072193.84321 21011062.831019998 18793324.86729 25385304.83624 15570276.600499999 11620814.63231 20746853.40956 16646615.959569998 19113737.909950003 18513151.5654 12980567.61782 21002939.902429998 17491145.52627 17053655.56782 12804064.30151 14084087.84027 18119785.84753 15953064.2015 12724594.98189 18819919.542549998 17913001.880939998 12688961.4962 13883637.76397 17233836.92448 23547505.74402 18183419.6905 16526599.06262 17520848.47901 14300186.09038 12948987.24598 16365875.48971 15239180.28508 18181710.70205 20047362.17145 10972014.6493 16830574.865259998 15213101.11737 17738536.83694 12141417.74677 22343862.91694 11194922.36992 15294677.88264 15005160.99478 18280916.85245 13900703.55201 12892136.16665 17149675.88811 15856730.0406 19300548.33567 10937797.39037 
14764557.625500001 8072576.052200001 10014581.66777 9122798.2885 11655032.58328 16903927.17091 11515788.10938 10612785.41869 13459614.25519 6935593.26233 11765539.61808 12690129.50206 8728875.56363 7477849.67778 9334745.11894 12721485.58884 0 12811003.48847 6700455.336060001 10236425.07806 10844157.07422 6444607.98475 11198003.0301 6590043.29193 7661131.87177 12379482.22962 9562406.85965 15437246.821740001 7712683.60068 8198943.8590400005 15889164.59421 10626192.29546 9524957.94985 12670301.44087 9526032.42506 6863505.9032000005 10240750.09169 13146445.78686 11481028.624090001 7952328.7201 10512723.9344 11906950.46544 17369593.71603 10335171.79606 15574207.94052 14337068.49969 14794095.7411 10655518.83417 16665662.03808 12972210.36756 11386765.06162 10191166.60356 16013898.75021 13333574.2064 16733686.89018 11312770.65164 9549674.34434 15971928.30428 11062014.20956 12170678.61116 16107731.690140001 8743916.49904 16136333.97251 9136721.53238 11269013.15094 7253144.015790001 9366762.94017 17239146.95679 9173689.24855 6899322.58036 9538376.41146 12849168.40067 9655362.25912 12068643.91615 15436654.988309998 17961840.43083 13571205.77581 11644092.99871 11312698.53999 9549986.59226 9010176.81965 12222607.45703 7644904.5184 11182531.27725 16055933.99624 7302370.4108 11952067.857390001 8444189.49796 12172347.25734 6480371.84878 17546854.56005 7228324.85446 9893857.997170001 9492460.47119 11145246.26989 13999513.19122 7731598.91608 10454501.71365 9055327.03406 13795502.19404 5590468.75569 
16968906.83716 8779435.84926 11950920.29512 12483106.27004 12968668.64831 14250049.40344 10176784.79894 14375006.52502 13779785.28883 9499280.53902 10376396.23746 17047350.92024 8746623.43841 12077789.281879999 9368872.8279 18372813.14201 12811003.48847 0 9554699.87801 13443430.9024 12473603.22653 11447817.470850002 15006263.21387 10123398.1913 12712596.02077 11989645.97014 10684677.54418 16875422.40828 12035599.26559 10774615.92893 16799979.25764 9853812.98205 12469639.085140001 13375075.7744 11685986.81382 8574477.4785 14996856.70633 16262485.92851 14121713.08274 9348919.80871 12242172.37385 15749838.92537 19174074.427759998 13279852.93135 13912234.48542 11607791.38897 16966073.71502 13496187.57571 16983311.80839 16649735.60867 14752891.6518 10956681.91488 18185876.72413 15006946.76209 23173964.71515 13843547.38918 10654315.3519 18564211.65694 14692944.51058 16148904.74626 17057091.974320002 8912328.78449 12542241.37358 13721675.71212 14069583.16139 10077256.00641 11764504.18812 14657202.82664 9786737.80532 10033625.18657 15036872.69 10829912.20379 13247351.82455 15042740.26318 14633425.70195 19824976.07949 16029914.63189 12498205.6515 13721399.40763 12190671.05091 13668417.5121 13488608.52256 12121660.674929999 14563779.915709998 19492777.95522 9173029.32384 14549094.27126 12071008.91946 10071110.33302 7985161.54498 20416392.57588 8210849.96349 12066742.28499 9823964.21002 14303169.30154 15754983.17332 10590748.68985 13095572.31887 11727065.1933 14717401.93449 8389707.06354 
10376263.13472 3403114.48409 5868556.6924 5846846.24907 6839382.36843 13647623.560449999 8558560.02615 7259712.98945 9796146.47233 3454166.12794 7041784.54502 11645895.31494 4621989.18306 4450928.82016 6040318.208319999 12214751.62802 6700455.336060001 9554699.87801 0 6321136.23613 9377443.065 3779098.91588 6913383.87142 3077848.7963199997 6091069.98202 8145505.174550001 4848316.58273 10043427.56108 5789955.5883100005 3837400.05299 13027548.32482 7414629.4518800005 5319772.4009300005 8834383.79681 4695595.64696 2512355.554 7044543.39561 9247522.10382 7393800.167400001 3611790.27094 7429179.96564 7180797.78534 10669138.37997 4449710.72893 11817745.85668 10427579.67878 10717062.80933 6383434.74982 12941679.96418 10447969.96125 8405283.61352 6814295.57581 12735959.07975 9132481.71457 18521212.55956 5736660.6671 5240956.29219 12470546.54372 8019254.663869999 9285927.09995 12506202.70649 5065714.4081 11931148.42359 7879869.811840001 6478919.06614 3047958.46687 5323615.65084 13982843.34633 6234217.7493 3063751.82917 8042230.48734 8803962.88728 6118414.79629 8251407.94468 9933025.40446 16828241.90731 8605305.67613 10896816.99386 7878012.21434 5394285.92319 7093733.54669 6549321.2518 4647197.52005 8569148.05317 13066758.61552 3049142.75353 7518870.9715 5307635.74267 7629629.91639 2480574.59405 13951432.3418 2667315.76474 3931773.05533 7931140.38992 8586013.674209999 10058025.05439 3477995.86396 8186606.3019900005 7670181.31298 8946879.02565 1276954.23765 
14385238.525570001 5483163.06884 8525677.7287 8755089.37015 10666359.22807 14961021.58485 9567562.58294 10951755.33209 12368831.42906 8520493.86884 9579410.19509 12103953.58422 9672817.837499999 8176785.58897 9774188.71175 11317942.27849 10236425.07806 13443430.9024 6321136.23613 0 13584847.95431 7798574.82215 12263052.04784 6883961.091899999 9159558.22651 10810791.77152 9183087.75972 11915762.63057 6572201.43771 7819624.75911 12070411.80898 8545107.2251 9136722.87048 12222263.14368 9444084.02239 5328437.84696 11999526.14489 12281635.68429 10661781.85428 7653776.95256 10794195.54413 9497436.63487 15970861.66599 9955852.69613 14899371.957589999 12179933.72803 14493832.41054 10160204.35103 15791265.93688 13430849.44578 12293667.81715 9275924.49561 12475326.58361 12909251.315779999 20154779.80401 8820853.42259 7133997.18865 15053962.51012 10510767.42265 12915273.98838 16332069.155480001 9236874.24195 15757014.87258 11014875.56703 10252403.73793 6371271.69922 7964193.23592 13939761.19429 9085183.42194 5333299.72153 12408034.1892 11303389.70629 9234550.19475 10342994.51025 12329764.69532 15732099.48511 13360511.856010001 10347520.10476 12009814.97584 9171055.5244 12255102.22599 11445957.26787 9256583.27063 9004466.208 16174937.11844 6923123.421929999 11524358.284759998 10054577.96542 13032398.13204 6257344.1952599995 16844539.43364 6528968.69691 8933072.66754 9113582.728 11851579.88886 14464689.103610002 7254765.46517 11963375.9032 8286072.96863 12384384.57638 5053723.83886 
16665832.167629998 11295826.02985 12887408.86634 11704210.84418 13063537.55567 20713460.29579 12722442.73477 10786130.73799 14603869.90572 12407761.32928 13728314.820500001 14073876.09357 12809056.13473 12809504.801860001 12569061.36888 18624701.07046 10844157.07422 12473603.22653 9377443.065 13584847.95431 0 12116308.51421 14980219.94259 7851075.42115 11831018.34729 14004197.21108 12482875.35435 16649090.76667 13213451.52461 10144922.03731 17879895.46349 13856716.76452 12882451.328529999 12468591.95812 11037730.81286 10556265.06696 15385171.5744 16648169.48383 11629300.75694 11303889.48855 14503278.76873 15416819.22661 18328654.89375 13061933.11358 18412903.74364 13926857.36138 14925514.42165 12804548.22318 17844563.87039 14499020.50184 15608584.29036 13421022.9381 18630016.74702 15535565.4359 23961127.0758 14535317.683729999 11747934.28042 19040817.62032 10630531.11244 16511058.94963 13891321.78434 11561049.28141 17909313.22494 14525848.08267 14383444.74879 11087161.83591 12449361.51629 17231844.0855 12838844.129190002 9038952.18987 13101581.30376 10716158.90728 13958550.3516 11650881.26768 17468264.95271 18294805.37996 16221994.776579998 16890286.20276 13988286.78194 13521743.47795 15280862.27626 12510392.26167 12224088.1909 12787545.98192 18744798.04637 10431642.30538 12550122.71971 12059280.47547 11414848.24329 8443147.0512 18946400.58274 10970078.12248 11149561.10018 15324356.23939 15924800.8309 14950741.02926 9206000.17164 11014169.11063 15001565.43886 16404497.50107 9567559.32256 
11438960.34243 4115544.83646 6990995.08256 8962979.10099 9611555.47058 15945079.3601 10571228.6733 9557965.40952 11782432.85463 6746171.961410001 9321134.49426 13107443.83647 7523633.87826 6835395.25052 7889933.428169999 11087452.74124 6444607.98475 11447817.47085 3779098.91588 7798574.82215 12116308.51421 0 9780848.34885 4381457.97381 8391978.53044 10018947.36605 7159902.31023 11811915.51166 7592636.58781 5230214.33431 12902110.79795 9081125.70549 7122453.40043 10637064.79631 7088126.75103 4461001.3537800005 10794549.61827 12384757.386599999 7563928.24012 4831457.87415 9149643.99437 10596075.28748 14448237.29585 6418059.2758 11067985.16847 12914179.34181 11227829.64543 7386350.41924 14753488.10717 12668232.07347 8825995.32696 8616976.57531 13983661.06387 10401784.78553 20186699.07546 9113094.39317 7090571.51204 13529147.51584 10246983.80453 9896228.3262 14169553.6181 5647787.33443 12166845.75319 9682550.81134 10085059.51373 4850639.4663700005 5599425.88454 15802720.51402 7657284.85297 4236212.60244 9924912.34198 7986090.88775 6177581.86313 9745236.66573 9342431.1071 17165299.55562 11329967.21099 12699497.993360002 9139481.14192 5316272.57453 10327947.84463 10328420.167679999 6286884.59606 8006265.12429 12504887.60346 4966892.778820001 8890072.49976 7816950.76375 10515765.73961 4035966.72496 12456229.44265 4792315.35944 6176353.57325 10981973.5467 10382862.83051 11084779.83923 5131157.2571 10036221.52184 9751477.16532 8302340.88266 3126569.4575 
11677113.42747 8763392.04988 11844023.68269 12328866.45598 13002276.8976 16721900.00162 12190680.5245 11470216.61243 13924243.95797 8096046.12872 12959674.4393 16052549.249019999 10833313.76344 11353630.74186 9554490.071 17315186.607019998 11198003.0301 15006263.21387 6913383.87142 12263052.04784 14980219.94259 9780848.34885 0 8189656.58269 9416567.68171 11941492.10245 10815086.82954 15264861.19763 11675453.30167 10010387.2642 18875849.73478 12261221.51893 10150263.06432 10424227.69609 10510848.34754 8551616.52257 11111606.68711 15954849.75187 10558093.57562 9841221.38767 12654703.41829 12995700.39539 16285447.34297 10497257.01113 17607464.92865 15257489.92709 11501118.89637 12014166.46733 12452446.08393 15965937.60779 14567142.996769998 11692419.96775 16917080.17258 14552208.09623 21038549.35554 12233192.07904 11006713.713569999 15948010.19661 11107964.6531 15385268.72856 17419502.87617 9049095.52493 16389366.38961 12271364.63759 12654146.44828 6992182.59374 10681706.64036 17222678.50838 9630322.53094 8996125.8005 13671758.16509 14722978.4445 8166041.01598 13315137.50403 15916272.08123 21051652.34862 14838833.84048 15363699.95399 13121339.35947 11326659.89452 13457722.195640001 12717962.57388 9012819.72796 13815338.47187 17772845.24585 7945762.0027 13679962.654879998 9220820.31092 14543013.78781 8412948.56538 19297988.93178 6795413.25038 9455746.04543 12919884.1539 13488731.2509 14771903.05746 9410369.83529 12331854.40313 10193749.61944 14848827.3375 7209328.20898 
8814756.74648 4449969.51246 6829117.62466 7065249.02235 7153755.87242 14110589.46872 9207581.378320001 8336355.35007 8970967.92975 5526069.97109 6857854.09639 10769347.17017 6449331.25168 4958429.38071 6593601.22371 10944702.09864 6590043.29193 10123398.1913 3077848.7963199997 6883961.091899999 7851075.42115 4381457.97381 8189656.58269 0 6581974.24217 8158610.77547 5939800.31991 11177771.59984 6285499.2458 4576337.3193 12956597.43096 7372279.62238 5902351.4101100005 8627002.91458 6220597.43657 3172525.5666300002 8887618.09767 10298080.31726 6291919.33639 4323867.37292 8200455.036599999 9941969.44459 13690495.46985 6007219.77147 11233202.71505 9375853.04382 9730249.84508 5505400.48156 10526294.94431 9439786.71566 9050380.37734 6687306.71016 12619615.065949999 9230655.03102 16110051.65465 6781812.2384 5794239.30758 11524507.24132 8690857.34099 9868506.10913 9788095.64429 6013387.65613 10058237.80379 8462448.82102 8531356.70066 3630537.4760499997 5906194.660019999 11421262.54021 5609414.60982 3617034.84456 9268048.75398 8651324.02042 6687412.81036 7283853.48165 11187524.5112 17477263.25948 9918913.18383 9148965.32506 8068116.31716 5947568.93858 8680427.94358 9234463.68361 6013295.83082 8860443.91075 12159621.89488 2580566.88423 6705864.48879 6156357.79317 9604250.32061 2138236.64632 12785888.96706 3282612.42166 4349975.784 9081074.025770001 9192672.78051 11765825.1435 4031278.87935 6884590.21813 8319202.66515 10099587.09619 1830237.25304 
15369604.02177 8471284.30833 9916174.200070001 11318489.58066 11140369.9448 15554372.26386 11716456.16891 12506680.15921 12426869.43484 9372742.69857 9739313.96463 12996115.62547 8184964.77574 7303652.20897 9606942.38733 16703474.757620001 7661131.87177 12712596.02077 6091069.98202 9159558.22651 11831018.34729 8391978.53044 9416567.68171 6581974.24217 0 11025142.10887 9612457.47538 11187738.25518 10349158.00684 6375193.7272 15461174.03893 9382632.41067 9746928.68574 10866481.54047 9054763.59651 7027522.71627 9687575.67841 14897516.280539999 11382621.15639 7508210.35524 10740982.17252 12894158.86125 16760208.36199 10540780.71095 16338429.46022 14548155.77847 13550840.4502 11012894.12052 14965054.03854 11606047.20952 12948801.520890001 8181226.75883 16383424.9162 12772687.37109 21943117.66525 8498774.43004 8470993.9655 15871739.57 11953852.58423 14096159.04514 15608216.077040002 8338167.81397 16187762.25426 10142724.81366 12153052.57923 7571821.78068 7752458.98036 16988059.7485 9951678.82323 6772269.30748 10507780.83708 12750760.93297 10928646.74148 13159437.94831 15856023.500040002 19143292.70615 14171784.99975 13349503.39267 11746876.22729 9451579.12456 10195002.8422 11786936.77624 9612814.20634 13529090.318130001 16753686.02887 7249065.873070001 10603016.31401 10118815.84006 12113125.111200001 6823705.54326 17283520.08158 7531726.34213 10022843.037349999 10965739.24357 11743909.81697 14019805.03563 7155790.39481 11769174.57246 10645412.30799 14060137.751600001 6107181.554300001 
14613738.89214 8394956.291620001 8329556.96393 11175172.096859999 9796731.42828 15662253.01702 12932009.791790001 12960576.35052 11282808.17711 7075153.10246 8645850.85333 16153012.18953 10076961.11262 10426636.20423 9632458.87884 13021151.06478 12379482.22962 11989645.97014 8145505.174550001 10810791.77152 14004197.21108 10018947.36605 11941492.10245 8158610.77547 11025142.10887 0 10690187.74144 11743006.34794 10618854.97961 6658133.15473 17399607.184809998 10400955.2128 10132412.95681 13664110.46319 9174656.93337 5633149.62055 12436982.69801 15168366.998289999 12718903.32245 7553449.97003 11908682.22373 13512004.390439998 13359471.33396 10099368.4824 15204083.731180001 14881100.22357 12148608.18154 9398902.7199 16430340.40709 11723937.56259 11195325.09947 10166764.59667 13781741.04031 14061645.6052 23227387.6302 10247570.30195 9237571.065919999 15987757.851149999 12806027.24897 11812300.03455 17561232.05182 10220612.08498 12449668.84574 11718635.31504 11505920.436590001 8758644.81969 9769266.17234 17302690.38066 11303785.75199 6293805.9816 9474368.21019 11926734.742180001 11406204.70866 9051223.29981 14535126.091589998 20487358.090439998 11436835.31321 14932600.881779999 13764219.23255 9364529.80204 12498818.86586 11750669.04146 9397586.46312 12857009.8174 16232546.83989 6666579.12418 11378178.60345 10047198.63169 12262898.71967 7853530.49961 16836928.44966 8558123.81049 10612029.02296 10762894.52513 11546618.89927 14769400.8772 8358856.85241 11745559.48393 12068707.51293 12055783.55598 6892377.90855 
