51
0 1 2 3 4 5 6 7 8 9 10 11 12 13 14 15 16 17 18 19 20 21 22 23 24 25 26 27 28 29 30 31 32 33 34 35 36 37 38 39 40 41 42 43 44 45 46 47 48 49 51
0 19.839 16.363 11.36 18.553 18.256 15.172 35.564 46.189 47.213 39.515 50.397999999999996 51.242000000000004 48.772999999999996 54.264 49.49 52.69500000000001 39.337 59.103 55.527 53.469 53.315 50.796 52.319 53.595 55.59 55.59 38.641 59.015 61.26 48.992 68.29299999999999 59.715999999999994 60.668 68.158 32.086 50.692 48.759 47.934 45.631 42.442 47.923 58.254 59.434000000000005 47.86 62.362 44.212 55.877 58.845 31.936999999999998 30.53 
19.839 0 11.138 10.344 18.977 19.843 17.871 38.263 48.888 49.912 57.934 53.096999999999994 54.95399999999999 51.471999999999994 55.22 50.446 53.650999999999996 40.293 60.059 56.483000000000004 54.425 52.299 49.78 51.303 52.579 54.574 54.574 37.625 57.998999999999995 60.244 47.976 67.277 58.7 59.652 67.142 31.07 34.697 47.742999999999995 46.918 44.615 41.426 46.907 53.028999999999996 54.209 42.635 57.137 38.987 50.652 53.620000000000005 51.775999999999996 50.36899999999999 
16.363 11.138 0 17.248 19.044 17.067 18.795 39.187 49.812 50.836 55.878 54.021 55.878 52.396 62.124 57.35 60.55500000000001 47.197 60.986999999999995 63.387 61.329 59.202999999999996 56.684 58.206999999999994 59.483 61.477999999999994 61.477999999999994 44.528999999999996 64.90299999999999 67.148 54.879999999999995 69.589 65.604 66.556 74.04599999999999 37.974000000000004 45.835 54.647000000000006 53.822 51.519000000000005 48.330000000000005 53.81100000000001 41.891 43.071 31.497 45.998999999999995 27.849 39.513999999999996 42.482 48.3 46.892999999999994 
11.36 10.344 17.248 0 19.725 17.585 15.464 35.856 46.481 47.505 50.875 50.69 52.547 49.065 44.876000000000005 40.102000000000004 43.307 29.949 49.715 46.139 44.081 41.955 39.436 40.959 42.235 44.230000000000004 44.230000000000004 27.281 47.655 49.9 37.632 56.93299999999999 48.355999999999995 49.308 56.798 20.726 39.332 37.399 36.574 34.271 31.082 36.563 59.139 60.319 48.745000000000005 63.247 45.097 56.762 59.730000000000004 43.297 41.89 
18.553 18.977 19.044 19.725 0 12.128 18.443 38.835 49.46 50.484 58.068 53.669 55.525999999999996 52.044 64.601 59.827000000000005 63.03200000000001 49.67400000000001 69.44 65.864 63.806000000000004 58.091 55.572 57.095 58.371 60.366 60.366 43.417 67.38 69.625 57.357 76.658 68.081 69.033 76.523 40.451 53.67400000000001 57.123999999999995 56.299 53.996 50.807 56.288 60.934999999999995 62.115 50.541 65.043 46.893 58.558 61.525999999999996 50.49 49.083 
18.256 19.843 17.067 17.585 12.128 0 18.118 38.51 49.135 50.159 57.771 53.343999999999994 55.20099999999999 51.718999999999994 62.461000000000006 57.687000000000005 60.89200000000001 47.534000000000006 67.30000000000001 63.724000000000004 61.666000000000004 45.963 43.444 44.967 46.243 48.238 48.238 31.289 65.24 61.134 55.217 74.518 65.941 66.893 74.383 38.311 54.540000000000006 54.983999999999995 54.159 51.856 48.667 54.147999999999996 58.958 60.138 48.564 63.065999999999995 44.916 56.580999999999996 59.54899999999999 50.193 48.785999999999994 
15.172 17.871 18.795 15.464 18.443 18.118 0 20.392 31.017 32.041 40.063 35.226 37.083 33.601 51.730999999999995 55.566 58.771 45.413000000000004 64.48299999999999 61.60300000000001 59.545 57.419 54.9 56.423 57.699 59.694 59.694 42.745 63.119 65.364 53.096 72.39699999999999 63.81999999999999 64.77199999999999 72.262 36.19 52.568 52.863 52.038 49.735 46.546 52.027 60.686 61.86600000000001 50.292 64.79400000000001 46.644000000000005 58.309000000000005 61.277 47.109 45.702 
35.564 38.263 39.187 35.856 38.835 38.51 20.392 0 10.625 11.649 19.671 14.834 16.691 13.209 31.339 42.44 43.941 46.266 44.091 47.443 42.8 52.987 38.91 41.558 52.994 52.867 55.897999999999996 51.065 57.893 73.856 67.916 74.723 70.903 60.747 70.267 41.413 35.495 50.688 38.721000000000004 43.607 31.057 50.549 62.04600000000001 47.245000000000005 65.852 66.423 62.467000000000006 61.165000000000006 59.203 67.501 66.09400000000001 
46.189 48.888 49.812 46.481 49.46 49.135 31.017 10.625 0 17.183 11.387 16.85 18.993 10.114 20.714 35.122 33.316 35.641 33.466 36.818 32.175 44.72 28.285 40.45 42.369 42.242000000000004 45.272999999999996 40.44 53.602 63.231 61.798 64.098 65.48 50.122 59.641999999999996 51.474000000000004 41.028999999999996 53.165000000000006 35.626000000000005 47.778000000000006 41.682 48.62800000000001 52.562000000000005 37.761 56.368 56.93900000000001 52.983000000000004 51.681000000000004 49.719 71.37299999999999 76.71900000000001 
47.212999999999994 49.91199999999999 50.836 47.504999999999995 50.483999999999995 50.15899999999999 32.041 11.649 17.183 0 11.902 17.264 12.289 17.502 37.897 44.870000000000005 50.498999999999995 52.824 50.649 54.001 49.358 55.417 45.468 43.988 59.118 57.541 62.456 57.623000000000005 67.382 63.35 61.917 64.217 65.599 50.241 67.594 42.452 23.846 42.018 36.206 39.662 41.962 39.328 66.339 51.538 70.145 70.716 66.75999999999999 65.458 63.495999999999995 72.948 71.541 
39.515 57.934 55.878 50.875 58.068 57.771 40.063 19.671 11.387 11.902 0 11.167 11.727 16.941 32.101 38.773 44.703 47.028 44.853 48.205 43.562 49.32 39.672 37.891 53.021 51.444 56.66 51.569 64.989 74.618 73.185 75.485 76.867 61.509 71.029 54.354 35.748 53.92 42.453 51.564 50.727999999999994 51.23 63.949000000000005 49.148 67.755 68.32600000000001 64.37 63.068000000000005 61.106 71.452 70.045 
50.397999999999996 53.096999999999994 54.021 50.69 53.669 53.343999999999994 35.226 14.834 16.85 17.264 11.167 0 18.09 13.735 37.564 27.606 39.566 37.759 43.011 40.96 42.914 38.153 38.888999999999996 26.724 41.854 40.277 46.168 40.402 61.353 70.247 71.376 79.70400000000001 74.363 66.97200000000001 76.49199999999999 55.095 41.11 56.786 39.247 51.399 45.891 52.249 62.572 47.771 66.378 66.949 62.993 61.691 59.729 73.491 80.928 
51.242000000000004 54.95399999999999 55.878 52.547 55.525999999999996 55.20099999999999 37.083 16.691 18.993 12.289 11.727 18.09 0 13.631 39.706999999999994 45.696 52.309 54.63399999999999 52.458999999999996 55.81099999999999 51.16799999999999 56.243 47.278 44.814 59.944 58.367000000000004 64.258 58.492000000000004 72.595 75.639 74.206 76.506 77.888 62.53 78.63499999999999 54.741 36.135 54.307 39.143 51.295 47.748 51.617 62.468 47.667 66.274 66.845 62.889 61.587 59.625 83.179 81.772 
48.772999999999996 51.471999999999994 52.396 49.065 52.044 51.718999999999994 33.601 13.209 10.114 17.502 16.941 13.735 13.631 0 30.828 41.341 43.43 45.754999999999995 43.58 46.932 42.289 51.888000000000005 38.399 40.459 52.483000000000004 52.356 55.387 50.554 63.715999999999994 73.345 71.912 74.212 75.59400000000001 60.236000000000004 69.756 41.36 37.872 43.051 25.512 37.664 43.216 38.514 48.837 34.036 52.643 53.214 49.258 47.956 45.994 71.856 70.449 
54.264 55.220000000000006 62.12400000000001 44.876000000000005 64.601 62.461000000000006 51.730999999999995 31.339 20.714 37.897 32.101 37.564 39.706999999999994 30.828 0 14.408 12.602 14.927 12.752 16.104 11.461 49.188 32.753 44.918 46.837 46.71 49.741 44.908 32.888 42.517 41.084 43.384 44.766000000000005 29.408 38.928 54.118 55.803 54.311 44.575 40.573 53.123000000000005 56.897000000000006 54.015 48.145 49.838 47.179 45.89 34.225 50.039 50.659 76.562 
49.49 50.446000000000005 57.35000000000001 40.102000000000004 59.827000000000005 57.687000000000005 55.566 42.44 35.122 44.870000000000005 38.773 27.606 45.696 41.341 14.408 0 11.96 10.153 15.405 13.354 15.308 63.596000000000004 47.161 54.33 61.245000000000005 61.118 64.149 59.316 33.747 51.797 43.769999999999996 52.098 46.757 43.816 53.013999999999996 46.015 42.527 47.706 30.167 39.931 47.871 43.169000000000004 56.668 50.798 52.491 49.832 48.543 36.878 52.692 45.885 71.788 
52.69500000000001 53.651 60.55500000000001 43.307 63.032000000000004 60.892 58.771 43.941 33.316 50.499 44.703 39.566 52.309 43.43000000000001 12.602 11.96 0 13.358 19.873 19.143 12.947 61.790000000000006 45.355000000000004 57.52 59.43900000000001 59.312000000000005 62.343 57.510000000000005 36.952 55.001999999999995 46.974999999999994 55.303 49.961999999999996 42.010000000000005 51.53 41.516 43.787 41.709 40.123 27.971 40.521 44.295 61.136 55.266000000000005 56.959 54.300000000000004 53.011 41.346000000000004 57.160000000000004 49.09 70.605 
39.337 40.293 47.197 29.949 49.67400000000001 47.534000000000006 45.413000000000004 46.266 35.641 52.824 47.028 37.759 54.634 45.754999999999995 14.927 10.153 13.358 0 19.766 16.19 14.132 64.115 47.68 59.845 61.763999999999996 61.637 64.668 57.230000000000004 23.594 41.644000000000005 33.617000000000004 41.945 36.604 40.735 42.861000000000004 50.675 52.68 55.067 40.32 41.329 50.43 53.112 61.028999999999996 55.159 56.852 54.193 52.903999999999996 41.239 57.053 35.732 61.635 
59.103 60.059000000000005 60.986999999999995 49.715 69.44 67.30000000000001 64.483 44.091 33.466 50.649 44.853 43.011 52.459 43.58 12.752 15.405 19.873 19.766 0 14.606 13.696 61.94 45.505 57.67 59.589 59.462 62.493 57.660000000000004 43.36 49.695 37.427 56.136 48.150999999999996 42.160000000000004 51.68 61.389 57.932 61.582 45.572 47.844 60.394000000000005 58.574000000000005 41.263 35.393 37.086 34.427 33.138 21.473 37.287 55.498 81.401 
55.527 56.483000000000004 63.387 46.139 65.864 63.724000000000004 61.603 47.443 36.818 54.001 48.205 40.96 55.81099999999999 46.932 16.104 13.354 19.143 16.19 14.606 0 10.187 65.292 48.857 61.022 62.941 62.814 65.845 61.012 39.784000000000006 57.834 49.807 58.135000000000005 52.794000000000004 45.512 55.032 59.369 55.881 60.852000000000004 43.521 47.114000000000004 59.664 56.523 55.869 49.999 51.692 49.033 47.744 36.079 51.893 51.922 77.825 
53.469 54.425000000000004 61.32900000000001 44.081 63.806000000000004 61.666000000000004 59.545 42.8 32.175 49.358 43.562 42.914 51.16799999999999 42.289 11.461 15.308 12.947 14.132 13.696 10.187 0 60.649 44.214 56.379 58.298 58.171 61.202 56.369 37.726 53.978 47.748999999999995 54.845 50.736 40.869 50.388999999999996 54.463 56.734 54.656 45.475 40.918 53.468 57.242000000000004 54.958999999999996 49.089 50.782 48.123 46.833999999999996 35.169 50.983 49.864 75.767 
53.315 52.299 59.203 41.955 58.091 45.963 57.419 52.986999999999995 44.72 55.417 49.32 38.153 56.242999999999995 51.888 49.188 63.596000000000004 61.790000000000006 64.11500000000001 61.940000000000005 65.292 60.649 0 16.435 11.429 18.493 17.958 13.165 14.674 62.569 44.519 56.787 63.876999999999995 60.754999999999995 57.628 58.619 49.242999999999995 48.888 44.221 46.408 49.730000000000004 52.897999999999996 33.406 58.417 57.366 64.768 56.554 60.041 61.222 45.408 79.739 78.33200000000001 
50.796 49.78 56.684 39.436 55.572 43.444 54.9 38.91 28.285 45.468 39.672 38.888999999999996 47.278 38.399 32.753 47.161 45.355000000000004 47.68 45.505 48.857 44.214 16.435 0 12.165 14.084 13.957 16.988 12.155 60.05 42.0 54.268 61.358000000000004 58.236000000000004 55.109 56.1 56.519 65.323 60.65599999999999 62.842999999999996 66.16499999999999 66.875 49.840999999999994 59.153 58.102 65.50399999999999 57.29 60.777 61.958 46.144 82.733 81.32600000000001 
52.319 51.303000000000004 58.20700000000001 40.959 57.095 44.967 56.423 41.558 40.45 43.988 37.891 26.724 44.814 40.459 44.918 54.33 57.519999999999996 59.845 57.67 61.022 56.379 11.429 12.165 0 15.13 13.553 19.444 13.678 61.57299999999999 43.522999999999996 55.791 62.881 59.759 56.632 57.623 58.974999999999994 60.317 55.65 57.837 61.159000000000006 64.327 44.835 46.988 45.937 53.339 45.125 48.611999999999995 49.793 33.979 84.256 82.849 
53.595 52.579 59.483000000000004 42.235 58.371 46.243 57.699 52.994 42.369 59.117999999999995 53.021 41.854 59.944 52.483000000000004 46.837 61.245000000000005 59.43900000000001 61.764 59.589000000000006 62.941 58.298 18.493 14.084 15.13 0 17.377 16.023 14.954 62.849000000000004 44.799 57.067 64.157 61.035 57.908 58.899 55.554 67.381 62.714 64.901 68.223 65.91 51.899 62.118 61.067 68.469 60.255 63.742000000000004 64.923 49.109 85.532 84.125 
55.59 54.574000000000005 61.47800000000001 44.230000000000004 60.366 48.238 59.694 52.867000000000004 42.242000000000004 57.541 51.444 40.277 58.367000000000004 52.35600000000001 46.71 61.118 59.312 61.637 59.462 62.814 58.171 17.958 13.957 13.553 17.377 0 19.438 16.949 64.844 46.794 59.062 66.152 63.03 59.903 60.894 58.968999999999994 66.846 62.178999999999995 64.366 67.688 69.32499999999999 51.364 60.541 59.489999999999995 66.892 58.678 62.16499999999999 63.346 47.532 87.527 86.12 
55.59 54.574000000000005 61.47800000000001 44.230000000000004 60.366 48.238 59.694 55.897999999999996 45.272999999999996 62.455999999999996 56.66 46.168 64.258 55.387 49.741 64.149 62.343 64.668 62.493 65.845 61.202 13.165 16.988 19.444 16.023 19.438 0 16.949 64.844 46.794 59.062 66.152 63.03 59.903 60.894 39.531 58.137 56.20399999999999 55.379 53.076 49.887 46.571 66.432 65.381 72.783 64.569 68.056 69.237 53.423 70.027 68.62 
38.641 37.625 44.528999999999996 27.281 43.417 31.289 42.745 51.065 40.44 57.623 51.569 40.402 58.492000000000004 50.554 44.908 59.316 57.510000000000005 57.230000000000004 57.660000000000004 61.012 56.369 14.674 12.155 13.678 14.954 16.949 16.949 0 47.894999999999996 29.845 42.113 49.203 46.081 42.954 43.945 48.007 63.562 58.894999999999996 61.082 61.552 58.363 48.08 60.666 59.614999999999995 67.017 58.803 62.28999999999999 63.471 47.657 70.578 69.171 
59.015 57.999 64.903 47.655 67.38 65.24000000000001 63.119 57.893 53.602 67.382 64.989 61.353 72.595 63.715999999999994 32.888 33.747 36.952 23.594 43.36 39.784000000000006 37.726 62.568999999999996 60.05 61.57299999999999 62.849 64.844 64.844 47.894999999999996 0 18.05 10.023 18.351 13.01 17.141 19.267 37.192 43.536 40.333 42.52 39.385999999999996 26.836 29.518 49.903999999999996 44.034 45.727000000000004 40.691 41.778999999999996 30.114 45.928 59.326 66.281 
61.26 60.244 67.148 49.9 69.625 61.134 65.364 73.856 63.231 63.349999999999994 74.618 70.247 75.639 73.345 42.517 51.797000000000004 55.00200000000001 41.644000000000005 49.695 57.834 53.978 44.519 42.0 43.522999999999996 44.799 46.794 46.794 29.845 18.05 0 12.268 19.358 16.236 13.109 14.1 55.242 39.504 57.676 51.864 55.32 44.885999999999996 47.568 54.423 62.084 60.774 42.936 59.829 48.164 54.082 77.376 84.331 
48.992 47.976 54.879999999999995 37.632 57.357 55.217 53.096 67.916 61.798 61.917 73.185 71.376 74.206 71.912 41.084 43.77 46.97500000000001 33.617000000000004 37.427 49.807 47.749 56.787 54.268 55.791 57.067 59.062 59.062 42.113 10.023 12.268 0 19.301 10.724 11.676 19.166 47.214999999999996 38.071 50.355999999999995 50.431 49.40899999999999 36.858999999999995 39.541 42.155 49.846000000000004 48.506 30.668 48.818 40.137 41.814 69.349 76.304 
68.29299999999999 67.27699999999999 69.589 56.93299999999999 76.65799999999999 74.518 72.39699999999999 74.723 64.098 64.217 75.485 79.70400000000001 76.506 74.212 43.384 52.098 55.303 41.945 56.136 58.135000000000005 54.845 63.877 61.358000000000004 62.881 64.15700000000001 66.152 66.152 49.203 18.351 19.358 19.301 0 16.62 13.976 12.729 55.543 40.371 58.543000000000006 52.731 56.187000000000005 45.187 47.869 35.077 42.768 41.428 23.59 41.739999999999995 36.544 34.736000000000004 77.67699999999999 84.632 
59.715999999999994 58.699999999999996 65.604 48.355999999999995 68.08099999999999 65.941 63.81999999999999 70.90299999999999 65.48 65.599 76.867 74.363 77.888 75.59400000000001 44.766000000000005 46.757 49.962 36.604 48.150999999999996 52.794 50.736 60.755 58.236000000000004 59.759 61.035000000000004 63.03 63.03 46.081 13.01 16.236 10.724 16.62 0 15.358 13.318 50.202 41.753 53.342999999999996 54.113 52.396 39.846 42.528 51.697 57.044000000000004 58.048 40.21 54.789 43.124 51.356 72.336 79.29100000000001 
60.668 59.652 66.556 49.308 69.033 66.893 64.772 60.747 50.122 50.241 61.509 66.97200000000001 62.53 60.236000000000004 29.408 43.816 42.010000000000005 40.735 42.160000000000004 45.512 40.869 57.628 55.109 56.632000000000005 57.908 59.903000000000006 59.903000000000006 42.954 17.141 13.109 11.676 13.976 15.358 0 17.353 45.001000000000005 26.395 44.567 38.754999999999995 42.211 43.977 41.876999999999995 49.053000000000004 56.744 55.404 37.566 55.716 47.254999999999995 48.712 75.497 74.09 
68.158 67.142 74.046 56.798 76.523 74.38300000000001 72.262 70.267 59.641999999999996 67.59400000000001 71.029 76.49199999999999 78.63499999999999 69.756 38.928 53.014 51.53 42.861000000000004 51.68 55.032 50.388999999999996 58.619 56.1 57.623000000000005 58.899 60.894000000000005 60.894000000000005 43.945 19.267 14.1 19.166 12.729 13.318 17.353 0 56.458999999999996 43.748000000000005 59.599999999999994 56.108000000000004 58.65299999999999 46.102999999999994 48.785 47.806000000000004 55.497 54.157000000000004 36.319 54.469 49.273 47.465 78.593 85.548 
32.086 31.07 37.974000000000004 20.726 40.451 38.311 36.19 41.413 51.474000000000004 42.452 54.354 55.095 54.741 41.36 54.117999999999995 46.015 41.516 50.675 61.388999999999996 59.369 54.462999999999994 49.242999999999995 56.519 58.974999999999994 55.554 58.968999999999994 39.531 48.007 37.192 55.242000000000004 47.215 55.543 50.202 45.001000000000005 56.459 0 18.606 16.673 15.848 13.545 10.356 15.837 44.998000000000005 59.79900000000001 55.392 56.48500000000001 63.648 64.78800000000001 58.007000000000005 30.496000000000002 29.089 
50.692 34.697 45.835 39.332 53.67400000000001 54.540000000000006 52.568 35.495 41.028999999999996 23.846 35.748 41.11 36.135 37.872 55.803 42.527 43.787 52.68 57.932 55.881 56.733999999999995 48.888 65.323 60.317 67.381 66.846 58.137 63.562 43.536 39.504 38.071 40.371 41.753 26.395 43.748000000000005 18.606 0 18.172 12.36 15.816 18.116 15.482 51.265 66.066 61.659 62.752 69.91499999999999 71.055 64.274 49.102000000000004 47.695 
48.759 47.743 54.647000000000006 37.399 57.124 54.984 52.863 50.688 53.165000000000006 42.018 53.92 56.786 54.307 43.051 54.31100000000001 47.706 41.709 55.06700000000001 61.58200000000001 60.852000000000004 54.656000000000006 44.221 60.65599999999999 55.65 62.714 62.178999999999995 56.20399999999999 58.894999999999996 40.333 57.676 50.355999999999995 58.543 53.342999999999996 44.567 59.599999999999994 16.673 18.172 0 17.539 13.738 19.631 10.815 54.273 69.074 64.667 65.76 72.923 70.447 67.28200000000001 47.169 45.76199999999999 
47.934 46.918 53.822 36.574 56.299 54.159 52.038 38.721000000000004 35.626000000000005 36.206 42.453 39.247 39.143 25.512 44.575 30.167 40.123 40.32 45.572 43.521 45.475 46.408 62.843 57.837 64.901 64.366 55.379 61.082 42.52 51.864 50.431 52.730999999999995 54.113 38.754999999999995 56.108 15.848 12.36 17.539 0 12.152 17.704 13.002 38.905 53.706 49.299 50.392 57.555 58.695 51.914 46.344 44.937 
45.631 44.615 51.519000000000005 34.271 53.996 51.856 49.735 43.607 47.778000000000006 39.662 51.564 51.399 51.295 37.664 40.573 39.931 27.971 41.329 47.844 47.114000000000004 40.918 49.730000000000004 66.165 61.159000000000006 68.223 67.688 53.076 61.552 39.385999999999996 55.32 49.40899999999999 56.187 52.395999999999994 42.211 58.65299999999999 13.545 15.816 13.738 12.152 0 12.55 16.324 47.19200000000001 61.99300000000001 57.586000000000006 58.67900000000001 65.84200000000001 66.982 60.20100000000001 44.041000000000004 42.634 
42.442 41.426 48.33 31.082 50.807 48.667 46.546 31.057 41.682 41.962 50.727999999999994 45.891 47.748 43.216 53.123000000000005 47.871 40.521 50.43 60.394000000000005 59.664 53.468 52.897999999999996 66.875 64.327 65.91 69.325 49.887 58.363 26.836 44.885999999999996 36.858999999999995 45.187 39.846 43.977 46.102999999999994 10.356 18.116 19.631 17.704 12.55 0 19.492 34.642 49.443000000000005 45.036 46.129000000000005 53.292 54.432 47.651 40.852000000000004 39.445 
47.923 46.907000000000004 53.81100000000001 36.563 56.288000000000004 54.148 52.027 50.549 48.628 39.328 51.230000000000004 52.249 51.617000000000004 38.514 56.897000000000006 43.169000000000004 44.295 53.112 58.574000000000005 56.523 57.242000000000004 33.406 49.840999999999994 44.835 51.899 51.364 46.571 48.08 29.518 47.568 39.541 47.869 42.528 41.876999999999995 48.785 15.837 15.482 10.815 13.002 16.324 19.492 0 51.907000000000004 66.708 62.301 63.394000000000005 70.557 59.632000000000005 64.916 46.333 44.925999999999995 
58.254 53.028999999999996 41.891 59.138999999999996 60.935 58.958 60.686 62.04600000000001 52.562000000000005 66.339 63.949000000000005 62.572 62.468 48.837 54.015 56.668 61.135999999999996 61.028999999999996 41.263 55.869 54.958999999999996 58.417 59.153 46.988 62.118 60.541 66.432 60.666 49.903999999999996 54.423 42.155 35.077 51.697 49.053 47.806 44.998000000000005 51.265 54.273 38.905 47.19200000000001 34.642 51.907000000000004 0 14.801 10.394 11.487 18.65 19.79 13.009 75.494 74.087 
59.434 54.208999999999996 43.071 60.319 62.114999999999995 60.138 61.866 47.245000000000005 37.761 51.538 49.148 47.771 47.667 34.036 48.145 50.798 55.266000000000005 55.159 35.393 49.999 49.089 57.366 58.102 45.937 61.067 59.489999999999995 65.381 59.614999999999995 44.034 62.084 49.846000000000004 42.768 57.044 56.744 55.497 59.79900000000001 66.066 69.07400000000001 53.706 61.99300000000001 49.443000000000005 66.708 14.801 0 18.607 19.178 15.222 13.92 11.958 90.29500000000002 88.88800000000002 
47.86 42.635 31.497 48.745000000000005 50.541 48.564 50.292 65.852 56.368 70.145 67.755 66.378 66.274 52.643 49.838 52.491 56.959 56.852 37.086 51.692 50.782 64.768 65.50399999999999 53.339 68.469 66.892 72.783 67.017 45.727000000000004 60.774 48.506 41.428 58.048 55.403999999999996 54.157 55.392 61.659 64.667 49.299 57.586 45.036 62.301 10.394 18.607 0 17.838 18.597 15.613 19.36 79.797 78.39 
62.361999999999995 57.13699999999999 45.998999999999995 63.247 65.04299999999999 63.065999999999995 64.794 66.423 56.93900000000001 70.716 68.32600000000001 66.949 66.845 53.214 47.179 49.832 54.3 54.193 34.427 49.033 48.123 56.554 57.29 45.125 60.255 58.678 64.569 58.803 40.691 42.936 30.668 23.59 40.21 37.566 36.319 56.48500000000001 62.752 65.76 50.392 58.679 46.129000000000005 63.394000000000005 11.487 19.178 17.838 0 18.15 12.954 11.146 86.98100000000001 85.57400000000001 
44.212 38.987 27.849 45.097 46.893 44.916 46.644000000000005 62.467 52.983000000000004 66.76 64.37 62.993 62.889 49.258 45.89 48.543 53.010999999999996 52.903999999999996 33.138 47.744 46.833999999999996 60.041 60.776999999999994 48.611999999999995 63.742 62.16499999999999 68.056 62.28999999999999 41.778999999999996 59.82899999999999 48.818 41.739999999999995 54.788999999999994 55.715999999999994 54.468999999999994 63.648 69.91499999999999 72.923 57.555 65.842 53.292 70.557 18.65 15.222 18.597 18.15 0 11.665 14.633 76.149 74.742 
55.876999999999995 50.651999999999994 39.513999999999996 56.762 58.55799999999999 56.580999999999996 58.309 61.165000000000006 51.681000000000004 65.458 63.068000000000005 61.691 61.587 47.956 34.225 36.878 41.346000000000004 41.239 21.473 36.079 35.169 61.222 61.958 49.793 64.923 63.346000000000004 69.237 63.471000000000004 30.114 48.164 40.137 36.544 43.124 47.254999999999995 49.272999999999996 64.788 71.055 70.447 58.695 66.982 54.432 59.632000000000005 19.79 13.92 15.613 12.954 11.665 0 15.814 76.971 86.407 
58.845 53.62 42.482 59.730000000000004 61.525999999999996 59.549 61.277 59.203 49.719 63.495999999999995 61.106 59.729 59.625 45.994 50.039 52.692 57.16 57.053 37.287 51.893 50.983 45.408 46.144 33.979 49.109 47.532 53.423 47.657 45.928 54.082 41.814 34.736000000000004 51.35600000000001 48.712 47.465 58.007000000000005 64.274 67.28200000000001 51.914 60.20100000000001 47.651 64.916 13.009 11.958 19.36 11.146 14.633 15.814 0 88.50300000000001 87.09600000000002 
31.936999999999998 51.775999999999996 48.3 43.297 50.489999999999995 50.193 47.108999999999995 67.50099999999999 71.37299999999999 72.94800000000001 71.452 73.491 83.179 71.856 50.659 45.885 49.09 35.732 55.498 51.922 49.864 79.739 82.733 84.256 85.53200000000001 87.527 70.027 70.578 59.326 77.376 69.349 77.67699999999999 72.336 75.497 78.593 30.496000000000002 49.102000000000004 47.169 46.344 44.041000000000004 40.852000000000004 46.333 75.494 90.295 79.797 86.981 76.149 76.971 88.503 0 25.903 
30.53 50.369 46.893 41.89 49.083 48.786 45.702 66.094 76.719 71.541 70.045 80.928 81.772 70.449 76.562 71.788 70.605 61.635 81.401 77.825 75.767 78.332 81.326 82.84899999999999 84.125 86.11999999999999 68.62 69.17099999999999 66.281 84.331 76.304 84.632 79.29100000000001 74.09 85.548 29.089 47.695 45.762 44.937 42.634 39.445 44.926 74.087 88.888 78.39 85.574 74.742 86.40700000000001 87.096 25.903 0 
