26
1 2 3 4 7 9 13 14 16 19 21 22 23 25 27 28 30 32 35 38 39 42 45 46 49 0
0 1.149 0.70157 1.07169 1.66642 2.24366 2.61908 1.31669 2.12047 1.84604 1.9317000000000002 2.01564 1.82829 1.7766800000000003 1.72168 1.9235200000000001 0.6147 2.10371 1.39578 2.09111 2.1471299999999998 1.48344 1.87763 1.17967 1.8903400000000001 0.71657 
1.149 0 1.03864 1.10138 0.74815 1.41567 1.70081 1.6537600000000001 1.93845 2.4215400000000002 2.03334 2.24921 2.26495 1.7255700000000003 2.33075 1.64385 1.7637 2.14377 1.34467 1.8644 2.09136 2.20339 2.36795 1.98539 1.7941500000000001 0.66546 
0.70157 1.03864 0 1.27472 0.96485 2.12234 1.91751 0.61512 1.57458 2.08353 2.25282 2.17028 2.1692400000000003 1.64664 1.29211 1.7413699999999999 1.31627 2.68525 1.26574 1.84791 2.01709 2.18501 2.29835 0.94675 2.00846 0.58653 
1.07169 1.10138 1.27472 0 1.8495300000000001 1.17197 2.19008 1.88984 2.67377 2.26424 2.21452 2.34556 2.35185 1.82192 1.77873 1.82503 1.68639 1.7831700000000001 1.52048 1.7071 1.6408900000000002 2.38457 1.84306 2.22147 2.16875 0.84127 
1.66642 0.74815 0.96485 1.8495300000000001 0 1.15749 0.95266 1.53003 1.8636300000000001 1.8557000000000001 2.78149 1.77725 1.95988 2.16609 2.2569600000000003 1.63007 2.11334 1.9113700000000002 2.09282 2.41284 2.60779 1.75624 1.80288 1.9116 2.29695 1.41361 
2.24366 1.41567 2.12234 1.17197 1.15749 0 1.14658 2.4995499999999997 2.57782 2.31208 2.64637 1.9711699999999999 1.8194 1.95032 1.9999099999999999 1.5468 1.9728599999999998 1.38646 1.80374 1.75494 1.7298399999999998 2.4605300000000003 1.44635 2.37251 1.7720399999999998 2.0132399999999997 
2.6190800000000003 1.70081 1.91751 2.19008 0.95266 1.14658 0 2.20326 1.9267 2.62928 2.08271 0.82459 2.20466 1.34823 1.76278 1.8842500000000002 2.35812 1.91432 2.08352 2.07214 2.2991 2.7089 2.01904 2.86426 2.34473 2.36627 
1.31669 1.6537600000000001 0.61512 1.88984 1.53003 2.4995499999999997 2.20326 0 0.95946 1.46841 2.00113 2.40712 1.8545500000000001 1.88348 1.9072300000000002 1.3474599999999999 1.93139 2.46569 1.4653800000000001 1.4540000000000002 1.68096 1.7755299999999998 1.96307 1.5618699999999999 1.9955399999999999 1.2016499999999999 
2.12047 1.93845 1.57458 2.6737699999999998 1.8636300000000001 2.57782 1.9267 0.95946 0 1.39864 2.13315 2.35005 1.79748 1.82641 1.7390400000000001 1.29039 2.28247 1.6899 1.40831 1.39693 1.6238899999999998 2.10913 1.60988 2.2558 1.03608 2.08752 
1.84604 2.4215400000000002 2.08353 2.26424 1.8557000000000001 2.31208 2.62928 1.46841 1.39864 0 2.43417 2.33942 1.2018900000000001 1.8157800000000002 1.8226499999999999 1.77348 1.2313399999999999 2.0422700000000003 1.25247 0.55714 1.46191 1.9202599999999999 1.8273899999999998 2.01491 1.25359 1.93168 
1.9317000000000002 2.03334 2.25282 2.21452 2.78149 2.64637 2.08271 2.00113 2.13315 2.43417 0 1.25812 1.40223 1.03643 0.96071 1.57245 2.5464 2.07504 2.28876 2.04698 2.16001 2.64563 2.8394399999999997 2.62472 2.4129 2.09654 
2.01564 2.24921 2.17028 2.34556 1.77725 1.9711699999999999 0.82459 2.40712 2.35005 2.33942 1.25812 0 1.40854 0.52364 0.93819 1.05966 2.36848 1.5622500000000001 1.83108 1.78228 2.11334 2.48316 1.80253 2.33386 1.73339 1.5837500000000002 
1.82829 2.26495 2.1692400000000003 2.35185 1.95988 1.8194 2.20466 1.8545500000000001 1.79748 1.2018900000000001 1.40223 1.40854 0 0.98726 1.11439 1.5232800000000002 1.21359 2.0258700000000003 1.34008 0.64475 1.54952 2.19768 2.2325 1.22249 2.44221 2.01929 
1.7766800000000003 1.7255700000000003 1.64664 1.82192 2.1660899999999996 1.95032 1.34823 1.88348 1.82641 1.8157800000000002 1.03643 0.52364 0.98726 0 1.42056 0.53602 1.84484 1.03861 1.3074400000000002 1.2586400000000002 1.5897000000000001 2.11268 1.9405899999999998 2.20975 2.21762 1.06011 
1.72168 2.33075 1.29211 1.77873 2.2569600000000003 1.9999099999999999 1.76278 1.9072300000000002 1.7390400000000001 1.8226499999999999 0.96071 0.93819 1.11439 1.42056 0 1.9565800000000002 2.32798 2.4591700000000003 1.32805 1.26551 1.1993 3.20512 2.74072 2.23886 2.6715799999999996 1.87864 
1.9235200000000001 1.64385 1.7413699999999999 1.82503 1.63007 1.5468 1.8842500000000002 1.3474599999999999 1.29039 1.77348 1.57245 1.05966 1.5232800000000002 0.53602 1.9565800000000002 0 1.30882 1.11823 1.22772 1.21634 1.4432999999999998 2.04158 1.40457 2.28207 1.6816 1.59613 
0.6147 1.7637 1.31627 1.68639 2.11334 1.9728599999999998 2.35812 1.93139 2.28247 1.2313399999999999 2.5464 2.36848 1.21359 1.84484 2.32798 1.30882 0 1.48901 2.01048 1.7884799999999998 2.21141 2.09814 2.02173 1.79437 2.48493 1.33127 
2.10371 2.14377 2.68525 1.7831700000000001 1.9113700000000002 1.38646 1.91432 2.46569 1.6899 2.0422700000000003 2.07504 1.5622500000000001 2.0258700000000003 1.03861 2.4591700000000003 1.11823 1.48901 0 2.34595 2.29725 2.33608 1.07407 1.61213 2.37223 1.93782 2.09872 
1.39578 1.34467 1.26574 1.52048 2.09282 1.80374 2.08352 1.4653800000000001 1.40831 1.25247 2.28876 1.83108 1.34008 1.3074400000000002 1.32805 1.22772 2.0104800000000003 2.34595 0 0.69533 0.75135 2.87922 1.84333 2.1531000000000002 2.41713 0.67921 
2.09111 1.8644 1.84791 1.7071 2.41284 1.75494 2.07214 1.4540000000000002 1.39693 0.55714 2.04698 1.78228 0.64475 1.2586400000000002 1.26551 1.21634 1.78848 2.29725 0.69533 0 0.90477 2.4774 1.83195 1.45777 1.81073 1.37454 
2.1471299999999998 2.09136 2.0170899999999996 1.6408900000000002 2.60779 1.7298399999999998 2.2991 1.68096 1.6238899999999998 1.46191 2.1600099999999998 2.11334 1.54952 1.5897000000000001 1.1993 1.4432999999999998 2.21141 2.33608 0.75135 0.90477 0 2.53091 2.05891 2.36254 2.45139 1.4305599999999998 
1.48344 2.20339 2.18501 2.38457 1.75624 2.46053 2.7089 1.7755299999999998 2.10913 1.9202599999999999 2.64563 2.48316 2.19768 2.11268 3.20512 2.0415799999999997 2.09814 1.07407 2.87922 2.4774 2.53091 0 1.17796 1.29816 1.33193 2.2000100000000002 
1.87763 2.36795 2.29835 1.84306 1.80288 1.44635 2.01904 1.96307 1.60988 1.8273899999999998 2.8394399999999997 1.80253 2.2325 1.9405900000000003 2.74072 1.40457 2.02173 1.61213 1.84333 1.83195 2.05891 1.17796 0 1.3516 0.5738 2.52254 
1.17967 1.98539 0.94675 2.22147 1.9116 2.37251 2.86426 1.5618699999999999 2.2558 2.01491 2.62472 2.33386 1.22249 2.20975 2.23886 2.28207 1.79437 2.37223 2.1531000000000002 1.45777 2.36254 1.29816 1.3516 0 1.21972 1.53328 
1.8903400000000001 1.7941500000000001 2.00846 2.16875 2.29695 1.77204 2.34473 1.9955399999999999 1.03608 1.25359 2.4129 1.73339 2.44221 2.21762 2.67158 1.6816 2.4849300000000003 1.9378199999999999 2.4171300000000002 1.81073 2.45139 1.33193 0.5738 1.21972 0 2.44164 
0.71657 0.66546 0.58653 0.84127 1.41361 2.0132399999999997 2.36627 1.2016499999999999 2.08752 1.93168 2.09654 1.5837500000000002 2.0192900000000003 1.06011 1.87864 1.59613 1.33127 2.09872 0.67921 1.37454 1.4305599999999998 2.2000100000000002 2.5225400000000002 1.53328 2.44164 0 
