26
Denmark Angola Comoros Botswana Belize Antigua Cocos Cayman Guadeloupe Guam United Bouvet Colombia Egypt Australia Austria Argentina Aruba Bermuda Cambodia Fiji China Guyana Czech Central Soda
0 158149670.0 132944626.0 134111047.0 123315635.0 107192194.0 183027244.0 160665049.0 178115357.0 140081269.0 184233745.0 117725980.0 138170529.0 113646653.0 159977295.0 149037425.0 122956713.0 103576814.0 163680962.0 155838934.0 156330065.0 145759641.0 127942848.0 141021146.0 156532997.0 146816125.0 
158149670.0 0 171923656.0 137487689.0 180158111.0 215488612.0 188581182.0 188047349.0 153829280.0 129529068.0 133917650.0 189789763.0 119200368.0 190262073.0 214333202.0 156078183.0 190068975.0 145142310.0 201157461.0 203057846.0 150128395.0 152468991.0 152912721.0 192613270.0 92186127.0 156373431.0 
132944626.0 171923656.0 0 182825711.0 142743689.0 172702484.0 197286592.0 171459051.0 151170615.0 144435527.0 152303562.0 153168909.0 118817664.0 68206833.0 175614966.0 123161666.0 157769259.0 159303046.0 201492418.0 215073898.0 150463352.0 179515210.0 142237280.0 144055389.0 136493427.0 133326369.0 
134111047.0 137487689.0 182825711.0 0 148574522.0 131934321.0 208470353.0 157368124.0 124895706.0 69227647.0 114914773.0 64587283.0 133671566.0 188904795.0 164582640.0 131773963.0 159389750.0 201438330.0 218790564.0 156283698.0 172569151.0 173975676.0 126780007.0 177631385.0 190518719.0 137370554.0 
123315635.0 180158111.0 142743689.0 148574522.0 0 141834377.0 161984954.0 162887089.0 128632110.0 79346875.0 140422704.0 137705406.0 132609954.0 192037922.0 131925369.0 154223411.0 158445763.0 182378986.0 146348875.0 162534125.0 145201086.0 155224849.0 162585031.0 77706092.0 200637947.0 163056125.0 
107192194.0 215488612.0 172702484.0 131934321.0 141834377.0 0 172898015.0 165954990.0 109936134.0 153474312.0 183225609.0 134409717.0 190527746.0 135469609.0 125041540.0 147777779.0 122795444.0 148965587.0 125297400.0 188010999.0 77933179.0 63019621.0 75455332.0 149603143.0 135875447.0 178202080.0 
183027244.0 188581182.0 197286592.0 208470353.0 161984954.0 172898015.0 0 80006953.0 176107023.0 182890375.0 116625080.0 143883070.0 89845365.0 195081190.0 138498139.0 195425396.0 112350707.0 179559489.0 145993902.0 95834324.0 94964836.0 185382421.0 145889996.0 84278862.0 126603306.0 137826758.0 
160665049.0 188047349.0 171459051.0 157368124.0 162887089.0 165954990.0 80006953.0 0 175216331.0 179557645.0 138974939.0 190277647.0 168163239.0 115074237.0 114564936.0 165956585.0 122487540.0 176798287.0 200708840.0 153261869.0 173552253.0 143182576.0 125326840.0 164285815.0 185839002.0 201998512.0 
178115357.0 153829280.0 151170615.0 124895706.0 128632110.0 109936134.0 176107023.0 175216331.0 0 167007569.0 131256364.0 122058808.0 150013157.0 204227204.0 137824813.0 131243505.0 178380997.0 178505379.0 138080673.0 172303974.0 144917620.0 75802894.0 79102287.0 192044090.0 200065595.0 86035022.0 
140081269.0 129529068.0 144435527.0 69227647.0 79346875.0 153474312.0 182890375.0 179557645.0 167007569.0 0 153023767.0 133814930.0 125812504.0 140519385.0 147560586.0 164697559.0 149829445.0 158626160.0 152005516.0 87056051.0 138379384.0 171508154.0 92318247.0 157052967.0 121291072.0 157605590.0 
184233745.0 133917650.0 152303562.0 114914773.0 140422704.0 183225609.0 116625080.0 138974939.0 131256364.0 153023767.0 0 145974973.0 130101527.0 175042113.0 116935889.0 151751076.0 135308615.0 141414209.0 131359395.0 147544645.0 134386576.0 170405637.0 143835865.0 62716612.0 154309857.0 133800515.0 
117725980.0 189789763.0 153168909.0 64587283.0 137705406.0 134409717.0 143883070.0 190277647.0 122058808.0 133814930.0 145974973.0 0 91588242.0 124317512.0 124462506.0 172922785.0 145814586.0 151920180.0 167701143.0 207006525.0 116672077.0 186484425.0 185567086.0 167525711.0 174614345.0 133027245.0 
138170529.0 119200368.0 118817664.0 133671566.0 132609954.0 190527746.0 89845365.0 168163239.0 150013157.0 125812504.0 130101527.0 91588242.0 0 163956147.0 126401976.0 175122176.0 139964741.0 145528995.0 169937009.0 170269625.0 118907943.0 151327747.0 151771477.0 142085375.0 120823959.0 135263111.0 
113646653.0 190262073.0 68206833.0 188904795.0 192037922.0 135469609.0 195081190.0 115074237.0 204227204.0 140519385.0 175042113.0 124317512.0 163956147.0 0 148754346.0 150679220.0 89562426.0 165064902.0 171403747.0 152516428.0 120374681.0 128424310.0 165826912.0 171246359.0 178316949.0 192969947.0 
159977295.0 214333202.0 175614966.0 164582640.0 131925369.0 125041540.0 138498139.0 114564936.0 137824813.0 147560586.0 116935889.0 124462506.0 126401976.0 148754346.0 0 177158443.0 145591708.0 94242392.0 122862060.0 139047310.0 113748957.0 62021919.0 187986118.0 54219277.0 147198575.0 130104125.0 
149037425.0 156078183.0 123161666.0 131773963.0 154223411.0 147777779.0 195425396.0 165956585.0 131243505.0 164697559.0 151751076.0 172922785.0 175122176.0 150679220.0 177158443.0 0 177829071.0 82916051.0 177793424.0 161130470.0 126764358.0 151051177.0 133127806.0 175187049.0 68822090.0 115604726.0 
122956713.0 190068975.0 157769259.0 159389750.0 158445763.0 122795444.0 112350707.0 122487540.0 178380997.0 149829445.0 135308615.0 145814586.0 139964741.0 89562426.0 145591708.0 177829071.0 0 141253822.0 102093779.0 185933024.0 51064713.0 164371558.0 127348466.0 122734677.0 109006981.0 142181535.0 
103576814.0 145142310.0 159303046.0 201438330.0 182378986.0 148965587.0 179559489.0 176798287.0 178505379.0 158626160.0 141414209.0 151920180.0 145528995.0 165064902.0 94242392.0 82916051.0 141253822.0 0 161927517.0 189648489.0 110898451.0 156264311.0 179029820.0 148461669.0 52956183.0 188567190.0 
163680962.0 201157461.0 201492418.0 218790564.0 146348875.0 125297400.0 145993902.0 200708840.0 138080673.0 152005516.0 131359395.0 167701143.0 169937009.0 171403747.0 122862060.0 177793424.0 102093779.0 161927517.0 0 153470816.0 51029066.0 62277779.0 152414966.0 68642783.0 108971334.0 173342762.0 
155838934.0 203057846.0 215073898.0 156283698.0 162534125.0 188010999.0 95834324.0 153261869.0 172303974.0 87056051.0 147544645.0 207006525.0 170269625.0 152516428.0 139047310.0 161130470.0 185933024.0 189648489.0 153470816.0 0 134868311.0 138356461.0 141924451.0 84828033.0 183179118.0 135764033.0 
156330065.0 150128395.0 150463352.0 172569151.0 145201086.0 77933179.0 94964836.0 173552253.0 144917620.0 138379384.0 134386576.0 116672077.0 118907943.0 120374681.0 113748957.0 126764358.0 51064713.0 110898451.0 51029066.0 134868311.0 0 113306845.0 124249642.0 71669964.0 57942268.0 122313696.0 
145759641.0 152468991.0 179515210.0 173975676.0 155224849.0 63019621.0 185382421.0 143182576.0 75802894.0 171508154.0 170405637.0 186484425.0 151327747.0 128424310.0 62021919.0 151051177.0 164371558.0 156264311.0 62277779.0 138356461.0 113306845.0 0 138474953.0 116241196.0 171249113.0 161837916.0 
127942848.0 152912721.0 142237280.0 126780007.0 162585031.0 75455332.0 145889996.0 125326840.0 79102287.0 92318247.0 143835865.0 185567086.0 151771477.0 165826912.0 187986118.0 133127806.0 127348466.0 179029820.0 152414966.0 141924451.0 124249642.0 138474953.0 0 161803184.0 141613398.0 139887209.0 
141021146.0 192613270.0 144055389.0 177631385.0 77706092.0 149603143.0 84278862.0 164285815.0 192044090.0 157052967.0 62716612.0 167525711.0 142085375.0 171246359.0 54219277.0 175187049.0 122734677.0 148461669.0 68642783.0 84828033.0 71669964.0 116241196.0 161803184.0 0 129612232.0 184323402.0 
156532997.0 92186127.0 136493427.0 190518719.0 200637947.0 135875447.0 126603306.0 185839002.0 200065595.0 121291072.0 154309857.0 174614345.0 120823959.0 178316949.0 147198575.0 68822090.0 109006981.0 52956183.0 108971334.0 183179118.0 57942268.0 171249113.0 141613398.0 129612232.0 0 167839163.0 
146816125.0 156373431.0 133326369.0 137370554.0 163056125.0 178202080.0 137826758.0 201998512.0 86035022.0 157605590.0 133800515.0 133027245.0 135263111.0 192969947.0 130104125.0 115604726.0 142181535.0 188567190.0 173342762.0 135764033.0 122313696.0 161837916.0 139887209.0 184323402.0 167839163.0 0 
