13
Cambodia Albania Belgium Bangladesh Burkina Cocos Christmas Canada Botswana Bhutan Aruba Australia Soda
0 175160434.0 141568018.0 227446900.0 65870945.0 176733020.0 240968368.0 130119386.0 140468906.0 223900865.0 121687759.0 170984029.0 213889264.0 
175160434.0 0 216497761.0 235691568.0 182261798.0 177027017.0 345521592.0 182580081.0 237714284.0 265902962.0 121981756.0 240627791.0 227974926.0 
141568018.0 216497761.0 0 164351383.0 75697073.0 191022376.0 250794496.0 139945514.0 97926166.0 260150820.0 135977115.0 170408909.0 73239038.0 
227446900.0 235691568.0 164351383.0 0 161575955.0 58664551.0 168409688.0 174308137.0 237647989.0 147540496.0 113709812.0 237282407.0 91112345.0 
65870945.0 182261798.0 75697073.0 161575955.0 0 115325303.0 175097423.0 64248441.0 173623239.0 204201248.0 60280042.0 152815836.0 148936111.0 
176733020.0 177027017.0 191022376.0 58664551.0 115325303.0 0 227074239.0 115643586.0 178983438.0 88875945.0 55045261.0 178617856.0 149776896.0 
240968368.0 345521592.0 250794496.0 168409688.0 175097423.0 227074239.0 0 236186573.0 228554139.0 315950184.0 235377465.0 233348080.0 259522033.0 
130119386.0 182580081.0 139945514.0 174308137.0 64248441.0 115643586.0 236186573.0 0 184536502.0 204519531.0 60598325.0 217064277.0 213184552.0 
140468906.0 237714284.0 97926166.0 237647989.0 173623239.0 178983438.0 228554139.0 184536502.0 0 207611042.0 123938177.0 117869131.0 171165204.0 
223900865.0 265902962.0 260150820.0 147540496.0 204201248.0 88875945.0 315950184.0 204519531.0 207611042.0 0 143921206.0 89741911.0 238652841.0 
121687759.0 121981756.0 135977115.0 113709812.0 60280042.0 55045261.0 235377465.0 60598325.0 123938177.0 143921206.0 0 213095878.0 204822157.0 
170984029.0 240627791.0 170408909.0 237282407.0 152815836.0 178617856.0 233348080.0 217064277.0 117869131.0 89741911.0 213095878.0 0 243647947.0 
213889264.0 227974926.0 73239038.0 91112345.0 148936111.0 149776896.0 259522033.0 213184552.0 171165204.0 238652841.0 204822157.0 243647947.0 0 
