100
147 20 18 14 17 136 190 42 194 170 24 91 188 47 48 23 51 34 36 135 172 127 45 163 90 40 10 125 122 167 100 130 46 74 2 31 7 151 97 133 142 180 30 29 56 156 144 186 184 37 116 121 64 15 131 108 149 154 120 81 118 160 119 139 178 16 78 27 169 96 152 102 88 115 103 75 68 134 62 38 49 168 61 146 177 32 196 176 87 105 137 159 114 54 60 72 53 82 95 21
0 460915393.35681 617952260.14109 479757902.22489 459496330.24985003 743744168.51708 470282017.13792 490205890.56628 782455958.668 654198506.6259899 535884232.50994 269940078.43035996 449001165.30482 459966104.4114 360922833.57363 293051784.22282 546046798.25885 508596519.19133 420931106.22129 351243679.70376 598982025.06284 485320920.77977 356873520.65637 410472731.77542 336108171.71488 119993868.9842 270101158.99145 327543751.45574 369854125.28131 379431359.05922 253768070.01534 711700719.41144 670846530.99738 540774283.59433 394568544.90102 80828723.28517 439431512.65134 242069289.77396 587322819.30125 165199707.77475 487037272.92256 263289045.91982 323493195.10166 34672516.86728 476074865.10502 615356284.86713 301676190.20036 449862264.00134 223291113.92101 483727605.29335 648425812.71711 433031950.81743 500144370.36087 466271592.26410997 319511360.49571997 483058342.30957997 473565258.66764 325995489.66307 493310492.05475 727401781.79514 282808826.14966 693779340.82383 498078143.42812 405663487.79935 475655822.86151 481104196.08884 472919518.16322 114711265.04167 384905133.01673 535309295.15922 352159801.74415 423939440.48083 686634279.68153 109269802.24065 543473958.70222 520276264.96729004 699553090.31767 255686904.43941 544037971.65315 660735546.57363 501543810.70013 363259806.90309 99519729.06369 316590880.47306 675378481.17007 427644952.10694 408391606.7186 486979318.51 367035050.70363 552864484.80921 243413987.61762 191240426.18115 317965005.73888 537641208.96652 551276463.0385 246389151.86227 252490050.64005 243140624.90703 418459479.17265 461053144.15584 
460915393.35681 0 569905571.20517 591863361.3201 670337781.22187 649264731.68226 475687852.85078 423395724.21685 688406610.79587 203873082.35278 112260348.77963 438431492.89302 433714798.37957 468333209.0106 811627951.71987 746353868.62895 268376304.90547 643067390.69731 198737969.22685 382766136.08285 155036709.18072 417468603.73416 121355416.87949 685444504.40662 677093811.03958 551995494.30511 666150344.25155 292900809.71394 623346428.87797 701836974.04961 207707287.73794 605421142.11493 243642486.40232 733442714.76288 806048141.52888 390082753.7144 434710515.03369 460855856.44761 1003648394.29628 377758511.39859 902961913.5048 627912872.21941 733588048.3648 473591680.32824004 461855832.88513 436913966.58677 542911546.343 507316745.87163 444056622.19297 870836792.33714 187946940.91504 844866758.30836 654318959.80879 376465626.5554 404401585.73262 264778198.52723 772374905.62418 145068486.69278 587252249.06277 658868063.23488 660565413.71384 540112947.30971 697984799.45007 298052935.51218003 719760294.25891 575525837.24094 724291666.76457 346698605.4344 515461929.91968 784398826.68031 498285110.66356 718264400.23127 647898167.95417 419945621.98779 319781807.23204 792100395.4955 557919749.12105 680708058.76295 107892413.05513 225861385.03855002 756804898.14484 217182904.04417 509888768.13023996 687135742.29955 309258901.37636995 503280692.19986 262195922.81944 617085160.3897 117707152.73449 153225361.46041998 227619145.6263 648102379.53085 556598860.04286 967243828.42172 603948397.16614 265143236.5017 242679938.13528 435255637.28574 709804118.97819 896694427.0801 
617952260.14109 569905571.20517 0 206427011.54866 1052895907.16603 127750171.14074 959676705.3407 157327409.38127998 164923996.84526 588283508.3096701 591506702.45752 352101028.63906 921665193.38732 158093262.55579 767942232.08895 850682799.38629 832825626.1152 233306372.16308 374675555.27777 832567276.99532 553360861.49208 160573171.27009 493302755.63916 1020383339.96363 953799054.83365 705923035.70138 884429833.12045 339529859.20547 971401467.33486 996367822.04794 536999901.19186 106823416.89898 781506914.07867 328267147.07348 666506157.40016 620465989.43575 182612976.79894 793766416.33668 810238571.57407 686716106.93482 737368223.80624 847718327.77201 929054451.39047 595055084.354 953831947.67701 178422229.26167 892001992.82866 968251690.00785 788023745.43226 661307815.8627 663171724.96563 690746321.4147799 259051136.79804 199769164.80254 818373495.84406 307435738.74717 477194026.23205 500621117.57764 184257982.67799 110008507.5191 544414072.45483 144210316.79488 1089601862.97106 802575588.58377 1080651338.6141 187545759.21677 1079750514.2911 564019918.84482 256895713.03183 1143951660.36606 904518183.66294 1038232111.62245 79703137.85957 508792805.39512 876287998.42272 1133040702.15689 131861686.74153 628141570.90311 540898570.21518 749388311.4882 414511232.15607 378300610.24231 716618746.7154 542820931.76877 873037185.38109 200728586.32633 776648042.29166 1048763429.36286 611464634.14737 720208970.99745 582005433.08032 690210007.55935 363892639.707 814679703.87379 129213218.91007 656115422.90787 637398863.99009 379097195.52944 469111522.27884 785291361.0262699 
479757902.22489 591863361.3201 206427011.54866 0 936548021.45888 324113353.23897004 890905026.43529 211800282.09762 353618065.79515 675024825.08308 636401561.09475 219865511.01963 857622958.47922 138789923.09981 568512383.3507 671844029.39413 827347315.48256 85797642.5684 401682308.29391 760503171.95685 628326226.46195 214460793.56273 485256755.71301 890150582.30697 810481798.11229 552260439.79607 730166503.4891701 303817940.81375 849157467.5204301 856293493.8495 485203369.25026 312292514.13761 829634569.38709 153135524.36785 462095176.53774 505729936.00063 169132210.89108 682968972.87998 605219487.60014 584330153.36115 530954020.05542 696848059.44641 766038789.75103 450479319.25243 889296078.16296 335649535.98204 776697986.14263 888183845.17713 681609233.56946 455568924.07369 731468193.0312 484519217.82362 69370948.87925 244904670.59131 733175405.50077 370557543.40366 275029932.11322 479376902.98018 22206616.80637 293058672.93593 346610479.8596 343574442.84828 974859126.35033 757642522.53232 955318312.30734 23325151.39286 952673363.28435 460183728.74244 98346952.80177 1014970278.75658 807858592.12657 902288681.81179 241884425.40381 377845211.18188 859243979.7256 998596680.50444 335143660.95283 434611491.21893 598482655.94652 801893375.24042 225351133.92558998 381668084.58963 578454497.01896 341030380.56499 899724254.14458 88582669.12024 739073801.3057 950837001.28456 593047757.21254 743774858.09528 523797257.65448004 510238061.06582 177372948.15946 608286825.71137 85928075.98805 589687030.51078 575847054.25508 244542497.05944 262776057.99718 579760541.38962 
459496330.24985003 670337781.22187 1052895907.16603 936548021.45888 0 1172655238.83908 257246472.26185 908779199.21037 1212870724.40366 864027404.25531 730197322.16033 719407073.89467 285559639.63993 896940627.59645 652349555.47568 451504640.73713 538669173.7878 967624272.07496 756961430.91532 292911206.49066 822617397.97455 902948243.28734 639104229.59441 90687512.39566 194489866.79487002 413311241.70132995 288468689.45449 722831169.61253 92319303.38516 161891916.90992 545573010.73082 1135161200.6351 749553319.43613 998156602.20422 760681545.10241 434549235.28693 870300180.79206 259133374.77957 910068675.16291 366899706.27892 827472310.46312 294886819.77894 321128436.48827 491564986.46964 277575940.7112 1006978493.87444 161427525.03088 203317596.84124 265805838.42123 862063723.67223 808673192.5161 790586605.7088699 959638639.55401 872880679.43752 267141151.25026 838077151.64 910887595.77205 613559346.12104 948628127.85058 1162631496.32625 706062264.36071 1100645808.35371 38821830.36423 395859179.60569 104933570.28544 935917992.37794 115915668.44282001 488962109.01999 839707162.40483 115876128.6771 172925991.08295 120230620.47953 1127078927.36236 561287466.29881 488325139.40713 155134783.10085 1111175679.53461 638938850.92645 772114981.5078 761519897.1332 950066457.46345 717309873.38202 365166041.18315 737973853.16458 678222933.40312 876596194.43959 430019739.98248 105162151.81739 555121272.94775 651522703.5953 501429882.7388 529119763.08569 777234422.91522 843607323.5788 1003359058.46542 431397557.25237 452837684.20183 693309421.7951 838272014.74627 762744739.56717 
743744168.51708 649264731.68226 127750171.14074 324113353.23897004 1172655238.83908 0 1066555709.78998 264401549.72465 40578259.42465 630066899.15955 658373629.34807 479301730.44726 1027360105.58114 284068463.82196 891149225.96522 978272635.6467 917147677.4298599 340262509.16736 463522801.49961 941867535.99836 605099817.65437 270406764.05331 588870980.44787 1143230764.50062 1079076697.15802 832958010.06849 1011195786.04336 452292501.47584 1092923529.02276 1121186980.13156 645704568.01892 45482700.58218 839978830.77125 422083806.68948 784615888.07186 743259114.71175 305408849.00825 913728743.47971 917655971.00877 805785288.53157 850498489.53479 974196737.57753 1056485359.46056 721630035.64461 1059353539.64977 215992306.8907 1012460680.05794 1078661769.87196 907021207.08858 771373736.86726 713624771.15514 806539757.85453 365647092.01807 305038156.63291 931734643.1892 386436910.20606005 582992013.57996 600713026.58919 301906736.4326 39830700.97744 668042690.06449 121771398.92416 1208826144.26836 903212149.03872 1202312292.77275 307132378.33409 1201780678.46137 684903625.37392 383763869.74674 1266183862.37913 1020203806.80723 1162122587.73874 89271690.29908 634527041.84413 964718150.76158 1256385452.68674 100250326.85348 753338602.03651 603237262.6665701 806284471.4520199 515598513.96176 478861425.77708006 841937482.92574 664455113.09101 940679062.58785 328478757.46707 875037810.82039 1163625534.20823 706536863.54464 793466626.02914 691416522.73722 817616900.02227 489492042.46575 927258778.7773 239395489.18764 766348894.87186 746552820.38661 506194949.37478 584025047.31251 902902567.81273 
470282017.13792 475687852.85078 959676705.3407 890905026.43529 257246472.26185 1066555709.78998 0 806327040.4653 1107133969.2146301 649354980.5409801 521481880.71768 673950924.09968 42035296.98301 815738685.18876 774048855.16823 603158850.9217801 289551541.29744 931954375.31112 612314782.14013 130402004.31649 615583575.85102 800036023.98644 485461514.53376 321854477.44681 385283996.95471 480058855.47782 446728835.52895 620709331.40909 271612910.89089 378174677.51341 423467640.53758997 1024469261.28721 504189622.08417 987593538.61739 848895521.17897 406916990.73749006 784131469.90813 265152919.83474 1027447225.95724 322546006.24791 932729753.61536 429399187.09295 506102602.9901 504522220.43777 74225048.25259 874353792.05751 243157829.63081002 54409532.28019 255407518.23544002 944970128.93719 580712360.79436 884842207.17442 930779815.00859 763379801.08192 167334148.92849 695480278.01144 942026814.2081 467962539.13278 897471198.19954 1064942173.33479 752442581.99233 975350597.21781 265832325.74193 194666043.26953 316008894.98618 883900576.73637 325013579.01494 436423161.82538 793253140.44284 368303246.54821 148441688.73625 360194983.45431 1038565478.67069 537555367.51587 234414924.50635 390846238.16037 989732131.01223 712179096.02925 571430588.2155399 520421158.84275 963383887.7985 588319179.01885 411519765.97592 786223883.20001 423594181.38202 814935225.77617 213491930.03134 165263300.00928 375454540.12464 421130225.48203 377924607.65513 616110825.49091 762464613.1107 967739104.73108 941038461.80638 308027529.8687 322614517.83233 652350438.37939 866994825.47753 884813189.12662 
490205890.56628 423395724.21685 157327409.38127998 211800282.09762 908779199.21037 264401549.72465 806327040.4653 0 304865571.5107 471825842.22557 454597754.31145 252480060.95934 768010430.49748 75693538.27859 697075687.4062 747338527.83297 682138173.60427 261478345.52435 225850609.61283 679946207.58141 429270227.32966 88124267.54294 340072781.32422 881709224.41948 822080008.00146 584971414.29497 760172551.21 197137508.40785998 830146866.0857 862954622.63323 383859356.4637 226468874.63708 646411366.81643 364529336.35956 618307721.50905 481412793.61992 64909953.99062 650124628.91252 787310627.21857 541889082.8069 702249263.19508 722727049.8872199 810383804.96751 471933247.28007 800154651.76714 145941113.77675 749031996.42895 816182219.57494 643018374.95405 636604254.81724 537370447.39825 648821338.92292 281082960.18874 47086743.04217 667890309.18103 170422012.81218 472943549.92418003 347001874.03851 202624661.33922 258830196.53544 478410132.56221 209617546.02948 944747034.9802 648878559.18335 939551507.6842 189024296.58359 939415868.47278 422393874.89857 194695285.52197 1003860918.62954 755867611.49855 901955623.71668 235200270.17009997 382574917.35792 724026385.07718 995398759.11667 209347425.61446 550410455.78258 407425367.94735 615935446.18024 426040087.32548 224416295.28207 586059641.15597 486128058.85794 730586639.46272 142859893.96417 622499394.3252 899458093.42171 457986137.00525 575721547.18639 429195083.77424 592224044.48187 297999544.94299 778593000.02859 189634096.87555 503773514.95015 484553396.49928 265987625.79652 440849711.88291 735007604.33819 
782455958.668 688406610.79587 164923996.84526 353618065.79515 1212870724.40366 40578259.42465 1107133969.2146301 304865571.5107 0 662400956.37147 694920303.83766 517024193.24827 1067786145.35929 322509999.3297 922130449.14585 1013708765.49918 955571676.36411 365720886.39857 503159466.88587 982420960.33315 638878850.8177 310891094.08403 628847911.976 1182946089.0081 1118053262.40718 870844908.70244 1049353829.96571 492870760.90049 1132888849.81604 1160375178.59686 686269437.14222 83855042.16474 874742873.14697 441795684.32821 812424005.12814 782496884.48586 344800444.65393 953892950.04842 940015237.56201 846040151.37045 875703307.66062 1012642324.61727 1093883970.69683 759979081.19926 1099781626.91856 253265538.72498 1052574829.18685 1119224807.11922 947287390.28499 795255732.60968 747271504.72836 833254884.03926 390611848.18525 344648807.2561 972300120.56096 424768864.43303 605792578.15143 640964260.43856 331988584.30891 80408960.40209 699527809.68541 153759831.98067 1249101640.91113 943373939.80352 1242264316.48507 340046059.89603 1241922032.23846 724900038.66425 421819709.87709 1306037530.10766 1060708366.89592 1201561772.77649 112491873.80884 673196452.72359 1003753269.80876 1295995251.71256 133053825.6595 787084660.07355 640510494.50085 840842884.21265 536940287.10914 519074771.21477 881050618.0128 694648446.36014 976843959.10217 364073302.72964 915046864.99516 1204119305.45605 746375191.85257 830678349.52152 731986738.29552 852691595.86903 522819574.50878 952045578.57418 268513273.55585 806927154.29651 787116087.5234 544021192.3747 610862586.49488 930355463.92127 
654198506.6259899 203873082.35278 588283508.3096701 675024825.08308 864027404.25531 630066899.15955 649354980.5409801 471825842.22557 662400956.37147 0 134531119.12347 575710115.96631 607319683.55797 537747692.2050099 993106828.87681 944200150.50479 386648339.64883995 726379590.42944 289712476.50524 571116197.76465 56132878.36422 467465410.93187 297832184.78445 885050908.93388 880504061.88762 749287559.46745 869643639.27113 417609699.69708 822720018.36906 904308137.55591 402082499.61411 585672426.53091 225435641.0765 826901498.24915 970572274.88756 588098558.43073 508614889.50873 663953531.2801 1164757057.11015 581226001.43842 1066351386.8363 831428753.6853501 936850218.07133 662551492.1472399 631961120.08264 418672400.13583 743799536.87716 687485627.01882 647003735.3880601 1023853148.47579 166083948.48562 1008241040.10968 743383132.18212 431692971.2339 601495222.50121 315133949.91852 899758756.31914 328324671.05917 664209369.5727 651178164.19144 821236449.93898 508918916.05265 887582722.80824 474842253.67033 915557685.25487 654027145.06791 920761663.32564 539584659.65223 620615822.9221 979120918.00742 691926368.46487 918766631.67199 656748459.50651 597832362.2012 448294393.68834 989259924.87812 530121141.28061 854901728.58388 110160534.97284 258410221.94087 870481399.70774 339396304.42497 704862256.11071 843867553.86515 345650494.41717 590871003.49847 439070913.72571 801494066.11259 320398602.86233 238858350.12644 423976101.14369 835722076.38351 685692917.3646 1135245489.74396 661093484.38482 467449380.29295 446551025.65277 580478878.92271 846336127.215 1070031892.04269 
535884232.50994 112260348.77963 591506702.45752 636401561.09475 730197322.16033 658373629.34807 521481880.71768 454597754.31145 694920303.83766 134531119.12347 0 499914069.77028 479446583.73467 506438379.00189 885238721.85446 821426158.95455 279835381.63714 688235210.3010299 234801600.61491 437873260.75799 94543742.65914 448548535.77005005 189776092.28512 750521882.83948 747035378.55816 627116058.95837 739238398.39514 346798792.03279 688193954.1018 770181434.0999 282483242.8471 612892569.80155 193938330.72334 782479673.92538 876103385.2442 465201834.7879 473885796.47035 530481780.05421 1073173338.18483 451113265.0805 972896630.72779 701300239.67993 806963394.7499499 547953989.8684 505661034.39435 443264451.28909 610269916.3578999 557626741.3749 513288885.69795 938389879.01994 114249805.76093 914726631.60419 701376444.09087 407511011.26928 467076924.28529 289251494.73644 832521305.29831 216555048.44683 629637347.14503 672262308.59827 729353121.86916 543089346.02654 754622738.52103 344819445.04489 781465476.03189 617848329.96488 787023150.15697 421535868.87604 566600561.67341 845268194.74965 557953137.20403 784251184.28944 669416976.67072 492186319.09602 338320373.05027 855087731.14249 562630275.09375 752751903.8294 120622171.74531999 204742768.16639 812396183.29407 267919120.27646 578630949.02831 755097665.6589199 282647550.8854 548327078.48411 309764834.24376 670433349.27169 187257939.04789 138534150.4916 297805542.30345 722548601.33756 614229138.51132 1038311701.03977 639694939.68756 334100562.60828 315051795.71329 499826686.07758003 772094041.58998 968809422.35802 
269940078.43035996 438431492.89302 352101028.63906 219865511.01963 719407073.89467 479301730.44726 673950924.09968 252480060.95934 517024193.24827 575710115.96631 499914069.77028 0 641979034.82158 195925673.11614 465417897.92351997 506389653.77864 639208099.1742 258205415.74025 293671566.03698003 543673923.4962001 521488265.14306 238273749.31155 318629184.83611 677497080.4883 604562642.57966 356808250.24636 532505237.6648 202060761.25536 633059628.56222 648143601.17226 285103022.24067 450482317.43106 681980542.79522 320599381.5014 405743082.06908 293471384.77631 217828845.87663 464777955.70582 593416143.06532 364464825.38611 498175070.35195 496177858.89728 577259824.24465 243687506.91178 673345632.1485901 382559747.86986 558294620.56798 669228935.21962 462054432.00555 449108959.52643 608469851.50602 442080327.99468 260678020.45653 232157066.78206 514000415.77629 305080432.27691 333946025.92068 302370669.20462 230415737.78648 460539874.35954 256761980.91536 447127939.09675 757436509.38152 550139546.97749 740947527.28202 216966985.96987 738944164.77333 241404585.36783 121587659.8852 802177797.11689 587996951.51829 692377323.2637 418105543.28233 160670276.18971 662168300.74055 788216578.86041 449544783.59203005 330171073.54266 477578472.09854 659486708.99246 322997100.73441 238313935.59658998 368909784.07938004 273774792.35114 731644743.45586 158977801.76679 535372540.93006 731002359.74449 407303597.61024 580114149.69966 317448312.12367 350508740.27652 155211766.14306998 571236229.82008 284190773.42578 377373744.78845 365792189.30556 130861263.89166999 273024325.75885 515897410.64892 
449001165.30482 433714798.37957 921665193.38732 857622958.47922 285559639.63993 1027360105.58114 42035296.98301 768010430.49748 1067786145.35929 607319683.55797 479446583.73467 641979034.82158 0 779240333.85948 764818575.36841 601601351.69007 254533865.478 899581723.88222 571661052.83283 116140104.32355 573988977.03124 761703280.13504 444019161.81899 342541218.91888 398044084.43978 467066748.67107 449537226.55882 583196087.16583 295632017.82259 393936990.85339 384964817.20167 985028116.10126 468095696.66213 957840109.83349 833669649.57868 381656852.19447 747297547.40671 258487210.17435 1015747042.32924 298109813.08226 919601546.27165 429071703.52209 510506701.85286 482729534.48638 32189751.26958 833805831.74445 247492004.15926003 84645541.44012 239709034.3214 928229531.54621 540895703.09048 870693683.30265 899175217.18984 724649323.55132 174479917.27975 654729316.52647 917814748.97329 429590953.11474 863552476.32261 1026282349.64709 731809991.4544799 935065463.85994 298078930.19737 156174448.67325002 343888842.65346 849976102.15486 352255866.59683 407392337.99926 760620669.5323 398474132.2239 190476985.71926 380488995.38815004 1000751086.1711 510299394.38897 231598386.46396 419973498.88536 949620754.26352 695139366.6441 529500113.61586 483042847.42812 936702789.01945 549828890.63047 397950698.40968 765537106.18319 392664349.2296 780476772.72173 171518875.56013 200499181.5157 333817535.37564 379094928.49902 340773908.64724 603416076.83107 733520948.17052 957533499.62762 905846452.06822 269239545.65961 285770059.35034 623658337.1047701 842932778.33415 875043089.2549999 
459966104.4114 468333209.0106 158093262.55579 138789923.09981 896940627.59645 284068463.82196 815738685.18876 75693538.27859 322509999.3297 537747692.2050099 506438379.00189 195925673.11614 779240333.85948 0 634951461.09787 701520025.96051 717186339.7655 189342156.3701 273611427.49152 686759329.08346 492067572.68767 77231200.50518 371723813.66686 862743170.44696 795725699.36732 549044008.20245 727139855.2679 198302077.99706 814427084.7274 838275779.83296 395246070.37325 254577804.41916 700367246.53565 291925447.46766 549258123.81299 463406329.16418 34072356.12544 637987076.11825 714171837.73585 531889234.76817 630854895.52653 690139801.61221 773065116.36459 439613180.02792 811422733.82535 214710325.42118 735741511.54729 820606242.8686 632956214.27418 563456654.34 596987534.29388 578512570.20334 208160871.97906 106264469.31368 668398390.83385 233793358.69660002 397250011.64559 372042809.26892 157565285.65016 267906021.3062 413400837.88098 254178675.50361 933976074.70802 667060377.55116 923544255.31645 160287250.39259 922470327.19189 411392446.58081 123300917.85342 986544521.95689 752027022.51665 880374733.3497499 230138317.91919 350699542.83933 754090470.36698 975209381.91619 253619110.47589 490090944.51385 465096232.36661 671318567.70179 350526903.51612 256028853.48883 558540618.6831 418411803.8052 777376893.90865 119270897.55658 644100484.03567 896272268.2165699 486396691.60109 621410479.02654 438539201.18624 543703381.95952 230654647.47333 707818384.05853 136126771.34383 510695419.66823 493483152.49979 240951942.07604 367142374.90327 667091489.99696 
360922833.57363 811627951.71987 767942232.08895 568512383.3507 652349555.47568 891149225.96522 774048855.16823 697075687.4062 922130449.14585 993106828.87681 885238721.85446 465417897.92351997 764818575.36841 634951461.09787 0 207543092.47632 902872406.55004 563783865.60067 724683356.5291 677944298.53141 936984715.80616 694796248.41721 697887706.54566 568056275.8901399 461278803.91866 301567346.37081 363965137.08406 604002732.22395 566347306.21455 504456683.05965996 605230409.87253 874603736.36182 1030748848.64558 525681648.42681 141920477.75671 441099204.61309 632606583.95204 511317273.14762 259526479.74493998 499074432.57079 177888381.81685 361168459.76315 345668276.71806 340961031.5034 785479763.30867 842353080.9831101 543867706.79914 738570096.3517201 525803972.17153 242772395.72898 999312862.93228 154776823.98479 541748258.75835 694538795.10573 621545771.17846 762158066.19239 369023010.26108 669218967.82331 590719000.15707 861571056.28663 223560705.92339 888665181.94426 687100591.11806 753480778.94353 634866000.61455 584097190.28023 626573681.76726 468764194.22533 515072260.71059 669129537.58737 630019158.58162 555613167.99822 810374138.52189 395394138.54574 894029209.33821 636392901.5038 885718989.81881 147802986.78101 884495661.66046 1019202408.71303 436628265.75051 667493594.25052 371146215.07157 228024416.83862 1035479999.49667 573390752.36511 761648418.89213 726077261.39975 726042350.8787 913018532.94131 602177792.80362 170757363.72841 405999482.54483 194734444.56531 654355922.73044 605974880.98117 613238416.76806 445453401.61184 327271699.48448 112946814.59564 
293051784.22282 746353868.62895 850682799.38629 671844029.39413 451504640.73713 978272635.6467 603158850.9217801 747338527.83297 1013708765.49918 944200150.50479 821426158.95455 506389653.77864 601601351.69007 701520025.96051 207543092.47632 0 778410526.57297 681707110.53375 710331380.59135 526871527.80231 889594566.78817 743697792.50094 648401347.73121 364626519.1213 258163963.15246 194917828.82757 165102019.50187 609097837.93537 369829159.5224 300211254.49314 542118097.30567 953440135.1994001 937104144.41734 670205450.68136 340998223.03814 356457338.11637 688292817.24027 356332492.49586 460495569.46156 388845499.30033 384567996.8822 202793692.40179002 138947470.72083 293593732.68138 617466595.57709 884182081.83755 362406358.38898 560312364.76437 373820437.36454 433853089.31489 931477643.87662 356954927.37864 664158259.96337 733397588.7720801 468500095.7686 766930459.51941 535829974.47123 617213226.58977 690982616.99206 954574221.52266 343491528.98496 950980307.52948 484732054.36368 618646159.57198 430923131.12537 681810240.84294 421371830.94528 406411196.86534 595277881.82925 463178447.78844 454967292.01027 349926177.67716 907051112.98453 378878992.67585003 757879123.88816 429686044.27053 952331129.91762 253438088.98057002 834191842.83212 932010347.93766 594200475.83234 653483562.68458 246548778.23385 365561970.80483 920028946.15279 650011967.34356 634644552.64839 532714804.61607003 642576346.75519 818536756.22479 523798061.2545 161680760.64503 494980301.34445 392924251.85004 755528086.91739 502735614.90397 516438723.98103 481413231.28967 476105894.38483 313523919.79399 
546046798.25885 268376304.90547 832825626.1152 827347315.48256 538669173.7878 917147677.4298599 289551541.29744 682138173.60427 955571676.36411 386648339.64883995 279835381.63714 639208099.1742 254533865.478 717186339.7655 902872406.55004 778410526.57297 0 876305838.10431 458185144.58666 269240026.6144 367573265.42822 675962359.68812 346543390.81674004 587024959.78943 621121279.33238 605321146.23324 650389908.54974 524387986.72385 527882633.27561 628794278.19588 356288241.21463 871949406.44488 214911087.75624 956190228.55208 937791217.8897101 465358097.15982 683113983.64006 427465208.56974 1132532139.15553 404616080.20547 1031571142.72423 620327267.51907 717385366.66713 573675298.6700001 270127153.79776 705287376.43803 467545340.05141 339082284.06923 408898055.27862 1019509198.20873 310368094.28723 976245533.56426 883198215.42825 635141997.09208 322985631.29527 531521688.15368 961046447.52499 349793475.08502 826683304.31728 925490755.3339899 808137923.76709 808185879.03005 552586736.41331 162952136.13401 596347398.4972 813480015.4325 606789732.07483 455489610.88481 739684704.87581 652645385.04777 385737936.19353 624583615.38922 911779953.60189 558574329.7483 110638397.74034 672432054.7291 826284223.24607 799304321.16826 337863623.12561 263917385.08385998 960789320.8394599 461492456.40516 539359820.30741 839684270.73234 145937261.68656 740426798.42141 143808838.20092 454309172.29154 235227793.30917 147789989.5224 330641940.73369 732728621.18864 749935105.53563 1083676465.55841 853267074.29537 308711824.08703 298545165.79663 626974821.52403 890517004.17138 1004562143.80255 
508596519.19133 643067390.69731 233306372.16308 85797642.5684 967624272.07496 340262509.16736 931954375.31112 261478345.52435 365720886.39857 726379590.42944 688235210.3010299 258205415.74025 899581723.88222 189342156.3701 563783865.60067 681707110.53375 876305838.10431 0 453433609.68612 801651053.38918 679941145.51013 263759511.59451 535398582.8139 917592329.29639 834322188.15244 574749495.44613 750663232.8682 354207463.15791 878450644.47264 879720324.1154 531404785.12045 335210246.75847 881270864.27512 104311210.18149 447650178.15885 542196819.32108 217908593.42235 716901043.49233 578605574.97739 621089708.67304 510338898.87925 718890389.98976 782595486.28772 477810688.2603 931040246.42848 377976625.04339 808016845.32488 927274515.99671 716579072.25851 431239129.8973 783246262.6039 467956949.86001 25792261.60472 295606625.68377995 772035308.62623 421831408.34993 244419422.30282 528636596.23956 63591025.76203 305857816.59534 346567072.26487 375617722.75738 1006076031.47397 802782172.74846 983863229.24126 72454048.94076 980706854.51664 498228244.45166 139849180.34623 1042199128.29409 844095589.31276 927959562.65271 253387580.33704 408829202.88776 906200569.80192 1024272405.77586 364913667.2883 438083298.07249 651396006.84052 853617596.57655 181486077.94089 425972277.50443 605948105.09943 336032066.57456 950589380.09489 139970317.26343 785197962.77558 986048262.20456 641826931.68188 794729316.90282 568750867.48741 521119733.21647 194760733.21118 587527995.04266 104216914.47886 632950829.17753 619917767.83245 281000135.92294 245441474.33874 565047899.4352 
420931106.22129 198737969.22685 374675555.27777 401682308.29391 756961430.91532 463522801.49961 612314782.14013 225850609.61283 503159466.88587 289712476.50524 234801600.61491 293671566.03698003 571661052.83283 273611427.49152 724683356.5291 710331380.59135 458185144.58666 453433609.68612 0 494379023.68331 287716174.41201997 219870029.87725 127714775.92913 748872969.19835 712206029.74452 520881310.0511 673659389.4318 127897223.19184 690669630.45904 746544319.94515 212013261.88441 419360625.53485 428430030.34584 548921393.7717 687761469.9227 374539142.34721 239539071.36608 510251901.15706 879160256.71421 405484470.41220003 782743207.71246 633571055.41129 735049550.57253 416949314.86898 603096234.10951 262190544.86487 606698189.38337 631648708.50891 498206267.67733 736035411.54777 332666369.26546 724829388.49803 471053257.17316 210983276.65866 496203372.24432 83343586.37387 610659327.62061 156012144.45696998 394864416.29912 468793839.21192 537782186.99219 364050239.50262 789396129.74149 442608842.70023 797171705.43857 383046729.34997 799184825.44507 314655662.60345 335506766.24408 863133318.99493 590290578.62399 776320657.14848 453601655.68645 337241172.85339 502658833.34856 862489751.6859901 379517006.35809 580793213.80546 198979715.14928 400246208.28619 584316399.86513 57671299.3182 495226156.59978 558320353.74222 505928092.56521 324737612.79722 412923335.06371 727645788.63323 243618549.31083 350487835.21811 255532905.9017 579814081.77948 397860809.56714 853412673.78238 407278910.19572 327845035.97385 305790558.56434 293927692.2572 558190357.6805999 792221218.22561 
351243679.70376 382766136.08285 832567276.99532 760503171.95685 292911206.49066 941867535.99836 130402004.31649 679946207.58141 982420960.33315 571116197.76465 437873260.75799 543673923.4962001 116140104.32355 686759329.08346 677944298.53141 526871527.80231 269240026.6144 801651053.38918 494379023.68331 0 532417003.41713 673696213.59149 368567572.32868 329146105.27225995 351881725.97625 377213662.00917 386205215.73566 493073378.48349 266769709.54764998 360748933.52648 296250775.06717 900505960.15635 467337852.48866 858421367.41722 739770639.91557 282121600.31393 657060033.42635 170810446.10411 925354221.3289 199107050.84107 827645937.43299 359751801.72306 451751609.9355 384551763.11783 130122049.50547 754847950.41004 199699003.65635 137269684.8256 154090655.55533 832959661.27557 523017959.23419 776985347.34334 800706633.06925 637972373.9173701 58372514.4952 577687270.10689 818244822.99076 348341573.9428 767084540.72041 938765900.97939 634052505.85342 854706749.31916 320106751.07872 109243033.36875 346080107.77746 753541427.90085 352084433.2717 307296040.96933 662869364.91921 408535214.68967 135085259.75314 364252618.31465 911075416.36215 410186460.08148 235600183.23253 421108247.13618 867918758.96598 600559282.68456 488540606.53447 475369382.49685 836831684.4788401 467390943.10754 308861025.31506 667557167.36121 415177288.30096006 684739404.70616 145100046.06149 237731877.67299998 269395252.84082 362199961.62696 250753034.45382 512924882.98353 633825588.04353 868703438.37042 811060040.09262 217888084.61102 195424786.2446 522370124.40881 743423821.28236 786465998.729 
598982025.06284 155036709.18072 553360861.49208 628326226.46195 822617397.97455 605099817.65437 615583575.85102 429270227.32966 638878850.8177 56132878.36422 94543742.65914 521488265.14306 573988977.03124 492067572.68767 936984715.80616 889594566.78817 367573265.42822 679941145.51013 287716174.41201997 532417003.41713 0 424550212.14558 242282454.29989 840101981.28772 831737438.42375 694684059.89818 817994335.65481 362721766.7093 778029856.07834 856841384.64429 347600173.24558 559622337.74953 236392042.00152 779244697.91793 914895403.0499 533863682.70869 462066100.64957 615446810.69919 1109600182.58631 529788440.70107 1010871864.21146 779251822.02162 884845722.70935 606857331.74314 600128421.3624 389996326.15158 697826084.77008 652039576.7749 599084585.01287 969029230.37378 109951070.1214 952649370.23521 696471287.73743 387246847.09283 557988849.91323 259607156.80804 847739160.78011 276559645.92562 618479859.60824 623086048.0001 765688247.43931 485185771.99511 847732572.90879 439363187.70403 873090352.22414 607873160.14779 877896592.06503 484476039.31295 570280875.79167 937337896.22823 649986259.23446 873139187.23698 624582890.07107 541716354.88049 427851690.22156 946021654.15117 505929730.0914 799449236.83043 166293413.33706 202277343.57665 819925535.83363 284792606.82967 651436771.46601 788596780.01444 346509650.25904 542903163.23146 403983773.90427995 764547646.54566 272727363.23354 220930957.80263 371204471.95979 779842268.96565 632352683.63194 1079446253.77706 618900380.74188 416901503.13695 397478187.74592 525613885.68902 792892962.4756899 1013899013.67847 
485320920.77977 417468603.73416 160573171.27009 214460793.56273 902948243.28734 270406764.05331 800036023.98644 88124267.54294 310891094.08403 467465410.93187 448548535.77005005 238273749.31155 761703280.13504 77231200.50518 694796248.41721 743697792.50094 675962359.68812 263759511.59451 219870029.87725 673696213.59149 424550212.14558 0 333947869.32944 876147469.74758 816876967.26875 580377373.94776 755338642.33011 182005170.8164 824464700.28673 857651098.08921 377590218.20161 232269684.72493002 641009336.25043 367385895.65423 617129970.01975 475925384.80975 63570446.83324 644347659.94008 787060919.37204 536070010.05755 701130003.58763 716983236.06718 805789764.6203 467307146.07595 793893031.40462 148819149.91345 743274640.44143 809958038.61291 637172914.01877 637134996.0456101 531704622.95303 647886461.6519 283831742.44198 41037524.50077 661754505.04441 165430023.20422 473733599.38589 340679668.45548 200268455.30453 265071795.00551 476627404.40019 208854189.7852 938897244.0862501 642002991.95942 933856569.22912 191836865.79843 933812006.9746499 416790013.40044 195256490.86422002 998217010.26959 749821425.836 896507229.2565 240208485.4161 393732157.24393 717398453.74463 989810401.7945 214279960.21504 547963423.85967 402220144.48159 610628117.51841 427757502.29913 218094089.69904 580975495.60907 484826951.68314004 724704152.88231 143620437.19438 616159866.78736 893228211.37202 451825561.49555004 569866173.63025 423477513.43302 588782489.58807 296755355.09359 777787913.03989 194388689.60211 497514710.07291 478297189.75178 262284561.21127 440865497.46176 733620539.35936 
356873520.65637 121355416.87949 493302755.63916 485256755.71301 639104229.59441 588870980.44787 485461514.53376 340072781.32422 628847911.976 297832184.78445 189776092.28512 318629184.83611 444019161.81899 371723813.66686 697887706.54566 648401347.73121 346543390.81674004 535398582.8139 127714775.92913 368567572.32868 242282454.29989 333947869.32944 0 638433967.45124 612960241.23647 456358574.15101 586785934.56408 181557276.37927 578366370.93219 643282904.58488 109376830.30336 545255549.42817 363604047.90374 621243923.3415 686371254.14935 294444044.46532 338455119.55548 402024441.21583 883585734.31309 311833194.28825 783193667.9981 547173572.85043 651870862.22961 364719307.36279 475407628.72102 389905320.794 494924210.17221 504866516.42549 387981095.56134 750202313.48743 303780225.9185 725023311.41549 544495142.3025 293649966.29453 376963475.63218 210710154.70748 652398675.54095 129297618.14256 483117082.60291 591938156.98917 540005924.01644 491663079.84762 670047922.00374 315185466.68598 682350932.45087 470130735.16899 685186991.91889 248433635.27703 402809840.08283 748267265.93468 469831196.60418 667711571.7261 572940236.65207 303355647.20823 383953603.75296 750143156.13998 506869416.74206 563457740.01572 187867732.17605 342533547.87969 639273753.90543 116486964.86359 414344195.5876 566387458.94417 417115367.21908 397758418.97331 286206810.1562 603836731.77381 118266957.83384 262897525.88189 143595379.30593 538228595.25895 437717618.23398995 849652691.4285 507549610.46613 208935320.98777 186472501.59382 314634965.62760997 588947191.30219 779480563.60807 
410472731.77542 685444504.40662 1020383339.96363 890150582.30697 90687512.39566 1143230764.50062 321854477.44681 881709224.41948 1182946089.0081 885050908.93388 750521882.83948 677497080.4883 342541218.91888 862743170.44696 568056275.8901399 364626519.1213 587024959.78943 917592329.29639 748872969.19835 329146105.27225995 840101981.28772 876147469.74758 638433967.45124 0 106777471.97148 349332886.62245 205774097.97841 700778953.1557399 62376395.72461 71252977.82255 537304606.69023 1107788437.56073 791464718.65322 941343044.8873199 681596093.70726 400559945.71604 838295625.212 238667339.09307 824616183.32439 345836197.47603 744485470.09427 217852815.59717 231575506.22868 440060404.93913 341838450.87536 989383039.13127 146347836.80028 267794800.62985 250993740.55194 783014758.27834 837773710.32052 709837763.82678 907646890.25797 849004000.16497 284453512.84853 827285456.68984 843175440.81633 610519259.70438 903783223.83017 1130382115.54297 637589323.39687 1079038590.72287 120435506.25786 433195974.32901 69591145.11486 891525395.32772 64091051.51202 459416446.73541 795377864.79215 124836563.3838 202219735.43333 63290613.01555 1092045294.82376 516837190.1763 542294905.82908 114093302.31272 1088035378.3996701 565228065.25416 787080119.98145 799947214.45085 886488655.06338 704405597.72325 311834497.80212 668434445.46541 730682444.01064 836310050.05249 464689152.39637 189816665.55143 567954190.09566 686407439.04838 496002398.19949 454215664.95679 724366223.01452 757494777.42682 961368335.1054201 431103050.3334 453566348.69982004 650691157.92079 772128284.19634 677450360.09632 
