26
16Giannini 17Wheeler 18NorthGate 19SouthHall 20Ehrman 21Unit1 22Unit2 23Unit3 24Blackwell 25Foothill 26ClarkKerr 27InternationalHouse 28SodaHall 29VarsityBerkeley 30Stonefire 31Hillegass 32DeltaPhiEpsilon 33Wada 34Martinez 35ChanningBowdwitch 36CasaZimbabwe 37OtherCoop 38RajProperties 39SanFransisco 40Oaktown 1FoundersRock
0 48031.0 48032.0 45822.0 48034.0 45824.0 45825.0 48037.0 48038.0 45828.0 45829.0 48041.0 45831.0 48043.0 48044.0 45834.0 48046.0 48047.0 45837.0 48049.0 45839.0 45840.0 48052.0 80045805.0 90045804.0 45804.0 
48031.0 0 45822.0 45823.0 45824.0 48036.0 48037.0 45827.0 45828.0 48040.0 45830.0 48042.0 45832.0 45833.0 48045.0 48046.0 45836.0 45837.0 45838.0 45839.0 48051.0 48052.0 45842.0 80035806.0 90035805.0 35805.0 
48032.0 45822.0 0 48035.0 45825.0 45826.0 45827.0 48039.0 45829.0 45830.0 48042.0 45832.0 48044.0 48045.0 45835.0 48047.0 45837.0 45838.0 48050.0 45840.0 45841.0 45842.0 48054.0 80035807.0 90035806.0 35806.0 
45822.0 45823.0 48035.0 0 45826.0 48038.0 45828.0 48040.0 48041.0 45831.0 48043.0 45833.0 45834.0 48046.0 45836.0 45837.0 45838.0 48050.0 45840.0 45841.0 48053.0 45843.0 48055.0 80030586.0 90030585.0 30585.0 
48034.0 45824.0 45825.0 45826.0 0 48039.0 48040.0 45830.0 45831.0 48043.0 45833.0 48045.0 45835.0 45836.0 48048.0 48049.0 45839.0 45840.0 45841.0 45842.0 48054.0 48055.0 45845.0 80035809.0 90035808.0 35808.0 
45824.0 48036.0 45826.0 48038.0 48039.0 0 48041.0 48042.0 45832.0 48044.0 45834.0 45835.0 48047.0 48048.0 45838.0 45839.0 48051.0 45841.0 48053.0 48054.0 45844.0 48056.0 48057.0 80045810.0 90045809.0 45809.0 
45825.0 48037.0 45827.0 45828.0 48040.0 48041.0 0 45832.0 45833.0 45834.0 48046.0 48047.0 45837.0 45838.0 48050.0 45840.0 48052.0 45842.0 45843.0 48055.0 48056.0 45846.0 45847.0 80030589.0 90030588.0 30588.0 
48037.0 45827.0 48039.0 48040.0 45830.0 48042.0 45832.0 0 48045.0 45835.0 45836.0 45837.0 48049.0 45839.0 45840.0 48052.0 45842.0 48054.0 48055.0 45845.0 48057.0 45847.0 45848.0 80035812.0 90035811.0 35811.0 
48038.0 45828.0 45829.0 48041.0 45831.0 45832.0 45833.0 48045.0 0 45836.0 48048.0 45838.0 48050.0 48051.0 45841.0 48053.0 45843.0 45844.0 48056.0 45846.0 45847.0 45848.0 48060.0 80035813.0 90035812.0 35812.0 
45828.0 48040.0 45830.0 45831.0 48043.0 48044.0 45834.0 45835.0 45836.0 0 48049.0 48050.0 45840.0 45841.0 48053.0 45843.0 48055.0 45845.0 45846.0 48058.0 48059.0 45849.0 45850.0 80030592.0 90030591.0 30591.0 
45829.0 45830.0 48042.0 48043.0 45833.0 45834.0 48046.0 45836.0 48048.0 48049.0 0 48051.0 48052.0 45842.0 48054.0 45844.0 45845.0 48057.0 48058.0 45848.0 45849.0 48061.0 45851.0 80045815.0 90045814.0 45814.0 
48041.0 48042.0 45832.0 45833.0 48045.0 45835.0 48047.0 45837.0 45838.0 48050.0 48051.0 0 45842.0 45843.0 45844.0 48056.0 48057.0 45847.0 45848.0 48060.0 45850.0 48062.0 45852.0 80035816.0 90035815.0 35815.0 
45831.0 45832.0 48044.0 45834.0 45835.0 48047.0 45837.0 48049.0 48050.0 45840.0 48052.0 45842.0 0 48055.0 45845.0 45846.0 45847.0 48059.0 45849.0 45850.0 48062.0 45852.0 48064.0 80030595.0 90030594.0 30594.0 
48043.0 45833.0 48045.0 48046.0 45836.0 48048.0 45838.0 45839.0 48051.0 45841.0 45842.0 45843.0 48055.0 0 45846.0 48058.0 45848.0 48060.0 48061.0 45851.0 48063.0 45853.0 45854.0 80035818.0 90035817.0 35817.0 
48044.0 48045.0 45835.0 45836.0 48048.0 45838.0 48050.0 45840.0 45841.0 48053.0 48054.0 45844.0 45845.0 45846.0 0 48059.0 48060.0 45850.0 45851.0 48063.0 45853.0 48065.0 45855.0 80035819.0 90035818.0 35818.0 
45834.0 48046.0 48047.0 45837.0 48049.0 45839.0 45840.0 48052.0 48053.0 45843.0 45844.0 48056.0 45846.0 48058.0 48059.0 0 48061.0 48062.0 45852.0 48064.0 45854.0 45855.0 48067.0 80045820.0 90045819.0 45819.0 
48046.0 45836.0 45837.0 45838.0 45839.0 48051.0 48052.0 45842.0 45843.0 48055.0 45845.0 48057.0 45847.0 45848.0 48060.0 48061.0 0 45852.0 45853.0 45854.0 48066.0 48067.0 45857.0 80035821.0 90035820.0 35820.0 
48047.0 45837.0 45838.0 48050.0 45840.0 45841.0 45842.0 48054.0 45844.0 45845.0 48057.0 45847.0 48059.0 48060.0 45850.0 48062.0 45852.0 0 48065.0 45855.0 45856.0 45857.0 48069.0 80035822.0 90035821.0 35821.0 
45837.0 45838.0 48050.0 45840.0 45841.0 48053.0 45843.0 48055.0 48056.0 45846.0 48058.0 45848.0 45849.0 48061.0 45851.0 45852.0 45853.0 48065.0 0 45856.0 48068.0 45858.0 48070.0 80030601.0 90030600.0 30600.0 
48049.0 45839.0 45840.0 45841.0 45842.0 48054.0 48055.0 45845.0 45846.0 48058.0 45848.0 48060.0 45850.0 45851.0 48063.0 48064.0 45854.0 45855.0 45856.0 0 48069.0 48070.0 45860.0 80035824.0 90035823.0 35823.0 
45839.0 48051.0 45841.0 48053.0 48054.0 45844.0 48056.0 48057.0 45847.0 48059.0 45849.0 45850.0 48062.0 48063.0 45853.0 45854.0 48066.0 45856.0 48068.0 48069.0 0 48071.0 48072.0 80045825.0 90045824.0 45824.0 
45840.0 48052.0 45842.0 45843.0 48055.0 48056.0 45846.0 45847.0 45848.0 45849.0 48061.0 48062.0 45852.0 45853.0 48065.0 45855.0 48067.0 45857.0 45858.0 48070.0 48071.0 0 45862.0 80030604.0 90030603.0 30603.0 
48052.0 45842.0 48054.0 48055.0 45845.0 48057.0 45847.0 45848.0 48060.0 45850.0 45851.0 45852.0 48064.0 45854.0 45855.0 48067.0 45857.0 48069.0 48070.0 45860.0 48072.0 45862.0 0 80035827.0 90035826.0 35826.0 
80045805.0 80035806.0 80035807.0 80030586.0 80035809.0 80045810.0 80030589.0 80035812.0 80035813.0 80030592.0 80045815.0 80035816.0 80030595.0 80035818.0 80035819.0 80045820.0 80035821.0 80035822.0 80030601.0 80035824.0 80045825.0 80030604.0 80035827.0 0 10000000.0 80000001.0 
90045804.0 90035805.0 90035806.0 90030585.0 90035808.0 90045809.0 90030588.0 90035811.0 90035812.0 90030591.0 90045814.0 90035815.0 90030594.0 90035817.0 90035818.0 90045819.0 90035820.0 90035821.0 90030600.0 90035823.0 90045824.0 90030603.0 90035826.0 10000000.0 0 90000000.0 
45804.0 35805.0 35806.0 30585.0 35808.0 45809.0 30588.0 35811.0 35812.0 30591.0 45814.0 35815.0 30594.0 35817.0 35818.0 45819.0 35820.0 35821.0 30600.0 35823.0 45824.0 30603.0 35826.0 80000001.0 90000000.0 0 
