98
node195 node60 node8 node178 node114 node125 node119 node184 node192 node53 node107 node5 node50 node185 node158 node100 node37 node123 node20 node181 node17 node38 node80 node49 node86 node124 node3 node126 node65 node163 node10 node66 node24 node30 node191 node92 node33 node42 node111 node22 node98 node152 node112 node134 node146 node182 node19 node129 node154 node159 node47 node200 node81 node48 node165 node26 node85 node149 node108 node109 node61 node12 node130 node186 node41 node27 node167 node16 node97 node96 node143 node162 node102 node59 node1 node157 node188 node94 node117 node190 node18 node55 node51 node141 node160 node71 node180 node72 node57 node52 node54 node56 node84 node116 node169 node173 node73 node139
0 50206.01015 65022.75198 88197.4136 16942.33312 86937.80103 97893.41485999999 40817.40068 60014.21071 81194.99107999999 93594.00644 75120.43587 67810.4087 107244.8919 38584.6479 67625.99914 82072.44979 87963.45356 79858.57725 61944.66409 51557.72448 62601.79682 83901.74832 96019.07458 106214.23101 52622.63118 13557.42775 109723.75222 113301.59342 29933.916490000003 42323.70422 108605.35605 39542.109300000004 69477.65626999999 30420.65318 54169.52455 78242.04149 90016.65298 100924.37997 66346.96228 98547.28412 45503.34552 78084.85051 77793.55551 77945.28627 69228.22075 47643.3827 100040.37067 33892.04061 29549.64683 82179.43897 74736.84658 64870.72688 18487.54022 70580.36678 85030.69368 72715.44438 87013.95461 48465.39834 99456.90987999999 32380.956 46861.47762 62876.42366 92474.76614 110126.42344 65722.64293 28362.047939999997 86344.44958 112198.93604 57935.23717 83588.09847 89758.40368 33275.91321 10686.2769 83034.73071 45799.48367 80992.05131 58397.26574 51389.20379 78638.51556 76198.59403000001 95968.14701 91779.50929 116507.53514 55869.097030000004 98743.10566 33323.6576 100279.66219999999 84376.58712000001 70061.20818 40556.82427 63418.04336 61239.85569 85229.64749999999 88579.9357 76197.11469 68646.0494 48157.43604 
50206.01015 0 16725.28103 62738.58736 40807.61784 38102.31681 78919.72534 52045.31194 32024.745239999997 60770.85016 45052.19996 36780.10882 68467.02755 66617.83294000001 27475.17579 66126.94027 51352.97679 42875.08536 53636.02812 32164.05923 26470.964760000003 65052.40633 53842.603279999996 56431.35603 63412.18568 24236.3761 53274.97817 63232.12739 71551.01424 56088.0516 21534.56848 73963.42386 25847.30397 70837.56921 27486.04982 24882.09121 28715.27377 81896.67936000001 68050.62143999999 17140.13975 77914.41689 13944.59967 50056.65957 66938.91273 31876.918429999998 20958.09765 32403.75589 70840.64776 37302.09228 26615.04347 41171.54451 40693.58626 19802.1861 45560.98237 74755.63302 41806.43599 68562.1451 42824.47524 28988.4374 69675.70749 39024.42112 15756.36056 46114.03455 71674.38054 69865.76086000001 24274.68541 30038.7763 44739.54058 65658.71893 9597.32357 47912.70208 56805.9847 39919.37833 57316.896290000004 32828.72056 27961.58867 39612.16343 55607.98088 47882.3269 65455.33059 74527.56636 67612.04948 41680.57727 72225.61548000001 28523.11537 56627.24556 22336.46356 58544.12977 34170.57697 20859.48411 22516.0252 31859.29751 44477.46658 39402.86614 76794.36447 74167.90043000001 29518.13021 20564.50609 
65022.75198 16725.28103 0 50489.42819 53761.2719 30694.21633 70445.8909 56358.84728 29113.41909 53724.44442 28751.64876 38139.52665 68476.82368 51127.15765 30449.19829 65983.24577000001 39258.40303 40348.000230000005 46951.02775 24667.23388 37020.93082 65952.79951 43948.715339999995 41302.56725 47466.18111 36756.03767 65514.50714 47927.298109999996 55731.5646 70163.36892 23497.2689 59849.18862 33837.37734 70864.54503000001 41689.101570000006 28893.83379 20859.70718 77151.58557 53788.30262 17769.61967 70006.09859 21989.13898 43798.458979999996 62736.6049 15151.6374 18153.899960000002 34470.80259 59194.70728 45292.165649999995 40818.09522 26309.39696 32123.77059 16882.3154 57226.57049 74971.01326 42822.708 66550.15025 27420.26476 25220.18679 57934.25272 48040.85492 25410.43115 42230.03793 65130.90751 54403.26114 24849.434549999998 46289.76071 29732.03904 50108.36956 7127.95746 42827.20017 46644.12938 48417.85587 70896.61187 20809.84272 24876.72781 40613.04336 56234.660780000006 49647.15888 60067.25542 72801.21883 56478.29544 28313.358519999998 55974.136660000004 22952.27188 41025.02827 38752.19629 43056.9936 20803.35822 9828.468 38345.40952 30810.073860000004 42639.20538 31122.87691 71352.23775 71974.79325 29994.95864 33574.38731 
88197.4136 62738.58736 50489.42819 0 86276.1028 74897.93132 21012.68259 53931.99551 78542.58446 15314.8911 56847.17086 88418.10282999999 41860.66156 32507.79233 65690.72043 40085.47466 12165.60675 85394.54838 21503.23918 30574.52813 83332.76552 43929.82156 16886.09415 24759.53401 35797.7101 85510.23024 80486.48921 48001.5217 38875.367849999995 87364.44003999999 59651.50759 23002.18174 56383.51964 43305.48777 70506.98519 42168.05291 67519.35965 38170.84336 20668.723420000002 65344.68904 21090.70987 52308.67528 22692.12625 27731.36079 58605.140159999995 48227.63445 40730.27858 11864.82634 58821.20706 69724.46341 28945.903290000002 22408.32031 67369.79097 71556.86376 47610.957 89482.36047 35088.23596 33815.1757 71972.66127 11375.38869 57046.36856 48887.38311 28442.899530000002 14641.479319999999 36310.96743 72180.18263 83889.93336 28283.28475 49509.98493 53921.25997 92111.24841 9972.52693 56151.41135 88067.38866 62267.71509 48839.07495 90524.56865 38691.52368 40462.04755 22973.45421 40155.91198 16019.25225 63028.44682 45647.93554 37912.6604 30441.42804 78356.89737 29509.94355 59523.26288 58675.7082 81825.00323999999 40629.652109999995 30079.467500000002 50898.12161 28521.283349999998 39122.48315 80463.18147000001 48800.30179 
16942.33312 40807.61784 53761.2719 86276.1028 0 72134.54189 99057.36238 48311.30638 44143.24472 80490.38573 81760.64835 58617.09683000001 73909.36091 100716.86963 25630.991430000002 72874.69506 77947.69183 72517.91503 77869.14804 56890.52154 38216.240840000006 68867.42855 80681.11004 89525.77747999999 98551.21247 35981.652180000005 27477.46214 100220.36721 106215.2433 27124.8646 32658.595890000004 104274.29344 30421.003620000003 75810.43692 16193.79873 46963.36051 64091.96417 94367.1143 96752.40907 52343.65457 99035.79638000001 36926.13444 75272.15614 80645.96273 65136.93556 58192.06423 45851.64326 97906.68851 31239.10134 17064.805080000002 74698.26463 69447.18133 50465.44421 27421.47775 77953.35061 69245.43487 77378.83165 78818.41901 36964.749070000005 97352.65709 35605.59578 39287.58137 62547.07953 92586.56583 103350.39163 49768.00882 25552.996049999998 78845.44054 102645.33654 47248.80919 67449.44497000001 85688.3164 36500.552990000004 27332.36943 69759.60658 38473.07966 64589.5379 62621.55361 54545.97874 80740.39885 82012.8413 93752.2626 78753.47425 108222.07772 49383.06073 91369.18851 30514.60571 92928.51625 71515.48541 57190.50543999999 23614.49115 53734.88676 61190.951949999995 73672.91876999999 91432.34292 81787.41172999999 52602.6231 37731.82807 
86937.80103 38102.31681 30694.21633 74897.93132 72134.54189 0 95863.2531 86250.25516 29217.49686 77927.84105 25550.87388 30806.38654 98491.48575 63100.805010000004 52873.32848 95105.31880000001 62852.79647 11238.45192 70736.12413 54380.33871 39964.997740000006 96343.76103 67573.28387 57332.35602 57015.41675 40539.56894 90766.31158 50025.85039 65201.92497 93649.48719 48070.93602 76553.44767 61576.76959 100879.2071 65085.25475 48180.22498 9835.71956 105499.58322 72291.41659 20983.76509 93542.50103 49970.66735 68042.51939999999 91682.05649999999 18936.58264 29789.84129 64717.13914 80706.99704 73031.5579 64389.94363 46760.22795 56754.392210000005 23473.08815 83663.29918 105279.728 31798.72038 95750.60861 43240.80854 38621.99368 79208.77807 76021.44493 50028.29112 71939.30983 88950.71321 67212.16545999999 28118.31075 62086.99829 47825.68419 50411.77789 34369.12025 22301.408369999997 66659.32094 76671.02126 94899.12322 18957.1813 52355.72393 20743.87134 86519.77466 80132.77493 88607.86119 102630.07139 79090.72597 15883.19135 60635.462 53580.98484999999 53938.80349 54781.42775 56518.47206 15677.93148 20865.74833 50220.630300000004 42446.01519 71979.74012999999 24964.07773 99463.42496 101769.0253 22403.41257 55765.26095 
97893.41485999999 78919.72534 70445.8909 21012.68259 99057.36238 95863.2531 0 58930.322530000005 96998.14965 19976.08042 77859.85345 108573.30476999999 37544.46989 47305.41764 81232.50172 36635.683540000005 33010.45663 106238.11174 27311.504689999998 48122.63103 100877.42845 43023.433560000005 30180.15851 43868.56733 52989.068 103088.29275 87996.15121000001 66283.27391 52249.12949000001 95083.72613 76098.90692 33546.635 68988.83535 38465.14662 82989.48727 59602.72435 88286.9136 19690.28481 30668.81657 85399.4226 3431.06844 68517.93266 29584.59072 22631.67495 79448.72354 68521.66856 53335.65155 22888.852639999997 68920.15028 82388.57839000001 49790.753169999996 40408.27943 87328.20629999999 79876.76907 41712.13957 110087.6841 31142.715770000003 53884.34243 89486.54170999999 21390.63367 65846.10417 65408.73721 36510.28285 9880.29899 46059.81843 92246.76736 98755.49101 49158.28065 67428.17789 72322.36821 112669.80966 30985.20952 64993.82795 95787.43172 83227.46698 64921.51713 110664.31663 40817.17184 46638.57206 19584.63288 31870.33384 19293.27032 83998.14157 61237.17782 54291.16644 49391.01795 94088.78975 48133.74209 80519.09151 79092.8552 99003.87416 60150.251690000005 38028.48511 71437.7057 14892.65823 34543.35235 100440.84954 63879.663720000004 
40817.40068 52045.31194 56358.84728 53931.99551 48311.30638 86250.25516 58930.322530000005 0 72018.75484 45289.59638 82115.13070000001 85647.73275 31170.53035 80064.25519 46846.9964 34687.815480000005 52212.42989 92320.39134999999 46511.18697 38294.63246 66594.36336 29132.45111 52213.27379 69530.35281 81442.09862 68828.95202 31081.171449999998 89149.51983 86559.52383 36480.08128 47300.21236 76562.47712 39450.99114 28782.809 34625.98528 38826.25738 77218.55446 50232.78155 69263.81778 66585.44574 60706.0336 39710.24355 46036.07046 44103.59623 71476.1066 61937.23451 29454.0545 65369.6159 28657.63917 34581.7403 59764.54478 47615.03388 66875.93614 38488.25067 35531.65917 92341.24336 40180.78325000001 65447.04188999999 57029.60041 65146.30591 26801.5474 36288.95138 28911.53265 54256.80305 81597.15052 69326.33623 52199.6176 63279.41028 91449.85269999999 51908.35356 92792.65702 58755.669780000004 27696.50461 49873.16474 77120.42046 37838.99932 90122.76319 29190.215330000003 13470.51674 39345.68965 36004.854250000004 61215.18999 83848.59078 92345.04626999999 40229.853019999995 73811.88861 51212.26146 74414.84474 76697.61224 66165.84422 63855.29723 49281.06061 27274.96468 71825.73022 52102.432870000004 35379.71401 76733.03534 41506.31716 
60014.21071 32024.745239999997 29113.41909 78542.58446000001 44143.24472 29217.49686 96998.14965 72018.75484 0 77158.51751 45335.95623 16245.91947 88308.51029 77579.5218 29373.81816 85512.26566 66376.97771 29327.63995 71087.41464999999 49195.19214 13945.72057 84777.41101 70427.77211 68483.96564 73071.12246 11711.13191 66368.07569 69255.94468 81459.80559999999 70248.59677 27895.231359999998 87884.67947999999 42380.11554 90630.54803 40579.14734 43409.29987 23439.91558 101267.54935 81941.66916 14884.60549 95552.17019 34532.25349 68251.12597 86491.40116 32540.77866 32282.444649999998 51936.68951 86832.1132 53064.79166 41450.15369000001 54462.7635 57315.49365 12231.10369 62834.85323000001 94472.61416 25190.18545 88413.62863 53789.19557 20462.32769 85564.75172999999 57784.05225 37167.40536999999 65673.61305 90121.318 80983.74033 8256.957 38238.02513 57016.76386 71496.3391 25316.04049 24385.06363 72338.60289 57902.08431 69106.04442 32451.6391 40549.43196 29312.03097 75384.16055 67914.81363 84379.7879 94450.89593999999 84024.37276 41481.79401 80013.01245 45667.05309 67444.37723 31642.02875 69664.82465 35005.14767 22812.10872 24078.29294 40655.95437000001 64037.04508 39744.684160000004 96108.40297 93630.80428 16857.75661 40949.74376 
81194.99107999999 60770.85016 53724.44442 15314.8911 80490.38573 77927.84105 19976.08042 45289.59638 77158.51751 0 61980.912090000005 89162.08436999998 35307.75521 41751.39037 61805.129660000006 28737.83256 16461.92335 87980.1009 7335.42427 32963.66752 80910.51587999999 34321.56156 12604.31862 32815.07039 44821.38321 83140.65739000001 72677.57748 56139.537630000006 46670.96897 79767.47370999999 56443.91777 32501.55492 50947.68514 34642.83904 64322.00561 39626.64393 69772.51361 28272.37483 29947.07636 65976.51851 21043.92137 48853.94896 10714.19059 17402.97912 61257.54243 52523.95105 35294.44408 22146.483869999996 51707.55047 63957.30552 32982.04056 25753.335639999998 68581.86297 64001.17232 38935.781319999995 91735.51443 26352.74969 38871.06064 69510.46129 23644.702839999998 48995.23264 45432.65679 21591.70336 14594.69082 41564.83341 72270.68694 80036.35183 33894.21732 57868.52967 52567.88672 93655.84144 20300.16374 48591.76968 80316.15199 65458.27376 44945.43671 91544.85842 28920.87093 31819.07964 15003.445749999999 32549.889610000002 17992.05796 67497.3048 55356.43898 37046.94638 38505.43296 74506.29701 37868.48829 63077.06771 60535.0935 79283.59426 40603.6454 19955.13539 54413.17202 21799.65231 31583.19086 80871.48655 44319.59498 
93594.00644 45052.19996 28751.64876 56847.17086 81760.64835 25550.87388 77859.85345 82115.13070000001 45335.95623 61980.912090000005 0 46210.787299999996 87885.21653 40360.17248 58819.42891 84196.64904 45664.13034 34608.01753 54645.48782 44849.95071 55656.7917 86965.0926 50104.77996 35735.73842 37762.95058 56914.86119 94054.61882 25421.41499 41496.58239 98578.39747 52028.080709999995 54383.45775 62192.36593 90101.64047 70360.14214 45848.00907 22668.57126 90253.28692000001 51072.98087 31281.57564 75712.18862 50529.25066 52417.83869 77897.21221 17770.95136 24932.58137 59482.494900000005 60445.154 72935.01912 69503.99367 32273.81868 42852.39591000001 33806.18449 85703.09187999999 94742.49737 40764.48347 83720.57796 25474.2318 49677.73554 58946.93503 74592.78041 49113.39731 61071.65985 71250.95956 43479.06547 37078.99923 73043.60558 33183.20682 27262.28609 35658.76927 44737.571860000004 49316.88057 75036.91053 99648.26062999999 14401.56019 53074.612349999996 43952.29033 77436.15741 73315.72771 74228.99095 90602.96068999999 59849.98674 9667.68253 37206.62166 47592.384699999995 34059.34139 65341.29284 33745.387 11123.97262 25268.12927 62869.07719 36711.72896 61372.97704 10321.60036 83780.5644 89384.47724 41588.57855 54342.77486 
75120.43587 36780.10882 38139.52665 88418.10282999999 58617.09683 30806.38654 108573.30476999999 85647.73275 16245.91947 89162.08437 46210.787299999996 0 103208.46755 82846.06015 45613.27553 100278.48169 76310.44849000001 30235.5029 82566.11167 62149.45383 23562.71139 100243.15321 80928.97312 75243.36062 77423.43201 25797.30005 82079.88723 71050.36621000001 85699.06799 83280.67812 43759.12366 94706.69964 58465.45177 105594.19569 56825.066810000004 52684.95682 23659.37864 114722.92077 89337.73256 23185.56586 106962.13074 49023.9425 78994.95956999999 100010.76069 32760.241719999998 40248.50384 66978.60024 96270.78563 69252.16014 57696.07316000001 62008.81656 68246.90398999999 21506.76064 78296.87167 109632.89694 33350.55166 102176.97743 60418.22437 36708.24716 94899.45403 73971.42073000001 50633.62448 78729.15424999999 101360.41416 86353.88018 24502.876470000003 47853.90501 64401.48997 73272.33073 37511.35319 35323.56761 81721.98287 74099.08491 84542.01814 31809.22711 53871.263360000004 27145.88822 90419.16684 82961.66973 97640.62767 108869.4881 93934.68376 38422.56808 82536.53219 58273.4135 73162.85704999999 41951.47572 75512.77946 35295.21677 29842.33063 35002.60568 49853.33874 78031.64439 43380.27352 109115.77313 108126.78568 16707.73989 55641.91755 
67810.4087 68467.02755 68476.82368 41860.66156 73909.36091 98491.48575 37544.46989 31170.53035 88308.51029 35307.75521 87885.21653 103208.46755 0 72741.70298 63591.71085 8292.72783 48599.64119 106640.21791 39900.5786 45942.03138 88158.33811000001 14857.06079 43931.68996 64382.99838999999 76148.75455000001 90253.06011 56806.990999999995 87085.03882 79170.59855 63516.58207 62385.95001 64298.8251 48790.09121 2387.72135 59861.23878 51352.725040000005 89108.45542 23156.54166 58437.49747 81524.19115 40153.42265 54795.9812 39348.57993 22735.46617 82065.21413000001 68823.59035 37459.80054 50953.389989999996 47323.38485 60732.24513 60296.385689999996 48673.917499999996 82391.68497 52060.651060000004 13068.284889999999 108271.00805 13785.6956 66276.97096 77235.35471 51080.29002 43093.65226 52714.3202 28379.22733 36504.86183 73068.64643 86117.70085 77244.01085 63258.30802 89004.76891 66350.24951 109592.58064 50267.75763 43988.60947 63445.56513 87347.9401 52000.75984 107172.77481999999 17634.108829999997 28075.58769 20304.30946 8388.18533 47116.11814 92051.96817000001 86610.6403 45524.5518 69769.51329999999 75217.38242 69525.09813 86151.45552 78059.72874 81771.51922 56234.80872 26900.8417 78786.13277 23633.437 8472.03359 94396.01833 48260.63186 
107244.8919 66617.83294 51127.15765 32507.79233 100716.86963 63100.805010000004 47305.41764 80064.25519 77579.5218 41751.39037 40360.17248 82846.06015 72741.70298 0 77593.71652999999 69105.6319 29366.39735 74281.95643 35488.456529999996 45433.51927 85761.43497 74248.35955 29147.07175 11225.81732 8917.52402 87648.37023 102546.91343 24547.10811 20999.28382 108782.12915 70099.63549 15876.11643 72573.74637000001 74477.30368000001 85496.83573 53788.23429 59442.744139999995 66039.944 20510.095699999998 62832.19178 44492.88129 64478.57325 35254.86472 57610.94618 50602.21795 46919.34661 61187.08485 27177.79203 79497.89318 84653.57216 27172.11797 33356.44464 65426.64489 93338.6696 78747.88073 80190.87690999999 65972.43243 26778.110399999998 76319.32437 28676.011 78747.22231 61806.32145 52511.144239999994 43103.11962 25240.34717 69918.81449 95393.88448 28797.806790000002 23363.751949999998 57106.29849 83936.04237000001 22535.2654 78725.23788 109698.67964 51770.69475 62493.83727 82502.99284 67446.98803 67111.32044 53493.67163 71701.78505 31332.217940000002 48288.54956 14197.68384 52414.08234 13414.489590000001 88297.60369 8073.70317 48281.69479 54897.84794 89059.91449 46981.98287 52971.88645 39465.78663 58627.64821 70406.34511 76884.84074 64103.76441 
38584.6479 27475.17579 30449.19829 65690.72043 25630.991430000002 52873.32848 81232.50172 46846.9964 29373.81816 61805.129660000006 58819.42891 45613.27553 63591.71085 77593.71652999999 0 61459.481270000004 56334.37784 56506.502629999995 57589.539300000004 35344.67406 29591.769480000003 59296.47512 59601.86433 66395.48851 75387.84906000001 27357.18082 37892.9831 76611.71583 82877.36905000001 40874.77861 21120.54493 82158.67498 14801.61964 65824.78824 12221.01112 24361.11603 50965.05027 80480.49857 74760.57403 38934.04997 80719.47086 13530.57612 54864.92949 65866.04540999999 43026.76161 34811.04038 30454.8607 76915.90065 24080.5984 13092.017469999999 51394.44575 47469.24366 41596.09632 37094.27775 69062.77116 54100.62655 65197.992679999996 56646.50748 36122.77966 75911.94499 28799.85899 16951.86829 45475.93219000001 74348.6892 81014.67855 31799.50431 20558.77446 55507.56629 79076.02175 23936.73558 53698.46517 63955.49628 29307.30629 43365.46894 50348.70595 16859.69295 50994.34864 50818.81799 45084.66527 65370.15894 70872.51684 73198.24214 57944.47515 84654.43226 28109.09182 68466.36709 12856.46172 69520.01336 50434.47485 39905.86986 28630.42654 31445.27396 43839.36422 53009.34794 76341.97012 70337.79053 38582.268339999995 23418.08779 
67625.99914 66126.94027 65983.24577000001 40085.47466 72874.69506 95105.31880000001 36635.68354 34687.815480000005 85512.26566 28737.83256 84196.64904 100278.48169 8292.72783 69105.6319 61459.481270000004 0 44832.2257 103367.72249 36073.25683 42010.301250000004 85661.54336000001 6564.33296 40196.15742 61357.37358 72413.22201 87812.26417 55995.56674 83551.26293 75408.80153 63009.38032 59031.98329 60777.46457 46801.56241 5905.00648 58999.244920000005 48196.39352 85763.97848 22498.11674 54536.85752 78405.10165 37589.509190000004 52182.3406 35567.67277 14442.73834 78568.84085 65595.24476999999 34170.29159 48078.25504 41989.308489999996 58128.23857 56517.97622 45178.42173 79373.31929 49141.94571 21361.01272 105180.02722 5492.96777 62504.03765 74715.84521 47740.23812 37270.0479 55603.632770000004 25041.9139 33069.25989 70302.66597 83298.2591 75721.96012 59477.400859999994 85232.59328999999 63207.79798999999 106547.72388 46570.3665 38165.00511 64880.94137 83791.13879 48248.61455 104071.2569 10640.66328 29692.083770000005 17112.02045 12375.3505 43923.82913 88317.25471000001 82944.06211999999 43177.662899999996 65988.60613999999 73363.02093 66606.32085 83325.79483 74758.07578 81090.31848 52939.070869999996 23405.34593 75065.58836 21937.600599999998 8942.01775 91789.85998000001 45718.61016 
82072.44979 51352.97679 39258.40303 12165.60675 77947.69183 62852.79647 33010.45663 52212.42989 66376.97771 16461.92335 45664.13034 76310.44849000001 48599.64119 29366.39735 56334.37784 44832.2257 0 73250.21151000001 9337.63243 21600.44942 71474.81723 47465.16616 4720.4874 21218.503090000002 30184.40133 73709.40589 75933.04158 41253.63024 34542.3774 82478.07649 49784.3134 26532.90626 48070.94572 48521.36327 62000.37952 32112.92249 55353.7529 44673.08368 22063.24514 53342.396140000004 30798.6438 42807.75163 10970.88165 33328.97647 46460.80329 36062.0277 35822.45552 22066.353519999997 53178.46451 61241.47556 16780.29654 15099.930690000001 55812.29076 66764.70632 52899.83032 77316.75372000001 40508.20765 26627.32971 61146.767049999995 23540.99544 51854.52652 43734.97939 26574.03318 26097.91674 37447.72438 60109.58549 74736.99293000001 20956.14035 43728.81406 41755.65322 79945.64166 13014.126510000002 51685.16551 84090.1952 50217.01035 40334.57403 78400.37314000001 40190.65563 39073.94239 29635.414689999998 46873.58092 21536.155319999998 52000.32892 41172.05715 29109.68057 26908.865660000003 68666.94167 26263.48673 47580.40524 46605.11106 71476.51202 34271.77633 24937.46521 38732.514859999996 38149.23632 45760.73163 68512.0533 40361.45664 
87963.45356 42875.08536 40348.000230000005 85394.54838 72517.91503 11238.45192 106238.11174 92320.39134999999 29327.63995 87980.1009 34608.01753 30235.5029 106640.21791 74281.95643 56506.502629999995 103367.72249 73250.21151000001 0 80860.56888 65015.234110000005 39394.114100000006 104084.93991 77967.74067 68405.41657 68253.86867 37807.03839 93367.25719 59620.69174 76104.59992000001 95478.13954 51890.40311 87791.89958999999 66622.97884 108982.24175 67724.42731 55493.16597 21074.171479999997 115102.54731000001 83385.56855 25734.94561 104030.29043 55422.89563 77332.76006 100898.53284 26789.40822 40309.06728 71636.38781 91576.77438 77742.05116999999 66905.31205000001 57833.2885 66265.90514 28396.99196 87234.93177 113439.70800000001 37768.0531 104537.82823 54479.26046 39726.97929 90113.16706 81121.85904 56031.43997 80694.56127 99223.93419 77773.41228 29726.04094 62175.35860000001 58734.4429 61189.1318 40782.50476 11062.95645 77531.5976 81844.08343 96747.33004 29829.45796 59146.76986 31982.32326 94287.59736000001 87420.43346 98013.30237 111253.20205 89853.69257000001 27121.64327 71745.71632 61115.666110000006 65177.25541 54901.92085 67591.53261 26750.99203 30519.53223 49220.596300000005 52518.93397 80161.30646 35988.38811 109003.02478 110422.26954 21125.241329999997 61624.31487 
79858.57725 53636.02812 46951.02775 21503.23918 77869.14804 70736.12413 27311.504689999998 46511.18697 71087.41464999999 7335.42427 54645.48782 82566.11167 39900.5786 35488.456529999996 57589.539300000004 36073.25683 9337.63243 80860.56888 0 25628.24325 75404.40302 40361.14946 6341.38478 27751.74655 38558.44937 77638.99167999999 72381.52445 49696.86624 41867.58039 79257.49692 51721.64683 31601.132940000003 48012.06484 39381.64653 61675.349310000005 35653.08402 63172.023740000004 35607.799100000004 22752.63081 59387.30607 24470.87936 44284.21148 3579.36855 24002.87439 54071.16066 45399.66013 32358.82378 23687.2509 50482.37071 60804.34296 25660.11581 19490.4018 61246.4387 63415.89236 43941.56039 85135.02456 31383.07054 32608.126800000002 64099.54515 25185.46987 48285.28054 41163.64808 17916.21542 21930.11509 39068.62176 66521.85173 75755.27199000001 26702.14685 51693.49616 46416.19602 86819.24094 12964.73947 48006.48972 79869.22143 58341.97678 40729.84635 84759.79645 34779.57786 33040.67023 22338.87002 37535.94849 25327.48223 60171.27391 49093.50514 29711.52211 32310.75051 70321.49564 31859.42462 55798.44475 53199.66923 74048.09204 33268.22113 19468.31481 47087.14113 29135.07658 36606.26367 74376.4834 40547.32839 
61944.66409 32164.05923 24667.23388 30574.52813 56890.52154 54380.33871 48122.63103 38294.63246 49195.19214 32963.66752 44849.95071 62149.45383 45942.03138 45433.51927 35344.67406 42010.301250000004 21600.44942 65015.234110000005 25628.24325 0 52758.23739 42558.7917 26194.09947 37093.89009 45084.1711 54992.82605 57288.61937 52093.13495 54242.70857 63358.476070000004 29076.979460000002 47416.28327 27647.31121 47915.30773 41102.464210000006 13453.99009 45526.94106 52702.81421 39862.01427 39974.28382 46993.68623 21943.7494 26846.268649999998 38778.00887 39818.87128 27607.96342 16488.72423 42439.35447 35021.56157 40311.63555 25018.650739999997 15967.67393 41549.54928 48083.91884 52955.17928 66709.66847 41882.91637 31107.421319999998 43036.98162 41454.34521 34766.58396 25365.04157 17562.80405 40926.12586 50931.021120000005 44873.19033 53689.10983 29194.494549999996 54568.31877 24703.03581 67494.43405 28821.53724 34063.86954 65153.06328 43007.96014 19202.45006 65280.27724 33105.497610000006 30843.25512 35613.56927 48283.86618 39396.032510000005 49486.17668 55924.81568 7512.42818 37391.65802 47884.028099999996 40711.01618 45470.592099999994 34495.70188 51270.42648 14951.78952 19199.37202 36234.51033 47093.96535 47901.33306 53473.98994 19395.78081 
51557.72448 26470.964760000003 37020.93082 83332.76552 38216.24084 39964.997740000006 100877.42845 66594.36336 13945.72057 80910.51587999999 55656.7917 23562.71139 88158.33811000001 85761.43497 29591.769480000003 85661.54336000001 71474.81723 39394.114100000006 75404.40302 52758.23739 0 84069.54073 75590.09919 76086.49479 81937.33067 2234.58866 59143.72059 78884.48586 90243.87971 60003.85015 31014.86954 94451.35335 40048.8477 90331.20058 35112.631420000005 41283.87195 34195.98508 103117.99201 88914.24834 24458.92968 99751.92362 33751.70417 72828.05884 88209.23798 42916.474239999996 38853.62284 52210.86039 92613.60327 50541.091140000004 34241.62507 61467.1943 62472.3266 21850.60721 54734.16028 93850.65976 34923.56957 88505.56234 61818.71142000001 15881.72359 91353.14871000001 53812.90137 37172.99634 66788.26721 93684.36325 89089.98464000001 22202.67757 24292.30456 64673.12948 81148.79903 29892.97336 32102.47695 78295.67135 54683.19244 61216.83311 41717.63086 39060.57023 31756.05275 75150.89455 66890.81499 86889.24904 94721.94454 89502.96763999999 51101.297529999996 89286.91863 46810.46334 75672.77282000001 18674.64775 77714.21704 44624.65119 32400.08135 14601.749689999999 47651.17205 65715.29588 49183.84243 98477.32294 94135.67309 18280.7578 39977.57152 
62601.79682 65052.40633 65952.79951 43929.82156 68867.42855 96343.76103 43023.433560000005 29132.45111 84777.41101 34321.56156 86965.0926 100243.15321 14857.06079 74248.35955 59296.47512 6564.33296 47465.16616 104084.93991 40361.14946 42558.7917 84069.54073 0 45185.561539999995 66225.56413 77247.45909 86187.49482 51678.03428 87865.55184 80992.53053 59386.387469999994 57645.70461 66823.11648 44501.53514 12469.33944 55099.68705 48591.77394 86812.50669 28628.38916 61017.14357 78741.38207 43788.89689 51227.30543 42132.00573 20915.742100000003 80116.72606 66750.69036 33353.61468 53860.375309999996 43257.70278 55970.693400000004 60023.31359 46552.69694 79467.43611 44114.2566 22709.583319999998 105478.44763000001 11965.97153 66052.48248 73523.32007 53769.97922 38635.15944 51410.621329999994 25893.43275 39527.00903 75079.58024000001 83237.52602 72489.24986 62776.58597 89902.20351 63471.81497 106611.40402 52882.69735 39530.11665 58316.60841 85442.08885 47888.34393 104292.59999 9823.98637 26581.30444 23438.80068 13700.78596 49705.9494 90383.79968000001 87937.6819 43000.52763 70519.26889 72152.93684000001 70609.51228 84162.75297 75715.76415 77441.80207 54116.92048 25706.211779999998 77372.0913 28410.604359999998 13775.32162 91443.1229 44624.74537 
83901.74832 53842.603279999996 43948.71534 16886.09415 80681.11004 67573.28387 30180.15851 52213.27379 70427.77211 12604.31862 50104.77996 80928.97312 43931.68996 29147.07175 59601.86433 40196.15742 4720.4874 77967.74067 6341.38478 26194.09947 75590.09919 45185.561539999995 0 25812.153140000002 32217.06459 77824.68784999999 77123.32004 43577.50297 39262.864799999996 83822.26370000001 53253.42826 25259.748160000003 51200.82581 45723.03131 64542.36749 35598.24703 60074.2403 40876.69345 17342.75774 57936.04619 27864.61754 46071.28821 9920.75333 30007.29774 51181.29069 40782.5151 37733.25647 17345.86612 54674.33758 63811.93641 21500.78394 13149.01702 60502.60307 68002.79315 50194.58579 82037.24111999999 37724.45532 26266.74202 64660.437739999994 18844.08509 52929.16196 42649.99604 23364.07249 21415.38699 32727.23698 64624.21845 77876.73413 21661.57109 45352.11138 45986.46805 84636.50399 17607.776560000002 52750.27352 84516.40279 54937.497749999995 42796.78728 82706.91223 39644.65908 38742.75705 27406.941489999997 43592.13251 21500.292029999997 56035.41359 42752.12036 31603.36879 25969.36573 72060.44448 30857.13678 52265.99278 51197.02383 75183.05398 32890.989279999994 25000.64046 43257.03623 33932.91879 42557.95135 73022.28591 43264.33554 
96019.07458 56431.35603 41302.56725 24759.53401 89525.77747999999 57332.35602 43868.56733 69530.35281 68483.96564 32815.07039 35735.73842 75243.36062 64382.99838999999 11225.81732 66395.48851 61357.37358 21218.503090000002 68405.41657 27751.74655 37093.89009 76086.49479 66225.56413 25812.153140000002 0 12017.44607 78058.60492 91407.15789999999 23324.46724 32080.228320000002 97562.09164 59207.18956 27101.93375 61347.92905 66092.82681 74333.7116 42562.41697 52155.414820000005 61087.44522 15337.24245 54046.899359999996 40807.00249 53499.90851 26464.32232 50216.99067 43054.55174 37347.67281 50108.25665 25086.85514 68505.86352 73484.01295 22762.28391 22318.19469 56548.8061 82202.66626999999 70635.84455 73601.7427 58262.0496 18547.2334 66181.80503 23588.63617 67714.77269 53493.74399 44359.219 38372.36519 19229.72567 61180.50832 84518.29196999999 26938.127719999997 25073.29719 46834.03246 76980.63124 14787.00708 67756.07911 98472.86232 44945.3277 51330.71314 75554.89164 57965.653510000004 57451.654859999995 46147.26785 63991.40222 24944.80061 44151.28615 22900.69781 41188.26502 5690.36257 77564.58001 18375.75959 41654.42454 46230.35239 78802.33858000001 36089.53694 42722.65103 35600.50735 53280.81736 62941.84346 68642.81574 52877.94709 
106214.23101 63412.18568 47466.18111 35797.7101 98551.21247 57015.41675 52989.068 81442.09862 73071.12246 44821.38321 37762.95058 77423.43201 76148.75455000001 8917.52402 75387.84906000001 72413.22201 30184.40133 68253.86867 38558.44937 45084.1711 81937.33067 77247.45909 32217.06459 12017.44607 0 83782.53765 102338.8223 16926.5583 25636.395450000004 108442.64717000001 67753.99793 24793.64045 71561.39855 77871.6587 83932.67813 52154.53175 54034.32988999999 70109.68837 22465.530059999997 58205.08844 49805.8251 62661.79282 37172.65669 61662.175279999996 45376.50973 43083.70783 61336.813129999995 33257.08376 79601.34126 83083.06263 24054.10469 33827.06474 60840.01877 93160.57475 82376.5485 74116.69072 69725.86542 24117.882250000002 72681.2747 31758.86479 78922.52815 59700.822 53543.82485 48349.942579999995 28909.28705 65289.954399999995 92672.97899 19880.28277 14451.37448 53954.9644 78659.71182 26071.74631 78984.50284 109257.23563 46362.2805 61039.45875 77157.88324 69949.97151 69258.34372 57540.06382 75490.88428 34116.7635 41479.56509 20723.18382 51851.268039999995 15369.92395 85748.64924 10029.13753 42873.28054 50268.98785 85706.84686 44826.66322 54678.32164 34133.8484 63652.92796 74432.82649 71872.39416 63361.8287 
52622.63118 24236.3761 36756.03767 85510.23024 35981.652180000005 40539.56894 103088.29275 68828.95202 11711.13191 83140.65739000001 56914.86119 25797.30005 90253.06011 87648.37023 27357.18082 87812.26417 73709.40589 37807.03839 77638.99167999999 54992.82605 2234.58866 86187.49482 77824.68784999999 78058.60492 83782.53765 0 60450.25294 80459.34674 92006.61073 61044.378549999994 28780.28088 96577.16163 42141.76641 92472.10737 36329.40655 43514.01346 35149.66448 105341.02565 90516.27563 26595.737399999998 101986.51228 35986.29283 74255.43743 90440.42417 44250.52756 41088.211500000005 54226.64091 94684.58251 51273.18846 36476.21373 63037.36997 64706.91526 23942.2356 56283.42359 95969.25353 33500.972949999996 90693.602 63736.6213 13647.13493 93469.54543 55740.72709 38727.74558 69022.85587 95903.69849 90986.96879 19968.08891 26526.89322 66488.07671 82827.43935 32005.85759 31467.79279 80427.12836999999 56615.70104 62301.17207 43952.21952 40253.158899999995 31951.62462 77385.48320999999 69094.66937 88871.60957 96906.34999 91737.5563 53192.92592 90911.12943 49044.80709 77502.88694 19930.89684 79600.32681 45790.88857 34523.24063 12367.16103 45416.58339 67941.2672 50758.70331 100548.46443 96329.4957 18476.32967 42165.61118 
13557.42775 53274.97817 65514.50714 80486.48921 27477.46214 90766.31158 87996.15121000001 31081.171449999998 66368.07569 72677.57748 94054.61882 82079.88723 56806.990999999995 102546.91343 37892.9831 55995.56674 75933.04158 93367.25718999999 72381.52445 57288.61937 59143.72059 51678.03428 77123.32004 91407.15789999999 102338.8223 60450.25294 0 107428.85741 109242.31511000001 33366.219809999995 43331.57387 102045.22376 34540.81418 57871.44392 25788.92835 51700.51846 81770.86761 78493.65851 94466.07778 69960.80553 88983.89265 43525.36816 71067.08536 67448.64508 79630.82144 69125.57057 41428.11281 92301.07259 23086.02587 26659.934699999998 78686.85833 69258.75302 68915.72018 32044.967969999998 58077.24234 91285.9486 61279.87807 83609.826 53786.37637 91861.87789999999 27805.286460000003 46946.66033 54712.767080000005 82877.73677 104643.51371 69580.34955 36986.368969999996 82807.08436000001 109875.35367 59384.40317 90539.89253 83362.1943 28696.66689 24243.70465 85048.76365 43404.035319999995 87881.8832 48643.95803 44551.68819 68465.40295 64160.72173 88151.2399 93345.1793 113045.8077 50889.69498 94680.27739 40519.66898 95756.94722 85836.15409 72346.87619 48224.27685 61440.066 53077.63614 83955.19214 77465.34138 64233.33698 74818.76961 43157.28233 
109723.75222 63232.12739 47927.29811 48001.5217 100220.36721 50025.85039 66283.27391 89149.51983 69255.94468 56139.537630000006 25421.41499 71050.36621000001 87085.03882 24547.10811 76611.71583 83551.26293 41253.63024 59620.69174 49696.86624 52093.13495 78884.48586 87865.55184 43577.50297 23324.46724 16926.5583 80459.34674 107428.85741 0 18427.10919 112951.24261 70606.6777 35921.64227 75685.41583 89078.51277 86726.89254 55861.65073 47612.78671 84411.91246 35863.61225 54517.58112 63203.90729 65422.69162 48178.57939 73460.80775 40445.77595 43384.07360999999 67816.96782 46596.629830000005 84646.0453 85921.87523 29480.3219 41964.0517 57179.62747 98414.25164 93621.74915 66185.89846 81079.93678 24991.67081 71481.08688 45098.41086 85485.24283999999 67841.2541 62778.29565 61309.58271 28342.86232 61485.82309 93204.29971 25889.07509 2475.18382 54237.366259999995 70158.98685 38109.01672 85363.37081 113942.40455 39241.1391 64754.11166 69313.75149 79459.17004999999 77409.26783 69393.51686 87169.63548 48269.267850000004 34142.65904 23476.04415 57074.25146 18686.8321 85562.59158 18491.57815 36545.387610000005 48866.671370000004 84571.50184000001 47701.23179 63680.257150000005 29700.64343 76243.33257 86135.45432 66512.94844 67068.94768 
113301.59342 71551.01424 55731.5646 38875.367849999995 106215.2433 65201.92497 52249.12949000001 86559.52383 81459.80559999999 46670.96897 41496.58239 85699.06799 79170.59855 20999.28382 82877.36905000001 75408.80153 34542.3774 76104.59992000001 41867.58039 54242.70857 90243.87971000001 80992.53053 39262.864799999996 32080.228320000002 25636.395450000004 92006.61073 109242.31511000001 18427.10919 0 115810.42457 75587.4933 32696.90515 78656.18063 80692.79284000001 91354.25943 59512.03571 62039.68935 70823.29972000001 21942.02727 66646.7496 49282.32231 70218.37539 41622.440239999996 64073.948090000005 53718.68635 51390.25687 68464.71467 32733.580970000003 86668.1537 90524.81390000001 31545.646569999997 41617.11748 69247.29929 99633.72672 85125.75262 82261.06586 72112.98965 28758.32048 80951.75138999999 31235.362 85186.8746 72161.77994 59783.79581 50297.45847 19227.76023 73781.29526 100641.54225 27369.80276 20902.29301 61983.16492 86234.15425 28902.84092 85122.45853999999 115895.99872 53968.86242 68351.26097 84913.49684 73814.56354999999 73611.82673 59546.66852 77473.00315 34101.77796 50889.15573 9179.53051 59342.80992 27712.68817 93483.34918 29058.89348 50473.97077 59750.75037 93917.10627 52561.32901 59479.84260999999 47869.83248 64614.66744999999 76459.342 80214.57078000001 70080.51431 
29933.916490000003 56088.0516 70163.36892 87364.44003999999 27124.8646 93649.48719 95083.72613 36480.08128 70248.59677 79767.47370999999 98578.39747 83280.67812 63516.58207 108782.12915 40874.77861 63009.38032 82478.07649 95478.13954 79257.49692 63358.476070000004 60003.85015 59386.387469999994 83822.26370000001 97562.09164 108442.64717000001 61044.378549999994 33366.219809999995 112951.24261000002 115810.42457 0 46974.5117 108683.27961 37265.82678 64480.22478 30344.28053 57089.59188000001 84643.75886 85507.49706 101050.25369000001 72879.45272 96196.38736 48174.22994 77759.26238 74137.14283 83505.81934 73645.8161 47831.0885 99177.04496 29320.34644 29473.27418 84480.24137 75508.01527 71530.74031 24412.63814 64859.697120000004 92968.90046 68318.35644 89258.01813 55763.30318 98739.82872999998 34039.60703 50487.03087 61588.73945 90021.47626999998 110919.10047 71985.63536 36491.841570000004 88643.39366 115362.45228 63318.86843 91762.1632 90378.93053 34930.987460000004 39311.565090000004 88835.0283 48381.49038 89140.95048999999 55682.015340000005 49950.59802 75558.50904 71079.85684 95027.21226999999 97437.06241000001 118871.8928 56764.01378 100620.97304 41329.2024 101804.85 89983.44267 75946.15125 48677.21752 65307.38494 59968.3322 89278.82782 84320.25383 71352.02993 76382.00561 45882.294930000004 
42323.70422 21534.56848 23497.2689 59651.50759 32658.595890000004 48070.93602 76098.90692 47300.21236 27895.231359999998 56443.91777 52028.080709999995 43759.12366 62385.95001 70099.63549 21120.54493 59031.98329 49784.3134 51890.40311 51721.64683 29076.979460000002 31014.86954 57645.70461 53253.42826 59207.18956 67753.99793 28780.28088 43331.57387 70606.6777 75587.4933 46974.5117 0 75322.37638999999 14732.57573 64740.16011 18372.24387 17671.5238 38449.63703 76913.72886 67974.89257 27966.52997 75546.05671 7589.96881 48693.09892 62004.988580000005 36728.86808 27953.01936 26049.125030000003 70599.29438 25851.64806 17501.23752 44121.48588 41528.63635 26325.24238 38243.301680000004 68528.09649 51869.922230000004 62531.10412 47157.88171 15955.235659999998 69566.33998 30570.908649999998 11011.260980000001 40928.53979 69096.82616 74111.41501 29123.81577 25311.10241 48217.69054 72611.38531 16369.31144 52054.77949 57307.41031 30366.208870000002 48203.090339999995 42024.64495 22881.36498 48702.40541000001 49493.77263 41527.696039999995 61188.88718 68382.08382 66999.86864 50533.37174 77727.07184 22168.484510000002 60682.20066 30420.963490000002 62723.64488000001 43023.37144 29015.302320000003 26695.931129999997 23117.65262 41388.43372 46394.41189999999 72273.05756 67974.00104 35227.11046 23349.04388 
