50
3327 c261 d6d7 2583 62e5 1eb1 14ac9 e7e4 da4 10695 1408e dda9 13653 8bd1 da40 139bc 69b7 b4bd ffc3 110d0 132ea 121dd 664e 4434 9cde 4b06 2fbe 6d20 128af 960c a047 eeb6 14760 c933 2c55 51d8 e47b d36e bb8f a3b 11b0b 13d25 d005 14e32 4e6f 10d67 221a 1476 84ff 369
0 4768.86376 8550.81021 5342.99208 4025.9325 1000.10635 7231.71745 2766.40512 3211.02778 3224.72256 4787.37707 3195.48468 2111.68264 6011.76709 8292.40435 6363.79569 2295.23747 2976.03273 5087.21469 5185.95873 7023.0693200000005 8015.50638 3214.13704 10038.79244 1636.81205 5343.45338 8396.68261 9037.50357 1651.98578 3636.47896 8435.01445 2537.5853 6400.56609 5682.46966 5906.42503 6849.49482 6583.46521 6332.23009 5698.123 5331.41195 1545.05526 2003.57756 4581.60062 4493.51568 6723.76555 6925.18426 3206.51418 4857.5649 4707.04083 1407.52838 
4768.86376 0 9997.68932 6265.97996 882.37671 4947.79124 5818.30931 7191.899509999999 5834.994849999999 7597.44735 7240.84796 2568.88701 6693.156169999999 6361.01948 8448.1534 5311.058309999999 5599.514279999999 1962.93006 5099.78299 1325.20989 6044.1498 6062.63987 6066.42292 7418.0949 5737.53864 2549.62061 7665.46942 9230.82018 6417.43475 7082.49469 6665.50543 2554.62517 7862.35197 4401.71757 2141.66537 2145.15872 2412.09166 8333.09828 7318.617249999999 4390.1498 3425.11142 6728.75354 1622.8841400000001 897.73385 4079.07336 7992.37399 5975.58977 2082.37832 7343.5057 3361.42984 
8550.81021 9997.68932 0 3750.34469 10010.88723 7575.75345 5482.23137 7128.00079 5372.54314 6940.72954 3814.6457 10405.9002 7598.5374 3698.70934 2594.8067 5321.74753 6280.62233 9568.29238 4915.127469999999 9062.40421 4831.69994 6237.56752 5353.83598 7763.30542 7112.15242 7886.047559999999 4161.51224 2457.90967 8766.03129 5351.11721 5925.47397 8147.1167000000005 2232.5632100000003 5975.11267 12104.47721 10734.07201 9503.94518 2246.9946 2926.64617 5787.23118 9364.06383 8178.71173 10734.41269 9110.18721 7353.3525 2018.92616 5344.29603 8097.10759 3961.75552 8748.0338 
5342.99208 6265.97996 3750.34469 0 6260.80388 4403.29025 3117.34979 4977.75015 2362.19538 5031.7397 2023.12007 6739.726909999999 5148.11698 836.90536 2952.16602 2435.66538 3349.95823 5865.74219 2107.56986 5410.12412 2493.85086 4095.15633 2595.39564 6194.37649 4278.0113 4334.80688 3365.60512 3694.51149 6075.14465 3327.3684 4187.86849 4441.30095 1606.8921 2653.7963 8362.15337 7196.201070000001 6063.06547 2190.90009 1151.56291 2327.87387 5837.21197 5679.44884 6984.16748 5387.34493 4278.87794 1776.16571 2486.03025 4448.79717 2282.86379 5291.66937 
4025.9325 882.37671 10010.88723 6260.80388 0 4324.23586 6245.61862 6566.71196 5433.952 6994.90377 6995.96236 1687.24819 6014.91962 6470.785339999999 8664.84536 5625.10796 5145.93763 1080.55335 5200.12084 2014.10109 6384.94011 6601.21429 5696.963379999999 8101.64345 5141.40523 3065.04573 8023.52556 9458.03671 5655.65583 6662.78506 7187.37489 2101.04852 7821.47191 4713.46794 2193.98587 3012.13854 3253.89401 8175.4512 7196.23206 4636.18504 2613.51156 6015.74165 740.50743 1329.0481 4677.33416 8021.617 5575.02016 2524.55623 7068.90175 2628.97449 
1000.10635 4947.79124 7575.75345 4403.29025 4324.23586 0 6511.40981 2244.10827 2214.4295 2693.66091 3790.48197 3624.56262 1745.36493 5107.581 7355.20785 5633.86007 1295.13112 3318.20745 4689.91999 5106.54529 6183.53766 7355.0700799999995 2221.92841 9429.9526 833.45109 5019.7045 7546.77312 8097.80174 1938.72807 2722.3016 7725.68814 2834.85936 5407.42454 5035.48266 6378.63414 6938.2171 6452.49046 5332.12374 4698.16913 5437.12473 2210.87161 2318.61436 4970.04932 4497.64121 6244.95542 5944.55557 2236.54878 4604.27077 3716.83091 1796.26518 
7231.71745 5818.30931 5482.23137 3117.34979 6245.61862 6511.40981 0 7755.55949 5057.32558 7903.60851 5139.85757 7400.07953 7751.69771 2389.39798 3129.39478 878.57925 5857.918100000001 6378.29247 2341.35069 4659.78428 691.35703 978.83449 5384.45697 3109.56717 6716.44297 3693.5755200000003 1909.66817 3791.02199 8419.9018 6315.26797 1215.75303 5279.15699 4162.86528 1633.20846 7901.09224 5748.95444 4429.88918 4972.2351 4120.67381 1914.91068 7073.82796 8201.606240000001 6814.5558 5094.292460000001 2062.05683 3749.91065 5245.2144100000005 3952.54771 5397.77263 6502.456 
2766.40512 7191.899509999999 7128.00079 4977.75015 6566.71196 2244.10827 7755.55949 0 2704.13022 459.26442 3445.70496 5739.2342 701.58923 5806.33422 7713.79547 6900.508 2170.57983 5547.02999 5425.76233 7255.21439 7272.98884 8690.96735 2402.55066 10834.92674 1455.57764 6982.9345 8330.9228 8328.09721 1875.81125 1832.54575 8948.21117 4662.92413 5339.34365 6529.28951 8591.61961 9105.69305 8548.38684 4926.27175 4752.7543 6110.9715 4311.46038 1175.90556 7202.04966 6693.95607 7974.35617 6021.4318 2537.18749 6683.34101 3234.38002 3993.54786 
3211.02778 5834.994849999999 5372.54314 2362.19538 5433.952 2214.4295 5057.32558 2704.13022 0 2855.19315 1670.13053 5331.89753 2795.40099 3160.76232 5261.58613 4210.90516 998.05151 4678.57443 2721.63211 5394.89563 4569.20101 6002.1588 366.02907 8148.95304 1931.36554 4768.23182 5686.7257 5957.71476 3728.4989100000003 1470.85529 6245.29197 3337.30925 3194.42218 3920.66574 7626.61261 7318.43171 6535.11155 3148.05918 2487.09522 3892.94918 4111.1169 3375.7062300000002 6166.771989999999 5042.2135 5467.58603 3916.15398 199.35919 4582.13161 1675.80769 3802.4624200000003 
3224.72256 7597.44735 6940.72954 5031.7397 6994.90377 2693.66091 7903.60851 459.26442 2855.19315 0 3362.44476 6194.03118 1152.22235 5868.64506 7678.463449999999 7061.82796 2257.90107 5984.3001 5572.36708 7623.90398 7393.16184 8852.78014 2519.31737 10999.814040000001 1860.20982 7299.22913 8377.08733 8262.66413 2298.32929 1757.51197 9082.37998 5061.65132 5252.45598 6742.57307 9035.0874 9489.36757 8896.30584 4861.63458 4676.70935 6321.44076 4745.58893 1611.6524100000001 7638.39093 7125.920190000001 8228.53307 5951.2854800000005 2679.91963 6983.91234 3130.68421 4437.0679 
4787.37707 7240.84796 3814.6457 2023.12007 6995.96236 3790.48197 5139.85757 3445.70496 1670.13053 3362.44476 0 6991.95253 3830.66454 2860.0254299999997 4329.65897 4428.80045 2496.84068 6307.39729 3089.54164 6679.6472 4513.78035 6118.03091 1576.76271 8213.70135 3299.70997 5831.3864 5177.69552 4900.21937 4966.03688 1616.45759 6199.80886 4927.04284 2042.66142 4483.2627 9189.94823 8578.83192 7597.89826 2379.1991399999997 1330.63476 4350.99394 5778.60103 4410.84375 7735.34908 6446.68151 6129.87924 2588.84072 1610.65731 5894.85346 2917.48663 5198.79584 
3195.48468 2568.88701 10405.9002 6739.726909999999 1687.24819 3624.56262 7400.07953 5739.2342 5331.89753 6194.03118 6991.95253 0 5261.88082 7132.29862 9438.95888 6668.82433 4727.00954 1021.78706 5911.07743 3615.75373 7422.892629999999 7898.84981 5519.86162 9567.73849 4448.23031 4456.83298 9034.8386 10234.59598 4465.37289 6283.0291 8450.03862 2321.36516 8180.17606 5781.98587 2983.90029 4649.53281 4912.11787 8368.57844 7490.61703 5616.3228 1667.8061200000002 5172.612889999999 1872.33062 2969.78422 6089.6255 8508.35633 5420.09593 3876.4181 7001.961 1856.52363 
2111.68264 6693.156169999999 7598.5374 5148.11698 6014.91962 1745.36493 7751.69771 701.58923 2795.40099 1152.22235 3830.66454 5261.88082 0 5956.16331 7993.89538 6881.22389 1901.58486 4973.86154 5418.10306 6845.33214 7364.602 8659.488570000001 2621.2541 10793.61709 2065.46851 6765.06943 8482.12175 8637.8889 1223.82452 2273.79283 8959.96485 4580.22429 5698.76316 6425.05474 7990.1757 8653.58971 8177.666509999999 5366.19789 5048.6803199999995 6015.68473 3652.17743 580.30524 6627.88524 6243.0061399999995 7787.51632 6352.49035 2662.09206 6303.37746 3648.607 3405.35719 
6011.76709 6361.01948 3698.70934 836.90536 6470.785339999999 5107.581 2389.39798 5806.33422 3160.76232 5868.64506 2860.0254299999997 7132.29862 5956.16331 0 2369.6280100000004 2486.74215 4114.16317 6195.41534 1270.6645 5369.25107 1726.78491 3353.80644 3414.26237 5413.58545 5054.23811 4187.33822 2528.69976 3166.1158200000004 6844.74767 4163.64027 3393.07506 4820.74901 1870.61434 2308.84905 8492.207620000001 7042.1138 5869.13322 2631.19207 1988.46827 2090.13542 6358.31655 6476.82808 7169.07306 5465.1405 3827.30668 2428.99549 3297.29581 4407.81534 3074.75049 5730.76949 
8292.40435 8448.1534 2594.8067 2952.16602 8664.84536 7355.20785 3129.39478 7713.79547 5261.58613 7678.463449999999 4329.65897 9438.95888 7993.89538 2369.6280100000004 0 3251.90141 6255.89961 8480.68975 3527.88145 7320.83842 2582.91372 3724.02715 5438.61054 5365.05924 7192.82597 6050.77906 2820.611 796.48781 8984.86186 5920.95148 4285.39465 7131.26775 2593.08055 4091.6156 10574.86691 8766.65263 7468.85886 3234.15591 3003.04098 4144.5308 8691.32589 8540.50117 9333.84413 7599.736269999999 5156.00376 2399.61891 5356.52788 6399.3939 4589.89285 8081.209779999999 
6363.79569 5311.058309999999 5321.74753 2435.66538 5625.10796 5633.86007 878.57925 6900.508 4210.90516 7061.82796 4428.80045 6668.82433 6881.22389 2486.74215 3251.90141 0 4981.72904 5656.03972 2309.29505 4098.40709 759.95724 1791.40425 4559.976909999999 3938.05155 5921.803980000001 2814.99627 2399.54161 4001.77005 7541.32308 5509.24226 2094.33228 4486.92992 3703.99246 911.64731 7395.53149 5523.39098 4239.75308 4468.16719 3512.57799 1086.47594 6258.20397 7325.90606 6240.00788 4413.32446 2559.24989 3423.32168 4393.30117 3230.98656 4678.03274 5675.83543 
2295.23747 5599.514279999999 6280.62233 3349.95823 5145.93763 1295.13112 5857.918100000001 2170.57983 998.05151 2257.90107 2496.84068 4727.00954 1901.58486 4114.16317 6255.89961 4981.72904 0 4246.9678 3516.56741 5448.91896 5567.25252 6769.8802399999995 926.79729 8898.10277 940.07494 5047.47727 6626.56638 6955.49312 2737.20831 1556.01956 7059.62664 3044.88911 4168.0871 4557.27138 7273.06828 7349.10992 6674.66873 4046.2523 3467.21387 4141.99361 3502.88895 2379.61736 5821.24534 5155.182769999999 5989.87782 4744.68463 941.41766 4753.9677 2422.56637 2873.1859 
2976.03273 1962.93006 9568.29238 5865.74219 1080.55335 3318.20745 6378.29247 5547.02999 4678.57443 5984.3001 6307.39729 1021.78706 4973.86154 6195.41534 8480.68975 5656.03972 4246.9678 0 4954.28392 2715.65458 6401.10557 6877.06275 4901.73735 8570.89607 4147.48483 3460.9685 8030.24207 9276.86738 4624.50926 5782.81647 7430.38414 1424.44124 7343.75265 4932.564179999999 3066.69757 4037.53522 4086.16919 7610.63482 6679.0063 4594.53574 1532.95821 4948.62882 1655.2062 1947.99716 5090.57461 7641.9079 4797.12819 3272.43491 6348.27568 1568.50435 
5087.21469 5099.78299 4915.127469999999 2107.56986 5200.12084 4689.91999 2341.35069 5425.76233 2721.63211 5572.36708 3089.54164 5911.07743 5418.10306 1270.6645 3527.88145 2309.29505 3516.56741 4954.28392 0 4153.99723 2412.93656 3280.54321 3070.53946 5427.45545 4400.38301 3036.35103 3319.47386 4323.51855 6139.73166 4036.60799 3543.05923 3608.08035 2883.93551 1397.64774 7221.54312 5901.09137 4756.08845 3498.21064 3259.13277 1819.9201 5234.25 5885.54628 5898.4634 4546.8969 3045.07133 2896.20131 2903.86372 3189.07939 3319.46874 4616.26736 
5185.95873 1325.20989 9062.40421 5410.12412 2014.10109 5106.54529 4659.78428 7255.21439 5394.89563 7623.90398 6679.6472 3615.75373 6845.33214 5369.25107 7320.83842 4098.40709 5448.91896 2715.65458 4153.99723 0 4837.56783 4767.7334900000005 5731.29593 6108.761 5807.78107 1288.69174 6430.92854 8088.50568 6820.44309 6813.74463 5353.82938 2676.0758 7015.72342 3229.22282 3321.7611300000003 1923.54133 2293.05251 7543.44024 6500.70816 3307.47489 4105.12828 7005.98437 2378.11281 767.87793 2755.46018 7043.47805 5577.24683 1461.81953 6823.16755 3862.9952599999997 
7023.0693200000005 6044.1498 4831.69994 2493.85086 6384.94011 6183.53766 691.35703 7272.98884 4569.20101 7393.16184 4513.78035 7422.892629999999 7364.602 1726.78491 2582.91372 759.95724 5567.25252 6401.10557 2412.93656 4837.56783 0 1629.58981 4904.1142199999995 3700.57849 6314.07311 3574.9535100000003 1639.58437 3331.92616 8057.25049 5759.49275 1702.48093 5210.459629999999 3472.79792 1671.5533 8144.10906 6191.86078 4888.41317 4357.97698 3429.31678 1810.00565 6950.77953 7791.58806 6999.96512 5170.64095 2579.43287 3062.30647 4737.43848 3967.00752 4776.71465 6356.85114 
8015.50638 6062.63987 6237.56752 4095.15633 6601.21429 7355.0700799999995 978.83449 8690.96735 6002.1588 8852.78014 6118.03091 7898.84981 8659.488570000001 3353.80644 3724.02715 1791.40425 6769.88024 6877.06275 3280.54321 4767.7334900000005 1629.58981 0 6336.01256 2147.14361 7609.49634 3539.81775 2436.32717 4272.47052 9275.59583 7283.93877 615.64399 5905.67765 5080.9516 2333.16509 8022.98207 5635.46011 4323.70113 5901.34023 5058.85579 2696.18176 7722.82317 9091.15355 7099.26003 5285.05373 2012.27331 4615.80039 6183.96163 4088.41508 6376.30941 7214.301979999999 
3214.13704 6066.42292 5353.83598 2595.39564 5696.963379999999 2221.92841 5384.45697 2402.55066 366.02907 2519.31737 1576.76271 5519.86162 2621.2541 3414.26237 5438.61054 4559.976909999999 926.79729 4901.73735 3070.53946 5731.29593 4904.1142199999995 6336.01256 0 8483.15617 1798.57189 5127.76051 5942.72736 6111.35596 3561.21377 1104.82622 6564.20974 3595.91486 3260.92383 4282.53809 7884.92241 7654.44891 6842.51595 3119.45501 2569.39211 3860.26573 4233.36545 3191.09346 6437.470809999999 5379.450019999999 5832.08497 3862.3863 166.67574 4938.529259999999 1752.82847 3769.7789700000003 
10038.79244 7418.0949 7763.30542 6194.37649 8101.64345 9429.9526 3109.56717 10834.92674 8148.95304 10999.814040000001 8213.70135 9567.73849 10793.61709 5413.58545 5365.05924 3938.05155 8898.10277 8570.89607 5427.45545 6108.761 3700.57849 2147.14361 8483.15617 0 9726.52665 5110.90551 3607.46645 5471.90179 11364.13833 9424.82604 2418.37454 7925.966899999999 7009.8896 4394.46994 9134.977920000001 6399.91172 5238.10706 7842.40466 7086.18869 4816.7423 9592.51292 11208.52447 8472.97132 6778.24807 3584.7845799999996 6453.28586 8331.0593 5691.88531 8475.81899 9154.69067 
1636.81205 5737.53864 7112.15242 4278.0113 5141.40523 833.45109 6716.44297 1455.57764 1931.36554 1860.20982 3299.70997 4448.23031 2065.46851 5054.23811 7192.82597 5921.803980000001 940.07494 4147.48483 4400.38301 5807.78107 6314.07311 7609.49634 1798.57189 9726.52665 0 5716.96509 7566.641320000001 7886.80968 1797.13337 2496.0945 7929.77628 3207.7546 5058.57769 5348.32843 7210.31246 7650.11541 7129.54166 4867.54121 4367.77696 5082.06855 3020.32787 1485.16327 5796.71597 5265.710370000001 6690.81037 5659.630520000001 1850.299 5227.76337 3179.26366 2629.71627 
5343.45338 2549.62061 7886.047559999999 4334.80688 3065.04573 5019.7045 3693.5755200000003 6982.9345 4768.23182 7299.22913 5831.3864 4456.83298 6765.06943 4187.33822 6050.77906 2814.99627 5047.47727 3460.9685 3036.35103 1288.69174 3574.9535100000003 3539.81775 5127.76051 5110.90551 5716.96509 0 5143.16638 6812.20235 6889.65027 6232.58673 4132.93561 2915.9555600000003 5920.01098 2900.38626 4606.7185899999995 2884.4674800000003 1766.87973 6514.28853 5465.82608 2940.60614 4608.25563 6945.33935 3567.95407 1830.4986199999998 1834.32154 5878.74415 4963.73732 581.04701 6008.1656 4169.30572 
8396.68261 7665.46942 4161.51224 3365.60512 8023.52556 7546.77312 1909.66817 8330.9228 5686.7257 8377.08733 5177.69552 9034.8386 8482.12175 2528.69976 2820.611 2399.54161 6626.56638 8030.24207 3319.47386 6430.92854 1639.58437 2436.32717 5942.72736 3607.46645 7566.641320000001 5143.16638 0 2024.12319 9363.77469 6649.43072 1820.68318 6799.16558 3691.80573 3310.05762 9749.32344 7654.61949 6336.24248 4448.94632 3933.73784 3435.8527 8513.624909999999 8998.26788 8631.43795 6798.60404 3958.2103 2970.07393 5825.43542 5587.79566 5443.66934 7906.27888 
9037.50357 9230.82018 2457.90967 3694.51149 9458.03671 8097.80174 3791.02199 8328.09721 5957.71476 8262.66413 4900.21937 10234.59598 8637.8889 3166.11582 796.48781 4001.77005 6955.49312 9276.86738 4323.51855 8088.50568 3331.92616 4272.47052 6111.35596 5471.90179 7886.80968 6812.20235 2024.12319 0 9670.991989999999 6512.1614 3837.72465 7924.99171 3017.61091 4860.74668 11356.82842 9493.47438 8190.814340000001 3642.33576 3729.63757 4887.741 9472.33235 9200.76301 10124.09931 8364.38092 5844.51516 2311.3792 6040.06475 7175.23722 5136.21761 8843.83443 
1651.98578 6417.43475 8766.03129 6075.14465 5655.65583 1938.72807 8419.9018 1875.81125 3728.4989100000003 2298.32929 4966.03688 4465.37289 1223.82452 6844.74767 8984.86186 7541.32308 2737.20831 4624.50926 6139.73166 6820.44309 8057.25049 9275.59583 3561.21377 11364.13833 1797.13337 6889.65027 9363.77469 9670.991989999999 0 3464.04312 9635.6242 4152.30845 6813.65209 6969.8266 7441.39545 8501.46384 8225.68216 6522.96047 6119.90585 6583.56972 3161.2755899999997 707.24 6175.76957 6139.64773 8172.91383 7419.57745 3630.92724 6435.12287 4804.53864 3056.00491 
3636.47896 7082.49469 5351.11721 3327.3684 6662.78506 2722.3016 6315.26797 1832.54575 1470.85529 1757.51197 1616.45759 6283.0291 2273.79283 4163.64027 5920.95148 5509.24226 1556.01956 5782.81647 4036.60799 6813.74463 5759.49275 7283.93877 1104.82622 9424.82604 2496.0945 6232.58673 6649.43072 6512.1614 3464.04312 0 7460.96636 4561.73654 3511.26462 5323.61783 8819.69153 8734.70826 7944.17733 3104.12261 2920.20855 4903.73549 4905.31576 2853.29159 7377.2649 6409.62844 6905.42276 4205.29831 1271.5019599999998 6030.09384 1401.83427 4429.20546 
8435.01445 6665.50543 5925.47397 4187.86849 7187.37489 7725.68814 1215.75303 8948.21117 6245.29197 9082.37998 6199.80886 8450.03862 8959.96485 3393.07506 4285.39465 2094.33228 7059.62664 7430.38414 3543.05923 5353.82938 1702.48093 615.64399 6564.20974 2418.37454 7929.77628 4132.93561 1820.68318 3837.72465 9635.6242 7460.96636 0 6408.82434 4994.05631 2782.10545 8636.07071 6245.0773 4935.85717 5825.34111 5058.53941 3105.40893 8225.969860000001 9414.08467 7698.02046 5877.08211 2626.56585 4463.06428 6418.8714 4672.58968 6463.52545 7662.54466 
2537.5853 2554.62517 8147.1167000000005 4441.30095 2101.04852 2834.85936 5279.15699 4662.92413 3337.30925 5061.65132 4927.04284 2321.36516 4580.22429 4820.74901 7131.26775 4486.92992 3044.88911 1424.44124 3608.08035 2676.0758 5210.459629999999 5905.67765 3595.91486 7925.966899999999 3207.7546 2915.9555600000003 6799.16558 7924.99171 4152.30845 4561.73654 6408.82434 0 6048.19305 3645.94853 4290.50087 4453.62091 4081.7021799999998 6186.19358 5420.28931 3400.45398 1817.14552 4333.14581 2841.55595 2609.69472 4548.3454 6217.46666 3475.03742 2334.90855 4985.91956 1326.09863 
6400.56609 7862.35197 2232.5632100000003 1606.8921 7821.47191 5407.42454 4162.86528 5339.34365 3194.42218 5252.45598 2042.66142 8180.17606 5698.76316 1870.61434 2593.08055 3703.99246 4168.0871 7343.75265 2883.93551 7015.72342 3472.79792 5080.9516 3260.92383 7009.8896 5058.57769 5920.01098 3691.80573 3017.61091 6813.65209 3511.26462 4994.05631 6048.19305 0 4139.5774 9945.7094 8785.02563 7625.76935 1613.6778100000001 712.02666 3864.42057 7151.02693 6272.64743 8551.8504 6988.46359 5695.4634 721.7318 3226.67945 6053.37344 2122.08216 6524.18143 
5682.46966 4401.71757 5975.11267 2653.7963 4713.46794 5035.48266 1633.20846 6529.28951 3920.66574 6742.57307 4483.2627 5781.98587 6425.05474 2308.84905 4091.6156 911.64731 4557.27138 4932.564179999999 1397.64774 3229.22282 1671.5533 2333.16509 4282.53809 4394.46994 5348.32843 2900.38626 3310.05762 4860.74668 6969.8266 5323.61783 2782.10545 3645.94853 4139.5774 0 6504.09609 4766.35303 4045.2794700000004 4844.69639 3802.23284 422.27236 5444.10111 6828.50396 5330.68834 3508.12067 1647.60258 4205.54595 4115.86235 2319.33925 4708.43671 4882.02162 
5906.42503 2141.66537 12104.47721 8362.15337 2193.98587 6378.63414 7901.09224 8591.61961 7626.61261 9035.0874 9189.94823 2983.90029 7990.1757 8492.207620000001 10574.86691 7395.53149 7273.06828 3066.69757 7221.54312 3321.7611300000003 8144.10906 8022.98207 7884.92241 9134.977920000001 7210.31246 4606.7185899999995 9749.32344 11356.82842 7441.39545 8819.69153 8636.07071 4290.50087 9945.7094 6504.09609 0 2887.22546 3896.87086 10337.76677 9341.74221 6518.28807 4369.55222 7904.15149 1460.53903 3027.78229 6011.18555 10103.42907 7765.53829 4185.65567 9262.88762 4598.26701 
6849.49482 2145.15872 10734.07201 7196.201070000001 3012.13854 6938.2171 5748.95444 9105.69305 7318.43171 9489.36757 8578.83192 4649.53281 8653.58971 7042.1138 8766.65263 5523.39098 7349.10992 4037.53522 5901.09137 1923.54133 6191.86078 5635.46011 7654.44891 6399.91172 7650.11541 2884.4674800000003 7654.61949 9493.47438 8501.46384 8734.70826 6245.0773 4453.62091 8785.02563 4766.35303 2887.22546 0 1772.5751 9365.25717 8317.04642 4952.94192 5570.2701400000005 8761.81633 2866.12888 2526.1497 3700.00871 8735.96867 7500.68573 2854.21434 8730.43896 5506.58856 
6583.46521 2412.09166 9503.94518 6063.06547 3253.89401 6452.49046 4429.88918 8548.38684 6535.11155 8896.30584 7597.89826 4912.11787 8177.666509999999 5869.13322 7468.85886 4239.75308 6674.66873 4086.16919 4756.08845 2293.05251 4888.41317 4323.70113 6842.51595 5238.10706 7129.54166 1766.87973 6336.24248 8190.814340000001 8225.68216 7944.17733 4935.85717 4081.7021799999998 7625.76935 4045.2794700000004 3896.87086 1772.5751 0 8251.6529 7205.01454 4029.4656299999997 5509.58801 8367.94798 3406.63944 2159.13669 2397.67689 7525.22915 6730.617050000001 2347.92674 7772.81535 5252.34672 
6332.23009 8333.09828 2246.9946 2190.90009 8175.4512 5332.12374 4972.2351 4926.27175 3148.05918 4861.63458 2379.1991399999997 8368.57844 5366.19789 2631.19207 3234.15591 4468.16719 4046.2523 7610.63482 3498.21064 7543.44024 4357.97698 5901.34023 3119.45501 7842.40466 4867.54121 6514.28853 4448.94632 3642.33576 6522.96047 3104.12261 5825.34111 6186.19358 1613.6778100000001 4844.69639 10337.76677 9365.25717 8251.6529 0 1048.56438 4518.77396 7235.64649 5946.41746 8915.958630000001 7445.26401 6422.29131 1478.87239 3128.23368 6592.00942 2635.41625 6634.52778 
5698.123 7318.617249999999 2926.64617 1151.56291 7196.23206 4698.16913 4120.67381 4752.7543 2487.09522 4676.70935 1330.63476 7490.61703 5048.6803199999995 1988.46827 3003.04098 3512.57799 3467.21387 6679.0063 3259.13277 6500.70816 3429.31678 5058.85579 2569.39211 7086.18869 4367.77696 5465.82608 3933.73784 3729.63757 6119.90585 2920.20855 5058.53941 5420.28931 712.02666 3802.23284 9341.74221 8317.04642 7205.01454 1048.56438 0 3479.28533 6439.00027 5617.36226 7936.73949 6420.8834 5417.52378 1433.75846 2526.6844 5549.201370000001 1586.85187 5821.75071 
5331.41195 4390.1498 5787.23118 2327.87387 4636.18504 5437.12473 1914.91068 6110.9715 3892.94918 6321.44076 4350.99394 5616.3228 6015.68473 2090.13542 4144.5308 1086.47594 4141.99361 4594.53574 1819.9201 3307.47489 1810.00565 2696.18176 3860.26573 4816.7423 5082.06855 2940.60614 3435.8527 4887.741 6583.56972 4903.73549 3105.40893 3400.45398 3864.42057 422.27236 6518.28807 4952.94192 4029.4656299999997 4518.77396 3479.28533 0 5173.01368 6423.64004 5285.582920000001 3699.74861 2039.58463 3783.27359 3693.58999 2359.55913 4610.73766 4601.53502 
1545.05526 3425.11142 9364.06383 5837.21197 2613.51156 2210.87161 7073.82796 4311.46038 4111.1169 4745.58893 5778.60103 1667.8061200000002 3652.17743 6358.31655 8691.32589 6258.20397 3502.88895 1532.95821 5234.25 4105.12828 6950.77953 7722.82317 4233.36545 9592.51292 3020.32787 4608.25563 8513.624909999999 9472.33235 3161.2755899999997 4905.31576 8225.969860000001 1817.14552 7151.02693 5444.10111 4369.55222 5570.2701400000005 5509.58801 7235.64649 6439.00027 5173.01368 0 3534.98326 3085.80118 3480.9553699999997 6145.90792 7560.3374 4173.19305 4080.3017800000002 5756.39761 629.70305 
2003.57756 6728.75354 8178.71173 5679.44884 6015.74165 2318.61436 8201.606240000001 1175.90556 3375.7062300000002 1611.6524100000001 4410.84375 5172.612889999999 580.30524 6476.82808 8540.50117 7325.90606 2379.61736 4948.62882 5885.54628 7005.98437 7791.58806 9091.15355 3191.09346 11208.52447 1485.16327 6945.33935 8998.26788 9200.76301 707.24 2853.29159 9414.08467 4333.14581 6272.64743 6828.50396 7904.15149 8761.81633 8367.94798 5946.41746 5617.36226 6423.64004 3534.98326 0 6584.86464 6365.30805 8127.70991 6932.79559 3197.25332 6532.19171 4228.58672 3386.76716 
4581.60062 1622.8841400000001 10734.41269 6984.16748 740.50743 4970.04932 6814.5558 7202.04966 6166.771989999999 7638.39093 7735.34908 1872.33062 6627.88524 7169.07306 9333.84413 6240.00788 5821.24534 1655.2062 5898.4634 2378.11281 6999.96512 7099.26003 6437.47081 8472.97132 5796.71597 3567.95407 8631.43795 10124.09931 6175.76957 7377.2649 7698.02046 2841.55595 8551.8504 5330.68834 1460.53903 2866.12888 3406.63944 8915.958630000001 7936.73949 5285.582920000001 3085.80118 6584.86464 0 1838.67276 5126.78647 8739.17169 6305.03139 3058.12674 7809.40918 3222.91535 
4493.51568 897.73385 9110.18721 5387.34493 1329.0481 4497.64121 5094.292460000001 6693.95607 5042.2135 7125.920190000001 6446.68151 2969.78422 6243.0061399999995 5465.1405 7599.736269999999 4413.32446 5155.182769999999 1947.99716 4546.8969 767.87793 5170.64095 5285.05373 5379.450019999999 6778.24807 5265.710370000001 1830.4986199999998 6798.60404 8364.38092 6139.64773 6409.62844 5877.08211 2609.69472 6988.46359 3508.12067 3027.78229 2526.1497 2159.13669 7445.26401 6420.8834 3699.74861 3480.9553699999997 6365.30805 1838.67276 0 3400.4744100000003 7094.64014 5212.77428 1357.8175099999999 6564.6263 3124.42178 
6723.76555 4079.07336 7353.3525 4278.87794 4677.33416 6244.95542 2062.05683 7974.35617 5467.58603 8228.53307 6129.87924 6089.6255 7787.51632 3827.30668 5156.00376 2559.24989 5989.87782 5090.57461 3045.07133 2755.46018 2579.43287 2012.27331 5832.08497 3584.7845799999996 6690.81037 1834.32154 3958.2103 5844.51516 8172.91383 6905.42276 2626.56585 4548.3454 5695.4634 1647.60258 6011.18555 3700.00871 2397.67689 6422.29131 5417.52378 2039.58463 6145.90792 8127.70991 5126.78647 3400.4744100000003 0 5456.52849 5666.9452200000005 2213.43685 6356.03929 5706.69359 
6925.18426 7992.37399 2018.92616 1776.16571 8021.617 5944.55557 3749.91065 6021.4318 3916.15398 5951.2854800000005 2588.84072 8508.35633 6352.49035 2428.99549 2399.61891 3423.32168 4744.68463 7641.9079 2896.20131 7043.47805 3062.30647 4615.80039 3862.3863 6453.28586 5659.630520000001 5878.74415 2970.07393 2311.3792 7419.57745 4205.29831 4463.06428 6217.46666 721.7318 4205.54595 10103.42907 8735.96867 7525.22915 1478.87239 1433.75846 3783.27359 7560.3374 6932.79559 8739.17169 7094.64014 5456.52849 0 3809.33152 6085.280699999999 2843.81396 6933.65563 
3206.51418 5975.58977 5344.29603 2486.03025 5575.02016 2236.54878 5245.2144100000005 2537.18749 199.35919 2679.91963 1610.65731 5420.09593 2662.09206 3297.29581 5356.52788 4393.30117 941.41766 4797.12819 2903.86372 5577.24683 4737.43848 6183.96163 166.67574 8331.0593 1850.299 4963.73732 5825.43542 6040.06475 3630.92724 1271.5019599999998 6418.8714 3475.03742 3226.67945 4115.86235 7765.53829 7500.68573 6730.617050000001 3128.23368 2526.6844 3693.58999 4173.19305 3197.25332 6305.03139 5212.77428 5666.9452200000005 3809.33152 0 4771.85352 1586.15273 3603.10323 
4857.5649 2082.37832 8097.10759 4448.79717 2524.55623 4604.27077 3952.54771 6683.34101 4582.13161 6983.91234 5894.85346 3876.4181 6303.37746 4407.81534 6399.3939 3230.98656 4753.9677 3272.43491 3189.07939 1461.81953 3967.00752 4088.41508 4938.529259999999 5691.88531 5227.76337 581.04701 5587.79566 7175.23722 6435.12287 6030.09384 4672.58968 2334.90855 6053.37344 2319.33925 4185.65567 2854.21434 2347.92674 6592.00942 5549.201370000001 2359.55913 4080.3017800000002 6532.19171 3058.12674 1357.8175099999999 2213.43685 6085.280699999999 4771.85352 0 5935.60717 3637.40821 
4707.04083 7343.5057 3961.75552 2282.86379 7068.90175 3716.83091 5397.77263 3234.38002 1675.80769 3130.68421 2917.48663 7001.961 3648.607 3074.75049 4589.89285 4678.03274 2422.56637 6348.27568 3319.46874 6823.16755 4776.71465 6376.30941 1752.82847 8475.81899 3179.26366 6008.1656 5443.66934 5136.21761 4804.53864 1401.83427 6463.52545 4985.91956 2122.08216 4708.43671 9262.88762 8730.43896 7772.81535 2635.41625 1586.85187 4610.73766 5756.39761 4228.58672 7809.40918 6564.6263 6356.03929 2843.81396 1586.15273 5935.60717 0 5189.25209 
1407.52838 3361.42984 8748.0338 5291.66937 2628.97449 1796.26518 6502.456 3993.54786 3802.4624200000003 4437.0679 5198.79584 1856.52363 3405.35719 5730.76949 8081.209779999999 5675.83543 2873.1859 1568.50435 4616.26736 3862.9952599999997 6356.85114 7214.301979999999 3769.7789700000003 9154.69067 2629.71627 4169.30572 7906.27888 8843.83443 3056.00491 4429.20546 7662.54466 1326.09863 6524.18143 4882.02162 4598.26701 5506.58856 5252.34672 6634.52778 5821.75071 4601.53502 629.70305 3386.76716 3222.91535 3124.42178 5706.69359 6933.65563 3603.10323 3637.40821 5189.25209 0 
