24
3c41 1a83 28f9 329d 437c 3506 3eaa c0d 9a4 4d2 1348 45e5 4ab7 56c4 4113 2427 5b96 653a 2690 39d8 67a3 10df 4d20 484e
0 620.24629 446.48118999999997 980.73113 263.95815 435.15446 927.89904 604.69442 763.85453 270.32369 654.93644 421.10071 926.5380500000001 949.28618 954.1401500000001 385.74 499.27714 329.41665 316.92794 573.60026 837.86724 747.79768 593.69811 983.4281699999999 
620.24629 0 728.35178 795.72908 877.87665 570.65713 1074.54611 793.81214 967.08786 671.71112 66.98381 583.62688 1023.49581 778.58827 993.0712599999999 301.70566 395.74052 770.36813 350.33028 160.32364 485.77995 592.00153 63.25532 732.65066 
446.48118999999997 728.35178 0 623.87371 478.63152 201.58177 482.64396 162.92552 343.70315 177.00208 790.0249 149.52235 483.5272 604.79971 512.37125 605.70346 429.54575 418.70861 406.33296 781.05464 654.84885 455.36769 671.53595 682.40327 
980.73113 795.72908 623.87371 0 1090.38643 610.1945 502.96775 538.9889599999999 533.25657 761.58498 857.28742 573.86102 418.70258 409.13759 414.98625 869.20607 506.11141 1010.70673 721.60845 939.64818 356.04395 232.93345 737.9495 127.42128 
263.95815 877.87665 478.63152 1090.38643 0 492.13631 917.47139 634.99728 749.93793 329.45195 916.12065 534.71508 940.02136 1069.79205 981.16102 648.71622 686.83266 379.32939999999996 549.83726 837.5584100000001 1031.2738 891.24572 857.65626 1127.52975 
435.15446 570.65713 201.58177 610.1945 492.13631 0 597.12519 269.93735 450.71497999999997 164.83077 637.64094 52.05942 579.14811 589.37266 588.22005 450.93703 227.96398 402.83625 250.33391 629.54747 555.24184 401.36134 514.93343 637.98746 
927.89904 1074.54611 482.64396 502.96775 917.47139 597.12519 0 328.95544 168.25571 658.25114 1141.52992 553.65245 85.03442 497.82587 165.86086 1029.69308 729.71585 883.03279 836.1042400000001 1174.62278 774.70774 535.4282 1011.38874 624.73744 
604.69442 793.81214 162.92552 538.9889599999999 634.99728 269.93735 328.95544 0 180.77763 339.2099 860.79595 312.44786999999997 321.84363 485.10527 349.44573 713.59746 400.76041 580.67336 520.27126 872.80761 614.25479 382.11676 732.52283 598.2117 
763.85453 967.08786 343.70315 533.25657 749.93793 450.71497999999997 168.25571 180.77763 0 493.57861 1033.24887 411.10185 198.84528 521.70444 279.67172 894.37509 571.53833 714.87094 693.5536400000001 1051.85354 733.70168 543.75534 904.95066 638.90744 
270.32369 671.71112 177.00208 761.58498 329.45195 164.83077 658.25114 339.2099 493.57861 0 725.8699 205.76923 660.52928 741.24707 686.89221 498.92892 382.51887 251.66025 406.34626 692.30871 718.51079 562.59926 623.65717 798.48869 
654.93644 66.98381 790.0249 857.28742 916.12065 637.64094 1141.52992 860.79595 1033.24887 725.8699 0 646.75162 1090.4778000000001 840.36455 1059.80981 271.01878999999997 462.1767 809.53178 403.35416 131.09448 552.75797 657.00888 130.23334 780.42078 
421.10071 583.62688 149.52235 573.86102 534.71508 52.05942 553.65245 312.44786999999997 411.10185 205.76923 646.75162 0 531.96015 539.98939 538.3639 483.59519 280.0234 450.49379 282.45179 649.26311 525.11922 356.83032 525.37342 614.6428000000001 
926.5380500000001 1023.49581 483.5272 418.70258 940.02136 579.14811 85.03442 321.84363 198.84528 660.52928 1090.4778000000001 531.96015 0 414.16298 80.82644 995.98382 657.57474 896.37331 807.8961899999999 1131.20829 700.97391 466.20124 960.24446 546.12386 
949.28618 778.58827 604.79971 409.13759 1069.79205 589.37266 497.82587 485.10527 521.70444 741.24707 840.36455 539.98939 414.16298 0 340.51544 849.13279 485.25777 990.23841 700.65116 921.36555 343.75675 212.092 720.23068 460.43077 
954.1401500000001 993.0712599999999 512.37125 414.98625 981.16102 588.22005 165.86086 349.44573 279.67172 686.89221 1059.80981 538.3639 80.82644 340.51544 0 984.43727 616.00402 930.08841 798.2700199999999 1108.96994 643.36088 417.57878 929.81594 468.24144 
385.74 301.70566 605.70346 869.20607 648.71622 450.93703 1029.69308 713.59746 894.37509 498.92892 271.01878999999997 483.59519 995.98382 849.13279 984.43727 0 388.03874 543.51992 201.26426 194.61598 610.52845 639.69835 238.45034 828.74933 
499.27714 395.74052 429.54575 506.11141 686.83266 227.96398 729.71585 400.76041 571.53833 382.51887 462.1767 280.0234 657.57474 485.25777 616.00402 388.03874 0 586.84423 216.13951 494.45533 344.97448 337.24476 333.41233 490.6298 
329.41665 770.36813 418.70861 1010.70673 379.32939999999996 402.83625 883.03279 580.67336 714.87094 251.66025 809.53178 450.49379 896.37331 990.23841 930.08841 543.51992 586.84423 0 442.28094 734.12806 931.81722 804.19759 764.44929 1040.36132 
316.92794 350.33028 406.33296 721.60845 549.83726 250.33391 836.1042400000001 520.27126 693.5536400000001 406.34626 403.35416 282.45179 807.8961899999999 700.65116 798.2700199999999 201.26426 216.13951 442.28094 0 387.08542 536.4918299999999 488.79052 386.92859 704.79286 
573.60026 160.32364 781.05464 939.64818 837.5584100000001 629.54747 1174.62278 872.80761 1051.85354 692.30871 131.09448 649.26311 1131.20829 921.36555 1108.96994 194.61598 494.45533 734.12806 387.08542 0 627.77416 725.05728 205.64073 874.6653 
837.86724 485.77995 654.84885 356.04395 1031.2738 555.24184 774.70774 614.25479 733.70168 718.51079 552.75797 525.11922 700.97391 343.75675 643.36088 610.52845 344.97448 931.81722 536.4918299999999 627.77416 0 244.43551 422.52463 398.24039 
747.79768 592.00153 455.36769 232.93345 891.24572 401.36134 535.4282 382.11676 543.75534 562.59926 657.00888 356.83032 466.20124 212.092 417.57878 639.69835 337.24476 804.19759 488.79052 725.05728 244.43551 0 530.73797 292.66706 
593.69811 63.25532 671.53595 737.9495 857.65626 514.93343 1011.38874 732.52283 904.95066 623.65717 130.23334 525.37342 960.24446 720.23068 929.81594 238.45034 333.41233 764.44929 386.92859 205.64073 422.52463 530.73797 0 669.39534 
983.4281699999999 732.65066 682.40327 127.42128 1127.52975 637.98746 624.73744 598.2117 638.90744 798.48869 780.42078 614.6428000000001 546.12386 460.43077 468.24144 828.74933 490.6298 1040.36132 704.79286 874.6653 398.24039 292.66706 669.39534 0 
