26
node25 node26 node27 node28 node29 node30 node31 node32 node33 node34 node35 node36 node37 node38 node39 node40 node41 node42 node43 node44 node45 node46 node47 node48 node49 node0
0 11264.15561 7638.08207 8205.28703 4252.43081 11323.29509 7026.31192 5998.50415 6003.10375 8617.848549999999 3477.67409 8242.33158 9896.73055 9084.70583 4570.74628 7408.26685 5363.042460000001 6946.78763 8293.93314 4619.9057 5291.03121 7064.1157299999995 5485.09377 6563.91507 9843.198830000001 2772.81326 
11264.15561 0 6937.90042 6008.72168 9289.77275 1177.91443 7521.31068 11715.65962 5533.09751 7390.02817 10543.0352 4952.17553 2272.58345 4466.60729 6900.89739 7207.83978 9765.14863 7636.07201 3419.1232499999996 7255.96072 6001.26087 8504.63997 5800.45367 5788.84342 3820.35291 10083.52761 
7638.08207 6937.90042 0 929.17874 4406.86732 6503.28309 3472.90809 7959.63925 5103.84353 2278.60143 8242.13347 5738.8369 5618.0549 2471.29313 4796.249519999999 8204.969840000002 6191.87991 3842.8235099999997 4176.96179 6014.89157 3264.35175 3431.33292 4025.83859 2771.25356 6815.7375 7902.570239999999 
8205.28703 6008.72168 929.17874 0 4677.21019 6758.19738 2543.72935 8445.6148 5141.22836 1381.30649 9171.31221 6643.23357 6547.23364 1542.11439 5640.49172 8848.72915 6740.68744 2913.64477 5083.0897 5085.71283 4117.07073 2502.15418 4725.93028 1842.07482 7658.80871 8523.66752 
4252.43081 9289.77275 4406.86732 4677.21019 0 9685.37737 2978.98542 4367.95885 5428.20558 4565.62209 7730.1049 7865.76708 8858.20402 6078.47136 6256.828659999999 9292.394919999999 3320.86339 7318.62889 6164.77086 5947.37167 5853.29091 3536.03889 5107.16184 3555.92698 9562.01901 5834.99383 
11323.29509 1177.91443 6503.28309 6758.19738 9685.37737 0 8130.682 11795.18905 5620.41348 7851.56694 9935.42117 3774.2611 1726.78668 5216.08299 6812.80993 6694.866660000001 9857.808949999999 8072.21126 3520.60651 7571.26348 6160.9216400000005 8838.83996 5840.28446 6728.5368 3104.27517 9934.98853 
7026.31192 7521.31068 3472.90809 2543.72935 2978.98542 8130.682 0 7346.94427 5558.55068 1595.59623 8558.58236 7533.444890000001 7787.17236 4075.97587 6007.8326799999995 9275.838230000001 5797.95632 5439.90914 4923.43133 2968.38625 4496.55497 3572.6616000000004 4974.45342 2199.19104 8755.79017 7956.914569999999 
5998.50415 11715.65962 7959.63925 8445.6148 4367.95885 11795.18905 7346.94427 0 7924.72497 8858.47491 3909.73755 8789.34334 10392.92951 9595.35384 5064.5836 7911.88257 1953.01607 5531.97003 8539.32992 5127.70888 5731.68507 6942.6633 5970.5405599999995 7324.63018 10337.03615 3225.69089 
6003.10375 5533.09751 5103.84353 5141.22836 5428.20558 5620.41348 5558.55068 7924.72497 0 6402.78042 7908.59554 4187.04731 3893.6268 6232.711009999999 4315.680829999999 5257.16474 6051.881080000001 4348.6135 2587.67365 3348.7200199999997 3927.50085 5996.72128 3166.01401 3710.1666299999997 5340.1962 4699.03408 
8617.848549999999 7390.02817 2278.60143 1381.30649 4565.62209 7851.56694 1595.59623 8858.47491 6402.78042 0 9923.66233 8014.95821 7766.85744 2923.4208799999997 6778.13387 10134.85815 7335.9607 4294.95126 6453.0831 4346.52415 5266.856159999999 2069.78993 6028.342999999999 2969.49223 9032.84475 9552.5108 
3477.67409 10543.0352 8242.13347 9171.31221 7730.1049 9935.42117 8558.58236 3909.73755 7908.59554 9923.66233 0 7937.1341600000005 9344.3159 9855.3114 4320.37468 6008.20967 5862.7536199999995 8406.1679 7422.48785 5590.19611 5504.068370000001 8598.07958 4742.58153 7801.4323 7628.55154 5752.60706 
8242.33158 4952.17553 5738.8369 6643.23357 7865.76708 3774.2611 7533.444890000001 8789.34334 4187.04731 8014.95821 7937.1341600000005 0 4712.45141 6982.93702 3724.75974 3017.57475 6915.08725 6634.44998 3022.90747 5635.17365 3956.03947 8115.37064 3194.55263 5334.25385 5758.02319 6401.96386 
9896.73055 2272.58345 5618.0549 6547.23364 8858.20402 1726.78668 7787.17236 10392.92951 3893.6268 7766.85744 9344.3159 4712.45141 0 5302.95969 5328.34591 4968.07998 8523.636700000001 7269.51501 3597.64962 6539.18348 5109.073109999999 8504.75085 4799.4551 5757.66015 3788.6304 8316.78786 
9084.70583 4466.60729 2471.29313 1542.11439 6078.4713600000005 5216.08299 4075.97587 9595.35384 6232.71101 2923.4208799999997 9855.3114 6982.93702 5302.95969 0 6331.186019999999 8517.13841 7642.33777 4140.72757 5214.80563 4467.64496 4819.90831 4038.03268 5581.39515 2522.54438 6714.94034 9050.87291 
4570.74628 6900.89739 4796.249519999999 5640.49172 6256.82866 6812.80993 6007.8326799999995 5064.5836 4315.680829999999 6778.13387 4320.37468 3724.75974 5328.34591 6331.186019999999 0 5674.10542 3195.29079 4813.253189999999 3884.83004 3849.15221 1531.89777 6421.58098 1149.66682 3808.64164 5272.45255 3337.49024 
7408.26685 7207.83978 8204.969840000002 8848.72915 9292.394919999999 6694.866660000001 9275.838230000001 7911.88257 5257.16474 10134.85815 6008.20967 3017.57475 4968.07998 8517.13841 5674.10542 0 7469.98482 7897.48772 5726.2985100000005 7000.8702 5052.18353 9897.14703 5813.67037 7349.54746 3743.35864 4879.75562 
5363.042460000001 9765.14863 6191.87991 6740.68744 3320.86339 9857.808949999999 5797.95632 1953.01607 6051.88108 7335.9607 5862.7536199999995 6915.08725 8523.6367 7642.33777 3195.29079 7469.98482 0 3997.7655 6917.62043 3174.69281 3780.80832 5789.15949 4017.52449 5809.04758 8467.74334 2590.2292 
6946.78763 7636.07201 3842.8235099999997 2913.64477 7318.62889 8072.21126 5439.90914 5531.97003 4348.6135 4294.95126 8406.1679 6634.44998 7269.51501 4140.72757 4813.253189999999 7897.48772 3997.7655 0 5394.5766 4683.80883 4425.0732100000005 3877.09342 3663.58637 4755.71959 8057.87696 6146.78052 
8293.93314 3419.1232499999996 4176.96179 5083.0897 6164.77086 3520.60651 4923.43133 8539.32992 2587.67365 6453.0831 7422.48785 3022.90747 3597.64962 5214.80563 3884.83004 5726.2985100000005 6917.62043 5394.5766 0 4050.65697 3661.58278 6639.41778 2900.09594 3858.30099 3925.85228 7222.32028 
4619.9057 7255.96072 6014.891570000001 5085.71283 5947.37167 7571.26348 2968.38625 5127.70888 3348.7200199999997 4346.52415 5590.19611 5635.17365 6539.18348 4467.64496 3849.1522099999997 7000.8702 3174.69281 4683.80883 4050.65697 0 3460.97223 4807.87575 2699.48539 3243.63801 7105.88793 5764.92201 
5291.03121 6001.26087 3264.35175 4117.07073 5853.290910000001 6160.9216400000005 4496.55497 5731.68507 3927.50085 5266.856159999999 5504.068370000001 3956.03947 5109.073109999999 4819.90831 1531.89777 5052.18353 3780.80832 4425.0732100000005 3661.58278 3460.9722300000003 0 5078.48072 761.48684 2297.36393 6376.60678 4695.50998 
7064.1157299999995 8504.63997 3431.33292 2502.15418 3536.03889 8838.83996 3572.6616000000004 6942.6633 5996.72128 2069.78993 8598.07958 8115.37064 8504.75085 4038.03268 6421.58098 9897.14703 5789.15949 3877.09342 6639.41778 4807.87575 5078.48072 0 5363.34424 2781.11679 9353.44017 7995.39848 
5485.09377 5800.45367 4025.83859 4725.93028 5107.16184 5840.28446 4974.45342 5970.5405599999995 3166.01401 6028.343 4742.58153 3194.55263 4799.4551 5581.39515 1149.66682 5813.67037 4017.52449 3663.58637 2900.09594 2699.48539 761.48684 5363.34424 0 3058.85077 5615.1199400000005 4483.70006 
6563.91507 5788.84342 2771.25356 1842.07482 3555.92698 6728.5368 2199.19104 7324.63018 3710.1666299999997 2969.49223 7801.4323 5334.25385 5757.66015 2522.54438 3808.64164 7349.54746 5809.04758 4755.71959 3858.30099 3243.63801 2297.36393 2781.11679 3058.85077 0 6572.32338 6712.73271 
9843.198830000001 3820.35291 6815.7375 7658.80871 9562.01901 3104.27517 8755.79017 10337.03615 5340.1962 9032.84475 7628.55154 5758.02319 3788.6304 6714.94034 5272.45255 3743.35864 8467.74334 8057.87696 3925.85228 7105.88793 6376.60678 9353.44017 5615.1199400000005 6572.32338 0 7834.811229999999 
2772.81326 10083.52761 7902.570239999999 8523.66752 5834.99383 9934.98853 7956.914569999999 3225.69089 4699.03408 9552.5108 5752.60706 6401.96386 8316.78786 9050.87291 3337.49024 4879.75562 2590.2292 6146.78052 7222.32028 5764.92201 4695.50998 7995.39848 4483.70006 6712.73271 7834.811229999999 0 
