51
6 72 65 24 75 60 23 42 44 63 3 57 11 53 33 68 38 4 66 29 59 28 50 61 27 47 36 45 37 30 71 20 8 19 40 5 55 22 41 2 64 25 26 14 7 34 77 51 67 56 73
0 6.51305 7.90698 4.12579 5.7074 5.988770000000001 4.97838 4.20154 4.01737 5.48902 2.7594000000000003 6.02649 3.00261 5.1129999999999995 4.85316 5.87191 4.98672 3.5465299999999997 5.40778 4.758699999999999 5.39312 4.02745 5.87473 5.49521 4.8141 6.36501 4.44381 6.0967 4.36363 4.75472 6.00294 4.0062 2.93195 4.07091 4.83625 3.0481 5.7601 4.19294 4.1453 1.55087 6.05169 4.78682 4.22063 4.3537099999999995 2.71027 4.98956 6.7093799999999995 5.665039999999999 6.10034 5.18769 6.76896 
6.51305 0 4.440910000000001 4.6336200000000005 4.51818 6.45416 4.41211 4.22781 4.12355 3.29864 5.50464 5.238020000000001 3.51044 3.81029 5.36099 3.0040500000000003 2.56259 5.16997 3.4725 5.2665299999999995 4.25989 4.53528 5.2289200000000005 5.6147 5.32193 5.45254 4.5633 5.67798 3.17441 5.26255 2.53687 4.3745899999999995 6.34326 3.2824400000000002 2.6677 6.45941 6.07177 4.65833 3.21684 4.96218 2.58562 5.29465 3.98227 4.86154 6.12158 1.52349 4.27466 5.246320000000001 3.26927 4.399220000000001 1.01554 
7.90698 4.44091 0 6.02755 5.91211 7.848090000000001 5.80604 5.62174 5.517480000000001 4.69257 6.89857 6.631950000000001 4.90437 5.20422 6.75492 4.3979800000000004 3.95652 6.5639 4.866429999999999 6.6604600000000005 5.65382 5.92921 6.62285 7.00863 6.71586 6.84647 5.95723 7.071910000000001 4.56834 6.65648 3.9307999999999996 5.7685200000000005 7.73719 4.67637 4.06163 7.85334 7.4657 6.05226 4.61077 6.35611 1.85529 6.68858 5.376200000000001 6.25547 7.51551 2.91742 5.66859 6.64025 4.6632 5.793150000000001 4.69682 
4.12579 4.63362 6.02755 0 3.8279699999999997 4.1093399999999995 2.65283 2.3221100000000003 2.1379400000000004 3.60959 3.11738 4.147060000000001 1.12318 3.2335700000000003 2.9737299999999998 3.99248 3.10729 2.78271 3.5283499999999997 2.87927 3.51369 2.14802 2.62045 3.61578 2.93467 3.11073 2.56438 2.8424199999999997 2.4842 2.87529 4.12351 2.12677 3.9560000000000004 2.1914800000000003 2.95682 4.072150000000001 3.8806700000000003 2.31351 2.26587 2.57492 4.17226 2.9073900000000004 2.3412 2.4742800000000003 3.7343200000000003 3.11013 4.82995 2.41076 4.22091 3.3082600000000006 4.88953 
5.7074 4.51818 5.91211 3.82797 0 5.690950000000001 4.68056 3.7181999999999995 3.70578 3.25446 4.69899 5.27002 2.70479 2.34657 4.55534 2.85205 2.5838599999999996 4.36432 2.38792 4.4608799999999995 2.4292499999999997 3.7296300000000002 3.39828 3.78406 4.51628 3.6219 2.73266 3.9525900000000003 1.34377 4.4569 3.79818 2.5439499999999997 5.53761 3.31444 3.48916 5.65376 3.18296 3.8951200000000004 3.84748 4.15653 4.05682 4.489 3.92281 4.05589 5.31593 2.99469 3.68952 3.84471 3.49787 2.71284 4.77409 
5.98877 6.45416 7.84809 4.1093399999999995 5.69095 0 4.96193 4.18509 4.00092 5.472569999999999 4.98036 6.01004 2.98616 5.09655 2.98787 5.85546 4.9457699999999996 4.64569 5.39133 4.74225 5.37667 4.011 5.85828 5.47876 4.79765 6.34856 4.42736 6.0802499999999995 4.34718 4.73827 5.94405 3.98975 5.81898 4.05446 4.8198 5.93513 5.74365 1.79583 4.12885 4.4379 5.9928 4.77037 4.20418 4.33726 5.5973 4.93067 6.69293 5.64859 6.05939 5.17124 6.71007 
4.97838 4.41211 5.80604 2.65283 4.68056 4.961930000000001 0 3.17266 2.64824 4.46218 3.96997 4.52369 1.97577 3.6102 3.82632 3.94428 2.90372 3.6353 3.9486999999999997 1.14759 4.36628 1.99221 2.4565200000000003 4.46837 1.6166 2.9468 3.41697 2.67849 3.3367899999999997 1.2934 3.902 2.97936 4.80859 2.56811 3.32576 4.92474 4.7332600000000005 3.1661 2.89644 3.42751 3.95075 3.75998 2.50696 3.32687 4.58691 2.88862 5.497059999999999 2.24683 4.01734 3.68489 4.66802 
4.20154 4.22781 5.62174 2.3221100000000003 3.7181999999999995 4.185090000000001 3.17266 0 2.21369 3.2210599999999996 3.19313 3.8944 1.19893 1.37163 3.04948 2.91199 1.87143 2.85846 2.91641 2.95502 3.45991 2.22377 4.07105 3.69153 3.01042 4.56133 2.64013 4.29302 2.37443 2.95104 3.27789 2.20252 4.03175 1.93882 1.56011 4.1479 3.23329 2.38926 1.62288 2.65067 3.76645 2.98314 2.41695 2.55003 3.8100699999999996 2.70432 4.02662 3.86136 2.98505 3.0556 4.48372 
4.01737 4.12355 5.51748 2.1379400000000004 3.70578 4.000920000000001 2.64824 2.21369 0 3.50117 3.00896 4.03864 1.01476 3.12515 2.86531 3.6557199999999996 2.61516 2.67429 3.40616 2.7708500000000003 2.54875 2.0396 3.3246499999999997 3.47462 2.82625 3.5482699999999996 2.4232199999999997 3.8789599999999997 2.3620099999999997 2.76687 3.6134399999999998 1.16183 3.84758 2.08306 2.8484 3.96373 3.6523899999999996 2.20509 2.15745 2.4665 3.66219 2.79897 2.2184 2.36586 3.6258999999999997 2.60006 4.7077599999999995 3.48245 3.72878 3.19984 4.37946 
5.48902 3.29864 4.69257 3.6095900000000003 3.25446 5.472570000000001 4.46218 3.2210599999999996 3.50117 0 4.48061 4.8471 2.4864100000000002 1.84943 4.33696 1.68339 1.88479 4.14594 1.40543 4.2425 2.99617 3.5112500000000004 3.9652 4.35098 4.2979 4.18882 3.2995799999999997 4.51951 1.91069 4.23852 1.02247 3.1108700000000002 5.31923 2.89152 2.91936 5.43538 5.05669 3.6767400000000006 3.4684999999999997 3.9381500000000003 2.83728 4.27062 3.7044300000000003 3.83751 5.09755 1.77515 2.79692 4.41163 1.39112 3.27976 3.55455 
2.7594000000000003 5.50464 6.89857 3.11738 4.69899 4.98036 3.96997 3.19313 3.00896 4.4806099999999995 0 5.01808 1.9942 4.10459 3.84475 4.8635 3.97831 1.27465 4.39937 3.7502899999999997 4.38471 3.01904 4.86632 4.4868 3.8056900000000002 5.3566 3.4354 5.088290000000001 3.35522 3.7463100000000003 4.99453 2.99779 2.5896100000000004 3.0625 3.82784 2.70576 4.75169 3.18453 3.13689 1.20853 5.04328 3.77841 3.2122200000000003 3.3453 2.3679300000000003 3.98115 5.70097 4.65663 5.09193 4.17928 5.76055 
6.02649 5.23802 6.63195 4.14706 5.27002 6.01004 4.52369 3.8944 4.03864 4.8471 5.01808 0 3.02388 2.9976700000000003 4.87443 5.19509 4.753629999999999 4.68341 4.9704 4.7799700000000005 4.8395 4.04872 4.49131 4.51774 4.83537 4.981590000000001 4.46508 4.71328 3.92625 4.77599 4.72791 3.45258 5.8567 1.95558 3.85408 5.97285 5.0348500000000005 4.2142100000000005 3.17857 4.47562 4.77666 4.80809 4.2419 4.37498 5.63502 3.71453 5.65266 4.28162 5.46031 3.07236 5.49393 
3.00261 3.51044 4.90437 1.12318 2.70479 2.98616 1.97577 1.19893 1.01476 2.4864100000000002 1.9942 3.02388 0 2.1103899999999998 1.85055 2.8693 1.98411 1.65953 2.40517 1.75609 2.39051 1.02484 2.87212 2.4926 1.81149 3.3624 1.4412 3.09409 1.36102 1.75211 3.00033 1.00359 2.83282 1.0683 1.83364 2.94897 2.7574899999999998 1.19033 1.14269 1.45174 3.04908 1.78421 1.21802 1.3511 2.61114 1.98695 3.7067699999999997 2.66243 3.0977300000000003 2.18508 3.76635 
5.1129999999999995 3.81029 5.20422 3.23357 2.34657 5.096550000000001 3.6102000000000003 1.37163 3.1251499999999997 1.84943 4.10459 2.9976700000000003 2.1103899999999998 0 3.96094 2.49229 2.24289 3.76992 2.04695 3.8664799999999997 2.08828 3.13523 3.0573099999999998 3.4430899999999998 3.92188 3.2809299999999997 2.3916899999999996 3.61162 1.0028 3.8625 2.8719 2.20298 4.94321 1.04209 1.14259 5.05936 3.5410399999999997 3.30072 1.86909 3.56213 3.34893 3.8945999999999996 3.32841 3.4614899999999995 4.72153 2.2868 2.65499 3.3681300000000003 3.1569 2.1588700000000003 4.0662 
4.85316 5.36099 6.75492 2.9737299999999998 4.55534 2.98787 3.82632 3.04948 2.86531 4.3369599999999995 3.84475 4.87443 1.85055 3.96094 0 4.71985 3.83466 3.51008 4.25572 3.6066399999999996 4.24106 2.87539 4.72267 4.34315 3.66204 5.21295 3.29175 4.94464 3.21157 3.60266 4.85088 2.85414 4.68337 2.91885 3.68419 4.79952 4.60804 1.19204 2.99324 3.30229 4.89963 3.63476 3.0685700000000002 3.20165 4.46169 3.8375 5.55732 4.512980000000001 4.9482800000000005 4.03563 5.6169 
5.87191 3.0040500000000003 4.3979800000000004 3.99248 2.85205 5.855460000000001 3.94428 2.91199 3.65572 1.68339 4.8635 5.19509 2.8693 2.49229 4.71985 0 1.04056 4.52883 1.40523 4.6253899999999994 2.59376 3.89414 3.56279 3.94857 4.68079 3.78641 2.89717 4.117100000000001 1.50828 4.62141 1.23065 2.70846 5.70212 3.23951 2.62477 5.81827 4.65428 4.05963 3.1739100000000002 4.32104 2.5426900000000003 4.65351 3.51444 4.2204 5.48044 1.48056 2.2612 4.00922 1.25747 2.87735 3.2599600000000004 
4.98672 2.56259 3.9565200000000003 3.10729 2.5838599999999996 4.9457699999999996 2.90372 1.87143 2.61516 1.88479 3.97831 4.75363 1.98411 2.24289 3.83466 1.04056 0 3.64364 1.04498 3.7401999999999997 2.32557 3.00895 3.2946 3.6803799999999995 3.7956000000000003 3.51822 2.62898 3.84891 1.24009 3.7362200000000003 1.40646 2.44027 4.81693 2.79805 2.1833099999999996 4.93308 4.38609 3.14994 2.73245 3.4358500000000003 2.10123 3.76832 2.47388 3.33521 4.59525 1.0391 2.59334 3.73793 1.11362 2.60916 2.8185000000000002 
3.5465299999999997 5.16997 6.5639 2.78271 4.36432 4.64569 3.6353 2.85846 2.67429 4.1459399999999995 1.27465 4.68341 1.65953 3.76992 3.51008 4.52883 3.64364 0 4.0647 3.4156199999999997 4.05004 2.68437 4.53165 4.15213 3.47102 5.02193 3.10073 4.75362 3.02055 3.4116400000000002 4.65986 2.66312 3.37674 2.72783 3.49317 3.49289 4.41702 2.84986 2.80222 1.99566 4.70861 3.44374 2.8775500000000003 3.01063 3.1550599999999998 3.64648 5.3663 4.321960000000001 4.7572600000000005 3.8446100000000003 5.42588 
5.40778 3.4725 4.86643 3.52835 2.38792 5.39133 3.9486999999999997 2.91641 3.40616 1.40543 4.39937 4.9704 2.40517 2.04695 4.25572 1.40523 1.04498 4.0647 0 4.16126 2.1296299999999997 3.4300100000000002 3.09866 3.48444 4.21666 3.32228 2.43304 3.6529700000000003 1.04415 4.15728 1.41026 2.2443299999999997 5.23799 3.01482 3.0932199999999996 5.35414 4.19015 3.5955000000000004 3.54786 3.85691 3.01114 4.18938 3.5188599999999997 3.7562699999999998 5.01631 1.94901 2.35067 3.54509 1.10995 2.41322 3.7284100000000002 
4.7587 5.2665299999999995 6.66046 2.87927 4.4608799999999995 4.74225 1.14759 2.95502 2.7708500000000003 4.2425 3.7502899999999997 4.7799700000000005 1.75609 3.86648 3.6066399999999996 4.6253899999999994 3.7401999999999997 3.4156199999999997 4.1612599999999995 0 4.146599999999999 1.20607 3.6041100000000004 4.24869 1.8075 4.094390000000001 3.1972899999999997 3.82608 3.11711 1.44995 4.756419999999999 2.75968 4.58891 2.82439 3.58973 4.70506 4.51358 2.94642 2.89878 3.20783 4.8051699999999995 3.5403000000000002 2.97411 3.10719 4.36723 3.7430399999999997 5.462859999999999 3.39442 4.85382 3.9411700000000005 5.52244 
5.39312 4.2598899999999995 5.65382 3.51369 2.4292499999999997 5.376670000000001 4.36628 3.45991 2.54875 2.99617 4.38471 4.8395 2.39051 2.08828 4.24106 2.59376 2.32557 4.05004 2.1296299999999997 4.146599999999999 0 3.41535 3.13999 2.06114 4.202 3.36361 1.00974 3.6943 1.08548 4.14262 3.5398899999999998 1.38692 5.22333 2.88392 3.2308700000000004 5.33948 2.51196 3.5808400000000002 3.5332 3.84225 3.7985299999999995 4.17472 3.60853 3.7416099999999997 5.00165 2.7363999999999997 3.4312300000000002 3.5864200000000004 3.2395799999999997 2.4545500000000002 4.5158 
4.02745 4.53528 5.92921 2.14802 3.7296300000000002 4.011 1.99221 2.22377 2.0396 3.5112499999999995 3.01904 4.04872 1.02484 3.13523 2.87539 3.89414 3.00895 2.68437 3.4300100000000002 1.20607 3.41535 0 3.89696 3.5174399999999997 1.80515 4.38724 2.46604 4.118930000000001 2.38586 1.9396 4.02517 2.02843 3.85766 2.09314 2.85848 3.9738100000000003 3.78233 2.21517 2.16753 2.4765800000000002 4.07392 2.80905 2.2428600000000003 2.37594 3.63598 3.01179 4.73161 3.6872700000000003 4.12257 3.2099200000000003 4.79119 
5.87473 5.22892 6.62285 2.62045 3.3982799999999997 5.858280000000001 2.4565200000000003 4.07105 3.32465 3.9652000000000003 4.86632 4.49131 2.87212 3.05731 4.72267 3.56279 3.2946 4.53165 3.0986599999999997 3.6041100000000004 3.13999 3.89696 0 4.47561 4.07312 1.63578 3.42421 1.66214 2.05451 3.7499200000000004 4.50892 2.16282 5.70494 2.53573 4.1999 5.82109 4.65338 4.06245 3.7587200000000003 4.32386 4.76756 4.65633 3.5508599999999997 4.2232199999999995 5.48326 3.70543 4.40026 1.56567 4.20861 3.4235800000000003 5.48483 
5.49521 5.6147 7.00863 3.61578 3.78406 5.478759999999999 4.46837 3.69153 3.47462 4.35098 4.4868 4.517740000000001 2.4926 3.4430899999999998 4.34315 3.94857 3.68038 4.15213 3.48444 4.24869 2.06114 3.5174399999999997 4.47561 0 4.30409 4.69923 1.0514 5.02992 2.44029 4.2447099999999995 4.8947 2.3127899999999997 5.32542 2.5621600000000004 4.32624 5.4415700000000005 4.08764 3.68293 3.63529 3.94434 5.15334 4.27681 3.71062 3.8437 5.10374 4.09121 4.78604 4.888200000000001 4.594390000000001 1.44538 5.87061 
4.8141 5.32193 6.71586 2.93467 4.51628 4.797650000000001 1.6166 3.01042 2.82625 4.2979 3.8056900000000002 4.83537 1.81149 3.92188 3.66204 4.68079 3.7956000000000003 3.47102 4.21666 1.8075 4.202 1.80515 4.07312 4.30409 0 4.5634 3.2526900000000003 4.29509 3.17251 1.94411 4.81182 2.81508 4.64431 2.87979 3.64513 4.76046 4.56898 3.0018200000000004 2.95418 3.26323 4.86057 3.5957 3.02951 3.16259 4.42263 3.7984400000000003 5.51826 3.86343 4.90922 3.99657 5.57784 
6.36501 5.45254 6.84647 3.11073 3.6219 6.348560000000001 2.9468 4.56133 3.5482699999999996 4.18882 5.3566 4.981590000000001 3.3624 3.2809299999999997 5.21295 3.78641 3.51822 5.02193 3.32228 4.094390000000001 3.36361 4.38724 1.63578 4.69923 4.5634 0 3.64783 1.75745 2.27813 4.2402 4.73254 2.38644 6.19522 3.0260100000000003 4.42352 6.31137 4.877 4.55273 4.2490000000000006 4.81414 4.99118 5.14661 4.04114 4.7135 5.97354 3.92905 4.62388 1.9694 4.432230000000001 3.6471999999999998 5.70845 
4.44381 4.5633 5.95723 2.56438 2.73266 4.42736 3.41697 2.64013 2.4232199999999997 3.2995799999999997 3.4354 4.46508 1.4412 2.3916899999999996 3.29175 2.89717 2.62898 3.10073 2.43304 3.1972899999999997 1.00974 2.46604 3.42421 1.0514 3.2526900000000003 3.64783 0 3.97852 1.38889 3.1933100000000003 3.8433 1.26139 4.27402 2.5095 3.27484 4.39017 3.0362400000000003 2.63153 2.5838900000000002 2.8929400000000003 4.10194 3.22541 2.6592200000000004 2.7923 4.05234 3.03981 3.7346399999999997 3.87064 3.54299 2.49678 4.81921 
6.0967 5.67798 7.07191 2.8424199999999997 3.95259 6.0802499999999995 2.67849 4.29302 3.87896 4.51951 5.08829 4.71328 3.09409 3.6116200000000003 4.94464 4.117100000000001 3.84891 4.75362 3.65297 3.82608 3.6943 4.11893 1.66214 5.02992 4.29509 1.75745 3.97852 0 2.60882 3.97189 5.06323 2.71713 5.92691 2.7577 4.59163 6.0430600000000005 5.13156 4.28442 3.98069 4.5458300000000005 5.21662 4.8783 3.77283 4.44519 5.70523 4.15449 4.95457 1.36182 4.762919999999999 3.87448 5.93389 
4.36363 3.17441 4.56834 2.4842 1.34377 4.34718 3.3367899999999997 2.37443 2.3620099999999997 1.91069 3.35522 3.92625 1.36102 1.0028 3.21157 1.50828 1.24009 3.02055 1.04415 3.11711 1.08548 2.38586 2.05451 2.44029 3.17251 2.27813 1.38889 2.60882 0 3.11313 2.45441 1.20018 4.19384 1.97067 2.14539 4.30999 3.146 2.5513500000000002 2.50371 2.81276 2.71305 3.1452299999999997 2.57904 2.7121199999999996 3.9721599999999997 1.65092 2.34575 2.50094 2.1540999999999997 1.36907 3.43032 
4.75472 5.26255 6.65648 2.87529 4.4569 4.73827 1.2934 2.95104 2.76687 4.23852 3.7463100000000003 4.77599 1.75211 3.8625 3.60266 4.62141 3.7362200000000003 3.4116400000000002 4.15728 1.44995 4.14262 1.9396 3.7499200000000004 4.24471 1.94411 4.2402 3.1933100000000003 3.97189 3.11313 0 4.75244 2.7557 4.58493 2.82041 3.58575 4.70108 4.5096 2.9424400000000004 2.8948 3.20385 4.80119 3.53632 2.97013 3.10321 4.36325 3.7390600000000003 5.45888 3.54023 4.84984 3.93719 5.51846 
6.00294 2.53687 3.9308 4.12351 3.7981800000000003 5.944050000000001 3.902 3.27789 3.61344 1.02247 4.99453 4.7279100000000005 3.00033 2.8719 4.85088 1.23065 1.40646 4.65986 1.41026 4.75642 3.53989 4.02517 4.50892 4.8947 4.81182 4.73254 3.8433 5.063230000000001 2.45441 4.75244 0 3.6545900000000002 5.83315 2.77233 2.15759 5.9493 5.56166 4.14822 2.70673 4.45207 2.07551 4.78454 3.47216 4.35143 5.61147 1.01338 3.4918500000000003 4.73621 1.73735 3.82348 2.79278 
4.0062 4.3745899999999995 5.76852 2.12677 2.5439499999999997 3.9897500000000004 2.97936 2.20252 1.16183 3.1108700000000002 2.99779 3.45258 1.00359 2.20298 2.85414 2.70846 2.44027 2.66312 2.2443299999999997 2.75968 1.38692 2.02843 2.16282 2.3127899999999997 2.81508 2.38644 1.26139 2.71713 1.20018 2.7557 3.65459 0 3.83641 1.497 2.83723 3.95256 2.49056 2.1939200000000003 2.14628 2.45533 3.9132299999999995 2.7878 2.22161 2.3546899999999997 3.6147299999999998 2.8510999999999997 3.5459300000000002 2.6092500000000003 3.3542799999999997 2.5692500000000003 4.6305 
2.93195 6.34326 7.73719 3.956 5.53761 5.81898 4.80859 4.03175 3.84758 5.319229999999999 2.5896100000000004 5.8567 2.83282 4.94321 4.68337 5.70212 4.81693 3.37674 5.23799 4.58891 5.22333 3.85766 5.70494 5.32542 4.64431 6.19522 4.27402 5.9269099999999995 4.19384 4.58493 5.83315 3.83641 0 3.9011199999999997 4.66646 2.87831 5.59031 4.02315 3.97551 1.38108 5.8819 4.61703 4.05084 4.18392 2.54048 4.81977 6.53959 5.49525 5.93055 5.0179 6.59917 
4.07091 3.2824400000000002 4.67637 2.1914800000000003 3.31444 4.054460000000001 2.56811 1.93882 2.08306 2.89152 3.0625 1.95558 1.0683 1.04209 2.91885 3.23951 2.79805 2.72783 3.01482 2.82439 2.88392 2.09314 2.53573 2.5621600000000004 2.87979 3.0260100000000003 2.5095 2.7577 1.97067 2.82041 2.77233 1.497 3.9011199999999997 0 1.8985 4.01727 3.07927 2.25863 1.22299 2.52004 2.8210800000000003 2.85251 2.28632 2.4194 3.6794399999999996 1.75895 3.6970799999999997 2.32604 3.5047300000000003 1.11678 3.5383500000000003 
4.83625 2.6677 4.06163 2.95682 3.48916 4.819800000000001 3.32576 1.56011 2.8484 2.91936 3.82784 3.85408 1.83364 1.14259 3.68419 2.62477 2.1833099999999996 3.49317 3.0932199999999996 3.58973 3.23087 2.85848 4.1998999999999995 4.32624 3.64513 4.42352 3.27484 4.59163 2.14539 3.58575 2.15759 2.83723 4.66646 1.8985 0 4.78261 3.40407 3.0239700000000003 1.90887 3.28538 2.20634 3.61785 2.89592 3.1847399999999997 4.44478 1.14421 3.79758 4.1599699999999995 2.88999 3.01528 2.92361 
3.0481 6.45941 7.85334 4.072150000000001 5.65376 5.935130000000001 4.92474 4.1479 3.96373 5.43538 2.70576 5.97285 2.94897 5.05936 4.79952 5.81827 4.93308 3.49289 5.35414 4.70506 5.33948 3.9738100000000003 5.82109 5.4415700000000005 4.76046 6.31137 4.39017 6.0430600000000005 4.30999 4.70108 5.9493 3.95256 2.87831 4.01727 4.78261 0 5.70646 4.1393 4.09166 1.49723 5.99805 4.73318 4.16699 4.30007 2.65663 4.93592 6.65574 5.6114 6.0467 5.13405 6.71532 
5.7600999999999996 6.07177 7.4657 3.88067 3.18296 5.743650000000001 4.73326 3.23329 3.6523899999999996 5.05669 4.75169 5.0348500000000005 2.7574899999999998 3.5410399999999997 4.60804 4.65428 4.386089999999999 4.41702 4.19015 4.513579999999999 2.51196 3.78233 4.65338 4.08764 4.56898 4.877 3.0362400000000003 5.13156 3.146 4.5096 5.56166 2.49056 5.59031 3.07927 3.40407 5.70646 0 3.94782 3.0530999999999997 4.20923 5.61041 4.5417 3.97551 4.1085899999999995 5.36863 4.54828 5.49175 4.6998999999999995 5.3001000000000005 4.1960500000000005 6.32768 
4.19294 4.65833 6.05226 2.31351 3.8951200000000004 1.79583 3.1661 2.38926 2.20509 3.6767399999999997 3.18453 4.2142100000000005 1.19033 3.30072 1.19204 4.05963 3.14994 2.84986 3.5955000000000004 2.94642 3.5808400000000002 2.21517 4.06245 3.68293 3.0018200000000004 4.55273 2.63153 4.284420000000001 2.5513500000000002 2.9424400000000004 4.14822 2.1939200000000003 4.02315 2.25863 3.0239700000000003 4.1393 3.94782 0 2.3330200000000003 2.6420700000000004 4.19697 2.97454 2.4083500000000004 2.54143 3.80147 3.13484 4.8971 3.8527600000000004 4.26356 3.3754100000000005 4.91424 
4.1453 3.21684 4.6107700000000005 2.26587 3.84748 4.12885 2.89644 1.62288 2.15745 3.4684999999999997 3.13689 3.17857 1.14269 1.86909 2.99324 3.1739100000000002 2.73245 2.80222 3.54786 2.89878 3.5332 2.16753 3.7587200000000003 3.6352900000000004 2.95418 4.2490000000000006 2.5838900000000002 3.98069 2.50371 2.8948 2.70673 2.14628 3.97551 1.22299 1.90887 4.09166 3.0530999999999997 2.3330200000000003 0 2.59443 2.75548 2.9269 2.36071 2.4937899999999997 3.75383 1.69335 4.44452 3.54903 3.43913 2.33977 3.47275 
1.55087 4.96218 6.35611 2.57492 4.15653 4.437900000000001 3.42751 2.65067 2.4665 3.9381500000000003 1.20853 4.47562 1.45174 3.56213 3.30229 4.32104 3.4358500000000003 1.99566 3.85691 3.20783 3.84225 2.4765800000000002 4.32386 3.9443400000000004 3.26323 4.81414 2.8929400000000003 4.5458300000000005 2.81276 3.20385 4.45207 2.45533 1.38108 2.52004 3.28538 1.49723 4.20923 2.6420700000000004 2.59443 0 4.50082 3.23595 2.66976 2.8028399999999998 1.1594 3.4386900000000002 5.15851 4.11417 4.54947 3.63682 5.21809 
6.05169 2.58562 1.85529 4.17226 4.05682 5.992800000000001 3.95075 3.76645 3.6621900000000003 2.83728 5.04328 4.776660000000001 3.04908 3.34893 4.89963 2.5426900000000003 2.10123 4.70861 3.01114 4.80517 3.79853 4.07392 4.76756 5.15334 4.86057 4.99118 4.10194 5.216620000000001 2.71305 4.80119 2.07551 3.91323 5.8819 2.8210800000000003 2.20634 5.99805 5.61041 4.19697 2.75548 4.50082 0 4.83329 3.52091 4.40018 5.66022 1.06213 3.8133 4.78496 2.80791 3.9378600000000006 2.84153 
4.78682 5.29465 6.68858 2.9073900000000004 4.489 4.77037 3.75998 2.98314 2.79897 4.27062 3.77841 4.80809 1.78421 3.8946 3.63476 4.65351 3.76832 3.44374 4.18938 3.5403000000000002 4.17472 2.80905 4.65633 4.27681 3.5957 5.14661 3.22541 4.878299999999999 3.1452299999999997 3.53632 4.78454 2.7878 4.61703 2.85251 3.61785 4.73318 4.5417000000000005 2.97454 2.9269 3.23595 4.83329 0 3.00223 3.13531 4.39535 3.77116 5.4909799999999995 4.44664 4.88194 3.96929 5.55056 
4.22063 3.9822699999999998 5.3762 2.3412 3.92281 4.204180000000001 2.50696 2.41695 2.2184 3.7044300000000003 3.2122200000000003 4.2419 1.21802 3.32841 3.0685700000000002 3.5144399999999996 2.47388 2.8775500000000003 3.51886 2.97411 3.60853 2.2428600000000003 3.55086 3.7106200000000005 3.02951 4.04114 2.6592200000000004 3.77283 2.57904 2.97013 3.4721599999999997 2.22161 4.05084 2.28632 2.89592 4.16699 3.97551 2.4083500000000004 2.36071 2.66976 3.5209099999999998 3.00223 0 2.56912 3.82916 2.45878 4.92479 3.34117 3.5875 3.4031000000000002 4.23818 
4.3537099999999995 4.86154 6.25547 2.4742800000000003 4.05589 4.337260000000001 3.32687 2.55003 2.36586 3.83751 3.3453 4.37498 1.3511 3.46149 3.20165 4.2204 3.33521 3.01063 3.7562699999999998 3.10719 3.7416099999999997 2.37594 4.2232199999999995 3.8437 3.16259 4.7135 2.7923 4.44519 2.7121199999999996 3.10321 4.35143 2.3546899999999997 4.18392 2.4194 3.1847399999999997 4.30007 4.10859 2.54143 2.4937899999999997 2.8028399999999998 4.40018 3.13531 2.56912 0 3.9622399999999995 3.33805 5.057869999999999 4.013529999999999 4.44883 3.53618 5.11745 
2.71027 6.12158 7.51551 3.73432 5.31593 5.597300000000001 4.58691 3.8100699999999996 3.6258999999999997 5.09755 2.3679300000000003 5.63502 2.61114 4.72153 4.46169 5.48044 4.59525 3.1550599999999998 5.01631 4.367229999999999 5.00165 3.63598 5.48326 5.10374 4.42263 5.97354 4.05234 5.70523 3.9721599999999997 4.36325 5.61147 3.6147299999999998 2.54048 3.6794399999999996 4.44478 2.65663 5.36863 3.80147 3.75383 1.1594 5.66022 4.39535 3.82916 3.9622399999999995 0 4.59809 6.3179099999999995 5.273569999999999 5.70887 4.79622 6.37749 
4.98956 1.52349 2.91742 3.11013 2.99469 4.93067 2.88862 2.70432 2.60006 1.77515 3.98115 3.71453 1.98695 2.2868 3.8375 1.48056 1.0391 3.64648 1.94901 3.7430399999999997 2.7363999999999997 3.01179 3.7054300000000002 4.09121 3.7984400000000003 3.92905 3.03981 4.15449 1.65092 3.7390600000000003 1.01338 2.8510999999999997 4.81977 1.75895 1.14421 4.93592 4.54828 3.13484 1.69335 3.4386900000000002 1.06213 3.77116 2.45878 3.33805 4.59809 0 2.75117 3.72283 1.74578 2.87573 1.7794 
6.7093799999999995 4.27466 5.66859 4.82995 3.68952 6.6929300000000005 5.49706 4.02662 4.7077599999999995 2.79692 5.70097 5.65266 3.7067699999999997 2.65499 5.55732 2.2612 2.59334 5.3663 2.35067 5.462859999999999 3.43123 4.73161 4.400259999999999 4.78604 5.51826 4.62388 3.7346399999999997 4.95457 2.34575 5.45888 3.4918500000000003 3.54593 6.53959 3.69708 3.79758 6.65574 5.49175 4.8971 4.44452 5.15851 3.8133 5.4909799999999995 4.92479 5.057869999999999 6.3179099999999995 2.75117 0 4.84669 3.46062 3.7148199999999996 4.53057 
5.665039999999999 5.24632 6.64025 2.41076 3.84471 5.64859 2.24683 3.8613600000000003 3.48245 4.41163 4.65663 4.28162 2.66243 3.36813 4.51298 4.00922 3.73793 4.32196 3.54509 3.39442 3.58642 3.68727 1.56567 4.8882 3.86343 1.9694 3.8706400000000003 1.36182 2.50094 3.54023 4.73621 2.6092500000000003 5.4952499999999995 2.32604 4.1599699999999995 5.6114 4.6999 3.85276 3.54903 4.11417 4.78496 4.44664 3.34117 4.01353 5.273569999999999 3.72283 4.84669 0 4.65504 3.44282 5.50223 
6.10034 3.26927 4.6632 4.22091 3.49787 6.0593900000000005 4.01734 2.98505 3.72878 1.39112 5.0919300000000005 5.460310000000001 3.0977300000000003 3.1568999999999994 4.9482800000000005 1.25747 1.11362 4.7572600000000005 1.10995 4.853820000000001 3.2395799999999997 4.1225700000000005 4.20861 4.59439 4.90922 4.43223 3.5429899999999996 4.762919999999999 2.1540999999999997 4.84984 1.73735 3.3542799999999997 5.93055 3.5047300000000003 2.88999 6.0467 5.3001 4.26356 3.43913 4.54947 2.80791 4.88194 3.5875 4.44883 5.70887 1.74578 3.4606199999999996 4.65504 0 3.5231699999999995 3.52518 
5.18769 4.39922 5.79315 3.30826 2.71284 5.171240000000001 3.68489 3.0556 3.19984 3.27976 4.17928 3.07236 2.18508 2.1588700000000003 4.03563 2.87735 2.60916 3.8446100000000003 2.41322 3.94117 2.4545500000000002 3.2099200000000003 3.42358 1.44538 3.99657 3.6471999999999998 2.49678 3.87448 1.36907 3.93719 3.82348 2.5692500000000003 5.0179 1.11678 3.01528 5.13405 4.1960500000000005 3.3754100000000005 2.33977 3.63682 3.9378599999999997 3.96929 3.4031000000000002 3.53618 4.79622 2.87573 3.7148199999999996 3.44282 3.52317 0 4.65513 
6.76896 1.01554 4.696820000000001 4.889530000000001 4.77409 6.71007 4.66802 4.48372 4.37946 3.55455 5.76055 5.493930000000001 3.76635 4.0662 5.6169 3.2599600000000004 2.8185000000000002 5.42588 3.7284100000000002 5.52244 4.5158000000000005 4.79119 5.4848300000000005 5.87061 5.57784 5.70845 4.81921 5.93389 3.43032 5.51846 2.79278 4.6305 6.59917 3.5383500000000003 2.92361 6.71532 6.32768 4.91424 3.47275 5.21809 2.84153 5.55056 4.23818 5.11745 6.37749 1.7794 4.53057 5.502230000000001 3.52518 4.655130000000001 0 
