100
EMAAQWO FZGDAQKRC EPJHOESBB JVWIZDBS BLXWCB ORCMU SICVXMLGL YVIRIDDRA DFFFG EFOWXJQKY GEGFOSJ MRXNI NCPEGX HSAIPP AOVKACB MSHZNEX XHMMLM UDNWTRHT AHZYCQM FPWMJC GNXDBJSVR SIAFKK XENTNT JOXQIX BHAMV HSJUMJH EHQRYBZ XQOMNCXDB YOUZA RBNAR VVSNO BCHOPGEE LNDUQDYSK LYRSZA TQSCIQTX QMHLIXVD TTXGTNV RGLCPSJQE ZEZKNGTK KAUIIR CCTJZN NBRZI EJXSCSGM XSWDY MWXYLX HNOOUELP ILXWSRIC UBODMUMJ TGPYEAP RJDHJFNIN NTZSZ OLUPAJLP VWNAJFRNG ZNZOQPE HEFYBKPUF RLWAP NZJGYK APIOYKU TOAKXEQ NHNDWOH YFEZIO DKINCMT NIVCBBO PJXURKPC FCWRH WTQCHXQ CWLLCM VWHRKOPZ HWJUZVNH RQWCFDHW VBAQD FZNKCK JQHORKB JXLFSOAT OVKLH YKOGGTNN DIXXP MYDTJZPES AIGGLZT RVPJHZLQQ AXCWU RUGMYM RGSOR YAETAC ANHOTJN JEGRK KRUSUHB GLYDZ FJQMKJNWE APBFJMOOF ACYPAPBPW GALHVZ FLOTLYFG HVERBTBS ZKGYGD XZUPVI VFEEU MOXGRP WEXBJV USZWPSB
0 14.70054 11.76284 22.81399 12.82839 20.48814 24.752769999999998 21.74919 11.13754 20.28993 13.19103 22.51081 21.83065 16.03344 10.0827 21.44748 21.24853 23.463630000000002 20.51794 21.127209999999998 18.63937 14.36711 14.63155 21.78919 21.64817 12.54565 21.45549 16.28165 13.79734 22.37054 21.34062 21.61966 13.28164 22.01871 14.27932 13.69448 20.753590000000003 21.47389 21.130789999999998 22.90771 21.922150000000002 18.13102 22.89256 21.494329999999998 23.0993 19.22203 21.13864 14.60419 22.65691 12.3142 17.27433 21.225900000000003 14.27589 21.53374 17.55621 20.103340000000003 17.42912 17.81972 21.014740000000003 21.62643 20.689700000000002 16.7084 16.40231 21.22296 14.35521 21.46093 18.91577 21.613410000000002 15.39318 13.87609 21.10676 19.42093 22.67402 19.49262 17.52278 12.7927 20.826810000000002 20.42478 23.097659999999998 20.96291 21.712220000000002 20.17342 15.13525 13.33543 15.7682 24.04271 12.54788 18.76244 14.65542 21.00448 10.58915 22.943240000000003 22.71931 21.052680000000002 22.20901 18.86063 10.17173 20.71667 10.7095 16.87213 
14.70054 0 23.26673 14.46627 14.53836 22.45125 13.83211 12.45484 17.84239 21.58641 10.65952 11.27139 19.63452 22.946649999999998 21.37623 18.36338 18.79163 19.68665 17.61062 19.46834 20.384999999999998 22.55182 21.52925 15.02899 20.97041 21.71882 18.77344 15.56898 20.96091 11.34365 13.78989 21.25205 16.00092 20.772640000000003 19.33673 15.36907 21.32996 22.15042 14.49099 21.70427 21.16379 10.94866 22.09637 22.819940000000003 17.3525 18.34997 20.81992 21.620060000000002 22.96486 23.421329999999998 12.84393 12.14729 15.60729 23.10033 14.84067 11.35559 23.81436 21.98046 22.426009999999998 21.96707 21.539070000000002 21.15128 21.14754 18.52344 11.81112 12.77012 15.44769 11.57693 17.10062 12.34776 22.19536 10.82417 22.58251 15.92674 21.69865 20.29002 21.44397 22.491349999999997 23.40401 14.77573 22.02365 14.03494 19.87053 23.01504 22.777340000000002 21.43581 21.10579 13.79327 11.73762 13.28764 22.15568 22.410600000000002 20.603610000000003 20.85567 21.59328 13.76195 10.7481 21.3261 11.32666 21.76003 
11.76284 23.26673 0 11.49288 11.65498 15.5889 20.952759999999998 22.88215 21.22812 10.58777 15.75799 16.86047 19.25457 22.470010000000002 19.98831 12.61837 11.02813 21.036920000000002 16.62682 24.12402 22.01596 22.81671 21.99448 14.76596 17.92766 21.54702 12.1511 23.26831 21.357799999999997 22.138579999999997 11.30974 10.6594 12.74543 19.69372 14.05205 16.26282 22.480919999999998 11.68656 13.02503 19.10961 18.41553 21.74131 12.56068 17.25022 20.8153 22.19333 15.56813 16.34454 14.61031 20.974719999999998 22.865569999999998 21.53531 15.46011 21.73375 16.80291 22.82627 22.632559999999998 11.83381 15.90146 21.87744 18.71752 17.4417 22.42264 17.13971 21.41364 22.650370000000002 13.81243 21.28902 10.78762 16.80222 21.7729 21.43674 19.98643 25.06637 15.22264 17.87009 15.28242 20.982509999999998 23.43128 17.3733 18.0975 16.02901 15.31158 16.45243 14.79568 17.93789 19.37496 11.52443 18.23314 23.17942 22.35199 21.73949 22.76923 21.54423 22.53617 21.25679 15.80596 15.32013 14.96617 18.67606 
22.81399 14.46627 11.49288 0 11.77214 17.87396 22.2072 22.62308 12.87975 22.08065 16.24109 19.26557 21.27875 12.96419 21.35403 13.97969 12.71971 22.53766 19.12398 21.97005 11.16633 23.86788 16.30095 21.78557 12.7064 13.55359 12.75077 12.96242 16.45572 20.49852 21.316879999999998 18.89101 20.98108 21.34221 16.01767 13.83721 13.63615 16.87236 15.83767 21.15805 21.33594 21.05858 17.60503 17.66142 21.83263 12.39841 23.174909999999997 21.30483 10.60525 21.812089999999998 15.26578 21.950339999999997 14.32115 10.24087 15.39773 11.33339 20.52293 18.8342 20.68964 18.11091 18.70307 20.846980000000002 21.615859999999998 10.54273 21.25155 22.59315 11.02565 22.729509999999998 18.78155 17.16677 14.73718 14.77174 10.42031 18.58494 21.91648 21.23264 13.44412 23.50982 22.51642 22.3579 22.19082 18.59144 16.49318 19.5621 23.16946 15.36509 20.737229999999997 22.30711 18.68119 22.59259 23.01474 15.56316 20.91989 17.2891 17.57626 12.42128 21.629959999999997 22.11166 12.10449 15.72403 
12.82839 14.53836 11.65498 11.77214 0 17.05043 18.92655 13.57302 16.74984 21.93305 22.00782 15.57288 22.77561 13.48479 14.38209 10.21041 20.624699999999997 21.28441 12.58063 20.53788 21.77168 14.84993 21.56005 18.92032 22.38519 21.38333 12.79107 21.55749 14.70087 21.69362 10.64457 21.73047 21.87601 21.06139 19.22683 24.21405 17.91669 20.99978 21.37167 19.27515 18.18443 11.97115 22.039659999999998 11.94305 19.6934 20.34032 13.06395 23.16191 15.61825 15.90742 20.95451 16.92033 15.57731 13.72121 13.24169 20.70918 22.55796 20.59429 21.920740000000002 22.22646 11.67436 22.25089 11.84825 21.59696 21.67928 14.78018 13.68844 21.78754 22.00706 21.5709 19.167 22.38926 22.16272 21.27583 22.272550000000003 16.87239 22.33171 20.84089 14.49335 11.26528 17.62208 18.17306 10.10798 12.18286 22.136290000000002 16.19609 16.15954 19.56428 14.22835 21.24536 13.22894 20.98896 21.082030000000003 22.20196 21.19524 11.16803 10.41261 22.24737 21.51869 17.07846 
20.48814 22.45125 15.5889 17.87396 17.05043 0 21.25862 16.51005 20.67771 11.08884 20.3751 22.28626 13.73919 20.96367 10.40544 22.03243 10.92221 19.74717 19.54079 12.53896 20.90288 20.35969 11.63956 22.11193 22.02788 21.27599 22.18795 10.87319 15.4789 16.42055 11.05802 16.86435 20.89347 13.88772 18.64692 20.39938 20.54823 23.61133 22.48502 19.16559 21.88085 11.50259 21.68235 22.884439999999998 14.49434 16.21714 21.33868 15.07818 12.86729 21.28058 21.05167 16.42779 18.87711 22.3706 22.89996 14.92636 19.70642 19.71241 20.955019999999998 20.97766 10.83033 15.62033 11.49094 21.5457 22.662300000000002 21.503819999999997 22.68671 13.51568 11.09348 15.61108 21.26181 15.64227 21.50451 10.43472 22.18234 21.09749 18.00418 18.58794 22.705840000000002 21.52058 21.19012 15.07697 21.60257 17.29995 18.52698 16.71659 21.57745 22.25165 21.18162 14.90879 19.23146 14.20616 11.93801 10.95193 22.14721 20.95026 19.39226 12.76456 21.937620000000003 16.74918 
24.752769999999998 13.83211 20.952759999999998 22.2072 18.92655 21.25862 0 21.16565 20.60564 23.5655 22.587429999999998 22.86213 17.30088 11.80231 22.80473 21.765140000000002 23.16789 18.51954 24.484679999999997 17.69431 14.97333 13.47787 22.677010000000003 18.60537 22.87063 22.05281 22.4224 16.02611 21.110210000000002 13.39885 22.962580000000003 22.25214 25.00936 14.2191 19.96946 13.87055 10.74416 12.72412 22.576970000000003 22.782130000000002 20.952509999999997 22.51703 11.97181 23.46643 16.24427 13.19835 23.22613 12.12234 22.26898 20.35224 15.46347 10.38778 18.98463 19.94198 21.7622 13.93479 22.01008 16.73153 21.81138 23.4018 14.39735 17.64447 14.14033 11.66447 22.31095 15.66546 16.9399 22.87681 10.16514 25.03388 18.4209 22.64851 22.6059 14.76429 20.94065 22.745179999999998 13.68123 15.76905 25.39486 18.23501 14.67921 23.32625 15.48093 14.16298 12.27458 15.65931 12.20489 18.03263 21.76827 22.33783 19.24399 24.48969 19.1422 23.91737 22.19811 15.05821 21.32602 22.21414 15.94854 23.81523 
21.74919 12.45484 22.88215 22.62308 13.57302 16.51005 21.16565 0 21.29367 21.87372 22.2639 17.31394 14.91381 21.457349999999998 11.66649 15.64151 21.501759999999997 21.78689 21.64561 21.04287 22.27491 20.85149 22.98703 18.54478 12.11298 18.26482 21.88863 23.06673 22.8963 19.81316 22.265340000000002 12.22275 13.22887 12.13244 22.181620000000002 18.49643 12.53025 15.2859 10.97725 15.46946 19.7104 15.88503 22.277299999999997 22.84898 22.0684 13.43724 15.31683 12.0702 12.01783 22.53622 10.32208 16.50502 22.03561 15.90812 11.0817 11.62667 21.442880000000002 19.0481 11.27287 21.32206 16.62881 11.8865 21.33659 20.60351 12.32357 16.90475 17.35371 21.277659999999997 13.52649 17.17978 17.31308 21.615630000000003 22.35547 16.55355 22.02753 21.91538 22.16408 22.00857 12.71197 13.67908 21.14656 17.29608 21.16861 15.8848 22.092399999999998 11.83985 22.965249999999997 22.92192 20.936349999999997 21.923389999999998 11.81966 11.53144 14.02551 12.70725 22.64864 11.67051 12.68911 18.78706 21.59845 18.3131 
11.13754 17.84239 21.22812 12.87975 16.74984 20.67771 20.60564 21.29367 0 22.20395 18.06275 22.028579999999998 22.415509999999998 16.74154 21.22024 14.04164 17.73483 21.250230000000002 15.06665 23.780949999999997 18.89063 16.93746 16.24282 13.97729 20.076079999999997 20.828560000000003 10.79267 20.33584 21.55789 20.47376 10.20308 17.94947 21.41422 16.195 12.46658 18.69789 20.3565 20.89542 22.4416 20.52609 17.20819 15.98011 21.668750000000003 21.206609999999998 22.36937 15.9333 10.65061 23.29934 21.11617 10.98313 20.97038 23.82434 16.44679 21.09026 21.9568 11.83596 20.498170000000002 17.9924 20.83586 13.71242 21.72958 12.18093 21.31644 10.68895 21.4112 21.2262 20.90547 16.72188 10.4405 11.52028 21.540779999999998 11.67425 21.31278 10.24299 14.08438 20.0472 21.32564 20.71644 20.097659999999998 13.01991 21.30337 20.64676 15.27665 15.5143 11.37455 21.1188 21.28293 17.14014 21.72449 19.53962 13.52478 19.81021 17.74547 19.14058 24.045540000000003 22.25488 17.13454 18.44947 20.88439 21.51851 
20.28993 21.58641 10.58777 22.08065 21.93305 11.08884 23.5655 21.87372 22.20395 0 21.76869 20.25954 21.73376 20.59037 10.20723 14.99839 21.615900000000003 10.44915 18.95699 22.57433 19.32859 21.42993 22.64721 21.778280000000002 17.29159 11.36948 11.48056 20.5833 14.18062 21.87736 21.89751 16.45976 10.98838 19.88989 23.45035 19.29988 15.05398 17.48865 11.50475 18.76225 22.04668 13.83551 21.3938 18.98909 10.22753 17.25926 23.099 22.50584 13.99884 15.20985 17.72241 16.71819 19.15065 14.73513 21.49982 18.96654 12.84062 22.42158 21.13927 11.39212 20.15419 23.88183 13.55228 13.49848 13.92771 20.967750000000002 21.92955 21.95771 21.375390000000003 12.13552 14.1366 13.61613 12.99342 21.52356 16.73614 13.704 10.27432 20.54931 15.80589 23.14164 16.56977 13.96132 21.5401 20.633029999999998 15.4445 21.91768 14.36486 21.26392 20.667 23.21388 14.46216 22.08895 14.20948 11.92431 20.86511 15.97766 19.23099 17.83785 18.9961 16.7504 
13.19103 10.65952 15.75799 16.24109 22.00782 20.3751 22.587429999999998 22.2639 18.06275 21.76869 0 21.93091 17.53518 20.98311 13.68579 11.79741 13.50198 21.480719999999998 21.98167 20.98882 16.90049 15.30401 16.27651 21.82996 13.71351 21.29543 20.582079999999998 17.50265 10.30139 20.92167 22.05141 22.1259 12.93564 13.30522 11.39878 11.614 20.66744 12.49374 11.28665 21.97524 17.44662 14.46565 18.38635 17.26851 11.54116 23.00051 10.1604 23.043889999999998 14.36909 21.79939 23.32573 22.30067 21.14555 16.64881 23.929609999999997 21.20505 14.40783 23.52033 21.35143 11.30755 18.67183 21.16609 13.98187 22.24071 19.05355 20.793509999999998 19.22738 15.14849 16.84636 18.2024 14.22565 12.0108 20.847279999999998 17.3874 14.63314 21.11693 19.18988 22.26537 21.67709 21.80529 14.83199 21.698189999999997 21.29773 16.00966 21.10423 10.85168 10.44627 19.20745 16.08462 21.35222 13.69043 19.65033 21.49405 24.0845 21.30207 14.80048 11.6532 20.99821 17.17573 22.012610000000002 
22.51081 11.27139 16.86047 19.26557 15.57288 22.28626 22.86213 17.31394 22.028579999999998 20.25954 21.93091 0 23.485300000000002 19.54505 12.42811 20.47817 11.36405 18.33608 15.47838 23.37228 14.10814 22.54797 23.558419999999998 19.10415 14.65345 11.07389 15.51774 21.83537 13.32638 18.51556 22.391640000000002 21.76018 21.528669999999998 10.28904 20.33822 18.92509 21.46602 10.87903 22.11643 12.65725 12.15081 11.33793 17.76827 11.54855 22.41565 18.90407 22.80341 13.26407 12.3104 13.46045 20.35755 18.57294 21.697670000000002 12.90261 22.482979999999998 22.21031 20.77224 22.230829999999997 16.61002 19.2163 12.27993 19.59843 22.79701 15.02704 14.09017 22.202469999999998 16.01629 22.29697 22.559649999999998 17.78334 18.95033 16.82249 21.02912 17.74648 22.234830000000002 21.66174 11.85965 12.66008 24.7877 22.556089999999998 15.28319 21.4548 14.96745 23.1503 21.04306 13.43436 22.60911 22.10964 11.97618 23.71203 12.2438 13.13053 21.11174 19.91168 21.617440000000002 21.74222 22.01949 13.32921 21.858310000000003 12.23386 
21.83065 19.63452 19.25457 21.27875 22.77561 13.73919 17.30088 14.91381 22.415509999999998 21.73376 17.53518 23.485300000000002 0 22.27874 21.398139999999998 17.58623 22.71004 21.918889999999998 17.02786 15.45491 23.50026 21.18451 21.36111 22.797800000000002 19.69174 19.0884 21.22684 11.78474 21.22196 17.68292 18.46782 19.0873 18.99586 22.67106 15.14061 15.87103 26.397100000000002 19.50084 19.19666 20.746229999999997 22.04327 22.56525 14.44202 23.31635 11.50623 21.42586 18.90089 17.59846 22.82677 23.27506 22.27837 11.43973 16.38194 16.01013 21.48068 22.65513 12.87397 20.10817 18.67558 22.72764 22.7698 12.99392 20.9755 18.69586 16.2727 22.8122 23.82894 10.74969 17.32775 20.95987 11.87845 23.03153 21.29 19.89274 19.21526 13.56265 22.251829999999998 21.75984 21.975 22.66059 14.2868 21.255409999999998 21.97938 13.79462 13.97214 22.07412 10.88899 21.65431 12.23536 12.84689 11.2415 17.65537 23.045340000000003 12.50836 16.91606 22.501820000000002 21.47953 13.95684 21.97864 22.27532 
16.03344 22.946649999999998 22.470010000000002 12.96419 13.48479 20.96367 11.80231 21.457349999999998 16.74154 20.59037 20.98311 19.54505 22.27874 0 15.80061 21.77744 21.917479999999998 10.14122 19.40198 12.32862 17.44366 20.82283 22.94304 17.2473 16.21788 10.43421 23.395629999999997 15.4933 20.90914 21.252000000000002 11.16027 15.46509 18.16047 11.04971 13.19328 20.897170000000003 21.141750000000002 20.486629999999998 21.4786 21.04972 22.20918 21.09636 20.67593 18.63041 19.26879 13.75739 21.974069999999998 21.487520000000004 21.77377 17.68429 11.77219 20.76622 22.364060000000002 18.44753 21.19189 12.13837 20.45909 20.66741 14.99054 21.55187 16.32044 18.48501 10.48452 14.08586 12.69732 17.77316 17.41834 21.15373 21.26806 13.52589 10.40029 18.83817 22.231540000000003 18.90121 10.94526 16.6543 16.0353 22.74481 14.31044 22.75031 21.18361 20.76087 10.1811 15.77986 23.67928 20.62715 20.57103 16.39323 21.49667 21.71057 16.81725 23.76995 22.81766 20.50836 22.12778 19.35338 12.19855 11.91592 21.8089 22.4757 
10.0827 21.37623 19.98831 21.35403 14.38209 10.40544 22.80473 11.66649 21.22024 10.20723 13.68579 12.42811 21.398139999999998 15.80061 0 15.42499 12.40848 14.47656 12.33629 12.63087 12.18762 23.43375 22.045 11.70649 14.63864 21.57671 19.82807 18.77356 23.66374 16.70587 21.13935 19.39203 21.19561 13.50151 21.680239999999998 23.10953 18.25456 21.928440000000002 21.394669999999998 18.16245 11.83945 19.64827 14.76608 22.372230000000002 20.434759999999997 16.73283 14.38178 23.23601 13.47224 21.84039 18.44478 18.29551 16.78281 18.93772 21.23493 10.02064 21.02675 21.52232 10.93204 13.22277 19.62548 22.836910000000003 11.50708 11.14026 21.30964 13.17162 18.26955 22.79979 21.49892 17.05557 20.4513 22.01437 15.21187 18.5439 19.13337 21.25193 17.23644 10.34208 17.71055 13.45466 19.23169 10.09072 21.70541 19.64493 22.83991 17.95371 21.59359 13.52595 19.69444 21.688290000000002 11.31293 21.23507 21.524160000000002 21.357370000000003 12.58166 20.9667 17.30279 21.42082 11.53218 16.75646 
21.44748 18.36338 12.61837 13.97969 10.21041 22.03243 21.765140000000002 15.64151 14.04164 14.99839 11.79741 20.47817 17.58623 21.77744 15.42499 0 21.96138 22.4603 21.772750000000002 17.59284 20.64774 17.67081 20.79972 10.03255 16.24844 22.59597 20.33027 21.89015 22.08163 16.58553 11.64918 16.39525 19.95899 10.85098 20.90016 23.41141 19.61355 10.78937 22.21419 22.14262 11.53643 21.430750000000003 21.79164 16.95176 21.87236 16.14076 21.95781 22.58042 21.12262 10.00198 23.69489 23.03052 21.84851 21.31112 20.725479999999997 14.63133 21.33418 20.83618 22.30911 21.47538 21.12188 20.651699999999998 20.33529 21.577550000000002 17.33341 21.52609 13.75562 21.89068 17.385 11.36049 19.55492 22.04806 21.38351 15.7731 18.01834 21.37305 21.66082 15.50105 19.16564 10.50495 14.27731 17.52168 15.30958 13.17532 20.953400000000002 21.61916 11.21876 21.54638 11.43289 13.12799 10.92577 10.77855 11.72071 13.87462 17.13404 20.417839999999998 20.62302 14.92926 15.74225 20.91713 
21.24853 18.79163 11.02813 12.71971 20.624699999999997 10.92221 23.16789 21.501759999999997 17.73483 21.615900000000003 13.50198 11.36405 22.71004 21.917479999999998 12.40848 21.96138 0 14.49145 22.15973 23.46117 17.21231 16.24223 13.7704 21.80641 13.63383 13.10738 22.173769999999998 12.24018 21.2183 16.72605 19.97199 21.687530000000002 20.62746 18.34489 22.59443 22.560049999999997 22.34142 22.24308 13.29853 22.32562 23.19639 20.3631 15.77242 20.58156 23.045 23.44454 16.28931 22.70499 14.85118 15.2421 12.96702 17.13848 19.27655 20.97214 20.963540000000002 22.3443 17.00448 22.56287 14.28357 22.81322 17.91988 16.22593 11.43296 22.91108 21.098779999999998 18.91733 22.30531 13.55973 21.367820000000002 16.42674 15.72414 21.94093 22.164839999999998 18.09121 21.58576 20.980539999999998 19.45758 20.84301 17.48231 24.01941 21.73715 21.842869999999998 15.46905 22.47166 21.763399999999997 21.045740000000002 21.51947 22.55256 21.03032 23.018459999999997 21.776609999999998 20.759430000000002 20.817010000000003 21.87414 22.74628 15.25138 20.763710000000003 11.07592 21.08309 22.63412 
23.463630000000002 19.68665 21.036920000000002 22.53766 21.28441 19.74717 18.51954 21.78689 21.250230000000002 10.44915 21.480719999999998 18.33608 21.918889999999998 10.14122 14.47656 22.4603 14.49145 0 15.04252 12.12518 23.24123 21.03961 21.09004 20.35952 20.234520000000003 11.62398 21.92971 10.13415 11.17933 12.37261 13.42962 21.73576 21.036360000000002 15.59394 21.4452 15.12043 21.54538 22.44186 20.402169999999998 20.97071 12.06796 16.2301 10.94465 13.2412 12.36021 21.63108 23.3535 20.78167 18.6914 24.424239999999998 12.93477 18.3063 16.95492 20.384729999999998 11.05067 11.83796 10.31787 23.00942 19.10435 15.95261 12.71789 21.31438 20.62574 15.39451 21.34106 20.5795 15.81894 21.439120000000003 22.16281 22.05924 20.541510000000002 14.2785 21.2842 20.227 14.17453 21.289050000000003 20.72347 21.408070000000002 17.11379 21.49134 14.8925 16.30509 20.32232 10.18388 24.61722 21.37589 17.53084 22.14161 11.35545 23.213720000000002 12.87448 16.85611 22.13293 10.36714 21.12513 10.11638 14.5464 21.176180000000002 22.126240000000003 20.45366 
20.51794 17.61062 16.62682 19.12398 12.58063 19.54079 24.484679999999997 21.64561 15.06665 18.95699 21.98167 15.47838 17.02786 19.40198 12.33629 21.772750000000002 22.15973 15.04252 0 20.725949999999997 22.45678 22.769840000000002 21.099269999999997 21.90212 14.14159 19.78218 11.6044 17.40266 22.32705 23.74664 23.2252 10.4052 20.76418 11.42963 10.58289 14.22996 15.71855 11.76056 22.790529999999997 18.07985 23.01054 19.75295 13.14182 16.3196 13.02768 21.275550000000003 17.72924 15.58666 16.60984 11.81102 22.88127 17.44664 21.985030000000002 22.48995 24.72956 13.10588 21.91283 16.61274 22.88776 19.60966 12.65993 21.28592 17.92681 19.83092 13.72856 14.85602 22.76115 22.08155 16.16292 15.25036 20.7055 11.52013 14.4705 23.358719999999998 22.58763 18.76067 19.37994 21.51563 17.36442 23.69668 21.419400000000003 19.3164 12.19087 16.77254 12.90287 17.94706 22.35523 23.82779 22.370669999999997 21.88883 22.12537 20.68233 22.251640000000002 12.73943 22.28197 23.74866 15.82573 19.29253 16.14965 13.33026 
21.127209999999998 19.46834 24.12402 21.97005 20.53788 12.53896 17.69431 21.04287 23.780949999999997 22.57433 20.98882 23.37228 15.45491 12.32862 12.63087 17.59284 23.46117 12.12518 20.725949999999997 0 18.15907 18.67578 20.78456 13.47926 23.10514 21.964219999999997 14.31281 20.84335 11.92718 15.67988 15.808 19.5803 18.51033 21.55847 11.50929 20.6529 11.96335 22.22856 19.14249 20.887439999999998 14.11318 17.11754 11.56334 18.77444 22.05265 11.72179 21.55959 13.27492 19.78957 23.22409 18.87846 20.35174 10.62825 15.23854 22.39096 18.41063 19.27453 13.28812 20.44215 12.30776 20.89771 15.33388 12.89078 15.53289 22.7907 21.32466 23.600360000000002 14.07293 14.35024 20.4907 20.67993 17.34683 13.62263 19.4397 11.564 22.13306 18.61033 10.7122 21.787599999999998 22.03137 11.09819 18.77007 10.4299 11.85632 20.38969 10.13714 21.52029 21.88039 17.07379 17.93209 15.80426 17.78994 19.66218 22.191670000000002 15.24921 10.24778 18.76415 19.04683 21.5063 13.6965 
18.63937 20.384999999999998 22.01596 11.16633 21.77168 20.90288 14.97333 22.27491 18.89063 19.32859 16.90049 14.10814 23.50026 17.44366 12.18762 20.64774 17.21231 23.24123 22.45678 18.15907 0 18.7374 22.21358 22.85109 20.986469999999997 21.15594 20.832520000000002 22.50395 21.0689 19.68962 16.88455 18.81026 19.77544 12.12217 14.50159 20.81545 19.43234 21.21226 18.86811 21.39498 22.01571 18.60015 20.64094 14.33936 17.28452 10.70549 21.839399999999998 14.01741 21.77158 10.64576 12.07344 12.35086 22.124209999999998 14.34119 17.20879 21.57582 16.7521 12.61084 18.21097 20.39684 21.25607 15.64342 10.44953 21.70906 16.99009 20.50547 19.15033 21.48196 11.22834 22.59204 20.92589 22.1694 21.586640000000003 22.80357 22.3172 20.5539 10.52609 12.41658 18.19042 20.33994 19.30129 12.62609 20.64786 22.171889999999998 21.59191 18.50503 18.92174 19.96022 22.6295 20.917479999999998 20.58494 17.89724 22.74988 20.50201 24.010260000000002 19.4001 11.35907 13.02431 10.08653 16.09875 
14.36711 22.55182 22.81671 23.86788 14.84993 20.35969 13.47787 20.85149 16.93746 21.42993 15.30401 22.54797 21.18451 20.82283 23.43375 17.67081 16.24223 21.03961 22.769840000000002 18.67578 18.7374 0 20.76764 15.09868 20.48535 18.1073 16.5481 10.90546 14.97999 20.90626 13.3554 22.24555 20.82189 21.499000000000002 19.16409 20.919420000000002 21.61046 20.508879999999998 21.03798 20.87771 12.90052 20.49238 13.58532 12.46941 21.50836 13.95378 21.31475 23.54035 22.49181 16.20775 16.04851 11.47893 12.88556 20.79188 14.61278 14.46519 20.63413 13.60155 20.931089999999998 10.69317 11.31893 13.67196 20.38203 22.21161 18.05426 20.80702 21.31474 18.13382 20.833289999999998 15.2548 10.42254 19.194 20.69653 17.07302 21.29978 20.456470000000003 14.18601 17.91194 19.80574 12.36016 18.1463 13.34303 11.38701 21.67552 16.94473 21.83306 10.29552 22.275689999999997 22.45017 22.91648 17.60109 21.39 14.22033 16.51811 12.99108 20.92633 13.32836 21.496470000000002 19.64899 19.11227 
14.63155 21.52925 21.99448 16.30095 21.56005 11.63956 22.677010000000003 22.98703 16.24282 22.64721 16.27651 23.558419999999998 21.36111 22.94304 22.045 20.79972 13.7704 21.09004 21.099269999999997 20.78456 22.21358 20.76764 0 18.70185 16.6848 22.719929999999998 22.873040000000003 21.21667 10.23204 10.1856 21.234650000000002 11.33508 14.75199 22.561819999999997 22.062199999999997 13.66823 15.93484 16.40342 12.4958 19.09634 17.94568 21.23135 21.65007 19.57471 22.014780000000002 13.28033 17.37396 23.47923 21.162959999999998 12.2558 14.47451 22.61609 10.15631 17.98628 14.9473 22.66657 15.53226 13.83713 17.06788 21.82565 13.56165 21.34232 12.45852 14.67348 23.327289999999998 20.724159999999998 20.91238 21.14404 22.4429 22.415 21.03278 22.657359999999997 19.10208 22.07428 21.066879999999998 20.76468 19.87395 21.92425 23.73904 10.29477 21.41823 16.51413 21.56251 13.25402 14.4419 21.03123 10.47212 16.64415 19.97548 12.00888 11.43611 13.71528 11.60464 10.7229 11.96652 22.08495 21.64452 22.13422 12.12705 20.60198 
21.78919 15.02899 14.76596 21.78557 18.92032 22.11193 18.60537 18.54478 13.97729 21.778280000000002 21.82996 19.10415 22.797800000000002 17.2473 11.70649 10.03255 21.80641 20.35952 21.90212 13.47926 22.85109 15.09868 18.70185 0 21.318820000000002 24.30314 10.29772 19.47669 21.47273 21.440440000000002 14.02808 21.96765 17.97966 13.40167 13.41813 22.46533 21.81675 16.48692 12.63742 21.926299999999998 15.30336 19.20064 17.49622 12.83393 16.95345 18.08535 22.07526 21.13756 17.15143 12.87365 21.661479999999997 21.895020000000002 21.76701 15.6016 19.76743 21.48341 22.97695 10.80363 16.7176 18.48932 22.571939999999998 17.08879 16.56431 13.00727 22.09827 14.2437 23.192410000000002 20.77487 22.09988 13.60995 11.96845 22.39969 16.22763 12.38826 14.43828 22.27057 12.325 22.048569999999998 14.393 20.5375 20.69716 16.73587 12.05862 10.17564 22.55528 15.47985 15.13756 11.51383 20.728479999999998 11.62547 14.95014 20.8111 13.84832 22.27833 11.99171 10.38529 14.00855 20.985039999999998 13.314 17.85811 
21.64817 20.97041 17.92766 12.7064 22.38519 22.02788 22.87063 12.11298 20.076079999999997 17.29159 13.71351 14.65345 19.69174 16.21788 14.63864 16.24844 13.63383 20.234520000000003 14.14159 23.10514 20.986469999999997 20.48535 16.6848 21.318820000000002 0 14.07165 17.66469 17.99118 21.614649999999997 16.36585 13.60761 19.49698 17.57036 21.148130000000002 17.13547 10.30807 20.86014 14.2324 20.56203 16.45911 14.4315 21.36214 11.5418 14.92523 19.87869 21.97609 19.04255 20.89507 20.564320000000002 20.87025 13.46736 13.84727 14.228 13.57363 23.194679999999998 17.6292 21.04506 10.51519 22.34594 21.9172 22.11383 14.11284 10.53694 20.958530000000003 15.14919 22.14327 15.44157 22.15603 22.24814 23.85735 20.80495 22.92147 21.88512 11.61537 23.866500000000002 15.16777 16.73725 21.256880000000002 20.16536 15.2783 15.03448 10.55082 20.73527 22.2593 10.59605 20.848599999999998 11.48411 22.32171 20.55869 22.24287 19.38472 22.03784 14.73775 20.130679999999998 13.58772 22.34118 21.72992 22.68078 20.95209 11.89926 
12.54565 21.71882 21.54702 13.55359 21.38333 21.27599 22.05281 18.26482 20.828560000000003 11.36948 21.29543 11.07389 19.0884 10.43421 21.57671 22.59597 13.10738 11.62398 19.78218 21.964219999999997 21.15594 18.1073 22.719929999999998 24.30314 14.07165 0 15.20577 21.75813 17.60932 21.0517 21.59448 19.90073 16.96234 21.36293 23.096629999999998 11.61246 12.9825 18.77382 21.92978 23.44854 12.52073 21.40868 20.48943 21.12636 21.597009999999997 22.54176 11.72952 22.8987 21.58573 17.07153 17.08547 11.66503 15.03136 10.30564 22.53474 16.92415 21.07611 13.7838 17.16569 22.7616 21.58499 18.41742 19.93034 16.48942 21.88648 21.59374 17.48787 22.428539999999998 23.3081 23.505 12.33469 13.5817 15.77214 14.76605 21.379469999999998 22.01782 17.87841 19.08611 23.0696 21.955689999999997 21.73026 13.54911 20.61531 21.807859999999998 15.04054 17.68573 20.802 22.46104 22.56232 15.34569 20.60886 23.77406 20.984659999999998 19.26445 20.39494 20.573990000000002 10.97072 15.03273 22.07931 23.28426 
21.45549 18.77344 12.1511 12.75077 12.79107 22.18795 22.4224 21.88863 10.79267 11.48056 20.582079999999998 15.51774 21.22684 23.395629999999997 19.82807 20.33027 22.173769999999998 21.92971 11.6044 14.31281 20.832520000000002 16.5481 22.873040000000003 10.29772 17.66469 15.20577 0 17.15259 19.86479 19.04491 16.58226 21.34827 22.46894 17.4021 12.16625 23.13076 23.42006 10.10275 21.30737 21.870620000000002 21.659889999999997 11.9411 22.92905 17.12774 21.70809 13.41096 21.44328 22.290309999999998 20.517960000000002 21.775799999999997 16.50473 15.09974 16.50063 22.519660000000002 19.53228 22.58904 16.60006 18.72326 14.04263 10.96256 20.517220000000002 15.84721 13.88594 10.79563 21.517879999999998 15.98886 20.91161 10.47715 21.23317 19.19076 20.18909 22.466920000000002 12.03449 21.03566 21.56917 21.58514 20.550780000000003 22.389960000000002 11.28018 19.0197 16.06861 23.612659999999998 22.35634 20.47336 20.26678 12.23567 21.149070000000002 21.81155 22.71956 21.69368 17.11053 21.659390000000002 20.69983 23.404870000000003 20.77445 15.77195 13.73473 14.17585 10.74599 21.52621 
16.28165 15.56898 23.26831 12.96242 21.55749 10.87319 16.02611 23.06673 20.33584 20.5833 17.50265 21.83537 11.78474 15.4933 18.77356 21.89015 12.24018 10.13415 17.40266 20.84335 22.50395 10.90546 21.21667 19.47669 17.99118 21.75813 17.15259 0 21.31348 22.50676 16.38106 20.8961 15.54164 21.85791 17.3698 22.79373 18.96637 24.91966 17.15991 21.44916 22.06568 20.88008 12.86997 21.84488 13.6503 16.02557 22.827869999999997 21.28687 20.7208 14.90573 23.06204 22.38439 19.42435 23.05376 12.9121 20.545180000000002 12.83628 17.0955 23.37836 18.62857 20.405839999999998 11.18023 22.36413 21.61616 21.23359 18.14623 23.129759999999997 11.30497 17.3819 15.61149 20.822899999999997 23.978589999999997 11.15005 10.09285 14.19564 22.45212 20.69931 11.27392 19.87693 13.28209 10.31693 20.90708 21.2607 19.52061 21.732590000000002 21.49464 13.89853 12.09635 17.96255 21.97763 19.86335 13.15409 12.42522 20.501289999999997 20.86644 19.48999 11.14488 15.9744 21.60335 22.05406 
13.79734 20.96091 21.357799999999997 16.45572 14.70087 15.4789 21.110210000000002 22.8963 21.55789 14.18062 10.30139 13.32638 21.22196 20.90914 23.66374 22.08163 21.2183 11.17933 22.32705 11.92718 21.0689 14.97999 10.23204 21.47273 21.614649999999997 17.60932 19.86479 21.31348 0 20.41764 21.83275 21.56712 21.29319 14.84643 18.44338 20.918120000000002 10.36605 20.93817 21.58804 20.470599999999997 20.543779999999998 19.87413 18.44922 12.36081 14.33558 12.86961 16.51587 15.7293 21.146160000000002 22.01623 22.52537 14.47504 16.41215 10.55298 22.23 18.57365 10.90443 20.16066 15.79339 21.60894 13.12157 21.79552 14.86991 22.10532 21.66716 10.49212 16.43994 21.45368 13.15922 12.90871 23.65136 17.76592 22.07742 20.47956 20.56254 17.77355 23.06194 14.62852 18.34797 13.96318 21.70962 21.44877 21.18471 11.29709 22.04531 21.15307 18.29472 12.35898 14.0192 12.03439 21.668149999999997 21.849800000000002 12.97584 20.639670000000002 20.64228 20.82133 20.94791 12.57743 21.87431 11.71122 
22.37054 11.34365 22.138579999999997 20.49852 21.69362 16.42055 13.39885 19.81316 20.47376 21.87736 20.92167 18.51556 17.68292 21.252000000000002 16.70587 16.58553 16.72605 12.37261 23.74664 15.67988 19.68962 20.90626 10.1856 21.440440000000002 16.36585 21.0517 19.04491 22.50676 20.41764 0 11.04905 14.06045 21.61135 21.92817 13.18572 21.34859 10.80798 20.93805 22.6814 20.22901 22.40776 12.56181 21.89189 21.896900000000002 21.185470000000002 17.69237 14.01121 25.03424 20.685940000000002 14.05405 12.20399 16.30805 19.18727 13.46982 17.03258 17.63239 16.44399 10.63681 18.53003 15.28264 22.42533 11.34703 22.64412 16.08031 13.68065 21.25445 22.67774 14.74317 22.91074 21.85893 10.85171 22.16782 16.18636 18.76548 21.00447 21.64406 23.1127 21.39659 22.7148 20.48037 16.83962 19.38805 14.90533 22.12295 22.589039999999997 21.66144 20.65772 11.33581 23.08127 17.73133 12.70085 20.55496 21.55831 20.5029 16.15706 21.72129 21.38984 21.615180000000002 22.30488 10.41638 
21.34062 13.78989 11.30974 21.316879999999998 10.64457 11.05802 22.962580000000003 22.265340000000002 10.20308 21.89751 22.05141 22.391640000000002 18.46782 11.16027 21.13935 11.64918 19.97199 13.42962 23.2252 15.808 16.88455 13.3554 21.234650000000002 14.02808 13.60761 21.59448 16.58226 16.38106 21.83275 11.04905 0 21.96914 11.52373 13.45594 19.26465 23.502920000000003 21.82447 17.67114 22.51428 22.33203 21.392290000000003 11.05371 23.12873 18.34736 20.65747 23.579079999999998 13.933 22.897019999999998 22.026829999999997 18.2198 12.47408 23.56792 22.406309999999998 21.47747 23.26935 17.55358 17.17506 19.53872 24.279960000000003 18.44925 16.77011 22.38401 16.01829 20.89203 22.22607 11.34063 11.62869 17.7635 20.64358 19.25138 21.560560000000002 19.72461 23.51347 20.44607 11.62798 22.80714 21.6046 21.50105 20.02618 19.46662 12.38355 20.97533 20.75255 21.73625 19.60121 21.471980000000002 19.60167 13.0453 14.01552 19.16865 18.59962 15.47665 19.28194 19.65886 21.69833 21.8126 18.78672 11.6028 15.14535 11.31543 
21.61966 21.25205 10.6594 18.89101 21.73047 16.86435 22.25214 12.22275 17.94947 16.45976 22.1259 21.76018 19.0873 15.46509 19.39203 16.39525 21.687530000000002 21.73576 10.4052 19.5803 18.81026 22.24555 11.33508 21.96765 19.49698 19.90073 21.34827 20.8961 21.56712 14.06045 21.96914 0 16.56748 20.7763 10.72712 21.60448 22.054650000000002 22.06592 19.83971 22.27247 19.12916 11.08191 10.79111 20.859090000000002 22.51435 18.22155 12.49884 22.71958 15.38575 22.13398 21.6027 19.07683 11.57983 14.76641 21.21248 19.76026 22.28864 15.90473 18.707 20.335169999999998 20.841340000000002 21.63881 17.42841 23.23777 23.15287 22.68104 16.46225 22.17407 16.91742 22.09139 21.92966 21.925330000000002 22.351039999999998 22.63619 12.18243 18.04451 19.79681 12.16274 21.005429999999997 21.629849999999998 21.30152 21.922089999999997 22.59607 21.55591 22.86424 12.61169 11.95003 22.18383 17.41262 13.14092 21.704749999999997 15.7253 17.99646 11.61978 11.87677 23.56286 22.11643 21.66059 16.4473 15.48276 
13.28164 16.00092 12.74543 20.98108 21.87601 20.89347 25.00936 13.22887 21.41422 10.98838 12.93564 21.528669999999998 18.99586 18.16047 21.19561 19.95899 20.62746 21.036360000000002 20.76418 18.51033 19.77544 20.82189 14.75199 17.97966 17.57036 16.96234 22.46894 15.54164 21.29319 21.61135 11.52373 16.56748 0 14.87949 20.42667 22.5447 19.77522 17.03493 20.68899 10.8083 21.10749 22.165010000000002 20.924 20.83663 16.65215 21.06696 20.740090000000002 18.32 10.99661 12.08289 18.3657 21.560699999999997 14.93108 10.74021 21.28885 17.56595 11.80771 21.045740000000002 20.36597 13.05944 13.75338 19.89566 11.80016 13.48776 12.39095 20.60726 15.97009 21.80413 21.52576 16.68741 21.353 22.32743 17.18111 13.69354 14.05154 14.67843 20.26504 20.983539999999998 17.52744 21.63087 18.70861 21.11532 14.23614 22.04564 21.6937 13.86228 21.23657 10.27554 20.3555 17.62771 21.97322 21.28899 21.41923 17.69777 20.56101 21.00856 21.04663 20.61206 13.08857 21.00319 
22.01871 20.772640000000003 19.69372 21.34221 21.06139 13.88772 14.2191 12.13244 16.195 19.88989 13.30522 10.28904 22.67106 11.04971 13.50151 10.85098 18.34489 15.59394 11.42963 21.55847 12.12217 21.499000000000002 22.561819999999997 13.40167 21.148130000000002 21.36293 17.4021 21.85791 14.84643 21.92817 13.45594 20.7763 14.87949 0 10.04918 13.68914 11.17698 20.62991 21.315779999999997 16.15232 22.38741 19.46625 23.38057 21.36505 16.04653 10.12314 22.322670000000002 20.947000000000003 21.91505 20.85296 15.30929 12.17954 17.46265 22.628459999999997 16.22319 14.33064 10.4832 17.69646 11.45813 21.989530000000002 22.56897 21.1238 21.53423 21.605040000000002 22.254669999999997 21.16846 13.80896 20.89961 12.27061 22.21147 11.07646 11.96797 18.35042 21.29049 18.61961 21.4955 21.59881 21.387340000000002 17.09101 12.26705 17.86528 21.254089999999998 20.35548 14.25398 17.30883 19.09231 15.72547 12.39816 15.74776 17.47676 11.42956 17.57688 20.50895 20.98528 22.80395 15.05735 14.18483 18.07401 22.2087 22.5229 
14.27932 19.33673 14.05205 16.01767 19.22683 18.64692 19.96946 22.181620000000002 12.46658 23.45035 11.39878 20.33822 15.14061 13.19328 21.680239999999998 20.90016 22.59443 21.4452 10.58289 11.50929 14.50159 19.16409 22.062199999999997 13.41813 17.13547 23.096629999999998 12.16625 17.3698 18.44338 13.18572 19.26465 10.72712 20.42667 10.04918 0 19.03114 16.50771 22.269 22.37928 21.11911 22.522280000000002 16.42402 13.70967 23.48969 20.89768 20.17232 21.559179999999998 21.17342 21.157069999999997 17.3575 13.19779 13.34957 22.13754 22.727559999999997 21.16152 15.8165 20.53238 17.66359 21.50731 20.51086 21.197119999999998 11.07462 22.294159999999998 14.19449 13.94216 14.94218 19.20845 19.70638 22.319789999999998 12.41174 21.12564 16.86436 22.94684 19.34447 13.88949 20.58327 20.673879999999997 11.33816 10.27831 18.78075 10.83651 21.42666 12.09583 23.36561 21.022309999999997 21.389029999999998 21.84505 17.65375 14.08216 11.30594 21.478740000000002 15.28043 12.92769 16.44471 17.43221 20.83943 12.12591 21.020899999999997 22.91224 15.85493 
13.69448 15.36907 16.26282 13.83721 24.21405 20.39938 13.87055 18.49643 18.69789 19.29988 11.614 18.92509 15.87103 20.897170000000003 23.10953 23.41141 22.560049999999997 15.12043 14.22996 20.6529 20.81545 20.919420000000002 13.66823 22.46533 10.30807 11.61246 23.13076 22.79373 20.918120000000002 21.34859 23.502920000000003 21.60448 22.5447 13.68914 19.03114 0 10.55207 20.58322 13.10786 16.41755 14.88312 21.50821 21.849870000000003 20.173769999999998 18.80526 22.274250000000002 13.05473 16.97875 22.939639999999997 13.72824 19.29018 13.62999 10.02465 21.918100000000003 23.15095 18.92796 10.73699 20.82326 22.482039999999998 22.921550000000003 22.84809 19.17217 20.845010000000002 12.33513 21.49203 21.11221 11.87423 16.61089 22.58193 16.53622 10.49688 12.6134 17.76729 20.66558 13.55843 17.74383 19.12072 21.262590000000003 19.1981 16.44092 15.57661 20.857460000000003 18.70728 22.38868 20.90412 13.96522 12.79246 23.78625 21.56624 15.5644 21.98276 16.47343 23.29091 13.08032 16.78369 24.36992 18.11836 21.57081 21.67197 22.20733 
20.753590000000003 21.32996 22.480919999999998 13.63615 17.91669 20.54823 10.74416 12.53025 20.3565 15.05398 20.66744 21.46602 26.397100000000002 21.141750000000002 18.25456 19.61355 22.34142 21.54538 15.71855 11.96335 19.43234 21.61046 15.93484 21.81675 20.86014 12.9825 23.42006 18.96637 10.36605 10.80798 21.82447 22.054650000000002 19.77522 11.17698 16.50771 10.55207 0 22.228949999999998 12.1346 20.88576 21.894640000000003 16.89887 22.71597 17.25865 23.22575 11.72218 22.44083 22.866500000000002 21.879350000000002 23.060090000000002 19.74943 21.13194 13.18851 17.1204 12.59888 20.56584 20.62068 15.34688 14.86815 20.8031 21.8766 21.74837 22.24014 18.16458 12.6376 20.85817 22.4263 22.498649999999998 20.9093 23.27476 21.04895 17.31416 14.59773 10.11351 10.19649 17.21214 12.70457 10.71052 19.66448 18.38094 23.06154 21.416580000000003 12.04181 21.66314 23.01874 19.84608 22.52962 22.143790000000003 24.38525 21.414610000000003 21.67713 24.008490000000002 13.92437 14.77854 19.95621 15.45601 10.58186 21.61902 22.574840000000002 21.22436 
21.47389 22.15042 11.68656 16.87236 20.99978 23.61133 12.72412 15.2859 20.89542 17.48865 12.49374 10.87903 19.50084 20.486629999999998 21.928440000000002 10.78937 22.24308 22.44186 11.76056 22.22856 21.21226 20.508879999999998 16.40342 16.48692 14.2324 18.77382 10.10275 24.91966 20.93817 20.93805 17.67114 22.06592 17.03493 20.62991 22.269 20.58322 22.228949999999998 0 11.53156 11.76787 11.60173 21.22711 23.17912 13.22756 22.19255 10.50677 20.447110000000002 14.49168 19.28269 16.30491 21.06961 22.85235 16.69709 21.33753 19.39931 21.34473 12.60593 14.64673 20.935090000000002 18.66567 23.15896 18.1351 20.812730000000002 10.78818 21.51043 21.65339 11.55167 15.79597 14.76017 12.30976 10.08634 22.87258 18.41397 14.85139 12.37124 15.48893 21.749229999999997 14.79661 21.38293 21.29432 14.60958 20.44692 20.73911 23.47027 10.16403 20.41658 19.36495 23.210990000000002 12.82037 20.71876 21.1231 11.76557 22.20739 20.39622 21.81383 12.32548 21.640279999999997 21.16027 20.84874 11.42346 
21.130789999999998 14.49099 13.02503 15.83767 21.37167 22.48502 22.576970000000003 10.97725 22.4416 11.50475 11.28665 22.11643 19.19666 21.4786 21.394669999999998 22.21419 13.29853 20.402169999999998 22.790529999999997 19.14249 18.86811 21.03798 12.4958 12.63742 20.56203 21.92978 21.30737 17.15991 21.58804 22.6814 22.51428 19.83971 20.68899 21.315779999999997 22.37928 13.10786 12.1346 11.53156 0 11.35318 20.66108 18.38487 13.31425 21.90865 11.09115 21.938769999999998 20.293680000000002 15.82499 21.5362 17.39816 21.299329999999998 19.65663 22.65211 18.33452 21.733240000000002 21.255629999999996 22.628079999999997 22.61399 19.41531 10.34481 13.48984 22.86375 10.99408 13.64741 18.00131 19.66922 10.88559 13.20134 22.51097 21.94492 13.64305 22.94071 22.467460000000003 20.129530000000003 13.79642 11.42858 21.779069999999997 17.55777 21.710520000000002 21.9359 18.66586 21.40399 15.76857 14.10213 13.73061 21.448300000000003 14.99768 23.161540000000002 19.62206 16.93673 22.168170000000003 11.87389 22.16699 17.80887 18.55528 14.90474 10.95906 22.95702 15.75365 16.27863 
