25
6 25 12 34 13 44 49 27 45 39 48 26 31 30 41 23 24 22 9 19 2 4 32 40 5
0 1506169131.72628 1998572931.05493 1476138976.97107 1090938233.75754 2382559245.18377 2081537979.7241 1750031182.44447 2168142005.25194 1357746441.38625 2203526350.47187 1909230635.69217 1919398090.52352 1286152985.05767 1067295698.95531 2226565970.6553497 1328237925.996 2089626467.69094 1027599167.60025 2039245339.8772101 2143815945.1101398 1763658549.83222 1092932939.33504 2174519807.45912 2306822244.32158 
1506169131.72628 0 2262247743.41168 1950341470.07466 2176402371.26479 2788353449.07433 2291171799.89615 1779503543.18169 1535365320.08475 2545494375.24264 2335974600.96852 2414897244.77776 1524320236.27899 2415375318.4286003 1302834837.90273 2484977175.6174097 2156509633.21068 2403549362.20541 1281078529.41364 2167358338.23374 2202822433.95512 2426761354.3274803 1928051671.63042 2538909423.98064 2628060364.79841 
1998572931.05493 2262247743.41168 0 1251610552.08298 1824730483.62412 2358174788.9740696 1987924993.94157 1695691039.68547 1153931853.52063 2242027994.2478 1659901246.44982 2388569578.66635 1405613976.57025 2556618229.97132 1755725829.92396 1185805124.03762 2161325954.0110497 2392753270.55908 1038480569.96062 2050126742.23758 1686161346.48285 2139452418.2991 1181566490.07779 2157475957.41652 2246626898.23429 
1476138976.97107 1950341470.07466 1251610552.08298 0 1504074559.45125 1106564236.89109 2413054207.01181 2115414142.78373 2319869409.4637403 2318395393.80552 1870596942.10959 2666849128.64632 2474530191.17914 1695089961.78724 2543434675.92638 2437415676.1205997 1703544060.61498 1141142718.4761 2290091122.0436 2120679193.0492 1053148209.89476 1000803603.68637 1926792802.2174 2178629230.63421 2173301294.59946 
1090938233.75754 2176402371.26479 1824730483.62412 1504074559.45125 0 1380289509.27327 1179410165.68806 2255423995.09432 2292021076.32099 2270514213.0316896 2346201237.7515097 1260464793.66717 2653385738.48302 2268237411.8709 2158233932.71285 1965691124.56857 2324009705.51556 2098366227.5019002 2118537401.35779 2402126796.5903 2213049070.73811 1474611887.96579 2093291352.1463299 1885899527.30986 2647109578.87888 
2382559245.18377 2788353449.07433 2358174788.9740696 1106564236.89109 1380289509.27327 0 2486971666.13486 1008849905.89264 2300304466.99337 2681004020.10297 2814498050.85446 1610515193.37727 1471822069.63216 1148136797.21396 2722577600.2523003 2518949903.1476603 2360164937.08689 1597340366.39681 1714422816.47757 2603083861.85451 2159712446.78585 2107367840.5774598 2535864017.10651 2179719713.27754 2966037719.83319 
2081537979.7241 2291171799.89615 1987924993.94157 2413054207.01181 1179410165.68806 2486971666.13486 0 1478121760.24222 2112034084.84851 1994171314.67881 2367939134.9911404 1175815254.06881 1679630476.10193 1540606955.61989 1231708483.47458 2322894584.5855703 1866742771.71826 2363642794.52734 1053938812.12385 2065584984.40081 2232476171.02442 1412250603.32544 2176791781.41831 1108489980.95262 2135589672.28475 
1750031182.44447 1779503543.18169 1695691039.68547 2115414142.78373 2255423995.09432 1008849905.89264 1478121760.24222 0 1291454561.10073 2273832862.0232 2162636742.92706 2526092286.24645 1075403272.47477 2116321608.45832 2485643235.92584 1689425316.93926 1548016646.2988 1922011238.84009 1683873253.37634 2369861948.4878397 1558084202.57814 1984721439.85605 2179381772.63568 2294998664.99662 1957187813.94055 
2168142005.25194 1535365320.08475 1153931853.52063 2319869409.4637403 2292021076.32099 2300304466.99337 2112034084.84851 1291454561.10073 0 1517256092.99189 1490654039.43985 1234637725.14572 2366857833.5755 2035127019.95947 2346700132.02075 2217948707.52884 1007394100.49042 2249452080.20279 2122463194.98877 2344916545.17017 2379387550.32793 2164618317.64032 2211864738.3513403 1003544103.89589 1092695044.71366 
1357746441.38625 2545494375.24264 2242027994.2478 2318395393.80552 2270514213.0316896 2681004020.10297 1994171314.67881 2273832862.0232 1517256092.99189 0 2927641276.52337 2256190432.72362 1888954396.93567 1844515222.1569 2425042140.34156 1367560350.22325 1517276794.39488 2393340673.44041 2278255726.64971 1266609554.37275 2208910198.15605 2386485143.73558 1060461504.17001 2246265603.46787 2455469071.5110903 
2203526350.47187 2335974600.96852 1659901246.44982 1870596942.10959 2346201237.7515097 2814498050.85446 2367939134.9911404 2162636742.92706 1490654039.43985 2927641276.52337 0 1203982857.47719 1567639502.91534 2211755475.68092 1136230651.51656 1981060828.5522 2498048139.93027 1634569084.73315 2698381816.41044 2392017015.78885 2372621300.44184 2644480206.20428 2526952760.61753 2494198143.33574 2527626103.38206 
1909230635.69217 2414897244.77776 2388569578.66635 2666849128.64632 1260464793.66717 1610515193.37727 1175815254.06881 2526092286.24645 1234637725.14572 2256190432.72362 1203982857.47719 0 2487496221.24509 1007772618.20373 1112062406.87503 2378585724.13743 1681119588.6646 1597409367.7647 1866106796.41974 1188034158.31166 1959606944.8211 1666045524.95995 1934338716.60402 1485064179.16991 1789840915.26357 
1919398090.52352 1524320236.27899 1405613976.57025 2474530191.17914 2653385738.48302 1471822069.63216 1679630476.10193 1075403272.47477 2366857833.5755 1888954396.93567 1567639502.91534 2487496221.24509 0 1479723603.04136 2558615829.6168203 1986992428.66037 2522857753.7518997 2181680316.12337 2444094546.53087 2008644309.80507 2170978855.22901 1732806392.64129 1405817676.68121 2402400400.84149 2823168202.08943 
1286152985.05767 2415375318.4286003 2556618229.97132 1695089961.78724 2268237411.8709 1148136797.21396 1540606955.61989 2116321608.45832 2035127019.95947 1844515222.1569 2211755475.68092 1007772618.20373 1479723603.04136 0 1800015497.81643 1370813105.9337 1212028139.87293 2439211804.02559 2131535356.9570699 1454947064.64055 2152794959.73259 2354003793.87922 2286479191.89209 1031582916.06358 2058682607.39571 
1067295698.95531 1302834837.90273 1755725829.92396 2543434675.92638 2158233932.71285 2722577600.2523003 1231708483.47458 2485643235.92584 2346700132.02075 2425042140.34156 1136230651.51656 1112062406.87503 2558615829.6168203 1800015497.81643 0 1313891849.80213 2395533624.95131 1656940751.81884 1823022974.3485 2300096565.1866903 1687766414.4058 2643959086.80002 2160228638.29035 2340198464.4272003 1930885847.93368 
2226565970.6553497 2484977175.6174097 1185805124.03762 2437415676.1205997 1965691124.56857 2518949903.1476603 2322894584.5855703 1689425316.93926 2217948707.52884 1367560350.22325 1981060828.5522 2378585724.13743 1986992428.66037 1370813105.9337 1313891849.80213 0 1851650228.83736 1641460430.77632 2224285693.99824 1523416426.82937 2407168225.11795 2462703413.10052 1536113601.69833 1214404603.63295 1470124913.79438 
1328237925.996 2156509633.21068 2161325954.0110497 1703544060.61498 2324009705.51556 2360164937.08689 1866742771.71826 1548016646.2988 1007394100.49042 1517276794.39488 2498048139.93027 1681119588.6646 2522857753.7518997 1212028139.87293 2395533624.95131 1851650228.83736 0 1242057979.71237 1466298573.42874 1923279115.08249 2469293955.0499 1560170365.83287 2381599796.80142 2010938204.38631 1625969861.69721 
2089626467.69094 2403549362.20541 2392753270.55908 1141142718.4761 2098366227.5019002 1597340366.39681 2363642794.52734 1922011238.84009 2249452080.20279 2393340673.44041 1634569084.73315 1597409367.7647 2181680316.12337 2439211804.02559 1656940751.81884 1641460430.77632 1242057979.71237 0 1940043364.19443 2129786710.83396 1558589372.80481 1009911121.47113 1332879169.2704 2533970528.05665 1630775379.36096 
1027599167.60025 1281078529.41364 1038480569.96062 2290091122.0436 2118537401.35779 1714422816.47757 1053938812.12385 1683873253.37634 2122463194.98877 2278255726.64971 2698381816.41044 1866106796.41974 2444094546.53087 2131535356.9570699 1823022974.3485 2224285693.99824 1466298573.42874 1940043364.19443 0 1011646172.27696 2192198130.8615303 2131521761.63979 1577329335.48999 1957172014.92244 2795866989.53008 
2039245339.8772101 2167358338.23374 2050126742.23758 2120679193.0492 2402126796.5903 2603083861.85451 2065584984.40081 2369861948.4878397 2344916545.17017 1266609554.37275 2392017015.78885 1188034158.31166 2008644309.80507 1454947064.64055 2300096565.1866903 1523416426.82937 1923279115.08249 2129786710.83396 1011646172.27696 0 1258182661.12893 1119875589.36283 1425687727.13025 2094926674.95824 2292373280.27592 
2143815945.1101398 2202822433.95512 1686161346.48285 1053148209.89476 2213049070.73811 2159712446.78585 2232476171.02442 1558084202.57814 2379387550.32793 2208910198.15605 2372621300.44184 1959606944.8211 2170978855.22901 2152794959.73259 1687766414.4058 2407168225.11795 2469293955.0499 1558589372.80481 2192198130.8615303 1258182661.12893 0 1080302010.22135 1148448693.98604 2232684442.69522 1560119041.33907 
1763658549.83222 2426761354.3274803 2139452418.2991 1000803603.68637 1474611887.96579 2107367840.5774598 1412250603.32544 1984721439.85605 2164618317.64032 2386485143.73558 2644480206.20428 1666045524.95995 1732806392.64129 2354003793.87922 2643959086.80002 2462703413.10052 1560170365.83287 1009911121.47113 2131521761.63979 1119875589.36283 1080302010.22135 0 2228750704.20739 1614107328.10653 1172497690.91309 
1092932939.33504 1928051671.63042 1181566490.07779 1926792802.2174 2093291352.1463299 2535864017.10651 2176791781.41831 2179381772.63568 2211864738.3513403 1060461504.17001 2526952760.61753 1934338716.60402 1405817676.68121 2286479191.89209 2160228638.29035 1536113601.69833 2381599796.80142 1332879169.2704 1577329335.48999 1425687727.13025 1148448693.98604 2228750704.20739 0 1435374213.44706 2462473904.77919 
2174519807.45912 2538909423.98064 2157475957.41652 2178629230.63421 1885899527.30986 2179719713.27754 1108489980.95262 2294998664.99662 1003544103.89589 2246265603.46787 2494198143.33574 1485064179.16991 2402400400.84149 1031582916.06358 2340198464.4272003 1214404603.63295 2010938204.38631 2533970528.05665 1957172014.92244 2094926674.95824 2232684442.69522 1614107328.10653 1435374213.44706 0 1027099691.33213 
2306822244.32158 2628060364.79841 2246626898.23429 2173301294.59946 2647109578.87888 2966037719.83319 2135589672.28475 1957187813.94055 1092695044.71366 2455469071.5110903 2527626103.38206 1789840915.26357 2823168202.08943 2058682607.39571 1930885847.93368 1470124913.79438 1625969861.69721 1630775379.36096 2795866989.53008 2292373280.27592 1560119041.33907 1172497690.91309 2462473904.77919 1027099691.33213 0 
