101
171 60 64 195 46 80 162 96 3 122 184 47 68 45 126 86 154 189 138 66 196 100 25 72 159 38 28 44 33 155 161 104 95 78 188 8 102 61 9 98 160 136 133 106 81 193 109 113 85 177 39 197 5 146 35 137 6 135 40 156 31 101 36 194 88 13 87 167 166 118 90 180 27 142 56 181 97 82 173 198 26 183 77 192 76 91 105 75 152 17 182 185 148 41 92 2 108 62 176 149 132
0 837299238.85453 803508137.05618 960821127.14531 858292998.90769 794639307.23068 830065805.12205 687792755.96605 864111622.40481 818895262.61467 820514666.08087 1222152717.39623 804209141.44754 1172632388.49172 797911909.63399 705584950.14947 724338415.49677 456571895.25787 544585483.55717 789502015.45167 365626339.07862 704547174.01767 715912460.26439 815023436.81531 297137917.03054 879929398.20981 776714176.70309 832222010.70144 1105578912.00428 1168530398.40814 629285687.47884 750469738.44322 1151649614.25398 775180328.03335 256193123.60232 803865028.60925 738725257.47861 1198555875.72939 799080056.3107 678151085.53584 680981319.98694 191082956.67528 118873851.49849 706324504.54578 1173426754.0602 426046023.95948 1106275808.64321 1081524698.64064 1225743494.25025 792733080.90246 1138372645.93345 545108992.75276 852015512.20756 480945540.14699 1149069467.93409 421655776.88561 850742940.77441 448162467.3393 870546194.47259 216050838.06506 866423836.93698 1224786890.99603 920152288.98431 290218446.95809 702164304.89855 711141181.70442 1213668830.02405 38907316.16975 484926640.02417 805116993.09158 735874000.17789 660322273.2464 773037852.45939 643375853.78656 859233791.13006 516731894.31786 1196160801.85508 791552621.56718 748471931.37137 295671448.98082 748285201.92331 67386514.16103 1255141784.45783 714013691.35018 754391310.81796 1149958837.55323 1220388612.60651 1222758966.59146 365424778.894 552048748.23368 660680426.40011 712796744.62814 564121204.28148 1174062178.47956 669054239.35031 906967241.55981 699112047.65194 827090202.61245 650441352.03436 247694206.36926 833600736.28538 
837299238.85453 0 37872721.91046 1783528857.14384 110574234.85747 163572447.93608 1235872888.391 1254229157.90933 666341167.35159 1496771369.92639 1413083296.29273 1288746936.38501 79052353.40227 1218849388.24494 1512962445.08443 1228865769.09191 1339460180.55081 1215382250.43094 1311619593.87724 68345949.70316 1036747108.53026 1330773705.0687 1552834026.72687 125052674.95996 565378245.69254 213693551.67934 1612765648.41692 209449960.74895 1001895493.85031 1615963978.3361 1437894005.69265 1341689811.92218 1884600624.89945 118909472.01007 1067963398.44923 663234369.58537 1333136406.08815 1312276632.85235 663254235.63207 1283778386.84559 165634549.8861 1016697868.59612 820611527.56562 1353705928.17453 1368257967.79923 887555608.68627 1889828263.79443 1877832970.82305 1937048920.44512 771395945.59716 1125029654.59726 935498581.74777 665224412.65849 1277808815.18476 1076075362.02428 1248728840.6538 665121153.78376 772498483.0045 257791449.25865 695825100.12346 1700653890.23364 1968867510.29026 369826477.46445 992463109.75681 1232445896.91261 670794092.83503 1926900051.0059 798435739.22508 357924404.77065 1470142000.49275 1238519009.11745 476018882.71288 1609152274.9461 249269626.5759 27313537.05388 1064876079.74486 1931362607.31706 197391511.27536 1570141171.67589 959835664.9955 1584791628.58738 802661592.71057 1453387536.69093 1212583932.41819 106027802.8644 1879432182.43094 1967404651.17438 1412734490.81086 602137518.66863 1387942362.97987 252163016.55193 1541266258.50777 650391058.95986 1178144361.6516 1240842439.34968 672234654.42391 1353851523.12573 13710186.22862 1417581408.83555 1076865011.45057 1605503539.31664 
803508137.05618 37872721.91046 0 1747638969.62531 104564438.59285 171496563.8986 1199454387.14736 1234131509.67375 639084176.58088 1473388237.20363 1375353981.35065 1259979450.47363 87074337.66797 1190224002.92085 1487882098.02964 1210309704.62288 1301618371.35737 1178318361.92233 1274541138.66993 34249134.99205 999195022.32557 1308770265.17703 1519317039.44074 137846196.29281 529127858.13689 202676178.65661 1579561461.11197 190370327.3287 976474309.34614 1579933291.27171 1401609340.07038 1321247330.8825 1846835235.03869 119160960.88941 1032339356.22705 633520525.79977 1312497593.42103 1282260773.4775 633355364.55885 1262302366.31574 140649899.94837 981728557.24184 784703707.87802 1330944256.76448 1336389011.08548 849710859.69531 1852626305.62263 1840912555.91923 1899193492.8155 739779792.16205 1097582309.46809 898112956.82605 637457170.27758 1241363212.98773 1050292780.06073 1216572443.41752 637300674.34561 734826294.05709 242616530.52211 659136599.97368 1667879813.33923 1931155050.30428 355210119.13093 955286583.07277 1213636339.74848 637827842.96091 1889049917.59887 764693099.27747 327179392.18778 1447227260.26509 1220910834.29103 442187384.21585 1575929688.81576 211724739.6467 55742771.33739 1027031951.21416 1893600337.86887 204954501.87757 1538837557.80013 922447302.43649 1551443473.54061 770197749.63401 1421837288.80518 1175174630.09774 94695142.6637 1841649304.49282 1929714756.50842 1381205822.65805 564341715.24063 1353476285.48268 238801029.86699 1509245249.09069 614078793.01311 1150566852.57869 1220406831.52055 646837956.01931 1330772760.43566 24912947.89195 1389557342.11619 1041964526.8299 1577697912.6448 
960821127.14531 1783528857.14384 1747638969.62531 0 1785842297.29056 1754633291.15164 1028825499.09799 1125488652.52346 1575408654.59665 968064179.9991 741590230.76512 1560896796.1676 1758852077.90969 1552615147.79186 880807577.83855 1185829109.96706 711273223.70005 593998952.07116 505979388.62705 1728776647.21025 791773834.75296 1040162420.38312 348351816.95744 1773345555.81594 1218739134.8619 1783607636.01897 341337392.06887 1736022118.60427 1643260191.12955 1067030855.61817 350097450.42217 1105085590.39034 462979808.3579 1732397800.04204 716028104.78744 1512728569.80794 1097331130.69057 1500477824.70499 1507727962.7235 1067624537.34603 1635132512.07224 771852363.94448 962940291.4936 1004843607.25425 1400634045.36031 1002420134.67177 269527993.80516 204416720.30342 561627848.17459 1430463510.14146 1587533305.82595 1046209360.05766 1562862566.24674 511382455.15428 1644198062.03 632606162.12961 1561541604.70959 1124249256.71706 1761196385.90745 1091142906.69139 353571631.55802 469092721.18487 1776727161.28834 810658750.02587 1176185470.86631 1415076087.49353 549996938.25037 998912658.62268 1441779547.51834 990983546.31235 1220066167.9099 1479210164.55277 341402701.5228 1561968230.95043 1802960309.11781 871581680.11475 478762605.03483 1752294101.08341 497568753.67524 851348233.64498 343045600.6731 1011584327.06485 1439755558.41457 897951820.39033 1708937259.0097 472557070.49345 457763153.0349 1431659974.28408 1211536745.65541 425754212.48034 1621468495.98087 458191696.08558 1300344664.79145 1592292130.81924 1114138024.22388 1619724276.96677 990829064.3156 1772143107.54554 739786836.71222 713349777.95398 722281651.87997 
858292998.90769 110574234.85747 104564438.59285 1785842297.29056 0 272358324.95273 1176459868.09171 1325475029.17216 571252841.11135 1558656260.43955 1371970931.01034 1195296546.9387 186832497.80825 1125168505.18977 1569530927.53015 1303925238.90707 1303398262.76001 1206278541.29203 1301968397.45509 88709994.15026 1020125553.33277 1396849698.92315 1572831540.38224 235156903.94097 570883207.65939 103399728.85642 1634508735.86592 107395908.79839 901973373.65414 1552353262.26962 1437186766.04867 1411942495.11386 1859558413.58567 222781582.99876 1074616157.04679 574531123.85736 1402888680.9245 1222087759.59775 575101998.62632 1351367361.46614 234313684.30844 1028742673.49818 826320921.26875 1417601165.21865 1283855778.81732 853893754.13361 1877034490.17533 1869016422.08509 1907111921.76355 688140696.56005 1028819356.74251 888936985.02452 571331889.7727 1275923795.58864 976660972.37485 1277092455.18942 571357044.47844 733103995.08563 149346154.64955 694915629.8477 1724702808.14868 1945492580.30098 260243511.25241 982783049.7664 1306897255.00519 593712295.98733 1897437268.32494 820004363.32454 400885100.19832 1533442584.67228 1315766484.5608 405971647.52353 1630794362.8039 224136548.25224 93530612.09233 1030079817.98462 1906363572.96185 306191921.01117 1602067427.33808 946893157.35382 1605738922.93135 831413277.45256 1367729649.10661 1165063896.08314 199013256.89712 1853711049.3092 1944707202.78039 1327069834.47151 582479360.3175 1402214718.56975 340731017.50802 1569646039.57632 593868515.51027 1082120666.71725 1311241151.41544 573281757.68579 1416823928.17094 103468291.32751 1463900260.18034 1089131238.8349 1652359617.36474 
794639307.23068 163572447.93608 171496563.8986 1754633291.15164 272358324.95273 0 1304328258.09399 1130693728.1494 796233223.83036 1384542993.37539 1452032996.38939 1410405791.97211 85536357.3522 1341281275.55546 1408001850.25637 1100300893.18344 1371647042.91081 1209210229.63096 1304901006.15829 200703252.25797 1044854744.32184 1213825978.29954 1499885757.52344 41414053.72457 558881368.61931 373575524.89727 1556781978.55077 361176390.09945 1136321416.07133 1687590772.28274 1416447245.85088 1218936036.15518 1895616311.04502 56766070.79845 1041019500.45381 783878935.61303 1211118900.34971 1428317857.59727 783111277.44591 1165072257.27545 144488944.7836 982798151.40131 801404265.49042 1239619491.2907 1474455851.94411 924101794.02357 1882532214.65339 1864716397.66639 1955110438.1336 882119421.47424 1252305405.54079 989646967.44479 793361387.95137 1260055112.55501 1209185195.67272 1186782376.36582 793070469.35256 820665929.91823 414089837.97839 691370260.57449 1640674326.5017 1976881073.42272 526663727.11967 991294141.87359 1104682439.42207 774921527.89314 1944306034.85098 756176372.03542 315308450.61505 1356123175.23372 1106945872.25711 578188384.78045 1553344007.18009 326628047.88531 187235748.75942 1099201607.92973 1942030074.79705 33858616.61847 1499765835.12969 964242937.36463 1530190761.02667 749362163.75424 1561147988.82572 1263466292.71117 94658800.43699 1891498722.54108 1974411412.03875 1520729852.19939 629768930.62624 1344995129.37044 138523839.40912 1476246133.03065 726884845.78362 1304796610.60797 1118568244.26283 807922666.49709 1241046850.70058 168962310.62788 1327797804.68562 1041422887.448 1513572515.04868 
830065805.12205 1235872888.391 1199454387.14736 1028825499.09799 1176459868.09171 1304328258.09399 0 1479492990.54568 711150270.83565 1523590697.20852 304763181.42911 534631692.91047 1258276052.63078 523808702.86302 1469061254.98764 1510254575.17544 317677970.4772 580143230.57598 605061351.45404 1167570522.5458 493495335.25931 1465059473.03302 1066097729.17998 1298246733.64644 813200800.46519 1118618328.5397 1125257283.10262 1082423411.79838 645102071.49416 383435557.67511 764723729.81054 1523541067.56669 837012737.17741 1255736585.80331 714419667.17694 665662185.16744 1511709923.07182 478650091.35976 662163241.26934 1453687990.79046 1160026716.1715 759494586.49932 717795101.49562 1453250838.14941 397808003.14119 426874704.23178 956031371.9091 985895790.31264 843066714.87623 546289971.51244 565486029.1838 325416778.91761 701817892.75693 677873109.96252 630486792.40362 993072190.47364 700841570.12014 493296808.96833 1075847179.39863 719025222.88122 1212482212.50459 926135291.03497 1031000305.70273 562651657.33157 1505019490.29393 601487850.96151 837623302.81187 836584880.31789 1040264327.25869 1522979496.61555 1543760882.12268 771480647.12019 1121682136.6559 990219817.12566 1241341527.64213 319314133.27329 878735944.85638 1322131086.66699 1214406082.7018 541173940.19699 1097605775.02582 890502300.17846 461823458.32712 148207952.15552 1218582667.96358 826539529.70971 930703905.47976 439834883.68545 696127997.1385 905482905.34809 1221821362.19743 1154668571.39389 585505647.31394 565233216.70292 1460875334.84955 744924335.15248 1442182475.77957 1222163010.36248 1285010587.3066 770469462.05908 1414682936.17455 
687792755.96605 1254229157.90933 1234131509.67375 1125488652.52346 1325475029.17216 1130693728.1494 1479492990.54568 0 1519389580.46511 280725389.54201 1383149576.90699 1908170669.01619 1187784203.21135 1859920363.51062 340600096.65825 63282482.29387 1289073052.03898 956410075.28422 996297512.88596 1238171154.28158 986129827.11873 108322663.65219 777137408.03415 1168388972.7709 906389333.16498 1388909816.50926 792838798.37147 1347951164.42948 1787528791.65171 1769684710.41773 953633121.81752 88390447.53846 1508633742.62763 1146628409.8471 771047924.88738 1464135256.0672 81593209.70247 1881745795.7779 1459753821.88759 61934946.71089 1093949408.84289 720291011.53672 805643294.24319 147643532.75925 1847823829.76621 1107456151.61109 1372112025.79445 1318221693.34586 1604059595.49581 1470579933.23887 1825822806.09409 1225650084.89393 1508281790.22007 900801457.0132 1834181585.91012 558506348.40847 1507113622.99681 1135381451.99403 1399891143.60956 886407720.40651 824587508.02782 1551875952.80159 1482700423.22665 917551108.34616 53274896.70122 1379364888.24805 1590978885.89059 700546502.97732 936246525.48915 246682130.20962 94876188.35915 1285177322.91218 791749103.17293 1167356197.2068 1281387833.51671 1160736387.54875 1542562244.83452 1107722386.56295 649904875.82978 943535611.67115 784874344.7176 649668466.29716 1926099176.58522 1344793041.10824 1148692820.75903 1512703663.5315 1542962588.10583 1896185984.43211 1020290631.50324 762418562.75749 1005165721.1726 673561946.72189 1235138907.61352 1861847971.53852 18831471.6576 1558805180.64247 158035590.254 1250178882.34123 394111485.20598 716545306.07604 508961204.09562 
864111622.40481 666341167.35159 639084176.58088 1575408654.59665 571252841.11135 796233223.83036 711150270.83565 1519389580.46511 0 1681643168.99852 977225701.66288 624057937.65785 721495301.21331 553919321.99154 1661886027.49598 1521396733.95456 938993790.40656 990312316.59995 1071049669.28372 605173531.82592 795957830.24031 1555665655.35118 1468341094.63951 771659527.02035 613724213.41502 481947384.30348 1534350015.77527 463889031.6686 340861302.01465 1051205093.93568 1237781722.69783 1593279191.63451 1511958310.79984 739512987.82236 960978747.85591 64270695.56413 1582059616.47054 652732532.0546 69404123.7148 1522459918.40634 676506296.14374 951298960.57312 765648006.55008 1562490940.87892 723561795.95392 578498519.66342 1586839028.0117 1598588512.1536 1535016900.5455 165230687.03889 458689306.71723 532311742.85355 12853867.60361 1088050323.34369 413032217.72202 1245703523.50978 14207533.34546 468389427.15279 432304008.38108 648414949.92315 1630266808.38352 1602009004.97155 350659286.81406 802801798.41685 1520633853.73983 164694228.57831 1527879778.89269 838960639.02595 680263129.23307 1666219262.95122 1544942911.14355 253904416.34624 1530385020.90271 486805067.01972 659237532.61383 707901530.19156 1556953202.47964 825542659.05334 1558096974.16516 758017628.19447 1503605499.22847 881885881.69009 804295748.91719 758020734.24092 701848270.07545 1503210226.38298 1604406436.79504 763891528.43988 502812177.91051 1283493470.10264 782248246.25777 1509435981.66636 305590581.10803 511812122.90715 1501575746.84506 45363248.12828 1556613732.18481 654213383.2582 1508377651.16976 1001797328.27307 1685217172.26479 
818895262.61467 1496771369.92639 1473388237.20363 968064179.9991 1558656260.43955 1384542993.37539 1523590697.20852 280725389.54201 1681643168.99852 0 1373020487.76952 1997546550.41661 1435061565.36244 1956729853.95351 88407465.42916 336205436.88763 1286088809.64848 956570060.88092 969720601.96273 1473632340.04153 1040083728.8564 177169256.58645 633237824.45118 1420421915.92219 1083582770.13335 1612638153.79521 627031669.33099 1569037985.26111 1917979246.41073 1766592501.2684 881008525.33265 203810725.43172 1395186298.8654 1394973703.53478 814803718.05396 1622175686.88175 204751949.3863 1962288230.42765 1617441747.88816 228808586.29015 1332818698.82615 784529093.05067 926231683.92314 145721491.49059 1911532046.1758 1202493005.71526 1231633365.90777 1170692107.50649 1494372456.26071 1609624995.34171 1936959103.86745 1314715727.79147 1669721448.31894 876840539.32841 1956338768.85958 533026354.76317 1668466754.38578 1256733197.93177 1617938864.22815 1033499377.83856 630345051.36587 1424186407.67576 1691165724.21 983065316.95988 327364841.86671 1530035079.47503 1481518137.57146 842698186.48496 1160130376.26681 35010423.0969 354220413.58712 1464770682.779 627210111.99869 1381952876.3848 1523490448.41443 1215541322.64076 1423003594.4148 1364022385.13476 470496303.45061 1018193035.34326 629068723.93582 800910769.31896 1983285534.34017 1379476425.4941 1392912892.37409 1401372170.11467 1413974534.39857 1957557859.90787 1179521836.78182 685027780.7961 1253528290.25834 513814606.50776 1383015075.38437 1967287730.44845 285327282.20769 1723823803.7925 143496686.51302 1491380418.3433 254989656.22778 759114187.02144 266431406.60459 
820514666.08087 1413083296.29273 1375353981.35065 741590230.76512 1371970931.01034 1452032996.38939 304763181.42911 1383149576.90699 977225701.66288 1373020487.76952 0 823315558.55073 1420716038.24939 821208100.9372 1306622188.15187 1424338359.51659 97123231.76491 426860859.74229 403791724.76076 1346508398.48218 456375591.69033 1347509933.833 836882131.67616 1453902195.63275 909177762.35403 1330615884.1419 888935927.36729 1289225647.105 948684650.10209 393590066.69317 528762264.30296 1411260059.21837 539182309.93729 1410083829.68185 623723258.57893 923896897.07167 1399920583.09498 760794733.00821 919697759.27589 1346502962.18281 1309249474.9821 687245884.82398 732052234.13591 1328328307.57086 659044988.35836 528300147.12362 651405802.97363 682855062.18597 557858296.58837 813419456.96831 869367249.03124 484587579.25411 966453659.55838 496249322.80046 935241863.18138 844794445.731 965322200.37104 640764509.03 1293153099.56661 787666173.19089 967614190.05769 629165414.38746 1267024621.58857 530786710.35574 1417512507.30166 843629255.71428 550654089.64837 840410528.75362 1156285355.56855 1378842436.27271 1459946285.01973 982506510.01705 885756674.79339 1164003412.87241 1423406810.02141 353091272.35474 582801332.62168 1463945701.11507 1001531649.94769 533856223.32714 864454102.22578 887560912.61257 700618333.00899 219503287.49391 1375849773.31036 529530834.8083 632728938.0793 690713470.98534 822273013.75868 703684626.58725 1348597258.8662 940874266.3324 784924350.86362 866470754.66776 1365490440.48847 1015628984.87325 1315733168.16691 1399599830.04226 1121378294.99119 673716284.50481 1221786905.26196 
1222152717.39623 1288746936.38501 1259979450.47363 1560896796.1676 1195296546.9387 1410405791.97211 534631692.91047 1908170669.01619 624057937.65785 1997546550.41661 823315558.55073 0 1339955758.27204 70192310.33388 1953116886.74707 1927736141.38525 851366984.055 1093827081.78616 1132091565.71821 1225809206.71975 961816188.58206 1913448409.68093 1592770402.63093 1389140403.52154 1082456918.60076 1104914045.84593 1653704117.63953 1087944069.21201 318714138.19717 646695953.44704 1296309984.96204 1965378038.91486 1317444244.11781 1354244801.99026 1185345050.48556 627060215.09643 1953485062.38913 71028473.93311 627583309.13112 1893289049.97684 1280943251.69098 1213233837.34133 1103459308.13316 1908332127.98442 196283276.86345 801656497.04358 1465598066.72966 1502888665.28612 1298990176.14555 533112759.6187 174424578.10221 685131475.57643 624130298.37304 1196417141.89614 249290353.39671 1481972258.17754 624153325.19431 782411837.71452 1055073567.43642 1044386827.33584 1742905125.79194 1401507367.76835 964639581.69138 1014675684.9536 1924260080.62454 644680379.32182 1296859427.72011 1214349278.96413 1238449408.59374 1991892239.8631 1957880715.47992 835964456.64327 1650032955.67964 1088397149.79574 1282689707.65814 791907341.99358 1353380431.72824 1437718474.13284 1732890359.14478 979545366.16206 1625274127.55284 1268189132.80907 232073746.08603 676440257.76251 1315802319.87389 1305502998.42714 1408384926.05068 202550072.86395 948011384.09159 1424543652.5602 1376851129.42697 1674353943.97843 743240132.15399 124034159.95271 1889354833.61782 625915708.99866 1898889241.04007 1276305757.74067 1774207753.9351 1240131673.79259 1919808619.24378 
804209141.44754 79052353.40227 87074337.66797 1758852077.90969 186832497.80825 85536357.3522 1258276052.63078 1187784203.21135 721495301.21331 1435061565.36244 1420716038.24939 1339955758.27204 0 1270437048.332 1454260448.07301 1160455739.84554 1343592736.39671 1200549744.27307 1296728964.48021 118431465.56849 1028319615.03493 1267007193.61574 1516835156.43704 51005400.97117 547184329.07066 288196472.09797 1575468072.28021 277441001.43292 1060236040.13762 1640509884.34774 1416256182.74629 1275630253.67691 1879025126.67016 41985081.90339 1042952522.12885 712907714.82763 1267359052.04497 1360349938.51784 712467418.92658 1219264064.5397 123724956.33304 988308145.27942 798267266.5127 1291112457.98864 1410944787.45715 892691711.41733 1875444316.31931 1860669801.55064 1934954185.62667 815657253.9764 1179304279.89125 949784691.77981 719326771.81421 1257616918.53922 1133704108.63002 1208214501.48256 719111391.52754 783058079.06995 329424751.95355 679740633.85541 1661653267.98732 1961911644.79086 442029455.00301 979406662.92701 1164345594.95116 711005983.25898 1924475984.94262 765336469.99383 319357359.05886 1407681454.16105 1168976282.34385 514086005.14698 1571929625.7013 269236112.88263 104347323.86125 1069474805.83461 1925660590.71138 119359922.29028 1526363512.64375 949355188.75408 1548085142.7376 764621691.66777 1497005074.60966 1225896610.03725 49932130.85546 1874362474.13897 1959960330.19816 1456446186.62189 601111688.04262 1356254700.65936 182618482.71727 1499831456.19152 675248271.18017 1232106979.74652 1174877179.6803 730905669.73537 1291776904.83361 83509259.97495 1365178463.23814 1047945973.90812 1552381834.0167 
1172632388.49172 1218849388.24494 1190224002.92085 1552615147.79186 1125168505.18977 1341281275.55546 523808702.86302 1859920363.51062 553919321.99154 1956729853.95351 821208100.9372 70192310.33388 1270437048.332 0 1914582680.6601 1877883275.80485 841373266.45592 1066973467.01804 1110453020.17531 1156069669.4964 926050953.62747 1868196333.8167 1569347694.26084 1319722405.14684 1022836001.30697 1034721914.59807 1631274528.14792 1017808353.65915 252628991.51226 677994596.04073 1277194210.44569 1918931767.33523 1328703968.26215 1285048925.96783 1147616322.11115 557635488.09572 1907061853.16667 117742924.44496 558250434.53997 1846701858.78842 1212507444.17143 1172274078.56009 1054341334.12129 1864219195.98799 234799093.60931 756412711.90603 1469118014.60367 1503646450.35229 1315420613.03069 465982732.90078 107517059.84023 642080002.7382 554068440.88787 1170614153.56632 186907772.67306 1446136889.78167 554101497.27221 729105443.35942 984881936.86328 989797614.53143 1721800360.60852 1414305349.13046 894636752.08712 975494118.63534 1874653042.14352 577884767.23504 1312617686.34895 1163271583.47367 1173297327.75652 1950084731.74634 1907498582.25253 767801364.18318 1627545676.00361 1019922160.17706 1212671191.9203 760002031.94032 1366138385.55674 1368775645.6873 1705117557.76327 938784974.88378 1602390749.03245 1216666469.1332 287266736.13029 659688751.01377 1246652191.38665 1317051477.13315 1420675278.98802 252964181.44369 888623372.86661 1397920635.46927 1309272135.46663 1647234976.18095 680821805.64639 63281360.29866 1841132360.20175 555773730.5381 1855085485.75814 1206438817.16181 1737361248.33305 1201734940.68303 1886867324.06619 
797911909.63399 1512962445.08443 1487882098.02964 880807577.83855 1569530927.53015 1408001850.25637 1469061254.98764 340600096.65825 1661886027.49598 88407465.42916 1306622188.15187 1953116886.74707 1454260448.07301 1914582680.6601 0 400764061.36545 1221771245.03419 895973593.37365 902831759.07716 1486105103.27193 992147221.8906 232322698.1905 548729535.85237 1442566146.65514 1074025277.03545 1618549436.77863 540149951.6221 1573894825.24226 1886311058.42482 1700050360.43714 805644290.83352 274958008.99195 1311209913.42583 1415000685.29221 767791276.05048 1601222882.47885 273169576.32331 1915499223.51459 1596389772.20365 282086310.43103 1347875642.60973 743960153.36638 899663333.82107 193827843.04877 1860371271.1369 1164350108.29639 1145230805.83165 1083817649.75344 1410644136.62402 1582211692.94483 1899152316.90148 1273802597.33164 1649731799.33031 811668805.17946 1921875485.17885 476020489.81998 1648452431.72288 1226124340.43689 1621135548.81745 1013914390.57393 541957950.90327 1338644512.10199 1689688951.89726 939099006.08762 391262788.78723 1507035022.76351 1397840269.20041 824812325.06775 1169023944.54887 117086141.62572 423386917.34557 1452699680.23859 540441602.34482 1384886578.21592 1539313229.25965 1165951099.81074 1338292632.84814 1389170292.67649 383352305.39043 976309131.52582 543165723.94844 787048359.44761 1930185100.70969 1323438612.85399 1410563628.63004 1317630899.91413 1328323498.15273 1905626771.25669 1162350931.94447 611257325.70342 1274361999.42629 428433523.41226 1360063928.52605 1927650394.38746 341190419.30374 1704862164.49653 185609671.95092 1506850839.14635 185670555.41001 713055724.03653 180273410.86587 
705584950.14947 1228865769.09191 1210309704.62288 1185829109.96706 1303925238.90707 1100300893.18344 1510254575.17544 63282482.29387 1521396733.95456 336205436.88763 1424338359.51659 1927736141.38525 1160455739.84554 1877883275.80485 400764061.36545 0 1329460426.36899 998367520.67555 1042207634.54217 1215981434.88241 1017903322.61299 169577821.52667 837532792.54583 1138792999.00434 907681142.83166 1370940453.94398 854530011.64355 1331149104.58033 1797370877.77311 1808391099.68377 1006156774.62297 134173646.71831 1564040483.28734 1118939969.78788 807231152.69031 1467581925.56577 131617966.58901 1903394564.31599 1463320018.07752 125192188.67957 1070896295.39682 753182460.3459 824305116.53488 209420491.04086 1873265237.9881 1129275333.67476 1430563784.76592 1377402698.46049 1658854456.12379 1479275820.55447 1840436089.7632 1248044258.18986 1510568612.71937 947057366.18382 1846020105.17864 609368265.16747 1509430132.05102 1150573113.49565 1384052050.08699 896943374.86006 887436917.43991 1608755396.87106 1470066083.13335 947605838.10562 10011931.36236 1385281298.91701 1645771262.44761 715090673.9537 920530991.70212 301482714.81135 36324006.66532 1282985470.25194 853374461.85668 1153813627.74054 1256129633.13755 1190988099.73263 1598585583.57117 1076115127.36497 712596445.35786 971372763.01837 846015271.528 662577451.61872 1952722022.3879 1378018753.32286 1122957854.6663 1567862044.20754 1599991984.90954 1921997549.0054 1026025820.54347 816879755.10025 978092507.00283 735349371.664 1242603829.79848 1877746943.97979 71778970.24976 1559856631.83393 220429558.64435 1225433805.21112 456803275.46054 753758851.95753 571251688.07666 
724338415.49677 1339460180.55081 1301618371.35737 711273223.70005 1303398262.76001 1371647042.91081 317677970.4772 1289073052.03898 938993790.40656 1286088809.64848 97123231.76491 851366984.055 1343592736.39671 841373266.45592 1221771245.03419 1329460426.36899 0 334003554.00769 321230085.65148 1273695165.31907 361353821.00468 1255597537.91866 769533188.19644 1375145105.56651 823332697.69724 1267224373.48677 824891783.66706 1224504594.60651 944325096.21732 482651191.96483 461917831.63719 1318856363.37347 574599931.21507 1331261197.43011 527157873.00094 882494101.408 1307439563.78907 793107880.47385 878027456.53637 1253416373.48528 1229899016.94176 590271755.733 637967290.16132 1237309151.86916 701147672.79091 451911073.08893 657370377.88592 679639130.70889 608056146.14988 778283649.35424 878414710.60884 424796581.21799 927613156.54647 410110614.68117 938573234.20826 755455064.43616 926416882.92465 570298701.12385 1231739421.6186 699134183.95527 907873821.29718 664323956.14509 1212478413.41917 435119649.62297 1322747517.2387 796575017.10481 599353059.2199 744896981.68732 1071685091.13565 1290814389.33808 1364958887.07715 922102027.29342 821522111.71863 1091205659.33492 1350944175.14662 274591322.83418 620325474.93708 1382352535.48793 928888074.09422 440144348.98451 798906523.174 791491582.08103 751794546.16127 193126901.32102 1297825697.43908 566497814.61822 666204322.81883 737366555.76654 742935543.88446 625602851.6135 1264771089.57549 868262591.72614 724353338.00572 881402852.59404 1271298889.8362 979449143.77869 1224889040.6298 1326106173.41801 1036171331.31584 577669172.9918 1143877318.88562 
456571895.25787 1215382250.43094 1178318361.92233 593998952.07116 1206278541.29203 1209210229.63096 580143230.57598 956410075.28422 990312316.59995 956570060.88092 426860859.74229 1093827081.78616 1200549744.27307 1066973467.01804 895973593.37365 998367520.67555 334003554.00769 0 96258921.05635 1156296181.67641 197947879.06894 921597326.61031 505468374.867 1221957519.25 653383223.74188 1196314253.37415 569365407.30334 1149255614.76981 1102730729.98889 816562137.75351 248080567.75925 984892538.67052 697191290.54167 1179101217.33358 214148622.79658 926679189.60683 973492850.10357 1046839816.8847 921600501.29843 919729876.37979 1078345627.63615 284217496.79127 410376355.53821 903545300.57332 977152227.08384 412356800.40572 674950406.14751 663049882.68853 769291895.57405 854533074.81286 1075758486.89458 474327863.45723 977579286.72703 104761243.63023 1118116265.13826 423872859.11471 976238530.97131 531383695.83955 1171473854.14945 520862246.09388 662951403.43765 773360901.98421 1183266944.56711 223564277.0473 991381621.3616 827449186.62584 757279138.99333 487260062.80048 894404570.74711 959749462.0142 1034135793.14041 885354811.85828 565513573.54708 982401714.69943 1232494790.52348 313152232.47737 742387208.07869 1212484127.07947 639077152.63006 260515214.34939 539541271.97901 521952060.99348 1041526383.14506 432244946.25234 1151330475.11122 694916759.45728 769814907.31477 1019940218.02175 625158156.78499 330975261.87986 1084813422.97127 580589958.61809 707403954.3898 1092908305.01111 938817260.90066 1035272978.68398 891213907.72008 1203180500.4327 710539442.78136 255671583.24967 834542392.59316 
544585483.55717 1311619593.87724 1274541138.66993 505979388.62705 1301968397.45509 1304901006.15829 605061351.45404 996297512.88596 1071049669.28372 969720601.96273 403791724.76076 1132091565.71821 1296728964.48021 1110453020.17531 902831759.07716 1042207634.54217 321230085.65148 96258921.05635 0 1252439674.19799 288225380.01338 952037862.94459 461316110.50675 1317927299.03976 749548380.99427 1290818348.53479 521622990.99277 1243909210.51547 1164226165.28326 797288400.9593 171581337.05521 1017117241.6065 607069977.75172 1275125473.50352 293299937.02449 1007973254.79168 1006079481.65883 1080898637.65474 1002941755.94733 955157913.72923 1174449241.33951 363786632.27172 505015698.32822 930540416.75217 1002198052.69505 496444147.1548 578730071.74818 567106165.37621 682919508.45624 929988002.8397 1127394248.83949 546200374.21123 1058423157.63618 95660209.1015 1174670826.23729 445466981.54502 1057093754.14753 618647079.98469 1265279553.10981 617080738.43219 611357584.67005 681024340.22696 1274700821.10327 319546810.84843 1034641468.89928 909750539.2603 670623248.56982 576914922.95145 989929296.30805 976314603.36548 1078375829.60121 976208922.20875 517961250.06518 1078194729.65575 1328684450.68868 375751213.64013 651615596.95615 1307860607.08082 611791628.03783 355431946.64082 493352672.75391 608527497.51573 1060802754.37587 457858508.87786 1247480816.39296 605483281.45835 677050093.91975 1042412460.37488 720366295.40739 305260674.82889 1179854063.43591 551511166.56769 794668831.7546 1140744528.13248 979383091.07323 1115652043.82558 917575525.82786 1299406533.78868 717608236.56842 325274878.82885 822920639.81316 
789502015.45167 68345949.70316 34249134.99205 1728776647.21025 88709994.15026 200703252.25797 1167570522.5458 1238171154.28158 605173531.82592 1473632340.04153 1346508398.48218 1225809206.71975 118431465.56849 1156069669.4964 1486105103.27193 1215981434.88241 1273695165.31907 1156296181.67641 1252439674.19799 0 975231883.17505 1310678176.40611 1505367292.45776 169432738.47604 510107080.57783 178185441.6963 1566148405.57873 160694979.78077 942920717.87345 1547618067.72958 1381836689.85884 1324858109.9128 1821386507.05971 146029312.2658 1014343477.86936 599295148.88426 1315902436.00514 1248015034.2255 599120552.71211 1264827091.60186 145677114.84423 965215274.64752 766212764.96599 1331982191.98739 1302232175.13803 821905371.64644 1829977001.9785 1819225958.71327 1872716885.07114 705582833.2608 1063592003.95949 867993478.29241 603455104.21645 1221207678.91187 1016642555.24989 1205090616.20498 603289788.06869 705768175.32391 214750540.72638 638651241.37405 1655182615.48722 1906092387.22253 326946793.2627 932949975.88105 1219044068.61828 603846649.5086 1862669690.46869 750826281.58776 319978933.19376 1448024057.51079 1227538945.03752 408447138.12532 1562485456.87875 182561382.45321 77443277.52674 999178912.0721 1868172964.85264 233548998.52869 1528567955.89455 899282633.3971 1537785183.45652 758603367.84187 1387645907.08727 1145098690.80572 115924940.5768 1816052111.31553 1904801479.20427 1347011982.42618 538989158.50665 1337798368.30167 253013327.00831 1497849061.45378 582076828.68858 1116552834.35154 1224094790.67169 613356144.67765 1331447742.51244 54650443.64262 1384073165.59644 1025556364.96886 1572419508.87953 
365626339.07862 1036747108.53026 999195022.32557 791773834.75296 1020125553.33277 1044854744.32184 493495335.25931 986129827.11873 795957830.24031 1040083728.8564 456375591.69033 961816188.58206 1028319615.03493 926050953.62747 992147221.8906 1017903322.61299 361353821.00468 197947879.06894 288225380.01338 975231883.17505 0 972649901.4158 680020784.02855 1053801697.11364 486248606.12063 1004710763.03528 745665052.41945 958169313.63124 931646908.80478 806772742.58913 445559202.8863 1030422942.39655 851117143.12584 1010249335.32562 225286698.95525 731996020.35608 1018571924.10393 923356834.39937 726889613.5023 960334679.52428 908502166.92284 265999408.04032 277107306.99953 962156325.92292 872272960.06136 217676978.28785 857038074.52318 851382319.46359 910919721.49403 666073804.81105 920655760.9519 297585641.4804 783161692.46327 292145151.81148 954534098.76638 520294420.49774 781814216.59566 333709038.50459 978058845.53229 354872800.28657 841153699.5552 933592428.21824 986517219.63884 75702159.51359 1012449944.25087 632180569.64605 899927926.37978 384126969.1614 734384312.30489 1036913787.69699 1051800044.72504 688156071.30183 741720134.18638 797543427.14958 1052240936.52059 176460811.81069 897657022.04055 1051480841.69898 792196904.89186 82208373.66593 715082025.05273 432174378.24727 946269489.88536 360840845.74429 980063078.4131 846784135.8757 931674515.98273 918994129.08468 437736455.36353 496708874.63121 927812520.21584 737562855.12168 509602927.40741 944026726.5474 967541497.23483 841131410.75285 951474022.09437 1024105879.37162 812402490.06058 281130888.01305 961644718.80003 
704547174.01767 1330773705.0687 1308770265.17703 1040162420.38312 1396849698.92315 1213825978.29954 1465059473.03302 108322663.65219 1555665655.35118 177169256.58645 1347509933.833 1913448409.68093 1267007193.61574 1868196333.8167 232322698.1905 169577821.52667 1255597537.91866 921597326.61031 952037862.94459 1310678176.40611 972649901.4158 0 692855222.86679 1250446141.18044 947392943.9286 1455264782.44124 702932991.15727 1412835609.31392 1810094171.15354 1738123542.2644 893010540.08445 67002872.21347 1438028461.71219 1226434125.42033 750926484.73853 1498311490.8191 57689241.69412 1883304491.74891 1493754786.62086 51673008.07696 1168138137.12086 707823518.59023 818983810.42309 39999182.97002 1842431426.7531 1112059702.91388 1292725974.76681 1236559430.30182 1534956251.1251 1496126582.37648 1840097191.49676 1228411536.67759 1544151483.67911 856489407.75716 1853226954.7101 507145562.34598 1542940135.34747 1151628524.4757 1463267609.16222 912756376.97194 728070017.68724 1476961605.16487 1541281986.63437 908162564.97338 159842779.48359 1409890097.60195 1521907794.03919 722704200.07164 1001646977.50487 144977138.08095 195574563.42826 1328999822.70636 702156570.90045 1228436551.3456 1357714732.15576 1148940769.06367 1470145362.63434 1192363075.16168 555056935.98137 938216837.00821 697480451.00129 675551963.35337 1918276484.2546 1326036123.56857 1226064831.07972 1442782733.99348 1467621466.24503 1889972061.20238 1053261310.53879 697873746.56876 1084776549.78947 583752728.4657 1263846338.9996 1873775156.80097 109573000.57728 1596464349.10189 52153053.81993 1325948685.51473 301314191.3649 695061399.61756 401816979.01125 
715912460.26439 1552834026.72687 1519317039.44074 348351816.95744 1572831540.38224 1499885757.52344 1066097729.17998 777137408.03415 1468341094.63951 633237824.45118 836882131.67616 1592770402.63093 1516835156.43704 1569347694.26084 548729535.85237 837532792.54583 769533188.19644 505468374.867 461316110.50675 1505367292.45776 680020784.02855 692855222.86679 0 1523818284.66236 1004117131.5467 1587928302.62155 66008921.13675 1539876165.12134 1606578637.59505 1218071298.09664 308380393.9539 758304412.25529 762506253.96569 1485706650.61825 516521067.44994 1404070399.07638 750243532.91552 1542163245.13188 1398936970.92571 719393916.08316 1394514380.85113 548373107.97552 754801089.88041 658261733.56756 1462604393.35266 895426613.53694 601691391.50808 543966278.46885 862026705.77095 1345409883.58605 1581024633.94039 974162040.14163 1455487227.03689 400731059.58843 1623423575.17744 319299173.80656 1454133561.29504 999988628.30493 1573572295.34966 890911925.98551 161925713.745 791445248.02707 1608685931.74509 665539378.71077 827873713.90303 1303646866.06219 849252480.2738 754668449.23136 1197891527.5836 653003705.1891 871720234.77989 1322884986.72197 62043926.2642 1354420543.88265 1575023704.97732 818514170.84153 789776346.85733 1492684605.81444 176287840.01093 710323477.58054 35264404.58996 752256923.60526 1518991917.11462 919153699.99679 1467322659.38385 769022008.89635 781413471.58831 1501965788.45465 1031503683.8235 184847624.53786 1362484465.79015 121352600.36919 1169537708.19815 1597245961.70542 765822165.37385 1513704342.76679 644186992.08924 1542790610.24737 394107303.61689 488981311.15106 412236010.88688 
815023436.81531 125052674.95996 137846196.29281 1773345555.81594 235156903.94097 41414053.72457 1298246733.64644 1168388972.7709 771659527.02035 1420421915.92219 1453902195.63275 1389140403.52154 51005400.97117 1319722405.14684 1442566146.65514 1138792999.00434 1375145105.56651 1221957519.25 1317927299.03976 169432738.47604 1053801697.11364 1250446141.18044 1523818284.66236 0 569349475.1804 337524047.55703 1581429799.87504 328171848.28703 1110732445.58672 1681044362.19919 1433115451.89114 1256548107.37259 1904918802.42007 43889671.94753 1058390246.17955 762096576.82885 1248604461.81388 1408804603.58637 761561535.55528 1201968996.62787 145664373.04322 1001666916.51817 816273081.76667 1275750277.52447 1457939493.04932 925602790.85446 1896266946.72146 1879822736.46987 1962708607.552 863488170.43442 1229141960.4903 986782024.19958 769327066.89554 1275648026.57727 1184091141.52214 1212353085.54804 769093522.58162 818841352.4003 379654297.53825 702182840.69705 1666255163.76353 1986974580.62943 492218710.92696 1002383976.22011 1143050241.2654 757900182.37553 1952060240.26636 776331574.80227 331620050.85781 1392305876.46684 1145903878.52802 560866799.03946 1577950645.23025 312669123.48145 147445758.0725 1101702453.66852 1951449608.11195 73935025.04477 1527467884.21556 973899561.0262 1554513404.39025 772048126.79164 1544232209.85193 1261988736.34307 79665122.86894 1900539446.98024 1984749734.51919 1503715048.12718 632239538.98629 1366534483.73279 168889629.40041 1502787535.87466 717250480.39809 1281873861.81059 1156045763.32103 781526798.54594 1276949270.23663 131855240.41903 1359367430.94802 1060776222.95471 1545696986.05581 
