50
a9 a42 a43 a47 a51 a71 a74 a87 a90 a98 a17 a50 a52 a55 a99 a11 a21 a23 a39 a44 a46 a48 a53 a75 a81 a82 a33 a79 a83 a93 a12 a18 a28 a37 a56 a65 a80 a2 a8 a25 a73 a77 a78 a94 a97 a59 a60 a86 a88 a0
0 1786.0 1860.0 1364.0 889.0 1449.0 756.0 1145.0 1912.0 1533.0 1608.0 2098.0 1592.0 1913.0 1697.0 461.0 1678.0 622.0 536.0 1362.0 1105.0 94.0 684.0 1065.0 1137.0 878.0 945.0 1631.0 1875.0 126.0 53.0 53.0 108.0 447.0 1995.0 1667.0 78.0 1895.0 1853.0 1509.0 1928.0 1643.0 1824.0 624.0 1968.0 483.0 1695.0 805.0 1416.0 1669.0 
1786.0 0 1102.0 2112.0 2354.0 1475.0 1788.0 2297.0 1562.0 1710.0 1658.0 1706.0 1194.0 617.0 1529.0 2143.0 1444.0 2227.0 2146.0 1944.0 1460.0 1880.0 2335.0 1998.0 2502.0 1644.0 1672.0 1424.0 1539.0 1660.0 1735.0 1735.0 1894.0 1956.0 1249.0 1452.0 1760.0 1023.0 1341.0 1661.0 1759.0 962.0 1367.0 2225.0 1752.0 2122.0 1470.0 2365.0 1745.0 1453.0 
1860.0 1102.0 0 1519.0 1410.0 1176.0 1664.0 1822.0 702.0 766.0 745.0 835.0 942.0 490.0 616.0 1526.0 752.0 1628.0 1324.0 1351.0 1336.0 1954.0 1874.0 1050.0 1687.0 1502.0 1299.0 657.0 668.0 1866.0 1822.0 1822.0 1752.0 1512.0 395.0 751.0 1795.0 79.0 470.0 974.0 891.0 344.0 499.0 1626.0 939.0 1504.0 1008.0 1678.0 801.0 743.0 
1364.0 2112.0 1519.0 0 2147.0 2361.0 1272.0 2439.0 2032.0 2127.0 1940.0 2314.0 1776.0 1503.0 1811.0 903.0 2250.0 1916.0 1118.0 1756.0 1850.0 1458.0 1941.0 1941.0 1579.0 1947.0 1710.0 1993.0 1995.0 1386.0 1313.0 1311.0 1440.0 1219.0 1874.0 2267.0 1338.0 1440.0 1783.0 1951.0 2146.0 1705.0 1754.0 1918.0 2071.0 881.0 2356.0 1247.0 2162.0 2259.0 
889.0 2354.0 1410.0 2147.0 0 2183.0 1539.0 1258.0 1955.0 644.0 1847.0 2088.0 1585.0 1742.0 1930.0 1244.0 1438.0 739.0 1334.0 2213.0 1890.0 983.0 464.0 1850.0 1920.0 1767.0 1707.0 2020.0 1921.0 911.0 838.0 836.0 959.0 1235.0 1546.0 1421.0 863.0 1331.0 1712.0 2216.0 2075.0 1596.0 1683.0 737.0 1728.0 1266.0 1968.0 1588.0 2045.0 1429.0 
1449.0 1475.0 1176.0 2361.0 2183.0 0 1994.0 1931.0 1588.0 1594.0 1172.0 1665.0 813.0 866.0 1301.0 1618.0 745.0 2020.0 1400.0 2193.0 672.0 1543.0 2044.0 1579.0 1817.0 571.0 1921.0 1314.0 1559.0 1488.0 1413.0 1415.0 1557.0 1465.0 1184.0 762.0 1440.0 1097.0 1286.0 782.0 1407.0 832.0 1315.0 2022.0 1053.0 1640.0 924.0 1486.0 812.0 754.0 
756.0 1788.0 1664.0 1272.0 1539.0 1994.0 0 1831.0 2035.0 1893.0 2220.0 2184.0 1713.0 1179.0 2091.0 413.0 2074.0 1308.0 645.0 1992.0 1367.0 850.0 1336.0 1717.0 1089.0 1474.0 1575.0 1436.0 2017.0 778.0 705.0 703.0 738.0 746.0 1744.0 2073.0 730.0 1585.0 1819.0 1461.0 1949.0 1524.0 1848.0 1310.0 2052.0 391.0 2032.0 757.0 2031.0 2065.0 
1145.0 2297.0 1822.0 2439.0 1258.0 1931.0 1831.0 0 1687.0 1902.0 1595.0 1969.0 1774.0 1688.0 1586.0 1536.0 1186.0 523.0 1626.0 2283.0 2182.0 1137.0 794.0 2002.0 1901.0 2023.0 2037.0 1926.0 1650.0 1203.0 1130.0 1128.0 1253.0 1423.0 1529.0 1185.0 1155.0 1877.0 1352.0 1856.0 1773.0 1882.0 1381.0 521.0 1476.0 1558.0 2278.0 1880.0 1852.0 1177.0 
1912.0 1562.0 702.0 2032.0 1955.0 1588.0 2035.0 1687.0 0 1311.0 720.0 849.0 1357.0 953.0 591.0 1732.0 870.0 1376.0 1867.0 1691.0 1460.0 1990.0 1647.0 1303.0 1056.0 1721.0 1449.0 938.0 37.0 1786.0 1861.0 1861.0 2020.0 2062.0 409.0 869.0 1886.0 757.0 335.0 839.0 756.0 1022.0 364.0 1374.0 953.0 1743.0 1514.0 1440.0 835.0 861.0 
1533.0 1710.0 766.0 2127.0 644.0 1594.0 1893.0 1902.0 1311.0 0 1415.0 1444.0 941.0 1098.0 1286.0 1480.0 1331.0 1383.0 1300.0 1959.0 1944.0 1627.0 1108.0 1702.0 2156.0 2128.0 1907.0 1423.0 1277.0 1555.0 1482.0 1480.0 1603.0 1455.0 902.0 1348.0 1507.0 687.0 1079.0 1583.0 1500.0 952.0 1108.0 1381.0 1446.0 1502.0 1324.0 1824.0 1401.0 1340.0 
1608.0 1658.0 745.0 1940.0 1847.0 1172.0 2220.0 1595.0 720.0 1415.0 0 1412.0 1015.0 1049.0 129.0 2069.0 427.0 1777.0 1974.0 1772.0 1844.0 1702.0 2052.0 1243.0 1481.0 1743.0 1593.0 1167.0 738.0 1734.0 1661.0 1661.0 1628.0 1967.0 972.0 426.0 1686.0 728.0 899.0 1403.0 901.0 993.0 870.0 1779.0 717.0 2091.0 1519.0 2065.0 1399.0 418.0 
2098.0 1706.0 835.0 2314.0 2088.0 1665.0 2184.0 1969.0 849.0 1444.0 1412.0 0 1591.0 1097.0 1424.0 1947.0 1003.0 1952.0 1743.0 1824.0 993.0 2192.0 2223.0 1436.0 1834.0 1699.0 1731.0 916.0 815.0 2120.0 2045.0 2047.0 2153.0 1932.0 542.0 1002.0 2072.0 890.0 617.0 1121.0 1038.0 1155.0 646.0 1950.0 1086.0 1969.0 1652.0 1825.0 1117.0 994.0 
1592.0 1194.0 942.0 1776.0 1585.0 813.0 1713.0 1774.0 1357.0 941.0 1015.0 1591.0 0 585.0 1144.0 1926.0 588.0 1761.0 1810.0 1608.0 1428.0 1498.0 2032.0 804.0 1660.0 1384.0 1562.0 1288.0 1320.0 1718.0 1645.0 1645.0 1700.0 1699.0 1125.0 605.0 1670.0 991.0 1122.0 1342.0 1268.0 930.0 1151.0 1759.0 896.0 1948.0 594.0 1936.0 1578.0 597.0 
1913.0 617.0 490.0 1503.0 1742.0 866.0 1179.0 1688.0 953.0 1098.0 1049.0 1097.0 585.0 0 920.0 1532.0 903.0 1618.0 1537.0 1335.0 851.0 1923.0 1726.0 1389.0 1893.0 1035.0 1056.0 871.0 930.0 1944.0 1869.0 1871.0 1859.0 1528.0 640.0 902.0 1896.0 411.0 732.0 1052.0 1150.0 350.0 758.0 1616.0 1184.0 1510.0 853.0 1756.0 1133.0 894.0 
1697.0 1529.0 616.0 1811.0 1930.0 1301.0 2091.0 1586.0 591.0 1286.0 129.0 1424.0 1144.0 920.0 0 1961.0 556.0 1906.0 1845.0 1643.0 1763.0 1791.0 2181.0 1372.0 1610.0 1872.0 1597.0 1273.0 609.0 1719.0 1646.0 1644.0 1757.0 1946.0 984.0 555.0 1671.0 599.0 907.0 1411.0 1030.0 864.0 936.0 1908.0 846.0 1983.0 1528.0 2031.0 1321.0 547.0 
461.0 2143.0 1526.0 903.0 1244.0 1618.0 413.0 1536.0 1732.0 1480.0 2069.0 1947.0 1926.0 1532.0 1961.0 0 1748.0 1013.0 232.0 1808.0 954.0 555.0 1041.0 1371.0 676.0 1061.0 1317.0 1843.0 1695.0 483.0 410.0 408.0 554.0 333.0 1588.0 1747.0 435.0 1447.0 1411.0 1048.0 1832.0 1182.0 1440.0 1015.0 1683.0 22.0 1796.0 344.0 1618.0 1739.0 
1678.0 1444.0 752.0 2250.0 1438.0 745.0 2074.0 1186.0 870.0 1331.0 427.0 1003.0 588.0 903.0 556.0 1748.0 0 1640.0 1886.0 1845.0 1417.0 1601.0 1902.0 834.0 1072.0 1316.0 1749.0 758.0 836.0 1732.0 1705.0 1703.0 1570.0 1874.0 563.0 17.0 1730.0 810.0 638.0 1012.0 680.0 714.0 637.0 1638.0 308.0 1770.0 1094.0 1656.0 1138.0 9.0 
622.0 2227.0 1628.0 1916.0 739.0 2020.0 1308.0 523.0 1376.0 1383.0 1777.0 1952.0 1761.0 1618.0 1906.0 1013.0 1640.0 0 1103.0 1871.0 1659.0 618.0 275.0 1619.0 1689.0 1500.0 1514.0 1743.0 1339.0 680.0 607.0 605.0 730.0 900.0 1512.0 1623.0 632.0 1549.0 1335.0 1839.0 1698.0 1814.0 1306.0 2.0 1930.0 1035.0 2144.0 1357.0 1835.0 1631.0 
536.0 2146.0 1324.0 1118.0 1334.0 1400.0 645.0 1626.0 1867.0 1300.0 1974.0 1743.0 1810.0 1537.0 1845.0 232.0 1886.0 1103.0 0 1682.0 750.0 630.0 929.0 1323.0 908.0 829.0 1265.0 1646.0 1833.0 542.0 498.0 498.0 428.0 207.0 1560.0 1888.0 471.0 1403.0 1635.0 1280.0 2021.0 1414.0 1664.0 1105.0 1828.0 254.0 1725.0 576.0 1850.0 1880.0 
1362.0 1944.0 1351.0 1756.0 2213.0 2193.0 1992.0 2283.0 1691.0 1959.0 1772.0 1824.0 1608.0 1335.0 1643.0 1808.0 1845.0 1871.0 1682.0 0 2175.0 1456.0 2046.0 1340.0 2483.0 2240.0 1542.0 1476.0 1657.0 1488.0 1415.0 1415.0 1254.0 1593.0 1384.0 1844.0 1440.0 1272.0 1404.0 1647.0 1296.0 1537.0 1433.0 1869.0 1903.0 1830.0 2188.0 2152.0 1904.0 1836.0 
1105.0 1460.0 1336.0 1850.0 1890.0 672.0 1367.0 2182.0 1460.0 1944.0 1844.0 993.0 1428.0 851.0 1763.0 954.0 1417.0 1659.0 750.0 2175.0 0 1199.0 1651.0 2045.0 1630.0 772.0 1906.0 1549.0 1423.0 1127.0 1052.0 1054.0 1160.0 939.0 1282.0 1434.0 1079.0 1257.0 1125.0 715.0 1488.0 1196.0 1096.0 1661.0 1419.0 976.0 1463.0 1298.0 1187.0 1426.0 
94.0 1880.0 1954.0 1458.0 983.0 1543.0 850.0 1137.0 1990.0 1627.0 1702.0 2192.0 1498.0 1923.0 1791.0 555.0 1601.0 618.0 630.0 1456.0 1199.0 0 778.0 1159.0 1231.0 972.0 1039.0 1725.0 1953.0 220.0 147.0 147.0 202.0 541.0 2008.0 1590.0 172.0 1989.0 1947.0 1603.0 2022.0 1737.0 1918.0 616.0 1891.0 577.0 1601.0 899.0 1510.0 1592.0 
684.0 2335.0 1874.0 1941.0 464.0 2044.0 1336.0 794.0 1647.0 1108.0 2052.0 2223.0 2032.0 1726.0 2181.0 1041.0 1902.0 275.0 929.0 2046.0 1651.0 778.0 0 1643.0 1717.0 1562.0 1243.0 1968.0 1610.0 706.0 631.0 633.0 792.0 1030.0 1783.0 1885.0 658.0 1795.0 1606.0 2089.0 1969.0 2060.0 1577.0 273.0 2192.0 1063.0 2379.0 1385.0 1993.0 1893.0 
1065.0 1998.0 1050.0 1941.0 1850.0 1579.0 1717.0 2002.0 1303.0 1702.0 1243.0 1436.0 804.0 1389.0 1372.0 1371.0 834.0 1619.0 1323.0 1340.0 2045.0 1159.0 1643.0 0 1888.0 1943.0 1721.0 1564.0 1269.0 1087.0 1012.0 1014.0 1173.0 1387.0 996.0 817.0 1039.0 1129.0 1071.0 1575.0 1480.0 1394.0 1100.0 1621.0 1124.0 1349.0 1398.0 1146.0 1571.0 825.0 
1137.0 2502.0 1687.0 1579.0 1920.0 1817.0 1089.0 1901.0 1056.0 2156.0 1481.0 1834.0 1660.0 1893.0 1610.0 676.0 1072.0 1689.0 908.0 2483.0 1630.0 1231.0 1717.0 1888.0 0 1737.0 1993.0 1167.0 1019.0 1159.0 1086.0 1084.0 1230.0 1009.0 1376.0 1071.0 1111.0 1742.0 1317.0 1724.0 1680.0 1763.0 1346.0 1691.0 1362.0 698.0 1965.0 1020.0 1817.0 1063.0 
878.0 1644.0 1502.0 1947.0 1767.0 571.0 1474.0 2023.0 1721.0 2128.0 1743.0 1699.0 1384.0 1035.0 1872.0 1061.0 1316.0 1500.0 829.0 2240.0 772.0 972.0 1562.0 1943.0 1737.0 0 1823.0 845.0 1684.0 1004.0 931.0 931.0 986.0 1036.0 1575.0 1333.0 956.0 1441.0 1752.0 1353.0 1358.0 1380.0 1734.0 1502.0 1624.0 1083.0 1495.0 1405.0 1383.0 1325.0 
945.0 1672.0 1299.0 1710.0 1707.0 1921.0 1575.0 2037.0 1449.0 1907.0 1593.0 1731.0 1562.0 1056.0 1597.0 1317.0 1749.0 1514.0 1265.0 1542.0 1906.0 1039.0 1243.0 1721.0 1993.0 1823.0 0 1250.0 1412.0 984.0 911.0 909.0 837.0 1176.0 1291.0 1738.0 936.0 1220.0 1114.0 1618.0 1535.0 1367.0 1143.0 1516.0 1835.0 1339.0 1909.0 1661.0 1614.0 1740.0 
1631.0 1424.0 657.0 1993.0 2020.0 1314.0 1436.0 1926.0 938.0 1423.0 1167.0 916.0 1288.0 871.0 1273.0 1843.0 758.0 1743.0 1646.0 1476.0 1549.0 1725.0 1968.0 1564.0 1167.0 845.0 1250.0 0 901.0 1667.0 1592.0 1594.0 1653.0 1623.0 978.0 747.0 1619.0 736.0 920.0 834.0 515.0 1001.0 891.0 1745.0 1048.0 1827.0 828.0 1538.0 1404.0 749.0 
1875.0 1539.0 668.0 1995.0 1921.0 1559.0 2017.0 1650.0 37.0 1277.0 738.0 815.0 1320.0 930.0 609.0 1695.0 836.0 1339.0 1833.0 1657.0 1423.0 1953.0 1610.0 1269.0 1019.0 1684.0 1412.0 901.0 0 1749.0 1824.0 1824.0 1983.0 2025.0 375.0 835.0 1849.0 723.0 298.0 802.0 719.0 988.0 327.0 1337.0 919.0 1706.0 1485.0 1477.0 798.0 827.0 
126.0 1660.0 1866.0 1386.0 911.0 1488.0 778.0 1203.0 1786.0 1555.0 1734.0 2120.0 1718.0 1944.0 1719.0 483.0 1732.0 680.0 542.0 1488.0 1127.0 220.0 706.0 1087.0 1159.0 1004.0 984.0 1667.0 1749.0 0 75.0 75.0 234.0 472.0 2017.0 1715.0 100.0 1900.0 1875.0 1531.0 1895.0 1665.0 1846.0 682.0 2022.0 505.0 1821.0 827.0 1438.0 1723.0 
53.0 1735.0 1822.0 1313.0 838.0 1413.0 705.0 1130.0 1861.0 1482.0 1661.0 2045.0 1645.0 1869.0 1646.0 410.0 1705.0 607.0 498.0 1415.0 1052.0 147.0 631.0 1012.0 1086.0 931.0 911.0 1592.0 1824.0 75.0 0 2.0 161.0 399.0 1942.0 1720.0 27.0 1844.0 1802.0 1458.0 1889.0 1592.0 1773.0 609.0 2013.0 432.0 1748.0 754.0 1363.0 1714.0 
53.0 1735.0 1822.0 1311.0 836.0 1415.0 703.0 1128.0 1861.0 1480.0 1661.0 2047.0 1645.0 1871.0 1644.0 408.0 1703.0 605.0 498.0 1415.0 1054.0 147.0 633.0 1014.0 1084.0 931.0 909.0 1594.0 1824.0 75.0 2.0 0 161.0 399.0 1944.0 1720.0 27.0 1842.0 1800.0 1456.0 1891.0 1590.0 1771.0 607.0 2011.0 430.0 1748.0 752.0 1365.0 1712.0 
108.0 1894.0 1752.0 1440.0 959.0 1557.0 738.0 1253.0 2020.0 1603.0 1628.0 2153.0 1700.0 1859.0 1757.0 554.0 1570.0 730.0 428.0 1254.0 1160.0 202.0 792.0 1173.0 1230.0 986.0 837.0 1653.0 1983.0 234.0 161.0 161.0 0 339.0 1988.0 1559.0 186.0 1796.0 1951.0 1602.0 2036.0 1736.0 1932.0 732.0 1860.0 576.0 1803.0 898.0 1524.0 1561.0 
447.0 1956.0 1512.0 1219.0 1235.0 1465.0 746.0 1423.0 2062.0 1455.0 1967.0 1932.0 1699.0 1528.0 1946.0 333.0 1874.0 900.0 207.0 1593.0 939.0 541.0 1030.0 1387.0 1009.0 1036.0 1176.0 1623.0 2025.0 472.0 399.0 399.0 339.0 0 1767.0 1863.0 424.0 1575.0 1744.0 1381.0 1979.0 1515.0 1773.0 902.0 1777.0 355.0 1750.0 677.0 1762.0 1865.0 
1995.0 1249.0 395.0 1874.0 1546.0 1184.0 1744.0 1529.0 409.0 902.0 972.0 542.0 1125.0 640.0 984.0 1588.0 563.0 1512.0 1560.0 1384.0 1282.0 2008.0 1783.0 996.0 1376.0 1575.0 1291.0 978.0 375.0 2017.0 1942.0 1944.0 1988.0 1767.0 0 562.0 1969.0 450.0 177.0 681.0 598.0 715.0 206.0 1510.0 544.0 1610.0 1110.0 1385.0 677.0 554.0 
1667.0 1452.0 751.0 2267.0 1421.0 762.0 2073.0 1185.0 869.0 1348.0 426.0 1002.0 605.0 902.0 555.0 1747.0 17.0 1623.0 1888.0 1844.0 1434.0 1590.0 1885.0 817.0 1071.0 1333.0 1738.0 747.0 835.0 1715.0 1720.0 1720.0 1559.0 1863.0 562.0 0 1745.0 827.0 637.0 1011.0 663.0 697.0 626.0 1621.0 307.0 1769.0 1101.0 1655.0 1137.0 8.0 
78.0 1760.0 1795.0 1338.0 863.0 1440.0 730.0 1155.0 1886.0 1507.0 1686.0 2072.0 1670.0 1896.0 1671.0 435.0 1730.0 632.0 471.0 1440.0 1079.0 172.0 658.0 1039.0 1111.0 956.0 936.0 1619.0 1849.0 100.0 27.0 27.0 186.0 424.0 1969.0 1745.0 0 1839.0 1827.0 1483.0 1916.0 1617.0 1798.0 634.0 2038.0 457.0 1773.0 779.0 1390.0 1739.0 
1895.0 1023.0 79.0 1440.0 1331.0 1097.0 1585.0 1877.0 757.0 687.0 728.0 890.0 991.0 411.0 599.0 1447.0 810.0 1549.0 1403.0 1272.0 1257.0 1989.0 1795.0 1129.0 1742.0 1441.0 1220.0 736.0 723.0 1900.0 1844.0 1842.0 1796.0 1575.0 450.0 827.0 1839.0 0 525.0 1029.0 946.0 265.0 554.0 1547.0 994.0 1425.0 929.0 1733.0 722.0 819.0 
1853.0 1341.0 470.0 1783.0 1712.0 1286.0 1819.0 1352.0 335.0 1079.0 899.0 617.0 1122.0 732.0 907.0 1411.0 638.0 1335.0 1635.0 1404.0 1125.0 1947.0 1606.0 1071.0 1317.0 1752.0 1114.0 920.0 298.0 1875.0 1802.0 1800.0 1951.0 1744.0 177.0 637.0 1827.0 525.0 0 504.0 421.0 790.0 29.0 1333.0 721.0 1433.0 1252.0 1208.0 500.0 629.0 
1509.0 1661.0 974.0 1951.0 2216.0 782.0 1461.0 1856.0 839.0 1583.0 1403.0 1121.0 1342.0 1052.0 1411.0 1048.0 1012.0 1839.0 1280.0 1647.0 715.0 1603.0 2089.0 1575.0 1724.0 1353.0 1618.0 834.0 802.0 1531.0 1458.0 1456.0 1602.0 1381.0 681.0 1011.0 1483.0 1029.0 504.0 0 925.0 1294.0 533.0 1837.0 704.0 1070.0 748.0 704.0 570.0 1003.0 
1928.0 1759.0 891.0 2146.0 2075.0 1407.0 1949.0 1773.0 756.0 1500.0 901.0 1038.0 1268.0 1150.0 1030.0 1832.0 680.0 1698.0 2021.0 1296.0 1488.0 2022.0 1969.0 1480.0 1680.0 1358.0 1535.0 515.0 719.0 1895.0 1889.0 1891.0 2036.0 1979.0 598.0 663.0 1916.0 946.0 421.0 925.0 0 1165.0 392.0 1696.0 970.0 1854.0 1333.0 1629.0 921.0 671.0 
1643.0 962.0 344.0 1705.0 1596.0 832.0 1524.0 1882.0 1022.0 952.0 993.0 1155.0 930.0 350.0 864.0 1182.0 714.0 1814.0 1414.0 1537.0 1196.0 1737.0 2060.0 1394.0 1763.0 1380.0 1367.0 1001.0 988.0 1665.0 1592.0 1590.0 1736.0 1515.0 715.0 697.0 1617.0 265.0 790.0 1294.0 1165.0 0 819.0 1812.0 1004.0 1160.0 1194.0 1526.0 987.0 705.0 
1824.0 1367.0 499.0 1754.0 1683.0 1315.0 1848.0 1381.0 364.0 1108.0 870.0 646.0 1151.0 758.0 936.0 1440.0 637.0 1306.0 1664.0 1433.0 1096.0 1918.0 1577.0 1100.0 1346.0 1734.0 1143.0 891.0 327.0 1846.0 1773.0 1771.0 1932.0 1773.0 206.0 626.0 1798.0 554.0 29.0 533.0 392.0 819.0 0 1304.0 750.0 1462.0 1281.0 1237.0 529.0 628.0 
624.0 2225.0 1626.0 1918.0 737.0 2022.0 1310.0 521.0 1374.0 1381.0 1779.0 1950.0 1759.0 1616.0 1908.0 1015.0 1638.0 2.0 1105.0 1869.0 1661.0 616.0 273.0 1621.0 1691.0 1502.0 1516.0 1745.0 1337.0 682.0 609.0 607.0 732.0 902.0 1510.0 1621.0 634.0 1547.0 1333.0 1837.0 1696.0 1812.0 1304.0 0 1928.0 1037.0 2142.0 1359.0 1833.0 1629.0 
1968.0 1752.0 939.0 2071.0 1728.0 1053.0 2052.0 1476.0 953.0 1446.0 717.0 1086.0 896.0 1184.0 846.0 1683.0 308.0 1930.0 1828.0 1903.0 1419.0 1891.0 2192.0 1124.0 1362.0 1624.0 1835.0 1048.0 919.0 2022.0 2013.0 2011.0 1860.0 1777.0 544.0 307.0 2038.0 994.0 721.0 704.0 970.0 1004.0 750.0 1928.0 0 1661.0 1150.0 1348.0 1221.0 299.0 
483.0 2122.0 1504.0 881.0 1266.0 1640.0 391.0 1558.0 1743.0 1502.0 2091.0 1969.0 1948.0 1510.0 1983.0 22.0 1770.0 1035.0 254.0 1830.0 976.0 577.0 1063.0 1349.0 698.0 1083.0 1339.0 1827.0 1706.0 505.0 432.0 430.0 576.0 355.0 1610.0 1769.0 457.0 1425.0 1433.0 1070.0 1854.0 1160.0 1462.0 1037.0 1661.0 0 1818.0 366.0 1640.0 1761.0 
1695.0 1470.0 1008.0 2356.0 1968.0 924.0 2032.0 2278.0 1514.0 1324.0 1519.0 1652.0 594.0 853.0 1528.0 1796.0 1094.0 2144.0 1725.0 2188.0 1463.0 1601.0 2379.0 1398.0 1965.0 1495.0 1909.0 828.0 1485.0 1821.0 1748.0 1748.0 1803.0 1750.0 1110.0 1101.0 1773.0 929.0 1252.0 748.0 1333.0 1194.0 1281.0 2142.0 1150.0 1818.0 0 1452.0 989.0 1101.0 
805.0 2365.0 1678.0 1247.0 1588.0 1486.0 757.0 1880.0 1440.0 1824.0 2065.0 1825.0 1936.0 1756.0 2031.0 344.0 1656.0 1357.0 576.0 2152.0 1298.0 899.0 1385.0 1146.0 1020.0 1405.0 1661.0 1538.0 1477.0 827.0 754.0 752.0 898.0 677.0 1385.0 1655.0 779.0 1733.0 1208.0 704.0 1629.0 1526.0 1237.0 1359.0 1348.0 366.0 1452.0 0 1274.0 1647.0 
1416.0 1745.0 801.0 2162.0 2045.0 812.0 2031.0 1852.0 835.0 1401.0 1399.0 1117.0 1578.0 1133.0 1321.0 1618.0 1138.0 1835.0 1850.0 1904.0 1187.0 1510.0 1993.0 1571.0 1817.0 1383.0 1614.0 1404.0 798.0 1438.0 1363.0 1365.0 1524.0 1762.0 677.0 1137.0 1390.0 722.0 500.0 570.0 921.0 987.0 529.0 1833.0 1221.0 1640.0 989.0 1274.0 0 1129.0 
1669.0 1453.0 743.0 2259.0 1429.0 754.0 2065.0 1177.0 861.0 1340.0 418.0 994.0 597.0 894.0 547.0 1739.0 9.0 1631.0 1880.0 1836.0 1426.0 1592.0 1893.0 825.0 1063.0 1325.0 1740.0 749.0 827.0 1723.0 1714.0 1712.0 1561.0 1865.0 554.0 8.0 1739.0 819.0 629.0 1003.0 671.0 705.0 628.0 1629.0 299.0 1761.0 1101.0 1647.0 1129.0 0 
