26
LvMdIjX0jABBCx0f HPz55dPyaiA4LleA Pps9hBYUJriCzF5p m07fBBaR3IYPFw2k KnmMTi5uhDHL1DSP HJucR7YaXgHXTFqk qUOopto2qmWqitCg f1LIvlqyBdPPDeaG TWEGlO1q70mKRpvN FdnuUOBtLnTa2eWp G4iQyfavWm6ry6d9 docbLXkpp9fCvVZj ixPL7Lqpu7XI0Hn5 xMBjmp8wr7fOBpjr 8YJlzlYvHFqZkPCS kI208LqKhhZoNj6u sY5camW0y4X1AVR6 hLLPjkXm8y96K9Ly nON5WYvv911liCqG 34MhuU98ExeQvRDn Dezvj5mGWjop4mp6 T8Jf9e4B0kfWdowV wf0O0uAXjL7va06e jcceK5EDFSw6S05n ic35MVGraeffmUec Vxh5vN8JKH03lvAK
0 1309166928.38482 4084756894.6545897 6473922716.567369 9448482373.74557 11148395488.7937 11380556918.95884 13496526293.185719 15710430345.42902 19234862238.80264 20174445780.41628 23742082863.457027 26392625512.729485 29326586578.158123 32025412629.014324 34094666528.738953 35678543233.74979 38210184902.47733 41281497344.10257 42143897370.5497 44131542819.856514 46202458545.96649 49164721361.001305 51272470662.29947 54029409373.72988 1461287298.38779 
1309166928.38482 0 2775589966.26977 5164755788.18255 8139315445.360751 9839228560.408882 10071389990.574022 12187359364.800901 14401263417.044203 17925695310.417824 18865278852.031464 22432915935.072212 25083458584.34467 28017419649.773308 30716245700.62951 32785499600.354137 34369376305.36497 36901017974.092514 39972330415.71775 40834730442.16488 42822375891.471695 44893291617.58167 47855554432.616486 49963303733.91465 52720242445.34506 2770454226.7726097 
4084756894.65459 2775589966.26977 0 2389165821.91278 5363725479.09098 7063638594.13911 7295800024.30425 9411769398.53113 11625673450.774431 15150105344.148052 16089688885.761692 19657325968.80244 22307868618.074898 25241829683.503536 27940655734.359737 30009909634.084366 31593786339.095196 34125428007.822742 37196740449.44798 38059140475.89511 40046785925.20193 42117701651.311905 45079964466.34672 47187713767.64488 49944652479.075294 5546044193.04238 
6473922716.567369 5164755788.182549 2389165821.91278 0 2974559657.1782 4674472772.22633 4906634202.39147 7022603576.61835 9236507628.86165 12760939522.235271 13700523063.848911 17268160146.88966 19918702796.162117 22852663861.590755 25551489912.446957 27620743812.171585 29204620517.182415 31736262185.90996 34807574627.5352 35669974653.98233 37657620103.28915 39728535829.399124 42690798644.43394 44798547945.7321 47555486657.16251 7935210014.955159 
9448482373.74557 8139315445.360749 5363725479.09098 2974559657.1782 0 1699913115.04813 1932074545.21327 4048043919.4401503 6261947971.683451 9786379865.057072 10725963406.670712 14293600489.711462 16944143138.983923 19878104204.41256 22576930255.26876 24646184154.99339 26230060860.00422 28761702528.731766 31833014970.357006 32695414996.80414 34683060446.11095 36753976172.220924 39716238987.25574 41823988288.5539 44580926999.984314 10909769672.13336 
11148395488.793701 9839228560.40888 7063638594.13911 4674472772.22633 1699913115.04813 0 232161430.16514 2348130804.39202 4562034856.635321 8086466750.008941 9026050291.622581 12593687374.663332 15244230023.935793 18178191089.364433 20877017140.220634 22946271039.945263 24530147744.956093 27061789413.68364 30133101855.30888 30995501881.756012 32983147331.06282 35054063057.1728 38016325872.20761 40124075173.505775 42881013884.93619 12609682787.181492 
11380556918.958841 10071389990.57402 7295800024.30425 4906634202.39147 1932074545.21327 232161430.16514 0 2115969374.22688 4329873426.4701805 7854305319.843801 8793888861.457441 12361525944.498192 15012068593.770653 17946029659.19929 20644855710.055492 22714109609.78012 24297986314.79095 26829627983.518497 29900940425.143738 30763340451.59087 32750985900.89768 34821901627.00766 37784164442.04247 39891913743.34064 42648852454.77105 12841844217.346632 
13496526293.185722 12187359364.800901 9411769398.53113 7022603576.618351 4048043919.4401503 2348130804.3920197 2115969374.22688 0 2213904052.2433 5738335945.6169195 6677919487.230559 10245556570.271309 12896099219.54377 15830060284.97241 18528886335.82861 20598140235.553238 22182016940.564068 24713658609.291615 27784971050.916855 28647371077.363987 30635016526.670795 32705932252.780777 35668195067.81559 37775944369.113754 40532883080.54417 14957813591.573513 
15710430345.429022 14401263417.0442 11625673450.77443 9236507628.86165 6261947971.683451 4562034856.635321 4329873426.4701805 2213904052.2433 0 3524431893.37362 4464015434.98726 8031652518.028009 10682195167.30047 13616156232.72911 16314982283.585312 18384236183.30994 19968112888.32077 22499754557.048317 25571066998.673557 26433467025.12069 28421112474.427498 30492028200.53748 33454291015.57229 35562040316.87045 38318979028.300865 17171717643.816813 
19234862238.80264 17925695310.41782 15150105344.148048 12760939522.23527 9786379865.05707 8086466750.00894 7854305319.8438 5738335945.6169195 3524431893.37362 0 939583541.6136401 4507220624.65439 7157763273.92685 10091724339.35549 12790550390.211689 14859804289.93632 16443680994.94715 18975322663.674698 22046635105.29994 22909035131.74707 24896680581.05388 26967596307.16386 29929859122.19867 32037608423.49683 34794547134.92724 20696149537.19043 
20174445780.41628 18865278852.03146 16089688885.761688 13700523063.84891 10725963406.67071 9026050291.62258 8793888861.45744 6677919487.230559 4464015434.98726 939583541.6136401 0 3567637083.04075 6218179732.31321 9152140797.74185 11850966848.59805 13920220748.32268 15504097453.33351 18035739122.061058 21107051563.6863 21969451590.13343 23957097039.44024 26028012765.55022 28990275580.58503 31098024881.88319 33854963593.313602 21635733078.80407 
23742082863.457027 22432915935.07221 19657325968.80244 17268160146.88966 14293600489.71146 12593687374.66333 12361525944.49819 10245556570.27131 8031652518.02801 4507220624.65439 3567637083.04075 0 2650542649.27246 5584503714.7011 8283329765.557301 10352583665.28193 11936460370.29276 14468102039.020311 17539414480.64555 18401814507.09268 20389459956.39949 22460375682.50947 25422638497.54428 27530387798.84244 30287326510.272854 25203370161.84482 
26392625512.72949 25083458584.34467 22307868618.0749 19918702796.16212 16944143138.983921 15244230023.935791 15012068593.77065 12896099219.543772 10682195167.30047 7157763273.926849 6218179732.31321 2650542649.27246 0 2933961065.42864 5632787116.28484 7702041016.00947 9285917721.0203 11817559389.74785 14888871831.373089 15751271857.820219 17738917307.12703 19809833033.23701 22772095848.27182 24879845149.56998 27636783861.000393 27853912811.11728 
29326586578.15813 28017419649.77331 25241829683.503544 22852663861.590763 19878104204.412563 18178191089.364433 17946029659.19929 15830060284.972412 13616156232.72911 10091724339.35549 9152140797.74185 5584503714.7011 2933961065.42864 0 2698826050.8562 4768079950.580831 6351956655.5916605 8883598324.31921 11954910765.94445 12817310792.39158 14804956241.698391 16875871967.808372 19838134782.84318 21945884084.141342 24702822795.571754 30787873876.54592 
32025412629.01433 30716245700.629513 27940655734.359745 25551489912.446964 22576930255.268764 20877017140.220634 20644855710.055492 18528886335.82861 16314982283.585312 12790550390.21169 11850966848.598051 8283329765.557301 5632787116.284841 2698826050.8562 0 2069253899.7246299 3653130604.7354603 6184772273.463011 9256084715.088251 10118484741.535381 12106130190.842192 14177045916.952173 17139308731.986982 19247058033.285145 22003996744.715557 33486699927.402122 
34094666528.73896 32785499600.35414 30009909634.084373 27620743812.171593 24646184154.993393 22946271039.945263 22714109609.78012 20598140235.553238 18384236183.30994 14859804289.936321 13920220748.322681 10352583665.28193 7702041016.00947 4768079950.58083 2069253899.7246299 0 1583876705.0108302 4115518373.73838 7186830815.36362 8049230841.810749 10036876291.11756 12107792017.227541 15070054832.26235 17177804133.560509 19934742844.99092 35555953827.12675 
35678543233.749794 34369376305.364975 31593786339.095203 29204620517.182423 26230060860.004223 24530147744.956093 24297986314.79095 22182016940.564068 19968112888.32077 16443680994.947151 15504097453.333511 11936460370.29276 9285917721.0203 6351956655.5916605 3653130604.7354603 1583876705.0108302 0 2531641668.72755 5602954110.35279 6465354136.799919 8452999586.1067295 10523915312.216711 13486178127.25152 15593927428.549679 18350866139.980087 37139830532.13758 
38210184902.47734 36901017974.09252 34125428007.822754 31736262185.909973 28761702528.731773 27061789413.683643 26829627983.5185 24713658609.29162 22499754557.04832 18975322663.6747 18035739122.06106 14468102039.020311 11817559389.74785 8883598324.31921 6184772273.46301 4115518373.73838 2531641668.72755 0 3071312441.6252403 3933712468.0723705 5921357917.379181 7992273643.489161 10954536458.52397 13062285759.822128 15819224471.252537 39671472200.86513 
41281497344.10258 39972330415.71776 37196740449.44799 34807574627.53521 31833014970.35701 30133101855.30888 29900940425.143738 27784971050.916855 25571066998.673557 22046635105.29994 21107051563.6863 17539414480.64555 14888871831.37309 11954910765.94445 9256084715.08825 7186830815.36362 5602954110.35279 3071312441.6252403 0 862400026.4471301 2850045475.75394 4920961201.86392 7883224016.89873 9990973318.19689 12747912029.627298 42742784642.490364 
42143897370.549706 40834730442.16489 38059140475.89512 35669974653.98234 32695414996.804142 30995501881.756012 30763340451.59087 28647371077.363987 26433467025.12069 22909035131.74707 21969451590.13343 18401814507.09268 15751271857.820223 12817310792.391582 10118484741.535381 8049230841.810751 6465354136.799921 3933712468.0723705 862400026.4471301 0 1987645449.30681 4058561175.41679 7020823990.4516 9128573291.74976 11885512003.180168 43605184668.93749 
44131542819.856514 42822375891.471695 40046785925.20193 37657620103.28915 34683060446.11095 32983147331.062817 32750985900.897675 30635016526.67079 28421112474.427494 24896680581.053875 23957097039.440235 20389459956.399487 17738917307.12703 14804956241.698391 12106130190.842192 10036876291.117561 8452999586.10673 5921357917.37918 2850045475.75394 1987645449.30681 0 2070915726.10998 5033178541.14479 7140927842.44295 9897866553.87336 45592830118.2443 
46202458545.96649 44893291617.58167 42117701651.311905 39728535829.399124 36753976172.220924 35054063057.17279 34821901627.00765 32705932252.780773 30492028200.537476 26967596307.163857 26028012765.550217 22460375682.509468 19809833033.23701 16875871967.808372 14177045916.952171 12107792017.227541 10523915312.216711 7992273643.489161 4920961201.86392 4058561175.41679 2070915726.10998 0 2962262815.03481 5070012116.332971 7826950827.763381 47663745844.35428 
49164721361.0013 47855554432.61648 45079964466.34671 42690798644.43393 39716238987.25573 38016325872.207596 37784164442.04246 35668195067.81558 33454291015.57228 29929859122.19866 28990275580.585022 25422638497.544273 22772095848.271816 19838134782.843178 17139308731.986979 15070054832.262348 13486178127.251518 10954536458.523968 7883224016.898728 7020823990.451599 5033178541.14479 2962262815.03481 0 2107749301.29816 4864688012.72857 50626008659.389084 
51272470662.29946 49963303733.91464 47187713767.644875 44798547945.73209 41823988288.553894 40124075173.50576 39891913743.34062 37775944369.11375 35562040316.870445 32037608423.496822 31098024881.883183 27530387798.842434 24879845149.569977 21945884084.14134 19247058033.285137 17177804133.560509 15593927428.549679 13062285759.822128 9990973318.19689 9128573291.74976 7140927842.442949 5070012116.33297 2107749301.29816 0 2756938711.43041 52733757960.68725 
54029409373.72987 52720242445.345055 49944652479.07529 47555486657.162506 44580926999.98431 42881013884.93617 42648852454.771034 40532883080.54416 38318979028.30086 34794547134.92724 33854963593.313595 30287326510.272846 27636783861.00039 24702822795.57175 22003996744.71555 19934742844.99092 18350866139.98009 15819224471.25254 12747912029.627302 11885512003.180172 9897866553.873362 7826950827.76338 4864688012.72857 2756938711.43041 0 55490696672.11766 
1461287298.38779 2770454226.7726097 5546044193.042379 7935210014.95516 10909769672.13336 12609682787.18149 12841844217.34663 14957813591.57351 17171717643.81681 20696149537.19043 21635733078.80407 25203370161.84482 27853912811.117275 30787873876.545914 33486699927.402115 35555953827.12675 37139830532.13757 39671472200.86512 42742784642.49036 43605184668.937485 45592830118.2443 47663745844.35428 50626008659.38909 52733757960.687256 55490696672.11767 0 
