26
qlvnf ecolz ccbcf lnndk ptkrs tjlhk wkvjd xrkws nqvqo pxoew tnccf dhjbs xhwzk iszqq onzwv etpku xraqx wfduo vanpa vyluf rvjuv ofnly pajep jzkkr ifonh lkplf
0 58.0 80.0 29.0 133.0 87.0 56.0 52.0 112.0 35.0 73.0 69.0 44.0 36.0 74.0 25.0 11.0 55.0 34.0 150.0 29.0 68.0 51.0 89.0 47.0 34.0 
58.0 0 100.0 65.0 191.0 96.0 90.0 82.0 88.0 76.0 83.0 40.0 88.0 66.0 41.0 83.0 47.0 94.0 84.0 141.0 61.0 56.0 101.0 65.0 99.0 64.0 
80.0 100.0 0 74.0 155.0 30.0 52.0 132.0 144.0 45.0 90.0 81.0 37.0 81.0 96.0 86.0 91.0 48.0 70.0 82.0 67.0 95.0 53.0 121.0 108.0 114.0 
29.0 65.0 74.0 0 162.0 58.0 71.0 59.0 92.0 29.0 67.0 40.0 73.0 7.0 57.0 54.0 18.0 75.0 55.0 137.0 7.0 46.0 72.0 69.0 76.0 41.0 
133.0 191.0 155.0 162.0 0 185.0 133.0 183.0 199.0 168.0 164.0 202.0 118.0 169.0 205.0 108.0 144.0 129.0 167.0 180.0 162.0 188.0 154.0 176.0 130.0 165.0 
87.0 96.0 30.0 58.0 185.0 0 82.0 117.0 144.0 75.0 120.0 84.0 67.0 51.0 115.0 112.0 76.0 78.0 100.0 112.0 65.0 100.0 83.0 121.0 134.0 99.0 
56.0 90.0 52.0 71.0 133.0 82.0 0 108.0 127.0 81.0 73.0 96.0 15.0 78.0 102.0 81.0 67.0 4.0 46.0 121.0 78.0 112.0 29.0 121.0 91.0 90.0 
52.0 82.0 132.0 59.0 183.0 117.0 108.0 0 106.0 87.0 125.0 99.0 96.0 66.0 104.0 75.0 41.0 107.0 78.0 195.0 66.0 105.0 95.0 119.0 53.0 18.0 
112.0 88.0 144.0 92.0 199.0 144.0 127.0 106.0 0 100.0 134.0 66.0 142.0 99.0 72.0 137.0 101.0 131.0 135.0 99.0 85.0 50.0 133.0 23.0 159.0 124.0 
35.0 76.0 45.0 29.0 168.0 75.0 81.0 87.0 100.0 0 66.0 36.0 79.0 36.0 76.0 60.0 46.0 77.0 35.0 127.0 22.0 50.0 52.0 77.0 82.0 69.0 
73.0 83.0 90.0 67.0 164.0 120.0 73.0 125.0 134.0 66.0 0 102.0 88.0 74.0 110.0 98.0 84.0 77.0 64.0 138.0 60.0 88.0 81.0 111.0 120.0 107.0 
69.0 40.0 81.0 40.0 202.0 84.0 96.0 99.0 66.0 36.0 102.0 0 103.0 33.0 42.0 94.0 58.0 92.0 71.0 119.0 47.0 16.0 67.0 43.0 116.0 81.0 
44.0 88.0 37.0 73.0 118.0 67.0 15.0 96.0 142.0 79.0 88.0 103.0 0 80.0 87.0 69.0 55.0 11.0 53.0 106.0 73.0 112.0 36.0 119.0 91.0 78.0 
36.0 66.0 81.0 7.0 169.0 51.0 78.0 66.0 99.0 36.0 74.0 33.0 80.0 0 64.0 61.0 25.0 82.0 62.0 144.0 14.0 49.0 79.0 76.0 83.0 48.0 
74.0 41.0 96.0 57.0 205.0 115.0 102.0 104.0 72.0 76.0 110.0 42.0 87.0 64.0 0 99.0 63.0 98.0 100.0 125.0 61.0 26.0 109.0 49.0 121.0 86.0 
25.0 83.0 86.0 54.0 108.0 112.0 81.0 75.0 137.0 60.0 98.0 94.0 69.0 61.0 99.0 0 36.0 80.0 59.0 168.0 54.0 93.0 76.0 114.0 22.0 57.0 
11.0 47.0 91.0 18.0 144.0 76.0 67.0 41.0 101.0 46.0 84.0 58.0 55.0 25.0 63.0 36.0 0 66.0 37.0 154.0 25.0 64.0 54.0 78.0 58.0 23.0 
55.0 94.0 48.0 75.0 129.0 78.0 4.0 107.0 131.0 77.0 77.0 92.0 11.0 82.0 98.0 80.0 66.0 0 42.0 117.0 82.0 108.0 25.0 125.0 95.0 89.0 
34.0 84.0 70.0 55.0 167.0 100.0 46.0 78.0 135.0 35.0 64.0 71.0 53.0 62.0 100.0 59.0 37.0 42.0 0 118.0 57.0 85.0 17.0 112.0 81.0 60.0 
150.0 141.0 82.0 137.0 180.0 112.0 121.0 195.0 99.0 127.0 138.0 119.0 106.0 144.0 125.0 168.0 154.0 117.0 118.0 0 138.0 103.0 101.0 76.0 190.0 177.0 
29.0 61.0 67.0 7.0 162.0 65.0 78.0 66.0 85.0 22.0 60.0 47.0 73.0 14.0 61.0 54.0 25.0 82.0 57.0 138.0 0 39.0 74.0 62.0 76.0 48.0 
68.0 56.0 95.0 46.0 188.0 100.0 112.0 105.0 50.0 50.0 88.0 16.0 112.0 49.0 26.0 93.0 64.0 108.0 85.0 103.0 39.0 0 83.0 27.0 115.0 87.0 
51.0 101.0 53.0 72.0 154.0 83.0 29.0 95.0 133.0 52.0 81.0 67.0 36.0 79.0 109.0 76.0 54.0 25.0 17.0 101.0 74.0 83.0 0 110.0 98.0 77.0 
89.0 65.0 121.0 69.0 176.0 121.0 121.0 119.0 23.0 77.0 111.0 43.0 119.0 76.0 49.0 114.0 78.0 125.0 112.0 76.0 62.0 27.0 110.0 0 136.0 101.0 
47.0 99.0 108.0 76.0 130.0 134.0 91.0 53.0 159.0 82.0 120.0 116.0 91.0 83.0 121.0 22.0 58.0 95.0 81.0 190.0 76.0 115.0 98.0 136.0 0 35.0 
34.0 64.0 114.0 41.0 165.0 99.0 90.0 18.0 124.0 69.0 107.0 81.0 78.0 48.0 86.0 57.0 23.0 89.0 60.0 177.0 48.0 87.0 77.0 101.0 35.0 0 
