19
19 16 1 11 15 9 5 8 3 18 12 14 4 10 7 13 2 17 0
0 2876.0 1112.0 2456.0 2218.0 3001.0 1895.0 1069.0 2621.0 2120.0 1216.0 2501.0 2842.0 3124.0 1207.0 2819.0 2968.0 2256.0 2996.0 
2876.0 0 3192.0 2258.0 3128.0 1064.0 2430.0 3377.0 2747.0 2615.0 3059.0 1350.0 2156.0 2809.0 3102.0 1978.0 2648.0 3221.0 3198.0 
1112.0 3192.0 0 2614.0 2363.0 2959.0 2596.0 2181.0 2252.0 2706.0 2328.0 2368.0 3901.0 2542.0 2319.0 3333.0 3666.0 2328.0 2346.0 
2456.0 2258.0 2614.0 0 2460.0 1194.0 2296.0 1708.0 2349.0 2759.0 1508.0 2464.0 1704.0 1795.0 3009.0 4232.0 3350.0 2498.0 1027.0 
2218.0 3128.0 2363.0 2460.0 0 3558.0 3062.0 3022.0 2309.0 2707.0 2507.0 4029.0 2553.0 3778.0 3425.0 3053.0 4242.0 2260.0 2748.0 
3001.0 1064.0 2959.0 1194.0 3558.0 0 1366.0 2902.0 1683.0 2511.0 2312.0 2414.0 1092.0 2970.0 2727.0 3042.0 2768.0 2327.0 2221.0 
1895.0 2430.0 2596.0 2296.0 3062.0 1366.0 0 2566.0 3049.0 2431.0 3111.0 2797.0 2458.0 2364.0 3102.0 3155.0 3031.0 3065.0 3323.0 
1069.0 3377.0 2181.0 1708.0 3022.0 2902.0 2566.0 0 2811.0 1051.0 2285.0 2750.0 2237.0 2690.0 2276.0 3888.0 2984.0 1946.0 2735.0 
2621.0 2747.0 2252.0 2349.0 2309.0 1683.0 3049.0 2811.0 0 3110.0 3002.0 3816.0 2735.0 2243.0 3304.0 3235.0 3111.0 1210.0 1322.0 
2120.0 2615.0 2706.0 2759.0 2707.0 2511.0 2431.0 1051.0 3110.0 0 2312.0 2262.0 3001.0 3725.0 3327.0 4544.0 2496.0 2694.0 2553.0 
1216.0 3059.0 2328.0 1508.0 2507.0 2312.0 3111.0 2285.0 3002.0 2312.0 0 1709.0 2973.0 3067.0 2423.0 3158.0 1842.0 1792.0 2269.0 
2501.0 1350.0 2368.0 2464.0 4029.0 2414.0 2797.0 2750.0 3816.0 2262.0 1709.0 0 3506.0 3695.0 3148.0 3328.0 1298.0 2664.0 3128.0 
2842.0 2156.0 3901.0 1704.0 2553.0 1092.0 2458.0 2237.0 2735.0 3001.0 2973.0 3506.0 0 3499.0 1635.0 2528.0 2777.0 2646.0 2731.0 
3124.0 2809.0 2542.0 1795.0 3778.0 2970.0 2364.0 2690.0 2243.0 3725.0 3067.0 3695.0 3499.0 0 1917.0 3101.0 2990.0 3189.0 2822.0 
1207.0 3102.0 2319.0 3009.0 3425.0 2727.0 3102.0 2276.0 3304.0 3327.0 2423.0 3148.0 1635.0 1917.0 0 1612.0 1850.0 3157.0 1982.0 
2819.0 1978.0 3333.0 4232.0 3053.0 3042.0 3155.0 3888.0 3235.0 4544.0 3158.0 3328.0 2528.0 3101.0 1612.0 0 3462.0 3146.0 3484.0 
2968.0 2648.0 3666.0 3350.0 4242.0 2768.0 3031.0 2984.0 3111.0 2496.0 1842.0 1298.0 2777.0 2990.0 1850.0 3462.0 0 2898.0 3155.0 
2256.0 3221.0 2328.0 2498.0 2260.0 2327.0 3065.0 1946.0 1210.0 2694.0 1792.0 2664.0 2646.0 3189.0 3157.0 3146.0 2898.0 0 1856.0 
2996.0 3198.0 2346.0 1027.0 2748.0 2221.0 3323.0 2735.0 1322.0 2553.0 2269.0 3128.0 2731.0 2822.0 1982.0 3484.0 3155.0 1856.0 0 
