16
19 20 29 11 27 10 42 4 37 41 28 22 3 1 49 0
0 6.41 3.17 3.62 4.26 5.01 4.5 4.59 5.67 3.62 1.42 1.42 6.41 3.62 5.67 2.84 
6.41 0 5.4 7.63 2.25 7.08 9.23 10.83 1.01 10.01 6.72 7.82 9.07 2.84 9.01 9.23 
3.17 5.4 0 2.25 4.02 2.25 7.63 7.08 5.11 6.09 4.59 4.59 9.23 3.01 8.61 5.11 
3.62 7.63 2.25 0 6.09 2.01 7.82 6.09 7.29 5.11 5.01 3.62 10.01 5.11 9.23 5.04 
4.26 2.25 4.02 6.09 0 6.09 7.08 8.61 1.42 7.82 4.5 5.67 7.29 1.01 7.08 7.08 
5.01 7.08 2.25 2.01 6.09 0 9.44 8.07 7.01 7.08 6.41 5.4 11.32 5.11 10.64 6.09 
4.5 9.23 7.63 7.82 7.08 9.44 0 4.02 8.26 4.26 3.17 4.26 3.01 7.01 2.01 4.59 
4.59 10.83 7.08 6.09 8.61 8.07 4.02 0 10.01 1.01 4.26 3.17 7.01 8.07 6.01 2.01 
5.67 1.01 5.11 7.29 1.42 7.01 8.26 10.01 0 9.23 5.84 7.08 8.07 2.25 8.01 8.5 
3.62 10.01 6.09 5.11 7.82 7.08 4.26 1.01 9.23 0 3.62 2.25 7.08 7.22 6.09 1.01 
1.42 6.72 4.59 5.01 4.5 6.41 3.17 4.26 5.84 3.62 0 2.01 5.01 4.13 4.63 3.17 
1.42 7.82 4.59 3.62 5.67 5.4 4.26 3.17 7.08 2.25 2.01 0 6.72 5.01 5.84 1.42 
6.41 9.07 9.23 10.01 7.29 11.32 3.01 7.01 8.07 7.08 5.01 6.72 0 7.63 1.01 7.29 
3.62 2.84 3.01 5.11 1.01 5.11 7.01 8.07 2.25 7.22 4.13 5.01 7.63 0 7.29 6.41 
5.67 9.01 8.61 9.23 7.08 10.64 2.01 6.01 8.01 6.09 4.63 5.84 1.01 7.29 0 6.33 
2.84 9.23 5.11 5.04 7.08 6.09 4.59 2.01 8.5 1.01 3.17 1.42 7.29 6.41 6.33 0 
