50
16 29 5 42 3 33 35 46 9 11 41 6 22 38 44 36 47 15 14 12 10 17 27 18 48 2 19 8 25 32 43 28 21 40 1 13 4 26 37 7 49 45 31 23 39 20 30 34 24 0
0 670874688.285 899625726.684 989241012.425 481462842.466 436970983.704 655718811.242 229029249.208 530730366.118 280019241.354 798257889.199 654458151.9053 945584220.985 775753140.6680001 1009553954.94 553602452.406 681410250.571 558274704.4879 529958389.82850003 240095889.454 754080408.409 535617612.90900004 388667035.595 404125895.352 592071093.79 387656613.349 679112955.663 758828705.347 845630565.162 480534460.6584 289572760.99 875432688.666 991574384.737 164122568.408 796439226.585 851711969.635 619203506.9070001 919046590.422 547948719.6114 410438512.746 565015465.6823 539357592.439 616159668.517 464037023.579 341103962.985 1015153012.52 491564924.75 645197372.841 545812572.264 500454350.53 
670874688.285 0 1015923595.211 1235091862.954 601986031.949 824354856.794 427730063.173 554623886.2639999 801382790.332 792051468.497 701184139.265 428666205.606 1089423409.4190001 1025230403.21 1031963551.5348 574659192.24 543794740.364 842410605.8801 590699627.627 520929083.1871 1008643961.835 347082088.7917 593842972.6140001 716544112.5000001 500605625.8627 662098740.8267 827418507.5423 991604837.372 1089708185.266 867918333.7484 762249976.403 1019271877.1 960256851.5837001 647411674.9333999 800438172.494 1103836463.0 824379443.9260001 728793659.253 610519426.4771 762803961.738 455480630.836 851775809.5870001 792649984.1773 669212960.598 673754607.0567 903724695.504 292088210.722 925774456.5800002 836028084.446 894367262.229 
899625726.684 1015923595.211 0 753545351.842 515971142.729 863918195.8964 618607621.378 982148395.202 809806034.898 841568213.545 323544702.225 596121046.41 601462344.568 740806004.5580001 549929259.729 574690435.208 831070005.673 553251385.2 827850491.925 659529837.23 722663527.573 740963110.886 695392606.307 750922806.484 608803405.0350001 544680566.765 475807530.24 414538869.47599995 307924992.691 820354718.9419999 639224206.8557 551988234.867 621635959.6801 995096325.537 652533768.939 722405129.88 697157353.982 596029484.065 890765610.92 928503150.173 900459904.9909999 811899444.962 452243578.328 909355810.0417 1020029502.838 575831081.5339999 723835384.489 655647428.798 565713517.4239 758277574.447 
989241012.425 1235091862.954 753545351.842 0 648289357.474 652126639.4684 807361799.781 1095607472.784 807087137.9864 808013639.958 705511306.062 884571379.7413001 723483479.78 670780857.63 944243569.5161 830705661.177 1135870649.3600001 442560207.16499996 1073104729.4679999 764041729.858 663290175.5339 1018611761.3337001 682760854.971 595305103.9890001 903388646.3800001 732800349.6189001 793205271.522 619038217.091 719199083.227 608563162.514 726708562.356 653331947.461 872536869.565 1096238542.093 616479032.823 914759880.1851 913297326.283 1041091855.9070001 1179215944.2513 885833622.119 957542367.088 460073406.902 574871517.1343 965587348.97 1199733182.9239998 940860464.222 963617883.264 672442483.81 455022339.3889 635023886.628 
481462842.466 601986031.949 515971142.729 648289357.474 0 567452114.026 174255968.776 581311270.4760001 483566445.139 653139864.8610001 367437802.944 244422850.984 493369876.393 443799579.807 713729857.3470999 321185097.843 516578395.023 453632296.62630004 424815371.994 575825459.1341 646888446.554 373769473.0037 377127287.749 364370012.204 445988503.2713 482343244.2253 492086909.824 673987667.577 774148533.713 553277453.261 191890081.476 563521408.712 642023157.3959999 645585410.8740001 315360671.125 531081046.918 607663759.061 538851538.14 539067415.494 505901218.97 501769202.918 400918378.97800004 236798014.01630002 473211161.699 575677850.236 603576460.755 318775594.934 683514573.2713001 466094428.85020006 551376151.539 
436970983.704 824354856.794 863918195.8964 652126639.4684 567452114.026 0 476756204.765 624546606.341 154960498.518 567684508.087 687876969.505 711233087.156 712927498.7149999 421187302.66 1146642049.21 623685333.832 899937771.5469999 381429495.6844 760929581.308 445594975.182 341859137.502 703099103.272 367268416.9894 416669612.296 762582607.0339999 580348723.8124 535614141.49 600215369.645 555993203.2054 43563476.9544 404950848.7394 642775966.3959999 1133539094.062 601093552.112 712340380.189 714746103.321 591042678.945 1089558103.666 862537658.6863999 409730389.986 434437662.923 281437915.209 588818565.9377 441113910.406 778074946.689 1051589964.5320001 655826566.48 208671521.4574 393891627.90830004 347249398.911 
655718811.242 427730063.173 618607621.378 807361799.781 174255968.776 476756204.765 0 441606037.25699997 461180755.837 748218348.96 541693771.72 418678819.76 665689943.488 618055548.583 742364524.2681 146929129.067 430776891.357 575310295.5719 401105890.104 460435692.01900005 649598045.082 234064239.7847 551383256.5250001 538625980.98 387587776.8557 549080891.8197 666342878.6 563874774.199 661978122.093 520319681.7194 366146050.252 610690025.005 670657824.317 534393825.92639995 489616639.901 678622044.861 739440705.152 703995306.075 385781453.9214 626406277.959 676025171.694 575174347.7540001 411053982.7923 596600463.688 401421881.46 682310254.241 179070361.715 685427726.2224 562848163.348 561424865.21 
229029249.208 554623886.2639999 982148395.2019999 1095607472.784 581311270.4760001 624546606.341 441606037.25699997 0 718988753.6403999 509048490.562 671631604.085 493181701.8595 1021810740.457 891353280.221 987361824.1064999 537455710.589 454998911.607 748894589.0663999 300929140.62049997 428354276.9764 918604779.137 317529553.6117 543528585.3585 633155144.56 471053090.68270004 523669050.2379 782155839.989 844089539.278 944137284.128 668110083.2953999 490485925.8955 1005030688.22 930704316.4037001 92787788.6694 743548613.561 974696273.815 774065056.6705 787460619.902 476613939.8728 637865740.176 696671504.36 752496027.9593999 621512292.326 563613028.8245 269769183.2464 941862078.6247001 262535675.542 833218127.7983999 761356721.2902999 729483599.7379999 
530730366.118 801382790.332 809806034.898 807087137.9864001 483566445.139 154960498.518 461180755.837 718988753.6403999 0 708285594.825 688863545.426 650881854.764 842911579.437 576147801.178 1116150866.919 604141039.6159999 867365983.849 536389994.2024 807464545.163 290634476.664 492498825.326 695244995.6217 296814602.282 419515742.168 711522224.915 438195200.559 627213547.685 640454692.389 710953701.7234 198523975.4724 559911347.2574 772760047.118 1067694218.724 626200964.971 798927116.2639999 865240427.379 527351073.594 1022417983.279 739524607.0469999 564690888.5040001 589398161.441 436398413.727 581280557.591 594545125.626 803182359.548 1087142905.894 640251117.552 363632019.9754 548852126.4263 502209897.429 
280019241.354 792051468.497 841568213.545 808013639.958 653139864.8610001 567684508.087 748218348.96 509048490.562 708285594.825 0 732946898.959 702424651.803 871510737.098 629926392.647 1139169661.6611001 601289219.893 945729876.9820001 595060408.132 809977631.1825 436929926.3801 535952245.155 815636854.263 411470992.543 288769852.657 713247874.0020001 526046784.816 875946992.5891 632487771.883 712900567.594 530286175.99 461249783.385 809935538.642 1067462961.71 444141809.76199996 935925702.359 951371712.376 642007463.855 1019818524.02 827967960.9653999 575634557.744 674305504.06 424001549.744 602582714.154 585213803.791 621123204.339 1099405887.71 771584166.104 365178131.487 583905590.5569999 220435109.176 
798257889.199 701184139.265 323544702.225 705511306.062 367437802.944 687876969.505 541693771.72 671631604.085 688863545.426 732946898.959 0 483157998.1283 445289208.565 661233441.0873001 541527617.5251 459103576.187 511209227.602 510854245.21430004 509121166.166 558161999.745 593236944.9419999 417418408.661 479954566.4861 444177046.302 285258702.81 410601275.85 152262828.015 507513674.059 607674540.1949999 663004174.249 559327884.4200001 375137676.246 469820917.574 764419392.7544 328989066.714 633908325.6551 710491037.7981 626480492.3629999 568589610.738 805005424.768 656827267.837 503745657.71510005 294019962.6043 787169718.5730001 711125196.377 497007072.78400004 409095928.543 740736521.8593 523316377.43820006 715823995.219 
654458151.9053 428666205.606 596121046.41 884571379.7413001 244422850.984 711233087.156 418678819.76 493181701.8595 650881854.764 702424651.803 483157998.1283 0 677340724.733 679780421.894 796503571.7673999 486430635.4513 272155544.039 513821026.7643 657709874.164 466353837.0953 720632150.5623 355089189.3583 454577418.1933 478219222.576 201565652.2873 477129016.6684 398752301.9363 637490244.1933 744104120.9783 754796564.1104 436120495.7593 619699736.81 724796871.8162999 585969490.5289 371771966.888 775503897.902 685113889.5053 542787441.8403 294644564.51 649682192.1 503635715.86600006 586965205.681 363983778.5713 515703392.53400004 501489321.1364 634371303.311 410083067.428 743703303.4093 526283158.9882 741014325.666 
945584220.985 1089423409.4190001 601462344.568 723483479.78 493369876.393 712927498.7149999 665689943.488 1021810740.457 842911579.437 871510737.098 445289208.565 677340724.733 0 551810731.806 913602986.1760999 668645257.988 883284596.253 441625902.8459 918185248.3870001 732043446.7590001 425145149.806 789449711.897 705442024.327 582740884.441 701518803.632 589308554.163 293026380.55 400151228.66199994 293537351.877 747102507.0500001 656011459.995 70151532.319 841896286.2249999 1008541153.19 305568757.845 635153725.4 696114171.901 641815452.104 938251965.83 939847561.623 928118413.93 589514778.3939999 654675440.0524 937332540.2179999 1067111824.948 644818342.188 812145471.327 581994462.547 429163770.622 776614083.575 
775753140.6680001 1025230403.21 740806004.558 670780857.63 443799579.807 421187302.66 618055548.583 891353280.221 576147801.178 629926392.647 661233441.0873 679780421.894 551810731.806 0 998750904.6800001 707142835.1129999 951935965.9330001 228220650.465 868614951.801 544092183.55 395770933.68299997 817569052.8106999 588692864.098 465991724.212 726195865.711 507718578.63400006 669885668.9319999 335067858.11399996 432881011.867 429856305.663 633678433.51 588952806.707 942263528.3399999 879658671.8569999 493159430.233 449598591.78999996 757505927.278 974785222.4305 921746870.313 712511361.8629999 755657189.89 330760027.125 367213478.483 826399091.561 985724125.769 832409014.576 762575174.7409999 264748261.16 229940568.404 463847570.805 
1009553954.94 1031963551.5348 549929259.729 944243569.5161 713729857.3471 1146642049.21 742364524.2681 987361824.1064999 1116150866.919 1139169661.6611001 541527617.5251 796503571.7674 913602986.1761 998750904.6800001 0 595435395.2011 553171830.709 770530254.215 775121742.4581 825516390.255 991260222.5839 684881462.7431 943095549.068 855174684.529 785653833.689 679273598.652 693790445.5401 761957792.528 857854252.42 1108396272.9450002 828957848.2211 916665293.7711 71706699.9511 1026740567.769 870516684.2391 926962028.891 1010215300.2639999 985283682.6740999 868241110.2894 1145782019.188 1008921016.236 990406381.616 650002292.9461 1018465537.0519999 931434061.145 810352646.4231 739875340.8128 1000412530.86 782992386.4389 1123403913.77 
553602452.406 574659192.24 574690435.208 830705661.177 321185097.843 623685333.832 146929129.067 537455710.589 604141039.6159999 601289219.893 459103576.187 486430635.45129997 668645257.988 707142835.1129999 595435395.2011 0 552252124.288 556763639.24 254176761.037 313506562.952 638608379.695 360390692.5147 552227993.4491 674929133.3351 505247902.09 461067286.847 539802738.842 710803903.266 808907251.1600001 667248810.7864001 513075179.319 738796790.307 523728695.25 629542506.526 363076500.143 722995676.82 592511576.085 564115427.001 405859001.8974 773335407.026 638426139.1803001 628940012.8300999 339929356.63 627597981.4331 465685581.545 691873354.7855 305396814.445 786645915.885 569225771.4639 708353994.277 
681410250.571 543794740.364 831070005.673 1135870649.3600001 516578395.023 899937771.5469999 430776891.357 454998911.607 867365983.849 945729876.982 511209227.602 272155544.039 883284596.253 951935965.9330001 553171830.709 552252124.288 0 765120296.3829999 464892286.12100005 659416044.205 957552724.334 196838668.275 629265507.558 749132252.4690001 232482002.98 511855320.31000006 650051571.555 888789513.8119999 995403390.5969999 940509630.083 687419765.378 853515582.163 624878530.6601 540124081.684 581677442.504 1038742928.0500001 599092551.565 573703792.533 460276005.96040004 810204698.9959999 660804145.026 859120749.72 591464158.321 665823605.606 425684167.545 586406903.36 251706529.642 951145818.2450001 753359550.792 981040249.372 
558274704.4879 842410605.8801 553251385.2 442560207.16499996 453632296.6263 381429495.6844 575310295.5719 748894589.0663999 536389994.2024 595060408.132 510854245.21430004 513821026.7643 441625902.8459 228220650.465 770530254.215 556763639.24 765120296.383 0 658688296.7308999 321481522.693 220729968.3689 605256794.4889001 560202953.1901 527517074.6129 532638293.403 290240142.45390004 594349218.7579 563288508.579 577604712.752 337866018.73 416199997.3299 371474370.5269 780054638.5090001 656106800.397 700119059.9969001 677819242.255 582464961.9639001 873860082.956 770371653.076 502473703.849 532460022.936 466700035.9449 216834282.61 635572941.1741 757503475.304 761130133.635 556402005.9478999 229882276.645 12462132.2239 495690810.96 
529958389.8285 590699627.627 827850491.925 1073104729.468 424815371.994 760929581.308 401105890.104 300929140.62049997 807464545.1629999 809977631.1824999 509121166.166 657709874.164 918185248.3870001 868614951.801 775121742.4581 254176761.037 464892286.12100005 658688296.7308999 0 516830068.49899995 854494000.652 353605294.9747 676170394.821 606546276.763 507128832.04569995 369269344.604 661383994.181 818023219.999 924637096.7839999 804493058.2623999 616705453.47 884258842.412 703415042.507 393716929.28989995 617253261.1800001 952549970.2789999 846688337.122 556122687.032 617042632.6600999 601320279.412 496003776.9443 723266244.2149999 543461270.864 676255764.958 570698323.8669 724365550.283 298611416.905 808559842.539 646226164.507 814097187.372 
240095889.454 520929083.1871 659529837.23 764041729.858 575825459.1341 445594975.182 460435692.01900005 428354276.9764 290634476.664 436929926.3801 558161999.745 466353837.0953 732043446.7590001 544092183.55 825516390.255 313506562.952 659416044.205 321481522.693 516830068.49899995 0 542211491.0619 462577375.93000007 238721430.4971 361422570.38310003 442125488.6921 147560723.895 439017066.209 661717645.8411 759530799.5941 489158452.1364 529668650.444 661891914.44 796620459.754 335566488.307 557439641.438 611616080.181 469257901.80910003 769100985.3241 448890130.383 650534402.2 324919576.2283 334861251.742 393105954.104 314091418.4811 512547882.88399994 825438093.003 517571253.99970007 551363799.338 333943654.91690004 565743635.7221 
754080408.409 1008643961.835 722663527.5730001 663290175.5339 646888446.554 341859137.502 649598045.082 918604779.137 492498825.326 535952245.155 593236944.9419999 720632150.5623001 425145149.806 395770933.68299997 991260222.5839 638608379.695 957552724.334 220729968.3689 854494000.652 542211491.0619 0 801062498.4100001 503902904.549 381201764.663 739449417.201 486045846.375 718171530.356 460150511.719 560311377.855 385422614.4564 466727321.149 495296682.125 944199429.926 836417269.411 544814469.293 596238449.076 361734993.595 1010210031.638 942363830.696 627721402.314 728206481.473 245970067.576 437564250.9789 748048401.372 954276399.705 884064053.6359999 752207709.869 426995295.21500003 208267836.145 506551069.814 
535617612.90900004 347082088.7917 740963110.886 1018611761.3337001 373769473.0037 703099103.272 234064239.7847 317529553.6117 695244995.6217 815636854.263 417418408.661 355089189.35830003 789449711.897 817569052.8106999 684881462.7431 360390692.51470006 196838668.275 605256794.4889001 353605294.9747 462577375.93000007 801062498.4100001 0 432552855.9857 552293584.194 153523537.071 315016652.035 569681236.676 782538582.3077 852606437.474 746662580.2263999 565659554.4797001 784890808.3840001 613174762.792 410317342.28110003 689130144.1287 904850519.9217 663089327.2977 494745326.62399995 263437337.6854 613492047.4237 463965476.751 687525281.281 512505924.299 468984937.331 326672518.265 624332525.013 54993878.0697 754307149.97 592794662.2650001 786167975.225 
388667035.595 593842972.6140001 695392606.307 682760854.971 377127287.749 367268416.9894 551383256.525 543528585.3585 296814602.282 411470992.543 479954566.4861 454577418.1933 705442024.327 588692864.098 943095549.068 552227993.4491 629265507.558 560202953.1901 676170394.821 238721430.4971 503902904.549 432552855.9857 0 122701139.886 473394684.832 359978072.045 632217394.5011001 438149878.716 538310744.852 323704940.035 295181070.61399996 695458677.5350001 914160368.3999999 552789604.003 692487958.8740001 614203306.529 230536471.312 814616474.385 512655261.693 483529518.352 508236791.289 257932836.97300002 349314777.55840003 315551807.102 719500018.3194001 827988982.6980001 377558977.916 331931483.966 550658943.036 394348088.803 
404125895.352 716544112.5 750922806.484 595305103.9890001 364370012.204 416669612.296 538625980.98 633155144.56 419515742.168 288769852.657 444177046.302 478219222.576 582740884.441 465991724.212 855174684.529 674929133.3351 749132252.469 527517074.6129001 606546276.763 361422570.38310003 381201764.663 552293584.194 122701139.886 0 596095824.7179999 237276932.159 596439874.3169999 384622238.139 442997813.793 446406079.921 172479930.728 652892416.76 868671156.346 568248463.76 647155849.702 730025367.129 353237611.198 903221550.344 635356401.579 360828378.46599996 385535651.403 135231697.087 472015917.44439995 389711547.551 676682511.406 846991668.475 500260117.80200005 454632623.852 515054942.38900006 271646948.917 
592071093.79 500605625.8627 608803405.0350001 903388646.38 445988503.27129996 762582607.0339999 387587776.8557 471053090.68270004 711522224.915 713247874.0020001 285258702.81 201565652.2873 701518803.632 726195865.711 785653833.689 505247902.09000003 232482002.98 532638293.403 507128832.04569995 442125488.6921 739449417.201 153523537.071 473394684.832 596095824.718 0 468540189.10600007 417569568.575 656307510.832 762921387.617 797099624.8670001 454937762.398 631367271.313 743614138.4549999 563840879.3521 573337619.1753 808215614.781 703931156.144 341221789.553 416960874.75640005 682168393.057 617489013.822 677266216.694 358982387.228 590409366.103 480196055.336 516152825.80399996 208517415.1407 762520570.048 545100425.6269 797858279.572 
387656613.349 662098740.8267 544680566.765 732800349.6189001 482343244.22529995 580348723.8124 549080891.8197 523669050.2379 438195200.559 526046784.816 410601275.85 477129016.6684 589308554.163 507718578.63400006 679273598.652 461067286.847 511855320.31000006 290240142.45390004 369269344.604 147560723.895 486045846.375 315016652.035 359978072.045 237276932.159 468540189.10600007 0 562864103.865 621899170.298 680274745.952 604398542.438 409756862.88699996 530516714.803 649059735.859 460447242.3714 409878917.543 748813766.9363999 590514543.357 809761978.659 485765391.0968 540604361.9955 355779338.226 372508629.24600005 245545230.209 461652142.37610006 511661831.1684 679426304.748 370010530.1047 439290497.935 277778010.23 508923881.076 
679112955.663 827418507.5423 475807530.24 793205271.522 492086909.824 535614141.49 666342878.6 782155839.989 627213547.685 875946992.5891 152262828.015 398752301.9363 293026380.55 669885668.9319999 693790445.5401 539802738.842 650051571.555 594349218.7578999 661383994.181 439017066.209 718171530.356 569681236.676 632217394.5011001 596439874.3169999 417569568.575 562864103.865 0 573551967.192 466938090.407 579177618.4444001 652124412.0469999 222874848.231 622083745.589 774583554.516 176726238.699 754277906.27 862753865.8131001 658352030.8965 693396866.4463 945344531.4760001 721159988.726 656008485.7301 446282790.6193 753108484.6901 856814989.779 515975823.042 561358756.558 744285662.9474001 581887086.5339999 868086823.234 
758828705.347 991604837.372 414538869.47599995 619038217.091 673987667.5770001 600215369.645 563874774.199 844089539.278 640454692.389 632487771.883 507513674.059 637490244.1933 400151228.66199994 335067858.11399996 761957792.528 710803903.266 888789513.812 563288508.579 818023219.999 661717645.8411 460150511.71900004 782538582.3077 438149878.716 384622238.139 656307510.832 621899170.298 573551967.1919999 0 106613876.785 619043603.036 482097586.1010001 350677118.96099997 833664492.4791 860796609.448 705719986.507 418410851.708 509190696.809 844299334.767 932134808.7033 721306770.857 746014043.7939999 519853935.226 684942523.8723999 745149723.527 953656950.389 740303904.391 727544704.238 454336312.89199996 565008426.518 606472332.268 
845630565.162 1089708185.266 307924992.691 719199083.227 774148533.713 555993203.2054 661978122.093 944137284.128 710953701.7234 712900567.594 607674540.1949999 744104120.9783 293537351.877 432881011.867 857854252.42 808907251.1600001 995403390.5969999 577604712.752 924637096.7839999 759530799.5941 560311377.855 852606437.474 538310744.852 442997813.793 762921387.6169999 680274745.952 466938090.407 106613876.785 0 512429726.251 582258452.237 244063242.176 929560952.3711 956144008.572 599106109.722 516224005.46099997 402576820.024 903954476.756 983205657.125 803826192.259 828533465.1959999 578229510.88 760168571.019 832709361.344 1055541349.78 824782906.869 827705570.3740001 347722436.107 566449895.177 706633198.404 
480534460.6584 867918333.7484 820354718.9419999 608563162.514 553277453.261 43563476.9544 520319681.7194 668110083.2953999 198523975.4724 530286175.99 663004174.249 754796564.1104 747102507.0500001 429856305.663 1108396272.9450002 667248810.7864 940509630.083 337866018.73 804493058.2623999 489158452.1364 385422614.4564 746662580.2263999 323704940.035 446406079.921 797099624.8670001 604398542.438 579177618.4444001 619043603.036 512429726.251 0 361387371.785 686339443.3504 1117920657.239 626889720.782 755903857.1434001 758309580.2754 554241411.347 1092128991.401 836360201.728 453293866.9404 478001139.8774 325001392.1634 545255088.9833 484677387.36039996 803871115.359 1095153441.4864001 699390043.4344 165108044.503 350328150.95390004 390812875.8654 
289572760.99 762249976.403 639224206.8557 726708562.356 191890081.476 404950848.7394 366146050.252 490485925.8955 559911347.2574 461249783.385 559327884.4200001 436120495.7593 656011459.995 633678433.51 828957848.2211 513075179.319 687419765.378 416199997.3299 616705453.47 529668650.444 466727321.149 565659554.4797001 295181070.61399996 172479930.728 454937762.398 409756862.88699996 652124412.0469999 482097586.1010001 582258452.237 361387371.785 0 585859927.676 757251148.27 453695329.398 506866465.595 722971128.394 525717541.926 730741619.6159999 730765060.2693 533308309.194 374425810.8303 307711627.815 428688095.49230003 281321080.223 630676723.975 795466542.231 510665676.41 526495416.288 403737865.106 402314566.968 
875432688.666 1019271877.1 551988234.867 653331947.461 563521408.712 642775966.3959999 610690025.005 1005030688.22 772760047.118 809935538.642 375137676.246 619699736.81 70151532.319 588952806.707 916665293.7710999 738796790.307 853515582.163 371474370.5269 884258842.412 661891914.44 495296682.125 784890808.384 695458677.5350001 652892416.76 631367271.313 530516714.803 222874848.231 350677118.96099997 244063242.176 686339443.3504 585859927.676 0 844958593.8199999 990963957.1744 375720290.16400003 705305257.719 646640062.2 680951056.378 914344301.3199999 869696029.304 857966881.611 659666310.7129999 584523907.7334 867181007.8989999 1012111906.4649999 580719664.6930001 784233604.789 577739697.3729999 359012238.303 706462551.256 
991574384.737 960256851.5837001 621635959.6801 872536869.565 642023157.396 1133539094.062 670657824.317 930704316.4037001 1067694218.724 1067462961.71 469820917.574 724796871.8163 841896286.2249999 942263528.3399999 71706699.9511 523728695.25 624878530.6601 780054638.509 703415042.507 796620459.754 944199429.926 613174762.792 914160368.4000001 868671156.346 743614138.4549999 649059735.859 622083745.589 833664492.4791 929560952.3711 1117920657.2389998 757251148.27 844958593.8199999 0 1008357889.8759999 798809984.288 998668728.8421 1010495586.5840001 913576982.723 828435217.03 1147924376.366 1004839074.085 937951459.6290001 578295592.995 995753343.594 939847281.0569999 738645946.472 668168640.8617 1009936915.1539999 792516770.7328999 1090521250.475 
164122568.408 647411674.9334 995096325.537 1096238542.093 645585410.8740001 601093552.112 534393825.92640007 92787788.6694 626200964.971 444141809.76199996 764419392.7544 585969490.5289 1008541153.19 879658671.8569999 1026740567.769 629542506.526 540124081.684 656106800.397 393716929.2899 335566488.307 836417269.411 410317342.28110003 552789604.003 568248463.76 563840879.3521 460447242.3714 774583554.516 860796609.448 956144008.572 626889720.782 453695329.398 990963957.1744 1008357889.8759999 0 836336402.2304 947182568.4879999 783326075.315 862272876.8299999 383826151.20339996 572702874.6700001 660486064.5353 659708239.29 671094548.737 628159591.987 176981394.577 1034649867.2941 355323464.21140003 791997765.285 668568932.6208999 664576918.938 
796439226.585 800438172.494 652533768.939 616479032.823 315360671.125 712340380.189 489616639.901 743548613.561 798927116.2639999 935925702.359 328989066.714 371771966.888 305568757.845 493159430.233 870516684.2391 363076500.143 581677442.504 700119059.9969 617253261.1800001 557439641.438 544814469.293 689130144.1287 692487958.8740001 647155849.702 573337619.1753 409878917.543 176726238.699 705719986.507 599106109.722 755903857.1434 506866465.595 375720290.16400003 798809984.288 836336402.2304 0 577551667.571 834177220.526 481625792.1975 666416531.398 821261890.095 765658255.769 716279050.103 552158685.1413 788187545.8180001 828762081.6880001 339249584.343 634136266.059 757907691.393 687656927.773 845314502.693 
851711969.635 1103836463.0 722405129.88 914759880.1851 531081046.918 714746103.321 678622044.861 974696273.815 865240427.379 951371712.3759999 633908325.6551 775503897.902 635153725.4 449598591.78999996 926962028.891 722995676.82 1038742928.0500001 677819242.255 952549970.2789999 611616080.181 596238449.076 904850519.9217 614203306.529 730025367.129 808215614.781 748813766.9363999 754277906.27 418410851.708 516224005.46099997 758309580.2753999 722971128.394 705305257.719 998668728.8421 947182568.4879999 577551667.571 0 439650376.485 934776246.832 1020279213.586 866960303.0495 891667575.9865 637994397.758 503268536.72739995 806882080.627 1060774655.095 909720242.26 849856641.852 714346852.9499999 679539160.194 730936603.1999999 
619203506.9070001 824379443.9260001 697157353.982 913297326.283 607663759.061 591042678.945 739440705.1520001 774065056.6704999 527351073.594 642007463.855 710491037.7981 685113889.5053 696114171.901 757505927.2780001 1010215300.2639999 592511576.085 599092551.565 582464961.9639 846688337.122 469257901.80910003 361734993.595 663089327.2977 230536471.312 353237611.198 703931156.144 590514543.357 862753865.8131 509190696.809 402576820.024 554241411.347 525717541.926 646640062.2 1010495586.5840001 783326075.315 834177220.526 439650376.485 0 772383547.6370001 580628837.101 714065989.664 593687906.437 488469308.285 579851248.8704 534545419.583 716133275.598 597452511.386 608095449.228 562467955.278 570002829.74 607233178.824 
919046590.422 728793659.253 596029484.065 1041091855.907 538851538.14 1089558103.666 703995306.075 787460619.902 1022417983.279 1019818524.02 626480492.3629999 542787441.8403 641815452.104 974785222.4305 985283682.6741 564115427.001 573703792.533 873860082.956 556122687.032 769100985.3241 1010210031.638 494745326.62399995 814616474.385 903221550.3439999 341221789.553 809761978.6589999 658352030.8965 844299334.767 903954476.756 1092128991.401 730741619.6159999 680951056.378 913576982.723 862272876.8299999 481625792.1975 934776246.832 772383547.6370001 0 758182664.3094 1023390182.61 896451305.252 867808313.929 700204176.7809999 903122952.986 821417844.8889999 174931036.251 524924944.36 1103742359.601 886322215.1798999 1087362205.95 
547948719.6114 610519426.4771 890765610.92 1179215944.2512999 539067415.494 862537658.6863999 385781453.9214 476613939.8728 739524607.0469999 827967960.9654 568589610.738 294644564.51 938251965.83 921746870.313 868241110.2894 405859001.8974 460276005.9604 770371653.076 617042632.6601 448890130.383 942363830.696 263437337.6854 512655261.693 635356401.579 416960874.7564 485765391.0968 693396866.4463 932134808.7033 983205657.125 836360201.728 730765060.2693 914344301.3199999 828435217.03 383826151.2034 666416531.398 1020279213.586 580628837.101 758182664.3094 0 832724953.722 727402814.4363999 770588098.666 658628343.0813 453161938.372 206844756.6264 855621372.24 318431215.7551 844586745.659 762882882.2004001 907003350.496 
410438512.746 762803961.738 928503150.173 885833622.119 505901218.97 409730389.986 626406277.959 637865740.176 564690888.504 575634557.744 805005424.7679999 649682192.1 939847561.623 712511361.8629999 1145782019.188 773335407.026 810204698.9959999 502473703.849 601320279.412 650534402.2 627721402.314 613492047.4237 483529518.352 360828378.46599996 682168393.057 540604361.9955 945344531.4760001 721306770.857 803826192.259 453293866.9404 533308309.19399995 869696029.304 1147924376.366 572702874.6700001 821261890.095 866960303.0495 714065989.664 1023390182.61 832724953.722 0 372886767.867 425760215.217 626313767.035 379563015.35 746371257.5534999 1109477679.725 558498169.354 530267309.98099995 514935836.0729 355199448.568 
565015465.6823 455480630.836 900459904.9909999 957542367.088 501769202.918 434437662.923 676025171.694 696671504.36 589398161.441 674305504.06 656827267.837 503635715.86600006 928118413.93 755657189.89 1008921016.236 638426139.1803 660804145.026 532460022.936 496003776.9443 324919576.2283 728206481.473 463965476.751 508236791.28900003 385535651.403 617489013.822 355779338.226 721159988.726 746014043.7939999 828533465.196 478001139.8774 374425810.8303 857966881.611 1004839074.085 660486064.5353 765658255.769 891667575.9865 593687906.437 896451305.252 727402814.4363999 372886767.867 0 520767348.49 601324568.435 404270288.287 771078530.4905 1035205642.974 518959354.8207 554974582.918 525716621.486 504450068.358 
539357592.439 851775809.5870001 811899444.962 460073406.902 400918378.97800004 281437915.209 575174347.7540001 752496027.9593999 436398413.727 424001549.744 503745657.71510005 586965205.681 589514778.3939999 330760027.125 990406381.616 628940012.8301 859120749.72 466700035.94490004 723266244.2149999 334861251.742 245970067.576 687525281.2810001 257932836.97300002 135231697.087 677266216.694 372508629.24600005 656008485.7301 519853935.22599995 578229510.88 325001392.1634 307711627.815 659666310.7129999 937951459.629 659708239.29 716279050.103 637994397.758 488469308.285 867808313.929 770588098.666 425760215.217 520767348.49 0 373105868.7874 524943244.638 811914208.493 892771159.696 635491814.889 490109436.66639996 454237903.721 406878646.004 
616159668.517 792649984.1773 452243578.328 574871517.1343 236798014.01630002 588818565.9377 411053982.7923 621512292.326 581280557.591 602582714.154 294019962.6043 363983778.57129997 654675440.0524 367213478.483 650002292.9461 339929356.63 591464158.321 216834282.61 543461270.864 393105954.104 437564250.9789 512505924.299 349314777.55840003 472015917.4444001 358982387.228 245545230.209 446282790.6193 684942523.8724 760168571.019 545255088.9833 428688095.49230003 584523907.7334 578295592.995 671094548.737 552158685.1413 503268536.72739995 579851248.8704001 700204176.7809999 658628343.0813 626313767.035 601324568.435 373105868.7874 0 602829169.318 715013441.899 605481748.205 555573608.9503 446716559.255 229296414.8339 587387114.785 
464037023.579 669212960.598 909355810.0417 965587348.97 473211161.699 441113910.406 596600463.688 563613028.8245 594545125.626 585213803.791 787169718.5730001 515703392.53400004 937332540.2179999 826399091.561 1018465537.0519999 627597981.4331 665823605.606 635572941.1741 676255764.958 314091418.4811 748048401.372 468984937.331 315551807.102 389711547.551 590409366.103 461652142.37610006 753108484.6901 745149723.527 832709361.344 484677387.3604 281321080.223 867181007.8989999 995753343.594 628159591.987 788187545.8180001 806882080.627 534545419.583 903122952.986 453161938.372 379563015.35 404270288.287 524943244.638 602829169.318 0 550236207.034 1021567931.854 417530101.973 561650830.401 648035073.398 511126315.84099996 
341103962.985 673754607.0567 1020029502.838 1199733182.9239998 575677850.236 778074946.689 401421881.46 269769183.2464 803182359.5479999 621123204.339 711125196.377 501489321.1364 1067111824.948 985724125.769 931434061.145 465685581.545 425684167.545 757503475.304 570698323.8669 512547882.88399994 954276399.705 326672518.265 719500018.3194001 676682511.406 480196055.33599997 511661831.1684 856814989.779 953656950.389 1055541349.78 803871115.359 630676723.975 1012111906.4649999 939847281.057 176981394.577 828762081.688 1060774655.095 716133275.598 821417844.8889999 206844756.6264 746371257.5535 771078530.4905 811914208.493 715013441.899 550236207.034 0 951005043.278 381666396.3347 928459072.6045 769965607.5279 841558313.515 
1015153012.52 903724695.504 575831081.534 940860464.222 603576460.755 1051589964.5320001 682310254.241 941862078.6247001 1087142905.894 1099405887.71 497007072.78400004 634371303.311 644818342.188 832409014.576 810352646.4231 691873354.7855 586406903.36 761130133.635 724365550.283 825438093.003 884064053.6359999 624332525.013 827988982.6980001 846991668.475 516152825.80399996 679426304.748 515975823.042 740303904.391 824782906.8690001 1095153441.4864001 795466542.231 580719664.6930001 738645946.472 1034649867.2941 339249584.343 909720242.26 597452511.386 174931036.251 855621372.24 1109477679.725 1035205642.974 892771159.696 605481748.205 1021567931.854 951005043.2779999 0 679326403.0827 991012410.28 773592265.8589 1118638617.392 
491564924.75 292088210.722 723835384.489 963617883.264 318775594.934 655826566.48 179070361.715 262535675.542 640251117.552 771584166.104 409095928.543 410083067.42800003 812145471.327 762575174.7409999 739875340.8128 305396814.445 251706529.642 556402005.9478999 298611416.905 517571253.99970007 752207709.869 54993878.0697 377558977.916 500260117.80200005 208517415.1407 370010530.1047 561358756.558 727544704.238 827705570.3740001 699390043.4344001 510665676.41 784233604.789 668168640.8617 355323464.21140003 634136266.059 849856641.852 608095449.228 524924944.36 318431215.7551 558498169.354 518959354.8207 635491814.889 555573608.9503 417530101.973 381666396.3347 679326403.0827 0 709490461.882 543939873.724 732793749.494 
645197372.841 925774456.58 655647428.798 672442483.81 683514573.2713 208671521.4574 685427726.2224 833218127.7983999 363632019.9754 365178131.487 740736521.8593 743703303.4093001 581994462.547 264748261.16 1000412530.86 786645915.885 951145818.245 229882276.645 808559842.539 551363799.338 426995295.21500003 754307149.97 331931483.966 454632623.852 762520570.0480001 439290497.935 744285662.9474 454336312.89199996 347722436.107 165108044.503 526495416.288 577739697.3729999 1009936915.154 791997765.285 757907691.393 714346852.95 562467955.278 1103742359.601 844586745.659 530267309.98099995 554974582.918 490109436.6664 446716559.255 561650830.401 928459072.6044999 991012410.28 709490461.882 0 218727459.07 555920920.3684 
545812572.264 836028084.446 565713517.4239 455022339.3889 466094428.85020006 393891627.90830004 562848163.348 761356721.2902999 548852126.4263 583905590.5569999 523316377.4382 526283158.9882 429163770.622 229940568.404 782992386.4389 569225771.4639 753359550.792 12462132.2239 646226164.507 333943654.91690004 208267836.145 592794662.2650001 550658943.036 515054942.38900006 545100425.6269 277778010.23 581887086.5339999 565008426.518 566449895.177 350328150.95390004 403737865.106 359012238.303 792516770.7328999 668568932.6208999 687656927.773 679539160.194 570002829.74 886322215.1798999 762882882.2004 514935836.0729 525716621.486 454237903.721 229296414.8339 648035073.398 769965607.5279 773592265.8589 543939873.724 218727459.07 0 494909384.208 
500454350.53 894367262.229 758277574.447 635023886.628 551376151.539 347249398.911 561424865.21 729483599.7379999 502209897.429 220435109.176 715823995.219 741014325.666 776614083.575 463847570.805 1123403913.77 708353994.2770001 981040249.372 495690810.96 814097187.372 565743635.7221 506551069.814 786167975.225 394348088.803 271646948.917 797858279.572 508923881.076 868086823.234 606472332.268 706633198.404 390812875.8654 402314566.968 706462551.256 1090521250.475 664576918.938 845314502.693 730936603.2 607233178.824 1087362205.95 907003350.496 355199448.568 504450068.358 406878646.004 587387114.785 511126315.84099996 841558313.515 1118638617.392 732793749.494 555920920.3684 494909384.208 0 
