42
4 6 7 9 10 11 15 17 18 19 20 21 24 27 31 33 40 42 44 48 49 50 54 58 59 60 61 63 64 65 66 67 68 69 72 75 76 78 79 81 88 77
0 0.3803 0.46652000000000005 0.43311 0.6181 0.17033 0.39871 0.49282 0.3229 0.12048 0.63172 0.39495 0.65896 0.52868 0.48491 0.26417 0.30757 0.80408 0.30054 0.48939 0.28922 0.23967 0.33886 0.69514 0.52194 0.04098 0.57188 0.17099999999999999 0.28038 0.3503 0.45964 0.6744 0.35428000000000004 0.5978600000000001 0.48355 0.38755 0.40848 0.7321 0.25501 0.56388 0.24276999999999999 0.53755 
0.3803 0 0.08622 0.20109 0.27252 0.43979 0.67228 0.34494 0.56931 0.38204 0.41873 0.47742 0.29707 0.24262 0.6620299999999999 0.61491 0.59186 0.59422 0.30809 0.7349 0.38677 0.28312 0.27095 0.40531 0.25134999999999996 0.41061 0.24417 0.40927 0.47879 0.7235400000000001 0.39951 0.32979 0.55756 0.53282 0.79489 0.63673 0.45334 0.48863 0.60006 0.3512 0.37035 0.29872 
0.46652000000000005 0.08622 0 0.16112 0.26596 0.48775 0.7052 0.30562 0.61435 0.46396 0.46041 0.56116 0.27243 0.2189 0.74607 0.6707 0.63254 0.62768 0.39431 0.82109 0.41701999999999995 0.36934 0.3525 0.31909 0.24454 0.49138 0.16012 0.46679 0.50884 0.79892 0.47348 0.24363 0.6437799999999999 0.60125 0.87938 0.66761 0.53532 0.51632 0.6553100000000001 0.39837 0.43349 0.2125 
0.43311 0.20109 0.16112 0 0.4256 0.41093 0.59449 0.14604 0.5247 0.48667 0.61982 0.65808 0.42557 0.38002 0.8201 0.60077 0.53437 0.78603 0.48760000000000003 0.87354 0.28854 0.44012 0.45722 0.26206 0.31214 0.47251 0.15916 0.41239 0.39994 0.77941 0.5948 0.26156 0.70183 0.7314 0.9044 0.55291 0.6377200000000001 0.67603 0.58277 0.55229 0.39579 0.10462 
0.6181 0.27252 0.26596 0.4256 0 0.70595 0.9417 0.56653 0.83603 0.57906 0.26115 0.54288 0.21332 0.13418 0.73733 0.87116 0.8609 0.39277 0.4159 0.84629 0.65839 0.4341 0.35582 0.49499 0.11828 0.63914 0.3558 0.68179 0.75014 0.93376 0.40347 0.3688 0.67773 0.47715 0.94509 0.90879 0.50331 0.28486 0.8584700000000001 0.23031 0.62255 0.45229 
0.17033 0.43979 0.48775 0.41093 0.70595 0 0.2457 0.41771 0.19833 0.29081 0.76799 0.56478 0.73631 0.62288 0.64928 0.18985 0.15776 0.94573 0.45703 0.63831 0.33155 0.39342 0.48529 0.65915 0.59446 0.19699 0.57009 0.28652 0.11005 0.40834 0.61785 0.67249 0.50983 0.75277 0.60288 0.22519 0.57652 0.86324 0.17194 0.69736 0.11743 0.50177 
0.39871 0.67228 0.7052 0.59449 0.9417 0.2457 0 0.54513 0.12967 0.51328 1.01369 0.78705 0.96705 0.86858 0.8377 0.19762 0.09119 1.19114 0.69714 0.79386 0.33945000000000003 0.63442 0.72912 0.80645 0.82687 0.41159 0.7536499999999999 0.30446 0.19681 0.46891 0.85741 0.85107 0.70194 0.988 0.71482 0.17975 0.80477 1.10879 0.18852 0.94304 0.35711 0.6638 
0.49282 0.34494 0.30562 0.14604 0.56653 0.41771 0.54513 0 0.50614 0.57196 0.76087 0.77131 0.56085 0.52432 0.92743 0.59942 0.50442 0.93207 0.60544 0.96578 0.26026 0.55649 0.58845 0.26163 0.45818 0.53379 0.3052 0.44224 0.36819 0.8187200000000001 0.7306699999999999 0.32715 0.79986 0.86951 0.97618 0.4987 0.75857 0.82174 0.58038 0.69614 0.44299 0.13802 
0.3229 0.56931 0.61435 0.5247 0.83603 0.19833 0.12967 0.50614 0 0.38362 0.89148 0.65749 0.86609 0.75281 0.71271 0.10777 0.04057 1.06754 0.56948 0.678 0.39317 0.50732 0.60364 0.76029 0.72568 0.28192 0.68365 0.25433 0.17773 0.38192 0.72927 0.7862600000000001 0.57624 0.8608499999999999 0.61216 0.1288 0.67513 0.98852 0.09028 0.82156 0.23171 0.60759 
0.12048 0.38204 0.46396 0.48667 0.57906 0.29081 0.51328 0.57196 0.38362 0 0.54779 0.27657 0.6279 0.4887 0.37146 0.37238 0.42275 0.71226 0.20449 0.39471 0.40005999999999997 0.15464 0.25487 0.74441 0.49662 0.10191 0.60739 0.23193 0.39715 0.35476 0.35517 0.70272 0.23466 0.47738 0.41991 0.50538 0.29155 0.65124 0.35324 0.48451 0.17737 0.59101 
0.63172 0.41873 0.46041 0.61982 0.26115 0.76799 1.01369 0.76087 0.89148 0.54779 0 0.3894 0.31496 0.24832 0.56366 0.8953 0.92449 0.18049 0.34405 0.69044 0.77563 0.39587 0.29451 0.74287 0.32369 0.63712 0.5915999999999999 0.71209 0.84226 0.87721 0.22764 0.62324 0.54959 0.24078 0.8194 0.99072 0.34646 0.10456 0.8867 0.26141000000000003 0.6601 0.67092 
0.39495 0.47742 0.56116 0.65808 0.54288 0.56478 0.78705 0.77131 0.65749 0.27657 0.3894 0 0.60324 0.46679 0.23177999999999999 0.6199 0.6971 0.51469 0.17049 0.31211 0.65335 0.22971000000000003 0.21054 0.87841 0.5138 0.37594 0.72102 0.49694 0.6685 0.51862 0.16255 0.79883 0.16272 0.22573 0.43 0.78195 0.04378 0.48966 0.6182 0.35297 0.44872 0.74969 
0.65896 0.29707 0.27243 0.42557 0.21332 0.73631 0.96705 0.56085 0.86609 0.6279 0.31496 0.60324 0 0.1425 0.79776 0.90717 0.88892 0.43212 0.47226 0.90471 0.67668 0.4867 0.41269 0.46429 0.1421 0.68265 0.33554 0.70209 0.7733099999999999 0.9826600000000001 0.45833 0.33128 0.73572 0.5366599999999999 1.00172 0.9324999999999999 0.5638 0.31734 0.89319 0.2895 0.65934 0.43794 
0.52868 0.24262 0.2189 0.38002 0.13418 0.62288 0.86858 0.52432 0.75281 0.4887 0.24832 0.46679 0.1425 0 0.66206 0.78414 0.77915 0.41284000000000004 0.33008 0.76509 0.58666 0.34478 0.28799 0.4968 0.0754 0.54928 0.34331 0.58164 0.6731 0.84342 0.33206 0.38152 0.59447 0.431 0.85946 0.83067 0.43208 0.29742 0.77134 0.19581 0.53554 0.4249 
0.48491 0.6620299999999999 0.74607 0.8201 0.73733 0.64928 0.8377 0.92743 0.71271 0.37146 0.56366 0.23177999999999999 0.79776 0.66206 0 0.64775 0.75322 0.65565 0.35394 0.20603 0.77007 0.38173 0.40211 1.05983 0.70822 0.45278 0.90469 0.58279 0.75902 0.46533 0.34698 0.98714 0.13949 0.35073 0.28891 0.84135 0.2482 0.65633 0.65186 0.53758 0.5446 0.92001 
0.26417 0.61491 0.6707 0.60077 0.87116 0.18985 0.19762 0.59942 0.10777 0.37238 0.8953 0.6199 0.90717 0.78414 0.64775 0 0.1364 1.06589 0.55867 0.59759 0.36888000000000004 0.5008 0.6022000000000001 0.84707 0.76528 0.30515000000000003 0.75759 0.21894 0.24057 0.28781 0.71355 0.86146 0.51685 0.83352 0.5172 0.22419999999999998 0.6442899999999999 0.99614 0.01914 0.82794 0.24866 0.69072 
0.30757 0.59186 0.63254 0.53437 0.8609 0.15776 0.09119 0.50442 0.04057 0.42275 0.92449 0.6971 0.88892 0.77915 0.75322 0.1364 0 1.10141 0.60604 0.71857 0.35292999999999997 0.54393 0.6386 0.76213 0.7477400000000001 0.32127 0.69334 0.21376 0.13716 0.41386 0.76625 0.79464 0.61679 0.8969 0.64869 0.08856 0.71415 1.02051 0.12131 0.85416 0.27228 0.6155200000000001 
0.80408 0.59422 0.62768 0.78603 0.39277 0.94573 1.19114 0.93207 1.06754 0.71226 0.18049 0.51469 0.43212 0.41284000000000004 0.65565 1.06589 1.10141 0 0.50817 0.78968 0.95608 0.56665 0.46525 0.88776 0.4821 0.80614 0.74502 0.88819 1.0221 1.02467 0.37387 0.76076 0.67452 0.30493 0.93324 1.16934 0.4712 0.23172 1.05831 0.25215 0.83583 0.83339 
0.30054 0.30809 0.39431 0.48760000000000003 0.4159 0.45703 0.69714 0.60544 0.56948 0.20449 0.34405 0.17049 0.47226 0.33008 0.35394 0.55867 0.60604 0.50817 0 0.4407 0.51399 0.06397 0.06057 0.7123200000000001 0.363 0.29866 0.55226 0.39323 0.54965 0.53953 0.16083 0.63359 0.26613 0.30335 0.53015 0.6818 0.21427000000000002 0.44803 0.55195 0.28311 0.34084 0.57949 
0.48939 0.7349 0.82109 0.87354 0.84629 0.63831 0.79386 0.96578 0.678 0.39471 0.69044 0.31211 0.90471 0.76509 0.20603 0.59759 0.71857 0.78968 0.4407 0 0.7782 0.45201 0.49620000000000003 1.12594 0.8037 0.45213000000000003 0.97544 0.57683 0.74756 0.3718 0.46752 1.0646900000000001 0.1774 0.48486 0.15889 0.8068000000000001 0.34962 0.78597 0.60605 0.65861 0.54896 0.97699 
0.28922 0.38677 0.41701999999999995 0.28854 0.65839 0.33155 0.33945000000000003 0.26026 0.39317 0.40005999999999997 0.77563 0.65335 0.67668 0.58666 0.77007 0.36888000000000004 0.35292999999999997 0.95608 0.51399 0.7782 0 0.45186 0.52599 0.51363 0.54202 0.32689 0.44684 0.20746 0.3751 0.57291 0.66855 0.54683 0.63223 0.81031 0.75874 0.26437 0.6552 0.86028 0.37548000000000004 0.70611 0.22986 0.36294 
0.23967 0.28312 0.36934 0.44012 0.4341 0.39342 0.63442 0.55649 0.50732 0.15464 0.39587 0.22971000000000003 0.4867 0.34478 0.38173 0.5008 0.54393 0.56665 0.06397 0.45201 0.45186 0 0.1014 0.67819 0.36495 0.24149 0.52544 0.33017 0.48571 0.50558 0.22458 0.6129100000000001 0.27462 0.36201 0.52267 0.61828 0.20687 0.49842 0.49319 0.33088 0.28524 0.53866 
0.33886 0.27095 0.3525 0.45722 0.35582 0.48529 0.72912 0.58845 0.60364 0.25487 0.29451 0.21054 0.41269 0.28799 0.40211 0.6022000000000001 0.6386 0.46525 0.06057 0.49620000000000003 0.52599 0.1014 0 0.6715899999999999 0.32633999999999996 0.34266 0.5126 0.42486 0.57099 0.6001 0.14646 0.59268 0.32375 0.28898 0.58937 0.71038 0.18283 0.39729000000000003 0.59338 0.22979 0.37390999999999996 0.54662 
0.69514 0.40531 0.31909 0.26206 0.49499 0.65915 0.80645 0.26163 0.76029 0.74441 0.74287 0.87841 0.46429 0.4968 1.05983 0.84707 0.76213 0.88776 0.7123200000000001 1.12594 0.51363 0.67819 0.6715899999999999 0 0.4214 0.73455 0.23725 0.67012 0.6250100000000001 1.04038 0.79084 0.13301 0.94864 0.91368 1.16387 0.76021 0.85395 0.77317 0.82839 0.69158 0.65663 0.15971 
0.52194 0.25134999999999996 0.24454 0.31214 0.11828 0.59446 0.82687 0.45818 0.72568 0.49662 0.32369 0.5138 0.1421 0.0754 0.70822 0.76528 0.7477400000000001 0.4821 0.363 0.8037 0.54202 0.36495 0.32633999999999996 0.4214 0 0.54469 0.26791 0.57261 0.63396 0.85138 0.39131 0.30949 0.62913 0.49976 0.88705 0.79305 0.47945 0.36876 0.75119 0.27018 0.51776 0.3513 
0.04098 0.41061 0.49138000000000004 0.47251 0.63914 0.19699 0.41159 0.53379 0.28192 0.10191 0.63712 0.37594 0.68265 0.54928 0.45278 0.30515000000000003 0.32127 0.80614 0.29866 0.45213000000000003 0.32689 0.24149 0.34266 0.73455 0.54469 0 0.60908 0.13002 0.30636 0.39128 0.45422 0.71103 0.3133 0.57893 0.4426 0.40983 0.39334 0.73906 0.29599000000000003 0.57161 0.27928 0.57615 
0.57188 0.24417 0.16012 0.15916 0.3558 0.57009 0.7536499999999999 0.3052 0.68365 0.60739 0.5915999999999999 0.72102 0.33554 0.34331 0.90469 0.75759 0.69334 0.74502 0.55226 0.97544 0.44684 0.52544 0.5126 0.23725 0.26791 0.60908 0 0.56419 0.5591 0.92194 0.63088 0.10424 0.7986 0.75446 1.02481 0.70938 0.69542 0.6334299999999999 0.73986 0.53676 0.54606 0.26378 
0.17099999999999999 0.40927 0.46679 0.41239 0.68179 0.28652 0.30446 0.44224 0.25433 0.23193 0.71209 0.49694 0.70209 0.58164 0.58279 0.21894 0.21376 0.88819 0.39323 0.57683 0.20746 0.33017 0.42486 0.67012 0.57261 0.13002 0.56419 0 0.17647 0.41803 0.55406 0.66841 0.44331 0.68694 0.55129 0.28892 0.50914 0.80944 0.22554 0.64226 0.40395000000000003 0.51044 
0.28038 0.47879 0.50884 0.39994 0.75014 0.11005 0.19681 0.36819 0.17773 0.39715 0.84226 0.6685 0.7733099999999999 0.6731 0.75902 0.24057 0.13716 1.0221 0.54965 0.74756 0.3751 0.48571 0.57099 0.6250100000000001 0.63396 0.30636 0.5591 0.17647 0 0.49701 0.70959 0.6591 0.61955 0.84756 0.70675 0.15924 0.67748 0.93284 0.22159 0.77073 0.22748000000000002 0.47865 
0.3503 0.7235400000000001 0.79892 0.77941 0.93376 0.40834 0.46891 0.8187200000000001 0.38192 0.35476 0.87721 0.51862 0.9826600000000001 0.84342 0.46533 0.28781 0.41386 1.02467 0.53953 0.3718 0.57291 0.50558 0.6001 1.04038 0.85138 0.39128 0.92194 0.41803 0.49701 0 0.65897 1.02466 0.36763 0.74387 0.25381 0.49438 0.55602 0.9817 0.29270999999999997 0.82118 0.38383 0.88075 
0.45964 0.39951 0.47348 0.5948 0.40347 0.61785 0.85741 0.7306699999999999 0.72927 0.35517 0.22764 0.16255 0.45833 0.33206 0.34698 0.71355 0.76625 0.37387 0.16083 0.46752 0.66855 0.22458 0.14646 0.79084 0.39131 0.45422 0.63088 0.55406 0.70959 0.65897 0 0.69469 0.32197 0.14252 0.59202 0.84248 0.11882 0.32937 0.70768 0.19126 0.50167 0.68565 
0.6744 0.32979 0.24363 0.26156 0.3688 0.67249 0.85107 0.32715 0.7862600000000001 0.70272 0.62324 0.79883 0.33128 0.38152 0.98714 0.86146 0.79464 0.76076 0.63359 1.0646900000000001 0.54683 0.6129100000000001 0.59268 0.13301 0.30949 0.71103 0.10424 0.66841 0.6591 1.02466 0.69469 0 0.88735 0.80893 1.12083 0.80713 0.76996 0.64527 0.84365 0.57696 0.65025 0.19147 
0.35428000000000004 0.55756 0.6437799999999999 0.70183 0.67773 0.50983 0.70194 0.79986 0.57624 0.23466 0.54959 0.16272 0.73572 0.59447 0.13949 0.51685 0.61679 0.67452 0.26613 0.1774 0.63223 0.27462 0.32375 0.94864 0.62913 0.3133 0.7986 0.44331 0.61955 0.36763 0.32197 0.88735 0 0.38407 0.272 0.70453 0.20542 0.65088 0.51947 0.50744 0.40558 0.80309 
0.5978600000000001 0.53282 0.60125 0.7314 0.47715 0.75277 0.988 0.86951 0.8608499999999999 0.47738 0.24078 0.22573 0.5366599999999999 0.431 0.35073 0.83352 0.8969 0.30493 0.30335 0.48486 0.81031 0.36201 0.28898 0.91368 0.49976 0.57893 0.75446 0.68694 0.84756 0.74387 0.14252 0.80893 0.38407 0 0.63054 0.97586 0.19255 0.31675 0.82983 0.24716 0.63534 0.81036 
0.48355 0.79489 0.87938 0.9044 0.94509 0.60288 0.71482 0.97618 0.61216 0.41991 0.8194 0.43 1.00172 0.85946 0.28891 0.5172 0.64869 0.93324 0.53015 0.15889 0.75874 0.52267 0.58937 1.16387 0.88705 0.4426 1.02481 0.55129 0.70675 0.25381 0.59202 1.12083 0.272 0.63054 0 0.73407 0.4737 0.91905 0.52902 0.77924 0.5365 1.00902 
0.38755 0.63673 0.66761 0.55291 0.90879 0.22519 0.17975 0.4987 0.1288 0.50538 0.99072 0.78195 0.9324999999999999 0.83067 0.84135 0.22419999999999998 0.08856 1.16934 0.6818 0.8068000000000001 0.26437 0.61828 0.71038 0.76021 0.79305 0.40983 0.70938 0.28892 0.15924 0.49438 0.84248 0.80713 0.70453 0.97586 0.73407 0 0.79589 1.08408 0.20506 0.91966 0.34096 0.61899 
0.40848 0.45334 0.53532 0.6377200000000001 0.50331 0.57652 0.80477 0.75857 0.67513 0.29155 0.34646 0.04378 0.5638 0.43208 0.2482 0.6442899999999999 0.71415 0.4712 0.21427000000000002 0.34962 0.6552 0.20687 0.18283 0.85395 0.47945 0.39334 0.69542 0.50914 0.67748 0.55602 0.11882 0.76996 0.20542 0.19255 0.4737 0.79589 0 0.44588 0.64078 0.30919 0.45939 0.72697 
0.7321 0.48863 0.51632 0.67603 0.28486 0.86324 1.10879 0.82174 0.98852 0.65124 0.10456 0.48966 0.31734 0.29742 0.65633 0.99614 1.02051 0.23172 0.44803 0.78597 0.86028 0.49842 0.39729000000000003 0.77317 0.36876 0.73906 0.6334299999999999 0.80944 0.93284 0.9817 0.32937 0.64527 0.65088 0.31675 0.91905 1.08408 0.44588 0 0.98702 0.16825 0.7581500000000001 0.71979 
0.25501 0.60006 0.6553100000000001 0.58277 0.8584700000000001 0.17194 0.18852 0.58038 0.09028 0.35324 0.8867 0.6182 0.89319 0.77134 0.65186 0.01914 0.12131 1.05831 0.55195 0.60605 0.37548000000000004 0.49319 0.59338 0.82839 0.75119 0.29599000000000003 0.73986 0.22554 0.22159 0.29270999999999997 0.70768 0.84365 0.51947 0.82983 0.52902 0.20506 0.64078 0.98702 0 0.8188900000000001 0.23592 0.67347 
0.56388 0.3512 0.39837 0.55229 0.23031 0.69736 0.94304 0.69614 0.82156 0.48451 0.26141000000000003 0.35297 0.2895 0.19581 0.53758 0.82794 0.85416 0.25215 0.28311 0.65861 0.70611 0.33088 0.22979 0.69158 0.27018 0.57161 0.53676 0.64226 0.77073 0.82118 0.19126 0.57696 0.50744 0.24716 0.77924 0.91966 0.30919 0.16825 0.8188900000000001 0 0.5905 0.6104 
0.24276999999999999 0.37035 0.43349 0.39579 0.62255 0.11743 0.35711 0.44299 0.23171 0.17737 0.6601 0.44872 0.65934 0.53554 0.5446 0.24866 0.27228 0.83583 0.34084 0.54896 0.22986 0.28524 0.37390999999999996 0.65663 0.51776 0.27928 0.54606 0.40395000000000003 0.22748000000000002 0.38383 0.50167 0.65025 0.40558 0.63534 0.5365 0.34096 0.45939 0.7581500000000001 0.23592 0.5905 0 0.49696 
0.53755 0.29872 0.2125 0.10462 0.45229 0.50177 0.6638 0.13802 0.60759 0.59101 0.67092 0.74969 0.43794 0.4249 0.92001 0.69072 0.6155200000000001 0.83339 0.57949 0.97699 0.36294 0.53866 0.54662 0.15971 0.3513 0.57615 0.26378 0.51044 0.47865 0.88075 0.68565 0.19147 0.80309 0.81036 1.00902 0.61899 0.72697 0.71979 0.67347 0.6104 0.49696 0 
