73
3 7 8 11 13 14 16 18 19 21 24 28 39 42 43 44 47 49 51 53 62 64 66 67 70 74 75 76 78 79 83 87 88 90 92 93 95 99 104 106 107 108 110 112 114 119 120 122 124 126 127 128 130 131 132 133 136 141 142 147 152 156 157 158 159 165 169 170 174 183 187 188 144
0 0.37642 0.2349 0.69895 0.31233999999999995 0.27683 0.18039 0.64337 0.67631 0.31719 0.48164 0.70197 0.37102 0.79694 0.58132 0.26188 0.77187 0.50748 0.52375 0.34407 0.26233 0.48782 0.09344 0.38893 0.47763 0.4335 0.28561 0.66667 0.31911 0.21993000000000001 0.27769 0.72449 0.23156 0.22794 0.19328 0.35255000000000003 0.34581 0.3771 0.38264 0.46931 0.26681 0.53632 0.33019 0.27734 0.28942 0.51791 0.55879 0.03684 0.44981 0.39478 0.52055 0.29753 0.49063 0.7007099999999999 0.17046 0.70193 0.39128 0.57445 0.69189 0.54278 0.23302 0.50381 0.49189 0.67865 0.5111 0.12963999999999998 0.23279 0.36668 0.31277 0.47836 0.52261 0.34507000000000004 0.76025 
0.37642 0 0.23831 0.34051 0.50325 0.62215 0.41275 0.28007 0.35241 0.68967 0.69441 0.34807 0.26698 0.76152 0.75329 0.61538 0.40823 0.17948 0.22039 0.37601 0.39178 0.22146 0.36607 0.55865 0.45775 0.47396000000000005 0.26362 0.65226 0.6949 0.25175 0.41864 0.78149 0.5827 0.49281 0.18329 0.0833 0.1582 0.09902 0.64203 0.82454 0.51844 0.70855 0.61072 0.5839300000000001 0.63355 0.21372 0.21643 0.36176 0.53688 0.76835 0.16137 0.09019 0.78941 0.66293 0.52466 0.32568 0.21699 0.21148 0.52159 0.55027 0.18113 0.77625 0.57758 0.32286000000000004 0.47723 0.40753 0.50932 0.52976 0.45118 0.38444 0.21954 0.3873 0.39280000000000004 
0.2349 0.23831 0 0.57614 0.26506 0.5117 0.18466 0.45256 0.58959 0.53897 0.68745 0.58488 0.13786 0.89935 0.77358 0.41459 0.64057 0.41439 0.30705 0.44959 0.15945 0.4366 0.28859 0.572 0.5727 0.5557 0.05913 0.77543 0.53205 0.0171 0.43433 0.87126 0.37625 0.44054 0.13842 0.27096 0.12777 0.18365 0.60162 0.70091 0.47684 0.72803 0.3771 0.35653 0.42066 0.30105000000000004 0.45451 0.24494 0.59762 0.61247 0.39928 0.21223 0.72221 0.79845 0.32684 0.53952 0.38282 0.3846 0.71358 0.65643 0.06551 0.7299499999999999 0.6419199999999999 0.5584899999999999 0.60025 0.33095 0.45054 0.54496 0.47316 0.53074 0.30445 0.16989 0.61436 
0.69895 0.34051 0.57614 0 0.83894 0.90729 0.75326 0.26361 0.11355 0.99619 0.88389 0.0189 0.56735 0.73711 0.90144 0.94858 0.07498 0.19569 0.38805 0.54785 0.72672 0.25221 0.6637 0.748 0.54691 0.60336 0.59174 0.67398 1.0084 0.5894 0.63728 0.83657 0.91693 0.75184 0.51324 0.34641 0.47159 0.40301 0.87067 1.10679 0.76464 0.86706 0.95105 0.92308 0.9706 0.39472 0.14247 0.67668 0.67687 1.07502 0.18084 0.40316 1.02755 0.66022 0.85765 0.13546 0.35969 0.27383 0.4276 0.62415 0.52153 0.99645 0.70385 0.02067 0.54502 0.6962 0.7705 0.72283 0.65536 0.4494 0.39055 0.70829 0.09377 
0.31233999999999995 0.50325 0.26506 0.83894 0 0.51667 0.13348 0.68944 0.85454 0.47811 0.78131 0.84842 0.302 1.1007 0.88649 0.28541 0.90107 0.67906 0.52497 0.64195 0.11224 0.69588 0.40452 0.69975 0.77462 0.73918 0.24953 0.97135 0.45558 0.2543 0.58823 1.03646 0.26385 0.53204 0.37263 0.53146 0.37184 0.43827 0.67298 0.65534 0.57067 0.84277 0.14569 0.16584 0.25706 0.51834 0.71954 0.34648 0.76097 0.52993 0.66383 0.47032 0.74706 1.0021200000000001 0.24289 0.79067 0.62838 0.6259 0.95608 0.8476199999999999 0.32648 0.77722 0.80338 0.8215399999999999 0.80685 0.43295 0.53266 0.67837 0.62429 0.75607 0.52035 0.15908 0.87102 
0.27683 0.62215 0.5117 0.90729 0.51667 0 0.41476 0.8983 0.85734 0.1855 0.30769 0.90598 0.64699 0.76449 0.42202 0.2797 0.98224 0.71197 0.79405 0.40849 0.5109 0.66518 0.25616 0.30068 0.51117 0.44026 0.56202 0.64154 0.16475 0.49644 0.30237 0.63292 0.29688 0.16834 0.44975 0.5749500000000001 0.61975 0.6434 0.19224 0.20274 0.17721 0.38673 0.45415 0.39359 0.33328 0.78854 0.7652 0.27296 0.40992 0.19024 0.74176 0.53367 0.23042 0.68597 0.27647 0.93777 0.55542 0.8311299999999999 0.77178 0.53298 0.50585 0.26898 0.43574999999999997 0.88664 0.54253 0.21547 0.15002 0.29881 0.30979 0.56211 0.79352 0.59427 0.98208 
0.18039 0.41275 0.18466 0.75326 0.13348 0.41476 0 0.63722 0.7555 0.40089 0.65705 0.76058 0.27944 0.96769 0.75943 0.2429 0.8201799999999999 0.57956 0.48531 0.50934 0.10005 0.5853 0.27168 0.56922 0.64238 0.60581 0.20377 0.83819 0.38443 0.1689 0.45497 0.90362 0.20087 0.40486 0.257 0.42537 0.31065 0.3682 0.5525899999999999 0.57536 0.4438 0.71525 0.1989 0.17208 0.24588 0.47872 0.6245 0.21368 0.62777 0.46577 0.57349 0.36333 0.64086 0.86938 0.16393 0.72323 0.51049 0.56898 0.83191 0.71436 0.23188 0.66439 0.67035 0.73454 0.67488 0.30596 0.40723 0.54707 0.49126 0.62759 0.48192 0.18522 0.79658 
0.64337 0.28007 0.45256 0.26361 0.68944 0.8983 0.63722 0 0.34176 0.9601200000000001 0.95794 0.26699 0.39034 0.92788 1.00282 0.8641 0.27032 0.27982 0.17009 0.62394 0.58141 0.36602 0.64216 0.81982 0.67331 0.70924 0.44788000000000006 0.84153 0.9620299999999999 0.469 0.68531 0.99146 0.82688 0.7691 0.45218 0.33941 0.32819 0.27209 0.91456 1.10037 0.79271 0.96225 0.82117 0.80742 0.87304 0.17676 0.25541 0.63326 0.77926 1.0381200000000002 0.21873 0.36685 1.06444 0.83893 0.77406 0.12815 0.43485 0.06919 0.63465 0.7629699999999999 0.41956000000000004 1.04821 0.8155 0.24793 0.68306 0.68425 0.7856 0.79148 0.71442 0.58185 0.1761 0.53885 0.21934 
0.67631 0.35241 0.58959 0.11355 0.85454 0.85734 0.7555 0.34176 0 0.95577 0.80238 0.09465 0.60632 0.62644 0.81052 0.93049 0.16329 0.1761 0.45126 0.47441 0.74367 0.25707 0.62675 0.66991 0.45429 0.5165 0.61544 0.56727 0.972 0.60042 0.57192 0.73058 0.90211 0.69506 0.50291 0.33135 0.50221 0.43415 0.80024 1.05226 0.70312 0.7786 0.95432 0.91997 0.9589300000000001 0.45422 0.13708 0.64875 0.58934 1.03358 0.19785 0.39299 0.95736 0.55145 0.84138 0.24276 0.30204 0.34391 0.31618 0.52503 0.52887 0.92164 0.61256 0.10337 0.44842 0.65373 0.71411 0.64656 0.58486 0.36175 0.45789 0.73778 0.20163 
0.31719 0.68967 0.53897 0.99619 0.47811 0.1855 0.40089 0.9601200000000001 0.95577 0 0.42885 0.99668 0.66559 0.89222 0.53915 0.21153999999999998 1.07066 0.80077 0.8389 0.52532 0.50035 0.76292 0.33253 0.42854 0.63474 0.56534 0.57945 0.76964 0.04137 0.52459 0.42053 0.75763 0.23326 0.28958 0.50834 0.65402 0.65904 0.69408 0.31332 0.17731 0.30223 0.50743 0.38449 0.32931 0.25017 0.8328899999999999 0.8538 0.32793 0.53749 0.07908 0.82364 0.60558 0.30463 0.81376 0.24031 1.01311 0.65499 0.89132 0.8925 0.66162 0.54846 0.35626 0.5636099999999999 0.97557 0.66672 0.30207 0.2705 0.42638 0.4316 0.6797 0.83738 0.58562 1.06524 
0.48164 0.69441 0.68745 0.88389 0.78131 0.30769 0.65705 0.95794 0.80238 0.42885 0 0.87629 0.82341 0.50165 0.11435 0.58284 0.95531 0.70746 0.90368 0.33971 0.74396 0.63354 0.40434 0.1386 0.35851 0.28806 0.7456 0.39685 0.46614 0.67685 0.28205 0.34037 0.59377 0.25375 0.57552 0.62041 0.75866 0.7547299999999999 0.11612 0.38025 0.215 0.08299 0.74726 0.68575 0.63657 0.89973 0.75545 0.45564 0.21886 0.46224 0.75808 0.60859 0.19624 0.4444 0.5598 0.95615 0.53423 0.89973 0.60936 0.32648 0.65374 0.13608 0.21257 0.86474 0.37722 0.36295 0.24987 0.16757 0.24388 0.44793 0.90544 0.81762 0.97297 
0.70197 0.34807 0.58488 0.0189 0.84842 0.90598 0.76058 0.26699 0.09465 0.99668 0.87629 0 0.57981 0.72102 0.89169 0.95287 0.07917 0.19606 0.39959 0.54129 0.73625 0.24689 0.66439 0.74101 0.5366299999999999 0.59431 0.60251 0.65972 1.0095399999999999 0.5984900000000001 0.6327 0.82211 0.92173 0.74896 0.51804 0.34961 0.48262 0.41387 0.86524 1.10477 0.76098 0.85788 0.95876 0.9297 0.9758 0.40361 0.14348 0.67895 0.66784 1.0754 0.18774000000000002 0.40773 1.02242 0.64515 0.86214 0.15431 0.35563 0.28266 0.41076 0.61177 0.52918 0.99027 0.69396 0.02737 0.53361 0.69656 0.76804 0.7162 0.64981 0.43888 0.40638 0.71964 0.10763 
0.37102 0.26698 0.13786 0.56735 0.302 0.64699 0.27944 0.39034 0.60632 0.66559 0.82341 0.57981 0 1.00043 0.9056 0.52064 0.62141 0.44216 0.22334 0.56531 0.20062 0.48786 0.42345 0.70362 0.67805 0.6723300000000001 0.08659 0.88134 0.65475 0.15154 0.56324 0.98908 0.4803 0.57779 0.25625 0.33129 0.20765 0.26071 0.73899 0.83226 0.6136900000000001 0.86013 0.4406 0.43766 0.51584 0.21713000000000002 0.4698 0.38266 0.72017 0.73615 0.40847 0.2869 0.85984 0.90017 0.44039 0.49935 0.46228 0.33003 0.78467 0.76694 0.17263 0.86744 0.76423 0.55245 0.70426 0.46856 0.58812 0.67598 0.60191 0.6237 0.2184 0.14853 0.5848599999999999 
0.79694 0.76152 0.89935 0.73711 1.1007 0.76449 0.96769 0.92788 0.62644 0.89222 0.50165 0.72102 1.00043 0 0.41763 0.99814 0.78459 0.65223 0.96418 0.45915 1.02097 0.56887 0.70402 0.46407 0.32887 0.36347 0.95415 0.13043 0.92874 0.89792 0.52255 0.19013 0.99372 0.62651 0.76105 0.68108 0.8996 0.85722 0.58979 0.87656 0.59913 0.42309 1.12335 1.06602 1.04807 0.96355 0.67267 0.76039 0.36153 0.9449 0.71375 0.71482 0.69513 0.10097 0.94189 0.8601000000000001 0.54525 0.89781 0.31196 0.25417 0.83951 0.63025 0.32962 0.72583 0.29915 0.68848 0.6378 0.47024 0.49299 0.37849 0.96905 1.06669 0.82788 
0.58132 0.75329 0.77358 0.90144 0.88649 0.42202 0.75943 1.00282 0.81052 0.53915 0.11435 0.89169 0.9056 0.41763 0 0.69638 0.96954 0.73859 0.96585 0.3795 0.84249 0.65832 0.49771 0.202 0.36356 0.29933 0.8325 0.33296 0.5799 0.76442 0.34442 0.24097 0.70633 0.35488 0.65171 0.67276 0.8331 0.82128 0.23025 0.47803 0.31592 0.04556 0.85925 0.79715 0.75011 0.96247 0.7825 0.55218 0.22622 0.57277 0.79273 0.67007 0.28588 0.37914 0.67074 0.9869 0.56938 0.94903 0.57908 0.29688000000000003 0.73389 0.21866 0.19801 0.88342 0.36488 0.45974 0.35403 0.22994 0.30663 0.45315 0.96827 0.91278 0.99349 
0.26188 0.61538 0.41459 0.94858 0.28541 0.2797 0.2429 0.8641 0.93049 0.21153999999999998 0.58284 0.95287 0.52064 0.99814 0.69638 0 1.01997 0.76037 0.72121 0.5725100000000001 0.33173 0.74386 0.32488 0.54433 0.70065 0.64289 0.43974 0.86908 0.17017 0.40116 0.48251999999999995 0.8906 0.11194 0.37279 0.43645 0.60376 0.54223 0.59208 0.46678 0.37618 0.40402 0.6584300000000001 0.18236 0.12773 0.05381 0.71473 0.81064 0.28649 0.63692 0.2452 0.76843 0.54547 0.49788 0.90886 0.09142 0.93869 0.64665 0.79524 0.93577 0.74914 0.44558 0.54143 0.67217 0.92866 0.73447 0.32113 0.36361 0.53223 0.50756 0.71923 0.7183600000000001 0.41402 1.00404 
0.77187 0.40823 0.64057 0.07498 0.90107 0.98224 0.8201799999999999 0.27032 0.16329 1.07066 0.95531 0.07917 0.62141 0.78459 0.96954 1.01997 0 0.27048 0.42406 0.62044 0.78894 0.32606 0.73814 0.82015 0.61382 0.67275 0.6523 0.7305600000000001 1.08237 0.65431 0.71142 0.89371 0.9877 0.82655 0.58441 0.41952 0.5307 0.46304 0.94423 1.18177 0.83922 0.93617 1.01699 0.99086 1.04077 0.42898 0.21724 0.75017 0.74613 1.14954 0.2517 0.47504 1.10137 0.71298 0.92896 0.14853 0.43405 0.30396 0.47271 0.6873 0.58832 1.06941 0.77161 0.09561 0.60985 0.77099 0.84537 0.7953699999999999 0.72885 0.51645 0.43079 0.7655 0.05714 
0.50748 0.17948 0.41439 0.19569 0.67906 0.71197 0.57956 0.27982 0.1761 0.80077 0.70746 0.19606 0.44216 0.65223 0.73859 0.76037 0.27048 0 0.32481 0.36809000000000003 0.5686100000000001 0.08624 0.47819 0.56935 0.3969 0.43998 0.44299 0.56195 0.81348 0.42478 0.44909 0.71198 0.73053 0.55826 0.32858 0.16776 0.33483 0.26918 0.6836 0.91204 0.57313 0.70044 0.77842 0.74491 0.78566 0.32577 0.05326 0.48394 0.51237 0.87954 0.06171 0.21797 0.83977 0.56083 0.67028 0.24912 0.17357 0.24563 0.37425 0.48490999999999995 0.35299 0.81268 0.54626 0.17502 0.40487999999999996 0.50182 0.57691 0.54262 0.47079 0.30365 0.33064 0.56676 0.2739 
0.52375 0.22039 0.30705 0.38805 0.52497 0.79405 0.48531 0.17009 0.45126 0.8389 0.90368 0.39959 0.22334 0.96418 0.96585 0.72121 0.42406 0.32481 0 0.59115 0.42007 0.39951 0.54319 0.77018 0.67141 0.69014 0.28666 0.86114 0.83543 0.32412 0.62813 0.99568 0.6823 0.68605 0.34679 0.29887 0.18079 0.15442 0.84223 0.99199 0.7157 0.9223 0.6610199999999999 0.65255 0.72426 0.00667 0.32852 0.52148 0.75304 0.9146099999999999 0.26985 0.29622 0.9826 0.86793 0.63385 0.28946 0.42723 0.1318 0.69876 0.76392 0.29529 0.97624 0.79391 0.37347 0.68892 0.58838 0.70074 0.74122 0.66252 0.59386 0.00681 0.37119 0.37952 
0.34407 0.37601 0.44959 0.54785 0.64195 0.40849 0.50934 0.62394 0.47441 0.52532 0.33971 0.54129 0.56531 0.45915 0.3795 0.5725100000000001 0.62044 0.36809000000000003 0.59115 0 0.56262 0.29564 0.25438 0.20295 0.13375 0.16766 0.50706 0.33081 0.55183 0.44586 0.10621 0.4238 0.55956 0.24021 0.31245 0.29443 0.47665 0.45293 0.32583 0.58979 0.23881 0.33831 0.6742 0.61991 0.61682 0.58825 0.41618 0.30724 0.17999 0.59695 0.41837 0.2995 0.4831 0.36017 0.50235 0.61649 0.19452 0.56953 0.36909 0.22258 0.3952 0.44898 0.20395 0.52794 0.16706 0.25138 0.25853 0.17555 0.11084 0.17531 0.59408 0.61261 0.63491 
0.26233 0.39178 0.15945 0.72672 0.11224 0.5109 0.10005 0.58141 0.74367 0.50035 0.74396 0.73625 0.20062 1.02097 0.84249 0.33173 0.78894 0.5686100000000001 0.42007 0.56262 0 0.58897 0.34672000000000003 0.64719 0.6924 0.66509 0.1384 0.89338 0.48211000000000004 0.14493 0.52304 0.97181 0.29104 0.49027 0.27258 0.42365 0.2605 0.32632 0.64316 0.6752 0.5291399999999999 0.7976300000000001 0.24096 0.26578999999999997 0.31979 0.41342 0.60813 0.2904 0.6948 0.56349 0.55195 0.36434999999999995 0.73816 0.92099 0.26161 0.67981 0.52763 0.51666 0.85775 0.77085 0.21749 0.75918 0.73845 0.70933 0.72341 0.38277 0.49474 0.62315 0.56093 0.66451 0.41575 0.20505 0.7599199999999999 
0.48782 0.22146 0.4366 0.25221 0.69588 0.66518 0.5853 0.36602 0.25707 0.76292 0.63354 0.24689 0.48786 0.56887 0.65832 0.74386 0.32606 0.08624 0.39951 0.29564 0.58897 0 0.43469 0.4967 0.31224 0.35904 0.47428 0.47850000000000004 0.77947 0.44417 0.3859 0.62578 0.7175100000000001 0.50456 0.32835 0.16566 0.37899 0.32048 0.61846 0.8615 0.5149600000000001 0.62158 0.78214 0.74301 0.77426 0.39964 0.12427 0.45939 0.43216 0.84071 0.14749 0.22568 0.77559 0.47607 0.65651 0.32917 0.11014 0.32962 0.30294 0.39866999999999997 0.37254 0.74446 0.46324 0.23241 0.31864 0.4609 0.52356 0.4711 0.40318 0.21741 0.40488 0.5992299999999999 0.34145000000000003 
0.09344 0.36607 0.28859 0.6637 0.40452 0.25616 0.27168 0.64216 0.62675 0.33253 0.40434 0.66439 0.42345 0.70402 0.49771 0.32488 0.73814 0.47819 0.54319 0.25438 0.34672000000000003 0.43469 0 0.30097 0.38715 0.34057 0.34303 0.57368 0.34571 0.27423 0.1843 0.63199 0.30773 0.15447 0.19647 0.32257 0.37678 0.39106 0.31557 0.45848 0.19119 0.45246 0.4208 0.36569 0.36586 0.53799 0.52135 0.05805 0.35667 0.41144 0.49178 0.30418 0.44248 0.60819 0.24902 0.68432 0.33016 0.57497 0.61138 0.44988 0.2634 0.44479 0.39889 0.64309 0.42085 0.04597 0.16486 0.27717 0.22314 0.39634 0.54321 0.4151 0.73332 
0.38893 0.55865 0.572 0.748 0.69975 0.30068 0.56922 0.81982 0.66991 0.42854 0.1386 0.74101 0.70362 0.46407 0.202 0.54433 0.82015 0.56935 0.77018 0.20295 0.64719 0.4967 0.30097 0 0.24158 0.16659 0.631 0.3411 0.4647 0.56316 0.14345 0.34719999999999995 0.54591 0.17932 0.44993 0.48345 0.63211 0.62308 0.14585 0.43921 0.14036 0.15658 0.68932 0.62882 0.59633 0.76649 0.61781 0.35744 0.114 0.48473 0.61975 0.47403 0.29484 0.38609 0.50108 0.8179 0.3959 0.7624200000000001 0.50422 0.23814 0.5321 0.25189 0.13507 0.7286 0.26725 0.26747 0.18101 0.02897 0.10769999999999999 0.32153 0.7722500000000001 0.71454 0.83619 
0.47763 0.45775 0.5727 0.54691 0.77462 0.51117 0.64238 0.67331 0.45429 0.63474 0.35851 0.5366299999999999 0.67805 0.32887 0.36356 0.70065 0.61382 0.3969 0.67141 0.13375 0.6924 0.31224 0.38715 0.24158 0 0.07524 0.62724 0.20403 0.66501 0.57059 0.21994 0.32445999999999997 0.68984 0.34814 0.43431 0.37452 0.58165 0.54709 0.38661 0.67393 0.334 0.32526 0.80754 0.75282 0.74656 0.66957 0.43554 0.4408 0.13975 0.70137 0.45575 0.39736 0.5362899999999999 0.2505 0.63371 0.64037 0.24507 0.62831 0.26448 0.09256 0.5134799999999999 0.48794 0.1687 0.52948 0.03388 0.38037 0.36433 0.22721 0.20445 0.09775 0.67533 0.7381599999999999 0.63968 
0.4335 0.47396000000000005 0.5557 0.60336 0.73918 0.44026 0.60581 0.70924 0.5165 0.56534 0.28806 0.59431 0.6723300000000001 0.36347 0.29933 0.64289 0.67275 0.43998 0.69014 0.16766 0.66509 0.35904 0.34057 0.16659 0.07524 0 0.61342 0.23318 0.59697 0.55154 0.16112 0.31714 0.63505 0.28091 0.41897 0.39127 0.58231 0.55593 0.31237000000000004 0.59879 0.26425 0.26372 0.76043 0.70372 0.69068 0.68749 0.48331 0.39699 0.07353 0.63011 0.49595 0.40681999999999996 0.46143 0.26833 0.58115 0.68786 0.27444 0.65917 0.33972 0.10932 0.50186 0.41483 0.10628 0.58501 0.1032 0.32678 0.29599 0.15207 0.13678 0.15998 0.69331 0.71735 0.69471 
0.28561 0.26362 0.05913 0.59174 0.24953 0.56202 0.20377 0.44788000000000006 0.61544 0.57945 0.7456 0.60251 0.08659 0.95415 0.8325 0.43974 0.6523 0.44299 0.28666 0.50706 0.1384 0.47428 0.34303 0.631 0.62724 0.61342 0 0.83125 0.56929 0.06885 0.49345 0.92945 0.39995 0.49741 0.1948 0.30973 0.12231 0.18929 0.65817 0.74569 0.53414 0.78695 0.37936000000000003 0.36596 0.43891 0.27999 0.47869 0.2992 0.6564099999999999 0.65066 0.42037 0.2551 0.77555 0.8532 0.35629 0.54145 0.43024999999999997 0.37869 0.75937 0.71313 0.12464 0.78503 0.7006 0.57561 0.65531 0.38733 0.50681 0.60402 0.53225 0.58276 0.2829 0.12497 0.62152 
0.66667 0.65226 0.77543 0.67398 0.97135 0.64154 0.83819 0.84153 0.56727 0.76964 0.39685 0.65972 0.88134 0.13043 0.33296 0.86908 0.7305600000000001 0.56195 0.86114 0.33081 0.89338 0.47850000000000004 0.57368 0.3411 0.20403 0.23318 0.83125 0 0.80518 0.7732 0.3943 0.24234 0.86401 0.49849 0.63705 0.57128 0.78331 0.74519 0.47441 0.76578 0.47265999999999997 0.32705 0.99293 0.93568 0.91846 0.85993 0.58988 0.63016 0.23395 0.8258300000000001 0.62351 0.59839 0.59309 0.04756 0.81175 0.78739 0.43544 0.8048299999999999 0.27543 0.12397 0.7174799999999999 0.53146 0.23797000000000001 0.66009 0.17756 0.55933 0.51051 0.34402 0.36256 0.26865 0.86558 0.94141 0.76732 
0.31911 0.6949 0.53205 1.0084 0.45558 0.16475 0.38443 0.9620299999999999 0.972 0.04137 0.46614 1.0095399999999999 0.65475 0.92874 0.5799 0.17017 1.08237 0.81348 0.83543 0.55183 0.48211000000000004 0.77947 0.34571 0.4647 0.66501 0.59697 0.56929 0.80518 0 0.51563 0.44837 0.7976700000000001 0.20451 0.31688 0.51218 0.66389 0.65485 0.69345 0.35469 0.20606 0.33492 0.5488 0.35173 0.29789 0.21492 0.82929 0.86622 0.33422 0.5721 0.12045 0.83353 0.61306 0.34504 0.84879 0.2205 1.01983 0.67299 0.89297 0.92031 0.69388 0.54643 0.39763000000000004 0.59954 0.98773 0.69743 0.31953 0.30454 0.46116 0.46186 0.70603 0.83362 0.56704 1.07482 
0.21993000000000001 0.25175 0.0171 0.5894 0.2543 0.49644 0.1689 0.469 0.60042 0.52459 0.67685 0.5984900000000001 0.15154 0.89792 0.76442 0.40116 0.65431 0.42478 0.32412 0.44586 0.14493 0.44417 0.27423 0.56316 0.57059 0.55154 0.06885 0.7732 0.51563 0 0.42676 0.86627 0.36417 0.42863 0.13732 0.27875 0.14466 0.20075 0.58948 0.68484 0.46531 0.71886 0.36282 0.34093 0.40763 0.31772 0.46593 0.23131 0.59267 0.59564 0.41153 0.21943 0.70834 0.79711 0.30974 0.55446 0.39032999999999995 0.4009 0.71752 0.6534 0.07257 0.71676 0.636 0.57172 0.59879 0.31865 0.43823999999999996 0.53854 0.46559 0.5322100000000001 0.32154 0.16912 0.6289 
0.27769 0.41864 0.43433 0.63728 0.58823 0.30237 0.45497 0.68531 0.57192 0.42053 0.28205 0.6327 0.56324 0.52255 0.34442 0.48251999999999995 0.71142 0.44909 0.62813 0.10621 0.52304 0.3859 0.1843 0.14345 0.21994 0.16112 0.49345 0.3943 0.44837 0.42676 0 0.44938 0.47396 0.13422 0.30809 0.34625 0.48919 0.48017 0.23457 0.48479 0.1326 0.29894 0.60089 0.54349 0.52972 0.62429 0.50102 0.24213 0.17285 0.49123 0.49345999999999995 0.33247 0.39079 0.42909 0.42018 0.69359 0.27772 0.62625 0.47211 0.27044 0.39088 0.3653 0.21583 0.61711 0.25344 0.16603 0.15242 0.11448 0.03884 0.25988 0.63002 0.58441 0.72102 
0.72449 0.78149 0.87126 0.83657 1.03646 0.63292 0.90362 0.99146 0.73058 0.75763 0.34037 0.82211 0.98908 0.19013 0.24097 0.8906 0.89371 0.71198 0.99568 0.4238 0.97181 0.62578 0.63199 0.34719999999999995 0.32445999999999997 0.31714 0.92945 0.24234 0.7976700000000001 0.86627 0.44938 0 0.89305 0.5215099999999999 0.73552 0.6982299999999999 0.8985 0.86872 0.445 0.71605 0.48733 0.25779 1.03553 0.97537 0.94303 0.9938 0.74427 0.69003 0.27729000000000004 0.80072 0.77273 0.71678 0.52607 0.19478 0.84786 0.94519 0.56918 0.94998 0.43993 0.2319 0.8187 0.45938 0.23356 0.82116 0.30933 0.60565 0.52808 0.363 0.41243 0.41064999999999996 0.99964 1.02976 0.9294399999999999 
0.23156 0.5827 0.37625 0.91693 0.26385 0.29688 0.20087 0.82688 0.90211 0.23326 0.59377 0.92173 0.4803 0.99372 0.70633 0.11194 0.9877 0.73053 0.6823 0.55956 0.29104 0.7175100000000001 0.30773 0.54591 0.68984 0.63505 0.39995 0.86401 0.20451 0.36417 0.47396 0.89305 0 0.37227 0.40374 0.57351 0.5039199999999999 0.55507 0.47841 0.41057 0.40577 0.66655 0.19498 0.09801 0.05813 0.6758 0.78011 0.2644 0.6337700000000001 0.2821 0.73633 0.51426 0.52095 0.90251 0.06123 0.90366 0.62273 0.75818 0.91888 0.74261 0.40939 0.56107 0.67104 0.89717 0.72372 0.31021 0.37243000000000004 0.532 0.50145 0.70349 0.67937 0.3735 0.97046 
0.22794 0.49281 0.44054 0.75184 0.53204 0.16834 0.40486 0.7691 0.69506 0.28958 0.25375 0.74896 0.57779 0.62651 0.35488 0.37279 0.82655 0.55826 0.68605 0.24021 0.49027 0.50456 0.15447 0.17932 0.34814 0.28091 0.49741 0.49849 0.31688 0.42863 0.13422 0.5215099999999999 0.37227 0 0.3418 0.43323 0.52537 0.53354 0.16128 0.35721 0.03896 0.31076 0.51507 0.45448 0.42391 0.68127 0.61106 0.20245 0.26498 0.35706 0.59408 0.40278 0.29727 0.53996 0.32716 0.79393 0.39762 0.7042900000000001 0.6054 0.38172 0.41466 0.29235 0.29939 0.73117 0.3806 0.11049 0.01908 0.15973 0.14502 0.39409 0.68672 0.56415 0.83076 
0.19328 0.18329 0.13842 0.51324 0.37263 0.44975 0.257 0.45218 0.50291 0.50834 0.57552 0.51804 0.25625 0.76105 0.65171 0.43645 0.58441 0.32858 0.34679 0.31245 0.27258 0.32835 0.19647 0.44993 0.43431 0.41897 0.1948 0.63705 0.51218 0.13732 0.30809 0.73552 0.40374 0.3418 0 0.24604 0.18488 0.19459 0.50102 0.65031 0.37382 0.60643 0.45408 0.41721 0.45789 0.34234 0.37737000000000004 0.1811 0.46435 0.58669 0.3328 0.18398 0.63678 0.66016 0.34599 0.50895 0.25592 0.38374 0.58529 0.51839 0.08375 0.63387 0.5085 0.49345 0.4619 0.24159 0.35552 0.42178 0.34692999999999996 0.39973 0.34777 0.30643 0.56961 
0.35255000000000003 0.0833 0.27096 0.34641 0.53146 0.5749500000000001 0.42537 0.33941 0.33135 0.65402 0.62041 0.34961 0.33129 0.68108 0.67276 0.60376 0.41952 0.16776 0.29887 0.29443 0.42365 0.16566 0.32257 0.48345 0.37452 0.39127 0.30973 0.57128 0.66389 0.27875 0.34625 0.6982299999999999 0.57351 0.43323 0.24604 0 0.22408 0.17614 0.57748 0.77698 0.45491 0.63039 0.62383 0.58913 0.62852 0.29652 0.20688 0.33076 0.45553 0.7331000000000001 0.16971 0.06206 0.72659 0.58186 0.5134 0.36321 0.13584 0.28001 0.45345 0.46704 0.20892 0.70889 0.49659 0.32614 0.39437 0.35948 0.45105999999999996 0.45448 0.37654 0.30299 0.30233 0.43448 0.41123 
0.34581 0.1582 0.12777 0.47159 0.37184 0.61975 0.31065 0.32819 0.50221 0.65904 0.75866 0.48262 0.20765 0.8996 0.8331 0.54223 0.5307 0.33483 0.18079 0.47665 0.2605 0.37899 0.37678 0.63211 0.58165 0.58231 0.12231 0.78331 0.65485 0.14466 0.48919 0.8985 0.5039199999999999 0.52537 0.18488 0.22408 0 0.06885 0.6854 0.8151 0.55824 0.78811 0.497 0.48138 0.54811 0.17456 0.36518 0.34697 0.63586 0.73427 0.30535 0.18501 0.818 0.79931 0.4544 0.42472 0.35735 0.259 0.67627 0.67229 0.17845 0.81771 0.67924 0.45535 0.6058 0.42146 0.53848 0.60358 0.52654 0.52213 0.17877 0.2372 0.5031 
0.3771 0.09902 0.18365 0.40301 0.43827 0.6434 0.3682 0.27209 0.43415 0.69408 0.7547299999999999 0.41387 0.26071 0.85722 0.82128 0.59208 0.46304 0.26918 0.15442 0.45293 0.32632 0.32048 0.39106 0.62308 0.54709 0.55593 0.18929 0.74519 0.69345 0.20075 0.48017 0.86872 0.55507 0.53354 0.19459 0.17614 0.06885 0 0.69106 0.84272 0.56481 0.77706 0.55946 0.54016 0.60216 0.14775 0.29727 0.37184 0.61461 0.7717700000000001 0.2365 0.15344 0.82999 0.7579 0.50197 0.35587 0.31197 0.20318 0.62052 0.63913 0.14788 0.82414 0.65687 0.38662 0.56869 0.43602 0.55011 0.59417 0.51574 0.47912999999999994 0.15318 0.30604 0.43501 
0.38264 0.64203 0.60162 0.87067 0.67298 0.19224 0.5525899999999999 0.91456 0.80024 0.31332 0.11612 0.86524 0.73899 0.58979 0.23025 0.46678 0.94423 0.6836 0.84223 0.32583 0.64316 0.61846 0.31557 0.14585 0.38661 0.31237000000000004 0.65817 0.47441 0.35469 0.58948 0.23457 0.445 0.47841 0.16128 0.50102 0.57748 0.6854 0.69106 0 0.29336 0.12722 0.19911 0.63279 0.57142 0.52059 0.8377 0.73463 0.36108 0.2584 0.35697 0.72661 0.55269 0.15727 0.52106 0.44633 0.92782 0.51161 0.85234 0.64994 0.38106 0.5755399999999999 0.13431 0.27124 0.85049 0.4124 0.27084 0.15149 0.1603 0.21567 0.46382 0.84324 0.72011 0.95525 
0.46931 0.82454 0.70091 1.10679 0.65534 0.20274 0.57536 1.10037 1.05226 0.17731 0.38025 1.10477 0.83226 0.87656 0.47803 0.37618 1.18177 0.91204 0.99199 0.58979 0.6752 0.8615 0.45848 0.43921 0.67393 0.59879 0.74569 0.76578 0.20606 0.68484 0.48479 0.71605 0.41057 0.35721 0.65031 0.77698 0.8151 0.84272 0.29336 0 0.35224 0.45861 0.55659 0.5039 0.42025 0.98629 0.96518 0.47107 0.55176 0.14123 0.94348 0.73625 0.20367000000000002 0.81308 0.41698 1.14017 0.7514000000000001 1.03279 0.93764 0.67425 0.70188 0.27034 0.56441 1.08618 0.7012 0.41808 0.33816 0.44672 0.48152 0.73847 0.99114 0.76047 1.18318 
0.26681 0.51844 0.47684 0.76464 0.57067 0.17721 0.4438 0.79271 0.70312 0.30223 0.215 0.76098 0.6136900000000001 0.59913 0.31592 0.40402 0.83922 0.57313 0.7157 0.23881 0.5291399999999999 0.5149600000000001 0.19119 0.14036 0.334 0.26425 0.53414 0.47265999999999997 0.33492 0.46531 0.1326 0.48733 0.40577 0.03896 0.37382 0.45491 0.55824 0.56481 0.12722 0.35224 0 0.27213 0.55124 0.49013 0.45599 0.71109 0.62639 0.24079 0.23871 0.36738 0.61192 0.42828 0.27179 0.51536 0.36228 0.81268 0.40538 0.72927 0.59541 0.36023 0.44874 0.26153000000000004 0.2701 0.74424 0.36532 0.14834 0.0408 0.16933 0.13258 0.38953000000000004 0.7166 0.60268 0.8459 
0.53632 0.70855 0.72803 0.86706 0.84277 0.38673 0.71525 0.96225 0.7786 0.50743 0.08299 0.85788 0.86013 0.42309 0.04556 0.6584300000000001 0.93617 0.70044 0.9223 0.33831 0.7976300000000001 0.62158 0.45246 0.15658 0.32526 0.26372 0.78695 0.32705 0.5488000000000001 0.71886 0.29894 0.25779 0.66655 0.31076 0.60643 0.63039 0.78811 0.77706 0.19911 0.45861 0.27213 0 0.81769 0.75626 0.7122299999999999 0.91884 0.74555 0.50751 0.1902 0.54511 0.75372 0.6263 0.27204 0.3743 0.62911 0.94932 0.52999 0.90752 0.55947 0.27432 0.6885 0.20722 0.1678 0.84873 0.33729 0.41486 0.31083 0.18469 0.26184 0.42076 0.92463 0.86748 0.95838 
0.33019 0.61072 0.3771 0.95105 0.14569 0.45415 0.1989 0.82117 0.95432 0.38449 0.74726 0.95876 0.4406 1.12335 0.85925 0.18236 1.01699 0.77842 0.6610199999999999 0.6742 0.24096 0.78214 0.4208 0.68932 0.80754 0.76043 0.37936000000000003 0.99293 0.35173 0.36282 0.60089 1.03553 0.19498 0.51507 0.45408 0.62383 0.497 0.55946 0.63279 0.55659 0.55124 0.81769 0 0.21614 0.13685 0.65435 0.82333 0.36696 0.76844 0.42515000000000003 0.77181 0.56183 0.67806 1.02874 0.25581 0.91533 0.70052 0.75543 1.01674 0.86958 0.42976000000000003 0.71849 0.80778 0.93255 0.8411 0.43533 0.51044 0.67255 0.63263 0.80751 0.65671 0.30331 0.99146 
0.27734 0.5839300000000001 0.35653 0.92308 0.16584 0.39359 0.17208 0.80742 0.91997 0.32931 0.68575 0.9297 0.43766 1.06602 0.79715 0.12773 0.99086 0.74491 0.65255 0.61991 0.26578999999999997 0.74301 0.36569 0.62882 0.75282 0.70372 0.36596 0.93568 0.29789 0.34093 0.54349 0.97537 0.09801 0.45448 0.41721 0.58913 0.48138 0.54016 0.57142 0.5039 0.49013 0.75626 0.21614 0 0.09156 0.64595 0.79162 0.31375 0.70965 0.37293 0.74258 0.52707 0.61885 0.97203 0.12786 0.8953 0.65689 0.74023 0.96796 0.81269 0.4028 0.65813 0.74851 0.90399 0.78652 0.37754 0.44950999999999997 0.6127 0.57428 0.75548 0.64886 0.32492 0.96825 
0.28942 0.63355 0.42066 0.9706 0.25706 0.33328 0.24588 0.87304 0.9589300000000001 0.25017 0.63657 0.9758 0.51584 1.04807 0.75011 0.05381 1.04077 0.78566 0.72426 0.61682 0.31979 0.77426 0.36586 0.59633 0.74656 0.69068 0.43891 0.91846 0.21492 0.40763 0.52972 0.94303 0.05813 0.42391 0.45789 0.62852 0.54811 0.60216 0.52059 0.42025 0.45599 0.7122299999999999 0.13685 0.09156 0 0.71768 0.83479 0.32246 0.68715 0.2888 0.78981 0.56867 0.54953 0.95758 0.11896 0.95354 0.6805 0.80475 0.9769 0.79772 0.45845 0.59426 0.7231 0.95096 0.78043 0.36621 0.41541 0.58358 0.55625 0.76144 0.72093 0.39804 1.02214 
0.51791 0.21372 0.30105000000000004 0.39471999999999996 0.51834 0.78854 0.47872 0.17676 0.45422 0.8328899999999999 0.89973 0.40361 0.21713000000000002 0.96355 0.96247 0.71473 0.42898 0.32577 0.00667 0.58825 0.41342 0.39964 0.53799 0.76649 0.66957 0.68749 0.27999 0.85993 0.82929 0.31772 0.62429 0.9938 0.6758 0.68127 0.34234 0.29652 0.17456 0.14775 0.8377 0.98629 0.71109 0.91884 0.65435 0.64595 0.71768 0 0.33052 0.51612 0.7506 0.90851 0.27229000000000003 0.29262 0.9777 0.86708 0.62744 0.29495 0.42576 0.12513 0.69947 0.7621 0.28863 0.97167 0.79116 0.37737 0.68735 0.58323 0.69587 0.73752 0.65883 0.5913 0.00584 0.36466 0.38509000000000004 
0.55879 0.21643 0.45451 0.14247 0.71954 0.7652 0.6245 0.25541 0.13708 0.8538 0.75545 0.14348 0.4698 0.67267 0.7825 0.81064 0.21724 0.05326 0.32852 0.41618 0.60813 0.12427 0.52135 0.61781 0.43554 0.48331 0.47869 0.58988 0.86622 0.46593 0.50102 0.74427 0.78011 0.61106 0.37737000000000004 0.20688 0.36518 0.29727 0.73463 0.96518 0.62639 0.74555 0.82333 0.79162 0.83479 0.33052 0 0.5355 0.55631 0.93261 0.06208 0.26612 0.89109 0.58492 0.72028 0.20502 0.2233 0.23371 0.38164 0.52018 0.39523 0.8629199999999999 0.58751 0.12183 0.44007 0.55375 0.62975 0.59152 0.52093 0.33944 0.33484 0.60075 0.22075 
0.03684 0.36176 0.24494 0.67668 0.34648 0.27296 0.21368 0.63326 0.64875 0.32793 0.45564 0.67895 0.38266 0.76039 0.55218 0.28649 0.75017 0.48394 0.52148 0.30724 0.2904 0.45939 0.05805 0.35744 0.4408 0.39699 0.2992 0.63016 0.33422 0.23131 0.24213 0.69003 0.2644 0.20245 0.1811 0.33076 0.34697 0.37184 0.36108 0.47107 0.24079 0.50751 0.36696 0.31375 0.32246 0.51612 0.5355 0 0.41465 0.40663 0.50006 0.28054 0.4773 0.66387 0.20374 0.68586 0.36026 0.56482 0.65653 0.50624 0.233 0.48597 0.45693 0.65627 0.47427 0.0928 0.20959 0.33429 0.27782 0.44241 0.52081 0.36198 0.74099 
0.44981 0.53688 0.59762 0.67687 0.76097 0.40992 0.62777 0.77926 0.58934 0.53749 0.21886 0.66784 0.72017 0.36153 0.22622 0.63692 0.74613 0.51237 0.75304 0.17999 0.6948 0.43216 0.35667 0.114 0.13975 0.07353 0.6564099999999999 0.23395 0.5721 0.59267 0.17285 0.27729000000000004 0.6337700000000001 0.26498 0.46435 0.45553 0.63586 0.61461 0.2584 0.55176 0.23871 0.1902 0.76844 0.70965 0.68715 0.7506 0.55631 0.41465 0 0.59662 0.56731 0.46124 0.40090000000000003 0.27682 0.58373 0.76069 0.34464 0.72757 0.39559 0.12436 0.5481 0.34977 0.15056 0.65853 0.15899 0.33386 0.27662 0.11112 0.13713 0.23213 0.75602 0.75355 0.76824 
0.39478 0.76835 0.61247 1.07502 0.52993 0.19024 0.46577 1.0381200000000002 1.03358 0.07908 0.46224 1.0754 0.73615 0.9449 0.57277 0.2452 1.14954 0.87954 0.9146099999999999 0.59695 0.56349 0.84071 0.41144 0.48473 0.70137 0.63011 0.65066 0.8258300000000001 0.12045 0.59564 0.49123 0.80072 0.2821 0.35706 0.58669 0.7331000000000001 0.73427 0.7717700000000001 0.35697 0.14123 0.36738 0.54511 0.42515000000000003 0.37293 0.2888 0.90851 0.93261 0.40663 0.59662 0 0.9027200000000001 0.68456 0.31235 0.87072 0.30193 1.09207 0.73235 0.9692 0.96202 0.72054 0.62475 0.37253 0.6198 1.05443 0.73257 0.38015 0.33955 0.48658 0.49911 0.7511000000000001 0.91296 0.64933 1.14427 
0.52055 0.16137 0.39928 0.18084 0.66383 0.74176 0.57349 0.21873 0.19785 0.82364 0.7580800000000001 0.18774000000000002 0.40847 0.71375 0.79273 0.76843 0.2517 0.06171 0.26985 0.41837 0.55195 0.14749 0.49178 0.61975 0.45575 0.49595 0.42037 0.62351 0.83353 0.41153 0.49345999999999995 0.77273 0.73633 0.59408 0.3328 0.16971 0.30535 0.2365 0.72661 0.94348 0.61192 0.75372 0.77181 0.74258 0.78981 0.27229000000000003 0.06208 0.50006 0.56731 0.9027200000000001 0 0.22408 0.88141 0.62253 0.67726 0.20122 0.22385 0.21565 0.43236 0.54424 0.34231 0.85875 0.60152 0.16149 0.46456 0.52745 0.61232 0.59094 0.52061 0.36329 0.27599 0.5413 0.2416 
0.29753 0.09019 0.21223 0.40316 0.47032 0.53367 0.36333 0.36685 0.39299 0.60558 0.60859 0.40773 0.2869 0.71482 0.67007 0.54547 0.47504 0.21797 0.29622 0.2995 0.36434999999999995 0.22568 0.30418 0.47403 0.39736 0.40681999999999996 0.2551 0.59839 0.61306 0.21943 0.33247 0.71678 0.51426 0.40278 0.18398 0.06206 0.18501 0.15344 0.55269 0.73625 0.42828 0.6263 0.56183 0.52707 0.56867 0.29262 0.26612 0.28054 0.46124 0.68456 0.22408 0 0.69934 0.61442 0.45464 0.40756 0.17631 0.30167 0.50434 0.48861 0.14686 0.68692 0.50344 0.3832 0.42094 0.31852 0.41914 0.44506 0.36634 0.33712 0.2984 0.37878 0.46278 
0.49063 0.78941 0.72221 1.02755 0.74706 0.23042 0.64086 1.06444 0.95736 0.30463 0.19624 1.02242 0.85984 0.69513 0.28588 0.49788 1.10137 0.83977 0.9826 0.4831 0.73816 0.77559 0.44248 0.29484 0.5362899999999999 0.46143 0.77555 0.59309 0.34504 0.70834 0.39079 0.52607 0.52095 0.29727 0.63678 0.72659 0.818 0.82999 0.15727 0.20367000000000002 0.27179 0.27204 0.67806 0.61885 0.54953 0.9777 0.89109 0.4773 0.4009 0.31235 0.88141 0.69934 0 0.64062 0.5061 1.08255 0.66851 1.00072 0.79567 0.51674 0.70518 0.06722 0.40297 1.00749 0.55869 0.39655 0.28194 0.31389 0.37293 0.6157 0.98307 0.82022 1.11181 
0.7007099999999999 0.66293 0.79845 0.66022 1.0021200000000001 0.68597 0.86938 0.83893 0.55145 0.81376 0.4444 0.64515 0.90017 0.10097 0.37914 0.90886 0.71298 0.56083 0.86793 0.36017 0.92099 0.47607 0.60819 0.38609 0.2505 0.26833 0.8532 0.04756 0.84879 0.79711 0.42909 0.19478 0.90251 0.53996 0.66016 0.58186 0.79931 0.7579 0.52106 0.81308 0.51536 0.3743 1.02874 0.97203 0.95758 0.86708 0.58492 0.66387 0.27682 0.87072 0.62253 0.61442 0.64062 0 0.84926 0.7781 0.44636 0.80568 0.24798 0.15991 0.73855 0.57898 0.27391 0.64739 0.22512 0.59501 0.55261 0.38765 0.40138 0.27891 0.87264 0.96595 0.75273 
0.17046 0.52466 0.32684 0.85765 0.24289 0.27647 0.16393 0.77406 0.84138 0.24031 0.5598 0.86214 0.44039 0.94189 0.67074 0.09142 0.92896 0.67028 0.63385 0.50235 0.26161 0.65651 0.24902 0.50108 0.63371 0.58115 0.35629 0.81175 0.2205 0.30974 0.42018 0.84786 0.06123 0.32716 0.34599 0.5134 0.4544 0.50197 0.44633 0.41698 0.36228 0.62911 0.25581 0.12786 0.11896 0.62744 0.72028 0.20374 0.58373 0.30193 0.67726 0.45464 0.5061 0.84926 0 0.8474 0.56154 0.70507 0.85947 0.68947 0.35495 0.54004 0.62258 0.8378 0.66756 0.25444 0.32165 0.48512 0.44944 0.64405 0.63123 0.34843 0.91267 
0.70193 0.32568 0.53952 0.13546 0.79067 0.93777 0.72323 0.12815 0.24276 1.01311 0.95615 0.15431 0.49935 0.8601000000000001 0.9869 0.93869 0.14853 0.24912 0.28946 0.61649 0.67981 0.32917 0.68432 0.8179 0.64037 0.68786 0.54145 0.78739 1.01983 0.55446 0.69359 0.94519 0.90366 0.79393 0.50895 0.36321 0.42472 0.35587 0.92782 1.14017 0.81268 0.94932 0.91533 0.8953 0.95354 0.29495 0.20502 0.68586 0.76069 1.09207 0.20122 0.40756 1.08255 0.7781 0.8474 0 0.422 0.17878 0.55462 0.72395 0.49563 1.05864 0.79239 0.15613 0.64394 0.72246 0.81196 0.79077 0.71755 0.54385 0.29599 0.64676 0.09139 
0.39128 0.21699 0.38282 0.35969 0.62838 0.55542 0.51049 0.43485 0.30204 0.65499 0.53423 0.35563 0.46228 0.54525 0.56938 0.64665 0.43405 0.17357 0.42723 0.19452 0.52763 0.11014 0.33016 0.3959 0.24507 0.27444 0.43024999999999997 0.43544 0.67299 0.39032999999999995 0.27772 0.56918 0.62273 0.39762 0.25592 0.13584 0.35735 0.31197 0.51161 0.7514000000000001 0.40538 0.52999 0.70052 0.65689 0.6805 0.42576 0.2233 0.36026 0.34464 0.73235 0.22385 0.17631 0.66851 0.44636 0.56154 0.422 0 0.38547 0.33147 0.33763 0.31776 0.63962 0.38071 0.33945 0.2617 0.35346 0.41628 0.36908 0.29765 0.16745 0.43146 0.55199 0.44371000000000005 
0.57445 0.21148 0.3846 0.27383 0.6259 0.8311299999999999 0.56898 0.06919 0.34391 0.89132 0.89973 0.28266 0.33003 0.89781 0.94903 0.79524 0.30396 0.24563 0.1318 0.56953 0.51666 0.32962 0.57497 0.7624200000000001 0.62831 0.65917 0.37869 0.8048299999999999 0.89297 0.4009 0.62625 0.94998 0.75818 0.7042900000000001 0.38374 0.28001 0.259 0.20318 0.85234 1.03279 0.72927 0.90752 0.75543 0.74023 0.80475 0.12513 0.23371 0.56482 0.72757 0.9692 0.21565 0.30167 1.00072 0.80568 0.70507 0.17878 0.38547 0 0.61471 0.71947 0.35043 0.98634 0.76529 0.25737 0.64072 0.61755 0.72079 0.73364 0.65585 0.54029 0.12684 0.47821 0.25996 
0.69189 0.52159 0.71358 0.4276 0.95608 0.77178 0.83191 0.63465 0.31618 0.8925 0.60936 0.41076 0.78467 0.31196 0.57908 0.93577 0.47271 0.37425 0.69876 0.36909 0.85775 0.30294 0.61138 0.50422 0.26448 0.33972 0.75937 0.27543 0.92031 0.71752 0.47211 0.43993 0.91888 0.6054 0.58529 0.45345 0.67627 0.62052 0.64994 0.93764 0.59541 0.55947 1.01674 0.96796 0.9769 0.69947 0.38164 0.65653 0.39559 0.96202 0.43236 0.50434 0.79567 0.24798 0.85947 0.55462 0.33147 0.61471 0 0.2854 0.64837 0.74346 0.39737 0.41753 0.23758 0.61686 0.62273 0.49143 0.46575 0.21686 0.70448 0.8826700000000001 0.51771 
0.54278 0.55027 0.65643 0.62415 0.8476199999999999 0.53298 0.71436 0.7629699999999999 0.52503 0.66162 0.32648 0.61177 0.76694 0.25417 0.29688000000000003 0.74914 0.6873 0.48490999999999995 0.76392 0.22258 0.77085 0.39866999999999997 0.44988 0.23814 0.09256 0.10932 0.71313 0.12397 0.69388 0.6534 0.27044 0.2319 0.74261 0.38172 0.51839 0.46704 0.67229 0.63913 0.38106 0.67425 0.36023 0.27432 0.86958 0.81269 0.79772 0.7621 0.52018 0.50624 0.12436 0.72054 0.54424 0.48861 0.51674 0.15991 0.68947 0.72395 0.33763 0.71947 0.2854 0 0.59981 0.46138 0.114 0.60722 0.08013 0.43536 0.39514 0.23548 0.24159 0.18126 0.76786 0.8208599999999999 0.71792 
0.23302 0.18113 0.06551 0.52153 0.32648 0.50585 0.23188 0.41956000000000004 0.52887 0.54846 0.65374 0.52918 0.17263 0.83951 0.73389 0.44558 0.58832 0.35299 0.29529 0.3952 0.21749 0.37254 0.2634 0.5321 0.5134799999999999 0.50186 0.12464 0.7174799999999999 0.54643 0.07257 0.39088 0.8187 0.40939 0.41466 0.08375 0.20892 0.17845 0.14788 0.5755399999999999 0.70188 0.44874 0.6885 0.42976000000000003 0.4028 0.45845 0.28863 0.39523 0.233 0.5481 0.62475 0.34231 0.14686 0.70518 0.73855 0.35495 0.49563 0.31776 0.35043 0.64837 0.59981 0 0.70678 0.5922 0.5038 0.54081 0.30886 0.42682 0.50404 0.42928 0.47171 0.2915 0.2343 0.56569 
0.50381 0.77625 0.7299499999999999 0.99645 0.77722 0.26898 0.66439 1.04821 0.92164 0.35626 0.13608 0.99027 0.86744 0.63025 0.21866 0.54143 1.06941 0.81268 0.97624 0.44898 0.75918 0.74446 0.44479 0.25189 0.48794 0.41483 0.78503 0.53146 0.39763000000000004 0.71676 0.3653 0.45938 0.56107 0.29235 0.63387 0.70889 0.81771 0.82414 0.13431 0.27034 0.26153000000000004 0.20722 0.71849 0.65813 0.59426 0.97167 0.8629199999999999 0.48597 0.34977 0.37253 0.85875 0.68692 0.06722 0.57898 0.54004 1.05864 0.63962 0.98634 0.74346 0.46138 0.70678 0 0.34744 0.97672 0.50876 0.39963000000000004 0.28007 0.28086 0.34998 0.57274 0.97732 0.8391299999999999 1.0829 
0.49189 0.57758 0.6419199999999999 0.70385 0.80338 0.43574999999999997 0.67035 0.8155 0.61256 0.5636099999999999 0.21257 0.69396 0.76423 0.32962 0.19801 0.67217 0.77161 0.54626 0.79391 0.20395 0.73845 0.46324 0.39889 0.13507 0.1687 0.10628 0.7006 0.23797000000000001 0.59954 0.636 0.21583 0.23356 0.67104 0.29939 0.5085 0.49659 0.67924 0.65687 0.27124 0.56441 0.2701 0.1678 0.80778 0.74851 0.7231 0.79116 0.58751 0.45693 0.15056 0.6198 0.60152 0.50344 0.40297 0.27391 0.62258 0.79239 0.38071 0.76529 0.39737 0.114 0.5922 0.34744 0 0.68691 0.16949 0.3744 0.30946 0.14062 0.17912 0.25518 0.79699 0.79766 0.7961 
0.67865 0.32286000000000004 0.5584899999999999 0.02067 0.8215399999999999 0.88664 0.73454 0.24793 0.10337 0.97557 0.86474 0.02737 0.55245 0.72583 0.88342 0.92866 0.09561 0.17502 0.37347 0.52794 0.70933 0.23241 0.64309 0.7286 0.52948 0.58501 0.57561 0.66009 0.98773 0.57172 0.61711 0.82116 0.89717 0.73117 0.49345 0.32614 0.45535 0.38662 0.85049 1.08618 0.74424 0.84873 0.93255 0.90399 0.95096 0.37737 0.12183 0.65627 0.65853 1.05443 0.16149 0.3832 1.00749 0.64739 0.8378 0.15613 0.33945 0.25737 0.41753 0.60722 0.5038 0.97672 0.68691 0 0.52833 0.67555 0.74996 0.70349 0.63546 0.43173 0.38028 0.69233 0.11444000000000001 
