18
0 4 5 8 9 13 18 19 21 28 32 35 36 37 38 42 44 41
0 0.53199 0.68857 0.87399 0.90511 0.72503 0.25141 0.69787 0.5447 0.13296 0.70089 0.72363 0.7950999999999999 0.12725999999999998 0.86796 0.41661000000000004 0.4855 0.34847 
0.53199 0 0.92931 1.0587 0.55775 0.42829 0.2931 0.45545 0.42897 0.52235 0.19962 0.871 0.91942 0.53645 0.78318 0.12785 0.63464 0.3663 
0.68857 0.92931 0 0.18542 0.91109 0.72786 0.75862 0.70301 0.57009 0.62479 1.10598 0.19802 0.19948 0.64851 0.5066 0.86118 0.29518 0.56689 
0.87399 1.0587 0.18542 0 0.95328 0.79259 0.91884 0.77093 0.66882 0.81021 1.22689 0.25353000000000003 0.16104 0.82869 0.48568 1.00521 0.43463 0.70927 
0.90511 0.55775 0.91109 0.95328 0 0.22783 0.70477 0.23032 0.40242 0.8609 0.54894 0.73623 0.7923 0.89786 0.49736 0.6856 0.67352 0.59903 
0.72503 0.42829 0.72786 0.79259 0.22783 0 0.54188 0.02716 0.19935 0.67201 0.54036 0.5676 0.63295 0.69995 0.39102 0.47544 0.47488 0.37692 
0.25141 0.2931 0.75862 0.91884 0.70477 0.54188 0 0.5242 0.483 0.23581 0.46771 0.8003899999999999 0.80796 0.24676 0.78513 0.16525 0.62974 0.46143 
0.69787 0.45545 0.70301 0.77093 0.23032 0.02716 0.5242 0 0.1726 0.65788 0.55087 0.54523 0.6120399999999999 0.68793 0.38408000000000003 0.46481 0.44772 0.36921000000000004 
0.5447 0.42897 0.57009 0.66882 0.40242 0.19935 0.483 0.1726 0 0.48905 0.56339 0.44308 0.5244 0.51945 0.38731 0.40055 0.37729999999999997 0.19661 
0.13296 0.52235 0.62479 0.81021 0.8609 0.67201 0.23581 0.65788 0.48905 0 0.6987 0.65544 0.72723 0.11066000000000001 0.80692 0.39995 0.41712 0.29509 
0.70089 0.19962 1.10598 1.22689 0.54894 0.54036 0.46771 0.55087 0.56339 0.6987 0 1.0041 1.08779 0.7099 0.90807 0.30448000000000003 0.8143400000000001 0.56591 
0.72363 0.871 0.19802 0.25353000000000003 0.73623 0.5676 0.8003899999999999 0.54523 0.44308 0.65544 1.0041 0 0.13316 0.68436 0.34147 0.7966 0.32472 0.5047 
0.7950999999999999 0.91942 0.19948 0.16104 0.7923 0.63295 0.80796 0.6120399999999999 0.5244 0.72723 1.08779 0.13316 0 0.75542 0.37520000000000003 0.87692 0.32225 0.6050099999999999 
0.12725999999999998 0.53645 0.64851 0.82869 0.89786 0.69995 0.24676 0.68793 0.51945 0.11066000000000001 0.7099 0.68436 0.75542 0 0.834 0.41197000000000006 0.4473 0.40575000000000006 
0.86796 0.78318 0.5066 0.48568 0.49736 0.39102 0.78513 0.38408000000000003 0.38731 0.80692 0.90807 0.34147 0.37520000000000003 0.834 0 0.78786 0.41534 0.55177 
0.41661000000000004 0.12785 0.86118 1.00521 0.6856 0.47544 0.16525 0.46481 0.40055 0.39995 0.30448000000000003 0.7966 0.87692 0.41197000000000006 0.78786 0 0.57178 0.29618 
0.4855 0.63464 0.29518 0.43463 0.67352 0.47488 0.62974 0.44772 0.37729999999999997 0.41712 0.8143400000000001 0.32472 0.32225 0.4473 0.41534 0.57178 0 0.49475 
0.34847 0.3663 0.56689 0.70927 0.59903 0.37692 0.46143 0.36921000000000004 0.19661 0.29509 0.56591 0.5047 0.6050099999999999 0.40575000000000006 0.55177 0.29618 0.49475 0 
