50
2 4 6 8 10 12 14 16 18 20 22 24 26 28 30 32 34 36 38 40 42 44 46 48 50 52 54 56 58 60 62 64 66 68 70 72 74 76 78 80 82 84 86 88 90 92 94 96 98 0
0 411.0 509.0 354.0 153.0 334.0 354.0 368.0 421.0 656.0 573.0 650.0 397.0 336.0 497.0 113.0 651.0 847.0 114.0 464.0 509.0 409.0 343.0 408.0 683.0 199.0 398.0 258.0 386.0 293.0 340.0 618.0 321.0 361.0 310.0 467.0 644.0 282.0 286.0 453.0 360.0 226.0 720.0 567.0 526.0 384.0 762.0 440.0 171.0 485.0 
411.0 0 268.0 537.0 336.0 194.0 371.0 435.0 437.0 593.0 510.0 394.0 704.0 197.0 372.0 420.0 652.0 1138.0 297.0 680.0 654.0 557.0 410.0 424.0 694.0 506.0 601.0 275.0 476.0 360.0 363.0 479.0 488.0 543.0 478.0 636.0 661.0 465.0 502.0 636.0 564.0 533.0 737.0 592.0 730.0 321.0 773.0 377.0 362.0 563.0 
509.0 268.0 0 635.0 434.0 462.0 417.0 483.0 169.0 639.0 556.0 557.0 750.0 243.0 418.0 466.0 698.0 1074.0 395.0 726.0 700.0 289.0 458.0 470.0 566.0 552.0 647.0 321.0 522.0 408.0 411.0 213.0 536.0 589.0 524.0 682.0 707.0 326.0 548.0 701.0 610.0 579.0 775.0 638.0 776.0 367.0 745.0 423.0 408.0 609.0 
354.0 537.0 635.0 0 279.0 346.0 514.0 722.0 547.0 884.0 559.0 878.0 429.0 564.0 623.0 467.0 806.0 1201.0 240.0 818.0 563.0 535.0 697.0 762.0 930.0 553.0 724.0 610.0 740.0 647.0 694.0 846.0 595.0 715.0 664.0 605.0 804.0 408.0 640.0 454.0 686.0 580.0 1012.0 915.0 772.0 688.0 888.0 704.0 525.0 811.0 
153.0 336.0 434.0 279.0 0 259.0 235.0 493.0 268.0 737.0 654.0 677.0 550.0 363.0 344.0 266.0 730.0 1000.0 39.0 617.0 487.0 256.0 468.0 561.0 665.0 352.0 551.0 331.0 537.0 418.0 421.0 645.0 474.0 514.0 463.0 529.0 525.0 129.0 439.0 378.0 513.0 379.0 761.0 636.0 663.0 465.0 609.0 509.0 324.0 638.0 
334.0 194.0 462.0 346.0 259.0 0 494.0 619.0 316.0 787.0 704.0 588.0 731.0 391.0 566.0 447.0 797.0 1181.0 220.0 798.0 554.0 436.0 604.0 618.0 713.0 533.0 715.0 469.0 413.0 554.0 557.0 673.0 575.0 485.0 644.0 596.0 784.0 388.0 620.0 445.0 677.0 560.0 666.0 786.0 843.0 515.0 579.0 571.0 505.0 711.0 
354.0 371.0 417.0 514.0 235.0 494.0 0 258.0 263.0 502.0 419.0 488.0 525.0 174.0 440.0 241.0 657.0 975.0 274.0 560.0 498.0 251.0 233.0 401.0 660.0 327.0 422.0 96.0 302.0 183.0 186.0 456.0 311.0 373.0 429.0 456.0 290.0 124.0 405.0 476.0 460.0 354.0 558.0 401.0 428.0 230.0 712.0 286.0 183.0 540.0 
368.0 435.0 483.0 722.0 493.0 619.0 258.0 0 487.0 456.0 373.0 554.0 583.0 240.0 359.0 299.0 665.0 932.0 482.0 485.0 506.0 509.0 25.0 467.0 456.0 385.0 478.0 162.0 360.0 75.0 140.0 522.0 265.0 134.0 331.0 464.0 415.0 382.0 307.0 534.0 440.0 360.0 624.0 471.0 553.0 197.0 604.0 240.0 241.0 565.0 
421.0 437.0 169.0 547.0 268.0 316.0 263.0 487.0 0 755.0 682.0 691.0 728.0 412.0 587.0 504.0 714.0 905.0 307.0 699.0 555.0 120.0 462.0 384.0 397.0 530.0 518.0 359.0 353.0 412.0 449.0 382.0 557.0 621.0 691.0 513.0 553.0 157.0 668.0 646.0 556.0 503.0 606.0 664.0 691.0 493.0 576.0 537.0 446.0 651.0 
656.0 593.0 639.0 884.0 737.0 787.0 502.0 456.0 755.0 0 361.0 582.0 827.0 396.0 730.0 543.0 720.0 1108.0 720.0 625.0 657.0 753.0 431.0 509.0 882.0 629.0 724.0 406.0 402.0 381.0 316.0 545.0 509.0 590.0 549.0 699.0 792.0 626.0 573.0 548.0 762.0 604.0 756.0 715.0 928.0 520.0 604.0 228.0 485.0 648.0 
573.0 510.0 556.0 559.0 654.0 704.0 419.0 373.0 682.0 361.0 0 499.0 642.0 313.0 647.0 460.0 731.0 1025.0 637.0 634.0 542.0 670.0 348.0 426.0 799.0 444.0 641.0 323.0 464.0 298.0 233.0 481.0 426.0 507.0 466.0 584.0 709.0 543.0 490.0 433.0 665.0 471.0 785.0 632.0 818.0 437.0 827.0 145.0 402.0 565.0 
650.0 394.0 557.0 878.0 677.0 588.0 488.0 554.0 691.0 582.0 499.0 0 813.0 314.0 602.0 537.0 356.0 1246.0 638.0 388.0 464.0 739.0 529.0 427.0 300.0 615.0 353.0 392.0 465.0 479.0 454.0 482.0 607.0 622.0 467.0 422.0 619.0 612.0 491.0 547.0 315.0 642.0 629.0 709.0 481.0 438.0 477.0 366.0 479.0 190.0 
397.0 704.0 750.0 429.0 550.0 731.0 525.0 583.0 728.0 827.0 642.0 813.0 0 507.0 600.0 284.0 789.0 1018.0 511.0 635.0 647.0 776.0 558.0 579.0 854.0 198.0 536.0 429.0 557.0 508.0 511.0 789.0 320.0 532.0 481.0 605.0 710.0 649.0 457.0 635.0 498.0 225.0 891.0 738.0 572.0 555.0 1024.0 611.0 342.0 623.0 
336.0 197.0 243.0 564.0 363.0 391.0 174.0 240.0 412.0 396.0 313.0 314.0 507.0 0 334.0 223.0 532.0 957.0 324.0 483.0 457.0 425.0 215.0 227.0 614.0 309.0 404.0 78.0 279.0 165.0 168.0 282.0 293.0 355.0 281.0 439.0 464.0 298.0 305.0 458.0 367.0 336.0 540.0 395.0 533.0 124.0 694.0 180.0 165.0 366.0 
497.0 372.0 418.0 623.0 344.0 566.0 440.0 359.0 587.0 730.0 647.0 602.0 600.0 334.0 0 481.0 578.0 1215.0 383.0 734.0 519.0 600.0 334.0 561.0 405.0 567.0 491.0 344.0 542.0 384.0 426.0 616.0 484.0 493.0 615.0 477.0 724.0 473.0 616.0 628.0 453.0 579.0 806.0 653.0 619.0 210.0 849.0 514.0 423.0 412.0 
113.0 420.0 466.0 467.0 266.0 447.0 241.0 299.0 504.0 543.0 460.0 537.0 284.0 223.0 481.0 0 626.0 734.0 227.0 351.0 460.0 492.0 274.0 295.0 570.0 86.0 297.0 145.0 273.0 224.0 227.0 505.0 208.0 248.0 197.0 442.0 531.0 365.0 173.0 351.0 335.0 113.0 607.0 454.0 460.0 271.0 740.0 327.0 58.0 460.0 
651.0 652.0 698.0 806.0 730.0 797.0 657.0 665.0 714.0 720.0 731.0 356.0 789.0 532.0 578.0 626.0 0 1094.0 691.0 514.0 243.0 594.0 640.0 473.0 526.0 591.0 329.0 610.0 697.0 690.0 686.0 700.0 713.0 551.0 699.0 201.0 595.0 721.0 692.0 352.0 291.0 618.0 755.0 927.0 457.0 516.0 603.0 598.0 568.0 166.0 
847.0 1138.0 1074.0 1201.0 1000.0 1181.0 975.0 932.0 905.0 1108.0 1025.0 1246.0 1018.0 957.0 1215.0 734.0 1094.0 0 961.0 1085.0 851.0 1025.0 907.0 1029.0 1218.0 820.0 1031.0 879.0 1007.0 857.0 792.0 1228.0 942.0 982.0 931.0 893.0 1265.0 1062.0 907.0 960.0 1000.0 847.0 1341.0 1188.0 1166.0 1005.0 1386.0 892.0 792.0 1125.0 
114.0 297.0 395.0 240.0 39.0 220.0 274.0 482.0 307.0 720.0 637.0 638.0 511.0 324.0 383.0 227.0 691.0 961.0 0 578.0 448.0 295.0 457.0 522.0 704.0 313.0 512.0 370.0 500.0 407.0 454.0 606.0 435.0 475.0 424.0 490.0 564.0 168.0 400.0 339.0 474.0 340.0 800.0 675.0 640.0 448.0 648.0 504.0 285.0 599.0 
464.0 680.0 726.0 818.0 617.0 798.0 560.0 485.0 699.0 625.0 634.0 388.0 635.0 483.0 734.0 351.0 514.0 1085.0 578.0 0 622.0 579.0 460.0 570.0 688.0 437.0 511.0 496.0 548.0 510.0 548.0 536.0 559.0 599.0 202.0 580.0 618.0 684.0 178.0 702.0 473.0 464.0 787.0 805.0 639.0 607.0 635.0 501.0 409.0 348.0 
509.0 654.0 700.0 563.0 487.0 554.0 498.0 506.0 555.0 657.0 542.0 464.0 647.0 457.0 519.0 460.0 243.0 851.0 448.0 622.0 0 435.0 481.0 230.0 367.0 449.0 187.0 489.0 622.0 531.0 529.0 625.0 571.0 392.0 624.0 42.0 453.0 562.0 622.0 109.0 149.0 476.0 863.0 798.0 315.0 357.0 711.0 429.0 402.0 274.0 
409.0 557.0 289.0 535.0 256.0 436.0 251.0 509.0 120.0 753.0 670.0 739.0 776.0 425.0 600.0 492.0 594.0 1025.0 295.0 579.0 435.0 0 484.0 504.0 517.0 578.0 398.0 347.0 473.0 434.0 437.0 502.0 562.0 624.0 680.0 393.0 541.0 127.0 656.0 544.0 436.0 605.0 726.0 652.0 602.0 481.0 696.0 525.0 434.0 561.0 
343.0 410.0 458.0 697.0 468.0 604.0 233.0 25.0 462.0 431.0 348.0 529.0 558.0 215.0 334.0 274.0 640.0 907.0 457.0 460.0 481.0 484.0 0 442.0 481.0 360.0 453.0 137.0 335.0 50.0 115.0 497.0 240.0 159.0 306.0 439.0 390.0 357.0 282.0 509.0 415.0 335.0 599.0 446.0 528.0 172.0 579.0 215.0 216.0 540.0 
408.0 424.0 470.0 762.0 561.0 618.0 401.0 467.0 384.0 509.0 426.0 427.0 579.0 227.0 561.0 295.0 473.0 1029.0 522.0 570.0 230.0 504.0 442.0 0 597.0 381.0 417.0 305.0 392.0 392.0 381.0 395.0 503.0 543.0 394.0 272.0 683.0 525.0 392.0 339.0 379.0 408.0 767.0 622.0 545.0 351.0 749.0 293.0 353.0 479.0 
683.0 694.0 566.0 930.0 665.0 713.0 660.0 456.0 397.0 882.0 799.0 300.0 854.0 614.0 405.0 570.0 526.0 1218.0 704.0 688.0 367.0 517.0 481.0 597.0 0 656.0 470.0 599.0 603.0 531.0 596.0 472.0 721.0 322.0 767.0 325.0 736.0 554.0 743.0 476.0 432.0 683.0 929.0 908.0 598.0 615.0 777.0 666.0 512.0 490.0 
199.0 506.0 552.0 553.0 352.0 533.0 327.0 385.0 530.0 629.0 444.0 615.0 198.0 309.0 567.0 86.0 591.0 820.0 313.0 437.0 449.0 578.0 360.0 381.0 656.0 0 338.0 231.0 359.0 310.0 313.0 591.0 122.0 334.0 283.0 407.0 512.0 451.0 259.0 437.0 300.0 27.0 693.0 540.0 374.0 357.0 826.0 413.0 144.0 425.0 
398.0 601.0 647.0 724.0 551.0 715.0 422.0 478.0 518.0 724.0 641.0 353.0 536.0 404.0 491.0 297.0 329.0 1031.0 512.0 511.0 187.0 398.0 453.0 417.0 470.0 338.0 0 326.0 524.0 405.0 408.0 686.0 460.0 429.0 494.0 145.0 342.0 525.0 470.0 270.0 38.0 365.0 752.0 635.0 204.0 281.0 600.0 508.0 239.0 163.0 
258.0 275.0 321.0 610.0 331.0 469.0 96.0 162.0 359.0 406.0 323.0 392.0 429.0 78.0 344.0 145.0 610.0 879.0 370.0 496.0 489.0 347.0 137.0 305.0 599.0 231.0 326.0 0 206.0 87.0 90.0 360.0 215.0 277.0 342.0 449.0 386.0 220.0 318.0 380.0 364.0 258.0 462.0 317.0 524.0 134.0 616.0 190.0 87.0 444.0 
386.0 476.0 522.0 740.0 537.0 413.0 302.0 360.0 353.0 402.0 464.0 465.0 557.0 279.0 542.0 273.0 697.0 1007.0 500.0 548.0 622.0 473.0 335.0 392.0 603.0 359.0 524.0 206.0 0 285.0 288.0 400.0 413.0 281.0 394.0 631.0 592.0 426.0 370.0 578.0 562.0 360.0 668.0 515.0 728.0 332.0 673.0 331.0 285.0 531.0 
293.0 360.0 408.0 647.0 418.0 554.0 183.0 75.0 412.0 381.0 298.0 479.0 508.0 165.0 384.0 224.0 690.0 857.0 407.0 510.0 531.0 434.0 50.0 392.0 531.0 310.0 405.0 87.0 285.0 0 65.0 447.0 190.0 209.0 356.0 489.0 440.0 307.0 332.0 459.0 428.0 285.0 549.0 396.0 578.0 185.0 529.0 165.0 166.0 531.0 
340.0 363.0 411.0 694.0 421.0 557.0 186.0 140.0 449.0 316.0 233.0 454.0 511.0 168.0 426.0 227.0 686.0 792.0 454.0 548.0 529.0 437.0 115.0 381.0 596.0 313.0 408.0 90.0 288.0 65.0 0 436.0 193.0 274.0 394.0 531.0 476.0 310.0 370.0 420.0 446.0 288.0 552.0 399.0 612.0 216.0 594.0 100.0 169.0 520.0 
618.0 479.0 213.0 846.0 645.0 673.0 456.0 522.0 382.0 545.0 481.0 482.0 789.0 282.0 616.0 505.0 700.0 1228.0 606.0 536.0 625.0 502.0 497.0 395.0 472.0 591.0 686.0 360.0 400.0 447.0 436.0 0 575.0 504.0 449.0 667.0 746.0 539.0 473.0 668.0 649.0 618.0 822.0 677.0 815.0 406.0 958.0 348.0 447.0 534.0 
321.0 488.0 536.0 595.0 474.0 575.0 311.0 265.0 557.0 509.0 426.0 607.0 320.0 293.0 484.0 208.0 713.0 942.0 435.0 559.0 571.0 562.0 240.0 503.0 721.0 122.0 460.0 215.0 413.0 190.0 193.0 575.0 0 399.0 405.0 529.0 601.0 435.0 381.0 548.0 422.0 95.0 677.0 524.0 496.0 322.0 719.0 293.0 266.0 547.0 
361.0 543.0 589.0 715.0 514.0 485.0 373.0 134.0 621.0 590.0 507.0 622.0 532.0 355.0 493.0 248.0 551.0 982.0 475.0 599.0 392.0 624.0 159.0 543.0 322.0 334.0 429.0 277.0 281.0 209.0 274.0 504.0 399.0 0 445.0 350.0 549.0 497.0 421.0 483.0 457.0 361.0 739.0 586.0 623.0 331.0 738.0 374.0 190.0 582.0 
310.0 478.0 524.0 664.0 463.0 644.0 429.0 331.0 691.0 549.0 466.0 467.0 481.0 281.0 615.0 197.0 699.0 931.0 424.0 202.0 624.0 680.0 306.0 394.0 767.0 283.0 494.0 342.0 394.0 356.0 394.0 449.0 405.0 445.0 0 639.0 464.0 553.0 24.0 548.0 532.0 310.0 804.0 651.0 602.0 405.0 837.0 333.0 255.0 533.0 
467.0 636.0 682.0 605.0 529.0 596.0 456.0 464.0 513.0 699.0 584.0 422.0 605.0 439.0 477.0 442.0 201.0 893.0 490.0 580.0 42.0 393.0 439.0 272.0 325.0 407.0 145.0 449.0 631.0 489.0 531.0 667.0 529.0 350.0 639.0 0 411.0 520.0 615.0 151.0 107.0 434.0 821.0 758.0 273.0 315.0 669.0 471.0 384.0 232.0 
644.0 661.0 707.0 804.0 525.0 784.0 290.0 415.0 553.0 792.0 709.0 619.0 710.0 464.0 724.0 531.0 595.0 1265.0 564.0 618.0 453.0 541.0 390.0 683.0 736.0 512.0 342.0 386.0 592.0 440.0 476.0 746.0 601.0 549.0 464.0 411.0 0 414.0 440.0 536.0 304.0 539.0 848.0 691.0 138.0 520.0 866.0 576.0 473.0 429.0 
282.0 465.0 326.0 408.0 129.0 388.0 124.0 382.0 157.0 626.0 543.0 612.0 649.0 298.0 473.0 365.0 721.0 1062.0 168.0 684.0 562.0 127.0 357.0 525.0 554.0 451.0 525.0 220.0 426.0 307.0 310.0 539.0 435.0 497.0 553.0 520.0 414.0 0 529.0 507.0 563.0 478.0 682.0 525.0 552.0 354.0 733.0 398.0 307.0 664.0 
286.0 502.0 548.0 640.0 439.0 620.0 405.0 307.0 668.0 573.0 490.0 491.0 457.0 305.0 616.0 173.0 692.0 907.0 400.0 178.0 622.0 656.0 282.0 392.0 743.0 259.0 470.0 318.0 370.0 332.0 370.0 473.0 381.0 421.0 24.0 615.0 440.0 529.0 0 524.0 508.0 286.0 780.0 627.0 578.0 429.0 813.0 357.0 231.0 526.0 
453.0 636.0 701.0 454.0 378.0 445.0 476.0 534.0 646.0 548.0 433.0 547.0 635.0 458.0 628.0 351.0 352.0 960.0 339.0 702.0 109.0 544.0 509.0 339.0 476.0 437.0 270.0 380.0 578.0 459.0 420.0 668.0 548.0 483.0 548.0 151.0 536.0 507.0 524.0 0 232.0 453.0 842.0 689.0 398.0 466.0 794.0 320.0 293.0 357.0 
360.0 564.0 610.0 686.0 513.0 677.0 460.0 440.0 556.0 762.0 665.0 315.0 498.0 367.0 453.0 335.0 291.0 1000.0 474.0 473.0 149.0 436.0 415.0 379.0 432.0 300.0 38.0 364.0 562.0 428.0 446.0 649.0 422.0 457.0 532.0 107.0 304.0 563.0 508.0 232.0 0 327.0 714.0 673.0 166.0 243.0 562.0 546.0 277.0 125.0 
226.0 533.0 579.0 580.0 379.0 560.0 354.0 360.0 503.0 604.0 471.0 642.0 225.0 336.0 579.0 113.0 618.0 847.0 340.0 464.0 476.0 605.0 335.0 408.0 683.0 27.0 365.0 258.0 360.0 285.0 288.0 618.0 95.0 361.0 310.0 434.0 539.0 478.0 286.0 453.0 327.0 0 720.0 567.0 401.0 384.0 814.0 388.0 171.0 452.0 
720.0 737.0 775.0 1012.0 761.0 666.0 558.0 624.0 606.0 756.0 785.0 629.0 891.0 540.0 806.0 607.0 755.0 1341.0 800.0 787.0 863.0 726.0 599.0 767.0 929.0 693.0 752.0 462.0 668.0 549.0 552.0 822.0 677.0 739.0 804.0 821.0 848.0 682.0 780.0 842.0 714.0 720.0 0 779.0 880.0 596.0 514.0 652.0 549.0 589.0 
567.0 592.0 638.0 915.0 636.0 786.0 401.0 471.0 664.0 715.0 632.0 709.0 738.0 395.0 653.0 454.0 927.0 1188.0 675.0 805.0 798.0 652.0 446.0 622.0 908.0 540.0 635.0 317.0 515.0 396.0 399.0 677.0 524.0 586.0 651.0 758.0 691.0 525.0 627.0 689.0 673.0 567.0 779.0 0 829.0 443.0 925.0 499.0 396.0 761.0 
526.0 730.0 776.0 772.0 663.0 843.0 428.0 553.0 691.0 928.0 818.0 481.0 572.0 533.0 619.0 460.0 457.0 1166.0 640.0 639.0 315.0 602.0 528.0 545.0 598.0 374.0 204.0 524.0 728.0 578.0 612.0 815.0 496.0 623.0 602.0 273.0 138.0 552.0 578.0 398.0 166.0 401.0 880.0 829.0 0 409.0 728.0 712.0 443.0 291.0 
384.0 321.0 367.0 688.0 465.0 515.0 230.0 197.0 493.0 520.0 437.0 438.0 555.0 124.0 210.0 271.0 516.0 1005.0 448.0 607.0 357.0 481.0 172.0 351.0 615.0 357.0 281.0 134.0 332.0 185.0 216.0 406.0 322.0 331.0 405.0 315.0 520.0 354.0 429.0 466.0 243.0 384.0 596.0 443.0 409.0 0 714.0 304.0 213.0 368.0 
762.0 773.0 745.0 888.0 609.0 579.0 712.0 604.0 576.0 604.0 827.0 477.0 1024.0 694.0 849.0 740.0 603.0 1386.0 648.0 635.0 711.0 696.0 579.0 749.0 777.0 826.0 600.0 616.0 673.0 529.0 594.0 958.0 719.0 738.0 837.0 669.0 866.0 733.0 813.0 794.0 562.0 814.0 514.0 925.0 728.0 714.0 0 694.0 682.0 437.0 
440.0 377.0 423.0 704.0 509.0 571.0 286.0 240.0 537.0 228.0 145.0 366.0 611.0 180.0 514.0 327.0 598.0 892.0 504.0 501.0 429.0 525.0 215.0 293.0 666.0 413.0 508.0 190.0 331.0 165.0 100.0 348.0 293.0 374.0 333.0 471.0 576.0 398.0 357.0 320.0 546.0 388.0 652.0 499.0 712.0 304.0 694.0 0 269.0 432.0 
171.0 362.0 408.0 525.0 324.0 505.0 183.0 241.0 446.0 485.0 402.0 479.0 342.0 165.0 423.0 58.0 568.0 792.0 285.0 409.0 402.0 434.0 216.0 353.0 512.0 144.0 239.0 87.0 285.0 166.0 169.0 447.0 266.0 190.0 255.0 384.0 473.0 307.0 231.0 293.0 277.0 171.0 549.0 396.0 443.0 213.0 682.0 269.0 0 402.0 
485.0 563.0 609.0 811.0 638.0 711.0 540.0 565.0 651.0 648.0 565.0 190.0 623.0 366.0 412.0 460.0 166.0 1125.0 599.0 348.0 274.0 561.0 540.0 479.0 490.0 425.0 163.0 444.0 531.0 531.0 520.0 534.0 547.0 582.0 533.0 232.0 429.0 664.0 526.0 357.0 125.0 452.0 589.0 761.0 291.0 368.0 437.0 432.0 402.0 0 
