25
2 4 6 8 10 12 14 16 18 20 22 24 26 28 30 32 34 36 38 40 42 44 46 48 0
0 519.0 403.0 707.0 913.0 1279.0 790.0 852.0 786.0 171.0 772.0 590.0 1365.0 646.0 719.0 628.0 873.0 1211.0 1092.0 901.0 1028.0 958.0 162.0 1096.0 710.0 
519.0 0 598.0 902.0 1108.0 1044.0 902.0 333.0 267.0 366.0 967.0 785.0 1067.0 841.0 794.0 823.0 682.0 913.0 810.0 1105.0 1063.0 846.0 357.0 922.0 874.0 
403.0 598.0 0 436.0 510.0 1340.0 519.0 931.0 865.0 232.0 663.0 651.0 1155.0 243.0 448.0 519.0 602.0 1309.0 1119.0 1107.0 787.0 849.0 241.0 1157.0 771.0 
707.0 902.0 436.0 0 946.0 1095.0 823.0 1235.0 961.0 536.0 1099.0 955.0 1459.0 531.0 752.0 955.0 906.0 1613.0 1360.0 1118.0 1091.0 771.0 545.0 1012.0 1075.0 
913.0 1108.0 510.0 946.0 0 1138.0 422.0 1092.0 936.0 742.0 1173.0 449.0 1106.0 753.0 530.0 1029.0 684.0 1260.0 1201.0 1486.0 869.0 1225.0 751.0 1667.0 329.0 
1279.0 1044.0 1340.0 1095.0 1138.0 0 1412.0 1077.0 777.0 1108.0 1387.0 689.0 1586.0 1449.0 1304.0 1243.0 1334.0 1740.0 1374.0 654.0 1573.0 1001.0 1117.0 1515.0 809.0 
790.0 902.0 519.0 823.0 422.0 1412.0 0 935.0 635.0 619.0 1086.0 871.0 853.0 762.0 108.0 942.0 262.0 1007.0 779.0 1064.0 447.0 803.0 628.0 1472.0 751.0 
852.0 333.0 931.0 1235.0 1092.0 1077.0 935.0 0 300.0 699.0 1281.0 883.0 1336.0 1174.0 827.0 1156.0 808.0 1182.0 1079.0 998.0 943.0 1061.0 690.0 1137.0 763.0 
786.0 267.0 865.0 961.0 936.0 777.0 635.0 300.0 0 633.0 1134.0 727.0 1272.0 1108.0 527.0 1003.0 661.0 1180.0 1077.0 851.0 796.0 761.0 624.0 837.0 607.0 
171.0 366.0 232.0 536.0 742.0 1108.0 619.0 699.0 633.0 0 601.0 419.0 1255.0 475.0 548.0 457.0 702.0 1279.0 921.0 875.0 857.0 787.0 9.0 925.0 539.0 
772.0 967.0 663.0 1099.0 1173.0 1387.0 1086.0 1281.0 1134.0 601.0 0 762.0 1594.0 906.0 978.0 144.0 1015.0 1440.0 971.0 733.0 639.0 474.0 610.0 1187.0 882.0 
590.0 785.0 651.0 955.0 449.0 689.0 871.0 883.0 727.0 419.0 762.0 0 897.0 760.0 799.0 618.0 645.0 1051.0 1240.0 1207.0 1113.0 948.0 428.0 1344.0 120.0 
1365.0 1067.0 1155.0 1459.0 1106.0 1586.0 853.0 1336.0 1272.0 1255.0 1594.0 897.0 0 1398.0 745.0 1515.0 899.0 154.0 919.0 1485.0 1084.0 1440.0 1264.0 1907.0 777.0 
646.0 841.0 243.0 531.0 753.0 1449.0 762.0 1174.0 1108.0 475.0 906.0 760.0 1398.0 0 666.0 762.0 820.0 1436.0 931.0 1350.0 599.0 1092.0 484.0 1400.0 640.0 
719.0 794.0 448.0 752.0 530.0 1304.0 108.0 827.0 527.0 548.0 978.0 799.0 745.0 666.0 0 834.0 154.0 899.0 671.0 956.0 339.0 695.0 557.0 1364.0 859.0 
628.0 823.0 519.0 955.0 1029.0 1243.0 942.0 1156.0 1003.0 457.0 144.0 618.0 1515.0 762.0 834.0 0 871.0 1584.0 827.0 589.0 495.0 330.0 466.0 1043.0 738.0 
873.0 682.0 602.0 906.0 684.0 1334.0 262.0 808.0 661.0 702.0 1015.0 645.0 899.0 820.0 154.0 871.0 0 1053.0 825.0 802.0 493.0 541.0 711.0 1342.0 765.0 
1211.0 913.0 1309.0 1613.0 1260.0 1740.0 1007.0 1182.0 1180.0 1279.0 1440.0 1051.0 154.0 1436.0 899.0 1584.0 1053.0 0 765.0 1639.0 1097.0 1354.0 1270.0 1835.0 931.0 
1092.0 810.0 1119.0 1360.0 1201.0 1374.0 779.0 1079.0 1077.0 921.0 971.0 1240.0 919.0 931.0 671.0 827.0 825.0 765.0 0 936.0 332.0 589.0 930.0 1390.0 1360.0 
901.0 1105.0 1107.0 1118.0 1486.0 654.0 1064.0 998.0 851.0 875.0 733.0 1207.0 1485.0 1350.0 956.0 589.0 802.0 1639.0 936.0 0 1084.0 347.0 866.0 861.0 1327.0 
1028.0 1063.0 787.0 1091.0 869.0 1573.0 447.0 943.0 796.0 857.0 639.0 1113.0 1084.0 599.0 339.0 495.0 493.0 1097.0 332.0 1084.0 0 825.0 866.0 1412.0 1198.0 
958.0 846.0 849.0 771.0 1225.0 1001.0 803.0 1061.0 761.0 787.0 474.0 948.0 1440.0 1092.0 695.0 330.0 541.0 1354.0 589.0 347.0 825.0 0 796.0 801.0 1068.0 
162.0 357.0 241.0 545.0 751.0 1117.0 628.0 690.0 624.0 9.0 610.0 428.0 1264.0 484.0 557.0 466.0 711.0 1270.0 930.0 866.0 866.0 796.0 0 934.0 548.0 
1096.0 922.0 1157.0 1012.0 1667.0 1515.0 1472.0 1137.0 837.0 925.0 1187.0 1344.0 1907.0 1400.0 1364.0 1043.0 1342.0 1835.0 1390.0 861.0 1412.0 801.0 934.0 0 1444.0 
710.0 874.0 771.0 1075.0 329.0 809.0 751.0 763.0 607.0 539.0 882.0 120.0 777.0 640.0 859.0 738.0 765.0 931.0 1360.0 1327.0 1198.0 1068.0 548.0 1444.0 0 
