100
2 4 6 8 10 12 14 16 18 20 22 24 26 28 30 32 34 36 38 40 42 44 46 48 50 52 54 56 58 60 62 64 66 68 70 72 74 76 78 80 82 84 86 88 90 92 94 96 98 100 102 104 106 108 110 112 114 116 118 120 122 124 126 128 130 132 134 136 138 140 142 144 146 148 150 152 154 156 158 160 162 164 166 168 170 172 174 176 178 180 182 184 186 188 190 192 194 196 198 0
0 340.0 327.0 204.0 243.0 276.0 122.0 466.0 294.0 270.0 438.0 321.0 330.0 292.0 57.0 225.0 299.0 337.0 495.0 184.0 295.0 208.0 182.0 293.0 623.0 405.0 302.0 309.0 353.0 332.0 449.0 297.0 228.0 255.0 470.0 315.0 390.0 332.0 393.0 188.0 186.0 291.0 88.0 247.0 368.0 254.0 179.0 289.0 177.0 275.0 223.0 269.0 294.0 271.0 291.0 299.0 141.0 228.0 286.0 223.0 258.0 252.0 260.0 224.0 262.0 285.0 511.0 250.0 291.0 219.0 282.0 244.0 314.0 597.0 194.0 435.0 334.0 396.0 131.0 229.0 245.0 341.0 354.0 372.0 251.0 211.0 355.0 275.0 364.0 284.0 292.0 326.0 293.0 412.0 383.0 259.0 354.0 352.0 415.0 391.0 
340.0 0 186.0 270.0 231.0 139.0 218.0 363.0 103.0 246.0 362.0 336.0 316.0 269.0 309.0 288.0 251.0 333.0 471.0 160.0 104.0 132.0 248.0 235.0 552.0 347.0 290.0 185.0 197.0 398.0 312.0 273.0 226.0 180.0 462.0 198.0 141.0 361.0 111.0 202.0 249.0 155.0 299.0 199.0 29.0 203.0 340.0 178.0 318.0 334.0 183.0 245.0 157.0 291.0 257.0 194.0 481.0 324.0 274.0 237.0 234.0 246.0 319.0 287.0 236.0 363.0 320.0 313.0 262.0 279.0 150.0 268.0 290.0 502.0 415.0 421.0 232.0 144.0 275.0 217.0 304.0 314.0 288.0 499.0 289.0 155.0 386.0 241.0 244.0 250.0 268.0 335.0 264.0 280.0 157.0 188.0 283.0 287.0 237.0 349.0 
327.0 186.0 0 261.0 334.0 325.0 205.0 419.0 289.0 237.0 443.0 328.0 275.0 260.0 384.0 104.0 298.0 324.0 462.0 151.0 290.0 123.0 239.0 264.0 598.0 448.0 357.0 371.0 317.0 370.0 308.0 264.0 329.0 347.0 425.0 237.0 327.0 326.0 297.0 388.0 141.0 279.0 272.0 246.0 215.0 341.0 354.0 256.0 263.0 319.0 164.0 190.0 343.0 282.0 312.0 250.0 468.0 279.0 341.0 344.0 225.0 174.0 306.0 103.0 164.0 316.0 420.0 205.0 268.0 270.0 197.0 301.0 281.0 347.0 260.0 380.0 270.0 311.0 229.0 320.0 291.0 128.0 256.0 498.0 375.0 341.0 266.0 303.0 305.0 312.0 259.0 490.0 266.0 327.0 343.0 235.0 330.0 102.0 317.0 396.0 
204.0 270.0 261.0 0 256.0 233.0 82.0 366.0 269.0 191.0 451.0 230.0 209.0 214.0 261.0 185.0 262.0 201.0 413.0 114.0 270.0 138.0 46.0 227.0 487.0 418.0 285.0 232.0 303.0 258.0 406.0 218.0 241.0 200.0 407.0 245.0 311.0 315.0 353.0 248.0 146.0 242.0 163.0 210.0 299.0 177.0 254.0 219.0 195.0 242.0 226.0 191.0 269.0 184.0 155.0 235.0 345.0 188.0 269.0 238.0 179.0 116.0 287.0 184.0 126.0 256.0 382.0 210.0 155.0 161.0 161.0 108.0 244.0 517.0 308.0 314.0 198.0 326.0 206.0 242.0 272.0 210.0 218.0 413.0 264.0 271.0 419.0 139.0 315.0 148.0 222.0 337.0 157.0 291.0 306.0 123.0 218.0 272.0 279.0 300.0 
243.0 231.0 334.0 256.0 0 164.0 192.0 251.0 128.0 281.0 233.0 133.0 254.0 299.0 186.0 230.0 191.0 336.0 311.0 195.0 129.0 219.0 234.0 78.0 498.0 190.0 87.0 211.0 317.0 339.0 337.0 275.0 23.0 133.0 312.0 326.0 237.0 332.0 284.0 275.0 256.0 76.0 273.0 139.0 202.0 156.0 275.0 99.0 297.0 226.0 334.0 190.0 182.0 229.0 195.0 84.0 290.0 253.0 71.0 216.0 264.0 258.0 211.0 231.0 248.0 169.0 345.0 286.0 241.0 237.0 188.0 262.0 140.0 504.0 323.0 359.0 244.0 369.0 316.0 14.0 196.0 262.0 259.0 403.0 210.0 298.0 353.0 194.0 269.0 188.0 131.0 233.0 243.0 318.0 253.0 197.0 292.0 359.0 296.0 203.0 
276.0 139.0 325.0 233.0 164.0 0 222.0 296.0 36.0 197.0 295.0 269.0 230.0 329.0 263.0 273.0 260.0 362.0 447.0 220.0 37.0 244.0 207.0 168.0 521.0 280.0 223.0 299.0 336.0 384.0 173.0 170.0 159.0 223.0 413.0 337.0 186.0 344.0 192.0 341.0 285.0 88.0 303.0 208.0 110.0 244.0 394.0 111.0 279.0 329.0 264.0 277.0 36.0 217.0 285.0 127.0 417.0 328.0 207.0 293.0 294.0 235.0 314.0 274.0 229.0 305.0 253.0 221.0 162.0 319.0 233.0 129.0 230.0 388.0 367.0 335.0 123.0 283.0 325.0 150.0 299.0 311.0 220.0 492.0 222.0 294.0 489.0 282.0 123.0 278.0 234.0 314.0 160.0 220.0 170.0 209.0 304.0 279.0 281.0 339.0 
122.0 218.0 205.0 82.0 192.0 222.0 0 352.0 240.0 148.0 387.0 244.0 223.0 171.0 179.0 103.0 227.0 215.0 373.0 62.0 241.0 86.0 60.0 175.0 501.0 354.0 251.0 218.0 274.0 210.0 385.0 175.0 177.0 186.0 348.0 193.0 268.0 263.0 315.0 262.0 64.0 190.0 81.0 175.0 247.0 163.0 172.0 167.0 143.0 209.0 144.0 147.0 240.0 198.0 169.0 183.0 263.0 106.0 235.0 224.0 136.0 130.0 250.0 102.0 140.0 239.0 396.0 128.0 169.0 97.0 160.0 122.0 192.0 502.0 316.0 328.0 212.0 274.0 124.0 178.0 235.0 219.0 232.0 427.0 182.0 285.0 380.0 153.0 285.0 162.0 170.0 351.0 171.0 290.0 284.0 137.0 232.0 257.0 293.0 314.0 
466.0 363.0 419.0 366.0 251.0 296.0 352.0 0 260.0 380.0 456.0 356.0 377.0 384.0 409.0 315.0 414.0 467.0 534.0 294.0 261.0 318.0 320.0 288.0 676.0 400.0 310.0 421.0 449.0 424.0 469.0 361.0 246.0 343.0 535.0 425.0 322.0 418.0 416.0 362.0 354.0 208.0 433.0 362.0 334.0 366.0 497.0 185.0 388.0 383.0 419.0 322.0 314.0 364.0 405.0 169.0 513.0 458.0 294.0 421.0 349.0 284.0 428.0 316.0 274.0 392.0 477.0 418.0 374.0 413.0 353.0 402.0 350.0 589.0 530.0 482.0 270.0 456.0 421.0 237.0 413.0 385.0 366.0 377.0 342.0 409.0 576.0 404.0 401.0 398.0 354.0 456.0 372.0 483.0 338.0 329.0 424.0 471.0 381.0 426.0 
294.0 103.0 289.0 269.0 128.0 36.0 240.0 260.0 0 215.0 259.0 233.0 248.0 293.0 281.0 237.0 278.0 357.0 411.0 184.0 1.0 208.0 243.0 132.0 537.0 244.0 187.0 265.0 300.0 348.0 209.0 188.0 123.0 187.0 412.0 301.0 150.0 308.0 156.0 305.0 276.0 52.0 321.0 226.0 74.0 210.0 375.0 75.0 312.0 307.0 228.0 241.0 54.0 235.0 249.0 91.0 390.0 346.0 171.0 290.0 258.0 253.0 311.0 238.0 247.0 269.0 217.0 257.0 198.0 291.0 197.0 165.0 194.0 424.0 400.0 353.0 141.0 247.0 320.0 114.0 296.0 275.0 192.0 503.0 186.0 258.0 453.0 248.0 141.0 242.0 231.0 279.0 196.0 238.0 134.0 173.0 268.0 315.0 253.0 303.0 
270.0 246.0 237.0 191.0 281.0 197.0 148.0 380.0 215.0 0 474.0 307.0 286.0 147.0 327.0 251.0 289.0 263.0 397.0 86.0 216.0 114.0 145.0 203.0 590.0 397.0 340.0 309.0 302.0 328.0 370.0 27.0 276.0 277.0 216.0 217.0 237.0 271.0 291.0 347.0 212.0 218.0 229.0 237.0 275.0 254.0 293.0 195.0 261.0 293.0 292.0 175.0 215.0 229.0 232.0 211.0 411.0 254.0 324.0 342.0 112.0 235.0 278.0 250.0 245.0 343.0 432.0 276.0 271.0 209.0 188.0 227.0 220.0 486.0 427.0 391.0 297.0 302.0 246.0 267.0 263.0 247.0 337.0 470.0 151.0 370.0 356.0 216.0 302.0 225.0 198.0 431.0 269.0 318.0 221.0 226.0 321.0 339.0 398.0 377.0 
438.0 362.0 443.0 451.0 233.0 295.0 387.0 456.0 259.0 474.0 0 338.0 456.0 450.0 381.0 383.0 386.0 541.0 420.0 400.0 258.0 424.0 429.0 283.0 665.0 395.0 292.0 416.0 522.0 544.0 411.0 447.0 210.0 338.0 507.0 531.0 386.0 537.0 415.0 480.0 420.0 281.0 430.0 334.0 333.0 361.0 480.0 304.0 341.0 382.0 340.0 395.0 262.0 434.0 400.0 289.0 485.0 458.0 276.0 421.0 469.0 398.0 367.0 382.0 388.0 374.0 460.0 484.0 428.0 436.0 383.0 424.0 345.0 450.0 499.0 561.0 349.0 440.0 387.0 219.0 352.0 413.0 296.0 559.0 415.0 503.0 520.0 399.0 199.0 393.0 336.0 400.0 430.0 296.0 370.0 402.0 468.0 341.0 357.0 408.0 
321.0 336.0 328.0 230.0 133.0 269.0 244.0 356.0 233.0 307.0 338.0 0 121.0 230.0 291.0 250.0 288.0 359.0 416.0 227.0 234.0 251.0 204.0 183.0 513.0 295.0 117.0 305.0 250.0 378.0 361.0 334.0 128.0 238.0 363.0 303.0 342.0 328.0 265.0 306.0 211.0 181.0 233.0 236.0 307.0 250.0 142.0 204.0 174.0 176.0 312.0 217.0 287.0 96.0 300.0 189.0 395.0 333.0 133.0 255.0 195.0 242.0 131.0 249.0 232.0 36.0 363.0 190.0 127.0 323.0 187.0 266.0 245.0 435.0 262.0 226.0 228.0 393.0 220.0 119.0 146.0 289.0 321.0 353.0 315.0 329.0 423.0 288.0 374.0 293.0 211.0 338.0 129.0 317.0 358.0 149.0 244.0 226.0 260.0 70.0 
330.0 316.0 275.0 209.0 254.0 230.0 223.0 377.0 248.0 286.0 456.0 121.0 0 209.0 378.0 247.0 267.0 338.0 517.0 206.0 249.0 230.0 183.0 304.0 492.0 392.0 238.0 284.0 229.0 317.0 340.0 313.0 249.0 252.0 360.0 300.0 327.0 307.0 244.0 285.0 208.0 249.0 242.0 215.0 288.0 229.0 263.0 236.0 153.0 290.0 291.0 196.0 194.0 75.0 266.0 220.0 471.0 302.0 254.0 234.0 174.0 121.0 252.0 246.0 111.0 157.0 367.0 169.0 106.0 302.0 166.0 245.0 322.0 414.0 241.0 105.0 107.0 347.0 199.0 240.0 267.0 268.0 203.0 474.0 383.0 308.0 402.0 250.0 281.0 259.0 313.0 459.0 108.0 296.0 311.0 128.0 223.0 205.0 264.0 191.0 
292.0 269.0 260.0 214.0 299.0 329.0 171.0 384.0 293.0 147.0 450.0 230.0 209.0 0 349.0 270.0 312.0 286.0 420.0 109.0 294.0 137.0 168.0 226.0 601.0 420.0 347.0 364.0 325.0 351.0 335.0 174.0 294.0 332.0 363.0 240.0 267.0 124.0 314.0 255.0 231.0 241.0 204.0 260.0 298.0 309.0 295.0 218.0 115.0 307.0 253.0 198.0 335.0 184.0 297.0 215.0 433.0 277.0 342.0 196.0 35.0 258.0 301.0 269.0 268.0 266.0 492.0 253.0 194.0 232.0 211.0 250.0 243.0 409.0 350.0 314.0 316.0 325.0 161.0 285.0 286.0 216.0 360.0 484.0 298.0 278.0 279.0 281.0 343.0 290.0 221.0 461.0 192.0 341.0 283.0 237.0 332.0 197.0 389.0 300.0 
57.0 309.0 384.0 261.0 186.0 263.0 179.0 409.0 281.0 327.0 381.0 291.0 378.0 349.0 0 282.0 339.0 394.0 459.0 241.0 282.0 265.0 239.0 236.0 646.0 348.0 245.0 276.0 410.0 389.0 436.0 354.0 171.0 198.0 460.0 372.0 342.0 389.0 420.0 131.0 243.0 234.0 145.0 287.0 338.0 221.0 236.0 257.0 234.0 332.0 280.0 326.0 281.0 328.0 272.0 242.0 198.0 285.0 229.0 166.0 315.0 309.0 317.0 281.0 319.0 327.0 498.0 307.0 286.0 276.0 336.0 301.0 298.0 540.0 137.0 483.0 368.0 434.0 188.0 172.0 302.0 398.0 411.0 429.0 308.0 154.0 298.0 259.0 368.0 265.0 289.0 269.0 288.0 465.0 326.0 316.0 408.0 295.0 454.0 361.0 
225.0 288.0 104.0 185.0 230.0 273.0 103.0 315.0 237.0 251.0 383.0 250.0 247.0 270.0 282.0 0 239.0 318.0 386.0 165.0 238.0 189.0 163.0 265.0 496.0 377.0 289.0 321.0 371.0 313.0 362.0 278.0 225.0 256.0 323.0 296.0 299.0 366.0 370.0 301.0 39.0 185.0 170.0 187.0 311.0 266.0 261.0 162.0 161.0 215.0 215.0 244.0 271.0 222.0 272.0 146.0 366.0 177.0 273.0 242.0 235.0 233.0 260.0 1.0 243.0 214.0 454.0 103.0 166.0 200.0 138.0 225.0 295.0 401.0 314.0 352.0 315.0 344.0 127.0 216.0 245.0 232.0 305.0 452.0 285.0 324.0 370.0 256.0 208.0 265.0 273.0 435.0 164.0 268.0 315.0 176.0 271.0 156.0 360.0 306.0 
299.0 251.0 298.0 262.0 191.0 260.0 227.0 414.0 278.0 289.0 386.0 288.0 267.0 312.0 339.0 239.0 0 362.0 395.0 203.0 279.0 175.0 236.0 241.0 503.0 260.0 250.0 374.0 334.0 368.0 433.0 316.0 176.0 296.0 465.0 334.0 392.0 404.0 362.0 384.0 200.0 239.0 308.0 52.0 280.0 319.0 392.0 262.0 244.0 261.0 356.0 207.0 224.0 242.0 345.0 247.0 440.0 333.0 234.0 325.0 277.0 306.0 306.0 238.0 316.0 314.0 483.0 264.0 213.0 322.0 101.0 298.0 303.0 575.0 366.0 372.0 311.0 307.0 290.0 177.0 291.0 279.0 341.0 498.0 283.0 406.0 498.0 329.0 311.0 338.0 294.0 386.0 215.0 231.0 408.0 139.0 234.0 330.0 380.0 358.0 
337.0 333.0 324.0 201.0 336.0 362.0 215.0 467.0 357.0 263.0 541.0 359.0 338.0 286.0 394.0 318.0 362.0 0 488.0 177.0 358.0 201.0 175.0 273.0 614.0 461.0 395.0 361.0 309.0 387.0 420.0 290.0 331.0 329.0 479.0 308.0 383.0 378.0 430.0 377.0 279.0 305.0 296.0 324.0 362.0 306.0 300.0 282.0 328.0 300.0 359.0 182.0 333.0 313.0 284.0 298.0 478.0 321.0 379.0 382.0 251.0 245.0 285.0 317.0 255.0 380.0 508.0 343.0 284.0 294.0 275.0 237.0 227.0 614.0 437.0 443.0 327.0 389.0 339.0 322.0 270.0 254.0 344.0 477.0 379.0 400.0 495.0 268.0 407.0 277.0 205.0 466.0 286.0 405.0 399.0 250.0 345.0 401.0 405.0 429.0 
495.0 471.0 462.0 413.0 311.0 447.0 373.0 534.0 411.0 397.0 420.0 416.0 517.0 420.0 459.0 386.0 395.0 488.0 0 311.0 412.0 339.0 403.0 361.0 743.0 473.0 370.0 494.0 527.0 553.0 537.0 424.0 288.0 416.0 585.0 442.0 517.0 512.0 564.0 558.0 425.0 359.0 451.0 343.0 485.0 439.0 510.0 382.0 486.0 324.0 517.0 400.0 465.0 454.0 478.0 367.0 563.0 479.0 354.0 499.0 385.0 473.0 309.0 387.0 483.0 404.0 628.0 489.0 504.0 434.0 392.0 465.0 423.0 728.0 519.0 622.0 527.0 527.0 494.0 297.0 294.0 472.0 542.0 501.0 493.0 581.0 598.0 477.0 545.0 471.0 359.0 478.0 506.0 522.0 533.0 430.0 525.0 483.0 579.0 486.0 
184.0 160.0 151.0 114.0 195.0 220.0 62.0 294.0 184.0 86.0 400.0 227.0 206.0 109.0 241.0 165.0 203.0 177.0 311.0 0 185.0 28.0 92.0 117.0 504.0 311.0 254.0 255.0 216.0 242.0 327.0 113.0 190.0 223.0 302.0 131.0 206.0 201.0 253.0 294.0 126.0 132.0 143.0 151.0 189.0 200.0 207.0 109.0 175.0 207.0 206.0 89.0 238.0 143.0 201.0 125.0 325.0 168.0 238.0 256.0 74.0 162.0 192.0 164.0 172.0 263.0 401.0 190.0 201.0 123.0 102.0 154.0 134.0 448.0 347.0 311.0 243.0 216.0 186.0 181.0 177.0 161.0 251.0 384.0 237.0 315.0 318.0 185.0 234.0 194.0 112.0 383.0 203.0 232.0 222.0 140.0 235.0 253.0 312.0 297.0 
295.0 104.0 290.0 270.0 129.0 37.0 241.0 261.0 1.0 216.0 258.0 234.0 249.0 294.0 282.0 238.0 279.0 358.0 412.0 185.0 0 209.0 244.0 133.0 538.0 245.0 188.0 266.0 301.0 349.0 210.0 189.0 124.0 188.0 413.0 302.0 149.0 309.0 157.0 306.0 277.0 53.0 322.0 227.0 75.0 211.0 376.0 76.0 313.0 308.0 229.0 242.0 55.0 236.0 250.0 92.0 391.0 347.0 172.0 291.0 259.0 254.0 312.0 239.0 248.0 270.0 218.0 258.0 199.0 292.0 198.0 166.0 195.0 425.0 401.0 354.0 142.0 248.0 321.0 115.0 297.0 276.0 191.0 504.0 187.0 259.0 454.0 249.0 142.0 243.0 232.0 280.0 197.0 239.0 133.0 174.0 269.0 316.0 252.0 304.0 
208.0 132.0 123.0 138.0 219.0 244.0 86.0 318.0 208.0 114.0 424.0 251.0 230.0 137.0 265.0 189.0 175.0 201.0 339.0 28.0 209.0 0 116.0 141.0 476.0 335.0 278.0 279.0 240.0 266.0 339.0 141.0 214.0 224.0 330.0 159.0 234.0 229.0 243.0 318.0 150.0 156.0 167.0 123.0 161.0 224.0 231.0 133.0 199.0 231.0 230.0 113.0 262.0 167.0 225.0 149.0 349.0 192.0 262.0 280.0 102.0 186.0 216.0 188.0 196.0 287.0 425.0 214.0 184.0 147.0 74.0 178.0 158.0 470.0 339.0 335.0 236.0 188.0 210.0 205.0 201.0 185.0 275.0 408.0 265.0 287.0 323.0 209.0 258.0 218.0 136.0 407.0 182.0 204.0 250.0 112.0 207.0 225.0 336.0 273.0 
182.0 248.0 239.0 46.0 234.0 207.0 60.0 320.0 243.0 145.0 429.0 204.0 183.0 168.0 239.0 163.0 236.0 175.0 403.0 92.0 244.0 116.0 0 205.0 461.0 396.0 239.0 206.0 277.0 232.0 380.0 172.0 219.0 174.0 361.0 223.0 265.0 292.0 312.0 202.0 124.0 218.0 141.0 184.0 277.0 151.0 232.0 197.0 173.0 259.0 204.0 165.0 239.0 158.0 129.0 213.0 323.0 166.0 223.0 227.0 133.0 90.0 280.0 162.0 100.0 230.0 356.0 188.0 129.0 139.0 135.0 82.0 220.0 491.0 282.0 288.0 152.0 304.0 184.0 220.0 265.0 188.0 192.0 387.0 242.0 225.0 377.0 113.0 289.0 122.0 200.0 311.0 131.0 265.0 280.0 97.0 192.0 246.0 253.0 274.0 
293.0 235.0 264.0 227.0 78.0 168.0 175.0 288.0 132.0 203.0 283.0 183.0 304.0 226.0 236.0 265.0 241.0 273.0 361.0 117.0 133.0 141.0 205.0 0 548.0 194.0 137.0 215.0 312.0 355.0 341.0 197.0 73.0 137.0 362.0 248.0 272.0 318.0 288.0 325.0 239.0 80.0 256.0 189.0 206.0 160.0 303.0 103.0 288.0 224.0 319.0 185.0 186.0 256.0 199.0 119.0 340.0 281.0 121.0 266.0 191.0 275.0 179.0 266.0 273.0 219.0 345.0 290.0 275.0 236.0 215.0 184.0 62.0 539.0 343.0 409.0 273.0 325.0 299.0 64.0 194.0 257.0 181.0 401.0 214.0 348.0 403.0 198.0 273.0 192.0 181.0 283.0 277.0 345.0 266.0 201.0 296.0 366.0 242.0 253.0 
623.0 552.0 598.0 487.0 498.0 521.0 501.0 676.0 537.0 590.0 665.0 513.0 492.0 601.0 646.0 496.0 503.0 614.0 743.0 504.0 538.0 476.0 461.0 548.0 0 660.0 557.0 487.0 559.0 593.0 694.0 617.0 475.0 455.0 710.0 635.0 614.0 657.0 636.0 545.0 457.0 485.0 582.0 451.0 581.0 432.0 644.0 508.0 503.0 561.0 633.0 432.0 485.0 467.0 378.0 524.0 750.0 595.0 541.0 580.0 566.0 523.0 606.0 495.0 533.0 539.0 730.0 393.0 438.0 492.0 402.0 523.0 571.0 800.0 591.0 597.0 558.0 608.0 549.0 484.0 591.0 504.0 566.0 775.0 619.0 568.0 633.0 394.0 572.0 385.0 549.0 513.0 440.0 532.0 630.0 364.0 459.0 555.0 627.0 583.0 
405.0 347.0 448.0 418.0 190.0 280.0 354.0 400.0 244.0 397.0 395.0 295.0 392.0 420.0 348.0 377.0 260.0 461.0 473.0 311.0 245.0 335.0 396.0 194.0 660.0 0 249.0 327.0 406.0 488.0 453.0 391.0 185.0 249.0 474.0 442.0 384.0 448.0 400.0 437.0 409.0 192.0 329.0 301.0 318.0 272.0 420.0 215.0 332.0 248.0 284.0 279.0 298.0 367.0 311.0 231.0 452.0 415.0 233.0 378.0 385.0 400.0 293.0 378.0 390.0 331.0 461.0 345.0 286.0 353.0 337.0 378.0 256.0 651.0 330.0 497.0 385.0 485.0 286.0 176.0 278.0 351.0 375.0 485.0 326.0 460.0 491.0 310.0 385.0 304.0 293.0 395.0 284.0 467.0 378.0 313.0 408.0 455.0 436.0 365.0 
302.0 290.0 357.0 285.0 87.0 223.0 251.0 310.0 187.0 340.0 292.0 117.0 238.0 347.0 245.0 289.0 250.0 395.0 370.0 254.0 188.0 278.0 239.0 137.0 557.0 249.0 0 270.0 367.0 398.0 396.0 334.0 82.0 192.0 371.0 385.0 296.0 391.0 343.0 334.0 315.0 135.0 332.0 198.0 261.0 215.0 259.0 158.0 291.0 285.0 393.0 241.0 241.0 213.0 254.0 143.0 349.0 312.0 16.0 275.0 312.0 203.0 248.0 290.0 193.0 153.0 404.0 307.0 244.0 296.0 247.0 321.0 199.0 552.0 379.0 343.0 189.0 375.0 337.0 73.0 255.0 313.0 285.0 456.0 269.0 357.0 412.0 253.0 328.0 247.0 190.0 292.0 246.0 377.0 312.0 256.0 351.0 343.0 346.0 187.0 
309.0 185.0 371.0 232.0 211.0 299.0 218.0 421.0 265.0 309.0 416.0 305.0 284.0 364.0 276.0 321.0 374.0 361.0 494.0 255.0 266.0 279.0 206.0 215.0 487.0 327.0 270.0 0 270.0 364.0 472.0 335.0 206.0 78.0 495.0 383.0 326.0 392.0 296.0 262.0 282.0 213.0 221.0 322.0 214.0 55.0 312.0 236.0 310.0 408.0 356.0 327.0 317.0 221.0 109.0 252.0 450.0 324.0 254.0 297.0 329.0 222.0 393.0 320.0 232.0 341.0 482.0 231.0 290.0 136.0 320.0 268.0 277.0 575.0 393.0 389.0 328.0 314.0 264.0 197.0 378.0 374.0 324.0 573.0 260.0 285.0 536.0 93.0 404.0 102.0 314.0 416.0 292.0 450.0 342.0 283.0 378.0 357.0 385.0 375.0 
353.0 197.0 317.0 303.0 317.0 336.0 274.0 449.0 300.0 302.0 522.0 250.0 229.0 325.0 410.0 371.0 334.0 309.0 527.0 216.0 301.0 240.0 277.0 312.0 559.0 406.0 367.0 270.0 0 424.0 446.0 329.0 312.0 343.0 489.0 347.0 338.0 417.0 308.0 364.0 332.0 316.0 265.0 282.0 226.0 320.0 174.0 321.0 282.0 256.0 369.0 127.0 354.0 154.0 374.0 337.0 494.0 366.0 352.0 305.0 290.0 295.0 301.0 370.0 285.0 280.0 453.0 298.0 235.0 335.0 233.0 339.0 266.0 305.0 370.0 334.0 281.0 341.0 308.0 303.0 286.0 199.0 289.0 493.0 418.0 352.0 531.0 358.0 386.0 367.0 244.0 522.0 237.0 363.0 354.0 195.0 290.0 334.0 350.0 320.0 
332.0 398.0 370.0 258.0 339.0 384.0 210.0 424.0 348.0 328.0 544.0 378.0 317.0 351.0 389.0 313.0 368.0 387.0 553.0 242.0 349.0 266.0 232.0 355.0 593.0 488.0 398.0 364.0 424.0 0 557.0 355.0 334.0 332.0 544.0 373.0 402.0 443.0 495.0 432.0 274.0 296.0 291.0 316.0 422.0 309.0 382.0 273.0 323.0 419.0 354.0 297.0 395.0 332.0 287.0 257.0 473.0 316.0 382.0 373.0 316.0 196.0 430.0 312.0 206.0 404.0 462.0 338.0 303.0 289.0 267.0 294.0 372.0 665.0 456.0 422.0 312.0 442.0 334.0 325.0 415.0 369.0 298.0 579.0 392.0 455.0 446.0 271.0 395.0 280.0 350.0 523.0 305.0 397.0 386.0 229.0 134.0 420.0 359.0 448.0 
449.0 312.0 308.0 406.0 337.0 173.0 385.0 469.0 209.0 370.0 411.0 361.0 340.0 335.0 436.0 362.0 433.0 420.0 537.0 327.0 210.0 339.0 380.0 341.0 694.0 453.0 396.0 472.0 446.0 557.0 0 343.0 332.0 396.0 586.0 383.0 359.0 425.0 365.0 504.0 399.0 261.0 466.0 381.0 283.0 417.0 450.0 284.0 393.0 425.0 437.0 332.0 209.0 315.0 458.0 300.0 590.0 477.0 380.0 466.0 300.0 408.0 410.0 361.0 402.0 397.0 426.0 384.0 325.0 350.0 357.0 302.0 377.0 315.0 364.0 445.0 296.0 456.0 434.0 323.0 395.0 404.0 393.0 602.0 395.0 467.0 525.0 448.0 296.0 451.0 355.0 487.0 323.0 393.0 343.0 368.0 439.0 206.0 454.0 431.0 
297.0 273.0 264.0 218.0 275.0 170.0 175.0 361.0 188.0 27.0 447.0 334.0 313.0 174.0 354.0 278.0 316.0 290.0 424.0 113.0 189.0 141.0 172.0 197.0 617.0 391.0 334.0 335.0 329.0 355.0 343.0 0 270.0 303.0 243.0 244.0 210.0 298.0 318.0 374.0 239.0 199.0 256.0 264.0 262.0 280.0 320.0 176.0 288.0 320.0 319.0 202.0 188.0 256.0 259.0 192.0 438.0 281.0 318.0 369.0 139.0 262.0 305.0 277.0 272.0 370.0 405.0 303.0 298.0 236.0 215.0 254.0 247.0 513.0 429.0 418.0 275.0 329.0 273.0 261.0 290.0 274.0 364.0 497.0 124.0 397.0 383.0 243.0 275.0 252.0 225.0 404.0 296.0 345.0 194.0 253.0 348.0 366.0 406.0 404.0 
228.0 226.0 329.0 241.0 23.0 159.0 177.0 246.0 123.0 276.0 210.0 128.0 249.0 294.0 171.0 225.0 176.0 331.0 288.0 190.0 124.0 214.0 219.0 73.0 475.0 185.0 82.0 206.0 312.0 334.0 332.0 270.0 0 128.0 297.0 321.0 232.0 327.0 279.0 270.0 241.0 71.0 258.0 124.0 197.0 151.0 270.0 94.0 292.0 221.0 321.0 185.0 177.0 224.0 190.0 79.0 275.0 248.0 66.0 211.0 259.0 253.0 206.0 226.0 243.0 164.0 340.0 281.0 218.0 232.0 173.0 257.0 135.0 499.0 308.0 354.0 239.0 364.0 301.0 9.0 191.0 257.0 254.0 398.0 205.0 293.0 330.0 189.0 264.0 183.0 126.0 210.0 220.0 303.0 248.0 192.0 287.0 354.0 291.0 198.0 
255.0 180.0 347.0 200.0 133.0 223.0 186.0 343.0 187.0 277.0 338.0 238.0 252.0 332.0 198.0 256.0 296.0 329.0 416.0 223.0 188.0 224.0 174.0 137.0 455.0 249.0 192.0 78.0 343.0 332.0 396.0 303.0 128.0 0 417.0 354.0 321.0 360.0 291.0 230.0 217.0 135.0 189.0 244.0 209.0 23.0 280.0 158.0 278.0 331.0 324.0 249.0 241.0 189.0 77.0 174.0 395.0 292.0 176.0 265.0 297.0 190.0 316.0 255.0 200.0 274.0 404.0 153.0 216.0 104.0 242.0 236.0 199.0 566.0 335.0 357.0 296.0 236.0 232.0 119.0 301.0 321.0 292.0 508.0 228.0 253.0 458.0 61.0 328.0 70.0 236.0 338.0 214.0 372.0 321.0 251.0 346.0 357.0 353.0 308.0 
470.0 462.0 425.0 407.0 312.0 413.0 348.0 535.0 412.0 216.0 507.0 363.0 360.0 363.0 460.0 323.0 465.0 479.0 585.0 302.0 413.0 330.0 361.0 362.0 710.0 474.0 371.0 495.0 489.0 544.0 586.0 243.0 297.0 417.0 0 433.0 453.0 487.0 504.0 353.0 284.0 360.0 429.0 413.0 486.0 440.0 433.0 383.0 371.0 467.0 460.0 391.0 431.0 335.0 448.0 368.0 564.0 422.0 355.0 412.0 328.0 451.0 422.0 322.0 461.0 327.0 629.0 348.0 324.0 425.0 383.0 443.0 424.0 642.0 433.0 465.0 467.0 518.0 417.0 298.0 437.0 463.0 543.0 644.0 367.0 400.0 572.0 432.0 484.0 441.0 414.0 507.0 326.0 513.0 437.0 346.0 441.0 397.0 551.0 433.0 
315.0 198.0 237.0 245.0 326.0 337.0 193.0 425.0 301.0 217.0 531.0 303.0 300.0 240.0 372.0 296.0 334.0 308.0 442.0 131.0 302.0 159.0 223.0 248.0 635.0 442.0 385.0 383.0 347.0 373.0 383.0 244.0 321.0 354.0 433.0 0 337.0 332.0 243.0 400.0 257.0 263.0 274.0 282.0 227.0 331.0 338.0 240.0 306.0 338.0 337.0 220.0 355.0 274.0 332.0 256.0 456.0 299.0 369.0 387.0 205.0 293.0 323.0 295.0 303.0 267.0 518.0 321.0 264.0 254.0 233.0 285.0 265.0 579.0 373.0 405.0 374.0 342.0 317.0 312.0 308.0 292.0 382.0 515.0 368.0 353.0 437.0 316.0 365.0 325.0 243.0 514.0 266.0 363.0 353.0 271.0 366.0 337.0 435.0 373.0 
390.0 141.0 327.0 311.0 237.0 186.0 268.0 322.0 150.0 237.0 386.0 342.0 327.0 267.0 342.0 299.0 392.0 383.0 517.0 206.0 149.0 234.0 265.0 272.0 614.0 384.0 296.0 326.0 338.0 402.0 359.0 210.0 232.0 321.0 453.0 337.0 0 391.0 194.0 211.0 332.0 192.0 349.0 340.0 112.0 344.0 381.0 169.0 351.0 369.0 266.0 295.0 204.0 348.0 351.0 153.0 499.0 374.0 280.0 270.0 232.0 206.0 374.0 300.0 216.0 378.0 367.0 396.0 348.0 329.0 291.0 315.0 334.0 501.0 414.0 432.0 291.0 285.0 320.0 223.0 359.0 367.0 308.0 558.0 326.0 258.0 476.0 335.0 291.0 344.0 318.0 194.0 346.0 388.0 16.0 313.0 408.0 256.0 320.0 412.0 
332.0 361.0 326.0 315.0 332.0 344.0 263.0 418.0 308.0 271.0 537.0 328.0 307.0 124.0 389.0 366.0 404.0 378.0 512.0 201.0 309.0 229.0 292.0 318.0 657.0 448.0 391.0 392.0 417.0 443.0 425.0 298.0 327.0 360.0 487.0 332.0 391.0 0 438.0 379.0 327.0 256.0 244.0 352.0 371.0 337.0 335.0 233.0 239.0 321.0 377.0 290.0 362.0 282.0 391.0 249.0 473.0 369.0 375.0 320.0 159.0 363.0 306.0 365.0 373.0 328.0 525.0 334.0 271.0 324.0 303.0 355.0 335.0 469.0 260.0 412.0 414.0 417.0 285.0 318.0 291.0 340.0 452.0 498.0 334.0 402.0 403.0 375.0 435.0 384.0 313.0 537.0 273.0 433.0 407.0 293.0 388.0 224.0 463.0 361.0 
393.0 111.0 297.0 353.0 284.0 192.0 315.0 416.0 156.0 291.0 415.0 265.0 244.0 314.0 420.0 370.0 362.0 430.0 564.0 253.0 157.0 243.0 312.0 288.0 636.0 400.0 343.0 296.0 308.0 495.0 365.0 318.0 279.0 291.0 504.0 243.0 194.0 438.0 0 313.0 352.0 208.0 371.0 310.0 82.0 314.0 407.0 231.0 297.0 278.0 236.0 340.0 210.0 219.0 368.0 247.0 534.0 280.0 327.0 298.0 279.0 357.0 323.0 369.0 347.0 301.0 373.0 313.0 250.0 376.0 261.0 321.0 350.0 459.0 372.0 349.0 297.0 255.0 328.0 270.0 308.0 412.0 348.0 515.0 342.0 266.0 497.0 352.0 297.0 361.0 365.0 388.0 252.0 391.0 210.0 272.0 367.0 214.0 290.0 335.0 
188.0 202.0 388.0 248.0 275.0 341.0 262.0 362.0 305.0 347.0 480.0 306.0 285.0 255.0 131.0 301.0 384.0 377.0 558.0 294.0 306.0 318.0 202.0 325.0 545.0 437.0 334.0 262.0 364.0 432.0 504.0 374.0 270.0 230.0 353.0 400.0 211.0 379.0 313.0 0 306.0 323.0 229.0 338.0 231.0 207.0 320.0 346.0 140.0 385.0 278.0 268.0 359.0 260.0 167.0 331.0 329.0 368.0 318.0 59.0 290.0 290.0 401.0 300.0 300.0 332.0 522.0 242.0 179.0 267.0 289.0 284.0 387.0 578.0 268.0 390.0 354.0 346.0 186.0 261.0 386.0 340.0 392.0 347.0 375.0 47.0 429.0 169.0 419.0 160.0 378.0 325.0 181.0 419.0 195.0 253.0 301.0 348.0 439.0 376.0 
186.0 249.0 141.0 146.0 256.0 285.0 64.0 354.0 276.0 212.0 420.0 211.0 208.0 231.0 243.0 39.0 200.0 279.0 425.0 126.0 277.0 150.0 124.0 239.0 457.0 409.0 315.0 282.0 332.0 274.0 399.0 239.0 241.0 217.0 284.0 257.0 332.0 327.0 352.0 306.0 0 224.0 145.0 148.0 278.0 227.0 236.0 201.0 198.0 254.0 176.0 205.0 304.0 183.0 233.0 185.0 327.0 138.0 299.0 279.0 196.0 194.0 270.0 38.0 204.0 175.0 460.0 64.0 127.0 161.0 99.0 186.0 256.0 438.0 281.0 313.0 276.0 305.0 164.0 242.0 284.0 241.0 296.0 491.0 246.0 329.0 407.0 217.0 245.0 226.0 234.0 415.0 125.0 229.0 348.0 137.0 232.0 193.0 357.0 267.0 
291.0 155.0 279.0 242.0 76.0 88.0 190.0 208.0 52.0 218.0 281.0 181.0 249.0 241.0 234.0 185.0 239.0 305.0 359.0 132.0 53.0 156.0 218.0 80.0 485.0 192.0 135.0 213.0 316.0 296.0 261.0 199.0 71.0 135.0 360.0 263.0 192.0 256.0 208.0 323.0 224.0 0 271.0 187.0 126.0 158.0 323.0 23.0 260.0 255.0 280.0 189.0 106.0 224.0 197.0 39.0 338.0 296.0 119.0 264.0 206.0 286.0 259.0 186.0 276.0 217.0 269.0 258.0 195.0 239.0 145.0 217.0 142.0 459.0 348.0 354.0 193.0 299.0 293.0 62.0 244.0 223.0 244.0 451.0 134.0 310.0 401.0 196.0 193.0 190.0 179.0 281.0 197.0 275.0 186.0 121.0 216.0 312.0 253.0 251.0 
88.0 299.0 272.0 163.0 273.0 303.0 81.0 433.0 321.0 229.0 430.0 233.0 242.0 204.0 145.0 170.0 308.0 296.0 451.0 143.0 322.0 167.0 141.0 256.0 582.0 329.0 332.0 221.0 265.0 291.0 466.0 256.0 258.0 189.0 429.0 274.0 349.0 244.0 371.0 229.0 145.0 271.0 0 256.0 289.0 166.0 91.0 248.0 89.0 187.0 135.0 228.0 321.0 217.0 220.0 264.0 229.0 187.0 316.0 170.0 177.0 211.0 172.0 169.0 221.0 197.0 477.0 209.0 206.0 178.0 241.0 203.0 273.0 550.0 282.0 347.0 293.0 355.0 43.0 259.0 157.0 300.0 313.0 364.0 163.0 227.0 421.0 204.0 276.0 213.0 222.0 316.0 208.0 371.0 365.0 218.0 313.0 305.0 374.0 303.0 
247.0 199.0 246.0 210.0 139.0 208.0 175.0 362.0 226.0 237.0 334.0 236.0 215.0 260.0 287.0 187.0 52.0 324.0 343.0 151.0 227.0 123.0 184.0 189.0 451.0 301.0 198.0 322.0 282.0 316.0 381.0 264.0 124.0 244.0 413.0 282.0 340.0 352.0 310.0 338.0 148.0 187.0 256.0 0 228.0 267.0 347.0 210.0 226.0 209.0 319.0 155.0 172.0 190.0 293.0 195.0 388.0 281.0 182.0 307.0 225.0 254.0 254.0 186.0 264.0 262.0 443.0 212.0 161.0 270.0 49.0 246.0 251.0 523.0 314.0 320.0 259.0 255.0 272.0 125.0 239.0 227.0 289.0 446.0 231.0 354.0 446.0 277.0 259.0 286.0 242.0 334.0 163.0 179.0 356.0 87.0 182.0 278.0 350.0 306.0 
368.0 29.0 215.0 299.0 202.0 110.0 247.0 334.0 74.0 275.0 333.0 307.0 288.0 298.0 338.0 311.0 280.0 362.0 485.0 189.0 75.0 161.0 277.0 206.0 581.0 318.0 261.0 214.0 226.0 422.0 283.0 262.0 197.0 209.0 486.0 227.0 112.0 371.0 82.0 231.0 278.0 126.0 289.0 228.0 0 232.0 369.0 149.0 292.0 305.0 154.0 274.0 128.0 263.0 286.0 165.0 464.0 353.0 245.0 216.0 263.0 275.0 290.0 312.0 265.0 343.0 291.0 331.0 272.0 308.0 179.0 239.0 268.0 498.0 416.0 393.0 215.0 173.0 246.0 188.0 275.0 343.0 266.0 482.0 260.0 184.0 415.0 270.0 215.0 279.0 297.0 306.0 270.0 309.0 128.0 217.0 312.0 258.0 208.0 377.0 
254.0 203.0 341.0 177.0 156.0 244.0 163.0 366.0 210.0 254.0 361.0 250.0 229.0 309.0 221.0 266.0 319.0 306.0 439.0 200.0 211.0 224.0 151.0 160.0 432.0 272.0 215.0 55.0 320.0 309.0 417.0 280.0 151.0 23.0 440.0 331.0 344.0 337.0 314.0 207.0 227.0 158.0 166.0 267.0 232.0 0 257.0 181.0 255.0 353.0 301.0 272.0 262.0 166.0 54.0 197.0 395.0 269.0 199.0 242.0 274.0 167.0 338.0 265.0 177.0 286.0 427.0 176.0 235.0 81.0 265.0 213.0 222.0 543.0 358.0 334.0 273.0 259.0 209.0 142.0 323.0 319.0 269.0 518.0 205.0 230.0 481.0 38.0 349.0 47.0 259.0 361.0 237.0 395.0 344.0 228.0 323.0 334.0 330.0 320.0 
179.0 340.0 354.0 254.0 275.0 394.0 172.0 497.0 375.0 293.0 480.0 142.0 263.0 295.0 236.0 261.0 392.0 300.0 510.0 207.0 376.0 231.0 232.0 303.0 644.0 420.0 259.0 312.0 174.0 382.0 450.0 320.0 270.0 280.0 433.0 338.0 381.0 335.0 407.0 320.0 236.0 323.0 91.0 347.0 369.0 257.0 0 312.0 180.0 246.0 226.0 212.0 363.0 238.0 311.0 328.0 320.0 278.0 275.0 261.0 268.0 302.0 201.0 260.0 312.0 106.0 433.0 300.0 259.0 269.0 305.0 294.0 257.0 479.0 368.0 368.0 366.0 396.0 134.0 261.0 216.0 284.0 374.0 423.0 254.0 318.0 512.0 295.0 367.0 304.0 235.0 407.0 261.0 435.0 397.0 280.0 375.0 332.0 330.0 212.0 
289.0 178.0 256.0 219.0 99.0 111.0 167.0 185.0 75.0 195.0 304.0 204.0 236.0 218.0 257.0 162.0 262.0 282.0 382.0 109.0 76.0 133.0 197.0 103.0 508.0 215.0 158.0 236.0 321.0 273.0 284.0 176.0 94.0 158.0 383.0 240.0 169.0 233.0 231.0 346.0 201.0 23.0 248.0 210.0 149.0 181.0 312.0 0 280.0 232.0 268.0 194.0 129.0 211.0 220.0 16.0 361.0 273.0 142.0 287.0 183.0 267.0 277.0 163.0 277.0 240.0 292.0 265.0 218.0 228.0 168.0 240.0 165.0 436.0 363.0 341.0 216.0 321.0 270.0 85.0 262.0 200.0 267.0 434.0 157.0 333.0 424.0 219.0 216.0 213.0 202.0 304.0 219.0 298.0 185.0 144.0 239.0 318.0 230.0 274.0 
177.0 318.0 263.0 195.0 297.0 279.0 143.0 388.0 312.0 261.0 341.0 174.0 153.0 115.0 234.0 161.0 244.0 328.0 486.0 175.0 313.0 199.0 173.0 288.0 503.0 332.0 291.0 310.0 282.0 323.0 393.0 288.0 292.0 278.0 371.0 306.0 351.0 239.0 297.0 140.0 198.0 260.0 89.0 226.0 292.0 255.0 180.0 280.0 0 245.0 138.0 207.0 307.0 128.0 282.0 273.0 318.0 249.0 291.0 81.0 150.0 234.0 261.0 160.0 224.0 200.0 480.0 180.0 117.0 222.0 177.0 235.0 305.0 461.0 252.0 258.0 220.0 383.0 46.0 283.0 246.0 279.0 316.0 369.0 235.0 163.0 394.0 266.0 279.0 275.0 283.0 405.0 119.0 307.0 335.0 139.0 234.0 216.0 377.0 244.0 
275.0 334.0 319.0 242.0 226.0 329.0 209.0 383.0 307.0 293.0 382.0 176.0 290.0 307.0 332.0 215.0 261.0 300.0 324.0 207.0 308.0 231.0 259.0 224.0 561.0 248.0 285.0 408.0 256.0 419.0 425.0 320.0 221.0 331.0 467.0 338.0 369.0 321.0 278.0 385.0 254.0 255.0 187.0 209.0 305.0 353.0 246.0 232.0 245.0 0 232.0 129.0 354.0 265.0 357.0 216.0 416.0 217.0 269.0 326.0 272.0 297.0 45.0 216.0 287.0 140.0 455.0 293.0 234.0 282.0 235.0 300.0 178.0 464.0 255.0 395.0 283.0 419.0 199.0 212.0 30.0 201.0 291.0 237.0 239.0 408.0 416.0 341.0 373.0 350.0 95.0 431.0 232.0 365.0 385.0 197.0 292.0 219.0 352.0 246.0 
223.0 183.0 164.0 226.0 334.0 264.0 144.0 419.0 228.0 292.0 340.0 312.0 291.0 253.0 280.0 215.0 356.0 359.0 517.0 206.0 229.0 230.0 204.0 319.0 633.0 284.0 393.0 356.0 369.0 354.0 437.0 319.0 321.0 324.0 460.0 337.0 266.0 377.0 236.0 278.0 176.0 280.0 135.0 319.0 154.0 301.0 226.0 268.0 138.0 232.0 0 242.0 228.0 266.0 313.0 252.0 364.0 218.0 377.0 219.0 226.0 274.0 277.0 214.0 284.0 332.0 402.0 240.0 255.0 241.0 275.0 266.0 336.0 511.0 390.0 396.0 315.0 327.0 92.0 320.0 262.0 292.0 238.0 456.0 281.0 301.0 430.0 297.0 141.0 306.0 314.0 378.0 257.0 262.0 282.0 277.0 372.0 266.0 299.0 382.0 
269.0 245.0 190.0 191.0 190.0 277.0 147.0 322.0 241.0 175.0 395.0 217.0 196.0 198.0 326.0 244.0 207.0 182.0 400.0 89.0 242.0 113.0 165.0 185.0 432.0 279.0 241.0 327.0 127.0 297.0 332.0 202.0 185.0 249.0 391.0 220.0 295.0 290.0 340.0 268.0 205.0 189.0 228.0 155.0 274.0 272.0 212.0 194.0 207.0 129.0 242.0 0 241.0 171.0 274.0 210.0 410.0 239.0 225.0 209.0 163.0 168.0 174.0 243.0 158.0 243.0 326.0 205.0 142.0 208.0 106.0 227.0 139.0 432.0 295.0 301.0 154.0 301.0 253.0 176.0 159.0 72.0 162.0 366.0 291.0 291.0 407.0 258.0 259.0 267.0 117.0 395.0 144.0 236.0 311.0 68.0 163.0 259.0 223.0 287.0 
294.0 157.0 343.0 269.0 182.0 36.0 240.0 314.0 54.0 215.0 262.0 287.0 194.0 335.0 281.0 271.0 224.0 333.0 465.0 238.0 55.0 262.0 239.0 186.0 485.0 298.0 241.0 317.0 354.0 395.0 209.0 188.0 177.0 241.0 431.0 355.0 204.0 362.0 210.0 359.0 304.0 106.0 321.0 172.0 128.0 262.0 363.0 129.0 307.0 354.0 228.0 241.0 0 235.0 303.0 145.0 435.0 346.0 225.0 311.0 300.0 199.0 348.0 270.0 193.0 323.0 271.0 257.0 198.0 337.0 221.0 165.0 248.0 424.0 403.0 299.0 87.0 301.0 320.0 168.0 333.0 313.0 184.0 456.0 240.0 312.0 507.0 300.0 87.0 296.0 268.0 332.0 196.0 184.0 188.0 227.0 322.0 315.0 245.0 357.0 
271.0 291.0 282.0 184.0 229.0 217.0 198.0 364.0 235.0 229.0 434.0 96.0 75.0 184.0 328.0 222.0 242.0 313.0 454.0 143.0 236.0 167.0 158.0 256.0 467.0 367.0 213.0 221.0 154.0 332.0 315.0 256.0 224.0 189.0 335.0 274.0 348.0 282.0 219.0 260.0 183.0 224.0 217.0 190.0 263.0 166.0 238.0 211.0 128.0 265.0 266.0 171.0 235.0 0 220.0 195.0 412.0 304.0 229.0 209.0 149.0 196.0 227.0 221.0 186.0 132.0 442.0 144.0 81.0 247.0 141.0 220.0 273.0 389.0 216.0 180.0 182.0 347.0 174.0 215.0 242.0 243.0 278.0 449.0 349.0 283.0 377.0 204.0 322.0 213.0 251.0 434.0 83.0 271.0 364.0 103.0 198.0 180.0 339.0 166.0 
291.0 257.0 312.0 155.0 195.0 285.0 169.0 405.0 249.0 232.0 400.0 300.0 266.0 297.0 272.0 272.0 345.0 284.0 478.0 201.0 250.0 225.0 129.0 199.0 378.0 311.0 254.0 109.0 374.0 287.0 458.0 259.0 190.0 77.0 448.0 332.0 351.0 391.0 368.0 167.0 233.0 197.0 220.0 293.0 286.0 54.0 311.0 220.0 282.0 357.0 313.0 274.0 303.0 220.0 0 236.0 432.0 275.0 238.0 202.0 262.0 145.0 367.0 271.0 155.0 336.0 411.0 230.0 238.0 114.0 244.0 191.0 261.0 597.0 391.0 371.0 219.0 313.0 263.0 181.0 363.0 297.0 247.0 490.0 259.0 190.0 506.0 16.0 344.0 7.0 298.0 400.0 240.0 374.0 335.0 206.0 301.0 355.0 308.0 370.0 
299.0 194.0 250.0 235.0 84.0 127.0 183.0 169.0 91.0 211.0 289.0 189.0 220.0 215.0 242.0 146.0 247.0 298.0 367.0 125.0 92.0 149.0 213.0 119.0 524.0 231.0 143.0 252.0 337.0 257.0 300.0 192.0 79.0 174.0 368.0 256.0 153.0 249.0 247.0 331.0 185.0 39.0 264.0 195.0 165.0 197.0 328.0 16.0 273.0 216.0 252.0 210.0 145.0 195.0 236.0 0 346.0 289.0 127.0 272.0 180.0 283.0 261.0 147.0 293.0 225.0 308.0 249.0 205.0 244.0 184.0 256.0 181.0 420.0 361.0 325.0 232.0 337.0 254.0 70.0 246.0 216.0 275.0 450.0 173.0 349.0 409.0 235.0 232.0 229.0 187.0 289.0 203.0 314.0 169.0 160.0 255.0 302.0 214.0 259.0 
141.0 481.0 468.0 345.0 290.0 417.0 263.0 513.0 390.0 411.0 485.0 395.0 471.0 433.0 198.0 366.0 440.0 478.0 563.0 325.0 391.0 349.0 323.0 340.0 750.0 452.0 349.0 450.0 494.0 473.0 590.0 438.0 275.0 395.0 564.0 456.0 499.0 473.0 534.0 329.0 327.0 338.0 229.0 388.0 464.0 395.0 320.0 361.0 318.0 416.0 364.0 410.0 435.0 412.0 432.0 346.0 0 369.0 333.0 364.0 399.0 393.0 401.0 365.0 403.0 426.0 607.0 391.0 432.0 360.0 423.0 385.0 402.0 738.0 335.0 576.0 475.0 537.0 272.0 276.0 386.0 482.0 495.0 513.0 392.0 352.0 496.0 416.0 505.0 425.0 393.0 467.0 434.0 553.0 515.0 400.0 495.0 493.0 556.0 465.0 
228.0 324.0 279.0 188.0 253.0 328.0 106.0 458.0 346.0 254.0 458.0 333.0 302.0 277.0 285.0 177.0 333.0 321.0 479.0 168.0 347.0 192.0 166.0 281.0 595.0 415.0 312.0 324.0 366.0 316.0 477.0 281.0 248.0 292.0 422.0 299.0 374.0 369.0 280.0 368.0 138.0 296.0 187.0 281.0 353.0 269.0 278.0 273.0 249.0 217.0 218.0 239.0 346.0 304.0 275.0 289.0 369.0 0 296.0 330.0 242.0 181.0 202.0 176.0 191.0 297.0 447.0 202.0 265.0 203.0 237.0 228.0 284.0 576.0 412.0 407.0 297.0 380.0 230.0 239.0 187.0 311.0 283.0 394.0 288.0 391.0 316.0 259.0 359.0 268.0 122.0 457.0 263.0 367.0 371.0 243.0 338.0 331.0 344.0 403.0 
286.0 274.0 341.0 269.0 71.0 207.0 235.0 294.0 171.0 324.0 276.0 133.0 254.0 342.0 229.0 273.0 234.0 379.0 354.0 238.0 172.0 262.0 223.0 121.0 541.0 233.0 16.0 254.0 352.0 382.0 380.0 318.0 66.0 176.0 355.0 369.0 280.0 375.0 327.0 318.0 299.0 119.0 316.0 182.0 245.0 199.0 275.0 142.0 291.0 269.0 377.0 225.0 225.0 229.0 238.0 127.0 333.0 296.0 0 259.0 307.0 187.0 254.0 274.0 177.0 169.0 388.0 323.0 260.0 280.0 231.0 305.0 183.0 547.0 366.0 359.0 173.0 359.0 337.0 57.0 239.0 297.0 269.0 440.0 253.0 341.0 396.0 237.0 312.0 231.0 174.0 276.0 262.0 361.0 296.0 240.0 335.0 359.0 330.0 203.0 
223.0 237.0 344.0 238.0 216.0 293.0 224.0 421.0 290.0 342.0 421.0 255.0 234.0 196.0 166.0 242.0 325.0 382.0 499.0 256.0 291.0 280.0 227.0 266.0 580.0 378.0 275.0 297.0 305.0 373.0 466.0 369.0 211.0 265.0 412.0 387.0 270.0 320.0 298.0 59.0 279.0 264.0 170.0 307.0 216.0 242.0 261.0 287.0 81.0 326.0 219.0 209.0 311.0 209.0 202.0 272.0 364.0 330.0 259.0 0 231.0 231.0 342.0 241.0 241.0 281.0 497.0 261.0 198.0 302.0 258.0 289.0 328.0 538.0 303.0 339.0 301.0 381.0 127.0 202.0 327.0 281.0 333.0 288.0 316.0 82.0 464.0 204.0 360.0 195.0 319.0 360.0 200.0 388.0 254.0 220.0 242.0 297.0 394.0 325.0 
258.0 234.0 225.0 179.0 264.0 294.0 136.0 349.0 258.0 112.0 469.0 195.0 174.0 35.0 315.0 235.0 277.0 251.0 385.0 74.0 259.0 102.0 133.0 191.0 566.0 385.0 312.0 329.0 290.0 316.0 300.0 139.0 259.0 297.0 328.0 205.0 232.0 159.0 279.0 290.0 196.0 206.0 177.0 225.0 263.0 274.0 268.0 183.0 150.0 272.0 226.0 163.0 300.0 149.0 262.0 180.0 399.0 242.0 307.0 231.0 0 223.0 266.0 234.0 233.0 231.0 457.0 218.0 159.0 197.0 176.0 215.0 208.0 374.0 315.0 279.0 281.0 290.0 134.0 250.0 251.0 181.0 325.0 458.0 263.0 313.0 244.0 246.0 308.0 255.0 186.0 426.0 157.0 306.0 248.0 202.0 297.0 232.0 354.0 265.0 
252.0 246.0 174.0 116.0 258.0 235.0 130.0 284.0 253.0 235.0 398.0 242.0 121.0 258.0 309.0 233.0 306.0 245.0 473.0 162.0 254.0 186.0 90.0 275.0 523.0 400.0 203.0 222.0 295.0 196.0 408.0 262.0 253.0 190.0 451.0 293.0 206.0 363.0 357.0 290.0 194.0 286.0 211.0 254.0 275.0 167.0 302.0 267.0 234.0 297.0 274.0 168.0 199.0 196.0 145.0 283.0 393.0 181.0 187.0 231.0 223.0 0 342.0 232.0 10.0 278.0 266.0 258.0 199.0 209.0 205.0 152.0 221.0 521.0 352.0 226.0 116.0 246.0 254.0 244.0 327.0 240.0 102.0 383.0 291.0 313.0 440.0 129.0 199.0 138.0 270.0 381.0 201.0 320.0 190.0 167.0 262.0 276.0 163.0 312.0 
260.0 319.0 306.0 287.0 211.0 314.0 250.0 428.0 311.0 278.0 367.0 131.0 252.0 301.0 317.0 260.0 306.0 285.0 309.0 192.0 312.0 216.0 280.0 179.0 606.0 293.0 248.0 393.0 301.0 430.0 410.0 305.0 206.0 316.0 422.0 323.0 374.0 306.0 323.0 401.0 270.0 259.0 172.0 254.0 290.0 338.0 201.0 277.0 261.0 45.0 277.0 174.0 348.0 227.0 367.0 261.0 401.0 202.0 254.0 342.0 266.0 342.0 0 261.0 332.0 95.0 416.0 311.0 248.0 267.0 280.0 255.0 133.0 449.0 240.0 357.0 328.0 396.0 215.0 197.0 15.0 246.0 252.0 222.0 284.0 399.0 401.0 365.0 349.0 371.0 80.0 416.0 250.0 410.0 390.0 242.0 337.0 204.0 313.0 201.0 
224.0 287.0 103.0 184.0 231.0 274.0 102.0 316.0 238.0 250.0 382.0 249.0 246.0 269.0 281.0 1.0 238.0 317.0 387.0 164.0 239.0 188.0 162.0 266.0 495.0 378.0 290.0 320.0 370.0 312.0 361.0 277.0 226.0 255.0 322.0 295.0 300.0 365.0 369.0 300.0 38.0 186.0 169.0 186.0 312.0 265.0 260.0 163.0 160.0 216.0 214.0 243.0 270.0 221.0 271.0 147.0 365.0 176.0 274.0 241.0 234.0 232.0 261.0 0 242.0 213.0 455.0 102.0 165.0 199.0 137.0 224.0 294.0 400.0 313.0 351.0 314.0 343.0 126.0 217.0 246.0 231.0 304.0 453.0 284.0 323.0 369.0 255.0 207.0 264.0 272.0 436.0 163.0 267.0 316.0 175.0 270.0 155.0 361.0 305.0 
262.0 236.0 164.0 126.0 248.0 229.0 140.0 274.0 247.0 245.0 388.0 232.0 111.0 268.0 319.0 243.0 316.0 255.0 483.0 172.0 248.0 196.0 100.0 273.0 533.0 390.0 193.0 232.0 285.0 206.0 402.0 272.0 243.0 200.0 461.0 303.0 216.0 373.0 347.0 300.0 204.0 276.0 221.0 264.0 265.0 177.0 312.0 277.0 224.0 287.0 284.0 158.0 193.0 186.0 155.0 293.0 403.0 191.0 177.0 241.0 233.0 10.0 332.0 242.0 0 268.0 256.0 268.0 209.0 219.0 215.0 162.0 211.0 511.0 352.0 216.0 106.0 236.0 246.0 234.0 317.0 230.0 92.0 373.0 301.0 323.0 430.0 139.0 189.0 148.0 275.0 391.0 211.0 310.0 200.0 177.0 272.0 266.0 153.0 302.0 
285.0 363.0 316.0 256.0 169.0 305.0 239.0 392.0 269.0 343.0 374.0 36.0 157.0 266.0 327.0 214.0 314.0 380.0 404.0 263.0 270.0 287.0 230.0 219.0 539.0 331.0 153.0 341.0 280.0 404.0 397.0 370.0 164.0 274.0 327.0 267.0 378.0 328.0 301.0 332.0 175.0 217.0 197.0 262.0 343.0 286.0 106.0 240.0 200.0 140.0 332.0 243.0 323.0 132.0 336.0 225.0 426.0 297.0 169.0 281.0 231.0 278.0 95.0 213.0 268.0 0 327.0 216.0 153.0 336.0 213.0 292.0 228.0 471.0 262.0 262.0 264.0 419.0 240.0 155.0 110.0 315.0 285.0 317.0 351.0 355.0 423.0 323.0 375.0 329.0 175.0 374.0 155.0 343.0 394.0 175.0 270.0 226.0 224.0 106.0 
