51
85 7 13 50 87 49 18 5 33 95 74 55 30 35 65 15 64 66 70 88 26 94 84 10 11 36 53 47 41 28 60 78 39 2 38 45 0 6 69 19 61 24 59 96 29 54 79 21 42 77 71
0 189.0 256.0 466.0 141.0 203.0 111.0 306.0 265.0 380.0 196.0 412.0 246.0 286.0 215.0 173.0 389.0 400.0 142.0 263.0 172.0 212.0 293.0 128.0 231.0 195.0 189.0 122.0 304.0 198.0 286.0 182.0 103.0 190.0 320.0 305.0 262.0 310.0 255.0 172.0 130.0 254.0 163.0 248.0 216.0 186.0 276.0 399.0 135.0 494.0 359.0 
189.0 0 239.0 277.0 48.0 186.0 104.0 234.0 226.0 191.0 124.0 223.0 89.0 269.0 208.0 101.0 215.0 328.0 207.0 191.0 243.0 140.0 104.0 208.0 214.0 140.0 254.0 214.0 192.0 181.0 290.0 175.0 86.0 151.0 131.0 233.0 255.0 121.0 248.0 100.0 59.0 127.0 156.0 220.0 199.0 169.0 252.0 210.0 200.0 305.0 313.0 
256.0 239.0 0 390.0 191.0 98.0 171.0 266.0 315.0 357.0 246.0 462.0 302.0 296.0 275.0 223.0 454.0 450.0 318.0 223.0 280.0 262.0 270.0 275.0 241.0 251.0 365.0 281.0 182.0 58.0 357.0 242.0 153.0 240.0 370.0 355.0 322.0 360.0 385.0 222.0 180.0 264.0 223.0 308.0 226.0 115.0 176.0 376.0 311.0 544.0 430.0 
466.0 277.0 390.0 0 325.0 463.0 379.0 345.0 203.0 86.0 369.0 454.0 278.0 476.0 383.0 378.0 380.0 605.0 356.0 302.0 318.0 417.0 173.0 374.0 422.0 289.0 403.0 368.0 261.0 332.0 483.0 391.0 363.0 278.0 296.0 510.0 355.0 352.0 479.0 377.0 336.0 358.0 433.0 385.0 476.0 446.0 214.0 67.0 349.0 536.0 478.0 
141.0 48.0 191.0 325.0 0 138.0 56.0 186.0 200.0 239.0 76.0 271.0 137.0 221.0 160.0 53.0 263.0 280.0 203.0 143.0 195.0 92.0 152.0 160.0 166.0 136.0 250.0 166.0 184.0 133.0 242.0 127.0 38.0 125.0 179.0 185.0 207.0 169.0 296.0 52.0 11.0 175.0 108.0 193.0 151.0 121.0 221.0 258.0 196.0 353.0 315.0 
203.0 186.0 98.0 463.0 138.0 0 118.0 265.0 262.0 377.0 193.0 409.0 249.0 243.0 222.0 170.0 401.0 397.0 265.0 260.0 257.0 209.0 290.0 222.0 188.0 198.0 312.0 228.0 279.0 155.0 304.0 189.0 100.0 187.0 317.0 302.0 269.0 307.0 332.0 169.0 127.0 211.0 170.0 255.0 173.0 17.0 273.0 396.0 258.0 491.0 377.0 
111.0 104.0 171.0 379.0 56.0 118.0 0 207.0 180.0 295.0 111.0 327.0 167.0 201.0 104.0 88.0 293.0 315.0 183.0 164.0 139.0 127.0 208.0 108.0 146.0 116.0 228.0 114.0 205.0 113.0 190.0 75.0 18.0 105.0 226.0 220.0 151.0 225.0 247.0 87.0 45.0 169.0 56.0 137.0 131.0 101.0 165.0 314.0 176.0 409.0 263.0 
306.0 234.0 266.0 345.0 186.0 265.0 207.0 0 298.0 259.0 110.0 453.0 277.0 131.0 240.0 187.0 315.0 414.0 329.0 43.0 248.0 226.0 172.0 253.0 77.0 301.0 309.0 259.0 84.0 208.0 212.0 132.0 203.0 290.0 295.0 319.0 289.0 351.0 339.0 134.0 176.0 218.0 259.0 273.0 180.0 248.0 144.0 278.0 322.0 535.0 285.0 
265.0 226.0 315.0 203.0 200.0 262.0 180.0 298.0 0 117.0 255.0 403.0 137.0 345.0 255.0 232.0 333.0 459.0 153.0 255.0 259.0 271.0 126.0 215.0 290.0 86.0 200.0 209.0 214.0 257.0 297.0 251.0 162.0 75.0 249.0 364.0 302.0 301.0 342.0 231.0 189.0 281.0 232.0 288.0 275.0 245.0 274.0 136.0 146.0 485.0 370.0 
380.0 191.0 357.0 86.0 239.0 377.0 295.0 259.0 117.0 0 283.0 368.0 192.0 390.0 318.0 292.0 294.0 519.0 270.0 216.0 339.0 331.0 87.0 332.0 336.0 203.0 317.0 326.0 175.0 299.0 397.0 305.0 277.0 192.0 210.0 424.0 269.0 266.0 393.0 291.0 250.0 272.0 347.0 299.0 390.0 360.0 235.0 19.0 263.0 450.0 392.0 
196.0 124.0 246.0 369.0 76.0 193.0 111.0 110.0 255.0 283.0 0 347.0 213.0 241.0 172.0 77.0 339.0 304.0 258.0 67.0 250.0 116.0 196.0 215.0 187.0 191.0 305.0 221.0 108.0 188.0 297.0 156.0 93.0 180.0 255.0 209.0 221.0 245.0 354.0 24.0 66.0 244.0 163.0 205.0 206.0 176.0 168.0 302.0 251.0 425.0 370.0 
412.0 223.0 462.0 454.0 271.0 409.0 327.0 453.0 403.0 368.0 347.0 0 266.0 492.0 430.0 324.0 392.0 203.0 384.0 410.0 466.0 363.0 281.0 431.0 437.0 317.0 431.0 437.0 369.0 404.0 495.0 398.0 309.0 328.0 308.0 298.0 463.0 102.0 425.0 323.0 282.0 304.0 379.0 397.0 422.0 392.0 429.0 387.0 377.0 82.0 490.0 
246.0 89.0 302.0 278.0 137.0 249.0 167.0 277.0 137.0 192.0 213.0 266.0 0 332.0 220.0 190.0 216.0 417.0 118.0 234.0 224.0 229.0 105.0 180.0 277.0 51.0 165.0 174.0 193.0 244.0 262.0 238.0 149.0 62.0 132.0 322.0 267.0 164.0 265.0 189.0 148.0 144.0 219.0 221.0 262.0 232.0 253.0 211.0 111.0 348.0 314.0 
286.0 269.0 296.0 476.0 221.0 243.0 201.0 131.0 345.0 390.0 241.0 492.0 332.0 0 305.0 253.0 184.0 480.0 225.0 174.0 340.0 292.0 303.0 298.0 55.0 281.0 178.0 295.0 215.0 238.0 81.0 263.0 183.0 270.0 268.0 385.0 352.0 390.0 317.0 252.0 210.0 196.0 231.0 338.0 158.0 226.0 275.0 409.0 232.0 574.0 154.0 
215.0 208.0 275.0 383.0 160.0 222.0 104.0 240.0 255.0 318.0 172.0 430.0 220.0 305.0 0 118.0 206.0 267.0 102.0 197.0 143.0 79.0 231.0 178.0 250.0 169.0 149.0 172.0 229.0 217.0 246.0 179.0 122.0 180.0 122.0 172.0 49.0 328.0 235.0 171.0 149.0 216.0 160.0 33.0 235.0 205.0 169.0 337.0 109.0 388.0 304.0 
173.0 101.0 223.0 378.0 53.0 170.0 88.0 187.0 232.0 292.0 77.0 324.0 190.0 253.0 118.0 0 316.0 227.0 220.0 144.0 227.0 39.0 205.0 192.0 198.0 168.0 267.0 198.0 185.0 165.0 274.0 159.0 70.0 157.0 232.0 132.0 167.0 222.0 331.0 53.0 43.0 221.0 140.0 151.0 183.0 153.0 245.0 311.0 227.0 348.0 347.0 
389.0 215.0 454.0 380.0 263.0 401.0 293.0 315.0 333.0 294.0 339.0 392.0 216.0 184.0 206.0 316.0 0 473.0 247.0 336.0 349.0 285.0 207.0 320.0 239.0 267.0 200.0 317.0 295.0 396.0 103.0 364.0 301.0 278.0 84.0 378.0 255.0 290.0 417.0 315.0 274.0 296.0 253.0 173.0 334.0 384.0 355.0 313.0 254.0 474.0 98.0 
400.0 328.0 450.0 605.0 280.0 397.0 315.0 414.0 459.0 519.0 304.0 203.0 417.0 480.0 267.0 227.0 473.0 0 369.0 371.0 410.0 188.0 432.0 419.0 425.0 395.0 416.0 425.0 412.0 392.0 501.0 386.0 297.0 384.0 389.0 95.0 316.0 305.0 502.0 280.0 270.0 448.0 367.0 300.0 410.0 380.0 436.0 538.0 376.0 121.0 571.0 
142.0 207.0 318.0 356.0 203.0 265.0 183.0 329.0 153.0 270.0 258.0 384.0 118.0 225.0 102.0 220.0 247.0 369.0 0 286.0 120.0 181.0 223.0 76.0 280.0 67.0 47.0 70.0 284.0 260.0 144.0 197.0 165.0 78.0 224.0 274.0 149.0 282.0 203.0 234.0 192.0 184.0 235.0 135.0 278.0 248.0 224.0 289.0 7.0 466.0 217.0 
263.0 191.0 223.0 302.0 143.0 260.0 164.0 43.0 255.0 216.0 67.0 410.0 234.0 174.0 197.0 144.0 336.0 371.0 286.0 0 205.0 183.0 129.0 210.0 120.0 258.0 330.0 216.0 41.0 165.0 255.0 89.0 160.0 247.0 252.0 276.0 246.0 308.0 349.0 91.0 133.0 261.0 216.0 230.0 223.0 243.0 101.0 235.0 279.0 492.0 328.0 
172.0 243.0 280.0 318.0 195.0 257.0 139.0 248.0 259.0 339.0 250.0 466.0 224.0 340.0 143.0 227.0 349.0 410.0 120.0 205.0 0 222.0 252.0 56.0 285.0 173.0 167.0 50.0 164.0 222.0 264.0 177.0 157.0 184.0 265.0 315.0 190.0 364.0 183.0 226.0 184.0 282.0 195.0 176.0 270.0 240.0 104.0 358.0 113.0 531.0 337.0 
212.0 140.0 262.0 417.0 92.0 209.0 127.0 226.0 271.0 331.0 116.0 363.0 229.0 292.0 79.0 39.0 285.0 188.0 181.0 183.0 222.0 0 244.0 231.0 237.0 207.0 228.0 237.0 224.0 204.0 313.0 198.0 109.0 196.0 201.0 93.0 128.0 261.0 314.0 92.0 82.0 260.0 179.0 112.0 222.0 192.0 248.0 350.0 188.0 309.0 383.0 
293.0 104.0 270.0 173.0 152.0 290.0 208.0 172.0 126.0 87.0 196.0 281.0 105.0 303.0 231.0 205.0 207.0 432.0 223.0 129.0 252.0 244.0 0 285.0 249.0 156.0 270.0 279.0 88.0 212.0 310.0 218.0 190.0 167.0 123.0 337.0 182.0 179.0 306.0 204.0 163.0 185.0 260.0 212.0 303.0 273.0 148.0 106.0 216.0 363.0 305.0 
128.0 208.0 275.0 374.0 160.0 222.0 108.0 253.0 215.0 332.0 215.0 431.0 180.0 298.0 178.0 192.0 320.0 419.0 76.0 210.0 56.0 231.0 285.0 0 250.0 129.0 120.0 6.0 220.0 217.0 217.0 121.0 122.0 140.0 300.0 324.0 225.0 329.0 139.0 191.0 149.0 260.0 160.0 211.0 235.0 205.0 160.0 351.0 69.0 513.0 290.0 
231.0 214.0 241.0 422.0 166.0 188.0 146.0 77.0 290.0 336.0 187.0 437.0 277.0 55.0 250.0 198.0 239.0 425.0 280.0 120.0 285.0 237.0 249.0 250.0 0 226.0 233.0 256.0 161.0 183.0 136.0 209.0 128.0 215.0 323.0 330.0 297.0 335.0 262.0 197.0 155.0 141.0 184.0 283.0 103.0 171.0 221.0 355.0 286.0 519.0 209.0 
195.0 140.0 251.0 289.0 136.0 198.0 116.0 301.0 86.0 203.0 191.0 317.0 51.0 281.0 169.0 168.0 267.0 395.0 67.0 258.0 173.0 207.0 156.0 129.0 226.0 0 114.0 123.0 244.0 193.0 211.0 187.0 98.0 11.0 183.0 300.0 216.0 215.0 256.0 167.0 125.0 195.0 168.0 202.0 211.0 181.0 277.0 222.0 60.0 399.0 284.0 
189.0 254.0 365.0 403.0 250.0 312.0 228.0 309.0 200.0 317.0 305.0 431.0 165.0 178.0 149.0 267.0 200.0 416.0 47.0 330.0 167.0 228.0 270.0 120.0 233.0 114.0 0 117.0 331.0 307.0 97.0 241.0 212.0 125.0 271.0 321.0 196.0 329.0 250.0 281.0 239.0 231.0 247.0 182.0 325.0 295.0 271.0 336.0 54.0 513.0 170.0 
122.0 214.0 281.0 368.0 166.0 228.0 114.0 259.0 209.0 326.0 221.0 437.0 174.0 295.0 172.0 198.0 317.0 425.0 70.0 216.0 50.0 237.0 279.0 6.0 256.0 123.0 117.0 0 214.0 223.0 214.0 127.0 128.0 134.0 294.0 330.0 219.0 335.0 133.0 197.0 155.0 254.0 166.0 205.0 241.0 211.0 154.0 345.0 63.0 519.0 287.0 
304.0 192.0 182.0 261.0 184.0 279.0 205.0 84.0 214.0 175.0 108.0 369.0 193.0 215.0 229.0 185.0 295.0 412.0 284.0 41.0 164.0 224.0 88.0 220.0 161.0 244.0 331.0 214.0 0 124.0 296.0 130.0 201.0 255.0 211.0 317.0 269.0 267.0 347.0 132.0 174.0 273.0 257.0 262.0 264.0 262.0 60.0 194.0 277.0 451.0 369.0 
198.0 181.0 58.0 332.0 133.0 155.0 113.0 208.0 257.0 299.0 188.0 404.0 244.0 238.0 217.0 165.0 396.0 392.0 260.0 165.0 222.0 204.0 212.0 217.0 183.0 193.0 307.0 223.0 124.0 0 299.0 184.0 95.0 182.0 312.0 297.0 264.0 302.0 327.0 164.0 122.0 206.0 165.0 250.0 168.0 138.0 118.0 318.0 253.0 486.0 372.0 
286.0 290.0 357.0 483.0 242.0 304.0 190.0 212.0 297.0 397.0 297.0 495.0 262.0 81.0 246.0 274.0 103.0 501.0 144.0 255.0 264.0 313.0 310.0 217.0 136.0 211.0 97.0 214.0 296.0 299.0 0 261.0 204.0 222.0 187.0 406.0 293.0 393.0 347.0 273.0 231.0 277.0 150.0 276.0 231.0 287.0 355.0 416.0 151.0 577.0 73.0 
182.0 175.0 242.0 391.0 127.0 189.0 75.0 132.0 251.0 305.0 156.0 398.0 238.0 263.0 179.0 159.0 364.0 386.0 197.0 89.0 177.0 198.0 218.0 121.0 209.0 187.0 241.0 127.0 130.0 184.0 261.0 0 89.0 176.0 301.0 291.0 226.0 296.0 260.0 158.0 116.0 240.0 127.0 212.0 202.0 172.0 190.0 324.0 190.0 480.0 334.0 
103.0 86.0 153.0 363.0 38.0 100.0 18.0 203.0 162.0 277.0 93.0 309.0 149.0 183.0 122.0 70.0 301.0 297.0 165.0 160.0 157.0 109.0 190.0 122.0 128.0 98.0 212.0 128.0 201.0 95.0 204.0 89.0 0 87.0 217.0 202.0 169.0 207.0 261.0 69.0 27.0 151.0 70.0 155.0 113.0 83.0 183.0 296.0 158.0 391.0 277.0 
190.0 151.0 240.0 278.0 125.0 187.0 105.0 290.0 75.0 192.0 180.0 328.0 62.0 270.0 180.0 157.0 278.0 384.0 78.0 247.0 184.0 196.0 167.0 140.0 215.0 11.0 125.0 134.0 255.0 182.0 222.0 176.0 87.0 0 194.0 289.0 227.0 226.0 267.0 156.0 114.0 206.0 157.0 213.0 200.0 170.0 270.0 211.0 71.0 410.0 295.0 
320.0 131.0 370.0 296.0 179.0 317.0 226.0 295.0 249.0 210.0 255.0 308.0 132.0 268.0 122.0 232.0 84.0 389.0 224.0 252.0 265.0 201.0 123.0 300.0 323.0 183.0 271.0 294.0 211.0 312.0 187.0 301.0 217.0 194.0 0 294.0 171.0 206.0 333.0 231.0 190.0 212.0 282.0 89.0 330.0 300.0 271.0 229.0 231.0 390.0 182.0 
305.0 233.0 355.0 510.0 185.0 302.0 220.0 319.0 364.0 424.0 209.0 298.0 322.0 385.0 172.0 132.0 378.0 95.0 274.0 276.0 315.0 93.0 337.0 324.0 330.0 300.0 321.0 330.0 317.0 297.0 406.0 291.0 202.0 289.0 294.0 0 221.0 354.0 407.0 185.0 175.0 353.0 272.0 205.0 315.0 285.0 341.0 443.0 281.0 216.0 476.0 
262.0 255.0 322.0 355.0 207.0 269.0 151.0 289.0 302.0 269.0 221.0 463.0 267.0 352.0 49.0 167.0 255.0 316.0 149.0 246.0 190.0 128.0 182.0 225.0 297.0 216.0 196.0 219.0 269.0 264.0 293.0 226.0 169.0 227.0 171.0 221.0 0 361.0 282.0 220.0 196.0 263.0 207.0 82.0 282.0 252.0 216.0 288.0 156.0 437.0 353.0 
310.0 121.0 360.0 352.0 169.0 307.0 225.0 351.0 301.0 266.0 245.0 102.0 164.0 390.0 328.0 222.0 290.0 305.0 282.0 308.0 364.0 261.0 179.0 329.0 335.0 215.0 329.0 335.0 267.0 302.0 393.0 296.0 207.0 226.0 206.0 354.0 361.0 0 323.0 221.0 180.0 202.0 277.0 295.0 320.0 290.0 327.0 285.0 275.0 184.0 388.0 
255.0 248.0 385.0 479.0 296.0 332.0 247.0 339.0 342.0 393.0 354.0 425.0 265.0 317.0 235.0 331.0 417.0 502.0 203.0 349.0 183.0 314.0 306.0 139.0 262.0 256.0 250.0 133.0 347.0 327.0 347.0 260.0 261.0 267.0 333.0 407.0 282.0 323.0 0 330.0 288.0 121.0 299.0 268.0 247.0 315.0 287.0 412.0 196.0 507.0 420.0 
172.0 100.0 222.0 377.0 52.0 169.0 87.0 134.0 231.0 291.0 24.0 323.0 189.0 252.0 171.0 53.0 315.0 280.0 234.0 91.0 226.0 92.0 204.0 191.0 197.0 167.0 281.0 197.0 132.0 164.0 273.0 158.0 69.0 156.0 231.0 185.0 220.0 221.0 330.0 0 42.0 220.0 139.0 204.0 182.0 152.0 192.0 310.0 227.0 401.0 346.0 
130.0 59.0 180.0 336.0 11.0 127.0 45.0 176.0 189.0 250.0 66.0 282.0 148.0 210.0 149.0 43.0 274.0 270.0 192.0 133.0 184.0 82.0 163.0 149.0 155.0 125.0 239.0 155.0 174.0 122.0 231.0 116.0 27.0 114.0 190.0 175.0 196.0 180.0 288.0 42.0 0 178.0 97.0 182.0 140.0 110.0 210.0 269.0 185.0 364.0 304.0 
254.0 127.0 264.0 358.0 175.0 211.0 169.0 218.0 281.0 272.0 244.0 304.0 144.0 196.0 216.0 221.0 296.0 448.0 184.0 261.0 282.0 260.0 185.0 260.0 141.0 195.0 231.0 254.0 273.0 206.0 277.0 240.0 151.0 206.0 212.0 353.0 263.0 202.0 121.0 220.0 178.0 0 207.0 249.0 126.0 194.0 308.0 291.0 191.0 386.0 350.0 
163.0 156.0 223.0 433.0 108.0 170.0 56.0 259.0 232.0 347.0 163.0 379.0 219.0 231.0 160.0 140.0 253.0 367.0 235.0 216.0 195.0 179.0 260.0 160.0 184.0 168.0 247.0 166.0 257.0 165.0 150.0 127.0 70.0 157.0 282.0 272.0 207.0 277.0 299.0 139.0 97.0 207.0 0 193.0 81.0 153.0 221.0 366.0 228.0 461.0 223.0 
248.0 220.0 308.0 385.0 193.0 255.0 137.0 273.0 288.0 299.0 205.0 397.0 221.0 338.0 33.0 151.0 173.0 300.0 135.0 230.0 176.0 112.0 212.0 211.0 283.0 202.0 182.0 205.0 262.0 250.0 276.0 212.0 155.0 213.0 89.0 205.0 82.0 295.0 268.0 204.0 182.0 249.0 193.0 0 268.0 238.0 202.0 318.0 142.0 421.0 271.0 
216.0 199.0 226.0 476.0 151.0 173.0 131.0 180.0 275.0 390.0 206.0 422.0 262.0 158.0 235.0 183.0 334.0 410.0 278.0 223.0 270.0 222.0 303.0 235.0 103.0 211.0 325.0 241.0 264.0 168.0 231.0 202.0 113.0 200.0 330.0 315.0 282.0 320.0 247.0 182.0 140.0 126.0 81.0 268.0 0 156.0 286.0 409.0 271.0 504.0 304.0 
186.0 169.0 115.0 446.0 121.0 17.0 101.0 248.0 245.0 360.0 176.0 392.0 232.0 226.0 205.0 153.0 384.0 380.0 248.0 243.0 240.0 192.0 273.0 205.0 171.0 181.0 295.0 211.0 262.0 138.0 287.0 172.0 83.0 170.0 300.0 285.0 252.0 290.0 315.0 152.0 110.0 194.0 153.0 238.0 156.0 0 256.0 379.0 241.0 474.0 360.0 
276.0 252.0 176.0 214.0 221.0 273.0 165.0 144.0 274.0 235.0 168.0 429.0 253.0 275.0 169.0 245.0 355.0 436.0 224.0 101.0 104.0 248.0 148.0 160.0 221.0 277.0 271.0 154.0 60.0 118.0 355.0 190.0 183.0 270.0 271.0 341.0 216.0 327.0 287.0 192.0 210.0 308.0 221.0 202.0 286.0 256.0 0 254.0 217.0 511.0 428.0 
399.0 210.0 376.0 67.0 258.0 396.0 314.0 278.0 136.0 19.0 302.0 387.0 211.0 409.0 337.0 311.0 313.0 538.0 289.0 235.0 358.0 350.0 106.0 351.0 355.0 222.0 336.0 345.0 194.0 318.0 416.0 324.0 296.0 211.0 229.0 443.0 288.0 285.0 412.0 310.0 269.0 291.0 366.0 318.0 409.0 379.0 254.0 0 282.0 469.0 411.0 
135.0 200.0 311.0 349.0 196.0 258.0 176.0 322.0 146.0 263.0 251.0 377.0 111.0 232.0 109.0 227.0 254.0 376.0 7.0 279.0 113.0 188.0 216.0 69.0 286.0 60.0 54.0 63.0 277.0 253.0 151.0 190.0 158.0 71.0 231.0 281.0 156.0 275.0 196.0 227.0 185.0 191.0 228.0 142.0 271.0 241.0 217.0 282.0 0 459.0 224.0 
494.0 305.0 544.0 536.0 353.0 491.0 409.0 535.0 485.0 450.0 425.0 82.0 348.0 574.0 388.0 348.0 474.0 121.0 466.0 492.0 531.0 309.0 363.0 513.0 519.0 399.0 513.0 519.0 451.0 486.0 577.0 480.0 391.0 410.0 390.0 216.0 437.0 184.0 507.0 401.0 364.0 386.0 461.0 421.0 504.0 474.0 511.0 469.0 459.0 0 572.0 
359.0 313.0 430.0 478.0 315.0 377.0 263.0 285.0 370.0 392.0 370.0 490.0 314.0 154.0 304.0 347.0 98.0 571.0 217.0 328.0 337.0 383.0 305.0 290.0 209.0 284.0 170.0 287.0 369.0 372.0 73.0 334.0 277.0 295.0 182.0 476.0 353.0 388.0 420.0 346.0 304.0 350.0 223.0 271.0 304.0 360.0 428.0 411.0 224.0 572.0 0 
