100
93 194 142 52 125 139 49 8 178 179 141 106 38 122 133 79 61 92 32 46 73 131 58 174 76 6 116 171 189 13 196 94 14 145 97 130 34 55 173 95 192 112 126 121 119 96 3 28 164 35 25 7 50 161 188 113 36 86 110 157 118 177 80 128 44 53 23 51 0 193 54 82 100 85 42 187 12 4 182 136 56 156 158 149 26 27 15 115 98 114 67 30 90 59 63 181 165 138 48 2
0 82.0 254.0 364.0 193.0 291.0 396.0 454.0 330.0 343.0 271.0 462.0 292.0 352.0 488.0 234.0 427.0 571.0 326.0 362.0 320.0 348.0 327.0 409.0 495.0 490.0 370.0 308.0 349.0 416.0 258.0 314.0 349.0 451.0 349.0 354.0 580.0 318.0 319.0 302.0 337.0 408.0 330.0 247.0 367.0 282.0 240.0 400.0 450.0 298.0 226.0 246.0 396.0 452.0 309.0 405.0 389.0 313.0 330.0 333.0 539.0 217.0 531.0 277.0 317.0 356.0 531.0 475.0 318.0 445.0 601.0 336.0 239.0 266.0 383.0 314.0 204.0 444.0 358.0 324.0 329.0 406.0 328.0 273.0 470.0 333.0 343.0 308.0 356.0 318.0 384.0 400.0 250.0 305.0 393.0 512.0 364.0 422.0 442.0 294.0 
82.0 0 336.0 385.0 111.0 373.0 478.0 536.0 349.0 425.0 353.0 515.0 374.0 434.0 570.0 316.0 443.0 489.0 395.0 444.0 402.0 363.0 409.0 441.0 577.0 572.0 352.0 390.0 431.0 498.0 335.0 396.0 431.0 387.0 370.0 436.0 529.0 400.0 237.0 384.0 419.0 326.0 412.0 324.0 449.0 364.0 322.0 420.0 471.0 273.0 308.0 325.0 314.0 408.0 227.0 431.0 343.0 356.0 248.0 415.0 621.0 299.0 613.0 292.0 354.0 438.0 449.0 557.0 400.0 397.0 683.0 343.0 321.0 348.0 301.0 396.0 286.0 362.0 440.0 406.0 350.0 421.0 246.0 355.0 388.0 309.0 425.0 351.0 332.0 400.0 376.0 440.0 332.0 223.0 311.0 533.0 446.0 504.0 476.0 376.0 
254.0 336.0 0 203.0 253.0 191.0 166.0 354.0 225.0 341.0 281.0 333.0 302.0 225.0 486.0 155.0 197.0 396.0 226.0 372.0 314.0 248.0 307.0 205.0 395.0 390.0 116.0 306.0 222.0 310.0 153.0 210.0 249.0 241.0 188.0 254.0 419.0 218.0 213.0 202.0 347.0 262.0 230.0 142.0 286.0 182.0 250.0 184.0 289.0 91.0 290.0 143.0 168.0 344.0 137.0 219.0 284.0 241.0 184.0 103.0 439.0 117.0 431.0 177.0 217.0 126.0 425.0 341.0 328.0 215.0 501.0 231.0 139.0 36.0 155.0 295.0 268.0 298.0 213.0 329.0 168.0 267.0 182.0 283.0 364.0 222.0 239.0 208.0 199.0 218.0 140.0 204.0 150.0 199.0 287.0 351.0 260.0 316.0 232.0 64.0 
364.0 385.0 203.0 0 274.0 304.0 341.0 328.0 200.0 429.0 347.0 308.0 360.0 259.0 492.0 130.0 315.0 414.0 171.0 430.0 332.0 218.0 325.0 313.0 547.0 445.0 224.0 394.0 256.0 279.0 128.0 272.0 428.0 87.0 163.0 313.0 312.0 277.0 234.0 293.0 419.0 283.0 285.0 117.0 415.0 361.0 360.0 292.0 182.0 112.0 344.0 118.0 186.0 322.0 158.0 227.0 259.0 274.0 205.0 278.0 494.0 296.0 486.0 210.0 116.0 255.0 392.0 449.0 400.0 166.0 556.0 206.0 194.0 215.0 173.0 313.0 366.0 319.0 247.0 406.0 35.0 160.0 203.0 359.0 380.0 285.0 301.0 125.0 307.0 273.0 248.0 312.0 329.0 220.0 303.0 244.0 268.0 273.0 348.0 243.0 
193.0 111.0 253.0 274.0 0 321.0 395.0 434.0 238.0 522.0 260.0 404.0 377.0 350.0 530.0 226.0 332.0 378.0 284.0 447.0 349.0 252.0 342.0 330.0 564.0 470.0 241.0 487.0 347.0 435.0 224.0 285.0 446.0 276.0 259.0 330.0 418.0 294.0 126.0 319.0 436.0 215.0 310.0 213.0 466.0 379.0 433.0 309.0 360.0 162.0 332.0 214.0 203.0 297.0 116.0 320.0 232.0 245.0 137.0 332.0 519.0 321.0 511.0 181.0 243.0 355.0 338.0 466.0 417.0 286.0 581.0 232.0 219.0 265.0 190.0 330.0 354.0 251.0 338.0 423.0 239.0 310.0 135.0 452.0 277.0 198.0 314.0 240.0 221.0 298.0 265.0 329.0 349.0 112.0 200.0 422.0 361.0 441.0 365.0 293.0 
291.0 373.0 191.0 304.0 321.0 0 333.0 366.0 186.0 230.0 306.0 493.0 287.0 161.0 375.0 281.0 273.0 362.0 263.0 357.0 264.0 285.0 257.0 198.0 284.0 427.0 182.0 195.0 158.0 317.0 258.0 103.0 138.0 217.0 348.0 63.0 452.0 27.0 269.0 93.0 332.0 330.0 267.0 269.0 362.0 71.0 263.0 189.0 292.0 251.0 327.0 270.0 118.0 389.0 205.0 285.0 360.0 278.0 252.0 270.0 476.0 74.0 468.0 214.0 254.0 290.0 493.0 334.0 313.0 201.0 538.0 180.0 176.0 203.0 131.0 245.0 305.0 366.0 167.0 319.0 328.0 343.0 250.0 230.0 432.0 288.0 132.0 245.0 265.0 255.0 173.0 189.0 41.0 267.0 355.0 384.0 278.0 323.0 280.0 231.0 
396.0 478.0 166.0 341.0 395.0 333.0 0 452.0 367.0 483.0 423.0 475.0 335.0 391.0 628.0 297.0 335.0 512.0 368.0 405.0 363.0 390.0 370.0 371.0 537.0 532.0 282.0 448.0 388.0 403.0 295.0 356.0 391.0 254.0 330.0 385.0 561.0 349.0 355.0 344.0 380.0 404.0 372.0 284.0 246.0 324.0 392.0 350.0 431.0 233.0 432.0 285.0 258.0 486.0 279.0 385.0 426.0 383.0 326.0 63.0 581.0 259.0 573.0 319.0 359.0 86.0 567.0 507.0 361.0 175.0 643.0 373.0 281.0 130.0 271.0 385.0 410.0 440.0 379.0 289.0 310.0 409.0 324.0 425.0 506.0 388.0 385.0 350.0 365.0 360.0 306.0 370.0 292.0 341.0 429.0 493.0 426.0 409.0 300.0 102.0 
454.0 536.0 354.0 328.0 434.0 366.0 452.0 0 432.0 392.0 423.0 540.0 394.0 283.0 537.0 362.0 346.0 522.0 302.0 324.0 422.0 324.0 429.0 209.0 443.0 308.0 243.0 357.0 280.0 49.0 360.0 263.0 414.0 380.0 395.0 375.0 366.0 393.0 308.0 379.0 351.0 483.0 124.0 349.0 344.0 357.0 355.0 230.0 146.0 344.0 404.0 350.0 307.0 428.0 368.0 306.0 414.0 317.0 405.0 389.0 357.0 317.0 349.0 253.0 293.0 366.0 446.0 345.0 370.0 390.0 419.0 438.0 215.0 366.0 294.0 434.0 426.0 452.0 271.0 387.0 293.0 340.0 403.0 322.0 486.0 361.0 292.0 284.0 338.0 136.0 219.0 343.0 327.0 322.0 409.0 298.0 289.0 55.0 190.0 388.0 
330.0 349.0 225.0 200.0 238.0 186.0 367.0 432.0 0 336.0 332.0 330.0 378.0 347.0 292.0 96.0 364.0 346.0 292.0 448.0 381.0 260.0 374.0 304.0 390.0 478.0 273.0 301.0 344.0 383.0 72.0 209.0 244.0 287.0 185.0 249.0 416.0 213.0 198.0 93.0 423.0 183.0 318.0 83.0 401.0 177.0 326.0 295.0 286.0 134.0 144.0 84.0 235.0 265.0 148.0 357.0 225.0 125.0 101.0 304.0 527.0 178.0 519.0 189.0 246.0 327.0 410.0 440.0 404.0 318.0 589.0 6.0 227.0 237.0 222.0 362.0 166.0 219.0 351.0 410.0 165.0 264.0 103.0 336.0 349.0 270.0 238.0 255.0 293.0 306.0 279.0 295.0 145.0 184.0 272.0 348.0 384.0 377.0 397.0 265.0 
343.0 425.0 341.0 429.0 522.0 230.0 483.0 392.0 336.0 0 370.0 593.0 354.0 256.0 145.0 333.0 386.0 512.0 356.0 284.0 382.0 435.0 389.0 241.0 238.0 428.0 317.0 35.0 259.0 441.0 357.0 253.0 92.0 442.0 448.0 293.0 553.0 257.0 419.0 243.0 383.0 507.0 268.0 346.0 443.0 221.0 103.0 262.0 393.0 397.0 379.0 345.0 348.0 539.0 430.0 202.0 473.0 428.0 425.0 420.0 477.0 224.0 469.0 364.0 313.0 443.0 630.0 336.0 394.0 431.0 539.0 330.0 326.0 353.0 356.0 413.0 357.0 543.0 268.0 400.0 394.0 493.0 427.0 70.0 569.0 401.0 282.0 310.0 378.0 256.0 323.0 339.0 191.0 426.0 492.0 485.0 161.0 447.0 380.0 381.0 
271.0 353.0 281.0 347.0 260.0 306.0 423.0 423.0 332.0 370.0 0 363.0 159.0 219.0 515.0 261.0 249.0 460.0 320.0 229.0 187.0 288.0 194.0 269.0 440.0 506.0 180.0 335.0 216.0 374.0 285.0 273.0 376.0 305.0 218.0 243.0 510.0 279.0 162.0 329.0 204.0 309.0 346.0 274.0 234.0 305.0 267.0 248.0 350.0 256.0 307.0 273.0 232.0 391.0 210.0 261.0 180.0 281.0 231.0 360.0 555.0 244.0 547.0 217.0 311.0 383.0 432.0 342.0 185.0 315.0 617.0 326.0 255.0 293.0 219.0 326.0 285.0 345.0 225.0 191.0 312.0 346.0 229.0 300.0 371.0 62.0 302.0 302.0 85.0 334.0 204.0 246.0 277.0 148.0 294.0 442.0 302.0 380.0 394.0 321.0 
462.0 515.0 333.0 308.0 404.0 493.0 475.0 540.0 330.0 593.0 363.0 0 522.0 471.0 622.0 260.0 488.0 576.0 409.0 592.0 521.0 430.0 514.0 502.0 704.0 683.0 413.0 558.0 468.0 491.0 258.0 484.0 558.0 395.0 145.0 502.0 524.0 466.0 364.0 423.0 567.0 413.0 523.0 247.0 565.0 491.0 490.0 481.0 394.0 242.0 364.0 248.0 375.0 495.0 288.0 465.0 389.0 451.0 335.0 412.0 732.0 426.0 724.0 419.0 354.0 435.0 576.0 638.0 548.0 458.0 794.0 336.0 432.0 345.0 362.0 502.0 342.0 449.0 459.0 554.0 273.0 372.0 333.0 523.0 515.0 301.0 513.0 363.0 324.0 511.0 437.0 485.0 459.0 350.0 438.0 456.0 506.0 485.0 537.0 373.0 
292.0 374.0 302.0 360.0 377.0 287.0 335.0 394.0 378.0 354.0 159.0 522.0 0 200.0 499.0 282.0 329.0 428.0 374.0 70.0 28.0 396.0 35.0 201.0 295.0 430.0 238.0 319.0 197.0 384.0 306.0 296.0 376.0 273.0 377.0 224.0 491.0 260.0 321.0 350.0 59.0 386.0 270.0 295.0 89.0 330.0 288.0 222.0 331.0 307.0 328.0 294.0 174.0 468.0 261.0 298.0 339.0 389.0 308.0 272.0 479.0 265.0 471.0 325.0 365.0 249.0 549.0 197.0 40.0 257.0 541.0 384.0 287.0 314.0 187.0 167.0 306.0 422.0 206.0 46.0 377.0 454.0 306.0 284.0 488.0 221.0 319.0 356.0 244.0 258.0 262.0 326.0 298.0 307.0 411.0 423.0 281.0 390.0 336.0 311.0 
352.0 434.0 225.0 259.0 350.0 161.0 391.0 283.0 347.0 256.0 219.0 471.0 200.0 0 401.0 293.0 212.0 401.0 335.0 270.0 228.0 329.0 235.0 105.0 339.0 374.0 109.0 221.0 3.0 234.0 291.0 155.0 278.0 246.0 326.0 98.0 297.0 134.0 310.0 254.0 245.0 359.0 190.0 280.0 275.0 232.0 153.0 126.0 137.0 275.0 388.0 281.0 173.0 433.0 234.0 202.0 299.0 383.0 281.0 328.0 423.0 235.0 415.0 319.0 305.0 345.0 377.0 241.0 226.0 256.0 485.0 341.0 281.0 261.0 160.0 300.0 366.0 395.0 12.0 232.0 224.0 271.0 279.0 186.0 438.0 227.0 184.0 310.0 204.0 202.0 85.0 209.0 202.0 296.0 384.0 229.0 185.0 228.0 302.0 289.0 
488.0 570.0 486.0 492.0 530.0 375.0 628.0 537.0 292.0 145.0 515.0 622.0 499.0 401.0 0 388.0 531.0 638.0 501.0 429.0 527.0 552.0 534.0 386.0 383.0 573.0 462.0 180.0 404.0 586.0 364.0 398.0 237.0 579.0 477.0 438.0 698.0 402.0 490.0 385.0 528.0 475.0 413.0 375.0 588.0 366.0 248.0 407.0 538.0 426.0 436.0 376.0 493.0 557.0 440.0 347.0 517.0 417.0 393.0 565.0 622.0 369.0 614.0 481.0 458.0 588.0 702.0 481.0 539.0 576.0 684.0 298.0 471.0 498.0 501.0 558.0 458.0 511.0 413.0 545.0 457.0 556.0 395.0 215.0 641.0 546.0 427.0 455.0 523.0 401.0 468.0 484.0 336.0 476.0 564.0 630.0 306.0 592.0 525.0 526.0 
234.0 316.0 155.0 130.0 226.0 281.0 297.0 362.0 96.0 333.0 261.0 260.0 282.0 293.0 388.0 0 326.0 398.0 231.0 352.0 310.0 252.0 317.0 324.0 485.0 480.0 235.0 298.0 290.0 313.0 24.0 304.0 339.0 217.0 115.0 324.0 346.0 288.0 151.0 189.0 327.0 235.0 320.0 13.0 305.0 272.0 230.0 303.0 216.0 64.0 240.0 12.0 197.0 317.0 110.0 287.0 155.0 221.0 157.0 234.0 529.0 207.0 521.0 206.0 176.0 257.0 398.0 460.0 308.0 280.0 591.0 102.0 229.0 167.0 184.0 304.0 248.0 271.0 281.0 314.0 95.0 194.0 155.0 263.0 337.0 251.0 333.0 185.0 250.0 308.0 259.0 323.0 240.0 165.0 260.0 278.0 328.0 307.0 359.0 195.0 
427.0 443.0 197.0 315.0 332.0 273.0 335.0 346.0 364.0 386.0 249.0 488.0 329.0 212.0 531.0 326.0 0 383.0 338.0 399.0 301.0 413.0 294.0 192.0 426.0 461.0 103.0 351.0 209.0 297.0 324.0 197.0 357.0 228.0 343.0 282.0 485.0 246.0 287.0 312.0 334.0 341.0 277.0 313.0 418.0 228.0 349.0 171.0 325.0 262.0 463.0 314.0 155.0 423.0 216.0 184.0 259.0 406.0 263.0 272.0 510.0 290.0 502.0 342.0 295.0 295.0 504.0 328.0 353.0 238.0 572.0 358.0 312.0 205.0 142.0 282.0 441.0 377.0 200.0 375.0 339.0 438.0 261.0 316.0 443.0 187.0 226.0 292.0 164.0 289.0 127.0 169.0 260.0 273.0 366.0 417.0 225.0 303.0 317.0 233.0 
571.0 489.0 396.0 414.0 378.0 362.0 512.0 522.0 346.0 512.0 460.0 576.0 428.0 401.0 638.0 398.0 383.0 0 496.0 498.0 400.0 349.0 393.0 348.0 566.0 615.0 292.0 477.0 398.0 473.0 396.0 259.0 420.0 327.0 431.0 381.0 630.0 345.0 338.0 375.0 487.0 163.0 431.0 385.0 517.0 353.0 545.0 345.0 514.0 334.0 421.0 386.0 254.0 245.0 288.0 395.0 444.0 334.0 245.0 449.0 664.0 356.0 656.0 393.0 455.0 426.0 550.0 484.0 468.0 337.0 726.0 340.0 431.0 432.0 241.0 381.0 443.0 199.0 389.0 474.0 411.0 407.0 243.0 512.0 489.0 398.0 282.0 452.0 375.0 443.0 316.0 339.0 323.0 324.0 412.0 594.0 428.0 479.0 416.0 436.0 
326.0 395.0 226.0 171.0 284.0 263.0 368.0 302.0 292.0 356.0 320.0 409.0 374.0 335.0 501.0 231.0 338.0 496.0 0 354.0 402.0 174.0 409.0 251.0 467.0 338.0 269.0 321.0 332.0 351.0 229.0 286.0 321.0 258.0 264.0 326.0 388.0 290.0 158.0 274.0 393.0 333.0 178.0 218.0 449.0 254.0 319.0 272.0 258.0 213.0 254.0 219.0 321.0 278.0 234.0 154.0 264.0 167.0 255.0 305.0 387.0 189.0 379.0 103.0 55.0 328.0 394.0 387.0 400.0 337.0 449.0 298.0 87.0 238.0 308.0 396.0 276.0 302.0 323.0 406.0 136.0 232.0 253.0 286.0 333.0 258.0 315.0 46.0 281.0 166.0 293.0 335.0 222.0 172.0 256.0 320.0 195.0 349.0 290.0 266.0 
362.0 444.0 372.0 430.0 447.0 357.0 405.0 324.0 448.0 284.0 229.0 592.0 70.0 270.0 429.0 352.0 399.0 498.0 354.0 0 98.0 376.0 105.0 271.0 365.0 360.0 308.0 249.0 267.0 373.0 376.0 366.0 306.0 343.0 447.0 294.0 561.0 330.0 360.0 420.0 129.0 456.0 200.0 365.0 159.0 400.0 247.0 292.0 401.0 377.0 398.0 364.0 244.0 480.0 331.0 346.0 409.0 369.0 378.0 342.0 409.0 335.0 401.0 305.0 345.0 319.0 599.0 267.0 110.0 327.0 471.0 454.0 267.0 384.0 257.0 237.0 376.0 492.0 276.0 116.0 426.0 434.0 376.0 214.0 538.0 291.0 389.0 336.0 314.0 188.0 332.0 396.0 368.0 374.0 461.0 493.0 305.0 379.0 312.0 381.0 
320.0 402.0 314.0 332.0 349.0 264.0 363.0 422.0 381.0 382.0 187.0 521.0 28.0 228.0 527.0 310.0 301.0 400.0 402.0 98.0 0 424.0 7.0 229.0 323.0 458.0 210.0 347.0 225.0 404.0 334.0 304.0 402.0 245.0 376.0 252.0 519.0 237.0 309.0 357.0 87.0 358.0 298.0 323.0 117.0 335.0 316.0 250.0 359.0 279.0 356.0 322.0 146.0 440.0 233.0 313.0 367.0 417.0 280.0 300.0 507.0 293.0 499.0 353.0 393.0 277.0 521.0 225.0 68.0 229.0 569.0 375.0 315.0 326.0 159.0 139.0 334.0 394.0 234.0 74.0 356.0 455.0 278.0 312.0 460.0 249.0 333.0 384.0 272.0 286.0 234.0 298.0 305.0 295.0 383.0 451.0 309.0 410.0 308.0 328.0 
348.0 363.0 248.0 218.0 252.0 285.0 390.0 324.0 260.0 435.0 288.0 430.0 396.0 329.0 552.0 252.0 413.0 349.0 174.0 376.0 424.0 0 428.0 285.0 489.0 360.0 327.0 400.0 326.0 349.0 250.0 308.0 343.0 305.0 285.0 348.0 303.0 312.0 126.0 296.0 427.0 186.0 200.0 239.0 471.0 276.0 344.0 306.0 252.0 234.0 222.0 240.0 289.0 104.0 202.0 264.0 232.0 135.0 223.0 327.0 409.0 211.0 401.0 71.0 165.0 350.0 223.0 421.0 422.0 372.0 471.0 266.0 109.0 260.0 276.0 416.0 244.0 150.0 317.0 428.0 183.0 58.0 221.0 374.0 162.0 226.0 337.0 156.0 249.0 188.0 351.0 394.0 244.0 140.0 85.0 314.0 305.0 343.0 312.0 288.0 
327.0 409.0 307.0 325.0 342.0 257.0 370.0 429.0 374.0 389.0 194.0 514.0 35.0 235.0 534.0 317.0 294.0 393.0 409.0 105.0 7.0 428.0 0 236.0 330.0 465.0 203.0 354.0 232.0 397.0 334.0 297.0 395.0 238.0 369.0 259.0 526.0 230.0 302.0 350.0 94.0 351.0 305.0 323.0 124.0 328.0 323.0 257.0 366.0 272.0 363.0 324.0 139.0 433.0 226.0 306.0 374.0 421.0 273.0 307.0 514.0 300.0 506.0 357.0 400.0 284.0 514.0 232.0 75.0 222.0 576.0 368.0 322.0 319.0 152.0 132.0 341.0 387.0 241.0 81.0 349.0 448.0 271.0 319.0 453.0 256.0 326.0 391.0 279.0 293.0 227.0 291.0 298.0 288.0 376.0 458.0 316.0 403.0 301.0 321.0 
409.0 441.0 205.0 313.0 330.0 198.0 371.0 209.0 304.0 241.0 269.0 502.0 201.0 105.0 386.0 324.0 192.0 348.0 251.0 271.0 229.0 285.0 236.0 0 234.0 269.0 89.0 206.0 102.0 258.0 322.0 95.0 256.0 226.0 357.0 197.0 378.0 225.0 269.0 211.0 142.0 339.0 85.0 311.0 276.0 189.0 204.0 21.0 218.0 260.0 365.0 312.0 153.0 389.0 214.0 97.0 279.0 278.0 261.0 308.0 318.0 192.0 310.0 214.0 208.0 325.0 458.0 136.0 161.0 236.0 380.0 298.0 176.0 241.0 140.0 280.0 387.0 375.0 93.0 233.0 289.0 343.0 259.0 171.0 441.0 207.0 118.0 205.0 184.0 97.0 113.0 175.0 159.0 268.0 364.0 310.0 80.0 264.0 197.0 269.0 
495.0 577.0 395.0 547.0 564.0 284.0 537.0 443.0 390.0 238.0 440.0 704.0 295.0 339.0 383.0 485.0 426.0 566.0 467.0 365.0 323.0 489.0 330.0 234.0 0 503.0 323.0 203.0 336.0 492.0 462.0 307.0 146.0 460.0 559.0 347.0 612.0 311.0 473.0 297.0 236.0 561.0 319.0 473.0 370.0 275.0 271.0 255.0 452.0 462.0 531.0 474.0 387.0 593.0 448.0 331.0 513.0 482.0 479.0 474.0 552.0 278.0 544.0 418.0 442.0 497.0 692.0 98.0 255.0 470.0 614.0 384.0 380.0 407.0 374.0 462.0 509.0 597.0 327.0 327.0 523.0 547.0 481.0 238.0 651.0 441.0 336.0 439.0 418.0 331.0 347.0 393.0 245.0 480.0 574.0 544.0 314.0 498.0 431.0 435.0 
490.0 572.0 390.0 445.0 470.0 427.0 532.0 308.0 478.0 428.0 506.0 683.0 430.0 374.0 573.0 480.0 461.0 615.0 338.0 360.0 458.0 360.0 465.0 269.0 503.0 0 358.0 393.0 371.0 357.0 493.0 362.0 450.0 495.0 538.0 466.0 647.0 454.0 344.0 438.0 411.0 519.0 184.0 482.0 519.0 418.0 391.0 290.0 454.0 457.0 440.0 483.0 422.0 464.0 420.0 366.0 450.0 353.0 441.0 469.0 51.0 353.0 59.0 289.0 329.0 492.0 583.0 405.0 430.0 505.0 129.0 484.0 251.0 402.0 409.0 549.0 462.0 488.0 362.0 476.0 410.0 418.0 439.0 358.0 522.0 444.0 385.0 320.0 453.0 172.0 382.0 442.0 386.0 358.0 445.0 579.0 349.0 363.0 296.0 430.0 
370.0 352.0 116.0 224.0 241.0 182.0 282.0 243.0 273.0 317.0 180.0 413.0 238.0 109.0 462.0 235.0 103.0 292.0 269.0 308.0 210.0 327.0 203.0 89.0 323.0 358.0 0 282.0 106.0 194.0 233.0 94.0 255.0 137.0 268.0 191.0 382.0 155.0 201.0 210.0 231.0 250.0 174.0 222.0 325.0 159.0 262.0 68.0 222.0 171.0 406.0 223.0 64.0 332.0 125.0 115.0 190.0 320.0 172.0 219.0 407.0 191.0 399.0 256.0 226.0 236.0 413.0 225.0 250.0 147.0 469.0 267.0 255.0 152.0 51.0 191.0 384.0 286.0 97.0 284.0 248.0 347.0 170.0 247.0 352.0 118.0 123.0 223.0 95.0 186.0 24.0 100.0 158.0 187.0 275.0 314.0 156.0 200.0 226.0 180.0 
308.0 390.0 306.0 394.0 487.0 195.0 448.0 357.0 301.0 35.0 335.0 558.0 319.0 221.0 180.0 298.0 351.0 477.0 321.0 249.0 347.0 400.0 354.0 206.0 203.0 393.0 282.0 0 224.0 406.0 322.0 218.0 57.0 407.0 413.0 258.0 518.0 222.0 384.0 208.0 348.0 472.0 233.0 311.0 408.0 186.0 68.0 227.0 358.0 362.0 344.0 310.0 313.0 504.0 395.0 167.0 438.0 393.0 390.0 385.0 442.0 189.0 434.0 329.0 278.0 408.0 595.0 301.0 359.0 396.0 504.0 295.0 291.0 318.0 321.0 378.0 322.0 508.0 233.0 365.0 359.0 458.0 392.0 35.0 534.0 366.0 247.0 275.0 343.0 221.0 288.0 304.0 156.0 391.0 457.0 450.0 126.0 412.0 345.0 346.0 
349.0 431.0 222.0 256.0 347.0 158.0 388.0 280.0 344.0 259.0 216.0 468.0 197.0 3.0 404.0 290.0 209.0 398.0 332.0 267.0 225.0 326.0 232.0 102.0 336.0 371.0 106.0 224.0 0 231.0 288.0 152.0 281.0 243.0 323.0 95.0 294.0 131.0 307.0 251.0 242.0 356.0 187.0 277.0 272.0 229.0 156.0 123.0 134.0 272.0 385.0 278.0 170.0 430.0 231.0 199.0 296.0 380.0 278.0 325.0 420.0 232.0 412.0 316.0 302.0 342.0 374.0 238.0 223.0 253.0 482.0 338.0 278.0 258.0 157.0 297.0 363.0 392.0 9.0 229.0 221.0 268.0 276.0 189.0 435.0 224.0 181.0 307.0 201.0 199.0 82.0 206.0 199.0 293.0 381.0 226.0 182.0 225.0 299.0 286.0 
416.0 498.0 310.0 279.0 435.0 317.0 403.0 49.0 383.0 441.0 374.0 491.0 384.0 234.0 586.0 313.0 297.0 473.0 351.0 373.0 404.0 349.0 397.0 258.0 492.0 357.0 194.0 406.0 231.0 0 311.0 214.0 375.0 331.0 346.0 326.0 317.0 344.0 357.0 330.0 400.0 444.0 173.0 300.0 295.0 308.0 387.0 262.0 97.0 295.0 452.0 301.0 258.0 453.0 319.0 309.0 384.0 366.0 366.0 340.0 406.0 311.0 398.0 302.0 325.0 317.0 397.0 394.0 410.0 341.0 468.0 389.0 264.0 346.0 245.0 385.0 430.0 480.0 222.0 338.0 244.0 291.0 364.0 371.0 458.0 312.0 243.0 333.0 289.0 185.0 170.0 294.0 278.0 371.0 434.0 249.0 338.0 6.0 239.0 374.0 
258.0 335.0 153.0 128.0 224.0 258.0 295.0 360.0 72.0 357.0 285.0 258.0 306.0 291.0 364.0 24.0 324.0 396.0 229.0 376.0 334.0 250.0 334.0 322.0 462.0 493.0 233.0 322.0 288.0 311.0 0 281.0 316.0 215.0 113.0 321.0 344.0 285.0 149.0 165.0 351.0 233.0 333.0 11.0 329.0 249.0 254.0 301.0 214.0 62.0 216.0 12.0 195.0 315.0 108.0 285.0 153.0 197.0 155.0 232.0 542.0 231.0 534.0 204.0 174.0 255.0 396.0 458.0 332.0 278.0 604.0 78.0 242.0 165.0 182.0 322.0 238.0 269.0 279.0 338.0 93.0 192.0 153.0 287.0 335.0 249.0 310.0 183.0 248.0 321.0 257.0 321.0 217.0 163.0 258.0 276.0 326.0 305.0 357.0 193.0 
314.0 396.0 210.0 272.0 285.0 103.0 356.0 263.0 209.0 253.0 273.0 484.0 296.0 155.0 398.0 304.0 197.0 259.0 286.0 366.0 304.0 308.0 297.0 95.0 307.0 362.0 94.0 218.0 152.0 214.0 281.0 0 161.0 231.0 339.0 166.0 428.0 130.0 187.0 116.0 237.0 334.0 178.0 292.0 345.0 94.0 286.0 86.0 268.0 265.0 350.0 293.0 158.0 412.0 219.0 192.0 284.0 301.0 256.0 293.0 411.0 97.0 403.0 237.0 277.0 316.0 457.0 231.0 256.0 241.0 473.0 203.0 199.0 226.0 145.0 285.0 328.0 370.0 143.0 328.0 237.0 284.0 254.0 253.0 396.0 211.0 29.0 268.0 189.0 190.0 70.0 86.0 64.0 173.0 319.0 360.0 175.0 220.0 290.0 254.0 
349.0 431.0 249.0 428.0 446.0 138.0 391.0 414.0 244.0 92.0 376.0 558.0 376.0 278.0 237.0 339.0 357.0 420.0 321.0 306.0 402.0 343.0 395.0 256.0 146.0 450.0 255.0 57.0 281.0 375.0 316.0 161.0 0 355.0 413.0 201.0 575.0 165.0 327.0 151.0 382.0 415.0 290.0 327.0 465.0 129.0 125.0 247.0 415.0 316.0 385.0 328.0 256.0 447.0 343.0 224.0 433.0 336.0 333.0 328.0 499.0 132.0 491.0 272.0 312.0 351.0 566.0 244.0 401.0 339.0 561.0 238.0 234.0 261.0 269.0 383.0 363.0 451.0 290.0 422.0 393.0 401.0 335.0 92.0 505.0 372.0 190.0 303.0 349.0 278.0 231.0 247.0 99.0 334.0 428.0 507.0 183.0 381.0 402.0 289.0 
451.0 387.0 241.0 87.0 276.0 217.0 254.0 380.0 287.0 442.0 305.0 395.0 273.0 246.0 579.0 217.0 228.0 327.0 258.0 343.0 245.0 305.0 238.0 226.0 460.0 495.0 137.0 407.0 243.0 331.0 215.0 231.0 355.0 0 250.0 226.0 399.0 190.0 236.0 310.0 332.0 285.0 311.0 204.0 328.0 284.0 399.0 205.0 269.0 199.0 431.0 205.0 99.0 367.0 160.0 240.0 315.0 355.0 207.0 191.0 544.0 291.0 536.0 291.0 203.0 168.0 448.0 362.0 313.0 79.0 606.0 293.0 281.0 258.0 86.0 226.0 453.0 321.0 234.0 319.0 122.0 247.0 205.0 372.0 387.0 243.0 260.0 212.0 220.0 323.0 161.0 225.0 258.0 222.0 310.0 331.0 281.0 337.0 261.0 230.0 
349.0 370.0 188.0 163.0 259.0 348.0 330.0 395.0 185.0 448.0 218.0 145.0 377.0 326.0 477.0 115.0 343.0 431.0 264.0 447.0 376.0 285.0 369.0 357.0 559.0 538.0 268.0 413.0 323.0 346.0 113.0 339.0 413.0 250.0 0 357.0 379.0 321.0 219.0 278.0 422.0 268.0 378.0 102.0 420.0 346.0 345.0 336.0 249.0 97.0 311.0 103.0 230.0 350.0 143.0 320.0 244.0 310.0 190.0 267.0 587.0 281.0 579.0 274.0 209.0 290.0 431.0 493.0 403.0 313.0 649.0 191.0 287.0 200.0 217.0 357.0 289.0 304.0 314.0 409.0 128.0 227.0 188.0 378.0 370.0 156.0 368.0 218.0 179.0 366.0 292.0 340.0 314.0 205.0 293.0 311.0 361.0 340.0 392.0 228.0 
354.0 436.0 254.0 313.0 330.0 63.0 385.0 375.0 249.0 293.0 243.0 502.0 224.0 98.0 438.0 324.0 282.0 381.0 326.0 294.0 252.0 348.0 259.0 197.0 347.0 466.0 191.0 258.0 95.0 326.0 321.0 166.0 201.0 226.0 357.0 0 389.0 36.0 290.0 156.0 269.0 339.0 282.0 311.0 299.0 134.0 251.0 218.0 229.0 260.0 390.0 312.0 127.0 421.0 214.0 294.0 369.0 341.0 261.0 322.0 515.0 137.0 507.0 277.0 317.0 299.0 469.0 333.0 250.0 210.0 577.0 243.0 239.0 266.0 140.0 254.0 368.0 375.0 104.0 256.0 316.0 363.0 259.0 284.0 441.0 297.0 195.0 308.0 274.0 294.0 177.0 252.0 104.0 276.0 364.0 321.0 277.0 320.0 289.0 294.0 
580.0 529.0 419.0 312.0 418.0 452.0 561.0 366.0 416.0 553.0 510.0 524.0 491.0 297.0 698.0 346.0 485.0 630.0 388.0 561.0 519.0 303.0 526.0 378.0 612.0 647.0 382.0 518.0 294.0 317.0 344.0 428.0 575.0 399.0 379.0 389.0 0 425.0 378.0 509.0 520.0 467.0 463.0 333.0 566.0 522.0 450.0 399.0 220.0 328.0 525.0 334.0 446.0 407.0 368.0 469.0 475.0 438.0 389.0 498.0 696.0 512.0 688.0 374.0 358.0 521.0 80.0 514.0 517.0 478.0 758.0 422.0 412.0 431.0 433.0 573.0 547.0 453.0 285.0 523.0 277.0 324.0 387.0 483.0 141.0 449.0 457.0 367.0 472.0 475.0 358.0 482.0 492.0 364.0 218.0 68.0 458.0 311.0 556.0 459.0 
318.0 400.0 218.0 277.0 294.0 27.0 349.0 393.0 213.0 257.0 279.0 466.0 260.0 134.0 402.0 288.0 246.0 345.0 290.0 330.0 237.0 312.0 230.0 225.0 311.0 454.0 155.0 222.0 131.0 344.0 285.0 130.0 165.0 190.0 321.0 36.0 425.0 0 254.0 120.0 305.0 303.0 294.0 275.0 335.0 98.0 287.0 216.0 265.0 224.0 354.0 276.0 91.0 385.0 178.0 258.0 333.0 305.0 225.0 286.0 503.0 101.0 495.0 241.0 281.0 263.0 466.0 361.0 286.0 174.0 565.0 207.0 203.0 230.0 104.0 218.0 332.0 339.0 140.0 292.0 301.0 370.0 223.0 257.0 405.0 261.0 159.0 272.0 238.0 282.0 179.0 216.0 68.0 240.0 328.0 357.0 299.0 350.0 253.0 258.0 
319.0 237.0 213.0 234.0 126.0 269.0 355.0 308.0 198.0 419.0 162.0 364.0 321.0 310.0 490.0 151.0 287.0 338.0 158.0 360.0 309.0 126.0 302.0 269.0 473.0 344.0 201.0 384.0 307.0 357.0 149.0 187.0 327.0 236.0 219.0 290.0 378.0 254.0 0 279.0 366.0 175.0 184.0 138.0 396.0 260.0 328.0 269.0 295.0 122.0 206.0 139.0 163.0 230.0 76.0 248.0 106.0 119.0 97.0 292.0 393.0 195.0 385.0 55.0 149.0 315.0 298.0 405.0 347.0 246.0 455.0 192.0 93.0 225.0 150.0 290.0 228.0 211.0 298.0 353.0 199.0 184.0 95.0 358.0 237.0 100.0 216.0 140.0 123.0 172.0 225.0 273.0 228.0 14.0 160.0 357.0 289.0 363.0 296.0 253.0 
302.0 384.0 202.0 293.0 319.0 93.0 344.0 379.0 93.0 243.0 329.0 423.0 350.0 254.0 385.0 189.0 312.0 375.0 274.0 420.0 357.0 296.0 350.0 211.0 297.0 438.0 210.0 208.0 251.0 330.0 165.0 116.0 151.0 310.0 278.0 156.0 509.0 120.0 279.0 0 353.0 264.0 278.0 176.0 425.0 84.0 276.0 202.0 379.0 227.0 237.0 177.0 211.0 346.0 229.0 308.0 318.0 218.0 182.0 281.0 487.0 85.0 479.0 225.0 265.0 304.0 491.0 347.0 372.0 294.0 549.0 87.0 187.0 214.0 224.0 338.0 259.0 300.0 259.0 382.0 258.0 354.0 184.0 243.0 430.0 327.0 145.0 256.0 304.0 266.0 186.0 202.0 52.0 265.0 353.0 441.0 291.0 336.0 373.0 242.0 
337.0 419.0 347.0 419.0 436.0 332.0 380.0 351.0 423.0 383.0 204.0 567.0 59.0 245.0 528.0 327.0 334.0 487.0 393.0 129.0 87.0 427.0 94.0 142.0 236.0 411.0 231.0 348.0 242.0 400.0 351.0 237.0 382.0 332.0 422.0 269.0 520.0 305.0 366.0 353.0 0 445.0 227.0 340.0 134.0 331.0 333.0 163.0 360.0 366.0 373.0 339.0 233.0 527.0 320.0 239.0 384.0 420.0 367.0 317.0 460.0 310.0 452.0 356.0 350.0 294.0 600.0 138.0 19.0 316.0 522.0 429.0 318.0 359.0 246.0 226.0 351.0 481.0 235.0 91.0 422.0 485.0 365.0 313.0 547.0 266.0 260.0 347.0 289.0 239.0 255.0 317.0 301.0 352.0 470.0 452.0 222.0 406.0 339.0 356.0 
408.0 326.0 262.0 283.0 215.0 330.0 404.0 483.0 183.0 507.0 309.0 413.0 386.0 359.0 475.0 235.0 341.0 163.0 333.0 456.0 358.0 186.0 351.0 339.0 561.0 519.0 250.0 472.0 356.0 444.0 233.0 334.0 415.0 285.0 268.0 339.0 467.0 303.0 175.0 264.0 445.0 0 359.0 222.0 475.0 348.0 465.0 318.0 369.0 171.0 258.0 223.0 212.0 82.0 125.0 353.0 281.0 171.0 82.0 341.0 568.0 349.0 560.0 230.0 292.0 364.0 387.0 475.0 426.0 295.0 630.0 177.0 268.0 274.0 199.0 339.0 280.0 36.0 347.0 432.0 248.0 244.0 80.0 485.0 326.0 247.0 363.0 289.0 270.0 347.0 274.0 338.0 316.0 161.0 249.0 431.0 394.0 450.0 374.0 302.0 
330.0 412.0 230.0 285.0 310.0 267.0 372.0 124.0 318.0 268.0 346.0 523.0 270.0 190.0 413.0 320.0 277.0 431.0 178.0 200.0 298.0 200.0 305.0 85.0 319.0 184.0 174.0 233.0 187.0 173.0 333.0 178.0 290.0 311.0 378.0 282.0 463.0 294.0 184.0 278.0 227.0 359.0 0 322.0 359.0 258.0 231.0 106.0 270.0 297.0 280.0 323.0 238.0 304.0 260.0 182.0 290.0 193.0 281.0 309.0 233.0 193.0 225.0 129.0 169.0 332.0 423.0 221.0 246.0 321.0 295.0 324.0 91.0 242.0 225.0 365.0 302.0 328.0 178.0 316.0 250.0 258.0 279.0 198.0 362.0 284.0 201.0 160.0 269.0 12.0 198.0 258.0 226.0 198.0 285.0 395.0 165.0 179.0 112.0 270.0 
247.0 324.0 142.0 117.0 213.0 269.0 284.0 349.0 83.0 346.0 274.0 247.0 295.0 280.0 375.0 13.0 313.0 385.0 218.0 365.0 323.0 239.0 323.0 311.0 473.0 482.0 222.0 311.0 277.0 300.0 11.0 292.0 327.0 204.0 102.0 311.0 333.0 275.0 138.0 176.0 340.0 222.0 322.0 0 318.0 260.0 243.0 290.0 203.0 51.0 227.0 1.0 184.0 304.0 97.0 274.0 142.0 208.0 144.0 221.0 531.0 220.0 523.0 193.0 163.0 244.0 385.0 447.0 321.0 267.0 593.0 89.0 231.0 154.0 171.0 311.0 249.0 258.0 268.0 327.0 82.0 181.0 142.0 276.0 324.0 238.0 321.0 172.0 237.0 310.0 246.0 310.0 228.0 152.0 247.0 265.0 315.0 294.0 346.0 182.0 
367.0 449.0 286.0 415.0 466.0 362.0 246.0 344.0 401.0 443.0 234.0 565.0 89.0 275.0 588.0 305.0 418.0 517.0 449.0 159.0 117.0 471.0 124.0 276.0 370.0 519.0 325.0 408.0 272.0 295.0 329.0 345.0 465.0 328.0 420.0 299.0 566.0 335.0 396.0 425.0 134.0 475.0 359.0 318.0 0 405.0 363.0 297.0 392.0 353.0 403.0 317.0 263.0 557.0 350.0 373.0 414.0 464.0 397.0 183.0 568.0 340.0 560.0 400.0 440.0 160.0 638.0 272.0 115.0 249.0 630.0 407.0 362.0 250.0 276.0 256.0 381.0 511.0 281.0 43.0 400.0 499.0 395.0 373.0 577.0 296.0 374.0 431.0 319.0 347.0 301.0 415.0 373.0 382.0 500.0 498.0 356.0 301.0 420.0 222.0 
282.0 364.0 182.0 361.0 379.0 71.0 324.0 357.0 177.0 221.0 305.0 491.0 330.0 232.0 366.0 272.0 228.0 353.0 254.0 400.0 335.0 276.0 328.0 189.0 275.0 418.0 159.0 186.0 229.0 308.0 249.0 94.0 129.0 284.0 346.0 134.0 522.0 98.0 260.0 84.0 331.0 348.0 258.0 260.0 405.0 0 254.0 180.0 362.0 249.0 318.0 261.0 189.0 380.0 272.0 240.0 315.0 269.0 266.0 261.0 467.0 65.0 459.0 205.0 245.0 284.0 499.0 325.0 350.0 272.0 529.0 171.0 167.0 194.0 198.0 316.0 296.0 384.0 237.0 362.0 326.0 334.0 268.0 221.0 438.0 243.0 123.0 236.0 220.0 246.0 164.0 131.0 32.0 267.0 361.0 454.0 269.0 314.0 351.0 222.0 
240.0 322.0 250.0 360.0 433.0 263.0 392.0 355.0 326.0 103.0 267.0 490.0 288.0 153.0 248.0 230.0 349.0 545.0 319.0 247.0 316.0 344.0 323.0 204.0 271.0 391.0 262.0 68.0 156.0 387.0 254.0 286.0 125.0 399.0 345.0 251.0 450.0 287.0 328.0 276.0 333.0 465.0 231.0 243.0 363.0 254.0 0 225.0 290.0 294.0 276.0 242.0 326.0 448.0 340.0 165.0 385.0 337.0 387.0 329.0 440.0 213.0 432.0 273.0 276.0 352.0 530.0 340.0 314.0 409.0 502.0 332.0 235.0 262.0 313.0 310.0 254.0 472.0 165.0 320.0 325.0 402.0 385.0 33.0 506.0 329.0 315.0 273.0 341.0 219.0 238.0 346.0 224.0 342.0 429.0 382.0 124.0 381.0 343.0 290.0 
400.0 420.0 184.0 292.0 309.0 189.0 350.0 230.0 295.0 262.0 248.0 481.0 222.0 126.0 407.0 303.0 171.0 345.0 272.0 292.0 250.0 306.0 257.0 21.0 255.0 290.0 68.0 227.0 123.0 262.0 301.0 86.0 247.0 205.0 336.0 218.0 399.0 216.0 269.0 202.0 163.0 318.0 106.0 290.0 297.0 180.0 225.0 0 239.0 239.0 386.0 291.0 132.0 400.0 193.0 118.0 258.0 299.0 240.0 287.0 339.0 183.0 331.0 235.0 229.0 304.0 479.0 157.0 182.0 215.0 401.0 289.0 197.0 220.0 119.0 259.0 408.0 354.0 114.0 254.0 310.0 364.0 238.0 192.0 420.0 186.0 115.0 226.0 163.0 118.0 92.0 168.0 150.0 255.0 343.0 331.0 101.0 268.0 218.0 248.0 
450.0 471.0 289.0 182.0 360.0 292.0 431.0 146.0 286.0 393.0 350.0 394.0 331.0 137.0 538.0 216.0 325.0 514.0 258.0 401.0 359.0 252.0 366.0 218.0 452.0 454.0 222.0 358.0 134.0 97.0 214.0 268.0 415.0 269.0 249.0 229.0 220.0 265.0 295.0 379.0 360.0 369.0 270.0 203.0 392.0 362.0 290.0 239.0 0 198.0 430.0 204.0 286.0 356.0 244.0 315.0 345.0 386.0 291.0 368.0 503.0 365.0 495.0 322.0 228.0 391.0 300.0 354.0 357.0 348.0 565.0 292.0 306.0 301.0 273.0 413.0 452.0 402.0 125.0 363.0 147.0 194.0 289.0 323.0 361.0 319.0 297.0 237.0 317.0 282.0 198.0 322.0 332.0 281.0 337.0 152.0 298.0 91.0 336.0 329.0 
298.0 273.0 91.0 112.0 162.0 251.0 233.0 344.0 134.0 397.0 256.0 242.0 307.0 275.0 426.0 64.0 262.0 334.0 213.0 377.0 279.0 234.0 272.0 260.0 462.0 457.0 171.0 362.0 272.0 295.0 62.0 265.0 316.0 199.0 97.0 260.0 328.0 224.0 122.0 227.0 366.0 171.0 297.0 51.0 353.0 249.0 294.0 239.0 198.0 0 278.0 52.0 133.0 253.0 46.0 269.0 193.0 241.0 93.0 170.0 506.0 184.0 498.0 177.0 158.0 193.0 334.0 396.0 347.0 216.0 568.0 140.0 206.0 103.0 120.0 260.0 300.0 207.0 263.0 353.0 77.0 176.0 91.0 327.0 273.0 194.0 294.0 167.0 217.0 285.0 195.0 259.0 217.0 108.0 196.0 260.0 310.0 289.0 295.0 131.0 
226.0 308.0 290.0 344.0 332.0 327.0 432.0 404.0 144.0 379.0 307.0 364.0 328.0 388.0 436.0 240.0 463.0 421.0 254.0 398.0 356.0 222.0 363.0 365.0 531.0 440.0 406.0 344.0 385.0 452.0 216.0 350.0 385.0 431.0 311.0 390.0 525.0 354.0 206.0 237.0 373.0 258.0 280.0 227.0 403.0 318.0 276.0 386.0 430.0 278.0 0 228.0 369.0 268.0 282.0 344.0 312.0 87.0 245.0 369.0 489.0 253.0 481.0 151.0 245.0 392.0 445.0 501.0 354.0 452.0 551.0 150.0 189.0 302.0 356.0 350.0 22.0 222.0 394.0 360.0 309.0 280.0 247.0 309.0 384.0 306.0 379.0 236.0 329.0 268.0 420.0 436.0 286.0 220.0 307.0 492.0 385.0 458.0 392.0 330.0 
246.0 325.0 143.0 118.0 214.0 270.0 285.0 350.0 84.0 345.0 273.0 248.0 294.0 281.0 376.0 12.0 314.0 386.0 219.0 364.0 322.0 240.0 324.0 312.0 474.0 483.0 223.0 310.0 278.0 301.0 12.0 293.0 328.0 205.0 103.0 312.0 334.0 276.0 139.0 177.0 339.0 223.0 323.0 1.0 317.0 261.0 242.0 291.0 204.0 52.0 228.0 0 185.0 305.0 98.0 275.0 143.0 209.0 145.0 222.0 532.0 219.0 524.0 194.0 164.0 245.0 386.0 448.0 320.0 268.0 594.0 90.0 232.0 155.0 172.0 312.0 250.0 259.0 269.0 326.0 83.0 182.0 143.0 275.0 325.0 239.0 322.0 173.0 238.0 311.0 247.0 311.0 229.0 153.0 248.0 266.0 316.0 295.0 347.0 183.0 
396.0 314.0 168.0 186.0 203.0 118.0 258.0 307.0 235.0 348.0 232.0 375.0 174.0 173.0 493.0 197.0 155.0 254.0 321.0 244.0 146.0 289.0 139.0 153.0 387.0 422.0 64.0 313.0 170.0 258.0 195.0 158.0 256.0 99.0 230.0 127.0 446.0 91.0 163.0 211.0 233.0 212.0 238.0 184.0 263.0 189.0 326.0 132.0 286.0 133.0 369.0 185.0 0 294.0 87.0 167.0 242.0 282.0 134.0 195.0 471.0 192.0 463.0 218.0 278.0 172.0 375.0 289.0 214.0 83.0 533.0 229.0 256.0 180.0 13.0 127.0 391.0 248.0 161.0 220.0 210.0 309.0 132.0 299.0 314.0 170.0 187.0 275.0 147.0 250.0 88.0 152.0 159.0 149.0 237.0 378.0 208.0 264.0 162.0 182.0 
452.0 408.0 344.0 322.0 297.0 389.0 486.0 428.0 265.0 539.0 391.0 495.0 468.0 433.0 557.0 317.0 423.0 245.0 278.0 480.0 440.0 104.0 433.0 389.0 593.0 464.0 332.0 504.0 430.0 453.0 315.0 412.0 447.0 367.0 350.0 421.0 407.0 385.0 230.0 346.0 527.0 82.0 304.0 304.0 557.0 380.0 448.0 400.0 356.0 253.0 268.0 305.0 294.0 0 207.0 368.0 336.0 181.0 164.0 423.0 513.0 315.0 505.0 175.0 269.0 446.0 327.0 525.0 508.0 377.0 575.0 259.0 213.0 356.0 281.0 421.0 290.0 46.0 421.0 514.0 287.0 162.0 162.0 478.0 266.0 329.0 441.0 260.0 352.0 292.0 356.0 420.0 348.0 243.0 189.0 418.0 409.0 447.0 416.0 384.0 
309.0 227.0 137.0 158.0 116.0 205.0 279.0 368.0 148.0 430.0 210.0 288.0 261.0 234.0 440.0 110.0 216.0 288.0 234.0 331.0 233.0 202.0 226.0 214.0 448.0 420.0 125.0 395.0 231.0 319.0 108.0 219.0 343.0 160.0 143.0 214.0 368.0 178.0 76.0 229.0 320.0 125.0 260.0 97.0 350.0 272.0 340.0 193.0 244.0 46.0 282.0 98.0 87.0 207.0 0 228.0 182.0 195.0 47.0 216.0 469.0 230.0 461.0 131.0 193.0 239.0 288.0 350.0 301.0 170.0 531.0 142.0 169.0 149.0 74.0 214.0 304.0 161.0 222.0 307.0 123.0 222.0 45.0 360.0 227.0 148.0 248.0 190.0 171.0 248.0 149.0 213.0 246.0 62.0 150.0 306.0 269.0 325.0 249.0 177.0 
405.0 431.0 219.0 227.0 320.0 285.0 385.0 306.0 357.0 202.0 261.0 465.0 298.0 202.0 347.0 287.0 184.0 395.0 154.0 346.0 313.0 264.0 306.0 97.0 331.0 366.0 115.0 167.0 199.0 309.0 285.0 192.0 224.0 240.0 320.0 294.0 469.0 258.0 248.0 308.0 239.0 353.0 182.0 274.0 373.0 240.0 165.0 118.0 315.0 269.0 344.0 275.0 167.0 368.0 228.0 0 271.0 257.0 275.0 322.0 415.0 279.0 407.0 193.0 111.0 339.0 428.0 233.0 258.0 250.0 477.0 363.0 177.0 255.0 154.0 294.0 366.0 389.0 190.0 330.0 192.0 317.0 273.0 132.0 367.0 199.0 215.0 108.0 176.0 194.0 139.0 181.0 256.0 262.0 290.0 401.0 41.0 315.0 294.0 283.0 
389.0 343.0 284.0 259.0 232.0 360.0 426.0 414.0 225.0 473.0 180.0 389.0 339.0 299.0 517.0 155.0 259.0 444.0 264.0 409.0 367.0 232.0 374.0 279.0 513.0 450.0 190.0 438.0 296.0 384.0 153.0 284.0 433.0 315.0 244.0 369.0 475.0 333.0 106.0 318.0 384.0 281.0 290.0 142.0 414.0 315.0 385.0 258.0 345.0 193.0 312.0 143.0 242.0 336.0 182.0 271.0 0 225.0 203.0 363.0 499.0 301.0 491.0 161.0 255.0 386.0 404.0 415.0 365.0 325.0 561.0 231.0 199.0 296.0 229.0 369.0 334.0 317.0 287.0 371.0 224.0 290.0 201.0 403.0 343.0 118.0 313.0 246.0 95.0 278.0 214.0 256.0 334.0 120.0 266.0 407.0 312.0 390.0 402.0 324.0 
313.0 356.0 241.0 274.0 245.0 278.0 383.0 317.0 125.0 428.0 281.0 451.0 389.0 383.0 417.0 221.0 406.0 334.0 167.0 369.0 417.0 135.0 421.0 278.0 482.0 353.0 320.0 393.0 380.0 366.0 197.0 301.0 336.0 355.0 310.0 341.0 438.0 305.0 119.0 218.0 420.0 171.0 193.0 208.0 464.0 269.0 337.0 299.0 386.0 241.0 87.0 209.0 282.0 181.0 195.0 257.0 225.0 0 216.0 320.0 402.0 204.0 394.0 64.0 158.0 343.0 358.0 414.0 415.0 365.0 464.0 131.0 102.0 253.0 269.0 409.0 109.0 135.0 371.0 421.0 239.0 193.0 214.0 367.0 297.0 219.0 330.0 149.0 242.0 181.0 344.0 387.0 237.0 133.0 220.0 448.0 298.0 372.0 305.0 281.0 
330.0 248.0 184.0 205.0 137.0 252.0 326.0 405.0 101.0 425.0 231.0 335.0 308.0 281.0 393.0 157.0 263.0 245.0 255.0 378.0 280.0 223.0 273.0 261.0 479.0 441.0 172.0 390.0 278.0 366.0 155.0 256.0 333.0 207.0 190.0 261.0 389.0 225.0 97.0 182.0 367.0 82.0 281.0 144.0 397.0 266.0 387.0 240.0 291.0 93.0 245.0 145.0 134.0 164.0 47.0 275.0 203.0 216.0 0 263.0 490.0 267.0 482.0 152.0 214.0 286.0 309.0 397.0 348.0 217.0 552.0 95.0 190.0 196.0 121.0 261.0 267.0 118.0 269.0 354.0 170.0 269.0 2.0 407.0 248.0 169.0 285.0 211.0 192.0 269.0 196.0 260.0 234.0 83.0 171.0 353.0 316.0 372.0 296.0 224.0 
333.0 415.0 103.0 278.0 332.0 270.0 63.0 389.0 304.0 420.0 360.0 412.0 272.0 328.0 565.0 234.0 272.0 449.0 305.0 342.0 300.0 327.0 307.0 308.0 474.0 469.0 219.0 385.0 325.0 340.0 232.0 293.0 328.0 191.0 267.0 322.0 498.0 286.0 292.0 281.0 317.0 341.0 309.0 221.0 183.0 261.0 329.0 287.0 368.0 170.0 369.0 222.0 195.0 423.0 216.0 322.0 363.0 320.0 263.0 0 518.0 196.0 510.0 256.0 296.0 23.0 504.0 444.0 298.0 112.0 580.0 310.0 218.0 67.0 208.0 322.0 347.0 377.0 316.0 226.0 247.0 346.0 261.0 362.0 443.0 325.0 322.0 287.0 302.0 297.0 243.0 307.0 229.0 278.0 366.0 430.0 363.0 346.0 237.0 39.0 
539.0 621.0 439.0 494.0 519.0 476.0 581.0 357.0 527.0 477.0 555.0 732.0 479.0 423.0 622.0 529.0 510.0 664.0 387.0 409.0 507.0 409.0 514.0 318.0 552.0 51.0 407.0 442.0 420.0 406.0 542.0 411.0 499.0 544.0 587.0 515.0 696.0 503.0 393.0 487.0 460.0 568.0 233.0 531.0 568.0 467.0 440.0 339.0 503.0 506.0 489.0 532.0 471.0 513.0 469.0 415.0 499.0 402.0 490.0 518.0 0 402.0 8.0 338.0 378.0 541.0 632.0 454.0 479.0 554.0 78.0 533.0 300.0 451.0 458.0 598.0 511.0 537.0 411.0 525.0 459.0 467.0 488.0 407.0 571.0 493.0 434.0 369.0 502.0 221.0 431.0 491.0 435.0 407.0 494.0 628.0 398.0 412.0 345.0 479.0 
217.0 299.0 117.0 296.0 321.0 74.0 259.0 317.0 178.0 224.0 244.0 426.0 265.0 235.0 369.0 207.0 290.0 356.0 189.0 335.0 293.0 211.0 300.0 192.0 278.0 353.0 191.0 189.0 232.0 311.0 231.0 97.0 132.0 291.0 281.0 137.0 512.0 101.0 195.0 85.0 310.0 349.0 193.0 220.0 340.0 65.0 213.0 183.0 365.0 184.0 253.0 219.0 192.0 315.0 230.0 279.0 301.0 204.0 267.0 196.0 402.0 0 394.0 140.0 180.0 219.0 434.0 328.0 291.0 275.0 464.0 172.0 102.0 129.0 205.0 287.0 231.0 339.0 240.0 297.0 261.0 269.0 269.0 224.0 373.0 295.0 126.0 171.0 285.0 181.0 167.0 183.0 33.0 209.0 296.0 444.0 272.0 317.0 305.0 157.0 
531.0 613.0 431.0 486.0 511.0 468.0 573.0 349.0 519.0 469.0 547.0 724.0 471.0 415.0 614.0 521.0 502.0 656.0 379.0 401.0 499.0 401.0 506.0 310.0 544.0 59.0 399.0 434.0 412.0 398.0 534.0 403.0 491.0 536.0 579.0 507.0 688.0 495.0 385.0 479.0 452.0 560.0 225.0 523.0 560.0 459.0 432.0 331.0 495.0 498.0 481.0 524.0 463.0 505.0 461.0 407.0 491.0 394.0 482.0 510.0 8.0 394.0 0 330.0 370.0 533.0 624.0 446.0 471.0 546.0 70.0 525.0 292.0 443.0 450.0 590.0 503.0 529.0 403.0 517.0 451.0 459.0 480.0 399.0 563.0 485.0 426.0 361.0 494.0 213.0 423.0 483.0 427.0 399.0 486.0 620.0 390.0 404.0 337.0 471.0 
277.0 292.0 177.0 210.0 181.0 214.0 319.0 253.0 189.0 364.0 217.0 419.0 325.0 319.0 481.0 206.0 342.0 393.0 103.0 305.0 353.0 71.0 357.0 214.0 418.0 289.0 256.0 329.0 316.0 302.0 204.0 237.0 272.0 291.0 274.0 277.0 374.0 241.0 55.0 225.0 356.0 230.0 129.0 193.0 400.0 205.0 273.0 235.0 322.0 177.0 151.0 194.0 218.0 175.0 131.0 193.0 161.0 64.0 152.0 256.0 338.0 140.0 330.0 0 94.0 279.0 294.0 350.0 351.0 301.0 400.0 195.0 38.0 189.0 205.0 345.0 173.0 199.0 307.0 357.0 175.0 129.0 150.0 303.0 233.0 155.0 266.0 85.0 178.0 117.0 280.0 323.0 173.0 69.0 156.0 384.0 234.0 308.0 241.0 217.0 
317.0 354.0 217.0 116.0 243.0 254.0 359.0 293.0 246.0 313.0 311.0 354.0 365.0 305.0 458.0 176.0 295.0 455.0 55.0 345.0 393.0 165.0 400.0 208.0 442.0 329.0 226.0 278.0 302.0 325.0 174.0 277.0 312.0 203.0 209.0 317.0 358.0 281.0 149.0 265.0 350.0 292.0 169.0 163.0 440.0 245.0 276.0 229.0 228.0 158.0 245.0 164.0 278.0 269.0 193.0 111.0 255.0 158.0 214.0 296.0 378.0 180.0 370.0 94.0 0 319.0 351.0 344.0 369.0 282.0 440.0 252.0 78.0 229.0 265.0 387.0 267.0 293.0 293.0 397.0 81.0 206.0 212.0 243.0 290.0 249.0 306.0 9.0 272.0 157.0 250.0 292.0 213.0 163.0 213.0 290.0 152.0 319.0 281.0 257.0 
356.0 438.0 126.0 255.0 355.0 290.0 86.0 366.0 327.0 443.0 383.0 435.0 249.0 345.0 588.0 257.0 295.0 426.0 328.0 319.0 277.0 350.0 284.0 325.0 497.0 492.0 236.0 408.0 342.0 317.0 255.0 316.0 351.0 168.0 290.0 299.0 521.0 263.0 315.0 304.0 294.0 364.0 332.0 244.0 160.0 284.0 352.0 304.0 391.0 193.0 392.0 245.0 172.0 446.0 239.0 339.0 386.0 343.0 286.0 23.0 541.0 219.0 533.0 279.0 319.0 0 527.0 432.0 275.0 89.0 603.0 333.0 241.0 90.0 185.0 299.0 370.0 400.0 333.0 203.0 270.0 369.0 284.0 385.0 466.0 342.0 345.0 310.0 319.0 320.0 260.0 324.0 252.0 301.0 389.0 453.0 380.0 323.0 260.0 62.0 
