100
iiiiiiii pppppppp b x ppppp mmmmmmmm ttttttt xxxx mm ssss o ffff k xxxxx jjj zzz q eeeeeee uuu yy ll tttt gggggggg bbbbbb ccccccc aaaaaaaa wwww oooooooo j eeeeee uuuuuu cccc d aaaa llllll xxxxxxx wwwww bbbbbbbb ee nnn ggggg rr zzzzz kkkk a lll llllllll ooooo sssssss eeee iiiiiii xxx aaaaaa uuuuuuu rrrrr hhhhhhh uu bbbbbbb kkkkkkkk ttttt qqq s kkkkkk dd aaa vvvvvv fffff rrrrrr cc tt wwwwww sssss qq ssssss jjjj tttttt mmmm ggggggg vvvvv hhhh oooooo jjjjjj eeeee yyyyyyy ffffffff dddd e aa hhh sss pppp gggg lllllll qqqqqq nnnnnn m vvv cccccc ii ffffff
0 171.6072 133.6002 50.2495 56.8508 195.9414 212.4548 82.4622 188.0666 86.6834 66.6409 232.6909 232.1057 166.0182 86.4524 125.16 200.3523 132.2196 95.4621 250.8905 153.2352 217.5179 190.6254 91.0056 130.1731 231.7953 83.0061 59.4644 283.8768 139.8071 161.6973 276.6027 264.8038 162.8651 125.8015 146.2191 82.2923 192.3019 230.8529 104.7379 164.8394 88.8427 235.5675 82.8735 96.6748 73.9257 99.9851 101.6515 199.2512 195.2563 226.4973 138.5209 29.428 144.0036 164.7696 202.5489 111.5169 233.5852 159.063 139.7427 225.3043 46.1737 213.3379 281.0873 82.4622 202.4847 181.7939 140.9434 87.0001 106.231 231.9527 215.6039 225.5771 166.7694 129.5416 148.125 101.0199 88.6455 197.5906 97.0001 237.1541 161.0591 132.1969 270.8229 201.1021 104.5611 169.0563 153.395 25.0201 274.1278 115.486 102.0834 230.3607 90.2442 183.1421 150.2066 81.3205 156.5408 179.5245 125.0321 
171.6072 0 75.8025 214.4482 204.1985 127.0985 356.2163 92.049 266.8109 198.8795 236.8123 279.4746 78.8924 335.5251 226.9913 193.4995 314.1593 39.4589 265.9324 201.0996 323.274 294.8102 302.1739 209.201 117.7201 119.8667 91.088 124.7759 426.1984 283.445 63.2852 420.6401 410.0001 333.8084 78.0321 140.6308 137.6409 121.0662 335.7738 276.3278 329.1885 82.7648 362.8293 246.0997 254.0493 126.4912 83.5465 154.4346 189.8421 256.4255 110.1636 309.5885 142.2007 313.0656 321.7112 304.8689 278.6917 371.5711 286.566 226.3737 184.0028 164.3686 130.2307 423.3876 220.3839 41.3402 337.2507 102.1568 229.713 277.2004 326.3082 356.438 351.2408 252.0021 278.1727 264.5941 271.5328 221.6056 64.0704 138.6219 237.2278 206.7874 263.0305 227.2709 366.4766 256.8269 67.0299 18.7884 167.2992 214.3573 233.521 224.5886 110.5487 224.6621 339.7559 294.0018 113.3579 261.5646 351.0699 292.8823 
133.6002 75.8025 0 183.2213 147.462 184.2282 341.4851 57.1403 280.8168 132.0342 199.4243 307.1678 103.5858 297.9347 164.6846 204.9781 314.6968 55.5429 227.4072 258.3584 284.7877 310.9229 303.3563 201.1891 148.0541 190.2053 57.4544 112.2543 413.1647 218.0574 29.411 406.4334 394.9305 292.9335 7.8103 174.0719 71.2532 178.2724 341.2478 232.166 298.4243 65.1461 357.7947 192.1693 228.5805 124.6516 35.8051 82.0001 232.1423 277.0272 93.3489 261.7041 108.2082 276.4635 297.4694 310.4594 244.9511 360.6065 279.3028 233.9851 237.2447 108.4667 192.7538 410.3426 204.2769 83.6003 314.2739 140.5775 167.8631 230.0827 336.311 343.5259 279.1201 262.2919 258.9402 261.7251 223.5801 208.0025 66.7609 149.1644 279.8661 229.3405 253.0712 284.0177 334.5102 234.7638 126.59 68.8841 119.4195 275.3925 164.3473 157.2579 97.0001 210.6016 315.9051 228.1777 54.6261 188.4729 304.5588 258.2132 
50.2495 214.4482 183.2213 0 81.0248 214.1823 162.9295 129.85 159.4241 120.3371 27.203 210.661 279.5784 121.2973 104.5611 113.146 158.4551 175.8552 54.0001 257.1246 109.4441 186.5504 150.0301 64.3507 148.2769 256.5386 130.1731 91.5916 234.0877 144.2672 210.801 226.6849 214.8303 121.0621 175.411 156.7324 131.2289 211.7476 190.1684 71.3093 116.1078 132.9136 188.7883 78.4921 46.6155 98.0001 148.8087 148.1419 199.7299 172.1919 276.3839 106.9627 75.7167 98.7624 114.5514 164.2469 64.2574 184.7188 115.1174 115.486 231.847 91.2854 232.8348 231.3116 45.2218 248.2439 131.5524 163.4871 103.3248 78.0001 194.4352 166.4813 232.7102 138.3511 80.4985 109.371 75.5911 52.8111 246.0103 109.6359 229.8109 149.2817 89.2021 273.4814 153.0001 55.4618 200.0626 195.7576 71.197 281.1922 139.7427 127.0119 280.1661 52.8868 132.9437 153.1177 131.5524 180.0556 143.1713 78.4348 
56.8508 204.1985 147.462 81.0248 0 249.3533 235.1362 112.6411 237.6911 40.5217 76.8441 285.701 251.032 161.2266 29.6986 180.2472 239.2092 165.6805 96.255 307.0929 147.7871 265.9362 231.0023 139.9787 184.8054 281.4695 113.7454 112.0715 303.7533 85.4752 176.822 295.6299 283.5508 152.7515 140.4636 202.3562 78.0001 245.2836 271.0665 91.9675 170.8919 125.718 266.3908 44.9445 121.5978 128.6896 122.2008 82.976 256.088 247.6228 233.0258 116.3616 75.8025 142.5238 180.2361 245.2469 119.0799 258.6775 195.502 191.0184 281.5565 40.0501 265.9945 301.0948 125.0281 227.4908 197.2233 193.6622 30.6106 86.6084 275.4089 240.0272 169.1775 216.3424 156.7324 190.3183 79.6305 132.3708 214.1823 153.4439 293.7245 216.6011 170.0472 327.428 202.7265 132.8346 215.8241 187.7712 41.5934 330.1061 60.4071 47.1276 237.5417 132.9663 197.2943 96.177 94.048 101.5924 159.2389 128.9691 
195.9414 127.0985 184.2282 214.1823 249.3533 0 303.8422 157.4326 180.0945 264.2519 241.367 171.8256 198.1162 324.8154 278.4763 128.2654 242.0125 128.7518 266.7322 74.733 315.6265 201.4672 230.4887 172.003 66.4832 50.6953 156.0289 137.3791 365.4656 334.6417 184.946 362.1382 353.6242 329.3176 181.8599 61.0329 215.2325 6.0829 253.8701 285.4909 307.0262 139.6282 294.3893 278.2105 234.6168 122.0902 167.3859 239.6165 73.0069 161.208 237.0022 321.1247 173.6233 303.2953 289.1713 226.02 268.9109 311.681 230.673 157.8513 57.1403 218.1858 19.0264 362.8568 193.3728 162.8896 300.6727 55.8033 279.8465 291.6609 238.6568 301.0815 417.2003 173.5656 243.594 205.2317 288.4026 190.0659 191.0106 104.5467 115.6937 118.0721 215.6966 100.8068 342.4224 231.0542 60.4071 121.0166 208.0217 91.2854 299.483 287.2108 237.076 193.0415 304.3814 345.2493 189.6208 336.7285 355.4491 282.4926 
212.4548 356.2163 341.4851 162.9295 235.1362 303.8422 0 285.1124 139.4347 275.5305 158.3983 188.2234 429.8489 111.6827 248.8474 176.5107 75.4322 321.7593 142.415 308.1965 118.0679 140.1322 82.7346 147.0545 254.0946 354.3022 285.0703 234.4377 71.7009 261.1227 367.0709 65.0539 53.9074 127.8829 333.768 245.1225 294.1514 304.5998 92.3581 157.8133 81.3942 282.9701 47.17 208.0794 116.469 229.8044 305.8661 310.4707 250.252 164.5966 434.6149 165.097 233.8056 112.4456 58.1379 97.2678 118.6635 25.0001 73.3895 146.0309 289.263 253.7973 321.8852 68.8841 137.9022 394.9647 44.4073 273.3094 246.1748 169.4994 112.3789 8.6024 336.6305 135.37 83.0061 98.6713 174.9287 135.37 399.6562 220.9118 249.0643 189.3912 93.4934 311.3616 83.6003 107.8982 319.3134 337.8003 234.0962 330.0016 284.074 273.8358 438.0012 132.4576 47.0745 265.0076 292.8004 318.4871 157.0988 113.5342 
82.4622 92.049 57.1403 129.85 112.6411 157.4326 285.1124 0 226.0466 113.146 149.0538 256.33 149.8834 248.4553 137.0329 150.8146 257.7073 53.0849 177.9242 227.108 235.6969 256.3631 246.4347 144.0626 105.9482 178.2163 1.4143 55.7137 356.7213 194.3657 82.0367 350.1386 338.7404 245.2041 49.7394 131.0421 58.0001 152.1185 284.6139 186.1237 245.9351 17.8046 300.6727 154.052 173.8334 70.0358 21.471 82.2011 190.801 224.1541 149.5762 218.4766 54.2034 226.3648 242.8601 253.9489 193.2978 303.8323 222.1825 178.3705 203.4946 73.3486 170.5316 353.8956 147.5128 120.1667 259.4168 104.8095 139.4885 186.1318 280.3178 286.9234 268.4121 206.8914 202.9705 204.6584 180.2361 151.0299 116.2498 97.0825 237.0022 178.1798 196.0103 251.3664 282.6766 179.2123 110.4356 75.1666 75.3261 247.1316 148.9464 138.2933 152.8988 153.6751 261.2835 205.0806 32.2026 182.6281 260.4862 207.0774 
188.0666 266.8109 280.8168 159.4241 237.6911 180.0945 139.4347 226.0466 0 273.7244 177.0989 56.7275 345.6068 207.762 263.5015 75.9606 66.4832 241.9443 184.8352 170.426 205.0611 30.4139 57.0001 97.8622 149.8066 230.2087 225.3287 170.8363 190.1606 301.9024 299.0001 188.2818 181.5931 219.6179 274.2354 130.8168 261.4901 182.4967 73.7836 208.2139 178.8772 215.6711 117.6309 236.2817 138.2209 156.3203 246.9819 285.0861 115.7412 25.1795 365.9782 235.7733 192.2109 193.2098 151.6114 47.1276 170.6606 139.7034 78.7148 49.0409 153.7694 233.5488 196.0103 187.7579 114.2323 308.1381 155.0807 167.4755 262.4882 219.7181 60.1416 134.0598 389.5973 21.3777 119.0967 60.877 221.0567 106.6256 323.4147 132.6199 109.6587 63.127 85.5629 172.0466 204.4628 126.8228 212.9344 250.9124 212.8498 191.3767 297.8591 284.7386 368.1101 106.7756 159.5307 309.9307 247.7782 338.733 251.9088 178.2135 
86.6834 198.8795 132.0342 120.3371 40.5217 264.2519 275.5305 113.146 273.7244 0 117.3415 319.3635 233.8569 197.4336 36.7152 211.6248 278.7921 163.1932 135.5324 327.5669 184.1332 302.655 270.2666 175.9319 203.2167 290.4498 114.4903 131.0344 343.7966 86.0234 160.1126 335.5966 323.5136 187.4488 126.2538 223.8259 61.6605 259.5574 310.4659 128.4057 209.5759 129.4953 306.8584 76.3807 162.0495 149.4022 115.5207 54.1203 280.6796 281.8316 208.4347 147.628 94.8684 180.0695 220.2295 284.0001 158.7767 299.1522 235.3318 225.9426 302.4236 47.0107 279.4012 341.157 163.0768 215.3928 237.1182 208.7416 40.3114 121.0827 314.0256 280.4943 155.3095 252.353 197.203 229.0001 114.022 170.1882 196.6521 176.9549 321.3099 247.164 209.5377 349.5212 240.0001 173.1734 222.9485 184.6944 63.5611 349.6571 35.847 25.71 213.2136 171.0732 237.0339 96.1874 85.7264 73.1096 189.4018 167.9435 
66.6409 236.8123 199.4243 27.203 76.8441 241.367 158.3983 149.0538 177.0989 117.3415 0 230.5516 298.7441 99.4033 94.048 137.9059 166.5894 197.6994 29.1205 283.72 86.7296 202.4081 159.6654 86.9771 175.3911 283.4362 149.5628 116.3487 227.6599 124.888 227.9233 219.7135 207.6633 97.0156 191.6691 183.8723 140.8014 238.8997 198.8166 44.1476 99.8249 154.3309 190.0659 59.7747 46.011 124.2579 166.4813 153.9416 225.7965 192.2135 291.6026 79.8312 95.2734 77.3693 104.6232 175.525 46.011 181.8379 122.4092 136.4002 258.5364 98.5952 260.0001 224.9645 64.8152 268.8886 121.795 190.3787 92.0001 50.9903 205.7305 163.1932 212.5325 156.6685 80.6227 122.123 49.0919 72.2012 264.0929 136.8212 254.2067 173.4158 99.0405 299.5798 135.2073 58.0346 226.02 218.3049 81.4679 307.8263 130.0616 118.4231 295.6299 71.2812 122.3194 132.8346 145.8013 168.4281 117.0044 58.8219 
232.6909 279.4746 307.1678 210.661 285.701 171.8256 188.2234 256.33 56.7275 319.3635 230.5516 0 357.7067 264.2367 312.9234 109.1789 112.7919 261.4671 240.354 139.1295 261.7481 48.5078 106.6256 146.7414 163.2177 217.8303 255.3841 204.1202 228.1075 354.6224 321.1745 228.0089 223.3787 276.2789 301.4051 138.9281 299.2208 175.8552 105.0429 263.7822 234.932 243.1873 157.2038 288.7647 193.848 187.0028 275.9602 324.0063 99.0859 38.4709 385.3337 292.1388 231.5104 249.9281 207.1715 90.9561 227.0353 183.4476 134.5289 95.2734 129.85 276.3712 183.8533 226.0554 166.2078 320.2578 209.3037 177.3416 312.2468 275.0456 84.2913 181.6866 442.8319 74.6526 175.8239 117.5926 276.0073 158.6475 340.5776 159.2546 70.5763 78.1602 142.1725 133.1541 258.9383 182.7841 217.8831 265.9794 256.6029 155.9007 346.1012 332.7733 386.8037 159.3268 213.7757 363.0772 282.0639 387.2907 308.6034 234.866 
232.1057 78.8924 103.5858 279.5784 251.032 198.1162 429.8489 149.8834 345.6068 233.8569 298.7441 357.7067 0 398.0767 267.7108 271.8125 391.5611 108.2452 327.4386 268.6728 385.1884 373.6965 379.6381 283.6989 196.5961 176.4087 149.4825 195.5327 500.6846 319.5075 74.3304 494.7263 483.7562 394.1828 110.603 219.1462 174.4277 192.3981 414.0049 334.0734 395.6831 147.8717 439.2779 295.6705 322.5602 200.8383 132.6199 181.0691 265.7067 335.288 54.0371 364.6109 204.0712 376.1091 391.3695 383.021 343.1808 446.4808 362.0498 304.4291 255.0001 211.8137 196.6521 497.8605 292.3578 37.59 407.571 180.6766 270.9687 332.7102 404.9655 430.674 373.0765 330.4922 349.6113 341.0133 326.3527 294.4912 37.2157 216.1482 312.1619 285.659 337.5575 294.4352 432.5195 326.8885 141.3826 95.0001 221.2081 278.0163 264.0077 258.3797 51.0393 297.4308 409.7049 329.2978 157.5628 282.3049 407.3255 356.9483 
166.0182 335.5251 297.9347 121.2973 161.2266 324.8154 111.6827 248.4553 207.762 197.4336 99.4033 264.2367 398.0767 0 163.6827 203.5019 164.0153 296.6548 70.6613 353.2932 13.4537 222.3961 164.0733 153.584 262.002 371.0217 248.966 212.7206 162.6039 159.1101 326.7416 153.6393 142.285 16.2789 290.2414 264.1856 235.4104 323.4472 191.9506 69.311 31.9062 253.4029 157.6643 121.4003 90.1999 217.3685 265.6484 244.0759 292.7201 230.3412 389.1286 58.4638 194.6177 22.5611 60.8031 182.483 57.7063 135.8235 130.0962 186.2526 329.8486 193.0027 343.8387 160.4495 131.4611 368.2419 68.1543 279.1793 160.3279 76.6095 207.7114 119.8542 227.2203 193.127 90.3384 147.6653 83.6003 135.2037 363.1915 223.036 308.7071 232.1423 124.7799 364.0509 43.8635 94.726 319.1521 316.8912 178.7178 377.2003 194.7435 187.5234 393.3142 132.3708 64.8461 160.823 243.7069 222.4973 46.8723 43.4167 
86.4524 226.9913 164.6846 104.5611 29.6986 278.4763 248.8474 137.0329 263.5015 36.7152 94.048 312.9234 267.7108 163.6827 0 208.7511 260.2327 189.4519 106.6069 336.773 150.6022 291.0465 252.7925 166.4333 214.2733 309.4722 138.2463 141.4002 315.0874 57.5848 193.4943 306.6481 294.593 152.7515 158.3162 232.0389 93.4346 274.3029 292.3851 95.7707 178.4658 151.4762 283.4256 42.5442 140.0572 158.2562 143.6838 90.2498 285.701 274.6435 244.4607 111.7588 104.8619 147.733 191.9715 267.918 130.3611 273.1301 216.1135 217.8303 311.2428 63.8906 294.8984 312.5253 149.6463 247.0507 208.406 222.7129 3.6057 87.092 298.1813 254.4662 139.5171 242.2603 174.4851 213.4128 80.1562 157.1752 230.5212 183.1421 322.9428 245.2469 191.7552 357.1233 206.93 152.0034 243.1832 211.4428 70.4558 359.7556 36.014 25.0001 249.1908 157.4104 207.8678 68.3521 114.2148 75.5051 153.0524 137.7862 
125.16 193.4995 204.9781 113.146 180.2472 128.2654 176.5107 150.8146 75.9606 211.6248 137.9059 109.1789 271.8125 203.5019 208.7511 0 122.0247 166.5804 156.4162 150.2166 196.1633 105.9482 109.9865 52.3547 80.0001 178.2639 150.0301 96.4211 241.1826 255.6659 223.0898 237.0233 227.7587 210.642 198.4869 68.6223 190.3183 128.5497 142.2745 178.631 182.1017 139.8429 172.8613 190.6857 115.5207 80.8085 171.4935 214.9326 90.0778 74.0271 290.2586 212.2288 122.3316 183.5212 162.0124 111.3958 151.7136 186.4967 103.1214 33.3018 126.3844 167.6098 146.8129 238.4723 76.0593 234.6168 172.7427 99.0455 208.5427 187.8564 133.6002 174.3847 344.0059 58.8304 117.2093 78.0001 186.8155 70.2639 248.1956 56.798 116.6749 36.6198 87.5729 163.2484 216.1135 108.9313 145.6607 176.8192 148.314 174.2901 240.2042 226.7908 292.4809 72.6155 176.556 265.0454 174.2872 281.4002 239.9418 163.811 
200.3523 314.1593 314.6968 158.4551 239.2092 242.0125 75.4322 257.7073 66.4832 278.7921 166.5894 112.7919 391.5611 164.0153 260.2327 122.0247 0 284.2553 163.4871 236.9073 165.0758 64.8461 12.0417 114.1272 201.9357 292.6432 257.3034 202.5563 124.3263 287.4457 336.7745 122.0247 115.1174 178.4041 307.4233 187.5234 281.2207 243.7315 32.2491 185.0001 132.4576 251.1136 52.3928 225.2844 120.934 192.5202 279.1775 301.9571 181.4167 91.1374 404.9692 204.8244 213.6002 155.0807 103.3926 21.8404 143.2795 73.2463 44.1815 88.73 219.866 246.1322 258.9364 121.8402 117.9026 354.8536 101.0446 220.8439 258.3797 197.3424 43.8293 69.0508 371.2601 68.4472 89.2862 53.3105 200.6839 111.8259 365.4108 175.5678 175.0458 124.0847 69.2605 238.0337 150.0834 108.6647 267.4192 296.8047 224.9645 257.7771 296.169 284.0283 407.7071 110.1137 105.4231 293.7364 273.1631 335.0105 210.68 145.8356 
132.2196 39.4589 55.5429 175.8552 165.6805 128.7518 321.7593 53.0849 241.9443 163.1932 197.6994 261.4671 108.2452 296.6548 189.4519 166.5804 284.2553 0 226.815 203.0666 284.2904 271.1311 272.4189 175.4538 98.6561 136.6932 52.0385 87.9205 392.4743 246.4468 60.2994 386.5709 375.6609 294.6406 53.8517 124.1693 103.3152 122.7763 307.8588 236.9136 291.1942 43.4167 331.2915 207.0025 216.6011 92.6338 48.3012 123.1464 180.0029 234.5571 124.4228 270.1297 102.8398 274.25 284.8597 276.7961 240.1042 338.2367 253.8524 198.3382 182.4391 126.1508 137.3063 389.6512 184.6132 73.4984 300.7276 88.0058 192.034 237.7416 300.1667 322.4796 317.3973 225.3753 242.1674 233.1117 232.0798 186.4726 81.6334 109.9319 228.0001 185.3268 229.3165 228.8428 328.4023 220.0569 71.3443 22.0908 128.0626 219.8637 198.5171 188.7883 126.3172 189.4467 303.0595 257.0993 77.621 229.1311 311.6361 254.2303 
95.4621 265.9324 227.4072 54.0001 96.255 266.7322 142.415 177.9242 184.8352 135.5324 29.1205 240.354 327.4386 70.6613 106.6069 156.4162 163.4871 226.815 0 305.1443 57.7755 207.3862 158.4331 104.101 201.4002 310.0969 178.463 145.0001 208.7224 124.1492 256.1348 200.3847 188.3084 67.9118 219.6931 207.964 166.4243 264.5771 195.4892 23.4308 74.8132 183.4395 179.1006 65.7648 46.6155 152.0001 194.9873 177.3416 246.0082 202.7265 319.0111 55.9018 124.3102 49.0919 85.3816 175.6845 23.7698 166.9043 120.1667 149.3353 280.3445 123.9073 285.5452 206.1287 80.4551 297.8809 101.9511 217.1176 103.8461 34.9858 205.2439 148.2971 208.2163 165.7016 74.216 125.8969 37.3364 86.839 292.5356 162.4316 270.8008 190.3077 101.1188 319.556 108.3745 58.3096 254.0493 247.4208 108.4667 329.31 141.6617 131.6056 323.1301 85.0001 101.6367 130.2499 173.3495 176.7259 89.275 32.8025 
250.8905 201.0996 258.3584 257.1246 307.0929 74.733 308.1965 227.108 170.426 327.5669 283.72 139.1295 268.6728 353.2932 336.773 150.2166 236.9073 203.0666 305.1443 0 346.302 181.6041 227.0684 202.0397 124.471 97.0825 225.7433 196.7588 360.1001 390.5126 259.6768 358.5597 352.0186 360.8228 255.6248 104.7379 283.7782 80.8085 239.1758 326.466 330.2879 209.5067 287.5588 329.4512 265.7067 178.9107 239.3012 308.89 60.6384 146.1541 310.3628 361.0236 233.4525 333.6541 307.6119 217.007 301.8511 310.0969 239.4098 169.1687 25.6126 280.6173 72.0626 357.771 225.6237 235.0022 315.7294 122.2989 337.6167 334.6477 220.1273 303.5343 476.2658 173.003 264.985 214.8419 332.6696 220.2727 264.613 153.9124 68.9639 122.4828 232.2973 26.1726 362.3535 259.0233 134.9742 195.7244 267.2902 24.1662 361.6367 348.7651 310.1613 222.7331 319.9204 400.7694 259.1391 400.6708 390.1039 314.0272 
153.2352 323.274 284.7877 109.4441 147.7871 315.6265 118.0679 235.6969 205.0611 184.1332 86.7296 261.7481 385.1884 13.4537 150.6022 196.1633 165.0758 284.2904 57.7755 346.302 0 221.3257 164.1494 145.3445 252.1271 361.2341 236.2309 201.02 172.6761 148.071 313.6512 163.7682 152.1908 14.7649 277.1084 255.2745 222.0024 314.0781 194.1392 55.9018 36.6743 240.9731 162.9265 108.2267 81.3942 206.2863 252.6857 230.6253 285.8707 226.9274 375.8325 48.0938 182.0028 12.6492 63.5611 182.5843 47.0001 142.7061 128.6935 180.7015 322.523 179.6136 334.6312 170.426 122.6419 355.6137 73.7565 269.002 147.2754 63.5139 208.9044 125.9287 218.9156 189.4335 86.2671 144.4023 70.4558 126.9056 350.1786 213.0588 303.6792 226.0023 120.6525 357.8408 56.4359 87.2813 308.2743 304.6852 165.4963 370.3094 182.0605 174.5911 380.033 124.1975 71.0212 150.3364 230.4952 210.623 46.8616 33.1362 
217.5179 294.8102 310.9229 186.5504 265.9362 201.4672 140.1322 256.3631 30.4139 302.655 202.4081 48.5078 373.6965 222.3961 291.0465 105.9482 64.8461 271.1311 207.3862 181.6041 221.3257 0 60.0334 126.7755 177.2485 250.5216 255.6326 201.2214 180.5437 327.2309 328.6884 180.0695 175.1029 235.4932 304.4012 156.6462 291.7568 204.475 57.8706 230.4952 191.9428 245.7825 109.0047 262.0573 161.0591 186.5504 277.2455 315.2286 132.5935 40.361 395.3797 255.8008 222.4411 210.1072 163.4045 43.0814 191.1283 134.9519 92.6338 79.3096 168.345 263.23 216.1135 178.4041 141.4002 336.1459 163.7835 194.2499 289.8708 242.3655 38.6265 133.4055 414.2476 51.0099 137.4374 81.4924 244.2971 133.8806 352.409 162.3362 115.4124 88.6003 106.3298 178.8995 213.3543 149.094 238.8013 279.3422 242.4047 200.4496 325.8298 312.8275 397.4168 133.6639 168.241 334.8613 278.1889 366.4766 268.0169 197.0914 
190.6254 302.1739 303.3563 150.0301 231.0023 230.4887 82.7346 246.4347 57.0001 270.2666 159.6654 106.6256 379.6381 164.0733 252.7925 109.9865 12.0417 272.4189 158.4331 227.0684 164.1494 60.0334 0 103.2474 189.908 281.1495 246.0082 191.1493 135.3515 281.8866 325.2077 132.699 125.3197 177.8905 296.1217 175.6418 271.0167 232.1251 40.3114 180.4994 133.0039 239.5852 63.9532 218.8745 114.5427 180.8343 267.9049 292.0977 170.8363 82.055 393.3765 202.0545 203.0272 153.6002 104.1394 18.4392 139.205 83.1866 38.2754 76.6943 209.4756 236.5799 247.542 132.8158 108.3422 342.8966 103.7739 208.8278 251.0559 192.772 46.8189 77.1039 366.6075 57.0089 84.6937 42.7201 195.7576 101.9805 353.6383 163.6002 166.4333 112.721 61.0738 229.035 153.3233 102.1813 255.4096 284.8509 215.3788 248.2903 288.6262 276.3061 396.0809 100.4491 108.2267 288.4997 262.4139 327.8736 210.3546 142.8882 
91.0056 209.201 201.1891 64.3507 139.9787 172.003 147.0545 144.0626 97.8622 175.9319 86.9771 146.7414 283.6989 153.584 166.4333 52.3547 114.1272 175.4538 104.101 202.0397 145.3445 126.7755 103.2474 0 112.3789 219.7386 143.736 89.811 217.1544 208.6146 224.4015 211.464 200.801 159.5902 193.7938 111.0406 168.6714 171.0732 142.636 126.4912 135.0927 138.8417 157.0033 142.8357 64.0313 82.976 165.4963 190.7801 142.271 108.3375 292.6176 159.8813 100.0001 132.7743 119.1009 113.0311 99.9301 162.7883 78.7465 51.4783 177.7302 137.0329 191.0106 214.3363 23.7066 248.2782 132.5029 130.9696 165.6413 136.0332 141.7181 147.272 297.0607 76.4854 73.2463 60.8359 135.37 18.4392 254.9511 75.6109 167.4755 86.6834 53.9074 215.5946 170.9504 59.1355 175.2314 190.8508 116.0001 226.177 200.2824 187.0856 295.6012 21.2133 135.7241 217.4489 159.1761 241.307 188.1623 112.539 
130.1731 117.7201 148.0541 148.2769 184.8054 66.4832 254.0946 105.9482 149.8066 203.2167 175.3911 163.2177 196.5961 262.002 214.2733 80.0001 201.9357 98.6561 201.4002 124.471 252.1271 177.2485 189.908 112.3789 0 109.1147 104.6758 73.0001 320.5387 269.6165 158.8239 316.0571 306.4149 265.4243 143.3493 26.0193 160.5896 63.6004 220.6582 219.5383 246.5949 89.2862 252.8419 211.9836 172.1425 56.3029 121.5978 186.0431 85.147 138.7084 222.1217 255.2196 109.7863 240.0334 231.465 190.2237 205.1561 265.686 181.1354 113.23 99.6244 156.3491 84.7704 317.8004 131.5486 159.0127 244.5241 19.2355 215.4113 225.4108 209.7452 252.6857 353.6383 136.4882 185.5857 156.7802 222.0361 129.4026 177.4515 39.1153 132.231 89.0675 161.7561 147.2754 282.986 170.0648 65.7344 103.0777 144.0452 146.4549 237.5922 224.8778 223.5912 132.518 247.8791 280.1304 137.084 276.2934 290.4962 219.0572 
231.7953 119.8667 190.2053 256.5386 281.4695 50.6953 354.3022 178.2163 230.2087 290.4498 283.4362 217.8303 176.4087 371.0217 309.4722 178.2639 292.6432 136.6932 310.0969 97.0825 361.2341 250.5216 281.1495 219.7386 109.1147 0 176.8192 172.3515 416.1599 366.7766 182.9454 412.8269 404.2822 374.5345 189.908 110.0228 235.5102 49.7294 303.908 327.4829 354.7465 161.1522 345.0291 314.6507 281.0072 160.1001 182.5706 257.8566 119.0967 210.509 222.8005 363.1598 206.313 349.1161 338.009 276.4219 314.2691 362.3604 281.041 208.3964 91.5261 246.6111 34.4094 413.5518 240.1022 146.1131 350.0087 93.0592 311.2813 332.614 288.1754 351.6477 445.5582 224.1987 292.226 255.6444 328.7584 237.4132 178.8436 148.2162 155.4253 168.621 265.347 121.2766 390.6624 278.3524 67.8013 121.495 239.9272 102.3964 326.2699 314.8715 221.8221 240.4684 353.6242 377.5249 209.1173 360.8436 399.322 328.1525 
83.0061 91.088 57.4544 130.1731 113.7454 156.0289 285.0703 1.4143 225.3287 114.4903 149.5628 255.3841 149.4825 248.966 138.2463 150.0301 257.3034 52.0385 178.463 225.7433 236.2309 255.6326 246.0082 143.736 104.6758 176.8192 0 55.1544 356.6624 195.6017 82.0245 350.1044 338.7227 245.7988 50.12 129.8076 59.4139 150.7117 284.1216 186.8155 246.2723 16.4013 300.4165 155.0291 174.0116 69.2316 21.9318 83.6003 189.5601 223.3048 149.6831 219.2579 54.5895 226.8503 243.033 253.4325 193.7061 303.7105 221.9303 177.7246 202.1486 74.5253 169.1184 353.8362 147.4111 119.5409 259.5632 103.4457 140.6877 186.9038 279.7285 286.8398 269.7648 206.2281 203.0001 204.2867 181.0332 150.8643 116.0173 96.1302 235.8051 177.2288 195.801 250.0181 283.0478 179.3015 109.0414 74.1081 76.2366 245.7479 150.2965 139.6174 152.9707 153.5253 261.4518 206.3202 33.6007 184.0246 261.2222 207.5115 
59.4644 124.7759 112.2543 91.5916 112.0715 137.3791 234.4377 55.7137 170.8363 131.0344 116.3487 204.1202 195.5327 212.7206 141.4002 96.4211 202.5563 87.9205 145.0001 196.7588 201.02 201.2214 191.1493 89.811 73.0001 172.3515 55.1544 0 305.5521 197.2664 134.6181 299.4078 288.335 212.5771 105.1191 92.801 96.1042 133.4617 229.0263 159.0032 204.6364 49.0409 246.8118 142.3377 129.2827 18.7884 77.078 121.5114 150.4561 170.3556 202.8523 194.165 36.7968 190.1606 197.0914 198.2979 155.2418 251.7659 168.5142 122.8008 171.4935 84.0239 154.3536 302.7244 96.8298 161.4188 212.8498 81.8842 142.636 162.5209 224.6109 235.5187 280.6654 151.3804 154.2629 149.79 158.0286 99.0859 165.4873 47.7599 193.3133 126.5702 143.0106 218.4881 241.9629 132.231 110.6527 105.9907 71.0635 219.2032 164.8788 152.0429 205.801 101.9805 215.2325 207.8703 78.0065 204.1202 233.2146 169.5436 
283.8768 426.1984 413.1647 234.0877 303.7533 365.4656 71.7009 356.7213 190.1606 343.7966 227.6599 228.1075 500.6846 162.6039 315.0874 241.1826 124.3263 392.4743 208.7224 360.1001 172.6761 180.5437 135.3515 217.1544 320.5387 416.1599 356.6624 305.5521 0 320.5808 438.6343 9.0001 20.6156 178.3397 405.4529 309.0276 365.2753 366.8706 123.0651 220.8802 138.5136 354.2669 72.5673 273.2216 187.4888 300.1284 377.5249 380.9266 305.6551 213.9651 506.2579 220.6582 305.503 170.8363 123.5679 143.1783 185.1541 54.9182 140.0894 208.8493 343.9187 324.4843 382.7441 2.8285 209.3467 465.4311 106.7756 339.7544 312.1875 231.6399 144.0001 70.0358 389.0207 192.3175 154.6255 163.7835 237.7752 206.4947 470.9523 289.3528 295.7365 248.0203 163.2484 359.234 122.0657 179.4019 386.2151 407.9462 305.1099 380.1474 349.4354 340.0369 509.6196 203.6518 107.2242 323.0109 364.4243 381.5089 201.358 177.4064 
139.8071 283.445 218.0574 144.2672 85.4752 334.6417 261.1227 194.3657 301.9024 86.0234 124.888 354.6224 319.5075 159.1101 57.5848 255.6659 287.4457 246.4468 124.1492 390.5126 148.071 327.2309 281.8866 208.6146 269.6165 366.7766 195.6017 197.2664 320.5808 0 246.0326 311.7131 300.0284 144.5442 212.2358 285.9546 147.4111 330.651 319.5388 104.3073 182.4556 209.0288 301.4798 65.8636 167.6306 213.3285 199.9126 138.6111 337.3086 316.1662 291.2474 100.6877 161.2453 150.0834 203.0395 298.6504 145.9933 286.112 243.7561 259.6499 364.9056 121.4332 351.4158 318.2767 188.4305 301.3736 217.4512 279.0288 55.5429 92.1359 328.5667 268.0169 88.4817 281.3007 198.2852 246.4895 87.5729 196.0103 282.3474 236.62 371.828 292.2363 222.6253 409.8598 202.4847 179.9807 300.696 268.3432 127.0591 413.8648 57.2801 61.1311 296.142 195.4739 215.7523 10.7704 170.1559 66.6109 132.5935 148.0305 
161.6973 63.2852 29.411 210.801 176.822 184.946 367.0709 82.0367 299.0001 160.1126 227.9233 321.1745 74.3304 326.7416 193.4943 223.0898 336.7745 60.2994 256.1348 259.6768 313.6512 328.6884 325.2077 224.4015 158.8239 182.9454 82.0245 134.6181 438.6343 246.0326 0 432.1124 420.7435 322.0017 36.7697 184.4398 100.13 178.8688 362.1948 261.3581 326.4752 85.7031 381.4002 221.5627 255.5622 144.6272 62.0082 108.3745 240.0522 293.1571 68.2423 291.0843 135.248 305.1312 324.5752 331.21 273.207 385.5076 303.0265 253.5706 240.4164 137.8769 190.7172 435.8074 229.3165 58.1894 341.2346 148.1655 196.7258 259.4168 356.0001 368.7615 303.9359 281.4002 285.0071 284.2975 252.9369 232.5512 37.3632 166.3882 288.0626 244.3646 277.2184 285.743 362.7948 261.1993 124.9081 64.0313 148.4993 274.7218 191.3767 185.0001 71.2181 235.2744 343.0118 256.0001 83.9346 212.9531 333.9237 286.6235 
276.6027 420.6401 406.4334 226.6849 295.6299 362.1382 65.0539 350.1386 188.2818 335.5966 219.7135 228.0089 494.7263 153.6393 306.6481 237.0233 122.0247 386.5709 200.3847 358.5597 163.7682 180.0695 132.699 211.464 316.0571 412.8269 350.1044 299.4078 9.0001 311.7131 432.1124 0 12.0831 169.3577 398.7043 305.1443 357.7947 363.4076 123.1017 212.257 129.7576 348.0001 71.2532 264.7056 180.0695 294.391 370.8505 373.181 303.4239 212.4242 499.6099 211.7287 298.6052 162.0495 115.3951 141.5663 176.8758 50.5669 135.1519 205.0001 341.8846 316.836 379.592 7.2802 202.9508 459.6619 98.4887 335.288 303.727 222.9485 144.2811 64.2029 380.0212 189.4651 147.628 159.2986 229.1202 200.3223 464.6903 284.2852 294.8984 245.0817 157.6104 358.3435 113.0709 172.2615 381.6557 402.3147 297.5988 378.9262 340.896 331.5812 503.016 197.4362 98.7928 314.0972 357.3291 372.7869 192.3747 168.9084 
264.8038 410.0001 394.9305 214.8303 283.5508 353.6242 53.9074 338.7404 181.5931 323.5136 207.6633 223.3787 483.7562 142.285 294.593 227.7587 115.1174 375.6609 188.3084 352.0186 152.1908 175.1029 125.3197 200.801 306.4149 404.2822 338.7227 288.335 20.6156 300.0284 420.7435 12.0831 0 158.114 387.1913 296.0964 345.8917 354.7521 119.0799 200.2824 117.9026 336.8235 66.1892 252.6758 168.2172 283.6407 359.3885 361.1787 296.142 206.0729 488.1517 200.2125 287.014 150.2333 103.3152 135.37 164.7939 42.202 125.2997 196.0945 334.7911 304.8689 371.252 18.2484 191.7317 448.8442 86.4061 325.6502 291.678 211.0262 140.4316 53.8517 369.0015 181.6619 136.0295 149.8333 217.1682 189.275 453.4987 274.1169 289.2491 237.0845 147.0545 352.5678 102.3964 160.5616 371.91 391.6185 285.687 372.7426 328.877 319.531 491.5863 186.3573 86.7296 302.5245 345.6155 360.8934 181.7967 156.8695 
162.8651 333.8084 292.9335 121.0621 152.7515 329.3176 127.8829 245.2041 219.6179 187.4488 97.0156 276.2789 394.1828 16.2789 152.7515 210.642 178.4041 294.6406 67.9118 360.8228 14.7649 235.4932 177.8905 159.5902 265.4243 374.5345 245.7988 212.5771 178.3397 144.5442 322.0017 169.3577 158.114 0 285.3227 269.1413 228.5367 327.6661 206.93 61.2945 47.4237 251.241 173.6924 111.0721 95.5668 218.5865 261.5646 235.716 300.4331 241.5989 383.1293 44.0115 191.9715 27.3131 75.8025 196.3289 60.4071 152.0823 142.8987 195.4509 336.9645 186.4538 348.3046 176.2301 136.6932 365.3287 84.1547 282.0639 149.3052 66.4832 222.2005 136.0148 211.1162 204.13 100.9555 159.0284 73.5528 141.156 358.7883 226.3185 318.4416 240.6929 135.37 372.5051 57.9742 101.8431 320.6884 315.3174 173.5196 384.8494 182.5378 176.0115 387.4185 138.4956 80.9569 145.7842 238.4157 208.7775 32.527 47.0745 
125.8015 78.0321 7.8103 175.411 140.4636 181.8599 333.768 49.7394 274.2354 126.2538 191.6691 301.4051 110.603 290.2414 158.3162 198.4869 307.4233 53.8517 219.6931 255.6248 277.1084 304.4012 296.1217 193.7938 143.3493 189.908 50.12 105.1191 405.4529 212.2358 36.7697 398.7043 387.1913 285.3227 0 169.3577 65.0078 175.9603 334.1453 224.6153 290.6304 58.6942 350.2943 185.0677 220.7805 117.9535 28.302 77.492 227.8531 270.8525 101.1386 254.3424 100.4192 268.7398 289.6637 303.4008 237.1709 352.9534 271.8033 227.1784 234.0941 101.2424 191.0629 402.6314 196.6368 89.1404 306.472 136.6932 161.4467 222.65 329.4238 335.8408 274.8328 255.5505 251.1913 254.3955 216.1783 200.4197 74.0001 142.9721 275.427 223.4503 245.524 281.1353 326.7355 226.9913 125.1959 69.311 111.8035 273.1301 159.1384 151.6477 104.8047 203.0026 308.0991 222.4411 47.17 184.4588 297.1684 250.4497 
146.2191 140.6308 174.0719 156.7324 202.3562 61.0329 245.1225 131.0421 130.8168 223.8259 183.8723 138.9281 219.1462 264.1856 232.0389 68.6223 187.5234 124.1693 207.964 104.7379 255.2745 156.6462 175.6418 111.0406 26.0193 110.0228 129.8076 92.801 309.0276 285.9546 184.4398 305.1443 296.0964 269.1413 169.3577 0 184.391 60.5311 203.4823 227.7061 246.0082 114.7564 239.4161 225.7965 174.0403 74.5186 147.3127 209.9739 59.7747 117.0685 246.911 263.1046 129.1899 242.8601 228.2653 173.8334 208.7871 254.5782 171.7354 100.1799 79.2087 176.8164 80.0063 306.3496 132.7404 181.6041 240.0272 38.4839 232.8799 234.7191 190.9399 242.8931 371.528 120.0001 182.6172 146.5368 232.0195 129.1899 201.8168 49.4066 106.3674 68.1176 155.332 125.7339 281.4002 170.1442 82.2193 127.13 162.733 127.9141 257.3889 244.4035 248.2137 132.1364 243.6741 296.2736 161.6448 296.8923 296.0018 222.1735 
82.2923 137.6409 71.2532 131.2289 78.0001 215.2325 294.1514 58.0001 261.4901 61.6605 140.8014 299.2208 174.4277 235.4104 93.4346 190.3183 281.2207 103.3152 166.4243 283.7782 222.0024 291.7568 271.0167 168.6714 160.5896 235.5102 59.4139 96.1042 365.2753 147.4111 100.13 357.7947 345.8917 228.5367 65.0078 184.391 0 209.9906 310.9422 167.2424 240.4164 75.7431 317.8051 122.931 177.7921 114.4772 55.0365 25.6321 243.8464 264.1535 155.1935 194.0929 69.3543 215.1024 244.2643 281.6843 186.6977 315.674 240.8756 212.4619 259.6499 42.5207 228.528 362.5053 163.8659 154.052 261.4518 161.719 96.6283 163.4779 310.2806 297.5719 214.1613 240.832 211.483 228.3003 156.6685 169.4994 137.2954 143.5863 288.4061 222.3152 213.9534 307.5078 274.7982 186.4324 167.738 124.2338 60.2164 304.3453 95.8802 87.2984 159.656 171.4061 262.3758 157.715 26.4009 126.0517 237.0339 198.7587 
192.3019 121.0662 178.2724 211.7476 245.2836 6.0829 304.5998 152.1185 182.4967 259.5574 238.8997 175.8552 192.3981 323.4472 274.3029 128.5497 243.7315 122.7763 264.5771 80.8085 314.0781 204.475 232.1251 171.0732 63.6004 49.7294 150.7117 133.4617 366.8706 330.651 178.8688 363.4076 354.7521 327.6661 175.9603 60.5311 209.9906 0 256.2753 283.0443 306.1635 134.3169 296.0677 274.7655 233.2596 118.5961 161.7561 234.267 77.3887 164.1494 231.0088 318.71 169.4994 301.803 288.7786 228.1097 267.2678 312.8994 231.3202 158.7578 63.0715 213.654 21.1897 364.2445 192.0938 157.0351 300.5413 51.6237 275.7264 289.007 241.4002 302.0018 412.8257 175.317 243.0906 205.9346 285.631 189.0027 185.0028 102.1813 120.905 120.0667 215.7407 106.8879 341.7749 230.0023 54.3324 114.9349 203.8677 97.1701 294.878 282.6819 231.1061 192.0105 304.199 341.283 184.2852 331.9052 353.4644 280.9432 
230.8529 335.7738 341.2478 190.1684 271.0665 253.8701 92.3581 284.6139 73.7836 310.4659 198.8166 105.0429 414.0049 191.9506 292.3851 142.2745 32.2491 307.8588 195.4892 239.1758 194.1392 57.8706 40.3114 142.636 220.6582 303.908 284.1216 229.0263 123.0651 319.5388 362.1948 123.1017 119.0799 206.93 334.1453 203.4823 310.9422 256.2753 0 216.7603 160.0782 276.8864 53.1508 257.5287 153.183 217.5685 306.0524 332.244 188.0426 94.5411 430.1629 235.4592 242.6212 184.7648 131.187 31.0645 174.9086 81.2713 76.42 109.6222 224.9557 276.8484 269.6517 121.0166 148.6372 376.8728 126.1508 239.0064 290.5582 229.1202 21.3777 84.3802 402.9716 84.1725 121.2766 82.7648 232.6071 142.2147 389.4163 198.091 173.2773 136.6054 101.0199 236.7531 173.3581 140.9114 285.1124 319.0064 255.6424 258.2887 328.2987 316.1013 432.6951 140.7303 130.2998 325.7254 301.7053 367.2275 238.818 176.7825 
104.7379 276.3278 232.166 71.3093 91.9675 285.4909 157.8133 186.1237 208.2139 128.4057 44.1476 263.7822 334.0734 69.311 95.7707 178.631 185.0001 236.9136 23.4308 326.466 55.9018 230.4952 180.4994 126.4912 219.5383 327.4829 186.8155 159.0032 220.8802 104.3073 261.3581 212.257 200.2824 61.2945 224.6153 227.7061 167.2424 283.0443 216.7603 0 83.0061 193.5692 197.2056 53.2354 70.0001 167.9674 201.5466 174.8972 267.7929 226.1527 321.9085 35.6932 134.1642 51.9712 99.7247 198.0102 41.9763 182.702 142.2429 172.5863 301.4698 125.1959 304.1399 218.4034 103.005 306.219 115.1218 234.4377 92.5906 12.3694 227.3061 164.3686 186.2607 189.1297 95.8594 149.0404 17.1173 109.6359 298.3288 180.9448 293.6393 213.0024 124.1693 341.4807 111.6066 81.5415 269.314 258.1318 112.9249 350.6167 128.876 120.3039 326.2209 107.9353 114.0045 109.4898 177.5642 161.0125 74.8132 44.2833 
164.8394 329.1885 298.4243 116.1078 170.8919 307.0262 81.3942 245.9351 178.8772 209.5759 99.8249 234.932 395.6831 31.9062 178.4658 182.1017 132.4576 291.1942 74.8132 330.2879 36.6743 191.9428 133.0039 135.0927 246.5949 354.7465 246.2723 204.6364 138.5136 182.4556 326.4752 129.7576 117.9026 47.4237 290.6304 246.0082 240.4164 306.1635 160.0782 83.0061 0 248.6706 126.4912 136.0589 75.9606 206.6036 264.5922 252.1052 269.6684 202.1807 391.0819 84.0953 191.7552 32.3884 29.069 151.3474 53.8146 106.0661 100.4043 161.555 307.6005 198.0102 326.0139 136.125 115.1174 364.0495 37.1081 264.5998 175.3768 93.3007 176.0512 89.2694 255.4311 165.5296 65.3071 119.9209 99.6244 117.3457 362.0084 208.3196 282.4501 208.0962 98.6713 339.5601 37.3364 76.5311 306.7508 310.4095 181.2899 353.9295 211.8798 203.1774 395.0317 114.2805 34.3658 185.4563 245.3509 243.0412 78.7719 42.012 
88.8427 82.7648 65.1461 132.9136 125.718 139.6282 282.9701 17.8046 215.6711 129.4953 154.3309 243.1873 147.8717 253.4029 151.4762 139.8429 251.1136 43.4167 183.4395 209.5067 240.9731 245.7825 239.5852 138.8417 89.2862 161.1522 16.4013 49.0409 354.2669 209.0288 85.7031 348.0001 336.8235 251.241 58.6942 114.7564 75.7431 134.3169 276.8864 193.5692 248.6706 0 295.8328 165.3029 174.7943 59.6155 33.0152 100.0001 174.3847 212.1981 153.9416 226.9913 59.4391 231.0412 243.516 245.9777 197.0914 300.661 217.5547 169.0001 186.0458 87.5958 152.7941 351.4386 145.0966 115.3821 259.6999 87.2354 153.7336 194.6125 271.4131 284.257 284.7877 197.2233 201.9357 198.5952 189.0609 147.7871 116.692 84.3446 221.0272 165.097 192.0027 233.8932 285.771 179.0252 93.4934 64.6298 86.2845 229.4015 165.3422 154.305 156.8217 150.6155 261.8397 219.7841 50.0001 199.805 268.3283 211.1541 
235.5675 362.8293 357.7947 188.7883 266.3908 294.3893 47.17 300.6727 117.6309 306.8584 190.0659 157.2038 439.2779 157.6643 283.4256 172.8613 52.3928 331.2915 179.1006 287.5588 162.9265 109.0047 63.9532 157.0033 252.8419 345.0291 300.4165 246.8118 72.5673 301.4798 381.4002 71.2532 66.1892 173.6924 350.2943 239.4161 317.8051 296.0677 53.1508 197.2056 126.4912 295.8328 0 244.5241 144.8103 238.7573 322.0079 336.5072 233.2403 141.4108 449.6055 208.6913 252.923 155.9777 100.2248 70.6117 156.0001 29.1549 78.4921 139.7857 271.4002 279.7285 311.3279 70.2141 154.829 403.0534 89.5378 271.9063 281.0641 209.3443 74.5253 38.5877 379.954 120.8306 109.6587 98.2905 214.1146 150.2333 411.6431 224.4038 223.6471 176.4767 104.9572 287.0907 130.6676 133.9292 318.5217 345.0711 259.0484 307.7435 319.2696 308.1575 452.6037 147.8514 92.8494 306.1928 312.8531 355.6811 203.6788 153.6393 
82.8735 246.0997 192.1693 78.4921 44.9445 278.2105 208.0794 154.052 236.2817 76.3807 59.7747 288.7647 295.6705 121.4003 42.5442 190.6857 225.2844 207.0025 65.7648 329.4512 108.2267 262.0573 218.8745 142.8357 211.9836 314.6507 155.0291 142.3377 273.2216 65.8636 221.5627 264.7056 252.6758 111.0721 185.0677 225.7965 122.931 274.7655 257.5287 53.2354 136.0589 165.3029 244.5241 0 104.3936 156.1699 165.6051 126.1944 274.4177 250.3059 277.8364 72.1111 109.4441 105.1904 150.6155 235.0533 89.4428 232.6415 181.1768 193.7938 303.8718 83.9525 295.8734 270.6918 122.5888 271.2712 166.7604 223.6181 39.3574 44.822 265.1981 214.0492 154.2369 215.5738 137.2335 181.8929 37.8022 130.1769 258.9248 176.4909 307.2101 227.1388 158.6191 347.6508 164.4689 116.7263 251.2689 229.0023 79.057 353.1714 76.2431 67.1194 282.3793 129.692 166.0272 74.6325 138.2933 111.1621 114.7389 95.8176 
96.6748 254.0493 228.5805 46.6155 121.5978 234.6168 116.469 173.8334 138.2209 162.0495 46.011 193.848 322.5602 90.1999 140.0572 115.5207 120.934 216.6011 46.6155 265.7067 81.3942 161.0591 114.5427 64.0313 172.1425 281.0072 174.0116 129.2827 187.4888 167.6306 255.5622 180.0695 168.2172 95.5668 220.7805 174.0403 177.7921 233.2596 153.183 70.0001 75.9606 174.7943 144.8103 104.3936 0 130.6485 193.6105 194.0954 205.5652 156.4002 321.9085 99.4888 120.416 68.8841 69.0291 131.0421 36.2492 138.7084 76.792 104.2018 241.6114 137.3537 253.6396 184.7161 41.3039 289.8725 85.7031 189.6761 138.0037 81.5415 161.0467 120.3039 253.5529 119.2058 35.1711 79.6054 83.2407 45.6071 290.0001 133.3755 226.8833 147.2482 55.1544 278.3254 113.2255 12.3694 231.0369 235.2617 117.6606 289.8 176.0711 164.3686 325.5765 43.0117 87.4587 174.6311 177.8005 214.2826 124.4228 48.5078 
