16
baqrfcdqgq umsvcpgcge uwrlcxuvmr hqzspezetq dxqtzefxjr ercckmiqub rblqbbolzt lwpniynici frpjxxhdzl nlzrbkkyqa nuhaokcdsy jfpegvbxzj riraylfnkc atolfdabrg zaleonoxwk yxgkyomjxk
0 690135853.1575 91046073.842 224661097.6878 100354021.2135 839036730.4384 334526601.8687 854817886.9383 953699181.9067 1083655527.9918 243025282.7438 421033662.3152 317127440.0923 519304598.4701 210494120.6623 562001222.7922 
690135853.1575 0 658578560.6615 470194052.8833 708735730.3597 519553628.0088 632236959.9876 171250892.6365 365556736.9583 506465223.7675 506908311.9962 515754409.372 373064752.1566 312818061.9964 692576885.3838 317609304.821 
91046073.842 658578560.6615 0 190140041.8591 189238815.4365 759809681.1959 400902976.42840004 827548803.6133 948663805.2661 1020345886.1028 245164939.7834 465953955.0701 293643330.2126 529437004.6421 291742386.3911 574193411.0387 
224661097.6878 470194052.8833 190140041.8591 0 270542395.7115 650495770.2944 369067465.27559996 638209809.1971 761848091.6264 864052723.3096 145132122.2139 356486140.8988 104521028.3129 359072416.3117 312075263.2162 404678047.9195 
100354021.2135 708735730.3597 189238815.4365 270542395.7115 0 912523732.5625 252984102.8951 866133215.5725 939114672.7359 1133382179.3158 205788601.8427 362322714.8618 342187285.0426 496363312.4537 116256862.713 535393506.1705 
839036730.4384 519553628.0088 759809681.1959 650495770.2944 912523732.5625 0 975754921.8497 602868223.0531 849677477.9954 371012946.761 777951508.6263 914507743.7282 625171620.3313 764441107.8328 961946671.4854 789779048.9531 
334526601.8687 632236959.9876 400902976.42840004 369067465.27559996 252984102.8951 975754921.8497 0 760143295.7145 770977223.3546 1117729758.9399 233532503.6596 144737462.0066 350746838.4938 343460140.7859 143875189.5738 367908311.7073 
854817886.9383 171250892.6365 827548803.6133 638209809.1971 866133215.5725 602868223.0531 760143295.7145 0 247822713.1972 472250449.809 661135850.17 629427464.4773 538254293.8985 419461007.7738 838234124.2671 406572717.9777 
953699181.9067 365556736.9583 948663805.2661 761848091.6264 939114672.7359 849677477.9954 770977223.3546 247822713.1972 0 695210677.0611 737755267.9201 626736964.5376 657403123.9034 446222632.4546 882390362.615 409113629.6451 
1083655527.9918 506465223.7675 1020345886.1028 864052723.3096 1133382179.3158 371012946.761 1117729758.9399 472250449.809 695210677.0611 0 955023787.5543 1015096764.6168 798074720.6442 819194595.8741 1149444453.581 823902386.278 
243025282.7438 506908311.9962 245164939.7834 145132122.2139 205788601.8427 777951508.6263 233532503.6596 661135850.17 737755267.9201 955023787.5543 0 226209756.7504 158697028.5978 299220812.7493 206041778.5194 341472437.7138 
421033662.3152 515754409.372 465953955.0701 356486140.8988 362322714.8618 914507743.7282 144737462.0066 629427464.4773 626736964.5376 1015096764.6168 226209756.7504 0 311467277.7234 209966456.7035 272325658.4661 227732736.0877 
317127440.0923 373064752.1566 293643330.2126 104521028.3129 342187285.0426 625171620.3313 350746838.4938 538254293.8985 657403123.9034 798074720.6442 158697028.5978 311467277.7234 0 265537816.7017 352474986.1864 310743500.4954 
519304598.4701 312818061.9964 529437004.6421 359072416.3117 496363312.4537 764441107.8328 343460140.7859 419461007.7738 446222632.4546 819194595.8741 299220812.7493 209966456.7035 265537816.7017 0 440101188.318 45606790.5559 
210494120.6623 692576885.3838 291742386.3911 312075263.2162 116256862.713 961946671.4854 143875189.5738 838234124.2671 882390362.615 1149444453.581 206041778.5194 272325658.4661 352474986.1864 440101188.318 0 473457821.4961 
562001222.7922 317609304.821 574193411.0387 404678047.9195 535393506.1705 789779048.9531 367908311.7073 406572717.9777 409113629.6451 823902386.278 341472437.7138 227732736.0877 310743500.4954 45606790.5559 473457821.4961 0 
