49
uyirsvqblu sqlbmrxpwv culutarzsm ajjekwybql hpbkyqcejb hrbvyznkmd ntlhpzyidk yfvfzingng aruweadnpf xpcqolcpnf cddppqxsmb tvrzrioagg gdtsmzpvig fnlmocuczk hnnlwliezo sngqmldfxu bvwklxlwsa feggaeevcb hyficezvgi sgizgtdhhn lgwqodunqt bnfhxmjqzg tdqzbpmftq kmwsevkfov npffaineub sthbsdqlwm wegckoctcp kgewtltijq gqulqjeire wmeeitskjx rzgfaqookt iznialmand fwzkdpfinn vvurcgizpo ysndikwwgh smlsmfgyxa atkqvymdax stxmhuffri tjcamfqmxd cynraykzum hqvifzhbmo djtmyhmwnn czgfnbovhq somaaudaxm bzcpozsody qlieaqyzel lpopityrof fdbzjhgcmh qgyqjgwlbh
0 70643369.42629999 193684170.2082 664928470.7895 281262295.1823 371846466.3996 139880412.8665 269922112.0837 267912650.7855 153032957.9256 553133261.9861 507612261.58580005 242496770.3557 907236405.1465 681406531.2653 552332014.1661 780075336.0344 839347197.392 776298336.1705 245181174.2313 87059969.4252 823705202.9134 845390063.5252 272739105.3516 701779464.0509 96731393.7983 650491844.4126 274104679.5247 591774839.3123 149341117.6566 191559498.4852 737843765.5627 641438029.3719 405878039.0211 199838718.1192 595295819.0028 319138994.6847 489358984.9274 285201673.2317 414239678.0779 560511041.1593 157480861.6896 564274548.7318 556761195.2184 12440722.658 579255392.6563 477231668.6926 584568275.7055 812261819.9358001 
70643369.42629999 0 196865920.0607 725004062.4126 234710598.0336 387472958.2888 138804578.3581 225064127.3839 223849829.6909 206836966.4637 601777691.5206 547567215.1315 282968683.1876 966313824.3916 741624999.6169 587152792.1943 840312412.1319 866064372.8474 828201642.0107 246185992.5864 134863195.9872 851592205.8867 875191326.9872 326903323.7662 762099212.1559 137496648.7119 710381444.3537 224955524.5401 650910448.1821 89020882.2666 202285047.5195 797990978.9237 701754979.9913 394660384.2619 250965603.205 644345101.1856 318984866.4502 549654339.0298 342682948.7839 452037969.6968 614440434.0936 97160626.2996 623410629.5007 574940845.7116 58202646.7683 629396235.1055 532576520.0693 620912469.1249 872091223.4941 
193684170.2082 196865920.0607 0 728047666.5919 412675821.7511 565105574.2317 171427994.6377 406381543.1332 406417435.1577 187633326.0075 478926568.1622 394861492.2201 420350907.0016 984235640.0456 738119449.9376 730386312.8293 812714056.6067 1026621685.4421 907620118.2022 59982625.0381 149306691.2841 1008070894.0068 1027496121.3476 414712450.2783 745627452.7524 129134930.649 719429222.2057 370146186.0368 603074446.1857 231602145.5451 384955371.0032 767271770.8096 686572515.2847 590939028.2679 195354779.6482 741327104.8922 510416448.2987 549780125.1058 305004327.647 590550467.821 705484590.4145 228475084.3615 576861833.2964 745975553.7767 205304260.3074 512359558.8233 599756101.5317 456359433.1106 877213325.4502 
664928470.7895 725004062.4126 728047666.5919 0 896865698.7015 666604629.4549 722456371.7417 882062449.4398 877936152.6951 550482928.2219 462785662.4465 570876132.2548 532219407.1914 258435387.5955 27861899.886 541801369.8021 157638499.6061 791995515.1746 352546022.3462 699307530.287 617552516.8669 747736293.2873 734670138.9163 428463280.8597 127844885.2219 630137188.6938 24895776.441 915320893.8925 202336538.2778 813775789.3782 669648449.6385 141450084.4641 90633048.78909999 834422151.783 532821005.6871 352225296.0982 738398285.8247 179238894.7206 423302106.0063 503756769.5009 342361214.8587 818866419.1169 229836828.8583 688202124.9503 667262688.4215 441151381.1139 267202561.8629 630096359.5467 149505575.6398 
281262295.1823 234710598.0336 412675821.7511 896865698.7015 0 359891846.7762 357815927.1206 15102481.6971 19837859.9123 434295253.10789996 834194940.728 782277813.1651 376618544.5852 1116863847.9242 917478649.4733 608071991.5578 1028926376.0861 822683434.7463 922664562.2085 469247718.08 366608823.6437 824278435.6168 855294299.7551 469382975.1138 946042153.7271 371628997.7514 878479070.1362 71876010.9311 857060329.1739 182055100.336 235845602.756 989825221.9322 887252544.2709 260931821.388 481083938.3048 730357402.9564 253849150.05249998 733422193.7947 560952469.4188 500686187.0048 701331430.4263 186434682.5122 830014931.414 535073690.1295 271693861.2233 860517687.3765 663408806.0975 854607385.8745 1036392338.5464 
371846466.3996 387472958.2888 565105574.2317 666604629.4549 359891846.7762 0 511594059.1438 346807668.8646 341786475.5574 450051492.8345 796323503.4019 801043450.7379 188837012.1547 837884837.7655 692468359.615 250907977.2876 819632499.1093 481314196.9491 593498725.5076 597811542.8234 430793665.1407 474980866.7386 502705737.0641 289943019.4442 733963244.9434 449361762.3904 643464352.8826 419758966.3409 706158645.6473 425916365.4119 185209192.6239 790529745.3511 684124139.7128 174828854.2007 492873583.196 405678576.4387 114455153.7515 547672706.7263 502189560.5869 174009563.9333 385404862.1087 434052293.9073 683310044.8513 189086759.438 360731314.9326 809146248.5362 400504210.2483 884553310.9481 782141569.3227 
139880412.8665 138804578.3581 171427994.6377 722456371.7417 357815927.1206 511594059.1438 0 350877993.7392 350690159.3951 174841624.80290002 511070347.1388 436817569.7674 374911679.7936 975910945.1725 734552832.0047 685946881.1216 816893715.1591 977804704.549 881152331.0526 111445369.5996 114896300.5293 960883663.1005 981459332.6023 382188042.6036 746004659.7049 97113982.2262 711987433.6454 319112461.4652 611864354.8217 178733892.1417 329655374.6194 772166488.0309 686099538.3192 533064696.9718 194372639.4289 709161623.6397 453652832.2573 543231227.8871 304983211.8229 546520179.2492 673527193.3649 176559370.7765 584970932.0091 694514012.3667 150863753.7087 542819564.4074 574675658.9765 502986305.0756 871959952.1552 
269922112.0837 225064127.3839 406381543.1332 882062449.4398 15102481.6971 346807668.8646 350877993.7392 0 5057960.3587 422442463.9498 823055374.0697999 772615607.7226 361516206.7761 1101790896.9277 902740805.3829 594402389.6664001 1014449921.6613 811761052.3326 907820609.1919 462306474.0202 355782213.9894 812939670.4397 843474573.9799 454462900.8603 931471421.5302 361384508.4713 863621560.3517 79228948.4762 843321083.2948 177170704.5859 220753454.6194 975457883.6542 872745535.5846 252923025.3344 469739875.3066 715452672.9544 239069250.4989 718956558.1633 548239327.1043 486151190.3369 686422407.3239 185310448.6189 816199750.565 523562599.3427 260071797.2746 849056390.8622 648312827.155 845692371.9087 1021444120.1288 
267912650.7855 223849829.6909 406417435.1577 877936152.6951 19837859.9123 341786475.5574 350690159.3951 5057960.3587 0 420247725.7457 821041398.9536 771314532.2168 356900445.6008 1097299771.4645 898676649.7789 589344429.3077 1010602985.437 807020056.5806 902893254.434 462135528.9947 353981331.8475 807881710.081 838774710.523 450218583.6693 927551013.7587 359988348.7597 859439938.7604 83549945.1152 839975486.3511 177870444.1226 216056248.7268 971693353.9651 868876825.5765 248832876.4106 467675686.517 710519543.0441 234011290.1402 715123021.3744 547320525.2997 481139558.4095 681525314.0283 182956566.3027 812875335.0251 518504638.984 257931033.6416 846905585.2481 643748125.2 844651155.6913 1017157001.6978 
153032957.9256 206836966.4637 187633326.0075 550482928.2219 434295253.10789996 450051492.8345 174841624.80290002 422442463.9498 420247725.7457 0 401439259.9427 366717047.3425 274186420.7763 803458689.0965 563109616.1733 570210408.7009 649651378.5552 877117900.8345 720765947.0166 182204297.6188 74108993.2247 853164026.4317 868804306.1049 237803230.422 576356124.4449 81411894.707 539759804.5036 421272480.954 450664337.7959 290771464.5816 299274770.7664 605607076.1307 516141500.1971 527565541.7578 49022428.4294 558643862.3791 429292080.2426 371247852.9018 139429017.0418 432003102.8839 522761289.9704 293201148.0865 423282407.2487 612529813.1761 165473680.58359998 426677744.536 412831168.4036 447540845.2125 699960622.8148 
553133261.9861 601777691.5206 478926568.1622 462785662.4465 834194940.728 796323503.4019 511070347.1388 823055374.0697999 821041398.9536 401439259.9427 0 127515473.3148 607847954.3947 696544236.4991 454047373.00769997 817113754.7536 454845093.1517 1123485631.5314 782426848.7688 434376552.68259996 467755737.5457 1086117289.075 1088927480.617 511527218.428 428713409.9787 464612513.25439996 471471043.916 814770594.2392 261871366.332 679196861.1118 684855713.9329 412285592.984 391576050.1727 910638925.2178 353428747.3874 702405443.7548 807102990.2052 368415011.73319995 297264564.785 707457742.6645 673627033.517 680280378.4429 252505474.7354 915606844.1861 563219864.2365 37065468.635 541466549.5055 168128418.3 579097768.1936 
507612261.58580005 547567215.1315 394861492.2201 570876132.2548 782277813.1651 801043450.7379 436817569.7674 772615607.7226 771314532.2168 366717047.3425 127515473.3148 0 612881976.3838 814000317.4857 565519877.9301 859101977.0592 580729797.6042 1170680063.012 871975942.8816 335575424.9359 420615425.4017 1137162625.9565 1143962069.649 531789436.26390004 545476486.4529 412182801.5387 576328215.4871 753042711.7958 389101392.3676 612293541.5874 664998295.4304 534681921.8615 502772133.2315 893573785.5755 318174415.154 770212992.294 794678050.1561 443121730.2799 303768750.7723 736258710.7446 738531169.0255 611281111.8064 361772435.9071 939875678.6196 519015721.0532 163434698.6149 605446407.8935 84712851.8561 696277172.4613 
242496770.3557 282968683.1876 420350907.0016 532219407.1914 376618544.5852 188837012.1547 374911679.7936 361516206.7761 356900445.6008 274186420.7763 607847954.3947 612881976.3838 0 741195096.0895 555256429.1497 311056342.0742 675454725.0198 609060902.3942 557153101.0166 440189185.6352 273329326.4177 587905110.2416 607181720.3672 111855146.869 590042960.3535 293481883.6245 511778107.305 410871400.3792 535709705.4821 353547349.219 141278456.2032 640940990.4844 535663494.3647 319866530.3718 312419196.4102 367736719.2037 216247701.464 386610226.1876 313382200.8014 181435934.3998 335293943.893 360986965.4431 511049532.1604 338377034.2783 235173678.8959 621475233.837 287056606.2759 697346749.4681 665352752.126 
907236405.1465 966313824.3916 984235640.0456 258435387.5955 1116863847.9242 837884837.7655 975910945.1725 1101790896.9277 1097299771.4645 803458689.0965 696544236.4991 814000317.4857 741195096.0895 0 254411396.7357 649830099.2911 255965245.7993 817293255.5364 315772988.5769 957142625.1887 867622617.1692 766535191.2874 743890112.4393 650818219.6621 268539858.3196 881509704.7726 279493886.27750003 1143948342.3772 437966548.4118 1053868731.5151 882473552.2926999 290217647.8011 315130577.3505 1012460280.5546 788891165.24 447506572.8686 927220462.7072 434527099.3455 680362254.8039 664163121.8466 458955824.6592 1059422131.3369 454017203.3994 805306856.9574 908114431.5913 669051295.8424 454349792.0564 864247650.4515 117723910.7543 
681406531.2653 741624999.6169 738119449.9376 27861899.886 917478649.4733 692468359.615 734552832.0047 902740805.3829 898676649.7789 563109616.1733 454047373.00769997 565519877.9301 555256429.1497 254411396.7357 0 569655301.5166 129776599.7201 818936618.2438 367570104.7412 707468709.9577 631431199.6167 771690586.5585 761423225.9492 450140575.6517 123214750.88749999 643392581.226 52755571.3055 934449624.0641 192176006.6757 830551271.6363 691757289.2261 114049063.643 62771148.9031 859543080.3896 543350171.4819 379809408.6617 762864303.5381 192821365.396 438862286.06850004 530568448.6267 370194192.4697 835747531.3414 203776959.6322 715862425.3401 684143800.646 430560908.1396 293793890.5044 621934909.6184 177367475.52580002 
552332014.1661 587152792.1943 730386312.8293 541801369.8021 608071991.5578 250907977.2876 685946881.1216 594402389.6664001 589344429.3077 570210408.7009 817113754.7536 859101977.0592 311056342.0742 649830099.2911 569655301.5166 0 698522343.2628 312483863.9407 365735071.5133 746065070.9899 581933282.1501 283766286.5996 298680911.0883 338584421.5001 618813415.0375 602214931.2731 516906166.7595 663868670.0641 650104988.2607 645900540.2645 401166145.7474 681275089.0031 583669452.4096 412681676.6625 599187404.5132 203780251.4494 360966805.2827 488079920.3476 566605106.9917 139862868.9486 201829471.8671 653880556.8712 634324293.0392 155481361.9439 544156845.3046 818703976.6912 296334385.9179 942553644.1567 621660793.1807 
780075336.0344 840312412.1319 812714056.6067 157638499.6061 1028926376.0861 819632499.1093 816893715.1591 1014449921.6613 1010602985.437 649651378.5552 454845093.1517 580729797.6042 675454725.0198 255965245.7993 129776599.7201 698522343.2628 0 939472893.1881 466587197.3038 775897340.0423 721477619.9091 891236625.8817999 878091567.6547 567202117.3606 85880630.9769 731051209.76 182532171.02560002 1040829377.8719 214986048.4639 929197872.288 808713546.2436 46047875.7427 146324232.9613 984740090.2822 622650619.7424 505513398.6046 886498218.3209 299471518.0763 512549285.587 659672156.7113 498082499.2932 936194762.8501 238729080.307 845510441.4156 785017603.4381 424053162.1357 422761527.0074 619758635.7977 149611547.902 
839347197.392 866064372.8474 1026621685.4421 791995515.1746 822683434.7463 481314196.9491 977804704.549 811761052.3326 807020056.5806 877117900.8345 1123485631.5314 1170680063.012 609060902.3942 817293255.5364 818936618.2438 312483863.9407 939472893.1881 0 501814772.0983 1048110465.1645 881117228.4823 51230952.4002 89847002.7353 651068285.4408 870159402.0891 901188758.2485 768101163.8413 889430383.1733 935305023.7151 907214799.7052 666523389.573 932858769.3523 848044042.9724 571823056.8471 908790269.7585 443973622.2841 576960034.8806 780364723.8547 872591274.3393 445791554.4398 463294118.328 915352093.9722 923318109.76 292617986.5629 829581588.4657 1122468660.9995 587167932.5918 1253749611.6012 829604226.1113 
776298336.1705 828201642.0107 907620118.2022 352546022.3462 922664562.2085 593498725.5076 881152331.0526 907820609.1919 902893254.434 720765947.0166 782426848.7688 871975942.8816 557153101.0166 315772988.5769 367570104.7412 365735071.5133 466587197.3038 501814772.0983 0 899388606.4118 766256127.4835 454044486.2552 429887210.7807 504124769.8455 415564793.0302 784516643.2372 327650245.9052 965223120.0089 541358749.7402 906989455.0973 690273484.1253 478618216.7695 426402711.8599 764905951.0599 725951296.7836 192414736.4562 697057131.9273 428888328.512 637365710.723 426107725.5346 224595310.792 913997655.1317 536476061.884 516568654.9531 772949208.3636 767402787.4376 307937759.4658 942814937.0297 336949589.5254 
245181174.2313 246185992.5864 59982625.0381 699307530.287 469247718.08 597811542.8234 111445369.5996 462306474.0202 462135528.9947 182204297.6188 434376552.68259996 335575424.9359 440189185.6352 957142625.1887 707468709.9577 746065070.9899 775897340.0423 1048110465.1645 899388606.4118 0 167942837.9373 1027010042.4251 1044545824.7132 419153047.277 711436129.5103 148449780.433 692450869.1429 428951499.7465 562648809.0723 290179261.7413 422285839.4842 729870241.7727 653445469.3065 636123148.3909 174408746.1361 740611755.7103 550893603.9977 523302835.6402 277405992.5775 606519923.0839 704965587.5892 288004740.3761 537168259.7353 773168207.8727 244073958.9409 457546724.7149 591989568.5246 396377157.7178 847468301.6478 
87059969.4252 134863195.9872 149306691.2841 617552516.8669 366608823.6437 430793665.1407 114896300.5293 355782213.9894 353981331.8475 74108993.2247 467755737.5457 420615425.4017 273329326.4177 867622617.1692 631431199.6167 581933282.1501 721477619.9091 881117228.4823 766256127.4835 167942837.9373 0 861100281.8949 879679728.9288 267291742.0743 646789559.0741 102602643.6489 605570571.0329 349405928.6101 524374589.7225 216922516.0227 262025219.402 677803466.8452 586412349.9045 485267308.5099 116123562.8263 595189458.3734 392914126.0165 438759322.8725 213538010.2665 442074643.6586 559382259.5655 219195875.3012 496954035.3464 605245815.7778 98402385.3695 494824566.1639 459779358.4472 497729521.8249 766711907.2866 
823705202.9134 851592205.8867 1008070894.0068 747736293.2873 824278435.6168 474980866.7386 960883663.1005 812939670.4397 807881710.081 853164026.4317 1086117289.075 1137162625.9565 587905110.2416 766535191.2874 771690586.5585 283766286.5996 891236625.8817999 51230952.4002 454044486.2552 1027010042.4251 861100281.8949 0 38616050.3351 622281226.4544 828316863.6502 881300548.0809 725367754.8693 889310438.2717 892564666.8826001 899106480.2022 653781030.496 885739650.2015 802258098.8501 579424155.3955 882893665.8059 399368188.8647 575256504.4174 739305766.3041999 841653096.8653 421228892.9827 420524905.9101 907242254.8157 881091319.211 315563306.9528 815494872.9277 1083945806.6357 547125329.5681 1219644735.8995 779627309.719 
845390063.5252 875191326.9872 1027496121.3476 734670138.9163 855294299.7551 502705737.0641 981459332.6023 843474573.9799 838774710.523 868804306.1049 1088927480.617 1143962069.649 607181720.3672 743890112.4393 761423225.9492 298680911.0883 878091567.6547 89847002.7353 429887210.7807 1044545824.7132 879679728.9288 38616050.3351 0 635422663.7723 814345011.0484 899936685.4089 711395902.2675 919474903.1339 888380431.4986 925185744.2767 679196961.5325 874293964.6244 794160476.7712 613210353.8913 896921974.0259 394702353.2966 605401524.208 737993036.7418 851370646.7592 438027804.3605 418494657.4855 933309684.0059 878243363.0301 320270071.539 836383076.0752 1085444040.1202 548025045.8808 1225778801.4493 762376323.2183 
272739105.3516 326903323.7662 414712450.2783 428463280.8597 469382975.1138 289943019.4442 382188042.6036 454462900.8603 450218583.6693 237803230.422 511527218.428 531789436.26390004 111855146.869 650818219.6621 450140575.6517 338584421.5001 567202117.3606 651068285.4408 504124769.8455 419153047.277 267291742.0743 622281226.4544 635422663.7723 0 482355995.2911 286749621.918 409429964.9198 493163375.9198 423965949.8878 410192667.8267 241818888.8852 531427795.5402 425734602.1653 431456870.7493 261776266.4695 328009758.9861 328102848.333 275714144.9601 228020685.4916 206372286.9224 292402575.6493 418332411.85969996 399478044.2769 408419011.4206 270194044.435 521802568.3925 205990596.5976 616315105.7012 567061803.5388 
701779464.0509 762099212.1559 745627452.7524 127844885.2219 946042153.7271 733963244.9434 746004659.7049 931471421.5302 927551013.7587 576356124.4449 428713409.9787 545476486.4529 590042960.3535 268539858.3196 123214750.88749999 618813415.0375 85880630.9769 870159402.0891 415564793.0302 711436129.5103 646789559.0741 828316863.6502 814345011.0484 482355995.2911 0 657470038.1583 102949108.7809 959769407.4226 169538907.716 851112630.9099 724077245.4816 63053423.7393 60443601.9844 898859459.3053 552667046.7782 430609736.1718 800617587.344 213590887.0994 441971750.1246 575044814.0056 420231993.3437 855476767.0181 186993298.8191 763662121.9165 705330009.0436 402462425.2188 338218464.9168 596841828.2787 150819243.5355 
96731393.7983 137496648.7119 129134930.649 630137188.6938 371628997.7514 449361762.3904 97113982.2262 361384508.4713 359988348.7597 81411894.707 464612513.25439996 412182801.5387 293481883.6245 881509704.7726 643392581.226 602214931.2731 731051209.76 901188758.2485 784516643.2372 148449780.433 102602643.6489 881300548.0809 899936685.4089 286749621.918 657470038.1583 0 618712965.145 350561870.6298 531473423.5683 214906231.5563 278428690.8059 687018613.0018 597194493.2553 499763698.5249 117283986.956 614351874.086 408936889.9702 451042443.4152 220308211.9746 462355413.7956 578597059.2406 220868245.0013 504148846.88 624761946.6283 108808960.1395 492603956.3597 477616118.1615 487836881.9072 779489633.8341 
650491844.4126 710381444.3537 719429222.2057 24895776.441 878479070.1362 643464352.8826 711987433.6454 863621560.3517 859439938.7604 539759804.5036 471471043.916 576328215.4871 511778107.305 279493886.27750003 52755571.3055 516906166.7595 182532171.02560002 768101163.8413 327650245.9052 692450869.1429 605570571.0329 725367754.8693 711395902.2675 409429964.9198 102949108.7809 618712965.145 0 898284362.903 213708503.835 798946648.875 649986833.9362 165998780.4129 115526720.2086 816190867.9704001 524074795.5127 327691791.5445 717559895.4031 169649097.0999 415690017.7724 479774126.8103 317522619.6566 804023600.7859 219055266.0957 663378596.3854 652451275.5793 451282993.044 248171746.5685 637911203.8919 161769975.5232 
274104679.5247 224955524.5401 370146186.0368 915320893.8925 71876010.9311 419758966.3409 319112461.4652 79228948.4762 83549945.1152 421272480.954 814770594.2392 753042711.7958 410871400.3792 1143948342.3772 934449624.0641 663868670.0641 1040829377.8719 889430383.1733 965223120.0089 428951499.7465 349405928.6101 889310438.2717 919474903.1339 493163375.9198 959769407.4226 350561870.6298 898284362.903 0 859665890.2047 140881704.6792 275095816.3113 1000122949.9781 900064368.8902 332043199.861 465529348.4154 773537351.1591 314502403.5961 746178520.3232 555210599.3352 549228950.4542 743007128.7003 142559414.039 832240027.6216 600267257.3682 262867031.0668 843164703.7389 693916978.3078 821698135.0393 1058298497.0729 
591774839.3123 650910448.1821 603074446.1857 202336538.2778 857060329.1739 706158645.6473 611864354.8217 843321083.2948 839975486.3511 450664337.7959 261871366.332 389101392.3676 535709705.4821 437966548.4118 192176006.6757 650104988.2607 214986048.4639 935305023.7151 541358749.7402 562648809.0723 524374589.7225 892564666.8826001 888380431.4986 423965949.8878 169538907.716 531473423.5683 213708503.835 859665890.2047 0 738440194.5264 654201016.2745 169016318.9273 129982744.7533 855414026.19 418186369.5953 493678078.202 751930950.6207 164004124.5836 311249191.7141 571194906.5398 472039760.9725 741668436.7527 27500290.5805 777282419.538 597655494.7943 238814842.8361 353937558.584 429889673.734 320254967.6407 
149341117.6566 89020882.2666 231602145.5451 813775789.3782 182055100.336 425916365.4119 178733892.1417 177170704.5859 177870444.1226 290771464.5816 679196861.1118 612293541.5874 353547349.219 1053868731.5151 830551271.6363 645900540.2645 929197872.288 907214799.7052 906989455.0973 290179261.7413 216922516.0227 899106480.2022 925185744.2767 410192667.8267 851112630.9099 214906231.5563 798946648.875 140881704.6792 738440194.5264 0 246355209.1624 886754569.7491 790762457.4585 395344465.0551 331874653.845 720182936.6541 339564902.4112 638659190.3117 428797849.4006 515747853.7696 688841293.112 8139744.033 710939903.9459 614907130.3596 146519438.9218 707193900.054 616167909.9239 680864688.2944 960614690.3271 
191559498.4852 202285047.5195 384955371.0032 669648449.6385 235845602.756 185209192.6239 329655374.6194 220753454.6194 216056248.7268 299274770.7664 684855713.9329 664998295.4304 141278456.2032 882473552.2926999 691757289.2261 401166145.7474 808713546.2436 666523389.573 690273484.1253 422285839.4842 262025219.402 653781030.496 679196961.5325 241818888.8852 724077245.4816 278428690.8059 649986833.9362 275095816.3113 654201016.2745 246355209.1624 0 772185211.7679 667041358.9457 228578749.7269 347085902.123 498455896.4629 131124299.3268 515374162.6649 389504578.6099 276833078.0055 471813245.6199 254447905.379 628128861.5835 374295952.0619 179708775.7781 704385934.9372 428330577.8455 746616000.5828 805345779.107 
737843765.5627 797990978.9237 767271770.8096 141450084.4641 989825221.9322 790529745.3511 772166488.0309 975457883.6542 971693353.9651 605607076.1307 412285592.984 534681921.8615 640940990.4844 290217647.8011 114049063.643 681275089.0031 46047875.7427 932858769.3523 478618216.7695 729870241.7727 677803466.8452 885739650.2015 874293964.6244 531427795.5402 63053423.7393 687018613.0018 165998780.4129 1000122949.9781 169016318.9273 886754569.7491 772185211.7679 0 106752525.0841 953253860.6977 583835095.0627 493661566.7403 853710933.042 257116839.92 476587417.86300004 634301888.5179 483138684.3772 892638737.412 192701982.0374 825231353.143 742234514.398 382446197.4628 401271888.65610003 578295379.1222 177123819.8852 
641438029.3719 701754979.9913 686572515.2847 90633048.78909999 887252544.2709 684124139.7128 686099538.3192 872745535.5846 868876825.5765 516141500.1971 391576050.1727 502772133.2315 535663494.3647 315130577.3505 62771148.9031 583669452.4096 146324232.9613 848044042.9724 426402711.8599 653445469.3065 586412349.9045 802258098.8501 794160476.7712 425734602.1653 60443601.9844 597194493.2553 115526720.2086 900064368.8902 129982744.7533 790762457.4585 667041358.9457 106752525.0841 0 846501445.8212 493072851.2792 404595938.094 747037567.436 154005168.8636 382377902.5477 529694671.8898 389847886.4366 795100609.1394 141005810.7291 724139400.9863 645060238.4455 368742758.8537 294632072.9463 559391836.9848 198911040.454 
405878039.0211 394660384.2619 590939028.2679 834422151.783 260931821.388 174828854.2007 533064696.9718 252923025.3344 248832876.4106 527565541.7578 910638925.2178 893573785.5755 319866530.3718 1012460280.5546 859543080.3896 412681676.6625 984740090.2822 571823056.8471 764905951.0599 636123148.3909 485267308.5099 579424155.3955 613210353.8913 431456870.7493 898859459.3053 499763698.5249 816190867.9704001 332043199.861 855414026.19 395344465.0551 228578749.7269 953253860.6977 846501445.8212 0 575589324.1104 579308697.0455 248393615.931 703303149.3746 613755151.9485999 348835635.5831 559081738.2711 402677098.2981 830887683.3639 297773976.7722 393438431.2709 928562302.4013 570842871.8448 975065780.2932 954466176.92 
199838718.1192 250965603.205 195354779.6482 532821005.6871 481083938.3048 492873583.196 194372639.4289 469739875.3066 467675686.517 49022428.4294 353428747.3874 318174415.154 312419196.4102 788891165.24 543350171.4819 599187404.5132 622650619.7424 908790269.7585 725951296.7836 174408746.1361 116123562.8263 882893665.8059 896921974.0259 261776266.4695 552667046.7782 117283986.956 524074795.5127 465529348.4154 418186369.5953 331874653.845 347085902.123 583835095.0627 493072851.2792 575589324.1104 0 572081607.8733 476503635.0021 354425698.4128 110701699.5615 463003350.1496 536387206.1164 333616985.8302 391133113.0253 650225864.769 209791116.8491 379461626.3757 419348678.0957 399539310.0281 682097239.3952 
595295819.0028 644345101.1856 741327104.8922 352225296.0982 730357402.9564 405678576.4387 709161623.6397 715452672.9544 710519543.0441 558643862.3791 702405443.7548 770212992.294 367736719.2037 447506572.8686 379809408.6617 203780251.4494 505513398.6046 443973622.2841 192414736.4562 740611755.7103 595189458.3734 399368188.8647 394702353.2966 328009758.9861 430609736.1718 614351874.086 327691791.5445 773537351.1591 493678078.202 720182936.6541 498455896.4629 493661566.7403 404595938.094 579308697.0455 572081607.8733 0 506617925.319 345526071.1124 500343765.38140005 234981489.1751 35888289.7832 727417011.856 483695727.0347 358899578.7604 590836672.6052 695898084.0884 165008176.7266 848759486.5008 457094391.5066 
319138994.6847 318984866.4502 510416448.2987 738398285.8247 253849150.05249998 114455153.7515 453652832.2573 239069250.4989 234011290.1402 429292080.2426 807102990.2052 794678050.1561 216247701.464 927220462.7072 762864303.5381 360966805.2827 886498218.3209 576960034.8806 697057131.9273 550893603.9977 392914126.0165 575256504.4174 605401524.208 328102848.333 800617587.344 408936889.9702 717559895.4031 314502403.5961 751930950.6207 339564902.4112 131124299.3268 853710933.042 747037567.436 248393615.931 476503635.0021 506617925.319 0 601655482.3111 509949080.3943 271669515.4268 482487921.9407 347528464.0012 727164525.6679 285846343.5825 310833075.1049 825002030.3919001 478631223.1499 875852220.2853 863188837.3086 
489358984.9274 549654339.0298 549780125.1058 179238894.7206 733422193.7947 547672706.7263 543231227.8871 718956558.1633 715123021.3744 371247852.9018 368415011.73319995 443121730.2799 386610226.1876 434527099.3455 192821365.396 488079920.3476 299471518.0763 780364723.8547 428888328.512 523302835.6402 438759322.8725 739305766.3041999 737993036.7418 275714144.9601 213590887.0994 451042443.4152 169649097.0999 746178520.3232 164004124.5836 638659190.3117 515374162.6649 257116839.92 154005168.8636 703303149.3746 354425698.4128 345526071.1124 601655482.3111 0 246040920.6725 407541195.9214 319519438.5226 643234794.3257 146350701.2042 613286094.3342 492498434.7307 351117685.6526 193576917.1243 515351451.5478 328733485.8333 
285201673.2317 342682948.7839 305004327.647 423302106.0063 560952469.4188 502189560.5869 304983211.8229 548239327.1043 547320525.2997 139429017.0418 297264564.785 303768750.7723 313382200.8014 680362254.8039 438862286.06850004 566605106.9917 512549285.587 872591274.3393 637365710.723 277405992.5775 213538010.2665 841653096.8653 851370646.7592 228020685.4916 441971750.1246 220308211.9746 415690017.7724 555210599.3352 311249191.7141 428797849.4006 389504578.6099 476587417.86300004 382377902.5477 613755151.9485999 110701699.5615 500343765.38140005 509949080.3943 246040920.6725 0 433390928.6639 464455475.5982 432630165.12829995 283885435.8256 636112126.6533 297642395.8897 315052949.9976 337747931.2671 388434080.8833 572291601.2631 
414239678.0779 452037969.6968 590550467.821 503756769.5009 500686187.0048 174009563.9333 546520179.2492 486151190.3369 481139558.4095 432003102.8839 707457742.6645 736258710.7446 181435934.3998 664163121.8466 530568448.6267 139862868.9486 659672156.7113 445791554.4398 426107725.5346 606519923.0839 442074643.6586 421228892.9827 438027804.3605 206372286.9224 575044814.0056 462355413.7956 479774126.8103 549228950.4542 571194906.5398 515747853.7696 276833078.0055 634301888.5179 529694671.8898 348835635.5831 463003350.1496 234981489.1751 271669515.4268 407541195.9214 433390928.6639 0 211395298.1754 523556508.4957 551438610.5115 210591239.0197 406540597.3041 712131609.8574 236912371.0356 820614729.0989 611712606.1413 
560511041.1593 614440434.0936 705484590.4145 342361214.8587 701331430.4263 385404862.1087 673527193.3649 686422407.3239 681525314.0283 522761289.9704 673627033.517 738531169.0255 335293943.893 458955824.6592 370194192.4697 201829471.8671 498082499.2932 463294118.328 224595310.792 704965587.5892 559382259.5655 420524905.9101 418494657.4855 292402575.6493 420231993.3437 578597059.2406 317522619.6566 743007128.7003 472039760.9725 688841293.112 471813245.6199 483138684.3772 389847886.4366 559081738.2711 536387206.1164 35888289.7832 482487921.9407 319519438.5226 464455475.5982 211395298.1754 0 693958915.1488 461885033.954 354172406.362 556237787.3253 668305865.5931 133229445.0277 817673506.5464 421206101.7234 
157480861.6896 97160626.2996 228475084.3615 818866419.1169 186434682.5122 434052293.9073 176559370.7765 185310448.6189 182956566.3027 293201148.0865 680280378.4429 611281111.8064 360986965.4431 1059422131.3369 835747531.3414 653880556.8712 936194762.8501 915352093.9722 913997655.1317 288004740.3761 219195875.3012 907242254.8157 933309684.0059 418332411.85969996 855476767.0181 220868245.0013 804023600.7859 142559414.039 741668436.7527 8139744.033 254447905.379 892638737.412 795100609.1394 402677098.2981 333616985.8302 727417011.856 347528464.0012 643234794.3257 432630165.12829995 523556508.4957 693958915.1488 0 714168146.1722 623039557.6515 151603730.6954 706642079.3763 622561561.6686 679227619.1798 965714680.4452 
564274548.7318 623410629.5007 576861833.2964 229836828.8583 830014931.414 683310044.8513 584970932.0091 816199750.565 812875335.0251 423282407.2487 252505474.7354 361772435.9071 511049532.1604 454017203.3994 203776959.6322 634324293.0392 238729080.307 923318109.76 536476061.884 537168259.7353 496954035.3464 881091319.211 878243363.0301 399478044.2769 186993298.8191 504148846.88 219055266.0957 832240027.6216 27500290.5805 710939903.9459 628128861.5835 192701982.0374 141005810.7291 830887683.3639 391133113.0253 483695727.0347 727164525.6679 146350701.2042 283885435.8256 551438610.5115 461885033.954 714168146.1722 0 758710957.3612 570155204.2138 232686667.0793 338983868.0599 420633893.03540003 336603056.2377 
556761195.2184 574940845.7116 745975553.7767 688202124.9503 535073690.1295 189086759.438 694514012.3667 523562599.3427 518504638.984 612529813.1761 915606844.1861 939875678.6196 338377034.2783 805306856.9574 715862425.3401 155481361.9439 845510441.4156 292617986.5629 516568654.9531 773168207.8727 605245815.7778 315563306.9528 320270071.539 408419011.4206 763662121.9165 624761946.6283 663378596.3854 600267257.3682 777282419.538 614907130.3596 374295952.0619 825231353.143 724139400.9863 297773976.7722 650225864.769 358899578.7604 285846343.5825 613286094.3342 636112126.6533 210591239.0197 354172406.362 623039557.6515 758710957.3612 0 544320472.5604 922218893.15 430263200.5295 1024546048.6775 775378508.0854 
12440722.658 58202646.7683 205304260.3074 667262688.4215 271693861.2233 360731314.9326 150863753.7087 260071797.2746 257931033.6416 165473680.58359998 563219864.2365 519015721.0532 235173678.8959 908114431.5913 684143800.646 544156845.3046 785017603.4381 829581588.4657 772949208.3636 244073958.9409 98402385.3695 815494872.9277 836383076.0752 270194044.435 705330009.0436 108808960.1395 652451275.5793 262867031.0668 597655494.7943 146519438.9218 179708775.7781 742234514.398 645060238.4455 393438431.2709 209791116.8491 590836672.6052 310833075.1049 492498434.7307 297642395.8897 406540597.3041 556237787.3253 151603730.6954 570155204.2138 544320472.5604 0 588987501.3539 475412486.1073 595901020.1297 814125231.5061 
579255392.6563 629396235.1055 512359558.8233 441151381.1139 860517687.3765 809146248.5362 542819564.4074 849056390.8622 846905585.2481 426677744.536 37065468.635 163434698.6149 621475233.837 669051295.8424 430560908.1396 818703976.6912 424053162.1357 1122468660.9995 767402787.4376 457546724.7149 494824566.1639 1083945806.6357 1085444040.1202 521802568.3925 402462425.2188 492603956.3597 451282993.044 843164703.7389 238814842.8361 707193900.054 704385934.9372 382446197.4628 368742758.8537 928562302.4013 379461626.3757 695898084.0884 825002030.3919001 351117685.6526 315052949.9976 712131609.8574 668305865.5931 706642079.3763 232686667.0793 922218893.15 588987501.3539 0 537421110.7379 195849621.9285 552026739.2752 
477231668.6926 532576520.0693 599756101.5317 267202561.8629 663408806.0975 400504210.2483 574675658.9765 648312827.155 643748125.2 412831168.4036 541466549.5055 605446407.8935 287056606.2759 454349792.0564 293793890.5044 296334385.9179 422761527.0074 587167932.5918 307937759.4658 591989568.5246 459779358.4472 547125329.5681 548025045.8808 205990596.5976 338218464.9168 477616118.1615 248171746.5685 693916978.3078 353937558.584 616167909.9239 428330577.8455 401271888.65610003 294632072.9463 570842871.8448 419348678.0957 165008176.7266 478631223.1499 193576917.1243 337747931.2671 236912371.0356 133229445.0277 622561561.6686 338983868.0599 430263200.5295 475412486.1073 537421110.7379 0 684591693.0951 384560131.6909 
584568275.7055 620912469.1249 456359433.1106 630096359.5467 854607385.8745 884553310.9481 502986305.0756 845692371.9087 844651155.6913 447540845.2125 168128418.3 84712851.8561 697346749.4681 864247650.4515 621934909.6184 942553644.1567 619758635.7977 1253749611.6012 942814937.0297 396377157.7178 497729521.8249 1219644735.8995 1225778801.4493 616315105.7012 596841828.2787 487836881.9072 637911203.8919 821698135.0393 429889673.734 680864688.2944 746616000.5828 578295379.1222 559391836.9848 975065780.2932 399539310.0281 848759486.5008 875852220.2853 515351451.5478 388434080.8833 820614729.0989 817673506.5464 679227619.1798 420633893.03540003 1024546048.6775 595901020.1297 195849621.9285 684591693.0951 0 746938007.9576 
812261819.9358001 872091223.4941 877213325.4502 149505575.6398 1036392338.5464 782141569.3227 871959952.1552 1021444120.1288 1017157001.6978 699960622.8148 579097768.1936 696277172.4613 665352752.126 117723910.7543 177367475.52580002 621660793.1807 149611547.902 829604226.1113 336949589.5254 847468301.6478 766711907.2866 779627309.719 762376323.2183 567061803.5388 150819243.5355 779489633.8341 161769975.5232 1058298497.0729 320254967.6407 960614690.3271 805345779.107 177123819.8852 198911040.454 954466176.92 682097239.3952 457094391.5066 863188837.3086 328733485.8333 572291601.2631 611712606.1413 421206101.7234 965714680.4452 336603056.2377 775378508.0854 814125231.5061 552026739.2752 384560131.6909 746938007.9576 0 
