51
Place86 Place91 Place36 Place87 Place31 Place0 Place77 Place41 Place75 Place16 Place15 Place53 Place43 Place52 Place29 Place59 Place26 Place10 Place54 Place23 Place2 Place93 Place56 Place1 Place48 Place19 Place60 Place57 Place78 Place58 Place98 Place22 Place88 Place81 Place71 Place89 Place3 Place34 Place33 Place17 Place4 Place85 Place20 Place83 Place50 Place61 Place18 Place47 Place30 Place40 Place72
0 2168536746.0286303 1423872940.48717 2119117845.62729 1846604898.06776 1339395427.80889 1288952035.2356 2308530959.19303 1757797244.80498 1750508292.32352 1963000735.53286 2171492102.83879 1909313075.07371 1610355558.54804 2072506594.23479 1168624759.61774 1476744366.24903 1791634927.39732 2350863119.58563 2489697014.1946898 1028247529.69254 1312860317.36381 2190164916.63349 2205152199.1884203 1750584535.6907 2031508116.42331 1725777744.02839 1764336919.92291 1267182935.4329 1357310728.90979 2243450934.32916 1548949627.20614 1754306242.02771 2126677398.9325202 1770610563.30777 1411323372.71771 2162725893.71486 2347236679.6333504 1348294489.31912 1492750675.17201 2077017222.5689101 1746432701.88927 2352395552.84605 1506516348.14705 1152007148.69683 1454172905.66133 2262350602.34387 1774731520.61091 1452069204.5093 1857807375.35177 2098873727.5428 
2168536746.0286303 0 2227723313.89258 2140083739.9607801 2242818117.60872 1906836172.86517 1050788639.4967 2260659210.58971 1403778044.52184 1546256406.34932 1495253634.07272 2248285211.4225 1310195936.58843 2301694888.63235 1456312308.29187 2297749190.49634 2286525434.9263096 1957666290.97273 1857724456.66915 1440792742.83488 2141812947.7768898 1557624966.47483 2224406627.42522 1558320511.59287 1252607080.83697 1138552361.04612 2054810152.78149 2222576896.1374702 1261213990.55213 1121719235.29813 2178555579.66979 1397772711.71676 1585535050.71788 2304251532.77892 2292118279.04899 2241814328.0752897 1620843015.99936 1645035972.10927 1983625095.67869 2249060205.38662 1381970640.26372 1667382952.91378 2360670781.55936 2352172972.17604 1492133296.26993 2124008570.5813498 1738528352.56555 1732879436.79412 1809316515.12093 2083068302.28025 1149749558.09347 
1423872940.48717 2227723313.89258 0 2191577277.95039 1595443691.33263 1928304009.35127 1250098820.136 1264669368.15344 2084429471.0234299 1428337031.40951 1093031407.50977 1880927636.04769 2341296837.7725296 1888514762.52082 1044147493.84457 1872440318.17835 1056430091.27806 2151113099.40346 1573486468.96428 1075927962.96303 1259042732.76613 1696337760.04213 1692786605.15002 1921895662.55745 1600752205.91913 1561567700.87478 1816318226.07956 1263934152.55596 1079119572.26709 1747722912.09534 1509034654.89534 2077909731.6103802 2260471130.7991 1256972540.34916 1250395270.08246 2371907849.03583 1002898904.35336 2347080885.51248 1142796077.65991 1656094087.86393 1999518555.05054 2289396109.6969004 1453333732.57168 1531479133.22464 1022922441.17281 2159870757.9278603 1464219412.11533 1838374349.16384 1412386822.95668 1205017320.11703 1282337573.37307 
2119117845.62729 2140083739.9607801 2191577277.95039 0 1375924027.33922 1543601637.55617 2337573544.56075 2432850674.69104 1459425731.60253 2164451450.15438 2192181173.53487 1172221707.38709 1954910679.18003 2257366306.47882 2247538417.16946 1371296103.00015 1177868209.05742 1116163749.94123 1834421823.4714 2048256628.8633099 2081958326.94559 1267070215.21953 2181620304.99219 1981454325.41078 2128949534.8930502 1761087693.06261 2182668852.62883 1347863643.16514 1413067073.65264 1018364504.66265 1413775564.05009 1823245443.40093 1101808705.17839 1373660726.38353 2320538238.34335 1796655780.9157 2185095419.92467 1152367747.65059 1048781200.29048 1826038456.09823 2246316617.0062504 2235680391.0304003 1501865907.33363 1135589968.35271 1896656296.27165 1241169407.0841 2127167541.93953 1218880725.10886 1362673504.02723 1086190988.25203 1693091006.00552 
1846604898.06776 2242818117.60872 1595443691.33263 1375924027.33922 0 2216967086.47499 1192029478.11202 1056926647.35182 2039090870.9228601 1398067100.42847 1637958921.2301 2057284880.52457 2083810689.1953802 1594081525.2224 1555637076.7515 1846629061.68266 1585302315.97107 1672514290.76764 1545990321.51793 1004027917.11671 2209956153.5601797 1343966589.6313 2074659185.0952 1182888663.76703 1064589826.53511 1945890969.44296 1372223327.1024 1002966115.13758 1110847911.50163 2219053211.65482 2031855012.57554 2006009685.76406 2214006249.98897 1729522914.03629 1557309170.45677 1924034776.0932 1321588516.48884 1742990030.42782 1811783767.41799 1907202943.60193 1911938313.96261 1212753833.81269 2046454051.4979901 1181593942.09299 1819613202.18712 1874596066.69847 1384774363.52564 1710417927.35927 1278515865.99177 2139847454.50872 1813494654.78377 
1339395427.80889 1906836172.86517 1928304009.35127 1543601637.55617 2216967086.47499 0 1024937608.36297 1697345256.37938 1307241570.95503 2089538078.7027202 2157038207.7975802 1391628258.93268 2328059949.81671 1148478757.29712 1773509421.92275 1460159274.26479 1043193203.32224 1042514749.44516 1135993288.22969 1551134991.4146 1148302227.01615 2144140859.2880201 1779128847.64622 1308294318.77163 1886919526.44266 2151562813.74692 1050970008.26013 2135798095.5065198 1197374001.12232 2124745709.9056802 1901399098.46585 1571690580.64891 1629846258.48365 2139049065.09125 1945268823.93211 2373344239.74759 1619003078.52541 2163492517.62472 2088755320.66217 1373839568.40083 1623442829.74868 1288736886.44652 1228899852.47754 2438216101.93508 2249420165.54767 1395645841.92376 1015942672.6288 2228351165.23347 1140302238.13992 2206683300.3871202 2017284651.30822 
1288952035.2356 1050788639.4967 1250098820.136 2337573544.56075 1192029478.11202 1024937608.36297 0 2248956125.46384 1860455255.82161 1635411700.70452 1321324239.50565 1628077556.32582 1764869758.03962 1419708289.45273 1371837305.95269 1428446787.52997 2068130811.68521 2067452357.80813 1061911084.35003 2167112286.18596 1902564217.29497 1507165033.97832 2282120580.45595 2177025097.9744797 1420481750.20131 2101220061.5419402 1535049305.12243 1530833564.00236 1717424174.31086 2172507874.7948303 1462058283.88238 2344633943.77275 1960051877.07455 1414054314.40115 1846514374.84534 2376184946.95111 1982809190.28922 1600862232.93482 2378854993.7308 1885852162.10925 1362956332.30123 2162973163.3516603 1737851690.93379 1961412221.47971 1372720137.67067 2294994405.15452 2040880280.99177 2404118074.1507196 1227809442.43748 1550726294.81497 1804398180.85444 
2308530959.19303 2260659210.58971 1264669368.15344 2432850674.69104 1056926647.35182 1697345256.37938 2248956125.46384 0 1320900116.46781 1445157097.37621 1546016166.45903 1582844522.45771 2184298474.0549297 1251002137.284 2137910762.7674198 1139906199.57529 1371295806.57888 1868631475.15122 1503969591.6475 1394704487.47621 2109515423.1507401 2136231042.3403401 1118368068.96674 1151075049.10161 1410417938.65638 2085048688.9514499 1847009814.14986 1573023220.4022 2075110260.13718 1596414687.02195 1929294313.02506 1937453057.17109 1772888866.65334 1981395817.37105 2155632664.51149 1107238480.88239 2136775308.05264 2214518942.4858103 1919585948.38338 1375738372.81389 1313374717.60413 1349196213.07807 2158079921.31621 1978441485.35385 1629800288.62221 1816727978.91882 1594618272.32031 2168657889.2561703 2113122618.77688 1411298681.93364 1110909652.49624 
1757797244.80498 1403778044.52184 2084429471.0234299 1459425731.60253 2039090870.9228601 1307241570.95503 1860455255.82161 1320900116.46781 0 2327608777.53485 1294407465.06455 1899937979.72169 1209645865.94257 1127790486.32261 1040281977.17886 2163996919.08445 1870582882.54855 2202485569.19478 1149942583.98436 1694404318.07252 1603365744.10025 2205641441.17899 2059824670.9795399 1362388626.6075 1186864416.91973 1689975667.73907 1688604610.40991 1036124755.78528 1141887735.47974 1648567525.52511 2338027388.34334 1705356090.72383 1863976556.4664 1971877777.03192 1809751818.42454 1342692112.05154 2297204891.7722597 1447187659.48882 1386723466.08196 1824239172.29152 1622081895.40533 1152220301.38586 1728971927.61087 2164552989.6809397 2307721525.53201 1557181049.32817 1803094360.45064 1089169606.15533 1582553391.07111 1329111810.41179 2083948780.7105799 
1750508292.32352 1546256406.34932 1428337031.40951 2164451450.15438 1398067100.42847 2089538078.7027202 1635411700.70452 1445157097.37621 2327608777.53485 0 2236974075.4605904 1611178313.14124 1364523215.46376 1779042189.41668 1913785062.85904 2044029344.76729 1440780242.98948 1464805358.02606 2159105942.21432 2357196992.87073 1481289059.70468 2246856558.79793 1589271207.03097 1062572725.76546 2151744781.60712 1132550715.25096 2229303323.7781696 1961516672.08892 1525405039.62936 2130830188.85141 2070775289.57257 1429698806.71352 2336049776.40263 1545244065.61357 2358288838.3512897 2301909672.04821 1037887599.3552 1455613558.52015 1725585501.07902 2194411793.30809 2292869213.55957 1466073984.87486 2380867229.05753 1237933185.10273 1471977626.43449 2194859452.9297 1966081010.69993 1362204513.91191 1534959297.11257 2186734122.16678 2372817714.81489 
1963000735.53286 1495253634.07272 1093031407.50977 2192181173.53487 1637958921.2301 2157038207.7975802 1321324239.50565 1546016166.45903 1294407465.06455 2236974075.4605904 0 1134951629.01577 2146709603.92108 1723840788.57153 1710869821.63325 1925598762.05752 2112659601.8277898 1405551472.21728 1021044919.56789 2126246121.40382 2107683946.9404001 1291778458.21455 2200559320.69049 1690694450.15407 2261971816.49625 1104423360.20963 2220750970.91431 2189270394.40276 1109127556.87348 1945384682.06979 1043619923.27879 2168978500.0532303 1439710471.05604 1508191085.3553 2268767308.51375 2273782317.00688 2076507613.49616 1320604951.12313 1255781012.41565 1955676736.40538 1707251298.93715 1992916057.14878 1038262622.16211 2247578871.61965 1799326419.62149 2154764723.71238 1706191388.18254 1854715069.15172 1740640518.12685 1761609416.36452 1993175296.69065 
2171492102.83879 2248285211.4225 1880927636.04769 1172221707.38709 2057284880.52457 1391628258.93268 1628077556.32582 1582844522.45771 1899937979.72169 1611178313.14124 1134951629.01577 0 1561872856.60256 1427893482.32985 2178190846.91824 2426636637.02094 1263947983.31006 1095627843.6231 1236657775.79892 2226519042.8207498 1976664980.55769 1009383140.80303 1861169558.92226 1058256287.71243 2111248995.89815 2235445342.03236 2218168366.21025 1054318765.38699 1722728017.2277 2037685490.4897199 1066210395.07668 1224537274.1734 1618423067.73058 1091904080.08305 1205154179.14876 2237359704.1100903 2099098085.29405 1731578288.99878 1555556183.19453 1485617703.69944 1167773610.11908 2264968233.59974 2173214251.17788 2019218169.26596 1876699614.79099 1511455788.93348 1099543441.55647 1770354288.50736 1468536911.9411 1043116448.13762 1604670990.75393 
1909313075.07371 1310195936.58843 2341296837.7725296 1954910679.18003 2083810689.1953802 2328059949.81671 1764869758.03962 2184298474.0549297 1209645865.94257 1364523215.46376 2146709603.92108 1561872856.60256 0 1519899985.66777 1620739183.98044 1271428086.59877 1284866746.49447 2166091470.43688 1779456876.2585 2295216635.45477 1659318550.98292 1313494553.58032 2160539676.72192 1050656910.32952 1150470318.16183 2401199381.99692 1741058995.66383 1276137550.8721 2286563399.09692 2154646614.2087502 1482272569.54049 1336644242.15332 1621446376.46935 1283908603.55807 2263787943.92825 1760536215.34844 2086995339.61563 2163078612.24334 1953818664.67627 1534487364.38946 1787460625.8379 1992321013.04009 1152507918.74547 2239207040.86191 2103801960.82111 2149785359.12688 1686093362.33512 1227007331.17733 1477907797.86963 2225727946.13544 2348964888.9161 
1610355558.54804 2301694888.63235 1888514762.52082 2257366306.47882 1594081525.2224 1148478757.29712 1419708289.45273 1251002137.284 1127790486.32261 1779042189.41668 1723840788.57153 1427893482.32985 1519899985.66777 0 2057930698.08657 1495509313.82756 1102647024.147 2150786585.65753 2098233818.5093398 1462833057.92317 1013671633.54432 1980072067.6014 1438853433.70738 1181232528.45972 1291585626.1409 1340774763.18858 1917641917.73384 1418345929.55022 1899214772.64096 1763074399.17689 2195031755.7066097 1530051957.26666 2184770438.5559797 1278310217.661 2181757456.4577303 2053519378.19564 1477965560.47475 2129553531.68311 2138956604.32923 1002628847.00811 1990455456.94132 1317116042.94697 1118982838.18524 1396034175.19463 1975415903.82413 2279648199.1446 2164421429.92592 1859412613.84249 2203867988.4711 2366843254.1145096 2285435420.22392 
2072506594.23479 1456312308.29187 1044147493.84457 2247538417.16946 1555637076.7515 1773509421.92275 1371837305.95269 2137910762.7674198 1040281977.17886 1913785062.85904 1710869821.63325 2178190846.91824 1620739183.98044 2057930698.08657 0 2226138797.6817303 2100577585.1226301 2151086914.92388 2069700038.68768 1982115646.90734 1044259064.54225 1213302957.34998 1019542693.80068 1345199716.15467 2029612052.36077 1681886500.70668 2074811934.11831 1959727176.66029 1494924297.26074 1639476122.70199 1636435127.01566 2065999943.77482 2233551455.90649 1155523386.44452 1728026394.76858 2178698940.70203 1619250434.49945 1717277481.74418 2110422824.5075703 1127808409.5145 2102231602.75535 2083020591.3315501 1368709503.91222 1767974092.81333 1726949557.93767 1506407271.91519 1787321512.7007 1929035653.03927 2073853831.81915 2103070083.6170702 1796674542.19722 
1168624759.61774 2297749190.49634 1872440318.17835 1371296103.00015 1846629061.68266 1460159274.26479 1428446787.52997 1139906199.57529 2163996919.08445 2044029344.76729 1925598762.05752 2426636637.02094 1271428086.59877 1495509313.82756 2226138797.6817303 0 2154416513.9684 1331008793.39784 1528473167.41586 1659340566.95659 1302109731.33298 1633890906.63114 2024548984.49799 1719220595.83961 1730936596.74127 2124111577.21803 1463327341.58525 1379946447.80277 1305072313.17126 1769777029.6064 1821734901.14562 1494130814.46321 2287712406.12821 1603099343.51908 1496892709.42254 1629627842.37625 1006141745.41209 2315830941.85711 1848145206.18039 1327975562.23167 2320532600.66396 1011776617.69859 2330844771.98785 1814734061.96697 1461604327.46952 2163113598.98659 2451447914.21285 1562102368.38273 1920046390.35265 2304471622.21317 2126808526.1868 
1476744366.24903 2286525434.9263096 1056430091.27806 1177868209.05742 1585302315.97107 1043193203.32224 2068130811.68521 1371295806.57888 1870582882.54855 1440780242.98948 2112659601.8277898 1263947983.31006 1284866746.49447 1102647024.147 2100577585.1226301 2154416513.9684 0 1094683008.1254 1403010458.82057 2132358054.24109 1580214907.59249 1100947655.96578 1446190338.78149 1753693140.71554 1380000276.65057 1517779603.71201 1297341462.35067 2318266748.69705 1635072967.26838 1942545854.56002 1704396280.0609 1274087478.42191 1890455743.13296 1954586317.4664 1331409298.68414 1983291258.12891 1148274768.55631 1838158734.46249 1045562117.33993 1832397155.28263 1997578845.07223 2314518437.84825 1074396979.66568 1397793515.28435 1825661395.66581 2181926023.81201 1106205911.73751 1185157961.91123 2119373145.1030898 1534606051.68001 2107547890.41693 
1791634927.39732 1957666290.97273 2151113099.40346 1116163749.94123 1672514290.76764 1042514749.44516 2067452357.80813 1868631475.15122 2202485569.19478 1464805358.02606 1405551472.21728 1095627843.6231 2166091470.43688 2150786585.65753 2151086914.92388 1331008793.39784 1094683008.1254 0 1771144121.03657 1998085881.27916 2190816976.46131 1486498888.80533 1131544221.1232 1897372512.38024 1015621152.27505 2221370022.29608 1723504468.0924 1584774425.45612 2231915556.65387 2134528254.60388 2161838238.69978 2070512937.40163 2015685634.16993 1657425138.38586 1441490521.47268 1520548198.01858 2149951460.2091 1203490272.81795 1508279992.06178 2198762759.6083302 2263401453.74218 1263498088.08441 1471701610.32761 2021191191.0036402 2550434040.2975 1225789269.54929 1415189412.42814 2279840970.03663 2045285488.0882 1740533930.78044 1701943400.95494 
2350863119.58563 1857724456.66915 1573486468.96428 1834421823.4714 1545990321.51793 1135993288.22969 1061911084.35003 1503969591.6475 1149942583.98436 2159105942.21432 1021044919.56789 1236657775.79892 1779456876.2585 2098233818.5093398 2069700038.68768 1528473167.41586 1403010458.82057 1771144121.03657 0 1105201201.83593 1590208676.32194 2246040916.6019497 1683897239.16255 1869232170.84988 1248374048.34229 1947209197.91865 1938772704.47606 1401833660.07112 1395049694.36263 1724111486.79707 2064664842.8466802 2107182970.4832802 1272393075.02684 1003055776.86156 1263763150.355 2487289376.2451296 1800751281.10757 2058820051.68637 2137076247.1974502 1478333957.53722 1324956743.83649 1585803460.10765 1048249358.1885 1338155689.44769 1866068166.21995 1896698004.71736 2151935960.85849 2239112190.13969 1183309667.11677 1440648981.74588 1200513959.65236 
2489697014.1946898 1440792742.83488 1075927962.96303 2048256628.8633099 1004027917.11671 1551134991.4146 2167112286.18596 1394704487.47621 1694404318.07252 2357196992.87073 2126246121.40382 2226519042.8207498 2295216635.45477 1462833057.92317 1982115646.90734 1659340566.95659 2132358054.24109 1998085881.27916 1105201201.83593 0 2054712989.1210299 1543449222.41642 1818071838.55172 2186916580.88374 1892307405.50598 2066536908.49095 2054039512.8171601 1886256217.75854 1552200076.66852 1766272182.95988 1415764963.62676 1001981768.64735 2096377528.7094002 1691154143.96277 2237262070.36732 1636263358.65337 2078826867.31639 2203513929.64931 2218724040.62294 1170028996.31766 2425535100.99196 2042412728.07369 1747934303.01523 1868795502.28865 1787663996.13443 2278442596.12167 1381730221.91772 1479668418.30714 1518710472.7691 1819281166.36251 2090236710.8284402 
1028247529.69254 2141812947.7768898 1259042732.76613 2081958326.94559 2209956153.5601797 1148302227.01615 1902564217.29497 2109515423.1507401 1603365744.10025 1481289059.70468 2107683946.9404001 1976664980.55769 1659318550.98292 1013671633.54432 1044259064.54225 1302109731.33298 1580214907.59249 2190816976.46131 1590208676.32194 2054712989.1210299 0 1697000893.99318 1967996404.70599 2154262989.02311 1434697896.7479 1003260586.73077 2199272235.27628 1289083595.4684 1449507592.43893 1124870921.59429 1215203404.63662 1811996518.8082 1248575012.32689 1905445849.99638 1667658095.68335 2109305743.97124 2190935960.38688 2256188199.7161503 2143271986.76724 2016300480.5524302 1601173207.2223 2136498919.67277 1924337029.83749 1429477139.77088 1101117938.53152 2319965545.56462 1313154233.53074 2076136968.64709 2288604465.1560698 1835638857.1306 1835727472.74553 
1312860317.36381 1557624966.47483 1696337760.04213 1267070215.21953 1343966589.6313 2144140859.2880201 1507165033.97832 2136231042.3403401 2205641441.17899 2246856558.79793 1291778458.21455 1009383140.80303 1313494553.58032 1980072067.6014 1213302957.34998 1633890906.63114 1100947655.96578 1486498888.80533 2246040916.6019497 1543449222.41642 1697000893.99318 0 1640453949.74122 1605103030.61562 2135572351.4737601 2100774654.37131 2019886407.9329 2063701906.19002 1063753705.69925 1310888036.57706 1899186343.98948 2233920414.97643 1628589604.32459 2101287220.88608 1894719023.38512 2268807372.21171 1664864268.67867 1412390331.27229 1078858511.4591 1743205750.32538 2177156750.92211 1506962805.02076 1758647746.70028 2256264808.32068 1461030643.41441 1080978367.84623 1860551133.61145 2221374412.82788 2179779969.8105297 1561763267.22051 2077315898.5529299 
2190164916.63349 2224406627.42522 1692786605.15002 2181620304.99219 2074659185.0952 1779128847.64622 2282120580.45595 1118368068.96674 2059824670.9795399 1589271207.03097 2200559320.69049 1861169558.92226 2160539676.72192 1438853433.70738 1019542693.80068 2024548984.49799 1446190338.78149 1131544221.1232 1683897239.16255 1818071838.55172 1967996404.70599 1640453949.74122 0 2200186827.1154 1010069358.56009 1893358040.46313 2415789962.47526 1765171947.24466 2427254384.01007 1844495866.3099 1315108413.02833 1323582040.2114 1696387863.57485 1757409783.61236 2313289864.95706 2225606549.8491297 1018407239.0859 2335034493.9411497 2479357997.99944 1534836231.80832 1189891426.03392 1482983665.46522 2139196288.30433 1046030336.63948 1793150700.32722 1902694832.52283 2283677744.57883 1995487169.62017 1054311138.01847 2085326986.5337 2213698731.47301 
2205152199.1884203 1558320511.59287 1921895662.55745 1981454325.41078 1182888663.76703 1308294318.77163 2177025097.9744797 1151075049.10161 1362388626.6075 1062572725.76546 1690694450.15407 1058256287.71243 1050656910.32952 1181232528.45972 1345199716.15467 1719220595.83961 1753693140.71554 1897372512.38024 1869232170.84988 2186916580.88374 2154262989.02311 1605103030.61562 2200186827.1154 0 1654237968.81743 1695511507.44225 1708623573.56422 1879403751.19925 1235906488.7674 2014921054.13597 2124466682.78911 2165354006.2104597 2202986634.60671 1428731461.89933 2263410466.86119 2258313529.984 1674750625.08004 2311803859.6819696 1422405827.5941 1558998245.78559 1562286698.90068 1765171088.85242 1910910906.94667 1449420351.14598 1053145050.49159 1218619257.07057 1087319448.43967 1645081606.18986 1498438554.58884 1772446952.36401 2088661427.11909 
1750584535.6907 1252607080.83697 1600752205.91913 2128949534.8930502 1064589826.53511 1886919526.44266 1420481750.20131 1410417938.65638 1186864416.91973 2151744781.60712 2261971816.49625 2111248995.89815 1150470318.16183 1291585626.1409 2029612052.36077 1730936596.74127 1380000276.65057 1015621152.27505 1248374048.34229 1892307405.50598 1434697896.7479 2135572351.4737601 1010069358.56009 1654237968.81743 0 1324750768.92771 2157673321.42383 1171258448.24832 1466767760.80473 2178357055.13873 1265930219.83901 1205254088.17466 2193453167.0079203 1594381432.96659 1487010352.35426 2156296951.9187 1954707146.82456 2219111425.093 1526664086.19524 1183141607.33328 1893380088.58026 1799752697.86738 1689149048.42289 1929015566.58264 2431204784.02922 1345967016.45859 1273608386.01874 1786719851.34773 2053358478.13896 1075257627.97361 2187312349.12696 
2031508116.42331 1138552361.04612 1561567700.87478 1761087693.06261 1945890969.44296 2151562813.74692 2101220061.5419402 2085048688.9514499 1689975667.73907 1132550715.25096 1104423360.20963 2235445342.03236 2401199381.99692 1340774763.18858 1681886500.70668 2124111577.21803 1517779603.71201 2221370022.29608 1947209197.91865 2066536908.49095 1003260586.73077 2100774654.37131 1893358040.46313 1695511507.44225 1324750768.92771 0 1956920198.13135 2250375821.93071 1037020948.67206 2128131508.32506 2042738757.48841 1064555139.8436 1983587844.53781 1737363064.92799 2273129418.46209 1169358956.79725 1359848673.44767 1694360414.49665 2360204372.62528 1318471124.63936 1631209693.72567 1443193441.88679 1576205264.04884 2364051197.3443003 1792403823.13006 1356217306.61138 1424813728.49123 2121987191.42261 1428946000.03423 1639250955.38048 2096910886.77469 
1725777744.02839 2054810152.78149 1816318226.07956 2182668852.62883 1372223327.1024 1050970008.26013 1535049305.12243 1847009814.14986 1688604610.40991 2229303323.7781696 2220750970.91431 2218168366.21025 1741058995.66383 1917641917.73384 2074811934.11831 1463327341.58525 1297341462.35067 1723504468.0924 1938772704.47606 2054039512.8171601 2199272235.27628 2019886407.9329 2415789962.47526 1708623573.56422 2157673321.42383 1956920198.13135 0 2111891395.9527 2033393234.3287702 1950464759.71872 1888404469.7924 1203473194.28559 1385483465.66375 1768707496.08492 1290180380.19754 1514700150.08669 1491873291.26875 1148271477.31307 1539247353.82147 1042618941.66853 2041414284.57862 1067853094.97968 1375716577.77989 1462545222.65491 1461225675.17448 1230448784.7431 1185388375.81973 1997356379.20501 1601140440.78103 2052951457.068 1384627727.42942 
1764336919.92291 2222576896.1374702 1263934152.55596 1347863643.16514 1002966115.13758 2135798095.5065198 1530833564.00236 1573023220.4022 1036124755.78528 1961516672.08892 2189270394.40276 1054318765.38699 1276137550.8721 1418345929.55022 1959727176.66029 1379946447.80277 2318266748.69705 1584774425.45612 1401833660.07112 1886256217.75854 1289083595.4684 2063701906.19002 1765171947.24466 1879403751.19925 1171258448.24832 2250375821.93071 2111891395.9527 0 2044293618.46527 1232734508.99523 1643971367.23801 1659268057.34524 2188119561.28602 2146222845.4700398 1825552823.83014 1383610846.89782 2266833056.90932 2314107758.90561 1520415126.01941 1228729614.09096 1080974988.99766 1803986331.41648 1322841736.02794 1213247704.95257 1297004800.47941 1140164576.47928 1231366564.6864 1278476283.26302 1659909298.66266 1902930537.65804 1072827338.044 
1267182935.4329 1261213990.55213 1079119572.26709 1413067073.65264 1110847911.50163 1197374001.12232 1717424174.31086 2075110260.13718 1141887735.47974 1525405039.62936 1109127556.87348 1722728017.2277 2286563399.09692 1899214772.64096 1494924297.26074 1305072313.17126 1635072967.26838 2231915556.65387 1395049694.36263 1552200076.66852 1449507592.43893 1063753705.69925 2427254384.01007 1235906488.7674 1466767760.80473 1037020948.67206 2033393234.3287702 2044293618.46527 0 1298303867.72473 2152747480.1522703 1811874622.21294 1201720797.03154 2336092112.61625 1425469038.58566 1365151940.91662 1564060253.3019 2154937013.33749 1576032468.82494 1368371930.45343 1237362957.97615 1406450223.42222 1817949672.20579 1721233454.61557 1805085386.07118 2144732073.54548 1967381880.85443 2231057341.63507 1783630722.84708 1082431009.58459 1419077599.93971 
1357310728.90979 1121719235.29813 1747722912.09534 1018364504.66265 2219053211.65482 2124745709.9056802 2172507874.7948303 1596414687.02195 1648567525.52511 2130830188.85141 1945384682.06979 2037685490.4897199 2154646614.2087502 1763074399.17689 1639476122.70199 1769777029.6064 1942545854.56002 2134528254.60388 1724111486.79707 1766272182.95988 1124870921.59429 1310888036.57706 1844495866.3099 2014921054.13597 2178357055.13873 2128131508.32506 1950464759.71872 1232734508.99523 1298303867.72473 0 1160578875.75635 1221931559.53967 1775768048.22246 1516466261.62658 2154987132.70956 1120095092.77716 2193466565.97372 2152868729.93191 1926657628.02608 2170985623.96469 1431847428.10493 1480287215.74042 2231853697.34333 2151012289.78866 2139898737.01586 2259533911.74675 1108803037.27688 1416434044.20833 1495254216.34575 2104555492.91468 2110145015.9563 
2243450934.32916 2178555579.66979 1509034654.89534 1413775564.05009 2031855012.57554 1901399098.46585 1462058283.88238 1929294313.02506 2338027388.34334 2070775289.57257 1043619923.27879 1066210395.07668 1482272569.54049 2195031755.7066097 1636435127.01566 1821734901.14562 1704396280.0609 2161838238.69978 2064664842.8466802 1415764963.62676 1215203404.63662 1899186343.98948 1315108413.02833 2124466682.78911 1265930219.83901 2042738757.48841 1888404469.7924 1643971367.23801 2152747480.1522703 1160578875.75635 0 1881873481.37821 1860863144.76405 2158114475.15973 2210063912.18608 2280673968.53351 1032887690.21737 1258093593.48826 1973150788.89521 1669829798.17839 1901173885.28313 2104491859.29813 1371914190.24395 1934774043.18589 1490426031.09614 1770587225.30474 1530422589.49315 2329395968.59816 2036732060.89381 1222702163.1662 1138380593.70788 
1548949627.20614 1397772711.71676 2077909731.6103802 1823245443.40093 2006009685.76406 1571690580.64891 2344633943.77275 1937453057.17109 1705356090.72383 1429698806.71352 2168978500.0532303 1224537274.1734 1336644242.15332 1530051957.26666 2065999943.77482 1494130814.46321 1274087478.42191 2070512937.40163 2107182970.4832802 1001981768.64735 1811996518.8082 2233920414.97643 1323582040.2114 2165354006.2104597 1205254088.17466 1064555139.8436 1203473194.28559 1659268057.34524 1811874622.21294 1221931559.53967 1881873481.37821 0 1732217946.70264 1544085171.05674 1945749213.04492 2233914096.64085 1918187113.65046 1713815860.14858 2287325316.63186 2089722516.61452 2113607819.7420897 1040430959.42634 1453078365.79428 2049382619.14799 1727333223.62554 1961141442.30393 1839661733.15886 2155898045.00169 1884661180.29339 1283898558.86846 1826995302.79953 
1754306242.02771 1585535050.71788 2260471130.7991 1101808705.17839 2214006249.98897 1629846258.48365 1960051877.07455 1772888866.65334 1863976556.4664 2336049776.40263 1439710471.05604 1618423067.73058 1621446376.46935 2184770438.5559797 2233551455.90649 2287712406.12821 1890455743.13296 2015685634.16993 1272393075.02684 2096377528.7094002 1248575012.32689 1628589604.32459 1696387863.57485 2202986634.60671 2193453167.0079203 1983587844.53781 1385483465.66375 2188119561.28602 1201720797.03154 1775768048.22246 1860863144.76405 1732217946.70264 0 1933772623.13148 1783154224.33013 1915182169.47702 1351961131.53057 1520719447.14266 1117675053.13919 2263495578.47923 1942272765.68921 1716679337.66702 1759360793.71957 1788973603.71921 2159829101.37491 1704951877.34018 1379051593.81175 1543051669.03401 1793796978.60845 1658081369.50291 1115292223.24202 
2126677398.9325202 2304251532.77892 1256972540.34916 1373660726.38353 1729522914.03629 2139049065.09125 1414054314.40115 1981395817.37105 1971877777.03192 1545244065.61357 1508191085.3553 1091904080.08305 1283908603.55807 1278310217.661 1155523386.44452 1603099343.51908 1954586317.4664 1657425138.38586 1003055776.86156 1691154143.96277 1905445849.99638 2101287220.88608 1757409783.61236 1428731461.89933 1594381432.96659 1737363064.92799 1768707496.08492 2146222845.4700398 2336092112.61625 1516466261.62658 2158114475.15973 1544085171.05674 1933772623.13148 0 1981852275.82168 2282998860.2355003 1571309155.79932 1823443425.20962 1768803214.56163 2280939064.6691103 1872451348.93598 2416942732.2982197 1338771341.38793 2110088781.93361 2183740030.82581 2119917886.15198 1395380424.56824 1835703633.61379 1128205540.55952 1279959601.53189 1927897467.83526 
1770610563.30777 2292118279.04899 1250395270.08246 2320538238.34335 1557309170.45677 1945268823.93211 1846514374.84534 2155632664.51149 1809751818.42454 2358288838.3512897 2268767308.51375 1205154179.14876 2263787943.92825 2181757456.4577303 1728026394.76858 1496892709.42254 1331409298.68414 1441490521.47268 1263763150.355 2237262070.36732 1667658095.68335 1894719023.38512 2313289864.95706 2263410466.86119 1487010352.35426 2273129418.46209 1290180380.19754 1825552823.83014 1425469038.58566 2154987132.70956 2210063912.18608 1945749213.04492 1783154224.33013 1981852275.82168 0 1387180653.06309 2203780818.96717 1908646046.62748 1593476319.4096 2145215479.23004 1612061446.83084 2358033475.17722 1429851155.32057 2268413505.43766 1968071128.82231 1162502908.51228 2304697620.7052298 2452764556.14084 1933757961.74369 1234347250.09132 2323923452.6566 
1411323372.71771 2241814328.0752897 2371907849.03583 1796655780.9157 1924034776.0932 2373344239.74759 2376184946.95111 1107238480.88239 1342692112.05154 2301909672.04821 2273782317.00688 2237359704.1100903 1760536215.34844 2053519378.19564 2178698940.70203 1629627842.37625 1983291258.12891 1520548198.01858 2487289376.2451296 1636263358.65337 2109305743.97124 2268807372.21171 2225606549.8491297 2258313529.984 2156296951.9187 1169358956.79725 1514700150.08669 1383610846.89782 1365151940.91662 1120095092.77716 2280673968.53351 2233914096.64085 1915182169.47702 2282998860.2355003 1387180653.06309 0 2212442836.9503202 2297086011.31288 1907356965.27335 1050890531.18753 2178175567.748 1749777390.91079 2122069832.8635702 1194692240.54705 2230553572.70241 2166731428.02858 1357401567.11879 1374847874.55307 1861114325.27545 2232039496.52621 1518000006.18233 
2162725893.71486 1620843015.99936 1002898904.35336 2185095419.92467 1321588516.48884 1619003078.52541 1982809190.28922 2136775308.05264 2297204891.7722597 1037887599.3552 2076507613.49616 2099098085.29405 2086995339.61563 1477965560.47475 1619250434.49945 1006141745.41209 1148274768.55631 2149951460.2091 1800751281.10757 2078826867.31639 2190935960.38688 1664864268.67867 1018407239.0859 1674750625.08004 1954707146.82456 1359848673.44767 1491873291.26875 2266833056.90932 1564060253.3019 2193466565.97372 1032887690.21737 1918187113.65046 1351961131.53057 1571309155.79932 2203780818.96717 2212442836.9503202 0 1763339493.24702 1934520132.01355 2190524883.62463 1845466340.23776 1415184404.94005 2096238984.13899 1890627900.0713 1879902610.7623 1156971853.5745 1445306168.80076 2333432730.46754 2072718377.10437 2207916224.47039 1946137404.90239 
2347236679.6333504 1645035972.10927 2347080885.51248 1152367747.65059 1742990030.42782 2163492517.62472 1600862232.93482 2214518942.4858103 1447187659.48882 1455613558.52015 1320604951.12313 1731578288.99878 2163078612.24334 2129553531.68311 1717277481.74418 2315830941.85711 1838158734.46249 1203490272.81795 2058820051.68637 2203513929.64931 2256188199.7161503 1412390331.27229 2335034493.9411497 2311803859.6819696 2219111425.093 1694360414.49665 1148271477.31307 2314107758.90561 2154937013.33749 2152868729.93191 1258093593.48826 1713815860.14858 1520719447.14266 1823443425.20962 1908646046.62748 2297086011.31288 1763339493.24702 0 1527587910.13176 2081749995.1739101 2183074313.9193 2183773842.41038 1010570693.49787 2219886942.95541 1684607903.36709 2193584903.2115803 1728073383.82133 2371248472.75945 1785179349.26782 1355561400.18994 2231597215.02142 
1348294489.31912 1983625095.67869 1142796077.65991 1048781200.29048 1811783767.41799 2088755320.66217 2378854993.7308 1919585948.38338 1386723466.08196 1725585501.07902 1255781012.41565 1555556183.19453 1953818664.67627 2138956604.32923 2110422824.5075703 1848145206.18039 1045562117.33993 1508279992.06178 2137076247.1974502 2218724040.62294 2143271986.76724 1078858511.4591 2479357997.99944 1422405827.5941 1526664086.19524 2360204372.62528 1539247353.82147 1520415126.01941 1576032468.82494 1926657628.02608 1973150788.89521 2287325316.63186 1117675053.13919 1768803214.56163 1593476319.4096 1907356965.27335 1934520132.01355 1527587910.13176 0 1702341039.05689 1541746688.45879 2246786049.81501 1232713380.25475 1565136203.52311 1042154048.23572 1789522281.52516 1599813352.90466 1442173605.89392 1651562626.27143 2134972188.54251 1209162046.90425 
1492750675.17201 2249060205.38662 1656094087.86393 1826038456.09823 1907202943.60193 1373839568.40083 1885852162.10925 1375738372.81389 1824239172.29152 2194411793.30809 1955676736.40538 1485617703.69944 1534487364.38946 1002628847.00811 1127808409.5145 1327975562.23167 1832397155.28263 2198762759.6083302 1478333957.53722 1170028996.31766 2016300480.5524302 1743205750.32538 1534836231.80832 1558998245.78559 1183141607.33328 1318471124.63936 1042618941.66853 1228729614.09096 1368371930.45343 2170985623.96469 1669829798.17839 2089722516.61452 2263495578.47923 2280939064.6691103 2145215479.23004 1050890531.18753 2190524883.62463 2081749995.1739101 1702341039.05689 0 1902521798.93003 1155612255.5854 1071179301.67604 1267492216.47965 1727584937.17017 2096642133.77447 1254895721.05616 2240806440.73174 1604925995.82232 2050451288.1774101 1412489163.15138 
2077017222.5689101 1381970640.26372 1999518555.05054 2246316617.0062504 1911938313.96261 1623442829.74868 1362956332.30123 1313374717.60413 1622081895.40533 2292869213.55957 1707251298.93715 1167773610.11908 1787460625.8379 1990455456.94132 2102231602.75535 2320532600.66396 1997578845.07223 2263401453.74218 1324956743.83649 2425535100.99196 1601173207.2223 2177156750.92211 1189891426.03392 1562286698.90068 1893380088.58026 1631209693.72567 2041414284.57862 1080974988.99766 1237362957.97615 1431847428.10493 1901173885.28313 2113607819.7420897 1942272765.68921 1872451348.93598 1612061446.83084 2178175567.748 1845466340.23776 2183074313.9193 1541746688.45879 1902521798.93003 0 2220257492.94273 2041858577.7916799 1431779122.57544 1948413480.66316 1236515299.71931 1616534408.76936 1222813740.52443 1145928520.8154 2210890058.2567 2153802327.04166 
1746432701.88927 1667382952.91378 2289396109.6969004 2235680391.0304003 1212753833.81269 1288736886.44652 2162973163.3516603 1349196213.07807 1152220301.38586 1466073984.87486 1992916057.14878 2264968233.59974 1992321013.04009 1317116042.94697 2083020591.3315501 1011776617.69859 2314518437.84825 1263498088.08441 1585803460.10765 2042412728.07369 2136498919.67277 1506962805.02076 1482983665.46522 1765171088.85242 1799752697.86738 1443193441.88679 1067853094.97968 1803986331.41648 1406450223.42222 1480287215.74042 2104491859.29813 1040430959.42634 1716679337.66702 2416942732.2982197 2358033475.17722 1749777390.91079 1415184404.94005 2183773842.41038 2246786049.81501 1155612255.5854 2220257492.94273 0 1319068154.28926 1658423113.80859 1392109182.23951 1197738582.45191 2116373887.16763 2241389907.54119 2163007423.70506 1519860962.67657 1115031908.48821 
2352395552.84605 2360670781.55936 1453333732.57168 1501865907.33363 2046454051.4979901 1228899852.47754 1737851690.93379 2158079921.31621 1728971927.61087 2380867229.05753 1038262622.16211 2173214251.17788 1152507918.74547 1118982838.18524 1368709503.91222 2330844771.98785 1074396979.66568 1471701610.32761 1048249358.1885 1747934303.01523 1924337029.83749 1758647746.70028 2139196288.30433 1910910906.94667 1689149048.42289 1576205264.04884 1375716577.77989 1322841736.02794 1817949672.20579 2231853697.34333 1371914190.24395 1453078365.79428 1759360793.71957 1338771341.38793 1429851155.32057 2122069832.8635702 2096238984.13899 1010570693.49787 1232713380.25475 1071179301.67604 2041858577.7916799 1319068154.28926 0 1209316249.45754 2274867428.49047 1596382595.28157 2180602891.4031897 1687739530.5912 1084885150.28586 1918696431.40762 1998766971.38574 
1506516348.14705 2352172972.17604 1531479133.22464 1135589968.35271 1181593942.09299 2438216101.93508 1961412221.47971 1978441485.35385 2164552989.6809397 1237933185.10273 2247578871.61965 2019218169.26596 2239207040.86191 1396034175.19463 1767974092.81333 1814734061.96697 1397793515.28435 2021191191.0036402 1338155689.44769 1868795502.28865 1429477139.77088 2256264808.32068 1046030336.63948 1449420351.14598 1929015566.58264 2364051197.3443003 1462545222.65491 1213247704.95257 1721233454.61557 2151012289.78866 1934774043.18589 2049382619.14799 1788973603.71921 2110088781.93361 2268413505.43766 1194692240.54705 1890627900.0713 2219886942.95541 1565136203.52311 1267492216.47965 1431779122.57544 1658423113.80859 1209316249.45754 0 1577339348.3214 2151116898.41881 1641874712.63834 1075383383.52561 2100341474.65795 1149891297.63875 1863536577.40829 
1152007148.69683 1492133296.26993 1022922441.17281 1896656296.27165 1819613202.18712 2249420165.54767 1372720137.67067 1629800288.62221 2307721525.53201 1471977626.43449 1799326419.62149 1876699614.79099 2103801960.82111 1975415903.82413 1726949557.93767 1461604327.46952 1825661395.66581 2550434040.2975 1866068166.21995 1787663996.13443 1101117938.53152 1461030643.41441 1793150700.32722 1053145050.49159 2431204784.02922 1792403823.13006 1461225675.17448 1297004800.47941 1805085386.07118 2139898737.01586 1490426031.09614 1727333223.62554 2159829101.37491 2183740030.82581 1968071128.82231 2230553572.70241 1879902610.7623 1684607903.36709 1042154048.23572 1727584937.17017 1948413480.66316 1392109182.23951 2274867428.49047 1577339348.3214 0 2067472598.61889 2140464498.93126 2367777383.73426 1830768517.81854 2177422231.1799297 1555932347.08699 
1454172905.66133 2124008570.5813498 2159870757.9278603 1241169407.0841 1874596066.69847 1395645841.92376 2294994405.15452 1816727978.91882 1557181049.32817 2194859452.9297 2154764723.71238 1511455788.93348 2149785359.12688 2279648199.1446 1506407271.91519 2163113598.98659 2181926023.81201 1225789269.54929 1896698004.71736 2278442596.12167 2319965545.56462 1080978367.84623 1902694832.52283 1218619257.07057 1345967016.45859 1356217306.61138 1230448784.7431 1140164576.47928 2144732073.54548 2259533911.74675 1770587225.30474 1961141442.30393 1704951877.34018 2119917886.15198 1162502908.51228 2166731428.02858 1156971853.5745 2193584903.2115803 1789522281.52516 2096642133.77447 1236515299.71931 1197738582.45191 1596382595.28157 2151116898.41881 2067472598.61889 0 2162762522.82374 1916474678.03887 1720682950.37701 2088964462.63316 1161420544.14432 
