100
pta xdz hhe htv itg xax nhk hpb ptq ase krg gup ifc pxs qbe jno kza pkx qnn nkx dkn wuc sfp cpw ooi zgf uxr eqm pwa vub ynq tmc wju jta idl bai fgo zbn bsz hxo qjm tro lah rut nfy egz uca npu pjx vlt vaf mnv hxp wiq nhr qfc rxi lxt tmd uoz wuf slq ili fsl lnv uwp txk yiz mbx iuz zgs cxu gak udq zqn rju ooc plx lfh thz ukh viv thd qlo wpq rwt brk ahv cjp orc xos qls cnv qbj rod vsu tnl ahy spp qtq
0 35.69314 31.64688 87.09765 24.72866 50.80354 83.61777000000001 85.32889 91.19759 42.57934 28.44293 83.22431 20.04056 38.7221 43.442930000000004 43.28972 34.27388 81.66285 53.296079999999996 81.43709 45.10214 18.43909 25.23886 44.01163 60.59548 26.501350000000002 23.02173 92.19667 38.20995 69.50655 76.02857 34.85828 23.746290000000002 90.72853 66.21496 70.49112 57.14837 29.369320000000002 62.64982 56.986 65.19202 91.95721 40.31129 49.27757 59.50725 64.17352 41.89433 26.05486 11.6619 84.8604 46.04346 39.0 82.29824 89.88882 96.66452 45.442930000000004 33.28663 95.38344 93.09061 34.25323 29.1182 101.59634 56.75732 22.2036 51.75655999999999 41.19466 58.10107 62.77147000000001 83.11294000000001 62.1289 34.72569 87.60262 70.02083 37.66247 96.76827 30.97511 73.0313 33.28663 49.44212 47.20995 57.62812 92.18621 43.04649 52.008849999999995 27.576 18.97367 75.80237 24.04163 82.51265000000001 79.34558000000001 35.60898 47.92703 35.98818 43.57042 70.17834 28.42495 70.83418 39.65229 60.487480000000005 21.26113 
35.69314 0 59.19413 93.38111 55.54278 72.06383 100.69267 104.02751 106.57421 78.26238 53.29137 104.86181 34.26715 50.80354 65.56783 19.211100000000002 58.72819 100.36324 42.9439 106.40489 57.48772 28.424300000000002 30.641849999999998 78.02471 77.22932 36.01119 23.9696 98.48013 60.343959999999996 97.88698000000001 91.05004 53.60341 30.26549 97.85325 68.3117 95.13222999999999 81.85075 64.26549 62.20129 40.80441 97.7548 93.67598 39.435719999999996 59.09559 59.4138 92.18867 31.54215 33.02746 28.17801 102.4207 81.15417 47.42362 82.39345 84.48234000000001 94.0912 65.67356 63.51378 121.905 93.02317 48.479820000000004 43.34479 100.00847 62.795919999999995 34.40093 86.11762999999999 40.826980000000006 76.10176 61.66036 88.28492 59.00847 27.90466 111.21151 97.00516 55.20958 118.44014999999999 25.015590000000003 69.87167 45.484 79.40403 66.61493 44.694430000000004 93.96529 12.2111 86.71761000000001 41.05563 49.20706 69.69443000000001 52.15569000000001 109.26449000000001 97.806 44.435719999999996 83.1685 39.758489999999995 55.75841 84.53855999999999 41.7732 64.38167 7.2111 89.84799 21.40093 
31.64688 59.19413 0 78.98983 24.8459 34.48188 67.09673 67.66975000000001 75.17803 25.29419 36.12679 73.59821 32.3857 29.41088 32.840779999999995 65.78754 37.42398 63.13183 62.8172 58.94065 38.41875 42.54414 42.938590000000005 23.931710000000002 44.33074 34.48188 46.523469999999996 81.84131 27.97692 45.25545 61.40414 23.43075 37.29822 80.74919 63.791619999999995 47.07441 38.090990000000005 22.36068 62.019600000000004 67.77336 39.69887 84.04859 51.827510000000004 44.046279999999996 58.60034 40.49691 54.36372 36.76955 31.01612 67.36468 34.02917 39.92317 80.07465 89.51912 93.43447 34.840779999999995 11.04536 71.80186 86.40023 42.20955 34.02272 97.83505000000001 51.07503 35.99125 32.23116 61.39218 46.559560000000005 58.25895 74.09453 64.5709 49.0 65.51336 47.779560000000004 26.90725 75.82463 47.16991 73.61495 46.80791 27.200850000000003 36.90641 67.55473 86.05321 64.56359 29.0 30.97367 27.21451 77.88812 32.31353 58.88169 61.34519 46.827510000000004 25.07987 43.968709999999994 36.9876 58.27698 36.04672 72.95157 60.72891 34.54392 40.77978 
87.09765 93.38111 78.98983 0 87.66413 44.911950000000004 38.62167 40.47684 25.70992 99.0202 63.37355 46.19111 69.62738 52.88667 48.37355 93.14505 58.59181 36.98071 57.82343 54.12947 44.72174 89.27533 71.05401 81.39462 35.38361 85.38424 86.15361999999999 5.09902 53.41846 63.13516 27.49387 58.802769999999995 89.12895 4.47214 27.85678 55.00762 50.56582 100.23971 31.95309 59.94284999999999 79.92496 8.12311 56.7186 40.1995 36.55609 60.03332 64.03124 82.09858 79.58592999999999 33.90002 108.78117 49.16299 27.35622 30.36445 25.0238 47.33616000000001 67.95587 67.48312 14.04988 61.07453 80.62439 30.17889 34.0 67.27347 85.8316 83.9345 41.363870000000006 36.51428 9.83095 36.55609 69.73514 54.334469999999996 69.35416 55.45053 49.9839 73.86765 31.89044 57.72455 72.83543 44.41846 55.47071 13.0384 86.40023 95.71358 76.74168 71.72424000000001 36.89044 67.93614 61.40145 34.152280000000005 60.68333 91.24144 90.23201 47.12749 26.94435 87.67172 51.42216 88.29496 80.48161999999999 79.21133 
24.728659999999998 55.54278 24.8459 87.66413 0 45.12206 77.80566999999999 78.58367 85.98837 23.02173 26.07681 73.24616 32.57922 37.45519 40.88311 66.23698 31.907759999999996 74.10803 66.30988 69.63476 46.20465 41.74787 42.60147 25.4951 54.81788 39.1321 42.57934 92.48163 36.01925 55.8638 72.11308 31.62278 47.55729 91.17358 71.59914 57.87055 47.01064 20.09798 69.31545 70.93659 47.6987 92.28218 52.3259 51.73973 65.82022 50.993970000000004 58.02981 34.1321 29.0 78.31608 31.848860000000002 45.34314 87.9659 96.89698 101.86280000000001 42.88311 23.104219999999998 81.9329 95.55725 29.0 32.691810000000004 106.02708000000001 58.89822 36.18477 32.64966 60.03332 55.9941 65.79674 83.64807 70.18262 52.0883 76.29864 55.819140000000004 35.22833 87.05316 47.51842 80.73414 47.00143 34.98193 44.94874 70.68239 94.8736 62.149950000000004 32.3792 25.7415 17.69181 84.39439 22.79083 69.26038 72.25910999999999 47.92703 29.03376 35.452510000000004 42.288560000000004 69.25088 24.70084 79.51101 58.83236 39.540890000000005 37.664320000000004 
50.80354 72.06383 34.48188 44.911950000000004 45.12206 0 36.51495 34.52535 41.86448 57.04753 22.36068 43.155 38.94868 21.26029 19.219540000000002 76.83188 17.42675 33.10827 54.08581 34.65545 23.82425 60.43974 46.87279 40.99821 9.84886 53.85165 60.30328 48.27919 13.00093 30.346249999999998 27.15046 19.70298 54.81788 46.87217 39.13812 24.85537 11.40175 56.64804 45.07669 58.96816 40.60788 51.61396 42.54409 34.41363 38.30612 24.5153 51.62364 52.82397 47.929249999999996 34.1321 65.05304 29.154889999999998 52.3259 62.98133 64.07027 21.219540000000002 25.63362 54.56219 55.34114 25.08288 45.6468 66.94753 39.42062 38.83298 44.3448 68.2165 18.94427 37.0045 41.72529 43.06055 53.36907 39.20459 33.06055 18.831879999999998 48.34462 52.40511 50.5216 34.82815 33.616350000000004 15.2522 56.4367 54.56604 70.76722 52.91880999999999 40.70298 32.84486 55.10898 27.745839999999998 42.90008 34.85208 43.12108 51.071799999999996 54.12947 26.653950000000002 24.41311 49.379189999999994 51.47815 70.2096 39.62406 51.81267 
83.61777000000001 100.69267 67.09673 38.62167 77.80566999999999 36.51495 0 12.15551 17.29723 82.46211 55.31129 23.2967 69.96988 51.309290000000004 40.31129 102.72787 50.03998 8.659379999999999 73.43064 25.63201 46.95743 91.42147 75.98021 63.56099 26.66609 85.65844 90.53377 39.07249 47.32678 37.53665 17.01129 51.904790000000006 87.33562 37.50557 48.163740000000004 27.58623 38.71965 89.07967 50.70991 77.7451 56.040510000000005 38.60555 68.51213 47.055930000000004 52.470490000000005 36.5305 75.26434 83.89827 79.55501 8.07769 92.31097 54.17204 49.0306 59.30952 55.60555 40.4437 56.13078 37.31509 43.10452 57.07013 78.19890000000001 53.75872 47.69979 69.12331 65.51336 94.14292 28.191629999999996 46.2277 30.14963 55.70991 78.35722000000001 23.08679 45.435249999999996 50.39268 21.93171 79.64923 54.626 61.783150000000006 54.12947 39.23699 73.27296 43.60555 97.40541999999999 76.15773 72.56032 65.63419 59.626 60.53517000000001 31.95309 5.83095 67.74216 72.48124 87.02828 45.54119 36.568619999999996 82.3298 61.40693 97.45372 60.84499 81.9329 
85.32889 104.02751 67.66975 40.476839999999996 78.58367 34.52535 12.15551 0 21.08938 83.07366 56.886030000000005 30.03443 72.44998 53.88366 42.22721 106.23088 51.85365 9.152989999999999 77.15569 29.077849999999998 50.24938 93.98404 78.79524 64.09999 29.054859999999998 87.93179 93.10746 39.5661 47.42783 38.781189999999995 17.5049 53.897580000000005 89.26926 40.52663 50.60632 28.25627 40.06305 89.57328000000001 53.53504 81.47317 55.56888 42.04759 70.21509 49.24329 54.8735 35.96972 78.87332 86.37836999999999 81.96497000000001 20.2332 91.41782 56.60389 57.549189999999996 63.50591 59.03389 42.899370000000005 56.62439 40.690239999999996 48.04759 59.21123 80.0737 64.64597 48.1934 71.69768 64.93606 97.7404 28.68524 50.813869999999994 41.60536 58.53504 80.70936 28.40175 45.45655 51.60052 17.0 83.00606 62.01705 65.10311999999999 55.63397 38.60052 77.00103 47.04759 100.43905 75.64797999999999 74.39070000000001 66.70376 66.94933 61.60474000000001 39.36068 6.32456 71.34004999999999 71.17584 88.65482 48.33218 24.41311 83.48653 65.19944000000001 100.70334 56.93856 84.69768 
91.19759 106.57421 75.17803 25.70992 85.98837 41.86448 17.29723 21.08938 0 91.51392 63.27749 22.47221 76.7124 58.0517 48.27749 108.09609 58.58904 14.21267 76.05919 32.75668 52.81098 97.98628 81.65283 72.54025 32.01562 92.64026 96.46243 30.80894 53.03772 45.96738 15.52417 59.342490000000005 94.85902 30.18206 49.41199 36.696529999999996 40.49691 97.21551 51.95816 79.75453999999999 64.44377 33.83303 70.71068 51.35642 53.94292 45.6408 79.41893999999999 90.47099 86.63945 9.21954 101.34564 59.15059 47.5444 56.04463 50.24938 46.27749 64.13267 41.7732 39.31921 64.66096 85.50468000000001 55.88881 47.16991 75.54121 74.58773 98.88377 37.1255 51.13316 28.23119 55.86591 82.64347 35.567789999999995 53.07542 56.4358 33.93606 85.30239 54.91812 67.69408 63.609030000000004 44.04543 75.2824 38.74832 101.59724 85.08819 80.34249 73.10637 59.91812 68.00735 38.94868 14.76482 73.85324 81.41511 94.33981 53.18544 44.59729 90.10637 60.87805 102.88346 68.53349 88.36981 
42.57934 78.26238 25.29419 99.0202 23.02173 57.04753 82.46211 83.07366 91.51392 0 42.54409 74.89179 53.482040000000005 54.20373 51.62364 85.86906 42.80187 77.83315 87.64131 67.86276000000001 62.96825 61.01843 63.46344 18.97367 65.00625 53.46027 65.49046 102.41749 49.0408 52.97579999999999 80.26804 48.56237 48.38501 101.08985000000001 88.01333 57.780730000000005 52.089479999999995 23.61285 86.56909999999999 92.5201 41.17727 105.30024999999999 73.37575 68.52631 83.21710999999999 48.83646 78.64477 57.15383 52.00961 83.29822999999999 9.84886 63.98236 103.76087000000001 113.40639999999999 116.86966 53.62364 31.89044 79.42126999999999 109.12283000000001 47.50791 45.01111 120.21664000000001 75.22437 57.087590000000006 31.42257 83.05505000000001 64.34187 82.66407000000001 95.77578 88.63828000000001 72.90501 74.83646 48.647800000000004 51.313250000000004 85.95788 70.27465000000001 98.18362 63.89244 28.460499999999996 56.89074 91.76052999999999 108.35106 85.17168 22.996950000000002 41.19466 38.22349 102.39629 43.32251 65.28693 76.7491 69.79704 18.524810000000002 51.28872 57.42822 78.61764000000001 46.95809 97.7548 81.39931 28.07134 60.1003 
28.44293 53.29137 36.12679 63.37355 26.07681 22.36068 55.31129 56.886030000000005 63.27749 42.54409 0 54.78138 20.29543 14.142140000000001 15.0 61.58938 5.83095 53.28076 47.16991 55.43759 20.74769 39.40812 32.84525 31.9312 32.20954 34.59132 40.49277 66.78689 15.05049 44.72825 48.10701 12.82509 32.57299 65.47970000000001 46.02682 42.608380000000004 29.154760000000003 41.629 44.34854 52.28526 53.9636 66.77541 33.156729999999996 26.24881 40.996069999999996 38.8973 40.31725 34.22382 29.32255 56.492779999999996 50.80354 23.31371 62.24504 71.89694 75.97436 17.0 29.683790000000002 69.2026 72.77541 6.08276 25.484180000000002 80.74943 33.24154 23.90098 41.83366 51.88449 31.326050000000002 40.45986 57.69749 46.996069999999996 40.495670000000004 59.94164 44.10215 9.21954 68.70953 36.496570000000006 55.80323 23.0 41.41803 20.39117 50.63596 68.7968 54.58938 44.38468 19.08651 10.48418 60.19111 5.38516 56.88759 50.90265 30.16595 40.02499 31.7805 21.67679 43.17407 27.01851 55.60818 52.6973 41.88646 31.89044 
83.22431 104.86181 73.59821 46.19111 73.24616 43.155 23.2967 30.03443 22.47221 74.89179 54.78138 0 72.06941 55.570660000000004 48.57762 108.56068 55.908910000000006 20.881439999999998 82.5675 28.57547 55.28642 93.47727 79.65731 55.91812 33.30614 88.30548 93.47026 48.45137 50.45917 44.17403 34.11532 56.166160000000005 87.35436999999999 49.232040000000005 60.066590000000005 39.64724 45.45589 85.47747000000001 61.53372 85.98256 62.71756 52.46904 73.06958 52.60085 59.48109 43.70142 82.07314 85.99780000000001 82.06941 31.374390000000002 83.67795 58.72949 63.28507 74.02739 69.35416 47.15065 65.92801 44.11937 58.46904 58.13777 80.26556 69.2315 52.15362 71.86793 56.08675 99.99423999999999 30.41381 56.84043 50.7034 65.48109 82.87943 21.426099999999998 51.32169999999999 53.75905 14.08305 84.67196 67.44767 67.03348 65.40495 41.45917 84.89757999999999 57.46904 102.7278 67.40862 72.11103 65.26556 72.37995 60.16654 36.44373 23.70987 73.59348 62.93648 86.56188 49.20366 42.506170000000004 81.79989 71.15765 102.46716 66.5662 84.86793 
20.04056 34.26715 32.3857 69.62738 32.57922 38.94868 69.96988 72.44998 76.7124 53.482040000000005 20.29543 72.06941 0 18.68154 31.30068 42.8469 25.02932 68.78362 36.81068 73.31581 26.69234 21.54416 12.54982 46.87217 45.54119 16.236069999999998 21.46855 74.7264 26.07681 63.91214 61.18823 19.41649 19.64688 73.33485 47.01064 61.08764 47.63402 43.84023 43.82921 40.31129 69.07577 73.11633 22.49286 29.42788 40.767360000000004 59.19273 25.96151 13.92839 10.0 71.54764 59.47727 20.61553 63.50591 71.34770999999999 77.84391 32.6857 30.46309 87.96903 73.68175 14.21267 13.54978 82.8553 43.12133 3.60555 56.48231 35.118719999999996 43.9659 43.64055 66.57041000000001 45.45501 21.471449999999997 77.93999 63.27517 21.0238 85.90831 19.62089 54.22257 14.42221 46.61545 34.0238 40.87764 73.80174 35.8469 58.555409999999995 13.162279999999999 21.31371 59.22257 18.38478 75.0733 66.12866 17.49286 54.08327 20.61553 31.38586 54.23099 23.637 52.01031999999999 35.80803 57.660810000000005 12.86622 
38.7221 50.80354 29.41088 52.88667 37.45519 21.26029 51.309290000000004 53.88366 58.0517 54.20373 14.142140000000001 55.570660000000004 18.68154 0 16.87002 56.67897 13.0384 50.185230000000004 37.05401 55.91574 12.26241 40.16217 25.6125 41.97618 26.92582 34.917609999999996 39.49087 57.48913 10.89545 49.24429 42.71617 8.67005 38.328419999999994 57.358810000000005 37.54154 44.697269999999996 31.87002 50.614979999999996 35.86326 44.29095 54.74706 56.46238 29.59325 14.86607 32.51079 44.76008 32.20294 32.60993 28.68154 53.18645000000001 62.42769 14.82843 51.1073 60.10824 65.08559 14.87002 24.53532 71.89169 61.79627000000001 20.2249 32.23132 71.16835 24.76014 17.88854 49.49747 46.95621 25.29822 29.0 49.99834 38.51079 35.09933 60.44005 50.32892 5.0645 67.74216 31.14482 44.20407 33.10375 38.08719 15.81139 44.82843 61.46238 49.67897 56.13696 29.67005 21.37784 48.86607 16.27882 58.90873 47.6589 31.0645 51.664820000000006 39.29707 18.34517 36.06535 34.78505 43.56604 48.94931 49.0102 30.88854 
43.442930000000004 65.56783 32.840779999999995 48.37355 40.88311 19.219540000000002 40.31129 42.22721 48.27749 51.62364 15.0 48.577619999999996 31.30068 16.87002 0 69.97142 14.36932 38.32754 48.779680000000006 47.010819999999995 23.475569999999998 52.73118 42.45986 36.61435 26.39083 47.53675 52.76923 52.53712 19.492849999999997 36.24914 33.144819999999996 17.26745 47.3535 51.1935 44.68145 32.0342 18.580579999999998 54.042899999999996 38.40055 53.730540000000005 46.17757 54.965689999999995 35.954440000000005 22.0 34.67016 31.51871 44.72136 45.22907 39.92493 43.3261 60.9158 21.18962 52.43091 63.96825 65.52604 2.0 29.19492 58.93671 57.9017 17.08801 39.74944 68.593 35.973299999999995 34.47055 42.15448 60.30755 18.163809999999998 36.21267 45.01163 40.02499 48.967479999999995 47.60702 38.07887 13.6619 55.00909 46.301590000000004 48.46648 38.0 32.97393 24.60584 51.189620000000005 56.72742 63.73057 51.03656 34.08651 25.48418 53.14132 20.38516 45.45327 35.90265 34.98571 46.68794 46.7805 29.558329999999998 28.92582 42.01851 49.0408 62.29967 42.15504 44.1669 
43.28972 19.211100000000002 65.78754 93.14505 66.23698 76.83188 102.72787 106.23088 108.09609 85.86906 61.58938 108.56068 42.8469 56.67897 69.97142 0 63.60031 102.90287 40.522189999999995 111.06995 57.44799 25.01999 32.05993 84.50444 80.60621 33.08225 27.22402 98.24352 63.83095 102.99303 93.46428 60.25411 45.32754 97.61719 65.51336 99.11225 85.65863 72.02777 61.57105 37.77033 104.14271 92.58733000000001 38.363080000000004 59.77272 59.20153 98.90405 29.12044 32.63576 37.82624 104.81234999999998 89.05123 52.97416 79.74651 81.15417 91.00595 69.6619 70.14829 126.64533 92.15238 55.89319999999999 48.930980000000005 97.0 60.92618 41.0042 92.69844 45.11077 78.14687 61.70832 88.0568 58.13768 31.15908 115.26892000000001 102.38997 58.0 121.40413000000001 29.80449 66.43235 49.91302 85.79691 71.0 41.04875 92.45665 7.0 94.1067 46.820040000000006 54.971470000000004 66.0303 60.07049000000001 113.21661 100.12492 34.98571 90.52993000000001 41.07101 60.74012 84.07735 54.58929 64.29305 12.0 95.7549 35.82635 
34.27388 58.72819 37.42398 58.59181 31.907759999999996 17.42675 50.03998 51.85365 58.58904 42.80187 5.83095 55.908910000000006 25.02932 13.0384 14.36932 63.60031 0 47.51842 50.01 51.66482 20.835729999999998 45.23907 35.10494 32.25291 27.27561 38.07887 46.085660000000004 62.86136 19.46877 40.67754 43.457660000000004 17.24337 38.40394 61.32699 45.22168 36.77743 23.32381 41.67733 44.43658 55.00909 50.72289 63.51378 37.89062 26.40175 40.70626 35.578520000000005 45.051140000000004 38.95771 35.02932 51.15662 51.66237 23.40175 60.959 70.60453 74.74374 12.36932 32.29005 63.49465 67.11539 10.81665 31.31513 77.98718 33.33346 28.63487 37.80849 56.93856 25.4951 40.614419999999996 54.70832 46.70626 41.61251 54.12024 45.06535 13.63782 63.09828 41.187129999999996 56.05598 26.4764 40.27278 14.56022 53.08484 66.74327 59.709849999999996 43.098560000000006 24.91746 16.31513 59.94164 11.21611 53.963300000000004 47.855779999999996 34.89984 38.62642 37.61145 25.96197 39.217380000000006 32.84946 55.4617 58.00862 36.05551 37.48333 
81.66285 100.36324 63.13183 36.98071 74.10803 33.10827 8.659379999999999 9.152989999999999 14.21267 77.83315 53.28076 20.881439999999998 68.78362 50.185230000000004 38.32754 102.90287 47.51842 0 75.58578 19.92486 46.87217 90.32777999999999 75.18672 58.88319 23.25941 84.16037 89.47067 34.48188 43.78505 31.82766 13.60147 50.08211 85.66606999999999 36.623200000000004 49.3293 24.76014 36.566919999999996 84.17244 51.47815 78.91066 50.24938 42.42641 66.70832 46.09772 51.31277 32.39371 75.82216 82.71200999999999 78.1089 13.69168 87.66413 53.738910000000004 53.46027 64.07139000000001 59.3043 37.47091 52.08647 34.89983 48.37355 55.40058 76.15773 59.561749999999996 44.697269999999996 68.02941 60.41523 94.40339 25.05993 49.07814 35.05715 56.4358 77.46086 21.35512 41.880539999999996 47.75982 19.723390000000002 79.62885 58.19968 61.58734 49.39636 34.78505 74.43852 47.42641 97.20082 72.65236 70.89457 62.720240000000004 63.153769999999994 57.62122 40.61247 2.82843 68.44147 68.18022 84.99777 44.72136 33.5661 79.72024 61.66187000000001 97.43334 57.72792 81.02941 
53.29608 42.9439 62.8172 57.82343 66.30988 54.08581 73.43064 77.15569 76.05919 87.64131 47.16991 82.5675 36.81068 37.05401 48.779680000000006 40.522189999999995 50.01 75.58578 0 86.83317 37.52996 43.26662 28.150460000000002 78.38148 54.531420000000004 45.527370000000005 38.234570000000005 62.860420000000005 46.75408 84.11939000000001 62.28001 44.14153 51.19499999999999 62.24147 29.96665 77.53362000000001 65.48756 79.22257 30.09902 15.148900000000001 91.80107 56.22613 14.31782 29.96665 31.17678 78.44743 11.40175 40.63507 41.63418 75.08626 94.33981 27.64911 47.96132 46.39824 55.2471 48.76474 60.13319 102.5768 55.03039 41.32056 46.87217 61.209630000000004 34.81871 37.09473 86.14523 32.39371 52.211 27.20294 52.81397 26.31222 33.31988 89.58795 86.34813 41.32056 93.94866999999999 25.22363 29.06888 24.3344 75.02666 48.38425 19.62104 54.91812 35.91567 91.24425 48.04084 50.021170000000005 34.06888 49.81967 91.23596 72.75735 19.317819999999998 86.97701 53.41365 37.96709 53.6037 57.14018 31.57542 35.7328 86.06421 35.38361 
81.43709 106.40489 58.94065 54.12947 69.63476 34.65545 25.63201 29.077849999999998 32.75668 67.86276000000001 55.43759 28.57547 73.31581 55.91574 47.010819999999995 111.06995 51.66482 19.92486 86.83317 0 58.06232 93.80008000000001 81.42319 49.175929999999994 34.92526 86.60831 94.33443 54.40674 47.239 23.41292 32.32456 53.94105 88.00997000000001 53.16471 65.80565 27.97057 38.66932 77.16217 68.00924 91.48346 39.91488 62.235699999999994 77.19954 56.93856 66.21885 19.0263 86.23078 86.64019 80.99383 33.10778 76.94154 63.39296 72.34067 82.02439 78.91768 49.010819999999995 48.70318 48.48537 68.06614 59.320949999999996 77.56739999999999 79.39072999999999 59.559889999999996 73.10951 48.51644 102.59142 37.1304 63.561 54.982009999999995 72.21885 85.70298 13.195409999999999 28.513129999999997 53.06995 18.43909 87.06056 75.13322 69.4836 46.575959999999995 47.877509999999994 87.66413 67.08204 105.42267 58.69412 71.11962 62.667559999999995 80.06248 59.77805000000001 37.41108 22.75329 76.6942 55.901700000000005 85.31463 56.39617 39.20459 78.1857 77.87811 104.74407 44.36051 86.10028 
45.10214 57.487719999999996 38.41875 44.72174 46.20465 23.82425 46.95743 50.24938 52.81098 62.96825 20.74769 55.28642 26.69234 12.26241 23.475569999999998 57.44799 20.835729999999998 46.87217 37.52996 58.06232 0 45.54119 32.03106 49.64877 27.55367 41.0 44.68912 49.511709999999994 17.500999999999998 51.86521 37.57299 15.2756 44.40721 48.37355 39.46839 46.86493 34.495549999999994 59.46427 23.60085 42.08801 60.48668 49.846289999999996 29.24264 17.2631 20.2495 46.29587 30.0 40.62073 36.69234 50.379239999999996 71.48644 16.85309 43.06364 52.62364 56.943250000000006 21.475569999999998 31.782069999999997 73.55868000000001 54.709540000000004 17.20465 35.90265 62.338589999999996 27.465200000000003 23.08679 56.77793 48.568070000000006 28.529870000000003 19.84943 45.100840000000005 26.2495 41.517889999999994 62.8463 54.12947 11.67005 65.89053 32.75668 35.22783 37.67236 44.55353 17.48451 45.35149 52.332170000000005 50.44799 63.71418 35.69695 30.67951 39.46937 25.8352 59.68249 48.13035 34.24264 59.39317 47.23404 6.08276 36.39732 43.46263 34.97011 50.561170000000004 55.598890000000004 36.08679 
18.43909 28.424300000000002 42.54414 89.27533 41.74787 60.43973999999999 91.42147 93.98404 97.98628 61.01843 39.40812 93.47727 21.54416 40.16217 52.73118 25.01999 45.23907 90.32777999999999 43.26662 93.80008000000001 45.54119 0 18.24829 61.29437 67.08535 8.06226 5.83095 94.30748 47.62097 83.78263 82.46211 40.73676 30.24467 93.15006 63.95311 81.87144 68.56288 47.59715 60.22447 46.6396 82.24301 90.49786 34.80124 49.66515 56.88765000000001 78.30542 31.90611 7.61577 12.80625 92.97311 64.03124 40.11234 79.56214 85.68172 93.72185 54.22986 49.01625 108.60018 91.32222 35.75683 32.18222 99.20866 55.3023 25.149710000000002 69.33215 26.149459999999998 65.46039 58.54912 84.21606 58.41046 24.18677 99.20179999999999 82.23247 42.56796 107.37759 25.31936 68.62215 35.96637 63.60031 55.56796 48.39421 91.08238 25.70992 69.26038 25.50431 32.55764 70.38466 37.26842 95.60335 87.67282 29.83287 66.36612 17.54909 45.88028 75.13322 29.5693 65.55151 21.2132 74.64567 14.43328 
25.23886 30.641849999999998 42.938590000000005 71.05401 42.60147 46.87279 75.98021 78.79524 81.65283 63.46344 32.84525 79.65731 12.54982 25.6125 42.45986 32.05993 35.10494 75.18672000000001 28.150460000000002 81.42319 32.03106 18.24829 0 59.32231 51.99959 17.529960000000003 24.07924 76.05919 34.65545 73.63213 66.12866 31.96631 29.47214 75.10660999999999 51.64205 70.01079 56.58716 53.338589999999996 41.97618 32.708510000000004 75.79485 72.24957 16.55295 32.83024 38.63936 67.80118 20.6205 12.52996 13.60147 77.38863 68.89265 22.80351 61.40033 67.62396 75.58439 40.45986 41.7121 96.91703 73.0994 26.76249 19.69772 81.16217 37.05401 8.94427 66.65042 22.5689 50.12679 40.769850000000005 67.31797 40.16217 9.48683 86.05231 73.57309 29.02345 93.21042 7.07107 51.15832 26.97203 57.86759 41.410849999999996 33.694269999999996 72.99834 25.05993 69.20412 25.7121 27.94427 56.15832 30.9346 84.35687999999999 72.47068 21.55295 65.56103 25.4951 30.52868 58.24088 29.99335 47.85394 23.43075 68.42536 16.70821 
44.01163 78.02471 23.931710000000002 81.39462 25.4951 40.99821 63.56099 64.09999 72.54025 18.97367 31.9312 55.91812 46.87217 41.97618 36.61435 84.50444 32.25291 58.88319 78.38148 49.175929999999994 49.64877 61.29437 59.32231 0 46.03258 53.35456 65.08054 84.61713 42.579350000000005 34.00213 61.29437 38.22407 49.64877 83.36552 74.15047 39.0939 33.115809999999996 29.559350000000002 72.638 83.30306999999999 22.2036 88.09663 64.12686 54.78138 69.62398999999999 30.14963 71.06055 55.65809 49.8467 64.32455999999999 28.805390000000003 52.17279 88.2102 98.55306 100.60318 37.05551 18.24829 60.447599999999994 92.11393 38.01396 43.48529 103.58571 60.9333 50.46942 32.07925 79.84826 46.69263 68.54907 78.51786 75.04247000000001 66.49046 56.14963 33.60535 38.44009 67.26812 65.11528 84.20155 54.931200000000004 9.48683 39.01316 81.75271 91.35973000000001 82.28001 14.42221 37.76955 36.86101 88.78138 36.61435 48.534409999999994 57.77543 61.0 18.89435 47.40043 43.65776 60.89331 47.96175 84.30896 79.38598999999999 20.53219 57.32359 
60.59548 77.22932 44.33074 35.38361 54.81788 9.84886 26.66609 29.054859999999998 32.01562 65.00625 32.20954 33.30614 45.54119 26.92582 26.39083 80.60621 27.27561 23.25941 54.53142 34.92526 27.55367 67.08535 51.99959 46.03258 0 61.75982 66.21178 38.60052 22.849790000000002 33.01515 17.3016 29.55184 64.47091 37.37384 34.0 34.70423 21.25061 66.4969 35.22783 59.08313 46.83412 42.0858 44.826660000000004 24.56477 33.73426 28.29385 53.83045 59.46958 55.08176 27.481589999999997 73.94992 30.4795 45.22168 55.65968 57.25971 28.39083 33.61547 48.37354 46.6489 34.931740000000005 53.60037 58.25529 39.31476 44.77723 50.44799 72.02085 28.79313 31.698990000000002 40.43879 39.62323 54.67175 44.59305 37.78068 28.68074 41.40048 56.93921 45.22238 44.67701 37.8241 25.101059999999997 55.03635 45.8738 74.51872 60.45479 50.55184 42.69372 50.195710000000005 37.594699999999996 37.33631 25.00322 45.6205 56.106170000000006 63.09837 21.47091 20.045360000000002 59.228049999999996 48.60033 74.58165 47.00521 57.77723 
26.501350000000002 36.01119 34.48188 85.38424 39.1321 53.85165 85.65844 87.93179 92.64026 53.46027 34.59132 88.30548 16.236069999999998 34.917609999999996 47.53675 33.08225 38.07887 84.16037 45.527370000000005 86.60831 41.0 8.06226 17.529960000000003 53.35456 61.75982 0 12.04159 90.32169 40.8534 75.96084 77.21395 35.652559999999994 35.882949999999994 89.22336 62.12213 74.8563 61.402680000000004 40.48683 58.829319999999996 48.18565 74.18074999999999 87.47571 34.08291 45.18474 56.169320000000006 72.02418 37.99741 5.0 20.86851 87.2362 57.05125 36.22154 77.83315 84.5281 92.42273 47.75982 45.52724 101.25737000000001 88.77 30.448739999999997 25.31371 97.57127 51.62364 18.11077 61.26989 30.26549 59.68169 58.031220000000005 80.50466 57.692130000000006 27.01679 92.19911 74.24958 36.40055 100.7867 24.50332 67.54258 28.86174 60.41816 49.40055 51.22423 88.53806 32.26561 63.33848 22.88854 24.75884 70.58312000000001 29.20616 88.65174999999999 82.04237 29.16609 59.561749999999996 9.48683 40.4475 70.32051 30.14416 65.38390000000001 28.80009 69.0258 20.64392 
23.02173 23.9696 46.523469999999996 86.15361999999999 42.57934 60.30328 90.53377 93.10746 96.46243 65.49046 40.49277000000001 93.47026 21.46855 39.49087 52.76922999999999 27.22402 46.085660000000004 89.47067 38.234570000000005 94.33443 44.68912 5.83095 24.07924 65.08054 66.21178 12.04159 0 91.13726 47.54536 84.8646 81.24303 40.80481 24.413719999999998 90.20622 60.29925 82.50577000000001 69.05215000000001 52.39105000000001 56.4358 40.80865 85.56403 87.10967 31.07681 47.15593 54.13381 79.19596 26.83282 13.44672 18.6372 92.06648999999999 69.06519 41.59316 75.51133 80.95678 89.51736 53.85165 50.21952 109.3435 87.58118 35.681219999999996 26.6396 95.12947 52.15362 21.602330000000002 73.30627 20.31851 64.48705 55.094049999999996 81.77738 54.12947 24.881149999999998 99.29992 84.03044 42.41098 107.08698 24.00068 65.62428 35.89076 66.03787 55.13189 44.99149 87.46428 20.22402 73.90136 28.257029999999997 36.40846 66.90637000000001 38.41875 96.46589 86.84773 26.07681 70.94876000000001 21.528419999999997 50.77188 73.59264 35.40025 63.41203 16.7585 76.05919 8.60233 
92.19667 98.48013 81.84131 5.09902 92.48163 48.27919 39.07249 39.5661 30.80894 102.41749 66.78689 48.45137 74.7264 57.48913 52.53712 98.24352 62.86136 34.48188 62.860420000000005 54.40674 49.511709999999994 94.30748 76.05919 84.61713 38.60052 90.32169 91.13726 0 56.46238 64.66233 24.41311 61.03278 93.91891999999999 9.571159999999999 32.89377 55.173249999999996 53.03772 104.20199 37.0 64.84598 81.84131 9.84886 61.817620000000005 45.29852 41.65511 61.85467 69.12308 87.05171 84.38395 37.21936 112.26635 54.262010000000004 29.16668 33.69618 26.30589 50.53712 72.21599 67.60722 15.84886 65.25335 85.32878 25.07987 39.09902 72.37249 88.42133 89.02247 46.46289 41.6133 14.929969999999999 41.65511 73.97973 55.81375 71.02112 57.56735 54.20527 78.90464 36.98946 62.51452 75.74904000000001 48.30114 60.37384 14.84886 91.48224 98.42706 81.25269 75.93827 41.98946 71.84943 62.623059999999995 33.24154 65.78235000000001 94.33717999999999 95.01207 52.226510000000005 32.043369999999996 92.17917 56.52118 93.39398 82.92159000000001 84.17071 
38.20995 60.343959999999996 27.97692 53.41846 36.01925 13.00093 47.32678 47.42783 53.03772 49.0408 15.05049 50.45917 26.07681 10.89545 19.492849999999997 63.83095 19.46877 43.78505 46.75408 47.239 17.500999999999998 47.62097 34.65545 42.579350000000005 22.84979 40.8534 47.54536 56.46238 0 41.23124 38.06244 9.436499999999999 45.72369 55.15433 39.72244 35.35534 21.93171 49.17904 38.12439 52.10237 49.66336 59.12588 33.24154 23.06702 34.99026 35.47255 42.48418 40.0052 36.076809999999995 46.69047 58.0 19.10497 55.00221 64.40497 68.37256000000001 17.492849999999997 24.33106 62.81438 60.60528 21.13325 32.75668 71.58911 26.41969 26.24881 41.48494 56.61108 20.045360000000002 34.03546 49.171820000000004 40.99026 41.22507 51.86521 43.30891 5.83095 59.9333 40.79969 49.68794 38.050489999999996 35.84696 9.0 49.10497 62.07542 59.5401 49.36668 30.4365 23.56865 54.21013 20.253149999999998 50.25423 42.406040000000004 31.83095 53.05679 41.4367 20.40175 33.24154 40.568650000000005 49.76947 58.086200000000005 45.39926 38.94303 
69.50655 97.88698000000001 45.25545 63.13516 55.8638 30.346249999999998 37.53665 38.78119 45.96738 52.9758 44.72825 44.17403 63.91214 49.24429 36.24914 102.99303 40.67754 31.82766 84.11939000000001 23.41292 51.86521 83.78263 73.63213 34.00213 33.01515 75.96084 84.8646 64.66233 41.23124 0 40.24922 46.01338 74.81674 63.13478 67.01515 14.77522 24.74204 61.76844 68.24297999999999 88.88757 26.71953 70.94299 72.09022 54.835449999999994 66.27217 5.83095 80.9568 76.48682 72.00918000000001 45.51934 60.533829999999995 57.3852 77.46612 87.86353 86.64872 38.24914 36.21992 37.1359 76.32169 50.81101 66.21933 87.84646 58.7364 66.08558 32.36257 95.73413000000001 40.390209999999996 64.71414 63.86367 72.27217 79.57837 23.5372 15.317779999999999 45.27693 34.93895 79.92274 78.05767 63.5371 24.5153 35.73514 85.88820000000001 75.87527 98.48623 42.2019 59.82732 51.22499 83.05767 46.75468 24.21573 32.456630000000004 71.23485 39.47792 72.94518 46.61545 48.597480000000004 66.44441 80.20518000000001 97.06288 29.695230000000002 76.48605 
76.02857 91.05004 61.40414 27.49387 72.11308 27.150460000000002 17.01129 17.5049 15.52417 80.26804 48.10701 34.11532 61.18823 42.71617 33.144819999999996 93.46428 43.45766 13.60147 62.28001 32.32456 37.57299 82.46211 66.12866 61.29437 17.3016 77.21395 81.24303 24.41311 38.06244 40.24922 0 44.01316 79.33485 23.02173 35.81139 33.112049999999996 30.75884 83.65634 38.27532 65.8559 57.50062 30.69377 56.84706 35.83225 38.41875 37.90146 64.64059 75.09789 71.11528 12.80625 89.55445 43.62642 40.12877 51.09268 47.07441 31.14482 50.91707 45.54602 36.40055 50.0 70.19722 47.75982 32.64966 60.31727 66.14245 83.86298 33.541019999999996 35.60899 24.100459999999998 43.27532 67.1193 31.40064 46.64762 41.12834 33.32486 69.77822 44.59821 52.16991 52.25722 29.90573 61.7732 35.62605 87.1971 74.9267 65.00769 58.16333 49.5523 53.26521 38.20995 11.18034 58.847319999999996 70.83681999999999 79.10951 38.06686 29.073120000000003 75.12552 48.0604 87.48998 58.69412 72.84564 
34.85828 53.60341 23.43075 58.80277 31.62278 19.70298 51.904790000000006 53.897580000000005 59.342490000000005 48.56237 12.82509 56.166160000000005 19.41649 8.67005 17.26745 60.25411 17.24337 50.08211 44.14153 53.94105 15.2756 40.73676 31.96631 38.22407 29.55184 35.65256 40.80481 61.03278 9.436499999999999 46.01338 44.01316 0 39.06337 59.77458 40.36087 41.77322 28.3196 44.82375999999999 38.876450000000006 49.51625 54.24151 61.30332 31.25724 20.61553 35.51166 42.1746 37.10795 33.12099 28.23119 53.637029999999996 56.63647 16.49242 56.77295 66.26366 70.29225 15.26745 19.97578 68.68042 64.16591 18.90785 27.96689 74.4043 27.773329999999998 23.02204 43.28972 50.481260000000006 26.34242 34.828199999999995 52.40463 41.3319 39.13657 58.5235 48.77996 3.60555 66.64083 34.66987 50.29717 33.8387 36.13127 15.29706 46.17359 64.45301 53.25411 50.65867 21.0 15.915669999999999 54.61553 10.81665 56.95628 48.7031 29.60555 48.51062 35.2036 21.35836 38.50442 32.18034 50.136089999999996 52.474360000000004 47.17663 32.20248 
23.746290000000002 30.26549 37.29822 89.12895 47.55729 54.81788 87.33562 89.26926 94.85902 48.38501 32.57299 87.35436999999999 19.64688 38.328419999999994 47.3535 45.32754 38.40394 85.66606999999999 51.19499999999999 88.00997000000001 44.40721 30.24467 29.47214 49.64877 64.47091 35.88295 24.413719999999998 93.91891999999999 45.72369 74.81674 79.33485 39.06337 0 92.78076 66.48639 75.11552 61.6619 34.0 63.19358 54.76007 70.93659 92.50753 40.024300000000004 49.07476 59.631730000000005 69.33974 39.85302 33.57527 29.64688 88.94998000000001 51.0098 40.26164 82.89026 90.09715 97.16995 49.3535 48.34358 100.64469000000001 93.32862999999999 30.26549 33.19666 102.31813 56.741960000000006 22.47503 57.58373999999999 36.67424 61.92638 63.28743 84.54013 62.31226 32.01562 92.51463 76.67514 40.670680000000004 101.24228 28.16228 72.94518 34.06909 59.1356 50.88102 55.86591 93.00538 38.32754 58.184340000000006 32.80916 40.960589999999996 75.81666000000001 37.958149999999996 87.46428 83.15216000000001 37.13974 53.7122 34.168949999999995 43.0 73.31456 43.283879999999996 70.49113 37.47659 62.00806 15.81139 
90.72853 97.85325 80.74919 4.47214 91.17358 46.87217 37.50557 40.52663 30.18206 101.08985000000001 65.47970000000001 49.232040000000005 73.33485 57.358810000000005 51.1935 97.61719 61.32699 36.623200000000004 62.24147 53.16471 48.37355 93.15006 75.10660999999999 83.36552 37.37384 89.22336 90.20622 9.571159999999999 55.15433 63.13478 23.02173 59.77458 92.78076 0 32.32892 56.13378 53.78057 102.85913 36.40055 64.41273 80.52234999999999 11.334209999999999 61.0 44.67164 41.02242 60.46487 68.50337999999999 86.22681 83.29466 29.42788 110.67972 53.03772 30.584309999999995 33.61547 27.16616 49.1935 70.74852 64.29670999999999 17.26098 64.03457 84.2762 33.24892 38.0526 71.11259 86.97701 88.40664 36.89173 39.72538 13.04205 41.02242 73.78774 50.751999999999995 69.66935000000001 57.44058 49.01064 78.33979 36.36258 62.196690000000004 74.81722 47.095020000000005 59.94284999999999 16.266489999999997 90.87236999999999 97.32148 80.06479 75.04735 39.59798 70.2282 61.23168 34.20207 64.73593 92.84934 93.21481 50.4506 22.47221 90.95603 55.88849 92.7671 81.46779 83.00602 
66.21496 68.3117 63.791619999999995 27.85678 71.59914 39.13812 48.163740000000004 50.60632 49.41199 88.01333 46.02682 60.066590000000005 47.01064 37.54154 44.68145 65.51336 45.22168 49.329299999999996 29.96665 65.80565 39.46839 63.95311 51.64205 74.15047 34.0 62.12213 60.29925 32.89377 39.72244 67.01515 35.81139 40.36087 66.48639 32.32892 0 62.8196 49.36598 85.05215 31.42202 32.48999 79.62412 27.07397 40.104780000000005 33.11036 20.42202 62.239340000000006 41.3684 59.27087 57.01064 48.02083 96.67471 38.021730000000005 30.5636 31.968220000000002 30.88689 42.68145 57.41343 79.70192 33.07397 46.9696 59.63186 36.96965 35.00713 44.01136 79.70605 56.29387 48.347680000000004 27.39136 22.84732 26.42202 52.22529 65.78754 71.34424 36.94918 67.60632 46.01087 11.73888 46.7014 66.85058 37.30232 28.01785 27.16616 60.663380000000004 87.79784 60.172920000000005 53.90733 16.67116 51.114329999999995 70.88028 46.50087 35.104780000000005 83.8481 67.62617 33.38563 36.04536 69.92749 35.28809 61.1006 76.844 55.27693 
70.49112 95.13222999999999 47.07441 55.00762 57.87055 24.85537 27.58623 28.25627 36.696529999999996 57.780730000000005 42.608380000000004 39.647240000000004 61.08764 44.697269999999996 32.0342 99.11225 36.77743 24.76014 77.53362000000001 27.97057 46.86493 81.87144 70.01079 39.0939 34.70423 74.8563 82.50577 55.173249999999996 35.35534 14.77522 33.112049999999996 41.77322 75.11552 56.13378 62.8196 0 13.45362 66.04783 59.5399 83.42304999999999 29.83285 61.709630000000004 66.37017 49.35627 59.14833 8.94427 75.61281 74.4043 69.06519 35.663920000000005 67.18631 51.81908 67.74216 79.26238 76.53757 30.45362 37.20449 40.24922 67.28175999999999 47.594080000000005 65.97976 78.62210999999999 52.504870000000004 61.60415 39.8374 91.5527 34.75064 55.7315 57.212509999999995 64.5399 74.82424 34.94427 18.4311 41.11225 38.48919 75.84209 71.34667999999999 59.68352 36.77599 37.22517 79.88451 65.19202 94.36645999999999 52.01836999999999 59.89029000000001 51.62832 76.27896 47.99354 27.32905 21.93171 66.16176 47.546229999999994 73.26103 41.04875 34.71311 66.13210000000001 71.25307 93.44154 34.27848 73.90344 
57.14837 81.85075 38.09099 50.56582 47.01064 11.40175 38.71965 40.06305 40.49691 52.089479999999995 29.154760000000003 45.455890000000004 47.63402 31.87002 18.580579999999998 85.65863 23.32381 36.566919999999996 65.48756 38.66932 34.49555 68.56288 56.58716 33.115809999999996 21.25061 61.402680000000004 69.05215 53.03772 21.93171 24.742040000000003 30.75884 28.3196 61.6619 53.78057 49.36598 13.45362 0 56.7186 50.03998 70.36991 30.67572 57.42822 53.67424 35.90265 48.01042 19.64302 62.65085 61.44059 55.83108 39.586240000000004 61.03315 38.91015 62.66762 73.11103 72.00694 17.0 27.04563 43.160439999999994 63.42822 34.140460000000004 52.70576 75.97877 39.05125 48.18052 35.38361 78.24321 24.08907 46.01087 48.25971 54.00926 61.893519999999995 30.8707 22.02272 27.65863 40.26164 62.482 60.53818 46.2299 30.01385 25.708199999999998 67.18631 62.3343 81.22005999999999 47.538019999999996 46.43667000000001 38.1747 65.53818 34.53992 33.603930000000005 33.73849 53.0 43.1894 60.740790000000004 37.10995 35.814859999999996 55.1747 62.80647 80.00364 30.17126 60.44982 
29.369320000000002 64.26549 22.36068 100.23971 20.09798 56.64804 89.07967 89.57328 97.21551 23.61285 41.629 85.47747000000001 43.84023 50.614979999999996 54.042899999999996 72.02777 41.67733 84.17244 79.22257 77.16217 59.46427 47.59715 53.338589999999996 29.559350000000002 66.4969 40.48683 52.39105000000001 104.20199 49.17904 61.76844 83.65634 44.82375999999999 34.0 102.85913 85.05215 66.04783 56.7186 0 82.76846 83.77866 50.15974 105.15227 65.36819 65.11528 79.27323 58.147220000000004 69.07966 44.40721 40.10829 89.72536000000001 17.02939 58.79626 101.31634 110.32338999999999 115.11600999999999 53.66563 33.40604 87.93350000000001 108.47012000000001 42.42641 33.64087 119.22806 72.42641 46.95743 40.088100000000004 70.34913 67.17242999999999 79.20859 96.38565 83.63574 62.407399999999996 84.09518 56.5345 48.429309999999994 95.15157 59.421499999999995 94.18715 57.19119 37.25314 56.23755 83.64807 107.8981 72.30375000000001 31.09919 34.52558 31.14482 97.84751 36.24384 75.80237 83.24871999999999 60.82763 26.62705 31.0 54.81788 80.59145000000001 23.34524 92.95698 68.02941 40.85421 48.77962 
