25
cy sg rq zt ra cr hx hf ob ak yq mq ll fe vo xj xf ns jm af eo nr vu mm im
0 51.04046 73.99864000000001 21.0238 83.18654 59.49457 95.08539 68.79815 95.83690000000001 89.0385 55.02709 49.41332 77.88453 81.69817 41.18252 43.60046 50.43468 8.48528 35.16594 24.0 29.01724 56.61272 64.12832 82.08421999999999 84.96364 
51.04046 0 68.593 30.01666 80.55693000000001 68.48743 86.85442 51.990809999999996 78.07797 67.24892 38.27532 46.27532 72.86288 88.36524 47.05178 66.36222000000001 57.322010000000006 59.52574 41.48494 69.58682 66.6714 63.616299999999995 49.92995 44.80156 62.603840000000005 
73.99864000000001 68.593 0 66.26001 36.54657 47.290009999999995 62.76021 40.73426 71.14996 65.91060999999999 74.80159 66.80159 5.09902 33.83282 76.34016 72.11528 74.65253 65.51336 59.68249 82.68011 53.53587 37.257149999999996 23.15549 71.57079999999999 97.41507999999999 
21.0238 30.01666 66.26001 0 75.31334000000001 38.47077 81.61729 54.14236 74.8131 68.0147 34.00329 42.00329 68.59962 60.67437 37.01351 36.34556 29.41088 29.50908 14.14214 45.0238 50.04104 36.67424 43.10452 74.81822000000001 77.34024 
83.18654 80.55693 36.54657 75.31334000000001 0 75.27902 26.213639999999998 54.55824 40.3169 44.099270000000004 82.96713 74.96713 38.98055 53.07542 79.79595 81.02785 91.26564 78.58753 77.31273 103.11976000000001 54.57105 50.0136 36.53048 42.54409 84.97058 
59.49457 68.48743 47.290009999999995 38.47077 75.27902 0 71.41649 45.02899 60.01462 57.33198 58.13777 50.15974 51.47816 22.2036 75.48428 74.81633 58.00862 67.97985 52.61291 83.49457000000001 48.67226 32.39354 63.05675 69.74540999999999 104.61866 
95.08539 86.85442 62.76021 81.61729 26.213639999999998 71.41649 0 40.891329999999996 57.32749 46.49844 94.46423 86.46423 65.19419 56.93856 81.5414 91.0122 89.72591 90.10978 87.34119 104.86520999999999 66.06815 46.06517 46.64864 58.00862 101.26517 
68.79815 51.990809999999996 40.73426 54.14236 54.55824 45.02899 40.891329999999996 0 44.68424 25.63201 66.12866 60.32561 43.16824 60.567080000000004 51.629509999999996 68.35668 61.89974 65.95951 60.953689999999995 74.16454999999999 45.92554 39.94974 18.02776 44.044509999999995 67.18157 
95.83690000000001 78.07797 71.14996000000001 74.8131 40.3169 60.01462 57.32749 44.68424 0 19.05223 94.88927 86.88927 66.18912 82.21822 61.01971 54.91812 72.81555 90.17436000000001 88.86507 84.34352000000001 67.35726 76.30138 57.94075 33.78827 93.26873 
89.0385 67.24892 65.91060999999999 68.0147 44.099270000000004 57.33198 46.49844 25.63201 19.05223 0 86.60025 78.60025 65.06919 79.14644 57.08647 51.30949 66.56956 82.80097 82.15684 80.41028 68.2497 63.60031 42.75512 28.054560000000002 82.43968 
55.02709 38.27532 74.80159 34.00329 82.96713 58.13777 94.46423 66.12866 94.88927 86.60025 0 8.0 79.36448 50.08992 43.38202 45.48626 57.87431 52.43771 19.861150000000002 56.54902 28.39608 54.81788 63.22681 81.20326 55.22681 
49.41332 46.27532 66.80159 42.00329 74.96713 50.15974 86.46423 60.32561 86.88927 78.60025 8.0 0 71.90061 50.63954 51.38202 41.62932 59.92004 44.43771 27.861150000000002 64.54902 20.39608 47.12749 55.22681 74.96666 55.08176 
77.88453 72.86288 5.09902 68.59962 38.98055 51.47816 65.19419 43.16824 66.18912 65.06919 79.36448 71.90061 0 29.27456 79.20859 74.41102 79.20227 70.61238 64.78151 87.46428 58.47518 40.042249999999996 25.4951 76.66982 100.93749 
81.69817 88.36524 33.83282 60.67437 53.07542 22.2036 56.93856 60.567080000000004 82.21822 79.14644 50.08992 50.63954 29.27456 0 66.30988 63.24555 78.93384 90.18345000000001 53.21293 89.63369 70.87586 54.59714 42.98831 77.46612 87.96947 
41.18252 47.05178 76.34016 37.01351 79.79595 75.48428 81.5414 51.629509999999996 61.01971 57.08647 43.38202 51.38202 79.20859 66.30988 0 70.58381 56.960710000000006 44.27189 51.155649999999994 23.32381 68.31352 62.96825 66.76183 43.65776 62.242540000000005 
43.60046 66.36222000000001 72.11528 36.34556 81.02785 74.81633 91.0122 68.35668 54.91812 51.30949 45.48626 41.62932 74.41102 63.24555 70.58381 0 65.75644 45.61798 50.4877 67.60046 62.025400000000005 70.95492 50.32892 38.48376 86.20187 
50.43468 57.322010000000006 74.65253 29.41088 91.26564 58.00862 89.72591 61.89974 72.81555 66.56956 57.874309999999994 59.92004 79.20227 78.93384 56.960710000000006 65.75644 0 44.28437 38.01316 74.43468 68.32600000000001 66.08511999999999 72.5154 54.56189 72.51277 
8.48528 59.52574 65.51336 29.50908 78.58753 67.97985 90.10978 65.95951 90.17436000000001 82.80097 52.43771 44.43771 70.61238 90.18345 44.27189 45.61798 44.28437 0 43.65122 32.48528 24.04163 62.68103000000001 72.6136 79.86534 79.98803 
35.16594 41.48494 59.68249 14.14214 77.31273 52.61291 87.34119 60.953689999999995 88.86507 82.15684 19.861150000000002 27.861150000000002 64.78151 53.21293 51.155649999999994 50.4877 38.01316 43.651219999999995 0 36.68787 48.25723000000001 50.633379999999995 54.57105 79.64923 63.1981 
24.0 69.58682 82.68011 45.0238 103.11976000000001 83.49457000000001 104.86520999999999 74.16454999999999 84.34352000000001 80.41028 56.54902 64.54902 87.46428 89.63369 23.32381 67.60046 74.43468 32.48528 36.68787 0 53.01724 67.80118 88.12832 66.9753 84.77758 
29.01724 66.6714 53.53587 50.04104 54.57105 48.67226 66.06815 45.92554 67.35726 68.2497 28.39608 20.39608 58.47518 70.87586 68.31352 62.025400000000005 68.32600000000001 24.04163 48.25723 53.01724 0 38.6394 63.9533 60.851099999999995 55.9464 
56.61272 63.616299999999995 37.257149999999996 36.67424 50.0136 32.39354 46.06517 39.94974 76.30138000000001 63.60031 54.81788 47.12749 40.042249999999996 54.59714 62.96825 70.95492 66.08511999999999 62.68103000000001 50.633379999999995 67.80118 38.6394 0 38.55571 70.57785 84.05355 
64.12832 49.92995 23.15549 43.10452 36.53048 63.056749999999994 46.64864 18.02776 57.94075000000001 42.75512 63.22681 55.22681 25.4951 42.98831 66.76183 50.32892 72.5154 72.6136 54.57105 88.12832 63.9533 38.55571 0 54.69018 82.31389 
82.08421999999999 44.80156 71.57079999999999 74.81822 42.54409 69.74540999999999 58.00862 44.044509999999995 33.78827 28.054560000000002 81.20326 74.96666 76.66981999999999 77.46612 43.65776 38.48376 54.56189 79.86534 79.64923 66.9753 60.851099999999995 70.57785 54.69018 0 59.99232000000001 
84.96364 62.603840000000005 97.41507999999999 77.34024 84.97058 104.61866 101.26517 67.18157 93.26872999999999 82.43968 55.22681 55.08176 100.93749 87.96947 62.242540000000005 86.20187 72.51277 79.98803 63.1981 84.77758 55.9464 84.05355 82.31389 59.99232000000001 0 
