51
Addison Ajax Allston Anne Arch Bancroft Bataan Belrose Bowditch Bret Bristol Browning Burnett Byron Columbia Colusa Comstock Cutter Domingo Edith Eunice Florida Forest Fresno Fulton Greenwood Haskell Haste Haviland Heinz High Hospital Keeler Kenilworth Lewiston Mabel Madera Marin Martin Menlo Muir Overlook Pardee Poplar Poppy Shasta Spring Summit Terrace Vermont Soda
0 80.03999999999999 35.96 57.19 69.47999999999999 49.46 71.03999999999999 38.68 50.44 59.51 65.06 77.00999999999999 47.410000000000004 13.34 21.32 31.720000000000002 83.91 48.730000000000004 45.040000000000006 72.23 33.31 44.64 69.2 44.91 44.13 61.55 62.11 71.83 49.41 66.69 54.49 82.68 75.96000000000001 69.83 50.63 60.02 59.2 54.53 77.50999999999999 36.02 51.24 59.26 68.19 61.12 76.19 8.33 66.25999999999999 73.79 84.53999999999999 64.34 78.92 
80.03999999999999 0 64.8 73.02 83.31 97.75 57.86 91.3 42.19 46.16 61.58 62.99999999999999 101.26 77.96000000000001 89.66000000000001 90.94 69.19999999999999 99.61 99.97999999999999 86.97 48.08 97.09 16.02 35.94 78.53 45.93 33.54 49.629999999999995 70.91 35.21 74.67 66.78 68.6 66.6 65.37 76.34 49.92 45.59 53.980000000000004 96.27 93.16 101.65 62.230000000000004 85.2 65.46 87.4 68.28 88.03 70.85 58.19 54.06999999999999 
35.96 64.8 0 78.62 68.59 72.19 47.86 68.55 51.86 56.28 64.76 78.38 69.96000000000001 34.75 40.62 53.45 79.64 71.53999999999999 64.34 55.64 16.72 42.79 61.49 45.61 63.34 43.269999999999996 62.41 48.11 53.31 32.55 64.08 80.89 75.80000000000001 53.239999999999995 34.04 68.51 42.61 37.94 72.22 58.57 54.21 87.24000000000001 69.56 75.4 72.44 27.63 62.11 78.34 83.72 62.34 79.29 
57.19 73.02 78.61999999999999 0 12.29 46.22 61.099999999999994 49.900000000000006 40.26 43.3 39.72 44.88 67.78 65.58 76.39 58.510000000000005 63.91 48.08 89.75 77.1 61.9 78.15 62.3 38.61 46.1 83.9 49.07 92.28 29.51 89.12 75.84 34.09 28.68 56.82 69.07 37.43 81.47999999999999 78.32 39.9 56.39 62.69 48.97 20.28 54.27 43.4 65.52 49.14 55.0 73.19 38.67 44.910000000000004 
69.47999999999999 83.31 68.59 12.29 0 58.51 71.47999999999999 49.2 52.55 37.15 36.730000000000004 57.17 70.66 77.41 82.26 60.46 63.17 58.9 101.6 89.38999999999999 74.19 79.33 72.97999999999999 50.9 58.39 96.19 61.36 99.65 41.34 93.56 83.86000000000001 46.38 25.69 57.59 74.49 49.72 93.77 90.52 52.19 59.27 52.34 61.25999999999999 32.57 51.790000000000006 31.11 77.80999999999999 61.43 60.489999999999995 83.24000000000001 49.18 52.65 
49.46 97.75 72.19 46.22 58.51 0 91.80000000000001 23.78 71.50999999999999 68.12 68.86 87.57 25.03 44.43 53.53 18.97 75.41 1.86 79.55 93.63 73.74000000000001 52.4 95.34 68.28 31.38 98.87 78.96000000000001 112.22 26.84 99.53 68.47 80.31 59.98 77.97 74.42 45.15 97.57 91.69 80.26 13.64 25.41 40.17999999999999 66.5 37.38 68.78 48.68 56.86 42.129999999999995 80.91 75.91 85.54 
71.03999999999999 57.86 47.86 61.099999999999994 71.47999999999999 91.80000000000001 0 85.44 20.84 34.33 54.74 48.64 102.68 82.61 85.30000000000001 88.7 60.349999999999994 93.66000000000001 101.9 90.38 56.19 90.65 63.76 26.939999999999998 83.49000000000001 44.72 32.8 38.96 65.07 55.44 52.13 62.66 57.76 54.769999999999996 71.16999999999999 65.75999999999999 47.56 37.54 50.64 91.29 93.8 92.65 49.36 75.35 54.42 75.49 67.53999999999999 79.43 75.24 46.36 39.71 
38.68 91.3 68.55 49.900000000000006 49.2 23.78 85.44 0 65.11 60.78 64.56 82.88 21.53 52.019999999999996 50.47 15.47 81.37 25.64 75.41 82.78 67.43 46.65 88.88 59.74 27.880000000000003 91.09 73.41 105.31 20.39 91.85 59.5 81.21000000000001 63.2 72.75 61.18 55.76 90.05 88.65 77.47 10.14 49.19 38.769999999999996 62.73 37.1 68.84 40.92 59.33 45.81999999999999 86.7 72.81 82.74000000000001 
50.44 42.19 51.86 40.26 52.55 71.50999999999999 20.84 65.11 0 31.339999999999996 36.9 39.16 81.84 63.36 71.48 68.01 47.62 72.91 81.06 72.08 35.349999999999994 75.82 58.209999999999994 6.25 62.65 49.95 11.96 53.19 49.4 60.67 46.18 41.82 47.94 40.83 50.48 45.32 41.22 42.77 29.8 70.45 78.13 71.96000000000001 40.349999999999994 54.51 36.5 58.769999999999996 46.7 62.379999999999995 54.55 41.99 46.370000000000005 
59.51 46.16 56.28 43.3 37.15 68.12 34.33 60.78 31.339999999999996 0 20.41 22.1 79.53999999999999 72.85 80.83 73.47999999999999 26.02 69.98 101.53999999999999 83.78 56.17 83.68 35.83 37.589999999999996 70.82 66.11 34.83 69.95 41.28 70.22 70.3 38.03 31.169999999999998 20.44 62.18 31.43 68.95 58.93 18.0 68.14999999999999 73.34 62.31 23.02 41.69 20.09 67.84 43.14 50.44 46.09 12.03 23.009999999999998 
65.06 61.58 64.76 39.72 36.730000000000004 68.86 54.739999999999995 64.56 36.9 20.41 0 30.950000000000003 84.05 77.32 86.38 73.49 46.43 67.0 97.27000000000001 93.6 60.11 89.22 51.54 37.519999999999996 61.08 78.72 37.45 82.02 45.78 84.08 67.8 17.62 11.04 32.51 72.0 40.6 72.27 71.54 17.01 72.66 77.0 62.58 19.439999999999998 37.14 40.5 73.39 52.31 45.839999999999996 51.650000000000006 22.69 22.020000000000003 
77.00999999999999 63.0 78.38 44.88 57.17 87.57 48.64 82.88 39.16 22.1 30.950000000000003 0 79.15 90.03999999999999 97.68 88.35 28.96 89.42999999999999 107.84 95.5 61.730000000000004 102.47999999999999 46.98 32.91 77.27 77.03999999999999 45.9 74.72 63.38 77.74000000000001 72.84 48.57000000000001 41.71 25.21 77.13999999999999 52.76 77.86000000000001 70.03 28.540000000000003 90.25 95.44 83.64 33.56 59.64 31.99 84.74 51.0 67.5 68.19 34.13 8.93 
47.410000000000004 101.26 69.96000000000001 67.78 70.66 25.03 102.68 21.53 81.84 79.53999999999999 84.05 79.15 0 50.519999999999996 38.82 16.72 69.88 26.89 64.86 98.32999999999998 74.97 52.2 106.83999999999999 76.31 29.13 90.74000000000001 91.28999999999999 101.89000000000001 38.269999999999996 89.67 68.33 76.58 77.97 94.28 76.72999999999999 70.18 99.43 89.41000000000001 95.35 11.39 50.44 59.41 84.13999999999999 58.6 90.30000000000001 47.66 73.53999999999999 63.75999999999999 98.31 89.29 88.08000000000001 
13.34 77.96000000000001 34.75 65.58 77.41 44.43 82.61 52.019999999999996 63.36 72.85 77.32 90.03999999999999 50.519999999999996 0 11.7 45.06 97.25 42.57 58.379999999999995 80.78999999999999 41.87 57.980000000000004 82.54 57.13 57.47 68.41 75.14 82.08 36.07 67.3 44.870000000000005 92.99 76.49 76.97999999999999 59.19 71.44 71.25 61.23 90.85 49.36 41.620000000000005 72.6 81.53 69.97 89.53 21.67 79.6 61.56 97.88 73.56 92.26 
21.32 89.66 40.62 76.39 82.26 53.53 85.30000000000001 50.47 71.48 80.83 86.38 97.68 38.82 11.7 0 43.93000000000001 100.23999999999998 52.72 49.7 84.15 45.23 56.91 90.0 65.23 56.34 69.37 83.24000000000001 81.52000000000001 47.7 71.35 33.17 104.0 88.19 81.75 62.55 81.34 71.57 62.19 96.19 40.33 29.92 75.92999999999999 89.50999999999999 81.66999999999999 90.61 12.99 78.19999999999999 73.19 105.86 81.33999999999999 100.24000000000001 
31.72 90.94 53.45 58.510000000000005 60.46 18.97 88.70000000000002 15.47 68.01 73.47999999999999 73.49 88.35 16.72 45.06 43.93 0 78.78 20.83 61.81 81.61 58.25 35.48 91.41 61.760000000000005 12.41 86.49 79.77000000000001 99.3 32.21 86.0 52.349999999999994 85.6 71.91 78.31 60.01 64.12 89.49 79.47 82.14 5.33 44.379999999999995 53.349999999999994 70.65 52.28 79.63000000000001 30.94 56.82 57.7 90.64 74.02 87.37 
83.91 69.19999999999999 79.64 63.91 63.17 75.41 60.349999999999994 81.37 47.62 26.02 46.43 28.96 69.88 97.25 100.24 78.78 0 76.81 110.2 97.76 74.04 101.87 61.849999999999994 53.669999999999995 70.93 89.04 35.66 94.08 67.3 96.24 87.45 64.05 57.19 46.46 88.2 33.75 82.72 84.95 44.019999999999996 79.24 87.41999999999999 64.63 49.04 44.269999999999996 46.11 87.25 22.04 52.760000000000005 69.50999999999999 33.9 37.89 
48.730000000000004 99.61 71.53999999999999 48.08 58.9 1.86 93.66 25.64 72.91 69.98 67.0 89.42999999999999 26.89 42.57 52.72 20.83 76.81 0 78.89999999999999 95.49 71.88 51.18 97.2 69.68 33.239999999999995 99.21000000000001 80.36 111.15 28.7 101.15 66.61 82.08 61.839999999999996 79.2 73.97 47.01 99.42999999999999 93.1 82.12 15.5 24.19 38.31999999999999 67.84 39.24 66.92 48.03 58.72 40.269999999999996 82.77 77.32 87.16 
45.04 99.98 64.34 89.75 101.6 79.55 101.9 75.41 81.06 101.53999999999999 97.27000000000001 107.84 64.86 58.379999999999995 49.7 61.81 110.2 78.9 0 90.82 51.9 81.61 96.67 75.03 74.22 77.46 92.94 89.41 60.26 66.74 69.81 114.89000000000001 99.31 88.42 69.22 92.32 82.00999999999999 71.99 106.85000000000001 67.14 79.62 94.5 100.46 94.11000000000001 101.83000000000001 36.71 96.38 83.32 121.49000000000001 92.98 110.87 
72.23 86.97 55.64 77.1 89.38999999999999 93.63 90.38 82.78 72.08 83.78 93.6 95.5 98.33 80.78999999999999 84.15 81.61 97.76 95.49 90.82 0 38.92 96.09 83.66 65.83 85.54 62.589999999999996 83.0 73.03999999999999 78.11 73.31 75.74 102.37 91.37 71.42 21.6 84.84 65.4 55.41 93.61999999999999 86.94 71.38 96.38 96.97 99.28 91.73 80.56 89.61 95.08 112.78 79.75 98.63 
33.31 48.08 16.72 61.9 74.19 73.74 56.19 67.43 35.349999999999994 56.17 60.11 61.73 74.97 41.87 45.23 58.25 74.04 71.88 51.9 38.92 0 59.51 44.77 33.99 46.620000000000005 28.24 45.83 45.269999999999996 47.04 35.93 50.91 77.16999999999999 71.15 36.519999999999996 17.32 68.27 31.24 21.22 65.14999999999999 63.58 67.1 78.21000000000001 65.18 71.86 66.84 41.64 58.72 71.74 81.2 59.8 70.66 
44.64 97.09 42.79 78.15 79.33 52.4 90.65 46.65 75.82 83.68 89.22 102.47999999999999 52.2 57.980000000000004 56.91 35.480000000000004 101.87 51.18 81.61 96.09 59.510000000000005 0 93.58 69.57 33.07 75.22999999999999 87.58 90.9 48.94 71.89 40.300000000000004 106.84 92.43 93.51 74.49 84.31 77.39 68.05 101.68 40.81 26.99 69.98 92.69 78.47 92.81 50.74 79.83 74.42999999999999 108.15 89.42 106.32 
69.2 16.02 61.49000000000001 62.3 72.97999999999999 95.34 63.76 88.88 58.21 35.83 51.54 46.98 106.83999999999999 82.54 90.0 91.41 61.849999999999994 97.2 96.67 83.66 44.77 93.58 0 51.96 80.91 48.82 49.56 50.269999999999996 68.57 50.59 69.27000000000001 69.16 62.58 56.269999999999996 62.06 67.25999999999999 33.9 41.64 53.83 95.44999999999999 100.74 97.55 58.85 77.52 55.92 77.53 75.55 83.6 55.78 47.86 38.05 
44.91 35.94 45.61 38.61 50.9 68.28 26.939999999999998 59.74 6.25 37.589999999999996 37.519999999999996 32.91 76.31 57.13 65.23 61.760000000000005 53.669999999999995 69.68 75.03 65.83 33.99 69.57 51.959999999999994 0 56.620000000000005 45.29 18.009999999999998 53.67 43.15 56.01 39.93 45.2 47.36 42.51 44.23 45.419999999999995 47.47 48.47 35.11 64.92 71.88 65.71 40.129999999999995 54.28 38.66 53.239999999999995 46.8 56.129999999999995 48.3 35.74 40.12 
44.13 78.53 63.34 46.1 58.39 31.380000000000003 83.49 27.880000000000003 62.65 70.82 61.08 77.27 29.130000000000003 57.47 56.34 12.41 70.93 33.24 74.22 85.54 46.620000000000005 33.07 80.91 56.620000000000005 0 74.74000000000001 74.53 86.89 44.620000000000005 74.84 41.34 77.01 60.010000000000005 72.46000000000001 63.940000000000005 60.6 77.86 67.84 78.08999999999999 17.740000000000002 56.790000000000006 64.0 66.38 45.4 87.9 43.35 48.89 57.08 78.23 76.05 83.1 
61.55 45.93 43.269999999999996 83.9 96.19 98.87 44.72 91.09 49.95 66.11 78.72 77.03999999999999 90.74000000000001 68.41 69.37 86.49 89.03999999999999 99.21000000000001 77.46000000000001 62.589999999999996 28.24 75.22999999999999 48.82 45.29 74.74000000000001 0 53.379999999999995 23.630000000000003 74.37 10.72 36.83 86.72 87.58000000000001 59.31 45.56 88.35 17.2 7.18 73.81 91.5 87.87 104.08 82.07 98.41 82.52 61.22 86.96 99.85999999999999 90.26 68.94 82.06 
62.11 33.54 62.41 49.07 61.36 78.96000000000001 32.8 73.41 11.96 34.83 37.45 45.9 91.29 75.14 83.24000000000001 79.77000000000001 35.66 80.36 92.94 83.0 45.83 87.57999999999998 49.56 18.009999999999998 74.53 53.379999999999995 0 58.42 53.02 64.1 56.93 53.78 36.09 52.79 61.4 46.45 53.18 52.05 20.44 79.9 83.34 73.51 28.79 56.97 32.31 70.32 34.74 65.46000000000001 59.86 46.86 40.050000000000004 
71.83 49.629999999999995 48.11 92.28 99.64999999999999 112.22 38.96 105.31 53.19 69.95 82.02 74.72 101.89000000000001 82.08 81.52000000000001 99.3 94.08 111.15 89.41 73.03999999999999 45.269999999999996 90.9 50.269999999999996 53.67 86.89 23.630000000000003 58.42 0 85.38 34.35 51.68000000000001 91.74 91.91 49.51 62.589999999999996 97.42 34.07 24.05 78.86 104.63 102.32 115.1 86.0 106.38 89.69 73.66 93.16 106.51 95.59 61.769999999999996 78.67 
49.41 70.91 53.31 29.51 41.34 26.84 65.07 20.39 49.4 41.28 45.78 63.38 38.269999999999996 36.07 47.7 32.21 67.3 28.7 60.26 78.11 47.04 48.94 68.57 43.15 44.620000000000005 74.37 53.02 85.38 0 76.51 54.83 60.82 43.49 61.72 56.51 35.370000000000005 73.6 68.25999999999999 57.08 26.88 33.18 44.31999999999999 45.87 57.49 60.980000000000004 49.95 47.080000000000005 25.49 66.31 53.31 62.35 
66.69 35.21 32.55 89.12 93.56 99.53 55.44 91.85 60.67 70.22 84.08 77.74000000000001 89.67 67.3 71.35 86.0 96.24 101.15 66.74 73.31 35.93 71.89 50.59 56.01 74.84 10.72 64.1 34.35 76.51 0 41.53 95.51 93.5 70.03 53.25 93.82 27.919999999999998 17.9 82.81 91.12 86.75999999999999 112.15 89.67 100.37 90.19999999999999 58.36 87.08 100.60999999999999 99.22999999999999 63.18 86.67000000000002 
54.49 74.67 64.08 75.84 83.86000000000001 68.47 52.13 59.5 46.18 70.3 67.8 72.84 68.33000000000001 44.870000000000005 33.17 52.349999999999994 87.45 66.61 69.81 75.74000000000001 50.91 40.300000000000004 69.27000000000001 39.93 41.34 36.83 56.93 51.68000000000001 54.83 41.53 0 85.13 78.24 73.32000000000001 54.14 73.73 39.71 29.69 74.50999999999999 56.940000000000005 63.09 76.39 79.53 76.0 74.02 46.160000000000004 85.44 71.8 88.22999999999999 64.07 79.52 
82.68 66.78 80.89 34.09 46.38 80.31 62.66 81.21000000000001 41.82 38.03 17.62 48.57 76.58 92.99 104.0 85.6 64.05 82.08 114.89 102.37 77.17 106.84 69.16 45.2 77.01 86.72 53.78 91.74 60.82 95.51 85.13 0 28.66 43.08 88.75 36.11 81.26 84.59 34.63 86.46 94.0 66.99 37.06 54.760000000000005 58.120000000000005 91.01 47.82 55.08 69.27000000000001 32.36 39.64 
75.96 68.6 75.80000000000001 28.68 25.69 59.98 57.76 63.2 47.94 31.169999999999998 11.04 41.71 77.97 76.49 88.19 71.91 57.19 61.839999999999996 99.31 91.37 71.15 92.43 62.58 47.36 60.010000000000005 87.58000000000001 36.09 91.91 43.49 93.5 78.24 28.66 0 43.55 83.03999999999999 51.64 83.31 80.4 27.77 66.58 75.32000000000001 53.620000000000005 8.4 26.1 51.26 80.94999999999999 48.33 34.8 62.69 33.730000000000004 32.78 
69.83 66.6 53.239999999999995 56.82 57.59 77.97 54.769999999999996 72.75 40.83 20.44 32.51 25.21 94.28 76.97999999999999 81.75 78.31 46.46 79.2 88.41999999999999 71.42 36.519999999999996 93.51 56.269999999999996 42.51 72.46000000000001 59.31 52.79 49.51 61.72 70.03 73.32000000000001 43.08 43.55 0 53.839999999999996 51.870000000000005 62.150000000000006 52.13 33.42 82.89 79.29 81.75 36.54 62.129999999999995 40.53 78.16 59.01 64.86 66.53 32.47 34.14 
50.629999999999995 65.37 34.04 69.07 74.49 74.42 71.16999999999999 61.18 50.48 62.18 72.0 77.13999999999999 76.73 59.19 62.55 60.010000000000005 88.2 73.97 69.22 21.6 17.32 74.49 62.06 44.23 63.940000000000005 45.56 61.4 62.59 56.51 53.25 54.14 88.75 83.03999999999999 53.84 0 75.22999999999999 48.56 38.54 79.33999999999999 65.34 49.78 77.12 75.37 77.68 82.27 58.959999999999994 68.00999999999999 73.47999999999999 91.18 68.24 84.35 
60.02 76.34 68.51 37.43 49.72 45.15 65.75999999999999 55.760000000000005 45.32 31.43 40.6 52.76 70.18 71.44 81.34 64.12 33.75 47.01 92.32 84.84 68.27 84.31 67.25999999999999 45.419999999999995 60.6 88.35 46.45 97.42 35.370000000000005 93.82 73.73 36.11 51.64 51.870000000000005 75.22999999999999 0 86.53999999999999 83.1 49.42999999999999 58.79 62.07 30.88 44.05 33.94 51.519999999999996 68.35000000000001 11.71 19.01 35.76 43.45 43.83 
59.2 49.92 42.61 81.47999999999999 93.76999999999998 97.57 47.56 90.05 41.22 68.95 72.27 77.86000000000001 99.43 71.25 71.57 89.49 82.72 99.42999999999999 82.00999999999999 65.4 31.24 77.39 33.9 47.47 77.86 17.2 53.18 34.07 73.6 27.92 39.71 81.26 83.31 62.150000000000006 48.56 86.54 0 10.02 71.02 94.33999999999999 92.99 109.44999999999999 81.57 95.72999999999999 77.72 62.75 84.64 99.08999999999999 89.68 80.98 68.93 
54.53 45.59 37.94 78.32 90.52 91.69 37.54 88.64999999999999 42.77 58.93 71.54 70.03 89.41000000000001 61.23 62.19 79.47 84.95 93.1 71.99 55.41 21.22 68.05 41.64 48.47 67.84 7.18 52.05 24.05 68.25999999999999 17.9 29.69 84.59 80.4 52.13 38.54 83.1 10.02 0 72.49 84.32 82.97 99.43 80.74000000000001 93.08 79.02 54.04 79.94 92.96 88.93 70.96 75.52999999999999 
77.50999999999999 53.980000000000004 72.22 39.900000000000006 52.19 80.26 50.64 77.47 29.8 18.0 17.01 28.54 95.35 90.85 96.18999999999998 82.14 44.019999999999996 82.12 106.85 93.62 65.14999999999999 101.68 53.83 35.11 78.09 73.81 20.44 78.86 57.08 82.81 74.50999999999999 34.63 27.77 33.42 79.34 49.43 71.02 72.49000000000001 0 83.96 90.25999999999999 79.36999999999999 19.62 53.61 38.09 83.19999999999999 55.18000000000001 58.07 53.28 30.03 19.61 
36.02 96.27000000000001 58.57 56.39 59.27 13.64 91.29 10.14 70.45 68.14999999999999 72.66 90.25 11.39 49.36 40.33 5.33 79.24 15.5 67.14 86.94 63.58 40.81 95.44999999999999 64.92 17.740000000000002 91.5 79.9 104.63 26.88 91.12 56.940000000000005 86.46 66.58 82.89 65.34 58.79 94.33999999999999 84.32 83.96 0 39.05 48.019999999999996 72.75 47.21 78.91 36.27 62.15 52.37 86.92 77.9 89.12 
51.24 93.16 54.21 62.69 52.34 25.41 93.80000000000001 49.19 78.13000000000001 73.34 77.0 95.44 50.44 41.620000000000005 29.92 44.379999999999995 87.41999999999999 24.19 79.62 71.38 67.1 26.99 100.74 71.88000000000001 56.78999999999999 87.87 83.34 102.32000000000001 33.18 86.75999999999999 63.09 94.0 75.32000000000001 79.29 49.78 62.07 92.99 82.97 90.25999999999999 39.05 0 53.15 79.03 62.790000000000006 83.45 42.910000000000004 65.38 51.14 97.83 80.67 95.53 
59.26 101.65 87.24000000000001 48.97 61.26 40.18 92.65 38.769999999999996 71.96 62.31 62.58 83.63999999999999 59.41 72.6 75.92999999999999 53.349999999999994 64.63 38.32 94.5 96.38 78.21000000000001 69.98 97.55 65.71 64.0 104.08 73.51 115.1 44.31999999999999 112.15 76.39 66.99 53.620000000000005 81.75 77.12 30.88 109.45 99.43 79.36999999999999 48.019999999999996 53.15 0 62.02 64.82000000000001 59.349999999999994 62.94 42.59 40.78 66.1 74.33 74.71 
68.19 62.230000000000004 69.56 20.28 32.57 66.5 49.36 62.73 40.349999999999994 23.02 19.439999999999998 33.56 84.14 81.53 89.50999999999999 70.65 49.04 67.84 100.46 96.97 65.17999999999999 92.69 58.849999999999994 40.129999999999995 66.38 82.07 28.79 86.0 45.87 89.67 79.53 37.06 8.4 36.54 75.37 44.05 81.57 80.74 19.62 72.75 79.03 62.019999999999996 0 33.99 43.11 76.52 55.76 42.17 55.1 26.49 24.630000000000003 
61.12 85.2 75.4 54.27 51.790000000000006 37.38 75.35 37.1 54.51 41.69 37.14 59.64 58.6 69.97 81.67 52.28 44.269999999999996 39.24 94.11000000000001 99.28 71.86 78.47 77.52 54.28 45.4 98.41 56.97 106.38 57.49 100.37 76.0 54.760000000000005 26.1 62.129999999999995 77.68 33.94 95.72999999999999 93.08 53.61 47.21 62.790000000000006 64.82 33.99 0 61.78 69.45 22.23 52.95 69.69999999999999 53.69 58.620000000000005 
76.19 65.46 72.44 43.4 31.11 68.78 54.42 68.84 36.5 20.09 40.5 31.99 90.3 89.53 90.61 79.63000000000001 46.11 66.92 101.83000000000001 91.73 66.84 92.81 55.92 38.66 87.9 82.52 32.31 89.69 60.980000000000004 90.19999999999999 74.02 58.120000000000005 51.26 40.53 82.27 51.519999999999996 77.72 79.02 38.089999999999996 78.91 83.45 59.349999999999994 43.11 61.78 0 77.62 63.23 70.53 66.18 30.0 23.06 
8.33 87.39999999999999 27.63 65.52 77.81 48.68 75.49 40.92 58.769999999999996 67.83999999999999 73.39 84.74 47.660000000000004 21.67 12.99 30.94 87.25 48.03 36.71 80.56 41.64 50.74 77.53 53.239999999999995 43.35 61.22 70.32 73.66 49.95 58.36 46.160000000000004 91.01 80.94999999999999 78.16 58.96 68.35000000000001 62.75 54.04 83.2 36.27 42.910000000000004 62.94 76.52 69.45 77.62 0 65.21 69.2 92.87 68.35 87.25 
66.25999999999999 68.28 62.11 49.14 61.43 56.86 67.54 59.33 46.7 43.14 52.309999999999995 51.0 73.53999999999999 79.6 78.19999999999999 56.82 22.04 58.72 96.38 89.60999999999999 58.72 79.83 75.55 46.8 48.89 86.96 34.74 93.16 47.08 87.08 85.44000000000001 47.82 48.33 59.01 68.00999999999999 11.71 84.64 79.94 55.18000000000001 62.15 65.38 42.59 55.76 22.23 63.230000000000004 65.21 0 30.720000000000002 47.47 55.160000000000004 55.54 
73.79 88.03 78.34 55.0 60.489999999999995 42.129999999999995 79.43 45.81999999999999 62.379999999999995 50.44 45.839999999999996 67.5 63.76 61.56 73.19 57.699999999999996 52.760000000000005 40.269999999999996 83.32 95.07999999999998 71.74 74.42999999999999 83.6 56.129999999999995 57.08 99.85999999999999 65.46000000000001 106.51 25.49 100.60999999999999 71.8 55.08 34.8 64.86 73.47999999999999 19.01 99.09 92.96 58.07 52.37 51.14 40.78 42.17 52.95 70.53 69.2 30.720000000000002 0 54.769999999999996 62.46000000000001 62.84 
84.53999999999999 70.85 83.72 73.19 83.24000000000001 80.91 75.24 86.7 54.55 46.09 51.65 68.19 98.31 97.88 105.85999999999999 90.64 69.50999999999999 82.77 121.49000000000001 112.78 81.2 108.15 55.78 48.3 78.23 90.26 59.86 95.59 66.31 99.22999999999999 88.22999999999999 69.27 62.69 66.53 91.18 35.76 89.68 88.93 53.28 86.92 97.83 66.1 55.1 69.7 66.18 92.86999999999999 47.47 54.769999999999996 0 58.120000000000005 69.10000000000001 
64.34 58.19 62.34 38.67 49.18 75.91 46.36 72.81 41.99 12.03 22.69 34.13 89.29 73.56 81.33999999999999 74.02 33.9 77.32 92.98 79.75 59.800000000000004 89.42 47.86 35.74 76.05000000000001 68.94 46.86 61.769999999999996 53.31 63.18 64.07 32.36 33.730000000000004 32.47 68.24 43.45 80.97999999999999 70.96 30.029999999999998 77.9 80.67 74.33 26.49 53.69 30.0 68.35 55.160000000000004 62.46000000000001 58.120000000000005 0 35.04 
78.92 54.06999999999999 79.28999999999999 44.910000000000004 52.65 85.54 39.71 82.74000000000001 46.37 23.009999999999998 22.020000000000003 8.93 88.08000000000001 92.26 100.24 87.37 37.89 87.16 110.87 98.63 70.66 106.32 38.05 40.12 83.1 82.06 40.05 78.67 62.35 86.67 79.52 39.64 32.78 34.14 84.35 43.83 68.93 75.52999999999999 19.61 89.12 95.53 74.71 24.630000000000003 58.620000000000005 23.06 87.25 55.54 62.84 69.1 35.04 0 
