51
BP BE CG DO BJ CL AS CK CZ BI AF AL DD AH BO DC DQ CY DE DB BW CJ CP CV CO CR AA CT AV AJ DM BQ BX DV DL BD CD BS CC BK AI AX AN AO BL AR AE BU CN DT AZ
0 62.5595 19.4736 38.4094 69.29560000000001 47.0903 56.0484 59.4162 32.3427 59.5519 68.7172 16.4161 59.6041 39.4489 34.3217 46.387 40.8886 31.0732 29.281 66.2735 51.6863 38.4949 33.3435 33.9721 49.6373 28.5505 62.9193 36.8728 8.591 27.5623 24.8842 24.9652 18.9987 32.8654 62.048 27.5484 35.4792 56.347100000000005 45.381099999999996 44.7368 57.5568 55.9409 33.3183 43.9989 44.2355 65.2714 46.7299 39.6 20.5388 51.7183 46.3782 
62.5595 0 81.6076 44.9376 83.90090000000001 84.85210000000001 52.4854 116.8739 79.3261 101.8079 33.0887 63.9724 43.1442 43.5358 36.4881 83.39150000000001 64.4675 34.9195 85.2142 30.2213 103.2821 39.3295 78.241 81.8544 86.5295 58.6806 121.08160000000001 45.4591 54.3512 83.4987 68.94069999999999 76.5611 70.4039 71.47749999999999 121.5969 75.0712 67.0949 42.3598 106.4023 59.709 64.8638 55.09439999999999 95.0398 45.4005 104.2782 72.5784 102.5416 34.709900000000005 47.1432 33.3425 27.1845 
19.4736 81.6076 0 44.9356 67.0389 41.8123 67.17009999999999 45.065999999999995 37.4363 49.7661 87.8076 24.8423 78.44709999999999 57.580799999999996 50.2744 41.1759 47.174 48.2747 25.9278 85.5334 45.3095 57.3283 14.2503 21.4333 44.9028 34.8433 47.8523 39.816100000000006 27.4244 24.1325 29.3593 20.0934 26.9553 33.5393 42.9721 15.479 38.8174 71.0807 29.175599999999996 43.7009 66.4377 68.3549 26.7402 57.022 35.741299999999995 72.2142 31.699399999999997 58.7963 36.9727 68.6454 62.4874 
38.4094 44.9376 44.9356 0 48.5712 41.8433 39.5342 75.2102 59.4065 58.896 50.6995 22.3951 35.3489 48.286199999999994 39.7881 40.3358 24.042099999999998 10.0181 49.1203 52.3219 60.1035 31.4093 36.4709 55.101 44.0313 39.9812 78.7011 20.5577 47.0004 48.6912 46.682500000000005 33.3824 56.13850000000001 28.5849 79.5021 33.2732 24.2638 34.5645 67.4643 16.3197 39.3374 25.4982 55.616 30.8613 63.5973 45.7048 59.748 29.2908 39.2287 25.5472 19.3892 
69.2956 83.90090000000001 67.0389 48.5712 0 27.7924 35.5106 68.8251 98.6249 35.6628 89.8024 53.735299999999995 72.6761 94.52499999999999 79.7105 37.0042 28.407 58.589299999999994 73.2375 90.8193 52.4491 79.2517 52.7886 86.3483 33.7073 83.7382 75.0311 60.8368 63.7787 70.8984 73.3549 47.3952 85.35249999999999 38.2726 77.6175 51.6516 43.5507 58.2149 80.0166 36.6349 25.9395 45.6249 70.4513 38.9003 71.4008 33.6541 59.0918 77.503 56.1538 62.8744 56.7164 
47.0903 84.85210000000001 41.8123 41.8433 27.7924 0 44.609 51.1028 76.2788 28.116899999999998 91.645 30.7968 73.747 82.494 68.8874 39.546 21.1505 51.8614 47.5101 91.2407 58.808299999999996 71.3118 27.562 62.6256 43.758399999999995 65.85759999999999 62.698 47.2377 55.2216 48.5383 51.3318 32.087199999999996 64.0264 25.374399999999998 59.9108 27.4728 30.652499999999996 60.9311 52.2884 29.703000000000003 35.8473 47.7669 48.072 40.9896 43.6162 40.9592 46.5845 70.7428 42.5065 63.9453 58.052499999999995 
56.0484 52.4854 67.17009999999999 39.5342 35.5106 44.609 0 84.9562 87.3204 59.04560000000001 58.737 46.418899999999994 37.7693 72.3163 58.3285 42.0537 23.4585 34.5856 72.0715 60.0724 67.99690000000001 54.0603 54.3425 80.2201 43.371700000000004 68.3024 91.11970000000001 39.8045 55.203599999999994 69.5889 66.3306 49.3878 74.5039 35.9134 92.1756 51.6911 33.6328 22.7043 86.4896 26.9068 36.5893 37.3267 74.8525 13.7424 80.1069 30.826 71.7852 51.793 37.2025 31.721600000000002 27.2506 
59.4162 116.8739 45.065999999999995 75.2102 68.8251 51.1028 84.9562 0 74.1945 40.7802 123.6729 52.9304 109.1362 98.4774 90.0468 43.749 61.4977 81.9544 42.137 122.1415 28.2163 95.8051 52.1657 58.7696 55.4114 76.0977 11.5952 73.255 68.0072 42.0551 58.9493 46.5514 67.4093 57.9206 8.808 41.937 63.1987 98.8132 26.8671 68.0916 78.6076 88.4154 38.3511 79.3987 19.587 83.99950000000001 49.107 96.7425 69.764 99.3345 93.1765 
32.3427 79.3261 37.4363 59.4065 98.6249 76.2788 87.3204 74.1945 0 86.2789 84.2265 48.2129 82.0154 44.306 43.0031 75.2345 73.2313 57.2527 33.129599999999996 80.9456 70.7198 59.9206 49.5737 16.003 79.4276 21.4506 74.7101 48.3253 40.9337 34.3719 31.507099999999998 53.369 44.201699999999995 65.2081 72.9276 48.9784 67.276 82.8897 49.4896 71.7106 89.6766 84.8192 45.3668 73.8945 55.1098 97.3752 65.2633 55.301 50.466699999999996 76.83930000000001 72.3381 
59.5519 101.8079 49.7661 58.896 35.6628 28.116899999999998 59.04560000000001 40.7802 86.2789 0 109.02810000000001 49.5493 90.4376 97.0864 85.4364 46.3776 38.0267 68.6904 54.5904 109.0707 42.869 87.7155 37.6106 71.1994 15.6739 79.0801 40.7265 63.5324 61.914 52.9332 63.5898 38.832499999999996 75.1748 32.206 43.3546 38.8297 37.484100000000005 77.421 52.3212 43.5105 51.179100000000005 63.906800000000004 46.1175 58.0557 46.667500000000004 54.909099999999995 36.0018 87.45270000000001 66.3829 80.8215 75.135 
68.7172 33.0887 87.8076 50.6995 89.8024 91.645 58.737 123.6729 84.2265 109.02810000000001 0 70.7425 21.0226 49.0749 41.4424 91.0353 71.3162 46.396499999999996 91.40650000000001 35.1756 109.68790000000001 44.2838 84.9767 87.2566 93.3542 63.5006 127.8181 52.4902 60.4069 89.68780000000001 74.4918 82.9668 75.5783 77.414 128.2557 81.82310000000001 74.0805 36.112899999999996 112.5114 67.0192 68.6032 51.6099 101.5327 54.265 110.94800000000001 72.4385 109.3956 39.6642 53.9499 30.8243 36.9823 
16.4161 63.9724 24.8423 22.3951 53.7353 30.7968 46.418899999999994 52.9304 48.2129 49.5493 70.7425 0 57.7411 51.6972 39.8607 38.5128 25.3283 29.1405 31.8599 69.2684 39.3097 44.6398 39.092600000000004 37.2997 33.8754 35.1834 57.143100000000004 20.4567 25.0071 29.5471 24.287399999999998 12.5887 35.4148 24.3412 60.1153 11.1323 19.0631 54.7775 45.191 33.8808 43.3471 47.893299999999996 36.0784 32.6765 41.2022 50.9907 38.8424 44.377 16.8336 47.9394 41.7843 
59.6041 43.1442 78.4471 35.3489 72.6761 73.74700000000001 37.7693 109.1362 82.0154 90.4376 21.0226 57.7411 0 51.048 44.4105 71.9366 52.596500000000006 30.4493 81.955 49.8203 93.4516 32.6455 71.8124 81.494 75.5584 60.5739 113.6707 40.9889 53.7469 80.2363 67.9547 68.6259 71.2661 60.4231 114.851 68.6127 56.699799999999996 15.0903 101.5373 48.1579 49.4131 36.0985 89.86930000000001 34.2004 98.2971 53.5818 94.6701 32.1126 42.468199999999996 9.8017 15.959700000000002 
39.4489 43.5358 57.580799999999996 48.286199999999994 94.52499999999999 82.494 72.3163 98.4774 44.306 97.0864 49.0749 51.6972 51.048 0 14.8145 80.5594 68.6412 40.4062 60.4937 46.207499999999996 88.6521 19.015 62.111 47.5448 84.7718 44.7418 100.8159 35.9694 35.1724 58.0111 39.7132 63.2348 35.2065 66.3878 100.2835 60.5149 67.4137 57.827 79.8105 60.8147 78.8052 66.8215 70.77289999999999 59.031200000000005 81.3725 85.86189999999999 86.1788 23.6346 40.6397 49.3237 47.5082 
34.3217 36.4881 50.2744 39.7881 79.7105 68.8874 58.3285 90.0468 43.0031 85.4364 41.4424 39.8607 44.4105 14.8145 0 67.402 54.3407 31.5706 52.5374 38.0102 78.8449 16.9175 51.9869 50.499 71.6041 46.0729 94.1346 36.2182 26.1134 51.2417 33.7353 52.1238 46.4299 53.2304 92.9553 49.2769 52.5992 44.3873 74.2425 46.0002 66.1075 56.9118 64.1142 47.9858 74.3876 73.8221 76.3452 12.2979 26.6898 36.4104 35.1374 
46.387 83.39150000000001 41.1759 40.3358 37.0042 39.546 42.0537 43.749 75.2345 46.3776 91.0353 38.5128 71.9366 80.5594 67.402 0 31.569499999999998 50.2124 46.8486 89.7488 26.6281 69.8142 34.0795 62.6092 32.5556 65.7321 49.7496 45.7514 45.8765 47.9937 50.2133 44.8284 62.8368 14.1716 51.796499999999995 49.442800000000005 19.4497 59.2934 58.396699999999996 24.3426 34.947 47.249700000000004 42.6674 39.6092 43.7191 40.2505 32.1759 68.7475 55.3464 62.1834 56.5967 
40.8886 64.4675 47.174 24.042099999999998 28.407 21.1505 23.4585 61.4977 73.2313 38.0267 71.3162 25.3283 52.596500000000006 68.6412 54.3407 31.569499999999998 0 33.8021 51.8288 71.3539 44.5384 55.0396 40.7256 62.597899999999996 32.8875 57.7011 67.66120000000001 32.6718 37.7418 52.5552 49.615700000000004 27.0806 59.8869 20.817700000000002 68.7249 31.695 23.148600000000002 40.4819 64.1887 8.5525 19.2637 27.0872 52.647999999999996 20.2638 58.9924 26.4962 48.3267 52.9488 29.0006 42.7948 37.4647 
31.0732 34.9195 48.2747 10.0181 58.589299999999994 51.8614 34.5856 81.9544 57.2527 68.6904 46.3965 29.1405 30.4493 40.4062 31.5706 50.2124 33.8021 0 52.9798 43.0471 68.4502 21.3912 44.9682 54.2953 53.9791 39.0584 86.2801 10.5396 39.6642 50.9354 49.4269 41.7292 46.120400000000004 36.558 88.13980000000001 40.2693 34.2032 25.637 72.78710000000001 26.3378 43.256400000000006 29.5442 61.2179 20.8432 70.3427 50.3728 67.6221 19.2727 36.0574 20.6476 26.805600000000002 
29.281 85.2142 25.9278 49.1203 73.2375 47.5101 72.0715 42.137 33.129599999999996 54.5904 91.40650000000001 31.8599 81.955 60.493700000000004 52.5374 46.8486 51.8288 52.9798 0 88.8761 39.1706 59.6042 20.4489 17.1266 50.5733 34.912 43.420500000000004 42.4402 31.1502 2.4826 30.668 30.519399999999997 27.8368 40.3568 42.586600000000004 27.0625 44.459599999999995 78.0129 21.7051 46.485299999999995 70.8163 72.25720000000001 13.1135 61.309 23.6735 78.2695 33.01 62.5229 41.469699999999996 73.3546 67.7024 
66.2735 30.2213 85.5334 52.3219 90.8193 91.2407 60.0724 122.1415 80.9456 109.0707 35.1756 69.2684 49.8203 46.207499999999996 38.0102 89.7488 71.3539 43.0471 88.8761 0 108.0332 29.9759 83.347 84.1149 93.3968 60.219699999999996 126.18889999999999 49.1408 58.1288 87.235 70.9878 81.5948 72.3834 78.85579999999999 126.7047 80.2183 75.1477 37.7514 110.1758 66.5906 69.8306 61.795100000000005 99.2546 52.6314 108.8144 77.54520000000001 107.9284 27.0798 52.4348 40.0186 34.3907 
51.6863 103.2821 45.3095 60.1035 52.4491 58.8083 67.99690000000001 28.2163 70.7198 42.869 109.68790000000001 39.3097 93.4516 88.6521 78.8449 26.6281 44.5384 68.4502 39.1706 108.0332 0 83.1874 47.5664 54.8954 27.1951 67.8411 23.1228 59.7058 54.8763 36.688 50.7232 26.7211 62.0422 40.7997 25.1684 31.3355 46.0778 85.0203 31.7686 50.9707 61.575100000000006 71.5636 27.0564 63.4165 22.0808 66.8786 46.9529 83.551 56.143299999999996 83.6499 77.5861 
38.4949 39.3295 57.3283 31.4093 79.2517 71.3118 54.0603 95.8051 59.92060000000001 87.7155 44.2838 44.6398 32.6455 19.015 16.9175 69.8142 55.0396 21.3912 59.6042 29.9759 83.1874 0 57.563500000000005 54.1431 74.0266 49.8634 99.0522 24.1831 29.9039 58.1476 41.0119 57.191500000000005 42.4075 55.6426 99.7751 55.7721 55.1485 39.3275 81.181 47.729 61.4363 48.3749 70.6934 41.701800000000006 80.862 69.15090000000001 81.94 4.6196 28.8053 30.3102 28.6868 
33.3435 78.241 14.2503 36.4709 52.7886 27.562 54.3425 52.1657 49.5737 37.6106 84.9767 39.092600000000004 71.8124 62.111 51.9869 34.0795 40.72560000000001 44.9682 20.4489 83.347 47.5664 57.563500000000005 0 35.6836 38.2919 42.9002 42.8419 34.4286 27.6596 22.5196 40.1408 32.226600000000005 37.5642 19.9079 43.3577 29.7293 25.186 63.0039 32.251 32.173100000000005 53.7293 55.7391 20.51 53.4076 36.042 58.893499999999996 29.3959 57.8087 51.223 62.0107 55.8601 
33.9721 81.8544 21.4333 55.101 86.3483 62.6256 80.2201 58.7696 16.003 71.1994 87.2566 37.2997 81.494 47.5448 50.499 62.6092 62.597899999999996 54.2953 17.1266 84.1149 54.8954 54.1431 35.6836 0 65.8258 24.6968 58.9296 43.7557 31.5874 18.3689 16.7637 39.7672 29.4583 52.2021 57.4136 35.1528 55.8849 79.3281 35.7937 55.7076 80.4962 78.4293 29.3638 68.3239 39.2666 88.1687 49.2603 57.4232 49.687 74.91669999999999 69.3746 
49.6373 86.5295 44.9028 44.0313 33.7073 43.7584 43.371700000000004 55.4114 79.4276 15.6739 93.3542 33.8754 75.55839999999999 84.7718 71.6041 32.5556 32.8875 53.9791 50.5733 93.3968 27.1951 74.0266 38.2919 65.8258 0 68.9364 50.3179 49.9734 54.2138 48.4521 54.5321 26.0586 67.2267 18.384 52.3635 30.673 23.662100000000002 62.4413 54.7026 27.8366 36.7914 48.5677 45.6449 49.0711 49.2759 40.1671 33.5185 73.2518 50.709 65.7567 59.5987 
28.5505 58.6806 34.8433 39.9812 83.7382 65.85759999999999 68.3024 76.0977 21.4506 79.0801 63.5006 35.1834 60.5739 44.7418 46.0729 65.7321 57.7011 39.0584 34.912 60.219699999999996 67.8411 49.8634 42.9002 24.6968 68.9364 0 78.0345 28.5188 19.9595 34.3734 41.460499999999996 46.5646 47.5492 51.5605 77.3194 44.2454 53.3296 61.6993 56.1537 56.3009 72.0178 65.1007 47.7763 54.5991 58.4337 79.5661 63.9636 51.3322 31.587 55.5478 50.8875 
62.91930000000001 121.08160000000001 47.8523 78.7011 75.0311 62.698 91.11970000000001 11.5952 74.7101 40.7265 127.8181 57.143100000000004 113.6707 100.8159 94.1346 49.7496 67.66120000000001 86.2801 43.420500000000004 126.18889999999999 23.1228 99.0522 42.8419 58.9296 50.3179 78.0345 0 77.2705 70.50150000000001 43.6765 61.2348 48.1018 68.5605 55.3769 14.030000000000001 46.0108 60.655 104.1313 27.027099999999997 67.3586 84.6966 93.93809999999999 30.3232 85.6704 19.747 90.0001 50.2197 100.2304 73.9384 104.14020000000001 97.9971 
36.8728 45.4591 39.816100000000006 20.5577 60.8368 47.2377 39.8045 73.255 48.3253 63.5324 52.4902 20.4567 40.9889 35.9694 36.2182 45.7514 32.6718 10.5396 42.4402 49.1408 59.7058 24.1831 34.4286 43.7557 49.9734 28.5188 77.2705 0 45.0385 40.3958 44.7441 33.0084 35.5808 31.5894 77.6002 31.589000000000002 36.8675 35.5727 64.14529999999999 36.8774 48.382000000000005 36.8685 53.8023 26.0848 61.6589 51.498 59.2991 23.9203 37.2903 31.1872 26.8379 
8.591 54.3512 27.4244 47.0004 63.7787 55.2216 55.203599999999994 68.0072 40.9337 61.914 60.4069 25.0071 53.7469 35.1724 26.1134 45.8765 37.7418 39.6642 31.1502 58.1288 54.8763 29.9039 27.6596 31.5874 54.2138 19.9595 70.50150000000001 45.0385 0 29.4315 33.4752 28.1552 27.5897 38.6482 69.8712 32.7696 33.3701 47.7561 52.8553 46.2943 55.1739 55.210300000000004 41.1258 46.9498 50.9581 60.2693 52.0361 31.3727 29.129799999999996 43.9452 37.7872 
27.5623 83.4987 24.1325 48.6912 70.8984 48.5383 69.5889 42.0551 34.3719 52.9332 89.68780000000001 29.5471 80.2363 58.0111 51.2417 47.9937 52.5552 50.9354 2.4826 87.235 36.688 58.1476 22.5196 18.3689 48.4521 34.3734 43.6765 40.3958 29.4315 0 28.1854 28.0368 25.3542 42.4159 42.949 24.5799 41.977 75.9685 24.187700000000003 44.0027 68.79129999999999 69.7746 13.4065 58.9962 24.0866 75.7926 33.303 60.2567 38.9871 71.4715 65.3135 
24.8842 68.94069999999999 29.3593 46.6825 73.35489999999999 51.3318 66.3306 58.9493 31.507099999999998 63.5898 74.4918 24.287399999999998 67.9547 39.7132 33.7353 50.2133 49.6157 49.4269 30.668000000000003 70.9878 50.7232 41.0119 40.1408 16.7637 54.5321 41.460499999999996 61.2348 44.7441 33.4752 28.1854 0 29.0426 12.6946 38.7125 60.5892 33.657 41.5659 67.1703 40.5729 50.9777 67.0875 61.7441 31.1055 56.408500000000004 41.6761 72.3674 46.4934 44.5965 36.7733 58.153 52.7394 
24.9652 76.5611 20.0934 33.3824 47.3952 32.087199999999996 49.3878 46.5514 53.369 38.832499999999996 82.9668 12.5887 68.6259 63.2348 52.1238 44.8284 27.0806 41.7292 30.5194 81.5948 26.7211 57.191500000000005 32.226600000000005 39.7672 26.0586 46.5646 48.1018 33.0084 28.1552 28.0368 29.0426 0 41.3497 36.929899999999996 49.211 4.6144 31.651799999999998 67.36619999999999 37.1081 34.0758 46.344300000000004 51.9832 25.5674 43.7155 39.4538 53.4795 28.7881 56.928700000000006 29.4223 58.8242 52.7361 
18.9987 70.4039 26.9553 56.13850000000001 85.35249999999999 64.0264 74.5039 67.4093 44.2017 75.1748 75.5783 35.4148 71.2661 35.2065 46.4299 62.8368 59.8869 46.120400000000004 27.8368 72.3834 62.0422 42.4075 37.5642 29.4583 67.2267 47.5492 68.5605 35.5808 27.5897 25.3542 12.6946 41.3497 0 51.3839 67.5456 36.7353 54.1025 71.15350000000001 45.8422 63.6491 76.5555 71.8114 38.7607 60.7615 49.440799999999996 84.2701 56.1375 47.0271 39.537499999999994 66.06139999999999 62.300700000000006 
32.8654 71.47749999999999 33.5393 28.5849 38.2726 25.374399999999998 35.9134 57.9206 65.2081 32.206 77.414 24.3412 60.4231 66.3878 53.2304 14.1716 20.817700000000002 36.558 40.3568 78.8558 40.7997 55.6426 19.9079 52.2021 18.384 51.5605 55.3769 31.5894 38.6482 42.4159 38.7125 36.9299 51.3839 0 56.8432 35.4735 5.2781 49.0167 51.0466 12.2652 34.1944 38.6375 40.4179 33.4997 47.086 39.0623 36.4203 55.372600000000006 41.174800000000005 50.6215 44.789699999999996 
62.048 121.5969 42.9721 79.5021 77.6175 59.910799999999995 92.1756 8.808 72.9276 43.3546 128.2557 60.1153 114.851 100.2835 92.9553 51.796499999999995 68.7249 88.13980000000001 42.586600000000004 126.7047 25.1684 99.77510000000001 43.3577 57.4136 52.3635 77.3194 14.030000000000001 77.6002 69.8712 42.949 60.5892 49.211 67.5456 56.8432 0 50.745 62.121300000000005 105.0526 23.6396 69.1084 86.3588 95.3771 29.5431 85.927 18.9131 92.047 46.380300000000005 100.3768 74.4537 105.0493 98.8913 
27.5484 75.0712 15.479 33.2732 51.6516 27.4728 51.6911 41.937 48.9784 38.8297 81.82310000000001 11.1323 68.6127 60.5149 49.2769 49.4428 31.695 40.2693 27.0625 80.2183 31.3355 55.7721 29.7293 35.1528 30.673 44.245400000000004 46.0108 31.589000000000002 32.7696 24.5799 33.657 4.6144 36.7353 35.4735 50.745 0 30.1954 65.0748 40.605 36.6456 50.9587 52.8759 27.5005 42.0848 38.1023 56.7352 27.7101 54.8055 27.928 58.811 52.662400000000005 
35.4792 67.0949 38.8174 24.2638 43.5507 30.652499999999996 33.6328 63.1987 67.276 37.484100000000005 74.0805 19.0631 56.699799999999996 67.4137 52.5992 19.4497 23.148600000000002 34.2032 44.459599999999995 75.1477 46.077799999999996 55.1485 25.186 55.8849 23.662100000000002 53.3296 60.655 36.8675 33.3701 41.977 41.5659 31.651799999999998 54.1025 5.2781 62.121300000000005 30.1954 0 54.2948 56.2662 17.543300000000002 28.9163 33.5296 45.696 34.5785 52.36410000000001 34.0661 41.69840000000001 52.9608 35.896699999999996 46.8981 40.757 
56.347100000000005 42.3598 71.0807 34.564499999999995 58.2149 60.9311 22.7043 98.8132 82.8897 77.421 36.112899999999996 54.7775 15.0903 57.827 44.3873 59.2934 40.4819 25.637 78.0129 37.7514 85.0203 39.3275 63.0039 79.3281 62.4413 61.6993 104.1313 35.5727 47.7561 75.9685 67.1703 67.3662 71.15350000000001 49.0167 105.0526 65.0748 54.2948 0 95.25489999999999 36.7727 48.6287 31.906 82.7285 33.416 91.75059999999999 52.7346 84.7803 34.8375 41.683800000000005 9.0173 15.1753 
45.3811 106.4023 29.1756 67.4643 80.0166 52.2884 86.4896 26.8671 49.4896 52.3212 112.5114 45.191 101.5373 79.8105 74.2425 58.396699999999996 64.1887 72.78710000000001 21.7051 110.1758 31.7686 81.181 32.251 35.7937 54.7026 56.1537 27.027099999999997 64.14529999999999 52.85530000000001 24.187700000000003 40.5729 37.1081 45.8422 51.0466 23.6396 40.605000000000004 56.2662 95.25489999999999 0 60.8468 83.0473 87.9888 18.1861 77.2271 21.795099999999998 90.1089 36.376599999999996 83.251 60.5314 92.6596 86.715 
44.7368 59.708999999999996 43.7009 16.3197 36.6349 29.703000000000003 26.9068 68.0916 71.7106 43.5105 67.0192 33.8808 48.1579 60.8147 46.0002 24.3426 8.5525 26.3378 46.485299999999995 66.5906 50.9707 47.729 32.173100000000005 55.7076 27.8366 56.3009 67.3586 36.8774 46.2943 44.0027 50.9777 34.0758 63.6491 12.2652 69.1084 36.6456 17.543300000000002 36.7727 60.8468 0 24.7886 27.2743 52.68310000000001 21.234499999999997 54.9779 32.4611 48.685500000000005 45.6105 37.5531 38.3563 32.524499999999996 
57.5568 64.8638 66.4377 39.3374 25.9395 35.8473 36.589299999999994 78.6076 89.6766 51.179100000000005 68.6032 43.3471 49.4131 78.8052 66.1075 34.947 19.2637 43.256400000000006 70.8163 69.8306 61.575100000000006 61.4363 53.7293 80.4962 36.7914 72.0178 84.6966 48.382000000000005 55.1739 68.79129999999999 67.0875 46.344300000000004 76.5555 34.1944 86.3588 50.95870000000001 28.9163 48.6287 83.0473 24.7886 0 28.543200000000002 71.9117 28.3421 75.8916 7.7146 66.2593 58.2927 46.067 39.6114 38.1419 
55.9409 55.0944 68.3549 25.4982 45.6249 47.7669 37.3267 88.4154 84.8192 63.906800000000004 51.6099 47.893299999999996 36.0985 66.8215 56.9118 47.249700000000004 27.0872 29.5442 72.25720000000001 61.795100000000005 71.5636 48.3749 55.7391 78.4293 48.5677 65.1007 93.93809999999999 36.8685 55.2103 69.7746 61.7441 51.9832 71.8114 38.6375 95.3771 52.8759 33.5296 31.906 87.9888 27.2743 28.543200000000002 0 76.2491 23.5843 82.2522 20.8286 74.922 44.6139 46.7399 26.2968 27.9099 
33.3183 95.0398 26.7402 55.616 70.4513 48.072 74.8525 38.3511 45.3668 46.1175 101.5327 36.0784 89.86930000000001 70.77289999999999 64.1142 42.6674 52.647999999999996 61.2179 13.1135 99.2546 27.0564 70.6934 20.51 29.3638 45.6449 47.7763 30.3232 53.8023 41.1258 13.4065 31.1055 25.5674 38.7607 40.4179 29.5431 27.5005 45.696000000000005 82.7285 18.1861 52.6831 71.9117 76.2491 0 65.3742 24.7518 79.0469 19.8965 72.4725 48.9958 80.9688 74.8108 
43.9989 45.4005 57.022 30.8613 38.9003 40.9896 13.7424 79.3987 73.8945 58.0557 54.265 32.6765 34.2004 59.031200000000005 47.9858 39.6092 20.2638 20.8432 61.309 52.6314 63.4165 41.701800000000006 53.4076 68.3239 49.0711 54.5991 85.6704 26.0848 46.9498 58.9962 56.408500000000004 43.7155 60.7615 33.4997 85.927 42.0848 34.5785 33.416000000000004 77.2271 21.234499999999997 28.3421 23.5843 65.3742 0 71.9163 36.0567 65.7898 38.602700000000006 23.4601 24.3987 18.2407 
44.2355 104.2782 35.741299999999995 63.5973 71.4008 43.6162 80.1069 19.587 55.1098 46.667500000000004 110.94800000000001 41.2022 98.2971 81.3725 74.3876 43.7191 58.9924 70.3427 23.6735 108.8144 22.0808 80.862 36.042 39.2666 49.2759 58.4337 19.747 61.6589 50.9581 24.0866 41.6761 39.4538 49.440799999999996 47.086 18.9131 38.1023 52.3641 91.75059999999999 21.795099999999998 54.9779 75.8916 82.2522 24.7518 71.9163 0 82.4079 36.6231 82.3193 58.035799999999995 89.0857 82.9277 
65.2714 72.5784 72.2142 45.7048 33.6541 40.9592 30.826 83.99950000000001 97.3752 54.909099999999995 72.4385 50.9907 53.5818 85.86189999999999 73.8221 40.2505 26.4962 50.3728 78.2695 77.54520000000001 66.8786 69.15090000000001 58.893499999999996 88.1687 40.1671 79.5661 90.0001 51.498 60.2693 75.7926 72.3674 53.4795 84.2701 39.0623 92.047 56.7352 34.0661 52.7346 90.1089 32.4611 7.7146 20.8286 79.0469 36.0567 82.4079 0 72.1622 64.5414 50.6633 43.7801 45.8565 
46.7299 102.5416 31.699399999999997 59.748 59.0918 46.5845 71.7852 49.107000000000006 65.2633 36.0018 109.3956 38.8424 94.6701 86.1788 76.3452 32.1759 48.3267 67.6221 33.01 107.9284 46.9529 81.94 29.3959 49.2603 33.5185 63.9636 50.2197 59.299099999999996 52.0361 33.303 46.4934 28.7881 56.1375 36.4203 46.380300000000005 27.7101 41.6984 84.7803 36.376599999999996 48.6855 66.2593 74.922 19.8965 65.7898 36.6231 72.1622 0 82.5156 55.6381 85.072 78.914 
39.6 34.709900000000005 58.7963 29.2908 77.503 70.7428 51.793 96.7425 55.301 87.45270000000001 39.6642 44.377 32.1126 23.6346 12.2979 68.7475 52.9488 19.2727 62.52290000000001 27.0798 83.551 4.6196 57.8087 57.4232 73.2518 51.3322 100.2304 23.9203 31.3727 60.2567 44.5965 56.928700000000006 47.0271 55.372600000000006 100.3768 54.8055 52.9608 34.8375 83.251 45.6105 58.2927 44.6139 72.4725 38.6027 82.3193 64.5414 82.5156 0 29.3251 25.8202 24.5424 
20.5388 47.1432 36.9727 39.2287 56.1538 42.5065 37.2025 69.764 50.466699999999996 66.3829 53.9499 16.8336 42.468199999999996 40.6397 26.6898 55.346399999999996 29.0006 36.0574 41.469699999999996 52.4348 56.143299999999996 28.8053 51.223 49.687 50.709 31.587 73.9384 37.2903 29.129799999999996 38.9871 36.7733 29.4223 39.537499999999994 41.1748 74.4537 27.928 35.896699999999996 41.6838 60.5314 37.5531 46.06700000000001 46.7399 48.9958 23.4601 58.035799999999995 50.6633 55.6381 29.3251 0 32.6665 26.5254 
51.7183 33.3425 68.6454 25.5472 62.8744 63.9453 31.721600000000002 99.3345 76.83930000000001 80.8215 30.8243 47.9394 9.8017 49.3237 36.4104 62.1834 42.7948 20.6476 73.3546 40.0186 83.6499 30.3102 62.0107 74.91669999999999 65.7567 55.5478 104.14020000000001 31.1872 43.9452 71.4715 58.153 58.8242 66.06139999999999 50.6215 105.0493 58.811 46.8981 9.0173 92.6596 38.3563 39.6114 26.2968 80.9688 24.3987 89.0857 43.7801 85.072 25.8202 32.6665 0 6.158 
46.3782 27.1845 62.4874 19.3892 56.7164 58.052499999999995 27.2506 93.1765 72.3381 75.135 36.9823 41.7843 15.959700000000002 47.5082 35.1374 56.5967 37.4647 26.805600000000002 67.7024 34.3907 77.5861 28.6868 55.8601 69.3746 59.5987 50.8875 97.9971 26.8379 37.7872 65.3135 52.7394 52.7361 62.300700000000006 44.789699999999996 98.8913 52.662400000000005 40.757 15.1753 86.715 32.524499999999996 38.1419 27.9099 74.8108 18.2407 82.9277 45.8565 78.914 24.5424 26.5254 6.158 0 
