28
Warringwood Chippingwood Ketterwold Milditch Basfield Warrerbage Durblechester Ellingey Eggerrensling Hannerworth Pendrenslake Elfield Warblesdown Soddenreey Skelcastle Cannerrebeck Cammenenwich Reddenwell Suddlebrough Reddentree Elmsbrook Chilcompcester Shrivden Rockhead Bootworth Ribney Wetley Cleresmith
0 301.0 802.0 1802.0 2403.0 2904.0 3904.0 4505.0 5006.0 6006.0 6607.0 7108.0 8108.0 8709.0 9210.0 10210.0 10811.0 11312.0 12312.0 12913.0 13414.0 14414.0 15115.0 15516.0 16516.0 17217.0 17218.0 100.0 
301.0 0 701.0 1701.0 2302.0 2803.0 3803.0 4404.0 4905.0 5905.0 6506.0 7007.0 8007.0 8608.0 9109.0 10109.0 10710.0 11211.0 12211.0 12812.0 13313.0 14313.0 15014.0 15415.0 16415.0 17116.0 17117.0 201.0 
802.0 701.0 0 1000.0 1601.0 2102.0 3102.0 3703.0 4204.0 5204.0 5805.0 6306.0 7306.0 7907.0 8408.0 9408.0 10009.0 10510.0 11510.0 12111.0 12612.0 13612.0 14313.0 14714.0 15714.0 16415.0 16416.0 702.0 
1802.0 1701.0 1000.0 0 601.0 1102.0 2102.0 2703.0 3204.0 4204.0 4805.0 5306.0 6306.0 6907.0 7408.0 8408.0 9009.0 9510.0 10510.0 11111.0 11612.0 12612.0 13313.0 13714.0 14714.0 15415.0 15416.0 1702.0 
2403.0 2302.0 1601.0 601.0 0 601.0 1601.0 2202.0 2703.0 3703.0 4304.0 4805.0 5805.0 6406.0 6907.0 7907.0 8508.0 9009.0 10009.0 10610.0 11111.0 12111.0 12812.0 13213.0 14213.0 14914.0 14915.0 2303.0 
2904.0 2803.0 2102.0 1102.0 601.0 0 1000.0 1601.0 2102.0 3102.0 3703.0 4204.0 5204.0 5805.0 6306.0 7306.0 7907.0 8408.0 9408.0 10009.0 10510.0 11510.0 12211.0 12612.0 13612.0 14313.0 14314.0 2804.0 
3904.0 3803.0 3102.0 2102.0 1601.0 1000.0 0 601.0 1102.0 2102.0 2703.0 3204.0 4204.0 4805.0 5306.0 6306.0 6907.0 7408.0 8408.0 9009.0 9510.0 10510.0 11211.0 11612.0 12612.0 13313.0 13314.0 3804.0 
4505.0 4404.0 3703.0 2703.0 2202.0 1601.0 601.0 0 601.0 1601.0 2202.0 2703.0 3703.0 4304.0 4805.0 5805.0 6406.0 6907.0 7907.0 8508.0 9009.0 10009.0 10710.0 11111.0 12111.0 12812.0 12813.0 4405.0 
5006.0 4905.0 4204.0 3204.0 2703.0 2102.0 1102.0 601.0 0 1000.0 1601.0 2102.0 3102.0 3703.0 4204.0 5204.0 5805.0 6306.0 7306.0 7907.0 8408.0 9408.0 10109.0 10510.0 11510.0 12211.0 12212.0 4906.0 
6006.0 5905.0 5204.0 4204.0 3703.0 3102.0 2102.0 1601.0 1000.0 0 601.0 1102.0 2102.0 2703.0 3204.0 4204.0 4805.0 5306.0 6306.0 6907.0 7408.0 8408.0 9109.0 9510.0 10510.0 11211.0 11212.0 5906.0 
6607.0 6506.0 5805.0 4805.0 4304.0 3703.0 2703.0 2202.0 1601.0 601.0 0 701.0 1701.0 2302.0 2803.0 3803.0 4404.0 4905.0 5905.0 6506.0 7007.0 8007.0 8708.0 9109.0 10109.0 10810.0 10811.0 6507.0 
7108.0 7007.0 6306.0 5306.0 4805.0 4204.0 3204.0 2703.0 2102.0 1102.0 701.0 0 1000.0 1601.0 2102.0 3102.0 3703.0 4204.0 5204.0 5805.0 6306.0 7306.0 8007.0 8408.0 9408.0 10109.0 10110.0 7008.0 
8108.0 8007.0 7306.0 6306.0 5805.0 5204.0 4204.0 3703.0 3102.0 2102.0 1701.0 1000.0 0 601.0 1102.0 2102.0 2703.0 3204.0 4204.0 4805.0 5306.0 6306.0 7007.0 7408.0 8408.0 9109.0 9110.0 8008.0 
8709.0 8608.0 7907.0 6907.0 6406.0 5805.0 4805.0 4304.0 3703.0 2703.0 2302.0 1601.0 601.0 0 701.0 1701.0 2302.0 2803.0 3803.0 4404.0 4905.0 5905.0 6606.0 7007.0 8007.0 8708.0 8709.0 8609.0 
9210.0 9109.0 8408.0 7408.0 6907.0 6306.0 5306.0 4805.0 4204.0 3204.0 2803.0 2102.0 1102.0 701.0 0 1000.0 1601.0 2102.0 3102.0 3703.0 4204.0 5204.0 5905.0 6306.0 7306.0 8007.0 8008.0 9110.0 
10210.0 10109.0 9408.0 8408.0 7907.0 7306.0 6306.0 5805.0 5204.0 4204.0 3803.0 3102.0 2102.0 1701.0 1000.0 0 601.0 1102.0 2102.0 2703.0 3204.0 4204.0 4905.0 5306.0 6306.0 7007.0 7008.0 10110.0 
10811.0 10710.0 10009.0 9009.0 8508.0 7907.0 6907.0 6406.0 5805.0 4805.0 4404.0 3703.0 2703.0 2302.0 1601.0 601.0 0 601.0 1601.0 2202.0 2703.0 3703.0 4404.0 4805.0 5805.0 6506.0 6507.0 10711.0 
11312.0 11211.0 10510.0 9510.0 9009.0 8408.0 7408.0 6907.0 6306.0 5306.0 4905.0 4204.0 3204.0 2803.0 2102.0 1102.0 601.0 0 1000.0 1601.0 2102.0 3102.0 3803.0 4204.0 5204.0 5905.0 5906.0 11212.0 
12312.0 12211.0 11510.0 10510.0 10009.0 9408.0 8408.0 7907.0 7306.0 6306.0 5905.0 5204.0 4204.0 3803.0 3102.0 2102.0 1601.0 1000.0 0 601.0 1102.0 2102.0 2803.0 3204.0 4204.0 4905.0 4906.0 12212.0 
12913.0 12812.0 12111.0 11111.0 10610.0 10009.0 9009.0 8508.0 7907.0 6907.0 6506.0 5805.0 4805.0 4404.0 3703.0 2703.0 2202.0 1601.0 601.0 0 601.0 1601.0 2302.0 2703.0 3703.0 4404.0 4405.0 12813.0 
13414.0 13313.0 12612.0 11612.0 11111.0 10510.0 9510.0 9009.0 8408.0 7408.0 7007.0 6306.0 5306.0 4905.0 4204.0 3204.0 2703.0 2102.0 1102.0 601.0 0 1000.0 1701.0 2102.0 3102.0 3803.0 3804.0 13314.0 
14414.0 14313.0 13612.0 12612.0 12111.0 11510.0 10510.0 10009.0 9408.0 8408.0 8007.0 7306.0 6306.0 5905.0 5204.0 4204.0 3703.0 3102.0 2102.0 1601.0 1000.0 0 701.0 1102.0 2102.0 2803.0 2804.0 14314.0 
15115.0 15014.0 14313.0 13313.0 12812.0 12211.0 11211.0 10710.0 10109.0 9109.0 8708.0 8007.0 7007.0 6606.0 5905.0 4905.0 4404.0 3803.0 2803.0 2302.0 1701.0 701.0 0 601.0 1601.0 2302.0 2303.0 15015.0 
15516.0 15415.0 14714.0 13714.0 13213.0 12612.0 11612.0 11111.0 10510.0 9510.0 9109.0 8408.0 7408.0 7007.0 6306.0 5306.0 4805.0 4204.0 3204.0 2703.0 2102.0 1102.0 601.0 0 1000.0 1701.0 1702.0 15416.0 
16516.0 16415.0 15714.0 14714.0 14213.0 13612.0 12612.0 12111.0 11510.0 10510.0 10109.0 9408.0 8408.0 8007.0 7306.0 6306.0 5805.0 5204.0 4204.0 3703.0 3102.0 2102.0 1601.0 1000.0 0 701.0 702.0 16416.0 
17217.0 17116.0 16415.0 15415.0 14914.0 14313.0 13313.0 12812.0 12211.0 11211.0 10810.0 10109.0 9109.0 8708.0 8007.0 7007.0 6506.0 5905.0 4905.0 4404.0 3803.0 2803.0 2302.0 1701.0 701.0 0 201.0 17117.0 
17218.0 17117.0 16416.0 15416.0 14915.0 14314.0 13314.0 12813.0 12212.0 11212.0 10811.0 10110.0 9110.0 8709.0 8008.0 7008.0 6507.0 5906.0 4906.0 4405.0 3804.0 2804.0 2303.0 1702.0 702.0 201.0 0 17118.0 
100.0 201.0 702.0 1702.0 2303.0 2804.0 3804.0 4405.0 4906.0 5906.0 6507.0 7008.0 8008.0 8609.0 9110.0 10110.0 10711.0 11212.0 12212.0 12813.0 13314.0 14314.0 15015.0 15416.0 16416.0 17117.0 17118.0 0 
