26
Hamperrehampton Wolvencester Sundlechester Chipsted Ciley Candlesdon Leatherblesley Chilringfield Chipfield Camswich Camhampton Rotmerby Sunderborough Rocklow Melshot Warrewick Enderton Shaftthorne Cammercastle Sodderrenshead Prestbourne Boothenrensborough Sudbage Cimansbrough Hartberbury Hamsbourne
0 1374.12664 724.30291 978.1802700000001 989.53644 1619.48387 782.29941 1175.9244899999999 159.29983 1488.18489 1361.91562 1122.58403 916.31457 1500.03043 3163.65649 880.5160900000001 1156.38105 1169.1953800000001 654.94009 1326.2043199999998 506.23724 1513.43164 1638.9470099999999 879.9684500000001 2176.85675 638.17476 
1374.12664 0 1932.80917 1743.0559199999998 1351.1886 1981.13603 761.1289499999999 1537.57665 1533.4264699999999 1467.01443 1532.24464 1484.2361899999999 1277.9667299999999 1861.68259 3142.4860299999996 1507.9341 1135.21059 1530.84754 2029.06673 1305.03386 867.8893999999999 1875.0837999999999 2000.59917 1267.5760999999998 2347.18577 2012.3013999999998 
724.3029099999999 1932.80917 0 1383.8835199999999 1597.1893200000002 2061.0396299999998 1340.98194 1783.57737 565.00308 2046.86742 1311.85737 1730.23691 1523.96745 1090.51424 3365.7579499999997 893.07204 1708.89142 915.9854799999999 1060.64334 1884.8868499999999 1113.89012 1954.9874 1385.73711 1285.6716999999999 2126.7985 86.12815 
978.1802700000001 1743.0559199999998 1383.88352 0 1741.28834 1191.9652 981.92697 1657.50508 818.88044 1687.81245 1004.87938 1841.77552 1668.06647 1776.92946 2615.12077 1540.0967 607.84533 1400.75127 1314.5207 1525.83188 1257.98914 1085.91297 2001.78469 1339.58657 1819.82051 1297.75537 
989.5364400000001 1351.1886 1597.18932 1741.2883399999998 0 1596.54583 759.36137 463.76177 1148.83627 1465.24685 1396.01942 279.49133 73.22187 1387.96122 2619.5811 1123.3439 1133.44301 1146.25734 1644.47653 1192.2027699999999 483.29920000000004 1490.4936 1616.00897 882.9859 2210.9605500000002 1627.7112 
1619.48387 1981.1360300000001 2061.03963 1191.9652 1596.5458300000003 0 1389.3088 1374.49057 1496.03655 1627.0815 1671.79831 1558.76101 1523.3239600000002 1360.40132 3501.31825 1753.29133 1494.0428100000001 1563.8487300000002 1991.67681 1750.5485899999999 1113.24663 106.05223 2164.8821500000004 775.36793 2486.73944 1974.91148 
782.29941 761.1289499999999 1340.9819400000001 981.9269700000001 759.36137 1389.3088 0 945.7494199999999 941.59924 705.88548 771.11569 892.40896 686.1395 1269.85536 2381.3570799999998 916.1068700000001 374.08164 939.02031 1437.2395000000001 543.90491 276.06217 1283.25657 1408.77194 675.74887 1586.05682 1420.47417 
1175.9244899999999 1537.57665 1783.57737 1657.50508 463.76176999999996 1374.49057 945.7494199999999 0 1335.2243199999998 1651.6349 1401.06882 184.27044 390.5399 924.19945 2155.81933 1309.7319499999999 1049.65975 1112.16988 1830.86458 728.441 669.68725 1268.43834 1713.2033 1069.37395 2216.00995 1814.0992499999998 
159.29983 1533.4264699999999 565.00308 818.88044 1148.83627 1496.03655 941.5992399999999 1335.2243199999998 0 1572.38219 1202.6157899999998 1210.08669 1075.6144 1494.19137 3322.95632 721.21626 1315.68088 1163.35632 495.64026 1485.5041499999998 665.53707 1389.98432 1633.10795 720.66862 2017.55692 478.87493 
1488.18489 1467.01443 2046.86742 1687.81245 1465.24685 1627.0815 705.88548 1651.6349 1572.38219 0 1477.00117 1598.29444 1392.02498 1642.70969 3087.24256 1621.99235 1079.96712 1644.90579 2068.02245 1249.7903900000001 981.94765 1521.02927 2114.65742 851.71357 2291.9423 2051.25712 
1361.9156199999998 1532.24464 1311.85737 1004.87938 1396.01942 1671.7983100000001 771.11569 1401.06882 1202.6157899999998 1477.00117 0 1216.79838 1322.79755 1191.76044 2404.3094899999996 838.0119500000001 397.03405 395.87189 1698.25605 1315.0205999999998 912.7202199999999 1565.7460800000001 996.90531 958.23838 814.94113 1397.98552 
1122.58403 1484.23619 1730.23691 1841.77552 279.49133 1558.76101 892.40896 184.27044 1210.08669 1598.2944400000001 1216.79838 0 206.26946 1108.46989 2340.08977 1256.39149 1233.93019 1279.30493 1705.7269500000002 912.71144 616.34679 1452.70878 1749.05656 965.70928 2031.7395099999999 1688.96162 
916.31457 1277.96673 1523.96745 1668.06647 73.22187 1523.3239600000002 686.1395 390.5399 1075.6144 1392.0249800000001 1322.79755 206.26946 0 1314.73935 2546.35923 1050.12203 1060.22114 1073.03547 1571.25466 1118.9809 410.07733 1417.2717300000002 1542.7871 809.76403 2137.73868 1554.4893299999999 
1500.03043 1861.68259 1090.51424 1776.9294599999998 1387.96122 1360.40132 1269.85536 924.19945 1494.19137 1642.70969 1191.76044 1108.4698899999999 1314.7393499999998 0 2275.2437099999997 772.9751100000001 1169.08413 795.88855 1989.8316300000001 1652.6404499999999 993.7931900000001 1254.34909 1265.6401799999999 814.49534 2006.7015700000002 1176.64239 
3163.65649 3142.48603 3365.7579499999993 2615.12077 2619.5810999999994 3501.31825 2381.3570799999998 2155.81933 3322.95632 3087.2425599999997 2404.3094899999996 2340.0897699999996 2546.3592299999996 2275.2437099999997 0 3048.21882 2007.27544 2800.1813799999995 3818.59658 2884.26033 2657.41925 3395.26602 3401.2147999999997 3057.1059499999997 3219.25062 3451.8860999999993 
880.5160900000001 1507.9341 893.07204 1540.0967 1123.3439 1753.29133 916.10687 1309.7319499999999 721.21626 1621.99235 838.0119500000001 1256.39149 1050.12203 772.9751100000001 3048.21882 0 1235.046 442.14006 1216.85652 1460.0117799999998 640.0447 1647.2391 911.8916899999999 1039.7314 1652.9530800000002 979.20019 
1156.38105 1135.21059 1708.89142 607.84533 1133.44301 1494.0428100000001 374.08164 1049.65975 1315.68088 1079.96712 397.03405 1233.93019 1060.2211399999999 1169.08413 2007.27544 1235.046 0 792.90594 1811.32114 917.98655 650.1438099999999 1387.9905800000001 1393.9393599999999 1049.8305099999998 1211.97518 1794.5558099999998 
1169.19538 1530.8475399999998 915.9854799999999 1400.75127 1146.25734 1563.8487300000002 939.0203099999999 1112.16988 1163.35632 1644.9057899999998 395.87189 1279.30493 1073.03547 795.88855 2800.18138 442.14006 792.90594 0 1658.99658 1189.3035 662.95814 1457.7965000000002 601.03342 1062.64484 1210.81302 1002.11363 
654.94009 2029.06673 1060.64334 1314.5207 1644.4765300000001 1991.6768100000002 1437.2395 1830.86458 495.64026 2068.02245 1698.25605 1705.72695 1571.25466 1989.8316300000001 3818.59658 1216.85652 1811.32114 1658.99658 0 1981.1444099999999 1161.17733 1885.6245800000002 2128.7482099999997 1216.30888 2513.19718 974.5151900000001 
1326.2043199999998 1305.03386 1884.8868499999999 1525.83188 1192.20277 1750.54859 543.90491 728.441 1485.5041499999998 1249.7903900000001 1315.0205999999998 912.71144 1118.9809 1652.64045 2884.26033 1460.0117799999998 917.98655 1189.3035 1981.1444099999999 0 819.9670799999999 1644.49636 1790.33692 1219.6537799999999 2129.96173 1964.3790799999997 
506.23724 867.8893999999999 1113.89012 1257.98914 483.29920000000004 1113.24663 276.06217 669.68725 665.53707 981.9476500000001 912.7202199999999 616.34679 410.07733 993.7931900000001 2657.41925 640.0447 650.14381 662.95814 1161.17733 819.9670799999999 0 1007.1944000000001 1132.70977 399.6867 1727.6613499999999 1144.412 
1513.43164 1875.0837999999999 1954.9874 1085.91297 1490.4936000000002 106.05223 1283.25657 1268.43834 1389.98432 1521.02927 1565.74608 1452.70878 1417.2717300000002 1254.34909 3395.26602 1647.2391 1387.9905800000001 1457.7965 1885.6245800000002 1644.4963599999999 1007.1944000000001 0 2058.82992 669.3157 2380.68721 1868.85925 
1638.9470099999999 2000.59917 1385.73711 2001.7846899999997 1616.00897 2164.8821499999995 1408.7719399999999 1713.2032999999997 1633.10795 2114.65742 996.90531 1749.05656 1542.7871 1265.6401799999999 3401.2147999999997 911.8916899999999 1393.9393599999999 601.03342 2128.74821 1790.3369199999997 1132.70977 2058.8299199999997 0 1532.39647 1811.84644 1471.86526 
879.9684500000001 1267.5760999999998 1285.6717 1339.58657 882.9859 775.36793 675.7488699999999 1069.37395 720.66862 851.71357 958.23838 965.70928 809.76403 814.49534 3057.1059499999997 1039.7314 1049.8305099999998 1062.64484 1216.30888 1219.6537799999999 399.6867 669.3157 1532.39647 0 1773.17951 1199.54355 
2176.85675 2347.1857699999996 2126.7985 1819.8205099999998 2210.96055 2486.73944 1586.0568199999998 2216.00995 2017.55692 2291.9422999999997 814.94113 2031.73951 2137.73868 2006.7015700000002 3219.25062 1652.95308 1211.97518 1210.81302 2513.19718 2129.96173 1727.66135 2380.68721 1811.84644 1773.17951 0 2212.92665 
638.17476 2012.3013999999998 86.12815 1297.75537 1627.7112000000002 1974.91148 1420.47417 1814.09925 478.87493 2051.25712 1397.98552 1688.96162 1554.48933 1176.64239 3451.8861 979.20019 1794.5558099999998 1002.11363 974.5151900000001 1964.37908 1144.412 1868.85925 1471.86526 1199.54355 2212.92665 0 
