26
location1 location2 location3 location4 location5 location6 location7 location8 location9 location10 location11 location12 location13 location14 location15 location16 location17 location18 location19 location20 location21 location22 location23 location24 location25 location0
0 75.0 55.0 85.0 96.0 42.0 27.0 59.0 95.0 78.0 98.0 75.0 128.0 67.0 54.0 100.0 86.0 29.0 134.0 53.0 28.0 87.0 88.0 122.0 85.0 120.0 
75.0 0 79.0 91.0 101.0 33.0 100.0 65.0 78.0 69.0 96.0 38.0 53.0 78.0 73.0 119.0 101.0 84.0 140.0 101.0 96.0 40.0 53.0 87.0 91.0 47.0 
55.0 79.0 0 97.0 108.0 97.0 28.0 71.0 77.0 119.0 81.0 75.0 107.0 112.0 55.0 80.0 87.0 74.0 146.0 65.0 40.0 39.0 106.0 108.0 47.0 126.0 
85.0 91.0 97.0 0 63.0 66.0 108.0 26.0 121.0 30.0 86.0 53.0 103.0 57.0 81.0 85.0 49.0 95.0 49.0 82.0 57.0 89.0 100.0 113.0 52.0 117.0 
96.0 101.0 108.0 63.0 0 118.0 81.0 37.0 71.0 93.0 97.0 64.0 114.0 98.0 108.0 81.0 112.0 104.0 112.0 93.0 68.0 85.0 76.0 110.0 63.0 54.0 
42.0 33.0 97.0 66.0 118.0 0 69.0 92.0 111.0 36.0 94.0 71.0 86.0 63.0 79.0 142.0 68.0 71.0 115.0 95.0 70.0 73.0 86.0 97.0 118.0 80.0 
27.0 100.0 28.0 108.0 81.0 69.0 0 86.0 68.0 91.0 109.0 92.0 134.0 91.0 27.0 92.0 59.0 46.0 157.0 80.0 55.0 60.0 78.0 112.0 75.0 100.0 
59.0 65.0 71.0 26.0 37.0 92.0 86.0 0 95.0 56.0 60.0 27.0 77.0 83.0 96.0 59.0 75.0 73.0 75.0 56.0 31.0 63.0 77.0 111.0 26.0 91.0 
95.0 78.0 77.0 121.0 71.0 111.0 68.0 95.0 0 105.0 103.0 74.0 100.0 91.0 41.0 102.0 73.0 94.0 170.0 80.0 105.0 38.0 99.0 107.0 69.0 106.0 
78.0 69.0 119.0 30.0 93.0 36.0 91.0 56.0 105.0 0 58.0 83.0 101.0 27.0 64.0 115.0 32.0 107.0 79.0 112.0 87.0 97.0 122.0 133.0 82.0 116.0 
98.0 96.0 81.0 86.0 97.0 94.0 109.0 60.0 103.0 58.0 0 87.0 43.0 31.0 95.0 67.0 63.0 127.0 135.0 114.0 91.0 111.0 99.0 133.0 34.0 143.0 
75.0 38.0 75.0 53.0 64.0 71.0 92.0 27.0 74.0 83.0 87.0 0 58.0 110.0 69.0 86.0 101.0 46.0 102.0 83.0 58.0 36.0 58.0 92.0 53.0 85.0 
128.0 53.0 107.0 103.0 114.0 86.0 134.0 77.0 100.0 101.0 43.0 58.0 0 74.0 116.0 110.0 106.0 104.0 152.0 104.0 108.0 83.0 56.0 90.0 77.0 100.0 
67.0 78.0 112.0 57.0 98.0 63.0 91.0 83.0 91.0 27.0 31.0 110.0 74.0 0 64.0 98.0 32.0 96.0 106.0 107.0 95.0 97.0 126.0 160.0 65.0 125.0 
54.0 73.0 55.0 81.0 108.0 79.0 27.0 96.0 41.0 64.0 95.0 69.0 116.0 64.0 0 119.0 32.0 73.0 130.0 107.0 82.0 33.0 93.0 102.0 102.0 73.0 
100.0 119.0 80.0 85.0 81.0 142.0 92.0 59.0 102.0 115.0 67.0 86.0 110.0 98.0 119.0 0 130.0 115.0 134.0 47.0 72.0 110.0 95.0 129.0 33.0 135.0 
86.0 101.0 87.0 49.0 112.0 68.0 59.0 75.0 73.0 32.0 63.0 101.0 106.0 32.0 32.0 130.0 0 105.0 98.0 131.0 106.0 65.0 125.0 134.0 97.0 105.0 
29.0 84.0 74.0 95.0 104.0 71.0 46.0 73.0 94.0 107.0 127.0 46.0 104.0 96.0 73.0 115.0 105.0 0 144.0 82.0 57.0 82.0 59.0 93.0 99.0 91.0 
134.0 140.0 146.0 49.0 112.0 115.0 157.0 75.0 170.0 79.0 135.0 102.0 152.0 106.0 130.0 134.0 98.0 144.0 0 131.0 106.0 138.0 149.0 162.0 101.0 166.0 
53.0 101.0 65.0 82.0 93.0 95.0 80.0 56.0 80.0 112.0 114.0 83.0 104.0 107.0 107.0 47.0 131.0 82.0 131.0 0 25.0 104.0 48.0 82.0 80.0 120.0 
28.0 96.0 40.0 57.0 68.0 70.0 55.0 31.0 105.0 87.0 91.0 58.0 108.0 95.0 82.0 72.0 106.0 57.0 106.0 25.0 0 79.0 73.0 107.0 57.0 122.0 
87.0 40.0 39.0 89.0 85.0 73.0 60.0 63.0 38.0 97.0 111.0 36.0 83.0 97.0 33.0 110.0 65.0 82.0 138.0 104.0 79.0 0 83.0 69.0 77.0 87.0 
88.0 53.0 106.0 100.0 76.0 86.0 78.0 77.0 99.0 122.0 99.0 58.0 56.0 126.0 93.0 95.0 125.0 59.0 149.0 48.0 73.0 83.0 0 34.0 103.0 72.0 
122.0 87.0 108.0 113.0 110.0 97.0 112.0 111.0 107.0 133.0 133.0 92.0 90.0 160.0 102.0 129.0 134.0 93.0 162.0 82.0 107.0 69.0 34.0 0 137.0 106.0 
85.0 91.0 47.0 52.0 63.0 118.0 75.0 26.0 69.0 82.0 34.0 53.0 77.0 65.0 102.0 33.0 97.0 99.0 101.0 80.0 57.0 77.0 103.0 137.0 0 117.0 
120.0 47.0 126.0 117.0 54.0 80.0 100.0 91.0 106.0 116.0 143.0 85.0 100.0 125.0 73.0 135.0 105.0 91.0 166.0 120.0 122.0 87.0 72.0 106.0 117.0 0 
