51
Midland Victorville Shreveport Washington Independence OklahomaCity Sunnyvale Newark GardenGrove LexingtonFa Scottsdale Pomona Carrollton Lafayette Worcester Bellevue StLouis Fayetteville Stamford Alexandria Paterson Boston SiouxFalls Waco NewportNews Visalia StPetersburg Henderson Brownsville Omaha Beaumont LosAngeles Huntsville Concord PembrokePines Hartford LouisvilleJefferson RanchoCucamonga Ontario LongBeach Austin WestValleyCity Yonkers Stockton Indianapolis Allentown Wichita Orlando Garland Surprise SantaClarita
0 468063023.94062996 283027038.36671 1648323316.69491 847862680.39004 1354361311.9084702 1831986506.0658298 1261373170.21697 692953017.1977099 1100166514.25474 1122417770.42456 773765144.18863 605321154.28291 1473526450.7807999 1307468438.06491 1076821439.86271 1305112201.1448 926751566.67028 1222677480.08462 1222626602.0994499 1542546763.8663602 1071552787.7529099 971524255.31412 1381742320.56814 264174658.7125 1777086697.79491 1262353246.8182101 1576231470.26612 1503072736.7773001 933998006.78238 240341566.32422 1389223426.9021502 188033157.17507 754678359.38349 819359708.1992899 1184382336.49099 1360963877.17111 1547150202.54113 938479955.7135999 1356318249.93188 722570411.31572 1769996340.2088602 446744213.80509996 704569902.10797 761508892.0441799 797599122.57337 749037180.83926 1444492155.7922602 1288058208.35112 1897616734.6183798 584090300.09909 
468063023.94062996 0 279280312.05473 1656045755.9503002 1172219608.6226 1448041466.90938 1533056445.66507 1376149340.27933 224889993.25708 699844853.8791499 1237193940.48692 888541314.25099 515705323.93611 1588302620.84316 1422244608.12727 1191597609.92507 976646838.32634 1041527736.73264 809514496.34796 1337402772.16181 1214081401.0479 1111228510.55073 1284833903.10581 1042234668.9690499 524215723.57238996 1448621334.97645 1365548463.79514 1264518743.4871 1509034234.83324 1048774176.84474 482243244.88242996 1458241483.70209 424715806.0834 286615335.44286 642060473.5649 1256762930.14433 1345018727.50878 1608381452.7105 1053256125.77596 1088958207.88572 738849770.44847 1773811927.59642 688645892.36331 819346072.17033 831425221.04526 912375292.63573 863813350.90162 1442834074.91374 1419451490.57391 1654068642.6153998 624020650.87196 
283027038.36671 279280312.05473 0 1825861208.30805 1130889718.75675 1492440878.79231 1804406507.8509002 1438911061.83011 504170305.31181 979125165.9338801 1299955662.0377002 951303035.80177 562723491.13651 1651064342.39394 1485006329.67805 1254359331.47585 1247996900.5121698 1104289458.28342 1088794808.40269 1400164493.71259 1485431463.2337298 1249090679.36605 1254551293.68083 1321514981.02378 334895781.63079 1719971397.16228 1385847170.99222 1535868805.6729298 1626566660.95131 1111535898.39552 292157930.31448 1527302993.78599 145435494.02867 565895647.4975901 921340785.6196301 1361920228.10413 1538501768.78425 1713499297.95674 1116017847.32674 1368238519.94045 900108302.92886 1947534231.822 503609906.78938997 882107793.7211101 939046783.65732 975137014.1865101 872531105.01327 1570530371.31128 1482213212.12469 1933348954.67013 671038818.07236 
1648323316.69491 1656045755.9503002 1825861208.3080502 0 1361406926.51982 648113800.23148 800300519.4911599 743073286.45064 1715799381.2898998 1195640097.23122 1133386186.22663 934232068.49154 1424984050.61087 735911937.58868 1022640478.78373 986856506.33311 1340349005.92567 1216142488.64221 1533348999.5047 943855301.32967 1635010164.0164301 621115830.28261 1279181844.51937 961793810.76913 1753962087.48691 804975432.3039299 609205987.41227 899890543.98912 531532880.88114 714325309.91253 1711625438.4905 613251685.2378 1680425714.27938 1369430420.50744 1208394970.05928 594455333.40958 550466223.60159 145711976.23861 754188662.32192 677583930.45931 1111605673.17571 121673023.51395 1598271295.71593 1009711865.29097 1019030222.57892 894718283.73837 984041202.65765 580661985.29711 1037916618.7904199 469971038.56668997 1533299377.5467198 
847862680.39004 1172219608.6226 1130889718.75675 1361406926.51982 0 752657040.4516201 1886682483.78441 623080329.23613 1397109601.8796802 1253186852.56757 288010868.83414 993237687.29476 1168846226.7337499 769085630.97384 475463873.87889004 379297109.35366 1733806614.244 175646918.61148 1902496274.54359 489628081.73366004 1981267380.12977 1106504343.5812101 123661574.92408 1820462936.8315501 892698678.1890501 1831839047.3927398 761342005.30759 1902809232.15064 913688412.55017 898773582.07849 935436529.5053601 778670913.07768 1035895837.5651101 1276605633.4781199 1228391492.29338 1239078314.20957 1325713927.26191 1220441639.44816 973431511.5419 1403926092.1019 1131602195.40981 1483079950.03377 718123087.0372701 992301933.8556399 1079651402.0151699 958426022.01483 708428751.97924 888207140.68783 440195527.96108 1729520862.68335 1060979936.94097 
1354361311.9084702 1448041466.90938 1492440878.79231 648113800.23148 752657040.4516201 0 1289265609.36528 136713827.15718 1556937931.98332 1037612375.80459 578420868.1024 789247719.79646 1266122601.30429 175814555.28274 399041364.81971 380497047.03965 1474401080.4715502 632551527.29257 1631708177.18043 314199528.85425 1560645558.5219698 766266122.98088 631068044.28789 1220173205.63972 1454319497.12702 1256760911.57824 106593707.80009 1263947496.40362 168714624.25381 563536201.44153 1417663433.70406 34862114.99368 1386463709.49294 1458328472.4021301 1127110771.01161 747024558.3403001 670138289.95199 502415043.27375 633193290.94157 926251554.60198 1033416541.22173 768020729.99095 1279743905.97524 850850415.98439 940841090.62494 722327087.90424 619909773.77904 136174370.7092 426390661.30867004 1067262736.44157 1166948939.91298 
1831986506.06583 1533056445.66507 1804406507.8509 800300519.4911599 1886682483.78441 1289265609.36528 0 1343451995.20523 1541988646.0121498 1047055572.1793699 1700787515.7746599 1101308015.38468 1372931561.8670797 1460452662.95814 1646338930.3059 1587235215.0877 1061528391.95357 1783543818.19024 1228582131.6020699 1563210368.37512 1298962954.67513 793138589.16844 1850534067.0349898 1138158511.37691 1938026479.17773 84435110.68862 1206772606.25104 565757348.2803199 1284707641.17937 987908901.70592 1895288627.8614202 1299465626.15799 1768913360.71205 1246441110.22221 1158812665.2976499 647604169.57484 876797465.5347099 894894223.19369 913250972.24251 835046832.73135 1206300685.95902 762845398.0787699 1881454515.47634 1162910711.57261 1113725235.3622298 1034387383.49246 1223310948.9047499 1284058217.3696399 1671411514.37537 369601974.09266 1481246888.8029296 
1261373170.21697 1376149340.27933 1438911061.83011 743073286.4506401 623080329.23613 136713827.15718 1343451995.20523 0 1601039333.53641 1091798761.64454 462186154.82027006 903465212.06621 1337827068.73248 238358189.13132 304600209.13535 243783219.88247 1547958138.43892 498367105.48613 1715011878.08742 219758373.16989 1614831944.3619199 902979950.1380601 635010085.25169 1356887032.7969 1338221614.20994 1355049159.94975 138261676.07146 1319118075.17076 304653548.49464 700250028.5987101 1324675292.01256 171575942.15086 1293475567.80144 1480535365.13485 1171540482.3645499 783918197.85151 724324675.79194 597361310.21203 769907118.0987501 971360861.00802 1074751185.48098 862966996.9292301 1163646023.05816 935450923.92681 1022800392.08634 836544580.17399 651577742.05041 270935654.55237 327959519.17014 1128131611.2133799 1264909668.5977 
692953017.19771 224889993.25708 504170305.31181 1715799381.2898998 1397109601.8796802 1556937931.98332 1541988646.01215 1601039333.5364099 0 754110455.7154601 1350146459.7273397 781567312.79836 290815330.67903 1732752487.2660599 1603784819.4150999 1416487603.18215 985579038.67342 1266417729.9897199 657233344.38808 1562292765.4188898 1094655868.09739 1165494112.3870401 1509723896.36289 1051912763.32096 749105716.82947 1457553535.32353 1503276763.85428 1273450943.8341799 1667738572.16508 1015003817.90492 707133238.13951 1591800046.977 649605799.3404801 414563327.67239 586990664.07233 1221394057.9967 1399284329.34509 1643800225.95906 1089661747.36833 1143223809.72203 683779960.9559 1828077529.43273 913535885.6203899 706087515.99893 776355411.5526899 834610844.07908 989960697.87533 1601538412.24558 1639053165.3329098 1708334244.45171 399130657.61487997 
1100166514.25474 699844853.8791499 979125165.9338799 1195640097.23122 1253186852.5675702 1037612375.8045901 1047055572.17937 1091798761.64454 754110455.7154601 0 1243870984.33999 496641635.40374 566207021.15974 1208799429.39745 1268668675.9291701 1036857511.7028301 490645964.84063995 1300659575.9319701 657699704.48914 1183826839.96371 728080527.5622001 678661108.98452 1171981218.71857 567276084.2639799 1206206487.36664 962620461.4907501 955119372.69035 778517870.0014 1098605143.72845 743955241.1218 1163468636.0503302 1047812392.5973 983495018.26758 439716569.51487 307755139.91635 824195528.57812 645173873.62963 1197952361.60571 811733941.0238299 656390806.31951 377596102.93902004 1073967073.71727 1132740841.87508 491626788.3686 402486342.12887 563562267.29596 544758100.58833 1032404983.8089501 1296017972.4181302 1185151422.26616 674522348.09559 
1122417770.42456 1237193940.4869199 1299955662.0377 1133386186.22663 288010868.83414 578420868.1024 1700787515.77466 462186154.82027 1350146459.72734 1243870984.33999 0 747229348.93625 1059331129.04831 657643624.94541 403432013.55727994 240706605.79964 1538522471.8834898 266446517.55168 1705576211.5319898 384871375.79501 1775957034.6050498 1090184860.7006302 240855722.32398 1586260799.42989 1059725674.5257701 1645944079.38299 595126952.58941 1688837784.09587 746503040.05709 882454099.1979101 1102463525.84208 611485540.5846 1154520168.0090299 1306205977.8232002 1059249961.43435 1053183346.19982 1094044384.71705 1001261004.5875201 957112028.6613201 1213126924.20853 962460664.55078 1255059209.74058 885150083.37399 822709145.73568 869885213.9539901 702061125.3720701 732806016.91414 714595238.8116 438700359.47508997 1497851320.13849 1125954268.80529 
773765144.18863 888541314.25099 951303035.80177 934232068.49154 993237687.2947599 789247719.79646 1101308015.38468 903465212.06621 781567312.79836 496641635.40374 747229348.93625 0 490751982.11933 965062275.0792 1000867708.62401 776908346.43002 791293122.94724 829985651.35183 958346862.59574 923877674.6909 1028727685.6688 455044367.22077996 912032053.44576 839031450.49364 879805117.3005301 1046464578.99301 766785823.11202 1079165028.1079998 906007953.82601 247313605.71806 837067265.98422 824109834.79014 805867541.7731 669080752.60567 354835218.92034 453703845.80984 682897141.7697101 867822254.15766 321971535.18147 641146508.9663501 258045922.03677 1055905092.00549 823233153.5991399 75479796.79943 165470471.43998 66920631.89222 284808935.31552 840491750.89315 1036068807.1453199 1166938243.9372299 599067309.05518 
605321154.28291 515705323.93611 562723491.13651 1424984050.61087 1168846226.73375 1266122601.3042898 1372931561.8670802 1337827068.73248 290815330.67903 566207021.15974 1059331129.04831 490751982.11933 0 1441937156.58703 1312969488.7360702 1133381165.70213 816521954.52835 1038154354.84379 733976377.6952701 1280350493.96301 1053956517.24991 931919248.7286099 1232155059.4797301 893152073.95169 661473853.91467 1288496451.1784601 1212461433.17525 1104393859.6891098 1387146475.65795 724188487.2258899 619501375.22471 1300984716.2979698 417287997.10784 246874848.77489 466188150.55432 930578727.3176699 1159772023.27754 1352984895.2800298 798846416.6893 955320375.1663101 562977447.4378899 1546657074.12482 741424599.30238 415272185.3199 505262859.96045 543795513.4000499 699145367.1963 1320946315.7384498 1348237834.6538801 1520430809.89599 108315326.93585 
1473526450.7807999 1588302620.84316 1651064342.39394 735911937.58868 769085630.9738401 175814555.28274 1460452662.95814 238358189.13132 1732752487.2660599 1208799429.39745 657643624.94541 965062275.0792 1441937156.58703 0 364299385.20564 416937019.14577 1650215635.75429 678061294.67231 1807522732.46317 279457549.24018 1731832612.1148298 942080678.26362 757941233.4409401 1395987760.92246 1550712730.3253598 1432575466.86098 282408263.08283 1436118742.92367 205400763.17779 739350756.72427 1536828572.5763898 210676670.27642 1505628848.36527 1634143027.68487 1298297824.60447 918211611.9331601 841325343.54485 592739540.97327 809007846.22431 1097438608.19484 1209231096.50447 857584961.10263 1376137139.17358 1026664971.26713 1116655645.90768 898141643.18698 795724329.06178 231731593.1416 391648681.6946 1195564973.64597 1342763495.1957202 
1307468438.06491 1422244608.12727 1485006329.67805 1022640478.78373 475463873.87889004 399041364.81971 1646338930.3059 304600209.13535 1603784819.4151 1268668675.9291701 403432013.55727994 1000867708.62401 1312969488.7360702 364299385.20564 0 231811164.22634 1749288437.6055999 416255825.60657 1926368380.4183102 84841835.96546 1917718879.46259 916257679.59372 563325520.1662201 1619214570.45943 1313364034.2135298 1654552832.37049 442861885.20681 1622005010.27143 515739797.70372 962577566.26124 1356101885.5298398 431503781.94206 1339570835.64938 1526630632.98279 1243873315.65498 1061792099.18732 1027211610.8926101 876928502.54512 1032234655.7612801 1249234762.34383 1147084018.77141 1142534189.26232 1138788443.06175 1007783757.21724 1095133225.37677 955699485.0598301 723910575.34084 534133221.71229 35268345.91781 1431018546.31405 1311004936.44564 
1076821439.86271 1191597609.92507 1254359331.47585 986856506.3331101 379297109.35366 380497047.03965 1587235215.0877 243783219.88247 1416487603.1821501 1036857511.7028301 240706605.79964 776908346.43002 1133381165.70213 416937019.14577 231811164.22634 0 1517477273.37926 263802064.22913998 1694557216.19197 146969328.26088 1764938039.2650301 927870281.7895 430564182.22134 1600670252.67937 1133775711.17959 1598832379.83222 382044895.95393 1562901295.05323 548436768.37711 761815303.85962 1140123561.6583 415359162.03333 1108923837.44718 1295983634.78059 1012062151.4286399 1027701417.7339801 968107895.6744101 841144530.0945001 836473233.32303 1215144080.89049 915272854.5450699 1106750216.8117 959200120.0278101 775972592.9909 863322061.15043 742096681.15009 492099411.1145 514718874.43484 259160460.7153 1371914831.09585 1080357938.2434402 
1305112201.1448 976646838.32634 1247996900.5121698 1340349005.92567 1733806614.244 1474401080.47155 1061528391.95357 1547958138.43892 985579038.6734201 490645964.84063995 1538522471.8834898 791293122.94724 816521954.52835 1650215635.75429 1749288437.6056 1517477273.37926 0 1621278774.29907 672172524.26334 1664446601.64014 742553347.3364 847428274.45337 1652600980.395 581748904.03818 1411455882.54107 977093281.26495 1411278749.48473 792990689.7756 1554764520.52283 914496394.3659 1368718031.22476 1499621697.31322 1212503753.3733199 690031502.88348 602403057.95892 907434333.99207 1044581997.79203 1418436389.07737 841207789.5299801 719991670.83556 667108955.2567 1427661082.59691 1362682698.81271 763314322.02302 673712010.2244099 858213754.83946 1025377862.26476 1488564360.60333 1776637734.0945601 1252726783.97349 924837281.4642 
926751566.67028 1041527736.73264 1104289458.28342 1216142488.64221 175646918.61148 632551527.29257 1783543818.19024 498367105.48613 1266417729.98972 1300659575.9319701 266446517.55168 829985651.35183 1038154354.84379 678061294.67231 416255825.60657 263802064.22913998 1621278774.2990701 0 1771804402.65363 410771392.49002 1858713337.0206301 1172941163.11621 299308493.53556 1669017101.8454702 1032791539.7821801 1728700381.7985702 636628781.55759 1769849638.27514 801266151.54638 965210401.61349 990053688.46587 667413642.28625 958853964.25475 1145913761.58816 1142006263.84993 1135939648.6154 1175056238.89632 1082272858.7667902 1039868331.0769 1295883226.62411 1045216966.96636 1337815512.15616 893770005.6487501 905465448.15126 952641516.36957 784817427.78765 755901475.34364 768725898.00177 451524171.52438 1578863174.31776 930288065.05101 
1222677480.08462 809514496.34796 1088794808.40269 1533348999.5047 1902496274.54359 1631708177.18043 1228582131.60207 1715011878.08742 657233344.38808 657699704.48914 1705576211.5319898 958346862.59574 733976377.6952701 1807522732.46317 1926368380.4183102 1694557216.19197 672172524.26334 1771804402.65363 0 1841526544.45285 788048612.05893 1014482014.10187 1829680923.20771 748802643.68668 1326190928.69216 1144147020.91345 1578332489.13323 960044429.4240999 1721818260.17133 1081550134.0144 1284218450.0022 1666570292.17411 1151264374.8031101 654044735.30893 769456797.60742 1074488073.6405702 1211635737.44053 1539427248.98511 1008261529.17848 887045410.48406 834162694.9052 1594714822.24541 1475074647.11222 930368061.67152 840765749.87291 1025267494.48796 1202457805.07747 1655618100.2518299 1953717676.9072702 1419780523.62199 841516337.60262 
1222626602.09945 1337402772.16181 1400164493.71259 943855301.32967 489628081.73366004 314199528.85425 1563210368.37512 219758373.16989 1562292765.41889 1183826839.96371 384871375.79501 923877674.6909001 1280350493.96301 279457549.24018 84841835.96546 146969328.26088 1664446601.64014 410771392.49002 1841526544.45285 0 1834590317.5318098 831415843.62826 478483684.20076 1534372734.49397 1280745039.44047 1569710996.40503 358020049.24135 1538876448.34065 481679445.44909 877735730.29578 1285928723.89504 346661945.9766 1254728999.68392 1441788797.01733 1159031479.6895201 976950263.22186 944083048.9618299 798143325.0910599 947392819.79582 1164392926.37837 1062242182.80595 1063749011.80826 1106169448.28869 922941921.25178 1010291389.41131 889066009.4109701 639068739.37538 449291385.74683 112191132.45442 1347889984.3832698 1226163100.48018 
1542546763.8663602 1214081401.0479 1485431463.2337298 1635010164.0164301 1981267380.1297703 1560645558.5219698 1298962954.6751301 1614831944.3619199 1094655868.09739 728080527.5622001 1775957034.6050498 1028727685.6688 1053956517.24991 1731832612.1148298 1917718879.4625897 1764938039.2650301 742553347.3364 1858713337.02063 788048612.05893 1834590317.5318098 0 1084862837.17493 1900061746.28077 819183466.75974 1648890445.26263 1214527843.98651 1478152555.4077299 1030425252.49716 1621638326.4458299 1151930957.08746 1606152593.94632 1570845575.3146799 1449938316.09488 927466065.60504 839837620.68048 1144868896.7136302 1282016560.51359 1567037655.58828 1078642352.2515402 957426233.5571201 904543517.97826 1665095645.31847 1664826892.14014 1000748884.74458 911146572.94597 1095648317.56102 1272838628.15053 1555438166.5263298 1942791463.53206 1490161346.69505 1162271844.18576 
1071552787.7529099 1111228510.55073 1249090679.36605 621115830.28261 1106504343.5812101 766266122.98088 793138589.16844 902979950.1380601 1165494112.38704 678661108.98452 1090184860.70063 455044367.22078 931919248.72861 942080678.26362 916257679.59372 927870281.7895 847428274.45337 1172941163.11621 1014482014.10187 831415843.62826 1084862837.17493 0 1062993988.8052399 924058393.8767099 1177592760.86481 738295152.77677 791190941.3736501 809265337.5346701 863597578.77752 207730761.50272 1134854909.5485 801128237.97456 1103655185.33738 851100226.18645 719138796.58793 145534419.5936 374727715.55347 766827806.5212201 133072832.03931 332977082.75011003 699213188.64605 742788853.79656 1103528629.10171 516647063.40871 606637738.04926 388123735.32856 435770870.675 798081375.84466 943606976.08268 858768817.72099 1040234575.6644601 
971524255.31412 1284833903.10581 1254551293.68083 1279181844.51937 123661574.92408 631068044.28789 1850534067.0349898 635010085.25169 1509723896.36289 1171981218.71857 240855722.32398 912032053.44576 1232155059.4797301 757941233.44094 563325520.16622 430564182.22134 1652600980.395 299308493.53556 1829680923.20771 478483684.20076 1900061746.28077 1062993988.8052399 0 1739257302.9825501 1016360253.11313 1795690630.64332 737661752.0879799 1865659931.04645 799782668.5416999 896939010.87536 1059098104.42944 665930159.28157 1159557412.48919 1389219927.96133 1147185858.44438 1202929897.46015 1270866531.66763 1133483087.56164 971596940.33877 1385950854.6399503 1050396561.56081 1399088774.27884 841784661.9613501 911096300.00664 998445768.1661699 874885055.80349 627223118.13024 767242414.99709 563857102.88516 1674673467.0890698 1173594231.42418 
1381742320.56814 1042234668.9690499 1321514981.0237799 961793810.76913 1820462936.8315501 1220173205.63972 1138158511.37691 1356887032.7969 1051912763.32096 567276084.2639799 1586260799.4298897 839031450.49364 893152073.95169 1395987760.92246 1619214570.45943 1600670252.67937 581748904.03818 1669017101.8454697 748802643.68668 1534372734.49397 819183466.75974 924058393.8767099 1739257302.98255 0 1488086001.9644098 1053723400.68829 1326766913.43981 869620809.1989399 1387665596.66097 991126513.78924 1445348150.6481 1255035320.6334 1289133872.79666 766661622.3068199 650144955.00625 984064453.4154099 1121212117.21537 997852178.67529 917837908.95332 796621790.2588999 719985918.02892 1083466834.28308 1475130656.9649801 834016603.4585 744876157.21877 905952082.38586 1112034184.85231 1356347576.3489199 1646563866.94839 1329356903.3968298 1001467400.88754 
264174658.7125 524215723.57238996 334895781.63079 1753962087.48691 892698678.18905 1454319497.12702 1938026479.17773 1338221614.20994 749105716.8294699 1206206487.3666399 1059725674.5257701 879805117.30053 661473853.91467 1550712730.3253598 1313364034.21353 1133775711.17959 1411455882.54107 1032791539.7821801 1326190928.6921601 1280745039.44047 1648890445.26263 1177592760.86481 1016360253.11313 1488086001.9644098 0 1883183042.7860599 1368393219.93011 1682271443.37802 1581793007.27038 1040037979.89428 42737851.31631 1487520999.97427 244185856.80683 810831059.01525 925399681.3111899 1290422309.60289 1467003850.28301 1608250111.2483 1044519928.8255 1462358223.0437799 828610384.4276199 1873855797.9655 502896913.43685997 810609875.2198701 867548865.15608 903639095.6852701 855077153.95116 1515592847.35088 1332894206.15013 2003656707.73028 690130273.21099 
1777086697.79491 1448621334.97645 1719971397.16228 804975432.3039299 1831839047.39274 1256760911.57824 84435110.68862 1355049159.94975 1457553535.32353 962620461.4907501 1645944079.38299 1046464578.99301 1288496451.1784601 1432575466.86098 1654552832.37049 1598832379.83222 977093281.26495 1728700381.79857 1144147020.91345 1569710996.40503 1214527843.98651 738295152.77677 1795690630.64332 1053723400.68829 1883183042.7860599 0 1218369770.99556 570432261.0930899 1284027664.11313 933065465.31425 1840445191.46975 1291623026.57192 1684478250.0234299 1162005999.53359 1074377554.60903 592760733.18317 821954029.14304 894214246.12745 858407535.85084 780203396.33968 1139083451.90681 847280508.76739 1826611079.08467 1108067275.18094 1058881798.97056 979543947.10079 1168467512.5130801 1295655382.1141598 1681902128.85945 454037084.78128004 1396811778.11431 
1262353246.8182101 1365548463.79514 1385847170.99222 609205987.41227 761342005.30759 106593707.80009 1206772606.25104 138261676.07146 1503276763.85428 955119372.69035 595126952.5894101 766785823.11202 1212461433.17525 282408263.08283 442861885.20681 382044895.95393 1411278749.48473 636628781.55759 1578332489.13323 358020049.24135 1478152555.4077299 791190941.3736501 737661752.0879799 1326766913.43981 1368393219.93011 1218369770.99556 0 1182438686.21657 240719489.95909 670129909.24162 1325655368.6138 141455822.79377002 1294455644.40268 1388723944.41513 1033278806.29309 645656521.78005 587645286.83775 463494011.17366 702876603.1855401 833099184.93656 936489509.40952 729099697.89086 1181073824.40566 797189247.85535 884538716.01488 699865191.2198 513316065.97895 184683200.31906 466221195.24160004 991452222.25919 1184345653.9024 
1576231470.26612 1264518743.4871 1535868805.6729298 899890543.98912 1902809232.15064 1263947496.40362 565757348.2803199 1319118075.17076 1273450943.8341799 778517870.0014 1688837784.09587 1079165028.1079998 1104393859.6891098 1436118742.92367 1622005010.27143 1562901295.0532298 792990689.7756 1769849638.27514 960044429.4240999 1538876448.3406498 1030425252.49716 809265337.5346701 1865659931.04645 869620809.1989399 1682271443.3780198 570432261.0930899 1182438686.21657 0 1325924457.2546701 1004035650.0721501 1639533592.06171 1275131706.12352 1500375658.53408 977903408.0442399 890274963.1196799 663730917.9410701 892924213.9009401 970635023.2534001 929377720.6087401 851173581.0975801 954980860.41746 1020487015.05985 1625699479.67663 1051186227.18378 961583915.38517 1050514131.85869 1239437697.2709801 1259724297.33517 1647077594.3409 627243591.07374 1212709186.6249597 
1503072736.7773 1509034234.83324 1626566660.9513102 531532880.88114 913688412.55017 168714624.25381 1284707641.17937 304653548.49464 1667738572.16508 1098605143.72845 746503040.05709 906007953.82601 1387146475.65795 205400763.17779 515739797.70372 548436768.37711 1554764520.52283 801266151.5463799 1721818260.17133 481679445.44909 1621638326.4458299 863597578.77752 799782668.5416999 1387665596.66097 1581793007.27038 1284027664.11313 240719489.95909 1325924457.2546701 0 732250825.6953399 1539055155.95407 135017499.47249 1531989716.20751 1538321713.2433202 1188103538.93547 808017326.26416 731131057.87585 389813417.98568 730524746.73821 987244322.52584 1154440415.57539 653205904.39509 1407698651.71584 971874290.33805 1061864964.9786 843350962.2579 754035555.93804 66200584.26396 551008143.6215299 992638850.65838 1327831424.9405 
933998006.78238 1048774176.84474 1111535898.39552 714325309.91253 898773582.07849 563536201.44153 987908901.70592 700250028.5987101 1015003817.9049199 743955241.1218 882454099.1979101 247313605.71806 724188487.2258899 739350756.72427 962577566.26124 761815303.85962 914496394.3659 965210401.6134901 1081550134.0144 877735730.29578 1151930957.08746 207730761.50272 896939010.87536 991126513.78924 1040037979.8942801 933065465.31425 670129909.24162 1004035650.0721501 732250825.6953399 0 997300128.57797 598398316.43521 966100404.36685 916394358.32373 588271724.0269 340304732.13108003 497141850.92092 737816577.34164 74657929.46341 505152510.02341 491482427.14333004 835998333.4264799 937473651.1718299 308916301.90599 398906976.54654 180392973.82584 269715892.74512 699710572.15073 989926862.7501999 1037119399.55745 832503814.16174 
240341566.32422 482243244.88242996 292157930.31448 1711625438.4905 935436529.50536 1417663433.70406 1895288627.8614202 1324675292.0125601 707133238.1395099 1163468636.05033 1102463525.8420799 837067265.98422 619501375.22471 1536828572.57639 1356101885.52984 1140123561.6583 1368718031.22476 990053688.46587 1284218450.0022001 1285928723.89504 1606152593.94632 1134854909.5485 1059098104.42944 1445348150.6481 42737851.31631 1840445191.46975 1325655368.6138 1639533592.06171 1539055155.95407 997300128.57797 0 1452525548.69774 202213378.11687 768858580.32529 882661829.99488 1247684458.28658 1424265998.9667 1610452324.33672 1001782077.50919 1419620371.72747 785872533.11131 1833298462.00445 460924434.74689996 767872023.90356 824811013.8397701 860901244.36896 812339302.63485 1472854996.03457 1367977442.30714 1960918856.41397 647392421.89468 
1389223426.90215 1458241483.70209 1527302993.7859902 613251685.2378 778670913.07768 34862114.99368 1299465626.15799 171575942.15086 1591800046.977 1047812392.5973 611485540.5846 824109834.79014 1300984716.29797 210676670.27642 431503781.94206 415359162.03333 1499621697.31322 667413642.28625 1666570292.17411 346661945.9766 1570845575.3146799 801128237.97456 665930159.28157 1255035320.6334 1487520999.9742699 1291623026.57192 141455822.79377002 1275131706.12352 135017499.47249 598398316.43521 1452525548.69774 0 1421325824.48662 1487528962.1121702 1137310787.8043199 757224575.13301 680338306.7447 467552928.28007 668055405.93525 936451571.39469 1068278656.21541 733158614.99727 1312945408.82249 885712530.97807 975703205.61862 757189202.89792 654771888.7727201 109536227.61015 458853078.43102 1068497813.77704 1201811054.90666 
188033157.17507 424715806.0834 145435494.02867 1680425714.2793798 1035895837.56511 1386463709.49294 1768913360.71205 1293475567.80144 649605799.34048 983495018.26758 1154520168.00903 805867541.7731 417287997.10784 1505628848.36527 1339570835.64938 1108923837.44718 1212503753.3733199 958853964.25475 1151264374.8031101 1254728999.68392 1449938316.09488 1103655185.33738 1159557412.4891899 1289133872.79666 244185856.80683 1684478250.0234299 1294455644.40268 1500375658.53408 1531989716.20751 966100404.36685 202213378.11687 1421325824.48662 0 664162845.8827299 851462105.78376 1216484734.07546 1393066274.75558 1579252600.1255999 970582353.29807 1372608372.27415 754672808.90019 1802098737.79333 408616025.59775 736672299.69244 793611289.62865 829701520.15784 781139578.42373 1465789556.28801 1336777718.09602 1929719132.2028499 525603324.04368997 
754678359.3834901 286615335.44286 565895647.4975901 1369430420.50744 1276605633.47812 1458328472.4021301 1246441110.2222102 1480535365.13485 414563327.67239 439716569.51487 1306205977.8231997 669080752.60567 246874848.77489 1634143027.6848702 1526630632.98279 1295983634.78059 690031502.88348 1145913761.58816 654044735.3089299 1441788797.01733 927466065.6050401 851100226.18645 1389219927.96133 766661622.3068199 810831059.0152501 1162005999.53359 1388723944.4151301 977903408.04424 1538321713.24332 916394358.32373 768858580.3252901 1487528962.11217 664162845.88273 0 355445138.12204 996634645.78005 1084890443.1445 1321839848.9066 984173058.22576 828829923.52144 452234435.00561 1491103444.0213902 849184006.04675 634800560.24295 544809885.6024 736001384.49789 875407878.43618 1472121553.3238199 1523837515.42943 1393940358.2511199 355190175.71074 
819359708.19929 642060473.5648999 921340785.6196299 1208394970.05928 1228391492.29338 1127110771.01161 1158812665.29765 1171540482.36455 586990664.07233 307755139.91635 1059249961.4343501 354835218.92034 466188150.55432 1298297824.60447 1243873315.65498 1012062151.42864 602403057.95892 1142006263.84993 769456797.60742 1159031479.68952 839837620.68048 719138796.58793 1147185858.44438 650144955.00625 925399681.31119 1074377554.60903 1033278806.2930901 890274963.1196799 1188103538.93547 588271724.0269 882661829.99488 1137310787.8043199 851462105.7837601 355445138.12204 0 655485813.26775 884679109.22762 1120643249.81359 662929653.4903101 696868493.92292 96789296.88357 1313472309.31526 868827717.6098 279355422.12091 189364747.48036 407878750.20106 519962740.31414 1121903379.01597 1271222612.14394 1261978928.6525998 572661751.84166 
1184382336.49099 1256762930.14433 1361920228.10413 594455333.40958 1239078314.20957 747024558.3403001 647604169.57484 783918197.85151 1221394057.9967 824195528.57812 1053183346.1998202 453703845.80984 930578727.31767 918211611.9331601 1061792099.18732 1027701417.7339801 907434333.99207 1135939648.6154 1074488073.64057 976950263.22186 1144868896.71363 145534419.5936 1202929897.46015 984064453.4154099 1290422309.60289 592760733.18317 645656521.78005 663730917.9410701 808017326.26416 340304732.13108003 1247684458.28658 757224575.13301 1216484734.07546 996634645.78005 655485813.2677499 0 229193295.95987 740167309.64819 265646802.66767 187442663.15651 558696516.38418 657986496.04751 1233850345.9015 515306541.99777 466121065.78739 386783213.91762 575706779.32991 741817166.34466 1089141395.67628 713234398.1273899 1038894054.25352 
1360963877.17111 1345018727.50878 1538501768.78425 550466223.60159 1325713927.26191 670138289.95199 876797465.5347099 724324675.79194 1399284329.34509 645173873.62963 1094044384.71705 682897141.7697101 1159772023.27754 841325343.54485 1027211610.8926101 968107895.67441 1044581997.7920301 1175056238.89632 1211635737.44053 944083048.9618299 1282016560.51359 374727715.55347 1270866531.66763 1121212117.2153702 1467003850.28301 821954029.14304 587645286.83775 892924213.9009401 731131057.87585 497141850.92092 1424265998.9667 680338306.7447 1393066274.75558 1084890443.1445 884679109.2276199 229193295.95987 0 694398886.80484 422483921.45751 324590326.95647 787889812.3440499 428793200.08764 1410431886.58162 744499837.95764 695314361.74726 615976509.87749 766857743.66604 664930897.95635 1052284194.96208 539977548.6365299 1268087350.2133899 
1547150202.54113 1608381452.7105 1713499297.95674 145711976.23861 1220441639.4481602 502415043.27375 894894223.19369 597361310.21203 1643800225.95906 1197952361.60571 1001261004.58752 867822254.15766 1352984895.28003 592739540.97327 876928502.54512 841144530.0945001 1418436389.07737 1082272858.76679 1539427248.98511 798143325.0910599 1567037655.58828 766827806.5212201 1133483087.56164 997852178.67529 1608250111.2483 894214246.12745 463494011.17366 970635023.2534001 389813417.98568 737816577.34164 1610452324.33672 467552928.28007 1579252600.1256 1321839848.9066 1120643249.81359 740167309.64819 694398886.80484 0 663158647.87823 698444718.24181 1120278835.19747 265605686.7172 1507045869.5931 937712709.96013 1027703384.60068 809189381.87998 840968192.94347 434950009.05850005 892204642.55181 602825432.6726999 1427178642.81776 
938479955.7135999 1053256125.77596 1116017847.32674 754188662.32192 973431511.5419 633193290.94157 913250972.24251 769907118.0987501 1089661747.36833 811733941.0238299 957112028.6613201 321971535.18147004 798846416.6893001 809007846.22431 1032234655.7612801 836473233.32303 841207789.5299801 1039868331.0769 1008261529.17848 947392819.79582 1078642352.2515402 133072832.03931 971596940.3387699 917837908.95332 1044519928.8255 858407535.85084 702876603.1855401 929377720.6087401 730524746.73821 74657929.46341 1001782077.50919 668055405.93525 970582353.29807 984173058.22576 662929653.49031 265646802.66767 422483921.45751 663158647.87823 0 430494580.56 566140356.60674 851277121.54515 987947965.12411 383574231.3694 473564906.00995004 255050903.28925002 344373822.20853 665008543.8053501 1059583952.25024 962461470.0940399 907161743.6251501 
1356318249.93188 1088958207.88572 1368238519.94045 677583930.45931 1403926092.1019 926251554.6019801 835046832.73135 971360861.00802 1143223809.72203 656390806.31951 1213126924.20853 641146508.9663501 955320375.16631 1097438608.19484 1249234762.34383 1215144080.89049 719991670.83556 1295883226.62411 887045410.48406 1164392926.37837 957426233.5571201 332977082.75011003 1385950854.63995 796621790.2588999 1462358223.0437799 780203396.33968 833099184.93656 851173581.0975801 987244322.52584 505152510.02341 1419620371.72747 936451571.39469 1372608372.27415 828829923.5214399 696868493.92292 187442663.15651 324590326.95647 698444718.24181 430494580.56 0 746139179.54069 753383527.0441101 1405786259.34239 702749205.1542801 653563728.9439 574225877.07413 761063068.87205 921044162.60634 1276584058.8327901 864567875.5929999 1063635702.10216 
722570411.31572 738849770.44847 900108302.92886 1111605673.17571 1131602195.40981 1033416541.22173 1206300685.95902 1074751185.48098 683779960.9559001 377596102.93902004 962460664.55078 258045922.03677 562977447.43789 1209231096.5044699 1147084018.77141 915272854.5450699 667108955.2567 1045216966.9663601 834162694.9052 1062242182.8059499 904543517.97826 699213188.64605 1050396561.56081 719985918.02892 828610384.42762 1139083451.90681 936489509.40952 954980860.41746 1154440415.5753899 491482427.14333 785872533.11131 1068278656.21541 754672808.90019 452234435.00561 96789296.88357 558696516.38418 787889812.3440499 1120278835.19747 566140356.60674 746139179.54069 0 1216683012.43169 772038420.7262299 182566125.23734 92575450.59679 311089453.31749 423173443.43057 1088240255.65589 1174433315.26037 1271930914.51157 669451048.72523 
1769996340.20886 1773811927.5964198 1947534231.822 121673023.51395 1483079950.03377 768020729.99095 762845398.0787699 862966996.92923 1828077529.4327297 1073967073.71727 1255059209.7405798 1055905092.00549 1546657074.12482 857584961.10263 1142534189.26232 1106750216.8116999 1427661082.59691 1337815512.1561599 1594714822.24541 1063749011.80826 1665095645.31847 742788853.79656 1399088774.27884 1083466834.28308 1873855797.9655 847280508.7673899 729099697.89086 1020487015.05985 653205904.39509 835998333.4264799 1833298462.0044498 733158614.99727 1802098737.79333 1491103444.0213902 1313472309.31526 657986496.04751 428793200.08764 265605686.7172 851277121.54515 753383527.0441101 1216683012.43169 0 1719944319.22988 1131384888.80492 1124107561.8349 1016391307.2523199 1105714226.1715999 700555695.7757 1157810329.26901 393243423.98611 1654972401.06067 
446744213.80509996 688645892.36331 503609906.78938997 1598271295.71593 718123087.0372701 1279743905.97524 1881454515.4763398 1163646023.05816 913535885.6203899 1132740841.87508 885150083.37399 823233153.5991399 741424599.30238 1376137139.17358 1138788443.06175 959200120.0278101 1362682698.81271 893770005.6487501 1475074647.11222 1106169448.28869 1664826892.14014 1103528629.10171 841784661.9613501 1475130656.9649801 502896913.43685997 1826611079.08467 1181073824.4056602 1625699479.67663 1407698651.71584 937473651.1718299 460924434.74689996 1312945408.82249 408616025.59775 849184006.04675 868827717.6097999 1233850345.9015 1410431886.58162 1507045869.5931 987947965.12411 1405786259.34239 772038420.7262299 1719944319.22988 0 754037911.5184801 810976901.45469 847067131.98388 667757758.42671 1341498491.79634 1158318614.9983501 1947084744.02889 633558309.5095999 
704569902.10797 819346072.17033 882107793.7211101 1009711865.29097 992301933.8556399 850850415.98439 1162910711.57261 935450923.92681 706087515.99893 491626788.3686 822709145.73568 75479796.79943 415272185.3199 1026664971.26713 1007783757.2172401 775972592.9909 763314322.02302 905465448.1512599 930368061.67152 922941921.25178 1000748884.74458 516647063.40871 911096300.00664 834016603.4585 810609875.2198701 1108067275.18094 797189247.85535 1051186227.18378 971874290.33805 308916301.90599 767872023.90356 885712530.97807 736672299.69244 634800560.24295 279355422.12091 515306541.99777 744499837.95764 937712709.96013 383574231.3694 702749205.15428 182566125.23734 1131384888.80492 754037911.5184801 0 89990674.64055 128523328.08015 283873181.8764 905674130.41855 1035133053.7062 1228540940.12516 523587512.25574994 
761508892.0441799 831425221.04526 939046783.65732 1019030222.57892 1079651402.01517 940841090.62494 1113725235.3622298 1022800392.08634 776355411.55269 402486342.12887 869885213.9539901 165470471.43998 505262859.96045 1116655645.90768 1095133225.37677 863322061.15043 673712010.2244099 952641516.36957 840765749.87291 1010291389.41131 911146572.94597 606637738.04926 998445768.1661699 744876157.21877 867548865.1560801 1058881798.97056 884538716.01488 961583915.38517 1061864964.9786 398906976.54654 824811013.8397701 975703205.61862 793611289.62865 544809885.6024 189364747.48036 466121065.78739 695314361.74726 1027703384.60068 473564906.00995004 653563728.9439 92575450.59679 1124107561.8349 810976901.45469 89990674.64055 0 218514002.7207 371222650.03593 995664805.0591 1122482521.86573 1179355463.91478 613578186.8963 
797599122.57337 912375292.63573 975137014.1865101 894718283.73837 958426022.01483 722327087.90424 1034387383.49246 836544580.17399 834610844.0790799 563562267.29596 702061125.3720701 66920631.89222 543795513.4000499 898141643.18698 955699485.0598301 742096681.15009 858213754.83946 784817427.7876501 1025267494.48796 889066009.41097 1095648317.56102 388123735.32856 874885055.80349 905952082.38586 903639095.6852701 979543947.10079 699865191.2198 1050514131.85869 843350962.2579 180392973.82584 860901244.36896 757189202.89792 829701520.15784 736001384.49789 407878750.20106 386783213.91762 615976509.87749 809189381.87998 255050903.28925002 574225877.07413 311089453.31749 1016391307.2523199 847067131.98388 128523328.08015 218514002.7207 0 249997270.03559 777150802.3384 990967830.97764 1100017612.0450099 652110840.3359 
