26
Rochester Palmdale Clarksville OWO Cary SanAntonio StPaul SanFrancisco LexingtonFa MorenoValley AnnArbor SterlingHeights Stamford Detroit FortWayne Omaha FortCollins SaltLakeCity SanBernardino AthensClarkeCounty ChulaVista Irving Richmond Lincoln Newark Waco
0 890607783.0070701 1726720287.15468 1079430425.73487 1825633239.7065 2104482405.88533 1701866280.13731 1399850181.90233 1214045688.7848701 2295066352.97044 566696297.1830499 1125270475.85847 2100913106.34481 653141178.82896 1479287537.68649 1328493208.2619 1902097573.9432602 192251142.12205 1800338714.86874 1050638449.50951 704193471.8863001 535504359.51728 1478454644.94215 665592599.11989 638709732.08653 2089639995.253 
890607783.0070701 0 836112504.14761 188822642.7278 935025456.69943 1851037243.4478898 811258497.13024 509242398.89526 323437905.7778 2041621190.533 387961489.44471 269360429.64969 1210305323.33774 944557748.01935 588679754.67942 752657182.87852 1011489790.93619 698356640.88502 909730931.8616699 160030666.50244 1357697787.40407 1191324606.3758101 650990031.90758 657172961.24493 684055828.27829 1836194832.8155599 
1726720287.15468 836112504.14761 0 1024935146.87541 883038805.0733199 2687149747.5955 1647371001.27785 1345354903.04287 1159550409.92541 2877733694.6806097 1224073993.59232 1105472933.7972999 607758938.43501 1780670252.16696 1424792258.82703 1588769687.02613 1847602295.0837998 1534469145.03263 1206032891.33844 996143170.6500499 2193810291.55168 2027437110.5234199 1487102536.05519 1493285465.39254 1520168332.4259 2672307336.96317 
1079430425.73487 188822642.7278 1024935146.87541 0 1123848099.42723 1776138351.10777 1000081139.85804 378003708.61818 253957164.79392 1966722298.19288 576784132.17251 194461537.30957 1399127966.0655398 1093373167.45637 777502397.40722 941479825.60632 1200312433.66399 887179283.6128199 1098553574.58947 28791976.22536 1483245866.17785 1380147249.10361 519751341.63049996 805988380.6819501 787872880.70011 1761295940.47544 
1825633239.7065 935025456.69943 883038805.0733199 1123848099.42723 0 2548628907.00896 1336722301.7954898 1444267855.5946898 1258463362.47723 2739212854.09407 1322986946.14414 1204385886.34912 275279866.63831 1866727252.79171 1523705211.37885 1687682639.57795 1725871782.7769198 1633382097.58445 873553819.54174 1095056123.20187 2255736422.07904 2126350063.0752401 1586015488.60701 1587246303.63466 1560363436.6013 2533786496.37663 
2104482405.88533 1851037243.4478898 2687149747.5955 1776138351.10777 2548628907.00896 0 2662295740.57813 2076608615.8941998 2030095515.90169 241699828.05737 1571793853.49232 1581676813.7982 2823908773.6472697 1878987089.60781 2439716998.12731 1868354843.10829 2862527034.38408 1946239008.55332 2615797872.2951403 1804930327.33313 2267996258.89514 2418590479.12082 1934860982.8818798 1599506140.45076 1572623273.4174 14842410.63233 
1701866280.13731 811258497.13024 1647371001.27785 1000081139.85804 1336722301.79549 2662295740.57813 0 1320500896.0254998 1134696402.90804 2852879687.6632395 1199219986.57495 1080618926.7799299 1061442435.15718 1755816245.14959 1399938251.80966 1563915680.00876 1267641423.49915 1509615138.01526 463168482.25374997 971289163.6326799 2168956284.53431 2002583103.50605 1462248529.0378199 1468431458.37517 1495314325.40853 2647453329.9458 
1399850181.90233 509242398.89526 1345354903.04287 378003708.61818 1444267855.5946898 2076608615.8941998 1320500896.0254998 0 631960873.4121 2267192562.97931 897203888.33997 572465245.92775 1719547722.2329998 1394706961.67695 1097922153.5746799 1185917286.6492 1520732189.83145 1207599039.7802799 1418973330.7569299 349211732.39282 1783716130.9642801 1700567005.27107 141747633.01232 1115226012.5199 1088343145.48654 2061766205.26187 
1214045688.78487 323437905.7778 1159550409.92541 253957164.79392 1258463362.47723 2030095515.90169 1134696402.90804 631960873.4121001 0 2220679462.9868 711399395.2225101 448418702.10349 1533743229.11554 1267995653.7971501 912117660.4572201 1076095088.65632 1334927696.71399 1021794546.66282 1233168837.6394699 282749141.01928 1681135693.18187 1514762512.15361 773708506.4244201 980610867.02273 1007493734.05609 2015253105.26936 
2295066352.97044 2041621190.5329998 2877733694.6806097 1966722298.19288 2739212854.09407 241699828.05737 2852879687.6632395 2267192562.97931 2220679462.9867997 0 1762377800.5774298 1772260760.8833098 3014492720.73238 2069571036.6929197 2630300945.2124195 2058938790.1933997 3053110981.4691896 2136822955.6384296 2806381819.38025 1995514274.4182398 2458580205.98025 2609174426.2059298 2125444929.96699 1790090087.5358698 1763207220.5025098 246272974.75704 
566696297.1830499 387961489.44471 1224073993.59232 576784132.17251 1322986946.14414 1571793853.49232 1199219986.57495 897203888.33997 711399395.2225101 1762377800.5774298 0 592581923.4654601 1598266812.78245 835335191.76791 976641244.12413 879259952.77555 1399451280.3809 374445155.061 1297692421.3063798 547992155.94715 1213060242.69181 867413120.55179 945766092.54914 610411250.11802 583528383.08466 1556951442.8599901 
1125270475.85847 269360429.64969 1105472933.7972999 194461537.30957 1204385886.34912 1581676813.7982 1080618926.7799299 572465245.92775 448418702.10349 1772260760.8833098 592581923.4654601 0 1479665752.9874299 898911630.1468 858040184.3291099 762035174.78483 1280850220.58588 967027078.52646 1179091361.51136 223253513.53493002 1288784328.86828 1439378549.09396 714212878.94007 611526843.37238 593411343.39054 1566834403.16587 
2100913106.34481 1210305323.33774 607758938.43501 1399127966.0655398 275279866.63831 2823908773.64727 1061442435.15718 1719547722.2329998 1533743229.11554 3014492720.73238 1598266812.78245 1479665752.9874299 0 2142007119.4300199 1798985078.01716 1962962506.21626 1450591916.13861 1908661964.22276 598273952.90343 1370335989.84018 2531016288.71735 2401629929.71355 1861295355.2453198 1862526170.27297 1835643303.23961 2809066363.0149403 
653141178.82896 944557748.01935 1780670252.16696 1093373167.45637 1866727252.79171 1878987089.60781 1755816245.14959 1394706961.67695 1267995653.7971501 2069571036.6929197 835335191.76791 898911630.1468 2142007119.4300199 0 1533237502.69877 991637431.84244 1956047538.9555402 460890036.70691 1791622912.72556 1104588414.52179 987909612.93356 953858002.1977 1252959328.66463 287384786.77442 314267653.80778 1864144678.97548 
1479287537.68649 588679754.67942 1424792258.82703 777502397.40722 1523705211.37885 2439716998.12731 1399938251.80966 1097922153.5746799 912117660.4572201 2630300945.2124195 976641244.12413 858040184.3291099 1798985078.01716 1533237502.69877 0 1341336937.55794 1600169545.6156101 1287036395.56444 1498410686.54109 748710421.18186 1946377542.08349 1780004361.0552301 1239669786.587 1245852715.92435 1272735582.95771 2424874587.49498 
1328493208.2619 752657182.87852 1588769687.02613 941479825.60632 1687682639.57795 1868354843.10829 1563915680.00876 1185917286.6492 1076095088.65632 2058938790.1934 879259952.77555 762035174.78483 1962962506.21626 991637431.8424399 1341336937.55794 0 1764146973.8147101 1205554202.03292 1662388114.74019 912687849.38096 1463592868.2500901 1698522167.5237098 1044169653.63688 763068042.09095 759095612.06844 1853512432.47596 
1902097573.94326 1011489790.93619 1847602295.0837998 1200312433.66399 1725871782.7769198 2862527034.38408 1267641423.49915 1520732189.83145 1334927696.71399 3053110981.4691896 1399451280.3809 1280850220.58588 1450591916.13861 1956047538.95554 1600169545.6156101 1764146973.8147101 0 1709846431.82121 852317963.23518 1171520457.43863 2369187578.34026 2202814397.312 1662479822.84377 1668662752.18112 1695545619.21448 2847684623.75175 
192251142.12205 698356640.88502 1534469145.03263 887179283.61282 1633382097.58445 1946239008.55332 1509615138.01526 1207599039.78028 1021794546.6628201 2136822955.6384299 374445155.061 967027078.5264599 1908661964.22276 460890036.70691 1287036395.56444 1205554202.03292 1709846431.82121 0 1608087572.7466898 858387307.38746 838615087.63081 492967965.49079 1320211247.6101398 473341456.99784 446458589.96448 1931396597.92099 
1800338714.86874 909730931.86167 1206032891.33844 1098553574.58947 873553819.54174 2615797872.29514 463168482.25374997 1418973330.7569299 1233168837.63947 2806381819.38025 1297692421.30638 1179091361.51136 598273952.90343 1791622912.72556 1498410686.54109 1662388114.74019 852317963.23518 1608087572.74669 0 1069761598.36411 2204762952.11028 2101055538.2374802 1560720963.76925 1504238125.95114 1531120992.9845 2600955461.66281 
1050638449.50951 160030666.50244 996143170.6500499 28791976.22536 1095056123.20187 1804930327.33313 971289163.6326799 349211732.39282 282749141.01928 1995514274.41824 547992155.94715 223253513.53493002 1370335989.84018 1104588414.52179 748710421.18186 912687849.38096 1171520457.43863 858387307.38746 1069761598.3641099 0 1512037842.4032102 1351355272.8782501 490959365.40514004 817203627.74737 816664856.9254701 1790087916.7008 
704193471.8863001 1357697787.4040701 2193810291.55168 1483245866.17785 2255736422.07904 2267996258.8951397 2168956284.5343103 1783716130.9642801 1681135693.1818702 2458580205.98025 1213060242.6918101 1288784328.86828 2531016288.71735 987909612.93356 1946377542.0834901 1463592868.25009 2369187578.34026 838615087.63081 2204762952.11028 1512037842.40321 0 345647122.14002 1641968497.95196 700524826.15914 727407693.1925 2253153848.2628098 
535504359.51728 1191324606.37581 2027437110.5234199 1380147249.1036098 2126350063.07524 2418590479.12082 2002583103.5060499 1700567005.27107 1514762512.15361 2609174426.2059298 867413120.55179 1439378549.09396 2401629929.71355 953858002.1977 1780004361.05523 1698522167.52371 2202814397.312 492967965.49079 2101055538.2374797 1351355272.87825 345647122.14002 0 1792562718.17764 966309422.48863 939426555.45527 2403748068.48849 
1478454644.94215 650990031.90758 1487102536.05519 519751341.6305 1586015488.60701 1934860982.8818798 1462248529.0378199 141747633.01232 773708506.42442 2125444929.96699 945766092.54914 714212878.94007 1861295355.2453198 1252959328.66463 1239669786.587 1044169653.63688 1662479822.84377 1320211247.6101398 1560720963.76925 490959365.40514004 1641968497.95196 1792562718.17764 0 973478379.50758 946595512.47422 1920018572.2495499 
665592599.11989 657172961.24493 1493285465.39254 805988380.6819501 1587246303.63466 1599506140.45076 1468431458.37517 1115226012.5199 980610867.0227301 1790090087.5358698 610411250.11802 611526843.37238 1862526170.27297 287384786.77442 1245852715.92435 763068042.09095 1668662752.18112 473341456.99784 1504238125.9511402 817203627.74737 700524826.15914 966309422.48863 973478379.50758 0 26882867.03336 1584663729.81843 
638709732.08653 684055828.27829 1520168332.4259 787872880.70011 1560363436.6013 1572623273.4174 1495314325.40853 1088343145.48654 1007493734.0560901 1763207220.5025098 583528383.08466 593411343.39054 1835643303.23961 314267653.80778 1272735582.95771 759095612.06844 1695545619.21448 446458589.96448 1531120992.9845002 816664856.92547 727407693.1925 939426555.45527 946595512.47422 26882867.03336 0 1557780862.78507 
2089639995.253 1836194832.8155599 2672307336.96317 1761295940.47544 2533786496.37663 14842410.63233 2647453329.9458 2061766205.26187 2015253105.26936 246272974.75704 1556951442.8599901 1566834403.16587 2809066363.01494 1864144678.97548 2424874587.49498 1853512432.47596 2847684623.75175 1931396597.92099 2600955461.6628103 1790087916.7008 2253153848.26281 2403748068.48849 1920018572.2495499 1584663729.81843 1557780862.78507 0 
