25
1 3 4 5 9 10 11 16 17 18 19 21 22 24 28 29 31 32 35 36 37 42 46 48 34
0 436.404 474.075 19.489 155.866 243.772 127.098 220.526 76.318 57.205 672.4749999999999 321.746 80.166 232.868 81.896 343.016 302.289 332.11 35.366 242.244 320.509 267.241 272.37 333.414 424.87199999999996 
436.404 0 908.7450000000001 450.111 590.267 195.09400000000002 369.48 653.155 361.494 416.836 391.572 750.399 463.423 222.35 367.693 775.645 733.108 766.616 419.594 663.538 755.357 169.163 694.484 136.528 858.777 
474.075 908.7450000000001 0 458.822 318.478 714.62 556.577 257.112 547.966 496.28499999999997 1145.195 169.783 449.686 695.661 544.317 138.179 176.742 142.295 490.673 265.203 193.832 740.374 237.103 788.8810000000001 55.001 
19.489 450.111 458.822 0 142.215 256.654 125.672 240.01500000000001 89.2 55.779 687.423 303.312 99.655 240.619 90.203 326.46 283.005 316.679 54.855000000000004 224.10399999999998 305.285 282.18899999999996 253.93599999999998 333.276 409.891 
155.866 590.267 318.478 142.215 0 396.142 246.51 164.76 229.5 180.803 826.75 167.262 135.828 378.91 227.042 187.477 147.77800000000002 176.776 172.591 107.644 166.012 422.052 131.006 471.852 269.006 
243.772 195.09400000000002 714.62 256.654 396.142 0 178.931 458.398 167.454 222.248 431.026 555.558 268.442 45.815 172.867 580.888 539.659 572.918 226.269 468.594 561.9390000000001 25.931 499.757 92.104 664.149 
127.098 369.48 556.577 125.672 246.51 178.931 0 300.123 77.109 69.893 602.004 391.761 110.682 147.13 151.521 419.17100000000005 382.726 417.017 92.703 298.889 407.096 203.503 330.036 269.676 504.095 
220.526 653.155 257.112 240.01500000000001 164.76 458.398 300.123 0 293.554 244.114 889.407 156.418 260.56 439.15999999999997 287.205 122.49 83.928 122.138 233.761 60.998 108.452 484.313 223.188 531.769 205.892 
76.318 361.494 547.966 89.2 229.5 167.454 77.109 293.554 0 65.133 598.48 389.951 106.884 157.88299999999998 134.143 415.65999999999997 372.205 405.671 59.793 306.467 394.485 193.38500000000002 337.563 259.558 498.506 
57.205 416.836 496.28499999999997 55.779 180.803 222.248 69.893 244.114 65.133 0 652.29 334.094 54.932 209.13 81.628 366.604 321.197 357.04200000000003 22.81 246.768 344.846 247.96699999999998 277.892 314.14 444.91499999999996 
672.4749999999999 391.572 1145.195 687.423 826.75 431.026 602.004 889.407 598.48 652.29 0 986.2049999999999 699.0640000000001 454.874 603.783 1011.694 969.739 1002.971 655.786 898.585 991.9000000000001 405.234 929.179 363.12 1095.122 
321.746 750.399 169.783 303.312 167.262 555.558 391.76099999999997 156.418 389.951 334.094 986.2049999999999 0 287.319 533.8910000000001 383.2 57.404999999999994 100.18799999999999 79.384 331.022 95.42 230.719 581.244 69.005 626.202 151.774 
80.166 463.423 449.686 99.655 135.828 268.442 110.682 260.56 106.884 54.932 699.0640000000001 287.319 0 246.572 96.654 315.47400000000005 282.943 308.684 77.742 200.733 298.725 294.373 231.745 345.783 398.316 
232.868 222.35 695.661 240.619 378.91 45.815 147.13 439.15999999999997 157.88299999999998 209.13 454.874 533.8910000000001 246.572 0 151.955 561.65 521.4639999999999 554.438 206.386 443.711 543.437 71.746 477.166 135.54999999999998 644.061 
81.896 367.693 544.317 90.203 227.042 172.867 151.52100000000002 287.205 134.143 81.628 603.783 383.2 96.654 151.955 0 409.695 371.133 402.483 104.438 297.387 391.482 198.549 327.599 258.475 492.985 
343.016 775.645 138.179 326.46 187.477 580.888 419.17100000000005 122.49 415.65999999999997 366.604 1011.694 57.404999999999994 315.47400000000005 561.65 409.695 0 76.331 38.121 356.251 127.398 230.942 606.803 100.768 654.259 143.764 
302.289 733.108 176.742 283.005 147.77800000000002 539.659 382.726 83.928 372.205 321.197 969.739 100.18799999999999 282.943 521.4639999999999 371.133 76.331 0 38.21 315.282 110.858 192.38 564.588 154.787 614.5550000000001 137.031 
332.11 766.616 142.295 316.679 176.776 572.918 417.017 122.138 405.671 357.04200000000003 1002.971 79.384 308.684 554.438 402.483 38.121 38.21 0 349.102 149.068 224.36399999999998 598.111 123.649 648.375 125.381 
35.366 419.594 490.673 54.855000000000004 172.591 226.269 92.703 233.761 59.793 22.81 655.786 331.022 77.74199999999999 206.386 104.43799999999999 356.251 315.282 349.102 0 254.978 338.603 250.552 277.77 299.381 439.653 
242.244 663.538 265.203 224.10399999999998 107.644 468.594 298.889 60.998 306.467 246.768 898.585 95.42 200.733 443.711 297.387 127.398 110.858 149.068 254.978 0 135.299 494.375 164.425 536.165 210.707 
320.509 755.357 193.832 305.285 166.012 561.9390000000001 407.096 108.452 394.485 344.846 991.9000000000001 230.719 298.725 543.437 391.482 230.942 192.38 224.36399999999998 338.603 135.299 0 587.059 275.629 636.836 138.831 
267.241 169.163 740.374 282.18899999999996 422.052 25.931 203.503 484.313 193.38500000000002 247.96699999999998 405.234 581.244 294.373 71.746 198.549 606.803 564.588 598.111 250.552 494.375 587.059 0 525.545 66.173 689.991 
272.37 694.484 237.103 253.93599999999998 131.006 499.757 330.036 223.188 337.563 277.892 929.179 69.005 231.745 477.166 327.599 100.768 154.787 123.649 277.77 164.425 275.629 525.545 0 567.397 182.102 
333.414 136.528 788.8810000000001 333.276 471.852 92.104 269.676 531.769 259.558 314.14 363.12 626.202 345.783 135.54999999999998 258.475 654.259 614.5550000000001 648.375 299.381 536.165 636.836 66.173 567.397 0 737.6610000000001 
424.87199999999996 858.777 55.001 409.891 269.006 664.149 504.095 205.892 498.506 444.91499999999996 1095.122 151.774 398.316 644.061 492.985 143.764 137.031 125.381 439.653 210.707 138.831 689.991 182.102 737.6610000000001 0 
