25
VVzvLIOwARaWwhQTKPrx hNRcEeFjmsmOnuOdNAXl JKNUHFrXPStBWMuUOVkj MeohNnftDTzllMTGwxnG lPMfQyVLDIZczBuDgsVQ IUJDEWwYxhQimsCqnrFH eWGFHgdBASXJbxQbYrCG NVPacTSrBMpDkMBotiWB znYRMYifzQwyixuIXDnz NBTlGJqSnWahMvuDlXAm cAvnOxZJtanpVvcAxJHM CcspnGXfrmzZRWjdMjLd oMKDNkBacLxexXKHqXfF IuNNJvHSmYKpVBzmzuJX eWVKeYegIFOJxvfRkjek QMnEKXGwZYUlreveNjwA CXrruomvXfADUrHxMwZi CCYBPFZgoOONzoEeTKzC PojKKQvEDmFOnJinujFi gUlgGYCPZjsRiFLqnVun OWCblOtQanZakRLMqMxz eqwycKZriorIAbsUBjxu UMfDYlvFlUVuogMRkWNG hpQFeVriPZmwKZcYFAWN oUyBZvEHNPOWtAsHANHU
0 30.0 32.0 28.0 86.0 81.0 49.0 107.0 100.0 47.0 27.0 55.0 34.0 83.0 43.0 55.0 45.0 43.0 60.0 92.0 20.0 11.0 69.0 51.0 54.0 
30.0 0 40.0 36.0 94.0 82.0 19.0 104.0 101.0 55.0 35.0 46.0 63.0 84.0 60.0 63.0 53.0 51.0 63.0 89.0 50.0 19.0 77.0 59.0 42.0 
32.0 40.0 0 38.0 54.0 77.0 59.0 105.0 96.0 43.0 23.0 42.0 63.0 79.0 20.0 65.0 41.0 20.0 59.0 97.0 43.0 21.0 37.0 60.0 50.0 
28.0 36.0 38.0 0 92.0 80.0 55.0 108.0 99.0 53.0 33.0 44.0 62.0 82.0 58.0 61.0 51.0 22.0 61.0 99.0 48.0 17.0 75.0 57.0 60.0 
86.0 94.0 54.0 92.0 0 131.0 113.0 159.0 150.0 97.0 77.0 96.0 117.0 133.0 55.0 119.0 95.0 74.0 113.0 151.0 78.0 75.0 17.0 114.0 104.0 
81.0 82.0 77.0 80.0 131.0 0 99.0 56.0 47.0 34.0 72.0 36.0 57.0 30.0 97.0 68.0 68.0 58.0 39.0 77.0 101.0 70.0 114.0 30.0 76.0 
49.0 19.0 59.0 55.0 113.0 99.0 0 85.0 96.0 66.0 54.0 63.0 82.0 79.0 79.0 61.0 64.0 70.0 80.0 70.0 69.0 38.0 96.0 78.0 23.0 
107.0 104.0 105.0 108.0 159.0 56.0 85.0 0 43.0 62.0 100.0 64.0 85.0 26.0 125.0 74.0 96.0 86.0 67.0 53.0 127.0 98.0 142.0 58.0 62.0 
100.0 101.0 96.0 99.0 150.0 47.0 96.0 43.0 0 53.0 91.0 55.0 76.0 17.0 116.0 85.0 87.0 77.0 41.0 43.0 120.0 89.0 133.0 49.0 73.0 
47.0 55.0 43.0 53.0 97.0 34.0 66.0 62.0 53.0 0 38.0 22.0 43.0 36.0 63.0 54.0 34.0 44.0 26.0 64.0 67.0 36.0 80.0 17.0 43.0 
27.0 35.0 23.0 33.0 77.0 72.0 54.0 100.0 91.0 38.0 0 57.0 61.0 74.0 43.0 60.0 36.0 43.0 64.0 92.0 47.0 16.0 60.0 55.0 45.0 
55.0 46.0 42.0 44.0 96.0 36.0 63.0 64.0 55.0 22.0 57.0 0 21.0 38.0 62.0 32.0 53.0 22.0 17.0 55.0 75.0 51.0 79.0 26.0 40.0 
34.0 63.0 63.0 62.0 117.0 57.0 82.0 85.0 76.0 43.0 61.0 21.0 0 59.0 77.0 53.0 68.0 43.0 38.0 76.0 54.0 45.0 100.0 47.0 61.0 
83.0 84.0 79.0 82.0 133.0 30.0 79.0 26.0 17.0 36.0 74.0 38.0 59.0 0 99.0 68.0 70.0 60.0 41.0 47.0 103.0 72.0 116.0 32.0 56.0 
43.0 60.0 20.0 58.0 55.0 97.0 79.0 125.0 116.0 63.0 43.0 62.0 77.0 99.0 0 85.0 61.0 40.0 79.0 117.0 23.0 41.0 38.0 80.0 70.0 
55.0 63.0 65.0 61.0 119.0 68.0 61.0 74.0 85.0 54.0 60.0 32.0 53.0 68.0 85.0 0 69.0 54.0 49.0 59.0 69.0 44.0 102.0 44.0 38.0 
45.0 53.0 41.0 51.0 95.0 68.0 64.0 96.0 87.0 34.0 36.0 53.0 68.0 70.0 61.0 69.0 0 61.0 60.0 88.0 65.0 34.0 78.0 51.0 41.0 
43.0 51.0 20.0 22.0 74.0 58.0 70.0 86.0 77.0 44.0 43.0 22.0 43.0 60.0 40.0 54.0 61.0 0 39.0 77.0 63.0 32.0 57.0 48.0 62.0 
60.0 63.0 59.0 61.0 113.0 39.0 80.0 67.0 41.0 26.0 64.0 17.0 38.0 41.0 79.0 49.0 60.0 39.0 0 38.0 80.0 49.0 96.0 9.0 57.0 
92.0 89.0 97.0 99.0 151.0 77.0 70.0 53.0 43.0 64.0 92.0 55.0 76.0 47.0 117.0 59.0 88.0 77.0 38.0 0 112.0 87.0 134.0 47.0 47.0 
20.0 50.0 43.0 48.0 78.0 101.0 69.0 127.0 120.0 67.0 47.0 75.0 54.0 103.0 23.0 69.0 65.0 63.0 80.0 112.0 0 31.0 61.0 71.0 74.0 
11.0 19.0 21.0 17.0 75.0 70.0 38.0 98.0 89.0 36.0 16.0 51.0 45.0 72.0 41.0 44.0 34.0 32.0 49.0 87.0 31.0 0 58.0 40.0 43.0 
69.0 77.0 37.0 75.0 17.0 114.0 96.0 142.0 133.0 80.0 60.0 79.0 100.0 116.0 38.0 102.0 78.0 57.0 96.0 134.0 61.0 58.0 0 97.0 87.0 
51.0 59.0 60.0 57.0 114.0 30.0 78.0 58.0 49.0 17.0 55.0 26.0 47.0 32.0 80.0 44.0 51.0 48.0 9.0 47.0 71.0 40.0 97.0 0 60.0 
54.0 42.0 50.0 60.0 104.0 76.0 23.0 62.0 73.0 43.0 45.0 40.0 61.0 56.0 70.0 38.0 41.0 62.0 57.0 47.0 74.0 43.0 87.0 60.0 0 
