97
A2 A3 A4 A6 A8 A11 A12 A18 A19 A20 A21 A22 A27 A28 A29 A31 A33 A36 A37 A43 A44 A45 A46 A47 A52 A53 A54 A56 A58 A61 A62 A68 A69 A70 A71 A72 A77 A78 A79 A81 A83 A86 A87 A93 A94 A95 A96 A97 A102 A103 A104 A106 A108 A111 A112 A118 A119 A120 A121 A122 A127 A128 A129 A131 A133 A136 A137 A143 A144 A145 A146 A147 A152 A153 A154 A156 A158 A161 A162 A168 A169 A170 A171 A172 A177 A178 A179 A181 A183 A186 A187 A193 A194 A195 A196 A197 A0
0 18.0 22.0 33.0 62.0 63.0 60.0 70125.0 138.0 135.0 139.0 136.0 261.0 265.0 263.0 274.0 303.0 304.0 301.0 70366.0 379.0 376.0 380.0 377.0 454.0 458.0 456.0 467.0 496.0 497.0 494.0 70559.0 572.0 569.0 573.0 570.0 695.0 699.0 697.0 708.0 737.0 738.0 735.0 70800.0 813.0 810.0 814.0 811.0 822.0 826.0 824.0 835.0 864.0 865.0 862.0 70927.0 897.0 894.0 898.0 895.0 770.0 774.0 748.0 759.0 768.0 743.0 740.0 70781.0 656.0 653.0 657.0 654.0 577.0 581.0 555.0 566.0 575.0 550.0 547.0 70588.0 463.0 460.0 464.0 461.0 336.0 340.0 314.0 325.0 334.0 309.0 306.0 70347.0 222.0 219.0 223.0 220.0 10.0 
18.0 0 26.0 37.0 66.0 67.0 64.0 70129.0 142.0 139.0 143.0 140.0 265.0 269.0 267.0 278.0 307.0 308.0 305.0 70370.0 383.0 380.0 384.0 381.0 458.0 462.0 460.0 471.0 500.0 501.0 498.0 70563.0 576.0 573.0 577.0 574.0 699.0 703.0 701.0 712.0 741.0 742.0 739.0 70804.0 817.0 814.0 818.0 815.0 826.0 830.0 828.0 839.0 868.0 869.0 866.0 70931.0 901.0 898.0 902.0 899.0 774.0 778.0 752.0 763.0 772.0 747.0 744.0 70785.0 660.0 657.0 661.0 658.0 581.0 585.0 559.0 570.0 579.0 554.0 551.0 70592.0 467.0 464.0 468.0 465.0 340.0 344.0 318.0 329.0 338.0 313.0 310.0 70351.0 226.0 223.0 227.0 224.0 14.0 
22.0 26.0 0 11.0 40.0 41.0 38.0 70103.0 116.0 113.0 117.0 114.0 239.0 243.0 241.0 252.0 281.0 282.0 279.0 70344.0 357.0 354.0 358.0 355.0 432.0 436.0 434.0 445.0 474.0 475.0 472.0 70537.0 550.0 547.0 551.0 548.0 673.0 677.0 675.0 686.0 715.0 716.0 713.0 70778.0 791.0 788.0 792.0 789.0 800.0 804.0 802.0 813.0 842.0 843.0 840.0 70905.0 899.0 896.0 900.0 897.0 772.0 776.0 750.0 761.0 770.0 745.0 742.0 70783.0 658.0 655.0 659.0 656.0 579.0 583.0 557.0 568.0 577.0 552.0 549.0 70590.0 465.0 462.0 466.0 463.0 338.0 342.0 316.0 327.0 336.0 311.0 308.0 70349.0 224.0 221.0 225.0 222.0 12.0 
33.0 37.0 11.0 0 51.0 52.0 49.0 70114.0 127.0 124.0 128.0 125.0 250.0 254.0 252.0 263.0 292.0 293.0 290.0 70355.0 368.0 365.0 369.0 366.0 443.0 447.0 445.0 456.0 485.0 486.0 483.0 70548.0 561.0 558.0 562.0 559.0 684.0 688.0 686.0 697.0 726.0 727.0 724.0 70789.0 802.0 799.0 803.0 800.0 811.0 815.0 813.0 824.0 853.0 854.0 851.0 70916.0 910.0 907.0 911.0 908.0 783.0 787.0 761.0 772.0 781.0 756.0 753.0 70794.0 669.0 666.0 670.0 667.0 590.0 594.0 568.0 579.0 588.0 563.0 560.0 70601.0 476.0 473.0 477.0 474.0 349.0 353.0 327.0 338.0 347.0 322.0 319.0 70360.0 235.0 232.0 236.0 233.0 23.0 
62.0 66.0 40.0 51.0 0 61.0 58.0 70123.0 136.0 133.0 137.0 134.0 259.0 263.0 261.0 272.0 301.0 302.0 299.0 70364.0 377.0 374.0 378.0 375.0 452.0 456.0 454.0 465.0 494.0 495.0 492.0 70557.0 570.0 567.0 571.0 568.0 693.0 697.0 695.0 706.0 735.0 736.0 733.0 70798.0 811.0 808.0 812.0 809.0 820.0 824.0 822.0 833.0 862.0 863.0 860.0 70925.0 938.0 935.0 939.0 936.0 812.0 816.0 790.0 801.0 810.0 785.0 782.0 70823.0 698.0 695.0 699.0 696.0 619.0 623.0 597.0 608.0 617.0 592.0 589.0 70630.0 505.0 502.0 506.0 503.0 378.0 382.0 356.0 367.0 376.0 351.0 348.0 70389.0 264.0 261.0 265.0 262.0 52.0 
63.0 67.0 41.0 52.0 61.0 0 12.0 70098.0 111.0 108.0 112.0 109.0 234.0 238.0 236.0 247.0 276.0 277.0 274.0 70339.0 352.0 349.0 353.0 350.0 427.0 431.0 429.0 440.0 469.0 470.0 467.0 70532.0 545.0 542.0 546.0 543.0 668.0 672.0 670.0 681.0 710.0 711.0 708.0 70773.0 786.0 783.0 787.0 784.0 795.0 799.0 797.0 808.0 837.0 838.0 835.0 70900.0 913.0 910.0 914.0 911.0 813.0 817.0 791.0 802.0 811.0 786.0 783.0 70824.0 699.0 696.0 700.0 697.0 620.0 624.0 598.0 609.0 618.0 593.0 590.0 70631.0 506.0 503.0 507.0 504.0 379.0 383.0 357.0 368.0 377.0 352.0 349.0 70390.0 265.0 262.0 266.0 263.0 53.0 
60.0 64.0 38.0 49.0 58.0 12.0 0 70095.0 108.0 105.0 109.0 106.0 231.0 235.0 233.0 244.0 273.0 274.0 271.0 70336.0 349.0 346.0 350.0 347.0 424.0 428.0 426.0 437.0 466.0 467.0 464.0 70529.0 542.0 539.0 543.0 540.0 665.0 669.0 667.0 678.0 707.0 708.0 705.0 70770.0 783.0 780.0 784.0 781.0 792.0 796.0 794.0 805.0 834.0 835.0 832.0 70897.0 910.0 907.0 911.0 908.0 810.0 814.0 788.0 799.0 808.0 783.0 780.0 70821.0 696.0 693.0 697.0 694.0 617.0 621.0 595.0 606.0 615.0 590.0 587.0 70628.0 503.0 500.0 504.0 501.0 376.0 380.0 354.0 365.0 374.0 349.0 346.0 70387.0 262.0 259.0 263.0 260.0 50.0 
70125.0 70129.0 70103.0 70114.0 70123.0 70098.0 70095.0 0 70149.0 70146.0 70150.0 70147.0 70272.0 70276.0 70274.0 70285.0 70314.0 70315.0 70312.0 140377.0 70390.0 70387.0 70391.0 70388.0 70465.0 70469.0 70467.0 70478.0 70507.0 70508.0 70505.0 140570.0 70583.0 70580.0 70584.0 70581.0 70706.0 70710.0 70708.0 70719.0 70748.0 70749.0 70746.0 140811.0 70824.0 70821.0 70825.0 70822.0 70833.0 70837.0 70835.0 70846.0 70875.0 70876.0 70873.0 140938.0 70951.0 70948.0 70952.0 70949.0 70875.0 70879.0 70853.0 70864.0 70873.0 70848.0 70845.0 140886.0 70761.0 70758.0 70762.0 70759.0 70682.0 70686.0 70660.0 70671.0 70680.0 70655.0 70652.0 140693.0 70568.0 70565.0 70569.0 70566.0 70441.0 70445.0 70419.0 70430.0 70439.0 70414.0 70411.0 140452.0 70327.0 70324.0 70328.0 70325.0 70115.0 
138.0 142.0 116.0 127.0 136.0 111.0 108.0 70149.0 0 20.0 25.0 22.0 147.0 151.0 149.0 160.0 189.0 190.0 187.0 70252.0 265.0 262.0 266.0 263.0 340.0 344.0 342.0 353.0 382.0 383.0 380.0 70445.0 458.0 455.0 459.0 456.0 581.0 585.0 583.0 594.0 623.0 624.0 621.0 70686.0 699.0 696.0 700.0 697.0 708.0 712.0 710.0 721.0 750.0 751.0 748.0 70813.0 826.0 823.0 827.0 824.0 888.0 892.0 866.0 877.0 886.0 861.0 858.0 70899.0 774.0 771.0 775.0 772.0 695.0 699.0 673.0 684.0 693.0 668.0 665.0 70706.0 581.0 578.0 582.0 579.0 454.0 458.0 432.0 443.0 452.0 427.0 424.0 70465.0 340.0 337.0 341.0 338.0 128.0 
135.0 139.0 113.0 124.0 133.0 108.0 105.0 70146.0 20.0 0 12.0 19.0 144.0 148.0 146.0 157.0 186.0 187.0 184.0 70249.0 262.0 259.0 263.0 260.0 337.0 341.0 339.0 350.0 379.0 380.0 377.0 70442.0 455.0 452.0 456.0 453.0 578.0 582.0 580.0 591.0 620.0 621.0 618.0 70683.0 696.0 693.0 697.0 694.0 705.0 709.0 707.0 718.0 747.0 748.0 745.0 70810.0 823.0 820.0 824.0 821.0 885.0 889.0 863.0 874.0 883.0 858.0 855.0 70896.0 771.0 768.0 772.0 769.0 692.0 696.0 670.0 681.0 690.0 665.0 662.0 70703.0 578.0 575.0 579.0 576.0 451.0 455.0 429.0 440.0 449.0 424.0 421.0 70462.0 337.0 334.0 338.0 335.0 125.0 
139.0 143.0 117.0 128.0 137.0 112.0 109.0 70150.0 25.0 12.0 0 15.0 148.0 152.0 150.0 161.0 190.0 191.0 188.0 70253.0 266.0 263.0 267.0 264.0 341.0 345.0 343.0 354.0 383.0 384.0 381.0 70446.0 459.0 456.0 460.0 457.0 582.0 586.0 584.0 595.0 624.0 625.0 622.0 70687.0 700.0 697.0 701.0 698.0 709.0 713.0 711.0 722.0 751.0 752.0 749.0 70814.0 827.0 824.0 828.0 825.0 889.0 893.0 867.0 878.0 887.0 862.0 859.0 70900.0 775.0 772.0 776.0 773.0 696.0 700.0 674.0 685.0 694.0 669.0 666.0 70707.0 582.0 579.0 583.0 580.0 455.0 459.0 433.0 444.0 453.0 428.0 425.0 70466.0 341.0 338.0 342.0 339.0 129.0 
136.0 140.0 114.0 125.0 134.0 109.0 106.0 70147.0 22.0 19.0 15.0 0 145.0 149.0 147.0 158.0 187.0 188.0 185.0 70250.0 263.0 260.0 264.0 261.0 338.0 342.0 340.0 351.0 380.0 381.0 378.0 70443.0 456.0 453.0 457.0 454.0 579.0 583.0 581.0 592.0 621.0 622.0 619.0 70684.0 697.0 694.0 698.0 695.0 706.0 710.0 708.0 719.0 748.0 749.0 746.0 70811.0 824.0 821.0 825.0 822.0 886.0 890.0 864.0 875.0 884.0 859.0 856.0 70897.0 772.0 769.0 773.0 770.0 693.0 697.0 671.0 682.0 691.0 666.0 663.0 70704.0 579.0 576.0 580.0 577.0 452.0 456.0 430.0 441.0 450.0 425.0 422.0 70463.0 338.0 335.0 339.0 336.0 126.0 
261.0 265.0 239.0 250.0 259.0 234.0 231.0 70272.0 147.0 144.0 148.0 145.0 0 18.0 22.0 33.0 62.0 63.0 60.0 70125.0 138.0 135.0 139.0 136.0 213.0 217.0 215.0 226.0 255.0 256.0 253.0 70318.0 331.0 328.0 332.0 329.0 454.0 458.0 456.0 467.0 496.0 497.0 494.0 70559.0 572.0 569.0 573.0 570.0 581.0 585.0 583.0 594.0 623.0 624.0 621.0 70686.0 699.0 696.0 700.0 697.0 822.0 826.0 824.0 835.0 864.0 865.0 862.0 70927.0 897.0 894.0 898.0 895.0 818.0 822.0 796.0 807.0 816.0 791.0 788.0 70829.0 704.0 701.0 705.0 702.0 577.0 581.0 555.0 566.0 575.0 550.0 547.0 70588.0 463.0 460.0 464.0 461.0 251.0 
265.0 269.0 243.0 254.0 263.0 238.0 235.0 70276.0 151.0 148.0 152.0 149.0 18.0 0 26.0 37.0 66.0 67.0 64.0 70129.0 142.0 139.0 143.0 140.0 217.0 221.0 219.0 230.0 259.0 260.0 257.0 70322.0 335.0 332.0 336.0 333.0 458.0 462.0 460.0 471.0 500.0 501.0 498.0 70563.0 576.0 573.0 577.0 574.0 585.0 589.0 587.0 598.0 627.0 628.0 625.0 70690.0 703.0 700.0 704.0 701.0 826.0 830.0 828.0 839.0 868.0 869.0 866.0 70931.0 901.0 898.0 902.0 899.0 822.0 826.0 800.0 811.0 820.0 795.0 792.0 70833.0 708.0 705.0 709.0 706.0 581.0 585.0 559.0 570.0 579.0 554.0 551.0 70592.0 467.0 464.0 468.0 465.0 255.0 
263.0 267.0 241.0 252.0 261.0 236.0 233.0 70274.0 149.0 146.0 150.0 147.0 22.0 26.0 0 11.0 40.0 41.0 38.0 70103.0 116.0 113.0 117.0 114.0 191.0 195.0 193.0 204.0 233.0 234.0 231.0 70296.0 309.0 306.0 310.0 307.0 432.0 436.0 434.0 445.0 474.0 475.0 472.0 70537.0 550.0 547.0 551.0 548.0 559.0 563.0 561.0 572.0 601.0 602.0 599.0 70664.0 677.0 674.0 678.0 675.0 800.0 804.0 802.0 813.0 842.0 843.0 840.0 70905.0 899.0 896.0 900.0 897.0 820.0 824.0 798.0 809.0 818.0 793.0 790.0 70831.0 706.0 703.0 707.0 704.0 579.0 583.0 557.0 568.0 577.0 552.0 549.0 70590.0 465.0 462.0 466.0 463.0 253.0 
274.0 278.0 252.0 263.0 272.0 247.0 244.0 70285.0 160.0 157.0 161.0 158.0 33.0 37.0 11.0 0 51.0 52.0 49.0 70114.0 127.0 124.0 128.0 125.0 202.0 206.0 204.0 215.0 244.0 245.0 242.0 70307.0 320.0 317.0 321.0 318.0 443.0 447.0 445.0 456.0 485.0 486.0 483.0 70548.0 561.0 558.0 562.0 559.0 570.0 574.0 572.0 583.0 612.0 613.0 610.0 70675.0 688.0 685.0 689.0 686.0 811.0 815.0 813.0 824.0 853.0 854.0 851.0 70916.0 910.0 907.0 911.0 908.0 831.0 835.0 809.0 820.0 829.0 804.0 801.0 70842.0 717.0 714.0 718.0 715.0 590.0 594.0 568.0 579.0 588.0 563.0 560.0 70601.0 476.0 473.0 477.0 474.0 264.0 
303.0 307.0 281.0 292.0 301.0 276.0 273.0 70314.0 189.0 186.0 190.0 187.0 62.0 66.0 40.0 51.0 0 61.0 58.0 70123.0 136.0 133.0 137.0 134.0 211.0 215.0 213.0 224.0 253.0 254.0 251.0 70316.0 329.0 326.0 330.0 327.0 452.0 456.0 454.0 465.0 494.0 495.0 492.0 70557.0 570.0 567.0 571.0 568.0 579.0 583.0 581.0 592.0 621.0 622.0 619.0 70684.0 697.0 694.0 698.0 695.0 820.0 824.0 822.0 833.0 862.0 863.0 860.0 70925.0 938.0 935.0 939.0 936.0 860.0 864.0 838.0 849.0 858.0 833.0 830.0 70871.0 746.0 743.0 747.0 744.0 619.0 623.0 597.0 608.0 617.0 592.0 589.0 70630.0 505.0 502.0 506.0 503.0 293.0 
304.0 308.0 282.0 293.0 302.0 277.0 274.0 70315.0 190.0 187.0 191.0 188.0 63.0 67.0 41.0 52.0 61.0 0 12.0 70098.0 111.0 108.0 112.0 109.0 186.0 190.0 188.0 199.0 228.0 229.0 226.0 70291.0 304.0 301.0 305.0 302.0 427.0 431.0 429.0 440.0 469.0 470.0 467.0 70532.0 545.0 542.0 546.0 543.0 554.0 558.0 556.0 567.0 596.0 597.0 594.0 70659.0 672.0 669.0 673.0 670.0 795.0 799.0 797.0 808.0 837.0 838.0 835.0 70900.0 913.0 910.0 914.0 911.0 861.0 865.0 839.0 850.0 859.0 834.0 831.0 70872.0 747.0 744.0 748.0 745.0 620.0 624.0 598.0 609.0 618.0 593.0 590.0 70631.0 506.0 503.0 507.0 504.0 294.0 
301.0 305.0 279.0 290.0 299.0 274.0 271.0 70312.0 187.0 184.0 188.0 185.0 60.0 64.0 38.0 49.0 58.0 12.0 0 70095.0 108.0 105.0 109.0 106.0 183.0 187.0 185.0 196.0 225.0 226.0 223.0 70288.0 301.0 298.0 302.0 299.0 424.0 428.0 426.0 437.0 466.0 467.0 464.0 70529.0 542.0 539.0 543.0 540.0 551.0 555.0 553.0 564.0 593.0 594.0 591.0 70656.0 669.0 666.0 670.0 667.0 792.0 796.0 794.0 805.0 834.0 835.0 832.0 70897.0 910.0 907.0 911.0 908.0 858.0 862.0 836.0 847.0 856.0 831.0 828.0 70869.0 744.0 741.0 745.0 742.0 617.0 621.0 595.0 606.0 615.0 590.0 587.0 70628.0 503.0 500.0 504.0 501.0 291.0 
70366.0 70370.0 70344.0 70355.0 70364.0 70339.0 70336.0 140377.0 70252.0 70249.0 70253.0 70250.0 70125.0 70129.0 70103.0 70114.0 70123.0 70098.0 70095.0 0 70149.0 70146.0 70150.0 70147.0 70224.0 70228.0 70226.0 70237.0 70266.0 70267.0 70264.0 140329.0 70342.0 70339.0 70343.0 70340.0 70465.0 70469.0 70467.0 70478.0 70507.0 70508.0 70505.0 140570.0 70583.0 70580.0 70584.0 70581.0 70592.0 70596.0 70594.0 70605.0 70634.0 70635.0 70632.0 140697.0 70710.0 70707.0 70711.0 70708.0 70833.0 70837.0 70835.0 70846.0 70875.0 70876.0 70873.0 140938.0 70951.0 70948.0 70952.0 70949.0 70923.0 70927.0 70901.0 70912.0 70921.0 70896.0 70893.0 140934.0 70809.0 70806.0 70810.0 70807.0 70682.0 70686.0 70660.0 70671.0 70680.0 70655.0 70652.0 140693.0 70568.0 70565.0 70569.0 70566.0 70356.0 
379.0 383.0 357.0 368.0 377.0 352.0 349.0 70390.0 265.0 262.0 266.0 263.0 138.0 142.0 116.0 127.0 136.0 111.0 108.0 70149.0 0 20.0 25.0 22.0 99.0 103.0 101.0 112.0 141.0 142.0 139.0 70204.0 217.0 214.0 218.0 215.0 340.0 344.0 342.0 353.0 382.0 383.0 380.0 70445.0 458.0 455.0 459.0 456.0 467.0 471.0 469.0 480.0 509.0 510.0 507.0 70572.0 585.0 582.0 586.0 583.0 708.0 712.0 710.0 721.0 750.0 751.0 748.0 70813.0 826.0 823.0 827.0 824.0 901.0 905.0 903.0 914.0 934.0 909.0 906.0 70947.0 822.0 819.0 823.0 820.0 695.0 699.0 673.0 684.0 693.0 668.0 665.0 70706.0 581.0 578.0 582.0 579.0 369.0 
376.0 380.0 354.0 365.0 374.0 349.0 346.0 70387.0 262.0 259.0 263.0 260.0 135.0 139.0 113.0 124.0 133.0 108.0 105.0 70146.0 20.0 0 12.0 19.0 96.0 100.0 98.0 109.0 138.0 139.0 136.0 70201.0 214.0 211.0 215.0 212.0 337.0 341.0 339.0 350.0 379.0 380.0 377.0 70442.0 455.0 452.0 456.0 453.0 464.0 468.0 466.0 477.0 506.0 507.0 504.0 70569.0 582.0 579.0 583.0 580.0 705.0 709.0 707.0 718.0 747.0 748.0 745.0 70810.0 823.0 820.0 824.0 821.0 898.0 902.0 900.0 911.0 931.0 906.0 903.0 70944.0 819.0 816.0 820.0 817.0 692.0 696.0 670.0 681.0 690.0 665.0 662.0 70703.0 578.0 575.0 579.0 576.0 366.0 
380.0 384.0 358.0 369.0 378.0 353.0 350.0 70391.0 266.0 263.0 267.0 264.0 139.0 143.0 117.0 128.0 137.0 112.0 109.0 70150.0 25.0 12.0 0 15.0 100.0 104.0 102.0 113.0 142.0 143.0 140.0 70205.0 218.0 215.0 219.0 216.0 341.0 345.0 343.0 354.0 383.0 384.0 381.0 70446.0 459.0 456.0 460.0 457.0 468.0 472.0 470.0 481.0 510.0 511.0 508.0 70573.0 586.0 583.0 587.0 584.0 709.0 713.0 711.0 722.0 751.0 752.0 749.0 70814.0 827.0 824.0 828.0 825.0 902.0 906.0 904.0 915.0 935.0 910.0 907.0 70948.0 823.0 820.0 824.0 821.0 696.0 700.0 674.0 685.0 694.0 669.0 666.0 70707.0 582.0 579.0 583.0 580.0 370.0 
377.0 381.0 355.0 366.0 375.0 350.0 347.0 70388.0 263.0 260.0 264.0 261.0 136.0 140.0 114.0 125.0 134.0 109.0 106.0 70147.0 22.0 19.0 15.0 0 97.0 101.0 99.0 110.0 139.0 140.0 137.0 70202.0 215.0 212.0 216.0 213.0 338.0 342.0 340.0 351.0 380.0 381.0 378.0 70443.0 456.0 453.0 457.0 454.0 465.0 469.0 467.0 478.0 507.0 508.0 505.0 70570.0 583.0 580.0 584.0 581.0 706.0 710.0 708.0 719.0 748.0 749.0 746.0 70811.0 824.0 821.0 825.0 822.0 899.0 903.0 901.0 912.0 932.0 907.0 904.0 70945.0 820.0 817.0 821.0 818.0 693.0 697.0 671.0 682.0 691.0 666.0 663.0 70704.0 579.0 576.0 580.0 577.0 367.0 
454.0 458.0 432.0 443.0 452.0 427.0 424.0 70465.0 340.0 337.0 341.0 338.0 213.0 217.0 191.0 202.0 211.0 186.0 183.0 70224.0 99.0 96.0 100.0 97.0 0 18.0 22.0 33.0 62.0 63.0 60.0 70125.0 138.0 135.0 139.0 136.0 261.0 265.0 263.0 274.0 303.0 304.0 301.0 70366.0 379.0 376.0 380.0 377.0 388.0 392.0 390.0 401.0 430.0 431.0 428.0 70493.0 506.0 503.0 507.0 504.0 629.0 633.0 631.0 642.0 671.0 672.0 669.0 70734.0 747.0 744.0 748.0 745.0 822.0 826.0 824.0 835.0 864.0 865.0 862.0 70927.0 897.0 894.0 898.0 895.0 770.0 774.0 748.0 759.0 768.0 743.0 740.0 70781.0 656.0 653.0 657.0 654.0 444.0 
458.0 462.0 436.0 447.0 456.0 431.0 428.0 70469.0 344.0 341.0 345.0 342.0 217.0 221.0 195.0 206.0 215.0 190.0 187.0 70228.0 103.0 100.0 104.0 101.0 18.0 0 26.0 37.0 66.0 67.0 64.0 70129.0 142.0 139.0 143.0 140.0 265.0 269.0 267.0 278.0 307.0 308.0 305.0 70370.0 383.0 380.0 384.0 381.0 392.0 396.0 394.0 405.0 434.0 435.0 432.0 70497.0 510.0 507.0 511.0 508.0 633.0 637.0 635.0 646.0 675.0 676.0 673.0 70738.0 751.0 748.0 752.0 749.0 826.0 830.0 828.0 839.0 868.0 869.0 866.0 70931.0 901.0 898.0 902.0 899.0 774.0 778.0 752.0 763.0 772.0 747.0 744.0 70785.0 660.0 657.0 661.0 658.0 448.0 
456.0 460.0 434.0 445.0 454.0 429.0 426.0 70467.0 342.0 339.0 343.0 340.0 215.0 219.0 193.0 204.0 213.0 188.0 185.0 70226.0 101.0 98.0 102.0 99.0 22.0 26.0 0 11.0 40.0 41.0 38.0 70103.0 116.0 113.0 117.0 114.0 239.0 243.0 241.0 252.0 281.0 282.0 279.0 70344.0 357.0 354.0 358.0 355.0 366.0 370.0 368.0 379.0 408.0 409.0 406.0 70471.0 484.0 481.0 485.0 482.0 607.0 611.0 609.0 620.0 649.0 650.0 647.0 70712.0 725.0 722.0 726.0 723.0 800.0 804.0 802.0 813.0 842.0 843.0 840.0 70905.0 899.0 896.0 900.0 897.0 772.0 776.0 750.0 761.0 770.0 745.0 742.0 70783.0 658.0 655.0 659.0 656.0 446.0 
467.0 471.0 445.0 456.0 465.0 440.0 437.0 70478.0 353.0 350.0 354.0 351.0 226.0 230.0 204.0 215.0 224.0 199.0 196.0 70237.0 112.0 109.0 113.0 110.0 33.0 37.0 11.0 0 51.0 52.0 49.0 70114.0 127.0 124.0 128.0 125.0 250.0 254.0 252.0 263.0 292.0 293.0 290.0 70355.0 368.0 365.0 369.0 366.0 377.0 381.0 379.0 390.0 419.0 420.0 417.0 70482.0 495.0 492.0 496.0 493.0 618.0 622.0 620.0 631.0 660.0 661.0 658.0 70723.0 736.0 733.0 737.0 734.0 811.0 815.0 813.0 824.0 853.0 854.0 851.0 70916.0 910.0 907.0 911.0 908.0 783.0 787.0 761.0 772.0 781.0 756.0 753.0 70794.0 669.0 666.0 670.0 667.0 457.0 
496.0 500.0 474.0 485.0 494.0 469.0 466.0 70507.0 382.0 379.0 383.0 380.0 255.0 259.0 233.0 244.0 253.0 228.0 225.0 70266.0 141.0 138.0 142.0 139.0 62.0 66.0 40.0 51.0 0 61.0 58.0 70123.0 136.0 133.0 137.0 134.0 259.0 263.0 261.0 272.0 301.0 302.0 299.0 70364.0 377.0 374.0 378.0 375.0 386.0 390.0 388.0 399.0 428.0 429.0 426.0 70491.0 504.0 501.0 505.0 502.0 627.0 631.0 629.0 640.0 669.0 670.0 667.0 70732.0 745.0 742.0 746.0 743.0 820.0 824.0 822.0 833.0 862.0 863.0 860.0 70925.0 938.0 935.0 939.0 936.0 812.0 816.0 790.0 801.0 810.0 785.0 782.0 70823.0 698.0 695.0 699.0 696.0 486.0 
497.0 501.0 475.0 486.0 495.0 470.0 467.0 70508.0 383.0 380.0 384.0 381.0 256.0 260.0 234.0 245.0 254.0 229.0 226.0 70267.0 142.0 139.0 143.0 140.0 63.0 67.0 41.0 52.0 61.0 0 12.0 70098.0 111.0 108.0 112.0 109.0 234.0 238.0 236.0 247.0 276.0 277.0 274.0 70339.0 352.0 349.0 353.0 350.0 361.0 365.0 363.0 374.0 403.0 404.0 401.0 70466.0 479.0 476.0 480.0 477.0 602.0 606.0 604.0 615.0 644.0 645.0 642.0 70707.0 720.0 717.0 721.0 718.0 795.0 799.0 797.0 808.0 837.0 838.0 835.0 70900.0 913.0 910.0 914.0 911.0 813.0 817.0 791.0 802.0 811.0 786.0 783.0 70824.0 699.0 696.0 700.0 697.0 487.0 
494.0 498.0 472.0 483.0 492.0 467.0 464.0 70505.0 380.0 377.0 381.0 378.0 253.0 257.0 231.0 242.0 251.0 226.0 223.0 70264.0 139.0 136.0 140.0 137.0 60.0 64.0 38.0 49.0 58.0 12.0 0 70095.0 108.0 105.0 109.0 106.0 231.0 235.0 233.0 244.0 273.0 274.0 271.0 70336.0 349.0 346.0 350.0 347.0 358.0 362.0 360.0 371.0 400.0 401.0 398.0 70463.0 476.0 473.0 477.0 474.0 599.0 603.0 601.0 612.0 641.0 642.0 639.0 70704.0 717.0 714.0 718.0 715.0 792.0 796.0 794.0 805.0 834.0 835.0 832.0 70897.0 910.0 907.0 911.0 908.0 810.0 814.0 788.0 799.0 808.0 783.0 780.0 70821.0 696.0 693.0 697.0 694.0 484.0 
70559.0 70563.0 70537.0 70548.0 70557.0 70532.0 70529.0 140570.0 70445.0 70442.0 70446.0 70443.0 70318.0 70322.0 70296.0 70307.0 70316.0 70291.0 70288.0 140329.0 70204.0 70201.0 70205.0 70202.0 70125.0 70129.0 70103.0 70114.0 70123.0 70098.0 70095.0 0 70149.0 70146.0 70150.0 70147.0 70272.0 70276.0 70274.0 70285.0 70314.0 70315.0 70312.0 140377.0 70390.0 70387.0 70391.0 70388.0 70399.0 70403.0 70401.0 70412.0 70441.0 70442.0 70439.0 140504.0 70517.0 70514.0 70518.0 70515.0 70640.0 70644.0 70642.0 70653.0 70682.0 70683.0 70680.0 140745.0 70758.0 70755.0 70759.0 70756.0 70833.0 70837.0 70835.0 70846.0 70875.0 70876.0 70873.0 140938.0 70951.0 70948.0 70952.0 70949.0 70875.0 70879.0 70853.0 70864.0 70873.0 70848.0 70845.0 140886.0 70761.0 70758.0 70762.0 70759.0 70549.0 
572.0 576.0 550.0 561.0 570.0 545.0 542.0 70583.0 458.0 455.0 459.0 456.0 331.0 335.0 309.0 320.0 329.0 304.0 301.0 70342.0 217.0 214.0 218.0 215.0 138.0 142.0 116.0 127.0 136.0 111.0 108.0 70149.0 0 20.0 25.0 22.0 147.0 151.0 149.0 160.0 189.0 190.0 187.0 70252.0 265.0 262.0 266.0 263.0 274.0 278.0 276.0 287.0 316.0 317.0 314.0 70379.0 392.0 389.0 393.0 390.0 515.0 519.0 517.0 528.0 557.0 558.0 555.0 70620.0 633.0 630.0 634.0 631.0 708.0 712.0 710.0 721.0 750.0 751.0 748.0 70813.0 826.0 823.0 827.0 824.0 888.0 892.0 866.0 877.0 886.0 861.0 858.0 70899.0 774.0 771.0 775.0 772.0 562.0 
569.0 573.0 547.0 558.0 567.0 542.0 539.0 70580.0 455.0 452.0 456.0 453.0 328.0 332.0 306.0 317.0 326.0 301.0 298.0 70339.0 214.0 211.0 215.0 212.0 135.0 139.0 113.0 124.0 133.0 108.0 105.0 70146.0 20.0 0 12.0 19.0 144.0 148.0 146.0 157.0 186.0 187.0 184.0 70249.0 262.0 259.0 263.0 260.0 271.0 275.0 273.0 284.0 313.0 314.0 311.0 70376.0 389.0 386.0 390.0 387.0 512.0 516.0 514.0 525.0 554.0 555.0 552.0 70617.0 630.0 627.0 631.0 628.0 705.0 709.0 707.0 718.0 747.0 748.0 745.0 70810.0 823.0 820.0 824.0 821.0 885.0 889.0 863.0 874.0 883.0 858.0 855.0 70896.0 771.0 768.0 772.0 769.0 559.0 
573.0 577.0 551.0 562.0 571.0 546.0 543.0 70584.0 459.0 456.0 460.0 457.0 332.0 336.0 310.0 321.0 330.0 305.0 302.0 70343.0 218.0 215.0 219.0 216.0 139.0 143.0 117.0 128.0 137.0 112.0 109.0 70150.0 25.0 12.0 0 15.0 148.0 152.0 150.0 161.0 190.0 191.0 188.0 70253.0 266.0 263.0 267.0 264.0 275.0 279.0 277.0 288.0 317.0 318.0 315.0 70380.0 393.0 390.0 394.0 391.0 516.0 520.0 518.0 529.0 558.0 559.0 556.0 70621.0 634.0 631.0 635.0 632.0 709.0 713.0 711.0 722.0 751.0 752.0 749.0 70814.0 827.0 824.0 828.0 825.0 889.0 893.0 867.0 878.0 887.0 862.0 859.0 70900.0 775.0 772.0 776.0 773.0 563.0 
570.0 574.0 548.0 559.0 568.0 543.0 540.0 70581.0 456.0 453.0 457.0 454.0 329.0 333.0 307.0 318.0 327.0 302.0 299.0 70340.0 215.0 212.0 216.0 213.0 136.0 140.0 114.0 125.0 134.0 109.0 106.0 70147.0 22.0 19.0 15.0 0 145.0 149.0 147.0 158.0 187.0 188.0 185.0 70250.0 263.0 260.0 264.0 261.0 272.0 276.0 274.0 285.0 314.0 315.0 312.0 70377.0 390.0 387.0 391.0 388.0 513.0 517.0 515.0 526.0 555.0 556.0 553.0 70618.0 631.0 628.0 632.0 629.0 706.0 710.0 708.0 719.0 748.0 749.0 746.0 70811.0 824.0 821.0 825.0 822.0 886.0 890.0 864.0 875.0 884.0 859.0 856.0 70897.0 772.0 769.0 773.0 770.0 560.0 
695.0 699.0 673.0 684.0 693.0 668.0 665.0 70706.0 581.0 578.0 582.0 579.0 454.0 458.0 432.0 443.0 452.0 427.0 424.0 70465.0 340.0 337.0 341.0 338.0 261.0 265.0 239.0 250.0 259.0 234.0 231.0 70272.0 147.0 144.0 148.0 145.0 0 18.0 22.0 33.0 62.0 63.0 60.0 70125.0 138.0 135.0 139.0 136.0 147.0 151.0 149.0 160.0 189.0 190.0 187.0 70252.0 265.0 262.0 266.0 263.0 388.0 392.0 390.0 401.0 430.0 431.0 428.0 70493.0 506.0 503.0 507.0 504.0 581.0 585.0 583.0 594.0 623.0 624.0 621.0 70686.0 699.0 696.0 700.0 697.0 822.0 826.0 824.0 835.0 864.0 865.0 862.0 70927.0 897.0 894.0 898.0 895.0 685.0 
699.0 703.0 677.0 688.0 697.0 672.0 669.0 70710.0 585.0 582.0 586.0 583.0 458.0 462.0 436.0 447.0 456.0 431.0 428.0 70469.0 344.0 341.0 345.0 342.0 265.0 269.0 243.0 254.0 263.0 238.0 235.0 70276.0 151.0 148.0 152.0 149.0 18.0 0 26.0 37.0 66.0 67.0 64.0 70129.0 142.0 139.0 143.0 140.0 151.0 155.0 153.0 164.0 193.0 194.0 191.0 70256.0 269.0 266.0 270.0 267.0 392.0 396.0 394.0 405.0 434.0 435.0 432.0 70497.0 510.0 507.0 511.0 508.0 585.0 589.0 587.0 598.0 627.0 628.0 625.0 70690.0 703.0 700.0 704.0 701.0 826.0 830.0 828.0 839.0 868.0 869.0 866.0 70931.0 901.0 898.0 902.0 899.0 689.0 
697.0 701.0 675.0 686.0 695.0 670.0 667.0 70708.0 583.0 580.0 584.0 581.0 456.0 460.0 434.0 445.0 454.0 429.0 426.0 70467.0 342.0 339.0 343.0 340.0 263.0 267.0 241.0 252.0 261.0 236.0 233.0 70274.0 149.0 146.0 150.0 147.0 22.0 26.0 0 11.0 40.0 41.0 38.0 70103.0 116.0 113.0 117.0 114.0 125.0 129.0 127.0 138.0 167.0 168.0 165.0 70230.0 243.0 240.0 244.0 241.0 366.0 370.0 368.0 379.0 408.0 409.0 406.0 70471.0 484.0 481.0 485.0 482.0 559.0 563.0 561.0 572.0 601.0 602.0 599.0 70664.0 677.0 674.0 678.0 675.0 800.0 804.0 802.0 813.0 842.0 843.0 840.0 70905.0 899.0 896.0 900.0 897.0 687.0 
708.0 712.0 686.0 697.0 706.0 681.0 678.0 70719.0 594.0 591.0 595.0 592.0 467.0 471.0 445.0 456.0 465.0 440.0 437.0 70478.0 353.0 350.0 354.0 351.0 274.0 278.0 252.0 263.0 272.0 247.0 244.0 70285.0 160.0 157.0 161.0 158.0 33.0 37.0 11.0 0 51.0 52.0 49.0 70114.0 127.0 124.0 128.0 125.0 136.0 140.0 138.0 149.0 178.0 179.0 176.0 70241.0 254.0 251.0 255.0 252.0 377.0 381.0 379.0 390.0 419.0 420.0 417.0 70482.0 495.0 492.0 496.0 493.0 570.0 574.0 572.0 583.0 612.0 613.0 610.0 70675.0 688.0 685.0 689.0 686.0 811.0 815.0 813.0 824.0 853.0 854.0 851.0 70916.0 910.0 907.0 911.0 908.0 698.0 
737.0 741.0 715.0 726.0 735.0 710.0 707.0 70748.0 623.0 620.0 624.0 621.0 496.0 500.0 474.0 485.0 494.0 469.0 466.0 70507.0 382.0 379.0 383.0 380.0 303.0 307.0 281.0 292.0 301.0 276.0 273.0 70314.0 189.0 186.0 190.0 187.0 62.0 66.0 40.0 51.0 0 61.0 58.0 70123.0 136.0 133.0 137.0 134.0 145.0 149.0 147.0 158.0 187.0 188.0 185.0 70250.0 263.0 260.0 264.0 261.0 386.0 390.0 388.0 399.0 428.0 429.0 426.0 70491.0 504.0 501.0 505.0 502.0 579.0 583.0 581.0 592.0 621.0 622.0 619.0 70684.0 697.0 694.0 698.0 695.0 820.0 824.0 822.0 833.0 862.0 863.0 860.0 70925.0 938.0 935.0 939.0 936.0 727.0 
738.0 742.0 716.0 727.0 736.0 711.0 708.0 70749.0 624.0 621.0 625.0 622.0 497.0 501.0 475.0 486.0 495.0 470.0 467.0 70508.0 383.0 380.0 384.0 381.0 304.0 308.0 282.0 293.0 302.0 277.0 274.0 70315.0 190.0 187.0 191.0 188.0 63.0 67.0 41.0 52.0 61.0 0 12.0 70098.0 111.0 108.0 112.0 109.0 120.0 124.0 122.0 133.0 162.0 163.0 160.0 70225.0 238.0 235.0 239.0 236.0 361.0 365.0 363.0 374.0 403.0 404.0 401.0 70466.0 479.0 476.0 480.0 477.0 554.0 558.0 556.0 567.0 596.0 597.0 594.0 70659.0 672.0 669.0 673.0 670.0 795.0 799.0 797.0 808.0 837.0 838.0 835.0 70900.0 913.0 910.0 914.0 911.0 728.0 
735.0 739.0 713.0 724.0 733.0 708.0 705.0 70746.0 621.0 618.0 622.0 619.0 494.0 498.0 472.0 483.0 492.0 467.0 464.0 70505.0 380.0 377.0 381.0 378.0 301.0 305.0 279.0 290.0 299.0 274.0 271.0 70312.0 187.0 184.0 188.0 185.0 60.0 64.0 38.0 49.0 58.0 12.0 0 70095.0 108.0 105.0 109.0 106.0 117.0 121.0 119.0 130.0 159.0 160.0 157.0 70222.0 235.0 232.0 236.0 233.0 358.0 362.0 360.0 371.0 400.0 401.0 398.0 70463.0 476.0 473.0 477.0 474.0 551.0 555.0 553.0 564.0 593.0 594.0 591.0 70656.0 669.0 666.0 670.0 667.0 792.0 796.0 794.0 805.0 834.0 835.0 832.0 70897.0 910.0 907.0 911.0 908.0 725.0 
70800.0 70804.0 70778.0 70789.0 70798.0 70773.0 70770.0 140811.0 70686.0 70683.0 70687.0 70684.0 70559.0 70563.0 70537.0 70548.0 70557.0 70532.0 70529.0 140570.0 70445.0 70442.0 70446.0 70443.0 70366.0 70370.0 70344.0 70355.0 70364.0 70339.0 70336.0 140377.0 70252.0 70249.0 70253.0 70250.0 70125.0 70129.0 70103.0 70114.0 70123.0 70098.0 70095.0 0 70149.0 70146.0 70150.0 70147.0 70158.0 70162.0 70160.0 70171.0 70200.0 70201.0 70198.0 140263.0 70276.0 70273.0 70277.0 70274.0 70399.0 70403.0 70401.0 70412.0 70441.0 70442.0 70439.0 140504.0 70517.0 70514.0 70518.0 70515.0 70592.0 70596.0 70594.0 70605.0 70634.0 70635.0 70632.0 140697.0 70710.0 70707.0 70711.0 70708.0 70833.0 70837.0 70835.0 70846.0 70875.0 70876.0 70873.0 140938.0 70951.0 70948.0 70952.0 70949.0 70790.0 
813.0 817.0 791.0 802.0 811.0 786.0 783.0 70824.0 699.0 696.0 700.0 697.0 572.0 576.0 550.0 561.0 570.0 545.0 542.0 70583.0 458.0 455.0 459.0 456.0 379.0 383.0 357.0 368.0 377.0 352.0 349.0 70390.0 265.0 262.0 266.0 263.0 138.0 142.0 116.0 127.0 136.0 111.0 108.0 70149.0 0 20.0 25.0 22.0 33.0 37.0 35.0 46.0 75.0 76.0 73.0 70138.0 151.0 148.0 152.0 149.0 274.0 278.0 276.0 287.0 316.0 317.0 314.0 70379.0 392.0 389.0 393.0 390.0 467.0 471.0 469.0 480.0 509.0 510.0 507.0 70572.0 585.0 582.0 586.0 583.0 708.0 712.0 710.0 721.0 750.0 751.0 748.0 70813.0 826.0 823.0 827.0 824.0 803.0 
810.0 814.0 788.0 799.0 808.0 783.0 780.0 70821.0 696.0 693.0 697.0 694.0 569.0 573.0 547.0 558.0 567.0 542.0 539.0 70580.0 455.0 452.0 456.0 453.0 376.0 380.0 354.0 365.0 374.0 349.0 346.0 70387.0 262.0 259.0 263.0 260.0 135.0 139.0 113.0 124.0 133.0 108.0 105.0 70146.0 20.0 0 12.0 19.0 30.0 34.0 32.0 43.0 72.0 73.0 70.0 70135.0 148.0 145.0 149.0 146.0 271.0 275.0 273.0 284.0 313.0 314.0 311.0 70376.0 389.0 386.0 390.0 387.0 464.0 468.0 466.0 477.0 506.0 507.0 504.0 70569.0 582.0 579.0 583.0 580.0 705.0 709.0 707.0 718.0 747.0 748.0 745.0 70810.0 823.0 820.0 824.0 821.0 800.0 
814.0 818.0 792.0 803.0 812.0 787.0 784.0 70825.0 700.0 697.0 701.0 698.0 573.0 577.0 551.0 562.0 571.0 546.0 543.0 70584.0 459.0 456.0 460.0 457.0 380.0 384.0 358.0 369.0 378.0 353.0 350.0 70391.0 266.0 263.0 267.0 264.0 139.0 143.0 117.0 128.0 137.0 112.0 109.0 70150.0 25.0 12.0 0 15.0 34.0 38.0 36.0 47.0 76.0 77.0 74.0 70139.0 152.0 149.0 153.0 150.0 275.0 279.0 277.0 288.0 317.0 318.0 315.0 70380.0 393.0 390.0 394.0 391.0 468.0 472.0 470.0 481.0 510.0 511.0 508.0 70573.0 586.0 583.0 587.0 584.0 709.0 713.0 711.0 722.0 751.0 752.0 749.0 70814.0 827.0 824.0 828.0 825.0 804.0 
811.0 815.0 789.0 800.0 809.0 784.0 781.0 70822.0 697.0 694.0 698.0 695.0 570.0 574.0 548.0 559.0 568.0 543.0 540.0 70581.0 456.0 453.0 457.0 454.0 377.0 381.0 355.0 366.0 375.0 350.0 347.0 70388.0 263.0 260.0 264.0 261.0 136.0 140.0 114.0 125.0 134.0 109.0 106.0 70147.0 22.0 19.0 15.0 0 31.0 35.0 33.0 44.0 73.0 74.0 71.0 70136.0 149.0 146.0 150.0 147.0 272.0 276.0 274.0 285.0 314.0 315.0 312.0 70377.0 390.0 387.0 391.0 388.0 465.0 469.0 467.0 478.0 507.0 508.0 505.0 70570.0 583.0 580.0 584.0 581.0 706.0 710.0 708.0 719.0 748.0 749.0 746.0 70811.0 824.0 821.0 825.0 822.0 801.0 
822.0 826.0 800.0 811.0 820.0 795.0 792.0 70833.0 708.0 705.0 709.0 706.0 581.0 585.0 559.0 570.0 579.0 554.0 551.0 70592.0 467.0 464.0 468.0 465.0 388.0 392.0 366.0 377.0 386.0 361.0 358.0 70399.0 274.0 271.0 275.0 272.0 147.0 151.0 125.0 136.0 145.0 120.0 117.0 70158.0 33.0 30.0 34.0 31.0 0 18.0 22.0 33.0 62.0 63.0 60.0 70125.0 138.0 135.0 139.0 136.0 261.0 265.0 263.0 274.0 303.0 304.0 301.0 70366.0 379.0 376.0 380.0 377.0 454.0 458.0 456.0 467.0 496.0 497.0 494.0 70559.0 572.0 569.0 573.0 570.0 695.0 699.0 697.0 708.0 737.0 738.0 735.0 70800.0 813.0 810.0 814.0 811.0 812.0 
826.0 830.0 804.0 815.0 824.0 799.0 796.0 70837.0 712.0 709.0 713.0 710.0 585.0 589.0 563.0 574.0 583.0 558.0 555.0 70596.0 471.0 468.0 472.0 469.0 392.0 396.0 370.0 381.0 390.0 365.0 362.0 70403.0 278.0 275.0 279.0 276.0 151.0 155.0 129.0 140.0 149.0 124.0 121.0 70162.0 37.0 34.0 38.0 35.0 18.0 0 26.0 37.0 66.0 67.0 64.0 70129.0 142.0 139.0 143.0 140.0 265.0 269.0 267.0 278.0 307.0 308.0 305.0 70370.0 383.0 380.0 384.0 381.0 458.0 462.0 460.0 471.0 500.0 501.0 498.0 70563.0 576.0 573.0 577.0 574.0 699.0 703.0 701.0 712.0 741.0 742.0 739.0 70804.0 817.0 814.0 818.0 815.0 816.0 
824.0 828.0 802.0 813.0 822.0 797.0 794.0 70835.0 710.0 707.0 711.0 708.0 583.0 587.0 561.0 572.0 581.0 556.0 553.0 70594.0 469.0 466.0 470.0 467.0 390.0 394.0 368.0 379.0 388.0 363.0 360.0 70401.0 276.0 273.0 277.0 274.0 149.0 153.0 127.0 138.0 147.0 122.0 119.0 70160.0 35.0 32.0 36.0 33.0 22.0 26.0 0 11.0 40.0 41.0 38.0 70103.0 116.0 113.0 117.0 114.0 239.0 243.0 241.0 252.0 281.0 282.0 279.0 70344.0 357.0 354.0 358.0 355.0 432.0 436.0 434.0 445.0 474.0 475.0 472.0 70537.0 550.0 547.0 551.0 548.0 673.0 677.0 675.0 686.0 715.0 716.0 713.0 70778.0 791.0 788.0 792.0 789.0 814.0 
835.0 839.0 813.0 824.0 833.0 808.0 805.0 70846.0 721.0 718.0 722.0 719.0 594.0 598.0 572.0 583.0 592.0 567.0 564.0 70605.0 480.0 477.0 481.0 478.0 401.0 405.0 379.0 390.0 399.0 374.0 371.0 70412.0 287.0 284.0 288.0 285.0 160.0 164.0 138.0 149.0 158.0 133.0 130.0 70171.0 46.0 43.0 47.0 44.0 33.0 37.0 11.0 0 51.0 52.0 49.0 70114.0 127.0 124.0 128.0 125.0 250.0 254.0 252.0 263.0 292.0 293.0 290.0 70355.0 368.0 365.0 369.0 366.0 443.0 447.0 445.0 456.0 485.0 486.0 483.0 70548.0 561.0 558.0 562.0 559.0 684.0 688.0 686.0 697.0 726.0 727.0 724.0 70789.0 802.0 799.0 803.0 800.0 825.0 
864.0 868.0 842.0 853.0 862.0 837.0 834.0 70875.0 750.0 747.0 751.0 748.0 623.0 627.0 601.0 612.0 621.0 596.0 593.0 70634.0 509.0 506.0 510.0 507.0 430.0 434.0 408.0 419.0 428.0 403.0 400.0 70441.0 316.0 313.0 317.0 314.0 189.0 193.0 167.0 178.0 187.0 162.0 159.0 70200.0 75.0 72.0 76.0 73.0 62.0 66.0 40.0 51.0 0 61.0 58.0 70123.0 136.0 133.0 137.0 134.0 259.0 263.0 261.0 272.0 301.0 302.0 299.0 70364.0 377.0 374.0 378.0 375.0 452.0 456.0 454.0 465.0 494.0 495.0 492.0 70557.0 570.0 567.0 571.0 568.0 693.0 697.0 695.0 706.0 735.0 736.0 733.0 70798.0 811.0 808.0 812.0 809.0 854.0 
865.0 869.0 843.0 854.0 863.0 838.0 835.0 70876.0 751.0 748.0 752.0 749.0 624.0 628.0 602.0 613.0 622.0 597.0 594.0 70635.0 510.0 507.0 511.0 508.0 431.0 435.0 409.0 420.0 429.0 404.0 401.0 70442.0 317.0 314.0 318.0 315.0 190.0 194.0 168.0 179.0 188.0 163.0 160.0 70201.0 76.0 73.0 77.0 74.0 63.0 67.0 41.0 52.0 61.0 0 12.0 70098.0 111.0 108.0 112.0 109.0 234.0 238.0 236.0 247.0 276.0 277.0 274.0 70339.0 352.0 349.0 353.0 350.0 427.0 431.0 429.0 440.0 469.0 470.0 467.0 70532.0 545.0 542.0 546.0 543.0 668.0 672.0 670.0 681.0 710.0 711.0 708.0 70773.0 786.0 783.0 787.0 784.0 855.0 
862.0 866.0 840.0 851.0 860.0 835.0 832.0 70873.0 748.0 745.0 749.0 746.0 621.0 625.0 599.0 610.0 619.0 594.0 591.0 70632.0 507.0 504.0 508.0 505.0 428.0 432.0 406.0 417.0 426.0 401.0 398.0 70439.0 314.0 311.0 315.0 312.0 187.0 191.0 165.0 176.0 185.0 160.0 157.0 70198.0 73.0 70.0 74.0 71.0 60.0 64.0 38.0 49.0 58.0 12.0 0 70095.0 108.0 105.0 109.0 106.0 231.0 235.0 233.0 244.0 273.0 274.0 271.0 70336.0 349.0 346.0 350.0 347.0 424.0 428.0 426.0 437.0 466.0 467.0 464.0 70529.0 542.0 539.0 543.0 540.0 665.0 669.0 667.0 678.0 707.0 708.0 705.0 70770.0 783.0 780.0 784.0 781.0 852.0 
70927.0 70931.0 70905.0 70916.0 70925.0 70900.0 70897.0 140938.0 70813.0 70810.0 70814.0 70811.0 70686.0 70690.0 70664.0 70675.0 70684.0 70659.0 70656.0 140697.0 70572.0 70569.0 70573.0 70570.0 70493.0 70497.0 70471.0 70482.0 70491.0 70466.0 70463.0 140504.0 70379.0 70376.0 70380.0 70377.0 70252.0 70256.0 70230.0 70241.0 70250.0 70225.0 70222.0 140263.0 70138.0 70135.0 70139.0 70136.0 70125.0 70129.0 70103.0 70114.0 70123.0 70098.0 70095.0 0 70149.0 70146.0 70150.0 70147.0 70272.0 70276.0 70274.0 70285.0 70314.0 70315.0 70312.0 140377.0 70390.0 70387.0 70391.0 70388.0 70465.0 70469.0 70467.0 70478.0 70507.0 70508.0 70505.0 140570.0 70583.0 70580.0 70584.0 70581.0 70706.0 70710.0 70708.0 70719.0 70748.0 70749.0 70746.0 140811.0 70824.0 70821.0 70825.0 70822.0 70917.0 
897.0 901.0 899.0 910.0 938.0 913.0 910.0 70951.0 826.0 823.0 827.0 824.0 699.0 703.0 677.0 688.0 697.0 672.0 669.0 70710.0 585.0 582.0 586.0 583.0 506.0 510.0 484.0 495.0 504.0 479.0 476.0 70517.0 392.0 389.0 393.0 390.0 265.0 269.0 243.0 254.0 263.0 238.0 235.0 70276.0 151.0 148.0 152.0 149.0 138.0 142.0 116.0 127.0 136.0 111.0 108.0 70149.0 0 20.0 25.0 22.0 147.0 151.0 149.0 160.0 189.0 190.0 187.0 70252.0 265.0 262.0 266.0 263.0 340.0 344.0 342.0 353.0 382.0 383.0 380.0 70445.0 458.0 455.0 459.0 456.0 581.0 585.0 583.0 594.0 623.0 624.0 621.0 70686.0 699.0 696.0 700.0 697.0 887.0 
894.0 898.0 896.0 907.0 935.0 910.0 907.0 70948.0 823.0 820.0 824.0 821.0 696.0 700.0 674.0 685.0 694.0 669.0 666.0 70707.0 582.0 579.0 583.0 580.0 503.0 507.0 481.0 492.0 501.0 476.0 473.0 70514.0 389.0 386.0 390.0 387.0 262.0 266.0 240.0 251.0 260.0 235.0 232.0 70273.0 148.0 145.0 149.0 146.0 135.0 139.0 113.0 124.0 133.0 108.0 105.0 70146.0 20.0 0 12.0 19.0 144.0 148.0 146.0 157.0 186.0 187.0 184.0 70249.0 262.0 259.0 263.0 260.0 337.0 341.0 339.0 350.0 379.0 380.0 377.0 70442.0 455.0 452.0 456.0 453.0 578.0 582.0 580.0 591.0 620.0 621.0 618.0 70683.0 696.0 693.0 697.0 694.0 884.0 
898.0 902.0 900.0 911.0 939.0 914.0 911.0 70952.0 827.0 824.0 828.0 825.0 700.0 704.0 678.0 689.0 698.0 673.0 670.0 70711.0 586.0 583.0 587.0 584.0 507.0 511.0 485.0 496.0 505.0 480.0 477.0 70518.0 393.0 390.0 394.0 391.0 266.0 270.0 244.0 255.0 264.0 239.0 236.0 70277.0 152.0 149.0 153.0 150.0 139.0 143.0 117.0 128.0 137.0 112.0 109.0 70150.0 25.0 12.0 0 15.0 148.0 152.0 150.0 161.0 190.0 191.0 188.0 70253.0 266.0 263.0 267.0 264.0 341.0 345.0 343.0 354.0 383.0 384.0 381.0 70446.0 459.0 456.0 460.0 457.0 582.0 586.0 584.0 595.0 624.0 625.0 622.0 70687.0 700.0 697.0 701.0 698.0 888.0 
895.0 899.0 897.0 908.0 936.0 911.0 908.0 70949.0 824.0 821.0 825.0 822.0 697.0 701.0 675.0 686.0 695.0 670.0 667.0 70708.0 583.0 580.0 584.0 581.0 504.0 508.0 482.0 493.0 502.0 477.0 474.0 70515.0 390.0 387.0 391.0 388.0 263.0 267.0 241.0 252.0 261.0 236.0 233.0 70274.0 149.0 146.0 150.0 147.0 136.0 140.0 114.0 125.0 134.0 109.0 106.0 70147.0 22.0 19.0 15.0 0 145.0 149.0 147.0 158.0 187.0 188.0 185.0 70250.0 263.0 260.0 264.0 261.0 338.0 342.0 340.0 351.0 380.0 381.0 378.0 70443.0 456.0 453.0 457.0 454.0 579.0 583.0 581.0 592.0 621.0 622.0 619.0 70684.0 697.0 694.0 698.0 695.0 885.0 
770.0 774.0 772.0 783.0 812.0 813.0 810.0 70875.0 888.0 885.0 889.0 886.0 822.0 826.0 800.0 811.0 820.0 795.0 792.0 70833.0 708.0 705.0 709.0 706.0 629.0 633.0 607.0 618.0 627.0 602.0 599.0 70640.0 515.0 512.0 516.0 513.0 388.0 392.0 366.0 377.0 386.0 361.0 358.0 70399.0 274.0 271.0 275.0 272.0 261.0 265.0 239.0 250.0 259.0 234.0 231.0 70272.0 147.0 144.0 148.0 145.0 0 18.0 22.0 33.0 62.0 63.0 60.0 70125.0 138.0 135.0 139.0 136.0 213.0 217.0 215.0 226.0 255.0 256.0 253.0 70318.0 331.0 328.0 332.0 329.0 454.0 458.0 456.0 467.0 496.0 497.0 494.0 70559.0 572.0 569.0 573.0 570.0 760.0 
774.0 778.0 776.0 787.0 816.0 817.0 814.0 70879.0 892.0 889.0 893.0 890.0 826.0 830.0 804.0 815.0 824.0 799.0 796.0 70837.0 712.0 709.0 713.0 710.0 633.0 637.0 611.0 622.0 631.0 606.0 603.0 70644.0 519.0 516.0 520.0 517.0 392.0 396.0 370.0 381.0 390.0 365.0 362.0 70403.0 278.0 275.0 279.0 276.0 265.0 269.0 243.0 254.0 263.0 238.0 235.0 70276.0 151.0 148.0 152.0 149.0 18.0 0 26.0 37.0 66.0 67.0 64.0 70129.0 142.0 139.0 143.0 140.0 217.0 221.0 219.0 230.0 259.0 260.0 257.0 70322.0 335.0 332.0 336.0 333.0 458.0 462.0 460.0 471.0 500.0 501.0 498.0 70563.0 576.0 573.0 577.0 574.0 764.0 
748.0 752.0 750.0 761.0 790.0 791.0 788.0 70853.0 866.0 863.0 867.0 864.0 824.0 828.0 802.0 813.0 822.0 797.0 794.0 70835.0 710.0 707.0 711.0 708.0 631.0 635.0 609.0 620.0 629.0 604.0 601.0 70642.0 517.0 514.0 518.0 515.0 390.0 394.0 368.0 379.0 388.0 363.0 360.0 70401.0 276.0 273.0 277.0 274.0 263.0 267.0 241.0 252.0 261.0 236.0 233.0 70274.0 149.0 146.0 150.0 147.0 22.0 26.0 0 11.0 40.0 41.0 38.0 70103.0 116.0 113.0 117.0 114.0 191.0 195.0 193.0 204.0 233.0 234.0 231.0 70296.0 309.0 306.0 310.0 307.0 432.0 436.0 434.0 445.0 474.0 475.0 472.0 70537.0 550.0 547.0 551.0 548.0 738.0 
759.0 763.0 761.0 772.0 801.0 802.0 799.0 70864.0 877.0 874.0 878.0 875.0 835.0 839.0 813.0 824.0 833.0 808.0 805.0 70846.0 721.0 718.0 722.0 719.0 642.0 646.0 620.0 631.0 640.0 615.0 612.0 70653.0 528.0 525.0 529.0 526.0 401.0 405.0 379.0 390.0 399.0 374.0 371.0 70412.0 287.0 284.0 288.0 285.0 274.0 278.0 252.0 263.0 272.0 247.0 244.0 70285.0 160.0 157.0 161.0 158.0 33.0 37.0 11.0 0 51.0 52.0 49.0 70114.0 127.0 124.0 128.0 125.0 202.0 206.0 204.0 215.0 244.0 245.0 242.0 70307.0 320.0 317.0 321.0 318.0 443.0 447.0 445.0 456.0 485.0 486.0 483.0 70548.0 561.0 558.0 562.0 559.0 749.0 
768.0 772.0 770.0 781.0 810.0 811.0 808.0 70873.0 886.0 883.0 887.0 884.0 864.0 868.0 842.0 853.0 862.0 837.0 834.0 70875.0 750.0 747.0 751.0 748.0 671.0 675.0 649.0 660.0 669.0 644.0 641.0 70682.0 557.0 554.0 558.0 555.0 430.0 434.0 408.0 419.0 428.0 403.0 400.0 70441.0 316.0 313.0 317.0 314.0 303.0 307.0 281.0 292.0 301.0 276.0 273.0 70314.0 189.0 186.0 190.0 187.0 62.0 66.0 40.0 51.0 0 61.0 58.0 70123.0 136.0 133.0 137.0 134.0 211.0 215.0 213.0 224.0 253.0 254.0 251.0 70316.0 329.0 326.0 330.0 327.0 452.0 456.0 454.0 465.0 494.0 495.0 492.0 70557.0 570.0 567.0 571.0 568.0 758.0 
