51
L11 L87 L94 L5 L29 L82 L2 L31 L89 L15 L50 L36 L75 L30 L85 L52 L67 L92 L51 L66 L57 L39 L64 L23 L95 L55 L91 L56 L21 L83 L3 L98 L25 L8 L41 L63 L18 L10 L97 L19 L84 L26 L16 L69 L80 L35 L6 L12 L1 L46 Soda
0 23.32497 63.33538 51.07964 44.758579999999995 55.11282 50.190659999999994 21.90797 49.75269 45.89846 52.22922 43.68481 48.77566 47.08086 51.39304 22.91496 20.31958 45.606489999999994 47.494029999999995 43.220169999999996 35.19038 28.44695 43.930989999999994 21.71839 60.82869 45.483689999999996 47.13314 54.29725 43.586929999999995 43.06715 58.59592 34.26974 43.319900000000004 48.340239999999994 51.41299 42.90854 59.42557 45.9221 44.532129999999995 43.865219999999994 26.4549 21.08646 42.715819999999994 55.02311 48.161 49.58079 46.142759999999996 41.5172 42.39286 49.89529 44.14036 
23.32497 0 59.2606 45.39984 48.30568 34.39069 52.585210000000004 45.23294 54.398939999999996 50.70955 44.62925 48.06331 38.34608 46.56501 28.06807 46.23993 24.69808 47.041309999999996 50.85485 35.986 38.43916 46.28648 48.30949 27.0077 37.50372 56.08703 49.2219 32.76065 46.14438 54.471199999999996 45.90025 54.03138 56.59128 45.06627 35.45638 43.35006 45.04311 37.03893 58.57903 46.656009999999995 49.77987 44.411429999999996 44.245909999999995 55.88458 54.474959999999996 43.16231 51.432069999999996 54.86786 60.368520000000004 30.35278 48.95859 
63.33538 59.2606 0 49.209270000000004 47.436620000000005 48.91793 44.00809 41.76566 47.818560000000005 49.98599 49.2798 52.91767 23.88773 47.446600000000004 47.336290000000005 46.14584 52.968379999999996 52.499629999999996 25.79393 50.069 50.730869999999996 46.14832 47.88438 52.00425 21.75688 45.84504 48.88216 29.37222 42.58152 48.93051 23.97564 46.896559999999994 43.14596 50.60218 48.24696 48.159729999999996 45.20445 48.21546 51.76451 27.14486 53.363820000000004 42.24892 20.95781 52.49615 26.56716 31.07985 33.4395 21.81818 33.88913 49.768 54.838930000000005 
51.07964 45.39984 49.209270000000004 0 42.86734 48.048640000000006 26.28669 29.17167 52.8805 48.29782 38.99462 50.46852 51.42188 27.21556 27.97332 56.08143 42.491479999999996 28.97234 50.47458 47.03346 45.756299999999996 36.52618 49.88389 53.68079 46.96034 50.05005 49.12715 46.27337 25.39377 53.376090000000005 47.94023 45.01128 25.57126 25.04341 47.33965 52.14878 48.86061 61.56301 48.40473 48.695989999999995 51.191509999999994 49.36793 47.01748 50.81851 33.80618 33.15286 29.25642 48.13236 33.58979 36.2798 50.99857 
44.758579999999995 48.30568 47.436620000000005 42.86734 0 56.05546 41.786159999999995 22.85061 43.806740000000005 25.25031 43.45843 36.60496 47.78116 50.428529999999995 47.89179 41.567859999999996 41.189679999999996 48.21119 31.32289 44.16281 44.454499999999996 49.722049999999996 36.45754 34.40536 57.34505 53.531099999999995 51.59706 32.27059 42.40042 38.29549 49.96378 20.59691 38.7446 45.22231 48.87656 42.79639 44.974109999999996 42.43243 48.11407 20.29176 46.51072 23.69116 42.96573 35.28181 43.319379999999995 22.13826 44.76513 26.83621 23.96442 48.47734 44.592439999999996 
55.11282 34.39069 48.91793 48.048640000000006 56.05546 0 44.57126 33.20485 51.94685 55.721140000000005 50.5543 58.79071 47.28757 22.84249 37.41291 42.01433 57.005 48.16193 57.90263 21.1063 57.571979999999996 33.81042 55.083420000000004 46.52512 31.96345 43.26983 58.566739999999996 44.23519 50.75599 59.197869999999995 24.94229 58.421440000000004 36.30333 23.00523 52.80426 44.47068 37.01004 54.95326 59.1368 55.25914 42.16632 36.07427 45.36653 56.67013 52.86804 53.346959999999996 37.57861 31.19871 35.77242 49.76726 32.54202 
50.190659999999994 52.585210000000004 44.00809 26.28669 41.786159999999995 44.57126 0 28.28269 36.33407 52.273179999999996 43.52002 45.22448 43.890640000000005 53.502250000000004 53.66283 42.98368 52.126450000000006 48.398070000000004 24.952 23.46496 48.13001 48.62674 48.64644 41.65257 46.78163 28.7499 50.626810000000006 51.0287 49.316230000000004 33.48762 67.13759 48.34621 36.93488 51.3301 61.668499999999995 47.317800000000005 22.57392 47.37353 49.529889999999995 49.67592 44.52498 47.72361 49.09054 58.46044 47.37425 45.40977 46.17016 43.1578 49.3905 43.432900000000004 52.91099 
21.90797 45.23294 41.76566 29.17167 22.85061 33.20485 28.28269 0 50.798519999999996 23.99049 52.10286 52.920649999999995 26.86769 38.98945 46.63197 42.22023 42.227549999999994 53.28025 53.23469 21.3122 50.58091 50.35492 47.57025 43.62636 52.103359999999995 43.47573 61.37375 32.38928 38.23636 28.65238 58.14714 43.44752 54.74293 53.61924 50.7889 45.71085 37.5176 50.831019999999995 36.46842 43.14237 42.37222 42.994429999999994 20.80785 54.54476 26.25303 41.63532 58.42809 49.68682 46.81503 28.49853 24.6283 
49.75269 54.398939999999996 47.818560000000005 52.8805 43.806740000000005 51.94685 36.33407 50.798519999999996 0 48.972350000000006 43.6666 45.80925 23.93083 50.528909999999996 26.33087 34.52451 50.84422 43.86314 43.052499999999995 46.28813 28.46751 21.97801 56.66578 49.021519999999995 54.80097 47.95016 47.484700000000004 23.52466 45.53642 47.789379999999994 56.948679999999996 37.64375 48.22945 43.41219 35.93051 20.6867 30.59326 45.65565 33.07445 23.51498 25.22811 44.07525 54.63947 46.56217 42.377520000000004 53.42911 24.59715 46.30815 60.84265 45.40823 41.76925 
45.89846 50.70955 49.98599 48.29782 25.25031 55.721140000000005 52.273179999999996 23.99049 48.972350000000006 0 53.0158 52.95401 31.82674 48.225629999999995 22.64148 30.81175 29.58878 55.75546 53.728750000000005 44.75668 42.80055 45.41952 44.73605 53.15943 49.26916 46.628460000000004 43.79531 50.373540000000006 22.90405 44.21192 56.328630000000004 27.30797 51.743480000000005 32.71591 26.79841 44.053309999999996 32.97538 53.80648 48.61618 32.68878 52.82779 45.39305 44.52776 30.55427 23.41883 37.16512 37.44362 52.08652 38.08843 52.48902 48.618790000000004 
52.22922 44.62925 49.2798 38.99462 43.45843 50.5543 43.52002 52.10286 43.6666 53.0158 0 45.03619 43.702349999999996 28.98256 35.59033 51.69869 36.09067 41.547160000000005 44.98992 30.79066 31.42075 53.64761 48.45815 51.14949 46.59334 50.120580000000004 56.74416 37.48328 45.70684 27.47274 52.57936 30.82474 44.66981 43.39196 44.80474 48.936589999999995 22.38563 22.56839 50.6974 23.16667 34.25821 43.440470000000005 56.60354 46.73259 29.59697 45.22148 43.062129999999996 48.20289 22.13407 44.43408 43.63275 
43.68481 48.06331 52.91767 50.46852 36.60496 58.79071 45.22448 52.920649999999995 45.80925 52.95401 45.03619 0 43.96728 51.03636 58.00241 48.86928 23.36523 35.93224 42.430260000000004 49.58494 44.667919999999995 51.98769 46.97664 24.16612 46.85827 54.754180000000005 55.45917 23.54545 53.26381 44.94318 52.92214 47.026830000000004 53.55113 44.775409999999994 53.86072 34.47951 22.65056 48.967749999999995 52.776939999999996 44.1107 43.147189999999995 46.358360000000005 64.40185 32.36152 47.45089 45.48641 21.2121 36.28506 31.01539 44.5998 46.57996 
48.77566 38.34608 23.88773 51.42188 47.78116 47.28757 43.890640000000005 26.86769 23.93083 31.82674 43.702349999999996 43.96728 0 55.32196 23.44856 47.0893 57.96472 51.29993 49.68166 26.18127 43.60763 45.90884 47.38924 32.6226 45.524429999999995 48.344800000000006 36.39038 47.45549 53.8311 38.32231 47.86337 53.11291 31.60664 45.51058999999999 56.94960999999999 44.61753 21.31672 52.76726 51.0865 47.44581 47.241290000000006 49.306039999999996 44.84554 43.652820000000006 46.11705 44.15257 48.52798 45.70591 54.14238 50.68588 51.316860000000005 
47.08086 46.56501 47.446600000000004 27.21556 50.428529999999995 22.84249 53.502250000000004 38.98945 50.528909999999996 48.225629999999995 28.98256 51.03636 55.32196 0 55.18888 32.54802 55.04978 46.13621 54.06 43.94879 57.74765 45.12032000000001 47.09122 30.85845 54.80594000000001 47.53409 47.2087 46.16144 29.19057 45.117549999999994 47.78478 57.56958 52.78682 24.93148 43.49487 36.55031 51.36819 51.55095 54.82311 48.35879 51.62862 46.05916 50.81428 56.35165 53.27045 51.631190000000004 55.28282 25.62842 35.34686 52.842169999999996 38.56952 
51.39304 28.06807 47.336290000000005 27.97332 47.89179 37.41291 53.66283 46.63197 26.33087 22.64148 35.59033 58.00241 23.44856 55.18888 0 29.71304 52.23026 56.945660000000004 52.51075 48.752520000000004 20.15907 48.30888 53.03775 54.89817000000001 38.2635 34.48373 21.15383 49.43382 44.384479999999996 58.58525 62.355199999999996 49.94945 32.92962 53.01673 49.439890000000005 47.01757 44.765280000000004 58.15872 52.46574 49.84585 45.68522 32.70593 49.93213 53.195750000000004 46.06031 51.421589999999995 45.85124 35.02064 54.012330000000006 58.42085 57.89928 
22.91496 46.23993 46.14584 56.08143 41.567859999999996 42.01433 42.98368 42.22023 34.52451 30.81175 51.69869 48.86928 47.0893 32.54802 29.71304 0 43.234539999999996 46.00045 47.17006 20.90803 49.87211 49.75341 33.17789 41.43427 58.40646 43.071560000000005 50.86687 32.342 52.28998 62.55663 52.72377 49.86775 52.45212 45.43991 57.5305 44.70181 46.39486 53.987840000000006 46.92514 46.25823 41.968050000000005 44.001419999999996 31.58024 50.338750000000005 50.28902 52.40771 59.12166 45.38595 55.55346 48.60916 46.53337 
20.31958 24.69808 52.968379999999996 42.491479999999996 41.189679999999996 57.005 52.126450000000006 42.227549999999994 50.84422 29.58878 36.09067 23.36523 57.96472 55.04978 52.23026 43.234539999999996 0 49.296369999999996 27.17445 45.3558 44.07864 48.76653 23.61141 42.03797 62.18068 31.38895 57.00249 46.91068 29.89858 56.88764 55.61349 43.333619999999996 45.893519999999995 51.05795 56.387190000000004 49.54025 46.015789999999996 25.60252 49.47525 47.74319 46.77448 41.40604 51.52229 38.78395 44.92863 50.84154 44.57733 50.0325 48.001760000000004 55.05086 49.336380000000005 
45.606489999999994 47.041309999999996 52.499629999999996 28.97234 48.21119 48.16193 48.398070000000004 53.28025 43.86314 55.75546 41.547160000000005 35.93224 51.29993 46.13621 56.945660000000004 46.00045 49.296369999999996 0 45.54224 44.83514 49.39319 49.665279999999996 44.78459 45.12989 56.73412 48.346410000000006 56.77324 23.12741 54.36611 45.42157 38.06942 28.44749 44.638149999999996 44.35737 55.84698 23.17644 32.52641 33.9901 21.80468 45.42477 34.27164 24.52003 45.35958 46.25134 47.002030000000005 55.36226 38.12324 44.95077 45.82643 45.91387 44.25899 
47.494029999999995 50.85485 25.79393 50.47458 31.32289 57.90263 24.952 53.23469 43.052499999999995 53.728750000000005 44.98992 42.430260000000004 49.68166 54.06 52.51075 47.17006 27.17445 45.54224 0 48.41696 32.35168 57.37789000000001 50.78586 45.64253 35.00623 31.11625 59.46627 52.60291 53.63937 54.93527 49.76957 51.9198 46.97424 45.69639 49.35064 22.3658 47.52592 22.42153 52.783 33.74292 43.15325 38.14314 46.75174 59.05391 30.30992 53.46115 21.21816 47.61211 24.4385 48.146860000000004 43.448350000000005 
43.220169999999996 35.986 50.069 47.03346 44.16281 21.1063 23.46496 21.3122 46.28813 44.75668 30.79066 49.58494 26.18127 43.94879 48.752520000000004 20.90803 45.3558 44.83514 48.41696 0 47.7605 35.66231 50.592420000000004 25.41882 53.06975 22.16353 45.71459 48.55873 32.28731 41.6486 46.048590000000004 47.8756 50.150850000000005 42.8601 42.42456 41.14389 42.83694 53.359049999999996 48.70526 44.88984 21.06002 47.61106 42.03974 49.62823 46.71067 48.16224 42.99511 52.305009999999996 52.92473 33.59808 29.63203 
35.19038 38.43916 50.730869999999996 45.756299999999996 44.454499999999996 57.571979999999996 48.13001 50.58091 28.46751 42.80055 31.42075 44.667919999999995 43.60763 57.74765 20.15907 49.87211 44.07864 49.39319 32.35168 47.7605 0 49.59389 32.87868 35.25665 54.52719 25.59697 41.3129 29.27475 51.396770000000004 44.839330000000004 54.0711 46.59844 49.158339999999995 50.30542 54.43433 32.98161 30.31948 52.046279999999996 32.30667 44.58231 48.02261 24.87316 29.77306 52.39868 50.216 50.600530000000006 53.06466 34.14182 38.12345 54.915319999999994 53.29125 
28.44695 46.28648 46.14832 36.52618 49.722049999999996 33.81042 48.62674 50.35492 21.97801 45.41952 53.64761 51.98769 45.90884 45.12032000000001 48.30888 49.75341 48.76653 49.665279999999996 57.37789000000001 35.66231 49.59389 0 47.426010000000005 50.16534 52.4997 44.72798 38.56458 42.66414 44.834289999999996 26.17487 34.97067 51.74211 52.44804 21.43418 47.12558 42.152829999999994 38.26302 44.73753 49.79176 45.492990000000006 47.20612 36.78801 55.98049 27.3013 49.92232 45.40687 46.57516 24.33014 42.69207 24.48858 50.024820000000005 
43.930989999999994 48.30949 47.88438 49.88389 36.45754 55.083420000000004 48.64644 47.57025 56.66578 44.73605 48.45815 46.97664 47.38924 47.09122 53.03775 33.17789 23.61141 44.78459 50.78586 50.592420000000004 32.87868 47.426010000000005 0 45.375249999999994 47.16755 55.00036 54.58221 47.44059 53.50999 48.36514 60.638819999999996 50.72603 53.28593 52.21629 48.19641 50.40633 26.07252 49.21393 46.51457 34.42269 52.13131 49.344359999999995 53.061620000000005 29.87207 21.31722 32.23415 58.896060000000006 55.316990000000004 58.2264 48.6332 29.32378 
21.71839 27.0077 52.00425 53.68079 34.40536 46.52512 41.65257 43.62636 49.021519999999995 53.15943 51.14949 24.16612 32.6226 30.85845 54.89817000000001 41.43427 42.03797 45.12989 45.64253 25.41882 35.25665 50.16534 45.375249999999994 0 52.85838 47.582350000000005 54.58079 47.711569999999995 50.93065 29.13402 51.36444 46.94287 31.4693 51.5957 29.6946 44.197050000000004 46.81668 28.5811 47.98048 44.026740000000004 46.35946 22.19224 60.60457 46.27604 51.00591 53.74789 24.42437 42.62298 43.49864 44.51584 51.954930000000004 
60.82869 37.50372 21.75688 46.96034 57.34505 31.96345 46.78163 52.103359999999995 54.80097 49.26916 46.59334 46.85827 45.524429999999995 54.80594000000001 38.2635 58.40646 62.18068 56.73412 35.00623 53.06975 54.52719 52.4997 47.16755 52.85838 0 51.297889999999995 56.94548 51.129099999999994 56.85496 46.50033 24.74559 56.871120000000005 21.38908 54.28853 26.49008 50.758669999999995 24.20771 54.75656 38.8118 48.87795 50.479910000000004 50.53115 42.71469 46.63633 25.85033 47.04356 55.196380000000005 43.57506 43.92482 28.01112 48.02526 
45.483689999999996 56.08703 45.84504 50.05005 53.531099999999995 43.26983 28.7499 43.47573 47.95016 46.628460000000004 50.120580000000004 54.754180000000005 48.344800000000006 47.53409 34.48373 43.071560000000005 31.38895 48.346410000000006 31.11625 22.16353 25.59697 44.72798 55.00036 47.582350000000005 51.297889999999995 0 47.58637 47.531890000000004 46.04323 34.35044 38.38769 61.62589 49.3752 52.01868 51.589870000000005 43.36177 51.32382 52.97283 26.54173 46.76162 22.72205 37.81077 54.99838 51.29026 48.44019 34.34777 44.65714 44.76813 46.83491 54.76798 48.36313 
47.13314 49.2219 48.88216 49.12715 51.59706 58.566739999999996 50.626810000000006 61.37375 47.484700000000004 43.79531 56.74416 55.45917 36.39038 47.2087 21.15383 50.86687 57.00249 56.77324 59.46627 45.71459 41.3129 38.56458 54.58221 54.58079 56.94548 47.58637 0 47.6276 30.4695 38.29007 64.48152999999999 58.58622 50.699 37.91962 56.279920000000004 45.011219999999994 56.1768 58.52629 48.228480000000005 48.411069999999995 44.254400000000004 46.84013 49.91911 36.71069 48.5359 51.68347 44.42042 48.03187 54.41978 56.159189999999995 36.74545 
54.29725 32.76065 29.37222 46.27337 32.27059 44.23519 51.0287 32.38928 23.52466 50.373540000000006 37.48328 23.54545 47.45549 46.16144 49.43382 32.342 46.91068 23.12741 52.60291 48.55873 29.27475 42.66414 47.44059 47.711569999999995 51.129099999999994 47.531890000000004 47.6276 0 48.98072 47.73802 38.40487 51.19386 45.072140000000005 21.22996 59.455169999999995 44.21136 43.72716 57.117509999999996 42.60162 47.039640000000006 31.75512 41.21327 49.55713 23.12393 42.909040000000005 47.83076 44.757549999999995 48.13347 42.487849999999995 44.076170000000005 42.83198 
43.586929999999995 46.14438 42.58152 25.39377 42.40042 50.75599 49.316230000000004 38.23636 45.53642 22.90405 45.70684 53.26381 53.8311 29.19057 44.384479999999996 52.28998 29.89858 54.36611 53.63937 32.28731 51.396770000000004 44.834289999999996 53.50999 50.93065 56.85496 46.04323 30.4695 48.98072 0 43.626689999999996 48.68477 30.09932 35.46588 27.75076 46.23676 43.46808 49.230760000000004 55.501099999999994 55.63978 46.86793 44.68976 51.8878 21.62371 29.39826 46.32288 42.45118 44.855779999999996 47.06825 38.94499 47.59709 43.05378 
43.06715 54.471199999999996 48.93051 53.376090000000005 38.29549 59.197869999999995 33.48762 28.65238 47.789379999999994 44.21192 27.47274 44.94318 38.32231 45.117549999999994 58.58525 62.55663 56.88764 45.42157 54.93527 41.6486 44.839330000000004 26.17487 48.36514 29.13402 46.50033 34.35044 38.29007 47.73802 43.626689999999996 0 53.01854 50.2322 46.45036 36.19264 28.18088 40.945229999999995 22.29262 32.51374 23.61689 44.345079999999996 49.825540000000004 51.326260000000005 45.44134 53.476169999999996 47.09295 24.61387 42.37223 48.08022 47.67687 45.04767 53.280680000000004 
58.59592 45.90025 23.97564 47.94023 49.96378 24.94229 67.13759 58.14714 56.948679999999996 56.328630000000004 52.57936 52.92214 47.86337 47.78478 62.355199999999996 52.72377 55.61349 38.06942 49.76957 46.048590000000004 54.0711 34.97067 60.638819999999996 51.36444 24.74559 38.38769 64.48152999999999 38.40487 48.68477 53.01854 0 51.98384 46.13467 29.54294 29.53022 47.672470000000004 48.9533 30.01097 56.472390000000004 49.1964 54.692710000000005 57.37128 44.93344999999999 33.05018 50.5428 28.40467 57.41514 36.94054 50.800830000000005 52.75671 51.49898 
34.26974 54.03138 46.896559999999994 45.01128 20.59691 58.421440000000004 48.34621 43.44752 37.64375 27.30797 30.82474 47.026830000000004 53.11291 57.56958 49.94945 49.86775 43.333619999999996 28.44749 51.9198 47.8756 46.59844 51.74211 50.72603 46.94287 56.871120000000005 61.62589 58.58622 51.19386 30.09932 50.2322 51.98384 0 45.50199 57.50088 54.10638 34.83152 53.21037 53.247910000000005 50.25217 40.888670000000005 58.96562 44.288070000000005 25.93875 30.39741 31.02079 31.02691 62.240899999999996 33.1433 44.56133 47.72685 47.96104 
43.319900000000004 56.59128 43.14596 25.57126 38.7446 36.30333 36.93488 54.74293 48.22945 51.743480000000005 44.66981 53.55113 31.60664 52.78682 32.92962 52.45212 45.893519999999995 44.638149999999996 46.97424 50.150850000000005 49.158339999999995 52.44804 53.28593 31.4693 21.38908 49.3752 50.699 45.072140000000005 35.46588 46.45036 46.13467 45.50199 0 43.79363 27.56921 55.60767 45.59679 60.050399999999996 22.83347 50.64694 29.09083 34.36844 50.98536 25.24725 45.98044 50.90216 47.624979999999994 47.71758 22.53574 27.95946 42.78675 
48.340239999999994 45.06627 50.60218 25.04341 45.22231 23.00523 51.3301 53.61924 43.41219 32.71591 43.39196 44.775409999999994 45.51058999999999 24.93148 53.01673 45.43991 51.05795 44.35737 45.69639 42.8601 50.30542 21.43418 52.21629 51.5957 54.28853 52.01868 37.91962 21.22996 27.75076 36.19264 29.54294 57.50088 43.79363 0 46.17003 42.488690000000005 33.3973 52.87845 56.136939999999996 50.54074 52.985079999999996 42.56429 43.38454 33.6649 48.334540000000004 51.32222 35.45574 45.76432 21.25789 27.91069 43.67606 
51.41299 35.45638 48.24696 47.33965 48.87656 52.80426 61.668499999999995 50.7889 35.93051 26.79841 44.80474 53.86072 56.94960999999999 43.49487 49.439890000000005 57.5305 56.387190000000004 55.84698 49.35064 42.42456 54.43433 47.12558 48.19641 29.6946 26.49008 51.589870000000005 56.279920000000004 59.455169999999995 46.23676 28.18088 29.53022 54.10638 27.56921 46.17003 0 55.003919999999994 50.4735 35.16485 50.402680000000004 48.59582 54.09213 45.398830000000004 46.43433 51.32097 41.52861 47.30234 38.28445 43.16655 24.91214 54.5012 34.90139 
42.90854 43.35006 48.159729999999996 52.14878 42.79639 44.47068 47.317800000000005 45.71085 20.6867 44.053309999999996 48.936589999999995 34.47951 44.61753 36.55031 47.01757 44.70181 49.54025 23.17644 22.3658 41.14389 32.98161 42.152829999999994 50.40633 44.197050000000004 50.758669999999995 43.36177 45.011219999999994 44.21136 43.46808 40.945229999999995 47.672470000000004 34.83152 55.60767 42.488690000000005 55.003919999999994 0 26.55096 44.78733 32.7742 44.18647 28.73772 45.2421 41.66833 51.58124 42.485150000000004 47.458870000000005 43.583960000000005 36.42485 46.8043 48.2868 21.08255 
59.42557 45.04311 45.20445 48.86061 44.974109999999996 37.01004 22.57392 37.5176 30.59326 32.97538 22.38563 22.65056 21.31672 51.36819 44.765280000000004 46.39486 46.015789999999996 32.52641 47.52592 42.83694 30.31948 38.26302 26.07252 46.81668 24.20771 51.32382 56.1768 43.72716 49.230760000000004 22.29262 48.9533 53.21037 45.59679 33.3973 50.4735 26.55096 0 31.45054 45.90951 45.5523 55.28868 51.516310000000004 43.36138 38.77675 24.80033 22.83585 33.39442 52.1131 44.5197 47.2256 47.63351 
45.9221 37.03893 48.21546 61.56301 42.43243 54.95326 47.37353 50.831019999999995 45.65565 53.80648 22.56839 48.967749999999995 52.76726 51.55095 58.15872 53.987840000000006 25.60252 33.9901 22.42153 53.359049999999996 52.046279999999996 44.73753 49.21393 28.5811 54.75656 52.97283 58.52629 57.117509999999996 55.501099999999994 32.51374 30.01097 53.247910000000005 60.050399999999996 52.87845 35.16485 44.78733 31.45054 0 55.79478 22.14067 48.359629999999996 50.05001 55.10589 56.38915 45.16829 34.27842 43.63969 36.15241 44.70246 33.73843 26.20272 
44.532129999999995 58.57903 51.76451 48.40473 48.11407 59.1368 49.529889999999995 36.46842 33.07445 48.61618 50.6974 52.776939999999996 51.0865 54.82311 52.46574 46.92514 49.47525 21.80468 52.783 48.70526 32.30667 49.79176 46.51457 47.98048 38.8118 26.54173 48.228480000000005 42.60162 55.63978 23.61689 56.472390000000004 50.25217 22.83347 56.136939999999996 50.402680000000004 32.7742 45.90951 55.79478 0 41.74169 49.26378 41.81415 57.27627 48.08072 25.19735 48.230760000000004 31.56484 48.73435 45.369209999999995 28.22625 42.01683 
43.865219999999994 46.656009999999995 27.14486 48.695989999999995 20.29176 55.25914 49.67592 43.14237 23.51498 32.68878 23.16667 44.1107 47.44581 48.35879 49.84585 46.25823 47.74319 45.42477 33.74292 44.88984 44.58231 45.492990000000006 34.42269 44.026740000000004 48.87795 46.76162 48.411069999999995 47.039640000000006 46.86793 44.345079999999996 49.1964 40.888670000000005 50.64694 50.54074 48.59582 44.18647 45.5523 22.14067 41.74169 0 26.21896 43.98292 48.10267 51.771609999999995 23.02762 42.43002 24.47337 47.127970000000005 44.25618 44.81072 41.34992 
26.4549 49.77987 53.363820000000004 51.191509999999994 46.51072 42.16632 44.52498 42.37222 25.22811 52.82779 34.25821 43.147189999999995 47.241290000000006 51.62862 45.68522 41.968050000000005 46.77448 34.27164 43.15325 21.06002 48.02261 47.20612 52.13131 46.35946 50.479910000000004 22.72205 44.254400000000004 31.75512 44.68976 49.825540000000004 54.692710000000005 58.96562 29.09083 52.985079999999996 54.09213 28.73772 55.28868 48.359629999999996 49.26378 26.21896 0 47.54136 51.65521 28.56821 49.246579999999994 56.767610000000005 21.93509 49.90989 50.860150000000004 53.30087 47.172219999999996 
21.08646 44.411429999999996 42.24892 49.36793 23.69116 36.07427 47.72361 42.994429999999994 44.07525 45.39305 43.440470000000005 46.358360000000005 49.306039999999996 46.05916 32.70593 44.001419999999996 41.40604 24.52003 38.14314 47.61106 24.87316 36.78801 49.344359999999995 22.19224 50.53115 37.81077 46.84013 41.21327 51.8878 51.326260000000005 57.37128 44.288070000000005 34.36844 42.56429 45.398830000000004 45.2421 51.516310000000004 50.05001 41.81415 43.98292 47.54136 0 54.64622 54.80368 42.121570000000006 45.82942 46.61661 20.43074 21.3064 41.89566 42.04451 
42.715819999999994 44.245909999999995 20.95781 47.01748 42.96573 45.36653 49.09054 20.80785 54.63947 44.52776 56.60354 64.40185 44.84554 50.81428 49.93213 31.58024 51.52229 45.35958 46.75174 42.03974 29.77306 55.98049 53.061620000000005 60.60457 42.71469 54.99838 49.91911 49.55713 21.62371 45.44134 44.93344999999999 25.93875 50.98536 43.38454 46.43433 41.66833 43.36138 55.10589 57.27627 48.10267 51.65521 54.64622 0 50.82274 44.93712 20.82747 51.82123 42.77599 54.846940000000004 31.49191 33.88112 
55.02311 55.88458 52.49615 50.81851 35.28181 56.67013 58.46044 54.54476 46.56217 30.55427 46.73259 32.36152 43.652820000000006 56.35165 53.195750000000004 50.338750000000005 38.78395 46.25134 59.05391 49.62823 52.39868 27.3013 29.87207 46.27604 46.63633 51.29026 36.71069 23.12393 29.39826 53.476169999999996 33.05018 30.39741 25.24725 33.6649 51.32097 51.58124 38.77675 56.38915 48.08072 51.771609999999995 28.56821 54.80368 50.82274 0 28.74399 29.99527 45.9577 51.4617 35.42569 51.78988 46.52832 
48.161 54.474959999999996 26.56716 33.80618 43.319379999999995 52.86804 47.37425 26.25303 42.377520000000004 23.41883 29.59697 47.45089 46.11705 53.27045 46.06031 50.28902 44.92863 47.002030000000005 30.30992 46.71067 50.216 49.92232 21.31722 51.00591 25.85033 48.44019 48.5359 42.909040000000005 46.32288 47.09295 50.5428 31.02079 45.98044 48.334540000000004 41.52861 42.485150000000004 24.80033 45.16829 25.19735 23.02762 49.246579999999994 42.121570000000006 44.93712 28.74399 0 47.366119999999995 47.50099 41.66934 51.73104 52.661410000000004 42.61268 
49.58079 43.16231 31.07985 33.15286 22.13826 53.346959999999996 45.40977 41.63532 53.42911 37.16512 45.22148 45.48641 44.15257 51.631190000000004 51.421589999999995 52.40771 50.84154 55.36226 53.46115 48.16224 50.600530000000006 45.40687 32.23415 53.74789 47.04356 34.34777 51.68347 47.83076 42.45118 24.61387 28.40467 31.02691 50.90216 51.32222 47.30234 47.458870000000005 22.83585 34.27842 48.230760000000004 42.43002 56.767610000000005 45.82942 20.82747 29.99527 47.366119999999995 0 50.35302 48.97447 46.10268 34.52585 48.662000000000006 
46.142759999999996 51.432069999999996 33.4395 29.25642 44.76513 37.57861 46.17016 58.42809 24.59715 37.44362 43.062129999999996 21.2121 48.52798 55.28282 45.85124 59.12166 44.57733 38.12324 21.21816 42.99511 53.06466 46.57516 58.896060000000006 24.42437 55.196380000000005 44.65714 44.42042 44.757549999999995 44.855779999999996 42.37223 57.41514 62.240899999999996 47.624979999999994 35.45574 38.28445 43.583960000000005 33.39442 43.63969 31.56484 24.47337 21.93509 46.61661 51.82123 45.9577 47.50099 50.35302 0 50.07590999999999 45.65666 37.38737 42.85786 
41.5172 54.86786 21.81818 48.13236 26.83621 31.19871 43.1578 49.68682 46.30815 52.08652 48.20289 36.28506 45.70591 25.62842 35.02064 45.38595 50.0325 44.95077 47.61211 52.305009999999996 34.14182 24.33014 55.316990000000004 42.62298 43.57506 44.76813 48.03187 48.13347 47.06825 48.08022 36.94054 33.1433 47.71758 45.76432 43.16655 36.42485 52.1131 36.15241 48.73435 47.127970000000005 49.90989 20.43074 42.77599 51.4617 41.66934 48.97447 50.07590999999999 0 35.31967 46.601259999999996 44.25062 
42.39286 60.368520000000004 33.88913 33.58979 23.96442 35.77242 49.3905 46.81503 60.84265 38.08843 22.13407 31.01539 54.14238 35.34686 54.012330000000006 55.55346 48.001760000000004 45.82643 24.4385 52.92473 38.12345 42.69207 58.2264 43.49864 43.92482 46.83491 54.41978 42.487849999999995 38.94499 47.67687 50.800830000000005 44.56133 22.53574 21.25789 24.91214 46.8043 44.5197 44.70246 45.369209999999995 44.25618 50.860150000000004 21.3064 54.846940000000004 35.42569 51.73104 46.10268 45.65666 35.31967 0 37.10599 43.91118 
49.89529 30.35278 49.768 36.2798 48.47734 49.76726 43.432900000000004 28.49853 45.40823 52.48902 44.43408 44.5998 50.68588 52.842169999999996 58.42085 48.60916 55.05086 45.91387 48.146860000000004 33.59808 54.915319999999994 24.48858 48.6332 44.51584 28.01112 54.76798 56.159189999999995 44.076170000000005 47.59709 45.04767 52.75671 47.72685 27.95946 27.91069 54.5012 48.2868 47.2256 33.73843 28.22625 44.81072 53.30087 41.89566 31.49191 51.78988 52.661410000000004 34.52585 37.38737 46.601259999999996 37.10599 0 47.37999 
44.14036 48.95859 54.838930000000005 50.99857 44.592439999999996 32.54202 52.91099 24.6283 41.76925 48.618790000000004 43.63275 46.57996 51.316860000000005 38.56952 57.89928 46.53337 49.336380000000005 44.25899 43.448350000000005 29.63203 53.29125 50.024820000000005 29.32378 51.954930000000004 48.02526 48.36313 36.74545 42.83198 43.05378 53.280680000000004 51.49898 47.96104 42.78675 43.67606 34.90139 21.08255 47.63351 26.20272 42.01683 41.34992 47.172219999999996 42.04451 33.88112 46.52832 42.61268 48.662000000000006 42.85786 44.25062 43.91118 47.37999 0 
