101
L49 L69 L34 L194 L4 L151 L132 L121 L76 L103 L22 L192 L12 L39 L101 L74 L86 L0 L89 L190 L24 L54 L183 L97 L43 L90 L113 L115 L93 L70 L159 L186 L191 L85 L11 L83 L99 L164 L167 L157 L189 L173 L168 L61 L172 L130 L107 L13 L177 L63 L37 L125 L193 L149 L45 L116 L163 L98 L84 L108 L50 L5 L75 L14 L27 L25 L188 L114 L198 L158 L126 L62 L169 L176 L135 L67 L145 L171 L52 L174 L9 L35 L102 L124 L81 L143 L32 L150 L44 L21 L60 L68 L122 L79 L92 L23 L166 L117 L119 L133 Soda
0 31.78107 50.6399 48.911519999999996 24.76532 45.67111 45.63531999999999 45.88798 47.59064 44.41234 37.35211 42.022909999999996 44.5711 34.03932 44.84086 31.10455 42.10132 42.43928 30.87043 42.60794 46.309740000000005 28.13351 20.21523 40.98926 41.33014 44.73236 47.02214 43.76505 43.1297 45.09205 44.82728 25.5146 48.35536 52.35118 37.13948 49.97355 23.85766 40.18079 48.25251 41.06335 41.512 29.4884 45.89261 50.656639999999996 42.28734 42.75395 40.27575 44.95631 46.42706 41.5202 29.80422 49.499080000000006 52.836079999999995 25.97368 23.77684 42.75748 43.85883 42.2384 43.61761 44.65562 44.97504 46.978049999999996 46.5305 49.57052 44.13484 37.37614 49.09164 41.633250000000004 41.49939 40.93791 40.18343 41.38196 40.66741 42.26035 33.77463 47.71656 48.32902 33.16599 26.06128 51.15533 41.764669999999995 43.97307 24.18561 48.68151 50.16269 50.95822 42.8378 22.24609 46.79063 45.64749 40.65576 30.21446 36.03938 45.861760000000004 49.38468 42.67328 43.93828 48.59042 44.78015 33.20106 22.3317 
31.78107 0 25.99507 41.91547 46.33167 50.873509999999996 42.774 40.78178 45.67232 52.87743 48.347750000000005 43.79169 41.69725 21.57307 40.3458 41.37311 47.449510000000004 53.224940000000004 56.0697 44.05729 28.7035 40.45964 42.76055 42.83791 48.23073 35.9699 31.85443 48.60239 45.53211 41.10089000000001 49.01773 49.498639999999995 37.43285 41.69124 28.894 50.17182 45.382509999999996 45.67613 44.11804 45.2947 45.43446 50.725570000000005 20.95296 41.7965 44.663669999999996 53.45638 56.743359999999996 44.75849 40.89157 47.89562 50.95649 57.28537 46.35234 48.63473 50.543440000000004 42.30172 41.778859999999995 42.22025 46.80145 41.36122 24.9926 24.01187 45.6523 48.6986 44.017250000000004 41.643519999999995 42.52816 25.77255 47.09841 51.89281 41.91175 44.06675 55.985780000000005 38.00401 20.65223 42.41679 33.15571 49.86591 36.3472 55.601079999999996 47.13525 44.935900000000004 45.32106 32.4223 49.11777 53.27715 44.25584 52.585539999999995 41.44726 46.23774 41.159859999999995 48.627979999999994 43.63573 52.01584 41.578230000000005 46.34409 44.342600000000004 44.118399999999994 20.03323 45.79294 43.58019 
50.6399 25.99507 0 37.21757 50.32058 45.11213 45.270120000000006 44.98322 25.53421 46.77926 43.60808 43.56975 40.99895 45.20385 47.327 29.02426 50.94068 41.33811 42.45039 48.88096 49.169 48.66542 42.893429999999995 44.404650000000004 43.09152 45.058800000000005 30.89576 48.880579999999995 43.530370000000005 46.96514 26.85449 44.06015 47.49119 41.32582 46.74937 24.17675 44.965410000000006 22.73788 42.86371 50.61775 36.00163 46.837469999999996 46.94803 37.96308 37.60661 43.10261 49.566050000000004 43.45201 23.37144 30.92409 24.96142 45.3467 34.40249 49.0621 30.56917 42.06379 45.51147 45.04067 50.49687 45.626400000000004 44.72697 44.836780000000005 46.49772 28.5485 46.93409 30.72794 25.6325 28.57636 21.10334 54.696619999999996 47.135999999999996 43.96877 45.97139 41.934650000000005 46.6473 36.74191 29.37234 46.08187 24.57862 29.60601 41.57329 49.0947 46.1028 45.80574 52.44596 50.65926 47.590410000000006 46.922979999999995 20.48402 45.94406 47.489959999999996 41.77972 41.32509 46.01113 49.3806 20.43538 46.41311 28.20851 46.0283 51.11636 49.78268 
48.911519999999996 41.91547 37.21757 0 42.50748 46.67644 42.783550000000005 43.760549999999995 41.40512 48.002480000000006 42.79616 46.56003 41.7068 36.37726 41.539410000000004 40.22867 48.23532 27.23117 42.85638 47.60771 54.804249999999996 43.80806 47.399879999999996 43.81017 51.26706 30.09605 25.97568 30.88936 35.98927 51.108599999999996 42.0945 41.69422 46.037409999999994 42.92755 43.66863 45.51747 49.55474 50.05297 25.34671 47.60908 20.01414 45.6148 20.96251 37.62825 45.86282 37.36307 44.61931 36.09038 43.72173 44.10982 46.47021 26.18078 46.412890000000004 45.93832 50.65808 47.86926 33.75013 33.22952 28.0987 37.17443 43.91505 36.28122 48.45899 42.92221 45.42433 42.623400000000004 21.81462 52.3271 47.47249 51.99204 47.77336 47.58606 45.794309999999996 25.35476 44.796369999999996 52.11271 48.25641 44.709950000000006 23.35595 47.09644 35.51764 42.58227 34.00554 47.42084 40.01553 44.40969 50.50307 43.31176 53.87151 50.97869 46.62102 46.11678 34.94227 42.193250000000006 48.22254 43.22674000000001 41.45868 44.561769999999996 42.777640000000005 42.13779 31.07628 
24.76532 46.33167 50.32058 42.50748 0 43.36868 44.20106 31.88569 34.40136 37.92972 34.64748 38.43511 22.52646 27.99922 42.13485 44.61712 38.26686 23.22791 46.46476 40.62722 44.68542 48.98055 41.39063 45.62047 23.6596 46.37706 48.95098 49.82956 31.67651 20.32673 24.7086 29.1618 47.474940000000004 34.2541 43.53105 40.600660000000005 41.54678 33.3102 33.30677 43.60582 44.764359999999996 32.56448 25.67101 44.789190000000005 40.15017 40.616780000000006 43.52811 22.64425 42.830650000000006 51.169920000000005 48.22504 45.77341 50.14882 43.01442 46.936310000000006 43.67611 43.31295 22.20888 42.83968 44.51605 46.89773 47.2857 55.533060000000006 46.61274 44.715050000000005 40.76482 46.54581 42.02873 29.21724 52.853930000000005 45.304410000000004 45.60687 42.559650000000005 50.34747 45.35483 43.25473 51.915800000000004 31.37508 46.51355 43.37405 29.19404 41.8359 47.9889 50.279650000000004 41.751239999999996 34.95098 36.45271 20.10892 45.12286 37.19164 45.18316 44.74944 45.396010000000004 44.72383 28.63119 52.02588 49.31062 43.182379999999995 42.640060000000005 49.399950000000004 25.20985 
45.67111 50.873509999999996 45.11213 46.67644 43.36868 0 43.82158 43.180279999999996 45.24469 37.18341 55.014849999999996 43.29573 44.312529999999995 42.924710000000005 32.16394 50.54406 50.483180000000004 41.48683 42.55327 42.5189 46.826679999999996 23.12965 29.40975 44.30941 46.98303 44.32704 23.3526 47.505160000000004 30.95031 46.03036 31.70517 45.189409999999995 42.03819 43.27638 37.81013 42.621660000000006 24.69032 40.937380000000005 35.06021 43.362719999999996 44.904120000000006 36.03698 49.3866 43.98091 47.942409999999995 41.61619 28.56382 34.46131 21.74069 42.894760000000005 46.66721 51.37435 42.3303 40.9644 28.75822 41.53907 48.508030000000005 48.75197 42.38942 46.001459999999994 42.23137 26.86164 48.160070000000005 45.51769 40.28662 47.809110000000004 43.50697 35.71315 48.834990000000005 51.85836 51.68188 50.576480000000004 43.01872 22.5138 36.05072 27.89763 46.91387 20.20831 42.10647 45.36892 49.08552 53.134240000000005 46.18913 44.57988 48.02162 48.17604 47.10561 31.40726 28.85314 26.05922 50.85175 50.502790000000005 20.86205 38.50327 20.35603 41.751760000000004 44.14523 43.586560000000006 43.55606 44.12716 51.18482 
45.63531999999999 42.774 45.270120000000006 42.783550000000005 44.20106 43.82158 0 46.06676 44.092349999999996 27.61661 47.06429 45.12014 42.56533 51.0324 42.39794 47.56689 50.12678 46.14242 57.7183 46.5194 47.7715 21.1512 25.42009 42.330960000000005 25.965 34.14899 48.26943 45.00949 48.13747 36.03241 44.4409 44.678439999999995 44.94109 43.496480000000005 27.15919 45.64039 43.47905 24.19214 41.4322 25.76451 49.97493 44.89506 21.82104 45.02381 49.50484 46.49706 50.21152 21.55681 45.36859 23.74905 20.3087 46.617729999999995 47.27142 45.35523 41.34679 44.44197 40.85875 46.513999999999996 30.66233 42.229299999999995 45.82827 34.9217 43.9363 47.45706 43.89752 49.07065 44.70991 44.26979 43.87338 38.56473 46.078540000000004 46.58682 38.28725 47.46521 47.05052 48.00074 48.05037 45.71822 28.02294 41.65981 47.19749 29.24038 50.314310000000006 28.95923 46.04317 47.11814 42.25224 44.26703 47.22693 31.0146 41.34052 47.05484 48.26518 24.33128 23.46555 31.24959 44.879189999999994 41.608109999999996 38.49058 32.38509 49.69095 
45.88798 40.78178 44.98322 43.760549999999995 31.88569 43.180279999999996 46.06676 0 49.49511 40.46387 45.42583 45.08282 45.54755 49.97668 44.71378 41.10713 44.30384 47.74517 51.28814 32.37389 20.72483 53.74725 41.85908 40.93379 42.60852 46.18866 44.20033 29.41474 57.26599 41.21625 37.43251 41.51997 42.88524 45.78944 21.48579 46.33403 45.005160000000004 37.78634 27.209 44.94543 46.31452 20.82418 28.49482 24.55871 44.102019999999996 30.85011 43.05496 44.16243 40.62559 45.817679999999996 48.332499999999996 43.84026 47.41842 42.82602 36.91973 42.97868 49.443709999999996 41.95427 31.66364 41.61652 48.18526 45.254310000000004 45.38632 48.03075 24.72798 24.67927 46.020030000000006 43.67371 47.21825 20.96824 42.71856 43.80077 43.77194 47.76271 46.66068 48.862880000000004 20.03011 34.28715 20.4046 42.579750000000004 44.42972 47.808229999999995 33.10823 42.2809 43.10373 33.97985 45.66175 51.35797 47.75114000000001 41.8125 46.74328 35.11564 34.93967 46.94301 23.27895 43.0248 42.23909 46.921679999999995 46.289559999999994 42.12861 52.1243 
47.59064 45.67232 25.53421 41.40512 34.40136 45.24469 44.092349999999996 49.49511 0 54.522800000000004 44.57981 33.86342 44.44642 26.70668 45.296260000000004 41.605509999999995 49.42682 45.631609999999995 27.61439 43.524119999999996 56.77897 46.00962 29.01766 35.85088 43.92582 32.97961 21.89209 44.44795 27.92798 45.867450000000005 28.75102 43.060140000000004 28.72662 29.0215 31.29823 49.71096 23.73298 45.96938 47.76732 45.05775 21.39098 54.485549999999996 24.71936 47.92213 52.20469 49.19691 48.48023 51.12215 48.53909 45.17305 50.495630000000006 49.91384 49.826139999999995 53.60187 44.04664 49.91753 32.62859 48.63236 33.24856 30.15062 44.85036 46.85337 45.10286 44.299049999999994 44.01016 44.00024 50.45642 46.97809 46.573229999999995 50.39785 45.12498 23.09137 24.77113 49.05493 27.79838 34.51587 48.51296 46.08679 49.300290000000004 49.29533 47.982730000000004 45.10532 44.72862 52.09334 41.39237 51.39483 46.23318999999999 49.296859999999995 29.89736 23.00201 36.20143 47.84717 47.1489 44.2401 49.81973 44.11783 34.43244 50.262190000000004 35.11657 45.27424 44.42237 
44.41234 52.87743 46.77926 48.002480000000006 37.92972 37.18341 27.61661 40.46387 54.522800000000004 0 44.62943 38.75408 44.29239 49.651650000000004 48.94166 46.48161 47.986509999999996 47.22298 47.85938 47.825010000000006 44.30397 24.31578 38.87238 33.88122 45.37006 47.72661 48.11867 47.80497 45.16042 49.42993 44.29014 50.282939999999996 33.479 43.24291 25.76427 23.14338 50.419700000000006 24.04138 46.907920000000004 52.720020000000005 50.11714 44.7748 49.437650000000005 47.380480000000006 25.806 30.05537 44.40532 21.43655 44.085300000000004 51.365660000000005 42.44573 44.82958 51.6969 44.36397 30.23291 50.44925 23.5059 44.0073 48.60698 30.89127 37.19054 45.4379 45.464349999999996 55.40411 45.59273 46.1693 45.33811 33.56674 49.67527 45.8527 49.236959999999996 45.08766 44.17559 47.2478 44.63253 41.60564 20.43376 25.51442 27.59829 42.9834 45.86122 48.400090000000006 48.27316 46.559380000000004 43.50738 46.86457 42.13198 44.146770000000004 45.446039999999996 31.83905 30.50912 48.52242 49.55394 45.85414 49.72467 43.42845 43.76275 29.59405 36.98064 42.53226 48.407039999999995 
37.35211 48.347750000000005 43.60808 42.79616 34.64748 55.014849999999996 47.06429 45.42583 44.57981 44.62943 0 27.00707 30.44621 44.38095 42.87465 43.117360000000005 47.54531 46.7625 43.6656 49.26648 30.55761 47.66309 42.65517 26.48333 43.54318 42.02688 41.972030000000004 27.8366 42.34974 25.06529 36.70213 46.42353 41.19959 42.74866 45.88938 43.20655 45.23149 47.72064 24.76349 49.29267 44.669380000000004 46.10405 27.76585 49.03664 29.33583 46.17174 42.022949999999994 40.30641 45.387010000000004 42.98243 41.67358 47.87744 21.94402 41.32014 27.90023 41.980000000000004 21.12353 42.94798 50.92038 46.443 41.58137 49.854020000000006 20.88558 21.76131 48.9625 43.75472 25.02617 37.0857 42.8756 46.13286 33.23594 21.48844 47.059889999999996 37.31354 42.250159999999994 28.40372 28.59231 48.050039999999996 25.02123 46.43318 43.002790000000005 26.14255 34.7747 36.07669 42.53736 47.396969999999996 48.68323 26.56931 45.786590000000004 42.98643 41.7832 41.27896 42.05609 45.4048 47.63932 46.43829 41.38038 36.19099 48.8483 26.55678 35.99972 
42.022909999999996 43.79169 43.56975 46.56003 38.43511 43.29573 45.12014 45.08282 33.86342 38.75408 27.00707 0 46.32195 30.41802 43.20806 32.95807 46.1392 44.46414 41.9331 43.41688 40.9419 28.73266 44.18029 49.91242 44.57864 45.29693 46.93457 53.599320000000006 21.55389 21.13897 42.537670000000006 44.48784 47.01111 45.02772 48.25151 44.937780000000004 43.27344 42.805930000000004 21.84541 32.61108 41.272149999999996 42.17773 54.40784 42.18224 31.97826 44.864059999999995 48.70494 23.98865 31.63503 43.37399 25.18453 33.94879 42.49731 37.58931 35.74044 44.611270000000005 44.716179999999994 51.610240000000005 43.10212 45.589259999999996 45.47924 43.07413 30.91577 45.26209 45.67355 41.74968 24.74541 23.04537 42.93097 46.5865 42.037220000000005 41.53845 50.82117 48.08614 46.167069999999995 41.22765 43.43522 42.74222 45.35777 33.23454 40.77453 42.834909999999994 48.036559999999994 46.71306 36.63048 48.57417 44.68408 35.19606 41.896829999999994 50.19994 42.83671 42.16083 47.282039999999995 45.12404 43.84961 44.273740000000004 43.106700000000004 44.52678 23.75846 52.18961 46.412819999999996 
44.5711 41.69725 40.99895 41.7068 22.52646 44.312529999999995 42.56533 45.54755 44.44642 44.29239 30.44621 46.32195 0 45.051559999999995 28.22436 43.7622 46.60877 41.75752 48.986869999999996 42.88889 47.70478 51.057140000000004 41.8926 43.59195 46.18606 49.600629999999995 45.81979 49.524069999999995 43.72713 42.84791 44.065889999999996 27.75248 45.46121 43.440160000000006 24.06176 42.0783 20.71344 46.85814 49.547219999999996 52.407889999999995 30.25443 26.45248 20.74429 43.94706 24.32759 43.52202 41.68591 45.17071 23.21915 31.89302 41.33654 45.76611 46.19467 32.45027 43.98024 30.67601 20.78649 42.61094 20.47417 41.15255 41.83082 24.75924 43.783429999999996 48.48993 40.99062 36.98008 42.576 47.475629999999995 44.159980000000004 45.44536 42.796530000000004 46.11547 26.3323 32.46648 41.91312 36.4722 29.56589 44.94437 43.58493 47.182739999999995 43.79934 31.30194 46.89542 28.9606 43.228880000000004 27.27236 45.003209999999996 42.63538 25.02585 52.35689 26.47252 46.525909999999996 48.43247 22.19737 26.67139 42.253389999999996 32.10786 47.38042 47.599149999999995 40.89685 45.080079999999995 
34.03932 21.57307 45.20385 36.37726 27.99922 42.924710000000005 51.0324 49.97668 26.70668 49.651650000000004 44.38095 30.41802 45.051559999999995 0 50.299499999999995 50.684529999999995 49.464690000000004 31.65187 48.804249999999996 22.48422 48.02729 47.392759999999996 44.393370000000004 46.22857 46.56945 36.24553 44.11625 48.36713 47.75931 44.26642 27.83899 46.39002 51.89962 45.58391 47.96272 42.77433 34.50613 48.08775 26.91453 43.523970000000006 45.71798 29.1525 42.526030000000006 44.0719 52.93694 49.00699 51.73014 46.19427 21.83241 44.795559999999995 30.7237 51.8132 24.77927 42.93181 50.30818 44.862750000000005 49.162009999999995 50.2081 44.898939999999996 46.90314 46.56567 45.58494 43.7482 29.32848 36.17295 33.24564 44.597899999999996 46.67894 45.71085 43.649680000000004 43.93242 49.79805 45.998630000000006 22.34825 42.225300000000004 54.8962 46.176689999999994 44.79481 42.19819 51.40378 45.22036 23.36283 47.76156 44.41433 45.37261 51.4333 41.91357 45.08981 27.00703 49.70869 47.28254 46.602549999999994 22.06266 45.91193 49.79036 24.77102 51.76164 53.484629999999996 41.606300000000005 46.63095 36.05408 
44.84086 40.3458 47.327 41.539410000000004 42.13485 32.16394 42.39794 44.71378 45.296260000000004 48.94166 42.87465 43.20806 28.22436 50.299499999999995 0 46.95361 42.18137 50.43039 43.4444 47.97038 47.39536 40.73898 44.53548 43.42456 36.4238 42.28598 26.33835 47.61629 44.47961 47.35052 42.008700000000005 37.96616 21.48117 45.13357 35.36312 44.20328 43.622389999999996 40.86699 44.39738 49.504009999999994 43.71506 52.36274 20.5769 29.58256 41.9696 45.84 42.410650000000004 44.16094 28.46709 51.08373 47.93735 52.0756 45.560680000000005 38.94631 46.069869999999995 44.44157 42.169219999999996 26.79457 48.15378 21.56093 44.74413 28.11643 48.07322 30.20095 44.29659 32.24626 44.71101 36.59108 46.05036 42.20921 42.46861 45.20803 30.39918 29.58753 22.32242 20.66393 44.524 44.51967 40.560050000000004 30.08289 45.238640000000004 42.784400000000005 43.631550000000004 26.00498 44.14707 49.81146 23.46551 47.558949999999996 44.22762 42.344409999999996 41.4392 36.99188 46.199169999999995 50.42173 48.129639999999995 49.075779999999995 42.67733 45.66063 20.31257 45.68891 25.31189 
31.10455 41.37311 29.02426 40.22867 44.61712 50.54406 47.56689 41.10713 41.605509999999995 46.48161 43.117360000000005 32.95807 43.7622 50.684529999999995 46.95361 0 47.14005 21.38921 43.26034 30.62109 33.54241 29.82515 47.786699999999996 44.88317 44.78333 34.23118 43.20015 25.00869 54.51196 48.04872 44.22289 44.80175 37.95933 42.934039999999996 43.49115 29.89256 45.70786 34.71661 44.92093 31.34461 20.21453 53.04509 49.101690000000005 49.57184 51.17695 52.6808 43.87513 29.70684 30.3409 46.269130000000004 29.24651 50.50001 43.72673 48.43804 48.80354 50.274119999999996 22.97571 42.5456 45.07979 44.92548 49.22918 45.84564 45.97765 21.35605 51.10321 42.82379 30.05323 29.79969 22.79515 46.11137 48.53399 44.3921 36.82297 48.35404 32.69411 50.934529999999995 44.4324 44.910340000000005 45.15763 46.027919999999995 25.34559 45.602019999999996 44.75159 45.93146 40.21592 46.85968 47.71602 41.5824 49.50828 24.48484 29.88546 49.33 30.72489 46.52451 43.15182 45.603790000000004 43.23256 42.27784 50.25156 22.3339 44.06994 
42.10132 47.449510000000004 50.94068 48.23532 38.26686 50.483180000000004 50.12678 44.30384 49.42682 47.986509999999996 47.54531 46.1392 46.60877 49.464690000000004 42.18137 47.14005 0 48.66295 47.688289999999995 26.98047 45.94278 48.296710000000004 42.60786 47.76858 48.94218 52.041470000000004 48.6125 46.889579999999995 47.48862 45.27627 24.08619 43.74974 20.7002 50.23946 30.60566 53.82431 48.3878 44.33495 36.55707 34.76178 28.22118 50.65563 45.5292 22.32643 48.51101 27.44187 40.48303 50.88401 50.581999999999994 52.66588 50.927319999999995 53.71119 45.765699999999995 52.86599 43.60367 47.038700000000006 47.92391 43.388329999999996 49.39519 48.15136 49.43199 51.68773 55.599779999999996 25.784 44.16579 47.30773000000001 29.77303 50.06568 51.70878 42.68493 47.168639999999996 35.17129 46.04819 34.13377 26.79728 48.561840000000004 47.64358 43.738699999999994 53.46132 47.70514 53.79832 48.813199999999995 44.13499 33.53154 44.71384 49.21007 52.70592 28.46976 44.50045 41.56344 40.63592 52.1048 49.437129999999996 50.15166 30.12715 42.328599999999994 35.06709 62.36571000000001 51.772769999999994 25.54508 44.26887 
42.43928 53.224940000000004 41.33811 27.23117 23.22791 41.48683 46.14242 47.74517 45.631609999999995 47.22298 46.7625 44.46414 41.75752 31.65187 50.43039 21.38921 48.66295 0 44.29495 41.29914 48.132729999999995 47.14777 37.08679 45.163219999999995 35.40765 51.93991 43.54357 46.3979 44.63863 43.554640000000006 46.771069999999995 43.13279 48.525279999999995 43.337540000000004 30.04901 46.67834 42.2187 42.37635 25.50832 20.37791 41.60374 47.99973 46.58181 45.98726 40.234440000000006 40.70105 28.00778 36.32142 43.502570000000006 45.54839 46.631820000000005 46.105270000000004 43.63635 47.35948 27.41433 47.28165 44.36492 25.81442 46.45946 46.384969999999996 40.680009999999996 48.02656 46.48997 26.58256 40.59536 48.339740000000006 45.51393 42.70065 44.18436 50.16095 54.25728000000001 50.18427 51.92174 37.25513 47.79099 46.78082 48.35284 29.16653 43.54887 38.53526 45.89229 37.32451 44.927710000000005 44.99229 49.84255 48.7696 45.857730000000004 20.19319 53.70385 45.87405 49.4673 46.21616 22.1681 25.1353 24.46622 43.05781 27.32912 47.747969999999995 49.59313 43.72311 45.48606 
30.87043 56.0697 42.45039 42.85638 46.46476 42.55327 57.7183 51.28814 27.61439 47.85938 43.6656 41.9331 48.986869999999996 48.804249999999996 43.4444 43.26034 47.688289999999995 44.29495 0 32.99378 30.56331 43.10471 47.83385 45.472970000000004 43.975970000000004 49.010180000000005 44.65849 52.10456 41.89372 52.915189999999996 42.894180000000006 26.54693 45.38346 42.956810000000004 47.13215 44.75831 32.39002 45.18161 52.67483 32.69488 44.81236 46.82582 49.64993 29.3708 42.00478 47.93265 42.77306 43.18593 26.97184 44.13908 45.81966 27.69471 41.37795 27.76513 43.05251 41.682410000000004 28.20038 24.25588 46.76885 45.354169999999996 45.96243 49.59949 48.48825 21.90429 42.42327 49.674400000000006 26.27145 37.37055 47.82907 46.19681 24.44649 46.4801 45.155370000000005 46.96678 41.626450000000006 22.78047 51.613240000000005 22.34496 47.04273 46.57616 43.45824 49.73365 47.87304 49.713840000000005 51.75821 53.40374 46.57443000000001 43.438 33.54335 42.45908 41.350120000000004 49.57704 36.73961 46.65008 34.25275 47.68357 44.337450000000004 22.6478 54.26097 49.630939999999995 37.629 
42.60794 44.05729 48.88096 47.60771 40.62722 42.5189 46.5194 32.37389 43.524119999999996 47.825010000000006 49.26648 43.41688 42.88889 22.48422 47.97038 30.62109 26.98047 41.29914 32.99378 0 40.70735 45.00248 41.01529 27.17785 42.36813 47.13548 21.63203 42.26814 36.06434 33.65611 49.32475 45.9541 45.349090000000004 43.99938 50.436859999999996 44.72394 41.171440000000004 45.709320000000005 42.41736 21.03975 38.86033 45.67163 50.02551 40.81112 45.33399 47.50456 46.54317 49.58515 42.45531 29.00992 49.25811 35.23176 29.21766 34.13073 43.01814 43.43132 46.297650000000004 52.60583 22.41472 38.50015 41.34185 47.65871 45.503479999999996 51.8127 40.73698 43.70035 44.59675 41.65339 43.93821 21.16546 42.62225 48.261269999999996 23.51441 44.83247 48.452830000000006 50.044380000000004 47.256240000000005 22.31059 26.48085 51.26677 28.2127 45.847049999999996 44.46856 45.14691 45.823530000000005 45.602689999999996 34.93217 51.23523 47.90844 42.26514 50.12914000000001 45.22967 37.12822 30.61384 37.3023 47.25524 43.99729 35.38524 56.438719999999996 44.017520000000005 44.4388 
46.309740000000005 28.7035 49.169 54.804249999999996 44.68542 46.826679999999996 47.7715 20.72483 56.77897 44.30397 30.55761 40.9419 47.70478 48.02729 47.39536 33.54241 45.94278 48.132729999999995 30.56331 40.70735 0 44.66887 48.032759999999996 35.31561 21.88369 49.93894 47.175070000000005 50.13957 47.41659 47.957080000000005 50.62318 20.79514 43.84468 48.87339 42.210620000000006 48.63559 52.043859999999995 49.38879 38.95748 47.15052 51.11437 26.91832 49.21965 40.477509999999995 23.37719 51.57494 43.085390000000004 48.47416 53.18766 48.0138 40.776889999999995 28.62347 47.43288 46.68828 46.63673 43.34089 44.6271 48.813230000000004 47.056020000000004 48.61874 45.12182 48.0227 51.44319 45.70206 40.403369999999995 45.4041 48.0111 38.94513 28.41373 31.60532 43.5285 46.452439999999996 50.59458 46.234089999999995 49.355729999999994 41.02119 40.754940000000005 28.12292 41.12943 49.10868 45.12284 28.77348 51.663529999999994 43.962050000000005 44.713930000000005 45.535489999999996 27.77873 43.418440000000004 48.586870000000005 42.807500000000005 46.06082 30.13525 25.96463 41.1423 44.00378 28.76552 48.26656 40.54358 48.00763 49.482699999999994 49.6899 
28.13351 40.45964 48.66542 43.80806 48.98055 23.12965 21.1512 53.74725 46.00962 24.31578 47.66309 28.73266 51.057140000000004 47.392759999999996 40.73898 29.82515 48.296710000000004 47.14777 43.10471 45.00248 44.66887 0 46.57129 21.17976 41.78508 27.21813 38.65374 44.45355 26.98627 49.871629999999996 47.125569999999996 36.06404 43.870850000000004 46.21873 48.31039 24.48919 45.79445 27.23395 44.51122 44.979169999999996 37.69864 41.289370000000005 34.55156 29.18854 45.05685 41.50647 49.123850000000004 40.99504 44.87034 44.90025 41.459900000000005 48.5336 45.48531 24.20403 45.27457 48.12826 34.85564 42.390460000000004 44.402069999999995 44.55661 24.67707 45.50068 45.10846 46.16115 44.410430000000005 42.036699999999996 47.93424 49.84173 48.918009999999995 46.55982 42.761700000000005 50.435990000000004 47.20109 36.37998 48.11445 45.37236 43.62339 24.56702 45.562479999999994 44.731300000000005 32.29212 41.645430000000005 45.725750000000005 44.86177 24.89197 49.24418 46.238789999999995 42.37492 46.93451 23.00761 27.7221 28.50042 27.35015 45.482479999999995 43.48568 29.77136 23.72799 20.45691 20.42641 47.909710000000004 43.392219999999995 
20.21523 42.76055 42.893429999999995 47.399879999999996 41.39063 29.40975 25.42009 41.85908 29.01766 38.87238 42.65517 44.18029 41.8926 44.393370000000004 44.53548 47.786699999999996 42.60786 37.08679 47.83385 41.01529 48.032759999999996 46.57129 0 42.24669 46.35607 38.08897 44.01378 43.790949999999995 45.27586 36.49387 46.67372 45.72983 44.91921 42.00461 26.54999 46.73143 41.93485 46.25281 44.88638 20.84812 31.48469 47.36334 40.881820000000005 42.46022 51.3016 50.206869999999995 42.57301 43.318 43.218720000000005 22.53051 45.728790000000004 48.015879999999996 45.92313 42.62868 25.64056 44.55962 28.32241 45.03142 35.58789 45.52214 41.150220000000004 42.86654 27.13455 42.36714 41.06557 36.10623 42.84153 42.4168 24.99155 43.44014 43.20034 21.16673 20.45218 22.04512 41.74857 54.29028 44.19401 25.48889 45.55754 45.454769999999996 30.35617 25.48927 44.40084 44.1112 42.7613 46.76531 22.62257 42.46132 44.627390000000005 25.43226 27.92755 48.29435 42.37366 31.84732 37.00759 22.45805 23.72305 50.41293 48.03242 40.95529 42.497730000000004 
40.98926 42.83791 44.404650000000004 43.81017 45.62047 44.30941 42.330960000000005 40.93379 35.85088 33.88122 26.48333 49.91242 43.59195 46.22857 43.42456 44.88317 47.76858 45.163219999999995 45.472970000000004 27.17785 35.31561 21.17976 42.24669 0 41.946979999999996 48.397890000000004 48.80988 44.38189 48.166030000000006 41.14837 49.43201 56.110749999999996 37.21883 40.886970000000005 49.61869 35.68955 49.024770000000004 42.27502 51.24682 48.217600000000004 43.60623 20.10961 22.84766 42.49485 48.13362 20.32671 42.36998 43.363299999999995 45.28442 32.09907 43.51555 43.12569 36.88093 45.383790000000005 41.832390000000004 48.34073 47.60686 36.95598 49.592569999999995 31.22447 45.85683 47.286739999999995 43.125479999999996 48.244640000000004 47.30948 56.90325 43.25548 48.76842 57.81251 48.34331 43.812870000000004 38.06993 50.692260000000005 43.82472 42.71794 24.1926 51.70152 32.47215 42.36846 29.48681 44.58798 49.28322 52.75457 57.75556 46.07173 44.50863 59.853010000000005 34.47848 45.59676 44.18737 47.59286 49.05068 43.34303 53.177260000000004 44.67183 37.92649 44.90775 22.82517 36.43341 47.31819 49.38086 
41.33014 48.23073 43.09152 51.26706 23.6596 46.98303 25.965 42.60852 43.92582 45.37006 43.54318 44.57864 46.18606 46.56945 36.4238 44.78333 48.94218 35.40765 43.975970000000004 42.36813 21.88369 41.78508 46.35607 41.946979999999996 0 50.16812 25.29138 42.369749999999996 42.78545 43.98633 45.51583 30.85489 41.78705 46.48688 49.42947 52.69333 44.35551 36.37648 36.8317 28.01051 34.09444 46.146550000000005 46.85033 44.13408 45.26088 45.130970000000005 49.87095 28.38426 49.683310000000006 38.91917 30.05572 50.50716 42.91976 46.29693 50.49762 47.39752 47.66444 43.26172 42.129580000000004 42.55249 23.23813 48.72224 43.02466 47.91296 43.79267 42.78749 52.28582 43.945269999999994 21.98818 43.395129999999995 21.64481 35.61962 49.7987 44.1656 29.068 47.60001 49.1785 30.27998 43.20428 51.156710000000004 46.60508 44.32956 44.28681 45.12992 47.3633 41.833600000000004 44.15499 43.76852 47.805769999999995 20.92381 45.485150000000004 21.08984 27.0932 50.296279999999996 48.41908 44.79682 31.34427 21.32817 51.459289999999996 36.71436 41.119730000000004 
44.73236 35.9699 45.058800000000005 30.09605 46.37706 44.32704 34.14899 46.18866 32.97961 47.72661 42.02688 45.29693 49.600629999999995 36.24553 42.28598 34.23118 52.041470000000004 51.93991 49.010180000000005 47.13548 49.93894 27.21813 38.08897 48.397890000000004 50.16812 0 34.7277 47.95395 51.519549999999995 35.54903 34.016 49.01263 58.92353 35.00809 49.15036 30.8771 48.89516 43.397059999999996 34.19844 45.41219 41.00215 44.33155 51.05856 33.01588 45.09354 48.44451 45.23264 33.66689 30.55973 48.50008 20.1124 21.31547 41.5941 43.97278 48.115480000000005 44.678709999999995 40.66245 46.91478 49.08106 49.332 36.89079 47.04768 50.59098 49.57529 45.95743 43.5837 45.72945 22.9829 54.98741 49.10316 50.7752 43.73166 29.6569 55.450810000000004 50.479969999999994 37.20521 44.07438 38.89455 49.09143 41.46351 48.2167 46.240840000000006 48.35718 55.4455 21.00076 49.99513 32.60634 48.22852 24.57478 50.22574 43.10004 45.83833 43.620490000000004 49.91345 43.78714 51.40208 46.28278 43.79249 21.97341 26.49639 22.40066 
47.02214 31.85443 30.89576 25.97568 48.95098 23.3526 48.26943 44.20033 21.89209 48.11867 41.972030000000004 46.93457 45.81979 44.11625 26.33835 43.20015 48.6125 43.54357 44.65849 21.63203 47.175070000000005 38.65374 44.01378 48.80988 25.29138 34.7277 0 46.00582 44.42705 51.9286 44.32605 27.09476 31.25129 30.12026 48.22179 46.73729 45.62507 24.07729 31.79867 23.16566 42.225030000000004 51.03783 46.611450000000005 48.0313 44.98153000000001 47.92345 51.43815 46.96785 40.09374 24.74538 47.034729999999996 28.02175 50.849689999999995 42.653369999999995 45.652770000000004 46.979690000000005 47.76016 46.399150000000006 44.04675 46.492490000000004 31.5522 46.176190000000005 50.2611 49.93647 43.38311 45.161559999999994 28.56433 45.59495 44.7726 28.50576 46.936189999999996 44.305409999999995 33.61664 45.8664 46.923730000000006 47.00228 45.9945 43.56091 43.81366 54.12256 40.340230000000005 46.178110000000004 22.83653 48.55128 53.545190000000005 43.912310000000005 48.92982000000001 52.81224 27.89583 33.88265 38.64889 42.61219 40.21607 34.07031 43.70863 47.66655 27.50331 29.61034 46.00627 23.896 33.98187 
43.76505 48.60239 48.880579999999995 30.88936 49.82956 47.505160000000004 45.00949 29.41474 44.44795 47.80497 27.8366 53.599320000000006 49.524069999999995 48.36713 47.61629 25.00869 46.889579999999995 46.3979 52.10456 42.26814 50.13957 44.45355 43.790949999999995 44.38189 42.369749999999996 47.95395 46.00582 0 55.72942 48.99114 51.59475 48.38736 42.30918 48.52715 50.39757 48.72855 51.628969999999995 46.48411 31.75391 51.73592 41.62093 50.23891999999999 42.28826 24.56315 45.271209999999996 35.89874 46.57907 42.72171 48.168769999999995 21.26044 46.29134 52.667829999999995 44.705709999999996 40.72936 42.63807 50.82217 47.9844 55.75617 49.01753 29.71615 42.34164 56.30608000000001 43.54679 46.36474 47.148979999999995 49.26804 47.634159999999994 47.222939999999994 43.6124 21.10268 38.02413 35.80151 45.00483 43.87115 46.44589 45.5658 46.60022 47.74796 43.72862 50.63762 48.0877 42.693169999999995 48.29365 29.60246 46.950559999999996 49.9316 44.67712 46.64501 51.36379 21.44594 47.12343 46.2911 31.6582 44.11047 43.799170000000004 44.56532 34.17661 47.87094999999999 35.40589 24.50172 53.496719999999996 
43.1297 45.53211 43.530370000000005 35.98927 31.67651 30.95031 48.13747 57.26599 27.92798 45.16042 42.34974 21.55389 43.72713 47.75931 44.47961 54.51196 47.48862 44.63863 41.89372 36.06434 47.41659 26.98627 45.27586 48.166030000000006 42.78545 51.519549999999995 44.42705 55.72942 0 42.692859999999996 43.97416 46.37142 26.78842 34.74659 48.187870000000004 44.561189999999996 44.40874 43.61914 42.83468 47.83462 48.266540000000006 47.43056 51.72641 45.41809 32.17304 41.67858 48.67751 45.54254 50.98668000000001 36.13995 42.76642 54.572900000000004 27.53897 51.1903 52.63432 45.95308 41.80966 35.18138 35.86085 36.47023 27.53252 21.52024 45.9208 43.98597 45.076679999999996 44.58324 45.759060000000005 43.365269999999995 37.6542 44.384640000000005 28.02032 50.05393 46.43004 48.04676 25.50611 44.71826 43.96495 48.900459999999995 43.387299999999996 21.41531 45.411640000000006 42.97593 32.96251 50.28277 45.59639 53.04452 34.17422 51.785430000000005 53.508840000000006 46.214569999999995 41.80612 45.64699 49.007220000000004 46.40068 51.306340000000006 49.951570000000004 21.55281 47.44318 45.312349999999995 43.54176 45.653580000000005 
45.09205 41.10089000000001 46.96514 51.108599999999996 20.32673 46.03036 36.03241 41.21625 45.867450000000005 49.42993 25.06529 21.13897 42.84791 44.26642 47.35052 48.04872 45.27627 43.554640000000006 52.915189999999996 33.65611 47.957080000000005 49.871629999999996 36.49387 41.14837 43.98633 35.54903 51.9286 48.99114 42.692859999999996 0 32.80978 45.746759999999995 47.63189 45.95657 43.230199999999996 46.28926 22.13447 49.141040000000004 42.98438 44.75203 43.21997 21.03876 42.55417 40.75783 44.28879 28.4522 44.94 42.97098 43.5474 50.09067 46.323499999999996 44.05484 46.24364 45.676100000000005 42.76154 43.95111 45.935140000000004 42.535610000000005 41.93172 27.14021 43.251850000000005 44.53248 45.95087 46.8266 24.53458 20.61071 41.518460000000005 44.18434 43.76618 47.788489999999996 47.99295 46.55373 47.95942 45.24882 25.0281 34.65562 48.72392 33.50733 27.75265 36.29743 49.52077 45.88754 44.87529 52.18249 25.6503 46.122479999999996 24.28851 40.43565 53.22404 42.78493 28.99544 42.30836 46.34954 25.3996 48.95792 54.61041 49.58714 46.696079999999995 42.221000000000004 51.62207 45.53658 
44.82728 49.01773 26.85449 42.0945 24.7086 31.70517 44.4409 37.43251 28.75102 44.29014 36.70213 42.537670000000006 44.065889999999996 27.83899 42.008700000000005 44.22289 24.08619 46.771069999999995 42.894180000000006 49.32475 50.62318 47.125569999999996 46.67372 49.43201 45.51583 34.016 44.32605 51.59475 43.97416 32.80978 0 44.044470000000004 41.523179999999996 42.3879 20.12373 42.00799 40.35678 20.24876 48.04918 40.29705 45.77491 48.41881 44.54142 46.41262 50.199160000000006 46.58423 29.37421 43.13932 26.49581 52.67076 36.86636 55.331469999999996 43.45839 46.15369 46.97009 41.994029999999995 44.26384 22.43939 40.84504 44.54983 45.14305 42.347660000000005 45.12752999999999 22.86684 20.0796 38.92599 45.778040000000004 44.36573 32.40266 37.91506 23.87102 44.71241 43.96698 49.047219999999996 47.00456 48.51796 46.55703 40.15791 33.60528 28.84913 43.729029999999995 43.68278 24.09437 40.91884 29.76139 44.70283 45.101290000000006 44.81752 20.41426 49.809169999999995 31.60957 43.3698 46.080169999999995 36.11387 48.25268 47.28986999999999 41.751819999999995 44.37294 43.05012 42.430930000000004 47.09562 
25.5146 49.498639999999995 44.06015 41.69422 29.1618 45.189409999999995 44.678439999999995 41.51997 43.060140000000004 50.282939999999996 46.42353 44.48784 27.75248 46.39002 37.96616 44.80175 43.74974 43.13279 26.54693 45.9541 20.79514 36.06404 45.72983 56.110749999999996 30.85489 49.01263 27.09476 48.38736 46.37142 45.746759999999995 44.044470000000004 0 23.04954 41.794650000000004 43.96202 46.23905 48.46592 33.61571 45.13664 46.82803 43.846289999999996 47.71346 48.49677 47.72005 24.47694 42.778999999999996 51.25113 45.171260000000004 42.80999 42.97692 44.322829999999996 49.41861 45.795609999999996 48.4197 49.29144 43.59424 46.291219999999996 45.42257 41.864999999999995 37.45189 48.86613 51.42085 45.235150000000004 48.45122 47.378640000000004 33.95739 40.72579 46.14508 49.208870000000005 36.94707 24.50834 46.54195 47.77861 45.23299 55.831739999999996 44.56713 44.65523 34.88421 32.6165 45.33253 43.05648 26.46515 47.753550000000004 23.16691 48.499210000000005 49.6758 47.864230000000006 44.518190000000004 48.34962 43.91278 48.157939999999996 45.50031 24.32736 20.34716 52.227059999999994 45.21707 32.27655 46.81313 33.12342 45.372640000000004 28.89476 
48.35536 37.43285 47.49119 46.037409999999994 47.474940000000004 42.03819 44.94109 42.88524 28.72662 33.479 41.19959 47.01111 45.46121 51.89962 21.48117 37.95933 20.7002 48.525279999999995 45.38346 45.349090000000004 43.84468 43.870850000000004 44.91921 37.21883 41.78705 58.92353 31.25129 42.30918 26.78842 47.63189 41.523179999999996 23.04954 0 42.346729999999994 21.39945 35.78667 45.79228 44.38149 28.06764 46.857839999999996 28.72804 52.06104 42.05807 43.02663 47.52648 48.142070000000004 49.78016 30.18381 41.53604 49.036860000000004 46.26229 54.1007 47.332080000000005 41.88093 43.74605 30.81813 41.45301 44.81507 48.34219 43.0421 44.742549999999994 47.211780000000005 42.96409 43.62932 41.72201 27.02118 42.57732 47.3099 50.19342 44.02799 47.55788 28.61689 45.848910000000004 45.56043 43.217969999999994 42.1451 29.95256 23.0385 43.030649999999994 44.43927 43.56358 49.51469 47.14605 23.49435 48.72943 48.163349999999994 44.09442 47.15809 47.6648 20.86324 42.34399 41.839749999999995 44.728 43.396699999999996 45.83534 47.98164 21.19616 47.209540000000004 41.79374 33.06688 45.29693 
52.35118 41.69124 41.32582 42.92755 34.2541 43.27638 43.496480000000005 45.78944 29.0215 43.24291 42.74866 45.02772 43.440160000000006 45.58391 45.13357 42.934039999999996 50.23946 43.337540000000004 42.956810000000004 43.99938 48.87339 46.21873 42.00461 40.886970000000005 46.48688 35.00809 30.12026 48.52715 34.74659 45.95657 42.3879 41.794650000000004 42.346729999999994 0 38.20826 44.129509999999996 49.689859999999996 22.13914 43.31877 22.95963 31.35411 52.69405 46.25502 40.892610000000005 47.45415 43.63142 42.31955 29.3558 42.77423 44.21025 43.203720000000004 44.30963 20.80464 45.01351 45.446740000000005 41.84761 22.65367 44.461 46.35633 52.7556 43.26173 41.91203 48.55942 45.826229999999995 43.177080000000004 44.44612 41.77222 45.38892 41.73622 52.5152 36.6519 27.41533 34.44861 49.69035 43.05798 46.01636 43.885130000000004 46.6959 50.33251 45.677459999999996 30.57909 50.6396 46.557860000000005 45.151439999999994 41.397980000000004 43.82916 21.66806 51.49494 45.951499999999996 44.89924 46.79039 51.04356 41.780150000000006 49.35328 40.822289999999995 20.89044 42.910520000000005 44.26429 50.00694 51.12495 33.19358 
37.13948 28.894 46.74937 43.66863 43.53105 37.81013 27.15919 21.48579 31.29823 25.76427 45.88938 48.25151 24.06176 47.96272 35.36312 43.49115 30.60566 30.04901 47.13215 50.436859999999996 42.210620000000006 48.31039 26.54999 49.61869 49.42947 49.15036 48.22179 50.39757 48.187870000000004 43.230199999999996 20.12373 43.96202 21.39945 38.20826 0 47.32477 40.59974 36.50818 48.69479 40.540009999999995 49.37768 33.24218 44.78438 46.0445 48.38935 46.27239 28.38071 29.30283 29.91303 46.32378 47.46789 52.96656 25.93263 33.16348 46.99541 46.09822 37.54164 42.56312 41.088 47.24921 48.70485 47.638329999999996 25.0038 42.99057 20.32256 46.16506 53.204390000000004 48.6037 46.076080000000005 42.45403 43.994749999999996 46.18479 47.00217 42.86119 47.70625 31.20837 41.5159 35.19983 32.86633 48.97286 49.25255 37.88532 44.2181 20.79511 46.52597 47.304 49.0322 47.20728 26.26535 42.262690000000006 29.88417 38.69031 47.40088 46.25913 44.76474 45.268559999999994 42.59561 49.00598 43.80121 47.910979999999995 48.09524999999999 
49.97355 50.17182 24.17675 45.51747 40.600660000000005 42.621660000000006 45.64039 46.33403 49.71096 23.14338 43.20655 44.937780000000004 42.0783 42.77433 44.20328 29.89256 53.82431 46.67834 44.75831 44.72394 48.63559 24.48919 46.73143 35.68955 52.69333 30.8771 46.73729 48.72855 44.561189999999996 46.28926 42.00799 46.23905 35.78667 44.129509999999996 47.32477 0 33.13086 22.66 25.03678 48.64062 36.73954 52.13973 48.58783 32.06732 48.949380000000005 49.91482 49.98393 44.579930000000004 20.94192 37.57695 46.16028 50.79453 51.11461 48.69322 43.120900000000006 42.33115 42.68837 20.86392 51.22474 46.01265 46.52533 44.7589 22.32097 45.44154 42.491659999999996 29.90373 44.3601 49.122119999999995 45.28009 31.97231 44.19848 49.71273 41.97939 45.47461 45.00075 46.94249 43.57714 22.41335 29.88088 46.22205 41.74144 45.877359999999996 25.78794 44.38921 41.17098 45.98725 47.51253 51.337990000000005 44.66077 44.42182 47.41208 48.64602 33.08477 49.317949999999996 46.26509 44.61212999999999 23.00838 42.797470000000004 32.16052 45.631879999999995 36.05972 
