51
location40 location41 location21 location2 location32 location1 location36 location15 location3 location16 location34 location18 location24 location28 location33 location46 location9 location47 location12 location45 location17 location14 location11 location20 location35 location29 location50 location7 location26 location27 location39 location6 location23 location44 location48 location5 location19 location8 location31 location10 location4 location42 location22 location37 location43 location49 location25 location13 location38 location30 Soda
0 878709922.84908 1062196772.79857 1223482192.41497 791061280.58152 1223655603.20102 1226034849.62024 1302541013.66163 634759517.86424 624243625.38734 1072550241.2583699 1186516398.01686 1119799923.11288 1264111885.25942 828778595.69419 526755814.84117 1248686740.07307 1177077473.39312 1253413693.9871402 1270948859.2179 560942814.47673 1311969044.57367 1192983384.2971601 894090653.70377 1229408686.99173 1132060551.5967698 1229934919.07429 758404746.05103 1160056535.1979 1059462127.9458799 1045645858.5718501 1050558362.0051501 1243207321.88115 1230419703.13795 1250789726.22993 1069792374.93694 911884806.94987 814555340.30757 1381400621.15846 1215421839.5839999 760014131.48112 822538969.92542 943874829.24007 1098636994.09069 1249331886.04544 988712843.88892 669643125.1354 1177083369.8378701 1108105064.26608 874449288.53174 952887967.25249 
878709922.84908 0 643979451.16025 1247146016.33463 1281424357.46167 1268565749.68717 1118244013.3880901 1222322938.77247 1283310396.9347901 856082532.42557 1082029217.81832 1253257519.89493 1271754574.44379 1358248151.6559 1350275603.62351 1179420409.11765 731506508.10887 545959783.87049 1215669350.70336 1107247478.50348 1103582111.49737 1194839839.32941 553147824.93151 1201528871.1269 1206961501.44622 1194361945.62641 1222862168.50673 538528651.9278 1133758270.5053701 1351374560.8703299 742402212.50691 761052774.32902 877616267.25948 1189391002.06675 606089794.60855 1261999901.91035 1248385918.53497 1309923137.7242699 1459866297.24079 577714259.02922 1068617985.3455 1267313868.3023 1224324052.84767 1169851960.8913 813906600.40081 936953028.39169 1239762580.4640899 1118088714.51929 1177988454.6728 1343155636.3888102 1359620188.9906 
1062196772.79857 643979451.16025 0 1104009300.99466 979180951.87099 1329223661.60569 628961447.45838 911763881.90911 1087238826.65584 1230752671.69128 1081235384.3746 1075915651.86031 1128485066.22911 1330640773.20998 1285711983.8253999 535440957.9574 747003598.47292 1122671144.50708 1057393622.3158801 1126890093.04334 1282005076.6714 550860388.16916 809186851.56205 557549419.96665 1169891889.26191 1107144449.81687 1232598751.70127 1182508103.08805 1079789709.43664 1068147271.06211 933530280.28647 1059243505.1213801 808841172.00942 889069194.20457 842850730.09338 1052093353.93891 1063779203.03239 1228323562.87712 1218806965.72475 1221693710.1894698 1121273999.83888 1245628547.3431602 580344601.68742 1243023417.44904 1258017029.16167 862051063.87047 904989492.54022 1166112840.0552502 534009003.51255 839337853.32724 989956842.50452 
1223482192.41497 1247146016.33463 1104009300.99466 0 829802987.46093 1201054630.61323 500792416.46592 1180861938.3333101 1438944832.2698898 1102583640.69882 1065010600.43252 901887310.74871 1202412958.2617302 1359543195.4861898 1154599697.80335 1089179415.67284 1182953759.30122 1073076645.98352 1350107818.8385801 1372545422.67941 662539377.93824 1066503643.96184 1341293224.87142 1331851405.7573 1113211986.88173 700079104.17652 1218172390.0836601 1022408518.29917 1087206699.99203 1363464901.6121302 1166036872.35105 565376868.50886 1225873083.45187 1245856391.1998901 641056221.72608 752101694.77189 773467759.25535 1100154531.88466 1494981823.59121 1357704971.82522 783041408.4292 1479292574.84862 523664699.30724 1186343515.06886 972116400.94072 1249887858.61655 1239826112.00282 1051186261.77401 1166793369.31032 1293405269.56324 1290003282.07299 
791061280.58152 1281424357.46167 979180951.87099 829802987.46093 0 971118762.53353 734160981.80651 511479733.08011 1079159680.20638 1107251360.4963498 1033702189.554 1176023292.51023 641170537.87871 1022574259.46795 916063777.81297 1112922806.94669 918059815.69768 1243658008.2210002 520304831.37765 992222806.18672 1011856448.39708 1079040601.37696 1184480297.5594501 1079770132.8126 1167757151.41461 1026568637.54274 526626046.22023 1404506144.63817 1188761687.98282 1195210856.08118 1102629500.81455 1126964802.90456 500774658.26739 1086155871.75728 1174995254.90586 1305806369.88255 746203488.90287 514857363.54555 1329544652.66297 703710098.43245 1021375186.36342 912984923.32722 1172747468.2265801 510068652.46496 654797799.94044 1139025307.49366 1208796647.03725 619539407.97167 1029658132.19095 985772253.1488 716674787.82314 
1223655603.20102 1268565749.68717 1329223661.60569 1201054630.61323 971118762.53353 0 700262214.14731 1268528666.77266 1237286326.73556 1302053438.38021 1054070117.60517 1225592734.53035 1044405890.12515 1266610772.7140198 1336632024.89833 1351420210.64037 1429802007.98157 722605965.81668 540672759.42882 517674545.91079 1227680590.6519601 1323715788.18358 1071774199.48276 942272593.3096 1271334730.1991 1267948027.23931 876281834.36998 1378206238.56394 1296277288.49381 829889917.99572 1234182030.7491899 978420583.82969 857610549.90609 970109408.49492 1272292883.30491 1184933664.96064 1505627862.19874 1132133086.11206 797700726.8535 1262553875.6052299 870330594.73662 1225685476.58046 1155902558.27146 1132045465.72973 628844139.4361 1347589239.34746 764522306.92666 1209175630.51698 1150065714.81378 840581886.9355 1160544784.29386 
1226034849.62024 1118244013.3880901 628961447.45838 500792416.46592 734160981.80651 700262214.14731 0 1240429466.8085399 1121842625.2258 601791224.2329 1156480796.7413 570123286.73249 767264253.97222 1488065888.8148499 1262722119.09724 939542653.11525 1124512690.8699598 572284229.5176 1240934973.57613 978838134.86617 789935174.31596 1179821835.62754 1395681896.0741 1186510867.42503 1293850867.50812 1109608150.44233 1260787028.02674 1136720942.85666 1227315743.29183 1236558782.06566 1228967626.12717 1066169284.97478 1172868274.67469 1153842489.8097 1141848638.192 1226451389.6533 1140680186.40947 599362115.41874 1324260502.2568698 1112232139.30615 1105879938.23661 1261347068.96793 1024457115.77316 1244229634.27147 1102651062.0947 1219433666.2323 1086996559.61395 1271604872.67493 1162970450.97093 938315419.52022 1125260250.96491 
1302541013.66163 1222322938.77247 911763881.90911 1180861938.3333101 511479733.08011 1268528666.77266 1240429466.8085399 0 1430723380.14395 1135154359.2037401 1096389405.24928 1075157685.55016 554653552.07568 549074136.53615 1128793165.59667 1139287616.98843 1227116317.72174 1132923037.06742 1031784564.4577601 750854120.86187 1149612796.3052602 1075399549.25922 1200952836.07015 568290399.73249 1081240165.61158 1180718838.9216099 743277732.22427 1409225682.68171 1137314901.30762 786474214.22199 1126897599.7364001 615485069.82445 654924859.64626 574676138.67717 1369554686.40443 1337076553.481 592632301.45566 1026337096.62566 1254842119.40948 1214999563.1154 907168398.30052 891135576.87359 1159488048.50064 1021548385.5450699 1166277533.02055 1293175508.87253 895887121.97316 1131019141.05178 1068689744.9342201 1413686145.332 1228154520.90325 
634759517.86424 1283310396.9347901 1087238826.65584 1438944832.2698898 1079159680.20638 1237286326.73556 1121842625.2258 1430723380.14395 0 1153083038.7418299 631550647.60292 1223251468.4686098 1186109936.70991 1134615994.40476 1061342158.4307201 968971981.24861 1174144953.6971102 1154941166.88235 866826521.72603 1274225909.65164 1195702332.34097 1054226338.60114 1055651413.54984 1047055745.89096 1036385055.29285 1254480266.42517 687445647.91968 744781745.00699 525297017.33366 1062525980.91089 1096913048.33626 1042886573.26104 1137808475.91678 1282737221.62316 1150828803.48848 1258788557.86831 1158881292.6411 564302316.66083 1263470215.56444 1092137305.0118601 1064785986.42711 1045496979.16553 1172896548.7282 1216457522.33525 1067591263.3367901 1217838952.31584 1051793883.8953199 572521595.95743 1254539989.20611 1100131328.80281 653381706.92308 
624243625.38734 856082532.42557 1230752671.69128 1102583640.69882 1107251360.4963498 1302053438.38021 601791224.2329 1135154359.2037401 1153083038.7418299 0 1149512678.2733598 1091800134.35758 1352391304.13731 1108742760.64047 1413421624.75436 1150999440.22851 1191155154.5692902 1174075453.7505002 1410745154.64427 1399096000.27914 1166255245.11268 1207281706.23448 1149031046.90433 1225838286.3218899 947464992.87618 507816926.20943 1287936660.07861 1334325092.77248 1171996521.4099898 634767557.83276 627176401.89427 824198795.45987 618963696.49381 1433276267.56489 626546100.84259 1247528601.53128 1334247984.59832 592393996.9508 757156995.77112 1176361852.37364 1098911819.76867 1425381032.8501 1176130497.30806 708807864.04939 1095682943.62676 617642441.9994 1121119243.76445 1151567854.2731 1085332193.74164 1305177617.11217 756225761.89607 
1072550241.2583699 1082029217.81832 1081235384.3746 1065010600.43252 1033702189.554 1054070117.60517 1156480796.7413 1096389405.24928 631550647.60292 1149512678.2733598 0 696969606.64472 1138838534.68891 1159283793.85926 1084461037.95599 545794426.4172 1251359010.7821898 1115163449.05964 513397358.17635 851575552.75937 838818568.48213 1084184845.77988 1085287702.21481 552869281.39106 1121713004.90938 719875306.44248 712362831.31416 940902507.11526 1156847664.9365802 878914630.94464 1186906837.12674 1069596973.58118 1065152192.81848 1215538963.70932 1180465092.15345 1088830986.51297 1108791789.58902 557118681.32256 853403520.29002 575215539.27109 915117299.00318 723607644.03462 541345901.12528 1204024716.8869 889167606.91159 843270245.62656 1213842879.52618 1161432701.47966 1127143675.84211 1093782834.42037 809630483.57763 
1186516398.01686 1253257519.89493 1075915651.86031 901887310.74871 1176023292.51023 1225592734.53035 570123286.73249 1075157685.55016 1223251468.4686098 1091800134.35758 696969606.64472 0 608027487.03954 1285277861.86276 1199044600.21545 1133554262.8488002 554389404.13747 1142407516.2500901 1210366964.82107 1134758831.2539 1106258571.4591 1212537290.4907598 1157598611.22399 787948497.19884 1134614100.57544 1176652310.7444 1136497333.34801 1463456375.88441 1244089629.83184 1314810268.94735 1301490399.3862 1269429188.6981502 1126580862.21295 1076012433.4991798 1152514783.14164 981098531.08712 570556899.67698 808570130.63386 1239774993.67367 1185511025.98076 1092606286.42022 1264638870.88991 1116133823.65448 1320583975.1730201 873138790.15779 1150101658.16919 516873272.88146 795868924.35966 1025335520.08806 1332298068.27487 585644412.77643 
1119799923.11288 1271754574.44379 1128485066.22911 1202412958.2617302 641170537.87871 1044405890.12515 767264253.97222 554653552.07568 1186109936.70991 1352391304.13731 1138838534.68891 608027487.03954 0 1103727688.61183 1458393857.10601 593044108.27171 1162416891.17701 1204234425.1585102 837974906.57061 526731344.21436 992228891.54268 1507437169.81774 1080830997.78633 1122943951.8081698 526586613.5359 1283022671.96518 833996647.77647 1279570558.5250802 1219891487.3081 1125750421.37642 1313999091.8213 992631540.97065 1141945196.1461 899848976.94732 1331944739.96781 1136080668.36748 1147285853.5313401 1156027901.4242601 1419314093.76119 1315657252.3007002 920814855.41478 699691525.47623 1116133901.11039 721438243.47171 1169077204.2989001 1250449779.8333101 1124900759.921 1141632749.68032 1159122513.11735 1353395970.71723 1169601582.59743 
1264111885.25942 1358248151.6559 1330640773.20998 1359543195.4861898 1022574259.46795 1266610772.7140198 1488065888.8148499 549074136.53615 1134615994.40476 1108742760.64047 1159283793.85926 1285277861.86276 1103727688.61183 0 1373377450.41766 1167941989.7105699 1093991059.27604 1101013984.22284 1351992214.9064598 971994582.48448 1289027673.50625 1188814661.89741 805100326.72439 800579065.11138 1303517471.65732 730290996.4416 1292351868.7604198 1258387678.82753 709950608.2764 635235676.60586 1248504617.69352 794166326.97733 521799601.20056 1123750275.21332 911331094.78656 865774412.04522 1141706437.9918098 1095305760.45651 1525193715.8562899 1100424438.42869 748040509.65531 575335844.37866 1445534216.8220801 1192239835.86957 1295612667.55637 1160050250.4268298 1363829175.8822598 1269370000.6568198 1046493763.87527 1286193251.39818 1027654545.04164 
828778595.69419 1350275603.62351 1285711983.8253999 1154599697.80335 916063777.81297 1336632024.89833 1262722119.09724 1128793165.59667 1061342158.4307201 1413421624.75436 1084461037.95599 1199044600.21545 1458393857.10601 1373377450.41766 0 1113025376.4584699 736593724.38407 1066297139.5783799 1436368609.19062 931662512.89165 626875973.20095 820131437.25526 1130920220.37219 1089040546.2111402 1078369855.61303 1328416321.30447 1173996597.41447 1175878345.7437 1111052660.77766 1402308557.85443 1017974703.9824901 589222829.29449 1165649847.1574 1269702351.98552 1226097610.31083 1237036711.1534 1234150099.46345 897339306.56339 1154802277.08188 1051023657.0608499 1140054793.24946 956786930.90436 1262566567.00488 1113096515.83517 1152157460.81123 1209338825.36742 1093778684.2154999 1215096496.5945601 870073803.16125 1108681174.41415 790275108.4306 
526755814.84117 1179420409.11765 535440957.9574 1089179415.67284 1112922806.94669 1351420210.64037 939542653.11525 1139287616.98843 968971981.24861 1150999440.22851 545794426.4172 1133554262.8488002 593044108.27171 1167941989.7105699 1113025376.4584699 0 1282444556.43032 690968789.97816 1059191784.59355 1119775452.4860702 1087698629.3179 1044269525.86552 1190159761.83047 1092990377.92405 1119630721.80761 1265669732.85968 1176598068.73878 686526450.25337 1045632378.64715 532706313.10471 1163388759.73278 523802547.16398 1110232723.34847 1140839417.53545 1159304710.8425498 543036560.09577 562997363.17182 912483215.88231 1266147211.63711 1121009965.68829 1286769946.32229 965940413.24804 580877160.54819 1243555976.3098102 722576071.20427 1371055820.93691 874301249.73299 1229303522.00665 581349249.42491 760351862.44552 1182507531.70794 
1248686740.07307 731506508.10887 747003598.47292 1182953759.30122 918059815.69768 1429802007.98157 1124512690.8699598 1227116317.72174 1174144953.6971102 1191155154.5692902 1251359010.7821898 554389404.13747 1162416891.17701 1093991059.27604 736593724.38407 1282444556.43032 0 1277466291.97936 1438364647.07533 1394014789.02226 1220968203.6093001 1062736318.7381799 960097826.55922 1210186777.82828 1069850101.15679 1097985437.35083 1444685861.91791 1195765219.59009 1260178487.79091 920748625.99272 1126014810.11851 1248544847.56265 572191458.07548 1299929909.06665 642685596.4498 1287890319.65056 1124946303.81445 1145697617.33143 1311628602.4309802 1237114104.56785 1277881710.23294 1321059185.00653 1327348200.1603398 1142646698.55008 1427528194.29526 1210442107.30175 1071262677.01893 601623357.73968 1101074931.9990401 1340653640.14456 1140033816.9139 
1177077473.39312 545959783.87049 1122671144.50708 1073076645.98352 1243658008.2210002 722605965.81668 572284229.5176 1132923037.06742 1154941166.88235 1174075453.7505002 1115163449.05964 1142407516.2500901 1204234425.1585102 1101013984.22284 1066297139.5783799 690968789.97816 1277466291.97936 0 1124168056.79304 1150206515.49547 1136563004.694 1086340820.3706 1099107608.802 1421362120.16537 1114834787.60058 1366878240.78046 1185095819.2660599 1084488435.79829 655031513.77423 1192260477.35146 1064401573.71811 1176861345.2574 1204358102.2775102 1180271334.22678 943554627.27734 1234005350.07393 1226616649.72248 892376115.25402 960042244.75676 539947909.78855 1101598878.54213 1153840639.22681 769931664.99338 1210561151.6177 1191125797.13338 1126749193.13288 1182054446.8990102 1174913127.28119 675474628.35395 843012488.08155 1020729071.16251 
1253413693.9871402 1215669350.70336 1057393622.3158801 1350107818.8385801 520304831.37765 540672759.42882 1240934973.57613 1031784564.4577601 866826521.72603 1410745154.64427 513397358.17635 1210366964.82107 837974906.57061 1351992214.9064598 1436368609.19062 1059191784.59355 1438364647.07533 1124168056.79304 0 785936146.63596 1352215926.6584802 1273300413.72225 791269590.93983 786959601.66652 1364561520.1065102 1233272664.61883 532352711.07924 884201313.26052 1310713180.6184402 1250795535.5234299 1208292068.54937 1185148232.65404 894257302.87627 1141764695.1794 1108521308.2581902 1285752167.5278802 1266508320.28052 1035162194.9232 1338373486.28232 1088612897.4474401 780457445.8808 1237005002.21097 1054743259.30163 1030373483.84261 864443045.07086 806916479.91864 872072212.73363 1139844239.34932 1344280540.3747501 580385476.24402 1236979619.20079 
1270948859.2179 1107247478.50348 1126890093.04334 1372545422.67941 992222806.18672 517674545.91079 978838134.86617 750854120.86187 1274225909.65164 1399096000.27914 851575552.75937 1134758831.2539 526731344.21436 971994582.48448 931662512.89165 1119775452.4860702 1394014789.02226 1150206515.49547 785936146.63596 0 710006044.74117 1092683027.68727 554099653.57197 1319144520.5943599 822413352.79005 1195313774.26687 1136398786.08377 1171342114.87868 778602742.58302 1212952106.68414 990463700.3381 1300432574.06619 1161274642.82655 1265865926.60657 1241765339.0757399 667259119.04985 1184261505.14295 1120560383.6647801 892582749.54683 1311936305.8843 1149832112.02686 708010930.66967 1356597993.22475 1248169587.68607 1146518685.34689 1207327483.77583 1282196852.83745 1119040543.15975 632391168.90299 1321206456.94028 642870238.38307 
560942814.47673 1103582111.49737 1282005076.6714 662539377.93824 1011856448.39708 1227680590.6519601 789935174.31596 1149612796.3052602 1195702332.34097 1166255245.11268 838818568.48213 1106258571.4591 992228891.54268 1289027673.50625 626875973.20095 1087698629.3179 1220968203.6093001 1136563004.694 1352215926.6584802 710006044.74117 0 1244499419.6385798 1208656314.5616999 1240296723.42341 927929602.87503 1362618482.11476 1312094343.85152 591413853.25499 1335682843.98863 1551038590.42732 776906456.34461 1216098802.49544 1287700436.20613 750194008.84265 937008811.72282 1377265163.79102 1436007137.1935902 1234868623.1022 1331368207.83046 1021344181.86761 1121094298.46995 1285499834.11526 701660474.98398 1189278240.12866 1297938925.48756 1241694872.3259802 1193732017.84399 1301297908.72344 1099790630.8431602 1387659585.21732 677237626.93322 
1311969044.57367 1194839839.32941 550860388.16916 1066503643.96184 1079040601.37696 1323715788.18358 1179821835.62754 1075399549.25922 1054226338.60114 1207281706.23448 1084184845.77988 1212537290.4907598 1507437169.81774 1188814661.89741 820131437.25526 1044269525.86552 1062736318.7381799 1086340820.3706 1273300413.72225 1092683027.68727 1244499419.6385798 0 1142773270.02005 1108409808.13581 980850556.28184 1334293296.4175 740947702.64301 1269795199.26938 528929321.26748 825189546.15103 828678478.30597 799729868.99483 1216916350.9829102 1439929582.3737302 1210247053.76068 501232965.76975 641980390.81378 1056694688.5399101 1451104975.49166 1248070610.75943 676163621.55818 976051421.94831 542838944.6546 1147644725.51448 783178297.06323 1412911452.03963 1277727053.55601 1187499927.68063 1084869391.68171 1168412875.74532 1183125495.20197 
1192983384.2971601 553147824.93151 809186851.56205 1341293224.87142 1184480297.5594501 1071774199.48276 1395681896.0741 1200952836.07015 1055651413.54984 1149031046.90433 1085287702.21481 1157598611.22399 1080830997.78633 805100326.72439 1130920220.37219 1190159761.83047 960097826.55922 1099107608.802 791269590.93983 554099653.57197 1208656314.5616999 1142773270.02005 0 1173504309.6763802 1044259535.21075 641214120.6949 845808136.85074 617242461.30671 1332702396.15499 1440336003.33025 767407806.6074 1304531299.93788 1167008099.9702501 711766273.0346 1049984777.93076 1221358772.62182 1111064111.60744 1148040288.9787 1274946134.27908 979644959.10707 1016968805.39345 1250223277.2683902 835009470.64921 1222683649.83195 644751342.30274 1358561330.48685 1069398478.63594 564940889.58778 1151130670.6080499 1232705406.42723 1196969891.95504 
894090653.70377 1201528871.1269 557549419.96665 1331851405.7573 1079770132.8126 942272593.3096 1186510867.42503 568290399.73249 1047055745.89096 1225838286.3218899 552869281.39106 787948497.19884 1122943951.8081698 800579065.11138 1089040546.2111402 1092990377.92405 1210186777.82828 1421362120.16537 786959601.66652 1319144520.5943599 1240296723.42341 1108409808.13581 1173504309.6763802 0 1064083443.0732701 1131050346.55347 1159710184.87471 1493771788.50632 1288304368.73161 1354764613.95448 1132954872.46743 766474537.24844 1154181103.32096 897227937.66938 916792966.79681 948094850.99881 1160922701.18815 1070242402.6901001 1291168603.34486 1119835692.7922802 563724579.87223 1276476925.4256802 906368989.75271 1244155910.11567 1415804288.23088 1366070302.97277 1079492271.67574 608563420.0886 1091558423.4792 1127829716.58323 1070686453.51602 
1229408686.99173 1206961501.44622 1169891889.26191 1113211986.88173 1167757151.41461 1271334730.1991 1293850867.50812 1081240165.61158 1036385055.29285 947464992.87618 1121713004.90938 1134614100.57544 526586613.5359 1303517471.65732 1078369855.61303 1119630721.80761 1069850101.15679 1114834787.60058 1364561520.1065102 822413352.79005 927929602.87503 980850556.28184 1044259535.21075 1064083443.0732701 0 1294043277.4632702 1149039494.2766 1197395142.4464798 1089785630.92306 1377351454.71656 1184333872.60092 1260656656.94566 1546212164.3835702 1338182550.24927 1139436925.14939 1235605230.10015 999520927.08071 1145779537.43896 1280497912.74675 1109165002.19417 780437408.32175 1226278139.01213 589547287.57449 1154758507.93309 642490590.763 1394534240.27962 1068821581.07763 659942420.22209 1401198763.94752 971277830.22254 1110127383.50017 
1132060551.5967698 1194361945.62641 1107144449.81687 700079104.17652 1026568637.54274 1267948027.23931 1109608150.44233 1180718838.9216099 1254480266.42517 507816926.20943 719875306.44248 1176652310.7444 1283022671.96518 730290996.4416 1328416321.30447 1265669732.85968 1097985437.35083 1366878240.78046 1233272664.61883 1195313774.26687 1362618482.11476 1334293296.4175 641214120.6949 1131050346.55347 1294043277.4632702 0 1135067403.48323 1238727090.86591 805363975.15002 1142584484.04219 763873552.13925 994917190.95832 525793979.27535 1134294059.89044 875451018.27487 1361556435.14613 1164515861.91648 1099300138.5313 794902719.41469 1284931916.80961 1291568735.3371701 1305626840.82026 1223743803.4837599 1216624790.25882 651552686.70027 1125459368.2088299 1448473920.35253 1206155010.28268 1054677453.19891 1149114123.35395 1264042688.1055 
1229934919.07429 1222862168.50673 1232598751.70127 1218172390.0836601 526626046.22023 876281834.36998 1260787028.02674 743277732.22427 687445647.91968 1287936660.07861 712362831.31416 1136497333.34801 833996647.77647 1292351868.7604198 1173996597.41447 1176598068.73878 1444685861.91791 1185095819.2660599 532352711.07924 1136398786.08377 1312094343.85152 740947702.64301 845808136.85074 1159710184.87471 1149039494.2766 1135067403.48323 0 1281655450.64545 927897967.75679 1174246457.27865 810122088.67841 652795521.5748 1027400704.48762 1248222169.91009 1028495355.77963 1242180668.41276 1231749722.50098 695542663.12781 1376124654.54819 645147909.47751 1137654416.2869902 1334747518.7505898 1253708732.43944 1036694698.68519 1181423846.16067 1134164459.68197 903879119.31865 1146165454.1919 1094573890.5918899 741322774.44359 1096718174.94577 
758404746.05103 538528651.9278 1182508103.08805 1022408518.29917 1404506144.63817 1378206238.56394 1136720942.85666 1409225682.68171 744781745.00699 1334325092.77248 940902507.11526 1463456375.88441 1279570558.5250802 1258387678.82753 1175878345.7437 686526450.25337 1195765219.59009 1084488435.79829 884201313.26052 1171342114.87868 591413853.25499 1269795199.26938 617242461.30671 1493771788.50632 1197395142.4464798 1238727090.86591 1281655450.64545 0 1246835580.2023902 1219232763.35808 1280930864.43471 1210328997.41735 1416144919.1872802 1329008734.34131 1144618446.53635 1158049322.86826 1249523813.42519 1309084061.66782 1302117319.16802 1116242910.95702 993645577.87152 990461366.01924 1267403610.80156 1159038110.05187 1261993803.6094499 1427013062.11235 1428047871.18643 1170103908.40631 1267875699.6782799 1154622768.63085 1253236877.17365 
1160056535.1979 1133758270.5053701 1079789709.43664 1087206699.99203 1188761687.98282 1296277288.49381 1227315743.29183 1137314901.30762 525297017.33366 1171996521.4099898 1156847664.9365802 1244089629.83184 1219891487.3081 709950608.2764 1111052660.77766 1045632378.64715 1260178487.79091 655031513.77423 1310713180.6184402 778602742.58302 1335682843.98863 528929321.26748 1332702396.15499 1288304368.73161 1089785630.92306 805363975.15002 927897967.75679 1246835580.2023902 0 537228963.57723 1132405823.59657 521829831.48317 687987029.71543 1196804682.91645 1417338412.30228 735245200.41218 1170909712.08126 1089599333.9944901 1312575797.95265 1129696920.7638302 1165407090.6992002 520199961.83187 1071768265.92208 1283109849.7498899 1240476785.0095801 1222902462.4481702 1298464379.65202 1062544666.4124501 883737458.17631 1065397218.50185 658445217.05541 
1059462127.9458799 1351374560.8703299 1068147271.06211 1363464901.6121302 1195210856.08118 829889917.99572 1236558782.06566 786474214.22199 1062525980.91089 634767557.83276 878914630.94464 1314810268.94735 1125750421.37642 635235676.60586 1402308557.85443 532706313.10471 920748625.99272 1192260477.35146 1250795535.5234299 1212952106.68414 1551038590.42732 825189546.15103 1440336003.33025 1354764613.95448 1377351454.71656 1142584484.04219 1174246457.27865 1219232763.35808 537228963.57723 0 1173110479.4523602 1056508860.26869 694436197.81379 1361150352.89916 1261313658.67535 1075742873.20048 744253369.27037 836628305.35047 1391924553.60388 773660301.84111 1256477424.88027 980385895.0303 1113583473.6529 1343575421.88215 1255282384.30898 1169778288.53796 1309865297.51059 1486409502.94391 1114055562.52962 670410059.27941 1173271495.54614 
1045645858.5718501 742402212.50691 933530280.28647 1166036872.35105 1102629500.81455 1234182030.7491899 1228967626.12717 1126897599.7364001 1096913048.33626 627176401.89427 1186906837.12674 1301490399.3862 1313999091.8213 1248504617.69352 1017974703.9824901 1163388759.73278 1126014810.11851 1064401573.71811 1208292068.54937 990463700.3381 776906456.34461 828678478.30597 767407806.6074 1132954872.46743 1184333872.60092 763873552.13925 810122088.67841 1280930864.43471 1132405823.59657 1173110479.4523602 0 1451375197.3541398 1163754281.29713 806099865.67062 1253722502.7368598 620352199.63701 1203231610.7272701 1090742756.243 916253349.02276 876385306.58432 1363711143.73714 1243827279.64568 750849498.51767 592560848.34959 605337891.31309 1059533436.45678 1233547696.10007 524391452.37883 670002532.73778 1280452835.07266 1243353816.03964 
1050558362.0051501 761052774.32902 1059243505.1213801 565376868.50886 1126964802.90456 978420583.82969 1066169284.97478 615485069.82445 1042886573.26104 824198795.45987 1069596973.58118 1269429188.6981502 992631540.97065 794166326.97733 589222829.29449 523802547.16398 1248544847.56265 1176861345.2574 1185148232.65404 1300432574.06619 1216098802.49544 799729868.99483 1304531299.93788 766474537.24844 1260656656.94566 994917190.95832 652795521.5748 1210328997.41735 521829831.48317 1056508860.26869 1451375197.3541398 0 1209816861.1986 680479522.69103 1206433090.23494 1066839107.25975 1086799910.3358002 1348338184.70261 1451294758.84346 1297943431.05231 1076107324.47932 1042029793.31504 1089041567.8161001 1308215549.7273102 1246378618.36825 1255393390.5592198 1222928791.3336601 1146576360.40623 1105151796.58889 1284154409.6095 1180275048.53858 
1243207321.88115 877616267.25948 808841172.00942 1225873083.45187 500774658.26739 857610549.90609 1172868274.67469 654924859.64626 1137808475.91678 618963696.49381 1065152192.81848 1126580862.21295 1141945196.1461 521799601.20056 1165649847.1574 1110232723.34847 572191458.07548 1204358102.2775102 894257302.87627 1161274642.82655 1287700436.20613 1216916350.9829102 1167008099.9702501 1154181103.32096 1546212164.3835702 525793979.27535 1027400704.48762 1416144919.1872802 687987029.71543 694436197.81379 1163754281.29713 1209816861.1986 0 1157424816.65793 729351382.58685 1387574013.24578 1246978147.17026 573506159.25595 1213681436.13576 759137937.53426 765774756.06182 1097135445.5792198 1315260272.8091102 1010843310.73235 1076795105.93191 638250649.22627 1311690881.5123901 1120314066.23906 528883473.92356 1172244880.12144 1130041756.2065902 
1230419703.13795 1189391002.06675 889069194.20457 1245856391.1998901 1086155871.75728 970109408.49492 1153842489.8097 574676138.67717 1282737221.62316 1433276267.56489 1215538963.70932 1076012433.4991798 899848976.94732 1123750275.21332 1269702351.98552 1140839417.53545 1299929909.06665 1180271334.22678 1141764695.1794 1265865926.60657 750194008.84265 1439929582.3737302 711766273.0346 897227937.66938 1338182550.24927 1134294059.89044 1248222169.91009 1329008734.34131 1196804682.91645 1361150352.89916 806099865.67062 680479522.69103 1157424816.65793 0 1239174286.70086 1084754815.5146 1071140832.13922 1308697733.22682 1282621210.8450398 640323424.43823 1363234435.3944101 1312788406.40808 1231628258.56914 1242853205.9061 1338814365.45067 1400281983.66943 1235396676.64384 1255448510.65716 1075162129.36925 1050954835.06541 1427431635.77587 
1250789726.22993 606089794.60855 842850730.09338 641056221.72608 1174995254.90586 1272292883.30491 1141848638.192 1369554686.40443 1150828803.48848 626546100.84259 1180465092.15345 1152514783.14164 1331944739.96781 911331094.78656 1226097610.31083 1159304710.8425498 642685596.4498 943554627.27734 1108521308.2581902 1241765339.0757399 937008811.72282 1210247053.76068 1049984777.93076 916792966.79681 1139436925.14939 875451018.27487 1028495355.77963 1144618446.53635 1417338412.30228 1261313658.67535 1253722502.7368598 1206433090.23494 729351382.58685 1239174286.70086 0 1179404593.02563 776922384.94877 985684773.43538 1383703096.61371 1183344875.45358 1112146195.33209 1146655304.58109 1164720921.03332 1172717305.45858 1419996395.0093598 1150181909.4756 1420239761.61411 1244308954.18948 1110591340.38552 1390810826.77356 912752411.54808 
1069792374.93694 1261999901.91035 1052093353.93891 752101694.77189 1305806369.88255 1184933664.96064 1226451389.6533 1337076553.481 1258788557.86831 1247528601.53128 1088830986.51297 981098531.08712 1136080668.36748 865774412.04522 1237036711.1534 543036560.09577 1287890319.65056 1234005350.07393 1285752167.5278802 667259119.04985 1377265163.79102 501232965.76975 1221358772.62182 948094850.99881 1235605230.10015 1361556435.14613 1242180668.41276 1158049322.86826 735245200.41218 1075742873.20048 620352199.63701 1066839107.25975 1387574013.24578 1084754815.5146 1179404593.02563 0 1106033923.26759 1280022003.2930999 1196988030.06148 1300781155.95557 1177396587.32793 1255445162.24405 1044071910.42435 1212913047.9866 813191338.87847 1127672984.02902 1395423205.6321201 686266961.91088 1124385809.52068 1303388422.54129 913049167.82925 
911884806.94987 1248385918.53497 1063779203.03239 773467759.25535 746203488.90287 1505627862.19874 1140680186.40947 592632301.45566 1158881292.6411 1334247984.59832 1108791789.58902 570556899.67698 1147285853.5313401 1141706437.9918098 1234150099.46345 562997363.17182 1124946303.81445 1226616649.72248 1266508320.28052 1184261505.14295 1436007137.1935902 641980390.81378 1111064111.60744 1160922701.18815 999520927.08071 1164515861.91648 1231749722.50098 1249523813.42519 1170909712.08126 744253369.27037 1203231610.7272701 1086799910.3358002 1246978147.17026 1071140832.13922 776922384.94877 1106033923.26759 0 1261060852.44842 1341616127.31326 967971912.58639 1120198684.48471 986330649.20792 1143874523.72001 910915308.19301 1270732260.31166 955528039.63017 1087430172.55844 1365742896.87454 1134157045.83747 1323349225.61734 1156201312.4534101 
814555340.30757 1309923137.7242699 1228323562.87712 1100154531.88466 514857363.54555 1132133086.11206 599362115.41874 1026337096.62566 564302316.66083 592393996.9508 557118681.32256 808570130.63386 1156027901.4242601 1095305760.45651 897339306.56339 912483215.88231 1145697617.33143 892376115.25402 1035162194.9232 1120560383.6647801 1234868623.1022 1056694688.5399101 1148040288.9787 1070242402.6901001 1145779537.43896 1099300138.5313 695542663.12781 1309084061.66782 1089599333.9944901 836628305.35047 1090742756.243 1348338184.70261 573506159.25595 1308697733.22682 985684773.43538 1280022003.2930999 1261060852.44842 0 1333056872.88169 1132334220.5936499 506517822.81787 1124194507.39612 1098464582.44784 1024926016.01051 503288946.67596 740016121.82069 1225006234.25092 1134396771.51722 1102389633.17951 1092585188.41873 1013479696.46166 
1381400621.15846 1459866297.24079 1218806965.72475 1494981823.59121 1329544652.66297 797700726.8535 1324260502.2568698 1254842119.40948 1263470215.56444 757156995.77112 853403520.29002 1239774993.67367 1419314093.76119 1525193715.8562899 1154802277.08188 1266147211.63711 1311628602.4309802 960042244.75676 1338373486.28232 892582749.54683 1331368207.83046 1451104975.49166 1274946134.27908 1291168603.34486 1280497912.74675 794902719.41469 1376124654.54819 1302117319.16802 1312575797.95265 1391924553.60388 916253349.02276 1451294758.84346 1213681436.13576 1282621210.8450398 1383703096.61371 1196988030.06148 1341616127.31326 1333056872.88169 0 1303668846.87198 842132845.52788 1429441071.95815 1222517885.91296 1239335489.25949 1359653066.7683 593040751.061 1294149743.49385 710005244.6913 684797962.2122 1234920147.83847 654130580.89724 
1215421839.5839999 577714259.02922 1221693710.1894698 1357704971.82522 703710098.43245 1262553875.6052299 1112232139.30615 1214999563.1154 1092137305.0118601 1176361852.37364 575215539.27109 1185511025.98076 1315657252.3007002 1100424438.42869 1051023657.0608499 1121009965.68829 1237114104.56785 539947909.78855 1088612897.4474401 1311936305.8843 1021344181.86761 1248070610.75943 979644959.10707 1119835692.7922802 1109165002.19417 1284931916.80961 645147909.47751 1116242910.95702 1129696920.7638302 773660301.84111 876385306.58432 1297943431.05231 759137937.53426 640323424.43823 1183344875.45358 1300781155.95557 967971912.58639 1132334220.5936499 1303668846.87198 0 722911010.95618 689599609.27308 1116561440.39637 1205424141.08721 1302548624.27557 1229309417.46893 853436982.03235 1188340748.50454 1114112855.60844 991425567.86448 1095273636.77481 
760014131.48112 1068617985.3455 1121273999.83888 783041408.4292 1021375186.36342 870330594.73662 1105879938.23661 907168398.30052 1064785986.42711 1098911819.76867 915117299.00318 1092606286.42022 920814855.41478 748040509.65531 1140054793.24946 1286769946.32229 1277881710.23294 1101598878.54213 780457445.8808 1149832112.02686 1121094298.46995 676163621.55818 1016968805.39345 563724579.87223 780437408.32175 1291568735.3371701 1137654416.2869902 993645577.87152 1165407090.6992002 1256477424.88027 1363711143.73714 1076107324.47932 765774756.06182 1363234435.3944101 1112146195.33209 1177396587.32793 1120198684.48471 506517822.81787 842132845.52788 722911010.95618 0 1259357850.14566 1065887533.78474 1271986372.28472 852079708.35865 1071419119.03655 895271118.04548 1079743940.04391 1108120155.92682 586067365.60086 506961873.64379 
822538969.92542 1267313868.3023 1245628547.3431602 1479292574.84862 912984923.32722 1225685476.58046 1261347068.96793 891135576.87359 1045496979.16553 1425381032.8501 723607644.03462 1264638870.88991 699691525.47623 575335844.37866 956786930.90436 965940413.24804 1321059185.00653 1153840639.22681 1237005002.21097 708010930.66967 1285499834.11526 976051421.94831 1250223277.2683902 1276476925.4256802 1226278139.01213 1305626840.82026 1334747518.7505898 990461366.01924 520199961.83187 980385895.0303 1243827279.64568 1042029793.31504 1097135445.5792198 1312788406.40808 1146655304.58109 1255445162.24405 986330649.20792 1124194507.39612 1429441071.95815 689599609.27308 1259357850.14566 0 1194948694.63102 1220599871.0307 720276823.17771 1285605961.77445 1386395418.03264 719435827.26685 1340402099.57266 1523636836.19242 1178645178.88728 
943874829.24007 1224324052.84767 580344601.68742 523664699.30724 1172747468.2265801 1155902558.27146 1024457115.77316 1159488048.50064 1172896548.7282 1176130497.30806 541345901.12528 1116133823.65448 1116133901.11039 1445534216.8220801 1262566567.00488 580877160.54819 1327348200.1603398 769931664.99338 1054743259.30163 1356597993.22475 701660474.98398 542838944.6546 835009470.64921 906368989.75271 589547287.57449 1223743803.4837599 1253708732.43944 1267403610.80156 1071768265.92208 1113583473.6529 750849498.51767 1089041567.8161001 1315260272.8091102 1231628258.56914 1164720921.03332 1044071910.42435 1143874523.72001 1098464582.44784 1222517885.91296 1116561440.39637 1065887533.78474 1194948694.63102 0 662678815.76162 1232037878.33749 1245173599.86464 1153345248.02827 1136356569.71165 1109665883.03854 1334862141.82976 795185896.44977 
1098636994.09069 1169851960.8913 1243023417.44904 1186343515.06886 510068652.46496 1132045465.72973 1244229634.27147 1021548385.5450699 1216457522.33525 708807864.04939 1204024716.8869 1320583975.1730201 721438243.47171 1192239835.86957 1113096515.83517 1243555976.3098102 1142646698.55008 1210561151.6177 1030373483.84261 1248169587.68607 1189278240.12866 1147644725.51448 1222683649.83195 1244155910.11567 1154758507.93309 1216624790.25882 1036694698.68519 1159038110.05187 1283109849.7498899 1343575421.88215 592560848.34959 1308215549.7273102 1010843310.73235 1242853205.9061 1172717305.45858 1212913047.9866 910915308.19301 1024926016.01051 1239335489.25949 1205424141.08721 1271986372.28472 1220599871.0307 662678815.76162 0 1164866452.4054 781892799.00244 908759074.83594 1116952300.72842 1262563381.08737 687891986.72307 1205853747.51729 
1249331886.04544 813906600.40081 1258017029.16167 972116400.94072 654797799.94044 628844139.4361 1102651062.0947 1166277533.02055 1067591263.3367901 1095682943.62676 889167606.91159 873138790.15779 1169077204.2989001 1295612667.55637 1152157460.81123 722576071.20427 1427528194.29526 1191125797.13338 864443045.07086 1146518685.34689 1297938925.48756 783178297.06323 644751342.30274 1415804288.23088 642490590.763 651552686.70027 1181423846.16067 1261993803.6094499 1240476785.0095801 1255282384.30898 605337891.31309 1246378618.36825 1076795105.93191 1338814365.45067 1419996395.0093598 813191338.87847 1270732260.31166 503288946.67596 1359653066.7683 1302548624.27557 852079708.35865 720276823.17771 1232037878.33749 1164866452.4054 0 1243305068.49665 1180011776.08313 1129729343.69192 1275340424.05087 1407227149.81079 1359041582.00244 
988712843.88892 936953028.39169 862051063.87047 1249887858.61655 1139025307.49366 1347589239.34746 1219433666.2323 1293175508.87253 1217838952.31584 617642441.9994 843270245.62656 1150101658.16919 1250449779.8333101 1160050250.4268298 1209338825.36742 1371055820.93691 1210442107.30175 1126749193.13288 806916479.91864 1207327483.77583 1241694872.3259802 1412911452.03963 1358561330.48685 1366070302.97277 1394534240.27962 1125459368.2088299 1134164459.68197 1427013062.11235 1222902462.4481702 1169778288.53796 1059533436.45678 1255393390.5592198 638250649.22627 1400281983.66943 1150181909.4756 1127672984.02902 955528039.63017 740016121.82069 593040751.061 1229309417.46893 1071419119.03655 1285605961.77445 1245173599.86464 781892799.00244 1243305068.49665 0 1204476407.9893699 905216273.78167 1165615527.67579 1313902783.20044 564457245.39276 
