101
location71 location52 location42 location36 location34 location45 location58 location39 location31 location11 location61 location2 location98 location54 location18 location64 location44 location82 location46 location15 location49 location95 location38 location68 location32 location17 location65 location4 location67 location30 location94 location5 location7 location74 location100 location35 location77 location10 location53 location48 location60 location97 location91 location26 location57 location79 location37 location86 location56 location66 location16 location80 location24 location88 location73 location25 location87 location70 location28 location29 location27 location50 location63 location92 location12 location9 location23 location41 location14 location75 location89 location83 location93 location90 location84 location21 location19 location13 location81 location72 location85 location33 location43 location59 location78 location76 location40 location6 location3 location99 location22 location1 location62 location69 location55 location96 location8 location20 location47 location51 Soda
0 756478698.3348 1021789606.88754 1106464470.70216 1118105515.87423 1148843156.65055 630250001.20696 1064939057.06878 512618343.69253 1226287610.8032799 1065307915.77002 1255704163.89915 519490555.97351 1066528248.45003 645905696.42397 1065532183.81043 1159917018.51741 1066935646.2390101 1058195292.5968301 1157355812.1004 1113052355.1251101 1253096281.33058 1147627185.35461 1078968645.00714 1052670080.4554701 1119440798.80076 1065791169.79702 938801540.62614 1298997097.28599 915254370.9832 1143091712.89795 1224740735.14468 1144400627.68049 1135153948.57973 1103764013.44187 1209117370.01031 1114071770.60115 725190000.34261 1202088457.39346 619198233.1575 1159823607.37451 1077889176.02839 1151353914.1163 1057033944.67956 540390020.4083 1014972659.7688 1061029511.63729 1104708006.26712 774281810.83846 714405844.58122 1110140811.44855 1073899217.04935 864272391.00221 1037034834.82091 1034133270.83589 1079866753.82871 514938435.84464 1047989309.7956901 503108513.05086 675680499.91214 1055181236.66081 1058872110.4962199 1196482194.57092 693631710.24611 788973281.04599 1053883108.8552599 1232633976.3287 1069532385.13753 1133907712.87702 589259911.70865 827095413.32054 1180522003.60768 1093236217.04771 1071854794.64483 1033334713.2262399 1069891952.7957201 1136166935.88648 1191732345.9345 1056662690.91207 832691651.63903 726595735.93684 712250315.08732 1242176125.5875201 669263594.46098 1108258991.06401 1031743615.45804 653229056.41763 1043960266.84967 940172485.87694 959398023.0594 1019657427.79997 981743297.63374 1065662370.69599 1041270465.7409501 1059811475.00032 534929866.29812 1029834099.2472701 1060655009.7867 1018507846.8102901 1069845677.6041 808918955.34681 
756478698.3348 0 1120592476.03813 606561404.98635 1104350633.88336 1261701743.21216 1386728699.54176 1080865323.90026 605446259.70969 1138927658.7374902 1290479476.06114 740787780.05127 1067143142.6462 520105450.16968 1189172848.49072 1010566146.1628001 1165907083.8056102 976573928.83741 1221822377.46825 1182815858.8024201 933934626.44743 1187065176.1602602 1049007542.74165 1246050204.73228 650966604.19561 701465683.40155 901295252.05145 1045858470.12824 1305022330.20886 1154169782.31394 1112302995.4967 1149263533.00483 1114245509.9921598 1145477169.51876 1023674503.50605 1071956431.52055 1053028927.8853201 1029243105.11632 807541835.98612 1167119990.80569 1258455182.5964699 1334268678.65475 1119399534.06523 1173269331.43757 856789874.19211 1241716918.23632 703953224.78899 1117508821.02392 857605914.33647 1189655481.06674 1074872907.32811 578693633.18596 796882043.37987 1121334616.43673 588137547.48546 1081646402.4876099 780376328.5085 526825788.23289 1117930606.83763 688268911.72915 1191755649.7894 1178873698.11705 1255785708.58239 1310504214.14518 500807145.88555 1091851936.9605799 1151165567.6623302 1049283915.5899801 1308298282.75223 1345738610.0434499 1025032060.58219 742048494.84617 1345995928.6262999 1087972116.53365 1126162629.2434 1135959592.77499 1059880040.0097101 740083143.18503 1165169757.1300302 1110892381.34216 1102225458.6396098 1284241628.8631 1090633188.0269098 517720656.90037 1091072670.3479 1092669536.5257 1078047605.13168 1312125519.57065 1119080118.59888 1111270013.75033 669494862.29293 1070494439.69738 1037263331.79747 1143437903.30089 1126499207.7826 1225763950.97613 1187366847.29279 1112071954.15148 1055217012.75634 1399907434.19353 1331916063.14537 
1021789606.88754 1120592476.03813 0 1234120598.34175 1068820484.60233 1086263410.68136 1159314122.2465801 1030366960.5711 1197086617.59511 1029725499.50148 1016022884.4981201 638072297.53595 1147524718.34497 600487025.86845 705709875.92589 851539588.73301 1124068076.91581 747094024.21509 1104250194.23328 1164825677.01327 622474983.8409 1145226169.2704601 980476450.03066 629187056.63569 812426047.97516 1077223958.6979098 1201886621.5587401 750849489.65897 1145076851.06278 1062922979.76745 1099862750.09631 621022851.5684 1090429898.70933 604932061.05477 1045229479.9268899 1271956595.76574 947861232.12543 891389867.4559 526814305.55612 785125899.64956 544540818.44941 1034791446.53228 1190975234.4332 1181955075.03554 1305373566.30478 552165166.48675 1047631105.26727 1091309599.8971 1116500322.4319801 1121440566.07378 1274722038.3376398 1040878165.24874 1212954341.13882 1238129227.44438 546298540.59566 1096617065.89509 1052199390.41091 919208982.34408 1077323298.38069 1208170787.68339 1149916642.8996 1214190075.3927798 508465350.71389 522653569.61349 1075382002.06463 1036151919.25517 1201716345.05006 1042596305.54502 1161319875.19066 1245001283.72841 665423485.58198 1148766776.09862 1136467476.11856 1188647983.96079 1091151714.13259 1094120585.88519 1214555582.7614698 691620516.0393 1123330750.24023 600578118.68705 1180798646.26365 1145228801.2752 1131132198.59274 1157730519.95133 835318216.91727 1018345209.08802 1255635867.25921 1015715950.0162799 1199804162.31254 532071950.34331 1006259021.42995 674505425.45969 694770444.77625 1093292753.13707 746426450.78912 1070337837.20909 939897422.34922 800469170.38602 733468064.91313 690187625.21117 1080631639.99157 
1106464470.70216 606561404.98635 1234120598.34175 0 968063141.45097 1185658332.35002 1160113827.49172 1154154914.64307 1154981231.51397 1112951752.12639 704932741.0157 1195139157.7356 586973914.72865 941202759.8549 1139448514.39152 1100167659.5329099 613895266.51222 1119254131.9598 1185324458.72164 1107735785.39645 611645614.50085 970653313.27345 657724121.39116 1282444678.3555 1101384357.41834 1210210129.6332 996011693.08276 1160691359.86359 1292607499.6241398 988109819.81287 1098032566.49001 706081014.37867 874426521.35906 1131206740.51207 906034762.47171 942444091.58145 1110991585.26958 1053162391.45034 1091087976.52068 1083315585.22263 1206554037.73253 1216863724.8316598 1149602231.98008 764510549.87574 1233422264.62133 916713358.06085 1154141163.6519399 612592506.45652 1080116792.23716 718227717.77997 1022042021.10232 574318376.25096 1088767519.26117 942051991.15018 711329195.62559 1099553447.34122 1133279157.4556699 663100483.57514 1087618619.4612298 1149795018.15386 1159871782.2663 1131428953.81825 1077319915.07244 1161499641.3306499 1107368550.8719 1036391198.3741 730048015.84827 1081800361.8973799 1185642652.43861 1210596805.26736 1170003582.34342 1186670700.8095498 1012484711.78533 1040527372.23485 1190853560.96637 1081430852.06879 793128006.75568 1083033882.58053 1208016277.45981 639376843.24751 1054780714.3408101 1055542304.76495 1076362759.0202198 503450227.89368 1101242227.28963 634457179.61429 1126149548.11088 1133570692.98843 512518713.61253 1110888922.18156 1186407211.96158 1218864907.2930398 595889453.52477 536876498.31454 1052057592.92762 806274164.90174 1121750331.32215 748632028.99158 1040946583.74965 1270209210.1181698 1166994109.3942199 
1118105515.87423 1104350633.88336 1068820484.60233 968063141.45097 0 1013735302.68408 926824871.23615 960298607.3832 1108775451.4131799 566495933.38769 1069728035.91477 520080516.74588 1131282876.1901999 584245183.71368 617958754.14624 1046604136.87434 1140775900.98141 1112590478.7578 1241429659.98385 1205745805.09711 1119390326.4170399 1186015983.6378999 587161058.89324 1223113002.76868 1048698579.76905 1055595196.4287801 1242676435.92618 622815687.95925 1193858245.64789 1094583426.31585 1069532623.75949 1119374509.3647099 1112534709.4943 1229033768.3821201 978228671.32978 860085413.80192 507322024.50456 502999087.92987 1029786521.85332 1191371211.4646602 1164243727.51926 732786642.70723 1181902155.8501902 1244624807.84825 976690079.33392 1082604105.09585 1154841654.16499 636659694.03672 1253650331.25282 616915537.31243 1156730257.54757 1094583316.66539 1174420456.91306 571687708.55498 587088354.9631 778531851.98558 1139797432.3860302 639258506.05651 1118113112.7481298 1195446238.98872 992471248.75588 927576617.73208 1084226988.7314 1131551025.2634501 787444675.48773 1205867698.01333 540995817.76652 1013364560.58672 762177215.84781 1275172286.51386 1089171794.12619 1218482070.8007998 1200825516.82934 672404863.86613 1144856865.54924 1134910400.25263 1138537799.40404 1196152466.0792499 1137453214.96189 1086901233.1422 1279557558.77156 977396490.10221 1056711674.16987 1174440728.52848 1203505388.17152 954227204.30674 1190480322.9552999 1069421101.43293 991706717.01498 1110220821.22797 1077979477.83282 689369153.23242 1147556380.07146 1142571187.19954 1099299537.46313 857167036.36417 1054469447.73069 526533010.45733 1122245388.05695 1003929346.66477 1117830395.58748 
1148843156.65055 1261701743.21216 1086263410.68136 1185658332.35002 1013735302.68408 0 1051956921.06545 666777313.39356 816398342.34973 774985259.08025 1100465676.69109 959574551.86122 1291568191.95688 1030021030.88313 1105764090.72757 1233879948.14453 1108503030.62463 860060894.61624 633373529.64269 825153382.88074 1205372396.9944 629035829.16099 1052871125.84145 612354490.75359 1047789833.44401 1061710637.7388 1215129695.65557 935408212.4559 1149249958.97783 1176409092.70715 1136669369.44152 1114700410.36602 1108287837.67169 1127950401.48526 729702475.17486 1115866057.63681 506413278.17952 1085237851.42228 1053030921.00524 1050656389.91629 548713926.36446 1149728170.4460402 1028431279.49091 647060103.23083 1018851640.2765701 1019275512.81968 1105704793.8568602 1062892506.27055 1145084561.78763 1157974511.5827 1214838834.24329 1125320957.44171 856749526.06908 755683550.85231 863588873.3712 1091545500.55049 1240995604.77717 1060822530.3645799 1188214622.7098699 1019168468.5296 1312730088.9176002 511794042.04702 1096664870.6781301 1180491516.83285 925109113.62308 1037513106.4794 1119474957.98485 1117955151.18233 1067828956.59821 1063727628.81002 525094420.47062 1169342236.0029001 1177943048.62163 891420396.78348 1092429705.81254 558396180.24722 744111282.74689 785635662.22123 502578969.7728 932048244.10559 1118257980.00705 852418683.11906 903896608.86233 1044105256.99578 1065801649.35333 1236237157.6524901 952052266.2994 1100158742.20925 996184843.10663 1347750934.06201 950964720.63079 521014561.69849 1121308048.78346 1158221504.4995 1063560503.1087999 1026209872.1891 1092608163.48492 1131205222.5156999 607459146.35276 1117135733.77208 1184358994.49376 
630250001.20696 1386728699.54176 1159314122.2465801 1160113827.49172 926824871.23615 1051956921.06545 0 560572092.08795 1059530473.7532399 1300417585.79919 1164141808.62965 1166005652.79582 573139912.76307 1120177605.23959 597768526.33516 810779002.36488 1154385670.48892 1187760412.01984 956841726.0988 614900803.5747 832859263.81571 1319406675.46291 1267998008.4914799 1244366952.27871 1139972069.83772 1126318457.93378 1180436789.5125299 1215470270.17271 1250859927.19718 760575641.06887 1144570849.03598 1158703629.0195699 1147598062.5894299 860554650.38132 1148220078.4369102 1094162697.62004 1126716018.77015 1199939760.52119 1296684315.2802 622395668.06644 1376395197.3811698 971877321.79197 1286444708.82429 1196210368.8422098 1170640021.6152601 607148955.75983 1241281017.79841 1265398903.84625 819304092.70098 998794277.55297 1304265969.00094 1124637709.65658 1209884199.95899 588062762.67864 1191337020.3106499 1176664295.32439 1107183179.68399 1039119170.34781 1133358514.25782 1305930501.1191 1270862832.22348 818302216.73333 1087855063.00485 739815122.66248 1140630270.10266 1141967170.62177 1241683839.87051 1096251791.16556 1046125596.58144 988672388.27058 1216100735.5427399 1198972394.39684 1156239688.60486 1196225847.84955 1148896381.23564 643514975.02112 1170053979.60726 1263293937.94315 1098174444.54116 817853426.12012 1274729026.41549 1103722962.60678 1114363404.59533 1147282118.92263 868368237.72293 779096201.20199 1283479057.62459 1153269098.90269 1017767672.68317 1256284856.58281 975822309.38737 1155038785.55233 1153746432.4625 1170594072.72579 1174664177.34644 1165179867.50508 1377882692.3053799 580129081.40367 1102055160.24587 784827482.5042 1204269759.2209 
1064939057.06878 1080865323.90026 1030366960.5711 1154154914.64307 960298607.3832 666777313.39356 560572092.08795 0 1186850915.55772 1023970253.84594 1290387782.21494 1150334623.6547 1133712004.8510199 1139219296.38838 1135544107.50247 1089817178.29196 1139232917.51298 1071103060.68301 944963269.11493 1099149994.87938 1194190702.6626601 1251122349.995 766173688.20772 721918998.09888 973733465.08704 565746365.84583 1116153793.31984 1208453094.67255 1391401732.17012 1192471475.3861399 1165154755.33246 683828116.12817 1272531344.9516 1233567483.27297 1158372973.20172 641671698.13544 1103180962.17269 923374597.54437 1242013602.74309 960604568.24026 1154456934.31617 1135788538.57971 1186936625.60667 1148574671.09412 832135459.91521 1105997600.6806 1148573821.91215 1366379184.6687002 1106635344.87153 1166826702.23942 1314989913.5742302 969177619.13165 1144116089.22964 657705645.23669 1114634562.09778 729301666.23474 1230857239.3882198 738708591.1294 1114137172.0956001 1221220250.74383 1239112428.41538 1178571355.4405801 1077545645.08354 1290056024.1781402 580058178.01471 1159230830.31059 1080345744.50809 892311108.39603 899708116.16165 1370270225.32234 1078525179.80695 921704544.84746 1115299259.48222 961368381.7877 1252947396.8709302 1204087067.1090698 1232585612.27567 1222007777.8618798 537602352.45321 896859593.55542 773549452.25983 889554987.96964 553791312.50738 1126703843.63392 1088000805.57432 664387384.91006 1147635055.62717 1261628162.8013 971941356.27959 1043929749.56775 1070714670.05879 934806312.94038 1099939976.049 847316990.84462 1197429347.1203 965370177.94287 1371840015.46714 1075308772.4054399 631257473.59176 1130810150.3536901 1116410997.29649 
512618343.69253 605446259.70969 1197086617.59511 1154981231.51397 1108775451.4131799 816398342.34973 1059530473.7532399 1186850915.55772 0 1077919403.00712 695920197.97845 1175843505.9770298 755460416.04951 1125551709.87937 1041194385.98034 874161350.83902 1116538129.66228 1165361459.83013 1135874904.83866 644737468.40787 1117984605.96354 1273039732.0524101 1171888207.0190601 1155948031.0064702 1063423014.24174 1174994465.28834 553172826.10449 1038297515.54859 804179389.08785 1102514902.54909 1166209058.72755 1117843949.74188 1100555870.03078 1099792395.49774 752931292.22359 791431196.94906 601453426.90862 1229216673.22575 1164099492.6929498 741248897.66721 1253619953.70107 1184876649.5650501 1088536690.1020498 802673932.59454 1053008364.1008301 1206014140.81917 1101080874.09219 925922698.45757 1125307914.59017 1054761910.50911 1159153853.2437801 1184139892.89565 964466677.189 928986910.47651 1121532622.38202 1211742389.36519 1027556779.5371699 656921775.11047 1015726856.74339 1058678790.3621 1220491513.75565 1124741105.62937 1104699969.71578 1185539538.10029 1106253405.59524 665918334.36616 1038597170.3814 1125528703.87012 1075402509.286 1101878255.40118 1255847867.66965 1181686540.33466 1026789350.03151 1125915832.07774 520716369.53371 731558926.17299 1189976026.88729 1028537297.9745 1256375912.23914 824496578.78287 958629431.79524 1206192296.2382798 1150843076.57393 1123166916.61006 1068747868.3323901 934221126.36556 772488542.26664 1054168229.0665 1047044585.3877299 1127523273.3181 1060933012.93018 1092131513.64776 1105012398.4562302 769018602.37122 547193131.30779 1047548209.9906499 1286474267.82513 1219264594.50814 1187307748.9226 1222757299.8287702 1126304838.22994 
1226287610.8032799 1138927658.7374902 1029725499.50148 1112951752.12639 566495933.38769 774985259.08025 1300417585.79919 1023970253.84594 1077919403.00712 0 985185386.6965 1086576450.13357 1171046710.82344 1140178835.92909 1184454687.5339298 971314501.14544 680121756.74844 1276167843.9250898 1097853487.50812 1299913175.62596 1193549241.59304 1181845163.3239698 1040166635.01555 1260223544.99296 1151634566.6525102 1070827251.97275 1041963609.48182 1072272788.93925 1072296247.1380401 1229149781.88027 757642769.9215 1046256585.41046 546038776.10661 1133767668.8884 1128456290.69137 793430055.94021 1073817957.89225 1069495021.31756 1152236965.25156 992011615.25926 1105612687.4138398 1149101335.93964 1212155884.93487 1128223455.44117 1202268948.6184 1161319340.13871 1198252951.9259 1203155627.4244099 1134354337.7831101 650620582.41015 1127002031.18296 974012420.01217 1163645689.98413 1091797306.56114 1153584288.35079 1252385911.64484 711349174.95864 754345240.41403 813971825.32638 736652893.96055 1247712439.3804798 1161854810.62094 862088762.54232 1058718178.0657201 1239223668.30446 1086109411.08372 640512419.62652 1263736572.37669 557210622.40492 1308380190.5436 1173285033.1552901 1123460410.3109798 869594826.55913 1106211526.45169 1051700187.8416 1045502892.10419 1048078003.8578999 1145657139.79916 1257408407.83857 1269816810.38656 833329843.38088 1085850201.7584 1165133667.31502 621207001.83712 971355266.62204 1168602430.61582 1129119648.29264 1245249533.7295 957458323.94626 835751418.5825 511483544.44513 1054560683.57187 872470928.88489 576075253.81185 1091256348.42493 1239226324.96692 997448892.51213 1074667311.33582 1151238003.6763 1097431366.0479498 598419630.81611 
1065307915.77002 1290479476.06114 1016022884.4981201 704932741.0157 1069728035.91477 1100465676.69109 1164141808.62965 1290387782.21494 695920197.97845 985185386.6965 0 1208658772.30728 1195787973.33916 1208423814.80448 732498014.14982 1051707205.19751 1210306779.78454 1192573663.26826 1124257542.04634 1162456745.70738 982089390.29909 1277864740.9707398 1149667704.3386302 1090112590.65318 1057221033.11568 1060698264.75195 1129843142.18406 1266024197.6943998 662425256.03034 1332103032.41827 1100770301.40875 1126792379.57135 1104968734.92643 1099169504.06501 569071963.88986 1385568458.4345698 1283709862.25456 1053542862.0757799 1123583312.10989 579766340.40344 587774615.28578 1296473921.9272 609129730.90893 1217790712.87026 1147597446.01876 812359570.01399 1191115878.78637 981765010.8867 1163620835.78331 1340198637.7595701 1277703125.03002 971866430.2394 1237098739.0513 1273983084.4103198 1258805458.0412698 1249302791.52493 1284232723.6571798 1220060542.9762402 1436149618.77023 1152447440.48436 1292443176.2515302 1125766968.35282 1109435407.0329 903635302.35433 1256806539.51926 1262050402.93007 546098886.08969 607801312.12099 1094475820.12296 1184047325.02097 1171113431.08032 727283760.29962 862153420.71034 1192539683.73186 614551313.99111 1212511922.1634002 1127424651.9442601 1143354865.97504 1127843760.5469298 1171712186.20896 1116093583.26751 665204923.49545 938769630.84753 1179543796.85165 1104862338.27465 670663412.47924 1305519581.38267 1016623501.32872 1094269590.60982 793754425.73823 620984613.76821 745551858.14916 1254444219.32896 1094200304.44951 1243113329.28624 1240332835.38194 1237734223.95631 991546903.64758 1072532167.54849 1282359476.69547 861196299.80811 
1255704163.89915 740787780.05127 638072297.53595 1195139157.7356 520080516.74588 959574551.86122 1166005652.79582 1150334623.6547 1175843505.9770298 1086576450.13357 1208658772.30728 0 1074036898.65554 1104325700.45956 1138039270.89212 1087987014.18315 1182380014.20646 592509962.01192 1108202118.61632 1279061103.78228 1260547281.37685 1218939771.35716 838266346.89317 829691947.32798 1233351666.38421 663650080.4603 1186882379.30506 915453884.03842 823543229.19005 1045814679.3187699 549452107.01361 1196189624.63362 1058967863.32867 936274740.13398 814537488.57331 689491274.80731 1027402541.25044 1023079604.67575 509706005.10744 1172332876.7332602 1180358812.9008899 1196573655.4573898 1233291153.9368901 1177808405.41307 1162850364.0492601 708002302.21158 671421696.93124 1156740210.7826 1220439527.24598 1044287763.65198 636649740.80169 698684444.99601 1105513220.53328 1091768225.30086 1065152694.64182 636349735.13271 1208036526.13574 532038674.16046 1338164355.06816 1166383226.1609502 1120992083.71988 1325243749.6349401 1146537648.24984 1089739126.1693501 1076101245.47591 768558797.03414 1060213917.6293299 1025488005.09634 787169986.07767 816738636.47684 728930705.42516 1159682390.16073 680745000.08346 1060679160.33445 782938111.48568 1169499055.4359798 1065092925.9372799 1116879515.85022 798825959.36267 566820716.39632 948899672.09432 543453848.81183 821030797.51699 1128677094.56905 944270166.1976 1080238232.06176 1025096117.0397301 853916237.98798 1149272296.4021 1148241425.05069 1225865482.77812 1045857720.4946101 719195647.82333 1102189145.72809 1270998212.4444098 1132987379.9876199 1108179973.39426 1046613527.20321 1068778877.1282599 906582915.03414 1063523339.54289 
519490555.97351 1067143142.6462 1147524718.34497 586973914.72865 1131282876.1901999 1291568191.95688 573139912.76307 1133712004.8510199 755460416.04951 1171046710.82344 1195787973.33916 1074036898.65554 0 547037692.47652 815759212.46457 1178871325.1921 678584393.37913 1250440063.02205 674497167.67112 1188040716.33777 1046713900.53276 1337043279.5334802 1244698036.11981 1046624794.48322 1154522620.86897 1194853861.7378201 941906389.8604 1072790712.4350799 1206881284.79267 1239650888.64823 1207250500.03819 1176195775.3116698 983804623.04552 627309300.83229 1109667673.93371 1286271594.03699 1180302367.46188 1096918080.18741 748092362.93048 628802609.91891 862050579.32737 755718656.49551 1077740683.3275 1254108177.42127 1059880576.3818101 1180288868.5229 1205304776.7144198 1144441063.33076 1138877562.2095 1233896400.55473 1108387806.7246299 1161292290.97961 1293105291.77039 1161202675.44171 1256353929.69928 981074790.66927 971743759.86835 1034592842.81723 1022599069.02437 1195171055.8856502 1183522098.33054 1128437846.01563 1257324709.34487 835981142.54454 1232550162.28198 1257429976.62953 920507947.16236 1066524608.52275 1059222629.19719 1049425451.36923 1051964302.88903 1205709812.67343 1233114135.84657 1275598738.67857 1276176785.58322 1216654887.78419 650256078.89517 1220561069.85195 928653720.68743 1226350757.97616 1056638430.3690901 530583049.84371 1074471681.18524 800145188.39319 642800998.06491 1035419362.4321 727855267.88448 1251641429.93099 1099492628.3411798 1258438152.68448 1186850538.30794 1097426682.00422 611991583.3471 802315700.25932 1036862144.5827401 1054420422.27163 902569713.44544 1086826439.0792499 1320045846.37528 713126801.93011 1215460685.82916 
1066528248.45003 520105450.16968 600487025.86845 941202759.8549 584245183.71368 1030021030.88313 1120177605.23959 1139219296.38838 1125551709.87937 1140178835.92909 1208423814.80448 1104325700.45956 547037692.47652 0 1019766004.13878 733628062.6173 671982435.20225 1123136439.86205 1221534860.14764 1130786666.253 920840119.79299 1119560557.98141 1093294295.94067 1099189609.89703 694535842.05242 1040671126.52359 1133521237.96643 525753019.95856 1235674064.33902 1188191324.76597 1042505324.4308801 629158082.83515 594140059.82248 1128436489.71072 772750853.87585 739233901.56047 633264674.98536 1087244271.64355 652082650.55464 1119342454.34547 1145027844.3178601 1151378413.16332 599294083.89555 774104611.05826 1168837264.4984899 1105906184.58808 988542360.2501 597403370.85424 1058543840.9401901 705656939.66769 1049828033.18952 1098799083.35564 1127933834.3234801 992090307.40208 1058090385.56285 898125232.28321 1085422672.01196 1046931238.40257 597825156.66795 989752356.14679 1103980268.17378 1115931321.3394399 1107733594.99635 1099996382.63848 1020912596.05523 1066887534.30861 1125241001.4802 777193895.88422 1051017252.25583 1112000862.13868 504926610.41251 1156902007.36537 1112198629.28984 1025644561.17039 1096335911.12592 752339805.80087 680113012.72306 1099961708.49953 1280715502.63592 1169506967.55336 1201679210.8425899 1077620742.32023 585427983.881 1037826107.07005 1167674232.87442 1121113805.17372 1225273314.38277 1118381557.38615 992149130.25424 1132558976.21176 1189600312.46261 550388989.5277 581681665.61469 1138053694.44139 1110294333.55877 1104580085.27967 667261397.12311 1110778194.17101 1079126836.2969 1145532649.76382 1132091993.58353 
645905696.42397 1189172848.49072 705709875.92589 1139448514.39152 617958754.14624 1105764090.72757 597768526.33516 1135544107.50247 1041194385.98034 1184454687.5339298 732498014.14982 1138039270.89212 815759212.46457 1019766004.13878 0 602525383.16848 556617144.15376 988398496.03231 996462378.41402 673279949.84492 1104671187.22295 1125323294.02487 1139436779.62581 712999945.94097 1140727367.81254 1179270604.84987 1077172851.6108599 1123802948.31995 653091400.86202 632014412.2032 1137747210.0377002 1084427041.08295 1303929985.72491 827871542.1855 1024853969.9021299 1027933530.38672 599350812.54805 996297926.53024 1141008212.64178 1220164194.4016 1112589670.36195 1091555702.44189 758749062.31516 1128319293.58668 1169879156.75181 1204917482.09499 1096863041.29348 1130765455.2356 893529659.75118 887054304.73314 961846597.50481 1128374666.45043 1065040074.25636 1095884134.63608 1134386680.4739099 1071894073.14306 1081727780.53554 1105337679.64741 917079977.64094 1208177906.7016199 1216579759.25652 1112982523.30343 914130567.83536 1225684047.75529 1089995756.62275 1195114976.50497 664671226.18761 1216009999.74814 1110774134.87379 1155548340.20598 1201036265.98067 1257351540.66706 777156519.11173 1203653558.1892 1177014947.8429601 1168959356.28026 1131140629.46541 1033336747.4091 1115683611.4208999 1006244794.6426499 1104821779.53406 1185604339.81874 1053397234.7577599 671452191.59035 765519951.42749 1192761237.17691 1160643906.73839 956642700.77002 685712612.50506 1170363018.88324 1248493665.1961598 1033024480.67991 1146344694.82316 798214824.24729 1078458809.50965 1177036156.32086 1041721893.76204 1144491764.60357 504286633.91071 1049137839.51486 1321654574.21202 
1065532183.81043 1010566146.1628001 851539588.73301 1100167659.5329099 1046604136.87434 1233879948.14453 810779002.36488 1089817178.29196 874161350.83902 971314501.14544 1051707205.19751 1087987014.18315 1178871325.1921 733628062.6173 602525383.16848 0 1111167275.83984 1236705483.53251 1103046145.27798 913303194.3858 877973620.50301 1144185418.8868499 712874482.64751 1135616855.70244 1016730466.13381 953423801.09065 532841650.80046 1112222266.89458 1086988699.90688 1111953451.36494 733306260.98246 1086301812.58948 1174053621.73624 1236268238.72303 1078273852.31843 1175515583.57251 1061980782.27702 1013052295.09391 1198499517.14396 1049000105.50389 1158291277.1044302 1246374330.33813 1122906925.15729 781238753.1929 1136422218.42574 643555015.81107 1080749698.7881598 619609411.32831 1111434341.16256 1104479092.76787 706240185.18116 525849283.28195 1095518788.25073 1136028495.80397 1188429731.76354 1117409658.19756 1084810064.48666 1061669498.07375 1205069971.0339398 1178395956.2803102 857199991.87628 749003686.15325 725797521.13854 1207828131.65079 509759000.27725 1119758515.9222002 505608319.10782 1113866832.60529 534290625.78437 598506127.87828 1174225788.19039 1100540413.69043 1222735385.13312 637511827.2508 1223033466.25108 1248364061.25563 528615246.29693 1034564789.61152 1122504307.31987 1152903313.7092 1151362735.69872 787288827.6824 1155563163.75814 1139053229.86978 972910783.95286 1033698330.09712 1085287446.15562 1081503171.2185202 1144632488.53445 1147056610.19027 1063321715.83715 1127824833.083 861356357.29551 606016376.52331 774523539.84861 1186071849.28063 1067377003.6161201 655570495.65072 659105261.80695 1187144682.71601 1094545854.19483 
1159917018.51741 1165907083.8056102 1124068076.91581 613895266.51222 1140775900.98141 1108503030.62463 1154385670.48892 1139232917.51298 1116538129.66228 680121756.74844 1210306779.78454 1182380014.20646 678584393.37913 671982435.20225 556617144.15376 1111167275.83984 0 1374098639.52111 1137332270.29764 1130800287.3776 1207573606.97382 1176697164.99495 1211597834.88581 1046821253.4662399 1247122015.12122 1338494014.98167 634570084.3423 1197735455.16081 1188717133.44872 1188631556.3569598 1179113132.91219 1178501450.95719 1168395435.3557 1025659443.8094101 1158665394.4974298 1047148020.91643 1134831254.67091 637776813.05154 1097634039.93718 1053349303.97588 1388114673.09649 1244953698.6101599 1141231530.43955 1219223502.8821301 619526998.10911 1314973964.7646298 540245897.13972 865633718.69813 514091182.4322 885803960.16206 1155712048.37778 1188213642.76318 1395961181.43264 1188746320.16436 577769536.32015 1104937433.76866 1065972233.12307 1110883556.80151 1108794294.10518 1067210676.2384 1181387638.6240902 1211220622.4268 1113231855.59208 887160306.77175 1342323867.6879902 1153918276.38425 1040977804.79216 891965636.29553 1091234897.81039 1237492427.7627 1138277983.3454099 1259658981.30849 1216624183.97243 1035287171.95637 1387875319.31922 653621708.41134 1190339293.25935 1126331837.24838 1135799668.61288 1146201502.22922 1015150445.33436 1129330236.3471298 585441605.0056 674477873.86719 1199025431.60216 1165911581.88218 888764712.28646 1351288671.3277202 633467767.77747 1100902002.58502 1165050149.3789902 1124936129.29809 1133559090.50704 505150899.31653 1020331993.92961 1188583794.90894 1120731932.4159298 1302789299.28191 1060903778.0644699 1138707071.78644 1220204916.10871 
1066935646.2390101 976573928.83741 747094024.21509 1119254131.9598 1112590478.7578 860060894.61624 1187760412.01984 1071103060.68301 1165361459.83013 1276167843.9250898 1192573663.26826 592509962.01192 1250440063.02205 1123136439.86205 988398496.03231 1236705483.53251 1374098639.52111 0 1025713388.90388 1039850694.96377 1265327818.84144 1216221567.31173 1132522700.08921 1107137023.34988 1055895702.34772 505356694.83718 1081253010.63657 1165554733.95477 1205335080.59585 1320663691.45219 1125601327.22438 1273099803.8849401 1164372959.28971 1119832405.59546 878946525.93876 1125789866.2421699 883264130.23775 1097894794.9913 1102215967.11936 1349063244.12279 604799047.98248 1208481494.7827601 1191493036.99924 1088185000.08547 998177333.57341 915232600.97572 1217649369.22606 1198760579.25849 860007457.08891 1107540230.73625 1142338348.84225 1083340052.05841 1036741815.30471 1040260456.71316 1162711293.48502 1228859697.14463 1336372279.5007 1124548636.17238 1079236389.4123302 1108612017.2653499 1058406858.55306 884047395.68966 858938094.33986 1093614550.89797 1322612539.15426 1361068759.04606 1019956073.49944 587529322.33445 1177260422.38971 1142711714.83468 618209829.44954 1431986028.4267702 1103409127.4819 1101889242.98802 1375448073.4976 1166731235.82625 1197684829.5924 1213244927.53656 1204620158.27074 1104116952.48729 1077450849.0436 1135963810.82375 1200256259.56593 1213528725.2018101 1044360522.3575599 1151814439.13548 1171041445.7681801 1095235856.32344 1314787893.73314 1043003831.74888 1340292310.15501 1201222831.87776 914852482.72389 1203084699.57759 1161085675.31683 680989255.85444 1203278410.5998402 749669692.40143 692959396.7127 1073071299.49635 1070055458.06088 
1058195292.5968301 1221822377.46825 1104250194.23328 1185324458.72164 1241429659.98385 633373529.64269 956841726.0988 944963269.11493 1135874904.83866 1097853487.50812 1124257542.04634 1108202118.61632 674497167.67112 1221534860.14764 996462378.41402 1103046145.27798 1137332270.29764 1025713388.90388 0 1207080251.37832 573678844.22079 987839269.34671 688934738.03159 858754872.53812 1081719816.1419501 520356694.0667 1115956756.4506798 1274741380.28011 1231324029.34426 1085715101.28809 599946233.8332 1085003500.48678 1102378724.46749 1110950282.05975 555185578.15648 1140789865.47169 942311754.50095 903163391.57137 1292285936.35202 577176329.9445 755562401.84335 1195497960.48805 1115574332.21918 1103184999.31499 517805272.18853 1060607928.90147 1087203828.30144 1191170168.34306 1072620978.8436301 1069453638.39678 1087556063.22878 1192572083.2216702 1129024858.77678 1164476392.86143 958527880.32146 576620547.29245 1177830015.9622998 1072426491.70891 1235439624.96418 1091467648.29839 1131847602.51649 1056473604.1626999 695919828.6727 1150584043.57405 1270383811.1736598 1052196550.46367 1034956072.72896 1074546453.34944 619915928.33085 504540017.3997 764349435.8174 1157937255.3879101 867546764.82006 1081492941.56827 1373893136.36264 1093922112.5899801 1077451016.54978 1203377434.91648 849497092.64002 1061864893.8133299 571561715.94147 1023382418.92522 880971135.63583 1082673339.22221 1091595597.59413 1073253011.32378 1095046955.46878 1235099206.95081 1080383204.87644 1171811345.73764 1144597903.72097 1088677546.78206 1080284541.1089 1125374734.60385 1225890253.68413 1107227257.76898 1135354760.77388 1111269183.6308398 1229343759.32214 927292725.97301 1054120468.33219 
1157355812.1004 1182815858.8024201 1164825677.01327 1107735785.39645 1205745805.09711 825153382.88074 614900803.5747 1099149994.87938 644737468.40787 1299913175.62596 1162456745.70738 1279061103.78228 1188040716.33777 1130786666.253 673279949.84492 913303194.3858 1130800287.3776 1039850694.96377 1207080251.37832 0 889637966.5372 1171394524.50111 1170915614.9707198 1132105911.8491602 1109371316.5445201 1074154041.29314 1141507296.11978 711290614.12444 1116558670.72368 1258961799.17532 1255531607.81424 543802825.44487 1135645920.58943 1270783969.4951 1138877164.99503 1223080288.36769 1023898873.21595 1060246902.7530401 769355098.67484 1232780861.21821 1149300578.39125 796148500.08628 671543905.24959 1178541282.96704 1224203574.0215201 1031718916.37402 1180014047.53231 1125077333.14187 1099206883.11735 911930714.82691 1123130727.2213001 1160815913.06053 1017534193.68376 1168691977.4786 748140156.39924 949104786.20883 1184196867.92132 1122761350.05918 1188283076.92222 1168650678.37505 1096163747.62975 1128521283.25534 1047677473.75499 1074406929.27702 1294046225.39833 1073090423.3838 1124496318.92653 1150813567.69238 1123986057.1810899 1123504093.21373 1135587527.29879 584071590.82214 1059247449.9950299 1172756717.5736198 1165453837.94158 1107333125.67555 1104188390.79851 652100406.73096 1250834857.05224 1084909330.86634 1159236561.35349 1089247313.71353 545358682.372 1056548660.55012 689120628.96074 871619490.68575 1181445760.41503 1076028234.70249 1166339209.33678 1022682887.5037401 1164335423.9479 1138010446.3221 1172728773.43878 1193030672.10512 1126695355.58719 1225272702.3983998 1113660402.98867 684994274.25199 1123943232.61711 980647689.22138 1143002788.9548001 
1113052355.1251101 933934626.44743 622474983.8409 611645614.50085 1119390326.4170399 1205372396.9944 832859263.81571 1194190702.6626601 1117984605.96354 1193549241.59304 982089390.29909 1260547281.37685 1046713900.53276 920840119.79299 1104671187.22295 877973620.50301 1207573606.97382 1265327818.84144 573678844.22079 889637966.5372 0 1177155528.95154 1262613582.25238 1103419092.3244 508040971.92116 1094035538.28749 1104645936.32892 897998019.13067 1087871851.19892 1309895156.50158 1092520955.97851 941467769.42614 1142988716.73017 1218916705.34371 1128864422.37727 842094087.32081 1049417527.18565 1201008337.13724 1034499319.0927501 1150855174.1652899 1167015802.29031 875614985.1733 1069401133.81101 1228919856.85808 1091484116.40932 1148928410.59823 1300882199.89538 1224238120.9573698 1070520063.59259 606798474.27402 1141781918.1173902 618893239.00088 1230840173.94425 808918999.27059 1168773524.43656 1052980940.71472 1177854020.20559 1094074530.53442 1155793562.78637 1200952781.42996 1052201540.33868 693578354.94738 1130940334.55479 1145128553.45439 1250084018.10726 1174720804.2878501 695041978.73573 1067209873.92033 1193594772.55164 1078218861.62049 1112590928.84057 1434278195.60338 1266556102.5667 766654559.32612 1050747616.62919 1159654150.5142598 1060226183.5074401 1127608745.33045 1311937966.9477801 892684709.43556 1145240560.16226 1069865141.70484 1102057372.41186 1115095842.3945298 1290265553.67536 1196190656.23413 1140608082.4057 1129023342.5332 1124164328.11338 1126269132.9375901 1172882432.12945 751224407.19583 1207535068.02562 1126333541.42448 1037547409.98032 974962302.14314 1114897174.9308 592857315.95971 1103570922.49382 1206992984.59651 1372662296.00926 
1253096281.33058 1187065176.1602602 1145226169.2704601 970653313.27345 1186015983.6378999 629035829.16099 1319406675.46291 1251122349.995 1273039732.0524101 1181845163.3239698 1277864740.9707398 1218939771.35716 1337043279.5334802 1119560557.98141 1125323294.02487 1144185418.8868499 1176697164.99495 1216221567.31173 987839269.34671 1171394524.50111 1177155528.95154 0 1082563893.78657 1238484933.9141798 727693387.94632 1219110559.09507 719866905.94792 1202562113.70666 1274013955.05434 575141526.36396 1156078752.24055 1107937591.81093 1163098832.65384 1260853796.57392 888157800.41737 1214590136.53461 1135449107.34051 1105095062.15302 1111250200.57529 1148588365.01949 1177749755.52545 1256935703.0494099 1306161729.7578301 1095291080.2463598 1296386312.39663 1092019936.32698 707688012.7579 1041903965.65485 1174601231.71106 1178368379.78481 1087314800.89918 1115390658.26056 1154040299.0580301 1136147591.3274 598927628.6748 1174567675.59488 1190979961.8980498 1132041649.15616 1129952386.45983 1248513568.057 1145885087.38078 1140829871.20801 1321121923.76566 1266264501.9003701 1343767565.14936 1085670113.23462 1134920118.55413 1124238702.04 663584499.33314 1358149299.67941 1140752078.23042 1229834287.2392 1062548983.2506499 798763149.44653 1054377638.65573 675891700.44179 1122495363.58005 1158694076.8520799 1131614798.93379 1138565302.7490902 673541968.8089 1143985711.74143 1138471635.85203 1231238635.7051501 1115778541.01494 607201328.4915 1102457616.82965 520925779.12294 858800809.57542 1113490133.0440001 746537471.49125 569171568.45371 1255596876.18567 1287639417.6986098 1129076912.4847798 1073898224.82645 640005999.69169 1182853953.31397 693742279.84918 790648454.47628 1223971463.5532 
