26
loc30 loc20 loc23 loc37 loc22 loc4 loc47 loc36 loc39 loc17 loc16 loc31 loc35 loc42 loc46 loc14 loc33 loc25 loc6 loc41 loc7 loc19 loc28 loc32 loc29 loc44
0 97.0 66.0 66.0 108.0 63.0 61.0 89.0 92.0 82.0 82.0 53.0 50.0 50.0 66.0 94.0 80.0 51.0 107.0 115.0 108.0 62.0 54.0 61.0 57.0 90.0 
97.0 0 85.0 101.0 84.0 109.0 101.0 76.0 51.0 110.0 57.0 62.0 55.0 85.0 59.0 51.0 82.0 107.0 72.0 55.0 52.0 53.0 108.0 106.0 61.0 70.0 
66.0 85.0 0 53.0 110.0 74.0 56.0 70.0 60.0 70.0 65.0 98.0 86.0 52.0 89.0 61.0 86.0 94.0 90.0 62.0 52.0 94.0 68.0 82.0 74.0 57.0 
66.0 101.0 53.0 0 76.0 97.0 109.0 111.0 67.0 77.0 74.0 92.0 57.0 77.0 83.0 102.0 67.0 98.0 60.0 58.0 97.0 59.0 52.0 65.0 75.0 110.0 
108.0 84.0 110.0 76.0 0 81.0 109.0 62.0 65.0 64.0 59.0 60.0 60.0 58.0 91.0 77.0 54.0 109.0 76.0 107.0 95.0 89.0 77.0 86.0 81.0 57.0 
63.0 109.0 74.0 97.0 81.0 0 72.0 50.0 97.0 77.0 102.0 80.0 86.0 97.0 95.0 99.0 110.0 81.0 74.0 57.0 110.0 101.0 80.0 80.0 81.0 110.0 
61.0 101.0 56.0 109.0 109.0 72.0 0 67.0 50.0 84.0 85.0 66.0 85.0 76.0 74.0 93.0 101.0 101.0 81.0 77.0 108.0 98.0 76.0 85.0 70.0 91.0 
89.0 76.0 70.0 111.0 62.0 50.0 67.0 0 76.0 95.0 85.0 80.0 59.0 87.0 71.0 64.0 116.0 98.0 102.0 76.0 60.0 52.0 63.0 116.0 99.0 60.0 
92.0 51.0 60.0 67.0 65.0 97.0 50.0 76.0 0 92.0 68.0 51.0 104.0 76.0 96.0 54.0 52.0 76.0 89.0 50.0 103.0 104.0 64.0 75.0 77.0 53.0 
82.0 110.0 70.0 77.0 64.0 77.0 84.0 95.0 92.0 0 89.0 114.0 57.0 66.0 76.0 92.0 107.0 96.0 61.0 97.0 83.0 81.0 111.0 73.0 60.0 85.0 
82.0 57.0 65.0 74.0 59.0 102.0 85.0 85.0 68.0 89.0 0 65.0 81.0 78.0 99.0 75.0 72.0 85.0 98.0 75.0 58.0 82.0 75.0 60.0 63.0 96.0 
53.0 62.0 98.0 92.0 60.0 80.0 66.0 80.0 51.0 114.0 65.0 0 94.0 103.0 85.0 84.0 73.0 82.0 54.0 101.0 67.0 82.0 74.0 114.0 54.0 75.0 
50.0 55.0 86.0 57.0 60.0 86.0 85.0 59.0 104.0 57.0 81.0 94.0 0 58.0 94.0 77.0 71.0 77.0 97.0 90.0 60.0 103.0 91.0 78.0 60.0 89.0 
50.0 85.0 52.0 77.0 58.0 97.0 76.0 87.0 76.0 66.0 78.0 103.0 58.0 0 90.0 70.0 54.0 87.0 88.0 86.0 58.0 57.0 57.0 79.0 73.0 84.0 
66.0 59.0 89.0 83.0 91.0 95.0 74.0 71.0 96.0 76.0 99.0 85.0 94.0 90.0 0 77.0 93.0 52.0 60.0 84.0 77.0 55.0 104.0 78.0 74.0 112.0 
94.0 51.0 61.0 102.0 77.0 99.0 93.0 64.0 54.0 92.0 75.0 84.0 77.0 70.0 77.0 0 73.0 67.0 69.0 104.0 75.0 87.0 64.0 70.0 91.0 107.0 
80.0 82.0 86.0 67.0 54.0 110.0 101.0 116.0 52.0 107.0 72.0 73.0 71.0 54.0 93.0 73.0 0 94.0 89.0 96.0 82.0 86.0 111.0 63.0 90.0 91.0 
51.0 107.0 94.0 98.0 109.0 81.0 101.0 98.0 76.0 96.0 85.0 82.0 77.0 87.0 52.0 67.0 94.0 0 65.0 64.0 85.0 96.0 52.0 85.0 108.0 60.0 
107.0 72.0 90.0 60.0 76.0 74.0 81.0 102.0 89.0 61.0 98.0 54.0 97.0 88.0 60.0 69.0 89.0 65.0 0 76.0 64.0 50.0 71.0 95.0 58.0 90.0 
115.0 55.0 62.0 58.0 107.0 57.0 77.0 76.0 50.0 97.0 75.0 101.0 90.0 86.0 84.0 104.0 96.0 64.0 76.0 0 69.0 65.0 62.0 77.0 116.0 79.0 
108.0 52.0 52.0 97.0 95.0 110.0 108.0 60.0 103.0 83.0 58.0 67.0 60.0 58.0 77.0 75.0 82.0 85.0 64.0 69.0 0 60.0 70.0 75.0 53.0 56.0 
62.0 53.0 94.0 59.0 89.0 101.0 98.0 52.0 104.0 81.0 82.0 82.0 103.0 57.0 55.0 87.0 86.0 96.0 50.0 65.0 60.0 0 62.0 64.0 51.0 88.0 
54.0 108.0 68.0 52.0 77.0 80.0 76.0 63.0 64.0 111.0 75.0 74.0 91.0 57.0 104.0 64.0 111.0 52.0 71.0 62.0 70.0 62.0 0 77.0 99.0 89.0 
61.0 106.0 82.0 65.0 86.0 80.0 85.0 116.0 75.0 73.0 60.0 114.0 78.0 79.0 78.0 70.0 63.0 85.0 95.0 77.0 75.0 64.0 77.0 0 94.0 95.0 
57.0 61.0 74.0 75.0 81.0 81.0 70.0 99.0 77.0 60.0 63.0 54.0 60.0 73.0 74.0 91.0 90.0 108.0 58.0 116.0 53.0 51.0 99.0 94.0 0 89.0 
90.0 70.0 57.0 110.0 57.0 110.0 91.0 60.0 53.0 85.0 96.0 75.0 89.0 84.0 112.0 107.0 91.0 60.0 90.0 79.0 56.0 88.0 89.0 95.0 89.0 0 
