26
Albi PinhalNovo Tsukawaki Narangba Tocache Novopokrovskaya Karasuyama Dankov Fagaras Yucheng Isakogorka Tsirang EncarnaciondeDiaz Pilibhit Gobo Brecht Leixlip Fandriana Irvine Korolev MontecatiniTerme MilpaAlta GobernadorGalvez Racine Anahuac Kaimganj
0 932550717.79724 647790068.2953501 659623686.82335 677956279.18348 325534113.73915 342170233.69546 886352322.37199 967807544.8574 800451010.4262501 580914008.7333701 832749106.4293101 942199223.91002 832669488.65378 363641953.51537 801977488.4005 848308301.94702 764935361.64113 1276723826.1872 623950197.73644 522925378.73636 614881364.83817 617955983.03665 681294537.75688 664257570.5808 1024083987.67979 
932550717.79724 0 1038949252.31552 890699558.7622101 535441065.54276 867334275.0291301 1007220750.9518299 983592391.9049101 1087045151.25749 703982512.7075801 894576148.24433 605890647.7193501 779245418.2646401 1300071943.07323 638518543.09123 1020482235.0777102 709487742.53634 847212296.9475701 1744126280.60665 965144559.3525301 566127849.25379 317669352.95907 574912405.7316301 388217653.366 642747389.86642 727260654.734 
647790068.2953501 1038949252.31552 0 972112863.1143501 894672225.6638 363903840.78627 305619834.59989 716081318.3879 1122436888.69105 334966739.60794 554503741.30082 927846646.29989 972781062.81626 1154222834.1454601 901766987.35415 1261925853.97643 861199840.7844601 1095119917.94892 1598277171.6788802 618854761.1296201 744641327.0190799 913568762.85633 656325710.08377 989239815.05981 702627297.62792 997673720.2472401 
659623686.82335 890699558.7622099 972112863.11435 0 554133668.61061 608209022.3280799 1001793920.51881 321546210.2832 1118722043.51963 769672335.91886 970050129.99576 672002965.18559 1287984234.9296699 1043996054.9370599 654073818.92068 1086594552.54395 744383966.4594901 865904900.01542 1488050392.47048 934600956.46505 641601831.0052199 573030205.8031399 315787153.03058 757684410.00249 898108242.71049 982621507.5780699 
677956279.18348 535441065.54276 894672225.6638 554133668.61061 0 530768384.87753 637329540.33833 730516770.1548901 987147510.8821099 638691950.67521 419154948.98233 505993007.34397 769098873.24735 1073067351.52349 328351378.11144 920584594.70233 666943329.00894 311771231.40481 1517121689.05691 664760856.07919 313052227.50377 217771712.58369 238346515.58003 646003962.35295 542849749.49104 627363014.3586199 
325534113.73915 867334275.02913 363903840.78627 608209022.3280799 530768384.87753 0 654375930.4544301 665172410.91992 758533047.9047799 654625655.4711101 611445959.50681 590435538.48383 679775212.60159 790318993.35919 597159047.86861 1005027125.84219 639033804.9944 842539616.28234 1234373330.89261 892883996.0501199 618236547.27214 549664922.07006 292421869.2975 914811632.11012 338723456.84165 895000067.3048799 
342170233.69546 1007220750.9518299 305619834.59989 1001793920.51881 637329540.33833 654375930.4544301 0 1021701152.9877901 1126457316.24481 640586574.20783 673770119.29283 622226811.7 1088913740.71413 1054365507.22194 628950321.08478 1036818399.0583601 799513134.2983401 949100771.74314 1498419844.7553601 924474595.72951 821964824.52426 689551397.99276 875676055.91836 946602905.3262899 993099387.2960801 1099142699.76769 
886352322.37199 983592391.9049101 716081318.3879 321546210.2832 730516770.1548901 665172410.91992 1021701152.98779 0 1140113281.9362 622171122.47865 745912841.64166 733635529.04459 1043164835.5895101 1098956288.57923 522710368.85661995 1119022573.85763 452746039.05496 1042288001.5597 1543010626.1126502 906059144.00033 417464542.65112 665923038.94584 625904112.92048 610183196.5622799 991001075.85319 780328785.41271 
967807544.8574 1087045151.25749 1122436888.69105 1118722043.51963 987147510.8821099 758533047.9047799 1126457316.24481 1140113281.9362001 0 1022491477.1627901 802954475.46991 1057597093.0587 1034725512.86272 344785576.36756 770418633.44292 1234789395.6257 687367242.88124 1298918742.2869198 788839913.90098 1222724981.9175901 1017834294.5931399 769375798.29842 802934890.4890499 1088071217.68443 1094453835.20577 359784496.52349 
800451010.42625 703982512.7075801 334966739.60794 769672335.91886 638691950.67521 654625655.4711101 640586574.20783 622171122.47865 1022491477.1627901 0 219537001.69288 672286290.01582 637814323.20832 1042076650.12398 566800247.74621 1062142935.40238 526233101.17652 760153178.34098 1486130987.6574001 283888021.52168 547985300.6834201 796443796.9781401 669993991.81007 654273075.45187 993349112.3127601 662706980.6393 
580914008.7333701 894576148.2443299 554503741.30082 970050129.99576 419154948.98233 611445959.50681 673770119.29283 745912841.64166 802954475.46991 219537001.69288 0 609829727.3222301 857351324.9012 822539648.4311 616553236.70701 842605933.7095001 306696099.48364 730926180.38714 1266593985.96452 419770506.44768 328448298.99054 576906795.28526 654262976.96518 873810077.14475 901984832.19261 443169978.94642 
832749106.4293101 605890647.7193501 927846646.29989 672002965.18559 505993007.34397 590435538.48383 622226811.7 733635529.04459 1057597093.0587001 672286290.01582 609829727.3222301 0 745403955.98353 990425115.2513399 565009929.1141801 414591587.35836 717037116.52695 817764238.74878 1434479452.78476 388398268.49414 316170986.39347 288221294.76028 356215812.15501 882662513.35569 613299331.66763 697812596.53521 
942199223.9100201 779245418.2646401 972781062.8162601 1287984234.92967 769098873.24735 679775212.60159 1088913740.71413 1043164835.58951 1034725512.86272 637814323.20832 857351324.9012 745403955.98353 0 1066511458.3171301 850533307.93051 1159995543.34189 590418796.53455 1080870104.65216 1510565795.8505502 921702344.73 722501672.8513501 970960169.14607 972197081.89909 1167463071.63064 896942572.6227901 918001542.8922999 
832669488.65378 1300071943.07323 1154222834.1454601 1043996054.9370599 1073067351.52349 790318993.35919 1054365507.22194 1098956288.57923 344785576.36756 1042076650.12398 822539648.4311 990425115.2513399 1066511458.31713 0 802204578.89733 890003819.2581401 732013004.2079101 1384838582.9283 444054337.53342 1242310154.87878 1115213842.05548 982402590.1141601 834720835.94346 977533722.4237299 1129042450.20084 704570072.8910501 
363641953.51537 638518543.09123 901766987.35415 654073818.92068 328351378.11144 597159047.86861 628950321.08478 522710368.85661995 770418633.44292 566800247.74621 616553236.70701 565009929.1141801 850533307.93051 802204578.89733 0 811074356.9631901 650919390.53254 640122609.51625 1246258916.4307501 605695433.40198 362570901.33163 320849190.13216 338286665.8901 317652584.24151 645927227.03951 730440491.90709 
801977488.4005 1020482235.0777099 1261925853.97643 1086594552.54395 920584594.7023299 1005027125.84219 1036818399.0583601 1119022573.85763 1234789395.6257 1062142935.4023801 842605933.7095001 414591587.35836 1159995543.3418899 890003819.2581401 811074356.9631901 0 1131628703.88531 1167717526.88699 1334058156.7915602 802989855.8525 730762573.75183 702812882.11864 770807399.51337 1128726941.2047 1027890919.02599 1112404183.89357 
848308301.94702 709487742.53634 861199840.7844601 744383966.4594901 666943329.00894 639033804.9944 799513134.2983401 452746039.05496 687367242.88124 526233101.17652 306696099.48364 717037116.52695 590418796.53455 732013004.2079101 650919390.53254 1131628703.88531 0 978714560.4137499 1176067341.7413301 726466605.93132 400866130.13348 649324626.4282 428596813.42891 968571974.77405 753399846.04425 327582746.35775 
764935361.64113 847212296.9475701 1095119917.94892 865904900.01542 311771231.40481 842539616.28234 949100771.74314 1042288001.5597 1298918742.28692 760153178.34098 730926180.38714 817764238.74878 1080870104.65216 1384838582.9283 640122609.51625 1167717526.88699 978714560.41375 0 1828892920.46172 476265156.8193 624823458.9085801 529542943.9885 550117746.98484 957775193.75776 854620980.89585 939134245.76343 
1276723826.1872 1744126280.60665 1598277171.6788802 1488050392.47048 1517121689.05691 1234373330.89261 1498419844.75536 1543010626.11265 788839913.90098 1486130987.6574 1266593985.96452 1434479452.78476 1510565795.8505502 444054337.53342 1246258916.4307501 1334058156.7915602 1176067341.7413301 1828892920.46172 0 1686364492.4122 1559268179.5889 1426456927.6475801 1278775173.47688 1421588059.95715 1573096787.73426 1148624410.42447 
623950197.73644 965144559.35253 618854761.1296201 934600956.46505 664760856.07919 892883996.0501199 924474595.7295101 906059144.00033 1222724981.91759 283888021.52168 419770506.44768 388398268.49414 921702344.73 1242310154.8787801 605695433.40198 802989855.8525 726466605.93132 476265156.8193 1686364492.4122002 0 657864293.83584 647475206.39346 744614080.64915 923348017.6434901 972553243.3008101 862940485.3941 
522925378.73636 566127849.25379 744641327.0190799 641601831.0052199 313052227.50377 618236547.27214 821964824.52426 417464542.65112 1017834294.5931399 547985300.6834201 328448298.99054 316170986.39347 722501672.8513501 1115213842.05548 362570901.33163 730762573.75183 400866130.13348 624823458.9085801 1559268179.5889 657864293.83584 0 248458496.29472 325814677.97464 680223485.5731399 573536533.20207 658049798.0696499 
614881364.83817 317669352.95907 913568762.85633 573030205.8031399 217771712.58369 549664922.07006 689551397.99276 665923038.94584 769375798.29842 796443796.97814 576906795.28526 288221294.76028 970960169.14607 982402590.1141601 320849190.13216 702812882.11864 649324626.4282 529542943.9885 1426456927.6475801 647475206.39346 248458496.29472 0 257243052.77256 638501774.37367 325078036.90735 409591301.77493 
617955983.03665 574912405.7316301 656325710.08377 315787153.03058 238346515.58003 292421869.2975 875676055.91836 625904112.92048 802934890.4890499 669993991.81007 654262976.96518 356215812.15501 972197081.89909 834720835.94346 338286665.8901 770807399.51337 428596813.42891 550117746.98484 1278775173.47688 744614080.64915 325814677.97464 257243052.77256 0 655939250.1316099 582321089.67991 666834354.54749 
681294537.75688 388217653.366 989239815.0598099 757684410.00249 646003962.35295 914811632.1101199 946602905.3262899 610183196.5622799 1088071217.68443 654273075.45187 873810077.14475 882662513.35569 1167463071.63064 977533722.4237299 317652584.24151 1128726941.2047 968571974.77405 957775193.75776 1421588059.95715 923348017.64349 680223485.5731399 638501774.37367 655939250.1316099 0 963579811.2810199 1048093076.1486 
664257570.5808 642747389.86642 702627297.62792 898108242.71049 542849749.49104 338723456.84165 993099387.2960801 991001075.85319 1094453835.20577 993349112.3127601 901984832.19261 613299331.66763 896942572.6227901 1129042450.20084 645927227.03951 1027890919.02599 753399846.04425 854620980.89585 1573096787.73426 972553243.30081 573536533.20207 325078036.90735 582321089.67991 963579811.2810199 0 734669338.6822801 
1024083987.67979 727260654.734 997673720.2472401 982621507.5780699 627363014.3586199 895000067.3048799 1099142699.76769 780328785.41271 359784496.52349 662706980.6393 443169978.94642 697812596.53521 918001542.8923 704570072.8910501 730440491.90709 1112404183.89357 327582746.35775 939134245.7634299 1148624410.4244702 862940485.3941 658049798.0696499 409591301.77493 666834354.54749 1048093076.1485999 734669338.6822801 0 
