41
G50hiUpVStHCMrd BR hU MBLHuIgjJIXs CmV frNA534JEvY4f VNvsbB7eWJcAK0fU hjCFXN9kbqn0UCNsZ L nWkakNi6Qt9d4g nqeGwct l wBJRoqVxn1t zzYmU5YFhvp1 lt1a5E0H wcmx8dhmsO GPeb vAIBd1Ae akZmiQ7tmX Mu K0A9bbVLm9atwTf Plmj0j 6DVIvuGfPs2BU ImSpax llx2p zI o3refHnx4qioqHztqMYE hVfqebryM4wN 7Q A67f vJxAK1LaHyuu4yFNeul 6yeW7sat9rvd jvdVvQ 61 f HwQeXpOEZHQ3s cYPTdnJWL 2AR73oQdnbYqnDCGMFS KtvQaJqCJTRpXM8ZI M1PxrOPSNUVpc lyenDXSN
0 808.03775 965.24789 385.91839 602.43672 248.68454 567.56674 158.71043 604.11919 389.1662 268.34042999999997 108.00463 718.68352 559.58288 519.06415 347.57014 413.69675 585.24696 621.4636 670.08175 314.00637 270.66215 590.77238 471.58938 534.74199 718.71691 380.57982 191.58555 700.68823 317.38863000000003 642.44066 712.76925 755.26221 781.72374 276.06185 189.80967 442.63077 343.14509 782.24217 715.8737100000001 958.87695 
808.03775 0 212.79333 450.31544 207.25106 843.84892 810.5144799999999 890.38636 423.02364 682.81764 702.82359 719.21346 419.66296 813.3034600000001 537.44767 611.51124 501.49334 584.24738 689.8534 294.59294 509.46448 561.89424 368.14807 516.61625 528.14858 355.18587 708.65559 652.3381 320.32163 515.83428 199.16074 472.33992 839.61539 588.46325 891.06678 620.05564 577.00347 480.61627 141.30194 682.3672 391.44859 
965.24789 212.79333 0 583.80219 393.43324 955.25494 843.80926 1065.81284 635.81444 765.43452 895.67516 888.5374 401.03117 848.67956 589.85507 710.57848 600.16081 797.0207 702.16024 336.91617 658.3677700000001 701.00642 426.34259 590.87731 570.82019 563.14035 789.68953 825.8874 527.25877 698.80183 322.81574 452.53508 822.93438 793.00946 1072.21313 776.0745400000001 650.79797 623.46211 237.88268 664.36135 240.58474 
385.91839 450.31544 583.80219 0 265.27156 395.18224 459.30815 507.19882 441.98906 276.2917 404.35752 324.72142 360.28461 457.13893 233.89314 192.57014 106.40489 531.13558 408.09432 286.62345 96.33949 117.29024 217.51173999999997 173.04624 242.42693 504.62362 294.09182 279.97321 468.70566 231.68725 264.31988 371.34485 578.82357 674.3355 524.73231 201.94306 205.8276 71.84707 425.56433 466.35716 578.50843 
602.43672 207.25106 393.43324 265.27156 0 658.77007 686.96441 683.31032 298.21133 524.38628 502.57338 512.0791 395.18097 687.3031699999999 419.17657 443.71725 341.05278 446.83428000000004 597.17917 257.15754 313.61441 366.24036 278.61443 378.65288 426.18201 296.56925 550.31675 445.10224 253.53895 309.90965 229.15347 436.90045 760.22694 515.82361 685.26856 415.93269 435.4584 286.52574 179.80545 615.96916 493.22775 
248.68454 843.84892 955.25494 395.18224 658.77007 0 344.37189 397.39779 760.76015 214.74171 495.8649 323.66854 625.3527 340.75102 403.09612 247.28377 359.37302 783.10791 437.03204 626.67695 348.2815 297.00168 534.45299 385.87277 420.74339 856.35623 200.26233 362.62653 828.30429 458.62839 650.79797 601.77404 539.56001 968.6279 441.58918 294.73039 322.81574 381.8959 820.13639 537.25679 887.03157 
567.56674 810.51448 843.80926 459.30815 686.96441 344.37189 0 725.55978 900.99532 213.28385 760.895 600.0255199999999 447.17436000000004 92.94354 273.65855 292.48761 357.23132 977.34899 156.86761 524.64464 468.47181 443.40726 442.36641 308.31153 288.19611 959.44255 199.06832 610.77819 921.16882 639.12753 616.4194 401.18325 195.60419 1131.96466 765.89882 512.1059 256.62814 474.03059 793.91687 238.1932 696.82207 
158.71043 890.38636 1065.81284 507.19882 683.31032 397.39779 725.55978 0 613.04241 541.00131 229.68892 182.4774 857.63561 717.43571 668.66719 500.53761999999995 554.03249 552.15306 779.05199 793.3278 434.72529 401.45552 721.51577 613.89006 683.54206 737.13025 539.29025 239.94374 728.11606 374.97333 745.82322 856.2327500000001 913.93654 751.09637 321.78301 306.16034 594.47876 462.48563 862.8160700000001 871.49355 1085.5091 
604.11919 423.02364 635.81444 441.98906 298.21133 760.76015 900.99532 613.04241 0 702.48843 387.84334 496.17033 688.27376 898.61505 661.5565 616.28321 546.96306 206.06787 841.0 553.13651 449.94300999999996 481.03342 557.42623 606.73882 658.31679 175.27785 725.38596 427.05737 131.71181 302.83989 426.25333 725.40902 1012.36999 233.3838 594.46531 466.95824 647.23566 429.42403 400.82415 882.86126 781.46337 
389.1662 682.81764 765.43452 276.2917 524.38628 214.74171 213.28385 541.00131 702.48843 0 550.40076 393.71182 413.57466 208.21383 188.66107 106.37842 209.62308 769.0175 271.27065 432.23373 262.2556 231.94827 345.54972 174.56804 208.82768 773.13388 26.01922 398.9787 737.79817 428.5443 483.6569 387.66264 382.72314 930.23975 573.46752 298.96488 145.38952999999998 273.24897 661.63585 338.54099 676.8447699999999 
268.34042999999997 702.82359 895.67516 404.35752 502.57338 495.8649 760.895 229.68892 387.84334 550.40076 0 176.47946 762.64015 754.83574 619.28426 482.31214 487.77966 327.20024 769.24183 668.70771 343.77027 338.19521 616.61171 557.82613 628.07221 510.66232 562.79615 155.16840000000002 504.90593 204.2988 589.75588 775.70237 927.67936 526.44658 209.28688 251.43588 561.72947 360.00139 675.4628 847.26973 956.5903 
108.00463 719.21346 888.5374 324.72142 512.0791 323.66854 600.0255199999999 182.4774 496.17033 393.71182 176.47946 0 677.68208 592.94951 499.03307 346.15384 378.53774 481.05827 627.6464 610.87233 252.24789 221.98423 540.10393 441.37843999999996 511.76948 611.49407 405.59643 125.34649 594.45521 214.46782000000002 565.72166 679.5859 776.4084 676.4925000000001 201.76224 124.91997 430.00116 280.73358 691.84174 714.5609 903.11683 
718.68352 419.66296 401.03117 360.28461 395.18097 625.3527 447.17436000000004 857.63561 688.27376 413.57466 762.64015 677.68208 0 452.86311 226.07128 389.03085 305.0 822.41109 301.66372 139.80701 428.57205 456.2324 180.41951 257.03755 205.91452999999998 689.00218 433.41501000000005 639.36531 645.48431 565.25569 274.82358 53.75872 428.10863 910.87321 879.42993 553.81348 302.65492 406.56242 413.00121 269.42716 263.79727 
559.58288 813.3034600000001 848.67956 457.13893 687.3031699999999 340.75102 92.94354 717.43571 898.61505 208.21383 754.83574 592.94951 452.86311 0 275.85808 288.58621 355.94285 973.69862 160.12495 528.3581 465.54101 439.06833 445.29084 308.65029 290.76451 958.41797 193.1269 604.82146 920.36352 635.56323 618.39227 407.45478 205.13522 1129.45341 757.95514 506.15116 255.83784 471.18574 796.22673 247.14571 703.65901 
519.06415 537.44767 589.85507 233.89314 419.17657 403.09612 273.65855 668.66719 661.5565 188.66107 619.28426 499.03307 226.07128 275.85808 0 192.36230999999998 160.54101 763.29831 179.62739 259.23927 277.71388 283.34608 171.0117 106.35057 20.24846 704.20002 209.12197 477.60339 662.96078 447.68851 342.76085 202.2004 350.86899999999997 894.91508 697.25892 379.02111 115.54042999999999 268.19769 520.49304 232.86262 488.24866000000003 
347.57014 611.51124 710.57848 192.57014 443.71725 247.28377 292.48761 500.53761999999995 616.28321 106.37842 482.31214 346.15384 389.03085 288.58621 192.36230999999998 0 112.08925 686.95857 288.68322 380.9265 176.9548 155.87234 289.42186 148.01990999999998 191.00262 687.15455 110.30866 333.13211 652.15412 351.41005 414.00121 373.6964 445.69496 844.54781 532.15811 239.88214 95.21029 186.93849 589.17315 374.30068 646.32035 
413.69675 501.49334 600.16081 106.40489 341.05278 359.37302 357.23132 554.03249 546.96306 209.62308 487.77966 378.53774 305.0 355.94285 160.54101 112.08925 0 637.22288 302.04966 277.22081000000003 144.93102 156.55351 184.66456 70.60453 140.29255 603.07628 210.34258 349.20624 565.93795 319.85958 302.3326 302.20026 472.84337000000005 779.42607 578.93868 254.16727 100.60318 154.15615 478.67421 365.32862 550.94283 
585.24696 584.24738 797.0207 531.13558 446.83428000000004 783.10791 977.34899 552.15306 206.06787 769.0175 327.20024 481.05827 822.41109 973.69862 763.29831 686.95857 637.22288 0 938.93823 693.20219 515.40176 537.0692300000001 683.64464 704.18182 763.5071300000001 288.67186000000004 788.26962 423.48137 283.98944 340.4732 569.6455 854.78535 1109.66707 207.01898 523.20646 493.32342 734.79054 506.13141 561.79178 992.69834 936.38012 
621.4636 689.8534 702.16024 408.09432 597.17917 437.03204 156.86761 779.05199 841.0 271.27065 769.24183 627.6464 301.66372 160.12495 179.62739 288.68322 302.04966 938.93823 0 396.58164 440.06931 434.52067 340.47395 235.70121 185.23499 881.9212 269.5663 621.13847 841.18989 614.55756 505.14651 252.72317 171.49344 1074.38029 814.29724 519.35643 209.97381 436.35765 676.7212999999999 100.22475 545.18609 
670.08175 294.59294 336.91617 286.62345 257.15754 626.67695 524.64464 793.3278 553.13651 432.23373 668.70771 610.87233 139.80701 528.3581 259.23927 380.9265 277.22081000000003 693.20219 396.58164 0 359.55528 399.42208 93.2309 257.98885 241.98597999999998 549.43061 456.35622 561.61375 505.88932 465.3171 231.0903 186.76188 546.02297 772.9811500000001 810.8225 488.55916 317.49331 332.55526 283.5842 389.17862 292.48077 
314.00637 509.46448 658.3677700000001 96.33949 313.61441 348.2815 468.47181 434.72529 449.94300999999996 262.2556 343.77027 252.24789 428.57205 465.54101 277.71388 176.9548 144.93102 515.40176 440.06931 359.55528 0 83.09449000000001 288.20132 215.41588 285.22357 520.01731 284.31848 215.08512 487.9877 174.92856 335.56425 435.61451 607.30964 668.00299 452.92935 129.00388 230.41267 120.73595999999999 483.55765 509.26303 651.30731 
270.66215 561.89424 701.00642 117.29024 366.24036 297.00168 443.40726 401.45552 481.03342 231.94827 338.19521 221.98423 456.2324 439.06833 283.34608 155.87234 156.55351 537.0692300000001 434.52067 399.42208 83.09449000000001 0 321.88507 223.02018 294.01531 565.60057 251.46173 194.25756 535.00841 196.59603 381.61012 457.6833 594.89915 703.53536 423.74647 111.67423 233.65439 111.18056999999999 536.0302800000001 509.11885 689.01124 
590.77238 368.14807 426.34259 217.51173999999997 278.61443 534.45299 442.36641 721.51577 557.42623 345.54972 616.61171 540.10393 180.41951 445.29084 171.0117 289.42186 184.66456 683.64464 340.47395 93.2309 288.20132 321.88507 0 173.83747 191.26015999999998 574.56244 363.34694 497.25356999999997 531.86464 418.30611 181.56842 171.45262 485.90637 787.00319 741.11605 417.2052 224.61077 264.05492 352.64713 337.76915 368.4196 
471.58938 516.61625 590.87731 173.04624 378.65288 385.87277 308.31153 613.89006 606.73882 174.56804 557.82613 441.37843999999996 257.03755 308.65029 106.35057 148.01990999999998 70.60453 704.18182 235.70121 257.98885 215.41588 223.02018 173.83747 0 125.01539 654.82364 199.0402 417.27774 615.43481 385.54377 317.45551 245.15301 407.0344 840.04762 641.10608 319.69048 125.44397000000001 205.99272 496.78969 294.94406 519.2149300000001 
534.74199 528.14858 570.82019 242.42693 426.18201 420.74339 288.19611 683.54206 658.31679 208.82768 628.07221 511.76948 205.91452999999998 290.76451 20.24846 191.00262 140.29255 763.5071300000001 185.23499 241.98597999999998 285.22357 294.01531 191.26015999999998 125.01539 0 696.76712 229.37043 488.27287 656.01991 459.23192 328.98784 183.34939 355.14786 891.62825 710.89802 390.56498 135.75524 273.6421 505.78355 229.8717 468.01709 
718.71691 355.18587 563.14035 504.62362 296.56925 856.35623 959.44255 737.13025 175.27785 773.13388 510.66232 611.49407 689.00218 958.41797 704.20002 687.15455 603.07628 288.67186000000004 881.9212 549.43061 520.01731 565.60057 574.56244 654.82364 696.76712 0 797.4616 540.70325 43.56604 408.2653 414.43285000000003 732.61445 1051.0685 234.61032 719.94236 567.70767 702.83142 502.62212 341.71264 910.78098 738.5479 
380.57982 708.65559 789.68953 294.09182 550.31675 200.26233 199.06832 539.29025 725.38596 26.01922 562.79615 405.59643000000005 433.41501000000005 193.1269 209.12197 110.30866 210.34258 788.26962 269.5663 456.35622 284.31848 251.46173 363.34694 199.0402 229.37043 797.4616 0 413.33426 762.40999 448.00645000000003 509.49485 405.35047 376.19684 952.32147 576.9038 313.1597 138.92804 296.54342 687.57036 343.20985 697.0581 
191.58555 652.3381 825.8874 279.97321 445.10224 362.62653 610.77819 239.94374 427.05737 398.9787 155.16840000000002 125.34649 639.36531 604.82146 477.60339 333.13211 349.20624 423.48137 621.13847 561.61375 215.08512 194.25756 497.25356999999997 417.27774 488.27287 540.70325 413.33426 0 527.18227 142.86357 506.06324 646.32035 777.89267 614.44772 249.20875 101.92154 416.47519 243.1712 624.85358 701.83331 853.93735 
700.68823 320.32163 527.25877 468.70566 253.53895 828.30429 921.16882 728.11606 131.71181 737.79817 504.90593 594.45521 645.48431 920.36352 662.96078 652.15412 565.93795 283.98944 841.18989 505.88932 487.9877 535.00841 531.86464 615.43481 656.01991 43.56604 762.40999 527.18227 0 385.53274999999996 373.11887 689.4557 1009.73313 278.17636 714.19281 543.04512 664.56753 469.24301 299.13208 868.49295 697.3352400000001 
317.38863000000003 515.83428 698.80183 231.68725 309.90965 458.62839 639.12753 374.97333 302.83989 428.5443 204.2988 214.46782000000002 565.25569 635.56323 447.68851 351.41005 319.85958 340.4732 614.55756 465.3171 174.92856 196.59603 418.30611 385.54377 459.23192000000006 408.2653 448.00645000000003 142.86357 385.53274999999996 0 386.89792 582.99228 782.2382 513.40822 377.33955 164.2011 405.34123 198.11960000000002 488.78267 680.48512 752.31709 
642.44066 199.16074 322.81574 264.31988 229.15347 650.79797 616.4194 745.82322 426.25333 483.6569 589.75588 565.72166 274.82358 618.39227 342.76085 414.00121 302.3326 569.6455 505.14651 231.0903 335.56425 381.61012 181.56842 317.45551 328.98784 414.43285000000003 509.49485 506.06324 373.11887 386.89792 0 320.14059 664.332 639.1508 754.37006 453.26372 378.13225 301.66372 179.33767 512.923 376.33167000000003 
712.76925 472.33992 452.53508 371.34485 436.90045 601.77404 401.18325 856.2327500000001 725.40902 387.66264 775.70237 679.5859 53.75872 407.45478 202.2004 373.6964 302.20026 854.78535 252.72317 186.76188 435.61451 457.6833 171.45262 245.15301 183.34939 732.61445 405.35047 646.32035 689.4557 582.99228 320.14059 0 374.47697 952.27562 881.01362 556.36753 301.14336000000003 420.77 466.75993 215.66844 312.60997 
755.26221 839.61539 822.93438 578.82357 760.22694 539.56001 195.60419 913.93654 1012.36999 382.72314 927.67936 776.4084 428.10863 205.13522 350.86899999999997 445.69496 472.84337 1109.66707 171.49344 546.02297 607.30964 594.89915 485.90637 407.0344 355.14786 1051.0685 376.19684 777.89267 1009.73313 782.2382 664.332 374.47697 0 1245.73742 952.8130000000001 676.41507 377.55481 605.48328 828.86931 198.71603 632.33061 
781.72374 588.46325 793.00946 674.3355 515.82361 968.6279 1131.96466 751.09637 233.3838 930.23975 526.44658 676.4925000000001 910.87321 1129.45341 894.91508 844.54781 779.42607 207.01898 1074.38029 772.9811500000001 668.00299 703.53536 787.00319 840.04762 891.62825 234.61032 952.32147 614.44772 278.17636 513.40822 639.1508 952.27562 1245.73742 0 720.95007 674.8035199999999 879.70109 658.61749 572.79665 1115.17695 973.13154 
276.06185 891.06678 1072.21313 524.73231 685.26856 441.58918 765.89882 321.78301 594.46531 573.46752 209.28688 201.76224 879.42993 757.95514 697.25892 532.15811 578.93868 523.20646 814.29724 810.8225 452.92935 423.74647 741.11605 641.10608 710.89802 719.94236 576.9038 249.20875 714.19281 377.33955 754.37006 881.01362 952.8130000000001 720.95007 0 326.66344 625.18237 481.85304 863.4819 905.22097 1101.9405100000001 
189.80967 620.05564 776.0745400000001 201.94306 415.93269 294.73039 512.1059 306.16034 466.95824 298.96488 251.43588 124.91997 553.81348 506.15116 379.02111 239.88214 254.16727 493.32342 519.35643 488.55916 129.00388 111.67423 417.2052 319.69048 390.56498 567.70767 313.1597 101.92154 543.04512 164.2011 453.26372 556.36753 676.41507 674.8035199999999 326.66344 0 314.55365 188.90755000000001 595.7381399999999 600.76118 780.20831 
442.63077 577.00347 650.79797 205.8276 435.4584 322.81574 256.62814 594.47876 647.23566 145.38952999999998 561.72947 430.00116 302.65492 255.83784 115.54042999999999 95.21029 100.60318 734.79054 209.97381 317.49331 230.41267 233.65439 224.61077 125.44397000000001 135.75524 702.83142 138.92804 416.47519 664.56753 405.34123 378.13225 301.14336000000003 377.55481 879.70109 625.18237 314.55365 0 228.65913 557.39573 286.24814 564.38728 
343.14509 480.61627 623.46211 71.84707 286.52574 381.8959 474.03059 462.48563 429.42403 273.24897 360.00139 280.73358 406.56242 471.18574 268.19769 186.93849 154.15615 506.13141 436.35765 332.55526 120.73595999999999 111.18056999999999 264.05492 205.99272 273.6421 502.62212 296.54342 243.1712 469.24301 198.11960000000002 301.66372 420.77 605.48328 658.61749 481.85304 188.90755000000001 228.65913 0 454.97363 500.93612 625.03603 
782.24217 141.30194 237.88268 425.56433 179.80545 820.13639 793.91687 862.8160700000001 400.82415 661.63585 675.4628 691.84174 413.00121 796.22673 520.49304 589.17315 478.67421 561.79178 676.7212999999999 283.5842 483.55765 536.0302800000001 352.64713 496.78969 505.78355 341.71264 687.57036 624.85358 299.13208 488.78267 179.33767 466.75993 828.86931 572.79665 863.4819 595.7381399999999 557.39573 454.97363 0 672.61876 402.57297 
715.8737100000001 682.3672 664.36135 466.35716 615.96916 537.25679 238.1932 871.49355 882.86126 338.54099 847.26973 714.5609 269.42716 247.14571 232.86262 374.30068 365.32862 992.69834 100.22475 389.17862 509.26303 509.11885 337.76915 294.94406 229.8717 910.78098 343.20985 701.83331 868.49295 680.48512 512.923 215.66844 198.71603 1115.17695 905.22097 600.76118 286.24814 500.93612 672.61876 0 482.51114 
958.87695 391.44859 240.58474 578.50843 493.22775 887.03157 696.82207 1085.5091 781.46337 676.8447699999999 956.5903 903.11683 263.79727 703.65901 488.24866000000003 646.32035 550.94283 936.38012 545.18609 292.48077 651.30731 689.01124 368.4196 519.2149300000001 468.01709 738.5479 697.0581 853.93735 697.3352400000001 752.31709 376.33167000000003 312.60997000000003 632.33061 973.13154 1101.9405100000001 780.20831 564.38728 625.03603 402.57297 482.51114 0 
