6
MrmTg9zk2tmnB0ZmrP08 mL6XGsQDGTsp WT9r silC60mrHEyXogGvuEs 89cJIN1EhzqE 3x65QjLCo2R0OD
0 59.9333 72.91776 38.60052 59.4138 33.54102 
59.9333 0 23.0 44.38468 57.42822 60.40695 
72.91776 23.0 0 44.64303 48.05206 62.0967 
38.60052 44.38468 44.64303 0 22.36068 17.46425 
59.4138 57.42822 48.05206 22.36068 0 29.06888 
33.54102 60.40695 62.0967 17.46425 29.06888 0 
