26
ac3e8375de984154ae4e 006489627d7f40d78e5f 4ac506b94809432b9d4d 3bd3cfc8f22040798830 43c11d251c5349558254 39b4d669172b4bad83c2 cc0dfd3acc49430d8b8c abe5d10e51264d4d8037 d0657041e36a408390c5 0b83bfb25fcf4c36b100 4bb9e4866e8947eab8e4 98033c501332416f870c ad74864096d649a881c6 502cd98b009a4da9ac37 0a8efee56d9f4a81b041 b278ec29017f466d82b9 c90b725d56524e48bce9 51a9097d8ff949ab9061 758c28567fee441d9639 5d399f04e771464dae55 3d0ddd0ef5e34e31b268 ec4df13460ae4bb18f29 70fd14fc9b9249e29e78 039bc494d1204fd0ab27 f7c0d7ac94fa44af96c1 ba31a4d314614fb3812e
0 88387.0 97010.0 82369.0 121184.0 101098.0 59860.0 78572.0 91905.0 32747.0 86654.0 85740.0 101586.0 52554.0 75223.0 76301.0 132533.0 90365.0 81353.0 94677.0 91426.0 43052.0 111043.0 116968.0 108912.0 86827.0 
88387.0 0 98710.0 60894.0 94810.0 71108.0 44640.0 60989.0 104316.0 99562.0 88053.0 83564.0 39969.0 94263.0 45446.0 57031.0 106159.0 60912.0 93313.0 81910.0 76898.0 108495.0 52278.0 82604.0 74807.0 75274.0 
97010.0 98710.0 0 75907.0 83992.0 66569.0 98061.0 67953.0 77126.0 81923.0 96448.0 93803.0 91023.0 101730.0 111536.0 63995.0 72643.0 79802.0 84327.0 62489.0 98360.0 67211.0 112030.0 99853.0 106641.0 23436.0 
82369.0 60894.0 75907.0 0 72586.0 61628.0 59236.0 76394.0 123263.0 93544.0 107619.0 48526.0 91888.0 84436.0 86950.0 72436.0 83935.0 106040.0 106731.0 57548.0 65480.0 96246.0 83163.0 52837.0 89012.0 52471.0 
121184.0 94810.0 83992.0 72586.0 0 107343.0 76282.0 73651.0 79733.0 123951.0 72321.0 77105.0 118188.0 130780.0 49364.0 95518.0 11349.0 120088.0 73891.0 118145.0 86702.0 127688.0 104385.0 74059.0 93263.0 107428.0 
101098.0 71108.0 66569.0 61628.0 107343.0 0 101321.0 97134.0 88566.0 68351.0 116484.0 110154.0 91598.0 52670.0 82140.0 93176.0 118276.0 80377.0 99408.0 10802.0 90122.0 95861.0 63610.0 33284.0 94862.0 80697.0 
59860.0 44640.0 98061.0 59236.0 76282.0 101321.0 0 49688.0 84893.0 71035.0 69525.0 38924.0 84609.0 74834.0 27714.0 34066.0 87631.0 101069.0 83325.0 90519.0 38350.0 102912.0 76756.0 76642.0 92420.0 74625.0 
78572.0 60989.0 67953.0 76394.0 73651.0 97134.0 49688.0 0 71317.0 69828.0 65146.0 56082.0 100958.0 89635.0 77402.0 26274.0 85000.0 72805.0 53025.0 93054.0 55044.0 88292.0 93220.0 109588.0 77529.0 44517.0 
91905.0 104316.0 77126.0 123263.0 79733.0 88566.0 84893.0 71317.0 0 94381.0 120438.0 102951.0 121128.0 114188.0 99120.0 50827.0 68384.0 80735.0 84709.0 77764.0 100430.0 117298.0 52312.0 82638.0 88159.0 91386.0 
32747.0 99562.0 81923.0 93544.0 123951.0 68351.0 71035.0 69828.0 94381.0 0 97829.0 83931.0 125592.0 19807.0 86398.0 43554.0 135300.0 85199.0 84581.0 64271.0 102382.0 75799.0 92257.0 101635.0 88031.0 58487.0 
86654.0 88053.0 96448.0 107619.0 72321.0 116484.0 69525.0 65146.0 120438.0 97829.0 0 88729.0 118361.0 117636.0 42607.0 86981.0 79111.0 123156.0 43063.0 105682.0 57096.0 55367.0 105214.0 112780.0 94374.0 98001.0 
85740.0 83564.0 93803.0 48526.0 77105.0 110154.0 38924.0 56082.0 102951.0 83931.0 88729.0 0 111476.0 64124.0 66638.0 52124.0 88454.0 71083.0 82539.0 106074.0 77274.0 97064.0 57126.0 87452.0 103379.0 70367.0 
101586.0 39969.0 91023.0 91888.0 118188.0 91598.0 84609.0 100958.0 121128.0 125592.0 118361.0 111476.0 0 123097.0 85415.0 97000.0 119960.0 40393.0 106240.0 102400.0 111573.0 87976.0 92247.0 118734.0 73920.0 67587.0 
52554.0 94263.0 101730.0 84436.0 130780.0 52670.0 74834.0 89635.0 114188.0 19807.0 117636.0 64124.0 123097.0 0 93820.0 63361.0 128253.0 91971.0 93814.0 63472.0 113184.0 95606.0 72450.0 85954.0 97264.0 78294.0 
75223.0 45446.0 111536.0 86950.0 49364.0 82140.0 27714.0 77402.0 99120.0 86398.0 42607.0 66638.0 85415.0 93820.0 0 61780.0 60713.0 98233.0 64746.0 71338.0 66064.0 97974.0 97724.0 103279.0 64706.0 88100.0 
76301.0 57031.0 63995.0 72436.0 95518.0 93176.0 34066.0 26274.0 50827.0 43554.0 86981.0 52124.0 97000.0 63361.0 61780.0 0 106867.0 96925.0 74860.0 89096.0 72416.0 84334.0 97523.0 110708.0 64641.0 40559.0 
132533.0 106159.0 72643.0 83935.0 11349.0 118276.0 87631.0 85000.0 68384.0 135300.0 79111.0 88454.0 119960.0 128253.0 60713.0 106867.0 0 108739.0 66990.0 122256.0 81023.0 134478.0 115734.0 85408.0 104612.0 96079.0 
90365.0 60912.0 79802.0 106040.0 120088.0 80377.0 101069.0 72805.0 80735.0 85199.0 123156.0 71083.0 40393.0 91971.0 98233.0 96925.0 108739.0 0 83924.0 91179.0 77080.0 76755.0 69837.0 100163.0 33527.0 56366.0 
81353.0 93313.0 84327.0 106731.0 73891.0 99408.0 83325.0 53025.0 84709.0 84581.0 43063.0 82539.0 106240.0 93814.0 64746.0 74860.0 66990.0 83924.0 0 88606.0 44975.0 93198.0 93093.0 100659.0 65312.0 92954.0 
94677.0 81910.0 62489.0 57548.0 118145.0 10802.0 90519.0 93054.0 77764.0 64271.0 105682.0 106074.0 102400.0 63472.0 71338.0 89096.0 122256.0 91179.0 88606.0 0 79320.0 91781.0 54700.0 44086.0 84060.0 83592.0 
91426.0 76898.0 98360.0 65480.0 86702.0 90122.0 38350.0 55044.0 100430.0 102382.0 57096.0 77274.0 111573.0 113184.0 66064.0 72416.0 81023.0 77080.0 44975.0 79320.0 0 103271.0 48118.0 66953.0 110287.0 99561.0 
43052.0 108495.0 67211.0 96246.0 127688.0 95861.0 102912.0 88292.0 117298.0 75799.0 55367.0 97064.0 87976.0 95606.0 97974.0 84334.0 134478.0 76755.0 93198.0 91781.0 103271.0 0 137396.0 118895.0 110282.0 43775.0 
111043.0 52278.0 112030.0 83163.0 104385.0 63610.0 76756.0 93220.0 52312.0 92257.0 105214.0 57126.0 92247.0 72450.0 97724.0 97523.0 115734.0 69837.0 93093.0 54700.0 48118.0 137396.0 0 30326.0 92650.0 115766.0 
116968.0 82604.0 99853.0 52837.0 74059.0 33284.0 76642.0 109588.0 82638.0 101635.0 112780.0 87452.0 118734.0 85954.0 103279.0 110708.0 85408.0 100163.0 100659.0 44086.0 66953.0 118895.0 30326.0 0 96606.0 98506.0 
108912.0 74807.0 106641.0 89012.0 93263.0 94862.0 92420.0 77529.0 88159.0 88031.0 94374.0 103379.0 73920.0 97264.0 64706.0 64641.0 104612.0 33527.0 65312.0 84060.0 110287.0 110282.0 92650.0 96606.0 0 89893.0 
86827.0 75274.0 23436.0 52471.0 107428.0 80697.0 74625.0 44517.0 91386.0 58487.0 98001.0 70367.0 67587.0 78294.0 88100.0 40559.0 96079.0 56366.0 92954.0 83592.0 99561.0 43775.0 115766.0 98506.0 89893.0 0 
