51
728908ec3cef4db29934 e3697cd0e4bb4631b60b 95119be28c194159a1ee a5e69939e9704f81a60e cc5f406e2dcd46bebe75 ebbbcdcdb3554877aeb0 268fc1cec41445e9ae4c bc0a76f3195549949d49 365700b51db445e3a31a dcee8e551d34480d82e2 e0d6bb0c69d74ec5a7c2 4da00804134d4fc9a85c 6ea877c3766c4669a150 68b5e6aea12140d2bb26 ab6a4a3d324a4e118998 c1b06ccaa4874b00a961 bbb11a04c8a343348a26 4e25f87635bb4843b59f 5c8da1e70e304c18a2e4 ced33625aef44e049e40 5042f23712404074ac94 f4f0866d5e97488aa802 e0cb3963860e4d049310 5a90ec8096c2423fb598 a1480b86aa6b4e8ab46b 008aafd1b0ec4150aacc 9a007b07478f49ea8ad1 4aadb3216b4343adbebd 4fd54063e8fe4e6591e3 ac82fe0455c04a6fbc21 6e67d80aec8b4fc0a0f4 d8c441caf295405aaf52 950cb52e3a1446d9af98 113cbb314b8c423e99ac e9189c39d6f9459fb82b 3b86319574304aac82c1 3f86be020a0e43e4b1ff a72944b166b948ed8afb 1733e0b32fcb468e9db5 12424155e29a4ad09224 6c5164d75c654b6e9e3b e73af41069ed4943a52c d8981e847a1946839e08 7a06c0a05152448791da 00ab75eeae43479b93a1 f451d0f96c4e44e5a7a2 f911fa4d522a4357aa0b ce0b9987a99a4073beab 87ecc0a3a59f407c9b3d 863d51b71d174e18a8b2 6a5e7697411b4a5f9bee
0 89959.0 86610.0 99887.0 95905.0 115571.0 63411.0 97200.0 102298.0 124911.0 87441.0 68427.0 128711.0 123641.0 89756.0 127073.0 111214.0 144957.0 117378.0 126080.0 64501.0 57541.0 49560.0 135475.0 128205.0 132333.0 108565.0 101242.0 130863.0 106431.0 86163.0 128343.0 95532.0 73561.0 105952.0 82004.0 108502.0 81294.0 107654.0 66782.0 116688.0 89090.0 107060.0 88912.0 84892.0 97314.0 74117.0 104392.0 76726.0 81838.0 87875.0 
89959.0 0 88554.0 102081.0 100254.0 94468.0 58484.0 73259.0 81909.0 130227.0 106584.0 62858.0 109478.0 93376.0 92610.0 120098.0 64785.0 140030.0 86885.0 77534.0 103613.0 82062.0 88735.0 78160.0 107702.0 117583.0 94401.0 119267.0 94330.0 111428.0 50673.0 112348.0 85627.0 115116.0 75207.0 106981.0 109001.0 86156.0 86927.0 110352.0 79471.0 50513.0 83119.0 106170.0 89166.0 48768.0 67793.0 71271.0 101247.0 39909.0 50420.0 
86610.0 88554.0 0 36146.0 47269.0 91194.0 65983.0 45967.0 97677.0 101090.0 88734.0 85613.0 117079.0 114854.0 60270.0 82592.0 75862.0 134556.0 83611.0 76937.0 105890.0 106566.0 80823.0 62762.0 69065.0 106270.0 91393.0 97335.0 118814.0 69118.0 104056.0 100442.0 87779.0 105881.0 97576.0 93666.0 83505.0 74847.0 106340.0 68395.0 68052.0 97358.0 55827.0 84779.0 28282.0 65844.0 30692.0 69410.0 94096.0 99024.0 83422.0 
99887.0 102081.0 36146.0 0 47594.0 72131.0 79429.0 67255.0 82292.0 79370.0 71981.0 98274.0 100552.0 136723.0 66574.0 46446.0 57235.0 114314.0 89915.0 95736.0 87212.0 114815.0 58631.0 98908.0 82511.0 86174.0 92054.0 97024.0 98442.0 82564.0 91286.0 66965.0 65587.0 93483.0 76007.0 100112.0 83830.0 110993.0 105774.0 49717.0 68377.0 118646.0 66742.0 98225.0 41728.0 81471.0 66838.0 75274.0 99578.0 109373.0 95787.0 
95905.0 100254.0 47269.0 47594.0 0 89702.0 73236.0 77829.0 72458.0 121403.0 107888.0 111312.0 69810.0 107532.0 61330.0 94040.0 35469.0 128820.0 58352.0 95012.0 102015.0 67221.0 69205.0 109439.0 100290.0 103926.0 86105.0 52659.0 91084.0 100343.0 83266.0 114559.0 55753.0 72035.0 66173.0 52518.0 36236.0 105078.0 59071.0 96221.0 20783.0 80748.0 81892.0 105142.0 59507.0 98574.0 77961.0 80906.0 86406.0 101471.0 76100.0 
115571.0 94468.0 91194.0 72131.0 89702.0 0 105098.0 68681.0 78907.0 103081.0 47631.0 96932.0 89882.0 109179.0 62720.0 118577.0 79781.0 126694.0 34421.0 93792.0 66095.0 101999.0 103537.0 41926.0 95558.0 108720.0 90705.0 106992.0 81424.0 100412.0 67932.0 124482.0 95612.0 109092.0 106032.0 86393.0 56537.0 99341.0 90933.0 83650.0 94467.0 97986.0 78541.0 54892.0 95041.0 95218.0 115486.0 72602.0 116803.0 109571.0 103145.0 
63411.0 58484.0 65983.0 79429.0 73236.0 105098.0 0 106431.0 91439.0 92409.0 89602.0 74648.0 90192.0 126739.0 76789.0 103116.0 47803.0 81546.0 101950.0 82174.0 100470.0 81594.0 103134.0 93163.0 112348.0 110836.0 56248.0 78573.0 87210.0 86055.0 84267.0 116741.0 94410.0 104766.0 104830.0 83078.0 94810.0 99485.0 46233.0 93494.0 62489.0 69103.0 96692.0 103963.0 68371.0 81940.0 93788.0 40981.0 100779.0 73503.0 84014.0 
97200.0 73259.0 45967.0 67255.0 77829.0 68681.0 106431.0 0 52366.0 92293.0 107730.0 89674.0 121126.0 112092.0 88659.0 99419.0 100013.0 103529.0 51813.0 43754.0 92772.0 64014.0 47640.0 89347.0 47227.0 108439.0 76438.0 61545.0 89927.0 50953.0 80059.0 116802.0 54596.0 90140.0 65016.0 82028.0 73929.0 97162.0 89163.0 64391.0 98612.0 64175.0 22644.0 81569.0 74249.0 72520.0 76659.0 99694.0 83199.0 88362.0 80660.0 
102298.0 81909.0 97677.0 82292.0 72458.0 78907.0 91439.0 52366.0 0 79147.0 102949.0 52588.0 89932.0 122431.0 92196.0 61528.0 97740.0 123739.0 57805.0 96120.0 113710.0 87590.0 62677.0 36981.0 70764.0 77245.0 111005.0 69583.0 52036.0 97689.0 102888.0 82047.0 16705.0 58946.0 27125.0 84809.0 79921.0 68191.0 108310.0 89693.0 93241.0 92274.0 69380.0 105114.0 92300.0 77178.0 98192.0 103597.0 94739.0 42000.0 100992.0 
124911.0 130227.0 101090.0 79370.0 121403.0 103081.0 92409.0 92293.0 79147.0 0 100534.0 84127.0 117197.0 124822.0 67284.0 108715.0 116141.0 151004.0 70277.0 105380.0 67337.0 104184.0 108300.0 116128.0 105733.0 60369.0 36161.0 109510.0 103753.0 130442.0 100374.0 129234.0 82118.0 124359.0 92538.0 122249.0 86030.0 84144.0 94400.0 104832.0 130827.0 114570.0 114937.0 96133.0 89606.0 81459.0 93412.0 114306.0 100371.0 97538.0 81866.0 
87441.0 106584.0 88734.0 71981.0 107888.0 47631.0 89602.0 107730.0 102949.0 100534.0 0 91207.0 102974.0 102399.0 68932.0 106942.0 92104.0 162272.0 82052.0 63976.0 113726.0 101696.0 125930.0 89557.0 107381.0 65933.0 64373.0 115887.0 81195.0 86790.0 114084.0 126831.0 86244.0 118263.0 96664.0 109983.0 71652.0 112356.0 117250.0 115191.0 106790.0 117203.0 107971.0 95262.0 60452.0 92742.0 101511.0 91354.0 108934.0 99919.0 99496.0 
68427.0 62858.0 85613.0 98274.0 111312.0 96932.0 74648.0 89674.0 52588.0 84127.0 91207.0 0 76593.0 107952.0 93809.0 68184.0 80949.0 110400.0 87255.0 71399.0 110530.0 79025.0 101531.0 89569.0 101886.0 63906.0 76758.0 108437.0 90890.0 122568.0 85567.0 86614.0 55559.0 69819.0 58247.0 88984.0 93033.0 80809.0 94136.0 91766.0 95233.0 75483.0 108234.0 93834.0 81732.0 42633.0 77785.0 52356.0 59840.0 22949.0 76520.0 
128711.0 109478.0 117079.0 100552.0 69810.0 89882.0 90192.0 121126.0 89932.0 117197.0 102974.0 76593.0 0 122456.0 112646.0 88492.0 105279.0 74383.0 100465.0 102646.0 104115.0 92872.0 105202.0 126913.0 134044.0 92223.0 111416.0 100350.0 98448.0 134142.0 58805.0 99429.0 80948.0 55150.0 91368.0 63814.0 91156.0 71159.0 76027.0 97232.0 90593.0 88859.0 109815.0 61970.0 109653.0 80146.0 95276.0 96486.0 103638.0 93322.0 94018.0 
123641.0 93376.0 114854.0 136723.0 107532.0 109179.0 126739.0 112092.0 122431.0 124822.0 102399.0 107952.0 122456.0 0 105712.0 90277.0 96179.0 150555.0 101905.0 94138.0 84625.0 66100.0 81271.0 127157.0 140463.0 143249.0 88661.0 152276.0 122923.0 92391.0 66645.0 104884.0 105726.0 129249.0 116146.0 99517.0 88889.0 117829.0 120375.0 91380.0 86749.0 79627.0 115880.0 95561.0 105612.0 105605.0 136363.0 90935.0 85285.0 105321.0 42956.0 
89756.0 92610.0 60270.0 66574.0 61330.0 62720.0 76789.0 88659.0 92196.0 67284.0 68932.0 93809.0 112646.0 105712.0 0 113020.0 48857.0 147410.0 53176.0 74535.0 86811.0 85074.0 89190.0 104646.0 50763.0 77796.0 31123.0 113989.0 95027.0 96043.0 79851.0 124684.0 94601.0 105495.0 94402.0 82494.0 31060.0 79106.0 91932.0 90942.0 63543.0 101074.0 75346.0 75608.0 88552.0 70036.0 90962.0 63839.0 104259.0 107220.0 62756.0 
127073.0 120098.0 82592.0 46446.0 94040.0 118577.0 103116.0 99419.0 61528.0 108715.0 106942.0 68184.0 88492.0 90277.0 113020.0 0 103681.0 122299.0 110580.0 124348.0 129655.0 103613.0 90795.0 98509.0 98882.0 122763.0 116398.0 117377.0 80154.0 129010.0 117660.0 20519.0 44823.0 103066.0 55243.0 131049.0 118665.0 119075.0 101567.0 96163.0 114823.0 130642.0 109279.0 122989.0 88174.0 101279.0 113284.0 120540.0 84428.0 81595.0 82447.0 
111214.0 64785.0 75862.0 57235.0 35469.0 79781.0 47803.0 100013.0 97740.0 116141.0 92104.0 80949.0 105279.0 96179.0 48857.0 103681.0 0 129349.0 72198.0 81169.0 101119.0 87891.0 102780.0 99464.0 99620.0 68457.0 79980.0 88128.0 109954.0 86704.0 88436.0 124200.0 91222.0 107504.0 101642.0 87987.0 71705.0 102333.0 88057.0 81603.0 14686.0 75404.0 88338.0 92669.0 65168.0 88241.0 100089.0 88784.0 107076.0 79888.0 64747.0 
144957.0 140030.0 134556.0 114314.0 128820.0 126694.0 81546.0 103529.0 123739.0 151004.0 162272.0 110400.0 74383.0 150555.0 147410.0 122299.0 129349.0 0 119111.0 134499.0 137922.0 145611.0 138385.0 146169.0 137972.0 126030.0 137794.0 134157.0 159728.0 141698.0 133188.0 142818.0 126710.0 88957.0 137130.0 135064.0 141227.0 104966.0 109834.0 135837.0 144035.0 150649.0 113389.0 80616.0 128299.0 113953.0 129083.0 122527.0 142527.0 127129.0 156450.0 
117378.0 86885.0 83611.0 89915.0 58352.0 34421.0 101950.0 51813.0 57805.0 70277.0 82052.0 87255.0 100465.0 101905.0 53176.0 110580.0 72198.0 119111.0 0 82783.0 58512.0 94416.0 86669.0 76347.0 61137.0 101137.0 56284.0 111011.0 79470.0 89982.0 60349.0 90061.0 74510.0 116751.0 84930.0 51972.0 22116.0 81858.0 62422.0 93044.0 79135.0 90403.0 61673.0 47309.0 87458.0 79150.0 82827.0 72953.0 106718.0 99805.0 91407.0 
126080.0 77534.0 76937.0 95736.0 95012.0 93792.0 82174.0 43754.0 96120.0 105380.0 63976.0 71399.0 102646.0 94138.0 74535.0 124348.0 81169.0 134499.0 82783.0 0 104375.0 85850.0 78610.0 101691.0 78197.0 110108.0 99599.0 100349.0 70557.0 81923.0 65297.0 103829.0 85566.0 117220.0 95986.0 65394.0 98922.0 70821.0 68009.0 95361.0 95855.0 95145.0 53614.0 98435.0 67367.0 28766.0 63918.0 77463.0 105035.0 84810.0 62706.0 
64501.0 103613.0 105890.0 87212.0 102015.0 66095.0 100470.0 92772.0 113710.0 67337.0 113726.0 110530.0 104115.0 84625.0 86811.0 129655.0 101119.0 137922.0 58512.0 104375.0 0 76337.0 64511.0 108021.0 119649.0 85764.0 61556.0 119226.0 109097.0 77144.0 76882.0 115024.0 100966.0 80240.0 111386.0 99030.0 80628.0 87973.0 86886.0 37495.0 96986.0 89864.0 102632.0 78983.0 102213.0 88687.0 113317.0 85984.0 95522.0 110731.0 53193.0 
57541.0 82062.0 106566.0 114815.0 67221.0 101999.0 81594.0 64014.0 87590.0 104184.0 101696.0 79025.0 92872.0 66100.0 85074.0 103613.0 87891.0 145611.0 94416.0 85850.0 76337.0 0 72983.0 117057.0 111241.0 122611.0 68023.0 119880.0 114635.0 114967.0 34067.0 96596.0 90561.0 104493.0 100981.0 91229.0 88186.0 92904.0 98298.0 97686.0 78461.0 31549.0 86658.0 89910.0 95031.0 105494.0 115890.0 82647.0 19185.0 92436.0 34668.0 
49560.0 88735.0 80823.0 58631.0 69205.0 103537.0 103134.0 47640.0 62677.0 108300.0 125930.0 101531.0 105202.0 81271.0 89190.0 90795.0 102780.0 138385.0 86669.0 78610.0 64511.0 72983.0 0 99658.0 82083.0 126188.0 72139.0 109185.0 81303.0 66665.0 46397.0 100243.0 45972.0 78089.0 56392.0 73192.0 90551.0 89890.0 106688.0 27016.0 89988.0 72511.0 57500.0 110319.0 98143.0 97025.0 84193.0 86294.0 79963.0 91690.0 38315.0 
135475.0 78160.0 62762.0 98908.0 109439.0 41926.0 93163.0 89347.0 36981.0 116128.0 89557.0 89569.0 126913.0 127157.0 104646.0 98509.0 99464.0 146169.0 76347.0 101691.0 108021.0 117057.0 99658.0 0 107745.0 114226.0 129906.0 106564.0 89017.0 98950.0 104027.0 91835.0 53686.0 95927.0 64106.0 78012.0 98463.0 86625.0 117795.0 113579.0 114150.0 93998.0 101011.0 74367.0 58114.0 97072.0 80928.0 90875.0 97872.0 78981.0 84201.0 
128205.0 107702.0 69065.0 82511.0 100290.0 95558.0 112348.0 47227.0 70764.0 105733.0 107381.0 101886.0 134044.0 140463.0 50763.0 98882.0 99620.0 137972.0 61137.0 78197.0 119649.0 111241.0 82083.0 107745.0 0 114571.0 69572.0 108772.0 89390.0 52892.0 103778.0 119401.0 54059.0 115976.0 43639.0 87644.0 69509.0 104361.0 98487.0 92541.0 114306.0 90615.0 24583.0 80888.0 74647.0 106963.0 99757.0 101846.0 123030.0 78937.0 101205.0 
132333.0 117583.0 106270.0 86174.0 103926.0 108720.0 110836.0 108439.0 77245.0 60369.0 65933.0 63906.0 92223.0 143249.0 77796.0 122763.0 68457.0 126030.0 101137.0 110108.0 85764.0 122611.0 126188.0 114226.0 114571.0 0 54588.0 98133.0 104508.0 110103.0 118801.0 102244.0 80216.0 85449.0 90636.0 124688.0 96925.0 96439.0 110441.0 107396.0 83143.0 124898.0 89988.0 114560.0 108033.0 106539.0 111839.0 116262.0 123746.0 86855.0 100293.0 
108565.0 94401.0 91393.0 92054.0 86105.0 90705.0 56248.0 76438.0 111005.0 36161.0 64373.0 76758.0 111416.0 88661.0 31123.0 116398.0 79980.0 137794.0 56284.0 99599.0 61556.0 68023.0 72139.0 129906.0 69572.0 54588.0 0 91376.0 97972.0 100975.0 64213.0 107633.0 109529.0 124304.0 99109.0 99274.0 49869.0 47983.0 88619.0 89361.0 94666.0 93900.0 86298.0 90352.0 83825.0 78225.0 87631.0 93684.0 87208.0 90169.0 45705.0 
101242.0 119267.0 97335.0 97024.0 52659.0 106992.0 78573.0 61545.0 69583.0 109510.0 115887.0 108437.0 100350.0 152276.0 113989.0 117377.0 88128.0 134157.0 111011.0 100349.0 119226.0 119880.0 109185.0 106564.0 108772.0 98133.0 91376.0 0 107885.0 63737.0 126571.0 137896.0 72554.0 107357.0 82974.0 101253.0 88895.0 87619.0 64408.0 103386.0 73442.0 125720.0 84189.0 119645.0 88951.0 96606.0 124716.0 61341.0 135471.0 109782.0 109320.0 
130863.0 94330.0 118814.0 98442.0 91084.0 81424.0 87210.0 89927.0 52036.0 103753.0 81195.0 90890.0 98448.0 122923.0 95027.0 80154.0 109954.0 159728.0 79470.0 70557.0 109097.0 114635.0 81303.0 89017.0 89390.0 104508.0 97972.0 107885.0 0 117790.0 114809.0 94185.0 35331.0 97248.0 45751.0 86717.0 101586.0 93819.0 75613.0 108319.0 111867.0 84755.0 92299.0 115662.0 100133.0 95969.0 88122.0 112753.0 121585.0 81049.0 85961.0 
106431.0 111428.0 69118.0 82564.0 100343.0 100412.0 86055.0 50953.0 97689.0 130442.0 86790.0 122568.0 134142.0 92391.0 96043.0 129010.0 86704.0 141698.0 89982.0 81923.0 77144.0 114967.0 66665.0 98950.0 52892.0 110103.0 100975.0 63737.0 117790.0 0 103268.0 112996.0 92765.0 126382.0 96531.0 91370.0 105088.0 108087.0 87759.0 39649.0 101390.0 94341.0 28309.0 97333.0 40836.0 97380.0 99810.0 84372.0 126756.0 125227.0 103607.0 
86163.0 50673.0 104056.0 91286.0 83266.0 67932.0 84267.0 80059.0 102888.0 100374.0 114084.0 85567.0 58805.0 66645.0 79851.0 117660.0 88436.0 133188.0 60349.0 65297.0 76882.0 34067.0 46397.0 104027.0 103778.0 118801.0 64213.0 126571.0 114809.0 103268.0 0 97141.0 92369.0 113955.0 97916.0 91774.0 82465.0 108815.0 64231.0 63619.0 79006.0 30054.0 79195.0 80820.0 98928.0 71427.0 93660.0 65230.0 53252.0 62618.0 35213.0 
128343.0 112348.0 100442.0 66965.0 114559.0 124482.0 116741.0 116802.0 82047.0 129234.0 126831.0 86614.0 99429.0 104884.0 124684.0 20519.0 124200.0 142818.0 90061.0 103829.0 115024.0 96596.0 100243.0 91835.0 119401.0 102244.0 107633.0 137896.0 94185.0 112996.0 97141.0 0 65342.0 108157.0 75762.0 118489.0 112177.0 119147.0 100881.0 77529.0 117245.0 110123.0 125120.0 124714.0 72160.0 121798.0 120874.0 109907.0 104947.0 102114.0 61928.0 
95532.0 85627.0 87779.0 65587.0 55753.0 95612.0 94410.0 54596.0 16705.0 82118.0 86244.0 55559.0 80948.0 105726.0 94601.0 44823.0 91222.0 126710.0 74510.0 85566.0 100966.0 90561.0 45972.0 53686.0 54059.0 80216.0 109529.0 72554.0 35331.0 92765.0 92369.0 65342.0 0 61917.0 10420.0 86226.0 91989.0 84896.0 110944.0 72988.0 76536.0 95245.0 64456.0 115177.0 79714.0 93883.0 101163.0 107915.0 86908.0 45718.0 84287.0 
73561.0 115116.0 105881.0 93483.0 72035.0 109092.0 104766.0 90140.0 58946.0 124359.0 118263.0 69819.0 55150.0 129249.0 105495.0 103066.0 107504.0 88957.0 116751.0 117220.0 80240.0 104493.0 78089.0 95927.0 115976.0 85449.0 124304.0 107357.0 97248.0 126382.0 113955.0 108157.0 61917.0 0 72337.0 106389.0 104753.0 85733.0 90601.0 86733.0 92818.0 122569.0 107154.0 89647.0 102371.0 94720.0 109850.0 122175.0 85308.0 92768.0 116404.0 
105952.0 75207.0 97576.0 76007.0 66173.0 106032.0 104830.0 65016.0 27125.0 92538.0 96664.0 58247.0 91368.0 116146.0 94402.0 55243.0 101642.0 137130.0 84930.0 95986.0 111386.0 100981.0 56392.0 64106.0 43639.0 90636.0 99109.0 82974.0 45751.0 96531.0 97916.0 75762.0 10420.0 72337.0 0 96646.0 102409.0 93829.0 121364.0 83408.0 86956.0 105665.0 68222.0 124527.0 69294.0 91342.0 111583.0 99791.0 97328.0 35298.0 94707.0 
82004.0 106981.0 93666.0 100112.0 52518.0 86393.0 83078.0 82028.0 84809.0 122249.0 109983.0 88984.0 63814.0 99517.0 82494.0 131049.0 87987.0 135064.0 51972.0 65394.0 99030.0 91229.0 73192.0 78012.0 87644.0 124688.0 99274.0 101253.0 86717.0 91370.0 91774.0 118489.0 86226.0 106389.0 96646.0 0 51434.0 86962.0 39783.0 61535.0 73301.0 104756.0 63061.0 89607.0 89018.0 94160.0 93459.0 78625.0 110414.0 111933.0 56561.0 
108502.0 109001.0 83505.0 83830.0 36236.0 56537.0 94810.0 73929.0 79921.0 86030.0 71652.0 93033.0 91156.0 88889.0 31060.0 118665.0 71705.0 141227.0 22116.0 98922.0 80628.0 88186.0 90551.0 98463.0 69509.0 96925.0 49869.0 88895.0 101586.0 105088.0 82465.0 112177.0 91989.0 104753.0 102409.0 51434.0 0 68842.0 84538.0 80028.0 57019.0 102094.0 83789.0 69425.0 95743.0 87706.0 104943.0 81509.0 107371.0 107488.0 81502.0 
81294.0 86156.0 74847.0 110993.0 105078.0 99341.0 99485.0 97162.0 68191.0 84144.0 112356.0 80809.0 71159.0 117829.0 79106.0 119075.0 102333.0 104966.0 81858.0 70821.0 87973.0 92904.0 89890.0 86625.0 104361.0 96439.0 47983.0 87619.0 93819.0 108087.0 108815.0 119147.0 84896.0 85733.0 93829.0 86962.0 68842.0 0 90724.0 76669.0 117019.0 90381.0 79778.0 95618.0 78201.0 45355.0 44155.0 86085.0 73719.0 58531.0 93688.0 
107654.0 86927.0 106340.0 105774.0 59071.0 90933.0 46233.0 89163.0 108310.0 94400.0 117250.0 94136.0 76027.0 120375.0 91932.0 101567.0 88057.0 109834.0 62422.0 68009.0 86886.0 98298.0 106688.0 117795.0 98487.0 110441.0 88619.0 64408.0 75613.0 87759.0 64231.0 100881.0 110944.0 90601.0 121364.0 39783.0 84538.0 90724.0 0 98283.0 74543.0 81660.0 89751.0 106727.0 103475.0 90477.0 85027.0 41780.0 105531.0 98872.0 88943.0 
66782.0 110352.0 68395.0 49717.0 96221.0 83650.0 93494.0 64391.0 89693.0 104832.0 115191.0 91766.0 97232.0 91380.0 90942.0 96163.0 81603.0 135837.0 93044.0 95361.0 37495.0 97686.0 27016.0 113579.0 92541.0 107396.0 89361.0 103386.0 108319.0 39649.0 63619.0 77529.0 72988.0 86733.0 83408.0 61535.0 80028.0 76669.0 98283.0 0 96289.0 89733.0 67958.0 94037.0 80485.0 110974.0 75822.0 96921.0 103018.0 85578.0 65331.0 
116688.0 79471.0 68052.0 68377.0 20783.0 94467.0 62489.0 98612.0 93241.0 130827.0 106790.0 95233.0 90593.0 86749.0 63543.0 114823.0 14686.0 144035.0 79135.0 95855.0 96986.0 78461.0 89988.0 114150.0 114306.0 83143.0 94666.0 73442.0 111867.0 101390.0 79006.0 117245.0 76536.0 92818.0 86956.0 73301.0 57019.0 117019.0 74543.0 96289.0 0 90090.0 102675.0 107355.0 79854.0 102927.0 98744.0 101689.0 97646.0 94574.0 55317.0 
89090.0 50513.0 97358.0 118646.0 80748.0 97986.0 69103.0 64175.0 92274.0 114570.0 117203.0 75483.0 88859.0 79627.0 101074.0 130642.0 75404.0 150649.0 90403.0 95145.0 89864.0 31549.0 72511.0 93998.0 90615.0 124898.0 93900.0 125720.0 84755.0 94341.0 30054.0 110123.0 95245.0 122569.0 105665.0 104756.0 102094.0 90381.0 81660.0 89733.0 90090.0 0 66032.0 110874.0 125640.0 86585.0 94169.0 95284.0 50734.0 74568.0 48195.0 
107060.0 83119.0 55827.0 66742.0 81892.0 78541.0 96692.0 22644.0 69380.0 114937.0 107971.0 108234.0 109815.0 115880.0 75346.0 109279.0 88338.0 113389.0 61673.0 53614.0 102632.0 86658.0 57500.0 101011.0 24583.0 89988.0 86298.0 84189.0 92299.0 28309.0 79195.0 125120.0 64456.0 107154.0 68222.0 63061.0 83789.0 79778.0 89751.0 67958.0 102675.0 66032.0 0 91429.0 69145.0 82380.0 86519.0 77263.0 98447.0 98222.0 84448.0 
88912.0 106170.0 84779.0 98225.0 105142.0 54892.0 103963.0 81569.0 105114.0 96133.0 95262.0 93834.0 61970.0 95561.0 75608.0 122989.0 92669.0 80616.0 47309.0 98435.0 78983.0 89910.0 110319.0 74367.0 80888.0 114560.0 90352.0 119645.0 115662.0 97333.0 80820.0 124714.0 115177.0 89647.0 124527.0 89607.0 69425.0 95618.0 106727.0 94037.0 107355.0 110874.0 91429.0 0 56497.0 69669.0 104821.0 66765.0 70725.0 107245.0 75834.0 
84892.0 89166.0 28282.0 41728.0 59507.0 95041.0 68371.0 74249.0 92300.0 89606.0 60452.0 81732.0 109653.0 105612.0 88552.0 88174.0 65168.0 128299.0 87458.0 67367.0 102213.0 95031.0 98143.0 58114.0 74647.0 108033.0 83825.0 88951.0 100133.0 40836.0 98928.0 72160.0 79714.0 102371.0 69294.0 89018.0 95743.0 78201.0 103475.0 80485.0 79854.0 125640.0 69145.0 56497.0 0 90090.0 58974.0 74992.0 89448.0 91188.0 109968.0 
97314.0 48768.0 65844.0 81471.0 98574.0 95218.0 81940.0 72520.0 77178.0 81459.0 92742.0 42633.0 80146.0 105605.0 70036.0 101279.0 88241.0 113953.0 79150.0 28766.0 88687.0 105494.0 97025.0 97072.0 106963.0 106539.0 78225.0 96606.0 95969.0 97380.0 71427.0 121798.0 93883.0 94720.0 91342.0 94160.0 87706.0 45355.0 90477.0 110974.0 102927.0 86585.0 82380.0 69669.0 90090.0 0 35152.0 48697.0 92935.0 56044.0 74382.0 
74117.0 67793.0 30692.0 66838.0 77961.0 115486.0 93788.0 76659.0 98192.0 93412.0 101511.0 77785.0 95276.0 136363.0 90962.0 113284.0 100089.0 129083.0 82827.0 63918.0 113317.0 115890.0 84193.0 80928.0 99757.0 111839.0 87631.0 124716.0 88122.0 99810.0 93660.0 120874.0 101163.0 109850.0 111583.0 93459.0 104943.0 44155.0 85027.0 75822.0 98744.0 94169.0 86519.0 104821.0 58974.0 35152.0 0 83849.0 112262.0 82896.0 93407.0 
104392.0 71271.0 69410.0 75274.0 80906.0 72602.0 40981.0 99694.0 103597.0 114306.0 91354.0 52356.0 96486.0 90935.0 63839.0 120540.0 88784.0 122527.0 72953.0 77463.0 85984.0 82647.0 86294.0 90875.0 101846.0 116262.0 93684.0 61341.0 112753.0 84372.0 65230.0 109907.0 107915.0 122175.0 99791.0 78625.0 81509.0 86085.0 41780.0 96921.0 101689.0 95284.0 77263.0 66765.0 74992.0 48697.0 83849.0 0 74130.0 64493.0 47979.0 
76726.0 101247.0 94096.0 99578.0 86406.0 116803.0 100779.0 83199.0 94739.0 100371.0 108934.0 59840.0 103638.0 85285.0 104259.0 84428.0 107076.0 142527.0 106718.0 105035.0 95522.0 19185.0 79963.0 97872.0 123030.0 123746.0 87208.0 135471.0 121585.0 126756.0 53252.0 104947.0 86908.0 85308.0 97328.0 110414.0 107371.0 73719.0 105531.0 103018.0 97646.0 50734.0 98447.0 70725.0 89448.0 92935.0 112262.0 74130.0 0 73251.0 53853.0 
81838.0 39909.0 99024.0 109373.0 101471.0 109571.0 73503.0 88362.0 42000.0 97538.0 99919.0 22949.0 93322.0 105321.0 107220.0 81595.0 79888.0 127129.0 99805.0 84810.0 110731.0 92436.0 91690.0 78981.0 78937.0 86855.0 90169.0 109782.0 81049.0 125227.0 62618.0 102114.0 45718.0 92768.0 35298.0 111933.0 107488.0 58531.0 98872.0 85578.0 94574.0 74568.0 98222.0 107245.0 91188.0 56044.0 82896.0 64493.0 73251.0 0 62365.0 
87875.0 50420.0 83422.0 95787.0 76100.0 103145.0 84014.0 80660.0 100992.0 81866.0 99496.0 76520.0 94018.0 42956.0 62756.0 82447.0 64747.0 156450.0 91407.0 62706.0 53193.0 34668.0 38315.0 84201.0 101205.0 100293.0 45705.0 109320.0 85961.0 103607.0 35213.0 61928.0 84287.0 116404.0 94707.0 56561.0 81502.0 93688.0 88943.0 65331.0 55317.0 48195.0 84448.0 75834.0 109968.0 74382.0 93407.0 47979.0 53853.0 62365.0 0 
