13
ee91333fe533476ea0a6 290073d521134a088500 24e2f0a35e234954aaa4 6c76a0cd16924a6eb8b4 45493c18c52a4b33b13c c47dfdf85cd640f3a126 1aa493cb666042fa8749 cb20bab1e9b2471690d7 38d919f075974e4b98a7 b3d3dbaba63448da9b77 d586c324139043e5a294 64dca604fe224425bc5d e8c79c672b2a48c6a22e
0 76542.0 68649.0 92573.0 45957.0 76006.0 66086.0 58948.0 32885.0 46203.0 88260.0 26320.0 92341.0 
76542.0 0 83782.0 111979.0 103249.0 106282.0 123378.0 59282.0 85345.0 60589.0 35544.0 81630.0 71605.0 
68649.0 83782.0 0 103617.0 64273.0 61070.0 44144.0 90265.0 67880.0 102400.0 86936.0 94969.0 98944.0 
92573.0 111979.0 103617.0 0 53111.0 91052.0 73240.0 69453.0 76786.0 68899.0 97316.0 80380.0 77951.0 
45957.0 103249.0 64273.0 53111.0 0 80535.0 20129.0 80339.0 58317.0 92160.0 86506.0 72277.0 74134.0 
76006.0 106282.0 61070.0 91052.0 80535.0 0 100664.0 67547.0 67246.0 103999.0 91298.0 100323.0 100981.0 
66086.0 123378.0 44144.0 73240.0 20129.0 100664.0 0 100468.0 78446.0 112289.0 106635.0 92406.0 94263.0 
58948.0 59282.0 90265.0 69453.0 80339.0 67547.0 100468.0 0 26063.0 84373.0 29750.0 85268.0 95389.0 
32885.0 85345.0 67880.0 76786.0 58317.0 67246.0 78446.0 26063.0 0 79088.0 55813.0 59205.0 91572.0 
46203.0 60589.0 102400.0 68899.0 92160.0 103999.0 112289.0 84373.0 79088.0 0 82986.0 72523.0 63796.0 
88260.0 35544.0 86936.0 97316.0 86506.0 91298.0 106635.0 29750.0 55813.0 82986.0 0 67014.0 70334.0 
26320.0 81630.0 94969.0 80380.0 72277.0 100323.0 92406.0 85268.0 59205.0 72523.0 67014.0 0 99378.0 
92341.0 71605.0 98944.0 77951.0 74134.0 100981.0 94263.0 95389.0 91572.0 63796.0 70334.0 99378.0 0 
