51
25 14 12 9 35 44 58 77 53 95 94 15 75 67 69 50 33 8 68 93 39 40 99 46 62 89 90 83 81 37 51 36 56 84 29 43 88 65 97 82 21 54 91 6 71 16 31 72 87 32 0
0 71.83562 92.05977 75.8536 99.17692 72.63183 68.27514 75.52126 16.02463 141.87538 72.28605 76.33385 57.09759 75.64106 55.72789 64.6302 46.71248 74.59777 63.56658 89.87795 57.11191 95.58645 145.29221 51.87681 77.8132 96.37091000000001 93.98747 91.02129 107.50306 87.15505 57.67575 109.42125 77.52023 71.27413 85.92660000000001 98.3283 101.73069000000001 95.1874 141.082 88.26222 103.78789 58.95121 94.78233 86.67007 114.72515000000001 89.26573 74.01465999999999 83.45274 78.03084 55.44157 81.91729 
71.83562 0 79.19125 72.6216 89.90686 49.88981 91.16726 77.97154 71.18402 159.29755999999998 112.48866000000001 91.76059 54.22737 56.25382 42.7507 51.38475 37.44125 66.61548 69.96 86.46571 43.60092 74.88901 162.28306 68.86766 84.5237 98.68947 84.71624 77.55231 48.87354 83.71268 72.63284 90.67013 92.72836 79.91398 61.38968 70.13451 88.2197 47.43909 114.70026 85.63359 72.20414 100.09015000000001 102.10840999999999 80.61662 91.85918000000001 83.19225 44.22202 21.38023 100.81171 41.93058 55.53555 
92.05977 79.19125 0 67.93743 11.27465 99.01604 57.22928 40.4945 88.65156 133.20715 76.66615 59.80326 82.42572 94.58704 59.86752 55.05648 60.72449 64.05182 56.97133 76.76013999999999 69.02054 83.82612 178.36817000000002 84.95277 53.89157 120.0034 107.99948 90.97455 110.93153 87.82177 61.10422 44.01303 55.56607 68.48256 63.06488 40.58546 81.61972 88.69158999999999 136.61662 86.89784 62.54942 64.26764 111.20899 84.92905 99.53405999999998 80.28650999999999 59.7962 82.94623 109.91210000000001 68.87681 77.45191 
75.8536 72.6216 67.93743 0 74.7792 60.32382 87.42033 108.43193000000001 78.81845 154.26767999999998 60.31747 95.43206 90.12003999999999 97.396 84.05553 96.31917 40.18516 84.85103 98.9145 89.20962 61.15702 88.53504 183.87778 90.46238 104.14473000000001 60.32841 46.35518 68.13006 96.35900000000001 87.2725 84.69454999999999 62.62226 100.71391000000001 98.67361000000001 56.99114 91.91769 96.55512 90.59379 154.03748000000002 98.27071000000001 98.72181 47.91896 112.28613 94.52912 87.61704 73.41484 74.65356 65.21737 95.53464 61.7768 94.87277 
99.17692 89.90686 11.27465 74.7792 0 94.83336 68.50393 38.29242 84.0102 121.9325 87.9408 70.32185 71.15107 89.86997 48.59287 66.33113 71.99914 75.32647 45.69668 65.48549 72.12336 92.04214 181.9919 88.5765 42.61692 131.27805 119.27413 101.16191 99.65688 76.54712 49.82957 54.02682 66.12597 78.05081 73.32562999999999 34.24966 75.57084 84.61064 126.78166 77.42696000000001 66.97278 75.54229 113.26916 79.2133 88.25941 69.01186 48.52155 84.41782 113.24280999999999 70.94434 67.61695 
72.63183 49.88981 99.01604 60.32382 94.83336 0 70.95904 106.34282 88.65646 146.82 100.21352999999999 84.73636 97.63401999999999 85.15690000000001 92.64051 86.59980999999999 76.68971 78.85765 69.67717 42.8393 93.49073 48.26313 186.60424 93.18884 73.53483 91.72367 102.25867 87.03300999999999 93.20256 96.63269 91.32176 79.98419 85.47516 82.21232 90.76446 60.5837 95.77698 61.2815 126.33975 37.94689 94.64606 87.81501999999999 69.27974 44.50262 83.49375 81.49804 89.12484 69.023 52.52825 91.82039 67.17504 
68.27514 91.16726000000001 57.22928 87.42033 68.50393 70.95904 0 95.54526000000001 65.61569 142.52096 78.4425 83.78703 68.23598 71.10516 72.35951 104.34906 78.41109 50.88932 43.60741 76.71368 68.63723 74.67263 131.31786 37.90246 77.23516 62.77412 73.98353 100.30847 112.72583 85.49922 78.13254 78.17381 82.11681999999999 11.25328 80.65708 78.93361999999999 104.47018 73.95773 106.60335 75.33769000000001 103.9859 66.04399 120.40721 77.12403 77.24979 70.84756999999999 59.74116 69.78703 103.65572 70.30757 47.43864 
75.52126 77.97154 40.4945 108.43193000000001 38.29242 106.34282 95.54526 0 74.55648 154.80450000000002 90.40954 100.29776000000001 102.82367 97.49562 86.88529 95.55098000000001 101.21899 72.57506 51.93785 103.77790999999999 91.21651 83.16549 188.71142 95.29602 80.90934 143.93895 136.36610000000002 114.92972 106.8886 109.41912 88.12199 74.82097 96.06057000000001 84.29198 84.83509000000001 45.75912 87.13739 110.22899000000001 164.57421 83.66812999999999 103.04392 100.83569 116.63689000000001 70.33665 114.78224999999999 85.46225 74.30026000000001 66.54581 99.8854 92.88685 105.40950000000001 
16.02463 71.18402 88.65156 78.81845 84.0102 88.65646 65.61569 74.55648 0 147.39690000000002 81.24905 68.16298 41.07296 77.46388 39.70326 78.12649 47.05155 66.98214 56.47845 73.85332 67.23593 91.23335 137.67658 44.26118 90.71866 103.91857999999999 94.32654 102.40996999999999 94.92142 91.87104 63.19206 102.86420000000001 66.49277000000001 72.80259 88.89144999999999 82.57174 105.78612000000001 79.16277 148.34722 88.20873 96.30615 68.81276 103.25242000000001 85.23523 102.21445 78.08811 69.59637000000001 67.42811 86.50093000000001 65.56559 89.18251000000001 
141.87538 159.29755999999998 133.20715 154.26767999999998 121.9325 146.82 142.52096 154.8045 147.39690000000002 0 145.13899999999998 154.19449 143.59895 154.70543999999998 151.91386 165.40094 152.73255 144.22369999999998 147.65663 179.71643 151.04599000000002 129.13739999999999 214.91814 121.50273999999999 99.30275 194.98668 181.01345 163.88864 148.59996 80.76406 163.42935 113.49315999999999 149.43380000000002 150.62360999999999 148.12135 109.04538 158.78243 169.25227999999998 226.75405999999998 156.45148 150.56796 132.74049 174.87197999999998 122.48356 155.19419 159.20254999999997 115.07553999999999 160.53913 158.12049 151.30105 167.58935 
72.28605 112.48866000000001 76.66615 60.31747 87.9408 100.21352999999999 78.4425 90.40954 81.24905 145.139 0 83.32382 93.21739 76.35416 94.21293 65.91347 93.07223 82.01354 78.70269 109.67398 111.14284 73.01652 197.96747 104.55207 89.92487 91.06847 77.09524 100.01434 118.19117 64.37494 68.36386 64.18867 78.23906 89.69578 64.84845 65.68545 99.71158 102.0722 146.81422 93.85036 77.22108 13.71863 67.70912 70.67251 84.38726 82.38392 94.22659 94.20443 50.95763 112.81318 87.64951 
76.33385 91.76059 59.80326 95.43206 70.32185 84.73636 83.78703 100.29776000000001 68.16298 154.19449 83.32382 0 88.25324 85.38249 78.29814999999999 62.60844 85.45536 90.21484 93.05394 106.36895 62.55221 98.87896 163.17228 69.75688 84.73644 116.40126000000001 128.53857 113.60076000000001 63.074799999999996 108.80911 67.15023000000001 95.65096 5.28185 95.04031 62.14511 93.35052 61.57716 81.63192000000001 109.63687 117.58906 64.48287 94.92926 103.84510000000002 101.99165 72.76149 87.19261 95.47139 89.64814000000001 87.09361000000001 63.90221 50.47216 
57.09759 54.22737 82.42572 90.12003999999999 71.15107 97.63401999999999 68.23598 102.82366999999999 41.07296 143.59895 93.21739 88.25324 0 105.7425 22.5582 86.21940000000001 81.41762 93.25086 97.55141 110.90358 95.78797 114.45901 178.74954000000002 85.33414 81.19451 126.71197000000001 128.69261 64.6232 98.36222000000001 98.21356999999999 72.13513 106.19836000000001 82.97139 79.48926 63.75501 57.06455 113.72059 95.56507 157.18787 125.82194 66.30191 79.65932 128.68233 107.09818000000001 88.98751 97.49819 28.52341 70.86891 127.57389 96.15795 98.02316 
75.64106 56.25382 94.58704 97.396 89.86997 85.15690000000001 71.10516 97.49562 77.46388 154.70544 76.35416 85.38249 105.7425 0 94.13847 84.31416 83.47991999999999 52.951 84.65556000000001 78.30322000000001 92.29065 55.17534 126.6181 33.2027 86.24958000000001 124.31604999999999 121.22146000000001 62.47543 79.99122 77.05727999999999 99.87964 103.01332 80.10064 82.35844 102.77189999999999 63.69593 112.90275 25.71804 114.19987 85.09876 72.9214 63.95565 71.25783 67.35462 74.27268 70.90251 80.00316 52.49791 88.00932 90.62031 55.035160000000005 
55.72789 42.7507 59.86752 84.05553 48.59287 92.64051 72.35951 86.88529 39.70326 151.91386 94.21293 78.29814999999999 22.5582 94.13847 0 91.08113 80.19194999999999 102.45042000000001 82.26059 88.34538 86.35162 91.90081 173.14486 79.72946 90.00358 135.13363 127.46694 87.1814 86.75819 106.52848 86.4366 102.61968999999999 79.02398 61.10623 81.94444999999999 42.86848 91.16239 85.32374 152.58490999999998 113.99087 88.86011 88.30318 106.12413000000001 84.53998 66.42931 90.33315999999999 51.08161 59.26488 106.09778 84.68128 93.4202 
64.6302 51.38475 55.05648 96.31917 66.33113 86.59980999999999 104.34906 95.55098000000001 78.12649 165.40094 65.91347 62.60844 86.21940000000001 84.31416 91.08113 0 65.50082 61.64467 87.94693000000001 43.76051 91.16544 102.64333 177.78103 84.36563 106.1023 126.74904000000001 112.77581 100.40003999999999 76.93388 120.01556000000001 42.15062 88.94196 61.64758 107.97432 70.45768 86.23713000000001 124.1856 75.49943 142.50249 113.69393 100.26447999999999 78.68860000000001 110.48731 105.84074 94.12735 52.89453 57.69599 49.44057 101.5564 89.49510000000001 83.33778 
46.71248 37.44125 60.72449 40.18516 71.99914 76.68971 78.41109 101.21899 47.05155 152.73255 93.07223 85.45536 81.41762 83.47991999999999 80.19194999999999 65.50082 0 72.99818 97.79675 49.02446 68.37854 77.10897 143.69262 50.27722 109.13767000000001 61.24822 47.27499 105.66398999999998 85.09216 97.88708 91.77073999999999 79.2585 90.73721 67.15781 94.18586 67.42322 110.80801 80.88445 120.30548 112.57125 105.64014 88.10412000000001 115.75126 64.28013 103.88072 76.77521 81.04181 57.59885 118.57083 69.61855 61.14077 
74.59777 66.61548 64.05182 84.85103 75.32647 78.85765 50.88932 72.57506 66.98214 144.2237 82.01354 90.21484 93.25086 52.951 102.45042000000001 61.64467 72.99818 0 44.45088 61.55801 42.52132 82.5098 116.13636000000001 22.72096 74.03967 90.23719 104.21042 87.24776 98.61505 70.33082 72.98044 89.49213 95.49669 62.1426 62.80741 67.52797 87.1401 62.98531 115.25429 76.18116 62.139 72.81017 105.26204 69.68096 42.20719 19.95825 65.55373 76.21182 88.51055 40.85098 56.08958 
63.56658 69.96 56.97133 98.9145 45.69668 69.67717 43.60741 51.93785 56.47845 147.65663 78.70269 93.05394 97.55141 84.65556000000001 82.26059 87.94693000000001 97.79675 44.45088 0 76.65216000000001 86.9722 46.34546 160.58724 67.17184 48.35388 106.38153 99.54607 62.99187 114.71882000000001 102.27125 95.52625 99.7235 98.33579 32.35413 84.70121 49.36407 92.3716 76.41013 131.48858 31.73028 85.65246 84.96512 87.0984 33.51662 84.79554 35.0524 77.90521 71.78002000000001 85.68668 85.30186 72.32387 
89.87795 86.46571 76.76013999999999 89.20962 65.48549 42.8393 76.71368 103.77790999999999 73.85332 179.71643 109.67398 106.36895 110.90358 78.30322000000001 88.34538 43.76051 49.02446 61.55801 76.65216000000001 0 104.07933 74.90907 172.71497 79.29957 80.41368 110.27268000000001 96.29945000000001 56.63953 120.69439 126.90943 85.91113 114.30910999999999 105.40808999999999 87.96696 113.26464 99.73515 120.99725999999998 85.85871 120.15829 80.78619 104.96086 103.44362 66.7268 62.08023 94.33171000000002 41.59976 101.4565 93.20108 83.47829 102.40899 60.99358 
57.11191 43.60092 69.02054 61.15702 72.12336 93.49073 68.63723 91.21651 67.23593 151.04599000000002 111.14283999999999 62.55221 95.78797 92.29065 86.35162 91.16544 68.37854 42.52132 86.9722 104.07933 0 72.35571 152.95599 59.54059 114.04436 117.82369 107.5122 93.84746000000001 86.8425 70.28193 72.05407 73.48278 67.83406000000001 79.89051 77.4684 45.45739 44.61878 85.06999 145.64246 103.37464 87.88425000000001 104.73015000000001 109.69179 78.97488 65.97291 62.47957 70.6876 59.34919 92.9403 1.67034 86.47775 
95.58645 74.88901 83.82612 88.53504 92.04214 48.26313 74.67263 83.16549 91.23335 129.1374 73.01652 98.87896 114.45901 55.17534 91.90081 102.64333 77.10897 82.5098 46.34546 74.90907 72.35571 0 181.79344 88.37804 51.1289 86.27404 72.30081 59.08128 105.20152 79.34199000000001 97.81965 77.52297 104.16081000000001 78.69959 68.24826 81.31932 89.91489 80.03769 151.44761 64.20763000000001 54.06134 60.61801 86.35934 12.82884 77.49801 78.19713 90.00569 86.67242 69.60785 71.40192 92.2829 
145.29221 162.28306 178.36817000000002 183.87778 181.9919 186.60424 131.31786 188.71142 137.67658 214.91814 197.96747 163.17228 178.74954 126.6181 173.14486 177.78103000000002 143.69262 116.13636000000001 160.58724 172.71497 152.95599 181.79343999999998 0 93.4154 188.07145 191.42584000000002 190.96761 189.09353 169.30948999999998 141.02526 182.5747 163.22602 168.45413 142.57113999999999 178.94377 182.96793000000002 197.57477 152.33614 227.02006 192.31752 178.27536 184.47639 197.87592999999998 185.81732 158.34355 131.11521 166.75344 158.52715 190.72942 153.96619 167.85535000000002 
51.87681 68.86766 84.95277 90.46238 88.5765 93.18884 37.90246 95.29602 44.26118 121.50273999999999 104.55207 69.75688 85.33414 33.2027 79.72946 84.36563 50.27722 22.72096 67.17184 79.29957 59.54059 88.37804 93.4154 0 94.65605 98.01044 97.55221 95.67813000000001 75.89409 47.60986 89.1593 69.81062 75.03873 49.155739999999994 85.52837 89.55253 104.15937 58.920739999999995 133.60466000000002 98.90212 84.85996 91.06099 104.46053 92.40192 64.92815 37.69981 73.33804 65.11175 97.31402 60.55079 74.43995000000001 
77.8132 84.5237 53.89157 104.14473000000001 42.61692 73.53483 77.23516 80.90934 90.71866 99.30275 89.92487 84.73644 81.19451 86.24958000000001 90.00358 106.1023 109.13767 74.03967 48.35388 80.41368 114.04436 51.1289 188.07145 94.65605 0 116.58682 102.61359 64.58589 106.56866 53.91737 86.53332 86.64647 88.89753999999999 80.70801 74.7033 76.86658 91.96137999999999 75.44443 148.21665000000002 57.14873 92.48881 83.12053 84.76073 44.85754 92.09159 69.52845 88.22885 88.8888 84.72098 113.56126 89.05194 
96.37091000000001 98.68947 120.0034 60.32841 131.27805 91.72367 62.77412 143.93895 103.91857999999999 194.98667999999998 91.06847 116.40126000000001 126.71197 124.31605 135.13362999999998 126.74904000000001 61.24822 90.23719 106.38153 110.27268000000001 117.82368999999998 86.27404 191.42584 98.01044 116.58681999999999 0 13.97323 113.531 139.11971 129.32627 109.37095 106.82128 121.68311000000001 74.0274 90.05596 125.28913 137.30886 98.59801 145.20941 129.66555 87.24600000000001 78.66996 143.03713 80.00268 132.44438 110.19543999999999 98.18856 112.35554 126.28564 116.15334999999999 86.04469999999999 
93.98747 84.71624 107.99948 46.35518 119.27413 102.25867 73.98353 136.3661 94.32654 181.01344999999998 77.09524 128.53857 128.69261 121.22146000000001 127.46694 112.77581 47.27499 104.21042 99.54607 96.29945000000001 107.5122 72.30081 190.96761 97.55221 102.61359 13.97323 0 99.55777 125.87562 115.35304 119.34196 92.84805 133.19175 78.72457 103.34631999999999 114.69821 142.61714 102.60807 144.75031 115.69232 101.21923000000001 64.69673 129.0639 66.02945 132.23011 119.77001999999999 112.16179 98.38231 112.31241 108.13198 85.5856 
91.02129 77.55231 90.97455 68.13006 101.16191 87.03300999999999 100.30847 114.92972 102.40996999999999 163.88864 100.01434 113.60076000000001 64.6232 62.47543 87.1814 100.40003999999999 105.66399 87.24776 62.99187 56.63953 93.84746000000001 59.08128 189.09353000000002 95.67813000000001 64.58589 113.531 99.55777 0 99.11088000000001 106.89829 105.33751000000001 58.16221 111.93055000000001 95.346 97.43684999999999 89.69457 105.16946999999999 70.03092000000001 160.16668 94.72215 98.38828000000001 87.61583 99.34079 46.25244 118.85234 82.73654 93.14661 56.17208 97.92907 95.51780000000001 101.00197000000001 
107.50306 48.87354 110.93153 96.35900000000001 99.65688 93.20256 112.72583 106.8886 94.92142 148.59996 118.19117 63.074799999999996 98.36222000000001 79.99122 86.75819 76.93388 85.09216 98.61505000000001 114.71882 120.69439 86.84249999999999 105.20152000000002 169.30949 75.89409 106.56866 139.11971 125.87562 99.11088000000001 0 103.21458 49.82731 121.10934 67.2359 101.47255 79.39869999999999 108.6557 124.65196 71.17649 138.43766 109.37098999999999 92.71494 104.47254 123.66698 98.93016000000001 89.83789999999999 113.5939 89.17179 42.9388 128.58983 85.17215999999999 79.27295000000001 
87.15505 83.71268 87.82177 87.2725 76.54712 96.63269 85.49922 109.41912 91.87104 80.76406 64.37494 108.80911 98.21356999999999 77.05727999999999 106.52848 120.01556 97.88708 70.33082 102.27125 126.90943 70.28193 79.34199000000001 141.02526 47.60986 53.91737 129.32627 115.35304 106.89829 103.21458 0 82.66529 48.73608 104.04842000000001 96.70705 102.73597000000001 63.660000000000004 113.39705000000001 88.48822 153.54647 111.0661 92.20333 51.97643 116.3436 73.07063000000001 81.71408 85.30967 69.69015999999999 86.73067 99.59210999999999 70.53699 94.38176 
57.67575 72.63284 61.10422 84.69454999999999 49.82957 91.32176 78.13254 88.12199 63.19206 163.42935 68.36386 67.15023000000001 72.13513 99.87964 86.4366 42.15062 91.77073999999999 72.98044 95.52625 85.91113 72.05407 97.81965 182.5747 89.1593 86.53332 109.37095 119.34196 105.33751000000001 49.82731 82.66529 0 99.36603 61.86838 89.38582000000001 29.57139 58.82839 96.57611 84.76787 132.00348 120.72501 74.89979 54.64523 95.51401 97.15059000000001 88.46882 92.93869000000001 55.48249 91.59119000000001 78.76252 70.38373 72.83877 
109.42125 90.67013 44.01303 62.62226 54.02682 79.98419 78.17381 74.82097 102.86420000000001 113.49315999999999 64.18867 95.65096 106.19836000000001 103.01332 102.61968999999999 88.94196 79.2585 89.49213 99.7235 114.30911 73.48278 77.52297 163.22602 69.81062 86.64647 106.82128 92.84805 58.16221 121.10934 48.73608 99.36603 0 99.57910000000001 86.77104 88.21364 62.0057 98.6867 102.90423 147.93234999999999 103.96482 65.10773999999999 50.47004 105.69539 79.71524000000001 98.59549000000001 72.70935 85.56029 93.61603000000001 88.9439 72.44206 88.76764 
77.52023 92.72836 55.56607 100.71391000000001 66.12597 85.47516 82.11681999999999 96.06057000000001 66.49277000000001 149.43380000000002 78.23906 5.28185 82.97139 80.10064 79.02398 61.64758 90.73721 95.49669 98.33579 105.40808999999999 67.83406000000001 104.16081000000001 168.45413000000002 75.03873 88.89753999999999 121.68311 133.19175 111.93055000000001 67.2359 104.04842000000001 61.86838 99.57910000000001 0 93.3701 67.42696000000001 92.70669 66.85901 86.91377 114.91872000000001 122.87091 62.65201 89.79941 98.56325000000001 96.7098 76.92259 92.47446000000001 100.75324 84.36629 81.81176 69.18406 55.75401 
71.27413 79.91398000000001 68.48256 98.67361 78.05081 82.21232 11.25328 84.29198 72.80259 150.62360999999999 89.69578 95.04031 79.48926 82.35844 61.10623 107.97432 67.15781 62.1426 32.35413 87.96696 79.89051 78.69959 142.57114 49.155739999999994 80.70801 74.0274 78.72457 95.346 101.47255 96.70705 89.38582000000001 86.77104 93.37010000000001 0 91.59668 81.7182 115.72346 85.21101 117.85663 64.08440999999999 110.98334 77.29727 119.45253 65.87075 65.99651 67.40653 70.99444 58.53375 114.90899999999999 81.56085 58.691919999999996 
85.92660000000001 61.38968 63.06488 56.99114 73.32562999999999 90.76446 80.65708 84.83509000000001 88.89144999999999 148.12135 64.84845 62.14511 63.75501 102.77189999999999 81.94444999999999 70.45768 94.18586 62.80741 84.70121 113.26464 77.4684 68.24826 178.94377 85.52837 74.7033 90.05596 103.34631999999999 97.43684999999999 79.39869999999999 102.73597 29.57139 88.21364 67.42696000000001 91.59668 0 39.07597 121.23767000000001 100.43796 129.59356 116.43149 104.47118 52.44994 114.23741000000001 77.67175 65.96369 82.5943 35.2316 82.76991000000001 100.06562 76.75655 70.42885 
98.3283 70.13451 40.58546 91.91769 34.24966 60.5837 78.93361999999999 45.75912 82.57174 109.04538 65.68545 93.35052 57.06455 63.69593 42.86848 86.23713000000001 67.42322 67.52797 49.36407 99.73515 45.45739 81.31932 182.96793000000002 89.55253 76.86658 125.28913 114.69821 89.69457 108.6557 63.660000000000004 58.82839 62.0057 92.70669 81.7182 39.07597 0 90.07616999999999 79.02475 118.81509 81.09434999999999 94.03654 73.04383 115.11755000000001 80.44557999999999 100.10716 62.98403 28.54114 78.92083 98.36606 47.12773 59.65038 
101.73069000000001 88.2197 81.61972 96.55512 75.57084 95.77698 104.47018 87.13739 105.78612000000001 158.78243 99.71158000000001 61.57716 113.72059 112.90275 91.16239 124.1856 110.80801 87.1401 92.3716 120.99726 44.61878 89.91489 197.57477 104.15937 91.96138 137.30886 142.61714 105.16946999999999 124.65196 113.39705000000001 96.57611 98.6867 66.85901 115.72346 121.23767000000001 90.07616999999999 0 90.39313 155.45138 91.25641999999999 84.32531 105.95147999999999 108.09532999999999 77.08605 73.96431 89.06566 96.69656 103.96797000000001 106.67304 46.289120000000004 96.28667 
95.1874 47.43909 88.69158999999999 90.59379 84.61064 61.2815 73.95773 110.22899000000001 79.16277 169.25227999999998 102.0722 81.63192000000001 95.56507 25.71804 85.32374 75.49943 80.88445 62.98531 76.41013 85.85871 85.06999 80.03769 152.33614 58.920739999999995 75.44443 98.59801 102.60807 70.03092000000001 71.17649 88.48822 84.76787 102.90423 86.91377000000001 85.21101 100.43796 79.02475000000001 90.39313 0 90.32446999999999 61.22336 50.46694 89.67369 94.26101 72.67686 86.86824999999999 82.94355999999999 67.04166000000001 43.68318 94.23465999999999 83.73770999999999 31.15976 
141.082 114.70026000000001 136.61662 154.03748000000002 126.78166 126.33975000000001 106.60335 164.57421 148.34722 226.75405999999998 146.81421999999998 109.63687 157.18787 114.19987 152.58491 142.50249 120.30548 115.25429 131.48858 120.15829 145.64246 151.44761 227.02006 133.60466 148.21665000000002 145.20941 144.75031 160.16667999999999 138.43766 153.54647 132.00348 147.93234999999999 114.91872000000001 117.85663000000001 129.59356 118.81509 155.45138 90.32447 0 126.28161 122.86599 133.09559000000002 176.86887000000002 145.53955000000002 157.46148 134.51173 130.17467 110.94435000000001 175.44658 147.3128 59.16471 
88.26222 85.63359 86.89784 98.27071000000001 77.42696000000001 37.94689 75.33769 83.66813 88.20873 156.45148 93.85036000000001 117.58906 125.82194 85.09876 113.99087 113.69393 112.57124999999999 76.18116 31.73028 80.78619 103.37464 64.20763000000001 192.31752 98.90212000000001 57.14873 129.66555 115.69232 94.72215 109.37098999999999 111.06609999999999 120.72501 103.96482 122.87091000000001 64.08440999999999 116.43149 81.09434999999999 91.25641999999999 61.22336 126.28161 0 78.40259 103.86784 107.22663000000001 54.06326 116.52582000000001 66.78268 97.29853 78.88268 90.47514000000001 104.57523 67.1169 
103.78789 72.20414 62.54942 98.72181 66.97278 94.64606 103.9859 103.04392 96.30615 150.56796 77.22108 64.48287 66.30191 72.9214 88.86011 100.26447999999999 105.64014 62.139 85.65246 104.96086 87.88425000000001 54.06134 178.27536 84.85996 92.48881 87.24600000000001 101.21923000000001 98.38828000000001 92.71494 92.20333 74.89979 65.10773999999999 62.65201 110.98334 104.47118 94.03654 84.32531 50.46694 122.86599 78.40259 0 86.05294 108.86103 52.13584 101.29220000000001 63.3611 86.51858 52.44959 112.92066 89.08416 63.70128 
58.95121 100.09015 64.26764 47.91896 75.54229 87.81502 66.04399000000001 100.83569 68.81276 132.74049000000002 13.71863 94.92926 79.65932 63.95565 88.30318 78.68860000000001 88.10412 72.81017 84.96512 103.44362 104.73015 60.61801 184.47639 91.06099 83.12053 78.66996 64.69673 87.61582999999999 104.47254 51.97643 54.64523 50.47004 89.79941 77.29727000000001 52.44994 73.04383 105.95148 89.67369 133.09559000000002 103.86784 86.05294 0 65.68729 58.274 71.98875 69.98541 87.68154 80.4858 48.9358 103.05981 73.93088 
94.78233 102.10841 111.20899 112.28613 113.26916 69.27974 120.40720999999999 116.63689000000001 103.25242 174.87198 67.70912 103.84510000000002 128.68233 71.25783 106.12413000000001 110.48731 115.75126 105.26204 87.0984 66.7268 109.69179 86.35934 197.87593 104.46053 84.76073 143.03713 129.0639 99.34079 123.66698 116.34360000000001 95.51401 105.69539 98.56325000000001 119.45253 114.23741000000001 115.11755000000001 108.09532999999999 94.26101 176.86887000000002 107.22663 108.86103 65.68729 0 79.29713000000001 133.88647 91.90317 127.75697000000001 80.72818 16.75149 108.02145 117.70416 
86.67007 80.61662 84.92905 94.52912 79.2133 44.50262 77.12403 70.33665 85.23523 122.48356 70.67251 101.99165 107.09818 67.35462 84.53998 105.84074 64.28013 69.68096 33.51662 62.08023 78.97488 12.82884 185.81732 92.40192 44.85754 80.00268 66.02945 46.25244 98.93016 73.07063000000001 97.15059000000001 79.71524000000001 96.7098 65.87075 77.67175 80.44557999999999 77.08605 72.67686 145.53955000000002 54.06326 52.13584 58.274 79.29713000000001 0 73.14863 68.56902 86.06508 90.17882 74.42346 77.30454 86.37484 
114.72515000000001 91.85918000000001 99.53406 87.61704 88.25941 83.49375 77.24979 114.78224999999999 102.21445 155.19419 84.38726 72.76149 88.98751 74.27268 66.42931 94.12735 103.88072 42.20719 84.79554 94.33171 65.97291 77.49801 158.34355 64.92815 92.09159 132.44438 132.23011 118.85234 89.83789999999999 81.71408 88.46882 98.59549000000001 76.92259 65.99651 65.96369 100.10716 73.96431 86.86824999999999 157.46148 116.52582000000001 101.29220000000001 71.98875 133.88647 73.14863 0 52.73195 101.19529 90.06627 119.60443 66.12563 98.29677 
89.26573 83.19225 80.28650999999999 73.41484 69.01186 81.49804 70.84756999999999 85.46225 78.08811 159.20254999999997 82.38392 87.19261 97.49819 70.90251 90.33315999999999 52.89453 76.77521 19.95825 35.0524 41.59976 62.47957 78.19713 131.11521 37.69981 69.52845 110.19543999999999 119.77001999999999 82.73653999999999 113.5939 85.30967 92.93869000000001 72.70935 92.47446000000001 67.40653 82.5943 62.98403 89.06566 82.94355999999999 134.51173 66.78268 63.3611 69.98541 91.90317 68.56902 52.73195 0 68.97478 90.80305 75.15168 60.80923 75.34702 
74.01465999999999 44.22202 59.7962 74.65356 48.52155 89.12484 59.74116 74.30026000000001 69.59637000000001 115.07553999999999 94.22658999999999 95.47139 28.52341 80.00316000000001 51.08161 57.69599 81.04181 65.55373 77.90521 101.4565 70.6876 90.00569 166.75344 73.33804 88.22885 98.18856 112.16179 93.14661 89.17179 69.69015999999999 55.48249 85.56029 100.75324 70.99444 35.2316 28.54114 96.69656 67.04166000000001 130.17467 97.29853 86.51858 87.68154 127.75697000000001 86.06508 101.19529 68.97478 0 61.67848 117.0877 72.35794 71.00996 
83.45274 21.38023 82.94623 65.21737 84.41782 69.023 69.78703 66.54581 67.42811 160.53913 94.20443 89.64814000000001 70.86891 52.49791 59.26488 49.44057 57.59885 76.21182 71.78002000000001 93.20107999999999 59.34919 86.67242 158.52715 65.11175 88.8888 112.35554 98.38231 56.17208 42.9388 86.73067 91.59119000000001 93.61603000000001 84.36629 58.53375 82.76991 78.92083 103.96797000000001 43.68318 110.94435 78.88268 52.44959 80.4858 80.72818 90.17882 90.06627 90.80305 61.67848 0 97.47967 57.67885 51.77964 
78.03084 100.81171 109.91210000000001 95.53464 113.24280999999999 52.52825 103.65572 99.8854 86.50093000000001 158.12049000000002 50.95763 87.09361000000001 127.57389 88.00932 106.09778 101.5564 118.57083 88.51055 85.68668 83.47829 92.9403 69.60785 190.72942 97.31402 84.72098 126.28564 112.31241 97.92907 128.58983 99.59210999999999 78.76252 88.9439 81.81176 114.909 100.06562 98.36606 106.67304 94.23465999999999 175.44657999999998 90.47514000000001 112.92066 48.9358 16.75149 74.42346 119.60443 75.15168 117.0877 97.47967 0 91.26996 116.28187 
55.44157 41.93058 68.87681 61.7768 70.94434 91.82039 70.30757 92.88685000000001 65.56559 151.30105 112.81317999999999 63.90221 96.15795 90.62031 84.68128 89.49510000000001 69.61855 40.85098 85.30186 102.40899 1.67034 71.40192 153.96619 60.55079 113.56126 116.15334999999999 108.13198 95.5178 85.17215999999999 70.53699 70.38373 72.44206 69.18406 81.56085 76.75655 47.12773 46.289120000000004 83.73770999999999 147.31279999999998 104.57523 89.08416 103.05981 108.02145 77.30454 66.12563 60.80923 72.35794 57.67885 91.26996 0 88.14809 
81.91729 55.53555 77.45191 94.87277 67.61695 67.17504 47.43864 105.40950000000001 89.18251000000001 167.58935000000002 87.64951 50.47216 98.02316 55.035160000000005 93.4202 83.33778 61.14077 56.08958 72.32387 60.99358 86.47775 92.2829 167.85535000000002 74.43995000000001 89.05194 86.04469999999999 85.5856 101.00197 79.27295000000001 94.38176 72.83877 88.76764 55.75401 58.691919999999996 70.42885 59.65038 96.28667 31.15976 59.16471 67.1169 63.70128 73.93088 117.70416 86.37484 98.29677 75.34702 71.00996 51.77964 116.28187 88.14809 0 
