26
27 18 6 14 19 46 38 42 45 37 30 17 28 2 35 48 33 43 44 4 15 32 9 23 11 0
0 81.29893 46.542950000000005 59.96441 60.98532 172.04079000000002 61.14202 47.07425 74.59206 66.37924 86.84954 43.47498 0.60873 46.443 96.93617 30.318720000000003 91.93558 98.21752 87.21723999999999 51.23127 56.56266 90.7175 45.69436 37.01262 61.55903 42.67812 
81.29893 0 71.80719 96.50573 36.32267 156.13657 50.36243 58.443419999999996 99.07523 77.74840999999999 70.94532000000001 87.97801 80.6902 53.2735 31.7404 110.40019000000001 68.32106 65.09774 100.36894999999998 64.32895 79.74694 91.27282 51.118970000000004 58.54803 35.70334 54.04729 
46.542950000000005 71.80719 0 67.22469 44.36589 164.17979 74.88451 68.67607 63.98136 86.27026 78.98854 26.23758 45.93422 44.29971 84.02786 75.64421 100.95014 110.23856 108.89079999999998 43.9645 99.34718 117.80964000000002 76.71882 46.22784 44.15742 67.65135 
59.96441 96.50573 67.22469 0 83.89024 161.57817 80.38053000000001 50.89125 131.20605 63.859179999999995 76.38692 50.58049 60.57314 57.06283 86.13805 90.28313 34.04561 106.94001 86.47971999999999 61.68568 81.97854 102.74365 96.50299 89.25203 84.22144 46.49512 
60.98532 36.32267 44.36589 83.89024 0 119.81389999999999 85.17197 63.93161 100.43238 60.99895 34.62265 65.7927 60.89336 82.31713 58.96854 90.60335 56.58425 83.71914 83.61949 72.09398 69.27907 87.335 50.51113 72.88222999999999 0.87835 65.29571 
172.04079000000002 156.13657 164.17979 161.57817 119.81389999999999 0 191.1897 183.74551 220.24627999999998 159.81986 85.19125 185.6066 172.53338 202.13103 178.78243999999998 202.24337 176.39815 190.32880999999998 182.4404 179.21195 122.79929 183.42901 170.32503 179.88717 120.69224999999999 183.52098 
61.14202 50.36243 74.88451 80.38053 85.17197 191.1897 0 94.27418 135.73408 111.34768 105.99844999999999 74.82747 61.750750000000004 103.63593 76.38467 91.46074 46.33492 83.27326000000001 95.26522 101.23096000000001 85.74455 95.61066 55.456810000000004 28.65667 84.29362 91.51461 
47.07425 58.443419999999996 68.67607 50.89125 63.93161 183.74551 94.27418 0 121.66631000000001 28.09725 98.55426 89.17271 47.18064 38.984899999999996 71.83531 76.89063 54.9323 65.19445 50.717789999999994 63.64408 70.98838 74.56079 91.45165 72.35663 64.80996 4.39613 
74.59206 99.07523 63.98136 131.20605 100.43238 220.24627999999998 135.73408 121.66631000000001 0 136.87975 135.05503 90.21894 75.20079 108.28107 67.33483 104.91078 150.11396 164.17297000000002 138.07781 107.94586000000001 131.15472 159.93287 120.28641999999999 109.53195 99.55403 117.27018000000001 
66.37924 77.74840999999999 86.27026 63.859179999999995 60.99895 159.81986 111.34768 28.09725 136.87975 0 74.62861 85.74309 66.48563 58.28989 91.1403 96.19562 74.23729 84.49943999999999 22.62054 54.96621 68.45788 99.76044 76.74988 82.69101 61.70986 23.70112 
86.84954 70.94532000000001 78.98854 76.38692 34.62265 85.19125 105.99844999999999 98.55426 135.05503 74.62861 0 100.41534999999999 87.34213 116.93978000000001 93.59119 117.05212 91.20689999999999 105.13756000000001 97.24914999999999 94.0207 37.60804 98.23776 85.13378 94.69592 35.501 98.32973 
43.47498 87.97801 26.23758 50.58049 65.7927 185.6066 74.82747 89.17271 90.21894 85.74309 100.41534999999999 0 42.86625 70.53729 57.79028 72.57624 84.62610000000001 115.27289999999999 94.49615 30.77688 91.02142 103.04273 60.16425 46.1708 66.18441 84.77658 
0.60873 80.6902 45.93422 60.57314 60.89336 172.53338 61.750750000000004 47.18064 75.20079 66.48563 87.34213 42.86625 0 46.58588 97.41361 29.70999 92.54431 97.60879 86.60851 50.62254 57.17139 90.10877 46.303090000000005 37.62135 60.97981 42.78451 
46.443 53.2735 44.29971 57.06283 82.31713 202.13103 103.63593 38.984899999999996 108.28107 58.28989 116.93978000000001 70.53729 46.58588 0 85.0139 76.29587000000001 61.39513 95.38709 80.91042999999999 57.35412 94.58612 86.49694 70.45495 83.45562 81.91433 34.58877 
96.93617 31.7404 84.02786 86.13805 58.96854 178.78244 76.38467 71.83531 67.33483 91.14030000000001 93.59119 57.79028 97.41361 85.0139 0 127.12360000000001 82.77913 96.83814000000001 70.74298 81.71470000000001 67.8027 105.25185 82.85937 82.26103 58.68468 67.43918000000001 
30.318720000000003 110.40019000000001 75.64421 90.28313 90.60335 202.24337 91.46074 76.89063 104.91078 96.19562 117.05212 72.57624 29.70999 76.29587000000001 127.12360000000001 0 122.2543 127.31878 116.3185 80.33253 86.88138000000001 119.81876000000001 76.01308 67.33134 90.6898 72.4945 
91.93558 68.32106 100.95014 34.04561 56.58425 176.39815 46.33492 54.9323 150.11396 74.23729 91.20689999999999 84.62610000000001 92.54431 61.39513 82.77913 122.2543 0 87.44687 96.85783 95.73129 62.09538 126.55436 91.21207 74.99159 57.462599999999995 50.53617 
98.21752 65.09774 110.23856 106.94001 83.71914 190.32881 83.27326000000001 65.19445 164.17297000000002 84.49943999999999 105.13756000000001 115.27289999999999 97.60879 95.38709 96.83814000000001 127.31878 87.44687 0 107.11998 113.2354 79.48155 53.68195 55.10865 94.76003 83.27158 60.79832 
87.21723999999999 100.36894999999998 108.89079999999998 86.47971999999999 83.61949 182.44039999999998 95.26522 50.717789999999994 138.07781 22.62054 97.24914999999999 94.49615 86.60851 80.91042999999999 70.74298 116.3185 96.85782999999999 107.11998 0 77.58675 91.07842 97.75872 99.37042 83.82007 84.3304 46.321659999999994 
51.23127 64.32895 43.9645 61.68568 72.09398 179.21195 101.23096 63.64408 107.94586000000001 54.96621 94.0207 30.77688 50.62254 57.35412 81.71470000000001 80.33253 95.73129 113.2354 77.58675 0 67.78906 109.57459 79.11148 73.65708 71.50906 59.24795 
56.56266 79.74694 99.34718 81.97854 69.27907 122.79929 85.74455 70.98837999999999 131.15472 68.45788 37.60804 91.02142 57.17139 94.58612 67.8027 86.88138000000001 62.09538 79.48155 91.07842 67.78906 0 113.47146000000001 81.69394 57.08788 69.93845 66.59224999999999 
90.7175 91.27282 117.80964 102.74365 87.335 183.42901 95.61066 74.56079 159.93287 99.76044 98.23776 103.04273 90.10877 86.49694 105.25184999999999 119.81876000000001 126.55436 53.68195 97.75872 109.57459 113.47146000000001 0 53.39553 74.31906 88.21334999999999 76.05932 
45.69436 51.118970000000004 76.71882 96.50299 50.51113 170.32503 55.456810000000004 91.45165 120.28642 76.74988 85.13378 60.16425 46.303090000000005 70.45495 82.85937000000001 76.01308 91.21207 55.10865 99.37042 79.11148 81.69394 53.39553 0 58.44586 50.95371 87.05552 
37.01262 58.54803 46.22784 89.25203 72.88222999999999 179.88717 28.65667 72.35663 109.53195 82.69101 94.69592 46.1708 37.62135 83.45562 82.26103 67.33134 74.99159 94.76003 83.82007 73.65708 57.08788 74.31906 58.44586 0 72.00388 76.75276 
61.55903 35.70334 44.15742 84.22144 0.87835 120.69225 84.29362 64.80996 99.55403 61.70986 35.501 66.18441 60.97981 81.91433 58.68468 90.6898 57.462599999999995 83.27158 84.3304 71.50906 69.93845 88.21334999999999 50.95371 72.00388 0 65.89282 
42.67812 54.04729 67.65135 46.49512 65.29571 183.52098 91.51461 4.39613 117.27018000000001 23.70112 98.32973 84.77658 42.78451 34.58877 67.43918000000001 72.4945 50.53617 60.79832 46.321659999999994 59.24795 66.59224999999999 76.05932 87.05552 76.75276 65.89282 0 
