71
130 131 132 133 134 135 136 137 138 139 140 141 142 143 144 145 146 147 148 149 150 151 152 153 154 155 156 157 158 159 160 161 162 163 164 165 166 167 168 169 170 171 172 173 174 175 176 177 178 179 180 181 182 183 184 185 186 187 188 189 190 191 192 193 194 195 196 197 198 199 0
0 10401.9211 10684.477719999999 11996.05652 11734.19576 10386.0957 8476.38937 11454.69181 12553.49486 7306.40808 6603.398 6928.13709 13142.6577 15071.38261 11441.4429 11141.39949 10786.055 6685.17201 10268.23484 10000.91412 10039.92607 10619.45752 9796.39193 10450.75412 11300.11286 7442.93091 10044.58866 7082.05557 11287.23252 13436.691 8441.94736 7935.8831 11632.89189 6032.48761 6931.47764 13239.9213 10657.07164 8998.21425 13842.74702 7440.73279 8721.25556 12256.57207 9950.88337 10431.87393 14552.90198 10895.96235 10986.08176 10756.88776 6305.32742 12285.46574 9056.20687 9357.26224 7356.35929 13921.73638 9624.28237 11903.34867 12044.84846 9896.15535 10254.34576 7239.77238 8202.62899 11382.26318 7996.34778 11005.24261 10134.41152 9464.38295 10435.35164 13522.71661 10099.97766 11320.10904 18400.51254 
10401.9211 0 10796.91282 12862.76826 12926.0226 15638.93823 10488.30149 12438.37427 16529.596960000003 10484.62892 10043.77722 10603.95896 11847.1949 18760.41039 14745.35486 13097.10215 15490.53347 10152.39623 13839.38274 10415.35732 13714.40396 18385.13011 11228.83468 11167.83667 15615.73088 10362.9266 10600.75343 10639.38722 15267.02741 11342.32624 10544.71506 11554.41884 10243.58603 9708.30948 10497.3893 13591.38277 11066.07511 11208.92629 10286.60138 10115.56115 11460.31156 15570.25543 10268.99928 13694.75069 12810.1733 16707.402260000003 10932.22552 13498.10246 9981.149290000001 16141.17378 11215.32867 11096.89069 11032.18116 11484.99275 13300.10424 10775.54131 13596.95491 10604.31938 11654.10876 10244.0087 11252.81844 15452.19481 10109.22512 10156.08047 12808.4615 10449.12526 10089.32029 18723.70159 12325.48767 14995.930910000001 22076.334410000003 
10684.477719999999 10796.91282 0 11260.76391 12639.7946 10663.40552 7400.33043 13010.55223 11594.69508 6230.34914 5527.33906 5852.07815 10601.18791 14008.52958 10365.38396 10293.18443 12165.60682 5609.11307 9247.80134 9938.404760000001 9889.58797 11235.50785 8720.332989999999 10683.781 10456.6248 6366.87197 10489.44612 6005.99663 10432.97863 11873.44291 7365.888419999999 6859.82416 10907.80699 4956.42867 5855.4187 13142.64317 9581.0127 7922.15531 12943.030719999999 6364.67385 7645.196620000001 10269.43239 8874.82443 10584.22234 13479.13002 11054.1816 10165.73335 11510.96658 5229.26848 10053.19606 7980.14793 8281.203300000001 6280.30035 11506.62113 8548.22343 11382.91808 11576.42087 8820.09641 9178.286820000001 6163.7134399999995 7126.57005 10700.314 6920.28884 12810.46247 10570.92532 8388.32401 10019.09983 13971.82078 9762.890650000001 10043.36911 17324.4536 
11996.05652 12862.76826 11260.76391 0 14216.79347 12263.56884 9141.99885 10599.21191 12336.73722 7972.01756 7269.00748 7593.74657 12947.89525 15750.198 10131.69384 11428.27 10151.89034 7350.78149 10149.22777 11635.71735 11507.3561 12068.80791 10149.88301 12311.45019 11662.42094 8108.54039 12231.114539999999 7747.66505 12190.23894 11479.28489 9107.55684 8601.49258 11244.37626 6698.09709 7597.08712 15546.81819 10224.03623 9663.82373 12372.80788 8106.34227 9386.86504 11778.86903 10017.8251 10793.50191 12713.84958 11857.72545 13591.85325 11148.95059 6970.9369 11427.2006 9721.816350000001 10013.40176 8021.96877 14908.05057 10289.89185 10906.48895 10133.41836 10297.77031 10859.86265 7905.3818599999995 8868.23847 12192.80932 8661.95726 14773.59882 10473.38175 10129.99243 10958.27695 13291.80135 10842.81715 10290.77993 19066.122020000003 
11734.19576 12926.0226 12639.7946 14216.79347 0 11055.83043 10156.97487 16266.68736 10058.37384 9486.484269999999 8783.474189999999 9108.21328 10248.29925 10924.06023 10073.60406 13018.96604 14519.09468 8865.2482 10451.30791 11856.44905 13145.7231 16889.38443 10322.68882 13987.56539 12794.4484 9623.007099999999 13221.71638 9262.13176 13727.00445 16901.17462 10137.00648 10071.63542 11551.58106 8212.5638 9111.553829999999 14723.3396 11125.49645 10366.85138 12051.14591 9620.808979999998 10562.22614 14909.72022 12130.95956 11778.75101 18054.69328 10402.01382 13938.69384 13174.90893 8485.40361 16006.9509 10324.46666 10583.54845 9536.435479999998 12958.00971 10911.81426 12241.5827 14999.796049999999 12076.231539999999 10852.35444 9419.848569999998 10178.58942 13956.449129999999 10162.66276 12523.72285 13513.28523 11152.50924 11765.91825 11929.03349 12304.80214 13454.43622 20580.58873 
10386.0957 15638.93823 10663.40552 12263.56884 11055.83043 0 8678.96907 11346.11837 12979.43424 7508.98778 6805.9777 7130.71679 13166.82934 15287.16822 10829.75334 11988.43331 10743.46605 6887.7517100000005 10300.55458 10460.50915 11103.16403 10788.31472 9998.97163 12010.0689 10400.14425 7645.51061 10114.97584 7284.635270000001 11291.16273 12082.47015 8644.52706 8138.4628 10371.12702 6235.06731 7134.05734 11024.88634 10321.20544 9200.79395 11348.09417 7643.31249 8923.83526 12216.71736 10153.46307 10306.62233 12654.39244 12887.95091 10240.37236 11914.05373 6507.90712 10428.83783 9258.78657 9559.84194 7558.938990000001 12791.67106 9826.86207 12587.32346 11014.79197 10039.04484 10394.47446 7442.352080000001 8405.20869 10943.77323 8198.92748 13007.73594 11834.62482 9666.962650000001 10124.60217 14796.81112 10201.1127 10265.81228 18603.09224 
8476.38937 10488.30149 7400.33043 9141.99885 10156.97487 8678.96907 0 10032.19773 9569.6278 4022.2607900000003 3319.2507100000003 3643.9898000000003 9921.29984 10874.81651 8157.29561 8501.706320000001 10460.93911 3401.02472 7039.71299 7730.31641 7681.49962 11222.7635 6512.24464 8523.34191 10732.27572 4158.78362 8281.357769999999 3797.90828 8307.05825 11008.01334 5157.800069999999 4651.73581 9963.97402 2748.34032 3647.33035 11612.40925 7372.92435 5714.06696 10289.02801 4156.5855 5437.108270000001 9794.659510000001 6666.736080000001 8691.111270000001 12324.28691 9747.4331 10456.34951 9414.62902 3021.18013 11455.61339 5772.05958 6073.11495 4072.2120000000004 10499.64324 6340.13508 10193.15086 9535.57257 6612.00806 6970.19847 3955.62509 4918.4817 8492.22565 4712.20049 10951.30135 8398.41012 6180.23566 7813.66107 11763.73243 7554.8023 8035.96175 15116.36525 
11454.69181 12438.37427 13010.55223 10599.21191 16266.68736 11346.11837 10032.19773 0 14809.39768 9632.48259 8929.47251 9254.211599999999 12808.7165 16394.3325 12759.16179 12444.93614 14579.9834 9011.246519999999 10084.31816 12924.73365 12931.80799 13640.25474 11710.04901 14111.14392 11665.27982 9769.00542 13891.579569999998 9408.130079999999 13917.28005 16681.95991 10401.88604 10261.95761 15241.62589 8358.562119999999 9257.55215 16832.37686 10944.67096 10043.49675 14084.93477 9766.8073 10307.75134 12105.56586 12054.95133 14301.33307 17781.88182 13803.47887 10775.74698 15024.85082 8631.40193 16806.12898 10750.50674 11314.75463 9682.433799999999 13590.1428 10034.74938 15803.372659999999 13637.68232 11633.90727 11734.47954 9565.846889999999 10162.78976 14102.44745 10321.38089 11445.75904 12458.68994 10736.83817 11203.0709 14710.58711 11506.2686 13646.18355 20726.587050000002 
12553.49486 16529.596960000003 11594.69508 12336.73722 10058.37384 12979.43424 9569.6278 14809.39768 0 8399.64651 7696.6364300000005 8021.3755200000005 12087.82731 12972.85577 11021.26157 11735.1712 11954.94164 7778.410440000001 10757.89679 10582.42419 11813.30905 13555.73748 10333.93755 12466.51579 11702.0391 8536.16934 12410.37036 8175.294 10810.26296 14562.41762 9535.18579 9029.12153 11286.83781 7125.7260400000005 8024.71607 13748.91893 11295.70268 10043.06317 14924.69094 8533.97122 9814.49399 13564.14973 10914.06765 12338.37719 13078.46853 13740.29024 13696.30038 10736.17748 7398.56585 15114.91783 10092.99929 10450.500670000001 8449.59772 11568.3123 10329.21684 14570.53658 12505.28403 10210.89753 10213.79992 8333.01081 9295.86742 12869.61137 9089.586210000001 13823.73873 12115.37863 10511.08758 10688.38278 14057.43803 10885.59671 11895.19248 19493.75097 
7306.40808 10484.62892 6230.34914 7972.01756 9486.484269999999 7508.98778 4022.2607900000003 9632.48259 8399.64651 0 2149.26942 2474.00851 8751.31855 10040.96529 6987.31432 7331.7250300000005 9290.95782 2231.04343 5869.7317 6560.335120000001 6511.51833 10222.31547 5342.26335 7353.36062 9562.29443 2988.80233 7111.37648 2627.92699 7137.07696 10762.12998 3987.8187799999996 3481.7545200000004 8793.99273 1578.35903 2477.34906 10149.73036 6202.94306 4544.08567 9564.96108 2986.60421 4267.12698 8624.67822 5496.75479 7521.12998 11142.95734 8577.45181 10390.39263 8244.64773 1851.19884 10050.93248 4602.0782899999995 4903.1336599999995 2902.23071 9788.31251 5170.15379 9023.16957 8365.59128 5442.02677 5800.21718 2785.6438 3748.5004099999996 7322.244360000001 3542.2192 9795.23023 7228.428830000001 5010.254370000001 6643.67978 10051.11862 6384.82101 6865.980460000001 13946.383960000001 
6603.398 10043.77722 5527.33906 7269.00748 8783.474189999999 6805.9777 3319.2507100000003 8929.47251 7696.6364300000005 2149.26942 0 1770.99843 8048.30847 9927.44986 6284.30424 6628.7149500000005 8587.94774 1528.0333500000002 5166.72162 5857.325040000001 5808.50825 9552.16958 4639.25327 6650.35054 8859.28435 2285.79225 6408.3664 1924.9169100000001 6434.06688 10059.1199 3284.8086999999996 2778.7444400000004 8090.98265 875.3489500000001 1774.33898 9739.41788 5499.93298 3841.07559 8861.951 2283.59413 3564.1169 7921.66814 4793.74471 6818.1199 10659.66647 7874.4417300000005 9934.23204 7541.637650000001 1148.18876 9582.62202 3899.06821 4200.1235799999995 2199.22063 9085.30243 4467.14371 8320.15949 7662.5812000000005 4739.01669 5097.2071 2082.63372 3045.4903299999996 6619.234280000001 2839.20912 9092.22015 6525.418750000001 4307.244290000001 5940.6697 9890.74106 5681.81093 6162.970380000001 13243.373880000001 
6928.13709 10603.95896 5852.07815 7593.74657 9108.21328 7130.71679 3643.9898000000003 9254.211599999999 8021.3755200000005 2474.00851 1770.99843 0 8373.047559999999 10252.18895 6609.04333 6953.4540400000005 8912.68683 1852.7724400000002 5491.46071 6182.064130000001 6133.24734 9876.908669999999 4963.99236 6975.08963 9184.023439999999 2610.53134 6733.10549 2249.656 6758.80597 10383.858989999999 3609.5477899999996 3103.4835300000004 8415.721739999999 1200.08804 2099.07807 10059.80255 5824.6720700000005 4165.8146799999995 9186.69009 2608.33322 3888.85599 8246.40723 5118.4838 7142.858990000001 10665.62358 8199.18082 10232.923 7866.37674 1472.92785 9907.36111 4223.8073 4524.86267 2523.95972 9410.04152 4791.882799999999 8644.89858 7987.32029 5063.7557799999995 5421.946190000001 2407.37281 3370.2294199999997 6943.97337 3163.94821 9416.95924 6850.15784 4631.98338 6265.4087899999995 10206.59978 6006.550020000001 6487.70947 13568.11297 
13142.6577 11847.1949 10601.18791 12947.89525 10248.29925 13166.82934 9921.29984 12808.7165 12087.82731 8751.31855 8048.30847 8373.047559999999 0 16015.45766 11324.83653 12435.35411 15189.996869999999 8130.08248 11363.19462 12459.37417 10345.47738 10064.95418 10850.41074 12360.3465 13147.4274 8887.84138 11180.3655 8526.96604 12270.38604 14947.40407 9886.857829999999 9380.79357 13419.56879 7477.39808 8376.38811 15381.92796 10717.20431 10326.67951 10180.28867 8885.64326 10152.96714 13852.83883 10592.37518 10816.03926 17319.527560000002 10347.4591 14668.40005 10415.83854 7750.237889999999 16100.11556 10232.70502 10802.172709999999 8801.26976 13775.39044 10881.56417 14302.30473 10354.22505 11308.01362 10535.66257 8684.68285 9647.53946 13221.28341 9441.258249999999 13343.33093 10571.57894 10520.48145 12503.51432 15305.23514 11603.89281 12580.64038 19845.42301 
15071.38261 18760.41039 14008.52958 15750.198 10924.06023 15287.16822 10874.81651 16394.3325 12972.85577 10040.96529 9927.44986 10252.18895 16015.45766 0 10858.31953 13931.08925 17069.13826 10009.22387 12109.12374 11985.35171 12384.49845 13107.85945 13120.443790000001 11558.50218 13019.23499 10272.43823 10903.52228 10212.91175 13546.42951 18540.31042 10584.89811 10151.52632 14399.35489 9356.53947 10086.84416 18220.6084 10335.54585 12303.19377 15836.27 10198.89274 12045.307420000001 12827.69317 10433.86338 15299.310420000002 19198.66895 10136.47135 14484.35508 16022.82817 9629.379280000001 15261.33611 10356.18626 11771.3163 10658.44937 10781.73016 12938.8945 16801.350010000002 10309.52445 12027.92251 10082.00383 10492.91339 10340.44476 13262.27074 11295.07203 14962.36264 14483.97027 12788.43481 13894.29637 18371.93158 12820.3511 13659.35441 21724.564400000003 
11441.4429 14745.35486 10365.38396 10131.69384 10073.60406 10829.75334 8157.29561 12759.16179 11021.26157 6987.31432 6284.30424 6609.04333 11324.83653 10858.31953 0 10509.47832 10726.54755 6366.0782500000005 10003.83012 10669.81647 10491.54214 13652.18787 9477.29817 10117.27929 13596.2266 7123.83715 11150.27798 6762.961810000001 11272.11178 12550.31014 8122.8536 7616.78934 12350.799 5713.39385 6612.38388 11369.18199 10022.20787 8679.120490000001 12275.19796 7121.63903 8402.1618 11073.15721 9631.78961 11656.1648 15555.52333 12624.8699 11305.37644 12211.2123 5986.23366 14268.83085 8737.11311 9038.16848 7037.265530000001 10946.75139 9305.188610000001 12619.72502 12487.62163 9577.061590000001 9935.252 6920.678620000001 7883.53523 11162.37921 7677.25402 10270.32693 10416.02751 9145.28919 10176.98073 14728.785960000001 10263.4956 10969.96644 18081.41878 
11141.39949 13097.10215 10293.18443 11428.27 13018.96604 11988.43331 8501.706320000001 12444.93614 11735.1712 7331.7250300000005 6628.7149500000005 6953.4540400000005 12435.35411 13931.08925 10509.47832 0 11231.15472 6710.488960000001 10021.56251 10581.50474 10990.96386 14734.625189999999 9821.70888 11412.48163 11577.73429 7468.24786 10170.78403 7107.372520000001 11114.94984 12585.89411 8467.26431 7961.20005 11401.31324 6057.8045600000005 6956.79459 13395.20747 10239.31649 9023.531200000001 13978.54598 7466.04974 8746.57251 11620.53621 9976.20032 10174.45789 11675.59176 10502.96333 13463.38169 11965.59222 6330.64437 14190.15008 9081.52382 9382.57919 7381.676240000001 13095.85332 9649.599320000001 12026.99044 12845.036810000001 9921.472300000001 10212.84464 7265.089330000001 8227.94594 10248.26265 8021.66473 10975.87575 11707.874360000002 9489.6999 11019.72524 13492.06429 10402.99623 10204.52689 18425.82949 
10786.055 15490.53347 12165.60682 10151.89034 14519.09468 10743.46605 10460.93911 14579.9834 11954.94164 9290.95782 8587.94774 8912.68683 15189.996869999999 17069.13826 10726.54755 11231.15472 0 8669.72175 10975.14139 12880.35623 11386.73137 10429.17386 11780.94167 11432.07989 10386.63772 9427.48065 11619.0374 9066.60531 13575.755280000001 15632.69552 10021.35351 9920.432840000001 14905.85611 8017.0373500000005 8916.02738 13211.81339 12641.62138 10168.20635 11765.28022 9425.28253 10566.15359 15063.35654 10042.86445 13892.49512 12262.44572 14548.97899 11761.4264 10505.27611 8289.87716 11195.96805 10106.99259 10947.51233 9340.909029999999 16226.990829999999 10270.82731 15461.84789 10014.52211 11254.97739 11145.56573 9224.322119999999 10088.0705 11053.90575 9980.897519999999 13674.37852 13667.10715 11385.38856 12054.93095 10344.5195 10763.26934 12014.16974 20385.06228 
6685.17201 10152.39623 5609.11307 7350.78149 8865.2482 6887.7517100000005 3401.02472 9011.246519999999 7778.410440000001 2231.04343 1528.0333500000002 1852.7724400000002 8130.08248 10009.22387 6366.0782500000005 6710.488960000001 8669.72175 0 5248.49563 5939.099050000001 5890.28226 9633.943589999999 4721.02728 6732.12455 8941.058359999999 2367.56626 6490.14041 2006.69092 6515.84089 10091.13295 3366.5827099999997 2860.51845 8172.75666 957.12296 1856.11299 9821.19189 5581.706990000001 3922.8496 8943.72501 2365.36814 3645.89091 8003.442150000001 4875.51872 6899.893910000001 10365.80235 7956.21574 10006.99038 7623.41166 1229.96277 9664.39603 3980.84222 4281.8975900000005 2280.99464 9167.07644 4548.9177199999995 8401.9335 7744.35521 4820.7907 5178.981110000001 2164.40773 3127.2643399999997 6701.00829 2920.98313 9173.99416 6607.19276 4389.0183 6022.44371 9972.51507 5763.584940000001 6244.74439 13325.14789 
10268.23484 13839.38274 9247.80134 10149.22777 10451.30791 10300.55458 7039.71299 10084.31816 10757.89679 5869.7317 5166.72162 5491.46071 11363.19462 12109.12374 10003.83012 10021.56251 10975.14139 5248.49563 0 9577.78732 9528.970529999999 11434.2319 8359.71555 10317.00787 12488.43236 6006.25453 10078.6398 5645.37919 10084.14529 10401.19319 7005.270979999999 6499.20672 11300.48008 4595.81123 5494.80126 11188.99208 9220.395260000001 7561.53787 11673.33635 6004.05641 7284.579180000001 11561.23276 8514.20699 10291.96075 13239.87671 11560.71139 12977.24277 10293.21862 4868.65104 12938.18488 7619.53049 7920.58586 5919.68291 11282.64887 8187.60599 11654.49543 11068.72763 8459.47897 8817.66938 5803.096 6765.95261 10316.7846 6559.6714 12145.60628 10022.45396 8027.70657 9661.13198 13611.20334 9402.27321 9883.43266 16963.83616 
10000.91412 10415.35732 9938.404760000001 11635.71735 11856.44905 10460.50915 7730.31641 12924.73365 10582.42419 6560.335120000001 5857.325040000001 6182.064130000001 12459.37417 11985.35171 10669.81647 10581.50474 12880.35623 5939.099050000001 9577.78732 0 10055.52805 11855.88193 9050.31897 10112.18394 12791.60956 6696.8579500000005 10640.83193 6335.982610000001 10678.17794 14470.1856 7695.874400000001 7189.8101400000005 12502.048350000001 5286.414650000001 6185.404680000001 10179.47233 9910.99868 8252.14129 13017.05149 6694.6598300000005 7975.1826 11606.01847 9204.81041 10737.40892 10507.67608 12285.507430000001 12801.82616 11952.70335 5559.25446 11359.62474 8310.13391 8611.18928 6610.286330000001 13496.36813 8878.20941 11036.71469 10209.00329 9150.08239 9508.2728 6493.699420000001 7456.556030000001 10932.12129 7250.274820000001 11960.53784 10936.48445 8718.309990000002 10311.3134 11305.17733 10092.87663 10133.56461 17654.439580000002 
10039.92607 13714.40396 9889.58797 11507.3561 13145.7231 11103.16403 7681.49962 12931.80799 11813.30905 6511.51833 5808.50825 6133.24734 10345.47738 12384.49845 10491.54214 10990.96386 11386.73137 5890.28226 9528.970529999999 10055.52805 0 11677.62578 9001.50218 10015.89347 10166.73986 6648.04116 10415.06174 6287.16582 10209.59189 14025.0925 7647.05761 7140.99335 11573.34493 5237.59786 6136.58789 14101.66679 9862.18189 8203.324499999999 12324.20865 6645.84304 7926.365809999999 11058.56798 9155.99362 11180.36881 15079.727340000001 10891.59974 11100.5141 11903.886559999999 5510.437669999999 13859.36671 8261.31712 8562.37249 6561.46954 10098.15174 8829.392619999999 10339.63565 11953.48858 9101.265599999999 9459.45601 6444.88263 7407.73924 10421.41027 7201.45803 12385.68629 10750.39629 8669.4932 10181.33015 13116.22991 10005.75409 10081.44751 17605.62279 
10619.45752 18385.13011 11235.50785 12068.80791 16889.38443 10788.31472 11222.7635 13640.25474 13555.73748 10222.31547 9552.16958 9876.908669999999 10064.95418 13107.85945 13652.18787 14734.625189999999 10429.17386 9633.943589999999 11434.2319 11855.88193 11677.62578 0 12745.163509999998 14756.26078 16965.19459 10107.52687 10598.43206 10030.82715 14539.97712 11279.90864 11314.67679 10489.061 12346.58354 8981.259189999999 9880.24922 13948.28749 10382.56662 10398.70912 15044.09026 10259.3958 10124.48109 14550.07742 12794.0301 11897.45835 12950.67047 14160.4646 16907.8452 11621.90987 9254.099 14016.48684 10421.92862 10338.26357 10245.76618 11952.90058 10480.75095 16073.80471 15768.49144 10931.16175 10426.25739 10176.16086 11109.4289 13437.28642 10821.3877 12844.10961 14631.32899 11117.46908 12966.7954 14183.71889 10643.03559 11155.13688 21349.28412 
9796.39193 11228.83468 8720.332989999999 10149.88301 10322.68882 9998.97163 6512.24464 11710.04901 10333.93755 5342.26335 4639.25327 4963.99236 10850.41074 13120.443790000001 9477.29817 9821.70888 11780.94167 4721.02728 8359.71555 9050.31897 9001.50218 12745.163509999998 0 9843.34447 11551.60194 5478.78618 9601.36033 5117.9108400000005 9627.060809999999 12344.8868 6477.80263 5971.73837 10315.18453 4068.3428799999997 4967.33291 12196.83091 8692.92691 7034.06952 10784.52967 5476.58806 6757.11083 11061.15029 7986.73864 10011.11383 12298.76604 10702.90932 10815.6156 10734.631580000001 4341.18269 12710.05856 7092.06214 7393.11751 5392.21456 11115.52174 7660.13764 10649.99981 10644.16292 7932.01062 8290.20103 5275.62765 6238.48426 9812.228210000001 6032.20305 11455.271 9718.412680000001 7500.23822 9133.66363 13083.73499 8874.80486 9355.96431 16436.36781 
10450.75412 11167.83667 10683.781 12311.45019 13987.56539 12010.0689 8523.34191 14111.14392 12466.51579 7353.36062 6650.35054 6975.08963 12360.3465 11558.50218 10117.27929 11412.48163 11432.07989 6732.12455 10317.00787 10112.18394 10015.89347 14756.26078 9843.34447 0 10276.57828 7489.88345 10388.3337 7129.008110000001 11558.48313 14409.20649 8488.8999 7982.83564 11381.34817 6079.44015 6978.43018 12241.62555 10195.7265 9045.16679 11704.21663 7487.68533 8768.2081 11088.32886 9997.83591 10138.93461 11791.15828 10832.94896 13916.87146 10883.41995 6352.27996 14786.713220000001 9103.15941 9404.21478 7403.311830000001 14158.6525 9671.23491 12423.69622 11594.72267 9943.10789 10047.27241 7286.724920000001 8249.58153 11273.93089 8043.30032 12102.79966 11729.50995 9511.335490000001 10465.87169 14627.03963 10316.47692 10906.04914 18447.46508 
11300.11286 15615.73088 10456.6248 11662.42094 12794.4484 10400.14425 10732.27572 11665.27982 11702.0391 9562.29443 8859.28435 9184.023439999999 13147.4274 13019.23499 13596.2266 11577.73429 10386.63772 8941.058359999999 12488.43236 12791.60956 10166.73986 16965.19459 11551.60194 10276.57828 0 9698.81726 11071.18904 9337.94192 13847.09189 10522.85405 10144.99343 10054.18191 11813.40808 8288.373959999999 9187.36399 11557.72991 10984.16529 10925.68432 16169.0463 9696.619139999999 10022.43865 15334.69315 11329.77285 13274.26399 18130.50344 14978.54138 16846.40354 12202.30979 8561.21377 12426.32623 11038.2733 10006.09674 9612.24564 13132.03564 11491.36332 13020.41285 14006.19455 10544.57434 11338.07237 9495.65873 10186.86006 13042.67894 10133.48872 12117.70813 13001.78049 10172.19328 13353.69471 14807.43719 10283.03476 11801.49589 20656.39889 
7442.93091 10362.9266 6366.87197 8108.54039 9623.007099999999 7645.51061 4158.78362 9769.00542 8536.16934 2988.80233 2285.79225 2610.53134 8887.84138 10272.43823 7123.83715 7468.24786 9427.48065 2367.56626 6006.25453 6696.8579500000005 6648.04116 10107.52687 5478.78618 7489.88345 9698.81726 0 7247.89931 2764.44982 7273.59979 10238.51075 4124.3416099999995 3618.2773500000003 8930.51556 1714.88186 2613.87189 10557.31758 6339.4658899999995 4680.6085 9701.483909999999 3123.12704 4403.64981 8761.20105 5633.27762 7657.65281 10849.38486 8713.97464 10162.25585 8381.17056 1987.72167 10155.30352 4738.601119999999 5039.656489999999 3038.7535399999997 9924.83534 5306.67662 9159.6924 8502.11411 5578.5496 5936.7400099999995 2922.1666299999997 3885.0232399999995 7458.7671900000005 3678.74203 9931.75306 7364.951660000001 5146.7772 6780.20261 10730.27397 6521.34384 7002.503290000001 14082.906790000001 
10044.58866 10600.75343 10489.44612 12231.114539999999 13221.71638 10114.97584 8281.357769999999 13891.579569999998 12410.37036 7111.37648 6408.3664 6733.10549 11180.3655 10903.52228 11150.27798 10170.78403 11619.0374 6490.14041 10078.6398 10640.83193 10415.06174 10598.43206 9601.36033 10388.3337 11071.18904 7247.89931 0 6887.02397 10983.56075 15021.22696 8246.91576 7740.8515 11692.49011 5837.45601 6736.44604 14315.17621 10269.77062 8803.182649999999 12403.502 7245.70119 8526.22396 10834.47517 9755.85177 11232.33187 15242.73748 11559.67691 12763.05523 12451.43625 6110.295819999999 12316.65629 8861.17527 9162.23064 7161.32769 11950.14661 9429.250769999999 12438.94855 11009.75196 9701.123749999999 10026.6104 7044.74078 8007.59739 10936.34417 7801.31618 11570.56642 10328.53251 9269.35135 10490.24606 12059.73899 10510.86966 11125.077440000001 18205.48094 
7082.05557 10639.38722 6005.99663 7747.66505 9262.13176 7284.635270000001 3797.90828 9408.130079999999 8175.294 2627.92699 1924.9169100000001 2249.656 8526.96604 10212.91175 6762.961810000001 7107.372520000001 9066.60531 2006.69092 5645.37919 6335.982610000001 6287.16582 10030.82715 5117.9108400000005 7129.008110000001 9337.94192 2764.44982 6887.02397 0 6912.72445 10088.22473 3763.46627 3257.4020100000002 8569.64022 1354.0065200000001 2252.99655 10078.20747 5978.590550000001 4319.73316 9340.60857 2762.2517000000003 4042.7744700000003 8400.325710000001 5272.40228 7296.777470000001 10210.64206 8353.0993 10003.12118 8020.29522 1626.8463300000003 10061.27959 4377.725780000001 4678.781150000001 2677.8782 9563.960000000001 4945.80128 8798.81706 8141.23877 5217.67426 5575.864670000001 2561.29129 3524.1479 7097.89185 3317.8666900000003 9570.87772 7004.07632 4785.90186 6419.32727 10049.85514 6160.468500000001 6641.62795 13722.03145 
11287.23252 15267.02741 10432.97863 12190.23894 13727.00445 11291.16273 8307.05825 13917.28005 10810.26296 7137.07696 6434.06688 6758.80597 12270.38604 13546.42951 11272.11178 11114.94984 13575.755280000001 6515.84089 10084.14529 10678.17794 10209.59189 14539.97712 9627.060809999999 11558.48313 13847.09189 7273.59979 10983.56075 6912.72445 0 12002.07237 8272.61624 7766.55198 10772.69869 5863.15649 6762.14652 14577.00726 10125.38822 8828.88313 11222.27584 7271.40167 8551.92444 12909.47568 9781.55225 10901.31368 12511.96849 12862.24927 11571.9873 12136.53498 6135.9963 14570.42956 8886.87575 9187.931120000001 7187.0281700000005 11625.73035 9454.95125 10829.98769 10362.37381 9726.82423 10084.65078 7070.44126 8033.29787 10786.31245 7827.01666 10491.1224 10216.17791 9295.05183 10579.457 13937.40717 10158.77827 10089.66115 18231.18142 
13436.691 11342.32624 11873.44291 11479.28489 16901.17462 12082.47015 11008.01334 16681.95991 14562.41762 10762.12998 10059.1199 10383.858989999999 14947.40407 18540.31042 12550.31014 12585.89411 15632.69552 10091.13295 10401.19319 14470.1856 14025.0925 11279.90864 12344.8868 14409.20649 10522.85405 10238.51075 15021.22696 10088.22473 12002.07237 0 10423.76782 11391.605 16087.843 9488.209509999999 10060.36488 18352.278440000002 14112.793539999999 12147.62904 17474.81156 10805.35676 10776.94111 12514.69987 12308.106 10798.39299 13380.086 15653.68647 15151.09106 14700.35631 9761.04932 15099.10412 12511.928769999999 10851.17264 10771.60719 11565.90204 10295.54449 11841.04616 10060.42077 12625.05454 13475.85096 10492.78534 10292.93618 10289.27418 11182.6071 12882.08029 11922.64879 12154.92996 13348.38573 18503.60162 14294.67149 14775.83094 21856.23444 
8441.94736 10544.71506 7365.888419999999 9107.55684 10137.00648 8644.52706 5157.800069999999 10401.88604 9535.18579 3987.8187799999996 3284.8086999999996 3609.5477899999996 9886.857829999999 10584.89811 8122.8536 8467.26431 10021.35351 3366.5827099999997 7005.270979999999 7695.874400000001 7647.05761 11314.67679 6477.80263 8488.8999 10144.99343 4124.3416099999995 8246.91576 3763.46627 8272.61624 10423.76782 0 4617.2937999999995 9929.532009999999 2713.8983099999996 3612.8883399999995 10401.98218 7338.4823400000005 5679.624949999999 10174.40783 4122.14349 5402.66626 9760.2175 6632.29407 8656.66926 12135.707 9712.99109 10938.90678 9380.18701 2986.73812 11421.17138 5737.61757 6038.67294 4037.76999 10923.85179 6305.693069999999 10158.708849999999 9501.13056 6577.566049999999 6935.7564600000005 3921.18308 4884.03969 8457.78364 4677.75848 10012.20224 8363.96811 6145.79365 7779.219059999999 10858.40388 7520.3602900000005 8001.51974 15081.92324 
7935.8831 11554.41884 6859.82416 8601.49258 10071.63542 8138.4628 4651.73581 10261.95761 9029.12153 3481.7545200000004 2778.7444400000004 3103.4835300000004 9380.79357 10151.52632 7616.78934 7961.20005 9920.432840000001 2860.51845 6499.20672 7189.8101400000005 7140.99335 10489.061 5971.73837 7982.83564 10054.18191 3618.2773500000003 7740.8515 3257.4020100000002 7766.55198 11391.605 4617.2937999999995 0 9423.46775 2207.83405 3106.8240800000003 10894.59852 6832.41808 5173.56069 10155.8542 3616.0792300000003 4896.602000000001 9254.15324 6126.229810000001 8150.6050000000005 12049.96353 9206.92683 10343.36122 8874.12275 2480.6738600000003 10062.86068 5231.55331 5532.60868 3531.7057300000006 10417.787530000001 5799.62881 9652.64459 8995.0663 6071.50179 6429.6922 3415.11882 4377.97543 7951.7193800000005 4171.69422 10266.83658 7857.903850000001 5639.72939 7273.1548 10812.27703 7014.29603 7495.4554800000005 14575.85898 
11632.89189 10243.58603 10907.80699 11244.37626 11551.58106 10371.12702 9963.97402 15241.62589 11286.83781 8793.99273 8090.98265 8415.721739999999 13419.56879 14399.35489 12350.799 11401.31324 14905.85611 8172.75666 11300.48008 12502.048350000001 11573.34493 12346.58354 10315.18453 11381.34817 11813.40808 8930.51556 11692.49011 8569.64022 10772.69869 16087.843 9929.532009999999 9423.46775 0 7520.07226 8419.06229 11482.2952 11477.57504 10284.22018 14617.70978 8928.317439999999 10029.5759 12712.22468 10159.30434 10787.21814 11889.95485 12629.1539 16328.16726 12120.8869 7792.912069999999 16227.34533 10414.21424 10844.84689 8843.94394 14900.45586 11111.86702 14464.73807 10073.11656 10296.54372 10023.70977 8727.35703 9690.21364 13263.95759 9483.93243 11491.15573 12864.44798 10782.0714 11823.78821 16295.46185 12326.53424 10995.61113 19888.09719 
6032.48761 9708.30948 4956.42867 6698.09709 8212.5638 6235.06731 2748.34032 8358.562119999999 7125.7260400000005 1578.35903 875.3489500000001 1200.08804 7477.39808 9356.53947 5713.39385 6057.8045600000005 8017.0373500000005 957.12296 4595.81123 5286.414650000001 5237.59786 8981.259189999999 4068.3428799999997 6079.44015 8288.373959999999 1714.88186 5837.45601 1354.0065200000001 5863.15649 9488.209509999999 2713.8983099999996 2207.83405 7520.07226 0 1203.42859 9168.50749 4929.0225900000005 3270.1652 8291.04061 1712.68374 2993.20651 7350.757750000001 4222.83432 6247.209510000001 10036.75073 7303.5313400000005 9363.32165 6970.727260000001 577.27837 9011.71163 3328.15782 3629.21319 1628.3102400000002 8514.39204 3896.23332 7749.2491 7091.6708100000005 4168.1063 4526.2967100000005 1511.7233299999998 2474.57994 6048.323890000001 2268.29873 8521.30976 5954.508360000001 3736.3339 5369.75931 9319.83067 5110.900540000001 5592.059990000001 12672.46349 
6931.47764 10497.3893 5855.4187 7597.08712 9111.553829999999 7134.05734 3647.33035 9257.55215 8024.71607 2477.34906 1774.33898 2099.07807 8376.38811 10086.84416 6612.38388 6956.79459 8916.02738 1856.11299 5494.80126 6185.404680000001 6136.58789 9880.24922 4967.33291 6978.43018 9187.36399 2613.87189 6736.44604 2252.99655 6762.14652 10060.36488 3612.8883399999995 3106.8240800000003 8419.06229 1203.42859 0 10026.53393 5828.0126199999995 4169.15523 9190.030639999999 2611.67377 3892.19654 8249.74778 5121.82435 7146.19954 10875.0494 8202.52137 10063.64832 7869.7172900000005 1476.2684 9910.70166 4227.147849999999 4528.203219999999 2527.3002699999997 9413.38207 4795.22335 8648.23913 7990.6608400000005 5067.09633 5425.28674 2410.7133599999997 3373.5699699999996 6947.3139200000005 3167.28876 9420.29979 6853.498390000001 4635.3239300000005 6268.74934 10094.3687 6009.89057 6491.050020000001 13571.453520000001 
13239.9213 13591.38277 13142.64317 15546.81819 14723.3396 11024.88634 11612.40925 16832.37686 13748.91893 10149.73036 9739.41788 10059.80255 15381.92796 18220.6084 11369.18199 13395.20747 13211.81339 9821.19189 11188.99208 10179.47233 14101.66679 13948.28749 12196.83091 12241.62555 11557.72991 10557.31758 14315.17621 10078.20747 14577.00726 18352.278440000002 10401.98218 10894.59852 11482.2952 9168.50749 10026.53393 0 13123.143660000002 11003.91333 11413.74875 9906.804810000001 11187.327580000001 10641.94484 12416.955390000001 12647.33819 18340.68911 10828.24353 10785.87539 14363.12768 8771.399440000001 17205.8327 10518.33606 10899.42562 9822.43131 16708.51311 12090.35439 15943.37017 10787.96433 10587.69896 12720.41778 9705.8444 10059.21868 12860.62118 10083.67991 15911.02077 10326.48453 10870.51987 13162.2726 11020.14878 13250.76552 10958.98976 21501.1906 
10657.07164 11066.07511 9581.0127 10224.03623 11125.49645 10321.20544 7372.92435 10944.67096 11295.70268 6202.9430600000005 5499.9329800000005 5824.6720700000005 10717.20431 10335.54585 10022.20787 10239.31649 12641.62138 5581.706990000001 9220.395260000001 9910.99868 9862.18189 10382.56662 8692.92691 10195.7265 10984.16529 6339.46589 10269.77062 5978.590550000001 10125.38822 14112.793539999999 7338.4823400000005 6832.41808 11477.57504 4929.0225900000005 5828.01262 13123.143660000002 0 7224.80137 12245.67678 5667.31991 6947.84268 11013.83163 8177.47049 10035.1122 12321.14034 10592.57609 12618.68407 10202.3147 4531.91454 11024.23081 7282.79399 7583.84936 5582.9464100000005 10077.10617 7850.86949 10205.64134 11046.306980000001 8122.74247 8480.93288 5466.3595000000005 6429.21611 10000.50644 6222.9349 11080.9023 9909.144530000001 7690.97007 9324.39548 10546.07025 9065.53671 9546.69616 17261.7057 
8998.21425 11208.92629 7922.15531 9663.82373 10366.85138 9200.79395 5714.06696 10043.49675 10043.06317 4544.08567 3841.0755900000004 4165.81468 10326.67951 12303.19377 8679.120490000001 9023.531200000001 10168.20635 3922.8496 7561.53787 8252.14129 8203.324499999999 10398.70912 7034.06952 9045.16679 10925.68432 4680.6085 8803.182649999999 4319.73316 8828.88313 12147.62904 5679.624949999999 5173.56069 10284.22018 3270.1652 4169.15523 11003.91333 7224.80137 0 10067.21637 4008.46252 5288.9852900000005 9646.536530000001 6518.6131000000005 8542.988290000001 12442.34682 9599.31012 10588.57698 9266.50604 2873.05715 10527.38204 5623.9366 5924.99197 3924.0890200000003 10810.17082 6192.0121 10011.91656 9387.44959 6463.88508 6822.07549 3807.50211 4770.35872 8344.10267 4564.07751 10295.05812 8250.28714 6032.11268 7665.53809 10779.75578 7406.67932 7887.83877 15602.848310000001 
13842.74702 10286.60138 12943.030719999999 12372.80788 12051.14591 11348.09417 10289.02801 14084.93477 14924.69094 9564.96108 8861.951 9186.69009 10180.28867 15836.27 12275.19796 13978.54598 11765.28022 8943.72501 11673.33635 13017.05149 12324.20865 15044.09026 10784.52967 11704.21663 16169.0463 9701.483909999999 12403.502 9340.60857 11222.27584 17474.81156 10174.40783 10155.8542 14617.70978 8291.04061 9190.030639999999 11413.74875 12245.67678 10067.21637 0 9029.33793 10077.4613 13669.4018 10183.18567 11171.6323 17431.19535 13675.10953 11576.62553 13813.13419 7893.932559999999 10626.52524 10582.57469 10040.18552 8944.96443 10042.57044 10473.36203 13340.1648 10606.65509 10876.05954 11586.52706 8828.37752 9791.234129999999 11025.01844 9584.95292 15837.96395 10187.88785 10023.588 10129.37761 16636.48486 11504.51937 10874.15099 20623.72372 
7440.73279 10115.56115 6364.67385 8106.34227 9620.80898 7643.31249 4156.5855 9766.8073 8533.97122 2986.6042100000004 2283.5941300000004 2608.3332200000004 8885.64326 10198.89274 7121.63903 7466.04974 9425.28253 2365.36814 6004.05641 6694.6598300000005 6645.84304 10259.3958 5476.58806 7487.68533 9696.619139999999 3123.1270400000003 7245.70119 2762.2517000000003 7271.40167 10805.35676 4122.14349 3616.0792300000003 8928.317439999999 1712.6837400000002 2611.6737700000003 9906.804810000001 5667.31991 4008.46252 9029.33793 0 3731.50383 8089.05507 4961.13164 6985.50683 10588.24672 8041.82866 10101.61897 7709.02458 1315.5756900000001 9750.00895 4066.45514 4367.51051 2366.6075600000004 9252.68936 4634.53064 8487.546419999999 7829.96813 4906.40362 5264.59403 2250.02065 3212.87726 6786.62121 3006.59605 9259.60708 6692.80568 4474.63122 6108.05663 10002.81302 5849.19786 6330.35731 14045.36685 
8721.25556 11460.31156 7645.196620000001 9386.86504 10562.22614 8923.83526 5437.108270000001 10307.75134 9814.49399 4267.12698 3564.1169 3888.85599 10152.96714 12045.307420000001 8402.1618 8746.57251 10566.15359 3645.89091 7284.579180000001 7975.1826 7926.365809999999 10124.48109 6757.11083 8768.2081 10022.43865 4403.64981 8526.22396 4042.7744700000003 8551.92444 10776.94111 5402.66626 4896.602000000001 10029.5759 2993.20651 3892.19654 11187.327580000001 6947.84268 5288.9852900000005 10077.4613 3731.50383 0 9369.57784 6241.65441 8266.0296 12030.39534 9322.35143 11382.141740000001 8989.54735 2596.09846 10420.6146 5346.97791 5648.03328 3647.13033 10051.64189 5915.05341 9768.06919 9110.4909 6186.9263900000005 6545.1168 3530.54342 4493.40003 8067.143980000001 4287.11882 10540.12985 7973.328450000001 5755.153990000001 7388.5794000000005 10691.94226 7129.72063 7610.880080000001 15325.889620000002 
12256.57207 15570.25543 10269.43239 11778.86903 14909.72022 12216.71736 9794.659510000001 12105.56586 13564.14973 8624.67822 7921.668140000001 8246.40723 13852.83883 12827.69317 11073.15721 11620.53621 15063.35654 8003.442150000001 11561.23276 11606.01847 11058.56798 14550.07742 11061.15029 11088.32886 15334.69315 8761.20105 10834.47517 8400.325710000001 12909.47568 12514.69987 9760.2175 9254.15324 12712.22468 7350.757750000001 8249.74778 10641.94484 11013.83163 9646.536530000001 13669.4018 8089.05507 9369.57784 0 10101.51052 12623.58084 11331.42259 10773.94544 15739.69298 10121.74149 6953.6497 15388.08296 9704.52915 10000.8234 8004.681570000001 10737.03499 10266.16582 12669.10372 11769.50282 10396.30642 10183.76003 7888.094660000001 8850.95127 12302.55113 8644.67006 14897.68109 10791.63008 10052.79609 11147.28973 11060.27001 11372.93115 11968.43132 19683.440860000002 
9950.88337 10268.99928 8874.82443 10017.8251 12130.95956 10153.46307 6666.736080000001 12054.95133 10914.06765 5496.75479 4793.74471 5118.4838 10592.37518 10433.86338 9631.78961 9976.20032 10042.86445 4875.51872 8514.20699 9204.81041 9155.99362 12794.0301 7986.73864 9997.83591 11329.77285 5633.27762 9755.85177 5272.40228 9781.55225 12308.106 6632.29407 6126.229810000001 10159.30434 4222.83432 5121.82435 12416.955390000001 8177.47049 6518.6131000000005 10183.18567 4961.13164 6241.65441 10101.51052 0 9495.65741 13374.7382 10125.95935 12179.68607 10173.79825 3825.72627 12260.15953 6576.60572 6877.66109 4876.75814 10614.17822 7144.68122 10908.11893 10275.45597 7416.5542000000005 7774.74461 4760.17123 5723.02784 9296.77179 5516.74663 11318.06663 9202.95626 6984.781800000001 8618.20721 10086.42177 8359.34844 8840.50789 16555.51743 
10431.87393 13694.75069 10584.22234 10793.50191 11778.75101 10306.62233 8691.111270000001 14301.33307 12338.37719 7521.129980000001 6818.119900000001 7142.858990000001 10816.03926 15299.310420000002 11656.1648 10174.45789 13892.49512 6899.893910000001 10291.96075 10737.40892 11180.36881 11897.45835 10011.11383 10138.93461 13274.26399 7657.6528100000005 11232.33187 7296.777470000001 10901.31368 10798.39299 8656.66926 8150.6050000000005 10787.21814 6247.209510000001 7146.1995400000005 12647.33819 10035.1122 8542.988290000001 11171.6323 6985.50683 8266.0296 12623.58084 9495.65741 0 11457.57437 11044.81899 13220.48999 11061.98815 5850.10146 10537.26382 8600.98091 8902.03628 6901.133330000001 13317.83282 9169.056410000001 10640.70339 10473.23094 9440.929390000001 9799.1198 6784.546420000001 7747.40303 11185.06224 7541.12182 10212.64536 11227.331450000001 9009.15699 10610.40581 13723.68302 10319.0059 10614.99408 18579.89262 
14552.90198 12810.1733 13479.13002 12713.84958 18054.69328 12654.39244 12324.28691 17781.88182 13078.46853 11142.95734 10659.66647 10665.62358 17319.527560000002 19198.66895 15555.52333 11675.59176 12262.44572 10365.80235 13239.87671 10507.67608 15079.727340000001 12950.67047 12298.76604 11791.15828 18130.50344 10849.38486 15242.73748 10210.64206 12511.96849 13380.086 12135.707 12049.96353 11889.95485 10036.75073 10875.0494 18340.68911 12321.14034 12442.34682 17431.19535 10588.24672 12030.39534 11331.42259 13374.7382 11457.57437 0 15191.19674 18535.50327 15740.95536 9749.459990000001 16193.71309 12083.39764 10783.03156 10222.48417 14490.62991 11972.4695 16021.37588 16059.2889 12280.58688 10156.01307 10683.90495 10711.50172 15220.50551 11242.36343 11934.36746 11605.38326 11496.24902 11856.23078 13746.54998 14114.49133 12574.91287 22479.251150000004 
