16
35 36 37 38 39 40 41 42 43 44 45 46 47 48 49 1
0 10286.5213 13656.31861 11448.57132 12110.29064 16341.26182 18203.65391 11064.620840000001 10572.25359 12257.93386 15142.11724 10211.82194 11368.92909 12362.804450000001 13559.22049 19148.45964 
10286.5213 0 9502.358189999999 3302.8675 6797.791920000001 9384.53527 9509.1377 7476.959199999999 7011.579229999999 8724.89344 12205.4108 15769.78986 9735.371 8775.14281 10442.37189 10337.569679999999 
13656.31861 9502.358189999999 0 10692.24184 12354.5295 16989.38002 17113.98245 11777.872500000001 11285.50525 11155.75362 15901.45953 21128.59099 14036.284300000001 11938.72532 14081.27612 17942.414429999997 
11448.57132 3302.8675 10692.24184 0 8203.145980000001 10789.889330000002 10208.49723 8882.31326 8416.93329 10130.2475 12268.76517 16598.8866 11003.67185 10150.66351 11915.6438 11742.923739999998 
12110.29064 6797.791920000001 12354.5295 8203.145980000001 0 14284.813750000001 10914.31898 10148.58712 10260.6092 12000.91069 13997.15397 20103.69494 12489.15011 10143.2174 10888.33223 15237.84816 
16341.26182 9384.53527 16989.38002 10789.889330000002 14284.813750000001 0 14982.14645 14400.976760000001 13908.60951 14424.38656 19594.22549 21961.92529 12129.41711 15699.160370000001 17434.3073 17824.59151 
18203.65391 9509.1377 17113.98245 10208.49723 10914.31898 14982.14645 0 13395.97261 13888.339860000002 14826.98385 18003.07417 19493.435 16612.13163 13405.41435 12950.88386 17949.193939999997 
11064.62084 7476.959199999999 11777.8725 8882.313259999999 10148.58712 14400.97676 13395.97261 0 492.36725 2205.68146 6150.9959499999995 10091.58663 3216.15902 2255.93083 3991.07776 11932.765309999999 
10572.25359 7011.579229999999 11285.50525 8416.933289999999 10260.6092 13908.60951 13888.33986 492.36725 0 1740.3014899999998 5685.61598 9843.08574 2750.77905 1790.5508599999998 3525.69779 11467.38534 
12257.93386 8724.89344 11155.75362 10130.2475 12000.91069 14424.38656 14826.98385 2205.68146 1740.3014899999998 0 7398.93019 10684.23894 4464.09326 3503.86507 5239.012 13180.69955 
15142.11724 12205.4108 15901.45953 12268.76517 13997.15397 19594.22549 18003.07417 6150.9959499999995 5685.61598 7398.93019 0 15501.71444 8409.40775 7449.17956 9184.32649 17126.014040000002 
10211.82194 15769.78986 21128.59099 16598.8866 20103.69494 21961.92529 19493.435 10091.58663 9843.08574 10684.23894 15501.71444 0 12566.87751 11402.95538 10083.18283 21283.4838 
11368.92909 9735.371 14036.2843 11003.67185 12489.15011 12129.41711 16612.13163 3216.15902 2750.77905 4464.09326 8409.40775 12566.87751 0 4514.34263 6249.48956 14191.17711 
12362.80445 8775.14281 11938.72532 10150.66351 10143.2174 15699.16037 13405.41435 2255.93083 1790.5508599999998 3503.86507 7449.17956 11402.95538 4514.34263 0 5289.26137 13230.948919999999 
13559.22049 10442.37189 14081.27612 11915.643799999998 10888.33223 17434.3073 12950.88386 3991.07776 3525.69779 5239.012 9184.32649 10083.18283 6249.48956 5289.26137 0 14966.09585 
19148.45964 10337.569679999999 17942.414429999997 11742.923739999998 15237.84816 17824.59151 17949.193939999997 11932.76531 11467.38534 13180.69955 17126.014040000002 21283.4838 14191.17711 13230.94892 14966.09585 0 
