51
1 3 5 7 9 11 13 15 17 19 21 23 25 27 29 31 33 35 37 39 41 43 45 47 49 51 53 55 57 59 61 63 65 67 69 71 73 75 77 79 81 83 85 87 89 91 93 95 97 99 2
0 4063.9659 1820.3917 2995.7116 1327.6298 5835.5507 3205.3109 4351.0486 5149.4646 2420.1921 5508.6246 6740.671 6685.9801 6404.942 4999.2394 4384.5119 5073.017400000001 3713.1379 7686.5623 2130.4242 3234.3123 2283.4211 4533.9194 1978.625 6321.156 3046.4006 5519.5733 3607.9074 2397.2141 2977.2586 5911.6506 5057.1504 2284.5306 4557.7918 5675.2418 3576.5519 4969.2 4232.346 2778.0765 5724.6045 3851.0292 2687.8247 3987.0754 6544.7372 2275.1512 3474.5733 4004.1217 6897.1334 2889.8106 2717.2584 5914.6736 
4063.9659 0 5721.3476 5330.7861 3184.4235 3047.0819 5848.6999 2009.9453 7879.7737 5149.17 2446.8807 5740.9797 4404.2276 9588.3721 7738.394 2735.9768999999997 7238.6236 5147.5139 10023.858400000001 5907.2438 5793.1816 4080.0212 5379.3815 4546.9358 8284.685 2170.8413 6350.1398 7521.6371 3587.0938 4693.283 8798.2078 8714.7752 6096.0988 7617.8714 7795.6427 7087.2333 6614.3266 8043.914199999999 5941.967699999999 3015.9087 7567.5651 5975.3242 3181.9803 9444.7283 2811.2064 6707.0303 5986.0632 6526.9222 3824.6952 1346.7075 8484.394400000001 
1820.3917 5721.3476 0 3207.067 3148.0215 7250.348 4901.272199999999 5827.6692 4080.5483 3547.5075 7038.2543000000005 7475.9094 7878.8369999999995 4926.1933 3734.0715 6160.1829 4565.8571 3875.3148 6658.3838 3259.3264 2726.6921 3466.0045 5208.0087 3110.5692 5614.2609 4747.6582 5566.2636 1809.3294 2179.2476 3302.5307000000003 4949.3313 3977.8949 2482.4374 2859.7603 4946.7421 4272.6238 4653.006 2439.5034 4574.5959 7125.947 2512.069 4373.9036 5758.7972 5229.6269 3562.4476 3669.717 3632.0189 7335.725 3030.119 4433.3659 4870.2051 
2995.7116 5330.7861 3207.067 0 4163.588 5604.494100000001 6007.5494 4452.186 3095.6535 631.5774 5603.6296 4931.6015 5800.3452 4289.3971 2442.58 6714.9482 2319.5398999999998 2343.3101 4903.0202 2726.4001000000003 480.3749 3836.7044 2967.0024000000003 4971.0703 3354.5678 5466.0823 3412.5499 3976.0062 2615.9292 1900.4529000000002 3490.0315 6698.1127 2540.9809 2549.3962 2732.3625 5399.9227 1994.8506 3628.165 5403.4493 5464.462 4867.4528 5157.8703000000005 6365.4261 4113.9739 2618.9048000000003 4510.5372 1391.0126 5022.8367 2049.6793 4060.1692000000003 3198.7754 
1327.6298 3184.4235 3148.0215 4163.588 0 5650.7912 2851.0253 4187.1935 6450.1264 3643.1076 5204.7303 7180.3583 6718.064 7732.5718 6067.4392 3130.0827 6293.006 4678.7285 8965.3096 3343.7727 4463.923 961.0421 5406.5503 2095.408 7518.1557999999995 1718.7708 6438.6353 4687.6069 1688.9301 2548.6989 7228.319600000001 5601.5558 3612.1603999999998 5625.9572 6888.7736 3938.6013999999996 6067.4772 5474.6755 2757.5442 5562.4344 4547.3501 2856.3451 2727.5727 7864.4702 2647.8478 4251.9313999999995 5108.1103 7544.2949 3113.8828 2267.26 7227.598 
5835.5507 3047.0819 7250.348 5604.494100000001 5650.7912 0 8501.816499999999 1489.3287 7825.1856 5757.2119 802.4293 3237.1001 1525.0237 9721.8362 7937.3266 5347.5553 6836.5247 4764.7604 9368.348 7316.4313 6069.4116 6327.9792 4503.8869 6904.209699999999 7526.0293 5146.4493 5129.9435 9007.8622 5168.2455 5994.9136 8753.3772 10892.6071 7468.113 8153.7699 7249.558800000001 9098.5885 5948.6836 9071.420900000001 8370.4204 140.0321 9314.2258 8142.9037 5304.718400000001 9361.467700000001 3688.621 8513.187399999999 5794.5667 4364.5752 4382.4907 3446.0326999999997 8198.09 
3205.3109 5848.6999 4901.272199999999 6007.5494 2851.0253 8501.816499999999 0 7037.9464 7651.5023 5401.8019 8046.6193 9886.9395 9562.2364 8355.3864 7099.3984 4897.9005 7968.5405 6884.937 10223.2227 3777.2596 6222.6173 2396.1304 7722.2686 2446.4051 9219.2303 3827.5457 8680.6618 4268.5343 3961.4447 4132.9264 8199.7949 3732.0523 4116.8233 6380.942 8476.8004 1963.0194999999999 7998.7017 5483.5384 781.9623 8410.5865 3616.8412 1075.8299 4838.6847 8753.6576 5337.7854 2411.1664 6984.475 10099.6905 5488.6681 5107.5334 8444.5482 
4351.0486 2009.9453 5827.6692 4452.186 4187.1935 1489.3287 7037.9464 0 6856.2399 4529.7173 1211.4805 3731.0357999999997 2579.5257 8701.793 6889.4145 4745.9222 5995.1033 3821.7856 8700.9797 5899.4655 4931.416 4857.5646 4728.0442 5440.8294 7010.9636 3873.9933 4672.9079 7589.0278 3699.6617 4580.7297 7795.8808 9406.9937 6079.1212 6979.035100000001 6483.319 7609.4142 5353.1445 7751.9196 6888.7889 1629.3608 7864.138 6662.3075 4117.2916 8413.4973 2265.2216 7042.1717 4852.3553 4555.9435 3111.6154 3356.6528 7331.4307 
5149.4646 7879.7737 4080.5483 3095.6535 6450.1264 7825.1856 7651.5023 6856.2399 0 2871.4568 7935.4825 6304.661700000001 7707.4573 1998.1006000000002 653.0735 9212.9143 1529.8698 3067.0787 2580.5306 3876.6173 2947.1467000000002 5890.632 3445.577 6991.8413 1837.344 7911.4784 3402.7298 4183.1551 4855.8086 3911.7675 939.6409 7207.7073 3547.7477 1527.3847 1981.3624 6509.331 2144.212 3120.7222 6924.8963 7685.4958 5056.4228 6593.3914 8850.060300000001 1570.4856 5079.152 5550.1428 2036.509 5478.5645 4271.054099999999 6609.688 900.1571 
2420.1921 5149.17 3547.5075 631.5774 3643.1076 5757.2119 5401.8019 4529.7173 2871.4568 0 5686.1784 5551.7110999999995 6094.1136 4444.6255 2623.6313 6390.0656 2652.8253 1711.7327 5322.202 2094.8227 820.8154 3245.9502 2604.3089 4380.3161 3901.0082 5055.3503 3518.1681 3502.4884 1984.3518 1268.8755 3735.7276 6158.5535 1993.7166 2908.6585 3257.3095 4780.7557 2620.9532 3327.0487 4771.8719 5666.964599999999 4255.4157 4539.7338 5978.6035 4386.7885 2383.0101 3878.9597999999996 1583.9296 5177.9043 1418.1019 3802.4625 3587.9323 
5508.6246 2446.8807 7038.2543000000005 5603.6296 5204.7303 802.4293 8046.6193 1211.4805 7935.4825 5686.1784 0 3792.7773 2055.1924 9826.5383 7995.586 5138.3165 7004.347 4871.6233 9602.6324 7103.879 6084.0045 5936.4558 4724.8958 6428.684 7779.6459 4579.9735 5444.8527 8797.4769 4886.0349 5790.2003 8871.7341 10551.2258 7232.3593 8143.3089 7452.3513 8731.4661 6158.9254 8963.4001 7949.5381 662.3972 9059.2459 7738.4277 4859.9784 9474.3748 3475.8067 8192.2996 5898.9735 4889.623799999999 4279.0663 2939.0859 8359.0139 
6740.671 5740.9797 7475.9094 4931.6015 7180.3583 3237.1001 9886.9395 3731.0357999999997 6304.661700000001 5551.7110999999995 3792.7773 0 2127.4172 8132.981500000001 6626.0145 7919.8952 5087.5213 3923.3179 7003.9498 7447.2441 5252.8203 7495.52 3151.1132 8422.8222 5368.2163 7390.7884 2901.9319 8896.4645 5965.4798 6275.878699999999 7074.5218 11453.8043 7390.8068 7338.4839 5268.1416 9896.845 4318.8418 8506.4146 9516.777 3157.1383 9483.488 9216.8438 7772.8814 7530.6394 4557.509 9084.8904 4727.103 1231.8133 4536.0635 5314.5402 6343.4714 
6685.9801 4404.2276 7878.8369999999995 5800.3452 6718.064 1525.0237 9562.2364 2579.5257 7707.4573 6094.1136 2055.1924 2127.4172 0 9618.0839 7932.0063 6611.8418 6945.878000000001 4771.519 8867.7574 7900.9623 6280.7201 7282.0758 4261.8803 7978.7374 7115.4866 6439.9608 4938.334 9521.7717 5948.7307 6598.4886 8595.5869 11692.7138 7941.1169 8292.0704 7395.5588 9967.2442 5988.8176 9406.9783 9352.1388 1409.1565 9949.8997 9096.5172 6557.736 9127.6272 4434.4461 9297.5154 5802.0887 3359.2304999999997 4857.9584 4523.1912 7976.3667 
6404.942 9588.3721 4926.1933 4289.3971 7732.5718 9721.8362 8355.3864 8701.793 1998.1006000000002 4444.6255 9826.5383 8132.981500000001 9618.0839 0 2651.1741 10694.5654 3047.4662 4958.1345 3559.7614999999996 5215.9411 3809.0222 7022.9204 5356.5508 8035.342000000001 3197.6678 9335.9538 5236.4196 4275.3497 6272.2261 5210.3751 1058.4597 7090.6364 4351.6611 2108.4385 2918.5398 6896.9533 4015.2989 2991.9881 7580.3824 9581.8041 5140.5093 7280.7226 10316.722600000001 2753.9121 6791.9721 6018.0303 3927.5648 7266.101000000001 5776.5866 8246.701 1844.9851 
4999.2394 7738.394 3734.0715 2442.58 6067.4392 7937.3266 7099.3984 6889.4145 653.0735 2623.6313 7995.586 6626.0145 7932.0063 2651.1741 0 8935.9539 1682.5935 3188.2575 3130.0877 3324.1091 2922.9548999999997 5528.9396 3711.4833 6524.6776 2490.4175 7600.7179 3893.064 3530.0816 4520.3877 3518.7555 1592.7143999999998 6557.1135 3164.4398 874.3112 1916.718 5886.7526 2554.496 2467.6487 6358.8288 7797.3053 4419.7693 6032.8674 8562.5578 2223.5591 4950.6238 5022.6345 2179.9128 5921.0162 4041.7331999999997 6417.5891 1388.0076 
4384.5119 2735.9768999999997 6160.1829 6714.9482 3130.0827 5347.5553 4897.9005 4745.9222 9212.9143 6390.0656 5138.3165 7919.8952 6611.8418 10694.5654 8935.9539 0 8792.9779 6800.686 11577.7651 6351.893 7122.9136 4091.1248 7261.3621 3632.0256 9946.8062 1462.7547 8307.894 7805.4978 4543.0849 5498.7097 10077.1045 8186.7652 6661.871 8614.5136 9386.0877 6375.8902 8327.1283 8599.6863 5243.4409 5207.5232 7591.3994 5219.0763 1666.1599999999999 10721.9536 4372.5549 6342.6955 7535.8283 8698.1865 5303.4724 3046.1852 9913.7236 
5073.017400000001 7238.6236 4565.8571 2319.5398999999998 6293.006 6836.5247 7968.5405 5995.1033 1529.8698 2652.8253 7004.347 5087.5213 6945.878000000001 3047.4662 1682.5935 8792.9779 0 2183.0614 2798.0503 4238.2949 1839.165 5888.4613 3240.0913 7022.8272 1251.9748 7584.6783 2210.4705 5025.6659 4637.1771 3883.6443 2177.4409 7939.853 3963.9092 2453.7418 607.3096 6991.879 2326.6288 4046.9071 7232.1328 6696.4926 5768.2401 6892.7106 8455.124 2524.943 4481.3753 6033.0729 2457.569 4285.287 3495.5894 6017.1954 1361.5653 
3713.1379 5147.5139 3875.3148 2343.3101 4678.7285 4764.7604 6884.937 3821.7856 3067.0787 1711.7327 4871.6233 3923.3179 4771.519 4958.1345 3188.2575 6800.686 2183.0614 0 4936.7685 3806.3863 1941.2074 4568.0652 2606.5595000000003 5668.0314 3189.178 5718.9741 1806.4354 5214.221100000001 3638.7747 2822.1272 4000.8144 7835.9444 3695.1705 3525.6095 2708.5528 6457.355 1531.3589 4759.4037 6346.072 4624.7283 5785.8514 6005.7413 6494.1637 4603.9574 2428.2014 5563.7272 1030.5697 3466.3286 3129.8346 3939.9056 3544.6267 
7686.5623 10023.858400000001 6658.3838 4903.0202 8965.3096 9368.348 10223.2227 8700.9797 2580.5306 5322.202 9602.6324 7003.9498 8867.7574 3559.7614999999996 3130.0877 11577.7651 2798.0503 4936.7685 0 6445.9631 4507.4055 8451.7729 4879.8571 9562.2224 2211.8378 10337.0479 4261.7336 6616.1224 7305.7568 6454.4729 2519.5782 9501.188 6109.5204 3921.7293 2228.2157 8998.0607 3468.7198 5317.1821 9488.9165 9247.318800000001 7467.1874 9159.9059 11233.975 1815.3085 7276.6177 8070.0526 4078.4751 5910.8445 6293.6397 8813.0522 1789.3071 
2130.4242 5907.2438 3259.3264 2726.4001000000003 3343.7727 7316.4313 3777.2596 5899.4655 3876.6173 2094.8227 7103.879 7447.2441 7900.9623 5215.9411 3324.1091 6351.893 4238.2949 3806.3863 6445.9631 0 2915.6381 2382.7306 4699.0451 3353.9415 5441.9707 4943.3717 5532.4769 1697.9332 2444.8008 1321.5177 4440.2141 4228.2258 2738.1386 3220.0516 4775.3631 2782.4855 4547.9632 2679.6931 3048.279 7190.099300000001 2242.467 2716.8106 5954.3339 5017.5417 3634.2439 1823.2973 3510.9396 7272.0545 3393.2152 4564.1408 4676.2487 
3234.3123 5793.1816 2726.6921 480.3749 4463.923 6069.4116 6222.6173 4931.416 2947.1467000000002 820.8154 6084.0045 5252.8203 6280.7201 3809.0222 2922.9548999999997 7122.9136 1839.165 1941.2074 4507.4055 2915.6381 0 4066.7656 2486.6275 5201.1315 3090.3697 5840.3397 2932.175 3727.5479 2799.0945 2089.6909 3009.6566 6554.5601 2814.532 2087.8431 2440.9295 5383.0129 1926.8692 3258.0757 5474.368 5929.3795 4433.6227 5279.446 6760.4924 3658.7398 2996.7923 4423.8247 910.6377 4846.8816 1972.6634 4486.0977 2790.9059 
2283.4211 4080.0212 3466.0045 3836.7044 961.0421 6327.9792 2396.1304 4857.5646 5890.632 3245.9502 5936.4558 7495.52 7282.0758 7022.9204 5528.9396 4091.1248 5888.4613 4568.0652 8451.7729 2382.7306 4066.7656 0 5386.8943 1134.3659 7140.0018 2656.3691 6374.5006 3824.8859 2649.9722 2010.1841 6606.9062 4875.7305 2724.9413 4914.4819 6487.6054 3007.2120999999997 5831.555 4599.6576 2071.2817 6227.6424 3586.308 1895.3029999999999 3667.5081 7289.999099999999 2959.1168 3290.8893 4806.3163 7710.5834 3419.7765 3042.2961 6680.4082 
4533.9194 5379.3815 5208.0087 2967.0024000000003 5406.5503 4503.8869 7722.2686 4728.0442 3445.577 2604.3089 4724.8958 3151.1132 4261.8803 5356.5508 3711.4833 7261.3621 3240.0913 2606.5595000000003 4879.8571 4699.0451 2486.6275 5386.8943 0 6459.1177 3157.0298 6266.1035 1046.5319 6007.8415 3978.6966 3704.9335 4335.4928 8738.5656 4598.0255 4190.419 3426.2492 7349.6136 2613.0134 5652.9182 7204.1768 4367.4617 6665.2926 6875.5385 6983.1272 4881.5622 2949.6929 6458.4761 1575.9898 2578.2638 3810.5348999999997 4360.525 3714.4864 
1978.625 4546.9358 3110.5692 4971.0703 2095.408 6904.209699999999 2446.4051 5440.8294 6991.8413 4380.3161 6428.684 8422.8222 7978.7374 8035.342000000001 6524.6776 3632.0256 7022.8272 5668.0314 9562.2224 3353.9415 5201.1314999999995 1134.3659 6459.1177 0 8274.3677 2376.0945 7465.3978 4432.3075 2636.6602 3144.55 7678.2633 4614.5328 3683.6809 5970.3295 7621.9713 2749.8033 6947.7156 5439.7 1664.4428 6810.9326 4421.6715 1751.3513 3250.1435 8285.889 3928.6845 3146.9376 5940.6822 8712.0607 4341.6377 3504.932 7775.375 
6321.156 8284.685 5614.2609 3354.5678 7518.1557999999995 7526.0293 9219.2303 7010.9636 1837.344 3901.0082 7779.6459 5368.2163 7115.4866 3197.6678 2490.4175 9946.8062 1251.9748 3189.178 2211.8378 5441.9707 3090.3697 7140.0018 3157.0298 8274.3677 0 8769.1551 2466.2844 6020.4991 5832.1239 5135.6191 2157.8814 9010.8122 5150.0494 3354.1237 1859.2844 8169.3262 1675.71 4952.4899 8484.1076 7392.6261 6844.0006 8144.6854 9620.6614 2395.7997 5592.4133 7219.522999999999 2678.7655 4273.0544 4733.919 7119.3317 1352.6827 
3046.4006 2170.8413 4747.6582 5466.0823 1718.7708 5146.4493 3827.5457 3873.9933 7911.4784 5055.3503 4579.9735 7390.7884 6439.9608 9335.9538 7600.7179 1462.7547 7584.6783 5718.9741 10337.0479 4943.3717 5840.3397 2656.3691 6266.1035 2376.0945 8769.1551 0 7311.2047999999995 6401.5027 3080.3302 4203.6133 8747.3334 6962.9754 5251.7365 7239.1249 8188.5593 5125.897800000001 7198.0448 7186.6627 4040.5373 5095.305 6237.5134 3961.8809 1011.139 9393.9585 3316.6729 4992.4232 6338.2999 8007.5018 4156.452499999999 2833.6609 8628.8041 
5519.5733 6350.1398 5566.2636 3412.5499 6438.6353 5129.9435 8680.6618 4672.9079 3402.7298 3518.1681 5444.8527 2901.9319 4938.334 5236.4196 3893.064 8307.894 2210.4705 1806.4354 4261.7336 5532.4769 2932.175 6374.500599999999 1046.5319 7465.3978 2466.2844 7311.2047999999995 0 6614.4936 4830.0172 4602.4816 4177.9599 9460.8342 5333.5779 4476.9562 2817.7801 8190.1014 1864.5466000000001 5969.5873 8132.840200000001 5001.1856 7347.7927 7796.0503 8029.6591 4629.3858 3994.5319 7273.3604000000005 2021.5373 2092.1694 3325.2406 5383.6854 3441.6519 
3607.9074 7521.6371 1809.3294 3976.0062 4687.6069 9007.8622 4268.5343 7589.0278 4183.1551 3502.4884 8797.4769 8896.4645 9521.7717 4275.3497 3530.0816 7805.4978 5025.6659 5214.221100000001 6616.1224 1697.9332 3727.5479 3824.8859 6007.8415 4432.3075 6020.4991 6401.5027 6614.4936 0 3987.5377 3019.4509 4409.3933 3029.2707 1584.9356 2704.6013 5354.2376 2747.4846 5491.2368 2496.8374 3489.5917 8867.8301 891.4466 3255.9739 7402.812 4833.8947 5323.8062 1860.3876 4592.9563 8574.4295 4669.2877 6242.234100000001 4918.0892 
2397.2141 3587.0938 2179.2476 2615.9292 1688.9301 5168.2455 3961.4447 3699.6617 4855.8086 1984.3518 4886.0349 5965.4798 5948.7307 6272.2261 4520.3877 4543.0849 4637.1771 3638.7747 7305.7568 2444.8008 2799.0945 2649.9722 3978.6966 2636.6602 5832.1239 3080.3302 4830.0172 3987.5377 0 1123.2831 5720.0794000000005 5757.4835 2509.005 4620.7126 5207.7559 4026.3205 4456.203799999999 4456.8204000000005 3799.217 5084.5607 4475.477800000001 3571.9604 4044.4965 6313.7631 1566.1247999999998 3352.555 3419.1802 6138.6589 2058.1571 2381.142 5572.2841 
2977.2586 4693.283 3302.5307000000003 1900.4529000000002 2548.6989 5994.9136 4132.9264 4580.7297 3911.7675 1268.8755 5790.2003 6275.878699999999 6598.4886 5210.3751 3518.7555 5498.7097 3883.6443 2822.1272 6454.4729 1321.5177 2089.6909 2010.1841 3704.9335 3144.55 5135.6191 4203.6133 4602.4816 3019.4509 1123.2831 0 4679.6207 5187.0312 3008.4912 3497.4326 4480.1473 3663.2936 3884.5244 3469.9229 3530.3586 5868.5816 3352.1947 3270.8583 5167.7796 5316.0559 2316.1667 2817.6036 2852.4607 6283.1973 2572.5235000000002 3379.0272999999997 4678.8991 
5911.6506 8798.2078 4949.3313 3490.0315 7228.319600000001 8753.3772 8199.7949 7795.8808 939.6409 3735.7276 8871.7341 7074.5218 8595.5869 1058.4597 1592.7143999999998 10077.1045 2177.4409 4000.8144 2519.5782 4440.2141 3009.6566 6606.9062 4335.4928 7678.2633 2157.8814 8747.3334 4177.9599 4409.3933 5720.0794000000005 4679.6207 0 7376.5613 4090.3126 2467.0256 1860.0801 6895.0871 2967.7331 3211.3032 7446.7439 8625.1367 5293.5906 7127.1894 9706.600699999999 1713.7288 5998.2686 5973.6019 2972.8858 6207.6413 4982.32 7495.7543000000005 815.8756 
5057.1504 8714.7752 3977.8949 6698.1127 5601.5558 10892.6071 3732.0523000000003 9406.9937 7207.7073 6158.5535 10551.2258 11453.8043 11692.7138 7090.6364 6557.1135 8186.7652 7939.853 7835.9444 9501.188 4228.2258 6554.5601 4875.7305 8738.5656 4614.5328 9010.8122 6962.9754 9460.8342 3029.2707 5757.4835 5187.0312 7376.5613 0 4164.8369 5685.7786 8376.8381 1868.5184 8419.8552 4184.0059 2950.09 10781.699 2226.9642 3003.3917 7818.4868 7747.2553 7285.054 2404.9285 7458.2487 11302.0623 6949.8579 7670.4652 7916.4524 
2284.5306 6096.0988 2482.4374 2540.9809 3612.1603999999998 7468.113 4116.8233 6079.1212 3547.7477 1993.7166 7232.3593 7390.8068 7941.1169 4351.6611 3164.4398 6661.871 3963.9092 3695.1705 6109.5204 2738.1385999999998 2814.532 2724.9413 4598.0255 3683.6809 5150.0494 5251.7365 5333.5779 1584.9356 2509.005 3008.4912 4090.3126 4164.8369 0 2290.1286 4571.218800000001 3027.9698 4349.0642 1947.8154 3390.8212 7332.3355 2476.3822 3050.4905 6262.2541 4663.2548 3813.8996 2069.4736 3312.0406 7161.4991 3085.6223 4776.6868 4350.8909 
4557.7918 7617.8714 2859.7603 2549.3962 5625.9572 8153.7699 6380.942 6979.035100000001 1527.3847 2908.6585 8143.3089 7338.4839 8292.0704 2108.4385 874.3112 8614.5136 2453.7418 3525.6095 3921.7293 3220.0516000000002 2087.8431 4914.4819 4190.419 5970.3295 3354.1237 7239.1249 4476.9562 2704.6013 4620.7126 3497.4326 2467.0256 5685.7786 2290.1286 0 2766.1041 5076.3314 3428.8072 1607.7195 5623.3417 8013.7378 3545.4581 5306.552299999999 8228.2443 2375.5172 4895.9191 4148.3233 2614.4292 6569.125599999999 3922.1239 6291.667799999999 2238.5364 
5675.2418 7795.6427 4946.7421 2732.3625 6888.7736 7249.558800000001 8476.8004 6483.319 1981.3624000000002 3257.3095 7452.3513 5268.1416 7395.5588 2918.5398 1916.718 9386.0877 607.3096 2708.5528 2228.2157 4775.3631 2440.9295 6487.6054 3426.2492 7621.9713 1859.2844 8188.5593 2817.7801 5354.2376 5207.7559 4480.1473 1860.0801 8376.8381 4571.218800000001 2766.1041 0 7557.848599999999 2887.283 4373.451 7793.7225 7109.5267 6207.6641 7453.3918 9052.025399999999 2270.5753 5057.9858 6598.6604 1850.2594 4355.0293 4084.8044999999997 6598.567800000001 1081.2053 
3576.5519 7087.2333 4272.6238 5399.9227 3938.6013999999996 9098.5885 1963.0194999999999 7609.4142 6509.331 4780.7557 8731.4661 9896.845 9967.2442 6896.9533 5886.7526 6375.8902 6991.879 6457.355 8998.0607 2782.4855 5383.0129 3007.2120999999997 7349.6136 2749.8033 8169.3262 5125.897800000001 8190.1014 2747.4846 4026.3205 3663.2936 6895.0871 1868.5184 3027.9698 5076.3314 7557.848599999999 0 7292.0424 4054.7243 1181.0572 9078.3444 1856.038 1521.3879 5998.1018 7399.143 5567.2656 959.1882 6290.3012 9891.4632 5522.923699999999 5827.1593 7272.893 
4969.2 6614.3266 4653.006 1994.8506 6067.4772 5948.6836 7998.7017 5353.1445 2144.212 2620.9532 6158.9254 4318.8418 5988.8176 4015.2989 2554.496 8327.1283 2326.6288 1531.3589 3468.7198 4547.9632 1926.8692 5831.555 2613.0134 6947.7156 1675.71 7198.0448 1864.5466000000001 5491.2368 4456.203799999999 3884.5244 2967.7331 8419.8552 4349.0642 3428.8072 2887.283 7292.0424 0 4752.3805 7379.9431 5812.1545 6266.6014 7040.2004 8023.368 3474.2855 3956.3562 6346.3375 1037.0236 3366.5202 3058.209 5471.2645 2292.1154 
4232.346 8043.914200000001 2439.5034 3628.165 5474.6755 9071.420900000001 5483.5384 7751.9196 3120.7222 3327.0487 8963.4001 8506.4146 9406.9783 2991.9881 2467.6487 8599.6863 4046.9071 4759.4037 5317.1821 2679.6931 3258.0757 4599.6576 5652.9182 5439.7 4952.4899 7186.6627 5969.5873 2496.8374 4456.8204000000005 3469.9229 3211.3032 4184.0059 1947.8154 1607.7195 4373.451 4054.7243 4752.3805 0 4701.5761 8937.7929 2198.93 4428.9607 8197.624899999999 3579.6788 5520.7248 3466.8599 4076.9284000000002 8018.7571 4688.9302 6724.502200000001 3768.5542 
2778.0765 5941.967699999999 4574.5959 5403.4493 2757.5442 8370.420399999999 781.9623 6888.7889 6924.8963 4771.8719 7949.5381 9516.777 9352.1388 7580.3824 6358.8288 5243.4409 7232.1328 6346.072 9488.9165 3048.279 5474.368 2071.2817 7204.1768 1664.4428 8484.1076 4040.5373 8132.840200000001 3489.5917 3799.217 3530.3586 7446.7439 2950.09 3390.8212 5623.3417 7793.7225 1181.0572 7379.9431 4701.5761 0 8274.3823 2927.2075999999997 340.3307 4875.1657 7992.2123 5015.6655 1629.2041 6342.9195 9646.7035 5034.4593 5011.3186 7715.4995 
5724.6045 3015.9087 7125.947 5464.462 5562.4344 140.0321 8410.5865 1629.3608 7685.4958 5666.964599999999 662.3972 3157.1383 1409.1565 9581.8041 7797.3053 5207.5232 6696.4926 4624.7283 9247.318800000001 7190.099300000001 5929.3795 6227.6424 4367.4617 6810.9326 7392.6261 5095.305 5001.1856 8867.8301 5084.5607 5868.5816 8625.1367 10781.699 7332.3355 8013.7378 7109.5267 9078.3444 5812.1545 8937.7929 8274.3823 0 9191.0143 8044.0672 5164.6863 9221.4356 3565.431 8395.8621 5654.5346 4269.5482 4248.8627 3306.0006 8058.0579 
3851.0292 7567.5651 2512.069 4867.4528 4547.3501 9314.2258 3616.8412 7864.138 5056.4228 4255.4157 9059.2459 9483.488 9949.8997 5140.5093 4419.7693 7591.3994 5768.2401 5785.8514 7467.1874 2242.467 4433.6227 3586.308 6665.2926 4421.6715 6844.0006 6237.5134 7347.7927 891.4466 4475.477800000001 3352.1947 5293.5906 2226.9642 2476.3822 3545.4581 6207.6641 1856.038 6266.6014 2198.93 2927.2075999999997 9191.0143 0 2670.3202 7192.7903 5719.9148 5625.6048 1298.0035 5326.2554 9242.7581 5102.4654 6364.210300000001 5783.8328 
2687.8247 5975.3242 4373.9036 5157.8703000000005 2856.3451 8142.9037 1075.8299 6662.3075 6593.3914 4539.7338 7738.4277 9216.8438 9096.5172 7280.7226 6032.8674 5219.0763 6892.7106 6005.7413 9159.9059 2716.8106 5279.446 1895.3029999999999 6875.5385 1751.3513 8144.6854 3961.8809 7796.0503 3255.9739 3571.9604 3270.8583 7127.1894 3003.3917 3050.4905 5306.552299999999 7453.3918 1521.3879 7040.2004 4428.9607 340.3307 8044.0672 2670.3202 0 4840.6555 7678.8533 4736.0917 1395.5863 6003.2602 9328.4346 4720.5069 4805.6996 7385.5323 
3987.0754 3181.9803 5758.7972 6365.4261 2727.5727 5304.718400000001 4838.6847 4117.2916 8850.060300000001 5978.6035 4859.9784 7772.8814 6557.736 10316.722600000001 8562.5578 1666.1599999999999 8455.124 6494.1637 11233.975 5954.3339 6760.4924 3667.5081 6983.1272 3250.1435 9620.6614 1011.139 8029.6591 7402.812 4044.4965 5167.7796 9706.600699999999 7818.4868 6262.2541 8228.2443 9052.025399999999 5998.1018 8023.368 8197.624899999999 4875.1657 5164.6863 7192.7903 4840.6555 0 10351.3426 4244.846399999999 5947.7842 7201.766 8673.2351 4974.637 3844.7999 9551.3983 
6544.7372 9444.7283 5229.6269 4113.9739 7864.4702 9361.467700000001 8753.6576 8413.4973 1570.4856 4386.7885 9474.3748 7530.6394 9127.6272 2753.9121 2223.5591 10721.9536 2524.943 4603.9574 1815.3085 5017.5417 3658.7398 7289.999099999999 4881.5622 8285.889 2395.7997 9393.9585 4629.3858 4833.8947 6313.7631 5316.0559 1713.7288 7747.2553 4663.2548 2375.5172 2270.5753 7399.143 3474.2855 3579.6788 7992.2123 9221.4356 5719.9148 7678.8533 10351.3426 0 6644.2669 6483.0379 3606.9946 6603.0497 5620.1411 8144.8375 1189.37 
2275.1512 2811.2064 3562.4476 2618.9048000000003 2647.8478 3688.621 5337.7854 2265.2216 5079.152 2383.0101 3475.8067 4557.509 4434.4461 6791.9721 4950.6238 4372.5549 4481.3753 2428.2014 7276.6177 3634.2439 2996.7923 2959.1168 2949.6929 3928.6845 5592.4133 3316.6729 3994.5319 5323.8062 1566.1247999999998 2316.1667 5998.2686 7285.054 3813.8996 4895.9191 5057.9858 5567.2656 3956.3562 5520.7248 5015.6655 3565.431 5625.6048 4736.0917 4244.846399999999 6644.2669 0 4896.6109 3234.6892 4901.6834 1024.1289 1540.5819999999999 5729.4411 
3474.5733 6707.0303 3669.717 4510.5372 4251.9313999999995 8513.187399999999 2411.1664 7042.1717 5550.1428 3878.9597999999996 8192.2996 9084.8904 9297.5154 6018.0303 5022.6345 6342.6955 6033.0729 5563.7272 8070.0526 1823.2973 4423.8247 3290.8893 6458.4761 3146.9376 7219.522999999999 4992.4232 7273.3604000000005 1860.3876 3352.555 2817.6036 5973.6019 2404.9285 2069.4736 4148.3233 6598.6604 959.1882 6346.3375 3466.8599 1629.2041 8395.8621 1298.0035 1395.5863 5947.7842 6483.0379 4896.6109 0 5334.2369 9011.2784 4563.7355 5360.3228 6327.7226 
4004.1217 5986.0632 3632.0189 1391.0126 5108.1103 5794.5667 6984.475 4852.3553 2036.509 1583.9296 5898.9735 4727.103 5802.0887 3927.5648 2179.9128 7535.8283 2457.569 1030.5697 4078.4751 3510.9396 910.6377 4806.3163 1575.9898 5940.6822 2678.7655 6338.2999 2021.5373 4592.9563 3419.1802 2852.4607 2972.8858 7458.2487 3312.0406 2614.4292 1850.2594 6290.3012 1037.0236 4076.9284000000002 6342.9195 5654.5346 5326.2554 6003.2602 7201.766 3606.9946 3234.6892 5334.2369 0 4113.706700000001 2234.5451 4755.2262 2743.5704 
6897.1334 6526.9222 7335.725 5022.8367 7544.2949 4364.5752 10099.6905 4555.9435 5478.5645 5177.9043 4889.623799999999 1231.8133 3359.2304999999997 7266.101000000001 5921.0162 8698.1865 4285.287 3466.3286 5910.8445 7272.0545 4846.8816 7710.5834 2578.2638 8712.0607 4273.0544 8007.5018 2092.1694 8574.4295 6138.6589 6283.1973 6207.6413 11302.0623 7161.4991 6569.125599999999 4355.0293 9891.4632 3366.5202 8018.7571 9646.7035 4269.5482 9242.7581 9328.4346 8673.2351 6603.0497 4901.6834 9011.2784 4113.706700000001 0 4769.7217 6123.4617 5434.7608 
2889.8106 3824.6952 3030.119 2049.6793 3113.8828 4382.4907 5488.6681 3111.6154 4271.054099999999 1418.1019 4279.0663 4536.0635 4857.9584 5776.5866 4041.7331999999997 5303.4724 3495.5894 3129.8346 6293.6397 3393.2152 1972.6634 3419.7765 3810.5348999999997 4341.6377 4733.919 4156.452499999999 3325.2406 4669.2877 2058.1571 2572.5235000000002 4982.32 6949.8579 3085.6223 3922.1239 4084.8044999999997 5522.923699999999 3058.209 4688.9302 5034.4593 4248.8627 5102.4654 4720.5069 4974.637 5620.1411 1024.1289 4563.7355 2234.5451 4769.7217 0 2542.223 4763.5693 
2717.2584 1346.7075 4433.3659 4060.1692000000003 2267.26 3446.0326999999997 5107.5334 3356.6528 6609.688 3802.4625 2939.0859 5314.5402 4523.1912 8246.701 6417.5891 3046.1852 6017.1954 3939.9056 8813.0522 4564.1408 4486.0977 3042.2961 4360.525 3504.932 7119.3317 2833.6609 5383.6854 6242.234100000001 2381.142 3379.0272999999997 7495.7543000000005 7670.4652 4776.6868 6291.667799999999 6598.567800000001 5827.1593 5471.2645 6724.502200000001 5011.3186 3306.0006 6364.210300000001 4805.6996 3844.7999 8144.8375 1540.5819999999999 5360.3228 4755.2262 6123.4617 2542.223 0 7219.179 
5914.6736 8484.394400000001 4870.2051 3198.7754 7227.598 8198.09 8444.5482 7331.4307 900.1571 3587.9323 8359.0139 6343.4714 7976.3667 1844.9851 1388.0076 9913.7236 1361.5653 3544.6267 1789.3071 4676.2487 2790.9059 6680.4082 3714.4864 7775.375 1352.6827 8628.8041 3441.6519 4918.0892 5572.2841 4678.8991 815.8756 7916.4524 4350.8909 2238.5364 1081.2053 7272.893 2292.1154 3768.5542 7715.4995 8058.0579 5783.8328 7385.5323 9551.3983 1189.37 5729.4411 6327.7226 2743.5704 5434.7608 4763.5693 7219.179 0 
