51
27 54 63 79 95 42 45 20 78 34 67 92 19 15 23 17 88 84 57 80 33 39 62 89 44 3 58 18 43 83 49 4 25 73 64 68 50 47 94 93 28 82 48 9 72 40 70 65 38 53 0
0 623.0 901.0 1122.0 1222.0 518.0 511.0 632.0 1126.0 596.0 701.0 1212.0 610.0 628.0 389.0 634.0 1126.0 1117.0 515.0 1120.0 522.0 597.0 907.0 1120.0 515.0 513.0 797.0 613.0 513.0 1127.0 424.0 527.0 420.0 922.0 918.0 1005.0 617.0 634.0 1209.0 1231.0 294.0 1120.0 605.0 615.0 911.0 610.0 1114.0 895.0 611.0 439.0 423.0 
623.0 0 496.0 717.0 817.0 307.0 300.0 621.0 721.0 389.0 296.0 807.0 599.0 615.0 602.0 623.0 721.0 712.0 110.0 715.0 390.0 388.0 502.0 715.0 304.0 496.0 392.0 602.0 302.0 722.0 403.0 510.0 633.0 517.0 513.0 600.0 404.0 421.0 804.0 826.0 624.0 715.0 392.0 600.0 506.0 401.0 709.0 490.0 402.0 203.0 404.0 
901.0 496.0 0 623.0 723.0 585.0 578.0 899.0 627.0 667.0 202.0 713.0 877.0 893.0 880.0 901.0 627.0 618.0 386.0 621.0 668.0 666.0 291.0 621.0 582.0 774.0 401.0 880.0 580.0 628.0 681.0 788.0 911.0 423.0 419.0 506.0 682.0 699.0 710.0 732.0 902.0 621.0 670.0 878.0 412.0 679.0 615.0 396.0 680.0 481.0 682.0 
1122.0 717.0 623.0 0 312.0 806.0 799.0 1120.0 216.0 888.0 421.0 302.0 1098.0 1114.0 1101.0 1122.0 216.0 207.0 607.0 21.0 889.0 887.0 629.0 210.0 803.0 995.0 622.0 1101.0 801.0 217.0 902.0 1009.0 1132.0 204.0 640.0 397.0 903.0 920.0 299.0 321.0 1123.0 210.0 891.0 1099.0 211.0 900.0 416.0 617.0 901.0 702.0 903.0 
1222.0 817.0 723.0 312.0 0 906.0 899.0 1220.0 316.0 988.0 521.0 396.0 1198.0 1214.0 1201.0 1222.0 312.0 305.0 707.0 310.0 989.0 987.0 729.0 306.0 903.0 1095.0 722.0 1201.0 901.0 315.0 1002.0 1109.0 1232.0 304.0 740.0 497.0 1003.0 1020.0 317.0 415.0 1223.0 308.0 991.0 1199.0 311.0 1000.0 516.0 717.0 1001.0 802.0 1003.0 
518.0 307.0 585.0 806.0 906.0 0 195.0 518.0 810.0 284.0 385.0 896.0 496.0 512.0 497.0 520.0 810.0 801.0 199.0 804.0 285.0 283.0 591.0 804.0 199.0 393.0 481.0 499.0 15.0 811.0 300.0 407.0 528.0 606.0 602.0 689.0 301.0 318.0 893.0 915.0 519.0 804.0 289.0 497.0 595.0 296.0 798.0 579.0 297.0 123.0 301.0 
511.0 300.0 578.0 799.0 899.0 195.0 0 511.0 803.0 277.0 378.0 889.0 489.0 505.0 490.0 513.0 803.0 794.0 192.0 797.0 278.0 276.0 584.0 797.0 15.0 386.0 474.0 492.0 190.0 804.0 293.0 400.0 521.0 599.0 595.0 682.0 294.0 311.0 886.0 908.0 512.0 797.0 282.0 490.0 588.0 289.0 791.0 572.0 290.0 116.0 294.0 
632.0 621.0 899.0 1120.0 1220.0 518.0 511.0 0 1124.0 600.0 699.0 1210.0 300.0 422.0 495.0 428.0 1124.0 1115.0 513.0 1118.0 601.0 599.0 905.0 1118.0 515.0 307.0 795.0 407.0 513.0 1125.0 218.0 321.0 640.0 920.0 916.0 1003.0 515.0 632.0 1207.0 1229.0 633.0 1118.0 603.0 409.0 909.0 612.0 1112.0 893.0 613.0 437.0 217.0 
1126.0 721.0 627.0 216.0 316.0 810.0 803.0 1124.0 0 892.0 425.0 306.0 1102.0 1118.0 1105.0 1126.0 220.0 211.0 611.0 214.0 893.0 891.0 633.0 214.0 807.0 999.0 626.0 1105.0 805.0 221.0 906.0 1013.0 1136.0 208.0 644.0 401.0 907.0 924.0 303.0 325.0 1127.0 214.0 895.0 1103.0 215.0 904.0 420.0 621.0 905.0 706.0 907.0 
596.0 389.0 667.0 888.0 988.0 284.0 277.0 600.0 892.0 0 467.0 978.0 578.0 594.0 575.0 602.0 892.0 883.0 281.0 886.0 363.0 363.0 673.0 886.0 281.0 475.0 563.0 581.0 279.0 893.0 382.0 489.0 606.0 688.0 684.0 771.0 383.0 400.0 975.0 997.0 597.0 886.0 371.0 579.0 677.0 376.0 880.0 661.0 377.0 205.0 383.0 
701.0 296.0 202.0 421.0 521.0 385.0 378.0 699.0 425.0 467.0 0 511.0 677.0 693.0 680.0 701.0 425.0 416.0 186.0 419.0 468.0 466.0 208.0 419.0 382.0 574.0 201.0 680.0 380.0 426.0 481.0 588.0 711.0 221.0 219.0 304.0 482.0 499.0 508.0 530.0 702.0 419.0 470.0 678.0 210.0 479.0 413.0 196.0 480.0 281.0 482.0 
1212.0 807.0 713.0 302.0 396.0 896.0 889.0 1210.0 306.0 978.0 511.0 0 1188.0 1204.0 1191.0 1212.0 302.0 295.0 697.0 300.0 979.0 977.0 719.0 296.0 893.0 1085.0 712.0 1191.0 891.0 305.0 992.0 1099.0 1222.0 294.0 730.0 487.0 993.0 1010.0 383.0 317.0 1213.0 298.0 981.0 1189.0 301.0 990.0 506.0 707.0 991.0 792.0 993.0 
610.0 599.0 877.0 1098.0 1198.0 496.0 489.0 300.0 1102.0 578.0 677.0 1188.0 0 400.0 473.0 406.0 1102.0 1093.0 491.0 1096.0 579.0 577.0 883.0 1096.0 493.0 285.0 773.0 385.0 491.0 1103.0 196.0 299.0 618.0 898.0 894.0 981.0 493.0 610.0 1185.0 1207.0 611.0 1096.0 581.0 387.0 887.0 590.0 1090.0 871.0 591.0 415.0 195.0 
628.0 615.0 893.0 1114.0 1214.0 512.0 505.0 422.0 1118.0 594.0 693.0 1204.0 400.0 0 491.0 424.0 1118.0 1109.0 507.0 1112.0 595.0 593.0 899.0 1112.0 509.0 301.0 789.0 403.0 507.0 1119.0 212.0 315.0 636.0 914.0 910.0 997.0 509.0 626.0 1201.0 1223.0 629.0 1112.0 597.0 403.0 903.0 606.0 1106.0 887.0 607.0 431.0 211.0 
389.0 602.0 880.0 1101.0 1201.0 497.0 490.0 495.0 1105.0 575.0 680.0 1191.0 473.0 491.0 0 497.0 1105.0 1096.0 494.0 1099.0 501.0 576.0 886.0 1099.0 494.0 376.0 776.0 476.0 492.0 1106.0 287.0 390.0 397.0 901.0 897.0 984.0 584.0 613.0 1188.0 1210.0 390.0 1099.0 584.0 478.0 890.0 589.0 1093.0 874.0 590.0 418.0 286.0 
634.0 623.0 901.0 1122.0 1222.0 520.0 513.0 428.0 1126.0 602.0 701.0 1212.0 406.0 424.0 497.0 0 1126.0 1117.0 515.0 1120.0 603.0 601.0 907.0 1120.0 517.0 309.0 797.0 300.0 515.0 1127.0 220.0 323.0 642.0 922.0 918.0 1005.0 517.0 634.0 1209.0 1231.0 635.0 1120.0 605.0 411.0 911.0 614.0 1114.0 895.0 615.0 439.0 219.0 
1126.0 721.0 627.0 216.0 312.0 810.0 803.0 1124.0 220.0 892.0 425.0 302.0 1102.0 1118.0 1105.0 1126.0 0 209.0 611.0 214.0 893.0 891.0 633.0 210.0 807.0 999.0 626.0 1105.0 805.0 219.0 906.0 1013.0 1136.0 208.0 644.0 401.0 907.0 924.0 299.0 321.0 1127.0 212.0 895.0 1103.0 215.0 904.0 420.0 621.0 905.0 706.0 907.0 
1117.0 712.0 618.0 207.0 305.0 801.0 794.0 1115.0 211.0 883.0 416.0 295.0 1093.0 1109.0 1096.0 1117.0 209.0 0 602.0 205.0 884.0 882.0 624.0 203.0 798.0 990.0 617.0 1096.0 796.0 210.0 897.0 1004.0 1127.0 199.0 635.0 392.0 898.0 915.0 292.0 314.0 1118.0 203.0 886.0 1094.0 206.0 895.0 411.0 612.0 896.0 697.0 898.0 
515.0 110.0 386.0 607.0 707.0 199.0 192.0 513.0 611.0 281.0 186.0 697.0 491.0 507.0 494.0 515.0 611.0 602.0 0 605.0 282.0 280.0 392.0 605.0 196.0 388.0 282.0 494.0 194.0 612.0 295.0 402.0 525.0 407.0 403.0 490.0 296.0 313.0 694.0 716.0 516.0 605.0 284.0 492.0 396.0 293.0 599.0 380.0 294.0 95.0 296.0 
1120.0 715.0 621.0 21.0 310.0 804.0 797.0 1118.0 214.0 886.0 419.0 300.0 1096.0 1112.0 1099.0 1120.0 214.0 205.0 605.0 0 887.0 885.0 627.0 208.0 801.0 993.0 620.0 1099.0 799.0 215.0 900.0 1007.0 1130.0 202.0 638.0 395.0 901.0 918.0 297.0 319.0 1121.0 208.0 889.0 1097.0 209.0 898.0 414.0 615.0 899.0 700.0 901.0 
522.0 390.0 668.0 889.0 989.0 285.0 278.0 601.0 893.0 363.0 468.0 979.0 579.0 595.0 501.0 603.0 893.0 884.0 282.0 887.0 0 364.0 674.0 887.0 282.0 476.0 564.0 582.0 280.0 894.0 383.0 490.0 532.0 689.0 685.0 772.0 384.0 401.0 976.0 998.0 523.0 887.0 372.0 580.0 678.0 377.0 881.0 662.0 378.0 206.0 384.0 
597.0 388.0 666.0 887.0 987.0 283.0 276.0 599.0 891.0 363.0 466.0 977.0 577.0 593.0 576.0 601.0 891.0 882.0 280.0 885.0 364.0 0 672.0 885.0 280.0 474.0 562.0 580.0 278.0 892.0 381.0 488.0 607.0 687.0 683.0 770.0 382.0 399.0 974.0 996.0 598.0 885.0 370.0 578.0 676.0 317.0 879.0 660.0 376.0 204.0 382.0 
907.0 502.0 291.0 629.0 729.0 591.0 584.0 905.0 633.0 673.0 208.0 719.0 883.0 899.0 886.0 907.0 633.0 624.0 392.0 627.0 674.0 672.0 0 627.0 588.0 780.0 407.0 886.0 586.0 634.0 687.0 794.0 917.0 429.0 425.0 512.0 688.0 705.0 716.0 738.0 908.0 627.0 676.0 884.0 418.0 685.0 621.0 402.0 686.0 487.0 688.0 
1120.0 715.0 621.0 210.0 306.0 804.0 797.0 1118.0 214.0 886.0 419.0 296.0 1096.0 1112.0 1099.0 1120.0 210.0 203.0 605.0 208.0 887.0 885.0 627.0 0 801.0 993.0 620.0 1099.0 799.0 213.0 900.0 1007.0 1130.0 202.0 638.0 395.0 901.0 918.0 293.0 315.0 1121.0 206.0 889.0 1097.0 209.0 898.0 414.0 615.0 899.0 700.0 901.0 
515.0 304.0 582.0 803.0 903.0 199.0 15.0 515.0 807.0 281.0 382.0 893.0 493.0 509.0 494.0 517.0 807.0 798.0 196.0 801.0 282.0 280.0 588.0 801.0 0 390.0 478.0 496.0 194.0 808.0 297.0 404.0 525.0 603.0 599.0 686.0 298.0 315.0 890.0 912.0 516.0 801.0 286.0 494.0 592.0 293.0 795.0 576.0 294.0 120.0 298.0 
513.0 496.0 774.0 995.0 1095.0 393.0 386.0 307.0 999.0 475.0 574.0 1085.0 285.0 301.0 376.0 309.0 999.0 990.0 388.0 993.0 476.0 474.0 780.0 993.0 390.0 0 670.0 288.0 388.0 1000.0 93.0 196.0 521.0 795.0 791.0 878.0 390.0 507.0 1082.0 1104.0 514.0 993.0 478.0 286.0 784.0 487.0 987.0 768.0 488.0 312.0 92.0 
797.0 392.0 401.0 622.0 722.0 481.0 474.0 795.0 626.0 563.0 201.0 712.0 773.0 789.0 776.0 797.0 626.0 617.0 282.0 620.0 564.0 562.0 407.0 620.0 478.0 670.0 0 776.0 476.0 627.0 577.0 684.0 807.0 422.0 418.0 505.0 578.0 595.0 709.0 731.0 798.0 620.0 566.0 774.0 411.0 575.0 614.0 395.0 576.0 377.0 578.0 
613.0 602.0 880.0 1101.0 1201.0 499.0 492.0 407.0 1105.0 581.0 680.0 1191.0 385.0 403.0 476.0 300.0 1105.0 1096.0 494.0 1099.0 582.0 580.0 886.0 1099.0 496.0 288.0 776.0 0 494.0 1106.0 199.0 302.0 621.0 901.0 897.0 984.0 496.0 613.0 1188.0 1210.0 614.0 1099.0 584.0 390.0 890.0 593.0 1093.0 874.0 594.0 418.0 198.0 
513.0 302.0 580.0 801.0 901.0 15.0 190.0 513.0 805.0 279.0 380.0 891.0 491.0 507.0 492.0 515.0 805.0 796.0 194.0 799.0 280.0 278.0 586.0 799.0 194.0 388.0 476.0 494.0 0 806.0 295.0 402.0 523.0 601.0 597.0 684.0 296.0 313.0 888.0 910.0 514.0 799.0 284.0 492.0 590.0 291.0 793.0 574.0 292.0 118.0 296.0 
1127.0 722.0 628.0 217.0 315.0 811.0 804.0 1125.0 221.0 893.0 426.0 305.0 1103.0 1119.0 1106.0 1127.0 219.0 210.0 612.0 215.0 894.0 892.0 634.0 213.0 808.0 1000.0 627.0 1106.0 806.0 0 907.0 1014.0 1137.0 209.0 645.0 402.0 908.0 925.0 302.0 324.0 1128.0 15.0 896.0 1104.0 216.0 905.0 421.0 622.0 906.0 707.0 908.0 
424.0 403.0 681.0 902.0 1002.0 300.0 293.0 218.0 906.0 382.0 481.0 992.0 196.0 212.0 287.0 220.0 906.0 897.0 295.0 900.0 383.0 381.0 687.0 900.0 297.0 93.0 577.0 199.0 295.0 907.0 0 107.0 432.0 702.0 698.0 785.0 297.0 414.0 989.0 1011.0 425.0 900.0 385.0 197.0 691.0 394.0 894.0 675.0 395.0 219.0 1.0 
527.0 510.0 788.0 1009.0 1109.0 407.0 400.0 321.0 1013.0 489.0 588.0 1099.0 299.0 315.0 390.0 323.0 1013.0 1004.0 402.0 1007.0 490.0 488.0 794.0 1007.0 404.0 196.0 684.0 302.0 402.0 1014.0 107.0 0 535.0 809.0 805.0 892.0 404.0 521.0 1096.0 1118.0 528.0 1007.0 492.0 300.0 798.0 501.0 1001.0 782.0 502.0 326.0 106.0 
420.0 633.0 911.0 1132.0 1232.0 528.0 521.0 640.0 1136.0 606.0 711.0 1222.0 618.0 636.0 397.0 642.0 1136.0 1127.0 525.0 1130.0 532.0 607.0 917.0 1130.0 525.0 521.0 807.0 621.0 523.0 1137.0 432.0 535.0 0 932.0 928.0 1015.0 627.0 644.0 1219.0 1241.0 421.0 1130.0 615.0 623.0 921.0 620.0 1124.0 905.0 621.0 449.0 431.0 
922.0 517.0 423.0 204.0 304.0 606.0 599.0 920.0 208.0 688.0 221.0 294.0 898.0 914.0 901.0 922.0 208.0 199.0 407.0 202.0 689.0 687.0 429.0 202.0 603.0 795.0 422.0 901.0 601.0 209.0 702.0 809.0 932.0 0 440.0 197.0 703.0 720.0 291.0 313.0 923.0 202.0 691.0 899.0 11.0 700.0 216.0 417.0 701.0 502.0 703.0 
918.0 513.0 419.0 640.0 740.0 602.0 595.0 916.0 644.0 684.0 219.0 730.0 894.0 910.0 897.0 918.0 644.0 635.0 403.0 638.0 685.0 683.0 425.0 638.0 599.0 791.0 418.0 897.0 597.0 645.0 698.0 805.0 928.0 440.0 0 523.0 699.0 716.0 727.0 749.0 919.0 638.0 687.0 895.0 429.0 696.0 632.0 291.0 697.0 498.0 699.0 
1005.0 600.0 506.0 397.0 497.0 689.0 682.0 1003.0 401.0 771.0 304.0 487.0 981.0 997.0 984.0 1005.0 401.0 392.0 490.0 395.0 772.0 770.0 512.0 395.0 686.0 878.0 505.0 984.0 684.0 402.0 785.0 892.0 1015.0 197.0 523.0 0 786.0 803.0 484.0 506.0 1006.0 395.0 774.0 982.0 186.0 783.0 389.0 500.0 784.0 585.0 786.0 
617.0 404.0 682.0 903.0 1003.0 301.0 294.0 515.0 907.0 383.0 482.0 993.0 493.0 509.0 584.0 517.0 907.0 898.0 296.0 901.0 384.0 382.0 688.0 901.0 298.0 390.0 578.0 496.0 296.0 908.0 297.0 404.0 627.0 703.0 699.0 786.0 0 415.0 990.0 1012.0 618.0 901.0 386.0 494.0 692.0 395.0 895.0 676.0 396.0 220.0 298.0 
634.0 421.0 699.0 920.0 1020.0 318.0 311.0 632.0 924.0 400.0 499.0 1010.0 610.0 626.0 613.0 634.0 924.0 915.0 313.0 918.0 401.0 399.0 705.0 918.0 315.0 507.0 595.0 613.0 313.0 925.0 414.0 521.0 644.0 720.0 716.0 803.0 415.0 0 1007.0 1029.0 635.0 918.0 297.0 611.0 709.0 412.0 912.0 693.0 413.0 237.0 415.0 
1209.0 804.0 710.0 299.0 317.0 893.0 886.0 1207.0 303.0 975.0 508.0 383.0 1185.0 1201.0 1188.0 1209.0 299.0 292.0 694.0 297.0 976.0 974.0 716.0 293.0 890.0 1082.0 709.0 1188.0 888.0 302.0 989.0 1096.0 1219.0 291.0 727.0 484.0 990.0 1007.0 0 402.0 1210.0 295.0 978.0 1186.0 298.0 987.0 503.0 704.0 988.0 789.0 990.0 
1231.0 826.0 732.0 321.0 415.0 915.0 908.0 1229.0 325.0 997.0 530.0 317.0 1207.0 1223.0 1210.0 1231.0 321.0 314.0 716.0 319.0 998.0 996.0 738.0 315.0 912.0 1104.0 731.0 1210.0 910.0 324.0 1011.0 1118.0 1241.0 313.0 749.0 506.0 1012.0 1029.0 402.0 0 1232.0 317.0 1000.0 1208.0 320.0 1009.0 525.0 726.0 1010.0 811.0 1012.0 
294.0 624.0 902.0 1123.0 1223.0 519.0 512.0 633.0 1127.0 597.0 702.0 1213.0 611.0 629.0 390.0 635.0 1127.0 1118.0 516.0 1121.0 523.0 598.0 908.0 1121.0 516.0 514.0 798.0 614.0 514.0 1128.0 425.0 528.0 421.0 923.0 919.0 1006.0 618.0 635.0 1210.0 1232.0 0 1121.0 606.0 616.0 912.0 611.0 1115.0 896.0 612.0 440.0 424.0 
1120.0 715.0 621.0 210.0 308.0 804.0 797.0 1118.0 214.0 886.0 419.0 298.0 1096.0 1112.0 1099.0 1120.0 212.0 203.0 605.0 208.0 887.0 885.0 627.0 206.0 801.0 993.0 620.0 1099.0 799.0 15.0 900.0 1007.0 1130.0 202.0 638.0 395.0 901.0 918.0 295.0 317.0 1121.0 0 889.0 1097.0 209.0 898.0 414.0 615.0 899.0 700.0 901.0 
605.0 392.0 670.0 891.0 991.0 289.0 282.0 603.0 895.0 371.0 470.0 981.0 581.0 597.0 584.0 605.0 895.0 886.0 284.0 889.0 372.0 370.0 676.0 889.0 286.0 478.0 566.0 584.0 284.0 896.0 385.0 492.0 615.0 691.0 687.0 774.0 386.0 297.0 978.0 1000.0 606.0 889.0 0 582.0 680.0 383.0 883.0 664.0 384.0 208.0 386.0 
615.0 600.0 878.0 1099.0 1199.0 497.0 490.0 409.0 1103.0 579.0 678.0 1189.0 387.0 403.0 478.0 411.0 1103.0 1094.0 492.0 1097.0 580.0 578.0 884.0 1097.0 494.0 286.0 774.0 390.0 492.0 1104.0 197.0 300.0 623.0 899.0 895.0 982.0 494.0 611.0 1186.0 1208.0 616.0 1097.0 582.0 0 888.0 591.0 1091.0 872.0 592.0 416.0 196.0 
911.0 506.0 412.0 211.0 311.0 595.0 588.0 909.0 215.0 677.0 210.0 301.0 887.0 903.0 890.0 911.0 215.0 206.0 396.0 209.0 678.0 676.0 418.0 209.0 592.0 784.0 411.0 890.0 590.0 216.0 691.0 798.0 921.0 11.0 429.0 186.0 692.0 709.0 298.0 320.0 912.0 209.0 680.0 888.0 0 689.0 205.0 406.0 690.0 491.0 692.0 
610.0 401.0 679.0 900.0 1000.0 296.0 289.0 612.0 904.0 376.0 479.0 990.0 590.0 606.0 589.0 614.0 904.0 895.0 293.0 898.0 377.0 317.0 685.0 898.0 293.0 487.0 575.0 593.0 291.0 905.0 394.0 501.0 620.0 700.0 696.0 783.0 395.0 412.0 987.0 1009.0 611.0 898.0 383.0 591.0 689.0 0 892.0 673.0 389.0 217.0 395.0 
1114.0 709.0 615.0 416.0 516.0 798.0 791.0 1112.0 420.0 880.0 413.0 506.0 1090.0 1106.0 1093.0 1114.0 420.0 411.0 599.0 414.0 881.0 879.0 621.0 414.0 795.0 987.0 614.0 1093.0 793.0 421.0 894.0 1001.0 1124.0 216.0 632.0 389.0 895.0 912.0 503.0 525.0 1115.0 414.0 883.0 1091.0 205.0 892.0 0 609.0 893.0 694.0 895.0 
895.0 490.0 396.0 617.0 717.0 579.0 572.0 893.0 621.0 661.0 196.0 707.0 871.0 887.0 874.0 895.0 621.0 612.0 380.0 615.0 662.0 660.0 402.0 615.0 576.0 768.0 395.0 874.0 574.0 622.0 675.0 782.0 905.0 417.0 291.0 500.0 676.0 693.0 704.0 726.0 896.0 615.0 664.0 872.0 406.0 673.0 609.0 0 674.0 475.0 676.0 
611.0 402.0 680.0 901.0 1001.0 297.0 290.0 613.0 905.0 377.0 480.0 991.0 591.0 607.0 590.0 615.0 905.0 896.0 294.0 899.0 378.0 376.0 686.0 899.0 294.0 488.0 576.0 594.0 292.0 906.0 395.0 502.0 621.0 701.0 697.0 784.0 396.0 413.0 988.0 1010.0 612.0 899.0 384.0 592.0 690.0 389.0 893.0 674.0 0 218.0 396.0 
439.0 203.0 481.0 702.0 802.0 123.0 116.0 437.0 706.0 205.0 281.0 792.0 415.0 431.0 418.0 439.0 706.0 697.0 95.0 700.0 206.0 204.0 487.0 700.0 120.0 312.0 377.0 418.0 118.0 707.0 219.0 326.0 449.0 502.0 498.0 585.0 220.0 237.0 789.0 811.0 440.0 700.0 208.0 416.0 491.0 217.0 694.0 475.0 218.0 0 220.0 
423.0 404.0 682.0 903.0 1003.0 301.0 294.0 217.0 907.0 383.0 482.0 993.0 195.0 211.0 286.0 219.0 907.0 898.0 296.0 901.0 384.0 382.0 688.0 901.0 298.0 92.0 578.0 198.0 296.0 908.0 1.0 106.0 431.0 703.0 699.0 786.0 298.0 415.0 990.0 1012.0 424.0 901.0 386.0 196.0 692.0 395.0 895.0 676.0 396.0 220.0 0 
