101
58 24 44 135 73 100 7 22 35 99 90 17 137 72 63 163 78 79 65 105 192 155 164 14 34 109 60 189 19 107 48 114 42 118 183 95 144 193 53 83 103 143 184 52 38 64 139 145 98 25 180 30 94 165 102 130 195 112 33 75 108 140 62 122 169 70 152 179 3 127 27 68 162 93 187 185 13 97 12 32 47 87 173 29 113 59 39 142 153 129 159 84 170 74 128 149 138 80 82 104 0
0 441.0 119.0 897.0 307.0 633.0 529.0 423.0 310.0 616.0 525.0 433.0 899.0 314.0 306.0 717.0 308.0 297.0 291.0 517.0 526.0 908.0 827.0 439.0 328.0 625.0 205.0 630.0 442.0 608.0 197.0 794.0 117.0 696.0 740.0 510.0 881.0 520.0 109.0 288.0 520.0 889.0 710.0 115.0 227.0 292.0 905.0 896.0 620.0 436.0 710.0 432.0 508.0 836.0 523.0 801.0 554.0 422.0 316.0 318.0 637.0 899.0 280.0 709.0 751.0 312.0 893.0 745.0 545.0 605.0 438.0 312.0 703.0 347.0 637.0 721.0 439.0 614.0 437.0 329.0 204.0 105.0 632.0 427.0 731.0 198.0 209.0 899.0 886.0 802.0 804.0 310.0 740.0 285.0 624.0 910.0 901.0 321.0 312.0 521.0 336.0 
441.0 0 524.0 809.0 740.0 1066.0 308.0 202.0 311.0 1049.0 958.0 212.0 809.0 747.0 739.0 606.0 741.0 730.0 724.0 950.0 305.0 812.0 606.0 218.0 329.0 1058.0 638.0 409.0 221.0 1041.0 604.0 896.0 324.0 796.0 519.0 943.0 789.0 299.0 518.0 721.0 953.0 797.0 489.0 524.0 233.0 725.0 815.0 804.0 1053.0 23.0 489.0 213.0 941.0 615.0 956.0 715.0 333.0 855.0 141.0 751.0 1070.0 809.0 713.0 807.0 530.0 745.0 797.0 524.0 324.0 701.0 219.0 745.0 603.0 780.0 416.0 500.0 218.0 1047.0 216.0 112.0 611.0 538.0 411.0 208.0 885.0 631.0 414.0 807.0 790.0 716.0 706.0 743.0 519.0 718.0 701.0 816.0 811.0 754.0 745.0 954.0 115.0 
119.0 524.0 0 1008.0 418.0 744.0 612.0 506.0 393.0 727.0 636.0 516.0 1010.0 425.0 417.0 828.0 419.0 408.0 402.0 628.0 609.0 1019.0 910.0 522.0 411.0 736.0 316.0 713.0 525.0 719.0 282.0 905.0 200.0 807.0 823.0 621.0 992.0 603.0 196.0 399.0 631.0 1000.0 793.0 202.0 310.0 403.0 1016.0 1007.0 731.0 519.0 793.0 515.0 619.0 919.0 634.0 912.0 637.0 533.0 399.0 429.0 748.0 1010.0 391.0 820.0 834.0 423.0 1004.0 828.0 628.0 716.0 521.0 423.0 814.0 458.0 720.0 804.0 522.0 725.0 520.0 412.0 289.0 216.0 715.0 510.0 842.0 309.0 292.0 1010.0 997.0 913.0 915.0 421.0 823.0 396.0 735.0 1021.0 1012.0 432.0 423.0 632.0 419.0 
897.0 809.0 1008.0 0 1000.0 692.0 891.0 791.0 900.0 675.0 782.0 799.0 402.0 1007.0 1003.0 220.0 999.0 988.0 988.0 574.0 504.0 411.0 393.0 803.0 918.0 680.0 904.0 606.0 808.0 663.0 1086.0 487.0 913.0 387.0 714.0 571.0 384.0 806.0 998.0 977.0 577.0 392.0 684.0 1004.0 822.0 989.0 408.0 399.0 679.0 804.0 682.0 802.0 569.0 402.0 580.0 306.0 904.0 475.0 730.0 1011.0 692.0 402.0 977.0 398.0 719.0 1007.0 396.0 717.0 905.0 292.0 808.0 1007.0 206.0 580.0 613.0 695.0 803.0 673.0 801.0 701.0 1093.0 792.0 602.0 797.0 476.0 897.0 1003.0 402.0 389.0 307.0 307.0 999.0 708.0 978.0 292.0 413.0 404.0 1012.0 1001.0 578.0 694.0 
307.0 740.0 418.0 1000.0 0 736.0 828.0 722.0 609.0 719.0 628.0 732.0 1002.0 295.0 413.0 820.0 411.0 400.0 398.0 620.0 825.0 1011.0 993.0 738.0 627.0 728.0 314.0 929.0 741.0 711.0 496.0 897.0 416.0 799.0 1039.0 613.0 984.0 819.0 408.0 391.0 623.0 992.0 1009.0 414.0 526.0 399.0 1008.0 999.0 723.0 735.0 1009.0 731.0 611.0 1002.0 626.0 904.0 853.0 525.0 615.0 421.0 740.0 1002.0 387.0 812.0 1050.0 417.0 996.0 1044.0 844.0 708.0 737.0 417.0 806.0 450.0 936.0 1020.0 738.0 717.0 736.0 628.0 503.0 208.0 931.0 726.0 834.0 307.0 508.0 1002.0 989.0 905.0 907.0 413.0 1039.0 388.0 727.0 1013.0 1004.0 424.0 415.0 624.0 635.0 
633.0 1066.0 744.0 692.0 736.0 0 1154.0 1048.0 935.0 305.0 518.0 1058.0 694.0 743.0 739.0 512.0 735.0 724.0 724.0 312.0 796.0 703.0 685.0 1064.0 953.0 420.0 640.0 898.0 1067.0 403.0 822.0 589.0 742.0 491.0 1006.0 307.0 676.0 1098.0 734.0 713.0 315.0 684.0 976.0 740.0 852.0 725.0 700.0 691.0 415.0 1061.0 974.0 1057.0 305.0 694.0 318.0 596.0 1179.0 217.0 941.0 747.0 432.0 694.0 713.0 504.0 1011.0 743.0 688.0 1009.0 1170.0 400.0 1063.0 743.0 498.0 316.0 905.0 987.0 1064.0 409.0 1062.0 954.0 829.0 528.0 894.0 1052.0 526.0 633.0 834.0 694.0 681.0 597.0 599.0 735.0 1000.0 714.0 419.0 705.0 696.0 748.0 737.0 316.0 961.0 
529.0 308.0 612.0 891.0 828.0 1154.0 0 290.0 399.0 1137.0 1046.0 298.0 891.0 835.0 827.0 688.0 829.0 818.0 812.0 1038.0 387.0 894.0 688.0 302.0 417.0 1146.0 726.0 491.0 307.0 1129.0 692.0 978.0 412.0 878.0 601.0 1031.0 871.0 381.0 606.0 809.0 1041.0 879.0 571.0 612.0 321.0 813.0 897.0 886.0 1141.0 303.0 571.0 301.0 1029.0 697.0 1044.0 797.0 415.0 943.0 229.0 839.0 1158.0 891.0 801.0 889.0 612.0 833.0 879.0 606.0 406.0 783.0 307.0 833.0 685.0 868.0 498.0 582.0 302.0 1135.0 300.0 200.0 699.0 626.0 493.0 296.0 967.0 719.0 502.0 889.0 872.0 798.0 788.0 831.0 601.0 806.0 783.0 898.0 893.0 842.0 833.0 1042.0 197.0 
423.0 202.0 506.0 791.0 722.0 1048.0 290.0 0 293.0 1031.0 940.0 194.0 791.0 729.0 721.0 588.0 723.0 712.0 706.0 932.0 287.0 794.0 588.0 200.0 311.0 1040.0 620.0 391.0 203.0 1023.0 586.0 878.0 306.0 778.0 501.0 925.0 771.0 281.0 500.0 703.0 935.0 779.0 471.0 506.0 215.0 707.0 797.0 786.0 1035.0 197.0 471.0 195.0 923.0 597.0 938.0 697.0 315.0 837.0 123.0 733.0 1052.0 791.0 695.0 789.0 512.0 727.0 779.0 506.0 306.0 683.0 201.0 727.0 585.0 762.0 398.0 482.0 200.0 1029.0 198.0 94.0 593.0 520.0 393.0 190.0 867.0 613.0 396.0 789.0 772.0 698.0 688.0 725.0 501.0 700.0 683.0 798.0 793.0 736.0 727.0 936.0 97.0 
310.0 311.0 393.0 900.0 609.0 935.0 399.0 293.0 0 918.0 827.0 303.0 900.0 616.0 608.0 697.0 610.0 599.0 593.0 819.0 396.0 903.0 697.0 309.0 29.0 927.0 507.0 500.0 312.0 910.0 473.0 987.0 193.0 887.0 610.0 812.0 880.0 390.0 387.0 590.0 822.0 888.0 580.0 393.0 102.0 594.0 906.0 895.0 922.0 306.0 580.0 302.0 810.0 706.0 825.0 806.0 424.0 724.0 186.0 620.0 939.0 900.0 582.0 898.0 621.0 614.0 888.0 615.0 415.0 792.0 308.0 614.0 694.0 649.0 507.0 591.0 309.0 916.0 307.0 199.0 480.0 407.0 502.0 297.0 976.0 500.0 283.0 898.0 881.0 807.0 797.0 612.0 610.0 587.0 792.0 907.0 902.0 623.0 614.0 823.0 206.0 
616.0 1049.0 727.0 675.0 719.0 305.0 1137.0 1031.0 918.0 0 501.0 1041.0 677.0 726.0 722.0 495.0 718.0 707.0 707.0 295.0 779.0 686.0 668.0 1047.0 936.0 403.0 623.0 881.0 1050.0 386.0 805.0 572.0 725.0 474.0 989.0 290.0 659.0 1081.0 717.0 696.0 298.0 667.0 959.0 723.0 835.0 708.0 683.0 674.0 398.0 1044.0 957.0 1040.0 288.0 677.0 301.0 579.0 1162.0 200.0 924.0 730.0 415.0 677.0 696.0 487.0 994.0 726.0 671.0 992.0 1153.0 383.0 1046.0 726.0 481.0 299.0 888.0 970.0 1047.0 392.0 1045.0 937.0 812.0 511.0 877.0 1035.0 509.0 616.0 817.0 677.0 664.0 580.0 582.0 718.0 983.0 697.0 402.0 688.0 679.0 731.0 720.0 299.0 944.0 
525.0 958.0 636.0 782.0 628.0 518.0 1046.0 940.0 827.0 501.0 0 950.0 784.0 635.0 631.0 602.0 627.0 616.0 616.0 402.0 886.0 793.0 775.0 956.0 845.0 510.0 532.0 988.0 959.0 493.0 714.0 679.0 634.0 581.0 1096.0 395.0 766.0 1037.0 626.0 605.0 405.0 774.0 1066.0 632.0 744.0 617.0 790.0 781.0 505.0 953.0 1064.0 949.0 393.0 784.0 408.0 686.0 1071.0 307.0 833.0 639.0 522.0 784.0 605.0 594.0 1101.0 635.0 778.0 1099.0 1062.0 490.0 955.0 635.0 588.0 232.0 995.0 1077.0 956.0 499.0 954.0 846.0 721.0 420.0 984.0 944.0 616.0 525.0 726.0 784.0 771.0 687.0 689.0 627.0 1090.0 606.0 509.0 795.0 786.0 640.0 629.0 406.0 853.0 
433.0 212.0 516.0 799.0 732.0 1058.0 298.0 194.0 303.0 1041.0 950.0 0 799.0 739.0 731.0 596.0 733.0 722.0 716.0 942.0 295.0 802.0 596.0 208.0 321.0 1050.0 630.0 399.0 211.0 1033.0 596.0 886.0 316.0 786.0 509.0 935.0 779.0 289.0 510.0 713.0 945.0 787.0 479.0 516.0 225.0 717.0 805.0 794.0 1045.0 207.0 479.0 205.0 933.0 605.0 948.0 705.0 323.0 847.0 133.0 743.0 1062.0 799.0 705.0 797.0 520.0 737.0 787.0 514.0 314.0 691.0 211.0 737.0 593.0 772.0 406.0 490.0 208.0 1039.0 206.0 104.0 603.0 530.0 401.0 200.0 875.0 623.0 406.0 797.0 780.0 706.0 696.0 735.0 509.0 710.0 691.0 806.0 801.0 746.0 737.0 946.0 105.0 
899.0 809.0 1010.0 402.0 1002.0 694.0 891.0 791.0 900.0 677.0 784.0 799.0 0 1009.0 1005.0 220.0 1001.0 990.0 990.0 576.0 504.0 411.0 393.0 803.0 918.0 682.0 906.0 606.0 808.0 665.0 1088.0 489.0 913.0 389.0 714.0 573.0 384.0 806.0 1000.0 979.0 579.0 392.0 684.0 1006.0 822.0 991.0 408.0 399.0 681.0 804.0 682.0 802.0 571.0 402.0 582.0 308.0 904.0 477.0 730.0 1013.0 694.0 402.0 979.0 400.0 719.0 1009.0 396.0 717.0 905.0 294.0 808.0 1009.0 206.0 582.0 613.0 695.0 803.0 675.0 801.0 701.0 1095.0 794.0 602.0 797.0 478.0 899.0 1003.0 402.0 389.0 309.0 307.0 1001.0 708.0 980.0 294.0 413.0 294.0 1014.0 1003.0 580.0 694.0 
314.0 747.0 425.0 1007.0 295.0 743.0 835.0 729.0 616.0 726.0 635.0 739.0 1009.0 0 420.0 827.0 418.0 407.0 405.0 627.0 832.0 1018.0 1000.0 745.0 634.0 735.0 321.0 936.0 748.0 718.0 503.0 904.0 423.0 806.0 1046.0 620.0 991.0 826.0 415.0 398.0 630.0 999.0 1016.0 421.0 533.0 406.0 1015.0 1006.0 730.0 742.0 1016.0 738.0 618.0 1009.0 633.0 911.0 860.0 532.0 622.0 428.0 747.0 1009.0 394.0 819.0 1057.0 424.0 1003.0 1051.0 851.0 715.0 744.0 424.0 813.0 457.0 943.0 1027.0 745.0 724.0 743.0 635.0 510.0 215.0 938.0 733.0 841.0 314.0 515.0 1009.0 996.0 912.0 914.0 420.0 1046.0 395.0 734.0 1020.0 1011.0 431.0 422.0 631.0 642.0 
306.0 739.0 417.0 1003.0 413.0 739.0 827.0 721.0 608.0 722.0 631.0 731.0 1005.0 420.0 0 823.0 414.0 403.0 397.0 623.0 824.0 1014.0 996.0 737.0 626.0 731.0 313.0 928.0 740.0 714.0 495.0 900.0 415.0 802.0 1038.0 616.0 987.0 818.0 407.0 394.0 626.0 995.0 1008.0 413.0 525.0 398.0 1011.0 1002.0 726.0 734.0 1008.0 730.0 614.0 1005.0 629.0 907.0 852.0 528.0 614.0 424.0 743.0 1005.0 310.0 815.0 1049.0 418.0 999.0 1043.0 843.0 711.0 736.0 418.0 809.0 453.0 935.0 1019.0 737.0 720.0 735.0 627.0 502.0 211.0 930.0 725.0 837.0 306.0 507.0 1005.0 992.0 908.0 910.0 416.0 1038.0 391.0 730.0 1016.0 1007.0 427.0 418.0 627.0 634.0 
717.0 606.0 828.0 220.0 820.0 512.0 688.0 588.0 697.0 495.0 602.0 596.0 220.0 827.0 823.0 0 819.0 808.0 808.0 394.0 301.0 223.0 190.0 600.0 715.0 500.0 724.0 403.0 605.0 483.0 906.0 307.0 710.0 207.0 511.0 391.0 200.0 603.0 818.0 797.0 397.0 208.0 481.0 824.0 619.0 809.0 226.0 215.0 499.0 601.0 479.0 599.0 389.0 199.0 400.0 126.0 701.0 295.0 527.0 831.0 512.0 220.0 797.0 218.0 516.0 827.0 208.0 514.0 702.0 112.0 605.0 827.0 14.0 400.0 410.0 492.0 600.0 493.0 598.0 498.0 913.0 612.0 399.0 594.0 296.0 717.0 800.0 218.0 201.0 127.0 117.0 819.0 505.0 798.0 112.0 227.0 222.0 832.0 821.0 398.0 491.0 
308.0 741.0 419.0 999.0 411.0 735.0 829.0 723.0 610.0 718.0 627.0 733.0 1001.0 418.0 414.0 819.0 0 399.0 399.0 619.0 826.0 1010.0 992.0 739.0 628.0 727.0 315.0 930.0 742.0 710.0 497.0 896.0 417.0 798.0 1040.0 612.0 983.0 820.0 409.0 390.0 622.0 991.0 1010.0 415.0 527.0 400.0 1007.0 998.0 722.0 736.0 1010.0 732.0 610.0 1001.0 625.0 903.0 854.0 524.0 616.0 422.0 739.0 1001.0 388.0 811.0 1051.0 418.0 995.0 1045.0 845.0 707.0 738.0 418.0 805.0 449.0 937.0 1021.0 739.0 716.0 737.0 629.0 504.0 207.0 932.0 727.0 833.0 308.0 509.0 1001.0 988.0 904.0 906.0 412.0 1040.0 389.0 726.0 1012.0 1003.0 423.0 414.0 623.0 636.0 
297.0 730.0 408.0 988.0 400.0 724.0 818.0 712.0 599.0 707.0 616.0 722.0 990.0 407.0 403.0 808.0 399.0 0 388.0 608.0 815.0 999.0 981.0 728.0 617.0 716.0 304.0 919.0 731.0 699.0 486.0 885.0 406.0 787.0 1029.0 601.0 972.0 809.0 398.0 379.0 611.0 980.0 999.0 404.0 516.0 389.0 996.0 987.0 711.0 725.0 999.0 721.0 599.0 990.0 614.0 892.0 843.0 513.0 605.0 411.0 728.0 990.0 377.0 800.0 1040.0 407.0 984.0 1034.0 834.0 696.0 727.0 407.0 794.0 438.0 926.0 1010.0 728.0 705.0 726.0 618.0 493.0 196.0 921.0 716.0 822.0 297.0 498.0 990.0 977.0 893.0 895.0 401.0 1029.0 378.0 715.0 1001.0 992.0 294.0 403.0 612.0 625.0 
291.0 724.0 402.0 988.0 398.0 724.0 812.0 706.0 593.0 707.0 616.0 716.0 990.0 405.0 397.0 808.0 399.0 388.0 0 608.0 809.0 999.0 981.0 722.0 611.0 716.0 298.0 913.0 725.0 699.0 480.0 885.0 400.0 787.0 1023.0 601.0 972.0 803.0 392.0 379.0 611.0 980.0 993.0 398.0 510.0 310.0 996.0 987.0 711.0 719.0 993.0 715.0 599.0 990.0 614.0 892.0 837.0 513.0 599.0 409.0 728.0 990.0 371.0 800.0 1034.0 403.0 984.0 1028.0 828.0 696.0 721.0 403.0 794.0 438.0 920.0 1004.0 722.0 705.0 720.0 612.0 487.0 196.0 915.0 710.0 822.0 291.0 492.0 990.0 977.0 893.0 895.0 401.0 1023.0 376.0 715.0 1001.0 992.0 412.0 403.0 612.0 619.0 
517.0 950.0 628.0 574.0 620.0 312.0 1038.0 932.0 819.0 295.0 402.0 942.0 576.0 627.0 623.0 394.0 619.0 608.0 608.0 0 678.0 585.0 567.0 948.0 837.0 302.0 524.0 780.0 951.0 285.0 706.0 471.0 626.0 373.0 888.0 191.0 558.0 980.0 618.0 597.0 197.0 566.0 858.0 624.0 736.0 609.0 582.0 573.0 299.0 945.0 856.0 941.0 189.0 576.0 200.0 478.0 1063.0 99.0 825.0 631.0 314.0 576.0 597.0 386.0 893.0 627.0 570.0 891.0 1054.0 282.0 947.0 627.0 380.0 200.0 787.0 869.0 948.0 293.0 946.0 838.0 713.0 412.0 776.0 936.0 408.0 517.0 718.0 576.0 563.0 479.0 481.0 619.0 882.0 598.0 301.0 587.0 578.0 632.0 621.0 11.0 845.0 
526.0 305.0 609.0 504.0 825.0 796.0 387.0 287.0 396.0 779.0 886.0 295.0 504.0 832.0 824.0 301.0 826.0 815.0 809.0 678.0 0 507.0 301.0 299.0 414.0 784.0 723.0 104.0 304.0 767.0 689.0 591.0 409.0 491.0 214.0 675.0 484.0 302.0 603.0 806.0 681.0 492.0 184.0 609.0 318.0 810.0 510.0 499.0 783.0 300.0 184.0 298.0 673.0 310.0 684.0 410.0 400.0 579.0 226.0 836.0 796.0 504.0 798.0 502.0 225.0 830.0 492.0 219.0 401.0 396.0 304.0 830.0 298.0 684.0 111.0 195.0 299.0 777.0 297.0 197.0 696.0 623.0 106.0 293.0 580.0 716.0 499.0 502.0 485.0 411.0 401.0 828.0 214.0 803.0 396.0 511.0 506.0 839.0 830.0 682.0 190.0 
908.0 812.0 1019.0 411.0 1011.0 703.0 894.0 794.0 903.0 686.0 793.0 802.0 411.0 1018.0 1014.0 223.0 1010.0 999.0 999.0 585.0 507.0 0 396.0 806.0 921.0 691.0 915.0 609.0 811.0 674.0 1097.0 498.0 916.0 398.0 717.0 582.0 391.0 809.0 1009.0 988.0 588.0 399.0 687.0 1015.0 825.0 1000.0 417.0 406.0 690.0 807.0 685.0 805.0 580.0 405.0 591.0 317.0 907.0 486.0 733.0 1022.0 703.0 411.0 988.0 409.0 722.0 1018.0 399.0 720.0 908.0 303.0 811.0 1018.0 209.0 591.0 616.0 698.0 806.0 684.0 804.0 704.0 1104.0 803.0 605.0 800.0 487.0 908.0 1006.0 409.0 392.0 318.0 310.0 1010.0 711.0 989.0 303.0 418.0 413.0 1023.0 1012.0 589.0 697.0 
827.0 606.0 910.0 393.0 993.0 685.0 688.0 588.0 697.0 668.0 775.0 596.0 393.0 1000.0 996.0 190.0 992.0 981.0 981.0 567.0 301.0 396.0 0 600.0 715.0 673.0 897.0 403.0 605.0 656.0 990.0 480.0 710.0 380.0 511.0 564.0 373.0 603.0 904.0 970.0 570.0 381.0 481.0 910.0 619.0 982.0 399.0 388.0 672.0 601.0 479.0 599.0 562.0 14.0 573.0 299.0 701.0 468.0 527.0 1004.0 685.0 393.0 970.0 391.0 516.0 1000.0 381.0 514.0 702.0 285.0 605.0 1000.0 187.0 573.0 410.0 492.0 600.0 666.0 598.0 498.0 997.0 785.0 399.0 594.0 469.0 890.0 800.0 391.0 374.0 300.0 290.0 992.0 505.0 971.0 285.0 400.0 395.0 1005.0 994.0 571.0 491.0 
439.0 218.0 522.0 803.0 738.0 1064.0 302.0 200.0 309.0 1047.0 956.0 208.0 803.0 745.0 737.0 600.0 739.0 728.0 722.0 948.0 299.0 806.0 600.0 0 327.0 1056.0 636.0 403.0 217.0 1039.0 602.0 890.0 322.0 790.0 513.0 941.0 783.0 293.0 516.0 719.0 951.0 791.0 483.0 522.0 231.0 723.0 809.0 798.0 1051.0 213.0 483.0 211.0 939.0 609.0 954.0 709.0 327.0 853.0 139.0 749.0 1068.0 803.0 711.0 801.0 524.0 743.0 791.0 518.0 318.0 695.0 217.0 743.0 597.0 778.0 410.0 494.0 212.0 1045.0 210.0 110.0 609.0 536.0 405.0 206.0 879.0 629.0 412.0 801.0 784.0 710.0 700.0 741.0 513.0 716.0 695.0 810.0 805.0 752.0 743.0 952.0 109.0 
328.0 329.0 411.0 918.0 627.0 953.0 417.0 311.0 29.0 936.0 845.0 321.0 918.0 634.0 626.0 715.0 628.0 617.0 611.0 837.0 414.0 921.0 715.0 327.0 0 945.0 525.0 518.0 330.0 928.0 491.0 1005.0 211.0 905.0 628.0 830.0 898.0 408.0 405.0 608.0 840.0 906.0 598.0 411.0 120.0 612.0 924.0 913.0 940.0 324.0 598.0 320.0 828.0 724.0 843.0 824.0 442.0 742.0 204.0 638.0 957.0 918.0 600.0 916.0 639.0 632.0 906.0 633.0 433.0 810.0 326.0 632.0 712.0 667.0 525.0 609.0 327.0 934.0 325.0 217.0 498.0 425.0 520.0 315.0 994.0 518.0 301.0 916.0 899.0 825.0 815.0 630.0 628.0 605.0 810.0 925.0 920.0 641.0 632.0 841.0 224.0 
625.0 1058.0 736.0 680.0 728.0 420.0 1146.0 1040.0 927.0 403.0 510.0 1050.0 682.0 735.0 731.0 500.0 727.0 716.0 716.0 302.0 784.0 691.0 673.0 1056.0 945.0 0 632.0 886.0 1059.0 391.0 814.0 577.0 734.0 479.0 994.0 299.0 664.0 1086.0 726.0 705.0 305.0 672.0 964.0 732.0 844.0 717.0 688.0 679.0 407.0 1053.0 962.0 1049.0 297.0 682.0 308.0 584.0 1171.0 205.0 933.0 739.0 420.0 682.0 705.0 492.0 999.0 735.0 676.0 997.0 1162.0 388.0 1055.0 735.0 486.0 308.0 893.0 975.0 1056.0 401.0 1054.0 946.0 821.0 520.0 882.0 1044.0 514.0 625.0 826.0 682.0 669.0 585.0 587.0 727.0 988.0 706.0 407.0 693.0 684.0 740.0 729.0 306.0 953.0 
205.0 638.0 316.0 904.0 314.0 640.0 726.0 620.0 507.0 623.0 532.0 630.0 906.0 321.0 313.0 724.0 315.0 304.0 298.0 524.0 723.0 915.0 897.0 636.0 525.0 632.0 0 827.0 639.0 615.0 394.0 801.0 314.0 703.0 937.0 517.0 888.0 717.0 306.0 295.0 527.0 896.0 907.0 312.0 424.0 299.0 912.0 903.0 627.0 633.0 907.0 629.0 515.0 906.0 530.0 808.0 751.0 429.0 513.0 325.0 644.0 906.0 287.0 716.0 948.0 319.0 900.0 942.0 742.0 612.0 635.0 319.0 710.0 354.0 834.0 918.0 636.0 621.0 634.0 526.0 401.0 112.0 829.0 624.0 738.0 15.0 406.0 906.0 893.0 809.0 811.0 317.0 937.0 292.0 631.0 917.0 908.0 328.0 319.0 528.0 533.0 
630.0 409.0 713.0 606.0 929.0 898.0 491.0 391.0 500.0 881.0 988.0 399.0 606.0 936.0 928.0 403.0 930.0 919.0 913.0 780.0 104.0 609.0 403.0 403.0 518.0 886.0 827.0 0 408.0 869.0 793.0 693.0 513.0 593.0 316.0 777.0 586.0 406.0 707.0 910.0 783.0 594.0 286.0 713.0 422.0 914.0 612.0 601.0 885.0 404.0 286.0 402.0 775.0 412.0 786.0 512.0 504.0 681.0 330.0 940.0 898.0 606.0 902.0 604.0 327.0 934.0 594.0 321.0 505.0 498.0 408.0 934.0 400.0 786.0 213.0 297.0 403.0 879.0 401.0 301.0 800.0 727.0 208.0 397.0 682.0 820.0 603.0 604.0 587.0 513.0 503.0 932.0 316.0 907.0 498.0 613.0 608.0 943.0 934.0 784.0 294.0 
442.0 221.0 525.0 808.0 741.0 1067.0 307.0 203.0 312.0 1050.0 959.0 211.0 808.0 748.0 740.0 605.0 742.0 731.0 725.0 951.0 304.0 811.0 605.0 217.0 330.0 1059.0 639.0 408.0 0 1042.0 605.0 895.0 325.0 795.0 518.0 944.0 788.0 298.0 519.0 722.0 954.0 796.0 488.0 525.0 234.0 726.0 814.0 803.0 1054.0 216.0 488.0 214.0 942.0 614.0 957.0 714.0 332.0 856.0 142.0 752.0 1071.0 808.0 714.0 806.0 529.0 746.0 796.0 523.0 323.0 700.0 220.0 746.0 602.0 781.0 415.0 499.0 217.0 1048.0 215.0 113.0 612.0 539.0 410.0 209.0 884.0 632.0 415.0 806.0 789.0 715.0 705.0 744.0 518.0 719.0 700.0 815.0 810.0 755.0 746.0 955.0 114.0 
608.0 1041.0 719.0 663.0 711.0 403.0 1129.0 1023.0 910.0 386.0 493.0 1033.0 665.0 718.0 714.0 483.0 710.0 699.0 699.0 285.0 767.0 674.0 656.0 1039.0 928.0 391.0 615.0 869.0 1042.0 0 797.0 560.0 717.0 462.0 977.0 282.0 647.0 1069.0 709.0 688.0 288.0 655.0 947.0 715.0 827.0 700.0 671.0 662.0 390.0 1036.0 945.0 1032.0 280.0 665.0 291.0 567.0 1154.0 188.0 916.0 722.0 298.0 665.0 688.0 475.0 982.0 718.0 659.0 980.0 1145.0 371.0 1038.0 718.0 469.0 291.0 876.0 958.0 1039.0 384.0 1037.0 929.0 804.0 503.0 865.0 1027.0 497.0 608.0 809.0 665.0 652.0 568.0 570.0 710.0 971.0 689.0 390.0 676.0 667.0 723.0 712.0 289.0 936.0 
197.0 604.0 282.0 1086.0 496.0 822.0 692.0 586.0 473.0 805.0 714.0 596.0 1088.0 503.0 495.0 906.0 497.0 486.0 480.0 706.0 689.0 1097.0 990.0 602.0 491.0 814.0 394.0 793.0 605.0 797.0 0 983.0 280.0 885.0 903.0 699.0 1070.0 683.0 274.0 477.0 709.0 1078.0 873.0 280.0 390.0 481.0 1094.0 1085.0 809.0 599.0 873.0 595.0 697.0 999.0 712.0 990.0 717.0 611.0 479.0 507.0 826.0 1088.0 469.0 898.0 914.0 501.0 1082.0 908.0 708.0 794.0 601.0 501.0 892.0 536.0 800.0 884.0 602.0 803.0 600.0 492.0 307.0 294.0 795.0 590.0 920.0 387.0 372.0 1088.0 1075.0 991.0 993.0 499.0 903.0 474.0 813.0 1099.0 1090.0 510.0 501.0 710.0 499.0 
794.0 896.0 905.0 487.0 897.0 589.0 978.0 878.0 987.0 572.0 679.0 886.0 489.0 904.0 900.0 307.0 896.0 885.0 885.0 471.0 591.0 498.0 480.0 890.0 1005.0 577.0 801.0 693.0 895.0 560.0 983.0 0 903.0 286.0 801.0 468.0 471.0 893.0 895.0 874.0 474.0 479.0 771.0 901.0 909.0 886.0 495.0 486.0 576.0 891.0 769.0 889.0 466.0 489.0 477.0 391.0 991.0 372.0 817.0 908.0 589.0 489.0 874.0 299.0 806.0 904.0 483.0 804.0 992.0 195.0 895.0 904.0 293.0 477.0 700.0 782.0 890.0 570.0 888.0 788.0 990.0 689.0 689.0 884.0 373.0 794.0 995.0 489.0 476.0 392.0 394.0 896.0 795.0 875.0 214.0 500.0 491.0 909.0 898.0 475.0 781.0 
117.0 324.0 200.0 913.0 416.0 742.0 412.0 306.0 193.0 725.0 634.0 316.0 913.0 423.0 415.0 710.0 417.0 406.0 400.0 626.0 409.0 916.0 710.0 322.0 211.0 734.0 314.0 513.0 325.0 717.0 280.0 903.0 0 805.0 623.0 619.0 893.0 403.0 194.0 397.0 629.0 901.0 593.0 200.0 110.0 401.0 919.0 908.0 729.0 319.0 593.0 315.0 617.0 719.0 632.0 819.0 437.0 531.0 199.0 427.0 746.0 913.0 389.0 818.0 634.0 421.0 901.0 628.0 428.0 714.0 321.0 421.0 707.0 456.0 520.0 604.0 322.0 723.0 320.0 212.0 287.0 214.0 515.0 310.0 840.0 307.0 92.0 911.0 894.0 820.0 810.0 419.0 623.0 394.0 733.0 920.0 915.0 430.0 421.0 630.0 219.0 
696.0 796.0 807.0 387.0 799.0 491.0 878.0 778.0 887.0 474.0 581.0 786.0 389.0 806.0 802.0 207.0 798.0 787.0 787.0 373.0 491.0 398.0 380.0 790.0 905.0 479.0 703.0 593.0 795.0 462.0 885.0 286.0 805.0 0 701.0 370.0 371.0 793.0 797.0 776.0 376.0 379.0 671.0 803.0 809.0 788.0 395.0 386.0 478.0 791.0 669.0 789.0 368.0 389.0 379.0 291.0 891.0 274.0 717.0 810.0 491.0 389.0 776.0 199.0 706.0 806.0 383.0 704.0 892.0 95.0 795.0 806.0 193.0 379.0 600.0 682.0 790.0 472.0 788.0 688.0 892.0 591.0 589.0 784.0 275.0 696.0 897.0 389.0 376.0 292.0 294.0 798.0 695.0 777.0 114.0 400.0 391.0 811.0 800.0 377.0 681.0 
740.0 519.0 823.0 714.0 1039.0 1006.0 601.0 501.0 610.0 989.0 1096.0 509.0 714.0 1046.0 1038.0 511.0 1040.0 1029.0 1023.0 888.0 214.0 717.0 511.0 513.0 628.0 994.0 937.0 316.0 518.0 977.0 903.0 801.0 623.0 701.0 0 885.0 694.0 516.0 817.0 1020.0 891.0 702.0 394.0 823.0 532.0 1024.0 720.0 709.0 993.0 514.0 394.0 512.0 883.0 520.0 894.0 620.0 614.0 789.0 440.0 1050.0 1006.0 714.0 1012.0 712.0 435.0 1044.0 702.0 429.0 615.0 606.0 518.0 1044.0 508.0 894.0 323.0 405.0 513.0 987.0 511.0 411.0 910.0 837.0 316.0 507.0 790.0 930.0 713.0 712.0 695.0 621.0 611.0 1042.0 424.0 1017.0 606.0 721.0 716.0 1053.0 1044.0 892.0 404.0 
510.0 943.0 621.0 571.0 613.0 307.0 1031.0 925.0 812.0 290.0 395.0 935.0 573.0 620.0 616.0 391.0 612.0 601.0 601.0 191.0 675.0 582.0 564.0 941.0 830.0 299.0 517.0 777.0 944.0 282.0 699.0 468.0 619.0 370.0 885.0 0 555.0 977.0 611.0 590.0 194.0 563.0 855.0 617.0 729.0 602.0 579.0 570.0 294.0 938.0 853.0 934.0 26.0 573.0 197.0 475.0 1056.0 96.0 818.0 624.0 311.0 573.0 590.0 383.0 890.0 620.0 567.0 888.0 1047.0 279.0 940.0 620.0 377.0 193.0 784.0 866.0 941.0 288.0 939.0 831.0 706.0 405.0 773.0 929.0 405.0 510.0 711.0 573.0 560.0 476.0 478.0 612.0 879.0 591.0 298.0 584.0 575.0 625.0 614.0 195.0 838.0 
881.0 789.0 992.0 384.0 984.0 676.0 871.0 771.0 880.0 659.0 766.0 779.0 384.0 991.0 987.0 200.0 983.0 972.0 972.0 558.0 484.0 391.0 373.0 783.0 898.0 664.0 888.0 586.0 788.0 647.0 1070.0 471.0 893.0 371.0 694.0 555.0 0 786.0 982.0 961.0 561.0 372.0 664.0 988.0 802.0 973.0 390.0 309.0 663.0 784.0 662.0 782.0 553.0 382.0 564.0 290.0 884.0 459.0 710.0 995.0 676.0 384.0 961.0 382.0 699.0 991.0 376.0 697.0 885.0 276.0 788.0 991.0 186.0 564.0 593.0 675.0 783.0 657.0 781.0 681.0 1077.0 776.0 582.0 777.0 460.0 881.0 983.0 382.0 369.0 291.0 287.0 983.0 688.0 962.0 276.0 393.0 386.0 996.0 985.0 562.0 674.0 
520.0 299.0 603.0 806.0 819.0 1098.0 381.0 281.0 390.0 1081.0 1037.0 289.0 806.0 826.0 818.0 603.0 820.0 809.0 803.0 980.0 302.0 809.0 603.0 293.0 408.0 1086.0 717.0 406.0 298.0 1069.0 683.0 893.0 403.0 793.0 516.0 977.0 786.0 0 597.0 800.0 983.0 794.0 486.0 603.0 312.0 804.0 812.0 801.0 1085.0 294.0 486.0 292.0 975.0 612.0 986.0 712.0 394.0 881.0 220.0 830.0 1098.0 806.0 792.0 804.0 527.0 824.0 794.0 521.0 395.0 698.0 298.0 824.0 600.0 859.0 413.0 497.0 293.0 1079.0 291.0 191.0 690.0 617.0 408.0 287.0 882.0 710.0 493.0 804.0 787.0 713.0 703.0 822.0 516.0 797.0 698.0 813.0 808.0 833.0 824.0 984.0 184.0 
109.0 518.0 196.0 998.0 408.0 734.0 606.0 500.0 387.0 717.0 626.0 510.0 1000.0 415.0 407.0 818.0 409.0 398.0 392.0 618.0 603.0 1009.0 904.0 516.0 405.0 726.0 306.0 707.0 519.0 709.0 274.0 895.0 194.0 797.0 817.0 611.0 982.0 597.0 0 389.0 621.0 990.0 787.0 23.0 304.0 393.0 1006.0 997.0 721.0 513.0 787.0 509.0 609.0 913.0 624.0 902.0 631.0 523.0 393.0 419.0 738.0 1000.0 381.0 810.0 828.0 413.0 994.0 822.0 622.0 706.0 515.0 413.0 804.0 448.0 714.0 798.0 516.0 715.0 514.0 406.0 281.0 206.0 709.0 504.0 832.0 299.0 286.0 1000.0 987.0 903.0 905.0 411.0 817.0 386.0 725.0 1011.0 1002.0 422.0 413.0 622.0 413.0 
288.0 721.0 399.0 977.0 391.0 713.0 809.0 703.0 590.0 696.0 605.0 713.0 979.0 398.0 394.0 797.0 390.0 379.0 379.0 597.0 806.0 988.0 970.0 719.0 608.0 705.0 295.0 910.0 722.0 688.0 477.0 874.0 397.0 776.0 1020.0 590.0 961.0 800.0 389.0 0 600.0 969.0 990.0 395.0 507.0 380.0 985.0 976.0 700.0 716.0 990.0 712.0 588.0 979.0 603.0 881.0 834.0 502.0 596.0 402.0 717.0 979.0 368.0 789.0 1031.0 398.0 973.0 1025.0 825.0 685.0 718.0 398.0 783.0 427.0 917.0 1001.0 719.0 694.0 717.0 609.0 484.0 185.0 912.0 707.0 811.0 288.0 489.0 979.0 966.0 882.0 884.0 390.0 1020.0 369.0 704.0 990.0 981.0 403.0 293.0 601.0 616.0 
520.0 953.0 631.0 577.0 623.0 315.0 1041.0 935.0 822.0 298.0 405.0 945.0 579.0 630.0 626.0 397.0 622.0 611.0 611.0 197.0 681.0 588.0 570.0 951.0 840.0 305.0 527.0 783.0 954.0 288.0 709.0 474.0 629.0 376.0 891.0 194.0 561.0 983.0 621.0 600.0 0 569.0 861.0 627.0 739.0 612.0 585.0 576.0 302.0 948.0 859.0 944.0 192.0 579.0 11.0 481.0 1066.0 102.0 828.0 634.0 317.0 579.0 600.0 389.0 896.0 630.0 573.0 894.0 1057.0 285.0 950.0 630.0 383.0 203.0 790.0 872.0 951.0 296.0 949.0 841.0 716.0 415.0 779.0 939.0 411.0 520.0 721.0 579.0 566.0 482.0 484.0 622.0 885.0 601.0 304.0 590.0 581.0 635.0 624.0 201.0 848.0 
889.0 797.0 1000.0 392.0 992.0 684.0 879.0 779.0 888.0 667.0 774.0 787.0 392.0 999.0 995.0 208.0 991.0 980.0 980.0 566.0 492.0 399.0 381.0 791.0 906.0 672.0 896.0 594.0 796.0 655.0 1078.0 479.0 901.0 379.0 702.0 563.0 372.0 794.0 990.0 969.0 569.0 0 672.0 996.0 810.0 981.0 398.0 387.0 671.0 792.0 670.0 790.0 561.0 390.0 572.0 298.0 892.0 467.0 718.0 1003.0 684.0 392.0 969.0 390.0 707.0 999.0 384.0 705.0 893.0 284.0 796.0 999.0 194.0 572.0 601.0 683.0 791.0 665.0 789.0 689.0 1085.0 784.0 590.0 785.0 468.0 889.0 991.0 309.0 377.0 299.0 295.0 991.0 696.0 970.0 284.0 401.0 394.0 1004.0 993.0 570.0 682.0 
710.0 489.0 793.0 684.0 1009.0 976.0 571.0 471.0 580.0 959.0 1066.0 479.0 684.0 1016.0 1008.0 481.0 1010.0 999.0 993.0 858.0 184.0 687.0 481.0 483.0 598.0 964.0 907.0 286.0 488.0 947.0 873.0 771.0 593.0 671.0 394.0 855.0 664.0 486.0 787.0 990.0 861.0 672.0 0 793.0 502.0 994.0 690.0 679.0 963.0 484.0 364.0 482.0 853.0 490.0 864.0 590.0 584.0 759.0 410.0 1020.0 976.0 684.0 982.0 682.0 405.0 1014.0 672.0 399.0 585.0 576.0 488.0 1014.0 478.0 864.0 293.0 305.0 483.0 957.0 481.0 381.0 880.0 807.0 286.0 477.0 760.0 900.0 683.0 682.0 665.0 591.0 581.0 1012.0 394.0 987.0 576.0 691.0 686.0 1023.0 1014.0 862.0 374.0 
115.0 524.0 202.0 1004.0 414.0 740.0 612.0 506.0 393.0 723.0 632.0 516.0 1006.0 421.0 413.0 824.0 415.0 404.0 398.0 624.0 609.0 1015.0 910.0 522.0 411.0 732.0 312.0 713.0 525.0 715.0 280.0 901.0 200.0 803.0 823.0 617.0 988.0 603.0 23.0 395.0 627.0 996.0 793.0 0 310.0 399.0 1012.0 1003.0 727.0 519.0 793.0 515.0 615.0 919.0 630.0 908.0 637.0 529.0 399.0 425.0 744.0 1006.0 387.0 816.0 834.0 419.0 1000.0 828.0 628.0 712.0 521.0 419.0 810.0 454.0 720.0 804.0 522.0 721.0 520.0 412.0 287.0 212.0 715.0 510.0 838.0 305.0 292.0 1006.0 993.0 909.0 911.0 417.0 823.0 392.0 731.0 1017.0 1008.0 428.0 419.0 628.0 419.0 
227.0 233.0 310.0 822.0 526.0 852.0 321.0 215.0 102.0 835.0 744.0 225.0 822.0 533.0 525.0 619.0 527.0 516.0 510.0 736.0 318.0 825.0 619.0 231.0 120.0 844.0 424.0 422.0 234.0 827.0 390.0 909.0 110.0 809.0 532.0 729.0 802.0 312.0 304.0 507.0 739.0 810.0 502.0 310.0 0 511.0 828.0 817.0 839.0 228.0 502.0 224.0 727.0 628.0 742.0 728.0 346.0 641.0 108.0 537.0 856.0 822.0 499.0 820.0 543.0 531.0 810.0 537.0 337.0 714.0 230.0 531.0 616.0 566.0 429.0 513.0 231.0 833.0 229.0 121.0 397.0 324.0 424.0 219.0 898.0 417.0 200.0 820.0 803.0 729.0 719.0 529.0 532.0 504.0 714.0 829.0 824.0 540.0 531.0 740.0 128.0 
292.0 725.0 403.0 989.0 399.0 725.0 813.0 707.0 594.0 708.0 617.0 717.0 991.0 406.0 398.0 809.0 400.0 389.0 310.0 609.0 810.0 1000.0 982.0 723.0 612.0 717.0 299.0 914.0 726.0 700.0 481.0 886.0 401.0 788.0 1024.0 602.0 973.0 804.0 393.0 380.0 612.0 981.0 994.0 399.0 511.0 0 997.0 988.0 712.0 720.0 994.0 716.0 600.0 991.0 615.0 893.0 838.0 514.0 600.0 410.0 729.0 991.0 372.0 801.0 1035.0 404.0 985.0 1029.0 829.0 697.0 722.0 404.0 795.0 439.0 921.0 1005.0 723.0 706.0 721.0 613.0 488.0 197.0 916.0 711.0 823.0 292.0 493.0 991.0 978.0 894.0 896.0 402.0 1024.0 377.0 716.0 1002.0 993.0 413.0 404.0 613.0 620.0 
905.0 815.0 1016.0 408.0 1008.0 700.0 897.0 797.0 906.0 683.0 790.0 805.0 408.0 1015.0 1011.0 226.0 1007.0 996.0 996.0 582.0 510.0 417.0 399.0 809.0 924.0 688.0 912.0 612.0 814.0 671.0 1094.0 495.0 919.0 395.0 720.0 579.0 390.0 812.0 1006.0 985.0 585.0 398.0 690.0 1012.0 828.0 997.0 0 405.0 687.0 810.0 688.0 808.0 577.0 408.0 588.0 314.0 910.0 483.0 736.0 1019.0 700.0 294.0 985.0 406.0 725.0 1015.0 402.0 723.0 911.0 300.0 814.0 1015.0 212.0 588.0 619.0 701.0 809.0 681.0 807.0 707.0 1101.0 800.0 608.0 803.0 484.0 905.0 1009.0 408.0 395.0 315.0 313.0 1007.0 714.0 986.0 300.0 419.0 410.0 1020.0 1009.0 586.0 700.0 
896.0 804.0 1007.0 399.0 999.0 691.0 886.0 786.0 895.0 674.0 781.0 794.0 399.0 1006.0 1002.0 215.0 998.0 987.0 987.0 573.0 499.0 406.0 388.0 798.0 913.0 679.0 903.0 601.0 803.0 662.0 1085.0 486.0 908.0 386.0 709.0 570.0 309.0 801.0 997.0 976.0 576.0 387.0 679.0 1003.0 817.0 988.0 405.0 0 678.0 799.0 677.0 797.0 568.0 397.0 579.0 305.0 899.0 474.0 725.0 1010.0 691.0 399.0 976.0 397.0 714.0 1006.0 391.0 712.0 900.0 291.0 803.0 1006.0 201.0 579.0 608.0 690.0 798.0 672.0 796.0 696.0 1092.0 791.0 597.0 792.0 475.0 896.0 998.0 397.0 384.0 306.0 302.0 998.0 703.0 977.0 291.0 408.0 401.0 1011.0 1000.0 577.0 689.0 
620.0 1053.0 731.0 679.0 723.0 415.0 1141.0 1035.0 922.0 398.0 505.0 1045.0 681.0 730.0 726.0 499.0 722.0 711.0 711.0 299.0 783.0 690.0 672.0 1051.0 940.0 407.0 627.0 885.0 1054.0 390.0 809.0 576.0 729.0 478.0 993.0 294.0 663.0 1085.0 721.0 700.0 302.0 671.0 963.0 727.0 839.0 712.0 687.0 678.0 0 1048.0 961.0 1044.0 292.0 681.0 305.0 583.0 1166.0 204.0 928.0 734.0 419.0 681.0 700.0 491.0 998.0 730.0 675.0 996.0 1157.0 387.0 1050.0 730.0 485.0 303.0 892.0 974.0 1051.0 305.0 1049.0 941.0 816.0 515.0 881.0 1039.0 513.0 620.0 821.0 681.0 668.0 584.0 586.0 722.0 987.0 701.0 406.0 692.0 683.0 735.0 724.0 303.0 948.0 
436.0 23.0 519.0 804.0 735.0 1061.0 303.0 197.0 306.0 1044.0 953.0 207.0 804.0 742.0 734.0 601.0 736.0 725.0 719.0 945.0 300.0 807.0 601.0 213.0 324.0 1053.0 633.0 404.0 216.0 1036.0 599.0 891.0 319.0 791.0 514.0 938.0 784.0 294.0 513.0 716.0 948.0 792.0 484.0 519.0 228.0 720.0 810.0 799.0 1048.0 0 484.0 208.0 936.0 610.0 951.0 710.0 328.0 850.0 136.0 746.0 1065.0 804.0 708.0 802.0 525.0 740.0 792.0 519.0 319.0 696.0 214.0 740.0 598.0 775.0 411.0 495.0 213.0 1042.0 211.0 107.0 606.0 533.0 406.0 203.0 880.0 626.0 409.0 802.0 785.0 711.0 701.0 738.0 514.0 713.0 696.0 811.0 806.0 749.0 740.0 949.0 110.0 
710.0 489.0 793.0 682.0 1009.0 974.0 571.0 471.0 580.0 957.0 1064.0 479.0 682.0 1016.0 1008.0 479.0 1010.0 999.0 993.0 856.0 184.0 685.0 479.0 483.0 598.0 962.0 907.0 286.0 488.0 945.0 873.0 769.0 593.0 669.0 394.0 853.0 662.0 486.0 787.0 990.0 859.0 670.0 364.0 793.0 502.0 994.0 688.0 677.0 961.0 484.0 0 482.0 851.0 488.0 862.0 588.0 584.0 757.0 410.0 1020.0 974.0 682.0 982.0 680.0 403.0 1014.0 670.0 308.0 585.0 574.0 488.0 1014.0 476.0 862.0 293.0 375.0 483.0 955.0 481.0 381.0 880.0 807.0 284.0 477.0 758.0 900.0 683.0 680.0 663.0 589.0 579.0 1012.0 392.0 987.0 574.0 689.0 684.0 1023.0 1014.0 860.0 374.0 
432.0 213.0 515.0 802.0 731.0 1057.0 301.0 195.0 302.0 1040.0 949.0 205.0 802.0 738.0 730.0 599.0 732.0 721.0 715.0 941.0 298.0 805.0 599.0 211.0 320.0 1049.0 629.0 402.0 214.0 1032.0 595.0 889.0 315.0 789.0 512.0 934.0 782.0 292.0 509.0 712.0 944.0 790.0 482.0 515.0 224.0 716.0 808.0 797.0 1044.0 208.0 482.0 0 932.0 608.0 947.0 708.0 326.0 846.0 132.0 742.0 1061.0 802.0 704.0 800.0 523.0 736.0 790.0 517.0 317.0 694.0 210.0 736.0 596.0 771.0 409.0 493.0 211.0 1038.0 209.0 103.0 602.0 529.0 404.0 19.0 878.0 622.0 405.0 800.0 783.0 709.0 699.0 734.0 512.0 709.0 694.0 809.0 804.0 745.0 736.0 945.0 108.0 
508.0 941.0 619.0 569.0 611.0 305.0 1029.0 923.0 810.0 288.0 393.0 933.0 571.0 618.0 614.0 389.0 610.0 599.0 599.0 189.0 673.0 580.0 562.0 939.0 828.0 297.0 515.0 775.0 942.0 280.0 697.0 466.0 617.0 368.0 883.0 26.0 553.0 975.0 609.0 588.0 192.0 561.0 853.0 615.0 727.0 600.0 577.0 568.0 292.0 936.0 851.0 932.0 0 571.0 195.0 473.0 1054.0 94.0 816.0 622.0 309.0 571.0 588.0 381.0 888.0 618.0 565.0 886.0 1045.0 277.0 938.0 618.0 375.0 191.0 782.0 864.0 939.0 286.0 937.0 829.0 704.0 403.0 771.0 927.0 403.0 508.0 709.0 571.0 558.0 474.0 476.0 610.0 877.0 589.0 296.0 582.0 573.0 623.0 612.0 193.0 836.0 
836.0 615.0 919.0 402.0 1002.0 694.0 697.0 597.0 706.0 677.0 784.0 605.0 402.0 1009.0 1005.0 199.0 1001.0 990.0 990.0 576.0 310.0 405.0 14.0 609.0 724.0 682.0 906.0 412.0 614.0 665.0 999.0 489.0 719.0 389.0 520.0 573.0 382.0 612.0 913.0 979.0 579.0 390.0 490.0 919.0 628.0 991.0 408.0 397.0 681.0 610.0 488.0 608.0 571.0 0 582.0 308.0 710.0 477.0 536.0 1013.0 694.0 402.0 979.0 400.0 525.0 1009.0 390.0 523.0 711.0 294.0 614.0 1009.0 196.0 582.0 419.0 501.0 609.0 675.0 607.0 507.0 1006.0 794.0 408.0 603.0 478.0 899.0 809.0 400.0 383.0 309.0 299.0 1001.0 514.0 980.0 294.0 409.0 404.0 1014.0 1003.0 580.0 500.0 
523.0 956.0 634.0 580.0 626.0 318.0 1044.0 938.0 825.0 301.0 408.0 948.0 582.0 633.0 629.0 400.0 625.0 614.0 614.0 200.0 684.0 591.0 573.0 954.0 843.0 308.0 530.0 786.0 957.0 291.0 712.0 477.0 632.0 379.0 894.0 197.0 564.0 986.0 624.0 603.0 11.0 572.0 864.0 630.0 742.0 615.0 588.0 579.0 305.0 951.0 862.0 947.0 195.0 582.0 0 484.0 1069.0 105.0 831.0 637.0 320.0 582.0 603.0 392.0 899.0 633.0 576.0 897.0 1060.0 288.0 953.0 633.0 386.0 206.0 793.0 875.0 954.0 299.0 952.0 844.0 719.0 418.0 782.0 942.0 414.0 523.0 724.0 582.0 569.0 485.0 487.0 625.0 888.0 604.0 307.0 593.0 584.0 638.0 627.0 204.0 851.0 
801.0 715.0 912.0 306.0 904.0 596.0 797.0 697.0 806.0 579.0 686.0 705.0 308.0 911.0 907.0 126.0 903.0 892.0 892.0 478.0 410.0 317.0 299.0 709.0 824.0 584.0 808.0 512.0 714.0 567.0 990.0 391.0 819.0 291.0 620.0 475.0 290.0 712.0 902.0 881.0 481.0 298.0 590.0 908.0 728.0 893.0 314.0 305.0 583.0 710.0 588.0 708.0 473.0 308.0 484.0 0 810.0 379.0 636.0 915.0 596.0 308.0 881.0 302.0 625.0 911.0 302.0 623.0 811.0 196.0 714.0 911.0 112.0 484.0 519.0 601.0 709.0 577.0 707.0 607.0 997.0 696.0 508.0 703.0 380.0 801.0 909.0 308.0 295.0 19.0 213.0 903.0 614.0 882.0 196.0 319.0 310.0 916.0 905.0 482.0 600.0 
554.0 333.0 637.0 904.0 853.0 1179.0 415.0 315.0 424.0 1162.0 1071.0 323.0 904.0 860.0 852.0 701.0 854.0 843.0 837.0 1063.0 400.0 907.0 701.0 327.0 442.0 1171.0 751.0 504.0 332.0 1154.0 717.0 991.0 437.0 891.0 614.0 1056.0 884.0 394.0 631.0 834.0 1066.0 892.0 584.0 637.0 346.0 838.0 910.0 899.0 1166.0 328.0 584.0 326.0 1054.0 710.0 1069.0 810.0 0 968.0 254.0 864.0 1183.0 904.0 826.0 902.0 625.0 858.0 892.0 619.0 429.0 796.0 332.0 858.0 698.0 893.0 511.0 595.0 327.0 1160.0 325.0 225.0 724.0 651.0 506.0 321.0 980.0 744.0 527.0 902.0 885.0 811.0 801.0 856.0 614.0 831.0 796.0 911.0 906.0 867.0 858.0 1067.0 218.0 
422.0 855.0 533.0 475.0 525.0 217.0 943.0 837.0 724.0 200.0 307.0 847.0 477.0 532.0 528.0 295.0 524.0 513.0 513.0 99.0 579.0 486.0 468.0 853.0 742.0 205.0 429.0 681.0 856.0 188.0 611.0 372.0 531.0 274.0 789.0 96.0 459.0 881.0 523.0 502.0 102.0 467.0 759.0 529.0 641.0 514.0 483.0 474.0 204.0 850.0 757.0 846.0 94.0 477.0 105.0 379.0 968.0 0 730.0 536.0 217.0 477.0 502.0 287.0 794.0 532.0 471.0 792.0 959.0 183.0 852.0 532.0 281.0 105.0 688.0 770.0 853.0 198.0 851.0 743.0 618.0 317.0 677.0 841.0 309.0 422.0 623.0 477.0 464.0 380.0 382.0 524.0 783.0 503.0 202.0 488.0 479.0 537.0 526.0 103.0 750.0 
316.0 141.0 399.0 730.0 615.0 941.0 229.0 123.0 186.0 924.0 833.0 133.0 730.0 622.0 614.0 527.0 616.0 605.0 599.0 825.0 226.0 733.0 527.0 139.0 204.0 933.0 513.0 330.0 142.0 916.0 479.0 817.0 199.0 717.0 440.0 818.0 710.0 220.0 393.0 596.0 828.0 718.0 410.0 399.0 108.0 600.0 736.0 725.0 928.0 136.0 410.0 132.0 816.0 536.0 831.0 636.0 254.0 730.0 0 626.0 945.0 730.0 588.0 728.0 451.0 620.0 718.0 445.0 245.0 622.0 138.0 620.0 524.0 655.0 337.0 421.0 139.0 922.0 137.0 29.0 486.0 413.0 332.0 127.0 806.0 506.0 289.0 728.0 711.0 637.0 627.0 618.0 440.0 593.0 622.0 737.0 732.0 629.0 620.0 829.0 36.0 
318.0 751.0 429.0 1011.0 421.0 747.0 839.0 733.0 620.0 730.0 639.0 743.0 1013.0 428.0 424.0 831.0 422.0 411.0 409.0 631.0 836.0 1022.0 1004.0 749.0 638.0 739.0 325.0 940.0 752.0 722.0 507.0 908.0 427.0 810.0 1050.0 624.0 995.0 830.0 419.0 402.0 634.0 1003.0 1020.0 425.0 537.0 410.0 1019.0 1010.0 734.0 746.0 1020.0 742.0 622.0 1013.0 637.0 915.0 864.0 536.0 626.0 0 751.0 1013.0 398.0 823.0 1061.0 428.0 1007.0 1055.0 855.0 719.0 748.0 428.0 817.0 461.0 947.0 1031.0 749.0 728.0 747.0 639.0 514.0 219.0 942.0 737.0 845.0 318.0 519.0 1013.0 1000.0 916.0 918.0 424.0 1050.0 295.0 738.0 1024.0 1015.0 435.0 426.0 635.0 646.0 
637.0 1070.0 748.0 692.0 740.0 432.0 1158.0 1052.0 939.0 415.0 522.0 1062.0 694.0 747.0 743.0 512.0 739.0 728.0 728.0 314.0 796.0 703.0 685.0 1068.0 957.0 420.0 644.0 898.0 1071.0 298.0 826.0 589.0 746.0 491.0 1006.0 311.0 676.0 1098.0 738.0 717.0 317.0 684.0 976.0 744.0 856.0 729.0 700.0 691.0 419.0 1065.0 974.0 1061.0 309.0 694.0 320.0 596.0 1183.0 217.0 945.0 751.0 0 694.0 717.0 504.0 1011.0 747.0 688.0 1009.0 1174.0 400.0 1067.0 747.0 498.0 320.0 905.0 987.0 1068.0 413.0 1066.0 958.0 833.0 532.0 894.0 1056.0 526.0 637.0 838.0 694.0 681.0 597.0 599.0 739.0 1000.0 718.0 419.0 705.0 696.0 752.0 741.0 318.0 965.0 
899.0 809.0 1010.0 402.0 1002.0 694.0 891.0 791.0 900.0 677.0 784.0 799.0 402.0 1009.0 1005.0 220.0 1001.0 990.0 990.0 576.0 504.0 411.0 393.0 803.0 918.0 682.0 906.0 606.0 808.0 665.0 1088.0 489.0 913.0 389.0 714.0 573.0 384.0 806.0 1000.0 979.0 579.0 392.0 684.0 1006.0 822.0 991.0 294.0 399.0 681.0 804.0 682.0 802.0 571.0 402.0 582.0 308.0 904.0 477.0 730.0 1013.0 694.0 0 979.0 400.0 719.0 1009.0 396.0 717.0 905.0 294.0 808.0 1009.0 206.0 582.0 613.0 695.0 803.0 675.0 801.0 701.0 1095.0 794.0 602.0 797.0 478.0 899.0 1003.0 402.0 389.0 309.0 307.0 1001.0 708.0 980.0 294.0 413.0 404.0 1014.0 1003.0 580.0 694.0 
280.0 713.0 391.0 977.0 387.0 713.0 801.0 695.0 582.0 696.0 605.0 705.0 979.0 394.0 310.0 797.0 388.0 377.0 371.0 597.0 798.0 988.0 970.0 711.0 600.0 705.0 287.0 902.0 714.0 688.0 469.0 874.0 389.0 776.0 1012.0 590.0 961.0 792.0 381.0 368.0 600.0 969.0 982.0 387.0 499.0 372.0 985.0 976.0 700.0 708.0 982.0 704.0 588.0 979.0 603.0 881.0 826.0 502.0 588.0 398.0 717.0 979.0 0 789.0 1023.0 392.0 973.0 1017.0 817.0 685.0 710.0 392.0 783.0 427.0 909.0 993.0 711.0 694.0 709.0 601.0 476.0 185.0 904.0 699.0 811.0 280.0 481.0 979.0 966.0 882.0 884.0 390.0 1012.0 365.0 704.0 990.0 981.0 401.0 392.0 601.0 608.0 
709.0 807.0 820.0 398.0 812.0 504.0 889.0 789.0 898.0 487.0 594.0 797.0 400.0 819.0 815.0 218.0 811.0 800.0 800.0 386.0 502.0 409.0 391.0 801.0 916.0 492.0 716.0 604.0 806.0 475.0 898.0 299.0 818.0 199.0 712.0 383.0 382.0 804.0 810.0 789.0 389.0 390.0 682.0 816.0 820.0 801.0 406.0 397.0 491.0 802.0 680.0 800.0 381.0 400.0 392.0 302.0 902.0 287.0 728.0 823.0 504.0 400.0 789.0 0 717.0 819.0 394.0 715.0 903.0 106.0 806.0 819.0 204.0 392.0 611.0 693.0 801.0 485.0 799.0 699.0 905.0 604.0 600.0 795.0 288.0 709.0 910.0 400.0 387.0 303.0 305.0 811.0 706.0 790.0 125.0 411.0 402.0 824.0 813.0 390.0 692.0 
