25
7xyYvlir hC2ZPbzA lRFv66dO ne5PzSYX 5Zo9R33z fsgAjhrq 2XMfF8YA RKTqv0lO 6XOrbPEm mB6fiF0u zcy1X765 i4M5A6hw o5fxSomz 1JmiRMy2 mmiVeCrf Tv0Ngo2a XlaUIvCb hcJG54h4 rKjRBwvM rJm7nPd7 xaYYL0Xr uzY67sfN LQU5lyru Wvomb2LC yqRn7pcv
0 342.27 418.59 221.88 237.65 337.95 499.51 254.5 295.63 172.51 281.57 293.85 275.65 330.16 234.79 385.61 217.16 362.42 178.99 201.89 252.89 401.55 196.65 464.31 258.28 
342.27 0 271.41 312.04 365.42 172.07 172.08 289.45 438.66 358.84 394.51 179.64 477.51 244.72 471.91 179.01 412.01 331.71 318.83 361.6 291.06 289.21 332.83 134.98 258.03999999999996 
418.59 271.41 0 336.21 361.87 403.84 128.07 304.66999999999996 251.53 326.25 378.4 388.99 426.46 374.02 471.70000000000005 216.61 379.04 109.63 301.17 355.63 306.28 66.6 323.01 165.44 315.96999999999997 
221.88 312.04 336.21 0 321.87 268.9 351.13 32.620000000000005 256.32 335.14 89.35 168.98 307.19 294.69 245.42 258.14 153.54 227.66 242.16 362.25 31.01 273.54 261.09 339.56 93.52 
237.65 365.42 361.87 321.87 0 382.23 388.78 342.66999999999996 187.78 66.02 376.62 294.32 192.72 448.2 258.47 376.98 315.45 288.51 157.38 73.97 343.27 325.19 131.14000000000001 411.59 328.23 
337.95 172.07 403.84 268.9 382.23 0 341.47 249.06 416.35 389.62 357.84 109.72 480.2 74.4 514.05 227.33 419.75 387.04 414.69 419.0 250.64000000000001 396.82 428.58 307.04999999999995 188.12 
499.51 172.08 128.07 351.13 388.78 341.47 0 348.55 332.69 412.78 440.48 310.84 476.46 397.84 449.06 118.36 437.18 190.24 391.07 442.15999999999997 348.62 145.13 402.24 37.37 350.64 
254.5 289.45 304.67 32.620000000000005 342.66999999999996 249.06 348.55 0 246.43 348.02 120.85 139.34 322.65000000000003 292.68 273.85 245.5 184.12 195.04000000000002 254.32000000000002 377.18 1.61 241.45000000000002 273.76 312.0 60.94 
295.63 438.66 251.53 256.32 187.78 416.35 332.69 246.43 0 243.57 276.56 328.49 206.41 483.48 275.42 443.25 236.73 142.56 316.48 261.75 248.04000000000002 187.67 312.58 365.21000000000004 257.73 
172.51 358.84 326.25 335.14 66.02 389.62 412.78 348.02 243.57 0 324.47 319.3 164.94 419.18 214.95 400.12 282.16 222.61 97.67 29.38 349.63 267.92 74.3 450.15 349.09999999999997 
281.57 394.51 378.4 89.35 376.62 357.84 440.48 120.85 276.56 324.47 0 249.54 225.99 384.03999999999996 156.21 345.07 64.41 298.3 327.95000000000005 318.56 119.3 344.71000000000004 318.03 423.57 172.20999999999998 
293.85 179.64 388.99 168.98 294.32 109.72 310.84 139.34 328.49 319.3 249.54 0 460.61 159.22 405.75 255.07 311.96 280.23 332.21 348.68 140.92000000000002 326.44 343.41 314.62 78.4 
275.65 477.51 426.46 307.19 192.72 480.2 476.46 322.65000000000003 206.41 164.94 225.99 460.61 0 514.01 93.51 432.66 165.66 348.94 171.23 138.72 321.04 381.26 150.25 512.82 382.39 
330.16 244.72 374.02 294.69 448.2 74.4 397.84 292.68 483.48 419.18 384.03999999999996 159.22 514.01 0 505.04999999999995 287.55 410.58 401.11 453.49 448.56 293.21000000000004 387.39 477.1 362.15 232.20000000000002 
234.79 471.91 471.70000000000005 245.42 258.47 514.05 449.06 273.85 275.42 214.95 156.21 405.75 93.51 505.04999999999995 0 460.22 94.47 388.58 175.84 185.94 274.81 421.24 178.32 481.28 327.61 
385.61 179.01 216.61 258.14 376.98 227.33 118.36 245.5 443.25 400.12 345.07 255.07 432.66 287.55 460.22 0 365.75 305.53 354.79 423.75 247.11 263.0 350.06 82.65 247.58999999999997 
217.16 412.01 379.04 153.54 315.45 419.75 437.18 184.12 236.73 282.16 64.41 311.96 165.66 410.58 94.47 365.75 0 354.59 263.54 260.05 183.70999999999998 345.04 265.2 428.74 234.12 
362.42 331.71 109.63 227.66 288.51 387.04 190.24 195.04000000000002 142.56 222.61 298.3 280.23 348.94 401.11 388.58 305.53 354.59 0 244.69 251.99 196.65000000000003 46.41 225.41 227.61 206.33999999999997 
178.99 318.83 301.17 242.16 157.38 414.69 391.07 254.32 316.48 97.67 327.95000000000005 332.21 171.23 453.49 175.84 354.79 263.54 244.69 0 127.05 255.93 258.55 26.72 397.76000000000005 255.39999999999998 
201.89 361.6 355.63 362.25 73.97 419.0 442.15999999999997 377.18 261.75 29.38 318.56 348.68 138.72 448.56 185.94 423.75 260.05 251.99 127.05 0 375.88 297.3 103.67999999999999 478.97 373.58 
252.89 291.06 306.28000000000003 31.01 343.27 250.64000000000001 348.62 1.61 248.04000000000002 349.63 119.3 140.92000000000002 321.04 293.21000000000004 274.81 247.11 183.70999999999998 196.65000000000003 255.92999999999998 375.88 0 243.06000000000003 275.37 311.25 62.52 
401.55 289.21 66.6 273.54 325.19 396.82 145.13 241.45 187.67 267.92 344.71000000000004 326.44 381.26 387.39 421.24 263.0 345.04 46.41 258.55 297.3 243.06 0 271.82 182.5 252.75 
196.65 332.83 323.01 261.09 131.14000000000001 428.58 402.24 273.76 312.58 74.3 318.03 343.41 150.25 477.1 178.32 350.06 265.2 225.41 26.72 103.67999999999999 275.37 271.82 0 417.20000000000005 274.84 
464.31 134.98 165.44 339.56 411.59 307.04999999999995 37.37 312.0 365.21000000000004 450.15 423.57 314.62 512.82 362.15 481.28 82.65 428.74 227.61 397.76 478.97 311.25 182.5 417.20000000000005 0 320.48 
258.28 258.03999999999996 315.96999999999997 93.52 328.23 188.12 350.64 60.94 257.73 349.09999999999997 172.20999999999998 78.4 382.39 232.20000000000002 327.61 247.58999999999997 234.12 206.33999999999997 255.4 373.58 62.52 252.74999999999997 274.84 320.48 0 
