34
0 1 2 3 4 5 6 7 8 9 10 11 12 13 14 15 16 17 18 19 20 21 22 23 24 25 26 27 28 29 30 31 32 44
0 1118040885.00028 1796471461.71624 2346782776.7066097 1557713709.85399 2186560266.31169 2122560341.5821 1485331755.02709 1117643634.40055 1934437603.35097 2209466752.50636 1611455313.50186 1637746469.85014 1431549834.35889 1060521614.61159 2183358781.75163 1753965695.18859 1383904107.67861 1603629151.71337 2237025386.98033 1169001418.42841 1518576308.0702 1633040520.49223 1482088192.32315 1728228352.06159 2231764349.92754 1815211857.7859 2106201238.7146401 1410506103.62084 1570506204.70365 2181587019.53056 1163565634.26248 2454972870.9587 1350503071.14509 
1118040885.00028 0 1261801354.31573 1591150469.68708 1760783998.2977 2107473591.34613 1432492440.55878 1968270511.22124 1440602086.16682 1302098716.07565 1893964353.58171 1984650228.86938 2094922175.5242 1797588213.44046 2178562499.61187 2043151860.91349 1536815969.40868 1879018383.01343 1467815681.67178 1742025797.95037 1093751781.28761 1024430318.4607 1260119942.37701 2219719179.80558 1622789037.16838 2069171042.14875 1166004614.40844 2133492891.00811 1053650444.16359 1246679831.80002 1063546134.53028 1228405296.9303 2101560014.10611 1937512024.39881 
1796471461.71624 1261801354.31573 0 2298027770.29358 1982468124.54109 2146370623.1227999 1183622065.02415 1426649725.26359 1306219314.10323 1648600324.82614 2224001822.7576103 1686854353.89534 2126027934.2334 2236706432.25425 1020331971.4227 1558038165.6939 2049068218.74829 1564267516.8998 1598317419.25453 1240466577.89346 1855580782.0298 1484154786.6361 2153323016.49766 1725897756.98263 1698623304.80117 2230881986.27789 2427805968.72417 1896992876.88953 1821311043.94305 1068246333.85172 2325347488.84601 2167752648.99252 1297739890.13964 1813956471.87479 
2346782776.7066097 1591150469.68708 2298027770.29358 0 2133657257.54082 2138164129.72009 1954411733.51449 1684551393.59309 1229139142.30606 2276888364.6957 1018069405.14896 2155830845.37226 1551514347.16995 1598141684.23021 2097826770.4656901 2168171476.11924 2113414636.54459 2145341589.72631 1010268873.11949 1770922931.17697 1325704313.32434 2075035466.6402102 1572413032.10923 2199268627.25648 1830584880.99434 1960657694.69963 2350740845.85985 2219097503.0815 2066275296.13939 1701498524.79867 1609877487.04761 1230481522.56592 1075864033.22206 1772664734.83631 
1557713709.85399 1760783998.2977 1982468124.54109 2133657257.54082 0 1745612901.09458 1604821611.35861 2230973815.35207 2251007629.6143703 2260735979.66439 1441306027.49938 1653699559.16517 1605002363.7648 1129794130.17402 1524340733.91801 1551193373.88044 1392916233.42165 2244808159.11159 1606649636.75103 1914076045.00599 1307758810.2877 1489682049.90028 1214549247.39209 1450857523.3012 1901633453.30069 1453420203.01771 1203489056.39368 2332570954.11346 1433397589.74629 2432357598.92062 2332953983.36795 1985280225.83988 1478498709.46553 1971136953.25259 
2186560266.31169 2107473591.34613 2146370623.1227999 2138164129.72009 1745612901.09458 0 1436290326.9386 1183670794.42887 2183047112.79342 1146593165.00244 1120094724.57113 1356422526.0859 1964548104.44309 1207683840.57758 1126038651.7001 1719474714.11531 1693617622.81474 1208135717.40184 1413825480.8219 1914134018.58306 2270216764.08242 1174217788.61586 1826110993.6722 2242798038.05589 1521916343.81922 1314203410.3121 1216722983.86059 1584161950.78389 1319007151.3506 1098005362.71984 2193024774.68419 1259653037.55151 1750806401.39179 1938841575.7661 
2122560341.5821 1432492440.55878 1183622065.02415 1954411733.51449 1604821611.35861 1436290326.9386 0 1820659938.36299 1444135530.21269 2303427432.93993 1777392623.45149 2337182048.48921 1384010514.84347 1930447668.38004 1062038726.97051 1320198528.65325 1753552161.37475 1120871860.89097 1644943725.17252 2245722743.13426 2331259377.3088903 2338920071.10604 1915159142.31394 1556013829.65248 1153770813.86632 2073445895.21841 1430594541.50781 1801567254.90653 1705687626.66423 1643789446.74552 1521715395.6435 2092674842.60394 1442447573.37566 2277638948.33219 
1485331755.02709 1968270511.22124 1426649725.26359 1684551393.59309 2230973815.35207 1183670794.42887 1820659938.36299 0 1106202719.12127 1873070149.4115 1266529647.5238 1449396401.45406 1787830399.18686 1475606638.781 1955222077.77919 1769485414.19155 1121150285.27766 2222297683.15814 1446437748.081 1535463524.41346 2230460213.56068 2330348006.13953 2156105674.73229 1608045309.20307 2163852093.90797 1485980026.20621 2308614919.05796 1192671680.92722 2174263959.60487 2232843176.39325 1105165179.39764 1858952808.87898 1227194707.23272 2341040237.41636 
1117643634.40055 1440602086.16682 1306219314.10323 1229139142.30606 2251007629.6143703 2183047112.79342 1444135530.21269 1106202719.12127 0 1047749222.38964 1663091587.06474 2091727778.75598 1008337540.31474 1237902521.053 1700981235.27633 1102116921.37026 1755685119.25218 1794906903.51324 2239408015.42555 2226322441.66338 2286645052.82896 2120838463.82305 1707402566.6346 1403045536.43402 1353422722.88545 1228960222.32294 1253029022.63706 1706093340.03085 2078702215.9872398 1126640457.27198 1633405289.75217 1527341177.68441 1658158829.90175 1852837438.37698 
1934437603.35097 1302098716.07565 1648600324.82614 2276888364.6957 2260735979.66439 1146593165.00244 2303427432.93993 1873070149.4115 1047749222.38964 0 1834118700.67708 1355758788.86233 1764225606.60437 1595038978.73216 2215812169.2679 1395677084.56066 1397167292.6564 1444047717.56888 2147361908.14315 1697513810.25308 1475315828.58352 2320810953.6183 2155228988.1309004 2271366265.0416203 1728009904.63881 1084997788.93977 1936421161.55651 2421162031.80059 1279728046.82615 1419107847.08029 1439947936.66784 1353726075.75934 2472074765.35585 1648347072.20877 
2209466752.50636 1893964353.58171 2224001822.7576103 1018069405.14896 1441306027.49938 1120094724.57113 1777392623.45149 1266529647.5238 1663091587.06474 1834118700.67708 0 1777404629.35551 2402563054.60647 1382916713.89632 1918962180.78036 2284216294.80193 1646850338.37687 2278672625.35205 1178940440.62535 1278081361.93081 2299195847.3798103 2243707034.14607 2100262667.50901 2054997438.48519 2102648880.6634002 1867144933.62835 1780174121.74277 2124871296.21006 1897573566.31533 1168269299.17281 2371694826.92144 1045901118.24388 2093933438.3710198 1250683044.83122 
1611455313.50186 1984650228.86938 1686854353.89534 2155830845.37226 1653699559.16517 1356422526.0859 2337182048.48921 1449396401.45406 2091727778.75598 1355758788.86233 1777404629.35551 0 1895226148.36574 1350915548.68121 2218460747.87922 1972584097.36379 1995797782.49899 2230893879.3391 1691085481.52447 1770580501.89957 2379398601.54068 2261803138.50894 1716692014.50407 1230035516.34961 1545844575.59865 2344335528.08176 1170053668.98762 1615384672.93552 2139536194.84938 1689996538.30721 2445508135.13111 2039352303.2601 1604119481.43644 1329457971.16774 
1637746469.85014 2094922175.5242 2126027934.2334 1551514347.16995 1605002363.7648 1964548104.44309 1384010514.84347 1787830399.18686 1008337540.31474 1764225606.60437 2402563054.60647 1895226148.36574 0 1019646340.71015 2148729830.6117 2110454461.685 1194504891.31504 1868295854.16166 1541498142.81366 2298244373.44875 2319605530.76789 1388089543.50824 1857341075.42718 1170242445.57682 2119223857.7825 1829243554.0064 1346391851.81372 1564530286.86261 2190816437.15934 1754838166.19079 1950993953.57425 1927308214.8193 2292920597.33988 1611961338.3046 
1431549834.35889 1797588213.44046 2236706432.25425 1598141684.23021 1129794130.17402 1207683840.57758 1930447668.38004 1475606638.781 1237902521.053 1595038978.73216 1382916713.89632 1350915548.68121 1019646340.71015 0 2333722492.27768 2303934481.85827 1238103408.81729 1386941789.39801 1579281586.67211 1391119741.77273 2216317481.48669 2381901629.19344 1255597499.20546 2109602196.6706 2316364274.96714 1608239312.73993 2333283186.5677004 1323342838.361 1483632612.02021 2215932656.55478 2279829177.36807 2256098940.97483 1652442148.63863 1983496905.45175 
1060521614.61159 2178562499.61187 1020331971.4227 2097826770.4656901 1524340733.91801 1126038651.7001 1062038726.97051 1955222077.77919 1700981235.27633 2215812169.2679 1918962180.78036 2218460747.87922 2148729830.6117 2333722492.27768 0 1122837167.14004 2150778126.7777 1914115779.11543 1728699775.66308 2260798549.31616 2229523033.04 1434641980.5954 2229739881.17997 1116759386.35579 1979559529.26035 2412599526.09139 2342761635.56069 2449903533.1118603 2311125703.64032 1528586617.76073 1546478084.44047 1532744736.5685 1826057027.86217 1298898002.2851 
2183358781.75163 2043151860.91349 1558038165.6939 2168171476.11924 1551193373.88044 1719474714.11531 1320198528.65325 1769485414.19155 1102116921.37026 1395677084.56066 2284216294.80193 1972584097.36379 2110454461.685 2303934481.85827 1122837167.14004 0 2122681778.56882 1967880060.49194 1831532204.43389 1860029682.71743 2265437758.11037 1018721542.45279 1106902714.03993 2186936014.98462 2161708283.09649 2061907373.07249 2172995596.6413403 1845285029.71977 1803228643.62495 2228757378.64224 2183064596.95458 1706499983.79752 1814591995.76698 1208177623.96554 
1753965695.18859 1536815969.40868 2049068218.74829 2113414636.54459 1392916233.42165 1693617622.81474 1753552161.37475 1121150285.27766 1755685119.25218 1397167292.6564 1646850338.37687 1995797782.49899 1194504891.31504 1238103408.81729 2150778126.7777 2122681778.56882 0 1544798548.41437 2125076650.78314 1416411463.07493 1266640410.20972 1527004251.68372 1633538474.88351 1465041938.00735 1100220133.20565 1971160253.00668 1258194606.58329 1244908761.93375 2240638591.05018 1891956648.52319 2136429585.60067 1336959116.83443 1098415706.02484 1996791150.35707 
1383904107.67861 1879018383.01343 1564267516.8998 2145341589.72631 2244808159.11159 1208135717.40184 1120871860.89097 2222297683.15814 1794906903.51324 1444047717.56888 2278672625.35205 2230893879.3391 1868295854.16166 1386941789.39801 1914115779.11543 1967880060.49194 1544798548.41437 0 2219293851.5642 1637263973.12138 1249717183.57132 1225837211.16373 2155476098.10963 2286109850.81608 1964747091.30248 1123568981.70546 2424858701.26243 1730139439.81636 1486749077.14576 2301379572.16043 1286308102.2625 1277013530.57477 1493390112.7309 1781026786.22014 
1603629151.71337 1467815681.67178 1598317419.25453 1010268873.11949 1606649636.75103 1413825480.8219 1644943725.17252 1446437748.081 2239408015.42555 2147361908.14315 1178940440.62535 1691085481.52447 1541498142.81366 1579281586.67211 1728699775.66308 1831532204.43389 2125076650.78314 2219293851.5642 0 2249856610.60054 1120255406.75446 1064766593.52072 1537744846.7322 2142135881.1342 1032144729.32616 1859855784.65788 1340471972.74036 1301628285.71914 1095856092.59619 1721790258.15312 2181141194.00242 1911957604.5159 2086132906.3415499 1314402757.58315 
2237025386.98033 1742025797.95037 1240466577.89346 1770922931.17697 1914076045.00599 1914134018.58306 2245722743.13426 1535463524.41346 2226322441.66338 1697513810.25308 1278081361.93081 1770580501.89957 2298244373.44875 1391119741.77273 2260798549.31616 1860029682.71743 1416411463.07493 1637263973.12138 2249856610.60054 0 1497866684.00745 2319517949.2397203 1535259738.67954 1959849203.28276 2152625390.1020803 1081117602.11035 1394857566.55016 2209592358.90658 1162962329.80994 1099681984.3914 2017249673.21902 1404266300.88346 1216860725.79523 1230379579.95928 
1169001418.42841 1093751781.28761 1855580782.0298 1325704313.32434 1307758810.2877 2270216764.08242 2331259377.3088903 2230460213.56068 2286645052.82896 1475315828.58352 2299195847.3798103 2379398601.54068 2319605530.76789 2216317481.48669 2229523033.04 2265437758.11037 1266640410.20972 1249717183.57132 1120255406.75446 1497866684.00745 0 1558256894.68747 1459676533.47559 1149363085.19107 2152400136.08062 1062762931.49913 1956182895.12292 1451453101.91617 1204945120.48321 1511470331.85361 1407008406.11662 2076600679.08903 1454172832.32435 1625864891.87543 
1518576308.0702 1024430318.4607 1484154786.6361 2075035466.6402102 1489682049.90028 1174217788.61586 2338920071.10604 2330348006.13953 2120838463.82305 2320810953.6183 2243707034.14607 2261803138.50894 1388089543.50824 2381901629.19344 1434641980.5954 1018721542.45279 1527004251.68372 1225837211.16373 1064766593.52072 2319517949.2397203 1558256894.68747 0 1532189835.55461 2382105609.2364397 2096911322.84688 1810853069.4315 1228020020.20666 1223108714.33532 2078080762.62429 1374777841.11311 2087976452.9909801 1961434278.7395 1678383043.44681 1089138369.28044 
1633040520.49223 1260119942.37701 2153323016.49766 1572413032.10923 1214549247.39209 1826110993.6722 1915159142.31394 2156105674.73229 1707402566.6346 2155228988.1309004 2100262667.50901 1716692014.50407 1857341075.42718 1255597499.20546 2229739881.17997 1106902714.03993 1633538474.88351 2155476098.10963 1537744846.7322 1535259738.67954 1459676533.47559 1532189835.55461 0 2063457869.5064402 1071411026.94521 2240097385.19711 2418038303.7857704 1274785623.45934 1101498848.26153 1444234717.80579 2220407491.62147 1054361549.26513 2179908486.85807 2292839288.31012 
1482088192.32315 2219719179.80558 1725897756.98263 2199268627.25648 1450857523.3012 2242798038.05589 1556013829.65248 1608045309.20307 1403045536.43402 2271366265.0416203 2054997438.48519 1230035516.34961 1170242445.57682 2109602196.6706 1116759386.35579 2186936014.98462 1465041938.00735 2286109850.81608 2142135881.1342 1959849203.28276 1149363085.19107 2382105609.2364397 2063457869.5064402 0 2065844082.66083 1667074352.98616 1858786001.68118 1383419431.27831 1687695036.64257 2108602635.38211 1357218799.60391 1009096320.24131 1123404594.03442 2356109689.0627804 
1728228352.06159 1622789037.16838 1698623304.80117 1830584880.99434 1901633453.30069 1521916343.81922 1153770813.86632 2163852093.90797 1353422722.88545 1728009904.63881 2102648880.6634002 1545844575.59865 2119223857.7825 2316364274.96714 1979559529.26035 2161708283.09649 1100220133.20565 1964747091.30248 1032144729.32616 2152625390.1020803 2152400136.08062 2096911322.84688 1071411026.94521 2065844082.66083 0 1331729122.0945 2358414739.7889404 1748079813.01934 1318064506.08802 1052943405.71068 1148996464.67626 1056747762.41952 1545985225.04483 1458629170.08597 
2231764349.92754 2069171042.14875 2230881986.27789 1960657694.69963 1453420203.01771 1314203410.3121 2073445895.21841 1485980026.20621 1228960222.32294 1084997788.93977 1867144933.62835 2344335528.08176 1829243554.0064 1608239312.73993 2412599526.09139 2061907373.07249 1971160253.00668 1123568981.70546 1859855784.65788 1081117602.11035 1062762931.49913 1810853069.4315 2240097385.19711 1667074352.98616 1331729122.0945 0 1537389159.27661 1743354036.43308 1704162217.54055 1177810590.45497 1729279888.65078 1977174892.35387 1543422448.46395 2205561551.40595 
1815211857.7859 1166004614.40844 2427805968.72417 2350740845.85985 1203489056.39368 1216722983.86059 1430594541.50781 2308614919.05796 1253029022.63706 1936421161.55651 1780174121.74277 1170053668.98762 1346391851.81372 2333283186.5677004 2342761635.56069 2172995596.6413403 1258194606.58329 2424858701.26243 1340471972.74036 1394857566.55016 1956182895.12292 1228020020.20666 2418038303.7857704 1858786001.68118 2358414739.7889404 1537389159.27661 0 2239627797.7034397 1453336428.20074 2275223052.9446898 1489311604.21445 1564572404.87541 1988636212.54975 1088622266.87668 
2106201238.7146401 2133492891.00811 1896992876.88953 2219097503.0815 2332570954.11346 1584161950.78389 1801567254.90653 1192671680.92722 1706093340.03085 2421162031.80059 2124871296.21006 1615384672.93552 1564530286.86261 1323342838.361 2449903533.1118603 1845285029.71977 1244908761.93375 1730139439.81636 1301628285.71914 2209592358.90658 1451453101.91617 1223108714.33532 1274785623.45934 1383419431.27831 1748079813.01934 1743354036.43308 2239627797.7034397 0 1187491783.3057 1109910374.51518 1069946756.47783 1160387858.05744 1651033207.36339 1151005530.82676 
1410506103.62084 1053650444.16359 1821311043.94305 2066275296.13939 1433397589.74629 1319007151.3506 1705687626.66423 2174263959.60487 2078702215.9872398 1279728046.82615 1897573566.31533 2139536194.84938 2190816437.15934 1483632612.02021 2311125703.64032 1803228643.62495 2240638591.05018 1486749077.14576 1095856092.59619 1162962329.80994 1204945120.48321 2078080762.62429 1101498848.26153 1687695036.64257 1318064506.08802 1704162217.54055 1453336428.20074 1187491783.3057 0 1339523918.46388 1519994915.72631 2142404844.05452 2216609172.03604 1258248304.76539 
1570506204.70365 1246679831.80002 1068246333.85172 1701498524.79867 2432357598.92062 1098005362.71984 1643789446.74552 2232843176.39325 1126640457.27198 1419107847.08029 1168269299.17281 1689996538.30721 1754838166.19079 2215932656.55478 1528586617.76073 2228757378.64224 1891956648.52319 2301379572.16043 1721790258.15312 1099681984.3914 1511470331.85361 1374777841.11311 1444234717.80579 2108602635.38211 1052943405.71068 1177810590.45497 2275223052.9446898 1109910374.51518 1339523918.46388 0 1268025221.77092 1099506315.1408 1731006007.15134 1730812331.77135 
2181587019.53056 1063546134.53028 2325347488.84601 1609877487.04761 2332953983.36795 2193024774.68419 1521715395.6435 1105165179.39764 1633405289.75217 1439947936.66784 2371694826.92144 2445508135.13111 1950993953.57425 2279829177.36807 1546478084.44047 2183064596.95458 2136429585.60067 1286308102.2625 2181141194.00242 2017249673.21902 1407008406.11662 2087976452.9909801 2220407491.62147 1357218799.60391 1148996464.67626 1729279888.65078 1489311604.21445 1069946756.47783 1519994915.72631 1268025221.77092 0 1528803336.11088 1038013879.57583 2206980019.79311 
1163565634.26248 1228405296.9303 2167752648.99252 1230481522.56592 1985280225.83988 1259653037.55151 2092674842.60394 1858952808.87898 1527341177.68441 1353726075.75934 1045901118.24388 2039352303.2601 1927308214.8193 2256098940.97483 1532744736.5685 1706499983.79752 1336959116.83443 1277013530.57477 1911957604.5159 1404266300.88346 2076600679.08903 1961434278.7395 1054361549.26513 1009096320.24131 1056747762.41952 1977174892.35387 1564572404.87541 1160387858.05744 2142404844.05452 1099506315.1408 1528803336.11088 0 2132500914.2757301 1894893796.16485 
2454972870.9587 2101560014.10611 1297739890.13964 1075864033.22206 1478498709.46553 1750806401.39179 1442447573.37566 1227194707.23272 1658158829.90175 2472074765.35585 2093933438.3710198 1604119481.43644 2292920597.33988 1652442148.63863 1826057027.86217 1814591995.76698 1098415706.02484 1493390112.7309 2086132906.3415499 1216860725.79523 1454172832.32435 1678383043.44681 2179908486.85807 1123404594.03442 1545985225.04483 1543422448.46395 1988636212.54975 1651033207.36339 2216609172.03604 1731006007.15134 1038013879.57583 2132500914.2757301 0 1298851850.07048 
1350503071.14509 1937512024.39881 1813956471.87479 1772664734.83631 1971136953.25259 1938841575.7661 2277638948.33219 2341040237.41636 1852837438.37698 1648347072.20877 1250683044.83122 1329457971.16774 1611961338.3046 1983496905.45175 1298898002.2851 1208177623.96554 1996791150.35707 1781026786.22014 1314402757.58315 1230379579.95928 1625864891.87543 1089138369.28044 2292839288.31012 2356109689.0627804 1458629170.08597 2205561551.40595 1088622266.87668 1151005530.82676 1258248304.76539 1730812331.77135 2206980019.79311 1894893796.16485 1298851850.07048 0 
