17
0 1 2 3 4 5 6 7 8 9 10 11 12 13 14 15 27
0 1298342248.94821 1867014017.26368 1970083080.02935 1945162606.65253 1248880492.11696 2308868107.24972 1541250125.47081 2426394761.8078604 1464016288.90885 1170899829.78737 1565168008.89541 1713747425.40861 2176249889.30868 1909563276.83028 1761790705.12154 1642579182.53028 
1298342248.94821 0 1409207730.92633 1211390797.45932 2264864034.19258 2374374232.8729 1584871570.74358 1776102842.03242 1948458814.76879 2224181823.6898403 2072248089.7403998 1327303275.31435 2123644921.20721 1268865796.95216 1695510821.53411 1435956007.15201 1445271329.94052 
1867014017.26368 1409207730.92633 0 1720563378.41075 1620735060.05345 2285709513.63663 1060544527.97902 1564723762.61399 1154387200.38536 2307764571.90397 1588958076.1923 2157451007.5125 1164203771.20091 2104795073.4258301 2288896956.20736 1023755678.59561 1364060023.39863 
1970083080.02935 1211390797.45932 1720563378.41075 0 1112145409.81613 2455692790.72926 1815910944.65613 1618214446.57971 2342020517.38828 1220156005.4595 1917725283.57339 1670582755.70178 1403626894.2853 1505300728.67897 2189638066.85948 1809640488.47009 1598545721.06499 
1945162606.65253 2264864034.19258 1620735060.05345 1112145409.81613 0 2176844905.21138 1345989139.93294 1115082770.80949 1501543842.1561 1270941136.73162 1424797877.64986 1547610413.30341 2266280472.97666 1144300822.00057 2188262088.03517 1453208802.88654 1452573871.62762 
1248880492.11696 2374374232.8729 2285709513.63663 2455692790.72926 2176844905.21138 0 1598871248.54215 2084668462.47715 1648532738.15457 2285533061.10721 1670427135.01798 1359296189.97932 1121505742.43572 2345220980.52165 1718660194.36172 2390625944.0099497 1339493806.06125 
2308868107.24972 1584871570.74358 1060544527.97902 1815910944.65613 1345989139.93294 1598871248.54215 0 1371203935.13408 1582264505.66088 1247220043.92495 1994178539.16937 1690981332.65464 1588272239.0078 1646427765.2917 2180682592.0906 1345582806.84404 1639179370.19981 
1541250125.47081 1776102842.03242 1564723762.61399 1618214446.57971 1115082770.80949 2084668462.47715 1371203935.13408 0 1028911303.90199 2282094808.73426 1360371699.51968 1716183203.68721 1151197702.16717 2259383592.81006 1701328213.01067 1656849401.32414 1514272611.17472 
2426394761.8078604 1948458814.76879 1154387200.38536 2342020517.38828 1501543842.1561 1648532738.15457 1582264505.66088 1028911303.90199 0 1253183504.83227 2081931696.94556 1003063807.12714 1822804467.17887 2213656760.39939 1464986305.45181 2178142878.98097 1132716478.35625 
1464016288.90885 2224181823.6898403 2307764571.90397 1220156005.4595 1270941136.73162 2285533061.10721 1247220043.92495 2282094808.73426 1253183504.83227 0 1319197323.33402 2256247311.9594097 2198245164.57191 1069788343.73627 1544083204.54337 1768368958.98179 2346818317.93044 
1170899829.78737 2072248089.7403998 1588958076.1923 1917725283.57339 1424797877.64986 1670427135.01798 1994178539.16937 1360371699.51968 2081931696.94556 1319197323.33402 0 2347269040.45969 1205189354.33433 1366222541.71438 1341799755.44059 1968967618.0488 1617269186.0344 
1565168008.89541 1327303275.31435 2157451007.5125 1670582755.70178 1547610413.30341 1359296189.97932 1690981332.65464 1716183203.68721 1003063807.12714 2256247311.9594097 2347269040.45969 0 2313775331.0062304 1679852727.79131 1453415414.41568 1408423196.35197 1860542193.78695 
1713747425.40861 2123644921.20721 1164203771.20091 1403626894.2853 2266280472.97666 1121505742.43572 1588272239.0078 1151197702.16717 1822804467.17887 2198245164.57191 1205189354.33433 2313775331.0062304 0 1530623741.14323 2245972205.9506197 1968980747.30427 1606401100.37706 
2176249889.30868 1268865796.95216 2104795073.4258301 1505300728.67897 1144300822.00057 2345220980.52165 1646427765.2917 2259383592.81006 2213656760.39939 1069788343.73627 1366222541.71438 1679852727.79131 1530623741.14323 0 2105013729.17759 1500416278.14141 2155891442.13493 
1909563276.83028 1695510821.53411 2288896956.20736 2189638066.85948 2188262088.03517 1718660194.36172 2180682592.0906 1701328213.01067 1464986305.45181 1544083204.54337 1341799755.44059 1453415414.41568 2245972205.9506197 2105013729.17759 0 1582220288.73151 1098887862.61006 
1761790705.12154 1435956007.15201 1023755678.59561 1809640488.47009 1453208802.88654 2390625944.0099497 1345582806.84404 1656849401.32414 2178142878.98097 1768368958.98179 1968967618.0488 1408423196.35197 1968980747.30427 1500416278.14141 1582220288.73151 0 1586381023.12594 
1642579182.53028 1445271329.94052 1364060023.39863 1598545721.06499 1452573871.62762 1339493806.06125 1639179370.19981 1514272611.17472 1132716478.35625 2346818317.93044 1617269186.0344 1860542193.78695 1606401100.37706 2155891442.13493 1098887862.61006 1586381023.12594 0 
