49
0 1 3 4 5 8 9 10 13 15 17 19 20 22 23 24 29 30 31 32 33 36 38 41 42 48 50 54 57 58 60 61 63 65 66 67 68 74 81 82 83 84 85 88 89 90 91 92 56
0 11007.975339999999 11444.5391 18241.07478 25861.21823 9390.32244 11421.620719999999 10981.05433 20382.39598 22503.525709999998 11503.10067 12953.1346 10302.14173 15646.21219 15748.82831 19129.382729999998 8666.323530000001 25670.03875 12253.68573 13517.9268 35398.76101 12356.67827 4504.4569 13383.20608 23937.14072 16007.84097 25706.360529999998 22479.56567 20437.660939999998 19788.90896 27417.67859 17903.45665 14092.23055 31265.90119 12732.57417 11860.88714 13370.29192 12076.73864 7873.846390000001 19669.01495 9172.18764 21411.34674 3165.50723 19943.98959 14133.00004 28931.78605 18421.87102 25763.29825 14051.896139999999 
11007.975339999999 0 12207.500919999999 13778.933160000002 17643.57911 10094.15445 1593.41928 5311.06863 10892.598390000001 18733.21811 13730.83515 10406.134699999999 12173.04502 11868.18108 9213.1811 14196.5821 7926.102279999999 15569.10177 5856.92283 7394.33006 25631.69182 10214.08543 11590.23063 11015.39535 13942.54808 9305.91081 19926.00424 16296.19948 12844.24716 10424.29902 17107.18975 13441.315030000002 13491.27737 22330.31393 12560.45245 7448.88851 9111.0224 9823.5112 6762.12548 11178.25763 8060.46673 12108.63151 7870.51745 13602.71189 8971.41484 18005.71656 15397.84846 14833.954150000001 7229.02737 
11444.5391 12207.500919999999 0 8695.14887 19157.03946 10116.68819 11035.55986 10389.46581 13028.50998 20154.690690000003 14462.8138 10796.03653 14475.45405 14039.54931 10504.80442 15552.37017 5934.53629 16709.95469 15941.92294 17421.15366 27214.58067 10603.98726 6940.0822 11503.0303 16339.96681 10617.26754 21309.16547 17710.85713 15047.087510000001 12120.16588 17966.04912 8357.53074 13972.76612 24493.70012 15238.668720000001 7838.79034 12826.92845 15209.67107 7098.51309 12402.8637 8396.85434 13802.17947 10985.72882 21848.13517 12008.49836 19720.781880000002 16279.02583 16424.95877 11681.75866 
18241.074780000003 13778.93316 8695.14887 0 17775.41393 17330.77846 15363.86561 12660.48411 10980.50143 23006.64267 20849.54585 15468.97181 19634.11079 17319.71199 13919.66974 18397.9664 13419.47369 8124.79067 7922.01033 8990.06164 22657.70334 17035.87796 14830.469369999999 18248.798730000002 11523.70902 13398.84308 22413.21527 12051.0902 14942.06977 11068.20717 9451.88579 337.61813 19837.04366 21012.0553 6543.51985 14361.12333 13567.55528 6560.8805 14583.450490000001 11781.38812 15478.90992 12339.20212 15199.87266 18097.81866 13251.23368 12524.51744 20511.10303 12474.07764 10127.13365 
25861.21823 17643.57911 19157.03946 17775.41393 0 18204.806490000003 16191.36205 21119.09603 8127.62419 10356.64212 19002.17074 14521.81823 25863.05508 13786.813010000002 12057.052220000001 12716.142590000001 18270.64303 22200.01768 22670.17408 22515.02329 17395.56764 17276.98156 26062.56148 14877.33353 9774.97079 9865.9441 6598.85884 22997.6346 10250.23967 7219.28009 22593.67563 18113.032059999998 16416.83527 14797.46503 21741.4193 17479.064420000002 12490.92631 21382.663959999998 18616.02125 11274.11892 18508.05403 5615.32225 23048.72169 22525.05683 13365.221450000001 13620.242 11620.99071 11651.61517 12523.42066 
9390.32244 10094.15445 10116.68819 17330.77846 18204.806490000003 0 9133.64577 7921.73415 14223.84394 13161.98667 5425.02861 4396.7803 11168.13932 10605.051220000001 8137.76628 10573.02843 4189.89415 25269.62952 15003.89433 16036.3739 28577.88927 7151.94363 11469.86282 4267.51848 18225.036760000003 8338.86239 16655.26101 24022.615299999998 12495.49625 13315.49984 26767.41882 16997.2286 7238.16908 23587.75314 15956.47136 5222.1684700000005 5837.89251 13802.19441 3791.19836 12996.89949 2533.46897 14579.49625 8009.130150000001 21142.93838 6712.18765 24609.52484 9080.79919 21342.83685 8290.44571 
11421.620719999999 1593.41928 11035.55986 15363.86561 16191.36205 9133.64577 0 6904.48791 9622.83305 17139.79883 13876.72827 9234.26658 13766.4643 10274.7618 7619.80216 12603.16282 7907.47451 16191.792989999998 7441.85528 7971.56804 24428.82324 9042.21731 10153.104179999998 9421.97607 12749.67309 9688.92755 18459.11048 15157.57892 12789.11738 9258.51092 17939.432829999998 15026.24748 12173.73205 21088.02319 10967.033169999999 6277.02039 7921.95023 10400.74918 8355.54476 9584.83835 8965.71989 10790.18257 8256.11349 12009.29261 7782.34267 18122.64828 13804.42918 14833.883850000002 5635.60809 
10981.05433 5311.06863 10389.46581 12660.48411 21119.09603 7921.73415 6904.48791 0 15156.28203 19788.41591 11331.17346 9779.58201 11588.62103 12535.48966 11456.09811 15711.01448 4454.92952 20324.25979 7652.03352 9015.75732 30117.72508 9587.53274 7487.72486 10710.01122 18558.69347 12974.32406 22287.99228 17371.47743 15892.72629 14615.80265 21952.15062 12998.10224 12516.06588 26383.27344 8034.73721 6822.33582 10336.775010000001 11444.938460000001 4211.68007 14642.14629 5392.24935 16301.2026 9955.74582 15018.1923 10992.04384 23316.785190000002 15949.076720000001 20046.19518 8636.66475 
20382.39598 10892.598390000001 13028.509979999999 10980.50143 8127.62419 14223.84394 9622.83305 15156.28203 0 13036.45673 16527.37723 10154.6739 20897.954729999998 9803.7504 6333.88609 9069.53279 12536.830890000001 16499.58879 15686.61372 15443.97051 15183.522280000001 12842.69645 19288.296690000003 11170.562670000001 4001.19282 9397.26064 12447.5841 16498.16138 4967.44067 908.3441 17080.70543 10642.8833 13831.42061 11465.19014 14723.51008 11445.80347 8393.83199 13752.45324 13635.98759 9062.07356 13997.87293 2593.7440500000002 17311.66549 15724.92178 7519.98351 11159.09817 13197.682850000001 7924.67337 6887.482 
22503.52571 18733.21811 20154.690690000003 23006.64267 10356.64212 13161.98667 17139.79883 19788.41591 13036.45673 0 12374.30536 10029.60029 21797.64047 8106.86126 9649.88627 4611.38862 15976.92358 29374.41189 24581.65411 25051.925560000003 21246.23724 11454.02215 23995.491710000002 9210.84193 16318.30001 9607.79959 5016.774890000001 28953.07279 10293.619429999999 12920.97537 30080.9201 23221.23358 8735.40154 15087.97737 24067.46118 12966.08009 10777.35051 22840.10978 15855.00907 11615.69064 15396.985130000001 14606.37532 20557.387909999998 27578.50926 10555.46588 23288.6394 4081.65469 20464.55091 13427.41706 
11503.10067 13730.83515 14462.8138 20849.54585 19002.17074 5425.02861 13876.72827 11331.17346 16527.37723 12374.30536 0 6392.01666 10279.38719 8325.09763 10766.787349999999 10431.12055 8528.27751 28807.619 18693.8153 19708.15023 30310.231529999997 9147.17999 14496.28138 6560.01616 20517.08588 10381.25551 16452.1099 26724.08592 14316.28112 15619.03313 30301.43164 21187.163979999998 3638.90382 24694.45044 19365.91067 8637.558430000001 8329.84808 17307.30057 7364.30071 15161.02173 7958.49758 16703.79371 11516.64289 25023.59903 9107.75916 27291.15205 8434.748379999999 24084.95276 11770.26971 
12953.1346 10406.134699999999 10796.03653 15468.97181 14521.81823 4396.7803 9234.26658 9779.58201 10154.6739 10029.60029 6392.01666 0 14042.66705 7576.088239999999 4467.83119 6176.24813 7829.7028900000005 23182.64185 16263.057529999998 15910.45295 24656.398520000002 2755.16333 15424.06405 6844.92159 14155.86672 4668.44097 12753.22593 21623.698660000002 8098.71595 9250.64025 24371.232070000002 15132.75021 4382.61406 19486.3404 16242.75966 2957.24619 2030.89192 13491.23864 6665.72609 8832.62843 5367.38484 10311.77705 11946.334369999999 19803.94064 2730.76436 20899.13539 6169.49471 17707.95796 5471.31355 
10302.14173 12173.04502 14475.45405 19634.11079 25863.05508 11168.13932 13766.4643 11588.62103 20897.954729999998 21797.64047 10279.38719 14042.66705 0 16645.930780000002 15887.64745 19906.45272 8540.91776 27194.88785 17565.665100000002 16028.257870000001 35865.54208 14129.17863 8056.2430300000005 12884.9317 24571.1703 15998.89737 25272.674229999997 24009.75354 20428.71734 20169.40455 28942.52769 19296.49266 13918.291009999999 31542.18048 14437.13687 11363.98171 13502.035899999999 13599.07673 7376.94096 20041.77199 8675.28221 21674.74713 7136.6345 21600.34744 14270.16227 30093.635560000002 18714.13557 26804.871130000003 14283.543959999999 
15646.21219 11868.18108 14039.54931 17319.71199 13786.813010000002 10605.051220000001 10274.7618 12535.48966 9803.7504 8106.86126 8325.09763 7576.088239999999 16645.930780000002 0 3819.08693 3495.47264 8105.01302 24373.74237 17716.61708 18246.32984 23645.682220000002 4820.92491 17442.974009999998 8658.095299999999 13713.08195 3920.86891 10072.45044 23215.78432 6576.21198 10635.30855 25506.313290000002 17405.43954 10343.97007 18023.68091 18118.760690000003 7586.12183 6256.0262 15858.61394 9268.98982 8309.15188 8071.58225 9553.43341 13408.04922 21658.97778 7130.32134 20733.45606 10682.88369 17690.78862 7611.62302 
15748.82831 9213.1811 10504.80442 13919.66974 12057.052220000001 8137.76628 7619.80216 11456.09811 6333.88609 9649.88627 10766.787349999999 4467.83119 15887.64745 3819.08693 0 5047.56575 7531.55077 20973.926900000002 15043.06741 15431.19933 20440.12299 6611.56381 15800.07206 4839.00837 10335.07891 5074.48832 10935.76892 19608.36158 7812.580959999999 7242.23019 22162.56443 13586.35261 7586.97654 16658.55842 14619.17756 7425.07738 2436.93927 13385.71402 8510.70649 4968.49675 8453.31917 6441.72997 13032.36707 18159.394650000002 3311.23441 17192.97964 6863.79676 14258.55946 3792.53609 
19129.382729999998 14196.5821 15552.37017 18397.9664 12716.142590000001 10573.02843 12603.16282 15711.01448 9069.53279 4611.38862 10431.12055 6176.24813 19906.45272 3495.47264 5047.56575 0 11365.53496 25034.85542 20045.0181 20472.09926 20150.209580000002 8316.39755 20005.83227 9819.14803 13070.72561 4999.12332 6576.9778 24341.68417 5682.23081 8309.58675 25857.71924 18633.91836 6848.49743 14528.20827 19471.16602 9133.49432 6426.38506 18231.43351 12529.511760000001 8950.10585 11543.632969999999 9994.986700000001 16779.54412 23171.97328 7300.6802 19645.2481 8693.04331 16994.20616 8840.10184 
8666.323530000001 7926.102279999999 5934.53629 13419.47369 18270.64303 4189.89415 7907.47451 4454.92952 12536.830890000001 15976.92358 8528.27751 7829.70289 8540.91776 8105.01302 7531.55077 11365.53496 0 21367.91719 10814.00018 12351.40741 27461.47046 7916.214470000001 9546.46292 7808.14394 16177.44065 9926.620789999999 17916.462919999998 19832.72115 13238.82333 11628.48679 22852.04578 13081.85556 8268.481 23493.83106 12175.46964 5151.0175500000005 7289.071739999999 11174.97285 1163.9768 12500.04752 2462.31805 13133.82937 5500.8163 18823.275120000002 8057.198109999999 22149.4948 13064.32556 18862.52538 5747.22237 
25670.03875 15569.10177 16709.95469 8124.79067 22200.01768 25269.62952 16191.792989999998 20324.25979 16499.58879 29374.41189 28807.619 23182.64185 27194.88785 24373.74237 20973.926900000002 25034.85542 21367.91719 0 13938.36092 13414.34761 22844.77592 24896.35122 21993.00136 24558.01071 15010.840509999998 20550.47178 28107.437019999998 3926.29953 20980.8533 16924.70975 1747.63984 8462.408800000001 27523.57243 23841.40374 12982.28277 22264.76847 21161.17079 13745.64971 22330.79038 17834.433660000002 23603.70059 18610.1097 23046.842109999998 22002.2949 20699.19323 11663.32684 27407.90353 11128.73888 17734.84846 
12253.68573 5856.92283 15941.92294 7922.01033 22670.17408 15003.89433 7441.85528 7652.03352 15686.61372 24581.65411 18693.8153 16263.05753 17565.665100000002 17716.61708 15043.06741 20045.0181 10814.00018 13938.36092 0 1537.40723 29904.47741 15481.16536 12236.17724 16863.83135 19445.71935 15162.83364 25650.338929999998 10439.27665 18701.169990000002 15450.89399 15671.54185 7584.3922 18943.10265 27151.80386 14465.53018 13305.81134 14712.872339999998 3966.5883700000004 11863.71359 16776.0668 12492.57459 17136.29394 10652.75084 19451.14789 14396.550739999999 20446.52777 21246.28446 19720.85171 11272.45071 
13517.9268 7394.33006 17421.15366 8990.06164 22515.02329 16036.3739 7971.56804 9015.75732 15443.97051 25051.925560000003 19708.15023 15910.45295 16028.257870000001 18246.32984 15431.19933 20472.09926 12351.40741 13414.34761 1537.40723 0 28515.09193 16447.64518 10698.77001 17393.544110000003 18320.81372 15661.49133 25838.93444 11976.68388 18797.78382 15295.7432 14172.12281 9121.799430000001 20145.30009 26560.27684 15533.58149 14248.58843 14861.42036 2429.18114 12343.84952 16572.08541 13640.26968 16981.14315 11730.37354 19980.860650000002 14541.75522 21168.40551 21775.997219999997 18263.010299999998 11638.66324 
35398.76101 25631.69182 27214.58067 22657.703339999996 17395.56764 28577.88927 24428.82324 30117.72508 15183.522280000001 21246.23724 30310.231529999997 24656.398520000002 35865.54208 23645.68222 20440.12299 20150.20958 27461.47046 22844.77592 29904.47741 28515.09193 0 27051.6868 34027.39012 25269.82119 15698.775029999999 20771.927929999998 16682.99077 25293.69645 17088.48188 15906.85144 22237.00108 22320.085209999997 26752.6298 6230.90122 28113.09947 26083.22699 22877.06226 27504.51098 28488.60112 15823.77009 28771.926489999998 14947.713960000001 32323.37738 25917.01989 22534.28571 15753.919469999999 22920.82219 12458.09636 21714.24809 
12356.67827 10214.08543 10603.98726 17035.87796 17276.98156 7151.94363 9042.21731 9587.53274 12842.69645 11454.02215 9147.17999 2755.16333 14129.17863 4820.92491 6611.56381 8316.39755 7916.214470000001 24896.35122 15481.16536 16447.64518 27051.6868 0 13180.07014 6652.87232 16841.52191 7423.604299999999 14826.26834 23006.53342 10853.87928 11950.14721 26396.549509999997 16698.68558 7137.777389999999 21872.64104 15359.39094 2765.19692 4786.055249999999 16246.401969999999 6752.23767 11580.06056 5453.89642 13051.87224 9191.17104 21038.85596 5322.71294 23462.609579999997 7372.36746 20281.442049999998 8226.476879999998 
4504.4569 11590.23063 6940.0822 14830.469369999999 26062.56148 11469.86282 10153.104179999998 7487.72486 19288.296690000003 23995.491710000002 14496.28138 15424.06405 8056.2430300000005 17442.974009999998 15800.07206 20005.83227 9546.46292 21993.00136 12236.17724 10698.77001 34027.39012 13180.07014 0 14784.64978 22319.54 17220.09999 26444.80229 22675.45389 20210.77584 18843.28139 23740.6412 14614.66887 16273.30139 30753.48683 9294.31813 12745.37871 14751.81227 8269.58887 8758.33796 18810.5998 10056.67921 20525.29498 4045.64662 15848.04508 14281.56357 26625.41946 19978.86546 23329.59635 14497.178759999999 
13383.20608 11015.39535 11503.0303 18248.79873 14877.33353 4267.51848 9421.97607 10710.01122 11170.562670000001 9210.84193 6560.01616 6844.92159 12884.9317 8658.095299999999 4839.00837 9819.14803 7808.14394 24558.01071 16863.83135 17393.544110000003 25269.821190000002 6652.87232 14784.64978 0 15150.159230000001 5011.38943 12387.74253 23057.25567 9441.2094 10262.21857 25768.92073 17911.1806 2970.6506 19647.81988 16181.26522 3887.6754 7275.947639999999 16655.16319 6644.16714 9807.50512 6576.374900000001 11280.73834 12276.64863 21431.26868 8057.38342 22031.98801 7766.4951599999995 18864.2567 8631.54446 
23937.14072 13942.54808 16339.96681 11523.70902 9774.97079 18225.036760000003 12749.67309 18558.69347 4001.19282 16318.30001 20517.08588 14155.86672 24571.1703 13713.08195 10335.07891 13070.72561 16177.44065 15010.840509999998 19445.71935 18320.81372 15698.775029999999 16841.52191 22319.54 15150.159230000001 0 10138.7698 13334.22251 16047.27281 8968.63349 4909.5369200000005 15293.89532 11861.327150000001 17742.54829 9582.03637 16627.16792 15446.996290000001 12393.10411 15891.63258 17341.41745 9621.31147 17999.06575 4159.64854 20808.58385 15867.03227 11518.80897 7215.33547 15389.51153 5833.24627 10888.67482 
16007.84097 9305.91081 10617.26754 13398.84308 9865.9441 8338.86239 9688.927549999999 12974.32406 9397.26064 9607.79959 10381.25551 4668.44097 15998.89737 3920.86891 5074.48832 4999.12332 9926.62079 20550.47178 15162.83364 15661.49133 20771.927929999998 7423.604299999999 17220.09999 5011.38943 10138.7698 0 11576.10112 19581.84797 4429.81997 8488.91654 21585.44438 13736.461210000001 7982.04003 17065.399120000002 14509.06393 7625.6871599999995 2637.54905 13232.31019 8762.64399 9796.55603 8654.67677 10174.316490000001 13182.77759 20335.87334 3511.84419 17354.10527 9928.76658 14862.352640000001 6077.97068 
25706.360529999998 19926.00424 21309.16547 22413.21527 6598.85884 16655.26101 18459.11048 22287.99228 12447.5841 5016.774890000001 16452.1099 12753.22593 25272.674229999997 10072.45044 10935.76892 6576.9778 17916.462919999998 28107.437019999998 25650.338929999998 25838.93444 16682.99077 14826.26834 26444.80229 12387.74253 13334.22251 11576.10112 0 28122.66106 12259.20861 11539.24 28453.2733 22075.59714 12813.20608 10458.79692 24949.02914 15689.53687 12752.30905 23710.98286 18609.16812 10798.24422 18120.61077 10269.54303 23356.52192 27230.01059 12222.17763 20046.95158 8047.57759 17953.65528 14567.95473 
22479.56567 16296.19948 17710.85713 12051.0902 22997.6346 24022.6153 15157.57892 17371.47743 16498.16138 28953.07279 26724.08592 21623.698660000002 24009.75354 23215.78432 19608.36158 24341.68417 19832.72115 3926.29953 10439.27665 11976.68388 25293.69645 23006.53342 22675.45389 23057.25567 16047.27281 19581.84797 28122.66106 0 21465.60205 17406.50548 5673.93937 12388.708330000001 26006.31272 25348.77042 14791.74713 20429.23929 19719.68684 14405.865020000001 20996.69795 18835.3361 22295.039200000003 19091.90543 19728.85159 23515.683680000002 19399.47827 14349.0984 26471.72896 13110.07418 16298.49643 
20437.66094 12844.24716 15047.087510000001 14942.06977 10250.239669999999 12495.49625 12789.11738 15892.72629 4967.44067 10293.619429999999 14316.28112 8098.71595 20428.71734 6576.21198 7812.580959999999 5682.23081 13238.82333 20980.8533 18701.169990000002 18797.78382 17088.48188 10853.87928 20210.77584 9441.2094 8968.63349 4429.81997 12259.20861 21465.60205 0 4059.09657 21711.52026 15279.6879 10677.3773 12673.82269 17609.36901 10367.0355 7067.36902 16445.13302 13192.463960000001 7437.89854 13054.61834 5744.496520000001 17575.87267 20692.36245 7941.66416 14935.80195 8628.48797 12892.11404 7491.60096 
19788.90896 10424.29902 12120.16588 11068.20717 7219.28009 13315.49984 9258.510919999999 14615.80265 908.3441 12920.97537 15619.03313 9250.64025 20169.40455 10635.30855 7242.23019 8309.58675 11628.48679 16924.70975 15450.89399 15295.7432 15906.85144 11950.14721 18843.28139 10262.21857 4909.5369200000005 8488.91654 11539.24 17406.50548 4059.09657 0 17681.84337 11405.8253 13232.869170000002 12373.53424 15631.85418 10537.45937 7485.48789 14660.797340000001 12792.463590000001 9909.62162 13089.52883 1685.39995 16623.40173 16633.26588 6627.43427 12067.44227 12687.58454 8833.01747 5979.1379 
27417.67859 17107.18975 17966.04912 9451.88579 22593.675629999998 26767.41882 17939.43283 21952.15062 17080.70543 30080.9201 30301.43164 24371.232070000002 28942.52769 25506.313290000002 22162.564430000002 25857.71924 22852.04578 1747.63984 15671.54185 14172.12281 22237.00108 26396.549509999997 23740.6412 25768.92073 15293.89532 21585.44438 28453.2733 5673.93937 21711.52026 17681.84337 0 9770.19022 28739.47623 23598.40437 14729.92261 23631.35259 22364.06801 15493.28955 23781.38352 18465.94631 24911.48201 19367.243319999998 24437.86022 21780.43176 21858.23804 11452.265200000002 28373.34596 11118.53165 19482.4883 
17903.45665 13441.315030000002 8357.53074 337.61813 18113.032059999998 16997.2286 15026.24748 12998.10224 10642.8833 23221.23358 21187.163979999998 15132.75021 19296.49266 17405.43954 13586.35261 18633.91836 13081.85556 8462.4088 7584.3922 9121.799430000001 22320.085209999997 16698.68558 14614.66887 17911.1806 11861.327150000001 13736.461210000001 22075.59714 12388.70833 15279.6879 11405.8253 9770.19022 0 19500.25766 20879.34027 6881.1379799999995 14023.5052 13234.238150000001 6898.49863 14245.83236 12119.00625 15141.29179 12676.82025 14925.77599 18435.43679 12917.91655 12862.13557 20177.785900000003 12136.45951 9793.81652 
14092.23055 13491.27737 13972.76612 19837.04366 16416.83527 7238.16908 12173.73205 12516.06588 13831.42061 8735.40154 3638.90382 4382.61406 13918.291009999999 10343.97007 7586.97654 6848.49743 8268.481 27523.57243 18943.10265 20145.30009 26752.6298 7137.777389999999 16273.30139 2970.6506 17742.54829 7982.04003 12813.20608 26006.31272 10677.3773 13232.869170000002 28739.47623 19500.25766 0 21376.7057 19151.91582 6858.326 6413.50598 17873.8527 8305.24942 12555.47329 9547.0255 13664.43208 12575.52488 24183.024660000003 7113.37842 24749.04867 4795.84456 21756.093979999998 9788.72397 
31265.90119 22330.31393 24493.70012 21012.0553 14797.46503 23587.75314 21088.02319 26383.27344 11465.19014 15087.97737 24694.45044 19486.3404 31542.18048 18023.68091 16658.55842 14528.20827 23493.83106 23841.40374 27151.80386 26560.27684 6230.90122 21872.64104 30753.48683 19647.81988 9582.03637 17065.399120000002 10458.79692 25348.77042 12673.82269 12373.53424 23598.40437 20879.34027 21376.7057 0 26050.495989999996 21435.69966 18146.313349999997 25217.64338 24165.23952 13767.91735 24123.18687 12349.61135 28336.02416 25449.068639999998 17272.01821 12880.48062 17372.954709999998 13219.87316 17746.60869 
12732.57417 12560.452449999999 15238.66872 6543.51985 21741.4193 15956.47136 10967.033169999999 8034.73721 14723.51008 24067.46118 19365.91067 16242.75966 14437.13687 18118.760690000003 14619.17756 19471.16602 12175.46964 12982.28277 14465.53018 15533.58149 28113.09947 15359.39094 9294.31813 16181.26522 16627.16792 14509.06393 24949.02914 14791.74713 17609.36901 15631.85418 14729.92261 6881.1379799999995 19151.91582 26050.495989999996 0 14445.07479 14386.29044 13104.40035 12246.417280000001 15807.18661 13426.986560000001 16134.89402 10225.4661 17264.58911 13511.9953 19068.03729 20806.71236 17047.05731 15590.283190000002 
11860.88714 7448.88851 7838.79034 14361.12333 17479.064420000002 5222.1684700000005 6277.02039 6822.33582 11445.80347 12966.08009 8637.55843 2957.24619 11363.98171 7586.12183 7425.07738 9133.49432 5151.0175500000005 22264.76847 13305.81134 14248.58843 26083.22699 2765.19692 12745.37871 3887.6754 15446.996290000001 7625.6871599999995 15689.53687 20429.23929 10367.0355 10537.45937 23631.35259 14023.5052 6858.326 21435.69966 14445.07479 0 4988.13811 13990.0242 3987.04075 11789.87462 2688.6995 12222.85932 10479.69485 18286.313000000002 4169.70802 21578.84133 9126.7409 18299.568 7293.80805 
13370.29192 9111.0224 12826.92845 13567.55528 12490.92631 5837.89251 7921.95023 10336.775010000001 8393.83199 10777.35051 8329.84808 2030.89192 13502.035899999999 6256.0262 2436.93927 6426.38506 7289.071739999999 21161.17079 14712.872339999998 14861.42036 22877.06226 4786.055249999999 14751.81227 7275.947639999999 12393.10411 2637.54905 12752.30905 19719.68684 7067.36902 7485.48789 22364.06801 13234.238150000001 6413.50598 18146.313349999997 14386.29044 4988.13811 0 15522.13056 6125.09494 7159.00698 6017.12772 8878.66924 10707.79538 18002.05224 874.29514 18977.501259999997 7291.21753 15796.333729999998 3440.42163 
12076.73864 9823.5112 15209.67107 6560.8805 21382.663959999998 13802.19441 10400.74918 11444.938460000001 13752.45324 22840.10978 17307.30057 13491.23864 13599.07673 15858.61394 13385.71402 18231.43351 11174.97285 13745.64971 3966.5883700000004 2429.18114 27504.51098 16246.401969999999 8269.58887 16655.16319 15891.63258 13232.31019 23710.98286 14405.865020000001 16445.13302 14660.797340000001 15493.28955 6898.49863 17873.8527 25217.64338 13104.40035 13990.0242 15522.13056 0 10010.99605 14841.29347 11301.3247 15811.13912 9301.1924 22289.028290000002 16222.003 19085.39794 19393.9894 15833.82916 14067.84438 
7873.846390000001 6762.12548 7098.51309 14583.450490000001 18616.02125 3791.19836 8355.54476 4211.68007 13635.98759 15855.00907 7364.30071 6665.72609 7376.94096 9268.98982 8510.70649 12529.511760000001 1163.9768 22330.79038 11863.71359 12343.84952 28488.60112 6752.23767 8758.33796 6644.16714 17341.41745 8762.64399 18609.16812 20996.69795 13192.463960000001 12792.463590000001 23781.38352 14245.83236 8305.24942 24165.23952 12246.417280000001 3987.04075 6125.09494 10010.99605 0 12664.83103 1298.34125 14297.80617 6492.6541 17659.29832 6893.22131 23112.98476 12835.2208 19824.22033 6906.603 
19669.01495 11178.25763 12402.8637 11781.38812 11274.11892 12996.89949 9584.83835 14642.14629 9062.07356 11615.69064 15161.02173 8832.62843 20041.77199 8309.15188 4968.49675 8950.10585 12500.04752 17834.433660000002 16776.0668 16572.08541 15823.77009 11580.06056 18810.5998 9807.50512 9621.31147 9796.55603 10798.24422 18835.3361 7437.89854 9909.62162 18465.94631 12119.00625 12555.47329 13767.91735 15807.18661 11789.87462 7159.00698 14841.29347 12664.83103 0 13176.1347 8826.26524 16717.23817 16671.08887 8033.30212 14040.6513 11832.29351 10744.82819 8761.03284 
9172.18764 8060.46673 8396.85434 15478.90992 18508.05403 2533.46897 8965.71989 5392.24935 13997.87293 15396.985130000001 7958.49758 5367.38484 8675.28221 8071.58225 8453.31917 11543.632969999999 2462.31805 23603.70059 12492.57459 13640.26968 28771.926489999998 5453.89642 10056.67921 6576.374900000001 17999.06575 8654.67677 18120.61077 22295.0392 13054.61834 13089.52883 24911.48201 15141.29179 9547.0255 24123.18687 13426.986560000001 2688.6995 6017.12772 11301.3247 1298.34125 13176.1347 0 14774.928779999998 7790.995349999999 18901.1055 6858.407520000001 23790.859050000003 11536.87955 20495.03594 8204.94425 
21411.346739999997 12108.63151 13802.17947 12339.20212 5615.32225 14579.49625 10790.18257 16301.2026 2593.7440500000002 14606.375320000001 16703.79371 10311.77705 21674.74713 9553.43341 6441.72997 9994.986700000001 13133.82937 18610.1097 17136.29394 16981.14315 14947.713960000001 13051.87224 20525.29498 11280.73834 4159.64854 10174.316490000001 10269.54303 19091.905430000003 5744.496520000001 1685.39995 19367.243319999998 12676.82025 13664.43208 12349.61135 16134.89402 12222.85932 8878.66924 15811.13912 14297.80617 8826.26524 14774.928779999998 0 18245.839509999998 18318.66583 8312.83422 11358.4366 13305.526730000001 8576.42839 7664.53785 
3165.50723 7870.51745 10985.72882 15199.87266 23048.72169 8009.130150000001 8256.11349 9955.74582 17311.66549 20557.387909999998 11516.64289 11946.334369999999 7136.6345 13408.04922 13032.36707 16779.54412 5500.8163 23046.84211 10652.75084 11730.37354 32323.37738 9191.17104 4045.64662 12276.64863 20808.58385 13182.77759 23356.52192 19728.85159 17575.87267 16623.40173 24437.86022 14925.77599 12575.52488 28336.02416 10225.4661 10479.69485 10707.79538 9301.1924 6492.6541 16717.23817 7790.995349999999 18245.839509999998 0 19893.6917 11582.09052 25771.78612 16475.73322 22602.20846 11248.038670000002 
19943.98959 13602.71189 21848.13517 18097.81866 22525.05683 21142.93838 12009.29261 15018.1923 15724.92178 27578.50926 25023.59903 19803.94064 21600.34744 21658.97778 18159.394650000002 23171.97328 18823.275120000002 22002.2949 19451.14789 19980.860650000002 25917.01989 21038.85596 15848.04508 21431.26868 15867.03227 20335.87334 27230.01059 23515.683680000002 20692.36245 16633.26588 21780.43176 18435.43679 24183.024660000003 25449.068639999998 17264.58911 18286.313000000002 18002.05224 22289.028290000002 17659.29832 16671.08887 18901.1055 18318.665829999998 19893.6917 0 18876.34738 20516.96004 24959.31061 17373.94086 17644.900700000002 
14133.00004 8971.41484 12008.49836 13251.23368 13365.221450000001 6712.18765 7782.34267 10992.04384 7519.98351 10555.46588 9107.75916 2730.76436 14270.16227 7130.32134 3311.23441 7300.6802 8057.198109999999 20699.19323 14396.550739999999 14541.75522 22534.28571 5322.71294 14281.56357 8057.38342 11518.80897 3511.84419 12222.17763 19399.47827 7941.664159999999 6627.43427 21858.23804 12917.91655 7113.37842 17272.01821 13511.9953 4169.70802 874.29514 16222.003 6893.22131 8033.30212 6858.407520000001 8312.83422 11582.09052 18876.34738 0 18273.01671 7294.71706 14977.1936 3124.10003 
28931.78605 18005.71656 19720.78188 12524.51744 13620.242 24609.52484 18122.64828 23316.785190000002 11159.09817 23288.6394 27291.15205 20899.13539 30093.635560000002 20733.45606 17192.97964 19645.2481 22149.4948 11663.32684 20446.52777 21168.40551 15753.919469999999 23462.609579999997 26625.41946 22031.98801 7215.33547 17354.10527 20046.95158 14349.0984 14935.80195 12067.44227 11452.265200000002 12862.13557 24749.04867 12880.48062 19068.03729 21578.84133 18977.501259999997 19085.39794 23112.98476 14040.651299999998 23790.859050000003 11358.4366 25771.78612 20516.96004 18273.01671 0 22602.30805 3295.82311 16402.27243 
18421.87102 15397.84846 16279.02583 20511.10303 11620.99071 9080.79919 13804.42918 15949.076720000001 13197.682850000001 4081.65469 8434.748379999999 6169.49471 18714.13557 10682.88369 6863.79676 8693.04331 13064.32556 27407.90353 21246.28446 21775.997219999997 22920.82219 7372.36746 19978.86546 7766.4951599999995 15389.51153 9928.76658 8047.57759 26471.72896 8628.48797 12687.58454 28373.34596 20177.785900000003 4795.84456 17372.954709999998 20806.71236 9126.7409 7291.21753 19393.9894 12835.2208 11832.29351 11536.87955 13305.526730000001 16475.73322 24959.31061 7294.71706 22602.30805 0 19776.1047 10383.96938 
25763.29825 14833.954150000001 16424.95877 12474.077640000001 11651.61517 21342.83685 14833.883850000002 20046.19518 7924.67337 20464.55091 24084.95276 17707.95796 26804.87113 17690.78862 14258.55946 16994.20616 18862.52538 11128.73888 19720.851710000003 18263.010299999998 12458.09636 20281.442049999998 23329.59635 18864.2567 5833.24627 14862.352640000001 17953.65528 13110.07418 12892.11404 8833.01747 11118.53165 12136.45951 21756.093979999998 13219.873160000001 17047.05731 18299.568 15796.333729999998 15833.82916 19824.220329999996 10744.82819 20495.03594 8576.42839 22602.20846 17373.94086 14977.1936 3295.82311 19776.1047 0 13115.30301 
14051.896139999999 7229.02737 11681.75866 10127.13365 12523.42066 8290.44571 5635.60809 8636.66475 6887.482 13427.41706 11770.26971 5471.31355 14283.543959999999 7611.62302 3792.53609 8840.10184 5747.22237 17734.84846 11272.45071 11638.66324 21714.24809 8226.47688 14497.178759999999 8631.54446 10888.67482 6077.97068 14567.95473 16298.49643 7491.60096 5979.1379 19482.4883 9793.81652 9788.72397 17746.60869 15590.28319 7293.80805 3440.42163 14067.84438 6906.603 8761.03284 8204.94425 7664.53785 11248.038670000002 17644.9007 3124.10003 16402.27243 10383.96938 13115.30301 0 
