26
Arches Badlands Bend Biscayne Gunnison Brycecanyon Canyonlands Capitol Caverns Channel Congaree Crater Cuyahoga Denali Tortugas Everglades Gateway Glacier Teton Basin Smoky Guadalupe Haleakala Indiana Isle Acadia
0 19692.94081 21996.33011 27071.7214 30839.63089 30278.7248 31048.686569999998 26523.67992 29194.759879999998 30333.37591 37364.39771 14213.19415 33806.40434 23507.99952 29367.81291 32737.33475 21720.31883 30157.61026 31665.31467 28051.0127 30763.944539999997 14453.22541 27693.13989 23478.87634 23423.43625 21320.95411 
19692.94081 0 23039.91607 22010.24246 14196.615289999998 17666.35557 11355.745760000002 32963.73556 20461.31239 21599.92842 23978.64021 5479.74666 14113.46353 28353.77488 23168.46692 29902.53259 23088.73312 21086.734879999996 23627.832179999998 8358.07189 22030.497049999998 22622.457459999998 12561.57063 14745.42885 13652.24662 27761.00975 
21996.330110000003 23039.91607 0 23437.55067 8843.30078 21362.502249999998 27673.11206 22889.50919 31891.915810000002 25857.93139 29796.052850000004 24304.30653 31334.3296 13765.17749 9639.92458 22450.695610000002 16860.69741 15733.42037 24792.14101 14681.84418 14091.46789 23115.69137 20891.38235 26023.178079999998 16237.157870000001 17686.78338 
27071.7214 22010.24246 23437.55067 0 22769.47772 27487.535490000002 21176.92568 10953.4931 13195.34158 15763.88822 17761.95561 16681.51193 7896.77893 30616.83996 13797.62609 22636.56178 24761.1222 29659.597309999997 31564.29239 28608.021119999998 30334.546670000003 12618.49599 28458.43245 23576.149770000004 21588.70683 5750.76729 
30839.63089 14196.615289999998 8843.30078 22769.47772 0 12519.20147 18829.81128 22221.43624 26256.72608 24324.645 24160.86312 19676.36195 28310.078819999995 16096.65853 8971.85163 16815.50588 15327.41102 6890.11959 15948.840229999998 5838.5434 22934.76867 23886.43913 23064.80676 17179.8773 18410.582280000002 17018.71043 
30278.7248 17666.35557 21362.502249999998 27487.535490000002 12519.20147 0 6310.60981 27895.9539 36432.69491 21209.2241 29455.933240000002 21451.12918 19590.75656 28615.859999999997 21491.053099999997 29334.707349999997 14066.373309999999 5629.08188 16830.87411 18357.74487 21639.79273 15825.49939 20444.73388 27641.74645 6855.28855 22693.22809 
31048.68657 11355.745760000002 27673.11206 21176.92568 18829.81128 6310.60981 0 22459.692339999998 31314.96126 21147.25604 23145.32343 16835.492420000002 13280.14675 23291.91088 25303.82533 30490.68067 20376.983119999997 11939.69169 23141.48392 19713.81765 27950.402539999995 22136.1092 17803.93575 26101.174610000002 13165.89836 17256.966529999998 
26523.67992 32963.73556 22889.50919 10953.4931 22221.43624 27895.9539 22459.69234 0 24148.83468 26717.38132 28715.44871 27635.00503 18850.27203 30068.79848 13249.58461 30354.56385 35714.615300000005 29111.555829999998 31016.25091 28059.979639999998 35825.16953 12070.45451 28114.31375 31319.195529999997 21040.66535 5202.72581 
29194.759879999998 20461.31239 31891.915809999995 13195.34158 26256.72608 36432.69491 31314.961259999996 24148.83468 0 25901.9238 8169.63783 14981.565729999998 18034.81451 23675.529609999998 26992.967669999998 9441.2202 32590.55219 33146.84567 39552.99192 28819.38428 31532.316119999996 25813.83757 28486.730369999997 21876.203569999998 29577.406359999997 18946.10887 
30333.37591 21599.92842 25857.93139 15763.88822 24324.645000000004 21209.2241 21147.25604 26717.38132 25901.9238 0 17732.28597 16120.18176 7867.10929 31699.78765 29561.51431 25077.643210000002 8997.23398 17434.525410000002 18942.22982 27129.147979999994 14570.658449999999 23324.146389999998 18346.676659999997 8792.10161 14353.935549999998 21514.65551 
37364.397710000005 23978.640209999998 29796.052849999996 17761.95561 24160.86312 29455.93324 23145.323429999997 28715.44871 8169.63783 17732.28597 0 23151.20356 9865.17668 21579.66665 31559.581700000002 7345.35724 26729.51995 31050.982710000004 36674.515790000005 29999.40652 32302.94442 25629.46658 30426.830199999997 26524.387580000002 31517.506189999996 23512.7229 
14213.19415 5479.74666 24304.306529999998 16681.51193 19676.36195 21451.12918 16835.492420000002 27635.00503 14981.565729999998 16120.18176 23151.203559999998 0 19593.210189999998 29297.368889999998 28648.213579999996 24422.78593 17608.98646 26046.277889999998 24571.42619 13837.81855 16550.75039 23566.05147 13505.164639999999 9265.68219 14595.840629999999 22432.27922 
33806.40434 14113.46353 31334.329599999997 7896.77893 28310.07882 19590.75656 13280.14675 18850.27203 18034.81451 7867.10929 9865.17668 19593.21019 0 31444.84333 21694.40502 17210.53392 16864.34327 25219.83844 26809.33911 22471.53542 22437.767740000003 20515.27492 20561.65352 16659.2109 21652.32951 13647.54622 
23507.99952 28353.774879999997 13765.17749 30616.83996 16096.65853 28615.86 23291.91088 30068.79848 23675.529609999998 31699.78765 21579.66665 29297.368889999998 31444.84333 0 23405.10207 14234.30941 22702.553669999998 22986.778120000003 32045.498760000002 21935.20193 27856.64538 19574.24565 15792.204249999999 25346.7793 28544.45649 24866.07267 
29367.81291 23168.46692 9639.92458 13797.62609 8971.85163 21491.053099999997 25303.82533 13249.58461 26992.96767 29561.51431 31559.5817 28648.21358 21694.40502 23405.10207 0 25787.357509999998 24299.262649999997 15861.97122 24920.69186 14810.39503 23731.392470000003 14914.5875 30531.30693 26151.728929999997 23884.79834 8046.8588 
32737.33475 29902.53259 22450.69561 22636.56178 16815.50588 29334.707349999997 30490.68067 30354.563850000002 9441.2202 25077.643210000002 7345.35724 24422.78593 17210.53392 14234.30941 25787.35751 0 29310.32066 23705.62547 32764.34611 22654.04928 26541.09114 18284.109340000003 30026.513659999997 31317.42377 27254.320180000002 25151.838040000002 
21720.31883 23088.73312 16860.69741 24761.1222 15327.41102 14066.373309999999 20376.983119999997 35714.615300000005 32590.552190000002 8997.23398 26729.51995 17608.98646 16864.34327 22702.55367 24299.262649999997 29310.320659999998 0 8437.29143 9944.99584 21165.95442 20951.092940000002 28890.79224 27343.910640000002 17789.335590000002 19920.5814 30511.88949 
30157.610259999998 21086.73488 15733.42037 29659.59731 6890.11959 5629.08188 11939.69169 29111.55583 33146.845669999995 17434.525410000002 31050.98271 26046.277889999998 25219.83844 22986.77812 15861.97122 23705.62547 8437.29143 0 18382.28727 12728.66299 27268.87461 21454.58127 26073.815759999998 24069.99689 12484.370429999999 23908.83002 
31665.31467 23627.832179999998 24792.14101 31564.29239 15948.840229999998 16830.87411 23141.48392 31016.25091 39552.99192 18942.22982 36674.515790000005 24571.42619 26809.33911 32045.49876 24920.69186 32764.34611 9944.99584 18382.28727 0 21787.383629999997 24760.089739999996 18945.7964 23565.030889999998 18324.71585 9975.58556 25813.5251 
28051.0127 8358.07189 14681.84418 28608.02112 5838.5434 18357.744870000002 19713.817649999997 28059.97964 28819.38428 27129.147979999998 29999.40652 13837.81855 22471.53542 21935.20193 14810.39503 22654.04928 21165.954420000002 12728.66299 21787.383629999997 0 22865.77691 21745.42327 17429.43691 23018.4207 12775.21243 22857.25383 
30763.94454 22030.49705 14091.46789 30334.54667 22934.768669999998 21639.79273 27950.402540000003 35825.16953 31532.316120000003 14570.658449999999 32302.94442 16550.75039 22437.76774 27856.64538 23731.39247 26541.091140000004 20951.092940000002 27268.87461 24760.08974 22865.77691 0 23754.71502 24981.77788 23362.76006 14784.50418 30622.44372 
14453.22541 22622.457459999998 23115.691369999997 12618.49599 23886.43913 15825.49939 22136.1092 12070.45451 25813.83757 23324.146389999998 25629.466580000004 23566.05147 20515.27492 19574.24565 14914.5875 18284.109340000003 28890.79224 21454.581270000002 18945.7964 21745.42327 23754.71502 0 22559.65617 29756.66874 8970.21084 6867.7287 
27693.13989 12561.57063 20891.38235 28458.43245 23064.80676 20444.73388 17803.93575 28114.313749999998 28486.730369999997 18346.676659999997 30426.8302 13505.164639999999 20561.65352 15792.204249999999 30531.30693 30026.513659999997 27343.91064 26073.815759999998 23565.03089 17429.43691 24981.77788 22559.656170000002 0 9554.57505 13589.44533 22911.587939999998 
23478.87634 14745.42885 26023.178079999998 23576.14977 17179.8773 27641.746450000002 26101.174610000002 31319.19553 21876.20357 8792.10161 26524.38758 9265.68219 16659.2109 25346.7793 26151.728929999997 31317.42377 17789.335590000002 24069.996890000002 18324.71585 23018.4207 23362.76006 29756.66874 9554.57505 0 20786.4579 29326.91706 
23423.43625 13652.24662 16237.15787 21588.70683 18410.58228 6855.28855 13165.89836 21040.66535 29577.40636 14353.935549999998 31517.50619 14595.840629999999 21652.32951 28544.45649 23884.79834 27254.320180000002 19920.5814 12484.370429999999 9975.58556 12775.21243 14784.50418 8970.21084 13589.44533 20786.4579 0 15837.93954 
21320.95411 27761.009749999997 17686.78338 5750.76729 17018.71043 22693.22809 17256.966529999998 5202.72581 18946.10887 21514.65551 23512.7229 22432.279219999997 13647.54622 24866.07267 8046.8588 25151.838040000002 30511.88949 23908.83002 25813.5251 22857.253829999998 30622.443719999996 6867.7287 22911.58794 29326.91706 15837.93954 0 
