26
h1 h2 h3 h4 h5 h6 h7 h8 h9 h10 h11 h12 h13 h14 h15 h16 h17 h18 h19 h20 h21 h22 h23 h24 h25 h0
0 5.0 9.0 10.0 23.0 29.0 46.0 47.0 53.0 39.0 25.0 62.0 64.0 57.0 61.0 46.0 62.0 63.0 56.0 30.0 45.0 42.0 42.0 39.0 36.0 16.0 
5.0 0 4.0 15.0 18.0 24.0 41.0 42.0 48.0 34.0 20.0 57.0 59.0 52.0 56.0 41.0 57.0 58.0 51.0 25.0 40.0 37.0 37.0 34.0 31.0 11.0 
9.0 4.0 0 19.0 22.0 28.0 45.0 46.0 52.0 38.0 24.0 54.0 55.0 51.0 55.0 37.0 53.0 54.0 47.0 21.0 36.0 33.0 33.0 30.0 27.0 7.0 
10.0 15.0 19.0 0 14.0 20.0 37.0 38.0 44.0 30.0 16.0 53.0 68.0 48.0 52.0 56.0 59.0 67.0 66.0 40.0 55.0 52.0 52.0 49.0 46.0 26.0 
23.0 18.0 22.0 14.0 0 22.0 39.0 40.0 46.0 32.0 18.0 55.0 64.0 50.0 54.0 46.0 61.0 63.0 56.0 30.0 45.0 42.0 42.0 39.0 36.0 16.0 
29.0 24.0 28.0 20.0 22.0 0 17.0 18.0 24.0 10.0 4.0 33.0 48.0 28.0 32.0 50.0 39.0 47.0 63.0 49.0 56.0 61.0 61.0 58.0 55.0 35.0 
46.0 41.0 45.0 37.0 39.0 17.0 0 15.0 7.0 20.0 21.0 34.0 49.0 29.0 33.0 51.0 40.0 48.0 64.0 59.0 57.0 70.0 64.0 63.0 60.0 45.0 
47.0 42.0 46.0 38.0 40.0 18.0 15.0 0 8.0 21.0 22.0 25.0 40.0 20.0 24.0 42.0 31.0 39.0 55.0 57.0 48.0 61.0 55.0 54.0 51.0 46.0 
53.0 48.0 52.0 44.0 46.0 24.0 7.0 8.0 0 27.0 28.0 33.0 48.0 28.0 32.0 50.0 39.0 47.0 63.0 65.0 56.0 69.0 63.0 62.0 59.0 52.0 
39.0 34.0 38.0 30.0 32.0 10.0 20.0 21.0 27.0 0 14.0 36.0 51.0 31.0 35.0 53.0 42.0 50.0 66.0 59.0 59.0 71.0 66.0 65.0 62.0 45.0 
25.0 20.0 24.0 16.0 18.0 4.0 21.0 22.0 28.0 14.0 0 37.0 52.0 32.0 36.0 54.0 43.0 51.0 67.0 45.0 60.0 57.0 57.0 54.0 51.0 31.0 
62.0 57.0 54.0 53.0 55.0 33.0 34.0 25.0 33.0 36.0 37.0 0 15.0 5.0 7.0 17.0 15.0 14.0 30.0 38.0 23.0 36.0 30.0 29.0 32.0 47.0 
64.0 59.0 55.0 68.0 64.0 48.0 49.0 40.0 48.0 51.0 52.0 15.0 0 20.0 22.0 18.0 16.0 15.0 31.0 39.0 24.0 37.0 31.0 30.0 33.0 48.0 
57.0 52.0 51.0 48.0 50.0 28.0 29.0 20.0 28.0 31.0 32.0 5.0 20.0 0 4.0 22.0 20.0 19.0 35.0 43.0 28.0 41.0 35.0 34.0 37.0 44.0 
61.0 56.0 55.0 52.0 54.0 32.0 33.0 24.0 32.0 35.0 36.0 7.0 22.0 4.0 0 24.0 22.0 21.0 37.0 45.0 30.0 43.0 37.0 36.0 39.0 48.0 
46.0 41.0 37.0 56.0 46.0 50.0 51.0 42.0 50.0 53.0 54.0 17.0 18.0 22.0 24.0 0 18.0 17.0 13.0 32.0 24.0 37.0 31.0 29.0 26.0 30.0 
62.0 57.0 53.0 59.0 61.0 39.0 40.0 31.0 39.0 42.0 43.0 15.0 16.0 20.0 22.0 18.0 0 15.0 31.0 39.0 24.0 37.0 31.0 30.0 33.0 46.0 
63.0 58.0 54.0 67.0 63.0 47.0 48.0 39.0 47.0 50.0 51.0 14.0 15.0 19.0 21.0 17.0 15.0 0 30.0 38.0 23.0 36.0 30.0 29.0 32.0 47.0 
56.0 51.0 47.0 66.0 56.0 63.0 64.0 55.0 63.0 66.0 67.0 30.0 31.0 35.0 37.0 13.0 31.0 30.0 0 26.0 11.0 24.0 18.0 17.0 20.0 40.0 
30.0 25.0 21.0 40.0 30.0 49.0 59.0 57.0 65.0 59.0 45.0 38.0 39.0 43.0 45.0 32.0 39.0 38.0 26.0 0 15.0 12.0 12.0 9.0 6.0 14.0 
45.0 40.0 36.0 55.0 45.0 56.0 57.0 48.0 56.0 59.0 60.0 23.0 24.0 28.0 30.0 24.0 24.0 23.0 11.0 15.0 0 13.0 7.0 6.0 9.0 29.0 
42.0 37.0 33.0 52.0 42.0 61.0 70.0 61.0 69.0 71.0 57.0 36.0 37.0 41.0 43.0 37.0 37.0 36.0 24.0 12.0 13.0 0 6.0 10.0 13.0 26.0 
42.0 37.0 33.0 52.0 42.0 61.0 64.0 55.0 63.0 66.0 57.0 30.0 31.0 35.0 37.0 31.0 31.0 30.0 18.0 12.0 7.0 6.0 0 4.0 7.0 26.0 
39.0 34.0 30.0 49.0 39.0 58.0 63.0 54.0 62.0 65.0 54.0 29.0 30.0 34.0 36.0 29.0 30.0 29.0 17.0 9.0 6.0 10.0 4.0 0 3.0 23.0 
36.0 31.0 27.0 46.0 36.0 55.0 60.0 51.0 59.0 62.0 51.0 32.0 33.0 37.0 39.0 26.0 33.0 32.0 20.0 6.0 9.0 13.0 7.0 3.0 0 20.0 
16.0 11.0 7.0 26.0 16.0 35.0 45.0 46.0 52.0 45.0 31.0 47.0 48.0 44.0 48.0 30.0 46.0 47.0 40.0 14.0 29.0 26.0 26.0 23.0 20.0 0 
