42
2 4 9 11 8 14 18 15 25 21 24 34 31 29 39 35 41 48 44 46 52 54 49 56 60 59 67 63 65 75 71 73 82 78 79 84 88 90 94 95 92 6
0 73.0 128.0 92.0 115.0 144.0 113.0 134.0 109.0 139.0 135.0 114.0 163.0 153.0 138.0 153.0 117.0 132.0 204.0 156.0 196.0 151.0 185.0 170.0 168.0 208.0 157.0 165.0 173.0 145.0 158.0 176.0 149.0 173.0 175.0 115.0 101.0 94.0 146.0 100.0 129.0 55.0 
73.0 0 91.0 55.0 78.0 107.0 76.0 97.0 72.0 102.0 98.0 77.0 126.0 116.0 101.0 116.0 80.0 95.0 167.0 119.0 159.0 114.0 148.0 133.0 131.0 171.0 120.0 128.0 136.0 108.0 121.0 139.0 112.0 136.0 138.0 78.0 64.0 57.0 109.0 63.0 92.0 18.0 
128.0 91.0 0 84.0 107.0 136.0 105.0 126.0 101.0 131.0 127.0 106.0 155.0 145.0 130.0 145.0 109.0 124.0 196.0 148.0 188.0 143.0 177.0 162.0 160.0 200.0 175.0 183.0 191.0 163.0 176.0 194.0 167.0 191.0 193.0 133.0 119.0 112.0 164.0 118.0 147.0 73.0 
92.0 55.0 84.0 0 23.0 100.0 69.0 90.0 65.0 95.0 91.0 70.0 119.0 109.0 94.0 109.0 73.0 88.0 160.0 112.0 152.0 107.0 141.0 126.0 124.0 164.0 139.0 147.0 155.0 127.0 140.0 158.0 131.0 155.0 157.0 97.0 83.0 76.0 128.0 82.0 111.0 37.0 
115.0 78.0 107.0 23.0 0 123.0 92.0 113.0 88.0 118.0 114.0 93.0 142.0 132.0 117.0 132.0 96.0 111.0 183.0 135.0 175.0 130.0 164.0 149.0 147.0 187.0 162.0 170.0 178.0 150.0 163.0 181.0 154.0 178.0 180.0 120.0 106.0 99.0 151.0 105.0 134.0 60.0 
144.0 107.0 136.0 100.0 123.0 0 31.0 52.0 69.0 99.0 95.0 74.0 123.0 113.0 98.0 113.0 77.0 92.0 164.0 116.0 156.0 111.0 145.0 130.0 128.0 168.0 152.0 160.0 168.0 154.0 167.0 185.0 183.0 207.0 209.0 149.0 135.0 128.0 180.0 134.0 163.0 89.0 
113.0 76.0 105.0 69.0 92.0 31.0 0 21.0 38.0 68.0 64.0 43.0 92.0 82.0 67.0 82.0 46.0 61.0 133.0 85.0 125.0 80.0 114.0 99.0 97.0 137.0 121.0 129.0 137.0 123.0 136.0 154.0 152.0 176.0 178.0 118.0 104.0 97.0 149.0 103.0 132.0 58.0 
134.0 97.0 126.0 90.0 113.0 52.0 21.0 0 59.0 89.0 85.0 64.0 113.0 103.0 88.0 103.0 67.0 82.0 154.0 106.0 146.0 101.0 135.0 120.0 118.0 158.0 142.0 150.0 158.0 144.0 157.0 175.0 173.0 197.0 199.0 139.0 125.0 118.0 170.0 124.0 153.0 79.0 
109.0 72.0 101.0 65.0 88.0 69.0 38.0 59.0 0 30.0 44.0 23.0 72.0 62.0 47.0 62.0 26.0 41.0 113.0 65.0 105.0 60.0 94.0 79.0 77.0 117.0 101.0 109.0 117.0 103.0 116.0 134.0 141.0 165.0 167.0 114.0 100.0 93.0 145.0 99.0 128.0 54.0 
139.0 102.0 131.0 95.0 118.0 99.0 68.0 89.0 30.0 0 74.0 53.0 102.0 92.0 77.0 92.0 56.0 71.0 143.0 95.0 135.0 90.0 124.0 109.0 107.0 147.0 131.0 139.0 147.0 133.0 146.0 164.0 171.0 195.0 197.0 144.0 130.0 123.0 175.0 129.0 158.0 84.0 
135.0 98.0 127.0 91.0 114.0 95.0 64.0 85.0 44.0 74.0 0 49.0 98.0 88.0 73.0 88.0 52.0 67.0 139.0 91.0 131.0 86.0 120.0 105.0 103.0 143.0 127.0 135.0 143.0 129.0 142.0 160.0 167.0 191.0 193.0 140.0 126.0 119.0 171.0 125.0 154.0 80.0 
114.0 77.0 106.0 70.0 93.0 74.0 43.0 64.0 23.0 53.0 49.0 0 49.0 39.0 24.0 39.0 3.0 18.0 90.0 42.0 82.0 37.0 71.0 56.0 54.0 94.0 78.0 86.0 94.0 80.0 93.0 111.0 118.0 142.0 144.0 119.0 105.0 98.0 150.0 104.0 133.0 59.0 
163.0 126.0 155.0 119.0 142.0 123.0 92.0 113.0 72.0 102.0 98.0 49.0 0 88.0 73.0 88.0 52.0 67.0 139.0 91.0 131.0 86.0 120.0 105.0 103.0 143.0 127.0 135.0 143.0 129.0 142.0 160.0 167.0 191.0 193.0 168.0 154.0 147.0 199.0 153.0 182.0 108.0 
153.0 116.0 145.0 109.0 132.0 113.0 82.0 103.0 62.0 92.0 88.0 39.0 88.0 0 63.0 78.0 42.0 57.0 129.0 81.0 121.0 76.0 110.0 95.0 93.0 133.0 117.0 125.0 133.0 119.0 132.0 150.0 157.0 181.0 183.0 158.0 144.0 137.0 189.0 143.0 172.0 98.0 
138.0 101.0 130.0 94.0 117.0 98.0 67.0 88.0 47.0 77.0 73.0 24.0 73.0 63.0 0 15.0 21.0 36.0 108.0 60.0 100.0 55.0 89.0 74.0 72.0 112.0 96.0 104.0 112.0 98.0 111.0 129.0 136.0 160.0 162.0 143.0 129.0 122.0 174.0 128.0 157.0 83.0 
153.0 116.0 145.0 109.0 132.0 113.0 82.0 103.0 62.0 92.0 88.0 39.0 88.0 78.0 15.0 0 36.0 51.0 123.0 75.0 115.0 70.0 104.0 89.0 87.0 127.0 111.0 119.0 127.0 113.0 126.0 144.0 151.0 175.0 177.0 158.0 144.0 137.0 189.0 143.0 172.0 98.0 
117.0 80.0 109.0 73.0 96.0 77.0 46.0 67.0 26.0 56.0 52.0 3.0 52.0 42.0 21.0 36.0 0 15.0 87.0 39.0 79.0 34.0 68.0 53.0 51.0 91.0 75.0 83.0 91.0 77.0 90.0 108.0 115.0 139.0 141.0 122.0 108.0 101.0 153.0 107.0 136.0 62.0 
132.0 95.0 124.0 88.0 111.0 92.0 61.0 82.0 41.0 71.0 67.0 18.0 67.0 57.0 36.0 51.0 15.0 0 72.0 24.0 64.0 19.0 53.0 38.0 36.0 76.0 60.0 68.0 76.0 62.0 75.0 93.0 100.0 124.0 126.0 130.0 116.0 109.0 167.0 121.0 150.0 77.0 
204.0 167.0 196.0 160.0 183.0 164.0 133.0 154.0 113.0 143.0 139.0 90.0 139.0 129.0 108.0 123.0 87.0 72.0 0 96.0 136.0 91.0 125.0 110.0 108.0 148.0 132.0 140.0 148.0 134.0 147.0 165.0 172.0 196.0 198.0 202.0 188.0 181.0 239.0 193.0 222.0 149.0 
156.0 119.0 148.0 112.0 135.0 116.0 85.0 106.0 65.0 95.0 91.0 42.0 91.0 81.0 60.0 75.0 39.0 24.0 96.0 0 88.0 43.0 77.0 62.0 60.0 100.0 84.0 92.0 100.0 86.0 99.0 117.0 124.0 148.0 150.0 154.0 140.0 133.0 191.0 145.0 174.0 101.0 
196.0 159.0 188.0 152.0 175.0 156.0 125.0 146.0 105.0 135.0 131.0 82.0 131.0 121.0 100.0 115.0 79.0 64.0 136.0 88.0 0 45.0 103.0 88.0 86.0 126.0 110.0 118.0 126.0 112.0 125.0 143.0 150.0 174.0 176.0 180.0 166.0 159.0 217.0 171.0 200.0 141.0 
151.0 114.0 143.0 107.0 130.0 111.0 80.0 101.0 60.0 90.0 86.0 37.0 86.0 76.0 55.0 70.0 34.0 19.0 91.0 43.0 45.0 0 58.0 43.0 41.0 81.0 65.0 73.0 81.0 67.0 80.0 98.0 105.0 129.0 131.0 135.0 121.0 114.0 172.0 126.0 155.0 96.0 
185.0 148.0 177.0 141.0 164.0 145.0 114.0 135.0 94.0 124.0 120.0 71.0 120.0 110.0 89.0 104.0 68.0 53.0 125.0 77.0 103.0 58.0 0 77.0 75.0 115.0 99.0 107.0 115.0 101.0 114.0 132.0 139.0 163.0 165.0 169.0 155.0 148.0 206.0 160.0 189.0 130.0 
170.0 133.0 162.0 126.0 149.0 130.0 99.0 120.0 79.0 109.0 105.0 56.0 105.0 95.0 74.0 89.0 53.0 38.0 110.0 62.0 88.0 43.0 77.0 0 2.0 76.0 60.0 68.0 76.0 62.0 75.0 93.0 100.0 124.0 126.0 130.0 116.0 109.0 167.0 121.0 150.0 115.0 
168.0 131.0 160.0 124.0 147.0 128.0 97.0 118.0 77.0 107.0 103.0 54.0 103.0 93.0 72.0 87.0 51.0 36.0 108.0 60.0 86.0 41.0 75.0 2.0 0 74.0 58.0 66.0 74.0 60.0 73.0 91.0 98.0 122.0 124.0 128.0 114.0 107.0 165.0 119.0 148.0 113.0 
208.0 171.0 200.0 164.0 187.0 168.0 137.0 158.0 117.0 147.0 143.0 94.0 143.0 133.0 112.0 127.0 91.0 76.0 148.0 100.0 126.0 81.0 115.0 76.0 74.0 0 98.0 106.0 114.0 100.0 113.0 131.0 138.0 162.0 164.0 168.0 154.0 147.0 205.0 159.0 188.0 153.0 
157.0 120.0 175.0 139.0 162.0 152.0 121.0 142.0 101.0 131.0 127.0 78.0 127.0 117.0 96.0 111.0 75.0 60.0 132.0 84.0 110.0 65.0 99.0 60.0 58.0 98.0 0 8.0 30.0 16.0 29.0 47.0 54.0 78.0 80.0 84.0 70.0 63.0 121.0 75.0 104.0 102.0 
165.0 128.0 183.0 147.0 170.0 160.0 129.0 150.0 109.0 139.0 135.0 86.0 135.0 125.0 104.0 119.0 83.0 68.0 140.0 92.0 118.0 73.0 107.0 68.0 66.0 106.0 8.0 0 38.0 24.0 37.0 55.0 62.0 86.0 88.0 92.0 78.0 71.0 129.0 83.0 112.0 110.0 
173.0 136.0 191.0 155.0 178.0 168.0 137.0 158.0 117.0 147.0 143.0 94.0 143.0 133.0 112.0 127.0 91.0 76.0 148.0 100.0 126.0 81.0 115.0 76.0 74.0 114.0 30.0 38.0 0 32.0 45.0 63.0 70.0 94.0 96.0 100.0 86.0 79.0 137.0 91.0 120.0 118.0 
145.0 108.0 163.0 127.0 150.0 154.0 123.0 144.0 103.0 133.0 129.0 80.0 129.0 119.0 98.0 113.0 77.0 62.0 134.0 86.0 112.0 67.0 101.0 62.0 60.0 100.0 16.0 24.0 32.0 0 17.0 31.0 42.0 66.0 68.0 72.0 58.0 51.0 109.0 63.0 92.0 90.0 
158.0 121.0 176.0 140.0 163.0 167.0 136.0 157.0 116.0 146.0 142.0 93.0 142.0 132.0 111.0 126.0 90.0 75.0 147.0 99.0 125.0 80.0 114.0 75.0 73.0 113.0 29.0 37.0 45.0 17.0 0 48.0 55.0 79.0 81.0 85.0 71.0 64.0 122.0 76.0 105.0 103.0 
176.0 139.0 194.0 158.0 181.0 185.0 154.0 175.0 134.0 164.0 160.0 111.0 160.0 150.0 129.0 144.0 108.0 93.0 165.0 117.0 143.0 98.0 132.0 93.0 91.0 131.0 47.0 55.0 63.0 31.0 48.0 0 73.0 97.0 99.0 103.0 89.0 82.0 140.0 94.0 123.0 121.0 
149.0 112.0 167.0 131.0 154.0 183.0 152.0 173.0 141.0 171.0 167.0 118.0 167.0 157.0 136.0 151.0 115.0 100.0 172.0 124.0 150.0 105.0 139.0 100.0 98.0 138.0 54.0 62.0 70.0 42.0 55.0 73.0 0 70.0 26.0 76.0 62.0 55.0 113.0 67.0 96.0 94.0 
173.0 136.0 191.0 155.0 178.0 207.0 176.0 197.0 165.0 195.0 191.0 142.0 191.0 181.0 160.0 175.0 139.0 124.0 196.0 148.0 174.0 129.0 163.0 124.0 122.0 162.0 78.0 86.0 94.0 66.0 79.0 97.0 70.0 0 96.0 100.0 86.0 79.0 137.0 91.0 120.0 118.0 
175.0 138.0 193.0 157.0 180.0 209.0 178.0 199.0 167.0 197.0 193.0 144.0 193.0 183.0 162.0 177.0 141.0 126.0 198.0 150.0 176.0 131.0 165.0 126.0 124.0 164.0 80.0 88.0 96.0 68.0 81.0 99.0 26.0 96.0 0 102.0 88.0 81.0 139.0 93.0 122.0 120.0 
115.0 78.0 133.0 97.0 120.0 149.0 118.0 139.0 114.0 144.0 140.0 119.0 168.0 158.0 143.0 158.0 122.0 130.0 202.0 154.0 180.0 135.0 169.0 130.0 128.0 168.0 84.0 92.0 100.0 72.0 85.0 103.0 76.0 100.0 102.0 0 14.0 21.0 79.0 33.0 62.0 60.0 
101.0 64.0 119.0 83.0 106.0 135.0 104.0 125.0 100.0 130.0 126.0 105.0 154.0 144.0 129.0 144.0 108.0 116.0 188.0 140.0 166.0 121.0 155.0 116.0 114.0 154.0 70.0 78.0 86.0 58.0 71.0 89.0 62.0 86.0 88.0 14.0 0 7.0 65.0 19.0 48.0 46.0 
94.0 57.0 112.0 76.0 99.0 128.0 97.0 118.0 93.0 123.0 119.0 98.0 147.0 137.0 122.0 137.0 101.0 109.0 181.0 133.0 159.0 114.0 148.0 109.0 107.0 147.0 63.0 71.0 79.0 51.0 64.0 82.0 55.0 79.0 81.0 21.0 7.0 0 58.0 12.0 41.0 39.0 
146.0 109.0 164.0 128.0 151.0 180.0 149.0 170.0 145.0 175.0 171.0 150.0 199.0 189.0 174.0 189.0 153.0 167.0 239.0 191.0 217.0 172.0 206.0 167.0 165.0 205.0 121.0 129.0 137.0 109.0 122.0 140.0 113.0 137.0 139.0 79.0 65.0 58.0 0 64.0 93.0 91.0 
100.0 63.0 118.0 82.0 105.0 134.0 103.0 124.0 99.0 129.0 125.0 104.0 153.0 143.0 128.0 143.0 107.0 121.0 193.0 145.0 171.0 126.0 160.0 121.0 119.0 159.0 75.0 83.0 91.0 63.0 76.0 94.0 67.0 91.0 93.0 33.0 19.0 12.0 64.0 0 29.0 45.0 
129.0 92.0 147.0 111.0 134.0 163.0 132.0 153.0 128.0 158.0 154.0 133.0 182.0 172.0 157.0 172.0 136.0 150.0 222.0 174.0 200.0 155.0 189.0 150.0 148.0 188.0 104.0 112.0 120.0 92.0 105.0 123.0 96.0 120.0 122.0 62.0 48.0 41.0 93.0 29.0 0 74.0 
55.0 18.0 73.0 37.0 60.0 89.0 58.0 79.0 54.0 84.0 80.0 59.0 108.0 98.0 83.0 98.0 62.0 77.0 149.0 101.0 141.0 96.0 130.0 115.0 113.0 153.0 102.0 110.0 118.0 90.0 103.0 121.0 94.0 118.0 120.0 60.0 46.0 39.0 91.0 45.0 74.0 0 
