51
Loc1 Loc3 Loc4 Loc6 Loc8 Loc9 Loc10 Loc11 Loc13 Loc14 Loc15 Loc16 Loc17 Loc19 Loc22 Loc24 Loc26 Loc27 Loc28 Loc32 Loc34 Loc35 Loc40 Loc41 Loc43 Loc45 Loc46 Loc52 Loc53 Loc54 Loc56 Loc58 Loc60 Loc64 Loc66 Loc67 Loc71 Loc73 Loc74 Loc75 Loc77 Loc80 Loc82 Loc86 Loc90 Loc91 Loc92 Loc7 Loc0 Loc48 Loc2
0 404.0 546.0 285.0 228.0 343.0 557.0 373.0 470.0 230.0 168.0 319.0 365.0 300.0 229.0 100.0 91.0 432.0 115.0 490.0 278.0 210.0 258.0 494.0 408.0 471.0 92.0 348.0 426.0 275.0 389.0 93.0 106.0 347.0 282.0 295.0 224.0 329.0 365.0 241.0 283.0 389.0 456.0 177.0 334.0 241.0 90.0 465.0 860.0 961.0 480.0 
404.0 0 142.0 145.0 632.0 147.0 153.0 135.0 442.0 184.0 412.0 233.0 443.0 104.0 633.0 304.0 409.0 408.0 331.0 86.0 356.0 390.0 258.0 416.0 432.0 67.0 380.0 380.0 84.0 225.0 507.0 489.0 392.0 751.0 122.0 271.0 628.0 533.0 279.0 443.0 665.0 175.0 378.0 449.0 158.0 377.0 420.0 823.0 1218.0 1319.0 402.0 
546.0 142.0 0 261.0 774.0 203.0 209.0 197.0 584.0 326.0 554.0 245.0 499.0 246.0 775.0 446.0 551.0 550.0 473.0 172.0 474.0 532.0 400.0 430.0 574.0 153.0 522.0 522.0 170.0 337.0 649.0 631.0 534.0 893.0 264.0 413.0 770.0 675.0 295.0 585.0 807.0 177.0 490.0 591.0 212.0 519.0 562.0 965.0 1360.0 1461.0 522.0 
285.0 145.0 261.0 0 513.0 108.0 272.0 102.0 467.0 157.0 293.0 308.0 368.0 123.0 514.0 185.0 290.0 429.0 212.0 205.0 281.0 271.0 223.0 491.0 405.0 186.0 261.0 345.0 153.0 264.0 392.0 370.0 273.0 632.0 141.0 272.0 509.0 414.0 354.0 324.0 546.0 250.0 453.0 330.0 233.0 258.0 301.0 704.0 1099.0 1200.0 477.0 
228.0 632.0 774.0 513.0 0 571.0 785.0 601.0 290.0 448.0 348.0 529.0 545.0 528.0 199.0 328.0 241.0 252.0 301.0 718.0 458.0 390.0 374.0 364.0 228.0 699.0 252.0 252.0 654.0 437.0 209.0 267.0 272.0 119.0 510.0 361.0 206.0 161.0 479.0 421.0 91.0 617.0 304.0 357.0 562.0 421.0 236.0 285.0 680.0 781.0 300.0 
343.0 147.0 203.0 108.0 571.0 0 214.0 44.0 527.0 217.0 351.0 368.0 308.0 117.0 572.0 243.0 348.0 489.0 270.0 147.0 271.0 329.0 283.0 551.0 465.0 160.0 319.0 405.0 95.0 324.0 452.0 428.0 331.0 690.0 131.0 332.0 567.0 472.0 414.0 382.0 604.0 310.0 513.0 388.0 293.0 316.0 359.0 762.0 1157.0 1258.0 537.0 
557.0 153.0 209.0 272.0 785.0 214.0 0 208.0 595.0 337.0 565.0 256.0 510.0 257.0 786.0 457.0 562.0 561.0 484.0 159.0 485.0 543.0 411.0 441.0 585.0 126.0 533.0 533.0 191.0 348.0 660.0 642.0 545.0 904.0 275.0 424.0 781.0 686.0 306.0 596.0 818.0 188.0 501.0 602.0 223.0 530.0 573.0 976.0 1371.0 1472.0 533.0 
373.0 135.0 197.0 102.0 601.0 44.0 208.0 0 495.0 223.0 381.0 336.0 340.0 111.0 602.0 273.0 378.0 457.0 300.0 141.0 301.0 359.0 289.0 519.0 471.0 146.0 349.0 373.0 89.0 292.0 476.0 458.0 361.0 720.0 125.0 318.0 597.0 502.0 382.0 412.0 634.0 278.0 481.0 418.0 261.0 346.0 389.0 792.0 1187.0 1288.0 505.0 
470.0 442.0 584.0 467.0 290.0 527.0 595.0 495.0 0 310.0 638.0 339.0 835.0 422.0 461.0 402.0 529.0 42.0 425.0 528.0 748.0 680.0 244.0 154.0 62.0 509.0 448.0 122.0 464.0 247.0 95.0 557.0 560.0 347.0 408.0 221.0 490.0 141.0 289.0 711.0 243.0 427.0 94.0 647.0 372.0 711.0 524.0 461.0 856.0 957.0 62.0 
230.0 184.0 326.0 157.0 448.0 217.0 337.0 223.0 310.0 0 328.0 157.0 525.0 162.0 449.0 164.0 235.0 298.0 191.0 270.0 438.0 370.0 154.0 334.0 292.0 251.0 236.0 266.0 206.0 195.0 323.0 305.0 250.0 567.0 144.0 203.0 444.0 349.0 207.0 401.0 481.0 169.0 296.0 337.0 120.0 401.0 246.0 639.0 1034.0 1135.0 320.0 
168.0 412.0 554.0 293.0 348.0 351.0 565.0 381.0 638.0 328.0 0 479.0 199.0 308.0 221.0 236.0 155.0 600.0 221.0 498.0 124.0 56.0 394.0 662.0 576.0 479.0 208.0 516.0 434.0 435.0 557.0 99.0 96.0 339.0 290.0 443.0 216.0 497.0 525.0 75.0 427.0 435.0 624.0 37.0 404.0 87.0 132.0 633.0 1028.0 1129.0 648.0 
319.0 233.0 245.0 308.0 529.0 368.0 256.0 336.0 339.0 157.0 479.0 0 676.0 263.0 530.0 243.0 370.0 305.0 266.0 253.0 589.0 521.0 173.0 213.0 329.0 220.0 295.0 277.0 285.0 140.0 404.0 404.0 401.0 648.0 249.0 168.0 525.0 430.0 118.0 552.0 562.0 88.0 245.0 488.0 81.0 552.0 365.0 720.0 1115.0 1216.0 277.0 
365.0 443.0 499.0 368.0 545.0 308.0 510.0 340.0 835.0 525.0 199.0 676.0 0 413.0 374.0 433.0 306.0 797.0 410.0 443.0 135.0 193.0 591.0 859.0 773.0 456.0 387.0 713.0 391.0 632.0 754.0 278.0 275.0 488.0 427.0 640.0 345.0 694.0 722.0 190.0 624.0 618.0 821.0 188.0 601.0 180.0 311.0 830.0 1225.0 1326.0 845.0 
300.0 104.0 246.0 123.0 528.0 117.0 257.0 111.0 422.0 162.0 308.0 263.0 413.0 0 529.0 200.0 305.0 388.0 227.0 190.0 326.0 286.0 228.0 446.0 404.0 171.0 276.0 346.0 126.0 219.0 403.0 385.0 288.0 647.0 100.0 249.0 524.0 429.0 309.0 339.0 561.0 205.0 408.0 345.0 188.0 301.0 316.0 719.0 1114.0 1215.0 432.0 
229.0 633.0 775.0 514.0 199.0 572.0 786.0 602.0 461.0 449.0 221.0 530.0 374.0 529.0 0 329.0 224.0 423.0 302.0 719.0 301.0 245.0 375.0 485.0 399.0 700.0 253.0 339.0 655.0 438.0 380.0 148.0 241.0 158.0 511.0 362.0 35.0 320.0 480.0 250.0 250.0 618.0 447.0 188.0 563.0 256.0 213.0 456.0 851.0 952.0 471.0 
100.0 304.0 446.0 185.0 328.0 243.0 457.0 273.0 402.0 164.0 236.0 243.0 433.0 200.0 329.0 0 143.0 364.0 163.0 390.0 346.0 278.0 158.0 426.0 340.0 371.0 144.0 280.0 326.0 199.0 321.0 185.0 158.0 447.0 182.0 207.0 324.0 261.0 289.0 309.0 361.0 289.0 388.0 245.0 240.0 309.0 154.0 519.0 914.0 1015.0 412.0 
91.0 409.0 551.0 290.0 241.0 348.0 562.0 378.0 529.0 235.0 155.0 370.0 306.0 305.0 224.0 143.0 0 491.0 120.0 495.0 219.0 153.0 285.0 553.0 467.0 476.0 97.0 407.0 431.0 326.0 448.0 80.0 105.0 342.0 287.0 334.0 219.0 388.0 416.0 182.0 318.0 394.0 515.0 164.0 339.0 182.0 77.0 524.0 919.0 1020.0 539.0 
432.0 408.0 550.0 429.0 252.0 489.0 561.0 457.0 42.0 298.0 600.0 305.0 797.0 388.0 423.0 364.0 491.0 0 387.0 494.0 710.0 642.0 232.0 138.0 50.0 475.0 410.0 110.0 430.0 231.0 99.0 519.0 522.0 343.0 388.0 223.0 452.0 133.0 255.0 673.0 257.0 393.0 78.0 609.0 338.0 673.0 486.0 423.0 818.0 919.0 48.0 
115.0 331.0 473.0 212.0 301.0 270.0 484.0 300.0 425.0 191.0 221.0 266.0 410.0 227.0 302.0 163.0 120.0 387.0 0 417.0 323.0 255.0 181.0 449.0 363.0 398.0 121.0 303.0 353.0 222.0 344.0 158.0 135.0 420.0 209.0 230.0 297.0 284.0 312.0 286.0 334.0 316.0 411.0 222.0 267.0 286.0 131.0 492.0 887.0 988.0 435.0 
490.0 86.0 172.0 205.0 718.0 147.0 159.0 141.0 528.0 270.0 498.0 253.0 443.0 190.0 719.0 390.0 495.0 494.0 417.0 0 418.0 476.0 344.0 436.0 518.0 77.0 466.0 466.0 114.0 281.0 593.0 575.0 478.0 837.0 208.0 357.0 714.0 619.0 299.0 529.0 751.0 195.0 434.0 535.0 178.0 463.0 506.0 909.0 1304.0 1405.0 466.0 
278.0 356.0 474.0 281.0 458.0 271.0 485.0 301.0 748.0 438.0 124.0 589.0 135.0 326.0 301.0 346.0 219.0 710.0 323.0 418.0 0 148.0 504.0 772.0 686.0 399.0 300.0 626.0 354.0 545.0 667.0 191.0 188.0 419.0 340.0 553.0 296.0 607.0 635.0 155.0 537.0 531.0 734.0 129.0 514.0 149.0 224.0 743.0 1138.0 1239.0 758.0 
210.0 390.0 532.0 271.0 390.0 329.0 543.0 359.0 680.0 370.0 56.0 521.0 193.0 286.0 245.0 278.0 153.0 642.0 255.0 476.0 148.0 0 436.0 704.0 618.0 457.0 232.0 558.0 412.0 477.0 599.0 123.0 120.0 361.0 274.0 485.0 238.0 539.0 567.0 97.0 469.0 463.0 666.0 61.0 446.0 111.0 156.0 675.0 1070.0 1171.0 690.0 
258.0 258.0 400.0 223.0 374.0 283.0 411.0 289.0 244.0 154.0 394.0 173.0 591.0 228.0 375.0 158.0 285.0 232.0 181.0 344.0 504.0 436.0 0 268.0 226.0 325.0 204.0 192.0 280.0 129.0 249.0 313.0 316.0 493.0 210.0 153.0 370.0 275.0 165.0 467.0 407.0 243.0 230.0 403.0 188.0 467.0 280.0 565.0 960.0 1061.0 254.0 
494.0 416.0 430.0 491.0 364.0 551.0 441.0 519.0 154.0 334.0 662.0 213.0 859.0 446.0 485.0 426.0 553.0 138.0 449.0 436.0 772.0 704.0 268.0 0 162.0 403.0 472.0 146.0 468.0 227.0 219.0 581.0 584.0 463.0 432.0 219.0 514.0 245.0 167.0 735.0 377.0 273.0 106.0 671.0 266.0 735.0 548.0 535.0 930.0 1031.0 92.0 
408.0 432.0 574.0 405.0 228.0 465.0 585.0 471.0 62.0 292.0 576.0 329.0 773.0 404.0 399.0 340.0 467.0 50.0 363.0 518.0 686.0 618.0 226.0 162.0 0 499.0 386.0 104.0 454.0 255.0 77.0 495.0 498.0 319.0 388.0 203.0 428.0 123.0 279.0 649.0 233.0 417.0 102.0 585.0 362.0 649.0 462.0 399.0 794.0 895.0 72.0 
471.0 67.0 153.0 186.0 699.0 160.0 126.0 146.0 509.0 251.0 479.0 220.0 456.0 171.0 700.0 371.0 476.0 475.0 398.0 77.0 399.0 457.0 325.0 403.0 499.0 0 447.0 447.0 95.0 262.0 574.0 556.0 459.0 818.0 189.0 338.0 695.0 600.0 266.0 510.0 732.0 162.0 415.0 516.0 145.0 444.0 487.0 890.0 1285.0 1386.0 447.0 
92.0 380.0 522.0 261.0 252.0 319.0 533.0 349.0 448.0 236.0 208.0 295.0 387.0 276.0 253.0 144.0 97.0 410.0 121.0 466.0 300.0 232.0 204.0 472.0 386.0 447.0 0 326.0 402.0 245.0 367.0 177.0 112.0 371.0 258.0 253.0 248.0 307.0 335.0 263.0 285.0 365.0 434.0 199.0 310.0 263.0 108.0 443.0 838.0 939.0 458.0 
348.0 380.0 522.0 345.0 252.0 405.0 533.0 373.0 122.0 266.0 516.0 277.0 713.0 346.0 339.0 280.0 407.0 110.0 303.0 466.0 626.0 558.0 192.0 146.0 104.0 447.0 326.0 0 402.0 227.0 137.0 435.0 438.0 371.0 328.0 179.0 368.0 175.0 227.0 589.0 285.0 365.0 108.0 525.0 310.0 589.0 402.0 443.0 838.0 939.0 132.0 
426.0 84.0 170.0 153.0 654.0 95.0 191.0 89.0 464.0 206.0 434.0 285.0 391.0 126.0 655.0 326.0 431.0 430.0 353.0 114.0 354.0 412.0 280.0 468.0 454.0 95.0 402.0 402.0 0 247.0 529.0 511.0 414.0 773.0 144.0 293.0 650.0 555.0 331.0 465.0 687.0 227.0 430.0 471.0 210.0 399.0 442.0 845.0 1240.0 1341.0 454.0 
275.0 225.0 337.0 264.0 437.0 324.0 348.0 292.0 247.0 195.0 435.0 140.0 632.0 219.0 438.0 199.0 326.0 231.0 222.0 281.0 545.0 477.0 129.0 227.0 255.0 262.0 245.0 227.0 247.0 0 312.0 354.0 357.0 556.0 205.0 156.0 433.0 338.0 124.0 508.0 470.0 180.0 189.0 444.0 131.0 508.0 321.0 628.0 1023.0 1124.0 213.0 
389.0 507.0 649.0 392.0 209.0 452.0 660.0 476.0 95.0 323.0 557.0 404.0 754.0 403.0 380.0 321.0 448.0 99.0 344.0 593.0 667.0 599.0 249.0 219.0 77.0 574.0 367.0 137.0 529.0 312.0 0 476.0 479.0 266.0 385.0 236.0 409.0 156.0 354.0 630.0 170.0 492.0 159.0 566.0 437.0 630.0 443.0 380.0 775.0 876.0 127.0 
93.0 489.0 631.0 370.0 267.0 428.0 642.0 458.0 557.0 305.0 99.0 404.0 278.0 385.0 148.0 185.0 80.0 519.0 158.0 575.0 191.0 123.0 313.0 581.0 495.0 556.0 177.0 435.0 511.0 354.0 476.0 0 97.0 262.0 367.0 362.0 139.0 416.0 444.0 154.0 346.0 474.0 543.0 104.0 419.0 154.0 69.0 552.0 947.0 1048.0 567.0 
106.0 392.0 534.0 273.0 272.0 331.0 545.0 361.0 560.0 250.0 96.0 401.0 275.0 288.0 241.0 158.0 105.0 522.0 135.0 478.0 188.0 120.0 316.0 584.0 498.0 459.0 112.0 438.0 414.0 357.0 479.0 97.0 0 359.0 270.0 365.0 236.0 419.0 447.0 151.0 349.0 377.0 546.0 101.0 328.0 151.0 94.0 555.0 950.0 1051.0 570.0 
347.0 751.0 893.0 632.0 119.0 690.0 904.0 720.0 347.0 567.0 339.0 648.0 488.0 647.0 158.0 447.0 342.0 343.0 420.0 837.0 419.0 361.0 493.0 463.0 319.0 818.0 371.0 371.0 773.0 556.0 266.0 262.0 359.0 0 629.0 480.0 149.0 228.0 598.0 364.0 170.0 736.0 403.0 302.0 681.0 374.0 331.0 384.0 779.0 880.0 371.0 
282.0 122.0 264.0 141.0 510.0 131.0 275.0 125.0 408.0 144.0 290.0 249.0 427.0 100.0 511.0 182.0 287.0 388.0 209.0 208.0 340.0 274.0 210.0 432.0 388.0 189.0 258.0 328.0 144.0 205.0 385.0 367.0 270.0 629.0 0 213.0 506.0 411.0 295.0 327.0 543.0 207.0 394.0 327.0 174.0 303.0 298.0 701.0 1096.0 1197.0 418.0 
295.0 271.0 413.0 272.0 361.0 332.0 424.0 318.0 221.0 203.0 443.0 168.0 640.0 249.0 362.0 207.0 334.0 223.0 230.0 357.0 553.0 485.0 153.0 219.0 203.0 338.0 253.0 179.0 293.0 156.0 236.0 362.0 365.0 480.0 213.0 0 357.0 262.0 118.0 516.0 394.0 256.0 181.0 452.0 201.0 516.0 329.0 552.0 947.0 1048.0 205.0 
224.0 628.0 770.0 509.0 206.0 567.0 781.0 597.0 490.0 444.0 216.0 525.0 345.0 524.0 35.0 324.0 219.0 452.0 297.0 714.0 296.0 238.0 370.0 514.0 428.0 695.0 248.0 368.0 650.0 433.0 409.0 139.0 236.0 149.0 506.0 357.0 0 349.0 475.0 221.0 279.0 613.0 476.0 179.0 558.0 251.0 208.0 485.0 880.0 981.0 500.0 
329.0 533.0 675.0 414.0 161.0 472.0 686.0 502.0 141.0 349.0 497.0 430.0 694.0 429.0 320.0 261.0 388.0 133.0 284.0 619.0 607.0 539.0 275.0 245.0 123.0 600.0 307.0 175.0 555.0 338.0 156.0 416.0 419.0 228.0 411.0 262.0 349.0 0 380.0 570.0 132.0 518.0 185.0 506.0 463.0 570.0 383.0 342.0 737.0 838.0 153.0 
365.0 279.0 295.0 354.0 479.0 414.0 306.0 382.0 289.0 207.0 525.0 118.0 722.0 309.0 480.0 289.0 416.0 255.0 312.0 299.0 635.0 567.0 165.0 167.0 279.0 266.0 335.0 227.0 331.0 124.0 354.0 444.0 447.0 598.0 295.0 118.0 475.0 380.0 0 598.0 512.0 138.0 195.0 534.0 131.0 598.0 411.0 670.0 1065.0 1166.0 227.0 
241.0 443.0 585.0 324.0 421.0 382.0 596.0 412.0 711.0 401.0 75.0 552.0 190.0 339.0 250.0 309.0 182.0 673.0 286.0 529.0 155.0 97.0 467.0 735.0 649.0 510.0 263.0 589.0 465.0 508.0 630.0 154.0 151.0 364.0 327.0 516.0 221.0 570.0 598.0 0 500.0 494.0 697.0 64.0 477.0 110.0 187.0 706.0 1101.0 1202.0 721.0 
283.0 665.0 807.0 546.0 91.0 604.0 818.0 634.0 243.0 481.0 427.0 562.0 624.0 561.0 250.0 361.0 318.0 257.0 334.0 751.0 537.0 469.0 407.0 377.0 233.0 732.0 285.0 285.0 687.0 470.0 170.0 346.0 349.0 170.0 543.0 394.0 279.0 132.0 512.0 500.0 0 650.0 317.0 436.0 595.0 500.0 313.0 298.0 693.0 794.0 285.0 
389.0 175.0 177.0 250.0 617.0 310.0 188.0 278.0 427.0 169.0 435.0 88.0 618.0 205.0 618.0 289.0 394.0 393.0 316.0 195.0 531.0 463.0 243.0 273.0 417.0 162.0 365.0 365.0 227.0 180.0 492.0 474.0 377.0 736.0 207.0 256.0 613.0 518.0 138.0 494.0 650.0 0 333.0 444.0 65.0 494.0 405.0 808.0 1203.0 1304.0 365.0 
456.0 378.0 490.0 453.0 304.0 513.0 501.0 481.0 94.0 296.0 624.0 245.0 821.0 408.0 447.0 388.0 515.0 78.0 411.0 434.0 734.0 666.0 230.0 106.0 102.0 415.0 434.0 108.0 430.0 189.0 159.0 543.0 546.0 403.0 394.0 181.0 476.0 185.0 195.0 697.0 317.0 333.0 0 633.0 278.0 697.0 510.0 475.0 870.0 971.0 32.0 
177.0 449.0 591.0 330.0 357.0 388.0 602.0 418.0 647.0 337.0 37.0 488.0 188.0 345.0 188.0 245.0 164.0 609.0 222.0 535.0 129.0 61.0 403.0 671.0 585.0 516.0 199.0 525.0 471.0 444.0 566.0 104.0 101.0 302.0 327.0 452.0 179.0 506.0 534.0 64.0 436.0 444.0 633.0 0 413.0 92.0 137.0 642.0 1037.0 1138.0 657.0 
334.0 158.0 212.0 233.0 562.0 293.0 223.0 261.0 372.0 120.0 404.0 81.0 601.0 188.0 563.0 240.0 339.0 338.0 267.0 178.0 514.0 446.0 188.0 266.0 362.0 145.0 310.0 310.0 210.0 131.0 437.0 419.0 328.0 681.0 174.0 201.0 558.0 463.0 131.0 477.0 595.0 65.0 278.0 413.0 0 477.0 350.0 753.0 1148.0 1249.0 310.0 
241.0 377.0 519.0 258.0 421.0 316.0 530.0 346.0 711.0 401.0 87.0 552.0 180.0 301.0 256.0 309.0 182.0 673.0 286.0 463.0 149.0 111.0 467.0 735.0 649.0 444.0 263.0 589.0 399.0 508.0 630.0 154.0 151.0 374.0 303.0 516.0 251.0 570.0 598.0 110.0 500.0 494.0 697.0 92.0 477.0 0 187.0 706.0 1101.0 1202.0 721.0 
90.0 420.0 562.0 301.0 236.0 359.0 573.0 389.0 524.0 246.0 132.0 365.0 311.0 316.0 213.0 154.0 77.0 486.0 131.0 506.0 224.0 156.0 280.0 548.0 462.0 487.0 108.0 402.0 442.0 321.0 443.0 69.0 94.0 331.0 298.0 329.0 208.0 383.0 411.0 187.0 313.0 405.0 510.0 137.0 350.0 187.0 0 519.0 914.0 1015.0 534.0 
465.0 823.0 965.0 704.0 285.0 762.0 976.0 792.0 461.0 639.0 633.0 720.0 830.0 719.0 456.0 519.0 524.0 423.0 492.0 909.0 743.0 675.0 565.0 535.0 399.0 890.0 443.0 443.0 845.0 628.0 380.0 552.0 555.0 384.0 701.0 552.0 485.0 342.0 670.0 706.0 298.0 808.0 475.0 642.0 753.0 706.0 519.0 0 395.0 496.0 471.0 
860.0 1218.0 1360.0 1099.0 680.0 1157.0 1371.0 1187.0 856.0 1034.0 1028.0 1115.0 1225.0 1114.0 851.0 914.0 919.0 818.0 887.0 1304.0 1138.0 1070.0 960.0 930.0 794.0 1285.0 838.0 838.0 1240.0 1023.0 775.0 947.0 950.0 779.0 1096.0 947.0 880.0 737.0 1065.0 1101.0 693.0 1203.0 870.0 1037.0 1148.0 1101.0 914.0 395.0 0 101.0 866.0 
961.0 1319.0 1461.0 1200.0 781.0 1258.0 1472.0 1288.0 957.0 1135.0 1129.0 1216.0 1326.0 1215.0 952.0 1015.0 1020.0 919.0 988.0 1405.0 1239.0 1171.0 1061.0 1031.0 895.0 1386.0 939.0 939.0 1341.0 1124.0 876.0 1048.0 1051.0 880.0 1197.0 1048.0 981.0 838.0 1166.0 1202.0 794.0 1304.0 971.0 1138.0 1249.0 1202.0 1015.0 496.0 101.0 0 967.0 
480.0 402.0 522.0 477.0 300.0 537.0 533.0 505.0 62.0 320.0 648.0 277.0 845.0 432.0 471.0 412.0 539.0 48.0 435.0 466.0 758.0 690.0 254.0 92.0 72.0 447.0 458.0 132.0 454.0 213.0 127.0 567.0 570.0 371.0 418.0 205.0 500.0 153.0 227.0 721.0 285.0 365.0 32.0 657.0 310.0 721.0 534.0 471.0 866.0 967.0 0 
