101
Loc0 Loc3 Loc5 Loc6 Loc7 Loc8 Loc9 Loc11 Loc13 Loc14 Loc15 Loc16 Loc17 Loc18 Loc19 Loc20 Loc23 Loc25 Loc27 Loc30 Loc31 Loc32 Loc33 Loc37 Loc38 Loc39 Loc44 Loc46 Loc50 Loc51 Loc52 Loc53 Loc54 Loc57 Loc60 Loc61 Loc62 Loc65 Loc67 Loc71 Loc74 Loc75 Loc76 Loc77 Loc83 Loc85 Loc91 Loc94 Loc95 Loc96 Loc97 Loc99 Loc100 Loc101 Loc103 Loc106 Loc107 Loc109 Loc110 Loc111 Loc118 Loc122 Loc124 Loc128 Loc129 Loc132 Loc133 Loc137 Loc140 Loc141 Loc143 Loc144 Loc145 Loc147 Loc149 Loc153 Loc154 Loc159 Loc160 Loc163 Loc167 Loc168 Loc170 Loc171 Loc172 Loc175 Loc176 Loc177 Loc180 Loc182 Loc183 Loc188 Loc189 Loc190 Loc192 Loc195 Loc197 Loc151 Loc59 Loc123 Loc1
0 442.0 240.0 664.0 459.0 525.0 254.0 622.0 453.0 398.0 287.0 403.0 289.0 459.0 192.0 460.0 122.0 638.0 255.0 383.0 210.0 135.0 631.0 232.0 396.0 455.0 438.0 365.0 396.0 86.0 434.0 460.0 226.0 337.0 531.0 158.0 313.0 168.0 479.0 396.0 466.0 296.0 395.0 466.0 150.0 366.0 196.0 168.0 122.0 343.0 613.0 438.0 382.0 517.0 417.0 146.0 535.0 136.0 188.0 265.0 542.0 393.0 115.0 233.0 340.0 437.0 568.0 457.0 434.0 606.0 471.0 227.0 681.0 239.0 376.0 481.0 273.0 617.0 224.0 146.0 361.0 198.0 260.0 532.0 310.0 603.0 116.0 210.0 176.0 383.0 488.0 157.0 277.0 108.0 349.0 195.0 417.0 739.0 977.0 1361.0 424.0 
442.0 0 202.0 222.0 155.0 83.0 380.0 180.0 415.0 124.0 161.0 365.0 365.0 185.0 250.0 248.0 370.0 196.0 187.0 345.0 538.0 383.0 189.0 262.0 260.0 417.0 156.0 159.0 316.0 506.0 396.0 44.0 288.0 399.0 89.0 600.0 129.0 274.0 441.0 358.0 306.0 334.0 145.0 320.0 542.0 340.0 288.0 302.0 370.0 131.0 195.0 90.0 344.0 99.0 309.0 320.0 497.0 572.0 254.0 291.0 100.0 147.0 403.0 323.0 206.0 169.0 126.0 419.0 252.0 164.0 433.0 299.0 239.0 203.0 332.0 71.0 249.0 175.0 218.0 552.0 81.0 482.0 182.0 158.0 284.0 185.0 464.0 232.0 266.0 87.0 62.0 285.0 237.0 370.0 289.0 247.0 195.0 517.0 755.0 1139.0 386.0 
240.0 202.0 0 424.0 219.0 285.0 178.0 382.0 229.0 158.0 55.0 179.0 163.0 219.0 140.0 434.0 210.0 398.0 363.0 187.0 336.0 229.0 391.0 104.0 156.0 231.0 342.0 125.0 502.0 304.0 210.0 220.0 86.0 197.0 291.0 398.0 197.0 248.0 255.0 172.0 226.0 520.0 155.0 226.0 340.0 526.0 408.0 360.0 226.0 303.0 373.0 198.0 182.0 277.0 177.0 164.0 311.0 370.0 132.0 477.0 302.0 333.0 271.0 457.0 392.0 355.0 328.0 233.0 438.0 366.0 247.0 141.0 441.0 297.0 518.0 257.0 137.0 377.0 188.0 350.0 245.0 280.0 210.0 344.0 124.0 363.0 262.0 132.0 108.0 143.0 248.0 135.0 101.0 168.0 155.0 89.0 381.0 499.0 737.0 1121.0 200.0 
664.0 222.0 424.0 0 217.0 165.0 602.0 166.0 517.0 266.0 377.0 453.0 587.0 205.0 472.0 356.0 592.0 102.0 409.0 407.0 760.0 605.0 179.0 484.0 268.0 309.0 264.0 299.0 424.0 728.0 288.0 204.0 510.0 621.0 133.0 822.0 351.0 496.0 401.0 522.0 200.0 442.0 269.0 212.0 764.0 448.0 510.0 524.0 592.0 321.0 93.0 226.0 378.0 165.0 249.0 542.0 389.0 794.0 476.0 457.0 148.0 271.0 625.0 545.0 326.0 277.0 202.0 371.0 360.0 150.0 435.0 521.0 119.0 425.0 440.0 185.0 471.0 131.0 440.0 774.0 303.0 704.0 404.0 266.0 470.0 103.0 686.0 454.0 488.0 281.0 178.0 507.0 409.0 592.0 315.0 469.0 303.0 409.0 647.0 1031.0 434.0 
459.0 155.0 219.0 217.0 0 212.0 397.0 213.0 312.0 63.0 172.0 248.0 382.0 56.0 267.0 403.0 387.0 179.0 332.0 206.0 555.0 400.0 184.0 279.0 105.0 262.0 311.0 94.0 471.0 523.0 241.0 167.0 305.0 416.0 120.0 617.0 166.0 291.0 286.0 317.0 151.0 489.0 66.0 165.0 559.0 495.0 377.0 329.0 387.0 272.0 166.0 65.0 205.0 128.0 154.0 337.0 342.0 589.0 271.0 446.0 151.0 302.0 420.0 426.0 361.0 324.0 249.0 264.0 407.0 197.0 278.0 316.0 222.0 266.0 487.0 226.0 266.0 170.0 235.0 569.0 214.0 499.0 199.0 313.0 265.0 156.0 481.0 249.0 283.0 102.0 199.0 302.0 204.0 387.0 148.0 264.0 350.0 362.0 600.0 984.0 231.0 
525.0 83.0 285.0 165.0 212.0 0 463.0 97.0 472.0 157.0 238.0 422.0 448.0 242.0 333.0 191.0 453.0 227.0 270.0 402.0 621.0 466.0 144.0 345.0 317.0 474.0 99.0 216.0 259.0 589.0 453.0 65.0 371.0 482.0 92.0 683.0 212.0 357.0 498.0 415.0 363.0 277.0 202.0 377.0 625.0 283.0 371.0 385.0 453.0 182.0 240.0 147.0 401.0 148.0 366.0 403.0 554.0 655.0 337.0 318.0 61.0 140.0 486.0 406.0 193.0 112.0 47.0 476.0 195.0 81.0 490.0 382.0 184.0 286.0 275.0 52.0 332.0 196.0 301.0 635.0 164.0 565.0 265.0 101.0 337.0 236.0 547.0 315.0 349.0 142.0 51.0 368.0 290.0 453.0 346.0 330.0 138.0 574.0 812.0 1196.0 443.0 
254.0 380.0 178.0 602.0 397.0 463.0 0 560.0 199.0 336.0 225.0 169.0 129.0 397.0 170.0 464.0 240.0 576.0 393.0 195.0 158.0 259.0 569.0 130.0 334.0 321.0 396.0 303.0 532.0 262.0 336.0 398.0 122.0 97.0 469.0 220.0 271.0 278.0 225.0 142.0 404.0 550.0 333.0 404.0 162.0 556.0 438.0 390.0 256.0 333.0 551.0 376.0 224.0 455.0 355.0 194.0 281.0 206.0 162.0 507.0 480.0 363.0 301.0 487.0 422.0 395.0 506.0 231.0 468.0 544.0 217.0 121.0 619.0 327.0 548.0 419.0 131.0 555.0 218.0 172.0 319.0 132.0 240.0 470.0 132.0 541.0 164.0 168.0 176.0 321.0 426.0 165.0 193.0 186.0 287.0 157.0 411.0 677.0 915.0 1299.0 170.0 
622.0 180.0 382.0 166.0 213.0 97.0 560.0 0 475.0 224.0 335.0 423.0 545.0 243.0 430.0 190.0 550.0 228.0 367.0 403.0 718.0 563.0 145.0 442.0 318.0 475.0 184.0 257.0 258.0 686.0 454.0 162.0 468.0 579.0 97.0 780.0 309.0 454.0 499.0 480.0 364.0 346.0 227.0 378.0 722.0 282.0 468.0 482.0 550.0 279.0 241.0 184.0 402.0 149.0 367.0 500.0 555.0 752.0 434.0 415.0 86.0 229.0 583.0 503.0 282.0 185.0 54.0 477.0 204.0 40.0 491.0 479.0 185.0 383.0 286.0 141.0 429.0 197.0 398.0 732.0 261.0 662.0 362.0 106.0 428.0 237.0 644.0 412.0 446.0 239.0 134.0 465.0 367.0 550.0 347.0 427.0 205.0 575.0 813.0 1197.0 444.0 
453.0 415.0 229.0 517.0 312.0 472.0 199.0 475.0 0 323.0 280.0 64.0 164.0 312.0 369.0 663.0 439.0 491.0 592.0 110.0 245.0 458.0 484.0 235.0 249.0 236.0 571.0 258.0 731.0 461.0 251.0 427.0 227.0 156.0 384.0 379.0 426.0 477.0 116.0 101.0 319.0 749.0 270.0 319.0 303.0 755.0 637.0 589.0 455.0 532.0 466.0 325.0 139.0 370.0 270.0 393.0 178.0 329.0 361.0 706.0 411.0 562.0 500.0 686.0 621.0 584.0 509.0 146.0 667.0 459.0 82.0 226.0 534.0 526.0 747.0 486.0 180.0 470.0 417.0 307.0 474.0 255.0 439.0 573.0 143.0 456.0 337.0 361.0 299.0 362.0 459.0 364.0 190.0 353.0 202.0 318.0 610.0 592.0 830.0 1214.0 83.0 
398.0 124.0 158.0 266.0 63.0 157.0 336.0 224.0 323.0 0 117.0 273.0 321.0 93.0 206.0 340.0 326.0 240.0 269.0 253.0 494.0 339.0 233.0 218.0 168.0 325.0 248.0 67.0 408.0 462.0 304.0 104.0 244.0 355.0 133.0 556.0 103.0 230.0 349.0 278.0 214.0 426.0 53.0 228.0 498.0 432.0 314.0 272.0 326.0 209.0 215.0 54.0 252.0 119.0 217.0 276.0 405.0 528.0 210.0 383.0 144.0 239.0 359.0 363.0 298.0 261.0 186.0 327.0 344.0 208.0 341.0 255.0 283.0 203.0 424.0 163.0 205.0 219.0 174.0 508.0 151.0 438.0 152.0 250.0 224.0 205.0 420.0 188.0 222.0 39.0 136.0 241.0 165.0 326.0 197.0 203.0 287.0 425.0 663.0 1047.0 294.0 
287.0 161.0 55.0 377.0 172.0 238.0 225.0 335.0 280.0 117.0 0 230.0 210.0 172.0 95.0 383.0 215.0 351.0 312.0 210.0 383.0 228.0 344.0 107.0 125.0 282.0 291.0 78.0 451.0 351.0 261.0 173.0 133.0 244.0 244.0 445.0 146.0 197.0 306.0 223.0 185.0 469.0 108.0 185.0 387.0 475.0 357.0 309.0 215.0 252.0 326.0 151.0 209.0 230.0 174.0 165.0 362.0 417.0 107.0 426.0 255.0 282.0 248.0 406.0 341.0 304.0 281.0 284.0 387.0 319.0 298.0 144.0 394.0 246.0 467.0 206.0 102.0 330.0 151.0 397.0 194.0 327.0 159.0 293.0 137.0 316.0 309.0 95.0 111.0 102.0 205.0 130.0 90.0 215.0 154.0 92.0 330.0 452.0 690.0 1074.0 251.0 
403.0 365.0 179.0 453.0 248.0 422.0 169.0 423.0 64.0 273.0 230.0 0 134.0 248.0 319.0 613.0 389.0 427.0 542.0 46.0 307.0 408.0 420.0 185.0 185.0 174.0 521.0 206.0 681.0 411.0 187.0 377.0 177.0 168.0 330.0 369.0 376.0 427.0 76.0 69.0 255.0 699.0 220.0 255.0 311.0 705.0 587.0 539.0 405.0 482.0 402.0 275.0 77.0 306.0 206.0 343.0 132.0 341.0 311.0 656.0 361.0 512.0 450.0 636.0 571.0 534.0 459.0 84.0 617.0 407.0 68.0 176.0 470.0 476.0 697.0 436.0 130.0 406.0 367.0 321.0 424.0 251.0 389.0 523.0 113.0 392.0 287.0 311.0 249.0 312.0 409.0 314.0 160.0 303.0 140.0 268.0 560.0 528.0 766.0 1150.0 21.0 
289.0 365.0 163.0 587.0 382.0 448.0 129.0 545.0 164.0 321.0 210.0 134.0 0 382.0 205.0 499.0 275.0 561.0 428.0 180.0 173.0 294.0 554.0 115.0 319.0 306.0 407.0 288.0 567.0 297.0 321.0 383.0 107.0 86.0 454.0 247.0 300.0 313.0 190.0 107.0 389.0 585.0 318.0 389.0 189.0 591.0 473.0 425.0 291.0 368.0 536.0 361.0 209.0 440.0 340.0 229.0 248.0 221.0 197.0 542.0 465.0 398.0 336.0 522.0 457.0 420.0 491.0 216.0 503.0 529.0 182.0 106.0 604.0 362.0 583.0 404.0 116.0 540.0 253.0 199.0 322.0 147.0 275.0 455.0 117.0 526.0 191.0 203.0 135.0 306.0 411.0 200.0 178.0 221.0 272.0 192.0 446.0 662.0 900.0 1284.0 153.0 
459.0 185.0 219.0 205.0 56.0 242.0 397.0 243.0 312.0 93.0 172.0 248.0 382.0 0 267.0 433.0 387.0 179.0 362.0 206.0 555.0 400.0 172.0 279.0 75.0 232.0 341.0 94.0 501.0 523.0 211.0 197.0 305.0 416.0 150.0 617.0 196.0 291.0 256.0 317.0 121.0 519.0 68.0 135.0 559.0 525.0 407.0 359.0 387.0 302.0 154.0 95.0 181.0 120.0 124.0 337.0 312.0 589.0 271.0 476.0 181.0 332.0 420.0 456.0 391.0 354.0 279.0 234.0 437.0 227.0 248.0 316.0 222.0 296.0 517.0 256.0 266.0 158.0 235.0 569.0 244.0 499.0 217.0 343.0 265.0 144.0 481.0 249.0 283.0 132.0 229.0 302.0 204.0 387.0 118.0 264.0 380.0 332.0 570.0 954.0 229.0 
192.0 250.0 140.0 472.0 267.0 333.0 170.0 430.0 369.0 206.0 95.0 319.0 205.0 267.0 0 294.0 120.0 446.0 223.0 299.0 288.0 133.0 439.0 134.0 214.0 371.0 246.0 173.0 362.0 256.0 350.0 268.0 142.0 253.0 339.0 350.0 143.0 108.0 395.0 312.0 274.0 380.0 203.0 274.0 292.0 386.0 268.0 220.0 120.0 181.0 421.0 246.0 298.0 325.0 263.0 76.0 451.0 322.0 20.0 337.0 350.0 211.0 153.0 317.0 252.0 245.0 376.0 373.0 298.0 414.0 387.0 143.0 489.0 157.0 378.0 289.0 189.0 425.0 76.0 302.0 169.0 232.0 98.0 340.0 226.0 411.0 214.0 40.0 70.0 191.0 296.0 41.0 179.0 120.0 243.0 51.0 241.0 547.0 785.0 1169.0 340.0 
460.0 248.0 434.0 356.0 403.0 191.0 464.0 190.0 663.0 340.0 383.0 613.0 499.0 433.0 294.0 0 388.0 418.0 205.0 593.0 556.0 401.0 335.0 428.0 508.0 665.0 92.0 407.0 142.0 524.0 644.0 236.0 436.0 547.0 283.0 618.0 237.0 292.0 689.0 606.0 554.0 184.0 393.0 568.0 560.0 166.0 306.0 320.0 388.0 131.0 431.0 338.0 592.0 339.0 557.0 338.0 745.0 590.0 302.0 253.0 252.0 101.0 421.0 341.0 132.0 79.0 154.0 667.0 78.0 206.0 681.0 437.0 375.0 221.0 158.0 177.0 483.0 387.0 250.0 570.0 189.0 500.0 224.0 124.0 520.0 427.0 482.0 302.0 364.0 301.0 204.0 317.0 473.0 388.0 537.0 345.0 65.0 765.0 1003.0 1387.0 634.0 
122.0 370.0 210.0 592.0 387.0 453.0 240.0 550.0 439.0 326.0 215.0 389.0 275.0 387.0 120.0 388.0 0 566.0 183.0 369.0 196.0 63.0 559.0 204.0 324.0 441.0 366.0 293.0 324.0 156.0 420.0 388.0 212.0 323.0 459.0 230.0 241.0 96.0 465.0 382.0 394.0 310.0 323.0 394.0 172.0 316.0 198.0 150.0 16.0 271.0 541.0 366.0 368.0 445.0 345.0 74.0 521.0 202.0 116.0 267.0 470.0 321.0 61.0 247.0 268.0 365.0 496.0 443.0 362.0 534.0 457.0 213.0 609.0 167.0 324.0 409.0 259.0 545.0 152.0 182.0 289.0 184.0 188.0 460.0 296.0 531.0 144.0 138.0 140.0 311.0 416.0 103.0 249.0 94.0 313.0 127.0 345.0 667.0 905.0 1289.0 410.0 
638.0 196.0 398.0 102.0 179.0 227.0 576.0 228.0 491.0 240.0 351.0 427.0 561.0 179.0 446.0 418.0 566.0 0 383.0 381.0 734.0 579.0 123.0 458.0 242.0 255.0 326.0 273.0 486.0 702.0 240.0 182.0 484.0 595.0 135.0 796.0 325.0 470.0 375.0 496.0 172.0 504.0 243.0 172.0 738.0 510.0 484.0 498.0 566.0 295.0 31.0 200.0 352.0 127.0 221.0 516.0 327.0 768.0 450.0 461.0 166.0 317.0 599.0 519.0 376.0 339.0 264.0 345.0 422.0 212.0 409.0 495.0 83.0 399.0 502.0 241.0 445.0 193.0 414.0 748.0 277.0 678.0 378.0 328.0 444.0 41.0 660.0 428.0 462.0 255.0 214.0 481.0 383.0 566.0 289.0 443.0 365.0 361.0 599.0 983.0 408.0 
255.0 187.0 363.0 409.0 332.0 270.0 393.0 367.0 592.0 269.0 312.0 542.0 428.0 362.0 223.0 205.0 183.0 383.0 0 522.0 357.0 196.0 376.0 357.0 437.0 594.0 183.0 336.0 183.0 319.0 573.0 205.0 365.0 476.0 276.0 413.0 166.0 149.0 618.0 535.0 483.0 157.0 322.0 497.0 355.0 201.0 101.0 115.0 183.0 88.0 362.0 267.0 521.0 268.0 486.0 199.0 674.0 385.0 231.0 122.0 287.0 138.0 216.0 150.0 121.0 182.0 313.0 596.0 179.0 351.0 610.0 366.0 426.0 78.0 199.0 226.0 412.0 362.0 175.0 365.0 118.0 337.0 153.0 277.0 449.0 356.0 277.0 231.0 293.0 230.0 233.0 228.0 402.0 239.0 466.0 274.0 162.0 694.0 932.0 1316.0 563.0 
383.0 345.0 187.0 407.0 206.0 402.0 195.0 403.0 110.0 253.0 210.0 46.0 180.0 206.0 299.0 593.0 369.0 381.0 522.0 0 353.0 388.0 374.0 181.0 139.0 140.0 501.0 186.0 661.0 391.0 141.0 357.0 173.0 214.0 310.0 415.0 356.0 407.0 96.0 115.0 209.0 679.0 200.0 209.0 357.0 685.0 567.0 519.0 385.0 462.0 356.0 255.0 97.0 264.0 160.0 323.0 152.0 387.0 291.0 636.0 341.0 492.0 430.0 616.0 551.0 514.0 439.0 104.0 597.0 387.0 88.0 156.0 424.0 456.0 677.0 416.0 138.0 360.0 347.0 367.0 404.0 297.0 369.0 503.0 73.0 346.0 283.0 291.0 245.0 292.0 389.0 294.0 172.0 299.0 108.0 248.0 540.0 482.0 720.0 1104.0 41.0 
210.0 538.0 336.0 760.0 555.0 621.0 158.0 718.0 245.0 494.0 383.0 307.0 173.0 555.0 288.0 556.0 196.0 734.0 357.0 353.0 0 215.0 727.0 276.0 492.0 479.0 534.0 461.0 498.0 218.0 494.0 556.0 250.0 141.0 627.0 168.0 409.0 264.0 359.0 238.0 562.0 506.0 491.0 562.0 110.0 512.0 394.0 346.0 212.0 439.0 709.0 534.0 382.0 613.0 513.0 218.0 421.0 222.0 284.0 463.0 638.0 489.0 257.0 443.0 436.0 533.0 664.0 389.0 530.0 702.0 325.0 239.0 777.0 335.0 504.0 577.0 289.0 713.0 320.0 120.0 457.0 132.0 356.0 628.0 290.0 699.0 112.0 306.0 272.0 479.0 584.0 253.0 351.0 168.0 445.0 291.0 513.0 835.0 1073.0 1457.0 326.0 
135.0 383.0 229.0 605.0 400.0 466.0 259.0 563.0 458.0 339.0 228.0 408.0 294.0 400.0 133.0 401.0 63.0 579.0 196.0 388.0 215.0 0 572.0 223.0 337.0 460.0 379.0 306.0 337.0 127.0 439.0 401.0 231.0 342.0 472.0 217.0 254.0 109.0 484.0 401.0 407.0 291.0 336.0 407.0 181.0 307.0 179.0 131.0 63.0 284.0 554.0 379.0 387.0 458.0 358.0 87.0 540.0 189.0 129.0 248.0 483.0 334.0 96.0 228.0 281.0 378.0 509.0 462.0 375.0 547.0 476.0 232.0 622.0 180.0 317.0 422.0 278.0 558.0 165.0 187.0 302.0 203.0 201.0 473.0 315.0 544.0 157.0 151.0 159.0 324.0 429.0 98.0 268.0 113.0 332.0 140.0 358.0 680.0 918.0 1302.0 429.0 
631.0 189.0 391.0 179.0 184.0 144.0 569.0 145.0 484.0 233.0 344.0 420.0 554.0 172.0 439.0 335.0 559.0 123.0 376.0 374.0 727.0 572.0 0 451.0 235.0 330.0 243.0 266.0 403.0 695.0 309.0 171.0 477.0 588.0 100.0 789.0 318.0 463.0 370.0 489.0 221.0 421.0 236.0 233.0 731.0 427.0 477.0 491.0 559.0 288.0 114.0 193.0 345.0 132.0 238.0 509.0 410.0 761.0 443.0 424.0 123.0 252.0 592.0 512.0 305.0 256.0 181.0 348.0 339.0 129.0 402.0 488.0 162.0 392.0 419.0 164.0 438.0 180.0 407.0 741.0 270.0 671.0 371.0 245.0 437.0 124.0 653.0 421.0 455.0 248.0 157.0 474.0 376.0 559.0 282.0 436.0 282.0 430.0 668.0 1052.0 401.0 
232.0 262.0 104.0 484.0 279.0 345.0 130.0 442.0 235.0 218.0 107.0 185.0 115.0 279.0 134.0 428.0 204.0 458.0 357.0 181.0 276.0 223.0 451.0 0 216.0 237.0 336.0 185.0 496.0 266.0 224.0 280.0 108.0 149.0 351.0 338.0 229.0 242.0 261.0 178.0 286.0 514.0 215.0 286.0 280.0 520.0 402.0 354.0 220.0 297.0 433.0 258.0 210.0 337.0 237.0 158.0 317.0 310.0 126.0 471.0 362.0 327.0 265.0 451.0 386.0 349.0 388.0 239.0 432.0 426.0 253.0 107.0 501.0 291.0 512.0 301.0 117.0 437.0 182.0 290.0 251.0 232.0 204.0 352.0 118.0 423.0 202.0 132.0 140.0 203.0 308.0 129.0 143.0 160.0 185.0 121.0 375.0 559.0 797.0 1181.0 206.0 
396.0 260.0 156.0 268.0 105.0 317.0 334.0 318.0 249.0 168.0 125.0 185.0 319.0 75.0 214.0 508.0 324.0 242.0 437.0 139.0 492.0 337.0 235.0 216.0 0 157.0 416.0 103.0 576.0 460.0 136.0 272.0 242.0 353.0 225.0 554.0 271.0 322.0 181.0 254.0 116.0 594.0 115.0 126.0 496.0 600.0 482.0 434.0 324.0 377.0 217.0 170.0 110.0 169.0 77.0 274.0 237.0 526.0 218.0 551.0 256.0 407.0 357.0 531.0 466.0 429.0 354.0 159.0 512.0 302.0 175.0 253.0 285.0 371.0 592.0 331.0 203.0 221.0 262.0 506.0 319.0 436.0 284.0 418.0 202.0 207.0 418.0 206.0 220.0 207.0 304.0 239.0 141.0 324.0 85.0 201.0 455.0 343.0 581.0 965.0 166.0 
455.0 417.0 231.0 309.0 262.0 474.0 321.0 475.0 236.0 325.0 282.0 174.0 306.0 232.0 371.0 665.0 441.0 255.0 594.0 140.0 479.0 460.0 330.0 237.0 157.0 0 573.0 258.0 733.0 463.0 37.0 429.0 243.0 340.0 382.0 541.0 428.0 479.0 134.0 241.0 111.0 751.0 272.0 99.0 483.0 757.0 639.0 591.0 457.0 534.0 236.0 327.0 111.0 326.0 108.0 395.0 124.0 513.0 363.0 708.0 413.0 564.0 502.0 688.0 623.0 586.0 511.0 104.0 669.0 459.0 164.0 254.0 298.0 528.0 749.0 488.0 204.0 278.0 419.0 493.0 476.0 423.0 441.0 575.0 213.0 238.0 405.0 363.0 301.0 364.0 461.0 366.0 192.0 355.0 128.0 320.0 612.0 362.0 600.0 984.0 153.0 
438.0 156.0 342.0 264.0 311.0 99.0 396.0 184.0 571.0 248.0 291.0 521.0 407.0 341.0 246.0 92.0 366.0 326.0 183.0 501.0 534.0 379.0 243.0 336.0 416.0 573.0 0 315.0 160.0 502.0 552.0 144.0 344.0 455.0 191.0 596.0 145.0 270.0 597.0 514.0 462.0 178.0 301.0 476.0 538.0 184.0 284.0 298.0 366.0 117.0 339.0 246.0 500.0 247.0 465.0 316.0 653.0 568.0 250.0 231.0 160.0 109.0 399.0 319.0 124.0 97.0 130.0 575.0 96.0 168.0 589.0 345.0 283.0 199.0 176.0 113.0 391.0 295.0 214.0 548.0 109.0 478.0 178.0 102.0 428.0 335.0 460.0 236.0 272.0 209.0 112.0 281.0 381.0 366.0 445.0 253.0 39.0 673.0 911.0 1295.0 542.0 
365.0 159.0 125.0 299.0 94.0 216.0 303.0 257.0 258.0 67.0 78.0 206.0 288.0 94.0 173.0 407.0 293.0 273.0 336.0 186.0 461.0 306.0 266.0 185.0 103.0 258.0 315.0 0 475.0 429.0 237.0 171.0 211.0 322.0 166.0 523.0 170.0 223.0 282.0 223.0 147.0 493.0 36.0 161.0 465.0 499.0 381.0 333.0 293.0 276.0 248.0 85.0 185.0 152.0 150.0 243.0 338.0 495.0 177.0 450.0 177.0 306.0 326.0 430.0 365.0 328.0 253.0 260.0 411.0 241.0 274.0 222.0 316.0 270.0 491.0 230.0 172.0 252.0 179.0 475.0 218.0 405.0 183.0 317.0 171.0 238.0 387.0 155.0 189.0 106.0 203.0 208.0 110.0 293.0 130.0 170.0 354.0 374.0 612.0 996.0 227.0 
396.0 316.0 502.0 424.0 471.0 259.0 532.0 258.0 731.0 408.0 451.0 681.0 567.0 501.0 362.0 142.0 324.0 486.0 183.0 661.0 498.0 337.0 403.0 496.0 576.0 733.0 160.0 475.0 0 460.0 712.0 304.0 504.0 615.0 351.0 554.0 305.0 270.0 757.0 674.0 622.0 120.0 461.0 636.0 496.0 108.0 242.0 256.0 324.0 199.0 499.0 406.0 660.0 407.0 625.0 338.0 813.0 526.0 370.0 189.0 320.0 169.0 357.0 277.0 110.0 147.0 222.0 735.0 142.0 274.0 749.0 505.0 443.0 205.0 144.0 245.0 551.0 455.0 314.0 506.0 257.0 476.0 292.0 192.0 588.0 495.0 418.0 370.0 432.0 369.0 272.0 367.0 541.0 378.0 605.0 413.0 125.0 833.0 1071.0 1455.0 702.0 
86.0 506.0 304.0 728.0 523.0 589.0 262.0 686.0 461.0 462.0 351.0 411.0 297.0 523.0 256.0 524.0 156.0 702.0 319.0 391.0 218.0 127.0 695.0 266.0 460.0 463.0 502.0 429.0 460.0 0 462.0 524.0 240.0 345.0 595.0 98.0 377.0 232.0 487.0 404.0 530.0 340.0 459.0 530.0 158.0 430.0 218.0 208.0 140.0 407.0 677.0 502.0 390.0 581.0 481.0 186.0 543.0 132.0 252.0 271.0 606.0 457.0 107.0 225.0 404.0 501.0 632.0 465.0 498.0 670.0 479.0 235.0 745.0 303.0 440.0 545.0 281.0 681.0 288.0 154.0 425.0 206.0 324.0 596.0 318.0 667.0 124.0 274.0 240.0 447.0 552.0 221.0 319.0 136.0 413.0 259.0 481.0 803.0 1041.0 1425.0 432.0 
434.0 396.0 210.0 288.0 241.0 453.0 336.0 454.0 251.0 304.0 261.0 187.0 321.0 211.0 350.0 644.0 420.0 240.0 573.0 141.0 494.0 439.0 309.0 224.0 136.0 37.0 552.0 237.0 712.0 462.0 0 408.0 244.0 355.0 361.0 556.0 407.0 458.0 135.0 256.0 90.0 730.0 251.0 78.0 498.0 736.0 618.0 570.0 436.0 513.0 215.0 306.0 112.0 305.0 87.0 374.0 117.0 528.0 342.0 687.0 392.0 543.0 481.0 667.0 602.0 565.0 490.0 105.0 648.0 438.0 169.0 255.0 283.0 507.0 728.0 467.0 205.0 257.0 398.0 508.0 455.0 438.0 420.0 554.0 204.0 217.0 420.0 342.0 280.0 343.0 440.0 345.0 171.0 334.0 107.0 299.0 591.0 341.0 579.0 963.0 168.0 
460.0 44.0 220.0 204.0 167.0 65.0 398.0 162.0 427.0 104.0 173.0 377.0 383.0 197.0 268.0 236.0 388.0 182.0 205.0 357.0 556.0 401.0 171.0 280.0 272.0 429.0 144.0 171.0 304.0 524.0 408.0 0 306.0 417.0 71.0 618.0 147.0 292.0 453.0 370.0 318.0 322.0 157.0 332.0 560.0 328.0 306.0 320.0 388.0 143.0 195.0 102.0 356.0 103.0 321.0 338.0 509.0 590.0 272.0 279.0 82.0 135.0 421.0 341.0 194.0 157.0 108.0 431.0 240.0 146.0 445.0 317.0 221.0 221.0 320.0 71.0 267.0 161.0 236.0 570.0 99.0 500.0 200.0 146.0 284.0 191.0 482.0 250.0 284.0 99.0 32.0 303.0 237.0 388.0 301.0 265.0 183.0 529.0 767.0 1151.0 398.0 
226.0 288.0 86.0 510.0 305.0 371.0 122.0 468.0 227.0 244.0 133.0 177.0 107.0 305.0 142.0 436.0 212.0 484.0 365.0 173.0 250.0 231.0 477.0 108.0 242.0 243.0 344.0 211.0 504.0 240.0 244.0 306.0 0 111.0 377.0 312.0 237.0 250.0 253.0 170.0 312.0 522.0 241.0 312.0 254.0 528.0 410.0 362.0 228.0 305.0 459.0 284.0 202.0 363.0 263.0 166.0 309.0 284.0 134.0 479.0 388.0 335.0 273.0 459.0 394.0 357.0 414.0 231.0 440.0 452.0 245.0 99.0 527.0 299.0 520.0 327.0 109.0 463.0 190.0 264.0 259.0 194.0 212.0 378.0 110.0 449.0 176.0 140.0 148.0 229.0 334.0 137.0 169.0 158.0 211.0 129.0 383.0 585.0 823.0 1207.0 198.0 
337.0 399.0 197.0 621.0 416.0 482.0 97.0 579.0 156.0 355.0 244.0 168.0 86.0 416.0 253.0 547.0 323.0 595.0 476.0 214.0 141.0 342.0 588.0 149.0 353.0 340.0 455.0 322.0 615.0 345.0 355.0 417.0 111.0 0 488.0 263.0 310.0 361.0 220.0 135.0 423.0 633.0 352.0 423.0 187.0 639.0 521.0 473.0 339.0 416.0 570.0 395.0 243.0 474.0 374.0 277.0 282.0 213.0 245.0 590.0 499.0 446.0 384.0 570.0 505.0 468.0 525.0 250.0 551.0 563.0 194.0 140.0 638.0 410.0 631.0 438.0 150.0 574.0 301.0 191.0 370.0 139.0 323.0 489.0 151.0 560.0 221.0 251.0 197.0 340.0 445.0 248.0 212.0 237.0 306.0 216.0 494.0 696.0 934.0 1318.0 187.0 
531.0 89.0 291.0 133.0 120.0 92.0 469.0 97.0 384.0 133.0 244.0 330.0 454.0 150.0 339.0 283.0 459.0 135.0 276.0 310.0 627.0 472.0 100.0 351.0 225.0 382.0 191.0 166.0 351.0 595.0 361.0 71.0 377.0 488.0 0 689.0 218.0 363.0 406.0 389.0 271.0 369.0 136.0 285.0 631.0 375.0 377.0 391.0 459.0 188.0 148.0 93.0 309.0 56.0 274.0 409.0 462.0 661.0 343.0 326.0 55.0 182.0 492.0 412.0 241.0 204.0 129.0 384.0 287.0 81.0 398.0 388.0 150.0 292.0 367.0 112.0 338.0 104.0 307.0 641.0 170.0 571.0 271.0 193.0 337.0 144.0 553.0 321.0 355.0 148.0 89.0 374.0 276.0 459.0 254.0 336.0 230.0 482.0 720.0 1104.0 351.0 
158.0 600.0 398.0 822.0 617.0 683.0 220.0 780.0 379.0 556.0 445.0 369.0 247.0 617.0 350.0 618.0 230.0 796.0 413.0 415.0 168.0 217.0 789.0 338.0 554.0 541.0 596.0 523.0 554.0 98.0 556.0 618.0 312.0 263.0 689.0 0 471.0 326.0 421.0 336.0 624.0 434.0 553.0 624.0 134.0 524.0 312.0 298.0 230.0 501.0 771.0 596.0 444.0 675.0 575.0 280.0 483.0 114.0 346.0 365.0 700.0 551.0 197.0 307.0 498.0 595.0 726.0 451.0 592.0 764.0 411.0 301.0 839.0 397.0 534.0 639.0 351.0 775.0 382.0 136.0 519.0 156.0 418.0 690.0 352.0 761.0 136.0 368.0 334.0 541.0 646.0 315.0 413.0 230.0 507.0 353.0 575.0 897.0 1135.0 1519.0 388.0 
313.0 129.0 197.0 351.0 166.0 212.0 271.0 309.0 426.0 103.0 146.0 376.0 300.0 196.0 143.0 237.0 241.0 325.0 166.0 356.0 409.0 254.0 318.0 229.0 271.0 428.0 145.0 170.0 305.0 377.0 407.0 147.0 237.0 310.0 218.0 471.0 0 167.0 452.0 369.0 317.0 323.0 156.0 331.0 413.0 329.0 211.0 195.0 241.0 106.0 300.0 129.0 355.0 204.0 320.0 191.0 508.0 443.0 135.0 280.0 229.0 136.0 274.0 260.0 195.0 158.0 255.0 430.0 241.0 293.0 444.0 238.0 368.0 100.0 321.0 168.0 246.0 304.0 115.0 423.0 60.0 353.0 79.0 219.0 283.0 290.0 335.0 129.0 165.0 98.0 175.0 156.0 236.0 241.0 300.0 146.0 184.0 528.0 766.0 1150.0 397.0 
168.0 274.0 248.0 496.0 291.0 357.0 278.0 454.0 477.0 230.0 197.0 427.0 313.0 291.0 108.0 292.0 96.0 470.0 149.0 407.0 264.0 109.0 463.0 242.0 322.0 479.0 270.0 223.0 270.0 232.0 458.0 292.0 250.0 361.0 363.0 326.0 167.0 0 503.0 420.0 368.0 272.0 231.0 382.0 268.0 278.0 160.0 112.0 96.0 175.0 445.0 270.0 406.0 349.0 371.0 84.0 559.0 298.0 116.0 229.0 374.0 225.0 129.0 209.0 178.0 269.0 400.0 481.0 266.0 438.0 495.0 251.0 513.0 111.0 286.0 313.0 297.0 449.0 82.0 278.0 193.0 226.0 118.0 364.0 334.0 435.0 190.0 116.0 178.0 215.0 320.0 113.0 287.0 134.0 351.0 159.0 249.0 579.0 817.0 1201.0 448.0 
479.0 441.0 255.0 401.0 286.0 498.0 225.0 499.0 116.0 349.0 306.0 76.0 190.0 256.0 395.0 689.0 465.0 375.0 618.0 96.0 359.0 484.0 370.0 261.0 181.0 134.0 597.0 282.0 757.0 487.0 135.0 453.0 253.0 220.0 406.0 421.0 452.0 503.0 0 121.0 203.0 775.0 296.0 203.0 363.0 781.0 663.0 615.0 481.0 558.0 350.0 351.0 97.0 350.0 162.0 419.0 118.0 393.0 387.0 732.0 437.0 588.0 526.0 712.0 647.0 610.0 535.0 82.0 693.0 483.0 54.0 252.0 418.0 552.0 773.0 512.0 206.0 356.0 443.0 373.0 500.0 303.0 465.0 599.0 169.0 340.0 363.0 387.0 325.0 388.0 485.0 390.0 216.0 379.0 152.0 344.0 636.0 476.0 714.0 1098.0 55.0 
396.0 358.0 172.0 522.0 317.0 415.0 142.0 480.0 101.0 278.0 223.0 69.0 107.0 317.0 312.0 606.0 382.0 496.0 535.0 115.0 238.0 401.0 489.0 178.0 254.0 241.0 514.0 223.0 674.0 404.0 256.0 370.0 170.0 135.0 389.0 336.0 369.0 420.0 121.0 0 324.0 692.0 253.0 324.0 260.0 698.0 580.0 532.0 398.0 475.0 471.0 296.0 144.0 375.0 275.0 336.0 183.0 286.0 304.0 649.0 400.0 505.0 443.0 629.0 564.0 527.0 452.0 151.0 610.0 464.0 109.0 169.0 539.0 469.0 690.0 429.0 123.0 475.0 360.0 264.0 417.0 212.0 382.0 516.0 86.0 461.0 280.0 304.0 242.0 305.0 402.0 307.0 133.0 296.0 207.0 261.0 553.0 597.0 835.0 1219.0 88.0 
466.0 306.0 226.0 200.0 151.0 363.0 404.0 364.0 319.0 214.0 185.0 255.0 389.0 121.0 274.0 554.0 394.0 172.0 483.0 209.0 562.0 407.0 221.0 286.0 116.0 111.0 462.0 147.0 622.0 530.0 90.0 318.0 312.0 423.0 271.0 624.0 317.0 368.0 203.0 324.0 0 640.0 161.0 74.0 566.0 646.0 528.0 480.0 394.0 423.0 147.0 216.0 180.0 215.0 107.0 344.0 191.0 596.0 278.0 597.0 302.0 453.0 427.0 577.0 512.0 475.0 400.0 173.0 558.0 348.0 237.0 323.0 215.0 417.0 638.0 377.0 273.0 169.0 308.0 576.0 365.0 506.0 330.0 464.0 272.0 137.0 488.0 266.0 290.0 253.0 350.0 309.0 211.0 394.0 117.0 271.0 501.0 273.0 511.0 895.0 236.0 
296.0 334.0 520.0 442.0 489.0 277.0 550.0 346.0 749.0 426.0 469.0 699.0 585.0 519.0 380.0 184.0 310.0 504.0 157.0 679.0 506.0 291.0 421.0 514.0 594.0 751.0 178.0 493.0 120.0 340.0 730.0 322.0 522.0 633.0 369.0 434.0 323.0 272.0 775.0 692.0 640.0 0 479.0 654.0 446.0 90.0 122.0 160.0 294.0 217.0 517.0 424.0 678.0 425.0 643.0 356.0 831.0 420.0 388.0 69.0 338.0 187.0 249.0 157.0 128.0 165.0 292.0 753.0 158.0 330.0 767.0 523.0 461.0 223.0 100.0 263.0 569.0 473.0 332.0 442.0 275.0 494.0 310.0 256.0 606.0 513.0 412.0 388.0 450.0 387.0 290.0 385.0 559.0 396.0 623.0 431.0 143.0 851.0 1089.0 1473.0 720.0 
395.0 145.0 155.0 269.0 66.0 202.0 333.0 227.0 270.0 53.0 108.0 220.0 318.0 68.0 203.0 393.0 323.0 243.0 322.0 200.0 491.0 336.0 236.0 215.0 115.0 272.0 301.0 36.0 461.0 459.0 251.0 157.0 241.0 352.0 136.0 553.0 156.0 231.0 296.0 253.0 161.0 479.0 0 175.0 495.0 485.0 367.0 319.0 323.0 262.0 218.0 59.0 199.0 122.0 164.0 273.0 352.0 525.0 207.0 436.0 147.0 292.0 356.0 416.0 351.0 314.0 239.0 274.0 397.0 211.0 288.0 252.0 286.0 256.0 477.0 216.0 202.0 222.0 175.0 505.0 204.0 435.0 169.0 303.0 201.0 208.0 417.0 185.0 219.0 92.0 189.0 238.0 140.0 323.0 144.0 200.0 340.0 372.0 610.0 994.0 241.0 
466.0 320.0 226.0 212.0 165.0 377.0 404.0 378.0 319.0 228.0 185.0 255.0 389.0 135.0 274.0 568.0 394.0 172.0 497.0 209.0 562.0 407.0 233.0 286.0 126.0 99.0 476.0 161.0 636.0 530.0 78.0 332.0 312.0 423.0 285.0 624.0 331.0 382.0 203.0 324.0 74.0 654.0 175.0 0 566.0 660.0 542.0 494.0 394.0 437.0 147.0 230.0 180.0 229.0 107.0 344.0 177.0 596.0 278.0 611.0 316.0 467.0 427.0 591.0 526.0 489.0 414.0 173.0 572.0 362.0 237.0 323.0 215.0 431.0 652.0 391.0 273.0 181.0 322.0 576.0 379.0 506.0 344.0 478.0 272.0 149.0 488.0 266.0 290.0 267.0 364.0 309.0 211.0 394.0 117.0 271.0 515.0 273.0 511.0 895.0 236.0 
150.0 542.0 340.0 764.0 559.0 625.0 162.0 722.0 303.0 498.0 387.0 311.0 189.0 559.0 292.0 560.0 172.0 738.0 355.0 357.0 110.0 181.0 731.0 280.0 496.0 483.0 538.0 465.0 496.0 158.0 498.0 560.0 254.0 187.0 631.0 134.0 413.0 268.0 363.0 260.0 566.0 446.0 495.0 566.0 0 466.0 334.0 286.0 178.0 443.0 713.0 538.0 386.0 617.0 517.0 222.0 425.0 174.0 288.0 403.0 642.0 493.0 197.0 383.0 440.0 537.0 668.0 393.0 534.0 706.0 347.0 243.0 781.0 339.0 476.0 581.0 293.0 717.0 324.0 86.0 461.0 98.0 360.0 632.0 294.0 703.0 78.0 310.0 276.0 483.0 588.0 257.0 355.0 172.0 449.0 295.0 517.0 839.0 1077.0 1461.0 330.0 
366.0 340.0 526.0 448.0 495.0 283.0 556.0 282.0 755.0 432.0 475.0 705.0 591.0 525.0 386.0 166.0 316.0 510.0 201.0 685.0 512.0 307.0 427.0 520.0 600.0 757.0 184.0 499.0 108.0 430.0 736.0 328.0 528.0 639.0 375.0 524.0 329.0 278.0 781.0 698.0 646.0 90.0 485.0 660.0 466.0 0 212.0 226.0 300.0 223.0 523.0 430.0 684.0 431.0 649.0 362.0 837.0 496.0 394.0 159.0 344.0 193.0 327.0 247.0 134.0 171.0 246.0 759.0 150.0 298.0 773.0 529.0 467.0 229.0 114.0 269.0 575.0 479.0 338.0 476.0 281.0 500.0 316.0 216.0 612.0 519.0 418.0 394.0 456.0 393.0 296.0 391.0 565.0 402.0 629.0 437.0 157.0 857.0 1095.0 1479.0 726.0 
196.0 288.0 408.0 510.0 377.0 371.0 438.0 468.0 637.0 314.0 357.0 587.0 473.0 407.0 268.0 306.0 198.0 484.0 101.0 567.0 394.0 179.0 477.0 402.0 482.0 639.0 284.0 381.0 242.0 218.0 618.0 306.0 410.0 521.0 377.0 312.0 211.0 160.0 663.0 580.0 528.0 122.0 367.0 542.0 334.0 212.0 0 56.0 182.0 189.0 459.0 312.0 566.0 363.0 531.0 244.0 719.0 308.0 276.0 113.0 388.0 239.0 165.0 49.0 186.0 283.0 414.0 641.0 280.0 452.0 655.0 411.0 527.0 111.0 222.0 327.0 457.0 463.0 220.0 330.0 207.0 382.0 198.0 378.0 494.0 449.0 300.0 276.0 338.0 275.0 334.0 273.0 447.0 284.0 511.0 319.0 263.0 739.0 977.0 1361.0 608.0 
168.0 302.0 360.0 524.0 329.0 385.0 390.0 482.0 589.0 272.0 309.0 539.0 425.0 359.0 220.0 320.0 150.0 498.0 115.0 519.0 346.0 131.0 491.0 354.0 434.0 591.0 298.0 333.0 256.0 208.0 570.0 320.0 362.0 473.0 391.0 298.0 195.0 112.0 615.0 532.0 480.0 160.0 319.0 494.0 286.0 226.0 56.0 0 134.0 203.0 473.0 298.0 518.0 377.0 483.0 196.0 671.0 276.0 228.0 125.0 402.0 253.0 129.0 105.0 200.0 297.0 428.0 593.0 294.0 466.0 607.0 363.0 541.0 113.0 236.0 341.0 409.0 477.0 172.0 282.0 221.0 334.0 150.0 392.0 446.0 463.0 252.0 228.0 290.0 259.0 348.0 225.0 399.0 236.0 463.0 271.0 277.0 691.0 929.0 1313.0 560.0 
122.0 370.0 226.0 592.0 387.0 453.0 256.0 550.0 455.0 326.0 215.0 405.0 291.0 387.0 120.0 388.0 16.0 566.0 183.0 385.0 212.0 63.0 559.0 220.0 324.0 457.0 366.0 293.0 324.0 140.0 436.0 388.0 228.0 339.0 459.0 230.0 241.0 96.0 481.0 398.0 394.0 294.0 323.0 394.0 178.0 300.0 182.0 134.0 0 271.0 541.0 366.0 384.0 445.0 355.0 74.0 537.0 202.0 116.0 251.0 470.0 321.0 77.0 231.0 268.0 365.0 496.0 459.0 362.0 534.0 473.0 229.0 609.0 167.0 308.0 409.0 275.0 545.0 152.0 188.0 289.0 200.0 188.0 460.0 312.0 531.0 144.0 138.0 156.0 311.0 416.0 103.0 265.0 110.0 329.0 137.0 345.0 667.0 905.0 1289.0 426.0 
343.0 131.0 303.0 321.0 272.0 182.0 333.0 279.0 532.0 209.0 252.0 482.0 368.0 302.0 181.0 131.0 271.0 295.0 88.0 462.0 439.0 284.0 288.0 297.0 377.0 534.0 117.0 276.0 199.0 407.0 513.0 143.0 305.0 416.0 188.0 501.0 106.0 175.0 558.0 475.0 423.0 217.0 262.0 437.0 443.0 223.0 189.0 203.0 271.0 0 302.0 207.0 461.0 208.0 426.0 221.0 614.0 473.0 183.0 174.0 199.0 50.0 304.0 224.0 89.0 94.0 225.0 536.0 135.0 263.0 550.0 306.0 338.0 104.0 215.0 138.0 352.0 274.0 149.0 453.0 58.0 383.0 113.0 189.0 389.0 296.0 365.0 171.0 233.0 170.0 145.0 200.0 342.0 271.0 406.0 214.0 78.0 634.0 872.0 1256.0 503.0 
613.0 195.0 373.0 93.0 166.0 240.0 551.0 241.0 466.0 215.0 326.0 402.0 536.0 154.0 421.0 431.0 541.0 31.0 362.0 356.0 709.0 554.0 114.0 433.0 217.0 236.0 339.0 248.0 499.0 677.0 215.0 195.0 459.0 570.0 148.0 771.0 300.0 445.0 350.0 471.0 147.0 517.0 218.0 147.0 713.0 523.0 459.0 473.0 541.0 302.0 0 181.0 327.0 118.0 196.0 491.0 314.0 743.0 425.0 474.0 179.0 330.0 574.0 494.0 389.0 352.0 277.0 320.0 435.0 225.0 384.0 470.0 74.0 374.0 515.0 254.0 420.0 206.0 389.0 723.0 252.0 653.0 353.0 341.0 419.0 32.0 635.0 403.0 437.0 230.0 227.0 456.0 358.0 541.0 264.0 418.0 378.0 336.0 574.0 958.0 383.0 
438.0 90.0 198.0 226.0 65.0 147.0 376.0 184.0 325.0 54.0 151.0 275.0 361.0 95.0 246.0 338.0 366.0 200.0 267.0 255.0 534.0 379.0 193.0 258.0 170.0 327.0 246.0 85.0 406.0 502.0 306.0 102.0 284.0 395.0 93.0 596.0 129.0 270.0 351.0 296.0 216.0 424.0 59.0 230.0 538.0 430.0 312.0 298.0 366.0 207.0 181.0 0 254.0 85.0 219.0 316.0 407.0 568.0 250.0 381.0 104.0 237.0 399.0 361.0 296.0 259.0 184.0 329.0 342.0 168.0 343.0 295.0 243.0 201.0 422.0 161.0 245.0 179.0 214.0 548.0 149.0 478.0 178.0 248.0 244.0 171.0 460.0 228.0 262.0 65.0 134.0 281.0 183.0 366.0 199.0 243.0 285.0 427.0 665.0 1049.0 296.0 
382.0 344.0 182.0 378.0 205.0 401.0 224.0 402.0 139.0 252.0 209.0 77.0 209.0 181.0 298.0 592.0 368.0 352.0 521.0 97.0 382.0 387.0 345.0 210.0 110.0 111.0 500.0 185.0 660.0 390.0 112.0 356.0 202.0 243.0 309.0 444.0 355.0 406.0 97.0 144.0 180.0 678.0 199.0 180.0 386.0 684.0 566.0 518.0 384.0 461.0 327.0 254.0 0 263.0 131.0 322.0 153.0 416.0 290.0 635.0 340.0 491.0 429.0 615.0 550.0 513.0 438.0 117.0 596.0 386.0 89.0 201.0 395.0 455.0 676.0 415.0 167.0 331.0 346.0 396.0 403.0 326.0 368.0 502.0 154.0 317.0 312.0 290.0 252.0 291.0 388.0 293.0 143.0 314.0 79.0 247.0 539.0 453.0 691.0 1075.0 56.0 
517.0 99.0 277.0 165.0 128.0 148.0 455.0 149.0 370.0 119.0 230.0 306.0 440.0 120.0 325.0 339.0 445.0 127.0 268.0 264.0 613.0 458.0 132.0 337.0 169.0 326.0 247.0 152.0 407.0 581.0 305.0 103.0 363.0 474.0 56.0 675.0 204.0 349.0 350.0 375.0 215.0 425.0 122.0 229.0 617.0 431.0 363.0 377.0 445.0 208.0 118.0 85.0 263.0 0 218.0 395.0 406.0 647.0 329.0 382.0 87.0 238.0 478.0 398.0 297.0 260.0 185.0 328.0 343.0 133.0 342.0 374.0 170.0 278.0 423.0 162.0 324.0 122.0 293.0 627.0 158.0 557.0 257.0 249.0 323.0 128.0 539.0 307.0 341.0 134.0 135.0 360.0 262.0 445.0 208.0 322.0 286.0 426.0 664.0 1048.0 295.0 
417.0 309.0 177.0 249.0 154.0 366.0 355.0 367.0 270.0 217.0 174.0 206.0 340.0 124.0 263.0 557.0 345.0 221.0 486.0 160.0 513.0 358.0 238.0 237.0 77.0 108.0 465.0 150.0 625.0 481.0 87.0 321.0 263.0 374.0 274.0 575.0 320.0 371.0 162.0 275.0 107.0 643.0 164.0 107.0 517.0 649.0 531.0 483.0 355.0 426.0 196.0 219.0 131.0 218.0 0 295.0 188.0 547.0 255.0 600.0 305.0 456.0 394.0 580.0 515.0 478.0 403.0 140.0 561.0 351.0 188.0 274.0 264.0 420.0 641.0 380.0 224.0 218.0 311.0 527.0 368.0 457.0 333.0 467.0 223.0 186.0 439.0 255.0 241.0 256.0 353.0 264.0 162.0 345.0 68.0 222.0 504.0 322.0 560.0 944.0 187.0 
146.0 320.0 164.0 542.0 337.0 403.0 194.0 500.0 393.0 276.0 165.0 343.0 229.0 337.0 76.0 338.0 74.0 516.0 199.0 323.0 218.0 87.0 509.0 158.0 274.0 395.0 316.0 243.0 338.0 186.0 374.0 338.0 166.0 277.0 409.0 280.0 191.0 84.0 419.0 336.0 344.0 356.0 273.0 344.0 222.0 362.0 244.0 196.0 74.0 221.0 491.0 316.0 322.0 395.0 295.0 0 475.0 252.0 68.0 313.0 420.0 271.0 107.0 293.0 228.0 315.0 446.0 397.0 312.0 484.0 411.0 167.0 559.0 133.0 354.0 359.0 213.0 495.0 102.0 232.0 239.0 180.0 138.0 410.0 250.0 481.0 144.0 88.0 94.0 261.0 366.0 63.0 203.0 78.0 267.0 77.0 295.0 617.0 855.0 1239.0 364.0 
535.0 497.0 311.0 389.0 342.0 554.0 281.0 555.0 178.0 405.0 362.0 132.0 248.0 312.0 451.0 745.0 521.0 327.0 674.0 152.0 421.0 540.0 410.0 317.0 237.0 124.0 653.0 338.0 813.0 543.0 117.0 509.0 309.0 282.0 462.0 483.0 508.0 559.0 118.0 183.0 191.0 831.0 352.0 177.0 425.0 837.0 719.0 671.0 537.0 614.0 314.0 407.0 153.0 406.0 188.0 475.0 0 455.0 443.0 788.0 493.0 644.0 582.0 768.0 703.0 666.0 591.0 138.0 749.0 539.0 110.0 308.0 370.0 608.0 829.0 568.0 262.0 358.0 499.0 435.0 556.0 365.0 521.0 655.0 225.0 318.0 419.0 443.0 381.0 444.0 541.0 446.0 272.0 435.0 208.0 400.0 692.0 442.0 680.0 1064.0 111.0 
136.0 572.0 370.0 794.0 589.0 655.0 206.0 752.0 329.0 528.0 417.0 341.0 221.0 589.0 322.0 590.0 202.0 768.0 385.0 387.0 222.0 189.0 761.0 310.0 526.0 513.0 568.0 495.0 526.0 132.0 528.0 590.0 284.0 213.0 661.0 114.0 443.0 298.0 393.0 286.0 596.0 420.0 525.0 596.0 174.0 496.0 308.0 276.0 202.0 473.0 743.0 568.0 416.0 647.0 547.0 252.0 455.0 0 318.0 377.0 672.0 523.0 175.0 357.0 470.0 567.0 698.0 423.0 564.0 736.0 373.0 273.0 811.0 369.0 506.0 611.0 323.0 747.0 354.0 170.0 491.0 196.0 390.0 662.0 324.0 733.0 144.0 340.0 306.0 513.0 618.0 287.0 385.0 202.0 479.0 325.0 547.0 869.0 1107.0 1491.0 360.0 
188.0 254.0 132.0 476.0 271.0 337.0 162.0 434.0 361.0 210.0 107.0 311.0 197.0 271.0 20.0 302.0 116.0 450.0 231.0 291.0 284.0 129.0 443.0 126.0 218.0 363.0 250.0 177.0 370.0 252.0 342.0 272.0 134.0 245.0 343.0 346.0 135.0 116.0 387.0 304.0 278.0 388.0 207.0 278.0 288.0 394.0 276.0 228.0 116.0 183.0 425.0 250.0 290.0 329.0 255.0 68.0 443.0 318.0 0 345.0 354.0 205.0 149.0 325.0 260.0 249.0 380.0 365.0 306.0 418.0 379.0 135.0 493.0 165.0 386.0 293.0 181.0 429.0 68.0 298.0 173.0 228.0 90.0 344.0 218.0 415.0 210.0 32.0 62.0 195.0 300.0 33.0 171.0 116.0 235.0 43.0 249.0 551.0 789.0 1173.0 332.0 
265.0 291.0 477.0 457.0 446.0 318.0 507.0 415.0 706.0 383.0 426.0 656.0 542.0 476.0 337.0 253.0 267.0 461.0 122.0 636.0 463.0 248.0 424.0 471.0 551.0 708.0 231.0 450.0 189.0 271.0 687.0 279.0 479.0 590.0 326.0 365.0 280.0 229.0 732.0 649.0 597.0 69.0 436.0 611.0 403.0 159.0 113.0 125.0 251.0 174.0 474.0 381.0 635.0 382.0 600.0 313.0 788.0 377.0 345.0 0 335.0 186.0 218.0 88.0 133.0 230.0 361.0 710.0 227.0 399.0 724.0 480.0 474.0 180.0 169.0 274.0 526.0 430.0 289.0 399.0 232.0 451.0 267.0 325.0 563.0 470.0 369.0 345.0 407.0 344.0 281.0 342.0 516.0 353.0 580.0 388.0 210.0 808.0 1046.0 1430.0 677.0 
542.0 100.0 302.0 148.0 151.0 61.0 480.0 86.0 411.0 144.0 255.0 361.0 465.0 181.0 350.0 252.0 470.0 166.0 287.0 341.0 638.0 483.0 123.0 362.0 256.0 413.0 160.0 177.0 320.0 606.0 392.0 82.0 388.0 499.0 55.0 700.0 229.0 374.0 437.0 400.0 302.0 338.0 147.0 316.0 642.0 344.0 388.0 402.0 470.0 199.0 179.0 104.0 340.0 87.0 305.0 420.0 493.0 672.0 354.0 335.0 0 169.0 503.0 423.0 222.0 173.0 98.0 415.0 256.0 70.0 429.0 399.0 163.0 303.0 336.0 81.0 349.0 135.0 318.0 652.0 181.0 582.0 282.0 162.0 348.0 175.0 564.0 332.0 366.0 159.0 74.0 385.0 287.0 470.0 285.0 347.0 199.0 513.0 751.0 1135.0 382.0 
393.0 147.0 333.0 271.0 302.0 140.0 363.0 229.0 562.0 239.0 282.0 512.0 398.0 332.0 211.0 101.0 321.0 317.0 138.0 492.0 489.0 334.0 252.0 327.0 407.0 564.0 109.0 306.0 169.0 457.0 543.0 135.0 335.0 446.0 182.0 551.0 136.0 225.0 588.0 505.0 453.0 187.0 292.0 467.0 493.0 193.0 239.0 253.0 321.0 50.0 330.0 237.0 491.0 238.0 456.0 271.0 644.0 523.0 205.0 186.0 169.0 0 354.0 274.0 101.0 106.0 175.0 566.0 105.0 213.0 580.0 336.0 292.0 154.0 185.0 118.0 382.0 286.0 169.0 503.0 88.0 433.0 143.0 147.0 419.0 326.0 415.0 201.0 263.0 200.0 125.0 236.0 372.0 321.0 436.0 244.0 90.0 664.0 902.0 1286.0 533.0 
115.0 403.0 271.0 625.0 420.0 486.0 301.0 583.0 500.0 359.0 248.0 450.0 336.0 420.0 153.0 421.0 61.0 599.0 216.0 430.0 257.0 96.0 592.0 265.0 357.0 502.0 399.0 326.0 357.0 107.0 481.0 421.0 273.0 384.0 492.0 197.0 274.0 129.0 526.0 443.0 427.0 249.0 356.0 427.0 197.0 327.0 165.0 129.0 77.0 304.0 574.0 399.0 429.0 478.0 394.0 107.0 582.0 175.0 149.0 218.0 503.0 354.0 0 186.0 301.0 398.0 529.0 504.0 395.0 567.0 518.0 274.0 642.0 200.0 337.0 442.0 320.0 578.0 185.0 193.0 322.0 245.0 221.0 493.0 357.0 564.0 163.0 171.0 201.0 344.0 449.0 136.0 310.0 147.0 374.0 182.0 378.0 700.0 938.0 1322.0 471.0 
233.0 323.0 457.0 545.0 426.0 406.0 487.0 503.0 686.0 363.0 406.0 636.0 522.0 456.0 317.0 341.0 247.0 519.0 150.0 616.0 443.0 228.0 512.0 451.0 531.0 688.0 319.0 430.0 277.0 225.0 667.0 341.0 459.0 570.0 412.0 307.0 260.0 209.0 712.0 629.0 577.0 157.0 416.0 591.0 383.0 247.0 49.0 105.0 231.0 224.0 494.0 361.0 615.0 398.0 580.0 293.0 768.0 357.0 325.0 88.0 423.0 274.0 186.0 0 221.0 318.0 449.0 690.0 315.0 487.0 704.0 460.0 562.0 160.0 257.0 362.0 506.0 498.0 269.0 379.0 242.0 431.0 247.0 413.0 543.0 484.0 349.0 325.0 387.0 324.0 369.0 322.0 496.0 333.0 560.0 368.0 298.0 788.0 1026.0 1410.0 657.0 
340.0 206.0 392.0 326.0 361.0 193.0 422.0 282.0 621.0 298.0 341.0 571.0 457.0 391.0 252.0 132.0 268.0 376.0 121.0 551.0 436.0 281.0 305.0 386.0 466.0 623.0 124.0 365.0 110.0 404.0 602.0 194.0 394.0 505.0 241.0 498.0 195.0 178.0 647.0 564.0 512.0 128.0 351.0 526.0 440.0 134.0 186.0 200.0 268.0 89.0 389.0 296.0 550.0 297.0 515.0 228.0 703.0 470.0 260.0 133.0 222.0 101.0 301.0 221.0 0 111.0 228.0 625.0 106.0 266.0 639.0 395.0 345.0 107.0 126.0 177.0 441.0 345.0 204.0 450.0 147.0 386.0 182.0 192.0 478.0 385.0 362.0 260.0 322.0 259.0 184.0 257.0 431.0 274.0 495.0 303.0 89.0 723.0 961.0 1345.0 592.0 
