26
Loc1 Loc2 Loc3 Loc4 Loc7 Loc9 Loc14 Loc15 Loc16 Loc20 Loc23 Loc25 Loc27 Loc29 Loc30 Loc32 Loc34 Loc37 Loc41 Loc45 Loc47 Loc49 Loc39 Loc21 Loc31 Loc0
0 140.0 269.0 118.0 245.0 250.0 193.0 273.0 371.0 249.0 228.0 280.0 314.0 242.0 427.0 337.0 152.0 275.0 270.0 275.0 509.0 240.0 589.0 832.0 1295.0 206.0 
140.0 0 251.0 100.0 275.0 170.0 175.0 353.0 451.0 285.0 210.0 200.0 296.0 198.0 409.0 309.0 134.0 257.0 300.0 195.0 429.0 222.0 509.0 752.0 1215.0 222.0 
269.0 251.0 0 185.0 514.0 409.0 122.0 328.0 426.0 276.0 223.0 341.0 193.0 437.0 200.0 268.0 175.0 198.0 249.0 220.0 454.0 127.0 622.0 865.0 1328.0 473.0 
118.0 100.0 185.0 0 329.0 236.0 153.0 287.0 385.0 263.0 188.0 266.0 258.0 264.0 343.0 309.0 112.0 235.0 278.0 261.0 495.0 200.0 575.0 818.0 1281.0 288.0 
245.0 275.0 514.0 329.0 0 255.0 438.0 320.0 416.0 238.0 291.0 317.0 559.0 247.0 672.0 560.0 339.0 496.0 309.0 366.0 518.0 485.0 598.0 841.0 1304.0 215.0 
250.0 170.0 409.0 236.0 255.0 0 333.0 317.0 415.0 291.0 344.0 264.0 454.0 198.0 567.0 455.0 270.0 391.0 314.0 269.0 465.0 380.0 545.0 788.0 1251.0 162.0 
193.0 175.0 122.0 153.0 438.0 333.0 0 370.0 468.0 310.0 257.0 265.0 235.0 361.0 234.0 226.0 187.0 240.0 283.0 184.0 412.0 161.0 546.0 789.0 1252.0 397.0 
273.0 353.0 328.0 287.0 320.0 317.0 370.0 0 188.0 158.0 177.0 553.0 239.0 511.0 454.0 596.0 253.0 176.0 87.0 548.0 782.0 435.0 862.0 1105.0 1568.0 479.0 
371.0 451.0 426.0 385.0 416.0 415.0 468.0 188.0 0 256.0 275.0 651.0 237.0 609.0 552.0 694.0 351.0 228.0 185.0 646.0 880.0 533.0 960.0 1203.0 1666.0 577.0 
249.0 285.0 276.0 263.0 238.0 291.0 310.0 158.0 256.0 0 245.0 451.0 321.0 409.0 434.0 494.0 297.0 258.0 155.0 446.0 680.0 361.0 760.0 1003.0 1466.0 377.0 
228.0 210.0 223.0 188.0 291.0 344.0 257.0 177.0 275.0 245.0 0 376.0 268.0 338.0 381.0 419.0 222.0 225.0 174.0 371.0 605.0 308.0 685.0 928.0 1391.0 302.0 
280.0 200.0 341.0 266.0 317.0 264.0 265.0 553.0 651.0 451.0 376.0 0 418.0 168.0 499.0 387.0 300.0 423.0 466.0 135.0 287.0 312.0 367.0 610.0 1073.0 132.0 
314.0 296.0 193.0 258.0 559.0 454.0 235.0 239.0 237.0 321.0 268.0 418.0 0 482.0 319.0 461.0 220.0 105.0 250.0 413.0 647.0 300.0 727.0 970.0 1433.0 518.0 
242.0 198.0 437.0 264.0 247.0 198.0 361.0 511.0 609.0 409.0 338.0 168.0 482.0 0 595.0 483.0 298.0 421.0 428.0 231.0 379.0 408.0 463.0 706.0 1169.0 36.0 
427.0 409.0 200.0 343.0 672.0 567.0 234.0 454.0 552.0 434.0 381.0 499.0 319.0 595.0 0 204.0 333.0 324.0 401.0 364.0 344.0 187.0 780.0 1023.0 1486.0 631.0 
337.0 309.0 268.0 309.0 560.0 455.0 226.0 596.0 694.0 494.0 419.0 387.0 461.0 483.0 204.0 0 343.0 466.0 509.0 252.0 232.0 161.0 668.0 911.0 1374.0 519.0 
152.0 134.0 175.0 112.0 339.0 270.0 187.0 253.0 351.0 297.0 222.0 300.0 220.0 298.0 333.0 343.0 0 219.0 250.0 295.0 529.0 234.0 609.0 852.0 1315.0 298.0 
275.0 257.0 198.0 235.0 496.0 391.0 240.0 176.0 228.0 258.0 225.0 423.0 105.0 421.0 324.0 466.0 219.0 0 187.0 418.0 652.0 305.0 732.0 975.0 1438.0 455.0 
270.0 300.0 249.0 278.0 309.0 314.0 283.0 87.0 185.0 155.0 174.0 466.0 250.0 428.0 401.0 509.0 250.0 187.0 0 461.0 695.0 348.0 775.0 1018.0 1481.0 392.0 
275.0 195.0 220.0 261.0 366.0 269.0 184.0 548.0 646.0 446.0 371.0 135.0 413.0 231.0 364.0 252.0 295.0 418.0 461.0 0 234.0 177.0 416.0 659.0 1122.0 267.0 
509.0 429.0 454.0 495.0 518.0 465.0 412.0 782.0 880.0 680.0 605.0 287.0 647.0 379.0 344.0 232.0 529.0 652.0 695.0 234.0 0 347.0 568.0 811.0 1274.0 343.0 
240.0 222.0 127.0 200.0 485.0 380.0 161.0 435.0 533.0 361.0 308.0 312.0 300.0 408.0 187.0 161.0 234.0 305.0 348.0 177.0 347.0 0 593.0 836.0 1299.0 444.0 
589.0 509.0 622.0 575.0 598.0 545.0 546.0 862.0 960.0 760.0 685.0 367.0 727.0 463.0 780.0 668.0 609.0 732.0 775.0 416.0 568.0 593.0 0 243.0 706.0 499.0 
832.0 752.0 865.0 818.0 841.0 788.0 789.0 1105.0 1203.0 1003.0 928.0 610.0 970.0 706.0 1023.0 911.0 852.0 975.0 1018.0 659.0 811.0 836.0 243.0 0 463.0 742.0 
1295.0 1215.0 1328.0 1281.0 1304.0 1251.0 1252.0 1568.0 1666.0 1466.0 1391.0 1073.0 1433.0 1169.0 1486.0 1374.0 1315.0 1438.0 1481.0 1122.0 1274.0 1299.0 706.0 463.0 0 1205.0 
206.0 222.0 473.0 288.0 215.0 162.0 397.0 479.0 577.0 377.0 302.0 132.0 518.0 36.0 631.0 519.0 298.0 455.0 392.0 267.0 343.0 444.0 499.0 742.0 1205.0 0 
