26
deposit exempt enter gate audience headline honor brake likely market mixture throne circulation feature output nationalist voice opposed excuse guarantee king page injury approval skeleton pace
0 30.14386 15.91514 47.449540000000006 62.47649 45.49349 51.56175 41.90065 47.67823 65.79733999999999 61.61672 79.06981999999999 69.94803999999999 48.49478 51.34024 46.06342 54.81261 36.50248 61.09232 52.444050000000004 42.13638 59.17596 36.26041 23.36991 29.25508 81.88084 
30.14386 0 14.228720000000001 55.813559999999995 37.78332 20.35225 49.875330000000005 16.759410000000003 33.583600000000004 40.70679 49.92058 58.76989 46.510630000000006 23.353540000000006 31.040309999999998 20.922180000000004 55.23714 11.36124 35.95108 30.35409 28.04175 45.08133 33.71526 37.747789999999995 40.72059 56.7396 
15.91514 14.228720000000001 0 63.36468 47.00942 29.57835 35.646609999999995 25.98551 42.80970000000001 54.93551 59.14668 65.30057 55.73673 32.57964 45.26903 30.14828 64.46324 20.58734 45.17718 36.52891 37.26785 54.307430000000004 47.94398 39.28505 45.17022 65.9657 
47.44954 55.813559999999995 63.36468 0 31.23569 48.66676 61.03207999999999 39.05415 37.11214 55.231249999999996 56.564840000000004 68.32031 59.381949999999996 45.64828 53.80391 43.21692 51.767250000000004 44.45232 25.38469 77.1208 42.65398999999999 53.78646 31.20853 24.07963 38.21386 79.03434 
62.47649 37.78332 47.00942 31.23569 0 17.43107 64.10427 27.96107 49.2881 65.10824 61.12224 62.294630000000005 57.932249999999996 34.5552 36.18457 32.12384 38.645070000000004 33.35924 19.35901 63.134789999999995 43.74625 42.38056 51.099540000000005 42.89205 58.104870000000005 67.94126 
45.49349 20.35225 29.57835 48.66676 17.43107 0 60.87025 10.53 36.158680000000004 54.27779 43.69117 45.11495 40.50118 17.12413 51.39256 14.69277 56.076139999999995 15.92817 36.790079999999996 45.703720000000004 30.61683 47.65641 37.58022 49.383300000000006 44.58555 50.510189999999994 
51.561749999999996 49.87532999999999 35.646609999999995 61.03208 64.10427 60.87025 0 50.34025 61.260769999999994 79.37987999999999 83.50142 57.698260000000005 83.53057999999999 56.93438 62.18458 54.50302 52.23801 44.94208 44.74526 72.17552 55.71892 72.7585 77.39047 36.95245 75.11807999999999 88.59402 
41.90065 16.759410000000003 25.98551 39.05415 27.96107 10.53 50.34025 0 27.620530000000002 45.73964 33.16117 55.644949999999994 49.89034 6.59413 47.79972 4.16277 49.27407 5.39817 29.988010000000003 42.11088 22.078680000000002 39.11826000000001 27.05022 40.845150000000004 34.05555 39.98019 
47.67823 33.583600000000004 42.8097 37.11214 49.2881 36.15868 61.260769999999994 27.620530000000002 0 18.11911 46.87904 61.046229999999994 22.26981 34.21466 47.70359 31.783300000000004 55.75102 22.222360000000002 40.11485 40.919830000000005 5.54185 16.67432 25.10821 24.308320000000002 30.09337 67.60072 
65.79734 40.70679 54.93551 55.23125 65.10824 54.27779 79.37988 45.73964 18.11911 0 28.75993 52.391239999999996 40.38892 52.33377 35.24984 49.90241 68.90073 40.34147 58.23396 59.03894 23.66096 34.79343 43.22732 42.42743 48.21248 61.659279999999995 
61.61672 49.92058 59.146679999999996 56.564840000000004 61.12224 43.69117 83.50142 33.16117 46.87904 28.75993 0 75.68127 69.14885000000001 39.7553 47.95169 37.32394 40.1408 38.55934 63.14918 75.27205 52.42089 63.553360000000005 25.35631 71.18736 32.36164 64.39117 
79.06982 58.769890000000004 65.30057 68.32031 62.29463 45.11495 57.698260000000005 55.64495 61.046229999999994 52.391239999999996 75.68127000000001 0 83.31603999999999 62.23908 27.729580000000002 59.80772 70.07958 61.04312 42.93562 89.12398 55.50438 72.54396 50.324960000000004 59.48538 57.330290000000005 54.13902 
69.94804 46.510630000000006 55.73673 59.38195 57.932249999999996 40.50118 83.53058 49.89034 22.26981 40.38892 69.14885 83.31604 0 56.48447 69.9734 54.053110000000004 78.02083 44.49217 49.70678 63.18964 27.81166 38.94413 47.37802 46.57813 52.36318 89.87053 
48.49478 23.35354 32.57964 45.64828 34.5552 17.12413 56.934380000000004 6.59413 34.21466 52.33377 39.7553 62.23908 56.48447 0 54.39385 2.43136 55.8682 11.9923 29.80451 48.70501 28.672810000000002 45.71239 33.64435 47.439280000000004 40.649680000000004 38.24878 
51.34024000000001 31.040309999999998 45.269029999999994 53.80391 36.18457 51.392559999999996 62.18458 47.79971999999999 47.70359 35.24984 47.95169 27.729580000000002 69.9734 54.39384999999999 0 51.962489999999995 42.35 42.40154999999999 47.42193999999999 61.39439999999999 50.522270000000006 64.37791 22.59538 31.755800000000004 29.60071 36.99762 
46.06342 20.92218 30.14828 43.21692 32.12384 14.69277 54.50301999999999 4.16277 31.7833 49.90241 37.32394 59.807719999999996 54.053110000000004 2.43136 51.96249 0 53.436840000000004 9.56094 28.98842 46.27365 26.24145 43.28103 31.212989999999998 45.00792 38.21832 35.81742 
54.81261 55.23714 64.46324 51.767250000000004 38.645070000000004 56.07614 52.238009999999996 49.27407 55.75102 68.90073 40.1408 70.07957999999999 78.02082999999999 55.8682 42.35 53.436840000000004 0 43.8759 29.47182 80.58861 50.20917 67.24875 61.21235 31.4427 68.21768 79.34762 
36.50248 11.36124 20.58734 44.45232 33.35924 15.92817 44.94208 5.39817 22.222360000000002 40.34147 38.55934 61.04312 44.49217 11.9923 42.40155 9.56094 43.8759 0 24.589840000000002 36.71271 16.68051 33.72009 32.44839 35.44698 30.176 45.37836 
61.09232 35.951080000000005 45.17718 25.38469 19.35901 36.79008 44.74526 29.988010000000003 40.114850000000004 58.23396 63.14918 42.93562 49.70678 29.80451 47.42194 28.98842 29.47182 24.589840000000002 0 61.30255 34.573 51.61258 41.92629 49.46432 48.93162 64.80584 
52.444050000000004 30.35409 36.52891 77.1208 63.13479 45.703720000000004 72.17552 42.11088 40.919830000000005 59.038940000000004 75.27205000000001 89.12398 63.189640000000004 48.70501 61.3944 46.27365 80.58861 36.71271 61.302550000000004 0 41.28509 24.24551 64.06935 60.051559999999995 66.88871 82.09107 
42.13638 28.041750000000004 37.26785 42.65399 43.74625 30.61683 55.71892 22.078680000000002 5.54185 23.66096 52.42089 55.50438 27.81166 28.672810000000002 50.522270000000006 26.24145 50.20917 16.68051 34.573 41.28509 0 17.03958 30.65006 18.76647 35.63522 62.05887 
59.17596 45.081329999999994 54.30743 53.786460000000005 42.38056 47.65641 72.7585 39.11826 16.67432 34.79343 63.55336 72.54396 38.94413 45.71239 64.37791 43.28103 67.24875 33.72009 51.61258 24.24551 17.03958 0 41.78253 35.80605 46.76769 79.09845 
36.26041 33.71526 47.94398 31.20853 51.099540000000005 37.58022 77.39047000000001 27.05022 25.10821 43.22732 25.35631 50.324960000000004 47.37802 33.644349999999996 22.59538 31.212989999999998 61.21235 32.44839 41.92629 64.06935 30.65006 41.78253 0 49.41653 7.00533 59.593 
23.36991 37.74779 39.28505 24.07963 42.89205 49.3833 36.95245 40.845150000000004 24.308320000000002 42.42743 71.18736 59.48538 46.57813 47.439280000000004 31.7558 45.007920000000006 31.4427 35.44698 49.46432 60.051559999999995 18.76647 35.80605 49.41653 0 52.62499 68.75342 
29.25508 40.72059 45.17022 38.21386 58.104870000000005 44.58555 75.11807999999999 34.05555 30.09337 48.21248 32.36164 57.33029 52.36318 40.64968 29.60071 38.21832 68.21768 30.176 48.93162 66.88871 35.635220000000004 46.76769 7.00533 52.62499 0 66.59833 
81.88083999999999 56.739599999999996 65.9657 79.03434 67.94126 50.51019 88.59401999999999 39.98019 67.60072 61.659279999999995 64.39117 54.13902 89.87053 38.24878 36.99762 35.81742 79.34761999999999 45.37836 64.80584 82.09107 62.05887 79.09845 59.592999999999996 68.75341999999999 66.59832999999999 0 
