51
C22 C59 C56 C27 C69 C21 C17 C58 C24 C50 C42 C14 C6 C47 C20 C5 C93 C94 C46 C29 C96 C84 C81 C40 C83 C11 C44 C53 C98 C35 C76 C75 C85 C87 C97 C1 C55 C28 C77 C36 C26 C34 C70 C9 C89 C39 C67 C95 C12 C25 C0
0 15082.528349999999 15096.145659999998 54362.98714 15065.87246 422152.94665999996 908297.73499 15088.83196 214011.96077 15128.225629999999 15408.30878 2052026.43056 4980293.38352 15172.02382 198657.80075 4442605.0448900005 15060.95614 15061.06254 15612.2883 51898.79932 15060.9901 15061.37611 15061.25174 15389.3794 15061.19365 118346.57562 15074.42265 15130.0185 15061.10788 15409.13108 15061.37102 15061.128789999999 15061.09932 15061.01522 15061.075159999999 4042508.48068 15100.458509999999 25375.80029 15061.14606 20150.63657 25705.49947 19136.47685 15061.30618 5035278.63622 15061.617779999999 16658.30001 15061.79667 15061.03781 1179472.61148 21886.899919999996 21534656.41463 
15082.528349999999 0 56.71223 39323.58953999999 26.48853 407113.53083999996 893258.04758 49.41614 198972.54494999998 88.82803 368.92485 2036986.88858 4965253.914679999 132.608 183618.40315 4427565.607530001 21.57221 21.63638 572.86214 36859.383499999996 21.60617 21.6887 21.81831 349.99547 21.79605 103307.13641 34.98529 90.60267999999999 21.42047 369.74715 21.93759 21.71297 21.6835 21.617620000000002 21.67756 4027468.79327 61.04268999999999 10336.41636 21.712629999999997 5111.25264 10666.030630000001 4097.06103 21.92225 5020239.23862 21.93037 1618.83117 22.41274 21.60438 1164433.14264 6847.431079999999 21519616.998809997 
15096.14566 56.71223 0 39337.162209999995 40.10584 407126.99218 893271.91887 62.87748 198986.00629 102.4007 382.54215999999997 2037000.6636599998 4965267.46268 146.25691999999998 183632.02023999998 4427579.27799 35.18952 35.1609 586.38666 36872.84484 35.15556 35.47682 35.32178 363.54485999999997 35.32065 103320.75069 48.65575 104.2516 35.29176 383.29654 35.44106 35.17431 35.14484 35.248599999999996 35.25023 4027482.58139 74.50403 10350.033669999999 35.2161 5124.86995 10679.57863 4110.7099499999995 35.53956 5020252.81129 35.80166 1632.37917 36.03005 35.10785 1164446.69064 6860.97908 21519630.46015 
54362.98714 39323.58953999999 39337.16220999999 0 39306.94731999999 446393.97326999996 932538.79618 39329.85857 238252.98738 39369.06245 39649.38363999999 2076267.49026 5004534.34022 39413.098679999996 222898.73005999997 4466846.11975 39302.030999999995 39302.10741 39853.33317 76139.82592999999 39302.006649999996 39302.3314 39302.26828999999 39630.39595 39302.03047 142587.41244 39315.497509999994 39371.09336 39302.169069999996 39650.14762999999 39302.259549999995 39302.155399999996 39302.125929999995 39301.971919999996 39301.91198 4066749.43597 39341.48512 49616.87514999999 39302.16260999999 44391.711429999996 49946.45616999999 43377.55170999999 39302.38103999999 4980915.64908 39302.54103 40899.256709999994 39302.87153 39302.054359999995 1203713.56818 46127.85661999999 21558897.441239998 
15065.87246 26.488529999999997 40.10584 39306.94732 0 407096.90683999995 893241.69517 32.792139999999996 198955.92095 72.18581 342.43632 2036970.39074 4965237.3437 115.984 183601.76093 4427549.00507 4.916320000000001 5.0227200000000005 556.24848 36842.7595 4.95028 5.33629 5.21192 333.33958 5.15383 103290.5358 18.38283 73.97868 5.068060000000001 353.09126 5.3312 5.08897 5.0595 4.9754 5.03534 4027452.44086 44.41869 10309.92783 5.10624 5094.596750000001 10649.459649999999 4080.4370299999996 4.73396 5020222.5964 5.57796 1602.26019 5.22445 4.997990000000001 1164416.57166 6830.8601 21519600.37481 
422152.94665999996 407113.53083999996 407126.99218 446393.97326999996 407096.90684 0 1300328.73748 407119.57998 606042.70879 407159.21176 407439.34316 2444057.38688 5372324.31829 407202.98014 590688.72274 4834636.00121 407091.99052 407092.01651 407643.24227 443929.54734 407092.01116999995 407092.33243 407092.17738999997 407420.40046999994 407092.02314999996 510377.56174999994 407105.37897 407160.97482 407092.11036999995 407440.15215 407092.29667 407091.87681 407091.84734 407092.00135 407092.06129 4434539.437 407131.20652999997 417406.83466999995 407092.07171 412181.67095 417736.43424 411167.43317 407092.34056 5427309.62235 407092.53371 408689.23478 407092.83105 407091.96346 1571503.54625 413917.83469 21926687.16265 
908297.73499 893258.04758 893271.91887 932538.79618 893241.69517 1300328.7374800001 0 893264.62278 1092187.75159 893304.03467 893584.1314899999 2930202.09522 5858469.12132 893347.81464 1076833.60979 5320780.81417 893236.77885 893236.84302 893788.06878 930074.59014 893236.81281 893236.89534 893237.02495 893565.20211 893237.00269 996522.34305 893250.19193 893305.80932 893236.62711 893584.95379 893237.14423 893236.91961 893236.89014 893236.82426 893236.8842 4920683.99991 893276.24933 903551.6229999999 893236.91927 898326.45928 903881.2372699999 897312.26767 893237.1288899999 5913454.4452599995 893237.13701 894834.03781 893237.6193799999 893236.81102 2057648.34928 900062.63772 22412832.20545 
15088.83196 49.41614 62.87748 39329.85857 32.792139999999996 407119.57998 893264.62278 0 198978.59409 95.09706 375.22846 2036993.27218 4965260.20359 138.86544 183624.60804 4427571.88651 27.87582 27.901809999999998 579.12757 36865.43264 27.896469999999997 28.21773 28.06269 356.28576999999996 27.90845 103313.44705 41.264269999999996 42.60671 27.99567 376.03745 28.18197 27.76211 27.73264 27.88665 27.946589999999997 4027475.3223 67.09183 10342.71997 27.957009999999997 5117.55625 10672.31954 4103.31847 28.225859999999997 5020245.50765 28.41901 1625.12008 28.71635 27.84876 1164439.4315499999 6853.71999 21519623.04795 
214011.96077 198972.54494999998 198986.00629 238252.98738 198955.92095 606042.70879 1092187.75159 198978.59409 0 199018.22587 199298.35727 2235916.40099 5164183.3324 199061.99425000002 382547.73685 4626495.01532 198951.00463000004 198951.03062 199502.25638 235786.28145 198951.02528 198951.34654 198951.19150000002 199279.41458 198951.03726 302236.57586 198964.39308 199019.98893 198951.12448 199299.16626 198951.31078 198950.89092 198950.86145000003 198951.01546 198951.0754 4226398.45111 198990.22064 209265.84878 198951.08582 204040.68506000002 209595.44835 203026.44728 198951.35467 5219168.63646 198951.54782 200548.24889 198951.84516 198950.97757000002 1363362.56036 205776.84879999998 21718546.17676 
15128.225629999999 88.82802999999998 102.40069999999999 39369.06245 72.18580999999999 407159.21176 893304.03467 95.09706 199018.22587 0 414.62212999999997 2037032.72875 4965299.57871 178.33717 183663.96855 4427611.35824 67.26948999999999 67.34589999999999 618.57166 36905.064419999995 67.24513999999999 67.56989 67.50677999999999 395.63444 67.26895999999999 103352.65093 80.73599999999999 136.33184999999997 67.40755999999999 415.38612 67.49804 67.39389 67.36442 67.21041 67.15047 4027514.67446 106.72361 10382.11364 67.40109999999999 5156.94992 10711.69466 4142.7901999999995 67.61952999999998 5020284.71153 67.77951999999999 1664.4951999999998 68.11001999999999 67.29284999999999 1164478.80667 6893.095109999999 21519662.679729998 
15408.30878 368.92485 382.54215999999997 39649.38364 342.43632 407439.34316 893584.1314899999 375.22846 199298.35727 414.62212999999997 0 2037312.82706 4965579.7800199995 458.42031999999995 183944.19725 4427891.44139 347.35264 347.45903999999996 898.6848 37185.19581999999 347.3866 347.77261 347.64824 675.7759 347.59015 103632.97211999999 360.8191499999999 416.41499999999996 347.50438 695.52758 347.76752 347.52529 347.49582 347.41172 347.47166 4027794.87718 386.85501 9967.49151 347.54256 5437.03307 10991.89597 4422.87335 347.17028 5020565.03272 348.01428 1944.6965099999998 347.66076999999996 347.43431 1164759.00798 7173.29642 21519942.81113 
2052026.43056 2036986.88858 2037000.6636599998 2076267.49026 2036970.39074 2444057.38688 2930202.09522 2036993.27218 2235916.40099 2037032.72875 2037312.82706 0 7002197.901799999 2037076.46404 2220562.31903 6464509.48511 2036965.47442 2036965.50276 2037516.72852 2073803.23954 2036965.50838 2036965.73634 2036965.7697400001 2037293.89768 2036965.69677 2140251.07874 2036978.86287 2037034.45872 2036965.46811 2037313.64936 2036965.88902 2036965.56901 2036965.53954 2036965.5335 2036965.57828 6064412.84091 2037004.89873 2047280.31857 2036965.66406 2042055.15485 2047610.0177499996 2041040.91707 2036965.82446 7057183.13934 2036965.97801 2038562.8182899996 2036966.31495 2036965.55581 3201377.12976 2043791.4181999997 23556560.854849998 
4980293.38352 4965253.914679999 4965267.462679999 5004534.34022 4965237.3437 5372324.31829 5858469.12132 4965260.20359 5164183.3324 4965299.578709999 4965579.7800199995 7002197.901799999 0 4965343.49506 5148829.15383 9392776.37775 4965232.42738 4965232.40788 4965783.63364 5002070.170949999 4965232.402539999 4965232.7238 4965232.568759999 4965560.791839999 4965232.54673 5068517.928699999 4965245.75551 4965301.48974 4965232.49421 4965580.543519999 4965232.688039999 4965232.5004199995 4965232.47095 4965232.3683 4965232.428239999 8992679.82837 4965271.83014 4975547.27153 4965232.463079999 4970322.10781 4975875.59645 4969307.94809 4965232.77742 9985449.9893 4965233.00411 4966828.396989999 4965233.26791 4965232.35483 6129642.708459999 4972056.9969 26484827.78626 
15172.02382 132.608 146.25691999999998 39413.098679999996 115.984 407202.98014 893347.81464 138.86544 199061.99425000002 178.33717 458.42031999999995 2037076.46404 4965343.49506 0 183707.91228999998 4427655.07837 111.06768 111.09602 662.32178 36948.8328 111.10163999999999 111.45576 111.363 439.49093999999997 111.30518999999998 103396.68715999999 124.45613 180.05198 111.18753 459.24262 111.48227999999999 111.16227 111.1328 111.12675999999999 111.18669999999999 4027558.56033 150.49199 10425.91183 111.25731999999999 5200.74811 10755.611009999999 4186.51033 111.41771999999999 5020328.74776 111.69743 1708.4115499999998 111.90821 111.14907 1164522.72302 6937.01146 21519706.44811 
198657.80075 183618.40315 183632.02023999995 222898.73005999997 183601.76093 590688.7227399999 1076833.60979 183624.60803999996 382547.73685 183663.96854999996 183944.19725 2220562.31903 5148829.15383 183707.91228999998 0 4611140.7442499995 183596.84461 183596.95101 184148.17677 220434.57539999997 183596.87857 183597.21855999998 183597.13431999998 183925.26787 183596.69958999997 286882.31853999995 183610.12201 183665.90696999998 183596.98268 183945.01955 183597.16564999998 183596.90486999997 183596.87539999996 183596.78553 183596.81807999997 4211044.32313 183636.23458999995 193911.68876 183597.02863999997 188686.52503999998 194241.26978 187672.36531999998 183597.19465 5203814.37914 183597.21014999997 185194.07032 183597.68514 183596.92038999998 1348008.38179 190422.67023 21703192.19071 
4442605.0448900005 4427565.60753 4427579.277989999 4466846.11975 4427549.005070001 4834636.00121 5320780.814169999 4427571.88651 4626495.01532 4427611.35824 4427891.44139 6464509.48511 9392776.37775 4427655.07837 4611140.7442499995 0 4427544.08875 4427544.117090001 4428095.342850001 4464381.85387 4427544.12271 4427543.91883 4427544.37011 4427872.51201 4427544.22815 4530829.53962 4427556.82228 4427613.07305 4427544.187059999 4427892.2636899995 4427544.50335 4427544.18334 4427544.1538700005 4427544.14783 4427544.20777 8454991.0234 4427583.51306 4437858.9329 4427544.16328 4432633.76918 4438188.4937 4431619.5314 4427544.43879 9447761.76883 4427544.17764 4429141.29424 4427544.92928 4427544.17014 5591955.60571 4434369.89415 25947139.46918 
15060.95614 21.57221 35.18952 39302.030999999995 4.916320000000001 407091.99052 893236.77885 27.87582 198951.00463 67.26949 347.35264 2036965.47442 4965232.42738 111.06768 183596.84461 4427544.08875 0 0.1064 551.3321599999999 36837.843179999996 0.03396 0.41997 0.2956 328.42325999999997 0.23751 103285.61948 13.466510000000001 69.06236 0.15174 348.17494 0.41487999999999997 0.17265 0.14318 0.05908 0.11902 4027447.52454 39.50237 10314.844149999999 0.18991999999999998 5089.68043 10644.54333 4075.52071 0.35004 5020217.68008 0.66164 1597.34387 0.84053 0.08166999999999999 1164411.65534 6825.94378 21519595.45849 
15061.06254 21.63638 35.1609 39302.10741 5.0227200000000005 407092.01651 893236.84302 27.901809999999998 198951.03062 67.3459 347.45903999999996 2036965.50276 4965232.40788 111.09602 183596.95101 4427544.11709 0.1064 0 551.2257599999999 36837.86917 0.10076 0.41381999999999997 0.26698 328.49005999999997 0.27385 103285.69589 13.49485 69.0907 0.21591 348.24174 0.38626 0.19863999999999998 0.16917 0.16548 0.19543 4027447.51839 39.52836 10314.95055 0.1613 5089.78683 10644.52383 4075.54905 0.45643999999999996 5020217.75649 0.72581 1597.3243699999998 0.94693 0.05305 1164411.63584 6825.924279999999 21519595.48448 
15612.2883 572.86214 586.3866599999999 39853.33317 556.2484799999999 407643.24227 893788.06878 579.1275699999999 199502.25638 618.57166 898.6847999999999 2037516.72852 4965783.63364 662.3217799999999 184148.17677 4428095.342850001 551.3321599999999 551.2257599999999 0 37389.09493 551.32652 551.6395799999999 551.4927399999999 879.7158199999999 551.49961 103836.92165 564.7206099999999 620.3164599999999 551.4416699999999 899.4675 551.6120199999999 551.4243999999999 551.3949299999999 551.3912399999999 551.4211899999999 4027998.74415 590.75412 10866.176309999999 551.3870599999999 5641.01259 11195.74959 4626.77481 551.6822 5020768.982249999 551.95157 2148.5501299999996 552.1726899999999 551.2788099999999 1164962.8616 7377.1500399999995 21520146.71024 
51898.79931999999 36859.383499999996 36872.84483999999 76139.82592999999 36842.75949999999 443929.54734 930074.59014 36865.43264 235786.28145 36905.064419999995 37185.19581999999 2073803.23954 5002070.170949999 36948.8328 220434.57539999997 4464381.85387 36837.843179999996 36837.86917 37389.09493 0 36837.863829999995 36838.18509 36838.030049999994 37166.25313 36837.87581 140123.41441 36851.231629999995 36906.82748 36837.96303 37186.00480999999 36838.14932999999 36837.72947 36837.7 36837.854009999995 36837.913949999995 4064285.28966 36877.05919 47152.68732999999 36837.92436999999 41927.52361 47482.28689999999 40913.28582999999 36838.193219999994 5057055.475009999 36838.38637 38435.087439999996 36838.68371 36837.816119999996 1201249.39891 43663.68734999999 21556433.01531 
15060.990099999999 21.60617 35.15556 39302.006649999996 4.95028 407092.01116999995 893236.81281 27.896469999999997 198951.02528 67.24513999999999 347.3866 2036965.50838 4965232.402539999 111.10163999999999 183596.87857 4427544.12271 0.03396 0.10076 551.32652 36837.863829999995 0 0.41668000000000005 0.26164 328.3893 0.21316000000000002 103285.59513 13.50047 69.09631999999999 0.1857 348.14098 0.38092 0.1933 0.16383 0.09304 0.09467 4027447.5212499998 39.523019999999995 10314.87811 0.15596 5089.71439 10644.51849 4075.55467 0.384 5020217.65573 0.68988 1597.3190299999999 0.87449 0.04771 1164411.6305 6825.91894 21519595.47914 
15061.37611 21.6887 35.47682 39302.331399999995 5.33629 407092.33242999995 893236.89534 28.21773 198951.34654 67.56989 347.77261 2036965.73634 4965232.7238 111.45576 183597.21855999998 4427543.91883 0.41997 0.41381999999999997 551.6395799999999 36838.18509 0.41668000000000005 0 0.5829 328.80598 0.53791 103285.66725 13.29659 69.45044 0.26823 348.55766 0.70218 0.51456 0.48509 0.44852 0.41942 4027447.10457 39.84428 10315.26412 0.47722 5090.1004 10644.83975 4075.90879 0.77001 5020217.980479999 0.65195 1597.6402899999998 1.2605 0.36897 1164411.9517599999 6826.240199999999 21519595.8004 
15061.25174 21.81831 35.32178 39302.26829 5.21192 407092.17738999997 893237.02495 28.06269 198951.19150000002 67.50677999999999 347.64824 2036965.76974 4965232.568759999 111.363 183597.13431999998 4427544.37011 0.2956 0.26698 551.4927399999999 36838.030049999994 0.26164 0.5829 0 328.65094 0.43473 103285.85677 13.74787 69.35768 0.39783999999999997 348.40262 0.54714 0.35952 0.33005 0.35468 0.35631 4027447.68747 39.68924 10315.13975 0.32218 5089.97603 10644.68471 4075.81603 0.64564 5020217.91737 0.90774 1597.48525 1.13613 0.21393 1164411.79672 6826.08516 21519595.64536 
15389.3794 349.99546999999995 363.54485999999997 39630.39595 333.33958 407420.40047 893565.20211 356.28576999999996 199279.41458 395.63444 675.7759 2037293.89768 4965560.79184 439.49093999999997 183925.26786999998 4427872.51201 328.42325999999997 328.49005999999997 879.7158199999999 37166.25313 328.3893 328.80598 328.65094 0 328.60246 103613.98443 341.88977 397.48562 328.575 676.53028 328.77022 328.5826 328.55313 328.48233999999997 328.48397 4027775.91055 367.91232 10643.26741 328.54526 5418.10369 10972.90779 4403.943969999999 328.77329999999995 5020546.04503 329.07918 1925.70833 329.26379 328.43701 1164740.0198 7154.308239999999 21519923.86844 
15061.19365 21.79605 35.32065 39302.03047 5.153829999999999 407092.02314999996 893237.00269 27.90845 198951.03726 67.26895999999999 347.59015 2036965.69677 4965232.54673 111.30519 183596.69958999997 4427544.22815 0.23751 0.27385 551.49961 36837.87581 0.21316000000000002 0.53791 0.43473 328.60246 0 103285.61895 13.605910000000002 69.29987 0.37557999999999997 348.35414000000003 0.46606 0.20528 0.17581 0.17843 0.11849 4027447.64248 39.535 10315.08166 0.32905 5089.91794 10644.66268 4075.7582199999997 0.58755 5020217.67955 0.51056 1597.4632199999999 1.07804 0.2208 1164411.77469 6826.06313 21519595.491120003 
118346.57561999999 103307.13640999999 103320.75069 142587.41244 103290.53579999998 510377.56175 996522.34305 103313.44704999999 302236.57586 103352.65092999999 103632.97211999998 2140251.07874 5068517.9287 103396.68715999999 286882.31854 4530829.53962 103285.61948 103285.69589 103836.92164999999 140123.41440999997 103285.59513 103285.66725 103285.85677 103613.98443 103285.61894999999 0 103298.91738 103354.68183999999 103285.71594 103633.73611 103285.84803 103285.74387999998 103285.71440999999 103285.56039999999 103285.50046 4130732.77182 103325.07359999999 113600.46362999998 103285.75108999999 108375.29991 113930.04464999998 107361.14018999999 103285.96951999998 5123503.06152 103286.12950999998 104882.84519 103286.46000999998 103285.64284 1267697.15666 110111.4451 21622881.029719997 
15074.42265 34.98529 48.65575 39315.497509999994 18.38283 407105.37896999996 893250.19193 41.26427 198964.39308 80.736 360.81915 2036978.86287 4965245.75551 124.45613 183610.12201 4427556.82228 13.466510000000001 13.49485 564.72061 36851.231629999995 13.50047 13.29659 13.74787 341.88977 13.605910000000002 103298.91738 0 82.45081 13.564820000000001 361.64144999999996 13.88111 13.561100000000001 13.531630000000002 13.525590000000001 13.58553 4027460.40116 52.89082 10328.31066 13.54104 5103.14694 10657.87146 4088.9091599999997 13.81655 5020231.14659 13.5554 1610.6719999999998 14.30704 13.5479 1164424.98347 6839.2719099999995 21519608.84694 
15130.0185 90.60267999999999 104.2516 39371.09336 73.97868 407160.97482 893305.80932 42.60671 199019.98893 136.33184999999997 416.41499999999996 2037034.45872 4965301.48974 180.05198 183665.90696999998 4427613.07305 69.06236 69.0907 620.31646 36906.82748 69.09631999999999 69.45044 69.35768 397.48562 69.29986999999998 103354.68183999999 82.45081 0 69.18221 417.2373 69.47695999999999 69.15695 69.12748 69.12143999999999 69.18137999999999 4027516.55501 108.48667 10383.90651 69.252 5158.74279 10713.60569 4144.50501 69.41239999999999 5020286.74244 69.69211 1666.4062299999998 69.90289 69.14375 1164480.7177 6895.0061399999995 21519664.442789998 
15061.10788 21.42047 35.29176 39302.169069999996 5.06806 407092.11036999995 893236.62711 27.99567 198951.12448 67.40756 347.50437999999997 2036965.46811 4965232.49421 111.18753 183596.98268 4427544.18706 0.15174 0.21591 551.4416699999999 36837.96303 0.1857 0.26823 0.39783999999999997 328.575 0.37557999999999997 103285.71594 13.564820000000001 69.18221 0 348.32668 0.51712 0.2925 0.26303 0.19715 0.25709 4027447.3728 39.62222 10314.99589 0.29216 5089.832170000001 10644.61016 4075.64056 0.50178 5020217.81815 0.5099 1597.4107 0.99227 0.18391 1164411.72217 6826.010609999999 21519595.578339998 
15409.13108 369.74715 383.29654 39650.14763 353.09126 407440.15215 893584.95379 376.03745 199299.16626 415.38612 695.52758 2037313.64936 4965580.54352 459.24262 183945.01955 4427892.2636899995 348.17494 348.24174 899.4675 37186.00481 348.14098 348.55766 348.40262 676.53028 348.35414000000003 103633.73611 361.64144999999996 417.2373 348.32668 0 348.5219 348.33428 348.30481 348.23402 348.23565 4027795.66223 387.664 10663.01909 348.29694 5437.85537 10992.65947 4423.69565 348.52497999999997 5020565.796709999 348.83086000000003 1945.4600099999998 349.01547 348.18869 1164759.7714799999 7174.05992 21519943.62012 
15061.37102 21.93759 35.44106 39302.259549999995 5.3312 407092.29666999995 893237.14423 28.18197 198951.31078 67.49804 347.76752 2036965.88902 4965232.688039999 111.48227999999999 183597.16564999998 4427544.50335 0.41487999999999997 0.38626 551.6120199999999 36838.14933 0.38092 0.70218 0.54714 328.77022 0.46606 103285.84803 13.88111 69.47695999999999 0.51712 348.5219 0 0.4788 0.44933 0.40751 0.34757 4027447.80675 39.80852 10315.25903 0.44146 5090.09531 10644.80399 4075.93531 0.7649199999999999 5020217.9086299995 0.97662 1597.6045299999998 1.25541 0.33321 1164411.916 6826.2044399999995 21519595.76464 
15061.128789999999 21.71297 35.17431 39302.155399999996 5.08897 407091.87681 893236.91961 27.76211 198950.89092 67.39389 347.52529 2036965.56901 4965232.5004199995 111.16226999999999 183596.90487 4427544.18334 0.17265 0.19863999999999998 551.4244 36837.72947 0.1933 0.51456 0.35952 328.5826 0.20528 103285.74388 13.561100000000001 69.15695 0.2925 348.33428 0.4788 0 0.02947 0.18348 0.24342 4027447.61913 39.38866 10315.0168 0.25384 5089.85308 10644.61637 4075.6153 0.52269 5020217.8044799995 0.71584 1597.41691 1.01318 0.14559 1164411.72838 6826.01682 21519595.34478 
15061.09932 21.6835 35.14484 39302.125929999995 5.0595 407091.84734 893236.89014 27.73264 198950.86145000003 67.36442 347.49582 2036965.53954 4965232.47095 111.1328 183596.8754 4427544.1538700005 0.14318 0.16917 551.3949299999999 36837.7 0.16383 0.48509 0.33005 328.55313 0.17581 103285.71441 13.53163 69.12748 0.26303 348.30481 0.44933 0.02947 0 0.15401 0.21395 4027447.58966 39.35919 10314.98733 0.22437 5089.82361 10644.5869 4075.58583 0.49322 5020217.77501 0.68637 1597.38744 0.98371 0.11612 1164411.6989099998 6825.987349999999 21519595.31531 
15061.01522 21.617620000000002 35.248599999999996 39301.971919999996 4.9754 407092.00135 893236.82426 27.88665 198951.01546 67.21041 347.41172 2036965.5335 4965232.3683 111.12675999999999 183596.78553 4427544.14783 0.05908 0.16548000000000002 551.3912399999999 36837.854009999995 0.09304 0.44852 0.35468 328.48233999999997 0.17842999999999998 103285.5604 13.525590000000001 69.12143999999999 0.19715 348.23402 0.40751 0.18348 0.15401 0 0.05993999999999999 4027447.55309 39.5132 10314.90323 0.249 5089.73951 10644.48425 4075.57979 0.40912 5020217.621 0.68899 1597.28479 0.89961 0.14075 1164411.59626 6825.8847 21519595.46932 
15061.07516 21.67756 35.25023 39301.91198 5.03534 407092.06129 893236.8842 27.94659 198951.0754 67.15047 347.47166 2036965.57828 4965232.428239999 111.1867 183596.81808 4427544.20777 0.11901999999999999 0.19543 551.4211899999999 36837.913949999995 0.09467 0.41942 0.35631 328.48397 0.11849 103285.50046 13.58553 69.18138 0.25709 348.23565 0.34757 0.24342 0.21395 0.05993999999999999 0 4027447.52399 39.573139999999995 10314.963169999999 0.25063 5089.79945 10644.544189999999 4075.63973 0.46906 5020217.56106 0.62905 1597.3447299999998 0.95955 0.14238 1164411.6562 6825.94464 21519595.52926 
4042508.48068 4027468.79327 4027482.58139 4066749.43597 4027452.44086 4434539.437 4920683.99991 4027475.3223 4226398.45111 4027514.67446 4027794.87718 6064412.84091 8992679.82837 4027558.56033 4211044.32313 8454991.0234 4027447.52454 4027447.51839 4027998.7441499997 4064285.28966 4027447.52125 4027447.10457 4027447.68747 4027775.91055 4027447.64248 4130732.7718199994 4027460.40116 4027516.55501 4027447.3728 4027795.66223 4027447.80675 4027447.61913 4027447.58966 4027447.55309 4027447.52399 0 4027486.9488500003 4037762.36869 4027447.5817899997 4032537.20497 4038091.94432 4031523.0133599997 4027447.87458 9047665.08505 4027447.7565200003 4029044.74486 4027448.36507 4027447.47354 5191859.05633 4034273.34477 25547042.90497 
15100.458509999999 61.04268999999999 74.50403 39341.48512 44.41868999999999 407131.20652999997 893276.24933 67.09183 198990.22064 106.72361 386.85501 2037004.89873 4965271.830139999 150.49199 183636.23458999998 4427583.51306 39.50236999999999 39.52836 590.75412 36877.05919 39.523019999999995 39.84428 39.68924 367.91231999999997 39.535 103325.0736 52.89082 108.48667 39.62221999999999 387.664 39.80852 39.38866 39.35919 39.5132 39.573139999999995 4027486.94885 0 10354.34652 39.58356 5129.1828000000005 10683.94609 4114.94502 39.85240999999999 5020257.1342 40.045559999999995 1636.7466299999999 40.34289999999999 39.47531 1164451.0580999998 6865.34654 21519634.6745 
25375.80029 10336.416359999997 10350.033669999997 49616.87514999999 10309.92783 417406.83466999995 903551.6229999999 10342.719969999998 209265.84878 10382.11364 9967.49151 2047280.31857 4975547.27153 10425.91183 193911.68876 4437858.9329 10314.844149999999 10314.95055 10866.176309999999 47152.68732999999 10314.87811 10315.264119999998 10315.139749999998 10643.267409999999 10315.08166 113600.46363 10328.31066 10383.906509999999 10314.995889999998 10663.01909 10315.25903 10315.016799999998 10314.987329999998 10314.90323 10314.963169999999 4037762.36869 10354.346519999997 0 10315.034069999998 15404.52458 20959.387479999998 14390.364859999998 10314.661789999998 5030532.52423 10315.505789999997 11912.18802 10315.152279999998 10314.925819999999 1174726.4994899998 17140.78793 21529910.30264 
15061.14606 21.71263 35.2161 39302.16261 5.10624 407092.07171 893236.91927 27.95701 198951.08582 67.4011 347.54256 2036965.66406 4965232.463079999 111.25731999999999 183597.02863999997 4427544.16328 0.18991999999999998 0.1613 551.3870599999999 36837.92437 0.15596 0.47722 0.32218 328.54526 0.32905 103285.75108999999 13.54104 69.252 0.29216 348.29694 0.44146 0.25384 0.22437 0.24899999999999997 0.25063 4027447.5817899997 39.58356 10315.03407 0 5089.87035 10644.57903 4075.71035 0.53996 5020217.81169 0.80206 1597.3795699999998 1.03045 0.10825 1164411.69104 6825.97948 21519595.53968 
20150.63657 5111.25264 5124.869949999999 44391.711429999996 5094.596750000001 412181.67095 898326.45928 5117.55625 204040.68506000002 5156.94992 5437.03307 2042055.15485 4970322.10781 5200.74811 188686.52503999998 4432633.76918 5089.68043 5089.78683 5641.01259 41927.52361 5089.71439 5090.1004 5089.97603 5418.10369 5089.91794 108375.29991 5103.14694 5158.74279 5089.832170000001 5437.85537 5090.09531 5089.85308 5089.82361 5089.73951 5089.79945 4032537.20497 5129.1828000000005 15404.52458 5089.87035 0 15734.22376 9165.20114 5090.03047 5025307.36051 5090.34207 6687.024299999999 5090.52096 5089.7621 1169501.33577 11915.624209999998 21524685.138919998 
25705.49947 10666.03063 10679.578629999998 49946.45617 10649.459649999999 417736.43424 903881.2372699999 10672.31954 209595.44835 10711.69466 10991.89597 2047610.0177499999 4975875.59645 10755.61101 194241.26977999997 4438188.4937 10644.54333 10644.52383 11195.74959 47482.2869 10644.51849 10644.83975 10644.68471 10972.90779 10644.66268 113930.04465 10657.87146 10713.60569 10644.61016 10992.65947 10644.80399 10644.61637 10644.5869 10644.48425 10644.544189999999 4038091.94432 10683.94609 20959.387479999998 10644.579029999999 15734.22376 0 14720.06404 10644.89337 5030862.10525 10645.12006 12229.920320000001 10645.38386 10644.47078 1175054.82441 17187.10363 21530239.902209997 
19136.47685 4097.06103 4110.7099499999995 43377.55171 4080.4370299999996 411167.43317 897312.26767 4103.31847 203026.44728 4142.7901999999995 4422.87335 2041040.91707 4969307.94809 4186.51033 187672.36531999998 4431619.5314 4075.52071 4075.54905 4626.77481 40913.28582999999 4075.55467 4075.90879 4075.81603 4403.94397 4075.7582199999997 107361.14018999999 4088.9091599999997 4144.50501 4075.64056 4423.69565 4075.93531 4075.6153 4075.58583 4075.57979 4075.63973 4031523.0133599997 4114.94502 14390.36486 4075.71035 9165.20114 14720.06404 0 4075.8707499999996 5024293.20079 4076.15046 5672.8645799999995 4076.3612399999997 4075.6021 1168487.17605 10901.464489999998 21523670.901139997 
15061.30618 21.92225 35.53956 39302.38104 4.73396 407092.34056 893237.1288899999 28.225859999999997 198951.35467 67.61953 347.17028 2036965.82446 4965232.77742 111.41771999999999 183597.19465 4427544.43879 0.35004 0.45643999999999996 551.6822 36838.193219999994 0.384 0.77001 0.64564 328.7733 0.58755 103285.96952 13.81655 69.4124 0.50178 348.52497999999997 0.76492 0.52269 0.49322 0.40912 0.46906 4027447.87458 39.85241 10314.66179 0.53996 5090.03047 10644.89337 4075.8707499999996 0 5020218.03012 1.01168 1597.69391 0.65817 0.43171 1164412.00538 6826.29382 21519595.80853 
5035278.63622 5020239.23862 5020252.811289999 4980915.64908 5020222.5964 5427309.62235 5913454.4452599995 5020245.50765 5219168.63646 5020284.71153 5020565.03272 7057183.13934 9985449.9893 5020328.74776 5203814.379139999 9447761.76883 5020217.68008 5020217.75649 5020768.982249999 5057055.475009999 5020217.65573 5020217.980479999 5020217.917369999 5020546.04503 5020217.67955 5123503.06152 5020231.14659 5020286.74244 5020217.818150001 5020565.796709999 5020217.9086299995 5020217.80448 5020217.77501 5020217.621 5020217.56106 9047665.08505 5020257.1342 5030532.52423 5020217.811689999 5025307.36051 5030862.10525 5024293.20079 5020218.03012 0 5020218.19011 5021814.905789999 5020218.52061 5020217.703439999 6184629.217259999 5027043.5057 26539813.09032 
15061.617779999999 21.93037 35.80166 39302.54103 5.57796 407092.53371 893237.13701 28.41901 198951.54782 67.77952 348.01428 2036965.97801 4965233.00411 111.69743 183597.21015 4427544.17764 0.66164 0.72581 551.95157 36838.38637 0.68988 0.65195 0.90774 329.07918 0.51056 103286.12951 13.5554 69.69211 0.5099 348.83086000000003 0.97662 0.71584 0.68637 0.68899 0.62905 4027447.75652 40.045559999999995 10315.50579 0.80206 5090.34207 10645.12006 4076.15046 1.01168 5020218.19011 0 1597.9206 1.50217 0.69381 1164412.23207 6826.520509999999 21519596.00168 
16658.30001 1618.83117 1632.3791699999997 40899.256709999994 1602.26019 408689.23478 894834.03781 1625.1200799999997 200548.24889 1664.4951999999998 1944.6965099999998 2038562.8182899999 4966828.396989999 1708.4115499999998 185194.07032 4429141.29424 1597.34387 1597.3243699999998 2148.5501299999996 38435.087439999996 1597.3190299999999 1597.6402899999998 1597.4852499999997 1925.70833 1597.4632199999999 104882.84519000001 1610.6719999999998 1666.4062299999998 1597.4107 1945.4600099999998 1597.6045299999998 1597.4169099999997 1597.3874399999997 1597.28479 1597.3447299999998 4029044.74486 1636.7466299999996 11912.18802 1597.3795699999998 6687.024299999999 12229.920320000001 5672.8645799999995 1597.69391 5021814.90579 1597.9206 0 1598.1843999999999 1597.2713199999998 1166007.6249499999 8411.32077 21521192.702749997 
15061.79667 22.41274 36.030049999999996 39302.87153 5.22445 407092.83105 893237.6193799999 28.71635 198951.84516 68.11001999999999 347.66076999999996 2036966.31495 4965233.26791 111.90821 183597.68514 4427544.92928 0.84053 0.94693 552.17269 36838.68371 0.87449 1.2605 1.13613 329.26379 1.07804 103286.46001 14.30704 69.90289 0.99227 349.01547 1.25541 1.01318 0.98371 0.89961 0.95955 4027448.36507 40.3429 10315.15228 1.0304499999999999 5090.52096 10645.38386 4076.3612399999997 0.65817 5020218.52061 1.50217 1598.1843999999999 0 0.9222 1164412.49587 6826.78431 21519596.29902 
15061.03781 21.60438 35.10785 39302.054359999995 4.997990000000001 407091.96346 893236.81102 27.84876 198950.97757000002 67.29285 347.43431 2036965.55581 4965232.35483 111.14907 183596.92038999998 4427544.17014 0.08166999999999999 0.05305 551.2788099999999 36837.816119999996 0.04771 0.36897 0.21393 328.43701 0.2208 103285.64284 13.5479 69.14375 0.18391 348.18869 0.33321 0.14559 0.11612 0.14075 0.14238 4027447.47354 39.47531 10314.92582 0.10825 5089.7621 10644.47078 4075.6021 0.43171 5020217.703439999 0.69381 1597.2713199999998 0.9222 0 1164411.58279 6825.87123 21519595.43143 
1179472.61148 1164433.14264 1164446.6906399997 1203713.56818 1164416.57166 1571503.5462499997 2057648.34928 1164439.4315499999 1363362.5603599998 1164478.80667 1164759.00798 3201377.12976 6129642.708459999 1164522.72302 1348008.38179 5591955.60571 1164411.65534 1164411.63584 1164962.8616 1201249.3989099998 1164411.6305 1164411.9517599999 1164411.79672 1164740.0198 1164411.77469 1267697.15666 1164424.98347 1164480.7177 1164411.72217 1164759.7714799999 1164411.916 1164411.7283799998 1164411.6989099998 1164411.59626 1164411.6562 5191859.05633 1164451.0580999998 1174726.4994899998 1164411.69104 1169501.33577 1175054.82441 1168487.17605 1164412.00538 6184629.217259999 1164412.23207 1166007.6249499999 1164412.49587 1164411.58279 0 1171236.22486 22684007.01422 
21886.89992 6847.431079999999 6860.979079999999 46127.85662 6830.8601 413917.83469 900062.63772 6853.71999 205776.84879999998 6893.095109999998 7173.29642 2043791.4182 4972056.9969 6937.01146 190422.67023 4434369.89415 6825.94378 6825.924279999999 7377.1500399999995 43663.68734999999 6825.91894 6826.240199999999 6826.08516 7154.308239999999 6826.063129999999 110111.4451 6839.2719099999995 6895.0061399999995 6826.010609999999 7174.05992 6826.2044399999995 6826.01682 6825.987349999999 6825.8847 6825.944639999999 4034273.34477 6865.34654 17140.78793 6825.979479999999 11915.624209999998 17187.10363 10901.464489999998 6826.293819999999 5027043.5057 6826.520509999999 8411.32077 6826.784309999999 6825.87123 1171236.22486 0 21526421.30266 
21534656.41463 21519616.998809997 21519630.46015 21558897.441239998 21519600.37481 21926687.16265 22412832.20545 21519623.04795 21718546.17676 21519662.679729998 21519942.81113 23556560.854849998 26484827.78626 21519706.44811 21703192.19071 25947139.469179995 21519595.45849 21519595.48448 21520146.71024 21556433.01531 21519595.47914 21519595.8004 21519595.64536 21519923.86844 21519595.491120003 21622881.029719997 21519608.846939996 21519664.442789998 21519595.57834 21519943.62012 21519595.76464 21519595.34478 21519595.31531 21519595.46932 21519595.52926 25547042.90497 21519634.6745 21529910.30264 21519595.53968 21524685.138919998 21530239.902209997 21523670.901139997 21519595.80853 26539813.09032 21519596.00168 21521192.702749997 21519596.299019996 21519595.43143 22684007.01422 21526421.302659996 0 
