25
C35 C41 C44 C10 C33 C20 C45 C8 C48 C19 C1 C23 C3 C49 C38 C24 C31 C7 C16 C4 C46 C37 C40 C36 C0
0 32615.76217 19341.66994 6429550.66387 24152.53588 678945.03343 58868.08994 2071021.85273 46058.63154 385726.90457 35555289.73555 1614216.2838599999 401203.99696 54050.56068 78606.98623 93001.052 105011.17648 3509275.2260499997 2281924.08333 18123559.151479997 47965.55294 11134.30235 49709.9228 100315.93054999999 16889933.287449997 
32615.76217 0 13274.09223 6399135.25908 56768.29805 646329.2712600001 28452.68515 2040606.4479399999 15643.22675 355311.49978 35541399.58519 1583800.87907 370788.59216999996 23635.15589 64716.83587 62585.64721 74595.77169 3497530.35039 2294325.97933 18093143.746689998 17550.14815 23536.19835 19294.51801 72538.92678 16859517.882659998 
19341.66994 13274.09223 0 6410208.99393 43494.20582 659603.3634899999 39526.42 2051680.18279 26716.9616 366385.23462999996 35552473.32004 1594874.61392 381862.32701999997 34708.89074 75790.57072 73659.38206 85669.50653999999 3489933.55611 2301265.7532699998 18104217.48154 28623.883 30475.972289999998 30368.25286 80974.26061 16870591.61751 
6429550.66387 6399135.25908 6410208.99393 0 6453703.19975 7045464.53034 6425387.586850001 8437541.34964 6412578.128450001 6752246.40148 41938334.486889996 7980735.78077 6767723.49387 6420570.05759 6461651.73757 6459520.54891 6324539.48739 9878439.066100001 8691260.88103 24490078.64839 6414485.049850001 6420471.1000500005 6416229.41971 6471674.185860001 23256452.78436 
24152.53588 56768.29805 43494.20582 6453703.19975 0 703097.5693099999 83020.62582 2095174.3886099998 70211.16742 409879.44045 35579442.27143 1638368.81974 425356.53284 78203.09656 102759.52210999999 117153.58787999999 129163.71235999999 3533427.7619299996 2306076.6192099997 18147711.68736 72118.08882 35286.83823 73862.45868 124468.46643 16914085.82333 
678945.03343 646329.2712600001 659603.36349 7045464.53034 703097.5693099999 0 674781.95641 2686935.7192 661972.49801 1001640.77104 36187728.85645 2230130.15033 1017117.8634299999 669964.42715 711046.1071299999 708914.91847 720925.04295 4143859.62165 2940655.2505900003 18739473.01795 663879.41941 669865.46961 665623.78927 718868.19804 17505847.15392 
58868.08994 28452.68515 39526.42 6425387.586850001 83020.62582 674781.95641 0 2066858.77571 19175.01247 350212.0549 35536300.14031 1578701.43419 365689.14729 4817.52926 59617.39099 88837.97498 100848.09946 3523782.6781599997 2320578.3071 18119396.07446 12450.70327 49788.52612 14195.07313 100991.61193 16840700.256029997 
2071021.85273 2040606.4479399999 2051680.18279 8437541.34964 2095174.38861 2686935.7192 2066858.77571 0 2054049.3173099998 2393717.59034 37579805.67575 3622206.96963 2409194.68273 2062041.24645 2103122.92643 2100991.73777 2113001.86225 5535936.44095 4332732.06989 20131549.837249998 2055956.23871 2061942.28891 2057700.60857 2113145.3747199997 18897923.97322 
46058.63154 15643.22675 26716.9616 6412578.128450001 70211.16742 661972.49801 19175.01247 2054049.3173099998 0 359752.00885 35545840.09426 1588241.38814 375229.10124 14357.48321 69157.34494 76028.51658 88038.64106 3510973.21976 2307768.8487 18106586.61606 21990.65722 36979.06772 23735.02708 88182.15353 16850240.20998 
385726.90456999996 355311.49977999995 366385.23462999996 6752246.40148 409879.44044999994 1001640.77104 350212.0549 2393717.5903399996 359752.00885 0 35861610.78867 1904012.08255 690999.79565 345394.52564 384928.03935 415696.78961 427706.91409 3850641.4927899996 2647437.12173 18446254.889089998 337761.35163 376647.34075 339505.72148999997 427850.42655999993 17181277.25241 
35555289.73555 35541399.58519 35552473.320039995 41938334.486889996 35579442.27143 36187728.85644999 35536300.14031 37579805.675749995 35545840.09426 35861610.78867 0 37090100.16796 35873599.14134 35531482.61105 35476682.74932 35601784.87502 35613794.9995 39036729.5782 37814945.21418 53632342.97449999 35523849.43704 35544155.4332 35522105.06718 35613938.51197 52367365.33782 
1614216.2838599999 1583800.87907 1594874.61392 7980735.78077 1638368.81974 2230130.15033 1578701.43419 3622206.96963 1588241.38814 1904012.08255 37090100.16796 0 1919489.17494 1573883.90493 1613417.41864 1644186.1689 1656196.29338 5079130.87208 3875926.50102 19674744.268379997 1566250.73092 1605136.72004 1567995.10078 1656339.8058500001 18409766.631699998 
401203.99695999996 370788.59216999996 381862.32701999997 6767723.49387 425356.53283999994 1017117.8634299999 365689.14729 2409194.68273 375229.10124 690999.79565 35873599.14134 1919489.17494 0 360871.61803 396916.39202 431173.882 443184.00648 3866118.58518 2662914.2141199997 18461731.98148 353238.44402 392124.43314 351494.07416 443327.51894999994 17196754.3448 
54050.56068 23635.15589 34708.89074 6420570.05759 78203.09656 669964.42715 4817.52926 2062041.24645 14357.48321 345394.52564 35531482.61105 1573883.90493 360871.61803 0 54799.861730000004 84020.44572 96030.57019999999 3518965.1489 2315760.77784 18114578.545199998 7633.17401 44970.99686 9377.54387 96174.08267 16835882.72677 
78606.98623 64716.83587 75790.57072 6461651.73757 102759.52210999999 711046.1071299999 59617.39099 2103122.92643 69157.34494 384928.03935 35476682.74932 1613417.41864 396916.39202 54799.861730000004 0 125102.1257 137112.25018 3560046.82888 2338262.46486 18155660.22518 47166.68772 67472.68388 45422.31786 137255.76265 16890682.5885 
93001.052 62585.64721 73659.38206 6459520.54891 117153.58787999999 708914.9184699999 88837.97498 2100991.73777 76028.51658 415696.78961 35601784.87502 1644186.1689 431173.882 84020.44572 125102.1257 0 134981.06152 3557915.64022 2354711.26916 18153529.036519997 77935.43798 83921.48818 79679.80784 135124.57399 16919903.172489997 
105011.17648 74595.77169 85669.50653999999 6324539.48739 129163.71235999999 720925.0429499999 100848.09945999998 2113001.86225 88038.64106 427706.91409 35613794.9995 1656196.29338 443184.00648 96030.57019999999 137112.25017999997 134981.06152 0 3553899.57871 2366721.39364 18165539.161 89945.56245999999 95931.61266 91689.93231999999 147134.69847 16931913.29697 
3509275.2260499997 3497530.35039 3489933.55611 9878439.0661 3533427.7619299996 4143859.62165 3523782.67816 5535936.44095 3510973.21976 3850641.4927899996 39036729.5782 5079130.87208 3866118.5851799995 3518965.1489 3560046.8288799995 3557915.64022 3553899.57871 0 5789655.97234 21588473.739699997 3512880.1411599996 3518866.19136 3514624.5110199996 3570069.2771699997 20354847.875669997 
2281924.08333 2294325.97933 2301265.7532699998 8691260.88103 2306076.6192099997 2940655.2505900003 2320578.3071 4332732.06989 2307768.8487 2647437.12173 37814945.21418 3875926.50102 2662914.2141199997 2315760.77784 2338262.46486 2354711.26916 2366721.39364 5789655.97234 0 20385269.36864 2309675.7701 2270789.7809800003 2311420.13996 2366864.90611 19151643.50461 
18123559.151479997 18093143.746689998 18104217.48154 24490078.64839 18147711.687359996 18739473.01795 18119396.074459996 20131549.837249998 18106586.61606 18446254.889089998 53632342.9745 19674744.268379997 18461731.98148 18114578.545199998 18155660.22518 18153529.036519997 18165539.161 21588473.739699997 20385269.36864 0 18108493.53746 18114479.58766 18110237.90732 18165682.673469998 34950461.27197 
47965.55294 17550.14815 28623.883 6414485.04985 72118.08882 663879.41941 12450.70327 2055956.23871 21990.65722 337761.35163 35523849.43704 1566250.73092 353238.44402 7633.17401 47166.68772 77935.43798 89945.56245999999 3512880.1411599996 2309675.7701 18108493.53746 0 38885.98912 1744.36986 90089.07493 16843515.90078 
11134.30235 23536.19835 30475.972289999998 6420471.1000500005 35286.83823 669865.46961 49788.52612 2061942.28891 36979.06772 376647.34075 35544155.4332 1605136.72004 392124.43314 44970.99686 67472.68388 83921.48818 95931.61266 3518866.19136 2270789.7809800003 18114479.58766 38885.98912 0 40630.35898 96075.12513 16880853.72363 
49709.9228 19294.51801 30368.25286 6416229.41971 73862.45868 665623.78927 14195.07313 2057700.60857 23735.02708 339505.72148999997 35522105.06718 1567995.10078 351494.07416 9377.54387 45422.31786 79679.80784 91689.93231999999 3514624.5110199996 2311420.13996 18110237.90732 1744.36986 40630.35898 0 91833.44479 16845260.270639997 
100315.93054999999 72538.92678 80974.26061 6471674.185860001 124468.46642999999 718868.1980399999 100991.61193 2113145.3747199997 88182.15353 427850.42656 35613938.51197 1656339.8058500001 443327.51895 96174.08267 137255.76265 135124.57399 147134.69847 3570069.2771699997 2366864.90611 18165682.673469998 90089.07493 96075.12513 91833.44479 0 16932056.809439998 
16889933.287449997 16859517.882659998 16870591.61751 23256452.78436 16914085.823329996 17505847.15392 16840700.256029997 18897923.97322 16850240.20998 17181277.25241 52367365.33781999 18409766.6317 17196754.344799995 16835882.72677 16890682.588499997 16919903.172489997 16931913.29697 20354847.875669997 19151643.50461 34950461.27197 16843515.90078 16880853.72363 16845260.270639997 16932056.809439998 0 
