100
Jagna Sishui Milagro Claremont Palm Talipparamba Aklera Sillanwali Milledgeville Ada Tyoply Bavly Mexborough Sceaux Foshan Valletta Resplendor Brunswick Stuttgart Stupino Bensheim Alexandria Sirsi New Malden Chacabuco Azrou Perth Bogovinje Oberhausen UlanUde Palafrugell Polohy Tak Campobasso Yingkou Zaozhuang Skalica Calauan Tiruppuvanam Shagamu Gariadhar Ventimiglia Shaowu Aurora Landshut Tupelo Guli Davis Ramla Barracas An Bobigny Bang Toledo Rhosllanerchrugog PortVila PointeClaire MitryMory Meizhou Memmingen Itacoatiara Viewpark Rutland Mouscron Niort Tupiza Lille Magomeni Sorsogon Puerto Great Brzeg Valday American DehiwalaMount Hermsdorf Clermont Aleshtar Villaquilambre Marburg Jiangyan Lodwar Jashpurnagar Onex Alfenas Bon Uran Ponta Copperas LonsleSaunier Oulmes Kyzylorda Tharu Puducherry WaltonontheNaze Paredes Dahlem GernikaLumo Ilesa
0 988.36052 926.07417 770.68823 993.43588 742.54543 545.41979 975.46697 611.71216 877.07914 2048.99751 577.03528 651.86483 1384.8868499999999 987.35402 1076.16004 1267.40799 1096.63822 667.51392 526.46861 706.90415 929.04241 723.71396 1070.68104 766.99716 956.33113 995.39172 853.91092 1104.27457 1142.14475 1195.93907 1082.39329 636.03544 1338.71418 1214.9013 668.38153 1219.80778 1107.91164 783.13359 1111.85924 912.856 1217.2286 577.88949 1135.1447400000002 576.62258 786.52992 658.58128 1202.06167 1098.87426 1081.82928 963.08354 1182.23547 669.25911 1142.90717 808.57073 661.90281 918.0989 1140.8931499999999 705.04803 650.55569 786.35427 1631.99992 612.37187 1212.73326 565.43192 696.32222 994.38245 1317.74798 900.63977 708.16214 775.446 1300.9913000000001 1388.41986 836.68887 858.12902 1090.77101 859.28144 1476.71457 562.74178 1136.21623 881.98113 761.1526 922.90531 945.84806 1209.68125 997.69448 839.16621 860.50524 1255.43434 1180.2766700000002 1149.05528 1163.8055 1408.2488899999998 1088.73811 876.43714 648.41309 1183.2914700000001 1055.33392 1345.58011 837.43409 
988.36052 0 961.74255 731.3372 562.42099 564.36742 633.59999 549.73146 597.83748 1056.4483300000002 1890.17299 1061.96228 746.43552 1169.62357 654.64482 1087.4976299999998 1073.97138 1143.57307 1147.3045200000001 1028.79888 513.46754 946.45142 783.97163 1193.57618 711.14009 1092.49876 613.04693 639.4127 1122.3183000000001 1135.91075 1174.4867 1030.7959500000002 538.76582 1152.90179 1021.46469 1057.6384600000001 1040.40975 1108.9998 942.40412 1174.0396799999999 1155.55952 1162.93784 501.27944 1058.53469 1175.55095 607.87612 960.0794 1165.2131100000001 705.81622 1057.22965 565.25505 1136.04682 1014.13446 1033.03846 786.73758 792.48312 887.60376 1023.50452 617.24336 651.17981 746.604 1643.3375099999998 1004.6282000000001 1146.05104 1031.7383300000001 1076.3290000000002 982.20881 1224.07333 1124.71316 643.47034 1140.25073 1142.16678 1176.19344 736.27434 580.68551 1024.08879 575.0521 1295.98787 1077.42587 1069.53401 607.3054 989.923 1107.83126 998.40437 1113.44103 1059.92801 1040.68678 718.38029 1167.62967 1078.44023 1072.44523 1029.86934 1214.81228 1022.0558900000001 946.13646 840.25898 1159.3177799999999 1210.31947 1278.8978900000002 1111.039 
926.07417 961.74255 0 1085.51622 1166.70055 1027.26825 1068.00916 1167.0475 683.71763 1115.7425 1996.17497 1163.2906600000001 1150.14676 1106.48983 587.30423 1158.4394 1179.97336 1166.98685 1193.22645 1086.1082099999999 619.46952 503.29066 1106.1498 1199.3527399999998 855.99937 1259.71418 617.83598 963.37509 1035.638 1306.45432 1257.0361699999999 1090.09012 821.30993 1193.06225 1127.46667 1064.9472500000002 1146.41173 1168.2939700000002 904.90807 1107.80606 1198.0574900000001 1268.93982 801.05391 1139.40137 1088.8706499999998 1134.52057 1103.16742 1078.53281 992.0351 1163.23163 1095.37367 1242.0488 1073.42863 1139.04044 1091.6112699999999 528.98618 1026.69688 1086.7912299999998 530.56306 789.04117 595.61358 1714.27928 1087.0294999999999 1205.34521 1230.76719 1135.62317 1050.3124400000002 1291.89483 1072.42263 1227.9343800000001 1137.55899 1248.16876 1300.98523 605.44378 1050.61781 1083.38296 745.59567 1401.98985 1183.42785 1128.82818 783.40944 1091.17268 1072.91196 1119.56703 1054.51906 1115.3231 1099.9809500000001 838.52186 1080.9493699999998 1094.0537199999999 1189.05962 1135.87132 1320.81426 1081.35006 727.68792 1099.07774 1278.03769 1148.55472 1338.19206 1084.79287 
770.68823 731.3372 1085.51622 0 1172.3456299999998 1173.64497 1092.3992600000001 1077.86277 643.32405 1159.74222 1936.8365800000001 1204.5650099999998 1126.4457699999998 1168.8552 998.51709 1182.8295 1192.31515 1239.1269499999999 1144.42633 1110.49831 692.07216 1153.6343200000001 1152.2340199999999 1135.6945099999998 589.59755 1091.5637900000002 1102.33321 970.56237 1060.0281 1135.14238 1175.8309 1123.8080599999998 688.69067 1217.45235 1200.06931 1171.52873 1132.68438 1116.84708 714.90296 1132.19616 1204.6922800000002 1341.5424600000001 917.93749 1200.07913 1113.26075 1125.24332 1155.37986 1102.92291 1157.9355999999998 1204.2699499999999 1166.12526 1314.65144 1109.95128 1211.64308 1148.0232999999998 1101.75231 1145.70365 1111.18133 554.95316 1139.97557 1176.34854 1738.66938 1107.61882 1155.90435 1170.8405899999998 1219.5791 1091.81217 1380.74744 1096.81273 1187.47877 1161.94909 1188.8303700000001 1373.58787 591.92045 1121.33928 1126.46352 574.28373 1389.59117 1098.11884 1318.3214600000001 721.91009 1112.67499 1097.30206 1118.0155 1078.9091600000002 1209.85286 1152.19456 743.01409 1105.33947 1118.44382 1124.02425 1208.47396 1393.4169000000002 1127.9072 989.11843 1184.2156300000001 1160.64995 1172.9448200000002 1397.81591 1192.00005 
993.43588 562.42099 1166.70055 1172.3456299999998 0 1065.99683 1136.55175 1112.15245 749.12855 1180.2646 2058.3829100000003 1102.2118 1017.3114600000001 1141.55861 944.70596 1147.87025 1246.17546 1168.34843 1049.58442 1147.48911 685.67162 1084.6981 1081.3852200000001 1269.45539 755.24316 1119.53836 1129.5801000000001 715.29191 1087.91517 713.40946 1267.64928 1138.46885 911.43186 1228.781 1193.66877 1305.21544 1212.61383 1236.44858 928.25934 1218.2147100000002 1195.8470699999998 1335.14192 760.22307 1145.4801499999999 1084.07187 1153.60113 1078.6408099999999 1188.94146 1061.88221 1153.5394900000001 1020.69623 1308.2509 1036.72771 1205.24254 1168.69912 1116.25603 1184.34835 1048.24333 640.97171 1051.87603 571.08697 1703.71013 1242.44814 1358.53867 1193.77675 1148.80058 1015.69559 1172.68878 1173.3305500000001 1078.70079 1092.26765 1310.3767 1252.07265 580.42518 1143.1064999999999 1102.86783 908.00264 1403.58561 1123.4454 1215.96825 513.85143 1099.86372 1056.92726 1044.4295299999999 1164.92771 1088.59026 1062.97866 910.64634 1191.3580200000001 1204.4623700000002 1164.0410200000001 1202.07342 1387.01636 1213.9257499999999 660.20073 1074.5511299999998 1060.38968 1240.95098 1407.4503300000001 1150.38618 
742.54543 564.36742 1027.26825 1173.64497 1065.99683 0 1130.9549200000001 1114.09888 870.0543 1152.07331 1885.81413 1141.81924 1055.60543 1245.8669599999998 708.13546 1098.531 1086.21329 1272.29946 1194.6428700000001 1078.35099 773.37496 686.35739 1128.8320199999998 1053.2891599999998 860.43433 1080.27409 1136.18757 542.72313 1212.90387 1124.7528699999998 1102.0289 1065.0014099999999 817.42273 786.93389 1281.37211 1107.19057 1300.31717 1090.5197600000001 947.6729 1184.38458 1144.07388 1210.53577 550.83155 1065.61515 1055.03103 1100.17563 1109.45322 1208.8895 625.23738 1192.9097900000002 1081.57438 1164.84359 1052.53567 1292.94588 1095.89231 1031.30858 1039.3219 1166.32276 724.9329 755.46624 968.74666 1654.37088 1054.18031 1216.75733 1033.35648 1043.6072 1089.81527 1210.9827500000001 1058.80268 1069.26631 1129.0911700000001 1137.80792 1079.50387 908.68021 1072.8865700000001 1098.1178300000001 874.63441 1231.01683 1096.95782 1095.7682 552.1454 1120.3317299999999 1114.72561 1061.93295 1192.28937 1078.4261299999998 1170.9717500000002 774.60778 1214.6763 1281.09831 1121.99734 1189.37953 1474.7197 1149.76006 595.99066 1072.48768 1145.1730200000002 1037.94204 1373.1158599999999 1099.3227200000001 
545.41979 633.59999 1068.00916 1092.3992600000001 1136.55175 1130.9549200000001 0 1173.22542 807.75196 1122.59995 1881.07035 1122.45507 1085.94961 1225.74178 509.08175 1066.98726 1064.86874 1087.46544 627.94736 1066.60612 504.3649 837.39253 1027.92732 1150.55015 816.545 1111.65121 1138.95486 966.41331 1042.52104 1220.21054 1165.38406 1156.1844 842.46819 1190.18622 1012.36205 1197.845 1031.30711 1131.70272 927.27753 1114.6891 1128.1250100000002 1153.8352 641.48598 1134.1280700000002 1095.75369 1056.29809 1153.3566500000002 1085.4158499999999 773.9985 1048.12701 1141.90362 1126.94418 1080.39376 1023.9358199999999 1208.2008099999998 934.63676 1123.60178 1014.40188 537.4461 887.06318 765.38958 1622.82714 1138.92253 1268.72723 1110.85171 1067.91759 1136.9029799999998 1214.9706899999999 1079.30567 1079.8714100000002 1144.4420300000002 1133.06414 1185.88061 889.42009 1033.96464 1188.7722600000002 659.35189 1286.8852299999999 1068.32323 1303.59077 903.23117 1098.0557199999998 1079.795 1152.61751 1061.4021 1037.10062 1128.97405 636.03686 1087.83241 1069.3375899999999 1113.9061199999999 1020.7666999999999 1205.70964 1110.40014 862.78643 1176.6942600000002 1175.5055900000002 1155.43776 1314.4777100000001 1019.02673 
975.46697 549.73146 1167.0475 1077.86277 1112.15245 1114.09888 1173.22542 0 870.4028 1195.09398 1863.03699 1160.1173 1110.31114 1169.69855 664.14367 1070.1605 1405.8034499999999 1207.69785 1190.0530899999999 1174.18314 953.78072 1107.54049 1108.4454500000002 1122.89071 827.52424 1017.7642000000001 1028.53362 862.31329 1090.28164 1185.0838899999999 1225.77241 1134.60296 805.58278 1262.68025 1461.77787 1097.60378 1443.7197099999998 1073.00045 567.94529 1251.20998 1119.96246 1280.1373199999998 892.79114 1084.07269 1040.08124 1135.55319 1126.58657 1264.05948 1167.55416 1170.27118 1092.20031 1234.4451399999998 647.60587 1473.3516399999999 1154.2664300000001 1068.69072 1122.9408899999999 1272.3179 716.08973 1145.5852399999999 878.33344 1626.00038 1083.8561399999999 1082.10476 1102.95803 1174.68608 1121.36754 1374.4158699999998 1127.10474 1166.75542 1197.9396 1115.03078 1399.0940300000002 751.49628 1130.41697 1075.98873 624.22524 1550.60699 1148.06035 1207.7809200000002 893.34417 1171.59218 1116.6862099999998 1150.1014799999998 1082.68359 1131.39776 1200.8872999999999 627.4029 1266.47604 1279.58039 1091.6146899999999 1470.1825199999998 1655.12546 1125.70149 714.61195 1135.77128 1095.5515799999998 1107.54359 1386.97174 1174.0886500000001 
611.71216 597.83748 683.71763 643.32405 749.12855 870.0543 807.75196 870.4028 0 597.65984 1990.02521 700.55522 969.7848 1114.27712 584.09517 1167.78637 1324.2199 1341.5419200000001 570.7679 521.68924 865.13447 995.7046 690.22385 1353.4867399999998 753.27487 612.95193 920.07828 1077.4672500000001 1127.78319 1366.28611 1316.73075 549.28323 736.38036 1285.48783 1373.1316199999999 629.97161 1392.0766800000001 1211.70311 750.35695 1261.94006 946.15388 1340.74854 823.50069 1169.75566 760.04138 599.10834 512.05581 1232.66681 1138.60213 1167.23948 895.19767 1487.71375 968.34839 1384.70539 892.71414 557.50144 526.86888 1020.9618399999999 684.69706 649.53012 541.43949 1678.9271800000001 777.17365 1220.80742 588.94054 766.93156 642.13848 1420.07062 680.70643 570.00543 542.41325 1242.019 1332.67573 987.02382 735.0625 743.35696 805.42746 1647.6547999999998 672.10295 1143.09922 911.96192 772.86496 880.8209 558.25743 1202.94852 869.54778 791.8748 1029.3755999999998 1235.0833699999998 1248.18772 799.52277 1381.53627 1566.47921 1231.42436 890.09102 540.89158 950.84764 1276.12379 1327.73404 585.93078 
877.07914 1056.4483300000002 1115.7425 1159.74222 1180.2646 1152.07331 1122.59995 1195.09398 597.65984 0 1392.36537 1047.2305900000001 1074.7753400000001 1203.00864 1181.75501 1050.83288 1179.21276 1235.9193500000001 1096.9637200000002 1057.14637 855.48831 1148.37715 1146.97685 1122.59212 584.34038 1064.3536399999998 1135.86835 669.72785 1109.864 1272.95253 1229.0336200000002 1058.2811900000002 870.59376 1092.28301 1363.4854599999999 1138.38546 1119.5819900000001 1103.74469 895.09096 1080.81274 1214.38863 1386.70026 993.72861 1052.80217 1163.09665 1119.98615 1109.71565 1101.83588 1152.67843 1050.28599 1172.8096 1142.3553000000002 1045.42881 1375.0592299999998 1214.2212100000002 1088.1963 1046.39686 1109.49278 604.78906 1126.87318 1139.09933 1606.67276 1060.8114799999998 1177.34539 1157.7382 1070.13573 1054.0241800000001 1447.75016 1146.64863 1091.98042 1140.0730899999999 644.35916 1206.50859 903.36225 1015.54864 1055.38314 728.27358 1358.02155 1232.8964999999998 1100.82836 788.91281 1027.0296 1131.30478 1087.27388 1128.74506 1041.01666 1071.9811300000001 950.97823 1155.17537 1144.8888000000002 1089.96717 1316.38425 1556.83305 1053.35024 1062.8249700000001 1097.77568 1147.54756 1166.4148599999999 1216.5745000000002 1183.59062 
2048.99751 1890.17299 1996.17497 1936.8365800000001 2058.38291 1885.8141299999997 1881.07035 1863.03699 1990.02521 1392.36537 0 1912.41928 1905.5786199999998 2068.19733 2005.12144 1950.73554 1366.92388 2006.81098 1962.1524100000001 1922.33506 1376.70545 1966.5143 1976.67617 1897.25448 1976.70575 1876.73801 1887.50743 1343.091 1949.25545 1946.31568 1902.3967699999998 1923.46988 2000.1829 1856.58009 1884.7025999999998 2044.6805399999998 1903.64766 1931.97426 1672.33319 1946.0014300000003 1944.44175 2026.1757499999999 1488.32152 1865.98302 1899.05505 1900.5434999999998 2028.5278399999997 2009.2573699999998 1907.9659499999998 1920.46756 1974.7093 1999.2847299999999 1952.7343099999998 1896.27637 1896.2601799999998 2048.11499 2045.61363 1886.74243 1729.22656 2073.97292 2056.09258 2506.57542 1991.67028 1941.0785700000001 1883.90619 1843.97507 1928.9162500000002 2087.31124 2077.77662 1869.63418 2041.13218 748.00621 1879.87174 1987.14655 1880.7373300000002 1941.5104299999998 1655.2260700000002 2031.3846999999998 1940.6637799999999 1896.13607 1996.94097 1892.2182900000003 1915.09348 1862.30082 2151.43812 1893.6524 2031.50718 2077.65737 2015.04417 1941.67814 1955.15586 1893.10725 2078.05019 2054.34693 2080.1212 1968.1429 2089.43685 1974.3411299999998 2081.76319 1899.69059 
577.03528 1061.96228 1163.2906600000001 1204.5650099999998 1102.2118 1141.81924 1122.45507 1160.1173 700.55522 1047.2305900000001 1912.41928 0 1036.82746 1170.61395 1124.33111 1144.35828 1244.49614 1205.59793 1078.63976 1079.68022 683.9923 1172.4833800000001 1233.53715 1263.5039000000002 878.58774 1229.7837 1221.64725 709.34042 1236.73451 1243.9189099999999 1268.64619 1080.81504 523.19646 1114.81686 1191.98945 1093.84694 1210.93451 1217.58668 693.03699 1103.34659 1210.97872 640.19332 942.80937 1134.4532399999998 1113.12721 1229.47981 1212.61103 1375.50679 1274.21537 1156.00704 1088.4434700000002 1164.88915 1065.78305 1203.56322 1171.07298 1193.78242 1169.02914 1077.29867 845.09283 1227.59097 1222.93256 1700.19816 1080.0993 1307.11302 1142.4672 1186.05008 1086.26141 1394.59809 1109.1438 1114.5142700000001 1242.9684699999998 1164.41307 1246.1211600000001 858.79567 954.19436 1131.92317 683.06026 1397.63412 1139.77706 1245.02359 914.46527 1049.56345 1165.20217 1106.27647 1207.77529 1044.3586500000001 1092.034 761.82906 1381.29359 1200.28211 1112.50102 1200.3941 1385.33704 1211.69209 1109.59406 1037.18728 1089.44502 1272.13591 1239.10835 1117.67182 
651.86483 746.43552 1150.14676 1126.4457699999998 1017.3114600000001 1055.60543 1085.94961 1110.31114 969.7848 1074.7753400000001 1905.57862 1036.82746 0 1159.82611 576.86786 1066.53421 1094.2039599999998 1087.0123899999999 1147.04232 1066.1530699999998 610.62335 700.33743 1095.7134299999998 1037.58332 879.18279 1046.6280299999999 1134.7815799999998 562.48762 1120.96228 1126.11329 1121.79339 1108.35979 513.631 1075.97671 1118.6205 1115.8872099999999 1034.57319 1018.7358899999999 924.87791 967.2704 1127.6719600000001 1260.0936499999998 559.52819 1085.37964 1146.3292000000001 1109.94533 1102.73633 1016.82708 900.1203 1072.20345 1090.2710200000001 1192.4339 1068.4678800000002 1130.19427 1115.6568 906.97079 1069.55601 1087.5606 976.35474 591.85502 595.18249 1622.37409 1062.87695 1188.3527199999999 1072.7294 1063.37169 1113.80616 1162.29738 1099.57834 1068.3093900000001 1089.0499599999998 1157.57241 1099.26836 613.47229 1065.62724 1106.81447 565.25464 1250.78132 1089.08975 1115.53269 503.46003 1014.5637999999999 1116.5204199999998 1039.65068 1103.64357 1034.7931899999999 1122.28638 994.07324 1234.44079 1175.59604 1031.7203 511.94067 1311.9680899999998 1125.7638200000001 822.42498 1027.6218199999998 1062.53876 1159.61494 1266.6531 1086.81284 
1384.8868499999999 1169.62357 1106.48983 1168.8552 1141.55861 1245.8669599999998 1225.74178 1169.69855 1114.27712 1203.00864 2068.19733 1170.61395 1159.82611 0 1141.81641 713.95848 1281.88072 1232.04036 1117.98657 1215.5386199999998 721.37688 1207.61652 1142.25342 1294.01396 1216.8856700000001 1303.05867 1282.74012 876.74588 1145.4507800000001 1155.43012 1196.1186400000001 1144.0958 1141.18604 1270.5949099999998 1229.37403 1130.00076 1248.31909 1129.5212999999999 601.75326 1259.12464 1153.77043 1370.84718 853.12852 1149.73412 1152.47402 1166.48165 1160.39454 1273.25772 1283.02338 1222.76884 1280.40947 1320.6671999999999 1105.12986 1240.9478 1156.66478 1102.49869 1103.54998 1116.64548 825.77208 1220.86955 1196.63628 1269.79836 1233.29433 1231.03315 1221.62683 1234.84092 1115.3659499999999 1431.9826699999999 1146.00255 1207.76651 1261.55449 1320.19112 1402.89259 1256.73127 1193.86054 1146.75126 594.57147 1503.89721 1118.4065799999998 1241.58889 1107.10078 1205.3415 1145.83725 1145.62328 1116.49156 1219.32856 1131.38081 1307.35021 1376.15839 1286.3495699999999 1125.42266 1237.77868 1422.72162 1155.0806499999999 1129.69738 1195.93322 1128.7918300000001 1305.37583 1394.8863999999999 1149.84638 
987.35402 654.64482 587.30423 998.51709 944.70596 708.13546 509.08175 664.14367 584.09517 1181.75501 2005.12144 1124.33111 576.86786 1141.81641 0 1042.27836 1188.9198299999998 1242.73625 1137.02911 1105.7844100000002 628.41599 734.0089 518.84557 1158.27497 986.2899 813.50355 959.797 707.00997 1083.7606700000001 1229.73868 1266.31574 1133.3784 601.13465 1220.49906 1071.4857299999999 1109.23884 1155.3582000000001 1067.8311899999999 540.06315 1269.27778 1092.08032 1277.88629 837.18605 1026.69876 1181.7123000000001 547.21634 805.20883 1293.50836 911.40482 1112.89725 974.5499 1250.99527 909.52938 1147.98691 738.96447 930.53625 896.43321 1138.45297 822.91999 853.88012 978.16933 1507.5489 1134.20269 1270.02839 1138.34229 1207.89404 798.58137 1339.02178 923.36816 677.22734 993.37103 1257.1152299999999 1243.79071 665.96647 524.88289 1018.6148000000001 806.63756 1395.3036699999998 634.8343 1179.89878 947.63208 930.68409 915.6541 938.7605 1054.80145 528.01887 1173.00516 797.19798 1251.46177 1193.38868 1063.73255 1088.80853 1329.76073 1097.81935 608.41267 756.76206 1038.17765 1142.92785 1532.66132 509.94498 
1076.16004 1087.4976299999998 1158.4394 1182.8295 1147.87025 1098.531 1066.98726 1070.1605 1167.78637 1050.83288 1950.7355400000001 1144.35828 1066.53421 713.95848 1042.27836 0 1134.53393 1042.47678 1095.4714 1021.6174599999999 574.03009 1159.09879 1042.7153700000001 1090.74656 1059.02515 1066.66255 1173.6449699999998 783.36028 1045.91273 1162.21027 1141.77763 1102.45881 1041.64799 1123.99844 1082.02724 1071.3909 1100.9723 1029.98325 502.21521 1177.94043 1054.23238 1223.50039 660.20141 1008.26627 1125.36337 1176.19575 1060.8564900000001 1175.84609 1275.70703 1005.75009 1190.94424 1196.6093700000001 1051.38873 1093.6010099999999 1126.07708 1002.96064 1018.7721899999999 1084.06707 627.87634 1113.44109 1127.08004 555.83988 1016.27558 1232.66702 1070.81388 1022.92893 1127.2726699999998 1284.6358799999998 1061.37466 1034.88275 1118.91446 1202.7293300000001 1255.5457999999999 1124.04701 1110.34397 1132.25287 714.43297 1356.55042 1137.9884200000001 1141.2903 1021.51454 1007.65886 1050.95613 1042.7379799999999 1016.95351 1115.88353 993.75403 1142.36989 1178.2626500000001 1139.0027799999998 1025.88461 1090.4318899999998 1275.37483 1059.97141 1117.8068 1109.94508 1031.4677100000001 1075.39944 1313.70219 1171.6015499999999 
1267.40799 1073.97138 1179.97336 1192.31515 1246.17546 1086.21329 1064.86874 1405.8034499999999 1324.2199 1179.21276 1366.92388 1244.49614 1094.2039599999998 1281.88072 1188.9198299999998 1134.53393 0 1190.6093700000001 1194.34082 1272.37274 560.50384 1383.22971 1285.17257 1097.65364 1126.95948 1098.6518299999998 1139.89121 543.49016 1225.39405 1146.71484 1102.79593 1218.63545 1116.66717 1056.9792499999999 1068.50099 1373.3004 1087.44605 1084.60527 1158.25446 1297.56211 1144.84091 1209.9741399999998 1061.94357 1066.38218 1222.00642 1100.94266 1228.927 1082.69646 1108.36511 1104.26595 1280.37789 1183.08312 1134.33726 1080.07476 1096.65934 1248.51415 1135.4253899999999 1070.54082 720.31911 1107.73376 1312.97452 1690.37381 1299.6251499999998 1218.98469 1084.30535 1044.37423 1203.14016 1271.10963 1261.57501 1070.03334 1154.91934 618.91767 1080.2709 1187.5457099999999 1203.59016 1141.90959 794.31806 1231.78386 1124.46217 1096.53523 1233.50121 1080.43318 1115.49264 1062.6999799999999 1244.27511 1094.0515599999999 1198.40896 1261.4557599999998 1215.44333 1125.47653 1097.58968 1076.90564 1261.8485799999999 1277.21241 1299.0156200000001 1315.81648 1128.40814 1174.74029 1376.24134 738.28912 
1096.63822 1143.57307 1166.98685 1239.1269499999999 1168.34843 1272.29946 1087.46544 1207.69785 1341.5419200000001 1235.9193500000001 2006.8109800000002 1205.59793 1087.0123899999999 1232.04036 1242.73625 1042.47678 1190.6093700000001 0 1263.94251 1042.09564 630.10553 1311.17516 1298.0166800000002 1183.19082 1079.50333 1087.14073 1232.16829 965.7226 1175.00184 1509.8102800000001 1162.25581 1210.2669700000001 1196.4052900000002 1305.0309200000002 1138.10268 1190.4977800000001 1157.04774 1131.05511 858.04546 1353.5106999999998 1103.61453 1279.57583 721.46791 1109.61759 1243.71591 1196.67393 1311.97047 1162.43458 1143.69882 1048.1460200000001 1252.21074 1252.6848100000002 1193.60548 1149.67645 1217.1617999999999 1254.23736 1099.0913 1107.20989 789.43534 1187.47188 1253.62645 1598.31666 1224.81667 1253.1452 1131.37436 1043.40711 1170.47694 1340.71132 1206.49957 1055.36093 1234.65746 1258.8047700000002 1311.62124 1144.52519 1333.26504 1203.55981 948.95163 1412.62586 1194.0638600000002 1249.00503 1041.99272 633.78156 1328.01973 1185.25818 1313.3913400000001 1270.16373 1104.46357 1178.18926 1339.8216499999999 1195.0782199999999 1177.3278 1146.50733 1331.45027 1201.52691 1138.28498 1152.18378 1208.14626 1135.55751 1458.3689100000001 1210.3434 
667.51392 1147.3045200000001 1193.22645 1144.42633 1049.58442 1194.6428700000001 627.94736 1190.0530899999999 570.7679 1096.9637200000002 1962.1524100000001 1078.63976 1147.04232 1117.98657 1137.02911 1095.4714 1194.34082 1263.94251 0 1092.45714 633.83698 1118.86555 1117.4652500000002 1216.20716 554.82878 1111.51192 1183.0266299999998 886.44926 1280.18179 1489.6739400000001 1294.85614 1114.89681 1229.4216299999998 1164.54999 1141.83413 1123.78273 1160.7791900000002 1156.50415 758.69442 1153.0797200000002 1143.4527600000001 1283.30728 729.01722 1097.44069 1060.49983 1090.47455 1082.8237100000001 1195.45092 1123.1668300000001 1094.92451 1114.62493 1214.62228 1013.1556699999999 1153.4079000000002 1221.16787 1078.08886 1097.63678 1024.67129 923.46962 1220.2980200000002 1112.20739 1651.31128 1072.85005 663.20895 1159.70844 1117.29401 1057.0434 1344.44277 1149.7585100000001 1140.77333 1113.18115 1214.1462000000001 1315.3526900000002 872.89924 1086.57051 1079.29579 934.88704 1416.3573099999999 1141.38897 1192.3962099999999 924.59961 1096.83328 1175.9433 1053.64909 1243.67191 1113.28364 1039.40662 771.95162 1473.85593 1198.80967 1162.23415 1150.2387800000001 1335.18172 1261.42522 1109.98325 1111.65948 1036.81764 1211.0533799999998 1288.84148 1126.81414 
526.46861 1028.79888 1086.1082099999999 1110.49831 1147.48911 1078.35099 1066.60612 1174.18314 521.68924 1057.14637 1922.3350599999999 1079.68022 1066.1530699999998 1215.5386199999998 1105.7844100000002 1021.6174599999999 1272.37274 1042.09564 1092.45714 0 711.8689 1234.0122 1119.18122 1199.48424 958.68115 1066.28141 1074.14599 863.69313 1060.6200900000001 1181.8258 1141.39649 1070.9724700000002 1097.18718 1124.73264 1219.86605 1083.87846 1224.3169699999999 1110.19579 915.46099 1113.26237 1082.75521 1356.73085 527.51944 1084.7746900000002 1103.09119 1079.37828 1033.74505 1103.5149000000001 1203.3758400000002 1027.2867 1058.2622700000002 1174.80493 1118.75536 1231.43982 1123.90188 1079.1906800000002 866.90793 1086.35057 555.54515 1167.6128199999998 1063.12873 1577.45734 1030.8682000000001 1232.28588 1057.97833 1022.54779 1096.1771899999999 1422.47469 1097.40472 1034.50161 1064.10249 1174.3288499999999 1393.38461 911.29014 1047.99827 1074.80572 620.96715 1481.2237599999999 1044.12298 621.40998 1021.1333999999999 1059.47923 1097.8940499999999 1079.94667 1079.50115 1073.4662899999998 1083.6042499999999 571.22799 1105.93146 1119.03581 1098.68523 1228.2707 1413.21364 1126.44795 1117.4256599999999 1062.5808200000001 1092.3381800000002 1114.69819 1249.02413 1107.62002 
706.90415 513.46754 619.46952 692.07216 685.67162 773.37496 504.3649 953.78072 865.13447 855.48831 1376.70545 683.9923 610.62335 721.37688 628.41599 574.03009 560.50384 630.10553 633.83698 711.8689 0 822.72587 906.35685 732.65852 881.44579 900.31719 937.83438 765.1021 837.96979 967.14441 661.01916 832.63315 669.29195 946.90236 507.99715 812.79656 526.94221 655.70729 860.88299 907.51788 642.09198 649.4703 501.43973 999.89209 898.60006 661.2087 733.08946 719.83096 703.96125 543.76211 796.75783 622.57928 576.02886 519.57092 940.72263 985.94695 703.29909 510.03698 998.2946 717.62316 970.37988 1129.86997 754.56027 764.36233 875.86366 612.09158 972.80748 710.60579 701.07117 962.69211 991.06814 628.69924 681.51571 676.29046 840.18437 934.2475 834.27235 782.52033 563.95833 862.61634 878.00268 651.47938 896.70069 819.52019 774.73267 976.04728 660.59925 700.95192 998.59793 564.97269 609.54122 516.4018 701.34474 716.70857 872.89712 983.39189 860.38034 925.88733 952.68841 597.57146 
929.04241 946.45142 503.29066 1153.6343200000001 1084.6981 686.35739 837.39253 1107.54049 995.7046 1148.37715 1966.5143 1172.4833800000001 700.33743 1207.61652 734.0089 1159.09879 1383.22971 1311.17516 1118.86555 1234.0122 822.72587 0 1105.8701700000001 1381.49896 564.03677 1121.24151 1101.35112 980.18363 1147.5101 1173.9036999999998 1214.59222 1162.56938 727.07134 1353.92687 1330.72302 1214.3447099999998 1349.66808 1176.47776 656.88358 1358.92212 1153.22622 1472.19617 813.13044 1204.86444 1085.69517 867.6989 1021.16497 1360.74272 1082.07715 1347.60879 1208.91328 1445.3051500000001 1129.63017 1342.2967899999999 864.01147 1032.27684 523.40622 1141.14579 966.30893 1111.83759 513.61113 1714.93867 1082.05804 1185.58207 1245.52162 1216.0838600000002 772.55154 1282.46425 1164.35202 1093.7687 1159.75531 1218.50809 1504.2415799999999 640.02011 547.32715 1165.2248399999999 613.04505 1605.2462 1136.88016 1296.7192100000002 861.88912 1098.60546 1164.31083 713.25553 1151.4339799999998 1178.9501 1126.6337800000001 860.58278 1439.53587 1387.6985599999998 1162.78557 1212.2781 1524.07061 1173.55423 1075.99058 975.4655 1153.29214 1240.89844 1436.5772299999999 1229.0952200000002 
723.71396 783.97163 1106.1498 1152.2340199999999 1081.3852200000001 1128.8320199999998 1027.92732 1108.4454500000002 690.22385 1146.97685 1976.67617 1233.53715 1095.7134299999998 1142.25342 518.84557 1042.7153700000001 1285.17257 1298.0166800000002 1117.4652500000002 1119.18122 906.35685 1105.8701700000001 0 1121.04758 562.63647 1131.40338 1142.1727999999998 741.68241 1084.1976800000002 1192.51129 1300.98818 1132.75983 757.02822 1237.5434500000001 1414.354 1109.67585 1255.77558 1068.2682 540.50016 1252.143 1081.25401 1278.29419 591.66178 1081.97919 1153.72042 1066.06191 1099.14144 1238.02947 562.03172 1168.17768 1086.73709 1232.60201 1120.2940899999999 1425.92777 1100.86877 1041.24559 1021.38698 1298.58635 972.08688 1143.7421100000001 886.9777 988.70333 1080.65774 1195.7439399999998 1101.1149 1153.30166 1064.85109 1332.75853 1099.6596100000002 1021.79649 1158.3085099999998 1228.66996 1278.46315 889.71117 1043.7284599999998 1073.89523 950.08392 1429.97611 1153.67987 1180.33579 673.92118 1026.63325 1089.24108 1091.05442 1055.23846 1046.8644399999998 1125.2334799999999 870.70266 732.6162 1270.53406 1064.16956 1388.33881 1607.7015900000001 1098.25636 636.84314 1133.67778 1069.75266 1105.70046 1435.8375 1028.79055 
1070.68104 1193.57618 1199.3527399999998 1135.6945099999998 1269.45539 1053.2891599999998 1150.55015 1122.89071 1353.4867399999998 1122.59212 1897.25448 1263.5039000000002 1037.58332 1294.01396 1158.27497 1090.74656 1097.65364 1183.19082 1216.20716 1199.48424 732.65852 1381.49896 1121.04758 0 1070.33884 1055.8767699999999 1128.40313 554.16348 1173.86462 1116.96843 1113.46925 1057.21697 1060.04653 1067.6525700000002 1240.6556699999999 1105.03659 1043.82193 1027.98463 1168.92778 1176.60014 1155.51423 1202.75133 1083.2729100000001 1077.0555 1187.73779 1111.61598 1219.35107 1026.07582 1119.03843 1276.42063 1169.1664700000001 1157.05915 1044.7512299999999 1252.22944 1107.33266 1023.52414 1078.80475 1096.80934 668.78968 1051.11312 1256.3538800000001 1646.58644 1243.00451 1208.97289 1025.57204 1055.04755 1082.03083 1443.26431 1051.0182399999999 1080.70666 1098.2986999999998 1149.24827 1090.94422 1175.95578 1065.10213 1152.58291 896.45377 1242.4571799999999 1296.6168499999999 1107.20855 1027.27435 1023.8125399999999 1126.16596 1048.89942 1184.50493 1070.64169 1141.78832 1097.1280499999998 1219.17599 1232.28034 1040.96904 1200.81988 1434.00326 1152.52529 1242.39498 1064.7032399999998 1071.7875 1030.1576 1386.91466 1110.76307 
766.99716 711.14009 855.99937 589.59755 755.24316 860.43433 816.545 827.52424 753.27487 584.34038 1976.70575 878.58774 879.18279 1216.8856700000001 986.2899 1059.02515 1126.95948 1079.50333 554.82878 958.68115 881.44579 564.03677 562.63647 1070.33884 0 718.10818 799.88195 660.70227 1117.00101 1149.8336 1178.80418 722.87764 926.45726 1174.19136 1031.34044 939.26937 1067.32871 1051.49141 891.90392 1169.40972 930.40322 1287.64338 501.92235 745.17775 659.87347 535.64577 963.0328 1049.5826 568.33805 1064.69439 723.79283 1230.95228 583.0321 1329.97511 685.3639 523.26008 931.44087 1120.31612 909.93467 997.68915 995.23324 1551.3398000000002 518.02127 1218.03773 681.48485 652.04709 502.21462 1423.30701 910.17213 952.66347 630.97006 1228.69954 1197.48301 609.51102 531.74173 935.44133 715.92437 1324.2355 769.86339 1211.1891300000002 799.92012 597.94977 997.57221 528.41795 1254.3132999999998 652.40361 562.59701 901.58762 1295.25267 1255.24957 739.66228 1307.35867 1475.45965 1100.85086 686.11138 771.45723 763.92983 1115.04965 1305.17148 790.78837 
956.33113 1092.49876 1259.71418 1091.5637900000002 1119.53836 1080.27409 1111.65121 1017.7642000000001 612.95193 1064.3536399999998 1876.73801 1229.7837 1046.6280299999999 1303.05867 813.50355 1066.66255 1098.6518299999998 1087.14073 1111.51192 1066.28141 900.31719 1121.24151 1131.40338 1055.8767699999999 718.10818 0 1042.2346400000001 555.16167 1103.9826600000001 1143.95336 1114.46744 1084.2019 738.73435 1068.65076 1408.31434 1132.02152 1052.86664 1037.02934 837.16739 1203.58507 1127.8002999999999 1229.7362600000001 591.21932 703.13455 1053.78226 1112.6141699999998 1125.00774 1035.12053 1120.0366199999999 877.13083 1121.96215 1184.0440800000001 1071.73616 1419.8881099999999 1108.3308499999998 1050.50907 1070.6151 1105.85405 944.35333 1060.15783 1154.39142 1622.50243 1094.56808 1095.8057800000001 1052.55697 1049.46511 1109.01576 1264.52428 1078.00317 1079.5466999999999 1107.34341 1128.7318 1091.94241 841.26832 1092.08706 1138.5056 948.89778 1243.45537 1174.19758 1108.20674 605.68693 1032.85725 1127.16415 1057.9441299999999 1211.4898600000001 1097.62662 1128.64934 672.55225 1227.11484 1316.07761 1050.01375 1201.8180699999998 1601.66193 1179.5102200000001 905.9915 1077.1050599999999 1080.83221 1057.14253 1387.91285 1111.76126 
995.39172 613.04693 617.83598 1102.33321 1129.5801000000001 1136.18757 1138.95486 1028.53362 920.07828 1135.86835 1887.50743 1221.64725 1134.7815799999998 1282.74012 959.797 1173.6449699999998 1139.89121 1232.16829 1183.0266299999998 1074.14599 937.83438 1101.35112 1142.1727999999998 1128.40313 799.88195 1042.2346400000001 0 596.40105 1114.75208 1199.6257300000002 1155.70682 1140.11538 931.66626 1109.89014 1445.83153 1187.935 1353.30748 1097.47089 680.98686 1255.2294000000002 1197.7518 1285.6497399999998 982.58239 1119.2930700000002 1064.55168 1011.0682899999999 1020.23779 1262.56742 927.91119 1150.65908 1140.20593 1239.9575599999998 1127.64964 1457.4053 1149.57023 945.06648 1142.12981 1220.00068 828.84556 1099.30283 673.42856 1729.4848499999998 1233.0714600000001 1106.5752 1014.2298000000001 1097.28512 1164.92924 1360.42325 1122.94165 1029.19511 1215.2432 1139.50122 1133.18179 742.4596 1148.00054 1178.0940799999998 825.61147 1284.69475 1021.2118399999999 1149.44612 737.05573 1172.0134400000002 1168.40353 855.51848 1195.72516 1006.91286 1103.45782 502.918 1268.3542200000002 1267.59974 1116.3514300000002 873.64202 1639.17912 1176.06118 808.03507 1047.57235 1154.70801 1113.05601 1390.99116 1064.24161 
853.91092 639.4127 963.37509 970.56237 715.29191 542.72313 966.41331 862.31329 1077.4672500000001 669.72785 1343.091 709.34042 562.48762 876.74588 707.00997 783.36028 543.49016 965.7226 886.44926 863.69313 765.1021 980.18363 741.68241 554.16348 660.70227 555.16167 596.40105 0 844.74218 603.22468 559.30577 887.30769 926.58572 513.48909 1273.09925 847.49936 871.81936 651.90509 614.7643 847.34503 601.35075 916.26589 529.10943 522.89202 678.51626 557.4525 685.43684 666.16637 564.87495 731.51707 736.88773 918.68371 941.39717 1238.7085 553.16918 705.02399 970.5688 623.59963 828.59955 730.88192 981.51918 1339.2001599999999 772.08431 675.49453 540.81519 500.88407 950.41833 1330.21753 813.92215 526.54318 698.04118 595.08479 536.78074 644.05555 660.1 598.41943 660.61921 688.2937 801.20028 553.04507 692.07298 577.6086 572.00248 519.20982 863.63064 550.5614 688.41618 1013.0992699999999 671.95317 768.76329 995.95647 646.6564 1253.89536 953.919 763.63804 772.32632 945.60739 631.25013 832.75118 556.59959 
1104.27457 1122.3183000000001 1035.638 1060.0281 1087.91517 1212.90387 1042.52104 1090.28164 1127.78319 1109.864 1949.25545 1236.73451 1120.96228 1145.4507800000001 1083.7606700000001 1045.91273 1225.39405 1175.00184 1280.18179 1060.6200900000001 837.96979 1147.5101 1084.1976800000002 1173.86462 1117.00101 1103.9826600000001 1114.75208 844.74218 0 1285.96335 1231.54805 1148.49033 1069.02092 965.4791 1345.96694 1112.8732100000002 1199.88607 1071.46556 543.69752 1082.3179400000001 1095.71469 1487.44009 662.07232 1091.67838 1063.38253 1188.9756 1102.3388 1053.04469 1125.83024 1154.39173 1171.6476 1338.46685 1203.64139 1357.54071 1095.76393 1044.44295 1160.2059100000001 1061.30311 505.07494 1200.85257 1240.15207 1601.75261 1106.5513700000001 1168.32322 538.84265 1146.52064 1009.56176 1548.57558 1046.93451 1167.4078100000002 1112.07087 1201.24924 1381.5229199999999 507.48999 1211.66019 1209.3586 763.16486 1456.79286 1120.8074 1183.5331500000002 1082.61616 1065.68456 1047.42384 1204.9635600000001 1029.03094 1237.1282099999999 1176.63953 1050.15445 1055.46125 1068.5656000000001 1067.36692 1354.37159 1539.31453 1078.02898 1031.14037 1264.2306600000002 1072.9500200000002 1123.0666 1402.06132 1109.16876 
1142.14475 1135.91075 1306.45432 1135.14238 713.40946 1124.7528699999998 1220.21054 1185.0838899999999 1366.28611 1272.95253 1946.3156800000002 1243.9189099999999 1126.11329 1155.43012 1229.73868 1162.21027 1146.71484 1509.8102800000001 1489.6739400000001 1181.8258 967.14441 1173.9036999999998 1192.51129 1116.96843 1149.8336 1143.95336 1199.6257300000002 603.22468 1285.96335 0 1162.40582 1110.3829799999999 1135.93074 1116.71377 1475.14156 1176.5003 1370.90042 1127.5490300000001 1036.30109 1248.06385 1204.5754299999999 1274.21504 1132.33411 1126.1167 1259.2015 1132.76883 1288.66152 1269.3910500000002 1168.0996300000002 1334.7417500000001 1240.63018 1228.52286 1096.5262 1486.71533 1156.3938600000001 1094.98785 1405.8832400000001 1226.82431 780.88841 1139.66296 1083.5498 1718.05015 1375.30899 1197.32033 1097.03575 1104.10875 1093.2429200000001 1677.7502 1122.4819499999999 827.59759 1301.26586 1198.3094700000001 1140.00542 1247.28023 1136.56584 1113.03844 560.85865 1291.51838 1084.69376 1156.26975 1098.73806 1180.83328 1112.1244299999998 1122.4345 1099.24758 1142.1054 1291.64086 1168.5917599999998 1275.17785 1344.37907 1110.59917 1249.88108 1668.4891499999999 1121.3678300000001 1366.86272 1136.1669499999998 1241.37991 1101.62131 1384.39083 1159.82427 
1195.93907 1174.4867 1257.0361699999999 1175.8309 1267.64928 1102.0289 1165.38406 1225.77241 1316.73075 1229.0336200000002 1902.39677 1268.64619 1121.79339 1196.1186400000001 1266.31574 1141.77763 1102.79593 1162.25581 1294.85614 1141.39649 661.01916 1214.59222 1300.98818 1113.46925 1178.80418 1114.46744 1155.70682 559.30577 1231.54805 1162.40582 0 1151.0715 1176.61926 1072.79486 1169.01631 1258.2658000000001 1187.96137 1168.23755 872.11908 1303.71611 1160.65652 1310.48946 947.62819 1082.1977900000002 1237.82203 1116.75827 1244.74261 1225.47214 1124.18072 1147.44687 1296.1935 1283.5984400000002 1137.21472 1180.59008 1112.47495 1264.32976 1198.3921500000001 1171.0561400000001 726.47311 1273.5546 1203.6119800000001 1697.61751 1327.94954 1234.8003 1100.1209600000002 1060.18984 1269.77779 1371.62495 1268.33268 1085.84895 1257.34695 1154.39056 1096.08651 1203.36132 1219.40577 1153.72696 601.54717 1247.59947 1125.38228 1112.35084 1141.29357 1136.91437 1131.30825 1078.51559 1139.9361 1109.86717 1203.76442 1346.04672 1231.2589400000002 1225.9918499999999 1151.28769 1177.42096 1362.3639 1162.05635 1237.58583 1232.3193700000002 1294.22898 1190.5559 1392.0569500000001 1115.9053600000002 
1082.39329 1030.7959500000002 1090.09012 1123.8080599999998 1138.46885 1065.0014099999999 1156.1844 1134.60296 549.28323 1058.2811900000002 1923.46988 1080.81504 1108.35979 1144.0958 1133.3784 1102.45881 1218.63545 1210.2669700000001 1114.89681 1070.9724700000002 832.63315 1162.56938 1132.75983 1057.21697 722.87764 1084.2019 1140.11538 887.30769 1148.49033 1110.3829799999999 1151.0715 0 1124.5964199999999 1125.86746 1340.6303 1112.73308 1159.00468 1094.44757 979.00237 1114.3971900000001 1176.4926799999998 1214.46358 730.55936 1145.5038399999999 1149.38426 1121.43451 1061.3390399999998 1141.25857 1237.97624 1171.86519 1147.15722 1168.7714 1019.7764300000001 1352.20407 1226.8850499999999 1035.23639 1020.7444800000001 1113.55572 811.92776 1079.9115000000002 1090.72272 1658.29869 665.57488 1151.69301 1037.28429 1081.97097 1028.3718000000001 1543.23894 1062.73049 1119.2886600000002 1091.69648 1175.46367 1424.08843 641.00034 1049.13309 1029.73076 549.52433 1415.91147 1073.35944 771.10775 1038.9866 1060.6140500000001 1100.79011 1107.5406600000001 1087.9132599999998 1074.60111 1046.3287500000001 966.50834 1362.31407 1119.2364200000002 1099.26485 1349.03495 1533.9778900000001 1027.69786 1164.65072 1076.4154899999999 1125.70207 1041.86985 1250.15895 1135.2140100000001 
