25
Hudiksvall Rutherglen Dharmapuri Artur Meerut Kundla Visitacion Sun Zgorzelec Ishim Malaut Pingyi Hueytown Stade Sungurlu Glogovac Gisborne GatesNorth Blackpool Winsford Portogruaro Franceville Brentwood Yangambi Lesnoy
0 653.1958 1150.03144 1164.20118 716.27978 1288.5246900000002 901.92412 909.64252 1318.6399000000001 958.0744 828.55442 997.50906 506.22234 880.72146 924.7962 944.07606 609.53793 671.38897 571.40861 859.29014 515.49076 608.09245 1202.80307 947.83766 859.78688 
653.1958 0 1660.64994 1097.33509 1183.05836 1639.77408 522.81205 588.03293 1490.66851 1087.1435900000001 1043.62795 1560.97378 1075.53933 1516.90058 577.03926 1136.82033 1120.15643 1069.67911 1224.60441 806.15865 1168.68656 567.92398 1772.1200600000002 1286.9916699999999 1073.9766 
1150.03144 1660.64994 0 1124.32689 1075.9398999999999 1400.49699 1382.0827100000001 1159.99381 1366.26376 1111.2368099999999 1241.69591 1151.32878 709.42003 1259.08695 1343.02416 1367.97811 540.49351 1298.18587 1165.91004 1271.4296 1097.66578 1092.72596 1406.00076 1420.88633 1314.67317 
1164.20118 1097.33509 1124.32689 0 1119.27977 1161.3219100000001 1335.06515 1072.8629799999999 1127.08868 1154.5766800000001 1129.83237 1194.66865 717.52894 1038.44841 1103.84908 1411.31798 583.83338 1059.01079 1181.56355 1221.0572900000002 648.71042 1136.06583 1414.10967 1326.09102 1322.78208 
716.27978 1183.05836 1075.9398999999999 1119.27977 0 1224.29818 718.56042 1135.83925 1190.06495 1106.18969 1192.8086400000002 1146.28166 769.42235 1101.42468 1166.82535 1322.78011 535.44639 1121.98706 886.94608 1266.38248 1092.61866 1087.67884 1466.00308 1389.06729 1269.72497 
1288.5246900000002 1639.77408 1400.49699 1161.3219100000001 1224.29818 0 1351.74452 1175.06775 1229.2934500000001 1322.74558 1232.03714 1305.09226 1261.74445 1140.65318 1206.05385 1545.5411 1061.4105100000002 1161.21556 1283.7683200000001 1323.26206 1211.01407 1471.06626 1568.19201 1428.2957900000001 1621.57316 
901.92412 522.81205 1382.0827100000001 1335.06515 718.56042 1351.74452 0 996.50857 1403.03669 564.33154 520.8159 1038.16173 672.66268 1213.52439 864.76669 614.00828 910.58747 546.86706 1362.6881600000002 762.39013 1211.91698 750.14345 1369.24341 1539.91121 551.16455 
909.64252 588.03293 1159.99381 1072.8629799999999 1135.83925 1175.06775 996.50857 0 1140.8345199999999 1190.2436 1041.21391 1206.5437200000001 508.93803 1052.19425 816.641 1226.1592 619.5003 1072.7566299999999 1195.30939 627.55971 1048.1923299999999 1016.5533800000001 1205.51876 1339.26802 1114.19117 
1318.6399000000001 1490.66851 1366.26376 1127.08868 1190.06495 1229.2934500000001 1403.03669 1140.8345199999999 0 1288.51235 1197.80391 1270.85903 844.57612 1106.41995 1171.82062 1511.30787 1578.4046 1126.98233 1249.53509 1289.0288300000002 1176.78084 1352.19147 732.90734 764.36479 1449.82926 
958.0744 1087.1435900000001 1111.2368099999999 1154.5766800000001 1106.18969 1322.74558 564.33154 1190.2436 1288.51235 0 1085.1474400000002 1181.5785700000001 908.53418 649.19285 936.34062 1178.3398200000001 570.7433 1111.1986000000002 1196.15983 1251.4201600000001 1127.9155700000001 1122.97575 1605.11491 1362.9016900000001 1115.49609 
828.55442 1043.62795 1241.69591 1129.83237 1192.8086400000002 1232.03714 520.8159 1041.21391 1197.80391 1085.1474400000002 0 517.34583 532.27588 1109.16364 683.51202 1134.82418 962.47319 1067.68296 841.87226 1184.97078 1071.53018 1039.89123 1228.85661 1396.80625 1071.98045 
997.50906 1560.97378 1151.32878 1194.66865 1146.28166 1305.09226 1038.16173 1206.5437200000001 1270.85903 1181.5785700000001 517.34583 0 697.60569 1182.21876 1200.8578499999999 1414.8268600000001 610.83527 1202.78114 1236.2518 1341.7713600000002 1168.00754 1163.06772 1394.18642 1469.86137 1302.8588300000001 
506.22234 1075.53933 709.42003 717.52894 769.42235 1261.74445 672.66268 508.93803 844.57612 908.53418 532.27588 697.60569 0 694.30851 999.89752 717.22117 987.75623 934.92136 899.6181 682.09453 539.2543 507.61535 696.58073 889.21582 605.25314 
880.72146 1516.90058 1259.08695 1038.44841 1101.42468 1140.65318 1213.52439 1052.19425 1106.41995 649.19285 1109.16364 1182.21876 694.30851 0 1083.18035 1111.68458 718.59344 1038.34206 1160.89482 1102.1865400000002 651.93704 1201.9238599999999 1390.88924 1213.6680700000002 1299.56165 
924.7962 577.03926 1343.02416 1103.84908 1166.82535 1206.05385 864.76669 816.641 1171.82062 936.34062 683.51202 1200.8578499999999 999.89752 1083.18035 0 1274.36041 860.45732 908.24379 1226.29549 501.45876 1153.54124 730.95814 1510.71918 1370.82296 881.95538 
944.07606 1136.82033 1367.97811 1411.31798 1322.78011 1545.5411 614.00828 1226.1592 1511.30787 1178.3398200000001 1134.82418 1414.8268600000001 717.22117 1111.68458 1274.36041 0 827.4846 1160.87534 1452.90113 1141.76046 1256.4754699999999 1224.83652 1413.8019 1253.24199 1165.17283 
609.53793 1120.15643 540.49351 583.83338 535.44639 1061.4105100000002 910.58747 619.5003 1578.4046 570.7433 962.47319 610.83527 987.75623 718.59344 860.45732 827.4846 0 940.10763 625.41653 730.93609 557.17227 552.23245 1326.80871 880.39282 844.66393 
671.38897 1069.67911 1298.18587 1059.01079 1121.98706 1161.21556 546.86706 1072.7566299999999 1126.98233 1111.1986000000002 1067.68296 1202.78114 934.92136 1038.34206 908.24379 1160.87534 940.10763 0 1181.4572 1220.9509400000002 1108.7029499999999 1279.48142 1465.88089 1325.98467 837.28992 
571.40861 1224.60441 1165.91004 1181.56355 886.94608 1283.7683200000001 1362.6881600000002 1195.30939 1249.53509 1196.15983 841.87226 1236.2518 899.6181 1160.89482 1226.29549 1452.90113 625.41653 1181.4572 0 1343.5037000000002 1086.89937 1177.64898 1588.43365 1448.53743 1431.19549 
859.29014 806.15865 1271.4296 1221.0572900000002 1266.38248 1323.26206 762.39013 627.55971 1289.0288300000002 1251.4201600000001 1184.97078 1341.7713600000002 682.09453 1102.1865400000002 501.45876 1141.76046 730.93609 1220.9509400000002 1343.5037000000002 0 1221.34883 1189.7098799999999 1378.67526 1243.74395 1287.34767 
515.49076 1168.68656 1097.66578 648.71042 1092.61866 1211.01407 1211.91698 1048.1923299999999 1176.78084 1127.9155700000001 1071.53018 1168.00754 539.2543 651.93704 1153.54124 1256.4754699999999 557.17227 1108.7029499999999 1086.89937 1221.34883 0 1046.8696499999999 1235.83503 1375.78318 1144.5074399999999 
608.09245 567.92398 1092.72596 1136.06583 1087.67884 1471.06626 750.14345 1016.5533800000001 1352.19147 1122.97575 1039.89123 1163.06772 507.61535 1201.9238599999999 730.95814 1224.83652 552.23245 1279.48142 1177.64898 1189.7098799999999 1046.8696499999999 0 1204.19608 1392.76863 1112.86849 
1202.80307 1772.12006 1406.00076 1414.10967 1466.00308 1568.19201 1369.24341 1205.51876 732.90734 1605.11491 1228.85661 1394.18642 696.58073 1390.88924 1510.71918 1413.8019 1326.80871 1465.88089 1588.43365 1378.67526 1235.83503 1204.19608 0 1497.2721299999998 1301.83387 
947.83766 1286.9916699999999 1420.88633 1326.09102 1389.06729 1428.2957900000001 1539.91121 1339.26802 764.36479 1362.9016900000001 1396.80625 1469.86137 889.21582 1213.6680700000002 1370.82296 1253.24199 880.39282 1325.98467 1448.53743 1243.74395 1375.78318 1392.76863 1497.2721299999998 0 1494.4689600000002 
859.78688 1073.9766 1314.67317 1322.78208 1269.72497 1621.57316 551.16455 1114.19117 1449.82926 1115.49609 1071.98045 1302.8588300000001 605.25314 1299.56165 881.95538 1165.17283 844.66393 837.28992 1431.19549 1287.34767 1144.5074399999999 1112.86849 1301.83387 1494.4689600000002 0 
