8
30 55 12 7 34 52 40 24
0 5.7275 9.26224 10.77284 8.81102 10.80258 6.33586 5.42267 
5.7275 0 8.19159 7.56164 11.57143 9.69867 9.2482 0.30483 
9.26224 8.191590000000001 0 8.58422 10.60867 14.35647 15.5981 7.886760000000001 
10.77284 7.56164 8.58422 0 17.054199999999998 9.35873 16.16319 7.689500000000001 
8.81102 11.571430000000001 10.60867 17.054199999999998 0 17.67835 11.62589 11.41678 
10.80258 9.698670000000002 14.35647 9.35873 17.67835 0 10.54944 9.39384 
6.33586 9.2482 15.5981 16.16319 11.62589 10.54944 0 9.13429 
5.42267 0.30483 7.886760000000001 7.689500000000001 11.41678 9.39384 9.13429 0 
