24
7 21 33 40 10 25 16 13 46 37 12 3 30 22 36 1 26 35 2 5 44 19 31 17
0 11.492090000000001 14.36844 14.9626 21.18335 15.02716 3.9265 11.35325 14.00522 15.25804 15.6725 13.98589 10.528839999999999 6.3229 5.45917 14.730049999999999 18.00905 11.433 6.0657 2.47466 16.97139 14.020330000000001 9.6901 5.9756 
11.492090000000001 0 4.57379 6.12055 12.90464 7.85223 10.2852 7.48588 5.51267 5.4633899999999995 5.62484 7.302099999999999 13.762329999999999 10.46038 8.60426 9.21656 9.09312 2.94045 9.93835 12.42602 13.36877 13.100729999999999 9.44875 9.63692 
14.36844 4.57379 0 6.88411 8.70532 9.4311 13.15612 5.11803 6.64738 0.8896 1.58711 4.73368 15.022300000000001 14.69712 11.58512 4.64277 7.80877 5.88946 12.10703 16.72618 11.603 13.6257 5.0175600000000005 14.13381 
14.9626 6.12055 6.88411 0 14.99033 3.83554 14.99335 6.27432 1.00996 5.99451 6.31261 7.44672 19.43573 15.60521 14.62464 9.747679999999999 12.91244 3.5296 10.5275 17.26463 18.26706 19.05851 8.19107 14.16373 
21.18335 12.90464 8.70532 14.99033 0 17.64108 18.47984 13.778480000000002 15.04059 9.55005 10.29243 13.39214 17.6269 20.832189999999997 16.86253 8.43079 5.15179 14.52121 20.14417 22.88103 9.33785 14.4859 13.47074 21.1087 
15.02716 7.85223 9.4311 3.83554 17.64108 0 16.38721 8.26573 2.82558 8.55052 10.148150000000001 9.28506 20.93761 16.8883 15.69605 12.22655 15.46969 4.92341 11.921309999999998 17.501820000000002 20.56421 20.952959999999997 10.00669 14.467749999999999 
3.9265 10.2852 13.15612 14.99335 18.47984 16.38721 0 10.26993 14.02524 13.2742 14.21925 14.104289999999999 6.60234 2.7222 1.68094 12.234169999999999 14.5461 11.4638 8.36292 4.54436 13.64399 10.14532 8.94997 4.6194 
11.35325 7.48588 5.11803 6.27432 13.77848 8.26573 10.26993 0 5.44015 4.22843 6.70514 9.85171 13.58031 12.52986 8.58899 6.05659 9.33559 8.01237 15.01027 12.2153 13.365549999999999 13.007079999999998 9.3551 10.55957 
14.00522 5.51267 6.64738 1.00996 15.04059 2.82558 14.02524 5.44015 0 5.76063 7.322570000000001 6.933870000000001 18.65904 14.647829999999999 13.61468 9.51138 12.64919 2.57222 9.57012 16.47988 17.73863 18.33213 7.18111 13.20614 
15.25804 5.4633899999999995 0.8896 5.99451 9.55005 8.55052 13.2742 4.22843 5.76063 0 2.4767099999999997 5.623279999999999 15.9119 14.18809 11.59326 3.75317 6.91917 6.779059999999999 11.21743 16.21545 12.33835 14.11226 5.90716 13.60372 
15.6725 5.62484 1.58711 6.31261 10.292430000000001 10.148150000000001 14.21925 6.70514 7.322570000000001 2.4767099999999997 0 5.84196 16.60941 15.80493 13.172229999999999 4.19759 7.47659 6.14654 13.14444 17.83556 12.76489 15.14433 6.12694 15.24319 
13.98589 7.302099999999999 4.73368 7.44672 13.39214 9.28506 14.104289999999999 9.85171 6.933870000000001 5.623279999999999 5.84196 0 12.0326 12.03181 14.52289 5.14611 8.42511 4.36165 7.92019 11.99453 11.822 13.47991 7.2538599999999995 9.48489 
10.528839999999999 13.762329999999999 15.022300000000001 19.43573 17.6269 20.93761 6.60234 13.58031 18.65904 15.911900000000001 16.60941 12.0326 0 8.86134 7.3715399999999995 12.95373 14.735980000000001 16.08682 14.96526 11.1467 9.685030000000001 3.54298 11.94885 11.15908 
6.3229 10.46038 14.69712 15.60521 20.832189999999997 16.8883 2.7222 12.52986 14.647829999999999 14.18809 15.80493 12.03181 8.86134 0 4.4031400000000005 14.06874 15.80394 12.07561 7.5754 7.26656 16.10897 12.40432 11.31747 2.54692 
5.45917 8.60426 11.58512 14.62464 16.86253 15.69605 1.68094 8.58899 13.61468 11.59326 13.172229999999999 14.52289 7.3715399999999995 4.4031400000000005 0 10.55323 13.251850000000001 11.32693 10.04386 6.22219 12.06053 8.561160000000001 7.26903 6.30034 
14.730049999999999 9.21656 4.64277 9.747679999999999 8.43079 12.22655 12.234169999999999 6.05659 9.51138 3.75317 4.19759 5.14611 12.95373 14.06874 10.55323 0 3.279 8.10841 13.0652 16.77542 8.62539 11.14257 5.03995 14.16252 
18.009050000000002 9.09312 7.80877 12.91244 5.15179 15.46969 14.5461 9.33559 12.64919 6.91917 7.47659 8.42511 14.735980000000001 15.80394 13.251850000000001 3.279 0 11.38741 16.3442 19.07914 6.0467200000000005 11.35807 8.318950000000001 17.44152 
11.433 2.94045 5.88946 3.5296 14.52121 4.92341 11.4638 8.01237 2.57222 6.779059999999999 6.14654 4.36165 16.08682 12.07561 11.32693 8.10841 11.38741 0 6.9979 13.90766 15.94545 16.04005 8.40964 12.02638 
6.0657 9.93835 12.10703 10.5275 20.14417 11.921309999999998 8.36292 15.010269999999998 9.57012 11.21743 13.14444 7.92019 14.96526 7.5754 10.04386 13.0652 16.3442 6.9979 0 8.44177 18.86109 16.21333 8.07836 5.02848 
2.47466 12.42602 16.72618 17.26463 22.88103 17.501820000000002 4.54436 12.2153 16.47988 16.21545 17.83556 11.99453 11.1467 7.26656 6.22219 16.77542 19.07914 13.90766 8.44177 0 18.18835 13.74325 12.16476 8.45026 
16.97139 13.36877 11.603 18.26706 9.33785 20.56421 13.64399 13.365549999999999 17.73863 12.33835 12.76489 11.822 9.685030000000001 16.10897 12.06053 8.62539 6.0467200000000005 15.94545 18.86109 18.18835 0 6.14205 11.40422 17.363439999999997 
14.020330000000001 13.100729999999999 13.6257 19.05851 14.4859 20.952959999999997 10.14532 13.007079999999998 18.33213 14.11226 15.14433 13.47991 3.54298 12.40432 8.561160000000001 11.14257 11.35807 16.04005 16.21333 13.74325 6.14205 0 11.18034 13.86407 
9.6901 9.44875 5.0175600000000005 8.19107 13.470740000000001 10.00669 8.94997 9.3551 7.18111 5.90716 6.12694 7.2538599999999995 11.94885 11.31747 7.26903 5.03995 8.318950000000001 8.40964 8.07836 12.16476 11.40422 11.18034 0 9.36023 
5.9756 9.63692 14.13381 14.16373 21.1087 14.467749999999999 4.6194 10.55957 13.20614 13.60372 15.24319 9.48489 11.15908 2.54692 6.30034 14.16252 17.44152 12.02638 5.02848 8.45026 17.363439999999997 13.86407 9.36023 0 
