25
2 4 5 6 8 10 11 12 14 16 17 18 20 22 23 24 26 28 29 30 32 34 35 36 1
0 22.0 26.0 34.0 26.0 20.0 20.0 10.0 20.0 22.0 26.0 34.0 26.0 20.0 20.0 10.0 20.0 22.0 26.0 34.0 26.0 20.0 20.0 10.0 10.0 
22.0 0 20.0 38.0 20.0 8.0 22.0 12.0 22.0 16.0 20.0 38.0 20.0 8.0 22.0 12.0 22.0 16.0 20.0 38.0 20.0 8.0 22.0 12.0 12.0 
26.0 20.0 0 18.0 24.0 12.0 26.0 16.0 26.0 20.0 24.0 18.0 24.0 12.0 26.0 16.0 26.0 20.0 24.0 18.0 24.0 12.0 26.0 16.0 16.0 
34.0 38.0 18.0 0 18.0 30.0 34.0 28.0 34.0 38.0 18.0 36.0 18.0 30.0 34.0 28.0 34.0 38.0 18.0 36.0 18.0 30.0 34.0 28.0 28.0 
26.0 20.0 24.0 18.0 0 12.0 26.0 16.0 26.0 20.0 24.0 18.0 24.0 12.0 26.0 16.0 26.0 20.0 24.0 18.0 24.0 12.0 26.0 16.0 16.0 
20.0 8.0 12.0 30.0 12.0 0 20.0 14.0 20.0 8.0 12.0 30.0 12.0 16.0 20.0 14.0 20.0 8.0 12.0 30.0 12.0 16.0 20.0 14.0 14.0 
20.0 22.0 26.0 34.0 26.0 20.0 0 10.0 20.0 22.0 26.0 34.0 26.0 20.0 20.0 10.0 20.0 22.0 26.0 34.0 26.0 20.0 20.0 10.0 10.0 
10.0 12.0 16.0 28.0 16.0 14.0 10.0 0 10.0 12.0 16.0 28.0 16.0 14.0 10.0 20.0 10.0 12.0 16.0 28.0 16.0 14.0 10.0 20.0 20.0 
20.0 22.0 26.0 34.0 26.0 20.0 20.0 10.0 0 22.0 26.0 34.0 26.0 20.0 20.0 10.0 20.0 22.0 26.0 34.0 26.0 20.0 20.0 10.0 10.0 
22.0 16.0 20.0 38.0 20.0 8.0 22.0 12.0 22.0 0 20.0 38.0 20.0 8.0 22.0 12.0 22.0 16.0 20.0 38.0 20.0 8.0 22.0 12.0 12.0 
26.0 20.0 24.0 18.0 24.0 12.0 26.0 16.0 26.0 20.0 0 18.0 24.0 12.0 26.0 16.0 26.0 20.0 24.0 18.0 24.0 12.0 26.0 16.0 16.0 
34.0 38.0 18.0 36.0 18.0 30.0 34.0 28.0 34.0 38.0 18.0 0 18.0 30.0 34.0 28.0 34.0 38.0 18.0 36.0 18.0 30.0 34.0 28.0 28.0 
26.0 20.0 24.0 18.0 24.0 12.0 26.0 16.0 26.0 20.0 24.0 18.0 0 12.0 26.0 16.0 26.0 20.0 24.0 18.0 24.0 12.0 26.0 16.0 16.0 
20.0 8.0 12.0 30.0 12.0 16.0 20.0 14.0 20.0 8.0 12.0 30.0 12.0 0 20.0 14.0 20.0 8.0 12.0 30.0 12.0 16.0 20.0 14.0 14.0 
20.0 22.0 26.0 34.0 26.0 20.0 20.0 10.0 20.0 22.0 26.0 34.0 26.0 20.0 0 10.0 20.0 22.0 26.0 34.0 26.0 20.0 20.0 10.0 10.0 
10.0 12.0 16.0 28.0 16.0 14.0 10.0 20.0 10.0 12.0 16.0 28.0 16.0 14.0 10.0 0 10.0 12.0 16.0 28.0 16.0 14.0 10.0 20.0 20.0 
20.0 22.0 26.0 34.0 26.0 20.0 20.0 10.0 20.0 22.0 26.0 34.0 26.0 20.0 20.0 10.0 0 22.0 26.0 34.0 26.0 20.0 20.0 10.0 10.0 
22.0 16.0 20.0 38.0 20.0 8.0 22.0 12.0 22.0 16.0 20.0 38.0 20.0 8.0 22.0 12.0 22.0 0 20.0 38.0 20.0 8.0 22.0 12.0 12.0 
26.0 20.0 24.0 18.0 24.0 12.0 26.0 16.0 26.0 20.0 24.0 18.0 24.0 12.0 26.0 16.0 26.0 20.0 0 18.0 24.0 12.0 26.0 16.0 16.0 
34.0 38.0 18.0 36.0 18.0 30.0 34.0 28.0 34.0 38.0 18.0 36.0 18.0 30.0 34.0 28.0 34.0 38.0 18.0 0 18.0 30.0 34.0 28.0 28.0 
26.0 20.0 24.0 18.0 24.0 12.0 26.0 16.0 26.0 20.0 24.0 18.0 24.0 12.0 26.0 16.0 26.0 20.0 24.0 18.0 0 12.0 26.0 16.0 16.0 
20.0 8.0 12.0 30.0 12.0 16.0 20.0 14.0 20.0 8.0 12.0 30.0 12.0 16.0 20.0 14.0 20.0 8.0 12.0 30.0 12.0 0 20.0 14.0 14.0 
20.0 22.0 26.0 34.0 26.0 20.0 20.0 10.0 20.0 22.0 26.0 34.0 26.0 20.0 20.0 10.0 20.0 22.0 26.0 34.0 26.0 20.0 0 10.0 10.0 
10.0 12.0 16.0 28.0 16.0 14.0 10.0 20.0 10.0 12.0 16.0 28.0 16.0 14.0 10.0 20.0 10.0 12.0 16.0 28.0 16.0 14.0 10.0 0 20.0 
10.0 12.0 16.0 28.0 16.0 14.0 10.0 20.0 10.0 12.0 16.0 28.0 16.0 14.0 10.0 20.0 10.0 12.0 16.0 28.0 16.0 14.0 10.0 20.0 0 
