51
merit hide predict fuss direct contract scrap accessible linear pride crew creation community prove think battery celebration nationalism adult tin feign farewell bracket exotic ballot steward perception concern cancel breakin colon childish dose transmission magnitude suffer top absorption skip basketball pupil deck appear belief pastel maze minimize mechanism company line create
0 516037.85888 773341.13439 895239.41738 1031794.25124 948627.02706 660366.61145 606310.44043 738882.12488 1125303.56424 770857.80064 1076162.41647 964376.51146 1076815.5532499999 1105133.8048999999 1218347.01327 936054.47328 843984.58832 1069669.1987 1173423.8541 1141259.77582 884681.46933 1031847.96609 1082586.26348 957713.26901 1142110.51865 914142.97682 865108.83502 824698.08174 1139881.28742 1024114.3564599999 568456.00544 669520.05708 1154848.83687 661802.61114 782958.54854 814944.57597 1035162.97158 595878.70918 1107619.26372 702730.43602 1158509.19277 1067137.1586600002 589621.69232 892142.01435 609232.93487 563866.17912 788602.58244 1081291.47585 1089878.54734 646869.29559 
516037.85888 0 546273.71197 740122.79861 575327.38508 584106.74331 689348.84865 655674.13958 639599.64211 990994.94946 1107951.2681999998 1115500.35913 1253969.81095 759037.3454 1115587.3845799998 1129028.3032200001 706345.24234 1197719.35883 1143416.58317 657385.99522 1162625.3666 573090.81034 1158969.94885 799933.51177 1154371.80901 626072.65977 1132899.49335 813675.20197 510405.65097 1135880.79879 778932.98325 544741.0412 1178866.74396 1195508.08367 896420.93853 1073527.0776399998 1107762.7134099999 519125.1127 926376.15896 919272.4191 635245.10976 1171323.40302 862495.10949 1105659.5512 963676.1094 1125270.79375 1079904.038 665255.75147 635425.16419 835933.99516 949631.75585 
773341.13439 546273.71197 0 738131.51437 864616.8993 1082359.06957 1067766.97363 1167109.86662 1094336.14499 855418.59314 993136.06622 917880.43351 1271929.79979 717573.746 569313.67261 1061911.00731 918960.08392 990878.44262 736579.48083 905747.08706 1185433.97934 1116586.02261 1087740.19122 668530.6673 1071545.3810999999 505709.91928 676033.38807 1170343.29836 1056679.36294 798413.74992 802703.58374 551512.48652 1222915.7164500002 716371.74565 656649.10885 527253.36567 561489.00144 1065398.82467 921028.29003 1171301.43103 608647.21646 1140930.0433200002 1070617.58657 1127657.9566199998 1094739.21232 1050145.72834 1110581.2983900001 1211529.46344 1064347.95693 904213.86814 780423.63457 
895239.41738 740122.79861 738131.51437 0 720530.9915 1090294.60053 899394.17363 894034.17622 1127447.58443 825884.39034 995320.39909 1130207.33541 973750.27447 1108284.68388 1136606.65931 600965.36327 1070102.4106700001 688036.99425 760881.24126 944651.10765 1175504.44946 855689.18821 1148468.0510399998 1211653.81318 1052554.02549 765103.89505 1009113.03531 917616.51779 1076253.196 784313.07373 1107718.12616 559448.01748 1230851.24741 598335.9588 500867.14015 1108612.5493800002 1119211.75832 772384.1333 859646.51469 1195520.6631399998 548392.76144 1110295.66328 657046.58934 902372.76124 757463.52284 674775.447 692933.72882 953035.50032 760401.68258 1072619.8878600001 1059191.40049 
1031794.25124 575327.38508 864616.8993 720530.9915 0 1138268.3911899999 1052571.02042 878386.9379 1131812.15903 919852.63934 1039499.06696 1079576.15135 1162534.59405 1080229.28813 631360.922 585806.47901 939122.44343 804368.76113 822257.18345 1137125.8472199999 1133946.48459 1047107.38677 1169152.44704 509108.1414 871719.90939 1123163.32366 566638.18233 951054.70815 551896.22282 995691.63204 1027528.09134 1072270.0124 1161586.3348400001 861272.70126 1074884.07749 653131.85464 635067.21024 1094452.49778 1093009.74034 947149.3073 568163.95354 886848.53794 615488.62447 615710.3343 935456.5985 1169586.2734400001 593802.70796 1178738.36202 663195.86255 1106880.41211 852231.13077 
948627.02706 584106.74331 1082359.06957 1090294.60053 1138268.3911899999 0 1273455.59196 1179636.2253999999 894493.06798 1202099.87909 1204790.25695 674242.95976 906976.14354 911162.35729 643672.63787 552461.91218 928548.31479 1071131.94065 1163272.48705 1090237.79272 1069585.55472 1157197.5536500001 1230412.0302300001 960329.23484 1152855.86868 765761.19793 1151060.86237 1079708.17 1094512.3942800001 767221.19868 670218.25902 530846.58305 594760.00065 1187035.92363 1137878.22689 1115394.11019 1260269.34961 537189.80631 1267157.2560899998 897412.7721 653443.11382 1189388.09663 591213.26285 565022.57513 1291765.84766 846733.71884 679912.96579 1200277.90714 1043682.0534600001 866329.84792 956065.82442 
660366.61145 689348.84865 1067766.97363 899394.17363 1052571.02042 1273455.59196 0 506765.10114 1081858.0232799998 960544.25086 956911.99151 665703.66695 579469.03733 651267.90992 1104561.29515 748708.04309 932391.69067 602963.95553 676733.70909 605495.513 643240.83172 1068047.05316 780726.28971 1149057.7538100001 1051410.39095 988972.3647 950403.03182 660900.6384 500674.7976 815078.57398 850063.21222 1120305.70532 825423.08249 1160328.62923 845955.54685 697819.93172 506277.97219 1158543.4994100002 1054214.3648899999 963882.95629 974212.56319 815795.18147 1161698.69184 1207010.04027 1074927.41439 1139128.23961 1094921.99823 772332.25745 1109013.35312 1051749.52599 975096.72254 
606310.44043 655674.13958 1167109.86662 894034.17622 878386.9379 1179636.2253999999 506765.10114 0 1192207.67862 1192216.1031900002 647825.92412 761904.83224 1086234.13847 911334.88441 597796.19401 1141124.21835 664216.9994 555359.11999 1039595.18787 1112260.61414 627274.62934 561281.95202 1032522.9930400001 1142756.69556 544645.28981 1079734.16063 1060946.2947500001 614111.19606 1007439.89874 898639.76219 1079492.4438399998 884129.27437 584876.22475 829589.15528 1078663.82725 1115142.9106 692109.56777 1159446.1180099999 1138101.77742 1111925.45572 968587.3346 750146.77751 884228.59566 1130752.22529 865533.47592 1097904.6866199998 1115634.74167 1108220.35806 701310.97976 544984.42485 713345.13526 
738882.12488 639599.64211 1094336.14499 1127447.58443 1131812.15903 894493.06798 1081858.0232799998 1192207.67862 0 685185.88994 941744.94629 951945.44999 932492.47666 1115238.66674 1120672.5387 755497.19633 581044.31021 971651.59633 904388.14824 649632.96026 987842.64555 842655.46443 1048809.7508399999 799166.44829 832095.57759 588626.22571 968896.15821 1119575.70666 1092348.8177299998 691120.92872 560814.27207 640354.30604 937320.56798 1144795.25562 1172842.30686 1218053.6715 1092832.71798 1158724.75481 1137477.60555 740603.58808 579054.82299 884924.76885 1090724.00993 674811.24756 1123495.89438 536626.36096 929688.94081 1090873.92019 1153189.77645 1095322.29106 1117382.5875 
1125303.56424 990994.94946 855418.59314 825884.39034 919852.63934 1202099.87909 960544.25086 1192216.1031900002 685185.88994 0 1151814.8558200002 558470.57194 573988.83988 897238.343 1102705.0109 1109409.34267 688529.79004 682668.66224 1067240.4047 1224612.8723300002 1103701.98122 705086.70012 520899.29504 765357.16469 1057081.01931 673409.20683 807046.51237 630610.64317 701847.48686 920138.09247 1189372.07776 1036919.9106000001 607339.87844 1179607.7321199998 983426.75634 1158441.56571 1123292.86771 671564.88592 937233.2329 665157.79989 1136597.36038 580346.09499 687117.60038 1074094.80363 1108255.42275 1127986.45117 561437.38512 1130656.6343999999 1180172.7244199999 748703.4519 668087.6206 
770857.80064 1107951.2681999998 993136.06622 995320.39909 1039499.06696 1204790.25695 956911.99151 647825.92412 941744.94629 1151814.8558200002 0 1085215.3257499998 1092623.55225 892843.66822 1089547.63234 660999.52954 1118171.53644 1115504.92979 987057.02103 1099102.64234 764736.75868 534860.45786 932814.27868 906239.48939 544896.06422 654408.93453 941316.13942 1101309.95238 870847.84095 1259748.20407 960698.9323 1167624.7289 907784.68941 889942.21957 906785.95057 1100696.74304 1192347.0680200001 1149293.90188 789781.24973 587160.27024 830190.02156 979058.1598 646356.48679 639767.68182 923283.90207 997748.86032 979917.64299 1205942.9134 1213074.8267299999 840520.51551 1150950.89259 
1076162.41647 1115500.35913 917880.43351 1130207.33541 1079576.15135 674242.95976 665703.66695 761904.83224 951945.44999 558470.57194 1085215.3257499998 0 994504.74952 778264.74928 1078770.67128 722787.03188 863070.64087 727977.12246 820509.44593 1083406.0621500001 545231.40928 1112716.0714 556169.07047 958036.64542 725647.6323 1057701.99716 817991.65962 1049888.3290499998 1149928.18524 1074361.68955 1071896.25657 570759.31793 757299.79383 1235572.5801300001 1104748.45103 1155306.84507 923661.67903 716520.68485 833567.18151 751725.20227 1171658.8632 1086538.02747 1063689.2694 784336.57234 625451.42099 677565.9777 830276.76924 1086188.19459 1083594.78834 605236.44817 1008798.71799 
964376.51146 1253969.81095 1271929.79979 973750.27447 1162534.59405 906976.14354 579469.03733 1086234.13847 932492.47666 573988.83988 1092623.55225 994504.74952 0 890671.30482 765260.61424 1164272.37912 951081.49405 539760.82085 624568.85614 953902.84679 1222709.8690499999 1176491.35901 648724.0559 1326342.34795 547727.48803 1233800.66083 595896.41172 1195951.02389 983444.5695 1166916.6749800001 922504.00218 777583.53259 1181328.71832 1322806.59006 918289.82696 1081041.43148 956353.16351 919900.85471 648485.17946 1139441.33752 1222260.7037999998 1154334.93487 906895.44523 852436.10998 1203352.53816 559659.20228 1130371.8757200001 1199996.85318 914102.81204 1167465.90593 852839.65681 
1076815.5532499999 759037.3454 717573.746 1108284.68388 1080229.28813 911162.35729 651267.90992 911334.88441 1115238.66674 897238.343 892843.66822 778264.74928 890671.30482 0 725032.04316 1185245.7884 534194.35653 1130573.3172300002 1128652.11769 1172129.15106 1129026.9313 759065.91223 620434.95223 1159516.78008 877545.86844 663512.5574 1116869.02174 657999.53058 645404.88194 1138627.57131 1072549.39335 814538.8222 1307152.62632 928133.81421 983528.79737 695349.44021 788720.89619 1250704.7818200001 1210673.72985 1065205.62273 857368.95638 1265431.4911 704201.1442 1222699.48098 1071913.02348 1021978.64826 703081.22277 656119.13303 1235186.71795 620350.22521 1187378.09497 
1105133.8048999999 1115587.3845799998 569313.67261 1136606.65931 631360.922 643672.63787 1104561.29515 597796.19401 1120672.5387 1102705.0109 1089547.63234 1078770.67128 765260.61424 725032.04316 0 631274.76923 1148419.2215 797671.09908 853687.96104 1156522.87772 788197.58127 554687.17448 1226863.98727 838223.41134 961048.15086 532046.31299 1144382.57125 1119821.9720299998 1121004.73054 1019836.20456 833821.25075 1026173.3441100001 1088941.11168 685844.4903 681825.47851 1091651.78747 683590.52863 921118.10548 1139087.3645000001 1085020.71038 1062625.9806300001 1110220.7656800002 1096953.98028 558344.28401 1121075.60603 1236937.46161 541267.62578 1057978.11035 759762.34784 799033.49945 1044335.1300400001 
1218347.01327 1129028.3032200001 1061911.00731 600965.36327 585806.47901 552461.91218 748708.04309 1141124.21835 755497.19633 1109409.34267 660999.52954 722787.03188 1164272.37912 1185245.7884 631274.76923 0 1229633.93392 1021307.59137 1243848.04459 1137709.3452400002 622194.39531 1060872.19373 941367.36209 1076876.5658 656887.46085 723448.63731 1054594.74556 527246.25782 871115.98032 598748.67453 1086007.6924100001 849681.78159 1147221.9128299998 1131032.54025 1101832.50342 632738.40329 756028.5187 677623.38693 1106774.5473 711666.36271 1110815.88251 1102015.64769 1140652.2554300001 880343.97593 1125514.3711199998 613672.10658 1025626.1704599999 1193949.44756 1131597.5325500001 693247.81804 1163558.1252700002 
936054.47328 706345.24234 918960.08392 1070102.4106700001 939122.44343 928548.31479 932391.69067 664216.9994 581044.31021 688529.79004 1118171.53644 863070.64087 951081.49405 534194.35653 1148419.2215 1229633.93392 0 798353.75269 716023.62616 694061.73088 884151.38184 661188.73128 1079353.38713 625322.42355 871398.6549 789803.52084 582674.66521 1192193.88711 602594.49748 1169914.49764 1092220.7110000001 949793.76912 1249093.2241500001 1150741.58786 1090920.56037 1187086.3533700001 899448.46082 1225470.35504 795431.87381 531011.2662 1160099.1332 1256876.46464 638287.21255 838601.64151 664612.44949 1105341.96319 673194.16503 975776.5245 1210933.053 882805.36907 1091870.7181799999 
843984.58832 1197719.35883 990878.44262 688036.99425 804368.76113 1071131.94065 602963.95553 555359.11999 971651.59633 682668.66224 1115504.92979 727977.12246 539760.82085 1130573.3172300002 797671.09908 1021307.59137 798353.75269 0 857702.37587 823989.93629 983973.61899 811379.3445 1118664.90218 796245.06256 1080677.65731 694039.83998 505587.17476 1080177.93309 1103638.75313 1010809.78973 1092696.62085 1103300.8512300001 1140235.34474 783045.76921 565537.98167 1137106.3731200001 778531.45653 807459.01182 1188246.00031 1049132.10056 1096870.50814 661244.22076 1200323.6221099999 1091625.462 663591.71731 935538.88319 1011680.79609 660236.03233 1223220.52346 749291.4016 1095249.8240399999 
1069669.1987 1143416.58317 736579.48083 760881.24126 822257.18345 1163272.48705 676733.70909 1039595.18787 904388.14824 1067240.4047 987057.02103 820509.44593 624568.85614 1128652.11769 853687.96104 1243848.04459 716023.62616 857702.37587 0 1150604.91114 1083196.61628 1135677.29124 1050501.88001 701773.49181 639089.77219 733550.79425 1220465.26786 1322121.65608 803002.14189 651476.76951 949615.74473 1062918.5002 747840.98966 1114610.7284 1096642.71422 841215.14822 1120924.13035 948329.61474 572987.73765 1049556.10418 683988.95198 1227324.0964600001 1187837.90876 1129041.4756 834331.66126 1129055.03372 505803.01958 1174816.65882 1086547.13286 842032.44318 1199575.24437 
1173423.8541 657385.99522 905747.08706 944651.10765 1137125.8472199999 1090237.79272 605495.513 1112260.61414 649632.96026 1224612.8723300002 1099102.64234 1083406.0621500001 953902.84679 1172129.15106 1156522.87772 1137709.3452400002 694061.73088 823989.93629 1150604.91114 0 1155912.90482 1230476.80556 1073240.9244 694817.9058 1035431.9582799999 1238259.18597 693176.74526 832530.09635 739761.00005 555048.30532 774225.68365 1201235.74282 632414.2608 570621.83752 1201422.64042 616688.21568 1111773.48519 553047.98641 577617.17349 1225072.9970800001 1228687.7832499999 759112.21989 1166444.4983 927690.32322 1187630.1476 1186259.3212199998 1175436.91221 844037.4849 1182486.0504299998 954146.42488 1183266.2671400001 
1141259.77582 1162625.3666 1185433.97934 1175504.44946 1133946.48459 1069585.55472 643240.83172 627274.62934 987842.64555 1103701.98122 764736.75868 545231.40928 1222709.8690499999 1129026.9313 788197.58127 622194.39531 884151.38184 983973.61899 1083196.61628 1155912.90482 0 955122.32705 740752.41202 712080.46111 1129739.58903 765458.2347 821112.3258 680170.6194 798038.11679 1059871.72145 682699.52551 1053266.37774 905545.62248 1114280.5209000001 1099687.9903000002 1254932.7986 1061737.91738 643500.2539 1131507.89566 1121146.6812999998 1112151.0008999999 541306.61819 518457.86012 674750.19113 817980.55978 908721.21296 577393.5967 1212759.17363 729452.76019 1150467.85745 541363.72996 
884681.46933 573090.81034 1116586.02261 855689.18821 1047107.38677 1157197.5536500001 1068047.05316 561281.95202 842655.46443 705086.70012 534860.45786 1112716.0714 1176491.35901 759065.91223 554687.17448 1060872.19373 661188.73128 811379.3445 1135677.29124 1230476.80556 955122.32705 0 1123636.87149 728780.08153 628763.87098 974111.07276 1094188.4295 923827.97648 628668.0827 1145605.84759 1060668.0113899999 668423.22846 663049.05315 1173876.04518 1180450.7563200002 760587.6731 969528.3024 912608.72513 1085274.09693 550643.5037 507938.80615 1078783.18886 1170951.78159 808213.29151 1060031.64152 889509.29596 966765.50994 784651.42054 881529.82354 1103270.0418 894080.9325 
1031847.96609 1158969.94885 1087740.19122 1148468.0510399998 1169152.44704 1230412.0302300001 780726.28971 1032522.9930400001 1048809.7508399999 520899.29504 932814.27868 556169.07047 648724.0559 620434.95223 1226863.98727 941367.36209 1079353.38713 1118664.90218 1050501.88001 1073240.9244 740752.41202 1123636.87149 0 700882.64558 536181.72427 1105307.1328 616519.78206 1151509.93821 1099391.20926 518192.61908 1096560.45219 1078471.86588 1128239.1734799999 792682.28971 852386.26082 1250323.76819 1158535.41099 1076001.78468 643217.55776 1045167.1779199999 615698.06534 1094039.94603 1208016.89542 884039.02545 587356.12771 997928.83741 992934.00985 609757.33936 1154358.65322 1091495.00708 1188986.91564 
1082586.26348 799933.51177 668530.6673 1211653.81318 509108.1414 960329.23484 1149057.7538100001 1142756.69556 799166.44829 765357.16469 906239.48939 958036.64542 1326342.34795 1159516.78008 838223.41134 1076876.5658 625322.42355 796245.06256 701773.49181 694817.9058 712080.46111 728780.08153 700882.64558 0 803354.1325 1118297.85415 1075746.32373 1272542.76192 1061004.36422 844344.99917 936244.20075 1121149.4583899998 1177747.05291 1147074.95525 1081697.62646 872378.54521 642779.78162 1144101.94377 1116539.82308 668153.1525 1077272.09494 1206809.94288 622312.94412 883127.85632 852167.89571 1150305.14138 518720.08436 1130557.5562800001 1147639.9475500002 597772.27071 864270.15952 
957713.26901 1154371.80901 1071545.3810999999 1052554.02549 871719.90939 1152855.86868 1051410.39095 544645.28981 832095.57759 1057081.01931 544896.06422 725647.6323 547727.48803 877545.86844 961048.15086 656887.46085 871398.6549 1080677.65731 639089.77219 1035431.9582799999 1129739.58903 628763.87098 536181.72427 803354.1325 0 1032095.0815600001 937159.93041 1157420.38789 1127072.9411900002 1054374.34335 644053.55141 1037419.94494 954218.75439 1137672.77775 551686.88534 839251.8339 1084352.0496299998 1068181.6342799999 593456.48761 1132056.33446 1136702.67713 1147110.4455300001 700674.51722 1184663.74604 841964.73872 745722.48852 963409.4235 1060581.27899 925411.20264 824673.99795 1085339.86454 
1142110.51865 626072.65977 505709.91928 765103.89505 1123163.32366 765761.19793 988972.3647 1079734.16063 588626.22571 673409.20683 654408.93453 1057701.99716 1233800.66083 663512.5574 532046.31299 723448.63731 789803.52084 694039.83998 733550.79425 1238259.18597 765458.2347 974111.07276 1105307.1328 1118297.85415 1032095.0815600001 0 757040.96946 664633.37908 588958.41755 959521.47625 874219.80584 637299.23939 842316.00314 856938.03486 592549.6425 774510.96771 1049130.5492099999 1134265.9530500001 1154227.26546 736321.35577 1114357.13574 988242.63814 564907.66729 664802.49085 589029.29304 1082631.6162999999 619051.81202 1036909.4362300001 893699.02175 1123626.67395 528756.36179 
914142.97682 1132899.49335 676033.38807 1009113.03531 566638.18233 1151060.86237 950403.03182 1060946.2947500001 968896.15821 807046.51237 941316.13942 817991.65962 595896.41172 1116869.02174 1144382.57125 1054594.74556 582674.66521 505587.17476 1220465.26786 693176.74526 821112.3258 1094188.4295 616519.78206 1075746.32373 937159.93041 757040.96946 0 773475.27694 1083631.95101 1134712.40114 852484.75577 778748.74574 867815.32885 1092426.6638 508245.89516 1139353.52785 542015.62893 1119857.3380200001 1089952.0216299999 543544.9258 1134802.1358699999 1082612.35571 1182126.8068 586038.28724 1087471.4643899999 1047027.0391299999 1087298.0104 724361.35146 936991.58443 822674.35586 776960.78906 
865108.83502 813675.20197 1170343.29836 917616.51779 951054.70815 1079708.17 660900.6384 614111.19606 1119575.70666 630610.64317 1101309.95238 1049888.3290499998 1195951.02389 657999.53058 1119821.9720299998 527246.25782 1192193.88711 1080177.93309 1322121.65608 832530.09635 680170.6194 923827.97648 1151509.93821 1272542.76192 1157420.38789 664633.37908 773475.27694 0 857151.38499 1125994.93235 558761.43459 708038.66574 1131409.06102 1210943.04117 605733.50255 1159984.6611100002 1123809.26951 592705.25124 952687.89238 859983.88546 724965.26925 761577.29199 1198628.47952 1255299.4277599999 926606.6527 1140918.3644 1192048.02829 666703.18974 960027.58573 674770.49121 977372.00207 
824698.08174 510405.65097 1056679.36294 1076253.196 551896.22282 1094512.3942800001 500674.7976 1007439.89874 1092348.8177299998 701847.48686 870847.84095 1149928.18524 983444.5695 645404.88194 1121004.73054 871115.98032 602594.49748 1103638.75313 803002.14189 739761.00005 798038.11679 628668.0827 1099391.20926 1061004.36422 1127072.9411900002 588958.41755 1083631.95101 857151.38499 0 894283.2647 531534.54566 836613.46194 1237666.10335 864845.56643 575386.05585 1198494.72932 613049.4648 1029530.76367 565268.84791 635967.33559 738268.54204 1192490.50668 1153866.0848400001 706335.24267 1177987.71059 651285.79302 1145698.93078 1061594.1937799999 608338.55552 853053.97508 1117714.77934 
1139881.28742 1135880.79879 798413.74992 784313.07373 995691.63204 767221.19868 815078.57398 898639.76219 691120.92872 920138.09247 1259748.20407 1074361.68955 1166916.6749800001 1138627.57131 1019836.20456 598748.67453 1169914.49764 1010809.78973 651476.76951 555048.30532 1059871.72145 1145605.84759 518192.61908 844344.99917 1054374.34335 959521.47625 1134712.40114 1125994.93235 894283.2647 0 956291.74212 1058102.10231 1187462.56612 1125670.1428399999 899045.93525 1171736.5210000002 1039973.74736 901821.38709 978046.69932 1193664.84573 1100318.08087 575847.32695 1079339.3535000002 888781.5444 1105548.74679 1203532.83353 934460.11516 906125.81897 713846.32072 1189162.54917 822056.01196 
1024114.3564599999 778932.98325 802703.58374 1107718.12616 1027528.09134 670218.25902 850063.21222 1079492.4438399998 560814.27207 1189372.07776 960698.9323 1071896.25657 922504.00218 1072549.39335 833821.25075 1086007.6924100001 1092220.7110000001 1092696.62085 949615.74473 774225.68365 682699.52551 1060668.0113899999 1096560.45219 936244.20075 644053.55141 874219.80584 852484.75577 558761.43459 531534.54566 956291.74212 0 690641.93453 1212491.1072200001 1063860.26872 951050.79902 676463.42584 702864.28154 1090813.44227 1062900.18916 843316.45908 1139869.09506 1153521.44138 1201157.38563 1235240.83415 1019211.82669 1018460.64405 1114376.36975 530059.64812 1139873.10118 534508.01899 1103354.44998 
568456.00544 544741.0412 551512.48652 559448.01748 1072270.0124 530846.58305 1120305.70532 884129.27437 640354.30604 1036919.9106000001 1167624.7289 570759.31793 777583.53259 814538.8222 1026173.3441100001 849681.78159 949793.76912 1103300.8512300001 1062918.5002 1201235.74282 1053266.37774 668423.22846 1078471.86588 1121149.4583899998 1037419.94494 637299.23939 778748.74574 708038.66574 836613.46194 1058102.10231 690641.93453 0 671403.22993 1136313.12185 1060315.15763 584547.52714 1032276.8352 896691.71225 948098.31308 866402.15143 1107840.77892 821322.98243 600769.24677 786259.07042 1063953.74775 616188.74405 986619.79338 960618.66463 512835.47041 739602.62483 511902.64778 
669520.05708 1178866.74396 1222915.7164500002 1230851.24741 1161586.3348400001 594760.00065 825423.08249 584876.22475 937320.56798 607339.87844 907784.68941 757299.79383 1181328.71832 1307152.62632 1088941.11168 1147221.9128299998 1249093.2241500001 1140235.34474 747840.98966 632414.2608 905545.62248 663049.05315 1128239.1734799999 1177747.05291 954218.75439 842316.00314 867815.32885 1131409.06102 1237666.10335 1187462.56612 1212491.1072200001 671403.22993 0 1203036.0983199999 864659.13487 695847.48121 1220333.64814 694293.26768 672397.25544 755542.25025 748128.22874 922841.00068 1144327.34468 545876.00054 772196.57049 1133025.8950800002 813308.03585 820354.17543 1172764.1733900001 798222.10117 1121117.2205400001 
1154848.83687 1195508.08367 716371.74565 598335.9588 861272.70126 1187035.92363 1160328.62923 829589.15528 1144795.25562 1179607.7321199998 889942.21957 1235572.5801300001 1322806.59006 928133.81421 685844.4903 1131032.54025 1150741.58786 783045.76921 1114610.7284 570621.83752 1114280.5209000001 1173876.04518 792682.28971 1147074.95525 1137672.77775 856938.03486 1092426.6638 1210943.04117 864845.56643 1125670.1428399999 1063860.26872 1136313.12185 1203036.0983199999 0 1064834.25932 1100453.52922 1144916.0652899998 1123669.82393 1148239.01101 1230994.99957 1146728.7202400002 719924.35776 595822.66078 1244188.7743099998 1127721.69561 1057760.59999 944603.17415 696119.46122 1124745.8868 1082203.47896 815719.16492 
661802.61114 896420.93853 656649.10885 500867.14015 1074884.07749 1137878.22689 845955.54685 1078663.82725 1172842.30686 983426.75634 906785.95057 1104748.45103 918289.82696 983528.79737 681825.47851 1101832.50342 1090920.56037 565537.98167 1096642.71422 1201422.64042 1099687.9903000002 1180450.7563200002 852386.26082 1081697.62646 551686.88534 592549.6425 508245.89516 605733.50255 575386.05585 899045.93525 951050.79902 1060315.15763 864659.13487 1064834.25932 0 767935.87411 969673.29101 1035194.20079 1140654.9037600001 1051790.82096 887062.55283 770456.02171 820883.61571 665797.8718 1143101.88779 754428.60622 599294.17379 1097344.7998000002 763042.4332 1249859.1415300001 558324.26034 
782958.54854 1073527.0776399998 527253.36567 1108612.5493800002 653131.85464 1115394.11019 697819.93172 1115142.9106 1218053.6715 1158441.56571 1100696.74304 1155306.84507 1081041.43148 695349.44021 1091651.78747 632738.40329 1187086.3533700001 1137106.3731200001 841215.14822 616688.21568 1254932.7986 760587.6731 1250323.76819 872378.54521 839251.8339 774510.96771 1139353.52785 1159984.6611100002 1198494.72932 1171736.5210000002 676463.42584 584547.52714 695847.48121 1100453.52922 767935.87411 0 811453.45538 623576.406 681836.06491 799823.66136 1135900.58213 856896.58296 741793.4604 1227825.92198 669902.39453 784965.54016 1162982.79473 721057.04402 600937.74913 714151.00144 1096450.1749200001 
814944.57597 1107762.7134099999 561489.00144 1119211.75832 635067.21024 1260269.34961 506277.97219 692109.56777 1092832.71798 1123292.86771 1192347.0680200001 923661.67903 956353.16351 788720.89619 683590.52863 756028.5187 899448.46082 778531.45653 1120924.13035 1111773.48519 1061737.91738 969528.3024 1158535.41099 642779.78162 1084352.0496299998 1049130.5492099999 542015.62893 1123809.26951 613049.4648 1039973.74736 702864.28154 1032276.8352 1220333.64814 1144916.0652899998 969673.29101 811453.45538 0 1206369.9594 547936.3927 845413.95919 827871.45511 579441.04188 928637.15209 1070005.72951 1148412.0423400002 1170582.63589 1124750.81538 982001.81517 1145481.0575899999 651962.07444 520374.18742 
1035162.97158 519125.1127 1065398.82467 772384.1333 1094452.49778 537189.80631 1158543.4994100002 1159446.1180099999 1158724.75481 671564.88592 1149293.90188 716520.68485 919900.85471 1250704.7818200001 921118.10548 677623.38693 1225470.35504 807459.01182 948329.61474 553047.98641 643500.2539 912608.72513 1076001.78468 1144101.94377 1068181.6342799999 1134265.9530500001 1119857.3380200001 592705.25124 1029530.76367 901821.38709 1090813.44227 896691.71225 694293.26768 1123669.82393 1035194.20079 623576.406 1206369.9594 0 908139.37841 1161503.8561 1154370.22246 652198.29032 1128403.06916 950037.68444 1220355.6286 1176455.0338599999 756861.25956 1045860.67654 724841.60864 1267475.74245 1061690.0973800002 
595878.70918 926376.15896 921028.29003 859646.51469 1093009.74034 1267157.2560899998 1054214.3648899999 1138101.77742 1137477.60555 937233.2329 789781.24973 833567.18151 648485.17946 1210673.72985 1139087.3645000001 1106774.5473 795431.87381 1188246.00031 572987.73765 577617.17349 1131507.89566 1085274.09693 643217.55776 1116539.82308 593456.48761 1154227.26546 1089952.0216299999 952687.89238 565268.84791 978046.69932 1062900.18916 948098.31308 672397.25544 1148239.01101 1140654.9037600001 681836.06491 547936.3927 908139.37841 0 1141572.82332 1214437.1634 1127377.4345800001 760325.20178 1171344.58689 1130308.27887 1205111.64405 597819.73872 758405.31975 1173607.40343 1174451.88913 1068310.58012 
1107619.26372 919272.4191 1171301.43103 1195520.6631399998 947149.3073 897412.7721 963882.95629 1111925.45572 740603.58808 665157.79989 587160.27024 751725.20227 1139441.33752 1065205.62273 1085020.71038 711666.36271 531011.2662 1049132.10056 1049556.10418 1225072.9970800001 1121146.6812999998 550643.5037 1045167.1779199999 668153.1525 1132056.33446 736321.35577 543544.9258 859983.88546 635967.33559 1193664.84573 843316.45908 866402.15143 755542.25025 1230994.99957 1051790.82096 799823.66136 845413.95919 1161503.8561 1141572.82332 0 997708.31457 982109.60975 1169298.47875 790134.06157 882678.36172 635598.39211 543753.0846 1134915.89751 1149722.7992 998148.38786 986199.15538 
702730.43602 635245.10976 608647.21646 548392.76144 568163.95354 653443.11382 974212.56319 968587.3346 579054.82299 1136597.36038 830190.02156 1171658.8632 1222260.7037999998 857368.95638 1062625.9806300001 1110815.88251 1160099.1332 1096870.50814 683988.95198 1228687.7832499999 1112151.0008999999 507938.80615 615698.06534 1077272.09494 1136702.67713 1114357.13574 1134802.1358699999 724965.26925 738268.54204 1100318.08087 1139869.09506 1107840.77892 748128.22874 1146728.7202400002 887062.55283 1135900.58213 827871.45511 1154370.22246 1214437.1634 997708.31457 0 570844.38271 1183652.57801 727611.65331 1203054.19305 1115681.18395 1101189.08723 625316.98086 1231359.8160899999 1143504.55833 1183555.5306600002 
1158509.19277 1171323.40302 1140930.0433200002 1110295.66328 886848.53794 1189388.09663 815795.18147 750146.77751 884924.76885 580346.09499 979058.1598 1086538.02747 1154334.93487 1265431.4911 1110220.7656800002 1102015.64769 1256876.46464 661244.22076 1227324.0964600001 759112.21989 541306.61819 1078783.18886 1094039.94603 1206809.94288 1147110.4455300001 988242.63814 1082612.35571 761577.29199 1192490.50668 575847.32695 1153521.44138 821322.98243 922841.00068 719924.35776 770456.02171 856896.58296 579441.04188 652198.29032 1127377.4345800001 982109.60975 570844.38271 0 1059764.47831 1216056.80932 1212093.92444 826391.6334 1118700.21489 1108568.67565 1270759.37838 790585.2802 1082670.34815 
1067137.1586600002 862495.10949 1070617.58657 657046.58934 615488.62447 591213.26285 1161698.69184 884228.59566 1090724.00993 687117.60038 646356.48679 1063689.2694 906895.44523 704201.1442 1096953.98028 1140652.2554300001 638287.21255 1200323.6221099999 1187837.90876 1166444.4983 518457.86012 1170951.78159 1208016.89542 622312.94412 700674.51722 564907.66729 1182126.8068 1198628.47952 1153866.0848400001 1079339.3535000002 1201157.38563 600769.24677 1144327.34468 595822.66078 820883.61571 741793.4604 928637.15209 1128403.06916 760325.20178 1169298.47875 1183652.57801 1059764.47831 0 929949.1631 1153936.9603300001 554097.64897 913489.45975 998948.37071 590544.92649 1090769.13288 504594.4058 
589621.69232 1105659.5512 1127657.9566199998 902372.76124 615710.3343 565022.57513 1207010.04027 1130752.22529 674811.24756 1074094.80363 639767.68182 784336.57234 852436.10998 1222699.48098 558344.28401 880343.97593 838601.64151 1091625.462 1129041.4756 927690.32322 674750.19113 808213.29151 884039.02545 883127.85632 1184663.74604 664802.49085 586038.28724 1255299.4277599999 706335.24267 888781.5444 1235240.83415 786259.07042 545876.00054 1244188.7743099998 665797.8718 1227825.92198 1070005.72951 950037.68444 1171344.58689 790134.06157 727611.65331 1216056.80932 929949.1631 0 726743.27253 1198854.62719 1099611.90979 1139273.38392 626888.17285 1170953.12936 835670.6498 
892142.01435 963676.1094 1094739.21232 757463.52284 935456.5985 1291765.84766 1074927.41439 865533.47592 1123495.89438 1108255.42275 923283.90207 625451.42099 1203352.53816 1071913.02348 1121075.60603 1125514.3711199998 664612.44949 663591.71731 834331.66126 1187630.1476 817980.55978 1060031.64152 587356.12771 852167.89571 841964.73872 589029.29304 1087471.4643899999 926606.6527 1177987.71059 1105548.74679 1019211.82669 1063953.74775 772196.57049 1127721.69561 1143101.88779 669902.39453 1148412.0423400002 1220355.6286 1130308.27887 882678.36172 1203054.19305 1212093.92444 1153936.9603300001 726743.27253 0 1188794.6032099999 1076044.5825200002 867774.21173 1172199.77296 1093823.96049 923571.39673 
609232.93487 1125270.79375 1050145.72834 674775.447 1169586.2734400001 846733.71884 1139128.23961 1097904.6866199998 536626.36096 1127986.45117 997748.86032 677565.9777 559659.20228 1021978.64826 1236937.46161 613672.10658 1105341.96319 935538.88319 1129055.03372 1186259.3212199998 908721.21296 889509.29596 997928.83741 1150305.14138 745722.48852 1082631.6162999999 1047027.0391299999 1140918.3644 651285.79302 1203532.83353 1018460.64405 616188.74405 1133025.8950800002 1057760.59999 754428.60622 784965.54016 1170582.63589 1176455.0338599999 1205111.64405 635598.39211 1115681.18395 826391.6334 554097.64897 1198854.62719 1188794.6032099999 0 1173099.11399 988583.65719 1129024.21446 680574.33936 740810.36062 
563866.17912 1079904.038 1110581.2983900001 692933.72882 593802.70796 679912.96579 1094921.99823 1115634.74167 929688.94081 561437.38512 979917.64299 830276.76924 1130371.8757200001 703081.22277 541267.62578 1025626.1704599999 673194.16503 1011680.79609 505803.01958 1175436.91221 577393.5967 966765.50994 992934.00985 518720.08436 963409.4235 619051.81202 1087298.0104 1192048.02829 1145698.93078 934460.11516 1114376.36975 986619.79338 813308.03585 944603.17415 599294.17379 1162982.79473 1124750.81538 756861.25956 597819.73872 543753.0846 1101189.08723 1118700.21489 913489.45975 1099611.90979 1076044.5825200002 1173099.11399 0 1154062.52109 737445.00414 930901.56513 1041361.43579 
788602.58244 665255.75147 1211529.46344 953035.50032 1178738.36202 1200277.90714 772332.25745 1108220.35806 1090873.92019 1130656.6343999999 1205942.9134 1086188.19459 1199996.85318 656119.13303 1057978.11035 1193949.44756 975776.5245 660236.03233 1174816.65882 844037.4849 1212759.17363 784651.42054 609757.33936 1130557.5562800001 1060581.27899 1036909.4362300001 724361.35146 666703.18974 1061594.1937799999 906125.81897 530059.64812 960618.66463 820354.17543 696119.46122 1097344.7998000002 721057.04402 982001.81517 1045860.67654 758405.31975 1134915.89751 625316.98086 1108568.67565 998948.37071 1139273.38392 867774.21173 988583.65719 1154062.52109 0 925316.40827 631611.42104 726775.02022 
1081291.47585 635425.16419 1064347.95693 760401.68258 663195.86255 1043682.0534600001 1109013.35312 701310.97976 1153189.77645 1180172.7244199999 1213074.8267299999 1083594.78834 914102.81204 1235186.71795 759762.34784 1131597.5325500001 1210933.053 1223220.52346 1086547.13286 1182486.0504299998 729452.76019 881529.82354 1154358.65322 1147639.9475500002 925411.20264 893699.02175 936991.58443 960027.58573 608338.55552 713846.32072 1139873.10118 512835.47041 1172764.1733900001 1124745.8868 763042.4332 600937.74913 1145481.0575899999 724841.60864 1173607.40343 1149722.7992 1231359.8160899999 1270759.37838 590544.92649 626888.17285 1172199.77296 1129024.21446 737445.00414 925316.40827 0 903270.971 1024738.1181900001 
1089878.54734 835933.99516 904213.86814 1072619.8878600001 1106880.41211 866329.84792 1051749.52599 544984.42485 1095322.29106 748703.4519 840520.51551 605236.44817 1167465.90593 620350.22521 799033.49945 693247.81804 882805.36907 749291.4016 842032.44318 954146.42488 1150467.85745 1103270.0418 1091495.00708 597772.27071 824673.99795 1123626.67395 822674.35586 674770.49121 853053.97508 1189162.54917 534508.01899 739602.62483 798222.10117 1082203.47896 1249859.1415300001 714151.00144 651962.07444 1267475.74245 1174451.88913 998148.38786 1143504.55833 790585.2802 1090769.13288 1170953.12936 1093823.96049 680574.33936 930901.56513 631611.42104 903270.971 0 1059140.81376 
646869.29559 949631.75585 780423.63457 1059191.40049 852231.13077 956065.82442 975096.72254 713345.13526 1117382.5875 668087.6206 1150950.89259 1008798.71799 852839.65681 1187378.09497 1044335.1300400001 1163558.1252700002 1091870.7181799999 1095249.8240399999 1199575.24437 1183266.2671400001 541363.72996 894080.9325 1188986.91564 864270.15952 1085339.86454 528756.36179 776960.78906 977372.00207 1117714.77934 822056.01196 1103354.44998 511902.64778 1121117.2205400001 815719.16492 558324.26034 1096450.1749200001 520374.18742 1061690.0973800002 1068310.58012 986199.15538 1183555.5306600002 1082670.34815 504594.4058 835670.6498 923571.39673 740810.36062 1041361.43579 726775.02022 1024738.1181900001 1059140.81376 0 
