50
location43 location1 location28 location56 location60 location69 location74 location77 location79 location2 location6 location55 location85 location89 location94 location37 location57 location61 location15 location34 location93 location88 location50 location78 location24 location66 location81 location83 location16 location38 location23 location44 location70 location98 location62 location68 location0 location54 location86 location91 location99 location3 location13 location36 location76 location11 location47 location53 location95 location4
0 599.0 780.0 63.0 585.0 70.0 231.0 687.0 695.0 417.0 116.0 394.0 465.0 352.0 844.0 17.0 466.0 838.0 643.0 89.0 638.0 304.0 586.0 329.0 77.0 96.0 373.0 472.0 240.0 765.0 251.0 495.0 3.0 604.0 280.0 603.0 2.0 512.0 51.0 577.0 774.0 359.0 45.0 545.0 601.0 566.0 166.0 479.0 872.0 316.0 
599.0 0 181.0 536.0 14.0 669.0 368.0 88.0 96.0 182.0 483.0 205.0 134.0 247.0 245.0 582.0 133.0 239.0 44.0 510.0 39.0 295.0 13.0 270.0 522.0 695.0 226.0 127.0 359.0 166.0 348.0 104.0 602.0 5.0 319.0 4.0 597.0 87.0 650.0 22.0 175.0 240.0 554.0 54.0 2.0 33.0 433.0 120.0 273.0 283.0 
780.0 181.0 0 717.0 195.0 850.0 549.0 93.0 85.0 363.0 664.0 386.0 315.0 428.0 64.0 763.0 314.0 58.0 137.0 691.0 142.0 476.0 194.0 451.0 703.0 876.0 407.0 308.0 540.0 15.0 529.0 285.0 783.0 176.0 500.0 177.0 778.0 268.0 831.0 203.0 6.0 421.0 735.0 235.0 179.0 214.0 614.0 301.0 92.0 464.0 
63.0 536.0 717.0 0 522.0 133.0 168.0 624.0 632.0 354.0 53.0 331.0 402.0 289.0 781.0 46.0 403.0 775.0 580.0 26.0 575.0 241.0 523.0 266.0 14.0 159.0 310.0 409.0 177.0 702.0 188.0 432.0 66.0 541.0 217.0 540.0 61.0 449.0 114.0 514.0 711.0 296.0 18.0 482.0 538.0 503.0 103.0 416.0 809.0 253.0 
585.0 14.0 195.0 522.0 0 655.0 354.0 102.0 110.0 168.0 469.0 191.0 120.0 233.0 259.0 568.0 119.0 253.0 58.0 496.0 53.0 281.0 1.0 256.0 508.0 681.0 212.0 113.0 345.0 180.0 334.0 90.0 588.0 19.0 305.0 18.0 583.0 73.0 636.0 8.0 189.0 226.0 540.0 40.0 16.0 19.0 419.0 106.0 287.0 269.0 
70.0 669.0 850.0 133.0 655.0 0 301.0 757.0 765.0 487.0 186.0 464.0 535.0 422.0 914.0 87.0 536.0 908.0 713.0 159.0 708.0 374.0 656.0 399.0 147.0 26.0 443.0 542.0 310.0 835.0 321.0 565.0 67.0 674.0 350.0 673.0 72.0 582.0 19.0 647.0 844.0 429.0 115.0 615.0 671.0 636.0 236.0 549.0 942.0 386.0 
231.0 368.0 549.0 168.0 354.0 301.0 0 456.0 464.0 186.0 115.0 163.0 234.0 121.0 613.0 214.0 235.0 607.0 412.0 142.0 407.0 73.0 355.0 98.0 154.0 327.0 142.0 241.0 9.0 534.0 20.0 264.0 234.0 373.0 49.0 372.0 229.0 281.0 282.0 346.0 543.0 128.0 186.0 314.0 370.0 335.0 65.0 248.0 641.0 85.0 
687.0 88.0 93.0 624.0 102.0 757.0 456.0 0 8.0 270.0 571.0 293.0 222.0 335.0 157.0 670.0 221.0 151.0 44.0 598.0 49.0 383.0 101.0 358.0 610.0 783.0 314.0 215.0 447.0 78.0 436.0 192.0 690.0 83.0 407.0 84.0 685.0 175.0 738.0 110.0 87.0 328.0 642.0 142.0 86.0 121.0 521.0 208.0 185.0 371.0 
695.0 96.0 85.0 632.0 110.0 765.0 464.0 8.0 0 278.0 579.0 301.0 230.0 343.0 149.0 678.0 229.0 143.0 52.0 606.0 57.0 391.0 109.0 366.0 618.0 791.0 322.0 223.0 455.0 70.0 444.0 200.0 698.0 91.0 415.0 92.0 693.0 183.0 746.0 118.0 79.0 336.0 650.0 150.0 94.0 129.0 529.0 216.0 177.0 379.0 
417.0 182.0 363.0 354.0 168.0 487.0 186.0 270.0 278.0 0 301.0 23.0 48.0 65.0 427.0 400.0 49.0 421.0 226.0 328.0 221.0 113.0 169.0 88.0 340.0 513.0 44.0 55.0 177.0 348.0 166.0 78.0 420.0 187.0 137.0 186.0 415.0 95.0 468.0 160.0 357.0 58.0 372.0 128.0 184.0 149.0 251.0 62.0 455.0 101.0 
116.0 483.0 664.0 53.0 469.0 186.0 115.0 571.0 579.0 301.0 0 278.0 349.0 236.0 728.0 99.0 350.0 722.0 527.0 27.0 522.0 188.0 470.0 213.0 39.0 212.0 257.0 356.0 124.0 649.0 135.0 379.0 119.0 488.0 164.0 487.0 114.0 396.0 167.0 461.0 658.0 243.0 71.0 429.0 485.0 450.0 50.0 363.0 756.0 200.0 
394.0 205.0 386.0 331.0 191.0 464.0 163.0 293.0 301.0 23.0 278.0 0 71.0 42.0 450.0 377.0 72.0 444.0 249.0 305.0 244.0 90.0 192.0 65.0 317.0 490.0 21.0 78.0 154.0 371.0 143.0 101.0 397.0 210.0 114.0 209.0 392.0 118.0 445.0 183.0 380.0 35.0 349.0 151.0 207.0 172.0 228.0 85.0 478.0 78.0 
465.0 134.0 315.0 402.0 120.0 535.0 234.0 222.0 230.0 48.0 349.0 71.0 0 113.0 379.0 448.0 1.0 373.0 178.0 376.0 173.0 161.0 121.0 136.0 388.0 561.0 92.0 7.0 225.0 300.0 214.0 30.0 468.0 139.0 185.0 138.0 463.0 47.0 516.0 112.0 309.0 106.0 420.0 80.0 136.0 101.0 299.0 14.0 407.0 149.0 
352.0 247.0 428.0 289.0 233.0 422.0 121.0 335.0 343.0 65.0 236.0 42.0 113.0 0 492.0 335.0 114.0 486.0 291.0 263.0 286.0 48.0 234.0 23.0 275.0 448.0 21.0 120.0 112.0 413.0 101.0 143.0 355.0 252.0 72.0 251.0 350.0 160.0 403.0 225.0 422.0 7.0 307.0 193.0 249.0 214.0 186.0 127.0 520.0 36.0 
844.0 245.0 64.0 781.0 259.0 914.0 613.0 157.0 149.0 427.0 728.0 450.0 379.0 492.0 0 827.0 378.0 6.0 201.0 755.0 206.0 540.0 258.0 515.0 767.0 940.0 471.0 372.0 604.0 79.0 593.0 349.0 847.0 240.0 564.0 241.0 842.0 332.0 895.0 267.0 70.0 485.0 799.0 299.0 243.0 278.0 678.0 365.0 28.0 528.0 
17.0 582.0 763.0 46.0 568.0 87.0 214.0 670.0 678.0 400.0 99.0 377.0 448.0 335.0 827.0 0 449.0 821.0 626.0 72.0 621.0 287.0 569.0 312.0 60.0 113.0 356.0 455.0 223.0 748.0 234.0 478.0 20.0 587.0 263.0 586.0 15.0 495.0 68.0 560.0 757.0 342.0 28.0 528.0 584.0 549.0 149.0 462.0 855.0 299.0 
466.0 133.0 314.0 403.0 119.0 536.0 235.0 221.0 229.0 49.0 350.0 72.0 1.0 114.0 378.0 449.0 0 372.0 177.0 377.0 172.0 162.0 120.0 137.0 389.0 562.0 93.0 6.0 226.0 299.0 215.0 29.0 469.0 138.0 186.0 137.0 464.0 46.0 517.0 111.0 308.0 107.0 421.0 79.0 135.0 100.0 300.0 13.0 406.0 150.0 
838.0 239.0 58.0 775.0 253.0 908.0 607.0 151.0 143.0 421.0 722.0 444.0 373.0 486.0 6.0 821.0 372.0 0 195.0 749.0 200.0 534.0 252.0 509.0 761.0 934.0 465.0 366.0 598.0 73.0 587.0 343.0 841.0 234.0 558.0 235.0 836.0 326.0 889.0 261.0 64.0 479.0 793.0 293.0 237.0 272.0 672.0 359.0 34.0 522.0 
643.0 44.0 137.0 580.0 58.0 713.0 412.0 44.0 52.0 226.0 527.0 249.0 178.0 291.0 201.0 626.0 177.0 195.0 0 554.0 5.0 339.0 57.0 314.0 566.0 739.0 270.0 171.0 403.0 122.0 392.0 148.0 646.0 39.0 363.0 40.0 641.0 131.0 694.0 66.0 131.0 284.0 598.0 98.0 42.0 77.0 477.0 164.0 229.0 327.0 
89.0 510.0 691.0 26.0 496.0 159.0 142.0 598.0 606.0 328.0 27.0 305.0 376.0 263.0 755.0 72.0 377.0 749.0 554.0 0 549.0 215.0 497.0 240.0 12.0 185.0 284.0 383.0 151.0 676.0 162.0 406.0 92.0 515.0 191.0 514.0 87.0 423.0 140.0 488.0 685.0 270.0 44.0 456.0 512.0 477.0 77.0 390.0 783.0 227.0 
638.0 39.0 142.0 575.0 53.0 708.0 407.0 49.0 57.0 221.0 522.0 244.0 173.0 286.0 206.0 621.0 172.0 200.0 5.0 549.0 0 334.0 52.0 309.0 561.0 734.0 265.0 166.0 398.0 127.0 387.0 143.0 641.0 34.0 358.0 35.0 636.0 126.0 689.0 61.0 136.0 279.0 593.0 93.0 37.0 72.0 472.0 159.0 234.0 322.0 
304.0 295.0 476.0 241.0 281.0 374.0 73.0 383.0 391.0 113.0 188.0 90.0 161.0 48.0 540.0 287.0 162.0 534.0 339.0 215.0 334.0 0 282.0 25.0 227.0 400.0 69.0 168.0 64.0 461.0 53.0 191.0 307.0 300.0 24.0 299.0 302.0 208.0 355.0 273.0 470.0 55.0 259.0 241.0 297.0 262.0 138.0 175.0 568.0 12.0 
586.0 13.0 194.0 523.0 1.0 656.0 355.0 101.0 109.0 169.0 470.0 192.0 121.0 234.0 258.0 569.0 120.0 252.0 57.0 497.0 52.0 282.0 0 257.0 509.0 682.0 213.0 114.0 346.0 179.0 335.0 91.0 589.0 18.0 306.0 17.0 584.0 74.0 637.0 9.0 188.0 227.0 541.0 41.0 15.0 20.0 420.0 107.0 286.0 270.0 
329.0 270.0 451.0 266.0 256.0 399.0 98.0 358.0 366.0 88.0 213.0 65.0 136.0 23.0 515.0 312.0 137.0 509.0 314.0 240.0 309.0 25.0 257.0 0 252.0 425.0 44.0 143.0 89.0 436.0 78.0 166.0 332.0 275.0 49.0 274.0 327.0 183.0 380.0 248.0 445.0 30.0 284.0 216.0 272.0 237.0 163.0 150.0 543.0 13.0 
77.0 522.0 703.0 14.0 508.0 147.0 154.0 610.0 618.0 340.0 39.0 317.0 388.0 275.0 767.0 60.0 389.0 761.0 566.0 12.0 561.0 227.0 509.0 252.0 0 173.0 296.0 395.0 163.0 688.0 174.0 418.0 80.0 527.0 203.0 526.0 75.0 435.0 128.0 500.0 697.0 282.0 32.0 468.0 524.0 489.0 89.0 402.0 795.0 239.0 
96.0 695.0 876.0 159.0 681.0 26.0 327.0 783.0 791.0 513.0 212.0 490.0 561.0 448.0 940.0 113.0 562.0 934.0 739.0 185.0 734.0 400.0 682.0 425.0 173.0 0 469.0 568.0 336.0 861.0 347.0 591.0 93.0 700.0 376.0 699.0 98.0 608.0 45.0 673.0 870.0 455.0 141.0 641.0 697.0 662.0 262.0 575.0 968.0 412.0 
373.0 226.0 407.0 310.0 212.0 443.0 142.0 314.0 322.0 44.0 257.0 21.0 92.0 21.0 471.0 356.0 93.0 465.0 270.0 284.0 265.0 69.0 213.0 44.0 296.0 469.0 0 99.0 133.0 392.0 122.0 122.0 376.0 231.0 93.0 230.0 371.0 139.0 424.0 204.0 401.0 14.0 328.0 172.0 228.0 193.0 207.0 106.0 499.0 57.0 
472.0 127.0 308.0 409.0 113.0 542.0 241.0 215.0 223.0 55.0 356.0 78.0 7.0 120.0 372.0 455.0 6.0 366.0 171.0 383.0 166.0 168.0 114.0 143.0 395.0 568.0 99.0 0 232.0 293.0 221.0 23.0 475.0 132.0 192.0 131.0 470.0 40.0 523.0 105.0 302.0 113.0 427.0 73.0 129.0 94.0 306.0 7.0 400.0 156.0 
240.0 359.0 540.0 177.0 345.0 310.0 9.0 447.0 455.0 177.0 124.0 154.0 225.0 112.0 604.0 223.0 226.0 598.0 403.0 151.0 398.0 64.0 346.0 89.0 163.0 336.0 133.0 232.0 0 525.0 11.0 255.0 243.0 364.0 40.0 363.0 238.0 272.0 291.0 337.0 534.0 119.0 195.0 305.0 361.0 326.0 74.0 239.0 632.0 76.0 
765.0 166.0 15.0 702.0 180.0 835.0 534.0 78.0 70.0 348.0 649.0 371.0 300.0 413.0 79.0 748.0 299.0 73.0 122.0 676.0 127.0 461.0 179.0 436.0 688.0 861.0 392.0 293.0 525.0 0 514.0 270.0 768.0 161.0 485.0 162.0 763.0 253.0 816.0 188.0 9.0 406.0 720.0 220.0 164.0 199.0 599.0 286.0 107.0 449.0 
251.0 348.0 529.0 188.0 334.0 321.0 20.0 436.0 444.0 166.0 135.0 143.0 214.0 101.0 593.0 234.0 215.0 587.0 392.0 162.0 387.0 53.0 335.0 78.0 174.0 347.0 122.0 221.0 11.0 514.0 0 244.0 254.0 353.0 29.0 352.0 249.0 261.0 302.0 326.0 523.0 108.0 206.0 294.0 350.0 315.0 85.0 228.0 621.0 65.0 
495.0 104.0 285.0 432.0 90.0 565.0 264.0 192.0 200.0 78.0 379.0 101.0 30.0 143.0 349.0 478.0 29.0 343.0 148.0 406.0 143.0 191.0 91.0 166.0 418.0 591.0 122.0 23.0 255.0 270.0 244.0 0 498.0 109.0 215.0 108.0 493.0 17.0 546.0 82.0 279.0 136.0 450.0 50.0 106.0 71.0 329.0 16.0 377.0 179.0 
3.0 602.0 783.0 66.0 588.0 67.0 234.0 690.0 698.0 420.0 119.0 397.0 468.0 355.0 847.0 20.0 469.0 841.0 646.0 92.0 641.0 307.0 589.0 332.0 80.0 93.0 376.0 475.0 243.0 768.0 254.0 498.0 0 607.0 283.0 606.0 5.0 515.0 48.0 580.0 777.0 362.0 48.0 548.0 604.0 569.0 169.0 482.0 875.0 319.0 
604.0 5.0 176.0 541.0 19.0 674.0 373.0 83.0 91.0 187.0 488.0 210.0 139.0 252.0 240.0 587.0 138.0 234.0 39.0 515.0 34.0 300.0 18.0 275.0 527.0 700.0 231.0 132.0 364.0 161.0 353.0 109.0 607.0 0 324.0 1.0 602.0 92.0 655.0 27.0 170.0 245.0 559.0 59.0 3.0 38.0 438.0 125.0 268.0 288.0 
280.0 319.0 500.0 217.0 305.0 350.0 49.0 407.0 415.0 137.0 164.0 114.0 185.0 72.0 564.0 263.0 186.0 558.0 363.0 191.0 358.0 24.0 306.0 49.0 203.0 376.0 93.0 192.0 40.0 485.0 29.0 215.0 283.0 324.0 0 323.0 278.0 232.0 331.0 297.0 494.0 79.0 235.0 265.0 321.0 286.0 114.0 199.0 592.0 36.0 
603.0 4.0 177.0 540.0 18.0 673.0 372.0 84.0 92.0 186.0 487.0 209.0 138.0 251.0 241.0 586.0 137.0 235.0 40.0 514.0 35.0 299.0 17.0 274.0 526.0 699.0 230.0 131.0 363.0 162.0 352.0 108.0 606.0 1.0 323.0 0 601.0 91.0 654.0 26.0 171.0 244.0 558.0 58.0 2.0 37.0 437.0 124.0 269.0 287.0 
2.0 597.0 778.0 61.0 583.0 72.0 229.0 685.0 693.0 415.0 114.0 392.0 463.0 350.0 842.0 15.0 464.0 836.0 641.0 87.0 636.0 302.0 584.0 327.0 75.0 98.0 371.0 470.0 238.0 763.0 249.0 493.0 5.0 602.0 278.0 601.0 0 510.0 53.0 575.0 772.0 357.0 43.0 543.0 599.0 564.0 164.0 477.0 870.0 314.0 
512.0 87.0 268.0 449.0 73.0 582.0 281.0 175.0 183.0 95.0 396.0 118.0 47.0 160.0 332.0 495.0 46.0 326.0 131.0 423.0 126.0 208.0 74.0 183.0 435.0 608.0 139.0 40.0 272.0 253.0 261.0 17.0 515.0 92.0 232.0 91.0 510.0 0 563.0 65.0 262.0 153.0 467.0 33.0 89.0 54.0 346.0 33.0 360.0 196.0 
51.0 650.0 831.0 114.0 636.0 19.0 282.0 738.0 746.0 468.0 167.0 445.0 516.0 403.0 895.0 68.0 517.0 889.0 694.0 140.0 689.0 355.0 637.0 380.0 128.0 45.0 424.0 523.0 291.0 816.0 302.0 546.0 48.0 655.0 331.0 654.0 53.0 563.0 0 628.0 825.0 410.0 96.0 596.0 652.0 617.0 217.0 530.0 923.0 367.0 
577.0 22.0 203.0 514.0 8.0 647.0 346.0 110.0 118.0 160.0 461.0 183.0 112.0 225.0 267.0 560.0 111.0 261.0 66.0 488.0 61.0 273.0 9.0 248.0 500.0 673.0 204.0 105.0 337.0 188.0 326.0 82.0 580.0 27.0 297.0 26.0 575.0 65.0 628.0 0 197.0 218.0 532.0 32.0 24.0 11.0 411.0 98.0 295.0 261.0 
774.0 175.0 6.0 711.0 189.0 844.0 543.0 87.0 79.0 357.0 658.0 380.0 309.0 422.0 70.0 757.0 308.0 64.0 131.0 685.0 136.0 470.0 188.0 445.0 697.0 870.0 401.0 302.0 534.0 9.0 523.0 279.0 777.0 170.0 494.0 171.0 772.0 262.0 825.0 197.0 0 415.0 729.0 229.0 173.0 208.0 608.0 295.0 98.0 458.0 
359.0 240.0 421.0 296.0 226.0 429.0 128.0 328.0 336.0 58.0 243.0 35.0 106.0 7.0 485.0 342.0 107.0 479.0 284.0 270.0 279.0 55.0 227.0 30.0 282.0 455.0 14.0 113.0 119.0 406.0 108.0 136.0 362.0 245.0 79.0 244.0 357.0 153.0 410.0 218.0 415.0 0 314.0 186.0 242.0 207.0 193.0 120.0 513.0 43.0 
45.0 554.0 735.0 18.0 540.0 115.0 186.0 642.0 650.0 372.0 71.0 349.0 420.0 307.0 799.0 28.0 421.0 793.0 598.0 44.0 593.0 259.0 541.0 284.0 32.0 141.0 328.0 427.0 195.0 720.0 206.0 450.0 48.0 559.0 235.0 558.0 43.0 467.0 96.0 532.0 729.0 314.0 0 500.0 556.0 521.0 121.0 434.0 827.0 271.0 
545.0 54.0 235.0 482.0 40.0 615.0 314.0 142.0 150.0 128.0 429.0 151.0 80.0 193.0 299.0 528.0 79.0 293.0 98.0 456.0 93.0 241.0 41.0 216.0 468.0 641.0 172.0 73.0 305.0 220.0 294.0 50.0 548.0 59.0 265.0 58.0 543.0 33.0 596.0 32.0 229.0 186.0 500.0 0 56.0 21.0 379.0 66.0 327.0 229.0 
601.0 2.0 179.0 538.0 16.0 671.0 370.0 86.0 94.0 184.0 485.0 207.0 136.0 249.0 243.0 584.0 135.0 237.0 42.0 512.0 37.0 297.0 15.0 272.0 524.0 697.0 228.0 129.0 361.0 164.0 350.0 106.0 604.0 3.0 321.0 2.0 599.0 89.0 652.0 24.0 173.0 242.0 556.0 56.0 0 35.0 435.0 122.0 271.0 285.0 
566.0 33.0 214.0 503.0 19.0 636.0 335.0 121.0 129.0 149.0 450.0 172.0 101.0 214.0 278.0 549.0 100.0 272.0 77.0 477.0 72.0 262.0 20.0 237.0 489.0 662.0 193.0 94.0 326.0 199.0 315.0 71.0 569.0 38.0 286.0 37.0 564.0 54.0 617.0 11.0 208.0 207.0 521.0 21.0 35.0 0 400.0 87.0 306.0 250.0 
166.0 433.0 614.0 103.0 419.0 236.0 65.0 521.0 529.0 251.0 50.0 228.0 299.0 186.0 678.0 149.0 300.0 672.0 477.0 77.0 472.0 138.0 420.0 163.0 89.0 262.0 207.0 306.0 74.0 599.0 85.0 329.0 169.0 438.0 114.0 437.0 164.0 346.0 217.0 411.0 608.0 193.0 121.0 379.0 435.0 400.0 0 313.0 706.0 150.0 
479.0 120.0 301.0 416.0 106.0 549.0 248.0 208.0 216.0 62.0 363.0 85.0 14.0 127.0 365.0 462.0 13.0 359.0 164.0 390.0 159.0 175.0 107.0 150.0 402.0 575.0 106.0 7.0 239.0 286.0 228.0 16.0 482.0 125.0 199.0 124.0 477.0 33.0 530.0 98.0 295.0 120.0 434.0 66.0 122.0 87.0 313.0 0 393.0 163.0 
872.0 273.0 92.0 809.0 287.0 942.0 641.0 185.0 177.0 455.0 756.0 478.0 407.0 520.0 28.0 855.0 406.0 34.0 229.0 783.0 234.0 568.0 286.0 543.0 795.0 968.0 499.0 400.0 632.0 107.0 621.0 377.0 875.0 268.0 592.0 269.0 870.0 360.0 923.0 295.0 98.0 513.0 827.0 327.0 271.0 306.0 706.0 393.0 0 556.0 
316.0 283.0 464.0 253.0 269.0 386.0 85.0 371.0 379.0 101.0 200.0 78.0 149.0 36.0 528.0 299.0 150.0 522.0 327.0 227.0 322.0 12.0 270.0 13.0 239.0 412.0 57.0 156.0 76.0 449.0 65.0 179.0 319.0 288.0 36.0 287.0 314.0 196.0 367.0 261.0 458.0 43.0 271.0 229.0 285.0 250.0 150.0 163.0 556.0 0 
