101
location0 location6 location11 location16 location20 location21 location23 location31 location43 location49 location50 location55 location56 location80 location93 location96 location99 location100 location101 location108 location116 location117 location133 location147 location155 location157 location160 location170 location181 location183 location186 location190 location2 location33 location41 location51 location63 location68 location71 location74 location83 location107 location113 location122 location125 location128 location132 location135 location140 location141 location143 location156 location159 location163 location165 location168 location169 location185 location189 location193 location15 location18 location19 location54 location57 location62 location64 location72 location92 location110 location115 location120 location127 location129 location136 location146 location148 location152 location158 location171 location188 location191 location1 location5 location14 location24 location25 location29 location37 location40 location48 location60 location70 location84 location102 location119 location124 location144 location177 location192 location4
0 509.0 35.0 36.0 446.0 401.0 505.0 53.0 75.0 256.0 684.0 576.0 154.0 359.0 568.0 704.0 168.0 1.0 58.0 163.0 331.0 620.0 204.0 604.0 632.0 190.0 157.0 68.0 61.0 352.0 75.0 81.0 167.0 255.0 88.0 178.0 580.0 34.0 225.0 404.0 468.0 407.0 516.0 666.0 618.0 130.0 11.0 64.0 366.0 501.0 113.0 150.0 495.0 419.0 373.0 101.0 230.0 148.0 169.0 322.0 69.0 167.0 589.0 310.0 418.0 123.0 206.0 491.0 412.0 57.0 66.0 72.0 701.0 266.0 128.0 59.0 52.0 192.0 588.0 282.0 638.0 187.0 241.0 207.0 244.0 179.0 49.0 277.0 480.0 416.0 551.0 542.0 84.0 271.0 23.0 333.0 90.0 203.0 40.0 8.0 447.0 
509.0 0 544.0 473.0 63.0 108.0 4.0 456.0 434.0 253.0 175.0 67.0 663.0 150.0 59.0 195.0 341.0 508.0 451.0 346.0 178.0 111.0 305.0 95.0 123.0 319.0 352.0 441.0 570.0 157.0 584.0 590.0 342.0 254.0 597.0 331.0 71.0 475.0 734.0 105.0 41.0 102.0 7.0 157.0 109.0 379.0 520.0 573.0 143.0 8.0 396.0 659.0 14.0 90.0 136.0 408.0 739.0 657.0 340.0 187.0 440.0 676.0 80.0 199.0 91.0 632.0 303.0 18.0 97.0 452.0 575.0 437.0 192.0 243.0 381.0 568.0 457.0 317.0 79.0 791.0 129.0 696.0 750.0 302.0 265.0 688.0 460.0 232.0 29.0 93.0 42.0 33.0 425.0 780.0 486.0 176.0 599.0 306.0 469.0 501.0 62.0 
35.0 544.0 0 71.0 481.0 436.0 540.0 88.0 110.0 291.0 719.0 611.0 119.0 394.0 603.0 739.0 203.0 36.0 93.0 198.0 366.0 655.0 239.0 639.0 667.0 225.0 192.0 103.0 26.0 387.0 40.0 46.0 202.0 290.0 53.0 213.0 615.0 69.0 190.0 439.0 503.0 442.0 551.0 701.0 653.0 165.0 24.0 29.0 401.0 536.0 148.0 115.0 530.0 454.0 408.0 136.0 195.0 113.0 204.0 357.0 104.0 132.0 624.0 345.0 453.0 88.0 241.0 526.0 447.0 92.0 31.0 107.0 736.0 301.0 163.0 24.0 87.0 227.0 623.0 247.0 673.0 152.0 206.0 242.0 279.0 144.0 84.0 312.0 515.0 451.0 586.0 577.0 119.0 236.0 58.0 368.0 55.0 238.0 75.0 43.0 482.0 
36.0 473.0 71.0 0 410.0 365.0 469.0 17.0 39.0 220.0 648.0 540.0 190.0 323.0 532.0 668.0 132.0 35.0 22.0 127.0 295.0 584.0 168.0 568.0 596.0 154.0 121.0 32.0 97.0 316.0 111.0 117.0 131.0 219.0 124.0 142.0 544.0 2.0 261.0 368.0 432.0 371.0 480.0 630.0 582.0 94.0 47.0 100.0 330.0 465.0 77.0 186.0 459.0 383.0 337.0 65.0 266.0 184.0 133.0 286.0 33.0 203.0 553.0 274.0 382.0 159.0 170.0 455.0 376.0 21.0 102.0 36.0 665.0 230.0 92.0 95.0 16.0 156.0 552.0 318.0 602.0 223.0 277.0 171.0 208.0 215.0 13.0 241.0 444.0 380.0 515.0 506.0 48.0 307.0 13.0 297.0 126.0 167.0 4.0 28.0 411.0 
446.0 63.0 481.0 410.0 0 45.0 59.0 393.0 371.0 190.0 238.0 130.0 600.0 87.0 122.0 258.0 278.0 445.0 388.0 283.0 115.0 174.0 242.0 158.0 186.0 256.0 289.0 378.0 507.0 94.0 521.0 527.0 279.0 191.0 534.0 268.0 134.0 412.0 671.0 42.0 22.0 39.0 70.0 220.0 172.0 316.0 457.0 510.0 80.0 55.0 333.0 596.0 49.0 27.0 73.0 345.0 676.0 594.0 277.0 124.0 377.0 613.0 143.0 136.0 28.0 569.0 240.0 45.0 34.0 389.0 512.0 374.0 255.0 180.0 318.0 505.0 394.0 254.0 142.0 728.0 192.0 633.0 687.0 239.0 202.0 625.0 397.0 169.0 34.0 30.0 105.0 96.0 362.0 717.0 423.0 113.0 536.0 243.0 406.0 438.0 1.0 
401.0 108.0 436.0 365.0 45.0 0 104.0 348.0 326.0 145.0 283.0 175.0 555.0 42.0 167.0 303.0 233.0 400.0 343.0 238.0 70.0 219.0 197.0 203.0 231.0 211.0 244.0 333.0 462.0 49.0 476.0 482.0 234.0 146.0 489.0 223.0 179.0 367.0 626.0 3.0 67.0 6.0 115.0 265.0 217.0 271.0 412.0 465.0 35.0 100.0 288.0 551.0 94.0 18.0 28.0 300.0 631.0 549.0 232.0 79.0 332.0 568.0 188.0 91.0 17.0 524.0 195.0 90.0 11.0 344.0 467.0 329.0 300.0 135.0 273.0 460.0 349.0 209.0 187.0 683.0 237.0 588.0 642.0 194.0 157.0 580.0 352.0 124.0 79.0 15.0 150.0 141.0 317.0 672.0 378.0 68.0 491.0 198.0 361.0 393.0 46.0 
505.0 4.0 540.0 469.0 59.0 104.0 0 452.0 430.0 249.0 179.0 71.0 659.0 146.0 63.0 199.0 337.0 504.0 447.0 342.0 174.0 115.0 301.0 99.0 127.0 315.0 348.0 437.0 566.0 153.0 580.0 586.0 338.0 250.0 593.0 327.0 75.0 471.0 730.0 101.0 37.0 98.0 11.0 161.0 113.0 375.0 516.0 569.0 139.0 4.0 392.0 655.0 10.0 86.0 132.0 404.0 735.0 653.0 336.0 183.0 436.0 672.0 84.0 195.0 87.0 628.0 299.0 14.0 93.0 448.0 571.0 433.0 196.0 239.0 377.0 564.0 453.0 313.0 83.0 787.0 133.0 692.0 746.0 298.0 261.0 684.0 456.0 228.0 25.0 89.0 46.0 37.0 421.0 776.0 482.0 172.0 595.0 302.0 465.0 497.0 58.0 
53.0 456.0 88.0 17.0 393.0 348.0 452.0 0 22.0 203.0 631.0 523.0 207.0 306.0 515.0 651.0 115.0 52.0 5.0 110.0 278.0 567.0 151.0 551.0 579.0 137.0 104.0 15.0 114.0 299.0 128.0 134.0 114.0 202.0 141.0 125.0 527.0 19.0 278.0 351.0 415.0 354.0 463.0 613.0 565.0 77.0 64.0 117.0 313.0 448.0 60.0 203.0 442.0 366.0 320.0 48.0 283.0 201.0 116.0 269.0 16.0 220.0 536.0 257.0 365.0 176.0 153.0 438.0 359.0 4.0 119.0 19.0 648.0 213.0 75.0 112.0 1.0 139.0 535.0 335.0 585.0 240.0 294.0 154.0 191.0 232.0 4.0 224.0 427.0 363.0 498.0 489.0 31.0 324.0 30.0 280.0 143.0 150.0 13.0 45.0 394.0 
75.0 434.0 110.0 39.0 371.0 326.0 430.0 22.0 0 181.0 609.0 501.0 229.0 284.0 493.0 629.0 93.0 74.0 17.0 88.0 256.0 545.0 129.0 529.0 557.0 115.0 82.0 7.0 136.0 277.0 150.0 156.0 92.0 180.0 163.0 103.0 505.0 41.0 300.0 329.0 393.0 332.0 441.0 591.0 543.0 55.0 86.0 139.0 291.0 426.0 38.0 225.0 420.0 344.0 298.0 26.0 305.0 223.0 94.0 247.0 6.0 242.0 514.0 235.0 343.0 198.0 131.0 416.0 337.0 18.0 141.0 3.0 626.0 191.0 53.0 134.0 23.0 117.0 513.0 357.0 563.0 262.0 316.0 132.0 169.0 254.0 26.0 202.0 405.0 341.0 476.0 467.0 9.0 346.0 52.0 258.0 165.0 128.0 35.0 67.0 372.0 
256.0 253.0 291.0 220.0 190.0 145.0 249.0 203.0 181.0 0 428.0 320.0 410.0 103.0 312.0 448.0 88.0 255.0 198.0 93.0 75.0 364.0 52.0 348.0 376.0 66.0 99.0 188.0 317.0 96.0 331.0 337.0 89.0 1.0 344.0 78.0 324.0 222.0 481.0 148.0 212.0 151.0 260.0 410.0 362.0 126.0 267.0 320.0 110.0 245.0 143.0 406.0 239.0 163.0 117.0 155.0 486.0 404.0 87.0 66.0 187.0 423.0 333.0 54.0 162.0 379.0 50.0 235.0 156.0 199.0 322.0 184.0 445.0 10.0 128.0 315.0 204.0 64.0 332.0 538.0 382.0 443.0 497.0 49.0 12.0 435.0 207.0 21.0 224.0 160.0 295.0 286.0 172.0 527.0 233.0 77.0 346.0 53.0 216.0 248.0 191.0 
684.0 175.0 719.0 648.0 238.0 283.0 179.0 631.0 609.0 428.0 0 108.0 838.0 325.0 116.0 20.0 516.0 683.0 626.0 521.0 353.0 64.0 480.0 80.0 52.0 494.0 527.0 616.0 745.0 332.0 759.0 765.0 517.0 429.0 772.0 506.0 104.0 650.0 909.0 280.0 216.0 277.0 168.0 18.0 66.0 554.0 695.0 748.0 318.0 183.0 571.0 834.0 189.0 265.0 311.0 583.0 914.0 832.0 515.0 362.0 615.0 851.0 95.0 374.0 266.0 807.0 478.0 193.0 272.0 627.0 750.0 612.0 17.0 418.0 556.0 743.0 632.0 492.0 96.0 966.0 46.0 871.0 925.0 477.0 440.0 863.0 635.0 407.0 204.0 268.0 133.0 142.0 600.0 955.0 661.0 351.0 774.0 481.0 644.0 676.0 237.0 
576.0 67.0 611.0 540.0 130.0 175.0 71.0 523.0 501.0 320.0 108.0 0 730.0 217.0 8.0 128.0 408.0 575.0 518.0 413.0 245.0 44.0 372.0 28.0 56.0 386.0 419.0 508.0 637.0 224.0 651.0 657.0 409.0 321.0 664.0 398.0 4.0 542.0 801.0 172.0 108.0 169.0 60.0 90.0 42.0 446.0 587.0 640.0 210.0 75.0 463.0 726.0 81.0 157.0 203.0 475.0 806.0 724.0 407.0 254.0 507.0 743.0 13.0 266.0 158.0 699.0 370.0 85.0 164.0 519.0 642.0 504.0 125.0 310.0 448.0 635.0 524.0 384.0 12.0 858.0 62.0 763.0 817.0 369.0 332.0 755.0 527.0 299.0 96.0 160.0 25.0 34.0 492.0 847.0 553.0 243.0 666.0 373.0 536.0 568.0 129.0 
154.0 663.0 119.0 190.0 600.0 555.0 659.0 207.0 229.0 410.0 838.0 730.0 0 513.0 722.0 858.0 322.0 155.0 212.0 317.0 485.0 774.0 358.0 758.0 786.0 344.0 311.0 222.0 93.0 506.0 79.0 73.0 321.0 409.0 66.0 332.0 734.0 188.0 71.0 558.0 622.0 561.0 670.0 820.0 772.0 284.0 143.0 90.0 520.0 655.0 267.0 4.0 649.0 573.0 527.0 255.0 76.0 6.0 323.0 476.0 223.0 13.0 743.0 464.0 572.0 31.0 360.0 645.0 566.0 211.0 88.0 226.0 855.0 420.0 282.0 95.0 206.0 346.0 742.0 128.0 792.0 33.0 87.0 361.0 398.0 25.0 203.0 431.0 634.0 570.0 705.0 696.0 238.0 117.0 177.0 487.0 64.0 357.0 194.0 162.0 601.0 
359.0 150.0 394.0 323.0 87.0 42.0 146.0 306.0 284.0 103.0 325.0 217.0 513.0 0 209.0 345.0 191.0 358.0 301.0 196.0 28.0 261.0 155.0 245.0 273.0 169.0 202.0 291.0 420.0 7.0 434.0 440.0 192.0 104.0 447.0 181.0 221.0 325.0 584.0 45.0 109.0 48.0 157.0 307.0 259.0 229.0 370.0 423.0 7.0 142.0 246.0 509.0 136.0 60.0 14.0 258.0 589.0 507.0 190.0 37.0 290.0 526.0 230.0 49.0 59.0 482.0 153.0 132.0 53.0 302.0 425.0 287.0 342.0 93.0 231.0 418.0 307.0 167.0 229.0 641.0 279.0 546.0 600.0 152.0 115.0 538.0 310.0 82.0 121.0 57.0 192.0 183.0 275.0 630.0 336.0 26.0 449.0 156.0 319.0 351.0 88.0 
568.0 59.0 603.0 532.0 122.0 167.0 63.0 515.0 493.0 312.0 116.0 8.0 722.0 209.0 0 136.0 400.0 567.0 510.0 405.0 237.0 52.0 364.0 36.0 64.0 378.0 411.0 500.0 629.0 216.0 643.0 649.0 401.0 313.0 656.0 390.0 12.0 534.0 793.0 164.0 100.0 161.0 52.0 98.0 50.0 438.0 579.0 632.0 202.0 67.0 455.0 718.0 73.0 149.0 195.0 467.0 798.0 716.0 399.0 246.0 499.0 735.0 21.0 258.0 150.0 691.0 362.0 77.0 156.0 511.0 634.0 496.0 133.0 302.0 440.0 627.0 516.0 376.0 20.0 850.0 70.0 755.0 809.0 361.0 324.0 747.0 519.0 291.0 88.0 152.0 17.0 26.0 484.0 839.0 545.0 235.0 658.0 365.0 528.0 560.0 121.0 
704.0 195.0 739.0 668.0 258.0 303.0 199.0 651.0 629.0 448.0 20.0 128.0 858.0 345.0 136.0 0 536.0 703.0 646.0 541.0 373.0 84.0 500.0 100.0 72.0 514.0 547.0 636.0 765.0 352.0 779.0 785.0 537.0 449.0 792.0 526.0 124.0 670.0 929.0 300.0 236.0 297.0 188.0 38.0 86.0 574.0 715.0 768.0 338.0 203.0 591.0 854.0 209.0 285.0 331.0 603.0 934.0 852.0 535.0 382.0 635.0 871.0 115.0 394.0 286.0 827.0 498.0 213.0 292.0 647.0 770.0 632.0 3.0 438.0 576.0 763.0 652.0 512.0 116.0 986.0 66.0 891.0 945.0 497.0 460.0 883.0 655.0 427.0 224.0 288.0 153.0 162.0 620.0 975.0 681.0 371.0 794.0 501.0 664.0 696.0 257.0 
168.0 341.0 203.0 132.0 278.0 233.0 337.0 115.0 93.0 88.0 516.0 408.0 322.0 191.0 400.0 536.0 0 167.0 110.0 5.0 163.0 452.0 36.0 436.0 464.0 22.0 11.0 100.0 229.0 184.0 243.0 249.0 1.0 87.0 256.0 10.0 412.0 134.0 393.0 236.0 300.0 239.0 348.0 498.0 450.0 38.0 179.0 232.0 198.0 333.0 55.0 318.0 327.0 251.0 205.0 67.0 398.0 316.0 1.0 154.0 99.0 335.0 421.0 142.0 250.0 291.0 38.0 323.0 244.0 111.0 234.0 96.0 533.0 98.0 40.0 227.0 116.0 24.0 420.0 450.0 470.0 355.0 409.0 39.0 76.0 347.0 119.0 109.0 312.0 248.0 383.0 374.0 84.0 439.0 145.0 165.0 258.0 35.0 128.0 160.0 279.0 
1.0 508.0 36.0 35.0 445.0 400.0 504.0 52.0 74.0 255.0 683.0 575.0 155.0 358.0 567.0 703.0 167.0 0 57.0 162.0 330.0 619.0 203.0 603.0 631.0 189.0 156.0 67.0 62.0 351.0 76.0 82.0 166.0 254.0 89.0 177.0 579.0 33.0 226.0 403.0 467.0 406.0 515.0 665.0 617.0 129.0 12.0 65.0 365.0 500.0 112.0 151.0 494.0 418.0 372.0 100.0 231.0 149.0 168.0 321.0 68.0 168.0 588.0 309.0 417.0 124.0 205.0 490.0 411.0 56.0 67.0 71.0 700.0 265.0 127.0 60.0 51.0 191.0 587.0 283.0 637.0 188.0 242.0 206.0 243.0 180.0 48.0 276.0 479.0 415.0 550.0 541.0 83.0 272.0 22.0 332.0 91.0 202.0 39.0 7.0 446.0 
58.0 451.0 93.0 22.0 388.0 343.0 447.0 5.0 17.0 198.0 626.0 518.0 212.0 301.0 510.0 646.0 110.0 57.0 0 105.0 273.0 562.0 146.0 546.0 574.0 132.0 99.0 10.0 119.0 294.0 133.0 139.0 109.0 197.0 146.0 120.0 522.0 24.0 283.0 346.0 410.0 349.0 458.0 608.0 560.0 72.0 69.0 122.0 308.0 443.0 55.0 208.0 437.0 361.0 315.0 43.0 288.0 206.0 111.0 264.0 11.0 225.0 531.0 252.0 360.0 181.0 148.0 433.0 354.0 1.0 124.0 14.0 643.0 208.0 70.0 117.0 6.0 134.0 530.0 340.0 580.0 245.0 299.0 149.0 186.0 237.0 9.0 219.0 422.0 358.0 493.0 484.0 26.0 329.0 35.0 275.0 148.0 145.0 18.0 50.0 389.0 
163.0 346.0 198.0 127.0 283.0 238.0 342.0 110.0 88.0 93.0 521.0 413.0 317.0 196.0 405.0 541.0 5.0 162.0 105.0 0 168.0 457.0 41.0 441.0 469.0 27.0 6.0 95.0 224.0 189.0 238.0 244.0 4.0 92.0 251.0 15.0 417.0 129.0 388.0 241.0 305.0 244.0 353.0 503.0 455.0 33.0 174.0 227.0 203.0 338.0 50.0 313.0 332.0 256.0 210.0 62.0 393.0 311.0 6.0 159.0 94.0 330.0 426.0 147.0 255.0 286.0 43.0 328.0 249.0 106.0 229.0 91.0 538.0 103.0 35.0 222.0 111.0 29.0 425.0 445.0 475.0 350.0 404.0 44.0 81.0 342.0 114.0 114.0 317.0 253.0 388.0 379.0 79.0 434.0 140.0 170.0 253.0 40.0 123.0 155.0 284.0 
331.0 178.0 366.0 295.0 115.0 70.0 174.0 278.0 256.0 75.0 353.0 245.0 485.0 28.0 237.0 373.0 163.0 330.0 273.0 168.0 0 289.0 127.0 273.0 301.0 141.0 174.0 263.0 392.0 21.0 406.0 412.0 164.0 76.0 419.0 153.0 249.0 297.0 556.0 73.0 137.0 76.0 185.0 335.0 287.0 201.0 342.0 395.0 35.0 170.0 218.0 481.0 164.0 88.0 42.0 230.0 561.0 479.0 162.0 9.0 262.0 498.0 258.0 21.0 87.0 454.0 125.0 160.0 81.0 274.0 397.0 259.0 370.0 65.0 203.0 390.0 279.0 139.0 257.0 613.0 307.0 518.0 572.0 124.0 87.0 510.0 282.0 54.0 149.0 85.0 220.0 211.0 247.0 602.0 308.0 2.0 421.0 128.0 291.0 323.0 116.0 
620.0 111.0 655.0 584.0 174.0 219.0 115.0 567.0 545.0 364.0 64.0 44.0 774.0 261.0 52.0 84.0 452.0 619.0 562.0 457.0 289.0 0 416.0 16.0 12.0 430.0 463.0 552.0 681.0 268.0 695.0 701.0 453.0 365.0 708.0 442.0 40.0 586.0 845.0 216.0 152.0 213.0 104.0 46.0 2.0 490.0 631.0 684.0 254.0 119.0 507.0 770.0 125.0 201.0 247.0 519.0 850.0 768.0 451.0 298.0 551.0 787.0 31.0 310.0 202.0 743.0 414.0 129.0 208.0 563.0 686.0 548.0 81.0 354.0 492.0 679.0 568.0 428.0 32.0 902.0 18.0 807.0 861.0 413.0 376.0 799.0 571.0 343.0 140.0 204.0 69.0 78.0 536.0 891.0 597.0 287.0 710.0 417.0 580.0 612.0 173.0 
204.0 305.0 239.0 168.0 242.0 197.0 301.0 151.0 129.0 52.0 480.0 372.0 358.0 155.0 364.0 500.0 36.0 203.0 146.0 41.0 127.0 416.0 0 400.0 428.0 14.0 47.0 136.0 265.0 148.0 279.0 285.0 37.0 51.0 292.0 26.0 376.0 170.0 429.0 200.0 264.0 203.0 312.0 462.0 414.0 74.0 215.0 268.0 162.0 297.0 91.0 354.0 291.0 215.0 169.0 103.0 434.0 352.0 35.0 118.0 135.0 371.0 385.0 106.0 214.0 327.0 2.0 287.0 208.0 147.0 270.0 132.0 497.0 62.0 76.0 263.0 152.0 12.0 384.0 486.0 434.0 391.0 445.0 3.0 40.0 383.0 155.0 73.0 276.0 212.0 347.0 338.0 120.0 475.0 181.0 129.0 294.0 1.0 164.0 196.0 243.0 
604.0 95.0 639.0 568.0 158.0 203.0 99.0 551.0 529.0 348.0 80.0 28.0 758.0 245.0 36.0 100.0 436.0 603.0 546.0 441.0 273.0 16.0 400.0 0 28.0 414.0 447.0 536.0 665.0 252.0 679.0 685.0 437.0 349.0 692.0 426.0 24.0 570.0 829.0 200.0 136.0 197.0 88.0 62.0 14.0 474.0 615.0 668.0 238.0 103.0 491.0 754.0 109.0 185.0 231.0 503.0 834.0 752.0 435.0 282.0 535.0 771.0 15.0 294.0 186.0 727.0 398.0 113.0 192.0 547.0 670.0 532.0 97.0 338.0 476.0 663.0 552.0 412.0 16.0 886.0 34.0 791.0 845.0 397.0 360.0 783.0 555.0 327.0 124.0 188.0 53.0 62.0 520.0 875.0 581.0 271.0 694.0 401.0 564.0 596.0 157.0 
632.0 123.0 667.0 596.0 186.0 231.0 127.0 579.0 557.0 376.0 52.0 56.0 786.0 273.0 64.0 72.0 464.0 631.0 574.0 469.0 301.0 12.0 428.0 28.0 0 442.0 475.0 564.0 693.0 280.0 707.0 713.0 465.0 377.0 720.0 454.0 52.0 598.0 857.0 228.0 164.0 225.0 116.0 34.0 14.0 502.0 643.0 696.0 266.0 131.0 519.0 782.0 137.0 213.0 259.0 531.0 862.0 780.0 463.0 310.0 563.0 799.0 43.0 322.0 214.0 755.0 426.0 141.0 220.0 575.0 698.0 560.0 69.0 366.0 504.0 691.0 580.0 440.0 44.0 914.0 6.0 819.0 873.0 425.0 388.0 811.0 583.0 355.0 152.0 216.0 81.0 90.0 548.0 903.0 609.0 299.0 722.0 429.0 592.0 624.0 185.0 
190.0 319.0 225.0 154.0 256.0 211.0 315.0 137.0 115.0 66.0 494.0 386.0 344.0 169.0 378.0 514.0 22.0 189.0 132.0 27.0 141.0 430.0 14.0 414.0 442.0 0 33.0 122.0 251.0 162.0 265.0 271.0 23.0 65.0 278.0 12.0 390.0 156.0 415.0 214.0 278.0 217.0 326.0 476.0 428.0 60.0 201.0 254.0 176.0 311.0 77.0 340.0 305.0 229.0 183.0 89.0 420.0 338.0 21.0 132.0 121.0 357.0 399.0 120.0 228.0 313.0 16.0 301.0 222.0 133.0 256.0 118.0 511.0 76.0 62.0 249.0 138.0 2.0 398.0 472.0 448.0 377.0 431.0 17.0 54.0 369.0 141.0 87.0 290.0 226.0 361.0 352.0 106.0 461.0 167.0 143.0 280.0 13.0 150.0 182.0 257.0 
157.0 352.0 192.0 121.0 289.0 244.0 348.0 104.0 82.0 99.0 527.0 419.0 311.0 202.0 411.0 547.0 11.0 156.0 99.0 6.0 174.0 463.0 47.0 447.0 475.0 33.0 0 89.0 218.0 195.0 232.0 238.0 10.0 98.0 245.0 21.0 423.0 123.0 382.0 247.0 311.0 250.0 359.0 509.0 461.0 27.0 168.0 221.0 209.0 344.0 44.0 307.0 338.0 262.0 216.0 56.0 387.0 305.0 12.0 165.0 88.0 324.0 432.0 153.0 261.0 280.0 49.0 334.0 255.0 100.0 223.0 85.0 544.0 109.0 29.0 216.0 105.0 35.0 431.0 439.0 481.0 344.0 398.0 50.0 87.0 336.0 108.0 120.0 323.0 259.0 394.0 385.0 73.0 428.0 134.0 176.0 247.0 46.0 117.0 149.0 290.0 
68.0 441.0 103.0 32.0 378.0 333.0 437.0 15.0 7.0 188.0 616.0 508.0 222.0 291.0 500.0 636.0 100.0 67.0 10.0 95.0 263.0 552.0 136.0 536.0 564.0 122.0 89.0 0 129.0 284.0 143.0 149.0 99.0 187.0 156.0 110.0 512.0 34.0 293.0 336.0 400.0 339.0 448.0 598.0 550.0 62.0 79.0 132.0 298.0 433.0 45.0 218.0 427.0 351.0 305.0 33.0 298.0 216.0 101.0 254.0 1.0 235.0 521.0 242.0 350.0 191.0 138.0 423.0 344.0 11.0 134.0 4.0 633.0 198.0 60.0 127.0 16.0 124.0 520.0 350.0 570.0 255.0 309.0 139.0 176.0 247.0 19.0 209.0 412.0 348.0 483.0 474.0 16.0 339.0 45.0 265.0 158.0 135.0 28.0 60.0 379.0 
61.0 570.0 26.0 97.0 507.0 462.0 566.0 114.0 136.0 317.0 745.0 637.0 93.0 420.0 629.0 765.0 229.0 62.0 119.0 224.0 392.0 681.0 265.0 665.0 693.0 251.0 218.0 129.0 0 413.0 14.0 20.0 228.0 316.0 27.0 239.0 641.0 95.0 164.0 465.0 529.0 468.0 577.0 727.0 679.0 191.0 50.0 3.0 427.0 562.0 174.0 89.0 556.0 480.0 434.0 162.0 169.0 87.0 230.0 383.0 130.0 106.0 650.0 371.0 479.0 62.0 267.0 552.0 473.0 118.0 5.0 133.0 762.0 327.0 189.0 2.0 113.0 253.0 649.0 221.0 699.0 126.0 180.0 268.0 305.0 118.0 110.0 338.0 541.0 477.0 612.0 603.0 145.0 210.0 84.0 394.0 29.0 264.0 101.0 69.0 508.0 
352.0 157.0 387.0 316.0 94.0 49.0 153.0 299.0 277.0 96.0 332.0 224.0 506.0 7.0 216.0 352.0 184.0 351.0 294.0 189.0 21.0 268.0 148.0 252.0 280.0 162.0 195.0 284.0 413.0 0 427.0 433.0 185.0 97.0 440.0 174.0 228.0 318.0 577.0 52.0 116.0 55.0 164.0 314.0 266.0 222.0 363.0 416.0 14.0 149.0 239.0 502.0 143.0 67.0 21.0 251.0 582.0 500.0 183.0 30.0 283.0 519.0 237.0 42.0 66.0 475.0 146.0 139.0 60.0 295.0 418.0 280.0 349.0 86.0 224.0 411.0 300.0 160.0 236.0 634.0 286.0 539.0 593.0 145.0 108.0 531.0 303.0 75.0 128.0 64.0 199.0 190.0 268.0 623.0 329.0 19.0 442.0 149.0 312.0 344.0 95.0 
75.0 584.0 40.0 111.0 521.0 476.0 580.0 128.0 150.0 331.0 759.0 651.0 79.0 434.0 643.0 779.0 243.0 76.0 133.0 238.0 406.0 695.0 279.0 679.0 707.0 265.0 232.0 143.0 14.0 427.0 0 6.0 242.0 330.0 13.0 253.0 655.0 109.0 150.0 479.0 543.0 482.0 591.0 741.0 693.0 205.0 64.0 11.0 441.0 576.0 188.0 75.0 570.0 494.0 448.0 176.0 155.0 73.0 244.0 397.0 144.0 92.0 664.0 385.0 493.0 48.0 281.0 566.0 487.0 132.0 9.0 147.0 776.0 341.0 203.0 16.0 127.0 267.0 663.0 207.0 713.0 112.0 166.0 282.0 319.0 104.0 124.0 352.0 555.0 491.0 626.0 617.0 159.0 196.0 98.0 408.0 15.0 278.0 115.0 83.0 522.0 
81.0 590.0 46.0 117.0 527.0 482.0 586.0 134.0 156.0 337.0 765.0 657.0 73.0 440.0 649.0 785.0 249.0 82.0 139.0 244.0 412.0 701.0 285.0 685.0 713.0 271.0 238.0 149.0 20.0 433.0 6.0 0 248.0 336.0 7.0 259.0 661.0 115.0 144.0 485.0 549.0 488.0 597.0 747.0 699.0 211.0 70.0 17.0 447.0 582.0 194.0 69.0 576.0 500.0 454.0 182.0 149.0 67.0 250.0 403.0 150.0 86.0 670.0 391.0 499.0 42.0 287.0 572.0 493.0 138.0 15.0 153.0 782.0 347.0 209.0 22.0 133.0 273.0 669.0 201.0 719.0 106.0 160.0 288.0 325.0 98.0 130.0 358.0 561.0 497.0 632.0 623.0 165.0 190.0 104.0 414.0 9.0 284.0 121.0 89.0 528.0 
167.0 342.0 202.0 131.0 279.0 234.0 338.0 114.0 92.0 89.0 517.0 409.0 321.0 192.0 401.0 537.0 1.0 166.0 109.0 4.0 164.0 453.0 37.0 437.0 465.0 23.0 10.0 99.0 228.0 185.0 242.0 248.0 0 88.0 255.0 11.0 413.0 133.0 392.0 237.0 301.0 240.0 349.0 499.0 451.0 37.0 178.0 231.0 199.0 334.0 54.0 317.0 328.0 252.0 206.0 66.0 397.0 315.0 2.0 155.0 98.0 334.0 422.0 143.0 251.0 290.0 39.0 324.0 245.0 110.0 233.0 95.0 534.0 99.0 39.0 226.0 115.0 25.0 421.0 449.0 471.0 354.0 408.0 40.0 77.0 346.0 118.0 110.0 313.0 249.0 384.0 375.0 83.0 438.0 144.0 166.0 257.0 36.0 127.0 159.0 280.0 
255.0 254.0 290.0 219.0 191.0 146.0 250.0 202.0 180.0 1.0 429.0 321.0 409.0 104.0 313.0 449.0 87.0 254.0 197.0 92.0 76.0 365.0 51.0 349.0 377.0 65.0 98.0 187.0 316.0 97.0 330.0 336.0 88.0 0 343.0 77.0 325.0 221.0 480.0 149.0 213.0 152.0 261.0 411.0 363.0 125.0 266.0 319.0 111.0 246.0 142.0 405.0 240.0 164.0 118.0 154.0 485.0 403.0 86.0 67.0 186.0 422.0 334.0 55.0 163.0 378.0 49.0 236.0 157.0 198.0 321.0 183.0 446.0 11.0 127.0 314.0 203.0 63.0 333.0 537.0 383.0 442.0 496.0 48.0 11.0 434.0 206.0 22.0 225.0 161.0 296.0 287.0 171.0 526.0 232.0 78.0 345.0 52.0 215.0 247.0 192.0 
88.0 597.0 53.0 124.0 534.0 489.0 593.0 141.0 163.0 344.0 772.0 664.0 66.0 447.0 656.0 792.0 256.0 89.0 146.0 251.0 419.0 708.0 292.0 692.0 720.0 278.0 245.0 156.0 27.0 440.0 13.0 7.0 255.0 343.0 0 266.0 668.0 122.0 137.0 492.0 556.0 495.0 604.0 754.0 706.0 218.0 77.0 24.0 454.0 589.0 201.0 62.0 583.0 507.0 461.0 189.0 142.0 60.0 257.0 410.0 157.0 79.0 677.0 398.0 506.0 35.0 294.0 579.0 500.0 145.0 22.0 160.0 789.0 354.0 216.0 29.0 140.0 280.0 676.0 194.0 726.0 99.0 153.0 295.0 332.0 91.0 137.0 365.0 568.0 504.0 639.0 630.0 172.0 183.0 111.0 421.0 2.0 291.0 128.0 96.0 535.0 
178.0 331.0 213.0 142.0 268.0 223.0 327.0 125.0 103.0 78.0 506.0 398.0 332.0 181.0 390.0 526.0 10.0 177.0 120.0 15.0 153.0 442.0 26.0 426.0 454.0 12.0 21.0 110.0 239.0 174.0 253.0 259.0 11.0 77.0 266.0 0 402.0 144.0 403.0 226.0 290.0 229.0 338.0 488.0 440.0 48.0 189.0 242.0 188.0 323.0 65.0 328.0 317.0 241.0 195.0 77.0 408.0 326.0 9.0 144.0 109.0 345.0 411.0 132.0 240.0 301.0 28.0 313.0 234.0 121.0 244.0 106.0 523.0 88.0 50.0 237.0 126.0 14.0 410.0 460.0 460.0 365.0 419.0 29.0 66.0 357.0 129.0 99.0 302.0 238.0 373.0 364.0 94.0 449.0 155.0 155.0 268.0 25.0 138.0 170.0 269.0 
580.0 71.0 615.0 544.0 134.0 179.0 75.0 527.0 505.0 324.0 104.0 4.0 734.0 221.0 12.0 124.0 412.0 579.0 522.0 417.0 249.0 40.0 376.0 24.0 52.0 390.0 423.0 512.0 641.0 228.0 655.0 661.0 413.0 325.0 668.0 402.0 0 546.0 805.0 176.0 112.0 173.0 64.0 86.0 38.0 450.0 591.0 644.0 214.0 79.0 467.0 730.0 85.0 161.0 207.0 479.0 810.0 728.0 411.0 258.0 511.0 747.0 9.0 270.0 162.0 703.0 374.0 89.0 168.0 523.0 646.0 508.0 121.0 314.0 452.0 639.0 528.0 388.0 8.0 862.0 58.0 767.0 821.0 373.0 336.0 759.0 531.0 303.0 100.0 164.0 29.0 38.0 496.0 851.0 557.0 247.0 670.0 377.0 540.0 572.0 133.0 
34.0 475.0 69.0 2.0 412.0 367.0 471.0 19.0 41.0 222.0 650.0 542.0 188.0 325.0 534.0 670.0 134.0 33.0 24.0 129.0 297.0 586.0 170.0 570.0 598.0 156.0 123.0 34.0 95.0 318.0 109.0 115.0 133.0 221.0 122.0 144.0 546.0 0 259.0 370.0 434.0 373.0 482.0 632.0 584.0 96.0 45.0 98.0 332.0 467.0 79.0 184.0 461.0 385.0 339.0 67.0 264.0 182.0 135.0 288.0 35.0 201.0 555.0 276.0 384.0 157.0 172.0 457.0 378.0 23.0 100.0 38.0 667.0 232.0 94.0 93.0 18.0 158.0 554.0 316.0 604.0 221.0 275.0 173.0 210.0 213.0 15.0 243.0 446.0 382.0 517.0 508.0 50.0 305.0 11.0 299.0 124.0 169.0 6.0 26.0 413.0 
225.0 734.0 190.0 261.0 671.0 626.0 730.0 278.0 300.0 481.0 909.0 801.0 71.0 584.0 793.0 929.0 393.0 226.0 283.0 388.0 556.0 845.0 429.0 829.0 857.0 415.0 382.0 293.0 164.0 577.0 150.0 144.0 392.0 480.0 137.0 403.0 805.0 259.0 0 629.0 693.0 632.0 741.0 891.0 843.0 355.0 214.0 161.0 591.0 726.0 338.0 75.0 720.0 644.0 598.0 326.0 5.0 77.0 394.0 547.0 294.0 58.0 814.0 535.0 643.0 102.0 431.0 716.0 637.0 282.0 159.0 297.0 926.0 491.0 353.0 166.0 277.0 417.0 813.0 57.0 863.0 38.0 16.0 432.0 469.0 46.0 274.0 502.0 705.0 641.0 776.0 767.0 309.0 46.0 248.0 558.0 135.0 428.0 265.0 233.0 672.0 
404.0 105.0 439.0 368.0 42.0 3.0 101.0 351.0 329.0 148.0 280.0 172.0 558.0 45.0 164.0 300.0 236.0 403.0 346.0 241.0 73.0 216.0 200.0 200.0 228.0 214.0 247.0 336.0 465.0 52.0 479.0 485.0 237.0 149.0 492.0 226.0 176.0 370.0 629.0 0 64.0 3.0 112.0 262.0 214.0 274.0 415.0 468.0 38.0 97.0 291.0 554.0 91.0 15.0 31.0 303.0 634.0 552.0 235.0 82.0 335.0 571.0 185.0 94.0 14.0 527.0 198.0 87.0 8.0 347.0 470.0 332.0 297.0 138.0 276.0 463.0 352.0 212.0 184.0 686.0 234.0 591.0 645.0 197.0 160.0 583.0 355.0 127.0 76.0 12.0 147.0 138.0 320.0 675.0 381.0 71.0 494.0 201.0 364.0 396.0 43.0 
468.0 41.0 503.0 432.0 22.0 67.0 37.0 415.0 393.0 212.0 216.0 108.0 622.0 109.0 100.0 236.0 300.0 467.0 410.0 305.0 137.0 152.0 264.0 136.0 164.0 278.0 311.0 400.0 529.0 116.0 543.0 549.0 301.0 213.0 556.0 290.0 112.0 434.0 693.0 64.0 0 61.0 48.0 198.0 150.0 338.0 479.0 532.0 102.0 33.0 355.0 618.0 27.0 49.0 95.0 367.0 698.0 616.0 299.0 146.0 399.0 635.0 121.0 158.0 50.0 591.0 262.0 23.0 56.0 411.0 534.0 396.0 233.0 202.0 340.0 527.0 416.0 276.0 120.0 750.0 170.0 655.0 709.0 261.0 224.0 647.0 419.0 191.0 12.0 52.0 83.0 74.0 384.0 739.0 445.0 135.0 558.0 265.0 428.0 460.0 21.0 
407.0 102.0 442.0 371.0 39.0 6.0 98.0 354.0 332.0 151.0 277.0 169.0 561.0 48.0 161.0 297.0 239.0 406.0 349.0 244.0 76.0 213.0 203.0 197.0 225.0 217.0 250.0 339.0 468.0 55.0 482.0 488.0 240.0 152.0 495.0 229.0 173.0 373.0 632.0 3.0 61.0 0 109.0 259.0 211.0 277.0 418.0 471.0 41.0 94.0 294.0 557.0 88.0 12.0 34.0 306.0 637.0 555.0 238.0 85.0 338.0 574.0 182.0 97.0 11.0 530.0 201.0 84.0 5.0 350.0 473.0 335.0 294.0 141.0 279.0 466.0 355.0 215.0 181.0 689.0 231.0 594.0 648.0 200.0 163.0 586.0 358.0 130.0 73.0 9.0 144.0 135.0 323.0 678.0 384.0 74.0 497.0 204.0 367.0 399.0 40.0 
516.0 7.0 551.0 480.0 70.0 115.0 11.0 463.0 441.0 260.0 168.0 60.0 670.0 157.0 52.0 188.0 348.0 515.0 458.0 353.0 185.0 104.0 312.0 88.0 116.0 326.0 359.0 448.0 577.0 164.0 591.0 597.0 349.0 261.0 604.0 338.0 64.0 482.0 741.0 112.0 48.0 109.0 0 150.0 102.0 386.0 527.0 580.0 150.0 15.0 403.0 666.0 21.0 97.0 143.0 415.0 746.0 664.0 347.0 194.0 447.0 683.0 73.0 206.0 98.0 639.0 310.0 25.0 104.0 459.0 582.0 444.0 185.0 250.0 388.0 575.0 464.0 324.0 72.0 798.0 122.0 703.0 757.0 309.0 272.0 695.0 467.0 239.0 36.0 100.0 35.0 26.0 432.0 787.0 493.0 183.0 606.0 313.0 476.0 508.0 69.0 
666.0 157.0 701.0 630.0 220.0 265.0 161.0 613.0 591.0 410.0 18.0 90.0 820.0 307.0 98.0 38.0 498.0 665.0 608.0 503.0 335.0 46.0 462.0 62.0 34.0 476.0 509.0 598.0 727.0 314.0 741.0 747.0 499.0 411.0 754.0 488.0 86.0 632.0 891.0 262.0 198.0 259.0 150.0 0 48.0 536.0 677.0 730.0 300.0 165.0 553.0 816.0 171.0 247.0 293.0 565.0 896.0 814.0 497.0 344.0 597.0 833.0 77.0 356.0 248.0 789.0 460.0 175.0 254.0 609.0 732.0 594.0 35.0 400.0 538.0 725.0 614.0 474.0 78.0 948.0 28.0 853.0 907.0 459.0 422.0 845.0 617.0 389.0 186.0 250.0 115.0 124.0 582.0 937.0 643.0 333.0 756.0 463.0 626.0 658.0 219.0 
618.0 109.0 653.0 582.0 172.0 217.0 113.0 565.0 543.0 362.0 66.0 42.0 772.0 259.0 50.0 86.0 450.0 617.0 560.0 455.0 287.0 2.0 414.0 14.0 14.0 428.0 461.0 550.0 679.0 266.0 693.0 699.0 451.0 363.0 706.0 440.0 38.0 584.0 843.0 214.0 150.0 211.0 102.0 48.0 0 488.0 629.0 682.0 252.0 117.0 505.0 768.0 123.0 199.0 245.0 517.0 848.0 766.0 449.0 296.0 549.0 785.0 29.0 308.0 200.0 741.0 412.0 127.0 206.0 561.0 684.0 546.0 83.0 352.0 490.0 677.0 566.0 426.0 30.0 900.0 20.0 805.0 859.0 411.0 374.0 797.0 569.0 341.0 138.0 202.0 67.0 76.0 534.0 889.0 595.0 285.0 708.0 415.0 578.0 610.0 171.0 
130.0 379.0 165.0 94.0 316.0 271.0 375.0 77.0 55.0 126.0 554.0 446.0 284.0 229.0 438.0 574.0 38.0 129.0 72.0 33.0 201.0 490.0 74.0 474.0 502.0 60.0 27.0 62.0 191.0 222.0 205.0 211.0 37.0 125.0 218.0 48.0 450.0 96.0 355.0 274.0 338.0 277.0 386.0 536.0 488.0 0 141.0 194.0 236.0 371.0 17.0 280.0 365.0 289.0 243.0 29.0 360.0 278.0 39.0 192.0 61.0 297.0 459.0 180.0 288.0 253.0 76.0 361.0 282.0 73.0 196.0 58.0 571.0 136.0 2.0 189.0 78.0 62.0 458.0 412.0 508.0 317.0 371.0 77.0 114.0 309.0 81.0 147.0 350.0 286.0 421.0 412.0 46.0 401.0 107.0 203.0 220.0 73.0 90.0 122.0 317.0 
11.0 520.0 24.0 47.0 457.0 412.0 516.0 64.0 86.0 267.0 695.0 587.0 143.0 370.0 579.0 715.0 179.0 12.0 69.0 174.0 342.0 631.0 215.0 615.0 643.0 201.0 168.0 79.0 50.0 363.0 64.0 70.0 178.0 266.0 77.0 189.0 591.0 45.0 214.0 415.0 479.0 418.0 527.0 677.0 629.0 141.0 0 53.0 377.0 512.0 124.0 139.0 506.0 430.0 384.0 112.0 219.0 137.0 180.0 333.0 80.0 156.0 600.0 321.0 429.0 112.0 217.0 502.0 423.0 68.0 55.0 83.0 712.0 277.0 139.0 48.0 63.0 203.0 599.0 271.0 649.0 176.0 230.0 218.0 255.0 168.0 60.0 288.0 491.0 427.0 562.0 553.0 95.0 260.0 34.0 344.0 79.0 214.0 51.0 19.0 458.0 
64.0 573.0 29.0 100.0 510.0 465.0 569.0 117.0 139.0 320.0 748.0 640.0 90.0 423.0 632.0 768.0 232.0 65.0 122.0 227.0 395.0 684.0 268.0 668.0 696.0 254.0 221.0 132.0 3.0 416.0 11.0 17.0 231.0 319.0 24.0 242.0 644.0 98.0 161.0 468.0 532.0 471.0 580.0 730.0 682.0 194.0 53.0 0 430.0 565.0 177.0 86.0 559.0 483.0 437.0 165.0 166.0 84.0 233.0 386.0 133.0 103.0 653.0 374.0 482.0 59.0 270.0 555.0 476.0 121.0 2.0 136.0 765.0 330.0 192.0 5.0 116.0 256.0 652.0 218.0 702.0 123.0 177.0 271.0 308.0 115.0 113.0 341.0 544.0 480.0 615.0 606.0 148.0 207.0 87.0 397.0 26.0 267.0 104.0 72.0 511.0 
366.0 143.0 401.0 330.0 80.0 35.0 139.0 313.0 291.0 110.0 318.0 210.0 520.0 7.0 202.0 338.0 198.0 365.0 308.0 203.0 35.0 254.0 162.0 238.0 266.0 176.0 209.0 298.0 427.0 14.0 441.0 447.0 199.0 111.0 454.0 188.0 214.0 332.0 591.0 38.0 102.0 41.0 150.0 300.0 252.0 236.0 377.0 430.0 0 135.0 253.0 516.0 129.0 53.0 7.0 265.0 596.0 514.0 197.0 44.0 297.0 533.0 223.0 56.0 52.0 489.0 160.0 125.0 46.0 309.0 432.0 294.0 335.0 100.0 238.0 425.0 314.0 174.0 222.0 648.0 272.0 553.0 607.0 159.0 122.0 545.0 317.0 89.0 114.0 50.0 185.0 176.0 282.0 637.0 343.0 33.0 456.0 163.0 326.0 358.0 81.0 
501.0 8.0 536.0 465.0 55.0 100.0 4.0 448.0 426.0 245.0 183.0 75.0 655.0 142.0 67.0 203.0 333.0 500.0 443.0 338.0 170.0 119.0 297.0 103.0 131.0 311.0 344.0 433.0 562.0 149.0 576.0 582.0 334.0 246.0 589.0 323.0 79.0 467.0 726.0 97.0 33.0 94.0 15.0 165.0 117.0 371.0 512.0 565.0 135.0 0 388.0 651.0 6.0 82.0 128.0 400.0 731.0 649.0 332.0 179.0 432.0 668.0 88.0 191.0 83.0 624.0 295.0 10.0 89.0 444.0 567.0 429.0 200.0 235.0 373.0 560.0 449.0 309.0 87.0 783.0 137.0 688.0 742.0 294.0 257.0 680.0 452.0 224.0 21.0 85.0 50.0 41.0 417.0 772.0 478.0 168.0 591.0 298.0 461.0 493.0 54.0 
113.0 396.0 148.0 77.0 333.0 288.0 392.0 60.0 38.0 143.0 571.0 463.0 267.0 246.0 455.0 591.0 55.0 112.0 55.0 50.0 218.0 507.0 91.0 491.0 519.0 77.0 44.0 45.0 174.0 239.0 188.0 194.0 54.0 142.0 201.0 65.0 467.0 79.0 338.0 291.0 355.0 294.0 403.0 553.0 505.0 17.0 124.0 177.0 253.0 388.0 0 263.0 382.0 306.0 260.0 12.0 343.0 261.0 56.0 209.0 44.0 280.0 476.0 197.0 305.0 236.0 93.0 378.0 299.0 56.0 179.0 41.0 588.0 153.0 15.0 172.0 61.0 79.0 475.0 395.0 525.0 300.0 354.0 94.0 131.0 292.0 64.0 164.0 367.0 303.0 438.0 429.0 29.0 384.0 90.0 220.0 203.0 90.0 73.0 105.0 334.0 
150.0 659.0 115.0 186.0 596.0 551.0 655.0 203.0 225.0 406.0 834.0 726.0 4.0 509.0 718.0 854.0 318.0 151.0 208.0 313.0 481.0 770.0 354.0 754.0 782.0 340.0 307.0 218.0 89.0 502.0 75.0 69.0 317.0 405.0 62.0 328.0 730.0 184.0 75.0 554.0 618.0 557.0 666.0 816.0 768.0 280.0 139.0 86.0 516.0 651.0 263.0 0 645.0 569.0 523.0 251.0 80.0 2.0 319.0 472.0 219.0 17.0 739.0 460.0 568.0 27.0 356.0 641.0 562.0 207.0 84.0 222.0 851.0 416.0 278.0 91.0 202.0 342.0 738.0 132.0 788.0 37.0 91.0 357.0 394.0 29.0 199.0 427.0 630.0 566.0 701.0 692.0 234.0 121.0 173.0 483.0 60.0 353.0 190.0 158.0 597.0 
495.0 14.0 530.0 459.0 49.0 94.0 10.0 442.0 420.0 239.0 189.0 81.0 649.0 136.0 73.0 209.0 327.0 494.0 437.0 332.0 164.0 125.0 291.0 109.0 137.0 305.0 338.0 427.0 556.0 143.0 570.0 576.0 328.0 240.0 583.0 317.0 85.0 461.0 720.0 91.0 27.0 88.0 21.0 171.0 123.0 365.0 506.0 559.0 129.0 6.0 382.0 645.0 0 76.0 122.0 394.0 725.0 643.0 326.0 173.0 426.0 662.0 94.0 185.0 77.0 618.0 289.0 4.0 83.0 438.0 561.0 423.0 206.0 229.0 367.0 554.0 443.0 303.0 93.0 777.0 143.0 682.0 736.0 288.0 251.0 674.0 446.0 218.0 15.0 79.0 56.0 47.0 411.0 766.0 472.0 162.0 585.0 292.0 455.0 487.0 48.0 
419.0 90.0 454.0 383.0 27.0 18.0 86.0 366.0 344.0 163.0 265.0 157.0 573.0 60.0 149.0 285.0 251.0 418.0 361.0 256.0 88.0 201.0 215.0 185.0 213.0 229.0 262.0 351.0 480.0 67.0 494.0 500.0 252.0 164.0 507.0 241.0 161.0 385.0 644.0 15.0 49.0 12.0 97.0 247.0 199.0 289.0 430.0 483.0 53.0 82.0 306.0 569.0 76.0 0 46.0 318.0 649.0 567.0 250.0 97.0 350.0 586.0 170.0 109.0 1.0 542.0 213.0 72.0 7.0 362.0 485.0 347.0 282.0 153.0 291.0 478.0 367.0 227.0 169.0 701.0 219.0 606.0 660.0 212.0 175.0 598.0 370.0 142.0 61.0 3.0 132.0 123.0 335.0 690.0 396.0 86.0 509.0 216.0 379.0 411.0 28.0 
373.0 136.0 408.0 337.0 73.0 28.0 132.0 320.0 298.0 117.0 311.0 203.0 527.0 14.0 195.0 331.0 205.0 372.0 315.0 210.0 42.0 247.0 169.0 231.0 259.0 183.0 216.0 305.0 434.0 21.0 448.0 454.0 206.0 118.0 461.0 195.0 207.0 339.0 598.0 31.0 95.0 34.0 143.0 293.0 245.0 243.0 384.0 437.0 7.0 128.0 260.0 523.0 122.0 46.0 0 272.0 603.0 521.0 204.0 51.0 304.0 540.0 216.0 63.0 45.0 496.0 167.0 118.0 39.0 316.0 439.0 301.0 328.0 107.0 245.0 432.0 321.0 181.0 215.0 655.0 265.0 560.0 614.0 166.0 129.0 552.0 324.0 96.0 107.0 43.0 178.0 169.0 289.0 644.0 350.0 40.0 463.0 170.0 333.0 365.0 74.0 
101.0 408.0 136.0 65.0 345.0 300.0 404.0 48.0 26.0 155.0 583.0 475.0 255.0 258.0 467.0 603.0 67.0 100.0 43.0 62.0 230.0 519.0 103.0 503.0 531.0 89.0 56.0 33.0 162.0 251.0 176.0 182.0 66.0 154.0 189.0 77.0 479.0 67.0 326.0 303.0 367.0 306.0 415.0 565.0 517.0 29.0 112.0 165.0 265.0 400.0 12.0 251.0 394.0 318.0 272.0 0 331.0 249.0 68.0 221.0 32.0 268.0 488.0 209.0 317.0 224.0 105.0 390.0 311.0 44.0 167.0 29.0 600.0 165.0 27.0 160.0 49.0 91.0 487.0 383.0 537.0 288.0 342.0 106.0 143.0 280.0 52.0 176.0 379.0 315.0 450.0 441.0 17.0 372.0 78.0 232.0 191.0 102.0 61.0 93.0 346.0 
230.0 739.0 195.0 266.0 676.0 631.0 735.0 283.0 305.0 486.0 914.0 806.0 76.0 589.0 798.0 934.0 398.0 231.0 288.0 393.0 561.0 850.0 434.0 834.0 862.0 420.0 387.0 298.0 169.0 582.0 155.0 149.0 397.0 485.0 142.0 408.0 810.0 264.0 5.0 634.0 698.0 637.0 746.0 896.0 848.0 360.0 219.0 166.0 596.0 731.0 343.0 80.0 725.0 649.0 603.0 331.0 0 82.0 399.0 552.0 299.0 63.0 819.0 540.0 648.0 107.0 436.0 721.0 642.0 287.0 164.0 302.0 931.0 496.0 358.0 171.0 282.0 422.0 818.0 52.0 868.0 43.0 11.0 437.0 474.0 51.0 279.0 507.0 710.0 646.0 781.0 772.0 314.0 41.0 253.0 563.0 140.0 433.0 270.0 238.0 677.0 
148.0 657.0 113.0 184.0 594.0 549.0 653.0 201.0 223.0 404.0 832.0 724.0 6.0 507.0 716.0 852.0 316.0 149.0 206.0 311.0 479.0 768.0 352.0 752.0 780.0 338.0 305.0 216.0 87.0 500.0 73.0 67.0 315.0 403.0 60.0 326.0 728.0 182.0 77.0 552.0 616.0 555.0 664.0 814.0 766.0 278.0 137.0 84.0 514.0 649.0 261.0 2.0 643.0 567.0 521.0 249.0 82.0 0 317.0 470.0 217.0 19.0 737.0 458.0 566.0 25.0 354.0 639.0 560.0 205.0 82.0 220.0 849.0 414.0 276.0 89.0 200.0 340.0 736.0 134.0 786.0 39.0 93.0 355.0 392.0 31.0 197.0 425.0 628.0 564.0 699.0 690.0 232.0 123.0 171.0 481.0 58.0 351.0 188.0 156.0 595.0 
169.0 340.0 204.0 133.0 277.0 232.0 336.0 116.0 94.0 87.0 515.0 407.0 323.0 190.0 399.0 535.0 1.0 168.0 111.0 6.0 162.0 451.0 35.0 435.0 463.0 21.0 12.0 101.0 230.0 183.0 244.0 250.0 2.0 86.0 257.0 9.0 411.0 135.0 394.0 235.0 299.0 238.0 347.0 497.0 449.0 39.0 180.0 233.0 197.0 332.0 56.0 319.0 326.0 250.0 204.0 68.0 399.0 317.0 0 153.0 100.0 336.0 420.0 141.0 249.0 292.0 37.0 322.0 243.0 112.0 235.0 97.0 532.0 97.0 41.0 228.0 117.0 23.0 419.0 451.0 469.0 356.0 410.0 38.0 75.0 348.0 120.0 108.0 311.0 247.0 382.0 373.0 85.0 440.0 146.0 164.0 259.0 34.0 129.0 161.0 278.0 
322.0 187.0 357.0 286.0 124.0 79.0 183.0 269.0 247.0 66.0 362.0 254.0 476.0 37.0 246.0 382.0 154.0 321.0 264.0 159.0 9.0 298.0 118.0 282.0 310.0 132.0 165.0 254.0 383.0 30.0 397.0 403.0 155.0 67.0 410.0 144.0 258.0 288.0 547.0 82.0 146.0 85.0 194.0 344.0 296.0 192.0 333.0 386.0 44.0 179.0 209.0 472.0 173.0 97.0 51.0 221.0 552.0 470.0 153.0 0 253.0 489.0 267.0 12.0 96.0 445.0 116.0 169.0 90.0 265.0 388.0 250.0 379.0 56.0 194.0 381.0 270.0 130.0 266.0 604.0 316.0 509.0 563.0 115.0 78.0 501.0 273.0 45.0 158.0 94.0 229.0 220.0 238.0 593.0 299.0 11.0 412.0 119.0 282.0 314.0 125.0 
69.0 440.0 104.0 33.0 377.0 332.0 436.0 16.0 6.0 187.0 615.0 507.0 223.0 290.0 499.0 635.0 99.0 68.0 11.0 94.0 262.0 551.0 135.0 535.0 563.0 121.0 88.0 1.0 130.0 283.0 144.0 150.0 98.0 186.0 157.0 109.0 511.0 35.0 294.0 335.0 399.0 338.0 447.0 597.0 549.0 61.0 80.0 133.0 297.0 432.0 44.0 219.0 426.0 350.0 304.0 32.0 299.0 217.0 100.0 253.0 0 236.0 520.0 241.0 349.0 192.0 137.0 422.0 343.0 12.0 135.0 3.0 632.0 197.0 59.0 128.0 17.0 123.0 519.0 351.0 569.0 256.0 310.0 138.0 175.0 248.0 20.0 208.0 411.0 347.0 482.0 473.0 15.0 340.0 46.0 264.0 159.0 134.0 29.0 61.0 378.0 
167.0 676.0 132.0 203.0 613.0 568.0 672.0 220.0 242.0 423.0 851.0 743.0 13.0 526.0 735.0 871.0 335.0 168.0 225.0 330.0 498.0 787.0 371.0 771.0 799.0 357.0 324.0 235.0 106.0 519.0 92.0 86.0 334.0 422.0 79.0 345.0 747.0 201.0 58.0 571.0 635.0 574.0 683.0 833.0 785.0 297.0 156.0 103.0 533.0 668.0 280.0 17.0 662.0 586.0 540.0 268.0 63.0 19.0 336.0 489.0 236.0 0 756.0 477.0 585.0 44.0 373.0 658.0 579.0 224.0 101.0 239.0 868.0 433.0 295.0 108.0 219.0 359.0 755.0 115.0 805.0 20.0 74.0 374.0 411.0 12.0 216.0 444.0 647.0 583.0 718.0 709.0 251.0 104.0 190.0 500.0 77.0 370.0 207.0 175.0 614.0 
589.0 80.0 624.0 553.0 143.0 188.0 84.0 536.0 514.0 333.0 95.0 13.0 743.0 230.0 21.0 115.0 421.0 588.0 531.0 426.0 258.0 31.0 385.0 15.0 43.0 399.0 432.0 521.0 650.0 237.0 664.0 670.0 422.0 334.0 677.0 411.0 9.0 555.0 814.0 185.0 121.0 182.0 73.0 77.0 29.0 459.0 600.0 653.0 223.0 88.0 476.0 739.0 94.0 170.0 216.0 488.0 819.0 737.0 420.0 267.0 520.0 756.0 0 279.0 171.0 712.0 383.0 98.0 177.0 532.0 655.0 517.0 112.0 323.0 461.0 648.0 537.0 397.0 1.0 871.0 49.0 776.0 830.0 382.0 345.0 768.0 540.0 312.0 109.0 173.0 38.0 47.0 505.0 860.0 566.0 256.0 679.0 386.0 549.0 581.0 142.0 
310.0 199.0 345.0 274.0 136.0 91.0 195.0 257.0 235.0 54.0 374.0 266.0 464.0 49.0 258.0 394.0 142.0 309.0 252.0 147.0 21.0 310.0 106.0 294.0 322.0 120.0 153.0 242.0 371.0 42.0 385.0 391.0 143.0 55.0 398.0 132.0 270.0 276.0 535.0 94.0 158.0 97.0 206.0 356.0 308.0 180.0 321.0 374.0 56.0 191.0 197.0 460.0 185.0 109.0 63.0 209.0 540.0 458.0 141.0 12.0 241.0 477.0 279.0 0 108.0 433.0 104.0 181.0 102.0 253.0 376.0 238.0 391.0 44.0 182.0 369.0 258.0 118.0 278.0 592.0 328.0 497.0 551.0 103.0 66.0 489.0 261.0 33.0 170.0 106.0 241.0 232.0 226.0 581.0 287.0 23.0 400.0 107.0 270.0 302.0 137.0 
418.0 91.0 453.0 382.0 28.0 17.0 87.0 365.0 343.0 162.0 266.0 158.0 572.0 59.0 150.0 286.0 250.0 417.0 360.0 255.0 87.0 202.0 214.0 186.0 214.0 228.0 261.0 350.0 479.0 66.0 493.0 499.0 251.0 163.0 506.0 240.0 162.0 384.0 643.0 14.0 50.0 11.0 98.0 248.0 200.0 288.0 429.0 482.0 52.0 83.0 305.0 568.0 77.0 1.0 45.0 317.0 648.0 566.0 249.0 96.0 349.0 585.0 171.0 108.0 0 541.0 212.0 73.0 6.0 361.0 484.0 346.0 283.0 152.0 290.0 477.0 366.0 226.0 170.0 700.0 220.0 605.0 659.0 211.0 174.0 597.0 369.0 141.0 62.0 2.0 133.0 124.0 334.0 689.0 395.0 85.0 508.0 215.0 378.0 410.0 29.0 
123.0 632.0 88.0 159.0 569.0 524.0 628.0 176.0 198.0 379.0 807.0 699.0 31.0 482.0 691.0 827.0 291.0 124.0 181.0 286.0 454.0 743.0 327.0 727.0 755.0 313.0 280.0 191.0 62.0 475.0 48.0 42.0 290.0 378.0 35.0 301.0 703.0 157.0 102.0 527.0 591.0 530.0 639.0 789.0 741.0 253.0 112.0 59.0 489.0 624.0 236.0 27.0 618.0 542.0 496.0 224.0 107.0 25.0 292.0 445.0 192.0 44.0 712.0 433.0 541.0 0 329.0 614.0 535.0 180.0 57.0 195.0 824.0 389.0 251.0 64.0 175.0 315.0 711.0 159.0 761.0 64.0 118.0 330.0 367.0 56.0 172.0 400.0 603.0 539.0 674.0 665.0 207.0 148.0 146.0 456.0 33.0 326.0 163.0 131.0 570.0 
