26
location8 location10 location15 location24 location25 location34 location35 location37 location40 location42 location45 location47 location1 location5 location22 location39 location2 location3 location4 location11 location17 location29 location30 location32 location38 location12
0 15.0 454.0 521.0 579.0 145.0 510.0 135.0 80.0 177.0 28.0 420.0 258.0 583.0 204.0 170.0 460.0 143.0 163.0 291.0 220.0 318.0 591.0 531.0 90.0 219.0 
15.0 0 439.0 506.0 564.0 130.0 495.0 150.0 65.0 192.0 43.0 405.0 243.0 568.0 189.0 185.0 445.0 128.0 178.0 276.0 235.0 303.0 576.0 516.0 105.0 204.0 
454.0 439.0 0 67.0 125.0 309.0 56.0 589.0 374.0 631.0 482.0 34.0 196.0 129.0 250.0 624.0 6.0 311.0 617.0 163.0 674.0 136.0 137.0 77.0 544.0 235.0 
521.0 506.0 67.0 0 58.0 376.0 11.0 656.0 441.0 698.0 549.0 101.0 263.0 62.0 317.0 691.0 61.0 378.0 684.0 230.0 741.0 203.0 70.0 10.0 611.0 302.0 
579.0 564.0 125.0 58.0 0 434.0 69.0 714.0 499.0 756.0 607.0 159.0 321.0 4.0 375.0 749.0 119.0 436.0 742.0 288.0 799.0 261.0 12.0 48.0 669.0 360.0 
145.0 130.0 309.0 376.0 434.0 0 365.0 280.0 65.0 322.0 173.0 275.0 113.0 438.0 59.0 315.0 315.0 2.0 308.0 146.0 365.0 173.0 446.0 386.0 235.0 74.0 
510.0 495.0 56.0 11.0 69.0 365.0 0 645.0 430.0 687.0 538.0 90.0 252.0 73.0 306.0 680.0 50.0 367.0 673.0 219.0 730.0 192.0 81.0 21.0 600.0 291.0 
135.0 150.0 589.0 656.0 714.0 280.0 645.0 0 215.0 42.0 107.0 555.0 393.0 718.0 339.0 35.0 595.0 278.0 28.0 426.0 85.0 453.0 726.0 666.0 45.0 354.0 
80.0 65.0 374.0 441.0 499.0 65.0 430.0 215.0 0 257.0 108.0 340.0 178.0 503.0 124.0 250.0 380.0 63.0 243.0 211.0 300.0 238.0 511.0 451.0 170.0 139.0 
177.0 192.0 631.0 698.0 756.0 322.0 687.0 42.0 257.0 0 149.0 597.0 435.0 760.0 381.0 7.0 637.0 320.0 14.0 468.0 43.0 495.0 768.0 708.0 87.0 396.0 
28.0 43.0 482.0 549.0 607.0 173.0 538.0 107.0 108.0 149.0 0 448.0 286.0 611.0 232.0 142.0 488.0 171.0 135.0 319.0 192.0 346.0 619.0 559.0 62.0 247.0 
420.0 405.0 34.0 101.0 159.0 275.0 90.0 555.0 340.0 597.0 448.0 0 162.0 163.0 216.0 590.0 40.0 277.0 583.0 129.0 640.0 102.0 171.0 111.0 510.0 201.0 
258.0 243.0 196.0 263.0 321.0 113.0 252.0 393.0 178.0 435.0 286.0 162.0 0 325.0 54.0 428.0 202.0 115.0 421.0 33.0 478.0 60.0 333.0 273.0 348.0 39.0 
583.0 568.0 129.0 62.0 4.0 438.0 73.0 718.0 503.0 760.0 611.0 163.0 325.0 0 379.0 753.0 123.0 440.0 746.0 292.0 803.0 265.0 8.0 52.0 673.0 364.0 
204.0 189.0 250.0 317.0 375.0 59.0 306.0 339.0 124.0 381.0 232.0 216.0 54.0 379.0 0 374.0 256.0 61.0 367.0 87.0 424.0 114.0 387.0 327.0 294.0 15.0 
170.0 185.0 624.0 691.0 749.0 315.0 680.0 35.0 250.0 7.0 142.0 590.0 428.0 753.0 374.0 0 630.0 313.0 7.0 461.0 50.0 488.0 761.0 701.0 80.0 389.0 
460.0 445.0 6.0 61.0 119.0 315.0 50.0 595.0 380.0 637.0 488.0 40.0 202.0 123.0 256.0 630.0 0 317.0 623.0 169.0 680.0 142.0 131.0 71.0 550.0 241.0 
143.0 128.0 311.0 378.0 436.0 2.0 367.0 278.0 63.0 320.0 171.0 277.0 115.0 440.0 61.0 313.0 317.0 0 306.0 148.0 363.0 175.0 448.0 388.0 233.0 76.0 
163.0 178.0 617.0 684.0 742.0 308.0 673.0 28.0 243.0 14.0 135.0 583.0 421.0 746.0 367.0 7.0 623.0 306.0 0 454.0 57.0 481.0 754.0 694.0 73.0 382.0 
291.0 276.0 163.0 230.0 288.0 146.0 219.0 426.0 211.0 468.0 319.0 129.0 33.0 292.0 87.0 461.0 169.0 148.0 454.0 0 511.0 27.0 300.0 240.0 381.0 72.0 
220.0 235.0 674.0 741.0 799.0 365.0 730.0 85.0 300.0 43.0 192.0 640.0 478.0 803.0 424.0 50.0 680.0 363.0 57.0 511.0 0 538.0 811.0 751.0 130.0 439.0 
318.0 303.0 136.0 203.0 261.0 173.0 192.0 453.0 238.0 495.0 346.0 102.0 60.0 265.0 114.0 488.0 142.0 175.0 481.0 27.0 538.0 0 273.0 213.0 408.0 99.0 
591.0 576.0 137.0 70.0 12.0 446.0 81.0 726.0 511.0 768.0 619.0 171.0 333.0 8.0 387.0 761.0 131.0 448.0 754.0 300.0 811.0 273.0 0 60.0 681.0 372.0 
531.0 516.0 77.0 10.0 48.0 386.0 21.0 666.0 451.0 708.0 559.0 111.0 273.0 52.0 327.0 701.0 71.0 388.0 694.0 240.0 751.0 213.0 60.0 0 621.0 312.0 
90.0 105.0 544.0 611.0 669.0 235.0 600.0 45.0 170.0 87.0 62.0 510.0 348.0 673.0 294.0 80.0 550.0 233.0 73.0 381.0 130.0 408.0 681.0 621.0 0 309.0 
219.0 204.0 235.0 302.0 360.0 74.0 291.0 354.0 139.0 396.0 247.0 201.0 39.0 364.0 15.0 389.0 241.0 76.0 382.0 72.0 439.0 99.0 372.0 312.0 309.0 0 
