81
3 4 5 7 8 9 11 12 13 15 16 17 19 20 21 23 24 25 28 30 53 54 55 57 58 59 61 62 63 65 66 67 69 70 71 73 74 75 78 80 103 104 105 107 108 109 111 112 113 115 116 117 119 120 121 123 124 125 128 130 153 154 155 157 158 159 161 162 163 165 166 167 169 170 171 173 174 175 178 180 1
0 1.0 1.0 6.0 6.0 6.0 6.0 6.0 6.0 9.0 9.0 9.0 6.0 7.0 7.0 15.0 15.0 25.0 10.6 28.6 19.0 19.0 18.0 6.0 6.0 6.0 6.0 6.0 6.0 9.0 9.0 9.0 6.0 7.0 7.0 15.0 15.0 25.0 10.6 28.6 19.0 19.0 18.0 6.0 6.0 6.0 6.0 6.0 6.0 9.0 9.0 9.0 6.0 7.0 7.0 15.0 15.0 25.0 10.6 28.6 19.0 19.0 18.0 6.0 6.0 6.0 6.0 6.0 6.0 9.0 9.0 9.0 6.0 7.0 7.0 15.0 15.0 25.0 10.6 28.6 4.0 
1.0 0 1.0 6.0 6.0 6.0 6.0 6.0 6.0 9.0 9.0 9.0 6.0 7.0 7.0 15.0 15.0 25.0 10.6 28.6 19.0 19.0 18.0 6.0 6.0 6.0 6.0 6.0 6.0 9.0 9.0 9.0 6.0 7.0 7.0 15.0 15.0 25.0 10.6 28.6 19.0 19.0 18.0 6.0 6.0 6.0 6.0 6.0 6.0 9.0 9.0 9.0 6.0 7.0 7.0 15.0 15.0 25.0 10.6 28.6 19.0 19.0 18.0 6.0 6.0 6.0 6.0 6.0 6.0 9.0 9.0 9.0 6.0 7.0 7.0 15.0 15.0 25.0 10.6 28.6 4.0 
1.0 1.0 0 5.0 5.0 5.0 5.0 5.0 5.0 8.0 8.0 8.0 5.0 6.0 6.0 14.0 14.0 24.0 9.6 27.6 18.0 18.0 17.0 5.0 5.0 5.0 5.0 5.0 5.0 8.0 8.0 8.0 5.0 6.0 6.0 14.0 14.0 24.0 9.6 27.6 18.0 18.0 17.0 5.0 5.0 5.0 5.0 5.0 5.0 8.0 8.0 8.0 5.0 6.0 6.0 14.0 14.0 24.0 9.6 27.6 18.0 18.0 17.0 5.0 5.0 5.0 5.0 5.0 5.0 8.0 8.0 8.0 5.0 6.0 6.0 14.0 14.0 24.0 9.6 27.6 3.0 
6.0 6.0 5.0 0 2.0 2.0 4.0 4.0 4.0 7.0 7.0 7.0 4.0 5.0 5.0 13.0 13.0 23.0 8.6 26.6 17.0 17.0 16.0 4.0 4.0 4.0 4.0 4.0 4.0 7.0 7.0 7.0 4.0 5.0 5.0 13.0 13.0 23.0 8.6 26.6 17.0 17.0 16.0 4.0 4.0 4.0 4.0 4.0 4.0 7.0 7.0 7.0 4.0 5.0 5.0 13.0 13.0 23.0 8.6 26.6 17.0 17.0 16.0 4.0 4.0 4.0 4.0 4.0 4.0 7.0 7.0 7.0 4.0 5.0 5.0 13.0 13.0 23.0 8.6 26.6 2.0 
6.0 6.0 5.0 2.0 0 1.0 4.0 4.0 4.0 7.0 7.0 7.0 4.0 5.0 5.0 13.0 13.0 23.0 8.6 26.6 17.0 17.0 16.0 4.0 4.0 4.0 4.0 4.0 4.0 7.0 7.0 7.0 4.0 5.0 5.0 13.0 13.0 23.0 8.6 26.6 17.0 17.0 16.0 4.0 4.0 4.0 4.0 4.0 4.0 7.0 7.0 7.0 4.0 5.0 5.0 13.0 13.0 23.0 8.6 26.6 17.0 17.0 16.0 4.0 4.0 4.0 4.0 4.0 4.0 7.0 7.0 7.0 4.0 5.0 5.0 13.0 13.0 23.0 8.6 26.6 2.0 
6.0 6.0 5.0 2.0 1.0 0 4.0 4.0 4.0 7.0 7.0 7.0 4.0 5.0 5.0 13.0 13.0 23.0 8.6 26.6 17.0 17.0 16.0 4.0 4.0 4.0 4.0 4.0 4.0 7.0 7.0 7.0 4.0 5.0 5.0 13.0 13.0 23.0 8.6 26.6 17.0 17.0 16.0 4.0 4.0 4.0 4.0 4.0 4.0 7.0 7.0 7.0 4.0 5.0 5.0 13.0 13.0 23.0 8.6 26.6 17.0 17.0 16.0 4.0 4.0 4.0 4.0 4.0 4.0 7.0 7.0 7.0 4.0 5.0 5.0 13.0 13.0 23.0 8.6 26.6 2.0 
6.0 6.0 5.0 4.0 4.0 4.0 0 1.0 1.0 7.0 7.0 7.0 4.0 5.0 5.0 13.0 13.0 23.0 8.6 26.6 17.0 17.0 16.0 4.0 4.0 4.0 4.0 4.0 4.0 7.0 7.0 7.0 4.0 5.0 5.0 13.0 13.0 23.0 8.6 26.6 17.0 17.0 16.0 4.0 4.0 4.0 4.0 4.0 4.0 7.0 7.0 7.0 4.0 5.0 5.0 13.0 13.0 23.0 8.6 26.6 17.0 17.0 16.0 4.0 4.0 4.0 4.0 4.0 4.0 7.0 7.0 7.0 4.0 5.0 5.0 13.0 13.0 23.0 8.6 26.6 2.0 
6.0 6.0 5.0 4.0 4.0 4.0 1.0 0 2.0 7.0 7.0 7.0 4.0 5.0 5.0 13.0 13.0 23.0 8.6 26.6 17.0 17.0 16.0 4.0 4.0 4.0 4.0 4.0 4.0 7.0 7.0 7.0 4.0 5.0 5.0 13.0 13.0 23.0 8.6 26.6 17.0 17.0 16.0 4.0 4.0 4.0 4.0 4.0 4.0 7.0 7.0 7.0 4.0 5.0 5.0 13.0 13.0 23.0 8.6 26.6 17.0 17.0 16.0 4.0 4.0 4.0 4.0 4.0 4.0 7.0 7.0 7.0 4.0 5.0 5.0 13.0 13.0 23.0 8.6 26.6 2.0 
6.0 6.0 5.0 4.0 4.0 4.0 1.0 2.0 0 7.0 7.0 7.0 4.0 5.0 5.0 13.0 13.0 23.0 8.6 26.6 17.0 17.0 16.0 4.0 4.0 4.0 4.0 4.0 4.0 7.0 7.0 7.0 4.0 5.0 5.0 13.0 13.0 23.0 8.6 26.6 17.0 17.0 16.0 4.0 4.0 4.0 4.0 4.0 4.0 7.0 7.0 7.0 4.0 5.0 5.0 13.0 13.0 23.0 8.6 26.6 17.0 17.0 16.0 4.0 4.0 4.0 4.0 4.0 4.0 7.0 7.0 7.0 4.0 5.0 5.0 13.0 13.0 23.0 8.6 26.6 2.0 
9.0 9.0 8.0 7.0 7.0 7.0 7.0 7.0 7.0 0 8.0 8.0 7.0 8.0 8.0 16.0 16.0 26.0 11.600000000000001 29.6 20.0 20.0 19.0 7.0 7.0 7.0 7.0 7.0 7.0 10.0 10.0 10.0 7.0 8.0 8.0 16.0 16.0 26.0 11.600000000000001 29.6 20.0 20.0 19.0 7.0 7.0 7.0 7.0 7.0 7.0 10.0 10.0 10.0 7.0 8.0 8.0 16.0 16.0 26.0 11.600000000000001 29.6 20.0 20.0 19.0 7.0 7.0 7.0 7.0 7.0 7.0 10.0 10.0 10.0 7.0 8.0 8.0 16.0 16.0 26.0 11.600000000000001 29.6 5.0 
9.0 9.0 8.0 7.0 7.0 7.0 7.0 7.0 7.0 8.0 0 8.0 7.0 8.0 8.0 16.0 16.0 26.0 11.600000000000001 29.6 20.0 20.0 19.0 7.0 7.0 7.0 7.0 7.0 7.0 10.0 10.0 10.0 7.0 8.0 8.0 16.0 16.0 26.0 11.600000000000001 29.6 20.0 20.0 19.0 7.0 7.0 7.0 7.0 7.0 7.0 10.0 10.0 10.0 7.0 8.0 8.0 16.0 16.0 26.0 11.600000000000001 29.6 20.0 20.0 19.0 7.0 7.0 7.0 7.0 7.0 7.0 10.0 10.0 10.0 7.0 8.0 8.0 16.0 16.0 26.0 11.600000000000001 29.6 5.0 
9.0 9.0 8.0 7.0 7.0 7.0 7.0 7.0 7.0 8.0 8.0 0 7.0 8.0 8.0 16.0 16.0 26.0 11.600000000000001 29.6 20.0 20.0 19.0 7.0 7.0 7.0 7.0 7.0 7.0 10.0 10.0 10.0 7.0 8.0 8.0 16.0 16.0 26.0 11.600000000000001 29.6 20.0 20.0 19.0 7.0 7.0 7.0 7.0 7.0 7.0 10.0 10.0 10.0 7.0 8.0 8.0 16.0 16.0 26.0 11.600000000000001 29.6 20.0 20.0 19.0 7.0 7.0 7.0 7.0 7.0 7.0 10.0 10.0 10.0 7.0 8.0 8.0 16.0 16.0 26.0 11.600000000000001 29.6 5.0 
6.0 6.0 5.0 4.0 4.0 4.0 4.0 4.0 4.0 7.0 7.0 7.0 0 1.0 1.0 13.0 13.0 23.0 8.6 26.6 17.0 17.0 16.0 4.0 4.0 4.0 4.0 4.0 4.0 7.0 7.0 7.0 4.0 5.0 5.0 13.0 13.0 23.0 8.6 26.6 17.0 17.0 16.0 4.0 4.0 4.0 4.0 4.0 4.0 7.0 7.0 7.0 4.0 5.0 5.0 13.0 13.0 23.0 8.6 26.6 17.0 17.0 16.0 4.0 4.0 4.0 4.0 4.0 4.0 7.0 7.0 7.0 4.0 5.0 5.0 13.0 13.0 23.0 8.6 26.6 2.0 
7.0 7.0 6.0 5.0 5.0 5.0 5.0 5.0 5.0 8.0 8.0 8.0 1.0 0 1.0 14.0 14.0 24.0 9.6 27.6 18.0 18.0 17.0 5.0 5.0 5.0 5.0 5.0 5.0 8.0 8.0 8.0 5.0 6.0 6.0 14.0 14.0 24.0 9.6 27.6 18.0 18.0 17.0 5.0 5.0 5.0 5.0 5.0 5.0 8.0 8.0 8.0 5.0 6.0 6.0 14.0 14.0 24.0 9.6 27.6 18.0 18.0 17.0 5.0 5.0 5.0 5.0 5.0 5.0 8.0 8.0 8.0 5.0 6.0 6.0 14.0 14.0 24.0 9.6 27.6 3.0 
7.0 7.0 6.0 5.0 5.0 5.0 5.0 5.0 5.0 8.0 8.0 8.0 1.0 1.0 0 14.0 14.0 24.0 9.6 27.6 18.0 18.0 17.0 5.0 5.0 5.0 5.0 5.0 5.0 8.0 8.0 8.0 5.0 6.0 6.0 14.0 14.0 24.0 9.6 27.6 18.0 18.0 17.0 5.0 5.0 5.0 5.0 5.0 5.0 8.0 8.0 8.0 5.0 6.0 6.0 14.0 14.0 24.0 9.6 27.6 18.0 18.0 17.0 5.0 5.0 5.0 5.0 5.0 5.0 8.0 8.0 8.0 5.0 6.0 6.0 14.0 14.0 24.0 9.6 27.6 3.0 
15.0 15.0 14.0 13.0 13.0 13.0 13.0 13.0 13.0 16.0 16.0 16.0 13.0 14.0 14.0 0 10.0 20.0 17.6 35.6 26.0 26.0 25.0 13.0 13.0 13.0 13.0 13.0 13.0 16.0 16.0 16.0 13.0 14.0 14.0 22.0 22.0 32.0 17.6 35.6 26.0 26.0 25.0 13.0 13.0 13.0 13.0 13.0 13.0 16.0 16.0 16.0 13.0 14.0 14.0 22.0 22.0 32.0 17.6 35.6 26.0 26.0 25.0 13.0 13.0 13.0 13.0 13.0 13.0 16.0 16.0 16.0 13.0 14.0 14.0 22.0 22.0 32.0 17.6 35.6 11.0 
15.0 15.0 14.0 13.0 13.0 13.0 13.0 13.0 13.0 16.0 16.0 16.0 13.0 14.0 14.0 10.0 0 10.0 17.6 35.6 26.0 26.0 25.0 13.0 13.0 13.0 13.0 13.0 13.0 16.0 16.0 16.0 13.0 14.0 14.0 22.0 22.0 32.0 17.6 35.6 26.0 26.0 25.0 13.0 13.0 13.0 13.0 13.0 13.0 16.0 16.0 16.0 13.0 14.0 14.0 22.0 22.0 32.0 17.6 35.6 26.0 26.0 25.0 13.0 13.0 13.0 13.0 13.0 13.0 16.0 16.0 16.0 13.0 14.0 14.0 22.0 22.0 32.0 17.6 35.6 11.0 
25.0 25.0 24.0 23.0 23.0 23.0 23.0 23.0 23.0 26.0 26.0 26.0 23.0 24.0 24.0 20.0 10.0 0 27.6 45.6 36.0 36.0 35.0 23.0 23.0 23.0 23.0 23.0 23.0 26.0 26.0 26.0 23.0 24.0 24.0 32.0 32.0 42.0 27.6 45.6 36.0 36.0 35.0 23.0 23.0 23.0 23.0 23.0 23.0 26.0 26.0 26.0 23.0 24.0 24.0 32.0 32.0 42.0 27.6 45.6 36.0 36.0 35.0 23.0 23.0 23.0 23.0 23.0 23.0 26.0 26.0 26.0 23.0 24.0 24.0 32.0 32.0 42.0 27.6 45.6 21.0 
10.6 10.6 9.6 8.6 8.6 8.6 8.6 8.6 8.6 11.6 11.6 11.6 8.6 9.6 9.6 17.6 17.6 27.6 0 18.0 21.6 21.6 20.6 8.6 8.6 8.6 8.6 8.6 8.6 11.6 11.6 11.6 8.6 9.6 9.6 17.6 17.6 27.6 13.2 31.2 21.6 21.6 20.6 8.6 8.6 8.6 8.6 8.6 8.6 11.6 11.6 11.6 8.6 9.6 9.6 17.6 17.6 27.6 13.2 31.2 21.6 21.6 20.6 8.6 8.6 8.6 8.6 8.6 8.6 11.6 11.6 11.6 8.6 9.6 9.6 17.6 17.6 27.6 13.2 31.2 6.6 
28.6 28.6 27.6 26.6 26.6 26.6 26.6 26.6 26.6 29.6 29.6 29.6 26.6 27.6 27.6 35.6 35.6 45.6 18.0 0 39.6 39.6 38.6 26.6 26.6 26.6 26.6 26.6 26.6 29.6 29.6 29.6 26.6 27.6 27.6 35.6 35.6 45.6 31.200000000000003 49.2 39.6 39.6 38.6 26.6 26.6 26.6 26.6 26.6 26.6 29.6 29.6 29.6 26.6 27.6 27.6 35.6 35.6 45.6 31.200000000000003 49.2 39.6 39.6 38.6 26.6 26.6 26.6 26.6 26.6 26.6 29.6 29.6 29.6 26.6 27.6 27.6 35.6 35.6 45.6 31.200000000000003 49.2 24.6 
19.0 19.0 18.0 17.0 17.0 17.0 17.0 17.0 17.0 20.0 20.0 20.0 17.0 18.0 18.0 26.0 26.0 36.0 21.6 39.6 0 1.0 1.0 17.0 17.0 17.0 17.0 17.0 17.0 20.0 20.0 20.0 17.0 18.0 18.0 26.0 26.0 36.0 21.6 39.6 30.0 30.0 29.0 17.0 17.0 17.0 17.0 17.0 17.0 20.0 20.0 20.0 17.0 18.0 18.0 26.0 26.0 36.0 21.6 39.6 30.0 30.0 29.0 17.0 17.0 17.0 17.0 17.0 17.0 20.0 20.0 20.0 17.0 18.0 18.0 26.0 26.0 36.0 21.6 39.6 15.0 
19.0 19.0 18.0 17.0 17.0 17.0 17.0 17.0 17.0 20.0 20.0 20.0 17.0 18.0 18.0 26.0 26.0 36.0 21.6 39.6 1.0 0 1.0 17.0 17.0 17.0 17.0 17.0 17.0 20.0 20.0 20.0 17.0 18.0 18.0 26.0 26.0 36.0 21.6 39.6 30.0 30.0 29.0 17.0 17.0 17.0 17.0 17.0 17.0 20.0 20.0 20.0 17.0 18.0 18.0 26.0 26.0 36.0 21.6 39.6 30.0 30.0 29.0 17.0 17.0 17.0 17.0 17.0 17.0 20.0 20.0 20.0 17.0 18.0 18.0 26.0 26.0 36.0 21.6 39.6 15.0 
18.0 18.0 17.0 16.0 16.0 16.0 16.0 16.0 16.0 19.0 19.0 19.0 16.0 17.0 17.0 25.0 25.0 35.0 20.6 38.6 1.0 1.0 0 16.0 16.0 16.0 16.0 16.0 16.0 19.0 19.0 19.0 16.0 17.0 17.0 25.0 25.0 35.0 20.6 38.6 29.0 29.0 28.0 16.0 16.0 16.0 16.0 16.0 16.0 19.0 19.0 19.0 16.0 17.0 17.0 25.0 25.0 35.0 20.6 38.6 29.0 29.0 28.0 16.0 16.0 16.0 16.0 16.0 16.0 19.0 19.0 19.0 16.0 17.0 17.0 25.0 25.0 35.0 20.6 38.6 14.0 
6.0 6.0 5.0 4.0 4.0 4.0 4.0 4.0 4.0 7.0 7.0 7.0 4.0 5.0 5.0 13.0 13.0 23.0 8.6 26.6 17.0 17.0 16.0 0 2.0 2.0 4.0 4.0 4.0 7.0 7.0 7.0 4.0 5.0 5.0 13.0 13.0 23.0 8.6 26.6 17.0 17.0 16.0 4.0 4.0 4.0 4.0 4.0 4.0 7.0 7.0 7.0 4.0 5.0 5.0 13.0 13.0 23.0 8.6 26.6 17.0 17.0 16.0 4.0 4.0 4.0 4.0 4.0 4.0 7.0 7.0 7.0 4.0 5.0 5.0 13.0 13.0 23.0 8.6 26.6 2.0 
6.0 6.0 5.0 4.0 4.0 4.0 4.0 4.0 4.0 7.0 7.0 7.0 4.0 5.0 5.0 13.0 13.0 23.0 8.6 26.6 17.0 17.0 16.0 2.0 0 1.0 4.0 4.0 4.0 7.0 7.0 7.0 4.0 5.0 5.0 13.0 13.0 23.0 8.6 26.6 17.0 17.0 16.0 4.0 4.0 4.0 4.0 4.0 4.0 7.0 7.0 7.0 4.0 5.0 5.0 13.0 13.0 23.0 8.6 26.6 17.0 17.0 16.0 4.0 4.0 4.0 4.0 4.0 4.0 7.0 7.0 7.0 4.0 5.0 5.0 13.0 13.0 23.0 8.6 26.6 2.0 
6.0 6.0 5.0 4.0 4.0 4.0 4.0 4.0 4.0 7.0 7.0 7.0 4.0 5.0 5.0 13.0 13.0 23.0 8.6 26.6 17.0 17.0 16.0 2.0 1.0 0 4.0 4.0 4.0 7.0 7.0 7.0 4.0 5.0 5.0 13.0 13.0 23.0 8.6 26.6 17.0 17.0 16.0 4.0 4.0 4.0 4.0 4.0 4.0 7.0 7.0 7.0 4.0 5.0 5.0 13.0 13.0 23.0 8.6 26.6 17.0 17.0 16.0 4.0 4.0 4.0 4.0 4.0 4.0 7.0 7.0 7.0 4.0 5.0 5.0 13.0 13.0 23.0 8.6 26.6 2.0 
6.0 6.0 5.0 4.0 4.0 4.0 4.0 4.0 4.0 7.0 7.0 7.0 4.0 5.0 5.0 13.0 13.0 23.0 8.6 26.6 17.0 17.0 16.0 4.0 4.0 4.0 0 1.0 1.0 7.0 7.0 7.0 4.0 5.0 5.0 13.0 13.0 23.0 8.6 26.6 17.0 17.0 16.0 4.0 4.0 4.0 4.0 4.0 4.0 7.0 7.0 7.0 4.0 5.0 5.0 13.0 13.0 23.0 8.6 26.6 17.0 17.0 16.0 4.0 4.0 4.0 4.0 4.0 4.0 7.0 7.0 7.0 4.0 5.0 5.0 13.0 13.0 23.0 8.6 26.6 2.0 
6.0 6.0 5.0 4.0 4.0 4.0 4.0 4.0 4.0 7.0 7.0 7.0 4.0 5.0 5.0 13.0 13.0 23.0 8.6 26.6 17.0 17.0 16.0 4.0 4.0 4.0 1.0 0 2.0 7.0 7.0 7.0 4.0 5.0 5.0 13.0 13.0 23.0 8.6 26.6 17.0 17.0 16.0 4.0 4.0 4.0 4.0 4.0 4.0 7.0 7.0 7.0 4.0 5.0 5.0 13.0 13.0 23.0 8.6 26.6 17.0 17.0 16.0 4.0 4.0 4.0 4.0 4.0 4.0 7.0 7.0 7.0 4.0 5.0 5.0 13.0 13.0 23.0 8.6 26.6 2.0 
6.0 6.0 5.0 4.0 4.0 4.0 4.0 4.0 4.0 7.0 7.0 7.0 4.0 5.0 5.0 13.0 13.0 23.0 8.6 26.6 17.0 17.0 16.0 4.0 4.0 4.0 1.0 2.0 0 7.0 7.0 7.0 4.0 5.0 5.0 13.0 13.0 23.0 8.6 26.6 17.0 17.0 16.0 4.0 4.0 4.0 4.0 4.0 4.0 7.0 7.0 7.0 4.0 5.0 5.0 13.0 13.0 23.0 8.6 26.6 17.0 17.0 16.0 4.0 4.0 4.0 4.0 4.0 4.0 7.0 7.0 7.0 4.0 5.0 5.0 13.0 13.0 23.0 8.6 26.6 2.0 
9.0 9.0 8.0 7.0 7.0 7.0 7.0 7.0 7.0 10.0 10.0 10.0 7.0 8.0 8.0 16.0 16.0 26.0 11.600000000000001 29.6 20.0 20.0 19.0 7.0 7.0 7.0 7.0 7.0 7.0 0 8.0 8.0 7.0 8.0 8.0 16.0 16.0 26.0 11.600000000000001 29.6 20.0 20.0 19.0 7.0 7.0 7.0 7.0 7.0 7.0 10.0 10.0 10.0 7.0 8.0 8.0 16.0 16.0 26.0 11.600000000000001 29.6 20.0 20.0 19.0 7.0 7.0 7.0 7.0 7.0 7.0 10.0 10.0 10.0 7.0 8.0 8.0 16.0 16.0 26.0 11.600000000000001 29.6 5.0 
9.0 9.0 8.0 7.0 7.0 7.0 7.0 7.0 7.0 10.0 10.0 10.0 7.0 8.0 8.0 16.0 16.0 26.0 11.600000000000001 29.6 20.0 20.0 19.0 7.0 7.0 7.0 7.0 7.0 7.0 8.0 0 8.0 7.0 8.0 8.0 16.0 16.0 26.0 11.600000000000001 29.6 20.0 20.0 19.0 7.0 7.0 7.0 7.0 7.0 7.0 10.0 10.0 10.0 7.0 8.0 8.0 16.0 16.0 26.0 11.600000000000001 29.6 20.0 20.0 19.0 7.0 7.0 7.0 7.0 7.0 7.0 10.0 10.0 10.0 7.0 8.0 8.0 16.0 16.0 26.0 11.600000000000001 29.6 5.0 
9.0 9.0 8.0 7.0 7.0 7.0 7.0 7.0 7.0 10.0 10.0 10.0 7.0 8.0 8.0 16.0 16.0 26.0 11.600000000000001 29.6 20.0 20.0 19.0 7.0 7.0 7.0 7.0 7.0 7.0 8.0 8.0 0 7.0 8.0 8.0 16.0 16.0 26.0 11.600000000000001 29.6 20.0 20.0 19.0 7.0 7.0 7.0 7.0 7.0 7.0 10.0 10.0 10.0 7.0 8.0 8.0 16.0 16.0 26.0 11.600000000000001 29.6 20.0 20.0 19.0 7.0 7.0 7.0 7.0 7.0 7.0 10.0 10.0 10.0 7.0 8.0 8.0 16.0 16.0 26.0 11.600000000000001 29.6 5.0 
6.0 6.0 5.0 4.0 4.0 4.0 4.0 4.0 4.0 7.0 7.0 7.0 4.0 5.0 5.0 13.0 13.0 23.0 8.6 26.6 17.0 17.0 16.0 4.0 4.0 4.0 4.0 4.0 4.0 7.0 7.0 7.0 0 1.0 1.0 13.0 13.0 23.0 8.6 26.6 17.0 17.0 16.0 4.0 4.0 4.0 4.0 4.0 4.0 7.0 7.0 7.0 4.0 5.0 5.0 13.0 13.0 23.0 8.6 26.6 17.0 17.0 16.0 4.0 4.0 4.0 4.0 4.0 4.0 7.0 7.0 7.0 4.0 5.0 5.0 13.0 13.0 23.0 8.6 26.6 2.0 
7.0 7.0 6.0 5.0 5.0 5.0 5.0 5.0 5.0 8.0 8.0 8.0 5.0 6.0 6.0 14.0 14.0 24.0 9.6 27.6 18.0 18.0 17.0 5.0 5.0 5.0 5.0 5.0 5.0 8.0 8.0 8.0 1.0 0 1.0 14.0 14.0 24.0 9.6 27.6 18.0 18.0 17.0 5.0 5.0 5.0 5.0 5.0 5.0 8.0 8.0 8.0 5.0 6.0 6.0 14.0 14.0 24.0 9.6 27.6 18.0 18.0 17.0 5.0 5.0 5.0 5.0 5.0 5.0 8.0 8.0 8.0 5.0 6.0 6.0 14.0 14.0 24.0 9.6 27.6 3.0 
7.0 7.0 6.0 5.0 5.0 5.0 5.0 5.0 5.0 8.0 8.0 8.0 5.0 6.0 6.0 14.0 14.0 24.0 9.6 27.6 18.0 18.0 17.0 5.0 5.0 5.0 5.0 5.0 5.0 8.0 8.0 8.0 1.0 1.0 0 14.0 14.0 24.0 9.6 27.6 18.0 18.0 17.0 5.0 5.0 5.0 5.0 5.0 5.0 8.0 8.0 8.0 5.0 6.0 6.0 14.0 14.0 24.0 9.6 27.6 18.0 18.0 17.0 5.0 5.0 5.0 5.0 5.0 5.0 8.0 8.0 8.0 5.0 6.0 6.0 14.0 14.0 24.0 9.6 27.6 3.0 
15.0 15.0 14.0 13.0 13.0 13.0 13.0 13.0 13.0 16.0 16.0 16.0 13.0 14.0 14.0 22.0 22.0 32.0 17.6 35.6 26.0 26.0 25.0 13.0 13.0 13.0 13.0 13.0 13.0 16.0 16.0 16.0 13.0 14.0 14.0 0 10.0 20.0 17.6 35.6 26.0 26.0 25.0 13.0 13.0 13.0 13.0 13.0 13.0 16.0 16.0 16.0 13.0 14.0 14.0 22.0 22.0 32.0 17.6 35.6 26.0 26.0 25.0 13.0 13.0 13.0 13.0 13.0 13.0 16.0 16.0 16.0 13.0 14.0 14.0 22.0 22.0 32.0 17.6 35.6 11.0 
15.0 15.0 14.0 13.0 13.0 13.0 13.0 13.0 13.0 16.0 16.0 16.0 13.0 14.0 14.0 22.0 22.0 32.0 17.6 35.6 26.0 26.0 25.0 13.0 13.0 13.0 13.0 13.0 13.0 16.0 16.0 16.0 13.0 14.0 14.0 10.0 0 10.0 17.6 35.6 26.0 26.0 25.0 13.0 13.0 13.0 13.0 13.0 13.0 16.0 16.0 16.0 13.0 14.0 14.0 22.0 22.0 32.0 17.6 35.6 26.0 26.0 25.0 13.0 13.0 13.0 13.0 13.0 13.0 16.0 16.0 16.0 13.0 14.0 14.0 22.0 22.0 32.0 17.6 35.6 11.0 
25.0 25.0 24.0 23.0 23.0 23.0 23.0 23.0 23.0 26.0 26.0 26.0 23.0 24.0 24.0 32.0 32.0 42.0 27.6 45.6 36.0 36.0 35.0 23.0 23.0 23.0 23.0 23.0 23.0 26.0 26.0 26.0 23.0 24.0 24.0 20.0 10.0 0 27.6 45.6 36.0 36.0 35.0 23.0 23.0 23.0 23.0 23.0 23.0 26.0 26.0 26.0 23.0 24.0 24.0 32.0 32.0 42.0 27.6 45.6 36.0 36.0 35.0 23.0 23.0 23.0 23.0 23.0 23.0 26.0 26.0 26.0 23.0 24.0 24.0 32.0 32.0 42.0 27.6 45.6 21.0 
10.6 10.6 9.6 8.6 8.6 8.6 8.6 8.6 8.6 11.6 11.6 11.6 8.6 9.6 9.6 17.6 17.6 27.6 13.2 31.2 21.6 21.6 20.6 8.6 8.6 8.6 8.6 8.6 8.6 11.6 11.6 11.6 8.6 9.6 9.6 17.6 17.6 27.6 0 18.0 21.6 21.6 20.6 8.6 8.6 8.6 8.6 8.6 8.6 11.6 11.6 11.6 8.6 9.6 9.6 17.6 17.6 27.6 13.2 31.2 21.6 21.6 20.6 8.6 8.6 8.6 8.6 8.6 8.6 11.6 11.6 11.6 8.6 9.6 9.6 17.6 17.6 27.6 13.2 31.2 6.6 
28.6 28.6 27.6 26.6 26.6 26.6 26.6 26.6 26.6 29.6 29.6 29.6 26.6 27.6 27.6 35.6 35.6 45.6 31.200000000000003 49.2 39.6 39.6 38.6 26.6 26.6 26.6 26.6 26.6 26.6 29.6 29.6 29.6 26.6 27.6 27.6 35.6 35.6 45.6 18.0 0 39.6 39.6 38.6 26.6 26.6 26.6 26.6 26.6 26.6 29.6 29.6 29.6 26.6 27.6 27.6 35.6 35.6 45.6 31.200000000000003 49.2 39.6 39.6 38.6 26.6 26.6 26.6 26.6 26.6 26.6 29.6 29.6 29.6 26.6 27.6 27.6 35.6 35.6 45.6 31.200000000000003 49.2 24.6 
19.0 19.0 18.0 17.0 17.0 17.0 17.0 17.0 17.0 20.0 20.0 20.0 17.0 18.0 18.0 26.0 26.0 36.0 21.6 39.6 30.0 30.0 29.0 17.0 17.0 17.0 17.0 17.0 17.0 20.0 20.0 20.0 17.0 18.0 18.0 26.0 26.0 36.0 21.6 39.6 0 1.0 1.0 17.0 17.0 17.0 17.0 17.0 17.0 20.0 20.0 20.0 17.0 18.0 18.0 26.0 26.0 36.0 21.6 39.6 30.0 30.0 29.0 17.0 17.0 17.0 17.0 17.0 17.0 20.0 20.0 20.0 17.0 18.0 18.0 26.0 26.0 36.0 21.6 39.6 15.0 
19.0 19.0 18.0 17.0 17.0 17.0 17.0 17.0 17.0 20.0 20.0 20.0 17.0 18.0 18.0 26.0 26.0 36.0 21.6 39.6 30.0 30.0 29.0 17.0 17.0 17.0 17.0 17.0 17.0 20.0 20.0 20.0 17.0 18.0 18.0 26.0 26.0 36.0 21.6 39.6 1.0 0 1.0 17.0 17.0 17.0 17.0 17.0 17.0 20.0 20.0 20.0 17.0 18.0 18.0 26.0 26.0 36.0 21.6 39.6 30.0 30.0 29.0 17.0 17.0 17.0 17.0 17.0 17.0 20.0 20.0 20.0 17.0 18.0 18.0 26.0 26.0 36.0 21.6 39.6 15.0 
18.0 18.0 17.0 16.0 16.0 16.0 16.0 16.0 16.0 19.0 19.0 19.0 16.0 17.0 17.0 25.0 25.0 35.0 20.6 38.6 29.0 29.0 28.0 16.0 16.0 16.0 16.0 16.0 16.0 19.0 19.0 19.0 16.0 17.0 17.0 25.0 25.0 35.0 20.6 38.6 1.0 1.0 0 16.0 16.0 16.0 16.0 16.0 16.0 19.0 19.0 19.0 16.0 17.0 17.0 25.0 25.0 35.0 20.6 38.6 29.0 29.0 28.0 16.0 16.0 16.0 16.0 16.0 16.0 19.0 19.0 19.0 16.0 17.0 17.0 25.0 25.0 35.0 20.6 38.6 14.0 
6.0 6.0 5.0 4.0 4.0 4.0 4.0 4.0 4.0 7.0 7.0 7.0 4.0 5.0 5.0 13.0 13.0 23.0 8.6 26.6 17.0 17.0 16.0 4.0 4.0 4.0 4.0 4.0 4.0 7.0 7.0 7.0 4.0 5.0 5.0 13.0 13.0 23.0 8.6 26.6 17.0 17.0 16.0 0 2.0 2.0 4.0 4.0 4.0 7.0 7.0 7.0 4.0 5.0 5.0 13.0 13.0 23.0 8.6 26.6 17.0 17.0 16.0 4.0 4.0 4.0 4.0 4.0 4.0 7.0 7.0 7.0 4.0 5.0 5.0 13.0 13.0 23.0 8.6 26.6 2.0 
6.0 6.0 5.0 4.0 4.0 4.0 4.0 4.0 4.0 7.0 7.0 7.0 4.0 5.0 5.0 13.0 13.0 23.0 8.6 26.6 17.0 17.0 16.0 4.0 4.0 4.0 4.0 4.0 4.0 7.0 7.0 7.0 4.0 5.0 5.0 13.0 13.0 23.0 8.6 26.6 17.0 17.0 16.0 2.0 0 1.0 4.0 4.0 4.0 7.0 7.0 7.0 4.0 5.0 5.0 13.0 13.0 23.0 8.6 26.6 17.0 17.0 16.0 4.0 4.0 4.0 4.0 4.0 4.0 7.0 7.0 7.0 4.0 5.0 5.0 13.0 13.0 23.0 8.6 26.6 2.0 
6.0 6.0 5.0 4.0 4.0 4.0 4.0 4.0 4.0 7.0 7.0 7.0 4.0 5.0 5.0 13.0 13.0 23.0 8.6 26.6 17.0 17.0 16.0 4.0 4.0 4.0 4.0 4.0 4.0 7.0 7.0 7.0 4.0 5.0 5.0 13.0 13.0 23.0 8.6 26.6 17.0 17.0 16.0 2.0 1.0 0 4.0 4.0 4.0 7.0 7.0 7.0 4.0 5.0 5.0 13.0 13.0 23.0 8.6 26.6 17.0 17.0 16.0 4.0 4.0 4.0 4.0 4.0 4.0 7.0 7.0 7.0 4.0 5.0 5.0 13.0 13.0 23.0 8.6 26.6 2.0 
6.0 6.0 5.0 4.0 4.0 4.0 4.0 4.0 4.0 7.0 7.0 7.0 4.0 5.0 5.0 13.0 13.0 23.0 8.6 26.6 17.0 17.0 16.0 4.0 4.0 4.0 4.0 4.0 4.0 7.0 7.0 7.0 4.0 5.0 5.0 13.0 13.0 23.0 8.6 26.6 17.0 17.0 16.0 4.0 4.0 4.0 0 1.0 1.0 7.0 7.0 7.0 4.0 5.0 5.0 13.0 13.0 23.0 8.6 26.6 17.0 17.0 16.0 4.0 4.0 4.0 4.0 4.0 4.0 7.0 7.0 7.0 4.0 5.0 5.0 13.0 13.0 23.0 8.6 26.6 2.0 
6.0 6.0 5.0 4.0 4.0 4.0 4.0 4.0 4.0 7.0 7.0 7.0 4.0 5.0 5.0 13.0 13.0 23.0 8.6 26.6 17.0 17.0 16.0 4.0 4.0 4.0 4.0 4.0 4.0 7.0 7.0 7.0 4.0 5.0 5.0 13.0 13.0 23.0 8.6 26.6 17.0 17.0 16.0 4.0 4.0 4.0 1.0 0 2.0 7.0 7.0 7.0 4.0 5.0 5.0 13.0 13.0 23.0 8.6 26.6 17.0 17.0 16.0 4.0 4.0 4.0 4.0 4.0 4.0 7.0 7.0 7.0 4.0 5.0 5.0 13.0 13.0 23.0 8.6 26.6 2.0 
6.0 6.0 5.0 4.0 4.0 4.0 4.0 4.0 4.0 7.0 7.0 7.0 4.0 5.0 5.0 13.0 13.0 23.0 8.6 26.6 17.0 17.0 16.0 4.0 4.0 4.0 4.0 4.0 4.0 7.0 7.0 7.0 4.0 5.0 5.0 13.0 13.0 23.0 8.6 26.6 17.0 17.0 16.0 4.0 4.0 4.0 1.0 2.0 0 7.0 7.0 7.0 4.0 5.0 5.0 13.0 13.0 23.0 8.6 26.6 17.0 17.0 16.0 4.0 4.0 4.0 4.0 4.0 4.0 7.0 7.0 7.0 4.0 5.0 5.0 13.0 13.0 23.0 8.6 26.6 2.0 
9.0 9.0 8.0 7.0 7.0 7.0 7.0 7.0 7.0 10.0 10.0 10.0 7.0 8.0 8.0 16.0 16.0 26.0 11.600000000000001 29.6 20.0 20.0 19.0 7.0 7.0 7.0 7.0 7.0 7.0 10.0 10.0 10.0 7.0 8.0 8.0 16.0 16.0 26.0 11.600000000000001 29.6 20.0 20.0 19.0 7.0 7.0 7.0 7.0 7.0 7.0 0 8.0 8.0 7.0 8.0 8.0 16.0 16.0 26.0 11.600000000000001 29.6 20.0 20.0 19.0 7.0 7.0 7.0 7.0 7.0 7.0 10.0 10.0 10.0 7.0 8.0 8.0 16.0 16.0 26.0 11.600000000000001 29.6 5.0 
9.0 9.0 8.0 7.0 7.0 7.0 7.0 7.0 7.0 10.0 10.0 10.0 7.0 8.0 8.0 16.0 16.0 26.0 11.600000000000001 29.6 20.0 20.0 19.0 7.0 7.0 7.0 7.0 7.0 7.0 10.0 10.0 10.0 7.0 8.0 8.0 16.0 16.0 26.0 11.600000000000001 29.6 20.0 20.0 19.0 7.0 7.0 7.0 7.0 7.0 7.0 8.0 0 8.0 7.0 8.0 8.0 16.0 16.0 26.0 11.600000000000001 29.6 20.0 20.0 19.0 7.0 7.0 7.0 7.0 7.0 7.0 10.0 10.0 10.0 7.0 8.0 8.0 16.0 16.0 26.0 11.600000000000001 29.6 5.0 
9.0 9.0 8.0 7.0 7.0 7.0 7.0 7.0 7.0 10.0 10.0 10.0 7.0 8.0 8.0 16.0 16.0 26.0 11.600000000000001 29.6 20.0 20.0 19.0 7.0 7.0 7.0 7.0 7.0 7.0 10.0 10.0 10.0 7.0 8.0 8.0 16.0 16.0 26.0 11.600000000000001 29.6 20.0 20.0 19.0 7.0 7.0 7.0 7.0 7.0 7.0 8.0 8.0 0 7.0 8.0 8.0 16.0 16.0 26.0 11.600000000000001 29.6 20.0 20.0 19.0 7.0 7.0 7.0 7.0 7.0 7.0 10.0 10.0 10.0 7.0 8.0 8.0 16.0 16.0 26.0 11.600000000000001 29.6 5.0 
6.0 6.0 5.0 4.0 4.0 4.0 4.0 4.0 4.0 7.0 7.0 7.0 4.0 5.0 5.0 13.0 13.0 23.0 8.6 26.6 17.0 17.0 16.0 4.0 4.0 4.0 4.0 4.0 4.0 7.0 7.0 7.0 4.0 5.0 5.0 13.0 13.0 23.0 8.6 26.6 17.0 17.0 16.0 4.0 4.0 4.0 4.0 4.0 4.0 7.0 7.0 7.0 0 1.0 1.0 13.0 13.0 23.0 8.6 26.6 17.0 17.0 16.0 4.0 4.0 4.0 4.0 4.0 4.0 7.0 7.0 7.0 4.0 5.0 5.0 13.0 13.0 23.0 8.6 26.6 2.0 
7.0 7.0 6.0 5.0 5.0 5.0 5.0 5.0 5.0 8.0 8.0 8.0 5.0 6.0 6.0 14.0 14.0 24.0 9.6 27.6 18.0 18.0 17.0 5.0 5.0 5.0 5.0 5.0 5.0 8.0 8.0 8.0 5.0 6.0 6.0 14.0 14.0 24.0 9.6 27.6 18.0 18.0 17.0 5.0 5.0 5.0 5.0 5.0 5.0 8.0 8.0 8.0 1.0 0 1.0 14.0 14.0 24.0 9.6 27.6 18.0 18.0 17.0 5.0 5.0 5.0 5.0 5.0 5.0 8.0 8.0 8.0 5.0 6.0 6.0 14.0 14.0 24.0 9.6 27.6 3.0 
7.0 7.0 6.0 5.0 5.0 5.0 5.0 5.0 5.0 8.0 8.0 8.0 5.0 6.0 6.0 14.0 14.0 24.0 9.6 27.6 18.0 18.0 17.0 5.0 5.0 5.0 5.0 5.0 5.0 8.0 8.0 8.0 5.0 6.0 6.0 14.0 14.0 24.0 9.6 27.6 18.0 18.0 17.0 5.0 5.0 5.0 5.0 5.0 5.0 8.0 8.0 8.0 1.0 1.0 0 14.0 14.0 24.0 9.6 27.6 18.0 18.0 17.0 5.0 5.0 5.0 5.0 5.0 5.0 8.0 8.0 8.0 5.0 6.0 6.0 14.0 14.0 24.0 9.6 27.6 3.0 
15.0 15.0 14.0 13.0 13.0 13.0 13.0 13.0 13.0 16.0 16.0 16.0 13.0 14.0 14.0 22.0 22.0 32.0 17.6 35.6 26.0 26.0 25.0 13.0 13.0 13.0 13.0 13.0 13.0 16.0 16.0 16.0 13.0 14.0 14.0 22.0 22.0 32.0 17.6 35.6 26.0 26.0 25.0 13.0 13.0 13.0 13.0 13.0 13.0 16.0 16.0 16.0 13.0 14.0 14.0 0 10.0 20.0 17.6 35.6 26.0 26.0 25.0 13.0 13.0 13.0 13.0 13.0 13.0 16.0 16.0 16.0 13.0 14.0 14.0 22.0 22.0 32.0 17.6 35.6 11.0 
15.0 15.0 14.0 13.0 13.0 13.0 13.0 13.0 13.0 16.0 16.0 16.0 13.0 14.0 14.0 22.0 22.0 32.0 17.6 35.6 26.0 26.0 25.0 13.0 13.0 13.0 13.0 13.0 13.0 16.0 16.0 16.0 13.0 14.0 14.0 22.0 22.0 32.0 17.6 35.6 26.0 26.0 25.0 13.0 13.0 13.0 13.0 13.0 13.0 16.0 16.0 16.0 13.0 14.0 14.0 10.0 0 10.0 17.6 35.6 26.0 26.0 25.0 13.0 13.0 13.0 13.0 13.0 13.0 16.0 16.0 16.0 13.0 14.0 14.0 22.0 22.0 32.0 17.6 35.6 11.0 
25.0 25.0 24.0 23.0 23.0 23.0 23.0 23.0 23.0 26.0 26.0 26.0 23.0 24.0 24.0 32.0 32.0 42.0 27.6 45.6 36.0 36.0 35.0 23.0 23.0 23.0 23.0 23.0 23.0 26.0 26.0 26.0 23.0 24.0 24.0 32.0 32.0 42.0 27.6 45.6 36.0 36.0 35.0 23.0 23.0 23.0 23.0 23.0 23.0 26.0 26.0 26.0 23.0 24.0 24.0 20.0 10.0 0 27.6 45.6 36.0 36.0 35.0 23.0 23.0 23.0 23.0 23.0 23.0 26.0 26.0 26.0 23.0 24.0 24.0 32.0 32.0 42.0 27.6 45.6 21.0 
10.6 10.6 9.6 8.6 8.6 8.6 8.6 8.6 8.6 11.6 11.6 11.6 8.6 9.6 9.6 17.6 17.6 27.6 13.2 31.2 21.6 21.6 20.6 8.6 8.6 8.6 8.6 8.6 8.6 11.6 11.6 11.6 8.6 9.6 9.6 17.6 17.6 27.6 13.2 31.2 21.6 21.6 20.6 8.6 8.6 8.6 8.6 8.6 8.6 11.6 11.6 11.6 8.6 9.6 9.6 17.6 17.6 27.6 0 18.0 21.6 21.6 20.6 8.6 8.6 8.6 8.6 8.6 8.6 11.6 11.6 11.6 8.6 9.6 9.6 17.6 17.6 27.6 13.2 31.2 6.6 
28.6 28.6 27.6 26.6 26.6 26.6 26.6 26.6 26.6 29.6 29.6 29.6 26.6 27.6 27.6 35.6 35.6 45.6 31.200000000000003 49.2 39.6 39.6 38.6 26.6 26.6 26.6 26.6 26.6 26.6 29.6 29.6 29.6 26.6 27.6 27.6 35.6 35.6 45.6 31.200000000000003 49.2 39.6 39.6 38.6 26.6 26.6 26.6 26.6 26.6 26.6 29.6 29.6 29.6 26.6 27.6 27.6 35.6 35.6 45.6 18.0 0 39.6 39.6 38.6 26.6 26.6 26.6 26.6 26.6 26.6 29.6 29.6 29.6 26.6 27.6 27.6 35.6 35.6 45.6 31.200000000000003 49.2 24.6 
19.0 19.0 18.0 17.0 17.0 17.0 17.0 17.0 17.0 20.0 20.0 20.0 17.0 18.0 18.0 26.0 26.0 36.0 21.6 39.6 30.0 30.0 29.0 17.0 17.0 17.0 17.0 17.0 17.0 20.0 20.0 20.0 17.0 18.0 18.0 26.0 26.0 36.0 21.6 39.6 30.0 30.0 29.0 17.0 17.0 17.0 17.0 17.0 17.0 20.0 20.0 20.0 17.0 18.0 18.0 26.0 26.0 36.0 21.6 39.6 0 1.0 1.0 17.0 17.0 17.0 17.0 17.0 17.0 20.0 20.0 20.0 17.0 18.0 18.0 26.0 26.0 36.0 21.6 39.6 15.0 
19.0 19.0 18.0 17.0 17.0 17.0 17.0 17.0 17.0 20.0 20.0 20.0 17.0 18.0 18.0 26.0 26.0 36.0 21.6 39.6 30.0 30.0 29.0 17.0 17.0 17.0 17.0 17.0 17.0 20.0 20.0 20.0 17.0 18.0 18.0 26.0 26.0 36.0 21.6 39.6 30.0 30.0 29.0 17.0 17.0 17.0 17.0 17.0 17.0 20.0 20.0 20.0 17.0 18.0 18.0 26.0 26.0 36.0 21.6 39.6 1.0 0 1.0 17.0 17.0 17.0 17.0 17.0 17.0 20.0 20.0 20.0 17.0 18.0 18.0 26.0 26.0 36.0 21.6 39.6 15.0 
18.0 18.0 17.0 16.0 16.0 16.0 16.0 16.0 16.0 19.0 19.0 19.0 16.0 17.0 17.0 25.0 25.0 35.0 20.6 38.6 29.0 29.0 28.0 16.0 16.0 16.0 16.0 16.0 16.0 19.0 19.0 19.0 16.0 17.0 17.0 25.0 25.0 35.0 20.6 38.6 29.0 29.0 28.0 16.0 16.0 16.0 16.0 16.0 16.0 19.0 19.0 19.0 16.0 17.0 17.0 25.0 25.0 35.0 20.6 38.6 1.0 1.0 0 16.0 16.0 16.0 16.0 16.0 16.0 19.0 19.0 19.0 16.0 17.0 17.0 25.0 25.0 35.0 20.6 38.6 14.0 
6.0 6.0 5.0 4.0 4.0 4.0 4.0 4.0 4.0 7.0 7.0 7.0 4.0 5.0 5.0 13.0 13.0 23.0 8.6 26.6 17.0 17.0 16.0 4.0 4.0 4.0 4.0 4.0 4.0 7.0 7.0 7.0 4.0 5.0 5.0 13.0 13.0 23.0 8.6 26.6 17.0 17.0 16.0 4.0 4.0 4.0 4.0 4.0 4.0 7.0 7.0 7.0 4.0 5.0 5.0 13.0 13.0 23.0 8.6 26.6 17.0 17.0 16.0 0 2.0 2.0 4.0 4.0 4.0 7.0 7.0 7.0 4.0 5.0 5.0 13.0 13.0 23.0 8.6 26.6 2.0 
6.0 6.0 5.0 4.0 4.0 4.0 4.0 4.0 4.0 7.0 7.0 7.0 4.0 5.0 5.0 13.0 13.0 23.0 8.6 26.6 17.0 17.0 16.0 4.0 4.0 4.0 4.0 4.0 4.0 7.0 7.0 7.0 4.0 5.0 5.0 13.0 13.0 23.0 8.6 26.6 17.0 17.0 16.0 4.0 4.0 4.0 4.0 4.0 4.0 7.0 7.0 7.0 4.0 5.0 5.0 13.0 13.0 23.0 8.6 26.6 17.0 17.0 16.0 2.0 0 1.0 4.0 4.0 4.0 7.0 7.0 7.0 4.0 5.0 5.0 13.0 13.0 23.0 8.6 26.6 2.0 
6.0 6.0 5.0 4.0 4.0 4.0 4.0 4.0 4.0 7.0 7.0 7.0 4.0 5.0 5.0 13.0 13.0 23.0 8.6 26.6 17.0 17.0 16.0 4.0 4.0 4.0 4.0 4.0 4.0 7.0 7.0 7.0 4.0 5.0 5.0 13.0 13.0 23.0 8.6 26.6 17.0 17.0 16.0 4.0 4.0 4.0 4.0 4.0 4.0 7.0 7.0 7.0 4.0 5.0 5.0 13.0 13.0 23.0 8.6 26.6 17.0 17.0 16.0 2.0 1.0 0 4.0 4.0 4.0 7.0 7.0 7.0 4.0 5.0 5.0 13.0 13.0 23.0 8.6 26.6 2.0 
6.0 6.0 5.0 4.0 4.0 4.0 4.0 4.0 4.0 7.0 7.0 7.0 4.0 5.0 5.0 13.0 13.0 23.0 8.6 26.6 17.0 17.0 16.0 4.0 4.0 4.0 4.0 4.0 4.0 7.0 7.0 7.0 4.0 5.0 5.0 13.0 13.0 23.0 8.6 26.6 17.0 17.0 16.0 4.0 4.0 4.0 4.0 4.0 4.0 7.0 7.0 7.0 4.0 5.0 5.0 13.0 13.0 23.0 8.6 26.6 17.0 17.0 16.0 4.0 4.0 4.0 0 1.0 1.0 7.0 7.0 7.0 4.0 5.0 5.0 13.0 13.0 23.0 8.6 26.6 2.0 
6.0 6.0 5.0 4.0 4.0 4.0 4.0 4.0 4.0 7.0 7.0 7.0 4.0 5.0 5.0 13.0 13.0 23.0 8.6 26.6 17.0 17.0 16.0 4.0 4.0 4.0 4.0 4.0 4.0 7.0 7.0 7.0 4.0 5.0 5.0 13.0 13.0 23.0 8.6 26.6 17.0 17.0 16.0 4.0 4.0 4.0 4.0 4.0 4.0 7.0 7.0 7.0 4.0 5.0 5.0 13.0 13.0 23.0 8.6 26.6 17.0 17.0 16.0 4.0 4.0 4.0 1.0 0 2.0 7.0 7.0 7.0 4.0 5.0 5.0 13.0 13.0 23.0 8.6 26.6 2.0 
6.0 6.0 5.0 4.0 4.0 4.0 4.0 4.0 4.0 7.0 7.0 7.0 4.0 5.0 5.0 13.0 13.0 23.0 8.6 26.6 17.0 17.0 16.0 4.0 4.0 4.0 4.0 4.0 4.0 7.0 7.0 7.0 4.0 5.0 5.0 13.0 13.0 23.0 8.6 26.6 17.0 17.0 16.0 4.0 4.0 4.0 4.0 4.0 4.0 7.0 7.0 7.0 4.0 5.0 5.0 13.0 13.0 23.0 8.6 26.6 17.0 17.0 16.0 4.0 4.0 4.0 1.0 2.0 0 7.0 7.0 7.0 4.0 5.0 5.0 13.0 13.0 23.0 8.6 26.6 2.0 
9.0 9.0 8.0 7.0 7.0 7.0 7.0 7.0 7.0 10.0 10.0 10.0 7.0 8.0 8.0 16.0 16.0 26.0 11.600000000000001 29.6 20.0 20.0 19.0 7.0 7.0 7.0 7.0 7.0 7.0 10.0 10.0 10.0 7.0 8.0 8.0 16.0 16.0 26.0 11.600000000000001 29.6 20.0 20.0 19.0 7.0 7.0 7.0 7.0 7.0 7.0 10.0 10.0 10.0 7.0 8.0 8.0 16.0 16.0 26.0 11.600000000000001 29.6 20.0 20.0 19.0 7.0 7.0 7.0 7.0 7.0 7.0 0 8.0 8.0 7.0 8.0 8.0 16.0 16.0 26.0 11.600000000000001 29.6 5.0 
9.0 9.0 8.0 7.0 7.0 7.0 7.0 7.0 7.0 10.0 10.0 10.0 7.0 8.0 8.0 16.0 16.0 26.0 11.600000000000001 29.6 20.0 20.0 19.0 7.0 7.0 7.0 7.0 7.0 7.0 10.0 10.0 10.0 7.0 8.0 8.0 16.0 16.0 26.0 11.600000000000001 29.6 20.0 20.0 19.0 7.0 7.0 7.0 7.0 7.0 7.0 10.0 10.0 10.0 7.0 8.0 8.0 16.0 16.0 26.0 11.600000000000001 29.6 20.0 20.0 19.0 7.0 7.0 7.0 7.0 7.0 7.0 8.0 0 8.0 7.0 8.0 8.0 16.0 16.0 26.0 11.600000000000001 29.6 5.0 
9.0 9.0 8.0 7.0 7.0 7.0 7.0 7.0 7.0 10.0 10.0 10.0 7.0 8.0 8.0 16.0 16.0 26.0 11.600000000000001 29.6 20.0 20.0 19.0 7.0 7.0 7.0 7.0 7.0 7.0 10.0 10.0 10.0 7.0 8.0 8.0 16.0 16.0 26.0 11.600000000000001 29.6 20.0 20.0 19.0 7.0 7.0 7.0 7.0 7.0 7.0 10.0 10.0 10.0 7.0 8.0 8.0 16.0 16.0 26.0 11.600000000000001 29.6 20.0 20.0 19.0 7.0 7.0 7.0 7.0 7.0 7.0 8.0 8.0 0 7.0 8.0 8.0 16.0 16.0 26.0 11.600000000000001 29.6 5.0 
6.0 6.0 5.0 4.0 4.0 4.0 4.0 4.0 4.0 7.0 7.0 7.0 4.0 5.0 5.0 13.0 13.0 23.0 8.6 26.6 17.0 17.0 16.0 4.0 4.0 4.0 4.0 4.0 4.0 7.0 7.0 7.0 4.0 5.0 5.0 13.0 13.0 23.0 8.6 26.6 17.0 17.0 16.0 4.0 4.0 4.0 4.0 4.0 4.0 7.0 7.0 7.0 4.0 5.0 5.0 13.0 13.0 23.0 8.6 26.6 17.0 17.0 16.0 4.0 4.0 4.0 4.0 4.0 4.0 7.0 7.0 7.0 0 1.0 1.0 13.0 13.0 23.0 8.6 26.6 2.0 
7.0 7.0 6.0 5.0 5.0 5.0 5.0 5.0 5.0 8.0 8.0 8.0 5.0 6.0 6.0 14.0 14.0 24.0 9.6 27.6 18.0 18.0 17.0 5.0 5.0 5.0 5.0 5.0 5.0 8.0 8.0 8.0 5.0 6.0 6.0 14.0 14.0 24.0 9.6 27.6 18.0 18.0 17.0 5.0 5.0 5.0 5.0 5.0 5.0 8.0 8.0 8.0 5.0 6.0 6.0 14.0 14.0 24.0 9.6 27.6 18.0 18.0 17.0 5.0 5.0 5.0 5.0 5.0 5.0 8.0 8.0 8.0 1.0 0 1.0 14.0 14.0 24.0 9.6 27.6 3.0 
7.0 7.0 6.0 5.0 5.0 5.0 5.0 5.0 5.0 8.0 8.0 8.0 5.0 6.0 6.0 14.0 14.0 24.0 9.6 27.6 18.0 18.0 17.0 5.0 5.0 5.0 5.0 5.0 5.0 8.0 8.0 8.0 5.0 6.0 6.0 14.0 14.0 24.0 9.6 27.6 18.0 18.0 17.0 5.0 5.0 5.0 5.0 5.0 5.0 8.0 8.0 8.0 5.0 6.0 6.0 14.0 14.0 24.0 9.6 27.6 18.0 18.0 17.0 5.0 5.0 5.0 5.0 5.0 5.0 8.0 8.0 8.0 1.0 1.0 0 14.0 14.0 24.0 9.6 27.6 3.0 
15.0 15.0 14.0 13.0 13.0 13.0 13.0 13.0 13.0 16.0 16.0 16.0 13.0 14.0 14.0 22.0 22.0 32.0 17.6 35.6 26.0 26.0 25.0 13.0 13.0 13.0 13.0 13.0 13.0 16.0 16.0 16.0 13.0 14.0 14.0 22.0 22.0 32.0 17.6 35.6 26.0 26.0 25.0 13.0 13.0 13.0 13.0 13.0 13.0 16.0 16.0 16.0 13.0 14.0 14.0 22.0 22.0 32.0 17.6 35.6 26.0 26.0 25.0 13.0 13.0 13.0 13.0 13.0 13.0 16.0 16.0 16.0 13.0 14.0 14.0 0 10.0 20.0 17.6 35.6 11.0 
15.0 15.0 14.0 13.0 13.0 13.0 13.0 13.0 13.0 16.0 16.0 16.0 13.0 14.0 14.0 22.0 22.0 32.0 17.6 35.6 26.0 26.0 25.0 13.0 13.0 13.0 13.0 13.0 13.0 16.0 16.0 16.0 13.0 14.0 14.0 22.0 22.0 32.0 17.6 35.6 26.0 26.0 25.0 13.0 13.0 13.0 13.0 13.0 13.0 16.0 16.0 16.0 13.0 14.0 14.0 22.0 22.0 32.0 17.6 35.6 26.0 26.0 25.0 13.0 13.0 13.0 13.0 13.0 13.0 16.0 16.0 16.0 13.0 14.0 14.0 10.0 0 10.0 17.6 35.6 11.0 
25.0 25.0 24.0 23.0 23.0 23.0 23.0 23.0 23.0 26.0 26.0 26.0 23.0 24.0 24.0 32.0 32.0 42.0 27.6 45.6 36.0 36.0 35.0 23.0 23.0 23.0 23.0 23.0 23.0 26.0 26.0 26.0 23.0 24.0 24.0 32.0 32.0 42.0 27.6 45.6 36.0 36.0 35.0 23.0 23.0 23.0 23.0 23.0 23.0 26.0 26.0 26.0 23.0 24.0 24.0 32.0 32.0 42.0 27.6 45.6 36.0 36.0 35.0 23.0 23.0 23.0 23.0 23.0 23.0 26.0 26.0 26.0 23.0 24.0 24.0 20.0 10.0 0 27.6 45.6 21.0 
10.6 10.6 9.6 8.6 8.6 8.6 8.6 8.6 8.6 11.6 11.6 11.6 8.6 9.6 9.6 17.6 17.6 27.6 13.2 31.2 21.6 21.6 20.6 8.6 8.6 8.6 8.6 8.6 8.6 11.6 11.6 11.6 8.6 9.6 9.6 17.6 17.6 27.6 13.2 31.2 21.6 21.6 20.6 8.6 8.6 8.6 8.6 8.6 8.6 11.6 11.6 11.6 8.6 9.6 9.6 17.6 17.6 27.6 13.2 31.2 21.6 21.6 20.6 8.6 8.6 8.6 8.6 8.6 8.6 11.6 11.6 11.6 8.6 9.6 9.6 17.6 17.6 27.6 0 18.0 6.6 
28.6 28.6 27.6 26.6 26.6 26.6 26.6 26.6 26.6 29.6 29.6 29.6 26.6 27.6 27.6 35.6 35.6 45.6 31.200000000000003 49.2 39.6 39.6 38.6 26.6 26.6 26.6 26.6 26.6 26.6 29.6 29.6 29.6 26.6 27.6 27.6 35.6 35.6 45.6 31.200000000000003 49.2 39.6 39.6 38.6 26.6 26.6 26.6 26.6 26.6 26.6 29.6 29.6 29.6 26.6 27.6 27.6 35.6 35.6 45.6 31.200000000000003 49.2 39.6 39.6 38.6 26.6 26.6 26.6 26.6 26.6 26.6 29.6 29.6 29.6 26.6 27.6 27.6 35.6 35.6 45.6 18.0 0 24.6 
4.0 4.0 3.0 2.0 2.0 2.0 2.0 2.0 2.0 5.0 5.0 5.0 2.0 3.0 3.0 11.0 11.0 21.0 6.6 24.6 15.0 15.0 14.0 2.0 2.0 2.0 2.0 2.0 2.0 5.0 5.0 5.0 2.0 3.0 3.0 11.0 11.0 21.0 6.6 24.6 15.0 15.0 14.0 2.0 2.0 2.0 2.0 2.0 2.0 5.0 5.0 5.0 2.0 3.0 3.0 11.0 11.0 21.0 6.6 24.6 15.0 15.0 14.0 2.0 2.0 2.0 2.0 2.0 2.0 5.0 5.0 5.0 2.0 3.0 3.0 11.0 11.0 21.0 6.6 24.6 0 
