21
3 4 5 7 8 9 11 12 13 15 16 17 19 20 21 23 24 25 28 30 1
0 1.0 1.0 6.0 6.0 6.0 6.0 6.0 6.0 9.0 9.0 9.0 6.0 7.0 7.0 15.0 15.0 25.0 10.6 28.6 4.0 
1.0 0 1.0 6.0 6.0 6.0 6.0 6.0 6.0 9.0 9.0 9.0 6.0 7.0 7.0 15.0 15.0 25.0 10.6 28.6 4.0 
1.0 1.0 0 5.0 5.0 5.0 5.0 5.0 5.0 8.0 8.0 8.0 5.0 6.0 6.0 14.0 14.0 24.0 9.6 27.6 3.0 
6.0 6.0 5.0 0 2.0 2.0 4.0 4.0 4.0 7.0 7.0 7.0 4.0 5.0 5.0 13.0 13.0 23.0 8.6 26.6 2.0 
6.0 6.0 5.0 2.0 0 1.0 4.0 4.0 4.0 7.0 7.0 7.0 4.0 5.0 5.0 13.0 13.0 23.0 8.6 26.6 2.0 
6.0 6.0 5.0 2.0 1.0 0 4.0 4.0 4.0 7.0 7.0 7.0 4.0 5.0 5.0 13.0 13.0 23.0 8.6 26.6 2.0 
6.0 6.0 5.0 4.0 4.0 4.0 0 1.0 1.0 7.0 7.0 7.0 4.0 5.0 5.0 13.0 13.0 23.0 8.6 26.6 2.0 
6.0 6.0 5.0 4.0 4.0 4.0 1.0 0 2.0 7.0 7.0 7.0 4.0 5.0 5.0 13.0 13.0 23.0 8.6 26.6 2.0 
6.0 6.0 5.0 4.0 4.0 4.0 1.0 2.0 0 7.0 7.0 7.0 4.0 5.0 5.0 13.0 13.0 23.0 8.6 26.6 2.0 
9.0 9.0 8.0 7.0 7.0 7.0 7.0 7.0 7.0 0 8.0 8.0 7.0 8.0 8.0 16.0 16.0 26.0 11.6 29.6 5.0 
9.0 9.0 8.0 7.0 7.0 7.0 7.0 7.0 7.0 8.0 0 8.0 7.0 8.0 8.0 16.0 16.0 26.0 11.6 29.6 5.0 
9.0 9.0 8.0 7.0 7.0 7.0 7.0 7.0 7.0 8.0 8.0 0 7.0 8.0 8.0 16.0 16.0 26.0 11.6 29.6 5.0 
6.0 6.0 5.0 4.0 4.0 4.0 4.0 4.0 4.0 7.0 7.0 7.0 0 1.0 1.0 13.0 13.0 23.0 8.6 26.6 2.0 
7.0 7.0 6.0 5.0 5.0 5.0 5.0 5.0 5.0 8.0 8.0 8.0 1.0 0 1.0 14.0 14.0 24.0 9.6 27.6 3.0 
7.0 7.0 6.0 5.0 5.0 5.0 5.0 5.0 5.0 8.0 8.0 8.0 1.0 1.0 0 14.0 14.0 24.0 9.6 27.6 3.0 
15.0 15.0 14.0 13.0 13.0 13.0 13.0 13.0 13.0 16.0 16.0 16.0 13.0 14.0 14.0 0 10.0 20.0 17.6 35.6 11.0 
15.0 15.0 14.0 13.0 13.0 13.0 13.0 13.0 13.0 16.0 16.0 16.0 13.0 14.0 14.0 10.0 0 10.0 17.6 35.6 11.0 
25.0 25.0 24.0 23.0 23.0 23.0 23.0 23.0 23.0 26.0 26.0 26.0 23.0 24.0 24.0 20.0 10.0 0 27.6 45.6 21.0 
10.6 10.6 9.6 8.6 8.6 8.6 8.6 8.6 8.6 11.6 11.6 11.6 8.6 9.6 9.6 17.6 17.6 27.6 0 18.0 6.6 
28.6 28.6 27.6 26.6 26.6 26.6 26.6 26.6 26.6 29.6 29.6 29.6 26.6 27.6 27.6 35.6 35.6 45.6 18.0 0 24.6 
4.0 4.0 3.0 2.0 2.0 2.0 2.0 2.0 2.0 5.0 5.0 5.0 2.0 3.0 3.0 11.0 11.0 21.0 6.6 24.6 0 
