25
60a 16a 33a 40a 69a 18a 4a 26a 41a 15a 63a 39a 49a 73a 53a 21a 72a 14a 8a 71a 10a 67a 55a 36a 66a
0 16.40322 25.00261 27.00261 31.062260000000002 16.0 27.0 27.240380000000002 11.605550000000001 28.60816 10.44239 6.32456 15.526319999999998 18.062260000000002 28.05816 25.1283 22.85771 11.48528 27.17037 30.18381 10.24264 4.24264 4.24264 7.28011 4.47214 
16.403219999999997 0 17.20466 18.89434 20.37238 7.28011 16.31012 28.84025 5.6568499999999995 20.81021 10.78007 21.67163 11.40322 7.2111 19.29901 26.949899999999996 24.36811 13.92916 37.38425 41.57812 23.474289999999996 17.485979999999998 20.64586 11.46053 16.403219999999997 
25.00261 17.20466 0 2.0 14.615770000000001 10.65685 7.61577 21.1304 17.36505 3.60555 14.56022 26.062260000000002 9.516179999999999 10.01654 3.16228 17.42602 16.74773 15.06226 29.674400000000002 38.61867 34.94704 28.947039999999998 27.606260000000002 17.7225 28.61319 
27.00261 18.89434 2.0 0 14.071069999999999 12.2111 7.07107 22.86357 18.9193 2.23607 16.56022 28.062260000000002 11.51618 11.68324 1.41421 18.41258 18.4809 17.062260000000002 31.40757 40.351839999999996 36.79514999999999 30.795149999999996 29.606260000000002 19.7225 30.461299999999998 
31.062260000000002 20.37238 14.615770000000001 14.071069999999999 0 15.06226 7.0 33.11833 21.407490000000003 16.0 21.77046 34.252739999999996 17.006529999999998 13.161280000000001 13.0 31.006249999999998 28.73566 23.331089999999996 41.66233 50.6066 40.47075 34.47075 35.3049 24.24763 33.47856 
16.0 7.28011 10.65685 12.2111 15.06226 0 11.0 21.56014 6.7082 14.2624 6.7082 19.433230000000002 4.12311 2.23607 12.615770000000001 19.66979 17.088 9.857299999999999 30.10414 38.21237 25.408489999999997 19.408489999999997 20.24264 9.22213 18.77927 
27.0 16.310119999999998 7.61577 7.07107 7.0 11.0 0 28.4292 17.34523 9.0 17.61577 29.944740000000003 12.71479 9.09902 6.0 25.04179 24.04653 19.03935 36.973200000000006 45.91747000000001 36.40849 30.408489999999997 31.24264 20.185370000000002 29.4163 
27.24038 28.84025 21.1304 22.86357 33.11833 21.56014 28.4292 0 24.41936 22.69157 18.84709 26.7551 17.48828 23.319229999999997 24.27778 5.09902 4.47214 15.7551 8.544 17.48827 36.78438 31.451780000000003 28.2991 20.227240000000002 31.117930000000005 
11.605550000000001 5.6568499999999995 17.36505 18.9193 21.407490000000003 6.7082 17.34523 24.41936 0 20.9706 6.0 16.04205 8.60233 8.24621 19.32397 22.584999999999997 19.94722 9.08276 32.9351 35.94854 19.142139999999998 13.15383 15.84819 5.83095 12.071069999999999 
28.608159999999998 20.810209999999998 3.60555 2.23607 16.0 14.2624 9.0 22.69157 20.970599999999997 0 18.16577 29.328969999999998 13.12173 13.62209 3.0 17.6205 18.78284 18.44239 31.23557 40.17984 38.55259 32.55259 30.87297 21.328049999999998 32.21874 
10.44239 10.78007 14.56022 16.56022 21.77046 6.7082 17.61577 18.84709 6.0 18.16577 0 12.83095 5.09902 8.94427 17.61577 16.8053 14.37495 3.16228 27.391090000000002 31.504170000000002 20.38682 14.38682 14.37495 3.16228 14.052970000000002 
6.32456 21.67163 26.062260000000002 28.062260000000002 34.252739999999996 19.43323 29.94474 26.7551 16.04205 29.328969999999998 12.83095 0 17.246209999999998 21.61432 29.22454 24.64302 22.37243 11.0 22.087609999999998 25.10105 11.403120000000001 9.09902 3.16228 10.2111 10.19804 
15.526319999999998 11.40322 9.516179999999999 11.516179999999999 17.006529999999998 4.12311 12.71479 17.48828 8.60233 13.12173 5.09902 17.246209999999998 0 5.83095 12.678459999999998 15.546689999999998 13.01614 6.32456 26.03228 34.97655 25.47075 19.47075 18.790210000000002 8.24621 19.1369 
18.062260000000002 7.2111 10.01654 11.68324 13.161280000000001 2.23607 9.09902 23.31923 8.24621 13.62209 8.94427 21.61432 5.83095 0 12.08791 21.3234 18.84709 11.78828 31.86323 40.44844 27.38835 21.40004 22.304900000000004 11.40322 20.31728 
28.05816 19.299010000000003 3.16228 1.41421 13.0 12.615770000000001 6.0 24.27778 19.323970000000003 3.0 17.61577 29.224539999999998 12.67846 12.08791 0 19.826790000000003 19.89511 18.224539999999998 32.821780000000004 41.76605000000001 37.46665 31.466649999999998 30.768539999999998 20.77805 31.1328 
25.1283 26.9499 17.42602 18.41258 31.00625 19.66979 25.041790000000002 5.09902 22.585 17.6205 16.8053 24.64302 15.546690000000002 21.3234 19.82679 0 4.24264 13.64302 13.64302 22.58729 34.6723 29.339699999999997 26.18702 18.11516 29.00585 
22.85771 24.36811 16.747729999999997 18.4809 28.735660000000003 17.088 24.04653 4.47214 19.94722 18.78284 14.37495 22.37243 13.01614 18.84709 19.89511 4.24264 0 11.372430000000001 13.01614 21.96041 32.40171 27.06911 23.916430000000002 15.844570000000001 26.73526 
11.48528 13.92916 15.06226 17.062260000000002 23.33109 9.857299999999999 19.039350000000002 15.7551 9.08276 18.44239 3.16228 11.0 6.32456 11.78828 18.22454 13.64302 11.372430000000001 0 24.299100000000003 29.04532 21.02928 15.69668 12.544 4.47214 15.362829999999999 
27.17037 37.38425 29.6744 31.40757 41.662330000000004 30.10414 36.9732 8.544 32.9351 31.23557 27.39109 22.087609999999998 26.03228 31.86323 32.82178 13.64302 13.01614 24.299100000000003 0 8.94427 33.49073 31.017719999999997 25.14987 27.104149999999997 31.642509999999998 
30.18381 41.57812 38.61867 40.351839999999996 50.60660000000001 38.21237 45.91747 17.48827 35.94854 40.17984 31.504170000000002 25.10105 34.97655 40.44844 41.76604999999999 22.58729 21.96041 29.04532 8.94427 0 36.50417 34.03116 28.163310000000003 30.11759 34.655950000000004 
10.24264 23.47429 34.947039999999994 36.79515 40.47075 25.40849 36.40849 36.78438 19.142139999999998 38.552589999999995 20.386819999999997 11.403120000000001 25.470749999999995 27.388349999999996 37.46665 34.6723 32.40171 21.02928 33.49073 36.50417 0 6.0 8.48528 17.224539999999998 7.07107 
4.24264 17.48598 28.94704 30.79515 34.47075 19.40849 30.40849 31.45178 13.15383 32.55259 14.38682 9.09902 19.470750000000002 21.400039999999997 31.46665 29.3397 27.069110000000002 15.69668 31.017719999999997 34.03116 6.0 0 6.0 11.224540000000001 1.41421 
4.24264 20.64586 27.60626 29.60626 35.3049 20.24264 31.24264 28.299100000000003 15.848189999999999 30.872970000000002 14.37495 3.16228 18.790210000000002 22.3049 30.768539999999998 26.18702 23.916430000000002 12.544 25.14987 28.16331 8.48528 6.0 0 11.522749999999998 7.07107 
7.28011 11.46053 17.7225 19.7225 24.24763 9.22213 20.18537 20.227240000000002 5.83095 21.32805 3.16228 10.2111 8.24621 11.40322 20.77805 18.11516 15.844570000000001 4.47214 27.104150000000004 30.117590000000003 17.22454 11.224540000000001 11.522749999999998 0 10.89069 
4.47214 16.40322 28.61319 30.461299999999998 33.478559999999995 18.779269999999997 29.416299999999996 31.11793 12.071069999999999 32.21874 14.052969999999998 10.19804 19.136899999999997 20.317279999999997 31.1328 29.00585 26.73526 15.362829999999999 31.64251 34.655950000000004 7.07107 1.41421 7.07107 10.89069 0 
