17
9a 37a 26a 24a 41a 31a 42a 23a 0a 21a 17a 35a 29a 4a 6a 10a 20a
0 6.1 25.4 26.2 22.4 33.5 31.2 29.2 31.6 29.0 23.1 23.4 4.0 24.799999999999997 28.6 32.8 6.7 
6.1 0 24.5 25.3 21.5 32.6 30.299999999999997 28.3 30.700000000000003 28.1 22.200000000000003 22.499999999999996 6.7 23.9 27.700000000000003 31.9 5.8 
25.4 24.5 0 18.1 7.2 24.0 27.9 21.1 23.5 19.5 14.1 20.299999999999997 21.9 2.2 19.1 23.299999999999997 18.7 
26.2 25.3 18.1 0 18.4 10.8 13.3 3.0 5.4 8.2 4.0 9.0 22.800000000000004 17.5 9.1 9.3 19.5 
22.4 21.5 7.2 18.4 0 24.3 27.3 21.4 23.799999999999997 19.8 14.4 19.599999999999998 18.9 5.0 19.4 23.6 15.7 
33.5 32.6 24.0 10.8 24.3 0 24.1 10.8 8.5 4.5 12.2 19.8 30.1 23.4 7.5 4.5 26.8 
31.199999999999996 30.299999999999997 27.9 13.3 27.299999999999997 24.1 0 14.5 16.5 21.5 14.399999999999999 7.8 27.799999999999997 27.299999999999997 22.299999999999997 20.5 24.499999999999996 
29.2 28.3 21.1 3.0 21.4 10.8 14.5 0 2.8 9.0 7.0 10.8 25.799999999999997 20.5 10.8 6.3 22.5 
31.6 30.700000000000003 23.5 5.4 23.8 8.5 16.5 2.8 0 9.0 9.4 13.6 28.200000000000003 22.9 10.8 4.0 24.900000000000002 
29.0 28.1 19.5 8.2 19.8 4.5 21.5 9.0 9.0 0 8.6 16.6 25.6 18.9 3.0 6.3 22.3 
23.099999999999998 22.2 14.1 4.0 14.399999999999999 12.2 14.4 7.0 9.4 8.6 0 8.3 19.7 13.5 8.2 11.5 16.4 
23.4 22.5 20.3 9.0 19.6 19.8 7.8 10.8 13.600000000000001 16.6 8.3 0 20.0 19.700000000000003 16.2 17.1 16.7 
4.0 6.7 21.9 22.8 18.9 30.1 27.799999999999997 25.8 28.200000000000003 25.6 19.7 19.999999999999996 0 21.299999999999997 25.200000000000003 29.4 3.6 
24.8 23.900000000000002 2.2 17.5 5.0 23.4 27.3 20.5 22.9 18.9 13.5 19.7 21.300000000000004 0 18.5 22.700000000000003 18.1 
28.599999999999998 27.7 19.1 9.1 19.4 7.5 22.3 10.8 10.8 3.0 8.2 16.2 25.200000000000003 18.5 0 9.3 21.9 
32.800000000000004 31.900000000000002 23.3 9.3 23.6 4.5 20.5 6.3 4.0 6.3 11.5 17.1 29.400000000000006 22.700000000000003 9.3 0 26.1 
6.7 5.8 18.7 19.5 15.700000000000001 26.8 24.5 22.5 24.9 22.3 16.4 16.7 3.6 18.1 21.9 26.1 0 
