100
loc2 loc4 loc6 loc8 loc10 loc12 loc14 loc16 loc18 loc20 loc22 loc24 loc26 loc28 loc30 loc32 loc34 loc36 loc38 loc40 loc42 loc44 loc46 loc48 loc50 loc52 loc54 loc56 loc58 loc60 loc62 loc64 loc66 loc68 loc70 loc72 loc74 loc76 loc78 loc80 loc82 loc84 loc86 loc88 loc90 loc92 loc94 loc96 loc98 loc100 loc102 loc104 loc106 loc108 loc110 loc112 loc114 loc116 loc118 loc120 loc122 loc124 loc126 loc128 loc130 loc132 loc134 loc136 loc138 loc140 loc142 loc144 loc146 loc148 loc150 loc152 loc154 loc156 loc158 loc160 loc162 loc164 loc166 loc168 loc170 loc172 loc174 loc176 loc178 loc180 loc182 loc184 loc186 loc188 loc190 loc192 loc194 loc196 loc198 loc0
0 73.06367 121.73001 156.38266 88.35014 38.81195 65.53005 85.29999000000001 73.13203 78.34616000000001 84.9946 127.50373 103.69816 49.53588 124.53263 78.98966 81.80662000000001 46.98865 44.39342 163.78749000000002 135.49393 91.32503 135.50756 82.15467 78.83273 95.34895 141.28888 100.88374999999999 59.59272 47.04519 31.328409999999998 116.73959 54.18131 56.0744 147.89713 133.23437 50.69778 188.72436 96.45475 97.87403 73.5226 125.85804 126.08934 124.42221 98.06605 76.86607000000001 120.04922 154.62837 50.85696 77.61174 42.92428 93.21663000000001 66.59234 62.12891 161.67588 135.40509 132.47905 49.772619999999996 138.75657 49.11829 98.78678 50.27585 45.76895 66.71065 159.72114 21.6936 104.30893 111.03395 117.73644 139.98601 131.73669 67.42888 58.16999 81.15477 46.75636 126.18543 114.11059 79.29602 101.33244 78.24479 118.40565 137.26954 155.64924 147.76785 89.29064000000001 73.74466000000001 93.85817 139.96837 72.48532 118.74296 123.42816 106.23385 83.62623 147.80513000000002 105.97439 81.63343 106.88138000000001 49.01997 81.13453 33.81678 
73.06367 0 86.18934 165.85083 52.23472 71.4319 98.75636 96.61268000000001 106.07955 45.396 103.13174000000001 114.20145 117.22994 57.05971 99.51793 46.039500000000004 95.81394 60.99597 73.27146 157.59439 140.97145 73.53126 118.05155 46.03925 48.928239999999995 129.75379 169.2002 86.93854999999999 90.26428000000001 45.51956 61.00488 144.12261 90.40528 79.68956 149.92612 161.79662 67.56109000000001 187.32318999999998 110.23871 129.42397 94.80915999999999 133.99243 149.02716 129.00974 66.17176 89.37015 145.39084 187.08138 55.61375 106.45320999999998 64.23613 60.26647 37.9924 96.59327 152.3702 168.77621 122.2955 80.44418 138.93146 85.00257 127.59346 72.56088 29.52581 44.86367 156.66711999999998 51.37007 71.35876999999999 131.41108 117.63431 171.54128 155.13643 34.47872 86.06581 52.554829999999995 72.51937 123.45358 137.74177 115.46632 125.00711000000001 79.29119 92.7231 103.86041 163.63154 148.92013 56.34048 103.64909 80.49835 153.51989 100.59728999999999 88.83497 90.47800000000001 139.41776 96.2725 157.17180000000002 92.02919 114.26217 129.5228 78.69644 63.34076 69.4708 
121.73001 86.18934 0 197.27131 45.4435 151.66012 177.77981 173.2895 184.25228 60.58966 160.80325 107.9949 164.6609 132.13573 65.01135 63.38402 142.64098 125.82916 124.99009 158.06182 168.7684 74.90761 94.36204 45.32983 58.58546 209.49465 235.10036 98.78199 169.66389 117.88696 124.94082 211.69077 175.45879 100.19954 169.16085 229.33247999999998 111.67804 191.80468 159.66026 203.0204 157.45913 168.37898 207.43367 154.93887 34.81595 168.5597 208.69229 261.06982 127.97471 178.82577 135.157 52.71962 71.58416 177.54631 150.01082 245.31963 120.92863 160.33537 155.84011 168.78384 198.30867 132.88669 98.36206 86.48586 163.4405 131.93464 28.65682 187.8981 140.16009 242.59865 213.97225 55.64888 159.09079 58.28837 145.80962 137.5636 198.41725 200.79903 186.8395 112.12797 60.03562 23.15535 192.39205 166.1592 53.9825 176.56609 91.73042 193.9651 172.75387 41.22396 20.29783 216.45569 147.42648 189.72942 104.35699 191.49104 189.60487 106.56248 78.19387 153.24043 
156.38266 165.85083 197.27131 0 185.20803 132.10418 127.15181 229.05311 124.45602 150.86097 75.07863 96.75339 54.2287 205.78288999999998 140.82141 165.49427 76.10410999999999 109.6944 158.61675 66.35948 28.50916 122.68173 117.61237 191.34623 194.8321 136.71032 95.77394 98.53475 199.61728 201.94507 144.02019 93.29203 157.87373 132.24449 38.3969 98.31424 158.93499 66.80829 60.49953 112.14186 88.28127 31.89432 67.01418000000001 42.64934 163.31724 216.48889000000003 80.19053 136.2423 183.35073999999997 106.30833 114.24413 147.46020000000001 185.83098999999999 134.93603 73.08982 137.70263 84.81632 180.82574 48.758070000000004 147.71616 100.95457 165.46026999999998 193.24989 174.94612 54.55323 136.87802 168.82745999999997 62.49719999999999 57.12461 117.67025 68.56349 161.17801 110.81407999999999 180.63977 114.58513 62.24474 71.74247 169.01477 76.83045999999999 95.9503 142.36146 192.98452 50.120189999999994 38.10051 147.7671 109.30269 105.7262 32.75664 105.54245999999999 160.35531 181.57450999999998 127.1165 72.75643 40.75494 92.92332999999999 121.7894 71.08354 132.76769 121.58664 146.2395 
88.35014 52.23472 45.4435 185.20803 0 112.62496 139.87304 128.44625000000002 146.76222 34.9473 135.17144 111.75783 143.22417000000002 87.11234 81.07142 35.24622 119.51140000000001 93.90182 91.0845 161.16849 157.69104 71.2013 106.28987000000001 6.19547 18.62134 171.16865 205.17386 91.39381 125.59667 72.9826 93.52440000000001 180.78169 133.10571 69.24086 162.66648 198.42728 78.03076 194.0863 136.99865 168.2374 127.71501 153.8376 181.70977 143.75667 39.1062 123.31344 179.95929 226.60673 86.32326 144.40348 100.69583 49.817769999999996 33.02988 138.27413 154.21549 209.22956 122.97925 120.75743 149.91835 127.5063 165.21363 97.70596 53.24969 49.89462 163.44675 92.42852 40.95787 163.41774 130.54099 209.49351000000001 188.02116999999998 24.03002 124.01608 22.48012 110.46964 131.7219 170.85306 158.15259 158.34305 90.78595000000001 74.08791 65.84797999999999 181.62474999999998 160.54529 45.89178 141.59936 83.72568 176.90555 138.54756 62.25315 54.870020000000004 179.88300999999998 123.37596 176.84573 97.42354999999999 154.62882 162.32362 75.25844000000001 65.41728 111.9231 
38.81195 71.4319 151.66012 132.10418 112.62496 0 27.32446 97.36114 34.7363 92.18027 57.23462 129.11674 78.90236 81.33356 139.33201 89.72079 62.90365 37.62941 38.24234 153.6508 116.42667 103.32857 142.4655 116.80249 110.51987 58.54369 103.04814 100.98235 67.51759 83.13425 29.03272 78.09469 32.33449 52.49604 131.06696 94.81078 47.83505 174.05736 72.1934 59.06208 44.02381 104.74862 91.03011 107.78182 122.89955 84.65925 83.1624 116.14559 59.44945 38.79979 25.63248 106.96492 94.9184 25.89356 152.19531 97.39949 130.29816 48.72604 125.17444 21.74233 59.97483 39.70421 84.51766 76.78889 147.54808 20.20407 129.43686 78.44086 106.14044 101.17406 96.12533 96.02702 22.58129 100.54866 18.751 116.07791 78.90881 55.16234 66.75098 68.82547 134.4098 163.74419 132.75152 132.37341 103.52616 34.93271 99.47706 112.6449 34.59921 139.78558 149.27062 68.07121 62.63639 124.01153 102.63612 43.08831 72.77163 45.63062 93.32854 14.14012 
65.53005 98.75636 177.77981 127.15181 139.87304 27.32446 0 111.06278 7.69728 119.21513999999999 57.74723 143.64826 79.20918999999999 103.76137 160.14569 117.04525 70.52302 56.55189 64.42666 160.27928 117.0986 124.18701 159.58866 144.00423 137.84432999999999 32.65099 79.84878 117.87675 79.16519 107.28051 56.35718 57.00255 32.38705 79.76504 133.12671999999998 71.18396 75.09222 176.055 71.96578 33.88922 51.047529999999995 104.34747 77.16566 111.49814 147.80786 98.43175 65.86177 89.12271 82.91044 26.033189999999998 44.76167 131.51475 122.24286000000001 8.01678 160.26186 70.39394 142.54568 62.53852 129.88406 24.65882 38.90552 63.84352 110.77169 104.11335 152.54962 47.44452 154.60021 67.42351 113.43546 75.10225000000001 80.67304 122.31701 35.24356 127.79653 33.9515 124.52149 65.95188 43.0162 57.10683 86.38640000000001 155.856 188.73597 129.41732 135.27124 128.56325 23.715249999999997 117.53482 105.89854 28.58021 163.12918 174.21213 41.042049999999996 67.15511 120.05207 118.00765000000001 16.28276 61.739059999999995 72.95508 114.61691 33.81571 
85.29999000000001 96.61268000000001 173.2895 229.05311 128.44625000000002 97.36114 111.06278 0 117.35841 135.04898 154.39554 205.35403 175.62565 46.07852 196.06362 118.82400999999999 156.63729 123.49336 83.0968 242.06613 211.1839 166.67631 211.4289 127.95989 115.02766 126.21047 188.87309 177.48275 39.49613 55.46365 95.70572999999999 166.60032999999999 79.53163 117.05687 224.45143000000002 180.00349 84.99002 266.42956000000004 168.66143 142.42715 141.38495 200.39414 185.50634 200.78935 161.35871 48.25569 175.22313 185.82842 58.399390000000004 131.25678 115.90293 154.15264000000002 102.31657 103.4295 239.62489999999997 164.47100999999998 210.9541 49.187479999999994 216.52276 86.47962 148.56665 75.8275 75.21744 91.75134 237.67015999999998 93.68309 165.52575000000002 175.14177999999998 195.7444 178.60818 189.63375 130.16968 119.64847 116.75122999999999 114.46798 204.13445 173.6041 87.75237 162.40738 153.2825 189.3121 194.01871 229.31553 225.02444 149.85125 127.30745999999999 171.33006 210.00604 128.98943 184.74294 182.36322 141.30005 157.5387 220.79827999999998 182.57339000000002 124.67739 168.60646 113.38616 156.71811 83.40376 
73.13203 106.07955 184.25228 124.45602 146.76222 34.7363 7.69728 117.35841 0 123.92992 55.28643 146.35679 76.15336 110.7671 164.70236 123.50936 70.72211 61.51292 72.08726 160.59903 116.06568 128.87826 162.79799 151.13987 145.19632 25.57477 72.61646 121.02596 85.37843 114.93055 63.76271 49.30527 38.03616 84.06935 132.3432 63.88893 82.47685 174.99174 71.40487 26.19194 44.83635 103.15246 69.46838 111.23058 153.809 104.79134 58.16449 81.50663 90.50988 18.33591 50.16166 136.87742 129.64669 14.02647 161.0013 62.69666 144.59521 69.28113 129.82588 31.48416 31.20824 71.47258 118.45397 111.52317 152.40637 54.71553 160.51087 63.64849 114.30551 67.40497 72.97576 128.9317 27.54628 134.94027 39.23866 125.43457 58.2546 44.58321 49.40955 88.89868 160.63083 194.70914 126.86259 134.70903 133.84931 16.01797 121.43969 102.51488 20.88293 168.52728 180.17263 33.34477 68.07335 117.53314 121.12717 8.58627 55.4513 77.7271 119.5083 41.47689 
78.34616000000001 45.396 60.58966 150.86097 34.9473 92.18027 119.21513999999999 135.04898 123.92992 0 104.50511 81.2585 109.7514 95.08068 61.13371 22.47806 86.19897 65.38246 81.86852 128.86856 123.0087 41.92492 86.12973 40.88183 46.11257 149.50468999999998 175.72103 57.86313 125.84576999999999 82.91833 80.41166000000001 152.26233 118.49821 56.128119999999996 128.45443 169.58908 68.77246 160.73328 103.80336 142.6116 99.19565 119.22867 150.59073 109.783 31.10983 127.80645 149.72188 200.56837 89.78922 118.51438 74.575 36.70503 44.631519999999995 117.9198 122.56300999999999 184.73801 91.32677 116.02566999999999 116.23549 110.71186 137.92662 90.5969 64.60144 49.56852 130.07033 73.12913 37.90218 131.02691 96.01104 182.29676 157.12238000000002 10.91728 98.50883 32.61791 85.26364 98.03904 140.1737 143.85169 127.98702 56.808589999999995 54.29922 72.03793999999999 146.94241 126.3107 32.77904 116.03074000000001 50.37947 142.59518 112.49842 51.54341 57.5141 155.91457 90.54316 142.45565 63.81867 131.02312 131.95473 62.1457 31.73442 95.50562 
84.9946 103.13174000000001 160.80325 75.07863 135.17144 57.23462 57.74723 154.39554 55.28643 104.50511 0 96.77078 23.535500000000003 133.71398 124.54248 112.37814 20.86872 42.13577 86.69888 105.92827 61.53765 92.06532 115.74613 139.63008 139.31117 76.11722 74.74812 76.37562 124.74269 131.87058 72.32958 53.79672 84.0888 70.79187 77.45303 69.88013 89.73168000000001 120.43081000000001 16.29209 61.82186 13.673580000000001 48.97957 49.76848 56.236070000000005 126.60217 141.76021 48.140370000000004 105.97066 111.07974999999999 41.98755 42.07032 108.73189 126.35365999999999 62.77965 106.15917 95.8082 92.65264 105.96065999999999 74.88269 73.55429 50.72506 92.37841 126.71117 111.51140000000001 97.36274 63.99906 133.39452 35.948570000000004 59.89265 86.55946 55.87775 111.14142 36.73247 126.43277 40.16196 71.29709 38.483090000000004 98.69462 26.42255 49.61789 122.19896 165.2164 76.94619 79.60922 106.85192 42.735600000000005 79.33775 55.788560000000004 37.625600000000006 134.7102 151.26758 78.66404 16.01847 67.85789 74.45815 55.93846 30.26412 67.58375000000001 84.80289 71.36491 
127.50373 114.20145 107.9949 96.75339 111.75783 129.11674 143.64826 205.35403 146.35679 81.2585 96.77078 0 86.16599 169.28931 45.38458 100.62879 77.1523 91.56557 131.22232 50.46027 69.66605 44.25795 21.42241 117.54399 126.00229 169.71382 164.49918 29.39473 184.77254 159.44224 119.83243 147.61358 161.43126 91.306 64.6166 162.07003 123.29638 84.11616 85.42193 151.84906 102.83595 74.91832 131.28643 58.53774 78.31141 194.97131 138.78598 200.63884 151.28289 131.59051 103.49943 67.98251 124.25077 148.32892 42.90471 192.0899 13.06857 167.45182 51.7042 150.81733 142.42337 141.07069 143.30282 122.36845 55.49327 118.99818 81.90888 113.5494 44.34646 180.13888 137.08706 91.37363 119.76615 113.05305 112.25808 36.00738 127.17102 183.29949 120.25962 60.31069 48.54525 98.90907 90.73432 60.89353 70.75303 131.79122 34.13982 101.18333 126.65639 67.57676 89.6175 168.86537 80.98979 90.89265 26.5582 149.63319 119.61222 96.66124 51.00916 139.96195 
103.69816 117.22994 164.6609 54.2287 143.22417000000002 78.90236 79.20918999999999 175.62565 76.15336 109.7514 23.535500000000003 86.16599 0 153.00893000000002 120.42537 121.38765 25.2409 57.86825 105.72377 87.59018 39.92005 93.48438999999999 107.5884 149.17505 150.52309 95.15629 78.46824 75.87207 146.41719 149.98394 91.16758 63.82736 106.17547 83.33331 56.58724000000001 75.92113 107.01271 98.87645 7.24341 71.8525 35.3787 27.09477 56.122879999999995 43.586439999999996 129.86892 163.06143 58.17101 114.76056 130.46109 60.767889999999994 61.0856 112.51145 139.24131 84.56748 88.09595 108.36158 79.54438 127.6284 58.66905 95.64748 60.755700000000004 112.24161000000001 142.92336 126.03091 78.28282 83.65936 136.27588 36.78848 44.22238 95.41066000000001 62.5365 119.47628 58.43759 136.53112 61.15767 55.62682 48.51373 120.19178 36.45319 54.40532 119.31313 166.53260999999998 56.37321 58.76399 112.32209999999999 62.63035 76.52886 37.18481 57.88455 134.11587 152.83093 88.69468 20.95744 47.00796 72.93845999999999 75.66578 40.294760000000004 82.23279 86.5706 93.03941 
49.53588 57.05971 132.13573 205.78288999999998 87.11234 81.33356 103.76137 46.07852 110.7671 95.08068 133.71398 169.28931 153.00893000000002 0 156.16107 77.87188 131.11668 96.29871 47.33269 210.36534 184.60922 128.56456 173.76113 86.82986 73.87661 127.15760999999999 182.96279 141.0527 52.12994 14.3126 61.90029 158.55442 78.20777 81.29276 196.19297 174.38867 49.22591 236.54679 145.76552 136.95904 121.43695 175.19985 172.36367 172.94141 120.26649 47.22072 164.49596000000003 188.88387 22.63528 119.76480000000001 91.99121 114.00267 60.961780000000005 97.23686 206.32524999999998 168.03134 176.18358 48.86512 186.79184 80.08775 140.14587 42.08981 33.86265 50.79921 207.15357 69.71492 124.57362 158.5324 165.53623 177.50385 177.45889 89.39049 103.51001 75.39644000000001 94.2447 173.25644 160.24237 96.74086 147.85845999999998 119.36309 149.28921 152.66392000000002 204.95929999999998 196.12927 109.73336 115.78567000000001 135.17377 189.0353 115.93277 143.79778 140.97571 141.03219 133.02646 197.20535999999998 146.14334 119.18024 153.70870000000002 77.62205 119.17817 69.94566 
124.53263 99.51793 65.01135 140.82141 81.07142 139.33201 160.14569 196.06362 164.70236 61.13371 124.54248 45.38458 120.42537 156.16107 0 79.09141 104.10513 103.64777 128.42278 93.92081 112.85327 36.07199 29.36153 85.79376 97.15304 189.89645 197.82546 48.9093 181.75768 143.86188 121.04082 177.70813 169.87638 90.09084 109.64568 193.93308 117.20994 127.54882 117.53587 176.39195 126.39424 115.80794 166.16662 100.25449 42.28844 187.63288 171.16251 230.46767 142.7566 153.43918 115.71739 42.23901 100.78072 162.85535 85.6385 218.72659 58.40396 166.97001 96.50108 160.42034 168.7058 138.29804 125.05676 105.51333 100.38051 123.79659 43.08016 147.06319 85.16087 210.39241 172.43549 67.69417 137.17077 86.96766 126.2808 79.40262 159.77091 194.27293 150.48757 76.90677 7.07965 53.60653 135.11619 106.07698 46.47861 152.51434 45.21197 142.41089 147.70152 23.80556 45.4363 192.43394 108.79139 134.31265 52.35729 169.92088 151.37411 96.97587 46.00376 146.737 
78.98966 46.039500000000004 63.38402 165.49427 35.24622 89.72079 117.04525 118.82400999999999 123.50936 22.47806 112.37814 100.62879 121.38765 77.87188 79.09141 0 97.83521999999999 70.24237 82.51201999999999 147.52102000000002 138.57454 58.732060000000004 100.57809999999999 29.05075 36.33171 148.26448 181.46254 76.54358 113.93227999999999 64.98454 79.25181 157.12223999999998 112.11779 56.77162 145.03618 174.68112 69.41596 179.10338 114.64203 144.55711 104.05555999999999 133.59995 158.21595 124.7111 42.86992 111.69317 156.29984 202.97913 76.42591999999999 120.72318999999999 76.94707 37.34853 45.22896 115.53372 141.46332 185.85865 110.42213 104.11218 133.14265999999998 105.72373 141.46487 91.2404 45.96598 50.21202 148.35356 69.617 48.44083 140.63199 112.59279 185.74475 164.52735 11.56078 100.33579 33.26141 86.78935 115.89908 147.35924 137.4335 134.84923 71.73669 72.08683 80.79022 162.36786999999998 143.43372 33.42254 117.91907 68.99335 155.62892 114.86726999999999 66.06899 67.56006 156.5121 100.83943 156.86258 82.49912 131.25791 138.8298 62.7892 50.41487 90.13243 
81.80662000000001 95.81394 142.64098 76.10410999999999 119.51140000000001 62.90365 70.52302 156.63729 70.72211 86.19897 20.86872 77.1523 25.2409 131.11668 104.10513 97.83521999999999 0 34.81797 84.38462000000001 91.66006999999999 54.55013 73.30032 98.57471 124.94817 126.99905 92.91859 94.43052 61.11729 129.03186 127.06257 69.93768 73.78797 93.50529 63.05030000000001 71.21732 90.00619 84.05856 111.2201 17.99749 75.45275 26.449370000000002 44.20979 64.89782 50.21244 108.0739 144.36244 67.66916 126.45736 108.92169 54.76334 40.73436 90.06672 116.9653 75.34484 91.11895999999999 116.00998999999999 74.12817 110.5187 63.559329999999996 82.56405 66.43441 91.69774 119.01049 104.1936 85.17205999999999 63.11549 114.83178 45.334 44.29053 106.51676 71.42947000000001 95.48138 49.50826 112.97869 44.1596 55.69497 56.62633 111.56338 46.4687 30.852890000000002 101.88766 145.89339999999999 74.07731 69.51142 88.76966999999999 55.511390000000006 58.92353 61.61608 50.401390000000006 114.87332 132.04347 92.15898 4.85025 67.47242 61.24819000000001 73.03513 47.94142 60.265950000000004 65.45534 76.56658 
46.98865 60.99597 125.82916 109.6944 93.90182 37.62941 56.55189 123.49336 61.51292 65.38246 42.13577 91.56557 57.86825 96.29871 103.64777 70.24237 34.81797 0 49.56665 119.3225 88.55801 67.63512 104.95882 99.29026 97.1754 87.01639 111.30502 63.36529 97.70624 92.32687 35.11971 86.87987 69.88772 28.6561 101.07678 104.73141 49.24059 142.9362 50.66383 77.36066 33.81319 78.90119 88.35503 77.43356 93.60702 111.5576 86.05747 135.24125 74.10372 53.18714 12.28443 76.10243 84.21789 59.31568 116.96994 119.94993 93.29833 79.17432 93.0294 59.37062 72.54416 57.56301 85.22797 69.37563 114.54331 30.10636 100.38735 70.41511 72.54525 116.9143 94.66086 72.48977 34.36338 84.297 22.63435 81.38563 77.39316 92.46482 64.68148 31.25614 99.30412 134.22798 108.66059 101.54633 73.40879 51.25088 62.12184 94.27046 47.11596 107.1097 119.72995 91.66016 37.17703 101.0509 65.04666 67.53958 68.94961 25.44798 58.07523 48.66612 
44.39342 73.27146 124.99009 158.61675 91.0845 38.24234 64.42666 83.0968 72.08726 81.86852 86.69888 131.22232 105.72377 47.33269 128.42278 82.51201999999999 84.38462000000001 49.56665 0 167.03407 138.1246 95.20294 139.36158 84.88903 80.45965000000001 93.69027 141.14725 104.73776999999998 55.69706 46.00344 32.33463 116.33703 51.3812 57.080619999999996 150.64343 132.99023 51.704 191.76176 98.48036 97.30442 74.52882 128.29362 127.06669 127.00021000000001 101.72948 72.97041 121.05544 153.48687 48.65377 77.04213 44.70118 96.73899 68.21926 60.62149 164.71974 134.00415 136.07536 45.87696 141.79648 46.90044 98.21717 51.28207 46.39293 67.01096 162.765 22.69982 107.83129 112.04017 120.83268 139.29847 132.74291 70.95124 59.17621 82.78169 47.7014 129.22929 115.11681 76.31959 102.30736999999999 80.82279 122.28823 140.7919 158.01151 150.69664 92.813 73.17505 97.6335 141.74527 72.84155 122.52655 126.95052 105.13046 85.86032 150.03922 109.82840999999999 80.63743 107.82642 50.02619 85.01244 31.90532 
163.78749000000002 157.59439 158.06182 66.35948 161.16849 153.6508 160.27928 242.06613 160.59903 128.86856 105.92827 50.46027 87.59018 210.36534 93.92081 147.52102000000002 91.66006999999999 119.3225 167.03407 0 50.14573 92.88841 70.98528999999999 166.95022 174.56784 179.91156 155.48669 73.70301 217.00394 201.17571 153.2701 145.55671999999998 184.97849 130.65527 35.12539 155.81429 162.38954 39.13963 89.6735 157.8178 116.20563 62.23954 122.43412000000001 51.24101 128.73798 230.36054 133.83629000000002 195.27146 190.1095 143.19798 129.24095 117.57466 170.96513 166.6977 39.35395 192.04745 38.18924 198.49682 34.10376 174.01958 146.721 175.88707 187.03168 166.29579999999999 33.44303 149.34799 132.36915 109.70705 47.53146 175.28062 126.72263000000001 139.37255 137.96359999999999 161.07317999999998 135.01934 38.40587 123.0739 202.96239 121.74974 92.2877 98.12541 147.27976999999998 59.52579 30.67199 120.04178 145.01617 78.52767 81.28645 140.01874999999998 117.16211 139.21027 174.65998000000002 93.22042 65.31506 69.03079 161.23471 118.1788 134.00043 97.13414 166.67893 
135.49393 140.97145 168.7684 28.50916 157.69104 116.42667 117.0986 211.1839 116.06568 123.0087 61.53765 69.66605 39.92005 184.60922 112.85327 138.57454 54.55013 88.55801 138.1246 50.14573 0 94.24201 90.90314 163.88509 167.80342 132.76709 105.4855 70.02559 183.32191 179.47919 123.64386 95.73075 145.28797 107.90164 16.66719 105.66969 136.66125 58.9564 45.28828 109.57213 74.08572 13.05143 72.28839 14.14018 134.87498 198.89823 83.69056 145.13873 162.60914 97.86208 95.28321 118.95104 159.81974 124.30619 54.2373 142.1753 58.5272 164.40955 20.95328 134.57025 98.3503 145.89224 169.23692 150.11322 39.40639 117.61865 140.33984 60.09109 28.61548 125.13489 76.64903 133.80562 97.16844 153.58761 97.91319 33.73558 73.20758 160.0768 72.45353 70.06032 114.13279 164.54782 23.93371 19.9665 119.63058 100.10764 77.2866 32.99989 95.55995 131.96788 153.09885 126.17953 53.93361 21.46056 64.41417 115.3397 68.70987 109.12069 93.47462 130.39568 
91.32503 73.53126 74.90761 122.68173 71.2013 103.32857 124.18701 166.67631 128.87826 41.92492 92.06532 44.25795 93.48438999999999 128.56456 36.07199 58.732060000000004 73.30032 67.63512 95.20294 92.88841 94.24201 0 60.05533 74.44084 82.36657 154.45303 166.34573 24.62366 149.20157 117.14711 86.30092 144.89519 134.14469 55.45754 96.55939 161.71837 85.38313 126.13704999999999 87.40618 142.56291 92.50119000000001 93.47166 136.28565 80.27585 40.64081 157.27463999999998 139.57799 196.99259 112.70078 119.66161 79.66236 36.13135 80.88552 126.79153 85.93541 184.23207 54.69917 133.28741 83.57061 124.5303 134.7019 105.2056 100.05856 81.57093 95.38723 88.30559 46.419529999999995 116.95125 65.75869 177.25513999999998 142.69927 47.17128 101.9985 68.87191 90.26807 65.19198 128.53516 158.35372 118.20329 45.37764 31.76691 75.58315 118.05914 93.76546 36.37096 118.3532 16.95553 119.21316 113.74665 42.95394 61.908100000000005 158.69691 76.75908 115.00592999999999 30.653399999999998 134.32505 119.85024999999999 62.05099 10.1905 111.1146 
135.50756 118.05155 94.36204 117.61237 106.28987000000001 142.4655 159.58866 211.4289 162.79799 86.12973 115.74613 21.42241 107.5884 173.76113 29.36153 100.57809999999999 98.57471 104.95882 139.36158 70.98528999999999 90.90314 60.05533 0 111.53406 121.95743000000002 186.91759000000002 185.15834 50.76793 193.39488 162.20919 130.01619 167.60666 174.45066 99.34029 84.89947000000001 182.42666 129.90341999999998 103.55332999999999 105.43517 170.3977 121.39432000000001 96.33884 152.70884 79.96015 69.12836 201.79493 159.38741 220.64067 157.22107 149.62241 117.20434 67.07282000000001 122.73156 163.46771 64.03229 211.29405 32.79605 177.21468 72.30483000000001 164.17758 161.31182 149.36293 144.61675 126.09122 75.30812 130.07812 71.40177 134.97181 65.71042 200.21008999999998 158.50947000000002 89.01732 135.71176 110.71795 126.79151 57.42979 147.84376 197.42224 140.23249 75.67529 34.73342 82.05757 111.41427999999999 80.88233 71.34537 149.14192 43.0998 122.60574 144.13673 53.1403 74.79783 187.10393 99.72766 112.18701999999999 47.98061 166.73883 139.8055 105.81267 54.71079 152.12193 
82.15467 46.03925 45.32983 191.34623 6.19547 116.80249 144.00423 127.95989 151.13987 40.88183 139.63008 117.54399 149.17505 86.82986 85.79376 29.05075 124.94817 99.29026 84.88903 166.95022 163.88509 74.44084 111.53406 0 13.52059 175.32255 210.47521 97.47747 125.36372 72.56602 88.17142 185.77195 136.26475 70.76161 168.72029 203.63696 71.83529 199.71373 142.93474 172.93167 133.03083 160.00215 186.87788 149.7836 43.56431 123.3679 185.33467 231.33593 84.00045 149.27273 105.73882 49.56598 26.83441 142.30467 160.0712 213.70006 128.87833 117.49061 156.0566 131.04182 170.22594 91.51049 53.12847 43.69915 169.29486 96.60116 44.33688 168.0849 136.73145 214.37642 193.31343 30.1883 128.86874 16.28465 115.3389 137.86882 176.37735 161.13939 163.82936 96.79122 78.87669 66.62706 187.71513 166.7095 47.05885 146.37197 89.83448 182.95118 143.38682 66.12485 56.52401 184.35043 129.26924 182.99653 103.49611 159.10092 167.76261 75.48437 71.56835 115.50475 
78.83273 48.928239999999995 58.58546 194.8321 18.62134 110.51987 137.84432999999999 115.02766 145.19632 46.11257 139.31117 126.00229 150.52309 73.87661 97.15304 36.33171 126.99905 97.1754 80.45965000000001 174.56784 167.80342 82.36657 121.95743000000002 13.52059 0 168.69162 207.40493 103.85352 113.60601 59.56401 88.45948 182.44186 127.53645 76.93299999999999 173.95003 200.21932 69.34316000000001 206.70088 143.46064 168.54852 130.98859 162.93778 185.50939 153.83399 55.38262 110.72747 183.23287 226.187 73.19082 145.04806 102.2037 60.98304 26.887259999999998 135.48713 167.9811 207.89298 136.74486 107.62499 161.79524 123.12361 166.18831 84.59620000000001 40.48774 41.74174 176.06007 90.49462 57.10756 167.59051 141.50664 210.15975 191.82079 35.19529 124.66066000000001 21.37614 111.11422 143.80115 174.56819000000002 151.98564 161.85688 100.85958 90.13334 80.14765 191.49076 172.11504 57.057050000000004 142.24394 96.34331 184.79275 139.19214 78.58644 70.0446 178.54109 129.56565 186.20041 109.80637 153.38952 166.12324 80.99885 77.72481 107.78541 
95.34895 129.75379 209.49465 136.71032 171.16865 58.54369 32.65099 126.21047 25.57477 149.50468999999998 76.11722 169.71382 95.15629 127.15760999999999 189.89645 148.26448 92.91859 87.01639 93.69027 179.91156 132.76709 154.45303 186.91759000000002 175.32255 168.69162 0 65.12766 145.37685 94.92979 133.37128 87.30199 52.28264 49.15689 109.64412 149.40431 56.4304 105.16593 190.94725 90.23806 31.198059999999998 67.16869 119.71825 79.1051 130.18204 179.32724 114.59423 65.30837 61.73782 108.93822 38.55162 75.73627 162.45219 152.86199 33.22004 181.08289000000002 40.97898 167.01677 82.02158999999999 148.82866 47.94083 41.92714 91.29025 139.37658 134.52571 171.30871000000002 78.74481 186.08564 77.46892 134.99686 53.03287 79.91267 154.03081 53.12105 159.09235 64.81306 146.4013 71.28497999999999 40.81279 66.10397 113.67952 185.95764 220.25535 140.16388 152.23712 159.42408 38.03832 146.19809 114.09069 43.158680000000004 194.08009 205.73151 17.17653 89.63305 130.79863 145.10546 20.17876 71.77816 103.30187 144.92027 61.81843 
141.28888 169.2002 235.10036 95.77394 205.17386 103.04814 79.84878 188.87309 72.61646 175.72103 74.74812 164.49918 78.46824 182.96279 197.82546 181.46254 94.43052 111.30502 141.14725 155.48669 105.4855 166.34573 185.15834 210.47521 207.40493 65.12766 0 148.95558 156.90053 186.04551 129.8771 25.20978 109.4708 139.71427 120.83737 8.87497 149.23916 155.2771 80.4013 46.65922 77.98971 94.41131 33.65732 109.89933 201.17112 176.54002 26.78615 40.48067 161.97288 64.43412 105.20265 183.01612 193.20875 86.57054 159.67147 45.04515 157.08092 141.69428 125.85299 104.06916 43.08006 142.41575 186.97592 176.30091 144.30171 120.24257 207.89235 51.12359 121.29186 22.74102 28.837 183.59122 83.92536 195.15117 96.76511 131.89886 38.05457 105.91367 48.39202 124.35228 196.05257 239.9595 101.43208 124.86233 181.24308 68.17963 152.95548 75.37793 69.45134 209.28761 225.95374 50.08278 89.60445 93.40047 146.09222 64.60897 46.54866 135.26395 159.53893 113.0635 
100.88374999999999 86.93854999999999 98.78199 98.53475 91.39381 100.98235 117.87675 177.48275 121.02596 57.86313 76.37562 29.39473 75.87207 141.0527 48.9093 76.54358 61.11729 63.36529 104.73776999999998 73.70301 70.02559 24.62366 50.76793 97.47747 103.85352 145.37685 148.95558 0 156.12351999999998 131.51703 94.58452000000001 129.29487 133.15806 64.71647999999999 73.77851 145.21028 95.53341 103.09121999999999 68.62866 129.69824 80.31816 70.01536 117.50813 56.60401 64.90319 167.49102 122.5809 182.2269 123.28244000000001 107.9105 75.54023 49.764269999999996 100.06124 121.5802 66.75001 171.50906999999998 35.51377 139.15402 62.758399999999995 122.72416 121.55711 114.73911999999999 116.30117 95.63996 72.34140000000001 89.87307 70.31664 98.17372999999999 41.46125 162.02366 123.92175 68.66442 93.99985000000001 90.1126 84.94835 52.86569 111.03725 155.73965 101.92783 40.24362 47.7552 96.22804 93.76903 69.60366 51.054739999999995 107.43001 7.66813 96.18017 102.42482 63.59883 84.97937 146.40447 60.35715 91.26966999999999 21.366 125.19809 102.99898999999999 70.8703 26.12871 111.24449 
59.59272 90.26428000000001 169.66389 199.61728 125.59667 67.51759 79.16519 39.49613 85.37843 125.84576999999999 124.74269 184.77254 146.41719 52.12994 181.75768 113.93227999999999 129.03186 97.70624 55.69706 217.00394 183.32191 149.20157 193.39488 125.36372 113.60601 94.92979 156.90053 156.12351999999998 0 56.93043 65.66283 134.59419 47.5187 95.45711 197.36005 148.03439 67.28451 239.95838 139.63804 110.41422 111.52559 171.98073 153.74556 173.784 151.72727 29.68132 143.32554 155.12712 48.77512 99.55429000000001 88.59579 144.44683999999998 99.38903 71.48342 214.45479999999998 133.7356 188.9045 19.14458 190.33767 54.71884 116.58667 45.7846 73.40725 86.90970999999999 212.17637 67.65595 156.93914 144.15255 170.17799 147.0432 157.86867999999998 120.05909 89.2402 113.25787 85.53549 179.06826999999998 141.96836000000002 57.82176 131.32809 127.10282000000001 175.41632 188.37297 200.26574 198.29386 140.25125 95.69821999999999 151.47528 179.88062 98.05613 173.92221 176.05837 109.73507000000001 129.3915 191.52911999999998 159.31106 92.66435 137.55594000000002 89.30770000000001 139.01107 53.37778 
47.04519 45.51956 117.88696 201.94507 72.9826 83.13425 107.28051 55.46365 114.93055 82.91833 131.87058 159.44224 149.98394 14.3126 143.86188 64.98454 127.06257 92.32687 46.00344 201.17571 179.47919 117.14711 162.20919 72.56602 59.56401 133.37128 186.04551 131.51703 56.93043 0 59.70844 161.20113 85.35846 72.64802 190.18224 177.67438 43.10494 229.55158 142.74397 140.87387 120.21832 170.78427 172.82013 167.1137 106.93208 51.18438 166.01208 194.83822 24.51048 121.93404 89.80027 101.62292 46.91002 101.98521 196.52348 174.34213 167.02977 56.07928 180.14087 85.53398 142.97774 43.64992 19.83295 38.41639 199.33299 68.60267 110.69455 157.91663 158.84432 182.2647 178.3231 76.53489 104.14354 61.3661 93.66977 164.92108 160.77391 105.97087 148.09633 111.55056 136.9141 138.56127 200.64563 189.83006 97.39464 118.05744 125.50617 186.32505 117.5574 130.59702 127.02179 146.39424 129.48559 193.27639 136.41046 123.48638 153.74597 70.44731 108.76423 73.46615 
31.328409999999998 61.00488 124.94082 144.02019 93.52440000000001 29.03272 56.35718 95.70572999999999 63.76271 80.41166000000001 72.32958 119.83243 91.16758 61.90029 121.04082 79.25181 69.93768 35.11971 32.33463 153.2701 123.64386 86.30092 130.01619 88.17142 88.45948 87.30199 129.8771 94.58452000000001 65.66283 59.70844 0 104.6808 51.09585 44.01561 136.19648999999998 121.99229 38.63899 177.76862 83.92417 87.68871 61.11012 113.72167 113.70537999999999 112.55327 98.52354 82.93618000000001 107.99043 145.08227 56.7155 65.60831 30.25926 93.62243000000001 76.21909 54.15175 150.82887 126.43221 123.86001 55.842729999999996 127.80333999999999 43.84339 87.19359 38.21706 57.22237 66.76743 148.87412999999998 9.63481 105.31589 98.69749999999999 106.95554 129.80602 119.42213000000001 69.49438 46.111200000000004 89.98682000000001 34.34009 115.33842 101.77062999999998 76.47545 88.94605999999999 66.37585 115.3083 139.33504 143.41495 136.5134 91.35614000000001 62.082950000000004 86.91639 127.30335 60.42653 117.67106 124.92781 97.10392999999999 71.26376 135.44266 100.16637 72.0659 94.44838 36.96118 76.11042 28.33128 
116.73959 144.12261 211.69077 93.29203 180.78169 78.09469 57.00255 166.60032999999999 49.30527 152.26233 53.79672 147.61358 63.82736 158.55442 177.70813 157.12223999999998 73.78797 86.87987 116.33703 145.55671999999998 95.73075 144.89519 167.60666 185.77195 182.44186 52.28264 25.20978 129.29487 134.59419 161.20113 104.6808 0 87.10785 115.53596999999999 112.16319999999999 17.86882 124.05017000000001 150.78545 62.19226 52.33287 58.6614 83.31718 39.26652 99.80884999999999 178.17432 154.09661 29.980159999999998 53.13431 137.30172 60.383669999999995 80.23816 160.09207 168.15584 63.31833 148.6885 48.79675 141.6162 118.54845 114.89146 80.67936 47.878659999999996 117.77004 161.80596 151.14297 135.13714 95.04599 184.94034 46.13999 106.33429 37.41666 36.04705 159.34834 74.23763 170.36437 71.60324 117.73872999999999 41.50398 87.33365 36.61397 102.44776 175.39633 217.637 97.48358999999999 115.6879 158.14159 59.870369999999994 132.5184 70.6724 64.48785000000001 187.61887 203.42122 50.82495 68.93772 88.48862 127.02849 42.01081 40.45554 110.49305999999999 137.45449 88.60876 
54.18131 90.40528 175.45879 157.87373 133.10571 32.33449 32.38705 79.53163 38.03616 118.49821 84.0888 161.43126 106.17547 78.20777 169.87638 112.11779 93.50529 69.88772 51.3812 184.97849 145.28797 134.14469 174.45066 136.26475 127.53645 49.15689 109.4708 133.15806 47.5187 85.35846 51.09585 87.10785 0 80.62126 160.65433 100.61655 64.48357 203.78308 100.10799 62.89552 71.22605 132.98523 107.15721 137.86501 149.60789 67.09495 96.18163 110.84724 61.31961 53.52101 57.96645 134.98998 111.35032 24.43615 183.88921 89.82357 162.58433 32.89927 155.76922 10.96031 69.21576 45.9199 93.79158 93.06981 178.33784 46.27685 155.84296 99.28347 137.46355 100.72724 110.90926 120.35017 48.11976 120.18195 50.22758 147.71138 95.62581 25.40249 85.58809 101.12604 164.59419 189.84033 159.40233 162.32381 131.2261 49.85158 131.3766 136.87612 52.77989 168.32465 175.60868 63.50271 92.5204 150.29326 134.93077 45.14764 91.79777 73.57014 124.01008 23.26508 
56.0744 79.68956 100.19954 132.24449 69.24086 52.49604 79.76504 117.05687 84.06935 56.128119999999996 70.79187 91.306 83.33331 81.29276 90.09084 56.77162 63.05030000000001 28.6561 57.080619999999996 130.65527 107.90164 55.45754 99.34029 70.76161 76.93299999999999 109.64412 139.71427 64.71647999999999 95.45711 72.64802 44.01561 115.53596999999999 80.62126 0 118.27950000000001 132.92702 63.38498 156.92959 76.36004 103.53204000000001 62.46929 100.35017 116.93718 95.46787 70.41732 109.81434 114.71356999999999 161.88617 81.46149 79.43482 35.49544 62.90133 71.92686 78.08666 128.12059 145.38722 96.88435 83.66175 107.5093 71.97049 100.01324 62.963049999999996 61.34522 78.79813 127.16695 34.3808 77.20967 99.07121 86.21215 144.29312 123.24858 45.21084 59.35998000000001 66.91147 45.81354 97.00773000000001 106.03363 105.6463 93.33757999999999 52.93911 84.43347 111.34543 130.08967 117.27775 61.02136 76.94326000000001 57.50882 119.62326 73.41968 87.80322 96.82159 116.46447 62.37587 123.61280000000001 69.80712 91.30737 97.55103 54.104079999999996 45.26704 57.35724 
147.89713 149.92612 169.16085 38.3969 162.66648 131.06696 133.12671999999998 224.45143000000002 132.3432 128.45443 77.45303 64.6166 56.58724000000001 196.19297 109.64568 145.03618 71.21732 101.07678 150.64343 35.12539 16.66719 96.55939 84.89947000000001 168.72029 173.95003 149.40431 120.83737 73.77851 197.36005 190.18224 136.19648999999998 112.16319999999999 160.65433 118.27950000000001 0 121.4827 147.8798 45.08303 61.16094 126.23932 89.67462 29.68606 88.26569 29.04779 136.34621 212.36282999999997 99.90075999999999 160.82424 174.74193 114.52927000000001 108.84776 121.69999999999999 167.16665 140.1966 40.28335 158.49691 52.10342 178.63209999999998 15.11096 149.8451 115.01749000000001 158.63979 178.71266 159.0384 23.972230000000003 130.76834 141.43023 76.75828 32.44339 141.00648 92.06354 139.07777 112.73351 159.79517 112.38859 33.51044 89.68075999999999 176.139 89.12072 79.37537 111.92997 162.68514 31.563209999999998 4.4534 122.99046999999999 116.54787999999999 79.60386 49.32141 111.80207999999999 130.51553 152.56369 142.84672 68.45105 37.35248 68.04399 131.82621 85.37706 119.93117999999998 97.2492 144.87242 
133.23437 161.79662 229.33247999999998 98.31424 198.42728 94.81078 71.18396 180.00349 63.88893 169.58908 69.88013 162.07003 75.92113 174.38867 193.93308 174.68112 90.00619 104.73141 132.99023 155.81429 105.66969 161.71837 182.42666 203.63696 200.21932 56.4304 8.87497 145.21028 148.03439 177.67438 121.99229 17.86882 100.61655 132.92702 121.4827 0 141.36383 157.50354 77.09393 37.8516 71.89473 94.02541 33.42952 108.96127 195.6699 167.67775 23.28733 39.53367 153.52782 56.41201 98.0653 177.55162 185.82714 77.8112 159.56785 39.81399 155.24278 132.88601 125.59805 95.31028 34.88184 134.02758 178.97373 168.73196 144.87326 112.36071 202.42101 48.60792 119.55864 19.54784 30.03516 177.18503 76.22879 188.16495 89.28036 130.43088 34.89938 97.17596 43.54832 119.41966 191.88366 234.86576 103.62279 125.36023 175.62827 60.06693 148.85499 77.03584 61.63734 204.5825 220.74476 41.51418 85.23944 95.19783 142.64675 55.81528 42.74643 128.2526 154.56631 104.54329 
50.69778 67.56109000000001 111.67804 158.93499 78.03076 47.83505 75.09222 84.99002 82.47685 68.77246 89.73168000000001 123.29638 107.01271 49.22591 117.20994 69.41596 84.05856 49.24059 51.704 162.38954 136.66125 85.38313 129.90341999999998 71.83529 69.34316000000001 105.16593 149.23916 95.53341 67.28451 43.10494 38.63899 124.05017000000001 64.48357 63.38498 147.8798 141.36383 0 188.15324999999999 99.7693 106.89713 78.51222 127.7379 132.54406 124.62824 88.90049 77.74749 127.08937 163.96081 50.54699 84.97768 47.66136 83.64292999999999 57.10277000000001 71.94589 160.3999 144.96726 129.16366 57.464409999999994 138.39256 59.37034 106.56296 57.58643 38.03528 58.97698 158.90122 29.00418 94.73523 116.44754 117.1333 149.00911 138.36227000000002 57.85518 65.48057 71.6652 53.28023 126.1681 120.71077 89.54853 107.8862 80.49673 110.87838 127.69584 157.60541999999998 147.75925 79.71694 81.45232 89.27463 143.38789 79.7959 110.14839 113.85445999999999 115.79602 86.41404 150.29149 100.62405 90.89997 113.03970000000001 56.33055 75.19263 43.97736 
188.72436 187.32318999999998 191.80468 66.80829 194.0863 174.05736 176.055 266.42956000000004 174.99174 160.73328 120.43081000000001 84.11616 98.87645 236.54679 127.54882 179.10338 111.2201 142.9362 191.76176 39.13963 58.9564 126.13704999999999 103.55332999999999 199.71373 206.70088 190.94725 155.2771 103.09121999999999 239.95838 229.55158 177.76862 150.78545 203.78308 156.92959 45.08303 157.50354 188.15324999999999 0 104.13872 167.31508 132.77739 71.84133 124.84111 66.30307 162.28343 254.49380000000002 137.75324999999998 195.7564 215.47496 156.75423 151.36305 150.97532999999999 202.20199 183.20182 47.70913 196.26473 71.58991 221.14738999999997 50.14537 192.9706 155.97734 200.38259 216.60927 196.31915999999998 31.68462 172.91122 166.02504 116.62867 71.04055 177.05138 128.0829 171.50559 155.83628 192.98275 155.34249 64.89499 128.5632 219.02966 130.21449 118.11352 131.85201 180.69881 59.9746 41.70868 153.44245 159.06404 110.36062 83.39012 154.51635 150.87657 172.92472999999998 183.30006 111.50454 65.76387 97.15883 174.04551 125.59711999999999 159.77194 128.99886 187.7832 
