21
c1 c5 c10 c13 c15 c17 c21 c23 c26 c27 c31 c33 d1 d4 d5 a1 a2 a3 a4 a5 start
0 2.0 4.0 5.0 6.0 5.0 5.0 5.0 9.0 8.0 7.0 8.0 7.0 13.0 15.0 3.0 3.0 3.0 3.0 3.0 2.0 
2.0 0 4.0 5.0 6.0 5.0 5.0 4.0 8.0 7.0 7.0 8.0 7.0 13.0 15.0 3.0 3.0 3.0 3.0 3.0 2.0 
4.0 4.0 0 1.0 2.0 4.0 4.0 5.0 8.0 7.0 6.0 7.0 9.0 15.0 17.0 5.0 5.0 5.0 5.0 5.0 4.0 
5.0 5.0 1.0 0 1.0 4.0 4.0 5.0 8.0 7.0 6.0 7.0 10.0 16.0 18.0 6.0 6.0 6.0 6.0 6.0 5.0 
6.0 6.0 2.0 1.0 0 5.0 5.0 6.0 9.0 8.0 7.0 8.0 11.0 17.0 19.0 7.0 7.0 7.0 7.0 7.0 6.0 
5.0 5.0 4.0 4.0 5.0 0 2.0 3.0 6.0 5.0 4.0 5.0 10.0 16.0 18.0 6.0 6.0 6.0 6.0 6.0 5.0 
5.0 5.0 4.0 4.0 5.0 2.0 0 1.0 5.0 4.0 4.0 5.0 10.0 16.0 18.0 6.0 6.0 6.0 6.0 6.0 5.0 
5.0 4.0 5.0 5.0 6.0 3.0 1.0 0 4.0 3.0 4.0 5.0 9.0 15.0 17.0 5.0 5.0 5.0 5.0 5.0 4.0 
9.0 8.0 8.0 8.0 9.0 6.0 5.0 4.0 0 1.0 2.0 3.0 13.0 19.0 21.0 9.0 9.0 9.0 9.0 9.0 8.0 
8.0 7.0 7.0 7.0 8.0 5.0 4.0 3.0 1.0 0 1.0 2.0 12.0 18.0 20.0 8.0 8.0 8.0 8.0 8.0 7.0 
7.0 7.0 6.0 6.0 7.0 4.0 4.0 4.0 2.0 1.0 0 1.0 12.0 18.0 20.0 8.0 8.0 8.0 8.0 8.0 7.0 
8.0 8.0 7.0 7.0 8.0 5.0 5.0 5.0 3.0 2.0 1.0 0 13.0 19.0 21.0 9.0 9.0 9.0 9.0 9.0 8.0 
7.0 7.0 9.0 10.0 11.0 10.0 10.0 9.0 13.0 12.0 12.0 13.0 0 8.0 10.0 6.0 6.0 6.0 6.0 6.0 5.0 
13.0 13.0 15.0 16.0 17.0 16.0 16.0 15.0 19.0 18.0 18.0 19.0 8.0 0 2.0 12.0 12.0 12.0 12.0 12.0 11.0 
15.0 15.0 17.0 18.0 19.0 18.0 18.0 17.0 21.0 20.0 20.0 21.0 10.0 2.0 0 14.0 14.0 14.0 14.0 14.0 13.0 
3.0 3.0 5.0 6.0 7.0 6.0 6.0 5.0 9.0 8.0 8.0 9.0 6.0 12.0 14.0 0 1.0 1.0 1.0 1.0 1.0 
3.0 3.0 5.0 6.0 7.0 6.0 6.0 5.0 9.0 8.0 8.0 9.0 6.0 12.0 14.0 1.0 0 1.0 1.0 1.0 1.0 
3.0 3.0 5.0 6.0 7.0 6.0 6.0 5.0 9.0 8.0 8.0 9.0 6.0 12.0 14.0 1.0 1.0 0 1.0 1.0 1.0 
3.0 3.0 5.0 6.0 7.0 6.0 6.0 5.0 9.0 8.0 8.0 9.0 6.0 12.0 14.0 1.0 1.0 1.0 0 1.0 1.0 
3.0 3.0 5.0 6.0 7.0 6.0 6.0 5.0 9.0 8.0 8.0 9.0 6.0 12.0 14.0 1.0 1.0 1.0 1.0 0 1.0 
2.0 2.0 4.0 5.0 6.0 5.0 5.0 4.0 8.0 7.0 7.0 8.0 5.0 11.0 13.0 1.0 1.0 1.0 1.0 1.0 0 
