51
BS CQ DM BL DO AT DB CU DU DV AY CB BN DP AN CN CF AV BC DI DD BG DL BZ CW CL CP DQ CD AJ AZ BY CA AU AM BU CS AL CV DG CZ BV AP DC AF BI BP BF BD DF CH
0 216.79579999999999 152.5174 214.65519999999998 178.37399999999997 189.76999999999998 169.1788 99.46419999999999 201.8329 199.1671 238.73409999999998 100.7267 161.2661 204.02819999999997 188.75279999999998 209.1443 172.3585 202.82389999999998 160.5665 165.5892 217.303 256.0532 214.65099999999998 215.45359999999997 242.9818 105.54149999999998 240.4991 217.44209999999998 172.23699999999997 167.38619999999997 230.9134 209.0066 144.63400000000001 193.065 231.98739999999998 149.1546 201.15429999999998 214.05549999999997 148.3285 175.7943 186.1026 185.2129 180.3133 176.2335 114.7673 248.43429999999998 214.08339999999998 149.64319999999998 208.89749999999998 224.4138 184.49079999999998 
216.79579999999999 0 209.0314 182.7303 134.4615 205.3118 242.87789999999998 181.4804 73.3196 217.0872 185.18740000000003 174.42579999999998 167.06 230.44 228.14139999999998 123.90339999999999 163.3032 160.6187 212.5832 156.0488 163.4766 249.3234 213.9492 217.5104 160.01639999999998 187.5577 198.2939 233.8974 135.2529 165.6615 114.0318 155.18019999999999 226.6502 173.7336 198.5463 187.3847 222.2397 157.938 143.4803 214.0244 156.31320000000002 205.3077 165.7899 180.16219999999998 223.4245 274.8461 209.2352 178.74239999999998 192.6533 255.0893 174.1939 
152.5174 209.0314 0 165.7192 189.1841 91.86789999999999 120.2428 54.6018 145.716 188.316 150.8401 51.7907 139.6356 153.4357 123.5096 95.1322 123.4225 148.5915 115.7041 116.6532 160.7338 103.5358 126.08959999999999 83.0557 186.5892 49.5176 196.6455 198.11040000000003 116.2131 136.8903 139.757 171.32580000000002 163.9204 144.12900000000002 135.0936 178.54000000000002 155.352 160.8247 115.7572 205.17970000000003 137.2734 135.6726 135.4509 142.8443 129.7132 194.57529999999997 177.7185 104.7808 138.21359999999999 187.0362 79.5949 
214.65519999999998 182.7303 165.7192 0 179.1304 81.8142 146.8459 176.9727 196.2459 139.1524 95.222 113.9285 115.0848 141.6649 175.4399 166.4694 159.7439 134.7156 115.8704 168.1203 72.9417 168.12759999999997 116.0359 150.6198 229.3777 159.80919999999998 144.9241 175.2773 134.3126 140.37199999999999 68.6985 125.0359 190.5978 192.8727 153.213 154.91559999999998 53.9748 175.61399999999998 143.6457 181.5553 113.25229999999999 77.2571 188.53879999999998 142.7517 182.7193 153.892 122.9562 157.87369999999999 148.37189999999998 218.63729999999998 128.8606 
178.374 134.4615 189.1841 179.1304 0 97.3162 219.2769 143.0586 61.1419 122.2068 125.4197 162.2481 184.2472 148.5909 96.0868 111.72569999999999 100.8119 181.0806 204.16090000000003 159.88389999999998 172.7279 186.8321 111.3578 119.5723 147.8387 149.1359 205.5021 188.2331 121.5641 74.7202 114.59989999999999 181.9314 131.1265 195.3979 171.6102 161.7476 191.74439999999998 145.7603 120.5696 188.3873 132.4173 137.8351 136.37470000000002 105.5026 132.4832 179.8435 166.92600000000002 150.5241 69.8219 183.3836 128.4406 
189.76999999999998 205.3118 91.86789999999999 81.8142 97.3162 0 121.9607 146.4697 158.4581 114.2672 118.7183 89.0433 131.1054 116.77969999999999 138.6354 157.24489999999997 79.4211 94.8689 120.7065 121.7144 134.8437 108.4067 34.2217 98.1815 150.0444 141.38549999999998 120.0389 150.3921 128.7655 115.48679999999999 93.2091 107.7881 109.7357 111.9924 150.2194 121.70490000000001 110.3714 130.365 61.8315 148.3446 111.0265 52.3719 114.2961 60.9375 100.9051 102.70739999999999 98.071 129.1333 118.9504 161.8935 97.9938 
169.1788 242.8779 120.2428 146.8459 219.2769 121.9607 0 174.8446 169.5583 179.2989 200.9438 68.4521 187.1046 181.8114 183.3549 193.9456 140.0839 158.0392 154.83069999999998 133.31459999999998 168.9679 191.45119999999997 156.1824 184.7996 175.8963 169.7604 185.0706 203.3243 170.45589999999999 180.5185 215.1698 216.1344 198.5128 160.7904 132.7617 141.4625 144.4956 120.5518 183.7922 208.6416 171.9848 117.4036 231.25410000000002 182.8982 161.1168 224.66809999999998 163.1027 161.9428 179.6132 242.9945 199.83769999999998 
99.46419999999999 181.4804 54.6018 176.9727 143.0586 146.4697 174.8446 0 183.03879999999998 163.8517 195.0183 106.3925 125.9507 104.56400000000001 153.4374 132.45499999999998 99.8912 142.3668 61.1023 137.3723 163.1069 158.13760000000002 138.0333 137.6575 170.5145 70.2261 142.0437 150.863 136.9216 132.0708 188.38150000000002 144.352 109.3186 167.47039999999998 132.5232 138.3202 122.9979 165.5558 113.0131 171.769 146.3828 165.5645 80.8491 88.2425 86.6617 148.9701 146.9704 50.179 139.4205 189.0984 134.1967 
201.8329 73.3196 145.716 196.2459 61.1419 158.4581 169.5583 183.0388 0 143.76760000000002 165.0104 101.1062 151.1712 157.1204 154.8218 50.5838 89.9836 130.25549999999998 200.14700000000002 158.8903 123.30420000000001 176.0038 172.49970000000002 162.3874 86.6968 128.6288 223.1238 179.96470000000002 61.9333 92.3419 143.9075 175.3984 192.26839999999999 188.4126 195.3706 177.3385 194.6214 84.6184 181.7115 216.6984 82.9936 155.4568 184.99360000000001 161.93169999999998 150.1049 201.5265 161.7027 132.8598 119.3337 233.5217 162.85739999999998 
199.1671 217.0872 188.316 139.1524 122.2068 114.2672 179.2989 163.8517 143.76760000000002 0 107.9827 146.38150000000002 147.96519999999998 126.3031 144.2848 93.1838 91.9142 58.8738 140.13830000000002 156.2404 158.17239999999998 177.93439999999998 81.2288 120.2365 162.5375 157.88479999999998 129.5623 104.3894 141.2586 125.0102 171.16570000000002 154.79520000000002 154.7566 117.0309 172.2744 187.26460000000003 86.8552 166.57760000000002 147.16590000000002 213.90430000000003 132.91469999999998 61.8953 161.89170000000001 131.01960000000003 182.7732 112.6154 150.80610000000001 141.6264 52.3849 207.9665 111.0036 
238.7341 185.18740000000003 150.8401 95.222 125.4197 118.7183 200.9438 195.0183 165.0104 107.9827 0 166.75889999999998 140.80290000000002 162.26389999999998 150.59539999999998 153.7858 95.1271 102.7451 184.00959999999998 164.03379999999999 168.1637 181.1473 152.39260000000002 154.93619999999999 165.7504 150.63600000000002 81.6574 195.3007 144.4715 160.8415 71.1556 164.71589999999998 196.87850000000003 160.9022 155.6701 130.1189 149.1968 80.392 150.3788 110.9896 141.6187 149.3244 177.4095 146.53740000000002 218.6045 206.67 154.019 144.8393 55.5978 173.58190000000002 114.2165 
100.7267 174.42579999999998 51.7907 113.9285 162.2481 89.0433 68.4521 106.3925 101.1062 146.3815 166.7589 0 191.4263 138.7686 175.30030000000002 146.9229 71.6318 150.49540000000002 152.82080000000002 64.8625 120.9605 155.3265 123.265 134.84640000000002 142.2551 101.3083 152.1532 182.50639999999999 102.0038 147.6011 168.3366 173.0547 184.8632 92.3383 138.9247 181.70159999999998 142.4857 185.7246 124.74539999999999 210.6015 118.1234 84.4862 177.20999999999998 149.9808 129.1888 183.1747 130.18529999999998 93.4907 111.1611 174.5424 131.3856 
161.2661 167.06 139.6356 115.0848 184.2472 131.1054 187.1046 125.9507 151.1712 147.96519999999998 140.80290000000002 191.42630000000003 0 153.2642 136.7562 139.9466 166.3521 119.2681 123.0056 175.25549999999998 132.4272 112.0795 165.3271 144.3218 236.9754 94.4762 190.76330000000002 66.8374 146.30040000000002 180.3503 69.6473 132.74880000000002 171.1205 166.203 154.1618 171.9931 61.11 66.5528 165.9717 198.6328 125.24010000000001 164.8576 168.11270000000002 143.86610000000002 191.0026 161.0272 212.6234 176.1297 188.4281 206.8805 129.8094 
204.02819999999997 230.44 153.4357 141.6649 148.5909 116.77969999999999 181.8114 104.56400000000001 157.1204 126.3031 162.2639 138.7686 153.26420000000002 0 186.5824 169.2808 67.1368 118.72749999999999 165.6663 136.0435 153.939 153.15699999999998 92.8791 150.91230000000002 137.7601 174.7901 132.07479999999998 86.4268 116.4812 127.52269999999999 134.0029 152.7871 180.3682 133.4547 132.62290000000002 116.8337 144.3233 157.46429999999998 107.70200000000001 169.9086 113.6284 64.4078 117.896 80.151 185.2857 44.4061 148.4473 113.4469 106.6661 164.9049 73.8408 
188.75279999999998 228.14139999999998 123.5096 175.4399 96.0868 138.6354 183.3549 153.4374 154.8218 144.2848 150.59539999999998 175.3003 136.7562 186.58239999999998 0 117.48479999999999 142.1311 126.9416 168.3193 200.6754 118.132 227.04540000000003 170.3701 40.4539 143.9874 150.36599999999999 118.7831 162.5598 152.28060000000002 75.7267 155.9191 170.2262 157.7483 152.8167 92.4918 148.9125 146.272 70.2034 161.8888 107.0249 131.2203 138.8416 168.3784 147.51670000000001 133.4897 210.0919 191.6967 174.3238 126.6103 214.1546 171.01979999999998 
209.1443 123.90339999999999 95.1322 166.4694 111.72569999999999 157.24489999999997 193.9456 132.45499999999998 50.5838 93.1838 153.7858 146.9229 139.9466 169.2808 117.48479999999999 0 131.9882 152.0576 193.5573 184.8886 164.4905 198.668 174.4126 151.1628 137.2806 144.6498 172.54 155.27100000000002 112.5171 41.7581 183.92499999999998 197.8764 200.45159999999998 145.6186 144.7868 170.5459 180.039 73.3938 165.5539 197.1856 133.5774 104.87299999999999 134.40980000000002 150.7071 99.52109999999999 176.1233 111.1189 82.276 145.5687 186.5261 174.7271 
172.3585 163.3032 123.4225 159.7439 100.8119 79.4211 140.0839 99.8912 89.9836 91.9142 95.1271 71.6318 166.3521 67.1368 142.1311 131.9882 0 150.788 160.99349999999998 68.9067 86.8022 86.0202 113.6428 101.6772 70.6233 116.03989999999999 141.5769 153.5636 49.3444 144.773 96.7048 138.8964 113.2314 148.2436 153.7151 110.0698 144.5901 120.9901 102.6745 138.9697 46.4916 131.5446 155.13909999999998 126.4137 172.48340000000002 111.5429 137.9505 49.7122 39.5293 155.793 98.148 
202.82389999999998 160.6187 148.5915 134.7156 181.0806 94.8689 158.0392 142.3668 130.25549999999998 58.8738 102.7451 150.49540000000002 119.2681 118.72749999999999 126.9416 152.0576 150.788 0 81.2645 145.22379999999998 105.2131 127.6964 129.0906 167.3955 203.8037 119.378 163.7939 92.5556 166.584 182.4728 173.9007 115.7442 204.60459999999998 58.1571 134.8656 139.29489999999998 80.74080000000001 183.13709999999998 120.3433 206.474 145.5237 119.3579 126.35390000000001 138.3997 191.6455 163.1336 161.08859999999999 127.746 111.2587 162.4343 156.50560000000002 
160.5665 212.5832 115.7041 115.8704 204.16089999999997 120.7065 154.8307 61.1023 200.147 140.13830000000002 184.00959999999998 152.82080000000002 123.0056 165.66629999999998 168.3193 193.5573 160.9935 81.2645 0 121.2012 102.00460000000001 124.4879 154.9282 179.6827 190.76569999999998 116.1695 160.5854 173.8201 138.2137 179.2643 184.56889999999999 123.2083 156.067 139.4216 193.6255 77.2179 61.8956 182.6582 123.1303 144.397 142.3152 116.1494 133.81799999999998 144.8362 147.764 161.81279999999998 161.8485 111.2813 192.52320000000003 172.9273 140.648 
165.5892 156.0488 116.6532 168.1203 159.88389999999998 121.7144 133.31459999999998 137.3723 158.8903 156.2404 164.0338 64.8625 175.25549999999998 136.0435 200.6754 184.8886 68.9067 145.22379999999998 121.2012 0 143.1696 148.8525 130.3518 160.7492 139.53 119.9621 162.0121 164.36759999999998 118.25110000000001 143.13049999999998 147.769 134.8732 172.3034 87.0667 163.77519999999998 167.0777 114.1455 189.89679999999998 59.8829 193.7174 115.3983 94.3451 112.3475 124.49659999999999 103.5767 180.4496 125.6378 118.6189 108.436 109.6799 87.6069 
217.303 163.4766 160.7338 72.9417 172.7279 134.8437 168.96790000000001 163.1069 123.30420000000001 158.17239999999998 168.1637 120.9605 132.4272 153.939 118.132 164.4905 86.8022 105.2131 102.00460000000001 143.1696 0 138.6251 125.6606 77.6781 157.4255 128.0664 154.3611 179.4023 61.370900000000006 185.9173 141.6402 52.0942 185.1474 163.3702 129.716 134.6555 71.3172 155.4471 130.6011 179.5764 40.3106 130.2866 115.59710000000001 128.523 214.53860000000003 171.2344 167.8487 136.5144 126.3315 208.04770000000002 101.8282 
256.0532 249.3234 103.5358 168.12759999999997 186.8321 108.4067 191.4512 158.1376 176.0038 177.93439999999998 181.1473 155.3265 112.0795 153.15699999999998 227.0454 198.668 86.0202 127.6964 124.4879 148.8525 138.6251 0 142.6284 186.5915 156.64350000000002 152.79 197.20589999999999 150.8513 135.3646 215.8848 152.2169 185.7916 199.2516 185.8535 236.7314 196.09000000000003 114.15279999999998 178.6323 134.5904 224.9899 132.5118 152.7699 187.05499999999998 169.3442 209.3118 197.5631 140.296 135.7324 125.5495 210.4108 170.7527 
214.65099999999998 213.9492 126.08959999999999 116.0359 111.3578 34.2217 156.1824 138.0333 172.4997 81.2288 152.39260000000002 123.265 165.3271 92.8791 170.3701 174.4126 113.6428 129.0906 154.9282 130.3518 125.6606 142.6284 0 132.4032 184.2661 175.60719999999998 154.2606 179.3059 161.85680000000002 149.0035 105.9942 73.5664 143.9574 94.3989 171.10739999999998 106.0358 144.5931 127.1041 70.4689 132.6755 140.7965 86.5936 80.66290000000001 49.790800000000004 135.1268 68.4857 111.2142 163.355 133.6137 127.67179999999999 106.6312 
215.4536 217.5104 83.0557 150.6198 119.5723 98.1815 184.7996 137.6575 162.3874 120.2365 154.9362 134.84640000000002 144.3218 150.91230000000002 40.4539 151.1628 101.6772 167.39549999999997 179.6827 160.7492 77.6781 186.5915 132.4032 0 103.5335 109.9121 159.237 203.0137 139.049 116.1806 115.46520000000001 129.7723 131.9918 112.3628 52.0379 108.4586 148.9953 77.769 121.4349 147.4788 117.9887 150.5534 173.8995 155.0823 173.9436 195.31840000000003 166.7273 151.3894 99.33840000000001 212.4753 157.5972 
242.9818 160.01639999999998 186.5892 229.3777 147.8387 150.0444 175.8963 170.5145 86.6968 162.53750000000002 165.7504 142.2551 236.9754 137.7601 143.9874 137.2806 70.6233 203.8037 190.76569999999998 139.53 157.4255 156.64350000000002 184.2661 103.5335 0 178.888 212.2002 183.3854 119.96770000000001 179.0387 167.3281 209.5197 183.85469999999998 188.52979999999997 155.5714 113.5478 215.2134 171.3152 173.2978 180.7269 117.1149 202.16789999999997 225.76239999999999 181.1661 201.5224 182.1662 208.5738 120.3355 110.1526 172.31119999999999 168.7713 
105.54149999999998 187.5577 49.5176 159.80919999999998 149.1359 141.38549999999998 169.7604 70.2261 128.6288 157.88479999999998 150.63600000000002 101.3083 94.4762 174.7901 150.36599999999999 144.6498 116.03989999999999 119.378 116.1695 119.9621 128.0664 152.79 175.60719999999998 109.9121 178.888 0 188.8875 148.5928 66.6955 138.1481 148.66969999999998 177.4732 115.39590000000001 177.5351 161.95 182.1007 105.83439999999999 161.029 119.09039999999999 238.61270000000002 87.7558 135.4685 151.0752 158.4686 96.5264 205.7516 177.51440000000002 120.4051 136.98669999999998 137.5186 129.1125 
240.4991 198.2939 196.6455 144.9241 205.50209999999998 120.0389 185.0706 142.0437 223.12380000000002 129.5623 81.6574 152.1532 190.76330000000002 132.07479999999998 118.7831 172.54000000000002 141.5769 163.7939 160.5854 162.0121 154.3611 197.20589999999999 154.2606 159.237 212.2002 188.8875 0 165.68720000000002 182.4562 130.7819 152.813 107.0926 200.66160000000002 189.5413 154.5941 133.902 150.2503 142.5621 154.1279 160.5417 161.39589999999998 67.667 101.6633 150.3205 188.5449 176.4809 161.1809 91.8647 137.2552 177.365 190.29020000000003 
217.44209999999998 233.8974 198.11040000000003 175.2773 188.23309999999998 150.3921 203.3243 150.863 179.9647 104.3894 195.3007 182.50639999999999 66.8374 86.4268 162.5598 155.27100000000002 153.5636 92.5556 173.8201 164.36759999999998 179.4023 150.8513 179.3059 203.0137 183.3854 148.5928 165.68720000000002 0 118.0314 113.5129 136.4847 199.58620000000002 177.7177 135.2006 211.90910000000002 202.76139999999998 127.9474 133.3902 145.03289999999998 229.40109999999999 139.0917 98.0202 162.72899999999998 166.5778 171.2272 130.8329 191.5341 199.87369999999999 156.77429999999998 142.01600000000002 160.26760000000002 
172.23699999999997 135.2529 116.2131 134.3126 121.5641 128.76549999999997 170.45589999999999 136.92159999999998 61.9333 141.2586 144.4715 102.0038 146.3004 116.4812 152.2806 112.5171 49.3444 166.584 138.2137 118.25110000000001 61.370900000000006 135.3646 161.85680000000002 139.049 119.96770000000001 66.6955 182.4562 118.0314 0 154.27519999999998 81.9742 113.4651 162.5758 194.34210000000002 166.4887 115.4052 132.68810000000002 146.55169999999998 137.0864 171.9741 21.0603 155.68779999999998 168.59629999999999 112.066 163.2219 160.8873 187.29489999999998 99.0566 88.8737 188.79739999999998 100.9241 
167.38619999999997 165.6615 136.8903 140.372 74.7202 115.4868 180.51850000000002 132.0708 92.3419 125.0102 160.8415 147.6011 180.3503 127.52269999999999 75.7267 41.7581 144.773 182.4728 179.2643 143.13049999999998 185.9173 215.88479999999998 149.0035 116.1806 179.0387 138.1481 130.7819 113.5129 154.27519999999998 0 153.62 156.1546 177.2406 187.37669999999997 168.2185 176.0318 168.9292 115.1519 123.7958 182.7516 175.3355 63.1149 92.6517 143.1483 57.763 134.36520000000002 152.877 124.0341 105.24369999999999 192.788 159.9581 
230.91339999999997 114.0318 139.757 68.6985 114.59989999999999 93.2091 215.1698 188.38150000000002 143.9075 171.16570000000002 71.1556 168.3366 69.6473 134.0029 155.91910000000001 183.925 96.7048 173.9007 184.56889999999999 147.769 141.6402 152.2169 105.9942 115.46520000000001 167.3281 148.66969999999998 152.813 136.4847 81.9742 153.62 0 151.893 127.01939999999999 161.223 84.5145 156.38400000000001 122.6733 136.20010000000002 96.3244 182.1452 103.0345 145.58100000000002 131.0111 100.139 194.1142 174.4799 161.5624 146.417 118.7808 178.01999999999998 60.1621 
209.0066 155.1802 171.32580000000002 125.0359 181.9314 107.7881 216.13440000000003 144.352 175.39839999999998 154.79520000000002 164.71589999999998 173.0547 132.74880000000002 152.7871 170.2262 197.8764 138.8964 115.7442 123.20830000000001 134.8732 52.0942 185.79160000000002 73.5664 129.7723 209.5197 177.47320000000002 107.0926 199.58620000000002 113.46509999999999 156.15460000000002 151.893 0 210.8067 157.99 133.4984 144.0471 71.6388 153.7421 115.9675 170.6868 92.4048 151.0556 63.5029 76.4288 208.6932 142.0521 119.41560000000001 115.60040000000001 150.3496 192.7002 91.7309 
144.63400000000001 226.6502 163.9204 190.5978 131.1265 109.7357 198.51280000000003 109.3186 192.26839999999999 154.7566 196.87850000000003 184.8632 171.1205 180.3682 157.7483 200.45159999999998 113.2314 204.6046 156.067 172.3034 185.14739999999998 199.2516 143.9574 131.9918 183.85469999999998 115.39590000000001 200.66160000000002 177.7177 162.5758 177.2406 127.01939999999999 210.8067 0 221.72809999999998 184.02970000000002 78.8491 161.4299 172.1999 132.9891 133.9387 144.83679999999998 161.15550000000002 185.4537 134.3779 195.9803 212.44310000000002 198.744 159.4976 152.76069999999999 207.0028 169.15140000000002 
193.065 173.7336 144.12900000000002 192.8727 195.3979 111.9924 160.7904 167.47039999999998 188.4126 117.0309 160.9022 92.3383 166.203 133.4547 152.8167 145.6186 148.2436 58.1571 139.4216 87.0667 163.3702 185.8535 94.3989 112.3628 188.52979999999997 177.5351 189.5413 135.2006 194.34210000000002 187.37669999999997 161.223 157.99 221.7281 0 76.7085 154.096 138.8979 187.21609999999998 146.9496 192.27120000000002 193.7789 164.36430000000001 174.78629999999998 144.18970000000002 190.64339999999999 162.88459999999998 165.3689 185.829 169.4158 196.7466 174.6736 
231.98739999999998 198.5463 135.0936 153.213 171.6102 150.2194 132.7617 132.5232 195.3706 172.2744 155.6701 138.9247 154.1618 132.62290000000002 92.4918 144.7868 153.7151 134.8656 193.6255 163.77519999999998 129.716 236.7314 171.10739999999998 52.0379 155.5714 161.95 154.5941 211.90910000000002 166.4887 168.2185 84.5145 133.4984 184.0297 76.7085 0 130.6843 200.4349 129.8069 173.4728 157.324 170.0266 146.3294 144.1081 157.7632 217.05610000000001 177.02900000000002 114.6894 110.8742 151.37630000000001 210.3705 144.6766 
149.1546 187.3847 178.54000000000002 154.91559999999998 161.7476 121.70490000000001 141.4625 138.3202 177.3385 187.2646 130.1189 181.70159999999998 171.99310000000003 116.8337 148.9125 170.54590000000002 110.0698 139.29489999999998 77.2179 167.0777 134.6555 196.09 106.0358 108.4586 113.5478 182.1007 133.902 202.7614 115.4052 176.0318 156.38400000000001 144.0471 78.8491 154.096 130.6843 0 139.1135 105.44030000000001 120.85870000000001 67.1791 94.3449 148.0236 131.05270000000002 67.6183 222.61 161.2398 161.604 159.782 149.5991 140.2432 157.02100000000002 
201.15429999999998 222.2397 155.35199999999998 53.9748 191.74439999999998 110.37140000000001 144.4956 122.9979 194.62140000000002 86.8552 149.1968 142.4857 61.11 144.3233 146.272 180.039 144.5901 80.74080000000001 61.8956 114.1455 71.3172 114.15279999999998 144.5931 148.9953 215.2134 105.83439999999999 150.2503 127.9474 132.68810000000002 168.9292 122.6733 71.6388 161.4299 138.8979 200.43489999999997 139.1135 0 127.6628 127.6832 206.2926 111.62780000000001 105.8143 135.14170000000001 148.0676 190.0663 99.9172 151.5134 170.0769 139.24009999999998 177.4802 155.4072 
214.0555 157.938 160.8247 175.61399999999998 145.7603 130.365 120.5518 165.5558 84.6184 166.57760000000002 80.392 185.7246 66.5528 157.46429999999998 70.2034 73.3938 120.9901 183.13709999999998 182.6582 189.89679999999998 155.4471 178.6323 127.10409999999999 77.769 171.3152 161.029 142.5621 133.3902 146.55169999999998 115.1519 136.20010000000002 153.7421 172.1999 187.21609999999998 129.8069 105.4403 127.6628 0 141.927 132.07999999999998 132.9342 160.1495 152.12099999999998 77.3133 172.9149 195.58979999999997 152.71640000000002 155.6698 135.9898 148.9033 178.08929999999998 
148.3285 143.4803 115.7572 143.64569999999998 120.5696 61.8315 183.7922 113.0131 181.7115 147.16590000000002 150.3788 124.74539999999999 165.9717 107.702 161.8888 165.5539 102.6745 120.3433 123.1303 59.8829 130.6011 134.5904 70.46889999999999 121.4349 173.2978 119.09039999999999 154.1279 145.03289999999998 137.0864 123.7958 96.3244 115.9675 132.9891 146.9496 173.4728 120.8587 127.6832 141.927 0 147.4984 129.1331 96.27420000000001 52.4646 64.6137 162.7366 138.95459999999997 65.7549 131.7038 94.781 111.60900000000001 36.1623 
175.7943 214.02439999999999 205.1797 181.5553 188.38729999999998 148.3446 208.6416 171.769 216.6984 213.9043 110.9896 210.6015 198.63279999999997 169.90859999999998 107.0249 197.18560000000002 138.9697 206.474 144.397 193.7174 179.5764 224.98989999999998 132.6755 147.4788 180.7269 238.61270000000002 160.5417 229.40109999999999 171.9741 182.7516 182.1452 170.6868 133.9387 192.2712 157.32399999999998 67.1791 206.2926 132.07999999999998 147.49839999999998 0 150.91379999999998 174.6633 157.6924 94.258 240.5146 201.1612 188.2437 188.68189999999998 166.5874 166.8829 183.66069999999996 
186.1026 156.3132 137.27339999999998 113.25229999999999 132.4173 111.0265 171.9848 146.3828 82.9936 132.91469999999998 141.6187 118.1234 125.24010000000001 113.6284 131.2203 133.5774 46.4916 145.52370000000002 142.3152 115.3983 40.3106 132.5118 140.7965 117.9887 117.1149 87.7558 161.39589999999998 139.0917 21.0603 175.33550000000002 103.0345 92.4048 144.83679999999998 193.7789 170.0266 94.3449 111.62780000000001 132.9342 129.1331 150.9138 0 134.6275 155.9077 91.0057 184.2822 158.0345 180.32659999999998 96.2038 86.0209 167.7371 92.9708 
185.2129 205.3077 135.6726 77.2571 137.8351 52.3719 117.40360000000001 165.56449999999998 155.4568 61.8953 149.3244 84.4862 164.8576 64.4078 138.8416 104.87299999999999 131.5446 119.3579 116.1494 94.3451 130.2866 152.7699 86.5936 150.5534 202.1679 135.4685 67.667 98.0202 155.6878 63.1149 145.581 151.0556 161.15550000000002 164.3643 146.3294 148.0236 105.8143 160.1495 96.27420000000001 174.6633 134.6275 0 122.6507 91.7786 120.8779 108.81389999999999 93.51389999999999 128.4314 114.28020000000001 146.0712 123.9982 
180.3133 165.7899 135.4509 188.53879999999998 136.37470000000002 114.2961 231.25410000000002 80.8491 184.99360000000001 161.89170000000001 177.4095 177.20999999999998 168.11270000000002 117.896 168.3784 134.40980000000002 155.13909999999998 126.35390000000001 133.818 112.3475 115.5971 187.05499999999998 80.66290000000001 173.8995 225.76239999999999 151.0752 101.6633 162.72899999999998 168.59629999999999 92.6517 131.0111 63.5029 185.4537 174.78629999999998 144.1081 131.05270000000002 135.14170000000001 152.12099999999998 52.4646 157.6924 155.9077 122.6507 0 74.8077 150.4147 149.1486 118.2195 126.21010000000001 147.2456 152.68869999999998 88.6269 
176.2335 180.16219999999998 142.8443 142.7517 105.5026 60.9375 182.8982 88.2425 161.93169999999998 131.01960000000003 146.5374 149.9808 143.86610000000002 80.151 147.51670000000001 150.7071 126.4137 138.3997 144.83620000000002 124.4966 128.523 169.3442 49.790800000000004 155.0823 181.1661 158.4686 150.32049999999998 166.5778 112.066 143.1483 100.139 76.4288 134.3779 144.18970000000002 157.76319999999998 67.6183 148.0676 77.3133 64.61370000000001 94.258 91.0057 91.7786 74.8077 0 161.8426 118.2765 105.35900000000001 138.4215 159.3947 121.8166 100.77600000000001 
114.7673 223.42449999999997 129.7132 182.71929999999998 132.4832 100.9051 161.1168 86.6617 150.1049 182.7732 218.6045 129.1888 191.0026 185.2857 133.4897 99.52109999999999 172.48340000000002 191.6455 147.764 103.5767 214.5386 209.3118 135.1268 173.9436 201.5224 96.5264 188.54489999999998 171.2272 163.2219 57.763 194.11419999999998 208.6932 195.9803 190.64339999999999 217.05610000000001 222.60999999999999 190.0663 172.9149 162.7366 240.5146 184.28220000000002 120.8779 150.4147 161.8426 0 192.1282 198.97609999999997 136.8407 163.0067 160.15300000000002 191.1836 
248.4343 274.8461 194.5753 153.892 179.8435 102.70739999999999 224.6681 148.9701 201.5265 112.6154 206.67000000000002 183.1747 161.0272 44.4061 210.0919 176.12330000000003 111.5429 163.1336 161.81279999999998 180.4496 171.2344 197.56310000000002 68.4857 195.3184 182.1662 205.7516 176.4809 130.8329 160.8873 134.36520000000002 174.4799 142.0521 212.4431 162.88459999999998 177.029 161.2398 99.9172 195.58979999999997 138.95459999999997 201.1612 158.0345 108.81389999999999 149.1486 118.27649999999998 192.12820000000002 0 179.69989999999999 157.853 151.0722 196.15749999999997 118.24690000000001 
214.08339999999998 209.2352 177.7185 122.9562 166.926 98.071 163.1027 146.9704 161.7027 150.80610000000001 154.019 130.18529999999998 212.6234 148.44729999999998 191.6967 111.1189 137.9505 161.08859999999999 161.8485 125.6378 167.8487 140.296 111.2142 166.7273 208.5738 177.51440000000002 161.1809 191.5341 187.2949 152.877 161.5624 119.4156 198.744 165.3689 114.6894 161.60399999999998 151.5134 152.71640000000002 65.7549 188.2437 180.32659999999998 93.51389999999999 118.21950000000001 105.359 198.9761 179.6999 0 96.79140000000001 98.4212 95.6811 101.91720000000001 
149.64319999999998 178.74239999999998 104.7808 157.87369999999999 150.5241 129.13330000000002 161.9428 50.179 132.8598 141.6264 144.8393 93.4907 176.1297 113.4469 174.3238 82.276 49.7122 127.746 111.2813 118.6189 136.5144 135.7324 163.35500000000002 151.38940000000002 120.3355 120.4051 91.8647 199.87369999999999 99.0566 124.0341 146.417 115.60040000000001 159.4976 185.829 110.8742 159.78199999999998 170.0769 155.6698 131.7038 188.6819 96.2038 128.4314 126.21010000000001 138.4215 136.8407 157.853 96.79140000000001 0 89.2415 181.5008 147.8602 
208.89749999999998 192.6533 138.21359999999999 148.37189999999998 69.8219 118.95039999999999 179.6132 139.4205 119.3337 52.3849 55.5978 111.1611 188.4281 106.6661 126.6103 145.5687 39.5293 111.2587 192.5232 108.436 126.3315 125.5495 133.6137 99.33840000000001 110.1526 136.98669999999998 137.2552 156.77429999999998 88.8737 105.24369999999999 118.7808 150.3496 152.76069999999999 169.4158 151.37630000000001 149.59910000000002 139.24009999999998 135.9898 94.781 166.5874 86.0209 114.28020000000001 147.2456 159.39470000000003 163.0067 151.0722 98.4212 89.2415 0 194.1023 58.6187 
224.41379999999998 255.0893 187.0362 218.63729999999998 183.3836 161.8935 242.9945 189.0984 233.5217 207.9665 173.58190000000002 174.5424 206.88049999999998 164.9049 214.1546 186.5261 155.793 162.4343 172.9273 109.6799 208.0477 210.4108 127.67179999999999 212.4753 172.31119999999999 137.5186 177.365 142.01600000000002 188.7974 192.78799999999998 178.01999999999998 192.7002 207.0028 196.7466 210.3705 140.2432 177.4802 148.9033 111.60900000000001 166.8829 167.7371 146.0712 152.68869999999998 121.8166 160.15300000000002 196.15749999999997 95.6811 181.5008 194.1023 0 139.333 
184.49079999999998 174.1939 79.5949 128.8606 128.4406 97.9938 199.8377 134.1967 162.85739999999998 111.0036 114.2165 131.3856 129.8094 73.8408 171.01979999999998 174.7271 98.148 156.50560000000002 140.648 87.6069 101.8282 170.7527 106.6312 157.5972 168.7713 129.1125 190.29020000000003 160.26760000000002 100.9241 159.9581 60.1621 91.7309 169.1514 174.6736 144.6766 157.02100000000002 155.4072 178.08929999999998 36.1623 183.66070000000002 92.9708 123.9982 88.6269 100.776 191.1836 118.24690000000001 101.91720000000001 147.8602 58.6187 139.333 0 
