51
MiPSEwVMn3bbGh4tbRTf RpMJGAvULIBCQ0RI369s JEGgKJfdY8owvwdYhKMk 8Le4AI986fwHZXPoOMK1 WwLzOfqcc3FIzub2jh8R R7crXexksQ4TN5zY2ck3 XYk0VV4ujV55qqS8YiHV NAqhSs9OpS9XtIaJtTCD R6ZzYYWqarkWldqbKDab WN0Nl06Zx9w6LYUHMZam zs7X4IJgeJEM8iqAbvF3 cs6LkMYfySGYUzb8VLcc vLwJebpyApE3MPksc9OW ohy3S5QXymEhh63dMBQE RRlYwTFLYqL48JIMSAmC 2LthmnS3Cdd5FBfY5GQ9 DybFcuyeWxt51LawzVvs rMd1TXBMCuFfO59jF1Tq 7PoxePhwnlLvMilKVpER J00g7hlLLSWTXvTYK9v2 jTdja1e2hUhydiExPlJM mv3tFPDoT2NlrLp24T9l tUVqKo1E6AibIE6zShkv rkMvLqMMN5Aq3onq5XeZ iki3BohF22ET0rMPxXQ5 6koX1rNvAwrB84m39eQv 17OoKHzumyPaqfjSSc7S XX8iZd9Mw56dkKCstFAC qkrT0EYt8AHuefFD25g1 XBxLd5K0m0Gtk5fTL45q EHYUZOt1fTtm7KJue8on 37APL8dpwT5Ds5AIG0t4 9B0w6Ahn3NsugfNn6veD uUumBfQJDh6S0d06Kb78 eKaPpzrMwOPxNzeoOSFH fp9JaV5iTp8QxXwwkR68 d6xeP6xeDJ3O2jY8D4pB 6PPTzNGrNxrgfdvm8cwZ wHEcyeduhdH7p3Lr1PtC W1jWYYdH0atiKtbaVDRT 535WuquKiicRqEyzCI3d 4ilNvg3IkxoJuvkwqYsS InZnvPu8h9zAoLCNj2in nB1RHSnvjX4nG0Tch5En XWHR07Y6kfSBbEuD62PN fHfopcx4v3MKBN0TMn7s oFNlFPub6zLirsQwo0fu qM7lEl3z2COceXw7x0EC 8mLI4Cl8exxeLw5eLCvi n2Cqtp5v2DuwGX7LhuzE vBhpoFdJZxyttIlfaf7D
0 1528322117.64076 1192462620.5717 1858065037.94162 1693485190.76176 1855340278.41765 1373951755.92256 1973328738.81371 1495634131.35558 1596324281.3058 1140600586.58743 1790446771.45778 1140534157.0394 2152915653.4421 1670571540.94966 2185421389.38943 1358021812.49013 1162743811.8586 1308444075.54502 1980426569.4054 1804137638.635 1296447611.06258 2098229936.77198 2114194986.4963799 1647955859.0752 1459130910.70194 1707106428.17933 1577986889.53985 1036757816.07105 1038447818.91286 1435787901.88901 1540360868.31118 1248675585.07508 2092436554.71366 1218804197.54955 1264258674.68913 1873357387.2124 1101446520.5551 1930329321.58755 1976192553.50203 1048299500.90114 1027056921.87278 1990387455.0784 1050458441.60657 1541903591.74478 1118794947.35087 1143360795.30254 1474670112.18108 1951305318.74193 1976300785.73641 1664474201.24471 
1528322117.64076 0 1067731086.72248 1059381276.73701 1394306162.46774 1535797435.33982 1358451462.60629 1718332044.69726 1984968369.65347 1416050353.4855 1010128910.37159 1235002252.42799 1042998506.86887 1757897606.41145 1869177432.09635 1931546665.65792 1222618752.56487 1369403038.52236 1999738177.89014 1249075244.1983 1987014195.4769 1059063347.21971 1642740845.77515 1823794807.53396 1686885434.16115 1830346027.36824 1364299074.418 1568144201.51016 1998028936.60434 2048183857.8884602 1939405496.64795 2097813449.4225903 1893368120.66038 2077680158.67702 1436171012.02586 2116413030.61202 1094566942.97627 1235019319.98609 1432651194.88273 2127033476.58881 2231717965.04557 1128861041.88018 1251837214.59615 1317042183.44376 1535970627.30021 1232173001.40982 1148902811.04393 1401569231.01719 1182438643.55198 1614166685.01478 1091275394.26429 
1192462620.5717 1067731086.72248 0 1141341582.25191 1191212787.34833 1813391882.7815 1703709505.82875 1879006496.16135 1524610275.53033 1420143832.822 1292862340.99177 1961591206.13481 1368856753.67978 1572571642.05176 1548981309.79028 1198135323.65059 1953734185.08838 1204083499.08496 1394981773.74143 1460642785.3433 1351436747.66941 1241457209.86904 1247488326.89917 1162410835.44784 1336127273.02011 1675475631.40567 1450942325.59761 2132600113.4819598 1246428607.34 1273147900.26859 1985085797.66189 1329379420.02396 1357789693.28958 1125032993.59588 1134650234.45524 1845166690.62157 1555254726.92445 1975606341.55989 1997745510.90329 1781853961.60223 1937004137.46202 1862787493.82664 1907456228.50666 1574835937.02066 1075456927.32497 1969579208.77554 1862891369.76359 2203517242.70515 1225862429.61444 1048566902.97893 1062977226.86243 
1858065037.94162 1059381276.73701 1141341582.25191 0 1611548792.47291 1455770087.65143 1453390697.14432 1622537602.32401 1564944150.15132 1022176636.15405 1668894773.75383 2060449513.46053 1996220407.72363 2275922372.58325 1404916946.95211 1085444583.78727 1580668413.78528 1911400490.74201 1568383969.00879 1804616176.59746 1444895838.4605 1866319769.21593 1643153492.04734 1836621239.52821 1388680470.69757 1778646891.47515 1182073083.14306 1112419898.7221 2235482206.523 1794054200.66442 1336293835.26187 1688200870.73476 1572289365.72621 1519934424.43394 1520984548.78353 1761264639.10648 1973568199.75235 1317276990.47342 1261975246.12607 1254306762.08188 1954993999.86561 1437269837.55214 1796782544.06141 1028275039.81214 1760911080.354 1951762019.81276 1165868603.43501 1128692608.00804 2241819920.28899 2103483320.7637699 1374769769.1028 
1693485190.76176 1394306162.46774 1191212787.34833 1611548792.47291 0 1023084908.5371 1308393578.34698 1627054248.22076 1899040520.00625 1268227248.99051 1651526252.07492 1064612967.66468 1665069210.85385 1429692705.17288 2196409705.27338 1148947964.87443 2232591019.61322 1675919712.71089 1180952644.3639 1854039443.8856 1794239738.9072 1818367373.78325 1499870730.74952 1552831275.08165 1446291664.96381 1994728155.09466 1800699612.8439 1887229517.79114 1298100470.20433 1158585123.23592 2084394078.67167 1235656825.16218 1119709578.36148 1123506709.93285 2154919890.09026 1230454555.35824 1054109785.42957 1108203967.34683 1976857192.03077 1647657844.25481 1809546055.44298 1401759998.04639 1752940213.66251 1557678576.75438 1966891723.63434 2296982069.08954 1429535557.36332 2244044650.44859 1504397665.23824 1386700175.4932 1278770250.29701 
1855340278.41765 1535797435.33982 1813391882.7815 1455770087.65143 1023084908.5371 0 1501465872.38329 2019947279.15679 1258316995.73339 1825084844.81836 2256535713.89102 2033965268.24367 2111342954.19257 1039492302.04686 1388725030.77804 1018003805.55419 1696144866.34088 1991762960.79321 1477580456.03118 2123482446.2880402 1689104532.08666 2101726091.4960098 1667364301.46564 1343208669.83576 1832553068.9511 1834797743.77658 1942434399.13184 1279164930.96352 1884591464.0315 1574126975.30265 1977649032.97173 1984925650.55289 1289880692.81122 1613714123.77279 1742001186.23596 1855809105.57226 1484612069.11746 1069122719.96629 1542440336.29069 1180833209.80596 1983641312.64447 1801564439.62774 1091491982.16544 2312314743.1978 1224702086.17629 1356127898.2135 1822497104.82239 1931028712.36631 1320281817.90747 2068979371.28855 1869795931.83851 
1373951755.92256 1358451462.60629 1703709505.82875 1453390697.14432 1308393578.34698 1501465872.38329 0 1022400549.32212 1601988204.91394 1286086614.24825 1697521727.02527 1465500420.87331 1247442556.44653 1624130881.51572 1190158952.33167 1672050789.48282 2141732969.68653 1622694183.39852 1947118335.56884 2040507721.45147 1714300533.28817 1593569142.88917 1878435172.83762 1055984623.50895 1966704645.29388 1021811591.60768 1495664706.62009 2187227321.3724 1970176646.68032 1975878036.05959 1074556647.69799 2212149410.4841204 1120310142.86525 1899168334.85734 1779308224.25713 1145495903.70267 1470187181.88277 2045567029.45596 1802386043.61436 1081311658.02774 1302140940.20268 1830819337.93971 1732660837.93438 1371054636.00849 2073482892.2537599 1575053000.77259 1869257307.95399 1154579332.03727 2295454275.2066603 1127513854.93169 1214055246.58996 
1973328738.81371 1718332044.69726 1879006496.16135 1622537602.32401 1627054248.22076 2019947279.15679 1022400549.32212 0 1584998648.41106 1967957969.77253 1258053358.57823 1128717593.80919 1054979879.43865 1635720169.80901 1388801917.81793 1001943473.6026 1569930089.94522 1462997101.94141 1570450507.25637 1018107172.12935 1462351201.86958 2085665759.5444198 1561711290.57278 1351485201.00907 1739087445.5268 1101223683.48596 1738388334.77237 1896377399.17367 1569807378.74533 2107182424.30835 1098372174.63317 1287506524.92941 1429833051.98402 1369649825.51574 1622224696.67517 1962873631.61706 1294390904.69381 1410667140.26211 1983724047.37494 2103712207.34986 1507779303.94432 1110991050.39608 1003116249.09048 1709496375.89568 2138118107.7891502 1434756889.95196 1844478976.56324 1538529396.50526 2197618292.67765 1026175194.27719 1374327322.64002 
1495634131.35558 1984968369.65347 1524610275.53033 1564944150.15132 1899040520.00625 1258316995.73339 1601988204.91394 1584998648.41106 0 1010665661.06872 2197868414.22776 1737892745.96934 1305087874.01312 1758174869.65993 1377329080.17978 1239557191.59707 1819170295.64037 2152397982.53062 1071318263.21385 1911773253.34135 1624535947.39492 1692795238.37314 1196909915.25719 1108220657.01056 1382869059.60487 1965937874.20683 1503086723.66727 1948897974.38279 1572549569.10563 1729432571.92968 1133344999.74826 1162413564.22711 1256175952.84695 1251636751.70746 1099978615.10634 1942054497.97877 1464370729.89162 1862872803.91986 1506849637.7119 1291285983.64202 1256312153.79428 2081526996.6767402 1142984442.02706 2167795244.8009 1972279846.83814 2143422357.17207 1751809303.47899 1426807268.79428 1442865049.30553 1427535472.93421 1032853116.64785 
1596324281.3058 1416050353.4855 1420143832.822 1022176636.15405 1268227248.99051 1825084844.81836 1286086614.24825 1967957969.77253 1010665661.06872 0 1656474811.7204 1038272877.30648 1784827495.48893 1765830959.22691 1336366652.79697 1517720523.85041 1373800552.43938 1161305078.5314 2081983924.28257 1075773866.46807 1026200054.26811 1550511213.33604 1701043937.89737 1139846779.90252 1168597023.76381 1281445760.22034 1093685489.98687 1225613683.0233 1213305570.36895 1001076774.67215 1088874031.66653 1761993747.80115 1677004020.45311 1412114076.7159 1629658939.49097 1553287738.8054 1593288534.79595 1945230902.70117 2146424922.97088 1389236877.00346 1389002250.65114 1364409233.63039 1837117679.06141 1929320490.57158 2187075405.87825 1263310298.72204 1875152624.80346 1925532934.64221 1825957275.90824 1398512949.78819 1198856924.65945 
1140600586.58743 1010128910.37159 1292862340.99177 1668894773.75383 1651526252.07492 2256535713.89102 1697521727.02527 1258053358.57823 2197868414.22776 1656474811.7204 0 1111453874.00439 1849196647.88329 1830167107.05781 1459548508.70483 1894076339.92651 1908911668.9437 1051204654.55598 1313009144.81719 1552971304.00355 1835348126.00068 2069192257.5913 1385724810.79339 1331378770.94297 1288328865.18677 1594406892.97832 1114653102.36271 1382865900.48082 1563674980.73667 1038054947.51687 1348103287.31909 1137659831.07456 1560562083.87605 1638985019.04803 1097889799.12142 1509561595.41394 1762561929.07863 1642566460.81351 1710987043.94443 1293868819.4618 2105039935.39503 1983262833.90273 1214120179.32395 1716536785.73637 1492217209.43491 2166807478.99759 1196773044.63124 1195636495.03694 1897708859.70003 1839131244.38698 1709246940.90619 
1790446771.45778 1235002252.42799 1961591206.13481 2060449513.46053 1064612967.66468 2033965268.24367 1465500420.87331 1128717593.80919 1737892745.96934 1038272877.30648 1111453874.00439 0 1935105464.71524 1821952977.15925 1612218420.35449 1166230161.78613 1474484043.04082 1174540106.82654 1779712329.5191 1976646228.75596 1506767486.42284 1627210777.46048 1310630443.56896 1458055096.92279 1256285134.61539 1260161343.67 1313583793.20724 1257831044.18115 1719811592.53872 1386754250.48332 1800522395.60921 1962517259.95825 1976463101.35281 1934478396.43958 1708821440.67226 1728134307.58871 1794785073.01736 1897768841.53601 1240030519.78836 1962398780.39384 1614164548.2713 1206119762.04974 2087012360.96657 1508314610.99768 1658853360.8549 1832412289.23622 2078089178.76121 1880250718.61283 1932522764.23375 1022443633.10724 1350302950.21351 
1140534157.0394 1042998506.86887 1368856753.67978 1996220407.72363 1665069210.85385 2111342954.19257 1247442556.44653 1054979879.43865 1305087874.01312 1784827495.48893 1849196647.88329 1935105464.71524 0 1906981774.88864 1163496599.06364 1909572656.34959 1868780088.7036 1919666492.98177 1271307288.34554 1304074134.29284 1494842959.31107 1082874901.05567 1312470813.5038 1438241449.21058 2090468698.22936 1599820367.04787 1315732083.97931 1295191929.18961 1459695484.81595 1052202544.8697 1239152541.36402 1767429448.44825 1389994916.0172 1312666522.09645 1694507255.12204 1073414523.74315 1009454796.73953 1648274546.99557 1650010221.56089 1481676587.06848 1934308554.69845 1214041122.14866 1961775984.02423 1301235938.83473 1479592424.35823 1780864751.11168 1716219553.05921 2117270915.86307 2114604360.68769 1190360974.02824 1979086959.01526 
2152915653.4421 1757897606.41145 1572571642.05176 2275922372.58325 1429692705.17288 1039492302.04686 1624130881.51572 1635720169.80901 1758174869.65993 1765830959.22691 1830167107.05781 1821952977.15925 1906981774.88864 0 1805895369.72111 1932515747.77002 1338810893.31137 1876073086.57274 1947172869.52348 1702781550.42239 1566422293.96087 2077589805.8049002 2250687009.25318 1067178175.77896 1510492787.0727 1354700880.91849 1262663515.06756 1973589244.88569 1151313187.0104 1345181120.99587 1259653178.86909 1361687074.72434 1974794633.99666 1339122260.18226 1073280079.05456 1216096700.55758 1141160951.88029 1851418139.68877 1013947126.45718 2062004325.33889 1986911960.64021 1828351277.84118 1839921218.66609 1448670271.23664 1991493736.35638 1034120706.09123 1146303126.39307 1278967246.58473 1061205124.66981 1159856764.38101 1991460137.01545 
1670571540.94966 1869177432.09635 1548981309.79028 1404916946.95211 2196409705.27338 1388725030.77804 1190158952.33167 1388801917.81793 1377329080.17978 1336366652.79697 1459548508.70483 1612218420.35449 1163496599.06364 1805895369.72111 0 2234664691.03687 1095240137.51392 1512565284.07984 1015457060.90948 1820696081.60241 1085094409.62346 1320608264.65822 1567447225.49934 1109563387.13668 1481558480.99472 1847490746.15573 1439463316.55232 1831084619.98977 1652581772.17417 1148981815.9561 1062553726.98773 1079964727.22346 1204727364.27356 1941804197.91271 1253066553.32752 1672259295.93158 1445706376.61072 2105496060.62192 1157144581.34539 1090013345.72066 1694798193.60677 1557895697.35661 2377884990.82859 1711614779.22058 1211256915.13224 1644744647.89354 1589903916.98441 1144279127.7615 1340829241.21493 1999674815.22475 1246924888.61922 
2185421389.38943 1931546665.65792 1198135323.65059 1085444583.78727 1148947964.87443 1018003805.55419 1672050789.48282 1001943473.6026 1239557191.59707 1517720523.85041 1894076339.92651 1166230161.78613 1909572656.34959 1932515747.77002 2234664691.03687 0 1832123275.03777 1318509322.75229 2145569393.5794802 1500810033.88588 1238159975.02436 1083722285.94182 1179621872.93543 1858279331.95831 1547226473.68432 1815029854.88705 1063277738.25609 1375332806.84957 1533500385.81863 2230066352.62293 1715769445.27038 1711222893.15947 1119232911.98031 1359074453.41114 1574705699.14842 1533310805.33531 1383781964.57689 1425983376.5917 1671139262.98172 1405952695.48136 1207643282.5962 1510373163.24459 1049838445.0762 1669300730.58536 1264331095.41435 1275632783.1359 1042060594.08689 1843195888.06957 2115451745.57384 1688860505.44721 1056514198.47718 
1358021812.49013 1222618752.56487 1953734185.08838 1580668413.78528 2232591019.61322 1696144866.34088 2141732969.68653 1569930089.94522 1819170295.64037 1373800552.43938 1908911668.9437 1474484043.04082 1868780088.7036 1338810893.31137 1095240137.51392 1832123275.03777 0 1203852790.82282 1566332074.16108 1283540002.89142 1198766155.85977 1052572705.58591 1148569743.60433 1238613725.15251 1894779815.51102 1597878462.01647 1605764933.55272 1292998074.97627 1933058311.15924 1985048095.14538 1739526470.99361 1188616169.25474 1112881441.25174 1916710367.19398 1046114243.19046 1569985295.12685 1897415386.43193 1140825985.89311 1209148910.76242 1462739130.54128 1796376388.09779 1816627657.46718 2197739905.78505 2256368343.98321 1961832560.1331 1314411285.74442 1644581981.19886 1193981724.72502 1973244787.45265 1242712177.53183 1996261468.60007 
1162743811.8586 1369403038.52236 1204083499.08496 1911400490.74201 1675919712.71089 1991762960.79321 1622694183.39852 1462997101.94141 2152397982.53062 1161305078.5314 1051204654.55598 1174540106.82654 1919666492.98177 1876073086.57274 1512565284.07984 1318509322.75229 1203852790.82282 0 1761321649.26317 1607812144.01094 1464924781.53775 1591648796.92648 1348217314.57811 1545235531.99865 1289340659.61437 2172546221.16819 1738042572.66293 1696605346.22551 1951925771.00853 1092823474.31711 1626058367.07503 1128839022.38932 1354787045.99333 1352077380.9265 1804010487.3566 2054108000.23188 1006280935.4185 1634735063.50237 1142358017.29889 1299752094.24278 2060886860.72189 1751975300.79551 1758114003.79392 1835118158.0062 1109549544.97948 1115602824.44161 1307410766.27394 2167831832.25109 1203094926.72095 1474244198.08365 2135377077.5476198 
1308444075.54502 1999738177.89014 1394981773.74143 1568383969.00879 1180952644.3639 1477580456.03118 1947118335.56884 1570450507.25637 1071318263.21385 2081983924.28257 1313009144.81719 1779712329.5191 1271307288.34554 1947172869.52348 1015457060.90948 2145569393.5794802 1566332074.16108 1761321649.26317 0 1831356520.68223 1874216253.47902 1845484283.16364 1803194161.61886 1199370649.8356 1910843627.39586 1668419016.84693 1560897470.3054 1127249207.77253 1857915349.72601 1101461838.13712 1973739701.83667 1572734439.91748 1965260712.32229 2088953869.4117699 1960369390.09104 1310768042.632 1828426400.80237 1824664358.28233 1177870149.44233 1079107041.51351 1298412298.24308 1010208733.46289 2147408666.1384199 1988098561.38975 1907994611.61446 1427504960.26665 1737442602.76479 1083570030.0103 1510926713.18336 2045940429.8050299 1166341283.56921 
1980426569.4054 1249075244.1983 1460642785.3433 1804616176.59746 1854039443.8856 2123482446.2880402 2040507721.45147 1018107172.12935 1911773253.34135 1075773866.46807 1552971304.00355 1976646228.75596 1304074134.29284 1702781550.42239 1820696081.60241 1500810033.88588 1283540002.89142 1607812144.01094 1831356520.68223 0 2101973920.73618 1142790764.67155 1214512548.44806 2215620646.37059 2208068570.01723 1744416168.94466 1629789609.8123 1487681442.48208 1340731252.54842 1095912082.81205 1710892864.0029 1207896403.02198 1110598384.15413 2218183320.47174 1958817575.32917 1465953090.60599 1722782362.13525 1462712417.35404 1239354088.17992 1222281782.94965 1227866028.39029 1610960878.49112 1461470895.44014 1234911404.39753 2153843247.97086 1255700138.21743 1636752137.53454 1662873461.78731 1203601922.28629 1417484735.95359 1737650690.69834 
1804137638.635 1987014195.4769 1351436747.66941 1444895838.4605 1794239738.9072 1689104532.08666 1714300533.28817 1462351201.86958 1624535947.39492 1026200054.26811 1835348126.00068 1506767486.42284 1494842959.31107 1566422293.96087 1085094409.62346 1238159975.02436 1198766155.85977 1464924781.53775 1874216253.47902 2101973920.73618 0 1533044943.67524 1735170852.80884 1852273666.82158 1664353416.61692 1451999701.09954 2040312124.57543 1920947264.05286 1152917280.93142 1869182976.92873 1486276535.3568 2165059136.84692 1263468611.71111 1435168080.36672 1531090561.89378 1006930760.55662 1646922267.03478 1020401650.99846 2082325329.4067101 1675932597.81191 1718787859.05021 1742804103.54982 1666565236.17592 1057602188.12344 1560112847.94831 1460628824.74816 1395356757.52776 1357321370.63732 1001338034.32888 2140306779.49414 1707609066.24699 
1296447611.06258 1059063347.21971 1241457209.86904 1866319769.21593 1818367373.78325 2101726091.4960098 1593569142.88917 2085665759.5444198 1692795238.37314 1550511213.33604 2069192257.5913 1627210777.46048 1082874901.05567 2077589805.8049002 1320608264.65822 1083722285.94182 1052572705.58591 1591648796.92648 1845484283.16364 1142790764.67155 1533044943.67524 0 1083115950.25473 1552499312.73231 1497921006.18062 1427672227.51025 1445764644.86475 1915263639.09809 1384126513.26224 1883579694.26437 1744205510.37542 1526918383.37612 1427379272.18063 1457591460.54598 1082533022.69543 1614982730.06404 1022560402.15929 2193398691.47902 2112716754.70985 1108302124.07377 1649139105.45512 1094926229.89723 1791544210.21568 1954223981.83769 1823415164.68461 1043469099.71367 1071727189.43994 1363440674.30803 1031729459.63202 1689014877.20491 1746170270.6887 
2098229936.77198 1642740845.77515 1247488326.89917 1643153492.04734 1499870730.74952 1667364301.46564 1878435172.83762 1561711290.57278 1196909915.25719 1701043937.89737 1385724810.79339 1310630443.56896 1312470813.5038 2250687009.25318 1567447225.49934 1179621872.93543 1148569743.60433 1348217314.57811 1803194161.61886 1214512548.44806 1735170852.80884 1083115950.25473 0 1452232821.44896 1743414479.3119 1003956480.1041 2196643449.76411 1719667350.97616 1947016925.22835 1059782117.85912 1784024723.25745 1197383086.37528 1319617585.74047 1200694549.73458 1177406930.19862 1110667177.0343 1824582497.49612 1824444767.92886 1317241269.45384 1198394287.29272 1417947924.90349 1080628576.89008 1125330783.86767 1905619833.14083 1101226471.27574 1417964498.69229 1634390312.41223 1473466719.81683 1718068930.89012 1418852819.11744 1978570042.51486 
2114194986.4963799 1823794807.53396 1162410835.44784 1836621239.52821 1552831275.08165 1343208669.83576 1055984623.50895 1351485201.00907 1108220657.01056 1139846779.90252 1331378770.94297 1458055096.92279 1438241449.21058 1067178175.77896 1109563387.13668 1858279331.95831 1238613725.15251 1545235531.99865 1199370649.8356 2215620646.37059 1852273666.82158 1552499312.73231 1452232821.44896 0 2125430989.1294901 1743353563.24436 1336056606.09008 2186438710.21218 1225692929.97394 1136337601.9088 1312083502.48676 1903652332.32588 1866206601.13013 1798082154.49489 2140458254.83352 1230199383.00505 1032061590.79322 1223608460.65275 1971181442.29791 1474097181.03003 1065895485.59524 1801434138.28104 1689371340.51354 1694740652.06501 1055157994.81893 1949775157.25474 1137031352.37242 1574624341.79982 1654721952.37433 1853885370.4424 1646309145.82505 
1647955859.0752 1686885434.16115 1336127273.02011 1388680470.69757 1446291664.96381 1832553068.9511 1966704645.29388 1739087445.5268 1382869059.60487 1168597023.76381 1288328865.18677 1256285134.61539 2090468698.22936 1510492787.0727 1481558480.99472 1547226473.68432 1894779815.51102 1289340659.61437 1910843627.39586 2208068570.01723 1664353416.61692 1497921006.18062 1743414479.3119 2125430989.1294901 0 1591597129.7866 1603628364.00231 1739989991.88126 1428480257.97496 1332949851.69853 1349271492.83306 1323944875.01646 1699583787.95094 1752922875.95539 1146733799.14249 1271004075.37332 1093369398.33627 1741147108.84199 1805533625.22085 1787895306.16841 1876539761.3758 1181776876.63364 1722831897.9214 2333455082.79927 1551693029.92186 1138505039.50412 1443846682.03496 1007308395.74635 1992261717.31202 1613021925.81345 1332627488.33906 
1459130910.70194 1830346027.36824 1675475631.40567 1778646891.47515 1994728155.09466 1834797743.77658 1021811591.60768 1101223683.48596 1965937874.20683 1281445760.22034 1594406892.97832 1260161343.67 1599820367.04787 1354700880.91849 1847490746.15573 1815029854.88705 1597878462.01647 2172546221.16819 1668419016.84693 1744416168.94466 1451999701.09954 1427672227.51025 1003956480.1041 1743353563.24436 1591597129.7866 0 1824337061.02504 1288921539.11872 1802353310.6651 1276173788.94024 1070110126.19937 2103414166.8759599 1042973697.34173 1200143879.98276 1758664437.61139 1145117446.32495 2050939163.7877998 1067601648.4552 1164045334.36766 2078440176.37067 1695431753.75915 1666423080.39196 1614282821.07498 1107627562.23429 1821428596.67126 1099355370.95801 1755614418.6722 1882978943.56326 1954978998.37479 1849905770.24486 1913432084.36967 
1707106428.17933 1364299074.418 1450942325.59761 1182073083.14306 1800699612.8439 1942434399.13184 1495664706.62009 1738388334.77237 1503086723.66727 1093685489.98687 1114653102.36271 1313583793.20724 1315732083.97931 1262663515.06756 1439463316.55232 1063277738.25609 1605764933.55272 1738042572.66293 1560897470.3054 1629789609.8123 2040312124.57543 1445764644.86475 2196643449.76411 1336056606.09008 1603628364.00231 1824337061.02504 0 1180498470.64913 1977689143.13704 2066502174.38041 1185280483.39707 1377657796.15419 1805066516.41574 1272939017.87739 2112023600.62556 1860920827.81761 1982975460.12125 1019910473.57697 1475487872.28688 1788100998.72714 1135124114.64784 1186672965.71431 1871747819.99112 1492692163.92826 1490121637.81493 1886338913.62733 1250467924.15134 2310289597.39965 2191448994.78109 1794702207.15426 1992836586.1677 
1577986889.53985 1568144201.51016 2132600113.4819598 1112419898.7221 1887229517.79114 1279164930.96352 2187227321.3724 1896377399.17367 1948897974.38279 1225613683.0233 1382865900.48082 1257831044.18115 1295191929.18961 1973589244.88569 1831084619.98977 1375332806.84957 1292998074.97627 1696605346.22551 1127249207.77253 1487681442.48208 1920947264.05286 1915263639.09809 1719667350.97616 2186438710.21218 1739989991.88126 1288921539.11872 1180498470.64913 0 1231741205.43479 1170705581.87615 1334852209.81814 1322680557.76763 1910034445.30848 1099445254.23888 1363436949.99307 1502511348.90067 1703576980.52513 1857461547.0149 1849461214.38523 2206356249.2860403 1336311021.02462 1489672052.66699 1600308568.29987 1605397349.27472 1131280715.39325 1386120165.14346 1829922082.65436 1495232252.32904 1755555839.27293 1665915980.83695 1069622886.61953 
1036757816.07105 1998028936.60434 1246428607.34 2235482206.523 1298100470.20433 1884591464.0315 1970176646.68032 1569807378.74533 1572549569.10563 1213305570.36895 1563674980.73667 1719811592.53872 1459695484.81595 1151313187.0104 1652581772.17417 1533500385.81863 1933058311.15924 1951925771.00853 1857915349.72601 1340731252.54842 1152917280.93142 1384126513.26224 1947016925.22835 1225692929.97394 1428480257.97496 1802353310.6651 1977689143.13704 1231741205.43479 0 1734682220.79531 1892765348.51649 1489638035.00971 1408044078.25101 1055678738.64261 1641821050.97874 1145735149.99546 1093103861.44239 1571813813.81205 1249879955.31854 1989532999.84365 1467012572.72789 1223888686.14573 1083981999.22484 1214617333.90722 1008276576.14502 1467444569.29207 1522112614.97789 1466653453.81084 1653373588.80868 2076042416.25753 1015340146.82861 
1038447818.91286 2048183857.8884602 1273147900.26859 1794054200.66442 1158585123.23592 1574126975.30265 1975878036.05959 2107182424.30835 1729432571.92968 1001076774.67215 1038054947.51687 1386754250.48332 1052202544.8697 1345181120.99587 1148981815.9561 2230066352.62293 1985048095.14538 1092823474.31711 1101461838.13712 1095912082.81205 1869182976.92873 1883579694.26437 1059782117.85912 1136337601.9088 1332949851.69853 1276173788.94024 2066502174.38041 1170705581.87615 1734682220.79531 0 1154004380.1623 1246010442.1614 1717351531.84461 1369436863.69424 1116053072.0315 1663085269.61994 1840562711.87388 1297566535.79861 1757698236.82249 1415575775.73812 1189466848.16177 1170900554.33685 1643914788.0958 1197262539.79865 2161008589.13486 1564416145.07693 1684797082.85945 2058333188.33762 1563848708.91128 1107169927.41257 1996533830.36772 
1435787901.88901 1939405496.64795 1985085797.66189 1336293835.26187 2084394078.67167 1977649032.97173 1074556647.69799 1098372174.63317 1133344999.74826 1088874031.66653 1348103287.31909 1800522395.60921 1239152541.36402 1259653178.86909 1062553726.98773 1715769445.27038 1739526470.99361 1626058367.07503 1973739701.83667 1710892864.0029 1486276535.3568 1744205510.37542 1784024723.25745 1312083502.48676 1349271492.83306 1070110126.19937 1185280483.39707 1334852209.81814 1892765348.51649 1154004380.1623 0 1732004499.87111 1768256235.45831 1822909983.0109 1187043846.09502 1479724041.18156 1030284293.2421 1254435657.94607 1234713477.30846 1471968086.79449 1681341453.71284 1156128895.64138 1498635515.66788 1519692025.88826 1691638615.82412 1060143050.19213 1549660879.16546 1858769993.91487 1897100830.75285 1235283438.28362 1141372331.09945 
1540360868.31118 2097813449.4225903 1329379420.02396 1688200870.73476 1235656825.16218 1984925650.55289 2212149410.4841204 1287506524.92941 1162413564.22711 1761993747.80115 1137659831.07456 1962517259.95825 1767429448.44825 1361687074.72434 1079964727.22346 1711222893.15947 1188616169.25474 1128839022.38932 1572734439.91748 1207896403.02198 2165059136.84692 1526918383.37612 1197383086.37528 1903652332.32588 1323944875.01646 2103414166.8759599 1377657796.15419 1322680557.76763 1489638035.00971 1246010442.1614 1732004499.87111 0 1708812124.28771 1709271058.88479 2093934703.80969 1695550294.27638 1017309695.20594 2055839385.82547 1396532452.82049 1874487607.66147 1936470448.21941 1500279054.19349 1900084421.85454 1498377832.40685 1714247687.45072 1755848693.88382 1165637516.03474 1190173128.22574 1433778847.6918 1236999827.22275 1006538055.1583 
1248675585.07508 1893368120.66038 1357789693.28958 1572289365.72621 1119709578.36148 1289880692.81122 1120310142.86525 1429833051.98402 1256175952.84695 1677004020.45311 1560562083.87605 1976463101.35281 1389994916.0172 1974794633.99666 1204727364.27356 1119232911.98031 1112881441.25174 1354787045.99333 1965260712.32229 1110598384.15413 1263468611.71111 1427379272.18063 1319617585.74047 1866206601.13013 1699583787.95094 1042973697.34173 1805066516.41574 1910034445.30848 1408044078.25101 1717351531.84461 1768256235.45831 1708812124.28771 0 1620600591.70125 1649407066.70743 1282829171.27025 1007965466.44607 1627745919.54452 1725654997.34497 1376898890.07185 1600505936.25725 1805259912.90263 1605381795.66694 2150601259.57602 1894774364.1933 1756304640.97687 1111769392.84096 2240158923.70924 2264806646.03999 1171566456.09671 1961510472.11003 
2092436554.71366 2077680158.67702 1125032993.59588 1519934424.43394 1123506709.93285 1613714123.77279 1899168334.85734 1369649825.51574 1251636751.70746 1412114076.7159 1638985019.04803 1934478396.43958 1312666522.09645 1339122260.18226 1941804197.91271 1359074453.41114 1916710367.19398 1352077380.9265 2088953869.4117699 2218183320.47174 1435168080.36672 1457591460.54598 1200694549.73458 1798082154.49489 1752922875.95539 1200143879.98276 1272939017.87739 1099445254.23888 1055678738.64261 1369436863.69424 1822909983.0109 1709271058.88479 1620600591.70125 0 1380049797.02336 1057788474.79417 1530885370.64052 1099466691.5115 1797555487.24565 1254358366.00498 1938922710.24478 1170627562.80655 1553854353.75642 1133112669.44383 1643965852.86881 1196231949.34564 1635471982.55485 1668355337.63025 1531550125.64094 1437383297.93512 1167597432.43732 
1218804197.54955 1436171012.02586 1134650234.45524 1520984548.78353 2154919890.09026 1742001186.23596 1779308224.25713 1622224696.67517 1099978615.10634 1629658939.49097 1097889799.12142 1708821440.67226 1694507255.12204 1073280079.05456 1253066553.32752 1574705699.14842 1046114243.19046 1804010487.3566 1960369390.09104 1958817575.32917 1531090561.89378 1082533022.69543 1177406930.19862 2140458254.83352 1146733799.14249 1758664437.61139 2112023600.62556 1363436949.99307 1641821050.97874 1116053072.0315 1187043846.09502 2093934703.80969 1649407066.70743 1380049797.02336 0 1321623219.17424 1629757886.32279 1411154985.84613 1414847944.30188 1271885162.75983 1127230334.95525 1555829593.19723 1834832611.10197 1607151353.33588 1574901949.1098 1745527599.13713 1782349556.50069 1722657565.40528 1287851859.83768 1608242317.48351 1087396648.65139 
1264258674.68913 2116413030.61202 1845166690.62157 1761264639.10648 1230454555.35824 1855809105.57226 1145495903.70267 1962873631.61706 1942054497.97877 1553287738.8054 1509561595.41394 1728134307.58871 1073414523.74315 1216096700.55758 1672259295.93158 1533310805.33531 1569985295.12685 2054108000.23188 1310768042.632 1465953090.60599 1006930760.55662 1614982730.06404 1110667177.0343 1230199383.00505 1271004075.37332 1145117446.32495 1860920827.81761 1502511348.90067 1145735149.99546 1663085269.61994 1479724041.18156 1695550294.27638 1282829171.27025 1057788474.79417 1321623219.17424 0 1954234699.03389 1120947958.79251 1833389039.32124 1415614703.97038 1755838363.59935 1232010640.44264 1375522160.84318 1683344038.56892 1758589208.79218 2217651579.64415 1037402780.4815 1043856392.11992 1388298573.79882 1152678700.00595 1135146891.41506 
1873357387.2124 1094566942.97627 1555254726.92445 1973568199.75235 1054109785.42957 1484612069.11746 1470187181.88277 1294390904.69381 1464370729.89162 1593288534.79595 1762561929.07863 1794785073.01736 1009454796.73953 1141160951.88029 1445706376.61072 1383781964.57689 1897415386.43193 1006280935.4185 1828426400.80237 1722782362.13525 1646922267.03478 1022560402.15929 1824582497.49612 1032061590.79322 1093369398.33627 2050939163.7877998 1982975460.12125 1703576980.52513 1093103861.44239 1840562711.87388 1030284293.2421 1017309695.20594 1007965466.44607 1530885370.64052 1629757886.32279 1954234699.03389 0 2162313752.7763996 1992204063.98714 1360153587.94237 1215303879.30844 1212131183.27038 1718692117.71306 1240085684.463 1745292445.1596 2044958325.65167 1914487916.17368 2082903599.10627 1330323999.23439 1348780218.35107 1839436407.57413 
1101446520.5551 1235019319.98609 1975606341.55989 1317276990.47342 1108203967.34683 1069122719.96629 2045567029.45596 1410667140.26211 1862872803.91986 1945230902.70117 1642566460.81351 1897768841.53601 1648274546.99557 1851418139.68877 2105496060.62192 1425983376.5917 1140825985.89311 1634735063.50237 1824664358.28233 1462712417.35404 1020401650.99846 2193398691.47902 1824444767.92886 1223608460.65275 1741147108.84199 1067601648.4552 1019910473.57697 1857461547.0149 1571813813.81205 1297566535.79861 1254435657.94607 2055839385.82547 1627745919.54452 1099466691.5115 1411154985.84613 1120947958.79251 2162313752.7763996 0 2180138671.48133 1487265204.78457 1639773394.39912 1669020353.38797 1056913919.89194 1359474789.52449 1584531682.94589 1188778101.74271 2061732141.71275 1590783075.50228 1823539855.39635 1290441083.9395 1049301330.66717 
1930329321.58755 1432651194.88273 1997745510.90329 1261975246.12607 1976857192.03077 1542440336.29069 1802386043.61436 1983724047.37494 1506849637.7119 2146424922.97088 1710987043.94443 1240030519.78836 1650010221.56089 1013947126.45718 1157144581.34539 1671139262.98172 1209148910.76242 1142358017.29889 1177870149.44233 1239354088.17992 2082325329.4067101 2112716754.70985 1317241269.45384 1971181442.29791 1805533625.22085 1164045334.36766 1475487872.28688 1849461214.38523 1249879955.31854 1757698236.82249 1234713477.30846 1396532452.82049 1725654997.34497 1797555487.24565 1414847944.30188 1833389039.32124 1992204063.98714 2180138671.48133 0 1901030663.28176 1597913520.72057 1817508405.98605 1934870342.75975 1711415890.85032 2251907562.27837 1610300553.63505 1542772396.62546 1240272096.10444 1080987295.07783 1308285454.93436 1273891747.58069 
1976192553.50203 2127033476.58881 1781853961.60223 1254306762.08188 1647657844.25481 1180833209.80596 1081311658.02774 2103712207.34986 1291285983.64202 1389236877.00346 1293868819.4618 1962398780.39384 1481676587.06848 2062004325.33889 1090013345.72066 1405952695.48136 1462739130.54128 1299752094.24278 1079107041.51351 1222281782.94965 1675932597.81191 1108302124.07377 1198394287.29272 1474097181.03003 1787895306.16841 2078440176.37067 1788100998.72714 2206356249.2860403 1989532999.84365 1415575775.73812 1471968086.79449 1874487607.66147 1376898890.07185 1254358366.00498 1271885162.75983 1415614703.97038 1360153587.94237 1487265204.78457 1901030663.28176 0 1066565255.54917 1159469043.18767 2190126019.67074 2282581801.89402 1765420219.15341 1345006467.39528 1025442693.33418 1521903599.90354 2140031583.70579 1633047440.14551 1808793676.89491 
1048299500.90114 2231717965.04557 1937004137.46202 1954993999.86561 1809546055.44298 1983641312.64447 1302140940.20268 1507779303.94432 1256312153.79428 1389002250.65114 2105039935.39503 1614164548.2713 1934308554.69845 1986911960.64021 1694798193.60677 1207643282.5962 1796376388.09779 2060886860.72189 1298412298.24308 1227866028.39029 1718787859.05021 1649139105.45512 1417947924.90349 1065895485.59524 1876539761.3758 1695431753.75915 1135124114.64784 1336311021.02462 1467012572.72789 1189466848.16177 1681341453.71284 1936470448.21941 1600505936.25725 1938922710.24478 1127230334.95525 1755838363.59935 1215303879.30844 1639773394.39912 1597913520.72057 1066565255.54917 0 1102856923.16539 1390606251.75969 2098757942.50771 1825555137.92939 1668813716.85126 1322271300.45552 1990461714.18277 1236233613.88872 1336522872.60505 1280616291.61568 
1027056921.87278 1128861041.88018 1862787493.82664 1437269837.55214 1401759998.04639 1801564439.62774 1830819337.93971 1110991050.39608 2081526996.6767402 1364409233.63039 1983262833.90273 1206119762.04974 1214041122.14866 1828351277.84118 1557895697.35661 1510373163.24459 1816627657.46718 1751975300.79551 1010208733.46289 1610960878.49112 1742804103.54982 1094926229.89723 1080628576.89008 1801434138.28104 1181776876.63364 1666423080.39196 1186672965.71431 1489672052.66699 1223888686.14573 1170900554.33685 1156128895.64138 1500279054.19349 1805259912.90263 1170627562.80655 1555829593.19723 1232010640.44264 1212131183.27038 1669020353.38797 1817508405.98605 1159469043.18767 1102856923.16539 0 1848174674.12664 1347996297.01607 1532901561.0158 1466924948.86162 1814956510.36806 1633555757.58448 1097331399.12102 1309020194.66103 1279735405.4785 
1990387455.0784 1251837214.59615 1907456228.50666 1796782544.06141 1752940213.66251 1091491982.16544 1732660837.93438 1003116249.09048 1142984442.02706 1837117679.06141 1214120179.32395 2087012360.96657 1961775984.02423 1839921218.66609 2377884990.82859 1049838445.0762 2197739905.78505 1758114003.79392 2147408666.1384199 1461470895.44014 1666565236.17592 1791544210.21568 1125330783.86767 1689371340.51354 1722831897.9214 1614282821.07498 1871747819.99112 1600308568.29987 1083981999.22484 1643914788.0958 1498635515.66788 1900084421.85454 1605381795.66694 1553854353.75642 1834832611.10197 1375522160.84318 1718692117.71306 1056913919.89194 1934870342.75975 2190126019.67074 1390606251.75969 1848174674.12664 0 1678009930.66711 1879031971.20937 1000437915.14501 2091899039.16309 1351990538.29857 2165823799.65246 1708825386.64262 1684570821.19629 
1050458441.60657 1317042183.44376 1574835937.02066 1028275039.81214 1557678576.75438 2312314743.1978 1371054636.00849 1709496375.89568 2167795244.8009 1929320490.57158 1716536785.73637 1508314610.99768 1301235938.83473 1448670271.23664 1711614779.22058 1669300730.58536 2256368343.98321 1835118158.0062 1988098561.38975 1234911404.39753 1057602188.12344 1954223981.83769 1905619833.14083 1694740652.06501 2333455082.79927 1107627562.23429 1492692163.92826 1605397349.27472 1214617333.90722 1197262539.79865 1519692025.88826 1498377832.40685 2150601259.57602 1133112669.44383 1607151353.33588 1683344038.56892 1240085684.463 1359474789.52449 1711415890.85032 2282581801.89402 2098757942.50771 1347996297.01607 1678009930.66711 0 1343756439.16749 1350624240.72022 2138350137.02467 1899645941.94057 1299502625.65824 1082704591.3707 1732192240.11376 
1541903591.74478 1535970627.30021 1075456927.32497 1760911080.354 1966891723.63434 1224702086.17629 2073482892.2537599 2138118107.7891502 1972279846.83814 2187075405.87825 1492217209.43491 1658853360.8549 1479592424.35823 1991493736.35638 1211256915.13224 1264331095.41435 1961832560.1331 1109549544.97948 1907994611.61446 2153843247.97086 1560112847.94831 1823415164.68461 1101226471.27574 1055157994.81893 1551693029.92186 1821428596.67126 1490121637.81493 1131280715.39325 1008276576.14502 2161008589.13486 1691638615.82412 1714247687.45072 1894774364.1933 1643965852.86881 1574901949.1098 1758589208.79218 1745292445.1596 1584531682.94589 2251907562.27837 1765420219.15341 1825555137.92939 1532901561.0158 1879031971.20937 1343756439.16749 0 1382522665.40607 1154937777.62393 1728542397.9666 2223620092.41015 1721873562.60471 1818112264.93194 
