101
GzkbHop7cJv0CvjQalTE S0PhmGw8tyUPzxvRSE5R YrtjNlKZcZnAXu7owFPA rzYdrZxXnbXlOjFVWVaR 1wZce3qjltyIzzlL1Zfw PLyQF48YPXs4LxxIxWHM OGxA8YvD4WfIxOfmtWm4 BLgd9OLqnPIJY5LCIxDK VqBuOSJBVqxMG4rldwQn 4CVQrsejmjPmVL7elf2w CLNCAWQgYnzuvt7RChAf HKK5Jm9eHd0V7gvBWuw9 KKiBHd9DTQAd6AZYxlK3 zDq8bGYKiSYw3c53IWfw CxdADQl1Lh5mGQMAravk 2bMCdMiNzTpm8a2kNe9G jAzyDyaN1mD5Ei1RjCiO Q4jkxyPtGKis0eXik3Gg kGhQ3uDjcFA7MLP7UF4W byF5FvS6RJUrgCsP3o6T ul7ierPjffkmvfh4Ylme aU4DeG46NC8vRU6N0ahg 3Yod5nNtIcKNmTtNQ3xH NvfSRypj4POoHWC3jDz3 wNmo9den9k6ySqzO7o0M b2icxuMf1zEyF7ImMEzE kVdbGuYm0jD2q8vsLFHY y3cL4LyhfEAlU1Jj1Xj6 Y5ZKsuPbCDUQp5LjPNey km12BN3CByUGmRV2tX7b p6bp9pYgtaGo4Q50DQAM TkZ4LHIfwKap48xdp8m2 JWE9kJZ3fUSBbRtkVScl iRg3oRlKsAtLuOm5tUrC Ad4iMaOuAofXNjJzNKWl czjPVxJvSz9DoMc0Y7Vv trOoQ3enuOI8GUJqwAMC bBJ5TDHtVrSIxXmQJ63J QMmklR1fA1rnjMsU1WMc UvtGaTsTes8Gs4gE8ya3 Xucw5TdPOzp0SQGWHjkE a6uUA0TEdnZwD1b73O9r 7c4FoaFf1TJetsLZUEok N7mkTpLI9Mgh0txBOflw Hpniux0SkkA6CliHWNDc cAkwFDH7tSQkP40ewGcD JfzkldRR1w0Y52KBg47D XfWllIgv9lA6ZwGuKvLt 5ebtvAsyAh8vEmm1Z3wm fsCdklolnC3ndvzFtyM3 ZPAxEbVjKWTr0cDqLbA0 JfWSVxbK8iOEPzK7FV9x GfTqQpqjWivAFXbCN2BL AjMqEYKq0eELwsiEhQNE aH2XDl7CjGFhEP3bbYjH BCVfaQnOCgLubJ23r8nF 1crXui4lUlMG7IuTFiXo Crbc9OlCoJ9dTIJXXsjb sSdPSXUotKahf03SRnBn IwnN6xRahpjWnxZTYR2F KCy3uvDFe4h3kwRgxFiX lrLgTYF7nIsDkEYlxuHz CHHJQHxp9VQGraviPBS2 WZxeHszJ2ShfYgJs53YV Ic20PkDM6xxefUTvJEIQ flliQzyn5hSC8yLOMyYJ bLojQFXmB5k6r0zKTWYe 1aGCWVuyE8DRxIV204ZW u4VGAkqq00Jhej3knMJI Yw0z9L8p6xIk7hgYCgVd TmdW4dU59umpgT9XX8G3 SQhK0n9L9aixdJxvdeKd wtlCpdxHbUUmSY7DnD2u dOWv4G57nxm9UArCvQlq 56ePYTmTGzdOHfvnLEPd HhITLZSwERe6osGRUBXt RrBlUMzlEzdRa5S1pyiF W1IcDWCQWwTCriXsjtm4 ydEppVwK15UN0USyP00U eA2uctxdjBuXDZUrmUHy WQlZty1AKP9gLfjz0EYW 4mRiy2s23Ljl4N4CqEav ZDA7k1XMUYTsnmCfuUtR 0O3lDJvzYSiuZNzHimQX pxBA1Tii62WPeRWcccVp BcvYB1mubFuRTbgMUsXg TBEGhhvsdStRJh2Eqkyf e2usEAoRX2qu6mneHOxg tH0lbMmdJDVlC4Pr7uAb R87rV3jFUvYuE0RN4Z4a jZUUy27kZ3z2uIv0PGPy NtZncVsU7O40k1BXousH acwLCbshqBQuYbTzAPRI QZIvvAQe1weWyQjLrGi1 VaRx19QfIOvUT5pZyulj wyZ3Q4gHyaxpdYdezyjU OyOgefgJfgx6VwEfudZn 4mdSIFCsq2HySOzm2H4M mGfIqoDGGajPXw9RvY8S 7ArLVA3N0doHBQAlCDtl Mf966TmCJF9l0PTKetVd
0 1459651200.40008 1225319830.54841 1575646842.31935 1022665654.38931 1853203093.30511 1299854813.15289 2145163437.79839 1127828440.12201 1053811588.68559 1485961020.17213 1279099661.41998 1800346014.04984 1395919749.9701 1579051351.97835 1161077740.03601 1042177263.04481 1392698074.90366 1188300532.07385 1546464361.76579 1488881107.68305 1016145330.62012 1015923202.57456 1690538159.86721 2102561907.06355 1015958670.38201 1363984147.72756 1262898823.84177 1114609658.28883 1753058920.15189 1315507740.76924 2066393971.0648499 1073025552.08296 1923151039.13628 1871995748.11757 1322747365.15379 1003564172.37153 1801138628.9911 1594717398.45319 1718840369.19841 1706796768.91005 1294889168.783 1895116158.8312 1074681008.65445 1401240011.33938 2040567753.49563 1754910295.82629 1980137272.98078 1719890598.3098 1118716820.09527 1888310870.08297 1169923923.79082 1823538587.75376 1888391350.43407 1812888718.78939 1553175423.38941 1272953729.36159 1360235739.53104 1159450611.14496 1448762530.58555 1489450999.17496 1274728052.79542 2076113189.98914 1676355179.63852 1802154527.65318 1528716227.19049 1844975588.19519 1157691253.11273 1488564215.93743 1245701864.71121 1336568690.99221 1605735531.60308 1864820364.1462 1095591848.08583 1540207795.91055 1568961823.80998 1401535186.12179 1288533843.56595 1647159120.50467 1826622478.42034 1898116863.06475 1592861645.6507 1520818371.62938 1534998191.05871 2036642458.2627401 1298275614.57616 1130138643.33022 2013224041.11221 1630522617.74286 2041979680.41329 1116020359.35273 1910737621.96097 1998220122.07841 1998509972.56777 1213673948.57482 1406123009.36516 1558945393.48806 1085343159.33769 1527893893.37038 1657306663.41738 1575880298.92212 
1459651200.40008 0 1817651543.26688 1346343212.35034 1556380620.01627 2037990898.53165 1639998763.18583 1814560469.86677 1053765608.06036 1967163077.87666 1747294824.916 1448562943.79301 1416729807.15159 1763676436.27688 1819865579.84111 1031299984.5641 1417946379.74435 1287570530.50573 1254865372.95644 1977928603.64405 1385909759.95955 1139299737.1325 1974846545.3698 1103200817.04151 1825151009.85359 1913252778.70803 2051913076.3136702 1803636564.82639 1904367073.14063 1069253673.38063 1474257868.65578 1041916925.78962 1287783385.94159 1014186963.1959 1697589907.06932 1724943622.81619 1488301561.88261 2088192056.7596102 1323729073.02024 1514969706.05729 1183892525.10183 1631283443.21482 1872182987.6632 2068039055.5015001 1821864953.45481 1844509452.48542 1465528348.93072 1032188051.87733 1830865262.10822 1666882889.04285 1587850208.96629 1137344185.47225 1338197922.58865 1792530700.64099 1257195586.00772 1758391945.94354 1770848438.35353 1085510766.873 2086894911.94495 1453577146.6859 1296677509.97013 1030084731.84737 1460659361.1435 1109177157.80995 1459669046.51771 2181655568.7584 1474088521.52771 1441187007.10479 1953499842.92665 1649452294.36329 1150180878.3477 1540876738.64903 1915136910.73392 1379133726.38123 1950738448.07212 1466207494.23625 1592375419.33773 1517349388.61271 1720100704.13006 1682936736.26013 1240674365.89116 1893685752.08909 1953145486.82277 1994504139.57251 1698793061.68215 1588356809.04162 1973463695.43687 1344152624.10697 1910521645.25839 2026462570.9095001 1980309550.7807 1813394372.20081 1530178332.83705 1688379077.85179 2104992991.02604 1370670152.49061 1728726683.75083 1330943259.26787 1294943821.80332 1514313959.29967 1309599494.36319 
1225319830.54841 1817651543.26688 0 1811354105.68225 1815914926.84381 1797415097.04622 1847275186.28217 1627653680.85906 1255068719.03432 1600944757.16944 1863967954.89244 1242759874.26897 1777748249.50316 1076880544.382 2127112254.6407 1944254401.53415 1487794202.32588 1659062463.39219 1579391271.08349 1785658101.68743 1445164353.81361 2100209288.0625 1278109147.29107 1460189389.81431 1990864986.85814 1508793702.29855 1383371635.50325 1963095470.21169 1430016214.62508 1575665790.7563 1791192390.17105 1982915700.25802 1042144786.56246 1503373404.70061 1665047183.80675 1947383179.09842 1745398875.94077 1853994291.41764 1241297404.44582 1403929136.44377 1609388911.27759 1577861335.65037 1773458072.59149 1561990585.17951 1545955898.376 2091778633.5708 1894056433.43645 1049471765.22738 1729572598.67417 1029384338.71156 1108883809.52876 1999819958.26597 1355625519.83484 1628506030.84665 1279467147.94133 1135625054.1897 2130809978.08443 1597842128.00623 1493052529.34836 1281822268.4989 1171361390.85335 1967887483.43447 1591219041.2265 1060515894.4069 1701232685.30832 1738514691.20435 1082128132.21084 1729132422.56405 1047932568.35063 1358569301.36445 1291583603.10666 1845486584.77823 1506434588.28244 1693916494.09295 1096988230.83246 1808435641.59695 1975223963.83484 1761148002.42319 1289664546.09002 1112008131.30845 1222087065.51356 2071018645.0406399 1950985461.17722 1340610018.15086 1421823323.79773 1133093285.73453 1301576797.96263 1830613600.98229 1698900340.65153 1843453595.0045 1955173749.61326 1542251292.81211 2140367159.2925 1158769955.81082 2077995487.2300699 1476886957.24681 1714101622.68462 1312481288.22831 1437088111.77536 1778152975.21626 1771480959.82884 
1575646842.31935 1346343212.35034 1811354105.68225 0 1813418244.8076 1659187731.10132 1790392686.33225 1423449345.06601 1778990705.88531 2059426087.21441 1158698073.61351 1803618224.95889 1983050289.26638 1519567523.65024 1552202452.07189 1224011917.26037 1575767744.65421 1698643531.96308 1181080355.22914 1931561207.02651 1196241343.5968 1997618504.77424 1594122284.21018 1224441093.89308 1710829833.38524 2086724899.14974 1110995410.75712 1393397929.1523 1640841167.75278 1947290114.10064 1886372915.24421 2188670341.05947 1422672972.08185 1455517909.42993 1365008927.40885 2061598732.4907699 1566204313.98172 1386559144.52626 2241649892.28823 1889007976.78662 1177702422.58198 1622137962.50312 1951264160.15616 1771923585.98814 1442015332.28651 1916484768.19791 1192246680.1323 1251846777.9302 1962367194.42542 1795554339.63504 1819016942.47439 1288601462.3216 1093532039.41776 2106219263.65699 1044705266.04065 1325644461.9471 1322318934.37803 1097488565.46836 1685911601.59124 1944366365.5566 1300415113.94548 1840794584.63039 1926655513.79006 1802502900.88627 1221106687.62909 1013941948.71771 1652742783.63458 1264693486.58459 1491036408.30153 1154989111.59005 1883943244.44159 1679245362.07085 1141462486.8629 1776302390.48251 1553260265.39861 1692634352.23311 2172866235.56907 1811974015.41798 1344913528.8773 2140717258.42307 1477160005.39874 1924010560.38738 1677073112.92791 1226840755.38668 1468392316.38329 1969052467.23461 1636574262.484 1462752178.34778 1941807040.26281 1452989832.80977 2167844744.14455 1582729548.78637 1832370823.8401 1064956180.15227 1340045815.68907 1723820875.14371 1497200835.62077 1774646186.94774 1473252032.51388 1795787237.02114 1951268276.29169 
1022665654.38931 1556380620.01627 1815914926.84381 1813418244.8076 0 1352381753.67185 1700745678.76968 1184903108.27078 1445192384.11809 1104827840.00598 1478668231.40899 1541316907.71436 2123931915.6567602 1143521716.77692 1333240311.71917 1337256359.90483 2064842917.4341202 2028007981.7229 1192293601.54863 1639716626.55288 1502391101.77921 2038810985.00943 1146611125.0664 1166573412.52245 2082096025.88478 1868498285.05563 1841669902.82225 1135822737.6366 1235907569.33656 2162430366.35357 1906528045.37123 1596638643.44004 1297237532.55058 1993958424.36644 1155224505.41433 1580689699.77747 1632030897.19693 1013120623.81626 1228536563.34498 1656292397.61188 1029041402.69874 1203259832.88782 1345593404.13492 1765934432.09102 1991782512.83216 2171255675.98747 1766366378.37966 1268506847.93035 2055185357.4650102 1046357672.21928 1856643751.59522 1484105632.80741 1058516930.8708 1593887939.70814 1071211458.26188 1439135093.27536 2145295189.8449001 1608119887.51298 1194728316.61046 2097324055.6150699 1385481432.57234 1950033573.17294 2111861882.54846 1308503235.94703 2150933215.16599 2079953286.57661 1880288032.95121 1986580695.03856 1009494496.95631 1202188290.6288 1905029533.51807 1711726650.78939 1904959845.9323 1528284991.60828 1245820685.45307 1061508581.86063 1262907578.59812 1174949444.5603 1273686241.6462 1235291273.52099 1179017138.05029 1532110190.17723 1636945127.27766 1795879246.91587 1817061573.10702 1350563549.89509 1122136402.05851 1123217803.36665 2059426321.76612 1019314026.02398 2058778502.90624 1477790453.04986 1928199737.95955 1645711430.50696 2151341860.8047 1838053633.13757 1417469389.4066 1785904782.52689 2092540918.99704 1797762825.50053 1415847069.6652 
1853203093.30511 2037990898.53165 1797415097.04622 1659187731.10132 1352381753.67185 0 1065298806.70509 1524586994.09538 1928072879.47389 1883009545.91606 1604845786.36879 1117864077.39083 1379765698.04708 1983124200.9417 1998203147.30768 1485053951.23324 1305661058.66493 1649304112.40324 2128642972.6447701 1913877773.55148 1342994316.3357 1947647481.32781 1667316666.3492 1222643381.17044 1327451315.3153 1822673750.31393 1736875759.31216 1326937387.63481 1267762600.0832 1078665118.38951 1754803708.00893 1230328145.9417 1806297558.55226 1418937322.559 1209904010.96441 1517367742.35291 1198707968.59309 1906026718.83098 1622306283.31953 1597070800.29702 1457973583.7224 1459967623.84169 1666713919.84292 1205852186.66247 1356599487.77434 1349201572.79101 1520876131.95601 1122330815.40757 1459559166.20825 1774205614.39864 1681902253.72531 1369598672.52624 1583008480.85288 1514926495.07564 1862447967.2489 1337807947.80609 1008957377.60998 1479952278.18587 1517094810.8834 1363107279.69526 1191265846.74312 1007906166.68428 1351572403.71756 1935616795.23558 1104925605.32763 2091422687.3305 1659126324.20806 2017899740.3677201 1375340111.0414 1770176311.83277 1160214109.73937 1318701303.26017 1927902288.87515 1799881715.21797 1797517105.56338 1609743773.99727 1416341482.42849 1877796412.52622 1642551896.05247 1829382995.62061 1340392000.41303 1521676987.25538 2043770678.02045 1406567597.62057 1500502969.10275 1015833160.53301 1076768095.86631 1579933663.86448 1315372204.53925 1616640722.7801 1159631649.68874 1243139233.1278 1859926036.5472 1727816268.69646 2082814425.8629498 1644755201.02432 1385288538.4065 1135689464.82704 1116062663.35185 1543731137.24326 1979359874.46245 
1299854813.15289 1639998763.18583 1847275186.28217 1790392686.33225 1700745678.76968 1065298806.70509 0 1024973202.66502 1627639389.61843 1701795530.9989 1844656144.07426 1578743277.41013 1543817316.63303 2106270742.9681 1636756900.41698 1242734484.89855 1017786157.68516 1372009418.02657 2064307822.47683 1695199876.40867 1436815224.44584 1827186583.56136 2100189484.4819999 2043195491.32658 1830964499.72108 1409127002.20143 1674526655.73793 1851596837.48853 1114959282.10592 1139386356.99793 1305628080.35263 1847367264.09005 1310654225.57395 1143887846.71072 1331232471.48044 1960903999.10693 1059918816.14917 1797676205.48359 1498594875.96162 1739726589.46847 2089616578.5349798 1702712504.49996 1568163554.29297 2067116530.646 1599598826.11031 1948774610.98675 1121409682.36019 1558150955.23807 1755406727.69004 1099619672.20634 1314031519.37687 1851780411.13482 1670461749.10939 1611428864.74826 1157059114.7128 1040874283.23701 1341041936.22702 1263155460.1828 1972670297.14849 2058349001.46415 1404253900.72169 1131001489.98381 1718919425.1926 1785414740.37976 1754364100.18012 1226919994.2292 1372582860.67582 1730931712.38226 1045827409.32601 1846503465.69702 1766605069.09425 1998685078.40353 2062917471.90474 1884869281.91134 1200780204.613 1036464831.88377 1778689618.40346 1226811844.25236 1776280214.87762 1168390164.46696 1834894397.48708 1709535963.28822 1045570460.22759 1022031628.24372 1121972853.13183 1984469651.06093 1198492025.9732 1076283451.42491 1214958169.39331 1779136134.22219 1309009855.39532 1409860351.90007 1939892419.19372 1472019654.38441 1768031710.9424 1967776071.24176 1427333792.94259 1861273828.33952 1846019097.37092 1062497228.82738 1547389922.02976 
2145163437.79839 1814560469.86677 1627653680.85906 1423449345.06601 1184903108.27078 1524586994.09538 1024973202.66502 0 1636859056.91056 1190270889.71695 1003759437.40177 1034097877.22828 1722908890.2193 1121514168.26795 1856246846.40853 1849333072.04399 1994877131.91315 1167203116.78864 1157495819.31394 1395536507.52614 1679626296.66348 1932421964.63014 1129240235.22383 1578182408.78588 1861940329.00815 1975673381.97993 1073521604.16079 2118986777.25144 1452778355.58082 1442825662.77587 1183842511.43506 1579996493.9774 1960224825.16842 1786062785.70986 1588682528.21274 1519495125.94656 1548574546.38163 1523903507.36907 1877997479.91038 1531522584.52011 1162913798.87156 1144160892.75238 1998027166.99238 2062547202.88819 1200411359.70829 1642672828.42181 2024291539.80193 1267438001.58407 2130943631.8284702 1676304506.27687 1380787648.52148 1032995112.67147 1160117600.29499 1223206958.20123 1906595597.97091 1750035775.59919 1776781875.0165 1960706333.11827 1045003019.46477 1056215266.96061 1353219708.54438 1857474840.29159 2142277860.4798 1199673963.76607 1633850068.57572 1506403517.03103 1792412584.62422 1533245954.65483 1227890497.99031 1448390628.54369 2106440183.44452 1722316409.21296 2099910163.4046102 1492732013.58497 1420230877.3384 1552386094.10453 1707403512.6606 1434737366.14983 1428162615.02733 2103243451.8267398 1816764631.79407 1369520323.31964 1171147584.68441 1347157384.96436 1470789394.68514 1829311459.01337 1497972975.66321 1489487862.11469 1227927981.78653 1870268131.90969 1132792303.12768 1894660128.11656 2145139693.26827 1038135637.49064 1130106238.87113 1624849242.77894 1410690016.12472 1989830412.60374 1591925636.00225 1829369541.15224 1473365758.3836 
1127828440.12201 1053765608.06036 1255068719.03432 1778990705.88531 1445192384.11809 1928072879.47389 1627639389.61843 1636859056.91056 0 1562972441.11606 1119072132.37732 1045138117.99182 1356571734.27638 2182145760.66361 2095374527.5819201 2085065592.62446 1686270586.80861 1488039316.75063 1295962121.37148 1951478712.4118 1350920008.99783 1681220348.46063 1935723947.69355 1514550158.83904 1754240312.49511 1970891177.74245 1309742802.42541 1063504048.06226 1823772028.91466 2027357453.6482701 1556680714.25399 1800622834.34343 2072187140.64704 1326295932.42818 2079812710.44374 2079534999.70476 1205913105.10841 2101420008.79629 1853643849.8525 1662838184.55719 1806895004.19952 1560839506.69988 2141930646.5977402 1799549343.47258 1822764647.26777 1809272061.85242 1686884533.75101 1861604349.74492 1440139101.32724 1909826386.07426 1430283254.05154 1977863166.77979 1956073517.89144 1628811915.58863 1373257316.51588 1690484842.40294 1415094723.53203 1333212709.28369 1637073745.55016 1551288165.72904 1982254228.69874 1208282525.12196 1416840567.39286 1216496590.7928 1180856682.23811 1598046985.85796 1914119299.37667 1191978538.83541 1928665794.04483 1802123107.61606 1246263059.19555 1409019536.79974 1732394237.16848 2188556995.25651 1033219544.26036 1109429421.14567 1411077679.04895 1171471796.0245 2084883964.5536299 1843876248.97796 1853432845.7562 1949419185.24247 1205953307.04318 2121954308.20733 1688286865.52143 1688086198.72751 1261825401.33494 1926689181.33977 1928671431.22097 2031768935.4556198 1704845511.20043 1393714697.75062 1602874383.83106 1568370518.479 2026285249.6040502 1601690836.54598 1583106110.34934 1023389899.18151 1036663612.95704 1836913923.60327 2098165770.82414 
1053811588.68559 1967163077.87666 1600944757.16944 2059426087.21441 1104827840.00598 1883009545.91606 1701795530.9989 1190270889.71695 1562972441.11606 0 1336119553.62832 1060424200.32277 1052731787.70282 1598335265.57674 2129749105.87001 1908377664.35598 1039952926.19903 1404286542.23593 1072323632.16687 1113750082.5261 1857498307.21886 1786247982.88656 2069734791.26015 2063252705.9140801 1181409866.50033 1024319966.64206 1549846285.83437 1433821423.37655 1420722210.59731 2045413551.4421601 1654596645.21411 1372197503.22314 1718368428.83866 2034013316.43688 1847703454.09169 1841184260.08626 1437012510.17772 1100252048.74705 1600629980.84487 1802639966.32316 1155156933.81183 1403378756.62746 1820044630.24304 1990819349.0467 1623443162.92073 1644072491.92368 1676776110.3562 1193330477.38654 1588066320.67878 1839179701.28075 1534444267.69508 1622688606.44499 1270799560.75528 1038949035.67384 1302375946.47142 1885185360.82526 1572715403.1926 1868018289.19635 1088309811.24212 1108200689.39271 1251438656.68359 2105949773.8169599 1098391887.91488 1138134520.60001 2022926989.53658 1225832247.13108 1925413446.8034 1011075614.68296 1662355773.70568 1919408029.26521 1946838508.21672 1563498491.96876 2068304589.73599 1690268620.91107 1044595368.78856 1874046627.7674 1473665854.62443 1553842323.04255 1414920421.21298 1388342777.01085 1965178856.07313 1595553249.26201 1478062456.24289 1131919206.119 1051241699.25771 1766820926.97828 1552007374.92912 1164234615.88473 1900774055.20456 1537236468.98331 1891491780.49282 1433900637.00676 1631571502.45208 1207583544.29774 1727779854.11543 1611244870.50254 1446915611.1865 1389290071.01503 1921196233.45197 1082477516.26471 1161415426.58575 
1485961020.17213 1747294824.916 1863967954.89244 1158698073.61351 1478668231.40899 1604845786.36879 1844656144.07426 1003759437.40177 1119072132.37732 1336119553.62832 0 1892744825.59804 1716049225.86358 1274358836.32842 1825737660.60338 1463023531.98932 1196672185.55818 2118991611.84144 1286116849.6868 1485939013.73063 1922136286.1831 2164070003.32273 1692201088.02671 1137933702.44496 1921225944.51553 1453322643.64038 1804146435.62257 1450823611.8033 1866488644.84274 1230128100.79368 2187601948.83683 1604134921.8678 1971002997.2866 1267749495.58562 2071334018.5527802 1308907898.98869 1089437680.91418 1395944212.072 1374902208.74783 1064892612.6579 1922176214.54502 2147920330.15415 1711406546.30518 1058787765.48642 1329170181.29309 1528613710.38678 1020532102.40016 1087473971.86888 1142521576.70637 1491503921.05521 1904668867.63148 1716446200.92785 1793122447.42755 1556994280.66406 1559321257.07629 1234259619.37363 1483553841.517 2031269566.4682899 1436603292.42011 1869271924.11455 1504021314.84931 1240533260.86296 1636152739.82647 1798526538.79934 1065574541.92372 1850141896.69563 1603593070.05651 1308693724.32818 2033724906.23634 1077503253.77459 1275068995.73826 1909199698.52167 1483460395.84123 1069484862.87919 1149966083.68169 1851160303.50604 1859752623.67874 1221717442.03528 1233502391.38986 1829882566.39423 1983019786.12411 1045364509.81767 1465638268.46935 1854749337.50402 1733116503.99947 1680659623.09902 1739799863.28641 1086983114.5515 1541832193.26697 1069743272.02743 1873500176.97053 2041289409.87518 1409142450.64354 1025144464.76159 2133865676.2729 1600119457.31584 1201738581.13548 1359403153.44356 2037198500.10791 1322583713.21275 1408206239.61107 
1279099661.41998 1448562943.79301 1242759874.26897 1803618224.95889 1541316907.71436 1117864077.39083 1578743277.41013 1034097877.22828 1045138117.99182 1060424200.32277 1892744825.59804 0 1750178015.34759 1680331867.78493 1080167001.52917 1758168292.41938 1230664950.55551 1352712166.26027 1979578128.71491 1782156372.52566 1798895515.98277 1644363761.74345 1731600662.96589 2063988130.90905 1709751393.93662 1009331133.90606 1611693859.41789 1804036500.23476 1868159303.62324 1158776788.40578 1891195184.76426 1576399894.44249 1700179883.61294 2123146353.47643 1355288343.69841 2193818918.74121 2159830934.01354 2069557310.51481 1132337819.83701 1265445692.80724 1971722737.25673 1310394167.20632 1514985028.73896 1466691434.62939 1787679854.13534 1501816629.80807 1307883732.72657 1956816827.92182 1552358871.85328 2249786952.00847 1730270573.22548 2067092989.89975 1465922470.64935 1202689036.84878 1496127549.68757 1333597111.83206 1373300452.01332 1918204448.10111 1286490481.01294 1460818622.98333 1136886311.66172 1999207744.10191 1166944964.53086 1907923899.00103 1085116051.1421 2148261601.74435 1121135039.20087 1058532035.40428 1407489158.2844 1336983121.148 2077587678.3327298 1358348483.80638 1978600564.24497 1422130070.16229 1440938752.51918 1813010171.34461 2226152753.50819 1443444693.54754 1915581483.41518 1204637401.93264 1353972922.72415 1382402190.64284 1039467623.42848 1932802818.52964 1850396921.79709 1572466951.64878 1309389960.97195 1515794559.00604 1700551021.04275 1041142991.43819 1635218113.05095 1819928308.33994 1573027030.62332 1898242599.1553 1445865389.07235 1894897811.68513 1386178195.79343 1836482655.73177 1889306825.2241 2080606577.8744302 1423759562.05184 
1800346014.04984 1416729807.15159 1777748249.50316 1983050289.26638 2123931915.6567602 1379765698.04708 1543817316.63303 1722908890.2193 1356571734.27638 1052731787.70282 1716049225.86358 1750178015.34759 0 1293467499.44802 1728938227.59203 1841043738.4295 1582803180.93339 1818995003.76217 1109566438.1634 1380772622.5046 1501770873.80764 1213100497.97952 1489216781.01923 1789900022.3889 1947058387.34207 1491711015.06403 1604784720.50467 1883428032.47333 1997680582.21444 1884561959.84323 1777528847.71307 1287307037.31669 1713432909.22156 1020085123.00694 1093946534.53217 1214507815.63481 2071879570.28087 1813221528.68748 1046171692.27178 1887700936.61107 1523291276.88967 1727963506.07829 2122825411.8817701 1462327131.32651 1551187617.70888 1633352046.83858 1245107864.83342 2104224277.03856 1149707164.18505 1423517660.29379 1095942899.8555 1930970619.7643 1566469032.01859 1637694410.35009 2075365680.27176 1288177614.91853 2197246694.98203 1432919017.94785 1808146833.46687 1503195698.84802 1945820830.83726 1950117416.02971 1242386573.70947 1869015528.7559 1922178142.4442 1387536597.13206 1336148557.18601 1641275256.95007 2161854871.3048697 1587936489.99257 2107589364.95745 1914238204.5704 1441920058.61376 1460749380.58348 1185656132.5085 1574849087.6792 1710322808.22551 1012718602.69061 1420408251.83095 1234957629.46007 1752691136.54058 1669907936.46329 1352194863.00724 1792391029.69426 2070857858.92279 1114457278.59962 1838939335.2077 1187145572.8595 1176076169.09591 2087145086.68414 1192666569.86201 1154187869.12953 1358248562.40257 1539400696.33371 2084675143.7144399 1086708264.11348 1145216429.8239 1672599565.25823 1244662867.24254 1497157709.03646 1576470058.92106 
1395919749.9701 1763676436.27688 1076880544.382 1519567523.65024 1143521716.77692 1983124200.9417 2106270742.9681 1121514168.26795 2182145760.66361 1598335265.57674 1274358836.32842 1680331867.78493 1293467499.44802 0 1809182407.74546 1241309547.44398 1681801646.04689 1748619515.34811 1460927273.35032 1304803391.91393 1489155644.99659 1455830457.9009 1863015680.1572 1598603230.90149 1913229607.52354 1978237245.05802 2195035772.42874 1798982209.34434 1459676944.27973 2123651182.7465 1725354145.79725 1826600065.03879 1899057345.80544 2122670263.96241 1630862120.18423 1478447428.85045 1931563361.51954 2108701380.86761 2133537665.13521 1498741384.35021 2137998250.00056 1202970755.3764 2056085857.48868 1731105296.46291 1540599509.07276 2166401728.9804296 1475336874.53124 2126352309.60938 1849310071.71557 1516636417.13776 1413221972.71335 1575682406.43887 1586576695.39227 1381527071.79943 1251025603.17442 1988407035.57195 1492801777.8965 2030397104.36124 2052088878.60127 1530013981.20866 1521231386.1582 1831919644.91109 1613450379.63358 1222006758.59344 2094325470.73067 2097309208.6321702 2148369600.8691797 1548107846.42553 1233212076.31855 1408967553.41438 1317428871.43466 1675395770.46565 1139859345.96296 1735610379.6925 2108515306.1967902 1408832486.02869 1012851800.16775 1010673964.63911 1802398650.62563 1253087468.04591 2071932282.14567 1380979575.82659 1370090395.42184 1546165276.50783 1772994026.95973 1153751468.35346 1882015621.54621 1372018155.94776 1413578137.54457 1927977776.8836 1250492714.22579 2200395595.0696 1355630291.78034 1949327929.16577 1858380456.31248 1201310305.34231 1523263118.26645 1975031223.60688 1962899663.5687 1867470040.6147 1465955522.42515 
1579051351.97835 1819865579.84111 2127112254.6407 1552202452.07189 1333240311.71917 1998203147.30768 1636756900.41698 1856246846.40853 2095374527.5819201 2129749105.87001 1825737660.60338 1080167001.52917 1728938227.59203 1809182407.74546 0 1492622245.3323 1422138514.28206 1503659087.40039 1958513996.62561 1110296076.65538 1373304669.6659 1728017738.39655 1157333112.01571 1574497395.64079 1466388697.38992 2081357461.48635 1108990316.36062 1609961237.29814 1357187116.98865 1060263876.68625 1286964612.31551 1917268850.24648 1488889703.35555 1409551038.62705 1852708741.17305 1426151974.73631 1997489713.99581 1841451225.79159 1308815100.62233 1765766544.8561 1863221979.50563 1703792274.00546 1974301310.84621 1480046007.12638 1914948651.12554 1054222752.95671 2098689544.6244001 2132883030.1312602 1291371377.76287 1732755431.11543 2108107960.45114 1145961479.9654 1278157030.02153 1736664084.69309 1096417671.74096 1360624652.098 1011920922.98089 1198016798.72951 1924176023.10428 1507536217.23844 1887007016.85044 1819088965.20992 1117147440.52167 1807585174.04841 1536613910.81572 1716567908.27976 1120192452.22509 1982635814.28795 1539515792.36366 1441222797.51822 1177042952.19061 1230953359.56962 1520223017.87517 1358092979.07893 1256535635.47043 2011170222.03899 1339873203.69206 1224013730.37288 1104521952.13068 1482541227.07308 1031987152.94726 1051568009.55295 1374841938.32614 1490333751.97153 1521907992.06456 1659448343.7359 1695609716.88599 1621762986.04027 1537227649.59588 1657810353.29457 1848927885.0446 1133307684.90292 1970168104.55001 1595749963.18399 1834178214.29572 1656078190.58509 1468540939.06174 1725769051.69017 1726920086.38572 1312315361.99069 1328351453.47357 
1161077740.03601 1031299984.5641 1944254401.53415 1224011917.26037 1337256359.90483 1485053951.23324 1242734484.89855 1849333072.04399 2085065592.62446 1908377664.35598 1463023531.98932 1758168292.41938 1841043738.4295 1241309547.44398 1492622245.3323 0 1249012423.63661 1029413119.0133 1280501157.26547 1335293643.16295 1212826811.80788 2112101791.2379098 2117670934.4989 1117147308.80149 1937534971.10149 1154464713.03689 1020613091.74957 2184234596.89297 1968197772.94985 1823065306.10244 1476735557.36112 1910447176.72924 1201412031.5283 1606099069.08791 1759893985.93255 1422433862.3235 1357164786.74741 1445565221.57306 1843482715.07668 1307594072.51791 1409931454.2707 1656405562.62882 1863972531.32864 1577408793.86459 1955262764.72828 1093026383.57783 1953577952.98557 1204732791.76429 1871834726.71943 1743273512.30903 2093196804.74732 1164165944.45211 1198722080.60381 1985715035.92564 1243501030.08435 1864690387.16808 1607145727.66553 1640013282.78052 1845128154.44423 1815178831.14733 1949423581.41999 1341648055.39771 2095254298.82402 1986958162.14714 2082830188.9310198 1861126397.03232 2125908998.01302 1307380473.93852 1262877142.56702 1370845093.1952 1784961829.50658 1457684434.27899 1949780206.9633 1571102947.22761 1871453133.25423 1339963264.53817 1951237617.31 2049702290.4263601 1151574759.56302 2050334939.41552 1764101876.16596 1123644485.7694 2214708328.4414 1977442190.28304 1450612292.0385 1870922492.57921 1703130749.87819 1495458501.47319 1581408217.47968 1422960886.57489 1166256431.23062 2048976481.57554 2111962744.51036 1813093221.27645 1262564354.15869 1568544426.88307 1917458463.73709 1119550410.31367 1307975145.20614 1695003979.20422 1930344535.04989 
1042177263.04481 1417946379.74435 1487794202.32588 1575767744.65421 2064842917.4341202 1305661058.66493 1017786157.68516 1994877131.91315 1686270586.80861 1039952926.19903 1196672185.55818 1230664950.55551 1582803180.93339 1681801646.04689 1422138514.28206 1249012423.63661 0 1897790611.78044 2112276558.3659 1426102754.58687 2307113838.70008 1357527147.9702 1875164744.61871 1798187855.76742 1326207981.71481 1616994485.04946 1462748297.72537 1236060787.52127 1020468863.27167 1396893074.29825 1891169660.44002 1409842694.77757 1345847340.29207 1979910109.45736 1988010102.79272 1196584067.00816 1546980214.0175 1507016162.11072 1523418851.8148 1337667696.78579 1359013008.90717 1216049982.52289 1687915298.82743 1160064406.30906 1356935845.08952 1753483534.03541 1290778798.56469 2150548472.9187 1473691935.20518 1382265680.12516 1972197948.75396 1963822802.50898 1454352705.4807 1916005603.4348 1796597289.5103 1977599772.77406 2126349554.3344498 1334735299.26893 1746100038.78412 1085770112.02326 1805635262.96569 1654011476.82468 1520071135.30412 1114402653.67912 1672168650.05484 1111723587.72249 2089228114.16352 1685442847.99989 2063613567.01117 1879573059.02406 1584483810.55334 1732806206.23938 1045131314.21958 1803607589.25834 2084548294.98759 1338920565.35096 1539066025.58182 1847896491.49693 1301169096.20958 1285182318.65918 1209786500.04183 1088908845.70159 1316138940.69565 1633615112.04203 1066301067.21733 1286054550.62781 1044193184.52352 1706767934.79259 1934759233.49471 1773692993.03243 1419118500.66186 1576621026.62757 1607626134.08112 1788106335.22984 1368181194.22015 2080436558.83594 1447076902.3628 1428369708.57879 1694868828.59045 2080283386.5125399 1905369051.20066 
1392698074.90366 1287570530.50573 1659062463.39219 1698643531.96308 2028007981.7229 1649304112.40324 1372009418.02657 1167203116.78864 1488039316.75063 1404286542.23593 2118991611.84144 1352712166.26027 1818995003.76217 1748619515.34811 1503659087.40039 1029413119.0133 1897790611.78044 0 1138915467.34317 2095695150.62753 2063647475.1989799 1309587813.66428 1847300275.94596 1493254137.15317 2121284428.77047 1264997979.89206 2050026210.7628698 1593640250.49129 1923898751.60763 2119902143.08125 1586320821.1753 1859612050.78828 1168024836.06993 1691921654.08648 1872873696.87405 1393813489.97127 1886853876.76675 1023475017.98925 1189475562.70566 1936229396.16086 1993874803.38801 1256911316.90315 1691569707.41541 1630643054.10652 2082434800.31442 1371004334.37826 1317625769.33961 1315334219.74357 1923066536.45717 1246014048.8324 2188203557.99609 1999817808.31806 1385298844.90544 1000435541.59793 1022490974.33897 1254577493.49446 1478307726.18017 1545385470.89382 1795772491.57487 1432317927.43305 1507470689.43485 1592242944.00658 1158844340.66431 1629797165.28538 1053417069.91772 1983136769.59016 1258322811.30837 2117648119.13151 1018513484.76659 1557047691.22273 1589362229.97077 1531027461.94559 1684614279.1699 1525590717.54538 1730872835.93256 1279332943.89207 1245975536.59016 2189926125.7123 2170248586.4710197 1528719114.91179 1107552142.49937 1264044406.55433 2167972256.6950703 1444057026.09314 2146169060.99077 1676339797.38017 1004519058.8461 1970029190.76436 1077389262.74201 1244758313.78716 1634831269.19392 1569949803.72236 1691289832.95897 1753230806.70189 1381490023.52044 1202998971.82203 2061515860.98741 1665040246.23704 1312417840.49826 1663623694.62171 1178407834.00201 
1188300532.07385 1254865372.95644 1579391271.08349 1181080355.22914 1192293601.54863 2128642972.6447701 2064307822.47683 1157495819.31394 1295962121.37148 1072323632.16687 1286116849.6868 1979578128.71491 1109566438.1634 1460927273.35032 1958513996.62561 1280501157.26547 2112276558.3659 1138915467.34317 0 1362566326.61173 1223790551.64678 1025010917.99321 1337615435.71075 1420301466.31623 1026444120.93466 1071542900.37947 1932429158.482 1710113284.68695 1758515610.0566 1813579621.46967 1410875852.1337 1007683601.48945 1889215105.88363 1611023842.86092 2178907959.45385 1182158026.40941 1731899094.70509 1409065201.6044 1315962722.83534 1715006397.35397 1738500274.12713 2148027089.23967 1613840985.01513 1639572005.53917 1103721386.34047 1266169913.25663 1236936310.48638 1106337011.4275 2208210845.37021 2017206426.3190598 1762242069.533 1105937291.38808 1524743398.81998 1174034443.65186 1223445108.00142 1526329843.38719 2168449892.27937 1253768697.55275 1610519273.53358 2149519475.7726297 1268148690.20154 1744792902.76647 1131048986.15956 1681392003.94811 1466178560.01599 1880122122.74541 1212976058.42517 1072692749.99414 1846411917.53791 1088649654.12969 1253278718.32434 1971983399.80912 1720742841.30952 1838547001.2707 1865760396.85275 1218227546.43122 1995122914.10583 1454322173.01804 1802044802.29721 1803620258.73858 2153025144.70106 1796746352.77219 1645377661.40714 1799943973.92524 1889705287.766 1928905957.84768 1453658674.36672 1419830947.37434 1794777797.44116 2117462251.63116 1832987165.18938 1279095003.1787 1654261003.52692 1543648082.72353 1289194214.51961 1650780372.79011 1257233179.50993 1735678396.42817 1290796342.0415 2154801148.43158 1936257483.96745 
1546464361.76579 1977928603.64405 1785658101.68743 1931561207.02651 1639716626.55288 1913877773.55148 1695199876.40867 1395536507.52614 1951478712.4118 1113750082.5261 1485939013.73063 1782156372.52566 1380772622.5046 1304803391.91393 1110296076.65538 1335293643.16295 1426102754.58687 2095695150.62753 1362566326.61173 0 1167213720.23059 1359297501.59626 1878003274.36847 1830236793.76691 1763101205.79897 1723524818.27948 1150635370.41495 1272923849.72165 1288038193.76556 1285385231.07468 1347250751.91831 1677327818.84525 2232059687.2554703 1451004112.51128 1065552741.3595 1756610884.82226 1507068032.59584 1756416916.38042 2083704270.2743301 1805468506.17279 1286496846.05909 1412335669.52075 1511633092.62587 1889471484.93693 1094302076.63622 1731420340.77365 1475131704.4422 1640572389.51876 1982235756.30047 1094148100.72743 1047122803.20219 1788476320.42917 1604026297.63219 1927441083.40102 1305159615.9272 1514373743.92745 1762344241.94697 1728684870.01076 1043910580.16142 1608743221.04244 1536339127.82559 1827487741.41238 1995470212.82389 1345905510.73143 1891434021.4358 1087921529.84142 1238590821.26052 1645871180.26419 1077181665.86094 1039080113.04293 1156312431.06867 2099580463.8169699 1451899997.51877 1229685923.14582 1061160507.19764 2164167495.17301 1651802745.32084 1413303298.08361 1479750672.63768 2123949739.8291898 1848828409.25926 1322285274.1763 1593539629.58815 1677242144.25146 1385274737.52649 1093318401.20141 2080456831.95647 1954088175.63378 1899356210.92618 1877810617.03709 1967635902.65324 1500025258.76844 1975387489.30659 1246184747.55293 1954577248.71056 1449874208.34945 1893700639.80886 1043630919.27483 1874911811.91874 1379508788.31012 1738051208.0412 
1488881107.68305 1385909759.95955 1445164353.81361 1196241343.5968 1502391101.77921 1342994316.3357 1436815224.44584 1679626296.66348 1350920008.99783 1857498307.21886 1922136286.1831 1798895515.98277 1501770873.80764 1489155644.99659 1373304669.6659 1212826811.80788 2307113838.70008 2063647475.1989799 1223790551.64678 1167213720.23059 0 1958317728.97 1677484782.76557 1373458784.45321 1349996218.8587 1637367527.08822 1821764216.73246 1271753156.28232 2130290871.86438 1877711489.69542 1764160557.2761 1771043634.04357 1624366888.60823 1749439596.15038 1166432341.1603 1451903885.20992 1906283596.09223 1760801018.53714 1113434797.29263 1602014129.07231 1270388864.66218 1662958074.2712 1616573769.41915 1936969379.36907 1897083189.0018 1645649235.60044 1324569063.2969 1494328956.67795 1582844155.59399 1791715703.97302 1118461224.64837 1963786931.65427 1563543420.93649 1942347642.66676 1960550846.64426 2049313885.6034698 1377083747.23361 1515912152.35073 1407298848.80367 1888276016.99628 1769012633.515 1234916501.58827 1815128325.2434 1563533274.47998 1116322707.06421 2139744714.3422098 1612537267.98105 1326057058.84332 1356695818.72263 1099155220.40519 1850759688.46418 1076319498.87819 2070377969.73207 1760906242.51743 1907326805.20771 1063105596.85526 1046706323.06061 1732175615.45495 1319207074.4336 1069409044.98936 1806455726.0764 1589381436.00379 1741340731.10727 1592835795.66531 2176282658.34488 1490459148.37813 2181336431.75727 1711638732.85476 1222717650.54075 1882950609.96843 1247648819.99619 2044545587.73193 1613156239.00786 1134107966.96259 1646726112.80219 1658919759.1642 1930343552.61812 1870633478.91231 1047104580.58758 1317674556.54832 1968930812.76459 
1016145330.62012 1139299737.1325 2100209288.0625 1997618504.77424 2038810985.00943 1947647481.32781 1827186583.56136 1932421964.63014 1681220348.46063 1786247982.88656 2164070003.32273 1644363761.74345 1213100497.97952 1455830457.9009 1728017738.39655 2112101791.2379098 1357527147.9702 1309587813.66428 1025010917.99321 1359297501.59626 1958317728.97 0 1624992085.95484 1593029018.40007 1086416576.44343 1858893657.73433 1091488699.48834 1048677696.56287 1585217004.36647 1093985837.45616 1983506365.80613 1212691405.22111 1310377003.22021 1293206258.02539 1266135291.21328 1600189695.31534 1283512376.67966 1189585420.07765 1800490031.93538 1519043392.7801 1383593542.08986 2072157176.00402 2118936946.47754 2075540494.69014 1870536140.35081 1072384222.61672 1817098475.28278 2131347929.42071 1820979838.748 1584603889.7116 1910531216.55712 1226871566.73887 1257770320.49742 1206282626.89725 1841811968.56802 1918463128.13333 1565938763.2797 1268775788.53833 2089242435.3208199 2104547150.22774 1770670232.61433 1278504827.00204 1585061012.09366 1103161683.64117 1744192684.19988 1611299689.88661 1545830170.67407 1772481527.89471 1770176640.78424 1086566749.54814 1035068484.93328 1294606633.37769 2160933555.28049 1268728843.56549 1440734738.90383 2170183985.5708103 1289048899.39094 1211533956.8548 1283698532.63643 1848676915.65685 1833149832.32523 1441804971.46695 2089933095.9608598 1206491620.71345 1020497127.64262 1733086531.39652 1907087932.41238 1801029678.86684 1105195066.15239 1874692426.22191 1773754750.89466 1013490124.24014 1986986295.73874 1858645798.61708 1811211925.89743 1659138851.84808 1606218513.48967 1328775728.66374 1904432259.89022 1132986027.71932 1020903727.41775 
