26
j7jI3vJM5SWQs3N9YWK4 lEZ0YMvUzTvQYxlTiMir YRtAAkfi0YIaAv0XqGni 3iRTkaf7suaV2i91D7AI 4ZMxz7AKccmgx6JK5gZn m5Au4RgVgXhOUKbKSdGW oFJmSdI9Mubs3awqWY5w I7VRK3VugXxRlgxCe54Q LTgssryHh3BZe1w1IMJd HET4yE4ksHFmFRytJhfu IVZaGmLbfT5MQpxXO2DP TWpWLT2JICvczaB6q8Bo cZGUbNgsLGnuZE3Ot20K hk9ECfFhibg7bmIlco5h K5LnOJV1Zh18kgMnZsVe vgcAaadTbDs3lU9Z1t49 wrf0xNKoLGLKfuhe6hpI idUlMWK1ZaKWh4awCdHY LtVuPtXkki7L0rCf1ysG pWBi6tyyRZpOm0dbsZfH LS3fS52ozGva9KBtcfZZ 75EgdJC8MacBE2zKZlon N0EmviMgt156P2Bd7oet b69ITlIgTtPRUIpmSw5o tnUjNl6cWuoaXQEfxH4p 0EzLvznzqSsDTCbR5WWQ
0 1336415147.32697 1106610710.76277 1812513166.98548 1543812311.62641 1570097868.06695 1665008893.21549 1388522867.66081 1293805297.55825 1434571632.14572 2194477456.5303497 1708255185.98194 1794312858.24781 1003543903.79939 1475731488.9797 1314950676.84322 1445468004.8279 1502444317.51776 1300110364.23126 2280959362.22891 1171296197.20162 1477593327.5054 1566856436.77952 1231111870.04693 1471716570.9183 2140367363.1466799 
1336415147.32697 0 2075528232.73033 1871051625.23203 1449717916.34187 1716374531.99362 1898833269.17228 1737261872.25711 1563666108.92064 1620899989.0951 1817593659.69133 1609178497.9124 1567403900.86156 1570484391.12892 1917628850.25491 1363067659.94452 1578499051.11374 1698278041.92885 1000848780.89761 1066119794.44738 1634297420.39001 1551202711.3718 1085135196.2645 1031009453.08241 1015015720.48721 1450069884.44965 
1106610710.76277 2075528232.73033 0 1903275118.22528 1975216442.53515 1453000677.20847 2403080516.4017897 1769245916.02254 1465718456.18188 1087618339.10421 2349112106.22957 1988630068.56949 1195380735.718 1916082404.00605 1728595917.012 1502323356.65946 2285065140.0796003 1404180116.36682 1370886173.51579 1864389933.47057 1754482957.51481 1309800493.24058 1449572979.60281 1044518779.64792 1151391110.26041 1369427327.92665 
1812513166.98548 1871051625.23203 1903275118.22528 0 1165985344.37476 1041624062.51413 1121301387.69248 1113739621.18684 1404717100.49795 1621368656.87301 1058550320.49088 1159763325.99369 1628289291.66559 1661321332.54924 1744821349.94421 1323195418.77805 1329669866.38156 1390631317.50922 1115734478.90756 1584606123.87974 2124412228.1054 1720112955.58719 2161121204.35 1068457760.82683 1471365873.37967 1685797447.49802 
1543812311.62641 1449717916.34187 1975216442.53515 1165985344.37476 0 1691284390.52222 1384404762.13792 1893270276.76944 1313696955.89814 1389548447.93853 1556909550.73691 1676115508.7293 1060396721.99303 1984964633.87961 1772793222.83191 1920537234.30797 1167998330.42222 1639470668.39643 1238695037.40458 1059742209.58238 1266700901.30512 2250292063.6234 1530079130.30917 2234443105.20159 1799801588.16108 1419212480.86147 
1570097868.06695 1716374531.99362 1453000677.20847 1041624062.51413 1691284390.52222 0 1579544798.65256 1344581694.94119 1162945711.08282 1613568459.39706 2100174383.0050101 1987943309.04365 1020122603.23896 1201186016.31701 2365130162.4126997 1968034788.98509 1905735791.04958 1882726063.06609 1756429002.788 1000145674.35199 1116789243.00234 1730126665.53653 2094552731.3729 1594929658.69937 1089155855.61606 2177066501.4850397 
1665008893.21549 1898833269.17228 2403080516.4017897 1121301387.69248 1384404762.13792 1579544798.65256 0 1371779913.23515 1197070975.28073 1368373845.22979 1599332861.12073 1661990196.96043 2303247159.1371 1351095431.79928 1894915658.002 1704114589.30052 1562925278.56868 1156835849.33743 1362491225.34003 1690485077.93 1578921313.49067 1130191726.28709 1811875844.15166 1554961185.11108 1322846650.94172 1331642102.44512 
1388522867.66081 1737261872.25711 1769245916.02254 1113739621.18684 1893270276.76944 1344581694.94119 1371779913.23515 0 1566674755.36604 1658620167.91312 1570767759.74159 1966863828.34555 1572237564.86345 1791951714.30842 1410149303.4717 1752063089.63812 1186772580.39831 1950910870.16764 1182253110.87711 1366954245.00758 1928283590.17952 1844256805.80256 1130582327.52283 1993954740.40221 1687322564.52141 2098737328.15034 
1293805297.55825 1563666108.92064 1465718456.18188 1404717100.49795 1313696955.89814 1162945711.08282 1197070975.28073 1566674755.36604 0 1651030190.86814 1652544080.56234 1817283685.73618 1716538302.96369 1675662485.416 2415059330.37348 1770984259.52745 1641798352.63956 1180416050.50768 1895250870.07327 1097518150.50281 1605644023.95992 1286699475.52499 1773936759.12085 1996381837.70364 1910816547.8758 2117858594.473 
1434571632.14572 1620899989.0951 1087618339.10421 1621368656.87301 1389548447.93853 1613568459.39706 1368373845.22979 1658620167.91312 1651030190.86814 0 2219324197.47444 1216052409.50967 1000696448.14813 1651477189.80934 1958931290.79884 1582869748.15507 1810582687.60525 1242753969.67025 1831083243.35335 1282403495.74131 1230514597.33058 1087482005.84481 1587956349.2755 1727183420.88933 1992638969.67267 2243194400.14683 
2194477456.5303497 1817593659.69133 2349112106.22957 1058550320.49088 1556909550.73691 2100174383.0050101 1599332861.12073 1570767759.74159 1652544080.56234 2219324197.47444 0 1003271787.96477 1754498260.49574 1536099121.95596 1917004090.54771 1429018895.87821 1592713382.68432 1942790278.29669 1939469829.17611 1501542466.30963 1065861907.61452 1356068307.10257 1190859406.25163 1304593326.58165 2135921219.88309 1319588758.72225 
1708255185.98194 1609178497.9124 1988630068.56949 1159763325.99369 1676115508.7293 1987943309.04365 1661990196.96043 1966863828.34555 1817283685.73618 1216052409.50967 1003271787.96477 0 1920660292.47482 1040139174.26179 1449299331.25692 1675941405.56529 1524386254.73694 1285302187.96363 2261267114.37766 1272045440.89289 1549119592.10382 1962868953.88771 1823196606.14848 1259119118.17549 1875969136.20882 1073910310.51366 
1794312858.24781 1567403900.86156 1195380735.718 1628289291.66559 1060396721.99303 1020122603.23896 2303247159.1371 1572237564.86345 1716538302.96369 1000696448.14813 1754498260.49574 1920660292.47482 0 1469509583.98365 1622215015.61349 1425208729.01241 1489185059.15163 2101593715.74482 1706424608.49693 1119007355.33241 1467718521.967 2088178453.99294 1074430128.13394 1862852596.65688 2109278458.85502 1242497951.9987 
1003543903.79939 1570484391.12892 1916082404.00605 1661321332.54924 1984964633.87961 1201186016.31701 1351095431.79928 1791951714.30842 1675662485.416 1651477189.80934 1536099121.95596 1040139174.26179 1469509583.98365 0 1418277471.07459 1291948568.89136 1651332514.64462 1688835475.04779 1371059957.35636 1529346500.97094 1608179373.60732 1002890305.20138 1559295474.42712 1761745633.05978 1930081347.99887 1979317261.21205 
1475731488.9797 1917628850.25491 1728595917.012 1744821349.94421 1772793222.83191 2365130162.4126997 1894915658.002 1410149303.4717 2415059330.37348 1958931290.79884 1917004090.54771 1449299331.25692 1622215015.61349 1418277471.07459 0 1329295539.19337 1714945578.26415 1874354337.56098 1036138278.99016 1862378709.608 1774545869.04766 1558783080.58747 1459116502.65487 1609742480.46515 1728368849.33811 1975959403.4135 
1314950676.84322 1363067659.94452 1502323356.65946 1323195418.77805 1920537234.30797 1968034788.98509 1704114589.30052 1752063089.63812 1770984259.52745 1582869748.15507 1429018895.87821 1675941405.56529 1425208729.01241 1291948568.89136 1329295539.19337 0 1163159202.69835 1160938477.01571 1303351100.88135 1915670627.28615 1831986008.43273 2294838874.09274 1327120187.25372 2391653179.60488 1738473458.4814 1379241863.99871 
1445468004.8279 1578499051.11374 2285065140.0796003 1329669866.38156 1167998330.42222 1905735791.04958 1562925278.56868 1186772580.39831 1641798352.63956 1810582687.60525 1592713382.68432 1524386254.73694 1489185059.15163 1651332514.64462 1714945578.26415 1163159202.69835 0 1793321413.30966 1528522413.41343 2227740540.0046 1777646552.01547 1749124642.09973 1698573081.24548 1407954800.45748 1330341898.95021 1276249492.87041 
1502444317.51776 1698278041.92885 1404180116.36682 1390631317.50922 1639470668.39643 1882726063.06609 1156835849.33743 1950910870.16764 1180416050.50768 1242753969.67025 1942790278.29669 1285302187.96363 2101593715.74482 1688835475.04779 1874354337.56098 1160938477.01571 1793321413.30966 0 1065454135.37322 1675803613.5154 1355657586.82906 1970350021.61998 1394112873.91143 1944647435.84599 1968322137.95217 1784077544.40643 
1300110364.23126 1000848780.89761 1370886173.51579 1115734478.90756 1238695037.40458 1756429002.788 1362491225.34003 1182253110.87711 1895250870.07327 1831083243.35335 1939469829.17611 2261267114.37766 1706424608.49693 1371059957.35636 1036138278.99016 1303351100.88135 1528522413.41343 1065454135.37322 0 1258611988.86123 1608374027.3557 2241269399.87326 1487489456.65102 1860443068.30706 1412447345.48792 1820774954.07709 
2280959362.22891 1066119794.44738 1864389933.47057 1584606123.87974 1059742209.58238 1000145674.35199 1690485077.93 1366954245.00758 1097518150.50281 1282403495.74131 1501542466.30963 1272045440.89289 1119007355.33241 1529346500.97094 1862378709.608 1915670627.28615 2227740540.0046 1675803613.5154 1258611988.86123 0 1584229183.19703 1542701303.2023 2151254990.7118797 1989848554.63676 1970072687.28148 1552052917.1759 
1171296197.20162 1634297420.39001 1754482957.51481 2124412228.1054 1266700901.30512 1116789243.00234 1578921313.49067 1928283590.17952 1605644023.95992 1230514597.33058 1065861907.61452 1549119592.10382 1467718521.967 1608179373.60732 1774545869.04766 1831986008.43273 1777646552.01547 1355657586.82906 1608374027.3557 1584229183.19703 0 1955586038.63101 2256721313.86615 1149421054.50427 1576191608.06602 1456038148.15191 
1477593327.5054 1551202711.3718 1309800493.24058 1720112955.58719 2250292063.6234 1730126665.53653 1130191726.28709 1844256805.80256 1286699475.52499 1087482005.84481 1356068307.10257 1962868953.88771 2088178453.99294 1002890305.20138 1558783080.58747 2294838874.09274 1749124642.09973 1970350021.61998 2241269399.87326 1542701303.2023 1955586038.63101 0 1409800731.31177 1075777831.56523 2130343752.1305099 1191980636.81586 
1566856436.77952 1085135196.2645 1449572979.60281 2161121204.35 1530079130.30917 2094552731.3729 1811875844.15166 1130582327.52283 1773936759.12085 1587956349.2755 1190859406.25163 1823196606.14848 1074430128.13394 1559295474.42712 1459116502.65487 1327120187.25372 1698573081.24548 1394112873.91143 1487489456.65102 2151254990.7118797 2256721313.86615 1409800731.31177 0 1565353263.74124 1625250550.56932 1420148423.44998 
1231111870.04693 1031009453.08241 1044518779.64792 1068457760.82683 2234443105.20159 1594929658.69937 1554961185.11108 1993954740.40221 1996381837.70364 1727183420.88933 1304593326.58165 1259119118.17549 1862852596.65688 1761745633.05978 1609742480.46515 2391653179.60488 1407954800.45748 1944647435.84599 1860443068.30706 1989848554.63676 1149421054.50427 1075777831.56523 1565353263.74124 0 1061795093.22754 1303174236.39688 
1471716570.9183 1015015720.48721 1151391110.26041 1471365873.37967 1799801588.16108 1089155855.61606 1322846650.94172 1687322564.52141 1910816547.8758 1992638969.67267 2135921219.88309 1875969136.20882 2109278458.85502 1930081347.99887 1728368849.33811 1738473458.4814 1330341898.95021 1968322137.95217 1412447345.48792 1970072687.28148 1576191608.06602 2130343752.1305099 1625250550.56932 1061795093.22754 0 1945955472.33697 
2140367363.1466799 1450069884.44965 1369427327.92665 1685797447.49802 1419212480.86147 2177066501.4850397 1331642102.44512 2098737328.15034 2117858594.473 2243194400.14683 1319588758.72225 1073910310.51366 1242497951.9987 1979317261.21205 1975959403.4135 1379241863.99871 1276249492.87041 1784077544.40643 1820774954.07709 1552052917.1759 1456038148.15191 1191980636.81586 1420148423.44998 1303174236.39688 1945955472.33697 0 
