51
L23 L6 L68 L29 L92 L60 L73 L39 L77 L51 L83 L79 L15 L14 L33 L7 L75 L48 L24 L20 L22 L1 L45 L2 L10 L42 L80 L62 L54 L41 L43 L12 L32 L69 L97 L8 L85 L19 L21 L81 L31 L72 L74 L86 L46 L84 L88 L50 L93 L28 L0
0 5.05949 4.50235 7.33401 4.52639 5.34143 5.08117 5.89808 4.97228 6.84937 5.66824 7.06618 7.4015699999999995 7.0282599999999995 4.55734 7.16385 6.58384 6.888630000000001 2.78933 5.29116 2.68751 5.2173 5.30757 5.2642299999999995 5.08241 7.449050000000001 5.47439 7.528600000000001 7.09138 5.1706 7.05194 2.46199 4.91519 4.98345 5.3751 4.8637 5.386570000000001 5.66955 2.97146 7.26287 5.139530000000001 4.662800000000001 4.86446 2.84561 6.616110000000001 4.64573 6.70862 6.90598 5.45693 6.883180000000001 5.008900000000001 
5.05949 0 4.90235 4.90091 4.89095 4.78578 2.07872 4.13676 4.41663 4.8673 2.19761 6.24012 6.419910000000001 6.24615 4.6538900000000005 2.53133 4.3755500000000005 4.68034 4.531879999999999 4.88504 2.87795 4.11336 6.597300000000001 4.54921 4.32122 4.960839999999999 4.10839 4.67305 4.78195 4.85499 5.1090800000000005 6.35638 4.88828 4.679819999999999 2.3506 4.94636 4.14159 5.19491 4.18843 4.967280000000001 2.39435 4.3486899999999995 4.38863 4.38874 5.031000000000001 5.01522 4.217639999999999 6.5563400000000005 4.474679999999999 4.6748899999999995 4.743930000000001 
4.50235 4.90235 0 6.7777899999999995 4.11155 4.39984 4.0587800000000005 4.8986 5.13062 6.77481 4.23027 4.16084 4.41296 4.73173 4.706340000000001 7.322190000000001 2.3686 5.15901 4.6773299999999995 4.26715 4.67157 4.42472 4.88594 4.6021 4.30862 4.733829999999999 2.02911 5.343109999999999 4.88948 6.58781 2.54959 2.04036 2.55147 2.73824 4.53245 4.93919 5.2415400000000005 6.344200000000001 5.36006 4.80593 5.045400000000001 2.17176 4.85917 4.57381 5.40062 4.57117 6.53579 4.97654 2.10076 4.43867 4.235110000000001 
7.33401 4.90091 6.77779 0 6.68782 5.07026 5.11709 2.57321 7.10801 5.44996 7.04744 2.71455 4.80855 6.72077 5.22339 7.43224 6.80431 5.0400100000000005 4.73423 4.69905 5.30325 6.7056499999999994 6.570819999999999 4.75156 4.55397 2.93973 4.84628 7.353 7.04146 2.16341 4.76918 5.35714 4.9203399999999995 6.739559999999999 7.060049999999999 7.14555 6.7588799999999996 4.8979099999999995 5.49983 4.69608 5.41844 5.539580000000001 4.869540000000001 7.01005 6.95518 6.77736 4.98597 4.57324 4.67703 2.73486 5.46798 
4.52639 4.89095 4.11155 6.68782 0 4.11825 6.49986 6.49732 4.86651 6.2777199999999995 4.88767 7.095130000000001 4.969200000000001 4.4703599999999994 4.61093 4.874079999999999 5.521 4.86004 5.00352 5.139060000000001 2.013 6.19587 2.06104 4.10913 2.30356 4.72428 6.1406600000000005 4.727690000000001 5.28958 4.69412 5.00564 4.90662 6.66302 4.55311 4.9123 2.45905 6.50215 6.80738 4.62148 4.908519999999999 6.9577 4.51281 4.18995 6.5210799999999995 4.172140000000001 4.52695 5.67824 4.53868 2.01079 6.6997100000000005 6.25705 
5.34143 4.78578 4.39984 5.07026 4.11825 0 6.4271400000000005 6.86417 4.69857 5.76347 5.26169 6.734770000000001 2.06014 2.43171 4.70887 4.96555 4.1045 5.05522 6.261749999999999 2.98436 5.10583 5.2173 2.05721 4.1053 4.598509999999999 6.43694 4.74634 4.72386 6.62951 4.70528 4.2527 4.9027899999999995 6.88494 2.77948 4.5835799999999995 2.65423 4.51687 4.8766 4.50462 4.55307 5.291510000000001 4.99168 5.15805 6.7731200000000005 4.16831 5.42665 5.506550000000001 4.4598700000000004 2.29908 4.85482 4.72008 
5.08117 2.07872 4.0587800000000005 5.11709 6.49986 6.4271400000000005 0 2.54388 4.96342 2.78858 4.230829999999999 4.1614 4.71587 4.57568 4.7069 4.61005 4.80048 5.73658 4.9161 4.429410000000001 4.48686 2.03464 5.26098 4.39084 4.4839400000000005 5.29881 2.02967 2.59433 6.86067 6.576880000000001 4.73094 4.4707799999999995 4.89101 6.57502 4.429320000000001 7.02508 6.22031 5.43675 2.10971 4.80649 4.47307 2.26997 2.30991 4.64104 6.54632 4.63471 6.29636 5.33465 6.159540000000001 4.14443 4.33459 
5.89808 4.13676 4.8986 2.57321 6.49732 6.86417 2.54388 0 6.3707 5.33246 6.33437 4.852589999999999 5.58811 5.02577 4.9765 6.668089999999999 7.15739 6.58712 4.472989999999999 4.95665 4.48432 4.57852 4.80696 4.47743 5.14785 4.509 4.57355 5.13821 6.5848700000000004 4.73662 4.986599999999999 4.31343 2.34713 4.1663499999999996 4.81552 7.17385 4.18567 7.03595 2.92662 6.4457699999999996 4.841060000000001 4.81385 4.85379 5.21537 4.46025 5.34353 5.07102 4.7722 6.99936 5.30807 4.588900000000001 
4.97228 4.41663 5.13062 7.10801 4.86651 4.69857 4.96342 6.3707 0 4.8531200000000005 5.0018899999999995 5.271050000000001 6.758710000000001 4.708830000000001 6.85229 2.19157 4.87767 2.068 6.5732099999999996 5.34585 4.9423 4.3464 6.36867 4.35891 5.30364 4.93107 4.17506 4.7711500000000004 6.526059999999999 6.77608 4.862080000000001 6.5497700000000005 7.287460000000001 2.51968 4.2066 4.46899 4.65254 5.13012 5.88552 4.7991 4.7935300000000005 5.60993 2.76535 5.09648 6.6965900000000005 5.16685 6.47555 6.57164 6.8773 4.96413 2.44395 
6.84937 4.8673 6.7748099999999996 5.44996 6.27772 5.76347 2.78858 5.33246 4.8531200000000005 0 5.02125 6.94041 6.6227 6.129 4.70059 7.044690000000001 4.57834 2.948 6.944750000000001 2.77911 4.2647200000000005 4.82322 6.74021 4.7588 4.42703 2.51023 4.80868 5.0865100000000005 6.8402899999999995 4.9559 4.69447 6.64077 4.93407 4.85081 6.675599999999999 5.348990000000001 4.4857700000000005 5.6135 4.89829 6.50799 5.4338999999999995 4.60305 2.08777 4.4189 7.4117 2.20364 4.2665299999999995 2.54607 5.33081 6.88799 4.15487 
5.66824 2.19761 4.23027 7.04744 4.88767 5.26169 4.230829999999999 6.33437 5.0018899999999995 5.02125 0 4.33289 4.64311 4.67136 4.87839 4.72894 5.17848 4.9029799999999994 6.729489999999999 4.60236 5.02232 5.49151 6.94871 5.42155 5.041 5.22459 2.20116 5.700480000000001 6.96818 5.22267 6.779859999999999 5.15687 6.78174 2.48221 4.54821 7.1340699999999995 2.18638 4.91223 6.340539999999999 4.6846 4.59196 2.95606 5.80064 4.72734 5.71687 2.81761 4.8805 5.36397 5.03828 6.789269999999999 4.72264 
7.066179999999999 6.240120000000001 4.16084 2.71455 7.09513 6.73477 4.1614 4.852589999999999 5.271050000000001 6.94041 4.33289 0 4.8179300000000005 6.939299999999999 2.50884 7.335229999999999 6.52944 5.67087 4.63132 5.00675 7.01199 6.19604 5.407360000000001 4.78193 4.79157 5.415699999999999 2.13173 6.75573 5.04288 2.47111 6.710430000000001 6.2012 2.50546 4.75015 6.42241 4.9201999999999995 5.190799999999999 2.18336 5.3094 2.47073 4.99939 4.561120000000001 6.471310000000001 4.76051 5.627549999999999 4.73677 5.2936700000000005 4.88094 6.2616000000000005 4.4520599999999995 4.86953 
7.4015699999999995 6.419910000000001 4.41296 4.80855 4.969200000000001 2.06014 4.71587 5.58811 6.758709999999999 6.6227 4.64311 4.8179300000000005 0 2.77543 5.36343 7.025690000000001 2.04436 5.28027 5.5385 5.0445 4.96741 4.888859999999999 4.11735 6.16544 4.94223 4.376799999999999 2.6862 4.986079999999999 5.703200000000001 2.64514 2.19256 6.45332 6.96443 4.772349999999999 6.64372 4.714370000000001 2.45673 6.935839999999999 6.564760000000001 2.49293 5.66891 5.11559 4.53493 4.99769 6.2284500000000005 4.73886 5.467700000000001 5.05497 2.95841 6.55176 4.66727 
7.0282599999999995 6.24615 4.73173 6.720769999999999 4.4703599999999994 2.43171 4.57568 5.02577 4.708830000000001 6.1290000000000004 4.67136 6.939299999999999 2.77543 0 6.42809 5.29493 4.81979 4.609920000000001 4.866759999999999 5.4160699999999995 4.40507 5.09542 4.48892 5.00328 2.1668 6.47689 4.98936 5.0815 6.99363 4.557359999999999 4.29265 4.566269999999999 6.82699 2.18915 4.7755399999999995 5.08594 5.23216 4.915570000000001 4.834 4.46857 5.10657 2.55997 4.0412300000000005 4.9107 4.9861 4.3901900000000005 5.76956 4.4019200000000005 4.73079 5.184200000000001 4.42958 
4.55734 4.6538900000000005 4.706340000000001 5.22339 4.61093 4.70887 4.7069 4.9765 6.852290000000001 4.70059 4.87839 2.50884 5.36343 6.428090000000001 0 7.185220000000001 4.74934 6.97317 4.75523 5.12026 5.40904 5.0464 6.67197 4.90843 4.72034 5.32006 2.67723 5.3798200000000005 2.53404 4.9799500000000005 7.255930000000001 6.61173 2.62937 5.06799 6.5068 4.94824 4.77908 4.6922 2.80056 4.60742 5.1233 4.89636 5.2655 5.306010000000001 5.04019 2.49695 4.5598399999999994 5.05444 4.8339 5.33692 6.49681 
7.16385 2.53133 7.32219 7.43224 4.874079999999999 4.96555 4.61005 6.668089999999999 2.19157 7.04469 4.72894 7.335229999999999 7.025690000000001 5.29493 7.185220000000001 0 6.906879999999999 4.25957 7.06321 5.30979 5.40928 6.53797 5.246230000000001 6.55048 5.49428 7.1226400000000005 6.36663 2.57958 7.31328 6.95021 5.3731 7.3554900000000005 6.96545 4.71125 4.8819300000000005 2.41503 6.6729199999999995 7.32169 4.5851299999999995 4.8645 4.92568 6.88002 4.95692 6.92007 7.357330000000001 5.4624500000000005 6.74897 4.54038 5.30711 4.93533 4.63552 
6.58384 4.3755500000000005 2.3686 6.804309999999999 5.521 4.1045 4.80048 7.15739 4.87767 4.57834 5.17848 6.52944 2.04436 4.81979 4.74934 6.906880000000001 0 4.74541 6.43528 4.62692 4.58803 4.92286 6.161709999999999 5.663690000000001 4.96406 5.24915 4.39771 5.4382 4.34584 4.689500000000001 4.23692 4.40896 4.92007 4.86334 4.99329 5.94043 4.50109 4.93679 6.91019 4.53126 4.9724900000000005 4.54036 2.49057 4.8217 4.59489 2.76466 4.8275500000000005 6.505739999999999 4.46936 4.54887 2.62291 
6.888630000000001 4.68034 5.15901 5.0400100000000005 4.86004 5.05522 5.73658 6.5871200000000005 2.068 2.948 4.9029799999999994 5.67087 5.28027 4.609920000000001 6.97317 4.25957 4.74541 0 6.67344 4.525460000000001 4.89282 4.64711 4.339 2.29091 5.1547 5.45823 6.243060000000001 6.83915 4.45806 5.39654 4.6637900000000005 5.09315 6.92871 2.42077 4.74319 2.40099 2.82354 7.02394 6.7447 4.59069 4.970409999999999 5.43419 4.76415 5.3645 4.801740000000001 5.06794 4.4075500000000005 4.50364 5.29307 5.0447500000000005 4.511950000000001 
2.78933 4.531879999999999 4.6773299999999995 4.73423 5.00352 6.261749999999999 4.9161 4.472989999999999 6.5732099999999996 6.944750000000001 6.729489999999999 4.63132 5.5385 4.866759999999999 4.75523 7.06321 6.4352800000000006 6.673439999999999 0 6.90156 5.04941 2.88146 4.20454 4.38253 2.69996 4.79416 5.31235 5.61466 7.28927 4.61195 4.589700000000001 5.25132 2.12586 5.63683 5.3087 5.51708 5.55185 6.814679999999999 5.1273 6.9838000000000005 4.61979 5.41691 6.970000000000001 4.92474 5.34892 4.741110000000001 4.7924299999999995 4.550929999999999 4.308 4.81102 5.18141 
5.29116 4.88504 4.26715 4.69905 5.139060000000001 2.98436 4.429410000000001 4.95665 5.34585 2.77911 4.60236 5.00675 5.0445 5.4160699999999995 5.12026 5.30979 4.62692 4.525460000000001 6.90156 0 4.92818 4.56554 5.04157 4.75855 4.9262 4.67303 6.29626 7.02374 4.14372 2.53564 5.88222 6.307510000000001 6.78669 5.46949 4.428850000000001 2.89476 4.96148 2.83439 2.3197 4.133039999999999 4.7396 6.43891 4.86688 4.73026 6.756310000000001 4.98275 5.3582 4.36162 4.48672 4.93194 4.4581 
2.68751 2.87795 4.67157 5.30325 2.013 5.10583 4.48686 4.48432 4.9423 4.2647200000000005 5.02232 7.011990000000001 4.96741 4.40507 5.40904 5.40928 4.58803 4.89282 5.04941 4.92818 0 4.8543199999999995 4.07404 4.94798 4.31656 4.89623 4.9292 5.18793 6.804169999999999 5.2025500000000005 4.3659 4.700620000000001 6.83145 2.54011 4.53561 4.472049999999999 4.48915 4.82863 2.60848 4.81953 5.179819999999999 2.49981 2.17695 4.50808 6.1851400000000005 4.89922 5.37232 6.55168 4.02379 4.88737 4.24405 
5.2173 4.11336 4.42472 6.7056499999999994 6.19587 5.2173 2.03464 4.57852 4.3464 4.82322 5.49151 6.19604 4.888859999999999 5.09542 5.0464 6.53797 4.92286 4.64711 2.88146 4.56554 4.8543199999999995 0 4.13483 2.3562 5.219989999999999 4.88054 4.06431 4.62897 6.98783 4.54224 2.6963 4.73626 5.00732 4.54038 4.42961 5.09815 4.51206 4.98612 2.24584 6.62121 4.64953 2.53545 4.34455 4.88783 5.347989999999999 4.6714 6.5332 4.56893 5.22546 5.03307 2.29995 
5.30757 6.597300000000001 4.88594 6.57082 2.06104 2.05721 5.26098 4.80696 6.36867 6.74021 6.94871 5.407360000000001 4.11735 4.48892 6.67197 5.246230000000001 6.16171 4.339 4.20454 5.04157 4.07404 4.13483 0 2.04809 4.3646 6.5694 5.42168 2.66665 5.58206 4.4074100000000005 4.38516 2.84558 6.330399999999999 4.83669 6.45188 4.52009 6.534330000000001 6.933809999999999 6.38067 2.93663 7.34872 5.046390000000001 6.25099 6.8114799999999995 2.1111 4.53657 6.5994600000000005 4.260820000000001 4.07183 6.3314200000000005 5.48194 
5.2642299999999995 4.54921 4.6021 4.75156 4.10913 4.1053 4.39084 4.47743 4.35891 4.7588 5.42155 4.78193 6.16544 5.00328 4.90843 6.55048 5.663690000000001 2.29091 4.38253 4.75855 4.94798 2.3562 2.04809 0 2.86379 4.81149 4.91798 4.714740000000001 6.50695 4.62256 5.0525 2.80224 4.6378 4.711679999999999 4.9926200000000005 4.6919 5.11445 5.41465 4.45379 4.98472 6.943560000000001 4.89165 5.48701 5.06521 2.99179 5.08718 6.55582 2.21273 4.32533 4.475009999999999 4.65615 
5.08241 4.32122 4.30862 4.55397 2.30356 4.598509999999999 4.4839400000000005 5.14785 5.30364 4.42703 5.041 4.79157 4.94223 2.1668 4.72034 5.49428 4.96406 5.1547 2.69996 4.9262 4.31656 5.219989999999999 4.3646 2.86379 0 5.33515 4.7584 2.9147 6.5293399999999995 2.39056 5.69759 4.30989 4.66019 4.35595 2.60874 4.7626100000000005 4.505520000000001 6.71993 5.40604 6.4923 6.544549999999999 4.6228 6.20803 4.61232 5.85558 2.22339 4.28628 2.23512 4.31435 4.48465 4.19497 
7.449050000000001 4.960839999999999 4.733829999999999 2.93973 4.72428 6.43694 5.29881 4.509 4.93107 2.51023 5.22459 5.415699999999999 4.376799999999999 6.476889999999999 5.32006 7.1226400000000005 5.24915 5.45823 4.79416 4.67303 4.89623 4.88054 6.5694 4.81149 5.33515 0 6.6862 4.97776 7.59587 2.94459 2.18424 6.774189999999999 5.4176 4.3977699999999995 5.04694 6.88053 5.25134 4.9829 6.99273 4.755269999999999 2.92367 6.905589999999999 4.598 5.2175899999999995 5.68809 4.71387 5.76715 5.0563 4.73696 5.23998 4.820320000000001 
5.47439 4.10839 2.02911 4.84628 6.1406600000000005 4.74634 2.02967 4.57355 4.17506 4.80868 2.20116 2.13173 2.6862 4.98936 2.67723 6.366630000000001 4.39771 6.24306 5.31235 6.29626 4.9292 4.06431 5.42168 4.91798 4.7584 6.6862 0 4.624 5.211270000000001 4.6028400000000005 4.5786999999999995 4.069470000000001 4.58058 4.68337 4.29068 5.22629 4.3875399999999996 4.31509 4.13938 2.77682 4.9227 2.42939 4.33958 2.62878 5.08799 2.60504 4.5315 5.32971 4.12987 4.58811 4.684889999999999 
7.528600000000001 4.67305 5.343109999999999 7.353 4.727690000000001 4.72386 2.59433 5.13821 4.7711500000000004 5.0865100000000005 5.700480000000001 6.75573 4.986079999999999 5.0815 5.3798200000000005 2.57958 5.4382 6.83915 5.61466 7.02374 5.18793 4.62897 2.66665 4.714740000000001 2.9147 4.97776 4.624 0 5.22636 5.18959 2.79352 5.512230000000001 5.204829999999999 5.05572 4.66568 4.925549999999999 5.165 4.9587 4.70404 5.27358 5.1648700000000005 4.8643 4.88239 7.19517 4.77775 2.88287 4.94576 2.77976 5.1622900000000005 5.09609 2.81529 
7.091379999999999 4.78195 4.88948 7.04146 5.28958 6.62951 6.860670000000001 6.5848700000000004 6.526059999999999 6.8402899999999995 6.96818 5.04288 5.703200000000001 6.99363 2.53404 7.313280000000001 4.34584 4.45806 7.28927 4.14372 6.804170000000001 6.987830000000001 5.58206 6.50695 6.52934 7.59587 5.211270000000001 5.22636 0 4.87805 5.61961 6.92984 5.163410000000001 6.87883 4.36145 6.54087 6.589700000000001 6.97811 5.3346 5.69272 4.6722 6.332379999999999 6.301889999999999 6.748189999999999 4.27881 5.03099 5.2695 4.29422 6.777609999999999 4.86454 6.96875 
5.1706 4.85499 6.58781 2.16341 4.69412 4.70528 6.576879999999999 4.73662 6.77608 4.9559 5.22267 2.47111 2.64514 4.557359999999999 4.9799500000000005 6.95021 4.689500000000001 5.39654 4.61195 2.53564 5.2025500000000005 4.54224 4.4074100000000005 4.62256 2.39056 2.94459 4.6028400000000005 5.18959 4.87805 0 4.7925699999999996 6.58908 4.834899999999999 6.746509999999999 4.9993 5.430400000000001 4.9039 4.65447 4.85534 4.94184 5.1266300000000005 5.43727 5.02899 4.84664 5.1271 4.61395 2.82256 2.40983 5.00315 4.89827 6.4741599999999995 
7.05194 5.1090800000000005 2.54959 4.76918 5.00564 4.2527 4.73094 4.986599999999999 4.862080000000001 4.69447 6.779859999999999 6.71043 2.19256 4.29265 7.255929999999999 5.3731 4.23692 4.6637900000000005 4.589700000000001 5.88222 4.3659 2.6963 4.38516 5.0525 5.69759 2.18424 4.5786999999999995 2.79352 5.61961 4.7925699999999996 0 4.58995 5.10106 5.28783 4.9777000000000005 4.696289999999999 4.64929 7.16714 4.94214 4.31986 5.04222 4.721349999999999 4.493320000000001 6.44556 6.4962599999999995 4.92173 4.83825 5.4642 4.6503499999999995 5.47349 4.99625 
2.46199 6.35638 2.04036 5.35714 4.90662 4.9027899999999995 4.4707799999999995 4.31343 6.5497700000000005 6.64077 5.15687 6.201200000000001 6.453320000000001 4.566269999999999 6.61173 7.35549 4.40896 5.09315 5.25132 6.307510000000001 4.700620000000001 4.73626 2.84558 2.80224 4.30989 6.77419 4.069470000000001 5.512230000000001 6.92984 6.58908 4.58995 0 4.59183 4.7786 6.5728100000000005 4.94046 6.71543 5.42734 4.28873 5.78221 6.58596 2.20081 4.553 5.307600000000001 4.15412 4.60022 6.557599999999999 5.01497 4.141120000000001 6.47903 4.2363800000000005 
4.91519 4.88828 2.55147 4.9203399999999995 6.66302 6.88494 4.89101 2.34713 7.28746 4.93407 6.78174 2.50546 6.96443 6.82699 2.62937 6.965450000000001 4.92007 6.928710000000001 2.12586 6.78669 6.83145 5.00732 6.3304 4.6378 4.66019 5.4176 4.58058 5.204829999999999 5.163410000000001 4.834899999999999 5.10106 4.59183 0 5.2897099999999995 7.00442 7.42566 6.5328 4.68882 5.27375 4.97619 2.49393 4.72323 6.91061 4.787850000000001 6.80738 4.994949999999999 6.91829 2.42507 4.65223 6.85472 4.84351 
4.98345 4.679819999999999 2.73824 6.739559999999999 4.55311 2.77948 6.57502 4.1663499999999996 2.51968 4.85081 2.48221 4.75015 4.772349999999999 2.18915 5.06799 4.71125 4.86334 2.42077 5.63683 5.46949 2.54011 4.54038 4.83669 4.711679999999999 4.35595 4.3977699999999995 4.68337 5.05572 6.878830000000001 6.74651 5.28783 4.7786 5.2897099999999995 0 4.70429 4.72889 4.66859 4.9266000000000005 5.14859 2.27942 4.5900099999999995 4.74912 4.30753 5.68613 6.48213 2.64717 4.71006 6.59107 4.839 4.9735499999999995 2.24043 
5.3751 2.3506 4.53245 7.060049999999999 4.9123 4.5835799999999995 4.429320000000001 4.81552 4.2066 6.6756 4.54821 6.42241 6.64372 4.7755399999999995 6.5068 4.8819300000000005 4.99329 4.74319 5.3087 4.428850000000001 4.53561 4.42961 6.45188 4.9926200000000005 2.60874 5.04694 4.29068 4.66568 4.36145 4.9993 4.9777000000000005 6.5728100000000005 7.00442 4.70429 0 5.32184 4.7357499999999995 4.30638 6.53903 6.4058 4.72129 6.668949999999999 4.58783 2.52949 6.7798 4.83213 4.93633 4.57935 6.63321 4.44377 4.14986 
4.8637 4.94636 4.93919 7.14555 2.45905 2.65423 7.025080000000001 7.17385 4.46899 5.348990000000001 7.1340699999999995 4.9201999999999995 4.714370000000001 5.08594 4.94824 2.41503 5.94043 2.40099 5.51708 2.89476 4.472049999999999 5.09815 4.52009 4.6919 4.7626100000000005 6.880529999999999 5.22629 4.925549999999999 6.54087 5.430400000000001 4.696289999999999 4.94046 7.425659999999999 4.72889 5.32184 0 5.22453 5.729150000000001 5.214460000000001 2.44947 7.17512 6.9718599999999995 6.648999999999999 7.01502 6.63119 5.036630000000001 6.808540000000001 6.904630000000001 2.89208 6.508299999999999 4.82554 
5.386570000000001 4.14159 5.2415400000000005 6.7588799999999996 6.50215 4.51687 6.22031 4.18567 4.65254 4.4857700000000005 2.18638 5.190799999999999 2.45673 5.23216 4.77908 6.6729199999999995 4.50109 2.82354 5.55185 4.96148 4.48915 4.51206 6.534330000000001 5.11445 4.505520000000001 5.25134 4.3875399999999996 5.165 6.589700000000001 4.9039 4.64929 6.71543 6.5328 4.66859 4.7357499999999995 5.22453 0 6.97251 6.757899999999999 4.7801100000000005 4.83488 4.68154 4.87209 2.54096 5.21288 2.28213 4.34502 4.99079 5.41514 6.60009 6.81201 
5.66955 5.19491 6.3442 4.8979099999999995 6.80738 4.8766 5.43675 7.03595 5.13012 5.6135 4.91223 2.18336 6.935839999999999 4.915570000000001 4.6922 7.32169 4.93679 7.02394 6.814679999999999 2.83439 4.82863 4.98612 6.933809999999999 5.41465 6.719930000000001 4.9829 4.31509 4.9587 6.978109999999999 4.65447 7.16714 5.42734 4.68882 4.9266000000000005 4.30638 5.729150000000001 6.97251 0 5.15409 4.4429099999999995 5.01431 5.44464 4.7532700000000006 5.77177 7.13159 6.9201299999999994 5.22935 7.064299999999999 4.79659 4.73679 2.68617 
2.97146 4.18843 5.36006 5.49983 4.62148 4.50462 2.10971 2.92662 5.88552 4.89829 6.34054 5.3094 6.56476 4.834 2.80056 4.5851299999999995 6.91019 6.7447 5.1273 2.3197 2.60848 2.24584 6.38067 4.45379 5.40604 6.99273 4.13938 4.70404 5.3346 4.85534 4.94214 4.28873 5.27375 5.14859 6.53903 5.214460000000001 6.757899999999999 5.15409 0 6.45274 6.5827800000000005 4.3796800000000005 4.41962 5.81707 4.43661 5.29751 6.65987 4.07945 6.63227 4.4744 4.54579 
7.2628699999999995 4.967280000000001 4.80593 4.69608 4.908519999999999 4.55307 4.80649 6.4457699999999996 4.7991 6.50799 4.6846 2.47073 2.49293 4.46857 4.60742 4.8645 4.53126 4.59069 6.9838000000000005 4.133039999999999 4.81953 6.62121 2.93663 4.98472 6.4923 4.755269999999999 2.77682 5.27358 5.69272 4.94184 4.31986 5.78221 4.97619 2.27942 6.405799999999999 2.44947 4.7801100000000005 4.4429099999999995 6.4527399999999995 0 4.87012 5.090260000000001 4.4202200000000005 4.91068 4.20271 4.92659 4.76515 5.15346 4.568960000000001 4.05883 4.51985 
5.139530000000001 2.39435 5.045400000000001 5.41844 6.957699999999999 5.291510000000001 4.47307 4.841060000000001 4.7935300000000005 5.4338999999999995 4.59196 4.99939 5.66891 5.10657 5.1233 4.92568 4.9724900000000005 4.970409999999999 4.61979 4.7396 5.179819999999999 4.64953 7.34872 6.94356 6.54455 2.92367 4.9227 5.1648700000000005 4.6722 5.1266300000000005 5.04222 6.58596 2.49393 4.5900099999999995 4.72129 7.17512 4.83488 5.01431 6.58278 4.87012 0 5.324339999999999 4.4166799999999995 2.29392 5.55241 5.6678999999999995 5.15822 4.8901 6.8690299999999995 5.0827 2.34958 
4.662800000000001 4.3486899999999995 2.17176 5.539580000000001 4.51281 4.99168 2.26997 4.81385 5.60993 4.60305 2.95606 4.561120000000001 5.11559 2.55997 4.89636 6.88002 4.54036 5.43419 5.41691 6.43891 2.49981 2.53545 5.046390000000001 4.89165 4.6228 6.905589999999999 2.42939 4.8643 6.33238 5.43727 4.721349999999999 2.20081 4.72323 4.74912 6.66895 6.9718599999999995 4.68154 5.44464 4.3796800000000005 5.090260000000001 5.324339999999999 0 2.84458 5.00797 6.3549299999999995 2.39941 4.4623 6.85792 4.27252 5.78531 4.8354 
4.86446 4.38863 4.85917 4.869540000000001 4.18995 5.15805 2.30991 4.85379 2.76535 2.08777 5.80064 6.47131 4.53493 4.0412300000000005 5.2655 4.95692 2.49057 4.76415 6.970000000000001 4.86688 2.17695 4.34455 6.25099 5.48701 6.208030000000001 4.598 4.33958 4.88239 6.30189 5.02899 4.493320000000001 4.553 6.91061 4.30753 4.58783 6.648999999999999 4.87209 4.7532700000000006 4.41962 4.4202200000000005 4.4166799999999995 2.84458 0 2.33113 5.59727 4.29141 4.86209 4.633839999999999 6.20074 4.8002199999999995 2.0671 
2.84561 4.38874 4.57381 7.01005 6.5210799999999995 6.7731200000000005 4.64104 5.21537 5.09648 4.4189 4.72734 4.76051 4.99769 4.9107 5.306010000000001 6.920070000000001 4.8217 5.3645 4.92474 4.73026 4.50808 4.88783 6.8114799999999995 5.06521 4.61232 5.2175899999999995 2.62878 7.19517 6.748189999999999 4.84664 6.44556 5.307600000000001 4.787850000000001 5.68613 2.52949 7.01502 2.54096 5.77177 5.81707 4.91068 2.29392 5.00797 2.33113 0 4.70038 4.8230900000000005 4.143890000000001 6.847440000000001 6.6136 4.9282900000000005 4.39823 
6.61611 5.031000000000001 5.40062 6.95518 4.172140000000001 4.16831 6.54632 4.46025 6.6965900000000005 7.4117 5.71687 5.627549999999999 6.2284500000000005 4.9861 5.04019 7.35733 4.59489 4.801740000000001 5.34892 6.75631 6.1851400000000005 5.347989999999999 2.1111 2.99179 5.85558 5.68809 5.08799 4.77775 4.27881 5.1271 6.49626 4.15412 6.80738 6.48213 6.7798 6.63119 5.21288 7.131589999999999 4.43661 4.20271 5.55241 6.3549299999999995 5.59727 4.70038 0 6.63096 4.5680700000000005 5.2045200000000005 6.182930000000001 4.22032 6.9534400000000005 
4.64573 5.01522 4.57117 6.77736 4.52695 5.42665 4.63471 5.34353 5.16685 2.20364 2.81761 4.73677 4.73886 4.3901900000000005 2.49695 5.4624500000000005 2.76466 5.06794 4.741110000000001 4.98275 4.89922 4.6714 4.53657 5.08718 2.22339 4.71387 2.60504 2.88287 5.03099 4.61395 4.92173 4.60022 4.994949999999999 2.64717 4.83213 5.036630000000001 2.28213 6.92013 5.29751 4.92659 5.6678999999999995 2.39941 4.29141 4.8230900000000005 6.63096 0 2.06289 4.45851 5.3916900000000005 6.70804 4.8876 
6.70862 4.217639999999999 6.53579 4.98597 5.67824 5.506550000000001 6.29636 5.07102 6.47555 4.2665299999999995 4.8805 5.2936700000000005 5.467700000000001 5.76956 4.5598399999999994 6.74897 4.8275500000000005 4.4075500000000005 4.7924299999999995 5.3582 5.37232 6.533200000000001 6.5994600000000005 6.555820000000001 4.28628 5.76715 4.5315 4.94576 5.2695 2.82256 4.83825 6.5576 6.918289999999999 4.71006 4.93633 6.808540000000001 4.34502 5.22935 6.65987 4.76515 5.15822 4.4623 4.86209 4.143890000000001 4.5680700000000005 2.06289 0 5.2323900000000005 6.48129 5.36674 5.07283 
6.90598 6.5563400000000005 4.97654 4.57324 4.53868 4.4598700000000004 5.33465 4.7722 6.57164 2.54607 5.36397 4.88094 5.05497 4.4019200000000005 5.05444 4.54038 6.50574 4.50364 4.550929999999999 4.36162 6.55168 4.56893 4.260820000000001 2.21273 2.23512 5.0563 5.32971 2.77976 4.29422 2.40983 5.4642 5.01497 2.42507 6.59107 4.57935 6.90463 4.99079 7.064299999999999 4.07945 5.15346 4.8901 6.85792 4.633839999999999 6.847440000000001 5.2045200000000005 4.45851 5.2323900000000005 0 6.538060000000001 4.4296500000000005 5.5950500000000005 
5.45693 4.474679999999999 2.10076 4.67703 2.01079 2.29908 6.15954 6.99936 6.8773 5.33081 5.03828 6.2616000000000005 2.95841 4.73079 4.8339 5.30711 4.46936 5.29307 4.308 4.48672 4.02379 5.22546 4.07183 4.32533 4.31435 4.73696 4.12987 5.1622900000000005 6.777609999999999 5.00315 4.6503499999999995 4.141120000000001 4.65223 4.839 6.63321 2.89208 5.41514 4.79659 6.63227 4.568960000000001 6.8690299999999995 4.27252 6.20074 6.6136 6.182930000000001 5.3916900000000005 6.48129 6.53806 0 4.75382 4.89402 
6.883179999999999 4.6748899999999995 4.43867 2.73486 6.69971 4.85482 4.14443 5.30807 4.96413 6.887989999999999 6.78927 4.4520599999999995 6.55176 5.184200000000001 5.33692 4.93533 4.54887 5.0447500000000005 4.81102 4.93194 4.88737 5.03307 6.33142 4.475009999999999 4.48465 5.23998 4.58811 5.09609 4.86454 4.89827 5.47349 6.47903 6.85472 4.9735499999999995 4.44377 6.5083 6.60009 4.73679 4.4744 4.05883 5.0827 5.78531 4.8002199999999995 4.9282900000000005 4.22032 6.7080400000000004 5.36674 4.4296500000000005 4.75382 0 2.73312 
5.008900000000001 4.743930000000001 4.235110000000001 5.46798 6.25705 4.72008 4.33459 4.588900000000001 2.44395 4.15487 4.72264 4.86953 4.66727 4.42958 6.49681 4.63552 2.62291 4.511950000000001 5.18141 4.4581 4.24405 2.29995 5.48194 4.65615 4.19497 4.820320000000001 4.684889999999999 2.81529 6.96875 6.47416 4.99625 4.2363800000000005 4.84351 2.24043 4.14986 4.82554 6.812010000000001 2.68617 4.54579 4.51985 2.34958 4.8354 2.0671 4.39823 6.9534400000000005 4.8876 5.07283 5.5950500000000005 4.89402 2.73312 0 
