101
L39 L118 L197 L98 L119 L73 L57 L18 L29 L192 L50 L7 L24 L144 L33 L176 L1 L94 L163 L61 L75 L54 L142 L23 L84 L188 L177 L147 L199 L116 L8 L13 L153 L141 L175 L149 L80 L130 L58 L41 L107 L125 L160 L60 L64 L81 L96 L164 L127 L97 L3 L53 L123 L49 L68 L77 L12 L14 L121 L196 L113 L30 L47 L157 L55 L2 L135 L62 L95 L110 L48 L10 L74 L109 L143 L65 L132 L106 L27 L26 L145 L59 L104 L146 L112 L38 L46 L52 L178 L138 L82 L152 L20 L165 L194 L168 L31 L69 L139 L102 L0
0 5.28928 4.60505 6.6240000000000006 4.57198 4.42764 4.72203 4.6451899999999995 4.375299999999999 4.56582 4.8749400000000005 4.65252 6.4171700000000005 4.609579999999999 4.32789 5.29378 6.50746 4.80016 4.5665 5.45128 4.69412 5.02392 4.32941 4.6203199999999995 4.94564 5.05916 4.81223 4.9142399999999995 4.233079999999999 2.84012 4.83313 4.91754 2.12936 4.3357399999999995 4.74583 5.0906199999999995 4.66458 4.74572 4.8582 5.033799999999999 2.31118 5.46064 4.74619 4.90343 4.7506900000000005 5.44411 5.20106 2.60817 4.62116 5.0189 4.23682 5.142799999999999 4.84868 4.96659 4.48391 4.4796700000000005 2.43328 6.451980000000001 4.712899999999999 4.53709 4.48301 2.15658 5.09162 6.2790799999999996 4.895989999999999 5.33084 2.2586 5.0344 4.89128 2.50727 4.952780000000001 4.80767 4.7031 4.2446 5.16741 5.266299999999999 4.649979999999999 4.49923 5.39261 2.80134 5.046340000000001 5.03745 4.44791 5.087809999999999 4.3575 2.0229 5.25808 2.15595 2.74232 2.02876 4.900460000000001 4.1845 2.6451 4.73567 5.3534 4.680429999999999 4.92863 5.01253 4.33111 6.434799999999999 4.326169999999999 
5.28928 0 4.815049999999999 4.82465 2.61267 4.167680000000001 5.1502 4.53374 4.62399 4.38416 4.23646 5.544309999999999 5.21253 4.57779 4.24667 4.433 4.68952 6.549109999999999 2.05891 4.66093 4.381080000000001 4.44317 5.128 4.1136 4.45355 5.171519999999999 5.2505 5.1003799999999995 4.51099 4.23277 4.19781 6.25982 4.448869999999999 2.59065 5.002599999999999 4.21494 6.36673 2.18849 4.76361 5.24249 4.83307 4.1427700000000005 4.595219999999999 5.06292 4.31475 4.08168 4.47911 4.17302 4.8252299999999995 4.205830000000001 2.29901 4.26949 4.7825299999999995 2.36366 4.774889999999999 5.16086 4.46924 4.80194 4.5751 4.25185 5.06395 4.3296 2.62482 4.94253 2.00653 4.180149999999999 4.82156 2.25695 4.18136 4.2248 4.5473300000000005 5.47227 2.79505 4.38654 4.31607 4.69792 4.767440000000001 4.3883600000000005 4.73033 4.94897 4.18188 6.37127 4.26906 5.0451 4.48346 4.6025100000000005 4.63037 4.16325 4.91103 4.72205 4.7273 4.5020500000000006 4.64989 4.536110000000001 5.0317799999999995 4.21356 4.46286 2.30251 4.498189999999999 2.06709 2.16001 
4.60505 4.815049999999999 0 5.20639 2.80231 5.23287 4.9799 5.32353 2.66796 4.27996 4.56534 4.6837599999999995 2.34421 2.6968 4.78416 4.734579999999999 4.81137 4.898540000000001 4.72579 5.059609999999999 4.93626 4.29818 6.53789 4.407019999999999 5.28402 4.8274 2.23209 5.24389 4.57785 5.38002 4.637560000000001 4.91613 5.28862 6.66108 5.23841 2.90238 2.69791 5.01401 4.82853 4.477930000000001 5.07987 4.686909999999999 4.49739 4.4342 4.9266 4.7942 4.34971 4.89239 2.1982 4.35095 5.1136 6.202030000000001 4.49269 2.45139 5.03433 4.4718800000000005 4.929209999999999 5.194710000000001 4.51827 2.97826 5.09079 4.731439999999999 4.9755 5.58933 6.5140899999999995 4.855040000000001 2.73774 4.53244 2.60818 6.68182 4.53848 4.57252 4.24118 4.64598 4.63026 4.784689999999999 4.77023 4.89659 4.52098 5.18649 5.24341 6.6429599999999995 4.68487 4.5057100000000005 4.8238199999999996 2.58215 2.15433 4.48787 4.68721 4.4244900000000005 4.4012899999999995 4.5338899999999995 4.45191 4.9129000000000005 5.2628 4.60938 4.607049999999999 2.56195 5.32189 5.22207 4.8115000000000006 
6.6240000000000006 4.82465 5.20639 0 4.45341 5.529120000000001 2.5549 4.1758500000000005 4.184060000000001 4.82166 2.44166 4.59254 4.60627 5.01529 2.96512 4.81803 5.04848 6.400600000000001 4.54462 4.92446 4.46674 4.69763 5.0762 4.607 5.41109 5.05741 4.78486 4.60643 4.75798 6.38991 4.5454799999999995 4.25436 4.71928 4.592219999999999 4.38466 2.30401 5.029210000000001 4.38968 4.875109999999999 5.00278 4.37786 4.7363800000000005 4.50648 5.20623 4.91079 5.12585 4.42718 5.09972 4.094659999999999 2.93332 6.629900000000001 4.49037 4.58394 4.41053 4.82794 4.9822 4.82618 2.38726 2.27865 4.7956 4.7052499999999995 4.655139999999999 4.8581900000000005 5.08476 5.13262 4.36619 4.73295 4.63171 4.78479 4.9837299999999995 4.41295 5.2409 2.63533 4.36613 6.51726 4.51695 4.501810000000001 2.18981 4.81149 6.48783 5.0867 4.979900000000001 4.39133 5.51743 4.79077 5.315530000000001 4.60184 4.61033 5.1574100000000005 4.59524 4.96736 5.40622 4.24554 5.49682 5.07268 4.9738299999999995 5.61393 2.74001 4.72352 4.83564 4.31485 
4.57198 2.61267 2.80231 4.45341 0 5.8034099999999995 4.56923 4.3406400000000005 5.470269999999999 4.97692 5.712009999999999 4.619070000000001 4.9442 5.244680000000001 5.0238700000000005 5.52574 4.56323 4.87214 4.6715800000000005 5.14819 4.233689999999999 5.53293 6.55944 4.39398 4.3657 4.642469999999999 4.83004 4.77122 4.84657 5.2477599999999995 5.0931999999999995 5.24422 6.70104 4.757009999999999 4.54945 4.69808 4.97461 4.801159999999999 4.875249999999999 5.1886 2.63786 6.6109100000000005 5.20911 5.17687 2.5634 6.69435 4.7354400000000005 4.74655 4.44951 4.56418 4.9116800000000005 4.14088 4.43346 4.70732 6.40921 4.24389 4.88081 4.54934 4.440709999999999 2.94418 4.80969 4.10795 4.82663 4.177020000000001 4.6192 4.97023 4.58446 4.545389999999999 5.410489999999999 4.84246 2.52365 4.87965 5.14986 4.75906 5.23939 5.09988 4.9758 4.82591 4.8485499999999995 2.38418 4.64461 4.68258 4.722720000000001 5.2908 2.97558 4.47825 4.95664 6.61985 6.449959999999999 2.54322 4.4833 5.25481 2.71708 5.0911100000000005 2.46049 4.7276299999999996 5.2396899999999995 4.7616499999999995 5.30401 4.590339999999999 4.71814 
4.42764 4.167680000000001 5.23287 5.529120000000001 5.8034099999999995 0 4.91759 5.32946 5.1935 4.96375 4.48854 4.4671199999999995 4.64947 4.42418 4.09433 2.49456 4.53718 4.981059999999999 2.31099 6.79019 4.22874 4.7543500000000005 4.281549999999999 4.35637 4.314920000000001 5.396100000000001 4.72877 2.85846 5.2806 4.08273 4.479509999999999 5.31175 5.53611 4.5691299999999995 4.7016 4.32465 6.62947 5.2847 2.59738 4.41991 5.17415 4.39485 4.56079 4.79087 4.1624099999999995 5.24775 4.9854199999999995 4.29521 6.565189999999999 4.90842 4.50961 2.2551 4.65185 4.810689999999999 6.50459 4.63433 5.12362 4.34146 5.19057 2.85923 5.172560000000001 4.17726 5.11665 6.53526 4.56545 6.50559 4.48174 4.54119 6.39574 6.8192 4.85012 5.28034 2.89379 4.8971800000000005 6.594569999999999 5.4557 4.62146 4.398809999999999 4.79197 4.65869 4.4279399999999995 5.43044 5.01713 2.29681 4.1721 4.85459 4.88245 5.228669999999999 4.6555800000000005 4.569710000000001 2.55957 4.77063 6.37688 5.1139399999999995 4.60135 4.14424 4.31052 5.058479999999999 4.145709999999999 2.5734 2.00767 
4.72203 5.1502 4.9799 2.5549 4.56923 4.91759 0 2.70897 6.352549999999999 5.35727 4.996560000000001 4.2635000000000005 4.436120000000001 4.219530000000001 4.55641 4.79277 4.759309999999999 4.59502 4.339 5.14319 4.7687 4.043609999999999 4.47096 5.54686 4.73036 6.57498 4.72298 5.21039 2.67685 5.05687 2.14277 4.70859 4.9543 6.27463 4.208819999999999 4.85891 4.47555 5.00753 2.32021 4.15649 2.4154 4.45993 4.46984 5.1186 4.42952 5.1259999999999994 4.53703 4.876799999999999 4.91428 4.4688300000000005 4.674480000000001 4.67237 4.14705 4.2903 5.126709999999999 6.3394900000000005 2.72943 4.27427 4.79383 5.1792 4.58723 4.561529999999999 4.834619999999999 4.70851 4.53273 2.24692 4.24502 5.11596 4.665789999999999 4.9685500000000005 4.85849 4.374829999999999 4.72836 4.65947 4.71082 4.90232 4.34429 4.6034500000000005 2.35001 4.941280000000001 4.779109999999999 5.15327 2.2702 6.414820000000001 6.43009 4.8332999999999995 6.46388 4.75398 5.12181 4.50173 5.02998 4.545529999999999 5.02307 6.396709999999999 4.75666 4.78962 5.2930399999999995 4.20471 4.19759 6.29207 2.99019 
4.6451899999999995 4.53374 5.32353 4.1758500000000005 4.3406400000000005 5.32946 2.70897 0 4.07815 2.6483 4.30558 4.7359100000000005 5.5122599999999995 4.30668 4.60928 5.11749 4.32794 4.4691600000000005 4.39187 5.369529999999999 4.72306 4.09648 4.9502500000000005 4.45521 4.5558700000000005 5.96218 4.9525500000000005 4.49366 5.38582 4.9196 4.24924 4.53157 5.02701 4.47945 4.26169 4.86665 6.680219999999999 6.59463 4.46843 4.20936 4.8977699999999995 6.097099999999999 4.73184 5.525880000000001 6.645149999999999 4.22469 4.25685 5.4558 4.171950000000001 2.01838 4.47215 4.3776 4.4383 5.00204 6.623290000000001 4.28663 5.4384 4.64856 4.65418 2.47023 4.78356 4.753 5.21427 5.11824 4.21768 4.95589 4.2307500000000005 4.19039 4.50151 4.5387900000000005 4.28129 4.47667 2.99141 2.16235 4.48194 4.9353 2.48615 4.39476 4.45134 6.4650099999999995 2.07014 5.2925 4.77581 4.46646 4.2828599999999994 4.98442 5.00636 6.21014 5.0177 4.37819 4.852740000000001 4.84063 2.3141 4.33551 4.25426 4.94013 4.2411200000000004 4.24638 4.41855 4.71404 4.49041 
4.375299999999999 4.62399 2.66796 4.184060000000001 5.470269999999999 5.1935 6.35255 4.07815 0 4.59169 4.38501 5.321149999999999 4.4544 4.34807 4.84435 2.69894 4.96391 4.7997499999999995 4.10281 5.352259999999999 2.31313 4.69051 4.80261 6.27461 6.25004 4.54848 4.90005 4.90972 6.392860000000001 4.85369 4.70874 4.24724 5.09756 4.874650000000001 4.9751 4.45132 4.82589 4.39747 4.15867 4.92578 4.42502 2.01895 4.37263 5.06643 4.934950000000001 4.60314 4.29824 4.97041 4.52447 2.05977 4.298959999999999 4.6995000000000005 4.37182 2.26033 4.546049999999999 4.96563 4.23827 4.39261 5.0011399999999995 4.08232 4.50038 2.21872 6.34098 5.86993 4.2590699999999995 6.30297 4.59198 2.94828 4.27585 4.967790000000001 4.444000000000001 4.17506 4.37514 4.35901 4.369809999999999 6.43596 4.99591 4.94165 4.8390699999999995 4.376110000000001 4.71156 6.708070000000001 4.51005 5.08412 2.86514 4.71573 4.21878 5.149229999999999 4.529400000000001 5.0988299999999995 5.66954 4.246639999999999 4.23842 4.62327 6.75905 4.96671 4.6299399999999995 5.22991 4.96544 4.31818 4.307729999999999 
4.56582 4.38416 4.27996 4.82166 4.97692 4.96375 5.35727 2.6483 4.59169 0 4.7371099999999995 4.899089999999999 4.364039999999999 4.22246 4.83737 2.46919 5.0111799999999995 4.842779999999999 4.62507 4.94317 4.5874299999999995 4.18174 4.148350000000001 4.29058 4.70225 4.38749 4.97168 5.24411 5.0652 2.2713 4.652229999999999 4.71499 4.79973 4.19205 2.13836 4.51145 6.31202 5.0142299999999995 4.29509 4.80336 6.5759099999999995 4.95978 4.49098 4.2995 4.4868 4.607049999999999 4.8849 4.77595 2.08176 4.6666799999999995 5.10031 5.209580000000001 5.23385 5.06044 4.554029999999999 5.0015 4.55213 4.77339 4.610329999999999 4.71502 4.62693 4.29984 2.83129 4.2194199999999995 2.5319 4.53205 2.30722 4.28301 5.19226 6.53783 4.34633 4.80725 4.45313 4.16568 4.5651600000000006 4.66511 4.39931 4.51959 4.26839 5.49026 4.70725 4.55972 4.79443 4.71064 2.09821 6.2510699999999995 4.8050999999999995 6.47628 5.79382 2.55059 4.68406 4.53411 4.89545 4.65014 5.16498 4.443020000000001 2.47963 2.08165 4.54338 5.078049999999999 4.346360000000001 
4.8749400000000005 4.23646 4.56534 2.44166 5.712009999999999 4.48854 4.996560000000001 4.30558 4.38501 4.7371099999999995 0 4.87934 4.58782 6.50254 4.980779999999999 2.37637 6.347930000000001 4.98276 2.17755 4.98506 5.065329999999999 2.74791 4.55077 6.285029999999999 4.50477 4.53312 4.39013 2.46874 6.483280000000001 4.7691 4.8415099999999995 4.86062 4.96191 4.6221 4.75011 4.7456700000000005 4.67296 5.42395 4.48249 4.78961 4.98427 4.26141 4.77244 4.80373 4.63245 4.46749 4.40873 4.29166 4.07621 4.26923 4.37617 2.99302 4.91231 2.12468 4.271789999999999 4.82715 2.44166 4.82892 4.72031 4.22365 4.6868 6.45641 5.1 5.204739999999999 4.43201 4.34774 5.25375 4.932320000000001 5.33789 4.51967 4.308350000000001 4.47481 4.14662 2.14323 4.69724 4.81074 2.57265 4.63147 4.76825 6.46938 5.0291999999999994 2.59497 4.89894 4.9582 6.71594 4.72115 4.608230000000001 4.40615 5.02967 4.34277 4.8786000000000005 4.65244 4.79906 4.62972 4.51922 5.39226 4.574719999999999 4.227259999999999 6.3252500000000005 5.037039999999999 4.5978200000000005 
4.65252 5.544309999999999 4.6837599999999995 4.59254 4.619070000000001 4.4671199999999995 4.2635000000000005 4.7359100000000005 5.321149999999999 4.899089999999999 4.87934 0 4.41408 2.20535 5.51122 4.88106 4.9283 6.42151 4.48381 7.145480000000001 4.84795 6.2844299999999995 4.76588 4.935700000000001 4.7083200000000005 5.50329 4.73576 5.2911 4.70888 5.3044 2.12073 4.333410000000001 4.932259999999999 4.55771 4.83655 2.28853 4.8647100000000005 4.55865 4.94892 5.389810000000001 4.7222100000000005 4.7209 4.4478 4.7834 2.05567 6.24573 4.746560000000001 6.4979499999999994 6.82704 4.493650000000001 5.3703199999999995 6.319889999999999 4.4775 4.939220000000001 4.7089300000000005 4.74169 4.37308 4.97608 6.7402 4.25544 4.72985 4.48684 4.3189 6.36513 5.21522 2.80138 4.55827 5.093920000000001 4.982 4.781230000000001 4.374140000000001 4.327920000000001 4.90207 5.038130000000001 4.496980000000001 4.29324 4.7407 4.72228 4.77084 5.565989999999999 4.75196 2.81035 4.21499 4.30735 4.39698 4.768549999999999 4.82794 5.84656 5.1083099999999995 5.45212 5.31574 5.16094 5.10824 5.06686 4.85766 4.2199 4.56864 4.48063 4.37059 5.21797 4.2104099999999995 
6.4171700000000005 5.21253 2.34421 4.60627 4.9442 4.64947 4.436120000000001 5.5122599999999995 4.4544 4.364039999999999 4.58782 4.41408 0 4.6318 4.95311 4.52393 6.568999999999999 2.55433 4.79866 6.6542699999999995 4.55471 5.178319999999999 4.41522 2.26468 4.880940000000001 4.6074 4.13478 5.068350000000001 5.30658 4.34999 2.29335 4.73341 4.28781 4.6051 4.75228 4.4787300000000005 4.97451 4.75225 4.26237 4.55358 4.74043 6.402089999999999 4.62042 4.90898 4.454079999999999 4.53596 2.0055 4.27683 4.4735 4.24397 6.34736 5.15203 4.52044 4.7956 6.59445 5.44263 4.386889999999999 4.79563 4.22959 5.27295 4.4447 4.26712 4.3601 4.1867 4.3717500000000005 4.89168 4.41722 4.25029 4.31107 4.5349900000000005 5.219799999999999 5.03184 4.53698 4.22267 4.7242999999999995 4.417479999999999 5.299939999999999 2.55238 4.23567 4.0850100000000005 6.5471 4.34845 4.93868 4.58068 4.68979 4.92636 4.49854 5.034610000000001 4.61734 4.9651499999999995 6.184130000000001 4.57605 4.56146 4.45166 6.61758 2.51013 4.62681 4.90616 4.60525 4.41752 4.6467 
4.609579999999999 4.57779 2.6968 5.01529 5.244680000000001 4.42418 4.219530000000001 4.30668 4.34807 4.22246 6.50254 2.20535 4.6318 0 5.15557 5.23166 4.77348 5.79893 5.09914 6.907020000000001 4.85519 5.48518 4.6046499999999995 5.0634999999999994 6.719579999999999 4.91006 4.92889 6.69191 4.313359999999999 4.92713 4.32608 4.801489999999999 5.94036 6.44788 4.88354 4.493880000000001 2.65936 4.41921 4.56285 4.5884 2.84486 6.36702 4.59254 5.03569 4.26102 4.59453 4.52677 6.513309999999999 4.72598 2.2883 4.8552599999999995 4.91233 6.68285 4.41175 4.74766 4.6376100000000005 4.81989 5.53678 4.68533 4.28125 4.78281 2.77502 5.037459999999999 4.48718 4.027480000000001 4.77164 4.76003 4.55077 5.3049800000000005 5.08568 4.13137 4.3537300000000005 4.7798300000000005 4.35931 2.29163 2.08789 4.18435 5.03291 4.53615 5.54516 2.54661 4.34476 5.02163 4.3331599999999995 4.3540399999999995 5.27895 4.623419999999999 4.61936 6.48179 4.62318 4.984019999999999 2.95559 4.70909 4.7626 4.730729999999999 6.311630000000001 4.92729 2.27528 4.31904 6.52506 4.94461 
4.32789 4.24667 4.78416 2.96512 5.0238700000000005 4.09433 4.55641 4.60928 4.84435 4.83737 4.980779999999999 5.51122 4.95311 5.15557 0 4.35965 4.61617 5.06469 4.5069300000000005 6.7488399999999995 4.30773 4.52374 4.5289 5.33511 5.4682200000000005 5.69803 4.82822 5.06911 4.24907 4.161720000000001 4.6765 2.76937 4.670159999999999 4.43801 4.68895 4.40364 5.35876 4.761710000000001 4.63934 4.63662 5.37573 6.59079 4.39063 4.88867 4.2414000000000005 5.3711400000000005 5.13741 4.3742 5.39441 4.95955 6.3364899999999995 4.19614 4.38593 5.06461 4.82113 4.8311399999999995 4.97575 4.3817900000000005 4.41151 4.94373 5.27503 4.25625 6.504630000000001 5.34437 6.2532 4.748279999999999 4.522069999999999 4.581519999999999 6.47473 2.73663 6.4037299999999995 5.10669 4.92209 5.1130700000000004 4.88314 5.09976 4.7361699999999995 5.01424 4.88977 6.64882 4.5069300000000005 4.818099999999999 4.77159 4.8745 5.076700000000001 4.873620000000001 4.9549900000000004 2.17194 4.4502500000000005 4.6487 5.02453 4.786770000000001 4.34515 4.806139999999999 4.64168 4.22323 4.38951 4.82944 6.68025 4.47217 2.08666 
5.29378 4.433 4.734579999999999 4.81803 5.52574 2.49456 4.79277 5.11749 2.69894 2.46919 2.37637 4.88106 4.52393 5.23166 4.35965 0 4.653840000000001 5.0781600000000005 4.55392 4.79879 4.49406 4.7062 4.38373 6.57268 6.44229 4.92325 2.50249 4.84511 4.84825 4.348050000000001 6.6997 2.81719 4.322 4.85783 2.37374 4.58997 4.351179999999999 4.385949999999999 4.79741 2.42312 5.184950000000001 4.71789 4.55533 4.50894 4.42773 6.43539 5.42066 4.56053 4.406 4.75871 4.81994 4.38247 4.55063 4.50105 6.550140000000001 4.74228 4.81803 4.52664 4.57621 4.92831 4.37535 4.30399 5.30048 5.4054199999999994 4.77159 4.91298 4.77641 5.64722 4.6578 4.4656400000000005 4.68654 4.44144 4.98889 4.5196000000000005 5.20959 4.348129999999999 2.77333 6.575030000000001 4.98707 5.17395 4.69326 4.97134 2.52257 4.51133 4.5674 5.08567 4.51643 4.815440000000001 4.7146 4.83503 4.67169 2.27607 4.50985 4.97084 6.744339999999999 4.40956 4.328250000000001 4.55084 5.45903 4.85077 2.27299 
6.50746 4.68952 4.81137 5.04848 4.56323 4.53718 4.759309999999999 4.32794 4.96391 5.0111799999999995 6.34793 4.9283 6.568999999999999 4.77348 4.61617 4.653840000000001 0 4.73401 4.32355 6.715720000000001 4.68946 4.71936 4.70138 4.94941 4.89435 5.71087 4.3459699999999994 5.06388 5.017250000000001 4.604570000000001 4.70101 6.09729 5.23158 2.92075 4.87387 4.84649 4.97667 6.75076 5.08423 4.48604 6.6157699999999995 6.4074100000000005 4.78792 4.5561799999999995 4.6842500000000005 6.56606 4.5634999999999994 4.76741 6.491579999999999 5.15305 4.61339 4.63899 5.15932 4.22325 5.32016 4.44905 6.297789999999999 4.06527 4.49677 2.13061 4.44394 4.35088 4.61522 2.89539 4.944929999999999 2.51239 4.49075 4.33163 4.93126 5.33596 2.03958 4.4886800000000004 4.74389 4.21103 4.62318 6.74633 4.38056 5.24948 4.65702 6.549740000000001 4.9497800000000005 6.508209999999999 5.2235499999999995 4.76141 4.6462699999999995 4.6448 2.65704 5.11412 5.3872800000000005 5.09155 4.450620000000001 5.23463 4.68737 4.6441300000000005 4.89259 4.66608 4.37549 4.657719999999999 4.89422 4.37442 2.52951 
4.80016 6.54911 4.898540000000001 6.400600000000001 4.87214 4.981059999999999 4.59502 4.4691600000000005 4.7997499999999995 4.842779999999999 4.98276 6.42151 2.55433 5.79893 5.06469 5.0781600000000005 4.73401 0 4.85774 6.574250000000001 5.110609999999999 4.56235 4.71441 4.8190100000000005 4.22492 5.05166 4.69482 2.51402 6.53543 4.40232 4.71511 4.87976 4.67503 4.7432 2.70442 4.47043 6.7343 4.36062 4.78259 4.67523 2.95407 5.25334 4.77792 4.21217 6.502179999999999 5.046749999999999 4.55983 4.99278 4.954219999999999 5.0069 4.745850000000001 6.28474 4.77322 6.44073 6.783709999999999 4.1645900000000005 4.99498 5.35567 4.7988 4.8145299999999995 4.8055699999999995 4.7467 6.345040000000001 5.18992 6.62856 4.971489999999999 6.25348 6.80462 2.99644 6.6083300000000005 5.08564 4.31763 4.22955 4.7312899999999996 4.67737 4.776260000000001 4.27787 5.10671 5.01427 4.47223 4.80688 4.73567 4.85384 2.68425 5.07701 6.709709999999999 5.320919999999999 5.61611 4.4523600000000005 4.81171 4.83265 4.74125 2.15506 2.86528 4.856 4.88991 5.26346 5.46167 2.05092 4.6233699999999995 5.77777 
4.5665 2.05891 4.72579 4.54462 4.6715800000000005 2.31099 4.339 4.39187 4.10281 4.62507 2.17755 4.48381 4.79866 5.09914 4.5069300000000005 4.55392 4.32355 4.85774 0 4.4792000000000005 4.64134 4.30633 4.63094 4.12626 4.39462 5.66934 4.8455200000000005 4.6462900000000005 4.31406 4.480700000000001 4.45909 4.77505 4.27402 4.64956 4.47154 4.51623 6.59918 4.2474 4.22358 4.41921 4.73268 2.08386 4.49483 5.4311 4.57501 4.32961 5.07833 2.11411 4.8083 4.45376 2.19862 4.52975 4.38933 4.30223 4.382680000000001 5.26657 4.3678799999999995 2.74303 4.516170000000001 2.19294 4.506270000000001 4.27886 4.628030000000001 4.6395 2.25446 4.85222 6.41262 2.75477 4.3407599999999995 5.043100000000001 2.53913 4.23997 4.5785 4.27336 6.37498 4.74533 4.05655 5.136480000000001 2.67849 5.26976 4.42981 4.77252 4.51699 2.98619 6.48309 2.5436 2.57146 4.96299 2.85212 4.748340000000001 4.66837 4.74998 4.78941 4.24161 4.9549199999999995 4.556839999999999 4.694850000000001 4.36142 4.862310000000001 4.1259999999999994 2.42027 
5.45128 4.66093 5.059609999999999 4.92446 5.14819 6.790190000000001 5.14319 5.369529999999999 5.352259999999999 4.94317 4.98506 7.145479999999999 6.6542699999999995 6.907019999999999 6.7488399999999995 4.79879 6.715720000000001 6.574249999999999 4.4792000000000005 0 4.76828 4.6692 5.0107800000000005 4.54158 6.89148 4.63835 4.328250000000001 4.98963 5.04306 6.605500000000001 5.37717 5.18153 4.65386 4.4802800000000005 5.04421 4.95666 4.24766 6.849419999999999 4.98339 4.3767 5.7053899999999995 4.87054 5.40115 2.36208 6.64696 2.4569 6.563410000000001 2.84311 2.86141 5.5595300000000005 5.385479999999999 6.79431 6.50679 4.79971 4.76252 4.5177700000000005 6.47896 5.07428 6.53237 4.68955 7.002879999999999 6.590069999999999 7.03729 4.40152 4.53205 5.23376 4.93534 2.40398 4.95396 4.758240000000001 6.57629 4.5939 5.307499999999999 6.696950000000001 5.34481 6.566409999999999 4.43639 7.106490000000001 5.47936 6.55138 4.61145 4.5708400000000005 4.659890000000001 6.425790000000001 4.563370000000001 4.87839 7.050660000000001 4.87059 5.0769 6.78726 5.14508 5.0468 5.0494 4.83347 6.79557 4.48273 4.839650000000001 5.12249 7.09825 4.41364 5.025980000000001 
4.69412 4.381080000000001 4.93626 4.46674 4.233689999999999 4.22874 4.7687 4.72306 2.31313 4.5874299999999995 5.065329999999999 4.84795 4.55471 4.85519 4.30773 4.49406 4.68946 5.110609999999999 4.64134 4.76828 0 4.58608 4.7066099999999995 4.86508 4.632619999999999 4.77762 4.671390000000001 2.59659 5.00563 4.29613 4.77927 4.1115 4.6840399999999995 5.730980000000001 4.921139999999999 4.53805 6.7017999999999995 5.5518 4.48576 4.50775 4.8773599999999995 4.25043 4.8303899999999995 4.54456 4.3758099999999995 4.44422 4.633649999999999 4.50861 4.12686 4.3729 2.53418 4.330550000000001 4.20078 4.573460000000001 6.57043 4.37904 4.7428 2.07948 2.69831 4.66423 4.68872 4.2431 4.28487 4.41009 4.566470000000001 4.74695 4.12319 4.47368 2.32808 4.91095 4.10517 4.47706 2.06201 4.0654 4.8267 4.1781500000000005 4.514530000000001 4.47293 4.45906 4.2506 4.64134 6.49499 4.083550000000001 4.716139999999999 5.1782699999999995 4.21068 4.14886 6.39368 2.21627 4.783110000000001 6.3497200000000005 4.20449 4.78059 4.33276 4.44592 4.10724 4.36387 6.149430000000001 4.24064 4.8133 2.22107 
5.02392 4.44317 4.29818 4.69763 5.53293 4.7543500000000005 4.043609999999999 4.09648 4.69051 4.18174 2.74791 6.28443 5.178319999999999 5.48518 4.52374 4.7062 4.71936 4.56235 4.30633 4.6692 4.58608 0 5.19617 4.3088 4.55907 5.384040000000001 5.08751 5.21665 6.39874 4.66288 4.1637 4.76081 6.28651 4.81328 4.17615 4.40768 4.89731 5.36453 6.363819999999999 2.99192 6.459009999999999 4.6505600000000005 5.14251 6.4455100000000005 4.7374 4.5117899999999995 4.9587900000000005 4.794169999999999 2.09998 4.63594 4.1366499999999995 2.49925 4.35276 4.872590000000001 4.89574 4.87848 4.51457 6.114980000000001 5.105700000000001 2.58875 4.90208 6.216889999999999 2.47417 5.272819999999999 2.43664 6.290529999999999 4.66678 4.75366 6.6420699999999995 5.7331 4.84456 6.44617 4.69703 4.66917 4.58338 4.66771 4.44957 5.0989 4.9303799999999995 6.27762 4.57303 5.21309 4.1109100000000005 6.4313400000000005 5.39557 5.10294 5.10829 4.32161 4.52792 5.003299999999999 6.322979999999999 4.93216 4.50042 5.09706 5.35073 5.351570000000001 4.11855 4.38271 5.000439999999999 4.6997599999999995 4.58841 
4.32941 5.128 6.537889999999999 5.0762 6.5594399999999995 4.281549999999999 4.47096 4.9502500000000005 4.80261 4.148350000000001 4.55077 4.76588 4.41522 4.6046499999999995 4.5289 4.38373 4.70138 4.71441 4.63094 5.0107800000000005 4.7066099999999995 5.19617 0 4.12212 6.41089 5.32747 4.96755 4.59007 5.24064 4.43655 4.24526 4.98572 2.20005 2.53735 2.00999 6.44204 4.34041 4.4406 4.38222 4.18566 5.40645 6.50806 4.62662 5.09572 4.42652 5.11402 4.54907 5.35921 4.7964199999999995 4.88703 2.87239 4.85138 5.45704 5.03728 4.61629 4.703099999999999 2.10911 5.11801 4.69863 4.868320000000001 5.35591 4.95263 4.76745 5.17108 4.57182 2.22404 4.32945 5.01889 4.6429100000000005 4.34823 5.83461 4.35195 4.79129 2.7879 2.31302 4.78824 4.58813 4.16456 4.63075 4.60924 6.53748 4.87268 4.514469999999999 5.71025 4.47086 5.1745 6.465260000000001 6.48536 4.19313 4.844329999999999 6.70836 4.73119 4.83533 6.37383 4.733779999999999 4.31465 4.59628 4.716189999999999 4.44447 4.82783 6.289219999999999 
4.6203199999999995 4.1136 4.407019999999999 4.607 4.39398 4.35637 5.54686 4.45521 6.274610000000001 4.29058 6.28503 4.935700000000001 2.26468 5.0634999999999994 5.33511 6.57268 4.94941 4.8190100000000005 4.12626 4.54158 4.86508 4.3088 4.12212 0 4.755660000000001 5.00083 4.7855 4.63353 4.2120999999999995 4.333310000000001 4.32008 6.384549999999999 4.3364 5.25786 4.5558499999999995 5.22618 6.43908 4.8701799999999995 4.6659299999999995 4.260479999999999 6.427429999999999 4.9232700000000005 5.083690000000001 4.66146 5.20153 4.18222 2.43838 2.01215 2.20882 4.214840000000001 5.08962 6.40917 2.83734 6.18858 4.44506 5.34022 4.56978 4.75682 4.89602 4.85397 6.70938 5.01457 5.61018 4.70188 2.10707 4.7959499999999995 2.98827 4.8444199999999995 4.7013 2.59848 4.35224 2.76716 4.47654 4.97492 4.69222 4.36728 4.118930000000001 4.23938 4.60107 2.0098 4.28242 6.3873 4.3696 4.90588 4.92495 6.40945 6.41193 4.55375 6.28102 5.7126 4.1089199999999995 4.60259 4.92973 4.13965 5.22408 4.43936 4.24171 6.37223 4.8325700000000005 4.8504000000000005 4.29969 
4.94564 4.45355 5.28402 5.41109 4.3657 4.314920000000001 4.73036 4.5558700000000005 6.250039999999999 4.70225 4.50477 4.7083200000000005 4.880940000000001 6.719579999999999 5.4682200000000005 6.44229 4.89435 4.22492 4.39462 6.89148 4.632619999999999 4.55907 6.41089 4.755660000000001 0 4.57367 6.53205 2.03603 4.18854 6.24436 2.58759 6.32034 5.39912 4.37385 4.65651 4.470000000000001 6.56677 4.45678 4.76888 4.84865 6.5256 6.478479999999999 4.70308 5.127750000000001 5.45715 4.568759999999999 4.4744 6.388489999999999 6.15277 4.71314 5.19028 2.05982 4.9063 5.0839099999999995 4.81609 4.43905 4.51699 6.267180000000001 4.25265 6.363200000000001 4.63087 4.5858799999999995 6.54396 5.56227 6.348319999999999 5.4137 6.149100000000001 4.94508 4.80196 2.73159 6.41159 5.05664 5.68289 5.10803 6.58436 4.838839999999999 4.24013 4.659470000000001 4.97653 4.83439 4.172969999999999 6.4497599999999995 5.58616 4.52549 6.46769 6.53774 4.32883 5.0493500000000004 4.4603 6.68083 4.36285 4.70351 5.38089 4.29151 4.81826 4.4307300000000005 5.4597999999999995 4.80625 6.2758400000000005 4.3293 4.1693 
5.05916 5.171519999999999 4.8274 5.05741 4.642469999999999 5.396100000000001 6.57498 5.96218 4.54848 4.38749 4.53312 5.50329 4.6074 4.91006 5.69803 4.92325 5.71087 5.05166 5.66934 4.63835 4.77762 5.384040000000001 5.32747 5.00083 4.57367 0 5.11561 2.53764 5.55743 5.14954 5.88776 4.511 5.7473399999999994 2.79012 4.99113 4.60587 4.46477 4.53627 6.71829 4.6787600000000005 4.56382 5.38113 4.42282 5.2536000000000005 5.20312 5.0703700000000005 4.680910000000001 6.71353 4.620950000000001 6.60825 6.69269 4.614039999999999 4.97739 5.12603 4.89574 4.78782 5.0186 4.964230000000001 4.57421 5.081519999999999 4.74723 4.61245 4.70472 6.32169 6.79515 4.328060000000001 4.761839999999999 2.91457 4.98827 6.94373 4.90245 4.93025 4.249140000000001 4.56729 4.59337 4.46112 5.059060000000001 6.736140000000001 4.41863 5.27932 4.77338 5.4217200000000005 5.11256 5.0271 4.88396 4.77888 4.3575800000000005 4.4619 5.33872 5.097099999999999 5.50255 6.58672 4.92199 4.79312 6.5105699999999995 6.33592 5.40945 5.07196 5.6162399999999995 4.690329999999999 4.5810200000000005 
4.81223 5.2505 2.23209 4.78486 4.83004 4.72877 4.72298 4.9525500000000005 4.90005 4.97168 4.39013 4.73576 4.13478 4.92889 4.82822 2.50249 4.3459699999999994 4.69482 4.8455200000000005 4.328250000000001 4.671390000000001 5.08751 4.96755 4.7855 6.53205 5.11561 0 4.7761700000000005 2.34576 5.0855999999999995 5.37445 4.76906 5.724069999999999 5.32486 4.7758 5.13447 4.93 5.0606100000000005 5.18464 4.33633 4.41353 6.71967 5.0716 2.20211 2.82282 4.5570900000000005 4.43788 4.54571 4.430289999999999 4.17574 4.968500000000001 4.619020000000001 2.82337 2.88684 4.68623 2.23979 5.140230000000001 4.3320799999999995 6.60069 4.78153 5.497 4.540649999999999 4.88203 4.36115 4.715310000000001 4.56235 4.51836 5.143700000000001 4.84027 4.598269999999999 2.30639 4.56356 6.31406 5.1770499999999995 4.60375 4.57123 4.98667 5.099959999999999 4.923830000000001 4.26832 4.45628 4.410869999999999 2.45278 5.58814 4.4033999999999995 4.81424 4.386419999999999 2.65628 2.45512 4.249280000000001 2.1692 4.6134900000000005 4.24932 2.71189 5.62481 4.972200000000001 4.37363 4.79404 4.65652 4.37327 4.77548 
4.9142399999999995 5.1003799999999995 5.24389 4.60643 4.77122 2.85846 5.21039 4.49366 4.90972 5.24411 2.46874 5.2911 5.068350000000001 6.69191 5.06911 4.84511 5.06388 2.51402 4.6462900000000005 4.98963 2.59659 5.21665 4.59007 4.63353 2.03603 2.53764 4.7761700000000005 0 5.380050000000001 4.808400000000001 4.62362 5.35757 4.89211 4.91003 4.62383 5.6172 4.712260000000001 2.95521 5.1012699999999995 5.52539 4.7666699999999995 6.43347 5.51038 4.9189799999999995 4.79837 2.53273 5.39144 4.38298 4.60253 4.81898 5.13077 4.09585 5.56213 4.59342 5.79097 6.47508 2.48096 4.67607 2.9338 4.769 2.59484 5.16614 5.1393 5.09614 4.60788 6.40527 5.3881 4.94952 4.92467 4.72008 5.096579999999999 4.27736 4.6586 4.6119699999999995 5.02223 4.6714 4.95812 5.15508 6.554269999999999 5.398210000000001 4.6872799999999994 5.06371 5.206390000000001 2.48946 5.1235599999999994 6.549379999999999 6.36486 4.544420000000001 4.812860000000001 5.5877 5.22091 4.92586 4.66908 2.25548 5.40846 4.55856 4.73829 5.2668800000000005 4.56494 5.43186 4.81766 
4.233079999999999 4.51099 4.57785 4.75798 4.84657 5.2806 2.67685 5.38582 6.392860000000001 5.0652 6.48328 4.70888 5.30658 4.313359999999999 4.24907 4.84825 5.017250000000001 6.53543 4.31406 5.04306 5.00563 6.39874 5.24064 4.2120999999999995 4.18854 5.55743 2.34576 5.380050000000001 0 5.35506 4.804819999999999 5.14082 4.88372 5.5457 4.73759 4.52744 4.95474 4.6669 4.70235 5.1984200000000005 4.3866499999999995 4.37391 5.4079999999999995 4.54787 5.13715 4.3548 4.411 2.19995 4.89414 5.33326 6.51268 5.06666 5.16913 5.2326 4.86885 4.58555 5.28318 5.1476500000000005 4.310090000000001 4.75465 6.49437 4.513769999999999 6.402610000000001 5.2492 5.29369 4.34571 6.20654 6.767939999999999 6.17375 4.837020000000001 4.65215 2.2178 4.63459 5.062329999999999 5.1953700000000005 2.22547 4.66625 2.7542 5.02686 5.89864 4.64808 5.54429 4.79854 5.00899 5.252280000000001 6.255979999999999 4.38627 2.07713 4.77275 5.17811 4.46229 5.57066 4.38037 4.23968 5.30488 4.60161 4.54542 2.98355 6.636890000000001 6.2246 4.487489999999999 
2.84012 4.23277 5.38002 6.38991 5.2477599999999995 4.08273 5.05687 4.9196 4.85369 2.2713 4.7691 5.3044 4.34999 4.92713 4.161720000000001 4.348050000000001 4.604570000000001 4.40232 4.480700000000001 6.605500000000001 4.29613 4.66288 4.43655 4.333310000000001 6.24436 5.14954 5.0855999999999995 4.808400000000001 5.35506 0 4.72729 5.2040500000000005 4.58184 5.01477 4.409660000000001 4.39204 4.55874 5.15413 2.84546 6.645910000000001 5.1513 4.98518 4.6777 4.61175 4.2298 4.30139 2.79056 4.3626000000000005 4.35306 4.42554 5.2880400000000005 4.18454 4.71924 4.83617 6.57198 4.6027000000000005 2.32744 5.169090000000001 4.65042 5.07789 5.12571 4.24465 4.98578 4.49026 2.22624 6.660590000000001 4.38053 4.553850000000001 5.0961300000000005 4.566560000000001 5.09718 5.25052 4.84054 4.73369 5.29783 5.2668 4.869540000000001 5.284140000000001 4.53923 4.37904 4.401590000000001 2.49405 4.488770000000001 4.9814799999999995 4.36951 4.863020000000001 6.694929999999999 4.73213 5.24176 4.6371 6.47816 4.72176 4.84102 6.4901 5.25494 4.2116299999999995 4.37791 4.35295 5.31972 4.878909999999999 2.07506 
4.83313 4.19781 4.637560000000001 4.5454799999999995 5.0931999999999995 4.479509999999999 2.14277 4.24924 4.70874 4.652229999999999 4.8415099999999995 2.12073 2.29335 4.32608 4.6765 6.6997 4.70101 4.71511 4.45909 5.37717 4.77927 4.1637 4.24526 4.32008 2.58759 5.88776 5.37445 4.62362 4.804819999999999 4.72729 0 4.96714 2.81153 5.04208 4.3289100000000005 4.40926 4.63115 5.2999600000000004 4.46298 4.27658 4.5581700000000005 5.007899999999999 2.32707 4.77543 4.1764 5.10713 4.13968 4.65251 4.70631 2.64897 4.623279999999999 4.472099999999999 2.84474 5.63263 6.6199900000000005 4.71078 2.39985 4.826420000000001 4.90365 4.60306 6.73 4.38372 5.05819 5.376530000000001 4.848269999999999 4.097239999999999 4.4086099999999995 2.97319 4.09845 4.6389700000000005 4.59844 5.03525 5.24946 5.24277 4.9162099999999995 4.2455300000000005 4.842639999999999 4.36252 4.49278 4.83005 5.07803 4.93108 4.29636 5.630520000000001 4.287319999999999 5.4040300000000006 5.01082 4.99922 6.27062 5.76785 6.406509999999999 4.81984 5.5008099999999995 4.33997 4.801259999999999 4.5625 4.4189799999999995 6.347480000000001 4.5964100000000006 4.1493 4.85901 
4.91754 6.2598199999999995 4.91613 4.25436 5.24422 5.31175 4.70859 4.53157 4.24724 4.71499 4.86062 4.333410000000001 4.73341 4.801489999999999 2.76937 2.81719 6.09729 4.87976 4.77505 5.18153 4.1115 4.76081 4.98572 6.38455 6.32034 4.511 4.76906 5.35757 5.14082 5.2040500000000005 4.96714 0 6.901120000000001 5.31284 4.37196 2.04488 5.10791 5.27807 5.496919999999999 4.6054200000000005 2.60636 4.47725 4.24735 4.8385 5.07375 4.60013 4.751659999999999 6.6494 6.79675 2.51319 4.789899999999999 4.7144200000000005 4.64712 4.4737100000000005 6.961729999999999 4.73423 2.87661 2.03202 4.70022 6.50973 4.77819 4.882429999999999 4.83073 5.21443 4.71249 4.6555599999999995 4.88785 6.38307 5.3157700000000006 5.11573 4.05771 4.88727 4.576639999999999 4.42931 5.22537 4.78862 4.84549 4.425470000000001 2.35858 4.94985 5.10088 6.778370000000001 4.03609 6.4233899999999995 4.9523 5.10867 4.66502 4.94131 2.31394 5.09004 5.220940000000001 5.09326 2.7247 4.92229 5.433 4.252750000000001 6.4578500000000005 6.5133399999999995 4.46439 4.9743200000000005 4.36186 
2.12936 4.448869999999999 5.28862 4.71928 6.701040000000001 5.53611 4.9543 5.02701 5.09756 4.79973 4.96191 4.932259999999999 4.28781 5.94036 4.670159999999999 4.322 5.23158 4.67503 4.27402 4.65386 4.6840399999999995 6.28651 2.20005 4.3364 5.39912 5.7473399999999994 5.724069999999999 4.89211 4.88372 4.58184 2.81153 6.901120000000001 0 4.7374 2.67679 5.72434 4.259180000000001 4.293950000000001 2.93873 6.3857099999999996 4.44054 5.07845 4.44607 6.789059999999999 6.626570000000001 5.18004 6.29331 4.632070000000001 4.314 5.01771 2.14986 6.62291 4.81668 2.83723 4.55734 4.74817 4.30916 4.8691 5.075089999999999 4.95493 5.06353 4.2301 6.36304 4.81416 5.48029 4.42409 4.38796 5.78472 4.5658 4.63663 4.87784 5.01481 5.48396 4.98795 4.51307 6.48034 2.54086 6.36461 4.58118 4.31686 5.02886 4.580299999999999 5.2600999999999996 6.67678 4.92164 4.15226 5.7337299999999995 4.28531 4.64925 4.15812 6.41598 2.98477 4.62479 5.36894 6.8810400000000005 4.981450000000001 6.1912199999999995 4.8406400000000005 5.6704 6.51596 4.90835 
4.3357399999999995 2.59065 6.66108 4.592219999999999 4.757009999999999 4.5691299999999995 6.27463 4.47945 4.874650000000001 4.19205 4.6221 4.55771 4.6051 6.44788 4.43801 4.85783 2.92075 4.7432 4.64956 4.4802800000000005 5.730980000000001 4.81328 2.53735 5.25786 4.37385 2.79012 5.32486 4.91003 5.5457 5.01477 5.04208 5.31284 4.7374 0 4.54734 5.2256800000000005 4.3067 4.77914 4.29133 2.65184 6.64692 4.9481 4.95729 4.29513 2.50204 5.02313 2.81948 5.06831 4.46288 4.96735 4.8567 2.31403 4.94069 4.681979999999999 2.39941 4.59767 4.646459999999999 5.49688 4.60596 4.76711 4.62256 4.7267399999999995 4.76527 5.70351 4.59718 4.7613900000000005 4.319039999999999 2.48154 5.013 4.48391 4.92542 4.65471 5.28096 4.522819999999999 4.85037 4.98641 4.78484 4.866210000000001 5.05436 6.81268 4.67975 4.62122 4.423579999999999 6.865939999999999 2.09384 4.93743 4.80696 5.303559999999999 4.10224 2.30698 4.82376 5.49694 2.58814 4.80962 5.2964400000000005 4.66627 2.61933 4.625299999999999 5.067769999999999 4.53226 4.42351 
4.74583 5.002599999999999 5.23841 4.38466 4.54945 4.7016 4.208819999999999 4.26169 4.9751 2.13836 4.75011 4.83655 4.75228 4.88354 4.68895 2.37374 4.87387 2.70442 4.47154 5.04421 4.921139999999999 4.17615 2.00999 4.5558499999999995 4.65651 4.99113 4.7758 4.62383 4.73759 4.409660000000001 4.3289100000000005 4.37196 2.67679 4.54734 0 4.85583 4.8694500000000005 5.4005 4.56907 4.28903 4.994960000000001 6.555400000000001 4.799110000000001 4.7659 4.46889 4.33049 4.72156 6.48204 4.22012 5.24306 4.82665 4.58641 4.51797 5.2700499999999995 4.94769 4.87559 2.63815 5.25945 4.8017 5.06748 6.61891 4.7954 4.96965 5.20451 4.67026 4.234030000000001 4.44558 4.72775 4.55616 4.87727 4.7668800000000005 5.07055 6.59149 4.797890000000001 4.32301 4.67103 4.360849999999999 5.51826 4.803240000000001 5.67113 5.41561 6.58807 4.67957 5.388669999999999 4.23657 5.0360700000000005 4.877879999999999 4.54405 6.20312 4.68895 4.9539 4.64981 2.90798 5.569699999999999 5.56565 2.30466 4.61799 4.22001 4.6050699999999996 5.00032 4.44123 
5.0906199999999995 4.21494 2.90238 2.30401 4.69808 4.32465 4.85891 4.86665 4.45132 4.51145 4.7456700000000005 2.28853 4.4787300000000005 4.493880000000001 4.40364 4.58997 4.84649 4.47043 4.51623 4.95666 4.53805 4.40768 6.44204 5.22618 4.470000000000001 4.60587 5.13447 5.6172 4.52744 4.39204 4.40926 2.04488 5.72434 5.2256800000000005 4.85583 0 4.90473 4.45486 4.40978 5.207050000000001 4.48241 2.43237 2.20247 5.09703 4.344200000000001 5.22992 5.34146 4.60452 5.10058 4.55807 4.49868 4.4264600000000005 4.96116 2.88711 5.04069 5.052849999999999 4.6668199999999995 4.0769 4.58266 4.91766 4.66582 4.41453 4.836399999999999 4.334110000000001 4.70704 5.08991 5.5380400000000005 4.3977 4.6892700000000005 4.3663799999999995 5.07078 4.588480000000001 2.61354 4.61693 4.51196 4.839499999999999 4.737030000000001 4.4938199999999995 4.38308 5.13943 4.7372499999999995 5.09888 4.39837 4.82533 4.816369999999999 5.29374 4.2761700000000005 4.30483 4.35882 4.73809 4.74375 5.029310000000001 4.7695799999999995 4.86902 5.65366 4.3551400000000005 4.41297 5.04402 2.41951 2.92944 2.31698 
4.66458 6.3667300000000004 2.69791 5.029210000000001 4.97461 6.62947 4.47555 6.680219999999999 4.82589 6.31202 4.67296 4.8647100000000005 4.97451 2.65936 5.35876 4.351179999999999 4.97667 6.734299999999999 6.5991800000000005 4.24766 6.7017999999999995 4.89731 4.34041 6.439080000000001 6.56677 4.46477 4.93 4.712260000000001 4.95474 4.55874 4.63115 5.10791 4.259180000000001 4.3067 4.8694500000000005 4.90473 0 4.32313 4.85161 4.28807 4.99927 5.383089999999999 2.70226 6.60974 4.54871 2.60027 4.992179999999999 5.49052 4.23026 4.92398 4.7571200000000005 5.3455200000000005 4.6022 4.94308 6.554920000000001 4.77735 2.2313 5.448119999999999 4.820819999999999 5.67617 5.30009 5.43438 4.88964 5.65495 4.67542 6.564450000000001 4.70017 6.6516399999999996 4.59498 4.470420000000001 6.489510000000001 4.7372700000000005 4.68563 6.52337 4.95099 2.72927 5.0963899999999995 6.523 5.297499999999999 6.94016 4.7548200000000005 4.67779 5.07916 6.99252 6.40054 4.70481 4.85224 4.52516 4.6784300000000005 5.25168 5.28845 5.03451 5.07912 4.652139999999999 5.1588 4.6261 4.92656 4.93464 6.63283 4.29964 4.6218 
