25
L37 L16 L7 L28 L45 L8 L11 L25 L46 L36 L35 L42 L20 L33 L29 L44 L39 L19 L5 L4 L10 L14 L22 L41 L0
0 4.85523 4.84545 4.852740000000001 4.56407 2.74204 4.963850000000001 4.84745 4.926629999999999 2.71831 5.0387 5.14689 4.61475 4.3525 2.80757 6.178820000000001 4.72329 5.43154 4.74835 2.78823 2.677 7.48985 7.04406 6.250480000000001 4.79631 
4.85523 0 4.77306 4.73401 2.11763 4.49268 4.33706 2.56722 4.15847 2.13692 4.51895 4.5655 4.87418 4.22049 6.67596 4.55536 4.1419 4.850149999999999 5.58225 6.76981 4.8116900000000005 5.27177 7.00948 6.483450000000001 4.76173 
4.84545 4.77306 0 4.60558 4.679639999999999 2.10341 4.9778199999999995 4.58933 4.288 4.45917 6.639429999999999 5.23221 4.3980999999999995 4.88307 4.87621 7.029240000000001 5.28915 4.8401 4.17549 2.08461 2.34486 7.02627 2.3402 2.9551 2.26233 
4.852740000000001 4.73401 4.60558 0 6.58546 6.70899 4.37434 4.43224 6.77764 6.56138 6.64462 4.92366 6.75386 5.490600000000001 2.04517 4.14773 7.1593 4.1593599999999995 6.442209999999999 4.35133 4.69625 4.93611 4.590999999999999 4.219390000000001 2.34325 
4.56407 2.11763 4.679639999999999 6.58546 0 4.22543 2.86152 4.68485 2.04084 4.25455 4.32634 5.41205 4.62132 4.73161 5.79943 2.43773 5.20293 4.971019999999999 5.05855 6.764249999999999 5.83856 4.9502500000000005 5.2529699999999995 5.70351 6.87936 
2.74204 4.49268 2.10341 6.70899 4.22543 0 4.58789 4.4849 2.18459 2.35576 5.07085 4.78434 5.09302 4.43933 5.5496099999999995 6.66316 4.36074 5.068989999999999 5.790789999999999 4.18802 4.44827 7.1273 4.44361 5.05851 4.36574 
4.963850000000001 4.33706 4.9778199999999995 4.37434 2.86152 4.58789 0 4.82603 2.4033 4.30789 4.09755 5.00502 4.56261 4.32373 2.93791 4.22909 4.97414 4.24072 5.2731200000000005 4.7822 2.97704 4.842090000000001 7.250909999999999 2.84199 5.003159999999999 
4.84745 2.56722 4.58933 4.43224 4.68485 4.4849 4.82603 0 5.25544 2.12914 4.84423 2.72002 4.48864 4.2127099999999995 4.89555 4.59942 2.72706 4.6110500000000005 4.38842 4.81423 2.24447 5.0395 5.0539000000000005 4.67108 2.80615 
4.926629999999999 4.15847 4.288 6.77764 2.04084 2.18459 2.4033 5.25544 0 4.54035 6.367179999999999 5.08802 4.29729 6.62392 5.34121 4.47857 6.54533 6.644019999999999 5.180949999999999 6.37261 5.38034 5.072649999999999 4.928940000000001 5.245290000000001 4.8806899999999995 
2.71831 2.13692 4.45917 6.56138 4.25455 2.35576 4.30789 2.12914 4.54035 0 2.71509 2.42858 2.73726 2.08357 5.52588 6.69228 2.00498 2.71323 6.5175600000000005 5.468719999999999 4.37361 4.77154 5.78628 5.33185 4.93529 
5.0387 4.51895 6.639429999999999 6.64462 4.32634 5.07085 4.09755 4.84423 6.36718 2.71509 0 5.14367 5.45235 4.50562 4.59945 6.63436 4.72007 4.81708 6.9667200000000005 7.57257 7.074590000000001 5.48587 7.212759999999999 6.7060200000000005 7.49183 
5.14689 4.5655 5.23221 4.92366 5.41205 4.78434 5.00502 2.72002 5.08802 2.42858 5.14367 0 5.08109 4.51215 6.510070000000001 4.77841 4.43356 2.25208 7.09845 5.007569999999999 4.96449 7.1043199999999995 5.805540000000001 2.90327 5.5261700000000005 
4.61475 4.87418 4.3980999999999995 6.7538599999999995 4.62132 5.09302 4.56261 4.48864 4.29729 2.73726 5.45235 5.08109 0 4.78229 6.6867600000000005 6.60861 4.742240000000001 2.82901 4.8606300000000005 5.5845 5.24097 6.96795 5.014810000000001 6.68027 6.576230000000001 
4.3525 4.22049 4.88307 5.490600000000001 4.73161 4.43933 4.32373 4.2127099999999995 6.62392 2.08357 4.50562 4.51215 4.78229 0 6.66263 5.859640000000001 4.08855 4.796799999999999 4.91589 4.68745 6.457179999999999 5.40499 7.223269999999999 4.40125 6.69553 
2.80757 6.67596 4.87621 2.04517 5.79943 5.5496099999999995 2.93791 4.89555 5.34121 5.52588 4.59945 6.510069999999999 6.68676 6.66263 0 6.192900000000001 7.5308600000000006 6.20453 4.84695 4.687849999999999 2.65108 6.98128 6.63617 4.50328 4.38842 
6.17882 4.55536 7.02924 4.14773 2.43773 6.66316 4.22909 4.59942 4.47857 6.69228 6.634360000000001 4.77841 6.60861 5.859640000000001 6.1929 0 7.32648 4.0141100000000005 6.74221 4.98072 6.84389 5.30515 7.1076999999999995 4.07414 4.8599499999999995 
4.72329 4.1419 5.28915 7.1593 5.20293 4.36074 4.97414 2.72706 6.54533 2.00498 4.72007 4.43356 4.742240000000001 4.08855 7.5308600000000006 7.32648 0 4.71821 7.11548 5.09353 4.97153 6.77652 7.6293500000000005 4.80733 5.53321 
5.43154 4.850149999999999 4.8401 4.1593599999999995 4.971019999999999 5.068989999999999 4.24072 4.6110500000000005 6.644019999999999 2.71323 4.81708 2.25208 2.82901 4.796799999999999 6.20453 4.0141100000000005 4.71821 0 4.84637 2.75549 6.85552 4.85224 5.17315 4.08577 4.76357 
4.74835 5.58225 4.17549 6.442209999999999 5.05855 5.790789999999999 5.2731200000000005 4.38842 5.180949999999999 6.51756 6.9667200000000005 7.09845 4.8606300000000005 4.91589 4.84695 6.742210000000001 7.11548 4.84637 0 2.09088 2.56547 5.45364 6.34671 6.631600000000001 4.09896 
2.78823 6.76981 2.08461 4.35133 6.76425 4.18802 4.7822 4.81423 6.37261 5.468719999999999 7.57257 5.007569999999999 5.5845 4.68745 4.687849999999999 4.98072 5.09353 2.75549 2.09088 0 4.42947 7.54452 4.25583 4.54072 2.00808 
2.677 4.8116900000000005 2.34486 4.69625 5.83856 4.44827 2.97704 2.24447 5.38034 4.37361 7.074590000000001 4.96449 5.24097 6.45718 2.65108 6.843890000000001 4.97153 6.85552 2.56547 4.42947 0 7.28397 4.68506 4.458629999999999 4.60719 
7.48985 5.27177 7.02627 4.93611 4.9502500000000005 7.1273 4.842090000000001 5.0395 5.072649999999999 4.77154 5.48587 7.1043199999999995 6.96795 5.40499 6.98128 5.30515 6.77652 4.85224 5.45364 7.54452 7.28397 0 7.58875 7.35736 7.2793600000000005 
7.04406 7.00948 2.3402 4.590999999999999 5.2529699999999995 4.44361 7.25091 5.0539000000000005 4.928940000000001 5.78628 7.212759999999999 5.805540000000001 5.014810000000001 7.223269999999999 6.63617 7.1077 7.6293500000000005 5.17315 6.34671 4.25583 4.68506 7.58875 0 5.27345 2.24775 
6.2504800000000005 6.4834499999999995 2.9551 4.219390000000001 5.70351 5.05851 2.84199 4.67108 5.245290000000001 5.33185 6.7060200000000005 2.90327 6.68027 4.40125 4.50328 4.07414 4.80733 4.08577 6.631600000000001 4.54072 4.458629999999999 7.35736 5.27345 0 4.66644 
4.79631 4.76173 2.26233 2.34325 6.87936 4.36574 5.003159999999999 2.80615 4.8806899999999995 4.93529 7.49183 5.5261700000000005 6.576230000000001 6.69553 4.38842 4.8599499999999995 5.53321 4.76357 4.09896 2.00808 4.60719 7.2793600000000005 2.24775 4.66644 0 
