42
point4 point5 point6 point7 point8 point9 point12 point14 point19 point22 point24 point25 point26 point27 point28 point35 point42 point44 point45 point47 point48 point50 point53 point55 point56 point58 point60 point61 point64 point65 point68 point70 point71 point72 point75 point76 point77 point84 point85 point92 point93 point0
0 5.0 11.62123 9.62123 7.09902 4.23607 12.19804 11.68324 9.571159999999999 9.857299999999999 19.604889999999997 20.0 22.12355 21.41421 22.02272 10.31883 14.14213 12.72792 13.72792 17.05472 14.86607 16.28028 24.417519999999996 22.8297 21.63331 26.8573 26.13066 23.89459 19.65985 20.0 21.0238 23.08679 23.16228 24.08319 21.51984 23.7778 24.90826 29.311619999999998 29.33154 33.42499 33.94113 18.51489 
5.0 0 10.21359 8.21359 6.95154 2.82843 13.19804 9.21954 8.06226 13.65974 18.0 19.41758 19.0263 20.0263 21.0263 8.911190000000001 15.35839 16.7726 17.7726 18.96394 17.40175 18.44893 24.86678 21.9545 24.30266 27.295090000000002 25.03958 22.80351 19.0 20.34684 21.0 23.23538 23.495929999999998 24.18677 21.0238 21.74234 22.96788 29.57027 29.582160000000002 32.55764 33.847970000000004 21.3491 
11.62123 10.21359 0 2.0 11.50827 7.38516 19.819270000000003 9.08276 7.09902 15.16552 19.4411 18.0 18.29061 19.02939 20.25141 13.46792 11.31371 12.727920000000001 13.727920000000001 14.919260000000001 14.52996 15.89244 23.34989 21.75402 20.25798 25.32381 23.40093 22.02272 19.26942 20.68363 21.0238 23.923450000000003 23.84591 24.33105 20.84758 23.7133 24.714930000000003 27.65863 27.918789999999998 31.89044 32.55764 17.10214 
9.62123 8.21359 2.0 0 9.50827 5.38516 17.81927 7.08276 5.09902 13.16552 18.29561 17.2808 16.29061 17.02939 18.25141 11.46792 10.0 11.41421 12.41421 13.605550000000001 12.52996 13.89244 21.89415 19.96509 18.94427 23.32381 21.40093 20.816650000000003 19.26942 20.39608 21.23022 24.280060000000002 23.19483 24.915950000000002 21.45163 22.39959 23.45033 26.4118 26.65419 30.632920000000002 31.26029 15.83754 
7.09902 6.95154 11.50827 9.50827 0 4.12311 15.297060000000002 12.79096 14.172989999999999 6.7082 18.92587 19.369139999999998 17.0 18.0 19.0 10.20587 15.556349999999998 16.97056 17.97056 19.0 15.015680000000001 13.60147 21.26842 20.79018 24.13275 23.708199999999998 21.63331 21.34369 18.219540000000002 19.633750000000003 20.18034 22.68154 22.796030000000002 23.86607 20.40175 21.84095 23.52462 27.07054 26.1725 30.53241 31.14482 15.8902 
4.23607 2.82843 7.38516 5.38516 4.12311 0 12.43411 12.04797 10.04988 10.831309999999998 20.82843 21.385060000000003 21.0238 22.02272 23.02173 6.08276 12.52996 13.944170000000002 14.944170000000002 16.13551 16.18024 15.6205 24.73863 22.97027 21.47423 27.83131 24.59675 23.34661 18.163809999999998 18.36871 20.124609999999997 21.546850000000003 21.5178 22.02272 20.34602 21.69983 24.419629999999998 28.941760000000002 29.33732 33.16288 33.79025 18.52067 
12.19804 13.19804 19.81927 17.81927 15.297060000000002 12.43411 0 20.19804 21.2434 21.90274 11.18034 12.16553 14.416409999999999 13.416409999999999 16.41641 18.51687 10.19804 11.612250000000001 12.612250000000001 13.80359 13.848320000000001 14.44031 21.41369 19.43909 19.142310000000002 23.7001 21.83715 19.60108 22.13594 23.550150000000002 27.89393 27.30907 26.71243 28.15432 21.09502 21.62209 22.847630000000002 26.60984 27.005399999999998 30.83096 30.781419999999997 16.18875 
11.68324 9.21954 9.08276 7.08276 12.79096 12.04797 20.19804 0 12.18178 6.08276 13.31883 10.19804 10.44031 11.44031 12.36932 14.4222 10.0 11.41421 12.41421 12.40175 13.65028 14.05539 16.81139 16.40122 16.26434 19.79899 20.593629999999997 18.35756 23.08276 24.26527 24.76973 27.73085 27.42755 28.73085 22.50574 21.02498 22.09072 24.01699 24.18677 29.984830000000002 29.5379 15.34262 
9.571159999999999 8.06226 7.09902 5.09902 14.172989999999999 10.04988 21.2434 12.18178 0 10.48418 15.815800000000001 13.579730000000001 15.993940000000002 14.993940000000002 17.993940000000002 11.40175 13.70016 12.28595 13.28595 17.0 10.04988 11.46409 18.41421 14.86607 19.20167 22.201159999999998 20.26442 18.02835 22.09147 21.0292 23.31371 24.59675 24.19148 25.53726 18.08276 18.13742 19.36296 22.481840000000002 23.11228 27.41969 27.45906 15.114370000000001 
9.857299999999999 13.65974 15.16552 13.16552 6.7082 10.831309999999998 21.90274 6.08276 10.48418 0 12.217669999999998 12.66094 15.07515 14.07515 13.527529999999999 12.596260000000001 16.08276 16.8384 17.8384 18.48451 14.60233 16.01654 14.56022 17.3016 22.3471 17.0 22.336819999999996 20.100749999999998 17.0 18.35756 18.87846 21.9545 21.51984 22.82542 21.99071 15.13275 18.29503 24.86678 25.54781 29.04159 30.90307 18.8384 
19.604889999999997 18.0 19.4411 18.29561 18.925869999999996 20.82843 11.18034 13.31883 15.815800000000001 12.217669999999998 0 3.6502799999999995 3.23607 2.23607 5.23607 21.843819999999997 15.44263 16.85684 17.85684 14.27766 17.20006 15.78585 10.23335 11.40849 14.416409999999999 13.63782 16.443710000000003 14.207640000000001 28.69088 27.92112 27.65863 31.148030000000002 30.89497 31.901269999999997 23.87518 22.827329999999996 22.88536 18.97367 19.6547 25.32286 24.59675 15.274469999999999 
20.0 19.41758 18.0 17.2808 19.36914 21.385060000000003 12.16553 10.19804 13.579730000000001 12.66094 3.6502799999999995 0 2.4142099999999997 1.41421 4.41421 22.28709 12.80625 14.21267 15.21267 13.4558 16.44874 15.54978 10.02998 11.851759999999999 13.594549999999998 12.81596 16.4558 14.579740000000001 28.454810000000002 28.36439 28.321460000000002 31.88982 29.83287 32.5641 21.47091 22.00547 23.32381 19.41694 19.4957 24.501 24.36068 15.0384 
22.123549999999998 19.0263 18.29061 16.29061 17.0 21.0238 14.416409999999999 10.44031 15.993940000000002 15.075149999999999 3.23607 2.4142099999999997 0 1.0 2.0 21.18962 12.20656 13.62077 14.62077 13.04159 14.14214 14.21267 7.61577 10.0 11.18034 12.40175 14.04159 13.162279999999999 26.183729999999997 27.597939999999998 27.66629 31.11271 29.06888 31.88983 23.63331 21.07983 22.72578 17.61577 18.246209999999998 24.08679 23.60147 16.68969 
21.41421 20.0263 19.02939 17.02939 18.0 22.02272 13.416409999999999 11.44031 14.993940000000002 14.075149999999999 2.23607 1.41421 1.0 0 3.0 22.18962 13.20656 14.62077 15.62077 12.04159 15.14214 14.867830000000001 8.615770000000001 11.0 12.18034 11.40175 15.04159 13.16553 27.183729999999997 28.442809999999998 28.28427 31.82843 29.7334 32.52691 22.88512 20.59126 23.302480000000003 18.61577 18.274929999999998 23.08679 23.255209999999998 15.68969 
22.02272 21.0263 20.25141 18.25141 19.0 23.02173 16.41641 12.36932 17.993940000000002 13.527529999999999 5.23607 4.41421 2.0 3.0 0 23.08679 14.20656 15.62077 16.62077 12.72792 16.142139999999998 16.21267 9.615770000000001 12.0 13.18034 14.40175 12.04159 14.27766 28.183729999999997 29.12914 29.00674 32.55764 30.41973 33.24938 21.63331 22.79083 24.016370000000002 17.02939 18.4436 23.852230000000002 23.82843 15.0 
10.31883 8.911190000000001 13.46792 11.46792 10.20587 6.08276 18.51687 14.4222 11.40175 12.596260000000001 21.843819999999997 22.28709 21.18962 22.18962 23.08679 0 10.4696 9.05539 10.05539 14.07515 11.0 12.41421 23.09379 20.235729999999997 19.41387 24.33105 22.16093 19.92486 13.70016 12.28595 18.80286 15.46409 15.43504 16.12452 21.5889 20.105269999999997 20.28595 25.24846 24.59675 29.90482 29.12311 15.23607 
14.14213 15.35839 11.31371 10.0 15.556349999999998 12.52996 10.19804 10.0 13.70016 16.08276 15.44263 12.80625 12.20656 13.20656 14.20656 10.4696 0 1.41421 2.4142099999999997 3.60555 3.6502799999999995 5.064489999999999 15.45261 10.44031 8.94427 15.543220000000002 13.052719999999999 10.81665 15.691869999999998 17.10608 18.38478 20.27882 17.53873 21.39797 13.15383 12.39959 13.594549999999998 16.4118 16.80736 20.632920000000002 21.26029 5.99071 
12.72792 16.7726 12.727920000000001 11.41421 16.97056 13.944170000000002 11.612250000000001 11.41421 12.28595 16.8384 16.85684 14.21267 13.62077 14.62077 15.62077 9.05539 1.41421 0 1.0 5.01976 2.23607 3.6502799999999995 14.0384 11.18034 10.35848 15.86935 14.0064 11.77033 14.27766 15.69187 17.1039 19.20664 16.12452 19.98376 14.56804 11.04988 12.18034 17.00089 18.11721 20.84943 21.34104 7.300559999999999 
13.72792 17.7726 13.727920000000001 12.41421 17.97056 14.94417 12.61225 12.41421 13.28595 17.8384 17.85684 15.21267 14.62077 15.62077 16.62077 10.05539 2.4142099999999997 1.0 0 6.01976 3.23607 4.6502799999999995 13.0384 12.18034 11.35848 16.86935 15.0064 12.77033 15.27766 14.86607 16.83531 20.20664 17.12452 20.98376 15.56804 10.04988 11.18034 18.00089 19.11721 21.84943 21.32776 8.300559999999999 
17.05472 18.96394 14.919260000000001 13.605550000000001 19.0 16.13551 13.80359 12.40175 17.0 18.48451 14.27766 13.4558 13.04159 12.04159 12.72792 14.075149999999999 3.60555 5.01976 6.01976 0 7.25583 8.67004 13.071069999999999 7.07107 12.54982 12.596260000000001 9.44717 7.2111 17.81543 16.40122 16.27882 19.84943 17.69181 20.521459999999998 11.08276 16.00514 17.2001 12.80625 14.220460000000001 19.88901 18.39144 9.596260000000001 
14.86607 17.40175 14.52996 12.52996 15.015680000000001 16.18024 13.848320000000001 13.650279999999999 10.04988 14.60233 17.20006 16.44874 14.14214 15.14214 16.142139999999998 11.0 3.6502799999999995 2.23607 3.23607 7.25583 0 1.41421 16.27447 10.4696 12.594549999999998 14.03567 12.45561 10.21954 12.04159 13.4558 14.867830000000001 16.97057 16.61808 17.74769 13.97568 13.221439999999998 12.67728 14.76482 15.881139999999998 20.38788 19.10497 5.064489999999999 
16.28028 18.44893 15.89244 13.89244 13.60147 15.6205 14.44031 14.05539 11.46409 16.01654 15.78585 15.54978 14.21267 14.867830000000001 16.21267 12.41421 5.064489999999999 3.6502799999999995 4.6502799999999995 8.67004 1.41421 0 15.05539 9.05539 14.008759999999999 13.0 11.26605 9.02998 13.4558 13.60147 13.45362 17.02939 16.76375 17.696260000000002 12.56147 11.80723 11.26307 14.83062 14.466929999999998 18.97367 19.95953 3.6502799999999995 
24.41752 24.86678 23.34989 21.89415 21.26842 24.73863 21.41369 16.81139 18.41421 14.56022 10.23335 10.029980000000002 7.61577 8.615770000000001 9.615770000000001 23.09379 15.45261 14.0384 13.0384 13.071069999999999 16.27447 15.05539 0 6.0 18.79611 13.335090000000001 11.398349999999999 9.162279999999999 26.61553 26.54066 25.60098 29.20653 26.62705 29.84362 23.37495 20.297060000000002 21.5226 13.615770000000001 14.24621 17.03122 19.60147 17.22454 
22.8297 21.9545 21.75402 19.96509 20.79018 22.97027 19.43909 16.40122 14.86607 17.3016 11.40849 11.851759999999999 10.0 11.0 12.0 20.235729999999997 10.44031 11.18034 12.18034 7.07107 10.4696 9.05539 6.0 0 19.38458 7.33509 5.39835 3.16228 20.61553 22.02974 21.508210000000002 25.07278 22.545740000000002 25.75085 17.37495 16.297060000000002 17.5226 7.61577 8.24621 14.698530000000002 13.60147 11.224540000000001 
21.63331 24.30266 20.25798 18.94427 24.13275 21.47423 19.142310000000002 16.26434 19.201670000000004 22.3471 14.416409999999999 13.59455 11.18034 12.18034 13.18034 19.41387 8.94427 10.35848 11.35848 12.54982 12.59455 14.00876 18.79611 19.38458 0 23.58209 21.996989999999997 19.76092 22.22046 20.80625 19.23538 22.84093 23.968529999999998 23.47802 19.57408 9.89949 12.80625 15.854759999999999 14.440549999999998 22.93752 15.303449999999998 14.93498 
26.8573 27.295090000000002 25.32381 23.32381 23.708199999999998 27.83131 23.7001 19.79899 22.20116 17.0 13.63782 12.81596 12.40175 11.40175 14.40175 24.33105 15.543220000000002 15.86935 16.86935 12.596260000000001 14.03567 13.0 13.335090000000001 7.33509 23.58209 0 7.62123 5.38516 25.109319999999997 25.310019999999998 24.79784 28.23248 25.49722 28.644569999999998 20.15119 14.76482 17.88854 14.95086 15.581299999999999 12.04159 16.5655 14.27766 
26.13066 25.03958 23.40093 21.40093 21.63331 24.59675 21.83715 20.593629999999997 20.26442 22.33682 16.44371 16.4558 14.04159 15.04159 12.04159 22.16093 13.05272 14.0064 15.0064 9.44717 12.45561 11.26605 11.39835 5.39835 21.99699 7.62123 0 2.23607 20.88061 22.16093 21.54066 25.08339 22.441969999999998 25.49548 12.52996 20.423 19.297790000000003 13.01412 13.644559999999998 19.66282 13.416409999999999 8.0 
23.89459 22.80351 22.02272 20.81665 21.343690000000002 23.34661 19.60108 18.35756 18.02835 20.100749999999998 14.207640000000001 14.579740000000001 13.162279999999999 13.16553 14.27766 19.92486 10.81665 11.77033 12.77033 7.2111 10.21954 9.02998 9.162279999999999 3.16228 19.76092 5.38516 2.23607 0 19.724159999999998 19.92486 19.724159999999998 22.84732 20.2059 23.25941 14.76603 18.18693 17.46463 10.77805 11.40849 17.42675 11.18034 9.85184 
19.65985 19.0 19.26942 19.26942 18.219540000000002 18.163809999999998 22.13594 23.08276 22.09147 17.0 28.69088 28.454810000000002 26.183729999999997 27.183729999999997 28.183729999999997 13.70016 15.69187 14.27766 15.27766 17.81543 12.04159 13.4558 26.61553 20.61553 22.220460000000003 25.109319999999997 20.88061 19.724159999999998 0 1.41421 12.67004 9.06449 4.57649 15.498470000000001 11.46409 12.57649 9.41421 23.5398 22.747860000000003 22.66373 23.5372 13.41641 
20.0 20.34684 20.68363 20.39608 19.63375 18.36871 23.550150000000002 24.26527 21.0292 18.35756 27.92112 28.36439 27.59794 28.442809999999998 29.12914 12.28595 17.10608 15.69187 14.86607 16.40122 13.4558 13.60147 26.54066 22.02974 20.80625 25.310019999999998 22.16093 19.92486 1.41421 0 11.25583 7.6502799999999995 3.16228 14.08426 10.04988 11.162279999999999 8.0 23.08679 22.63185 23.35932 24.37749 14.830620000000001 
21.0238 21.0 21.0238 21.23022 20.18034 20.124609999999997 27.89393 24.76973 23.31371 18.87846 27.65863 28.321460000000002 27.66629 28.28427 29.00674 18.80286 18.38478 17.103900000000003 16.83531 16.27882 14.867830000000001 13.45362 25.60098 21.508210000000002 19.23538 24.79784 21.54066 19.724159999999998 12.67004 11.25583 0 3.60555 14.40492 4.24264 9.47647 10.57649 7.41421 22.2036 21.43919 22.66373 23.90663 17.103900000000003 
23.08679 23.23538 23.923450000000003 24.28006 22.68154 21.54685 27.30907 27.73085 24.59675 21.9545 31.148030000000002 31.88982 31.11271 31.82843 32.55764 15.464089999999999 20.27882 19.20664 20.20664 19.84943 16.97057 17.02939 29.20653 25.07278 22.84093 28.23248 25.08339 22.84732 9.06449 7.6502799999999995 3.60555 0 10.79937 6.43398 13.08202 13.60147 11.01976 25.745260000000002 24.33105 26.00322 26.01922 19.87204 
23.16228 23.495929999999998 23.84591 23.19483 22.796030000000002 21.5178 26.71243 27.427550000000004 24.19148 21.51984 30.89497 29.83287 29.06888 29.7334 30.41973 15.43504 17.53873 16.12452 17.12452 17.69181 16.61808 16.76375 26.62705 22.545740000000002 23.96853 25.49722 22.441969999999998 20.2059 4.57649 3.16228 14.40492 10.79937 0 17.23335 13.21216 14.324559999999998 11.162279999999999 23.0915 21.88566 22.57717 23.59534 15.6205 
24.08319 24.18677 24.33105 24.915950000000002 23.86607 22.02272 28.15432 28.73085 25.53726 22.82542 31.901269999999997 32.5641 31.889829999999996 32.52691 33.249379999999995 16.12452 21.397969999999997 19.983759999999997 20.983759999999997 20.521459999999998 17.74769 17.696260000000002 29.843619999999998 25.75085 23.47802 28.644569999999998 25.49548 23.25941 15.498470000000001 14.08426 4.24264 6.43398 17.23335 0 13.71911 13.92839 10.77033 25.80206 24.5153 25.31848 26.0 20.71729 
21.51984 21.0238 20.84758 21.45163 20.40175 20.34602 21.09502 22.50574 18.08276 21.99071 23.87518 21.47091 23.63331 22.88512 21.63331 21.588900000000002 13.15383 14.56804 15.56804 11.08276 13.97568 12.56147 23.37495 17.37495 19.574080000000002 20.15119 12.52996 14.76603 11.46409 10.04988 9.47647 13.08202 13.21216 13.71911 0 9.930109999999999 6.76783 15.81139 17.2256 14.0 16.31523 13.487680000000001 
23.7778 21.74234 23.7133 22.39959 21.84095 21.69983 21.62209 21.02498 18.13742 15.13275 22.827329999999996 22.00547 21.07983 20.59126 22.79083 20.105269999999997 12.39959 11.04988 10.04988 16.00514 13.22144 11.807229999999999 20.297060000000002 16.297060000000002 9.89949 14.76482 20.423000000000002 18.18693 12.57649 11.162279999999999 10.57649 13.60147 14.324559999999998 13.92839 9.930109999999999 0 3.16228 19.41694 18.09902 18.68645 19.6547 12.733439999999998 
24.90826 22.96788 24.714930000000003 23.45033 23.52462 24.419629999999998 22.847630000000002 22.09072 19.36296 18.29503 22.88536 23.32381 22.72578 23.302480000000003 24.016370000000002 20.28595 13.59455 12.18034 11.18034 17.2001 12.677280000000001 11.26307 21.5226 17.5226 12.80625 17.88854 19.29779 17.46463 9.41421 8.0 7.41421 11.01976 11.162279999999999 10.77033 6.76783 3.16228 0 16.25466 16.965870000000002 15.52417 16.49242 12.08493 
29.311619999999998 29.57027 27.65863 26.4118 27.07054 28.941760000000002 26.60984 24.01699 22.481840000000002 24.86678 18.97367 19.41694 17.61577 18.61577 17.02939 25.24846 16.4118 17.00089 18.00089 12.80625 14.76482 14.83062 13.615770000000001 7.61577 15.854759999999999 14.950859999999999 13.01412 10.77805 23.5398 23.08679 22.2036 25.745260000000002 23.0915 25.80206 15.81139 19.41694 16.25466 0 1.41421 7.08276 21.21724 11.18034 
29.331539999999997 29.582160000000002 27.91879 26.65419 26.1725 29.33732 27.0054 24.18677 23.11228 25.54781 19.6547 19.4957 18.246209999999998 18.274929999999998 18.4436 24.59675 16.80736 18.11721 19.11721 14.220460000000001 15.88114 14.46693 14.24621 8.24621 14.440549999999998 15.581299999999999 13.64456 11.40849 22.74786 22.63185 21.43919 24.33105 21.88566 24.5153 17.2256 18.09902 16.96587 1.41421 0 8.496970000000001 21.84768 10.81665 
33.42499 32.55764 31.89044 30.632920000000002 30.53241 33.16288 30.830960000000005 29.984830000000002 27.41969 29.04159 25.32286 24.501 24.08679 23.08679 23.852230000000002 29.90482 20.632920000000002 20.84943 21.84943 19.88901 20.38788 18.97367 17.03122 14.698530000000002 22.93752 12.04159 19.662819999999996 17.42675 22.66373 23.35932 22.66373 26.00322 22.57717 25.31848 14.0 18.68645 15.52417 7.08276 8.496970000000001 0 25.31848 18.2631 
33.94113 33.847970000000004 32.55764 31.26029 31.14482 33.79025 30.781419999999997 29.5379 27.45906 30.90307 24.59675 24.36068 23.60147 23.255209999999998 23.82843 29.12311 21.26029 21.34104 21.32776 18.39144 19.10497 19.95953 19.60147 13.60147 15.303449999999998 16.5655 13.416409999999999 11.18034 23.5372 24.37749 23.90663 26.01922 23.59534 26.0 16.31523 19.6547 16.49242 21.21724 21.84768 25.31848 0 16.32967 
18.51489 21.349100000000004 17.10214 15.83754 15.8902 18.520670000000003 16.18875 15.34262 15.11437 18.8384 15.274469999999999 15.0384 16.68969 15.68969 15.0 15.23607 5.99071 7.300559999999999 8.300559999999999 9.596260000000001 5.064489999999999 3.6502799999999995 17.22454 11.224540000000001 14.93498 14.27766 8.0 9.85184 13.41641 14.830620000000001 17.1039 19.87204 15.6205 20.71729 13.487680000000001 12.73344 12.08493 11.18034 10.81665 18.2631 16.32967 0 
