44
47 40 71 1 15 52 3 31 85 56 9 4 14 42 54 89 46 49 76 37 73 34 20 25 41 79 87 53 5 84 23 68 48 12 6 77 86 59 75 27 33 36 60 80
0 604014894.04961 459116441.65486 346469728.54512 781648498.70604 731634913.81307 636094499.00598 625523353.67961 873208436.57018 651261831.99959 492388404.00005 338056573.36212 328340900.38317 253787588.01606 433864232.02121997 525839765.74655 321431282.77141 216728180.35488 181682062.30761 396227515.70245 242050429.36441 900035299.27729 304347226.33674 661280077.03986 258646192.78829002 295576457.16877 860817042.2739899 425100497.70658 753448009.95533 558591354.7643399 396870836.09224 289879167.07667 186068682.09402 169194867.10485 81958421.19597 612271413.11262 264649762.32926 762567156.47502 397423938.45355 301427956.92865 863912995.85213 166729040.34059 859595944.19992 785060624.26673 
604014894.04961 0 292964147.10604 329512087.52407 294273868.65108 143481203.69732 766342334.8277301 829297708.18881 343898734.4827 535232934.56228 111979971.82226 544077991.01633 716271577.0539 844709992.98963 452897349.8787 771720395.80074 659218982.82347 511844101.01576 444399329.06618005 544983412.46575 759016663.82758 455051544.44219 813879627.35198 377223116.01651996 595772723.42875 827726536.70277 372158388.40705 463914346.75338 418350581.59545 488381467.54045 473926298.11911 612681057.85629 540858634.10043 718310821.96961 683017139.39131 830560105.17696 343896448.92451 250284923.62910002 593226828.50575 877509089.94887 317187967.82225 440123941.64883 361177838.26203 718268517.84619 
459116441.65486 292964147.10604 0 113516709.65199 344262274.39728 436445350.80336 476300289.80642 536333561.08277 436087984.96963 285899814.27969 224839876.51211 268301777.98225 452768884.30836 669896845.0569899 552460222.67567 478756248.6947 391926689.34784 310862249.18145 369041361.83186 257240308.87901 531915078.49624 441027357.18796 576716312.82597 211124449.60689 370899529.60035 598330162.67758 407870241.20326 563477219.5503501 294331568.30047 622314912.05423 493799044.20853 606285677.98453 342308634.18634 604452902.56548 541029714.06076 537595958.07092 229070031.11439 360527546.60862 309332286.33818 668645727.49897 457505002.67076 341054036.51772 420584938.36253 468935397.56360006 
346469728.54512 329512087.52407 113516709.65199 0 450065601.13012 472878396.14364 493153638.96606 535906554.49346 538676616.16941 364700557.67856 230951535.96608 219596517.44533 403601155.08356005 563840785.60158 476700915.58541 461230734.72595 329980732.82134 205326987.61553 261750789.93284 234453322.91381 457608612.29637 553677706.99438 506286794.87037 322426605.22757 295477793.83650005 509476238.38667 516069837.66093 475227465.59432 407848277.95246 562771802.79163 380282334.55654 502149483.83437 236973339.64242002 490936192.91349 427513004.40877 532785477.18068 125121383.8836 442736207.43662 274077848.64863 571696732.3946 543481724.64286 230613497.51493 521397512.39008 535989078.09802 
781648498.70604 294273868.65108 344262274.39728 450065601.13012 0 294369130.84025 718112275.07675 803141507.7271299 91825710.57235 436336219.4188 334314108.23234 603460459.65735 790080848.21525 1006777999.20897 714922041.90998 771799188.96506 735965493.3729 652782096.78452 648947534.51022 594197398.04124 876128888.32523 195548028.99349 920262217.18904 253483163.79024 714816641.59459 942431434.86364 107371170.94495 720335753.56738 236088717.1666 727145488.33405 623026438.74526 854016250.04752 680534307.26419 916518806.81346 863606919.90201 822775811.9787899 521356122.7139 101690209.10113 633600633.35402 1012185803.29864 140758529.34257 636628267.56652 78010771.67951 585177855.25537 
731634913.81307 143481203.69732 436445350.80336 472878396.14364 294369130.84025 0 899629044.42133 966277352.63366 343743157.6753 652657629.69214 248991285.4612 687337598.97503 859752780.75122 974016694.96084 507483970.11327 913907967.32145 802678671.89465 650997379.73079 559466316.14331 686814505.43839 898711400.5578 487787641.39641 954607673.86002 480586353.09286 736493192.67748 967329069.326 394740462.78665 516659382.05587995 502185102.04088 480487266.41669 447100811.57019 702218804.06036 679175798.62708 835210623.15801 808163887.47785 968785094.22759 478526971.12415 193572529.94322 736708032.2030699 1013416188.36814 236669166.07707 565278028.67675 327277671.32059 827036149.76307 
636094499.00598 766342334.8277301 476300289.80642 493153638.96606 718112275.07675 899629044.42133 0 94199939.16772 774952617.23357 394964860.64746 699005654.74624 317340784.52311003 344716564.61268 701000578.25217 952304460.18572 145312722.30266 349771342.10422003 494187921.05812 685805814.68163 270456439.60901 496194557.32513 682710330.47151 487471686.29616 465212241.65915 452334116.08939 522980389.38758004 716648817.41736 948693192.67562 510851293.92214 1050446110.93539 862999416.8243799 905936812.31124 503315364.08237 768200107.24822 686055816.15331 109786913.10843 591755795.18035 786408942.33393 260907123.09829 621240158.65529 857622157.02439 644233562.56724 772911981.83765 246316239.80964 
625523353.67961 829297708.18881 536333561.08277 535906554.49346 803141507.7271299 966277352.63366 94199939.16772 0 861290871.18205 410059386.87389 753535181.18919 334475838.58064 309740715.62933 657696021.87359 975176819.83499 100070000.01895 304098200.75329 504549793.07321 699566080.09571 302209879.98366 455008448.45973 774201695.72425 435627588.26107 549658343.93689 443035056.72015 470570715.70734 804824359.52973 970592641.76884 598260102.69426 1079920410.5907 890845861.59799 907016307.42039 503203526.81548 746863772.42107 660166103.22538 19634304.25166 621111166.29479 875167735.88767 275281259.53707 567543577.7201 938972417.58004 657982423.8858 858441343.96632 337114749.32694 
873208436.57018 343898734.4827 436087984.96963 538676616.16941 91825710.57235 343743157.6753 774952617.23357 861290871.18205 0 495192555.08888 422466106.29823005 685388586.7934 871728625.40975 1097206534.1635 796678772.28924 841032968.28361 810164788.56071 738792068.72259 740417935.65514 673168337.83798 967189291.80012 164672844.18978 1005462548.92233 312339499.46032 802519246.78539 1034257145.43599 70455436.12764 802607321.41591 279056900.24131 800906772.83761 707567304.26025 942946996.487 770438420.74948 1008344255.90187 955166857.76615 870309720.79459 613181833.28625 157802894.73711002 711983444.73092 1100264823.74092 133839580.96311 726982564.62938 17279103.77933 618311271.72281 
651261831.99959 535232934.56228 285899814.27969 364700557.67856 436336219.4188 652657629.69214 394964860.64746 410059386.87389 495192555.08888 0 498961459.2635 330883884.56907 482094598.37979 804175584.79298 835522285.86456 460478521.9068 428245368.14464 488043993.01242995 620193989.10488 275192479.28037 617243531.04566 401694880.45502996 637225037.563 182853055.62856 497076682.1191 668947265.75506 427023839.1543 835632516.62255 219236997.43656 908214657.80524 736079720.15894 861166262.26779 510168938.12477 800839897.99446 726600952.92986 390425082.62223 489201664.16356 508916753.61228 319109400.98236 760897786.5953 576646373.49438 584073881.22593 485284730.03243 183035583.28391 
492388404.00005 111979971.82226 224839876.51211 230951535.96608 334314108.23234 248991285.4612 699005654.74624 753535181.18919 422466106.29823005 498961459.2635 0 450154913.95703 614770282.09286 732784818.92742 405214082.42714 686614982.33155 559688440.54447 410057986.50369 332419357.24392 465404858.87989 652265721.95545 526853085.83876 705743058.0033 435964326.11899996 487595676.94072 718383208.41169 435792830.74566 394197085.55246 429144156.63873 428689196.49836 429499654.7886 520690116.15388 435328695.60036004 609510250.05534 571784270.63487 752900575.00725 232019915.79347 283736471.33108 505029384.61471003 766909133.03746 385383813.64767003 330895365.2298 412324879.91185 681996020.15291 
338056573.36212 544077991.01633 268301777.98225 219596517.44533 603460459.65735 687337598.97503 317340784.52311003 334475838.58064 685388586.7934 330883884.56907 450154913.95703 0 186620388.5579 473423105.16463 641285311.0544 306097336.20307 169052186.77531 181875795.0546 370195805.4556 115207762.75885999 293984125.05549 658504093.54796 325757028.46383 400902561.47013 167752857.14014 353141437.83771 661710386.5514001 636981050.65876 481471422.6177 745537858.69894 558767667.35638 592583941.25238 213522147.08149 482774628.30367 398553220.59952 327806776.09874 287524045.71235 628541934.10138 59367365.09143 439683673.49609 724240310.97242 328573761.04343 681471231.33686 451934256.60389 
328340900.38317 716271577.0539 452768884.30836 403601155.08356 790080848.21525 859752780.75122 344716564.61268 309740715.62933 871728625.40975 482094598.37979 614770282.09286 186620388.5579 0 356533817.27707 726091740.80442 244639087.31078002 73620422.26222 245678984.74498 443028151.9365 223062347.31197 151945215.25932 838772096.79106 156195794.87599 581483081.34476 161988228.49993 189549490.50339 838629849.11558 719446671.84097 665933528.0766301 843196867.12166 657441452.3596 617298637.41596 234025527.75942 438618098.98155 352729130.28417 293905473.44729 414564061.58364004 813256307.47712 167221949.64454 286104947.24112 910273886.97912 404644752.68872 868091619.89476 578564752.76651 
253787588.01606 844709992.98963 669896845.0569899 563840785.60158 1006777999.20897 974016694.96084 701000578.25217 657696021.87359 1097206534.1635 804175584.79298 732784818.92742 473423105.16463 356533817.27707 0 639221163.20488 562754581.37239 390482295.08056 359130581.94705 421486901.70153 529142688.39116 204806020.92704 1107967015.91234 226150737.30337 855962606.2780299 311614842.89808 193856818.44796 1077665310.75218 629750909.10031 939975283.70007 764147154.33647 618118140.76313 438723998.94262 327588210.87065 194770704.41042 171829166.82009 639996261.78154 506724220.50242 997345208.4446 493234159.75870997 117945263.07225 1098197222.10018 409336340.8377 1084785563.95262 901536050.16309 
433864232.02121997 452897349.8787 552460222.67567 476700915.58541 714922041.90998 507483970.11327 952304460.18572 975176819.83499 796678772.28924 835522285.86456 405214082.42714 641285311.0544 726091740.80442 639221163.20488 0 884338885.6932 695187291.41176 484789041.90122 287860572.23006 681883933.03929 673910594.92801 896048033.63838 735625258.80849 743465292.59597 564812290.238 729375230.66607 822293212.85493 11016996.87468 813580557.61446 125598317.04612 100713496.69074 230832920.59692 492234779.54373 450958854.77495 474496225.18097 968550461.2511001 362167749.8304 643195528.71022 700104502.34615 726408597.13991 726324953.058 325598317.31403 779571758.07848 1011547482.78748 
525839765.74655 771720395.80074 478756248.6947 461230734.72595 771799188.96506 913907967.32145 145312722.30266 100070000.01895 841032968.28361 460478521.9068 686614982.33155 306097336.20307 244639087.31078002 562754581.37239 884338885.6932 0 204458619.80156 404479793.05426 605841065.25954 227809164.38763 363874856.34816 769972038.60732 364938756.80061 528693468.82329 343972515.10593 379812877.04027 789068468.29582 879310616.94926 588835909.84005 992156103.44776 804518826.23211 808037256.87204 405894504.9838 647405069.3638 560168623.45492 86553510.25352 535913829.50758 820066947.58965 256884003.77363002 477969969.61108 906213120.48443 564480622.33615 835312962.77529 382963749.15912 
321431282.77141 659218982.82347 391926689.34784 329980732.82134 735965493.3729 802678671.89465 349771342.10422003 304098200.75329 810164788.56071 428245368.14464 559688440.54447 169052186.77531 73620422.26222 390482295.08056 695187291.41176 204458619.80156 0 210404730.25255 413005486.60631 165525219.35131 191635337.3278 778569011.51211 209684777.15276 521060769.47792 140095533.66772 241359102.59392002 772954154.12425 689224871.30643 599122960.21143 808925646.30058 621103207.57427 604552813.03459 205977193.78058 446763532.5331 359527086.62422 290963588.51373 367769354.81465 752453625.13393 109684821.68388 333448350.09129 848796886.36457 372425354.50243 802294459.51353 511053755.08253 
216728180.35488 511844101.01576 310862249.18145 205326987.61553 652782096.78452 650997379.73079 494187921.05812 504549793.07321 738792068.72259 488043993.01242995 410057986.50369 181875795.0546 245678984.74498 359130581.94705 484789041.90122 404479793.05426 210404730.25255 0 202600756.35376 242353407.93126 252281624.68084002 751889606.36941 308298187.28355 503233253.92753 90150806.22097 316337948.88977 718562041.1479 479444331.70914 588808375.78881 599112072.27677 412201411.74935 411748891.25312 31646352.02689 315452587.27093 238556959.91743 489781574.04921 178038070.71022 645283373.32408 233310751.95079 368984708.32973 746615287.89193 232533123.46256 726583471.99621 623313014.3844 
181682062.30761 444399329.06618005 369041361.83186 261750789.93284 648947534.51022 559466316.14331 685805814.68163 699566080.09571 740417935.65514 620193989.10488 332419357.24392 370195805.4556 443028151.9365 421486901.70153 287860572.23006 605841065.25954 413005486.60631 202600756.35376 0 417792820.64325 414240931.61752 792684600.03321 465148262.02439 580092556.09843 281148429.24337 473609383.67684 751074367.10184 276843575.35538 662326647.52519 401031777.70727 220046992.85897 241216229.81224 209068059.1738 277723719.71238 261972222.73229998 690349509.85326 140098542.23625 613798078.77801 427111722.08487 481873084.03545 713052759.78766 41678483.98791 725327570.41912 781348749.5542 
396227515.70245 544983412.46575 257240308.87901 234453322.91381 594197398.04124 686814505.43839 270456439.60901 302209879.98366 673168337.83798 275192479.28037 465404858.87989 115207762.75885999 223062347.31197 529142688.39116 681883933.03929 227809164.38763 165525219.35131 242353407.93126 417792820.64325 0 343816697.93506 618508018.52007 369689610.69374 360828838.37766 282960619.899 402282265.48116004 615567501.80361 678238277.8642 494429476.71693003 783591363.5999501 601526064.33054 645493755.53738 254412503.95779 541500850.25673 457382080.86716 298551897.42604 359574706.79741 612544520.26403 55840397.66743 488107920.91519 711872543.10472 376547808.99145 670746042.21015 389168739.75128 
242050429.36441 759016663.82758 531915078.49624 457608612.29637 876128888.32523 898711400.5578 496194557.32513 455008448.45973 967189291.80012 617243531.04566 652265721.95545 293984125.05549 151945215.25932 204806020.92704 673910594.92801 363874856.34816 191635337.3278 252281624.68084002 414240931.61752 343816697.93506 0 952488218.6034501 62537995.65297 694886686.52562 164670045.01473 68718520.38601 933573969.41875 665155271.03839 775455547.67319 798637717.67113 622711088.1197 524416258.6067 220635272.65395 312934674.59835 234542734.40421 437828779.12202 423944052.46084 884100927.03894 298471899.83473 167353810.4123 983998607.30607 372562447.62961 952286414.85903 701114117.80118 
900035299.27729 455051544.44219 441027357.18796 553677706.99438 195548028.99349 487787641.39641 682710330.47151 774201695.72425 164672844.18978 401694880.45502996 526853085.83876 658504093.54796 838772096.79106 1107967015.91234 896048033.63838 769972038.60732 778569011.51211 751889606.36941 792684600.03321 618508018.52007 952488218.6034501 0 984255425.19665 257679180.14241 798710063.32116 1011523111.06196 94217408.06214 900545148.97363 182457883.01847 917438218.89039 813014291.745 1014466099.04805 780378805.04169 1044035815.92511 981190711.4031501 790936257.03915 664713464.73198 294215111.45319 672354661.51938 1092259259.38959 290067219.39227 771654325.892 173596307.81955 532743024.90992 
304347226.33674 813879627.35198 576716312.82597 506286794.87037 920262217.18904 954607673.86002 487471686.29616 435627588.26107 1005462548.92233 637225037.563 705743058.0033 325757028.46383 156195794.87599 226150737.30337 735625258.80849 364938756.80061 209684777.15276 308298187.28355 465148262.02439 369689610.69374 62537995.65297 984255425.19665 0 726659589.93396 218147381.06258 131256516.03898 973064723.56237 727331560.7408 806515371.98521 859366557.81976 684878290.06367 582681325.47756 279421801.82032 366154692.53108 289166267.05387 417317897.6885 482730581.62721 933039199.44942 319362781.12192 133768472.35913 1032367222.29011 434706412.96608 995508145.60788 705727410.89869 
661280077.03986 377223116.01651996 211124449.60689 322426605.22757 253483163.79024 480586353.09286 465212241.65915 549658343.93689 312339499.46032 182853055.62856 435964326.11899996 400902561.47013 581483081.34476 855962606.2780299 743465292.59597 528693468.82329 521060769.47792 503233253.92753 580092556.09843 360828838.37766 694886686.52562 257679180.14241 726659589.93396 0 545076285.31583 753843930.91955 260807825.08127 745297436.98334 165719957.45472002 796161553.5857 689326060.93714 816183035.38851 533188054.14917 809349094.81757 739710689.93853 569292648.18855 440036906.94674 326735173.82185 415629555.54379 836033010.1864 393865731.21588 551988023.42078 329618603.23965 365888638.91247 
258646192.78829002 595772723.42875 370899529.60035 295477793.83650005 714816641.59459 736493192.67748 452334116.08939 443035056.72015 802519246.78539 497076682.1191 487595676.94072 167752857.14014 161988228.49993 311614842.89808 564812290.238 343972515.10593 140095533.66772 90150806.22097 281148429.24337 282960619.899 164670045.01473 798710063.32116 218147381.06258 545076285.31583 0 233146075.38468 776454883.2985 557458858.23471 649224279.7578399 681730577.88074 497018692.5497 464459898.57043 72577510.69427 319828941.72784 233721700.06392 430523736.74687 267684630.50448 719430882.02421 227120222.23157 297746207.86186 821078224.3407999 243214052.68391 791363461.20964 613144286.69581 
295576457.16877 827726536.70277 598330162.67758 509476238.38667 942431434.86364 967329069.326 522980389.38758004 470570715.70734 1034257145.43599 668947265.75506 718383208.41169 353141437.83771 189549490.50339 193856818.44796 729375230.66607 379812877.04027 241359102.59392002 316337948.88977 473609383.67684 402282265.48116004 68718520.38601 1011523111.06196 131256516.03898 753843930.91955 233146075.38468 0 997801172.21128 720676942.94026 834572220.45947 853942587.07307 682999427.46045 567313301.42971 289353793.03996 341007638.73415 272322619.46737 452177425.79801 491948969.07943 951623856.92185 350224790.82942 98635290.02629 1051694410.70135 436321788.82552 1018240348.55278 740242627.70048 
860817042.2739899 372158388.40705 407870241.20326 516069837.66093 107371170.94495 394740462.78665 716648817.41736 804824359.52973 70455436.12764 427023839.1543 435792830.74566 661710386.5514001 838629849.1155801 1077665310.75218 822293212.85493 789068468.29582 772954154.12425 718562041.1479 751074367.10184 615567501.80361 933573969.41875 94217408.06214 973064723.56237 260807825.08127 776454883.2985 997801172.21128 0 825473770.98047 208601464.11367 834468895.31568 729879227.5117 952690508.0723801 750077099.88153 1000448223.94892 942469257.40667 815330212.76039 622548257.54678 201753346.72542 671407899.47104 1073503297.41262 195849811.33013 723080402.6699901 79378899.75741 551270854.30138 
425100497.70658 463914346.75338 563477219.5503501 475227465.59432 720335753.56738 516659382.05587995 948693192.67562 970592641.76884 802607321.41591 835632516.62255 394197085.55246 636981050.65876 719446671.84097 629750909.10031 11016996.87468 879310616.94926 689224871.30643 479444331.70914 276843575.35538 678238277.8642 665155271.03839 900545148.97363 727331560.7408 745297436.98334 557458858.23471 720676942.94026 825473770.98047 0 815419095.25273 135777429.36113 102565802.18571 219817464.47763 485747751.01005 440483487.17236 464819919.21626 962527578.84367 359353339.87039 649599464.72893 696348415.7501899 716872771.13982 731840128.86625 316814460.98947 785530009.10558 1011216543.69234 
753448009.95533 418350581.59545 294331568.30047 407848277.95246 236088717.1666 502185102.04088 510851293.92214 598260102.69426 279056900.24131 219236997.43656 429144156.63873 481471422.6177 665933528.0766301 939975283.70007 813580557.61446 588835909.84005 599122960.21143 588808375.78881 662326647.52519 494429476.71693003 775455547.67319 182457883.01847 806515371.98521 165719957.45472002 649224279.7578399 834572220.45947 208601464.11367 815419095.25273 0 857647311.19496 712867060.92372 896390785.02294 620454727.8157 894777786.31298 825355757.65128 608911701.91657 522228105.28894 337778926.26773 498711578.43209004 918416133.2118 376847246.50917 635326311.14219 272341767.88709 350285141.89145 
558591354.7643399 488381467.54045 622314912.05423 562771802.79163 727145488.33405 480487266.41669 1050446110.93539 1079920410.5907 800906772.83761 908214657.80524 428689196.49836 745537858.69894 843196867.12166 764147154.33647 125598317.04612 992156103.44776 808925646.30058 599112072.27677 401031777.70727 783591363.5999501 798637717.67113 917438218.89039 859366557.81976 796161553.5857 681730577.88074 853942587.07307 834468895.31568 135777429.36113 857647311.19496 0 189256981.99038 344960631.10694003 609287509.23237 574471451.63344 600094542.22709 1073305438.97112 459464042.79932 643414629.90631 804859480.06617 852006288.2308 712339682.86726 438613655.44837 783938420.86409 1088620891.01041 
396870836.09224 473926298.11911 493799044.20853 380282334.55654 623026438.74526 447100811.57019 862999416.8243799 890845861.59799 707567304.26025 736079720.15894 429499654.7886 558767667.35638 657441452.3596 618118140.76313 100713496.69074 804518826.23211 621103207.57427 412201411.74935 220046992.85897 601526064.33054 622711088.1197 813014291.745 684878290.06367 689326060.93714 497018692.5497 682999427.46045 729879227.5117 102565802.18571 712867060.92372 189256981.99038 0 263678511.8143 424448692.21526 442529835.25675 447264529.92155 884145914.4997001 271243621.64403 556802940.5422 615699955.59475 692888704.88529 643252622.57661 254356573.35183 690288200.48092 913298815.1141 
289879167.07667 612681057.85629 606285677.98453 502149483.83437 854016250.04752 702218804.06036 905936812.31124 907016307.42039 942946996.487 861166262.26779 520690116.15388 592583941.25238 617298637.41596 438723998.94262 230832920.59692 808037256.87204 604552813.03459 411748891.25312 241216229.81224 645493755.53738 524416258.6067 1014466099.04805 582681325.47756 816183035.38851 464459898.57043 567313301.42971 952690508.0723801 219817464.47763 896390785.02294 344960631.10694003 263678511.8143 0 403862666.28776 244652864.57207 295238508.07338 894513470.25691 378159485.17253 801152883.50478 645041612.18441 541115480.571 893708467.34191 282894713.80015004 926711129.08599 1019656699.04493 
186068682.09402 540858634.10043 342308634.18634 236973339.64242002 680534307.26419 679175798.62708 503315364.08237 503203526.81548 770438420.74948 510168938.12477 435328695.60036004 213522147.08149 234025527.75942 327588210.87065 492234779.54373 405894504.9838 205977193.78058 31646352.02689 209068059.1738 254412503.95779 220635272.65395 780378805.04169 279421801.82032 533188054.14917 72577510.69427 289353793.03996 750077099.88153 485747751.01005 620454727.8157 609287509.23237 424448692.21526 403862666.28776 0 290872331.66233 268027103.28999 492020596.24702 203308779.80689 676929725.35097 243776074.3712 338386057.02972 777811952.47768 250746543.16171 758229824.0231 642771846.81372 
169194867.10485 718310821.96961 604452902.56548 490936192.91349 916518806.81346 835210623.15801 768200107.24822 746863772.42107 1008344255.90187 800839897.99446 609510250.05534 482774628.30367 438618098.98155 194770704.41042 450958854.77495 647405069.3638 446763532.5331 315452587.27093 277723719.71238 541500850.25673 312934674.59835 1044035815.92511 366154692.53108 809349094.81757 319828941.72784 341007638.73415 1000448223.94892 440483487.17236 894777786.31298 574471451.63344 442529835.25675 244652864.57207 290872331.66233 0 87236445.90888 731812781.0628 395168137.21036 888686145.63363 534648406.03353 312074977.02425 989274873.8022599 282599656.82728 994010733.47203 930607916.03081 
81958421.19597 683017139.39131 541029714.06076 427513004.40877 863606919.90201 808163887.47785 686055816.15331 660166103.22538 955166857.76615 726600952.92986 571784270.63487 398553220.59952 352729130.28417 171829166.82009 474496225.18097 560168623.45492 359527086.62422 238556959.91743 261972222.73229998 457382080.86716 234542734.40421 981190711.4031501 289166267.05387 739710689.93853 233721700.06392 272322619.46737 942469257.40667 464819919.21626 825355757.65128 600094542.22709 447264529.92155 295238508.07338 268027103.28999 87236445.90888 0 645369233.47714 346608183.52523 843909890.24964 457920585.69095004 252441222.79965 945152286.68775 243293862.82182 941553925.94367 846038850.35844 
612271413.11262 830560105.17696 537595958.07092 532785477.18068 822775811.97879 968785094.22759 109786913.10843 19634304.25166 870309720.79459 390425082.62223 752900575.00725 327806776.09874 293905473.44729 639996261.78154 968550461.2511001 86553510.25352 290963588.51373 489781574.04921 690349509.85326 298551897.42604 437828779.12202 790936257.03915 417317897.6885 569292648.18855 430523736.74687 452177425.79801 815330212.76039 962527578.84367 608911701.91657 1073305438.97112 884145914.4997001 894513470.25691 492020596.24702 731812781.0628 645369233.47714 0 615128064.41399 864722665.6467 268445958.90495 548919902.6825 945978877.14943 648852034.04387 867115160.1373 354600930.14824 
264649762.32926 343896448.92451 229070031.11439 125121383.8836 521356122.7139 478526971.12415 591755795.18035 621111166.29479 613181833.28625 489201664.16356 232019915.79347 287524045.71235 414564061.58364004 506724220.50242 362167749.8304 535913829.50758 367769354.81465 178038070.71022 140098542.23625 359574706.79741 423944052.46084 664713464.73198 482730581.62721 440036906.94674 267684630.50448 491948969.07943 622548257.54678 359353339.87039 522228105.28894 459464042.79932 271243621.64403 378159485.17253 203308779.80689 395168137.21036 346608183.52523 615128064.41399 0 497987208.48078 346891410.80378 534889217.24399 599278421.33603 116388503.0399 599366894.39341 661110461.9816201 
762567156.47502 250284923.62910002 360527546.60862 442736207.43662 101690209.10113 193572529.94322 786408942.33393 875167735.88767 157802894.73711002 508916753.61228 283736471.33108 628541934.10138 813256307.47712 997345208.4446 643195528.71022 820066947.58965 752453625.13393 645283373.32408 613798078.77801 612544520.26403 884100927.03894 294215111.45319 933039199.44942 326735173.82185 719430882.02421 951623856.92185 201753346.72542 649599464.72893 337778926.26773 643414629.90631 556802940.5422 801152883.50478 676929725.35097 888686145.63363 843909890.24964 864722665.6467 497987208.48078 0 666185099.50241 1013801950.37421 101647342.31659 606263465.20878 140523790.95778 686868064.3565 
397423938.45355 593226828.50575 309332286.33818 274077848.64863 633600633.35402 736708032.2030699 260907123.09829 275281259.53707 711983444.73092 319109400.98236 505029384.61471003 59367365.09143 167221949.64454 493234159.75870997 700104502.34615 256884003.77363002 109684821.68388 233310751.95079 427111722.08487 55840397.66743 298471899.83473 672354661.51938 319362781.12192 415629555.54379 227120222.23157 350224790.82942 671407899.47104 696348415.7501899 498711578.43209004 804859480.06617 615699955.59475 645041612.18441 243776074.3712 534648406.03353 457920585.69095004 268445958.90495 346891410.80378 666185099.50241 0 441819804.07229 759345192.77623 385433238.09696 704295512.58099 414289011.40591 
301427956.92865 877509089.94887 668645727.49897 571696732.3946 1012185803.29864 1013416188.36814 621240158.65529 567543577.7201 1100264823.74092 760897786.5953 766909133.03746 439683673.49609 286104947.24112 117945263.07225 726408597.13991 477969969.61108 333448350.09129 368984708.32973 481873084.03545 488107920.91519 167353810.4123 1092259259.38959 133768472.35913 836033010.1864 297746207.86186 98635290.02629 1073503297.41262 716872771.13982 918416133.2118 852006288.2308 692888704.88529 541115480.571 338386057.02972 312074977.02425003 252441222.79965 548919902.6825 534889217.24399 1013801950.37421 441819804.07229 0 1114913895.86959 461970284.20928 1089070748.49187 837767696.43199 
863912995.85213 317187967.82225 457505002.67076 543481724.64286 140758529.34257 236669166.07707 857622157.02439 938972417.58004 133839580.96311 576646373.49438 385383813.64767003 724240310.97242 910273886.97912 1098197222.10018 726324953.058 906213120.48443 848796886.36457 746615287.89193 713052759.78766 711872543.10472 983998607.30607 290067219.39227 1032367222.29011 393865731.21588 821078224.3407999 1051694410.70135 195849811.33013 731840128.86625 376847246.50917 712339682.86726 643252622.57661 893708467.34191 777811952.47768 989274873.8022599 945152286.68775 945978877.14943 599278421.33603 101647342.31659 759345192.77623 1114913895.86959 0 706734803.86481 116560477.18378 724190965.1679 
166729040.34059 440123941.64883 341054036.51772 230613497.51493 636628267.56652 565278028.67675 644233562.56724 657982423.8858 726982564.62938 584073881.22593 330895365.2298 328573761.04343 404644752.68872 409336340.8377 325598317.31403 564480622.33615 372425354.50243 232533123.46256 41678483.98791 376547808.99145 372562447.62961 771654325.892 434706412.96608 551988023.42078 243214052.68391 436321788.82552 723080402.6699901 316814460.98947 635326311.14219 438613655.44837 254356573.35183 282894713.80015004 250746543.16171 282599656.82728 243293862.82182 648852034.04387 116388503.0399 606263465.20878 385433238.09696 461970284.20928 706734803.86481 0 714639039.24603 742814255.63367 
859595944.19992 361177838.26203 420584938.36253 521397512.39008 78010771.67951 327277671.32059 772911981.83765 858441343.96632 17279103.77933 485284730.03243 412324879.91185 681471231.33686 868091619.8947599 1084785563.95262 779571758.07848 835312962.77529 802294459.51353 726583471.99621 725327570.41912 670746042.21015 952286414.85903 173596307.81955 995508145.60788 329618603.23965 791363461.20964 1018240348.55278 79378899.75741 785530009.10558 272341767.88709 783938420.86409 690288200.48092 926711129.08599 758229824.0231 994010733.47203 941553925.94367 867115160.1373 599366894.39341 140523790.95778 704295512.58099 1089070748.49187 116560477.18378 714639039.2460301 0 621060945.62542 
785060624.26673 718268517.84619 468935397.56360006 535989078.09802 585177855.25537 827036149.76307 246316239.80964 337114749.32694 618311271.72281 183035583.28391 681996020.15291 451934256.60389 578564752.7665099 901536050.16309 1011547482.78748 382963749.15912 511053755.08253 623313014.3844 781348749.5542 389168739.75128 701114117.80118 532743024.90992 705727410.89869 365888638.91247 613144286.69581 740242627.70048 551270854.30138 1011216543.69234 350285141.89145 1088620891.01041 913298815.1141 1019656699.04493 642771846.81372 930607916.03081 846038850.35844 354600930.14824 661110461.9816201 686868064.3565 414289011.40591 837767696.43199 724190965.1679 742814255.63367 621060945.62542 0 
