97
40 11 140 33 159 97 146 149 12 170 63 119 184 172 81 17 32 91 61 26 27 148 188 78 101 62 45 76 111 133 152 88 185 90 162 182 49 59 58 107 186 189 118 181 74 67 15 29 83 53 41 36 171 134 54 175 177 151 43 116 135 106 105 179 86 158 163 66 131 166 56 115 57 160 137 8 13 109 126 150 42 16 122 71 85 113 20 153 80 77 173 9 30 48 168 114 55
0 568280497.64487 449328279.25637 450308614.12453 513706612.89167 85672971.17445 191639687.13105 517163962.79440004 618473016.51478 524519327.95613 350793131.30951 385978704.01304 385139764.38475 223917149.69383 737028327.43403 613120287.96522 394858434.85357 401668700.24938 307313608.1015 341820292.07863 498682997.56119 238173674.5557 488177635.04821 450034848.24512 443015135.66173 99430087.20146 550162104.56705 272210610.87361 645667682.72368 454781079.41285 532983913.24438 402204035.75246 478079984.82477003 246317632.71773 527326680.75602 432358212.20387 379954576.51537 423118909.66443 455211745.52861 535712111.00693 432239686.99879 667970704.50367 686753044.82461 144702901.5199 403998289.98403 219782210.89549 183005336.34246 285658664.84381 499456146.11658 119215723.62231 361768431.36737 627970105.40171 473971648.18654 356500890.11713 113745839.09511 238032245.38123 520762798.56023 564725857.40807 413536253.99641 309501811.54492 158863784.96011 336800633.79481 580563805.24944 155269574.6441 417510919.50794 313574909.39824 418374811.13442004 415388575.9921 561239257.18182 487639394.71941 261023780.98236 359830277.75651 422520332.81255 563627067.16764 595799643.56283 172318091.55788 137827727.56674 153841244.15651 522963446.23535 387084322.0116 64024670.87695 546247093.461 209003967.70711 679911250.98369 283340510.43402 176725575.95899 516808466.98487 437674982.14014 455551219.5052 411807283.96014 486756273.28301 187690891.07947 498405302.47687 389926213.07923 649161261.97595 228966178.78263 380118437.10493 
568280497.64487 0 586952335.9907999 485692989.25172997 643962590.2004801 609219860.17038 413394795.00931 117350149.78263 267641154.95128 977366093.58599 455801087.18159 651840302.68144 693491104.12656 697048591.96024 370728738.35395 118791340.94514 922571055.37237 392428188.10317 331514956.17382 513397702.81364 957406665.13424 795846090.0745499 257924291.1252 744780036.14362 207519779.06983 478983346.95143 185866697.01071 741406865.43872 558219402.82448 671537001.65994 757337293.65179 445430225.96958 122489748.40083 370365647.41945 197948077.09017 185273631.3537 945911588.08388 596953596.07273 606179304.05484 926020974.68397 504411596.66753 473093698.71362 196757468.90716 528203101.28578 887830381.0987899 711892225.32914 456009061.40931 557163501.08686 524208668.82688 663822151.87444 923920261.44741 135515934.98418 187975659.66275 857918131.8938999 673940013.75559 766122290.23015 222742489.7936 131717605.81985 551623829.30888 828116172.87862 465162112.84335 451811190.2692 1080953865.70101 413394015.03253 283265397.85239 517033162.47966003 648789190.63203 524876144.17683 150603012.80497998 607932931.4536 357137185.19769 401096510.37985003 237644049.48953 1059972413.85466 580435345.08796 693237082.80374 472610233.38238 702443011.68331 917660446.02826 944239651.83213 510715893.11122 319446733.9331 380972848.20857 476618033.56678 317324065.70332 535154087.92095 88068216.08643 737940752.54841 285804059.83418 830000524.17281 233942757.496 726833187.33212 860959342.21698 441052066.09536 103786015.83764 664611762.13047 301289951.29858 
449328279.25637 586952335.9907999 0 797206394.01141 911152088.90759 395387111.65259004 324831459.79794 523124757.93413 795171788.3016 964489629.7830501 703465467.30002 810291717.13152 170934271.97662 672175440.07227 486041983.69716 537571989.5857 803314672.02773 704560161.99406 565663115.96598 122625775.07427 937981193.30721 535922054.65525 340902319.00843 186724598.17907 611270455.6073899 393497205.56484 700255838.50803 717831819.71588 969835182.84219 97838294.11439 961257510.59634 141713255.58083 466326137.10011005 309436502.0237 689373234.19099 589539233.68527 717715433.28579 824172628.50861 19687740.27567 383043049.70154 792054197.42891 941515875.33681 564170159.39459 304835896.94091 444643554.208 665784376.12654 547744424.76762 697895313.70969 851924186.56799 556508832.32231 611112343.74742 542985946.48453 426711639.03259 788157048.57181 536833910.91445 437357004.53583 701830465.73823 675239694.11086 42918171.10165 735973111.71564 530649643.43739 686092803.79229 996050412.23998 411387589.80505 303686938.13841 702040103.64042 103220665.11126 63253068.27775 560067110.04993 38311115.46304 309232818.94234 679415063.0733 623038934.94907 982754868.68803 945147832.13422 614015251.50597 513305584.05867 443863533.71721005 971781524.04883 756353401.66846 408063640.58254 777973569.56623 459897176.0414 950098570.01099 341026216.98511 594226810.52705 586775687.1545 188053228.63189 305059985.58341 334123988.28637 679605137.11747 617542071.31844 947357674.00122 725797545.80987 600943333.25785 677537465.50879 630623121.716 
450308614.12453 485692989.25172997 797206394.01141 0 172351288.90502998 534949425.79026 475035881.52278 484901254.70557 333369285.68457997 571966194.7187899 111771240.5732 216229712.13817 800718703.75899 393545972.08286 829717151.66637 595694207.25066 603311597.30764 108765649.93512 239431108.52764 677205950.54385 559515659.53387 636692481.4844301 618776040.05298 867071976.63649 293319582.13262 435075990.33111 327019658.08300996 413392248.17843 195725264.80951002 836330607.75629 277406930.59544 684557079.32245 493358286.33935 488903259.73828 302803275.08003 308727362.206 703474406.39663 131126273.8719 810364373.24389 981889784.06353 30043931.64692 243350791.85381 679747815.13069 542121021.1216099 851026428.5629001 418298130.91028 273571840.42791 198125753.50587 54718043.21206 454301208.93894 758956951.84003 612966201.61183 529246374.14574 520494254.55798 483444033.6204 679498537.53643 279237299.39641 380284618.15574 754404155.49016 518667136.20016 297081463.68602 119202469.72266 702585848.29966 393282265.11224 583142276.15579 152954249.7416 801034867.1186 741103118.00568 503985057.9362 833114430.30856 491437663.7836 119053212.89423 252504960.39061 680118609.22519 150111508.66145 439458869.0263 318973199.68217003 597149006.2290599 482966628.38219 669469023.78741 441969110.45612 212761847.36483 338943673.5342 256348827.44584 468244436.72289 289803583.18085 412392383.07717 855566924.29743 614262169.18441 859208552.43731 271735457.78575 479975710.7994 417928963.84499 71547525.37962 588416620.85633 348569688.13216 199903272.25964 
513706612.89167 643962590.2004801 911152088.90759 172351288.90502998 0 598890796.88544 586551679.57895 641914219.85221 467548804.36109996 471381417.66544 237359077.99769002 182041240.59724 890364415.76719 396527952.91501 984522651.72796 753414775.59505 551533218.11911 263759783.73575 379534969.77951 788797285.2667 465142364.57965 656531422.62939 766408685.18802 956682781.64471 452162873.99408 526483621.61615 482213630.68989 393565998.72122 227533198.42008 937909218.17517 253012137.01586 810535535.35513 647528013.77137 610618391.66022 459238829.22578 466192785.44321 681305110.40326 90659296.20541 922313052.97606 1047567565.14821 142307357.25811 329589704.16735 837743543.38827 631203029.99423 892779014.03977 408888520.33643 367198606.26137 228200120.30114 166246695.27049 479826408.23263 764490267.55901 770774018.81703 681705568.5258701 499211327.67999 512055828.79222 721337001.66213 435114093.55169 536720172.30149 869134888.73742 482966594.4004 383875459.4628 248078600.53818 611178173.80209 500083557.02448 723246137.40766 210202570.30375 901755484.45608 859869816.65277 662677826.64426 948449052.96402 615890375.00445 260891583.33228 410432227.98516 589110530.61437 150607533.16857 447503556.66504 403510683.61341 639381601.61498 368203267.10409 635458207.74289 524072255.00828004 359191623.40945 453792855.20224 340883959.28419 598915053.70688 337943289.02362 570568327.92874 944614150.60815 757995267.33398 923541912.13451 414228710.50479 483109917.13633 301594207.77134 212247206.3966 746676462.07935 341642753.04595 353620013.1554 
85672971.17445 609219860.17038 395387111.65259004 534949425.79026 598890796.88544 0 202833502.04648 553157420.19796 686714192.77757 570364008.60796 434988759.90545 465033082.79913 308508151.75081 287853941.98323 734931885.77177 637694346.75802 417280479.73417 481770993.00331 377277985.05204 288409618.1946 543810940.12245 191949819.78063 492533945.37614 371684514.37386 504341009.75349 137271708.30529 612644656.05889 327709932.65602994 729978079.39469 378531933.38833 613428363.23021 372099442.2122 506002194.62573 255566430.41308 589212513.99902 491226581.47901 365931276.14455 508231500.68003 396204155.88646 450049653.0418 517439683.81517 749157785.33286 707196937.20305 216569393.82259 326698180.71508 275281532.67791 264642727.42366 370695333.6545 584613913.16155 164221212.73746 315886219.84995 652408016.74099 496750287.30872 394478419.84752 141908763.24071 177568838.11311 587137687.09008 621324657.68639 362572518.29605 342881020.58352 244536756.13456 416703956.79585 608088268.53972 202850702.37211 420780587.23533 397490793.31517 343323281.62149 369656881.28801 598295086.1909 432619135.76916003 271113324.3969 440923066.38009 487579675.01186 593341356.30389 680999640.37921 221876760.57297 218737746.92588 93377836.88839 582536294.70441 387309575.10924 108583185.09201 619043751.67816 253472468.99229 760253870.38146 302754933.4755 262398547.13344002 562181132.29787 359239149.76718 455993581.65093 329378112.75631 551794382.78213 222299414.23265 564755934.54491 471167150.28235 681446879.43744 300002258.58256 452346704.94933 
191639687.13105 413394795.00931 324831459.79794 475035881.52278 586551679.57895 202833502.04648 0 354374130.95339 533966483.88214 704651851.59047 379560635.00712 493310897.99467 338022752.05394 397518935.03521 545394146.29075 435052048.26031 585583156.00342 388800383.16677 253815283.62577 203039208.15397 679943238.0661 394507072.01836 296972145.91126 402358243.3921 342556044.31349 96231539.98805 448298013.72414 446914018.10964 654743154.75351 362189685.60443 642472340.8797 254976326.21673 304762091.57367 54686611.08728 429227129.79661 356274929.28094 563560512.04505 500297478.26436 336715933.84285 549994224.19253 468261313.17155 642177268.15337 504625659.20262 115230973.03998 479190094.72317004 399929116.33547 228168393.68537998 378276698.87941 529642723.82078 309676341.41497 517982713.66461 449606920.51529 293928516.73126 543769956.79603 305054298.76791 353410474.00238 433356023.67071 445019093.04546 301974159.35849 499344459.64664 210235228.18592 361762900.04736 770408701.1211799 161820871.90695 225980493.92193 378189160.37889 327686958.2079 273318137.07382 399752397.48607 361938741.67411 70113068.56532 359195370.69481 338691108.92893 752562629.47216 624352813.42851 358828873.40306 195666456.93619 296211338.93487 687799336.34018 576390619.50851 128318358.84485 489132392.3617 148015078.8171 652158309.78771 100099933.84832 282165652.69589996 374552335.47246 392870972.59238 263911532.37415 447374096.33826005 403677025.18305 378584701.17628 652446013.57516 403582340.48063 480216348.29642004 388423167.93144 378270374.45899 
517163962.79440004 117350149.78263 523124757.93413 484901254.70557 641914219.85221 553157420.19796 354374130.95339 0 308261094.18328 947950307.17766 442302563.36296 634820836.36553 628729191.54484 659651149.56544 348849195.24676 114191480.34877 881917796.79399 378246099.8233 295080843.50488997 448582585.96787 926970370.55986 741162977.74881 199930903.06067 679980162.22084 192932114.58496 427483720.06920004 217511552.69286 705554823.8352 580935266.46769 607040471.51393 749371338.17397 382889525.83081 109814674.8106 309181232.11033 222309410.14393002 176218658.36048 896349404.42365 587307917.87364 542362475.98437 861364488.14971 499938907.38397 503995850.13239 200163915.53812 468624694.15735 825924388.24369 672884798.85192 417591248.89082 533278437.32814 528295976.03893 617651740.65663 868764073.93443 137401466.25011 97457563.85665 820529947.4706 626525311.00605 707765571.85623 244835203.0678 171680188.27511 487255092.00957 787961503.3295 425787748.78779 435827203.4249 1045966212.50139 361894388.1503 220837501.58973998 497180245.64165 583989941.04658 460887902.83835 113115058.99681 545279438.74056 295464666.33793 388737841.01016 232396519.48839 1025433724.31878 593543711.66663 650501586.50421 435291054.92858 646535257.08635 894452955.73569 897243611.07063 456988266.72549 342162597.57631 335329720.34231 507824818.11696 256479327.65465 498177812.95813 86296037.35307 673196861.70912 224531028.89766 765630747.98282 246342524.02647 682389089.23024 840296158.83877 433092818.26783 133449241.23777 629996637.47155 290218367.47115 
618473016.51478 267641154.95128 795171788.3016 333369285.68457997 467548804.36109996 686714192.77757 533966483.88214 308261094.18328 0 886378096.44285 348321219.65818 530524605.56817 863864224.59086 660809243.2642 636426294.85351 384132225.36729 886998405.06843 260785498.75861 311159408.41328 696948584.3295001 871168573.80792 843705190.85452 503539161.99905 924137436.16992 191738838.49382 552478169.95703 95634448.35155 693467571.00161 314397269.2776 865337074.25031 591997765.77608 656526944.68249 351794196.01769996 513405372.68407 106774325.88776 211046577.71196 955971544.07191 455348734.28716004 813775056.179 1083614655.51923 361025488.13563997 214073139.56783 451712823.0461 641010688.81666 1000465025.74286 681977027.3967301 448299684.41556 474897075.76072 340659993.1583 676123195.33062 975140639.59112 397035464.86867 397250493.25153005 809616851.71258 697022107.75248 849676598.5357201 100908432.23392 137307294.59087 755138436.7878101 795361112.31071 469390721.46883 363851277.76068 1010254286.8714101 488593354.09051 506679160.69206 423288182.87329 836175823.9454701 731949556.48867 297498637.29687 823062378.53381 506118903.03847 301275284.25359 199688065.20406 987935237.42934 356302434.48483 684084233.88836 486795398.52259 771317195.93967 801482431.04851 935632043.08608 578131007.68556 121691421.12308002 434633483.69955003 227079874.15617 466745370.66619 511918055.92744 223908981.60295 915006005.62046 520713736.94849 971797503.6808699 136554287.91904 729199844.0395 737074716.03047 314244464.89876 348258934.01565003 617750975.63249 248142003.44378 
524519327.95613 977366093.58599 964489629.7830501 571966194.7187899 471381417.66544 570364008.60796 704651851.59047 947950307.17766 886378096.44285 0 541926324.36033 355853490.87468 861112295.04219 307294385.36321 1235563507.86639 1059505459.18916 262330042.90533 629161050.47174 657617016.23994 855125776.45577 26553068.48551 475696882.16179 986227840.49797 916015189.2556 792298984.71376 609014226.0312 868292468.8791499 258376594.44392002 698913961.03386 942061732.7773199 361556513.81266 926599618.21268 926417566.43175 754685167.43695 840863896.27702 800231415.7955999 366035954.24323 442702070.1722 966232441.27096 914475980.12734 541922263.07187 795316765.12802 1144820437.0405202 666047088.0787 718355034.24311 306122763.91297 533979326.67321 431788565.70085996 576136311.49207 409607456.01871 505801826.61173 1077257767.42319 941787356.15444 178794029.78397 428531323.80256 582783774.32384 822198128.91233 910988150.76458 932027747.59693 232504864.05941 531092211.05104 539186838.16917 142156057.9296 635966741.32132 920550755.6280801 469800445.76338 908473725.1452 937402011.9484301 984239197.11389 1001265385.23928 767904761.20516 595249082.37861 752079913.25353 121256092.64726 621987704.83576 352819303.68022 532984830.04001 536485746.00021 158065379.23527998 301029320.32422 580742277.86073 779818511.78151 631677065.31881 807745810.82676 777360075.10116 453350506.59943 906991618.3449 903877136.22833 960021167.8130001 806664064.29291 788806461.87937 348160085.42724997 173925128.22287 576764014.50776 1077268741.03846 323889003.14831 686949752.6426401 
350793131.30951 455801087.18159 703465467.30002 111771240.5732 237359077.99769002 434988759.90545 379560635.00712 442302563.36296 348321219.65818 541926324.36033 0 212925644.27907 701111887.35351 319428644.47401 775857660.65906 556494043.71173 541239023.53989 87937203.91238 170384655.24942 582330441.07838 525758297.07175 544731619.9323 550639901.07574 767542032.03225 261581262.96128 334388193.09853 327143119.36411 347789189.41323 294989319.48924 738873922.61246 308891820.60487 596326003.51446 439798663.16321 397720071.86388 299495351.56333 270867996.76014 625722032.71445 146699781.79228002 716276568.8499701 881312940.09255 111783255.66807 326577835.34588 642057199.08197 441433407.17895 750236535.94233 346607295.16279 172939343.18914998 127058376.01228 162253072.68331 363548727.64569 670015088.16054 574064342.5201 470321357.97759 462128826.40209 391193512.0748 581994533.53395 280309210.65716 371851841.27986 660877924.66179 451682282.52509 196457742.9421 18568718.76048 662986408.52299 295662434.41458 510669684.36451 75015734.00994 703503061.66978 649008382.95441 469040071.0862 740192964.79361 401774756.566 55537743.28544 219101331.50118 640734410.59069 249954926.64295 355735366.67058 218282749.7334 497886021.29702 468268344.92089 597645760.92261 341354262.28378 246373111.17178 244431715.79365 339451357.58088005 382679036.74591 188081898.03068 381695279.80039 755960107.89195 541148461.54307 758550021.67977 247533647.43841 396658951.96543 408210894.21543 40223715.19358 559394352.48406 275955794.31492 154511650.60676 
385978704.01304 651840302.68144 810291717.13152 216229712.13817 182041240.59724 465033082.79913 493310897.99467 634820836.36553 530524605.56817 355853490.87468 212925644.27907 0 767659560.73184 227976922.47778 957328733.99798 748596671.6957 401745270.29499 280178150.28067 351845323.92709 688107685.53569 343318508.88013 503118895.28176 720566042.90269 832967452.82331 458354649.2891 416974230.10319 521168492.71897 227835440.42183 366520635.99499 824442993.9382 151388968.04788 726459309.19085 625884333.14384 528115828.2146 494500372.32026 466568770.7528 525117313.42362 91381944.39183 819113266.15369 907766342.76226 186185780.49125 448197820.17644 834569798.9432 514382093.15109 744893311.92297 252596598.61832 270684553.64968 116112387.36261 226733543.7832 331086116.0547 608130514.62125 766515580.51431 651658939.20679 318209300.29846 363513626.59941995 574099913.79086 473941281.24633 568315775.41949 769970884.57997 327995369.1204 283075669.80875 200029387.43815 486954962.95402 407144938.35665 668062498.9750401 137909910.26913 788037900.08089 764343194.1549 663679737.78033 848602832.59456 536671517.90549 252806370.53422 416435349.58819 464487224.96274 293553416.49381 293150772.75035 298191408.55168 494346628.5813 277872572.42952 483766227.14653003 406576795.64618 423965020.90683 373971900.46571 461024954.16437995 529241833.14954 225855556.08508998 577944469.71532 820640140.29994 704506416.79394 784299128.87612 442956580.89213 327911728.74764 211159531.58796 221022824.27177 755139174.5111201 190680588.47424 351035934.60258 
385139764.38475 693491104.12656 170934271.97662 800718703.75899 890364415.76719 308508151.75081 338022752.05394 628729191.54484 863864224.59086 861112295.04219 701111887.35351 767659560.73184 0 592347102.90531 650008565.69743 666648088.41589 683078793.01654 723223444.84689 591257972.1823 187340838.66423 834596933.04117 402156811.65652996 473137025.44412 66520476.31581 672593368.88086 367185912.97157 773391421.48499 632579834.18308 987659884.5518 92461210.29775 918123677.62913 270307730.99056995 571196780.95593 350545439.45585 757504009.16706 652886022.48695 576048811.30385 800051347.5054 157999331.10448 233913967.35849 789762156.91431 980083858.5778 706586045.93329 260471300.5473 274452150.95507 580327098.00074 530771877.99027 664978650.36113 854265406.39338 469302301.55827 456279960.45178 675372501.58007 540344576.43084 682372301.01393 442382225.99912 294636733.69626 764753927.43105 759590799.22238 175602376.44356 628710160.15314 509070046.7366 682663111.34003 873349766.14945 418203150.57047 418879924.34768 681514396.0075 74466406.26889 202814339.06231 670595326.36279 194414310.98718 357888998.72691 690033915.79781 673906263.62675 862536741.2968 950777769.72968 526040835.00941 488322652.61656 324708290.66554 885930066.48751 622155448.34217 368457509.27788 827155144.41564 467570703.54103 990138723.21021 397937864.99843 555295167.22012 677180247.97896 54848220.53844 433150297.12908 182710511.80396998 736458720.48541 517907883.8482 871986409.35798 730648879.50302 726152479.14468 608494747.66218 664702836.35844 
223917149.69383 697048591.96024 672175440.07227 393545972.08286 396527952.91501 287853941.98323 397518935.03521 659651149.56544 660809243.2642 307294385.36321 319428644.47401 227976922.47778 592347102.90531 0 930718145.41946 767493642.18661 229359707.1269 402448700.568 382652610.62781 557327928.00916 282587561.66873 277420018.92949 681422275.7493399 653751032.6908 527313647.5119 302231575.8642 619777190.17786 109569561.37254 576213856.65881 663580844.71041 356002033.13811 622433598.82695 633057932.75631 447549507.6552 592111764.3051 525945323.1457 309979350.17145 310107774.53326 676553133.70249 699812911.76739 366533873.91745996 636683726.21208 850228126.57602 368155180.38243 525179328.59879 133843910.29826 242792412.88669 196298702.97553 425578059.71598 123632729.24577 380507401.07444 784972468.58359 642584663.97506 160962631.78739 153350207.91905 358352605.10625005 578482271.70099 652601666.86783 637045334.52512 135588347.58468 234313031.06164998 308018184.29679 387181200.20369 331151527.93476 615726402.3934201 247595714.11595 628159484.67701 639305725.68593 698861638.3729 710172187.28256 460892592.87126 359888005.61521 491890751.59652 367256809.40384 508352052.76622 71056671.52052 231613639.65042 285433360.78417 299610103.16776 278256713.26126 275445377.15884 563422152.66897 330899416.35387 649658855.69352 471886009.70436 164187265.05728 629919761.66998 641324452.2297 653450304.53594 578977844.99235 542592481.88955 100530949.51058 279703237.20897 358689233.21488 792138997.43186 79573625.6493 431004766.36481 
737028327.43403 370728738.35395 486041983.69716 829717151.66637 984522651.72796 734931885.77177 545394146.29075 348849195.24676 636426294.85351 1235563507.86639 775857660.65906 957328733.99798 650008565.69743 930718145.41946 0 252474868.08984 1130579082.65717 721464156.16226 615246372.73586 495268634.41364 1211947594.30829 922638653.38464 252419248.37375003 672394213.3563 541781309.83172 640223447.95968 556483499.65589 979895099.94341 926320598.6616 583030765.32836 1084629221.56913 392445303.8894 339575451.39228 491171360.77382 566223519.16632 525067853.60724 1100831924.30748 922556158.7288 503258076.70625997 868166513.02513 844402059.6899201 843812642.33861 193624988.50253 627917871.03777 912008667.7329 937364569.6371 706796535.31832 846985904.81828 875270296.32075 854741713.85354 1031390870.92248 257772708.63415 306087592.2067 1084689420.16626 850448445.05866 852281173.64507 590286404.80457 502301597.03463 474852389.2619 1042654908.3265799 706164481.15331 766276712.94984 1312605260.06755 602787513.36049 324179887.88189006 819955617.78552 580860283.8635501 447880083.9728 343072106.19177 485628832.4062 479391236.46615005 727236033.71703 578445075.50537 1294213994.67714 941374187.9666 901166759.5191 702973181.82673 819587637.38357 1200028669.36072 1119492915.5762 673464035.5073 687885658.92747 604845519.05686 846052559.59564 462053721.38635004 785217474.23952 431544578.57057 671616943.2699 285874466.5421 813555128.9423901 594881375.02328 923417530.45833 1152785002.40272 772842519.21543 294114690.20627 912068469.8461499 630946536.54813 
613120287.96522 118791340.94514 537571989.5857 595694207.25066 753414775.59505 637694346.75802 435052048.26031 114191480.34877 384132225.36729 1059505459.18916 556494043.71173 748596671.6957 666648088.41589 767493642.18661 252474868.08984 0 986578272.8968 490283420.39367 408821050.61231 486486790.43251 1038117177.19506 828821821.53846 196836045.79716 710554949.664 304588300.50554 513690200.76376 304651056.40023 815027125.08769 676697780.52576 629713679.95125 862692167.96652 401696722.0735 179646969.30595 384021720.394 316234826.41654 290119364.97282004 991302349.50177 700834047.47259 557259564.36272 900562055.77438 611910093.59019 591515940.87139 89423546.27002999 543925271.96895 888098404.61474 779529551.09528 527024016.09909 647469917.67691 637888695.08939 717702257.19539 952929742.20344 25789662.29682 141510720.11354 928073315.65122 722529888.87929 784872461.4070001 340821926.05573 249956214.68722 507714997.89433 893323881.88837 536308385.41834 549931441.95967 1154646264.92817 457898966.02354 248731437.42303 611371725.99042 612582822.4321301 479468095.33125 93355334.53154 552326637.96221 368868686.13238 502397552.67634 346358023.04874 1134750451.59045 696383796.24046 754415110.60582 536779082.36374 730488895.10029 1007921535.99825 996372085.33387 549095617.08827 437994306.33788 438894729.37679 593625431.21965 334952114.41199 607909373.29131 185190313.29411 705236539.50257 264562862.27705002 815451978.98859 349429501.77977 784105977.9441 954487639.18754 546434135.2583699 63371343.67215 739625843.61122 403481554.76082 
394858434.85357 922571055.37237 803314672.02773 603311597.30764 551533218.11911 417280479.73417 585583156.00342 881917796.79399 886998405.06843 262330042.90533 541239023.53989 401745270.29499 683078793.01654 229359707.1269 1130579082.65717 986578272.8968 0 627034958.50162 611352541.28737 704064857.31637 235776974.41982 324087295.19264996 880874382.10207 734056606.1556801 756594771.0539 490669971.02936006 848967372.79888 193620114.2623 768207778.73051 768859717.26956 479995342.80008 787130728.35406 849732506.0548301 639490004.03863 821310098.79958 754433100.79967 167790125.16983998 492034605.05706 802583603.26137 716651743.89496 573267665.66072 844419968.03696 1066852285.04845 521497975.91621 519077399.60159 211500582.29295 469107108.60781 414420717.56875 625224108.18199 276112939.85185003 304097493.71481 1003589592.0616 855937733.34051 83536013.12136 287875704.17809 398184849.57609004 807220599.38203 881899724.42026 775702456.05165 94620489.45786 457420302.56544 531861316.35452 192735740.21225 534095776.76215 810900471.0416 466806827.1979 737355715.31806 784718907.1366799 922596060.87959 838620396.69392 654280865.4014 585723120.81484 721250458.72342 179936678.89704 694568122.32054 232794731.46647 451057134.42904 375302663.77389 280737066.26674 102783491.25083 457434169.73898 787612134.71167 548315112.6955 857426702.6253 672889189.33655 392723878.40273 857037304.62446 721611241.549 849313600.47044 612946021.5412 771030828.7592599 207167543.7741 312745554.76453 578881840.4263 1015175788.1803 269635987.03169 660194484.69628 
401668700.24938 392428188.10317 704560161.99406 108765649.93512 263759783.73575 481770993.00331 388800383.16677 378246099.8233 260785498.75861 629161050.47174 87937203.91238 280178150.28067 723223444.84689 402448700.568 721464156.16226 490283420.39367 627034958.50162 0 139345669.03039 587166709.62788 613342175.88187 611025383.65662 511359786.40623 788822142.43067 188565562.67421 364784432.46443 241012221.40151 435726393.32561 304490914.74463 750700870.4509699 374150351.87848 585815909.85323 384821011.30917 395146769.02578 215028408.00252 207494582.95797002 704695849.63594 214707193.50991 718799134.80368 917870022.58069 131207594.07145 291505229.441 575342655.9644799 469385605.64343 801007896.36278 424932575.12064 260876547.10153 214111698.70785 158698024.18423 434226192.38754 740163517.25459 507774566.03225 420480724.21062 549182150.72962 459311865.4527 637054873.51631 193930853.11605 288861936.83595 661642476.9562 536320351.52286 243320657.38918 106505922.67286 750882894.68732 314595074.24314 477729907.24186 162649644.5997 716442669.5224 646383533.72965 399758415.37912 739440731.93372 395797896.03531 104175221.02772999 156821606.44604 728660454.79438 255555835.99157 432760539.62441 264641441.82788 554007034.06135 552735206.24599 679816581.68743 379421895.84992 160973535.39776 255753055.95415 278498494.85266 379818034.10538 257960129.34086 309551056.64503 777803361.33633 507264789.48959 797220114.77001 162969807.85063 473463145.92539 491138299.23858 59648053.59696 496043750.81599 358648427.49824 91138236.80459 
307313608.1015 331514956.17382 565663115.96598 239431108.52764 379534969.77951 377277985.05204 253815283.62577 295080843.50488997 311159408.41328 657617016.23994 170384655.24942 351845323.92709 591257972.1823 382652610.62781 615246372.73586 408821050.61231 611352541.28737 139345669.03039 0 448942580.44846 637592034.84063 533605055.91701 387295048.24891 656173527.01787 146089861.92827 246838554.50116 247304494.72589 424706393.47459 404180353.62156 613942771.15365 471382863.27303004 451212158.04683 325033322.34103 256226613.94228 221033930.63532 168336009.6444 656697230.93255 309030022.46258 579938278.24846 795180844.3645201 242192198.09746003 389044832.26991 492674720.47266 344941800.55252 694433992.64952 399898921.95814 145347318.22025 240069893.81641 294149151.7397 373328162.66249 665406309.54272 424830116.78535 309162783.92603 542293893.53539 390324730.85003 544447123.9571 238343248.6835 272238864.82954 522744944.86433 516809074.2365 163047882.55952 151815936.48894 762538715.90797 187429193.18316 343711167.62815 219122340.36219 580245850.27323 507070031.78061 328333706.52724 600148404.02598 256511752.3792 121113194.14196 224618867.48731 741296314.22774 382229530.01924 389816823.26958 178062208.40766 461154852.25800997 601325244.1688299 644143913.76692 272901533.10694 243647569.87672 128785078.29733 399358343.0185 246539228.13488 218628662.88464 249374602.10496 645373107.76885 378537065.97549 677260079.17868 215369134.69079 427358675.73142004 547386387.74633 170632657.62297 419966109.91106 348397467.25127 204612352.58113998 
341820292.07863 513397702.81364 122625775.07427 677205950.54385 788797285.2667 288409618.1946 203039208.15397 448582585.96787 696948584.3295001 855125776.45577 582330441.07838 688107685.53569 187340838.66423 557327928.00916 495268634.41364 486486790.43251 704064857.31637 587166709.62788 448942580.44846 0 828917263.01199 452690928.43841 308550001.10892 232041509.49113 508244383.20092 283438840.97266 603980747.25496 604211582.19811 852970174.31733 169541002.59372002 839194062.81328 102846737.40972 390942026.12079 193407419.09434 590235773.49311 487365646.5929 635414523.39807 701669939.20868 142313515.34994 414858169.79629 671133983.39671 830911199.72611 530122281.63431 197175446.69542998 418656906.23755 557045878.653 425152459.20172 575377936.28306 731923993.7559099 452147326.1549 545544090.19764 495478463.70039 361517652.7465 681620691.33713 430318381.43531 394376856.44899 600235113.07772 585880714.33009 101668476.66768 631290638.77812 408033836.0704 564802108.20133 896497886.73432 288761814.73078 238137715.01341 579533845.19864 139397597.02618 101688727.97214 489966920.93171 160498025.30848 195949128.28083 560202377.14722 515451339.6851 881734374.33418 825915268.87083 502659661.84638 390788252.15892 352302157.27243 856587824.0533199 667145541.05343 287881600.41858 670318885.65617 345202619.07823 839978103.81912 231966575.27051 472304084.78776 500852351.90435 228431969.04931 254678183.05053 331987553.20352 575014267.87068 509005715.52537 829516015.35191 606621548.6345999 545425227.7555 559744039.0483 516991182.46605 
498682997.56119 957406665.13424 937981193.30721 559515659.53387 465142364.57965 543810940.12245 679943238.0661 926970370.55986 871168573.80792 26553068.48551 525758297.07175 343318508.88013 834596933.04117 282587561.66873 1211947594.30829 1038117177.19506 235776974.41982 613342175.88187 637592034.84063 828917263.01199 0 449143813.67628 962362362.55679 889462120.77009 773676232.0582 583854068.11059 851495297.44624 233096580.54025 692543616.7071 915510903.4613299 359879829.65833 900831244.75503 904725174.0169699 729943458.93348 823981022.27537 778082453.82171 344128481.67514 431736451.12839 939760126.39591 889224049.46615 529471727.88695 787652043.87134 1122307304.12903 639920852.72777 693486861.58553 280182122.39088 513527155.05403 405235497.21535 566171145.98396 383054387.5332 482531087.33922 1055928205.3201399 920940968.3468801 152240961.29846 402137445.36898 556726056.66822 805742963.95868 893319613.70922 905707225.25624 205951795.5739 508459330.66749 522219796.2082 156648196.72033 611785720.27544 896360594.7341001 452833403.80241 881920656.65969 910848943.46292 963168603.09677 974819949.82525 743267786.1638 578485892.4005101 733882413.79042 147809161.13277 615605106.29261 328560198.51843 509889614.40629005 509988517.95227003 156200209.34022 279372511.96117 555290766.14322 765065345.86652 611533608.69455 800462556.36514 753263479.02358 432612612.02801 886966636.94559 877438253.16346 935788550.38158 780887053.48384 771934295.45715 321607016.94174 173664394.57808 556924108.90916 1056818092.78906 300793787.51459 668611750.1793001 
238173674.5557 795846090.0745499 535922054.65525 636692481.4844301 656531422.62939 191949819.78063 394507072.01836 741162977.74881 843705190.85452 475696882.16179 544731619.9323 503118895.28176 402156811.65652996 277420018.92949 922638653.38464 828821821.53846 324087295.19264996 611025383.65662 533605055.91701 452690928.43841 449143813.67628 0 683278166.00858 449447973.89195 672466008.38251 320535613.28783995 779416187.22427 299685654.47392 829826766.9263 490481900.73129 632495644.29505 546835815.61482 695894620.12326 447509357.6412 753637821.55073 662303674.04856 183489185.27989 572144782.01687 532407371.63931 442860154.15639 612964673.79119 871060299.67479 899056621.54282 320661162.33226 254239264.83029997 254425114.11482 397210853.54126 444279124.33185 678312039.68144 182493403.0714 131945766.30486 843806991.04398 688435588.74962 300326213.94498 153709511.46005 109663278.73165 747753681.20955 794795612.62897 513697680.74944 248277839.85727 374965119.88874 528477077.97166 473153041.77273 382452075.04201996 611618509.32778 486928135.46246 463713371.31140995 527710754.88883 786645881.05719 568820274.87911 463063144.17753 567119131.22532 649121606.3853 462235221.85125 768864423.27011 209968122.53141 356909792.33193 103066184.4516 522915751.42695 221303803.94182 285130196.96333 763369496.68441 423282518.82944 883604237.11169 494129615.72951 356682330.51879 743365333.70999 438475910.72777 647943401.43156 331761607.29928 710960106.85131 176889069.41891 527615986.23179996 584494197.72148 871348876.84601 315828926.1505 603480750.78121 
488177635.04821 257924291.1252 340902319.00843 618776040.05298 766408685.18802 492533945.37614 296972145.91126 199930903.06067 503539161.99905 986227840.49797 550639901.07574 720566042.90269 473137025.44412 681422275.7493399 252419248.37375003 196836045.79716 880874382.10207 511359786.40623 387295048.24891 308550001.10892 962362362.55679 683278166.00858 0 514438608.77487 352391546.02748 390332594.42377 409368296.73271 729959981.33102 747592620.79636 432958790.23662 855556945.13885 205703263.6992 227461758.5382 242757216.63156003 407885149.73977 330355776.40366 857647753.85827 695730262.31096 360585103.76692 706130444.67643 626183367.7268 687181395.78697 235013660.40559 388313615.72536 707797854.58784 687053401.02883 462769567.34725 607179975.05548 669178558.05879 604889625.60128 798817671.18259 222625708.09398 106368140.70442 834316350.52386 601834766.8494 623007038.23663 427501714.80386 369449760.86397 310989960.33343 792276409.13959 468493304.27057 538577427.5214 1062256014.73942 351261463.61614 71760639.50814 585397336.66758 416170498.95727 285188777.95827 228295188.8579 356944143.43709 227169207.08338 505517101.85574 381522201.41839 1043829468.54136 747344185.8208101 650904611.73687 457078109.10076 581125164.51621 954181172.4826 873318165.559 424413732.43043005 520207628.64771 357612731.50453 692618684.12101 209634473.0126 538195391.17248 279931671.00132 509705598.2582 111291131.60703999 626441200.20539 418271289.40822 673835021.67903 909384616.60869 555116788.27774 260207389.46931 666173935.99246 420221549.60164 
450034848.24512 744780036.14362 186724598.17907 867071976.63649 956682781.64471 371684514.37386 402358243.3921 679980162.22084 924137436.16992 916015189.2556 767542032.03225 832967452.82331 66520476.31581 653751032.6908 672394213.3563 710554949.664 734056606.1556801 788822142.43067 656173527.01787 232041509.49113 889462120.77009 449447973.89195 514438608.77487 0 733446695.7678 433695244.97333 832618094.18797 692594362.84602 1053535644.96978 89504530.44409 983018316.75307 309027610.33174 622294615.45722 411808351.07781 818766920.7890201 714235727.95512 617009711.59862 866322074.16266 169174690.87998 211529787.73211002 855831560.40559 1044513089.00667 744654423.349 326991776.86311 286567013.75905 640777438.58321 597245195.96427 730795511.16665 920785882.70919 530277399.01228 489319713.57796997 717626587.86372 587658573.57155 737306110.98787 502367574.6599 340117907.46759 825700082.5230299 816609532.0625 205377708.33049 683574294.58934 575584072.48581 749183587.6558399 921470481.26929 482054011.96282995 465501794.67832 747958319.07237 140986882.5847 234023193.80439 720647616.78827 193860922.84992 418164699.8366 756554392.1136199 736270610.56798 911683195.7432001 1017149203.16198 586237316.75646 554819093.00337 380059538.87721 944893335.12433 666723945.77955 432666626.68623 890733806.61755 533127001.77576 1054430157.99991 459349526.93403 621210853.94279 732529481.80553 12445364.60668 475626740.7662 164621783.42823 798219093.1399701 576115178.71287 933048897.59701 796903993.03697 771206400.9748 671495583.57316 728948579.53833 
443015135.66173 207519779.06983 611270455.6073899 293319582.13262 452162873.99408 504341009.75349 342556044.31349 192932114.58496 191738838.49382 792298984.71376 261581262.96128 458354649.2891 672593368.88086 527313647.5119 541781309.83172 304588300.50554 756594771.0539 188565562.67421 146089861.92827 508244383.20092 773676232.0582 672466008.38251 352391546.02748 733446695.7678 0 367809251.13431 108381824.88091 570796255.40286 397524675.12345 677082943.82226 562477975.01135 476125817.29091 209052466.30492 322047997.06829 86671085.48312 22246147.71613 801846221.01015 401829326.22705 628348889.05667 891928289.8718 309855516.73597 338862177.47129005 386777093.29027 451228424.55888 813569440.26454 545255722.00681 291332568.64803 369232185.49792 336027215.05169 517181972.0874 804380285.45419 319722389.9988 250563723.98083 685858796.60002 533498157.93466 667637242.06993 92253386.75523 126153352.47825 569774240.6887 662075526.85982 308137340.67588 258683171.57099 902996584.36389 302619398.9599 334639688.94037 325656632.91557 646970311.06012 548591612.60777 211232965.974 641267277.24845 315292981.61235 206043519.67584 78529005.55904 883556105.5143 402645481.38999 535906685.19785 324152070.33593 592547189.22766 726872233.28172 790189006.73211 396216876.45782 171707878.10784 256153091.13087 345561562.76432 277407209.11743003 363870892.65117 120985493.97082 724114756.68673 358935925.95211 780597994.29446 69279272.76252 573343926.1592 668560306.40667 248213616.27117002 309439362.02019 490167054.75581 107402310.84052 
