24
35 19 39 38 2 9 40 30 7 21 31 20 41 4 14 29 26 22 18 5 6 37 34 11
0 519881731.46152997 544498801.0401001 296967464.94254 257538164.83212 239741122.86124 753514302.60181 508871821.14199 296073607.04729 275591474.87288 464841675.84726 329616561.06133 604936295.75464 533477524.94949 374801735.0336 579506010.3935101 433835936.95471 194076533.3431 558068926.81125 430091443.40997 659994880.28964 486807632.44701 444140431.87991 248294653.19486 
519881731.46152997 0 482903494.20127 223518605.88218 358377036.85265 280140608.60029 762022456.76704 343104202.12721 304291332.94659 425246958.636 55644394.97746 321989591.45545995 620494889.0394 399418973.75525 359019173.59819996 156075029.16156 264620201.66625 367691235.48869 576213566.10684 261806899.3113 467889835.48935 272021631.39840996 597510997.33558 306736240.48918 
544498801.0401001 482903494.20127 0 513295845.78334 681845706.88989 653243643.9461601 541426078.82728 222083295.90945 248425193.99281 562534346.66401 427259099.22381 680695930.26777 381483042.12572 352070381.20221996 334102321.65033 409112468.8751 315305574.38375 650694752.70025 355312336.43968 531586509.17108 486337158.34093 211056207.91877 508490892.91372 676745156.16815 
296967464.94254 223518605.88218 513295845.78334 0 403232249.82862 237193138.69075 903740868.20192 401218531.38698 483032026.66547 572210791.5374 167874210.90472 317797393.2637 800082426.20374 363915324.49479 435451961.73729 379593635.04374003 321593803.06630003 297352608.7275 753164926.44199 133123978.46743 621394450.00407 315902041.80071 709740813.26284 271863977.05964 
257538164.83212 358377036.85265 681845706.88989 403232249.82862 0 199387874.72192 939663011.27074 695883736.33864 498265734.48748004 322824034.86845 307382394.39912 114640349.29634 776169042.8601 718304364.6362 589540468.6542 509577855.55243 619488025.4217 113580188.90791 757991952.26987 536067455.8611 764744372.40423 488912117.70374 562596247.14524 184704983.15661 
239741122.86124 280140608.60029 653243643.9461601 237193138.69075 199387874.72192 0 984470616.48913 623244810.7275 527910308.38404 481669574.26239 225984544.72235 89875438.20009 842877068.73192 601108463.18554 562014893.95472 436215637.76185 538090175.74493 87550626.8884 795959568.97017 366911995.01364 736577680.20332 442271435.31452 677960595.71499 34704432.56359 
753514302.60181 762022456.76704 541426078.82728 903740868.20192 939663011.27074 984470616.48913 0 633573125.87043 457731123.82045 684006367.06677 777801489.51257 982040915.1977 183250156.22127 763451611.7886599 474230643.74318 741163527.1666701 735025109.32674 947590835.94491 222071069.01652 921527417.44302 419174433.85446 588243255.4593 463912155.53469 999003957.92624 
508871821.14199 343104202.12721 222083295.90945 401218531.38698 695883736.33864 623244810.7275 633573125.87043 0 405650760.79943 680312999.77942 398748597.10467005 657812501.14411 602645829.35288 129987085.29277 222775547.86631 187029172.96565 128344078.69337 625775152.66782 574081416.15991 344624437.49725 342580019.42177 230674036.709 664625811.32297 634021505.07466 
296073607.04729 304291332.94659 248425193.99281 483032026.66547 498265734.48748004 527910308.38404 457731123.82045 405650760.79943 0 315673995.24289 359935727.92405 524963028.62439 320873593.01238 506004666.67657 330199813.51465 283432403.34622 430825456.17346 490150140.39039004 273956093.25063 541082970.03863 527849946.08198 207153699.78309 516373016.31733 541451589.64225 
275591474.87288 425246958.636 562534346.66401 572210791.5374 322824034.86845 481669574.26239 684006367.06677 680312999.77942 315673995.24289 0 431747987.51297 416516827.16376 504629973.08384 754782333.58089 491115604.09828997 511460307.00065 659731407.96681 394118947.37399 462279972.65491 682544726.19536 562614059.00271 449638963.07042 464622726.44738996 464839576.32565 
464841675.84726 55644394.97746 427259099.22381 167874210.90472 307382394.39912 225984544.72235 777801489.51257 398748597.10467 359935727.92405 431747987.51297 0 266345196.478 654294975.9446 410921970.23708 337136314.01546 211719424.13902 312105631.02258 313535171.61075 607377476.18285 300998189.37215 515614599.63421 216377236.42095 541866602.35812 251679722.90402 
329616561.06133 321989591.45545995 680695930.26777 317797393.2637 114640349.29634 89875438.20009 982040915.1977 657812501.14411 524963028.62439 416516827.16376 266345196.478 0 829497904.16025 659783727.68664 588035258.9119 477926856.81135 565232703.83158 177426065.08849 782589188.05704 450921371.73113 752504013.71886 482722432.89895 640679314.76948 124579870.76368001 
604936295.75464 620494889.0394 381483042.12572 800082426.20374 776169042.8601 842877068.73192 183250156.22127 602645829.35288 320873593.01238 504629973.08384 654294975.9446 829497904.16025 0 732632914.64565 412611159.0512 570427943.3805 679426810.40333 796202672.51647 46917499.76175 837379697.47853 271571790.92093 492816641.36579 289334422.82844996 853230948.9495 
533477524.94949 399418973.75525 352070381.20221996 363915324.49479 718304364.6362 601108463.18554 763451611.7886599 129987085.29277 506004666.67657 754782333.58089 410921970.23708 659783727.68664 732632914.64565 0 339609802.10737 243343944.59369 218596739.1037 631553592.93119 699826980.42982 432430117.80602 472459473.18633 310483990.461 773556031.06251 635779301.55443 
374801735.0336 359019173.59819996 334102321.65033 435451961.73729 589540468.6542 562014893.95472 474230643.74318 222775547.86631 330199813.51465 491115604.09828997 337136314.01546 588035258.9119 412611159.0512 339609802.10737 0 409804720.83195996 279341884.58434 552552963.65192 365693659.28945 447296773.69984 392425831.08922005 123046113.73156 488294237.65345997 585148546.77564 
579506010.3935101 156075029.16156 409112468.8751 379593635.04374003 509577855.55243 436215637.76185 741163527.1666701 187029172.96565 283432403.34622 511460307.00065 211719424.13902 477926856.81135 570427943.3805 243343944.59369 409804720.83195996 0 150850183.69343 444609962.48892 523510443.61875 276489759.72145 529609192.38741994 374521940.0838 547090495.31307 460505183.82122 
433835936.95471 264620201.66625 315305574.38375 321593803.06630003 619488025.4217 538090175.74493 735025109.32674 128344078.69337 430825456.17346 659731407.96681 312105631.02258 565232703.83158 679426810.40333 218596739.1037 279341884.58434 150850183.69343 0 535944200.43586 645029213.76942 216280934.78733 446722364.91904 223671756.39037 693723571.57104 533661670.41312 
194076533.3431 367691235.48869 650694752.70025 297352608.7275 113580188.90791 87550626.8884 947590835.94491 625775152.66782 490150140.39039004 394118947.37399 313535171.61075 177426065.08849 796202672.51647 631553592.93119 552552963.65192 444609962.48892 535944200.43586 0 749285399.63587 430392300.84115 716840363.3717 439638544.78148 612226173.85934 71124794.2487 
558068926.81125 576213566.10684 355312336.43968 753164926.44199 757991952.26987 795959568.97017 222071069.01652 574081416.15991 273956093.25063 462279972.65491 607377476.18285 782589188.05704 46917499.76175 699826980.42982 365693659.28945 523510443.61875 645029213.76942 749285399.63587 0 800000203.3402 253893852.83135 481109793.03372 242416923.06669998 806353847.47426 
430091443.40997 261806899.3113 531586509.17108 133123978.46743 536067455.8611 366911995.01364 921527417.44302 344624437.49725 541082970.03863 682544726.19536 300998189.37215 450921371.73113 837379697.47853 432430117.80602 447296773.69984 276489759.72145 216280934.78733 430392300.84115 800000203.3402 0 627145522.72554 344742629.58211 805862059.8985 401569622.74683 
659994880.28964 467889835.48935 486337158.34093 621394450.00407 764744372.40423 736577680.20332 419174433.85446 342580019.42177 527849946.08198 562614059.00271 515614599.63421 752504013.71886 271571790.92093 472459473.18633 392425831.08922005 529609192.38741994 446722364.91904 716840363.3717 253893852.83135 627145522.72554 0 386445808.38351 437334133.66358 767294322.53823 
486807632.44701 272021631.39840996 211056207.91877 315902041.80071 488912117.70374 442271435.31452 588243255.4593 230674036.709 207153699.78309 449638963.07042 216377236.42095 482722432.89895 492816641.36579 310483990.461 123046113.73156 374521940.0838 223671756.39037 439638544.78148 481109793.03372 344742629.58211 386445808.38351 0 544635109.64997 466944976.11813 
444140431.87991 597510997.33558 508490892.91372 709740813.26284 562596247.14524 677960595.71499 463912155.53469 664625811.32297 516373016.31733 464622726.44738996 541866602.35812 640679314.76948 289334422.82844996 773556031.06251 488294237.65345997 547090495.31307 693723571.57104 612226173.85934 242416923.06669998 805862059.8985 437334133.66358 544635109.64997 0 678845515.62935 
248294653.19486 306736240.48918 676745156.16815 271863977.05964 184704983.15661 34704432.56359 999003957.92624 634021505.07466 541451589.64225 464839576.32565 251679722.90402 124579870.76368001 853230948.9495 635779301.55443 585148546.77564 460505183.82122 533661670.41312 71124794.2487 806353847.47426 401569622.74683 767294322.53823 466944976.11813 678845515.62935 0 
