25
x27 x15 x44 x12 x9 x30 x3 x1 x43 x29 x45 x49 x26 x25 x32 x36 x35 x42 x17 x18 x2 x23 x5 x8 x37
0 0.37691 1.27534 1.40636 1.17966 0.9085799999999999 1.5201099999999999 1.18194 1.4729100000000002 1.32584 1.65812 1.4390399999999999 1.47965 0.71082 0.55992 1.12083 1.0947799999999999 0.81631 1.9038 0.54255 1.56701 0.68764 1.65736 1.50429 1.08325 
0.37691 0 1.15256 1.65612 0.95207 1.08712 1.66441 1.09891 1.39752 1.2738 1.58273 1.3154 1.47691 0.65878 0.93683 1.30075 0.89476 0.85439 1.93817 0.8270500000000001 1.47813 0.61225 1.7281300000000002 1.78754 1.2692 
1.27534 1.15256 0 0.92904 1.1106 0.78166 1.39319 1.24307 1.22844 1.19892 1.80542 0.89499 0.48955 0.86632 0.71542 0.99529 0.2578 0.68939 1.81817 0.81003 1.36767 1.53871 1.28475 1.13168 1.52199 
1.40636 1.65612 0.92904 0 1.46618 1.1951 2.14317 1.7013099999999999 1.8123 1.61236 1.79853 1.42338 1.41859 0.99734 1.42362 1.40873 1.18684 1.16723 1.88814 1.16561 1.56943 1.9306800000000002 1.76719 1.92026 2.1687999999999996 
1.17966 0.95207 1.1106 1.46618 0 0.6666 1.27813 1.17281 1.4637799999999999 1.08386 0.91133 0.61546 1.0209000000000001 0.46884 0.92084 0.88023 0.8528 0.66445 1.74823 0.63711 0.52606 1.32556 1.57872 1.70356 1.54892 
0.9085799999999999 1.08712 0.78166 1.1951 0.6666 0 1.3435899999999998 0.50621 0.79718 1.0845500000000001 1.5779299999999998 0.9444999999999999 1.10601 0.5343 0.6855800000000001 0.5512900000000001 0.52386 0.7299100000000001 1.68534 0.36602999999999997 1.19266 1.1311 1.13543 1.2885 0.9737 
1.5201099999999999 1.66441 1.39319 2.14317 1.27813 1.34359 0 1.02746 1.31843 1.42431 2.02264 1.23533 1.36714 1.14583 1.59783 1.55722 1.13539 1.34144 2.03082 0.97756 1.80419 1.05216 1.6566800000000002 1.8097500000000002 1.02535 
1.18194 1.09891 1.24307 1.7013099999999999 1.17281 0.50621 1.02746 0 0.76057 1.3189899999999999 1.6797499999999999 1.45071 1.44675 0.70397 1.0398 1.0575 1.03007 0.7834099999999999 1.68489 0.87224 1.26274 0.9466 0.62922 0.78229 1.47991 
1.47291 1.39752 1.22844 1.8123 1.4637799999999999 0.79718 1.31843 0.76057 0 1.60996 1.75575 1.42098 1.71799 0.99494 1.3307699999999998 0.6898 1.29266 1.07438 2.2519400000000003 1.13483 1.08411 0.78527 1.38979 1.5428600000000001 1.44222 
1.32584 1.2738 1.19892 1.61236 1.08386 1.08455 1.42431 1.3189899999999999 1.60996 0 1.99519 1.13118 1.44992 0.61502 1.0670199999999999 1.29818 0.94112 0.81063 1.5682 0.78329 1.4366400000000001 1.5483600000000002 1.34006 1.49313 1.7864799999999998 
1.65812 1.58273 1.80542 1.79853 0.91133 1.5779299999999998 2.02264 1.6797499999999999 1.75575 1.99519 0 1.52679 1.9322300000000001 1.38017 1.75292 1.79156 1.76413 1.57578 2.53367 1.5484399999999998 1.43739 0.97048 1.82221 1.9752800000000001 1.62743 
1.4390399999999999 1.3154 0.89499 1.42338 0.61546 0.9444999999999999 1.23533 1.45071 1.42098 1.13118 1.52679 0 0.40544 0.97424 0.9138599999999999 1.1581299999999999 0.75214 1.06878 1.37922 0.9728699999999999 1.1415199999999999 1.12048 1.53145 1.64492 1.5975 
1.47965 1.47691 0.48955 1.41859 1.0209000000000001 1.10601 1.36714 1.4467500000000002 1.71799 1.44992 1.9322300000000001 0.40544 0 0.8589500000000001 0.91973 1.27034 0.58215 0.66334 1.68438 1.02722 1.5469600000000001 1.10199 1.7743 1.62123 1.75894 
0.71082 0.65878 0.86632 0.99734 0.46884 0.5343 1.14583 0.70397 0.99494 0.61502 1.38017 0.97424 0.8589500000000001 0 0.452 0.74793 0.6272 0.19561 1.5295199999999998 0.16827 0.9948999999999999 0.9333400000000001 1.33319 1.2347199999999998 1.17146 
0.55992 0.93683 0.71542 1.42362 0.92084 0.6855800000000001 1.59783 1.0398 1.3307699999999998 1.0670199999999999 1.75292 0.9138599999999999 0.91973 0.452 0 0.86339 0.68798 0.25639 1.37862 0.62027 1.39275 1.08462 1.16619 1.31926 1.32236 
1.12083 1.30075 0.99529 1.40873 0.88023 0.5512900000000001 1.55722 1.0575 0.6898 1.29818 1.79156 1.1581299999999999 1.27034 0.74793 0.86339 0 0.73749 0.607 1.63292 0.57966 1.19197 1.34473 1.02805 1.18112 0.86632 
1.09478 0.89476 0.2578 1.18684 0.8528 0.52386 1.13539 1.03007 1.29266 0.94112 1.76413 0.75214 0.58215 0.6272 0.68798 0.73749 0 0.43159 1.7940800000000001 0.55223 1.10987 1.28091 1.3413899999999999 1.22428 1.26419 
0.81631 0.85439 0.68939 1.16723 0.66445 0.7299100000000001 1.34144 0.7834099999999999 1.07438 0.81063 1.57578 1.06878 0.66334 0.19561 0.25639 0.607 0.43159 0 1.3624900000000002 0.36388 1.19051 0.84932 1.41263 1.3698700000000001 1.36707 
1.9038 1.93817 1.81817 1.88814 1.74823 1.68534 2.03082 1.68489 2.2519400000000003 1.5682 2.53367 1.37922 1.68438 1.5295199999999998 1.37862 1.63292 1.7940800000000001 1.3624900000000002 0 1.6977899999999997 1.4516 1.56319 2.30825 2.15518 1.9967 
0.54255 0.8270500000000001 0.81003 1.16561 0.63711 0.36602999999999997 0.97756 0.87224 1.13483 0.78329 1.5484399999999998 0.9728699999999999 1.02722 0.16827 0.62027 0.57966 0.55223 0.36388 1.69779 0 1.16317 0.76507 1.18356 1.06645 1.3397299999999999 
1.56701 1.47813 1.36767 1.56943 0.52606 1.19266 1.80419 1.26274 1.08411 1.4366400000000001 1.43739 1.1415199999999999 1.54696 0.9948999999999999 1.39275 1.19197 1.10987 1.19051 1.4516 1.1631699999999998 0 0.87937 1.05266 1.20573 1.26063 
0.68764 0.61225 1.53871 1.9306800000000002 1.32556 1.1311 1.05216 0.9466 0.78527 1.5483600000000002 0.97048 1.12048 1.10199 0.9333400000000001 1.08462 1.34473 1.28091 0.84932 1.56319 0.76507 0.87937 0 1.42966 1.27659 0.65695 
1.65736 1.7281300000000002 1.28475 1.76719 1.57872 1.13543 1.6566800000000002 0.62922 1.38979 1.34006 1.82221 1.53145 1.7743 1.33319 1.16619 1.02805 1.3413899999999999 1.41263 2.30825 1.18356 1.05266 1.42966 0 0.15307 1.07971 
1.50429 1.78754 1.13168 1.9202599999999999 1.7035599999999997 1.2885 1.8097500000000002 0.78229 1.5428600000000001 1.49313 1.9752800000000001 1.64492 1.62123 1.2347199999999998 1.31926 1.18112 1.22428 1.3698700000000001 2.15518 1.06645 1.20573 1.27659 0.15307 0 1.23278 
1.08325 1.2692 1.52199 2.1688 1.54892 0.9737 1.02535 1.47991 1.44222 1.78648 1.62743 1.5975 1.75894 1.17146 1.32236 0.86632 1.26419 1.36707 1.9967 1.3397299999999999 1.26063 0.65695 1.07971 1.23278 0 
