30
Eastcastle Woodice Oldmoor Corbank Wellmage Greyice Ironriver Foxvale Newley Irondeer Southwheat Esterfall Eriwall Esterash Stonefair Clearnesse Wolflea Erilyn Newby Westmill Dellwyn Marbleiron Lochmage Clearland Ironshore Valhaven Buttermead Rosemill Bluedell Brightmere
0 10056.0 12329.0 13343.0 15218.0 15923.0 10108.0 11060.0 13011.0 12380.0 14292.0 16837.0 12631.0 18682.0 18574.0 13577.0 18622.0 16631.0 13275.0 11689.0 17570.0 14996.0 10228.0 14108.0 16924.0 10736.0 15399.0 15969.0 11675.0 17399.0 
10056.0 0 11987.0 13465.0 12934.0 14993.0 13479.0 17182.0 16359.0 13403.0 17001.0 16997.0 10050.0 19243.0 13925.0 11101.0 16557.0 18360.0 17880.0 10460.0 11082.0 19211.0 13383.0 12189.0 16764.0 17886.0 19263.0 19236.0 18204.0 11509.0 
12329.0 11987.0 0 12517.0 13018.0 15842.0 16249.0 16652.0 17462.0 19509.0 12842.0 15043.0 15739.0 11315.0 15821.0 16044.0 17522.0 13378.0 19315.0 14011.0 11033.0 13653.0 15367.0 15045.0 17606.0 10528.0 14117.0 19610.0 15102.0 12095.0 
13343.0 13465.0 12517.0 0 10110.0 17540.0 15817.0 10216.0 15172.0 13590.0 17561.0 16955.0 11830.0 15344.0 16407.0 17240.0 13746.0 17737.0 18581.0 19048.0 17297.0 11483.0 19702.0 17172.0 17104.0 18616.0 14476.0 11809.0 19161.0 11938.0 
15218.0 12934.0 13018.0 10110.0 0 17609.0 16023.0 10961.0 16862.0 10798.0 10477.0 18046.0 16014.0 14081.0 11700.0 18167.0 15387.0 12144.0 14109.0 13364.0 18207.0 18719.0 12558.0 19462.0 11951.0 10337.0 17458.0 17792.0 17198.0 11446.0 
15923.0 14993.0 15842.0 17540.0 17609.0 0 10078.0 19842.0 12825.0 16406.0 16491.0 12177.0 10243.0 15395.0 16477.0 16805.0 14253.0 19372.0 11377.0 17088.0 16544.0 17178.0 18727.0 18652.0 19675.0 10113.0 18197.0 14009.0 11973.0 10961.0 
10108.0 13479.0 16249.0 15817.0 16023.0 10078.0 0 15325.0 10934.0 13373.0 19985.0 17190.0 15483.0 17230.0 13047.0 12791.0 15482.0 15764.0 14553.0 18793.0 14348.0 18345.0 17364.0 14516.0 11413.0 14589.0 16506.0 14026.0 13782.0 17739.0 
11060.0 17182.0 16652.0 10216.0 10961.0 19842.0 15325.0 0 11839.0 17209.0 18255.0 14260.0 17232.0 15779.0 19077.0 15967.0 11400.0 16990.0 18463.0 18211.0 17041.0 15342.0 15055.0 12804.0 18913.0 10853.0 10656.0 12759.0 19571.0 18566.0 
13011.0 16359.0 17462.0 15172.0 16862.0 12825.0 10934.0 11839.0 0 17032.0 11224.0 10649.0 15383.0 10657.0 18503.0 17019.0 10493.0 14421.0 15634.0 18255.0 14206.0 17126.0 17661.0 13587.0 19061.0 15492.0 11329.0 14273.0 14876.0 11577.0 
12380.0 13403.0 19509.0 13590.0 10798.0 16406.0 13373.0 17209.0 17032.0 0 19532.0 19536.0 16736.0 16520.0 12632.0 14159.0 14135.0 17219.0 17409.0 10639.0 18712.0 11636.0 12904.0 15890.0 19448.0 11536.0 13001.0 19741.0 10483.0 12825.0 
14292.0 17001.0 12842.0 17561.0 10477.0 16491.0 19985.0 18255.0 11224.0 19532.0 0 16105.0 13971.0 18209.0 13592.0 12711.0 19924.0 18875.0 17060.0 19185.0 15460.0 19939.0 19021.0 13972.0 18916.0 15663.0 17798.0 19753.0 16152.0 12575.0 
16837.0 16997.0 15043.0 16955.0 18046.0 12177.0 17190.0 14260.0 10649.0 19536.0 16105.0 0 17749.0 15383.0 10965.0 18661.0 10727.0 16651.0 11560.0 13776.0 18355.0 13270.0 14895.0 11158.0 16506.0 12042.0 14619.0 18761.0 10890.0 16046.0 
12631.0 10050.0 15739.0 11830.0 16014.0 10243.0 15483.0 17232.0 15383.0 16736.0 13971.0 17749.0 0 14919.0 17112.0 14987.0 19631.0 19503.0 14463.0 11327.0 14622.0 16765.0 14157.0 15554.0 12466.0 17633.0 14425.0 12498.0 19731.0 11082.0 
18682.0 19243.0 11315.0 15344.0 14081.0 15395.0 17230.0 15779.0 10657.0 16520.0 18209.0 15383.0 14919.0 0 10002.0 12360.0 15900.0 18389.0 16679.0 12615.0 16157.0 17496.0 12564.0 16624.0 16647.0 14229.0 15718.0 15731.0 14146.0 19015.0 
18574.0 13925.0 15821.0 16407.0 11700.0 16477.0 13047.0 19077.0 18503.0 12632.0 13592.0 10965.0 17112.0 10002.0 0 10003.0 12943.0 17681.0 17729.0 19994.0 19770.0 17880.0 11022.0 12776.0 11870.0 13947.0 16842.0 19238.0 11847.0 16736.0 
13577.0 11101.0 16044.0 17240.0 18167.0 16805.0 12791.0 15967.0 17019.0 14159.0 12711.0 18661.0 14987.0 12360.0 10003.0 0 10451.0 17432.0 19611.0 16658.0 10167.0 16860.0 17293.0 11381.0 11969.0 14372.0 18886.0 17003.0 10252.0 17462.0 
18622.0 16557.0 17522.0 13746.0 15387.0 14253.0 15482.0 11400.0 10493.0 14135.0 19924.0 10727.0 19631.0 15900.0 12943.0 10451.0 0 18939.0 16354.0 17884.0 13045.0 18426.0 13290.0 11424.0 14688.0 17968.0 13759.0 19856.0 13867.0 15252.0 
16631.0 18360.0 13378.0 17737.0 12144.0 19372.0 15764.0 16990.0 14421.0 17219.0 18875.0 16651.0 19503.0 18389.0 17681.0 17432.0 18939.0 0 10019.0 17918.0 13287.0 16255.0 10932.0 10143.0 15297.0 15606.0 14854.0 18893.0 19236.0 10876.0 
13275.0 17880.0 19315.0 18581.0 14109.0 11377.0 14553.0 18463.0 15634.0 17409.0 17060.0 11560.0 14463.0 16679.0 17729.0 19611.0 16354.0 10019.0 0 19660.0 18281.0 10468.0 19144.0 14962.0 16273.0 11606.0 18278.0 15711.0 13931.0 18880.0 
11689.0 10460.0 14011.0 19048.0 13364.0 17088.0 18793.0 18211.0 18255.0 10639.0 19185.0 13776.0 11327.0 12615.0 19994.0 16658.0 17884.0 17918.0 19660.0 0 19126.0 18407.0 15510.0 17946.0 15038.0 12375.0 17133.0 11009.0 16763.0 10339.0 
17570.0 11082.0 11033.0 17297.0 18207.0 16544.0 14348.0 17041.0 14206.0 18712.0 15460.0 18355.0 14622.0 16157.0 19770.0 10167.0 13045.0 13287.0 18281.0 19126.0 0 15710.0 11290.0 15820.0 12534.0 15650.0 12085.0 19213.0 19627.0 16261.0 
14996.0 19211.0 13653.0 11483.0 18719.0 17178.0 18345.0 15342.0 17126.0 11636.0 19939.0 13270.0 16765.0 17496.0 17880.0 16860.0 18426.0 16255.0 10468.0 18407.0 15710.0 0 10226.0 17634.0 11517.0 16107.0 18644.0 12173.0 12869.0 16690.0 
10228.0 13383.0 15367.0 19702.0 12558.0 18727.0 17364.0 15055.0 17661.0 12904.0 19021.0 14895.0 14157.0 12564.0 11022.0 17293.0 13290.0 10932.0 19144.0 15510.0 11290.0 10226.0 0 19735.0 18058.0 11127.0 15122.0 18629.0 15354.0 19969.0 
14108.0 12189.0 15045.0 17172.0 19462.0 18652.0 14516.0 12804.0 13587.0 15890.0 13972.0 11158.0 15554.0 16624.0 12776.0 11381.0 11424.0 10143.0 14962.0 17946.0 15820.0 17634.0 19735.0 0 10229.0 11125.0 17615.0 18656.0 12205.0 10498.0 
16924.0 16764.0 17606.0 17104.0 11951.0 19675.0 11413.0 18913.0 19061.0 19448.0 18916.0 16506.0 12466.0 16647.0 11870.0 11969.0 14688.0 15297.0 16273.0 15038.0 12534.0 11517.0 18058.0 10229.0 0 15867.0 14575.0 18532.0 16585.0 16071.0 
10736.0 17886.0 10528.0 18616.0 10337.0 10113.0 14589.0 10853.0 15492.0 11536.0 15663.0 12042.0 17633.0 14229.0 13947.0 14372.0 17968.0 15606.0 11606.0 12375.0 15650.0 16107.0 11127.0 11125.0 15867.0 0 15745.0 17764.0 18405.0 13246.0 
15399.0 19263.0 14117.0 14476.0 17458.0 18197.0 16506.0 10656.0 11329.0 13001.0 17798.0 14619.0 14425.0 15718.0 16842.0 18886.0 13759.0 14854.0 18278.0 17133.0 12085.0 18644.0 15122.0 17615.0 14575.0 15745.0 0 10196.0 10552.0 13792.0 
15969.0 19236.0 19610.0 11809.0 17792.0 14009.0 14026.0 12759.0 14273.0 19741.0 19753.0 18761.0 12498.0 15731.0 19238.0 17003.0 19856.0 18893.0 15711.0 11009.0 19213.0 12173.0 18629.0 18656.0 18532.0 17764.0 10196.0 0 16856.0 16906.0 
11675.0 18204.0 15102.0 19161.0 17198.0 11973.0 13782.0 19571.0 14876.0 10483.0 16152.0 10890.0 19731.0 14146.0 11847.0 10252.0 13867.0 19236.0 13931.0 16763.0 19627.0 12869.0 15354.0 12205.0 16585.0 18405.0 10552.0 16856.0 0 10648.0 
17399.0 11509.0 12095.0 11938.0 11446.0 10961.0 17739.0 18566.0 11577.0 12825.0 12575.0 16046.0 11082.0 19015.0 16736.0 17462.0 15252.0 10876.0 18880.0 10339.0 16261.0 16690.0 19969.0 10498.0 16071.0 13246.0 13792.0 16906.0 10648.0 0 
