58
Butterhill Corbank Oakmere Orfort Bluedale Westerlight Bushgate Courtwall Oldmoor Fairice Freymere Buttermead Brightrock Ironshore Silverwitch Woodice Dellwyn Newmill Rosemill Starryhill Ostwynne Butterway Silverlea Rosegate Fairsage Strongfall Southwheat Bluelake Greyice Valhaven Mallowbridge Courtedge Orbarrow Freyview Irondeer Newby Goldwyvern Wolflea Summermage Erilyn Clearnesse Brightmere Springfox Marbleiron Flowermill Esterash Greenshore Southpine Rosemist Morwald Stonefair Lightmere Violetfay Wildemarsh Silverbarrow Courtcastle Eastcastle Shoreburn
0 10118.0 13958.0 11108.0 13913.0 12630.0 10717.0 14111.0 18673.0 14828.0 12713.0 13255.0 10882.0 19489.0 16543.0 15059.0 16485.0 15922.0 10885.0 18375.0 11786.0 12040.0 16668.0 10295.0 18667.0 10446.0 16294.0 15184.0 15994.0 17399.0 12253.0 13241.0 11188.0 10936.0 11180.0 15831.0 17611.0 14013.0 11091.0 18432.0 15895.0 18562.0 12916.0 14988.0 11333.0 15092.0 17777.0 14079.0 18711.0 10610.0 16721.0 15685.0 10814.0 16025.0 15805.0 11304.0 15060.0 16085.0 
10118.0 0 12984.0 16854.0 13104.0 10985.0 10032.0 18222.0 16629.0 12756.0 10939.0 19793.0 11913.0 19754.0 15798.0 17521.0 16953.0 17604.0 17269.0 19879.0 15485.0 12273.0 12918.0 12029.0 13987.0 16036.0 16134.0 15576.0 17692.0 15364.0 13415.0 19707.0 13470.0 15066.0 10730.0 19688.0 10266.0 19016.0 19993.0 19971.0 13513.0 18703.0 18562.0 19772.0 15373.0 10852.0 14407.0 15069.0 18539.0 10786.0 18282.0 10446.0 14210.0 17905.0 17870.0 10906.0 11620.0 13720.0 
13958.0 12984.0 0 10088.0 11385.0 15616.0 19366.0 16426.0 12729.0 14007.0 16589.0 11627.0 17251.0 16327.0 18804.0 14435.0 15214.0 19105.0 14520.0 14470.0 12279.0 14550.0 18428.0 14728.0 15158.0 17046.0 18578.0 19094.0 13696.0 15781.0 12374.0 12083.0 14348.0 18960.0 19066.0 16257.0 12487.0 14839.0 13967.0 11472.0 18527.0 11830.0 12216.0 18514.0 15904.0 10793.0 18885.0 18771.0 12905.0 11435.0 13880.0 10556.0 16555.0 19806.0 18535.0 14856.0 15465.0 18728.0 
11108.0 16854.0 10088.0 0 10407.0 15796.0 17178.0 17362.0 19799.0 10365.0 19993.0 18876.0 18150.0 16687.0 11536.0 15731.0 16957.0 11276.0 12449.0 16710.0 14007.0 15657.0 15513.0 19439.0 12707.0 19461.0 17500.0 17010.0 14311.0 10807.0 15468.0 11852.0 17264.0 15388.0 11081.0 14859.0 12639.0 16626.0 18252.0 19550.0 19821.0 14429.0 15757.0 19009.0 12092.0 19864.0 15723.0 10388.0 16955.0 18572.0 13742.0 14152.0 17039.0 17669.0 12052.0 12851.0 11839.0 13981.0 
13913.0 13104.0 11385.0 10407.0 0 11410.0 15290.0 19569.0 15999.0 12678.0 19309.0 12535.0 13472.0 19039.0 18115.0 15516.0 16343.0 16539.0 19348.0 18123.0 15128.0 19339.0 17636.0 19470.0 18658.0 19066.0 17670.0 19380.0 18940.0 18666.0 17581.0 19565.0 14526.0 15932.0 13470.0 13661.0 12091.0 14209.0 14393.0 16704.0 15751.0 15527.0 11832.0 16959.0 19329.0 11143.0 13791.0 10687.0 14248.0 16414.0 19451.0 16132.0 16482.0 12050.0 11525.0 14585.0 17817.0 17764.0 
12630.0 10985.0 15616.0 15796.0 11410.0 0 10008.0 12489.0 12849.0 10756.0 14667.0 12008.0 19209.0 18286.0 11243.0 19266.0 19791.0 11947.0 13478.0 13464.0 19637.0 13650.0 17716.0 16757.0 18299.0 13566.0 15962.0 16665.0 11500.0 15510.0 19363.0 14689.0 12490.0 13264.0 18010.0 17355.0 16972.0 15042.0 14314.0 14528.0 11049.0 19778.0 16552.0 10751.0 17821.0 17101.0 11698.0 15029.0 10704.0 16104.0 14187.0 16083.0 17435.0 17240.0 13440.0 17101.0 13994.0 13935.0 
10717.0 10032.0 19366.0 17178.0 15290.0 10008.0 0 16057.0 14811.0 10661.0 18043.0 10806.0 13825.0 11731.0 15143.0 16591.0 13710.0 12874.0 12868.0 14285.0 17585.0 10092.0 17231.0 12864.0 11467.0 13147.0 15828.0 12428.0 15147.0 16482.0 10376.0 13463.0 14699.0 10690.0 13190.0 15213.0 17276.0 12249.0 13989.0 16297.0 10475.0 10195.0 14226.0 17183.0 18096.0 18355.0 10548.0 10539.0 13383.0 12983.0 17535.0 14506.0 17080.0 12059.0 10649.0 15139.0 12619.0 19627.0 
14111.0 18222.0 16426.0 17362.0 19569.0 12489.0 16057.0 0 10223.0 15394.0 15815.0 16618.0 11216.0 18122.0 11518.0 12619.0 17395.0 13833.0 11445.0 15276.0 12895.0 17960.0 19650.0 12331.0 15962.0 17210.0 14459.0 18554.0 15323.0 14476.0 15121.0 17137.0 13211.0 18412.0 10899.0 15366.0 17944.0 18232.0 16246.0 13714.0 16944.0 12808.0 18950.0 16200.0 11765.0 19190.0 18706.0 15717.0 18125.0 15337.0 13886.0 12529.0 19674.0 17395.0 13993.0 15025.0 13138.0 16138.0 
18673.0 16629.0 12729.0 19799.0 15999.0 12849.0 14811.0 10223.0 0 11551.0 10517.0 19191.0 11688.0 10407.0 19898.0 15312.0 11585.0 10314.0 15661.0 15052.0 13067.0 18462.0 18938.0 17515.0 18785.0 11109.0 15000.0 11742.0 12872.0 18944.0 13939.0 14165.0 16253.0 16511.0 15839.0 12235.0 11526.0 12287.0 13325.0 15707.0 19147.0 18288.0 13797.0 14928.0 15172.0 12630.0 18492.0 14927.0 15290.0 11313.0 11084.0 16649.0 18503.0 12514.0 15619.0 13771.0 11159.0 17078.0 
14828.0 12756.0 14007.0 10365.0 12678.0 10756.0 10661.0 15394.0 11551.0 0 10006.0 17722.0 19087.0 18364.0 13926.0 10373.0 17722.0 13959.0 18252.0 11864.0 10254.0 10922.0 10353.0 12779.0 13156.0 13840.0 19282.0 19024.0 15515.0 13301.0 14750.0 16516.0 15094.0 10292.0 15420.0 11988.0 16561.0 19225.0 12606.0 15889.0 10745.0 11200.0 13712.0 11154.0 17023.0 10208.0 13214.0 14900.0 16678.0 11964.0 18827.0 17655.0 16818.0 15760.0 19723.0 15557.0 17061.0 10868.0 
12713.0 10939.0 16589.0 19993.0 19309.0 14667.0 18043.0 15815.0 10517.0 10006.0 0 10105.0 17268.0 17759.0 17354.0 16528.0 15103.0 18091.0 14954.0 16671.0 19031.0 18034.0 10745.0 17631.0 11951.0 13230.0 15431.0 10926.0 14500.0 16338.0 11201.0 14101.0 12311.0 10393.0 17909.0 14966.0 14491.0 19694.0 15452.0 15255.0 12739.0 13982.0 10752.0 18764.0 10177.0 15531.0 11066.0 17953.0 19043.0 19435.0 12538.0 12103.0 19683.0 12675.0 14418.0 12980.0 17817.0 12020.0 
13255.0 19793.0 11627.0 18876.0 12535.0 12008.0 10806.0 16618.0 19191.0 17722.0 10105.0 0 10158.0 17430.0 14027.0 14329.0 11579.0 11950.0 16193.0 10760.0 10804.0 19580.0 16253.0 13201.0 16512.0 12108.0 15738.0 12467.0 11416.0 18671.0 16009.0 10214.0 19960.0 16659.0 17486.0 15261.0 10306.0 18225.0 11017.0 19883.0 14378.0 19101.0 18707.0 16739.0 13957.0 15778.0 16115.0 18760.0 14394.0 12728.0 16309.0 12366.0 14585.0 12140.0 10847.0 11856.0 12104.0 12462.0 
10882.0 11913.0 17251.0 18150.0 13472.0 19209.0 13825.0 11216.0 11688.0 19087.0 17268.0 10158.0 0 10175.0 17762.0 13591.0 11558.0 18417.0 12541.0 12637.0 14208.0 15506.0 14237.0 19778.0 18149.0 19390.0 13372.0 13188.0 11387.0 19362.0 16466.0 13942.0 13268.0 11691.0 16016.0 15622.0 17004.0 13521.0 14994.0 15957.0 16864.0 15918.0 15550.0 16114.0 16443.0 19305.0 14266.0 13710.0 18907.0 17367.0 10147.0 12623.0 12443.0 18132.0 14628.0 15993.0 12615.0 15910.0 
19489.0 19754.0 16327.0 16687.0 19039.0 18286.0 11731.0 18122.0 10407.0 18364.0 17759.0 17430.0 10175.0 0 10190.0 11759.0 17316.0 14146.0 19201.0 14995.0 17868.0 10746.0 14218.0 19201.0 17693.0 11691.0 13703.0 19720.0 14426.0 10136.0 18703.0 19302.0 13294.0 12618.0 16435.0 16030.0 12638.0 13152.0 16351.0 11738.0 15516.0 17023.0 16544.0 11021.0 14243.0 17705.0 14605.0 12347.0 13900.0 16689.0 16541.0 16139.0 19101.0 15651.0 19537.0 10632.0 11944.0 17975.0 
16543.0 15798.0 18804.0 11536.0 18115.0 11243.0 15143.0 11518.0 19898.0 13926.0 17354.0 14027.0 17762.0 10190.0 0 13234.0 10372.0 11789.0 12544.0 17564.0 15409.0 16501.0 16467.0 15004.0 14039.0 14547.0 12019.0 12527.0 17277.0 11862.0 10299.0 17371.0 11145.0 16035.0 14365.0 11082.0 12494.0 18644.0 16850.0 10522.0 10545.0 17917.0 14226.0 14971.0 13558.0 10765.0 10374.0 19010.0 10349.0 17505.0 13573.0 17384.0 17423.0 11267.0 15977.0 10772.0 14519.0 15075.0 
15059.0 17521.0 14435.0 15731.0 15516.0 19266.0 16591.0 12619.0 15312.0 10373.0 16528.0 14329.0 13591.0 11759.0 13234.0 0 19609.0 18179.0 11797.0 13371.0 17189.0 16340.0 17507.0 14784.0 10456.0 11395.0 13317.0 18542.0 13015.0 19113.0 16018.0 11954.0 12592.0 15453.0 16641.0 16450.0 17799.0 18364.0 18761.0 12931.0 19329.0 10826.0 17444.0 17960.0 14165.0 13284.0 12013.0 14369.0 12290.0 12521.0 19926.0 19484.0 15449.0 12698.0 19772.0 18755.0 10043.0 14808.0 
16485.0 16953.0 15214.0 16957.0 16343.0 19791.0 13710.0 17395.0 11585.0 17722.0 15103.0 11579.0 11558.0 17316.0 10372.0 19609.0 0 11525.0 16044.0 11097.0 12157.0 11109.0 12956.0 19954.0 12793.0 18438.0 16146.0 16216.0 11357.0 11517.0 12253.0 11115.0 17632.0 11155.0 16987.0 15133.0 11286.0 19842.0 14769.0 11603.0 19538.0 13129.0 15430.0 17980.0 16869.0 11141.0 18523.0 12277.0 18012.0 19636.0 15543.0 14044.0 16093.0 14692.0 13105.0 14547.0 16196.0 11478.0 
15922.0 17604.0 19105.0 11276.0 16539.0 11947.0 12874.0 13833.0 10314.0 13959.0 18091.0 11950.0 18417.0 14146.0 11789.0 18179.0 11525.0 0 10058.0 12070.0 10679.0 14402.0 12153.0 19903.0 14169.0 13970.0 16329.0 19767.0 15657.0 15683.0 13996.0 13516.0 15440.0 12027.0 14086.0 10302.0 13298.0 11203.0 15432.0 11904.0 19916.0 16940.0 17735.0 17292.0 16597.0 19795.0 15953.0 19140.0 19092.0 18025.0 17878.0 14061.0 13858.0 16477.0 12496.0 17488.0 19047.0 11525.0 
10885.0 17269.0 14520.0 12449.0 19348.0 13478.0 12868.0 11445.0 15661.0 18252.0 14954.0 16193.0 12541.0 19201.0 12544.0 11797.0 16044.0 10058.0 0 14315.0 18176.0 14034.0 18691.0 19877.0 12143.0 18124.0 14162.0 11315.0 18954.0 17139.0 12552.0 17274.0 15079.0 19779.0 18830.0 15888.0 19333.0 12516.0 19859.0 19373.0 13477.0 15543.0 19509.0 12073.0 15258.0 16347.0 11825.0 13993.0 17404.0 11779.0 17175.0 16448.0 19005.0 13929.0 12074.0 19420.0 13265.0 19495.0 
18375.0 19879.0 14470.0 16710.0 18123.0 13464.0 14285.0 15276.0 15052.0 11864.0 16671.0 10760.0 12637.0 14995.0 17564.0 13371.0 11097.0 12070.0 14315.0 0 10014.0 10570.0 14487.0 19559.0 16061.0 11592.0 14469.0 12877.0 13410.0 10070.0 18201.0 18731.0 12971.0 17672.0 15459.0 14936.0 12983.0 17135.0 17562.0 16476.0 10750.0 16697.0 10297.0 10408.0 14432.0 15977.0 11375.0 16454.0 12784.0 17500.0 16852.0 19797.0 12669.0 18274.0 19692.0 16887.0 14383.0 10418.0 
11786.0 15485.0 12279.0 14007.0 15128.0 19637.0 17585.0 12895.0 13067.0 10254.0 19031.0 10804.0 14208.0 17868.0 15409.0 17189.0 12157.0 10679.0 18176.0 10014.0 0 10566.0 10563.0 19683.0 19502.0 12445.0 16975.0 12646.0 19945.0 19200.0 16682.0 12543.0 16891.0 12641.0 17781.0 13104.0 18632.0 14969.0 12120.0 13028.0 13414.0 16298.0 12351.0 19353.0 15345.0 10359.0 12321.0 10310.0 14070.0 16986.0 17816.0 17500.0 10797.0 13670.0 10744.0 15735.0 16113.0 15741.0 
12040.0 12273.0 14550.0 15657.0 19339.0 13650.0 10092.0 17960.0 18462.0 10922.0 18034.0 19580.0 15506.0 10746.0 16501.0 16340.0 11109.0 14402.0 14034.0 10570.0 10566.0 0 10053.0 11416.0 15500.0 13418.0 12479.0 17609.0 11660.0 12633.0 14335.0 12690.0 17915.0 18769.0 15026.0 13317.0 13205.0 15608.0 19046.0 12331.0 11731.0 18280.0 13444.0 15995.0 10504.0 10052.0 12865.0 19918.0 17033.0 12551.0 16685.0 10857.0 13876.0 13584.0 16040.0 11054.0 10788.0 15302.0 
16668.0 12918.0 18428.0 15513.0 17636.0 17716.0 17231.0 19650.0 18938.0 10353.0 10745.0 16253.0 14237.0 14218.0 16467.0 17507.0 12956.0 12153.0 18691.0 14487.0 10563.0 10053.0 0 17001.0 10271.0 14200.0 16507.0 18024.0 14908.0 15121.0 19753.0 15349.0 10304.0 17244.0 10618.0 13616.0 18546.0 19994.0 19620.0 16504.0 12139.0 10751.0 11981.0 12281.0 15718.0 14843.0 17309.0 13884.0 16447.0 12892.0 12724.0 19082.0 15646.0 14947.0 16415.0 14322.0 12782.0 14261.0 
10295.0 12029.0 14728.0 19439.0 19470.0 16757.0 12864.0 12331.0 17515.0 12779.0 17631.0 13201.0 19778.0 19201.0 15004.0 14784.0 19954.0 19903.0 19877.0 19559.0 19683.0 11416.0 17001.0 0 10119.0 12040.0 11381.0 17728.0 13762.0 18516.0 10675.0 10485.0 10056.0 12476.0 15904.0 12648.0 11438.0 11927.0 19113.0 18122.0 14565.0 19815.0 19374.0 11729.0 15864.0 13217.0 17369.0 14793.0 19861.0 19726.0 15917.0 12964.0 10995.0 14903.0 18423.0 12768.0 15718.0 11939.0 
18667.0 13987.0 15158.0 12707.0 18658.0 18299.0 11467.0 15962.0 18785.0 13156.0 11951.0 16512.0 18149.0 17693.0 14039.0 10456.0 12793.0 14169.0 12143.0 16061.0 19502.0 15500.0 10271.0 10119.0 0 10140.0 12735.0 16991.0 19831.0 18350.0 18457.0 13256.0 19581.0 18203.0 13607.0 16852.0 10889.0 14052.0 16792.0 14117.0 13510.0 17602.0 17923.0 12206.0 14214.0 14806.0 12045.0 17171.0 12238.0 14662.0 10408.0 12190.0 16585.0 16422.0 12796.0 19668.0 11817.0 11676.0 
10446.0 16036.0 17046.0 19461.0 19066.0 13566.0 13147.0 17210.0 11109.0 13840.0 13230.0 12108.0 19390.0 11691.0 14547.0 11395.0 18438.0 13970.0 18124.0 11592.0 12445.0 13418.0 14200.0 12040.0 10140.0 0 16487.0 10791.0 16534.0 14075.0 12518.0 16363.0 12008.0 13087.0 16547.0 14357.0 17962.0 11475.0 14408.0 13305.0 12948.0 14137.0 11530.0 19432.0 14009.0 12887.0 14820.0 10813.0 11293.0 13163.0 10307.0 12536.0 10853.0 12847.0 19163.0 16545.0 15503.0 18795.0 
16294.0 16134.0 18578.0 17500.0 17670.0 15962.0 15828.0 14459.0 15000.0 19282.0 15431.0 15738.0 13372.0 13703.0 12019.0 13317.0 16146.0 16329.0 14162.0 14469.0 16975.0 12479.0 16507.0 11381.0 12735.0 16487.0 0 10137.0 18928.0 18353.0 16484.0 16522.0 16080.0 14361.0 11566.0 12475.0 10251.0 11529.0 12650.0 14079.0 15127.0 17856.0 16281.0 12207.0 14886.0 15266.0 19811.0 16431.0 18007.0 18495.0 17000.0 19762.0 12426.0 19040.0 14738.0 19395.0 15696.0 19138.0 
15184.0 15576.0 19094.0 17010.0 19380.0 16665.0 12428.0 18554.0 11742.0 19024.0 10926.0 12467.0 13188.0 19720.0 12527.0 18542.0 16216.0 19767.0 11315.0 12877.0 12646.0 17609.0 18024.0 17728.0 16991.0 10791.0 10137.0 0 18396.0 15367.0 15940.0 15448.0 13793.0 13042.0 11079.0 19903.0 18602.0 18359.0 18687.0 18246.0 19362.0 14506.0 13226.0 11888.0 18861.0 12615.0 16347.0 12779.0 10971.0 19194.0 18757.0 11146.0 11833.0 11931.0 11662.0 15024.0 13443.0 17284.0 
15994.0 17692.0 13696.0 14311.0 18940.0 11500.0 15147.0 15323.0 12872.0 15515.0 14500.0 11416.0 11387.0 14426.0 17277.0 13015.0 11357.0 15657.0 18954.0 13410.0 19945.0 11660.0 14908.0 13762.0 19831.0 16534.0 18928.0 18396.0 0 19117.0 16518.0 11239.0 16302.0 14818.0 10146.0 13490.0 15650.0 17946.0 18249.0 15224.0 17222.0 15478.0 12614.0 18618.0 11163.0 18867.0 14689.0 11093.0 18433.0 19206.0 14395.0 16084.0 14456.0 19142.0 15845.0 12796.0 16095.0 13936.0 
17399.0 15364.0 15781.0 10807.0 18666.0 15510.0 16482.0 14476.0 18944.0 13301.0 16338.0 18671.0 19362.0 10136.0 11862.0 19113.0 11517.0 15683.0 17139.0 10070.0 19200.0 12633.0 15121.0 18516.0 18350.0 14075.0 18353.0 15367.0 19117.0 0 17274.0 14783.0 15426.0 13545.0 11293.0 19993.0 12822.0 10759.0 15906.0 19759.0 15503.0 13893.0 14945.0 14417.0 17662.0 18234.0 12287.0 15772.0 13114.0 13342.0 14123.0 18430.0 18343.0 10954.0 12730.0 17635.0 15360.0 17702.0 
12253.0 13415.0 12374.0 15468.0 17581.0 19363.0 10376.0 15121.0 13939.0 14750.0 11201.0 16009.0 16466.0 18703.0 10299.0 16018.0 12253.0 13996.0 12552.0 18201.0 16682.0 14335.0 19753.0 10675.0 18457.0 12518.0 16484.0 15940.0 16518.0 17274.0 0 10915.0 12507.0 17948.0 14394.0 17284.0 16631.0 14651.0 17175.0 11707.0 18849.0 12561.0 13338.0 12207.0 15397.0 17310.0 19416.0 14309.0 17990.0 19413.0 15519.0 10542.0 11773.0 13604.0 13631.0 16948.0 17777.0 18846.0 
13241.0 19707.0 12083.0 11852.0 19565.0 14689.0 13463.0 17137.0 14165.0 16516.0 14101.0 10214.0 13942.0 19302.0 17371.0 11954.0 11115.0 13516.0 17274.0 18731.0 12543.0 12690.0 15349.0 10485.0 13256.0 16363.0 16522.0 15448.0 11239.0 14783.0 10915.0 0 10643.0 17331.0 14516.0 18909.0 10321.0 16081.0 14800.0 19856.0 13809.0 16405.0 18003.0 16456.0 11974.0 14240.0 10243.0 16631.0 11275.0 19767.0 11238.0 13236.0 17298.0 11410.0 12585.0 16719.0 10235.0 14101.0 
11188.0 13470.0 14348.0 17264.0 14526.0 12490.0 14699.0 13211.0 16253.0 15094.0 12311.0 19960.0 13268.0 13294.0 11145.0 12592.0 17632.0 15440.0 15079.0 12971.0 16891.0 17915.0 10304.0 10056.0 19581.0 12008.0 16080.0 13793.0 16302.0 15426.0 12507.0 10643.0 0 11553.0 12343.0 11240.0 15785.0 18881.0 13284.0 16436.0 15235.0 18847.0 19913.0 15381.0 11200.0 15471.0 14810.0 12523.0 18935.0 10840.0 12023.0 18096.0 16990.0 13049.0 15805.0 15719.0 15109.0 12721.0 
10936.0 15066.0 18960.0 15388.0 15932.0 13264.0 10690.0 18412.0 16511.0 10292.0 10393.0 16659.0 11691.0 12618.0 16035.0 15453.0 11155.0 12027.0 19779.0 17672.0 12641.0 18769.0 17244.0 12476.0 18203.0 13087.0 14361.0 13042.0 14818.0 13545.0 17948.0 17331.0 11553.0 0 10027.0 13517.0 13666.0 17722.0 13563.0 14896.0 12393.0 16255.0 16862.0 14947.0 18858.0 12944.0 13632.0 13915.0 11787.0 17697.0 16607.0 10706.0 11506.0 12943.0 13368.0 12872.0 18185.0 17358.0 
11180.0 10730.0 19066.0 11081.0 13470.0 18010.0 13190.0 10899.0 15839.0 15420.0 17909.0 17486.0 16016.0 16435.0 14365.0 16641.0 16987.0 14086.0 18830.0 15459.0 17781.0 15026.0 10618.0 15904.0 13607.0 16547.0 11566.0 11079.0 10146.0 11293.0 14394.0 14516.0 12343.0 10027.0 0 10142.0 16967.0 10712.0 10284.0 18163.0 17108.0 19946.0 19908.0 17505.0 18588.0 19923.0 18589.0 12460.0 16196.0 11199.0 14417.0 12556.0 16224.0 11590.0 11036.0 12526.0 14216.0 11068.0 
15831.0 19688.0 16257.0 14859.0 13661.0 17355.0 15213.0 15366.0 12235.0 11988.0 14966.0 15261.0 15622.0 16030.0 11082.0 16450.0 15133.0 10302.0 15888.0 14936.0 13104.0 13317.0 13616.0 12648.0 16852.0 14357.0 12475.0 19903.0 13490.0 19993.0 17284.0 18909.0 11240.0 13517.0 10142.0 0 13577.0 11104.0 10572.0 11499.0 15505.0 11053.0 14637.0 16475.0 15665.0 15698.0 19016.0 10900.0 14752.0 18778.0 14698.0 15491.0 14846.0 15487.0 10502.0 13497.0 19036.0 19501.0 
17611.0 10266.0 12487.0 12639.0 12091.0 16972.0 17276.0 17944.0 11526.0 16561.0 14491.0 10306.0 17004.0 12638.0 12494.0 17799.0 11286.0 13298.0 19333.0 12983.0 18632.0 13205.0 18546.0 11438.0 10889.0 17962.0 10251.0 18602.0 15650.0 12822.0 16631.0 10321.0 15785.0 13666.0 16967.0 13577.0 0 10988.0 18952.0 16704.0 15830.0 17294.0 19024.0 15300.0 10650.0 11967.0 19460.0 10137.0 19514.0 18644.0 10592.0 15559.0 12238.0 16939.0 11404.0 18414.0 15864.0 17507.0 
14013.0 19016.0 14839.0 16626.0 14209.0 15042.0 12249.0 18232.0 12287.0 19225.0 19694.0 18225.0 13521.0 13152.0 18644.0 18364.0 19842.0 11203.0 12516.0 17135.0 14969.0 15608.0 19994.0 11927.0 14052.0 11475.0 11529.0 18359.0 17946.0 10759.0 14651.0 16081.0 18881.0 17722.0 10712.0 11104.0 10988.0 0 11224.0 16503.0 15415.0 19261.0 16643.0 12146.0 18349.0 17427.0 12830.0 18632.0 13891.0 17021.0 18570.0 17196.0 15006.0 12519.0 18756.0 13966.0 14802.0 19872.0 
11091.0 19993.0 13967.0 18252.0 14393.0 14314.0 13989.0 16246.0 13325.0 12606.0 15452.0 11017.0 14994.0 16351.0 16850.0 18761.0 14769.0 15432.0 19859.0 17562.0 12120.0 19046.0 19620.0 19113.0 16792.0 14408.0 12650.0 18687.0 18249.0 15906.0 17175.0 14800.0 13284.0 13563.0 10284.0 10572.0 18952.0 11224.0 0 16325.0 17658.0 13360.0 14378.0 17634.0 18036.0 13224.0 16013.0 17383.0 15359.0 15753.0 17244.0 12171.0 16359.0 19054.0 10660.0 11058.0 11114.0 17580.0 
18432.0 19971.0 11472.0 19550.0 16704.0 14528.0 16297.0 13714.0 15707.0 15889.0 15255.0 19883.0 15957.0 11738.0 10522.0 12931.0 11603.0 11904.0 19373.0 16476.0 13028.0 12331.0 16504.0 18122.0 14117.0 13305.0 14079.0 18246.0 15224.0 19759.0 11707.0 19856.0 16436.0 14896.0 18163.0 11499.0 16704.0 16503.0 16325.0 0 11238.0 18403.0 19051.0 19475.0 16780.0 11798.0 15259.0 10690.0 19749.0 12190.0 12615.0 10570.0 17264.0 11934.0 13242.0 17629.0 12549.0 15273.0 
15895.0 13513.0 18527.0 19821.0 15751.0 11049.0 10475.0 16944.0 19147.0 10745.0 12739.0 14378.0 16864.0 15516.0 10545.0 19329.0 19538.0 19916.0 13477.0 10750.0 13414.0 11731.0 12139.0 14565.0 13510.0 12948.0 15127.0 19362.0 17222.0 15503.0 18849.0 13809.0 15235.0 12393.0 17108.0 15505.0 15830.0 15415.0 17658.0 11238.0 0 15514.0 18629.0 13529.0 16477.0 19840.0 11287.0 18699.0 16825.0 18827.0 19018.0 16168.0 11723.0 19110.0 13236.0 14318.0 11521.0 11700.0 
18562.0 18703.0 11830.0 14429.0 15527.0 19778.0 10195.0 12808.0 18288.0 11200.0 13982.0 19101.0 15918.0 17023.0 17917.0 10826.0 13129.0 16940.0 15543.0 16697.0 16298.0 18280.0 10751.0 19815.0 17602.0 14137.0 17856.0 14506.0 15478.0 13893.0 12561.0 16405.0 18847.0 16255.0 19946.0 11053.0 17294.0 19261.0 13360.0 18403.0 15514.0 0 12847.0 11274.0 12155.0 12521.0 10502.0 16680.0 18268.0 14780.0 14981.0 11346.0 18024.0 10828.0 19052.0 13927.0 19615.0 17040.0 
12916.0 18562.0 12216.0 15757.0 11832.0 16552.0 14226.0 18950.0 13797.0 13712.0 10752.0 18707.0 15550.0 16544.0 14226.0 17444.0 15430.0 17735.0 19509.0 10297.0 12351.0 13444.0 11981.0 19374.0 17923.0 11530.0 16281.0 13226.0 12614.0 14945.0 13338.0 18003.0 19913.0 16862.0 19908.0 14637.0 19024.0 16643.0 14378.0 19051.0 18629.0 12847.0 0 13946.0 15891.0 12744.0 12297.0 18544.0 16536.0 15880.0 12148.0 11259.0 16992.0 18989.0 10905.0 18150.0 15135.0 15647.0 
14988.0 19772.0 18514.0 19009.0 16959.0 10751.0 17183.0 16200.0 14928.0 11154.0 18764.0 16739.0 16114.0 11021.0 14971.0 17960.0 17980.0 17292.0 12073.0 10408.0 19353.0 15995.0 12281.0 11729.0 12206.0 19432.0 12207.0 11888.0 18618.0 14417.0 12207.0 16456.0 15381.0 14947.0 17505.0 16475.0 15300.0 12146.0 17634.0 19475.0 13529.0 11274.0 13946.0 0 13657.0 16601.0 18856.0 16013.0 12233.0 16483.0 18993.0 16478.0 14345.0 14204.0 15292.0 12780.0 19902.0 15967.0 
11333.0 15373.0 15904.0 12092.0 19329.0 17821.0 18096.0 11765.0 15172.0 17023.0 10177.0 13957.0 16443.0 14243.0 13558.0 14165.0 16869.0 16597.0 15258.0 14432.0 15345.0 10504.0 15718.0 15864.0 14214.0 14009.0 14886.0 18861.0 11163.0 17662.0 15397.0 11974.0 11200.0 18858.0 18588.0 15665.0 10650.0 18349.0 18036.0 16780.0 16477.0 12155.0 15891.0 13657.0 0 18555.0 13328.0 19389.0 14145.0 17574.0 10552.0 10967.0 17392.0 18520.0 19844.0 14295.0 19898.0 12881.0 
15092.0 10852.0 10793.0 19864.0 11143.0 17101.0 18355.0 19190.0 12630.0 10208.0 15531.0 15778.0 19305.0 17705.0 10765.0 13284.0 11141.0 19795.0 16347.0 15977.0 10359.0 10052.0 14843.0 13217.0 14806.0 12887.0 15266.0 12615.0 18867.0 18234.0 17310.0 14240.0 15471.0 12944.0 19923.0 15698.0 11967.0 17427.0 13224.0 11798.0 19840.0 12521.0 12744.0 16601.0 18555.0 0 13538.0 17171.0 10089.0 15452.0 15886.0 17891.0 10316.0 18471.0 11068.0 13520.0 16376.0 13541.0 
17777.0 14407.0 18885.0 15723.0 13791.0 11698.0 10548.0 18706.0 18492.0 13214.0 11066.0 16115.0 14266.0 14605.0 10374.0 12013.0 18523.0 15953.0 11825.0 11375.0 12321.0 12865.0 17309.0 17369.0 12045.0 14820.0 19811.0 16347.0 14689.0 12287.0 19416.0 10243.0 14810.0 13632.0 18589.0 19016.0 19460.0 12830.0 16013.0 15259.0 11287.0 10502.0 12297.0 18856.0 13328.0 13538.0 0 10106.0 11424.0 11101.0 14967.0 14733.0 18818.0 17725.0 13508.0 18193.0 16027.0 14403.0 
14079.0 15069.0 18771.0 10388.0 10687.0 15029.0 10539.0 15717.0 14927.0 14900.0 17953.0 18760.0 13710.0 12347.0 19010.0 14369.0 12277.0 19140.0 13993.0 16454.0 10310.0 19918.0 13884.0 14793.0 17171.0 10813.0 16431.0 12779.0 11093.0 15772.0 14309.0 16631.0 12523.0 13915.0 12460.0 10900.0 10137.0 18632.0 17383.0 10690.0 18699.0 16680.0 18544.0 16013.0 19389.0 17171.0 10106.0 0 15883.0 15845.0 14618.0 16290.0 10782.0 19367.0 12476.0 17337.0 13070.0 15020.0 
18711.0 18539.0 12905.0 16955.0 14248.0 10704.0 13383.0 18125.0 15290.0 16678.0 19043.0 14394.0 18907.0 13900.0 10349.0 12290.0 18012.0 19092.0 17404.0 12784.0 14070.0 17033.0 16447.0 19861.0 12238.0 11293.0 18007.0 10971.0 18433.0 13114.0 17990.0 11275.0 18935.0 11787.0 16196.0 14752.0 19514.0 13891.0 15359.0 19749.0 16825.0 18268.0 16536.0 12233.0 14145.0 10089.0 11424.0 15883.0 0 14586.0 14724.0 19920.0 13562.0 18033.0 13275.0 17198.0 18851.0 12152.0 
10610.0 10786.0 11435.0 18572.0 16414.0 16104.0 12983.0 15337.0 11313.0 11964.0 19435.0 12728.0 17367.0 16689.0 17505.0 12521.0 19636.0 18025.0 11779.0 17500.0 16986.0 12551.0 12892.0 19726.0 14662.0 13163.0 18495.0 19194.0 19206.0 13342.0 19413.0 19767.0 10840.0 17697.0 11199.0 18778.0 18644.0 17021.0 15753.0 12190.0 18827.0 14780.0 15880.0 16483.0 17574.0 15452.0 11101.0 15845.0 14586.0 0 18640.0 11105.0 17184.0 12288.0 15124.0 19367.0 13348.0 11991.0 
16721.0 18282.0 13880.0 13742.0 19451.0 14187.0 17535.0 13886.0 11084.0 18827.0 12538.0 16309.0 10147.0 16541.0 13573.0 19926.0 15543.0 17878.0 17175.0 16852.0 17816.0 16685.0 12724.0 15917.0 10408.0 10307.0 17000.0 18757.0 14395.0 14123.0 15519.0 11238.0 12023.0 16607.0 14417.0 14698.0 10592.0 18570.0 17244.0 12615.0 19018.0 14981.0 12148.0 18993.0 10552.0 15886.0 14967.0 14618.0 14724.0 18640.0 0 13251.0 19220.0 19508.0 12235.0 12574.0 19466.0 13156.0 
15685.0 10446.0 10556.0 14152.0 16132.0 16083.0 14506.0 12529.0 16649.0 17655.0 12103.0 12366.0 12623.0 16139.0 17384.0 19484.0 14044.0 14061.0 16448.0 19797.0 17500.0 10857.0 19082.0 12964.0 12190.0 12536.0 19762.0 11146.0 16084.0 18430.0 10542.0 13236.0 18096.0 10706.0 12556.0 15491.0 15559.0 17196.0 12171.0 10570.0 16168.0 11346.0 11259.0 16478.0 10967.0 17891.0 14733.0 16290.0 19920.0 11105.0 13251.0 0 19519.0 18581.0 14979.0 10815.0 12541.0 17146.0 
10814.0 14210.0 16555.0 17039.0 16482.0 17435.0 17080.0 19674.0 18503.0 16818.0 19683.0 14585.0 12443.0 19101.0 17423.0 15449.0 16093.0 13858.0 19005.0 12669.0 10797.0 13876.0 15646.0 10995.0 16585.0 10853.0 12426.0 11833.0 14456.0 18343.0 11773.0 17298.0 16990.0 11506.0 16224.0 14846.0 12238.0 15006.0 16359.0 17264.0 11723.0 18024.0 16992.0 14345.0 17392.0 10316.0 18818.0 10782.0 13562.0 17184.0 19220.0 19519.0 0 15331.0 13634.0 19055.0 19422.0 13993.0 
16025.0 17905.0 19806.0 17669.0 12050.0 17240.0 12059.0 17395.0 12514.0 15760.0 12675.0 12140.0 18132.0 15651.0 11267.0 12698.0 14692.0 16477.0 13929.0 18274.0 13670.0 13584.0 14947.0 14903.0 16422.0 12847.0 19040.0 11931.0 19142.0 10954.0 13604.0 11410.0 13049.0 12943.0 11590.0 15487.0 16939.0 12519.0 19054.0 11934.0 19110.0 10828.0 18989.0 14204.0 18520.0 18471.0 17725.0 19367.0 18033.0 12288.0 19508.0 18581.0 15331.0 0 16591.0 12201.0 10850.0 13157.0 
15805.0 17870.0 18535.0 12052.0 11525.0 13440.0 10649.0 13993.0 15619.0 19723.0 14418.0 10847.0 14628.0 19537.0 15977.0 19772.0 13105.0 12496.0 12074.0 19692.0 10744.0 16040.0 16415.0 18423.0 12796.0 19163.0 14738.0 11662.0 15845.0 12730.0 13631.0 12585.0 15805.0 13368.0 11036.0 10502.0 11404.0 18756.0 10660.0 13242.0 13236.0 19052.0 10905.0 15292.0 19844.0 11068.0 13508.0 12476.0 13275.0 15124.0 12235.0 14979.0 13634.0 16591.0 0 10134.0 17933.0 15636.0 
11304.0 10906.0 14856.0 12851.0 14585.0 17101.0 15139.0 15025.0 13771.0 15557.0 12980.0 11856.0 15993.0 10632.0 10772.0 18755.0 14547.0 17488.0 19420.0 16887.0 15735.0 11054.0 14322.0 12768.0 19668.0 16545.0 19395.0 15024.0 12796.0 17635.0 16948.0 16719.0 15719.0 12872.0 12526.0 13497.0 18414.0 13966.0 11058.0 17629.0 14318.0 13927.0 18150.0 12780.0 14295.0 13520.0 18193.0 17337.0 17198.0 19367.0 12574.0 10815.0 19055.0 12201.0 10134.0 0 10296.0 12246.0 
15060.0 11620.0 15465.0 11839.0 17817.0 13994.0 12619.0 13138.0 11159.0 17061.0 17817.0 12104.0 12615.0 11944.0 14519.0 10043.0 16196.0 19047.0 13265.0 14383.0 16113.0 10788.0 12782.0 15718.0 11817.0 15503.0 15696.0 13443.0 16095.0 15360.0 17777.0 10235.0 15109.0 18185.0 14216.0 19036.0 15864.0 14802.0 11114.0 12549.0 11521.0 19615.0 15135.0 19902.0 19898.0 16376.0 16027.0 13070.0 18851.0 13348.0 19466.0 12541.0 19422.0 10850.0 17933.0 10296.0 0 11463.0 
16085.0 13720.0 18728.0 13981.0 17764.0 13935.0 19627.0 16138.0 17078.0 10868.0 12020.0 12462.0 15910.0 17975.0 15075.0 14808.0 11478.0 11525.0 19495.0 10418.0 15741.0 15302.0 14261.0 11939.0 11676.0 18795.0 19138.0 17284.0 13936.0 17702.0 18846.0 14101.0 12721.0 17358.0 11068.0 19501.0 17507.0 19872.0 17580.0 15273.0 11700.0 17040.0 15647.0 15967.0 12881.0 13541.0 14403.0 15020.0 12152.0 11991.0 13156.0 17146.0 13993.0 13157.0 15636.0 12246.0 11463.0 0 
