56
BancroftLibrary Library FPF EastAsianLibrary McLaughlin Pimentel EarthLibrary TAAP Etcheverry LawrenceofScience AnthropologyLibrary NewspapersLibrary BioscienceLibrary FoundersRock EngineeringLibrary BerkeleyWayWest WomensFacultyClub IRLE Campbell LeConte Stephens OBrien EnergyBuilding SharedServices CareerCenter UniversityHouse PacificFilmArchive Cheit UCBExtension HearstGreekTheatre DonnerLaboratory UpperHearstParking MelvinLaboratory Senior Davis FoxCottage Latimer VisualCenter HearstFountain Stanley Blackwell McCone ArtHistoryLibrary MSRI BrainImagingCenter WooHonFai Bowles AquaticCenter MathLibrary EllsworthParking Mulford Giauque CITRIS Sproul EarthquakeLibrary FacultyClub
0 3551.5723 13241.7147 31909.1487 31300.5305 37207.8789 37848.4763 30986.4818 36308.6499 44531.1986 43042.1974 39019.4432 57276.5016 65124.1217 65339.1879 62018.3314 52668.6193 60848.6917 62985.603 68613.3244 80833.8716 83820.4931 80059.8307 82049.9004 92878.3167 69182.5187 76174.4238 74538.7208 72882.4057 76817.088 83976.4579 80054.2226 61707.7252 62440.8997 88415.0099 89511.5268 88120.2234 83570.4942 58552.0708 55756.077 46470.4597 40238.6672 43364.0723 28601.5186 17299.3597 17350.2883 21634.856 26449.746 32382.3038 37204.6018 43533.1599 57921.9493 34066.364 25473.3196 18973.1742 14548.6853 
3551.5723 0 10208.6129 30885.1565 31307.1834 38136.4584 39906.9542 33073.6005 38958.3704 47791.4346 46463.0777 42555.3623 60828.0734 68667.6081 68876.9598 65462.1181 55993.0554 63910.4417 66044.7503 71742.1675 84102.8206 87152.7275 83506.192 85581.1637 96388.5567 72710.3825 79598.1495 77932.213 75955.7105 79780.594 86578.4584 82496.2932 64342.0699 65647.7866 91518.1577 92684.5074 91471.2769 87045.3847 62096.3143 59283.0296 50014.6478 43744.8001 46737.0074 31966.5904 16360.7142 17120.7198 25125.0795 29986.3447 34951.9261 39458.051 46029.2666 60064.718 35725.4792 27861.323399999997 19300.3426 14922.1984 
13241.7147 10208.6129 0 24005.3554 27160.4001 36223.3601 41420.1374 35005.7981 42567.0794 53805.1506 53455.911 50669.2536 69325.7185 77477.259 77782.3356 75000.9922 65855.8457 74061.2185 76197.1538 81849.2762 94053.4182 96990.2489 93018.6364 94543.7391 105540.3857 80515.0892 86350.7999 84473.9865 80709.7185 83991.4842 89212.3907 84547.9798 67335.1934 71162.3384 96479.0561 97833.1605 97675.1543 94196.2594 69988.4129 67138.2571 58869.0953 53016.7883 56504.0728 41769.1783 25642.4966 25151.1547 34573.254 39073.6418 45125.4119 49477.3379 56165.4032 69893.1209 45276.4088 36909.4519 27637.312 23602.9852 
31909.1487 30885.1565 24005.3554 0 9194.7727 19926.0856 31628.0056 28180.9736 37462.7787 52745.5655 55175.736 56144.9691 74413.0297 83288.9847 83972.0077 84259.5459 77473.474 87999.1231 90095.1116 94969.3327 105322.41560000001 107320.8243 101458.5602 100269.0771 111784.2803 82468.2465 84644.1936 82240.1936 73809.0669 75535.8196 76819.5114 71111.9183 57126.6958 66928.0295 89308.2774 91094.4222 93778.8163 93344.2288 72944.7291 70141.5449 66093.5716 62435.8332 68066.1205 54768.3183 34843.3105 35908.025 46950.8199 49426.027 62841.8709 68317.5595 73941.3663 89117.6576 65902.2917 57305.4196 50168.5331 45806.4919 
31300.5305 31307.1834 27160.4001 9194.7727 0 11024.8437 22478.2114 19519.5004 28701.1983 44255.3197 47148.873 48956.3698 66781.8315 75669.6331 76437.0888 77497.6372 71530.5165 82680.2897 84731.9634 89267.2926 98909.5614 100614.5888 94289.4915 92473.5557 104023.4682 74097.7655 75757.1141 73309.8508 64621.2261 66349.2705 67919.1628 62341.0088 47967.7272 57891.1061 80113.529 81900.806 84680.8501 84513.1057 64854.0909 62097.7497 59098.9241 56154.1579 62306.9111 49945.2221 30680.0234 31596.6678 42311.6089 43945.2885 59636.9739 65507.6755 70473.3987 86119.3768 64157.8181 55678.3515 50255.468 45824.5871 
37207.8789 38136.4584 36223.3601 19926.0856 11024.8437 0 13517.1397 13770.4514 21441.009 37185.7653 41189.4703 44746.968 61137.9155 70029.374 70937.0687 73461.9995 68948.5347 80887.2433 82842.519 86798.2574 95199.2067 96394.4043 89309.4653 86311.3608 97850.4138 66835.8779 67070.4595 64494.2746 54556.4658 55902.1795 56928.7953 51317.966 37416.423500000004 48781.091 69817.508 71685.0891 75165.0638 75952.9073 58365.386999999995 55754.5929 54963.0283 53374.2626 60222.1423 49700.2491 32783.5402 33308.7887 42703.1756 42972.2514 61272.2656 67486.7197 71500.4109 87481.0925 67444.9 59329.6246 55882.7172 51540.9453 
37848.4763 39906.9542 41420.1374 31628.0056 22478.2114 13517.1397 0 6862.3498 8632.817 23915.6543 28434.8132 33267.1945 48303.8088 57113.6929 58088.1159 61422.0603 58123.6702 70543.5161 72388.8935 75818.8376 83242.1361 84107.0761 76625.8476 73110.2878 84620.5731 53375.0914 53671.2149 51136.573 42242.2209 44317.226 47869.0358 43132.069 26435.062 35536.8906 57859.0682 59579.3677 62221.8698 62525.0616 45141.8475 42612.7155 43171.449 42753.0506 50027.5077 41773.1971 28933.606 29222.5816 35965.5709 34681.3461 54887.1783 61270.1709 64105.8835 80099.451 62772.869 55429.1733 54717.1899 50737.9067 
30986.4818 33073.6005 35005.7981 28180.9736 19519.5004 13770.4514 6862.3498 0 9292.9167 24741.4941 27958.4532 30999.5582 47815.6564 56742.3804 57589.7556 59715.6406 55223.6183 67269.0665 69201.0003 73065.3099 81455.0146 82718.2629 75808.1643 73312.5481 84870.8726 54596.9264 56492.6614 54125.7576 46981.726 49613.4018 54217.5134 49706.5693 32373.4467 39124.3261 62762.0005 64347.3758 66016.3281 65167.3975 45514.4879 42804.7135 41226.8025 39657.3708 46604.5892 36889.0102 22407.575 22785.3125 30474.5551 29932.8479 49395.3737 55743.2636 59077.1526 75109.3273 56746.1675 49169.2557 47984.1564 43958.6609 
36308.6499 38958.3704 42567.0794 37462.7787 28701.1983 21441.009 8632.817 9292.9167 0 15804.2265 19878.8372 24634.3775 39804.8193 48659.5675 49601.9439 52789.2433 49669.8632 62188.5691 63999.2324 67299.0844 74609.3275 75490.5725 68085.6374 64870.4371 76410.7028 45621.2674 47199.7458 44837.3498 38332.5835 41425.5099 47678.3537 43898.62 25400.8931 29854.8195 54143.6697 55627.032 56844.082 55881.4538 36924.378 34314.4876 34559.5773 34514.3981 41800.6907 34704.4321 25277.4278 25264.7221 29785.4099 27614.3465 48382.424 54755.5795 56963.3094 72837.8439 57073.2827 50316.1872 51271.972 47645.8205 
44531.1986 47791.4346 53805.1506 52745.5655 44255.3197 37185.7653 23915.6543 24741.4941 15804.2265 0 6319.6552 14582.2427 24733.4088 33376.1547 34420.4449 39051.6914 38353.4548 51181.5848 52735.9522 55042.3821 60641.4304 61012.3285 53063.7852 49194.868 60709.753 29863.3403 32793.9562 30754.1368 29080.4347 33829.3232 44528.7651 42886.1617 24352.7724 17993.4202 44101.2427 45097.0634 43870.0037 41096.8138 21226.198 18724.0002 22167.0008 25002.9253 32395.7961 31131.4658 31700.0387 31157.8341 29791.7305 25293.3454 45246.105 51181.7505 51299.0733 66196.2588 55602.6611 50698.8508 55121.1187 52396.191 
43042.1974 46463.0777 53455.911 55175.736 47148.873 41189.4703 28434.8132 27958.4532 19878.8372 6319.6552 0 8569.7669 19949.6768 28843.5871 29749.8638 33335.9703 32077.07 44904.4656 46483.4806 48935.8361 55081.2419 55793.9679 48207.0549 45366.6446 56924.6098 27800.4397 33135.0718 31524.4619 33042.8698 38245.347 49921.726 48686.7782 30452.6755 21373.0175 47235.2093 47965.0893 45235.5033 40748.0379 17770.0028 14970.0642 17353.8034 18781.501 26117.9575 26039.1089 30105.7535 29392.6436 25922.7014 20938.8004 39905.191 45657.9941 45366.8751 60057.7344 50528.8344 46215.4235 51669.7413 49322.0636 
39019.4432 42555.3623 50669.2536 56144.9691 48956.3698 44746.968 33267.1945 30999.5582 24634.3775 14582.2427 8569.7669 0 18829.987 27431.7389 27985.496 28735.0378 25115.2778 37789.41 39525.1597 42666.0587 50455.6449 51798.9682 45360.5186 44601.1398 55971.1552 30181.7604 38388.8788 37247.7874 41060.1078 46448.5148 58452.9483 57253.2189 38919.094 29288.5942 54601.6149 55128.6819 51168.0545 45027.1753 19540.952 16772.1919 10236.1127 10545.2625 18050.1777 17997.4025 26512.7887 25609.6635 19418.1187 14052.989 31537.917 37174.7181 36804.1421 51614.7823 42313.3814 38538.4032 45039.0537 43161.6019 
57276.5016 60828.0734 69325.7185 74413.0297 66781.8315 61137.9155 48303.8088 47815.6564 39804.8193 24733.4088 19949.6768 18829.987 0 8932.0542 9800.187 15850.5707 20820.2963 32067.7322 32978.0447 33342.1015 36399.7484 36384.0532 28352.9148 25891.2239 37375.5099 14030.233 26166.6761 26349.987 37637.4359 43565.216 58098.6451 59052.1892 43977.8655 27507.9766 46855.0632 46589.7591 39264.4832 30093.9299 6463.8305 6997.9124 11352.5734 18837.6728 21546.5128 31877.839699999997 45129.4121 44180.6648 36336.9972 31063.4629 41758.0771 45651.2265 42140.7389 53278.0614 52717.0569 51577.9624 60359.422 59321.8427 
65124.1217 68667.6081 77477.259 83288.9847 75669.6331 70029.374 57113.6929 56742.3804 48659.5675 33376.1547 28843.5871 27431.7389 8932.0542 0 1402.0788 12119.5091 21575.4448 30032.8546 30381.376 29103.742 29196.3127 28447.9804 19787.9897 17176.1155 28553.4842 13227.863 26567.1937 27675.3715 41863.287 47773.1578 62684.5326 64430.3366 50858.6996 33240.0724 48427.405 47730.526 38683.2649 27743.5442 12864.6646 14817.4546 18654.1265 25382.8403 25805.8501 38397.8033 53327.2584 52345.4614 43767.8898 38692.4813 46326.056 49291.5245 44614.4755 53455.9946 56888.5558 56937.8882 66570.8391 65961.9654 
65339.1879 68876.9598 77782.3356 83972.0077 76437.0888 70937.0687 58088.1159 57589.7556 49601.9439 34420.4449 29749.8638 27985.496 9800.187 1402.0788 0 10905.1146 20842.9037 28824.8976 29125.6935 27745.2213 27838.2323 27173.136 19654.9185 16766.9104 28001.2693 14548.5113 27867.4478 29019.259 43265.1462 49073.0537 64086.5871 65826.1918 52187.1038 34616.0001 49751.9461 49032.3417 39879.9102 28811.5715 14123.0922 15969.6308 18913.6109 25404.8476 25417.8981 38338.3373 53669.4327 52677.3827 43900.1434 38890.6188 45875.6423 48678.4 43855.8234 52401.6835 56348.7433 56599.9349 66382.8265 65866.5772 
62018.3314 65462.1181 75000.9922 84259.5459 77497.6372 73461.9995 61422.0603 59715.6406 52789.2433 39051.6914 33335.9703 28735.0378 15850.5707 12119.5091 10905.1146 0 11504.4434 17920.6516 18280.5116 17617.0683 21903.4795 23116.9654 18044.3935 22527.9614 31748.445 25290.7544 38644.7005 39630.7884 52929.0034 58825.4118 73610.2467 74811.4221 59759.2974 43273.4677 60430.808 59793.8978 50783.9668 39645.4719 22083.5005 22821.7147 18498.9712 22207.5996 19078.7813 33635.3059 51560.8377 50510.7486 40430.872299999995 36124.824 38216.5561 40020.0625 34412.7683 41703.6984 47987.2429 49487.1318 60138.8446 60264.9084 
52668.6193 55993.0554 65855.8457 77473.474 71530.5165 68948.5347 58123.6702 55223.6183 49669.8632 38353.4548 32077.07 25115.2778 20820.2963 21575.4448 20842.9037 11504.4434 0 12828.3435 14445.3088 17854.0193 28279.2559 31160.011 28511.4399 34031.7473 42935.5649 33608.0177 46611.6904 47046.1195 57998.0925 63910.6046 78007.2612 78268.1123 61498.1154 47138.4758 67660.7569 67344.6533 59440.7649 49120.9057 27115.8455 26613.1266 16228.9012 15575.5094 9500.4076 24088.975 43405.7776 42341.0938 31561.6565 28161.218999999997 26812.8918 28532.708 23186.0406 32529.5636 36483.7598 38180.096 49093.4981 49516.9457 
60848.6917 63910.4417 74061.2185 87999.1231 82680.2897 80887.2433 70543.5161 67269.0665 62188.5691 51181.5848 44904.4656 37789.41 32067.7322 30032.8546 28824.8976 17920.6516 12828.3435 0 2137.7888 8205.1078 22138.4344 26508.5238 28192.9659 37240.2151 43319.4043 43142.3092 56485.8635 57346.417 69700.6777 75629.0382 90049.6857 90622.4779 74185.9795 59250.2415 78154.5895 77597.3776 68704.5295 57486.783 38530.2342 38505.171 29043.6385 27790.4725 20667.56 33318.3615 53291.0992 52243.4927 41147.4833 38745.8328 30590.9016 29523.4504 22304.5525 24632.6001 37482.9675 41816.4758 53523.9953 54939.9731 
62985.603 66044.7503 76197.1538 90095.1116 84731.9634 82842.519 72388.8935 69201.0003 63999.2324 52735.9522 46483.4806 39525.1597 32978.0447 30381.376 29125.6935 18280.5116 14445.3088 2137.7888 0 6269.5841 20342.5328 24842.8692 27114.1885 36579.1976 42172.6594 43571.2511 56925.1728 57884.1532 70603.6343 76529.05 91055.2192 91761.4263 75532.2221 60316.7462 78692.0661 78072.9457 68967.4937 57595.846 39438.123 39550.1909 30570.984 29648.3228 22624.334 35435.5551 55404.0336 54355.2855 43262.5199 40809.5189 32640.8934 31409.2046 24115.1229 25336.551 39320.5554 43819.0597 55545.9972 57008.772 
68613.3244 71742.1675 81849.2762 94969.3327 89267.2926 86798.2574 75818.8376 73065.3099 67299.0844 55042.3821 48935.8361 42666.0587 33342.1015 29103.742 27745.2213 17617.0683 17854.0193 8205.1078 6269.5841 0 14113.9252 18736.3232 22094.2042 32413.4587 36862.8692 42270.466 55516.1584 56759.6656 70529.5093 76417.1829 91226.5759 92384.962 76939.8159 60838.7592 77449.2172 76657.4985 66971.97839999999 55238.2457 39667.6469 40228.6825 33052.8009 33428.7677 26967.901 40634.7873 60494.144 59435.8017 48407.77 45546.6557 38774.2077 37676.1335 30382.3943 30437.9259 45585.3732 50021.0 61722.7114 63093.8543 
80833.8716 84102.8206 94053.4182 105322.41560000001 98909.5614 95199.2067 83242.1361 81455.0146 74609.3275 60641.4304 55081.2419 50455.6449 36399.7484 29196.3127 27838.2323 21903.4795 28279.2559 22138.4344 20342.5328 14113.9252 0 5057.9954 12946.7306 24439.7336 25077.8053 40776.2908 52953.5106 54802.1872 70465.0531 76110.6918 91254.0865 93401.1637 79993.6865 62418.7115 74543.9442 73355.2595 62595.4836 50428.7397 41814.9082 43278.4429 40237.1831 42886.7204 37760.7369 52326.6758 71632.8857 70568.4638 59840.7081 56253.7732 52330.8083 51658.869 44434.5553 43704.708 59620.9975 63720.022 75318.9849 76430.1214 
83820.4931 87152.7275 96990.2489 107320.8243 100614.5888 96394.4043 84107.0761 82718.2629 75490.5725 61012.3285 55793.9679 51798.9682 36384.0532 28447.9804 27173.136 23116.9654 31160.011 26508.5238 24842.8692 18736.3232 5057.9954 0 9852.6811 20857.7249 20196.6486 38986.4157 50546.7142 52573.7876 68701.6188 74217.3286 89375.7542 91847.9376 79234.5448 61312.4751 71804.448 70498.9291 59481.7241 47310.0531 41296.0774 43042.9919 41574.6336 45003.2198 40495.3429 55224.3436 74134.3756 73073.4344 62555.9892 58681.7185 56214.0239 55886.1634 48786.5246 48674.4192 63917.6253 67665.5341 79156.8113 80079.2793 
80059.8307 83506.192 93018.6364 101458.5602 94289.4915 89309.4653 76625.8476 75808.1643 68085.6374 53063.7852 48207.0549 45360.5186 28352.9148 19787.9897 19654.9185 18044.3935 28511.4399 28192.9659 27114.1885 22094.2042 12946.7306 9852.6811 0 11513.7317 15151.9459 29315.0613 40695.5156 42841.0824 58971.4253 64440.568 79594.4708 82177.2348 70060.3304 51939.595 61983.902 60706.6774 49783.6076 37606.2559 32652.6543 34604.4334 35379.1356 40093.9923 37010.6166 51660.6721 69444.069 68401.8692 58459.9038 54060.572 55109.9275 55912.2714 49386.6758 52357.1563 64021.287 66568.1089 77601.3528 77984.6216 
82049.9004 85581.1637 94543.7391 100269.0771 92473.5557 86311.3608 73110.2878 73312.5481 64870.4371 49194.868 45366.6446 44601.1398 25891.2239 17176.1155 16766.9104 22527.9614 34031.7473 37240.2151 36579.1976 32413.4587 24439.7336 20857.7249 11513.7317 0 11558.4264 21422.0 30791.9827 33139.1272 49964.5612 55113.1287 70150.7864 73283.1273 62931.0209 44497.5828 51328.3013 49905.4601 38713.109 26576.3209 27969.4159 30560.3741 35675.4734 41942.6397 40877.1615 54647.2095 70436.2923 69444.1671 60537.781 55602.7153 60676.9148 62522.8025 56686.8531 61856.4929 70510.6386 71842.0997 82187.0406 81977.9293 
92878.3167 96388.5567 105540.3857 111784.2803 104023.4682 97850.4138 84620.5731 84870.8726 76410.7028 60709.753 56924.6098 55971.1552 37375.5099 28553.4842 28001.2693 31748.445 42935.5649 43319.4043 42172.6594 36862.8692 25077.8053 20196.6486 15151.9459 11558.4264 0 32269.6616 39662.6498 42285.5256 59327.0999 64085.2815 78799.7003 82488.0656 73467.9007 55052.6186 58355.7297 56629.4513 45002.5718 33565.3394 39493.4788 42108.604 46771.8824 52644.2882 50748.3948 65010.28 81532.2573 80524.3163 71272.2209 66490.2319 69732.8312 70861.1362 64462.5132 67282.651 78957.0045 81114.7092 91883.4777 91982.5416 
69182.5187 72710.3825 80515.0892 82468.2465 74097.7655 66835.8779 53375.0914 54596.9264 45621.2674 29863.3403 27800.4397 30181.7604 14030.233 13227.863 14548.5113 25290.7544 33608.0177 43142.3092 43571.2511 42270.466 40776.2908 38986.4157 29315.0613 21422.0 32269.6616 0 13353.9712 14498.6695 29733.501 35464.5625 50563.887 52869.8172 41518.1003 23098.9562 35203.5644 34508.8586 25843.9119 16063.9883 10644.2237 13427.7047 25021.7283 32606.9333 35538.1349 45433.729999999996 56534.4425 55676.1595 49112.9533 43719.7287 55783.7146 59641.3582 55874.6302 66033.3985 66747.1381 65469.9908 73881.1925 72573.9302 
76174.4238 79598.1495 86350.7999 84644.1936 75757.1141 67070.4595 53671.2149 56492.6614 47199.7458 32793.9562 33135.0718 38388.8788 26166.6761 26567.1937 27867.4478 38644.7005 46611.6904 56485.8635 56925.1728 55516.1584 52953.5106 50546.7142 40695.5156 30791.9827 39662.6498 13353.9712 0 2852.2416 19716.1744 24451.7223 39384.2159 42825.4158 35588.1928 18541.2041 21947.0236 21164.9397 13209.4245 8937.3041 20791.1738 22744.9132 35960.1609 43378.3265 47485.3768 55450.6963 63240.6287 62519.9527 57803.4791 52440.2842 67096.1348 71467.6719 68283.6638 79129.1838 78167.443 75995.4635 83370.0262 81547.851 
74538.7208 77932.213 84473.9865 82240.1936 73309.8508 64494.2746 51136.573 54125.7576 44837.3498 30754.1368 31524.4619 37247.7874 26349.987 27675.3715 29019.259 39630.7884 47046.1195 57346.417 57884.1532 56759.6656 54802.1872 52573.7876 42841.0824 33139.1272 42285.5256 14498.6695 2852.2416 0 17041.8862 21978.6115 37024.5971 40259.1101 32736.5232 15832.8232 20810.5094 20317.8686 13923.0043 11681.7342 20576.242 22237.6646 35567.6165 42852.7415 47346.6301 54615.9778 61594.7645 60904.1472 56611.3098 51287.1961 66622.3584 71180.8277 68276.2816 79569.8119 77702.4105 75230.0986 82286.4934 80355.7261 
72882.4057 75955.7105 80709.7185 73809.0669 64621.2261 54556.4658 42242.2209 46981.726 38332.5835 29080.4347 33042.8698 41060.1078 37637.4359 41863.287 43265.1462 52929.0034 57998.0925 69700.6777 70603.6343 70529.5093 70465.0531 68701.6188 58971.4253 49964.5612 59327.0999 29733.501 19716.1744 17041.8862 0 5928.4488 20830.386 23320.3803 18334.6363 11777.2269 15811.4055 17373.3233 21684.5024 27388.5159 31173.6065 31385.0616 43542.7435 49602.2004 55744.765 58987.9369 60697.6149 59895.3904 58706.4802 53919.0558 72545.5372 77971.0429 76559.7614 89747.48509999999 83373.1045 79256.6567 84192.4694 81465.7251 
76817.088 79780.594 83991.4842 75535.8196 66349.2705 55902.1795 44317.226 49613.4018 41425.5099 33829.3232 38245.347 46448.5148 43565.216 47773.1578 49073.0537 58825.4118 63910.6046 75629.0382 76529.05 76417.1829 76110.6918 74217.3286 64440.568 55113.1287 64085.2815 35464.5625 24451.7223 21978.6115 5928.4488 0 15159.3564 18459.1032 18607.2906 17337.8982 14111.9518 16206.0893 23572.3127 31300.7357 37101.3958 37299.3694 49340.7475 55257.4775 61520.0873 64275.6722 64495.1655 64122.8411 63610.2769 58967.9361 77982.6359 83503.1304 82264.5751 95582.1025 88733.6187 84370.2488 88879.4319 86002.4586 
83976.4579 86578.4584 89212.3907 76819.5114 67919.1628 56928.7953 47869.0358 54217.5134 47678.3537 44528.7651 49921.726 58452.9483 58098.6451 62684.5326 64086.5871 73610.2467 78007.2612 90049.6857 91055.2192 91226.5759 91254.0865 89375.7542 79594.4708 70150.7864 78799.7003 50563.887 39384.2159 37024.5971 20830.386 15159.3564 0 6662.9538 22277.4606 30868.8533 23163.9624 25502.071 35990.5048 45528.4882 51660.4939 51550.5487 62794.5222 68047.6709 74766.1077 75658.5874 72545.9426 72366.1371 73804.1316 69683.0824 89735.9992 95571.9545 95058.4773 109043.411 100126.639 94951.0127 98059.1317 94759.9691 
80054.2226 82496.2932 84547.9798 71111.9183 62341.0088 51317.966 43132.069 49706.5693 43898.62 42886.1617 48686.7782 57253.2189 59052.1892 64430.3366 65826.1918 74811.4221 78268.1123 90622.4779 91761.4263 92384.962 93401.1637 91847.9376 82177.2348 73283.1273 82488.0656 52869.8172 42825.4158 40259.1101 23320.3803 18459.1032 6662.9538 0 19076.1745 31546.3756 28895.2187 31260.8569 41084.0571 49722.2631 52728.1513 52255.719 62586.8094 67254.8679 74260.3698 73856.4768 69096.0497 69143.8269 71355.1359 67560.5088 88045.0003 94049.2385 94053.1905 108519.6822 98149.0708 92536.6784 94914.9518 91440.2152 
61707.7252 64342.0699 67335.1934 57126.6958 47967.7272 37416.423500000004 26435.062 32373.4467 25400.8931 24352.7724 30452.6755 38919.094 43977.8655 50858.6996 52187.1038 59759.2974 61498.1154 74185.9795 75532.2221 76939.8159 79993.6865 79234.5448 70060.3304 62931.0209 73467.9007 41518.1003 35588.1928 32736.5232 18334.6363 18607.2906 22277.4606 19076.1745 0 18441.0359 32668.5504 34664.6984 40019.138699999996 44211.2688 38187.1673 36980.0174 45381.8024 49228.2824 56489.2745 54970.5598 50315.0578 50163.7284 52284.2401 48560.2627 69184.4722 75267.6607 75642.536 90510.4099 79157.065 73463.5805 75975.9255 72588.9196 
62440.8997 65647.7866 71162.3384 66928.0295 57891.1061 48781.091 35536.8906 39124.3261 29854.8195 17993.4202 21373.0175 29288.5942 27507.9766 33240.0724 34616.0001 43273.4677 47138.4758 59250.2415 60316.7462 60838.7592 62418.7115 61312.4751 51939.595 44497.5828 55052.6186 23098.9562 18541.2041 15832.8232 11777.2269 17337.8982 30868.8533 31546.3756 18441.0359 0 26127.4098 27105.8856 26989.265 27476.9817 21191.7861 20766.7339 32115.2071 37919.5878 44245.4073 47235.8174 49666.2219 49142.2491 47197.9398 42303.7157 60768.6567 66212.4514 64932.7295 78407.1294 71599.5756 67572.5185 72830.5601 70258.96770000001 
88415.0099 91518.1577 96479.0561 89308.2774 80113.529 69817.508 57859.0682 62762.0005 54143.6697 44101.2427 47235.2093 54601.6149 46855.0632 48427.405 49751.9461 60430.808 67660.7569 78154.5895 78692.0661 77449.2172 74543.9442 71804.448 61983.902 51328.3013 58355.7297 35203.5644 21947.0236 20810.5094 15811.4055 14111.9518 23163.9624 28895.2187 32668.5504 26127.4098 0 2366.7619 13571.864 24933.4488 40739.3448 41897.204 55077.5375 61921.2628 67190.8209 72568.5189 75700.0181 75206.8428 73156.6461 68130.1205 85519.1558 90523.0568 88224.7041 100128.2106 96534.7023 93138.1347 98873.259 96368.3841 
89511.5268 92684.5074 97833.1605 91094.4222 81900.806 71685.0891 59579.3677 64347.3758 55627.032 45097.0634 47965.0893 55128.6819 46589.7591 47730.526 49032.3417 59793.8978 67344.6533 77597.3776 78072.9457 76657.4985 73355.2595 70498.9291 60706.6774 49905.4601 56629.4513 34508.8586 21164.9397 20317.8686 17373.3233 16206.0893 25502.071 31260.8569 34664.6984 27105.8856 2366.7619 0 11667.1725 23383.9758 40596.1443 41902.6553 55168.0088 62138.3886 67207.7285 73045.2339 76767.2293 76247.9312 73877.4773 68809.0852 85816.7954 90712.849 88226.6878 99856.2698 96859.4555 93657.4517 99634.6887 97213.4834 
88120.2234 91471.2769 97675.1543 93778.8163 84680.8501 75165.0638 62221.8698 66016.3281 56844.082 43870.0037 45235.5033 51168.0545 39264.4832 38683.2649 39879.9102 50783.9668 59440.7649 68704.5295 68967.4937 66971.97839999999 62595.4836 59481.7241 49783.6076 38713.109 45002.5718 25843.9119 13209.4245 13923.0043 21684.5024 23572.3127 35990.5048 41084.0571 40019.138699999996 26989.265 13571.864 11667.1725 0 12177.5037 34000.4771 35919.48 49165.8174 56564.1968 60668.8711 68502.242 75183.9447 74529.2506 70517.4571 65202.5533 80297.4463 84672.4341 81405.2159 91874.8935 91370.9856 89094.311 96207.1055 94231.5479 
83570.4942 87045.3847 94196.2594 93344.2288 84513.1057 75952.9073 62525.0616 65167.3975 55881.4538 41096.8138 40748.0379 45027.1753 30093.9299 27743.5442 28811.5715 39645.4719 49120.9057 57486.783 57595.846 55238.2457 50428.7397 47310.0531 37606.2559 26576.3209 33565.3394 16063.9883 8937.3041 11681.7342 27388.5159 31300.7357 45528.4882 49722.2631 44211.2688 27476.9817 24933.4488 23383.9758 12177.5037 0 26024.6393 28499.5084 40959.6849 48541.6555 51588.8821 61196.7305 70701.8921 69925.6879 64346.5196 58940.4534 71841.7235 75684.5567 71759.3931 81198.6372 82810.9842 81419.2951 89526.6241 88008.4053 
58552.0708 62096.3143 69988.4129 72944.7291 64854.0909 58365.386999999995 45141.8475 45514.4879 36924.378 21226.198 17770.0028 19540.952 6463.8305 12864.6646 14123.0922 22083.5005 27115.8455 38530.2342 39438.123 39667.6469 41814.9082 41296.0774 32652.6543 27969.4159 39493.4788 10644.2237 20791.1738 20576.242 31173.6065 37101.3958 51660.4939 52728.1513 38187.1673 21191.7861 40739.3448 40596.1443 34000.4771 26024.6393 0 2871.7871 15196.4642 22695.2607 26773.0769 35179.0346 45944.2396 45073.5847 38526.05 33124.4152 46333.8747 50684.5543 47709.0517 59436.7167 57396.4396 55506.8678 63512.2378 62075.6147 
55756.077 59283.0296 67138.2571 70141.5449 62097.7497 55754.5929 42612.7155 42804.7135 34314.4876 18724.0002 14970.0642 16772.1919 6997.9124 14817.4546 15969.6308 22821.7147 26613.1266 38505.171 39550.1909 40228.6825 43278.4429 43042.9919 34604.4334 30560.3741 42108.604 13427.7047 22744.9132 22237.6646 31385.0616 37299.3694 51550.5487 52255.719 36980.0174 20766.7339 41897.204 41902.6553 35919.48 28499.5084 2871.7871 0 13339.0869 20646.2053 25541.911200000002 32831.3753 43115.5894 42252.165 35895.0095 30487.9781 44399.5191 48963.1661 46334.6296 58596.6962 55478.4747 53289.3525 61045.7437 59515.0235 
46470.4597 50014.6478 58869.0953 66093.5716 59098.9241 54963.0283 43171.449 41226.8025 34559.5773 22167.0008 17353.8034 10236.1127 11352.5734 18654.1265 18913.6109 18498.9712 16228.9012 29043.6385 30570.984 33052.8009 40237.1831 41574.6336 35379.1356 35675.4734 46771.8824 25021.7283 35960.1609 35567.6165 43542.7435 49340.7475 62794.5222 62586.8094 45381.8024 32115.2071 55077.5375 55168.0088 49165.8174 40959.6849 15196.4642 13339.0869 0 7586.8432 12226.0971 20525.2663 34775.2929 33776.3931 25195.0762 20050.02 31140.1762 35624.2516 33210.2319 46302.869000000006 42207.9084 40463.2007 49018.1297 47976.3837 
40238.6672 43744.8001 53016.7883 62435.8332 56154.1579 53374.2626 42753.0506 39657.3708 34514.3981 25002.9253 18781.501 10545.2625 18837.6728 25382.8403 25404.8476 22207.5996 15575.5094 27790.4725 29648.3228 33428.7677 42886.7204 45003.2198 40093.9923 41942.6397 52644.2882 32606.9333 43378.3265 42852.7415 49602.2004 55257.4775 68047.6709 67254.8679 49228.2824 37919.5878 61921.2628 62138.3886 56564.1968 48541.6555 22695.2607 20646.2053 7586.8432 0 7525.6913 13103.6606 29381.5826 28316.8681 19379.9439 13972.4326 23772.4816 28604.868 27050.2588 41307.9767 34852.5369 32878.2694 41548.886 40670.9814 
43364.0723 46737.0074 56504.0728 68066.1205 62306.9111 60222.1423 50027.5077 46604.5892 41800.6907 32395.7961 26117.9575 18050.1777 21546.5128 25805.8501 25417.8981 19078.7813 9500.4076 20667.56 22624.334 26967.901 37760.7369 40495.3429 37010.6166 40877.1615 50748.3948 35538.1349 47485.3768 47346.6301 55744.765 61520.0873 74766.1077 74260.3698 56489.2745 44245.4073 67190.8209 67207.7285 60668.8711 51588.8821 26773.0769 25541.911200000002 12226.0971 7525.6913 0 14770.4542 33905.5272 32840.8566 22092.3911 18660.8114 20555.5485 24106.3227 21034.5092 34292.5208 31318.0296 31193.7312 41310.5308 41237.3383 
28601.5186 31966.5904 41769.1783 54768.3183 49945.2221 49700.2491 41773.1971 36889.0102 34704.4321 31131.4658 26039.1089 17997.4025 31877.839699999997 38397.8033 38338.3373 33635.3059 24088.975 33318.3615 35435.5551 40634.7873 52326.6758 55224.3436 51660.6721 54647.2095 65010.28 45433.729999999996 55450.6963 54615.9778 58987.9369 64275.6722 75658.5874 73856.4768 54970.5598 47235.8174 72568.5189 73045.2339 68502.242 61196.7305 35179.0346 32831.3753 20525.2663 13103.6606 14770.4542 0 19979.5532 18936.879 7832.8054 7109.5335 14217.3865 20401.7633 22336.6247 38327.8377 24509.8451 20648.8405 28493.1838 27579.0748 
17299.3597 16360.7142 25642.4966 34843.3105 30680.0234 32783.5402 28933.606 22407.575 25277.4278 31700.0387 30105.7535 26512.7887 45129.4121 53327.2584 53669.4327 51560.8377 43405.7776 53291.0992 55404.0336 60494.144 71632.8857 74134.3756 69444.069 70436.2923 81532.2573 56534.4425 63240.6287 61594.7645 60697.6149 64495.1655 72545.9426 69096.0497 50315.0578 49666.2219 75700.0181 76767.2293 75183.9447 70701.8921 45944.2396 43115.5894 34775.2929 29381.5826 33905.5272 19979.5532 0 1064.7145 12146.7548 15462.4545 29054.1556 35091.1987 39809.4753 55519.6535 34856.8332 26932.1221 26049.9722 22368.904 
17350.2883 17120.7198 25151.1547 35908.025 31596.6678 33308.7887 29222.5816 22785.3125 25264.7221 31157.8341 29392.6436 25609.6635 44180.6648 52345.4614 52677.3827 50510.7486 42341.0938 52243.4927 54355.2855 59435.8017 70568.4638 73073.4344 68401.8692 69444.1671 80524.3163 55676.1595 62519.9527 60904.1472 59895.3904 64122.8411 72366.1371 69143.8269 50163.7284 49142.2491 75206.8428 76247.9312 74529.2506 69925.6879 45073.5847 42252.165 33776.3931 28316.8681 32840.8566 18936.879 1064.7145 0 11104.7473 14405.3274 28218.3239 34299.3442 38903.487 54664.6098 34252.2774 26431.0166 26007.8853 22439.1353 
21634.856 25125.0795 34573.254 46950.8199 42311.6089 42703.1756 35965.5709 30474.5551 29785.4099 29791.7305 25922.7014 19418.1187 36336.9972 43767.8898 43900.1434 40430.872299999995 31561.6565 41147.4833 43262.5199 48407.77 59840.7081 62555.9892 58459.9038 60537.781 71272.2209 49112.9533 57803.4791 56611.3098 58706.4802 63610.2769 73804.1316 71355.1359 52284.2401 47197.9398 73156.6461 73877.4773 70517.4571 64346.5196 38526.05 35895.0095 25195.0762 19379.9439 22092.3911 7832.8054 12146.7548 11104.7473 0 5407.5113 18944.4926 25316.9879 28798.6765 44797.1145 27327.5525 21184.207 25785.3405 23744.4163 
26449.746 29986.3447 39073.6418 49426.027 43945.2885 42972.2514 34681.3461 29932.8479 27614.3465 25293.3454 20938.8004 14052.989 31063.4629 38692.4813 38890.6188 36124.824 28161.218999999997 38745.8328 40809.5189 45546.6557 56253.7732 58681.7185 54060.572 55602.7153 66490.2319 43719.7287 52440.2842 51287.1961 53919.0558 58967.9361 69683.0824 67560.5088 48560.2627 42303.7157 68130.1205 68809.0852 65202.5533 58940.4534 33124.4152 30487.9781 20050.02 13972.4326 18660.8114 7109.5335 15462.4545 14405.3274 5407.5113 0 20961.3933 27275.1848 29441.6251 45418.1049 30596.8283 25417.1412 31019.7299 29120.3966 
32382.3038 34951.9261 45125.4119 62841.8709 59636.9739 61272.2656 54887.1783 49395.3737 48382.424 45246.105 39905.191 31537.917 41758.0771 46326.056 45875.6423 38216.5561 26812.8918 30590.9016 32640.8934 38774.2077 52330.8083 56214.0239 55109.9275 60676.9148 69732.8312 55783.7146 67096.1348 66622.3584 72545.5372 77982.6359 89735.9992 88045.0003 69184.4722 60768.6567 85519.1558 85816.7954 80297.4463 71841.7235 46333.8747 44399.5191 31140.1762 23772.4816 20555.5485 14217.3865 29054.1556 28218.3239 18944.4926 20961.3933 0 6387.382 11178.7214 26483.0368 11080.0553 11494.0021 22989.3246 24398.1672 
37204.6018 39458.051 49477.3379 68317.5595 65507.6755 67486.7197 61270.1709 55743.2636 54755.5795 51181.7505 45657.9941 37174.7181 45651.2265 49291.5245 48678.4 40020.0625 28532.708 29523.4504 31409.2046 37676.1335 51658.869 55886.1634 55912.2714 62522.8025 70861.1362 59641.3582 71467.6719 71180.8277 77971.0429 83503.1304 95571.9545 94049.2385 75267.6607 66212.4514 90523.0568 90712.849 84672.4341 75684.5567 50684.5543 48963.1661 35624.2516 28604.868 24106.3227 20401.7633 35091.1987 34299.3442 25316.9879 27275.1848 6387.382 0 7493.2483 20805.3785 8696.5961 13250.6442 24933.9794 27294.5408 
43533.1599 46029.2666 56165.4032 73941.3663 70473.3987 71500.4109 64105.8835 59077.1526 56963.3094 51299.0733 45366.8751 36804.1421 42140.7389 44614.4755 43855.8234 34412.7683 23186.0406 22304.5525 24115.1229 30382.3943 44434.5553 48786.5246 49386.6758 56686.8531 64462.5132 55874.6302 68283.6638 68276.2816 76559.7614 82264.5751 95058.4773 94053.1905 75642.536 64932.7295 88224.7041 88226.6878 81405.2159 71759.3931 47709.0517 46334.6296 33210.2319 27050.2588 21034.5092 22336.6247 39809.4753 38903.487 28798.6765 29441.6251 11178.7214 7493.2483 0 16032.2206 15205.4325 20623.915 32373.0752 34556.3696 
57921.9493 60064.718 69893.1209 89117.6576 86119.3768 87481.0925 80099.451 75109.3273 72837.8439 66196.2588 60057.7344 51614.7823 53278.0614 53455.9946 52401.6835 41703.6984 32529.5636 24632.6001 25336.551 30437.9259 43704.708 48674.4192 52357.1563 61856.4929 67282.651 66033.3985 79129.1838 79569.8119 89747.48509999999 95582.1025 109043.411 108519.6822 90510.4099 78407.1294 100128.2106 99856.2698 91874.8935 81198.6372 59436.7167 58596.6962 46302.869000000006 41307.9767 34292.5208 38327.8377 55519.6535 54664.6098 44797.1145 45418.1049 26483.0368 20805.3785 16032.2206 0 25010.2148 33019.1443 43749.5423 46906.0895 
34066.364 35725.4792 45276.4088 65902.2917 64157.8181 67444.9 62772.869 56746.1675 57073.2827 55602.6611 50528.8344 42313.3814 52717.0569 56888.5558 56348.7433 47987.2429 36483.7598 37482.9675 39320.5554 45585.3732 59620.9975 63917.6253 64021.287 70510.6386 78957.0045 66747.1381 78167.443 77702.4105 83373.1045 88733.6187 100126.639 98149.0708 79157.065 71599.5756 96534.7023 96859.4555 91370.9856 82810.9842 57396.4396 55478.4747 42207.9084 34852.5369 31318.0296 24509.8451 34856.8332 34252.2774 27327.5525 30596.8283 11080.0553 8696.5961 15205.4325 25010.2148 0 8598.1201 18750.6312 21960.0624 
25473.3196 27861.323399999997 36909.4519 57305.4196 55678.3515 59329.6246 55429.1733 49169.2557 50316.1872 50698.8508 46215.4235 38538.4032 51577.9624 56937.8882 56599.9349 49487.1318 38180.096 41816.4758 43819.0597 50021.0 63720.022 67665.5341 66568.1089 71842.0997 81114.7092 65469.9908 75995.4635 75230.0986 79256.6567 84370.2488 94951.0127 92536.6784 73463.5805 67572.5185 93138.1347 93657.4517 89094.311 81419.2951 55506.8678 53289.3525 40463.2007 32878.2694 31193.7312 20648.8405 26932.1221 26431.0166 21184.207 25417.1412 11494.0021 13250.6442 20623.915 33019.1443 8598.1201 0 11789.541 14085.6446 
18973.1742 19300.3426 27637.312 50168.5331 50255.468 55882.7172 54717.1899 47984.1564 51271.972 55121.1187 51669.7413 45039.0537 60359.422 66570.8391 66382.8265 60138.8446 49093.4981 53523.9953 55545.9972 61722.7114 75318.9849 79156.8113 77601.3528 82187.0406 91883.4777 73881.1925 83370.0262 82286.4934 84192.4694 88879.4319 98059.1317 94914.9518 75975.9255 72830.5601 98873.259 99634.6887 96207.1055 89526.6241 63512.2378 61045.7437 49018.1297 41548.886 41310.5308 28493.1838 26049.9722 26007.8853 25785.3405 31019.7299 22989.3246 24933.9794 32373.0752 43749.5423 18750.6312 11789.541 0 4431.3711 
14548.6853 14922.1984 23602.9852 45806.4919 45824.5871 51540.9453 50737.9067 43958.6609 47645.8205 52396.191 49322.0636 43161.6019 59321.8427 65961.9654 65866.5772 60264.9084 49516.9457 54939.9731 57008.772 63093.8543 76430.1214 80079.2793 77984.6216 81977.9293 91982.5416 72573.9302 81547.851 80355.7261 81465.7251 86002.4586 94759.9691 91440.2152 72588.9196 70258.96770000001 96368.3841 97213.4834 94231.5479 88008.4053 62075.6147 59515.0235 47976.3837 40670.9814 41237.3383 27579.0748 22368.904 22439.1353 23744.4163 29120.3966 24398.1672 27294.5408 34556.3696 46906.0895 21960.0624 14085.6446 4431.3711 0 
