15
PacificFilmArchive Library HearstGym NewspapersLibrary Hilgard InternationalHouse Wheeler SproulPlaza UniversityHouse EarthquakeLibrary BrainImagingCenter Morrison Mulford CareerCenter FacultyClub
0 17919.5436 20108.3328 36740.588 74484.3413 59861.574 67560.7134 79527.2368 92188.8645 72783.2783 40000.0725 36505.8741 35706.8452 41368.0519 13723.0021 
17919.5436 0 20415.3143 25105.4735 64609.7115 51672.3774 63245.6925 79355.1312 100266.3819 84186.9176 57884.1013 53832.5376 51175.8306 46535.7675 21163.3289 
20108.3328 20415.3143 0 20881.0782 55193.3922 40189.8191 47518.9095 62916.7264 79924.6416 64976.9401 53619.8003 43869.9717 37298.5505 26122.3348 13460.4787 
36740.588 25105.4735 20881.0782 0 39507.7075 33823.7132 40602.4774 59636.1352 89427.524 79521.2596 71623.6897 64731.9944 57588.4483 37711.4913 28732.0269 
74484.3413 64609.7115 55193.3922 39507.7075 0 15448.896 23195.5081 43219.6861 86357.0639 88308.6094 102816.7706 94146.5674 83977.3171 53556.0647 63298.5442 
59861.574 51672.3774 40189.8191 33823.7132 15448.896 0 16988.5129 38852.7962 77967.4263 76256.8112 87376.5299 78751.2675 68728.2471 38940.9877 48169.2171 
67560.7134 63245.6925 47518.9095 40602.4774 23195.5081 16988.5129 0 21959.2272 63312.8338 65752.3061 88060.9106 78696.22260000001 67464.1715 35748.0685 58155.189399999996 
79527.2368 79355.1312 62916.7264 59636.1352 43219.6861 38852.7962 21959.2272 0 44628.4818 54076.5918 90676.2157 80928.5556 69227.5249 40051.2945 65804.2347 
92188.8645 100266.3819 79924.6416 89427.524 86357.0639 77967.4263 63312.8338 44628.4818 0 27574.5953 82677.0151 74230.5337 64335.6 53917.2311 80476.5608 
72783.2783 84186.9176 64976.9401 79521.2596 88308.6094 76256.8112 65752.3061 54076.5918 27574.5953 0 57128.5678 49252.8781 40641.3229 41809.7683 63156.237 
40000.0725 57884.1013 53619.8003 71623.6897 102816.7706 87376.5299 88060.9106 90676.2157 82677.0151 57128.5678 0 9749.8286 21640.9981 52587.6377 42928.6078 
36505.8741 53832.5376 43869.9717 64731.9944 94146.5674 78751.2675 78696.22260000001 80928.5556 74230.5337 49252.8781 9749.8286 0 11891.6248 43074.5633 36506.1028 
35706.8452 51175.8306 37298.5505 57588.4483 83977.3171 68728.2471 67464.1715 69227.5249 64335.6 40641.3229 21640.9981 11891.6248 0 31719.5615 31257.7039 
41368.0519 46535.7675 26122.3348 37711.4913 53556.0647 38940.9877 35748.0685 40051.2945 53917.2311 41809.7683 52587.6377 43074.5633 31719.5615 0 28115.5748 
13723.0021 21163.3289 13460.4787 28732.0269 63298.5442 48169.2171 58155.189399999996 65804.2347 80476.5608 63156.237 42928.6078 36506.1028 31257.7039 28115.5748 0 
