55
155 60 112 56 38 85 92 96 106 49 144 114 67 191 50 188 161 42 32 173 131 133 26 117 75 97 198 13 44 99 87 79 136 19 69 162 143 119 15 73 18 103 35 153 172 113 17 55 145 123 4 33 180 102 0
0 262.8049 322.2358 600.8683 500.9464 734.294 777.4965 564.5296 929.3791 755.5775 701.2181 649.2824 671.9874 666.6106 776.2539 627.9284 519.3315 759.4304 771.0714 515.0894 670.1866 770.6595 773.1811 678.2394 651.9413 967.0289 711.513 675.9911 818.9072 530.0142 929.7923000000001 915.2982999999999 740.6673 583.9294 966.9056 825.9529 858.466 722.7727 978.4891 812.2506 764.145 748.7452 734.5647 646.2921 681.3576 935.0178999999999 830.9752 1039.2219 817.1192 726.786 751.2158 724.0536 637.1819 566.1961 476.4961 
262.8049 0 59.4309 338.0634 457.1566 471.4891 835.1605 827.3344999999999 956.8747 787.0228 783.6221 899.3311 710.1456 786.0113 948.3669 757.5925 776.9218 669.296 716.984 759.0154 513.8009 516.6222 510.3762 446.1086 389.1364 824.5295 561.5809 413.1862 556.1023 412.9752 703.8601 708.5507 799.3933 551.8119 845.9227 651.6987 735.9085 605.2273 844.6025 549.4457 578.577 604.4943 554.8523 485.7734 572.4764 672.213 633.8359 776.4169999999999 893.9176 894.659 619.9164 791.9309 458.665 626.9863 278.8084 
322.2358 59.4309 0 278.6325 440.8863 530.92 775.7296 767.9514 923.469 779.3365 824.3371 839.9002 769.5764999999999 819.8874 901.6089 800.7806 751.9351 728.7269 693.9697 768.6858 479.8168 576.0531 533.9444 427.3935 434.4336 869.8267000000001 523.8179 468.5292 561.9736 440.6927 763.2909999999999 764.3062 799.2221 492.381 847.8833999999999 711.1296 687.304 551.6107 792.375 490.0148 607.994 645.5609 613.5326 456.0703 522.288 686.9897 591.8586 716.9861 834.4867 945.8189 599.9103 773.6411 506.377 686.4172 324.6127 
600.8683 338.0634 278.6325 0 294.1576 534.0112 728.0045 755.8092 757.9346 745.8926 766.5889 779.3128 622.1512 739.4887 847.2164 733.2986 699.2499 663.9592 567.8698 629.3111 569.7844 640.4085 749.0619999999999 533.3951 709.9104 639.3646 769.9209 531.9904 390.1768 719.3252 804.6199 817.0926 743.9326 213.7485 711.2721 476.7356 641.329 736.1363 829.4047 681.1482 731.8357 476.3451 622.7178 615.4964 640.6247 630.0349 659.9786 714.7549 771.2872 722.748 586.1975 844.4316 627.0448 632.3004 415.19829999999996 
500.9464 457.1566 440.8863 294.1576 0 331.9408 735.5223000000001 586.6321 841.7329000000001 798.8769 858.6299 815.6135 622.8302 691.7317 777.0167 959.7224 955.0993 678.1618 582.0724 745.3974 782.0664 710.1313 788.1592 448.1014 708.7584999999999 466.0825 838.8686 826.148 684.3344 781.2272 719.1732 897.1859 800.3054 414.62840000000006 647.9354000000001 616.5622 843.7418 895.8688 673.6636 805.8881 560.3814 767.6551 840.6669 581.7628 864.0152 617.1373 563.9213 693.154 765.1609000000001 627.0321 623.1624 749.4031 635.0257 633.3584 390.7483 
734.294 471.4891 530.92 534.0112 331.9408 0 429.6521 872.2293999999999 642.4932 843.4404 754.116 761.4683 585.3826 601.7815 668.3721 887.791 902.0019 736.3641 643.367 741.6017 531.2445 896.6997 886.4254000000001 761.8257 385.2466 565.5721 725.3 875.5204 506.2903 884.4643 969.4448 633.5791 784.6989 746.5692 627.4402 603.2888 900.2435 940.9974 719.871 473.9473 787.1037 757.6687 975.0798 706.9901 809.2767 905.9647 888.7772 977.0889 433.2201 481.3968 710.7448 903.8146 828.1134 822.1178 547.1691 
777.4965 835.1605 775.7296 728.0045 735.5223000000001 429.6521 0 660.7259 927.0002999999999 907.308 946.7396 593.1503 853.6088 627.6839 982.5883 1034.1772 966.9824 927.2939 878.0174 865.1931000000001 777.5692 955.9154 781.8844 793.2014 814.8987 995.2242 816.4638 884.653 837.7814 753.362 983.1234000000001 517.8752 861.7552 568.3501 844.1448 941.3783 671.4376 594.3523 998.8635999999999 727.1489 978.2017000000001 973.5059 960.4847 1039.5702 656.8355 624.3266 662.763 970.0209 829.3651 911.0489 649.165 1047.7838 634.2052 562.1708 686.0792 
564.5296 827.3344999999999 767.9514 755.8092 586.6321 872.2293999999999 660.7259 0 428.2963 672.0921000000001 972.5696 870.8817 756.4882 840.0844 796.6874 982.2291 873.6322 880.5347999999999 797.0039 874.9096 920.0065999999999 736.3023 710.5243 750.611 646.2592 982.357 883.2794 620.7158 996.0594 642.4468 790.7133 511.6295 822.0841 861.6694 671.9104 548.6 702.5627 674.9283 970.3498 657.2615 900.2897 744.3624 898.5386000000001 699.2954 696.4239 896.4067 930.2077999999999 886.2928 867.4159 717.7146 668.9107 576.4160999999999 626.0008 964.3066 959.8163 
929.3791 956.8747 923.469 757.9346 841.7329000000001 642.4932 927.0002999999999 428.2963 0 408.4173 706.8756 798.4021 581.8336 674.7401 980.3466 766.4831 875.08 665.3018 759.252 863.7062000000001 687.5653 611.4483 746.2752 878.2533 883.4007 789.1682 973.3962 702.8082 951.7108000000001 1012.7574 951.7024 910.1747 611.1159 929.7384 509.4556 818.8466 557.5922 491.508 908.9838 731.7522 724.5382 522.2772 586.384 898.4902999999999 600.5793 604.7561 732.8777 1001.0575 887.2205999999999 724.0478 590.3565 589.5605 798.8844 626.2611 911.5318 
755.5775 787.0228 779.3365 745.8926 798.8769 843.4404 907.308 672.0921000000001 408.4173 0 354.6448 659.4357 656.1392 816.8527 756.9074 772.5888 761.036 637.3037 676.2617 472.0074 577.8746 738.0569 819.838 637.9296 813.8337 621.6837 676.1204 757.8837 660.7389 893.2044000000001 553.5796 720.6928 832.0599 899.6138 731.6557 790.2356 647.9059 734.9543 512.1312 796.3642 519.9588 386.4739 315.0177 562.3529 458.5947 748.1076 545.9572 598.3613 500.5027 966.0320999999999 839.42 864.0818 708.0873 856.6662 816.1724 
701.2181 783.6221 824.3371 766.5889 858.6299 754.116 946.7396 972.5696 706.8756 354.6448 0 638.5804999999999 557.1797 843.4096000000001 486.8869 618.0461 685.5424 540.0389 606.2084 423.6915 860.1683 548.8143 518.3419 594.6416 904.3787 580.4672 735.9853 647.907 735.5893 870.1621 781.7466 754.7219 798.483 930.5551 736.2413 803.1669 615.5103 512.9316 435.4162 802.1438 771.762 597.2879 654.4228 840.5972 654.0351 683.7997 603.6121 787.3296 724.1726 983.0977 599.3384 682.6121 628.6676 873.0238 621.3729 
649.2824 899.3311 839.9002 779.3128 815.6135 761.4683 593.1503 870.8817 798.4021 659.4357 638.5804999999999 0 553.7475 720.7588999999999 903.3876 833.3249 911.643 786.5496999999999 733.27 672.0393 776.0983 874.9211 911.9963 779.8274 781.5388 797.4083 714.8122 791.0738 594.0628 692.2679 491.9355 1033.8588 934.5308 723.9933 879.8499 936.5677 814.2904 859.848 899.1241 567.262 803.1188 744.611 760.3641 974.9467 860.7352 608.6282 754.9294 980.327 749.0195 587.0395 827.2335 565.0931 562.9011 705.9808 974.0958999999999 
671.9874 710.1456 769.5764999999999 622.1512 622.8302 585.3826 853.6088 756.4882 581.8336 656.1392 557.1797 553.7475 0 445.7031 962.237 914.0056 914.2275 848.4057 772.7760999999999 642.7553 501.0815 622.8387 664.3198 512.2946 771.1037 797.3306 798.6043 607.7072 609.0399 446.5748 853.7496 973.1646 627.6162 657.5723 923.8399999999999 706.6371 546.166 570.1161 727.9877 448.0375 300.2064 567.7361 642.68 614.9501 747.6628 536.504 786.1295 836.1172 583.8861 808.5348 685.7609 466.8726 740.4635 799.5116 932.3297 
666.6106 786.0113 819.8874 739.4887 691.7317 601.7815 627.6839 840.0844 674.7401 816.8527 843.4096000000001 720.7588999999999 445.7031 0 612.8598 468.3025 576.8994 781.8191999999999 685.7298 533.539 789.3911 766.7766 753.4513 564.6863 724.3616 720.1997 910.4659 889.6597 660.7154 637.2479 838.0106 541.9327 687.6059 525.7402 692.4366 545.6408 765.0693 792.0197 1067.6111 854.1045 700.3613 872.4346 740.85 774.4704 805.1838 982.2071000000001 881.7704 992.0736999999999 902.5504 846.9261 878.9141 597.849 1030.5114 563.6856 856.0880000000001 
776.2539 948.3669 901.6089 847.2164 777.0167 668.3721 982.5883 796.6874 980.3466 756.9074 486.8869 903.3876 962.237 612.8598 0 454.368 562.9649 484.3097 388.2203 723.4167 868.6333 806.7065 881.074 1019.2128 747.328 645.731 692.2278 842.0339 637.1658 976.6650999999999 859.3377 849.5445 858.1763 633.4679 574.6609 888.0852 560.9863 678.8549 868.8286 811.0998 791.437 458.0694 859.2104 912.9476 725.2484 769.1412 954.3111 613.8818 431.0527 974.1993 707.886 935.8539000000001 584.2236 721.7228 783.7454 
627.9284 757.5925 800.7806 733.2986 959.7224 887.791 1034.1772 982.2291 766.4831 772.5888 618.0461 833.3249 914.0056 468.3025 454.368 0 108.5969 589.7374 621.8272 605.2513 925.6938 693.4928 730.5376 657.9473 640.9572 691.3415 927.8524 662.0127 777.3953 684.5822000000001 523.526 565.8237 915.7189 561.0951 806.6841 748.3284 930.4337 887.1691 751.3941 885.5482 769.815 612.5775 766.9334 550.3309 520.66 885.8525 559.8333 747.7016 693.6731 962.3849 474.9054 646.0073 613.3758 1018.2529 627.3586 
519.3315 776.9218 751.9351 699.2499 955.0993 902.0019 966.9824 873.6322 875.08 761.036 685.5424 911.643 914.2275 576.8994 562.9649 108.5969 0 481.1405 513.2303 575.3439 956.219 584.8959 665.2796 766.5442 708.5436 799.9384 997.9993 671.007 747.0488 575.9853 595.6477 674.4206 972.2045 669.692 879.295 809.0313 821.8368 957.5301000000001 820.3058 776.9513 772.6283 640.1464 673.1325 607.7018 609.5484 782.5046 565.8458 856.2985 802.27 953.5612 583.0351 638.8252 721.9727 915.1324999999999 666.5458 
759.4304 669.296 728.7269 663.9592 678.1618 736.3641 927.2939 880.5347999999999 665.3018 637.3037 540.0389 786.5496999999999 848.4057 781.8191999999999 484.3097 589.7374 481.1405 0 96.0894 479.92629999999997 847.9550999999999 457.6233 591.0521 747.9413000000001 775.1238999999999 782.4543 900.6569999999999 476.0438 731.233 537.1476 792.9472 622.8862 710.8036 534.4724 878.5611 701.3644 885.8104 954.0129999999999 699.4035 830.6429 832.0561 794.6659 604.2682 780.4944999999999 578.3196 793.6373 768.6412 733.7523 635.1028 849.4706 486.0933 747.9934 798.587 738.2946 620.5094 
771.0714 716.984 693.9697 567.8698 582.0724 643.367 878.0174 797.0039 759.252 676.2617 606.2084 733.27 772.7760999999999 685.7298 388.2203 621.8272000000001 513.2303 96.0894 0 522.5605 751.8657 486.1844 494.9627 696.8857 693.3279 838.9627 804.5676 473.5126 655.6034 612.4525 696.8578 539.9752 686.1056 443.0081 782.4717 797.4538 908.2849 950.4936 734.5636 906.2302 845.0396 725.3437 535.1197 684.4051 643.8328 817.608 674.0429 809.0154 539.0134 848.194 497.6539 764.5272 716.791 642.2052 716.5988 
515.0894 759.0154 768.6858 629.3111 745.3974 741.6017 865.1931000000001 874.9096 863.7062000000001 472.0074 423.6915 672.0393 642.7553 533.539 723.4167 605.2513 575.3439 479.92629999999997 522.5605 0 637.99 652.7881 492.1653 617.0729 685.8513 716.3979 817.063 532.9104 430.4193 609.9941 806.962 636.8809 694.7735 672.0572000000001 877.1086 911.6302 735.8902 666.5573 679.987 889.9342 550.3385 570.3587 508.9509 478.9191 620.9098 736.0922 904.2617 746.06 645.6206000000001 801.5 599.0011 478.18919999999997 550.5071 577.7488 515.4701 
670.1866 513.8009 479.8168 569.7844 782.0664 531.2445 777.5692 920.0065999999999 687.5653 577.8746 860.1683 776.0983 501.0815 789.3911 868.6333 925.6938 956.219 847.9550999999999 751.8657 637.99 0 472.6914 522.9044 665.098 874.3199999999999 531.1855 571.6805 384.3113 744.3202 513.1782 534.7146 976.8118 520.5271 681.9787 684.4689 886.2088 642.17 777.8633 424.7521 888.3902 604.9868 501.1492 744.6841 801.3095 830.4415 630.868 505.6352 756.089 940.156 857.0435 462.6781 682.4137 806.42 819.3242 777.4245000000001 
770.6595 516.6222 576.0531 640.4085 710.1313 896.6997 955.9154 736.3023 611.4483 738.0569 548.8143 874.9211 622.8387 766.7766 806.7065 693.4928 584.8959 457.6233 486.1844 652.7881 472.6914 0 246.8092 503.5391 905.7586 763.5112 550.2195 122.8831 513.8135 531.1737 501.3917 734.6132 791.299 677.231 775.4028 801.8459 862.8779 966.8103 850.8337 748.6752 730.1043 706.1629 757.4202 865.1076 482.3729 700.7874 646.6368 739.5878 800.2964999999999 671.0047 318.6915 651.4182000000001 649.7453 523.8287 683.2957 
773.1811 510.3762 533.9444 749.0619999999999 788.1592 886.4254000000001 781.8844 710.5243 746.2752 819.838 518.3419 911.9963 664.3198 753.4513 881.074 730.5376 665.2796 591.0521 494.9627 492.1653 522.9044 246.8092 0 519.238 824.187 783.5028 354.0002 369.6923 722.2794 615.3763 586.0149 920.829 846.7091 888.3722 810.215 816.5192 901.6541 832.6522 816.8099 995.4844 734.466 812.5436 783.5312 932.7812 590.4676 766.1305 661.7972 576.8648 844.261 917.8139 289.8383 585.3795 800.7344 575.1843 786.009 
678.2394 446.1086 427.3935 533.3951 448.1014 761.8257 793.2014 750.611 878.2533 637.9296 594.6416 779.8274 512.2946 564.6863 1019.2128 657.9473 766.5442 747.9413000000001 696.8857 617.0729 665.098 503.5391 519.238 0 466.2124 901.6055 847.5351 380.656 382.047 605.1689 724.1032 599.7732 815.6914 551.7831 649.5441 932.6684 925.9793 897.1341 917.8736 814.3875 678.5258 792.7892 737.3157 468.2217 456.3012 796.1364 767.3339000000001 822.0435 634.7481 824.1556 502.3473 745.8981 629.0628 765.3475 420.0351 
651.9413 389.1364 434.4336 709.9104 708.7584999999999 385.2466 814.8987 646.2592 883.4007 813.8337 904.3787 781.5388 771.1037 724.3616 747.328 640.9572 708.5436 775.1238999999999 693.3279 685.8513 874.3199999999999 905.7586 824.187 466.2124 0 435.3931 629.2669 802.3226 848.2594 790.8639 1014.5261 969.0232000000001 1051.8368 663.1812 536.2704 589.7437 831.9612 929.8979 1003.9074 756.5546 618.3857 740.8778 901.5582 632.0589 793.2334 929.5458 549.9502 708.676 691.2157 569.8283 607.0442 845.5930000000001 588.1028 571.2871 469.6667 
967.0289 824.5295 869.8267000000001 639.3646 466.0825 565.5721 995.2242 982.357 789.1682 621.6837 580.4672 797.4083 797.3306 720.1997 645.731 691.3415 799.9384 782.4543 838.9627 716.3979 531.1855 763.5112 783.5028 901.6055 435.3931 0 550.4493 832.8376000000001 702.8064 903.003 734.186 1017.9243999999999 631.9499 599.9389 681.4337 810.446 883.4567000000001 747.7634 786.5662 606.8543 1019.0963999999999 909.1585 676.7556 810.4618 744.5717 655.4663 607.2709 911.3161 721.2335 1005.2214 679.2786 825.8457 889.78 952.2545 856.8308 
711.513 561.5809 523.8179 769.9209 838.8686 725.3 816.4638 883.2794 973.3962 676.1204 735.9853 714.8122 798.6043 910.4659 692.2278 927.8524 997.9993 900.6569999999999 804.5676 817.063 571.6805 550.2195 354.0002 847.5351 629.2669 550.4493 0 466.8791 857.8095000000001 767.787 678.5058 832.5699 719.7523 752.6867 626.6254 708.8446 820.2162 955.9095 975.1865 781.4586 515.9416 961.4032 902.5669 740.1464 928.6090999999999 700.6121 973.9771000000001 633.5478 1066.4368 851.0724 555.2863 670.5261 927.2876000000001 771.7939 840.3893 
675.9911 413.1862 468.5292 531.9904 826.148 875.5204 884.653 620.7158 702.8082 757.8837 647.907 791.0738 607.7072 889.6597 842.0339 662.0127 671.007 476.0438 473.5126 532.9104 384.3113 122.8831 369.6923 380.656 802.3226 832.8376000000001 466.8791 0 390.9304 560.1681 522.0244 619.2796 904.8384000000001 728.9154 882.092 678.9628 779.1811 914.7242 731.8702 864.6534 819.2094999999999 829.046 818.9015 793.1159 599.8908 729.8152 681.6369 616.7047 680.3804 766.5349 238.5313 566.4992 702.0341 541.0959 645.7013 
818.9072 556.1023 561.9736 390.1768 684.3344 506.2903 837.7814 996.0594 951.7108000000001 660.7389 735.5893 594.0628 609.0399 660.7154 637.1658 777.3953 747.0488 731.233 655.6034 430.4193 744.3202 513.8135 722.2794 382.047 848.2594 702.8064 857.8095000000001 390.9304 0 511.688 730.6125 930.4059 953.287 460.8256 945.1346 767.2886 886.2741 980.7688 751.3708 615.7915 896.1566 814.4812 872.5003 743.2337 800.5201 506.9147 901.1632 946.1154 923.2815 856.4863 433.4676 686.7679 583.766 673.9008 741.1335 
530.0142 412.9752 440.6927 719.3252 781.2272 884.4643 753.362 642.4468 1012.7574 893.2044000000001 870.1621 692.2679 446.5748 637.2479 976.6650999999999 684.5822000000001 575.9853 537.1476 612.4525 609.9941 513.1782 531.1737 615.3763 605.1689 790.8639 903.003 767.787 560.1681 511.688 0 423.9547 599.8641 977.9356 681.7678 815.0013 634.8551 868.2562 969.9121 857.9509 678.1639 746.7811999999999 765.7366999999999 923.5505999999999 896.7629999999999 668.8688 924.3793000000001 772.5177 817.6965 615.7785 815.9617 620.323 855.7438 794.4912 781.0754 665.6549 
929.7923000000001 703.8601 763.2909999999999 804.6199 719.1732 969.4448 983.1234000000001 790.7133 951.7024 553.5796 781.7466 491.9355 853.7496 838.0106 859.3377 523.526 595.6477 792.9472 696.8578 806.962 534.7146 501.3917 586.0149 724.1032 1014.5261 734.186 678.5058 522.0244 730.6125 423.9547 0 608.5985 928.9251 716.6087 489.9836 717.5199 692.7001 828.3934 945.6107999999999 837.7412 676.0555 567.1321 712.1208 949.754 754.1658 1040.2191 940.6138000000001 673.3651 958.2901999999999 1072.7883 567.8651 804.9047 638.2786 959.6576 637.4497 
915.2982999999999 708.5507 764.3062 817.0926 897.1859 633.5791 517.8752 511.6295 910.1747 720.6928 754.7219 1033.8588 973.1646 541.9327 849.5445 565.8237 674.4206 622.8862 539.9752 636.8809 976.8118 734.6132 920.829 599.7732 969.0232000000001 1017.9243999999999 832.5699 619.2796 930.4059 599.8641 608.5985 0 721.7608 880.6101 565.3914 868.4704 541.1503 644.6074 793.1567 805.2095 974.9058 617.5875 935.0592 821.8622 643.9344 586.0774 891.4431999999999 870.5829000000001 953.9852000000001 597.5372 776.4688 816.1294 1011.8579 950.2595 778.7308 
740.6673 799.3933 799.2221 743.9326 800.3054 784.6989 861.7552 822.0841 611.1159 832.0599 798.483 934.5308 627.6162 687.6059 858.1763 915.7189 972.2045 710.8036 686.1056 694.7735 520.5271 791.299 846.7091 815.6914 1051.8368 631.9499 719.7523 904.8384000000001 953.287 977.9356 928.9251 721.7608 0 688.7251 515.5664 843.0907 540.0676 631.6776 508.549 584.6875 720.2577 605.3974 697.2294999999999 960.6011 673.9383 509.1817 685.0783 748.1539 565.6196 1070.1955 931.5195000000001 819.1063 950.9306 641.8769 940.0425 
583.9294 551.8118999999999 492.381 213.7485 414.62840000000006 746.5692000000001 568.3501 861.6694 929.7384 899.6138 930.5551 723.9933 657.5723 525.7402 633.4679 561.0951 669.692 534.4724 443.0081 672.0572000000001 681.9787 677.231 888.3722 551.7831 663.1812 599.9389 752.6867 728.9154 460.8256 681.7678 716.6087 880.6101 688.7251 0 576.2361 584.316 855.0775 944.7473 985.2632 660.0604 536.1645 690.0936 812.1967 561.6466 854.3732 830.4137000000001 692.1869 785.652 856.4303 524.3971 766.6772 661.1801 545.094 767.0255999999999 422.4186 
966.9056 845.9227 847.8833999999999 711.2721 647.9354000000001 627.4402 844.1448 671.9104 509.4556 731.6557 736.2413 879.8499 923.8399999999999 692.4366 574.6609 806.6841 879.295 878.5611 782.4717 877.1086 684.4689 775.4028 810.215 649.5441 536.2704 681.4337 626.6254 882.092 945.1346 815.0013 489.9836 565.3914 515.5664 576.2361 0 418.4551 490.41159999999996 486.5304 697.2965 917.7560000000001 623.6336 905.7303 882.2091 944.0151 689.1834 849.5276 615.2782 726.6804 753.6107 786.2991000000001 792.9884 630.4942 903.3257000000001 724.6006 653.811 
825.9529 651.6987 711.1296 476.7356 616.5622 603.2888 941.3783 548.6 818.8466 790.2356 803.1669 936.5677 706.6371 545.6408 888.0852 748.3284 809.0313 701.3644 797.4538 911.6302 886.2088 801.8459 816.5192 932.6684 589.7437 810.446 708.8446 678.9628 767.2886 634.8551 717.5199 868.4704 843.0907 584.316 418.4551 0 436.0306 561.9532 608.5919 966.6020000000001 554.3599 745.6698 962.9067 714.9947 773.0858 465.911 544.9071 645.518 906.3765 839.4983 835.6863 740.3128 484.8706 715.6588 611.5288 
858.466 735.9085 687.304 641.329 843.7418 900.2435 671.4376 702.5627 557.5922 647.9059 615.5103 814.2904 546.166 765.0693 560.9863 930.4337 821.8368 885.8104 908.2849 735.8902 642.17 862.8779 901.6541 925.9793 831.9612 883.4567000000001 820.2162 779.1811 886.2741 868.2562 692.7001 541.1503 540.0676 855.0775 490.41159999999996 436.0306 0 135.6933 827.6343 687.9611 833.4011 613.4891 655.2418 718.7349 645.2691 865.0394 754.7936 787.9024 992.039 755.3165 964.4104 616.9668 883.3933000000001 999.8236 841.5392 
722.7727 605.2273 551.6107 736.1363 895.8688 940.9974 594.3523 674.9283 491.508 734.9543 512.9316 859.848 570.1161 792.0197 678.8549 887.1691 957.5301000000001 954.0129999999999 950.4936 666.5573 777.8633 966.8103 832.6522 897.1341 929.8979 747.7634 955.9095 914.7242 980.7688 969.9121 828.3934 644.6074 631.6776 944.7473 486.5304 561.9532 135.6933 0 691.941 823.6544000000001 832.5688 749.1824 669.9359999999999 589.8978 669.5796 971.3263 619.1003 677.0039 1051.6486 619.6232 923.0987 640.0547 747.7 942.3328 705.8459 
978.4891 844.6025 792.375 829.4047 673.6636 719.871 998.8635999999999 970.3498 908.9838 512.1312 435.4162 899.1241 727.9877 1067.6111 868.8286 751.3941 820.3058 699.4035 734.5636 679.987 424.7521 850.8337 816.8099 917.8736 1003.9074 786.5662 975.1865 731.8702 751.3708 857.9509 945.6107999999999 793.1567 508.549 985.2632 697.2965 608.5919 827.6343 691.941 0 523.4937 651.5758 577.2114 644.1921 580.3269 756.7708 902.3661000000001 597.1293 354.135 712.8960999999999 919.7441 684.6936999999999 783.8312 837.7909 884.6776 952.688 
812.2506 549.4457 490.0148 681.1482 805.8881 473.9473 727.1489 657.2615 731.7522 796.3642 802.1438 567.262 448.0375 854.1045 811.0998 885.5482 776.9513 830.6429 906.2302 889.9342 888.3902 748.6752 995.4844 814.3875 756.5546 606.8543 781.4586 864.6534 615.7915 678.1639 837.7412 805.2095 584.6875 660.0604 917.7560000000001 966.602 687.9611 823.6544 523.4937 0 412.2421 608.7091 873.944 597.9667 680.6011 535.5695000000001 657.4979 745.9916 748.8757 748.0208 787.156 735.0749 688.4313999999999 539.3775 652.3502 
764.145 578.577 607.994 731.8357 560.3814 787.1037 978.2017000000001 900.2897 724.5382 519.9588 771.762 803.1188 300.2064 700.3613 791.437 769.815 772.6283 832.0561 845.0396 550.3385 604.9868 730.1043 734.466 678.5258 618.3857 1019.0963999999999 515.9416 819.2094999999999 896.1566 746.7811999999999 676.0555 974.9058 720.2577 536.1645 623.6336 554.3599 833.4011 832.5688 651.5758 412.2421 0 627.8444 833.4955 787.6449 827.9001 836.7103999999999 610.3722 822.0664 762.295 815.6751 580.6782 507.9816 647.6839 647.0027 779.6263 
748.7452 604.4943 645.5609 476.3451 767.6551 757.6687 973.5059 744.3624 522.2772 386.4739 597.2879 744.611 567.7361 872.4346 458.0694 612.5775 640.1464 794.6659 725.3437 570.3587 501.1492 706.1629 812.5436 792.7892 740.8778 909.1585 961.4032 829.046 814.4812 765.7366999999999 567.1321 617.5875 605.3974 690.0936 905.7303 745.6698 613.4891 749.1824 577.2114 608.7091 627.8444 0 630.3805 661.9505 682.4817 767.4628 680.7349 931.3464 813.8958 943.5308 801.9867 802.6238 500.4003 798.4477 771.1064 
734.5647 554.8523 613.5326 622.7178 840.6669 975.0798 960.4847 898.5386000000001 586.384 315.0177 654.4228 760.3641 642.68 740.85 859.2104 766.9334 673.1325 604.2682 535.1197 508.9509 744.6841 757.4202 783.5312 737.3157 901.5582 676.7556 902.5669 818.9015 872.5003 923.5505999999999 712.1208 935.0592 697.2294999999999 812.1967 882.2091 962.9067 655.2418 669.9359999999999 644.1921 873.944 833.4955 630.3805 0 312.1063 594.9328 999.0913 847.4303 900.0348 810.2911 931.2629 595.0868 675.7975 520.5455 706.205 570.5824 
646.2921 485.7734 456.0703 615.4964 581.7628 706.9901 1039.5702 699.2954 898.4902999999999 562.3529 840.5972 974.9467 614.9501 774.4704 912.9476 550.3309 607.7018 780.4944999999999 684.4051 478.9191 801.3095 865.1076 932.7812 468.2217 632.0589 810.4618 740.1464 793.1159 743.2337 896.7629999999999 949.754 821.8622 960.6011 561.6466 944.0151 714.9947 718.7349 589.8978 580.3269 597.9667 787.6449 661.9505 312.1063 0 382.7347 821.548 719.2976 905.0936 792.3008 954.8388 907.1931 830.8989 829.182 976.1515 480.7181 
681.3576 572.4764 522.288 640.6247 864.0152 809.2767 656.8355 696.4239 600.5793 458.5947 654.0351 860.7352 747.6628 805.1838 725.2484 520.66 609.5484 578.3196 643.8328 620.9098 830.4415 482.3729 590.4676 456.3012 793.2334 744.5717 928.6090999999999 599.8908 800.5201 668.8688 754.1658 643.9344 673.9383 854.3732 689.1834 773.0858 645.2691 669.5796 756.7708 680.6011 827.9001 682.4817 594.9328 382.7347 0 650.33 624.4379 824.5503 505.8207 572.1041 606.1524 904.6429 669.0564 698.5312 537.0185 
935.0178999999999 672.213 686.9897 630.0349 617.1373 905.9647 624.3266 896.4067 604.7561 748.1076 683.7997 608.6282 536.504 982.2071000000001 769.1412 885.8525 782.5046 793.6373 817.608 736.0922 630.868 700.7874 766.1305 796.1364 929.5458 655.4663 700.6121 729.8152 506.9147 924.3793000000001 1040.2191 586.0774 509.1817 830.4137000000001 849.5276 465.911 865.0394 971.3263 902.3661000000001 535.5695000000001 836.7103999999999 767.4628 999.0913 821.548 650.33 0 560.741 869.9305 1067.2226 643.0369 618.9464999999999 818.5107 581.449 610.5643 532.6801 
830.9752 633.8359 591.8586 659.9786 563.9213 888.7772 662.763 930.2077999999999 732.8777 545.9572 603.6121 754.9294 786.1295 881.7704 954.3111 559.8333 565.8458 768.6412 674.0429 904.2617 505.6352 646.6368 661.7972 767.3339000000001 549.9502 607.2709 973.9771000000001 681.6369 901.1632 772.5177 940.6138000000001 891.4431999999999 685.0783 692.1869 615.2782 544.9071 754.7936 619.1003 597.1293 657.4979 610.3722 680.7349 847.4303 719.2976 624.4379 560.741 0 340.4293 839.3756000000001 823.0948000000001 565.4886 579.0943 649.3555 758.563 442.0833 
1039.2219 776.4169999999999 716.9861 714.7549 693.154 977.0889 970.0209 886.2928 1001.0575 598.3613 787.3296 980.327 836.1172 992.0736999999999 613.8818 747.7016 856.2985 733.7523 809.0154 746.06 756.089 739.5878 576.8648 822.0435 708.676 911.3161 633.5478 616.7047 946.1154 817.6965 673.3651 870.5829000000001 748.1539 785.652 726.6804 645.518 787.9024 677.0039 354.135 745.9916 822.0664 931.3464 900.0348 905.0936 824.5503 869.9305 340.4293 0 931.5477000000001 953.7601999999999 848.1121 801.233 778.4479 1038.0118 761.6082 
817.1192 893.9176 834.4867 771.2872 765.1609000000001 433.2201 829.3651 867.4159 887.2205999999999 500.5027 724.1726 749.0195 583.8861 902.5504 431.0527 693.6731 802.27 635.1028 539.0134 645.6206000000001 940.156 800.2964999999999 844.261 634.7481 691.2157 721.2335 1066.4368 680.3804 923.2815 615.7785 958.2901999999999 953.9852000000001 565.6196 856.4303 753.6107 906.3765 992.039 1051.6486 712.8960999999999 748.8757 762.295 813.8958 810.2911 792.3008 505.8207 1067.2226 839.3756000000001 931.5477000000001 0 754.3443 784.1233 504.8012 784.4474 980.7636 743.542 
726.786 894.659 945.8189 722.748 627.0321 481.3968 911.0489 717.7146 724.0478 966.0320999999999 983.0977 587.0395 808.5348 846.9261 974.1993 962.3849 953.5612 849.4706 848.194 801.5 857.0435 671.0047 917.8139 824.1556 569.8283 1005.2214 851.0724 766.5349 856.4863 815.9617 1072.7883 597.5372 1070.1955 524.3971 786.2991000000001 839.4983 755.3165 619.6232 919.7441 748.0208 815.6751 943.5308 931.2629 954.8388 572.1041 643.0369 823.0948000000001 953.7601999999999 754.3443 0 708.8058 968.1940999999999 700.0097 584.2539 763.203 
751.2158 619.9164 599.9103 586.1975 623.1624 710.7448 649.165 668.9107 590.3565 839.42 599.3384 827.2335 685.7609 878.9141 707.886 474.9054 583.0351 486.0933 497.6539 599.0011 462.6781 318.6915 289.8383 502.3473 607.0442 679.2786 555.2863 238.5313 433.4676 620.323 567.8651 776.4688 931.5195000000001 766.6772 792.9884 835.6863 964.4104 923.0987 684.6936999999999 787.156 580.6782 801.9867 595.0868 907.1931 606.1524 618.9464999999999 565.4886 848.1121 784.1233 708.8058 0 498.5298 763.1197 543.3475 700.9153 
724.0536 791.9309 773.6411 844.4316 749.4031 903.8146 1047.7838 576.4160999999999 589.5605 864.0818 682.6121 565.0931 466.8726 597.849 935.8539000000001 646.0073 638.8252 747.9934 764.5272 478.18919999999997 682.4137 651.4182000000001 585.3795 745.8981 845.5930000000001 825.8457 670.5261 566.4992 686.7679 855.7438 804.9047 816.1294 819.1063 661.1801 630.4942 740.3128 616.9668 640.0547 783.8312 735.0749 507.9816 802.6238 675.7975 830.8989 904.6429 818.5107 579.0943 801.233 504.8012 968.1940999999999 498.5298 0 817.9683 686.3732 781.2702 
637.1819 458.665 506.377 627.0448 635.0257 828.1134 634.2052 626.0008 798.8844 708.0873 628.6676 562.9011 740.4635 1030.5114 584.2236 613.3758 721.9727 798.587 716.791 550.5071 806.42 649.7453 800.7344 629.0628 588.1028 889.78 927.2876000000001 702.0341 583.766 794.4912 638.2786 1011.8579 950.9306 545.094 903.3257000000001 484.8706 883.3933000000001 747.7 837.7909 688.4313999999999 647.6839 500.4003 520.5455 829.182 669.0564 581.449 649.3555 778.4479 784.4474 700.0097 763.1197 817.9683 0 807.2865 624.4795 
566.1961 626.9863 686.4172 632.3004 633.3584 822.1178 562.1708 964.3066 626.2611 856.6662 873.0238 705.9808 799.5116 563.6856 721.7228 1018.2529 915.1324999999999 738.2946 642.2052 577.7488 819.3242 523.8287 575.1843 765.3475 571.2871 952.2545 771.7939 541.0959 673.9008 781.0754 959.6576 950.2595 641.8769 767.0255999999999 724.6006 715.6588 999.8236 942.3328 884.6776 539.3775 647.0027 798.4477 706.205 976.1515 698.5312 610.5643 758.563 1038.0118 980.7636 584.2539 543.3475 686.3732 807.2865 0 628.5217 
476.4961 278.8084 324.6127 415.1983 390.7483 547.1691 686.0792 959.8163 911.5318 816.1724 621.3729 974.0958999999999 932.3297 856.0880000000001 783.7454 627.3586 666.5458 620.5094 716.5988 515.4701 777.4245000000001 683.2956999999999 786.009 420.0351 469.6667 856.8308 840.3893 645.7013 741.1334999999999 665.6549 637.4497 778.7308 940.0425 422.4186 653.811 611.5288 841.5392 705.8459 952.688 652.3502 779.6263 771.1064 570.5824 480.7181 537.0185 532.6801 442.0833 761.6082 743.542 763.203 700.9153 781.2702 624.4795 628.5217 0 
