17
7 14 5 21 30 22 23 12 9 10 2 48 3 8 19 11 1
0 323.0 815.0 391.0 572.0 937.0 688.0 852.0 637.0 812.0 539.0 624.0 684.0 722.0 723.0 865.0 387.0 
323.0 0 492.0 714.0 895.0 1036.0 998.0 957.0 960.0 909.0 862.0 947.0 1007.0 953.0 998.0 682.0 710.0 
815.0 492.0 0 441.0 738.0 544.0 506.0 571.0 813.0 988.0 566.0 481.0 668.0 762.0 680.0 447.0 463.0 
391.0 714.0 441.0 0 907.0 985.0 675.0 838.0 798.0 973.0 697.0 612.0 799.0 931.0 788.0 786.0 778.0 
572.0 895.0 738.0 907.0 0 365.0 679.0 843.0 732.0 833.0 597.0 512.0 699.0 676.0 867.0 1047.0 749.0 
937.0 1036.0 544.0 985.0 365.0 0 314.0 478.0 367.0 468.0 922.0 877.0 1049.0 1041.0 1060.0 967.0 770.0 
688.0 998.0 506.0 675.0 679.0 314.0 0 164.0 406.0 581.0 608.0 693.0 735.0 732.0 746.0 746.0 456.0 
852.0 957.0 571.0 838.0 843.0 478.0 164.0 0 242.0 417.0 772.0 857.0 899.0 896.0 898.0 582.0 620.0 
637.0 960.0 813.0 798.0 732.0 367.0 406.0 242.0 0 175.0 921.0 1006.0 943.0 927.0 916.0 600.0 862.0 
812.0 909.0 988.0 973.0 833.0 468.0 581.0 417.0 175.0 0 746.0 831.0 1007.0 1027.0 1091.0 775.0 898.0 
539.0 862.0 566.0 697.0 597.0 922.0 608.0 772.0 921.0 746.0 0 85.0 272.0 451.0 488.0 804.0 152.0 
624.0 947.0 481.0 612.0 512.0 877.0 693.0 857.0 1006.0 831.0 85.0 0 187.0 366.0 557.0 873.0 237.0 
684.0 1007.0 668.0 799.0 699.0 1049.0 735.0 899.0 943.0 1007.0 272.0 187.0 0 179.0 370.0 686.0 297.0 
722.0 953.0 762.0 931.0 676.0 1041.0 732.0 896.0 927.0 1027.0 451.0 366.0 179.0 0 191.0 507.0 476.0 
723.0 998.0 680.0 788.0 867.0 1060.0 746.0 898.0 916.0 1091.0 488.0 557.0 370.0 191.0 0 316.0 336.0 
865.0 682.0 447.0 786.0 1047.0 967.0 746.0 582.0 600.0 775.0 804.0 873.0 686.0 507.0 316.0 0 652.0 
387.0 710.0 463.0 778.0 749.0 770.0 456.0 620.0 862.0 898.0 152.0 237.0 297.0 476.0 336.0 652.0 0 
