19
42 38 27 21 12 33 48 9 26 43 46 19 14 49 15 50 23 28 47
0 6.01792 12.71678 18.60419 26.13045 27.24919 18.4378 28.29238 19.43195 24.47446 31.42934 23.99708 25.78745 19.48189 28.09546 29.30802 25.92086 13.50348 6.33751 
6.01792 0 6.69886 12.586269999999999 20.11253 28.6742 24.45572 34.3103 25.44987 30.49238 37.44726 26.30163 19.94055 13.63499 22.248559999999998 27.446869999999997 19.9939 19.5214 12.35543 
12.71678 6.69886 0 5.88741 13.41367 21.97534 30.72831 30.5349 32.14873 37.19124 35.12328 19.60277 13.24169 6.93613 15.5497 20.74801 13.29504 26.220260000000003 19.05429 
18.60419 12.586269999999999 5.88741 0 7.52626 16.08793 24.89932 36.422309999999996 38.03614 43.07865 41.01069 25.49018 19.1291 12.823540000000001 15.617709999999999 20.816019999999998 7.40763 28.15935 22.95021 
26.13045 20.11253 13.41367 7.52626 0 8.56167 17.37306 39.44334 41.02155 46.06406 44.32364 33.01644 26.65536 20.349800000000002 23.14397 28.34228 14.93389 33.22175 30.47647 
27.24919 28.6742 21.97534 16.08793 8.56167 0 8.81139 30.88167 32.45988 37.50239 35.76197 37.52146 35.21703 28.91147 31.705640000000002 31.897309999999997 23.49556 24.66008 23.23103 
18.4378 24.45572 30.72831 24.89932 17.37306 8.81139 0 22.07028 23.64849 28.691 26.950580000000002 28.71007 35.26511 36.897800000000004 28.28423 23.08592 32.30695 31.94128 24.775309999999998 
28.29238 34.3103 30.5349 36.42231 39.44334 30.88167 22.07028 0 33.50307 38.54558 36.80516 32.44063 38.99567 36.704390000000004 28.09082 22.89251 36.3009 41.795860000000005 34.62989 
19.43195 25.44987 32.14873 38.03614 41.02155 32.45988 23.64849 33.50307 0 5.04251 11.99739 16.08786 22.642899999999997 28.948459999999997 33.26066 28.062350000000002 35.387429999999995 32.935430000000004 25.769460000000002 
24.47446 30.49238 37.19124 43.07865 46.06406 37.50239 28.691 38.54558 5.04251 0 6.95488 21.13037 27.685409999999997 33.99097 38.30317 33.10486 40.429939999999995 37.977940000000004 30.811970000000002 
31.42934 37.44726 35.12328 41.010690000000004 44.32364 35.76197 26.95058 36.80516 11.99739 6.95488 0 15.520510000000002 22.07555 28.38111 32.69331 27.494999999999997 34.82008 40.346050000000005 33.180080000000004 
23.997079999999997 26.30163 19.60277 25.49018 33.016439999999996 37.521460000000005 28.71007 32.44063 16.08786 21.13037 15.520510000000002 0 6.55504 12.8606 21.47417 22.67732 19.29957 24.825539999999997 17.65957 
25.78745 19.94055 13.24169 19.1291 26.65536 35.21703 35.26511 38.995670000000004 22.6429 27.68541 22.07555 6.55504 0 6.30556 14.91913 20.11744 12.744530000000001 26.61591 19.44994 
19.48189 13.63499 6.93613 12.823540000000001 20.349800000000002 28.91147 36.897800000000004 36.704390000000004 28.948459999999997 33.99097 28.38111 12.8606 6.30556 0 8.61357 13.811879999999999 6.43897 20.31035 13.144380000000002 
28.095460000000003 22.248559999999998 15.5497 15.617709999999999 23.14397 31.70564 28.28423 28.09082 33.26066 38.30317 32.693310000000004 21.47417 14.91913 8.61357 0 5.19831 8.21008 28.923920000000003 21.75795 
29.30802 27.44687 20.74801 20.81602 28.342280000000002 31.897309999999997 23.085919999999998 22.89251 28.062350000000002 33.10486 27.495 22.677319999999998 20.11744 13.811879999999999 5.19831 0 13.40839 34.122229999999995 26.956259999999997 
25.920859999999998 19.9939 13.29504 7.40763 14.93389 23.495559999999998 32.30695 36.3009 35.38743 40.42994 34.820080000000004 19.299570000000003 12.744530000000001 6.43897 8.21008 13.40839 0 26.749319999999997 19.58335 
13.50348 19.5214 26.22026 28.15935 33.22175 24.66008 31.94128 41.795860000000005 32.935430000000004 37.977940000000004 40.346050000000005 24.82554 26.61591 20.31035 28.92392 34.12223 26.74932 0 7.16597 
6.33751 12.35543 19.05429 22.950210000000002 30.476470000000003 23.23103 24.775309999999998 34.62989 25.76946 30.81197 33.180080000000004 17.659570000000002 19.44994 13.144380000000002 21.75795 26.95626 19.583350000000003 7.16597 0 
