20
Home49 Home83 Home63 Home69 Home84 Home82 Home80 Home45 Home9 Home85 Home88 Home24 Home39 Home41 Home71 Home78 Home55 Home30 Home48 Home46
0 4.54485 6.70319 14.5167 15.15487 12.46798 22.34392 13.822610000000001 3.61035 8.70628 5.53026 12.67018 15.69533 13.43176 13.67619 15.83813 15.1571 12.31431 10.2995 3.6619 
4.54485 0 2.15834 9.97185 17.345399999999998 17.012829999999997 26.888769999999997 18.36746 8.1552 13.25113 10.07511 17.21503 11.15048 8.88691 16.096049999999998 18.34283 19.701950000000004 16.859160000000003 14.844349999999999 8.20675 
6.70319 2.15834 0 7.81351 15.187059999999999 19.17117 29.04711 20.5258 10.31354 15.40947 12.233450000000001 16.218400000000003 13.308819999999999 11.04525 18.25439 20.501170000000002 20.57094 17.72815 17.00269 10.36509 
14.5167 9.97185 7.81351 0 7.37355 15.549930000000002 25.425870000000003 16.46084 12.220040000000001 23.22298 20.04696 14.631530000000001 20.93796 18.85876 23.130280000000003 22.478070000000002 16.081020000000002 13.238230000000001 13.381450000000001 18.1786 
15.15487 17.345399999999998 15.187059999999999 7.37355 0 8.17638 18.05232 23.834390000000003 18.76522 19.11174 15.935720000000002 7.25798 13.56441 15.82798 15.756730000000001 15.10452 8.70747 5.86468 6.0079 12.6455 
12.46798 17.01283 19.17117 15.54993 8.17638 0 9.87594 22.49126 16.07833 14.56201 11.385990000000001 11.48695 11.99307 14.256639999999999 7.58035 9.82713 10.692779999999999 7.84999 2.16848 8.80608 
22.34392 26.88877 29.04711 25.425870000000003 18.05232 9.87594 0 12.61532 22.82758 24.43795 21.26193 21.36289 21.63891 23.90248 17.22619 19.47297 20.33862 17.495829999999998 12.04442 18.68202 
13.822610000000001 18.36746 20.5258 16.46084 23.83439 22.49126 12.61532 0 10.21226 22.528890000000004 19.352870000000003 26.49279 29.517940000000003 27.25437 23.01389 23.50293 21.71189 18.8691 24.12211 17.48451 
3.61035 8.1552 10.31354 12.220040000000001 18.76522 16.078329999999998 22.82758 10.21226 0 12.31663 9.14061 16.28053 19.305680000000002 17.04211 17.28654 19.44848 16.71658 13.87379 13.909849999999999 7.27225 
8.70628 13.25113 15.409469999999999 23.22298 19.11174 14.56201 24.43795 22.52889 12.31663 0 3.17602 15.834959999999999 15.301549999999999 17.56512 22.14236 22.31049 21.85154 19.00875 16.73049 12.368179999999999 
5.53026 10.07511 12.233450000000001 20.046960000000002 15.935720000000002 11.385990000000001 21.26193 19.352870000000003 9.14061 3.17602 0 12.65894 12.12553 14.3891 18.966340000000002 19.13447 18.67552 15.83273 13.554470000000002 9.192160000000001 
12.67018 17.21503 16.218400000000003 14.63153 7.25798 11.48695 21.36289 26.49279 16.28053 15.834959999999999 12.65894 0 9.56871 11.832279999999999 18.73687 16.49009 12.087530000000001 13.12266 9.31847 15.95607 
15.69533 11.15048 13.30882 20.93796 13.56441 11.99307 21.63891 29.51794 19.30568 15.301549999999999 12.12553 9.56871 0 2.26357 9.47271 11.71949 14.741970000000002 13.43136 14.16155 19.35723 
13.43176 8.88691 11.04525 18.85876 15.82798 14.256639999999999 23.902479999999997 27.25437 17.04211 17.56512 14.3891 11.832279999999999 2.26357 0 7.20914 9.455919999999999 15.85297 15.69493 16.42512 17.09366 
13.67619 16.096049999999998 18.254389999999997 23.13028 15.756730000000001 7.58035 17.22619 23.01389 17.28654 22.142360000000004 18.966340000000002 18.73687 9.47271 7.20914 0 2.24678 8.643830000000001 11.486620000000002 9.74883 12.51156 
15.83813 18.34283 20.50117 22.478070000000002 15.10452 9.82713 19.47297 23.50293 19.44848 22.31049 19.13447 16.490090000000002 11.719489999999999 9.455919999999999 2.24678 0 6.39705 9.239840000000001 11.995610000000001 12.17623 
15.1571 19.70195 20.57094 16.081020000000002 8.70747 10.69278 20.33862 21.71189 16.71658 21.85154 18.67552 12.08753 14.741969999999998 15.852970000000001 8.643830000000001 6.39705 0 2.84279 12.861260000000001 18.57328 
12.31431 16.859160000000003 17.72815 13.23823 5.86468 7.84999 17.495829999999998 18.8691 13.87379 19.008750000000003 15.832730000000002 13.12266 13.43136 15.69493 11.486620000000002 9.239840000000001 2.84279 0 10.01847 15.976210000000002 
10.2995 14.84435 17.00269 13.381450000000001 6.0079 2.16848 12.04442 24.122110000000003 13.90985 16.73049 13.55447 9.31847 14.16155 16.42512 9.74883 11.99561 12.861260000000001 10.01847 0 6.6376 
3.6619 8.20675 10.365089999999999 18.1786 12.6455 8.80608 18.68202 17.48451 7.27225 12.36818 9.192160000000001 15.95607 19.35723 17.09366 12.51156 12.17623 18.57328 15.97621 6.6376 0 
