31
11111lI lI1l111 l1lllll l1IllI1 1llI111 lll1I1l lIllIll II11l1l lIIl11l 11lII11 l1IIl1l I11I111 ll111ll l1lll11 IIlI1lI llIIII1 I111I1I lI11III IlI1II1 11lI11I 111lI1I 1111I11 l1l11l1 1lIl11I 1I1I1lI IIlIllI I1llll1 IIl1l1I lIIlII1 11IIII1 lllIl1I
0 0.00045 0.00091 0.00127 0.0013900000000000002 0.00185 0.0027 0.00125 0.0014 0.00095 0.0015 0.0019000000000000002 0.00277 0.00111 0.00144 0.00211 0.0023899999999999998 0.00168 0.00181 0.00189 0.00143 0.00136 0.00204 0.00186 0.00258 0.0025700000000000002 0.00227 0.00158 0.00193 0.00161 0.00252 
0.00045 0 0.00046 0.00124 0.00136 0.0014 0.0023 0.0017000000000000001 0.00174 0.0010999999999999998 0.00113 0.0018700000000000001 0.00285 0.00114 0.00182 0.00179 0.00194 0.00213 0.00216 0.00184 0.00098 0.00091 0.00159 0.0018899999999999998 0.00237 0.00212 0.00208 0.00138 0.00208 0.0018700000000000001 0.00278 
0.00091 0.00046 0 0.00078 0.0009 0.00094 0.00195 0.0018599999999999999 0.0015999999999999999 0.00064 0.0015899999999999998 0.00141 0.0023899999999999998 0.00068 0.0015199999999999999 0.00207 0.0024000000000000002 0.00204 0.00198 0.0013800000000000002 0.00142 0.00135 0.0019299999999999999 0.0014299999999999998 0.0026899999999999997 0.0024999999999999996 0.00176 0.00181 0.00224 0.00141 0.00232 
0.0012699999999999999 0.00124 0.00078 0 0.00012 0.00086 0.0018700000000000001 0.00154 0.0012799999999999999 0.00031999999999999997 0.00093 0.00063 0.0016099999999999999 0.00035999999999999997 0.0012 0.0017499999999999998 0.00187 0.0015199999999999999 0.00139 0.00106 0.0011 0.00103 0.00161 0.0011099999999999999 0.00216 0.0021799999999999996 0.00144 0.00149 0.00192 0.00109 0.002 
0.00139 0.00136 0.0009 0.00012 0 0.00074 0.00175 0.00163 0.0014 0.00043999999999999996 0.00105 0.00075 0.00173 0.00047999999999999996 0.00132 0.0018700000000000001 0.00199 0.00164 0.00151 0.00105 0.00122 0.00115 0.00173 0.00123 0.00228 0.0023 0.0015600000000000002 0.0016099999999999999 0.00201 0.00121 0.00212 
0.00185 0.0014 0.00094 0.00086 0.00074 0 0.00101 0.00154 0.00125 0.0011799999999999998 0.00179 0.00149 0.00223 0.00122 0.00129 0.00184 0.0020800000000000003 0.0015899999999999998 0.00146 0.00172 0.00144 0.00151 0.00205 0.00197 0.0022299999999999998 0.00248 0.00166 0.00197 0.00192 0.00125 0.00216 
0.0027 0.0023 0.00195 0.0018700000000000001 0.00175 0.00101 0 0.00145 0.0018999999999999998 0.00219 0.0028 0.0025 0.00324 0.0021999999999999997 0.0019399999999999999 0.00249 0.00275 0.0026 0.00247 0.00225 0.00146 0.00153 0.00207 0.00295 0.003 0.00289 0.00263 0.00208 0.00213 0.00226 0.00215 
0.00125 0.0017000000000000001 0.0018599999999999999 0.00154 0.00163 0.00154 0.00145 0 0.00045 0.00164 0.0023899999999999998 0.00148 0.00246 0.00148 0.00049 0.00116 0.0013 0.0019399999999999999 0.00181 0.00117 0.0008799999999999999 0.00081 0.00149 0.00223 0.00242 0.00217 0.00133 0.00063 0.00068 0.00174 0.00265 
0.0014 0.00174 0.0015999999999999999 0.0012799999999999999 0.0014 0.00125 0.0018999999999999998 0.00045 0 0.00146 0.00198 0.0015300000000000001 0.0021200000000000004 0.0013 8e-05 0.00075 0.0010400000000000001 0.00165 0.00152 0.00162 0.00114 0.00121 0.00189 0.00205 0.00229 0.00188 0.00178 0.00108 0.00113 0.002 0.0029100000000000003 
0.00095 0.0010999999999999998 0.00064 0.00031999999999999997 0.00043999999999999996 0.00118 0.00219 0.00164 0.00146 0 0.00125 0.00095 0.0019299999999999999 0.00016 0.0015 0.00173 0.00191 0.00158 0.00146 0.00094 0.0009 0.00083 0.00151 0.00091 0.00217 0.00192 0.00132 0.00143 0.00224 0.00119 0.0021000000000000003 
0.0015 0.00113 0.0015899999999999998 0.00093 0.00105 0.00179 0.0028 0.0023899999999999998 0.00198 0.00125 0 0.00156 0.0025399999999999997 0.0012900000000000001 0.0019 0.00245 0.00211 0.0016099999999999999 0.00148 0.00199 0.00203 0.00196 0.00254 0.00204 0.00225 0.002 0.00237 0.002 0.00283 0.00202 0.00293 
0.0019 0.0018700000000000001 0.00141 0.00063 0.00075 0.00149 0.0025 0.00148 0.0015300000000000001 0.00095 0.00156 0 0.00098 0.00099 0.0014500000000000001 0.0021 0.0022 0.00156 0.00143 0.00102 0.00173 0.00166 0.0022400000000000002 0.0017399999999999998 0.0022 0.00195 0.0018900000000000002 0.0017699999999999999 0.00216 0.0017200000000000002 0.0026300000000000004 
0.00277 0.0028499999999999997 0.0023899999999999998 0.0016099999999999999 0.00173 0.00223 0.00324 0.00246 0.0021200000000000004 0.0019299999999999999 0.0025399999999999997 0.00098 0 0.00197 0.00204 0.0026699999999999996 0.00226 0.0025399999999999997 0.00241 0.002 0.00204 0.00197 0.00265 0.0027199999999999998 0.00291 0.00266 0.00253 0.00183 0.00314 0.0026999999999999997 0.0036099999999999995 
0.00111 0.00114 0.00068 0.00035999999999999997 0.00047999999999999996 0.00122 0.0021999999999999997 0.00148 0.0013 0.00016 0.00129 0.00099 0.00197 0 0.00138 0.00189 0.0017499999999999998 0.0014299999999999998 0.0013 0.00098 0.00074 0.00067 0.00135 0.00095 0.00201 0.00182 0.00136 0.00147 0.00216 0.00135 0.00226 
0.00144 0.00182 0.0015199999999999999 0.0012 0.00132 0.00129 0.0019399999999999999 0.00049 8e-05 0.0015 0.0019 0.0014500000000000001 0.00204 0.00138 0 0.00067 0.00108 0.00157 0.00144 0.00158 0.00106 0.00113 0.00181 0.0021300000000000004 0.00221 0.00196 0.00178 0.00112 0.00117 0.00192 0.00283 
0.00211 0.00179 0.00207 0.0017499999999999998 0.00187 0.00184 0.00249 0.00116 0.00075 0.00173 0.00245 0.0021 0.0026699999999999996 0.00189 0.00067 0 0.00041 0.00115 0.00102 0.0019 0.0016099999999999999 0.0016799999999999999 0.0022 0.00249 0.00177 0.00152 0.00165 0.00149 0.00172 0.00235 0.00326 
0.00239 0.00194 0.0024000000000000002 0.00187 0.00199 0.0020800000000000003 0.00275 0.0013 0.0010400000000000001 0.0019099999999999998 0.00211 0.0022 0.00226 0.0017499999999999998 0.00108 0.00041 0 0.00076 0.0008900000000000001 0.0015300000000000001 0.00202 0.00209 0.00183 0.0020800000000000003 0.0014 0.00115 0.0019199999999999998 0.00122 0.00198 0.00194 0.00285 
0.00168 0.00213 0.00204 0.0015199999999999999 0.00164 0.0015899999999999998 0.0026 0.0019399999999999999 0.00165 0.00158 0.0016099999999999999 0.00156 0.0025399999999999997 0.0014299999999999998 0.00157 0.00115 0.00076 0 0.00013 0.0010299999999999999 0.00208 0.0020099999999999996 0.0013299999999999998 0.00166 0.0009 0.00115 0.0017800000000000001 0.0016699999999999998 0.00238 0.00235 0.00309 
0.00181 0.00216 0.00198 0.00139 0.00151 0.00146 0.00247 0.00181 0.00152 0.00146 0.00148 0.00143 0.00241 0.0013 0.00144 0.00102 0.0008900000000000001 0.00013 0 0.0009 0.00195 0.00188 0.0012 0.0015300000000000001 0.00077 0.0012799999999999999 0.00167 0.00154 0.00245 0.00228 0.00319 
0.00189 0.00184 0.0013800000000000002 0.00106 0.00105 0.0017200000000000002 0.00225 0.00117 0.00162 0.00094 0.00199 0.00102 0.002 0.00098 0.00158 0.0019 0.0015300000000000001 0.0010299999999999999 0.0009 0 0.0012 0.00113 0.00124 0.00134 0.00165 0.0014000000000000002 0.00185 0.00149 0.00155 0.00171 0.00262 
0.0014299999999999998 0.00098 0.00142 0.0011 0.00122 0.00144 0.00146 0.0008799999999999999 0.00114 0.0009 0.00203 0.00173 0.00204 0.00074 0.00106 0.0016099999999999999 0.00202 0.00208 0.00195 0.0012 0 7e-05 0.00075 0.00149 0.00168 0.00143 0.00158 0.00151 0.00156 0.0019099999999999998 0.0028199999999999996 
0.00136 0.00091 0.00135 0.00103 0.00115 0.00151 0.00153 0.00081 0.00121 0.00083 0.00196 0.00166 0.00197 0.00067 0.00113 0.00168 0.00209 0.00201 0.00188 0.00113 7e-05 0 0.00068 0.00142 0.0016099999999999999 0.00136 0.00165 0.0014399999999999999 0.00149 0.00184 0.00275 
0.00204 0.00159 0.0019299999999999999 0.00161 0.00173 0.00205 0.00207 0.00149 0.00189 0.00151 0.00254 0.0022400000000000002 0.00265 0.00135 0.00181 0.0022 0.00183 0.0013299999999999998 0.0012 0.00124 0.00075 0.00068 0 0.00097 0.00093 0.00204 0.00219 0.00212 0.00207 0.0025199999999999997 0.00343 
0.00186 0.0018899999999999998 0.0014299999999999998 0.0011099999999999999 0.00123 0.00197 0.00295 0.00223 0.00205 0.00091 0.00204 0.0017399999999999998 0.0027199999999999998 0.00095 0.0021300000000000004 0.00249 0.0020800000000000003 0.00166 0.0015300000000000001 0.00134 0.00149 0.00142 0.00097 0 0.0012599999999999998 0.0027400000000000002 0.00211 0.0022199999999999998 0.00289 0.0021 0.0030099999999999997 
0.00258 0.0023699999999999997 0.0026899999999999997 0.00216 0.00228 0.0022299999999999998 0.003 0.00242 0.0022900000000000004 0.00217 0.00225 0.0022 0.00291 0.00201 0.00221 0.00177 0.0014 0.0009 0.00077 0.00165 0.0016799999999999999 0.0016099999999999999 0.00093 0.0012599999999999998 0 0.0020499999999999997 0.00242 0.00231 0.003 0.0030499999999999998 0.00396 
0.00257 0.00212 0.0024999999999999996 0.0021799999999999996 0.0022999999999999995 0.00248 0.00289 0.00217 0.00188 0.00192 0.002 0.00195 0.00266 0.00182 0.00196 0.00152 0.00115 0.00115 0.0012799999999999999 0.0014000000000000002 0.00143 0.00136 0.00204 0.0027400000000000002 0.0020499999999999997 0 0.00217 0.00206 0.00285 0.0028 0.0037099999999999998 
0.00227 0.00208 0.00176 0.00144 0.0015600000000000002 0.00166 0.00263 0.00133 0.00178 0.00132 0.00237 0.0018900000000000002 0.00253 0.00136 0.00178 0.00165 0.0019199999999999998 0.0017800000000000001 0.00167 0.00185 0.00158 0.00165 0.00219 0.00211 0.00242 0.00217 0 0.0007 0.00201 0.00215 0.0027 
0.00158 0.00138 0.00181 0.00149 0.0016099999999999999 0.00197 0.00208 0.00063 0.00108 0.00143 0.002 0.0017699999999999999 0.00183 0.00147 0.00112 0.00149 0.00122 0.0016699999999999998 0.00154 0.00149 0.0015099999999999998 0.0014399999999999999 0.00212 0.00222 0.00231 0.00206 0.0007 0 0.00131 0.00201 0.00292 
0.00193 0.00208 0.00224 0.00192 0.00201 0.00192 0.00213 0.00068 0.00113 0.00224 0.00283 0.00216 0.00314 0.00216 0.00117 0.00172 0.00198 0.00238 0.00245 0.00155 0.00156 0.00149 0.00207 0.00289 0.003 0.00285 0.00201 0.00131 0 0.00106 0.00197 
0.00161 0.0018700000000000001 0.00141 0.00109 0.00121 0.00125 0.00226 0.00174 0.002 0.00119 0.00202 0.0017200000000000002 0.0027 0.00135 0.00192 0.00235 0.00194 0.00235 0.00228 0.00171 0.00191 0.00184 0.0025199999999999997 0.0021 0.0030499999999999998 0.0028 0.00215 0.00201 0.00106 0 0.00091 
0.00252 0.00278 0.00232 0.002 0.00212 0.00216 0.00215 0.00265 0.0029100000000000003 0.0021000000000000003 0.00293 0.00263 0.00361 0.00226 0.00283 0.00326 0.00285 0.00309 0.0031899999999999997 0.00262 0.00282 0.00275 0.00343 0.0030099999999999997 0.00396 0.0037099999999999998 0.0027 0.00292 0.00197 0.00091 0 
