36
N26J6EU AETBJC WQM0D4 R2POU4T V7T5SI VNCFO YKTEQKEL EHS8A FPB1OLF3 59E13RE U0LMCHUU JSSS9HX B86761T SKLZM PL0UHK F1G8HC 6WSDW 5N65HLXKU B0H9VDIK IQXEPH9QO S657MFMG 19LN RX6VI SUC1CH QL51A0KUT O2N6HBZK8 7CRTCJA RHCPZZ8Q 07XQDCJI QHH48VD7JJ 974GXG05E IEOT36K 0I7Y OQ4PBF8L CXLQGGJ746 Satish
0 28984909.68326 39373438.15765 43584065.00397 80204749.9363 75171126.51045 101650277.54516 200988816.27403 188121286.71304 153239404.22673 148686993.74463 140064986.08468 123181192.91758999 109778096.29517 111707239.1175 117072352.21213 135079575.88716 208540353.54808 193702941.58626 197195917.42879 185688638.32863 185177275.80423 174782376.00098 167240798.81614 154320691.17123 136733648.18158 134198763.57330999 80466481.27062 60563284.7563 70486673.73222 83594004.47521 80030392.49826 89782105.89727 70855633.3966 49012327.99034 26856573.33875 
28984909.68326 0 10388528.47439 36148332.73418 60045907.04427 52394790.64834 72665367.8619 173477846.07043 161030418.04173 124631473.57657 120568866.79402 112037186.3203 105731270.31135 112227041.60461 117712873.42115 122346774.38386 136173021.67569 201489148.35721 185494448.58191 186824908.65725 166466654.32393 165380226.26336 155452512.95404 146573966.29686 131242813.54287 114474992.51599 113237020.71408 60019743.25139 56068105.26868 70844958.99285 92435254.06887 98037579.43996 113047419.28441 86977628.52496 69000207.15873 48762242.38447 
39373438.15765 10388528.47439 0 25760768.52789 52819631.6114 46448392.96316 74669592.97179 178595156.38581002 166505842.66954 128172919.18924 125005102.50113 116646762.2834 115767798.70256 122056873.82782 127101759.21769 131857511.04475 146116047.13895 211866884.53081 195848968.32189 197080329.10768 175499280.42871 174270019.54495 164485836.54909 155275753.02688 139175709.30281 122797638.17157 121981916.9594 68369239.98238 66231207.0378 80687316.17063 101214470.06923 104641315.29308 117741989.34756 93624782.51122001 75461279.84977 53301262.81055 
43584065.00397 36148332.73418 25760768.52789 0 40808612.06563 39973010.16703 84728632.82792 192387099.41346 181621302.41993 139572797.04 138442628.09573 130637597.39104 140789090.19045 146869230.438 151091346.04227 156059218.64867 171268883.08804 237585495.52983 221590192.21153998 222504159.04457 198291506.93687 196760219.96701 187314947.06884 177442223.59746 159835450.54539 144387167.35341 144463785.68205 92027661.39382 91706196.88302 105639152.98932 124232749.01246 123549600.75658 132537615.26473 113655434.14649 92578732.95641 70418937.3764 
80204749.9363 60045907.04427 52819631.6114 40808612.06563 0 10966006.28091 62174815.18533 168239709.38856 159738544.14465 113670326.76565 115694828.73444 109276585.68839 146728293.30853 169260883.97449 176241554.04278 180510077.96616 191628722.24258 247660211.49069 230657815.95594 228955654.13161 193014932.44072 190583139.99027 182482209.06229 170920332.9212 150011640.44151 137732469.99086 140323992.51714 95857777.86981 112360026.54979 128440427.87778 152104359.15601 157448136.37643 169889159.31543 145467113.81445 127413028.30742 105786102.97299 
75171126.51045 52394790.64834 46448392.96316 39973010.16703 10966006.28091 0 53083287.1723 160389615.3131 151316434.08566 106048720.62521 107259773.08705 100482704.88663 135903443.08518 159582486.80116 166976165.24317 171103686.99149 181605871.2276 236775153.13593 219750577.66693 217997174.466 182373003.30337 180002194.77354 171795975.00751 160332346.9555 139660518.37314 127080414.42507 129527081.65029 84951677.69818 102784261.10891 119049709.08931 143483378.8353 150398364.01864 164188093.44561 137854539.01075 120917569.41147 99743904.24759 
101650277.54516 72665367.8619 74669592.97179 84728632.82792 62174815.18533 53083287.1723 0 108166382.85127 98427991.74128 54845143.95297 54482160.56183 47430078.94015 102496628.15283 146388158.2841 157427278.07145 160036588.26459 163369099.59302 202213274.29004 184918079.11522 180134350.49586 135016995.7296 132052079.726 125077586.30296999 112678002.22509 90620519.10005 80840111.71326 85489757.78292 59136565.88619 96223943.67424 112187764.99256 141060750.49352998 158397818.5818 179004940.33817 143190360.86823 134510673.43311 118045298.07498 
200988816.27403 173477846.07043 178595156.38581002 192387099.41346 168239709.38856 160389615.3131 108166382.85127 0 15235721.25743 54620842.48298 53945635.14158 61948394.10241 127669714.76662 193888277.87308 208220637.7878 207777116.222 197576820.52668 189281415.64212 174342411.76263 162133216.06394 94765840.35375 89994994.38652 92945195.57087 83139383.45663 69555494.25886 83961888.3759 92347342.13523 127145088.97627 168694244.9981 178887563.53745 206083579.39738998 233242826.1026 259117038.3976 217464419.58692998 219090443.97877 209387816.02747 
188121286.71304 161030418.04173 166505842.66954 181621302.41993 159738544.14465 151316434.08566 98427991.74128 15235721.25743 0 47786798.74753 50714529.41144 51145529.00239 112468269.77823 178656690.76824 192986086.14996 192554589.52985 182529767.17058 176888940.56219 161432414.84185 149715318.92357 82932487.09121 78173292.08852 80022943.29418 69459865.66353 54562580.52555 68727370.1552 77130635.44716 112893884.64609 154023862.43137 163936109.4421 190847858.13996 218331916.44804 244340960.08975 202533704.1113 204697012.50369 195602869.18076998 
153239404.22673 124631473.57657 128172919.18924 139572797.04 113670326.76565 106048720.62521 54845143.95297 54620842.48298 47786798.74753 0 12172119.12931 20904294.24054 110525349.66722 170619770.1603 183934310.86286002 184954834.40293 181021398.55475 196571689.08725 179642581.66981 170896824.2037 111010871.19198 106802109.24688 103921906.14767 90908306.49521 67903798.42978 70595518.62938 79056162.73794 89343221.85705 132415599.64912 145768343.6913 174767642.72647 198009129.09163 221750986.48931 182110283.67929 178853559.9258 165704616.08034 
148686993.74463 120568866.79402 125005102.50113 138442628.09573 115694828.73444 107259773.08705 54482160.56183 53945635.14158 50714529.41144 12172119.12931 0 8732175.11123 98806960.75981 159843623.34787 173334349.73816 174178296.24611 169569712.1686 184472366.59955 167515298.50499 158855430.35397 99816635.67361 95719747.33138 92375541.32354 79298930.10488 56067030.14256 58440387.32109 66936671.44049 80675493.44579 123773703.93548 136493768.00148 165774279.30641 189435367.07631 213764954.86216 173495075.85072 171525326.2021 159467199.43832 
140064986.08468 112037186.3203 116646762.2834 130637597.39104 109276585.68839 100482704.88663 47430078.94015 61948394.10241 51145529.00239 20904294.24054 8732175.11123 0 92807592.92604 152563888.91698 165896707.19658 166904089.89643002 163065455.23076 181357388.3274 164221661.66516 156208426.05702 99560983.14089 95699237.41209 91412295.2297 78275210.75849 54648692.67546 54324105.26271 62415412.53086 72225550.8583 115346065.11465 128288291.30749 157160238.15991 181008390.99863 205204202.58902 165076241.45486 162857221.98865 150735170.20403 
123181192.91758999 105731270.31135 115767798.70256 140789090.19045 146728293.30853 135903443.08518 102496628.15283 127669714.76662 112468269.77823 110525349.66722 98806960.75981 92807592.92604 0 66525920.55395 81010775.14748 80194156.4643 71302264.70091 101290824.16523 84084203.2517 82522012.43412 69695676.03713 70588026.83553 59760707.12503 57233819.64457 58801324.69037 44032966.65653 35372304.13898 50951765.387 62617908.16129 63415701.79566 84099795.02748 114863434.34483 142378772.87408 100450379.62809 111633415.07449 112616209.91898 
109778096.29517 112227041.60461 122056873.82782 146869230.438 169260883.97449 159582486.80116 146388158.2841 193888277.87308 178656690.76824 170619770.1603 159843623.34787 152563888.91698 66525920.55395 0 14484854.59353 20353968.227849998 25500142.39008 106669968.66558 95453142.96235 104285137.49366 128470008.47792001 130335036.08189 120189196.41662 121256868.69455 125326691.15179 109935336.69836 101588778.86768 87464787.40753 56919956.06983 41383852.34469 32143786.99622 61452671.96161 87560515.6056 52862219.58583 75077041.50153 88888140.43835 
111707239.1175 117712873.42115 127101759.21769 151091346.04227 176241554.04278 166976165.24317 157427278.07145 208220637.7878 192986086.14996 183934310.86286002 173334349.73816 165896707.19658 81010775.14748 14484854.59353 0 5869113.63432 30197340.25024 114011181.5939 104393507.06705 114465645.59959 141956297.78387 144404233.97817 134354709.93637 135657579.3076 139774685.64164 124258771.43199 115967653.95614 99055277.57985 64489872.55305 47977778.73031 28810523.8957 52915610.18134 77262562.85441 47744887.37074 71917783.84891 88583690.24828 
117072352.21213 122346774.38386 131857511.04475 156059218.64867 180510077.96616 171103686.99149 160036588.26459 207777116.222 192554589.52985 184954834.40293 174178296.24611 166904089.89643002 80194156.4643 20353968.227849998 5869113.63432 0 24740116.45359 108532323.17077 99423992.15774 109656705.75941 139309748.41148 141908350.72158 132023416.59039 133861116.2044 138947360.37896 123873225.55774 115432374.81529 101315640.5796 68385042.23328 52069650.08838 34542197.21454 58557829.69469 82468762.58737 53613855.8469 77755677.11545 94221807.47283 
135079575.88716 136173021.67569 146116047.13895 171268883.08804 191628722.24258 181605871.2276 163369099.59302 197576820.52668 182529767.17058 181021398.55475 169569712.1686 163065455.23076 71302264.70091 25500142.39008 30197340.25024 24740116.45359 0 83820542.74703 74683875.70415 85597942.85425 121499163.15269 124604375.79953 115440372.62486 119248921.57468 128025020.08062 115034589.90342 106192901.94779 104385527.83485 80104916.40701 65674931.58605 57643929.3863 83093078.44162 107189763.15707 77942227.62098 100007206.81655 114377851.77864 
208540353.54808 201489148.35721 211866884.53081 237585495.52983 247660211.49069 236775153.13593 202213274.29004 189281415.64212 176888940.56219 196571689.08725 184472366.59955 181357388.3274 101290824.16523 106669968.66558 114011181.5939 108532323.17077 83820542.74703 0 17476080.78238 32694370.64379 94690585.83403 99464158.34125 98370453.79488 108316242.15654 129264207.08578 127274113.83513 119910075.0533 151835102.25712 148287518.13124 138808943.19837 138811193.9125 166853861.60491 190824244.58123 159525802.97526 181192247.0982 192226394.56924 
193702941.58626 185494448.58191 195848968.32189 221590192.21153998 230657815.95594 219750577.66693 184918079.11522 174342411.76263 161432414.84185 179642581.66981 167515298.50499 164221661.66516 84084203.2517 95453142.96235 104393507.06705 99423992.15774 74683875.70415 17476080.78238 0 15218289.86141 80466778.8053 85116091.50165 81449503.23833 92384787.50924 112662982.68928 110038601.51666 102566025.60168 134800038.08613 133208074.79113 124717348.59276 127336228.53886 156625806.93076 181655297.27726 148094753.95555 168746390.13549 178522530.25696 
197195917.42879 186824908.65725 197080329.10768 222504159.04457 228955654.13161 217997174.466 180134350.49586 162133216.06394 149715318.92357 170896824.2037 158855430.35397 156208426.05702 82522012.43412 104285137.49366 114465645.59959 109656705.75941 85597942.85425 32694370.64379 15218289.86141 0 67539286.54286 72277325.32182 69829819.42252 81600709.21305 103167995.21238 102693409.15524 95923455.99771 133417072.98041 136690489.1522 129900421.12287 135525205.07822 165737740.97225 191504441.02795 156153732.88905 175601028.26396 183775847.61022 
185688638.32863 166466654.32393 175499280.42871 198291506.93687 193014932.44072 182373003.30337 135016995.7296 94765840.35375 82932487.09121 111010871.19198 99816635.67361 99560983.14089 69695676.03713 128470008.47792001 141956297.78387 139309748.41148 121499163.15269 94690585.83403 80466778.8053 67539286.54286 0 4773572.50722 11015141.90678 22338995.28426 45504937.19594 55292588.8783 53860282.14477 107229842.53094001 131570867.89421 133066251.42642 151638025.40534 183082970.47059 210668149.71998 169344088.21802 181325662.50544 181373224.19676 
185177275.80423 165380226.26336 174270019.54495 196760219.96701 190583139.99027 180002194.77354 132052079.726 89994994.38652 78173292.08852 106802109.24688 95719747.33138 95699237.41209 70588026.83553 130335036.08189 144404233.97817 141908350.72158 124604375.79953 99464158.34125 85116091.50165 72277325.32182 4773572.50722 0 10836475.22434 19671685.84685 42080344.90614 53043718.11786 52334431.32636 106164141.06268 131914864.72613 134000103.3069 153290987.35546 184627490.37591 212215560.39902 170684707.41046 182084765.33605 181640784.40376 
174782376.00098 155452512.95404 164485836.54909 187314947.06884 182482209.06229 171795975.00751 125077586.30296999 92945195.57087 80022943.29418 103921906.14767 92375541.32354 91412295.2297 59760707.12503 120189196.41662 134354709.93637 132023416.59039 115440372.62486 98370453.79488 81449503.23833 69829819.42252 11015141.90678 10836475.22434 0 13137308.55139 36795202.8938 44781816.73546 42930341.91559 96214700.62416 121129796.50359 123169238.45451 142652700.29751 173934708.93998 201519913.56848 159924076.62651 171248973.54601 170804309.17942 
167240798.81614 146573966.29686 155275753.02688 177442223.59746 170920332.9212 160332346.9555 112678002.22509 83139383.45663 69459865.66353 90908306.49521 79298930.10488 78275210.75849 57233819.64457 121256868.69455 135657579.3076 133861116.2044 119248921.57468 108316242.15654 92384787.50924 81600709.21305 22338995.28426 19671685.84685 13137308.55139 0 23672213.52569 33402370.29221 33366694.02745 87509719.27893 116030250.06555 119766245.03116 141303186.62509 172075809.96936 199563121.67932 157512396.57056 167085888.47064 165044780.41727 
154320691.17123 131242813.54287 139175709.30281 159835450.54539 150011640.44151 139660518.37314 90620519.10005 69555494.25886 54562580.52555 67903798.42978 56067030.14256 54648692.67546 58801324.69037 125326691.15179 139774685.64164 138947360.37896 128025020.08062 129264207.08578 112662982.68928 103167995.21238 45504937.19594 42080344.90614 36795202.8938 23672213.52569 0 18250305.15736 27162772.77652 73910654.83033 108893041.28485 115779583.29462 140568259.86309 169859952.35371 196820809.8187 154513420.02051 160664581.94475 155613454.59353 
136733648.18158 114474992.51599 122797638.17157 144387167.35341 137732469.99086 127080414.42507 80840111.71326 83961888.3759 68727370.1552 70595518.62938 58440387.32109 54324105.26271 44032966.65653 109935336.69836 124258771.43199 123873225.55774 115034589.90342 127274113.83513 110038601.51666 102693409.15524 55292588.8783 53043718.11786 44781816.73546 33402370.29221 18250305.15736 0 8912467.61916 56272884.18067 90677180.72137 97922606.26583 123334469.31002 152173611.5556 178985685.53166002 136711989.13461 142446246.06299 137430632.297 
134198763.57330999 113237020.71408 121981916.9594 144463785.68205 140323992.51714 129527081.65029 85489757.78292 92347342.13523 77130635.44716 79056162.73794 66936671.44049 62415412.53086 35372304.13898 101588778.86768 115967653.95614 115432374.81529 106192901.94779 119910075.0533 102566025.60168 95923455.99771 53860282.14477 52334431.32636 42930341.91559 33366694.02745 27162772.77652 8912467.61916 0 54152950.33082 85326255.67155 91460703.95065 116063110.50915 145414267.22396 172446740.00756 130130349.1481 137029738.63356 133187073.54794 
80466481.27062 60019743.25139 68369239.98238 92027661.39382 95857777.86981 84951677.69818 59136565.88619 127145088.97627 112893884.64609 89343221.85705 80675493.44579 72225550.8583 50951765.387 87464787.40753 99055277.57985 101315640.5796 104385527.83485 151835102.25712 134800038.08613 133417072.98041 107229842.53094001 106164141.06268 96214700.62416 87509719.27893 73910654.83033 56272884.18067 54152950.33082 0 43122786.46128 59758065.60177 85973123.78173 108783004.61994 133229497.08042 92852905.91507 91989990.69053 83169071.66205 
60563284.7563 56068105.26868 66231207.0378 91706196.88302 112360026.54979 102784261.10891 96223943.67424 168694244.9981 154023862.43137 132415599.64912 123773703.93548 115346065.11465 62617908.16129 56919956.06983 64489872.55305 68385042.23328 80104916.40701 148287518.13124 133208074.79113 136690489.1522 131570867.89421 131914864.72613 121129796.50359 116030250.06555 108893041.28485 90677180.72137 85326255.67155 43122786.46128 0 16635279.14049 44836806.81929 65663949.30976 90631953.28086 49730377.12703 51771559.02728 49998558.30813 
70486673.73222 70844958.99285 80687316.17063 105639152.98932 128440427.87778 119049709.08931 112187764.99256 178887563.53745 163936109.4421 145768343.6913 136493768.00148 128288291.30749 63415701.79566 41383852.34469 47977778.73031 52069650.08838 65674931.58605 138808943.19837 124717348.59276 129900421.12287 133066251.42642 134000103.3069 123169238.45451 119766245.03116 115779583.29462 97922606.26583 91460703.95065 59758065.60177 16635279.14049 0 29280511.30493 54440764.30818 81063508.5036 38806922.77598 48524680.98625 53945747.71834 
83594004.47521 92435254.06887 101214470.06923 124232749.01246 152104359.15601 143483378.8353 141060750.49352998 206083579.39738998 190847858.13996 174767642.72647 165774279.30641 157160238.15991 84099795.02748 32143786.99622 28810523.8957 34542197.21454 57643929.3863 138811193.9125 127336228.53886 135525205.07822 151638025.40534 153290987.35546 142652700.29751 141303186.62509 140568259.86309 123334469.31002 116063110.50915 85973123.78173 44836806.81929 29280511.30493 0 31651999.60136 59132310.55304 20764151.72238 43513730.85151 59832621.1478 
80030392.49826 98037579.43996 104641315.29308 123549600.75658 157448136.37643 150398364.01864 158397818.5818 233242826.1026 218331916.44804 198009129.09163 189435367.07631 181008390.99863 114863434.34483 61452671.96161 52915610.18134 58557829.69469 83093078.44162 166853861.60491 156625806.93076 165737740.97225 183082970.47059 184627490.37591 173934708.93998 172075809.96936 169859952.35371 152173611.5556 145414267.22396 108783004.61994 65663949.30976 54440764.30818 31651999.60136 0 27588722.77523 15948837.41199 31070011.73952 53179453.10514 
89782105.89727 113047419.28441 117741989.34756 132537615.26473 169889159.31543 164188093.44561 179004940.33817 259117038.3976 244340960.08975 221750986.48931 213764954.86216 205204202.58902 142378772.87408 87560515.6056 77262562.85441 82468762.58737 107189763.15707 190824244.58123 181655297.27726 191504441.02795 210668149.71998 212215560.39902 201519913.56848 199563121.67932 196820809.8187 178985685.53166002 172446740.00756 133229497.08042 90631953.28086 81063508.5036 59132310.55304 27588722.77523 0 42317139.71988 44694429.22591 64494538.92175 
70855633.3966 86977628.52496 93624782.51122001 113655434.14649 145467113.81445 137854539.01075 143190360.86823 217464419.58692998 202533704.1113 182110283.67929 173495075.85072 165076241.45486 100450379.62809 52862219.58583 47744887.37074 53613855.8469 77942227.62098 159525802.97526 148094753.95555 156153732.88905 169344088.21802 170684707.41046 159924076.62651 157512396.57056 154513420.02051 136711989.13461 130130349.1481 92852905.91507 49730377.12703 38806922.77598 20764151.72238 15948837.41199 42317139.71988 0 24870479.21662 45844672.458289996 
49012327.99034 69000207.15873 75461279.84977 92578732.95641 127413028.30742 120917569.41147 134510673.43311 219090443.97877 204697012.50369 178853559.9258 171525326.2021 162857221.98865 111633415.07449 75077041.50153 71917783.84891 77755677.11545 100007206.81655 181192247.0982 168746390.13549 175601028.26396 181325662.50544 182084765.33605 171248973.54601 167085888.47064 160664581.94475 142446246.06299 137029738.63356 91989990.69053 51771559.02728 48524680.98625 43513730.85151 31070011.73952 44694429.22591 24870479.21662 0 22160017.03922 
26856573.33875 48762242.38447 53301262.81055 70418937.3764 105786102.97299 99743904.24759 118045298.07498 209387816.02747 195602869.18076998 165704616.08034 159467199.43832 150735170.20403 112616209.91898 88888140.43835 88583690.24828 94221807.47283 114377851.77864 192226394.56924 178522530.25696 183775847.61022 181373224.19676 181640784.40376 170804309.17942 165044780.41727 155613454.59353 137430632.297 133187073.54794 83169071.66205 49998558.30813 53945747.71834 59832621.1478 53179453.10514 64494538.92175 45844672.458289996 22160017.03922 0 
