34
37 25 76 84 16 14 15 57 31 56 1 94 24 30 67 36 60 80 44 38 71 79 8 6 29 82 50 12 9 2 11 74 21 92
0 16.03519 26.20938 40.48527 46.59887 60.17399 53.89348 45.39333 36.30203 37.1627 26.59825 51.53493 55.184779999999996 70.05393 73.39437 71.32907 53.23633 49.55791 48.170570000000005 28.39753 13.8451 24.96961 17.52318 31.79667 46.14777 44.97824 75.11915 54.863 61.39423 67.83166 77.89577 69.86901999999999 55.44709 12.37759 
16.03519 0 10.17419 25.52839 30.62813 45.06818 37.85829 47.59273 41.370200000000004 37.78165 28.79765 49.08522 39.21404 54.05247 57.359179999999995 57.81175 42.83075 39.33778 38.49649 12.36234 25.12361 31.0707 23.47862 29.21103 47.12470999999999 48.294239999999995 59.083960000000005 61.17879 60.10421 64.59185 75.39441 68.66663 61.32773 28.412779999999998 
26.20938 10.17419 0 15.60765 29.02321 40.49171 42.70077 40.13914 37.51463 46.483509999999995 38.97184 46.60492 37.60912 47.15827 53.786680000000004 55.2113 33.88534 29.41704 30.09751 20.431440000000002 30.87315 29.34744 26.73268 34.92382 44.51594 44.88543 66.51381 62.27572 57.298159999999996 58.684689999999996 69.46082 65.18772 61.17846 26.880989999999997 
40.48527 25.52839 15.60765 0 13.41556 30.7682 29.06377 44.93881 38.17473 51.20814 43.09367 40.859120000000004 22.001469999999998 36.87617 38.91136 55.22689 33.2455 28.7772 31.55085 23.93458 42.10777 42.0557 37.24881 41.150220000000004 52.01751 51.62525 70.57697 70.86418 60.65231 62.59589 73.35365 68.54635 69.94931 39.58925 
46.59887 30.62813 29.02321 13.41556 0 17.92536 33.83832 35.19423 39.53865 52.57205999999999 48.05317 27.44356 8.58591 24.59526 32.40658 41.81133 40.28473 36.55995 40.50614 37.25724 54.5634 52.39996 50.593700000000005 46.65373 64.39961 65.04081 83.97886 83.97795 71.48713 72.24546 82.80575999999999 78.93619 82.88007 50.7389 
60.17399 45.06818 40.49171 30.7682 17.92536 0 15.91296 35.33764 41.51237 54.54577999999999 54.09315 29.37783 20.99559 24.74084 21.18908 52.22424 57.499159999999996 53.03086 57.79136 53.7902 70.19179 69.5883 67.02846 64.4637 82.31679 81.81546 100.45412 101.63132 89.1649 89.46519 99.84031999999999 96.43412 100.65516 66.08899 
53.89348 37.85829 42.70077 29.06377 33.83832 15.91296 0 20.45583 26.01626 38.78701 39.16862 45.29079 36.90855 39.00863 36.74578 62.09695 61.09313 56.6883 60.20904 50.22063 61.53567 68.92899 61.336909999999996 62.753190000000004 80.62513 79.4556 93.0226 97.10704 89.67597 91.65966 102.41742 97.61012000000001 96.78154 57.99032 
45.39333 47.59273 40.13914 44.93881 35.19423 35.33764 20.45583 0 33.55735 20.52394 18.79508 43.731759999999994 43.780139999999996 54.839749999999995 56.52672 70.77037 63.216499999999996 58.7482 59.69064 49.7626 59.23843 55.64143 57.06604 61.311530000000005 72.22089 71.3094 86.80103 85.5618 88.24141999999999 88.66114 99.31156 94.51888 86.03293 53.16337 
36.30203 41.370200000000004 37.51463 38.17473 39.53865 41.51237 26.01626 33.55735 0 13.03341 23.59786 43.69461 48.124559999999995 62.40885 61.56357 79.14088 70.97108 66.50278 67.49445 52.11568 50.08688 60.44766 53.41711 60.56454 78.41497 77.24544 79.95115 90.36803 91.34986 95.92211999999999 106.37831 99.85766 90.83915999999999 47.88123 
37.1627 37.78165 46.483509999999995 51.20814 52.57205999999999 54.54577999999999 38.78701 20.52394 13.03341 0 10.56445 35.50113 60.4841 75.26499 74.59698 90.4286 80.36885 75.90055 76.27814000000001 48.76736 50.68778 62.0257 54.43362 65.97823 82.33921 81.51155 78.14956 91.07742 96.742 102.02511 112.49043 105.30416 92.46613 49.54029 
26.59825 28.79765 38.97184 43.09367 48.05317 54.09315 39.16862 18.79508 23.59786 10.56445 0 24.93668 56.26656 72.3495 72.75505 84.15358 71.45618 67.28211999999999 67.29414 38.98164 40.44335 51.5381 43.94602 55.99062 72.11663 70.9471 68.00595 80.52373 86.67548 92.244 102.60076 95.23065 81.90169 38.97584 
51.53493 49.08522 46.60492 40.859120000000004 27.44356 29.37783 45.29079 43.731759999999994 43.69461 35.50113 24.93668 0 36.02947 49.86638 50.56691 67.8983 65.06998 60.60168 59.44105 40.07762 52.80529 59.076769999999996 53.414080000000006 57.293260000000004 74.83999 76.00952 86.79924 88.99714 87.97164 89.35817 100.14669 96.53406 89.46826999999999 58.81442 
55.184779999999996 39.21404 37.60912 22.001469999999998 8.58591 20.99559 36.90855 43.78014 48.124559999999995 60.4841 56.26656 36.02947 0 17.62887 25.44019 33.22542 36.77916 32.31086 37.52471 45.84315 59.21701 60.98587 53.965689999999995 55.18285 64.80169 63.63216 87.09123 84.85685000000001 69.14654 68.83724 79.12031999999999 76.22079 83.26889 59.32481 
70.05393 54.05247 47.158269999999995 36.87617 24.59526 24.74084 39.00863 54.839749999999995 62.40885 75.26499 72.3495 49.86638 17.62887 0 7.81132 47.000280000000004 45.809110000000004 46.12577 48.27924 58.00435 76.11845 70.86907 70.84062 67.21069 77.33882 77.2843 103.29979 99.18994 79.61666 77.73339 87.87677 85.50110000000001 97.23211 71.85102 
73.39437 57.359179999999995 53.78668 38.91136 32.40658 21.18908 36.74578 56.52672 61.56357 74.59698 72.75505 50.56691 25.44019 7.81132 0 39.18896 52.437520000000006 52.75418 55.437870000000004 62.84594 80.45485000000001 77.49748 76.16017 68.30113 84.01755 83.91271 109.48833 105.54331 87.08997 85.54471000000001 95.3205 93.31242 103.75184 76.20351 
71.32907 57.81175 55.2113 55.22689 41.81133 52.22424 62.09695 70.77037 79.14088 90.4286 84.15358 67.8983 33.22542 47.000280000000004 39.18896 0 23.49816 27.966459999999998 33.99097 54.84075 71.51589 60.82188 64.27822 49.75256 58.8513 60.020830000000004 94.76571 81.3447 58.44978 50.68354 58.55565 64.40893 78.39066 69.81410000000001 
53.23633 42.83075 33.88534 33.2455 40.28473 57.499159999999996 61.09313 63.216499999999996 70.97108 80.36885 71.45618 65.06998 36.77916 45.809110000000004 52.437520000000006 23.49816 0 4.4683 10.49281 36.099000000000004 50.46914 45.37387 42.82325 26.96893 37.40847 38.578 71.26755 59.26181 34.95162 41.142830000000004 50.05054 40.91077 55.57201 48.35913 
49.55791 39.33778 29.41704 28.7772 36.55995 53.03086 56.6883 58.7482 66.50278 75.90055 67.28211999999999 60.60168 32.31086 46.12577 52.754180000000005 27.966459999999998 4.4683 0 6.02451 32.41299 50.58618 40.90557 41.80836 31.43723 37.29738 36.127849999999995 67.21964 58.54654 37.41366 36.674530000000004 46.80946 44.44224 56.05726 47.34424 
48.170570000000005 38.49649 30.09751 31.55085 40.50614 57.79136 60.20904 59.69064 67.49445 76.27814000000001 67.29414 59.44105 37.52471 48.27924 55.437870000000004 33.99097 10.49281 6.02451 0 30.5285 46.330110000000005 34.88422 36.609 37.02837 31.27603 30.106499999999997 65.7054 52.60585 31.82575 31.7418 42.29962 40.38817 50.06521 42.14488 
28.39753 12.36234 20.431440000000002 23.93458 37.25724 53.7902 50.22063 49.7626 52.11568 48.76736 38.98164 40.07762 45.84315 58.00435 62.84594 54.84075 36.099000000000004 32.41299 30.5285 0 18.17319 20.92854 13.33646 17.21564 34.76237 35.9319 46.72162 49.42391 48.10882 53.49056 63.72307 56.67124 52.11958 18.87234 
13.8451 25.12361 30.87315 42.10777 54.5634 70.19179 61.53567 59.23843 50.08688 50.68778 40.44335 52.80529 59.21701 76.11845 80.45485000000001 71.51589 50.46914 50.58618 46.330110000000005 18.17319 0 14.63372 22.2258 24.83015 34.76484 35.93437 64.89481 44.67513 51.09031 58.40448 67.59928 59.16962 42.25096 21.11666 
24.96961 31.0707 29.34744 42.0557 52.39996 69.5883 68.92899 55.64143 60.44766 62.0257 51.5381 59.076769999999996 60.98587 70.86907 77.49748 60.82188 45.37387 40.90557 34.88422 20.92854 14.63372 0 7.59208 18.57442 27.72052 28.890050000000002 54.940690000000004 32.92828 36.74888 43.86654 53.29569 45.3113 35.404759999999996 13.12796 
17.52318 23.47862 26.73268 37.24881 50.593700000000005 67.02846 61.33691 57.06604 53.41711 54.43362 43.94602 53.414080000000006 53.965689999999995 70.84062 76.16017 64.27822 42.82325 41.80836 36.609 13.33646 22.2258 7.59208 0 17.02806 28.624589999999998 27.45506 60.058080000000004 40.520360000000004 44.33458 51.33832 60.86508 52.70228 38.78312 5.53588 
31.79667 29.21103 34.92382 41.150220000000004 46.65373 64.4637 62.753190000000004 61.311530000000005 60.56454 65.97823 55.99062 57.293260000000004 55.18285 67.21069 68.30113 49.75256 26.96893 31.43723 37.02837 17.21564 24.83015 18.57442 17.02806 0 18.56225 19.73178 54.6446 41.31868 30.89318 36.32163 46.61016 39.455600000000004 36.23099 22.56394 
46.147769999999994 47.12470999999999 44.51594 52.01751 64.39961 82.31679 80.62513 72.22089 78.41497 82.33921 72.11663 74.83999 64.80169 77.33882 84.01755 58.8513 37.40847 37.29738 31.27603 34.76237 34.76484 27.72052 28.624589999999998 18.56225 0 1.16953 36.41146 22.75643 18.914920000000002 24.90698 33.57797 24.4382 20.11288 34.08242 
44.97824 48.29424 44.88543 51.62525 65.04081 81.81546 79.4556 71.3094 77.24544 81.51155 70.9471 76.00952000000001 63.63216 77.2843 83.91271 60.020830000000004 38.578 36.127849999999995 30.106499999999997 35.9319 35.93437 28.89005 27.45506 19.73178 1.16953 0 35.5989 23.925960000000003 20.08445 26.07651 34.747499999999995 25.607729999999997 21.28241 32.99094 
75.11915 59.083960000000005 66.51381 70.57697 83.97886 100.45412 93.0226 86.80103 79.95115 78.14956 68.00595 86.79924 87.09123 103.29979 109.48833 94.76571 71.26755 67.21964 65.7054 46.72162 64.89481 54.940690000000004 60.058080000000004 54.6446 36.41146 35.5989 0 22.01241 53.69858 61.318439999999995 64.92599 60.84966 56.524339999999995 65.59396000000001 
54.863 61.17879 62.27572 70.86418 83.97795 101.63132 97.10704 85.5618 90.36803 91.07742 80.52373 88.99714 84.85685000000001 99.18994 105.54331 81.3447 59.26181 58.54654 52.60585 49.42391 44.67513 32.92828 40.520360000000004 41.31868 22.75643 23.925960000000003 22.01241 0 31.68617 40.91897 44.29478 40.24859 42.86931 43.675250000000005 
61.39423 60.10421 57.298159999999996 60.65231 71.48713 89.1649 89.67597 88.24142 91.34986 96.742 86.67548 87.97164000000001 69.14654 79.61666 87.08997 58.44978 34.95162 37.41366 31.82575 48.10882 51.09031 36.74888 44.33458 30.89318 18.914920000000002 20.084450000000004 53.69858 31.68617 0 9.2328 17.70219 8.56242 27.65735 49.86604 
67.83166 64.59185 58.684689999999996 62.59589 72.24546 89.46519 91.65966 88.66114 95.92212 102.02511 92.244 89.35817 68.83724 77.73339 85.54471 50.68354 41.142830000000004 36.674530000000004 31.7418 53.49056 58.40448 43.86654 51.33832 36.32163 24.90698 26.07651 61.318439999999995 40.91897 9.2328 0 10.80256 17.79522 36.89015 56.85665 
77.89577 75.39441 69.46082 73.35365 82.80575999999999 99.84031999999999 102.41742 99.31156 106.37831 112.49043 102.60076 100.14669 79.12031999999999 87.87677 95.3205 58.55565 50.05054 46.80946 42.29962 63.72307 67.59928 53.29569 60.86508 46.61016 33.57797 34.7475 64.92599 44.29478 17.70219 10.80256 0 9.13977 39.99849 66.40096 
69.86901999999999 68.66663 65.18772 68.54635 78.93619 96.43412 97.61012000000001 94.51888 99.85766 105.30416 95.23065 96.53406000000001 76.22079 85.50110000000001 93.31242 64.40893 40.91077 44.44224 40.38817 56.671240000000004 59.16962 45.3113 52.70228 39.455600000000004 24.4382 25.607729999999997 60.84966 40.24859 8.56242 17.79522 9.13977 0 36.21977 58.23816 
55.44709 61.32773 61.17846 69.94931 82.88007 100.65516 96.78154 86.03293 90.83915999999999 92.46613 81.90169 89.46826999999999 83.26889 97.23211 103.75184 78.39066 55.57201 56.05726 50.06521 52.11958 42.25096 35.404759999999996 38.78312 36.23099 20.11288 21.28241 56.524339999999995 42.86931 27.65735 36.89015 39.99849 36.21977 0 43.139 
12.37759 28.412779999999998 26.880989999999997 39.58925 50.7389 66.08899 57.99032 53.16337 47.88123 49.54029 38.97584 58.81442 59.32481 71.85102 76.20351 69.81410000000001 48.35913 47.34424 42.14488 18.87234 21.11666 13.12796 5.53588 22.56394 34.08242 32.99094 65.59396000000001 43.675250000000005 49.86604 56.85665 66.40096 58.23816 43.139 0 
