56
116 47 183 19 137 161 141 50 13 180 108 114 196 25 59 39 26 128 190 177 65 82 0 160 10 61 16 48 8 17 49 121 123 63 96 40 5 87 20 91 7 156 56 85 6 157 105 107 46 11 4 30 84 130 83 129
0 16.6163 31.864079999999998 73.05768 77.10845 112.04504 133.5692 143.1401 143.39530000000002 157.32386 133.11554 140.68892 167.07999 172.34462000000002 176.83597999999998 180.21568 177.75974 175.07252 173.08937 189.75181 193.24661 203.49674 200.42029 216.96046 243.91633 167.25205 169.58987000000002 156.56607 144.43714 131.86834 139.17577 178.82266 127.85894 112.71551 113.89126999999999 76.79439 79.67752 100.03959 139.89403 148.69272 161.97554 193.83459 210.58272 223.99064 221.01413 212.94192999999999 208.06552 183.28487 181.21277 135.72159 133.8917 148.86132 129.97336 73.90687999999999 73.30281 54.65399 
16.6163 0 16.10705 59.11232 65.63297 101.64651 119.62347 129.87288 129.44994 142.98855 117.6471 124.60046 151.82644 157.7785 160.8351 163.61116 161.18454 158.55732999999998 156.98931 173.6438 176.98781 187.77934 184.46854000000002 200.74059 227.34526 150.76677 153.60346 143.70123 131.63603 118.72349 124.65915 164.66784 113.00085 97.50683 98.1851 60.19076 63.12292 83.78588 124.4236 133.03300000000002 146.30572 177.60454 195.14058 208.33244 205.10465 197.24195 193.72328 170.76819999999998 168.49538 123.36868 121.57708 136.73055 119.58427 63.390280000000004 62.786210000000004 56.36677 
31.864079999999998 16.10705 0 43.63322 50.15387 85.83429 104.14474 114.03838999999999 113.79926 128.46085 101.57641 108.88552 135.80086 143.39872 145.03055 149.16581 147.24272 145.55046000000002 144.35715 160.89883 164.12278 177.90872000000002 173.04589 188.98565 212.60156 137.68841 142.48521 138.7304 125.94536 112.41820000000001 116.96517 157.34345 106.83989 88.72207 88.38927 49.34512 52.16545 73.12386000000001 114.96868 121.56421 130.32403 162.04506 179.53452 192.35298 189.24213 181.13802 177.63487 155.24971 152.96321 108.09082 106.34714 121.53377 106.30208999999999 47.28323 46.67916 40.25972 
73.05768 59.11232 43.63322 0 6.52065 43.8107 60.51152 70.76056 70.33762 84.83185 64.27399 75.80572000000001 96.49219000000001 101.6662 109.57495 123.16076 123.57756 124.36364 127.39595 142.43142 146.31608 168.33729 160.16193 172.90064 183.29859 119.32127 132.01549 147.85945 135.35311 121.2142 120.21806 159.0481 115.27031 91.79376 87.82203 44.21175 48.40653 68.58384 112.59201 112.5506 93.2508 128.68739 140.40305 154.43721 152.62962 140.90581 135.77202 112.0479 109.39386 64.46948 62.71392 77.93492 63.56556 17.71956 17.11549 18.40369 
77.10845 65.63297 50.15387 6.52065 0 43.28389 57.18557 66.84533 66.74135 80.21540999999999 58.19162 69.28507 89.97154 97.55439000000001 103.0543 116.64101 117.08542 117.94692 121.14585 137.40648000000002 139.97664 163.02513 154.04596 166.61576 176.837 114.51722000000001 126.13062 143.80194999999998 131.31653 117.29778999999999 115.65763 154.16143 111.31812 88.49636 83.20858 40.84275 44.84954 63.97845 107.50851 106.89839 87.23723 122.16674 134.64713 148.65932 146.65912 135.83347999999998 130.95765 108.54443 105.94506 61.67808 60.39951 75.21143 62.88284 24.24021 23.63614 24.07847 
112.04504 101.64651 85.83429 43.8107 43.28389 0 28.75234 40.05047 38.88223 59.52793 61.277609999999996 78.00533999999999 76.08544 84.02313000000001 97.04215 125.34446 128.90266 133.21523 144.25273 152.49061 156.32595 185.72166 174.33958 183.32213 176.47451999999998 131.16788 151.73622 180.14847 168.2273 154.65052 150.50567999999998 185.75606 148.90603 124.26579 118.55211 83.00602 86.69751 100.2398 139.93741 137.34728 80.66552 119.28463 118.92029000000001 134.30453 135.15434 115.92463 106.67426999999999 73.83688 72.24395 27.962699999999998 26.17736 39.08775 20.467799999999997 40.46886 41.07293 59.069 
133.5692 119.62347 104.14474 60.51152 57.18557 28.75234 0 11.50459 15.03649 36.72166 54.17291 61.1184 47.83931 55.777 70.34165 103.51956 108.00298000000001 115.2219 126.13193000000001 132.90633 136.59558 169.37729 156.31191 163.69364 149.67811 115.29107 138.06679 174.56470000000002 164.00073 150.80626 143.73493000000002 177.46792 145.51923 120.87899 114.61998 87.36999 89.12253 98.04199 131.2425 128.01376 54.35911 91.81097 90.16795 105.55219000000001 106.68403 88.57403000000001 78.4627 53.75531 51.09942 8.08513 7.88578 22.46603 29.342439999999996 64.13484 64.43799 78.91521 
143.1401 129.87288 114.03838999999999 70.76056 66.84533 40.05047 11.50459 0 3.5319 25.21707 59.85987 52.58706 37.99342 45.93069 63.07922 97.03849 102.67834 109.1874 119.24842 128.64696 131.91422 165.81632 152.38073 157.8724 140.53729 110.02325 133.67401 176.01123 165.53177 153.33187 145.26596999999998 174.99168 147.975 124.55812 116.93348 93.28879 97.66758 101.97632 131.5963 123.62646 46.48023 82.71972 79.06962 94.40334 95.9466 77.06944 67.00035 42.25072 39.59483 14.44537 16.23677 17.74852 35.56161 75.63943 75.6352 88.54023 
143.3953 129.44994 113.79926 70.33762 66.74135 38.88222999999999 15.03649 3.5319 0 21.68517 56.32797 54.69906 41.52532 49.46259 64.87449 100.55642 106.16441 112.62149 122.78031999999999 132.08105 135.42061 169.17146 155.7925 161.4043 143.9168 113.36976 136.88223 178.61702 168.09573999999998 155.82356 147.79361 178.06262999999998 150.35639 126.86785 119.24321 96.62523 96.60472 103.99188 135.12820000000002 124.50324 49.99896 86.14191 81.78561 97.14615 99.4785 78.2269 70.53224999999999 45.34532 42.08317 11.27631 12.70487 14.21662 33.79848 74.28461 74.45387 88.74131 
157.32386 142.98855 128.46085 84.83185 80.21540999999999 59.52793 36.72166 25.21707 21.68517 0 34.6428 45.80065 36.10977 28.17208 44.76045 83.78103 90.43606 98.52348 109.36016000000001 116.58451 119.94245 155.61725 141.30393 145.01033 124.32042999999999 100.34881 127.28168 173.25681 163.5781 152.38277 142.78956 170.0163 147.50195 125.56788 117.94367 101.86891 102.32224 104.31381999999999 128.08911 116.68688 39.04137 65.57352 66.90893 80.99058 80.2327 69.64756 72.22027 38.12903 34.9007 32.96148 34.39004 35.90179 55.34367999999999 91.94744 91.8775 103.23554 
133.11554 117.6471 101.57641 64.27399 58.19162 61.277609999999996 54.17291 59.85987 56.32797 34.6428 0 16.72773 53.21945 54.58809000000001 55.975590000000004 67.20867 70.97189 75.89785 89.02868000000001 95.34342000000001 99.08259 130.9092 118.30724 125.8983 123.33394999999999 75.2732 97.98994 140.09016 130.00220000000002 118.35174 109.28714 138.58625 115.02472 91.53575000000001 83.91154 68.11065 68.77499 69.67102 97.24397 92.98796999999999 41.513400000000004 64.73839 78.01583000000001 90.92795 89.94216 80.19998000000001 83.41323 72.55863000000001 69.29648 46.08778 47.95621 53.71559 64.88773 77.18603999999999 76.58197 82.27009 
140.68892 124.60046 108.88552 75.80572000000001 69.28507 78.00534 61.1184 52.58706 54.69906 45.800650000000005 16.72773 0 36.49172 37.86036 39.24786 56.15324 54.30147 59.17012 73.04596 78.61569 82.36698 114.7016 101.77789 109.17057 107.78797 58.8999 85.84007 128.88285 119.18529 108.52289 98.05308 125.17743 103.80409 81.9489 74.32426 73.8055 69.42671 69.78724 90.7217 76.26024 24.78567 53.38955 73.99884 87.58851 80.74444 78.35463 81.66629 82.75116 79.49117 62.81551 62.39867 68.71389 81.61546000000001 89.83551 89.6411 93.36354 
167.07999 151.82644 135.80086 96.49219000000001 89.97154 76.08544 47.83931 37.99342 41.52532 36.10977 53.21945 36.49172 0 7.93769 25.32121 67.55281 75.38694000000001 81.16826 93.45102 100.62782 104.42676 139.25108 124.38407000000001 126.64588 102.741 89.40006 111.10355000000001 163.99937 154.55597 145.01461 133.1696 156.00348 140.11208 118.3934 110.76876 102.80765000000001 102.78521 100.97384 117.95421 105.62307 21.01238 45.337089999999996 44.90248 59.51306 59.35328 46.04388 45.99395 50.95248 54.21463 52.4356 53.62792 51.263560000000005 73.52108 105.44165000000001 105.60814 114.05001 
172.34462000000002 157.7785 143.39872 101.6662 97.55439000000001 84.02313 55.777 45.93069 49.46259 28.17208 54.58809 37.86036 7.93769 0 17.38352 59.61512 67.44925 76.33673 89.04109 93.50605 96.54201 133.91191 118.67534 120.20058 96.9435 81.46236999999999 107.3029 161.4791 153.20159 143.66657 131.82068 152.89348 139.4732 118.62493 111.00061 105.84218 105.93881 102.55330000000001 116.38674 101.63327 13.07469 37.40144 38.73685 52.8185 52.06062 41.47548 44.04819 58.89017 62.152319999999996 60.37329 61.55853 58.91834 81.45877 112.47903 111.93751 119.97486 
176.83597999999998 160.8351 145.03055 109.57495 103.0543 97.04215 70.34165 63.07922 64.87449 44.76045 55.975590000000004 39.24786 25.32121 17.38352 0 43.08506 51.41708 61.73526 75.6111 81.19481999999999 79.99247 117.87974 102.32352 104.59932 79.55998 66.28107 93.22124 150.25282 142.93557 134.50126 121.6178 140.0099 132.03875 111.81300999999999 104.24065 106.29544 107.26815 98.44633 106.78021 90.43612999999999 16.59899 23.27114 38.53305 48.34065 44.27208 45.28314 53.81794 72.86882 75.27507 75.69309 76.69328 75.61639 97.25228 122.07225 121.46818 127.0611 
180.21568 163.61116 149.16581 123.16076 116.64101 125.34446 103.51956 97.03849 100.55642 83.78103 67.20867 56.15324 67.55281 59.61512 43.08506 0 32.04656 42.36474 33.43397 50.096410000000006 53.410349999999994 74.81803 59.23846 62.58149 64.13251 48.25302 53.69371 116.77115 111.76425 105.18149 90.37788 101.31961000000001 104.16914 89.88899 83.28838 103.75159 101.43646 97.06456 76.13188 58.06952 51.98259 55.49003 70.41368 73.16545 64.22838 81.65316 94.37034 115.62522 112.56226 109.99146 110.50042 113.33860999999999 130.5332 138.71168 138.49159 140.71948 
177.75974 161.18454 147.24272 123.57756 117.08542 128.90266 108.00298000000001 102.67834 106.16441 90.43606 70.97189 54.30147 75.38694000000001 67.44925 51.41708 32.04656 0 10.31818 24.194020000000002 29.77774 29.50912 66.46266 51.26715 56.09846 68.49598 19.14329 44.4622 106.59899 101.93727 97.02538 84.10088999999999 90.6987 95.05152000000001 83.30032 77.22288 100.99378 100.77056999999999 81.22461 66.94006 48.90043 58.85245 43.93088 79.71683 83.33899 73.19742 90.8473 103.41137 123.4074 120.97475 115.14614 115.5309 119.42510000000001 135.24126 139.60857 139.40613 141.16389 
175.07252 158.55732999999998 145.55046000000002 124.36364 117.94692 133.21523 115.2219 109.1874 112.62149 98.52348 75.89785 59.17012 81.16826 76.33673 61.73526 42.36474 10.31818 0 13.87584 19.45956 23.2585 59.671580000000006 43.31257 50.52723 75.13106 29.46147 46.61994 96.55621 93.62092 87.92323 73.98026 80.39261 86.07673 76.31491 70.85873 98.36657 100.5406 83.70257000000001 57.96527 39.92271 66.91382 54.24906 89.96031 92.50831 83.51559999999999 101.08785 113.37393 132.12074 128.91335 121.98563000000001 121.33773 126.10942 140.67882 142.0832 141.47913 141.81990000000002 
173.08937 156.98931 144.35715 127.39595 121.14585 144.25273 126.13193000000001 119.24842 122.78031999999999 109.36016000000001 89.02868000000001 73.04596 93.45102 89.04109 75.6111 33.43397 24.194020000000002 13.87584 0 16.66244 20.566110000000002 47.44038 34.06914 46.82094 84.08365 39.87286 32.7441 83.33718 79.74508 77.33338 68.37622999999999 80.00043 75.34562 69.99499 63.71172 98.59947 94.22068 73.20343 47.23416 50.24628 78.91602 68.1249 103.83615 106.38414999999999 96.98267 114.93561 127.03287999999999 144.39969000000002 141.18091 130.42763 130.52754 136.38567 149.32667 145.11551 144.51144 145.22432 
189.75181 173.6438 160.89883 142.43142 137.40648000000002 152.49061 132.90633 128.64696 132.08105 116.58451 95.34342000000001 78.61569 100.62782 93.50605 81.19481999999999 50.096410000000006 29.77774 19.45956 16.66244 0 3.90367 41.56253 25.20352 31.17613 70.91738 23.21042 49.40654 97.58529 95.64195 89.88605 74.25558 76.65417 89.84445 84.66721 80.0792 114.68595 110.85427 89.85792 61.73299 51.91554 86.37338 73.70862 101.97008 101.93984 93.70373000000001 117.40631 127.64673 150.38535 147.1232 140.99146 140.79211 145.13699 160.10675 159.41371 158.95711 155.50951 
193.24661 176.98781 164.12278 146.31608 139.97664 156.32595 136.59558 131.91422 135.42061 119.94245 99.08259 82.36698 104.42676 96.54201 79.99247 53.410349999999994 29.50912 23.2585 20.566110000000002 3.90367 0 38.59702 22.5096 27.272460000000002 69.7789 27.05692 53.31021 93.68162 92.46696 91.72074 76.09027 74.6011 91.95831000000001 87.52157 83.13287 117.22937 113.86489 93.31704 64.03934 48.01187 88.34165 73.44 105.87375 103.29778 94.05836 116.41033999999999 129.96172 152.56447 149.48266 144.65526 144.38442 148.66347 163.83205 163.26021 162.86078 159.34672 
203.49674 187.77934 177.90872000000002 168.33729 163.02513 185.72166 169.37729000000002 165.81632 169.17146 155.61725 130.9092 114.7016 139.25108 133.91191 117.87974 74.81803 66.46266 59.671580000000006 47.44038 41.56253 38.59702 0 16.35901 35.44084 99.17521 55.8017 47.244600000000005 75.14453 76.64735 81.83848 68.39367 43.79359 83.97535 90.9236 92.23823 132.42259 128.06722 105.42993 68.85382 56.48737 124.64527 107.41557999999999 142.43212 141.1735 131.15525 154.39652 168.52571 189.85967 186.60241 176.9045 176.99152999999998 182.94776 195.74257999999998 186.05685 185.45278 178.51239 
200.42029 184.46854000000002 173.04589 160.16193 154.04596 174.33958 156.31191 152.38073 155.7925 141.30393 118.30724 101.77789 124.38407000000001 118.67534 102.32352 59.23846 51.26715 43.31257 34.06914 25.20352 22.5096 16.35901 0 19.08183 84.56872 43.2103 30.88559 81.85341 83.54724 86.1877 74.94568 60.15260000000001 87.24959 90.27331 87.05211 126.69095 122.89836 100.82828 63.22516 51.72848 109.97311 91.05657 126.07311000000001 124.82095 114.80974 138.13842 152.44373 174.66266 171.56099 163.99489 164.16628 169.35879 183.1827 177.40258 177.08023 171.61152 
216.96046 200.74059 188.98565000000002 172.90064 166.61576 183.32213000000002 163.69364 157.8724 161.4043 145.01033 125.8983 109.17057 126.64588 120.20058 104.59932 62.58149 56.09846 50.52723 46.82094 31.17613 27.272460000000002 35.44084 19.08183 0 70.43301 53.6206 49.326100000000004 100.77368 102.51435 105.26953 92.05198999999999 77.37219 106.33142 107.61197 104.42893 142.11219 138.54148 117.16199 81.61823 69.20286 113.20763 88.42073 122.90315999999999 118.06349 107.92217 133.99025 149.61984 176.22241 172.96026 170.37874 170.74845 174.42879000000002 190.67757999999998 189.82389 189.53715 185.44594 
243.91633 227.34526 212.60156 183.29859 176.837 176.47451999999998 149.67811 140.53729 143.9168 124.32042999999999 123.33394999999999 107.78797 102.741 96.9435 79.55998 64.13251 68.49598 75.13106 84.08365 70.91738 69.7789 99.17521 84.56872 70.43301 0 85.93373 100.98457 163.39269 162.16589 160.40647 145.17296 139.48523 159.42927 151.02376 145.12041 167.76634 165.52576 149.57266 131.31781 114.47734000000001 95.809 80.73335 73.91583 63.2206 54.59758 87.00959 103.52459 141.04151 138.81633 154.98266 156.02931 153.5269 176.09890000000001 197.37225 197.29991 200.12585 
167.25205 150.76677 137.68841 119.32127 114.51722000000001 131.16788 115.29107 110.02325 113.36976 100.34881 75.2732 58.8999 89.40006 81.46236999999999 66.28107 48.25302 19.14329 29.46147 39.87286 23.21042 27.05692 55.8017 43.2103 53.6206 85.93373 0 26.94017 90.31675 82.79417 78.08145 69.6943 74.78403999999999 76.17775 66.52284 60.7737 91.47553 87.64385 79.3035 48.06629 30.00393 70.19449 62.19839 97.64372999999999 101.1242 92.16436 108.57758 119.7332 135.67816 132.4764 121.16714 121.29857000000001 127.18422 140.08194 136.20329 135.92514 132.29914 
169.58987000000002 153.60346 142.48521 132.01549 126.13062 151.73622 138.06679 133.67401 136.88223 127.28168 97.98994 85.84007 111.10355000000001 107.3029 93.22124 53.69371 44.4622 46.61994 32.7441 49.40654000000001 53.310210000000005 47.244600000000005 30.88559 49.326100000000004 100.98457 26.94017 0 64.42405 61.18132 60.0742 44.49045 47.843869999999995 60.35849 59.530969999999996 56.19157 96.4599 92.86115 70.94438 44.418 55.96894 96.36455 88.39308 124.02701 126.56172 117.28655 134.9982 146.6058 161.74336 158.52022 144.01902 143.63919 150.95497 162.82332 149.73505 149.13098 142.35784 
156.56607 143.70123 138.7304 147.85945 143.80194999999998 180.14847 174.56470000000002 176.01123 178.61702 173.25681 140.09016 128.88285 163.99937 161.4791 150.25282 116.77115 106.59899 96.55621 83.33718 97.58529 93.68162 75.14453 81.85341 100.77368 163.39269 90.31675 64.42405 0 12.78504 26.92375 30.82977 37.06497 32.80137 57.36127 61.59636 103.94176999999999 99.57019 80.84000999999999 49.78499 60.31282 148.95435 149.58514 184.55644999999998 188.70892 179.77005 194.51129 203.93588 211.29154 208.02939 182.58454999999998 181.73554 192.66808 195.80703 164.51261 163.93405 150.72515 
144.43714 131.63603 125.94536 135.35311 131.31653 168.2273 164.00073 165.53177 168.09573999999998 163.5781 130.00220000000002 119.18529 154.55597 153.20159 142.93557 111.76425 101.93727 93.62092 79.74508 95.64195 92.46696 76.64735 83.54724 102.51435 162.16589 82.79417 61.18132 12.78504 0 14.17548 21.38637 37.71695 20.09401 44.613 49.7753 91.23441 86.94658 68.12012 36.99995 55.06231 140.49936 143.87764 178.13603 183.2221 174.66532 187.76605999999998 196.28983 201.69182 198.45056 171.50619 170.62372 181.93686 184.26170000000002 151.80525 151.26905 137.96083 
131.86834 118.72349 112.41820000000001 121.2142 117.29778999999999 154.65052 150.80626 153.33187 155.82356 152.38277 118.35174 108.52289 145.01461 143.66657 134.50126 105.18149 97.02538 87.92323 77.33338 89.88605 91.72074 81.83848 86.1877 105.26953 160.40647 78.08145 60.0742 26.92375 14.17548 0 15.63047 47.863949999999996 31.498510000000003 30.43752 36.66953 77.08009 72.80767 55.91318 30.09922 48.12495 130.77071 137.79124000000002 170.62722 176.72822 168.56267 179.6445 187.2483 190.49963 187.27535 158.67555 157.85569 169.55289 170.99196 137.65093 137.10875 123.80141 
139.17577 124.65915 116.96517 120.21806 115.65763 150.50567999999998 143.73493000000002 145.26596999999998 147.79361 142.78956 109.28714 98.05308 133.1696 131.82068 121.6178 90.37788 84.10088999999999 73.98026 68.37622999999999 74.25558 76.09027 68.39367 74.94568 92.05198999999999 145.17296 69.6943 44.49045 30.82977 21.38637 15.63047 0 40.40892 15.86804 28.98562 33.06897 77.21221 72.83492 51.6816 23.51941 41.53669 122.16456 123.19097 157.04623 162.52347 154.15675 166.63942 174.91623 180.69429 177.4459 151.75477999999998 151.04568 162.01023 165.49796 137.27947 136.79035 125.15272999999999 
178.82266 164.66784 157.34345 159.0481 154.16143 185.75606 177.46792 174.99168 178.06262999999998 170.0163 138.58625 125.17743 156.00348 152.89348 140.00990000000002 101.31961000000001 90.6987 80.39261 80.00043 76.65417 74.6011 43.79359 60.15260000000001 77.37219 139.48523 74.78403999999999 47.843869999999995 37.06497 37.71695 47.863949999999996 40.40892 0 52.13552 69.3183 72.10923000000001 117.49296 113.11417 91.35288000000001 46.71756 53.61821 141.3538 134.62958 170.35292 172.33971 162.84273 181.38612 192.92645 206.19097 202.92882 183.48519 183.09803 192.18893 199.30857 176.34854 175.88391 165.05597 
127.85893999999999 113.00085 106.83989 115.27031 111.31812 148.90603 145.51923 147.975 150.35639 147.50195 115.02472 103.80409 140.11208 139.4732 132.03875 104.16914 95.05152000000001 86.07673 75.34562 89.84445 91.95831000000001 83.97535 87.24959 106.33142 159.42927 76.17775 60.35849 32.80137 20.09401 31.498510000000003 15.86804 52.13552 0 24.64024 31.11318 71.1404 66.86378 50.35683 28.11146 46.173820000000006 126.39851 134.33265 167.09162 173.72211 165.63015 175.89547 183.08567 185.53779 182.27564 153.10192 152.26961 164.17604999999998 165.19405 131.71124 131.17504 119.21391 
112.71551 97.50683 88.72207 91.79376 88.49636 124.26579 120.87899 124.55812 126.86785 125.56788 91.53575000000001 81.9489 118.3934 118.62493 111.81300999999999 89.88899 83.30032 76.31491 69.99499 84.66721 87.52157 90.9236 90.27331 107.61197 151.02376 66.52284 59.530969999999996 57.36127 44.613 30.43752 28.98562 69.3183 24.64024 0 7.62464 48.32576 43.95319 26.86829 27.17852 39.56649 105.5646 118.23093 149.39191 157.06301 149.86465 156.92943 162.65477 162.30774 159.15589 128.96412 127.79203 139.85809 140.55444 108.65864 108.15664 96.16711 
113.89126999999999 98.1851 88.38927 87.82203 83.20858 118.55211 114.61998 116.93348 119.24321 117.94367 83.91154 74.32426 110.76876 111.00061 104.24065 83.28838 77.22288 70.85873 63.71172 80.0792 83.13287 92.23823 87.05211 104.42893 145.12041 60.7737 56.19157 61.59636 49.7753 36.66953 33.06897 72.10923 31.11318 7.62464 0 45.43942 41.08479 19.24365 26.68271 35.75086 97.94039 111.65338 141.79782 149.68387 142.60858 149.4455 155.03013 154.98631 151.76663 122.00954999999999 121.32518 133.25808999999998 134.91933 105.13548 104.53141000000001 93.51293 
76.79439 60.19076 49.34512 44.21175 40.84275 83.00602 87.36999 93.28879 96.62523 101.86891 68.11065 73.8055 102.80765000000001 105.84218 106.29544 103.75159 100.99378 98.36657 98.59947 114.68595 117.22937 132.42259 126.69095 142.11219 167.76634 91.47553 96.4599 103.94176999999999 91.23441 77.08009 77.21221 117.49296 71.1404 48.32576 45.43942 0 4.37879 26.99266 71.66101 76.10865 94.22394 121.14069 142.92122 154.63609 150.04479 147.29723 147.59396 135.22732 132.34426 93.41064 92.04883000000001 106.28769 100.2781 60.57084 60.05019 48.07351 
79.67752 63.12292 52.16545 48.40653 44.84954 86.69751 89.12253 97.66758 96.60472 102.32224 68.77499 69.42671 102.78521 105.93881 107.26815 101.43646 100.77056999999999 100.54059999999998 94.22067999999999 110.85427 113.86489 128.06722 122.89836 138.54148 165.52576 87.64385 92.86115 99.57019 86.94658 72.80767 72.83492 113.11417 66.86378 43.95319 41.08479 4.37879 0 22.78431 67.36305 71.72986 93.98397 119.71815999999998 142.59393 154.00692 149.16617 147.33653999999999 148.1549 136.98483 134.07479 96.06045999999999 94.65323 108.72948 103.50024 64.94963 64.36386 52.43676 
100.03959 83.78588 73.12386000000001 68.58384 63.97845 100.2398 98.04199 101.97632 103.99188 104.31381999999999 69.67102 69.78724 100.97384000000001 102.55330000000001 98.44633 97.06456 81.22461 83.70257 73.20343 89.85792 93.31704 105.42993 100.82828 117.16199 149.57266 79.3035 70.94438 80.84000999999999 68.12012 55.91318 51.6816 91.35288 50.35683 26.86829 19.24365 26.99266 22.78431 0 44.77448 49.29957 89.47861 108.75451 136.51853 145.89326 139.83056 142.78782999999999 146.21413 142.11472 138.9675 106.12711999999999 104.70258 117.31821 116.91304000000001 85.89183 85.28776 75.06617 
139.89403 124.4236 114.96868 112.59201 107.50851 139.93741 131.2425 131.5963 135.12820000000002 128.08911 97.24397 90.7217 117.95421 116.38674 106.78021 76.13188 66.94006 57.96527 47.23416 61.73299 64.03934 68.85382 63.22516 81.61823 131.31781 48.06629 44.418 49.78499 36.99995 30.09922 23.51941 46.71756 28.11146 27.17852 26.68271 71.66101 67.36305 44.77448 0 18.06236 103.79211 108.18501 141.32606 146.91211 138.62945 150.76611 159.3169 166.05996 162.80337 139.26235 138.64585 148.49648 153.6517 129.9865 129.54191 119.70908 
148.69272 133.03300000000002 121.56421 112.5506 106.89839 137.34728 128.01376 123.62646 124.50324 116.68688 92.98796999999999 76.26024 105.62307000000001 101.63327 90.43612999999999 58.06952 48.90043 39.92271 50.24628 51.91554 48.01187 56.48737 51.72848 69.20286 114.47734 30.00393 55.96894 60.31282 55.06231 48.12495 41.53669 53.61821 46.173820000000006 39.56649 35.75086 76.10865 71.72986 49.29957 18.06236 0 89.47468 90.48776000000001 124.48258999999999 129.51751000000002 121.18766 134.3801 143.6905 153.40837 150.14622 130.22083 131.54569 138.71727 146.63739 130.05773 129.66609 122.45802 
161.97554 146.30572 130.32403 93.2508 87.23723 80.66552 54.35911 46.48023 49.99896 39.04137 41.513400000000004 24.78567 21.01238 13.07469 16.59899 51.98259 58.85245 66.91382 78.91602 86.37338 88.34165 124.64527 109.97311 113.20763 95.809 70.19449 96.36455 148.95435 140.49936 130.77071 122.16456 141.3538 126.39851 105.5646 97.94039 94.22394 93.98397 89.47861 103.79211 89.47468 0 39.72089 49.21317 64.59741 59.42643 53.63463 57.12252 65.48367 62.28239 60.39699 61.24789 61.85494 81.61582 105.47326 104.86919 111.30566 
193.83459 177.60454 162.04506 128.68739 122.16674 119.28463 91.81097 82.71972 86.14191 65.57352 64.73839 53.38955 45.337089999999996 37.40144 23.27114 55.49003 43.93088 54.24906 68.1249 73.70862 73.44 107.41557999999999 91.05657 88.42073 80.73335 62.19839 88.39308 149.58514 143.87764 137.79124000000002 123.19097 134.62958 134.33265 118.23093 111.65338 121.14069 119.71815999999998 108.75451 108.18501 90.48776000000001 39.72089 0 35.78595 41.77998 31.63841 47.33762 62.26724 89.55889 86.83345 97.06405 98.09123 96.31311 118.26882 141.33316 141.32036 145.94467 
210.58272 195.14058 179.53452 140.40305 134.64713 118.92029000000001 90.16795 79.06962 81.78561 66.90893 78.01583000000001 73.99884 44.90248 38.73685 38.53305 70.41368 79.71683 89.96031 103.83615 101.97008 105.87375 142.43212000000003 126.07311000000001 122.90315999999999 73.91583 97.64372999999999 124.02701 184.55644999999998 178.13603 170.62722 157.04623 170.35292 167.09162 149.39191 141.79782 142.92122 142.59393 136.51853 141.32606 124.48258999999999 49.21317 35.78595 0 15.38424 25.52581 42.43348 29.88469 69.40799 67.98456999999999 92.93925 94.47275 87.41335 112.83111 150.03773999999999 150.02123 158.64426 
223.99064 208.33244 192.35298 154.43721 148.65932 134.30453 105.55219000000001 94.40334 97.14615 80.99058 90.92795 87.58850999999999 59.51306 52.8185 48.34065 73.16545 83.33899 92.50831 106.38414999999999 101.93984 103.29778 141.1735 124.82095 118.06349 63.2206 101.1242 126.56172 188.70892 183.2221 176.72822 162.52347 172.33971 173.72211 157.06301 149.68387 154.63609 154.00692 145.89326 146.91211 129.51751000000002 64.59741 41.77998 15.38424 0 10.14157 27.049239999999998 42.487049999999996 82.21306 80.57859 108.32349 109.85102 102.576 128.12036 164.54312 164.75601 172.7056 
221.01413 205.10465 189.24213 152.62962 146.65912 135.15434 106.68403 95.9466 99.4785 80.2327 89.94216 80.74444 59.35328 52.06062 44.27208 64.22838 73.19742 83.51559999999999 96.98267 93.70373000000001 94.05836 131.15525 114.80974 107.92217 54.59758 92.16436 117.28655 179.77005 174.66532 168.56267 154.15675 162.84273 165.63015 149.86465 142.60858 150.04479 149.16617 139.83056 138.62945 121.18766 59.42643 31.63841 25.52581 10.14157 0 32.41201 48.96233 88.04524 86.13339 110.17053 111.59292 105.58946 130.54054 163.88393 163.78771 170.73209 
212.94193 197.24195 181.13802 140.90581 135.83348 115.92463 88.57403 77.06944 78.2269 69.64756 80.19998000000001 78.35463 46.04388 41.47548 45.28314 81.65316 90.8473 101.08785 114.93561 117.40631 116.41033999999999 154.39652 138.13842 133.99025 87.00959 108.57758 134.9982 194.51129 187.76605999999998 179.6445 166.63942 181.38612 175.89547 156.92943 149.4455 147.29723 147.33653999999999 142.78782999999999 150.76611 134.3801 53.63463 47.33762 42.433479999999996 27.049239999999998 32.41201 0 18.09399 60.62808 57.4783 89.03955 90.69837 82.51478 107.82451 149.1993 149.37946 159.3095 
208.06552 193.72328 177.63487 135.77202 130.95765 106.67426999999999 78.4627 67.00035 70.53224999999999 72.22027 83.41323 81.66629 45.99395 44.04819 53.81794 94.37034 103.41137 113.37393 127.03287999999999 127.64673 129.96172 168.52571 152.44373 149.61984 103.52459 119.7332 146.6058 203.93588 196.28983 187.2483 174.91623 192.92645 183.08567 162.65477 155.03013 147.59396 148.1549 146.21413 159.3169 143.6905 57.12252 62.26724 29.88469 42.487049999999996 48.96233 18.09399 0 42.53409 41.54396 78.71446 80.49845 69.5463 95.77991 142.15761 142.39802 154.04622 
183.28487 170.76819999999998 155.24971 112.0479 108.54443 73.83688 53.75531 42.25072 45.34532 38.12903 72.55863000000001 82.75116 50.95248 58.89017 72.86882 115.62522 123.4074 132.12074 144.39969 150.38535000000002 152.56447 189.85967 174.66266 176.22241 141.04151 135.67816 161.74336 211.29154 201.69182 190.49963 180.69429 206.19097 185.53779 162.30774 154.98631 135.22732 136.98483 142.11472 166.05996 153.40837 65.48367 89.55889 69.40799 82.21306 88.04524 60.62808 42.53409 0 3.26215 47.57842 49.42008 36.421 58.83558 113.58795 113.95839 128.71451 
181.21277 168.49538 152.96321 109.39386 105.94506 72.24395 51.09942 39.59483 42.08317 34.9007 69.29648 79.49117 54.21463 62.15232 75.27507 112.56226 120.97475 128.91335 141.18091 147.1232 149.48266 186.60241 171.56099 172.96026 138.81633 132.4764 158.52022 208.02939 198.45056 187.27535 177.4459 202.92882 182.27564 159.15589 151.76663 132.34426 134.07479 138.9675 162.80337 150.14622 62.28239 86.83345 67.98456999999999 80.57859 86.13339 57.4783 41.54396 3.26215 0 45.61519 47.48362 33.15885 57.85461 111.65287000000001 112.00038 126.60018 
135.72159 123.36868 108.09082 64.46948 61.67808 27.962699999999998 8.08513 14.44537 11.27631 32.96148 46.08778 62.81551 52.4356 60.37329 75.69309 109.99146 115.14614 121.98563 130.42763 140.99146 144.65526 176.9045 163.99489 170.37874 154.98266 121.16714 144.01902 182.58454999999998 171.50619 158.67555 151.75477999999998 183.48519 153.10192 128.96412 122.00954999999999 93.41064 96.06045999999999 106.12711999999999 139.26235 130.22083 60.39699 97.06405 92.93925 108.32349 110.17053 89.03955 78.71446 47.57842 45.61519 0 1.86843 17.10332 23.325059999999997 66.04963 66.40674 81.25474 
133.8917 121.57708 106.34714 62.71392 60.39951 26.17736 7.88578 16.23677 12.70487 34.39004 47.95621 62.39867 53.62792 61.55853 76.69328 110.50042 115.5309 121.33773 130.52754 140.79211 144.38442 176.99153 164.16628 170.74845 156.02931 121.29857000000001 143.63919 181.73554 170.62372 157.85569 151.04568 183.09803 152.26961 127.79203 121.32518 92.04883000000001 94.65323 104.70258 138.64585 131.54569 61.24789 98.09123 94.47275 109.85102 111.59292 90.69837 80.49845 49.42008 47.48362 1.86843 0 15.23489 21.45666 64.18679 64.53831 79.38631 
148.86132 136.73055 121.53377 77.93492 75.21143 39.08775 22.46603 17.74852 14.21662 35.90179 53.71559 68.71389 51.263560000000005 58.91834 75.61639 113.33860999999999 119.42510000000001 126.10942 136.38567 145.13699 148.66347 182.94776 169.35879 174.42879000000002 153.5269 127.18422 150.95497 192.66808 181.93686 169.55289 162.01023 192.18893 164.17604999999998 139.85809 133.25808999999998 106.28769 108.72948 117.31821 148.49648 138.71727 61.85494 96.31311 87.41335 102.576 105.58946 82.51478 69.5463 36.421 33.15885 17.10332 15.23489 0 26.23361 79.42168000000001 79.16093 94.51013 
129.97336 119.58427 106.30208999999999 63.56556 62.88284 20.467799999999997 29.34244 35.56161 33.79848 55.34367999999999 64.88773 81.61546000000001 73.52108 81.45877 97.25228 130.5332 135.24126 140.67882 149.32667 160.10675 163.83205 195.74257999999998 183.1827 190.67757999999998 176.09890000000001 140.08194 162.82332 195.80703 184.26170000000002 170.99196 165.49796 199.30857 165.19405 140.55444 134.91933 100.2781 103.50024 116.91304000000001 153.6517 146.63739 81.61582 118.26882 112.83111 128.12036 130.54054 107.82451 95.77991 58.83558 57.85461 23.325059999999997 21.45666 26.23361 0 59.39435 59.88248 77.32152 
73.90688 63.390280000000004 47.28323 17.71956 24.24021 40.46886 64.13484 75.63943 74.28461 91.94744 77.18603999999999 89.83551 105.44165000000001 112.47903 122.07225 138.71168 139.60857 142.0832 145.11551 159.41371 163.26021 186.05685 177.40258 189.82389 197.37225 136.20329 149.73505 164.51261 151.80525 137.65093 137.27947 176.34854 131.71124 108.65864 105.13548 60.57084 64.94963 85.89183 129.9865 130.05773 105.47326 141.33316 150.03773999999999 164.54312 163.88393 149.1993 142.15761 113.58795 111.65287000000001 66.04963 64.18679 79.42168000000001 59.39435 0 0.60407 19.25289 
73.30281 62.786210000000004 46.67916 17.11549 23.63614 41.07293 64.43799 75.6352 74.45387 91.8775 76.58197 89.6411 105.60814 111.93751 121.46818 138.49159 139.40613 141.47913 144.51144 158.95711 162.86078 185.45278 177.08023 189.53715 197.29991 135.92514 149.13098 163.93405 151.26905 137.10875 136.79035 175.88391 131.17504 108.15664 104.53141000000001 60.05019 64.36386 85.28776 129.54191 129.66609 104.86919 141.32036 150.02123 164.75601 163.78771 149.37946 142.39802 113.95839 112.00038 66.40674 64.53831 79.16093 59.88248 0.60407 0 18.64882 
54.65399 56.36677 40.25972 18.40369 24.07847 59.069 78.91521 88.54023 88.74131 103.23554 82.27009 93.36354 114.05001 119.97486 127.0611 140.71948 141.16389 141.81990000000002 145.22432 155.50951 159.34672 178.51239 171.61152 185.44594 200.12585 132.29914 142.35784 150.72515 137.96083 123.80141 125.15272999999999 165.05597 119.21391 96.16711 93.51293 48.07351 52.43676 75.06617 119.70908 122.45802 111.30566 145.94467 158.64426 172.7056 170.73209 159.3095 154.04622 128.71451 126.60018 81.25474 79.38631 94.51013 77.32152 19.25289 18.64882 0 
