9
3 9 1 25 7 4 2 5 0
0 80.4145 141.03512 136.90251 162.41491000000002 184.42916 132.31086 162.02546 68.87891 
80.4145 0 60.62062 56.48801 126.2056 165.50092 132.80342000000002 148.11961 149.29341 
141.03512 60.62062 0 117.10863 147.16839 142.35194 193.42404 149.75007 152.25776 
136.90251 56.48801 117.10863 0 69.71759 148.4537 151.47073 166.78692 147.29325 
162.41491000000002 126.2056 147.16839 69.71759 0 89.57964 181.07306 141.70805000000001 217.01083999999997 
184.42916000000002 165.50092 142.35194 148.4537 89.57964 0 117.62364 149.44531999999998 136.85415 
132.31086 132.80342000000002 193.42404000000002 151.47073 181.07306 117.62364 0 91.55427 183.10251 
162.02546 148.11961 149.75007 166.78692 141.70805000000001 149.44531999999998 91.55427 0 148.13206 
68.87891 149.29341 152.25776 147.29325 217.01084 136.85415 183.10251 148.13206 0 
