27
loc99 loc25 loc81 loc62 loc6 loc88 loc8 loc13 loc75 loc91 loc72 loc23 loc84 loc40 loc49 loc33 loc86 loc45 loc95 loc26 loc34 loc29 loc90 loc16 loc24 loc7 loc0
0 0.278 0.41600000000000004 0.681 0.427 0.505 0.576 0.68 0.863 0.661 0.596 0.193 0.306 0.62 0.45299999999999996 0.723 0.645 0.482 0.6930000000000001 0.419 0.589 0.945 0.675 0.9849999999999999 0.577 0.382 0.215 
0.278 0 0.138 0.484 0.7050000000000001 0.783 0.854 0.549 1.009 0.7589999999999999 0.735 0.47100000000000003 0.5840000000000001 0.632 0.565 0.6819999999999999 0.585 0.594 0.7050000000000001 0.609 0.867 0.982 0.577 0.825 0.7090000000000001 0.394 0.49300000000000005 
0.41600000000000004 0.138 0 0.346 0.6359999999999999 0.813 0.742 0.41100000000000003 0.886 0.897 0.833 0.609 0.548 0.77 0.703 0.751 0.447 0.594 0.636 0.747 1.005 0.8440000000000001 0.43899999999999995 0.687 0.571 0.532 0.631 
0.681 0.484 0.346 0 0.29 0.623 0.694 0.537 0.69 0.73 0.747 0.488 0.375 0.786 0.45899999999999996 0.565 0.536 0.248 0.29 0.608 0.725 0.652 0.093 0.341 0.7230000000000001 0.7110000000000001 0.51 
0.427 0.7050000000000001 0.636 0.29 0 0.333 0.404 0.612 0.98 0.7270000000000001 1.0150000000000001 0.62 0.665 1.0110000000000001 0.749 0.855 0.8260000000000001 0.538 0.58 0.846 0.869 0.9420000000000001 0.383 0.631 0.982 0.809 0.642 
0.505 0.783 0.8130000000000001 0.623 0.333 0 0.071 0.402 0.692 0.394 0.829 0.698 0.749 0.785 0.685 0.9550000000000001 1.08 0.739 0.913 0.846 1.0179999999999998 0.938 0.646 0.964 0.657 0.887 0.72 
0.576 0.854 0.742 0.694 0.404 0.071 0 0.331 0.763 0.465 0.783 0.7689999999999999 0.8200000000000001 0.856 0.756 1.026 1.1480000000000001 0.8099999999999999 0.9349999999999999 0.917 0.947 0.867 0.717 1.035 0.728 0.958 0.7909999999999999 
0.68 0.549 0.41100000000000003 0.537 0.612 0.402 0.331 0 0.475 0.7729999999999999 0.77 0.6880000000000001 0.732 1.086 0.762 1.022 0.8220000000000001 0.785 0.8270000000000001 0.75 1.073 1.004 0.55 0.831 0.575 0.9430000000000001 0.666 
0.863 1.009 0.886 0.69 0.98 0.6920000000000001 0.763 0.475 0 0.298 0.845 0.766 0.653 0.7220000000000001 0.589 0.859 0.871 0.442 0.895 0.852 0.598 0.579 0.636 1.031 0.7190000000000001 0.857 0.788 
0.661 0.759 0.897 0.73 0.7270000000000001 0.394 0.465 0.7729999999999999 0.298 0 0.547 0.46799999999999997 0.355 0.766 0.291 0.5609999999999999 0.865 0.494 0.858 0.554 0.896 0.877 0.6779999999999999 1.071 0.6819999999999999 0.6910000000000001 0.49 
0.596 0.7350000000000001 0.833 0.747 1.0150000000000001 0.829 0.783 0.77 0.845 0.547 0 0.583 0.696 1.057 0.8380000000000001 1.0230000000000001 0.901 0.762 0.771 0.53 0.783 1.139 0.654 1.088 0.9390000000000001 0.746 0.605 
0.193 0.471 0.609 0.488 0.62 0.698 0.7689999999999999 0.6880000000000001 0.766 0.46799999999999997 0.583 0 0.113 0.524 0.608 0.756 0.452 0.627 0.629 0.5640000000000001 0.782 1.089 0.53 0.829 0.648 0.317 0.022 
0.306 0.584 0.548 0.375 0.665 0.749 0.82 0.732 0.653 0.355 0.696 0.113 0 0.411 0.6459999999999999 0.869 0.5650000000000001 0.623 0.665 0.677 0.895 1.0270000000000001 0.46799999999999997 0.716 0.704 0.336 0.135 
0.62 0.632 0.77 0.786 1.0110000000000001 0.785 0.856 1.086 0.7220000000000001 0.766 1.057 0.524 0.411 0 0.492 0.762 0.46599999999999997 0.705 1.0470000000000002 1.037 1.209 1.137 0.879 1.127 1.115 0.7110000000000001 0.546 
0.45299999999999996 0.5650000000000001 0.7030000000000001 0.45899999999999996 0.7489999999999999 0.685 0.756 0.762 0.589 0.291 0.8380000000000001 0.608 0.6459999999999999 0.492 0 0.27 0.5740000000000001 0.213 0.5670000000000001 0.845 1.036 1.018 0.5519999999999999 0.8 0.774 0.647 0.629 
0.723 0.6819999999999999 0.751 0.565 0.855 0.955 1.026 1.022 0.859 0.5609999999999999 1.0230000000000001 0.756 0.869 0.762 0.27 0 0.304 0.483 0.8370000000000001 0.915 1.104 0.9750000000000001 0.472 0.9059999999999999 0.6739999999999999 0.6930000000000001 0.734 
0.645 0.585 0.447 0.536 0.8260000000000001 1.0799999999999998 1.1480000000000001 0.8220000000000001 0.871 0.865 0.9010000000000001 0.45200000000000007 0.5650000000000001 0.46599999999999997 0.5740000000000001 0.304 0 0.65 0.8260000000000001 0.8250000000000001 0.915 0.671 0.629 0.877 0.719 0.7010000000000001 0.43000000000000005 
0.482 0.594 0.594 0.248 0.538 0.739 0.8099999999999999 0.785 0.442 0.494 0.762 0.627 0.623 0.7050000000000001 0.213 0.483 0.65 0 0.521 0.839 0.833 0.9 0.34099999999999997 0.589 0.8029999999999999 0.698 0.612 
0.6930000000000001 0.7050000000000001 0.636 0.29 0.58 0.913 0.9349999999999999 0.8270000000000001 0.895 0.8580000000000001 0.771 0.629 0.665 1.0470000000000002 0.5670000000000001 0.8370000000000001 0.8260000000000001 0.521 0 0.318 0.9239999999999999 0.9420000000000001 0.383 0.631 0.882 0.809 0.651 
0.419 0.609 0.747 0.608 0.846 0.8460000000000001 0.917 0.75 0.8520000000000001 0.554 0.53 0.5640000000000001 0.677 1.037 0.845 0.915 0.8250000000000001 0.839 0.318 0 1.008 1.157 0.634 0.9490000000000001 0.7150000000000001 0.726 0.542 
0.589 0.867 1.005 0.725 0.869 1.018 0.947 1.073 0.598 0.8959999999999999 0.783 0.782 0.895 1.209 1.036 1.104 0.915 0.833 0.9239999999999999 1.008 0 0.356 0.632 1.066 0.893 0.775 0.804 
0.945 0.9820000000000001 0.8440000000000001 0.652 0.942 0.938 0.867 1.004 0.579 0.877 1.1389999999999998 1.089 1.0270000000000001 1.137 1.018 0.9750000000000001 0.671 0.9 0.9420000000000001 1.157 0.356 0 0.559 0.9930000000000001 1.116 1.072 1.101 
0.675 0.577 0.43899999999999995 0.093 0.383 0.646 0.717 0.55 0.636 0.6779999999999999 0.654 0.53 0.46799999999999997 0.879 0.5519999999999999 0.472 0.629 0.34099999999999997 0.38299999999999995 0.634 0.632 0.559 0 0.43400000000000005 0.725 0.804 0.55 
0.9849999999999999 0.825 0.6869999999999999 0.341 0.631 0.964 1.035 0.831 1.031 1.071 1.088 0.829 0.716 1.127 0.7999999999999999 0.906 0.877 0.589 0.6310000000000001 0.9490000000000001 1.066 0.9930000000000001 0.43400000000000005 0 0.408 1.052 0.851 
0.577 0.709 0.571 0.723 0.9820000000000001 0.657 0.728 0.575 0.7190000000000001 0.6819999999999999 0.9390000000000001 0.648 0.704 1.115 0.7739999999999999 0.6739999999999999 0.719 0.8029999999999999 0.882 0.7150000000000001 0.893 1.116 0.725 0.408 0 0.881 0.67 
0.382 0.394 0.532 0.7110000000000001 0.8089999999999999 0.887 0.958 0.9430000000000001 0.857 0.6910000000000001 0.746 0.317 0.336 0.7110000000000001 0.647 0.6930000000000001 0.7010000000000001 0.698 0.809 0.726 0.775 1.072 0.804 1.052 0.881 0 0.339 
0.215 0.493 0.631 0.51 0.642 0.72 0.7909999999999999 0.666 0.788 0.49 0.605 0.022 0.135 0.546 0.629 0.734 0.43000000000000005 0.612 0.651 0.542 0.8039999999999999 1.101 0.55 0.851 0.6699999999999999 0.339 0 
