25
AC AB AE AO AH AG BB BA BC BK DZ DX EE EN EX EH EA AD AM CW AN CY CX DT AA
0 85.0 88.0 98.0 106.0 120.0 134.0 141.0 132.0 212.0 224.0 240.0 255.0 580.0 466.0 680.0 239.0 75.0 141.0 153.0 71.0 83.0 57.0 20.0 15.0 
85.0 0 3.0 13.0 21.0 35.0 49.0 56.0 47.0 127.0 139.0 155.0 170.0 495.0 381.0 595.0 154.0 130.0 196.0 208.0 126.0 138.0 112.0 75.0 70.0 
88.0 3.0 0 10.0 24.0 38.0 52.0 59.0 50.0 130.0 142.0 158.0 173.0 498.0 384.0 598.0 157.0 133.0 199.0 211.0 129.0 141.0 115.0 78.0 73.0 
98.0 13.0 10.0 0 34.0 48.0 62.0 69.0 60.0 140.0 152.0 168.0 183.0 508.0 394.0 608.0 167.0 143.0 209.0 221.0 139.0 151.0 125.0 88.0 83.0 
106.0 21.0 24.0 34.0 0 56.0 70.0 77.0 68.0 148.0 160.0 176.0 191.0 516.0 402.0 616.0 175.0 151.0 217.0 229.0 147.0 159.0 133.0 96.0 91.0 
120.0 35.0 38.0 48.0 56.0 0 14.0 21.0 12.0 92.0 104.0 120.0 135.0 460.0 346.0 560.0 119.0 165.0 231.0 243.0 161.0 173.0 147.0 110.0 105.0 
134.0 49.0 52.0 62.0 70.0 14.0 0 35.0 26.0 106.0 118.0 134.0 149.0 474.0 360.0 574.0 133.0 179.0 245.0 257.0 175.0 187.0 161.0 124.0 119.0 
141.0 56.0 59.0 69.0 77.0 21.0 35.0 0 33.0 113.0 125.0 141.0 156.0 481.0 367.0 581.0 140.0 186.0 252.0 264.0 182.0 194.0 168.0 131.0 126.0 
132.0 47.0 50.0 60.0 68.0 12.0 26.0 33.0 0 80.0 92.0 108.0 123.0 448.0 334.0 548.0 107.0 177.0 243.0 255.0 173.0 185.0 159.0 122.0 117.0 
212.0 127.0 130.0 140.0 148.0 92.0 106.0 113.0 80.0 0 12.0 28.0 43.0 368.0 254.0 468.0 27.0 257.0 323.0 335.0 253.0 265.0 239.0 202.0 197.0 
224.0 139.0 142.0 152.0 160.0 104.0 118.0 125.0 92.0 12.0 0 16.0 31.0 356.0 242.0 456.0 15.0 269.0 335.0 347.0 265.0 277.0 251.0 214.0 209.0 
240.0 155.0 158.0 168.0 176.0 120.0 134.0 141.0 108.0 28.0 16.0 0 25.0 350.0 236.0 450.0 9.0 285.0 351.0 363.0 281.0 293.0 267.0 230.0 225.0 
255.0 170.0 173.0 183.0 191.0 135.0 149.0 156.0 123.0 43.0 31.0 25.0 0 325.0 211.0 425.0 24.0 300.0 366.0 378.0 296.0 308.0 282.0 245.0 240.0 
580.0 495.0 498.0 508.0 516.0 460.0 474.0 481.0 448.0 368.0 356.0 350.0 325.0 0 486.0 700.0 349.0 625.0 691.0 703.0 621.0 633.0 607.0 570.0 565.0 
466.0 381.0 384.0 394.0 402.0 346.0 360.0 367.0 334.0 254.0 242.0 236.0 211.0 486.0 0 586.0 235.0 511.0 577.0 589.0 507.0 519.0 493.0 456.0 451.0 
680.0 595.0 598.0 608.0 616.0 560.0 574.0 581.0 548.0 468.0 456.0 450.0 425.0 700.0 586.0 0 449.0 725.0 791.0 803.0 721.0 733.0 707.0 670.0 665.0 
239.0 154.0 157.0 167.0 175.0 119.0 133.0 140.0 107.0 27.0 15.0 9.0 24.0 349.0 235.0 449.0 0 284.0 350.0 362.0 280.0 292.0 266.0 229.0 224.0 
75.0 130.0 133.0 143.0 151.0 165.0 179.0 186.0 177.0 257.0 269.0 285.0 300.0 625.0 511.0 725.0 284.0 0 66.0 78.0 15.0 27.0 29.0 65.0 60.0 
141.0 196.0 199.0 209.0 217.0 231.0 245.0 252.0 243.0 323.0 335.0 351.0 366.0 691.0 577.0 791.0 350.0 66.0 0 12.0 81.0 93.0 95.0 131.0 126.0 
153.0 208.0 211.0 221.0 229.0 243.0 257.0 264.0 255.0 335.0 347.0 363.0 378.0 703.0 589.0 803.0 362.0 78.0 12.0 0 93.0 105.0 107.0 143.0 138.0 
71.0 126.0 129.0 139.0 147.0 161.0 175.0 182.0 173.0 253.0 265.0 281.0 296.0 621.0 507.0 721.0 280.0 15.0 81.0 93.0 0 12.0 14.0 51.0 56.0 
83.0 138.0 141.0 151.0 159.0 173.0 187.0 194.0 185.0 265.0 277.0 293.0 308.0 633.0 519.0 733.0 292.0 27.0 93.0 105.0 12.0 0 26.0 63.0 68.0 
57.0 112.0 115.0 125.0 133.0 147.0 161.0 168.0 159.0 239.0 251.0 267.0 282.0 607.0 493.0 707.0 266.0 29.0 95.0 107.0 14.0 26.0 0 37.0 42.0 
20.0 75.0 78.0 88.0 96.0 110.0 124.0 131.0 122.0 202.0 214.0 230.0 245.0 570.0 456.0 670.0 229.0 65.0 131.0 143.0 51.0 63.0 37.0 0 5.0 
15.0 70.0 73.0 83.0 91.0 105.0 119.0 126.0 117.0 197.0 209.0 225.0 240.0 565.0 451.0 665.0 224.0 60.0 126.0 138.0 56.0 68.0 42.0 5.0 0 
