17
SC11 SC10 SC09 SC08 SC03 SB11 SB10 SB09 SB08 SB03 SB02 SA11 SA10 SA09 SA08 SA03 SA01
0 1.0 2.0 11.0 25.0 43.0 44.0 45.0 54.0 68.0 73.0 87.0 88.0 89.0 98.0 112.0 130.0 
1.0 0 1.0 10.0 24.0 42.0 43.0 44.0 53.0 67.0 72.0 86.0 87.0 88.0 97.0 111.0 129.0 
2.0 1.0 0 9.0 23.0 41.0 42.0 43.0 52.0 66.0 71.0 85.0 86.0 87.0 96.0 110.0 128.0 
11.0 10.0 9.0 0 14.0 32.0 33.0 34.0 43.0 57.0 62.0 76.0 77.0 78.0 87.0 101.0 119.0 
25.0 24.0 23.0 14.0 0 22.0 23.0 24.0 33.0 47.0 52.0 66.0 67.0 68.0 77.0 91.0 109.0 
43.0 42.0 41.0 32.0 22.0 0 1.0 2.0 11.0 25.0 30.0 44.0 45.0 46.0 55.0 69.0 87.0 
44.0 43.0 42.0 33.0 23.0 1.0 0 1.0 10.0 24.0 29.0 43.0 44.0 45.0 54.0 68.0 86.0 
45.0 44.0 43.0 34.0 24.0 2.0 1.0 0 9.0 23.0 28.0 42.0 43.0 44.0 53.0 67.0 85.0 
54.0 53.0 52.0 43.0 33.0 11.0 10.0 9.0 0 14.0 19.0 33.0 34.0 35.0 44.0 58.0 76.0 
68.0 67.0 66.0 57.0 47.0 25.0 24.0 23.0 14.0 0 5.0 23.0 24.0 25.0 34.0 48.0 66.0 
73.0 72.0 71.0 62.0 52.0 30.0 29.0 28.0 19.0 5.0 0 20.0 21.0 22.0 31.0 45.0 63.0 
87.0 86.0 85.0 76.0 66.0 44.0 43.0 42.0 33.0 23.0 20.0 0 1.0 2.0 11.0 25.0 43.0 
88.0 87.0 86.0 77.0 67.0 45.0 44.0 43.0 34.0 24.0 21.0 1.0 0 1.0 10.0 24.0 42.0 
89.0 88.0 87.0 78.0 68.0 46.0 45.0 44.0 35.0 25.0 22.0 2.0 1.0 0 9.0 23.0 41.0 
98.0 97.0 96.0 87.0 77.0 55.0 54.0 53.0 44.0 34.0 31.0 11.0 10.0 9.0 0 14.0 32.0 
112.0 111.0 110.0 101.0 91.0 69.0 68.0 67.0 58.0 48.0 45.0 25.0 24.0 23.0 14.0 0 22.0 
130.0 129.0 128.0 119.0 109.0 87.0 86.0 85.0 76.0 66.0 63.0 43.0 42.0 41.0 32.0 22.0 0 
