13
24 6 19 49 8 20 27 21 18 34 17 23 45
0 7220876.19351 4476288.76107 6486405.42286 7895364.28735 8966669.40906 11281943.14267 6048542.08616 6231557.90313 5707031.21198 9596492.70773 10399755.1685 4685373.75834 
7220876.19351 0 6830373.44558 9874201.18617 14158333.46682 15649122.4193 18499121.92251 13266044.26946 11939154.33095 10163018.67109 14062533.07707 13520076.15002 5604859.66503 
4476288.76107 6830373.44558 0 3097669.86559 7795214.009 9553371.69552 13819085.47425 8957248.12865 10653523.67795 10143357.89307 14072646.68407 14774079.02567 7838934.19431 
6486405.42286 9874201.18617 3097669.86559 0 5871114.922 7818757.61883 13046832.03658 8913962.41632 12062002.22232 12089062.34527 15724023.22191 16817537.66483 10606996.49852 
7895364.28735 14158333.46682 7795214.009 5871114.922 0 1965619.44196 7758174.47219 5460185.00946 10564832.84408 11715721.51645 14216497.84517 16080613.60137 12537418.67981 
8966669.40906 15649122.4193 9553371.69552 7818757.61883 1965619.44196 0 6034211.63125 5041009.60141 10450344.04339 11938881.29873 13919833.26019 16000134.26681 13444547.44816 
11281943.14267 18499121.92251 13819085.47425 13046832.03658 7758174.47219 6034211.63125 0 5233521.41064 8993752.21932 11212214.55492 11297782.8074 13813475.25462 14577386.75969 
6048542.08616 13266044.26946 8957248.12865 8913962.41632 5460185.00946 5041009.60141 5233521.41064 0 5428406.30254 7111018.48989 8890706.04908 10967436.84969 9605222.49295 
6231557.90313 11939154.33095 10653523.67795 12062002.22232 10564832.84408 10450344.04339 8993752.21932 5428406.30254 0 2329173.99883 3747499.96145 5553227.70787 6689933.36408 
5707031.21198 10163018.67109 10143357.89307 12089062.34527 11715721.51645 11938881.29873 11212214.55492 7111018.48989 2329173.99883 0 4085498.12715 4730032.1745 4657658.91341 
9596492.70773 14062533.07707 14072646.68407 15724023.22191 14216497.84517 13919833.26019 11297782.8074 8890706.04908 3747499.96145 4085498.12715 0 2580907.91717 8460580.69092 
10399755.1685 13520076.15002 14774079.02567 16817537.66483 16080613.60137 16000134.26681 13813475.25462 10967436.84969 5553227.70787 4730032.1745 2580907.91717 0 8033983.69203 
4685373.75834 5604859.66503 7838934.19431 10606996.49852 12537418.67981 13444547.44816 14577386.75969 9605222.49295 6689933.36408 4657658.91341 8460580.69092 8033983.69203 0 
