29
73 1 77 55 91 43 10 53 45 70 6 92 51 29 84 81 11 50 26 7 9 31 97 89 14 24 61 32 5
0 3773827.82444 3238552.4517 3792256.17861 5065845.14957 7475887.8718 10276072.94594 11498114.69514 12237916.17107 13001483.89219 14280083.04142 15988473.82027 11934478.74217 9297757.44325 8192377.75115 12290938.10594 12007419.92835 12439837.20445 13960314.20241 13497178.1308 10770994.83653 9964521.91733 9931497.63289 8537075.94949 4901032.16538 4796935.05093 3816590.7696 285293.68459 268808.91209 
3773827.82444 0 3990216.80968 3923837.34562 4487893.72115 4449084.23233 7474788.70686 8150407.35186 8538962.34555 9278963.56255 10601202.36723 12292710.69784 8192011.46111 5554796.24579 5183239.78916 9211668.85301 8842578.89606 9016623.82708 10857359.89365 10355026.64627 9045419.85389 8537959.55218 9239870.70895 7433346.00513 4586713.13333 4462954.50874 3692084.41024 3896414.54294 4041470.31074 
3238552.4517 3990216.80968 0 678022.1294 1959006.0863 5513704.02187 7822631.9907 9542546.954 10947650.34605 11771717.86603 14080471.19607 15701177.55661 11528520.34665 8993342.97404 9173193.80125 13177517.69224 12790599.64825 12844429.13489 14810003.36885 14299915.72076 12798051.48137 12160339.51755 12507591.85675 10878649.34231 7442314.72165 7320075.8166 6321483.1636 3523618.8694 3320928.19677 
3792256.17861 3923837.34562 678022.1294 0 1303033.14322 4916760.4349 7154581.45478 8916036.03645 10403279.54885 11231974.8764 13697448.60389 15295030.67701 11125501.08512 8635270.03115 9068474.12156 13009486.34123 12604308.57654 12582183.26153 14623635.10664 14107025.3672 12887529.86698 12296350.04484 12743163.89437 11062152.59123 7718607.66452 7594015.62161 6612070.32893 4076898.51925 3900908.92908 
5065845.14957 4487893.72115 1959006.0863 1303033.14322 0 4162522.06767 6039395.99313 7984205.4827 9729405.9337 10565174.88861 13415032.867 14949425.56056 10815713.28507 8462135.38061 9410238.29203 13190098.77252 12751939.49912 12574720.86662 14757448.27646 14230960.79327 13531346.27756 13018514.7296 13614239.0529 11865331.11038 8680486.79569 8554091.32518 7604888.10222 5348755.47769 5187651.16385 
7475887.8718 4449084.23233 5513704.02187 4916760.4349 4162522.06767 0 3030130.8706 4076330.8588 5567090.75406 6402974.76387 9560246.614 10990956.9555 6973765.43122 5011923.65494 7271019.28211 10301382.37674 9798874.07814 9257598.27383 11691150.7403 11158481.28944 12031225.82651 11832841.93762 12974722.5686 11071650.59082 8875506.55231 8758944.62649 8096398.8506 7697768.62275 7704222.60564 
10276072.94594 7474788.70686 7822631.9907 7154581.45478 6039395.99313 3030130.8706 0 2524856.16028 5220630.04126 5951558.96154 10189526.81602 11290535.36359 7853020.42422 6772781.08227 9764364.19794 12128623.60056 11597877.46686 10727549.16923 13292612.64088 12778027.12119 14607400.40435 14528635.51563 15806684.70998 13897720.95568 11888977.38055 11773980.5374 11125815.13882 10518960.92601 10483522.65183 
11498114.69514 8150407.35186 9542546.954 8916036.03645 7984205.4827 4076330.8588 2524856.16028 0 2834964.41067 3488930.09949 7960134.24351 8912780.12257 5860265.66275 5534299.72953 8983589.19617 10569695.14684 10035278.87367 8953829.35221 11527363.24126 11039627.40026 13753023.8454 13855311.41014 15356355.55219 13475995.09257 12101481.50516 12000215.10779 11533052.72402 11705961.89909 11735491.06333 
12237916.17107 8538962.34555 10947650.34605 10403279.54885 9729405.9337 5567090.75406 5220630.04126 2834964.41067 0 836050.65698 5147543.60077 6087901.159 3302742.92373 4072755.82695 7634960.93156 8264993.53341 7744557.66989 6485959.97861 9005286.1723 8550637.10062 12079145.66624 12371407.57898 14066384.16605 12279047.46708 11673337.73748 11592846.86755 11354854.98897 12395735.59623 12497699.89273 
13001483.89219 9278963.56255 11771717.86603 11231974.8764 10565174.88861 6402974.76387 5951558.96154 3488930.09949 836050.65698 0 4685773.04835 5450245.30492 3237277.00744 4531216.84567 8013265.54707 8227432.77579 7722858.53306 6374933.7862 8819795.03016 8393424.08858 12288677.09443 12646798.58902 14393857.02797 12647689.91596 12245203.65965 12169808.64905 11980430.39627 13152733.15994 13263010.6566 
14280083.04142 10601202.36723 14080471.19607 13697448.60389 13415032.867 9560246.614 10189526.81602 7960134.24351 5147543.60077 4685773.04835 0 1723044.3186 2602467.37489 5099549.94827 6888479.88269 4761076.63587 4420951.20719 2940522.90512 4655912.41411 4373432.64734 9624910.22666 10312051.67106 12238420.26131 10852596.58908 11840635.10578 11809796.60357 12014313.18451 14344250.99026 14547659.46159 
15988473.82027 12292710.69784 15701177.55661 15295030.67701 14949425.56056 10990956.9555 11290535.36359 8912780.12257 6087901.159 5450245.30492 1723044.3186 0 4172668.09966 6760599.74189 8578255.39809 6044930.03377 5798457.4211 4420121.61896 5519601.59982 5379753.76344 10983126.08851 11744561.57016 13682168.26392 12391737.20191 13536517.1478 13508569.84575 13730289.70156 16056464.3847 16256397.60261 
11934478.74217 8192011.46111 11528520.34665 11125501.08512 10815713.28507 6973765.43122 7853020.42422 5860265.66275 3302742.92373 3237277.00744 2602467.37489 4172668.09966 0 2638066.52314 5325052.93815 4995383.39743 4486919.42692 3183440.49184 5713111.85221 5250628.75068 9172770.25682 9623864.61297 11449578.44676 9809843.05477 10062852.32803 10011216.93724 10051155.9282 12022831.12497 12203273.68713 
9297757.44325 5554796.24579 8993342.97404 8635270.03115 8462135.38061 5011923.65494 6772781.08227 5534299.72953 4072755.82695 4531216.84567 5099549.94827 6760599.74189 2638066.52314 0 3586966.69639 5389191.07448 4866887.04621 4248450.23739 6694678.55463 6164031.62494 8236986.61589 8410444.25051 10035795.24895 8221402.10363 7764476.44917 7696601.68495 7606416.28035 9389129.29309 9566565.65735 
8192377.75115 5183239.78916 9173193.80125 9068474.12156 9410238.29203 7271019.28211 9764364.19794 8983589.19617 7634960.93156 8013265.54707 6888479.88269 8578255.39809 5325052.93815 3586966.69639 0 4108758.26564 3815980.00445 4436057.00499 5777662.31066 5306311.09254 4845298.65631 4871722.35818 6449081.10307 4644339.06011 4959420.18238 4934595.80219 5246531.11121 8173955.1243 8441037.26211 
12290938.10594 9211668.85301 13177517.69224 13009486.34123 13190098.77252 10301382.37674 12128623.60056 10569695.14684 8264993.53341 8227432.77579 4761076.63587 6044930.03377 4995383.39743 5389191.07448 4108758.26564 0 535131.45673 1928860.21991 1669698.19678 1225474.3316 4939973.6298 5741424.59313 7678242.05813 6567244.80262 8564823.49886 8577635.76676 9114069.95691 12262660.08816 12536359.48036 
12007419.92835 8842578.89606 12790599.64825 12604308.57654 12751939.49912 9798874.07814 11597877.46686 10035278.87367 7744557.66989 7722858.53306 4420951.20719 5798457.4211 4486919.42692 4866887.04621 3815980.00445 535131.45673 0 1508554.18707 2019940.1352 1512597.7706 5209746.4178 5946123.52632 7883951.36213 6664879.2331 8440279.61319 8445369.20877 8931057.75697 11989852.90827 12256738.61013 
12439837.20445 9016623.82708 12844429.13489 12582183.26153 12574720.86662 9257598.27383 10727549.16923 8953829.35221 6485959.97861 6374933.7862 2940522.90512 4420121.61896 3183440.49184 4248450.23739 4436057.00499 1928860.21991 1508554.18707 0 2578449.6058 2086088.93998 6688263.9055 7374681.79905 9304532.67542 7971746.76662 9337016.97876 9324695.58069 9682477.14208 12455888.16428 12699181.00233 
13960314.20241 10857359.89365 14810003.36885 14623635.10664 14757448.27646 11691150.7403 13292612.64088 11527363.24126 9005286.1723 8819795.03016 4655912.41411 5519601.59982 5713111.85221 6694678.55463 5777662.31066 1669698.19678 2019940.1352 2578449.6058 0 533519.12202 5913151.70467 6851280.96603 8742911.07031 7879745.48391 10157704.45567 10177115.50024 10749356.72982 13930932.07062 14205404.82956 
13497178.1308 10355026.64627 14299915.72076 14107025.3672 14230960.79327 11158481.28944 12778027.12119 11039627.40026 8550637.10062 8393424.08858 4373432.64734 5379753.76344 5250628.75068 6164031.62494 5306311.09254 1225474.3316 1512597.7706 2086088.93998 533519.12202 0 5803730.97066 6697017.0126 8612847.47997 7647314.34253 9781854.16766 9796527.06486 10339435.69029 13473381.05018 13744348.95369 
10770994.83653 9045419.85389 12798051.48137 12887529.86698 13531346.27756 12031225.82651 14607400.40435 13753023.8454 12079145.66624 12288677.09443 9624910.22666 10983126.08851 9172770.25682 8236986.61589 4845298.65631 4939973.6298 5209746.4178 6688263.9055 5913151.70467 5803730.97066 0 1067023.85213 2835480.45532 2516536.992 5975351.47502 6056911.00687 6974907.96991 10631557.6466 10953014.73744 
9964521.91733 8537959.55218 12160339.51755 12296350.04484 13018514.7296 11832841.93762 14528635.51563 13855311.41014 12371407.57898 12646798.58902 10312051.67106 11744561.57016 9623864.61297 8410444.25051 4871722.35818 5741424.59313 5946123.52632 7374681.79905 6851280.96603 6697017.0126 1067023.85213 0 1938674.14945 1510168.85852 5099404.80413 5191203.05612 6148715.34943 9808732.90225 10133071.96535 
9931497.63289 9239870.70895 12507591.85675 12743163.89437 13614239.0529 12974722.5686 15806684.70998 15356355.55219 14066384.16605 14393857.02797 12238420.26131 13682168.26392 11449578.44676 10035795.24895 6449081.10307 7678242.05813 7883951.36213 9304532.67542 8742911.07031 8612847.47997 2835480.45532 1938674.14945 0 1908971.37732 5087235.36778 5204872.05756 6213418.01845 9731965.89145 10056591.32866 
8537075.94949 7433346.00513 10878649.34231 11062152.59123 11865331.11038 11071650.59082 13897720.95568 13475995.09257 12279047.46708 12647689.91596 10852596.58908 12391737.20191 9809843.05477 8221402.10363 4644339.06011 6567244.80262 6664879.2331 7971746.76662 7879745.48391 7647314.34253 2516536.992 1510168.85852 1908971.37732 0 3642312.96707 3741934.2511 4725343.13299 8369093.18272 8694683.69674 
4901032.16538 4586713.13333 7442314.72165 7718607.66452 8680486.79569 8875506.55231 11888977.38055 12101481.50516 11673337.73748 12245203.65965 11840635.10578 13536517.1478 10062852.32803 7764476.44917 4959420.18238 8564823.49886 8440279.61319 9337016.97876 10157704.45567 9781854.16766 5975351.47502 5099404.80413 5087235.36778 3642312.96707 0 126775.80037 1126538.83567 4727729.91119 5053522.15482 
4796935.05093 4462954.50874 7320075.8166 7594015.62161 8554091.32518 8758944.62649 11773980.5374 12000215.10779 11592846.86755 12169808.64905 11809796.60357 13508569.84575 10011216.93724 7696601.68495 4934595.80219 8577635.76676 8445369.20877 9324695.58069 10177115.50024 9796527.06486 6056911.00687 5191203.05612 5204872.05756 3741934.2511 126775.80037 0 1008821.58165 4627215.14823 4952763.5173 
3816590.7696 3692084.41024 6321483.1636 6612070.32893 7604888.10222 8096398.8506 11125815.13882 11533052.72402 11354854.98897 11980430.39627 12014313.18451 13730289.70156 10051155.9282 7606416.28035 5246531.11121 9114069.95691 8931057.75697 9682477.14208 10749356.72982 10339435.69029 6974907.96991 6148715.34943 6213418.01845 4725343.13299 1126538.83567 1008821.58165 0 3661700.0445 3985294.97092 
285293.68459 3896414.54294 3523618.8694 4076898.51925 5348755.47769 7697768.62275 10518960.92601 11705961.89909 12395735.59623 13152733.15994 14344250.99026 16056464.3847 12022831.12497 9389129.29309 8173955.1243 12262660.08816 11989852.90827 12455888.16428 13930932.07062 13473381.05018 10631557.6466 9808732.90225 9731965.89145 8369093.18272 4727729.91119 4627215.14823 3661700.0445 0 326039.88081 
268808.91209 4041470.31074 3320928.19677 3900908.92908 5187651.16385 7704222.60564 10483522.65183 11735491.06333 12497699.89273 13263010.6566 14547659.46159 16256397.60261 12203273.68713 9566565.65735 8441037.26211 12536359.48036 12256738.61013 12699181.00233 14205404.82956 13744348.95369 10953014.73744 10133071.96535 10056591.32866 8694683.69674 5053522.15482 4952763.5173 3985294.97092 326039.88081 0 
