58
123 73 109 146 52 71 33 192 172 97 120 136 149 80 14 156 119 150 165 75 44 21 157 137 170 79 54 42 160 76 187 99 68 198 184 78 183 49 152 127 126 29 53 70 72 158 155 82 116 0 117 95 102 35 13 60 118 112
0 764535.18425 1298328.96462 3460406.18856 4155296.87092 4946088.28831 5990407.07892 6080931.78175 4643491.77478 4209717.46291 7107963.50708 7472549.73723 8789474.38499 9590749.48455 8549861.70849 8123019.65303 12299590.78673 12920294.45741 12943271.77817 11868576.25844 10280348.94238 10965774.05812 10916253.78954 11759704.55588 11700759.4234 11031145.66682 10197665.30884 9759397.85889 9191482.06618 10067132.35371 10992304.60303 12114232.46691 10977006.75775 9188206.90637 8281616.2995 7774553.00183 5864887.41693 6017430.0702 5741534.56923 2988760.63396 3141996.2583 3006345.73879 3973412.18753 5371468.8505 6455054.9098 4775339.6323 3945525.79753 4496524.46943 5126480.83634 4817325.33142 2910320.63915 1117601.36974 1940686.81558 1558566.15442 2253913.48295 3118730.20631 2121665.18154 613376.99512 
764535.18425 0 596884.86898 2696570.8886 3455992.75163 4291362.01657 5428722.17516 5677791.30317 4494687.71956 4091649.96142 7116862.90772 7628155.3299 8840431.4047 9183207.38314 8084955.58488 7595289.79932 11753405.1887 12346831.48891 12349504.22665 11206687.55056 9576241.84071 10245912.76501 10172200.44637 11019157.60021 10938098.80916 10267681.29841 9435516.30779 8996621.45333 8460783.75617 9342414.70855 10255781.723 11379324.92612 10221994.29717 8434781.11705 7520455.25366 7023469.80177 5111226.50683 5266524.77371 4990280.27484 2237533.06589 2400640.64098 2320889.20431 3259600.20761 4663579.33518 5749787.14474 4130592.0705 3568959.01774 4218185.2029 5113046.14844 5020656.3654 3150935.79482 1196428.21544 2568087.71216 2047005.78482 2599826.3766 3437696.6872 2857369.38999 1362836.72342 
1298328.96462 596884.86898 0 2216639.39479 3215102.12467 4114658.84792 5364603.79357 5777918.70935 4810952.80655 4434262.52341 7507197.87424 8093672.872 9247481.606 9255216.4371 8106640.79231 7553137.07323 11674873.33884 12235254.75924 12213227.15478 10980350.01419 9283931.99552 9921735.09224 9791618.36619 10646771.57546 10484064.12121 9807212.53478 8986523.19399 8491991.12339 7893377.96648 8770177.83714 9694010.10067 10815905.31843 9688648.40956 7898267.8568 7007938.18792 6482590.59044 4576874.636 4878120.44275 4602141.95725 1703634.8405 1846860.00824 1727179.76643 2678697.22318 4080162.13339 5165487.82007 3533707.41602 3069074.23495 3766628.23235 4823167.59853 4893783.85815 3101265.94781 1235745.98015 2872349.77178 2259667.31233 3167321.77755 3990005.42679 3418905.42067 1845410.05255 
3460406.18856 2696570.8886 2216639.39479 0 1709792.15558 2657248.54419 4149203.27665 5115729.61903 5090150.50925 4866889.24655 7891921.76549 8816290.15626 9640814.9987 8293454.97399 7012562.76793 6267438.33263 10168055.69297 10625967.10524 10536347.30927 9089680.65313 7265725.41827 7838953.00138 7626237.12259 8489067.35211 8267621.37334 7590597.03025 6771043.38803 6300998.17388 5898908.2798 6800670.20947 7657332.69524 8783414.28586 7549703.16274 5771425.85108 4829169.2859 4375317.6242 2464195.25827 2737355.74752 2467833.98763 616643.99507 665226.09107 1244108.07172 1195880.55099 2357945.75988 3384082.64778 2353812.66695 3353977.3446 4185910.76439 5801309.69536 6352110.09338 4863253.52346 3334795.47834 5055654.58185 4401243.70621 4750079.74378 5411950.73859 5529464.27224 4044594.69982 
4155296.87092 3455992.75163 3215102.12467 1709792.15558 0 970240.61842 2441068.15674 3475522.37396 3915917.4285 3818833.1923 6613556.64337 7708957.43905 8319369.95741 6583686.3181 5305292.71208 4582220.87815 8571157.81515 9081204.75473 9032281.36059 7767570.62936 6125294.11098 6817421.56783 6839265.73551 7661988.42321 7845582.17246 7218659.94059 6350172.07651 6261891.09282 6446744.1786 7350909.29098 8048692.8747 9150469.80094 7683275.05502 6018366.96818 4938386.46687 4776874.51506 3118670.26274 2113874.51452 1870524.28613 2208306.34375 2339859.51845 2910851.96445 2820405.78945 3613154.47899 4436483.99869 3924236.60803 5053515.70531 5886306.22816 7451372.61488 7880183.46012 6235926.20239 4450658.73001 6021569.34355 5457970.90869 4619014.38304 5054696.2995 5939348.25872 4766996.09702 
4946088.28831 4291362.01657 4114658.84792 2657248.54419 970240.61842 0 1507168.10651 2744861.99182 3710207.67103 3727979.52434 6215409.27955 7431268.11101 7856848.71491 5656801.66079 4360843.92049 3615236.67826 7609858.27245 8134832.81316 8100557.50468 6922670.35246 5397667.71131 6147684.67704 6306570.22094 7091167.52835 7505597.42477 6921015.89624 6046776.62571 6184146.85126 6691993.42965 7574317.28026 8168563.59589 9237477.68075 7665301.38236 6111257.52656 5001243.85417 5009229.53401 3603484.45442 2062575.06809 1910330.92877 3176139.65336 3300790.2244 3875317.24984 3710245.1256 4322095.43142 5015545.1885 4765188.34161 6010238.51805 6842595.07752 8420979.47051 8841684.15274 7173334.08637 5347410.28496 6855531.78358 6325430.18155 5059051.57785 5354772.23594 6576527.96079 5548212.37992 
5990407.07892 5428722.17516 5364603.79357 4149203.27665 2441068.15674 1507168.10651 0 1566126.31414 3359609.105 3560404.3273 5364140.2942 6724994.19215 6862825.8299 4150379.83326 2864282.20969 2192668.20892 6324825.11617 6929901.42419 6961156.27717 6099542.30518 4948898.60204 5798938.24533 6236101.72047 6915403.15048 7733762.95743 7236892.76386 6388500.28611 6847905.41878 7726838.84388 8567223.90922 9029922.16282 10039779.16436 8363300.57025 6991374.59975 5889786.60344 6079338.62258 4936804.05478 3113008.54554 3067189.57464 4639633.83182 4779474.07624 5346763.27852 5217408.92488 5772291.99008 6379399.01846 6264460.34455 7493753.18907 8326546.51163 9864078.34112 10203393.42896 8464289.41345 6566795.422 7930989.87375 7472233.63349 5567510.5419 5635629.73496 7324211.07099 6558991.03345 
6080931.78175 5677791.30317 5777918.70935 5115729.61903 3475522.37396 2744861.99182 1566126.31414 0 2270997.53327 2619245.30814 3822516.68472 5220212.84369 5296707.56923 3511325.04791 2535176.29799 2426303.73924 6472675.01627 7210100.90006 7351613.00183 6933131.92403 6146148.95028 7029802.09621 7606124.94539 8219661.64713 9202380.36542 8736079.21014 7901173.08558 8409953.83558 9268806.24521 10118485.0514 10594923.84696 11605819.10302 9925782.86839 8553746.41445 7449637.76768 7608603.28212 6340756.58855 4623797.95579 4544613.10125 5491093.47945 5670807.18977 6193595.33464 6279162.79629 7046440.47533 7759918.38039 7398298.68667 8332145.09253 9153723.32464 10529155.68573 10666146.36374 8824922.15454 6872029.25605 7976529.3005 7634085.64127 5072950.89705 4905786.91104 6987874.36825 6575180.80628 
4643491.77478 4494687.71956 4810952.80655 5090150.50925 3915917.4285 3710207.67103 3359609.105 2270997.53327 0 456058.63576 2809203.70598 3793876.04488 4566479.13256 5382087.92594 4681083.05833 4695198.90115 8654005.4169 9424997.61959 9592481.82658 9192445.39788 8276072.68652 9140837.77468 9592593.78832 10274022.91979 11032211.96682 10497701.21706 9632156.29924 9885080.83768 10334051.1375 11230757.92678 11867067.82826 12943682.78701 11373251.41239 9812520.79881 8705488.33168 8652991.30235 7031831.46752 5766747.9066 5592308.38321 5223209.8494 5442341.4257 5829499.46482 6268648.6497 7382946.50223 8303148.02697 7425607.05415 7778542.63094 8537183.03144 9604003.79531 9452483.89074 7548129.11027 5643084.02565 6356204.20809 6168808.09761 3061468.45592 2713874.98395 5020615.13534 5003763.57721 
4209717.46291 4091649.96142 4434262.52341 4866889.24655 3818833.1923 3727979.52434 3560404.3273 2619245.30814 456058.63576 0 3103760.82791 3953263.00541 4861404.43739 5820018.43505 5081356.52265 5043210.52271 9052249.56691 9812006.85106 9966694.49785 9498764.85163 8505368.27314 9359218.65449 9763044.77244 10466525.56343 11147759.57862 10595436.52793 9725237.9577 9910846.98004 10263845.12613 11166239.31981 11835577.71752 12923608.51446 11385233.86818 9787922.09876 8687627.35074 8589398.58945 6912230.29234 5759028.40709 5567932.19285 4953705.18024 5175904.21391 5534015.24889 6028006.63756 7191571.98074 8141779.68394 7178438.13305 7435427.67061 8180947.08587 9204654.16186 9023992.46139 7118067.165 5225290.47185 5904301.30968 5726675.31008 2609977.36407 2302015.04803 4569288.34489 4557237.30808 
7107963.50708 7116862.90772 7507197.87424 7891921.76549 6613556.64337 6215409.27955 5364140.2942 3822516.68472 2809203.70598 3103760.82791 0 1480870.25216 1759379.60315 5154498.9228 5165337.2432 5688232.39787 8772824.58448 9640322.41666 9941838.96746 10158858.94423 9777367.62579 10670307.94373 11353500.15589 11907788.32387 13007442.78865 12554411.0784 11722897.11199 12204840.07522 12906286.31545 13784075.53604 14333198.93294 15370678.49444 13718279.18226 12278194.39363 11166336.65479 11224301.41299 9722089.71856 8255620.825 8123630.47095 8031786.02933 8251288.44766 8630451.71981 9074954.49544 10159055.20855 11044678.1633 10232935.09727 10533520.9986 11268636.97476 12207558.49246 11892453.45559 9993331.92917 8187954.75216 8555789.13958 8524311.66088 5067157.16223 4337377.90463 6835633.2139 7335387.64123 
7472549.73723 7628155.3299 8093672.872 8816290.15626 7708957.43905 7431268.11101 6724994.19215 5220212.84369 3793876.04488 3953263.00541 1480870.25216 0 1694954.77547 6563841.69322 6641234.68982 7166873.69664 10180540.56264 11055414.81783 11373196.56251 11637425.76217 11244493.55188 12137277.30348 12798698.67218 13368307.2846 14422564.90972 13951618.39393 13110089.52513 13525900.73816 14106305.62033 14997184.33663 15595856.93768 16653518.96992 15033091.70815 13537823.07244 12425969.5637 12422768.66254 10825682.82986 9492167.39435 9337798.5528 8869807.23623 9094101.95178 9408134.73237 9966202.69978 11144768.61422 12087347.16485 11108601.27019 11162129.02596 11844659.89064 12593022.72106 12112486.37029 10253067.14872 8586850.56103 8658138.52822 8746680.09429 5263903.35185 4427103.3263 6768368.63103 7584192.87516 
8789474.38499 8840431.4047 9247481.606 9640814.9987 8319369.95741 7856848.71491 6862825.8299 5296707.56923 4566479.13256 4861404.43739 1759379.60315 1694954.77547 0 5655807.98655 6055574.05671 6767862.95974 9186977.68704 10073144.03916 10441775.41297 10997674.78109 10904762.70389 11790667.49484 12578230.92449 13058074.0343 14319251.60815 13912871.58184 13107714.68657 13698977.34291 14524121.56104 15388835.54945 15889897.61192 16902199.23821 15214907.10167 13844770.25205 12737418.83403 12848814.33335 11410492.42248 9864068.88248 9751173.46654 9789683.11801 10008753.08143 10389831.05327 10826951.4407 11890507.81552 12755810.73008 11985755.29784 12284375.74505 13012625.81125 13908272.19764 13533777.27708 11646487.82383 9884395.46182 10135647.0119 10158129.11912 6669402.26107 5880102.5938 8316816.53707 8975224.10272 
9590749.48455 9183207.38314 9255216.4371 8293454.97399 6583686.3181 5656801.66079 4150379.83326 3511325.04791 5382087.92594 5820018.43505 5154498.9228 6563841.69322 5655807.98655 0 1340666.61227 2294661.18464 3619328.23356 4491667.26607 4817940.96722 5434310.09622 5805242.61957 6624294.75894 7618207.81101 7900393.15183 9516885.93568 9276730.15741 8611086.11426 9612650.36623 11074890.11642 11795574.84218 11984978.23992 12820098.69909 11047779.46762 10123226.22542 9136115.0428 9586954.12407 8864928.39595 6898351.55036 6947450.61998 8761253.90617 8912601.50536 9471408.27408 9366052.59614 9831903.92909 10305726.99816 10395027.23525 11624285.0878 12456184.86813 13935316.90833 14148994.30874 12324753.16469 10374882.914 11476499.02543 11145031.62582 8417401.41498 8084686.82199 10370707.76955 10076340.41783 
8549861.70849 8084955.58488 8106640.79231 7012562.76793 5305292.71208 4360843.92049 2864282.20969 2535176.29799 4681083.05833 5081356.52265 5165337.2432 6641234.68982 6055574.05671 1340666.61227 0 986947.07266 3972927.10805 4754382.77888 4956178.79131 4999332.67349 4914075.90312 5783196.85325 6670659.21731 7062744.62653 8517686.76363 8215586.56433 7499773.39147 8412407.33647 9791293.92752 10533036.63039 10769544.98723 11642248.17776 9876021.25591 8866432.29335 7855729.20187 8276770.91679 7524286.59108 5558872.08617 5606785.92377 7501501.54477 7643560.42127 8209656.7986 8061280.91965 8495794.70933 8965384.36289 9074153.46517 10357884.47785 11190661.06671 12711550.07121 12990220.19581 11199707.28196 9263764.32978 10468257.72435 10088662.71895 7600889.35226 7383334.40112 9522564.05287 9068138.81553 
8123019.65303 7595289.79932 7553137.07323 6267438.33263 4582220.87815 3615236.67826 2192668.20892 2426303.73924 4695198.90115 5043210.52271 5688232.39787 7166873.69664 6767862.95974 2294661.18464 986947.07266 0 4181986.09986 4852839.97283 4954213.09358 4564628.50192 4137586.99567 5025564.87103 5831307.72536 6290283.01049 7636284.57117 7302145.55033 6563712.81208 7438883.43942 8804806.77194 9546376.23529 9790447.57701 10673463.8976 8910585.80594 7880378.52276 6868919.01453 7296684.10569 6599937.05985 4623143.83673 4689018.0918 6790424.37208 6915517.56392 7490549.13947 7262741.36678 7609674.37748 8033629.66542 8235102.90488 9621299.75524 10452824.39777 12031919.93387 12395450.31585 10654007.86656 8747418.65136 10060776.72466 9630477.72114 7422825.38023 7317241.2659 9288005.38349 8672664.75487 
12299590.78673 11753405.1887 11674873.33884 10168055.69297 8571157.81515 7609858.27245 6324825.11617 6472675.01627 8654005.4169 9052249.56691 8772824.58448 10180540.56264 9186977.68704 3619328.23356 3972927.10805 4181986.09986 0 886451.27203 1309039.98085 2986556.80387 4578748.06541 5037924.90515 6216899.36282 6092183.47257 8083597.84147 8109530.13388 7729530.1499 9078590.90595 11006490.90245 11515827.70227 11378002.03373 11956625.83871 10250831.24545 9906803.95961 9180448.44675 9880098.57587 9858747.0455 7960569.72312 8126521.08564 10739898.22225 10832500.5426 11412082.02437 11012382.83339 11030898.31226 11162574.89208 11829256.5449 13471921.53849 14288899.45587 15967379.80109 16450917.84448 14765248.42937 12887271.01693 14238944.71376 13795654.40845 11543547.74627 11354134.82483 13440991.3743 12853364.39228 
12920294.45741 12346831.48891 12235254.75924 10625967.10524 9081204.75473 8134832.81316 6929901.42419 7210100.90006 9424997.61959 9812006.85106 9640322.41666 11055414.81783 10073144.03916 4491667.26607 4754382.77888 4852839.97283 886451.27203 0 519843.51118 2630382.51977 4497913.44404 4808458.90691 5980443.77543 5737294.11349 7774550.25263 7873923.99741 7583275.27157 8987350.81722 10994966.90673 11443360.92009 11224634.2221 11729388.96561 10066906.55123 9878462.36889 9233405.87594 9978560.57571 10123893.58784 8286922.355 8474095.44404 11212673.40678 11291027.49041 11868010.80513 11407180.87548 11323203.15922 11372875.53753 12164768.04216 13885539.03485 14692214.91608 16406269.92569 16951680.75035 15308051.53509 13458855.88013 14860891.29472 14393513.33711 12264957.37955 12110626.36988 14140569.62822 13486241.5195 
12943271.77817 12349504.22665 12213227.15478 10536347.30927 9032281.36059 8100557.50468 6961156.27717 7351613.00183 9592481.82658 9966694.49785 9941838.96746 11373196.56251 10441775.41297 4817940.96722 4956178.79131 4954213.09358 1309039.98085 519843.51118 0 2197908.52203 4152902.81326 4395990.34578 5557646.04092 5274623.85437 7320291.13576 7444337.76844 7188604.07629 8610699.84995 10647788.28504 11069089.2049 10818430.58516 11295668.59296 9651182.01844 9526414.01633 8920499.29026 9685412.34746 9918187.91549 8123813.40262 8322789.24363 11131350.16616 11199978.68103 11773814.51801 11274757.55025 11129548.30627 11133561.31274 11994362.21408 13759817.02298 14558660.65715 16293189.93183 16879601.63663 15267898.95737 13442824.36105 14881807.80419 14396049.9041 12376524.83413 12257289.08634 14228879.81144 13518071.69807 
11868576.25844 11206687.55056 10980350.01419 9089680.65313 7767570.62936 6922670.35246 6099542.30518 6933131.92403 9192445.39788 9498764.85163 10158858.94423 11637425.76217 10997674.78109 5434310.09622 4999332.67349 4564628.50192 2986556.80387 2630382.51977 2197908.52203 0 2084559.51978 2201353.74615 3359756.72222 3121861.68473 5147289.45084 5248167.15152 5001061.06061 6437673.63617 8508557.8219 8895103.09728 8622494.42888 9101808.26221 7453390.09289 7382886.44967 6849110.71121 7651082.82409 8107944.60443 6480099.08097 6713383.42532 9703203.33689 9737022.01455 10291514.06872 9672348.83159 9340218.82197 9218381.46187 10264884.88121 12151709.88766 12919468.4498 14706146.76509 15422181.61093 13932927.13552 12214561.5236 13774180.28004 13224870.35558 11667044.44245 11699333.19156 13394069.1576 12469147.30459 
10280348.94238 9576241.84071 9283931.99552 7265725.41827 6125294.11098 5397667.71131 4948898.60204 6146148.95028 8276072.68652 8505368.27314 9777367.62579 11244493.55188 10904762.70389 5805242.61957 4914075.90312 4137586.99567 4578748.06541 4497913.44404 4152902.81326 2084559.51978 0 892940.34556 1825553.19852 2154339.82992 3750182.20481 3623594.18666 3157385.37221 4505985.35041 6498696.02236 6954636.94132 6801478.57696 7420157.03058 5688584.14985 5380713.7653 4780195.81957 5570692.20156 6069902.08996 4567078.37874 4820237.01485 7882252.78814 7890711.44572 8424373.18825 7734352.45557 7304592.9852 7141426.5264 8252033.38002 10191300.47998 10938677.17545 12745049.21075 13530844.92282 12128773.81773 10503456.5516 12133883.11727 11543553.03416 10386443.73256 10550294.27994 11973775.83204 10891507.21641 
10965774.05812 10245912.76501 9921735.09224 7838953.00138 6817421.56783 6147684.67704 5798938.24533 7029802.09621 9140837.77468 9359218.65449 10670307.94373 12137277.30348 11790667.49484 6624294.75894 5783196.85325 5025564.87103 5037924.90515 4808458.90691 4395990.34578 2201353.74615 892940.34556 0 1179927.48408 1281811.79844 3069727.35083 3076027.53638 2802758.26525 4252090.66279 6356296.2908 6704987.76169 6422442.48634 6930763.67902 5258714.7143 5230082.98758 4803699.5547 5646789.99009 6411057.7008 5105375.39051 5371754.49102 8452077.52291 8441370.30428 8953981.689 8202864.77588 7637356.39236 7351312.63347 8618370.85922 10617842.57956 11336171.30763 13159930.5158 14014650.46108 12686408.1731 11126526.8787 12787339.47521 12178308.2387 11176364.7059 11370226.0665 12717014.06697 11578821.79139 
10916253.78954 10172200.44637 9791618.36619 7626237.12259 6839265.73551 6306570.22094 6236101.72047 7606124.94539 9592593.78832 9763044.77244 11353500.15589 12798698.67218 12578230.92449 7618207.81101 6670659.21731 5831307.72536 6216899.36282 5980443.77543 5557646.04092 3359756.72222 1825553.19852 1179927.48408 0 870921.64381 1928949.38552 1896624.09328 1715616.65859 3189123.2748 5339030.22164 5612849.33319 5270414.00751 5752359.44623 4094527.35885 4223926.23971 3968053.75594 4839246.80944 5891839.81764 4913628.76262 5189788.68865 8223498.77726 8181801.79917 8653554.1452 7821488.39421 7080779.37993 6652008.97728 8089562.7469 10146923.22209 10819600.52532 12654122.62688 13601093.0211 12394697.93479 10958039.21227 12662081.69057 12022553.56545 11363368.32978 11641785.99135 12778271.93634 11528035.70151 
11759704.55588 11019157.60021 10646771.57546 8489067.35211 7661988.42321 7091167.52835 6915403.15048 8219661.64713 10274022.91979 10466525.56343 11907788.32387 13368307.2846 13058074.0343 7900393.15183 7062744.62653 6290283.01049 6092183.47257 5737294.11349 5274623.85437 3121861.68473 2154339.82992 1281811.79844 870921.64381 0 2053781.79176 2300577.14941 2402997.97497 3848224.00885 6012855.85881 6195017.83362 5732390.159 6071304.13629 4530998.23351 4920937.76503 4771311.33173 5646076.16296 6757490.98387 5769192.81151 6044868.49112 9088312.43264 9048972.60476 9523164.84524 8692378.74588 7940582.08378 7484929.94911 8951544.24335 11013152.64622 11680846.04179 13515682.88439 14470113.89339 13264771.56733 11818724.61682 13518411.05949 12882344.5542 12149818.74783 12400435.2707 13600307.69103 12372200.74737 
11700759.4234 10938098.80916 10484064.12121 8267621.37334 7845582.17246 7505597.42477 7733762.95743 9202380.36542 11032211.96682 11147759.57862 13007442.78865 14422564.90972 14319251.60815 9516885.93568 8517686.76363 7636284.57117 8083597.84147 7774550.25263 7320291.13576 5147289.45084 3750182.20481 3069727.35083 1928949.38552 2053781.79176 0 695819.34501 1505822.41166 2404438.9914 4429751.18335 4408560.20093 3789722.8388 4028447.60227 2592857.68396 3468885.38001 3752625.47399 4571629.3509 6125719.67868 5756449.70396 6022353.44474 8816248.86635 8727783.85197 9116587.55091 8183796.78188 7166517.38953 6476096.8184 8178273.63171 10270976.3642 10842730.08477 12658830.24876 13755701.84264 12776560.44991 11564467.00579 13302381.11823 12627304.65997 12462555.42448 12843526.38134 13687859.92779 12298750.53244 
11031145.66682 10267681.29841 9807212.53478 7590597.03025 7218659.94059 6921015.89624 7236892.76386 8736079.21014 10497701.21706 10595436.52793 12554411.0784 13951618.39393 13912871.58184 9276730.15741 8215586.56433 7302145.55033 8109530.13388 7873923.99741 7444337.76844 5248167.15152 3623594.18666 3076027.53638 1896624.09328 2300577.14941 695819.34501 0 874461.6688 1751955.13991 3847647.91486 3923640.9061 3434052.83507 3856184.88865 2235967.79937 2836078.62156 3059946.88359 3886303.20741 5430945.61969 5117109.64687 5379033.99428 8134020.78639 8042410.36762 8426025.66139 7490282.00147 6471610.96845 5791754.07165 7484011.12731 9576980.66424 10152926.26955 11971242.75974 13062112.24825 12081502.53441 10879531.41324 12618319.50263 11941358.12692 11837664.47428 12238976.63043 13030566.27556 11626893.40698 
10197665.30884 9435516.30779 8986523.19399 6771043.38803 6350172.07651 6046776.62571 6388500.28611 7901173.08558 9632156.29924 9725237.9577 11722897.11199 13110089.52513 13107714.68657 8611086.11426 7499773.39147 6563712.81208 7729530.1499 7583275.27157 7188604.07629 5001061.06061 3157385.37221 2802758.26525 1715616.65859 2402997.97497 1505822.41166 874461.6688 0 1473592.88073 3629266.0902 3907350.38629 3649727.78655 4284372.19144 2534389.78964 2523260.43057 2445572.63162 3313214.67248 4692571.86657 4254033.2119 4518562.24278 7326509.9647 7244265.2412 7648472.09425 6733052.42433 5789619.19911 5200631.98879 6807794.06585 8898815.96167 9509868.42126 11339121.1109 12383518.23529 11336004.40182 10078480.39142 11814138.42809 11143122.39995 10968979.99483 11365556.48074 12182043.07113 10796844.45954 
9759397.85889 8996621.45333 8491991.12339 6300998.17388 6261891.09282 6184146.85126 6847905.41878 8409953.83558 9885080.83768 9910846.98004 12204840.07522 13525900.73816 13698977.34291 9612650.36623 8412407.33647 7438883.43942 9078590.90595 8987350.81722 8610699.84995 6437673.63617 4505985.35041 4252090.66279 3189123.2748 3848224.00885 2404438.9914 1751955.13991 1473592.88073 0 2164716.93378 2458482.80641 2380396.02966 3242301.40227 1516000.92913 1092057.47058 1493992.56827 2216493.10387 3956705.9995 4173974.00511 4396470.6952 6790543.23605 6669234.47703 6988628.31602 6015400.93282 4874885.5321 4103133.50055 5867888.71717 7949203.93169 8484397.20179 10288032.09772 11422860.44428 10546205.4854 9486456.06173 11224398.36108 10532832.41121 10815843.33931 11310383.67405 11824240.73834 10335086.60736 
9191482.06618 8460783.75617 7893377.96648 5898908.2798 6446744.1786 6691993.42965 7726838.84388 9268806.24521 10334051.1375 10263845.12613 12906286.31545 14106305.62033 14524121.56104 11074890.11642 9791293.92752 8804806.77194 11006490.90245 10994966.90673 10647788.28504 8508557.8219 6498696.02236 6356296.2908 5339030.22164 6012855.85881 4429751.18335 3847647.91486 3629266.0902 2164716.93378 0 909881.61531 1817028.19597 2927422.09677 2233696.08907 1126625.4788 1939116.74366 1683909.27195 3457827.80865 4660052.89682 4782667.15674 6237051.21581 6061500.67221 6213418.89602 5224840.78695 3854648.24177 2816657.00756 4684941.35366 6617758.13941 7000626.83202 8714941.43051 9974513.79752 9392888.93863 8686701.19421 10370470.55605 9666969.3352 10643099.11644 11266800.35332 11312106.60764 9709071.14933 
10067132.35371 9342414.70855 8770177.83714 6800670.20947 7350909.29098 7574317.28026 8567223.90922 10118485.0514 11230757.92678 11166239.31981 13784075.53604 14997184.33663 15388835.54945 11795574.84218 10533036.63039 9546376.23529 11515827.70227 11443360.92009 11069089.2049 8895103.09728 6954636.94132 6704987.76169 5612849.33319 6195017.83362 4408560.20093 3923640.9061 3907350.38629 2458482.80641 909881.61531 0 1063125.75539 2097450.84422 1905344.39188 1674840.3901 2700136.6232 2578063.04614 4365993.23521 5529629.34443 5664004.79247 7126236.52498 6946441.7821 7076982.75708 6094819.49815 4708738.31789 3645363.70396 5489453.68596 7350572.03645 7672530.38863 9329792.01166 10634598.59146 10155863.66913 9531357.71952 11198092.94683 10495209.18349 11547560.78634 12175214.50418 12188725.82328 10575802.3663 
10992304.60303 10255781.723 9694010.10067 7657332.69524 8048692.8747 8168563.59589 9029922.16282 10594923.84696 11867067.82826 11835577.71752 14333198.93294 15595856.93768 15889897.61192 11984978.23992 10769544.98723 9790447.57701 11378002.03373 11224634.2221 10818430.58516 8622494.42888 6801478.57696 6422442.48634 5270414.00751 5732390.159 3789722.8388 3434052.83507 3649727.78655 2380396.02966 1817028.19597 1063125.75539 0 1126130.12198 1203695.65175 2058036.58343 3170152.47708 3309199.27436 5195572.52398 6105988.71142 6274947.37937 8024300.96657 7855146.26891 8024525.93172 7033298.90316 5670487.5243 4632105.25722 6496057.01258 8393966.50571 8730604.31093 10392860.90469 11695079.13215 11188585.37916 10502830.33806 12187390.85023 11483898.41768 12380699.04287 12974346.58315 13110891.92883 11516608.59367 
12114232.46691 11379324.92612 10815905.31843 8783414.28586 9150469.80094 9237477.68075 10039779.16436 11605819.10302 12943682.78701 12923608.51446 15370678.49444 16653518.96992 16902199.23821 12820098.69909 11642248.17776 10673463.8976 11956625.83871 11729388.96561 11295668.59296 9101808.26221 7420157.03058 6930763.67902 5752359.44623 6071304.13629 4028447.60227 3856184.88865 4284372.19144 3242301.40227 2927422.09677 2097450.84422 1126130.12198 0 1773200.80739 3136059.9406 4238378.91579 4430546.72728 6321357.5806 7177072.87805 7356607.30931 9149029.2111 8978726.09362 9140732.76084 8151337.04486 6780901.59755 5731031.58 7584348.83395 9440970.59438 9738616.27882 11356277.62984 12687672.48874 12251353.83247 11611728.5775 13287985.47574 12584730.10638 13504870.22575 14094070.63158 14233603.45015 12635478.93351 
10977006.75775 10221994.29717 9688648.40956 7549703.16274 7683275.05502 7665301.38236 8363300.57025 9925782.86839 11373251.41239 11385233.86818 13718279.18226 15033091.70815 15214907.10167 11047779.46762 9876021.25591 8910585.80594 10250831.24545 10066906.55123 9651182.01844 7453390.09289 5688584.14985 5258714.7143 4094527.35885 4530998.23351 2592857.68396 2235967.79937 2534389.78964 1516000.92913 2233696.08907 1905344.39188 1203695.65175 1773200.80739 0 1792235.39956 2761222.87818 3211468.4353 5112283.84738 5629462.44747 5836179.53647 7988410.7114 7843660.55425 8094769.99813 7101007.125 5825987.56169 4886310.23457 6750454.13726 8761663.41113 9193471.26361 10932193.58552 12167003.43351 11482796.09109 10602669.85938 12323893.08999 11623394.71621 12174999.65035 12706974.10138 13073477.24588 11532317.82947 
9188206.90637 8434781.11705 7898267.8568 5771425.85108 6018366.96818 6111257.52656 6991374.59975 8553746.41445 9812520.79881 9787922.09876 12278194.39363 13537823.07244 13844770.25205 10123226.22542 8866432.29335 7880378.52276 9906803.95961 9878462.36889 9526414.01633 7382886.44967 5380713.7653 5230082.98758 4223926.23971 4920937.76503 3468885.38001 2836078.62156 2523260.43057 1092057.47058 1126625.4788 1674840.3901 2058036.58343 3136059.9406 1792235.39956 0 1112410.90656 1419316.04894 3323604.87828 4048767.59694 4222104.80192 6199455.96364 6052580.4923 6303870.37933 5310929.17132 4056922.24914 3171771.14481 5007719.27933 7055293.46197 7540435.65267 9320726.64823 10501474.65181 9732518.88126 8812246.70531 10535890.20891 9836198.16198 10434205.42952 10993882.62415 11288539.16068 9741272.76387 
8281616.2995 7520455.25366 7007938.18792 4829169.2859 4938386.46687 5001243.85417 5889786.60344 7449637.76768 8705488.33168 8687627.35074 11166336.65479 12425969.5637 12737418.83403 9136115.0428 7855729.20187 6868919.01453 9180448.44675 9233405.87594 8920499.29026 6849110.71121 4780195.81957 4803699.5547 3968053.75594 4771311.33173 3752625.47399 3059946.88359 2445572.63162 1493992.56827 1939116.74366 2700136.6232 3170152.47708 4238378.91579 2761222.87818 1112410.90656 0 875012.36497 2462715.96012 2939413.34965 3119696.0744 5304899.00903 5179340.88691 5494665.91023 4522853.54079 3419314.23765 2756316.36608 4427295.87728 6519096.35071 7095045.78358 8917083.13209 10003232.2712 9069550.28504 7992934.43973 9730576.04174 9038843.98793 9414826.03462 9947400.92546 10358191.38992 8852554.81154 
7774553.00183 7023469.80177 6482590.59044 4375317.6242 4776874.51506 5009229.53401 6079338.62258 7608603.28212 8652991.30235 8589398.58945 11224301.41299 12422768.66254 12848814.33335 9586954.12407 8276770.91679 7296684.10569 9880098.57587 9978560.57571 9685412.34746 7651082.82409 5570692.20156 5646789.99009 4839246.80944 5646076.16296 4571629.3509 3886303.20741 3313214.67248 2216493.10387 1683909.27195 2578063.04614 3309199.27436 4430546.72728 3211468.4353 1419316.04894 875012.36497 0 1914882.25353 2988094.35567 3101143.75183 4786500.25328 4636103.76632 4885339.28205 3893342.93875 2672146.88762 1905531.23096 3654247.48584 5732788.92355 6275370.80779 8087594.36975 9207139.78261 8353634.21765 7393958.24075 9119512.92345 8420610.30026 9076091.98643 9665192.70701 9879324.68847 8324390.37128 
5864887.41693 5111226.50683 4576874.636 2464195.25827 3118670.26274 3603484.45442 4936804.05478 6340756.58855 7031831.46752 6912230.29234 9722089.71856 10825682.82986 11410492.42248 8864928.39595 7524286.59108 6599937.05985 9858747.0455 10123893.58784 9918187.91549 8107944.60443 6069902.08996 6411057.7008 5891839.81764 6757490.98387 6125719.67868 5430945.61969 4692571.86657 3956705.9995 3457827.80865 4365993.23521 5195572.52398 6321357.5806 5112283.84738 3323604.87828 2462715.96012 1914882.25353 0 1982603.80902 1918292.50957 2876171.74786 2734094.12965 3032002.09931 2066459.87226 1234703.25506 1447820.53291 2209495.06468 4255744.65837 4936683.74463 6768573.68443 7722103.42271 6651061.08513 5531786.7008 7268427.12601 6576168.25147 7190392.76636 7809221.2703 7965784.37931 6421406.3976 
6017430.0702 5266524.77371 4878120.44275 2737355.74752 2113874.51452 2062575.06809 3113008.54554 4623797.95579 5766747.9066 5759028.40709 8255620.825 9492167.39435 9864068.88248 6898351.55036 5558872.08617 4623143.83673 7960569.72312 8286922.355 8123813.40262 6480099.08097 4567078.37874 5105375.39051 4913628.76262 5769192.81151 5756449.70396 5117109.64687 4254033.2119 4173974.00511 4660052.89682 5529629.34443 6105988.71142 7177072.87805 5629462.44747 4048767.59694 2939413.34965 2988094.35567 1982603.80902 0 276419.1043 3348084.36807 3336919.12128 3859647.76968 3192383.0469 3081056.22032 3410486.16937 3878189.73404 5675144.60856 6454525.00831 8227920.8888 8966106.67913 7582203.0484 6053242.22602 7749296.81214 7115003.15624 6726546.54668 7165777.27962 7946556.01022 6626724.99128 
5741534.56923 4990280.27484 4602141.95725 2467833.98763 1870524.28613 1910330.92877 3067189.57464 4544613.10125 5592308.38321 5567932.19285 8123630.47095 9337798.5528 9751173.46654 6947450.61998 5606785.92377 4689018.0918 8126521.08564 8474095.44404 8322789.24363 6713383.42532 4820237.01485 5371754.49102 5189788.68865 6044868.49112 6022353.44474 5379033.99428 4518562.24278 4396470.6952 4782667.15674 5664004.79247 6274947.37937 7356607.30931 5836179.53647 4222104.80192 3119696.0744 3101143.75183 1918292.50957 276419.1043 0 3080325.24149 3074627.23892 3604157.17684 2966467.90654 2950511.43337 3363442.83078 3702738.39892 5453522.90808 6240998.51314 8002868.66156 8719853.6313 7319027.91544 5779090.41539 7473544.0503 6840296.39542 6472621.44072 6925205.40287 7675177.56212 6350651.28827 
2988760.63396 2237533.06589 1703634.8405 616643.99507 2208306.34375 3176139.65336 4639633.83182 5491093.47945 5223209.8494 4953705.18024 8031786.02933 8869807.23623 9789683.11801 8761253.90617 7501501.54477 6790424.37208 10739898.22225 11212673.40678 11131350.16616 9703203.33689 7882252.78814 8452077.52291 8223498.77726 9088312.43264 8816248.86635 8134020.78639 7326509.9647 6790543.23605 6237051.21581 7126236.52498 8024300.96657 9149029.2111 7988410.7114 6199455.96364 5304899.00903 4786500.25328 2876171.74786 3348084.36807 3080325.24149 0 224988.94535 710380.69155 1143232.53775 2511095.78071 3588110.62641 2244048.33025 2863920.35229 3695149.95108 5246398.87753 5749948.49596 4246634.38813 2754446.1174 4487659.71765 3820983.03942 4504265.09124 5226359.63907 5094649.18104 3549001.01705 
3141996.2583 2400640.64098 1846860.00824 665226.09107 2339859.51845 3300790.2244 4779474.07624 5670807.18977 5442341.4257 5175904.21391 8251288.44766 9094101.95178 10008753.08143 8912601.50536 7643560.42127 6915517.56392 10832500.5426 11291027.49041 11199978.68103 9737022.01455 7890711.44572 8441370.30428 8181801.79917 9048972.60476 8727783.85197 8042410.36762 7244265.2412 6669234.47703 6061500.67221 6946441.7821 7855146.26891 8978726.09362 7843660.55425 6052580.4923 5179340.88691 4636103.76632 2734094.12965 3336919.12128 3074627.23892 224988.94535 0 579906.92186 925301.69488 2306901.81421 3388152.38986 2019060.47786 2714327.93776 3547100.73347 5138658.29206 5693970.60304 4245303.58025 2837173.32701 4576666.8805 3899609.48531 4713130.54455 5442214.42857 5256582.25465 3688704.17922 
3006345.73879 2320889.20431 1727179.76643 1244108.07172 2910851.96445 3875317.24984 5346763.27852 6193595.33464 5829499.46482 5534015.24889 8630451.71981 9408134.73237 10389831.05327 9471408.27408 8209656.7986 7490549.13947 11412082.02437 11868010.80513 11773814.51801 10291514.06872 8424373.18825 8953981.689 8653554.1452 9523164.84524 9116587.55091 8426025.66139 7648472.09425 6988628.31602 6213418.89602 7076982.75708 8024525.93172 9140732.76084 8094769.99813 6303870.37933 5494665.91023 4885339.28205 3032002.09931 3859647.76968 3604157.17684 710380.69155 579906.92186 0 995782.94087 2370394.24944 3450614.60895 1830173.06105 2153542.51434 2984846.63339 4558799.86088 5131886.51367 3743177.31265 2508720.94138 4239358.60115 3544838.52051 4803614.32617 5579772.98801 5124231.40237 3498966.27832 
3973412.18753 3259600.20761 2678697.22318 1195880.55099 2820405.78945 3710245.1256 5217408.92488 6279162.79629 6268648.6497 6028006.63756 9074954.49544 9966202.69978 10826951.4407 9366052.59614 8061280.91965 7262741.36678 11012382.83339 11407180.87548 11274757.55025 9672348.83159 7734352.45557 8202864.77588 7821488.39421 8692378.74588 8183796.78188 7490282.00147 6733052.42433 6015400.93282 5224840.78695 6094819.49815 7033298.90316 8151337.04486 7101007.125 5310929.17132 4522853.54079 3893342.93875 2066459.87226 3192383.0469 2966467.90654 1143232.53775 925301.69488 995782.94087 0 1404632.74162 2491035.79753 1159736.67766 2487796.54125 3285221.74105 5036686.02828 5811786.19501 4604683.36177 3501684.84373 5226620.05982 4528816.75716 5635149.88126 6367516.09447 6095018.12535 4484241.18711 
5371468.8505 4663579.33518 4080162.13339 2357945.75988 3613154.47899 4322095.43142 5772291.99008 7046440.47533 7382946.50223 7191571.98074 10159055.20855 11144768.61422 11890507.81552 9831903.92909 8495794.70933 7609674.37748 11030898.31226 11323203.15922 11129548.30627 9340218.82197 7304592.9852 7637356.39236 7080779.37993 7940582.08378 7166517.38953 6471610.96845 5789619.19911 4874885.5321 3854648.24177 4708738.31789 5670487.5243 6780901.59755 5825987.56169 4056922.24914 3419314.23765 2672146.88762 1234703.25506 3081056.22032 2950511.43337 2511095.78071 2306901.81421 2370394.24944 1404632.74162 0 1086408.37527 1018529.70936 3109802.64795 3740946.95412 5575882.86625 6595623.27917 5681908.31022 4832351.91729 6525328.47388 5822101.04209 7014894.43596 7724799.76359 7491998.51608 5868968.85033 
6455054.9098 5749787.14474 5165487.82007 3384082.64778 4436483.99869 5015545.1885 6379399.01846 7759918.38039 8303148.02697 8141779.68394 11044678.1633 12087347.16485 12755810.73008 10305726.99816 8965384.36289 8033629.66542 11162574.89208 11372875.53753 11133561.31274 9218381.46187 7141426.5264 7351312.63347 6652008.97728 7484929.94911 6476096.8184 5791754.07165 5200631.98879 4103133.50055 2816657.00756 3645363.70396 4632105.25722 5731031.58 4886310.23457 3171771.14481 2756316.36608 1905531.23096 1447820.53291 3410486.16937 3363442.83078 3588110.62641 3388152.38986 3450614.60895 2491035.79753 1086408.37527 0 1874373.84272 3884850.01915 4382578.80769 6185996.04696 7333269.21363 6602304.94656 5886180.8184 7557170.35683 6853834.21706 8087264.00594 8783863.32999 8574566.94469 6946019.38428 
4775339.6323 4130592.0705 3533707.41602 2353812.66695 3924236.60803 4765188.34161 6264460.34455 7398298.68667 7425607.05415 7178438.13305 10232935.09727 11108601.27019 11985755.29784 10395027.23525 9074153.46517 8235102.90488 11829256.5449 12164768.04216 11994362.21408 10264884.88121 8252033.38002 8618370.85922 8089562.7469 8951544.24335 8178273.63171 7484011.12731 6807794.06585 5867888.71717 4684941.35366 5489453.68596 6496057.01258 7584348.83395 6750454.13726 5007719.27933 4427295.87728 3654247.48584 2209495.06468 3878189.73404 3702738.39892 2244048.33025 2019060.47786 1830173.06105 1159736.67766 1018529.70936 1874373.84272 0 2093406.53612 2730316.03293 4564566.98855 5579412.62564 4732413.1134 4086212.35079 5715038.17077 5013725.8935 6633131.6558 7402329.75107 6867104.76787 5212836.28115 
3945525.79753 3568959.01774 3069074.23495 3353977.3446 5053515.70531 6010238.51805 7493753.18907 8332145.09253 7778542.63094 7435427.67061 10533520.9986 11162129.02596 12284375.74505 11624285.0878 10357884.47785 9621299.75524 13471921.53849 13885539.03485 13759817.02298 12151709.88766 10191300.47998 10617842.57956 10146923.22209 11013152.64622 10270976.3642 9576980.66424 8898815.96167 7949203.93169 6617758.13941 7350572.03645 8393966.50571 9440970.59438 8761663.41113 7055293.46197 6519096.35071 5732788.92355 4255744.65837 5675144.60856 5453522.90808 2863920.35229 2714327.93776 2153542.51434 2487796.54125 3109802.64795 3884850.01915 2093406.53612 0 832801.75253 2555171.08957 3486057.3508 2832686.15604 2928319.9726 4198573.4515 3551732.15867 6143961.53562 6996051.69217 5780435.54191 4170195.45991 
4496524.46943 4218185.2029 3766628.23235 4185910.76439 5886306.22816 6842595.07752 8326546.51163 9153723.32464 8537183.03144 8180947.08587 11268636.97476 11844659.89064 13012625.81125 12456184.86813 11190661.06671 10452824.39777 14288899.45587 14692214.91608 14558660.65715 12919468.4498 10938677.17545 11336171.30763 10819600.52532 11680846.04179 10842730.08477 10152926.26955 9509868.42126 8484397.20179 7000626.83202 7672530.38863 8730604.31093 9738616.27882 9193471.26361 7540435.65267 7095045.78358 6275370.80779 4936683.74463 6454525.00831 6240998.51314 3695149.95108 3547100.73347 2984846.63339 3285221.74105 3740946.95412 4382578.80769 2730316.03293 832801.75253 0 1834945.89616 2974483.74679 2804671.63225 3413191.79863 4415703.6576 3836513.68363 6737757.63558 7599294.17266 6169110.18465 4631176.94264 
5126480.83634 5113046.14844 4823167.59853 5801309.69536 7451372.61488 8420979.47051 9864078.34112 10529155.68573 9604003.79531 9204654.16186 12207558.49246 12593022.72106 13908272.19764 13935316.90833 12711550.07121 12031919.93387 15967379.80109 16406269.92569 16293189.93183 14706146.76509 12745049.21075 13159930.5158 12654122.62688 13515682.88439 12658830.24876 11971242.75974 11339121.1109 10288032.09772 8714941.43051 9329792.01166 10392860.90469 11356277.62984 10932193.58552 9320726.64823 8917083.13209 8087594.36975 6768573.68443 8227920.8888 8002868.66156 5246398.87753 5138658.29206 4558799.86088 5036686.02828 5575882.86625 6185996.04696 4564566.98855 2555171.08957 1834945.89616 0 1448173.75214 2481251.66495 4023907.50623 4297807.68098 3949583.80403 7338722.21424 8194332.07169 6286158.67423 5037123.40389 
