33
loc24 loc43 loc26 loc90 loc49 loc45 loc32 loc66 loc19 loc71 loc50 loc18 loc85 loc40 loc44 loc8 loc83 loc91 loc68 loc31 loc63 loc10 loc86 loc53 loc55 loc95 loc29 loc92 loc12 loc61 loc23 loc80 Soda
0 10004.0 10015.0 10021.0 220021.0 20021.0 220021.0 220021.0 20004.0 10016.0 5.0 8.0 8.0 10.0 9.0 400008.0 400008.0 400019.0 500019.0 400019.0 6.0 100006.0 100006.0 1100007.0 1100008.0 1100019.0 1100008.0 1100006.0 100006.0 100006.0 100006.0 7.0 8.0 
10004.0 0 11.0 17.0 210017.0 10017.0 210017.0 210017.0 10000.0 10023.0 10009.0 10008.0 10009.0 10013.0 10012.0 410012.0 410012.0 410023.0 510023.0 410023.0 10010.0 110010.0 110010.0 1110011.0 1110012.0 1110023.0 1110012.0 1110010.0 110010.0 110010.0 110010.0 10009.0 10011.0 
10015.0 11.0 0 6.0 210006.0 10006.0 210006.0 210006.0 10000.0 10012.0 10020.0 10019.0 10020.0 10024.0 10023.0 410023.0 410023.0 410034.0 510034.0 410034.0 10021.0 110021.0 110021.0 1110022.0 1110023.0 1110034.0 1110023.0 1110021.0 110021.0 110021.0 110021.0 10020.0 10022.0 
10021.0 17.0 6.0 0 210000.0 10000.0 210000.0 210000.0 10006.0 10016.0 10026.0 10025.0 10026.0 10030.0 10029.0 410029.0 410029.0 410040.0 510040.0 410040.0 10027.0 110027.0 110027.0 1110028.0 1110029.0 1110040.0 1110029.0 1110027.0 110027.0 110027.0 110027.0 10026.0 10028.0 
220021.0 210017.0 210006.0 210000.0 0 200000.0 400000.0 400000.0 210000.0 220000.0 220026.0 220025.0 220026.0 220030.0 220029.0 620029.0 620029.0 620040.0 720040.0 620040.0 220027.0 320027.0 320027.0 1320028.0 1320029.0 1320040.0 1320029.0 1320027.0 320027.0 320027.0 320027.0 220026.0 220028.0 
20021.0 10017.0 10006.0 10000.0 200000.0 0 200000.0 200000.0 10000.0 20000.0 20026.0 20025.0 20026.0 20030.0 20029.0 420029.0 420029.0 420040.0 520040.0 420040.0 20027.0 120027.0 120027.0 1120028.0 1120029.0 1120040.0 1120029.0 1120027.0 120027.0 120027.0 120027.0 20026.0 20028.0 
220021.0 210017.0 210006.0 210000.0 400000.0 200000.0 0 400000.0 210000.0 220000.0 220026.0 220025.0 220026.0 220030.0 220029.0 620029.0 620029.0 620040.0 720040.0 620040.0 220027.0 320027.0 320027.0 1320028.0 1320029.0 1320040.0 1320029.0 1320027.0 320027.0 320027.0 320027.0 220026.0 220028.0 
220021.0 210017.0 210006.0 210000.0 400000.0 200000.0 400000.0 0 210000.0 220000.0 220026.0 220025.0 220026.0 220030.0 220029.0 620029.0 620029.0 620040.0 720040.0 620040.0 220027.0 320027.0 320027.0 1320028.0 1320029.0 1320040.0 1320029.0 1320027.0 320027.0 320027.0 320027.0 220026.0 220028.0 
20004.0 10000.0 10000.0 10006.0 210000.0 10000.0 210000.0 210000.0 0 10000.0 20009.0 20008.0 20009.0 20013.0 20012.0 420012.0 420012.0 420023.0 520023.0 420023.0 20010.0 120010.0 120010.0 1120011.0 1120012.0 1120023.0 1120012.0 1120010.0 120010.0 120010.0 120010.0 20009.0 20011.0 
10016.0 10023.0 10012.0 10016.0 220000.0 20000.0 220000.0 220000.0 10000.0 0 10011.0 10014.0 10022.0 10026.0 10025.0 410023.0 410023.0 410034.0 510034.0 410034.0 10022.0 110022.0 110022.0 1110023.0 1110024.0 1110035.0 1110024.0 1110022.0 110022.0 110022.0 110022.0 10018.0 10019.0 
5.0 10009.0 10020.0 10026.0 220026.0 20026.0 220026.0 220026.0 20009.0 10011.0 0 3.0 11.0 15.0 14.0 400012.0 400012.0 400023.0 500023.0 400023.0 11.0 100011.0 100011.0 1100012.0 1100013.0 1100024.0 1100013.0 1100011.0 100011.0 100011.0 100011.0 7.0 8.0 
8.0 10008.0 10019.0 10025.0 220025.0 20025.0 220025.0 220025.0 20008.0 10014.0 3.0 0 9.0 14.0 15.0 400014.0 400014.0 400025.0 500025.0 400025.0 10.0 100010.0 100010.0 1100011.0 1100012.0 1100023.0 1100012.0 1100010.0 100010.0 100010.0 100010.0 7.0 5.0 
8.0 10009.0 10020.0 10026.0 220026.0 20026.0 220026.0 220026.0 20009.0 10022.0 11.0 9.0 0 5.0 6.0 400012.0 400012.0 400023.0 500023.0 400023.0 8.0 100008.0 100008.0 1100009.0 1100010.0 1100021.0 1100010.0 1100008.0 100008.0 100008.0 100008.0 9.0 9.0 
10.0 10013.0 10024.0 10030.0 220030.0 20030.0 220030.0 220030.0 20013.0 10026.0 15.0 14.0 5.0 0 1.0 400015.0 400015.0 400026.0 500026.0 400026.0 13.0 100013.0 100013.0 1100014.0 1100015.0 1100026.0 1100015.0 1100013.0 100013.0 100013.0 100013.0 13.0 14.0 
9.0 10012.0 10023.0 10029.0 220029.0 20029.0 220029.0 220029.0 20012.0 10025.0 14.0 15.0 6.0 1.0 0 400014.0 400014.0 400025.0 500025.0 400025.0 13.0 100013.0 100013.0 1100014.0 1100015.0 1100026.0 1100015.0 1100013.0 100013.0 100013.0 100013.0 12.0 14.0 
400008.0 410012.0 410023.0 410029.0 620029.0 420029.0 620029.0 620029.0 420012.0 410023.0 400012.0 400014.0 400012.0 400015.0 400014.0 0 100000.0 100011.0 200011.0 11.0 400008.0 500008.0 500008.0 1500009.0 1500010.0 1500021.0 1500010.0 1500008.0 500008.0 500008.0 500008.0 400009.0 400009.0 
400008.0 410012.0 410023.0 410029.0 620029.0 420029.0 620029.0 620029.0 420012.0 410023.0 400012.0 400014.0 400012.0 400015.0 400014.0 100000.0 0 11.0 100011.0 100011.0 400008.0 500008.0 500008.0 1500009.0 1500010.0 1500021.0 1500010.0 1500008.0 500008.0 500008.0 500008.0 400009.0 400009.0 
400019.0 410023.0 410034.0 410040.0 620040.0 420040.0 620040.0 620040.0 420023.0 410034.0 400023.0 400025.0 400023.0 400026.0 400025.0 100011.0 11.0 0 100000.0 100022.0 400019.0 500019.0 500019.0 1500020.0 1500021.0 1500032.0 1500021.0 1500019.0 500019.0 500019.0 500019.0 400020.0 400020.0 
500019.0 510023.0 510034.0 510040.0 720040.0 520040.0 720040.0 720040.0 520023.0 510034.0 500023.0 500025.0 500023.0 500026.0 500025.0 200011.0 100011.0 100000.0 0 200022.0 500019.0 600019.0 600019.0 1600020.0 1600021.0 1600032.0 1600021.0 1600019.0 600019.0 600019.0 600019.0 500020.0 500020.0 
400019.0 410023.0 410034.0 410040.0 620040.0 420040.0 620040.0 620040.0 420023.0 410034.0 400023.0 400025.0 400023.0 400026.0 400025.0 11.0 100011.0 100022.0 200022.0 0 400019.0 500019.0 500019.0 1500020.0 1500021.0 1500032.0 1500021.0 1500019.0 500019.0 500019.0 500019.0 400020.0 400020.0 
6.0 10010.0 10021.0 10027.0 220027.0 20027.0 220027.0 220027.0 20010.0 10022.0 11.0 10.0 8.0 13.0 13.0 400008.0 400008.0 400019.0 500019.0 400019.0 0 100000.0 100000.0 1100001.0 1100002.0 1100013.0 1100002.0 1100000.0 100000.0 100000.0 100000.0 6.0 5.0 
100006.0 110010.0 110021.0 110027.0 320027.0 120027.0 320027.0 320027.0 120010.0 110022.0 100011.0 100010.0 100008.0 100013.0 100013.0 500008.0 500008.0 500019.0 600019.0 500019.0 100000.0 0 1.0 1000002.0 1000003.0 1000014.0 1000003.0 1200000.0 200000.0 200000.0 200000.0 100006.0 100005.0 
100006.0 110010.0 110021.0 110027.0 320027.0 120027.0 320027.0 320027.0 120010.0 110022.0 100011.0 100010.0 100008.0 100013.0 100013.0 500008.0 500008.0 500019.0 600019.0 500019.0 100000.0 1.0 0 1000001.0 1000002.0 1000013.0 1000002.0 1200000.0 200000.0 200000.0 200000.0 100006.0 100005.0 
1100007.0 1110011.0 1110022.0 1110028.0 1320028.0 1120028.0 1320028.0 1320028.0 1120011.0 1110023.0 1100012.0 1100011.0 1100009.0 1100014.0 1100014.0 1500009.0 1500009.0 1500020.0 1600020.0 1500020.0 1100001.0 1000002.0 1000001.0 0 1.0 12.0 1.0 1000000.0 1200001.0 1200001.0 1200001.0 1100007.0 1100006.0 
1100008.0 1110012.0 1110023.0 1110029.0 1320029.0 1120029.0 1320029.0 1320029.0 1120012.0 1110024.0 1100013.0 1100012.0 1100010.0 1100015.0 1100015.0 1500010.0 1500010.0 1500021.0 1600021.0 1500021.0 1100002.0 1000003.0 1000002.0 1.0 0 12.0 1.0 1000001.0 1200002.0 1200002.0 1200002.0 1100008.0 1100007.0 
1100019.0 1110023.0 1110034.0 1110040.0 1320040.0 1120040.0 1320040.0 1320040.0 1120023.0 1110035.0 1100024.0 1100023.0 1100021.0 1100026.0 1100026.0 1500021.0 1500021.0 1500032.0 1600032.0 1500032.0 1100013.0 1000014.0 1000013.0 12.0 12.0 0 11.0 1000012.0 1200013.0 1200013.0 1200013.0 1100019.0 1100018.0 
1100008.0 1110012.0 1110023.0 1110029.0 1320029.0 1120029.0 1320029.0 1320029.0 1120012.0 1110024.0 1100013.0 1100012.0 1100010.0 1100015.0 1100015.0 1500010.0 1500010.0 1500021.0 1600021.0 1500021.0 1100002.0 1000003.0 1000002.0 1.0 1.0 11.0 0 1000001.0 1200002.0 1200002.0 1200002.0 1100008.0 1100007.0 
1100006.0 1110010.0 1110021.0 1110027.0 1320027.0 1120027.0 1320027.0 1320027.0 1120010.0 1110022.0 1100011.0 1100010.0 1100008.0 1100013.0 1100013.0 1500008.0 1500008.0 1500019.0 1600019.0 1500019.0 1100000.0 1200000.0 1200000.0 1000000.0 1000001.0 1000012.0 1000001.0 0 1000000.0 1100000.0 1100001.0 1100006.0 1100005.0 
100006.0 110010.0 110021.0 110027.0 320027.0 120027.0 320027.0 320027.0 120010.0 110022.0 100011.0 100010.0 100008.0 100013.0 100013.0 500008.0 500008.0 500019.0 600019.0 500019.0 100000.0 200000.0 200000.0 1200001.0 1200002.0 1200013.0 1200002.0 1000000.0 0 100000.0 100001.0 100006.0 100005.0 
100006.0 110010.0 110021.0 110027.0 320027.0 120027.0 320027.0 320027.0 120010.0 110022.0 100011.0 100010.0 100008.0 100013.0 100013.0 500008.0 500008.0 500019.0 600019.0 500019.0 100000.0 200000.0 200000.0 1200001.0 1200002.0 1200013.0 1200002.0 1100000.0 100000.0 0 1.0 100006.0 100005.0 
100006.0 110010.0 110021.0 110027.0 320027.0 120027.0 320027.0 320027.0 120010.0 110022.0 100011.0 100010.0 100008.0 100013.0 100013.0 500008.0 500008.0 500019.0 600019.0 500019.0 100000.0 200000.0 200000.0 1200001.0 1200002.0 1200013.0 1200002.0 1100001.0 100001.0 1.0 0 100006.0 100005.0 
7.0 10009.0 10020.0 10026.0 220026.0 20026.0 220026.0 220026.0 20009.0 10018.0 7.0 7.0 9.0 13.0 12.0 400009.0 400009.0 400020.0 500020.0 400020.0 6.0 100006.0 100006.0 1100007.0 1100008.0 1100019.0 1100008.0 1100006.0 100006.0 100006.0 100006.0 0 2.0 
8.0 10011.0 10022.0 10028.0 220028.0 20028.0 220028.0 220028.0 20011.0 10019.0 8.0 5.0 9.0 14.0 14.0 400009.0 400009.0 400020.0 500020.0 400020.0 5.0 100005.0 100005.0 1100006.0 1100007.0 1100018.0 1100007.0 1100005.0 100005.0 100005.0 100005.0 2.0 0 
