16
loc43 loc4 loc9 loc11 loc2 loc22 loc41 loc16 loc3 loc10 loc8 loc19 loc29 loc1 loc35 Soda
0 100006.0 100007.0 100006.0 100008.0 101008.0 101019.0 100006.0 100006.0 100006.0 100010.0 100009.0 100008.0 100004.0 20000.0 20000.0 
100006.0 0 1.0 2.0 5.0 1005.0 1016.0 4.0 4.0 4.0 6.0 3.0 4.0 4.0 120006.0 120006.0 
100007.0 1.0 0 1.0 4.0 1004.0 1015.0 5.0 4.0 3.0 7.0 4.0 3.0 3.0 120007.0 120007.0 
100006.0 2.0 1.0 0 3.0 1003.0 1014.0 4.0 3.0 2.0 6.0 3.0 2.0 2.0 120006.0 120006.0 
100008.0 5.0 4.0 3.0 0 1000.0 1011.0 4.0 6.0 3.0 7.0 6.0 5.0 5.0 120008.0 120008.0 
101008.0 1005.0 1004.0 1003.0 1000.0 0 11.0 1004.0 1006.0 1003.0 1007.0 1006.0 1005.0 1005.0 121008.0 121008.0 
101019.0 1016.0 1015.0 1014.0 1011.0 11.0 0 1015.0 1017.0 1014.0 1018.0 1017.0 1016.0 1016.0 121019.0 121019.0 
100006.0 4.0 5.0 4.0 4.0 1004.0 1015.0 0 3.0 4.0 7.0 7.0 6.0 6.0 120006.0 120006.0 
100006.0 4.0 4.0 3.0 6.0 1006.0 1017.0 3.0 0 3.0 7.0 6.0 5.0 5.0 120006.0 120006.0 
100006.0 4.0 3.0 2.0 3.0 1003.0 1014.0 4.0 3.0 0 4.0 5.0 4.0 4.0 120006.0 120006.0 
100010.0 6.0 7.0 6.0 7.0 1007.0 1018.0 7.0 7.0 4.0 0 4.0 5.0 8.0 120010.0 120010.0 
100009.0 3.0 4.0 3.0 6.0 1006.0 1017.0 7.0 6.0 5.0 4.0 0 1.0 5.0 120009.0 120009.0 
100008.0 4.0 3.0 2.0 5.0 1005.0 1016.0 6.0 5.0 4.0 5.0 1.0 0 4.0 120008.0 120008.0 
100004.0 4.0 3.0 2.0 5.0 1005.0 1016.0 6.0 5.0 4.0 8.0 5.0 4.0 0 120004.0 120004.0 
20000.0 120006.0 120007.0 120006.0 120008.0 121008.0 121019.0 120006.0 120006.0 120006.0 120010.0 120009.0 120008.0 120004.0 0 40000.0 
20000.0 120006.0 120007.0 120006.0 120008.0 121008.0 121019.0 120006.0 120006.0 120006.0 120010.0 120009.0 120008.0 120004.0 40000.0 0 
