8
SU UY QK JS BI WZ AU HL
0 14.0 15.0 11.0 12.0 12.0 14.0 13.0 
14.0 0 14.0 19.0 20.0 16.0 20.0 19.0 
15.0 14.0 0 10.0 18.0 15.0 13.0 13.0 
11.0 19.0 10.0 0 19.0 15.0 20.0 16.0 
12.0 20.0 18.0 19.0 0 15.0 12.0 12.0 
12.0 16.0 15.0 15.0 15.0 0 16.0 13.0 
14.0 20.0 13.0 20.0 12.0 16.0 0 12.0 
13.0 19.0 13.0 16.0 12.0 13.0 12.0 0 
