39
31 4 19 39 45 83 49 65 25 24 51 16 34 5 15 38 14 13 30 28 35 42 44 98 50 27 2 26 18 22 11 3 37 20 32 1 7 6 0
0 139807.0 311976.0 439765.0 535659.0 876395.0 1007001.0 1107579.0 714044.0 221273.0 123661.0 278245.0 373008.0 981693.0 1393991.0 958225.0 1099292.0 1172232.0 727426.0 1143965.0 1225446.0 584446.0 579528.0 921990.0 962062.0 985115.0 1190165.0 1414697.0 1116244.0 1288233.0 885452.0 1516678.0 1399559.0 872107.0 942790.0 1194971.0 1051703.0 658677.0 339674.0 
139807.0 0 172169.0 299958.0 395852.0 834178.0 964784.0 1046803.0 853851.0 361080.0 263468.0 418052.0 512815.0 894188.0 1306486.0 977174.0 986583.0 1032425.0 587619.0 1004158.0 1125193.0 724253.0 719335.0 1061797.0 822255.0 845308.0 1050358.0 1281989.0 1256051.0 1148426.0 1025259.0 1376871.0 1259752.0 732300.0 1082597.0 1334778.0 1191510.0 798484.0 479481.0 
311976.0 172169.0 0 127789.0 223683.0 662009.0 792615.0 874634.0 1026020.0 533249.0 435637.0 590221.0 684984.0 1066357.0 1478655.0 1149343.0 1158752.0 1204594.0 759788.0 985913.0 1160215.0 896422.0 891504.0 1233966.0 650086.0 673139.0 1222527.0 1200311.0 1428220.0 1320595.0 1197428.0 1549040.0 1431921.0 904469.0 1254766.0 1506947.0 1221943.0 970653.0 651650.0 
439765.0 299958.0 127789.0 0 95894.0 534220.0 664826.0 746845.0 1153809.0 661038.0 563426.0 718010.0 812773.0 1194146.0 1606444.0 1277132.0 1051350.0 1332383.0 887577.0 858124.0 1032426.0 868418.0 1019293.0 1111626.0 777875.0 800928.0 1304153.0 1072522.0 1556009.0 1448384.0 1325217.0 1676829.0 1559710.0 1032258.0 1382555.0 1402909.0 1094154.0 1098442.0 779439.0 
535659.0 395852.0 223683.0 95894.0 0 438326.0 568932.0 650951.0 1108870.0 756932.0 659320.0 813904.0 908667.0 1290040.0 1702338.0 1373026.0 955456.0 1300033.0 983471.0 954018.0 1128320.0 772524.0 1115187.0 1190048.0 873769.0 896822.0 1208259.0 976628.0 1492191.0 1544278.0 1421111.0 1772723.0 1655604.0 1128152.0 1478449.0 1493363.0 1184608.0 1194336.0 875333.0 
876395.0 834178.0 662009.0 534220.0 438326.0 0 130606.0 231184.0 689103.0 1097668.0 1000056.0 1018016.0 1082873.0 1073128.0 1365353.0 1350184.0 1054367.0 1009520.0 1421797.0 1031930.0 1038647.0 871435.0 919002.0 751722.0 730952.0 707899.0 769933.0 538302.0 1053865.0 1162531.0 1241972.0 1978563.0 1861444.0 1087991.0 1103712.0 1055037.0 746282.0 1010167.0 1044742.0 
1007001.0 964784.0 792615.0 664826.0 568932.0 130606.0 0 361790.0 819709.0 1072431.0 992992.0 1136996.0 961193.0 942522.0 1354820.0 1464238.0 1184973.0 1140126.0 1317863.0 901324.0 926333.0 749755.0 1049608.0 882328.0 861558.0 838505.0 900539.0 668908.0 1146560.0 1109961.0 1111366.0 1863935.0 1746816.0 1136647.0 973106.0 1185643.0 876888.0 879561.0 914136.0 
1107579.0 1046803.0 874634.0 746845.0 650951.0 231184.0 361790.0 0 457919.0 907763.0 1005375.0 1159959.0 1254722.0 868992.0 1134169.0 1180639.0 1018257.0 778336.0 1223142.0 981765.0 807463.0 1102619.0 1150186.0 982906.0 962136.0 939083.0 600388.0 769486.0 1285049.0 1393715.0 1473156.0 2051130.0 1934011.0 901325.0 1022337.0 1286221.0 977466.0 1241351.0 1275926.0 
714044.0 853851.0 1026020.0 1153809.0 1108870.0 689103.0 819709.0 457919.0 0 492771.0 590383.0 744967.0 839730.0 1326911.0 1592088.0 1133844.0 560338.0 904915.0 1349721.0 1309776.0 1135474.0 929395.0 1046250.0 1217390.0 1344460.0 1321407.0 1058307.0 1227405.0 1553368.0 1639408.0 1352174.0 2186983.0 2113603.0 1359244.0 1480256.0 1661693.0 1435385.0 1120725.0 1053718.0 
221273.0 361080.0 533249.0 661038.0 756932.0 1097668.0 1072431.0 907763.0 492771.0 0 97612.0 252196.0 346959.0 955644.0 1367942.0 1179498.0 951470.0 1296047.0 948699.0 1187382.0 1199168.0 436624.0 553479.0 895941.0 1183335.0 1181207.0 1235290.0 1466921.0 1106375.0 1382796.0 859403.0 1694212.0 1620832.0 1093380.0 1164063.0 1168922.0 1025654.0 627954.0 560947.0 
123661.0 263468.0 435637.0 563426.0 659320.0 1000056.0 992992.0 1005375.0 590383.0 97612.0 0 154584.0 249347.0 858032.0 1270330.0 1081886.0 975631.0 1295893.0 851087.0 1089770.0 1101785.0 460785.0 455867.0 798329.0 1085723.0 1083595.0 1137678.0 1369309.0 1008763.0 1303357.0 761791.0 1596600.0 1523220.0 995768.0 1066451.0 1071310.0 928042.0 725566.0 463335.0 
278245.0 418052.0 590221.0 718010.0 813904.0 1018016.0 1136996.0 1159959.0 744967.0 252196.0 154584.0 0 403467.0 1012152.0 1424450.0 1236470.0 988551.0 1333128.0 1005671.0 1222552.0 1255905.0 473705.0 609987.0 643745.0 1240307.0 1237715.0 1291798.0 1523429.0 1163347.0 1314533.0 916375.0 1751184.0 1677804.0 1150352.0 1105305.0 1082213.0 773458.0 880150.0 617919.0 
373008.0 512815.0 684984.0 812773.0 908667.0 1082873.0 961193.0 1254722.0 839730.0 346959.0 249347.0 403467.0 0 608685.0 1020983.0 1299790.0 726284.0 1070861.0 851820.0 840423.0 852438.0 211438.0 206520.0 932069.0 857301.0 834248.0 888331.0 1119962.0 1258110.0 1120474.0 1011138.0 1845947.0 1772567.0 1138546.0 1310280.0 821963.0 770286.0 857729.0 712682.0 
981693.0 894188.0 1066357.0 1194146.0 1290040.0 1073128.0 942522.0 868992.0 1326911.0 955644.0 858032.0 1012152.0 608685.0 0 412298.0 1005213.0 1084950.0 1315447.0 870641.0 1045561.0 871259.0 820123.0 815205.0 1274197.0 876122.0 853069.0 907152.0 1138783.0 1338609.0 1139295.0 1140700.0 1975509.0 2002361.0 1157367.0 1165155.0 1430648.0 1378971.0 1466414.0 1321367.0 
1393991.0 1306486.0 1478655.0 1606444.0 1702338.0 1365353.0 1354820.0 1134169.0 1592088.0 1367942.0 1270330.0 1424450.0 1020983.0 412298.0 0 592915.0 1166421.0 1510998.0 1282939.0 1457859.0 1283557.0 1232421.0 1227503.0 1686495.0 1288420.0 1265367.0 740300.0 971931.0 1109748.0 1551593.0 1291023.0 2068430.0 1951311.0 1058358.0 1162249.0 1755701.0 1791269.0 1847008.0 1733665.0 
958225.0 977174.0 1149343.0 1277132.0 1373026.0 1350184.0 1464238.0 1180639.0 1133844.0 1179498.0 1081886.0 1236470.0 1299790.0 1005213.0 592915.0 0 573506.0 918083.0 1322799.0 1348628.0 1174326.0 1088352.0 1131701.0 1133359.0 1250442.0 1227389.0 580251.0 811882.0 516833.0 1043285.0 763805.0 1475515.0 1358396.0 830944.0 1002200.0 1595652.0 1456332.0 1616902.0 1297899.0 
1099292.0 986583.0 1158752.0 1051350.0 955456.0 1054367.0 1184973.0 1018257.0 560338.0 951470.0 975631.0 988551.0 726284.0 1084950.0 1166421.0 573506.0 0 344577.0 789383.0 1205922.0 1249674.0 514846.0 932804.0 1609556.0 1542423.0 1519370.0 1153757.0 1385388.0 993030.0 1079070.0 1080475.0 1915284.0 1834593.0 1307141.0 1575706.0 1548247.0 1496570.0 1579424.0 1438966.0 
1172232.0 1032425.0 1204594.0 1332383.0 1300033.0 1009520.0 1140126.0 778336.0 904915.0 1296047.0 1295893.0 1333128.0 1070861.0 1315447.0 1510998.0 918083.0 344577.0 0 444806.0 861345.0 1035647.0 859423.0 1277381.0 1617533.0 1564063.0 1541010.0 1378724.0 1516570.0 1001007.0 1423647.0 754035.0 1588844.0 1705963.0 1188718.0 1683948.0 1715575.0 1502754.0 1830909.0 1511906.0 
727426.0 587619.0 759788.0 887577.0 983471.0 1421797.0 1317863.0 1223142.0 1349721.0 948699.0 851087.0 1005671.0 851820.0 870641.0 1282939.0 1322799.0 789383.0 444806.0 0 416539.0 590841.0 1063258.0 1050442.0 1387590.0 1119257.0 1096204.0 1061970.0 1088761.0 1445813.0 1382430.0 1198841.0 1839062.0 1721943.0 743912.0 1314051.0 1366703.0 1057948.0 1386103.0 1067100.0 
1143965.0 1004158.0 985913.0 858124.0 954018.0 1031930.0 901324.0 981765.0 1309776.0 1187382.0 1089770.0 1222552.0 840423.0 1045561.0 1457859.0 1348628.0 1205922.0 861345.0 416539.0 0 174302.0 1051861.0 633903.0 971051.0 958105.0 935052.0 903853.0 672222.0 1187785.0 1043862.0 1045267.0 1422523.0 1305404.0 1153265.0 897512.0 950164.0 641409.0 1140721.0 1459724.0 
1225446.0 1125193.0 1160215.0 1032426.0 1128320.0 1038647.0 926333.0 807463.0 1135474.0 1199168.0 1101785.0 1255905.0 852438.0 871259.0 1283557.0 1174326.0 1249674.0 1035647.0 590841.0 174302.0 0 1063876.0 808205.0 946600.0 1073670.0 1050617.0 1078155.0 846524.0 1087651.0 869560.0 870965.0 1248221.0 1131102.0 978963.0 723210.0 1031081.0 815711.0 1299750.0 1334325.0 
584446.0 724253.0 896422.0 868418.0 772524.0 871435.0 749755.0 1102619.0 929395.0 436624.0 460785.0 473705.0 211438.0 820123.0 1232421.0 1088352.0 514846.0 859423.0 1063258.0 1051861.0 1063876.0 0 417958.0 1117450.0 1068739.0 1045686.0 1099769.0 1331400.0 1469548.0 1331316.0 1222576.0 2057385.0 1968171.0 1349984.0 1446745.0 1033401.0 981724.0 1064578.0 924120.0 
579528.0 719335.0 891504.0 1019293.0 1115187.0 919002.0 1049608.0 1150186.0 1046250.0 553479.0 455867.0 609987.0 206520.0 815205.0 1227503.0 1131701.0 932804.0 1277381.0 1050442.0 633903.0 808205.0 417958.0 0 725549.0 1063821.0 1040768.0 1094851.0 1306125.0 1342075.0 1326994.0 1217658.0 1954403.0 1837284.0 1309832.0 1347374.0 872521.0 563766.0 1063078.0 919202.0 
921990.0 1061797.0 1233966.0 1111626.0 1190048.0 751722.0 882328.0 982906.0 1217390.0 895941.0 798329.0 643745.0 932069.0 1274197.0 1686495.0 1133359.0 1609556.0 1617533.0 1387590.0 971051.0 946600.0 1117450.0 725549.0 0 619483.0 642536.0 1247609.0 1132089.0 616526.0 1034888.0 863498.0 1698307.0 1670004.0 994528.0 825660.0 830712.0 521957.0 1021269.0 1261664.0 
962062.0 822255.0 650086.0 777875.0 873769.0 730952.0 861558.0 962136.0 1344460.0 1183335.0 1085723.0 1240307.0 857301.0 876122.0 1288420.0 1250442.0 1542423.0 1564063.0 1119257.0 958105.0 1073670.0 1068739.0 1063821.0 619483.0 0 23053.0 670191.0 901822.0 793205.0 1319657.0 1040177.0 1874986.0 1992105.0 988249.0 1092140.0 1450195.0 1141440.0 1620739.0 1301736.0 
985115.0 845308.0 673139.0 800928.0 896822.0 707899.0 838505.0 939083.0 1321407.0 1181207.0 1083595.0 1237715.0 834248.0 853069.0 1265367.0 1227389.0 1519370.0 1541010.0 1096204.0 935052.0 1050617.0 1045686.0 1040768.0 642536.0 23053.0 0 647138.0 878769.0 816258.0 1342710.0 1063230.0 1898039.0 2015158.0 965196.0 1069087.0 1473248.0 1164493.0 1643792.0 1324789.0 
1190165.0 1050358.0 1222527.0 1304153.0 1208259.0 769933.0 900539.0 600388.0 1058307.0 1235290.0 1137678.0 1291798.0 888331.0 907152.0 740300.0 580251.0 1153757.0 1378724.0 1061970.0 903853.0 1078155.0 1099769.0 1094851.0 1247609.0 670191.0 647138.0 0 231631.0 747194.0 1159839.0 994166.0 1548699.0 1431580.0 318058.0 421949.0 1015401.0 1324156.0 1106708.0 1425711.0 
1414697.0 1281989.0 1200311.0 1072522.0 976628.0 538302.0 668908.0 769486.0 1227405.0 1466921.0 1369309.0 1523429.0 1119962.0 1138783.0 971931.0 811882.0 1385388.0 1516570.0 1088761.0 672222.0 846524.0 1331400.0 1306125.0 1132089.0 901822.0 878769.0 231631.0 0 515563.0 1042015.0 762535.0 1597344.0 1509343.0 549689.0 653580.0 1247032.0 1284584.0 1338339.0 1583044.0 
1116244.0 1256051.0 1428220.0 1556009.0 1492191.0 1053865.0 1146560.0 1285049.0 1553368.0 1106375.0 1008763.0 1163347.0 1258110.0 1338609.0 1109748.0 516833.0 993030.0 1001007.0 1445813.0 1187785.0 1087651.0 1469548.0 1342075.0 616526.0 793205.0 816258.0 747194.0 515563.0 0 526452.0 246972.0 1081781.0 1198900.0 1065252.0 890072.0 1208512.0 1138483.0 1637795.0 1455918.0 
1288233.0 1148426.0 1320595.0 1448384.0 1544278.0 1162531.0 1109961.0 1393715.0 1639408.0 1382796.0 1303357.0 1314533.0 1120474.0 1139295.0 1551593.0 1043285.0 1079070.0 1423647.0 1382430.0 1043862.0 869560.0 1331316.0 1326994.0 1034888.0 1319657.0 1342710.0 1159839.0 1042015.0 526452.0 0 700361.0 1535170.0 1512174.0 904186.0 1416524.0 1501500.0 1192745.0 1483378.0 1517953.0 
885452.0 1025259.0 1197428.0 1325217.0 1421111.0 1241972.0 1111366.0 1473156.0 1352174.0 859403.0 761791.0 916375.0 1011138.0 1140700.0 1291023.0 763805.0 1080475.0 754035.0 1198841.0 1045267.0 870965.0 1222576.0 1217658.0 863498.0 1040177.0 1063230.0 994166.0 762535.0 246972.0 700361.0 0 834809.0 951928.0 1163996.0 929913.0 961540.0 1270295.0 1484783.0 1225126.0 
1516678.0 1376871.0 1549040.0 1676829.0 1772723.0 1978563.0 1863935.0 2051130.0 2186983.0 1694212.0 1596600.0 1751184.0 1845947.0 1975509.0 2068430.0 1475515.0 1915284.0 1588844.0 1839062.0 1422523.0 1248221.0 2057385.0 1954403.0 1698307.0 1874986.0 1898039.0 1548699.0 1597344.0 1081781.0 1535170.0 834809.0 0 117119.0 1230641.0 1764722.0 1796349.0 1856029.0 2175355.0 1856352.0 
1399559.0 1259752.0 1431921.0 1559710.0 1655604.0 1861444.0 1746816.0 1934011.0 2113603.0 1620832.0 1523220.0 1677804.0 1772567.0 2002361.0 1951311.0 1358396.0 1834593.0 1705963.0 1721943.0 1305404.0 1131102.0 1968171.0 1837284.0 1670004.0 1992105.0 2015158.0 1431580.0 1509343.0 1198900.0 1512174.0 951928.0 117119.0 0 1113522.0 1853529.0 1832049.0 1738910.0 2058236.0 1739233.0 
872107.0 732300.0 904469.0 1032258.0 1128152.0 1087991.0 1136647.0 901325.0 1359244.0 1093380.0 995768.0 1150352.0 1138546.0 1157367.0 1058358.0 830944.0 1307141.0 1188718.0 743912.0 1153265.0 978963.0 1349984.0 1309832.0 994528.0 988249.0 965196.0 318058.0 549689.0 1065252.0 904186.0 1163996.0 1230641.0 1113522.0 0 740007.0 1333459.0 1211458.0 1424766.0 1211781.0 
942790.0 1082597.0 1254766.0 1382555.0 1478449.0 1103712.0 973106.0 1022337.0 1480256.0 1164063.0 1066451.0 1105305.0 1310280.0 1165155.0 1162249.0 1002200.0 1575706.0 1683948.0 1314051.0 897512.0 723210.0 1446745.0 1347374.0 825660.0 1092140.0 1069087.0 421949.0 653580.0 890072.0 1416524.0 929913.0 1764722.0 1853529.0 740007.0 0 593452.0 902207.0 1401519.0 1282464.0 
1194971.0 1334778.0 1506947.0 1402909.0 1493363.0 1055037.0 1185643.0 1286221.0 1661693.0 1168922.0 1071310.0 1082213.0 821963.0 1430648.0 1755701.0 1595652.0 1548247.0 1715575.0 1366703.0 950164.0 1031081.0 1033401.0 872521.0 830712.0 1450195.0 1473248.0 1015401.0 1247032.0 1208512.0 1501500.0 961540.0 1796349.0 1832049.0 1333459.0 593452.0 0 308755.0 808067.0 1127070.0 
1051703.0 1191510.0 1221943.0 1094154.0 1184608.0 746282.0 876888.0 977466.0 1435385.0 1025654.0 928042.0 773458.0 770286.0 1378971.0 1791269.0 1456332.0 1496570.0 1502754.0 1057948.0 641409.0 815711.0 981724.0 563766.0 521957.0 1141440.0 1164493.0 1324156.0 1284584.0 1138483.0 1192745.0 1270295.0 1856029.0 1738910.0 1211458.0 902207.0 308755.0 0 499312.0 818315.0 
658677.0 798484.0 970653.0 1098442.0 1194336.0 1010167.0 879561.0 1241351.0 1120725.0 627954.0 725566.0 880150.0 857729.0 1466414.0 1847008.0 1616902.0 1579424.0 1830909.0 1386103.0 1140721.0 1299750.0 1064578.0 1063078.0 1021269.0 1620739.0 1643792.0 1106708.0 1338339.0 1637795.0 1483378.0 1484783.0 2175355.0 2058236.0 1424766.0 1401519.0 808067.0 499312.0 0 319003.0 
339674.0 479481.0 651650.0 779439.0 875333.0 1044742.0 914136.0 1275926.0 1053718.0 560947.0 463335.0 617919.0 712682.0 1321367.0 1733665.0 1297899.0 1438966.0 1511906.0 1067100.0 1459724.0 1334325.0 924120.0 919202.0 1261664.0 1301736.0 1324789.0 1425711.0 1583044.0 1455918.0 1517953.0 1225126.0 1856352.0 1739233.0 1211781.0 1282464.0 1127070.0 818315.0 319003.0 0 
