20
1 18 3 10 20 15 17 2 11 6 23 22 4 5 7 13 8 24 14 0
0 668257.0 1032771.0 477618.0 742505.0 689501.0 1087672.0 887891.0 1094764.0 1399021.0 1876780.0 1938262.0 1840664.0 854249.0 1402384.0 1415606.0 1155401.0 1058838.0 1126160.0 950270.0 
668257.0 0 364514.0 474466.0 739353.0 1266993.0 1665164.0 1228849.0 1021976.0 1145857.0 1208523.0 1303957.0 1869892.0 1474680.0 1262106.0 747349.0 1090384.0 1270091.0 1123008.0 1468884.0 
1032771.0 364514.0 0 838980.0 1103867.0 1631507.0 1978900.0 1518650.0 1311777.0 781343.0 1266057.0 1361491.0 2234406.0 1326115.0 1626620.0 1111863.0 1454898.0 1423480.0 1487522.0 1833398.0 
477618.0 474466.0 838980.0 0 264887.0 792527.0 1190698.0 1009331.0 1167096.0 1585977.0 1556078.0 1460644.0 1684138.0 1041205.0 952311.0 1221815.0 1004521.0 836616.0 648542.0 994418.0 
742505.0 739353.0 1103867.0 264887.0 0 527640.0 925811.0 997242.0 902209.0 1321090.0 1313824.0 1409258.0 1419251.0 776318.0 687424.0 1202181.0 739634.0 571729.0 913429.0 1259305.0 
689501.0 1266993.0 1631507.0 792527.0 527640.0 0 398171.0 785216.0 992089.0 1286756.0 1442066.0 1537500.0 1151163.0 741984.0 1215064.0 766259.0 867876.0 699971.0 1183881.0 838005.0 
1087672.0 1665164.0 1978900.0 1190698.0 925811.0 398171.0 0 460250.0 667123.0 1197557.0 1682271.0 1777705.0 1549334.0 884259.0 1432394.0 1164430.0 752786.0 679711.0 1189451.0 1236176.0 
887891.0 1228849.0 1518650.0 1009331.0 997242.0 785216.0 460250.0 0 206873.0 737307.0 1222021.0 1317455.0 1363743.0 630061.0 1178196.0 992531.0 292536.0 425513.0 729201.0 1045985.0 
1094764.0 1021976.0 1311777.0 1167096.0 902209.0 992089.0 667123.0 206873.0 0 530434.0 1015148.0 1110582.0 1233782.0 546871.0 1095006.0 862570.0 162575.0 342282.0 930668.0 1252858.0 
1399021.0 1145857.0 781343.0 1585977.0 1321090.0 1286756.0 1197557.0 737307.0 530434.0 0 484714.0 580148.0 1573754.0 544772.0 1092907.0 1393004.0 693009.0 749361.0 997073.0 1342949.0 
1876780.0 1208523.0 1266057.0 1556078.0 1313824.0 1442066.0 1682271.0 1222021.0 1015148.0 484714.0 0 95434.0 1287993.0 1029486.0 1577621.0 1209491.0 1177723.0 1234075.0 1275948.0 1621824.0 
1938262.0 1303957.0 1361491.0 1460644.0 1409258.0 1537500.0 1777705.0 1317455.0 1110582.0 580148.0 95434.0 0 1192559.0 1124920.0 1673055.0 1303046.0 1273157.0 1329509.0 1180514.0 1526390.0 
1840664.0 1869892.0 2234406.0 1684138.0 1419251.0 1151163.0 1549334.0 1363743.0 1233782.0 1573754.0 1287993.0 1192559.0 0 1028982.0 1570938.0 1457104.0 1071207.0 1220290.0 1481283.0 1827159.0 
854249.0 1474680.0 1326115.0 1041205.0 776318.0 741984.0 884259.0 630061.0 546871.0 544772.0 1029486.0 1124920.0 1028982.0 0 548135.0 1062892.0 384296.0 204589.0 452301.0 798177.0 
1402384.0 1262106.0 1626620.0 952311.0 687424.0 1215064.0 1432394.0 1178196.0 1095006.0 1092907.0 1577621.0 1673055.0 1570938.0 548135.0 0 514757.0 932431.0 752724.0 1000436.0 1346312.0 
1415606.0 747349.0 1111863.0 1221815.0 1202181.0 766259.0 1164430.0 992531.0 862570.0 1393004.0 1209491.0 1303046.0 1457104.0 1062892.0 514757.0 0 699995.0 879702.0 1025128.0 1371004.0 
1155401.0 1090384.0 1454898.0 1004521.0 739634.0 867876.0 752786.0 292536.0 162575.0 693009.0 1177723.0 1273157.0 1071207.0 384296.0 932431.0 699995.0 0 179707.0 768093.0 1113969.0 
1058838.0 1270091.0 1423480.0 836616.0 571729.0 699971.0 679711.0 425513.0 342282.0 749361.0 1234075.0 1329509.0 1220290.0 204589.0 752724.0 879702.0 179707.0 0 588386.0 934262.0 
1126160.0 1123008.0 1487522.0 648542.0 913429.0 1183881.0 1189451.0 729201.0 930668.0 997073.0 1275948.0 1180514.0 1481283.0 452301.0 1000436.0 1025128.0 768093.0 588386.0 0 345876.0 
950270.0 1468884.0 1833398.0 994418.0 1259305.0 838005.0 1236176.0 1045985.0 1252858.0 1342949.0 1621824.0 1526390.0 1827159.0 798177.0 1346312.0 1371004.0 1113969.0 934262.0 345876.0 0 
