79
80 8 34 97 96 64 40 94 24 91 87 31 84 169 5 65 45 72 177 92 76 47 37 86 106 39 29 100 73 59 17 110 89 51 7 95 1 113 124 21 6 157 27 44 46 36 58 48 49 3 90 88 63 140 62 22 82 18 32 41 99 30 9 98 38 35 78 111 70 52 4 20 28 12 83 68 53 2 0
0 366889.0 661886.0 1232692.0 1244031.0 1057749.0 938914.0 520731.0 454325.0 673726.0 494063.0 230594.0 378063.0 498071.0 644083.0 468071.0 464917.0 542046.0 694652.0 778993.0 1264190.0 1820392.0 1208814.0 879574.0 1117891.0 665290.0 828053.0 710170.0 989862.0 931203.0 1167534.0 1011900.0 808292.0 1055631.0 1084834.0 933224.0 843324.0 678306.0 1098750.0 1208349.0 1053303.0 648900.0 863337.0 934504.0 917052.0 782419.0 1110894.0 922586.0 1143811.0 695476.0 878583.0 1068330.0 1178991.0 1150256.0 972463.0 1116028.0 972850.0 841422.0 695517.0 407880.0 944752.0 763163.0 666097.0 571945.0 546930.0 464659.0 983912.0 705557.0 1001785.0 866061.0 596902.0 580550.0 962009.0 1301587.0 940018.0 1403477.0 584797.0 957681.0 745780.0 
366889.0 0 294997.0 865803.0 1278314.0 1414510.0 1245540.0 851465.0 652691.0 872092.0 813409.0 597483.0 684689.0 804697.0 853476.0 677464.0 674310.0 751439.0 904045.0 988386.0 1279652.0 1744611.0 1057758.0 728518.0 966835.0 942802.0 1082521.0 1077059.0 1044940.0 855422.0 956559.0 1315150.0 1059464.0 985253.0 1009053.0 1026744.0 718670.0 553652.0 1022969.0 1319891.0 1164845.0 760442.0 939588.0 1301393.0 1021482.0 1060770.0 903132.0 1044622.0 1402743.0 1053154.0 870047.0 1059794.0 940295.0 1105221.0 1268568.0 1337094.0 1086009.0 1034994.0 1062406.0 774769.0 850765.0 468795.0 299208.0 205056.0 180041.0 621689.0 1140942.0 1072446.0 1368674.0 1232950.0 963791.0 887914.0 774086.0 1090612.0 1015116.0 1327696.0 509016.0 935662.0 1112669.0 
661886.0 294997.0 0 570806.0 1302666.0 1511356.0 1396284.0 1098075.0 899301.0 1045512.0 1076782.0 892480.0 888355.0 768347.0 576267.0 752279.0 969307.0 1046436.0 1174568.0 1090227.0 1295553.0 1866895.0 1352755.0 1023515.0 868134.0 850065.0 1012828.0 841871.0 1121563.0 899451.0 1251556.0 1435446.0 1244931.0 690256.0 1053082.0 1157866.0 846250.0 752422.0 1145253.0 1264175.0 1109129.0 704726.0 795025.0 1230091.0 1120046.0 985413.0 608135.0 749625.0 1107746.0 758157.0 575050.0 764797.0 1054862.0 1227505.0 1203448.0 1198052.0 1144849.0 1013421.0 1218735.0 1069766.0 1049535.0 763792.0 594205.0 500053.0 475038.0 916686.0 1435939.0 1367443.0 1226876.0 1196413.0 1067114.0 592917.0 974376.0 825987.0 1310113.0 1622693.0 804013.0 1153448.0 941547.0 
1232692.0 865803.0 570806.0 0 731860.0 1256819.0 1549280.0 1556730.0 1371639.0 1591040.0 1497878.0 1463286.0 988429.0 868421.0 1060781.0 1236793.0 1308456.0 1292770.0 1359135.0 1274794.0 1759991.0 2070544.0 1917095.0 1587855.0 1438940.0 1420871.0 1583634.0 1412677.0 1498103.0 1470257.0 1618157.0 1441952.0 1815737.0 1261062.0 1472188.0 1601166.0 1289550.0 1323228.0 1348902.0 1444133.0 1599179.0 1275532.0 1365831.0 1800897.0 1690852.0 1556219.0 1178941.0 1234959.0 1387143.0 1328963.0 1145856.0 1028538.0 1318603.0 1328858.0 1594085.0 1462965.0 1386848.0 1255420.0 1249567.0 1640572.0 1620341.0 1334598.0 1165011.0 1070859.0 1045844.0 1487492.0 1943172.0 1016481.0 1312709.0 1380980.0 1213819.0 777484.0 1158943.0 1396793.0 1716268.0 1792021.0 1193485.0 1620131.0 1512353.0 
1244031.0 1278314.0 1302666.0 731860.0 0 524959.0 868073.0 1136834.0 938060.0 1058704.0 1098080.0 1361549.0 1428924.0 1482124.0 1152714.0 1006080.0 779114.0 1080055.0 1232661.0 1315546.0 1209390.0 1338684.0 1297345.0 1282545.0 1245584.0 1194104.0 1031341.0 913026.0 1157161.0 881648.0 886297.0 861256.0 1448150.0 1090843.0 740328.0 1086128.0 1240235.0 1075217.0 617042.0 1006497.0 1147888.0 743485.0 833784.0 1268850.0 1309167.0 1443800.0 1313750.0 921217.0 1279338.0 1183308.0 1187245.0 1019447.0 1023419.0 699294.0 964521.0 1108086.0 1073106.0 803943.0 1009257.0 1239012.0 1258949.0 1160074.0 1167410.0 1073258.0 1323886.0 1507130.0 1483964.0 1103735.0 1399963.0 1357196.0 1208574.0 947631.0 813118.0 1020350.0 1396990.0 1478279.0 904492.0 1180085.0 980306.0 
1057749.0 1414510.0 1511356.0 1256819.0 524959.0 0 344817.0 802227.0 1001001.0 1220402.0 1178482.0 1288343.0 905668.0 1025676.0 1143178.0 967166.0 740200.0 1041141.0 1127366.0 1211707.0 1452540.0 1317490.0 1503109.0 1433835.0 1195518.0 1399868.0 1237105.0 1236829.0 1051222.0 788020.0 1323288.0 1386215.0 1472787.0 997215.0 634389.0 980189.0 1291805.0 1224982.0 595848.0 1212261.0 1367307.0 1195576.0 1318285.0 1240677.0 1514931.0 1590102.0 1216329.0 1389876.0 1352907.0 1349158.0 1166051.0 1355798.0 1239732.0 678100.0 943327.0 1086892.0 1248133.0 1116705.0 1322019.0 714053.0 955211.0 1309839.0 1479426.0 1385301.0 1473651.0 1272342.0 1462770.0 1288246.0 992018.0 1193988.0 1383601.0 1271172.0 1018882.0 1320788.0 1375796.0 1900452.0 1081772.0 655126.0 867027.0 
938914.0 1245540.0 1396284.0 1549280.0 868073.0 344817.0 0 457410.0 656184.0 875585.0 833665.0 1097134.0 560851.0 680859.0 1017303.0 1081362.0 1078208.0 1155337.0 1180425.0 1185625.0 1107723.0 972673.0 1158292.0 1143492.0 1106531.0 1055051.0 892288.0 1263954.0 1090780.0 742140.0 978471.0 1488767.0 1424853.0 951335.0 895771.0 891509.0 1045183.0 880165.0 251031.0 867444.0 1022490.0 850759.0 1028133.0 1463199.0 1170114.0 1304747.0 1426818.0 1535877.0 1452676.0 1004341.0 821234.0 1010981.0 894915.0 333283.0 598510.0 742075.0 960371.0 1125311.0 1330625.0 1058870.0 1177278.0 965022.0 1134609.0 1040484.0 1128834.0 1325102.0 1117953.0 1103833.0 1336835.0 849171.0 1210193.0 1055524.0 674065.0 975971.0 1030979.0 1583664.0 764984.0 999943.0 1174655.0 
520731.0 851465.0 1098075.0 1556730.0 1136834.0 802227.0 457410.0 0 198774.0 418175.0 376255.0 639724.0 568301.0 688309.0 799964.0 623952.0 620798.0 697927.0 850533.0 934874.0 1108314.0 1430083.0 1319183.0 1304383.0 1253915.0 1186021.0 1051787.0 1119300.0 963813.0 1027054.0 1263385.0 1171051.0 967443.0 1236249.0 1161216.0 815416.0 587773.0 422755.0 708441.0 952798.0 797752.0 393349.0 607786.0 1042852.0 895873.0 1030506.0 1167868.0 1078467.0 1436588.0 1027303.0 844196.0 895828.0 814686.0 790693.0 901475.0 926936.0 675851.0 667901.0 873215.0 723652.0 719868.0 507612.0 677199.0 771351.0 671424.0 867692.0 1223116.0 861438.0 1157666.0 391761.0 752783.0 859680.0 1076686.0 1278936.0 1333944.0 1389351.0 680648.0 966209.0 754308.0 
454325.0 652691.0 899301.0 1371639.0 938060.0 1001001.0 656184.0 198774.0 0 219401.0 177481.0 440950.0 750896.0 630888.0 906281.0 822726.0 819572.0 896701.0 1049307.0 1133648.0 909540.0 1499825.0 1420255.0 1230060.0 1055141.0 1015776.0 853013.0 920526.0 765039.0 828280.0 1064611.0 972277.0 768669.0 1037475.0 962442.0 616642.0 388999.0 223981.0 778183.0 754024.0 598978.0 194575.0 409012.0 844078.0 1094647.0 986678.0 969094.0 968416.0 1326537.0 905832.0 842856.0 933264.0 724666.0 695931.0 702701.0 846266.0 826673.0 469127.0 674441.0 862205.0 521094.0 308838.0 478425.0 572577.0 472650.0 668918.0 1024342.0 1060212.0 1328802.0 590535.0 849403.0 1026131.0 877912.0 1080162.0 1135170.0 1190577.0 481874.0 767435.0 555534.0 
673726.0 872092.0 1045512.0 1591040.0 1058704.0 1220402.0 875585.0 418175.0 219401.0 0 396882.0 660351.0 970297.0 850289.0 1059885.0 1042127.0 889038.0 835880.0 988486.0 1072827.0 1055751.0 1627758.0 1463531.0 1134291.0 895974.0 1235177.0 1072414.0 1022950.0 984440.0 1047681.0 1114034.0 1015524.0 811916.0 1256876.0 1005689.0 659889.0 608400.0 443382.0 906116.0 935615.0 818379.0 413976.0 555223.0 990289.0 1314048.0 1186925.0 1188495.0 1122020.0 1314065.0 865730.0 1048837.0 1079475.0 944067.0 823864.0 558637.0 702202.0 953287.0 622731.0 828045.0 1081606.0 740495.0 528239.0 697826.0 791978.0 692051.0 888319.0 1243743.0 1279613.0 1458357.0 809936.0 1055211.0 1057555.0 1097313.0 936098.0 991106.0 971176.0 701275.0 913646.0 701745.0 
494063.0 813409.0 1076782.0 1497878.0 1098080.0 1178482.0 833665.0 376255.0 177481.0 396882.0 0 263469.0 872126.0 808369.0 839157.0 962134.0 778508.0 1036109.0 1089084.0 1094284.0 1087021.0 1539988.0 1242774.0 1115977.0 877660.0 1159353.0 1030494.0 743045.0 942520.0 650799.0 887130.0 794796.0 591188.0 859994.0 784961.0 439161.0 566480.0 401462.0 818346.0 931505.0 776459.0 372056.0 586493.0 1021559.0 1221340.0 1086707.0 900117.0 901292.0 1176686.0 728351.0 665375.0 855122.0 829305.0 873412.0 880182.0 928481.0 759549.0 402003.0 607317.0 781335.0 698575.0 486319.0 655906.0 750058.0 650131.0 846399.0 846861.0 1012492.0 1264619.0 768016.0 834483.0 848650.0 700431.0 933682.0 1117678.0 1034096.0 304393.0 731039.0 733015.0 
230594.0 597483.0 892480.0 1463286.0 1361549.0 1288343.0 1097134.0 639724.0 440950.0 660351.0 263469.0 0 608657.0 728665.0 874677.0 698665.0 695511.0 772640.0 925246.0 860326.0 1345523.0 1739272.0 1439408.0 1110168.0 1071687.0 895884.0 851242.0 479576.0 759268.0 850083.0 1086414.0 1058265.0 854657.0 1059278.0 1003714.0 702630.0 829949.0 664931.0 1017630.0 1194974.0 1039928.0 635525.0 849962.0 1165098.0 1147646.0 1013013.0 880300.0 1035259.0 913217.0 464882.0 647989.0 837736.0 1092774.0 1099882.0 1143651.0 1191950.0 1023018.0 665472.0 870786.0 638474.0 962044.0 749788.0 896691.0 802539.0 777524.0 695253.0 1110330.0 936151.0 1232379.0 1031485.0 827496.0 811144.0 963900.0 1197151.0 1170612.0 1297565.0 567862.0 727087.0 515186.0 
378063.0 684689.0 888355.0 988429.0 1428924.0 905668.0 560851.0 568301.0 750896.0 970297.0 872126.0 608657.0 0 120008.0 456452.0 632464.0 842980.0 920109.0 1072715.0 1157056.0 1540517.0 1533524.0 1312766.0 983526.0 1067744.0 1043353.0 1206116.0 1029382.0 749690.0 886763.0 1231136.0 1373770.0 1186355.0 677568.0 917831.0 852753.0 541137.0 706155.0 811882.0 1418096.0 1263050.0 858647.0 1073084.0 1312567.0 1295115.0 1160482.0 971318.0 1112808.0 1210865.0 979763.0 1102669.0 1082199.0 978594.0 894134.0 1159361.0 1078237.0 1025034.0 893606.0 1073580.0 785943.0 1003268.0 743372.0 573785.0 479633.0 864730.0 842722.0 1361975.0 1083620.0 1379848.0 960062.0 974965.0 956100.0 1232518.0 1365189.0 1289693.0 1723839.0 962374.0 1335744.0 1123843.0 
498071.0 804697.0 768347.0 868421.0 1482124.0 1025676.0 680859.0 688309.0 630888.0 850289.0 808369.0 728665.0 120008.0 0 336444.0 512456.0 739422.0 816551.0 969157.0 1053498.0 1420509.0 1653532.0 1192758.0 863518.0 1101835.0 1077802.0 1160969.0 909374.0 629682.0 951454.0 1351144.0 1253762.0 1261673.0 797576.0 797823.0 732745.0 421129.0 586147.0 931890.0 1298088.0 1143042.0 738639.0 953076.0 1388142.0 1363221.0 1228588.0 851310.0 992800.0 1090857.0 1099771.0 982661.0 962191.0 1098602.0 1014142.0 1101794.0 958229.0 905026.0 773598.0 978912.0 905951.0 883260.0 671004.0 693793.0 599641.0 984738.0 962730.0 1481983.0 1203628.0 1410096.0 1080070.0 1040494.0 836092.0 1217551.0 1479255.0 1409701.0 1603831.0 842366.0 1269012.0 1099598.0 
644083.0 853476.0 576267.0 1060781.0 1152714.0 1143178.0 1017303.0 799964.0 906281.0 1059885.0 839157.0 874677.0 456452.0 336444.0 0 176012.0 402978.0 480107.0 632713.0 717054.0 1115861.0 1555510.0 856314.0 527074.0 765391.0 741358.0 826973.0 975211.0 966126.0 969256.0 1205587.0 917318.0 1250151.0 1134020.0 987441.0 1005955.0 757573.0 803517.0 1043498.0 1459776.0 1418435.0 1014032.0 871682.0 1306748.0 1171141.0 1036508.0 659230.0 710325.0 754413.0 1112498.0 1000632.0 810885.0 1100950.0 961246.0 765350.0 621785.0 568582.0 437154.0 642468.0 885469.0 882813.0 811518.0 641931.0 736083.0 1033517.0 1108742.0 1627995.0 892843.0 1073652.0 852672.0 704050.0 644012.0 1025471.0 1142811.0 1197819.0 1267387.0 992100.0 1261927.0 1158424.0 
468071.0 677464.0 752279.0 1236793.0 1006080.0 967166.0 1081362.0 623952.0 822726.0 1042127.0 962134.0 698665.0 632464.0 512456.0 176012.0 0 226966.0 304095.0 456701.0 541042.0 1026239.0 1589128.0 1032326.0 703086.0 941403.0 917370.0 1002985.0 799199.0 1078891.0 894986.0 1061410.0 1083635.0 1276363.0 1104181.0 1048617.0 1172272.0 933585.0 979529.0 867486.0 1390656.0 1417155.0 1017301.0 1047694.0 1236081.0 1347153.0 1212520.0 835242.0 684635.0 930425.0 936486.0 1081504.0 986897.0 1191888.0 785234.0 941362.0 797797.0 734899.0 603471.0 808785.0 709457.0 706801.0 987530.0 817943.0 882520.0 857505.0 932730.0 1451983.0 808778.0 1105006.0 969282.0 700123.0 534126.0 915585.0 1318823.0 1373831.0 1403151.0 820978.0 1247624.0 1213851.0 
464917.0 674310.0 969307.0 1308456.0 779114.0 740200.0 1078208.0 620798.0 819572.0 889038.0 778508.0 695511.0 842980.0 739422.0 402978.0 226966.0 0 300941.0 453547.0 537888.0 1023085.0 1816094.0 1259292.0 930052.0 1168369.0 1130207.0 1115026.0 743360.0 934281.0 891832.0 834444.0 856669.0 1189502.0 1101027.0 1045463.0 945306.0 941966.0 776948.0 1094452.0 1163690.0 1318736.0 953383.0 1076685.0 1009115.0 1264228.0 1247336.0 1062208.0 649676.0 1007797.0 933332.0 1078350.0 1213863.0 964922.0 1012200.0 902583.0 759018.0 507933.0 376505.0 581819.0 482491.0 479835.0 861805.0 789865.0 879366.0 854351.0 929576.0 1448829.0 805624.0 1013003.0 792023.0 643401.0 530972.0 912431.0 1096344.0 1335052.0 1176185.0 626297.0 1052943.0 994797.0 
542046.0 751439.0 1046436.0 1292770.0 1080055.0 1041141.0 1155337.0 697927.0 896701.0 835880.0 1036109.0 772640.0 920109.0 816551.0 480107.0 304095.0 300941.0 0 152606.0 236947.0 722144.0 1588280.0 1075632.0 1007181.0 1167442.0 1173896.0 1011133.0 639467.0 919159.0 590891.0 1135385.0 1066361.0 1251213.0 800086.0 744522.0 1090322.0 1207267.0 1077889.0 1082000.0 1268106.0 1113060.0 785369.0 999806.0 1310056.0 1275560.0 1276945.0 1040191.0 380540.0 738661.0 632391.0 777409.0 967156.0 1257221.0 1068046.0 802819.0 915263.0 808874.0 677446.0 882760.0 783432.0 780776.0 1162746.0 1050647.0 956495.0 931480.0 1006705.0 1525958.0 882753.0 1178981.0 825080.0 555921.0 608101.0 989560.0 1180280.0 1235288.0 1416430.0 894953.0 1321599.0 1146328.0 
694652.0 904045.0 1174568.0 1359135.0 1232661.0 1127366.0 1180425.0 850533.0 1049307.0 988486.0 1089084.0 925246.0 1072715.0 969157.0 632713.0 456701.0 453547.0 152606.0 0 84341.0 569538.0 1435674.0 1228238.0 1159787.0 1126363.0 1021290.0 858527.0 486861.0 766553.0 438285.0 998178.0 1218967.0 1202155.0 647480.0 591916.0 937716.0 1224424.0 1164114.0 929394.0 1235646.0 1080600.0 937975.0 1152412.0 1396281.0 1399496.0 1264863.0 887585.0 533146.0 891267.0 479785.0 662892.0 852639.0 1142704.0 1011646.0 955425.0 1067869.0 961480.0 830052.0 1035366.0 869657.0 867001.0 1248971.0 1203253.0 1109101.0 1084086.0 1159311.0 1678564.0 1035359.0 1331587.0 977686.0 708527.0 581651.0 963110.0 1132231.0 1387894.0 1569036.0 784691.0 1211337.0 1298934.0 
778993.0 988386.0 1090227.0 1274794.0 1315546.0 1211707.0 1185625.0 934874.0 1133648.0 1072827.0 1094284.0 860326.0 1157056.0 1053498.0 717054.0 541042.0 537888.0 236947.0 84341.0 0 485197.0 1351333.0 1312579.0 1151233.0 1131563.0 936949.0 774186.0 402520.0 682212.0 443485.0 1003378.0 1207242.0 1207355.0 652680.0 597116.0 942916.0 1140083.0 1248455.0 934594.0 1151305.0 996259.0 1022316.0 1236753.0 1480622.0 1315155.0 1180522.0 803244.0 617487.0 843779.0 395444.0 578551.0 768298.0 1058363.0 1016846.0 1039766.0 1152210.0 1045821.0 914393.0 1119707.0 953998.0 951342.0 1333312.0 1284491.0 1190339.0 1168427.0 1243652.0 1762905.0 1119700.0 1415928.0 1062027.0 792868.0 497310.0 878769.0 1137431.0 1351534.0 1608571.0 789891.0 1216537.0 1375512.0 
1264190.0 1279652.0 1295553.0 1759991.0 1209390.0 1452540.0 1107723.0 1108314.0 909540.0 1055751.0 1087021.0 1345523.0 1540517.0 1420509.0 1115861.0 1026239.0 1023085.0 722144.0 569538.0 485197.0 0 866136.0 1381008.0 1051768.0 1028622.0 837484.0 674721.0 887717.0 1167409.0 882986.0 887635.0 1397931.0 1620923.0 1092181.0 935923.0 813293.0 999380.0 1046697.0 856692.0 1246147.0 1119368.0 714965.0 805264.0 1240330.0 1199281.0 1333914.0 1288441.0 1102684.0 1328976.0 880641.0 882784.0 1072531.0 1273618.0 938944.0 1204171.0 1347736.0 1197414.0 1200708.0 1251538.0 1371163.0 1343810.0 1131554.0 1168748.0 1074596.0 1295366.0 1578458.0 1723614.0 1244679.0 1540907.0 1481504.0 1278065.0 982507.0 889017.0 1021688.0 1035783.0 1665920.0 871334.0 1163687.0 951786.0 
1820392.0 1744611.0 1866895.0 2070544.0 1338684.0 1317490.0 972673.0 1430083.0 1499825.0 1627758.0 1539988.0 1739272.0 1533524.0 1653532.0 1555510.0 1589128.0 1816094.0 1588280.0 1435674.0 1351333.0 866136.0 0 699196.0 1028436.0 1266753.0 1242720.0 1362899.0 1734565.0 1561391.0 1212751.0 1449082.0 1959378.0 1933265.0 1421946.0 1366382.0 1362120.0 1610886.0 1445868.0 721642.0 1338055.0 1493101.0 1408445.0 1498744.0 1933810.0 1640725.0 1775358.0 1897429.0 1394288.0 1752409.0 1474952.0 1291845.0 1481592.0 1365526.0 803894.0 1069121.0 1212686.0 1430982.0 1788528.0 1812985.0 1757596.0 1696345.0 1530725.0 1700312.0 1636043.0 1885651.0 1838688.0 1588564.0 1574444.0 1870672.0 1715072.0 1848981.0 1526135.0 1144676.0 1446582.0 1501590.0 2054275.0 1235595.0 1662241.0 1645266.0 
1208814.0 1057758.0 1352755.0 1917095.0 1297345.0 1503109.0 1158292.0 1319183.0 1420255.0 1463531.0 1242774.0 1439408.0 1312766.0 1192758.0 856314.0 1032326.0 1259292.0 1075632.0 1228238.0 1312579.0 1381008.0 699196.0 0 329240.0 567557.0 543524.0 706287.0 1077953.0 1357645.0 1255635.0 1187151.0 1380913.0 1833962.0 1464830.0 1128686.0 1006056.0 1317672.0 1400066.0 907261.0 947502.0 1102548.0 1229649.0 1444086.0 1721978.0 1250172.0 1384805.0 1365805.0 695092.0 1053213.0 1265469.0 1108871.0 1298618.0 1324187.0 989513.0 1254740.0 1398305.0 1325809.0 1194381.0 1399695.0 1616694.0 1631357.0 1315209.0 1356966.0 1262814.0 1237799.0 1673473.0 1774183.0 1356438.0 1637990.0 1609899.0 1382258.0 1484796.0 1103337.0 1632201.0 1687209.0 1730982.0 1421214.0 1740157.0 1528256.0 
879574.0 728518.0 1023515.0 1587855.0 1282545.0 1433835.0 1143492.0 1304383.0 1230060.0 1134291.0 1115977.0 1110168.0 983526.0 863518.0 527074.0 703086.0 930052.0 1007181.0 1159787.0 1151233.0 1051768.0 1028436.0 329240.0 0 238317.0 214284.0 377047.0 748713.0 1028405.0 926395.0 857911.0 1368207.0 1516426.0 1135590.0 799446.0 676816.0 988432.0 1153450.0 892461.0 932702.0 1087748.0 1040402.0 1254839.0 1459094.0 965304.0 1099937.0 1036565.0 1024332.0 1281487.0 962738.0 779631.0 969378.0 1259443.0 974713.0 1128516.0 1148859.0 1095656.0 964228.0 1169542.0 1287454.0 1409887.0 1197313.0 1027726.0 933574.0 908559.0 1344233.0 1759383.0 1097959.0 1394187.0 1379746.0 1231124.0 1171086.0 1088537.0 1505977.0 1441931.0 1767465.0 1237534.0 1410917.0 1199016.0 
1117891.0 966835.0 868134.0 1438940.0 1245584.0 1195518.0 1106531.0 1253915.0 1055141.0 895974.0 877660.0 1071687.0 1067744.0 1101835.0 765391.0 941403.0 1168369.0 1167442.0 1126363.0 1131563.0 1028622.0 1266753.0 567557.0 238317.0 0 452601.0 615364.0 818748.0 977962.0 688078.0 1096228.0 1374760.0 1278109.0 897273.0 561129.0 438499.0 750115.0 915133.0 855500.0 895741.0 1050787.0 872749.0 1087186.0 1220777.0 726987.0 861620.0 798248.0 1092587.0 1279647.0 1041746.0 858639.0 1048386.0 1272426.0 773555.0 890199.0 1033764.0 1284849.0 1007300.0 1073304.0 1184220.0 1212246.0 999990.0 1096606.0 1171891.0 1062032.0 1503680.0 1558225.0 859642.0 1155870.0 1539375.0 1410076.0 935879.0 1051576.0 1267660.0 1203614.0 1529148.0 1034484.0 1172600.0 960699.0 
665290.0 942802.0 850065.0 1420871.0 1194104.0 1399868.0 1055051.0 1186021.0 1015776.0 1235177.0 1159353.0 895884.0 1043353.0 1077802.0 741358.0 917370.0 1130207.0 1173896.0 1021290.0 936949.0 837484.0 1242720.0 543524.0 214284.0 452601.0 0 162763.0 534429.0 814121.0 773813.0 643627.0 1153923.0 1473582.0 983008.0 927444.0 885130.0 836547.0 1001565.0 804020.0 1146986.0 1230521.0 826118.0 1040555.0 1475621.0 1077444.0 942811.0 935153.0 1238616.0 1196789.0 748454.0 565347.0 755094.0 1045159.0 886272.0 1151499.0 1295064.0 1309940.0 1178512.0 1360807.0 1073170.0 1298678.0 1086422.0 1142782.0 1048630.0 1122843.0 1129949.0 1649202.0 1279264.0 1352828.0 1259161.0 1262192.0 1245840.0 1000096.0 1342222.0 1435920.0 1743892.0 1120219.0 1398978.0 1187077.0 
828053.0 1082521.0 1012828.0 1583634.0 1031341.0 1237105.0 892288.0 1051787.0 853013.0 1072414.0 1030494.0 851242.0 1206116.0 1160969.0 826973.0 1002985.0 1115026.0 1011133.0 858527.0 774186.0 674721.0 1362899.0 706287.0 377047.0 615364.0 162763.0 0 371666.0 651358.0 611050.0 806390.0 1316686.0 1374920.0 820245.0 764681.0 722367.0 783945.0 948963.0 641257.0 1030712.0 1067758.0 663355.0 877792.0 1312858.0 914681.0 780048.0 772390.0 1391673.0 1298791.0 850456.0 667349.0 636769.0 926834.0 723509.0 988736.0 1132301.0 1249040.0 1139855.0 1345169.0 1235933.0 1246076.0 1033820.0 980019.0 885867.0 1238839.0 1121964.0 1508179.0 1116501.0 1391131.0 1140836.0 1424955.0 1218792.0 837333.0 1304996.0 1421205.0 1581129.0 957456.0 1236215.0 1024314.0 
710170.0 1077059.0 841871.0 1412677.0 913026.0 1236829.0 1263954.0 1119300.0 920526.0 1022950.0 743045.0 479576.0 1029382.0 909374.0 975211.0 799199.0 743360.0 639467.0 486861.0 402520.0 887717.0 1734565.0 1077953.0 748713.0 818748.0 534429.0 371666.0 0 279692.0 756071.0 968356.0 1474471.0 1334233.0 965266.0 602440.0 778979.0 1090595.0 1144507.0 1012923.0 1386548.0 1398779.0 1035021.0 1249458.0 1499722.0 912635.0 778002.0 400724.0 1020007.0 1246299.0 797964.0 981071.0 1008435.0 919876.0 1037189.0 1230393.0 1373958.0 1125735.0 768189.0 973503.0 1118050.0 1223195.0 1229364.0 1351685.0 1257533.0 1257100.0 1174829.0 1589906.0 1315693.0 1019465.0 1409825.0 1195388.0 899830.0 1208999.0 1450017.0 1544094.0 1777141.0 1047438.0 1206663.0 994762.0 
989862.0 1044940.0 1121563.0 1498103.0 1157161.0 1051222.0 1090780.0 963813.0 765039.0 984440.0 942520.0 759268.0 749690.0 629682.0 966126.0 1078891.0 934281.0 919159.0 766553.0 682212.0 1167409.0 1561391.0 1357645.0 1028405.0 977962.0 814121.0 651358.0 279692.0 0 570464.0 1130357.0 1600662.0 1334334.0 779659.0 416833.0 762633.0 1050811.0 989020.0 839749.0 1456162.0 1364017.0 959614.0 1174051.0 1434758.0 1192327.0 1057694.0 680416.0 1299699.0 1135351.0 1077656.0 1260763.0 1288127.0 1199568.0 757497.0 1022724.0 1166289.0 1208454.0 894380.0 1099694.0 908134.0 1136335.0 1073877.0 1243464.0 1229323.0 1224981.0 1418815.0 1542167.0 1255719.0 1299157.0 1355574.0 1387394.0 1179522.0 1131739.0 1264410.0 1455193.0 1735550.0 916870.0 1343516.0 1274454.0 
931203.0 855422.0 899451.0 1470257.0 881648.0 788020.0 742140.0 1027054.0 828280.0 1047681.0 650799.0 850083.0 886763.0 951454.0 969256.0 894986.0 891832.0 590891.0 438285.0 443485.0 882986.0 1212751.0 1255635.0 926395.0 688078.0 773813.0 611050.0 756071.0 570464.0 0 559893.0 1070189.0 763870.0 209195.0 153631.0 499431.0 811047.0 976065.0 491109.0 1022747.0 867701.0 951409.0 1041708.0 1281709.0 1247482.0 1112849.0 735571.0 971431.0 872149.0 838929.0 1022036.0 1026772.0 1134993.0 573361.0 838588.0 889075.0 637990.0 995536.0 923796.0 1043421.0 873133.0 1010593.0 841006.0 746854.0 1035463.0 1155613.0 1358031.0 685255.0 981483.0 922080.0 1077575.0 940795.0 561275.0 693946.0 1159691.0 1165086.0 346406.0 773052.0 983698.0 
1167534.0 956559.0 1251556.0 1618157.0 886297.0 1323288.0 978471.0 1263385.0 1064611.0 1114034.0 887130.0 1086414.0 1231136.0 1351144.0 1205587.0 1061410.0 834444.0 1135385.0 998178.0 1003378.0 887635.0 1449082.0 1187151.0 857911.0 1096228.0 643627.0 806390.0 968356.0 1130357.0 559893.0 0 510296.0 1097190.0 769088.0 713524.0 1059324.0 1265117.0 1100099.0 727440.0 1219070.0 1104032.0 956058.0 1046357.0 1481423.0 1521740.0 1586438.0 1295464.0 1196117.0 1309888.0 861553.0 1044660.0 1232020.0 1235992.0 809692.0 1074919.0 1125406.0 874321.0 859273.0 928445.0 1048070.0 1314279.0 1015242.0 845655.0 751503.0 1136600.0 1578248.0 1594362.0 921586.0 1217814.0 1158411.0 1352287.0 947383.0 565924.0 698595.0 1219229.0 1401417.0 582737.0 1009383.0 1192879.0 
1011900.0 1315150.0 1435446.0 1441952.0 861256.0 1386215.0 1488767.0 1171051.0 972277.0 1015524.0 794796.0 1058265.0 1373770.0 1253762.0 917318.0 1083635.0 856669.0 1066361.0 1218967.0 1207242.0 1397931.0 1959378.0 1380913.0 1368207.0 1374760.0 1153923.0 1316686.0 1474471.0 1600662.0 1070189.0 510296.0 0 586894.0 1141569.0 1223820.0 1053763.0 1361276.0 1196258.0 1237736.0 1372847.0 1527893.0 1151425.0 1365862.0 1712707.0 1522944.0 1496601.0 1518409.0 685821.0 1043942.0 1256198.0 1244697.0 1196240.0 906175.0 1319988.0 1067752.0 924187.0 837710.0 706282.0 911596.0 1230359.0 1336504.0 1177563.0 1015942.0 1110094.0 1444927.0 1226493.0 1641657.0 868339.0 1164567.0 1121800.0 973178.0 1315757.0 1076220.0 1208891.0 1053170.0 1242883.0 1044605.0 1471251.0 1293163.0 
808292.0 1059464.0 1244931.0 1815737.0 1448150.0 1472787.0 1424853.0 967443.0 768669.0 811916.0 591188.0 854657.0 1186355.0 1261673.0 1250151.0 1276363.0 1189502.0 1251213.0 1202155.0 1207355.0 1620923.0 1933265.0 1833962.0 1516426.0 1278109.0 1473582.0 1374920.0 1334233.0 1334334.0 763870.0 1097190.0 586894.0 0 554675.0 917501.0 850155.0 840544.0 675526.0 1211623.0 1127183.0 1282229.0 963244.0 1061462.0 1285358.0 1427626.0 1292993.0 1420639.0 1272715.0 1163209.0 1224196.0 1041089.0 1230836.0 1240299.0 1129371.0 864144.0 720579.0 971664.0 812997.0 1018311.0 758734.0 972639.0 590669.0 760256.0 854408.0 1239505.0 1022885.0 1438049.0 1449125.0 1476734.0 1092829.0 695292.0 1115879.0 1291619.0 1241605.0 1296613.0 880803.0 840997.0 1267643.0 1089555.0 
1055631.0 985253.0 690256.0 1261062.0 1090843.0 997215.0 951335.0 1236249.0 1037475.0 1256876.0 859994.0 1059278.0 677568.0 797576.0 1134020.0 1104181.0 1101027.0 800086.0 647480.0 652680.0 1092181.0 1421946.0 1464830.0 1135590.0 897273.0 983008.0 820245.0 965266.0 779659.0 209195.0 769088.0 1141569.0 554675.0 0 362826.0 708626.0 1020242.0 1185260.0 700304.0 1231942.0 1076896.0 1160604.0 1250903.0 1490904.0 1456677.0 1322044.0 944766.0 1180626.0 1081344.0 1048124.0 1231231.0 1235967.0 1344188.0 782556.0 1047783.0 1098270.0 847185.0 1204731.0 1132991.0 1252616.0 1082328.0 1145344.0 1050201.0 956049.0 1165294.0 1364808.0 1567226.0 894450.0 1190678.0 1131275.0 1249967.0 1149990.0 770470.0 903141.0 1368886.0 1374281.0 555601.0 982247.0 1192893.0 
1084834.0 1009053.0 1053082.0 1472188.0 740328.0 634389.0 895771.0 1161216.0 962442.0 1005689.0 784961.0 1003714.0 917831.0 797823.0 987441.0 1048617.0 1045463.0 744522.0 591916.0 597116.0 935923.0 1366382.0 1128686.0 799446.0 561129.0 927444.0 764681.0 602440.0 416833.0 153631.0 713524.0 1223820.0 917501.0 362826.0 0 345800.0 657416.0 822434.0 644740.0 1176378.0 1021332.0 996968.0 1195339.0 1128078.0 1093851.0 959218.0 581940.0 1075068.0 718518.0 992560.0 1053060.0 873141.0 1101092.0 680856.0 946083.0 1042706.0 791621.0 914601.0 1077427.0 1197052.0 719502.0 907291.0 994637.0 900485.0 969333.0 1001982.0 1465526.0 838886.0 1135114.0 1075711.0 1161598.0 1085896.0 714906.0 847577.0 1110915.0 1318717.0 500037.0 926683.0 1137329.0 
933224.0 1026744.0 1157866.0 1601166.0 1086128.0 980189.0 891509.0 815416.0 616642.0 659889.0 439161.0 702630.0 852753.0 732745.0 1005955.0 1172272.0 945306.0 1090322.0 937716.0 942916.0 813293.0 1362120.0 1006056.0 676816.0 438499.0 885130.0 722367.0 778979.0 762633.0 499431.0 1059324.0 1053763.0 850155.0 708626.0 345800.0 0 311616.0 476634.0 640478.0 1256891.0 1116251.0 808366.0 886480.0 782278.0 1165486.0 1135757.0 758479.0 952438.0 1064318.0 976306.0 793199.0 982946.0 1088272.0 558226.0 823453.0 967018.0 926347.0 568801.0 774115.0 1144451.0 773747.0 561491.0 731078.0 825230.0 846703.0 1285560.0 1286022.0 922261.0 1218489.0 1207177.0 993638.0 1178276.0 1060706.0 1192649.0 765115.0 1293063.0 600666.0 1027312.0 1169325.0 
843324.0 718670.0 846250.0 1289550.0 1240235.0 1291805.0 1045183.0 587773.0 388999.0 608400.0 566480.0 829949.0 541137.0 421129.0 757573.0 933585.0 941966.0 1207267.0 1224424.0 1140083.0 999380.0 1610886.0 1317672.0 988432.0 750115.0 836547.0 783945.0 1090595.0 1050811.0 811047.0 1265117.0 1361276.0 840544.0 1020242.0 657416.0 311616.0 0 165018.0 889244.0 959681.0 804635.0 496750.0 574864.0 1009930.0 1308505.0 1287409.0 910131.0 1141893.0 1192974.0 744639.0 561532.0 751279.0 947218.0 869842.0 1004876.0 1080741.0 829656.0 771302.0 976616.0 1094584.0 462131.0 249875.0 419462.0 513614.0 774825.0 1057917.0 1413341.0 1233877.0 1334726.0 979534.0 1151578.0 985185.0 1161992.0 1377807.0 1076731.0 1579576.0 870873.0 1069610.0 857709.0 
678306.0 553652.0 752422.0 1323228.0 1075217.0 1224982.0 880165.0 422755.0 223981.0 443382.0 401462.0 664931.0 706155.0 586147.0 803517.0 979529.0 776948.0 1077889.0 1164114.0 1248455.0 1046697.0 1445868.0 1400066.0 1153450.0 915133.0 1001565.0 948963.0 1144507.0 989020.0 976065.0 1100099.0 1196258.0 675526.0 1185260.0 822434.0 476634.0 165018.0 0 724226.0 891181.0 736135.0 331732.0 409846.0 844912.0 1257024.0 1122391.0 745113.0 976875.0 1334996.0 909657.0 726550.0 916297.0 782200.0 806478.0 839858.0 953156.0 702071.0 606284.0 811598.0 929566.0 297113.0 84857.0 254444.0 348596.0 609807.0 892899.0 1248323.0 1284193.0 1207141.0 814516.0 986560.0 820167.0 1101481.0 1217319.0 1158656.0 1414558.0 705855.0 904592.0 692691.0 
1098750.0 1022969.0 1145253.0 1348902.0 617042.0 595848.0 251031.0 708441.0 778183.0 906116.0 818346.0 1017630.0 811882.0 931890.0 1043498.0 867486.0 1094452.0 1082000.0 929394.0 934594.0 856692.0 721642.0 907261.0 892461.0 855500.0 804020.0 641257.0 1012923.0 839749.0 491109.0 727440.0 1237736.0 1211623.0 700304.0 644740.0 640478.0 889244.0 724226.0 0 616413.0 771459.0 686803.0 777102.0 1212168.0 919083.0 1053716.0 1175787.0 1323687.0 1201645.0 753310.0 570203.0 759950.0 643884.0 82252.0 347479.0 491044.0 709340.0 1066886.0 1091343.0 1035954.0 974703.0 809083.0 978670.0 914401.0 1164009.0 1117046.0 866922.0 852802.0 1149030.0 993430.0 1127339.0 804493.0 423034.0 724940.0 779948.0 1332633.0 513953.0 940599.0 923624.0 
1208349.0 1319891.0 1264175.0 1444133.0 1006497.0 1212261.0 867444.0 952798.0 754024.0 935615.0 931505.0 1194974.0 1418096.0 1298088.0 1459776.0 1390656.0 1163690.0 1268106.0 1235646.0 1151305.0 1246147.0 1338055.0 947502.0 932702.0 895741.0 1146986.0 1030712.0 1386548.0 1456162.0 1022747.0 1219070.0 1372847.0 1127183.0 1231942.0 1176378.0 1256891.0 959681.0 891181.0 616413.0 0 155046.0 559449.0 773886.0 1208952.0 959324.0 1093957.0 1366048.0 1326238.0 1204196.0 755861.0 938968.0 756737.0 466672.0 698665.0 963892.0 1107457.0 1325753.0 1136327.0 1341641.0 1150373.0 683855.0 976038.0 1145625.0 1239777.0 1139850.0 1422942.0 1483335.0 1091979.0 1388207.0 1260804.0 1470225.0 1193948.0 812489.0 1341353.0 1396361.0 1568789.0 1045591.0 1132309.0 920408.0 
1053303.0 1164845.0 1109129.0 1599179.0 1147888.0 1367307.0 1022490.0 797752.0 598978.0 818379.0 776459.0 1039928.0 1263050.0 1143042.0 1418435.0 1417155.0 1318736.0 1113060.0 1080600.0 996259.0 1119368.0 1493101.0 1102548.0 1087748.0 1050787.0 1230521.0 1067758.0 1398779.0 1364017.0 867701.0 1104032.0 1527893.0 1282229.0 1076896.0 1021332.0 1116251.0 804635.0 736135.0 771459.0 155046.0 0 404403.0 618840.0 1053906.0 1114370.0 1249003.0 1481248.0 1171192.0 1049150.0 600815.0 783922.0 911783.0 621718.0 853711.0 912529.0 1056094.0 1182129.0 981281.0 1186595.0 995327.0 838901.0 820992.0 990579.0 1084731.0 984804.0 1267896.0 1600480.0 1229394.0 1525622.0 1189513.0 1315179.0 1348994.0 967535.0 1238085.0 1344998.0 1709225.0 890545.0 977263.0 765362.0 
648900.0 760442.0 704726.0 1275532.0 743485.0 1195576.0 850759.0 393349.0 194575.0 413976.0 372056.0 635525.0 858647.0 738639.0 1014032.0 1017301.0 953383.0 785369.0 937975.0 1022316.0 714965.0 1408445.0 1229649.0 1040402.0 872749.0 826118.0 663355.0 1035021.0 959614.0 951409.0 956058.0 1151425.0 963244.0 1160604.0 996968.0 808366.0 496750.0 331732.0 686803.0 559449.0 404403.0 0 214437.0 649503.0 1236590.0 1181253.0 1076845.0 1045854.0 1403975.0 1005218.0 928436.0 738689.0 832417.0 769055.0 508126.0 651691.0 902776.0 576878.0 782192.0 1056780.0 628845.0 416589.0 586176.0 680328.0 580401.0 863493.0 1218917.0 1228372.0 1407846.0 785110.0 910776.0 1151899.0 882879.0 885587.0 940595.0 1385152.0 676449.0 572860.0 360959.0 
863337.0 939588.0 795025.0 1365831.0 833784.0 1318285.0 1028133.0 607786.0 409012.0 555223.0 586493.0 849962.0 1073084.0 953076.0 871682.0 1047694.0 1076685.0 999806.0 1152412.0 1236753.0 805264.0 1498744.0 1444086.0 1254839.0 1087186.0 1040555.0 877792.0 1249458.0 1174051.0 1041708.0 1046357.0 1365862.0 1061462.0 1250903.0 1195339.0 886480.0 574864.0 409846.0 777102.0 773886.0 618840.0 214437.0 0 435066.0 1022153.0 1156786.0 1154959.0 1186399.0 1544520.0 1201842.0 1018735.0 828988.0 1046854.0 859354.0 722563.0 866128.0 1057726.0 700180.0 905494.0 961690.0 706959.0 470793.0 640380.0 734532.0 794838.0 1077930.0 1433354.0 1381987.0 1562796.0 999547.0 1001075.0 1230013.0 973178.0 1100024.0 1155032.0 1526399.0 890886.0 663159.0 451258.0 
934504.0 1301393.0 1230091.0 1800897.0 1268850.0 1240677.0 1463199.0 1042852.0 844078.0 990289.0 1021559.0 1165098.0 1312567.0 1388142.0 1306748.0 1236081.0 1009115.0 1310056.0 1396281.0 1480622.0 1240330.0 1933810.0 1721978.0 1459094.0 1220777.0 1475621.0 1312858.0 1499722.0 1434758.0 1281709.0 1481423.0 1712707.0 1285358.0 1490904.0 1128078.0 782278.0 1009930.0 844912.0 1212168.0 1208952.0 1053906.0 649503.0 435066.0 0 587087.0 721720.0 1098998.0 1026886.0 1183558.0 1597263.0 1453801.0 1264054.0 1203856.0 1294420.0 1157629.0 1301194.0 1466004.0 1135246.0 1147096.0 526624.0 1142025.0 905859.0 1075446.0 1169598.0 1229904.0 1118530.0 1637783.0 1510312.0 1657664.0 1239099.0 841562.0 1315759.0 1290466.0 1535090.0 1547393.0 1729016.0 1325952.0 1098225.0 886324.0 
917052.0 1021482.0 1120046.0 1690852.0 1309167.0 1514931.0 1170114.0 895873.0 1094647.0 1314048.0 1221340.0 1147646.0 1295115.0 1363221.0 1171141.0 1347153.0 1264228.0 1275560.0 1399496.0 1315155.0 1199281.0 1640725.0 1250172.0 965304.0 726987.0 1077444.0 914681.0 912635.0 1192327.0 1247482.0 1521740.0 1522944.0 1427626.0 1456677.0 1093851.0 1165486.0 1308505.0 1257024.0 919083.0 959324.0 1114370.0 1236590.0 1022153.0 587087.0 0 134633.0 511911.0 895020.0 596471.0 1044806.0 1096581.0 906834.0 616769.0 1001335.0 1266562.0 1410127.0 1525737.0 1394309.0 1286164.0 1113711.0 1101856.0 1341881.0 1320690.0 1226538.0 1201523.0 1131645.0 1650898.0 923225.0 1070577.0 1253194.0 984035.0 1187791.0 1115159.0 1644023.0 1699031.0 1642397.0 1413311.0 1685312.0 1473411.0 
782419.0 1060770.0 985413.0 1556219.0 1443800.0 1590102.0 1304747.0 1030506.0 986678.0 1186925.0 1086707.0 1013013.0 1160482.0 1228588.0 1036508.0 1212520.0 1247336.0 1276945.0 1264863.0 1180522.0 1333914.0 1775358.0 1384805.0 1099937.0 861620.0 942811.0 780048.0 778002.0 1057694.0 1112849.0 1586438.0 1496601.0 1292993.0 1322044.0 959218.0 1135757.0 1287409.0 1122391.0 1053716.0 1093957.0 1249003.0 1181253.0 1156786.0 721720.0 134633.0 0 377278.0 1029653.0 731104.0 1179439.0 1231214.0 1041467.0 751402.0 1135968.0 1401195.0 1544760.0 1402651.0 1342416.0 1151531.0 1190299.0 1236489.0 1207248.0 1359978.0 1265826.0 1240811.0 997012.0 1516265.0 1057858.0 935944.0 1118561.0 849402.0 1053158.0 1249792.0 1778656.0 1722437.0 1507764.0 1278678.0 1705324.0 1528199.0 
1110894.0 903132.0 608135.0 1178941.0 1313750.0 1216329.0 1426818.0 1167868.0 969094.0 1188495.0 900117.0 880300.0 971318.0 851310.0 659230.0 835242.0 1062208.0 1040191.0 887585.0 803244.0 1288441.0 1897429.0 1365805.0 1036565.0 798248.0 935153.0 772390.0 400724.0 680416.0 735571.0 1295464.0 1518409.0 1420639.0 944766.0 581940.0 758479.0 910131.0 745113.0 1175787.0 1366048.0 1481248.0 1076845.0 1154959.0 1098998.0 511911.0 377278.0 0 832588.0 1108382.0 1198688.0 1178333.0 1189441.0 899376.0 1093535.0 1209893.0 1281015.0 1123811.0 1096384.0 1301698.0 1504200.0 1042226.0 829970.0 999557.0 1093709.0 1083173.0 1374290.0 1746978.0 914969.0 618741.0 1279376.0 1150077.0 675880.0 1057339.0 1429517.0 1523594.0 1848842.0 1081977.0 1508623.0 1395486.0 
922586.0 1044622.0 749625.0 1234959.0 921217.0 1389876.0 1535877.0 1078467.0 968416.0 1122020.0 901292.0 1035259.0 1112808.0 992800.0 710325.0 684635.0 649676.0 380540.0 533146.0 617487.0 1102684.0 1394288.0 695092.0 1024332.0 1092587.0 1238616.0 1391673.0 1020007.0 1299699.0 971431.0 1196117.0 685821.0 1272715.0 1180626.0 1075068.0 952438.0 1141893.0 976875.0 1323687.0 1326238.0 1171192.0 1045854.0 1186399.0 1026886.0 895020.0 1029653.0 832588.0 0 358121.0 570377.0 753484.0 943231.0 1233296.0 1257805.0 1025367.0 881802.0 630717.0 499289.0 704603.0 1132167.0 1129511.0 1061732.0 1231319.0 1249678.0 1224663.0 1387245.0 1588037.0 661346.0 957574.0 914807.0 687166.0 817370.0 1198829.0 1402828.0 1457836.0 1035890.0 1205685.0 1324062.0 1331735.0 
1143811.0 1402743.0 1107746.0 1387143.0 1279338.0 1352907.0 1452676.0 1436588.0 1326537.0 1314065.0 1176686.0 913217.0 1210865.0 1090857.0 754413.0 930425.0 1007797.0 738661.0 891267.0 843779.0 1328976.0 1752409.0 1053213.0 1281487.0 1279647.0 1196789.0 1298791.0 1246299.0 1135351.0 872149.0 1309888.0 1043942.0 1163209.0 1081344.0 718518.0 1064318.0 1192974.0 1334996.0 1201645.0 1204196.0 1049150.0 1403975.0 1544520.0 1183558.0 596471.0 731104.0 1108382.0 358121.0 0 448335.0 631442.0 821189.0 1111254.0 1283897.0 1383488.0 1239923.0 988838.0 857410.0 1062724.0 1397577.0 1438020.0 1419853.0 1396344.0 1490496.0 1563595.0 1608470.0 1946158.0 1019467.0 1315695.0 1213155.0 991587.0 609659.0 991118.0 1443941.0 1502015.0 1394011.0 1218555.0 1636994.0 1428403.0 
695476.0 1053154.0 758157.0 1328963.0 1183308.0 1349158.0 1004341.0 1027303.0 905832.0 865730.0 728351.0 464882.0 979763.0 1099771.0 1112498.0 936486.0 933332.0 632391.0 479785.0 395444.0 880641.0 1474952.0 1265469.0 962738.0 1041746.0 748454.0 850456.0 797964.0 1077656.0 838929.0 861553.0 1256198.0 1224196.0 1048124.0 992560.0 976306.0 744639.0 909657.0 753310.0 755861.0 600815.0 1005218.0 1201842.0 1597263.0 1044806.0 1179439.0 1198688.0 570377.0 448335.0 0 183107.0 372854.0 662919.0 835562.0 1100789.0 1244354.0 1161011.0 1069666.0 1225456.0 1103356.0 1148006.0 994514.0 1142666.0 1048514.0 1115260.0 1160135.0 1575212.0 1218597.0 1102262.0 876921.0 1188312.0 892754.0 862935.0 995606.0 1053680.0 1606267.0 879748.0 1191969.0 980068.0 
878583.0 870047.0 575050.0 1145856.0 1187245.0 1166051.0 821234.0 844196.0 842856.0 1048837.0 665375.0 647989.0 1102669.0 982661.0 1000632.0 1081504.0 1078350.0 777409.0 662892.0 578551.0 882784.0 1291845.0 1108871.0 779631.0 858639.0 565347.0 667349.0 981071.0 1260763.0 1022036.0 1044660.0 1244697.0 1041089.0 1231231.0 1053060.0 793199.0 561532.0 726550.0 570203.0 938968.0 783922.0 928436.0 1018735.0 1453801.0 1096581.0 1231214.0 1178333.0 753484.0 631442.0 183107.0 0 189747.0 479812.0 652455.0 917682.0 1061247.0 977904.0 1067378.0 1272692.0 1286463.0 964899.0 811407.0 980994.0 1075103.0 932153.0 1343242.0 1437125.0 1215383.0 919155.0 693814.0 1091351.0 1075861.0 993237.0 816275.0 870573.0 1500710.0 841369.0 1268015.0 1163175.0 
1068330.0 1059794.0 764797.0 1028538.0 1019447.0 1355798.0 1010981.0 895828.0 933264.0 1079475.0 855122.0 837736.0 1082199.0 962191.0 810885.0 986897.0 1213863.0 967156.0 852639.0 768298.0 1072531.0 1481592.0 1298618.0 969378.0 1048386.0 755094.0 636769.0 1008435.0 1288127.0 1026772.0 1232020.0 1196240.0 1230836.0 1235967.0 873141.0 982946.0 751279.0 916297.0 759950.0 756737.0 911783.0 738689.0 828988.0 1264054.0 906834.0 1041467.0 1189441.0 943231.0 821189.0 372854.0 189747.0 0 290065.0 842202.0 1107429.0 1039242.0 788157.0 1145703.0 1351017.0 1384474.0 775152.0 1001154.0 1017971.0 1112123.0 1121900.0 1465566.0 1626872.0 1405130.0 1108902.0 504067.0 901604.0 1107563.0 1130025.0 1006022.0 1060320.0 1690457.0 1031116.0 1187411.0 975510.0 
1178991.0 940295.0 1054862.0 1318603.0 1023419.0 1239732.0 894915.0 814686.0 724666.0 944067.0 829305.0 1092774.0 978594.0 1098602.0 1100950.0 1191888.0 964922.0 1257221.0 1142704.0 1058363.0 1273618.0 1365526.0 1324187.0 1259443.0 1272426.0 1045159.0 926834.0 919876.0 1199568.0 1134993.0 1235992.0 906175.0 1240299.0 1344188.0 1101092.0 1088272.0 947218.0 782200.0 643884.0 466672.0 621718.0 832417.0 1046854.0 1203856.0 616769.0 751402.0 899376.0 1233296.0 1111254.0 662919.0 479812.0 290065.0 0 681885.0 947112.0 1090677.0 1078222.0 1051114.0 1256428.0 1094409.0 485087.0 867057.0 727906.0 822058.0 1110492.0 1175501.0 1466555.0 1450190.0 1153962.0 794132.0 1191669.0 1221419.0 839960.0 1296087.0 1350385.0 1683207.0 1133698.0 1405277.0 1193376.0 
