18
31 19 5 35 37 15 48 44 17 22 40 26 47 23 45 49 28 38
0 265.0 760.0 699.0 688.0 704.0 481.0 539.0 794.0 978.0 725.0 787.0 952.0 785.0 762.0 779.0 583.0 300.0 
265.0 0 495.0 744.0 642.0 439.0 216.0 274.0 775.0 946.0 901.0 772.0 745.0 790.0 497.0 711.0 495.0 565.0 
760.0 495.0 0 270.0 757.0 934.0 711.0 740.0 930.0 963.0 1004.0 960.0 758.0 803.0 510.0 724.0 943.0 763.0 
699.0 744.0 270.0 0 487.0 690.0 913.0 470.0 764.0 777.0 743.0 690.0 731.0 567.0 772.0 558.0 711.0 493.0 
688.0 642.0 757.0 487.0 0 203.0 426.0 459.0 942.0 688.0 415.0 203.0 703.0 649.0 942.0 943.0 700.0 980.0 
704.0 439.0 934.0 690.0 203.0 0 223.0 495.0 951.0 735.0 462.0 406.0 723.0 705.0 936.0 745.0 502.0 785.0 
481.0 216.0 711.0 913.0 426.0 223.0 0 490.0 728.0 730.0 685.0 629.0 795.0 928.0 713.0 522.0 279.0 562.0 
539.0 274.0 740.0 470.0 459.0 495.0 490.0 0 501.0 749.0 710.0 498.0 788.0 944.0 771.0 707.0 683.0 839.0 
794.0 775.0 930.0 764.0 942.0 951.0 728.0 501.0 0 254.0 527.0 739.0 799.0 713.0 420.0 206.0 449.0 685.0 
978.0 946.0 963.0 777.0 688.0 735.0 730.0 749.0 254.0 0 273.0 485.0 799.0 792.0 674.0 460.0 451.0 734.0 
725.0 901.0 1004.0 743.0 415.0 462.0 685.0 710.0 527.0 273.0 0 212.0 711.0 658.0 947.0 733.0 703.0 986.0 
787.0 772.0 960.0 690.0 203.0 406.0 629.0 498.0 739.0 485.0 212.0 0 500.0 446.0 739.0 945.0 903.0 926.0 
952.0 745.0 758.0 731.0 703.0 723.0 795.0 788.0 799.0 799.0 711.0 500.0 0 460.0 753.0 717.0 779.0 652.0 
785.0 790.0 803.0 567.0 649.0 705.0 928.0 944.0 713.0 792.0 658.0 446.0 460.0 0 293.0 507.0 750.0 986.0 
762.0 497.0 510.0 772.0 942.0 936.0 713.0 771.0 420.0 674.0 947.0 739.0 753.0 293.0 0 214.0 457.0 693.0 
779.0 711.0 724.0 558.0 943.0 745.0 522.0 707.0 206.0 460.0 733.0 945.0 717.0 507.0 214.0 0 243.0 479.0 
583.0 495.0 943.0 711.0 700.0 502.0 279.0 683.0 449.0 451.0 703.0 903.0 779.0 750.0 457.0 243.0 0 283.0 
300.0 565.0 763.0 493.0 980.0 785.0 562.0 839.0 685.0 734.0 986.0 926.0 652.0 986.0 693.0 479.0 283.0 0 
