82
20 46 196 141 2 23 39 85 152 29 158 177 107 133 87 90 25 171 163 72 136 129 194 193 88 173 145 118 58 164 154 115 10 120 121 179 125 143 137 101 98 38 165 34 61 7 78 138 199 155 3 21 79 11 139 185 119 126 149 74 66 191 151 60 84 135 180 156 52 16 40 176 113 181 36 55 83 168 9 42 73 48
0 464.0 726.0 940.0 1201.0 995.0 724.0 926.0 1172.0 1085.0 1038.0 803.0 511.0 731.0 712.0 954.0 978.0 740.0 948.0 1058.0 1212.0 994.0 1039.0 1020.0 1276.0 1041.0 1270.0 1294.0 1257.0 979.0 964.0 964.0 741.0 1194.0 940.0 1069.0 1011.0 1133.0 1188.0 980.0 771.0 684.0 467.0 676.0 932.0 869.0 644.0 861.0 1074.0 1189.0 1218.0 1022.0 1195.0 932.0 707.0 432.0 764.0 704.0 792.0 525.0 744.0 1009.0 934.0 1286.0 1035.0 1126.0 1015.0 1188.0 1275.0 1037.0 1194.0 1008.0 876.0 1157.0 785.0 799.0 515.0 217.0 730.0 963.0 530.0 288.0 
464.0 0 262.0 476.0 754.0 976.0 754.0 956.0 1090.0 871.0 845.0 994.0 702.0 748.0 903.0 1145.0 1256.0 1086.0 1267.0 1021.0 945.0 727.0 985.0 957.0 1271.0 1206.0 1331.0 1122.0 1279.0 1001.0 719.0 500.0 277.0 730.0 476.0 970.0 999.0 1020.0 1239.0 917.0 708.0 726.0 931.0 1140.0 990.0 899.0 674.0 778.0 747.0 1025.0 1052.0 1280.0 1272.0 1009.0 737.0 462.0 926.0 1153.0 1071.0 801.0 582.0 777.0 681.0 1157.0 1014.0 1135.0 1276.0 1218.0 1212.0 974.0 730.0 544.0 906.0 877.0 1107.0 829.0 545.0 247.0 991.0 1139.0 876.0 752.0 
726.0 262.0 0 214.0 492.0 714.0 985.0 976.0 971.0 1133.0 1107.0 928.0 755.0 486.0 956.0 1198.0 994.0 1047.0 1005.0 759.0 683.0 465.0 723.0 952.0 1009.0 1208.0 1434.0 1225.0 1037.0 759.0 981.0 762.0 539.0 511.0 214.0 1169.0 737.0 758.0 977.0 963.0 970.0 988.0 1180.0 1028.0 1190.0 958.0 733.0 516.0 485.0 763.0 972.0 1229.0 1205.0 1180.0 999.0 724.0 713.0 940.0 1205.0 1063.0 844.0 1000.0 502.0 978.0 752.0 990.0 1014.0 1268.0 1207.0 736.0 468.0 282.0 965.0 1139.0 1179.0 1091.0 807.0 509.0 729.0 962.0 1138.0 1014.0 
940.0 476.0 214.0 0 278.0 500.0 771.0 973.0 757.0 976.0 1042.0 1014.0 968.0 700.0 767.0 1009.0 974.0 999.0 791.0 749.0 469.0 251.0 509.0 738.0 795.0 996.0 1225.0 1273.0 1217.0 973.0 1158.0 976.0 753.0 725.0 428.0 1290.0 951.0 776.0 763.0 749.0 958.0 1197.0 1394.0 1242.0 1184.0 926.0 701.0 484.0 271.0 549.0 758.0 1247.0 1281.0 1394.0 1075.0 913.0 927.0 947.0 1273.0 1277.0 1058.0 1214.0 716.0 1192.0 966.0 1060.0 800.0 1055.0 993.0 950.0 682.0 496.0 933.0 1214.0 1074.0 1305.0 1021.0 723.0 515.0 748.0 1209.0 1228.0 
1201.0 754.0 492.0 278.0 0 222.0 493.0 695.0 941.0 1160.0 1217.0 982.0 690.0 959.0 489.0 731.0 751.0 989.0 1069.0 1027.0 747.0 529.0 787.0 929.0 1073.0 1189.0 1204.0 995.0 989.0 711.0 993.0 1212.0 1031.0 1003.0 706.0 1411.0 978.0 748.0 485.0 471.0 680.0 919.0 1136.0 1186.0 1264.0 1204.0 979.0 762.0 549.0 827.0 1036.0 1170.0 1003.0 1266.0 1060.0 785.0 1205.0 1180.0 1220.0 1162.0 943.0 1208.0 994.0 1291.0 1238.0 1027.0 767.0 1022.0 1184.0 946.0 960.0 774.0 1002.0 1283.0 1352.0 1331.0 1047.0 1000.0 793.0 977.0 1199.0 1441.0 
995.0 976.0 714.0 500.0 222.0 0 271.0 473.0 719.0 938.0 1184.0 949.0 912.0 1181.0 711.0 953.0 973.0 1211.0 1291.0 1249.0 969.0 751.0 1009.0 1151.0 1295.0 1228.0 1426.0 1217.0 1211.0 933.0 1215.0 1434.0 1253.0 1225.0 928.0 1424.0 1200.0 970.0 707.0 693.0 902.0 1141.0 1358.0 1408.0 1444.0 1000.0 775.0 984.0 771.0 1049.0 1258.0 1392.0 1225.0 1290.0 838.0 563.0 1027.0 958.0 998.0 1268.0 1165.0 1430.0 1216.0 1513.0 1350.0 1249.0 989.0 1244.0 1406.0 1168.0 1182.0 996.0 1000.0 1281.0 1238.0 1360.0 1076.0 778.0 1015.0 1199.0 1421.0 1283.0 
724.0 754.0 985.0 771.0 493.0 271.0 0 202.0 448.0 667.0 913.0 678.0 970.0 1114.0 982.0 1224.0 1244.0 1370.0 1162.0 1016.0 736.0 954.0 755.0 984.0 1192.0 957.0 1186.0 1195.0 1178.0 1123.0 961.0 1180.0 1031.0 1446.0 1199.0 1153.0 1223.0 993.0 978.0 964.0 1173.0 1218.0 1191.0 1310.0 1173.0 729.0 504.0 721.0 934.0 1093.0 1302.0 1283.0 1282.0 1019.0 567.0 292.0 756.0 687.0 727.0 997.0 1216.0 1226.0 1198.0 1242.0 1079.0 1166.0 955.0 1048.0 1239.0 1439.0 1213.0 955.0 729.0 1010.0 967.0 1089.0 805.0 507.0 1119.0 1207.0 1254.0 1012.0 
926.0 956.0 976.0 973.0 695.0 473.0 202.0 0 246.0 465.0 711.0 476.0 768.0 912.0 969.0 1211.0 1074.0 1168.0 960.0 814.0 534.0 752.0 553.0 782.0 990.0 755.0 984.0 993.0 976.0 1226.0 1163.0 1162.0 1046.0 1244.0 1184.0 951.0 1241.0 1184.0 921.0 1166.0 1031.0 1016.0 1233.0 1108.0 971.0 931.0 706.0 923.0 1075.0 1295.0 1222.0 1081.0 1287.0 1221.0 769.0 494.0 712.0 485.0 525.0 795.0 1014.0 1024.0 996.0 1040.0 1197.0 964.0 753.0 1008.0 1037.0 1297.0 1415.0 1157.0 527.0 808.0 765.0 1043.0 1007.0 709.0 917.0 1005.0 1247.0 1192.0 
1172.0 1090.0 971.0 757.0 941.0 719.0 448.0 246.0 0 219.0 781.0 722.0 935.0 666.0 747.0 989.0 904.0 1010.0 802.0 568.0 288.0 506.0 764.0 993.0 1236.0 1001.0 956.0 747.0 1010.0 1233.0 951.0 916.0 1033.0 998.0 938.0 705.0 1168.0 938.0 675.0 1133.0 1109.0 999.0 1147.0 938.0 1194.0 1177.0 952.0 1169.0 1028.0 1165.0 976.0 1216.0 1422.0 1360.0 1015.0 740.0 958.0 731.0 771.0 1041.0 1043.0 778.0 1226.0 1202.0 951.0 969.0 943.0 1198.0 1248.0 1375.0 1192.0 1045.0 773.0 813.0 519.0 797.0 1081.0 955.0 770.0 1003.0 1001.0 946.0 
1085.0 871.0 1133.0 976.0 1160.0 938.0 667.0 465.0 219.0 0 562.0 797.0 1077.0 885.0 966.0 1208.0 1029.0 791.0 583.0 787.0 507.0 725.0 983.0 1212.0 1023.0 788.0 1017.0 839.0 1009.0 1287.0 1110.0 1037.0 814.0 779.0 1076.0 924.0 1387.0 1157.0 894.0 1228.0 1019.0 780.0 997.0 1157.0 1004.0 1332.0 1107.0 1316.0 1103.0 1381.0 1195.0 997.0 1203.0 1466.0 1234.0 959.0 1177.0 950.0 990.0 1018.0 824.0 559.0 1057.0 1239.0 988.0 750.0 1010.0 1265.0 1467.0 1285.0 1330.0 1219.0 875.0 594.0 300.0 578.0 862.0 1118.0 989.0 856.0 1001.0 1165.0 
1038.0 845.0 1107.0 1042.0 1217.0 1184.0 913.0 711.0 781.0 562.0 0 235.0 527.0 796.0 728.0 736.0 520.0 758.0 966.0 1043.0 1009.0 791.0 740.0 969.0 1085.0 850.0 1022.0 813.0 1071.0 1270.0 1084.0 1011.0 788.0 753.0 1050.0 993.0 1428.0 1442.0 1187.0 1190.0 1105.0 1203.0 1215.0 1006.0 1014.0 1171.0 946.0 1163.0 1270.0 1500.0 1291.0 971.0 1177.0 1287.0 1327.0 1158.0 907.0 680.0 720.0 990.0 780.0 533.0 950.0 1235.0 1053.0 826.0 812.0 1067.0 1224.0 839.0 1107.0 1296.0 714.0 568.0 862.0 1039.0 1323.0 1092.0 527.0 294.0 968.0 1210.0 
803.0 994.0 928.0 1014.0 982.0 949.0 678.0 476.0 722.0 797.0 235.0 0 292.0 561.0 493.0 735.0 755.0 993.0 920.0 808.0 981.0 763.0 505.0 734.0 950.0 715.0 944.0 1048.0 936.0 1178.0 1158.0 1229.0 1006.0 988.0 833.0 1208.0 1193.0 1214.0 969.0 955.0 983.0 968.0 1185.0 1068.0 931.0 936.0 711.0 928.0 1035.0 1313.0 1365.0 1033.0 1239.0 1255.0 1198.0 923.0 672.0 445.0 485.0 755.0 545.0 768.0 715.0 1000.0 1162.0 924.0 705.0 960.0 989.0 1074.0 1087.0 1162.0 479.0 760.0 1097.0 1274.0 1318.0 1020.0 762.0 529.0 839.0 1081.0 
511.0 702.0 755.0 968.0 690.0 912.0 970.0 768.0 935.0 1077.0 527.0 292.0 0 269.0 201.0 443.0 659.0 757.0 965.0 1075.0 1223.0 1055.0 797.0 1026.0 1219.0 984.0 992.0 783.0 1046.0 922.0 1204.0 1181.0 979.0 838.0 541.0 1087.0 1029.0 940.0 677.0 663.0 872.0 1030.0 963.0 811.0 1067.0 1228.0 1003.0 1220.0 1239.0 1167.0 1088.0 965.0 1171.0 963.0 997.0 943.0 814.0 737.0 742.0 472.0 253.0 518.0 423.0 899.0 1052.0 1000.0 959.0 1214.0 1281.0 1063.0 795.0 1037.0 771.0 1052.0 962.0 1235.0 1026.0 728.0 1054.0 821.0 547.0 789.0 
731.0 748.0 486.0 700.0 959.0 1181.0 1114.0 912.0 666.0 885.0 796.0 561.0 269.0 0 470.0 712.0 508.0 746.0 954.0 856.0 954.0 951.0 1066.0 962.0 1242.0 1007.0 1004.0 795.0 1058.0 945.0 948.0 991.0 1022.0 569.0 272.0 917.0 1173.0 986.0 723.0 922.0 713.0 761.0 694.0 542.0 798.0 1022.0 797.0 1002.0 971.0 1028.0 819.0 988.0 957.0 694.0 728.0 1003.0 545.0 510.0 972.0 741.0 522.0 787.0 560.0 1036.0 969.0 731.0 991.0 1246.0 1217.0 794.0 526.0 768.0 1029.0 989.0 693.0 971.0 780.0 948.0 942.0 734.0 751.0 696.0 
712.0 903.0 956.0 767.0 489.0 711.0 982.0 969.0 747.0 966.0 728.0 493.0 201.0 470.0 0 242.0 458.0 696.0 904.0 1087.0 1035.0 1018.0 998.0 920.0 1079.0 1020.0 791.0 582.0 845.0 1123.0 1199.0 980.0 1037.0 1002.0 742.0 998.0 969.0 739.0 476.0 462.0 671.0 910.0 982.0 773.0 1029.0 1232.0 1007.0 1224.0 1038.0 966.0 1068.0 1166.0 1056.0 793.0 1070.0 795.0 1015.0 938.0 943.0 673.0 454.0 719.0 624.0 802.0 991.0 1018.0 758.0 1013.0 1175.0 937.0 996.0 1238.0 972.0 1253.0 1163.0 1200.0 1038.0 929.0 917.0 684.0 748.0 990.0 
954.0 1145.0 1198.0 1009.0 731.0 953.0 1224.0 1211.0 989.0 1208.0 736.0 735.0 443.0 712.0 242.0 0 216.0 454.0 662.0 918.0 1157.0 939.0 1197.0 1122.0 1102.0 867.0 1033.0 824.0 1087.0 1365.0 1229.0 1203.0 1279.0 1244.0 984.0 1204.0 1146.0 981.0 718.0 704.0 873.0 1112.0 911.0 702.0 958.0 1461.0 1249.0 1395.0 1182.0 1208.0 1310.0 1020.0 814.0 551.0 1003.0 1037.0 1240.0 1107.0 1185.0 915.0 696.0 961.0 866.0 560.0 749.0 980.0 720.0 975.0 1247.0 987.0 1238.0 1395.0 1139.0 1238.0 945.0 1201.0 1280.0 1171.0 675.0 442.0 664.0 906.0 
978.0 1256.0 994.0 974.0 751.0 973.0 1244.0 1074.0 904.0 1029.0 520.0 755.0 659.0 508.0 458.0 216.0 0 238.0 446.0 702.0 941.0 723.0 981.0 906.0 886.0 651.0 880.0 739.0 872.0 1150.0 1013.0 987.0 1194.0 1077.0 780.0 988.0 930.0 930.0 667.0 724.0 657.0 896.0 695.0 486.0 742.0 1245.0 1155.0 1179.0 966.0 1157.0 1225.0 1061.0 1030.0 767.0 1219.0 1057.0 1024.0 891.0 984.0 961.0 742.0 1007.0 1068.0 776.0 533.0 764.0 504.0 759.0 1031.0 771.0 1034.0 1179.0 923.0 1022.0 729.0 985.0 1269.0 1195.0 459.0 226.0 448.0 690.0 
740.0 1086.0 1047.0 999.0 989.0 1211.0 1370.0 1168.0 1010.0 791.0 758.0 993.0 757.0 746.0 696.0 454.0 238.0 0 208.0 464.0 744.0 961.0 1219.0 1136.0 648.0 413.0 642.0 851.0 634.0 912.0 900.0 1119.0 1342.0 1308.0 1018.0 750.0 692.0 922.0 905.0 962.0 895.0 971.0 933.0 724.0 629.0 1098.0 917.0 941.0 728.0 1006.0 1211.0 1239.0 1268.0 1005.0 1130.0 1082.0 786.0 885.0 993.0 723.0 504.0 769.0 1022.0 546.0 295.0 533.0 742.0 997.0 1269.0 956.0 1199.0 941.0 685.0 791.0 491.0 747.0 1031.0 957.0 697.0 464.0 210.0 452.0 
948.0 1267.0 1005.0 791.0 1069.0 1291.0 1162.0 960.0 802.0 583.0 966.0 920.0 965.0 954.0 904.0 662.0 446.0 208.0 0 256.0 536.0 754.0 1012.0 928.0 440.0 205.0 434.0 643.0 426.0 704.0 692.0 911.0 1134.0 1100.0 1219.0 958.0 900.0 1004.0 1113.0 1170.0 1002.0 763.0 886.0 677.0 421.0 924.0 950.0 733.0 520.0 798.0 1007.0 1038.0 1244.0 1202.0 1236.0 1162.0 700.0 897.0 937.0 931.0 712.0 977.0 1230.0 754.0 503.0 733.0 950.0 1205.0 1183.0 748.0 991.0 733.0 893.0 991.0 283.0 561.0 845.0 1143.0 905.0 672.0 418.0 660.0 
1058.0 1021.0 759.0 749.0 1027.0 1249.0 1016.0 814.0 568.0 787.0 1043.0 808.0 1075.0 856.0 1087.0 918.0 702.0 464.0 256.0 0 280.0 498.0 756.0 985.0 696.0 461.0 690.0 899.0 682.0 817.0 948.0 1167.0 1298.0 1270.0 973.0 994.0 978.0 748.0 1011.0 1214.0 1005.0 1019.0 1043.0 834.0 677.0 1041.0 928.0 711.0 776.0 975.0 1184.0 1186.0 1392.0 1414.0 1174.0 1140.0 956.0 785.0 825.0 1041.0 822.0 1087.0 1261.0 985.0 734.0 972.0 1047.0 1258.0 1240.0 1003.0 735.0 477.0 1149.0 1230.0 539.0 690.0 974.0 1069.0 762.0 928.0 528.0 770.0 
1212.0 945.0 683.0 469.0 747.0 969.0 736.0 534.0 288.0 507.0 1009.0 981.0 1223.0 954.0 1035.0 1157.0 941.0 744.0 536.0 280.0 0 218.0 476.0 705.0 976.0 741.0 970.0 1035.0 962.0 1097.0 1221.0 1010.0 1222.0 1194.0 897.0 993.0 1258.0 1028.0 963.0 1163.0 954.0 1193.0 1323.0 1114.0 957.0 1321.0 1170.0 953.0 740.0 1018.0 1227.0 1466.0 1672.0 1648.0 1303.0 1028.0 1141.0 914.0 1059.0 1321.0 1102.0 1066.0 1185.0 1265.0 1014.0 1027.0 767.0 1022.0 960.0 1220.0 1015.0 757.0 1032.0 1101.0 807.0 970.0 1254.0 1192.0 482.0 715.0 808.0 1050.0 
994.0 727.0 465.0 251.0 529.0 751.0 954.0 752.0 506.0 725.0 791.0 763.0 1055.0 951.0 1018.0 939.0 723.0 961.0 754.0 498.0 218.0 0 258.0 487.0 975.0 959.0 1188.0 1253.0 1180.0 1224.0 1003.0 792.0 1004.0 976.0 679.0 1051.0 1202.0 1027.0 1014.0 945.0 736.0 975.0 1192.0 1189.0 933.0 1177.0 952.0 735.0 522.0 800.0 1009.0 1289.0 1495.0 1490.0 1269.0 1164.0 923.0 696.0 1029.0 1299.0 1308.0 1284.0 967.0 1271.0 1020.0 809.0 549.0 804.0 742.0 1002.0 933.0 747.0 814.0 1067.0 1025.0 1188.0 1272.0 974.0 264.0 497.0 1026.0 1268.0 
1039.0 985.0 723.0 509.0 787.0 1009.0 755.0 553.0 764.0 983.0 740.0 505.0 797.0 1066.0 998.0 1197.0 981.0 1219.0 1012.0 756.0 476.0 258.0 0 229.0 717.0 952.0 1181.0 997.0 1173.0 972.0 982.0 1050.0 1166.0 1183.0 937.0 1285.0 1259.0 1029.0 1145.0 687.0 478.0 717.0 934.0 1143.0 912.0 1013.0 788.0 970.0 757.0 953.0 1162.0 1092.0 1264.0 1463.0 1011.0 1000.0 1040.0 950.0 782.0 1052.0 1050.0 1273.0 1116.0 1160.0 1253.0 1042.0 782.0 756.0 484.0 744.0 1012.0 998.0 556.0 837.0 1197.0 1223.0 1507.0 1215.0 522.0 755.0 1284.0 1327.0 
1020.0 957.0 952.0 738.0 929.0 1151.0 984.0 782.0 993.0 1212.0 969.0 734.0 1026.0 962.0 920.0 1122.0 906.0 1136.0 928.0 985.0 705.0 487.0 229.0 0 488.0 723.0 952.0 1083.0 944.0 1201.0 1210.0 1160.0 937.0 1334.0 1037.0 1474.0 1206.0 1033.0 916.0 458.0 249.0 488.0 705.0 914.0 939.0 1183.0 958.0 741.0 528.0 806.0 1015.0 1321.0 1493.0 1423.0 971.0 1170.0 1203.0 976.0 1011.0 1281.0 1279.0 1230.0 887.0 931.0 1168.0 930.0 782.0 527.0 255.0 515.0 783.0 975.0 785.0 1066.0 968.0 1246.0 1478.0 1204.0 751.0 984.0 1346.0 1308.0 
1276.0 1271.0 1009.0 795.0 1073.0 1295.0 1192.0 990.0 1236.0 1023.0 1085.0 950.0 1219.0 1242.0 1079.0 1102.0 886.0 648.0 440.0 696.0 976.0 975.0 717.0 488.0 0 235.0 464.0 673.0 456.0 734.0 722.0 941.0 1164.0 1130.0 1223.0 1370.0 1259.0 1029.0 1007.0 946.0 737.0 976.0 916.0 707.0 451.0 954.0 954.0 737.0 524.0 802.0 1011.0 1068.0 1274.0 1232.0 1266.0 1166.0 730.0 927.0 967.0 1237.0 1152.0 1417.0 1375.0 1194.0 943.0 1173.0 1270.0 1015.0 743.0 778.0 1046.0 971.0 1022.0 1303.0 723.0 1001.0 1285.0 1381.0 1024.0 791.0 858.0 1100.0 
1041.0 1206.0 1208.0 996.0 1189.0 1228.0 957.0 755.0 1001.0 788.0 850.0 715.0 984.0 1007.0 1020.0 867.0 651.0 413.0 205.0 461.0 741.0 959.0 952.0 723.0 235.0 0 229.0 438.0 221.0 499.0 487.0 706.0 929.0 895.0 1065.0 1135.0 1105.0 1209.0 948.0 1018.0 809.0 898.0 681.0 472.0 216.0 719.0 747.0 938.0 725.0 1003.0 901.0 833.0 1039.0 997.0 1031.0 959.0 495.0 692.0 732.0 1002.0 917.0 1182.0 1203.0 959.0 708.0 938.0 1074.0 1250.0 978.0 543.0 811.0 938.0 787.0 1068.0 488.0 766.0 1050.0 1174.0 789.0 556.0 623.0 865.0 
1270.0 1331.0 1434.0 1225.0 1204.0 1426.0 1186.0 984.0 956.0 1017.0 1022.0 944.0 992.0 1004.0 791.0 1033.0 880.0 642.0 434.0 690.0 970.0 1188.0 1181.0 952.0 464.0 229.0 0 209.0 450.0 728.0 716.0 935.0 1158.0 1124.0 1276.0 1207.0 1212.0 982.0 719.0 1177.0 1038.0 1127.0 910.0 701.0 445.0 948.0 976.0 1167.0 954.0 1209.0 1130.0 887.0 1093.0 1226.0 1260.0 1188.0 724.0 921.0 961.0 1231.0 1146.0 1019.0 1415.0 1188.0 937.0 1167.0 1303.0 1479.0 1207.0 772.0 1040.0 1167.0 1016.0 1054.0 717.0 955.0 1239.0 1334.0 1018.0 785.0 852.0 1094.0 
1294.0 1122.0 1225.0 1273.0 995.0 1217.0 1195.0 993.0 747.0 839.0 813.0 1048.0 783.0 795.0 582.0 824.0 739.0 851.0 643.0 899.0 1035.0 1253.0 997.0 1083.0 673.0 438.0 209.0 0 263.0 541.0 823.0 980.0 1037.0 1002.0 1067.0 998.0 1003.0 773.0 510.0 968.0 944.0 1183.0 982.0 773.0 654.0 1055.0 1185.0 1237.0 1119.0 1000.0 1068.0 678.0 884.0 1147.0 1199.0 1301.0 933.0 1130.0 1170.0 1255.0 1036.0 810.0 1206.0 1041.0 790.0 1028.0 1236.0 1283.0 1338.0 981.0 1249.0 1003.0 1126.0 845.0 926.0 746.0 1030.0 1125.0 1046.0 965.0 1061.0 1239.0 
1257.0 1279.0 1037.0 1217.0 989.0 1211.0 1178.0 976.0 1010.0 1009.0 1071.0 936.0 1046.0 1058.0 845.0 1087.0 872.0 634.0 426.0 682.0 962.0 1180.0 1173.0 944.0 456.0 221.0 450.0 263.0 0 278.0 560.0 779.0 1002.0 1116.0 977.0 1261.0 1266.0 1036.0 773.0 1231.0 1030.0 1119.0 902.0 693.0 437.0 792.0 968.0 1159.0 946.0 1224.0 1122.0 941.0 978.0 1218.0 1252.0 1180.0 716.0 913.0 953.0 1223.0 1138.0 1073.0 1265.0 1180.0 929.0 1159.0 1295.0 1471.0 1199.0 764.0 1032.0 1076.0 977.0 1108.0 709.0 987.0 1271.0 1388.0 1010.0 777.0 844.0 1086.0 
979.0 1001.0 759.0 973.0 711.0 933.0 1123.0 1226.0 1233.0 1287.0 1270.0 1178.0 922.0 945.0 1123.0 1365.0 1150.0 912.0 704.0 817.0 1097.0 1224.0 972.0 1201.0 734.0 499.0 728.0 541.0 278.0 0 282.0 501.0 724.0 996.0 699.0 1038.0 1024.0 991.0 1051.0 1182.0 1308.0 1173.0 1018.0 809.0 553.0 514.0 739.0 956.0 1169.0 1001.0 1037.0 867.0 700.0 963.0 1059.0 951.0 991.0 995.0 1231.0 1394.0 1175.0 1267.0 987.0 1290.0 1039.0 1194.0 1293.0 1501.0 1456.0 1042.0 953.0 798.0 699.0 980.0 987.0 1203.0 1464.0 1166.0 1021.0 1055.0 1122.0 958.0 
964.0 719.0 981.0 1158.0 993.0 1215.0 961.0 1163.0 951.0 1110.0 1084.0 1158.0 1204.0 948.0 1199.0 1229.0 1013.0 900.0 692.0 948.0 1221.0 1003.0 982.0 1210.0 722.0 487.0 716.0 823.0 560.0 282.0 0 219.0 442.0 749.0 981.0 756.0 1150.0 946.0 1127.0 1339.0 1130.0 891.0 736.0 527.0 271.0 232.0 457.0 674.0 887.0 719.0 755.0 1149.0 982.0 920.0 777.0 669.0 709.0 713.0 978.0 1248.0 1212.0 1081.0 1269.0 1253.0 1002.0 996.0 1011.0 1266.0 1465.0 1030.0 1166.0 908.0 689.0 970.0 975.0 958.0 1182.0 884.0 739.0 972.0 918.0 676.0 
964.0 500.0 762.0 976.0 1212.0 1434.0 1180.0 1162.0 916.0 1037.0 1011.0 1229.0 1181.0 991.0 980.0 1203.0 987.0 1119.0 911.0 1167.0 1010.0 792.0 1050.0 1160.0 941.0 706.0 935.0 980.0 779.0 501.0 219.0 0 223.0 676.0 973.0 721.0 1195.0 1165.0 908.0 1120.0 911.0 672.0 889.0 746.0 490.0 451.0 676.0 893.0 1106.0 938.0 974.0 1368.0 1201.0 1139.0 996.0 888.0 928.0 932.0 1194.0 1301.0 1082.0 1008.0 1155.0 1199.0 967.0 1073.0 813.0 1068.0 1340.0 1177.0 1227.0 1044.0 908.0 1043.0 1152.0 923.0 1045.0 747.0 528.0 761.0 1137.0 895.0 
741.0 277.0 539.0 753.0 1031.0 1253.0 1031.0 1046.0 1033.0 814.0 788.0 1006.0 979.0 1022.0 1037.0 1279.0 1194.0 1342.0 1134.0 1298.0 1222.0 1004.0 1166.0 937.0 1164.0 929.0 1158.0 1037.0 1002.0 724.0 442.0 223.0 0 453.0 750.0 693.0 1167.0 1211.0 965.0 897.0 688.0 449.0 666.0 875.0 713.0 674.0 899.0 1055.0 1024.0 984.0 775.0 1223.0 1424.0 1244.0 1014.0 739.0 1151.0 949.0 1023.0 1078.0 859.0 785.0 932.0 976.0 1129.0 891.0 1036.0 1291.0 1192.0 954.0 1004.0 821.0 1101.0 820.0 929.0 1106.0 822.0 524.0 751.0 984.0 1153.0 1029.0 
1194.0 730.0 511.0 725.0 1003.0 1225.0 1446.0 1244.0 998.0 779.0 753.0 988.0 838.0 569.0 1002.0 1244.0 1077.0 1308.0 1100.0 1270.0 1194.0 976.0 1183.0 1334.0 1130.0 895.0 1124.0 1002.0 1116.0 996.0 749.0 676.0 453.0 0 297.0 658.0 1132.0 1119.0 930.0 1294.0 1085.0 902.0 1119.0 935.0 679.0 981.0 1206.0 1027.0 996.0 1165.0 956.0 1188.0 1288.0 1219.0 1253.0 1192.0 1114.0 914.0 1376.0 1234.0 1015.0 750.0 585.0 1061.0 1263.0 1043.0 1225.0 1480.0 1589.0 819.0 551.0 793.0 1066.0 785.0 1079.0 1256.0 1275.0 977.0 940.0 1047.0 1198.0 1265.0 
940.0 476.0 214.0 428.0 706.0 928.0 1199.0 1184.0 938.0 1076.0 1050.0 833.0 541.0 272.0 742.0 984.0 780.0 1018.0 1219.0 973.0 897.0 679.0 937.0 1037.0 1223.0 1065.0 1276.0 1067.0 977.0 699.0 981.0 973.0 750.0 297.0 0 955.0 951.0 822.0 995.0 997.0 788.0 1027.0 966.0 814.0 976.0 1172.0 947.0 730.0 699.0 977.0 1091.0 1158.0 991.0 966.0 1000.0 938.0 817.0 782.0 1244.0 1013.0 794.0 786.0 288.0 764.0 966.0 1003.0 1228.0 1332.0 1292.0 522.0 254.0 496.0 990.0 1082.0 965.0 1243.0 1021.0 723.0 943.0 1006.0 1023.0 968.0 
1069.0 970.0 1169.0 1290.0 1411.0 1424.0 1153.0 951.0 705.0 924.0 993.0 1208.0 1087.0 917.0 998.0 1204.0 988.0 750.0 958.0 994.0 993.0 1051.0 1285.0 1474.0 1370.0 1135.0 1207.0 998.0 1261.0 1038.0 756.0 721.0 693.0 658.0 955.0 0 474.0 704.0 926.0 1384.0 1225.0 986.0 1032.0 1175.0 919.0 988.0 1213.0 1153.0 1019.0 931.0 1140.0 1175.0 1381.0 1426.0 1130.0 1306.0 1247.0 1154.0 983.0 1053.0 834.0 990.0 1219.0 1007.0 756.0 956.0 983.0 1214.0 1486.0 1445.0 1177.0 919.0 1259.0 1025.0 990.0 712.0 996.0 1091.0 787.0 1020.0 540.0 782.0 
1011.0 999.0 737.0 951.0 978.0 1200.0 1223.0 1241.0 1168.0 1387.0 1428.0 1193.0 1029.0 1173.0 969.0 1146.0 930.0 692.0 900.0 978.0 1258.0 1202.0 1259.0 1206.0 1259.0 1105.0 1212.0 1003.0 1266.0 1024.0 1150.0 1195.0 1167.0 1132.0 951.0 474.0 0 230.0 493.0 951.0 957.0 1179.0 974.0 1183.0 1160.0 918.0 1143.0 948.0 735.0 457.0 666.0 701.0 907.0 1108.0 656.0 931.0 978.0 923.0 1252.0 995.0 776.0 1041.0 1161.0 1205.0 987.0 892.0 907.0 740.0 1012.0 1223.0 1205.0 959.0 1244.0 1150.0 1183.0 1186.0 1197.0 973.0 949.0 1156.0 482.0 724.0 
1133.0 1020.0 758.0 776.0 748.0 970.0 993.0 1184.0 938.0 1157.0 1442.0 1214.0 940.0 986.0 739.0 981.0 930.0 922.0 1004.0 748.0 1028.0 1027.0 1029.0 1033.0 1029.0 1209.0 982.0 773.0 1036.0 991.0 946.0 1165.0 1211.0 1119.0 822.0 704.0 230.0 0 263.0 721.0 930.0 949.0 1166.0 964.0 1121.0 939.0 913.0 718.0 505.0 227.0 436.0 471.0 677.0 878.0 426.0 701.0 999.0 944.0 1157.0 1225.0 1006.0 1271.0 1110.0 1151.0 900.0 662.0 677.0 510.0 782.0 1196.0 987.0 729.0 1025.0 920.0 957.0 1213.0 967.0 916.0 962.0 1156.0 712.0 954.0 
1188.0 1239.0 977.0 763.0 485.0 707.0 978.0 921.0 675.0 894.0 1187.0 969.0 677.0 723.0 476.0 718.0 667.0 905.0 1113.0 1011.0 963.0 1014.0 1145.0 916.0 1007.0 948.0 719.0 510.0 773.0 1051.0 1127.0 908.0 965.0 930.0 995.0 926.0 493.0 263.0 0 458.0 667.0 906.0 910.0 701.0 957.0 1202.0 1003.0 981.0 768.0 490.0 699.0 734.0 940.0 1141.0 689.0 791.0 1255.0 1207.0 1234.0 1149.0 930.0 1195.0 1100.0 1278.0 1163.0 925.0 754.0 773.0 1045.0 933.0 1201.0 992.0 1235.0 1183.0 1164.0 1128.0 1034.0 1006.0 974.0 893.0 975.0 1167.0 
980.0 917.0 963.0 749.0 471.0 693.0 964.0 1166.0 1133.0 1228.0 1190.0 955.0 663.0 922.0 462.0 704.0 724.0 962.0 1170.0 1214.0 1163.0 945.0 687.0 458.0 946.0 1018.0 1177.0 968.0 1231.0 1182.0 1339.0 1120.0 897.0 1294.0 997.0 1384.0 951.0 721.0 458.0 0 209.0 448.0 665.0 874.0 1130.0 1200.0 989.0 1199.0 986.0 948.0 1157.0 1192.0 1398.0 1255.0 931.0 777.0 1241.0 1120.0 1220.0 1135.0 916.0 1181.0 847.0 891.0 1128.0 890.0 740.0 985.0 713.0 475.0 743.0 1001.0 1221.0 1148.0 928.0 1206.0 1020.0 992.0 1025.0 950.0 1172.0 1268.0 
771.0 708.0 970.0 958.0 680.0 902.0 1173.0 1031.0 1109.0 1019.0 1105.0 983.0 872.0 713.0 671.0 873.0 657.0 895.0 1002.0 1005.0 954.0 736.0 478.0 249.0 737.0 809.0 1038.0 944.0 1030.0 1308.0 1130.0 911.0 688.0 1085.0 788.0 1225.0 957.0 930.0 667.0 209.0 0 239.0 456.0 665.0 921.0 991.0 1198.0 990.0 777.0 1055.0 1053.0 1088.0 1294.0 1174.0 722.0 986.0 1138.0 911.0 1179.0 1296.0 1125.0 981.0 638.0 682.0 919.0 681.0 941.0 776.0 504.0 266.0 534.0 792.0 1034.0 939.0 719.0 997.0 1229.0 955.0 937.0 811.0 1105.0 1059.0 
684.0 726.0 988.0 1197.0 919.0 1141.0 1218.0 1016.0 999.0 780.0 1203.0 968.0 1030.0 761.0 910.0 1112.0 896.0 971.0 763.0 1019.0 1193.0 975.0 717.0 488.0 976.0 898.0 1127.0 1183.0 1119.0 1173.0 891.0 672.0 449.0 902.0 1027.0 986.0 1179.0 949.0 906.0 448.0 239.0 0 217.0 426.0 682.0 767.0 992.0 1145.0 1016.0 1023.0 814.0 1167.0 1373.0 1283.0 961.0 1116.0 935.0 708.0 951.0 1198.0 1283.0 1220.0 877.0 921.0 680.0 442.0 702.0 957.0 743.0 505.0 773.0 911.0 918.0 700.0 480.0 758.0 1042.0 901.0 987.0 1050.0 1181.0 972.0 
467.0 931.0 1180.0 1394.0 1136.0 1358.0 1191.0 1233.0 1147.0 997.0 1215.0 1185.0 963.0 694.0 982.0 911.0 695.0 933.0 886.0 1043.0 1323.0 1192.0 934.0 705.0 916.0 681.0 910.0 982.0 902.0 1018.0 736.0 889.0 666.0 1119.0 966.0 1032.0 974.0 1166.0 910.0 665.0 456.0 217.0 0 209.0 465.0 550.0 775.0 992.0 1205.0 1004.0 795.0 1212.0 1418.0 1264.0 1174.0 899.0 727.0 925.0 755.0 992.0 1211.0 1437.0 1094.0 1138.0 897.0 659.0 919.0 1174.0 960.0 722.0 990.0 971.0 1007.0 917.0 697.0 975.0 982.0 684.0 1134.0 921.0 997.0 755.0 
676.0 1140.0 1028.0 1242.0 1186.0 1408.0 1310.0 1108.0 938.0 1157.0 1006.0 1068.0 811.0 542.0 773.0 702.0 486.0 724.0 677.0 834.0 1114.0 1189.0 1143.0 914.0 707.0 472.0 701.0 773.0 693.0 809.0 527.0 746.0 875.0 935.0 814.0 1175.0 1183.0 964.0 701.0 874.0 665.0 426.0 209.0 0 256.0 759.0 984.0 1201.0 1197.0 1150.0 941.0 1305.0 1499.0 1236.0 1270.0 1108.0 936.0 899.0 964.0 1201.0 1064.0 1267.0 1102.0 1262.0 1019.0 868.0 990.0 1245.0 1169.0 931.0 1068.0 1180.0 1216.0 1126.0 906.0 1184.0 1191.0 893.0 925.0 712.0 934.0 964.0 
932.0 990.0 1190.0 1184.0 1264.0 1444.0 1173.0 971.0 1194.0 1004.0 1014.0 931.0 1067.0 798.0 1029.0 958.0 742.0 629.0 421.0 677.0 957.0 933.0 912.0 939.0 451.0 216.0 445.0 654.0 437.0 553.0 271.0 490.0 713.0 679.0 976.0 919.0 1160.0 1121.0 957.0 1130.0 921.0 682.0 465.0 256.0 0 503.0 728.0 945.0 941.0 894.0 685.0 1049.0 1253.0 1191.0 1048.0 940.0 711.0 643.0 948.0 1218.0 1133.0 1011.0 1264.0 1175.0 924.0 1122.0 954.0 1209.0 1194.0 759.0 1027.0 1154.0 960.0 1046.0 704.0 982.0 1266.0 1149.0 669.0 772.0 839.0 947.0 
869.0 899.0 958.0 926.0 1204.0 1000.0 729.0 931.0 1177.0 1332.0 1171.0 936.0 1228.0 1022.0 1232.0 1461.0 1245.0 1098.0 924.0 1041.0 1321.0 1177.0 1013.0 1183.0 954.0 719.0 948.0 1055.0 792.0 514.0 232.0 451.0 674.0 981.0 1172.0 988.0 918.0 939.0 1202.0 1200.0 991.0 767.0 550.0 759.0 503.0 0 225.0 442.0 655.0 933.0 987.0 1011.0 1214.0 1152.0 712.0 437.0 477.0 704.0 746.0 1016.0 1235.0 1303.0 1376.0 1054.0 803.0 996.0 990.0 1193.0 1438.0 1202.0 934.0 676.0 457.0 738.0 1034.0 759.0 950.0 652.0 971.0 1204.0 1150.0 908.0 
644.0 674.0 733.0 701.0 979.0 775.0 504.0 706.0 952.0 1107.0 946.0 711.0 1003.0 797.0 1007.0 1249.0 1155.0 917.0 950.0 928.0 1170.0 952.0 788.0 958.0 954.0 747.0 976.0 1185.0 968.0 739.0 457.0 676.0 899.0 1206.0 947.0 1213.0 1143.0 913.0 1003.0 989.0 1198.0 992.0 775.0 984.0 728.0 225.0 0 217.0 430.0 708.0 917.0 786.0 992.0 939.0 487.0 212.0 252.0 479.0 941.0 1169.0 1256.0 1078.0 1235.0 994.0 743.0 771.0 941.0 968.0 1213.0 977.0 709.0 451.0 232.0 513.0 1158.0 984.0 725.0 427.0 911.0 1021.0 1127.0 932.0 
861.0 778.0 516.0 484.0 762.0 984.0 721.0 923.0 1169.0 1316.0 1163.0 928.0 1220.0 1002.0 1224.0 1395.0 1179.0 941.0 733.0 711.0 953.0 735.0 970.0 741.0 737.0 938.0 1167.0 1237.0 1159.0 956.0 674.0 893.0 1055.0 1027.0 730.0 1153.0 948.0 718.0 981.0 1199.0 990.0 1145.0 992.0 1201.0 945.0 442.0 217.0 0 213.0 491.0 700.0 1003.0 1209.0 1156.0 704.0 429.0 469.0 696.0 1158.0 1386.0 1360.0 1295.0 1018.0 1211.0 960.0 988.0 1158.0 1185.0 996.0 760.0 492.0 234.0 449.0 730.0 1016.0 1201.0 942.0 644.0 999.0 1232.0 1151.0 1149.0 
1074.0 747.0 485.0 271.0 549.0 771.0 934.0 1075.0 1028.0 1103.0 1270.0 1035.0 1239.0 971.0 1038.0 1182.0 966.0 728.0 520.0 776.0 740.0 522.0 757.0 528.0 524.0 725.0 954.0 1119.0 946.0 1169.0 887.0 1106.0 1024.0 996.0 699.0 1019.0 735.0 505.0 768.0 986.0 777.0 1016.0 1205.0 1197.0 941.0 655.0 430.0 213.0 0 278.0 487.0 976.0 1182.0 1256.0 804.0 642.0 682.0 909.0 1002.0 1272.0 1232.0 1485.0 987.0 1274.0 1023.0 1167.0 1002.0 1015.0 783.0 973.0 705.0 447.0 662.0 943.0 803.0 1081.0 1155.0 857.0 786.0 1019.0 938.0 1179.0 
1189.0 1025.0 763.0 549.0 827.0 1049.0 1093.0 1295.0 1165.0 1381.0 1500.0 1313.0 1167.0 1028.0 966.0 1208.0 1157.0 1006.0 798.0 975.0 1018.0 800.0 953.0 806.0 802.0 1003.0 1209.0 1000.0 1224.0 1001.0 719.0 938.0 984.0 1165.0 977.0 931.0 457.0 227.0 490.0 948.0 1055.0 1023.0 1004.0 1150.0 894.0 933.0 708.0 491.0 278.0 0 209.0 698.0 904.0 978.0 526.0 801.0 960.0 1129.0 1280.0 1452.0 1233.0 1497.0 1265.0 1376.0 1125.0 889.0 904.0 737.0 1009.0 1251.0 983.0 725.0 940.0 1147.0 1081.0 1359.0 1194.0 1016.0 1064.0 1297.0 939.0 901.0 
1218.0 1052.0 972.0 758.0 1036.0 1258.0 1302.0 1222.0 976.0 1195.0 1291.0 1365.0 1088.0 819.0 1068.0 1310.0 1225.0 1211.0 1007.0 1184.0 1227.0 1009.0 1162.0 1015.0 1011.0 901.0 1130.0 1068.0 1122.0 1037.0 755.0 974.0 775.0 956.0 1091.0 1140.0 666.0 436.0 699.0 1157.0 1053.0 814.0 795.0 941.0 685.0 987.0 917.0 700.0 487.0 209.0 0 907.0 1113.0 1025.0 735.0 1010.0 1147.0 920.0 1367.0 1560.0 1341.0 1288.0 1297.0 1167.0 916.0 1098.0 887.0 946.0 1218.0 1258.0 990.0 732.0 1149.0 1323.0 1290.0 1368.0 1111.0 1225.0 946.0 1179.0 1148.0 1110.0 
1022.0 1280.0 1229.0 1247.0 1170.0 1392.0 1283.0 1081.0 1216.0 997.0 971.0 1033.0 965.0 988.0 1166.0 1020.0 1061.0 1239.0 1038.0 1186.0 1466.0 1289.0 1092.0 1321.0 1068.0 833.0 887.0 678.0 941.0 867.0 1149.0 1368.0 1223.0 1188.0 1158.0 1175.0 701.0 471.0 734.0 1192.0 1088.0 1167.0 1212.0 1305.0 1049.0 1011.0 786.0 1003.0 976.0 698.0 907.0 0 206.0 469.0 897.0 998.0 1038.0 1198.0 1220.0 1437.0 1218.0 968.0 1388.0 1042.0 948.0 725.0 740.0 981.0 1253.0 822.0 1090.0 1161.0 554.0 835.0 1175.0 904.0 1188.0 1213.0 1025.0 835.0 1183.0 1113.0 
1195.0 1272.0 1205.0 1281.0 1003.0 1225.0 1282.0 1287.0 1422.0 1203.0 1177.0 1239.0 1171.0 957.0 1056.0 814.0 1030.0 1268.0 1244.0 1392.0 1672.0 1495.0 1264.0 1493.0 1274.0 1039.0 1093.0 884.0 978.0 700.0 982.0 1201.0 1424.0 1288.0 991.0 1381.0 907.0 677.0 940.0 1398.0 1294.0 1373.0 1418.0 1499.0 1253.0 1214.0 992.0 1209.0 1182.0 904.0 1113.0 206.0 0 263.0 715.0 990.0 1244.0 1404.0 1426.0 1643.0 1424.0 1174.0 1279.0 836.0 1087.0 931.0 946.0 1187.0 1459.0 1028.0 1245.0 1270.0 760.0 1041.0 1381.0 1110.0 1249.0 1025.0 1231.0 1041.0 1149.0 907.0 
932.0 1009.0 1180.0 1394.0 1266.0 1290.0 1019.0 1221.0 1360.0 1466.0 1287.0 1255.0 963.0 694.0 793.0 551.0 767.0 1005.0 1202.0 1414.0 1648.0 1490.0 1463.0 1423.0 1232.0 997.0 1226.0 1147.0 1218.0 963.0 920.0 1139.0 1244.0 1219.0 966.0 1426.0 1108.0 878.0 1141.0 1255.0 1174.0 1283.0 1264.0 1236.0 1191.0 1152.0 939.0 1156.0 1256.0 978.0 1025.0 469.0 263.0 0 452.0 727.0 1191.0 1204.0 1590.0 1399.0 1180.0 1437.0 1049.0 573.0 824.0 1062.0 1209.0 1388.0 1660.0 986.0 1220.0 1201.0 1023.0 1304.0 1387.0 1270.0 986.0 762.0 1226.0 993.0 886.0 644.0 
707.0 737.0 999.0 1075.0 1060.0 838.0 567.0 769.0 1015.0 1234.0 1327.0 1198.0 997.0 728.0 1070.0 1003.0 1219.0 1130.0 1236.0 1174.0 1303.0 1269.0 1011.0 971.0 1266.0 1031.0 1260.0 1199.0 1252.0 1059.0 777.0 996.0 1014.0 1253.0 1000.0 1130.0 656.0 426.0 689.0 931.0 722.0 961.0 1174.0 1270.0 1048.0 712.0 487.0 704.0 804.0 526.0 735.0 897.0 715.0 452.0 0 275.0 739.0 966.0 1294.0 1232.0 1214.0 1444.0 946.0 990.0 1062.0 1088.0 1103.0 936.0 1208.0 988.0 1196.0 938.0 719.0 1000.0 1350.0 1072.0 788.0 490.0 1266.0 1033.0 920.0 678.0 
432.0 462.0 724.0 913.0 785.0 563.0 292.0 494.0 740.0 959.0 1158.0 923.0 943.0 1003.0 795.0 1037.0 1057.0 1082.0 1162.0 1140.0 1028.0 1164.0 1000.0 1170.0 1166.0 959.0 1188.0 1301.0 1180.0 951.0 669.0 888.0 739.0 1192.0 938.0 1306.0 931.0 701.0 791.0 777.0 986.0 1116.0 899.0 1108.0 940.0 437.0 212.0 429.0 642.0 801.0 1010.0 998.0 990.0 727.0 275.0 0 464.0 691.0 1019.0 957.0 1044.0 1239.0 1143.0 1038.0 787.0 983.0 1011.0 756.0 1028.0 1189.0 921.0 663.0 444.0 725.0 1075.0 797.0 513.0 215.0 1123.0 1233.0 962.0 720.0 
764.0 926.0 713.0 927.0 1205.0 1027.0 756.0 712.0 958.0 1177.0 907.0 672.0 814.0 545.0 1015.0 1240.0 1024.0 786.0 700.0 956.0 1141.0 923.0 1040.0 1203.0 730.0 495.0 724.0 933.0 716.0 991.0 709.0 928.0 1151.0 1114.0 817.0 1247.0 978.0 999.0 1255.0 1241.0 1138.0 935.0 727.0 936.0 711.0 477.0 252.0 469.0 682.0 960.0 1147.0 1038.0 1244.0 1191.0 739.0 464.0 0 227.0 689.0 959.0 1067.0 1330.0 1105.0 742.0 491.0 706.0 726.0 981.0 1253.0 1038.0 961.0 703.0 484.0 765.0 943.0 943.0 977.0 679.0 659.0 892.0 996.0 1052.0 
704.0 1153.0 940.0 947.0 1180.0 958.0 687.0 485.0 731.0 950.0 680.0 445.0 737.0 510.0 938.0 1107.0 891.0 885.0 897.0 785.0 914.0 696.0 950.0 976.0 927.0 692.0 921.0 1130.0 913.0 995.0 713.0 932.0 949.0 914.0 782.0 1154.0 923.0 944.0 1207.0 1120.0 911.0 708.0 925.0 899.0 643.0 704.0 479.0 696.0 909.0 1129.0 920.0 1198.0 1404.0 1204.0 966.0 691.0 227.0 0 462.0 732.0 951.0 1196.0 933.0 968.0 717.0 479.0 499.0 754.0 1026.0 1177.0 1036.0 930.0 654.0 737.0 716.0 994.0 1204.0 906.0 432.0 665.0 1095.0 992.0 
792.0 1071.0 1205.0 1273.0 1220.0 998.0 727.0 525.0 771.0 990.0 720.0 485.0 742.0 972.0 943.0 1185.0 984.0 993.0 937.0 825.0 1059.0 1029.0 782.0 1011.0 967.0 732.0 961.0 1170.0 953.0 1231.0 978.0 1194.0 1023.0 1376.0 1244.0 983.0 1252.0 1157.0 1234.0 1220.0 1179.0 951.0 755.0 964.0 948.0 746.0 941.0 1158.0 1002.0 1280.0 1367.0 1220.0 1426.0 1590.0 1294.0 1019.0 689.0 462.0 0 270.0 489.0 754.0 973.0 1017.0 951.0 740.0 480.0 735.0 1007.0 1275.0 1498.0 1302.0 756.0 998.0 959.0 1185.0 1307.0 1009.0 765.0 998.0 783.0 1025.0 
525.0 801.0 1063.0 1277.0 1162.0 1268.0 997.0 795.0 1041.0 1018.0 990.0 755.0 472.0 741.0 673.0 915.0 961.0 723.0 931.0 1041.0 1321.0 1299.0 1052.0 1281.0 1237.0 1002.0 1231.0 1255.0 1223.0 1394.0 1248.0 1301.0 1078.0 1234.0 1013.0 1053.0 995.0 1225.0 1149.0 1135.0 1296.0 1198.0 992.0 1201.0 1218.0 1016.0 1169.0 1386.0 1272.0 1452.0 1560.0 1437.0 1643.0 1399.0 1232.0 957.0 959.0 732.0 270.0 0 219.0 484.0 895.0 1269.0 1018.0 1010.0 750.0 1005.0 1277.0 1535.0 1267.0 1345.0 1026.0 1049.0 718.0 996.0 1040.0 742.0 1035.0 1187.0 513.0 755.0 
744.0 582.0 844.0 1058.0 943.0 1165.0 1216.0 1014.0 1043.0 824.0 780.0 545.0 253.0 522.0 454.0 696.0 742.0 504.0 712.0 822.0 1102.0 1308.0 1050.0 1279.0 1152.0 917.0 1146.0 1036.0 1138.0 1175.0 1212.0 1082.0 859.0 1015.0 794.0 834.0 776.0 1006.0 930.0 916.0 1125.0 1283.0 1211.0 1064.0 1133.0 1235.0 1256.0 1360.0 1232.0 1233.0 1341.0 1218.0 1424.0 1180.0 1214.0 1044.0 1067.0 951.0 489.0 219.0 0 265.0 676.0 1050.0 799.0 1037.0 969.0 1224.0 1496.0 1316.0 1048.0 1126.0 1024.0 830.0 937.0 1215.0 1127.0 829.0 1201.0 968.0 294.0 536.0 
1009.0 777.0 1000.0 1214.0 1208.0 1430.0 1226.0 1024.0 778.0 559.0 533.0 768.0 518.0 787.0 719.0 961.0 1007.0 769.0 977.0 1087.0 1066.0 1284.0 1273.0 1230.0 1417.0 1182.0 1019.0 810.0 1073.0 1267.0 1081.0 1008.0 785.0 750.0 786.0 990.0 1041.0 1271.0 1195.0 1181.0 981.0 1220.0 1437.0 1267.0 1011.0 1303.0 1078.0 1295.0 1485.0 1497.0 1288.0 968.0 1174.0 1437.0 1444.0 1239.0 1330.0 1196.0 754.0 484.0 265.0 0 498.0 974.0 1061.0 823.0 1083.0 1338.0 1485.0 1247.0 1040.0 1282.0 846.0 565.0 859.0 1036.0 1320.0 1024.0 1060.0 827.0 559.0 801.0 
934.0 681.0 502.0 716.0 994.0 1216.0 1198.0 996.0 1226.0 1057.0 950.0 715.0 423.0 560.0 624.0 866.0 1068.0 1022.0 1230.0 1261.0 1185.0 967.0 1116.0 887.0 1375.0 1203.0 1415.0 1206.0 1265.0 987.0 1269.0 1155.0 932.0 585.0 288.0 1219.0 1161.0 1110.0 1100.0 847.0 638.0 877.0 1094.0 1102.0 1264.0 1376.0 1235.0 1018.0 987.0 1265.0 1297.0 1388.0 1279.0 1049.0 946.0 1143.0 1105.0 933.0 973.0 895.0 676.0 498.0 0 476.0 727.0 965.0 1198.0 1414.0 1142.0 810.0 542.0 784.0 1194.0 1063.0 1253.0 1179.0 1226.0 928.0 1126.0 1244.0 970.0 1212.0 
1286.0 1157.0 978.0 1192.0 1291.0 1513.0 1242.0 1040.0 1202.0 1239.0 1235.0 1000.0 899.0 1036.0 802.0 560.0 776.0 546.0 754.0 985.0 1265.0 1271.0 1160.0 931.0 1194.0 959.0 1188.0 1041.0 1180.0 1290.0 1253.0 1199.0 976.0 1061.0 764.0 1007.0 1205.0 1151.0 1278.0 891.0 682.0 921.0 1138.0 1262.0 1175.0 1054.0 994.0 1211.0 1274.0 1376.0 1167.0 1042.0 836.0 573.0 990.0 1038.0 742.0 968.0 1017.0 1269.0 1050.0 974.0 476.0 0 251.0 489.0 722.0 977.0 1186.0 948.0 1018.0 1260.0 1028.0 747.0 939.0 703.0 987.0 1082.0 1007.0 1002.0 756.0 998.0 
1035.0 1014.0 752.0 966.0 1238.0 1350.0 1079.0 1197.0 951.0 988.0 1053.0 1162.0 1052.0 969.0 991.0 749.0 533.0 295.0 503.0 734.0 1014.0 1020.0 1253.0 1168.0 943.0 708.0 937.0 790.0 929.0 1039.0 1002.0 967.0 1129.0 1263.0 966.0 756.0 987.0 900.0 1163.0 1128.0 919.0 680.0 897.0 1019.0 924.0 803.0 743.0 960.0 1023.0 1125.0 916.0 948.0 1087.0 824.0 1062.0 787.0 491.0 717.0 951.0 1018.0 799.0 1061.0 727.0 251.0 0 238.0 471.0 726.0 998.0 1185.0 1220.0 1034.0 777.0 496.0 688.0 452.0 736.0 831.0 756.0 759.0 505.0 747.0 
1126.0 1135.0 990.0 1060.0 1027.0 1249.0 1166.0 964.0 969.0 750.0 826.0 924.0 1000.0 731.0 1018.0 980.0 764.0 533.0 733.0 972.0 1027.0 809.0 1042.0 930.0 1173.0 938.0 1167.0 1028.0 1159.0 1194.0 996.0 1073.0 891.0 1043.0 1003.0 956.0 892.0 662.0 925.0 890.0 681.0 442.0 659.0 868.0 1122.0 996.0 771.0 988.0 1167.0 889.0 1098.0 725.0 931.0 1062.0 1088.0 983.0 706.0 479.0 740.0 1010.0 1037.0 823.0 965.0 489.0 238.0 0 260.0 515.0 787.0 947.0 1139.0 881.0 539.0 258.0 450.0 690.0 974.0 1069.0 545.0 778.0 743.0 985.0 
1015.0 1276.0 1014.0 800.0 767.0 989.0 955.0 753.0 943.0 1010.0 812.0 705.0 959.0 991.0 758.0 720.0 504.0 742.0 950.0 1047.0 767.0 549.0 782.0 782.0 1270.0 1074.0 1303.0 1236.0 1295.0 1293.0 1011.0 813.0 1036.0 1225.0 1228.0 983.0 907.0 677.0 754.0 740.0 941.0 702.0 919.0 990.0 954.0 990.0 941.0 1158.0 1002.0 904.0 887.0 740.0 946.0 1209.0 1103.0 1011.0 726.0 499.0 480.0 750.0 969.0 1083.0 1198.0 722.0 471.0 260.0 0 255.0 527.0 1063.0 1331.0 1141.0 709.0 518.0 710.0 923.0 1207.0 1226.0 285.0 518.0 952.0 1194.0 
1188.0 1218.0 1268.0 1055.0 1022.0 1244.0 1048.0 1008.0 1198.0 1265.0 1067.0 960.0 1214.0 1246.0 1013.0 975.0 759.0 997.0 1205.0 1258.0 1022.0 804.0 756.0 527.0 1015.0 1250.0 1479.0 1283.0 1471.0 1501.0 1266.0 1068.0 1291.0 1480.0 1332.0 1214.0 740.0 510.0 773.0 985.0 776.0 957.0 1174.0 1245.0 1209.0 1193.0 968.0 1185.0 1015.0 737.0 946.0 981.0 1187.0 1388.0 936.0 756.0 981.0 754.0 735.0 1005.0 1224.0 1338.0 1414.0 977.0 726.0 515.0 255.0 0 272.0 1042.0 1310.0 1239.0 964.0 773.0 965.0 1178.0 999.0 971.0 540.0 773.0 1207.0 1449.0 
1275.0 1212.0 1207.0 993.0 1184.0 1406.0 1239.0 1037.0 1248.0 1467.0 1224.0 989.0 1281.0 1217.0 1175.0 1247.0 1031.0 1269.0 1183.0 1240.0 960.0 742.0 484.0 255.0 743.0 978.0 1207.0 1338.0 1199.0 1456.0 1465.0 1340.0 1192.0 1589.0 1292.0 1486.0 1012.0 782.0 1045.0 713.0 504.0 743.0 960.0 1169.0 1194.0 1438.0 1213.0 996.0 783.0 1009.0 1218.0 1253.0 1459.0 1660.0 1208.0 1028.0 1253.0 1026.0 1007.0 1277.0 1496.0 1485.0 1142.0 1186.0 998.0 787.0 527.0 272.0 0 770.0 1038.0 1230.0 1040.0 1045.0 1223.0 1450.0 1271.0 1243.0 812.0 1045.0 1479.0 1563.0 
1037.0 974.0 736.0 950.0 946.0 1168.0 1439.0 1297.0 1375.0 1285.0 839.0 1074.0 1063.0 794.0 937.0 987.0 771.0 956.0 748.0 1003.0 1220.0 1002.0 744.0 515.0 778.0 543.0 772.0 981.0 764.0 1042.0 1030.0 1177.0 954.0 819.0 522.0 1445.0 1223.0 1196.0 933.0 475.0 266.0 505.0 722.0 931.0 759.0 1202.0 977.0 760.0 973.0 1251.0 1258.0 822.0 1028.0 986.0 988.0 1189.0 1038.0 1177.0 1275.0 1535.0 1316.0 1247.0 810.0 948.0 1185.0 947.0 1063.0 1042.0 770.0 0 268.0 526.0 776.0 1057.0 985.0 1263.0 1495.0 1221.0 778.0 545.0 1166.0 1212.0 
1194.0 730.0 468.0 682.0 960.0 1182.0 1213.0 1415.0 1192.0 1330.0 1107.0 1087.0 795.0 526.0 996.0 1238.0 1034.0 1199.0 991.0 735.0 1015.0 933.0 1012.0 783.0 1046.0 811.0 1040.0 1249.0 1032.0 953.0 1166.0 1227.0 1004.0 551.0 254.0 1177.0 1205.0 987.0 1201.0 743.0 534.0 773.0 990.0 1068.0 1027.0 934.0 709.0 492.0 705.0 983.0 990.0 1090.0 1245.0 1220.0 1196.0 921.0 961.0 1036.0 1498.0 1267.0 1048.0 1040.0 542.0 1018.0 1220.0 1139.0 1331.0 1310.0 1038.0 268.0 0 258.0 941.0 1222.0 1177.0 1425.0 1275.0 977.0 1046.0 813.0 1263.0 1222.0 
1008.0 544.0 282.0 496.0 774.0 996.0 955.0 1157.0 1045.0 1219.0 1296.0 1162.0 1037.0 768.0 1238.0 1395.0 1179.0 941.0 733.0 477.0 757.0 747.0 998.0 975.0 971.0 938.0 1167.0 1003.0 1076.0 798.0 908.0 1044.0 821.0 793.0 496.0 919.0 959.0 729.0 992.0 1001.0 792.0 911.0 971.0 1180.0 1154.0 676.0 451.0 234.0 447.0 725.0 732.0 1161.0 1270.0 1201.0 938.0 663.0 703.0 930.0 1302.0 1345.0 1126.0 1282.0 784.0 1260.0 1034.0 881.0 1141.0 1239.0 1230.0 526.0 258.0 0 683.0 964.0 919.0 1167.0 1089.0 791.0 1011.0 1071.0 1005.0 1247.0 
876.0 906.0 965.0 933.0 1002.0 1000.0 729.0 527.0 773.0 875.0 714.0 479.0 771.0 1029.0 972.0 1139.0 923.0 685.0 893.0 1149.0 1032.0 814.0 556.0 785.0 1022.0 787.0 1016.0 1126.0 977.0 699.0 689.0 908.0 1101.0 1066.0 990.0 1259.0 1244.0 1025.0 1235.0 1221.0 1034.0 918.0 1007.0 1216.0 960.0 457.0 232.0 449.0 662.0 940.0 1149.0 554.0 760.0 1023.0 719.0 444.0 484.0 654.0 756.0 1026.0 1024.0 846.0 1194.0 1028.0 777.0 539.0 709.0 964.0 1040.0 776.0 941.0 683.0 0 281.0 926.0 1204.0 957.0 659.0 994.0 789.0 895.0 1137.0 
1157.0 877.0 1139.0 1214.0 1283.0 1281.0 1010.0 808.0 813.0 594.0 568.0 760.0 1052.0 989.0 1253.0 1238.0 1022.0 791.0 991.0 1230.0 1101.0 1067.0 837.0 1066.0 1303.0 1068.0 1054.0 845.0 1108.0 980.0 970.0 1043.0 820.0 785.0 1082.0 1025.0 1150.0 920.0 1183.0 1148.0 939.0 700.0 917.0 1126.0 1046.0 738.0 513.0 730.0 943.0 1147.0 1323.0 835.0 1041.0 1304.0 1000.0 725.0 765.0 737.0 998.0 1049.0 830.0 565.0 1063.0 747.0 496.0 258.0 518.0 773.0 1045.0 1057.0 1222.0 964.0 281.0 0 708.0 948.0 1232.0 940.0 803.0 862.0 1001.0 1243.0 
785.0 1107.0 1179.0 1074.0 1352.0 1238.0 967.0 765.0 519.0 300.0 862.0 1097.0 962.0 693.0 1163.0 945.0 729.0 491.0 283.0 539.0 807.0 1025.0 1197.0 968.0 723.0 488.0 717.0 926.0 709.0 987.0 975.0 1152.0 929.0 1079.0 965.0 990.0 1183.0 957.0 1164.0 928.0 719.0 480.0 697.0 906.0 704.0 1034.0 1158.0 1016.0 803.0 1081.0 1290.0 1175.0 1381.0 1387.0 1350.0 1075.0 943.0 716.0 959.0 718.0 937.0 859.0 1253.0 939.0 688.0 450.0 710.0 965.0 1223.0 985.0 1177.0 919.0 926.0 708.0 0 278.0 562.0 860.0 995.0 955.0 701.0 943.0 
