72
mysadifwma xftptyrlvl optviwhmbr ivugtsvtqb guuudgvhny vugkhjygfe xywdziunpr aruwdskzta lnicnhmajr kyrhqthnvz lndsfxewdc epdwcjuvdr wynbxuuxru oegfbrwyrp xqwyvbvueh tvcolajnao lcrihrmoqu tgbmxdmvwe qxuqrfzzob xnppuesbrr eqdxeqvtsb vkrlpmybdj jrusiskazm ichabbvkhm oavtmpaqji rnpokwoqgt fdgcygwgjf zivwgfcxqi euqbrkzdsw byyqgjwsrp cttlxdtaiw zmfuudfatm afortwurqt xifuopshzj pbefrggyje unihwwnyqz vnzypgtlkj gbdejcnknd tmatbexcil qpxtrjvxpe qiqnnrlapz xychpimpzb wtlzrefwav bimtbhwsby bbwcqzwyoz nwlccbonas xguvjomcdt hofbtczdgp afrdrejwtp bulywvvpni wkwwcqjtxf osdeymjeil jrmlkfexfk seeyrseflx nbjyrygtdh ymvlfsdhbu bswhowadhl qgfchcatzi yriqtwavfx uhalgukdzb kgktiatgjn qepegujmaa pcilmgdrgc ixyurvbpvu koawdpgqdx pdljcbluhp kvfpaspidv ouxenssqdu bbczvyonym hsjqtjkukk kvxwqiryyu evdoyagqfp
0 168440.0 560765.0 795465.0 1087333.0 1231436.0 1353911.0 1427762.0 1505467.0 1412683.0 1245288.0 808836.0 612916.0 824692.0 1033692.0 878481.0 1173404.0 1377380.0 1544103.0 1323080.0 1076308.0 1342364.0 1531347.0 1757305.0 1608133.0 1586293.0 1411532.0 1519103.0 1348640.0 1577526.0 1733435.0 1695998.0 1418137.0 1196068.0 1212293.0 1055543.0 1350855.0 1518352.0 1661763.0 1524885.0 1806842.0 1660173.0 1443959.0 1377554.0 1596857.0 1540877.0 1373570.0 1738301.0 1666242.0 1643952.0 1369894.0 1649763.0 1685309.0 1720832.0 1282826.0 1033706.0 1238376.0 1683483.0 1520637.0 1344662.0 980232.0 833132.0 630715.0 952418.0 1083571.0 1365382.0 1235046.0 1412037.0 985281.0 1015314.0 423511.0 465230.0 
168440.0 0 392325.0 627025.0 918893.0 1062996.0 1185471.0 1259322.0 1337027.0 1244243.0 1076848.0 640396.0 444476.0 656252.0 865252.0 710041.0 1004964.0 1208940.0 1375663.0 1154640.0 907868.0 1173924.0 1362907.0 1588865.0 1439693.0 1417853.0 1243092.0 1350663.0 1180200.0 1409086.0 1564995.0 1527558.0 1249697.0 1027628.0 1043853.0 887103.0 1182415.0 1349912.0 1493323.0 1356445.0 1638402.0 1491733.0 1275519.0 1209114.0 1428417.0 1372437.0 1205130.0 1569861.0 1497802.0 1475512.0 1201454.0 1481323.0 1516869.0 1552392.0 1114386.0 865266.0 1069936.0 1515043.0 1352197.0 1176222.0 811792.0 664692.0 462275.0 783978.0 915131.0 1196942.0 1066606.0 1243597.0 816841.0 846874.0 255071.0 296790.0 
560765.0 392325.0 0 234700.0 526568.0 670671.0 793146.0 866997.0 1033510.0 1193488.0 1026093.0 589641.0 393721.0 605497.0 814497.0 659286.0 954209.0 1158185.0 1324908.0 1103885.0 857113.0 1290899.0 1479882.0 1538110.0 1388938.0 1367098.0 1192337.0 1299908.0 1129445.0 1380453.0 1636490.0 1532801.0 1254940.0 976873.0 1115348.0 1189700.0 1485012.0 1572525.0 1393149.0 1256271.0 1538228.0 1189111.0 1224764.0 1434432.0 1377662.0 1321682.0 1154375.0 1322094.0 1447047.0 1424757.0 1150699.0 1430568.0 1466114.0 1455615.0 1063631.0 814511.0 1019181.0 1464288.0 1301442.0 1125467.0 761037.0 613937.0 411520.0 733223.0 864376.0 1146187.0 1337869.0 1266964.0 766086.0 1036184.0 647396.0 689115.0 
795465.0 627025.0 234700.0 0 291868.0 435971.0 558446.0 632297.0 798810.0 1013727.0 1181122.0 824341.0 628421.0 840197.0 1049197.0 893986.0 1188909.0 1334099.0 1295365.0 1338585.0 1091813.0 1445928.0 1634911.0 1772810.0 1623638.0 1445586.0 1427037.0 1534608.0 1364145.0 1441760.0 1632892.0 1767501.0 1489640.0 1211573.0 1111750.0 955000.0 1250312.0 1544448.0 1158449.0 1021571.0 1303528.0 954411.0 1235639.0 1277011.0 1533771.0 1312246.0 1144939.0 1087394.0 1457922.0 1200121.0 1385399.0 1602830.0 1489625.0 1220915.0 1092037.0 1049211.0 1253881.0 1698988.0 1415870.0 1239895.0 995737.0 848637.0 646220.0 967923.0 1099076.0 1380887.0 1415553.0 1501664.0 1000786.0 1270884.0 882096.0 923815.0 
1087333.0 918893.0 526568.0 291868.0 0 144103.0 266578.0 340429.0 506942.0 721859.0 889254.0 1017053.0 920289.0 1132065.0 1325877.0 1185854.0 1246207.0 1042231.0 1003497.0 1119149.0 1058234.0 1154060.0 1343043.0 1625141.0 1571150.0 1153718.0 1374516.0 1271490.0 1400900.0 1149892.0 1341024.0 1584637.0 1306776.0 1159085.0 819882.0 663132.0 958444.0 1252580.0 866581.0 729703.0 1011660.0 662543.0 943771.0 985143.0 1241903.0 1020378.0 853071.0 795526.0 1166054.0 908253.0 1207035.0 1310962.0 1197757.0 929047.0 800169.0 1019336.0 1020760.0 1417165.0 1124002.0 948027.0 1188449.0 1140505.0 938088.0 1259791.0 1390944.0 1399356.0 1123685.0 1300676.0 1269307.0 1188001.0 1173964.0 1215683.0 
1231436.0 1062996.0 670671.0 435971.0 144103.0 0 122475.0 196326.0 362839.0 577756.0 745151.0 1161156.0 1064392.0 1043614.0 1262954.0 1329957.0 1102104.0 898128.0 859394.0 1160903.0 914131.0 1009957.0 1198940.0 1481038.0 1447414.0 1009615.0 1230413.0 1127387.0 1256797.0 1005789.0 1290495.0 1565484.0 1382548.0 1145132.0 963985.0 807235.0 1102547.0 1396683.0 722478.0 585600.0 867557.0 518440.0 799668.0 1086591.0 1097800.0 876275.0 708968.0 651423.0 1021951.0 764150.0 1062932.0 1166859.0 1053654.0 784944.0 656066.0 875233.0 876657.0 1321764.0 1208035.0 1032060.0 1332552.0 1266722.0 1082191.0 1386008.0 1324531.0 1255253.0 1154678.0 1217152.0 1125204.0 1043898.0 1318067.0 1359786.0 
1353911.0 1185471.0 793146.0 558446.0 266578.0 122475.0 0 318801.0 485314.0 700231.0 867626.0 1283631.0 1186867.0 1135371.0 1354711.0 1452432.0 1224579.0 1020603.0 981869.0 1283378.0 1036606.0 1132432.0 1321415.0 1603513.0 1569889.0 1132090.0 1107938.0 1004912.0 1175375.0 1084159.0 1368865.0 1643854.0 1460918.0 1267607.0 1086460.0 929710.0 1225022.0 1519158.0 844953.0 708075.0 990032.0 640915.0 922143.0 1209066.0 975325.0 753800.0 586493.0 528948.0 929918.0 886625.0 1185407.0 1094942.0 931179.0 662469.0 533591.0 782711.0 987381.0 1432488.0 1330510.0 1154535.0 1455027.0 1389197.0 1204666.0 1508483.0 1447006.0 1365977.0 1032203.0 1303808.0 1191521.0 921423.0 1440542.0 1482261.0 
1427762.0 1259322.0 866997.0 632297.0 340429.0 196326.0 318801.0 0 166513.0 381430.0 548825.0 985277.0 1059064.0 847288.0 1066628.0 1221839.0 1205994.0 1002018.0 1055720.0 964577.0 717805.0 813631.0 1002614.0 1284712.0 1360871.0 1205941.0 1230435.0 1127409.0 1060471.0 809463.0 1094169.0 1369158.0 1186222.0 948806.0 898237.0 1003561.0 1298873.0 1286437.0 526152.0 389274.0 671231.0 322114.0 603342.0 890265.0 1268355.0 1072601.0 905294.0 847749.0 825625.0 567824.0 866606.0 970533.0 1134296.0 981270.0 852392.0 1071559.0 1072983.0 1304872.0 1011709.0 835734.0 1156673.0 1378644.0 1278517.0 1443084.0 1128205.0 1410016.0 1145915.0 1020826.0 928878.0 1122093.0 1514393.0 1556112.0 
1505467.0 1337027.0 1033510.0 798810.0 506942.0 362839.0 485314.0 166513.0 0 214917.0 382312.0 818764.0 892551.0 680775.0 900115.0 1055326.0 1039481.0 835505.0 1118757.0 798064.0 551292.0 647118.0 836101.0 1118199.0 1194358.0 1185153.0 1063922.0 960896.0 893958.0 642950.0 927656.0 1202645.0 1019709.0 782293.0 731724.0 888474.0 1147902.0 1119924.0 359639.0 222761.0 504718.0 155601.0 436829.0 723752.0 1101842.0 1239114.0 1071807.0 1014262.0 659112.0 401311.0 700093.0 804020.0 967783.0 1147783.0 1018905.0 1134596.0 1136020.0 1138359.0 845196.0 669221.0 990160.0 1212131.0 1356222.0 1276571.0 961692.0 1243503.0 979402.0 854313.0 762365.0 955580.0 1392263.0 1633817.0 
1412683.0 1244243.0 1193488.0 1013727.0 721859.0 577756.0 700231.0 381430.0 214917.0 0 167395.0 603847.0 799767.0 895692.0 1115032.0 1270243.0 979494.0 775518.0 964668.0 583147.0 336375.0 432201.0 621184.0 903282.0 1052454.0 1356429.0 1078975.0 975949.0 1108875.0 857867.0 1142573.0 1417562.0 1234626.0 997210.0 882414.0 1039164.0 1334476.0 1334841.0 574556.0 437678.0 719635.0 370518.0 651746.0 938669.0 1316759.0 1306143.0 1138836.0 1055779.0 654809.0 616228.0 915010.0 1018937.0 1182700.0 1362700.0 1233822.0 1220557.0 1326073.0 1283253.0 1060113.0 884138.0 775243.0 1074484.0 1263438.0 1193770.0 1176609.0 1406914.0 1194319.0 1069230.0 977282.0 1170497.0 1351054.0 1541033.0 
1245288.0 1076848.0 1026093.0 1181122.0 889254.0 745151.0 867626.0 548825.0 382312.0 167395.0 0 436452.0 632372.0 844148.0 1063488.0 1107022.0 812099.0 608123.0 797273.0 415752.0 168980.0 264806.0 453789.0 735887.0 885059.0 1189034.0 911580.0 808554.0 979017.0 775726.0 1060432.0 1335421.0 1152485.0 1054222.0 715019.0 871769.0 1167081.0 1252700.0 741951.0 605073.0 887030.0 537913.0 709697.0 996620.0 1360273.0 1138748.0 971441.0 888384.0 487414.0 783623.0 1082405.0 1186332.0 1076415.0 1361584.0 1302282.0 1053162.0 1158678.0 1115858.0 1063662.0 887687.0 607848.0 907089.0 1096043.0 1026375.0 1157528.0 1239519.0 1332322.0 1127181.0 980831.0 1103902.0 1183659.0 1373638.0 
808836.0 640396.0 589641.0 824341.0 1017053.0 1161156.0 1283631.0 985277.0 818764.0 603847.0 436452.0 0 195920.0 407696.0 627036.0 782247.0 1077170.0 1001018.0 895765.0 514244.0 267472.0 701258.0 890241.0 1172339.0 1191137.0 777457.0 994536.0 1200567.0 1301157.0 1050149.0 1334653.0 1335000.0 1057139.0 779072.0 813511.0 970261.0 1014507.0 1308643.0 1119164.0 982286.0 1264243.0 974365.0 976952.0 1263875.0 1234362.0 1123881.0 956574.0 1324836.0 923866.0 1220075.0 1007399.0 1287268.0 1268313.0 1303836.0 865830.0 616710.0 821380.0 1004964.0 711801.0 535826.0 171396.0 470637.0 659591.0 589923.0 721076.0 1002887.0 1053915.0 1069163.0 568285.0 838383.0 895467.0 937186.0 
612916.0 444476.0 393721.0 628421.0 920289.0 1064392.0 1186867.0 1059064.0 892551.0 799767.0 632372.0 195920.0 0 211776.0 431116.0 586327.0 881250.0 969921.0 931187.0 710164.0 463392.0 897178.0 1086161.0 1144389.0 995217.0 973377.0 798616.0 1130250.0 1181596.0 1237978.0 1242769.0 1139080.0 861219.0 583152.0 721627.0 878377.0 1173689.0 1178804.0 1048847.0 911969.0 1193926.0 1048152.0 831043.0 1117966.0 1149486.0 927961.0 760654.0 1130819.0 1053326.0 1293862.0 1202850.0 1236156.0 1072393.0 1107916.0 669910.0 420790.0 625460.0 1070567.0 907721.0 731746.0 367316.0 666088.0 463671.0 785374.0 916527.0 1004056.0 944148.0 873243.0 372365.0 642463.0 699547.0 741266.0 
824692.0 656252.0 605497.0 840197.0 1132065.0 1043614.0 1135371.0 847288.0 680775.0 895692.0 844148.0 407696.0 211776.0 0 219340.0 374551.0 669474.0 873450.0 1142963.0 809118.0 675168.0 1108954.0 1214711.0 932613.0 783441.0 864294.0 586840.0 945398.0 1115861.0 1026202.0 1030993.0 927304.0 649443.0 371376.0 509851.0 666601.0 961913.0 967028.0 1040414.0 903536.0 1185493.0 836376.0 804746.0 988612.0 937710.0 716185.0 548878.0 1089181.0 1027029.0 1082086.0 1380868.0 1447932.0 1284169.0 1319692.0 881686.0 632566.0 837236.0 1096248.0 1119497.0 943522.0 579092.0 877864.0 675447.0 997150.0 1128303.0 1029737.0 1061588.0 1085019.0 584141.0 854239.0 911323.0 953042.0 
1033692.0 865252.0 814497.0 1049197.0 1325877.0 1262954.0 1354711.0 1066628.0 900115.0 1115032.0 1063488.0 627036.0 431116.0 219340.0 0 155211.0 450134.0 654110.0 1187402.0 1028458.0 894508.0 1328294.0 1434051.0 1151953.0 1002781.0 1083634.0 806180.0 1164738.0 1335201.0 1184728.0 1250333.0 1146644.0 868783.0 590716.0 729191.0 662745.0 855588.0 1125554.0 1259754.0 1122876.0 966888.0 1055716.0 1024086.0 984756.0 1157050.0 935525.0 768218.0 1308521.0 1246369.0 1301426.0 1546059.0 1266190.0 1301339.0 1539032.0 1101026.0 851906.0 1056576.0 1315588.0 1140382.0 964407.0 798432.0 1086864.0 884447.0 1206150.0 1337303.0 1249077.0 842248.0 1019239.0 803481.0 1073579.0 1120323.0 1162042.0 
878481.0 710041.0 659286.0 893986.0 1185854.0 1329957.0 1452432.0 1221839.0 1055326.0 1270243.0 1107022.0 782247.0 586327.0 374551.0 155211.0 0 294923.0 498899.0 1032191.0 1183669.0 1049719.0 1371828.0 1560811.0 1307164.0 1157992.0 1182412.0 961391.0 1013495.0 1183958.0 1257336.0 1290259.0 1301855.0 1023994.0 745927.0 884402.0 817956.0 1010799.0 1280765.0 1248521.0 1111643.0 1122099.0 1210927.0 1179297.0 1139967.0 1312261.0 1090736.0 923429.0 1463732.0 1244807.0 1456637.0 1468415.0 1421401.0 1456550.0 1694243.0 1256237.0 1007117.0 1049454.0 1320799.0 1214224.0 1038249.0 953643.0 931653.0 729236.0 1050939.0 1182092.0 1404288.0 997459.0 1174450.0 958692.0 1228790.0 965112.0 1006831.0 
1173404.0 1004964.0 954209.0 1188909.0 1246207.0 1102104.0 1224579.0 1205994.0 1039481.0 979494.0 812099.0 1077170.0 881250.0 669474.0 450134.0 294923.0 0 203976.0 737268.0 1118789.0 981079.0 1076905.0 1265888.0 1474460.0 1325288.0 887489.0 821598.0 718572.0 889035.0 962413.0 995336.0 1270325.0 1318917.0 1040850.0 1179325.0 1112879.0 1222007.0 1439387.0 953598.0 816720.0 1098677.0 1195082.0 1172167.0 1434890.0 1270291.0 1048766.0 881459.0 1259890.0 949884.0 1440792.0 1335065.0 1397979.0 1404710.0 1440233.0 1002227.0 753107.0 754531.0 1025876.0 919301.0 743326.0 1248566.0 1144596.0 1024159.0 1263882.0 1395035.0 1133127.0 1073219.0 1344824.0 836470.0 1013920.0 1260035.0 1301754.0 
1377380.0 1208940.0 1158185.0 1334099.0 1042231.0 898128.0 1020603.0 1002018.0 835505.0 775518.0 608123.0 1001018.0 969921.0 873450.0 654110.0 498899.0 203976.0 0 533292.0 914813.0 777103.0 872929.0 1061912.0 1270484.0 1121312.0 683513.0 934051.0 831025.0 1001488.0 758437.0 1043143.0 1318132.0 1135196.0 1244826.0 1214080.0 1256024.0 1018031.0 1235411.0 749622.0 612744.0 894701.0 991106.0 971885.0 1258808.0 1382744.0 1161219.0 993912.0 1055914.0 1028135.0 1236816.0 1131089.0 1194003.0 1200734.0 1236257.0 798251.0 549131.0 550555.0 995662.0 715325.0 539350.0 1172414.0 940620.0 1143037.0 1059906.0 1191059.0 929151.0 869243.0 1140848.0 632494.0 825709.0 1417512.0 1505730.0 
1544103.0 1375663.0 1324908.0 1295365.0 1003497.0 859394.0 981869.0 1055720.0 1118757.0 964668.0 797273.0 895765.0 931187.0 1142963.0 1187402.0 1032191.0 737268.0 533292.0 0 381521.0 628293.0 1062079.0 1239408.0 1231750.0 1082578.0 644779.0 922233.0 1280791.0 1168479.0 917471.0 1201930.0 1476919.0 1294230.0 1019991.0 680788.0 837538.0 1132850.0 1394445.0 1078861.0 1146036.0 1353499.0 963156.0 933151.0 1159549.0 1537639.0 1471770.0 1304463.0 1017180.0 1155434.0 1208866.0 1290123.0 1323937.0 1160174.0 1197523.0 759517.0 510397.0 511821.0 956928.0 1248617.0 1072642.0 1067161.0 901886.0 1104303.0 1021172.0 1152325.0 890417.0 830509.0 1102114.0 1012082.0 1147349.0 1615602.0 1672453.0 
1323080.0 1154640.0 1103885.0 1338585.0 1119149.0 1160903.0 1283378.0 964577.0 798064.0 583147.0 415752.0 514244.0 710164.0 809118.0 1028458.0 1183669.0 1118789.0 914813.0 381521.0 0 246772.0 680558.0 869541.0 1151639.0 1050535.0 1026300.0 1303754.0 1224306.0 1356123.0 1105115.0 820409.0 1095398.0 916537.0 638470.0 299267.0 456017.0 751329.0 1045465.0 1157703.0 1020825.0 1241718.0 875390.0 594162.0 778028.0 1156118.0 1377643.0 1357996.0 1180884.0 816445.0 1121100.0 1222285.0 942416.0 778653.0 1063822.0 1141038.0 891918.0 893342.0 1338449.0 1226045.0 1050070.0 685640.0 984881.0 1173835.0 1104167.0 1235320.0 1271938.0 916570.0 1011646.0 1052840.0 1322938.0 1409711.0 1451430.0 
1076308.0 907868.0 857113.0 1091813.0 1058234.0 914131.0 1036606.0 717805.0 551292.0 336375.0 168980.0 267472.0 463392.0 675168.0 894508.0 1049719.0 981079.0 777103.0 628293.0 246772.0 0 433786.0 622769.0 904867.0 1054039.0 1044929.0 1080560.0 977534.0 1147997.0 944706.0 1067181.0 1342170.0 1163309.0 885242.0 546039.0 702789.0 998101.0 1292237.0 910931.0 774053.0 1056010.0 706893.0 840934.0 1024800.0 1402890.0 1307728.0 1140421.0 1057364.0 656394.0 952603.0 1251385.0 1189188.0 1025425.0 1310594.0 1133302.0 884182.0 1088852.0 1272436.0 979273.0 803298.0 438868.0 738109.0 927063.0 857395.0 988548.0 1270359.0 1163342.0 1258418.0 835757.0 1105855.0 1162939.0 1204658.0 
1342364.0 1173924.0 1290899.0 1445928.0 1154060.0 1009957.0 1132432.0 813631.0 647118.0 432201.0 264806.0 701258.0 897178.0 1108954.0 1328294.0 1371828.0 1076905.0 872929.0 1062079.0 680558.0 433786.0 0 188983.0 471081.0 620253.0 1058052.0 1176386.0 932391.0 761928.0 510920.0 795626.0 1070615.0 887679.0 1165746.0 979825.0 1136575.0 1282030.0 987894.0 794231.0 869879.0 1151836.0 727997.0 974503.0 1261426.0 1625079.0 1403554.0 1236247.0 1153190.0 752220.0 973707.0 883572.0 1163441.0 1327204.0 1612373.0 1307116.0 1122776.0 1124200.0 1380664.0 1328468.0 1152493.0 872654.0 1171895.0 1360849.0 1291181.0 1169895.0 1376427.0 1219336.0 1391987.0 1189382.0 919284.0 918853.0 1470714.0 
1531347.0 1362907.0 1479882.0 1634911.0 1343043.0 1198940.0 1321415.0 1002614.0 836101.0 621184.0 453789.0 890241.0 1086161.0 1214711.0 1434051.0 1560811.0 1265888.0 1061912.0 1239408.0 869541.0 622769.0 188983.0 0 282098.0 431270.0 869069.0 1101966.0 743408.0 572945.0 321937.0 606643.0 881632.0 698696.0 976763.0 1127785.0 1124970.0 1093047.0 798911.0 605248.0 742126.0 1024083.0 916980.0 1163486.0 1107097.0 1485187.0 1329134.0 1161827.0 1342173.0 941203.0 993371.0 694589.0 974458.0 1138221.0 1423390.0 1364549.0 1255247.0 1147568.0 1214281.0 1364561.0 1188586.0 1061637.0 1231351.0 1290870.0 1350637.0 980912.0 1187444.0 1030353.0 1207344.0 1281730.0 1108267.0 1107836.0 1659697.0 
1757305.0 1588865.0 1538110.0 1772810.0 1625141.0 1481038.0 1603513.0 1284712.0 1118199.0 903282.0 735887.0 1172339.0 1144389.0 932613.0 1151953.0 1307164.0 1474460.0 1270484.0 1231750.0 1151639.0 904867.0 471081.0 282098.0 0 149172.0 586971.0 864425.0 1025506.0 855043.0 604035.0 679932.0 954921.0 980794.0 761965.0 900440.0 1057190.0 1352502.0 1081009.0 887346.0 1024224.0 1306181.0 1199078.0 1195335.0 1379201.0 1757291.0 1553177.0 1385870.0 1370829.0 1223301.0 1275469.0 976687.0 1256556.0 1420319.0 1705488.0 1319260.0 1070140.0 865470.0 971857.0 1265020.0 1440995.0 1343735.0 1437596.0 1572968.0 1556882.0 1187157.0 905346.0 1184158.0 1455763.0 1516754.0 1390365.0 1389934.0 1885655.0 
1608133.0 1439693.0 1388938.0 1623638.0 1571150.0 1447414.0 1569889.0 1360871.0 1194358.0 1052454.0 885059.0 1191137.0 995217.0 783441.0 1002781.0 1157992.0 1325288.0 1121312.0 1082578.0 1050535.0 1054039.0 620253.0 431270.0 149172.0 0 437799.0 715253.0 1073811.0 1004215.0 753207.0 530760.0 805749.0 890860.0 612793.0 751268.0 908018.0 1203330.0 1208445.0 1036518.0 1173396.0 1455353.0 1327391.0 1046163.0 1230029.0 1608119.0 1404005.0 1236698.0 1221657.0 1268446.0 1424641.0 1125859.0 1405728.0 1569491.0 1608094.0 1170088.0 920968.0 716298.0 822685.0 1115848.0 1291823.0 1362533.0 1288424.0 1458888.0 1407710.0 1037985.0 756174.0 1034986.0 1306591.0 1367582.0 1369159.0 1539106.0 1736483.0 
1586293.0 1417853.0 1367098.0 1445586.0 1153718.0 1009615.0 1132090.0 1205941.0 1185153.0 1356429.0 1189034.0 777457.0 973377.0 864294.0 1083634.0 1182412.0 887489.0 683513.0 644779.0 1026300.0 1044929.0 1058052.0 869069.0 586971.0 437799.0 0 277454.0 636012.0 806475.0 732644.0 968559.0 1243548.0 1109403.0 1050592.0 1043219.0 1199969.0 1495281.0 1209618.0 894034.0 1030912.0 1312869.0 1029552.0 748324.0 1035247.0 1187731.0 966206.0 798899.0 1167401.0 970607.0 1275262.0 1105296.0 1385165.0 1312221.0 1347744.0 909738.0 660618.0 662042.0 1107149.0 1221196.0 1045221.0 948853.0 1052107.0 1254524.0 1171393.0 1302546.0 1040638.0 980730.0 1165808.0 1138365.0 931360.0 1514613.0 1714643.0 
1411532.0 1243092.0 1192337.0 1427037.0 1374516.0 1230413.0 1107938.0 1230435.0 1063922.0 1078975.0 911580.0 994536.0 798616.0 586840.0 806180.0 961391.0 821598.0 934051.0 922233.0 1303754.0 1080560.0 1176386.0 1101966.0 864425.0 715253.0 277454.0 0 358558.0 529021.0 780029.0 903478.0 1178467.0 1156788.0 958216.0 1096691.0 1084221.0 1246448.0 1257003.0 978039.0 841161.0 1123118.0 1219523.0 1025778.0 1288367.0 910277.0 688752.0 521445.0 1061748.0 858026.0 1451463.0 1152681.0 1422420.0 1447027.0 1479744.0 1041738.0 938072.0 939496.0 934018.0 943742.0 767767.0 1165932.0 1329561.0 1246946.0 1448847.0 1339490.0 1057679.0 1258184.0 1403955.0 860911.0 653906.0 1245709.0 1539882.0 
1519103.0 1350663.0 1299908.0 1534608.0 1271490.0 1127387.0 1004912.0 1127409.0 960896.0 975949.0 808554.0 1200567.0 1130250.0 945398.0 1164738.0 1013495.0 718572.0 831025.0 1280791.0 1224306.0 977534.0 932391.0 743408.0 1025506.0 1073811.0 636012.0 358558.0 0 170463.0 421471.0 706177.0 981166.0 798230.0 1076297.0 1137945.0 981195.0 1143422.0 898445.0 704782.0 738135.0 1020092.0 1116497.0 977283.0 1185341.0 807251.0 585726.0 418419.0 958722.0 755000.0 1092905.0 794123.0 1073992.0 1237755.0 1376718.0 938712.0 1187832.0 1276099.0 830992.0 840716.0 664741.0 1371963.0 1090805.0 888388.0 1210091.0 1080446.0 954653.0 1129887.0 1300929.0 757885.0 550880.0 1142683.0 1647453.0 
1348640.0 1180200.0 1129445.0 1364145.0 1400900.0 1256797.0 1175375.0 1060471.0 893958.0 1108875.0 979017.0 1301157.0 1181596.0 1115861.0 1335201.0 1183958.0 889035.0 1001488.0 1168479.0 1356123.0 1147997.0 761928.0 572945.0 855043.0 1004215.0 806475.0 529021.0 170463.0 0 251008.0 535714.0 810703.0 627767.0 905834.0 1056856.0 1054041.0 1022118.0 727982.0 534319.0 671197.0 953154.0 1049559.0 1147746.0 1036168.0 977714.0 756189.0 588882.0 1129185.0 925463.0 922442.0 623660.0 903529.0 1067292.0 1352461.0 1109175.0 1184318.0 1185742.0 1001455.0 1011179.0 835204.0 1219583.0 920342.0 717925.0 1039628.0 909983.0 1125116.0 959424.0 1136415.0 928348.0 721343.0 1313146.0 1476990.0 
1577526.0 1409086.0 1380453.0 1441760.0 1149892.0 1005789.0 1084159.0 809463.0 642950.0 857867.0 775726.0 1050149.0 1237978.0 1026202.0 1184728.0 1257336.0 962413.0 758437.0 917471.0 1105115.0 944706.0 510920.0 321937.0 604035.0 753207.0 732644.0 780029.0 421471.0 251008.0 0 284706.0 559695.0 376759.0 654826.0 805848.0 803033.0 771110.0 476974.0 283311.0 420189.0 702146.0 798551.0 964885.0 785160.0 1163250.0 1007197.0 839890.0 1037969.0 742602.0 671434.0 372652.0 652521.0 816284.0 1101453.0 1042612.0 933310.0 934734.0 892344.0 1042624.0 866649.0 1208655.0 909414.0 968933.0 1028700.0 658975.0 940786.0 708416.0 885407.0 959793.0 972351.0 1254873.0 1705876.0 
1733435.0 1564995.0 1636490.0 1632892.0 1341024.0 1290495.0 1368865.0 1094169.0 927656.0 1142573.0 1060432.0 1334653.0 1242769.0 1030993.0 1250333.0 1290259.0 995336.0 1043143.0 1201930.0 820409.0 1067181.0 795626.0 606643.0 679932.0 530760.0 968559.0 903478.0 706177.0 535714.0 284706.0 0 274989.0 552850.0 830917.0 521142.0 677892.0 973204.0 761680.0 568017.0 704895.0 986852.0 1083257.0 816037.0 961251.0 1339341.0 1130646.0 963339.0 1322675.0 1027308.0 956140.0 657358.0 937227.0 1100990.0 1386159.0 1327318.0 1218016.0 1052745.0 607638.0 900801.0 1076776.0 1493361.0 1194120.0 1253639.0 1313406.0 943681.0 731299.0 993122.0 1170113.0 1244499.0 1095800.0 1539579.0 1861785.0 
1695998.0 1527558.0 1532801.0 1767501.0 1584637.0 1565484.0 1643854.0 1369158.0 1202645.0 1417562.0 1335421.0 1335000.0 1139080.0 927304.0 1146644.0 1301855.0 1270325.0 1318132.0 1476919.0 1095398.0 1342170.0 1070615.0 881632.0 954921.0 805749.0 1243548.0 1178467.0 981166.0 810703.0 559695.0 274989.0 0 277861.0 555928.0 796131.0 921505.0 889582.0 595446.0 843006.0 979884.0 1261841.0 1254413.0 973185.0 686262.0 1064352.0 1285877.0 1238328.0 1330143.0 1195468.0 1231129.0 932347.0 1212216.0 1375979.0 1661148.0 1599366.0 1350246.0 1145576.0 882627.0 1175790.0 1351765.0 1506396.0 1469109.0 1528628.0 1387471.0 1218670.0 1006288.0 826888.0 1003879.0 1431863.0 1370789.0 1782629.0 1824348.0 
1418137.0 1249697.0 1254940.0 1489640.0 1306776.0 1382548.0 1460918.0 1186222.0 1019709.0 1234626.0 1152485.0 1057139.0 861219.0 649443.0 868783.0 1023994.0 1318917.0 1135196.0 1294230.0 916537.0 1163309.0 887679.0 698696.0 980794.0 890860.0 1109403.0 1156788.0 798230.0 627767.0 376759.0 552850.0 277861.0 0 278067.0 617270.0 643644.0 611721.0 317585.0 660070.0 796948.0 1078905.0 976552.0 695324.0 408401.0 786491.0 1008016.0 1175323.0 1052282.0 917607.0 1048193.0 749411.0 1029280.0 1193043.0 1478212.0 1321505.0 1072385.0 867715.0 1160488.0 1266377.0 1090402.0 1228535.0 1228896.0 1324890.0 1109610.0 1035734.0 1137156.0 549027.0 726018.0 1154002.0 1349110.0 1504768.0 1546487.0 
1196068.0 1027628.0 976873.0 1211573.0 1159085.0 1145132.0 1267607.0 948806.0 782293.0 997210.0 1054222.0 779072.0 583152.0 371376.0 590716.0 745927.0 1040850.0 1244826.0 1019991.0 638470.0 885242.0 1165746.0 976763.0 761965.0 612793.0 1050592.0 958216.0 1076297.0 905834.0 654826.0 830917.0 555928.0 278067.0 0 339203.0 495953.0 791265.0 595652.0 938137.0 1005054.0 1287011.0 915326.0 634098.0 686468.0 1064558.0 1087561.0 920254.0 1257351.0 856381.0 1161036.0 1027478.0 1307347.0 1417123.0 1691068.0 1253062.0 1003942.0 819213.0 925600.0 1218763.0 1232424.0 950468.0 1249240.0 1046823.0 1368526.0 1140900.0 859089.0 827094.0 1004085.0 955517.0 1225615.0 1282699.0 1324418.0 
1212293.0 1043853.0 1115348.0 1111750.0 819882.0 963985.0 1086460.0 898237.0 731724.0 882414.0 715019.0 813511.0 721627.0 509851.0 729191.0 884402.0 1179325.0 1214080.0 680788.0 299267.0 546039.0 979825.0 1127785.0 900440.0 751268.0 1043219.0 1096691.0 1137945.0 1056856.0 805848.0 521142.0 796131.0 617270.0 339203.0 0 156750.0 452062.0 746198.0 1089159.0 954485.0 1236442.0 576123.0 294895.0 478761.0 856851.0 1078376.0 1058729.0 918148.0 517178.0 821833.0 1120615.0 1241683.0 1077920.0 1363089.0 1389781.0 1140661.0 935991.0 1064075.0 1106718.0 930743.0 984907.0 1284148.0 1185298.0 1179970.0 1279375.0 997564.0 617303.0 712379.0 753573.0 1023671.0 1298924.0 1340643.0 
1055543.0 887103.0 1189700.0 955000.0 663132.0 807235.0 929710.0 1003561.0 888474.0 1039164.0 871769.0 970261.0 878377.0 666601.0 662745.0 817956.0 1112879.0 1256024.0 837538.0 456017.0 702789.0 1136575.0 1124970.0 1057190.0 908018.0 1199969.0 1084221.0 981195.0 1054041.0 803033.0 677892.0 921505.0 643644.0 495953.0 156750.0 0 295312.0 589448.0 1086344.0 1111235.0 1149900.0 732873.0 451645.0 322011.0 700101.0 921626.0 1088933.0 963808.0 673928.0 978583.0 1175685.0 1398433.0 1234670.0 1519839.0 1233031.0 983911.0 779241.0 1220825.0 949968.0 773993.0 1141657.0 1142506.0 1342048.0 1023220.0 1392945.0 1154314.0 460553.0 637544.0 910323.0 975879.0 1142174.0 1183893.0 
1350855.0 1182415.0 1485012.0 1250312.0 958444.0 1102547.0 1225022.0 1298873.0 1147902.0 1334476.0 1167081.0 1014507.0 1173689.0 961913.0 855588.0 1010799.0 1222007.0 1018031.0 1132850.0 751329.0 998101.0 1282030.0 1093047.0 1352502.0 1203330.0 1495281.0 1246448.0 1143422.0 1022118.0 771110.0 973204.0 889582.0 611721.0 791265.0 452062.0 295312.0 0 294136.0 1054421.0 925141.0 854588.0 1028185.0 746957.0 617323.0 995413.0 1216938.0 1306309.0 1259120.0 969240.0 1273895.0 1143762.0 1153890.0 1189039.0 1474208.0 1235284.0 986164.0 1074553.0 947819.0 654656.0 478681.0 1185903.0 1437818.0 1637360.0 1318532.0 1430085.0 1418102.0 755865.0 932856.0 944891.0 1138106.0 1437486.0 1479205.0 
1518352.0 1349912.0 1572525.0 1544448.0 1252580.0 1396683.0 1519158.0 1286437.0 1119924.0 1334841.0 1252700.0 1308643.0 1178804.0 967028.0 1125554.0 1280765.0 1439387.0 1235411.0 1394445.0 1045465.0 1292237.0 987894.0 798911.0 1081009.0 1208445.0 1209618.0 1257003.0 898445.0 727982.0 476974.0 761680.0 595446.0 317585.0 595652.0 746198.0 589448.0 294136.0 0 760285.0 897163.0 1148724.0 1275525.0 1012909.0 725986.0 1104076.0 1325601.0 1316864.0 1152497.0 1219576.0 1148408.0 849626.0 1129495.0 1293258.0 1578427.0 1421720.0 1172600.0 967930.0 1241955.0 948792.0 772817.0 1480039.0 1386388.0 1445907.0 1427195.0 1135949.0 1346526.0 649242.0 826233.0 1239027.0 1432242.0 1604983.0 1646702.0 
1661763.0 1493323.0 1393149.0 1158449.0 866581.0 722478.0 844953.0 526152.0 359639.0 574556.0 741951.0 1119164.0 1048847.0 1040414.0 1259754.0 1248521.0 953598.0 749622.0 1078861.0 1157703.0 910931.0 794231.0 605248.0 887346.0 1036518.0 894034.0 978039.0 704782.0 534319.0 283311.0 568017.0 843006.0 660070.0 938137.0 1089159.0 1086344.0 1054421.0 760285.0 0 136878.0 418835.0 515240.0 796468.0 1068471.0 1426732.0 1205207.0 1037900.0 1199359.0 903992.0 760950.0 655963.0 718137.0 881900.0 1167069.0 1204002.0 1094700.0 1096124.0 1052476.0 759313.0 583338.0 1290560.0 1192725.0 1252244.0 1312011.0 942286.0 1224097.0 991727.0 1168718.0 676482.0 869697.0 1416263.0 1790113.0 
1524885.0 1356445.0 1256271.0 1021571.0 729703.0 585600.0 708075.0 389274.0 222761.0 437678.0 605073.0 982286.0 911969.0 903536.0 1122876.0 1111643.0 816720.0 612744.0 1146036.0 1020825.0 774053.0 869879.0 742126.0 1024224.0 1173396.0 1030912.0 841161.0 738135.0 671197.0 420189.0 704895.0 979884.0 796948.0 1005054.0 954485.0 1111235.0 925141.0 897163.0 136878.0 0 281957.0 378362.0 659590.0 946513.0 1289854.0 1068329.0 901022.0 1147253.0 881873.0 624072.0 792841.0 581259.0 745022.0 1030191.0 1120651.0 1041289.0 1163299.0 915598.0 622435.0 446460.0 1153682.0 1329603.0 1375640.0 1448889.0 1079164.0 1360975.0 1128605.0 1077074.0 539604.0 732819.0 1324622.0 1653235.0 
1806842.0 1638402.0 1538228.0 1303528.0 1011660.0 867557.0 990032.0 671231.0 504718.0 719635.0 887030.0 1264243.0 1193926.0 1185493.0 966888.0 1122099.0 1098677.0 894701.0 1353499.0 1241718.0 1056010.0 1151836.0 1024083.0 1306181.0 1455353.0 1312869.0 1123118.0 1020092.0 953154.0 702146.0 986852.0 1261841.0 1078905.0 1287011.0 1236442.0 1149900.0 854588.0 1148724.0 418835.0 281957.0 0 660319.0 941547.0 1228470.0 1571811.0 1350286.0 1182979.0 865296.0 1052066.0 877953.0 579171.0 299302.0 463065.0 748234.0 1092222.0 843102.0 1047772.0 1197555.0 904392.0 728417.0 1415174.0 1115933.0 1318350.0 1235219.0 865494.0 1147305.0 1366460.0 1359031.0 821561.0 1014776.0 1606579.0 1935192.0 
1660173.0 1491733.0 1189111.0 954411.0 662543.0 518440.0 640915.0 322114.0 155601.0 370518.0 537913.0 974365.0 1048152.0 836376.0 1055716.0 1210927.0 1195082.0 991106.0 963156.0 875390.0 706893.0 727997.0 916980.0 1199078.0 1327391.0 1029552.0 1219523.0 1116497.0 1049559.0 798551.0 1083257.0 1254413.0 976552.0 915326.0 576123.0 732873.0 1028185.0 1275525.0 515240.0 378362.0 660319.0 0 281228.0 568151.0 946241.0 1167766.0 1227408.0 904481.0 503511.0 245710.0 544492.0 824361.0 988124.0 1273293.0 1174506.0 978995.0 980419.0 1293960.0 1000797.0 824822.0 1086784.0 1056530.0 1258947.0 1175816.0 806091.0 1087902.0 970317.0 698712.0 739906.0 1010004.0 1236662.0 1788523.0 
1443959.0 1275519.0 1224764.0 1235639.0 943771.0 799668.0 922143.0 603342.0 436829.0 651746.0 709697.0 976952.0 831043.0 804746.0 1024086.0 1179297.0 1172167.0 971885.0 933151.0 594162.0 840934.0 974503.0 1163486.0 1195335.0 1046163.0 748324.0 1025778.0 977283.0 1147746.0 964885.0 816037.0 973185.0 695324.0 634098.0 294895.0 451645.0 746957.0 1012909.0 796468.0 659590.0 941547.0 281228.0 0 286923.0 665013.0 886538.0 1053845.0 623253.0 222283.0 526938.0 825720.0 975047.0 811284.0 1096453.0 1110654.0 948990.0 950414.0 1284587.0 1100863.0 924888.0 805556.0 1104797.0 1294714.0 988132.0 1087319.0 1292459.0 689089.0 417484.0 458678.0 728776.0 1320579.0 1572309.0 
1377554.0 1209114.0 1434432.0 1277011.0 985143.0 1086591.0 1209066.0 890265.0 723752.0 938669.0 996620.0 1263875.0 1117966.0 988612.0 984756.0 1139967.0 1434890.0 1258808.0 1159549.0 778028.0 1024800.0 1261426.0 1107097.0 1379201.0 1230029.0 1035247.0 1288367.0 1185341.0 1036168.0 785160.0 961251.0 686262.0 408401.0 686468.0 478761.0 322011.0 617323.0 725986.0 1068471.0 946513.0 1228470.0 568151.0 286923.0 0 378090.0 599615.0 766922.0 910176.0 509206.0 813861.0 1112643.0 1261970.0 1098207.0 1383376.0 1311868.0 1235913.0 1101252.0 1542836.0 1271979.0 1096004.0 1092479.0 820495.0 1022912.0 701209.0 1070934.0 1352745.0 782564.0 704407.0 745601.0 1015699.0 1464185.0 1505904.0 
1596857.0 1428417.0 1377662.0 1533771.0 1241903.0 1097800.0 975325.0 1268355.0 1101842.0 1316759.0 1360273.0 1234362.0 1149486.0 937710.0 1157050.0 1312261.0 1270291.0 1382744.0 1537639.0 1156118.0 1402890.0 1625079.0 1485187.0 1757291.0 1608119.0 1187731.0 910277.0 807251.0 977714.0 1163250.0 1339341.0 1064352.0 786491.0 1064558.0 856851.0 700101.0 995413.0 1104076.0 1426732.0 1289854.0 1571811.0 946241.0 665013.0 378090.0 0 221525.0 388832.0 929135.0 887296.0 1191951.0 1300487.0 1495129.0 1331366.0 1371784.0 933778.0 1182898.0 1387568.0 1382711.0 1392435.0 1216460.0 1062966.0 763725.0 966142.0 644439.0 1014164.0 1295975.0 1160654.0 1082497.0 1123691.0 1102599.0 1683488.0 1725207.0 
1540877.0 1372437.0 1321682.0 1312246.0 1020378.0 876275.0 753800.0 1072601.0 1239114.0 1306143.0 1138748.0 1123881.0 927961.0 716185.0 935525.0 1090736.0 1048766.0 1161219.0 1471770.0 1377643.0 1307728.0 1403554.0 1329134.0 1553177.0 1404005.0 966206.0 688752.0 585726.0 756189.0 1007197.0 1130646.0 1285877.0 1008016.0 1087561.0 1078376.0 921626.0 1216938.0 1325601.0 1205207.0 1068329.0 1350286.0 1167766.0 886538.0 599615.0 221525.0 0 167307.0 707610.0 1085194.0 1413476.0 1379849.0 1273604.0 1109841.0 1150259.0 712253.0 961373.0 1166043.0 1161186.0 1170910.0 994935.0 1284491.0 985250.0 1187667.0 865964.0 1235689.0 1284847.0 1210865.0 1304022.0 1088079.0 881074.0 1472877.0 1669227.0 
1373570.0 1205130.0 1154375.0 1144939.0 853071.0 708968.0 586493.0 905294.0 1071807.0 1138836.0 971441.0 956574.0 760654.0 548878.0 768218.0 923429.0 881459.0 993912.0 1304463.0 1357996.0 1140421.0 1236247.0 1161827.0 1385870.0 1236698.0 798899.0 521445.0 418419.0 588882.0 839890.0 963339.0 1238328.0 1175323.0 920254.0 1058729.0 1088933.0 1306309.0 1316864.0 1037900.0 901022.0 1182979.0 1227408.0 1053845.0 766922.0 388832.0 167307.0 0 540303.0 917887.0 1473118.0 1212542.0 1106297.0 942534.0 982952.0 544946.0 794066.0 998736.0 993879.0 1003603.0 827628.0 1127970.0 1152557.0 1224325.0 1033271.0 1399351.0 1117540.0 1043558.0 1315163.0 920772.0 713767.0 1305570.0 1501920.0 
1738301.0 1569861.0 1322094.0 1087394.0 795526.0 651423.0 528948.0 847749.0 1014262.0 1055779.0 888384.0 1324836.0 1130819.0 1089181.0 1308521.0 1463732.0 1259890.0 1055914.0 1017180.0 1180884.0 1057364.0 1153190.0 1342173.0 1370829.0 1221657.0 1167401.0 1061748.0 958722.0 1129185.0 1037969.0 1322675.0 1330143.0 1052282.0 1257351.0 918148.0 963808.0 1259120.0 1152497.0 1199359.0 1147253.0 865296.0 904481.0 623253.0 910176.0 929135.0 707610.0 540303.0 0 400970.0 1144645.0 845863.0 565994.0 402231.0 687400.0 487401.0 710029.0 505359.0 950466.0 1243629.0 1367931.0 1428809.0 1382625.0 1585042.0 1501911.0 1132186.0 883955.0 503255.0 774860.0 1081931.0 875233.0 1467036.0 1866651.0 
1666242.0 1497802.0 1447047.0 1457922.0 1166054.0 1021951.0 929918.0 825625.0 659112.0 654809.0 487414.0 923866.0 1053326.0 1027029.0 1246369.0 1244807.0 949884.0 1028135.0 1155434.0 816445.0 656394.0 752220.0 941203.0 1223301.0 1268446.0 970607.0 858026.0 755000.0 925463.0 742602.0 1027308.0 1195468.0 917607.0 856381.0 517178.0 673928.0 969240.0 1219576.0 903992.0 881873.0 1052066.0 503511.0 222283.0 509206.0 887296.0 1085194.0 917887.0 400970.0 0 749221.0 1032633.0 752764.0 589001.0 874170.0 888371.0 909860.0 906329.0 1062304.0 1323146.0 1147171.0 1027839.0 1327080.0 1516997.0 1210415.0 1309602.0 1185965.0 904225.0 639767.0 680961.0 951059.0 1524571.0 1794592.0 
1643952.0 1475512.0 1424757.0 1200121.0 908253.0 764150.0 886625.0 567824.0 401311.0 616228.0 783623.0 1220075.0 1293862.0 1082086.0 1301426.0 1456637.0 1440792.0 1236816.0 1208866.0 1121100.0 952603.0 973707.0 993371.0 1275469.0 1424641.0 1275262.0 1451463.0 1092905.0 922442.0 671434.0 956140.0 1231129.0 1048193.0 1161036.0 821833.0 978583.0 1273895.0 1148408.0 760950.0 624072.0 877953.0 245710.0 526938.0 813861.0 1191951.0 1413476.0 1473118.0 1144645.0 749221.0 0 298782.0 578651.0 742414.0 1027583.0 1420216.0 1224705.0 1220788.0 1312475.0 1246507.0 1070532.0 1110061.0 810820.0 1013237.0 930106.0 560381.0 842192.0 1216027.0 944422.0 985616.0 1255714.0 1482372.0 1772302.0 
1369894.0 1201454.0 1150699.0 1385399.0 1207035.0 1062932.0 1185407.0 866606.0 700093.0 915010.0 1082405.0 1007399.0 1202850.0 1380868.0 1546059.0 1468415.0 1335065.0 1131089.0 1290123.0 1222285.0 1251385.0 883572.0 694589.0 976687.0 1125859.0 1105296.0 1152681.0 794123.0 623660.0 372652.0 657358.0 932347.0 749411.0 1027478.0 1120615.0 1175685.0 1143762.0 849626.0 655963.0 792841.0 579171.0 544492.0 825720.0 1112643.0 1300487.0 1379849.0 1212542.0 845863.0 1032633.0 298782.0 0 279869.0 443632.0 728801.0 1166807.0 1095235.0 946730.0 1038417.0 1331580.0 1239301.0 836003.0 536762.0 739179.0 656048.0 286323.0 568134.0 1081068.0 1243204.0 1284398.0 1345003.0 1456525.0 1498244.0 
1649763.0 1481323.0 1430568.0 1602830.0 1310962.0 1166859.0 1094942.0 970533.0 804020.0 1018937.0 1186332.0 1287268.0 1236156.0 1447932.0 1266190.0 1421401.0 1397979.0 1194003.0 1323937.0 942416.0 1189188.0 1163441.0 974458.0 1256556.0 1405728.0 1385165.0 1422420.0 1073992.0 903529.0 652521.0 937227.0 1212216.0 1029280.0 1307347.0 1241683.0 1398433.0 1153890.0 1129495.0 718137.0 581259.0 299302.0 824361.0 975047.0 1261970.0 1495129.0 1273604.0 1106297.0 565994.0 752764.0 578651.0 279869.0 0 163763.0 448932.0 886938.0 815366.0 1020036.0 1318286.0 1203694.0 1027719.0 1115872.0 816631.0 1019048.0 935917.0 566192.0 848003.0 1069249.0 1340854.0 1120863.0 1274770.0 1736394.0 1778113.0 
1685309.0 1516869.0 1466114.0 1489625.0 1197757.0 1053654.0 931179.0 1134296.0 967783.0 1182700.0 1076415.0 1268313.0 1072393.0 1284169.0 1301339.0 1456550.0 1404710.0 1200734.0 1160174.0 778653.0 1025425.0 1327204.0 1138221.0 1420319.0 1569491.0 1312221.0 1447027.0 1237755.0 1067292.0 816284.0 1100990.0 1375979.0 1193043.0 1417123.0 1077920.0 1234670.0 1189039.0 1293258.0 881900.0 745022.0 463065.0 988124.0 811284.0 1098207.0 1331366.0 1109841.0 942534.0 402231.0 589001.0 742414.0 443632.0 163763.0 0 285169.0 723175.0 651603.0 856273.0 1301380.0 1367457.0 1191482.0 1279635.0 980394.0 1182811.0 1099680.0 729955.0 1011766.0 905486.0 1177091.0 1153288.0 1111007.0 1702810.0 1813659.0 
1720832.0 1552392.0 1455615.0 1220915.0 929047.0 784944.0 662469.0 981270.0 1147783.0 1362700.0 1361584.0 1303836.0 1107916.0 1319692.0 1539032.0 1694243.0 1440233.0 1236257.0 1197523.0 1063822.0 1310594.0 1612373.0 1423390.0 1705488.0 1608094.0 1347744.0 1479744.0 1376718.0 1352461.0 1101453.0 1386159.0 1661148.0 1478212.0 1691068.0 1363089.0 1519839.0 1474208.0 1578427.0 1167069.0 1030191.0 748234.0 1273293.0 1096453.0 1383376.0 1371784.0 1150259.0 982952.0 687400.0 874170.0 1027583.0 728801.0 448932.0 285169.0 0 438006.0 687126.0 891796.0 1336903.0 1630066.0 1476651.0 1475232.0 1265563.0 1467980.0 1384849.0 1015124.0 1270392.0 1190655.0 1462260.0 1095936.0 825838.0 1417641.0 1849182.0 
1282826.0 1114386.0 1063631.0 1092037.0 800169.0 656066.0 533591.0 852392.0 1018905.0 1233822.0 1302282.0 865830.0 669910.0 881686.0 1101026.0 1256237.0 1002227.0 798251.0 759517.0 1141038.0 1133302.0 1307116.0 1364549.0 1319260.0 1170088.0 909738.0 1041738.0 938712.0 1109175.0 1042612.0 1327318.0 1599366.0 1321505.0 1253062.0 1389781.0 1233031.0 1235284.0 1421720.0 1204002.0 1120651.0 1092222.0 1174506.0 1110654.0 1311868.0 933778.0 712253.0 544946.0 487401.0 888371.0 1420216.0 1166807.0 886938.0 723175.0 438006.0 0 249120.0 453790.0 898897.0 1192060.0 1047257.0 1037226.0 1166845.0 1133581.0 1228577.0 1114197.0 832386.0 772478.0 1044083.0 657930.0 387832.0 979635.0 1411176.0 
1033706.0 865266.0 814511.0 1049211.0 1019336.0 875233.0 782711.0 1071559.0 1134596.0 1220557.0 1053162.0 616710.0 420790.0 632566.0 851906.0 1007117.0 753107.0 549131.0 510397.0 891918.0 884182.0 1122776.0 1255247.0 1070140.0 920968.0 660618.0 938072.0 1187832.0 1184318.0 933310.0 1218016.0 1350246.0 1072385.0 1003942.0 1140661.0 983911.0 986164.0 1172600.0 1094700.0 1041289.0 843102.0 978995.0 948990.0 1235913.0 1182898.0 961373.0 794066.0 710029.0 909860.0 1224705.0 1095235.0 815366.0 651603.0 687126.0 249120.0 0 204670.0 649777.0 942940.0 967895.0 788106.0 917725.0 884461.0 1037011.0 865077.0 583266.0 523358.0 794963.0 501685.0 636952.0 1120337.0 1162056.0 
1238376.0 1069936.0 1019181.0 1253881.0 1020760.0 876657.0 987381.0 1072983.0 1136020.0 1326073.0 1158678.0 821380.0 625460.0 837236.0 1056576.0 1049454.0 754531.0 550555.0 511821.0 893342.0 1088852.0 1124200.0 1147568.0 865470.0 716298.0 662042.0 939496.0 1276099.0 1185742.0 934734.0 1052745.0 1145576.0 867715.0 819213.0 935991.0 779241.0 1074553.0 967930.0 1096124.0 1163299.0 1047772.0 980419.0 950414.0 1101252.0 1387568.0 1166043.0 998736.0 505359.0 906329.0 1220788.0 946730.0 1020036.0 856273.0 891796.0 453790.0 204670.0 0 445107.0 738270.0 914245.0 992776.0 910846.0 1089131.0 1030132.0 660407.0 378596.0 318688.0 590293.0 706355.0 841622.0 1325007.0 1366726.0 
