33
vkrlpmybdj jatkaoyfxb zumetrybth ebqxbaqnmm owusjcmdkp oewptytlja knfzsnhzvx xftptyrlvl jqtguzxxsl hadchvmijq wtyqwjwskq oegfbrwyrp lbuiysostx fznfvsgjhc lkvobxyfca oggftsricu kdujdjjwot zjbarjhmau bulywvvpni ahqdrcepub seeyrseflx ixyurvbpvu rkyixxpcbx gllungmori wtlzrefwav qepegujmaa koawdpgqdx smwxdupkdv cmdqzmgvfi zpybghfdbe lndsfxewdc tvcolajnao mdyuzxshey
0 280394.0 551372.0 720182.0 1152942.0 1429455.0 1575922.0 1599959.0 1584409.0 1356105.0 1231228.0 1219007.0 1422825.0 1358945.0 1590964.0 1616932.0 1019175.0 873467.0 999570.0 1427329.0 2098122.0 1531672.0 1697371.0 1512754.0 1073636.0 2176325.0 1773553.0 1497481.0 658059.0 766460.0 1018954.0 190631.0 176469.0 
280394.0 0 270978.0 439788.0 872548.0 1149061.0 1295528.0 1552846.0 1361433.0 1075711.0 1511622.0 1470802.0 1674620.0 1639339.0 1572115.0 1336538.0 738781.0 922539.0 1048642.0 1476401.0 2147194.0 1580744.0 1977765.0 1793148.0 1354030.0 2456719.0 2053947.0 1777875.0 938453.0 1046854.0 1299348.0 471025.0 456863.0 
551372.0 270978.0 0 168810.0 601570.0 878083.0 1024550.0 1281868.0 1090455.0 804733.0 1443636.0 1199824.0 1403642.0 1471910.0 1301137.0 1065560.0 467803.0 651561.0 777664.0 1205423.0 1876216.0 1309766.0 1768253.0 1791229.0 1352111.0 2454800.0 2052028.0 1775956.0 1209431.0 1317832.0 1077523.0 742003.0 727841.0 
720182.0 439788.0 168810.0 0 432760.0 709273.0 855740.0 1113058.0 921645.0 635923.0 1274826.0 1031014.0 1234832.0 1303100.0 1132327.0 896750.0 298993.0 482751.0 608854.0 1036613.0 1707406.0 1140956.0 1599443.0 1622419.0 1183301.0 2285990.0 1883218.0 1607146.0 1269608.0 1161207.0 908713.0 910813.0 896651.0 
1152942.0 872548.0 601570.0 432760.0 0 276513.0 422980.0 680298.0 1007872.0 1068683.0 1049029.0 1463774.0 1400667.0 961632.0 729613.0 463990.0 731753.0 915511.0 1041614.0 1360076.0 1519877.0 953427.0 1411914.0 1596531.0 1616061.0 2718750.0 2315978.0 2039906.0 1565435.0 1457034.0 1204540.0 1343573.0 1329411.0 
1429455.0 1149061.0 878083.0 709273.0 276513.0 0 146467.0 403785.0 731359.0 1017081.0 772516.0 1357927.0 1561745.0 1238145.0 1006126.0 740503.0 1008266.0 1192024.0 1318127.0 1636589.0 1796390.0 1229940.0 1688427.0 1873044.0 1564459.0 2667148.0 2264376.0 1988304.0 1345685.0 1237284.0 1481053.0 1620086.0 1605924.0 
1575922.0 1295528.0 1024550.0 855740.0 422980.0 146467.0 0 257318.0 584892.0 870614.0 626049.0 1211460.0 1415278.0 1384612.0 1152593.0 886970.0 1154733.0 1338491.0 1464594.0 1783056.0 1942857.0 1376407.0 1834894.0 1857110.0 1417992.0 2520681.0 2117909.0 1841837.0 1199218.0 1090817.0 1343311.0 1666646.0 1752391.0 
1599959.0 1552846.0 1281868.0 1113058.0 680298.0 403785.0 257318.0 0 327574.0 613296.0 368731.0 954142.0 1157960.0 1341719.0 1109700.0 1144288.0 950226.0 1133984.0 1260087.0 1687846.0 2200175.0 1633725.0 1784409.0 1599792.0 1160674.0 2263363.0 1860591.0 1584519.0 941900.0 833499.0 1085993.0 1409328.0 1776428.0 
1584409.0 1361433.0 1090455.0 921645.0 1007872.0 731359.0 584892.0 327574.0 0 285722.0 353181.0 938592.0 1142410.0 1014145.0 782126.0 1047749.0 622652.0 806410.0 932513.0 1360272.0 2031065.0 1464615.0 1456835.0 1272218.0 833100.0 1935789.0 1533017.0 1256945.0 926350.0 817949.0 1018213.0 1393778.0 1760878.0 
1356105.0 1075711.0 804733.0 635923.0 1068683.0 1017081.0 870614.0 613296.0 285722.0 0 638903.0 1224314.0 1165231.0 728423.0 496404.0 762027.0 336930.0 520688.0 646791.0 1074550.0 1745343.0 1178893.0 1171113.0 986496.0 547378.0 1650067.0 1247295.0 971223.0 962955.0 984985.0 732491.0 1203524.0 1532574.0 
1231228.0 1511622.0 1443636.0 1274826.0 1049029.0 772516.0 626049.0 368731.0 353181.0 638903.0 0 585411.0 789229.0 1228264.0 1135307.0 1400930.0 975833.0 1143224.0 1017121.0 1444880.0 1965953.0 1399503.0 1612481.0 1427864.0 988746.0 2091435.0 1688663.0 1412591.0 573169.0 464768.0 717262.0 1040597.0 1407697.0 
1219007.0 1470802.0 1199824.0 1031014.0 1463774.0 1357927.0 1211460.0 954142.0 938592.0 1224314.0 585411.0 0 203818.0 642853.0 874872.0 1140495.0 1314761.0 1131003.0 1004900.0 962744.0 1719370.0 1152920.0 1600260.0 1415643.0 976525.0 2079214.0 1676442.0 1400370.0 560948.0 452547.0 705041.0 1028376.0 1395476.0 
1422825.0 1674620.0 1403642.0 1234832.0 1400667.0 1561745.0 1415278.0 1157960.0 1142410.0 1165231.0 789229.0 203818.0 0 439035.0 671054.0 936677.0 1115853.0 1299611.0 1186685.0 758926.0 1515552.0 949102.0 1407589.0 1592206.0 1180343.0 2283032.0 1880260.0 1604188.0 764766.0 656365.0 908859.0 1232194.0 1599294.0 
1358945.0 1639339.0 1471910.0 1303100.0 961632.0 1238145.0 1384612.0 1341719.0 1014145.0 728423.0 1228264.0 642853.0 439035.0 0 232019.0 497642.0 1004107.0 1168272.0 1042169.0 916716.0 1076517.0 510067.0 968554.0 1153171.0 1275801.0 2378490.0 1975718.0 1699646.0 1104559.0 996158.0 743664.0 1168314.0 1535414.0 
1590964.0 1572115.0 1301137.0 1132327.0 729613.0 1006126.0 1152593.0 1109700.0 782126.0 496404.0 1135307.0 874872.0 671054.0 232019.0 0 265623.0 833334.0 1017092.0 1143195.0 1148735.0 1308536.0 742086.0 1200573.0 1385190.0 1043782.0 2146471.0 1743699.0 1467627.0 1336578.0 1228177.0 975683.0 1400333.0 1767433.0 
1616932.0 1336538.0 1065560.0 896750.0 463990.0 740503.0 886970.0 1144288.0 1047749.0 762027.0 1400930.0 1140495.0 936677.0 497642.0 265623.0 0 880909.0 1064667.0 1021539.0 896086.0 1055887.0 489437.0 947924.0 1132541.0 1309405.0 2412094.0 2009322.0 1733250.0 1101445.0 993044.0 740550.0 1568873.0 1793401.0 
1019175.0 738781.0 467803.0 298993.0 731753.0 1008266.0 1154733.0 950226.0 622652.0 336930.0 975833.0 1314761.0 1115853.0 1004107.0 833334.0 880909.0 0 183758.0 309861.0 737620.0 1408413.0 841963.0 1300450.0 1323426.0 884308.0 1986997.0 1584225.0 1308153.0 970615.0 862214.0 609720.0 866594.0 1195644.0 
873467.0 922539.0 651561.0 482751.0 915511.0 1192024.0 1338491.0 1133984.0 806410.0 520688.0 1143224.0 1131003.0 1299611.0 1168272.0 1017092.0 1064667.0 183758.0 0 126103.0 553862.0 1224655.0 658205.0 1116692.0 1301309.0 1068066.0 2170755.0 1767983.0 1491911.0 786857.0 678456.0 425962.0 682836.0 1049936.0 
999570.0 1048642.0 777664.0 608854.0 1041614.0 1318127.0 1464594.0 1260087.0 932513.0 646791.0 1017121.0 1004900.0 1186685.0 1042169.0 1143195.0 1021539.0 309861.0 126103.0 0 427759.0 1098552.0 532102.0 990589.0 1175206.0 1076331.0 2179020.0 1776248.0 1500176.0 660754.0 552353.0 299859.0 808939.0 1176039.0 
1427329.0 1476401.0 1205423.0 1036613.0 1360076.0 1636589.0 1783056.0 1687846.0 1360272.0 1074550.0 1444880.0 962744.0 758926.0 916716.0 1148735.0 896086.0 737620.0 553862.0 427759.0 0 973099.0 406649.0 865136.0 1049753.0 1488871.0 2591560.0 2188788.0 1912716.0 1088513.0 980112.0 727618.0 1236698.0 1603798.0 
2098122.0 2147194.0 1876216.0 1707406.0 1519877.0 1796390.0 1942857.0 2200175.0 2031065.0 1745343.0 1965953.0 1719370.0 1515552.0 1076517.0 1308536.0 1055887.0 1408413.0 1224655.0 1098552.0 973099.0 0 566450.0 1024937.0 1209554.0 1648672.0 2751361.0 2348589.0 2072517.0 1609586.0 1501185.0 1248691.0 1907491.0 2274591.0 
1531672.0 1580744.0 1309766.0 1140956.0 953427.0 1229940.0 1376407.0 1633725.0 1464615.0 1178893.0 1399503.0 1152920.0 949102.0 510067.0 742086.0 489437.0 841963.0 658205.0 532102.0 406649.0 566450.0 0 458487.0 643104.0 1082222.0 2184911.0 1782139.0 1506067.0 1043136.0 934735.0 682241.0 1341041.0 1708141.0 
1697371.0 1977765.0 1768253.0 1599443.0 1411914.0 1688427.0 1834894.0 1784409.0 1456835.0 1171113.0 1612481.0 1600260.0 1407589.0 968554.0 1200573.0 947924.0 1300450.0 1116692.0 990589.0 865136.0 1024937.0 458487.0 0 184617.0 623735.0 1726424.0 1323652.0 1047580.0 1039312.0 1147713.0 1140728.0 1506740.0 1873840.0 
1512754.0 1793148.0 1791229.0 1622419.0 1596531.0 1873044.0 1857110.0 1599792.0 1272218.0 986496.0 1427864.0 1415643.0 1592206.0 1153171.0 1385190.0 1132541.0 1323426.0 1301309.0 1175206.0 1049753.0 1209554.0 643104.0 184617.0 0 439118.0 1541807.0 1139035.0 862963.0 854695.0 963096.0 1215590.0 1322123.0 1689223.0 
1073636.0 1354030.0 1352111.0 1183301.0 1616061.0 1564459.0 1417992.0 1160674.0 833100.0 547378.0 988746.0 976525.0 1180343.0 1275801.0 1043782.0 1309405.0 884308.0 1068066.0 1076331.0 1488871.0 1648672.0 1082222.0 623735.0 439118.0 0 1102689.0 699917.0 423845.0 415577.0 523978.0 776472.0 883005.0 1250105.0 
2176325.0 2456719.0 2454800.0 2285990.0 2718750.0 2667148.0 2520681.0 2263363.0 1935789.0 1650067.0 2091435.0 2079214.0 2283032.0 2378490.0 2146471.0 2412094.0 1986997.0 2170755.0 2179020.0 2591560.0 2751361.0 2184911.0 1726424.0 1541807.0 1102689.0 0 402772.0 678844.0 1518266.0 1626667.0 1879161.0 1985694.0 2352794.0 
1773553.0 2053947.0 2052028.0 1883218.0 2315978.0 2264376.0 2117909.0 1860591.0 1533017.0 1247295.0 1688663.0 1676442.0 1880260.0 1975718.0 1743699.0 2009322.0 1584225.0 1767983.0 1776248.0 2188788.0 2348589.0 1782139.0 1323652.0 1139035.0 699917.0 402772.0 0 276072.0 1115494.0 1223895.0 1476389.0 1582922.0 1950022.0 
1497481.0 1777875.0 1775956.0 1607146.0 2039906.0 1988304.0 1841837.0 1584519.0 1256945.0 971223.0 1412591.0 1400370.0 1604188.0 1699646.0 1467627.0 1733250.0 1308153.0 1491911.0 1500176.0 1912716.0 2072517.0 1506067.0 1047580.0 862963.0 423845.0 678844.0 276072.0 0 839422.0 947823.0 1200317.0 1306850.0 1673950.0 
658059.0 938453.0 1209431.0 1269608.0 1565435.0 1345685.0 1199218.0 941900.0 926350.0 962955.0 573169.0 560948.0 764766.0 1104559.0 1336578.0 1101445.0 970615.0 786857.0 660754.0 1088513.0 1609586.0 1043136.0 1039312.0 854695.0 415577.0 1518266.0 1115494.0 839422.0 0 108401.0 360895.0 467428.0 834528.0 
766460.0 1046854.0 1317832.0 1161207.0 1457034.0 1237284.0 1090817.0 833499.0 817949.0 984985.0 464768.0 452547.0 656365.0 996158.0 1228177.0 993044.0 862214.0 678456.0 552353.0 980112.0 1501185.0 934735.0 1147713.0 963096.0 523978.0 1626667.0 1223895.0 947823.0 108401.0 0 252494.0 575829.0 942929.0 
1018954.0 1299348.0 1077523.0 908713.0 1204540.0 1481053.0 1343311.0 1085993.0 1018213.0 732491.0 717262.0 705041.0 908859.0 743664.0 975683.0 740550.0 609720.0 425962.0 299859.0 727618.0 1248691.0 682241.0 1140728.0 1215590.0 776472.0 1879161.0 1476389.0 1200317.0 360895.0 252494.0 0 828323.0 1195423.0 
190631.0 471025.0 742003.0 910813.0 1343573.0 1620086.0 1666646.0 1409328.0 1393778.0 1203524.0 1040597.0 1028376.0 1232194.0 1168314.0 1400333.0 1568873.0 866594.0 682836.0 808939.0 1236698.0 1907491.0 1341041.0 1506740.0 1322123.0 883005.0 1985694.0 1582922.0 1306850.0 467428.0 575829.0 828323.0 0 367100.0 
176469.0 456863.0 727841.0 896651.0 1329411.0 1605924.0 1752391.0 1776428.0 1760878.0 1532574.0 1407697.0 1395476.0 1599294.0 1535414.0 1767433.0 1793401.0 1195644.0 1049936.0 1176039.0 1603798.0 2274591.0 1708141.0 1873840.0 1689223.0 1250105.0 2352794.0 1950022.0 1673950.0 834528.0 942929.0 1195423.0 367100.0 0 
