25
K7nbuQS5FWTkmHyhi69 asp20NJKvZUtDiW1Trx Sz9FxGJ7CPMEbUovXQq QKaVhgAPN7MzZXkIJif rqNcZ8MUzDE3H2ekKJp tmubz8TR6MEqo04GaXQ ejNRIidB4gvrEPnTV8U cbGv0lH2ekt7XznaK9Q lZ2Ga35MbPOtokD1gF0 bf47z98om5ZMUVORjG0 d6UiSTzYoMpXGw48gAD 7aRmJfDh4vEt258Ai9L 1V4PG7oEw2rS9xRO3Bj DQw9naPXAhyUOL6tvVl ctr2CvsehWx0ENY16wO H73qxghnr8SspNjtPW5 5VbntkgFqTX8w9sYai2 wVe6HY1xINUrGjoPvBR PmQXT3OGFtJDs9diWZV CgrHnsmUEaKbL2Bu9fI pBC7kb6YvcSm2XysuzG WMcq9fQKeLJk5Y0CDTR 6yczq9OEfSPk2s1GodH LxrqIj6vUJmAulbGEsz lVOvaZXqjnb1QiPN4SL
0 1.43703 11.36092 17.02235 19.89106 18.41816 15.68884 14.14784 12.74069 9.96092 8.49851 7.11833 5.72445 4.30292 2.95418 1.36032 2.80492 4.22206 5.543559999999999 6.963799999999999 8.39799 9.90307 11.31546 12.63724 14.11096 
1.43703 0 9.92389 15.585320000000001 18.45403 16.98113 14.25181 12.71081 11.30366 8.52389 7.06148 5.6813 4.28742 2.8658900000000003 1.51715 2.79735 4.24195 5.65909 6.980589999999999 8.40083 9.83502 11.3401 12.75249 14.07427 15.54799 
11.36092 9.92389 0 5.661429999999999 8.53014 7.057239999999999 4.32792 2.78692 1.37977 1.4 2.8624099999999997 4.24259 5.63647 7.058 8.40674 12.72124 14.16584 15.58298 16.90448 18.32472 19.75891 21.26399 22.676379999999998 23.99816 25.47188 
17.02235 15.58532 5.661429999999999 0 2.86871 1.39581 1.33351 2.87451 4.28166 7.06143 8.52384 9.90402 11.297899999999998 12.71943 14.068169999999999 18.38267 19.827270000000002 21.244410000000002 22.565910000000002 23.986150000000002 25.420340000000003 26.925420000000003 28.33781 29.65959 31.13331 
19.891060000000003 18.454030000000003 8.530140000000001 2.86871 0 1.4729 4.2022200000000005 5.743220000000001 7.150370000000001 9.930140000000002 11.392550000000002 12.772730000000001 14.16661 15.588140000000001 16.936880000000002 21.251380000000005 22.695980000000006 24.113120000000006 25.434620000000006 26.854860000000006 28.289050000000007 29.794130000000006 31.206520000000005 32.5283 34.00202 
18.418159999999997 16.981129999999997 7.057239999999999 1.39581 1.4729 0 2.72932 4.27032 5.67747 8.457239999999999 9.919649999999999 11.299829999999998 12.693709999999998 14.115239999999998 15.463979999999998 19.77848 21.22308 22.64022 23.96172 25.38196 26.81615 28.32123 29.73362 31.0554 32.52912 
15.688839999999999 14.251809999999999 4.32792 1.33351 4.2022200000000005 2.72932 0 1.541 2.94815 5.727919999999999 7.190329999999999 8.570509999999999 9.964389999999998 11.385919999999999 12.734659999999998 17.04916 18.49376 19.9109 21.232400000000002 22.65264 24.086830000000003 25.591910000000002 27.0043 28.32608 29.7998 
14.147839999999999 12.710809999999999 2.78692 2.87451 5.74322 4.27032 1.541 0 1.40715 4.18692 5.64933 7.02951 8.42339 9.84492 11.19366 15.508159999999998 16.952759999999998 18.369899999999998 19.691399999999998 21.111639999999998 22.54583 24.05091 25.463299999999997 26.785079999999997 28.258799999999997 
12.74069 11.30366 1.37977 4.2816600000000005 7.150370000000001 5.6774700000000005 2.94815 1.40715 0 2.77977 4.24218 5.6223600000000005 7.016240000000001 8.43777 9.78651 14.10101 15.54561 16.96275 18.28425 19.70449 21.13868 22.64376 24.05615 25.37793 26.85165 
9.96092 8.52389 1.4 7.06143 9.930139999999998 8.457239999999999 5.727919999999999 4.18692 2.77977 0 1.46241 2.84259 4.23647 5.6579999999999995 7.00674 11.32124 12.765839999999999 14.182979999999999 15.50448 16.92472 18.35891 19.86399 21.27638 22.59816 24.07188 
8.49851 7.06148 2.8624099999999997 8.52384 11.39255 9.91965 7.190329999999999 5.649329999999999 4.242179999999999 1.46241 0 1.38018 2.77406 4.19559 5.54433 9.85883 11.303429999999999 12.720569999999999 14.042069999999999 15.462309999999999 16.8965 18.40158 19.813969999999998 21.135749999999998 22.609469999999998 
7.11833 5.6813 4.24259 9.90402 12.77273 11.29983 8.570509999999999 7.029509999999999 5.62236 2.84259 1.38018 0 1.39388 2.81541 4.16415 8.47865 9.92325 11.34039 12.66189 14.08213 15.51632 17.0214 18.43379 19.75557 21.22929 
5.72445 4.28742 5.636469999999999 11.2979 14.166609999999999 12.69371 9.96439 8.42339 7.016239999999999 4.23647 2.77406 1.39388 0 1.42153 2.77027 7.08477 8.52937 9.94651 11.26801 12.68825 14.122440000000001 15.62752 17.03991 18.36169 19.83541 
4.30292 2.8658900000000003 7.058 12.719430000000001 15.58814 14.11524 11.38592 9.84492 8.43777 5.658 4.19559 2.81541 1.42153 0 1.34874 5.66324 7.10784 8.524980000000001 9.846480000000001 11.266720000000001 12.70091 14.20599 15.61838 16.94016 18.41388 
2.95418 1.51715 8.406740000000001 14.068170000000002 16.936880000000002 15.463980000000003 12.734660000000002 11.193660000000001 9.786510000000002 7.006740000000001 5.54433 4.16415 2.77027 1.34874 0 4.3145 5.7591 7.17624 8.49774 9.91798 11.352170000000001 12.85725 14.26964 15.591420000000001 17.06514 
1.36032 2.79735 12.72124 18.38267 21.25138 19.778480000000002 17.04916 15.50816 14.10101 11.32124 9.85883 8.47865 7.08477 5.66324 4.3145 0 1.4446 2.86174 4.18324 5.603479999999999 7.037669999999999 8.54275 9.95514 11.27692 12.75064 
2.80492 4.24195 14.16584 19.827270000000002 22.695980000000002 21.223080000000003 18.49376 16.95276 15.54561 12.765839999999999 11.303429999999999 9.92325 8.52937 7.10784 5.7591 1.4446 0 1.41714 2.73864 4.15888 5.59307 7.09815 8.51054 9.832320000000001 11.306040000000001 
4.22206 5.65909 15.58298 21.244410000000002 24.113120000000002 22.640220000000003 19.9109 18.3699 16.96275 14.182979999999999 12.720569999999999 11.34039 9.94651 8.52498 7.17624 2.86174 1.41714 0 1.3215 2.74174 4.17593 5.681010000000001 7.093400000000001 8.415180000000001 9.888900000000001 
5.54356 6.98059 16.90448 22.565910000000002 25.434620000000002 23.961720000000003 21.232400000000002 19.6914 18.28425 15.50448 14.042069999999999 12.66189 11.26801 9.84648 8.49774 4.1832400000000005 2.73864 1.3215 0 1.42024 2.85443 4.35951 5.7719000000000005 7.093680000000001 8.567400000000001 
6.9638 8.40083 18.324719999999996 23.98615 26.85486 25.38196 22.652639999999998 21.111639999999998 19.704489999999996 16.924719999999997 15.462309999999999 14.08213 12.68825 11.26672 9.91798 5.60348 4.15888 2.74174 1.42024 0 1.43419 2.93927 4.35166 5.673439999999999 7.1471599999999995 
8.39799 9.83502 19.758909999999997 25.42034 28.28905 26.81615 24.08683 22.54583 21.138679999999997 18.358909999999998 16.8965 15.51632 14.122440000000001 12.70091 11.352170000000001 7.037669999999999 5.593069999999999 4.175929999999999 2.85443 1.43419 0 1.50508 2.91747 4.23925 5.71297 
9.90307 11.3401 21.263989999999996 26.92542 29.79413 28.32123 25.59191 24.05091 22.643759999999997 19.863989999999998 18.40158 17.0214 15.62752 14.20599 12.85725 8.54275 7.09815 5.681010000000001 4.35951 2.93927 1.50508 0 1.41239 2.7341699999999998 4.20789 
11.315459999999998 12.752489999999998 22.676379999999995 28.337809999999998 31.206519999999998 29.73362 27.004299999999997 25.463299999999997 24.056149999999995 21.276379999999996 19.813969999999998 18.43379 17.03991 15.618379999999998 14.269639999999999 9.955139999999998 8.510539999999999 7.093399999999999 5.7719 4.35166 2.91747 1.41239 0 1.32178 2.7954999999999997 
12.637239999999998 14.074269999999999 23.998159999999995 29.659589999999998 32.5283 31.0554 28.326079999999997 26.785079999999997 25.377929999999996 22.598159999999996 21.135749999999998 19.75557 18.36169 16.94016 15.59142 11.276919999999999 9.83232 8.41518 7.09368 5.67344 4.23925 2.7341699999999998 1.32178 0 1.47372 
14.11096 15.54799 25.471879999999995 31.133309999999998 34.00202 32.52912 29.799799999999998 28.258799999999997 26.851649999999996 24.071879999999997 22.609469999999998 21.22929 19.83541 18.41388 17.06514 12.75064 11.306040000000001 9.888900000000001 8.567400000000001 7.14716 5.71297 4.20789 2.7954999999999997 1.47372 0 
