62
loc148 loc67 loc157 loc120 loc22 loc129 loc75 loc102 loc189 loc126 loc108 loc171 loc135 loc180 loc54 loc153 loc55 loc172 loc100 loc163 loc109 loc199 loc136 loc164 loc74 loc110 loc137 loc38 loc113 loc155 loc131 loc14 loc68 loc125 loc86 loc80 loc179 loc35 loc107 loc26 loc169 loc187 loc124 loc97 loc133 loc150 loc195 loc177 loc24 loc123 loc30 loc183 loc21 loc85 loc184 loc95 loc151 loc34 loc43 loc115 loc13 loc0
0 210114832.81059998 307553317.69736 424482135.64655 414171551.03801 371885210.32045 412872542.16731 565607615.43287 669481939.9422001 926115412.80338 952614467.9135101 822375601.0864801 759598558.4826801 586036586.9283199 655329728.3677 573662780.54294 681412775.4135001 729266407.7599701 699552397.6775401 513546224.84977996 387778551.9748 569215423.63639 640942618.76341 463505502.5231 686777448.41057 824517662.96721 432221396.59016 360406291.95182 430439819.11594 533296526.01066 667374521.62825 543617784.38266 506748015.39526 686132592.2360299 542571080.54757 873903532.6439099 1039539308.3222599 976026355.0192599 969571103.45291 870651812.3779199 672013589.6268 578469048.10899 632813985.79482 725456429.17843 801570218.0083998 890660282.6159599 1052048746.86576 1132268047.39652 1076441581.5403798 799277633.4650298 697002166.4554799 520630156.40856993 497888731.28938997 257533072.37958997 154313570.20009 277155587.73528004 388231391.17108 480643288.12610996 475720467.53960997 386453661.40621996 221514145.39705002 73083841.57204 
210114832.81059998 0 106449971.16218 233695011.53919 213068204.50283003 169745637.29725 210795788.32297 374820491.32551 478694815.83484006 735328288.6960199 761827343.80615 631588476.97912 568811434.37532 395249462.82096 464542604.26034 486395436.83009 681704889.825 701149550.8802099 775416359.69269 463324083.72507995 498186823.33475 679529568.1851699 751256763.3121899 650669613.52478 876848827.2573 1014589041.81394 600656563.70552 555230579.98795 640527469.7205 743384176.61522 877481394.90231 753724657.65672 716854888.66932 896239465.5100899 752677953.82163 1084010405.91797 1249646181.59632 1138786720.18833 1132331468.62198 1033412177.5469899 834773954.79587 741229413.27806 795574350.96389 888216794.3475 964330583.1774698 1053420647.7850299 1006367221.42872 931164700.8613399 875338235.0051999 598174286.92985 495898819.9203 319526809.87339 296785384.75421 268493513.25321 325884450.74078 469590245.34807 550991756.34015 643403653.29518 638480832.7086799 549214026.57529 282592674.98967004 139729403.66112 
307553317.69736 106449971.16218 0 127245040.37701 106618233.34065 64508652.3798 105319224.46995 268370520.16333002 372244844.67266 628878317.53384 655377372.64397 525138505.81694 462361463.21314 288799491.65878 358092633.09816 379945465.66791 575254918.66282 594699579.71803 714841323.9299301 356874112.5629 578590327.48173 759933072.33215 831660267.45917 731073117.6717601 957252331.4042801 1094992545.96092 681060067.8525001 647847684.11977 737965954.60726 840822661.50198 974919879.78907 851163142.54348 814293373.55608 993677950.3968499 850116438.70839 1181448890.80473 1203676909.59234 1073086678.3458699 1066631426.7795199 967712135.7045299 769073912.9534099 675529371.4355999 729874309.1214299 822516752.5050399 898630541.3350099 973565866.58461 899917250.2665399 824714729.69916 768888263.84302 491724315.76767004 389448848.75812 213076838.71121 190335413.59203 162043542.09103 398296560.93112 567028730.2348299 485291714.49768996 577703611.4527199 572780790.86622 483513984.73283 188170455.11842 237167888.54788 
424482135.64655 233695011.53919 127245040.37701 0 90424633.50812 98491579.13303 104942492.85684 141125479.78632 244999804.29565 501633277.15683 528132332.26696 397893465.43993 335116422.83613 161554451.28177 230847592.72115 294581606.14706004 489891059.14197004 509335720.19718003 629477464.40908 271510253.04205 507510423.25513995 675873350.23478 747600545.3618 796795744.3327799 1016569537.0894499 1154309751.6460898 748998665.4105899 754222010.01831 854894772.55645 948002597.18774 1091848697.73826 968091960.49267 931222191.50527 1110606768.34604 967045256.65758 1298377708.75392 1330921949.9693499 1200331718.72288 1193876467.15653 1094957176.0815399 896318953.3304199 802774411.8126099 857119349.4984399 949761792.8820499 1025875581.7120198 991476008.39747 917827392.0794 842624871.51202 786798405.65588 509634457.58053005 407358990.57098 230986980.52407002 298488417.60308003 289288582.46804 525541601.30812997 683957548.18402 612536754.8747 704948651.8297299 700025831.2432299 610759025.1098399 315415495.49543 354096706.49707 
414171551.03801 213068204.50283003 106618233.34065 90424633.50812 0 128366474.66323 169416625.68895 231550113.29444 317666394.34966004 556347751.56672 582846806.67685 452607939.84981996 389830897.24601996 216124271.06548 285217871.94872 275782927.7745 471092380.76941 490537041.82462 610678786.03652 252711574.66948998 488711744.88258004 657074671.8622199 728801866.9892399 777997065.96022 997770858.71689 1135511073.27353 730199987.0380299 735423331.6457499 844584187.94791 929203918.81518 1081538113.12972 957781375.88413 920911606.89673 1100296183.7375 956734672.04904 1288067124.14538 1310295142.93299 1179704911.68652 1173249660.12017 1074330369.04518 875692146.29406 782147604.77625 836492542.46208 929134985.8456901 1005248774.67566 1047315395.9775602 973666779.6594901 898464259.09211 842637793.23597 565473845.16062 463198378.15107 286826368.10416 296953646.93268 268661775.43168 504914794.27177006 673646963.57548 591909947.83834 684321844.79337 679399024.2068701 590132218.0734801 294788688.45907 343786121.88853 
371885210.32045 169745637.29725 64508652.3798 98491579.13303 128366474.66323 0 41050151.02572 210198705.59681 339679086.56981003 599449090.25728 625948145.36741 495709278.54038 432932235.93658 259225609.75604 328319210.63928 393073185.28009 588382638.275 607827299.33021 727969043.5421101 370001832.17508 606002002.38817 774364929.3678101 846092124.4948301 795405010.29485 1021584224.02737 1159324438.58401 745391960.47559 712179576.74286 802297847.23035 905154554.12507 1039251772.41216 915495035.1665701 878625266.17917 1058009843.0199399 914448331.33148 1245780783.42782 1268185561.9721398 1137595330.72567 1131140079.15932 1032220788.08433 833582565.33321 740038023.8154 794382961.50123 887025404.88484 963139193.71481 918948921.31433 845300304.9962599 770097784.42888 714271318.5727401 437107370.49739003 334831903.48784 158459893.44093 199996838.47005 226552194.47083 462805213.31092 631360622.8579199 549800366.87749 642212263.83252 637289443.24602 548022637.11263 252679107.49822 301499781.17097 
412872542.16731 210795788.32297 105319224.46995 104942492.85684 169416625.68895 41050151.02572 0 176114630.47766 305612319.31637 584411745.3799701 610910800.4901 478244226.79362 417894891.05927 257736609.11536 326830209.9986 396827052.77575 592136505.7706599 614278213.0540199 734419957.26592 376452745.89888996 612452916.11198 780815843.0916201 852543038.2186401 836392342.14171 1062571555.87423 1200311770.43087 786379292.3224499 753166908.58972 843285179.07721 946141885.9719299 1080239104.25902 956482367.01343 919612598.02603 1098997174.8667998 955435663.17834 1286768115.27468 1308996134.0622902 1178405902.81582 1171950651.24947 1073031360.17448 874393137.42336 780848595.90555 835193533.59138 927835976.97499 1003949765.8049599 887804210.85953 814155594.5414599 738953073.97408 683126608.11794 405962660.04259 303687193.03304 127315182.98613 241046989.49577 267362766.56098002 503615785.40107006 672347954.7047799 590610938.96764 683022835.92267 678100015.33617 588833209.20278 293489679.58837 342487113.01783 
565607615.4328699 374820491.32551 268370520.16333002 141125479.78632 231550113.29444 210198705.59681 176114630.47766 0 129497688.83871 408297114.90231 434796170.01243997 302129596.31596 241780260.58161 134866439.15621 174762296.99661 301533653.66824996 496843106.66315997 491812584.80491996 686400261.1426499 321104969.89094 580956841.60822 742935112.3544999 814662307.4815199 870242162.6858599 1090015955.44253 1227756169.9991698 822445083.76367 827668428.37139 947005378.4588 1021449015.54082 1206957235.25395 1109217440.27899 1072347671.29159 1251732248.13236 1108170736.4439 1439503188.54024 1472047429.75567 1341457198.5092 1335001946.94285 1236082655.86786 1037444433.11674 943899891.59893 998244829.28476 1090887272.6683702 1148231095.47139 1000700019.72408 927051403.4060099 851848882.8386298 796022416.9824898 518858468.90714 416583001.89759 240210991.85068 410195544.06686 430414062.25436 666667081.09445 825083027.97034 753662234.66102 846074131.61605 841151311.0295501 751884504.8961601 456540975.28175 495222186.28339 
669481939.9422 478694815.83484 372244844.67266 244999804.29565 317666394.34966004 339679086.56981003 305612319.31637 129497688.83871 0 283063250.82837 305666535.247 172631907.47725 117783012.61056 127144031.59861 103756973.50825 263737331.71024 459046784.70515 455564769.8675 650152446.20523 304471233.41624 609083809.7535299 726301375.8798 798028571.00682 898369130.8311698 1118142923.5878398 1255883138.1444798 851419810.30766 856643154.91538 975980105.00279 1050423742.08481 1235931961.79794 1213091764.78832 1176221995.80092 1355606572.64169 1212045060.95323 1543377513.04957 1575921754.2649999 1445331523.0185301 1438876271.4521801 1339956980.37719 1141318757.62607 1047774216.1082599 1102119153.7940898 1194761597.1777 1270875386.00767 1129017696.36551 1055369080.04744 980166559.48006 924340093.62392 647176145.54857 544900678.5390201 368528668.49211 539675925.03986 534288386.76369 770541405.6037799 928957352.47967 857536559.17035 949948456.1253799 945025635.5388799 855758829.4054899 560415299.79108 599096510.79272 
926115412.8033799 735328288.6960199 628878317.53384 501633277.15682995 556347751.56672 599449090.25728 584411745.3799701 408297114.90231 283063250.82837 0 34731993.27948 110431343.35112 166516854.3207 340223480.50124 273332307.61697996 380850770.91643 509025549.28865004 461171916.94218004 655759593.2799101 441907129.86168 745579902.94688 818774809.3578501 843119461.17436 1034865224.0245199 1254639016.7811902 1392379231.33783 996097124.4509 1001380659.22499 1120717609.3124 1195161246.39442 1380669466.10755 1363328744.82657 1332381314.34461 1511765891.1853797 1368204379.4969199 1699536831.5932598 1832555227.1261797 1701964995.87971 1695509744.31336 1596590453.23837 1397952230.4872499 1304407688.96944 1358752626.65527 1451395070.0388799 1527508858.86885 1408890550.4826698 1335241934.1646 1260039413.59722 1204212947.74108 927048999.6657299 824773532.6561799 648401522.60927 799445928.72733 790921859.62487 1027174878.4649599 1155731048.2053099 1114170032.03153 1206581928.9865599 1201659108.40006 1112392302.26667 817048772.65226 855729983.6538999 
952614467.91351 761827343.80615 655377372.64397 528132332.26696 582846806.67685 625948145.36741 610910800.4901 434796170.01244 305666535.247 34731993.27948 0 133034627.76975 193015909.43083 366722535.61136997 299831362.72711 403454055.33506 511664347.0458 463810714.69933 658398391.03706 464510414.28031 768183187.36551 821413607.115 845758258.93151 1057468508.4431499 1277242301.19982 1414982515.75646 1018700408.86953 1023983943.64362 1143320893.73103 1217764530.81305 1403272750.52618 1385932029.2452002 1354984598.76324 1534369175.6040099 1390807663.91555 1722140116.01189 1859054282.23631 1728464050.98984 1722008799.42349 1623089508.3485 1424451285.59738 1330906744.07957 1385251681.7654 1477894125.14901 1554007913.97898 1434684231.6125097 1361035615.29444 1285833094.72706 1230006628.8709202 952842680.79557 850567213.78602 674195203.73911 825944983.8374599 817420914.735 1053673933.5750899 1178334332.62394 1140669087.14166 1233080984.09669 1228158163.51019 1138891357.3768 843547827.76239 882229038.76403 
822375601.0864799 631588476.97912 525138505.81693995 397893465.43992996 452607939.84981996 495709278.54038 478244226.79362 302129596.31596 172631907.47725 110431343.35112 133034627.76975 0 62777042.6038 236483668.78434 167441715.76009 270419427.56531 398594205.93753004 350740573.59106004 545328249.9287901 331475786.51056 635148559.59576 708343466.0067301 732688117.82324 924433880.6733999 1144207673.43007 1281947887.9867098 885665781.09978 890949315.87387 1010286265.96128 1084729903.0433 1270238122.75643 1252897401.47545 1221949970.99349 1401334547.8342597 1257773036.1457999 1589105488.2421398 1728815415.4092798 1598225184.16281 1591769932.59646 1492850641.52147 1294212418.77035 1200667877.2525399 1255012814.9383698 1347655258.3219798 1423769047.15195 1301649603.84276 1228000987.52469 1152798466.95731 1096972001.1011698 819808053.0258199 717532586.0162699 541160575.96936 695706117.01043 687182047.90797 923435066.7480599 1045299704.85419 1010430220.3146299 1102842117.26966 1097919296.6831598 1008652490.5497699 713308960.93536 751990171.9369999 
759598558.48268 568811434.37532 462361463.21314 335116422.83613 389830897.24601996 432932235.93658 417894891.05927 241780260.58161 117783012.61056 166516854.3207 193015909.43083 62777042.6038 0 173706626.18054 106815453.29628 228630162.67144 385635389.60341 337781757.25694 532369433.59467 289686521.61669 593359294.70189 691735474.1662999 719729301.48912 882644615.7795299 1102418408.5362 1240158623.09284 843876516.20591 849160050.98 968497001.06741 1042940638.14943 1228448857.86256 1211108136.58158 1180160706.09962 1359545282.9403899 1215983771.25193 1547316223.34827 1666038372.80548 1535448141.55901 1528992889.99266 1430073598.91767 1231435376.16655 1137890834.64874 1192235772.33457 1284878215.71818 1360992004.54815 1242373696.1619701 1168725079.8439 1093522559.27652 1037696093.4203799 760532145.34503 658256678.33548 481884668.28857 632929074.40663 624405005.30417 860658024.1442599 1003510439.9603201 947653177.71083 1040065074.6658599 1035142254.07936 945875447.94597 650531918.33156 689213129.3332 
586036586.9283199 395249462.82096 288799491.65878 161554451.28177 216124271.06548 259225609.75604 257736609.11536 134866439.15621 127144031.59861 340223480.50124 366722535.61136997 236483668.78434 173706626.18054 0 69356956.34645 166667214.51204 361976667.50695 356946145.64871 551533821.98644 191247083.48424 482787536.55359995 613077225.9477999 684804421.0748199 772072857.6312399 991846650.3879099 1129586864.9445498 724275778.7090499 729499123.31677 848836073.4041799 923279710.4862 1108787930.1993299 1092084350.51198 1061136920.03002 1240521496.87079 1096959985.1823301 1428292437.27867 1492476401.2511196 1361886170.0046499 1355430918.4383 1256511627.3633099 1057873404.6121899 964328863.0943799 1018673800.7802099 1111316244.16382 1187430032.99379 1118633909.3108602 1044985292.99279 969782772.4254099 913956306.5692699 636792358.49392 534516891.48437 358144881.43746 459222448.22609 450843033.74981 687096052.5898999 845511999.46579 774091206.15647 866503103.1114999 861580282.5249999 772313476.3916099 476969946.7772 515651157.77884 
655329728.3677 464542604.26034003 358092633.09816 230847592.72115 285217871.94872 328319210.63928 326830209.9986 174762296.99661 103756973.50825 273332307.61697996 299831362.72711 167441715.76009 106815453.29628 69356956.34645 0 159980358.20199 355289811.1969 380930097.63502 575517773.97275 221036717.14724 524709490.23244 623085669.69685 694812864.82387 813994811.3100799 1033768604.0667499 1171508818.62339 775126701.2535299 780350045.8612499 899686995.9486599 974130633.03068 1159638852.74381 1142458332.11213 1111510901.63017 1290895478.4709399 1147333966.78248 1478666418.87882 1561769542.6904998 1431179311.44403 1424724059.87768 1325804768.80269 1127166546.05157 1033622004.53376 1087966942.21959 1180609385.6032002 1256723174.43317 1170145277.94451 1096496661.62644 1021294141.05906 965467675.20292 688303727.12757 586028260.11802 409656250.07111 528316049.10933006 520136175.18919003 756389194.02928 914805140.90517 843384347.59585 935796244.55088 930873423.96438 841606617.8309901 546263088.21658 584944299.21822 
573662780.54294 486395436.83009005 379945465.66791004 294581606.14706004 275782927.7745 393073185.28009003 396827052.77575 301533653.66824996 263737331.71024 380850770.91643 403454055.33506 270419427.56531 228630162.67144 166667214.51204 159980358.20199 0 195309452.99491 220949739.43302998 415537415.77075994 61056358.94525 364729132.03045 463105311.49486005 534832506.62188005 654014453.1080899 873788245.8647599 1011528460.4214 615246353.53447 620529888.30856 739866838.39597 814310475.47799 999818695.19112 982477973.9101399 951530543.42818 1130915120.26895 987353608.58049 1318686060.67683 1484321836.35518 1440338241.35812 1419608439.8274798 1347657601.37244 1149019378.62132 1055474837.1035099 1109819774.78934 1202462218.17295 1278576007.00292 1265061938.85808 1191413322.54001 1116210801.97263 1060384336.1164899 783220388.04114 680944921.03159 504572910.98468006 570280879.25994 541989007.75894 724479901.45437 774880277.28888 865237180.1656 957649077.1206299 952726256.5341299 863459450.4007399 568115920.78633 560034674.81588 
681412775.4135001 681704889.825 575254918.6628201 489891059.14197004 471092380.76941 588382638.2750001 592136505.77066 496843106.66316 459046784.70515 509025549.28865004 511664347.0458 398594205.93753004 385635389.60341 361976667.50695 355289811.1969 195309452.99491 0 47853632.34647 242441308.6842 256365811.94016 293634223.4387 390628860.99746 429801176.57865 582919544.51634 802693337.27301 940433551.82965 544151444.94272 581268626.97334 700605577.06075 775049214.14277 960557433.8559 943900137.77512 1012522298.6257 1191906875.46647 1048345363.77801 1379677815.87435 1545313591.5527 1501329996.55564 1480600195.0249999 1445364798.91498 1344328831.61623 1250784290.0984201 1305129227.7842503 1397771671.16786 1473885459.9978302 1460371391.8529897 1386722775.53492 1311520254.96754 1255693789.1114001 978529841.03605 876254374.0265 699882363.97959 765590332.2548501 737298460.7538501 832229896.32493 852027595.80786 1060546633.1605101 1152958530.11554 1148035709.52904 1058768903.3956501 763425373.7812401 668148945.3272 
729266407.7599701 701149550.8802099 594699579.71803 509335720.1971799 490537041.82461995 607827299.33021 614278213.0540199 491812584.80492 455564769.8675 461171916.94218004 463810714.69933 350740573.59106004 337781757.25694 356946145.64871 380930097.63502 220949739.43302998 47853632.34647 0 194587676.33773 249706412.28235 341487855.78517 357602892.41567 381947544.23218 630773176.86281 850546969.61948 988287184.17612 592005077.28919 629122259.31981 748459209.40722 822902846.48924 1008411066.20237 991753770.12159 1060375930.9721701 1239760507.8129401 1096198996.1244802 1427531448.2208202 1593167223.8991702 1549183628.90211 1528453827.37147 1493218431.26145 1363773492.67144 1270228951.15363 1324573888.83946 1417216332.22307 1493330121.05304 1475580054.95957 1401931438.6415 1326728918.07412 1270902452.2179801 993738504.14263 891463037.13308 715091027.0861701 785034993.31006 756743121.80906 880083528.6714001 899881228.1543301 1079991294.21572 1172403191.17075 1167480370.58425 1078213564.45086 782870034.83645 716002577.67367 
699552397.6775401 775416359.69269 714841323.92993 629477464.40908 610678786.03652 727969043.54211 734419957.26592 686400261.1426499 650152446.20523 655759593.27991 658398391.03706 545328249.92879 532369433.59467 551533821.98644 575517773.97275 415537415.77075994 242441308.6842 194587676.33773 0 375434256.63786 311773845.70274 163015216.07794 187359867.89445 483661621.95182 713566433.25521 851306647.8118501 477394709.84147 547168376.01209 657841037.53659 696073620.16277 881581839.8759 864924543.79512 991724068.20575 1179407624.7349398 1035376131.95734 1367178565.14282 1532814340.8211699 1488830745.8241098 1468100944.2934697 1432865548.1834497 1371565987.3043401 1278021445.7865303 1332366383.4723601 1425008826.85597 1501122615.68594 1590212680.2935 1547304856.48848 1472102335.9211001 1416275870.0649602 1139111921.9896102 1036836454.9800601 860464444.93315 905176737.52196 865401538.6115 850369518.58897 870167218.0719 1087783788.8486202 1180195685.8036501 1175272865.21715 1086006059.08376 829382611.6289601 686288567.59124 
513546224.84977996 463324083.72508 356874112.5629 271510253.04205 252711574.66948998 370001832.17508 376452745.89889 321104969.89094 304471233.41624 441907129.86168 464510414.28031 331475786.51056 289686521.61669004 191247083.48424 221036717.14724 61056358.94525 256365811.94016 249706412.28235 375434256.63786 0 304612576.33729 421830142.46356 493557337.59058 593897897.41493 813671690.1716 951411904.72824 555129797.84131 560413332.6154 679750282.7028099 754193919.78483 939702139.49796 922361418.21698 891413987.73502 1070798564.5757899 927237052.88733 1258569504.98367 1424205280.66202 1380221685.66496 1359491884.1343198 1324256488.0242999 1125948025.51631 1032403483.9984999 1086748421.68433 1179390865.06794 1255504653.8979099 1262986261.43952 1189337645.12145 1114135124.55407 1058308658.6979299 781144710.6225799 678869243.61303 502497233.56612 547209526.15493 518917654.65393 664363345.76121 714763721.5957199 842165827.0605899 934577724.0156199 929654903.4291198 840388097.2957299 545044567.68132 499918119.12272 
387778551.9748 498186823.33475006 578590327.48173 507510423.25513995 488711744.88258 606002002.38817 612452916.11198 580956841.60822 609083809.75353 745579902.94688 768183187.36551 635148559.59576 593359294.70189 482787536.55359995 524709490.23244 364729132.03045 293634223.4387 341487855.78517 311773845.70274 304612576.33729 0 181436871.66159 253164066.78861 289285321.07764 509059113.83430994 646799328.39095 250517221.50401998 287773448.59817004 407110398.68558 481554035.76760006 667062255.48073 650404959.39995 719567320.29358 898951897.1343501 755390385.4458901 1086722837.5422301 1252358613.22058 1208375018.22352 1187645216.6928802 1152409820.58286 1059792141.6015999 966247600.08379 1020592537.76962 1113234981.1532302 1189348769.9832 1278438834.59076 1425337815.33454 1350135294.76716 1294308828.91102 1017144880.8356699 914869413.8261199 738497403.77921 768925741.07376 588172002.25356 538595672.88623 559072617.47574 776009943.14588 868421840.10091 863499019.51441 774232213.3810201 551608033.3158 406796126.96113 
569215423.6363901 679529568.1851699 759933072.33215 675873350.23478 657074671.86222 774364929.36781 780815843.09162 742935112.3545 726301375.8798001 818774809.35785 821413607.115 708343466.00673 691735474.1663 613077225.9477999 623085669.6968501 463105311.49486 390628860.99746 357602892.41567 163015216.07794 421830142.46356 181436871.66159 0 71727195.12702 320646405.87388 550551217.17727 688291431.7339101 314379493.76353 384153159.93415 494825821.45865 533058404.08483005 718566623.79796 701909327.71718 828708852.12781 1016392408.6569998 872360915.8794 1204163349.06488 1369799124.7432299 1325815529.7461698 1305085728.2155297 1269850332.1055098 1241229013.26319 1147684471.7453802 1202029409.43121 1294671852.81482 1370785641.6447902 1459875706.25235 1593700742.31418 1518498221.7468 1462671755.89066 1185507807.81531 1083232340.80576 906860330.75885 950268485.92418 769514747.10398 720032544.5478201 740509489.1373299 957446814.8074701 1049858711.7625 1044935891.1760001 955669085.0426102 733044904.97739 588232998.62272 
640942618.7634101 751256763.3121899 831660267.4591699 747600545.3618 728801866.9892399 846092124.4948299 852543038.21864 814662307.4815199 798028571.00682 843119461.1743599 845758258.93151 732688117.8232399 719729301.48912 684804421.07482 694812864.82387 534832506.62187994 429801176.57865 381947544.23218 187359867.89445 493557337.59058 253164066.78861 71727195.12702 0 347432762.39207995 577337573.69547 715077788.25211 341165850.28173 410939516.45235 521612177.97685003 559844760.60303 745352980.31616 728695684.2353799 855495208.64601 1043178765.1752 899147272.3975999 1230949705.58308 1396585481.26143 1352601886.26437 1331872084.7337298 1296636688.62371 1312956208.3902102 1219411666.8724 1273756604.55823 1366399047.94184 1442512836.77181 1531602901.37937 1665427937.4412 1590225416.87382 1534398951.0176802 1257235002.9423301 1154959535.93278 978587525.88587 1021995681.0511999 841241942.231 791759739.67484 792218635.01507 1029174009.9344901 1121585906.8895202 1116663086.30302 1027396280.16963 804772100.10441 659960193.74974 
463505502.5231 650669613.52478 731073117.6717601 796795744.33278 777997065.9602201 795405010.2948501 836392342.14171 870242162.68586 898369130.8311701 1034865224.02452 1057468508.44315 924433880.6734 882644615.77953 772072857.63124 813994811.31008 654014453.10809 582919544.51634 630773176.86281 483661621.95182 593897897.41493 289285321.07764 320646405.87388 347432762.39207995 0 229904811.30339 367645025.86003 51268484.12902 103099210.57128 185556461.48991 212411998.21095002 397920217.92408 381262921.8433 519095199.33484006 706778755.8640299 562747263.0864301 894549696.27191 1060185471.9502599 1016201876.9531999 995472075.42256 960236679.3125399 1115223567.98683 1021679026.4690199 1076023964.15485 1168666407.53846 1244780196.36843 1333870260.9759898 1495258725.2257898 1555787847.3709202 1499961381.5147803 1222797433.4394302 1120521966.4298801 944149956.3829701 921408531.2637901 706839452.61481 569270570.24534 503798334.29137 831441369.5311099 923853266.4861399 918930445.8996398 829663639.7662499 670820437.6171299 526008531.26245993 
686777448.41057 876848827.2573 957252331.40428 1016569537.0894499 997770858.7168899 1021584224.02737 1062571555.8742299 1090015955.44253 1118142923.5878398 1254639016.78119 1277242301.19982 1144207673.43007 1102418408.5361998 991846650.3879099 1033768604.0667499 873788245.8647599 802693337.27301 850546969.61948 713566433.2552099 813671690.1715999 509059113.83430994 550551217.1772699 577337573.69547 229904811.30339 0 137740214.55664 280861829.22923 326371156.45875 394286304.89083993 399539825.30806 585048045.0211899 568390748.94041 727937292.10893 915620848.6381199 771589355.8605199 1103391789.046 1269027564.72435 1225043969.72729 1204314168.19665 1169078772.0866299 1338495513.8743 1244950972.35649 1299295910.0423198 1391938353.4259298 1468052142.2559 1557142206.8634598 1718530671.1132598 1781967061.10344 1726140595.2473001 1448976647.17195 1346701180.1624 1170329170.11549 1147587744.99631 930111398.5022799 792542516.13281 712640427.06546 1054713315.4185799 1147125212.37361 1142202391.7871099 1052935585.6537199 894092383.5045999 749280477.1499299 
824517662.96721 1014589041.81394 1094992545.96092 1154309751.64609 1135511073.27353 1159324438.5840101 1200311770.43087 1227756169.99917 1255883138.14448 1392379231.3378298 1414982515.7564597 1281947887.9867098 1240158623.09284 1129586864.94455 1171508818.62339 1011528460.4214 940433551.82965 988287184.17612 851306647.8118501 951411904.7282399 646799328.39095 688291431.7339101 715077788.25211 367645025.86003 137740214.55664 0 418602043.78587 464111371.01539004 532026519.44747996 537280039.8647001 722788259.5778301 706130963.49705 865677506.66557 1053361063.1947598 909329570.41716 1241132003.60264 1406767779.28099 1362784184.2839298 1342054382.7532897 1306818986.6432698 1476235728.43094 1382691186.91313 1437036124.59896 1529678567.98257 1605792356.81254 1694882421.4201 1856270885.6699 1919707275.6600802 1863880809.8039403 1586716861.7285903 1484441394.7190402 1308069384.67213 1285327959.5529501 1067851613.0589199 930282730.68945 850380641.6221 1192453529.97522 1284865426.93025 1279942606.34375 1190675800.21036 1031832598.06124 887020691.7065699 
432221396.59016 600656563.70552 681060067.8525 748998665.4105899 730199987.0380299 745391960.47559 786379292.3224499 822445083.76367 851419810.30766 996097124.4509 1018700408.86953 885665781.09978 843876516.20591 724275778.7090499 775126701.25353 615246353.53447 544151444.94272 592005077.28919 477394709.84147 555129797.8413099 250517221.50401998 314379493.76353 341165850.28173 51268484.12902 280861829.22923 418602043.78586996 0 71815104.63834 180446327.69512 262600427.43092 448108647.14405 431451351.06327 514329358.36428 702012914.89347 557981422.11587 889783855.3013501 1055419630.9797001 1011436035.98264 990706234.4520001 955470838.3419801 1083939462.05389 990394920.5360799 1044739858.2219099 1137382301.60552 1213496090.43549 1302586155.0430498 1463974619.2928498 1505774797.55166 1449948331.6955202 1172784383.62017 1070508916.61062 894136906.56371 871395481.44453 672991376.65581 537986464.3124 499240642.25158 800157263.5981699 892569160.5531999 887646339.9666998 798379533.8333099 636551337.96648 491739430.54571 
360406291.95182 555230579.9879501 647847684.11977 754222010.01831 735423331.64575 712179576.7428601 753166908.58972 827668428.37139 856643154.91538 1001380659.22499 1023983943.64362 890949315.87387 849160050.98 729499123.31677 780350045.8612499 620529888.30856 581268626.97334 629122259.31981 547168376.01209 560413332.6154 287773448.59817004 384153159.93415 410939516.45235 103099210.57128 326371156.45875 464111371.01539004 71815104.63834 0 119336950.08741 193780587.16943 379288806.88256 362631510.80178 453219980.75657 640903537.2857599 496872044.50816 828674477.69364 994310253.37199 950326658.3749299 929596856.84429 894361460.73427 1012124357.4155499 918579815.8977399 972924753.5835699 1065567196.9671799 1141680985.79715 1230771050.4047098 1392159514.6545098 1472562413.8189301 1416735947.9627903 1139571999.8874402 1037296532.8778901 860924522.8309801 838183097.7118001 603740242.04353 466171359.67406 442127462.08106995 728342158.9598299 820754055.9148599 815831235.3283598 726564429.1949699 567721227.04585 422909320.69118005 
430439819.11594 640527469.7205 737965954.60726 854894772.55645 844584187.94791 802297847.23035 843285179.07721 947005378.4588 975980105.00279 1120717609.3123999 1143320893.73103 1010286265.96128 968497001.06741 848836073.4041799 899686995.9486599 739866838.39597 700605577.06075 748459209.40722 657841037.5365901 679750282.7028099 407110398.68558 494825821.45865005 521612177.97685003 185556461.48991 394286304.89083993 532026519.44747996 180446327.69512 119336950.08741 0 113190063.33186 284710619.79756 282040986.96421003 333883030.66916 521566587.19835 377535094.42075 709337527.60623 874973303.28458 830989708.2875199 810259906.75688 775024510.64686 973662733.39798 913444508.9532099 967789446.6390399 1060431890.0226499 1136545678.85262 1225635743.4601798 1387024207.7099798 1489545544.0948 1506854218.4502802 1229690270.3749301 1127414803.36538 951042793.31847 928301368.19929 687945709.28949 444566805.02338 322790511.99366 723206852.0152999 815618748.9703299 810695928.3838298 721429122.2504399 640921419.82261 503523660.68798 
533296526.01066 743384176.61522 840822661.50198 948002597.18774 929203918.8151801 905154554.12507 946141885.9719299 1021449015.54082 1050423742.08481 1195161246.39442 1217764530.8130498 1084729903.0433 1042940638.14943 923279710.4862 974130633.03068 814310475.47799 775049214.14277 822902846.48924 696073620.16277 754193919.78483 481554035.7676 533058404.08483 559844760.60303 212411998.21095002 399539825.30806 537280039.8647 262600427.43092 193780587.16943 113190063.33186 0 185508219.71313 168850923.63235 417462407.45160997 602297942.04677 458736430.35831 790068882.4546499 955704658.133 911721063.1359401 890991261.6053 855755865.49528 1054394088.2464 1016301215.84793 1070646153.53376 1163288596.91737 1239402385.74734 1328492450.3549 1489880914.6046999 1592402250.98952 1609710925.345 1332546977.26965 1230271510.2601 1053899500.21319 1031158075.0940099 790802416.18421 547423511.9181 425647218.88838 826063558.91002 918475455.86505 913552635.2785499 824285829.14516 743778126.71733 606380367.5827 
667374521.62825 877481394.90231 974919879.78907 1091848697.73826 1081538113.12972 1039251772.41216 1080239104.25902 1206957235.25395 1235931961.79794 1380669466.10755 1403272750.5261798 1270238122.75643 1228448857.86256 1108787930.19933 1159638852.74381 999818695.19112 960557433.8559 1008411066.20237 881581839.8759 939702139.49796 667062255.48073 718566623.79796 745352980.31616 397920217.92408 585048045.02119 722788259.5778301 448108647.14405 379288806.88256 284710619.79756 185508219.71313 0 123756737.24559 449376153.04488003 628760729.8856499 485199218.19719 816531670.29353 982167445.97188 938183850.9748199 917454049.44418 882218653.33416 1080856876.08528 1124688517.02445 1179033454.71028 1271675898.09389 1347789686.92386 1436879751.53142 1598268215.78122 1700789552.16604 1743808143.63209 1466644195.55674 1364368728.54719 1187996718.50028 1165255293.3811 924899634.4713 655810813.09462 474859105.37949 934450860.08654 1026862757.04157 1021939936.45507 932673130.3216801 865004177.3623999 740458363.20029 
543617784.38266 753724657.65672 851163142.54348 968091960.49267 957781375.88413 915495035.1665701 956482367.01343 1109217440.27899 1213091764.78832 1363328744.8265698 1385932029.2451997 1252897401.4754498 1211108136.58158 1092084350.51198 1142458332.11213 982477973.9101399 943900137.77512 991753770.12159 864924543.79512 922361418.2169799 650404959.39995 701909327.71718 728695684.23538 381262921.84330004 568390748.94041 706130963.49705 431451351.06327003 362631510.80178 282040986.96421003 168850923.63235 123756737.24559 0 325619415.79929 505003992.64006 361442480.95159996 692774933.04794 858410708.72629 814427113.7292299 793697312.19859 758461916.08857 957100138.83969 1000931779.77886 1055276717.46469 1147919160.8483002 1224032949.67827 1313123014.28583 1474511478.53563 1577032814.9204502 1620051406.3865001 1342887458.31115 1240611991.3016 1064239981.25469 1041498556.13551 801142897.22571 532054075.84903 351102368.1339 810694122.84095 903106019.79598 898183199.20948 808916393.0760901 741247440.11681 616701625.9547 
506748015.39526 716854888.66932 814293373.55608 931222191.50527 920911606.89673 878625266.17917 919612598.02603 1072347671.29159 1176221995.80092 1332381314.34461 1354984598.7632399 1221949970.99349 1180160706.0996199 1061136920.03002 1111510901.6301699 951530543.42818 1012522298.6257001 1060375930.9721701 991724068.20575 891413987.7350199 719567320.29358 828708852.12781 855495208.6460099 519095199.33484 727937292.10893 865677506.66557 514329358.36428 453219980.75657 333883030.66916 417462407.45161 449376153.04488003 325619415.79929 0 308643579.75127 267459985.57314 453804092.71353996 626487715.24592 603368607.3152599 583305324.84955 562101503.19978 760739725.9509 895272721.08639 882064621.69133 1018262324.80107 1174024044.7513201 1263114109.35888 1424502573.60868 1527023909.9935002 1583181637.3991 1306017689.32375 1203742222.3142 1027370212.26729 1004628787.1481099 764273128.23831 482045170.92208004 301093463.20695 760685217.914 853097114.86903 848174294.2825301 758907488.1491401 691238535.18986 579831856.9672999 
686132592.23603 896239465.51009 993677950.39685 1110606768.34604 1100296183.7375 1058009843.01994 1098997174.8668 1251732248.13236 1355606572.64169 1511765891.18538 1534369175.60401 1401334547.83426 1359545282.9403899 1240521496.8707902 1290895478.47094 1130915120.26895 1191906875.46647 1239760507.8129401 1179407624.73494 1070798564.5757899 898951897.1343501 1016392408.6570001 1043178765.1752 706778755.8640299 915620848.6381199 1053361063.19476 702012914.8934699 640903537.2857599 521566587.19834995 602297942.04677 628760729.8856499 505003992.64005995 308643579.75127 0 151879636.12101 187770940.40788 353406716.08623004 309423121.08917 288693319.55853 253457923.44851 452096146.19963 586629141.33512 573421041.94006 709618745.0498 885458957.116 1032990032.8633101 1194455178.87974 1297888170.24376 1358734786.18899 1485402266.16452 1383126799.15497 1206754789.10806 1184013363.98888 943657705.07908 661429747.76285 480478040.04771996 735878344.65535 643466447.70032 850840372.97433 819469453.1015 870623112.03063 759216433.80807 
542571080.54757 752677953.82163 850116438.70839 967045256.65758 956734672.04904 914448331.33148 955435663.17834 1108170736.4439 1212045060.95323 1368204379.4969199 1390807663.9155498 1257773036.1457999 1215983771.25193 1096959985.1823301 1147333966.78248 987353608.58049 1048345363.77801 1096198996.12448 1035376131.95734 927237052.8873299 755390385.44589 872360915.8794 899147272.3975999 562747263.0864301 771589355.86052 909329570.41716 557981422.11587 496872044.50816 377535094.42075 458736430.35831 485199218.1971899 361442480.95159996 267459985.57314 151879636.12101 0 339650576.52889 505286352.20724 461302757.21018 440572955.67954 405337559.56952 603975782.32064 738508777.45613 725300678.06107 861498381.17081 1037338593.23701 1184869668.98432 1346334815.0007498 1449767806.36477 1510614422.31 1341840754.4760602 1239565287.46651 1063193277.4196 1040451852.30042 800096193.39062 517868236.07439005 336916528.35925996 796508283.06631 795346083.82133 883997359.43484 794730553.30145 727061600.34217 615654922.11961 
873903532.6439099 1084010405.91797 1181448890.80473 1298377708.75392 1288067124.14538 1245780783.42782 1286768115.27468 1439503188.54024 1543377513.04957 1699536831.59326 1722140116.01189 1589105488.24214 1547316223.34827 1428292437.27867 1478666418.87882 1318686060.67683 1379677815.87435 1427531448.22082 1367178565.1428201 1258569504.98367 1086722837.54223 1204163349.0648801 1230949705.58308 894549696.27191 1103391789.046 1241132003.60264 889783855.30135 828674477.69364 709337527.60623 790068882.4546499 816531670.29353 692774933.04794 453804092.71353996 187770940.40788 339650576.52889 0 177698883.74969 214195356.76755 190964956.80915 249464654.573 448102877.32412004 582635872.45961 569427773.06455 705625476.1742901 881465688.2404901 1028996763.9878001 1190461910.00423 1293894901.36825 1354741517.31348 1584994380.3917298 1570897739.56285 1394525729.51594 1371784304.39676 1059494812.93492 849200688.17073 668248980.4556 731885075.77984 639473178.82481 846847104.09882 815476184.22599 1029006335.15911 946987374.2159499 
1039539308.32226 1249646181.5963202 1203676909.59234 1330921949.96935 1310295142.93299 1268185561.97214 1308996134.06229 1472047429.75567 1575921754.265 1832555227.1261802 1859054282.2363102 1728815415.4092803 1666038372.8054802 1492476401.25112 1561769542.6905003 1484321836.35518 1545313591.5527003 1593167223.8991704 1532814340.82117 1424205280.66202 1252358613.22058 1369799124.74323 1396585481.26143 1060185471.9502599 1269027564.7243502 1406767779.2809901 1055419630.9797 994310253.37199 874973303.28458 955704658.133 982167445.97188 858410708.72629 626487715.24592 353406716.08623004 505286352.20724005 177698883.74969 0 136242431.91051 157020573.72198 280557959.79313004 434602996.63892996 569135991.77442 555927892.37936 692125595.4891 867965807.5553 1015496883.30261 1176962029.31904 1280395020.6830602 1341241636.6282902 1571494499.7065399 1593125758.35046 1416753748.30355 1394012323.18437 1045994932.2497299 997025242.0865699 833884756.13395 718385195.0946499 625973298.13962 833347223.41363 801976303.5408 1015506454.4739199 1112623149.8943 
976026355.0192599 1138786720.18833 1073086678.3458699 1200331718.72288 1179704911.6865199 1137595330.7256699 1178405902.81582 1341457198.5091999 1445331523.01853 1701964995.87971 1728464050.98984 1598225184.16281 1535448141.55901 1361886170.0046499 1431179311.4440298 1440338241.35812 1501329996.5556402 1549183628.90211 1488830745.82411 1380221685.66496 1208375018.22352 1325815529.74617 1352601886.26437 1016201876.9531999 1225043969.72729 1362784184.2839298 1011436035.9826399 950326658.3749299 830989708.2875199 911721063.13594 938183850.9748199 814427113.7292299 603368607.3152599 309423121.08917 461302757.21018 214195356.76755 136242431.91051 0 26290071.10917 149827457.18032 304012765.39246 438545760.52795 425337661.13289 561535364.24263 737375576.30883 884906652.0561401 1046371798.0725701 1149804789.4365902 1210651405.3818202 1440904268.46007 1462535527.1039898 1286163517.0570798 1263422091.9378998 915404701.0032599 866435010.8400999 789901161.1368899 587794963.8481799 495383066.89315 702756992.1671599 671386072.29433 884916223.2274499 999093852.0149899 
