15
loc40 loc48 loc24 loc7 loc43 loc44 loc26 loc32 loc5 loc38 loc2 loc47 loc37 loc9 loc0
0 361915457.17443 739817003.2291801 883251949.6044 515136971.83973 617572790.08778 943684830.34912 888240544.4619 873679297.1461799 989799088.0186899 1006653046.35175 622932700.8817 348416707.08034 651582796.03035 216142648.05714 
361915457.17443 0 377901546.05475 643471815.08926 544068504.4885399 714634409.39943 1040746449.66077 1152950285.6447802 1209421468.5573702 1325541259.4298801 1368568503.52618 984848158.05613 710332164.25477 1013498253.2047801 540536595.10501 
739817003.2291801 377901546.05475 0 409758090.44242 708172091.4103501 885586930.91909 1210694488.1517901 1323902807.16444 1438448315.4979398 1703442805.48463 1746470049.5809302 1362749704.1108804 1088233710.3095202 1391399799.2595298 864886113.66451 
883251949.6044 643471815.08926 409758090.44242 0 368114977.76467 539203191.17138 826409014.12887 975649645.41036 1092064575.75023 1455858513.4395502 1663762886.86827 1280042541.39822 1079007850.51503 1523238934.2682498 737105157.10332 
515136971.83973 544068504.4885399 708172091.4103501 368114977.76467 0 193928673.58602 502522396.74144 632244549.83137 746790058.16487 1110583995.85419 1295647909.1036 911927563.63355 710892872.75036 1155123956.5035799 368990179.33865 
617572790.08778 714634409.39943 885586930.91909 539203191.17138 193928673.58602 0 326112040.26134 438315876.24535 552861384.57885 916655322.2681701 1148393969.44913 764673623.97908 714440815.48872 1178467462.43666 562918852.92467 
943684830.3491201 1040746449.6607699 1210694488.1517901 826409014.12887 502522396.74144 326112040.26134 0 379636474.45217 603312188.51942 967106126.20874 1221502435.37135 969405016.7953 1040552855.7500602 1504579502.6980002 871512576.08009 
888240544.4619 1152950285.64478 1323902807.16444 975649645.41036 632244549.83137 438315876.24535 379636474.45217 0 223675714.06725 587469651.7565701 841865960.9191802 658981318.63879 809285565.58744 1304640128.3462198 759510081.17388 
873679297.14618 1209421468.55737 1438448315.49794 1092064575.7502298 746790058.16487 552861384.57885 603312188.51942 223675714.06725 0 363793937.68932 618190246.85193 476992968.03753 627297214.9861801 1122651777.74496 744948833.85816 
989799088.01869 1325541259.42988 1703442805.4846299 1455858513.43955 1110583995.8541899 916655322.26817 967106126.2087401 587469651.7565701 363793937.68932 0 254396309.16261 505472501.69519 743417005.85869 1194591580.80663 861068624.73067 
1006653046.35175 1368568503.52618 1746470049.58093 1663762886.86827 1295647909.1036 1148393969.44913 1221502435.37135 841865960.91918 618190246.85193 254396309.16261 0 383720345.47005 658236339.27141 1072839424.58149 932770379.91509 
622932700.8817 984848158.05613 1362749704.1108801 1280042541.39822 911927563.6335499 764673623.97908 969405016.7953 658981318.63879 476992968.03753 505472501.69519 383720345.47005 0 274515993.80136 689119079.1114401 549050034.44504 
348416707.08034 710332164.25477 1088233710.30952 1079007850.51503 710892872.75036 714440815.4887199 1040552855.75006 809285565.58744 627297214.9861801 743417005.85869 658236339.27141 274515993.80136 0 495354562.75878 341979465.34194 
651582796.03035 1013498253.20478 1391399799.25953 1523238934.26825 1155123956.50358 1178467462.43666 1504579502.698 1304640128.34622 1122651777.74496 1194591580.8066301 1072839424.58149 689119079.1114401 495354562.75878 0 786133777.1649301 
216142648.05714 540536595.10501 864886113.66451 737105157.10332 368990179.33865 562918852.92467 871512576.08009 759510081.1738801 744948833.85816 861068624.73067 932770379.91509 549050034.44504 341979465.34194 786133777.16493 0 
