15
loc23 loc31 loc49 loc2 loc27 loc3 loc24 loc42 loc14 loc4 loc22 loc41 loc1 loc34 loc18
0 1013924661.0 1029375591.0 1938697700.0 1493345156.0 1287131415.0 1957110479.0 1746504938.0 1766738074.0 1178463020.0 1089614921.0 1988782094.0 1916387831.0 1743973376.0 1992158086.0 
1013924661.0 0 1850416079.0 1642880228.0 1779115768.0 1603122680.0 1952717237.0 1145550525.0 1319994680.0 1887568317.0 1435363074.0 1539655119.0 1578604802.0 1858667943.0 1275888911.0 
1029375591.0 1850416079.0 0 1036996925.0 1276455700.0 1981793953.0 1123263120.0 1555075527.0 1131531574.0 1254690124.0 1618967588.0 1246160021.0 1617962592.0 1191492915.0 1392397660.0 
1938697700.0 1642880228.0 1036996925.0 0 1091170970.0 1150720343.0 1084316362.0 1241943386.0 1588284495.0 1411978227.0 1391950356.0 1171773502.0 1313035244.0 1706922031.0 1302656167.0 
1493345156.0 1779115768.0 1276455700.0 1091170970.0 0 1265102024.0 1029997872.0 1040364448.0 1438949633.0 1309218720.0 1936189171.0 1506983256.0 1486825628.0 1475927322.0 1537219244.0 
1287131415.0 1603122680.0 1981793953.0 1150720343.0 1265102024.0 0 1008044704.0 1900093203.0 1305356530.0 1241378035.0 1676841325.0 1810274045.0 1430640005.0 1602988822.0 1502820860.0 
1957110479.0 1952717237.0 1123263120.0 1084316362.0 1029997872.0 1008044704.0 0 1028627511.0 1387976357.0 1659601580.0 1834751120.0 1532362804.0 1245006922.0 1727837569.0 1314287726.0 
1746504938.0 1145550525.0 1555075527.0 1241943386.0 1040364448.0 1900093203.0 1028627511.0 0 1905554430.0 1366678424.0 1829098965.0 1781765197.0 1520139778.0 1325014644.0 1765655791.0 
1766738074.0 1319994680.0 1131531574.0 1588284495.0 1438949633.0 1305356530.0 1387976357.0 1905554430.0 0 1266337974.0 1573862971.0 1353453921.0 1908562940.0 1782050807.0 1972111126.0 
1178463020.0 1887568317.0 1254690124.0 1411978227.0 1309218720.0 1241378035.0 1659601580.0 1366678424.0 1266337974.0 0 1467396577.0 1468644991.0 1767348782.0 1114158226.0 1487621426.0 
1089614921.0 1435363074.0 1618967588.0 1391950356.0 1936189171.0 1676841325.0 1834751120.0 1829098965.0 1573862971.0 1467396577.0 0 1567496158.0 1628490432.0 1805330435.0 1554424162.0 
1988782094.0 1539655119.0 1246160021.0 1171773502.0 1506983256.0 1810274045.0 1532362804.0 1781765197.0 1353453921.0 1468644991.0 1567496158.0 0 1973137162.0 1178905291.0 1235827549.0 
1916387831.0 1578604802.0 1617962592.0 1313035244.0 1486825628.0 1430640005.0 1245006922.0 1520139778.0 1908562940.0 1767348782.0 1628490432.0 1973137162.0 0 1431267460.0 1318256733.0 
1743973376.0 1858667943.0 1191492915.0 1706922031.0 1475927322.0 1602988822.0 1727837569.0 1325014644.0 1782050807.0 1114158226.0 1805330435.0 1178905291.0 1431267460.0 0 1071633315.0 
1992158086.0 1275888911.0 1392397660.0 1302656167.0 1537219244.0 1502820860.0 1314287726.0 1765655791.0 1972111126.0 1487621426.0 1554424162.0 1235827549.0 1318256733.0 1071633315.0 0 
