55
loc17 loc47 loc53 loc96 loc98 loc133 loc41 loc177 loc194 loc76 loc154 loc22 loc109 loc23 loc143 loc74 loc100 loc26 loc31 loc69 loc111 loc50 loc66 loc85 loc147 loc79 loc136 loc88 loc73 loc38 loc59 loc15 loc125 loc188 loc180 loc20 loc18 loc172 loc168 loc16 loc156 loc83 loc150 loc77 loc128 loc4 loc191 loc61 loc94 loc93 loc145 loc65 loc36 loc141 loc189
0 1013732101.0 1712302248.0 1518404226.0 1525712380.0 1725932649.0 1093133561.0 1990462084.0 1211593209.0 1791664979.0 1372170060.0 1072784482.0 1531581319.0 1813482489.0 1979832914.0 1678885640.0 1839542016.0 1227733813.0 1811652845.0 1343574869.0 1928244551.0 1248768852.0 1479479110.0 1578160329.0 1683423810.0 1063771061.0 1421264861.0 1687300556.0 1375646549.0 1999730483.0 1288880938.0 1944877755.0 1705887158.0 1766148915.0 1408302638.0 1915145574.0 1343731070.0 1565103368.0 1383308159.0 1575641479.0 1545715775.0 1423055220.0 1523980463.0 1183620817.0 1519401236.0 1925289654.0 1063378698.0 1787319186.0 1978179255.0 1248480231.0 1871711974.0 1033119707.0 1044168497.0 1897228374.0 1001011627.0 
1013732101.0 0 1186764665.0 1860309289.0 1540056535.0 1488194970.0 1047269474.0 1015104000.0 1099419600.0 1488552739.0 1671832048.0 1668867205.0 1822085529.0 1927163660.0 1784507310.0 1832069717.0 1437476513.0 1189004733.0 1406963229.0 1375693287.0 1274625442.0 1144199991.0 1130065948.0 1749528646.0 1651893936.0 1108558870.0 1839273270.0 1182639728.0 1969516113.0 1309876212.0 1268051167.0 1226958343.0 1651284932.0 1469685185.0 1866176510.0 1642806898.0 1440402756.0 1309510423.0 1772154128.0 1038235250.0 1374432144.0 1828293693.0 1256919577.0 1323145008.0 1388989616.0 1674550783.0 1540637428.0 1927254799.0 1514872319.0 1911293884.0 1906967709.0 1528771242.0 1060013785.0 1590701796.0 1364422009.0 
1712302248.0 1186764665.0 0 1343962117.0 1967324464.0 1924830360.0 1893546588.0 1252750751.0 1391733662.0 1446931263.0 1799056671.0 1705497978.0 1056397767.0 1595531219.0 1647622396.0 1799705403.0 1218387430.0 1447948716.0 1936524643.0 1358812008.0 1127220632.0 1456580657.0 1323424675.0 1478756854.0 1940088400.0 1571325885.0 1980586579.0 1102551200.0 1326741544.0 1831110000.0 1244193697.0 1922789292.0 1690551480.0 1404827563.0 1413521526.0 1846853416.0 1312740213.0 1411325299.0 1459677134.0 1553957930.0 1261236931.0 1923217103.0 1561564861.0 1757540477.0 1561597276.0 1851502775.0 1089553610.0 1586544035.0 1456127621.0 1158054589.0 1611674961.0 1963819073.0 1615238151.0 1264389846.0 1899478247.0 
1518404226.0 1860309289.0 1343962117.0 0 1309489339.0 1118676655.0 1426119764.0 1170426309.0 1428701706.0 1779262083.0 1790656404.0 1958670911.0 1695063390.0 1834719971.0 1252809226.0 1879821267.0 1928514964.0 1059038168.0 1133876263.0 1202906056.0 1498123192.0 1552362380.0 1013524248.0 1037277421.0 1680157725.0 1849778027.0 1530682758.0 1422264974.0 1359501730.0 1910991250.0 1005137657.0 1690498119.0 1873285828.0 1393697364.0 1061177718.0 1239175177.0 1690437385.0 1407528453.0 1667729027.0 1792420093.0 1141677307.0 1066387852.0 1758561230.0 1090408159.0 1099987873.0 1179834478.0 1837993690.0 1580457121.0 1138051187.0 1319065078.0 1604055595.0 1379955986.0 1063620416.0 1330765199.0 1494735906.0 
1525712380.0 1540056535.0 1967324464.0 1309489339.0 0 1517744758.0 1210153245.0 1405691738.0 1594749137.0 1503359922.0 1799737301.0 1825831495.0 1713028929.0 1382384854.0 1629925700.0 1550351349.0 1422881733.0 1597938361.0 1699611104.0 1163378636.0 1302455772.0 1985806866.0 1491778986.0 1505476859.0 1394178877.0 1703602713.0 1742016361.0 1314584150.0 1120820972.0 1443545367.0 1964700932.0 1436124061.0 1311912536.0 1271386200.0 1277319438.0 1573068914.0 1368349316.0 1758058095.0 1188899452.0 1647623094.0 1012206607.0 1707007344.0 1710220642.0 1348045968.0 1064676385.0 1947170696.0 1554684863.0 1593763594.0 1286824427.0 1105364627.0 1652163647.0 1431141849.0 1051547412.0 1188686912.0 1118901636.0 
1725932649.0 1488194970.0 1924830360.0 1118676655.0 1517744758.0 0 1088821980.0 1897843652.0 1004630030.0 1450589718.0 1915489402.0 1795539173.0 1511254963.0 1369028807.0 1756020242.0 1211122392.0 1021299430.0 1265270553.0 1294109433.0 1755783085.0 1860357787.0 1361042310.0 1238856018.0 1071117254.0 1721667757.0 1098905388.0 1004376019.0 1721460551.0 1014963453.0 1395611790.0 1533499061.0 1214786041.0 1150869659.0 1686178562.0 1695809874.0 1075364510.0 1146257077.0 1459077274.0 1483432206.0 1314930543.0 1010322116.0 1688432630.0 1968089206.0 1620610786.0 1386597949.0 1943877004.0 1858218160.0 1382613659.0 1181414831.0 1186381777.0 1961811859.0 1276964261.0 1789322882.0 1816860283.0 1734052338.0 
1093133561.0 1047269474.0 1893546588.0 1426119764.0 1210153245.0 1088821980.0 0 1201534123.0 1505570954.0 1877869378.0 1867222077.0 1355159228.0 1309208021.0 1938720083.0 1645714833.0 1643903533.0 1432010646.0 1985394321.0 1066066516.0 1484813778.0 1544356090.0 1457800760.0 1713608888.0 1706346745.0 1036677563.0 1933355498.0 1132685074.0 1555223503.0 1790807353.0 1177158752.0 1566528266.0 1976836816.0 1828572539.0 1166123631.0 1147641980.0 1967922051.0 1174753131.0 1448165593.0 1624423558.0 1251158875.0 1836564040.0 1501450778.0 1980903074.0 1540954371.0 1641097510.0 1605196813.0 1511271439.0 1360224127.0 1945477667.0 1085400201.0 1173723512.0 1387729907.0 1869206843.0 1467034260.0 1693259054.0 
1990462084.0 1015104000.0 1252750751.0 1170426309.0 1405691738.0 1897843652.0 1201534123.0 0 1576030414.0 1169066182.0 1221133983.0 1667182762.0 1490087781.0 1246210527.0 1935463085.0 1695459776.0 1360959647.0 1180792001.0 1460323335.0 1433837487.0 1253810449.0 1685349338.0 1043980408.0 1624305159.0 1946796017.0 1240121134.0 1658870715.0 1728728642.0 1392410082.0 1200407253.0 1014190495.0 1041949930.0 1036531974.0 1251431056.0 1827726789.0 1471431985.0 1021137194.0 1684648336.0 1492215565.0 1557225715.0 1883335213.0 1348093234.0 1575711571.0 1280123533.0 1889680719.0 1611151138.0 1491595177.0 1486732703.0 1352137940.0 1913341215.0 1810019746.0 1922293105.0 1735916462.0 1584557597.0 1285135776.0 
1211593209.0 1099419600.0 1391733662.0 1428701706.0 1594749137.0 1004630030.0 1505570954.0 1576030414.0 0 1003825072.0 1919296522.0 1640003530.0 1281439457.0 1457283158.0 1024097187.0 1645281176.0 1694822302.0 1365305742.0 1116713021.0 1034960429.0 1324713821.0 1899921251.0 1609544762.0 1759319777.0 1609792397.0 1049541691.0 1650011474.0 1357814066.0 1139485851.0 1700734665.0 1014562520.0 1203564445.0 1318539186.0 1653840589.0 1330004738.0 1916099426.0 1716131540.0 1230078827.0 1808212656.0 1991812657.0 1706477679.0 1565698141.0 1859174222.0 1197239483.0 1367767246.0 1692426730.0 1634383160.0 1286669809.0 1323829976.0 1800771865.0 1564456491.0 1395847678.0 1292342503.0 1232546846.0 1201197975.0 
1791664979.0 1488552739.0 1446931263.0 1779262083.0 1503359922.0 1450589718.0 1877869378.0 1169066182.0 1003825072.0 0 1040944067.0 1185151590.0 1085039490.0 1786589079.0 1887220691.0 1233311294.0 1867136917.0 1433129279.0 1829537385.0 1125189597.0 1742869630.0 1091976299.0 1090169520.0 1113024576.0 1833705207.0 1202095079.0 1614502664.0 1367687277.0 1606823770.0 1057815239.0 1609310051.0 1063813239.0 1351789221.0 1694355171.0 1476253778.0 1616531335.0 1931057497.0 1052387557.0 1761415966.0 1909646870.0 1721721746.0 1194183140.0 1426440614.0 1816137410.0 1205395530.0 1407477582.0 1966714567.0 1140353187.0 1970718053.0 1131381422.0 1193277533.0 1680455990.0 1763170922.0 1845307270.0 1587129466.0 
1372170060.0 1671832048.0 1799056671.0 1790656404.0 1799737301.0 1915489402.0 1867222077.0 1221133983.0 1919296522.0 1040944067.0 0 1670517350.0 1960685803.0 1363868551.0 1594937141.0 1915635104.0 1949893577.0 1150240419.0 1437579262.0 1362823069.0 1869663594.0 1122236916.0 1901088301.0 1414087743.0 1122657081.0 1811606500.0 1075156489.0 1273567450.0 1998317486.0 1510234163.0 1746655800.0 1696448716.0 1620030594.0 1335655028.0 1324539315.0 1608332353.0 1143780306.0 1511813180.0 1976578210.0 1621441350.0 1224175509.0 1344641373.0 1746161814.0 1195731684.0 1844240157.0 1401584555.0 1548070143.0 1784100575.0 1488377141.0 1071829230.0 1722593114.0 1560920762.0 1295888869.0 1206876514.0 1469441842.0 
1072784482.0 1668867205.0 1705497978.0 1958670911.0 1825831495.0 1795539173.0 1355159228.0 1667182762.0 1640003530.0 1185151590.0 1670517350.0 0 1001138225.0 1586382567.0 1300879710.0 1036868294.0 1146444819.0 1270880776.0 1834775585.0 1412248219.0 1890964963.0 1099412735.0 1156781307.0 1229954953.0 1435167658.0 1499332361.0 1424882383.0 1229819494.0 1406358644.0 1522011584.0 1515468166.0 1453832931.0 1572437284.0 1548065373.0 1841478153.0 1906662357.0 1666968148.0 1875267867.0 1575418588.0 1398010822.0 1581146303.0 1129224118.0 1813925895.0 1087140256.0 1252195284.0 1748763697.0 1608605032.0 1702454274.0 1823582153.0 1421381488.0 1020462526.0 1513558407.0 1803879867.0 1063276307.0 1735484149.0 
1531581319.0 1822085529.0 1056397767.0 1695063390.0 1713028929.0 1511254963.0 1309208021.0 1490087781.0 1281439457.0 1085039490.0 1960685803.0 1001138225.0 0 1010544624.0 1404535058.0 1826871926.0 1650175266.0 1706869187.0 1477433899.0 1550188866.0 1763871785.0 1885860725.0 1333541010.0 1254568115.0 1212021145.0 1360737163.0 1367976810.0 1355782839.0 1774869510.0 1304766819.0 1320352844.0 1272992404.0 1321770250.0 1932744333.0 1454154121.0 1078740337.0 1642946125.0 1185992235.0 1229758845.0 1379402608.0 1458609952.0 1191082339.0 1955096692.0 1187839585.0 1733678737.0 1431349606.0 1604409723.0 1454736624.0 1255250382.0 1797155556.0 1881896381.0 1822414461.0 1569308013.0 1205050412.0 1071863804.0 
1813482489.0 1927163660.0 1595531219.0 1834719971.0 1382384854.0 1369028807.0 1938720083.0 1246210527.0 1457283158.0 1786589079.0 1363868551.0 1586382567.0 1010544624.0 0 1167786927.0 1489218315.0 1364331095.0 1143841049.0 1789590810.0 1722844142.0 1978225449.0 1246846705.0 1287341493.0 1094350252.0 1942813064.0 1566127192.0 1185076037.0 1924503136.0 1078857563.0 1475030703.0 1878606442.0 1479514773.0 1598236038.0 1942184332.0 1380942118.0 1666691960.0 1970799247.0 1439814534.0 1450459575.0 1802514025.0 1627294948.0 1839943666.0 1964475144.0 1041099073.0 1469961822.0 1709031233.0 1353500318.0 1157954118.0 1108436558.0 1467106553.0 1319190106.0 1149903100.0 1325328147.0 1979981185.0 1246067251.0 
1979832914.0 1784507310.0 1647622396.0 1252809226.0 1629925700.0 1756020242.0 1645714833.0 1935463085.0 1024097187.0 1887220691.0 1594937141.0 1300879710.0 1404535058.0 1167786927.0 0 1019649361.0 1484258461.0 1363473202.0 1626715788.0 1105526190.0 1509218193.0 1580823859.0 1677986712.0 1536935612.0 1734791443.0 1003912843.0 1410100058.0 1432450820.0 1863691970.0 1541031035.0 1295442370.0 1236128491.0 1493182790.0 1119436248.0 1221717484.0 1490629376.0 1310460056.0 1670862437.0 1888184361.0 1579538186.0 1372362923.0 1308270051.0 1436033244.0 1713120147.0 1103873517.0 1213973462.0 1495034090.0 1366740398.0 1922525636.0 1951612097.0 1786049424.0 1871088919.0 1946589749.0 1079753232.0 1404708276.0 
1678885640.0 1832069717.0 1799705403.0 1879821267.0 1550351349.0 1211122392.0 1643903533.0 1695459776.0 1645281176.0 1233311294.0 1915635104.0 1036868294.0 1826871926.0 1489218315.0 1019649361.0 0 1419243107.0 1114913736.0 1519127530.0 1943652916.0 1636420186.0 1903529608.0 1913001021.0 1967696174.0 1234397433.0 1297404788.0 1125345434.0 1182562215.0 1897378300.0 1191070314.0 1979497420.0 1241141196.0 1440354367.0 1375567273.0 1426716753.0 1689269986.0 1159599441.0 1362949852.0 1601789255.0 1142114950.0 1327982203.0 1747648355.0 1884654878.0 1138692240.0 1742002655.0 1693830893.0 1856039243.0 1515649979.0 1643057231.0 1751186484.0 1524740543.0 1696875820.0 1633200266.0 1983300327.0 1566703783.0 
1839542016.0 1437476513.0 1218387430.0 1928514964.0 1422881733.0 1021299430.0 1432010646.0 1360959647.0 1694822302.0 1867136917.0 1949893577.0 1146444819.0 1650175266.0 1364331095.0 1484258461.0 1419243107.0 0 1086656411.0 1180833106.0 1529043605.0 1348078536.0 1984922844.0 1308399553.0 1491441774.0 1502676649.0 1935445264.0 1918431404.0 1703611033.0 1125785471.0 1262157264.0 1780161669.0 1305089635.0 1717027937.0 1683880864.0 1050417506.0 1426109527.0 1295900450.0 1055818420.0 1463439528.0 1566906611.0 1813680694.0 1735490259.0 1361917876.0 1996886395.0 1417868323.0 1332218565.0 1361961048.0 1104470949.0 1140087767.0 1608616329.0 1354692481.0 1436097132.0 1701887597.0 1523869936.0 1270226287.0 
1227733813.0 1189004733.0 1447948716.0 1059038168.0 1597938361.0 1265270553.0 1985394321.0 1180792001.0 1365305742.0 1433129279.0 1150240419.0 1270880776.0 1706869187.0 1143841049.0 1363473202.0 1114913736.0 1086656411.0 0 1035107525.0 1836437039.0 1786666380.0 1526057547.0 1568324881.0 1547491993.0 1854455292.0 1388070594.0 1215579949.0 1754256149.0 1494418248.0 1522105273.0 1459823411.0 1318468153.0 1067588771.0 1938172560.0 1231936946.0 1866060418.0 1374840795.0 1498967600.0 1076125383.0 1258004765.0 1139045401.0 1447301025.0 1385896767.0 1877968271.0 1670123085.0 1540038913.0 1768100167.0 1319110396.0 1839773465.0 1943390605.0 1507368282.0 1059916932.0 1769737533.0 1606159452.0 1229619477.0 
1811652845.0 1406963229.0 1936524643.0 1133876263.0 1699611104.0 1294109433.0 1066066516.0 1460323335.0 1116713021.0 1829537385.0 1437579262.0 1834775585.0 1477433899.0 1789590810.0 1626715788.0 1519127530.0 1180833106.0 1035107525.0 0 1341403515.0 1562786797.0 1527765274.0 1479231415.0 1068204891.0 1797926426.0 1609991965.0 1187741756.0 1062738350.0 1997095585.0 1897474492.0 1643548757.0 1974314676.0 1525043449.0 1566093516.0 1477063430.0 1296240145.0 1612776862.0 1098031572.0 1638904904.0 1581324208.0 1539634907.0 1540831482.0 1280862652.0 1309543724.0 1365089760.0 1470313039.0 1745218121.0 1118884423.0 1696053463.0 1674466356.0 1614607438.0 1995516767.0 1287205808.0 1445037016.0 1169809332.0 
1343574869.0 1375693287.0 1358812008.0 1202906056.0 1163378636.0 1755783085.0 1484813778.0 1433837487.0 1034960429.0 1125189597.0 1362823069.0 1412248219.0 1550188866.0 1722844142.0 1105526190.0 1943652916.0 1529043605.0 1836437039.0 1341403515.0 0 1027805430.0 1136566911.0 1494817819.0 1782432984.0 1539077494.0 1958391990.0 1724117325.0 1930274916.0 1668184601.0 1032033333.0 1030036142.0 1666628140.0 1912143712.0 1337855057.0 1844119595.0 1347400275.0 1019177864.0 1614172543.0 1514765475.0 1510410566.0 1770496390.0 1094204837.0 1850911135.0 1289586819.0 1545160834.0 1009174576.0 1718147527.0 1886162681.0 1579183305.0 1233420490.0 1143362190.0 1430818779.0 1060237087.0 1743242791.0 1586699847.0 
1928244551.0 1274625442.0 1127220632.0 1498123192.0 1302455772.0 1860357787.0 1544356090.0 1253810449.0 1324713821.0 1742869630.0 1869663594.0 1890964963.0 1763871785.0 1978225449.0 1509218193.0 1636420186.0 1348078536.0 1786666380.0 1562786797.0 1027805430.0 0 1676238795.0 1330925907.0 1416099775.0 1811531850.0 1276528515.0 1381550231.0 1994007549.0 1454803348.0 1386199092.0 1625766402.0 1396904064.0 1072821008.0 1500146780.0 1666745218.0 1782433600.0 1041671463.0 1933462496.0 1687646644.0 1073376269.0 1913628746.0 1975739318.0 1622608740.0 1276288669.0 1890916143.0 1062168046.0 1408604952.0 1571067364.0 1173090464.0 1586215289.0 1757751904.0 1929960870.0 1091499085.0 1006460059.0 1984357493.0 
1248768852.0 1144199991.0 1456580657.0 1552362380.0 1985806866.0 1361042310.0 1457800760.0 1685349338.0 1899921251.0 1091976299.0 1122236916.0 1099412735.0 1885860725.0 1246846705.0 1580823859.0 1903529608.0 1984922844.0 1526057547.0 1527765274.0 1136566911.0 1676238795.0 0 1470578269.0 1787742433.0 1997064449.0 1564228046.0 1622617525.0 1075682094.0 1994195839.0 1569670644.0 1966585373.0 1648480908.0 1918429644.0 1276258053.0 1575176872.0 1352646537.0 1392134858.0 1601502632.0 1797860829.0 1875505058.0 1797620904.0 1120046172.0 1709250515.0 1713988620.0 1545689061.0 1015463066.0 1927404617.0 1929302989.0 1855732450.0 1869828580.0 1062772549.0 1888220477.0 1284451062.0 1168969028.0 1474311058.0 
1479479110.0 1130065948.0 1323424675.0 1013524248.0 1491778986.0 1238856018.0 1713608888.0 1043980408.0 1609544762.0 1090169520.0 1901088301.0 1156781307.0 1333541010.0 1287341493.0 1677986712.0 1913001021.0 1308399553.0 1568324881.0 1479231415.0 1494817819.0 1330925907.0 1470578269.0 0 1029526384.0 1282814507.0 1041330901.0 1258695235.0 1466005153.0 1914272714.0 1942899843.0 1374179123.0 1295709140.0 1298571297.0 1437703689.0 1268806044.0 1373051709.0 1877188471.0 1415712248.0 1970720305.0 1407079153.0 1511872809.0 1926095755.0 1263809727.0 1094359773.0 1103857915.0 1943576931.0 1760769466.0 1719158971.0 1617468840.0 1242604926.0 1288320726.0 1520751094.0 1629344668.0 1909252348.0 1026937931.0 
1578160329.0 1749528646.0 1478756854.0 1037277421.0 1505476859.0 1071117254.0 1706346745.0 1624305159.0 1759319777.0 1113024576.0 1414087743.0 1229954953.0 1254568115.0 1094350252.0 1536935612.0 1967696174.0 1491441774.0 1547491993.0 1068204891.0 1782432984.0 1416099775.0 1787742433.0 1029526384.0 0 1021405282.0 1757402251.0 1784539313.0 1931336385.0 1511718830.0 1651410020.0 1540024362.0 1076924676.0 1586799722.0 1184674547.0 1578156416.0 1092009136.0 1141419785.0 1025179909.0 1435901013.0 1672651240.0 1805774559.0 1524612948.0 1502639438.0 1942524737.0 1378311674.0 1085453747.0 1579764336.0 1969706680.0 1125355472.0 1023597650.0 1417002764.0 1943856995.0 1580217304.0 1232468603.0 1979362779.0 
1683423810.0 1651893936.0 1940088400.0 1680157725.0 1394178877.0 1721667757.0 1036677563.0 1946796017.0 1609792397.0 1833705207.0 1122657081.0 1435167658.0 1212021145.0 1942813064.0 1734791443.0 1234397433.0 1502676649.0 1854455292.0 1797926426.0 1539077494.0 1811531850.0 1997064449.0 1282814507.0 1021405282.0 0 1024442205.0 1744506764.0 1255043279.0 1161223521.0 1183755339.0 1893208828.0 1209698509.0 1686609368.0 1709186076.0 1763646762.0 1199889589.0 1031298485.0 1969707434.0 1893383835.0 1182735174.0 1859448158.0 1614020185.0 1148334776.0 1373767176.0 1934703465.0 1695846945.0 1202716429.0 1544852615.0 1076976006.0 1195174865.0 1504004928.0 1111570315.0 1870044269.0 1335405296.0 1888592738.0 
1063771061.0 1108558870.0 1571325885.0 1849778027.0 1703602713.0 1098905388.0 1933355498.0 1240121134.0 1049541691.0 1202095079.0 1811606500.0 1499332361.0 1360737163.0 1566127192.0 1003912843.0 1297404788.0 1935445264.0 1388070594.0 1609991965.0 1958391990.0 1276528515.0 1564228046.0 1041330901.0 1757402251.0 1024442205.0 0 1007408982.0 1945483574.0 1991276664.0 1776797470.0 1277489576.0 1370041870.0 1662304093.0 1375193006.0 1570868234.0 1181731425.0 1806958135.0 1420524227.0 1678433119.0 1726217451.0 1046931424.0 1048243960.0 1396959668.0 1029575104.0 1903579643.0 1236857785.0 1521446726.0 1547474616.0 1487168664.0 1469234498.0 1163282587.0 1753115218.0 1023581012.0 1564323167.0 1659192555.0 
1421264861.0 1839273270.0 1980586579.0 1530682758.0 1742016361.0 1004376019.0 1132685074.0 1658870715.0 1650011474.0 1614502664.0 1075156489.0 1424882383.0 1367976810.0 1185076037.0 1410100058.0 1125345434.0 1918431404.0 1215579949.0 1187741756.0 1724117325.0 1381550231.0 1622617525.0 1258695235.0 1784539313.0 1744506764.0 1007408982.0 0 1615386233.0 1476998215.0 1774468007.0 1307626264.0 1234664227.0 1834665289.0 1612371856.0 1798419569.0 1071796520.0 1606579484.0 1113020727.0 1274349731.0 1733647087.0 1504675277.0 1184270563.0 1223412736.0 1482128755.0 1630217253.0 1693742940.0 1527438088.0 1753445345.0 1696143669.0 1694394793.0 1740940083.0 1708092044.0 1292505360.0 1966445176.0 1669494013.0 
1687300556.0 1182639728.0 1102551200.0 1422264974.0 1314584150.0 1721460551.0 1555223503.0 1728728642.0 1357814066.0 1367687277.0 1273567450.0 1229819494.0 1355782839.0 1924503136.0 1432450820.0 1182562215.0 1703611033.0 1754256149.0 1062738350.0 1930274916.0 1994007549.0 1075682094.0 1466005153.0 1931336385.0 1255043279.0 1945483574.0 1615386233.0 0 1009622517.0 1021677412.0 1670503512.0 1665537119.0 1163427009.0 1597098151.0 1744017715.0 1845787382.0 1046190646.0 1984406117.0 1792745242.0 1275633680.0 1824449458.0 1120823261.0 1435725962.0 1488831388.0 1196581048.0 1755979812.0 1555421976.0 1269405142.0 1598544541.0 1439034912.0 1750688973.0 1449716751.0 1883460339.0 1786512874.0 1173411708.0 
1375646549.0 1969516113.0 1326741544.0 1359501730.0 1120820972.0 1014963453.0 1790807353.0 1392410082.0 1139485851.0 1606823770.0 1998317486.0 1406358644.0 1774869510.0 1078857563.0 1863691970.0 1897378300.0 1125785471.0 1494418248.0 1997095585.0 1668184601.0 1454803348.0 1994195839.0 1914272714.0 1511718830.0 1161223521.0 1991276664.0 1476998215.0 1009622517.0 0 1010342488.0 1858165723.0 1887396445.0 1397273799.0 1333598080.0 1151315779.0 1777066568.0 1706995543.0 1132981040.0 1675445357.0 1612913918.0 1823528276.0 1751112568.0 1447488623.0 1566535328.0 1988128105.0 1838895769.0 1553704708.0 1167609030.0 1384074341.0 1094259307.0 1038671372.0 1774215494.0 1045049070.0 1438353266.0 1793455373.0 
1999730483.0 1309876212.0 1831110000.0 1910991250.0 1443545367.0 1395611790.0 1177158752.0 1200407253.0 1700734665.0 1057815239.0 1510234163.0 1522011584.0 1304766819.0 1475030703.0 1541031035.0 1191070314.0 1262157264.0 1522105273.0 1897474492.0 1032033333.0 1386199092.0 1569670644.0 1942899843.0 1651410020.0 1183755339.0 1776797470.0 1774468007.0 1021677412.0 1010342488.0 0 1857897808.0 1272147083.0 1333020687.0 1607809404.0 1259406870.0 1589252824.0 1270526769.0 1768275867.0 1451824497.0 1679461009.0 1663688204.0 1112380910.0 1821146593.0 1460126847.0 1775046796.0 1232824156.0 1135769533.0 1813050282.0 1540899881.0 1304274928.0 1018437354.0 1665101357.0 1035602329.0 1795385870.0 1300324290.0 
1288880938.0 1268051167.0 1244193697.0 1005137657.0 1964700932.0 1533499061.0 1566528266.0 1014190495.0 1014562520.0 1609310051.0 1746655800.0 1515468166.0 1320352844.0 1878606442.0 1295442370.0 1979497420.0 1780161669.0 1459823411.0 1643548757.0 1030036142.0 1625766402.0 1966585373.0 1374179123.0 1540024362.0 1893208828.0 1277489576.0 1307626264.0 1670503512.0 1858165723.0 1857897808.0 0 1588091492.0 1702855597.0 1115509212.0 1822424403.0 1581372830.0 1915395249.0 1296403082.0 1247952342.0 1466773887.0 1629781604.0 1586134929.0 1973616966.0 1330351755.0 1818321310.0 1821542143.0 1212179410.0 1546674841.0 1054855412.0 1871914636.0 1834987692.0 1296506229.0 1206654749.0 1382264780.0 1226255274.0 
1944877755.0 1226958343.0 1922789292.0 1690498119.0 1436124061.0 1214786041.0 1976836816.0 1041949930.0 1203564445.0 1063813239.0 1696448716.0 1453832931.0 1272992404.0 1479514773.0 1236128491.0 1241141196.0 1305089635.0 1318468153.0 1974314676.0 1666628140.0 1396904064.0 1648480908.0 1295709140.0 1076924676.0 1209698509.0 1370041870.0 1234664227.0 1665537119.0 1887396445.0 1272147083.0 1588091492.0 0 1047480742.0 1753326771.0 1619392632.0 1072913363.0 1905196088.0 1873064816.0 1902678326.0 1855523731.0 1474783589.0 1234439532.0 1297611098.0 1053183081.0 1424724049.0 1486616113.0 1364631616.0 1242647306.0 1270493485.0 1169158286.0 1545222364.0 1547443585.0 1578913121.0 1852378588.0 1667525169.0 
1705887158.0 1651284932.0 1690551480.0 1873285828.0 1311912536.0 1150869659.0 1828572539.0 1036531974.0 1318539186.0 1351789221.0 1620030594.0 1572437284.0 1321770250.0 1598236038.0 1493182790.0 1440354367.0 1717027937.0 1067588771.0 1525043449.0 1912143712.0 1072821008.0 1918429644.0 1298571297.0 1586799722.0 1686609368.0 1662304093.0 1834665289.0 1163427009.0 1397273799.0 1333020687.0 1702855597.0 1047480742.0 0 1098413958.0 1393426800.0 1799715413.0 1314193292.0 1342635764.0 1459705903.0 1386525817.0 1119934379.0 1772387745.0 1579729647.0 1046096387.0 1439095226.0 1448296800.0 1996411170.0 1709685815.0 1417396683.0 1156890606.0 1250109299.0 1512493572.0 1094625245.0 1360129590.0 1383840247.0 
1766148915.0 1469685185.0 1404827563.0 1393697364.0 1271386200.0 1686178562.0 1166123631.0 1251431056.0 1653840589.0 1694355171.0 1335655028.0 1548065373.0 1932744333.0 1942184332.0 1119436248.0 1375567273.0 1683880864.0 1938172560.0 1566093516.0 1337855057.0 1500146780.0 1276258053.0 1437703689.0 1184674547.0 1709186076.0 1375193006.0 1612371856.0 1597098151.0 1333598080.0 1607809404.0 1115509212.0 1753326771.0 1098413958.0 0 1676464784.0 1959082185.0 1656165165.0 1144387682.0 1835390224.0 1636332870.0 1722499093.0 1709199597.0 1707134263.0 1359094009.0 1168111408.0 1625145557.0 1181905887.0 1856880308.0 1407982363.0 1682704247.0 1432014597.0 1374158557.0 1036208149.0 1563695873.0 1008315255.0 
1408302638.0 1866176510.0 1413521526.0 1061177718.0 1277319438.0 1695809874.0 1147641980.0 1827726789.0 1330004738.0 1476253778.0 1324539315.0 1841478153.0 1454154121.0 1380942118.0 1221717484.0 1426716753.0 1050417506.0 1231936946.0 1477063430.0 1844119595.0 1666745218.0 1575176872.0 1268806044.0 1578156416.0 1763646762.0 1570868234.0 1798419569.0 1744017715.0 1151315779.0 1259406870.0 1822424403.0 1619392632.0 1393426800.0 1676464784.0 0 1012034969.0 1808589028.0 1895626425.0 1738121883.0 1518343626.0 1682939769.0 1424786257.0 1480061581.0 1535945414.0 1052919967.0 1657351121.0 1359435415.0 1957871392.0 1430550502.0 1992116522.0 1206184526.0 1037137942.0 1807214122.0 1592654117.0 1897215959.0 
1915145574.0 1642806898.0 1846853416.0 1239175177.0 1573068914.0 1075364510.0 1967922051.0 1471431985.0 1916099426.0 1616531335.0 1608332353.0 1906662357.0 1078740337.0 1666691960.0 1490629376.0 1689269986.0 1426109527.0 1866060418.0 1296240145.0 1347400275.0 1782433600.0 1352646537.0 1373051709.0 1092009136.0 1199889589.0 1181731425.0 1071796520.0 1845787382.0 1777066568.0 1589252824.0 1581372830.0 1072913363.0 1799715413.0 1959082185.0 1012034969.0 0 1346730215.0 1268134890.0 1086091568.0 1336731662.0 1579876311.0 1868295121.0 1770810421.0 1239367877.0 1581739540.0 1208282799.0 1663929460.0 1881359462.0 1513568296.0 1591195712.0 1937931749.0 1180891331.0 1472760307.0 1052386011.0 1441860608.0 
1343731070.0 1440402756.0 1312740213.0 1690437385.0 1368349316.0 1146257077.0 1174753131.0 1021137194.0 1716131540.0 1931057497.0 1143780306.0 1666968148.0 1642946125.0 1970799247.0 1310460056.0 1159599441.0 1295900450.0 1374840795.0 1612776862.0 1019177864.0 1041671463.0 1392134858.0 1877188471.0 1141419785.0 1031298485.0 1806958135.0 1606579484.0 1046190646.0 1706995543.0 1270526769.0 1915395249.0 1905196088.0 1314193292.0 1656165165.0 1808589028.0 1346730215.0 0 1307327764.0 1370752811.0 1541743032.0 1906905163.0 1433271780.0 1612892922.0 1537846890.0 1959898742.0 1881015778.0 1866905544.0 1881160548.0 1649430709.0 1254425895.0 1347431766.0 1264683560.0 1760266621.0 1770816410.0 1564780705.0 
1565103368.0 1309510423.0 1411325299.0 1407528453.0 1758058095.0 1459077274.0 1448165593.0 1684648336.0 1230078827.0 1052387557.0 1511813180.0 1875267867.0 1185992235.0 1439814534.0 1670862437.0 1362949852.0 1055818420.0 1498967600.0 1098031572.0 1614172543.0 1933462496.0 1601502632.0 1415712248.0 1025179909.0 1969707434.0 1420524227.0 1113020727.0 1984406117.0 1132981040.0 1768275867.0 1296403082.0 1873064816.0 1342635764.0 1144387682.0 1895626425.0 1268134890.0 1307327764.0 0 1028029102.0 1763461015.0 1236610229.0 1886186559.0 1618249427.0 1913583697.0 1741244047.0 1519557624.0 1879310231.0 1388660575.0 1512566372.0 1899390228.0 1622247427.0 1912310365.0 1484509914.0 1994259289.0 1880462116.0 
1383308159.0 1772154128.0 1459677134.0 1667729027.0 1188899452.0 1483432206.0 1624423558.0 1492215565.0 1808212656.0 1761415966.0 1976578210.0 1575418588.0 1229758845.0 1450459575.0 1888184361.0 1601789255.0 1463439528.0 1076125383.0 1638904904.0 1514765475.0 1687646644.0 1797860829.0 1970720305.0 1435901013.0 1893383835.0 1678433119.0 1274349731.0 1792745242.0 1675445357.0 1451824497.0 1247952342.0 1902678326.0 1459705903.0 1835390224.0 1738121883.0 1086091568.0 1370752811.0 1028029102.0 0 1680329556.0 1162089725.0 1850940877.0 1250262519.0 1388922094.0 1542927095.0 1416244122.0 1922268066.0 1356838490.0 1237671838.0 1052936521.0 1819625485.0 1451737440.0 1970769367.0 1327360198.0 1386922978.0 
1575641479.0 1038235250.0 1553957930.0 1792420093.0 1647623094.0 1314930543.0 1251158875.0 1557225715.0 1991812657.0 1909646870.0 1621441350.0 1398010822.0 1379402608.0 1802514025.0 1579538186.0 1142114950.0 1566906611.0 1258004765.0 1581324208.0 1510410566.0 1073376269.0 1875505058.0 1407079153.0 1672651240.0 1182735174.0 1726217451.0 1733647087.0 1275633680.0 1612913918.0 1679461009.0 1466773887.0 1855523731.0 1386525817.0 1636332870.0 1518343626.0 1336731662.0 1541743032.0 1763461015.0 1680329556.0 0 1163781325.0 1207903760.0 1506782320.0 1885059219.0 1345224988.0 1043364642.0 1833633763.0 1682368609.0 1532450750.0 1218284121.0 1334824475.0 1377261064.0 1534166140.0 1389720592.0 1288695610.0 
1545715775.0 1374432144.0 1261236931.0 1141677307.0 1012206607.0 1010322116.0 1836564040.0 1883335213.0 1706477679.0 1721721746.0 1224175509.0 1581146303.0 1458609952.0 1627294948.0 1372362923.0 1327982203.0 1813680694.0 1139045401.0 1539634907.0 1770496390.0 1913628746.0 1797620904.0 1511872809.0 1805774559.0 1859448158.0 1046931424.0 1504675277.0 1824449458.0 1823528276.0 1663688204.0 1629781604.0 1474783589.0 1119934379.0 1722499093.0 1682939769.0 1579876311.0 1906905163.0 1236610229.0 1162089725.0 1163781325.0 0 1442728420.0 1839163456.0 1886466140.0 1667770811.0 1448431312.0 1296064225.0 1916586871.0 1332855522.0 1779224163.0 1906703674.0 1083718720.0 1997017925.0 1615464274.0 1293555686.0 
1423055220.0 1828293693.0 1923217103.0 1066387852.0 1707007344.0 1688432630.0 1501450778.0 1348093234.0 1565698141.0 1194183140.0 1344641373.0 1129224118.0 1191082339.0 1839943666.0 1308270051.0 1747648355.0 1735490259.0 1447301025.0 1540831482.0 1094204837.0 1975739318.0 1120046172.0 1926095755.0 1524612948.0 1614020185.0 1048243960.0 1184270563.0 1120823261.0 1751112568.0 1112380910.0 1586134929.0 1234439532.0 1772387745.0 1709199597.0 1424786257.0 1868295121.0 1433271780.0 1886186559.0 1850940877.0 1207903760.0 1442728420.0 0 1390254814.0 1212574097.0 1326956722.0 1731506750.0 1545926310.0 1699718095.0 1616522500.0 1576863502.0 1181735432.0 1118199660.0 1733073934.0 1147377382.0 1168221525.0 
1523980463.0 1256919577.0 1561564861.0 1758561230.0 1710220642.0 1968089206.0 1980903074.0 1575711571.0 1859174222.0 1426440614.0 1746161814.0 1813925895.0 1955096692.0 1964475144.0 1436033244.0 1884654878.0 1361917876.0 1385896767.0 1280862652.0 1850911135.0 1622608740.0 1709250515.0 1263809727.0 1502639438.0 1148334776.0 1396959668.0 1223412736.0 1435725962.0 1447488623.0 1821146593.0 1973616966.0 1297611098.0 1579729647.0 1707134263.0 1480061581.0 1770810421.0 1612892922.0 1618249427.0 1250262519.0 1506782320.0 1839163456.0 1390254814.0 0 1005131078.0 1337732979.0 1928965494.0 1373210211.0 1100434057.0 1237248176.0 1090600684.0 1875414877.0 1601841436.0 1207311689.0 1455565797.0 1628998186.0 
1183620817.0 1323145008.0 1757540477.0 1090408159.0 1348045968.0 1620610786.0 1540954371.0 1280123533.0 1197239483.0 1816137410.0 1195731684.0 1087140256.0 1187839585.0 1041099073.0 1713120147.0 1138692240.0 1996886395.0 1877968271.0 1309543724.0 1289586819.0 1276288669.0 1713988620.0 1094359773.0 1942524737.0 1373767176.0 1029575104.0 1482128755.0 1488831388.0 1566535328.0 1460126847.0 1330351755.0 1053183081.0 1046096387.0 1359094009.0 1535945414.0 1239367877.0 1537846890.0 1913583697.0 1388922094.0 1885059219.0 1886466140.0 1212574097.0 1005131078.0 0 1985366374.0 1324448096.0 1664535694.0 1046404569.0 1974076967.0 1070304700.0 1049111247.0 1598980579.0 1632794723.0 1932074403.0 1632757304.0 
1519401236.0 1388989616.0 1561597276.0 1099987873.0 1064676385.0 1386597949.0 1641097510.0 1889680719.0 1367767246.0 1205395530.0 1844240157.0 1252195284.0 1733678737.0 1469961822.0 1103873517.0 1742002655.0 1417868323.0 1670123085.0 1365089760.0 1545160834.0 1890916143.0 1545689061.0 1103857915.0 1378311674.0 1934703465.0 1903579643.0 1630217253.0 1196581048.0 1988128105.0 1775046796.0 1818321310.0 1424724049.0 1439095226.0 1168111408.0 1052919967.0 1581739540.0 1959898742.0 1741244047.0 1542927095.0 1345224988.0 1667770811.0 1326956722.0 1337732979.0 1985366374.0 0 1726235655.0 1269969130.0 1686316097.0 1377830787.0 1272314456.0 1380059195.0 1500624576.0 1665667841.0 1626968177.0 1315062278.0 
1925289654.0 1674550783.0 1851502775.0 1179834478.0 1947170696.0 1943877004.0 1605196813.0 1611151138.0 1692426730.0 1407477582.0 1401584555.0 1748763697.0 1431349606.0 1709031233.0 1213973462.0 1693830893.0 1332218565.0 1540038913.0 1470313039.0 1009174576.0 1062168046.0 1015463066.0 1943576931.0 1085453747.0 1695846945.0 1236857785.0 1693742940.0 1755979812.0 1838895769.0 1232824156.0 1821542143.0 1486616113.0 1448296800.0 1625145557.0 1657351121.0 1208282799.0 1881015778.0 1519557624.0 1416244122.0 1043364642.0 1448431312.0 1731506750.0 1928965494.0 1324448096.0 1726235655.0 0 1316456408.0 1441337525.0 1159055174.0 1982685801.0 1338763073.0 1806275356.0 1965851135.0 1110517830.0 1791756645.0 
1063378698.0 1540637428.0 1089553610.0 1837993690.0 1554684863.0 1858218160.0 1511271439.0 1491595177.0 1634383160.0 1966714567.0 1548070143.0 1608605032.0 1604409723.0 1353500318.0 1495034090.0 1856039243.0 1361961048.0 1768100167.0 1745218121.0 1718147527.0 1408604952.0 1927404617.0 1760769466.0 1579764336.0 1202716429.0 1521446726.0 1527438088.0 1555421976.0 1553704708.0 1135769533.0 1212179410.0 1364631616.0 1996411170.0 1181905887.0 1359435415.0 1663929460.0 1866905544.0 1879310231.0 1922268066.0 1833633763.0 1296064225.0 1545926310.0 1373210211.0 1664535694.0 1269969130.0 1316456408.0 0 1008459611.0 1614861519.0 1704964649.0 1769493149.0 1658543702.0 1153740858.0 1181172988.0 1153621825.0 
1787319186.0 1927254799.0 1586544035.0 1580457121.0 1593763594.0 1382613659.0 1360224127.0 1486732703.0 1286669809.0 1140353187.0 1784100575.0 1702454274.0 1454736624.0 1157954118.0 1366740398.0 1515649979.0 1104470949.0 1319110396.0 1118884423.0 1886162681.0 1571067364.0 1929302989.0 1719158971.0 1969706680.0 1544852615.0 1547474616.0 1753445345.0 1269405142.0 1167609030.0 1813050282.0 1546674841.0 1242647306.0 1709685815.0 1856880308.0 1957871392.0 1881359462.0 1881160548.0 1388660575.0 1356838490.0 1682368609.0 1916586871.0 1699718095.0 1100434057.0 1046404569.0 1686316097.0 1441337525.0 1008459611.0 0 1891667669.0 1985909153.0 1934640611.0 1928896972.0 1858885568.0 1306182117.0 1722046658.0 
1978179255.0 1514872319.0 1456127621.0 1138051187.0 1286824427.0 1181414831.0 1945477667.0 1352137940.0 1323829976.0 1970718053.0 1488377141.0 1823582153.0 1255250382.0 1108436558.0 1922525636.0 1643057231.0 1140087767.0 1839773465.0 1696053463.0 1579183305.0 1173090464.0 1855732450.0 1617468840.0 1125355472.0 1076976006.0 1487168664.0 1696143669.0 1598544541.0 1384074341.0 1540899881.0 1054855412.0 1270493485.0 1417396683.0 1407982363.0 1430550502.0 1513568296.0 1649430709.0 1512566372.0 1237671838.0 1532450750.0 1332855522.0 1616522500.0 1237248176.0 1974076967.0 1377830787.0 1159055174.0 1614861519.0 1891667669.0 0 1239642049.0 1522750053.0 1864721041.0 1910721157.0 1183883403.0 1878341129.0 
1248480231.0 1911293884.0 1158054589.0 1319065078.0 1105364627.0 1186381777.0 1085400201.0 1913341215.0 1800771865.0 1131381422.0 1071829230.0 1421381488.0 1797155556.0 1467106553.0 1951612097.0 1751186484.0 1608616329.0 1943390605.0 1674466356.0 1233420490.0 1586215289.0 1869828580.0 1242604926.0 1023597650.0 1195174865.0 1469234498.0 1694394793.0 1439034912.0 1094259307.0 1304274928.0 1871914636.0 1169158286.0 1156890606.0 1682704247.0 1992116522.0 1591195712.0 1254425895.0 1899390228.0 1052936521.0 1218284121.0 1779224163.0 1576863502.0 1090600684.0 1070304700.0 1272314456.0 1982685801.0 1704964649.0 1985909153.0 1239642049.0 0 1061108063.0 1476715542.0 1673110484.0 1273914932.0 1921277171.0 
1871711974.0 1906967709.0 1611674961.0 1604055595.0 1652163647.0 1961811859.0 1173723512.0 1810019746.0 1564456491.0 1193277533.0 1722593114.0 1020462526.0 1881896381.0 1319190106.0 1786049424.0 1524740543.0 1354692481.0 1507368282.0 1614607438.0 1143362190.0 1757751904.0 1062772549.0 1288320726.0 1417002764.0 1504004928.0 1163282587.0 1740940083.0 1750688973.0 1038671372.0 1018437354.0 1834987692.0 1545222364.0 1250109299.0 1432014597.0 1206184526.0 1937931749.0 1347431766.0 1622247427.0 1819625485.0 1334824475.0 1906703674.0 1181735432.0 1875414877.0 1049111247.0 1380059195.0 1338763073.0 1769493149.0 1934640611.0 1522750053.0 1061108063.0 0 1010358048.0 1632917518.0 1985883667.0 1176593493.0 
1033119707.0 1528771242.0 1963819073.0 1379955986.0 1431141849.0 1276964261.0 1387729907.0 1922293105.0 1395847678.0 1680455990.0 1560920762.0 1513558407.0 1822414461.0 1149903100.0 1871088919.0 1696875820.0 1436097132.0 1059916932.0 1995516767.0 1430818779.0 1929960870.0 1888220477.0 1520751094.0 1943856995.0 1111570315.0 1753115218.0 1708092044.0 1449716751.0 1774215494.0 1665101357.0 1296506229.0 1547443585.0 1512493572.0 1374158557.0 1037137942.0 1180891331.0 1264683560.0 1912310365.0 1451737440.0 1377261064.0 1083718720.0 1118199660.0 1601841436.0 1598980579.0 1500624576.0 1806275356.0 1658543702.0 1928896972.0 1864721041.0 1476715542.0 1010358048.0 0 1891306044.0 1867566810.0 1252279008.0 
1044168497.0 1060013785.0 1615238151.0 1063620416.0 1051547412.0 1789322882.0 1869206843.0 1735916462.0 1292342503.0 1763170922.0 1295888869.0 1803879867.0 1569308013.0 1325328147.0 1946589749.0 1633200266.0 1701887597.0 1769737533.0 1287205808.0 1060237087.0 1091499085.0 1284451062.0 1629344668.0 1580217304.0 1870044269.0 1023581012.0 1292505360.0 1883460339.0 1045049070.0 1035602329.0 1206654749.0 1578913121.0 1094625245.0 1036208149.0 1807214122.0 1472760307.0 1760266621.0 1484509914.0 1970769367.0 1534166140.0 1997017925.0 1733073934.0 1207311689.0 1632794723.0 1665667841.0 1965851135.0 1153740858.0 1858885568.0 1910721157.0 1673110484.0 1632917518.0 1891306044.0 0 1755556550.0 1341028432.0 
1897228374.0 1590701796.0 1264389846.0 1330765199.0 1188686912.0 1816860283.0 1467034260.0 1584557597.0 1232546846.0 1845307270.0 1206876514.0 1063276307.0 1205050412.0 1979981185.0 1079753232.0 1983300327.0 1523869936.0 1606159452.0 1445037016.0 1743242791.0 1006460059.0 1168969028.0 1909252348.0 1232468603.0 1335405296.0 1564323167.0 1966445176.0 1786512874.0 1438353266.0 1795385870.0 1382264780.0 1852378588.0 1360129590.0 1563695873.0 1592654117.0 1052386011.0 1770816410.0 1994259289.0 1327360198.0 1389720592.0 1615464274.0 1147377382.0 1455565797.0 1932074403.0 1626968177.0 1110517830.0 1181172988.0 1306182117.0 1183883403.0 1273914932.0 1985883667.0 1867566810.0 1755556550.0 0 1303522573.0 
1001011627.0 1364422009.0 1899478247.0 1494735906.0 1118901636.0 1734052338.0 1693259054.0 1285135776.0 1201197975.0 1587129466.0 1469441842.0 1735484149.0 1071863804.0 1246067251.0 1404708276.0 1566703783.0 1270226287.0 1229619477.0 1169809332.0 1586699847.0 1984357493.0 1474311058.0 1026937931.0 1979362779.0 1888592738.0 1659192555.0 1669494013.0 1173411708.0 1793455373.0 1300324290.0 1226255274.0 1667525169.0 1383840247.0 1008315255.0 1897215959.0 1441860608.0 1564780705.0 1880462116.0 1386922978.0 1288695610.0 1293555686.0 1168221525.0 1628998186.0 1632757304.0 1315062278.0 1791756645.0 1153621825.0 1722046658.0 1878341129.0 1921277171.0 1176593493.0 1252279008.0 1341028432.0 1303522573.0 0 
