14
7 31 48 18 17 29 13 40 8 12 11 45 27 20
0 207765.77822 3795414.03322 3948195.17081 3717726.52861 3769962.79518 3865280.39385 3792515.89549 3715478.79141 3607866.07957 3603711.24353 3630968.33672 3661091.47574 3688610.81268 
207765.77822 0 3602861.83029 3761205.97042 3923041.4758 3579955.71606 3665741.55486 3600253.50633 3920543.99002 3800974.31019 3796357.82571 3826643.48481 3860113.63928 3890690.68031 
3795414.03322 3602861.83029 0 6627661.02064 7168325.60072 6830384.97727 6907592.2322 6482803.80296 7166302.63723 7069451.19657 7065711.84414 6683744.13295 6710854.95807 6735622.3613 
3948195.17081 3761205.97042 6627661.02064 0 3783516.4458 5726170.39639 7063376.56683 6990612.06847 6913574.96439 7213635.18387 6421961.35021 6880444.96315 6018405.58739 7425244.62623 
3717726.52861 3923041.4758 7168325.60072 3783516.4458 0 2158504.38954 6375759.35087 5930279.63486 6922163.82922 6349936.97293 6589293.99493 4944184.66945 5806224.04522 4466755.36112 
3769962.79518 3579955.71606 6830384.97727 5726170.39639 2158504.38954 0 4433105.40028 4499791.74712 4979509.87863 4919449.08519 6785861.00931 3001530.71886 3863570.09463 6409409.31171 
3865280.39385 3665741.55486 6907592.2322 7063376.56683 6375759.35087 4433105.40028 0 1149295.68461 3965211.0164 3712100.22554 6256144.29952 4029201.84969 3167162.47392 6800789.01166 
3792515.89549 3600253.50633 6482803.80296 6990612.06847 5930279.63486 4499791.74712 1149295.68461 0 2930844.90025 2677734.10939 6456622.81939 5063567.96584 4201528.59007 6741849.76798 
3715478.79141 3920543.99002 7166302.63723 6913574.96439 6922163.82922 4979509.87863 3965211.0164 2930844.90025 0 5608579.00964 6945211.63415 2816960.27899 1954920.90322 6663680.64368 
3607866.07957 3800974.31019 7069451.19657 7213635.18387 6349936.97293 4919449.08519 3712100.22554 2677734.10939 5608579.00964 0 6188652.14171 6434242.16233 6191336.42951 6950780.95153 
3603711.24353 3796357.82571 7065711.84414 6421961.35021 6589293.99493 6785861.00931 6256144.29952 6456622.81939 6945211.63415 6188652.14171 0 6877240.12836 7038184.75441 6563089.85059 
3630968.33672 3826643.48481 6683744.13295 6880444.96315 4944184.66945 3001530.71886 4029201.84969 5063567.96584 2816960.27899 6434242.16233 6877240.12836 0 957821.52863 6587621.23446 
3661091.47574 3860113.63928 6710854.95807 6018405.58739 5806224.04522 3863570.09463 3167162.47392 4201528.59007 1954920.90322 6191336.42951 7038184.75441 957821.52863 0 6614732.05958 
3688610.81268 3890690.68031 6735622.3613 7425244.62623 4466755.36112 6409409.31171 6800789.01166 6741849.76798 6663680.64368 6950780.95153 6563089.85059 6587621.23446 6614732.05958 0 
