57
111 109 107 106 103 101 98 97 95 94 92 90 89 87 85 83 81 78 76 73 72 70 68 67 66 63 62 61 197 198 59 58 56 191 192 54 52 50 3 4 37 7 9 8 38 39 40 32 35 43 42 33 12 29 22 23 10
0 7.0 18.0 26.0 433.0 646.0 1050.0 1150.0 1409.0 1532.0 1775.0 2024.0 2139.0 2405.0 2626.0 2836.0 3101.0 3451.0 3618.0 3289.0 3142.0 2893.0 2607.0 2501.0 2381.0 2008.0 1907.0 1804.0 1687.0 1687.0 1557.0 1426.0 1147.0 1043.0 1043.0 932.0 666.0 393.0 505.0 495.0 727.0 724.0 729.0 727.0 730.0 731.0 726.0 728.0 731.0 728.0 727.0 726.0 705.0 715.0 504.0 504.0 394.0 
7.0 0 11.0 19.0 426.0 639.0 1043.0 1143.0 1402.0 1525.0 1768.0 2017.0 2132.0 2398.0 2619.0 2829.0 3094.0 3444.0 3625.0 3296.0 3149.0 2900.0 2614.0 2508.0 2388.0 2015.0 1914.0 1811.0 1694.0 1694.0 1564.0 1433.0 1154.0 1050.0 1050.0 939.0 673.0 400.0 512.0 502.0 734.0 731.0 736.0 734.0 737.0 738.0 733.0 735.0 738.0 735.0 734.0 733.0 712.0 722.0 511.0 511.0 401.0 
18.0 11.0 0 8.0 415.0 628.0 1032.0 1132.0 1391.0 1514.0 1757.0 2006.0 2121.0 2387.0 2608.0 2818.0 3083.0 3433.0 3636.0 3307.0 3160.0 2911.0 2625.0 2519.0 2399.0 2026.0 1925.0 1822.0 1705.0 1705.0 1575.0 1444.0 1165.0 1061.0 1061.0 950.0 684.0 411.0 523.0 513.0 745.0 742.0 747.0 745.0 748.0 749.0 744.0 746.0 749.0 746.0 745.0 744.0 723.0 733.0 522.0 522.0 412.0 
26.0 19.0 8.0 0 407.0 620.0 1024.0 1124.0 1383.0 1506.0 1749.0 1998.0 2113.0 2379.0 2600.0 2810.0 3075.0 3425.0 3644.0 3315.0 3168.0 2919.0 2633.0 2527.0 2407.0 2034.0 1933.0 1830.0 1713.0 1713.0 1583.0 1452.0 1173.0 1069.0 1069.0 958.0 692.0 419.0 531.0 521.0 753.0 750.0 755.0 753.0 756.0 757.0 752.0 754.0 757.0 754.0 753.0 752.0 731.0 741.0 530.0 530.0 420.0 
433.0 426.0 415.0 407.0 0 213.0 617.0 717.0 976.0 1099.0 1342.0 1591.0 1706.0 1972.0 2193.0 2403.0 2668.0 3018.0 3279.0 3608.0 3575.0 3326.0 3040.0 2934.0 2814.0 2441.0 2340.0 2237.0 2120.0 2120.0 1990.0 1859.0 1580.0 1476.0 1476.0 1365.0 1099.0 826.0 938.0 928.0 1160.0 1157.0 1162.0 1160.0 1163.0 1164.0 1159.0 1161.0 1164.0 1161.0 1160.0 1159.0 1138.0 1148.0 937.0 937.0 827.0 
646.0 639.0 628.0 620.0 213.0 0 404.0 504.0 763.0 886.0 1129.0 1378.0 1493.0 1759.0 1980.0 2190.0 2455.0 2805.0 3066.0 3395.0 3542.0 3539.0 3253.0 3147.0 3027.0 2654.0 2553.0 2450.0 2333.0 2333.0 2203.0 2072.0 1793.0 1689.0 1689.0 1578.0 1312.0 1039.0 1151.0 1141.0 1373.0 1370.0 1375.0 1373.0 1376.0 1377.0 1372.0 1374.0 1377.0 1374.0 1373.0 1372.0 1351.0 1361.0 1150.0 1150.0 1040.0 
1050.0 1043.0 1032.0 1024.0 617.0 404.0 0 100.0 359.0 482.0 725.0 974.0 1089.0 1355.0 1576.0 1786.0 2051.0 2401.0 2662.0 2991.0 3138.0 3387.0 3657.0 3551.0 3431.0 3058.0 2957.0 2854.0 2737.0 2737.0 2607.0 2476.0 2197.0 2093.0 2093.0 1982.0 1716.0 1443.0 1555.0 1545.0 1777.0 1774.0 1779.0 1777.0 1780.0 1781.0 1776.0 1778.0 1781.0 1778.0 1777.0 1776.0 1755.0 1765.0 1554.0 1554.0 1444.0 
1150.0 1143.0 1132.0 1124.0 717.0 504.0 100.0 0 259.0 382.0 625.0 874.0 989.0 1255.0 1476.0 1686.0 1951.0 2301.0 2562.0 2891.0 3038.0 3287.0 3573.0 3651.0 3531.0 3158.0 3057.0 2954.0 2837.0 2837.0 2707.0 2576.0 2297.0 2193.0 2193.0 2082.0 1816.0 1543.0 1655.0 1645.0 1877.0 1874.0 1879.0 1877.0 1880.0 1881.0 1876.0 1878.0 1881.0 1878.0 1877.0 1876.0 1855.0 1865.0 1654.0 1654.0 1544.0 
1409.0 1402.0 1391.0 1383.0 976.0 763.0 359.0 259.0 0 123.0 366.0 615.0 730.0 996.0 1217.0 1427.0 1692.0 2042.0 2303.0 2632.0 2779.0 3028.0 3314.0 3420.0 3540.0 3417.0 3316.0 3213.0 3096.0 3096.0 2966.0 2835.0 2556.0 2452.0 2452.0 2341.0 2075.0 1802.0 1914.0 1904.0 2136.0 2133.0 2138.0 2136.0 2139.0 2140.0 2135.0 2137.0 2140.0 2137.0 2136.0 2135.0 2114.0 2124.0 1913.0 1913.0 1803.0 
1532.0 1525.0 1514.0 1506.0 1099.0 886.0 482.0 382.0 123.0 0 243.0 492.0 607.0 873.0 1094.0 1304.0 1569.0 1919.0 2180.0 2509.0 2656.0 2905.0 3191.0 3297.0 3417.0 3540.0 3439.0 3336.0 3219.0 3219.0 3089.0 2958.0 2679.0 2575.0 2575.0 2464.0 2198.0 1925.0 2037.0 2027.0 2259.0 2256.0 2261.0 2259.0 2262.0 2263.0 2258.0 2260.0 2263.0 2260.0 2259.0 2258.0 2237.0 2247.0 2036.0 2036.0 1926.0 
1775.0 1768.0 1757.0 1749.0 1342.0 1129.0 725.0 625.0 366.0 243.0 0 249.0 364.0 630.0 851.0 1061.0 1326.0 1676.0 1937.0 2266.0 2413.0 2662.0 2948.0 3054.0 3174.0 3547.0 3648.0 3579.0 3462.0 3462.0 3332.0 3201.0 2922.0 2818.0 2818.0 2707.0 2441.0 2168.0 2280.0 2270.0 2502.0 2499.0 2504.0 2502.0 2505.0 2506.0 2501.0 2503.0 2506.0 2503.0 2502.0 2501.0 2480.0 2490.0 2279.0 2279.0 2169.0 
2024.0 2017.0 2006.0 1998.0 1591.0 1378.0 974.0 874.0 615.0 492.0 249.0 0 115.0 381.0 602.0 812.0 1077.0 1427.0 1688.0 2017.0 2164.0 2413.0 2699.0 2805.0 2925.0 3298.0 3399.0 3502.0 3623.0 3623.0 3581.0 3450.0 3171.0 3067.0 3067.0 2956.0 2690.0 2417.0 2529.0 2519.0 2751.0 2748.0 2753.0 2751.0 2754.0 2755.0 2750.0 2752.0 2755.0 2752.0 2751.0 2750.0 2729.0 2739.0 2528.0 2528.0 2418.0 
2139.0 2132.0 2121.0 2113.0 1706.0 1493.0 1089.0 989.0 730.0 607.0 364.0 115.0 0 266.0 487.0 697.0 962.0 1312.0 1573.0 1902.0 2049.0 2298.0 2584.0 2690.0 2810.0 3183.0 3284.0 3387.0 3508.0 3508.0 3634.0 3565.0 3286.0 3182.0 3182.0 3071.0 2805.0 2532.0 2644.0 2634.0 2866.0 2863.0 2868.0 2866.0 2869.0 2870.0 2865.0 2867.0 2870.0 2867.0 2866.0 2865.0 2844.0 2854.0 2643.0 2643.0 2533.0 
2405.0 2398.0 2387.0 2379.0 1972.0 1759.0 1355.0 1255.0 996.0 873.0 630.0 381.0 266.0 0 221.0 431.0 696.0 1046.0 1307.0 1636.0 1783.0 2032.0 2318.0 2424.0 2544.0 2917.0 3018.0 3121.0 3242.0 3242.0 3368.0 3499.0 3552.0 3448.0 3448.0 3337.0 3071.0 2798.0 2910.0 2900.0 3132.0 3129.0 3134.0 3132.0 3135.0 3136.0 3131.0 3133.0 3136.0 3133.0 3132.0 3131.0 3110.0 3120.0 2909.0 2909.0 2799.0 
2626.0 2619.0 2608.0 2600.0 2193.0 1980.0 1576.0 1476.0 1217.0 1094.0 851.0 602.0 487.0 221.0 0 210.0 475.0 825.0 1086.0 1415.0 1562.0 1811.0 2097.0 2203.0 2323.0 2696.0 2797.0 2900.0 3021.0 3021.0 3147.0 3278.0 3557.0 3665.0 3665.0 3558.0 3292.0 3019.0 3131.0 3121.0 3353.0 3350.0 3355.0 3353.0 3356.0 3357.0 3352.0 3354.0 3357.0 3354.0 3353.0 3352.0 3331.0 3341.0 3130.0 3130.0 3020.0 
2836.0 2829.0 2818.0 2810.0 2403.0 2190.0 1786.0 1686.0 1427.0 1304.0 1061.0 812.0 697.0 431.0 210.0 0 265.0 615.0 876.0 1205.0 1352.0 1601.0 1887.0 1993.0 2113.0 2486.0 2587.0 2690.0 2811.0 2811.0 2937.0 3068.0 3347.0 3455.0 3455.0 3562.0 3502.0 3229.0 3341.0 3331.0 3563.0 3560.0 3565.0 3563.0 3566.0 3567.0 3562.0 3564.0 3567.0 3564.0 3563.0 3562.0 3541.0 3551.0 3340.0 3340.0 3230.0 
3101.0 3094.0 3083.0 3075.0 2668.0 2455.0 2051.0 1951.0 1692.0 1569.0 1326.0 1077.0 962.0 696.0 475.0 265.0 0 350.0 611.0 940.0 1087.0 1336.0 1622.0 1728.0 1848.0 2221.0 2322.0 2425.0 2546.0 2546.0 2672.0 2803.0 3082.0 3190.0 3190.0 3297.0 3563.0 3494.0 3606.0 3596.0 3828.0 3825.0 3830.0 3828.0 3831.0 3832.0 3827.0 3829.0 3832.0 3829.0 3828.0 3827.0 3806.0 3816.0 3605.0 3605.0 3495.0 
3451.0 3444.0 3433.0 3425.0 3018.0 2805.0 2401.0 2301.0 2042.0 1919.0 1676.0 1427.0 1312.0 1046.0 825.0 615.0 350.0 0 261.0 590.0 737.0 986.0 1272.0 1378.0 1498.0 1871.0 1972.0 2075.0 2196.0 2196.0 2322.0 2453.0 2732.0 2840.0 2840.0 2947.0 3213.0 3486.0 3598.0 3588.0 3820.0 3817.0 3822.0 3820.0 3823.0 3824.0 3819.0 3821.0 3824.0 3821.0 3820.0 3819.0 3798.0 3808.0 3597.0 3597.0 3487.0 
3618.0 3625.0 3636.0 3644.0 3279.0 3066.0 2662.0 2562.0 2303.0 2180.0 1937.0 1688.0 1573.0 1307.0 1086.0 876.0 611.0 261.0 0 329.0 476.0 725.0 1011.0 1117.0 1237.0 1610.0 1711.0 1814.0 1935.0 1935.0 2061.0 2192.0 2471.0 2579.0 2579.0 2686.0 2952.0 3225.0 3337.0 3327.0 3559.0 3556.0 3561.0 3559.0 3562.0 3563.0 3558.0 3560.0 3563.0 3560.0 3559.0 3558.0 3537.0 3547.0 3336.0 3336.0 3226.0 
3289.0 3296.0 3307.0 3315.0 3608.0 3395.0 2991.0 2891.0 2632.0 2509.0 2266.0 2017.0 1902.0 1636.0 1415.0 1205.0 940.0 590.0 329.0 0 147.0 396.0 682.0 788.0 908.0 1281.0 1382.0 1485.0 1606.0 1606.0 1732.0 1863.0 2142.0 2250.0 2250.0 2357.0 2623.0 2896.0 3008.0 2998.0 3230.0 3227.0 3232.0 3230.0 3233.0 3234.0 3229.0 3231.0 3234.0 3231.0 3230.0 3229.0 3208.0 3218.0 3007.0 3007.0 2897.0 
3142.0 3149.0 3160.0 3168.0 3575.0 3542.0 3138.0 3038.0 2779.0 2656.0 2413.0 2164.0 2049.0 1783.0 1562.0 1352.0 1087.0 737.0 476.0 147.0 0 249.0 535.0 641.0 761.0 1134.0 1235.0 1338.0 1459.0 1459.0 1585.0 1716.0 1995.0 2103.0 2103.0 2210.0 2476.0 2749.0 2861.0 2851.0 3083.0 3080.0 3085.0 3083.0 3086.0 3087.0 3082.0 3084.0 3087.0 3084.0 3083.0 3082.0 3061.0 3071.0 2860.0 2860.0 2750.0 
2893.0 2900.0 2911.0 2919.0 3326.0 3539.0 3387.0 3287.0 3028.0 2905.0 2662.0 2413.0 2298.0 2032.0 1811.0 1601.0 1336.0 986.0 725.0 396.0 249.0 0 286.0 392.0 512.0 885.0 986.0 1089.0 1210.0 1210.0 1336.0 1467.0 1746.0 1854.0 1854.0 1961.0 2227.0 2500.0 2612.0 2602.0 2834.0 2831.0 2836.0 2834.0 2837.0 2838.0 2833.0 2835.0 2838.0 2835.0 2834.0 2833.0 2812.0 2822.0 2611.0 2611.0 2501.0 
2607.0 2614.0 2625.0 2633.0 3040.0 3253.0 3657.0 3573.0 3314.0 3191.0 2948.0 2699.0 2584.0 2318.0 2097.0 1887.0 1622.0 1272.0 1011.0 682.0 535.0 286.0 0 106.0 226.0 599.0 700.0 803.0 924.0 924.0 1050.0 1181.0 1460.0 1568.0 1568.0 1675.0 1941.0 2214.0 2326.0 2316.0 2548.0 2545.0 2550.0 2548.0 2551.0 2552.0 2547.0 2549.0 2552.0 2549.0 2548.0 2547.0 2526.0 2536.0 2325.0 2325.0 2215.0 
2501.0 2508.0 2519.0 2527.0 2934.0 3147.0 3551.0 3651.0 3420.0 3297.0 3054.0 2805.0 2690.0 2424.0 2203.0 1993.0 1728.0 1378.0 1117.0 788.0 641.0 392.0 106.0 0 120.0 493.0 594.0 697.0 818.0 818.0 944.0 1075.0 1354.0 1462.0 1462.0 1569.0 1835.0 2108.0 2220.0 2210.0 2442.0 2439.0 2444.0 2442.0 2445.0 2446.0 2441.0 2443.0 2446.0 2443.0 2442.0 2441.0 2420.0 2430.0 2219.0 2219.0 2109.0 
2381.0 2388.0 2399.0 2407.0 2814.0 3027.0 3431.0 3531.0 3540.0 3417.0 3174.0 2925.0 2810.0 2544.0 2323.0 2113.0 1848.0 1498.0 1237.0 908.0 761.0 512.0 226.0 120.0 0 373.0 474.0 577.0 698.0 698.0 824.0 955.0 1234.0 1342.0 1342.0 1449.0 1715.0 1988.0 2100.0 2090.0 2322.0 2319.0 2324.0 2322.0 2325.0 2326.0 2321.0 2323.0 2326.0 2323.0 2322.0 2321.0 2300.0 2310.0 2099.0 2099.0 1989.0 
2008.0 2015.0 2026.0 2034.0 2441.0 2654.0 3058.0 3158.0 3417.0 3540.0 3547.0 3298.0 3183.0 2917.0 2696.0 2486.0 2221.0 1871.0 1610.0 1281.0 1134.0 885.0 599.0 493.0 373.0 0 101.0 204.0 325.0 325.0 451.0 582.0 861.0 969.0 969.0 1076.0 1342.0 1615.0 1727.0 1717.0 1949.0 1946.0 1951.0 1949.0 1952.0 1953.0 1948.0 1950.0 1953.0 1950.0 1949.0 1948.0 1927.0 1937.0 1726.0 1726.0 1616.0 
1907.0 1914.0 1925.0 1933.0 2340.0 2553.0 2957.0 3057.0 3316.0 3439.0 3648.0 3399.0 3284.0 3018.0 2797.0 2587.0 2322.0 1972.0 1711.0 1382.0 1235.0 986.0 700.0 594.0 474.0 101.0 0 103.0 224.0 224.0 350.0 481.0 760.0 868.0 868.0 975.0 1241.0 1514.0 1626.0 1616.0 1848.0 1845.0 1850.0 1848.0 1851.0 1852.0 1847.0 1849.0 1852.0 1849.0 1848.0 1847.0 1826.0 1836.0 1625.0 1625.0 1515.0 
1804.0 1811.0 1822.0 1830.0 2237.0 2450.0 2854.0 2954.0 3213.0 3336.0 3579.0 3502.0 3387.0 3121.0 2900.0 2690.0 2425.0 2075.0 1814.0 1485.0 1338.0 1089.0 803.0 697.0 577.0 204.0 103.0 0 121.0 121.0 247.0 378.0 657.0 765.0 765.0 872.0 1138.0 1411.0 1523.0 1513.0 1745.0 1742.0 1747.0 1745.0 1748.0 1749.0 1744.0 1746.0 1749.0 1746.0 1745.0 1744.0 1723.0 1733.0 1522.0 1522.0 1412.0 
1687.0 1694.0 1705.0 1713.0 2120.0 2333.0 2737.0 2837.0 3096.0 3219.0 3462.0 3623.0 3508.0 3242.0 3021.0 2811.0 2546.0 2196.0 1935.0 1606.0 1459.0 1210.0 924.0 818.0 698.0 325.0 224.0 121.0 0 4.0 130.0 261.0 540.0 648.0 648.0 755.0 1021.0 1294.0 1406.0 1396.0 1628.0 1625.0 1630.0 1628.0 1631.0 1632.0 1627.0 1629.0 1632.0 1629.0 1628.0 1627.0 1606.0 1616.0 1405.0 1405.0 1295.0 
1687.0 1694.0 1705.0 1713.0 2120.0 2333.0 2737.0 2837.0 3096.0 3219.0 3462.0 3623.0 3508.0 3242.0 3021.0 2811.0 2546.0 2196.0 1935.0 1606.0 1459.0 1210.0 924.0 818.0 698.0 325.0 224.0 121.0 4.0 0 130.0 261.0 540.0 648.0 648.0 755.0 1021.0 1294.0 1406.0 1396.0 1628.0 1625.0 1630.0 1628.0 1631.0 1632.0 1627.0 1629.0 1632.0 1629.0 1628.0 1627.0 1606.0 1616.0 1405.0 1405.0 1295.0 
1557.0 1564.0 1575.0 1583.0 1990.0 2203.0 2607.0 2707.0 2966.0 3089.0 3332.0 3581.0 3634.0 3368.0 3147.0 2937.0 2672.0 2322.0 2061.0 1732.0 1585.0 1336.0 1050.0 944.0 824.0 451.0 350.0 247.0 130.0 130.0 0 131.0 410.0 518.0 518.0 625.0 891.0 1164.0 1276.0 1266.0 1498.0 1495.0 1500.0 1498.0 1501.0 1502.0 1497.0 1499.0 1502.0 1499.0 1498.0 1497.0 1476.0 1486.0 1275.0 1275.0 1165.0 
1426.0 1433.0 1444.0 1452.0 1859.0 2072.0 2476.0 2576.0 2835.0 2958.0 3201.0 3450.0 3565.0 3499.0 3278.0 3068.0 2803.0 2453.0 2192.0 1863.0 1716.0 1467.0 1181.0 1075.0 955.0 582.0 481.0 378.0 261.0 261.0 131.0 0 279.0 387.0 387.0 494.0 760.0 1033.0 1145.0 1135.0 1367.0 1364.0 1369.0 1367.0 1370.0 1371.0 1366.0 1368.0 1371.0 1368.0 1367.0 1366.0 1345.0 1355.0 1144.0 1144.0 1034.0 
1147.0 1154.0 1165.0 1173.0 1580.0 1793.0 2197.0 2297.0 2556.0 2679.0 2922.0 3171.0 3286.0 3552.0 3557.0 3347.0 3082.0 2732.0 2471.0 2142.0 1995.0 1746.0 1460.0 1354.0 1234.0 861.0 760.0 657.0 540.0 540.0 410.0 279.0 0 108.0 108.0 215.0 481.0 754.0 866.0 856.0 1088.0 1085.0 1090.0 1088.0 1091.0 1092.0 1087.0 1089.0 1092.0 1089.0 1088.0 1087.0 1066.0 1076.0 865.0 865.0 755.0 
1043.0 1050.0 1061.0 1069.0 1476.0 1689.0 2093.0 2193.0 2452.0 2575.0 2818.0 3067.0 3182.0 3448.0 3665.0 3455.0 3190.0 2840.0 2579.0 2250.0 2103.0 1854.0 1568.0 1462.0 1342.0 969.0 868.0 765.0 648.0 648.0 518.0 387.0 108.0 0 4.0 111.0 377.0 650.0 762.0 752.0 984.0 981.0 986.0 984.0 987.0 988.0 983.0 985.0 988.0 985.0 984.0 983.0 962.0 972.0 761.0 761.0 651.0 
1043.0 1050.0 1061.0 1069.0 1476.0 1689.0 2093.0 2193.0 2452.0 2575.0 2818.0 3067.0 3182.0 3448.0 3665.0 3455.0 3190.0 2840.0 2579.0 2250.0 2103.0 1854.0 1568.0 1462.0 1342.0 969.0 868.0 765.0 648.0 648.0 518.0 387.0 108.0 4.0 0 111.0 377.0 650.0 762.0 752.0 984.0 981.0 986.0 984.0 987.0 988.0 983.0 985.0 988.0 985.0 984.0 983.0 962.0 972.0 761.0 761.0 651.0 
932.0 939.0 950.0 958.0 1365.0 1578.0 1982.0 2082.0 2341.0 2464.0 2707.0 2956.0 3071.0 3337.0 3558.0 3562.0 3297.0 2947.0 2686.0 2357.0 2210.0 1961.0 1675.0 1569.0 1449.0 1076.0 975.0 872.0 755.0 755.0 625.0 494.0 215.0 111.0 111.0 0 266.0 539.0 651.0 641.0 873.0 870.0 875.0 873.0 876.0 877.0 872.0 874.0 877.0 874.0 873.0 872.0 851.0 861.0 650.0 650.0 540.0 
666.0 673.0 684.0 692.0 1099.0 1312.0 1716.0 1816.0 2075.0 2198.0 2441.0 2690.0 2805.0 3071.0 3292.0 3502.0 3563.0 3213.0 2952.0 2623.0 2476.0 2227.0 1941.0 1835.0 1715.0 1342.0 1241.0 1138.0 1021.0 1021.0 891.0 760.0 481.0 377.0 377.0 266.0 0 273.0 385.0 375.0 607.0 604.0 609.0 607.0 610.0 611.0 606.0 608.0 611.0 608.0 607.0 606.0 585.0 595.0 384.0 384.0 274.0 
393.0 400.0 411.0 419.0 826.0 1039.0 1443.0 1543.0 1802.0 1925.0 2168.0 2417.0 2532.0 2798.0 3019.0 3229.0 3494.0 3486.0 3225.0 2896.0 2749.0 2500.0 2214.0 2108.0 1988.0 1615.0 1514.0 1411.0 1294.0 1294.0 1164.0 1033.0 754.0 650.0 650.0 539.0 273.0 0 112.0 102.0 334.0 331.0 336.0 334.0 337.0 338.0 333.0 335.0 338.0 335.0 334.0 333.0 312.0 322.0 111.0 111.0 1.0 
505.0 512.0 523.0 531.0 938.0 1151.0 1555.0 1655.0 1914.0 2037.0 2280.0 2529.0 2644.0 2910.0 3131.0 3341.0 3606.0 3598.0 3337.0 3008.0 2861.0 2612.0 2326.0 2220.0 2100.0 1727.0 1626.0 1523.0 1406.0 1406.0 1276.0 1145.0 866.0 762.0 762.0 651.0 385.0 112.0 0 10.0 243.0 240.0 245.0 243.0 246.0 247.0 242.0 244.0 247.0 244.0 243.0 242.0 319.0 329.0 221.0 221.0 111.0 
495.0 502.0 513.0 521.0 928.0 1141.0 1545.0 1645.0 1904.0 2027.0 2270.0 2519.0 2634.0 2900.0 3121.0 3331.0 3596.0 3588.0 3327.0 2998.0 2851.0 2602.0 2316.0 2210.0 2090.0 1717.0 1616.0 1513.0 1396.0 1396.0 1266.0 1135.0 856.0 752.0 752.0 641.0 375.0 102.0 10.0 0 233.0 230.0 235.0 233.0 236.0 237.0 232.0 234.0 237.0 234.0 233.0 232.0 309.0 319.0 211.0 211.0 101.0 
727.0 734.0 745.0 753.0 1160.0 1373.0 1777.0 1877.0 2136.0 2259.0 2502.0 2751.0 2866.0 3132.0 3353.0 3563.0 3828.0 3820.0 3559.0 3230.0 3083.0 2834.0 2548.0 2442.0 2322.0 1949.0 1848.0 1745.0 1628.0 1628.0 1498.0 1367.0 1088.0 984.0 984.0 873.0 607.0 334.0 243.0 233.0 0 3.0 8.0 6.0 3.0 6.0 5.0 7.0 10.0 7.0 6.0 5.0 143.0 153.0 243.0 243.0 333.0 
724.0 731.0 742.0 750.0 1157.0 1370.0 1774.0 1874.0 2133.0 2256.0 2499.0 2748.0 2863.0 3129.0 3350.0 3560.0 3825.0 3817.0 3556.0 3227.0 3080.0 2831.0 2545.0 2439.0 2319.0 1946.0 1845.0 1742.0 1625.0 1625.0 1495.0 1364.0 1085.0 981.0 981.0 870.0 604.0 331.0 240.0 230.0 3.0 0 5.0 3.0 6.0 7.0 6.0 4.0 7.0 8.0 7.0 2.0 140.0 150.0 240.0 240.0 330.0 
729.0 736.0 747.0 755.0 1162.0 1375.0 1779.0 1879.0 2138.0 2261.0 2504.0 2753.0 2868.0 3134.0 3355.0 3565.0 3830.0 3822.0 3561.0 3232.0 3085.0 2836.0 2550.0 2444.0 2324.0 1951.0 1850.0 1747.0 1630.0 1630.0 1500.0 1369.0 1090.0 986.0 986.0 875.0 609.0 336.0 245.0 235.0 8.0 5.0 0 2.0 5.0 2.0 7.0 5.0 2.0 5.0 8.0 7.0 145.0 155.0 245.0 245.0 335.0 
727.0 734.0 745.0 753.0 1160.0 1373.0 1777.0 1877.0 2136.0 2259.0 2502.0 2751.0 2866.0 3132.0 3353.0 3563.0 3828.0 3820.0 3559.0 3230.0 3083.0 2834.0 2548.0 2442.0 2322.0 1949.0 1848.0 1745.0 1628.0 1628.0 1498.0 1367.0 1088.0 984.0 984.0 873.0 607.0 334.0 243.0 233.0 6.0 3.0 2.0 0 3.0 4.0 9.0 7.0 4.0 7.0 6.0 5.0 143.0 153.0 243.0 243.0 333.0 
730.0 737.0 748.0 756.0 1163.0 1376.0 1780.0 1880.0 2139.0 2262.0 2505.0 2754.0 2869.0 3135.0 3356.0 3566.0 3831.0 3823.0 3562.0 3233.0 3086.0 2837.0 2551.0 2445.0 2325.0 1952.0 1851.0 1748.0 1631.0 1631.0 1501.0 1370.0 1091.0 987.0 987.0 876.0 610.0 337.0 246.0 236.0 3.0 6.0 5.0 3.0 0 3.0 8.0 10.0 7.0 6.0 3.0 8.0 146.0 156.0 246.0 246.0 336.0 
731.0 738.0 749.0 757.0 1164.0 1377.0 1781.0 1881.0 2140.0 2263.0 2506.0 2755.0 2870.0 3136.0 3357.0 3567.0 3832.0 3824.0 3563.0 3234.0 3087.0 2838.0 2552.0 2446.0 2326.0 1953.0 1852.0 1749.0 1632.0 1632.0 1502.0 1371.0 1092.0 988.0 988.0 877.0 611.0 338.0 247.0 237.0 6.0 7.0 2.0 4.0 3.0 0 5.0 7.0 4.0 3.0 6.0 9.0 147.0 157.0 247.0 247.0 337.0 
726.0 733.0 744.0 752.0 1159.0 1372.0 1776.0 1876.0 2135.0 2258.0 2501.0 2750.0 2865.0 3131.0 3352.0 3562.0 3827.0 3819.0 3558.0 3229.0 3082.0 2833.0 2547.0 2441.0 2321.0 1948.0 1847.0 1744.0 1627.0 1627.0 1497.0 1366.0 1087.0 983.0 983.0 872.0 606.0 333.0 242.0 232.0 5.0 6.0 7.0 9.0 8.0 5.0 0 2.0 5.0 2.0 5.0 4.0 142.0 152.0 242.0 242.0 332.0 
728.0 735.0 746.0 754.0 1161.0 1374.0 1778.0 1878.0 2137.0 2260.0 2503.0 2752.0 2867.0 3133.0 3354.0 3564.0 3829.0 3821.0 3560.0 3231.0 3084.0 2835.0 2549.0 2443.0 2323.0 1950.0 1849.0 1746.0 1629.0 1629.0 1499.0 1368.0 1089.0 985.0 985.0 874.0 608.0 335.0 244.0 234.0 7.0 4.0 5.0 7.0 10.0 7.0 2.0 0 3.0 4.0 7.0 2.0 144.0 154.0 244.0 244.0 334.0 
731.0 738.0 749.0 757.0 1164.0 1377.0 1781.0 1881.0 2140.0 2263.0 2506.0 2755.0 2870.0 3136.0 3357.0 3567.0 3832.0 3824.0 3563.0 3234.0 3087.0 2838.0 2552.0 2446.0 2326.0 1953.0 1852.0 1749.0 1632.0 1632.0 1502.0 1371.0 1092.0 988.0 988.0 877.0 611.0 338.0 247.0 237.0 10.0 7.0 2.0 4.0 7.0 4.0 5.0 3.0 0 3.0 6.0 5.0 147.0 157.0 247.0 247.0 337.0 
728.0 735.0 746.0 754.0 1161.0 1374.0 1778.0 1878.0 2137.0 2260.0 2503.0 2752.0 2867.0 3133.0 3354.0 3564.0 3829.0 3821.0 3560.0 3231.0 3084.0 2835.0 2549.0 2443.0 2323.0 1950.0 1849.0 1746.0 1629.0 1629.0 1499.0 1368.0 1089.0 985.0 985.0 874.0 608.0 335.0 244.0 234.0 7.0 8.0 5.0 7.0 6.0 3.0 2.0 4.0 3.0 0 3.0 6.0 144.0 154.0 244.0 244.0 334.0 
727.0 734.0 745.0 753.0 1160.0 1373.0 1777.0 1877.0 2136.0 2259.0 2502.0 2751.0 2866.0 3132.0 3353.0 3563.0 3828.0 3820.0 3559.0 3230.0 3083.0 2834.0 2548.0 2442.0 2322.0 1949.0 1848.0 1745.0 1628.0 1628.0 1498.0 1367.0 1088.0 984.0 984.0 873.0 607.0 334.0 243.0 233.0 6.0 7.0 8.0 6.0 3.0 6.0 5.0 7.0 6.0 3.0 0 5.0 143.0 153.0 243.0 243.0 333.0 
726.0 733.0 744.0 752.0 1159.0 1372.0 1776.0 1876.0 2135.0 2258.0 2501.0 2750.0 2865.0 3131.0 3352.0 3562.0 3827.0 3819.0 3558.0 3229.0 3082.0 2833.0 2547.0 2441.0 2321.0 1948.0 1847.0 1744.0 1627.0 1627.0 1497.0 1366.0 1087.0 983.0 983.0 872.0 606.0 333.0 242.0 232.0 5.0 2.0 7.0 5.0 8.0 9.0 4.0 2.0 5.0 6.0 5.0 0 142.0 152.0 242.0 242.0 332.0 
705.0 712.0 723.0 731.0 1138.0 1351.0 1755.0 1855.0 2114.0 2237.0 2480.0 2729.0 2844.0 3110.0 3331.0 3541.0 3806.0 3798.0 3537.0 3208.0 3061.0 2812.0 2526.0 2420.0 2300.0 1927.0 1826.0 1723.0 1606.0 1606.0 1476.0 1345.0 1066.0 962.0 962.0 851.0 585.0 312.0 319.0 309.0 143.0 140.0 145.0 143.0 146.0 147.0 142.0 144.0 147.0 144.0 143.0 142.0 0 27.3 221.0 221.0 311.0 
715.0 722.0 733.0 741.0 1148.0 1361.0 1765.0 1865.0 2124.0 2247.0 2490.0 2739.0 2854.0 3120.0 3341.0 3551.0 3816.0 3808.0 3547.0 3218.0 3071.0 2822.0 2536.0 2430.0 2310.0 1937.0 1836.0 1733.0 1616.0 1616.0 1486.0 1355.0 1076.0 972.0 972.0 861.0 595.0 322.0 329.0 319.0 153.0 150.0 155.0 153.0 156.0 157.0 152.0 154.0 157.0 154.0 153.0 152.0 27.3 0 231.0 231.0 321.0 
504.0 511.0 522.0 530.0 937.0 1150.0 1554.0 1654.0 1913.0 2036.0 2279.0 2528.0 2643.0 2909.0 3130.0 3340.0 3605.0 3597.0 3336.0 3007.0 2860.0 2611.0 2325.0 2219.0 2099.0 1726.0 1625.0 1522.0 1405.0 1405.0 1275.0 1144.0 865.0 761.0 761.0 650.0 384.0 111.0 221.0 211.0 243.0 240.0 245.0 243.0 246.0 247.0 242.0 244.0 247.0 244.0 243.0 242.0 221.0 231.0 0 17.3 110.0 
504.0 511.0 522.0 530.0 937.0 1150.0 1554.0 1654.0 1913.0 2036.0 2279.0 2528.0 2643.0 2909.0 3130.0 3340.0 3605.0 3597.0 3336.0 3007.0 2860.0 2611.0 2325.0 2219.0 2099.0 1726.0 1625.0 1522.0 1405.0 1405.0 1275.0 1144.0 865.0 761.0 761.0 650.0 384.0 111.0 221.0 211.0 243.0 240.0 245.0 243.0 246.0 247.0 242.0 244.0 247.0 244.0 243.0 242.0 221.0 231.0 17.3 0 110.0 
394.0 401.0 412.0 420.0 827.0 1040.0 1444.0 1544.0 1803.0 1926.0 2169.0 2418.0 2533.0 2799.0 3020.0 3230.0 3495.0 3487.0 3226.0 2897.0 2750.0 2501.0 2215.0 2109.0 1989.0 1616.0 1515.0 1412.0 1295.0 1295.0 1165.0 1034.0 755.0 651.0 651.0 540.0 274.0 1.0 111.0 101.0 333.0 330.0 335.0 333.0 336.0 337.0 332.0 334.0 337.0 334.0 333.0 332.0 311.0 321.0 110.0 110.0 0 
