29
23 24 12 29 6 34 42 43 35 40 36 39 38 37 41 3 4 50 51 53 90 92 57 59 97 98 61 63 10
0 10.0 221.0 231.0 243.0 244.0 243.0 244.0 247.0 242.0 244.0 247.0 246.0 243.0 240.0 221.0 211.0 111.0 222.0 514.0 396.0 396.0 258.0 240.0 239.0 239.0 234.0 225.0 110.0 
10.0 0 211.0 221.0 233.0 234.0 233.0 234.0 237.0 232.0 234.0 237.0 236.0 233.0 230.0 211.0 201.0 101.0 212.0 504.0 386.0 386.0 248.0 230.0 229.0 229.0 224.0 215.0 100.0 
221.0 211.0 0 27.3 143.0 144.0 143.0 144.0 147.0 142.0 144.0 147.0 146.0 143.0 140.0 319.0 309.0 312.0 423.0 715.0 597.0 597.0 459.0 441.0 440.0 440.0 435.0 426.0 311.0 
231.0 221.0 27.3 0 153.0 154.0 153.0 154.0 157.0 152.0 154.0 157.0 156.0 153.0 150.0 329.0 319.0 322.0 433.0 725.0 607.0 607.0 469.0 451.0 450.0 450.0 445.0 436.0 321.0 
243.0 233.0 143.0 153.0 0 7.0 10.0 7.0 4.0 5.0 3.0 4.0 7.0 6.0 7.0 243.0 233.0 334.0 445.0 737.0 619.0 619.0 481.0 463.0 462.0 462.0 457.0 448.0 333.0 
244.0 234.0 144.0 154.0 7.0 0 3.0 6.0 3.0 6.0 8.0 7.0 6.0 7.0 4.0 244.0 234.0 335.0 446.0 738.0 620.0 620.0 482.0 464.0 463.0 463.0 458.0 449.0 334.0 
243.0 233.0 143.0 153.0 10.0 3.0 0 3.0 6.0 5.0 7.0 6.0 3.0 6.0 3.0 243.0 233.0 334.0 445.0 737.0 619.0 619.0 481.0 463.0 462.0 462.0 457.0 448.0 333.0 
244.0 234.0 144.0 154.0 7.0 6.0 3.0 0 3.0 2.0 4.0 3.0 6.0 7.0 4.0 244.0 234.0 335.0 446.0 738.0 620.0 620.0 482.0 464.0 463.0 463.0 458.0 449.0 334.0 
247.0 237.0 147.0 157.0 4.0 3.0 6.0 3.0 0 5.0 7.0 4.0 7.0 10.0 7.0 247.0 237.0 338.0 449.0 741.0 623.0 623.0 485.0 467.0 466.0 466.0 461.0 452.0 337.0 
242.0 232.0 142.0 152.0 5.0 6.0 5.0 2.0 5.0 0 2.0 5.0 8.0 5.0 2.0 242.0 232.0 333.0 444.0 736.0 618.0 618.0 480.0 462.0 461.0 461.0 456.0 447.0 332.0 
244.0 234.0 144.0 154.0 3.0 8.0 7.0 4.0 7.0 2.0 0 3.0 6.0 3.0 4.0 244.0 234.0 335.0 446.0 738.0 620.0 620.0 482.0 464.0 463.0 463.0 458.0 449.0 334.0 
247.0 237.0 147.0 157.0 4.0 7.0 6.0 3.0 4.0 5.0 3.0 0 3.0 6.0 7.0 247.0 237.0 338.0 449.0 741.0 623.0 623.0 485.0 467.0 466.0 466.0 461.0 452.0 337.0 
246.0 236.0 146.0 156.0 7.0 6.0 3.0 6.0 7.0 8.0 6.0 3.0 0 3.0 6.0 246.0 236.0 337.0 448.0 740.0 622.0 622.0 484.0 466.0 465.0 465.0 460.0 451.0 336.0 
243.0 233.0 143.0 153.0 6.0 7.0 6.0 7.0 10.0 5.0 3.0 6.0 3.0 0 3.0 243.0 233.0 334.0 445.0 737.0 619.0 619.0 481.0 463.0 462.0 462.0 457.0 448.0 333.0 
240.0 230.0 140.0 150.0 7.0 4.0 3.0 4.0 7.0 2.0 4.0 7.0 6.0 3.0 0 240.0 230.0 331.0 442.0 734.0 616.0 616.0 478.0 460.0 459.0 459.0 454.0 445.0 330.0 
221.0 211.0 319.0 329.0 243.0 244.0 243.0 244.0 247.0 242.0 244.0 247.0 246.0 243.0 240.0 0 10.0 112.0 223.0 515.0 397.0 397.0 259.0 241.0 240.0 240.0 235.0 226.0 111.0 
211.0 201.0 309.0 319.0 233.0 234.0 233.0 234.0 237.0 232.0 234.0 237.0 236.0 233.0 230.0 10.0 0 102.0 213.0 505.0 387.0 387.0 249.0 231.0 230.0 230.0 225.0 216.0 101.0 
111.0 101.0 312.0 322.0 334.0 335.0 334.0 335.0 338.0 333.0 335.0 338.0 337.0 334.0 331.0 112.0 102.0 0 111.0 403.0 285.0 285.0 147.0 129.0 128.0 128.0 123.0 114.0 1.0 
222.0 212.0 423.0 433.0 445.0 446.0 445.0 446.0 449.0 444.0 446.0 449.0 448.0 445.0 442.0 223.0 213.0 111.0 0 292.0 396.0 396.0 258.0 240.0 239.0 239.0 234.0 225.0 112.0 
514.0 504.0 715.0 725.0 737.0 738.0 737.0 738.0 741.0 736.0 738.0 741.0 740.0 737.0 734.0 515.0 505.0 403.0 292.0 0 225.0 225.0 359.0 377.0 382.0 382.0 383.0 392.0 404.0 
396.0 386.0 597.0 607.0 619.0 620.0 619.0 620.0 623.0 618.0 620.0 623.0 622.0 619.0 616.0 397.0 387.0 285.0 396.0 225.0 0 4.0 138.0 156.0 161.0 161.0 162.0 171.0 286.0 
396.0 386.0 597.0 607.0 619.0 620.0 619.0 620.0 623.0 618.0 620.0 623.0 622.0 619.0 616.0 397.0 387.0 285.0 396.0 225.0 4.0 0 138.0 156.0 161.0 161.0 162.0 171.0 286.0 
258.0 248.0 459.0 469.0 481.0 482.0 481.0 482.0 485.0 480.0 482.0 485.0 484.0 481.0 478.0 259.0 249.0 147.0 258.0 359.0 138.0 138.0 0 18.0 23.0 23.0 24.0 33.0 148.0 
240.0 230.0 441.0 451.0 463.0 464.0 463.0 464.0 467.0 462.0 464.0 467.0 466.0 463.0 460.0 241.0 231.0 129.0 240.0 377.0 156.0 156.0 18.0 0 5.0 5.0 6.0 15.0 130.0 
239.0 229.0 440.0 450.0 462.0 463.0 462.0 463.0 466.0 461.0 463.0 466.0 465.0 462.0 459.0 240.0 230.0 128.0 239.0 382.0 161.0 161.0 23.0 5.0 0 4.0 5.0 14.0 129.0 
239.0 229.0 440.0 450.0 462.0 463.0 462.0 463.0 466.0 461.0 463.0 466.0 465.0 462.0 459.0 240.0 230.0 128.0 239.0 382.0 161.0 161.0 23.0 5.0 4.0 0 5.0 14.0 129.0 
234.0 224.0 435.0 445.0 457.0 458.0 457.0 458.0 461.0 456.0 458.0 461.0 460.0 457.0 454.0 235.0 225.0 123.0 234.0 383.0 162.0 162.0 24.0 6.0 5.0 5.0 0 9.0 124.0 
225.0 215.0 426.0 436.0 448.0 449.0 448.0 449.0 452.0 447.0 449.0 452.0 451.0 448.0 445.0 226.0 216.0 114.0 225.0 392.0 171.0 171.0 33.0 15.0 14.0 14.0 9.0 0 115.0 
110.0 100.0 311.0 321.0 333.0 334.0 333.0 334.0 337.0 332.0 334.0 337.0 336.0 333.0 330.0 111.0 101.0 1.0 112.0 404.0 286.0 286.0 148.0 130.0 129.0 129.0 124.0 115.0 0 
