56
35 86 14 144 67 25 15 6 96 16 80 11 40 69 26 50 19 2 10 43 37 88 8 63 81 72 46 87 5 62 70 161 97 31 3 100 54 12 42 33 23 92 77 36 79 93 71 21 191 66 4 78 27 186 195 0
0 23223666.881649997 60248412.43129999 61207115.623059995 69340786.08343999 77709186.65466999 63444126.42112 43101964.17932 41981032.39487 85285305.84511 61751114.457779996 66549798.57595 79880042.06691 84340588.35285999 79627033.52240999 88462746.09957 140446267.50168 39428411.15273 41184876.81121001 42247677.87826 54738262.01633 82865493.77159 102807294.16214 24439948.635259997 11936291.75114 48370673.59445 41231849.756 52418840.99128 66170020.98031999 67939354.0146 70123357.95973 88445916.44257998 90774312.87187 87770186.81779 67958663.59431 96171430.39635 42466890.42855 78794380.68252 66237750.40111 79953441.76347 39545377.96275 91268720.82019 48127391.95597 49108832.98278 48589284.98477 43129219.05744 46989114.16529 43841191.98689 51199214.151829995 58915199.42886999 54283863.28682999 19412164.063449997 26836139.43235 60056933.471429996 60816430.90209 44886346.69607 
23223666.88165 0 37024745.54965 44705592.044819996 54365574.999809995 62733975.57104 48995333.24768 50075260.09406 51196191.87851 70310094.76148 54449070.06126 51574587.49232 67740227.44512999 72200773.73108 76915426.48938999 86923338.14111 125471056.41804999 40229735.43667 38473269.77819 37410468.71114 36902003.67317 106089160.65324 114662701.42698999 47663615.51691 35159958.63279 43567677.98534 47855983.71558999 59042974.95086999 72794154.93991 74563487.97419 79338517.44337 87866216.9771 83148758.76614 80144632.71206 80534011.25062999 81196219.31272 43149297.00352 102018047.56417 79410992.88895999 78990032.65891999 62769044.8444 87061864.45473 71351058.83761999 72332499.86443 71812951.86642 40417612.02442 44277507.13227 54197780.68677 48487607.11881 45250597.55694 39308652.2032 4436952.97982 11860928.34872 45081722.3878 45841219.81846 68110013.57772 
60248412.4313 37024745.54965 0 7680846.49517 82092243.69500999 90460644.26623999 86020078.79732999 62412294.78296 61291362.998509996 64595799.81003 68039521.49788 54758875.85363 44670663.285569996 49131209.57151999 57764225.268429995 79629841.95004 140030134.41483998 40590525.37771 38834059.71923 37771258.65218 50261842.790249996 71376759.04615 91318559.4367 58311188.55956 68082644.7793 38487963.79367 57743773.98038 67579276.9567 62296684.662640005 60527351.62836 60462700.095149994 76967522.40073 64467251.623349994 61463125.56927 80765556.25077 118220964.86236998 64372085.91598 85941774.89296 58822377.98558 88476877.83585 74695163.62667 82436584.17071 67659338.69375 62172337.68327 73284718.62498 40778401.96546 44638297.07331 54558570.62781 48341302.549959995 40625317.27292 34683371.91918 41461698.52947 48885673.89837 71027716.2279 70268218.79724 54883587.37798999 
61207115.623059995 44705592.044819996 7680846.49517 0 74411397.19984 82779797.77106999 81442721.10957 57326313.171579994 56205381.38712999 56914953.31486 60358675.00271 47078029.35846 36989816.7904 41450363.076349996 50083378.77326 71948995.45487 145516878.61808 44843370.95179 43086905.29331 44149706.36036 56640290.49842999 63695912.55098 83637712.94153 50630342.064389996 69318463.98813 46168810.288839996 55456198.74826 66643189.98354 64898281.49922 63128948.46494 68143546.59031999 69286675.90556 56786405.12818 53782279.074099995 86606522.98591 121247983.09451999 56691239.42081 78260928.39779 51141531.49041 83666461.45302999 78948009.20075 74755737.67554 59978492.19858 54491491.188099995 78862027.01874 41142563.04708 45002458.154929996 54922731.709429994 40660456.05479 32944470.777749997 27002525.424009997 49142545.024639994 44308316.21061 68824507.42319 68750115.80724 62564433.87315999 
69340786.08344 54365574.999809995 82092243.69500999 74411397.19984 0 8368400.57123 36172843.00351 67396885.28456 68517817.06900999 79834383.93007 63973359.229849994 75069460.54576 68602075.32841 64141529.04246 55508513.34555 33549653.29358 71105481.41824 74261675.00166999 72505209.34319 73568010.41024 68517904.67842999 127327656.41596 115524549.31027 93780734.71869999 81277077.83458 85355354.01391 66099543.827199996 77286535.06247999 91037715.05151999 90640169.53942 90575518.00621 69282405.56481999 115440287.08160998 112436161.02752998 82263527.79898 122567761.14785999 64825381.408139996 83016534.75823 93280587.68711999 115513192.50332 86332115.60714999 96586153.62332 60760011.52295999 55273010.51248 100692442.96652 70560867.09696 74420762.20481 82868508.89269 62490872.002569996 54774886.72553 48832941.37179 49928622.01999 57978047.55051 86320657.04321 87080154.47387 102129894.39610998 
77709186.65467 62733975.57103999 90460644.26623999 82779797.77106999 8368400.57123 0 27804442.43228 59028484.71333 60149416.49778 88202784.50129999 72341759.80107999 83437861.11699 76970475.89964 72509929.61368999 63876913.916779995 41918053.86481 79473881.98946999 82630075.5729 80873609.91442 81936410.98146999 76886305.24966 127046912.97443 123892949.88149999 96801900.37037 89645478.40581 76986953.44268 57731143.25597 68918134.49125 82669314.48029 84438647.51457 88291742.06264 77650806.13605 111303518.03931 108299391.98523 73895127.22775 114199360.57663 73193781.97937 91384935.32946 98996054.91641 107144791.93209 94700516.17838 104954554.19455 69128412.09419 63641411.08371 109060843.53774999 78929267.66819 82789162.77603999 91236909.46392 70859272.5738 63143287.29676 57201341.94302 58297022.59121999 64938847.33124 94689057.61444 95448555.04509999 110498294.96733999 
63444126.42112 48995333.24768 86020078.79732999 81442721.10957 36172843.00351 27804442.43228 0 31224042.28105 32344974.0655 76827992.49683 95195947.51092 92321464.94198 98352782.87024 93892236.58429 85259220.88738 69722496.29709 107278324.42175 56558743.00326 54802277.34478 55865078.41182999 68355662.5499 108763156.73474 128704957.12528999 68997457.93809 67258151.95049 75713913.42401999 68575089.58557001 76072464.18688999 62321284.19785 60551951.16357 60487299.63036 78809858.11321 85183979.68869 88188105.74277 46090684.79547 86394918.14434999 66866821.989599995 119189377.76174 97723014.89774999 101194023.9567 90663381.25222 108814588.41444 78099280.28944 76452072.81235 95032972.48075 52857935.09855 56717830.2064 66638103.7609 56831401.5168 64547386.79384 70489332.14758 45183830.42948 37134404.89896 70355198.93803999 71114696.36869998 106212058.68497999 
43101964.17931999 50075260.094060004 62412294.78296 57326313.171579994 67396885.28456 59028484.71333 31224042.28105 0 1120931.78445 45603950.21578 83741390.63834 71859106.84887 71225269.26532999 66764722.97938 58131707.282469995 80090567.33444 107484599.41219999 25334700.722209997 23578235.063729998 24641036.130779997 37131620.26885 94549830.67471999 114491631.06526999 46430224.81581999 36034109.66944 44489871.142969996 37351047.304519996 44848421.905839995 31097241.916799996 29327908.882519998 29263257.349309996 47585815.832159996 82139545.13654 80551632.63852 51616477.88194 76505051.88989 35642779.70855 88369165.18292 66498972.61669999 85890698.9797 59439338.97116999 91115030.79419999 46875238.00839 45228030.53129999 67905458.87584 21633892.8175 25493787.92535 35414061.47985 29703887.91189 37419873.18893 43361818.54267 46263757.27586 38214331.74534 51883207.07993999 51123709.64928 74988016.40393 
41981032.39487 51196191.87851 61291362.998509996 56205381.38712999 68517817.06900999 60149416.497779995 32344974.0655 1120931.78445 0 44483018.43133 82620458.85389 70738175.06442 70104337.48087999 65643791.194929995 57010775.49801999 78969635.54999 106363667.62775 24213768.93776 22457303.27928 23520104.34633 36010688.4844 93428898.89027 113370699.28082 45309293.03137 37155041.453889996 43368939.35852 36230115.52007 43727490.12139 29976310.132349998 28206977.09807 28142325.56486 46464884.04771 81018613.35209 81672564.42297 50495546.09749 77625983.67434 34521847.9241 87248233.39847 65378040.83225 84769767.19525 58318407.18672 89994099.00975 47996169.79284 44107098.74685 66784527.09139 20512961.03305 24372856.1409 34293129.6954 28582956.127439998 36298941.404479995 42240886.758219995 47384689.06031 39335263.52979 50762275.29549 50002777.86483 73867084.61948 
85285305.84511 70310094.76148 64595799.81003 56914953.31486 79834383.93007 88202784.50129999 76827992.49683 45603950.21578 44483018.43133 0 79917878.99152 79214243.71347 68484263.48084 72944809.76679 81577825.4637 101769749.07333 150846686.05907997 48984584.34649 47228118.68801 48290919.75506 60781503.89313 120610865.86583999 115406737.4627 89792311.4627 76476703.74808 76836622.78691 69697798.94846 78098938.05958 74459328.56368 72689995.52939999 72625343.99619 74191420.5359 108636727.08930999 105632601.03523 94978564.52882 108315312.90868 79004866.35543 112019048.80719998 96657072.06143999 67766872.34587 74573461.28117 112530673.38498999 92479188.22417 88590117.17818 84830867.2439 49172460.93424 53032356.04209 62952629.59659 57242456.028629996 64958441.30566999 64777461.13346 65873141.78166 73922567.31218 79421775.19668 78662277.76602 118350103.05081 
61751114.45778 54449070.06126 68039521.49788 60358675.00271 63973359.229849994 72341759.80107999 95195947.51091999 83741390.63834 82620458.85389 79917878.99151999 0 97149751.59393999 91285477.63855 95746023.92449999 91002186.4346 97523012.52342999 127961151.30781999 74345170.06312 72588704.40463999 73651505.47168998 80395390.99669 124054587.55369 138207951.62041 37311165.82252 65044472.96643 91953408.32199 84814584.48354 90954142.51061 77202962.52157 78972295.55585 99578368.58467999 97474001.20714 110172253.39953999 107168127.34546 102591841.10124 126771383.41433999 83106316.88757 64941752.15592 106434487.52236 106013527.29232 92653559.17804 96669648.68476999 89970517.54213 84483516.53165 100775938.02796999 70644362.15841 74504257.26626 84424530.82076 62574367.06401999 54858381.786979996 48916436.43324 50012117.08144 58061542.611959994 84699571.2059 83940073.77524 94621738.58687 
66549798.57595 51574587.49231999 54758875.85362999 47078029.358459994 75069460.54576 83437861.11699 92321464.94198 71859106.84887 70738175.06442 79214243.71346998 97149751.59393999 0 16165639.95281 20626186.23876 29259201.935669996 51218061.98763999 143513500.56263 69457824.30534999 67701358.64686999 68764159.71391998 72512729.53552 83029914.32522 63088113.93467 66170073.66428 78486090.32709 93246839.6473 87261382.47799999 76074391.24272 62323211.25368 60553878.2194 63137270.995179996 81459829.47803 87141396.31082 84137270.25674 97250250.57269998 117766308.92289999 79719386.6137 119917711.26626 93052111.89698 110776307.91042 101682812.93711999 88853828.98315 83247903.29012 77760902.27964 95888592.27019998 65757016.40063999 69616911.50848998 78838462.78717 57687021.30624999 65403006.58328999 71344951.93702999 47137634.512499996 55187060.043019995 88407854.0821 89167351.51276 79375063.02614999 
79880042.06690998 67740227.44513 44670663.285569996 36989816.7904 68602075.32841 76970475.89964 98352782.87023999 71225269.26532999 70104337.48087999 68484263.48084 91285477.63855 16165639.95281 0 4460546.28595 13093561.982859999 35052422.03483 139707556.74664998 53292184.352539994 51535718.69405999 52598519.76110999 65089103.89917999 66864274.37241 46922473.98186 55440093.43165 80784303.75412999 83158627.07924 82965599.39849 82406538.06562999 78488851.20649 76719518.17221001 73942045.4708 73345096.70866999 93776221.91857998 90772095.86449999 90922189.47748 130421830.51351999 93681056.21120998 105998394.14046 79366330.31968999 94610667.95761 87027423.03165999 78123848.75052 79893336.16209999 74406335.15162 79722952.31739 49591376.44782999 53451271.55567999 62672822.834359996 41521381.353439994 49237366.63047999 55179311.98421999 63303274.46531 71352699.99583 79840690.71026999 79081193.27961 95540702.97895999 
84340588.35285999 72200773.73108 49131209.57151999 41450363.076349996 64141529.042459995 72509929.61368999 93892236.58429 66764722.97938 65643791.194929995 72944809.76678999 95746023.92449999 20626186.23876 4460546.28595 0 8633015.69691 30591875.74888 135247010.46069998 48831638.066589996 47075172.40810999 48137973.475159995 60628557.61322999 71324820.65835999 51383020.267809995 59900639.717599995 76323757.46818 79109453.27798 78505053.11253999 77945991.77967998 82949397.49243999 81180064.45816 69481499.18484999 68884550.42272 94308847.77887999 91304721.72479999 86461643.19152999 125961284.22757 91272237.59484999 101537847.85451 74905784.03374 90150121.67165999 82566876.74571 82584395.03647 75432789.87615 69945788.86567 75262406.03143999 45130830.161879994 48990725.269729994 58212276.54841 37060835.06749 44776820.344529994 50718765.69826999 67763820.75126 75813246.28177999 75380144.42432 74620646.99366 100001249.26490998 
79627033.52240999 76915426.48939 57764225.268429995 50083378.77326 55508513.34555 63876913.916779995 85259220.88738 58131707.282469995 57010775.49801999 81577825.4637 91002186.4346 29259201.935669996 13093561.982859999 8633015.69691 0 21958860.05197 126613994.76379 40198622.36968 38442156.7112 39504957.77825 51995541.916319996 79957836.35527 60016035.964719996 68533655.41451 67690741.77126999 70476437.58107 69872037.41563 69312976.08276999 83064156.07180999 81454556.51677 60848483.48794 60251534.72581 85675832.08196999 82671706.02789 77828627.49462 117328268.53065999 82639221.89794 92904832.1576 66272768.33683 81517105.97475 73933861.04879999 89838962.25288999 66799774.17924 61312773.16876 66629390.334529996 36497814.46497 40357709.57282 50277983.12732 28427819.37058 36143804.64762 42085750.00136 76396836.44816999 77059129.52393 66747128.72741 65987631.29675 108634264.96181999 
88462746.09956999 86923338.14111 79629841.95004 71948995.45487 33549653.29358 41918053.86481 69722496.29709 80090567.33444 78969635.54999 101769749.07333 97523012.52342999 51218061.98763999 35052422.03483 30591875.74888 21958860.05197 0 104655134.71181999 62157482.42165 60401016.76317 61463817.83022 73954401.96829 101916696.40723999 81974896.01668999 90492515.46647999 80391548.52518 89850653.06322 82711829.22476998 91271836.13474 95550045.9376 93780712.90332 82807343.53991 72422948.92872 81890633.78803 78886507.73395 64872288.944 105176522.29288 67965924.77204001 99326438.10038 69163575.7747 98486204.50503 52782462.31357 103006668.02155 44840914.12727 39353913.11679 88588250.3865 58456674.51694 62316569.62479 72236843.17929 50386679.42255 58102664.69959 64044610.05333 82486385.16129 86059238.33843999 52838444.29936 53597941.73002 99679738.85926 
140446267.50168 125471056.41804999 140030134.41483998 145516878.61808 71105481.41824 79473881.98946999 107278324.42175 107484599.41219999 106363667.62775 150846686.05907997 127961151.30781999 143513500.56263 139707556.74664998 135247010.46069998 126613994.76379 104655134.71181999 0 109772989.54084 110955382.40362999 112018183.47067998 124508767.60874999 191813893.18271998 186630030.72850996 150733654.68363 137265108.94243 142989663.2735 137205025.24544 141826201.77519998 136339977.76009998 134570644.72582 134505993.19261 140387886.98306 147257268.58976 150261394.64384 110663510.25110999 138363748.4948 135930862.82637998 95520235.46603 144040050.51514 159284388.15306 141392525.49296 167691635.04155996 131865492.94119999 126378491.93071999 155282606.21574 109011040.1574 112870935.26525 122791208.81975 117081035.25178999 124797020.52882999 119938422.79002999 121034103.43823 129083528.96874999 126514125.05882 127273622.48947999 124939863.58322999 
39428411.15273 40229735.43667 40590525.37771 44843370.95179 74261675.00167 82630075.5729 56558743.00326 25334700.722209997 24213768.93776 48984584.346489996 74345170.06312 69457824.30534999 53292184.352539994 48831638.066589996 40198622.36968 62157482.42165 109772989.54084 0 1756465.65848 2819266.72553 15309850.863599999 98404342.22591 100214658.3344 53228044.635529995 27492119.40159 37679431.02081 37075030.85537 32627285.03005 46378465.01909 48147798.05337 48816644.04816 62102407.6963 78254872.73885 75250746.68477 72355883.09335999 101839752.61209999 42440599.52826 66547395.77767 51185419.03191 64068929.57445 37617569.56592 73181945.88140999 45727852.306030005 40240851.29555 47874975.52865 3700807.90471 7560703.01256 17480976.56706 11770802.9991 19486788.27614 25428733.62988 44666688.416489996 44262122.96367 33950122.16715 33190624.73649 76433576.81988999 
41184876.81121 38473269.77819 38834059.71923 43086905.29331 72505209.34319 80873609.91442 54802277.34478 23578235.063729998 22457303.27928 47228118.68801 72588704.40463999 67701358.64686999 51535718.69405999 47075172.40810999 38442156.7112 60401016.76317 110955382.40362999 1756465.65848 0 1062801.06705 13553385.20512 100160807.88438998 98458192.67591998 54984510.29401 29248585.06007 35922965.36233 35318565.19689 30870819.37157 44621999.36061 46391332.39489 47060178.38968 60345942.03782 76498407.08037 73494281.02629 72952849.37676999 100083286.95361999 44197065.186739996 64790930.11919 49428953.37343 62312463.91597 35861103.90744 71425480.22293 47484317.96451 41997316.95403 46118509.870170005 1944342.24623 5804237.35408 15724510.90858 10014337.34062 17730322.61766 23672267.9714 42910222.75801 42505657.30519 32193656.50867 31434159.07801 78190042.47837 
42247677.87826 37410468.71114 37771258.65218 44149706.36036 73568010.41024 81936410.98146999 55865078.41182999 24641036.130779997 23520104.346330002 48290919.755059995 73651505.47169 68764159.71392 52598519.76110999 48137973.475159995 39504957.778249994 61463817.83022 112018183.47068 2819266.72553 1062801.06705 0 12490584.138069998 101223608.95143999 99520993.74296999 56047311.36105999 30311386.12712 36985766.42938 36381366.26394 29808018.30452 43559198.29356 45328531.32784 48122979.45672999 61408743.10487 77561208.14741999 74557082.09334 74015650.44381998 101146088.02067 45259866.25379 65853731.18624 50491754.44048 61249662.84892 36923904.97449 72488281.28998 48547119.03156 43060118.02108 47181310.93722 3007143.31328 6867038.42113 16787311.97563 11077138.40767 18793123.68471 24735069.03845 41847421.69096 43568458.37224 33256457.575719997 32496960.14506 79252843.54541999 
54738262.01633 36902003.67317 50261842.790249996 56640290.49843 68517904.67842999 76886305.24965999 68355662.5499 37131620.26885 36010688.4844 60781503.89313 80395390.99669 72512729.53552 65089103.899179995 60628557.61323 51995541.916319996 73954401.96829 124508767.60874999 15309850.863599999 13553385.20512 12490584.138069998 0 103881465.23482 112011577.88103999 44550006.78979 42801970.26519 49476350.567449994 48871950.402009994 42298602.44259 56049782.43163 57819115.465909995 60613563.594799995 73899327.24294 90051792.28548999 87047666.23141 86194210.72358999 113636672.15873998 57750450.39185999 78344315.32431 62982338.578549996 73740246.98699 49414489.11256 84978865.42805 61037703.16962999 55550702.15915 52292784.36054 15497727.45135 19357622.559199996 29277896.113699995 23567722.54574 31283707.82278 37225653.17652 41338956.65299 48762932.02189 25209329.20896 25968826.63962 72050623.76886 
82865493.77159 106089160.65324 71376759.04615 63695912.55098 127327656.41596 127046912.97443 108763156.73474 94549830.67471999 93428898.89027 120610865.86583999 124054587.55369 83029914.32522 66864274.37241 71324820.65836 79957836.35527 101916696.40724 191813893.18271998 98404342.22591 100160807.88439 101223608.95143999 103881465.23482 0 19941800.39055 102471394.28361998 94801785.52273 76454593.55691 69315769.71846 80502760.95374 94253940.94277999 96023273.97705999 116629347.00588998 131906374.39040999 90425943.58297 93430069.63704999 111844915.92012 71540682.57124 93914756.92394999 109508975.14219 60989160.09308 93514090.0557 122125353.18411998 107067808.549 95383103.48181999 100556699.47817999 110673698.35271 102105150.13061999 105965045.23846999 115885318.79296999 104356368.60576999 96640383.32873 90698437.97499 102277657.83503999 108004228.76159 78672136.02586 79431633.45651999 73352413.24052 
102807294.16213998 114662701.42698999 91318559.4367 83637712.94153 115524549.31026998 123892949.88149998 128704957.12528999 114491631.06526998 113370699.28081998 115406737.4627 138207951.62040997 63088113.93467 46922473.98186 51383020.267809995 60016035.964719996 81974896.01668999 186630030.72850996 100214658.3344 98458192.67592 99520993.74296999 112011577.88103999 19941800.39055 0 102362567.41350998 114743585.91327998 96396393.94746 89257570.10900998 100444561.34428999 114195741.33332998 115965074.36760998 120864519.45266 120267570.69053 110367743.97352 113371870.02759999 131786716.31066999 91482482.96179 113856557.31449999 129450775.53274 80930960.48362999 113455890.44624999 133949897.01352 125046322.73238 115324903.87236999 120498499.86872998 126645426.29924999 96513850.42969 100373745.53753999 109595296.81621999 88443855.3353 96159840.61234 102101785.96608 110225748.44716999 118275173.97768998 98613936.41641 99373433.84707 93294213.63106999 
24439948.635259997 47663615.516909994 58311188.55955999 50630342.064389996 93780734.71869999 96801900.37037 68997457.93809 46430224.81581999 45309293.03137 89792311.4627 37311165.82252 66170073.66428 55440093.43165 59900639.717599995 68533655.41451 90492515.46647999 150733654.68363 53228044.635529995 54984510.29401 56047311.36105999 44550006.78979 102471394.28361998 102362567.41351 0 36026400.810059994 54642242.499469995 47503418.661019996 58690409.896299995 65457426.41319 67226759.44747 73451618.59623 91774177.07907999 74326869.19263999 71322743.13856 85711700.78486998 113295203.00727999 45795151.06505 55213419.2176 70589103.31546 70168143.08542 63635487.02167 66828772.18493 60867402.898279995 55380401.8878 72679394.04369 56928852.54024 60788747.64809 68281140.62215 64998847.634629995 68087188.45561999 62145243.10188 43852112.698709995 51276088.067609996 69759335.99874999 70518833.42940998 69326295.33133 
11936291.75114 35159958.63279 68082644.7793 69318463.98813 81277077.83457999 89645478.40580998 67258151.95049 36034109.66944 37155041.453889996 76476703.74808 65044472.96643 78486090.32709 80784303.75412999 76323757.46817999 67690741.77126999 80391548.52518 137265108.94243 27492119.40159 29248585.06007 30311386.12712 42801970.26519 94801785.52273 114743585.91328 36026400.810059994 0 60306965.345589995 53168141.507139996 60119404.43164 63069520.57006 64838853.60434 65297367.01874999 83619925.5016 78838021.12073 75833895.06665 58374435.68621 98678669.03509 54403182.179689996 82250360.9386 75100255.24355 74679295.01351 27609086.21161 100674065.28299999 36191100.20483 41678101.21531 60175737.15957 31192927.3063 35052822.41415 44973095.96865 39262922.40069 46978907.677729994 52920853.03146999 31348455.814589996 38772431.18348999 61442241.568739995 60682744.13808 56822638.44721 
48370673.59445 43567677.98534 38487963.79367 46168810.288839996 85355354.01391 76986953.44268 75713913.42401999 44489871.142969996 43368939.35852 76836622.78691 91953408.32199 93246839.6473 83158627.07924 79109453.27797998 70476437.58106999 89850653.06322 142989663.2735 37679431.02081 35922965.36233 36985766.42938 49476350.567449994 76454593.55691 96396393.94746 54642242.499469995 60306965.345589995 0 19255810.18671 30442801.42199 44193981.411029994 45963314.44531 66569387.474139996 84891945.95698999 58282812.622619994 55278686.56854 82611771.74424 85047594.53297 43854797.3922 81177110.56621 48403735.49889 54124086.5154 71784069.26977 76365372.52904 55983740.95691 50496739.94643 71283694.81241 33978623.1161 37838518.22395 47758791.77845 42048618.210489996 49764603.48752999 55706548.84126999 48004630.96516 55428606.33406 64227937.378539994 63468439.94788 72190103.33387 
41231849.756 47855983.71558999 57743773.98038 55456198.74826 66099543.827199996 57731143.25597 68575089.58557 37351047.304519996 36230115.52007 69697798.94846 84814584.48354 87261382.47799999 82965599.39849 78505053.11253999 69872037.41563 82711829.22477 137205025.24544 37075030.85537 35318565.19689 36381366.26394 48871950.402009994 69315769.71846 89257570.10901 47503418.661019996 53168141.507139996 19255810.18671 0 11186991.23528 24938171.22432 26707504.258599997 47313577.287429996 65636135.770279996 77538622.80932999 74534496.75524999 75472947.90579 65791784.34626 36715973.55375 75066110.0961 41264911.66044 73379896.70210999 64926569.81391999 69226548.69059 48844917.11846 43357916.10798 79645789.009 33374222.95066 37234118.05851 47154391.61301 41444218.04505 49160203.32209 55102148.67583 43419030.735769995 51468456.266289994 57114601.1704 56355103.73974 65051279.495419994 
52418840.99128 59042974.95086999 67579276.9567 66643189.98354 77286535.06247999 68918134.49125 76072464.18688999 44848421.90584 43727490.12139 78098938.05958 90954142.51061 76074391.24272 82406538.06562999 77945991.77967998 69312976.08276999 91271836.13474 141826201.7752 32627285.03005 30870819.37157 29808018.30452 42298602.44259 80502760.95373999 100444561.34428999 58690409.8963 60119404.43164 30442801.42199 11186991.23528 0 13751179.98904 15520513.02332 36126586.052149996 54449144.535 80068702.44770999 77064576.39363 86659939.14107 76978775.58153999 47902964.78903 86253101.33138 52451902.89572 75909976.34049 66731923.27901 80413539.92587 60031908.35374 54544907.34326 74106818.1181 32815161.617799997 36675056.72565 46595330.28015 40885156.712189995 48601141.98922999 54543087.34296999 54606021.971049994 62655447.501569994 63064475.88023999 62304978.44958 76238270.73069999 
66170020.98031999 72794154.93991 62296684.662640005 64898281.49922 91037715.05151999 82669314.48029 62321284.19785 31097241.916799996 29976310.132349998 74459328.56368 77202962.52157 62323211.25368 78488851.20649 82949397.49243999 83064156.07180999 95550045.9376 136339977.7601 46378465.01909 44621999.36061 43559198.29356 56049782.43162999 94253940.94277999 114195741.33332999 65457426.41319 63069520.57006 44193981.411029994 24938171.22432 13751179.98904 0 1769333.03428 22375406.063109998 40697964.545959994 66317522.45867 63313396.404589996 80471856.22984 84326348.55415 61654144.77807 89211820.40226 62579756.581489995 62158796.351449996 80483103.26805 94164719.91490999 73783088.34278 68296087.33229999 60355638.12906 46566341.60684 50426236.71469 60346510.26919 54636336.70123 62352321.978269994 68294267.33201 68357201.96009 69311573.66214 76815655.86928 76056158.43862 89989450.71973999 
67939354.0146 74563487.97419 60527351.62836 63128948.46494 90640169.53942 84438647.51457 60551951.16357 29327908.882519998 28206977.09807 72689995.52939999 78972295.55585 60553878.2194 76719518.17221001 81180064.45816 81454556.51677 93780712.90332 134570644.72582 48147798.05337 46391332.394889995 45328531.32784 57819115.465909995 96023273.97705999 115965074.36761 67226759.44747 64838853.60434 45963314.44531 26707504.258599997 15520513.02332 1769333.03428 0 20606073.02883 38928631.51168 64548189.424389996 61544063.37030999 78702523.19556 82557015.51987 62728825.02216999 87442487.36798 60810423.54720999 60389463.317169994 79302996.50599 95934052.94918999 73915108.41634 68428107.40585999 58586305.09478 48335674.641119994 52195569.748969994 62115843.30346999 56405669.73550999 64121655.01254999 70063600.36628999 70126534.99437 67542240.62786 78584988.90356 77825491.4729 91758783.75401999 
70123357.95973 79338517.44337 60462700.095149994 68143546.59031999 90575518.00620998 88291742.06264 60487299.63036 29263257.34931 28142325.56486 72625343.99619 99578368.58467999 63137270.995179996 73942045.4708 69481499.18484999 60848483.48794 82807343.53991 134505993.19261 48816644.04816 47060178.38968 48122979.45673 60613563.594799995 116629347.00588998 120864519.45266 73451618.59623 65297367.01875 66569387.474139996 47313577.287429996 36126586.052149996 22375406.063109998 20606073.02883 0 38863979.97847 85154262.45322 82150136.39914 78637871.66235 82492363.98666 62664173.48896 93084909.22738 73886995.49479 80995536.346 58696923.47716 114596974.12015 73850456.88313 68363455.87265 79192378.12360999 45115836.14345 48975731.2513 58896004.8058 53185831.23784 60901816.514879994 66843761.86861999 75527014.62516999 67477589.09465 73482886.33426999 72723388.90360999 102009410.18433999 
88445916.44257998 87866216.9771 76967522.40073 69286675.90556 69282405.56481999 77650806.13604999 78809858.11321 47585815.832159996 46464884.04771 74191420.5359 97474001.20714 81459829.47803 73345096.70866999 68884550.42272 60251534.72581 72422948.92872 140387886.98306 62102407.6963 60345942.03782 61408743.10487 73899327.24294 131906374.39040999 120267570.69052999 91774177.07907999 83619925.5016 84891945.95698999 65636135.77027999 54449144.535 40697964.545959994 38928631.51168 38863979.97847 0 54861434.82394 57865560.87802 93954729.71716 100814922.46950999 56622714.32692 111407467.71023 90531231.98353 95731289.56738 96207045.94525999 96310777.02543 52557344.44174 47070343.43126 88533175.66115 58401599.79159 62261494.89944 72181768.45394 50331604.6972 42615619.42016 48557564.7739 83429263.99728 85800147.57749999 78117989.96199 78877487.39265 93927227.31489 
90774312.87187 83148758.76614 64467251.623349994 56786405.12818 115440287.08161 111303518.03931 85183979.68868999 82139545.13654 81018613.35209 108636727.08930999 110172253.39953999 87141396.31082 93776221.91858 94308847.77887999 85675832.08196999 81890633.78803 147257268.58976 78254872.73885 76498407.08037 77561208.14741999 90051792.28548999 90425943.58297 110367743.97352 74326869.19263999 78838021.12073 58282812.622619994 77538622.80932999 80068702.44770999 66317522.45867 64548189.424389996 85154262.45322 54861434.82394 0 3004126.05408 39093294.89322 79397528.2421 102137610.01482 67922878.79425 41290814.97348 40869854.74344 65926367.91268 105721150.25390999 78409212.98546 83896213.99594 58029463.04044999 78442749.3266 82302644.43445 75821186.10176 86512744.42098999 89730875.90593 83788930.55218999 78711805.78632 86761231.31684 87304934.03768 88064431.46834 88301372.16049999 
87770186.81779 80144632.71205999 61463125.56926999 53782279.074099995 112436161.02752998 108299391.98523 88188105.74277 80551632.63852 81672564.42297 105632601.03523 107168127.34546 84137270.25674 90772095.86449999 91304721.72479999 82671706.02789 78886507.73395 150261394.64384 75250746.68477 73494281.02629 74557082.09334 87047666.23141 93430069.63704999 113371870.02759999 71322743.13856 75833895.06665 55278686.56854 74534496.75524999 77064576.39363 63313396.404589996 61544063.37030999 82150136.39914 57865560.87802 3004126.05408 0 42097420.9473 82401654.29618 99133483.96074 64918752.74017 38286688.9194 37865728.68936 62922241.858600006 102717024.19983 75405086.93138 80892087.94185999 55025336.98637 75438623.27252 79298518.38037 78825312.15584 83508618.36691 86726749.85185 80784804.49811 75707679.73223999 83757105.26275998 84300807.98359999 85060305.41425999 85297246.10642 
67958663.59431 80534011.25062999 80765556.25077 86606522.98591 82263527.79898 73895127.22775 46090684.79547 51616477.88194 50495546.09749 94978564.52882 102591841.10124 97250250.5727 90922189.47748 86461643.19152999 77828627.49462 64872288.944 110663510.25110999 72355883.09335999 72952849.37676999 74015650.44381998 86194210.72359 111844915.92012 131786716.31066999 85711700.78486998 58374435.68621 82611771.74423999 75472947.90579 86659939.14107 80471856.22984 78702523.19556 78637871.66235 93954729.71716 39093294.89322 42097420.9473 0 40304233.34888 73517156.03746 105058707.04049 78426643.21972 79963149.63666 85983521.89782 102943630.43923 79995241.35610999 74508240.34562999 97122757.93366998 71008507.13054 74868402.23839 84788675.79289 79078502.22492999 86794487.50197 92736432.85571 76097058.27081 83225089.69443 60984881.51463 60225384.08397 104050114.09961 
96171430.39635 81196219.31272 118220964.86237 121247983.09451999 122567761.14785999 114199360.57663 86394918.14434999 76505051.88989 77625983.67434 108315312.90868 126771383.41433999 117766308.92289999 130421830.51351999 125961284.22756998 117328268.53065999 105176522.29288 138363748.4948 101839752.61209999 100083286.95361999 101146088.02066998 113636672.15873998 71540682.57124 91482482.96179 113295203.00727999 98678669.03509 85047594.53297 65791784.34626 76978775.58153999 84326348.55415 82557015.51987 82492363.98666 100814922.46950999 79397528.2421 82401654.29618 40304233.34888 0 102507757.90000999 136336006.59036 107056696.0067 120267382.98554 115176708.51988 135018333.03684998 114636701.46471998 109149700.45424 137426991.28254998 98138944.70739 101998839.81524 111919113.36974 106208939.80177999 113924925.07881999 111630965.55628 76759266.3329 84808691.86342 101289114.86351 100529617.43285 128636245.99443999 
42466890.42855 43149297.00352 64372085.91598 56691239.42081 64825381.40814 73193781.97937 66866821.9896 35642779.70855 34521847.9241 79004866.35542999 83106316.88757 79719386.6137 93681056.21121 91272237.59484997 82639221.89793998 67965924.77204 135930862.82637998 42440599.52826 44197065.186739996 45259866.25379 57750450.39185999 93914756.92394999 113856557.31449999 45795151.06505 54403182.179689996 43854797.3922 36715973.55375 47902964.78903 61654144.77807 62728825.02216999 62664173.48895999 56622714.32692 102137610.01482 99133483.96074 73517156.03746 102507757.90000999 0 99665097.30159 65863898.86593 97978883.9076 80058169.09417999 93825535.89607999 48100320.28506 42613319.27458 90315575.05691 46141407.432969995 50001302.540819995 59921576.095319994 54211402.52735999 61927387.80439999 67869333.15813999 38712344.0237 46761769.55422 61450313.85717 60690816.42651 74352942.65315999 
78794380.68251999 102018047.56416997 85941774.89296 78260928.39779 83016534.75823 91384935.32946 119189377.76174 88369165.18292 87248233.39847 112019048.80719998 64941752.15592 119917711.26626 105998394.14046 101537847.85451 92904832.1576 99326438.10038 95520235.46603 66547395.77767 64790930.11919 65853731.18624 78344315.32431 109508975.14219 129450775.53274 55213419.217599995 82250360.9386 81177110.56621 75066110.0961 86253101.33138 89211820.40226 87442487.36798 93084909.22738 111407467.71023 67922878.79425 64918752.74017 105058707.04049 136336006.59036 99665097.30159 0 48519815.04911 63764152.68703 54641274.72699 112950150.32954 79110751.88843 73623750.87795 78174746.44027 66735272.36542 70595167.47327 80515441.02777 74805267.45981 82521252.73685 88463198.09059 98206544.74596998 105630520.11486998 73839805.55219999 73080308.12154 95530372.23613 
66237750.40110999 79410992.88895999 58822377.98558 51141531.49041 93280587.68711999 98996054.91641 97723014.89774999 66498972.61669999 65378040.83225 96657072.06143999 106434487.52236 93052111.89698 79366330.31969 74905784.03374 66272768.33683 69163575.7747 144040050.51514 51185419.03191 49428953.37343 50491754.44048 62982338.578549996 60989160.09308 80930960.48363 70589103.31546 75100255.24355 48403735.49889 41264911.66044 52451902.89572 62579756.581489995 60810423.54720999 73886995.49479 90531231.98353 41290814.97348 38286688.9194 78426643.21972 107056696.00669998 65863898.86593 48519815.04911 0 37132088.86626 82942898.85971999 64430335.28043 48947889.56275 43460888.55227 54291697.16327 47484611.12720001 51344506.23505 61264779.78955 55554606.22159 63270591.498629995 62271097.04826 74974039.90913999 76098481.72625999 50621277.96784 51380775.3985 47010557.18702 
79953441.76347 78990032.65892 88476877.83585 83666461.45302999 115513192.50332 107144791.93209 101194023.9567 85890698.97969998 84769767.19524999 67766872.34587 106013527.29232 110776307.91041999 94610667.95761 90150121.67165999 81517105.97475 98486204.50503 159284388.15306 64068929.57445 62312463.91597 61249662.84892 73740246.98699 93514090.05569999 113455890.44624999 70168143.08542 74679295.01351 54124086.5154 73379896.70210999 75909976.34049 62158796.351449996 60389463.317169994 80995536.34599999 95731289.56738 40869854.74344 37865728.68936 79963149.63666 120267382.98554 97978883.9076 63764152.68703 37132088.86626 0 82521938.62968 101562424.14669 74250486.87824 79737487.88872 53870736.93323 64256806.1622 68116701.27004999 78036974.82454999 72326801.25659 80042786.53363 85984731.88736999 74553079.6791 82602505.20962 83146207.93046 83905705.36112 70440361.2324 
39545377.96275 62769044.8444 74695163.62667 78948009.20075 86332115.60714999 94700516.17837998 90663381.25221999 59439338.97116999 58318407.18672 74573461.28117 92653559.17804 101682812.93711999 87027423.03165999 82566876.74570999 73933861.04879999 52782462.31357 141392525.49296 37617569.56592 35861103.90744 36923904.97449 49414489.11256 122125353.18411998 133949897.01351999 63635487.02167 27609086.21161 71784069.26977 64926569.81391999 66731923.27901 80483103.26805 79302996.50599 58696923.47716 96207045.94525999 65926367.91268 62922241.858600006 85983521.89782 115176708.51988 80058169.09417999 54641274.72699 82942898.85972 82521938.62968 0 83758000.96124999 63800186.416439995 69287187.42692 54752614.11099 37805446.15367 41665341.26152 51585614.81602 45875441.248059995 53591426.52509999 59533371.87883999 58957542.0262 66381517.3951 68054760.41611 67295262.98545 84431724.65881999 
91268720.82018998 87061864.45472999 82436584.17071 74755737.67554 96586153.62332 104954554.19455 108814588.41444 91115030.79419999 89994099.00975 112530673.38498999 96669648.68476999 88853828.98315 78123848.75052 82584395.03647 89838962.25288999 103006668.02155 167691635.04156 73181945.88140999 71425480.22293 72488281.28998 84978865.42805 107067808.549 125046322.73238 66828772.18493 100674065.28299999 76365372.52904 69226548.69059 80413539.92587 94164719.91490999 95934052.94918999 114596974.12014998 96310777.02543 105721150.25390999 102717024.19983 102943630.43923 135018333.03684998 93825535.89608 112950150.32954 64430335.28043 101562424.14669 83758000.96124999 0 104413264.65141 100467478.45030999 99612713.84626 69481137.9767 73341033.08455 83261306.63904999 61411142.882309996 53695157.60527 47753212.25153 82624911.47490999 90674337.00542998 96160559.26921 95401061.83855 70856878.45869 
48127391.95597 71351058.83761999 67659338.69375 59978492.19858 60760011.52295999 69128412.09418999 78099280.28944 46875238.00839 47996169.79284 92479188.22417 89970517.54213 83247903.29012 79893336.16209999 75432789.87615 66799774.17924 44840914.12727 131865492.94119999 45727852.306030005 47484317.96451 48547119.03156 61037703.16962999 95383103.48181999 115324903.87236999 60867402.898279995 36191100.20483 55983740.95691 48844917.11846 60031908.35374 73783088.34278 73915108.41634 73850456.88313 52557344.44174 78409212.98546 75405086.93138 79995241.35610999 114636701.46471998 48100320.28506 79110751.88843 48947889.56275 74250486.87824 63800186.416439995 104413264.65141 0 5487001.01048 64811090.92486 49428660.21074 53288555.31859 63208828.87309 57498655.30513 65214640.582169995 71156585.93591 67539556.01941998 74963531.38831998 69595595.92013 70355093.35079 85404833.27303 
49108832.98278 72332499.86443 62172337.68326999 54491491.188099995 55273010.512480006 63641411.08371 76452072.81235 45228030.5313 44107098.74685 88590117.17818 84483516.53165 77760902.27964 74406335.15162 69945788.86567 61312773.16876 39353913.11679 126378491.93072 40240851.29555 41997316.95403 43060118.02108 55550702.15915 100556699.47817999 120498499.86873 55380401.88779999 41678101.21531 50496739.94643 43357916.10798 54544907.34326 68296087.33229999 68428107.40585999 68363455.87265 47070343.43126 83896213.99593998 80892087.94185999 74508240.34562999 109149700.45424 42613319.27458 73623750.87795 43460888.55227 79737487.88872 69287187.42692 100467478.45030999 5487001.01048 0 59324089.91438 43941659.20026 47801554.30811 57721827.86261 52011654.294649996 59727639.57168999 65669584.92542999 68520997.04622999 75944972.41512999 64108594.90965 64868092.34031 79917832.26255 
