12
3 4 7 8 12 13 14 17 21 23 28 0
0 5.0 27.0 32.0 44.0 62.0 56.0 87.0 1087.0 1783.0 2243.0 2103.0 
5.0 0 22.0 27.0 39.0 57.0 51.0 82.0 1082.0 1778.0 2238.0 2108.0 
27.0 22.0 0 10.0 27.0 45.0 39.0 70.0 1070.0 1766.0 2226.0 2129.0 
32.0 27.0 10.0 0 17.0 35.0 29.0 60.0 1060.0 1756.0 2216.0 2134.0 
44.0 39.0 27.0 17.0 0 20.0 15.0 46.0 1046.0 1742.0 2202.0 2146.0 
62.0 57.0 45.0 35.0 20.0 0 6.0 37.0 1037.0 1733.0 2193.0 2164.0 
56.0 51.0 39.0 29.0 15.0 6.0 0 31.0 1031.0 1727.0 2187.0 2158.0 
87.0 82.0 70.0 60.0 46.0 37.0 31.0 0 1000.0 1696.0 2156.0 2189.0 
1087.0 1082.0 1070.0 1060.0 1046.0 1037.0 1031.0 1000.0 0 696.0 1156.0 3189.0 
1783.0 1778.0 1766.0 1756.0 1742.0 1733.0 1727.0 1696.0 696.0 0 460.0 2562.0 
2243.0 2238.0 2226.0 2216.0 2202.0 2193.0 2187.0 2156.0 1156.0 460.0 0 2102.0 
2103.0 2108.0 2129.0 2134.0 2146.0 2164.0 2158.0 2189.0 3189.0 2562.0 2102.0 0 
