11
8 11 2 4 6 9 5 10 3 7 1
0 37.0 23.0 31.0 23.0 33.0 52.0 15.0 43.0 42.0 42.0 
37.0 0 41.0 21.0 33.0 62.0 82.0 51.0 79.0 77.0 29.0 
23.0 41.0 0 46.0 43.0 23.0 42.0 31.0 55.0 43.0 29.0 
31.0 21.0 46.0 0 15.0 62.0 82.0 42.0 68.0 72.0 46.0 
23.0 33.0 43.0 15.0 0 55.0 74.0 31.0 55.0 61.0 52.0 
33.0 62.0 23.0 62.0 55.0 0 21.0 29.0 41.0 23.0 51.0 
52.0 82.0 42.0 82.0 74.0 21.0 0 46.0 46.0 23.0 68.0 
15.0 51.0 31.0 42.0 31.0 29.0 46.0 0 29.0 31.0 55.0 
43.0 79.0 55.0 68.0 55.0 41.0 46.0 29.0 0 23.0 82.0 
42.0 77.0 43.0 72.0 61.0 23.0 23.0 31.0 23.0 0 72.0 
42.0 29.0 29.0 46.0 52.0 51.0 68.0 55.0 82.0 72.0 0 
