22
Z82QDWb0Pr I4iTN5KXjB BtCEVbHoQI HG8olhhcTZ MzId8uwrPz TDmNOuGJBk T3o9dNVbcG 7d3UA4fKWz 8Jejdr7ynm QwY2G6aX6c UphA2uAaYC vzXeZbLrSW f91pUtm9EZ RLF9v27sOQ 6lpxgUxCxO gLI8ArV2Ui osdKgXyg1e zUWT7uduzq uVIshS2g8a VBTKstUXwG HTp005294X ctUVEJSyNR
0 9866.0 14888.0 23460.0 20403.0 11605.0 6506.0 7570.0 13362.0 19918.0 26554.0 32560.0 23742.0 14085.0 26763.0 19991.0 29620.0 20122.0 17163.0 15779.0 6814.0 5871.0 
9866.0 0 5022.0 13594.0 15691.0 9739.0 13855.0 17436.0 23228.0 19729.0 16688.0 22694.0 23695.0 17191.0 19821.0 16760.0 26297.0 26696.0 20833.0 25262.0 16680.0 15737.0 
14888.0 5022.0 0 8572.0 16866.0 13932.0 8833.0 22458.0 20655.0 14707.0 11666.0 17672.0 18673.0 12169.0 14799.0 17803.0 21275.0 22449.0 25855.0 23110.0 21702.0 16549.0 
23460.0 13594.0 8572.0 0 14976.0 22504.0 17405.0 19424.0 13632.0 20188.0 20238.0 26244.0 27245.0 20741.0 22353.0 23192.0 29847.0 25179.0 23115.0 14538.0 23503.0 25121.0 
20403.0 15691.0 16866.0 14976.0 0 9033.0 13897.0 17892.0 12100.0 18656.0 17924.0 23930.0 24931.0 18427.0 14672.0 15169.0 24798.0 16491.0 19242.0 24556.0 17508.0 21613.0 
11605.0 9739.0 13932.0 22504.0 9033.0 0 5099.0 19175.0 21133.0 27689.0 25598.0 31604.0 22335.0 12678.0 15158.0 24202.0 33831.0 18715.0 24100.0 15523.0 8475.0 12815.0 
6506.0 13855.0 8833.0 17405.0 13897.0 5099.0 0 14076.0 19680.0 23540.0 20499.0 26505.0 17236.0 7579.0 20257.0 19429.0 29058.0 13616.0 19479.0 20622.0 13320.0 7716.0 
7570.0 17436.0 22458.0 19424.0 17892.0 19175.0 14076.0 0 5792.0 12348.0 28113.0 34119.0 27550.0 17893.0 25269.0 15438.0 25067.0 27692.0 24733.0 23349.0 14384.0 13441.0 
13362.0 23228.0 20655.0 13632.0 12100.0 21133.0 19680.0 5792.0 0 6556.0 22321.0 28327.0 21758.0 12101.0 19477.0 20316.0 29945.0 22303.0 28166.0 28170.0 20176.0 19233.0 
19918.0 19729.0 14707.0 20188.0 18656.0 27689.0 23540.0 12348.0 6556.0 0 15765.0 21771.0 22772.0 16268.0 18898.0 26872.0 25374.0 26954.0 32817.0 34726.0 26732.0 25789.0 
26554.0 16688.0 11666.0 20238.0 17924.0 25598.0 20499.0 28113.0 22321.0 15765.0 0 6006.0 15970.0 13227.0 15857.0 23261.0 22333.0 13721.0 19584.0 28161.0 33368.0 28215.0 
32560.0 22694.0 17672.0 26244.0 23930.0 31604.0 26505.0 34119.0 28327.0 21771.0 6006.0 0 9964.0 19233.0 21863.0 29267.0 22682.0 19727.0 25590.0 34167.0 39374.0 34221.0 
23742.0 23695.0 18673.0 27245.0 24931.0 22335.0 17236.0 27550.0 21758.0 22772.0 15970.0 9964.0 0 9657.0 22864.0 22347.0 12718.0 14298.0 20161.0 28738.0 30556.0 24952.0 
14085.0 17191.0 12169.0 20741.0 18427.0 12678.0 7579.0 17893.0 12101.0 16268.0 13227.0 19233.0 9657.0 0 16360.0 27008.0 22375.0 21195.0 27058.0 28201.0 20899.0 15295.0 
26763.0 19821.0 14799.0 22353.0 14672.0 15158.0 20257.0 25269.0 19477.0 18898.0 15857.0 21863.0 22864.0 16360.0 0 13767.0 23396.0 21565.0 15702.0 24279.0 20567.0 27887.0 
19991.0 16760.0 17803.0 23192.0 15169.0 24202.0 19429.0 15438.0 20316.0 26872.0 23261.0 29267.0 22347.0 27008.0 13767.0 0 9629.0 23444.0 17581.0 26158.0 22446.0 14120.0 
29620.0 26297.0 21275.0 29847.0 24798.0 33831.0 29058.0 25067.0 29945.0 25374.0 22333.0 22682.0 12718.0 22375.0 23396.0 9629.0 0 16900.0 22763.0 31340.0 32075.0 23749.0 
20122.0 26696.0 22449.0 25179.0 16491.0 18715.0 13616.0 27692.0 22303.0 26954.0 13721.0 19727.0 14298.0 21195.0 21565.0 23444.0 16900.0 0 5863.0 14440.0 23405.0 21332.0 
17163.0 20833.0 25855.0 23115.0 19242.0 24100.0 19479.0 24733.0 28166.0 32817.0 19584.0 25590.0 20161.0 27058.0 15702.0 17581.0 22763.0 5863.0 0 8577.0 17542.0 23034.0 
15779.0 25262.0 23110.0 14538.0 24556.0 15523.0 20622.0 23349.0 28170.0 34726.0 28161.0 34167.0 28738.0 28201.0 24279.0 26158.0 31340.0 14440.0 8577.0 0 8965.0 21650.0 
6814.0 16680.0 21702.0 23503.0 17508.0 8475.0 13320.0 14384.0 20176.0 26732.0 33368.0 39374.0 30556.0 20899.0 20567.0 22446.0 32075.0 23405.0 17542.0 8965.0 0 12685.0 
5871.0 15737.0 16549.0 25121.0 21613.0 12815.0 7716.0 13441.0 19233.0 25789.0 28215.0 34221.0 24952.0 15295.0 27887.0 14120.0 23749.0 21332.0 23034.0 21650.0 12685.0 0 
