82
idQHxtSnxr 0mnwiU4XrT u4LnQNaaiz yvMowGbkvn vUu8ijgxxf bsEkAY2K41 Q1N77BLmyb 97ZNlakBoq mwzQG3SxnO IA0Uf143OT BNkM7qaRNw yky49wE4YG 723MhcLxt0 TBzLS0OAYU 0hs3CNDF4L oIVQ2qkgnR s3eMpsYH00 Pijq8aHqIR qnkfLCmfDn dMOAUqH7Z3 CUEWGmB7Gt oEdovEhrWM oVMPVsMWrZ g2I4si69gU 0wTk0mYkLH KUJdxKVZFO fXy828RCG4 GQ4F0g3Mdj lfdanPGo3c jBYJ7v19BQ qjDSEKmZMW IT4pKw3giW u4FAx2sHZm 1TfvXd6dPZ oWmQcQwHPo WcyuqGYOzU QTNhZIciNJ h5Si5BAPN0 WAi18jd2vJ fWIjO8yhE3 8KtuAXHUy3 XW1Wn7EqpN TyL7NE2puV pKK7T4agKn t25XjDwQhD tubjzjzUpV M2hatQPY96 CxfzSa2YOV PcFJuErB3q MXIvZpEPtW 4znnlMjVra dj8JMfo3hX BUMLJo6sc3 srT70dfQEr Pz3egMzKU8 gZXiityEnU 12ECENJIev Oiowits7js YAqGe4tKAP 7g0Idy1nzK 03xK87sjTf LCKLTNE1vp uvoepIQg9n JD3uem81Lg emYRLTiyj9 LeZK9UvMT9 33omYiVXOD RN0bCAV6rQ K05xB79KZo 2O61j91J3T CSjLrGbUz3 2S929yZddP YpRs8m6oyX KpxiCfRqh3 S8BtTu4yH9 Tk8ERvdKxF oCk2Yieytb 5SSy593K31 WvFZJEkTrw aEo62SfMqH onlLq65Azx g3ylJsdLuC
0 8532.0 18464.0 21281.0 21690.0 27023.0 21611.0 20259.0 29931.0 35973.0 29097.0 34186.0 34892.0 29429.0 30875.0 38021.0 32546.0 30214.0 28709.0 24776.0 33407.0 32017.0 18475.0 25451.0 35140.0 30484.0 36001.0 32053.0 33780.0 34423.0 37435.0 35298.0 22834.0 26727.0 24681.0 30934.0 23430.0 31337.0 30353.0 22987.0 33644.0 37988.0 24059.0 29917.0 28233.0 25431.0 17999.0 26139.0 29644.0 25873.0 19359.0 9984.0 6308.0 14813.0 21672.0 31640.0 39799.0 40170.0 33203.0 35815.0 42323.0 20577.0 29863.0 38103.0 25507.0 17407.0 23669.0 24799.0 23754.0 27398.0 25199.0 30364.0 31813.0 24069.0 26219.0 26939.0 21866.0 28789.0 37153.0 28445.0 8644.0 8237.0 
8532.0 0 9932.0 19430.0 13158.0 22215.0 29544.0 19841.0 29513.0 27441.0 20565.0 25654.0 28221.0 20897.0 22601.0 29489.0 24014.0 21902.0 20177.0 16244.0 24875.0 23895.0 26927.0 19951.0 28658.0 21952.0 27469.0 23521.0 27892.0 25891.0 28903.0 29798.0 14302.0 20995.0 16149.0 22402.0 14898.0 22805.0 21821.0 14455.0 25112.0 29619.0 15527.0 21385.0 19701.0 16899.0 25476.0 27661.0 21112.0 20827.0 27341.0 18516.0 14840.0 20078.0 13219.0 23187.0 31267.0 32516.0 24671.0 27283.0 33791.0 16487.0 22482.0 34254.0 23358.0 24713.0 15137.0 26128.0 28124.0 18866.0 20099.0 21832.0 23281.0 15537.0 17687.0 23481.0 18408.0 20257.0 28621.0 29321.0 17176.0 16769.0 
18464.0 9932.0 0 9498.0 16073.0 25130.0 32397.0 24767.0 34439.0 30166.0 30044.0 24955.0 31892.0 30555.0 17600.0 25961.0 24129.0 16939.0 22887.0 26176.0 29350.0 32105.0 30508.0 23532.0 31573.0 24867.0 23637.0 29604.0 22929.0 28806.0 30384.0 25393.0 17883.0 11190.0 24451.0 30704.0 24830.0 32737.0 19882.0 15936.0 26593.0 35702.0 25459.0 29117.0 29633.0 26831.0 20400.0 28540.0 31044.0 19314.0 25828.0 28448.0 19291.0 10786.0 17645.0 27613.0 39062.0 42448.0 29656.0 30198.0 36706.0 26419.0 23963.0 34920.0 33290.0 30546.0 25069.0 20772.0 19727.0 23792.0 30031.0 31764.0 29272.0 25469.0 13787.0 24986.0 22754.0 26064.0 34428.0 33071.0 27108.0 26701.0 
21281.0 19430.0 9498.0 0 6575.0 15632.0 22899.0 21547.0 31219.0 27422.0 20546.0 15457.0 22394.0 28128.0 23440.0 28823.0 29969.0 22779.0 25718.0 21785.0 19852.0 27493.0 22116.0 18972.0 22075.0 15369.0 20886.0 28126.0 17723.0 19308.0 25760.0 22713.0 24621.0 20688.0 27777.0 34030.0 20439.0 28346.0 29142.0 21776.0 32433.0 34224.0 30950.0 25092.0 21079.0 30945.0 21640.0 29780.0 22001.0 9816.0 16330.0 25705.0 20836.0 20284.0 27143.0 37111.0 31784.0 36115.0 20158.0 20700.0 27208.0 21865.0 26143.0 29499.0 28899.0 21048.0 21686.0 30270.0 29225.0 33154.0 25640.0 27373.0 24170.0 33349.0 23285.0 24397.0 23154.0 16566.0 24930.0 33682.0 29925.0 29518.0 
21690.0 13158.0 16073.0 6575.0 0 9057.0 16386.0 28122.0 35066.0 25771.0 22359.0 22032.0 27422.0 21553.0 21222.0 29583.0 27713.0 20523.0 19143.0 15210.0 23841.0 26725.0 28691.0 23948.0 15500.0 8794.0 14311.0 21551.0 22270.0 12733.0 19185.0 27689.0 18978.0 25671.0 21202.0 27455.0 13864.0 21771.0 27868.0 20652.0 31309.0 27649.0 24375.0 18517.0 14504.0 27762.0 28215.0 24914.0 22112.0 14792.0 21306.0 29948.0 27411.0 26859.0 26377.0 36345.0 30468.0 35176.0 18842.0 14125.0 20633.0 15453.0 19568.0 22924.0 22324.0 27623.0 18640.0 33982.0 35800.0 31865.0 19065.0 20798.0 24281.0 28695.0 29860.0 22764.0 23084.0 23141.0 31505.0 27327.0 27436.0 29927.0 
27023.0 22215.0 25130.0 15632.0 9057.0 0 7329.0 23343.0 33015.0 29123.0 31159.0 26485.0 27740.0 19877.0 27891.0 29927.0 24452.0 27230.0 28200.0 24267.0 31995.0 24354.0 37401.0 30517.0 24557.0 17851.0 23368.0 27527.0 27775.0 21790.0 28242.0 32216.0 24868.0 26275.0 28488.0 27626.0 22921.0 30828.0 22259.0 14893.0 25550.0 33625.0 31863.0 27574.0 19650.0 21868.0 27223.0 33971.0 31169.0 23849.0 30363.0 37007.0 22632.0 31137.0 29555.0 39523.0 34248.0 26962.0 19117.0 23182.0 29690.0 23661.0 22920.0 31981.0 27259.0 19159.0 9583.0 25794.0 39748.0 30615.0 28122.0 29855.0 27195.0 31802.0 28354.0 19784.0 14711.0 14703.0 23067.0 18270.0 18379.0 35260.0 
21611.0 29544.0 32397.0 22899.0 16386.0 7329.0 0 16014.0 25686.0 31821.0 38488.0 33814.0 35069.0 27206.0 32493.0 35466.0 31781.0 31832.0 35529.0 31596.0 39324.0 31683.0 31169.0 37540.0 31886.0 25180.0 30697.0 34856.0 35104.0 29119.0 35571.0 39545.0 31891.0 29185.0 31398.0 32065.0 30250.0 38157.0 27798.0 22222.0 32879.0 33743.0 38370.0 34903.0 26979.0 29197.0 30693.0 38833.0 37194.0 31178.0 37692.0 31595.0 15303.0 23808.0 30667.0 40635.0 41577.0 34291.0 26446.0 30511.0 37019.0 16332.0 25618.0 38634.0 34588.0 26488.0 16912.0 28704.0 32749.0 29745.0 34194.0 37184.0 34524.0 39131.0 33893.0 22694.0 17621.0 22032.0 30396.0 25599.0 25708.0 29848.0 
20259.0 19841.0 24767.0 21547.0 28122.0 23343.0 16014.0 0 9672.0 18967.0 25843.0 30932.0 37200.0 37298.0 31141.0 34114.0 30843.0 30480.0 36202.0 33519.0 41399.0 36268.0 29817.0 33469.0 43158.0 36916.0 35689.0 29106.0 32220.0 36982.0 35732.0 25334.0 30539.0 27250.0 22978.0 29231.0 30923.0 38830.0 26446.0 21284.0 24380.0 23008.0 22356.0 28214.0 36413.0 29646.0 20341.0 28481.0 35842.0 24313.0 30827.0 30243.0 13951.0 22456.0 20048.0 30016.0 41864.0 38776.0 30931.0 34077.0 40585.0 14980.0 24266.0 25780.0 35784.0 28749.0 21397.0 26769.0 22989.0 13731.0 25722.0 27946.0 34825.0 29758.0 27226.0 21342.0 16269.0 26517.0 34881.0 33012.0 22233.0 28496.0 
29931.0 29513.0 34439.0 31219.0 35066.0 33015.0 25686.0 9672.0 0 9295.0 16171.0 21260.0 28197.0 36060.0 33428.0 25067.0 30549.0 33372.0 37652.0 43191.0 43189.0 38680.0 39489.0 36804.0 36442.0 29736.0 26674.0 19434.0 39362.0 37454.0 31238.0 35006.0 31155.0 36922.0 31965.0 38218.0 37010.0 34675.0 30891.0 23525.0 14708.0 13336.0 27428.0 33286.0 39422.0 38491.0 30013.0 29795.0 35798.0 32273.0 31612.0 39915.0 23623.0 32128.0 29720.0 39688.0 38849.0 32848.0 28628.0 24405.0 30913.0 24652.0 15498.0 16108.0 28704.0 28279.0 30451.0 36441.0 32661.0 23403.0 31809.0 36963.0 30084.0 39430.0 36898.0 31014.0 25941.0 32258.0 25511.0 34263.0 31905.0 38168.0 
35973.0 27441.0 30166.0 27422.0 25771.0 29123.0 31821.0 18967.0 9295.0 0 6876.0 11965.0 18902.0 26765.0 24133.0 15772.0 21254.0 26567.0 28357.0 34028.0 33894.0 32511.0 35319.0 32134.0 27147.0 20441.0 25958.0 25086.0 30885.0 28159.0 28678.0 28712.0 31007.0 31344.0 31822.0 38075.0 32682.0 25380.0 21596.0 14230.0 24003.0 22631.0 31200.0 27411.0 30127.0 29196.0 28640.0 20500.0 26503.0 22978.0 22317.0 31692.0 29758.0 30940.0 28892.0 37160.0 29554.0 23553.0 19333.0 15110.0 21618.0 15489.0 6203.0 6813.0 19409.0 18984.0 21156.0 36173.0 39881.0 32698.0 35126.0 35551.0 28672.0 35150.0 27691.0 26700.0 26284.0 26276.0 34640.0 41618.0 41200.0 44210.0 
29097.0 20565.0 30044.0 20546.0 22359.0 31159.0 38488.0 25843.0 16171.0 6876.0 0 5089.0 12026.0 19889.0 31009.0 22648.0 28130.0 25780.0 21481.0 30089.0 27018.0 25635.0 28443.0 29960.0 20271.0 13565.0 19082.0 26322.0 28734.0 29176.0 23148.0 21836.0 34867.0 38220.0 36714.0 34067.0 26760.0 32256.0 28472.0 21106.0 30879.0 29507.0 34316.0 34287.0 35578.0 22320.0 31625.0 27376.0 25171.0 20827.0 27341.0 36716.0 35405.0 31547.0 33784.0 30284.0 22678.0 28791.0 12457.0 8234.0 14742.0 22365.0 13079.0 13689.0 26285.0 25860.0 21991.0 38202.0 40488.0 35991.0 28896.0 29703.0 31484.0 28274.0 34567.0 29177.0 27119.0 23732.0 32096.0 34742.0 34851.0 37334.0 
34186.0 25654.0 24955.0 15457.0 22032.0 26485.0 33814.0 30932.0 21260.0 11965.0 5089.0 0 6937.0 14800.0 29115.0 27737.0 33204.0 26014.0 20066.0 28674.0 21929.0 20546.0 23354.0 24894.0 25360.0 18654.0 23410.0 24708.0 23645.0 24087.0 21733.0 20421.0 30543.0 33594.0 35807.0 36474.0 25345.0 33252.0 29192.0 26195.0 35968.0 30806.0 32702.0 34046.0 31918.0 27409.0 35684.0 28401.0 20082.0 15738.0 22252.0 31627.0 34963.0 26458.0 33317.0 28869.0 21263.0 23702.0 7368.0 13323.0 19831.0 27454.0 18168.0 18778.0 31374.0 23581.0 16902.0 33113.0 35399.0 36607.0 23807.0 24614.0 28888.0 23185.0 33839.0 24088.0 22030.0 18643.0 27007.0 35759.0 39940.0 42423.0 
34892.0 28221.0 31892.0 22394.0 27422.0 27740.0 35069.0 37200.0 28197.0 18902.0 12026.0 6937.0 0 7863.0 22178.0 30539.0 26267.0 19077.0 13129.0 21737.0 21250.0 13609.0 16417.0 23331.0 32297.0 25591.0 24622.0 29245.0 25067.0 21248.0 14796.0 13484.0 28980.0 30607.0 32820.0 30648.0 18408.0 26315.0 29556.0 29244.0 39901.0 32698.0 29984.0 27109.0 35640.0 29976.0 34451.0 35338.0 27019.0 22675.0 17255.0 26630.0 35761.0 33395.0 31900.0 21932.0 14326.0 21612.0 14305.0 20260.0 26768.0 33090.0 25105.0 25715.0 38311.0 30518.0 23839.0 30126.0 38928.0 29670.0 16870.0 17677.0 22205.0 16248.0 30948.0 31025.0 28967.0 25580.0 28626.0 37378.0 41467.0 43129.0 
29429.0 20897.0 30555.0 28128.0 21553.0 19877.0 27206.0 37298.0 36060.0 26765.0 19889.0 14800.0 7863.0 0 14315.0 22676.0 20806.0 13616.0 19564.0 24984.0 23668.0 16027.0 24280.0 31194.0 32537.0 25831.0 20314.0 27554.0 19606.0 29111.0 22659.0 21347.0 28752.0 31733.0 29038.0 22785.0 23638.0 31545.0 30344.0 23020.0 33677.0 33652.0 32402.0 29242.0 27777.0 22652.0 31957.0 35599.0 33429.0 27513.0 25118.0 34493.0 35737.0 31329.0 34116.0 29795.0 22189.0 29475.0 22168.0 28123.0 34631.0 25227.0 31047.0 30209.0 32098.0 38381.0 29460.0 37989.0 36210.0 26952.0 24733.0 25540.0 24623.0 23475.0 25625.0 32538.0 32858.0 33443.0 36489.0 35074.0 35183.0 37666.0 
30875.0 22601.0 17600.0 23440.0 21222.0 27891.0 32493.0 31141.0 33428.0 24133.0 31009.0 29115.0 22178.0 14315.0 0 8361.0 13843.0 13285.0 19233.0 24653.0 33284.0 28451.0 31710.0 31120.0 32206.0 25500.0 19983.0 27223.0 19275.0 28812.0 27446.0 34566.0 25471.0 18778.0 30590.0 36843.0 23307.0 17969.0 16029.0 12998.0 23655.0 33321.0 29968.0 26179.0 35726.0 36967.0 31234.0 31007.0 35231.0 27133.0 33647.0 39391.0 26879.0 18374.0 25233.0 35201.0 35408.0 32768.0 36025.0 30831.0 30862.0 24896.0 21025.0 17320.0 29916.0 30642.0 31334.0 28360.0 27315.0 33307.0 28508.0 30241.0 36813.0 36824.0 22124.0 21133.0 26206.0 35365.0 41275.0 41554.0 39519.0 39112.0 
38021.0 29489.0 25961.0 28823.0 29583.0 29927.0 35466.0 34114.0 25067.0 15772.0 22648.0 27737.0 30539.0 22676.0 8361.0 0 5482.0 12672.0 18620.0 27228.0 35479.0 27838.0 35139.0 28163.0 30996.0 24290.0 18773.0 26013.0 18662.0 28199.0 29482.0 31904.0 32115.0 27139.0 26092.0 32289.0 17515.0 9608.0 7668.0 15034.0 25691.0 32111.0 32004.0 28215.0 37827.0 33481.0 30786.0 22646.0 27272.0 19007.0 25521.0 34838.0 33403.0 26735.0 29696.0 39664.0 31693.0 24407.0 29492.0 29009.0 22501.0 31261.0 21975.0 8959.0 21555.0 29655.0 22973.0 28928.0 35676.0 31940.0 22716.0 24449.0 28452.0 28463.0 13763.0 12772.0 17845.0 28093.0 36457.0 33193.0 33302.0 46258.0 
32546.0 24014.0 24129.0 29969.0 27713.0 24452.0 31781.0 30843.0 30549.0 21254.0 28130.0 33204.0 26267.0 20806.0 13843.0 5482.0 0 7190.0 13138.0 21746.0 29997.0 22356.0 35898.0 30243.0 26111.0 19405.0 13888.0 21128.0 13180.0 22717.0 24007.0 28471.0 32000.0 25307.0 27151.0 32082.0 18417.0 15090.0 13150.0 9559.0 20216.0 27226.0 26529.0 22740.0 32352.0 34570.0 36268.0 28128.0 32754.0 21087.0 27601.0 36976.0 33408.0 24903.0 24221.0 34189.0 26211.0 18925.0 29930.0 23527.0 17019.0 26872.0 17586.0 14441.0 27037.0 35137.0 28455.0 34410.0 33844.0 29868.0 23618.0 25351.0 30952.0 33945.0 19245.0 18254.0 23327.0 31926.0 40290.0 38675.0 38784.0 40783.0 
30214.0 21902.0 16939.0 22779.0 20523.0 27230.0 31832.0 30480.0 33372.0 26567.0 25780.0 26014.0 19077.0 13616.0 13285.0 12672.0 7190.0 0 5948.0 14556.0 22807.0 15166.0 28708.0 23053.0 18921.0 12215.0 6698.0 13938.0 5990.0 15527.0 21979.0 21281.0 24810.0 18117.0 29929.0 24892.0 11227.0 19134.0 19703.0 12337.0 22994.0 20036.0 21484.0 15626.0 31762.0 33980.0 30573.0 34401.0 26082.0 13897.0 20411.0 29786.0 26218.0 17713.0 24572.0 29729.0 22123.0 26115.0 22740.0 17546.0 24054.0 24197.0 20364.0 21631.0 31068.0 29981.0 31246.0 27699.0 26654.0 29228.0 16428.0 18161.0 23762.0 28539.0 25798.0 21045.0 26118.0 26762.0 35126.0 43878.0 38858.0 38451.0 
28709.0 20177.0 22887.0 25718.0 19143.0 28200.0 35529.0 36202.0 37652.0 28357.0 21481.0 20066.0 13129.0 19564.0 19233.0 18620.0 13138.0 5948.0 0 8608.0 16859.0 9218.0 22760.0 20209.0 24869.0 18163.0 12646.0 19886.0 11938.0 21475.0 16645.0 15333.0 23594.0 24065.0 25197.0 18944.0 5279.0 13186.0 25651.0 18285.0 28942.0 25984.0 25593.0 21574.0 33647.0 31825.0 36300.0 34939.0 26620.0 19845.0 23598.0 32973.0 29371.0 23661.0 30520.0 23781.0 16175.0 23461.0 22575.0 23494.0 30002.0 22472.0 26312.0 27579.0 29343.0 35929.0 29817.0 30347.0 32538.0 23280.0 10480.0 12213.0 17814.0 22591.0 31746.0 26993.0 30103.0 24697.0 29948.0 38700.0 37353.0 36946.0 
24776.0 16244.0 26176.0 21785.0 15210.0 24267.0 31596.0 33519.0 43191.0 34028.0 30089.0 28674.0 21737.0 24984.0 24653.0 27228.0 21746.0 14556.0 8608.0 0 8631.0 16272.0 29814.0 27713.0 30710.0 24004.0 21254.0 28494.0 20546.0 27943.0 25253.0 23941.0 22064.0 28757.0 24288.0 27552.0 13887.0 21794.0 30954.0 26893.0 37550.0 34592.0 31771.0 30182.0 29714.0 33143.0 41720.0 37193.0 28874.0 28453.0 30652.0 33034.0 31084.0 32269.0 29463.0 32389.0 24783.0 32069.0 31183.0 29335.0 35843.0 18539.0 27825.0 36187.0 25410.0 33510.0 31298.0 37068.0 41146.0 31888.0 19088.0 20821.0 24868.0 29645.0 33931.0 25850.0 26170.0 31669.0 31139.0 39891.0 33420.0 33013.0 
33407.0 24875.0 29350.0 19852.0 23841.0 31995.0 39324.0 41399.0 43189.0 33894.0 27018.0 21929.0 21250.0 23668.0 33284.0 35479.0 29997.0 22807.0 16859.0 8631.0 0 7641.0 21183.0 28159.0 37848.0 32635.0 29505.0 26887.0 28797.0 31203.0 33504.0 32192.0 27626.0 34319.0 32919.0 34903.0 22138.0 30045.0 36794.0 35138.0 45795.0 32985.0 24016.0 29874.0 38345.0 34770.0 37430.0 33362.0 25043.0 28535.0 22021.0 31396.0 39715.0 40136.0 38094.0 40640.0 22236.0 29522.0 26630.0 35252.0 41760.0 27170.0 36456.0 40707.0 34041.0 37734.0 28158.0 44369.0 41284.0 32026.0 21636.0 23116.0 16237.0 21014.0 30699.0 34481.0 33286.0 23038.0 22508.0 31260.0 39682.0 41644.0 
32017.0 23895.0 32105.0 27493.0 26725.0 24354.0 31683.0 36268.0 38680.0 32511.0 25635.0 20546.0 13609.0 16027.0 28451.0 27838.0 22356.0 15166.0 9218.0 16272.0 7641.0 0 13542.0 20518.0 30207.0 27381.0 21864.0 19246.0 21156.0 30693.0 25863.0 24551.0 19985.0 26678.0 33515.0 27262.0 14497.0 22404.0 29153.0 27497.0 38154.0 25344.0 16375.0 22233.0 32254.0 27129.0 32376.0 25721.0 17402.0 20894.0 14380.0 23755.0 32886.0 32879.0 32109.0 32999.0 25393.0 31516.0 27914.0 32712.0 39220.0 31690.0 30494.0 35381.0 38561.0 31784.0 26208.0 37042.0 33643.0 24385.0 13995.0 15475.0 8596.0 13373.0 23058.0 31902.0 31336.0 21088.0 20730.0 29482.0 39660.0 40254.0 
18475.0 26927.0 30508.0 22116.0 28691.0 37401.0 31169.0 29817.0 39489.0 35319.0 28443.0 23354.0 16417.0 24280.0 31710.0 35139.0 35898.0 28708.0 22760.0 29814.0 21183.0 13542.0 0 6976.0 16665.0 23371.0 28888.0 24346.0 24039.0 28801.0 31213.0 16823.0 12625.0 19318.0 32579.0 31091.0 22004.0 29911.0 35817.0 30046.0 40703.0 30444.0 29917.0 35775.0 41397.0 28139.0 18834.0 26974.0 28317.0 16132.0 17188.0 26563.0 24783.0 31282.0 38141.0 38349.0 30743.0 38029.0 30722.0 28702.0 35210.0 30135.0 32907.0 38938.0 26342.0 18242.0 27818.0 29885.0 38861.0 29603.0 16803.0 28938.0 22138.0 16181.0 30881.0 30713.0 26895.0 26188.0 34272.0 43024.0 27119.0 26712.0 
25451.0 19951.0 23532.0 18972.0 23948.0 30517.0 37540.0 33469.0 36804.0 32134.0 29960.0 24894.0 23331.0 31194.0 31120.0 28163.0 30243.0 23053.0 20209.0 27713.0 28159.0 20518.0 6976.0 0 9689.0 16395.0 21912.0 17370.0 17063.0 21825.0 26847.0 9847.0 5649.0 12342.0 25603.0 24115.0 23964.0 31871.0 28841.0 23291.0 33948.0 23468.0 25364.0 31222.0 35339.0 35115.0 25810.0 29660.0 21341.0 9156.0 15670.0 25045.0 31759.0 24306.0 31165.0 33983.0 26377.0 33663.0 27934.0 21726.0 28234.0 27956.0 25931.0 37122.0 33318.0 25218.0 24332.0 22909.0 33247.0 31563.0 18763.0 23917.0 17038.0 23157.0 33058.0 23737.0 19919.0 19212.0 27576.0 36328.0 34095.0 33688.0 
35140.0 28658.0 31573.0 22075.0 15500.0 24557.0 31886.0 43158.0 36442.0 27147.0 20271.0 25360.0 32297.0 32537.0 32206.0 30996.0 26111.0 18921.0 24869.0 30710.0 37848.0 30207.0 16665.0 9689.0 0 6706.0 12223.0 19463.0 24911.0 28233.0 34685.0 19536.0 15338.0 22031.0 35292.0 33804.0 29364.0 37271.0 31674.0 31258.0 38409.0 25561.0 27457.0 33315.0 30004.0 42591.0 35499.0 39349.0 31030.0 18845.0 25359.0 34734.0 41448.0 33995.0 40854.0 43672.0 36066.0 35153.0 28265.0 12037.0 18545.0 30953.0 33350.0 33960.0 37824.0 34907.0 34021.0 32598.0 42936.0 41252.0 28452.0 33606.0 26727.0 32846.0 37769.0 26570.0 29608.0 28901.0 37265.0 42827.0 42936.0 43377.0 
30484.0 21952.0 24867.0 15369.0 8794.0 17851.0 25180.0 36916.0 29736.0 20441.0 13565.0 18654.0 25591.0 25831.0 25500.0 24290.0 19405.0 12215.0 18163.0 24004.0 32635.0 27381.0 23371.0 16395.0 6706.0 0 5517.0 12757.0 18205.0 21527.0 27979.0 26242.0 22044.0 28737.0 29996.0 36249.0 22658.0 30565.0 24968.0 24552.0 31703.0 18855.0 20751.0 26609.0 23298.0 35885.0 37009.0 33708.0 30906.0 23529.0 30043.0 38742.0 36205.0 29928.0 35171.0 40791.0 33185.0 28447.0 21559.0 5331.0 11839.0 24247.0 26644.0 27254.0 31118.0 36417.0 27434.0 36020.0 38869.0 37932.0 25132.0 29592.0 23407.0 37489.0 31063.0 19864.0 24937.0 25581.0 33945.0 36121.0 36230.0 38721.0 
36001.0 27469.0 23637.0 20886.0 14311.0 23368.0 30697.0 35689.0 26674.0 25958.0 19082.0 23410.0 24622.0 20314.0 19983.0 18773.0 13888.0 6698.0 12646.0 21254.0 29505.0 21864.0 28888.0 21912.0 12223.0 5517.0 0 7240.0 12688.0 20615.0 27067.0 26826.0 18961.0 24815.0 27667.0 31590.0 17925.0 25832.0 19451.0 19035.0 26186.0 13338.0 15234.0 21092.0 28815.0 34000.0 37271.0 35015.0 26696.0 18012.0 24526.0 33901.0 32916.0 24411.0 30968.0 35274.0 27668.0 32376.0 16042.0 10848.0 17356.0 29764.0 27062.0 27732.0 28789.0 34124.0 24548.0 30503.0 33352.0 32415.0 19615.0 24769.0 17890.0 35237.0 25546.0 14347.0 19420.0 20064.0 28428.0 37180.0 41747.0 44238.0 
32053.0 23521.0 29604.0 28126.0 21551.0 27527.0 34856.0 29106.0 19434.0 25086.0 26322.0 24708.0 29245.0 27554.0 27223.0 26013.0 21128.0 13938.0 19886.0 28494.0 26887.0 19246.0 24346.0 17370.0 19463.0 12757.0 7240.0 0 19928.0 27855.0 24000.0 27217.0 11721.0 18414.0 26658.0 32682.0 17576.0 25483.0 26691.0 24964.0 18946.0 6098.0 7994.0 13852.0 32960.0 40420.0 35915.0 27775.0 19456.0 24286.0 17772.0 27147.0 26435.0 30378.0 23728.0 33696.0 34908.0 32413.0 23282.0 18088.0 24596.0 34028.0 31289.0 31261.0 35620.0 27520.0 17944.0 28981.0 34433.0 25175.0 12375.0 17529.0 10650.0 29009.0 23660.0 21587.0 23072.0 12824.0 21188.0 29940.0 40697.0 40290.0 
33780.0 27892.0 22929.0 17723.0 22270.0 27775.0 35104.0 32220.0 39362.0 30885.0 28734.0 23645.0 25067.0 19606.0 19275.0 18662.0 13180.0 5990.0 11938.0 20546.0 28797.0 21156.0 24039.0 17063.0 24911.0 18205.0 12688.0 19928.0 0 9537.0 15989.0 20804.0 22712.0 24107.0 34077.0 30882.0 17217.0 25124.0 15653.0 18327.0 28984.0 26026.0 27474.0 21616.0 34090.0 37158.0 27853.0 28411.0 20092.0 7907.0 14421.0 23796.0 32208.0 23703.0 30562.0 35719.0 28113.0 32105.0 26256.0 23536.0 30044.0 30187.0 24682.0 27621.0 35199.0 34350.0 30958.0 33689.0 32644.0 31245.0 22418.0 24151.0 22261.0 31440.0 21748.0 20757.0 25830.0 32752.0 41116.0 40524.0 40633.0 42017.0 
34423.0 25891.0 28806.0 19308.0 12733.0 21790.0 29119.0 36982.0 37454.0 28159.0 29176.0 24087.0 21248.0 29111.0 28812.0 28199.0 22717.0 15527.0 21475.0 27943.0 31203.0 30693.0 28801.0 21825.0 28233.0 21527.0 20615.0 27855.0 9537.0 0 6452.0 23452.0 27474.0 33644.0 33935.0 37388.0 26597.0 34504.0 25190.0 20900.0 31557.0 24354.0 24623.0 18765.0 27237.0 39944.0 32615.0 27302.0 24500.0 12669.0 19183.0 28558.0 40144.0 33240.0 35562.0 31900.0 24294.0 31580.0 16719.0 26858.0 33366.0 28186.0 21956.0 32925.0 35057.0 35829.0 26253.0 42464.0 40312.0 31054.0 31798.0 33531.0 26669.0 34650.0 31285.0 27250.0 31381.0 23903.0 32267.0 40060.0 40169.0 42660.0 
37435.0 28903.0 30384.0 25760.0 19185.0 28242.0 35571.0 35732.0 31238.0 28678.0 23148.0 21733.0 14796.0 22659.0 27446.0 29482.0 24007.0 21979.0 16645.0 25253.0 33504.0 25863.0 31213.0 26847.0 34685.0 27979.0 27067.0 24000.0 15989.0 6452.0 0 17000.0 30965.0 31562.0 32040.0 32109.0 21924.0 29831.0 21814.0 14448.0 25105.0 17902.0 18171.0 12313.0 24140.0 33492.0 37967.0 33754.0 30952.0 19121.0 25635.0 35010.0 39663.0 31158.0 29110.0 25448.0 17842.0 25128.0 23171.0 31382.0 37890.0 31761.0 22475.0 26473.0 39069.0 36195.0 26619.0 41144.0 33860.0 24602.0 25422.0 28858.0 29894.0 31044.0 27909.0 26918.0 31747.0 21499.0 29863.0 38615.0 45397.0 45672.0 
35298.0 29798.0 25393.0 22713.0 27689.0 32216.0 39545.0 25334.0 35006.0 28712.0 21836.0 20421.0 13484.0 21347.0 34566.0 31904.0 28471.0 21281.0 15333.0 23941.0 32192.0 24551.0 16823.0 9847.0 19536.0 26242.0 26826.0 27217.0 20804.0 23452.0 17000.0 0 15496.0 22189.0 33606.0 33962.0 20612.0 28519.0 31018.0 27032.0 37689.0 33315.0 32984.0 29313.0 39080.0 30272.0 20967.0 29107.0 25082.0 12897.0 19411.0 28786.0 33241.0 34153.0 30676.0 24136.0 16530.0 23816.0 22930.0 30070.0 36578.0 37803.0 29672.0 35525.0 41913.0 35065.0 27526.0 32756.0 33617.0 24359.0 25813.0 27546.0 26885.0 29732.0 24923.0 27471.0 22398.0 29059.0 30830.0 33638.0 33747.0 43535.0 
22834.0 14302.0 17883.0 24621.0 18978.0 24868.0 31891.0 30539.0 31155.0 31007.0 34867.0 30543.0 28980.0 28752.0 25471.0 32115.0 32000.0 24810.0 23594.0 22064.0 27626.0 19985.0 12625.0 5649.0 15338.0 22044.0 18961.0 11721.0 22712.0 27474.0 30965.0 15496.0 0 6693.0 19954.0 26207.0 18315.0 26222.0 24447.0 23807.0 30667.0 17819.0 19715.0 25573.0 30972.0 31201.0 31459.0 25293.0 16974.0 14805.0 21319.0 30694.0 27112.0 18657.0 25516.0 35484.0 32026.0 31088.0 28217.0 27375.0 33883.0 22307.0 24804.0 37820.0 29178.0 28259.0 18683.0 17260.0 27598.0 25914.0 13114.0 18268.0 11389.0 28806.0 30542.0 19343.0 14270.0 13563.0 21927.0 30679.0 31478.0 31071.0 
26727.0 20995.0 11190.0 20688.0 25671.0 26275.0 29185.0 27250.0 36922.0 31344.0 38220.0 33594.0 30607.0 31733.0 18778.0 27139.0 25307.0 18117.0 24065.0 28757.0 34319.0 26678.0 19318.0 12342.0 22031.0 28737.0 24815.0 18414.0 24107.0 33644.0 31562.0 22189.0 6693.0 0 13261.0 19514.0 25008.0 32915.0 21741.0 17114.0 27771.0 24512.0 26408.0 30295.0 31708.0 37894.0 31590.0 31986.0 23667.0 21498.0 28012.0 33765.0 20419.0 11964.0 18823.0 28791.0 38719.0 34071.0 26226.0 34068.0 40576.0 28151.0 25141.0 36098.0 26141.0 26268.0 16692.0 10567.0 20905.0 26275.0 19807.0 24961.0 18082.0 35499.0 24977.0 16637.0 11564.0 20256.0 28620.0 37372.0 35371.0 34964.0 
24681.0 16149.0 24451.0 27777.0 21202.0 28488.0 31398.0 22978.0 31965.0 31822.0 36714.0 35807.0 32820.0 29038.0 30590.0 26092.0 27151.0 29929.0 25197.0 24288.0 32919.0 33515.0 32579.0 25603.0 35292.0 29996.0 27667.0 26658.0 34077.0 33935.0 32040.0 33606.0 19954.0 13261.0 0 6253.0 22942.0 30849.0 18424.0 17592.0 28249.0 30105.0 18664.0 24522.0 33921.0 33048.0 28613.0 36139.0 27820.0 27901.0 29879.0 20504.0 22632.0 22766.0 16356.0 26324.0 38726.0 31440.0 28439.0 35327.0 41835.0 24531.0 25619.0 25476.0 12880.0 20980.0 18905.0 12780.0 31261.0 22003.0 25741.0 29876.0 31343.0 31686.0 24519.0 13320.0 13777.0 24025.0 24440.0 33192.0 33325.0 32918.0 
30934.0 22402.0 30704.0 34030.0 27455.0 27626.0 32065.0 29231.0 38218.0 38075.0 34067.0 36474.0 30648.0 22785.0 36843.0 32289.0 32082.0 24892.0 18944.0 27552.0 34903.0 27262.0 31091.0 24115.0 33804.0 36249.0 31590.0 32682.0 30882.0 37388.0 32109.0 33962.0 26207.0 19514.0 6253.0 0 16766.0 24673.0 24621.0 23845.0 34502.0 30799.0 24917.0 30775.0 34588.0 30401.0 34866.0 33677.0 25358.0 25073.0 31587.0 26757.0 28885.0 29019.0 22609.0 32577.0 35119.0 36951.0 29106.0 41580.0 48088.0 30784.0 31872.0 31729.0 19133.0 27233.0 19572.0 19033.0 28745.0 19487.0 20307.0 23700.0 27527.0 34710.0 30716.0 19517.0 14444.0 24692.0 30693.0 39445.0 39578.0 39171.0 
23430.0 14898.0 24830.0 20439.0 13864.0 22921.0 30250.0 30923.0 37010.0 32682.0 26760.0 25345.0 18408.0 23638.0 23307.0 17515.0 18417.0 11227.0 5279.0 13887.0 22138.0 14497.0 22004.0 23964.0 29364.0 22658.0 17925.0 17576.0 17217.0 26597.0 21924.0 20612.0 18315.0 25008.0 22942.0 16766.0 0 7907.0 25183.0 23564.0 34221.0 23674.0 25570.0 26853.0 28368.0 31797.0 36558.0 30938.0 22619.0 25124.0 22842.0 31688.0 24092.0 28940.0 28117.0 29060.0 21454.0 28740.0 27854.0 27989.0 34497.0 17193.0 26479.0 26474.0 24064.0 32164.0 24538.0 28248.0 27259.0 18001.0 5201.0 6934.0 13813.0 21835.0 31278.0 24504.0 24824.0 19418.0 27782.0 36534.0 32074.0 31667.0 
31337.0 22805.0 32737.0 28346.0 21771.0 30828.0 38157.0 38830.0 34675.0 25380.0 32256.0 33252.0 26315.0 31545.0 17969.0 9608.0 15090.0 19134.0 13186.0 21794.0 30045.0 22404.0 29911.0 31871.0 37271.0 30565.0 25832.0 25483.0 25124.0 34504.0 29831.0 28519.0 26222.0 32915.0 30849.0 24673.0 7907.0 0 17276.0 24642.0 35299.0 31581.0 33477.0 34760.0 36275.0 39704.0 40394.0 32254.0 30526.0 28615.0 30749.0 39595.0 31999.0 36343.0 36024.0 36967.0 29361.0 34015.0 35761.0 35896.0 32109.0 25100.0 31583.0 18567.0 31163.0 39263.0 32445.0 36155.0 35166.0 25908.0 13108.0 14841.0 21720.0 29742.0 23371.0 22380.0 27453.0 27325.0 35689.0 42801.0 39981.0 39574.0 
30353.0 21821.0 19882.0 29142.0 27868.0 22259.0 27798.0 26446.0 30891.0 21596.0 28472.0 29192.0 29556.0 30344.0 16029.0 7668.0 13150.0 19703.0 25651.0 30954.0 36794.0 29153.0 35817.0 28841.0 31674.0 24968.0 19451.0 26691.0 15653.0 25190.0 21814.0 31018.0 24447.0 21741.0 18424.0 24621.0 25183.0 17276.0 0 7366.0 18023.0 30871.0 24336.0 20547.0 30159.0 32377.0 28954.0 27923.0 19604.0 19685.0 26199.0 27170.0 25735.0 24076.0 22028.0 31996.0 30510.0 23224.0 21824.0 30299.0 30169.0 24679.0 15393.0 16627.0 19546.0 24881.0 15305.0 21260.0 33017.0 24272.0 30384.0 27355.0 20784.0 20795.0 6095.0 5104.0 10177.0 20425.0 28789.0 37541.0 38997.0 38590.0 
22987.0 14455.0 15936.0 21776.0 20652.0 14893.0 22222.0 21284.0 23525.0 14230.0 21106.0 26195.0 29244.0 23020.0 12998.0 15034.0 9559.0 12337.0 18285.0 26893.0 35138.0 27497.0 30046.0 23291.0 31258.0 24552.0 19035.0 24964.0 18327.0 20900.0 14448.0 27032.0 23807.0 17114.0 17592.0 23845.0 23564.0 24642.0 7366.0 0 10657.0 23505.0 16970.0 13181.0 22793.0 25011.0 26919.0 31129.0 26320.0 14135.0 20649.0 30024.0 25215.0 16710.0 14662.0 24630.0 32290.0 28484.0 29190.0 29340.0 26578.0 17313.0 8027.0 21043.0 26912.0 28978.0 22671.0 26696.0 25651.0 20309.0 28765.0 30498.0 28150.0 28161.0 13461.0 12470.0 17543.0 22367.0 30731.0 33163.0 31631.0 31224.0 
33644.0 25112.0 26593.0 32433.0 31309.0 25550.0 32879.0 24380.0 14708.0 24003.0 30879.0 35968.0 39901.0 33677.0 23655.0 25691.0 20216.0 22994.0 28942.0 37550.0 45795.0 38154.0 40703.0 33948.0 38409.0 31703.0 26186.0 18946.0 28984.0 31557.0 25105.0 37689.0 30667.0 27771.0 28249.0 34502.0 34221.0 35299.0 18023.0 10657.0 0 12848.0 26940.0 23838.0 33450.0 35668.0 37576.0 41786.0 36977.0 24792.0 31306.0 40223.0 33052.0 27367.0 25319.0 35287.0 39323.0 39141.0 39847.0 37034.0 37235.0 27970.0 18684.0 30816.0 32599.0 39635.0 33328.0 37353.0 36308.0 30966.0 31321.0 36475.0 29596.0 38818.0 24118.0 23127.0 28200.0 31770.0 25023.0 33775.0 41168.0 41881.0 
37988.0 29619.0 35702.0 34224.0 27649.0 33625.0 33743.0 23008.0 13336.0 22631.0 29507.0 30806.0 32698.0 33652.0 33321.0 32111.0 27226.0 20036.0 25984.0 34592.0 32985.0 25344.0 30444.0 23468.0 25561.0 18855.0 13338.0 6098.0 26026.0 24354.0 17902.0 33315.0 17819.0 24512.0 30105.0 30799.0 23674.0 31581.0 30871.0 23505.0 12848.0 0 14092.0 19950.0 39058.0 46518.0 42013.0 33873.0 25554.0 30384.0 23870.0 33245.0 31680.0 36476.0 29826.0 39794.0 35744.0 38511.0 29380.0 24186.0 30694.0 32709.0 28834.0 25163.0 31227.0 33618.0 24042.0 35079.0 32550.0 23292.0 18473.0 23627.0 16748.0 35107.0 29758.0 27685.0 29170.0 18922.0 23651.0 32403.0 44087.0 46225.0 
24059.0 15527.0 25459.0 30950.0 24375.0 31863.0 38370.0 22356.0 27428.0 31200.0 34316.0 32702.0 29984.0 32402.0 29968.0 32004.0 26529.0 21484.0 25593.0 31771.0 24016.0 16375.0 29917.0 25364.0 27457.0 20751.0 15234.0 7994.0 27474.0 24623.0 18171.0 32984.0 19715.0 26408.0 18664.0 24917.0 25570.0 33477.0 24336.0 16970.0 26940.0 14092.0 0 5858.0 28731.0 32426.0 27991.0 35769.0 27450.0 31105.0 25766.0 34043.0 30263.0 22593.0 15734.0 25702.0 36013.0 40407.0 31276.0 26082.0 32590.0 32014.0 24997.0 38013.0 31544.0 35514.0 25938.0 31444.0 30639.0 21381.0 20369.0 25523.0 18644.0 29748.0 30431.0 29440.0 31066.0 20818.0 23971.0 32723.0 32703.0 32296.0 
29917.0 21385.0 29117.0 25092.0 18517.0 27574.0 34903.0 28214.0 33286.0 27411.0 34287.0 34046.0 27109.0 29242.0 26179.0 28215.0 22740.0 15626.0 21574.0 30182.0 29874.0 22233.0 35775.0 31222.0 33315.0 26609.0 21092.0 13852.0 21616.0 18765.0 12313.0 29313.0 25573.0 30295.0 24522.0 30775.0 26853.0 34760.0 20547.0 13181.0 23838.0 19950.0 5858.0 0 22873.0 32734.0 33849.0 33283.0 30481.0 27316.0 31624.0 39901.0 36121.0 28451.0 21592.0 31560.0 30155.0 37441.0 27528.0 31940.0 38448.0 30494.0 21208.0 34224.0 37402.0 34928.0 25352.0 37302.0 36497.0 27239.0 26227.0 31381.0 24502.0 35606.0 26642.0 25651.0 30480.0 20232.0 28596.0 37348.0 38561.0 38154.0 
28233.0 19701.0 29633.0 21079.0 14504.0 19650.0 26979.0 36413.0 39422.0 30127.0 35578.0 31918.0 35640.0 27777.0 35726.0 37827.0 32352.0 31762.0 33647.0 29714.0 38345.0 32254.0 41397.0 35339.0 30004.0 23298.0 28815.0 32960.0 34090.0 27237.0 24140.0 39080.0 30972.0 31708.0 33921.0 34588.0 28368.0 36275.0 30159.0 22793.0 33450.0 39058.0 28731.0 22873.0 0 13258.0 22563.0 29270.0 26468.0 26183.0 32697.0 36217.0 34541.0 35993.0 32920.0 42888.0 39681.0 32395.0 24550.0 28629.0 35137.0 29957.0 23924.0 36940.0 32692.0 24592.0 15016.0 26007.0 44934.0 38567.0 33569.0 35302.0 28637.0 35238.0 36254.0 25217.0 20144.0 20136.0 28500.0 37252.0 36877.0 36470.0 
25431.0 16899.0 26831.0 30945.0 27762.0 21868.0 29197.0 29646.0 38491.0 29196.0 22320.0 27409.0 29976.0 22652.0 36967.0 33481.0 34570.0 33980.0 31825.0 33143.0 34770.0 27129.0 28139.0 35115.0 42591.0 35885.0 34000.0 40420.0 37158.0 39944.0 33492.0 30272.0 31201.0 37894.0 33048.0 30401.0 31797.0 39704.0 32377.0 25011.0 35668.0 46518.0 32426.0 32734.0 13258.0 0 9305.0 17445.0 25764.0 29251.0 35765.0 35415.0 31739.0 36977.0 30118.0 40086.0 33022.0 39878.0 34777.0 30554.0 37062.0 33386.0 33038.0 31132.0 35171.0 27071.0 28274.0 39265.0 37929.0 28671.0 36998.0 38731.0 34570.0 32436.0 32164.0 37481.0 33402.0 33394.0 39828.0 31076.0 31185.0 33668.0 
17999.0 25476.0 20400.0 21640.0 28215.0 27223.0 30693.0 20341.0 30013.0 28640.0 31625.0 35684.0 34451.0 31957.0 31234.0 30786.0 36268.0 30573.0 36300.0 41720.0 37430.0 32376.0 18834.0 25810.0 35499.0 37009.0 37271.0 35915.0 27853.0 32615.0 37967.0 20967.0 31459.0 31590.0 28613.0 34866.0 36558.0 40394.0 28954.0 26919.0 37576.0 42013.0 27991.0 33849.0 22563.0 9305.0 0 8140.0 16459.0 19946.0 26460.0 27983.0 24307.0 31186.0 25683.0 35651.0 37497.0 30573.0 29173.0 39859.0 46367.0 29659.0 31242.0 21827.0 25866.0 17766.0 27342.0 32404.0 28624.0 19366.0 31357.0 32144.0 25265.0 32814.0 22859.0 30959.0 29447.0 32462.0 37397.0 28645.0 26643.0 26236.0 
26139.0 27661.0 28540.0 29780.0 24914.0 33971.0 38833.0 28481.0 29795.0 20500.0 27376.0 28401.0 35338.0 35599.0 31007.0 22646.0 28128.0 34401.0 34939.0 37193.0 33362.0 25721.0 26974.0 29660.0 39349.0 33708.0 35015.0 27775.0 28411.0 27302.0 33754.0 29107.0 25293.0 31986.0 36139.0 33677.0 30938.0 32254.0 27923.0 31129.0 41786.0 33873.0 35769.0 33283.0 29270.0 17445.0 8140.0 0 8319.0 20504.0 27018.0 36123.0 32447.0 39326.0 33823.0 43791.0 29719.0 22433.0 21033.0 35610.0 39041.0 32388.0 23102.0 13687.0 26283.0 25906.0 30567.0 38975.0 36764.0 27506.0 29168.0 24004.0 17125.0 24674.0 26824.0 22819.0 27892.0 29617.0 37981.0 36785.0 34783.0 34376.0 
29644.0 21112.0 31044.0 22001.0 22112.0 31169.0 37194.0 35842.0 35798.0 26503.0 25171.0 20082.0 27019.0 33429.0 35231.0 27272.0 32754.0 26082.0 26620.0 28874.0 25043.0 17402.0 28317.0 21341.0 31030.0 30906.0 26696.0 19456.0 20092.0 24500.0 30952.0 25082.0 16974.0 23667.0 27820.0 25358.0 22619.0 30526.0 19604.0 26320.0 36977.0 25554.0 27450.0 30481.0 26468.0 25764.0 16459.0 8319.0 0 12185.0 18699.0 28074.0 35131.0 35631.0 34331.0 44092.0 21400.0 14114.0 12714.0 33405.0 30722.0 29117.0 20300.0 22006.0 28942.0 31824.0 22248.0 30656.0 39158.0 29900.0 20849.0 15685.0 8806.0 30775.0 25699.0 14500.0 19573.0 21298.0 29662.0 38414.0 38288.0 37881.0 
25873.0 20827.0 19314.0 9816.0 14792.0 23849.0 31178.0 24313.0 32273.0 22978.0 20827.0 15738.0 22675.0 27513.0 27133.0 19007.0 21087.0 13897.0 19845.0 28453.0 28535.0 20894.0 16132.0 9156.0 18845.0 23529.0 18012.0 24286.0 7907.0 12669.0 19121.0 12897.0 14805.0 21498.0 27901.0 25073.0 25124.0 28615.0 19685.0 14135.0 24792.0 30384.0 31105.0 27316.0 26183.0 29251.0 19946.0 20504.0 12185.0 0 6514.0 15889.0 30652.0 30100.0 28797.0 37033.0 29427.0 26299.0 18778.0 28860.0 35368.0 26061.0 16775.0 27966.0 29023.0 26443.0 24782.0 30737.0 32596.0 23338.0 24155.0 21233.0 14354.0 23533.0 23902.0 14581.0 19654.0 25962.0 34326.0 32617.0 32726.0 34110.0 
19359.0 27341.0 25828.0 16330.0 21306.0 30363.0 37692.0 30827.0 31612.0 22317.0 27341.0 22252.0 17255.0 25118.0 33647.0 25521.0 27601.0 20411.0 23598.0 30652.0 22021.0 14380.0 17188.0 15670.0 25359.0 30043.0 24526.0 17772.0 14421.0 19183.0 25635.0 19411.0 21319.0 28012.0 29879.0 31587.0 22842.0 30749.0 26199.0 20649.0 31306.0 23870.0 25766.0 31624.0 32697.0 35765.0 26460.0 27018.0 18699.0 6514.0 0 9375.0 24703.0 33208.0 35311.0 39187.0 31581.0 30681.0 25292.0 35374.0 41882.0 25400.0 16114.0 29130.0 31001.0 26112.0 28284.0 28859.0 39110.0 29852.0 17641.0 27747.0 20868.0 17019.0 21928.0 21095.0 26168.0 30596.0 35110.0 39131.0 28003.0 27596.0 
9984.0 18516.0 28448.0 25705.0 29948.0 37007.0 31595.0 30243.0 39915.0 31692.0 36716.0 31627.0 26630.0 34493.0 39391.0 34838.0 36976.0 29786.0 32973.0 33034.0 31396.0 23755.0 26563.0 25045.0 34734.0 38742.0 33901.0 27147.0 23796.0 28558.0 35010.0 28786.0 30694.0 33765.0 20504.0 26757.0 31688.0 39595.0 27170.0 30024.0 40223.0 33245.0 34043.0 39901.0 36217.0 35415.0 27983.0 36123.0 28074.0 15889.0 9375.0 0 16292.0 24797.0 31656.0 41624.0 37472.0 30186.0 34667.0 44073.0 46794.0 30561.0 25489.0 34222.0 21626.0 27391.0 27789.0 33284.0 33738.0 37382.0 27016.0 37122.0 30243.0 26394.0 31303.0 22066.0 27139.0 32909.0 33186.0 38429.0 18628.0 18221.0 
6308.0 14840.0 19291.0 20836.0 27411.0 22632.0 15303.0 13951.0 23623.0 29758.0 35405.0 34963.0 35761.0 35737.0 26879.0 33403.0 33408.0 26218.0 29371.0 31084.0 39715.0 32886.0 24783.0 31759.0 41448.0 36205.0 32916.0 26435.0 32208.0 40144.0 39663.0 33241.0 27112.0 20419.0 22632.0 28885.0 24092.0 31999.0 25735.0 25215.0 33052.0 31680.0 30263.0 36121.0 34541.0 31739.0 24307.0 32447.0 35131.0 30652.0 24703.0 16292.0 0 8505.0 15364.0 25332.0 45351.0 38065.0 30220.0 41536.0 48044.0 14269.0 23555.0 36571.0 31815.0 23715.0 20686.0 18491.0 17446.0 21638.0 18891.0 31026.0 30934.0 30377.0 30591.0 20631.0 15558.0 25806.0 34170.0 25647.0 14952.0 14545.0 
14813.0 20078.0 10786.0 20284.0 26859.0 31137.0 23808.0 22456.0 32128.0 30940.0 31547.0 26458.0 33395.0 31329.0 18374.0 26735.0 24903.0 17713.0 23661.0 32269.0 40136.0 32879.0 31282.0 24306.0 33995.0 29928.0 24411.0 30378.0 23703.0 33240.0 31158.0 34153.0 18657.0 11964.0 22766.0 29019.0 28940.0 36343.0 24076.0 16710.0 27367.0 36476.0 22593.0 28451.0 35993.0 36977.0 31186.0 39326.0 35631.0 30100.0 33208.0 24797.0 8505.0 0 6859.0 16827.0 39836.0 43576.0 33826.0 35259.0 41767.0 22774.0 24737.0 35694.0 35646.0 32220.0 26197.0 9986.0 8941.0 18199.0 27396.0 32414.0 30046.0 34226.0 24573.0 26142.0 21069.0 31317.0 39681.0 34152.0 23457.0 23050.0 
21672.0 13219.0 17645.0 27143.0 26377.0 29555.0 30667.0 20048.0 29720.0 28892.0 33784.0 33317.0 31900.0 34116.0 25233.0 29696.0 24221.0 24572.0 30520.0 29463.0 38094.0 32109.0 38141.0 31165.0 40854.0 35171.0 30968.0 23728.0 30562.0 35562.0 29110.0 30676.0 25516.0 18823.0 16356.0 22609.0 28117.0 36024.0 22028.0 14662.0 25319.0 29826.0 15734.0 21592.0 32920.0 30118.0 25683.0 33823.0 34331.0 28797.0 35311.0 31656.0 15364.0 6859.0 0 9968.0 34946.0 42232.0 37890.0 40502.0 41240.0 29633.0 22689.0 35705.0 29236.0 37336.0 28356.0 16845.0 15800.0 19073.0 31064.0 33288.0 34378.0 28756.0 28123.0 27132.0 27928.0 33476.0 39705.0 38354.0 30316.0 29909.0 
31640.0 23187.0 27613.0 37111.0 36345.0 39523.0 40635.0 30016.0 39688.0 37160.0 30284.0 28869.0 21932.0 29795.0 35201.0 39664.0 34189.0 29729.0 23781.0 32389.0 40640.0 32999.0 38349.0 33983.0 43672.0 40791.0 35274.0 33696.0 35719.0 31900.0 25448.0 24136.0 35484.0 28791.0 26324.0 32577.0 29060.0 36967.0 31996.0 24630.0 35287.0 39794.0 25702.0 31560.0 42888.0 40086.0 35651.0 43791.0 44092.0 37033.0 39187.0 41624.0 25332.0 16827.0 9968.0 0 24978.0 32264.0 31378.0 38518.0 45026.0 39601.0 32657.0 43973.0 39204.0 47304.0 38324.0 26813.0 25768.0 29041.0 34261.0 35994.0 41595.0 38180.0 38091.0 37100.0 37896.0 38562.0 39278.0 48030.0 40284.0 39877.0 
39799.0 31267.0 39062.0 31784.0 30468.0 34248.0 41577.0 41864.0 38849.0 29554.0 22678.0 21263.0 14326.0 22189.0 35408.0 31693.0 26211.0 22123.0 16175.0 24783.0 22236.0 25393.0 30743.0 26377.0 36066.0 33185.0 27668.0 34908.0 28113.0 24294.0 17842.0 16530.0 32026.0 38719.0 38726.0 35119.0 21454.0 29361.0 30510.0 32290.0 39323.0 35744.0 36013.0 30155.0 39681.0 33022.0 37497.0 29719.0 21400.0 29427.0 31581.0 37472.0 45351.0 39836.0 34946.0 24978.0 0 7286.0 23620.0 30402.0 23894.0 38647.0 35757.0 36367.0 39848.0 33597.0 24665.0 40876.0 48713.0 39455.0 26655.0 28388.0 30206.0 30574.0 36605.0 25406.0 29793.0 22664.0 14300.0 23052.0 42853.0 48036.0 
40170.0 32516.0 42448.0 36115.0 35176.0 26962.0 34291.0 38776.0 32848.0 23553.0 28791.0 23702.0 21612.0 29475.0 32768.0 24407.0 18925.0 26115.0 23461.0 32069.0 29522.0 31516.0 38029.0 33663.0 35153.0 28447.0 32376.0 32413.0 32105.0 31580.0 25128.0 23816.0 31088.0 34071.0 31440.0 36951.0 28740.0 34015.0 23224.0 28484.0 39141.0 38511.0 40407.0 37441.0 32395.0 39878.0 30573.0 22433.0 14114.0 26299.0 30681.0 30186.0 38065.0 43576.0 42232.0 32264.0 7286.0 0 16334.0 23116.0 16608.0 39042.0 29756.0 30366.0 32562.0 26311.0 17379.0 33590.0 47544.0 44014.0 33941.0 29799.0 22920.0 37860.0 29319.0 18120.0 22507.0 22499.0 21586.0 30338.0 45341.0 48407.0 
33203.0 24671.0 29656.0 20158.0 18842.0 19117.0 26446.0 30931.0 28628.0 19333.0 12457.0 7368.0 14305.0 22168.0 36025.0 29492.0 29930.0 22740.0 22575.0 31183.0 26630.0 27914.0 30722.0 27934.0 28265.0 21559.0 16042.0 23282.0 26256.0 16719.0 23171.0 22930.0 28217.0 26226.0 28439.0 29106.0 27854.0 35761.0 21824.0 29190.0 39847.0 29380.0 31276.0 27528.0 24550.0 34777.0 29173.0 21033.0 12714.0 18778.0 25292.0 34667.0 30220.0 33826.0 37890.0 31378.0 23620.0 16334.0 0 20691.0 27199.0 31249.0 25536.0 26146.0 27210.0 19110.0 9534.0 25745.0 39699.0 41453.0 28871.0 28399.0 21520.0 30553.0 27919.0 16720.0 14662.0 14654.0 23018.0 31770.0 37496.0 41440.0 
35815.0 27283.0 30198.0 20700.0 14125.0 23182.0 30511.0 34077.0 24405.0 15110.0 8234.0 13323.0 20260.0 28123.0 30831.0 29009.0 23527.0 17546.0 23494.0 29335.0 35252.0 32712.0 28702.0 21726.0 12037.0 5331.0 10848.0 18088.0 23536.0 26858.0 31382.0 30070.0 27375.0 34068.0 35327.0 41580.0 27989.0 35896.0 30299.0 29340.0 37034.0 24186.0 26082.0 31940.0 28629.0 30554.0 39859.0 35610.0 33405.0 28860.0 35374.0 44073.0 41536.0 35259.0 40502.0 38518.0 30402.0 23116.0 20691.0 0 6508.0 29578.0 21313.0 21923.0 34519.0 34094.0 30225.0 41351.0 44200.0 43263.0 30463.0 34923.0 28738.0 36508.0 36394.0 25195.0 30268.0 30912.0 39276.0 41452.0 41561.0 44052.0 
