41
ka4cgDWgq7 GSDEYlNcCM 97dvK2Az7S VWD9Yy5Xrg zH4Z0p0Ftj vD4d0BZ03p 8pgnfE3xKu wXTrLT9dUx 1aPtXDhYtV ESDdDChkYw s8EkvbOYAX 79JJ9GZF8c fbxiHLAsv4 KpPj50fAfy dyS1o5lQHD OpwMnuSGmp uXkvSfF7Kv pm1Yq2dCLL UgxUR9jKcJ NgxnYo41LY cqCbnI2bkr I1RTFIGWhc TH1GgoG5GU Octagmmhko 1koyFI8rlU G05S6XZiBa 4RZs4XFvF9 EZQ9HUGjRN YrPP1U1r20 ckEVpwA8CD Iroa6leixY oQb2PqTM8x H0NdoJawvz 4JtfcKJvHu MpRNDD0glq 0gqiqztWgj fhmE7A9rVl gSP0irArmo YZKJeBb8Pe dojrtYXceT 6Zg7j6t8kt
0 7538.0 13880.0 14649.0 14348.0 19917.0 23184.0 15080.0 21523.0 20917.0 19991.0 16280.0 24004.0 17408.0 22108.0 31099.0 21450.0 14507.0 21569.0 25886.0 27874.0 26870.0 21641.0 31528.0 26300.0 36052.0 32623.0 27236.0 32870.0 41179.0 30525.0 28916.0 22834.0 17487.0 13807.0 27809.0 22354.0 15164.0 15324.0 20858.0 6967.0 
7538.0 0 6342.0 14998.0 14697.0 20266.0 16223.0 8119.0 14562.0 13379.0 12453.0 17973.0 16466.0 17757.0 14570.0 23561.0 22663.0 15720.0 14031.0 21566.0 22267.0 19332.0 21990.0 25422.0 18762.0 28514.0 28935.0 27585.0 26374.0 34683.0 26969.0 21378.0 15296.0 9949.0 21345.0 27136.0 22337.0 14512.0 15673.0 13897.0 14505.0 
13880.0 6342.0 0 12792.0 18677.0 24246.0 22008.0 14461.0 20904.0 19721.0 18795.0 24315.0 22808.0 16917.0 20912.0 29903.0 29005.0 22062.0 20373.0 18459.0 20416.0 12990.0 18537.0 28424.0 25104.0 34856.0 30234.0 26745.0 20032.0 28341.0 20627.0 15036.0 21638.0 16291.0 27687.0 33478.0 28679.0 20854.0 22015.0 20239.0 20847.0 
14649.0 14998.0 12792.0 0 5885.0 11454.0 17669.0 23117.0 29560.0 28377.0 27451.0 30929.0 26573.0 19947.0 28683.0 37674.0 32985.0 29156.0 25900.0 17423.0 23856.0 22892.0 24180.0 34067.0 33760.0 39636.0 30002.0 29261.0 29362.0 37671.0 33419.0 27828.0 30174.0 24947.0 28456.0 31941.0 32836.0 25011.0 17863.0 24400.0 21616.0 
14348.0 14697.0 18677.0 5885.0 0 5569.0 11784.0 19888.0 26331.0 28076.0 27150.0 30628.0 26272.0 19646.0 24950.0 33941.0 33533.0 28855.0 20015.0 11538.0 17971.0 17007.0 22554.0 32441.0 29142.0 38894.0 33932.0 29474.0 24049.0 32358.0 33484.0 32421.0 29993.0 24646.0 28155.0 31640.0 32535.0 24710.0 17562.0 25666.0 21315.0 
19917.0 20266.0 24246.0 11454.0 5569.0 0 6215.0 14319.0 20762.0 24208.0 23282.0 28802.0 21277.0 25215.0 19381.0 28372.0 31693.0 26549.0 24860.0 17107.0 23540.0 22556.0 28003.0 30233.0 23573.0 33325.0 28363.0 28592.0 29598.0 37907.0 30627.0 27373.0 29505.0 30215.0 25223.0 34990.0 30535.0 22710.0 15562.0 20097.0 22432.0 
23184.0 16223.0 22008.0 17669.0 11784.0 6215.0 0 8104.0 14547.0 17993.0 17067.0 22587.0 22909.0 21178.0 25596.0 34587.0 25478.0 20334.0 18645.0 21810.0 19621.0 16341.0 21788.0 31675.0 29788.0 31782.0 22148.0 22377.0 23383.0 31692.0 26749.0 21158.0 23290.0 26172.0 19008.0 31750.0 26951.0 19126.0 21777.0 13882.0 16217.0 
15080.0 8119.0 14461.0 23117.0 19888.0 14319.0 8104.0 0 6443.0 13505.0 20572.0 23197.0 14805.0 19893.0 22689.0 31680.0 25145.0 23839.0 22150.0 29685.0 27725.0 24445.0 29892.0 33541.0 26881.0 30450.0 20816.0 20563.0 28902.0 37211.0 34853.0 29262.0 23415.0 18068.0 23427.0 35255.0 29271.0 21466.0 14318.0 5778.0 8113.0 
21523.0 14562.0 20904.0 29560.0 26331.0 20762.0 14547.0 6443.0 0 7062.0 18064.0 23584.0 21248.0 26336.0 28997.0 37988.0 28274.0 21331.0 19642.0 27770.0 27878.0 26110.0 31657.0 39984.0 33324.0 36893.0 27259.0 27006.0 33152.0 41461.0 34979.0 34469.0 27779.0 24511.0 29870.0 32747.0 27948.0 20123.0 20761.0 12221.0 14556.0 
20917.0 13379.0 19721.0 28377.0 28076.0 24208.0 17993.0 13505.0 7062.0 0 11002.0 16522.0 24914.0 27877.0 21935.0 30926.0 21212.0 14269.0 12580.0 20708.0 20816.0 19048.0 24595.0 34482.0 32141.0 38683.0 29049.0 31312.0 26090.0 34399.0 27917.0 27407.0 20717.0 21853.0 27686.0 25685.0 20886.0 13061.0 20209.0 19283.0 21618.0 
19991.0 12453.0 18795.0 27451.0 27150.0 23282.0 17067.0 20572.0 18064.0 11002.0 0 5520.0 13912.0 20538.0 15465.0 24456.0 20286.0 13343.0 11654.0 19782.0 19890.0 18122.0 23669.0 33556.0 30843.0 37757.0 28123.0 30134.0 25164.0 33473.0 26991.0 26481.0 19791.0 20927.0 26760.0 18151.0 11594.0 12135.0 19283.0 24309.0 26958.0 
16280.0 17973.0 24315.0 30929.0 30628.0 28802.0 22587.0 23197.0 23584.0 16522.0 5520.0 0 8392.0 15018.0 9945.0 18936.0 25806.0 18863.0 17174.0 25302.0 25410.0 23642.0 29189.0 31983.0 25323.0 34989.0 25355.0 24614.0 30684.0 38993.0 28671.0 28096.0 25311.0 26447.0 22962.0 12631.0 6074.0 13574.0 19192.0 27732.0 23247.0 
24004.0 16466.0 22808.0 26573.0 26272.0 21277.0 22909.0 14805.0 21248.0 24914.0 13912.0 8392.0 0 6626.0 13082.0 22073.0 26778.0 27255.0 22437.0 20078.0 20781.0 23410.0 22275.0 23934.0 17274.0 26597.0 16963.0 16222.0 25703.0 34012.0 20279.0 19704.0 26394.0 26415.0 26099.0 21023.0 14466.0 17948.0 10800.0 19340.0 22918.0 
17408.0 17757.0 16917.0 19947.0 19646.0 25215.0 21178.0 19893.0 26336.0 27877.0 20538.0 15018.0 6626.0 0 8736.0 17727.0 22700.0 27786.0 18091.0 20588.0 14155.0 17295.0 15649.0 25536.0 23900.0 31083.0 21449.0 9828.0 19077.0 27386.0 24932.0 19341.0 26031.0 27706.0 21753.0 23410.0 21092.0 14816.0 17426.0 14115.0 24375.0 
22108.0 14570.0 20912.0 28683.0 24950.0 19381.0 25596.0 22689.0 28997.0 21935.0 15465.0 9945.0 13082.0 8736.0 0 8991.0 18828.0 21788.0 9355.0 17832.0 22891.0 21514.0 24385.0 22038.0 15378.0 25130.0 30045.0 18564.0 27813.0 36122.0 24692.0 28077.0 29866.0 24519.0 13017.0 15609.0 16019.0 23068.0 22645.0 22851.0 28331.0 
31099.0 23561.0 29903.0 37674.0 33941.0 28372.0 34587.0 31680.0 37988.0 30926.0 24456.0 18936.0 22073.0 17727.0 8991.0 0 9837.0 16780.0 18346.0 26823.0 31882.0 26363.0 31910.0 31029.0 24369.0 34121.0 39036.0 27555.0 33405.0 41714.0 32798.0 34473.0 38857.0 33510.0 22008.0 24600.0 25010.0 29750.0 31636.0 31842.0 37322.0 
21450.0 22663.0 29005.0 32985.0 33533.0 31693.0 25478.0 25145.0 28274.0 21212.0 20286.0 25806.0 26778.0 22700.0 18828.0 9837.0 0 6943.0 19376.0 21995.0 23099.0 16526.0 22073.0 31960.0 29074.0 38826.0 38333.0 32528.0 23568.0 31877.0 22961.0 24636.0 30001.0 29968.0 22486.0 20729.0 27286.0 19913.0 27061.0 26747.0 28417.0 
14507.0 15720.0 22062.0 29156.0 28855.0 26549.0 20334.0 23839.0 21331.0 14269.0 13343.0 18863.0 27255.0 27786.0 21788.0 16780.0 6943.0 0 12433.0 20910.0 16156.0 21389.0 26936.0 36823.0 34482.0 41024.0 31390.0 33653.0 25453.0 33762.0 16018.0 17693.0 23058.0 24194.0 15543.0 13786.0 20343.0 12970.0 20118.0 27576.0 21474.0 
21569.0 14031.0 20373.0 25900.0 20015.0 24860.0 18645.0 22150.0 19642.0 12580.0 11654.0 17174.0 22437.0 18091.0 9355.0 18346.0 19376.0 12433.0 0 8477.0 14910.0 13946.0 19493.0 29380.0 24733.0 34485.0 29701.0 27919.0 20988.0 29297.0 15337.0 20928.0 21369.0 22505.0 22372.0 13105.0 19662.0 13713.0 20861.0 25887.0 28536.0 
25886.0 21566.0 18459.0 17423.0 11538.0 17107.0 21810.0 29685.0 27770.0 20708.0 19782.0 25302.0 20078.0 20588.0 17832.0 26823.0 21995.0 20910.0 8477.0 0 6433.0 5469.0 11016.0 20903.0 22374.0 32126.0 37041.0 30416.0 12511.0 20820.0 21946.0 20883.0 22154.0 16807.0 20500.0 21582.0 28139.0 21841.0 28989.0 33939.0 32853.0 
27874.0 22267.0 20416.0 23856.0 17971.0 23540.0 19621.0 27725.0 27878.0 20816.0 19890.0 25410.0 20781.0 14155.0 22891.0 31882.0 23099.0 16156.0 14910.0 6433.0 0 11902.0 17449.0 27336.0 28807.0 38559.0 31320.0 23983.0 18944.0 27253.0 19317.0 15504.0 22194.0 16915.0 14067.0 25340.0 26140.0 18315.0 25463.0 27506.0 29381.0 
26870.0 19332.0 12990.0 22892.0 17007.0 22556.0 16341.0 24445.0 26110.0 19048.0 18122.0 23642.0 23410.0 17295.0 21514.0 26363.0 16526.0 21389.0 13946.0 5469.0 11902.0 0 5547.0 15434.0 22094.0 31846.0 34777.0 27123.0 7042.0 15351.0 16477.0 15414.0 18789.0 13442.0 20980.0 22056.0 28006.0 20181.0 27329.0 30166.0 32558.0 
21641.0 21990.0 18537.0 24180.0 22554.0 28003.0 21788.0 29892.0 31657.0 24595.0 23669.0 29189.0 22275.0 15649.0 24385.0 31910.0 22073.0 26936.0 19493.0 11016.0 17449.0 5547.0 0 9887.0 16547.0 26299.0 35933.0 25477.0 12589.0 20898.0 16716.0 20961.0 16319.0 18989.0 26527.0 27603.0 33553.0 25728.0 24855.0 29764.0 28608.0 
31528.0 25422.0 28424.0 34067.0 32441.0 30233.0 31675.0 33541.0 39984.0 34482.0 33556.0 31983.0 23934.0 25536.0 22038.0 31029.0 31960.0 36823.0 29380.0 20903.0 27336.0 15434.0 9887.0 0 6660.0 16412.0 26046.0 35364.0 22476.0 30785.0 26603.0 30848.0 26206.0 28876.0 35055.0 37490.0 38057.0 35615.0 33497.0 39319.0 38495.0 
26300.0 18762.0 25104.0 33760.0 29142.0 23573.0 29788.0 26881.0 33324.0 32141.0 30843.0 25323.0 17274.0 23900.0 15378.0 24369.0 29074.0 34482.0 24733.0 22374.0 28807.0 22094.0 16547.0 6660.0 0 9752.0 19386.0 31007.0 29136.0 37445.0 33263.0 36978.0 32866.0 28711.0 28395.0 30987.0 31397.0 33274.0 26837.0 32659.0 33267.0 
36052.0 28514.0 34856.0 39636.0 38894.0 33325.0 31782.0 30450.0 36893.0 38683.0 37757.0 34989.0 26597.0 31083.0 25130.0 34121.0 38826.0 41024.0 34485.0 32126.0 38559.0 31846.0 26299.0 16412.0 9752.0 0 9634.0 21255.0 38888.0 47197.0 41822.0 39844.0 41150.0 38463.0 38147.0 40739.0 41063.0 34081.0 26933.0 24672.0 38563.0 
32623.0 28935.0 30234.0 30002.0 33932.0 28363.0 22148.0 20816.0 27259.0 29049.0 28123.0 25355.0 16963.0 21449.0 30045.0 39036.0 38333.0 31390.0 29701.0 37041.0 31320.0 34777.0 35933.0 26046.0 19386.0 9634.0 0 11621.0 38162.0 46471.0 32188.0 30210.0 31516.0 36863.0 35604.0 37986.0 31429.0 24447.0 17299.0 15038.0 28929.0 
27236.0 27585.0 26745.0 29261.0 29474.0 28592.0 22377.0 20563.0 27006.0 31312.0 30134.0 24614.0 16222.0 9828.0 18564.0 27555.0 32528.0 33653.0 27919.0 30416.0 23983.0 27123.0 25477.0 35364.0 31007.0 21255.0 11621.0 0 28905.0 37214.0 20567.0 26158.0 23195.0 28542.0 31581.0 33238.0 30688.0 23706.0 16558.0 23943.0 28676.0 
32870.0 26374.0 20032.0 29362.0 24049.0 29598.0 23383.0 28902.0 33152.0 26090.0 25164.0 30684.0 25703.0 19077.0 27813.0 33405.0 23568.0 25453.0 20988.0 12511.0 18944.0 7042.0 12589.0 22476.0 29136.0 38888.0 38162.0 28905.0 0 8309.0 9435.0 15026.0 21716.0 20484.0 28022.0 26125.0 32682.0 27223.0 31664.0 23124.0 37015.0 
41179.0 34683.0 28341.0 37671.0 32358.0 37907.0 31692.0 37211.0 41461.0 34399.0 33473.0 38993.0 34012.0 27386.0 36122.0 41714.0 31877.0 33762.0 29297.0 20820.0 27253.0 15351.0 20898.0 30785.0 37445.0 47197.0 46471.0 37214.0 8309.0 0 17744.0 23335.0 30025.0 28793.0 36331.0 34434.0 40991.0 35532.0 39973.0 31433.0 45324.0 
30525.0 26969.0 20627.0 33419.0 33484.0 30627.0 26749.0 34853.0 34979.0 27917.0 26991.0 28671.0 20279.0 24932.0 24692.0 32798.0 22961.0 16018.0 15337.0 21946.0 19317.0 16477.0 16716.0 26603.0 33263.0 41822.0 32188.0 20567.0 9435.0 17744.0 0 5591.0 12281.0 17628.0 21195.0 16690.0 23247.0 23619.0 30767.0 32559.0 36509.0 
28916.0 21378.0 15036.0 27828.0 32421.0 27373.0 21158.0 29262.0 34469.0 27407.0 26481.0 28096.0 19704.0 19341.0 28077.0 34473.0 24636.0 17693.0 20928.0 20883.0 15504.0 15414.0 20961.0 30848.0 36978.0 39844.0 30210.0 26158.0 15026.0 23335.0 5591.0 0 6690.0 12037.0 15604.0 22281.0 25853.0 18028.0 25176.0 33456.0 30918.0 
22834.0 15296.0 21638.0 30174.0 29993.0 29505.0 23290.0 23415.0 27779.0 20717.0 19791.0 25311.0 26394.0 26031.0 29866.0 38857.0 30001.0 23058.0 21369.0 22154.0 22194.0 18789.0 16319.0 26206.0 32866.0 41150.0 31516.0 23195.0 21716.0 30025.0 12281.0 6690.0 0 5347.0 22294.0 28971.0 29675.0 21850.0 28998.0 29193.0 29801.0 
17487.0 9949.0 16291.0 24947.0 24646.0 30215.0 26172.0 18068.0 24511.0 21853.0 20927.0 26447.0 26415.0 27706.0 24519.0 33510.0 29968.0 24194.0 22505.0 16807.0 16915.0 13442.0 18989.0 28876.0 28711.0 38463.0 36863.0 28542.0 20484.0 28793.0 17628.0 12037.0 5347.0 0 23785.0 26377.0 30811.0 22986.0 25622.0 23846.0 24454.0 
13807.0 21345.0 27687.0 28456.0 28155.0 25223.0 19008.0 23427.0 29870.0 27686.0 26760.0 22962.0 26099.0 21753.0 13017.0 22008.0 22486.0 15543.0 22372.0 20500.0 14067.0 20980.0 26527.0 35055.0 28395.0 38147.0 35604.0 31581.0 28022.0 36331.0 21195.0 15604.0 22294.0 23785.0 0 14002.0 20559.0 23928.0 29131.0 29205.0 15314.0 
27809.0 27136.0 33478.0 31941.0 31640.0 34990.0 31750.0 35255.0 32747.0 25685.0 18151.0 12631.0 21023.0 23410.0 15609.0 24600.0 20729.0 13786.0 13105.0 21582.0 25340.0 22056.0 27603.0 37490.0 30987.0 40739.0 37986.0 33238.0 26125.0 34434.0 16690.0 22281.0 28971.0 26377.0 14002.0 0 6557.0 14382.0 21530.0 30070.0 29316.0 
22354.0 22337.0 28679.0 32836.0 32535.0 30535.0 26951.0 29271.0 27948.0 20886.0 11594.0 6074.0 14466.0 21092.0 16019.0 25010.0 27286.0 20343.0 19662.0 28139.0 26140.0 28006.0 33553.0 38057.0 31397.0 41063.0 31429.0 30688.0 32682.0 40991.0 23247.0 25853.0 29675.0 30811.0 20559.0 6557.0 0 7825.0 14973.0 23513.0 29321.0 
15164.0 14512.0 20854.0 25011.0 24710.0 22710.0 19126.0 21466.0 20123.0 13061.0 12135.0 13574.0 17948.0 14816.0 23068.0 29750.0 19913.0 12970.0 13713.0 21841.0 18315.0 20181.0 25728.0 35615.0 33274.0 34081.0 24447.0 23706.0 27223.0 35532.0 23619.0 18028.0 21850.0 22986.0 23928.0 14382.0 7825.0 0 7148.0 15688.0 22131.0 
15324.0 15673.0 22015.0 17863.0 17562.0 15562.0 21777.0 14318.0 20761.0 20209.0 19283.0 19192.0 10800.0 17426.0 22645.0 31636.0 27061.0 20118.0 20861.0 28989.0 25463.0 27329.0 24855.0 33497.0 26837.0 26933.0 17299.0 16558.0 31664.0 39973.0 30767.0 25176.0 28998.0 25622.0 29131.0 21530.0 14973.0 7148.0 0 8540.0 22291.0 
20858.0 13897.0 20239.0 24400.0 25666.0 20097.0 13882.0 5778.0 12221.0 19283.0 24309.0 27732.0 19340.0 14115.0 22851.0 31842.0 26747.0 27576.0 25887.0 33939.0 27506.0 30166.0 29764.0 39319.0 32659.0 24672.0 15038.0 23943.0 23124.0 31433.0 32559.0 33456.0 29193.0 23846.0 29205.0 30070.0 23513.0 15688.0 8540.0 0 13891.0 
6967.0 14505.0 20847.0 21616.0 21315.0 22432.0 16217.0 8113.0 14556.0 21618.0 26958.0 23247.0 22918.0 24375.0 28331.0 37322.0 28417.0 21474.0 28536.0 32853.0 29381.0 32558.0 28608.0 38495.0 33267.0 38563.0 28929.0 28676.0 37015.0 45324.0 36509.0 30918.0 29801.0 24454.0 15314.0 29316.0 29321.0 22131.0 22291.0 13891.0 0 
