8
K 1eX 1eM 1eO 1aJ B 2 1
0 24428785.51231 72577385.18539 52748219.09814 108375701.00171 56825038.818289995 53673999.40292 89943306.22101 
24428785.51231 0 48148599.67308 28319433.58583 103378742.66288999 32396253.30598 48677041.0641 65514520.7087 
72577385.18539 48148599.67308 0 76468033.25891 135626149.04321998 61113027.41391 96825640.73718 94231293.78844 
52748219.09814 28319433.58583 76468033.25891 0 115796980.4876 41283858.36624 76996474.64993 74402125.66134 
108375701.00171 103378742.66288999 135626149.04321998 115796980.4876 0 116343169.72704 54701701.59879 152992070.25533 
56825038.818289995 32396253.30598 61113027.41391 41283858.36624 116343169.72704 0 61641468.12825 97910774.01468 
53673999.40292 48677041.0641 96825640.73718 76996474.64993 54701701.59879 61641468.12825 0 114191561.7728 
89943306.22101 65514520.7087 94231293.78844 74402125.66134 152992070.25533 97910774.01468 114191561.7728 0 
