18
1huq1df ifmqwyt6x it92vprqk nbvknr i3la5wvv4 4l424khddum 45bp6qh 5ed169a5jrt pxtk2 b9zxvj22sc ag29aqlop m5uyvxo2h d5podyx2rn1o d3y7jq ou2rf1qhh kr5jy4uyjt bt3xcgwcd6c 3xgrfvks
0 12.0 23.0 27.0 42.0 34.0 28.0 17.0 28.0 32.0 28.0 33.0 28.0 19.0 29.0 29.0 31.0 19.0 
12.0 0 11.0 29.0 30.0 34.0 30.0 29.0 32.0 27.0 30.0 25.0 32.0 28.0 37.0 26.0 33.0 25.0 
23.0 11.0 0 18.0 19.0 23.0 25.0 33.0 22.0 30.0 23.0 28.0 31.0 17.0 27.0 15.0 27.0 36.0 
27.0 29.0 18.0 0 18.0 23.0 33.0 27.0 16.0 29.0 21.0 26.0 17.0 21.0 31.0 29.0 25.0 37.0 
42.0 30.0 19.0 18.0 0 17.0 24.0 32.0 21.0 34.0 28.0 44.0 35.0 36.0 38.0 34.0 43.0 46.0 
34.0 34.0 23.0 23.0 17.0 0 10.0 21.0 17.0 25.0 30.0 34.0 35.0 21.0 24.0 21.0 27.0 34.0 
28.0 30.0 25.0 33.0 24.0 10.0 0 11.0 22.0 27.0 30.0 27.0 38.0 24.0 14.0 27.0 33.0 43.0 
17.0 29.0 33.0 27.0 32.0 21.0 11.0 0 11.0 24.0 25.0 16.0 34.0 35.0 25.0 32.0 44.0 36.0 
28.0 32.0 22.0 16.0 21.0 17.0 22.0 11.0 0 13.0 23.0 27.0 29.0 28.0 24.0 25.0 39.0 29.0 
32.0 27.0 30.0 29.0 34.0 25.0 27.0 24.0 13.0 0 10.0 25.0 29.0 15.0 25.0 26.0 32.0 25.0 
28.0 30.0 23.0 21.0 28.0 30.0 30.0 25.0 23.0 10.0 0 27.0 38.0 25.0 27.0 26.0 26.0 35.0 
33.0 25.0 28.0 26.0 44.0 34.0 27.0 16.0 27.0 25.0 27.0 0 18.0 28.0 18.0 32.0 31.0 22.0 
28.0 32.0 31.0 17.0 35.0 35.0 38.0 34.0 29.0 29.0 38.0 18.0 0 14.0 24.0 32.0 39.0 36.0 
19.0 28.0 17.0 21.0 36.0 21.0 24.0 35.0 28.0 15.0 25.0 28.0 14.0 0 10.0 22.0 28.0 37.0 
29.0 37.0 27.0 31.0 38.0 24.0 14.0 25.0 24.0 25.0 27.0 18.0 24.0 10.0 0 27.0 38.0 30.0 
29.0 26.0 15.0 29.0 34.0 21.0 27.0 32.0 25.0 26.0 26.0 32.0 32.0 22.0 27.0 0 14.0 26.0 
31.0 33.0 27.0 25.0 43.0 27.0 33.0 44.0 39.0 32.0 26.0 31.0 39.0 28.0 38.0 14.0 0 12.0 
19.0 25.0 36.0 37.0 46.0 34.0 43.0 36.0 29.0 25.0 35.0 22.0 36.0 37.0 30.0 26.0 12.0 0 
