30
index51 index63 index57 index26 index48 index8 index9 index91 index22 index72 index14 index0 index41 index6 index76 index94 index62 index93 index70 index29 index43 index16 index42 index35 index44 index68 index33 index84 index15 index97
0 19.55961 428.50681 512.86649 645.38817 783.19147 913.7656400000001 1258.62842 1155.1841200000001 1046.34871 1305.66434 1283.24516 1265.92212 1176.31349 949.40691 878.50487 1212.69908 1345.79306 1552.34853 1591.38456 1440.24118 1528.5522 1408.14566 1103.90434 695.07385 893.76783 660.26218 569.68523 476.07029 250.05127 
19.55961 0 448.06642 495.42989 639.83592 765.83137 896.7448 1241.52828 1138.09755 1026.7891 1286.2956900000001 1263.68555 1246.46741 1159.32817 930.70922 860.50681 1197.48407 1328.18087 1535.05835 1573.04376 1422.63249 1511.66277 1392.48686 1087.92434 683.53709 884.48152 654.77247 553.81104 457.41721 258.82235 
428.50681 448.06642 0 100.43375 282.43524 370.85677 486.84629 834.18508 728.26477 685.47124 963.22962 918.06167 971.09578 931.10266 731.69356 730.32012 1152.92337 1181.42894 1394.50327 1394.63573 1242.21492 1396.12218 1290.9044199999998 1023.85599 828.91281 1019.15685 880.60199 572.25223 515.53865 561.74416 
512.86649 495.42989 100.43375 0 182.00149 270.42302 402.47655 749.75621 643.8264 585.83606 863.80671 817.62792 876.86565 876.7273600000001 673.3153500000001 668.20814 1099.84301 1106.88534 1325.54296 1329.80124 1177.13668 1320.29952 1223.04606 972.39232 823.18758 1011.2438000000001 899.30113 556.5713 425.4772 616.36907 
645.38817 639.83592 282.43524 182.00149 0 200.79058 335.8974 642.80109 527.26721 598.99798 876.93451 810.92194 926.96793 927.78757 765.09622 810.04691 1244.8717000000001 1216.4459000000002 1424.9325 1400.95347 1254.06333 1430.31633 1347.73386 1112.6657300000002 1004.1286 1189.85512 1081.03221 734.26812 547.6812 783.47564 
783.19147 765.83137 370.85677 270.42302 200.79058 0 135.10682 499.50379 374.72204 419.06924 679.9754 610.77597 743.4943 765.08108 633.23217 706.26307 1141.77658 1071.09237 1277.81373 1235.94758 1093.74494 1285.7856100000001 1215.8698100000001 1012.95117 1003.055 1169.76377 1108.4529 723.01437 571.57781 873.67525 
913.7656400000001 896.7448 486.84629 402.47655 335.8974 135.10682 0 366.20023 241.41848 395.9911 646.31715 561.61991 742.05155 793.69964 696.65317 802.05854 1216.18787 1112.80807 1306.37694 1255.80022 1118.98875 1325.43733 1264.57424 1092.75476 1124.82539 1284.45684 1242.50152 844.7731200000001 692.39612 1008.78206 
1258.62842 1241.52828 834.18508 749.75621 642.80109 499.50379 366.20023 0 124.78175 486.10078 542.72119 434.89933 706.09544 825.96136 825.55421 957.27508 1332.60775 1148.3273 1308.9972200000002 1220.43244 1112.58293 1344.57043 1316.84054 1215.4433199999999 1381.44429 1514.9332200000001 1514.40171 1109.51612 972.03661 1334.67026 
1155.18412 1138.09755 728.26477 643.8264 527.26721 374.72204 241.41848 124.78175 0 441.53741 606.05075 501.70422 758.91302 854.41011 816.05911 936.05188 1334.23343 1176.7595 1350.18218 1280.9274 1154.94686 1380.43452 1341.16196 1211.61965 1328.0853200000001 1472.82567 1451.77393 1051.5410000000002 904.2746999999999 1246.13625 
1046.34871 1026.7891 685.47124 585.83606 598.99798 419.06924 395.9911 486.10078 441.53741 0 280.3837 236.89645 346.2011 412.8727 399.41886 550.81192 897.61827 738.71891 921.39193 868.21548 729.75594 946.44193 900.80119 779.0443 989.55797 1099.90361 1139.59835 736.22889 644.8376800000001 1047.27234 
1305.66434 1286.2956900000001 963.22962 863.80671 876.93451 679.9754 646.31715 542.72119 606.05075 280.3837 0 107.82186 186.77921 351.1111 541.69602 631.05097 884.02232 640.71381 777.12888 679.05284 580.69348 818.1356 811.16123 791.43702 1156.08185 1206.98176 1303.20504 920.77379 871.11506 1277.61896 
1283.24516 1263.68555 918.06167 817.62792 810.92194 610.77597 561.61991 434.89933 501.70422 236.89645 107.82186 0 284.74741 442.79124 527.06296 678.13052 968.37274 738.68201 882.48894 786.77514 686.05354 924.6405500000001 910.10413 868.40472 1183.56374 1259.42756 1334.76443 940.99421 870.89485 1275.43016 
1265.92212 1246.46741 971.09578 876.86565 926.96793 743.4943 742.05155 706.09544 758.91302 346.2011 186.77921 284.74741 0 173.76836 355.86595 496.2299 700.67413 453.9346 602.90178 522.01438 406.49649 639.89314 625.7067 614.34105 1006.9602600000001 1053.713 1192.45157 818.06129 807.05132 1209.35394 
1176.31349 1159.32817 931.10266 876.7273600000001 927.78757 765.08108 793.69964 825.96136 854.41011 412.8727 351.1111 442.79124 173.76836 0 228.61895 380.01201000000003 573.76278 326.18903 512.73265 473.19463 328.66386 534.09303 498.03229 441.55681 848.31869 888.1233 1021.25053 684.18412 703.05804 1086.8472 
949.40691 930.70922 731.69356 673.3153500000001 765.09622 633.23217 696.65317 825.55421 816.05911 399.41886 541.69602 527.06296 355.86595 228.61895 0 151.39306 521.90441 453.67252 665.332 664.40257 511.90292 666.15587 582.63764 396.10159 658.40544 732.3646 836.70043 486.46031000000005 474.43909 858.22825 
878.50487 860.50681 730.32012 668.20814 810.04691 706.26307 802.05854 957.27508 936.05188 550.8119200000001 631.05097 678.13052 496.2299 380.01201000000003 151.39306 0 438.89114 470.3075 681.21914 715.05058 562.12568 671.02348 560.5843 306.6881 568.25908 581.61105 705.40382 344.40338 414.06406 754.88155 
1212.69908 1197.48407 1152.92337 1099.84301 1244.8717000000001 1141.77658 1216.18787 1332.60775 1334.23343 897.61827 884.02232 968.37274 700.67413 573.76278 521.90441 438.89114 0 319.17812 428.88183000000004 547.28525 454.3122 375.29226 243.4959 132.20597 606.99763 515.90209 763.3854 644.98203 789.22317 1024.5805 
1345.79306 1328.18087 1181.42894 1106.88534 1216.4459000000002 1071.09237 1112.80807 1148.3273 1176.7595 738.71891 640.71381 738.68201 453.9346 326.18903 453.67252 470.3075 319.17812 0 283.44106 258.31724 411.24214000000006 214.69324 171.84326 312.60717 849.7755 807.15002 1043.69386 789.72997 877.67999 1201.15092 
1552.34853 1535.05835 1394.50327 1325.54296 1424.9325 1277.81373 1306.37694 1308.9972200000002 1350.18218 921.39193 777.12888 882.48894 602.90178 512.73265 665.332 681.21914 428.88183000000004 283.44106 0 149.65515 196.4354 68.74782 201.32229 477.75535 1020.0350800000001 944.7839200000001 1183.53161 993.166 1087.82547 1397.75688 
1591.38456 1573.04376 1394.63573 1329.80124 1400.95347 1235.94758 1255.80022 1220.43244 1280.9274 868.21548 679.05284 786.77514 522.01438 473.19463 664.40257 715.05058 547.28525 258.31724 149.65515 0 152.9249 218.40296999999998 315.22271 566.10502 1106.92832 1053.47165 1276.75513 1047.8331 1118.99524 1455.76208 
1440.24118 1422.63249 1242.21492 1177.13668 1254.06333 1093.74494 1118.98875 1112.58293 1154.94686 729.75594 580.69348 686.05354 406.49649 328.66386 511.90292 562.12568 454.3122 411.24214000000006 196.4354 152.9249 0 265.18322 397.75769 446.67447 983.40411 943.2647999999999 1181.14475 896.59823 966.07034 1309.8970199999999 
1528.5522 1511.66277 1396.12218 1320.29952 1430.31633 1285.7856100000001 1325.43733 1344.57043 1380.43452 946.44193 818.1356 924.6405500000001 639.89314 534.09303 666.15587 671.02348 375.29226 214.69324 68.74782 218.40296999999998 265.18322 0 132.57447 438.45896 974.74136 891.19435 1136.17611 962.40829 1072.2908400000001 1365.64758 
1408.14566 1392.48686 1290.9044199999998 1223.04606 1347.73386 1215.8698100000001 1264.57424 1316.84054 1341.16196 900.80119 811.16123 910.10413 625.7067 498.03229 582.63764 560.5843 243.4959 171.84326 201.32229 315.22271 397.75769 132.57447 0 309.65808 842.55216 759.33638 1003.60591 839.68423 957.56109 1238.84868 
1103.90434 1087.92434 1023.85599 972.39232 1112.6657300000002 1012.95117 1092.75476 1215.4433199999999 1211.61965 779.0443 791.43702 868.40472 614.34105 441.55681 396.10159 306.6881 132.20597 312.60717 477.75535 566.10502 446.67447 438.45896 309.65808 0 542.899 496.59033 742.48271 534.23023 666.5735 929.33179 
695.07385 683.53709 828.91281 823.18758 1004.1286 1003.055 1124.82539 1381.44429 1328.0853200000001 989.55797 1156.08185 1183.56374 1006.9602600000001 848.31869 658.40544 568.25908 606.99763 849.7755 1020.0350800000001 1106.92832 983.40411 974.74136 842.55216 542.899 0 204.83023 240.55927 303.90256999999997 457.97738 460.26297 
893.76783 884.48152 1019.15685 1011.2438000000001 1189.85512 1169.76377 1284.45684 1514.9332200000001 1472.82567 1099.90361 1206.98176 1259.42756 1053.713 888.1233 732.3646 581.61105 515.90209 807.15002 944.7839200000001 1053.47165 943.2647999999999 891.19435 759.33638 496.59033 204.83023 0 281.75892 455.587 643.21354 654.96505 
660.26218 654.77247 880.60199 899.30113 1081.03221 1108.4529 1242.50152 1514.40171 1451.77393 1139.59835 1303.20504 1334.76443 1192.45157 1021.25053 836.70043 705.40382 763.3854 1043.69386 1183.53161 1276.75513 1181.14475 1136.17611 1003.60591 742.48271 240.55927 281.75892 0 406.65508 594.69519 410.72863 
569.68523 553.81104 572.25223 556.5713 734.26812 723.01437 844.7731200000001 1109.51612 1051.5410000000002 736.22889 920.77379 940.99421 818.06129 684.18412 486.46031000000005 344.40338 644.98203 789.72997 993.166 1047.8331 896.59823 962.40829 839.68423 534.23023 303.90256999999997 455.587 406.65508 0 188.04011 413.29879 
476.07029 457.41721 515.5386500000001 425.4772 547.6812 571.57781 692.39612 972.03661 904.2746999999999 644.8376800000001 871.11506 870.89485 807.05132 703.05804 474.43909 414.06406 789.22317 877.67999 1087.82547 1118.99524 966.07034 1072.2908400000001 957.56109 666.5735 457.97738 643.21354 594.69519 188.04011 0 406.51504 
250.05127 258.82235 561.74416 616.36907 783.47564 873.67525 1008.78206 1334.67026 1246.13625 1047.27234 1277.61896 1275.43016 1209.35394 1086.8472 858.22825 754.88155 1024.5805 1201.15092 1397.75688 1455.76208 1309.8970199999999 1365.64758 1238.84868 929.33179 460.26297 654.96505 410.72863 413.29879 406.51504 0 
