64
index66 index32 index131 index20 index56 index195 index129 index190 index112 index101 index63 index49 index167 index158 index159 index69 index174 index37 index196 index13 index184 index25 index81 index130 index140 index118 index90 index88 index152 index114 index95 index169 index15 index121 index18 index134 index50 index10 index31 index58 index92 index109 index23 index102 index157 index133 index141 index87 index67 index164 index4 index150 index97 index27 index110 index76 index149 index86 index22 index198 index124 index14 index98 index155
0 139.69482 321.11678 279.15585 398.34751 368.8652 463.91159 489.63113999999996 254.32483 258.61077 456.18274 610.07075 572.26268 656.98856 776.19681 896.50587 972.20829 989.28857 1003.95915 934.74492 1030.5129000000002 1075.7055 997.03708 1008.85417 963.2253800000001 903.68631 796.88347 865.57329 817.60686 736.9866599999999 817.86419 733.91793 504.37431 650.91239 673.58375 899.91296 961.81154 914.67692 1084.60102 828.33908 768.85524 583.96316 660.3976299999999 460.04688 627.4194 461.09804 534.8861899999999 438.9933 566.49324 572.28667 680.39806 769.34841 646.31454 690.37535 768.11667 662.4713 433.39548 358.99731999999995 309.44018 269.82587 307.71477 442.54577 271.35136 333.28642 
139.69482 0 268.22052 257.40105 455.65738 383.72806 484.4671 393.29348 160.2803 124.04062 357.18778 503.15477 446.31097 543.25115 661.55816 839.55007 909.90413 929.16918 953.257 899.11434 1007.36419 1008.71573 909.3935200000001 901.85122 849.70921 784.2652 666.15509 731.11048 680.51696 601.75194 682.4548199999999 600.64951 378.27437 517.51017 533.89167 767.34254 823.13825 775.20589 947.33406 719.31292 657.25468 462.89077 530.86527 355.73043 563.63389 448.81774 589.92511 512.78089 671.22537 679.1414 798.18102 859.36765 698.02818 720.13884 774.83751 655.41231 428.85384 382.90673000000004 351.96058 353.19761 416.66565 551.53791 411.04618 471.16496 
321.11678 268.22052 0 70.43288 296.60158 253.86954 269.30861 200.97892 109.08567 336.44497 565.9031600000001 695.26743 627.49997 724.4401499999999 826.34357 1082.37628 1146.53151 1167.91025 1197.47333 1155.4362099999998 1266.86074 1239.89374 1121.37901 1073.65062 1008.9648500000001 929.08628 774.29301 813.1711700000001 741.44854 632.77897 647.55476 529.68185 297.40922 563.01031 565.23752 726.72839 788.04069 767.89456 994.63712 894.24442 830.39013 625.19997 666.37346 565.9641 807.11693 699.04465 845.66486 758.46742 884.69963 889.50949 987.99576 1090.34307 956.7086400000001 986.04368 1043.05803 922.6621 697.0743600000001 647.95551 610.91825 589.1795 626.9805200000001 760.98067 583.87502 542.00562 
279.15585 257.40105 70.43288 0 239.79543 234.16164 236.0957 271.16044 179.51855 343.98638 577.84669 722.08659 656.35736 750.99673 867.5686499999999 1092.2576099999999 1158.78063 1179.18755 1205.32568 1155.9838300000001 1263.30788 1254.99409 1143.34765 1109.84435 1047.09428 969.91335 822.0295 865.76691 796.75093 690.80426 713.21224 599.26977 363.80343000000005 614.93296 624.70716 792.0291 853.81568 832.02496 1053.60424 927.30605 863.50971 666.1921600000001 711.4947999999999 585.33648 815.15717 691.0152 811.71599 718.14915 833.63857 837.67393 931.01268 1043.46403 923.79889 960.94507 1026.8917000000001 910.44281 681.54906 623.69521 581.4981 548.90193 577.79082 710.53764 531.18668 473.76932 
398.34751 455.65738 296.60158 239.79543 0 119.75369 145.44513999999998 471.92501 352.36243 560.49002 796.05027 945.63918 883.24949 979.43177 1093.0809 1284.94543 1357.32071 1375.95742 1396.53874 1331.47023 1428.7840700000002 1459.10245 1359.2175 1338.87133 1279.90887 1205.56804 1061.39987 1105.38821 1036.07676 929.0440100000001 941.25444 817.63405 594.0108 854.1752 861.6872500000001 1016.29405 1076.92714 1064.49614 1291.2386999999999 1156.63501 1093.1282 890.3456600000001 942.19677 802.42272 1011.4259099999999 857.81934 901.39892 793.59775 860.0694800000001 863.4962300000001 912.97388 1075.7960600000001 1013.60593 1074.14528 1162.5113800000001 1060.26098 831.28691 753.19011 698.7104 632.58338 623.2535 739.00034 563.41915 394.92949 
368.8652 383.72806 253.86954 234.16164 119.75369 0 100.74265 387.3348 257.64281 483.36996 715.05101 860.13471 796.5741399999999 889.6692499999999 999.74869 1222.87733 1291.86845 1311.7727 1335.79675 1281.3423899999998 1384.9285 1389.38517 1280.6480700000002 1246.92621 1184.72644 1107.69517 956.10918 996.26017 924.62173 815.53042 822.82427 698.14243 474.48724 745.63044 748.02376 897.13722 957.59647 944.97258 1176.62963 1065.84738 1002.3755799999999 797.50437 843.00282 722.3568 946.68926 811.32458 897.51572 795.88063 883.3489 884.65479 963.56428 1100.47101 1010.50559 1059.0824 1135.09077 1024.69241 794.49125 727.079 678.30538 628.36172 637.80563 763.68749 583.08036 461.62058 
463.91159 484.4671 269.30861 236.0957 145.44513999999998 100.74265 0 416.05212 358.38545999999997 579.58908 813.9423899999999 957.52741 891.43814 985.38209 1093.8605 1323.58256 1392.42893 1412.38319 1436.5394 1381.81248 1484.71303 1489.66134 1379.44204 1341.46552 1277.59327 1198.39489 1042.71115 1078.30674 1003.90813 893.5577599999999 894.38426 756.5684100000001 544.23242 823.37431 826.201 956.12644 1015.47991 1009.32947 1255.97532 1161.01778 1097.16349 892.1 935.68207 821.43218 1047.43191 911.1547 986.72556 882.42984 955.67619 960.28935 1023.14744 1175.77977 1101.0826900000002 1152.49704 1231.76741 1123.05599 892.81087 822.7647299999999 772.42337 718.84154 718.74302 840.04415 660.8742 521.0796799999999 
489.63113999999996 393.29348 200.97892 271.16044 471.92501 387.3348 416.05212 0 253.20887 392.01292 568.13041 685.85843 635.13228 692.08366 774.62522 1101.31702 1155.23676 1180.80598 1217.52095 1197.26695 1317.40188 1240.9895999999999 1105.19853 1014.4983 946.6024199999999 853.6284 680.24362 698.56141 617.75766 506.75402 479.4861 398.47745999999995 263.75847 453.8052 438.89375 548.94573 609.0703100000001 603.19032 850.36428 845.55312 783.87571 587.20462 601.4208 577.45671 838.5316300000001 776.22417 979.48151 903.63169 1053.36373 1059.80065 1167.71025 1248.61849 1084.82205 1096.22215 1131.55833 1002.9782299999999 792.97082 765.27833 740.83642 741.83396 795.12671 929.67356 759.56774 741.65816 
254.32483 160.2803 109.08567 179.51855 352.36243 257.64281 358.38545999999997 253.20887 0 227.3593 463.14419 602.91047 545.72067 632.02644 743.10436 977.70089 1043.51777 1064.31609 1092.38247 1047.70324 1158.29664 1138.67434 1024.68085 989.9363900000001 930.3687299999999 853.45972 709.66524 758.39862 693.86191 592.55403 633.22988 536.3530900000001 298.91908 512.75794 524.88048 716.10464 778.5813 748.0410800000001 954.9577 808.51692 745.6550199999999 540.45949 589.87507 468.05152999999996 703.87249 609.0980400000001 744.9257 661.08833 801.58314 807.64255 914.50367 1001.11057 854.45781 880.02103 934.52755 813.67631 588.55503 542.29465 508.13658 495.2855 542.8342 677.70422 506.35887 508.723 
258.61077 124.04062 336.44497 343.98638 560.49002 483.36996 579.58908 392.01292 227.3593 0 235.78489 389.30529 325.39089 422.29618 539.5142 751.0985900000001 816.15847 837.07446 865.95497 826.05928 940.44868 911.31504 800.94408 781.74266 727.70043 660.766 543.02753 619.04961 580.52183 504.51108000000005 629.3310700000001 525.83539 367.57925 418.43681000000004 455.52304000000004 667.82233 728.01215 698.47541 834.4025399999999 599.20569 536.50389 339.9377 406.89899 245.27785999999998 476.51319 384.93345 613.38418 548.07166 730.58695 740.06818 867.83452 899.52621 705.29708 706.99157 740.08538 612.66506 401.04453 384.84383 373.46998 408.19158 488.91042 613.6978 478.34013 588.63781 
456.18274 357.18778 565.9031600000001 577.84669 796.05027 715.05101 813.9423899999999 568.13041 463.14419 235.78489 0 154.27804 208.39120000000003 200.80582 321.20927 534.31577 592.44976 614.83603 650.5812800000001 630.44535 753.84465 683.91868 565.59706 553.68661 507.04264 451.85701 390.01516000000004 464.47169 447.70239 419.7992 558.93548 562.54984 455.58414 348.04122 385.12745 638.33307 689.53695 613.76353 696.28192 372.35148 313.87456 158.91964000000002 248.48200000000003 9.49297 270.56789000000003 283.83104000000003 589.57617 575.89823 785.13355 798.0179 938.09403 907.26389 663.54004 626.0690199999999 614.77224 485.98297 338.03855 383.94168 410.36155 492.85245 591.8064899999999 688.65287 604.03124 775.55247 
610.07075 503.15477 695.26743 722.08659 945.63918 860.13471 957.52741 685.85843 602.91047 389.30529 154.27804 0 70.76496 167.70514 172.45992 452.01022 490.99789 516.56711 554.4095 570.42075 691.89755 597.59803 426.65653 399.40857 354.39217 306.4531 331.80307 370.69005 381.29052 395.37908 551.3321100000001 594.9458500000001 542.69981 348.60399 384.73092 617.4398 663.76796 572.1318 597.59267 218.26993 159.59652 100.70755 190.71179999999998 150.02709 360.88052 351.41789 673.5432400000001 679.30999 892.0902 905.86671 1047.80633 987.9374600000001 725.45009 666.67895 620.36169 495.33736999999996 425.86107000000004 490.33141 529.09347 622.42918 721.3254 807.3847900000001 741.93799 926.05264 
572.26268 446.31097 627.49997 656.35736 883.24949 796.5741399999999 891.43814 635.13228 545.72067 325.39089 208.39120000000003 70.76496 0 96.94018 217.35447 517.15784 553.39698 577.60407 622.23562 631.52619 752.71903 633.27319 496.51709 456.40859 403.67906 343.67418 273.9541 363.40433 357.84996 353.26699 502.57645 532.66226 485.83146 295.30759 332.24694 575.41549 621.20606 537.93577 594.92006 273.87738 211.14789000000002 49.47156 136.909 198.89823 290.11556 357.96275 677.22102 674.65008 885.36057 898.6569099999999 1039.5264900000002 995.77593 741.59303 690.76761 659.21473 534.4701299999999 430.20758 483.85393 513.92811 600.33609 698.32524 792.20752 714.03379 883.6993 
656.98856 543.25115 724.4401499999999 750.99673 979.43177 889.6692499999999 985.38209 692.08366 632.02644 422.29618 200.80582 167.70514 96.94018 0 120.41429 458.17297 505.02331 530.59253 568.66319 592.28682 721.33836 562.49458 413.70465 359.65465 307.29536 252.1179 221.96434 366.93716 415.00248999999997 359.28559 515.0906 569.3449499999999 548.29961 323.00309 357.50053 584.67623 616.12677 553.24992 540.64154 177.20324 114.20771 146.41174 233.84918 198.29314 275.49339 406.2865 728.37085 737.74979 950.5481 964.29267 1106.21777 1045.20993 781.45715 717.88256 667.71878 543.93447 477.52604 548.43894 586.83085 679.60326 777.9516 865.1221700000001 797.2484 976.24256 
776.19681 661.55816 826.34357 867.5686499999999 1093.0809 999.74869 1093.8605 774.62522 743.10436 539.5142 321.20927 172.45992 217.35447 120.41429 0 448.83204 462.57666 488.1103 551.42686 594.3632 724.12998 513.02911 376.90362 247.60502 188.18623 230.38779999999997 179.81848 264.13563 311.13816 375.44965 531.40268 607.60929 625.31205 366.37656 394.91586 575.86755 602.90523 511.60380999999995 469.66415 297.61753 234.622 263.31641 173.31216 318.70743 339.3434 504.13341 822.78335 841.93896 1054.65071 1068.81069 1210.99952 1135.43261 865.8897999999999 790.95529 723.00741 609.11865 577.71314 656.01238 698.2852 794.8891 893.78532 973.49245 914.24459 1096.5026 
896.50587 839.55007 1082.37628 1092.2576099999999 1284.94543 1222.87733 1323.58256 1101.31702 977.70089 751.0985900000001 534.31577 452.01022 517.15784 458.17297 448.83204 0 83.29325 94.28244 116.26551 168.67466000000002 275.38355 189.79586 233.01797 419.77315 463.707 522.35594 628.65051 712.96767 759.59243 811.66403 967.61706 1027.51792 977.87454 781.17606 815.41765 1023.1745599999999 1051.48084 960.11841 884.60882 397.30774 419.39917 540.98735 596.6643300000001 525.19847 277.14453 467.18403 644.06718 720.57202 903.79475 919.06616 1050.48115 895.54228 625.96528 515.18753 391.94659 348.28824 499.59604 600.45038 663.32779 768.37481 853.15822 872.4388899999999 901.51982 1142.5078 
972.20829 909.90413 1146.53151 1158.78063 1357.32071 1291.86845 1392.42893 1155.23676 1043.51777 816.15847 592.44976 490.99789 553.39698 505.02331 462.57666 83.29325 0 25.56922 88.8502 192.81152 293.44088 124.21151 223.88672 395.90004999999996 444.06716 502.99629 640.27686 715.3015 773.71482 836.28164 988.82598 1058.64607 1026.12038 812.44531 849.53154 1038.29067 1063.06606 971.43077 872.9635900000001 401.6654 435.24353 588.24755 609.34261 585.62829 346.76929 525.57367 726.23545 803.78287 985.70105 1000.95989 1131.43043 971.60744 704.63704 592.06187 464.19342 429.8184 582.8892900000001 682.66501 744.7707 851.66806 936.45147 955.61261 983.40441 1225.17213 
989.28857 929.16918 1167.91025 1179.18755 1375.95742 1311.7727 1412.38319 1180.80598 1064.31609 837.07446 614.83603 516.56711 577.60407 530.59253 488.1103 94.28244 25.56922 0 66.03397 184.80576000000002 275.21834 98.64229 198.3175 407.94188 466.45673 528.56551 665.71124 740.43649 797.89782 861.84042 1014.3948 1084.16786 1050.24624 837.826 874.91223 1063.85989 1088.42096 996.78742 896.7389800000001 427.23461999999995 460.81275000000005 606.33346 634.7364 605.97921 370.61303999999996 551.14289 730.42891 810.66806 989.4584 1004.6892 1133.77401 969.58539 704.96983 593.1868000000001 464.17944 433.73171 593.67595 694.40754 756.7919 862.65725 946.326 962.46987 995.44405 1236.73784 
1003.95915 953.257 1197.47333 1205.32568 1396.53874 1335.79675 1436.5394 1217.52095 1092.38247 865.95497 650.5812800000001 554.4095 622.23562 568.66319 551.42686 116.26551 88.8502 66.03397 0 130.86528 209.18437 135.743 264.01699 473.94439 532.4907 591.84649 725.77807 802.40233 857.79782 916.80038 1071.44924 1136.89966 1094.14005 890.56974 924.10964 1122.87291 1148.99898 1057.37599 961.81005 490.08768000000003 518.93341 653.9732 687.93983 641.44949 390.51687 547.03094 709.57032 796.25657 967.0307700000001 981.46505 1107.43687 933.02789 674.70767 558.6555 423.81128 414.67925 594.86081 693.86911 756.7465199999999 860.36399 940.4074 947.33977 991.47227 1237.80564 
934.74492 899.11434 1155.4362099999998 1155.9838300000001 1331.47023 1281.3423899999998 1381.81248 1197.26695 1047.70324 826.05928 630.44535 570.42075 631.52619 592.28682 594.3632 168.67466000000002 192.81152 184.80576000000002 130.86528 0 129.76678 266.60828000000004 368.54415 569.58488 615.47515 662.7196 774.18168 857.58773 903.11824 947.59353 1103.54578 1154.17332 1083.5 910.15683 945.58797 1162.56777 1194.60881 1103.69819 1036.63708 547.08189 564.39124 663.28414 715.0748600000001 620.9797 361.87235 492.06606 594.4983500000001 687.14239 845.93994 860.9096 983.70457 803.72281 550.11199 432.55215 295.17003 304.9566 509.43362 603.74509 666.27165 765.95722 840.3568 835.36274 893.83841 1144.93083 
1030.5129 1007.36419 1266.86074 1263.30788 1428.7840700000002 1384.9285 1484.71303 1317.40188 1158.29664 940.44868 753.84465 691.89755 752.71903 721.33836 724.12998 275.38355 293.44088 275.21834 209.18437 129.76678 0 333.82319 471.94661 680.07557 735.84533 785.21724 903.9484600000001 985.31852 1031.92641 1077.36031 1233.3125599999998 1283.3137 1207.80724 1039.64053 1075.1761 1292.10278 1323.71725 1232.55294 1158.58295 672.65714 692.45537 792.23894 844.04907 744.3902 488.17121999999995 573.60395 634.00021 738.84856 873.6400000000001 887.82605 998.76794 797.89909 571.13836 453.57852 326.71729000000005 374.41576 597.97205 684.92209 745.73093 839.07972 903.38336 880.56825 961.20155 1215.56094 
1075.7055 1008.71573 1239.89374 1254.99409 1459.10245 1389.38517 1489.66134 1240.9895999999999 1138.67434 911.31504 683.91868 597.59803 633.27319 562.49458 513.02911 189.79586 124.21151 98.64229 135.743 266.60828000000004 333.82319 0 178.46257 383.21534 452.56828 527.14513 683.54016 749.77771 814.86693 888.42343 1038.9553700000001 1119.16681 1104.49727 875.8692599999999 905.55363 1081.47386 1100.90956 1010.28977 885.04936 444.49157 503.21914000000004 682.74475 672.74929 674.42571 448.37445 631.92499 829.04331 909.31035 1087.98959 1103.21434 1232.12484 1064.83182 802.22985 687.66114 555.19201 532.34427 688.51349 789.59375 851.67207 958.1106500000001 1042.91534 1060.86544 1090.57667 1330.4791 
997.03708 909.3935200000001 1121.37901 1143.34765 1359.2175 1280.6480700000002 1379.44204 1105.19853 1024.68085 800.94408 565.59706 426.65653 496.51709 413.70465 376.90362 233.01797 223.88672 198.3175 264.01699 368.54415 471.94661 178.46257 0 274.29355 275.19784 348.78801 509.37415 572.40706 639.64883 718.37677 866.30291 952.88992 959.63665 711.51523 740.40258 905.80416 923.66783 832.72981 707.51481 273.46364 324.75657 527.36408 520.92661 558.32434 388.68447 586.74301 840.74521 902.57289 1099.237 1114.48288 1250.83799 1112.22606 837.87653 732.25359 616.02872 554.351 654.29045 754.0963 812.55452 919.37003 1012.77388 1052.477 1054.11854 1277.05175 
1008.85417 901.85122 1073.65062 1109.84435 1338.87133 1246.92621 1341.46552 1014.4983 989.9363900000001 781.74266 553.68661 399.40857 456.40859 359.65465 247.60502 419.77315 395.90004999999996 407.94188 473.94439 569.58488 680.07557 383.21534 274.29355 0 82.68063 175.09668 358.99696 398.15554 476.53271 574.0228099999999 708.37786 813.55918 864.68828 588.66798 610.70015 734.60739 743.78771 658.6676 501.83402 182.5383 246.39258999999998 449.55134 415.86344999999994 549.43566 473.72518 670.36407 964.80226 1007.35962 1215.12663 1230.41257 1370.63442 1258.72172 982.2099 887.3387200000001 786.54451 701.98328 744.07924 836.04764 887.33394 990.03096 1087.79925 1150.45246 1118.09621 1319.13314 
963.2253800000001 849.70921 1008.9648500000001 1047.09428 1279.90887 1184.72644 1277.59327 946.6024199999999 930.3687299999999 727.70043 507.04264 354.39217 403.67906 307.29536 188.18623 463.707 444.06716 466.45673 532.4907 615.47515 735.84533 452.56828 275.19784 82.68063 0 93.10298 276.91646 315.67053 393.87425 492.14989 625.72092 731.87019 790.12005 511.53147 530.80851 652.31333 662.54906 576.18259 450.07812 139.40366 194.90091 389.90924 345.18162 503.70927 506.06709 655.75385 962.5942699999999 995.65417 1206.23611 1221.52205 1362.60175 1264.37622 988.89442 900.19604 809.33125 714.7898099999999 730.20322 818.83343 865.1113 964.80996 1063.334 1135.2813700000002 1089.33472 1280.34059 
903.68631 784.2652 929.08628 969.91335 1205.56804 1107.69517 1198.39489 853.6284 853.45972 660.766 451.85701 306.4531 343.67418 252.1179 230.38779999999997 522.35594 502.99629 528.56551 591.84649 662.7196 785.21724 527.14513 348.78801 175.09668 93.10298 0 183.90028 226.77996 302.16847 399.05487 533.87276 638.77517 702.4376199999999 418.42849 439.10584 563.47306 576.9438 486.86295 373.91748 126.21536 190.06965 337.10226 271.4366 449.93832 458.90136 635.14203 951.01762 974.20408 1186.7129300000001 1200.91612 1343.12076 1260.72354 988.21886 907.50969 828.51061 722.61171 709.61743 789.61884 832.52557 928.1305 1027.08125 1107.2192 1048.39109 1227.37348 
796.88347 666.15509 774.29301 822.0295 1061.39987 956.10918 1042.71115 680.24362 709.66524 543.02753 390.01516000000004 331.80307 273.9541 221.96434 179.81848 628.65051 640.27686 665.71124 725.77807 774.18168 903.9484600000001 683.54016 509.37415 358.99696 276.91646 183.90028 0 213.6911 297.82162 323.06583 429.508 455.48683 529.86591 237.92565 255.20556 398.62758 423.42149 331.78533 342.72056 239.87211 303.7264 231.09552 143.25867 380.52219 497.45772999999997 624.18602 946.12053 947.6256 1159.31467 1172.61101 1313.4790400000002 1263.95914 1002.71379 939.70008 886.31154 765.3272499999999 693.24467 756.9723700000001 787.48038 871.76366 968.29484 1065.7717 979.13916 1128.83408 
865.57329 731.11048 813.1711700000001 865.76691 1105.38821 996.26017 1078.30674 698.56141 758.39862 619.04961 464.47169 370.69005 363.40433 366.93716 264.13563 712.96767 715.3015 740.43649 802.40233 857.58773 985.31852 749.77771 572.40706 398.15554 315.67053 226.77996 213.6911 0 86.18242 203.38718999999998 313.39276 431.88892 545.56931 255.48049 259.66766 336.86859 351.26077 260.51206 255.65806 316.02481 294.69884 318.26677 228.26252 467.23508 603.47903 716.71531 1038.33803 1037.31971 1248.26738 1261.33058 1401.80182 1356.44397 1096.10953 1036.29901 977.98229 857.56298 789.8498400000001 845.32536 874.7773099999999 955.49141 1053.11554 1152.43216 1059.74807 1198.75256 
817.60686 680.51696 741.44854 796.75093 1036.07676 924.62173 1003.90813 617.75766 693.8619100000001 580.52183 447.70239 381.29052 357.84996 415.00248999999997 311.13816 759.59243 773.71482 797.89782 857.79782 903.11824 1031.92641 814.86693 639.64883 476.53271 393.87425 302.16847 297.82162 86.18242 0 117.20477 273.1578 345.98746 471.72133 203.27904 185.06504 266.68712 291.88901 200.6338 267.06484 384.73052 340.21254 312.32726 222.32301 452.09141 614.67718 715.80026 1033.90199 1023.46979 1231.6837 1244.35076 1383.12363 1352.45135 1099.32559 1044.82605 1000.46839 875.7351000000001 780.32761 831.62329 855.39115 929.6031800000001 1023.3022 1130.7369 1026.49214 1150.53318 
736.9866599999999 601.75194 632.77897 690.80426 929.0440100000001 815.53042 893.5577599999999 506.75402 592.55403 504.51108 419.7992 395.37908 353.26699 359.28559 375.44965 811.66403 836.28164 861.84042 916.80038 947.59353 1077.36031 888.42343 718.37677 574.0228099999999 492.14989 399.05487 323.06583 203.38718999999998 117.20477 0 155.95303 281.62121 354.51656 86.07427 67.86027 280.14958 270.04518 193.96433 384.26961 445.08183 457.41731 303.79543 278.87962000000005 428.77207 625.14031 699.8485 1008.09405 985.16732 1188.01091 1199.58499 1335.26787 1326.21685 1083.17669 1040.38797 1011.29269 881.44216 757.77395 796.03109 811.84384 875.71792 965.74241 1080.56619 963.07718 1066.90473 
817.86419 682.4548199999999 647.55476 713.21224 941.25444 822.82427 894.38426 479.4861 633.22988 629.33107 558.93548 551.3321100000001 502.57645 515.0906 531.40268 967.61706 988.82598 1014.3948 1071.44924 1103.54578 1233.3125599999998 1038.9553700000001 866.30291 708.37786 625.72092 533.87276 429.508 313.39276 273.1578 155.95303 0 141.25533 350.15184 210.89426 174.30244 134.73229 148.42473 123.70422 392.83221000000003 594.4638 553.70211 455.27095 391.73578 566.0706299999999 778.63261 840.18819 1139.47774 1107.07571 1303.5268099999998 1314.10017 1445.85362 1452.5891299999998 1220.38495 1184.19577 1161.47292 1030.48729 893.6146 922.37641 931.19684 984.55463 1072.81565 1190.78926 1058.5301 1132.71627 
733.91793 600.64951 529.68185 599.26977 817.63405 698.14243 756.5684100000001 398.47745999999995 536.3530900000001 525.83539 562.54984 594.9458500000001 532.66226 569.3449499999999 607.60929 1027.51792 1058.64607 1084.16786 1136.89966 1154.17332 1283.3137 1119.16681 952.88992 813.55918 731.87019 638.77517 455.48683 431.88892 345.98746 281.62121 141.25533 0 238.61457 246.34186 213.76094 260.62372 259.85087 262.85822 526.22365 679.63068 630.35343 496.52227 449.46182999999996 571.16324 815.4953999999999 837.33207 1116.28315 1070.58661 1256.42234 1265.73909 1391.68565 1421.14068 1206.03441 1183.23623 1177.14657 1044.16117 881.59024 894.81609 897.4109699999999 934.0269699999999 1010.9885199999999 1139.47692 992.80639 1039.6473 
504.37431 378.27437 297.40922 363.80343000000005 594.0108 474.48724 544.23242 263.75847 298.91908 367.57925 455.58414 542.69981 485.83146 548.29961 625.31205 977.87454 1026.12038 1050.24624 1094.14005 1083.5 1207.80724 1104.49727 959.63665 864.68828 790.12005 702.4376199999999 529.86591 545.56931 471.72133 354.51656 350.15184 238.61457 0 291.94026 286.65629 464.90183 490.63147 470.48534 717.46776 699.24748 639.09521 448.58479 452.11998 464.97226 724.14963 695.03077 936.22198 875.66344 1047.34004 1055.72683 1175.34523 1226.68308 1035.30165 1030.94363 1049.56361 917.22826 723.43531 715.33395 702.98964 729.68778 794.73415 926.93856 770.2949 801.92584 
650.91239 517.51017 563.01031 614.93296 854.1752 745.63044 823.37431 453.8052 512.75794 418.43681000000004 348.04122 348.60399 295.30759 323.00309 366.37656 781.17606 812.44531 837.826 890.56974 910.15683 1039.64053 875.8692599999999 711.51523 588.66798 511.53147 418.42849 237.92565 255.48049 203.27904 86.07427 210.89426 246.34186 291.94026 0 37.08623 290.81852 344.17555 280.0386 467.76526 446.16284 387.13004 250.18041 203.11997 355.28354 578.06366 629.62161 932.03028 905.4355499999999 1105.85283 1117.29266 1252.12234 1246.98593 1010.74867 973.30151 952.22529 820.70905 684.14311 717.28512 730.64705 791.85433 881.04708 997.1774 877.02166 981.55342 
673.58375 533.89167 565.23752 624.70716 861.6872500000001 748.02376 826.201 438.89375 524.88048 455.52304000000004 385.12745 384.73092 332.24694 357.50053 394.91586 815.41765 849.53154 874.91223 924.10964 945.58797 1075.1761 905.55363 740.40258 610.70015 530.80851 439.10584 255.20556 259.66766 185.06504 67.86027 174.30244 213.76094 286.65629 37.08623 0 255.48292 310.21839 245.66075 430.81147 467.72877 416.9541 287.26664 240.2062 391.76819 610.31593 665.89687 966.96551 938.16257 1137.83234 1149.09785 1283.16916 1281.31957 1046.514 1009.9713 989.31152 857.79528 719.84145 752.33809 763.23168 822.35998 910.42072 1028.07602 904.72807 1002.46267 
899.91296 767.34254 726.72839 792.0291 1016.29405 897.13722 956.12644 548.94573 716.10464 667.82233 638.33307 617.4398 575.41549 584.67623 575.86755 1023.1745599999999 1038.29067 1063.8598900000002 1122.87291 1162.56777 1292.10278 1081.47386 905.80416 734.60739 652.31333 563.47306 398.62758 336.86859 266.68712 280.14958 134.73229 260.62372 464.90183 290.81852 255.48292 0 62.51534 86.18525 351.29421 638.49554 604.4556600000001 526.95176 456.29897 645.31859 848.21585 919.64406 1222.44485 1192.16556 1389.44091 1400.32801 1532.48309 1536.51019 1301.43727 1262.06067 1234.38629 1104.54089 974.95049 1006.3715 1016.85808 1071.1627 1156.73275 1277.53099 1145.64051 1217.88172 
961.81154 823.13825 788.04069 853.81568 1076.92714 957.59647 1015.47991 609.0703100000001 778.5813 728.01215 689.53695 663.76796 621.20606 616.12677 602.90523 1051.48084 1063.06606 1088.42096 1148.99898 1194.60881 1323.71725 1100.90956 923.66783 743.78771 662.54906 576.9438 423.42149 351.26077 291.88901 270.04518 148.42473 259.85087 490.63147 344.17555 310.21839 62.51534 0 91.63616 323.43236 661.55827 632.10155 571.7345 496.36771 696.4134200000001 888.72188 969.8936799999999 1276.10206 1248.38096 1447.15904 1458.22402 1591.15817 1591.16105 1352.81037 1310.2487 1278.0581599999998 1149.37349 1026.9257499999999 1061.37954 1073.25275 1129.88126 1215.7561300000002 1336.10148 1206.15495 1280.31337 
914.67692 775.20589 767.89456 832.02496 1064.49614 944.97258 1009.32947 603.19032 748.0410800000001 698.47541 613.76353 572.1318 537.93577 553.24992 511.60380999999995 960.11841 971.43077 996.78742 1057.37599 1103.69819 1232.55294 1010.28977 832.72981 658.6676 576.18259 486.86295 331.78533 260.51206 200.6338 193.96433 123.70422 262.85822 470.48534 280.0386 245.66075 86.18525 91.63616 0 269.12799 569.93855 540.71986 489.48661999999996 422.95681 622.72919 801.79885 893.81283 1201.52558 1179.04794 1381.20487 1392.73298 1527.74772 1518.28464 1274.98705 1228.70338 1192.38517 1065.35985 951.73828 989.99089 1005.40621 1067.49225 1155.99929 1272.79826 1150.23322 1239.98944 
1084.60102 947.33406 994.63712 1053.60424 1291.2386999999999 1176.62963 1255.97532 850.36428 954.9577 834.4025399999999 696.28192 597.59267 594.92006 540.64154 469.66415 884.60882 872.9635900000001 896.7389800000001 961.81005 1036.63708 1158.58295 885.04936 707.51481 501.83402 450.07812 373.91748 342.72056 255.65806 267.06484 384.26961 392.83221000000003 526.22365 717.46776 467.76526 430.81147 351.29421 323.43236 269.12799 0 493.85752 499.07368 550.154 460.14975 699.13878 808.30213 946.92804 1267.70812 1268.93616 1480.07617 1493.17058 1633.81677 1585.5301299999999 1322.0986899999998 1253.92636 1188.91871 1073.98957 1015.07005 1077.59532 1106.64347 1186.52949 1282.2686800000001 1384.18731 1288.63011 1417.5896699999998 
828.33908 719.31292 894.24442 927.30605 1156.63501 1065.84738 1161.01778 845.55312 808.51692 599.20569 372.35148 218.26993 273.87738 177.20324 297.61753 397.30774 401.6654 427.23461999999995 490.08768000000003 547.08189 672.65714 444.49157 273.46364 182.5383 139.40366 126.21536 239.87211 316.02481 384.73052 445.08183 594.4638 679.63068 699.24748 446.16284 467.72877 638.49554 661.55827 569.93855 493.85752 0 63.85429 269.04982 247.46297 368.29244 375.02047 519.7066500000001 830.94569 859.79731 1071.6886100000002 1085.77332 1227.7779 1138.73818 864.35034 781.90981 702.42182 596.70166 594.14958 679.4297700000001 726.05765 825.4063 924.11038 996.86688 949.934 1142.67397 
768.85524 657.25468 830.39013 863.50971 1093.1282 1002.3755799999999 1097.16349 783.87571 745.6550199999999 536.50389 313.87456 159.59652 211.14789000000002 114.20771 234.622 419.39917 435.24353 460.81275000000005 518.93341 564.39124 692.45537 503.21914000000004 324.75657 246.39258999999998 194.90091 190.06965 303.7264 294.69884 340.21254 457.41731 553.70211 630.35343 639.09521 387.13004 416.9541 604.4556600000001 632.10155 540.71986 499.07368 63.85429 0 205.19553 295.19978 308.80836 311.16618 480.91018 803.0274099999999 821.02179 1032.3311899999999 1046.54077 1188.75539 1109.4751 838.65056 762.60504 694.6528500000001 582.2536 555.38558 635.4268 685.56387 776.27746 875.20565 953.20592 898.52384 1085.64899 
583.96316 462.89077 625.19997 666.1921600000001 890.3456600000001 797.50437 892.1 587.20462 540.45949 339.9377 158.91964000000002 100.70755 49.47156 146.41174 263.31641 540.98735 588.24755 606.33346 653.9732 663.28414 792.23894 682.74475 527.36408 449.55134 389.90924 337.10226 231.09552 318.26677 312.32726 303.79543 455.27095 496.52227 448.58479 250.18041 287.26664 526.95176 571.7345 489.48661999999996 550.154 269.04982 205.19553 0 90.00425 149.42667 338.76316 407.43431000000004 725.30832 719.53767 930.20353 943.20651 1083.67147 1043.88284 791.06459 740.21661 707.57379 577.83676 471.58307 527.44338 556.87019 640.68066 737.52756 834.867 750.3145099999999 911.22723 
660.3976299999999 530.86527 666.37346 711.4947999999999 942.19677 843.00282 935.6820700000001 601.4208 589.87507 406.89899 248.48200000000003 190.71179999999998 136.909 233.84918 173.31216 596.6643300000001 609.34261 634.7364 687.93983 715.0748600000001 844.04907 672.74929 520.92661 415.86344999999994 345.18162 271.4366 143.25867 228.26252 222.32301 278.87962000000005 391.73578 449.46182999999996 452.11998 203.11997 240.2062 456.29897 496.36771 422.95681 460.14975 247.46297 295.19978 90.00425 0 238.98903 392.35417 494.37594 814.13002 809.54192 1020.14859 1033.1647699999999 1173.67572 1132.68493 877.32042 822.84835 782.49264 655.37576 561.58732 617.44557 646.52316 730.62646 825.35336 924.4293600000001 835.88049 988.8111 
460.04688 355.73043 565.9641 585.33648 802.42272 722.3568 821.43218 577.45671 468.05152999999996 245.27785999999998 9.49297 150.02709 198.89823 198.29314 318.70743 525.19847 585.62829 605.97921 641.44949 620.9797 744.3902 674.42571 558.32434 549.43566 503.70927 449.93832 380.52219 467.23508 452.09141 428.77207 566.0706299999999 571.16324 464.97226 355.28354 391.76819 645.31859 696.4134200000001 622.72919 699.13878 368.29244 308.80836 149.42667 238.98903 0 261.07492 274.33807 583.97773 571.91855 781.64966 794.53311 936.7477299999999 901.92544 658.60712 618.46513 606.06829 483.91798 331.93984 386.81956 419.85452000000004 491.63743 589.19115 685.44033 605.8557000000001 777.94942 
627.4194 563.63389 807.11693 815.15717 1011.4259099999999 946.68926 1047.43191 838.5316300000001 703.87249 476.51319 270.56789000000003 360.88052000000005 290.11556 275.49339 339.3434 277.14453 346.76929 370.61303999999996 390.51687 361.87235 488.17121999999995 448.37445 388.68447 473.72518 506.06709 458.90136 497.45772999999997 603.47903 614.67718 625.14031 778.63261 815.4953999999999 724.14963 578.06366 610.31593 848.21585 888.72188 801.79885 808.30213 375.02047 311.16618 338.76316 392.35417 261.07492 0 207.01952 498.43275 543.8626200000001 751.10668 760.92646 903.14108 803.2247199999999 529.3175 451.61615 392.28575 271.08742 278.21489 375.24398 431.94541 538.28866 632.56133 683.76466 670.59519 896.41751 
461.09804 448.81774 699.04465 691.0152 857.81934 811.32458 911.1547 776.22417 609.0980400000001 384.93345 283.83104000000003 351.41789 357.96275 406.2865 504.13341 467.18403 525.57367 551.14289 547.03094 492.06606 573.60395 631.92499 586.74301 670.36407 655.75385 635.14203 624.18602 716.71531 715.80026 699.8485 840.18819 837.33207 695.03077 629.62161 665.89687 919.64406 969.8936799999999 893.81283 946.92804 519.7066500000001 480.91018 407.43431000000004 494.37594 274.33807 207.01952 0 322.19257 340.11161 552.0144300000001 566.23218 708.34762 639.77312 384.26905 346.46427 356.04279 239.54731999999998 74.4754 174.7733 225.81151 332.62702 431.58106000000004 480.13777 468.42476999999997 699.72723 
534.8861899999999 589.92511 845.66486 811.71599 901.39892 897.51572 986.72556 979.48151 744.9257 613.38418 589.57617 673.5432400000001 677.22102 728.37085 822.78335 644.06718 726.23545 730.42891 709.57032 594.49835 634.00021 829.04331 840.74521 964.80226 962.5942699999999 951.01762 946.12053 1038.33803 1033.90199 1008.09405 1139.47774 1116.28315 936.22198 932.03028 966.96551 1222.44485 1276.10206 1201.52558 1267.70812 830.94569 803.0274099999999 725.30832 814.13002 583.97773 498.43275 322.19257 0 113.65022 272.66985999999997 275.14536 410.13161 318.57452 308.50227 190.94243 319.14634 306.10916 253.72525 228.54035 246.18224 269.84868 293.67625 253.31369999999998 356.80016 606.97718 
438.9933 512.78089 758.46742 718.14915 793.59775 795.88063 882.42984 903.63169 661.08833 548.07166 575.89823 679.30999 674.65008 737.74979 841.93896 720.57202 803.78287 810.66806 796.25657 687.14239 738.84856 909.31035 902.57289 1007.35962 995.65417 974.20408 947.6256 1037.31971 1023.46979 985.16732 1107.07571 1070.58661 875.66344 905.4355499999999 938.16257 1192.16556 1248.38096 1179.04794 1268.93616 859.79731 821.02179 719.53767 809.54192 571.91855 543.8626200000001 340.11161 113.65022 0 212.86834 226.87173 369.06658 401.09459000000004 334.65954 304.59265 425.74298 382.18579 265.64773 192.12852 176.54935 169.28792 180.12132 151.86687 243.24523 493.54722 
566.49324 671.22537 884.69963 833.63857 860.0694800000001 883.3489 955.67619 1053.36373 801.58314 730.58695 785.13355 892.0902 885.36057 950.5481 1054.65071 903.79475 985.70105 989.4584 967.0307700000001 845.93994 873.6400000000001 1087.98959 1099.237 1215.12663 1206.23611 1186.7129300000001 1159.31467 1248.26738 1231.6837 1188.01091 1303.5268099999998 1256.42234 1047.34004 1105.85283 1137.83234 1389.44091 1447.15904 1381.20487 1480.07617 1071.6886100000002 1032.3311899999999 930.20353 1020.14859 781.64966 751.10668 552.0144300000001 272.66985999999997 212.86834 0 15.28594 156.52532 227.46855 304.21632 420.06148 559.18575 561.89368 477.53903 403.33855 383.36758000000003 322.50637 258.82698 123.95472 302.76765 484.13525 
572.28667 679.1414 889.50949 837.67393 863.4962300000001 884.65479 960.28935 1059.80065 807.64255 740.06818 798.0179 905.86671 898.6569099999999 964.29267 1068.81069 919.06616 1000.95989 1004.6892 981.46505 860.9096 887.82605 1103.21434 1114.48288 1230.41257 1221.52205 1200.91612 1172.6110099999999 1261.33058 1244.35076 1199.58499 1314.10017 1265.73909 1055.72683 1117.29266 1149.09785 1400.32801 1458.22402 1392.73298 1493.17058 1085.77332 1046.54077 943.20651 1033.1647699999999 794.53311 760.92646 566.23218 275.14536 226.87173 15.28594 0 142.21462 226.78800999999999 318.41508 435.34742 573.77381 571.17498 492.22577 416.7264 388.95961 331.94078 264.89576 139.24066 306.60454 499.42118999999997 
680.39806 798.18102 987.99576 931.01268 912.97388 963.56428 1023.14744 1167.71025 914.50367 867.83452 938.09403 1047.80633 1039.5264900000002 1106.21777 1210.99952 1050.48115 1131.43043 1133.77401 1107.43687 983.70457 998.76794 1232.12484 1250.83799 1370.63442 1362.60175 1343.12076 1313.4790400000002 1401.80182 1383.12363 1335.26787 1445.85362 1391.68565 1175.34523 1252.12234 1283.16916 1532.48309 1591.15817 1527.74772 1633.81677 1227.7779 1188.75539 1083.67147 1173.67572 936.7477299999999 903.14108 708.34762 410.13161 369.06658 156.52532 142.21462 0 241.46814 433.59258 551.15242 690.40333 702.58455 634.0532 558.21376 527.73248 474.1554 390.0344 255.16214 410.35387000000003 640.66057 
769.34841 859.36765 1090.34307 1043.46403 1075.7960600000001 1100.47101 1175.77977 1248.61849 1001.11057 899.52621 907.26389 987.9374600000001 995.77593 1045.20993 1135.43261 895.54228 971.60744 969.58539 933.02789 803.72281 797.89909 1064.83182 1112.22606 1258.72172 1264.37622 1260.72354 1263.95914 1356.44397 1352.45135 1326.21685 1452.5891299999998 1421.14068 1226.68308 1246.98593 1281.31957 1536.51019 1591.16105 1518.28464 1585.53013 1138.73818 1109.4751 1043.88284 1132.68493 901.92544 803.2247199999999 639.77312 318.57452 401.09459000000004 227.46855 226.78800999999999 241.46814 0 338.23393 380.45788 509.74225 566.49217 572.29977 530.21272 526.93024 506.78867 471.66798000000006 336.79572 517.52403 704.84234 
646.31454 698.02818 956.7086400000001 923.79889 1013.60593 1010.50559 1101.0826900000002 1084.82205 854.45781 705.29708 663.54004 725.45009 741.59303 781.45715 865.8897999999999 625.96528 704.63704 704.96983 674.70767 550.11199 571.13836 802.22985 837.87653 982.2099 988.89442 988.21886 1002.71379 1096.10953 1099.32559 1083.17669 1220.38495 1206.03441 1035.30165 1010.74867 1046.514 1301.43727 1352.81037 1274.98705 1322.0986899999998 864.35034 838.65056 791.06459 877.32042 658.60712 529.3175 384.26905 308.50227 334.65954 304.21632 318.41508 433.59258 338.23393 0 117.55984 257.16019 283.88924 375.91472 392.82559000000003 346.36898 382.73451 400.34495 331.00689 463.45672 708.9916 
690.37535 720.13884 986.04368 960.94507 1074.14528 1059.0824 1152.49704 1096.22215 880.02103 706.99157 626.0690199999999 666.67895 690.76761 717.88256 790.95529 515.18753 592.06187 593.1868000000001 558.6555 432.55215 453.57852 687.66114 732.25359 887.3387200000001 900.19604 907.50969 939.70008 1036.29901 1044.82605 1040.38797 1184.19577 1183.23623 1030.94363 973.30151 1009.9713 1262.06067 1310.2487 1228.70338 1253.92636 781.90981 762.60504 740.21661 822.84835 618.46513 451.61615 346.46427 190.94243 304.59265 420.06148 435.34742 551.15242 380.45788 117.55984 0 139.66202 186.33007 313.97942 338.11406 381.0162 444.73927 481.97897 434.15833 545.10288 796.77625 
768.11667 774.83751 1043.05803 1026.8917000000001 1162.5113800000001 1135.09077 1231.76741 1131.55833 934.52755 740.08538 614.77224 620.36169 659.21473 667.71878 723.00741 391.94659 464.19342 464.17944 423.81128 295.17003 326.71729000000005 555.19201 616.02872 786.54451 809.33125 828.51061 886.31154 977.98229 1000.46839 1011.29269 1161.47292 1177.14657 1049.56361 952.22529 989.31152 1234.38629 1278.0581599999998 1192.38517 1188.91871 702.42182 694.6528500000001 707.57379 782.49264 606.06829 392.28575 356.04279 319.14634 425.74298 559.18575 573.77381 690.40333 509.74225 257.16019 139.66202 0 133.19116 345.99741 409.47519 463.89908 544.67001 598.04873 565.54054 658.23972 913.11091 
662.4713 655.41231 922.6621 910.44281 1060.26098 1024.69241 1123.05599 1002.9782299999999 813.67631 612.66506 485.98297 495.33736999999996 534.4701299999999 543.93447 609.11865 348.28824 429.8184 433.73171 414.67925 304.9566 374.41576 532.34427 554.351 701.98328 714.7898099999999 722.61171 765.3272499999999 857.56298 875.7351000000001 881.44216 1030.48729 1044.16117 917.22826 820.70905 857.79528 1104.54089 1149.37349 1065.35985 1073.98957 596.70166 582.2536 577.83676 655.37576 483.91798 271.08742 239.54731999999998 306.10916 382.18579 561.89368 571.17498 702.58455 566.49217 283.88924 186.33007 133.19116 0 230.24512 311.12621 371.51022 465.78579 535.4002 532.78428 592.10216 843.83873 
433.39548 428.85384 697.0743600000001 681.54906 831.28691 794.49125 892.81087 792.97082 588.55503 401.04453 338.03855 425.86107000000004 430.20758 477.52604 577.71314 499.59604 582.8892900000001 593.67595 594.86081 509.43362 597.97205 688.51349 654.29045 744.07924 730.20322 709.61743 693.24467 789.84984 780.32761 757.77395 893.6146 881.59024 723.43531 684.14311 719.84145 974.95049 1026.9257499999999 951.73828 1015.07005 594.14958 555.38558 471.58307 561.58732 331.93984 278.21489 74.4754 253.72525 265.64773 477.53903 492.22577 634.0532 572.29977 375.91472 313.97942 345.99741 230.24512 0 101.32965 164.20706 271.13442 358.48343 406.40626 402.39909 645.27538 
