67
Wf6tYlitgmZKoXfughsS m0W1PzAhoOpYXaJ0LLW5 YygsiZkXDS9oQ07w4psX 5doygtE58PVlrfBbaaxD nOsoIFzZBhdd6bjP45Ba Z2YJKymsE6JEohxl2CgC 2TderjwrXrNV2UBZ77eD LI8fhHKJlh7mQx1nNK0m 2QgUKFj4HV0dn5Ia55tj QYsTJmc2IUi36H1YK47s Tgouk8HApNFShyYjQedR Mufarp9xGx29xj0P1ijS g5fwwkfUKem4JdibLkXM PFAHK1LPbENiUm01N8B0 xtgYSd34f56WAH3CCBpW tb41LamjPxrSZBTCVL4N b9q1t3OMZ6dXE5R6ca5w vXrEXAmThLoQVXFImZcg 7DZfG4yobV0xCcSaxf27 g6Fit1BcwBIbAAJnBKGn 1Oc2bGjHzXrMLiYLik5Z EnQuMk7pVZUnmn2BboBv EfhuR5UGBxqkoqdQBn2E 4MuL6AbQo2ozZ4x7psrd 1wSeohNTb1oCspxe2x4j CMQ0OeWc1jOFVxmSr3hH 24YcTAlCtPoNC11H3BAQ fuNQ8Sfy86k6zaBQjwEz NWAZrSnr0i1Dj5TA6dLc OLGSBuAPLZmdhTN6ApoS 8w6JkwNghwwfzVWZlMG6 1uTE034Q24DWmybWBbX4 RNtZ6m1O9hQj2ovJiJE3 JuSdCG8HSUzwufkmRvTN 8IUV6HBSYn47shRwVW5F fxnnXXAtldMGBgqECnVx EqrhH8oFQmMRN10foGjV wqyhoOJuJuNfuZ1c9ZhU 6KcltWtleWJ6izN3XL0F dsEyS8WvuzfBZPrbbzZx 63EFNMvLteBrV7Lj9nA4 nmwnnNlPCMIjajSEo2R3 C5aQkckiWq5qVUhbiI57 oakCd1HozhO35GtImcF2 rW1b1NT9NaRlIIxoT8XF jGNThQH3U9Qqi91Eop7X aGWdv30UuUFiszMErlJF eULKHiriYHElwEbrQo2X x81SdeDfzbsk8wgCHcJT 2dfprAgHp3T6RrgooKgP qsbRHSDlSHG3Ep5gugbq NXZByMrsstrrXRLxVcyg Mi1upMhcgP7iV16OWKN5 TrUW9m3qjkTMvqHNRot0 zbsjvfwSdNExCnTFLo8x 4wWd3kvalFkda9M583i7 btiXecpJBKmrIHtQ7jPA 468JV90VoJDfHRf7bwGC CgUyoeVDFzkf0g6EiF8w 72cxNTZ1Tw5teVGiR2xj nnG2z19YXqYOoAxMQkFV ZUt08qPkISJA3VT4fdsK EEWjQ3rZ3GM9oucA2vc5 qyWH5Ui5kFJGpXM7i2RZ P6PcaiimLTne6w5m7SJi cXmjc3Wu4kjM1IHGgfA5 hC71hIuyRaST3AiaSZqg
0 2920771.90916 20741297.677500002 27852569.90272 37637364.253460005 53358449.837390006 55439203.66437 55640633.03893 62158748.38849001 73372995.03826 82173281.67638 93122382.88317999 81177715.06991 80716333.87631 84150997.10053 74216037.84154001 71588819.51119 69668599.46334 76194905.67327 87400208.69907 91631313.63214001 84456010.64777 73619331.63191 75175875.12909 62263351.15948 58233909.00137 70426679.52 72909963.85376 72355074.41677 82304404.43599 89690276.93258 86834491.41824001 86336105.21484 91934929.25915 96074309.77201 108638032.64079 102623501.04804 85905591.18367001 72793345.04717 60032725.73181 66596971.14582 74320741.96607 83432292.37906 88799340.0948 71482303.80669999 70912886.24892 60266601.05444 54804580.43528 40208812.05372 33144045.42176 41664749.831650004 37402662.022479996 37559536.6605 30765259.152960002 17137765.36922 21617743.88838 20845229.62349 33609663.78101 42317978.03948 31871964.08528 36624634.90795 22902939.18257 29171614.58129 44586407.7437 37361922.129360005 13841723.747609999 13425554.88794 
2920771.90916 0 19963103.12204 27036139.266880002 36734112.22701 52699025.14169 54752519.86641 54286262.585209996 60975071.16796 71972663.21454 81311601.8656 92260703.0724 80648659.02281 80367744.49933 83689261.49167 73996749.4692 71117814.82508 69384863.57886 75942396.19113 87253732.19794 91484656.44943 84504438.04545 73517840.27787 74947489.41093001 62034965.44132 58666493.11731 71770672.76663 75155521.06345001 73818255.58599 82963202.38774 90349074.88433 87231850.25194 87088355.76161 92673434.90048 96758507.08239 109333286.8537 103967494.29466999 86930888.88296 73793960.96954 61634871.59688 68765061.8846 76478806.71643001 85600383.11783999 90220292.66393 70504404.93446 73833658.15808 63187372.9636 56994275.05156 43129583.96288 36064817.33092 42097333.94759 37205398.625819996 40062344.84119 32475393.7711 19186781.11944 24538515.797539998 17924457.71433 35840806.06441 39397206.13032 28951192.17612 36181459.816530004 22086508.54673 27066945.803379998 42655442.52253 34886507.71573 10920951.83845 13381011.52111 
20741297.677500002 19963103.12204 0 10137344.87126 16905463.58605 32761095.98128 34819938.67989 35622305.40145 42291489.47004 52788641.48224 61540554.16527 72489655.37207 60686784.05612 60469494.86979 63735664.05385 54632762.022029996 51289166.18412 49421760.45682 56256374.29658 67915783.93111 71766166.19194 65078379.657970004 53955739.10394 55555022.23202 42648218.225779995 40299607.7135 58687636.48846 58145105.87893 58180542.83438 64412290.82577 71920464.25604999 68623791.92671001 69349988.08847 75599786.90662 79387644.06033 91915538.53712 89118948.80848 74809600.20445001 58683665.67873 55834745.278 61738096.80092 67241055.13327 76994517.00448 79200551.25613 67383857.16897 72577736.00594 61219849.81975 50944999.28822 36138362.83679 20973495.75809 23935233.44866 23232843.35237 25388986.99683 25022453.52087 18784431.86343 32481286.55957 24592346.56272 32422254.60713 41629976.72975 22652898.71807 24454085.24428 11490560.659370001 11830588.99634 24935968.97755 29097135.41996 10415255.18706 7835236.88237 
27852569.90272 27036139.266880002 10137344.87126 0 10307547.22825 26272460.14293 28428600.27664 31068962.5625 36281162.53638 47583274.81887 55374023.58556 66278770.85546 54387754.783750005 53885038.53333 57349986.923779994 47993770.648729995 44650174.81082 42962347.53013 49963951.121539995 61617665.52016 65344333.20389 58558993.35663 47693488.67864 49152418.58333 36221429.90808 34892084.53016999 52848176.59269 52515384.1973 52568234.74617 57997330.632709995 65636203.77379 62285900.89883 63356468.894 69711316.41435 73367610.42903 85931541.47751 83947023.6731 69965619.89744 53839685.37172 53478070.42593 60217513.62545 64214382.60413 74280570.57042 75561288.60765 65714424.72150999 72392948.07711 61091988.183919996 50064157.97969 33450272.35865 18285405.27995 18322925.36045 23743070.97463 22700896.51869 25548626.84247 26331885.48388 36145260.78898 30578509.22576 37320154.92897 43425046.94597 20849819.05362 21765994.76614 4949630.72015 17603203.207620002 21104951.19232 31372187.21068 20241259.68354 15184383.40552 
37637364.253460005 36734112.22701 16905463.58605 10307547.22825 0 15964912.91468 21548423.96494 22261226.00329 29217779.45535 39993588.00262 48058819.71613 58218717.71365 44080207.5555 43633632.27232 47042439.69553 37727298.43598 34383702.59807 32654800.301880002 39656403.89329 51310118.29191 55036785.97564 48251446.12838 37957526.045830004 39206846.98158 40519599.629149996 34663578.1778 45887460.6685 47688427.896730006 45296948.229890004 48201068.93363 55895710.270349994 52498833.291939996 53964489.21336 60646436.77095 64126812.07639 76549707.06945 76144823.89388 64233266.508640006 48253754.51939 50010201.764970005 55011984.0582 60282456.25138 70377333.11422 71043962.38096 65022323.70028 73067191.18648 61941935.54081 49882930.14231 33269044.52127 18313974.62218 20302406.97278 13435523.74638 17488629.3624 28031442.819399998 33359673.12419 44248327.94269 39707959.39341 34497393.03519 47247736.12523 24672508.232880004 17442240.59247 15257177.948400002 16225525.84595 21678309.28989 36557677.84004 26620859.71878 24740700.46842 
53358449.837390006 52699025.14169 32761095.98128 26272460.14293 15964912.91468 0 5583511.05026 15738287.58381 22694841.03587 26315668.41969 32093906.80145 43043008.00825 28140506.678650003 27737621.80017 31396593.57625 21978424.02261 18634828.1847 16689887.3872 23691490.97861 36406684.34935 39574445.899560004 33348012.18582 22884526.79018 28487032.32079 30581106.82284 33621760.89739 41616447.21275 38317019.96657 39514522.72313 36644359.39102 43758933.27999 39766799.95908 42591862.5209 50218533.00327 53467279.11589 64605774.85865 68087083.7647 58146330.32029 47104994.959879994 53760662.18241 57287919.65647 60765332.49447 70407998.08483 68199474.58392 70318773.07442999 79612032.66755 69191383.10995 54752471.72967 41996579.97439 30569770.86682 17558334.46453 24425217.690929998 26154279.62808 39042515.104849994 46510338.07467 58077721.66997 55356026.74598 44596836.22234 58626458.028739996 37280451.56385 30050183.92344 31222090.863080002 31946611.42988 22153678.46585 37033047.016 42347524.56202 40596332.86365 
55439203.66437 54752519.86641 34819938.67989 28428600.27664 21548423.96494 5583511.05026 0 10154776.53355 17111329.98561 23253394.45644 35154571.696550004 42429016.92013 29364680.810770005 26723293.62808 31463248.29495 21409883.79111 18066287.9532 20011228.7507 23118425.74925 36248450.966230005 39001380.6702 34240141.11224 28468037.84044 33445960.70396 33151617.255730003 36352220.21598 46631037.41787 43900531.01683 44516073.13311 38069182.25977 45750966.30247 41694085.73487 48175373.57116 53908027.27085 55490412.35444 68074027.01846 73670594.81496 63034527.31883 52688506.01014 58940703.70032 62871430.70673 66209006.17309 75789836.71137 73782985.63418 75557744.26477 85155833.10458 74701247.88966 60335982.77993 47580091.02465 34143972.27527 23141845.51479 28830514.72867 31737790.67834 43850830.282800004 48063266.3249 62128933.7118 58270983.89828 49572951.92115 63513043.450880006 41735634.95923 34508036.96134 33378230.996790003 28370389.883 16570167.41559 31449535.96574 44144784.268089995 42581219.92045 
55640633.03893 54286262.58521 35622305.40145 31068962.5625 22261226.00329 15738287.58381 10154776.53355 0 6956553.45206 17732361.99933 29633539.23944 39272700.23955 31081965.38245 33659980.92723 34346806.653270006 26448024.27157 25836192.79135 27781133.58885 30245969.84576 43530680.31792 45388820.26482 41904919.284509994 33604597.86212 38184918.04836 34671342.031390004 42522479.98425 56785813.95142 53109762.94261 54625211.71388 47351734.06839 54479004.35193001 50479551.2504 55242794.04597 62709802.890609995 64870336.56269 76034709.62158 81876333.36623 73189303.85238001 58283536.6889 67713647.57174 72033046.05641 76346831.46628 85818929.80041 83327217.29996 84193163.77058999 93231712.264 82459614.66181 68472973.61363 54267984.22696 40423846.933359995 29829738.7171 34627618.05589 38680723.67191 50130704.94089 51150639.18554 65216306.57244 59729556.22208 55689487.3447 69388330.42197 46813102.52962 39582834.88921 32737693.85636 27219316.78183 26724943.949139997 26373206.31813 43365310.74676 42972446.54173 
62158748.38849001 60975071.16796 42291489.47004 36281162.53638 29217779.45535 22694841.03587 17111329.98561 6956553.45206 0 11302112.28249 23203289.522600003 32316146.787490003 25297189.20395 30039480.32291 27871199.23729 25783115.96029 22439520.12238 24384460.91988 31386064.51129 38318678.15015 39537088.75401 36992087.88975 32365920.89897 37819028.35019 27714788.57933 42399210.52565 56382277.95195 52469592.74897 53588795.40885 44288747.08974 50464876.907759994 46407916.395799994 53145004.780439995 59480840.57458 61422300.300459996 71900816.37094 79630644.48943 72135754.13608 58160267.2303 69820104.68209 73928769.36894001 76689991.94971 86162111.30862 83114969.94862 86466549.7667 96178070.21921 86417200.60097 71223356.59403 58007398.08779 46679222.121999994 36786292.16916 41584171.50795 42263730.88326 54182177.60927 58107192.6376 70891736.04417 66181378.34896 59955238.84774999 73764513.8574 51631020.74351 44769316.961559996 39255809.20592 34175870.233890004 33681497.4012 33329759.77019 50321864.19882 49490561.89129 
73372995.03826 71972663.21454 52788641.48224 47583274.81887 39993588.00262 26315668.41969 23253394.45644 17732361.99933 11302112.28249 0 11901177.24011 22850278.44691 27357568.046550002 28585596.83008 23683206.93984 25990460.76692 22646864.92901 24591805.72651 31593409.31792 36689213.67399 36180362.10794 36613744.95866 32453296.57586 38025915.47381 37732194.23154 46086274.13961 62710124.939220004 58996091.69947 59453788.7381 45511686.58832 51666632.47915 48097579.19616 53811123.01081 61350531.5994 63030289.08262 71686472.22360998 82155754.2557 77329891.8557 63663852.55572 79031349.75646 81888632.20356001 84175094.27449 93258045.62058 89806341.24074 96634441.49411999 105927701.08724001 95507051.52964 81068140.14936 68204382.37388 55169544.15599 43766136.86402 49928598.81562 52469948.04777 64948914.36975 68883001.18487 82155025.8272 77217667.56754 70680961.04942 84607777.31920001 62643142.86783 55412875.22742 50470055.85569 44951367.72154 39823561.872030005 44105568.31746 61051711.37609 60623878.36461 
82173281.67638 81311601.8656 61540554.16527 55374023.58556 48058819.71613 32093906.80145 35154571.69655 29633539.23944 23203289.522600003 11901177.24011 0 10949101.2068 15456390.80644 18029569.694679998 19076722.57875 17494693.40897 20829281.76613 22774222.56363 23748417.054899998 28012356.74113 31549405.821149997 30736625.85936 28196697.24482 33633076.588 35886562.06732 48377206.03112 60743260.92568 54706759.03495 57098238.701790005 39293858.32183 44170979.11326 40169918.63512 47421129.36575 54520579.35093 54709148.82387 63009615.29075 75765760.61064 73530766.64419 60558895.87262 79614407.18985 81793324.00681 83758420.79268 92120414.42624 86105279.42152 97611798.83048001 107153787.10789 97732392.61622 82562704.40862 72801604.67126 60439979.21152 49652241.26598 55033106.57184 57608170.58877 69964207.70871 77224523.43518001 88969042.8852 85720097.74259001 75579148.32491 89588084.70546001 68472883.56577 61697737.44798 60323654.30571 54268856.33452 43185204.77479 53927550.29463 70390650.02715 69125481.21299 
93122382.88317999 92260703.0724 72489655.37207 66278770.85546 58218717.71365 43043008.00825 42429016.92013 39272700.23955 32316146.787490003 22850278.44691 10949101.2068 0 22196093.68533 21623570.79986 25378980.915360004 24234396.28786 27568984.64502 28323488.22811 30488119.93379 33718952.69152 38174711.41819 30881893.59357 34484777.62986 39219257.023090005 42626264.94621 55084726.99264 66772951.10977 60541979.59415 62933459.26099 43313194.17655 45323649.54589 42153840.69017 50384374.62473 56662648.15481 56124305.98601 62823622.05558 77976704.15123999 78653439.19091 67290958.88186 87604329.98719 89213479.02336001 89651888.42266001 97345679.98642999 91406852.83287999 104304822.82894 115119495.2126 105996111.28931001 91071825.42258 81258475.81503001 70870053.94877 59946505.65155999 65304055.61684 67011602.1742 80102465.40518999 85962866.87505 99790786.31088999 96329415.27852 85792841.00882 99423549.71982001 78820784.04354 71968686.49298 71228401.57561 65217957.541319996 54134305.981589995 64876651.50143 81339751.23395 80037664.34047 
81177715.06991 80648659.02281 60686784.05612 54387754.78375 44080207.5555 28140506.678650003 29364680.81077 31081965.38245 25297189.20395 27357568.04655 15456390.80644 22196093.68533 0 4742291.11896 9644681.0092 7963804.50041 11298392.85757 12071153.33954 8292026.24846 15930121.50061 21853994.30457 18607120.758109998 17603497.94896 22337977.34219 26159245.268190004 37927621.19798 49801372.07157 43552256.478480004 45525482.06684 27090089.630000003 31192137.89642 27452839.71231 35218058.03462 42102702.95121 42368097.25392 50923089.05116 63260438.94073 62605687.25985 50409679.200959995 70257645.61115 72011263.9817 72246688.85509 80834924.84072 74390375.84869 86837563.60378 97737850.90026 88751454.25143 73986341.45972 65298011.12085 55861229.887779996 43442091.0271 50289336.31871 51445738.64904 64567311.521000005 71891609.06678 84951434.54334 83238685.89429 69540506.12025 83319417.36297 63762905.22483 56953967.19485 59337385.5039 54523950.35298 41696468.64717 56575236.01103 70144046.09689 68522020.93849 
80716333.87631 80367744.49933 60469494.86979 53885038.53333 43633632.27232 27737621.80017 26723293.62808 33659980.92723 30039480.322909996 28585596.83008 18029569.694679998 21623570.79986 4742291.11896 0 4902389.89024 10536983.38865 10571406.88084 11047734.41297 13034317.36742 16302850.31037 17795591.78486 19361522.4739 12861206.83 17595686.22323 22804530.66661 37232113.82554 45407770.51086 38918408.79429 41309888.46113 26854627.52956 27907547.16474 29743479.998900004 34805840.64812 39246545.77366 37783686.01165 46746183.34223 58518147.82177 58323930.632929996 45667388.082 66554188.75882 67943695.46709 68028317.62280001 76092633.72176 69801721.6784 83056289.04782999 94161916.61608 85269585.35791 70392916.19866 62035031.58207 54028277.82363 42735134.51437 48651288.44881 49612786.58489 62685191.99513 70578461.68844 83334274.50989 82326434.45617 67074795.01576 81010141.64201 62537004.40377 55306736.76336 58519987.24889 54845778.42014 43293461.04367 58172829.59382 70084429.10662 68304731.75216 
84150997.10053 83689261.49167 63735664.05385 57349986.923779994 47042439.69553 31396593.57625 31463248.29495 34346806.653270006 27871199.23729 23683206.93984 19076722.57875 25378980.915360004 9644681.0092 4902389.89024 0 10053364.50384 13396960.34175 14706706.18905 17936707.25766 14926404.142789999 12893201.89462 14614967.15105 17753956.43913 22355464.85955 27492757.50261 39686110.42686 50103046.85797 43625787.738 46017267.40484 26155354.83317 30093285.5064 26142328.88458 34372862.81914 41432284.11532 40893941.94652 48759380.42225 62006865.55289 61328790.51887 49430086.13855 71446938.36794999 72585742.20013 72786868.87881 80781205.2268 74650605.99469 87913092.52413 99016997.37138 90171975.24814999 75278584.11835 66729917.30568 58257449.876779996 46056839.30539 52923722.53179 53841958.63804 66932076.4533 74599835.92732 87503294.36589 86098896.18254 71631667.5901 85465853.76473 66265046.14953 59475756.61936 61963605.42631 58184819.12353 44965211.26585 59844579.816 73663299.41431 71570900.93622 
74216037.84154001 73996749.4692 54632762.022029996 47993770.648729995 37727298.43598 21978424.02261 21409883.79111 26448024.27157 25783115.96029 25990460.76692 17494693.40897 24234396.28786 7963804.50041 10536983.38865 10053364.50384 0 3343595.83791 5288536.63541 12290140.22682 17178033.04009 19056964.18588 18247893.831540003 15451284.56436 17311056.51156 18391868.65835 30882512.62215 44579618.29021 38645418.82733 41036898.49417 24375383.20375 30551513.02177 26494552.50981 32627446.99375 40214228.214829996 41204827.44308 51987452.484950006 60930875.47161999 59785528.7843 43659594.25858 63522823.93345 65478880.79721 66883275.98596 74704755.54145 69824931.25585 80235104.46289 90994166.9175 81793896.91882 68613356.11867 57355704.672759995 48320948.69677 36003474.80155 42870358.027950004 43979531.21101 57105745.6319 64791791.71627 77512818.31779 76434516.84316 61984187.28025 75896869.25675 56324288.999280006 49526425.80843 51910240.92247 48131454.61969 36265168.53225 51144537.0824 64217798.23823 62144993.60784 
71588819.51119 71117814.82508 51289166.18412 44650174.81082 34383702.59807 18634828.1847 18066287.9532 25836192.79135 22439520.12238 22646864.92901 20829281.76613 27568984.64502 11298392.85757 10571406.88084 13396960.34175 3343595.83791 0 1944940.7975 8946544.38891 18182163.01303 22400560.023790002 16389025.90471 12107688.72645 15379672.75076 15085329.30253 30884745.108400002 41236022.452300005 36714035.066530004 37979686.25118 23261073.33734 30955714.674060002 27473926.11694 33777773.568900004 39099918.34842 40779675.831640005 52400529.89225 59967247.47337 56498140.436900005 44777081.20215 61981832.751 62392304.05711 63539680.14805 72657288.01570001 67159476.31173 77082537.93579 87808147.41072 78669841.82303 65368922.9679 54012108.83485 44977352.85886 35826931.64818 39663895.312259994 40784410.575739995 53845693.53501 61448195.87836 74356063.93493 73090921.00525 58640591.44234 72569052.35938 53083360.8383 46328526.18839999 49417193.63342 45807330.71644 34636455.36879 49236730.12398 60874202.40032 59124403.06649 
69668599.46334 69384863.57886 49421760.45682 42962347.53013 32654800.301880002 16689887.3872 20011228.7507 27781133.58885 24384460.91988 24591805.72651 22774222.56363 28323488.22811 12071153.33954 11047734.41297 14706706.18905 5288536.63541 1944940.7975 0 7001603.59141 20107698.33687 22884558.51236 18260024.23943 13328699.30343 17324613.54826 17030270.10003 32829685.9059 43180963.249800004 38658975.86403 39924627.04868 25206014.13484 31185838.70247 27766534.81702 32834325.4617 40449013.45066 42724616.629140005 53392483.534600005 60824143.81455 58443081.234400004 42836362.38246 60169984.9847 62125220.82087 63598250.24395 72531073.51976001 68078620.21032 76727498.43566 87777712.84196001 78697950.33047 67287576.82142 54735156.41956 43957213.57581 34248221.85173 38218182.97917 39541722.33707 52526449.8899 60409599.84251 72910351.60184 72045914.13318 57469352.78071 71521636.45376 52113081.49572 44882813.85531 47472252.83592 43862389.91894 36581396.16629 47291857.51014 59036694.69365 57256997.339190006 
76194905.67327 75942396.19113 56256374.29658 49963951.121539995 39656403.89329 23691490.97861 23118425.74925 30245969.84576 31386064.51129 31593409.31792 23748417.054899998 30488119.93379 8292026.24846 13034317.36742 17936707.257659998 12290140.22682 8946544.38891 7001603.59141 0 13295832.43722 15882954.92095 11793313.82833 12623222.94349 18225728.4741 17867219.01973 30062800.9882 41680916.19166 35260230.23002 37405026.18693 20366545.43841 26612830.25683 22555869.74487 28833376.323769998 36104350.26046 37696856.58314 46971156.56916 56992146.84274 55882143.06826 44730077.582279995 61965619.36269 63719237.73324 64627253.57857 73033201.43887 67409329.91314 78775980.71395999 89456823.39843 80590714.32513 65694315.21126 57448352.11712 49078012.07285 36920676.10753 43787559.33393 44662520.83411 57734926.24435 65872679.71766999 78414716.145 77650503.01069 62122480.18268 76072829.99513 57084211.92447 50443433.41804 54473856.42733 50863993.510350004 39688593.16484 54293461.10155 65777928.61267 63676343.62493 
87400208.69907 87253732.19794 67915783.93111 61617665.520160004 51310118.29191 36406684.34935 36248450.966230005 43530680.31792 38318678.15015 36689213.67399 28012356.74113 33718952.69152 15930121.50061 16302850.31037 14926404.142789999 17178033.04009 18182163.01303 20107698.33687 13295832.43722 0 5923872.80396 3058672.16353 14356498.99486 19959004.52547 26264757.64331 35521267.70454 40563146.90826 35218540.16423 36287256.90353 15105702.73695 16158622.372130001 14586033.89706 22816567.83162 27497620.98105 26959278.81225 34997258.549619995 48811676.977479994 49499308.57425 43804881.09488 64319699.317310005 64247860.70904 63179664.77821 70168016.80673 63507819.384119995 80029688.86664 91377856.88325 83668597.94009 69178280.25525 64572078.10096 57502078.62692 46580180.0825 53218716.1739 53156876.45097 65663063.23196 75410133.03724 87263858.65559 87928128.3979 69362321.67435001 82545590.29341 65933354.43506 59883347.05004 66430852.08743 63611143.765760005 52818618.38182001 67399555.84701 77475354.12431 74105495.30025001 
91631313.63214 91484656.44943 71766166.19194 65344333.203889996 55036785.97564 39574445.89956 39001380.6702 45388820.26482 39537088.75401 36180362.10794 31549405.821149997 38174711.41819 21853994.30457 17795591.78486 12893201.89462 19056964.18588 22400560.023790002 22884558.51236 15882954.92095 5923872.80396 0 8982544.96749 19856651.23756 25459156.76817 32188630.44727 41210117.47843 46487019.712220006 41142412.96819 42211129.707490005 21015665.60084 22082495.176090002 20509906.701020002 26614328.17755 31586698.97736 32883151.61621 40921131.35358 54735549.78144 54827892.99046 45550356.74626 70179409.34539 70138639.66189 69103537.58217 75940907.69028 68140482.10737 85945601.15196 97293769.16857 89516285.54297 75102153.05921 69027796.85073 63329126.60384 51380611.93191 58135713.53648 59051101.49774 70978087.3185 80327130.39982 92446014.56961 92921513.64793 74855224.96593 88167544.85058999 71115510.34908 64800344.41262 69932166.4379 66746948.4313 55322132.71813001 70077493.71827 81646841.76941 78287627.89981 
84456010.64777 84504438.04545 65078379.657970004 58558993.35663 48251446.12838 33348012.18582 34240141.11224 41904919.284509994 36992087.88975 36613744.95866 30736625.85936 30881893.59357 18607120.75811 19361522.473899998 14614967.15105 18247893.831540003 16389025.90471 18260024.23943 11793313.82833 3058672.16353 8982544.96749 0 11297826.83133 16900332.36194 23206085.47978 32462598.11287 39355703.98709 33472440.942509998 35079813.98236 12431300.58298 15584322.24549 11527361.73353 19757895.66809 26931998.28463 26678947.58099 38055930.713149995 48102526.912980005 47946898.21283 42587254.63334 61378594.62123 61476811.57994 61625929.31802999 67507716.08439 60670565.3518 77262369.11577 88610537.13238 80746912.10688001 66119608.09172 61513405.93743 54572999.27971999 43754582.86248 50290161.36255 50157508.04098 62629030.18521 72447898.38654 84205186.49206 85130849.15416 66303649.51082 80272324.25062999 62874682.27153 56895876.56102 63372179.9239 60580167.631909996 50795845.8313 65551881.74957 74872305.84716 71176776.41939001 
73619331.63191 73517840.27787 53955739.10394 47693488.67864 37957526.045830004 22884526.79018 28468037.84044 33604597.86212 32365920.89897 32453296.57586 28196697.24482 34484777.62986 17603497.94896 12861206.83 17753956.43913 15451284.56436 12107688.72645 13328699.30343 12623222.94349 14356498.994859999 19856651.23756 11297826.83133 0 5602505.53061 18533494.20586 24370906.99554 32546563.68086 26542795.12361 28934274.79045 15669257.89613 20874406.48981 16882273.1689 21944633.81812 29571304.30049 32033859.01636 42516396.83831 49886143.92634 45462723.80293 32806181.252 53692981.92882 55082488.63709 55909818.47216 64099453.029139996 58116380.2749 70195082.21783 81300709.78608 72597711.65098 57741408.87796 50299569.17211 43609941.49891999 32456756.03115 39134620.99082 39194450.26018 51875064.23826 61324962.96408 73244730.31627 73844033.21482 56115416.1218 69461243.16196999 51914226.09574 45799251.86696 52643119.39879 49755892.40643 43309935.13412 57269865.88082 63704130.93206 60320804.43147 
75175875.12909 74947489.41093001 55555022.23202 49152418.58333 39206846.98158 28487032.32079 33445960.70396 38184918.04836 37819028.35019 38025915.47381 33633076.588 39219257.023090005 22337977.34219 17595686.22323 22355464.85955 17311056.51156 15379672.75076 17324613.54826 18225728.4741 19959004.52547 25459156.76817 16900332.36194 5602505.53061 0 12930988.67525 29973412.52615 28001547.95018 21334362.31577 23725841.982610002 15559385.93293 17062627.21825 13291986.31036 18532025.06817 24524884.84225 27629101.034330003 38450710.03267 44587574.72261 43019493.03032 37522117.177990004 51867498.54589 50657193.27175 50432631.39957 58496947.49853 52513874.744289994 66096919.95828 77445087.97489 68958444.07057 56149651.10333 52957111.018360004 43113622.41282 34163696.27774 40015064.558019996 38698131.17408 51824345.59497 61360038.092329994 72890440.26615 74154146.54505 57092152.94144 68168218.49404 52849461.48539 45651381.86835 54096534.2133 55245637.16059 45934553.09227 60813921.64242 65263629.13875 61750453.56453 
62263351.15948 62034965.44132 42648218.225779995 36221429.90808 40519599.629149996 30581106.82284 33151617.255730003 34671342.031390004 27714788.57933 37732194.23154 35886562.06732 42626264.94621 26159245.268190004 22804530.66661 27492757.50261 18391868.65835 15085329.30253 17030270.10003 17867219.01973 26264757.64331 32188630.44727 23206085.47978 18533494.20586 12930988.67525 0 20369521.17333 28724186.09527 24818756.95943 25875404.11637 24411969.12367 29993615.8935 26222974.98561 31463013.743419997 35429180.51977 38796255.07045 51379869.73447 53379304.90581 45638222.986760005 36394320.81005 46896503.44847 47930032.88263 54185780.30798 58980474.28408 56992502.56137 62820697.84667 74168865.86328 65593798.50927 50737495.73625 41622997.93853 31678012.02673 22305041.860430002 27084075.88277 27262520.78799 40323803.74726 49273480.85478 61238588.64493 62192555.757939994 44342390.4745 58205610.9754 39918472.81014 33689791.08124 41171060.62823 42314648.48534 33003564.41702 47882932.96717 52351105.169139996 48837929.59492 
58233909.00137 58666493.11731 40299607.7135 34892084.53017 34663578.1778 33621760.89739 36352220.21598 42522479.984249994 42399210.525649995 46086274.13961 48377206.03112 55084726.99264 37927621.19798 37232113.82554 39686110.42686 30882512.62215 30884745.108400002 32829685.9059 30062800.9882 35521267.70454 41210117.47843 32462598.11287 24370906.995539997 29973412.526149996 20369521.17333 0 19749983.17103 20773587.5339 18382107.86706 27641509.515860002 33621926.7371 32204489.99903 38534931.96966 40606785.68418 42114771.525070004 54698386.189090006 49431077.06115 36649653.10809 28193508.934550002 32945075.61685 35802358.06395 43719325.694240004 48944190.170380004 45886245.48147 50692050.343899995 60552803.47411001 50911384.29667 39152601.5604 31852437.46485 25942129.33602 16569159.16972 23436042.39612 21526638.09728 30718893.61014 43339763.33726 54707583.1915 55349016.47822 34664797.44561 51014111.45471 34076519.44193 26846251.80152 39623412.62543 41056761.24632 38185790.24121 49361905.2754 49533225.8987 46921426.37377 
70426679.52 71770672.76663 58687636.488460004 52848176.59269 45887460.6685 41616447.21275 46631037.41787 56785813.95142 56382277.95195 62710124.939220004 60743260.92568 66772951.10977 49801372.07157 45407770.51086 50103046.85797 44579618.29020999 41236022.4523 43180963.2498 41680916.19166 40563146.90826 46487019.712220006 39355703.98709 32546563.68086 28001547.95018 28724186.09527 19749983.17103 0 6667185.63441 4275890.00473 26924403.40411 30997815.5749 32659248.041890003 24428714.107330002 25522872.96738 30194799.255499996 41487489.91623 32196821.52804 24113150.166660003 39264309.7755 25211996.72595 26759624.21724 33807044.02381 31875003.754029997 31944916.81236 39784391.55808 51121927.42351 44570630.91885 31274454.13496 44289438.45078 38670474.95436 34752403.0398 37259385.34805 39071427.761 43664255.2603 55776764.32319 60794503.59769 67249702.26409 47101798.43154 54041863.04879 49319730.50396 42089462.86355 57326428.46829 58164175.9352 57870443.83843 67545149.14548 65645063.12649 60519422.21294 
72909963.85376 75155521.06345001 58145105.87893 52515384.1973 47688427.896730006 38317019.96657 43900531.01683 53109762.94261 52469592.74897 58996091.69947 54706759.03495 60541979.59415 43552256.478480004 38918408.79429 43625787.738 38645418.82733 36714035.066530004 38658975.86403 35260230.23002 35218540.16423 41142412.96819 33472440.942509998 26542795.12361 21334362.31577 24818756.95943 20773587.5339 6667185.63441 0 2391479.66684 25039993.06622 24606402.39022 26221695.85457 17991161.92001 20565352.24694 25237278.535060003 37820893.199080005 31450712.31155 22228739.82877 35815836.2097 31542558.10176 30505306.78871 29367023.34855 38542189.38844 32173745.60194 46428133.94133 57758735.62207 50984123.89677 37941639.76937 50956624.08519 39765918.432 34209872.43027 37954489.87779 35350427.19326 45961807.19964 58012334.11150999 64565101.15947 69948776.40959 45569810.15507 55303494.37436 49900516.29701 42670248.6566 57264125.88598 58888286.61287 55552803.31694 67002618.535950005 66585400.68548 62828723.73172 
72355074.41677 73818255.58599 58180542.83438 52568234.74617 45296948.229890004 39514522.72313 44516073.13311 54625211.71388 53588795.40885 59453788.7381 57098238.701790005 62933459.26099 45525482.06684 41309888.46113 46017267.40484 41036898.49417 37979686.25118 39924627.04868 37405026.18693 36287256.90353 42211129.707490005 35079813.98236 28934274.79045 23725841.982610002 25875404.11637 18382107.86706 4275890.00473 2391479.66684 0 22648513.39938 26721925.57017 28383358.03716 20152824.1026 22224677.81712 26896604.105240002 38609116.85755 33842191.97839 19837260.161930002 34988419.77077 29300437.347950004 28119498.72781 29531154.019079998 36150893.75876 34565225.26877999 44060281.562810004 55395496.61304 48846520.92358 35550344.13969 48565328.45551 39211028.995009996 34245309.38572 37594374.29037 34795537.75627 44568020.49965 57457444.67452 63221116.23412 69313260.96763 43178330.48823 53519444.08705 47747469.26132999 42221894.48759 57299562.84143 57617507.65465 56361246.72967 66490753.94607 66225285.09806 60437244.06488 
82304404.43599 82963202.38774 64412290.82577 57997330.632709995 48201068.93363 36644359.39102 38069182.25977 47351734.06839 44288747.08974 45511686.58832 39293858.32183 43313194.17655 27090089.63 26854627.52956 26155354.83317 24375383.20375 23261073.33734 25206014.13484 20366545.43841 15105702.73695 21015665.60084 12431300.58298 15669257.89613 15559385.93293 24411969.12367 27641509.515860002 26924403.40411 25039993.06622 22648513.39938 0 7694641.33672 11751601.84868 19982135.78324 15838845.01108 17518602.4943 30102217.158320002 39371000.65953 35515597.62985 32771772.851959996 51430212.25191 50763777.971820004 49860874.79043999 56131746.79079 51231922.522879995 66707034.28221001 78039775.47794 70893680.63213 57244728.172129996 53300471.50243 50284124.9198 40973307.9822 46938727.01776 45964188.23855 57578647.59723 68530540.59931 79516131.84978001 81619432.14355999 60015266.06529 72462145.49228999 58248625.7498 53116667.46686 62946961.352859996 61211067.2301 54639349.675359994 69518718.22551 74137821.95976001 69582190.86663 
89690276.93258 90349074.88433 71920464.25604999 65636203.77379 55895710.270349994 43758933.27999 45750966.30247 54479004.35193 50464876.907759994 51666632.47915 44170979.11326 45323649.54589 31192137.89642 27907547.16474 30093285.5064 30551513.02177 30955714.674060002 31185838.70247 26612830.25683 16158622.372130001 22082495.176090002 15584322.24549 20874406.48981 17062627.21825 29993615.8935 33621926.7371 30997815.5749 24606402.39022 26721925.57017 7694641.33672 0 4056960.51196 12287494.44652 11347676.03914 16019602.327259999 28603216.991279997 36399948.73546 40713381.97936 29334491.19084 55883801.979990005 53970859.93275 51400772.15407 56723318.44936 48630560.9042 69914116.24314 81233011.67215 75214228.25971 61855442.701230004 60995112.83915 57442918.64948 48667949.318919994 54324599.51435 53350060.735139996 64028378.80419 75689334.32899 86396081.91261 88833447.02442 66353296.16672 78240624.43143 65249320.09364 60362857.38336 70585834.49394 68905708.56682 61804731.159669995 75764661.90637 81497686.42093 76968063.36322 
86834491.41824001 87231850.25194 68623791.92671001 62285900.89883 52498833.291939996 39766799.95908 41694085.73487 50479551.2504 46407916.395799994 48097579.19616 40169918.63512 42153840.69017 27452839.71231 29743479.998900004 26142328.88458 26494552.50981 27473926.11694 27766534.81702 22555869.74487 14586033.89706 20509906.70102 11527361.73353 16882273.1689 13291986.31036 26222974.98561 32204489.99903 32659248.041890003 26221695.85457 28383358.03716 11751601.84868 4056960.51196 0 8230533.93456 15404636.551099999 15151585.84746 27735200.51148 36575165.17945 37148915.1727 31059892.89981 57642400.06615 54172046.8077 52168396.43138 58096691.73645 50625251.00534 70103878.13111 81448044.31382 74675812.90695 60713796.43342 62832123.69042 54942659.96045999 45471338.38941 51501707.50093 50527168.721719995 62833557.34262001 73189075.63996999 84079112.33295 86184094.17092 64479726.20295 76738251.53325 62834807.50338 57681329.49422 67235531.61897999 66463904.95556 57747770.647709996 71707701.39441 78326678.87007001 73850838.73083 
86336105.21484 87088355.76161 69349988.08847 63356468.894 53964489.21336 42591862.5209 48175373.57116 55242794.04597 53145004.780439995 53811123.01081 47421129.36575 50384374.62473 35218058.03462 34805840.64812 34372862.81914 32627446.99375 33777773.568900004 32834325.4617 28833376.323769998 22816567.83162 26614328.17755 19757895.66809 21944633.81812 18532025.06817 31463013.743419997 38534931.96966 24428714.107330002 17991161.92001 20152824.1026 19982135.78324 12287494.44652 8230533.93456 0 7626670.48237 12298596.77049 22602794.22353 28344631.24489 35260449.36065 22829358.96525 49411866.13159 47579025.43313 44910814.33072 52852059.975770004 42394717.07078 63522281.74352001 74868981.8396 68975285.81678 55703168.242290005 57632576.98861 53690524.21205 46058576.46734 51035110.089499995 49275032.97331 60530635.937359996 71691223.20431 82556263.07947999 85204154.38133 63331154.59083 73294656.29437 62111835.41478 56701389.70463 68306099.61415 67080495.38836 64466578.16044 73990344.75119 79022643.19632 75634092.41418 
91934929.25915 92673434.90048 75599786.90662 69711316.41435 60646436.77095 50218533.00327 53908027.27085 62709802.890609995 59480840.57458 61350531.5994 54520579.35093 56662648.15481 42102702.95121 39246545.77366 41432284.11532 40214228.214829996 39099918.34842 40449013.45066 36104350.26046 27497620.98105 31586698.97736 26931998.28463 29571304.30049 24524884.84225 35429180.51977 40606785.68418 25522872.96738 20565352.24694 22224677.81712 15838845.01108 11347676.03914 15404636.551099999 7626670.48237 0 4671926.28812 17255540.95214 26524324.45335 36976841.33036 30456029.44762 50585753.457760006 47874976.75461 46670735.18751 53583241.172680005 46234238.528119996 63818233.065 74194758.00166 69794443.88949001 56797327.10234 64323815.60672 59104799.95422 51664553.45796 56635333.64883 54689308.71548 65169281.61753 77158223.53742 85130453.40641001 89976292.06628 65403008.30535 75744121.90417 65843344.64978 62115665.4468 74660947.1345 74096407.42083 68378110.89003 81617015.23356001 84850121.90766001 81900881.42717001 
96074309.77201 96758507.08239 79387644.06033 73367610.42903 64126812.07639 53467279.11589 55490412.35444 64870336.56269 61422300.300459996 63030289.08262 54709148.82387 56124305.98601 42368097.25392 37783686.01165 40893941.94652 41204827.44308 40779675.831640005 42724616.629140005 37696856.58314 26959278.81225 32883151.61621 26678947.58099 32033859.01636 27629101.034330003 38796255.07045 42114771.525070004 30194799.255499996 25237278.535060003 26896604.105240002 17518602.4943 16019602.327259999 15151585.84746 12298596.77049 4671926.28812 0 12583614.66402 21852398.16523 37737633.445360005 31021486.39361 54973878.859840006 51895348.99497 51342661.47563 52577674.17698 42120331.27199 67838605.30536 78866684.28978 73865365.21537 61262331.15928 65824704.41697 62997332.12865 55494300.060210004 60656451.05345 58860702.92047 68849906.85255 80914799.58943 89802379.69453001 94243687.05664 70074934.59347 80416048.19229001 70210086.12036 66177362.60347 78268101.98457 77295757.14474 71774626.02402 85147772.12101 88856936.13773 83682040.82386 
108638032.64079 109333286.8537 91915538.53712 85931541.47751 76549707.06945 64605774.85865 68074027.01846 76034709.62158 71900816.37094 71686472.22360998 63009615.29075 62823622.05558 50923089.05116 46746183.34223 48759380.42225 51987452.484950006 52400529.89225 53392483.534600005 46971156.56916 34997258.549619995 40921131.35358 38055930.713149995 42516396.83831 38450710.03267 51379869.73447 54698386.189090006 41487489.91623 37820893.199080005 38609116.85755 30102217.158320002 28603216.991279997 27735200.51148 22602794.22353 17255540.95214 12583614.66402 0 22103974.85556 41426045.8738 39886527.14348 65281093.10546 61404887.462850004 57754393.17136 57932998.8573 49696041.71241 76332918.94634 87132768.73645 83372663.18800001 71936780.07339 74320273.56978 75580946.79267 68065407.11935 73204868.00177 71289907.37837 81433521.51657 93498414.25345 101711674.31637 106704201.95857 81787447.34578 92128560.9446 82621005.92695 78716261.41979 90851716.64859 89683289.61189 83373719.36529 96593138.97472 101422683.64286 96265655.48788 
102623501.04804 103967494.29466999 89118948.80848 83947023.6731 76144823.89388 68087083.7647 73670594.81496 81876333.36623 79630644.48943 82155754.2557 75765760.61064 77976704.15123999 63260438.94073 58518147.82177 62006865.55289 60930875.47161999 59967247.47337 60824143.81455 56992146.84274 48811676.977479994 54735549.78144 48102526.91298 49886143.92634 44587574.72261 53379304.90581 49431077.06115 32196821.52804 31450712.31155 33842191.97839 39371000.65953 36399948.73546 36575165.17945 28344631.24489 26524324.45335 21852398.16523 22103974.85556 0 19322071.01824 35448005.543960005 50596009.32513 45289569.53334 39194200.37491 48091179.501430005 53672798.503639996 58260824.25419 68748919.57961 67164063.76185 57473176.72381 64356909.142069995 70867296.4824 65660584.74182 69386349.78425 66724974.69595 72813308.29327 86274438.14553 91777906.45032 99446523.79213 71952526.90605 79578617.96264 75405832.98027 74012679.40592 88549792.07984 88926976.64327 86382869.32282999 98200365.76304 97841884.65452999 91817487.78494 
