32
X9TJsvmT50zYeG0q6XSG 93aDiM8K0XhtiVcCVKi2 vodEvdIApqt0N3TZsbxN cdaizmjQrCe5Vnwy3JQF 5jhNGHh0Et1Lidy4vCpq W4IxjYZtRN88GGSV9Uoc NMTjl1jsvrb7y2ggdCSc XmlH4l2BXG35TF70bZqZ ag5vZ07KPwCr1Lpz8zM0 JajH9BPb1gw5kQ2oTRnP dOKaHsIcDX32wPXAX2Gt yHMPX8vHctuUweyLluyz tUowOUG1V7iCXBCMR0AT 8KfYYXeMqM0D4nShLOzi 4bQwji0D4wyEDLd54MWv 9GrchmlNCDIapQ9OnEYh 7TbbztQ90wmMzxjLFXzq vxiwkV1b5fV2sGCBFsRQ LxEzX08MG9T8knIYbul0 ECCnzlgsMEvTYjNwAlfM Eu0wGcDBBrgvePzHfqrS LNMZej67uy0Whvqp5OR1 L8bxdxuDa5issn2PiN3u MtQDjkLToWj4d53MMhKG nbZglhhmYQAPQz4eETaj Pqf0Sn4UvsBLaxz7WO4n EtrZREkmL456viQQJ9Rb dKH5OdpmJKCU83bbXVxZ 0uvEfLgT4s8ImTk9VWBt zD7ErBenXxsG4D9b5TEV 48nWZMVqWDxfH9uMf2U3 M2S9flVUcYP2sJdh8LXf
0 9252685.02094 28893275.607260004 37035410.464549996 31299441.39286 67118275.94404 72487290.48201 73634978.5574 51387719.66728 57738745.10682 69452128.15599 85744543.41034 75813567.61184 69713540.83432 75067742.82081 68367741.54561 96971681.30766 95975250.90138 74566665.48287 82494086.50876999 81216547.54261 55643704.73929 49258358.31233 40965021.67215 46128936.36729 43658519.04669 35751732.39873 62457315.9092 65865674.03383 62912535.30398001 41165446.60727 22333961.06468 
9252685.02094 0 19640590.58632 33725364.919360004 38133781.9817 66332308.172110006 76548092.95677 71868852.09916 49937010.60899 56385006.907460004 66352278.57673 81401502.8211 69147230.21541 63744421.293570004 68196966.40243 71093522.77334 94546240.69133 92719924.47696 72309926.29316 81843594.74102 78839998.20509 53437530.55146 50668512.78717 31712336.651210003 37070379.95809 34526898.1347 38621158.95539 53204630.88826 56612989.01289 53659850.28304 31912761.58633 17318907.93446 
28893275.607260004 19640590.58632 0 14084774.33304 44969802.91326 57395233.28887 71481741.80827 63839560.19241 34899297.88253 36744416.32114 48357431.66796 62129098.18246 49660795.70608 44103830.70725 49955878.62714 53179485.78795 76359631.40308 76004408.10441 57820355.90864 67239517.97972 64130376.450880006 38557533.64756 40878397.4878 18514932.57779 23872975.88467 31576220.50733 21797877.14414 42186725.31983 53400333.592199996 37485603.8494 46344957.65677 35763699.81278 
37035410.464549996 33725364.919360004 14084774.33304 0 35549222.14469 43537574.23662 57396967.47523 66164548.688140005 31358851.53451 39922513.27432 37458957.46451 53844690.86588 61894986.52375 53415946.11208 47563898.19219 39094711.45491 71452272.91338 64101163.96862 46237609.1097 57419067.646110006 50045602.11784001 24472759.31452 37966403.935770005 32599706.91083 30825913.97195 45273156.19406 35882651.477180004 54221071.49626 60705300.25647 51570378.18244 32260183.32373 38754848.25283 
31299441.39286 38133781.9817 44969802.91326 35549222.14469 0 40783307.103369996 49237693.110249996 45921701.089320004 43566631.85852 53755375.74423 62364019.14659 81833079.77296 81201082.57845 77660118.74849999 82411680.83314 73186238.8301 94093282.33679 87433673.1268 56647408.2376 70413841.30527 73780247.15769 50452724.07851 36619130.57557 60589686.85968 60678162.54169 71365502.21561 62194345.59784 84242174.51176 91398617.56807 80661086.16514 63726461.07368 39131649.829500005 
67118275.94404 66332308.172110006 57395233.28887 43537574.23662 40783307.103369996 0 31995896.4577 42437678.9004 31018312.897830002 39581974.63764 44700367.41454 64457710.38663 71085957.02706 71015281.4853 73828846.47355 63713698.327920005 70800623.65645 59523438.67091 42683247.544369996 29630534.2019 44260054.84696 33240310.01714 24217416.62856 73167920.97 74350488.5266 88629331.29892 79001313.04072 93829522.13207 104242874.49309 82876029.43853 75715618.73402 53934869.10512 
72487290.48201 76548092.95677 71481741.80827 57396967.47523 49237693.110249996 31995896.4577 0 10441782.4427 45247479.59633 54915168.32767 55272505.4497 72783260.82756 86419150.71709 86198687.42532 88781162.28369 79046892.01795 83947073.83301 70893534.66567 43600198.36002 39012209.56676 56949085.88786 48573503.707169995 30852058.52316 87357461.18824 88222881.44718 102436799.88935 92670736.76146 108446915.07761 118102267.7317 98162275.64407 89657150.79896 66793379.72137 
73634978.5574 71868852.09916 63839560.19241 66164548.688140005 45921701.089320004 42437678.9004 10441782.4427 0 34805697.15363 48033453.99412 44839839.21902 64597182.19111 79537436.38354 78190487.76969 78340750.85101 70614329.97821 73505291.39031 60451752.222969994 33158415.91732 49453992.00946 65381303.41383 41691789.37362 41293840.96586 79558022.19819 80786793.32514 95226741.88624999 85448398.52306 100352657.24697 110486284.60429001 89375146.76716 81917557.06382 60359008.98944 
51387719.66728 49937010.60899 34899297.88253 31358851.53451 43566631.85852 31018312.897830002 45247479.59633 34805697.15363 0 13227756.84049 24941139.88966 39388931.60936 44731739.22990999 44661063.688149996 47474628.6764 37359480.53077 51658303.40661 45943606.89461 23178945.81559 36571611.460480005 30575606.2602 6886092.21999 15571872.93157 47135941.85145 51882108.970939994 64496316.501320004 54894160.62478 65608336.05667 75680587.45066 58027636.45414 56285125.86708 48083936.8215 
57738745.10682 56385006.907460004 36744416.32114 39922513.27432 53755375.74423 39581974.63764 54915168.32767 48033453.99412 13227756.84049 0 11713383.04917 31470726.02126 31526020.33934 31918457.68363 34500932.542 44616080.687630005 49810572.0254 39360359.48562 25455353.10513 33642301.40059 39139268.00001 15449753.9598 27210463.15917 44477931.27384 47936818.25458 61838305.92371 53736219.39949 59823934.66018 70850602.21219 47190775.158099994 52918854.60628 56647598.56131 
69452128.15599 66352278.57673 48357431.66796 37458957.46451 62364019.14659 44700367.41454 55272505.4497 44839839.21902 24941139.88966 11713383.04917 0 19757342.97209 43239403.38851 43631840.7328 46214315.59117 56329463.7368 39271787.66518 27646976.43645 20575114.19329 26401924.733900003 47341927.59892 27163137.00897 34710818.16415 56191314.323010005 59650201.30375 73551688.97288 64446976.80484 67262040.42168 78475648.69405 58904158.20727 64632237.65545 49033370.64227 
85744543.41034 81401502.8211 62129098.18246 53844690.86588 81833079.77296 64457710.38663 72783260.82756 64597182.19111 39388931.60936 31470726.02126 19757342.97209 0 24930948.23162 33409988.64329 30997792.377909996 38361340.71321 27707448.93665 16082637.70792 40332457.16538 37456797.53747 51597117.70545 42163566.01491 54454020.692099996 68235490.35884 68081219.92521 82215022.55104 76990441.34765 71765600.50696 80561754.46998 57630024.56014 67634594.69009 64082594.88664 
75813567.61184 69147230.21541 49660795.70608 61894986.52375 81201082.57845 71085957.02706 86419150.71709 79537436.38354 44731739.22990999 31526020.33934 43239403.38851 24930948.23162 0 8479040.41167 14331088.331559999 24446236.47719 48271714.06645 40858115.04403 56981373.44447 58267291.51818 37327288.65316 46594693.5559 58736483.49851 44790864.28659 49938188.03458 58944903.72759 55532137.07743 48320974.434709996 56400123.54424 34188680.03687 45710172.8683 55858620.18131 
69713540.83432 63744421.29357 44103830.70725 53415946.11208 77660118.74849999 71015281.4853 86198687.42532 78190487.76968999 44661063.688149996 31918457.68363 43631840.7328 33409988.64329 8479040.41167 0 5852047.91989 15967196.06552 39792673.65478 48261287.06803 54937379.1869 65202530.46847 45806329.06483 38115653.14423 59128920.842800006 36311823.87492 41575806.462510005 50521872.1932 52333723.92973 39841934.02304 48368758.122999996 27079765.70842 37231132.45663 47379579.76964 
75067742.82081 68196966.40243 49955878.62714 47563898.19219 82411680.83314 73828846.47355 88781162.28369 78340750.85101 47474628.6764 34500932.542 46214315.591170006 30997792.37791 14331088.331559999 5852047.91989 0 10115148.14563 33940625.73489 47080430.085829996 55802308.65461 61030589.76844 41748853.82781 43967701.06412 61711395.701170005 42002265.90636 47360309.21324 55865189.8631 54025608.701510005 43364337.23861 52836721.142110005 26632232.18223 43083180.37652 52980581.41103 
68367741.54561 71093522.77334 53179485.78795 39094711.45491 73186238.8301 63713698.327920005 79046892.01795 70614329.97821 37359480.53077 44616080.68763 56329463.7368 38361340.71321 24446236.47719 15967196.06552 10115148.14563 0 32357561.45847 50502437.05945 55874331.245680004 52327741.42996 51864001.97344 39581477.650079995 52206035.38437 39381186.12213 44739229.42901 56741560.772 60131193.16833 46249918.560310006 56065244.58963 36747380.32786 53198328.52215 57495669.921849996 
96971681.30766 94546240.69133 76359631.40308 71452272.91338 94093282.33679 70800623.65645 83947073.83301 73505291.39031 51658303.40661 49810572.0254 39271787.66518 27707448.93665 48271714.06645 39792673.65478 33940625.73489 32357561.45847 0 18144875.60098 47437760.18626 47160617.229550004 40007358.92032 56172627.86034 67230176.33817999 71738747.5806 77096790.88747999 87362321.81624 84388536.16338 74759200.99021 85391244.26939 59557300.02617 74452568.5981 77227332.75687 
95975250.90138 92719924.47696 76004408.10441001 64101163.96862 87433673.1268 59523438.67091 70893534.66567 60451752.222969994 45943606.89461 39360359.48562 27646976.43645 16082637.70792 40858115.04403 48261287.06803 47080430.085829996 50502437.05945 18144875.60098 0 33791058.0896 35535806.000819996 56429190.23331 40780920.17169 56476436.27632 82404692.60794 82384125.48648 94909841.63937001 92093953.24129 85196081.64945 96384043.13322 70202475.08131 79592192.11937001 75451115.54922 
74566665.48287001 72309926.29316 57820355.90864 46237609.1097 56647408.2376 42683247.544369996 43600198.36002 33158415.91732 23178945.81559 25455353.10513 20575114.19329 40332457.16538 56981373.44447 54937379.1869 55802308.65461 55874331.245680004 47437760.18626 33791058.0896 0 24384804.86373 41241003.019319996 21764849.79518 28640683.926749997 68949180.06644 72587296.27569 86309554.71631 78073106.44037 85279287.76530999 96207488.95497999 72646128.26323 71162973.39237 56578808.94332 
82494086.50876999 81843594.74102 67239517.97972 57419067.646110006 70413841.30527 29630534.2019 39012209.56676 49453992.00946 36571611.46048 33642301.40059 26401924.733900003 37456797.53747 58267291.51818 65202530.46847001 61030589.76844 52327741.42996 47160617.229550004 35535806.000819996 24384804.86373 0 20940002.86502 38793608.579789996 34305565.0737 77804095.12195 81579119.65517 95164469.77182001 86495643.44636 93027429.88272999 104134674.99703 79018179.8548 86561156.00687 66092088.00495 
81216547.54261 78839998.20509 64130376.450880006 50045602.11784001 73780247.15769 44260054.84696 56949085.88786 65381303.413830005 30575606.2602 39139268.00001 47341927.59892 51597117.70545 37327288.65316 45806329.06483 41748853.82781 51864001.97344 40007358.92032 56429190.23331 41241003.019319996 20940002.86502 0 25572842.80332 43349542.76326 68474667.32935 72102771.03572 85803908.43806 76635289.94535 80568372.19431 90061493.96425 68381086.01004 74971876.45041001 61521090.27063 
55643704.73929 53437530.55146 38557533.64756 24472759.31452 50452724.07851 33240310.01714 48573503.707169995 41691789.37362 6886092.21999 15449753.9598 27163137.00897 42163566.01491 46594693.5559 38115653.14423 43967701.06412 39581477.650079995 56172627.86034 40780920.17169 21764849.79518 38793608.57979 25572842.80332 0 21732647.07359 47184330.27126 51599454.19081 64544704.92113 60355410.791700006 64002527.58059 74442639.1598 51330498.14208 49399033.64709 50305933.940809995 
49258358.31233 50668512.78717 40878397.4878 37966403.935770005 36619130.57557 24217416.62856 30852058.52316 41293840.96586 15571872.93157 27210463.15917 34710818.16415 54454020.692099996 58736483.49851 59128920.842800006 61711395.70117 52206035.38437 67230176.33817999 56476436.27632 28640683.926749997 34305565.0737 43349542.76326 21732647.07359 0 56728471.22662 62086514.5335 72321043.1938 62542699.83061 77598883.99196 87780147.4401 68326878.91462 59902399.224980004 37734290.43619 
40965021.67215 31712336.651210003 18514932.57779 32599706.91083 60589686.85968 73167920.97 87357461.18824 79558022.19819 47135941.85145 44477931.27384 56191314.323010005 68235490.35883999 44790864.28659 36311823.87492 42002265.90636 39381186.12213 71738747.5806 82404692.60794 68949180.06644 77804095.12195 68474667.32935 47184330.27126 56728471.22662 0 5358043.30688 17360374.64987 27138718.013060004 23671792.74204 34885401.014410004 47906398.2787 32678024.16987 23800163.95756 
46128936.36729 37070379.95809 23872975.88467 30825913.97195 60678162.54168999 74350488.5266 88222881.44718 80786793.32514 51882108.970939994 47936818.25458 59650201.30375 68081219.92521 49938188.03458 41575806.462510005 47360309.21324 44739229.42901 77096790.88747999 82384125.48648 72587296.27569 81579119.65517 72102771.03572 51599454.19081 62086514.5335 5358043.30688 0 14447242.22211 24225585.5853 26739423.46651 37068724.25531 46410943.25999 29764891.74211 29158207.26444 
43658519.04669 34526898.1347 31576220.50733 45273156.19406 71365502.21561 88629331.29892 102436799.88935 95226741.88624999 64496316.501320004 61838305.92371 73551688.97288 82215022.55104 58944903.72759 50521872.1932 55865189.8631 56741560.772 87362321.81624 94909841.63937 86309554.71631 95164469.77182001 85803908.43806 64544704.92113 72321043.1938 17360374.64987 14447242.22211 0 9778343.36319 22580976.49599 22621482.0332 37064738.21671 15317649.52 35766824.01115 
35751732.39873 38621158.95539 21797877.14414 35882651.477180004 62194345.59784 79001313.04072 92670736.76145999 85448398.52306 54894160.62478 53736219.39949 64446976.80484 76990441.34764999 55532137.07743 52333723.92973 54025608.701510005 60131193.16833 84388536.16338001 92093953.24129 78073106.44037 86495643.44636 76635289.94535 60355410.791700006 62542699.83061 27138718.013060004 24225585.5853 9778343.36319 0 26819766.73663 32399825.39639 46843081.5799 25095992.88319 25992585.73346 
62457315.9092 53204630.88826 42186725.31983 54221071.49626 84242174.51176 93829522.13207 108446915.07761 100352657.24697 65608336.05667 59823934.66018 67262040.42168 71765600.50696 48320974.43471 39841934.023040004 43364337.23861 46249918.560310006 74759200.99021 85196081.64945 85279287.76531 93027429.88272999 80568372.19431001 64002527.58059 77598883.99196 23671792.74204 26739423.46651 22580976.49599 26819766.73663 0 11213608.27237 37418097.232250005 21960888.17253 47471956.699599996 
65865674.03383 56612989.01289 53400333.5922 60705300.25647 91398617.56807 104242874.49309 118102267.7317 110486284.60429001 75680587.45066 70850602.21219 78475648.69405 80561754.46998 56400123.54424 48368758.122999996 52836721.142110005 56065244.58962999 85391244.26939 96384043.13322 96207488.95497999 104134674.99703 90061493.96425 74442639.1598 87780147.4401 34885401.014410004 37068724.25531 22621482.0332 32399825.39639 11213608.27237 0 26204488.95988 33174496.4449 58388306.04435 
62912535.30398 53659850.28304 37485603.8494 51570378.18244 80661086.16514 82876029.43853 98162275.64407 89375146.76716 58027636.45413999 47190775.158099994 58904158.20727 57630024.56014 34188680.03687 27079765.70842 26632232.18223 36747380.32786 59557300.02617 70202475.08131 72646128.26323 79018179.8548 68381086.01004 51330498.14208 68326878.91462 47906398.278699994 46410943.25999001 37064738.21671 46843081.579900004 37418097.232250005 26204488.95988 0 21747088.69671 47445119.63536 
41165446.60727 31912761.58633 46344957.65677 32260183.32373 63726461.07368 75715618.73402 89657150.79896 81917557.06382 56285125.86708 52918854.60628 64632237.65545 67634594.69009 45710172.8683 37231132.45663 43083180.37652 53198328.52215 74452568.5981 79592192.11937001 71162973.39237 86561156.00687 74971876.45041001 49399033.64709 59902399.224980004 32678024.16987 29764891.74211 15317649.52 25095992.88319 21960888.17253 33174496.4449 21747088.69671 0 25698030.93865 
22333961.06468 17318907.93446 35763699.81278 38754848.25283 39131649.829500005 53934869.10512 66793379.72137 60359008.98944 48083936.821499996 56647598.56131 49033370.64227 64082594.88664 55858620.18131 47379579.76964 52980581.41103 57495669.921849996 77227332.75687 75451115.54922 56578808.94332 66092088.00495 61521090.27063 50305933.940809995 37734290.43619 23800163.95756 29158207.26444 35766824.01115 25992585.73346 47471956.699599996 58388306.04435 47445119.63536 25698030.93865 0 
