16
gj1PIUxoUprs5rKMLNpv gX6xMy6pWnenI68kwgcu uYmver98TgwbkIsM8XgU 5JVto9dbOz4Lu3AeAOZD ufkSgxNAeRAXQFn3w6eB Fa64KRccvM4rqOgxBKtu ip0vmcqzxYgrY2Mc3Bu9 zs8puphf0SbuOBS6XpM9 Hxhi6IYOb3B8uxHbGYVt Af4sQnaDf5G2yrOfmk45 SI1jqone3x4IZwZ6qVW6 4gVQx4yn8gZ0TQBRafbQ ZBTm8fkarNXg3vLUAnt8 WEpQsV1SPLNjRDFxWGJw zFahEplFbW4f2V6jQTmi ZfI6StUliqd8YxBr0zVp
0 30625986.34994 46440803.17644 52017665.69432 71650647.90234 81704153.86298 65052126.16641 61132547.22116999 74933281.97334 91032920.91828 73322690.50862 74788493.62921 96376957.67986 99161036.20111 72405220.08197 66884025.84684 
30625986.34994 0 15814816.8265 37414373.06622 57782528.30666 53574166.20288 40954409.43425 30506560.87123 72853548.59007001 89884574.31151 62370553.69124 63136434.059030004 86354814.85398 88682295.49976 64806104.39741 67158133.38582 
46440803.17644 15814816.8265 0 21599556.23972 41967711.48016 43576268.36601 26924240.66944 16476392.10642 58823379.82526 78863155.86019 46555736.86474 53097474.449310005 70539998.02748 74652126.73495 61858294.1674 59315700.44868 
52017665.69432 37414373.06622 21599556.23972 0 20368155.24044 46950560.198709995 48523796.909159996 38075948.34614 41265972.59115 68840758.97825 41277631.46444 31497918.20959 65261892.62718 69233394.77322 40258737.92768 55215665.25604 
71650647.90234 57782528.30666 41967711.48016 20368155.24044 0 26582404.95827 43234432.65484 50774275.23538 58137199.62087 60959554.72027 25976459.31892 37310823.76308 49960720.48166 67818806.01208 46071643.48117 66884026.92373 
81704153.86298 53574166.20288 43576268.366009995 46950560.198709995 26582404.95827 0 16652027.69657 27099876.25959 69144504.76671 87541959.67853999 52549435.17583 63883799.619990006 57002954.88058 62248811.46733 60347640.06265 92640425.30663 
65052126.16641 40954409.43425 26924240.66944 48523796.90916 43234432.65484 16652027.69657 0 10447848.56302 52492477.07014 74955257.38692 69201462.8724 54338134.02967 73654982.57715 68623583.19155 63098953.74776 75988397.61006 
61132547.22116999 30506560.87123 16476392.10642 38075948.34614 50774275.23538 27099876.25959 10447848.56302 0 42346987.71884 85403105.94994001 59358593.55872 43890285.46665 74554862.94257 58175734.62853 52651105.18474 65540549.04704 
74933281.97334 72853548.59007001 58823379.82526 41265972.59115 58137199.62087 69144504.76671 52492477.07014 42346987.71884 0 87566485.30493 63287549.58658 61633931.03848 87271810.74932 95719169.92991 66609366.49745 53488322.63545 
91032920.91828 89884574.31151 78863155.86019 68840758.97825 60959554.72027 87541959.67853999 74955257.38692 85403105.94994001 87566485.30493 0 35058856.87115 49014372.99086 42243575.74055 43856775.34964 40852857.01696 60933818.19727 
73322690.50862 62370553.69124 46555736.86474 41277631.46444 25976459.31892 52549435.17583 69201462.8724 59358593.55872 63287549.58658 35058856.87115 0 15468308.09207 23984261.16274 41842346.69316 24229127.81016 49734628.79338 
74788493.62921 63136434.059030004 53097474.449310005 31497918.20959 37310823.76308 63883799.619990006 54338134.02967 43890285.46665 61633931.03848 49014372.99086 15468308.09207 0 39452569.25481 37870623.15055 8760819.71809 35389279.26865 
96376957.67986 86354814.85398 70539998.02748 65261892.62718 49960720.48166 57002954.88058 73654982.57715 74554862.94257 87271810.74932 42243575.74055 23984261.16274 39452569.25481 0 62028978.11653 48213388.972899996 71289970.36246 
99161036.20111 88682295.49976 74652126.73495 69233394.77322 67818806.01208 62248811.46733 68623583.19155 58175734.62853 95719169.92991 43856775.34964 41842346.69316 37870623.15055 62028978.11653 0 29109803.43246 70387649.72686 
72405220.08197 64806104.39741 61858294.1674 40258737.92768 46071643.48117 60347640.06265 63098953.74776 52651105.18474 66609366.49745 40852857.01696 24229127.81016 8760819.71809 48213388.9729 29109803.43246 0 44150098.98674 
66884025.84684 67158133.38582 59315700.44868 55215665.25604 66884026.92373 92640425.30663 75988397.61006 65540549.04704 53488322.63545 60933818.19727 49734628.79338 35389279.26865 71289970.36246 70387649.72686 44150098.98674 0 
