40
Newark Scottsdale Honolulu ChulaVista Charlotte Phoenix Durham SantaAna Toledo JerseyCity Denver Tucson Dallas LongBeach Baltimore Albuquerque FortWayne SanDiego SanJose Madison Laredo Lincoln Bakersfield OklahomaCity Hialeah Glendale Columbus Milwaukee StPetersburg Lubbock Chesapeake Fresno Plano Chandler NewOrleans Aurora Austin LosAngeles Buffalo SaintPaul
0 8074760.17971 37925448.71197 72958576.71268001 69242420.3662 86551775.90364 93339944.62772 105078985.33269 89739014.92256 82845271.51394999 84117527.75024 128198933.39874 73001359.86071 107229225.28934 90122799.46827 92793919.55981 68120418.96505 94232359.37606001 80732416.8647 86451399.82069 93199911.78060001 114404239.67063 115299524.14505999 108114922.12875 112118648.89213 103371897.7899 109502893.46485999 121966070.28256 101485308.37127 77863055.06215 100527754.4139 99760481.10899 92262290.92489 104523539.95128 142797458.59311 112442543.00874999 91491777.3929 81807798.45579 61976275.52003 42914847.7682 
8074760.17971 0 31472149.17743 66505277.17814 77317180.54591 88679773.23458 99362146.15695 112756797.40866 97813775.10227 90920031.69365999 76042767.57053 120124173.21903 64926599.681 100244416.74586001 85401812.29785 86664721.50525999 76195179.14476 95430566.37738 88807177.04441 94526160.0004 101274671.96031001 106329479.49091999 107224763.96534999 103035800.20445 107039526.96783 111446657.96961 103049593.93032 115512770.74802001 95032008.83673 71409755.52761 94552793.60019 95145639.59801 84187530.74518 112598300.13099 138182617.08213 118462062.61929 86375411.12719 73733038.27608 70051035.69974001 50989607.94791 
37925448.71197 31472149.17743 0 35033128.00071 47683570.89993 57207624.05715001 67889996.97952001 81284648.23123 82192966.4559 66502888.23881 107514916.74796 146243684.98861 96398748.85843 71036088.94149 53929663.12042 55192572.32783 80432854.58041 63958417.19995 77458359.71131 91011516.56567001 86953996.79941 100767815.90847 101663100.3829 71563651.02702 75567377.79040001 83943934.90325 71577444.75288999 84040621.57059 63559859.65930001 39937606.35018 63080644.42276 63673490.42058 76033708.8322 109299658.99931002 106710467.90470001 87441144.12522 55354492.63312 67996865.48423 86253238.65226 80840296.48017001 
72958576.71268001 66505277.17814 35033128.00071 0 12650442.89922 22174496.05644 32856868.978809997 46251520.230519995 47159838.45519 31469760.2381 77379001.38692999 123969279.10315 71320778.00564 36002960.94078 18896535.11971 21567655.21125 46807937.463829994 28925289.19924 42425231.7106 97646224.72218001 51920868.798700005 67774144.76256001 89593034.26106 36530523.026310004 40534249.78969 62012573.46638 55767519.04664999 49007493.56988 28526731.65859 58230775.17033 52565213.72959 54757718.637550004 67117937.04917 74266530.9986 97794696.12167001 91130061.50753 71848554.97231 61358484.73888999 51220110.651549995 80242800.8071 
69242420.3662 77317180.54591 47683570.89993 12650442.89922 0 17309355.53744 27991728.459809996 41386379.711519994 59810281.35440999 44120203.13732 71861595.076 118451872.79222001 83971220.90485999 48653403.839999996 31546978.018929996 34218098.11047 59458380.36305 41575732.09846 55075674.60981999 110296667.6214 64571311.697919995 57957895.75867 79350676.35982999 49180965.92553 53184692.68891 63268868.67801 50902378.52765 61657936.4691 41177174.55781 70881218.06955001 65215656.628809996 67408161.53677 59162534.30876999 81116932.18358 110445139.02089 92005366.41728999 60998887.74356 48708041.839669995 38569667.75233 67928291.70932001 
86551775.90364 88679773.23458001 57207624.05715001 22174496.05644 17309355.53744 0 10682372.92237 24077024.17408 44356005.84485 53644256.29454 89170950.61343999 135761228.32966 93495274.06208 58177456.997219995 41071031.176149994 43742151.267689995 68982433.52026999 51099785.255679995 64599727.76704 103310423.43412 74095364.85514 75267251.29611 96660031.89727 56327765.56665 60331492.33003 45959513.14057 33593022.99021 55419377.81655 48323974.19893 78028017.71067 74654827.12832001 74554961.17789 76471889.84621 94063773.53894 117591938.66201001 109314721.95472999 78308243.281 66017397.37711 55879023.28976999 85237647.24676 
93339944.62772 99362146.15695001 67889996.97952001 32856868.97881 27991728.459809996 10682372.92237 0 13394651.25171 33673632.92248 49363711.13957 95272952.2884 141863230.00462002 104177646.98445 68859829.91959 51753404.098519996 54424524.19006 79664806.44263999 61782158.17805 75282100.68941 92628050.51175001 69814819.70017 70069301.12073 107342404.81963998 67010138.489020005 71013865.25240001 56641886.06294 44275395.91258 66101750.73892 59006347.121300004 88710390.63304001 85337200.05069001 85237334.10026 81419288.26481 104746146.46131 128274311.58438 115693820.13892 83607168.64682 70964795.79571 66561396.212139994 95920020.16913 
105078985.33269 112756797.40866001 81284648.23123 46251520.23052 41386379.71152 24077024.17408 13394651.25171 0 47068284.17419 62758362.391279995 108667603.54010999 144691731.30118 117572298.23616 82254481.1713 65148055.35023 67819175.44177 93059457.69435 75176809.42976001 88676751.94112001 104367091.21672 83209470.95188 56674649.86902 111547187.27349 80404789.74073 84408516.50411001 70036537.31465 57670047.164289996 79496401.99063 72400998.37301001 102105041.88475001 98731851.30240001 98631985.35197 94738188.20254 118140797.71302 141668962.83609 129012720.07665 96926068.58455 84283695.73344 79956047.46385 109314671.42084 
89739014.92256 97813775.10227 82192966.45590001 47159838.45519 59810281.35441 44356005.84485 33673632.92248 47068284.17419 0 15690078.21709 61599319.36591999 108189597.08213998 117651653.80838999 83162799.39597 66056373.5749 68727493.66644 93967775.91902 73585886.01638 87085828.52774 126301683.43423 36141186.77769 51994462.74155 96415857.47727 69666192.17329 73669918.93667 85298448.09939 72931957.94903 94758312.77537 75686570.11378 105390613.62552 86898762.58780001 79965895.84312001 92326114.25474001 121426369.45379001 123002873.32724002 114738255.09766 82651603.60556 95293976.45667 97460830.49399 114321441.37150002 
82845271.51394999 90920031.69365999 66502888.23881 31469760.2381 44120203.13732 53644256.29454 49363711.13957 62758362.391279995 15690078.21709 0 45909241.14883 92499518.86504999 102790538.24374 67472721.17888 50366295.35781 53037415.44935 78277697.70193 60395049.43734 73894991.9487 112939126.22523001 20451108.5606 36304384.52446 80725779.26018 68000283.26441 72004010.02779001 93482333.70448 87237279.28475 80477253.80798 59996491.896689996 89700535.40843 71208684.37071 64275817.62603 76636036.03765 105736291.2367 107312795.11015001 99048176.88057 66961525.38847 79603898.23958 82689870.88965 107427697.96289 
84117527.75024 76042767.57053 107514916.74796 77379001.38692999 71861595.076 89170950.61344 95272952.2884 108667603.54010999 61599319.36591999 45909241.14883 0 46590277.71622 101787851.25424999 109848399.99914001 92741974.17807001 95413094.26961 120653376.52219 106304290.58616999 119804233.09752999 128924108.33574 66360349.709429994 82213625.67329 126635020.40901 113909524.41323999 117913251.17661999 105991072.4997 118357562.65006 126386494.95680998 105905733.04551998 128641654.03705001 103146929.12370001 83115639.43391001 86845338.74419 107142714.66108 85255322.28595 101076960.80014 75091676.65285 82543393.32031 64595450.22983 93954074.18682 
128198933.39874 120124173.21903 146243684.98861 123969279.10314998 118451872.79222 135761228.32966 141863230.00462 144691731.30118 108189597.08213998 92499518.86504999 46590277.71622 0 55197573.53803 90515390.60289 107621816.42396 110292936.5155 135533218.76808 99263341.33004001 112763283.84140001 125637107.97831 112950627.42564999 128803903.38950999 159931086.39186 160499802.12945998 164503528.89283997 152581350.21591997 141192853.78992 119366498.96358001 98885737.05229001 127111330.95083001 140010782.52331 111253122.94773 98892904.53611 115853720.59561 102249859.6853 147667238.51636 121681954.36907 109347397.00521 96259400.11041 140544351.90304 
73001359.86071 64926599.681 96398748.85843 71320778.00564 83971220.90486 93495274.06208 104177646.98445 117572298.23616 117651653.80838999 102790538.24373999 101787851.25424999 55197573.53803 0 35317817.06486 52424242.88593 55095362.97747 80335645.23005 44065767.79201 57565710.30337 112786703.31494999 123241646.80433999 103838228.3794 104733512.85383 107851301.03195 111855027.79533 133333351.47202 127088297.05229 120328271.57552 99847509.66422999 129551553.17596999 123267911.13120002 94510251.55562001 106112716.77083 60656147.05758 96649934.40766001 112471572.92185 127907353.39753 115616507.49364 111874289.74033001 95383279.39987001 
107229225.28934 100244416.74586001 71036088.94149 36002960.94078 48653403.839999996 58177456.99722 68859829.91959 82254481.1713 83162799.39597 67472721.17888 109848399.99914 90515390.60289 35317817.06486 0 17106425.82107 19777545.91261 45017828.16519 64928250.14002 78428192.65138 124260964.55282 87923829.73948 92683810.56551 93579095.03994 72533483.96709001 76537210.73047002 98015534.40716001 91770479.98743 85010454.51066001 64529692.59937 94233736.11111 88568174.67037 90760679.57833001 84343647.93086001 70449953.99357 106443741.34365 89339952.20888999 92622410.04655 94798140.39996001 76556472.67547001 105915096.63246 
90122799.46827 85401812.29785 53929663.12042 18896535.11971 31546978.018929996 41071031.176149994 51753404.098519996 65148055.35022999 66056373.5749 50366295.35781 92741974.17807001 107621816.42396 52424242.88593 17106425.82107 0 2671120.09154 27911402.34412 47821824.31895 61321766.83031 116542759.84189 70817403.91841 75577384.74443999 76472669.21887 55427058.146019995 59430784.90939999 80909108.58609 74664054.16635999 67904028.68959 47423266.7783 77127310.29004 71461748.8493 73654253.75726 67237222.10979 87556379.81464 116691231.24138 72233526.38782 80124556.97756 77691714.57889 59450046.8544 88808670.81139001 
92793919.55981001 86664721.50526 55192572.32783 21567655.21125 34218098.11047 43742151.26769 54424524.190060005 67819175.44177 68727493.66644 53037415.44935 95413094.26961 110292936.51550001 55095362.97747 19777545.91261 2671120.09154 0 25240282.25258 50492944.41049 63992886.921849996 116462894.92014 73488524.00995 72906264.6529 73801549.12732999 58098178.237560004 62101905.00094 83580228.67763 77335174.2579 70575148.78113 50094386.869839996 79798430.38158 74132868.94084 71861032.53739 64566102.01825 90227499.90618 114898010.02151 69562406.29628 77453436.88602 75020594.48735 62121166.94594 91479790.90293 
68120418.96505 76195179.14476 80432854.58041 46807937.463829994 59458380.36304999 68982433.52026999 79664806.44263999 93059457.69434999 93967775.91901998 78277697.70192999 120653376.52219 135533218.76808 80335645.23005 45017828.16519 27911402.34412 25240282.25258 0 75733226.66307 89233169.17443 141703177.17272002 98728806.26252998 98146546.90548 95559669.17305 39994503.1637 43998229.92708 65476553.60377 77843043.75413 95815431.03371 75334669.12242 105038712.63416 99373151.19342001 97101314.78997 89806384.27083 115467782.15876001 102254502.70906 44322124.0437 76408775.53580001 89051148.38691 87361449.19852 111035266.73324999 
94232359.37606001 95430566.37738 63958417.19995 28925289.19924 41575732.09846 51099785.255679995 61782158.17805 75176809.42976 73585886.01638 60395049.43734 106304290.58616999 99263341.33004001 44065767.79201 64928250.14002 47821824.31895 50492944.41049 75733226.66307 0 13499942.51136 68720935.52294 80846157.99794 59772460.587390006 60667745.06182 65455812.225549996 69459538.98893 90937862.66562 84692808.24588999 77932782.76912001 57452020.85783 87156064.36957 81490502.92883001 83683007.83679 96043226.24841 103191820.19784 96233787.56238 112055426.07656999 100773844.17155 90283773.93813 80145399.85079 51317511.60786 
80732416.8647 88807177.04441 77458359.71131 42425231.7106 55075674.60982 64599727.76704001 75282100.68941 88676751.94112 87085828.52774 73894991.94870001 119804233.09753 112763283.8414 57565710.30337 78428192.65138 61321766.83031 63992886.92185 89233169.17443 13499942.51136 0 55220993.01158 94346100.50930001 73272403.09875 74167687.57318 78955754.73691002 82959481.50029002 104437805.17698002 98192750.75725001 91432725.28048001 70951963.36919 100656006.88093 94990445.44019 97182950.34815001 87833548.26778999 116691762.7092 109733730.07374 125555368.58793 110930413.58799998 98288040.73688999 93645342.36215 37817569.0965 
86451399.82069 94526160.0004 91011516.56567 97646224.72218 110296667.6214 103310423.43412001 92628050.51175001 104367091.21672 126301683.43423001 112939126.22523 128924108.33574 125637107.97830999 112786703.31494999 124260964.55282 116542759.84188999 116462894.92013998 141703177.17272 68720935.52294 55220993.01158 0 92488017.66463 124923869.65833001 129388680.58476 134176747.74848999 138180474.51187 149269936.57468998 136903446.42433 127110663.73144001 122469734.23363 92765690.72189 133684798.35848999 104927138.78290999 117287357.19453 162743926.90778 146102181.27952 115782281.57828 140384222.51474 127741849.66363 112330493.76624 93038562.10808 
93199911.78060001 101274671.96031001 86953996.79941002 51920868.798700005 64571311.69792 74095364.85514 69814819.70017001 83209470.95188001 36141186.77769 20451108.5606 66360349.709429994 112950627.42564999 123241646.80434 87923829.73948 70817403.91841 73488524.00995 98728806.26253 80846157.99794 94346100.50930001 92488017.66463 0 56755493.08506 101176887.82078001 88451391.82501 92455118.58839001 107961631.57683001 95595141.42647001 100928362.36858001 80447600.45729001 99514202.68180001 91659792.93131001 84726926.18663001 97087144.59825002 126187399.79730001 119025718.45882 110293365.4657 87412633.94907 100055006.80018 103140979.45025 117788945.42793 
114404239.67063 106329479.49091999 100767815.90847 67774144.76256001 57957895.75867 75267251.29611 70069301.12073 56674649.86902 51994462.74155 36304384.52446 82213625.67329 128803903.38950999 103838228.37940001 92683810.56550999 75577384.74443999 72906264.6529 98146546.90548 59772460.587390006 73272403.09875001 124923869.65833 56755493.08506 0 54872537.40447 104304667.78887 108308394.55225001 109034169.99396 106523502.19105001 84697147.36471 64216385.453420006 93920428.96516001 107513068.89517002 100580202.15049002 112940420.56211002 139074827.94225 109631619.12062 135352561.40503 103265909.91293001 106665937.59834 96527563.511 111089972.19525 
115299524.14506 107224763.96535 101663100.3829 89593034.26106 79350676.35982999 96660031.89727 107342404.81964 111547187.27349 96415857.47726999 80725779.26018 126635020.40901 159931086.39186 104733512.85383001 93579095.03993998 76472669.21886998 73801549.12732999 95559669.17305 60667745.06182 74167687.57318 129388680.58476001 101176887.82078 54872537.40447 0 55565166.00935 59568892.77273 81047216.44942 93413706.59978001 115240061.42612001 118119765.91964999 129440116.17113999 114820136.39213 86062476.81655 73702258.40493 118208126.37189 110526903.59504999 107976790.27904 75890138.78694 63247765.93583 117920344.11216 111985256.66968 
108114922.12875 103035800.20445001 71563651.02702 36530523.026310004 49180965.92553 56327765.56665 67010138.489020005 80404789.74073 69666192.17329 68000283.26441 113909524.41324 160499802.12945998 107851301.03195001 72533483.96709001 55427058.14602 58098178.237560004 39994503.1637 65455812.22555 78955754.73691 134176747.74849 88451391.82501 104304667.78887 55565166.00935 0 4003726.76338 25482050.44007 37848540.59043 59674895.41677 62680001.168800004 92384044.68054 89010854.09819001 88910988.14776 101271206.55938001 79602983.51836 131213601.52474001 84316627.2074 104664284.11941001 92373438.21552001 87750633.67785999 116773323.83341 
112118648.89212999 107039526.96783 75567377.7904 40534249.78969 53184692.68891 60331492.33003 71013865.2524 84408516.50411 73669918.93667 72004010.02779001 117913251.17662 164503528.89284003 111855027.79533 76537210.73047 59430784.9094 62101905.00094 43998229.92708 69459538.98893 82959481.50029 138180474.51187 92455118.58839001 108308394.55225001 59568892.77273 4003726.76338 0 21478323.67669 33844813.82705 55671168.653390005 66683727.93218 96387771.44392 85313048.02415 92745974.9341 105106193.34572001 75599256.75498 127209874.76135999 88320353.97078 108225019.77517 95582646.92406 91754360.44124 120777050.59679002 
103371897.7899 111446657.96961 83943934.90325 62012573.46638001 63268868.67801 45959513.14057 56641886.06294 70036537.31465 85298448.09939 93482333.70448 105991072.4997 152581350.21591997 133333351.47202 98015534.40716 80909108.58609 83580228.67762999 65476553.60377 90937862.66562 104437805.17698 149269936.57469 107961631.57683 109034169.99396 81047216.44942 25482050.44007 21478323.67669 0 12366490.15036 34192844.9767 54673606.88799 84377650.39973 63834724.347459994 71267651.25740999 83627869.66903 97077580.43167 114304628.74153 109798677.64747 86746696.09848 74104323.24737 72699145.17603 102057769.13302 
109502893.46485999 103049593.93032 71577444.75288999 55767519.04665 50902378.52765 33593022.99021 44275395.91258 57670047.164289996 72931957.94903 87237279.28475 118357562.65006 141192853.78992 127088297.05229 91770479.98742999 74664054.16635999 77335174.25789998 77843043.75413 84692808.24588999 98192750.75725 136903446.42433 95595141.42647001 106523502.19105001 93413706.59978 37848540.59043 33844813.82705 12366490.15036 0 21826354.82634 42307116.73763 72011160.24937001 51468234.1971 58901161.10705 71261379.51867001 109444070.58203 101938138.59117001 117715591.54345 85628940.05135 81715871.98777 85065635.32639 94744513.28057998 
121966070.28256 115512770.74802001 84040621.57059 49007493.56988 61657936.4691 55419377.81655 66101750.73892 79496401.99063 94758312.77537 80477253.80798 126386494.95681 119366498.96358001 120328271.57552001 85010454.51066001 67904028.68959 70575148.78113 95815431.03371 77932782.76912001 91432725.28048001 127110663.73144 100928362.36858 84697147.36471 115240061.42612001 59674895.416770004 55671168.653390005 34192844.9767 21826354.82634 0 20480761.91129 50184805.423030004 73294589.02344 71077074.66466999 83437293.07629 120896771.05238 114114052.14879 95889236.71711001 63802585.22501001 76444958.07612 100227604.22143 116570868.10691999 
101485308.37127 95032008.83673 63559859.6593 28526731.65859 41177174.55781 48323974.19893 59006347.121300004 72400998.37301001 75686570.11377999 59996491.896689996 105905733.04552 98885737.05229001 99847509.66423 64529692.59937 47423266.7783 50094386.86984 75334669.12242 57452020.85783 70951963.36919 122469734.23363 80447600.45729 64216385.453420006 118119765.91965 62680001.168800004 66683727.93218 54673606.88799 42307116.73763 20480761.91129 0 29704043.51174 71252838.45662001 50596312.75338 62956531.165 100416009.14109 93633290.23750001 75408474.80582 43321823.31372 55964196.16483 79746842.31014 108769532.46569002 
77863055.06215 71409755.52761 39937606.35018 58230775.17033 70881218.06955001 78028017.71067 88710390.63304 102105041.88475 105390613.62552 89700535.40843001 128641654.03705001 127111330.95083001 129551553.17597 94233736.11111 77127310.29004 79798430.38158 105038712.63416 87156064.36957 100656006.88093 92765690.72189 99514202.68180001 93920428.96516001 129440116.17114 92384044.68054 96387771.44392 84377650.39973001 72011160.24937001 50184805.423030004 29704043.51174 0 41548794.94488 70306454.52046001 76646842.70441 120801183.72415 113343432.00458002 85636628.8763 53549977.3842 66192350.23531 108090660.10942 118066618.48519 
100527754.41389999 94552793.60019 63080644.42276 52565213.72959 65215656.628809996 74654827.12832001 85337200.05069001 98731851.30240001 86898762.5878 71208684.37071 103146929.1237 140010782.52331 123267911.1312 88568174.67037 71461748.8493 74132868.94083999 99373151.19342 81490502.92883 94990445.44019 133684798.35848999 91659792.93131 107513068.89517 114820136.39212999 89010854.09819001 85313048.02415 63834724.34746 51468234.1971 73294589.02344 71252838.45662001 41548794.94488 0 28757659.57558 41117877.9872 86574447.70045 71794637.0597 87616275.57389 64214743.30741 51572370.4563 66541865.16454 99213625.75702 
99760481.10899 95145639.59801 63673490.42058 54757718.637550004 67408161.53677 74554961.17789 85237334.10026 98631985.35197 79965895.84312 64275817.62603 83115639.43391001 111253122.94773 94510251.55562 90760679.57833 73654253.75726 71861032.53739 97101314.78997 83683007.83679 97182950.34815 104927138.78291 84726926.18663 100580202.15049 86062476.81655 88910988.14776 92745974.9341 71267651.25741 58901161.10705 71077074.66467 50596312.75338 70306454.52046001 28757659.57558 0 12360218.41162 57816788.124869995 43036977.48412 58858615.99831 35457083.73183 22814710.88072 37784205.58896 98446352.45210999 
92262290.92489 84187530.74518 76033708.83219999 67117937.04917 59162534.30877 76471889.84621 81419288.26481 94738188.20254 92326114.25474 76636036.03765 86845338.74419 98892904.53611 106112716.77082999 84343647.93086 67237222.10979 64566102.01825 89806384.27083 96043226.24841 87833548.26778999 117287357.19453001 97087144.59825 112940420.56211 73702258.40493 101271206.55938 105106193.34572 83627869.66903 71261379.51867 83437293.07629 62956531.165 76646842.70441 41117877.9872 12360218.41162 0 45456569.71325 55397195.89574 55183516.81231 23096865.320210002 10454492.4691 50144424.00058 110806570.86373 
104523539.95128 112598300.13099 109299658.99930999 74266530.99859999 81116932.18358 94063773.53894 104746146.46131 118140797.71302 121426369.45379 105736291.2367 107142714.66108 115853720.59561 60656147.05758 70449953.99357 87556379.81464 90227499.90618 115467782.15876 103191820.19783999 116691762.7092 162743926.90778 126187399.7973 139074827.94225 118208126.37189 79602983.51836 75599256.75498 97077580.43167 109444070.58203 120896771.05238001 100416009.14109 120801183.72415 86574447.70045 57816788.124869995 45456569.71325 0 51610618.00638 99337857.83205 67251206.33995 54960360.43606 73850787.33741 103209411.2944 
142797458.59311 138182617.08212999 106710467.9047 97794696.12167 110445139.02089 117591938.66201 128274311.58438 141668962.83609 123002873.32724 107312795.11015001 85255322.28595 102249859.6853 96649934.40766 106443741.34364998 116691231.24137999 114898010.02150999 102254502.70906 96233787.56238 109733730.07374 146102181.27952 119025718.45882 109631619.12062 110526903.59504999 131213601.52474 127209874.76135999 114304628.74153002 101938138.59117001 114114052.14879 93633290.2375 113343432.00457999 71794637.0597 43036977.48412 55397195.895739995 51610618.00638 0 60998298.85034999 78494061.21595 65851688.36483999 80821183.07308 135356920.74120998 
112442543.00874999 118462062.61929 87441144.12522 91130061.50752999 92005366.41729 109314721.95473 115693820.13892 129012720.07665 114738255.09765999 99048176.88057 101076960.80014 147667238.51635998 112471572.92185001 89339952.20888999 72233526.38781999 69562406.29628 44322124.0437 112055426.07657 125555368.58793001 115782281.57828 110293365.4657 135352561.40503 107976790.27904 84316627.2074 88320353.97078 109798677.64747 117715591.54345001 95889236.71711001 75408474.80582 85636628.8763 87616275.57389 58858615.99831001 55183516.812309995 99337857.83205 60998298.85035001 0 32086651.4921 44729024.34321 84739221.57112 110379079.70414001 
91491777.3929 86375411.12719 55354492.63312 71848554.97231 60998887.74356 78308243.281 83607168.64682 96926068.58455 82651603.60556 66961525.38847 75091676.65285 121681954.36907001 127907353.39753 92622410.04655 80124556.97756 77453436.88602 76408775.53580001 100773844.17155 110930413.588 140384222.51474 87412633.94907 103265909.91293001 75890138.78694 104664284.11941001 108225019.77517 86746696.09848 85628940.05135001 63802585.22501001 43321823.31372 53549977.3842 64214743.30741 35457083.73183 23096865.320210002 67251206.33995 78494061.21595 32086651.4921 0 12642372.85111 73241289.32079 128927179.45288 
81807798.45579 73733038.27608 67996865.48423 61358484.73888999 48708041.839669995 66017397.37710999 70964795.79571 84283695.73344 95293976.45667 79603898.23958 82543393.32031 109347397.00521 115616507.49363999 94798140.39996 77691714.57889 75020594.48735 89051148.38690999 90283773.93812999 98288040.73689 127741849.66363001 100055006.80018 106665937.59834 63247765.93583 92373438.21552001 95582646.92406 74104323.24737 81715871.98776999 76444958.07612 55964196.16483 66192350.23531 51572370.456300005 22814710.88072 10454492.4691 54960360.43606 65851688.36484 44729024.34321 12642372.85111 0 60598916.46968 116636333.54899 
61976275.52003 70051035.69974 86253238.65226 51220110.651549995 38569667.75233 55879023.28976999 66561396.212139994 79956047.46384999 97460830.49399 82689870.88964999 64595450.22983 96259400.11041 111874289.74033 76556472.67547 59450046.8544 62121166.94594 87361449.19852 80145399.85079 93645342.36215 112330493.76624 103140979.45024998 96527563.511 117920344.11216 87750633.67785999 91754360.44124 72699145.17603 85065635.32639 100227604.22143 79746842.31014 108090660.10942 66541865.16454 37784205.58896 50144424.00058 73850787.33741 80821183.07308 84739221.57112 73241289.32079 60598916.46968 0 60662146.86315 
42914847.7682 50989607.94791 80840296.48017001 80242800.8071 67928291.70932001 85237647.24676001 95920020.16913001 109314671.42084001 114321441.37149999 107427697.96289 93954074.18682 140544351.90304 95383279.39987001 105915096.63246001 88808670.81139001 91479790.90293 111035266.73324999 51317511.60786 37817569.0965 93038562.10808 117788945.42793 111089972.19525 111985256.66968 116773323.83341 120777050.59679 102057769.13302 94744513.28057998 116570868.10691999 108769532.46568999 118066618.48519 99213625.75702001 98446352.45210999 110806570.86373 103209411.2944 135356920.74120998 110379079.70414 128927179.45288001 116636333.54899001 60662146.86315 0 
