30
53 23 72 10 1 73 5 70 33 68 42 66 13 17 29 7 44 41 16 74 27 2 87 26 98 99 40 25 14 0
0 5.0 25.0 48.0 27.0 17.0 15.0 18.0 70.0 53.0 63.0 58.0 60.0 67.0 58.0 55.0 44.0 47.0 60.0 22.0 19.0 59.0 46.0 47.0 53.0 73.0 93.0 62.0 51.0 37.0 
5.0 0 20.0 43.0 22.0 12.0 10.0 13.0 65.0 48.0 68.0 53.0 55.0 62.0 53.0 50.0 39.0 45.0 55.0 17.0 14.0 54.0 41.0 42.0 48.0 68.0 88.0 57.0 52.0 42.0 
25.0 20.0 0 23.0 42.0 32.0 30.0 33.0 85.0 68.0 64.0 42.0 35.0 52.0 73.0 70.0 59.0 65.0 75.0 37.0 34.0 73.0 61.0 62.0 58.0 67.0 83.0 77.0 62.0 61.0 
48.0 43.0 23.0 0 43.0 53.0 53.0 56.0 108.0 91.0 55.0 65.0 58.0 75.0 83.0 80.0 68.0 74.0 74.0 60.0 57.0 63.0 74.0 75.0 69.0 84.0 103.0 76.0 39.0 53.0 
27.0 22.0 42.0 43.0 0 10.0 32.0 35.0 87.0 70.0 46.0 68.0 77.0 60.0 74.0 71.0 59.0 65.0 65.0 39.0 36.0 72.0 63.0 64.0 60.0 69.0 92.0 61.0 30.0 44.0 
17.0 12.0 32.0 53.0 10.0 0 22.0 25.0 77.0 60.0 56.0 65.0 67.0 50.0 65.0 62.0 51.0 57.0 67.0 29.0 26.0 66.0 53.0 54.0 59.0 59.0 82.0 51.0 40.0 54.0 
15.0 10.0 30.0 53.0 32.0 22.0 0 3.0 55.0 38.0 65.0 43.0 65.0 69.0 52.0 49.0 32.0 38.0 48.0 10.0 7.0 47.0 31.0 32.0 50.0 61.0 81.0 50.0 55.0 49.0 
18.0 13.0 33.0 56.0 35.0 25.0 3.0 0 52.0 35.0 62.0 40.0 68.0 72.0 55.0 52.0 35.0 41.0 51.0 13.0 10.0 50.0 28.0 29.0 50.0 64.0 81.0 53.0 58.0 52.0 
70.0 65.0 85.0 108.0 87.0 77.0 55.0 52.0 0 17.0 76.0 84.0 119.0 124.0 86.0 83.0 66.0 62.0 64.0 60.0 62.0 102.0 80.0 81.0 68.0 93.0 116.0 97.0 70.0 84.0 
53.0 48.0 68.0 91.0 70.0 60.0 38.0 35.0 17.0 0 67.0 75.0 103.0 107.0 76.0 75.0 59.0 53.0 50.0 43.0 45.0 85.0 63.0 64.0 59.0 84.0 107.0 88.0 61.0 75.0 
63.0 68.0 64.0 55.0 46.0 56.0 65.0 62.0 76.0 67.0 0 22.0 60.0 69.0 28.0 25.0 42.0 44.0 68.0 64.0 67.0 77.0 37.0 36.0 35.0 29.0 52.0 21.0 42.0 56.0 
58.0 53.0 42.0 65.0 68.0 65.0 43.0 40.0 84.0 75.0 22.0 0 38.0 55.0 38.0 35.0 45.0 51.0 57.0 53.0 50.0 55.0 26.0 25.0 16.0 25.0 41.0 43.0 46.0 60.0 
60.0 55.0 35.0 58.0 77.0 67.0 65.0 68.0 119.0 103.0 60.0 38.0 0 17.0 64.0 61.0 78.0 84.0 55.0 69.0 69.0 52.0 64.0 63.0 54.0 63.0 79.0 81.0 75.0 89.0 
67.0 62.0 52.0 75.0 60.0 50.0 69.0 72.0 124.0 107.0 69.0 55.0 17.0 0 47.0 44.0 61.0 67.0 72.0 79.0 76.0 69.0 81.0 80.0 71.0 80.0 96.0 90.0 71.0 85.0 
58.0 53.0 73.0 83.0 74.0 65.0 52.0 55.0 86.0 76.0 28.0 38.0 64.0 47.0 0 3.0 20.0 26.0 50.0 42.0 45.0 77.0 53.0 52.0 51.0 45.0 50.0 49.0 67.0 74.0 
55.0 50.0 70.0 80.0 71.0 62.0 49.0 52.0 83.0 75.0 25.0 35.0 61.0 44.0 3.0 0 17.0 23.0 47.0 39.0 42.0 74.0 50.0 49.0 48.0 42.0 53.0 46.0 64.0 71.0 
44.0 39.0 59.0 68.0 59.0 51.0 32.0 35.0 66.0 59.0 42.0 45.0 78.0 61.0 20.0 17.0 0 6.0 30.0 22.0 25.0 57.0 63.0 64.0 61.0 52.0 70.0 53.0 47.0 54.0 
47.0 45.0 65.0 74.0 65.0 57.0 38.0 41.0 62.0 53.0 44.0 51.0 84.0 67.0 26.0 23.0 6.0 0 36.0 28.0 31.0 63.0 69.0 68.0 67.0 58.0 76.0 59.0 53.0 48.0 
60.0 55.0 75.0 74.0 65.0 67.0 48.0 51.0 64.0 50.0 68.0 57.0 55.0 72.0 50.0 47.0 30.0 36.0 0 52.0 51.0 59.0 79.0 80.0 73.0 65.0 88.0 65.0 61.0 72.0 
22.0 17.0 37.0 60.0 39.0 29.0 10.0 13.0 60.0 43.0 64.0 53.0 69.0 79.0 42.0 39.0 22.0 28.0 52.0 0 3.0 53.0 41.0 42.0 60.0 67.0 87.0 56.0 51.0 59.0 
19.0 14.0 34.0 57.0 36.0 26.0 7.0 10.0 62.0 45.0 67.0 50.0 69.0 76.0 45.0 42.0 25.0 31.0 51.0 3.0 0 50.0 38.0 39.0 57.0 64.0 84.0 53.0 48.0 56.0 
59.0 54.0 73.0 63.0 72.0 66.0 47.0 50.0 102.0 85.0 77.0 55.0 52.0 69.0 77.0 74.0 57.0 63.0 59.0 53.0 50.0 0 41.0 42.0 63.0 80.0 78.0 71.0 49.0 63.0 
46.0 41.0 61.0 74.0 63.0 53.0 31.0 28.0 80.0 63.0 37.0 26.0 64.0 81.0 53.0 50.0 63.0 69.0 79.0 41.0 38.0 41.0 0 1.0 22.0 51.0 67.0 58.0 52.0 61.0 
47.0 42.0 62.0 75.0 64.0 54.0 32.0 29.0 81.0 64.0 36.0 25.0 63.0 80.0 52.0 49.0 64.0 68.0 80.0 42.0 39.0 42.0 1.0 0 21.0 50.0 66.0 57.0 51.0 60.0 
53.0 48.0 58.0 69.0 60.0 59.0 50.0 50.0 68.0 59.0 35.0 16.0 54.0 71.0 51.0 48.0 61.0 67.0 73.0 60.0 57.0 63.0 22.0 21.0 0 41.0 57.0 56.0 30.0 44.0 
73.0 68.0 67.0 84.0 69.0 59.0 61.0 64.0 93.0 84.0 29.0 25.0 63.0 80.0 45.0 42.0 52.0 58.0 65.0 67.0 64.0 80.0 51.0 50.0 41.0 0 23.0 50.0 71.0 76.0 
93.0 88.0 83.0 103.0 92.0 82.0 81.0 81.0 116.0 107.0 52.0 41.0 79.0 96.0 50.0 53.0 70.0 76.0 88.0 87.0 84.0 78.0 67.0 66.0 57.0 23.0 0 73.0 87.0 99.0 
62.0 57.0 77.0 76.0 61.0 51.0 50.0 53.0 97.0 88.0 21.0 43.0 81.0 90.0 49.0 46.0 53.0 59.0 65.0 56.0 53.0 71.0 58.0 57.0 56.0 50.0 73.0 0 63.0 77.0 
51.0 52.0 62.0 39.0 30.0 40.0 55.0 58.0 70.0 61.0 42.0 46.0 75.0 71.0 67.0 64.0 47.0 53.0 61.0 51.0 48.0 49.0 52.0 51.0 30.0 71.0 87.0 63.0 0 14.0 
37.0 42.0 61.0 53.0 44.0 54.0 49.0 52.0 84.0 75.0 56.0 60.0 89.0 85.0 74.0 71.0 54.0 48.0 72.0 59.0 56.0 63.0 61.0 60.0 44.0 76.0 99.0 77.0 14.0 0 
