66
CF AM EJ BX DP BF AH AW CC AS GO FI BY BE G BA CB FO EK DT AK AX I AB FM FU CH FX DN EY EV AG ED CV CW BB L DY FH BR AU CZ DB GJ EM FJ BO FY FE CO GI CT EQ CE DS EB DC U DK DI EL BL FD CA B K
0 92431055.60971 492085712.32107997 554057743.52602 625874990.83565 490142771.40487 520854220.79755 475898486.76811004 728147492.0283 697735281.2707901 769392804.69531 895253874.55633 1183388959.65133 1174339069.29894 1117718811.49953 1036793683.44923 1088842321.04125 1098481013.72743 1014876168.24289 1046426821.3208 1139621020.01866 1050792457.14748 997246152.49698 1039370702.39295 952621652.5767801 952266846.3018601 1018955365.5032201 1015013900.20818 877875890.1508901 771732480.06196 828803837.09899 1007332589.23714 1040226757.2580302 1237412087.45077 1259116463.95327 1205547707.45939 1245042234.91961 1191930039.80161 1272536598.06811 1314010916.48282 1331344630.47206 1412940195.64985 1393741737.71364 1312776645.55126 1617689946.64726 1376377091.06494 1261630262.77131 1335504303.88975 1277508204.86423 1341191846.28545 1200884283.16846 1000793994.51127 827923382.5487499 793413843.02417 603330756.95484 463550025.72318 443758021.87759995 351273028.61156 494549208.30541 369054962.99039 368704489.72922 338494679.29242 326798605.48307997 340963070.48775 306723799.64911 292798034.07107 
92431055.60971 0 413845962.707 529659215.31494 587516465.81191 459879797.11682 521257626.67004 470934611.68535 712671929.5622 716788489.3644199 840038937.86361 966181165.03788 1246691780.86037 1233580091.67019 1186775924.37523 1105649456.88297 1164123990.21659 1184256893.63685 1097720607.9732 1129748352.5073302 1204444257.04596 1109291059.81784 1041133944.8568 1057700519.19984 965480505.31586 952238263.53737 1018504589.77016 1007080936.91259 878632805.58921 751205020.71206 795174774.87476 979322388.33699 991130211.82424 1199860302.96869 1223724314.07462 1166625407.86576 1200736002.3924599 1166852985.06985 1262377623.57707 1311757221.60696 1340225839.1125 1426551410.98091 1419568262.11085 1343375099.3488 1651404188.05702 1405703731.79627 1300937688.62621 1388197991.75632 1322663063.1084 1364465281.41883 1229618134.27524 1031385889.33619 859477241.53898 815204652.8950701 666936455.13213 524681588.88872004 496052799.39262 443704084.22126997 580640266.85505 461486018.6001 449868000.42806 351850258.28759 234367549.87337 267106090.55278 299470732.4894 337740977.19064 
492085712.32107997 413845962.707 0 159410789.9334 238645225.00921 260114259.4213 369175535.07888 401471824.86913 447757637.71956 602453855.55553 930664120.05756 1074258342.13881 1272060059.18488 1256095654.96479 1266237634.33511 1188311250.4888499 1270369604.19525 1342324561.5852 1275245632.64392 1303003326.06947 1261592289.1876202 1116250403.23332 972011106.18433 889459345.70909 787887400.16328 714835418.03106 772975546.09821 735335004.8729401 654284249.9982901 443937265.70327 444995053.79872 633180196.2857 590909092.71814 820524211.7147 845757330.69801 784690422.30401 805601630.58641 823732681.31141 964435000.88291 1040757009.48342 1111381712.13581 1212715672.39645 1259180885.7512999 1204254646.79324 1517007380.23262 1261022654.29443 1209841756.69113 1360964824.1774 1259456996.29519 1195464500.56004 1094827712.87906 919216355.76533 762537929.8238499 691291687.4302 694953309.17141 636582826.49429 607954036.99819 627355365.00419 827782599.03618 737378548.22579 566075541.66574 369705591.53824 272166734.15922 151122641.83333 294146907.91295 393009644.41603 
554057743.52602 529659215.31494 159410789.9334 0 79234435.07581 100703469.4879 209764745.14548 251035543.04701 325251227.93582 461857333.34627 837371005.77635 980785721.9372901 1150815144.43636 1134852184.83271 1158080054.51779 1084849170.82486 1173700763.31119 1262594056.71718 1207310981.03297 1229112077.14373 1146439053.62599 998296965.30333 835018036.91183 735479677.02912 649085837.31128 555620910.85426 613564756.16481 576495959.55015 494873460.06489 285880775.87061 300381153.64757 489398627.64757 491341037.0093 697427787.64964 720855988.11268 664374733.18701 698401679.15977 679632313.39919 809892710.08529 882886612.51035 952005344.14876 1053598489.38604 1103075083.42798 1050280232.8482699 1362682533.42984 1106605594.02278 1063896404.73408 1224107889.8835702 1120147481.02555 1038910543.70164 941104489.0179 773579607.11512 622589159.63502 551458511.25313 602811431.19206 573804603.68211 549520912.35999 601320596.66714 800686694.9044 731796876.85079 558750438.85382 327941601.68159 295291665.44157 277314784.27869 435641182.71369994 534526969.60893995 
625874990.83565 587516465.81191 238645225.00921 79234435.07581 0 154012036.99095 249950809.78888 281846286.38245 246016792.86001 456271266.59125 860054484.76341 1001601632.3555 1150189273.21037 1133982230.35371 1168405164.50129 1097848671.41834 1190417919.52359 1288639653.62763 1232344899.05505 1261023576.7095098 1151241390.284 989734736.35208 821870924.5237 699304190.06711 603302198.5083699 513094573.17151 566912463.82728 517209036.03264 451682239.36708 231048818.61415002 321473645.43271 447975820.18893003 414565515.92609 618203608.78168 641621553.03687 615355953.02694 619167244.08396 603657932.24541 741484548.11255 820376440.1915101 897425453.77075 1000928550.27858 1061998003.01212 1014629244.34098 1324401123.41106 1068981610.23767 1039069717.14992 1210370574.9197 1098669051.59728 1000569553.7110499 911784682.6835301 757943843.01984 610815866.53356 534318643.6074 628277622.1735599 618805072.67315 593475089.03537 659557789.06899 853884267.47618 791642864.47216 621443441.27593 386178794.08343995 372211243.6182 353409287.09623 509047216.12052 606596383.20447 
490142771.40487 459879797.11682 260114259.4213 100703469.4879 154012036.99095 0 121344934.71298 150332073.55911 268830114.45923996 386885433.90601003 741419318.88133 885634205.02539 1064846676.52457 1048736075.9387 1065146960.12742 990603242.97927 1077811597.69261 1163398790.19689 1108108323.2414799 1128408607.65583 1055236556.56706 905173632.14114 759976920.63253 690856819.48217 584206984.4272 527803099.94292 590520060.38692 565020111.7173 473809902.80233 291325223.59524 354756739.60006 519442591.22017 562367188.54693 747600266.48951 769655846.34408 717702003.49502 759732329.44031 709995076.24588 812402432.62678 873840373.07272 926660204.22122 1026010129.6109 1062536839.3458099 997398521.80032 1311456653.13435 1056890314.7421199 998656999.43488 1147796194.0029 1047404286.41881 1000846597.84802 885825847.69991 708208192.54085 548501661.35723 479776701.47999 510704216.89779 473147936.787 448965927.96109 505545752.07804 702877084.47357 637802947.41868 468630285.85533 232166757.09249 228900737.14209 280013295.76896 436071919.10898 526193369.27351 
520854220.79755 521257626.67004 369175535.07888 209764745.14548 249950809.78888 121344934.71298 0 50323014.98469 207293271.23075 265540499.19303 630271637.73164 774361871.4104301 943501741.81159 928104237.31816 948328637.39913 875555137.31215 965469679.6066 1058581625.1556901 1000887130.5061101 1025258662.60076 936748502.06131 795112435.20383 639378956.44243 578218475.71373 478499571.07075 464277693.84087 508586033.73429 495892551.27475 370555781.29807 260481325.40312 343136273.68844 500754383.05379 597411353.28023 746508962.45246 764997985.37414 719543288.8375599 774951504.96 681506109.03624 752575485.54778 800607657.51354 840377450.95403 935462729.64834 949898495.5773699 898529717.23351 1200859144.26455 945829508.08659 881020426.19629 1026924362.6677499 927671192.83351 888948876.8822 773479398.66989 591415124.83799 440604297.28414 361764018.43064 396387580.6652 388761630.58595 369718063.59867 449495162.84463 642588405.2092899 593520576.5438399 435718404.68930995 220121907.83941 321959780.5729 381419610.39998 530354106.56318 612870610.15036 
475898486.76811004 470934611.68535 401471824.86913 251035543.04701 281846286.38245 150332073.55911 50323014.98469 0 255538452.08641 298641486.65308 605701284.7987599 749193759.5323 937502159.73018 920871048.2469101 932325646.11281 857473023.97134 945406768.93645 1030114703.62199 987566672.2588999 997350265.9858799 925898288.66273 784693640.55434 644506662.913 603015198.3241899 505250741.83381003 481303651.85202 547593818.64057 539146375.01248 410084372.74434 310804340.38781 392908498.95389 550876305.79 644182280.84648 796831977.43715 815247322.58874 769397402.90457 824772925.37153 729196074.7514701 796993460.76334 842035931.8352901 875655557.9961699 961917681.9467599 973214361.8948699 905684849.09697 1220223767.21784 966777484.00419 895422624.29114 1028497341.10102 935609300.28076 914471855.65264 792857970.2147801 605569877.85541 444248565.03004 375918771.44806 369990473.91261 355192177.80797 326563388.31187 447036423.1034 592265390.2246 543197561.55915 442539884.31861997 206267951.55581 272123090.60827 364187292.34765 508045185.00294 589208910.41554 
728147492.0283 712671929.5622 447757637.71956 325251227.93582 246016792.86001 268830114.45923996 207293271.23075 255538452.08641 0 282383865.88072 706812932.3717 836963514.12471 937783247.89517 920739401.23279 978191703.13781 919522354.92851 1015225525.0699201 1131394691.89586 1087749542.84379 1108791017.77067 949678704.97846 779196225.44467 593674914.45133 453382228.29353 360434198.44275 267077780.3115 326936985.32924 299104144.47556 208863776.87954 76804835.96171 185755021.57194 340071263.75613 448326887.96017 554946097.35102 582476425.36171 531308068.04757 597179242.37134 489737938.20948005 550075617.06852 607924405.8309801 665095281.97181 764958034.67689 816779087.95221 768612451.48097 1078704323.89231 823136124.80504 797627271.3293099 981037585.0604 860786715.03563 754552760.8510399 668916682.61791 512426077.75437 389846082.47981 311005803.62631 491904629.24002004 539521609.27857 546775667.10637 629899564.75601 802731119.61126 775761045.01259 626827292.4315 406368294.27260995 492497197.61071 547123165.38712 701525854.45582 793424634.25675 
697735281.2707901 716788489.3644199 602453855.55553 461857333.34627 456271266.59125 386885433.90601003 265540499.19303 298641486.65308 282383865.88072 0 451922852.3535 579645663.27018 694482939.2234 680170490.17242 721326703.69142 655460677.38104 753171138.50063 874454750.4230399 833443195.65898 853125154.51862 699942893.21785 538602478.0237501 461592637.93568003 467232964.41706 254886371.30599 297866823.92018 359693902.33699 394377559.33048004 275579249.74701 359013343.50705 442122527.22351 521376636.20247 700416272.43223 765702751.32651 776632144.01282 756191166.4699 826482911.7688501 644673417.42047 635173220.02848 645689159.71211 638813996.4380801 716480322.57162 715776309.97391 632989218.04048 946458135.87242 694936603.05793 616923243.62587 774320775.8367699 662133008.74425 648976065.19796 524572096.11258996 409430772.36542 249161748.19487 322298154.30727 295460576.99862003 354062712.64369 352549560.36802 483362007.79219997 610647263.0549 619962750.56062 514132536.77668 420192629.81083 543798447.14404 639711303.8645899 784413406.96189 868996655.01812 
769392804.69531 840038937.86361 930664120.05756 837371005.77635 860054484.76341 741419318.88133 630271637.73164 605701284.7987599 706812932.3717 451922852.3535 0 144214886.14406 418779976.13199 436634278.98272 352637662.09279 271509242.86838 375065095.25529003 429166464.87941 381865387.46014 402714826.06119 390084719.68563 364889105.88224 380455052.31551 593427529.13226 576682962.0857 697135579.95677 740306560.2414 793635249.11697 651750453.02262 783617768.33341 891610327.06639 960999084.66175 1151996810.02252 1205840194.51118 1213239822.51916 1192887521.1422899 1273023200.50723 1064920839.44569 1002607318.6331 967739016.54848 891036839.22931 921765053.99269 813168119.37867 714345112.23465 980016928.963 773092160.82592 601747981.27533 595556050.82379 580009192.39511 786208672.11923 628170357.4909 467644569.31028 391737226.61166 446078309.26867 235710810.88615 318052953.14437 346196723.92972 419528552.34701 393367458.13066995 487186899.91753995 508379729.02729 582890900.9040799 781643673.87475 901534649.76212 991954564.63199 1029343436.18993 
895253874.55633 966181165.03788 1074258342.13881 980785721.9372901 1001601632.3555 885634205.0253899 774361871.4104301 749193759.5323 836963514.12471 579645663.27018 144214886.14406 0 342664177.02757 324809874.17684 224251551.33906 305379970.56347 369222154.53246 294809087.15286 263976003.07111 296003747.60524 259348043.55087 439592092.75611 420077207.338 663802155.1263499 675947106.69643 808317605.09711 841777848.11929 896280699.43031 762163605.64894 912562706.18107 1021768190.49369 1077791149.27484 1279021262.00898 1316469388.67853 1321883365.43291 1307047923.8217301 1389560927.7718 1175915723.5019002 1087496398.81797 1035232513.34184 939789805.20793 954618983.8385 821214224.25102 722391217.107 938186880.41815 775241926.0909 589711792.33031 528329269.42439 572317631.24764 806753814.39591 653611298.54014 526959069.37464 493156259.11763 558922842.18314 379305032.9674 462267839.28843 485027381.17617 543980845.94477 537582344.27473 570545221.65597 652594615.17135 712983169.74451 923613610.91055 1043792890.00048 1130825461.60427 1165090336.03981 
1183388959.65133 1246691780.86037 1272060059.18488 1150815144.43636 1150189273.21037 1064846676.52457 943501741.81159 937502159.73018 937783247.89517 694482939.2234 418779976.13199 342664177.02757 0 17854302.85073 183514141.49503002 197224818.14232 249551474.82976997 428463889.1655899 465618739.43519 455975868.75571 86536713.65799 268105085.38629997 358929891.25215 602626018.6275799 653520457.86957 803259100.0915 816121102.46748 886455427.7462 796492915.75069 1003794342.69182 1106730097.52856 1106878217.40168 1338772636.52203 1312838437.3624 1311447630.11585 1311846623.25543 1401088737.54335 1144213431.1576998 1003746797.74383 925152155.57432 796868536.16314 771966885.94465 600251850.32605 512197118.20998 644512141.27769 549005147.92401 358111885.57562 211143196.78386 279446758.6024 609293218.26801 491418572.85242 516737242.94168 548748735.61727 626777444.26886 599611824.79239 727788901.8312 752573226.17545 838308528.4790001 779064917.8983699 886809463.15653 927159705.1592801 945051466.33615 1159310813.87696 1274646940.36487 1383655630.16342 1431033853.78476 
1174339069.29894 1233580091.67019 1256095654.96479 1134852184.83271 1133982230.35371 1048736075.9387 928104237.31816 920871048.2469101 920739401.23279 680170490.17242 436634278.98272 324809874.17684 17854302.85073 0 165659838.6443 200344241.08729 257831465.53712 434719289.21641 476381849.55866003 464579795.49797 104391016.50872 285959388.23702997 341131511.78139 584771715.77685 635678316.16364 785416958.38557 798266799.61675 868601124.89547 778694536.27993 987336440.5199499 1089381778.03429 1089055022.05592 1321561987.70073 1294984134.51167 1293593327.26512 1294004409.89026 1383274901.01092 1126359128.30697 988683452.01493 925370939.04674 782309097.74667 757333189.25446 587092636.8132 497149422.6986 637783162.2452099 533710902.59329 375966188.42635 228997499.63459 297301061.45313 594879300.13696 473564270.00169 498882940.09095 530894432.76654 609733597.60648 587130262.67271 711542952.67864 738124254.42501 829889463.2772601 771221299.56871 895355095.8328099 909971391.33449 931898100.31719 1146048694.03015 1261458583.94996 1371104825.49434 1419273012.07337 
1117718811.49953 1186775924.37523 1266237634.33511 1158080054.51779 1168405164.50129 1065146960.12742 948328637.39913 932325646.11281 978191703.13781 721326703.69142 352637662.09279 224251551.33906 183514141.49503002 165659838.6443 0 81128419.22441 148346992.05699 269395390.36668 326849614.32012 299226411.30154 112817411.60634999 290240615.24763 443698303.81478 701373555.54313 733784096.38073 881255756.39872 902045795.8903 970529661.62383 861008304.32039 1047587284.8222 1156005165.11412 1178867770.55896 1401955279.74994 1399770952.26799 1401084757.68748 1395281897.06459 1482463901.83705 1237158650.17721 1121291944.72412 1046475548.3489 947968936.39097 913030582.07684 752491177.44957 662809261.3429 802065249.0452499 696865383.24639 505349341.89075 365061677.23749 434907543.32272 752143638.93529 639224108.64599 561252262.43188 603381894.5412099 682222048.55344 571284325.1637 670682609.7021401 698834386.02251 766463914.04635 674517453.41655 793883457.81784 852671282.26448 918464415.1816299 1130245811.9576402 1249120503.54801 1344451470.84175 1381981098.28272 
1036793683.44923 1105649456.88297 1188311250.4888499 1084849170.82486 1097848671.41834 990603242.97927 875555137.31215 857473023.97134 919522354.92851 655460677.38104 271509242.86838 305379970.56347 197224818.14232 200344241.08729 81128419.22441 0 103555852.38691 282468266.72273 286671217.73044 318698962.26457 118575476.81725 209112196.02322 408508537.44038 665800581.33285 689165761.92913 833425006.24101 859015991.8982 925832274.1089699 808033408.25665 995801559.15544 1093769485.6517498 1126759132.25407 1342459421.90108 1353845419.88948 1356772469.06839 1347408714.19459 1433516881.76838 1195070715.44136 1084961423.1528 1025839907.8745501 909878476.64815 909263583.19157 754701542.78868 658892862.8785801 833008833.375 704419103.03027 513186117.80624 407197951.07469 450940981.03197 753549111.27055 615303175.02257 525291688.01013 539359551.40203 618199830.25553 493357941.31744 589554190.47773 617705966.7981 685520654.83767 598849381.7402999 720094923.0364599 771654994.41774 840538031.33537 1050581390.25788 1169775627.17635 1263323051.61734 1300852679.05831 
1088842321.04125 1164123990.21659 1270369604.19525 1173700763.31119 1190417919.52359 1077811597.69261 965469679.6066 945406768.93645 1015225525.0699201 753171138.50063 375065095.25529003 369222154.53246 249551474.82976997 257831465.53712 148346992.05699 103555852.38691 0 178912414.33582 268995710.88961 254913496.43229 163014761.17178 312668048.41013 512064389.82729 769356433.71976 792711076.27422 936833022.8327899 962571844.28511 1028926439.79101 910889355.36009 1084242082.75158 1193142156.93166 1229621547.05703 1443753706.56642 1457363489.87778 1459951730.97098 1450816730.78637 1536793456.82665 1298569212.5138 1186642241.99741 1128146949.55423 1007788672.37133 1001227960.11607 838055855.36365 747781535.81972 893270116.16898 786190046.93711 594674005.58147 460694671.61362994 523556470.01928 839051315.51999 703223724.21228 628847540.39704 642915403.78894 721755682.64244 575416295.02384 656976901.46031 685504240.8838 744439721.54228 629662479.50365 750070645.01599 830424562.2038901 913210722.80793 1123999768.624 1244149643.01 1329927083.05764 1361221290.13705 
1098481013.72743 1184256893.63685 1342324561.5852 1262594056.71718 1288639653.62763 1163398790.19689 1058581625.1556901 1030114703.62199 1131394691.89586 874454750.4230399 429166464.87941 294809087.15286 428463889.1655899 434719289.21641 269395390.36668 282468266.72273 178912414.33582 0 90083296.55379 76001082.09647 341927175.50759995 479708151.79191 676403091.80529 932505741.5557699 947164451.57238 1086440048.45528 1117662729.88583 1182950783.86558 1053416943.82644 1207371768.0748901 1316388497.3726199 1370672810.13276 1573809021.69926 1606080440.70491 1610782951.95364 1597060786.66674 1680934780.96184 1453717453.42899 1352469458.08534 1294706704.6603801 1180642897.69348 1176685128.50684 1016895760.63806 923248975.72025 1068698091.5380001 964860273.92746 773575675.65383 626480083.24592 701449436.41111 1017492361.41958 879718203.64511 792624565.3545201 783169121.96264 850925231.21273 662212503.72441 709474073.7628601 737593056.43303 762266778.3079001 608946756.44018 737472576.59195 856347330.71943 974950564.5864 1176778112.29414 1297517224.7993898 1365351135.80389 1385044015.1508598 
1014876168.24289 1097720607.9732 1275245632.64392 1207310981.03297 1232344899.05505 1108108323.2414799 1000887130.5061101 987566672.2588999 1087749542.84379 833443195.65898 381865387.46014 263976003.07111 465618739.43519 476381849.55866003 326849614.32012 286671217.73044 268995710.88961 90083296.55379 0 32027744.53413 379084608.65277 495783413.75366 673266441.93155 927778158.19746 929099968.09135 1063048099.39232 1098896352.08573 1159558834.80262 1025524260.54316 1164554378.8055 1273475714.52653 1338812601.41216 1533859468.09121 1579421014.99887 1585229475.0360298 1568412764.61294 1650388280.20888 1431581732.5018601 1344411715.1394 1292039590.66102 1190529855.65202 1195934800.92201 1041314192.5065 945564080.60902 1110123646.31805 991090320.76071 799857335.53668 674347708.606 735001067.71532 1040220329.0009899 901974392.75301 790935072.44575 756630124.72226 820053512.57829 617576198.34629 640138542.6184 668767332.1144999 746461178.0975701 586854472.43607 715308587.64097 766264034.16564 906635987.0378201 1104859307.91905 1223884963.72344 1285745857.31675 1301833785.15959 
1046426821.3208 1129748352.5073302 1303003326.06947 1229112077.14373 1261023576.70951 1128408607.65583 1025258662.60076 997350265.9858799 1108791017.77067 853125154.51862 402714826.06119 296003747.60524 455975868.75571 464579795.49797 299226411.30154 318698962.26457 254913496.43229 76001082.09647 32027744.53413 0 369725589.5064 492881894.24393 701200962.79265 932646074.86027 941357655.92981 1077572686.93047 1111531584.12418 1172482919.97987 1040575383.08007 1184826329.417 1294136622.48627 1359257676.8754 1553519404.19538 1594898588.51453 1600222501.38472 1586879687.045 1667153042.60446 1445077472.91449 1353625300.05941 1298784220.94114 1193822636.7348099 1192898958.45448 1038792937.01349 943683332.63868 1100050798.00379 987877207.9848499 796361166.62921 664288088.5390301 728777962.95599 1035764303.68729 893608546.5940101 793208959.99986 787185608.60003 841476288.09124 638425636.94734 668188091.06851 696816880.56461 728973201.81823 554826727.90194 683280843.10684 798291778.69977 934393680.4633701 1135304641.15372 1253224921.8842 1316978036.49917 1333861529.69372 
1139621020.01866 1204444257.04596 1261592289.1876202 1146439053.62599 1151241390.284 1055236556.56706 936748502.06131 925898288.66273 949678704.97846 699942893.21785 390084719.68563 259348043.55087 86536713.65799 104391016.50872 112817411.60634999 118575476.81725 163014761.17178 341927175.50759995 379084608.65277 369725589.5064 0 181568371.72831 394863321.45066 652538573.17901 691454783.7163 837623905.4477 854456771.97748 928149684.48513 822643370.14831 1018909084.10894 1124490851.54672 1138629692.54924 1364568764.47187 1353713638.99614 1353859942.54939 1350572092.10619 1438789189.4847999 1188903986.51758 1062316711.4664301 998847964.10489 860641986.83164 847716899.6485701 679525545.27926 587941444.89415 731039037.66528 627606169.3675799 444648599.23361 297679910.44185 365983472.26039 687668954.48571 577955286.51041 512234078.8935 567589343.24707 646429622.10057 599066883.80311 695161754.73769 710921167.39867 789008671.42508 712929403.06301 829893265.20684 876571121.72708 919677362.64464 1134249101.70179 1251749956.67133 1354079895.00321 1395662172.92449 
1050792457.14748 1109291059.81784 1116250403.23332 998296965.30333 989734736.35208 905173632.14114 795112435.20383 784693640.55434 779196225.44467 538602478.0237501 364889105.88224 439592092.75611 268105085.38629997 285959388.23702997 290240615.24763 209112196.02322 312668048.41013 479708151.79191 495783413.75366 492881894.24393 181568371.72831 0 213614274.88115 471289526.60950005 512362525.83772 658417625.99712 674533846.94138 746581312.75682 642818122.84114 845266367.3845 949282289.3965 958053199.83677 1185467779.02436 1172266452.25068 1172600996.94131 1169007484.89106 1257220817.75649 1007616021.44018 883981442.22012 817279592.37658 700940742.49088 700151387.16835 552826109.01117 455250823.82911 663237224.0972 504941104.28363 316946443.34239 287792998.63215 425922947.54155 544436915.24733 461901265.24607 330665707.16519 389431566.66838 468252058.89663 454880822.19729996 588066552.2384801 613375119.09301 711547858.92568 681764702.83344 780147166.4767699 790823539.30725 795098001.93059 1008231216.57176 1121845575.98643 1235907621.11019 1287573266.65234 
997246152.49698 1041133944.8568 972011106.18433 835018036.91183 821870924.5237 759976920.63253 639378956.44243 644506662.913 593674914.45133 461592637.93568 380455052.31551 420077207.338 358929891.25215 341131511.78139 443698303.81478 408508537.44038 512064389.82729 676403091.80529 673266441.93155 701200962.79265 394863321.45066 213614274.88115 0 257675251.72835 360447664.62646997 444803351.11597 473329038.67182004 541314086.52627 437563024.49854 665494203.32717 753929636.5457 748801497.87507 980430475.91934 958876053.0792 963323715.5482 959213409.7430501 1044668158.48133 794040665.06692 682617604.55901 618773148.72947 520055470.82355 547165955.6340101 444590367.36543 432578155.77678 625492708.94818 404314145.33373 530560718.22354 389142977.07943 291102637.36776 406757920.17753 248286990.36492 386938057.80619 212430889.74081 287552280.9163 402000049.85165 551417662.48263 568902007.72759 690614788.9644 722200899.70717 793217280.38686 757026635.21154 697758316.26619 912392393.25373 1004843171.12088 1135278503.02581 1199606938.74004 
1039370702.39295 1057700519.19984 889459345.70909 735479677.02912 699304190.06711 690856819.48217 578218475.71373 603015198.3241899 453382228.29353 467232964.41706 593427529.13226 663802155.1263499 602626018.6275799 584771715.77685 701373555.54313 665800581.33285 769356433.71976 932505741.5557699 927778158.1974599 932646074.86027 652538573.17901 471289526.60950005 257675251.72835 0 218410585.80482 282352090.89763 215653786.94347 290534611.40789 252202484.54461 492192181.93840003 576751209.45493 523998955.53862 764518530.91369 711084867.2403 710874352.10041 713614043.15377 803211317.0789 541591301.61913 479340039.21941 474670180.57353 313777102.7465 422862171.00672 371680019.86364 431110629.60962 627651680.65502 371563308.58534 563079349.94098 570994907.8831 437875784.5069 346442499.16021997 504974520.18719995 409216856.40242004 234709688.33704 246515078.45673 517311965.02311 654804241.03075 665146492.51719 795958939.94137 880239535.45154 921323908.35024 838997716.9625599 707377306.69584 875131766.46192 959367190.66028 1107618469.00092 1186919607.2205 
952621652.5767801 965480505.31586 787887400.16328 649085837.31128 603302198.5083699 584206984.4272 478499571.07075 505250741.83381003 360434198.44275 254886371.30599 576682962.0857 675947106.69643 653520457.86957 635678316.16364 733784096.38073 689165761.92913 792711076.27422 947164451.57238 929099968.09135 941357655.92981 691454783.7163 512362525.83772 360447664.62646997 218410585.80482 0 149738642.22193 216436946.17609 246249377.63222998 201203721.47733 395959341.02997 481971420.39464 453749264.39884 692329366.22457 675490897.86824 667606707.13926 661781108.61628 750433998.2565401 518272275.33147 426533993.65513 451286557.84374 468393436.68854 528916108.9725 490852625.81374 535510937.7751 729232774.71756 473137315.76794994 449183283.65815 650838100.08886 521050840.12523 435783428.18354 556827032.1877799 458353998.32221997 390552984.35925 430081614.32422996 486477054.85758996 588874390.7192 599340566.04258 723413326.03798 847167223.62621 857498440.92377 761925614.61878 614637765.24197 777093995.81688 859183694.57473 1008837392.18633 1089076176.66952 
952266846.3018601 952238263.53737 714835418.03106 555620910.85426 513094573.17151 527803099.94292 464277693.84087 481303651.85202 267077780.3115 297866823.92018 697135579.95677 808317605.09711 803259100.0915 785416958.38557 881255756.39872 833425006.24101 936833022.8327899 1086440048.45528 1063048099.39232 1077572686.93047 837623905.4477 658417625.99712 444803351.11597 282352090.89763 149738642.22193 0 66698303.95416 96510735.4103 93721912.5428 285172525.37252 380238164.90794003 304210538.41397 548740673.73133 525752255.64631003 527548362.27973 514410058.62708 605036741.07591 368533633.10954 342932245.60482997 361920471.01374 405126929.89750004 500285747.13785005 560037690.27898 593542886.06997 829097277.01221 572986477.83855 598921925.88008 792272708.9923 661009934.16028 493815376.47841 428607564.4061 334203852.69327 415319892.95581996 372944363.76497996 568555471.55639 651927871.64179 650416384.2882 781228831.71238 907030846.37932 917068868.02268 798452844.8908 614691185.60517 742944611.4034 807784272.07979 963477674.68225 1051317769.76042 
1018955365.5032201 1018504589.77016 772975546.09821 613564756.16481 566912463.82728 590520060.38692 508586033.73429 547593818.64057 326936985.32924 359693902.33699 740306560.2414 841777848.11929 816121102.46748 798266799.61675 902045795.8903 859015991.8982 962571844.28511 1117662729.88583 1098896352.08573 1111531584.12418 854456771.97748 674533846.94138 473329038.67182004 215653786.94347 216436946.17609 66698303.95416 0 75215670.28608 146298004.78692 335863645.21313 391357813.61197996 308345168.59515 554396660.22648 499419754.9865 499486386.2386 497960256.2103 588586938.65913 336054723.54316 276233941.65067 295234820.39692 338440587.98395 441135818.14538 518326103.90877 533687487.25035 784151181.11027 536518001.98718 567019689.0857 785423009.52025 650360065.64437 451553651.52366 405729670.84308 343868139.77619 348621589.00166 306246059.81082 602215591.59885 713063167.79699 712027212.53733 838803660.4938201 968516576.5431001 979436272.75601 863488446.56941 681385081.73221 809642915.3575599 870421921.36624 1026558825.15419 1115353858.86137 
1015013900.20818 1007080936.91259 735335004.8729401 576495959.55015 517209036.03264 565020111.7173 495892551.27475 539146375.01248 299104144.47556 394377559.33048004 793635249.11697 896280699.43031 886455427.7462 868601124.89547 970529661.62383 925832274.1089699 1028926439.79101 1182950783.86558 1159558834.80262 1172482919.97987 928149684.48513 746581312.75682 541314086.52627 290534611.40789 246249377.63222998 96510735.4103 75215670.28608 0 180588765.17738 291848600.93107 330144408.3419 247302544.2854 487372671.23054004 429241520.23601 431037626.86943 425797902.79142 514673776.11545 345339774.82579 346007560.92395 308820261.35542 383315387.97425 489854683.0497 583866254.08943 563601917.13228 849217922.33298 609775566.59252 642235359.37178 860606977.0346 725575735.93045 517126858.7065 479742482.4873 415915605.59163 403196930.12643 350699318.52016 640203226.24816 739707194.76124 735883903.97459 858580696.04492 997489490.55214 1002205699.63598 876512950.83355 680419663.94535 788716789.2269 842172399.53543 999721375.88307 1091213480.99081 
877875890.1508901 878632805.58921 654284249.9982901 494873460.06489 451682239.36708 473809902.80233 370555781.29807 410084372.74434 208863776.87954 275579249.74701 651750453.02262 762163605.64894 796492915.75069 778694536.27993 861008304.32039 808033408.25665 910889355.36009 1053416943.82644 1025524260.54316 1040575383.08007 822643370.14831 642818122.84114 437563024.49854 252202484.54461 201203721.47733 93721912.5428 146298004.78692 180588765.17738 0 239989697.39379 324548724.91032 318735091.95366 543262766.88953 554975872.4029601 562113882.48393 553549622.2210901 627869365.7477 418126339.54284 409075579.90638 436402232.59425 470137988.79471004 564906948.35027 610315763.64504 565165449.85267 872957153.18038 618421474.56047 606662736.26726 805354971.59694 685141827.55986 579265718.03683 506728284.26900995 336743464.29091 417677481.38242996 349455712.97854 485423892.58859 584082280.70489 580631204.71403 704446218.14118 841872094.85932 847344724.48056 730033971.01917 540218293.5891 672742091.57015 739897106.3832 894499543.20826 981067645.32157 
771732480.06196 751205020.71206 443937265.70327 285880775.87061 231048818.61415002 291325223.59524 260481325.40312 310804340.38781 76804835.96171 359013343.50705 783617768.33341 912562706.18107 1003794342.69182 987336440.5199499 1047587284.8222 995801559.15544 1084242082.75158 1207371768.0748901 1164554378.8055 1184826329.417 1018909084.10894 845266367.3845 665494203.32717 492192181.93840003 395959341.02997 285172525.37252 335863645.21313 291848600.93107 239989697.39379 0 109460480.88202 263266427.79442 371523232.53529 506287208.91902 524776231.84070003 462202444.84555 528772360.44115007 421024783.63312 525993222.88552 597005836.63974 672612531.44367 776999463.35851 845210215.6515 805155147.24646 1109289007.46272 856343872.21925 844739836.47709 1045344668.99073 913023253.76728 778755635.02283 702341062.56673 576733161.6847 456442007.75341 377941922.41087 568461722.99501 616326445.24028 598559314.53802 698101863.50121 877833153.15527 843461003.7677699 693416283.66119 461565289.4886 518878158.95667 563195560.1493 721247166.45678 809757198.63061 
828803837.09899 795174774.87476 444995053.79872 300381153.64757 321473645.43271 354756739.60006 343136273.68844 392908498.95389 185755021.57194 442122527.22351 891610327.06639 1021768190.49369 1106730097.52856 1089381778.03429 1156005165.11412 1093769485.6517498 1193142156.93166 1316388497.3726199 1273475714.52653 1294136622.48627 1124490851.54672 949282289.3965 753929636.5457 576751209.45493 481971420.39464 380238164.90794003 391357813.61197996 330144408.3419 324548724.91032 109460480.88202 0 189017474.0 271284763.04051 409914409.97693 430820396.03788 379830289.84304 432071847.62425005 379569959.02571 528075623.09746003 614726885.27694 711833732.36068 819346484.60786 908218670.43947 888258689.0574 1174030198.36348 927865623.31739 930143843.51152 1128109675.92354 1003022260.51987 841489496.91258 780484353.40054 659703863.9798 561191767.8766 485753116.67059 676392500.40591 713882129.86373 698965741.4767001 790777966.27866 972437103.94286 934492470.95264 775014028.13642 540500981.61672 583034016.74193 577695937.92626 733212091.9709 830672863.44451 
1007332589.23714 979322388.33699 633180196.2857 489398627.64757 447975820.18893003 519442591.22017 500754383.05379 550876305.79 340071263.75613 521376636.20247 960999084.66175 1077791149.27484 1106878217.40168 1089055022.05592 1178867770.55896 1126759132.25407 1229621547.05703 1370672810.13276 1338812601.41216 1359257676.8754 1138629692.54924 958053199.83677 748801497.87507 523998955.53862 453749264.39884 304210538.41397 308345168.59515 247302544.2854 318735091.95366 263266427.79442 189017474.0 0 246051491.63133 254440432.48457 268872891.13608 234814530.26743 312024115.84548 190552485.02571 355216839.73034 457556978.10333997 578779542.13358 687864610.3938 806691802.27724 806547735.14756 1069491077.20156 832444231.02481 875364857.68085 1093768178.1153998 958705234.23952 755063980.55943 713139629.507 638414391.09886 588647383.68385 528298582.66239 770257874.42244 836782695.88813 825417919.3395 932116455.32396 1099992206.22082 1078065194.82643 928955156.22603 701831431.58779 745968040.58868 766713411.92626 922223324.44092 1019690337.44451 
1040226757.2580299 991130211.82424 590909092.71814 491341037.0093 414565515.92609 562367188.54693 597411353.28023 644182280.84648 448326887.96017 700416272.43223 1151996810.02252 1279021262.00898 1338772636.52203 1321561987.70073 1401955279.74994 1342459421.90108 1443753706.56642 1573809021.69926 1533859468.09121 1553519404.19538 1364568764.47187 1185467779.02436 980430475.91934 764518530.91369 692329366.22457 548740673.73133 554396660.22648 487372671.23054004 543262766.88953 371523232.53529 271284763.04051 246051491.63133 0 255007914.04112 282538242.05180997 298104343.35398 241035822.22219002 348238914.97237 567740921.47316 676245709.4406 812374698.36002 920520603.17433 1049658855.83852 1039887386.46407 1311181311.30502 1077100100.06033 1121416349.31218 1335062082.41989 1202262208.55347 984066589.4932 958988838.66708 875203156.41599 804101166.92395 729238221.81058 939875180.25002 979525713.3302801 962026787.6912 1045825336.17891 1232076228.48243 1187089452.90498 1022367769.85312 784890177.07025 760434530.1132901 740675856.59054 884598468.84494 982673363.43212 
1237412087.45077 1199860302.96869 820524211.7147 697427787.64964 618203608.78168 747600266.48951 746508962.45246 796831977.43715 554946097.35102 765702751.32651 1205840194.51118 1316469388.67853 1312838437.3624 1294984134.51167 1399770952.26799 1353845419.88948 1457363489.87778 1606080440.70491 1579421014.99887 1594898588.51453 1353713638.99614 1172266452.25068 958876053.0792 711084867.2403 675490897.86824 525752255.64631003 499419754.9865 429241520.23601 554975872.4029601 506287208.91902 409914409.97693 254440432.48457 255007914.04112 0 27530328.01069 92979220.71063 104042527.41329 176438760.78288 395940767.28367 504357635.47976 659824331.40995 760735806.70016 919253311.50426 932130809.91449 1165697194.31199 957551904.3293 1041047907.5195999 1269263756.51165 1130410924.92798 858609428.60657 873327878.02298 843252124.86453 823472671.69339 771017380.21437 1022593651.77056 1091223128.3727 1079858351.82407 1184700169.22535 1354242967.39132 1330573007.03469 1177533544.21955 946818242.62713 965716498.15484 965557702.30504 1114671119.62765 1213533856.13073 
1259116463.95327 1223724314.07462 845757330.69801 720855988.11268 641621553.03687 769655846.34408 764997985.37414 815247322.58874 582476425.36171 776632144.01282 1213239822.51916 1321883365.43291 1311447630.11585 1293593327.26512 1401084757.68748 1356772469.06839 1459951730.97098 1610782951.95364 1585229475.0360298 1600222501.38472 1353859942.54939 1172600996.94131 963323715.5482 710874352.10041 667606707.13926 527548362.27973 499486386.2386 431037626.86943 562113882.48393 524776231.84070003 430820396.03788 268872891.13608 282538242.05180997 27530328.01069 0 65448892.69994 131572855.42398 169283050.48128 388785056.98206997 488825779.85646 649718857.68349 745334409.56274 910691676.0031 922487741.4627 1150545476.12428 945374258.60649 1033892197.2179999 1263253203.26301 1124382670.85393 846812724.93563 866792118.5823 843354526.01479 828727153.15214 767329067.55772 1033493934.90216 1105329283.90866 1094131694.6812 1200761888.95758 1368522482.24889 1346938085.96251 1195181239.06193 965611817.47074 993246826.16553 990047583.45529 1139807188.24188 1238595380.9887 
1205547707.45939 1166625407.86576 784690422.30401 664374733.18701 615355953.02694 717702003.49502 719543288.8375599 769397402.90457 531308068.04757 756191166.4699 1192887521.1422899 1307047923.8217301 1311846623.25543 1294004409.89026 1395281897.06459 1347408714.19459 1450816730.78637 1597060786.66674 1568412764.61294 1586879687.045 1350572092.10619 1169007484.89106 959213409.7430501 713614043.15377 661781108.61628 514410058.62708 497960256.2103 425797902.79142 553549622.2210901 462202444.84555 379830289.84304 234814530.26743 298104343.35398 92979220.71063 65448892.69994 0 90626682.44883 234731943.18122 446116133.62081003 535126169.40384996 677174769.52082 779900960.19246 934247960.8261 944960887.2146199 1183103266.06515 969695349.64204 1064334370.47124 1274168825.69517 1136096646.25779 871932986.32695 882613522.29689 841713508.38305 813891664.7041 748727793.00862 1005051660.24737 1070829677.32614 1060232449.60693 1160136819.72324 1333096283.38786 1305663448.6133199 1150891032.78377 918807905.67679 932485751.81764 930363685.78082 1078743674.58278 1177628926.54736 
1245042234.91961 1200736002.3924599 805601630.58641 698401679.15977 619167244.08396 759732329.44031 774951504.96 824772925.37153 597179242.37134 826482911.7688501 1273023200.50723 1389560927.7718 1401088737.54335 1383274901.01092 1482463901.83705 1433516881.76838 1536793456.82665 1680934780.96184 1650388280.20888 1667153042.60446 1438789189.4847999 1257220817.75649 1044668158.48133 803211317.0789 750433998.2565401 605036741.07591 588586938.65913 514673776.11545 627869365.7477 528772360.44115007 432071847.62425005 312024115.84548 241035822.22219002 104042527.41329 131572855.42398 90626682.44883 0 277522270.44201 488654878.7947 608400162.89305 763866858.82324 864733259.25619 1022063051.59064 1032815687.63838 1269567562.59272 1058680954.79184 1137720539.21731 1364778460.2974 1226723328.70662 960653256.8627 970855357.24079 930586526.2221199 897971907.55767 830925272.29504 1079429280.26631 1136685164.95125 1122928943.73555 1221149256.90573 1398293127.4725 1365637484.2182598 1207022401.44834 971834193.06582 967613326.56776 954660512.71257 1097738121.7778 1196426770.80435 
