18
AW AS U AE I AF P D AL T AN G J Y H AA N AX
0 256909007.8842 481799233.49373996 629822669.21771 582865346.85933 876012523.25833 1019751258.20469 775377957.66716 1053949940.3939 871380397.59818 822874114.70075 865504543.4287701 1158533593.20774 977916005.7413 1095917359.36857 452678379.70392 472374253.13076 234695516.28298 
256909007.8842 0 224890225.60954 372913661.33351 325956338.97513 808006060.94542 929595947.62486 632515958.1874399 881044553.71945 614471389.71398 638070925.27696 935198679.41423 1330764505.94173 1199562728.61072 1315239346.86656 600499367.52819 643964680.04704 491604524.16718 
481799233.49373996 224890225.60954 0 148023435.72397 329310795.64994 600504382.46587 738169040.49733 421305653.71057 657888472.33222 420039000.48679 483470386.42551 822499183.3806 1295536034.67526 1236357228.7674398 1354358582.3947098 587101872.78929 658191754.51358 716494749.7767199 
629822669.21771 372913661.33351 148023435.72397 0 261537060.96016 566427494.62528 711973098.87325 334479876.23368 537716725.76735 440865759.22919 548713597.42789 884440401.76264 1386761227.69111 1351827285.12565 1458063305.11345 735125308.5132599 769959908.03762 733674933.59225 
582865346.85933 325956338.97513 329310795.64994 261537060.96016 0 482049721.97029 604133090.05954 366879540.74183 645364635.2058 288515050.73885 312114586.30183 652047867.05709 1133317920.01041 1108022553.1424599 1196869125.40983 579512728.80175 508422847.07746 520658340.74856 
876012523.25833 808006060.94542 600504382.46587 566427494.62528 482049721.97029 0 148121131.12659 315892656.05459 416043033.13371 194822731.79075 376961074.67686 544574291.25113 1079700255.20278 1203483199.09735 1321484552.7246199 660050924.98819 727460936.24685 920949040.67224 
1019751258.20469 929595947.62486 738169040.49733 711973098.87325 604133090.05954 148121131.12659 0 462367783.12167 564164164.2603 318130040.01054 525082205.80345 431683758.80285 1009159067.30372 1175875741.64552 1243243939.23295 698107068.31026 756666377.60657 973351528.25067 
775377957.66716 632515958.1874399 421305653.71057 334479876.23368 366879540.74183 315892656.05459 462367783.12167 0 278571982.72674 257935312.72747 503058535.12962 746841982.63094 1315733212.10231 1365529131.89064 1458548345.006 739695904.98441 810771215.32078 887537881.4903901 
1053949940.3939 881044553.71945 657888472.33222 537716725.76735 645364635.2058 416043033.13371 564164164.2603 278571982.72674 0 516602219.52364 724352752.11584 909228665.4902 1494531545.26428 1593935934.25198 1678519443.12351 1004740356.2703099 1064500616.46621 1166022975.95436 
871380397.5981799 614471389.71398 420039000.48679 440865759.22919 288515050.73885 194822731.79075 318130040.01054 257935312.72747 516602219.52364 0 245123222.40215 572860753.89993 1057889083.06265 1144124146.72058 1207762529.93676 517792037.22276 587740223.78054 726126308.88149 
822874114.70075 638070925.27696 483470386.42551 548713597.42789 312114586.30183 376961074.67686 525082205.80345 503058535.12962 724352752.11584 245123222.40215 0 339933280.75526 847850267.60365 933850756.5947499 1006230708.99108 421589743.29428 350499861.56999 655201930.80462 
865504543.4287701 935198679.41423 822499183.3806 884440401.76264 652047867.05709 544574291.25113 431683758.80285 746841982.63094 909228665.4902 572860753.89993 339933280.75526 0 585653821.34251 752460760.34588 811560180.4301 439002021.90982 479155505.67080003 757537068.65148 
1158533593.20774 1330764505.94173 1295536034.67526 1386761227.69111 1133317920.01041 1079700255.20278 1009159067.30372 1315733212.10231 1494531545.26428 1057889083.06265 847850267.60365 585653821.34251 0 386444226.12247 504445579.74974 730294370.10812 691100859.19038 978831845.65949 
977916005.7413 1199562728.61072 1236357228.7674398 1351827285.12565 1108022553.1424599 1203483199.09735 1175875741.64552 1365529131.89064 1593935934.25198 1144124146.72058 933850756.5947499 752460760.34588 386444226.12247 0 118001353.62727 649255355.97815 720345237.70244 819395859.97656 
1095917359.36857 1315239346.86656 1354358582.39471 1458063305.11345 1196869125.40983 1321484552.7246199 1243243939.23295 1458548345.006 1678519443.12351 1207762529.93676 1006230708.99108 811560180.4301 504445579.74974 118001353.62727 0 767256709.60542 838346591.32971 864391965.31631 
452678379.70392 600499367.52819 587101872.78929 735125308.5132599 579512728.80175 660050924.98819 698107068.31026 739695904.98441 1004740356.2703099 517792037.22276 421589743.29428 439002021.90982 730294370.10812 649255355.97815 767256709.60542 0 71089881.72429 323029579.95843 
472374253.13076 643964680.04704 658191754.51358 769959908.03762 508422847.07746 727460936.24685 756666377.60657 810771215.32078 1064500616.46621 587740223.78054 350499861.56999 479155505.67080003 691100859.19038 720345237.70244 838346591.32971 71089881.72429 0 304702069.23463 
234695516.28298 491604524.16718 716494749.77672 733674933.59225 520658340.74856 920949040.67224 973351528.25067 887537881.4903901 1166022975.95436 726126308.88149 655201930.80462 757537068.65148 978831845.65949 819395859.97656 864391965.31631 323029579.95843 304702069.23463 0 
