17
2 33 46 8 43 10 7 6 28 4 27 35 39 49 36 31 14
0 96.51665 91.0068 87.19413999999999 103.34307999999999 129.11279 142.87901 93.52844999999999 117.62912999999999 113.64568 94.28818999999999 89.98704 122.34728999999999 113.81688 126.17916 59.90816 91.99673 
96.51665 0 29.78673 73.26486 89.4138 127.20597 96.83131 34.347899999999996 56.40906 52.42561 48.545379999999994 30.80649 65.71222999999999 54.63633 64.95909 36.60849 81.40386 
91.0068 29.78673 0 43.47812999999999 59.62706999999999 97.41923999999999 67.04458 4.56117 26.62233 22.63888 18.75865 1.01976 35.9255 24.8496 35.17236 66.39522 111.19058999999999 
87.19413999999999 73.26486 43.47812999999999 0 16.14894 53.941109999999995 89.40746 48.03929999999999 70.10046 66.11701 62.236779999999996 44.49788999999999 79.40362999999999 68.32772999999999 78.65048999999999 109.87334999999999 77.41186 
103.34308 89.4138 59.627069999999996 16.14894 0 37.79217 73.33494 64.18824 86.2494 82.26594999999999 78.38571999999999 60.646829999999994 95.55256999999999 84.47667 94.79943 126.02229 93.5608 
129.11279 127.20597 97.41924 53.941109999999995 37.79217 0 109.99193 101.98040999999999 124.04157 120.05811999999999 116.17788999999999 98.439 122.33841 122.26884 132.5916 163.81446 131.35297 
142.87901 96.83131 67.04458 89.40746 73.33494 109.99193 0 69.56623 41.28836 45.271809999999995 83.76370999999999 66.02482 59.24474 89.85466 102.21694 129.15938 127.63898 
93.52844999999999 34.347899999999996 4.56117 48.0393 64.18824 101.98040999999999 69.56623 0 31.1835 27.200049999999997 21.2803 3.54141 31.36433 20.28843 39.733529999999995 70.95639 115.75175999999999 
117.62912999999999 56.40906 26.62233 70.10046 86.2494 124.04157 41.28836 31.1835 0 3.98345 45.38098 27.64209 62.54783 51.47193 61.794689999999996 87.87101999999999 132.66638999999998 
113.64568 52.42561 22.63888 66.11701 82.26594999999999 120.05811999999999 45.271809999999995 27.200049999999997 3.98345 0 41.397529999999996 23.65864 58.56438 47.488479999999996 57.81124 83.88757 128.68294 
94.28819 48.545379999999994 18.75865 62.236779999999996 78.38571999999999 116.17788999999999 83.76370999999999 21.280299999999997 45.380979999999994 41.397529999999996 0 17.738889999999998 52.64462999999999 41.56873 53.93101 85.15387 129.94923999999997 
89.98704 30.80649 1.01976 44.49789 60.646829999999994 98.439 66.02482 3.54141 27.64209 23.65864 17.738889999999998 0 34.90574 23.82984 36.192119999999996 67.41498 112.21034999999999 
122.34728999999999 65.71223 35.9255 79.40362999999999 95.55256999999999 122.33841 59.24474 31.36433 62.54783 58.56438 52.64463 34.90574 0 51.65276 71.09786 102.32072 107.10726 
113.81688 54.63633 24.8496 68.32773 84.47667 122.26884 89.85466 20.28843 51.47192999999999 47.488479999999996 41.56873 23.82984 51.65276 0 60.02195999999999 91.24481999999999 110.21703 
126.17916 64.95909 35.17236 78.65048999999999 94.79942999999999 132.59159999999997 102.21694 39.733529999999995 61.794689999999996 57.81124 53.93101 36.192119999999996 71.09786 60.02195999999999 0 101.56757999999999 133.29269 
59.90816 36.60849 66.39522 109.87334999999999 126.02228999999998 163.81446 129.15938 70.95639 87.87102 83.88757 85.15386999999998 67.41498 102.32072 91.24481999999999 101.56757999999999 0 44.79537 
91.99673 81.40386 111.19058999999999 77.41186 93.5608 131.35297 127.63898 115.75175999999999 132.66638999999998 128.68293999999997 129.94923999999997 112.21034999999999 107.10726 110.21703 133.29269 44.79537 0 
