20
24 31 37 38 25 69 70 54 63 90 91 79 78 76 86 87 73 53 56 60
0 5.0 14.0 13.0 1.0 33.0 29.0 21.0 33.0 34.0 39.0 36.0 37.0 39.0 36.0 37.0 35.0 22.0 24.0 11.0 
5.0 0 11.0 12.0 6.0 38.0 34.0 26.0 38.0 39.0 44.0 41.0 42.0 44.0 41.0 42.0 40.0 27.0 29.0 16.0 
14.0 11.0 0 1.0 13.0 45.0 41.0 33.0 45.0 46.0 51.0 48.0 49.0 51.0 48.0 49.0 47.0 34.0 36.0 23.0 
13.0 12.0 1.0 0 12.0 46.0 42.0 34.0 46.0 47.0 52.0 49.0 50.0 52.0 49.0 50.0 48.0 35.0 37.0 24.0 
1.0 6.0 13.0 12.0 0 34.0 30.0 22.0 34.0 35.0 40.0 37.0 38.0 40.0 37.0 38.0 36.0 23.0 25.0 12.0 
33.0 38.0 45.0 46.0 34.0 0 4.0 18.0 30.0 31.0 36.0 33.0 34.0 36.0 33.0 34.0 32.0 19.0 21.0 22.0 
29.0 34.0 41.0 42.0 30.0 4.0 0 14.0 26.0 27.0 32.0 29.0 30.0 32.0 29.0 30.0 28.0 15.0 17.0 18.0 
21.0 26.0 33.0 34.0 22.0 18.0 14.0 0 12.0 13.0 18.0 15.0 16.0 18.0 15.0 16.0 14.0 1.0 3.0 10.0 
33.0 38.0 45.0 46.0 34.0 30.0 26.0 12.0 0 1.0 6.0 3.0 4.0 6.0 3.0 4.0 2.0 13.0 15.0 22.0 
34.0 39.0 46.0 47.0 35.0 31.0 27.0 13.0 1.0 0 5.0 4.0 5.0 7.0 4.0 5.0 3.0 14.0 16.0 23.0 
39.0 44.0 51.0 52.0 40.0 36.0 32.0 18.0 6.0 5.0 0 9.0 10.0 12.0 9.0 10.0 8.0 19.0 21.0 28.0 
36.0 41.0 48.0 49.0 37.0 33.0 29.0 15.0 3.0 4.0 9.0 0 1.0 3.0 6.0 7.0 5.0 16.0 18.0 25.0 
37.0 42.0 49.0 50.0 38.0 34.0 30.0 16.0 4.0 5.0 10.0 1.0 0 2.0 5.0 6.0 6.0 17.0 19.0 26.0 
39.0 44.0 51.0 52.0 40.0 36.0 32.0 18.0 6.0 7.0 12.0 3.0 2.0 0 3.0 4.0 4.0 19.0 21.0 28.0 
36.0 41.0 48.0 49.0 37.0 33.0 29.0 15.0 3.0 4.0 9.0 6.0 5.0 3.0 0 1.0 2.0 16.0 18.0 25.0 
37.0 42.0 49.0 50.0 38.0 34.0 30.0 16.0 4.0 5.0 10.0 7.0 6.0 4.0 1.0 0 3.0 17.0 19.0 26.0 
35.0 40.0 47.0 48.0 36.0 32.0 28.0 14.0 2.0 3.0 8.0 5.0 6.0 4.0 2.0 3.0 0 15.0 17.0 24.0 
22.0 27.0 34.0 35.0 23.0 19.0 15.0 1.0 13.0 14.0 19.0 16.0 17.0 19.0 16.0 17.0 15.0 0 2.0 11.0 
24.0 29.0 36.0 37.0 25.0 21.0 17.0 3.0 15.0 16.0 21.0 18.0 19.0 21.0 18.0 19.0 17.0 2.0 0 13.0 
11.0 16.0 23.0 24.0 12.0 22.0 18.0 10.0 22.0 23.0 28.0 25.0 26.0 28.0 25.0 26.0 24.0 11.0 13.0 0 
