14
Bellevue Augusta BonitaSprings Aberdeen Akron Atlanta Bremerton Albuquerque AnnArbor Birmingham Cambridge Boulder Buffalo BatonRouge
0 162746706.0 291522574.0 309163625.0 204382923.0 368529721.0 154750244.0 234797318.0 160549450.0 162238886.0 231217776.0 397958447.0 99533027.0 17123815.0 
162746706.0 0 151576880.0 146416919.0 41636217.0 329441851.0 242702158.0 322749232.0 323296156.0 324985592.0 393964482.0 414630195.0 262279733.0 145622891.0 
291522574.0 151576880.0 0 86974581.0 191755283.0 334790375.0 248050682.0 328097756.0 452072024.0 453761460.0 522740350.0 419978719.0 391055601.0 297199771.0 
309163625.0 146416919.0 86974581.0 0 104780702.0 321128252.0 234388559.0 314435633.0 386023859.0 387713295.0 527178398.0 406316596.0 408696652.0 292039810.0 
204382923.0 41636217.0 191755283.0 104780702.0 0 287805634.0 201065941.0 281113015.0 364932373.0 366621809.0 435600699.0 372993978.0 303915950.0 187259108.0 
368529721.0 329441851.0 334790375.0 321128252.0 287805634.0 0 213779477.0 293826551.0 466123574.0 467813010.0 446684916.0 433620879.0 438843524.0 385653536.0 
154750244.0 242702158.0 248050682.0 234388559.0 201065941.0 213779477.0 0 80047074.0 270417570.0 268728134.0 352632309.0 310252071.0 254283271.0 171874059.0 
234797318.0 322749232.0 328097756.0 314435633.0 281113015.0 293826551.0 80047074.0 0 249175416.0 247485980.0 432679383.0 230204997.0 334330345.0 251921133.0 
160549450.0 323296156.0 452072024.0 386023859.0 364932373.0 466123574.0 270417570.0 249175416.0 0 1689436.0 391767226.0 237408997.0 189128365.0 177673265.0 
162238886.0 324985592.0 453761460.0 387713295.0 366621809.0 467813010.0 268728134.0 247485980.0 1689436.0 0 393456662.0 235719561.0 190817801.0 179362701.0 
231217776.0 393964482.0 522740350.0 527178398.0 435600699.0 446684916.0 352632309.0 432679383.0 391767226.0 393456662.0 0 629176223.0 330750803.0 248341591.0 
397958447.0 414630195.0 419978719.0 406316596.0 372993978.0 433620879.0 310252071.0 230204997.0 237408997.0 235719561.0 629176223.0 0 396920056.0 415082262.0 
99533027.0 262279733.0 391055601.0 408696652.0 303915950.0 438843524.0 254283271.0 334330345.0 189128365.0 190817801.0 330750803.0 396920056.0 0 116656842.0 
17123815.0 145622891.0 297199771.0 292039810.0 187259108.0 385653536.0 171874059.0 251921133.0 177673265.0 179362701.0 248341591.0 415082262.0 116656842.0 0 
