32
Akron DalyCity Clearwater Davenport Bloomington Asheville Detroit Columbus Albuquerque Augusta Chattanooga Carrollton Elkhart Champaign Anaheim Amarillo Cincinnati CedarRapids BonitaSprings Danbury DavidsonCounty AppleValley Chandler Columbia Bradenton Bellevue BoiseCity Chicago Denton Burbank ElMonte CorpusChristi
0 48607153.0 119789184.0 138035252.0 155498254.0 86296874.0 106517671.0 188809191.0 204191688.0 142198554.0 133284961.0 143120999.0 194103771.0 215626089.0 255891301.0 93884791.0 80045830.0 76278898.0 163001008.0 108504419.0 116317465.0 178784999.0 198269463.0 115166785.0 106140617.0 112982798.0 85455529.0 151041652.0 141275528.0 100880764.0 105685603.0 42300497.0 
48607153.0 0 71182031.0 96464933.0 109270427.0 134904027.0 155124824.0 179346071.0 163963574.0 93591401.0 151484660.0 96893172.0 165305918.0 169398262.0 251788200.0 142491944.0 128652983.0 124886051.0 211608161.0 130705332.0 138518378.0 201025442.0 245084493.0 66559632.0 57533464.0 80129173.0 107656442.0 154387190.0 144621066.0 149487917.0 154292756.0 90907650.0 
119789184.0 71182031.0 0 53537754.0 66343248.0 120650830.0 118823493.0 108164040.0 92781543.0 142195970.0 108557481.0 53965993.0 122378739.0 126471083.0 208861021.0 172938741.0 186777702.0 127346912.0 173891152.0 59523301.0 67336347.0 129843411.0 179699884.0 23632453.0 13648567.0 8947142.0 36474411.0 110502293.0 100736169.0 120251592.0 171259521.0 138725710.0 
138035252.0 96464933.0 53537754.0 0 17463002.0 89174895.0 85757235.0 161701794.0 146319297.0 128210674.0 55019727.0 5085747.0 68840985.0 77590837.0 159980775.0 119400987.0 133239948.0 156336518.0 227428906.0 93229708.0 101042754.0 163549818.0 148619560.0 29905301.0 39889187.0 62484896.0 90012165.0 107881915.0 98115791.0 173789346.0 161760496.0 98375390.0 
155498254.0 109270427.0 66343248.0 17463002.0 0 71711893.0 68294233.0 150585753.0 159124791.0 145673676.0 72482729.0 17891241.0 86303987.0 90396331.0 172786269.0 136863989.0 150702950.0 138873516.0 225595626.0 106035202.0 113848248.0 176355312.0 166082562.0 42710795.0 52694681.0 75290390.0 102817659.0 125344917.0 115578793.0 157079147.0 179223498.0 115838392.0 
86296874.0 134904027.0 120650830.0 89174895.0 71711893.0 0 37179536.0 119471056.0 134853553.0 83223710.0 100534463.0 89603134.0 158015880.0 162108224.0 242079760.0 146663495.0 132824534.0 107758819.0 194480929.0 175723382.0 183536428.0 203868685.0 237794455.0 114422688.0 124406574.0 129597972.0 152674492.0 182521573.0 172755449.0 125964450.0 158464307.0 95079201.0 
106517671.0 155124824.0 118823493.0 85757235.0 68294233.0 37179536.0 0 82291520.0 97674017.0 120403246.0 135335176.0 86185474.0 154598220.0 158690564.0 204900224.0 166884292.0 153045331.0 104341159.0 191063269.0 146186226.0 153999272.0 166689149.0 220186140.0 111005028.0 120988914.0 109876351.0 137403620.0 179103913.0 169337789.0 88784914.0 127602280.0 64217174.0 
188809191.0 179346071.0 108164040.0 161701794.0 150585753.0 119471056.0 82291520.0 0 15382497.0 138439602.0 155750355.0 162130033.0 230542779.0 234635123.0 218521579.0 225304561.0 216265703.0 162683198.0 249405308.0 167687341.0 175500387.0 215985567.0 174275004.0 131796493.0 121812607.0 117111182.0 144638451.0 218666333.0 208900209.0 138081332.0 189089261.0 146508694.0 
204191688.0 163963574.0 92781543.0 146319297.0 159124791.0 134853553.0 97674017.0 15382497.0 0 123057105.0 140367858.0 146747536.0 215160282.0 219252626.0 203139082.0 209922064.0 200883206.0 147300701.0 234022811.0 152304844.0 160117890.0 200603070.0 189657501.0 116413996.0 106430110.0 101728685.0 129255954.0 203283836.0 193517712.0 122698835.0 173706764.0 161891191.0 
142198554.0 93591401.0 142195970.0 128210674.0 145673676.0 83223710.0 120403246.0 138439602.0 123057105.0 0 73190947.0 133296421.0 197051659.0 205801511.0 236220277.0 142745153.0 156584114.0 190982529.0 277704639.0 141819362.0 149632408.0 212139472.0 256857568.0 158115975.0 151124865.0 146297741.0 118770472.0 197610003.0 207376127.0 178157076.0 224168924.0 178302911.0 
133284961.0 151484660.0 108557481.0 55019727.0 72482729.0 100534463.0 135335176.0 155750355.0 140367858.0 73190947.0 0 60105474.0 123860712.0 132610564.0 163029330.0 69554206.0 83393167.0 178592783.0 265314893.0 148249435.0 156062481.0 153921341.0 203639287.0 84925028.0 94908914.0 117504623.0 145031892.0 141337489.0 151103613.0 153990917.0 150977977.0 153395117.0 
143120999.0 96893172.0 53965993.0 5085747.0 17891241.0 89603134.0 86185474.0 162130033.0 146747536.0 133296421.0 60105474.0 0 73926732.0 78019076.0 160409014.0 124486734.0 138325695.0 156764757.0 227857145.0 88143961.0 95957007.0 158464071.0 153705307.0 30333540.0 40317426.0 62913135.0 90440404.0 112967662.0 103201538.0 174217585.0 166846243.0 103461137.0 
194103771.0 165305918.0 122378739.0 68840985.0 86303987.0 158015880.0 154598220.0 230542779.0 215160282.0 197051659.0 123860712.0 73926732.0 0 56353809.0 138743747.0 175469506.0 189308467.0 125876717.0 212598827.0 162028451.0 154215405.0 216722469.0 204688079.0 98746286.0 108730172.0 131325881.0 158853150.0 163950434.0 154184310.0 150478583.0 201486512.0 154443909.0 
215626089.0 169398262.0 126471083.0 77590837.0 90396331.0 162108224.0 158690564.0 234635123.0 219252626.0 205801511.0 132610564.0 78019076.0 56353809.0 0 82389938.0 196991824.0 210830785.0 182230526.0 268952636.0 166163037.0 173976083.0 236483147.0 226210397.0 102838630.0 112822516.0 135418225.0 162945494.0 185472752.0 175706628.0 206832392.0 239351333.0 175966227.0 
255891301.0 251788200.0 208861021.0 159980775.0 172786269.0 242079760.0 204900224.0 218521579.0 203139082.0 236220277.0 163029330.0 160409014.0 138743747.0 82389938.0 0 162006510.0 175845471.0 264620464.0 351342574.0 158854475.0 166667521.0 226908843.0 302816152.0 185228568.0 195212454.0 209430634.0 181903365.0 214645116.0 217085176.0 289222330.0 314007307.0 258356165.0 
93884791.0 142491944.0 172938741.0 119400987.0 136863989.0 146663495.0 166884292.0 225304561.0 209922064.0 142745153.0 69554206.0 124486734.0 175469506.0 196991824.0 162006510.0 0 13838961.0 136645519.0 223367629.0 161581846.0 153768800.0 91261736.0 176994563.0 149306288.0 159290174.0 181885883.0 179340320.0 136256918.0 126490794.0 161247385.0 166052224.0 102667118.0 
80045830.0 128652983.0 186777702.0 133239948.0 150702950.0 132824534.0 153045331.0 216265703.0 200883206.0 156584114.0 83393167.0 138325695.0 189308467.0 210830785.0 175845471.0 13838961.0 0 122806558.0 209528668.0 175420807.0 167607761.0 105100697.0 190833524.0 163145249.0 173129135.0 193028628.0 165501359.0 150095879.0 140329755.0 147408424.0 152213263.0 88828157.0 
76278898.0 124886051.0 127346912.0 156336518.0 138873516.0 107758819.0 104341159.0 162683198.0 147300701.0 190982529.0 178592783.0 156764757.0 125876717.0 182230526.0 264620464.0 136645519.0 122806558.0 0 86722110.0 115393790.0 122740349.0 102506101.0 209049465.0 150979365.0 140995479.0 119872169.0 92344900.0 74762754.0 64996630.0 24601866.0 75609795.0 85061225.0 
163001008.0 211608161.0 173891152.0 227428906.0 225595626.0 194480929.0 191063269.0 249405308.0 234022811.0 277704639.0 265314893.0 227857145.0 212598827.0 268952636.0 351342574.0 223367629.0 209528668.0 86722110.0 0 202115900.0 209462459.0 189228211.0 295771575.0 197523605.0 187539719.0 182838294.0 179067010.0 161484864.0 151718740.0 111323976.0 162331905.0 171783335.0 
108504419.0 130705332.0 59523301.0 93229708.0 106035202.0 175723382.0 146186226.0 167687341.0 152304844.0 141819362.0 148249435.0 88143961.0 162028451.0 166163037.0 158854475.0 161581846.0 175420807.0 115393790.0 202115900.0 0 7813046.0 70320110.0 143961677.0 83155754.0 73171868.0 50576159.0 23048890.0 55790641.0 65556765.0 139995656.0 188685295.0 125300189.0 
116317465.0 138518378.0 67336347.0 101042754.0 113848248.0 183536428.0 153999272.0 175500387.0 160117890.0 149632408.0 156062481.0 95957007.0 154215405.0 173976083.0 166667521.0 153768800.0 167607761.0 122740349.0 209462459.0 7813046.0 0 62507064.0 136148631.0 90968800.0 80984914.0 58389205.0 30861936.0 47977595.0 57743719.0 140411299.0 191419228.0 133113235.0 
178784999.0 201025442.0 129843411.0 163549818.0 176355312.0 203868685.0 166689149.0 215985567.0 200603070.0 212139472.0 153921341.0 158464071.0 216722469.0 236483147.0 226908843.0 91261736.0 105100697.0 102506101.0 189228211.0 70320110.0 62507064.0 0 106543364.0 153475864.0 143491978.0 120896269.0 93369000.0 110484659.0 120250783.0 77904235.0 128912164.0 187567326.0 
198269463.0 245084493.0 179699884.0 148619560.0 166082562.0 237794455.0 220186140.0 174275004.0 189657501.0 256857568.0 203639287.0 153705307.0 204688079.0 226210397.0 302816152.0 176994563.0 190833524.0 209049465.0 295771575.0 143961677.0 136148631.0 106543364.0 0 178524861.0 188508747.0 170752742.0 167010567.0 165475491.0 155709367.0 184447599.0 219354072.0 155968966.0 
115166785.0 66559632.0 23632453.0 29905301.0 42710795.0 114422688.0 111005028.0 131796493.0 116413996.0 158115975.0 84925028.0 30333540.0 98746286.0 102838630.0 185228568.0 149306288.0 163145249.0 150979365.0 197523605.0 83155754.0 90968800.0 153475864.0 178524861.0 0 9983886.0 32579595.0 60106864.0 106837612.0 97071488.0 143884045.0 188815633.0 128280691.0 
106140617.0 57533464.0 13648567.0 39889187.0 52694681.0 124406574.0 120988914.0 121812607.0 106430110.0 151124865.0 94908914.0 40317426.0 108730172.0 112822516.0 195212454.0 159290174.0 173129135.0 140995479.0 187539719.0 73171868.0 80984914.0 143491978.0 188508747.0 9983886.0 0 22595709.0 50122978.0 96853726.0 87087602.0 133900159.0 179789465.0 138264577.0 
112982798.0 80129173.0 8947142.0 62484896.0 75290390.0 129597972.0 109876351.0 117111182.0 101728685.0 146297741.0 117504623.0 62913135.0 131325881.0 135418225.0 209430634.0 181885883.0 193028628.0 119872169.0 182838294.0 50576159.0 58389205.0 120896269.0 170752742.0 32579595.0 22595709.0 0 27527269.0 106366800.0 109683311.0 129198734.0 180206663.0 129778568.0 
85455529.0 107656442.0 36474411.0 90012165.0 102817659.0 152674492.0 137403620.0 144638451.0 129255954.0 118770472.0 145031892.0 90440404.0 158853150.0 162945494.0 181903365.0 179340320.0 165501359.0 92344900.0 179067010.0 23048890.0 30861936.0 93369000.0 167010567.0 60106864.0 50122978.0 27527269.0 0 78839531.0 88605655.0 116946766.0 165636405.0 102251299.0 
151041652.0 154387190.0 110502293.0 107881915.0 125344917.0 182521573.0 179103913.0 218666333.0 203283836.0 197610003.0 141337489.0 112967662.0 163950434.0 185472752.0 214645116.0 136256918.0 150095879.0 74762754.0 161484864.0 55790641.0 47977595.0 110484659.0 165475491.0 106837612.0 96853726.0 106366800.0 78839531.0 0 9766124.0 99364620.0 150372549.0 115231321.0 
141275528.0 144621066.0 100736169.0 98115791.0 115578793.0 172755449.0 169337789.0 208900209.0 193517712.0 207376127.0 151103613.0 103201538.0 154184310.0 175706628.0 217085176.0 126490794.0 140329755.0 64996630.0 151718740.0 65556765.0 57743719.0 120250783.0 155709367.0 97071488.0 87087602.0 109683311.0 88605655.0 9766124.0 0 89598496.0 140606425.0 105465197.0 
100880764.0 149487917.0 120251592.0 173789346.0 157079147.0 125964450.0 88784914.0 138081332.0 122698835.0 178157076.0 153990917.0 174217585.0 150478583.0 206832392.0 289222330.0 161247385.0 147408424.0 24601866.0 111323976.0 139995656.0 140411299.0 77904235.0 184447599.0 143884045.0 133900159.0 129198734.0 116946766.0 99364620.0 89598496.0 0 51007929.0 109663091.0 
105685603.0 154292756.0 171259521.0 161760496.0 179223498.0 158464307.0 127602280.0 189089261.0 173706764.0 224168924.0 150977977.0 166846243.0 201486512.0 239351333.0 314007307.0 166052224.0 152213263.0 75609795.0 162331905.0 188685295.0 191419228.0 128912164.0 219354072.0 188815633.0 179789465.0 180206663.0 165636405.0 150372549.0 140606425.0 51007929.0 0 63385106.0 
42300497.0 90907650.0 138725710.0 98375390.0 115838392.0 95079201.0 64217174.0 146508694.0 161891191.0 178302911.0 153395117.0 103461137.0 154443909.0 175966227.0 258356165.0 102667118.0 88828157.0 85061225.0 171783335.0 125300189.0 133113235.0 187567326.0 155968966.0 128280691.0 138264577.0 129778568.0 102251299.0 115231321.0 105465197.0 109663091.0 63385106.0 0 
