46
97 171 36 142 28 13 130 172 154 0 7 85 8 108 89 101 65 139 86 41 149 143 169 134 165 116 133 21 175 157 95 35 166 81 183 50 186 12 182 5 4 82 170 31 111 152
0 119549611.7792 204855519.68722 217781508.95085 333497057.93224 216590724.51999998 194563327.70424998 244946294.10385996 200334186.12897998 169005369.59241 182747745.30309 180041471.95449 211177263.00794 211123765.11611 262069597.58962 213052802.78393 173717578.15445 182065949.13309 188715413.40990996 194381816.93894997 179153691.89926997 164617010.40670997 218885326.84985 239934082.06403 239345562.52799997 201966828.36029997 232491330.29403996 226684996.84473002 164397198.19134998 109997598.89856 175238735.85021 231259432.69777 217223115.83353 213957195.61963 166951634.74962997 153436108.47948998 246166541.02102 245448353.91697 203134725.51168 196389503.0241 253887288.21937 182199129.58042 250128032.61707997 316734152.18885 232195754.35875 114900322.08665 
119549611.7792 0 85305907.90802 98231897.17165 218728651.45558 218134300.74833 139046654.11642998 178562509.20389 133950401.22901 102621584.69244 138654711.81395 182327821.91095 164406810.7134 154457646.80032 216703705.19793 102273780.36654 78773521.95682 87121892.93546 193073732.99238002 160120579.75699 175348704.79667 174999979.29895 126006223.11667001 144990025.8664 120914855.40089999 83536121.2332 122011066.4019 200551584.53998 222338172.02387 228387655.58841997 108854950.95024 164875647.7978 165663349.33882 168929269.55272 161830062.59396002 161072942.07481998 185098622.48543 199286314.99107 242367299.02252996 235622076.53494996 138475294.35665998 156616119.94783998 183744247.71710998 302029269.32690996 217787229.2743 156726632.1982 
204855519.68722 85305907.90802 0 12925989.26363 133422743.54756 132828392.84031 179879222.40385997 179843991.74109995 135231883.76621997 103903067.22964999 139936194.35116 183609304.44816 125261111.24522999 115311947.33215 177558005.72976 71549068.40167001 48910585.72947 40562214.75083 153928033.52421 107241502.16944 122469627.20912 146521779.53208 40700315.20865 98430347.68177 168253308.27912 168842029.14122 145351015.52453 179476512.21644 169012846.62410998 149588043.15994 110136433.48744999 166157130.33501 183224572.57422 186490492.78811997 149235046.14220998 135719519.87206998 181064238.65826 195251931.1639 293710678.15101 287186378.35837 218389854.08572 194877334.5804 159575567.01951 277860588.62931 214479165.75133 152692248.37102997 
217781508.95085 98231897.17165 12925989.26363 0 120496754.28393 145754382.10394 192805211.66749 192769981.00473 148157873.02985 116829056.49328 152862183.61478996 196535293.71178997 138187100.50886 128237936.59577999 190483994.99339 84475057.6653 61836574.9931 53488204.014460005 166854022.78784 120167491.43307 135395616.47275 159447768.79571 53626304.47228 111356336.9454 181179297.54275 181768018.40484998 158277004.78816 192402501.48007 181938835.88774 162514032.42356998 123062422.75107999 179083119.59864 196150561.83785 199416482.05175 136309056.87858 122793530.60844 193990227.92189 208177920.42753 306636667.41463995 300112367.622 231315843.34934998 207803323.84403 146649577.75588 264934599.36567998 201553176.4877 161329317.00128 
333497057.93224 218728651.45558 133422743.54756 120496754.28393 0 266251136.38786998 280045733.92655 294303354.67117995 249691246.69629997 218362430.15972996 182329303.03822 193900207.17808998 210617248.92534998 200668085.01226997 262914143.40987998 204971811.94923 182333329.27703 173984958.29839 287350777.07176995 230622145.08697 245850270.12665 269902422.44961 174123058.75621 231853091.22933 228250200.85975 230987576.90058002 192512631.73188 216229316.74089003 268433982.65280995 283010786.7075 224595796.41752997 280616493.26509 220123707.85294 223389628.06684 244568012.85304996 231052486.58290997 297055912.63123995 311243605.1368799 379066815.83112997 376365636.34629 279218854.168 279934363.58031 267146332.03981 385431353.64961004 309812132.46217 269588272.97574997 
216590724.51999998 218134300.74833 132828392.84031 145754382.10394 266251136.38787 0 104726500.00201 192185382.75763 149373838.63965 155330829.65266 178683087.56754997 202232428.74549 233368219.79894 232197285.79299998 284260554.38062 189380119.76747 181738978.56978 173390607.59114 98878585.70767 104544989.23671001 89316864.19703001 74780182.70447001 92128077.63166 152082837.36822 205579245.25299 174487107.62236 142654502.5918 176779999.28371 255352937.88213998 201015805.58295 161564195.91046 217584892.75801998 225024972.49471 221759052.28081 116444377.75272 129959904.02285999 187394076.67831 173206384.17267 285537323.14094 278792100.65336 181645318.47507 192180821.64767 199167685.12774998 266226895.19194 181688497.36184 168495690.4157 
194563327.70424998 139046654.11643 179879222.40385997 192805211.66748998 280045733.92655 104726500.00201 0 87458882.75562 44647338.63764001 75976155.17421 112009282.29571998 155682392.39271998 154579892.33896 164529056.25204 205472226.92064 122402259.28778999 161737483.91726997 153389112.93862998 76851188.89192 82517592.42096 67289467.38128 52752785.88872 139178907.19520998 152595673.06085 152396558.75344 152459710.80661 120627105.77605 154752602.46796 159727985.53587 201577026.22122 82209521.43201 138230218.27956998 155297660.51878 158563580.73268 79562916.93209001 93078443.20223 158453192.96719998 151178987.35692 263509926.32518998 256764703.83760998 159617921.65932 170153424.83192 94441185.12573999 212726206.73553997 144807036.54121 130081202.67997 
244946294.10386 178562509.20389 179843991.74109998 192769981.00473 294303354.67118 192185382.75763 87458882.75562 0 44612107.97488 75940924.51145 111974051.63295999 155647161.72995996 186782952.78340998 178502973.46642 237675287.36508998 122367028.62502998 161702253.25450996 153353882.27586997 154805755.15118 160472158.68022 145244033.64054 130707352.14797999 139143676.53245 152560442.39809 152361328.09068 189740062.25838 198001313.14567998 231998057.22976002 175489266.92742 217338307.61277 82174290.76924999 138194987.61681 155262429.85602 158528350.06992 79527686.26933 93043212.53946999 158417962.30444 172605654.81008 278448916.33535 285194138.82293 189891876.42461997 235455263.64978 94405954.46298 212690976.07277998 144771805.87844998 130045972.01720999 
200334186.12897998 133950401.22901 135231883.76622 148157873.02985 249691246.69629997 149373838.63965 44647338.63764001 44612107.97488 0 31328816.53657 67361943.65808 111035053.75508 142170844.80853 133890865.49154 193063179.39020997 77754920.65014999 117090145.27962999 108741774.30098999 111994211.0332 117660614.56224 102432489.52256 87895808.03 94531568.55757 107948334.42321 109549783.9727 146928518.1404 153389205.1708 189186513.11178002 162421871.73852 190340054.23947 37562182.79437 93582879.64193001 110650321.88114 113916242.09504 36716142.15135001 50231668.421490006 113805854.32955998 127993546.83519998 233836808.36047 240582030.84805 147080332.30664 192265996.32536998 49793846.4881 168078868.0979 101960261.76047 85433864.04233 
169005369.59241 102621584.69244 103903067.22964999 116829056.49328 218362430.15973 155330829.65266 75976155.17421 75940924.51145 31328816.53657 0 36033127.12151 79706237.21851 110842028.27195999 120791192.18504 161734362.85364 46426104.11358 85761328.74306 77412957.76442 143323027.56977 142442850.93001 133761306.05913001 119224624.56657 63202752.021 76619517.88664 140878600.50927 116340607.22216 122060388.63422999 192633152.11 131093055.20194998 159011237.7029 6233366.2578 62254063.10536 79321505.34457 82587425.55847 68044958.68792 58451357.382379994 82477037.79299 96664730.29863 214670230.54804 221415453.03562 129020643.80204 189420605.93679997 81122663.02467 199407684.63447 133289078.29704 54105047.50576 
182747745.30308998 138654711.81395 139936194.35116 152862183.61479 182329303.03822 178683087.56755 112009282.29572 111974051.63295999 67361943.65808 36033127.12151 0 43673110.097 74808901.15044999 84758065.06353 125701235.73212999 75162565.78078999 114497790.41026999 106149419.43162999 137516778.69667998 143183182.22572 127955057.18603998 113418375.69347998 99235879.14251 112652645.00815 176911727.63077998 152373734.34366998 147337346.34312 178614088.98829 118206885.57172 160055926.25707 42266493.37931 98287190.22687 108057967.01178 111323887.22568 62238709.81483 48723183.54469 118510164.9145 132697857.42014 241847900.98626 248593123.47384 160911458.13536 225453733.05830997 117155790.14618 212021227.25405002 127482829.42395 87258969.93753 
180041471.95449 182327821.91095 183609304.44816 196535293.71179 193900207.17808998 202232428.74548995 155682392.39271998 155647161.72996 111035053.75508 79706237.21851 43673110.097 0 72102627.80184999 82051791.71493 122994962.38352999 118835675.87779 142751636.59627998 149822529.52863 181189888.79367998 168241969.77568996 171628167.28304 157091485.79048 142908989.23951 156325755.10514998 220484752.33091998 183106018.16322 144631072.99451998 169069806.12672 74533775.47472 116382816.16007 85939603.47631 141960300.32387 151731077.10878 154996997.32268 105911819.91183001 92396293.64169 141990065.63550997 156177758.14114997 258155900.86422998 251410678.37664998 204584568.23236 192402983.4407 160828900.24317998 255694337.35105002 171155939.52095002 130932080.03453 
211177263.00794 164406810.7134 125261111.24522999 138187100.50886 210617248.92534998 233368219.79894 154579892.33896 186782952.78340998 142170844.80853 110842028.27195999 74808901.15044999 72102627.80184999 0 9949163.91308 72195222.31069 149971466.93124 145146197.25142 153494568.23005998 158909334.4415 147095540.70741996 162323665.74709997 183007737.4447 165961426.45387998 187461546.15859997 183441916.97692 161959589.09495 123484643.92624998 103805187.83784 100648326.41742998 142497367.10277998 117075394.52975999 163291829.35657 90201137.94238 86935217.72848 133760466.93250999 123532084.69513999 120843636.56723998 132926250.83029 188347894.73193997 195093117.21951997 173269347.54329 156096373.8819 97869324.83611 216154346.44590998 199004586.54163 162067871.08797997 
211123765.11611 154457646.80032 115311947.33215 128237936.59578 200668085.01226997 232197285.79299998 164529056.25204 178502973.46642 133890865.49154 120791192.18504 84758065.06353 82051791.71493 9949163.91308 0 62246058.39761 144484379.87785 135197033.33834 143545404.31698 148960170.52842 157044704.62049997 172272829.66017997 173058573.53162 156012262.5408 197410710.07168 173492753.06383997 171908753.00803 133433807.83932999 93856023.92476001 110597490.33050999 151778129.10652 127024558.44284 170841106.45099998 97750415.03681 96884381.64155999 143709630.84559 133481248.60822 115877587.86798 130065280.37362 178398730.81886 185143953.30644 163320183.63020998 146147209.96882 87920160.92302999 206205182.53282997 199824751.77672 172017035.00106 
262069597.58962 216703705.19793 177558005.72976002 190483994.99339 262914143.40987998 284260554.38062 205472226.92064 237675287.36508998 193063179.39021 161734362.85364 125701235.73213 122994962.38353 72195222.31069 62246058.39761 0 200863801.51292002 197443091.73595 205791462.71458998 211206228.92602998 197987875.28909996 213216000.32877997 235304631.92922997 218258320.93841 182418462.78842 152641740.59779 190020474.76549 174376978.50792998 156102082.32237 151540660.99910998 193389701.68445998 167967729.11144 223988425.959 159996473.43442 159130440.03917 184652801.51419 174424419.27682 171735971.14891997 185923663.65455997 240644789.21647 247390011.70405 225566242.02782 208393268.36642998 150166219.32064 268451240.93044 249896921.12331 212960205.66966 
213052802.78393 102273780.36654 71549068.40167001 84475057.6653 204971811.94923 189380119.76747 122402259.28778999 122367028.62502998 77754920.65015 46426104.113579996 75162565.78079 118835675.87779 149971466.93124 144484379.87785 200863801.51292 0 39335224.62948 30986853.65084 161504808.65737998 165440323.56860998 151943087.14674002 137406405.65418 109628856.13457999 88854986.58178 158677947.17913 122062110.94465 160537056.11334997 190093489.69643998 177519159.31552997 190794081.94365 52659470.371379994 108680167.21893999 118450944.00385 121716864.21775 111096322.3118 97580796.04166 128903141.90656999 143090834.41221 222382532.44428 215637309.95670003 154711759.35586 186352562.14941 127548767.13825 245833788.74804997 176340441.92092 100531151.61934 
173717578.15445 78773521.95682 48910585.72947 61836574.9931 182333329.27703 181738978.56978 161737483.91727 161702253.25451 117090145.27962999 85761328.74306 114497790.41026999 142751636.59627998 145146197.25142 135197033.33834 197443091.73595 39335224.62948 0 8348370.97864 200840033.28685996 153523853.53320998 168751978.57288998 176741630.28365996 89610900.93812001 66216503.90958 136039464.50693 161397335.57412997 186167061.17416 150758265.06696 183150968.71125 158694880.45107 91994695.00085999 148015391.84842 154652656.17901 157918576.39291 150431546.94127998 136916020.67114 168238366.53605 182426059.04169 251832007.06419 245086784.57661003 178479640.74743 204846220.64611 166883991.76773 285169013.37753 215675666.5504 139866376.24882 
182065949.13309002 87121892.93546 40562214.75083 53488204.014460005 173984958.29839 173390607.59114 153389112.93862998 153353882.27586997 108741774.30098999 77412957.76441999 106149419.43162999 149822529.52863 153494568.23005998 143545404.31698 205791462.71458998 30986853.65084 8348370.97864 0 192491662.30821997 147803716.92027 163031841.95995 168393259.30501997 81262529.95948 57868132.93094 127691093.52829 153048964.59548998 185913230.27536 159106636.0456 191499339.68989 167043251.42971 83646324.02221999 139667020.86978 149437797.65469003 152703717.86859 142083175.96264 128567649.6925 159889995.55740997 174077688.06304997 253369386.09512 246624163.60754 185698613.00669998 213194591.62475 158535620.78908998 276820642.39888996 207327295.57176 131518005.27017999 
188715413.40990996 193073732.99238 153928033.52421 166854022.78784 287350777.07176995 98878585.70767 76851188.89192 154805755.15118 111994211.0332 143323027.56977 137516778.69667998 181189888.79367995 158909334.4415 148960170.52842 211206228.92602998 161504808.65737998 200840033.28685996 192491662.30821997 0 63378680.365839995 48150555.32616 24098403.0032 164782976.64047 219942545.45641 177341873.05732998 139963138.88963 101488193.72093 135613690.41284 180576196.97162 215343767.51127 149556393.82757 192908132.22193998 186448725.64112 183182805.42722 75278068.88185 88793595.15199 135644503.20669 121456810.70105001 234855543.43967 228110320.95209 130963538.7738 151014512.77679998 161788057.5213 221809936.75522998 140522188.49097002 127329381.54483 
194381816.93894997 160120579.75699 107241502.16944 120167491.43307 230622145.08697 104544989.23671 82517592.42096 160472158.68022 117660614.56224 142442850.93001 143183182.22572 168241969.77569 147095540.70742 157044704.6205 197987875.2891 165440323.56860998 153523853.53320998 147803716.92027 63378680.36584 0 15228125.03968 39280277.36264 147941817.37809 183786153.28884 113963192.69149 76584458.52379 38109513.35509 72235010.04699999 152243633.90433 194092674.58968 148676217.18781 204696914.03537 139865196.36408 136599276.15018 80944472.41089 94459998.68103 115581878.17476 129769570.6804 217186976.8647 210441754.37712 146145413.13323998 87635832.41095999 167454461.05034 230726989.85011 146188592.02001 132995785.07387 
179153691.89927 175348704.79667 122469627.20911999 135395616.47274998 245850270.12665 89316864.19703001 67289467.38128 145244033.64054 102432489.52256002 133761306.05913001 127955057.18604 171628167.28304 162323665.7471 172272829.66018 213216000.32878 151943087.14674002 168751978.57288998 163031841.95995 48150555.32616 15228125.03968 0 24052152.32296 155221255.12983 199014278.32852 129191317.73117 91812583.56347 53337638.39477 87463135.08668 167471758.94401 205782046.00063002 139994672.31693 190843419.11183 155093321.40376 151827401.18986002 65716347.37121 79231873.64135 130810003.21443999 119392097.59094 232415101.90438 225669879.4168 130917288.09356 102863957.45064 152226336.01066 215498864.81043 130960466.98033 117767660.03419 
164617010.40670997 174999979.29895 146521779.53208 159447768.79571 269902422.44961 74780182.70447001 52752785.88872 130707352.14798 87895808.03000002 119224624.56657001 113418375.69348 157091485.79048 183007737.4447 173058573.53162 235304631.92922997 137406405.65418 176741630.28365996 168393259.30501997 24098403.0032 39280277.36264 24052152.32296 0 140684573.63727 195844142.45321 153243470.05413 115864735.88643 77389790.71773 111515287.40964 190088226.00807 191245364.50807 125457990.82437 181478687.67193 162350322.63792 159084402.42402 51179665.87865 64695192.14879 112613893.97384 98426201.4682 210757140.43647 204011917.94889 106865135.7706 126916109.77359998 137689654.5181 197711533.75203 116423785.48777 103230978.54163 
218885326.84985 126006223.11667001 40700315.20865 53626304.47228 174123058.75621 92128077.63166 139178907.19521 139143676.53245 94531568.55757 63202752.021 99235879.14251 142908989.23951 165961426.45388 156012262.5408 218258320.93841 109628856.13458 89610900.93812001 81262529.95948 164782976.64047 147941817.37809 155221255.12983 140684573.63727 0 59954759.73656 129777720.33390999 167156454.50160998 179947274.29084998 186385770.49662 163287327.24408 108887727.95129 69436118.2788 125456815.12636 142524257.36557 145790177.57946998 131247710.70892 121654109.40337999 140363923.44961 154551615.95525 272557116.20466 279302338.69224 186907529.45866 235577649.78904998 144325415.04567 262610436.65546998 196491830.31803998 111991933.16238 
239934082.06403 144990025.8664 98430347.68177 111356336.9454 231853091.22933 152082837.36822 152595673.06085 152560442.39809 107948334.42321 76619517.88664 112652645.00814998 156325755.10514998 187461546.15859997 197410710.07167998 182418462.78842 88854986.58178 66216503.90958 57868132.93094 219942545.45641 183786153.28884 199014278.32852 195844142.45321 59954759.73656 0 69822960.59735 107201694.76505 145676639.93375 126431010.76006001 207712573.08859 168842487.68785 70386151.62884 126406848.4764 155941023.23121 159206943.44511 144664476.57456 135070875.26902 159096555.67962998 173284248.18526998 291289748.43468 290337185.51012 193190403.33183 202304495.46106 157742180.91131 276027202.52111 209908596.18368 130724565.3924 
239345562.528 120914855.40089999 168253308.27912 181179297.54275 228250200.85975 205579245.25299 152396558.75344 152361328.09068 109549783.9727 140878600.50927 176911727.63077998 220484752.33091998 183441916.97692 173492753.06384 152641740.59779 158677947.17913002 136039464.50693 127691093.52829 177341873.05732998 113963192.69149 129191317.73117 153243470.05413 129777720.33391 69822960.59735 0 37378734.1677 75853679.3364 79636729.13907999 204486416.45955998 213279803.96624 140209112.22619 196229809.07375002 139068879.46694002 142334799.68084002 144465362.26714998 157980888.53728998 192812742.53283 199029208.99936 227259447.40034997 220514224.91276997 123367442.73448 141508268.32566 159343630.4608 277628652.0706 208156866.29220998 149293098.58359998 
201966828.36029997 83536121.2332 168842029.14122 181768018.40485 230987576.90058002 174487107.62236 152459710.80661 189740062.25838 146928518.1404 116340607.22216 152373734.34366998 183106018.16322 161959589.09495 171908753.00803 190020474.76549 122062110.94465 161397335.57412997 153048964.59548998 139963138.88963 76584458.52379 91812583.56347 115864735.88643 167156454.50160998 107201694.76505 37378734.1677 0 38474945.1687 117015463.30678 167107682.29185998 175901069.79854 122573973.47996 178594670.32752 113176763.54894 116442683.76284 157528930.93467999 171044457.20481998 155434008.36512998 161650474.83166 189880713.23264998 183135490.74506998 85988708.56678 104129534.15796 196722364.62849998 307311448.3739 222773050.5438 165129788.36354 
232491330.29403996 122011066.4019 145351015.52453 158277004.78816 192512631.73188 142654502.5918 120627105.77605 198001313.14567998 153389205.1708 122060388.63422999 147337346.34311998 144631072.99452 123484643.92625 133433807.83932999 174376978.50792998 160537056.11335 186167061.17416 185913230.27536 101488193.72092998 38109513.35509 53337638.39477 77389790.71772999 179947274.29084998 145676639.93375 75853679.3364 38474945.1687 0 110344523.40209 128632737.12315999 170481777.80851 128293754.89202999 184314451.73959 151651708.71764 154917628.93154 119053985.76597999 132569512.03612 116959063.19643 131146755.70207 228355658.40135 221610435.91377 124463653.73548 125745345.76604998 162426407.50865 268836503.20519996 184298105.3751 170849569.77561 
226684996.84473002 200551584.53998 179476512.21644 192402501.48007 216229316.74089 176779999.28370997 154752602.46795997 231998057.22976 189186513.11178 192633152.10999998 178614088.98829 169069806.12672 103805187.83784 93856023.92476001 156102082.32237002 190093489.69643998 150758265.06696 159106636.0456 135613690.41283998 72235010.04699999 87463135.08668 111515287.40963998 186385770.49662 126431010.76006001 79636729.13907999 117015463.30677998 110344523.40208998 0 201917525.47046 211662299.14135 196817162.3889 186402338.17962 113311646.76543 116577566.97933 153179482.45788997 166695008.72802997 187816888.22175997 202004580.72739998 272254754.74362 278999977.2312 190295276.15419 159870842.45795998 181776184.84779 221187644.70194998 136649246.87184998 205230795.12086996 
164397198.19134998 222338172.02387 169012846.62410998 181938835.88774 268433982.65281 255352937.88213998 159727985.53587 175489266.92742 162421871.73852 131093055.20195 118206885.57172 74533775.47472 100648326.41743 110597490.33050999 151540660.99910998 177519159.31553 183150968.71125 191499339.68989 180576196.97162 152243633.90433 167471758.94401 190088226.00807 163287327.24408 207712573.08859 204486416.45955998 167107682.29186 128632737.12316 201917525.47046 0 54399599.292789996 137326421.45975 184727871.30132002 190849464.35981 187583544.14591 138908560.12941998 152424086.39955997 125991729.76415001 140179422.26979 242511627.10108998 235766404.61350998 175465822.60492998 158292848.94354 171459074.07637 288691077.56864 204152679.73854 175570226.91635 
109997598.89856 228387655.58841997 149588043.15994 162514032.42357 283010786.7075 201015805.58295 201577026.22122 217338307.61277 190340054.23947 159011237.7029 160055926.25707 116382816.16007 142497367.10277998 151778129.10652 193389701.68445998 190794081.94365 158694880.45107 167043251.42971 215343767.51127 194092674.58968 205782046.00063 191245364.50807 108887727.95129 168842487.68785 213279803.96623996 175901069.79853997 170481777.80851 211662299.14135003 54399599.292789996 0 165244603.9607 221265300.80826 196265280.74229002 199531200.95619 180757600.81476998 194273127.08490998 167840770.4495 182028462.95514 188112027.8083 181366805.32072 169724590.43442 197709703.82364 157422360.16003 275707381.76983 198943502.08703 207800418.84428 
175238735.85021 108854950.95024 110136433.48745 123062422.75107999 224595796.41753 161564195.91046 82209521.43201 82174290.76924999 37562182.79437 6233366.2578 42266493.37931 85939603.47631 117075394.52975999 127024558.44283998 167967729.11144 52659470.37138 91994695.00086 83646324.02222 149556393.82757 148676217.18780997 139994672.31693 125457990.82437 69436118.2788 70386151.62884 140209112.22619 122573973.47996 128293754.89203 196817162.3889 137326421.45975 165244603.9607 0 56020696.84756 85554871.60237 88820791.81627 74278324.94572002 64684723.64017999 88710404.05079 102898096.55643 220903596.80584 227648819.29342 135254010.05984 195653972.1946 87356029.28247 205641050.89227 139522444.55484 60338413.76356 
231259432.69777 164875647.79780003 166157130.33501 179083119.59864 280616493.26509 217584892.75801998 138230218.27957 138194987.61681 93582879.64193 62254063.10536 98287190.22687 141960300.32387 163291829.35657 170841106.45099998 223988425.959 108680167.21893999 148015391.84842 139667020.86978 192908132.22193998 204696914.03537 190843419.11183 181478687.67193 125456815.12636 126406848.4764 196229809.07375 178594670.32751998 184314451.73959 186402338.17962 184727871.30132002 221265300.80826 56020696.84756 0 73090691.41419 76356611.62809 130299021.79328 120705420.48774 144731100.89835 158918793.40399 232512943.87116998 225767721.38358998 191274706.9074 250107385.01904 143376726.13003 150069248.4156 195543141.4024 116359110.61112 
217223115.83353 165663349.33882 183224572.57422 196150561.83784997 220123707.85294 225024972.49471 155297660.51878 155262429.85601997 110650321.88114 79321505.34457 108057967.01178 151731077.10878 90201137.94238 97750415.03681 159996473.43442 118450944.00385 154652656.17901 149437797.65469 186448725.64112 139865196.36408 155093321.40376 162350322.63792 142524257.36557 155941023.23121 139068879.46694002 113176763.54894 151651708.71763998 113311646.76543 190849464.35981 196265280.74229002 85554871.60237 73090691.41419 0 3265920.2139 119941687.83647999 130476197.27265 161798543.13755998 175986235.64319998 272007941.33826995 265262718.85068995 168115936.67239997 177016693.60485 160444168.36924 223159939.82979 185185807.44559997 133426552.85033 
213957195.61963 168929269.55272 186490492.78811997 199416482.05174997 223389628.06684 221759052.28081 158563580.73268 158528350.06992 113916242.09504 82587425.55847 111323887.22568 154996997.32268 86935217.72848 96884381.64155999 159130440.03917 121716864.21775 157918576.39291 152703717.86859 183182805.42722 136599276.15018 151827401.18986002 159084402.42402 145790177.57946998 159206943.44511 142334799.68084002 116442683.76284 154917628.93154 116577566.97933 187583544.14591 199531200.95619 88820791.81627 76356611.62809 3265920.2139 0 123207608.05037999 133742117.48655 165064463.35145998 179252155.85709998 275273861.55217 268528639.06459 171381856.88629997 180282613.81875 163710088.58314 226425860.04369 188451727.6595 136692473.06423 
166951634.74963 161830062.59396002 149235046.14221 136309056.87858 244568012.85305 116444377.75272 79562916.93209 79527686.26933 36716142.15135001 68044958.68792 62238709.81483 105911819.91183 133760466.93250999 143709630.84559 184652801.51419 111096322.31179999 150431546.94127998 142083175.96264 75278068.88185 80944472.41089 65716347.37121 51179665.87865 131247710.70892 144664476.57456 144465362.26714998 157528930.93468 119053985.76598 153179482.45789 138908560.12941998 180757600.81476998 74278324.94572 130299021.79328 119941687.83647999 123207608.05037999 0 13515526.27014 150521996.48091 149605867.34685 214256194.82116 207510972.33358 110364190.15529 168580304.82185 86509988.63945 149782517.43922 65244119.609120004 52051312.66298 
153436108.47948998 161072942.07482 135719519.87206998 122793530.60844 231052486.58291 129959904.02285999 93078443.20223 93043212.53947 50231668.421490006 58451357.38238 48723183.54469 92396293.64169 123532084.69513999 133481248.60821998 174424419.27682 97580796.04166 136916020.67114 128567649.6925 88793595.15199 94459998.68103 79231873.64135 64695192.14879 121654109.40337999 135070875.26902 157980888.53729 171044457.20482 132569512.03612 166695008.72803 152424086.39956 194273127.08491 64684723.64017999 120705420.48774 130476197.27265 133742117.48655 13515526.27014 0 140928395.17536998 155116087.68100998 227771721.09129998 221026498.60372 123879716.42543 182095831.09199 100025514.90959 163298043.70936 78759645.87926 38535786.39284 
246166541.02102 185098622.48543 181064238.65826 193990227.92189 297055912.63124 187394076.67831 158453192.96719998 158417962.30444 113805854.32956 82477037.79299 118510164.9145 141990065.63550997 120843636.56723998 115877587.86798 171735971.14892 128903141.90656999 168238366.53605 159889995.55741 135644503.20669 115581878.17476 130810003.21444 112613893.97384 140363923.44961 159096555.67962998 192812742.53283 155434008.36513 116959063.19643 187816888.22176 125991729.76414998 167840770.44949996 88710404.05079 144731100.89835 161798543.13756 165064463.35145998 150521996.48091 140928395.17536998 0 14187692.50564 144327185.93017 151072408.41775 106144127.12072 180978950.20279 159785400.14963996 278070421.75943995 215766116.09002998 131266218.93437 
245448353.91697 199286314.99106997 195251931.16389996 208177920.42752996 311243605.13688 173206384.17267 151178987.35692 172605654.81008 127993546.83519998 96664730.29862998 132697857.42013997 156177758.14115 132926250.83029 130065280.37362 185923663.65455997 143090834.41221 182426059.04168996 174077688.06304997 121456810.70105001 129769570.6804 119392097.59094 98426201.4682 154551615.95524997 173284248.18526998 199029208.99936 161650474.83166 131146755.70207 202004580.7274 140179422.26979 182028462.95514 102898096.55642998 158918793.40398997 175986235.64319998 179252155.85709998 149605867.34684998 155116087.68100998 14187692.50564 0 130139493.42453 136884715.91211 91956434.61508 166791257.69715 173973092.65528 292258114.26508 214849986.95597 145453911.44000998 
203134725.51168 242367299.02253 293710678.15101 306636667.41463995 379066815.83113 285537323.14094 263509926.32518998 278448916.33535 233836808.36046997 214670230.54804 241847900.98626 258155900.86422998 188347894.73194 178398730.81886 240644789.21647 222382532.44428 251832007.06418997 253369386.09512 234855543.43967 217186976.8647 232415101.90438 210757140.43647 272557116.20466 291289748.43468 227259447.40034997 189880713.23264998 228355658.40135 272254754.74362 242511627.10108998 188112027.8083 220903596.80584002 232512943.87116998 272007941.33827 275273861.55217 214256194.82116 227771721.09129998 144327185.93017 130139493.42453 0 6745222.48758 103892004.66587 178726827.74793997 184042961.87237 302327983.48217 270213361.5015 263459411.68941998 
196389503.0241 235622076.53495 287186378.35837 300112367.622 376365636.34629 278792100.65336 256764703.83760998 285194138.82293 240582030.84804997 221415453.03562 248593123.47384 251410678.37664998 195093117.21952 185143953.30644 247390011.70405 215637309.9567 245086784.57661003 246624163.60754 228110320.95209 210441754.37712 225669879.4168 204011917.94889 279302338.69224 290337185.51012 220514224.91276997 183135490.74506998 221610435.91377 278999977.2312 235766404.61350998 181366805.32072 227648819.29342002 225767721.38358998 265262718.85069 268528639.06459 207510972.33358 221026498.60371998 151072408.41775 136884715.91211 6745222.48758 0 97146782.17829 171981605.26035997 190788184.35995 309073205.96975 263468139.01391998 259562284.99655998 
253887288.21937 138475294.35666 218389854.08572003 231315843.34935 279218854.168 181645318.47507 159617921.65932 189891876.42461997 147080332.30663997 129020643.80204 160911458.13536 204584568.23236 173269347.54329 163320183.63020998 225566242.02782 154711759.35586 178479640.74743 185698613.00669998 130963538.7738 146145413.13323998 130917288.09356 106865135.7706 186907529.45866 193190403.33183 123367442.73448 85988708.56678 124463653.73548 190295276.15419 175465822.60492998 169724590.43442 135254010.05984 191274706.9074 168115936.6724 171381856.8863 110364190.15529 123879716.42543 106144127.12072 91956434.61508 103892004.66587 97146782.17829 0 74834823.08207 168964414.68372 240598038.42567 166321356.83563 162415502.81827 
182199129.58042 156616119.94784 194877334.5804 207803323.84403 279934363.58031 192180821.64766997 170153424.83191997 235455263.64977998 192265996.32536998 189420605.9368 225453733.05830997 192402983.4407 156096373.8819 146147209.96882 208393268.36642998 186352562.14941 204846220.64611 213194591.62475 151014512.77679998 87635832.41095999 102863957.45064 126916109.77359998 235577649.78904998 202304495.46106 141508268.32566 104129534.15796 125745345.76604998 159870842.45795998 158292848.94354 197709703.82364 195653972.19460002 250107385.01904 177016693.60485 180282613.81875 168580304.82185 182095831.09199 180978950.20279 166791257.69715 178726827.74794 171981605.26036 74834823.08207 0 151791441.02233 223425064.76428 166688877.73128998 220631617.48483 
250128032.61707997 183744247.71710998 159575567.01951 146649577.75588 267146332.03981 199167685.12774998 94441185.12573999 94405954.46298 49793846.4881 81122663.02467 117155790.14618 160828900.24317998 97869324.83611 87920160.92302999 150166219.32064 127548767.13825 166883991.76772997 158535620.78908998 161788057.5213 167454461.05034 152226336.01066 137689654.5181 144325415.04567 157742180.91131 159343630.4608 196722364.62849998 162426407.50865 181776184.84779 171459074.07637 157422360.16003 87356029.28246999 143376726.13002998 160444168.36924 163710088.58314 86509988.63945 100025514.90959 159785400.14964 173973092.65528 184042961.87237 190788184.35995 168964414.68372 151791441.02233 0 118285021.6098 151754108.24857 135227710.53043 
316734152.18885 302029269.32690996 277860588.62930995 264934599.36567998 385431353.64961 266226895.19194 212726206.73553997 212690976.07277995 168078868.09789997 199407684.63447 212021227.25405 255694337.35104996 216154346.44591 206205182.53283 268451240.93044 245833788.74804997 285169013.37753 276820642.39888996 221809936.75522998 230726989.85011 215498864.81043 197711533.75203 262610436.65546998 276027202.52110994 277628652.0706 307311448.37389994 268836503.20519996 221187644.70194998 288691077.56864 275707381.76983 205641050.89226997 150069248.4156 223159939.82979 226425860.04369 149782517.43922 163298043.70936 278070421.75944 292258114.26508 302327983.48217 309073205.96975 240598038.42567 223425064.76428 118285021.6098 0 84538397.8301 201833830.1022 
232195754.35875 217787229.2743 214479165.75133 201553176.4877 309812132.46217 181688497.36184 144807036.54121 144771805.87845 101960261.76047 133289078.29704 127482829.42395 171155939.52095002 199004586.54162997 199824751.77672 249896921.12330997 176340441.92092 215675666.5504 207327295.57176 140522188.49097 146188592.02001 130960466.98032999 116423785.48776999 196491830.31803998 209908596.18368 208156866.29220998 222773050.5438 184298105.3751 136649246.87184998 204152679.73854 198943502.08703 139522444.55484 195543141.4024 185185807.4456 188451727.6595 65244119.609120004 78759645.87926 215766116.09002998 214849986.95597 270213361.5015 263468139.01392 166321356.83563 166688877.73128998 151754108.24857 84538397.8301 0 117295432.2721 
114900322.08665 156726632.19820002 152692248.37103 161329317.00128 269588272.97574997 168495690.4157 130081202.67997 130045972.01720999 85433864.04233 54105047.50576 87258969.93753 130932080.03453 162067871.08797997 172017035.00105998 212960205.66965997 100531151.61933999 139866376.24881998 131518005.27017999 127329381.54483 132995785.07387 117767660.03419 103230978.54163 111991933.16238 130724565.3924 149293098.58359998 165129788.36353996 170849569.77561 205230795.12087 175570226.91635 207800418.84428 60338413.76356 116359110.61112 133426552.85033 136692473.06423 52051312.66298 38535786.39284 131266218.93436998 145453911.44000998 263459411.68941998 259562284.99655998 162415502.81827 220631617.48483 135227710.53043 201833830.1022 117295432.2721 0 
