16
25 33 54 63 73 70 65 31 61 29 15 38 9 43 44 18
0 135831383.47414 240924524.58506998 116499421.29766 203887262.97456 69398760.82243 9992134.93177 144579491.17506 117347043.31848 105274915.45255001 156636461.87599 144709447.79424 126483794.97847 86008633.96625 208408321.29434 290927667.04676 
135831383.47414 0 361150857.8728 252330804.77179998 337844054.23606 205230144.29657 145823518.40591 258276381.91946 192522520.42032 184010816.61875 235372363.04219 280540831.26838 262315178.45261 221840017.44039 344239704.76848 426759050.5209 
240924524.58506998 361150857.8728 0 124425103.28740999 193730199.35670003 258693624.37043 250916659.51683998 310369972.0083 356264035.82993996 330775180.17449 315339753.51642 152635129.78399 134409476.96822 251799114.79949 177826068.89449 354184773.31742 
116499421.29766 252330804.77179998 124425103.28740999 0 202954777.41491 185898182.12009 126491556.22942999 261078912.47271997 233846464.61614 206350076.88707998 190914650.22901 28210026.49658 9984373.68081 202508055.26391 217487915.13966 393846619.56259 
203887262.97456 337844054.23606 193730199.3567 202954777.41491 0 134488502.15213 193895128.04279 272534502.05541 206780640.55627 273468238.53032994 240040160.14198 231164803.91149 212939151.09572 289895896.94080997 233887165.18511 410245869.60804 
69398760.82243 205230144.29656997 258693624.37043 185898182.12009 134488502.15213 0 59406625.89066 203460351.85615 137706490.35701 154689406.41144 206050952.83488 214108208.61666998 195882555.80089998 155407394.78868 277807082.11676997 360326427.86919 
9992134.93177 145823518.40591 250916659.51683998 126491556.22942999 193895128.04279 59406625.89066 0 154571626.10683 107354908.38671 95282780.52078 146644326.94422 154701582.72601 136475929.91024 96000768.89802 218400456.22610998 300919801.97853 
144579491.17506 258276381.91946 310369972.0083 261078912.47271997 272534502.05541 203460351.85615 154571626.10683 0 65753861.49914 205506022.93469 256867569.35812998 289288938.9692999 271063286.15352994 111765058.65831 234164745.9864 410523450.40933 
117347043.31848 192522520.42032 356264035.82993996 233846464.61614 206780640.55627 137706490.35701 107354908.38671 65753861.49914 0 179123994.57589 230485540.99932998 262056491.11271998 243830838.29694998 177518920.15745002 299918607.48554 408274710.36524 
105274915.45255 184010816.61875 330775180.17449 206350076.88707998 273468238.53033 154689406.41144 95282780.52078 205506022.93469 179123994.57589 0 114970319.10247 214591356.02203998 196365703.20626998 186672731.07988998 309072418.40797997 396202582.49931 
156636461.87599 235372363.04219 315339753.51642 190914650.22901 240040160.14198 206050952.83488 146644326.94422 256867569.35812998 230485540.99932998 114970319.10247 0 168067784.29693 180930276.5482 242645095.84224 323301590.25338 447564128.92275 
144709447.79424 280540831.26838 152635129.78399 28210026.49658 231164803.91149 214108208.61667 154701582.72601 289288938.9693 262056491.11272 214591356.02204 168067784.29693 0 18225652.81577 230718081.76049 189277888.64308 365636593.06601 
126483794.97847 262315178.45261 134409476.96822 9984373.68081 212939151.09572 195882555.80089998 136475929.91024 271063286.15353 243830838.29694998 196365703.20626998 180930276.5482 18225652.81577 0 212492428.94472 207503541.45885 383862245.88178 
86008633.96625 221840017.44039 251799114.79949 202508055.26391 289895896.94080997 155407394.78868 96000768.89802 111765058.65831 177518920.15745 186672731.07988998 242645095.84223998 230718081.76049 212492428.94472 0 122399687.32809 298758391.75102 
208408321.29433998 344239704.76848 177826068.89449 217487915.13966 233887165.18511 277807082.11676997 218400456.22610998 234164745.9864 299918607.48554 309072418.40797997 323301590.25338 189277888.64308 207503541.45885 122399687.32809 0 176358704.42293 
290927667.04676 426759050.5209 354184773.31742 393846619.56259 410245869.60804 360326427.86919 300919801.97853 410523450.40933 408274710.36524 396202582.49931 447564128.92275 365636593.06601 383862245.88178 298758391.75102 176358704.42293 0 
