22
location19 location1 location26 location67 location89 location63 location27 location47 location71 location28 location79 location11 location0 location72 location86 location36 location13 location91 location31 location14 location54 location12
0 2.4408 5.9107 8.0694 7.4499 9.7532 10.741600000000002 7.092600000000001 4.5608 11.306000000000001 8.0845 8.581399999999999 11.365300000000001 9.0829 15.7732 6.2437000000000005 9.2597 8.5933 11.2919 11.2864 5.8975 5.6152999999999995 
2.4408 0 3.4699 6.8024000000000004 9.890699999999999 12.193999999999999 13.182400000000001 9.5334 7.0016 13.3695 10.5253 11.022199999999998 13.1976 11.5237 18.214 8.6845 11.7005 9.7281 12.559899999999999 12.4148 8.3383 8.0561 
5.9107 3.4699 0 3.3325 8.4799 10.7832 14.9649 11.3159 10.4715 13.1089 11.1919 7.9466 9.7277 8.4234 15.113700000000001 9.761199999999999 8.7286 6.2582 9.09 8.9449 8.9284 11.526000000000002 
8.0694 6.8024000000000004 3.3325 0 5.9419 8.2452 11.6324 7.9834000000000005 10.5152 9.7764 11.1427 6.5106 6.3952 8.6776 15.367899999999999 7.2232 6.6661 9.1365 9.783900000000001 9.778400000000001 12.2609 13.684700000000001 
7.4498999999999995 9.890699999999999 8.4799 5.9419 0 2.3033 7.2205 7.9821 6.6905 9.934000000000001 6.4105 7.8854 11.7253 9.4429 16.1332 6.6037 8.117700000000001 8.2925 9.1644 9.1589 9.398900000000001 9.023 
9.7532 12.193999999999999 10.783199999999999 8.2452 2.3033 0 4.9172 8.5662 8.9938 8.6426 8.713799999999999 10.1887 14.0286 11.7462 18.4365 8.907 9.0356 10.595799999999999 11.4677 11.4622 11.702199999999998 11.3263 
10.741599999999998 13.182399999999998 14.9649 11.6324 7.2205 4.9172 0 3.649 6.1808 9.892 13.1536 14.628499999999999 11.4801 9.197700000000001 15.888000000000002 12.036900000000001 9.6827 12.100500000000002 12.7369 12.7314 9.0918 16.2435 
7.0926 9.5334 11.315900000000001 7.983400000000001 7.9821 8.5662 3.649 0 2.5318 6.243 9.5046 10.979499999999998 7.8311 5.5487 12.239 8.3879 6.0337 8.4515 9.087900000000001 9.0824 5.4428 12.7079 
4.5608 7.0016 10.471499999999999 10.5152 6.6905 8.9938 6.1808 2.5318 0 8.774799999999999 9.6736 11.148499999999999 10.3629 8.0805 14.770800000000001 6.2733 8.5655 6.7308 9.5626 11.6104 5.927099999999999 10.1761 
11.306000000000001 13.3695 13.1089 9.7764 9.934000000000001 8.6426 9.892 6.243 8.7748 0 6.811999999999999 11.444099999999999 8.764199999999999 6.4818 13.1721 9.321 9.454500000000001 8.2949 11.1267 12.9606 9.321 14.831600000000002 
8.0845 10.5253 11.191899999999999 11.142700000000001 6.4105 8.713799999999999 13.1536 9.5046 9.6736 6.811999999999999 0 4.632099999999999 9.8342 7.5518 14.2421 10.391 9.9539 12.4243 14.128200000000001 14.564300000000003 11.0103 13.2522 
8.5814 11.0222 7.9466 6.5106 7.8854 10.1887 14.628500000000003 10.979500000000002 11.1485 11.4441 4.632099999999999 0 7.1628 9.4452 16.1355 12.2844 12.0578 9.5874 12.4192 12.2741 12.2576 14.196700000000002 
11.365300000000001 13.197600000000001 9.7277 6.3952 11.7253 14.0286 11.4801 7.831099999999999 10.3629 8.7642 9.8342 7.1628 0 2.2824 8.9727 5.1216 8.4697 10.9401 9.8437 13.856600000000002 8.173300000000001 16.9806 
9.082899999999999 11.523699999999998 8.4234 8.6776 9.4429 11.7462 9.197700000000001 5.5487 8.0805 6.4818 7.5518 9.4452 2.2824 0 6.690300000000001 2.8392 6.1873000000000005 8.6577 11.1538 12.7509 10.4492 14.698199999999998 
15.7732 18.214 15.1137 15.367899999999999 16.133200000000002 18.436500000000002 15.888000000000002 12.239 14.770800000000001 13.1721 14.2421 16.1355 8.9727 6.690300000000001 0 9.5295 12.877600000000001 15.348 17.8441 19.441200000000002 17.139499999999998 21.388499999999997 
6.2437000000000005 8.6845 9.761199999999999 7.2232 6.6037 8.907 12.0369 8.3879 6.2733 9.321 10.390999999999998 12.284399999999998 5.1216 2.8392 9.529499999999999 0 3.3481 5.8185 8.3146 10.4402 7.609999999999999 11.859 
9.259699999999999 11.700499999999998 8.7286 6.6661 8.1177 9.035599999999999 9.6827 6.0337 8.5655 9.4545 9.9539 12.0578 8.4697 6.1873000000000005 12.877600000000001 3.3481 0 2.4704 5.3022 10.9143 7.274699999999999 13.0153 
8.5933 9.728100000000001 6.2582 9.1365 8.2925 10.5958 12.1005 8.4515 6.7308 8.2949 12.4243 9.587399999999999 10.940100000000001 8.6577 15.347999999999999 5.8185 2.4704 0 2.8318 10.5857 9.692499999999999 13.190100000000001 
11.2919 12.559899999999999 9.09 9.7839 9.1644 11.4677 12.736900000000002 9.087900000000001 9.5626 11.1267 14.1282 12.4192 9.8437 11.153799999999999 17.844099999999997 8.314599999999999 5.3022 2.8318 0 7.8035 10.3289 16.0219 
11.2864 12.4148 8.9449 9.7784 9.1589 11.4622 12.7314 9.0824 11.6104 12.9606 14.564300000000001 12.2741 13.8566 12.7509 19.441200000000002 10.4402 10.9143 10.585700000000001 7.8035 0 5.6833 16.901699999999998 
5.8975 8.3383 8.9284 12.2609 9.3989 11.7022 9.0918 5.4428 5.927099999999999 9.321 11.0103 12.2576 8.173300000000001 10.4492 17.139499999999998 7.609999999999999 7.274699999999999 9.692499999999999 10.3289 5.6833 0 11.5128 
5.6152999999999995 8.056099999999999 11.526 13.6847 9.023 11.3263 16.243499999999997 12.7079 10.1761 14.831600000000002 13.2522 14.1967 16.9806 14.6982 21.3885 11.859 13.015300000000002 13.1901 16.0219 16.9017 11.512799999999999 0 
