15
OLSL2 ZCU97 49CGM MXX55 0JUN2 NV2VY TH1G8 IY314 1P1UA KPNHM T5W7D RQZSX SZKKG XOPIR O2XJ9
0 1.91 2.16 1.73 2.31 3.38 1.65 1.53 2.02 2.65 1.85 1.18 2.59 1.95 1.15 
1.91 0 1.87 1.4 2.28 3.42 1.48 2.5999999999999996 2.53 3.21 2.76 3.0 2.6900000000000004 1.66 2.13 
2.16 1.87 0 2.27 2.71 3.03 3.25 3.31 2.8 2.08 1.89 2.85 2.87 2.5 3.31 
1.73 1.4 2.27 0 1.88 2.18 1.08 1.2 1.69 2.09 2.17 1.6 2.59 2.73 2.88 
2.31 2.28 2.71 1.88 0 1.3 1.8 1.92 3.41 3.46 2.72 2.27 2.65 2.63 3.32 
3.38 3.42 3.03 2.18 1.3 0 2.1 2.22 2.71 3.3 2.77 2.2 2.71 3.33 2.62 
1.65 1.48 3.25 1.08 1.8 2.1 0 1.12 2.6100000000000003 2.17 2.09 1.68 2.03 3.09 1.8 
1.53 2.5999999999999996 3.31 1.2 1.92 2.22 1.12 0 1.49 3.22 2.19 1.71 2.15 2.21 1.68 
2.02 2.53 2.8 1.69 3.41 2.71 2.6100000000000003 1.49 0 1.92 2.58 2.2 1.99 1.93 3.17 
2.65 3.21 2.08 2.09 3.46 3.3 2.17 3.22 1.92 0 2.13 2.98 2.31 2.25 3.18 
1.85 2.76 1.89 2.17 2.72 2.77 2.09 2.19 2.58 2.13 0 1.67 2.98 2.36 3.0 
1.18 3.0 2.85 1.6 2.27 2.2 1.68 1.71 2.2 2.98 1.67 0 1.71 2.77 1.33 
2.59 2.6900000000000004 2.87 2.59 2.65 2.71 2.03 2.15 1.99 2.31 2.98 1.71 0 1.06 1.44 
1.95 1.66 2.5 2.73 2.63 3.33 3.09 2.21 1.93 2.25 2.36 2.77 1.06 0 2.5 
1.15 2.13 3.31 2.88 3.32 2.62 1.8 1.68 3.17 3.18 3.0 1.33 1.44 2.5 0 
