32
UUOP5 18R1B URMBF HR8IA OE5TB EQWAL H7R17 WZTTJ TG5ZG BMC9X H8ZPW KRLTG 77EY5 EYREL 7CXN0 KB443 X2AM4 XPFOM WH9QK 1ACIU B8UZ8 42QVU CHXFM F07YB QSI1X 1UWW5 XTUSM 1NBGE HZ80H 1BUOS 5I6U4 WNYCV
0 1.2 4.05 5.48 6.390000000000001 7.029999999999999 1.23 1.81 5.359999999999999 5.65 7.4399999999999995 5.39 6.32 4.18 4.36 6.57 6.35 4.38 4.3 6.45 6.85 4.75 3.0 4.49 5.67 4.53 2.06 5.34 5.5 4.91 5.02 1.14 
1.2 0 2.96 5.68 6.1899999999999995 6.83 1.03 1.61 5.16 6.390000000000001 7.24 5.529999999999999 6.23 3.9800000000000004 5.5600000000000005 7.37 7.15 4.18 3.1 6.97 5.65 4.55 2.91 4.69 6.87 5.73 3.26 5.14 6.19 6.11 4.82 1.34 
4.05 2.96 0 4.76 6.65 9.11 3.9899999999999998 3.57 5.31 6.45 6.34 3.29 4.27 5.9399999999999995 6.2299999999999995 8.71 7.21 5.140000000000001 5.06 7.789999999999999 6.27 4.49 1.37 4.95 7.83 5.69 4.5 5.08 6.9399999999999995 7.92 5.78 3.3 
5.48 5.68 4.76 0 3.78 10.15 6.33 6.91 5.71 7.61 8.46 7.01 8.03 7.02 8.84 9.87 9.42 8.48 8.26 10.02 7.64 8.51 4.39 6.38 9.56 7.55 5.54 8.62 9.39 7.54 9.5 6.16 
6.390000000000001 6.1899999999999995 6.65 3.78 0 6.37 7.22 7.72 9.49 7.32 10.25 9.22 9.12 8.8 9.09 10.24 10.440000000000001 9.37 8.29 10.94 9.56 8.33 5.28 9.8 11.98 8.92 6.45 8.719999999999999 9.59 11.3 11.01 6.53 
7.029999999999999 6.83 9.11 10.15 6.37 0 5.8 7.38 10.93 12.219999999999999 9.89 6.64 6.78 8.01 9.3 12.58 11.37 7.95 7.87 10.49 10.05 8.54 7.74 10.52 11.7 10.559999999999999 9.09 6.71 7.33 11.3 6.75 8.17 
1.23 1.03 3.99 6.33 7.22 5.8 0 1.58 5.13 6.42 7.27 5.5600000000000005 5.26 3.95 5.59 7.34 6.18 4.15 3.07 6.9399999999999995 6.68 4.58 2.94 5.720000000000001 6.9 4.76 3.29 6.17 6.73 5.93 3.79 2.37 
1.81 1.61 3.57 6.91 7.72 7.38 1.58 0 3.55 6.97 7.85 6.140000000000001 6.45 2.37 5.17 5.76 7.26 5.6899999999999995 4.65 6.65 6.2700000000000005 5.16 3.52 5.3 7.48 6.34 2.87 5.75 6.31 6.720000000000001 5.37 2.95 
5.359999999999999 5.16 5.31 5.71 9.49 10.93 5.13 3.55 0 5.92 6.2 6.8 7.94 4.12 8.719999999999999 4.51 3.71 6.43 5.35 8.219999999999999 8.02 8.06 6.68 8.52 10.7 8.89 6.42 9.3 7.74 3.83 6.38 6.42 
5.65 6.390000000000001 6.45 7.61 7.32 12.219999999999999 6.42 6.97 5.92 0 5.91 7.9399999999999995 8.08 4.6 8.86 8.03 8.83 7.44 6.36 8.879999999999999 6.5 9.04 5.4 8.14 11.32 9.559999999999999 6.71 6.88 5.74 8.33 7.8 6.73 
7.4399999999999995 7.24 6.34 8.46 10.25 9.89 7.27 7.85 6.2 5.91 0 3.25 5.390000000000001 7.59 4.87 3.61 3.49 6.79 6.87 9.78 8.84 8.89 5.97 5.14 8.32 9.41 7.17 6.9 8.73 4.21 8.76 7.5 
5.39 5.529999999999999 3.29 7.01 9.219999999999999 6.640000000000001 5.5600000000000005 6.140000000000001 6.8 7.94 3.25 0 2.14 6.22 5.16 5.9399999999999995 6.74 7.71 6.63 8.21 6.59 6.74 4.1 8.24 10.4 7.26 6.45 4.65 8.76 7.459999999999999 8.35 5.25 
6.32 6.23 4.27 8.03 9.12 6.78 5.26 6.45 7.94 8.08 5.390000000000001 2.14 0 5.08 6.37 8.08 7.92 5.81 5.89 9.76 7.73 6.61 5.64 8.22 11.1 7.96 7.77 6.789999999999999 10.21 9.6 7.25 6.57 
4.18 3.9800000000000004 5.9399999999999995 7.02 8.8 8.01 3.95 2.37 4.12 4.6 7.59 6.22 5.08 0 5.05 6.33 7.83 3.84 2.76 6.28 3.9000000000000004 4.9399999999999995 5.89 6.66 7.84 8.71 4.24 7.56 5.42 7.95 6.74 5.319999999999999 
4.36 5.5600000000000005 6.2299999999999995 8.84 9.09 9.3 5.59 5.17 8.719999999999999 8.86 4.87 5.16 6.37 5.05 0 5.47 6.27 2.92 4.0 6.87 8.66 6.58 4.86 7.8500000000000005 9.03 8.89 3.3 8.57 7.89 8.08 7.95 4.52 
6.57 7.37 8.71 9.87 10.24 12.579999999999998 7.34 5.76 4.51 8.03 3.61 5.9399999999999995 8.08 6.33 5.47 0 1.8 7.36 7.28 7.09 8.47 9.76 8.78 7.75 10.93 10.459999999999999 6.93 9.13 10.11 4.359999999999999 7.91 7.02 
6.35 7.15 7.21 9.42 10.440000000000001 11.37 6.18 7.26 3.71 8.83 3.49 6.74 7.92 7.83 6.27 1.8 0 9.16 8.25 8.89 10.270000000000001 8.02 7.16 8.629999999999999 11.73 10.32 7.27 8.33 10.91 3.9400000000000004 7.49 6.49 
4.38 4.18 5.140000000000001 8.48 9.370000000000001 7.95 4.15 5.6899999999999995 6.43 7.44 6.79 7.71 5.81 3.84 2.92 7.36 9.16 0 1.08 4.95 6.74 7.02 5.09 6.87 10.05 7.91 5.22 5.84 5.97 6.56 6.03 4.52 
4.3 3.1 5.06 8.26 8.29 7.87 3.07 4.65 5.35 6.36 6.87 6.63 5.89 2.76 4.0 7.28 8.25 1.08 0 3.87 5.66 6.699999999999999 5.01 5.79 8.969999999999999 7.83 4.36 5.92 4.89 7.48 6.859999999999999 3.44 
6.45 6.970000000000001 7.789999999999999 10.02 10.94 10.49 6.9399999999999995 6.65 8.219999999999999 8.879999999999999 9.78 8.21 9.76 6.28 6.87 7.09 8.89 4.95 3.87 0 2.38 4.48 7.66 8.66 10.84 10.68 8.23 9.79 7.76 8.29 4.74 6.31 
6.85 5.65 6.27 7.64 9.56 10.05 6.68 6.27 8.02 6.5 8.84 6.59 7.73 3.9000000000000004 8.66 8.47 10.270000000000001 6.74 5.66 2.38 0 3.0999999999999996 5.28 7.56 9.74 9.379999999999999 8.14 9.059999999999999 9.319999999999999 9.67 6.12 6.99 
4.75 4.55 4.49 8.51 8.33 8.54 4.58 5.16 8.06 9.04 8.89 6.74 6.61 4.9399999999999995 6.58 9.76 8.02 7.02 6.699999999999999 4.48 3.0999999999999996 0 4.12 9.02 9.42 8.280000000000001 5.81 8.34 9.86 9.06 8.370000000000001 5.89 
3.0 2.91 1.37 4.39 5.28 7.74 2.94 3.52 6.68 5.4 5.97 4.1 5.640000000000001 5.89 4.86 8.78 7.16 5.09 5.01 7.66 5.28 4.12 0 5.9 8.11 5.640000000000001 4.99 4.71 7.3100000000000005 7.91 5.73 3.14 
4.49 4.69 4.95 6.38 9.8 10.52 5.720000000000001 5.3 8.52 8.14 5.14 8.24 8.22 6.66 7.8500000000000005 7.75 8.629999999999999 6.87 5.79 8.66 7.56 9.02 5.9 0 3.18 7.49 5.550000000000001 6.91 7.4 8.4 6.87 5.54 
5.67 6.87 7.83 9.56 11.98 11.7 6.9 7.48 10.7 11.32 8.32 10.4 11.1 7.84 9.03 10.93 11.73 10.049999999999999 8.969999999999999 10.84 9.74 9.42 8.11 3.18 0 4.31 7.73 9.09 9.58 9.58 9.37 6.81 
4.53 5.73 5.69 7.55 8.92 10.559999999999999 4.76 6.34 8.89 9.559999999999999 9.41 7.26 7.96 8.71 8.89 10.459999999999999 10.32 7.91 7.83 10.68 9.379999999999999 8.280000000000001 5.640000000000001 7.49 4.31 0 5.59 8.87 10.030000000000001 9.440000000000001 6.06 4.67 
2.06 3.26 4.5 5.54 6.45 9.09 3.29 2.87 6.42 6.71 7.17 6.45 7.77 4.24 3.3 6.93 7.27 5.22 4.36 8.23 8.139999999999999 5.81 4.99 5.550000000000001 7.73 5.59 0 7.29 7.5600000000000005 6.97 6.08 2.2 
5.34 5.14 5.08 8.62 8.719999999999999 6.71 6.17 5.75 9.3 6.88 6.9 4.65 6.789999999999999 7.56 8.57 9.13 8.33 5.84 5.92 9.79 9.059999999999999 8.34 4.71 6.91 9.09 8.87 7.29 0 9.7 8.73 9.5 6.24 
5.5 6.19 6.9399999999999995 9.39 9.59 7.33 6.73 6.31 7.74 5.74 8.73 8.76 10.21 5.42 7.89 10.11 10.91 5.97 4.89 7.76 9.319999999999999 9.86 7.3100000000000005 7.4 9.58 10.030000000000001 7.5600000000000005 9.7 0 10.15 8.62 5.36 
4.91 6.11 7.92 7.54 11.3 11.3 5.93 6.720000000000001 3.83 8.33 4.21 7.459999999999999 9.6 7.95 8.08 4.359999999999999 3.9400000000000004 6.56 7.48 8.29 9.67 9.06 7.91 8.4 9.58 9.440000000000001 6.97 8.73 10.15 0 4.55 6.05 
5.02 4.82 5.78 9.5 11.01 6.75 3.79 5.37 6.38 7.8 8.76 8.35 7.25 6.74 7.95 7.91 7.49 6.03 6.859999999999999 4.74 6.12 8.370000000000001 5.73 6.87 9.37 6.06 6.08 9.5 8.62 4.55 0 5.16 
1.14 1.34 3.3 6.16 6.53 8.17 2.37 2.95 6.42 6.73 7.5 5.25 6.57 5.32 4.52 7.02 6.49 4.52 3.44 6.31 6.99 5.89 3.14 5.54 6.81 4.67 2.2 6.24 5.36 6.05 5.16 0 
