14
22 46 44 2 34 35 25 8 39 38 37 9 7 4
0 638.817 542.497 442.443 942.317 1085.1299999999999 787.384 812.492 938.4920000000001 870.556 934.4029999999999 855.105 748.997 279.299 
638.817 0 96.32 1005.5369999999999 1084.492 1100.903 810.154 702.1490000000001 928.8040000000001 860.868 1008.3710000000001 876.085 949.48 734.955 
542.497 96.32 0 930.6690000000001 988.172 1016.956 713.8340000000001 605.829 832.484 764.548 912.0509999999999 894.572 950.2349999999999 638.635 
442.443 1005.5369999999999 930.669 0 499.874 657.635 969.9449999999999 814.278 496.049 428.113 565.331 719.4649999999999 840.593 648.605 
942.317 1084.492 988.172 499.874 0 157.761 714.548 797.075 836.856 888.309 740.806 769.39 890.518 813.005 
1085.13 1100.903 1016.956 657.635 157.761 0 647.864 909.644 770.172 821.625 674.122 702.7059999999999 823.834 805.831 
787.384 810.154 713.834 969.9449999999999 714.548 647.864 0 627.9759999999999 893.538 830.75 683.247 955.8799999999999 921.888 1066.683 
812.492 702.1489999999999 605.829 814.278 797.075 909.644 627.9759999999999 0 598.206 666.142 812.7 700.232 753.133 979.131 
938.492 928.8040000000001 832.484 496.049 836.856 770.172 893.538 598.206 0 67.936 214.494 512.412 633.5400000000001 751.154 
870.556 860.8679999999999 764.548 428.113 888.309 821.625 830.75 666.142 67.936 0 147.503 563.865 684.993 802.607 
934.4029999999999 1008.3710000000001 912.051 565.331 740.8059999999999 674.122 683.247 812.7 214.494 147.503 0 416.36199999999997 537.49 655.1039999999999 
855.1049999999999 876.085 894.572 719.4649999999999 769.3899999999999 702.7059999999999 955.8799999999999 700.232 512.412 563.865 416.36199999999997 0 121.128 575.8059999999999 
748.997 949.48 950.235 840.593 890.5179999999999 823.834 921.888 753.133 633.54 684.9929999999999 537.49 121.128 0 469.698 
279.299 734.9549999999999 638.635 648.605 813.005 805.831 1066.683 979.1309999999999 751.154 802.607 655.1039999999999 575.806 469.698 0 
