20
9 12 45 0 1 13 31 18 33 46 48 17 32 35 37 3 2 22 14 10
0 263866051.9712 657652200.63948 895311941.62558 923656170.8398299 783324164.2877799 620786552.63286 992082429.81606 498762964.26457 1330547739.32527 1843656811.31376 2368866341.5013 2526484263.78712 2595709979.1645403 1621335323.3615701 1389039649.86226 1182252761.59408 664601992.94309 1382865373.53234 472371675.09745 
263866051.9712 0 393786148.66828 631445889.65438 659790118.8686299 999370624.5691099 884652604.6040599 1255948481.78726 762629016.23577 1594413791.29647 2107522863.28496 2632732393.4725 2748111895.39741 2654336745.26173 1679962089.45876 1275115094.69066 1446118813.56528 928468044.91429 1646731425.50354 736237727.06865 
657652200.63948 393786148.66828 0 237659740.9861 266003970.20035 605584475.90083 768122087.55575 1139417964.73895 1156415164.9040499 1546353578.43464 1759341038.87691 2594609947.0644903 2752227869.3503103 2743045514.08743 1768670858.28446 1664673090.89389 1392940537.29055 1322254193.5825698 2040517574.17182 1130023875.73693 
895311941.62558 631445889.65438 237659740.9861 0 28344229.21425 367924734.91472995 530462346.56964993 901758223.7528499 943567625.3553699 1775352400.41607 1753332605.25055 2356950206.07839 2514568128.36421 2505385773.1013303 1531011117.29836 1427013349.90779 1155280796.30445 1109406654.03389 1880452612.9573798 969958914.5224899 
923656170.8398299 659790118.8686299 266003970.20035 28344229.21425 0 339580505.70048 502118117.35539997 873413994.5386 915223396.14112 1747008171.20182 1724988376.0363 2328605976.86414 2486223899.14996 2477041543.88708 1502666888.08411 1455357579.12204 1126936567.0902 1081062424.81964 1852108383.74313 941614685.3082399 
783324164.2877799 999370624.5691099 605584475.9008299 367924734.91472995 339580505.70048 0 162537611.65492 533833488.83812 575642890.44064 1407427665.50134 1385407870.33582 1989025471.16366 2146643393.44948 2137461038.1866002 1163086382.38363 1567933377.15173 787356061.38972 741481919.1191599 1512527878.04265 602034179.60776 
620786552.63286 884652604.6040599 768122087.5557499 530462346.56964993 502118117.35539997 162537611.65492 0 371295877.1832 413105278.78572 1244890053.8464198 1222870258.6809 1826487859.50874 1984105781.79456 1974923426.53168 1000548770.7287099 1405395765.49681 624818449.7348 578944307.46424 1349990266.3877301 439496567.95284 
992082429.81606 1255948481.78726 1139417964.73895 901758223.7528499 873413994.5386 533833488.83812 371295877.1832 0 784401155.96892 1408762492.74595 851574381.4977 1944984301.86512 2102602224.15094 2206763317.24497 1371844647.91191 1776691642.68001 996114326.918 950240184.64744 1068965285.68358 810792445.13604 
498762964.26457 762629016.23577 1156415164.9040499 943567625.3553699 915223396.14112 575642890.44064 413105278.78572 784401155.96892 0 831784775.0606999 1388972886.30895 1870103377.23673 2027721299.52255 2117511908.04981 1143137252.24684 1547984247.01494 683489797.32951 165839028.67852 936884987.60201 26391289.16712 
1330547739.32527 1594413791.29647 1546353578.43464 1775352400.41607 1747008171.20182 1407427665.50134 1244890053.8464198 1408762492.74595 831784775.0606999 0 557188111.24825 1650598031.61567 1808215953.90149 2913842434.27232 1947874753.5802798 2352721748.34838 1488227298.6629498 665945746.38218 1508386325.61162 858176064.2278199 
1843656811.3137598 2107522863.2849598 1759341038.87691 1753332605.25055 1724988376.0363002 1385407870.3358202 1222870258.6809 851574381.4977 1388972886.30895 557188111.24825 0 1093409920.36742 1251027842.65324 2356654323.02407 1396228768.14798 1801075762.91608 936581313.23065 1223133857.63043 1920539667.1812801 1415364175.47607 
2368866341.5013 2632732393.4725 2594609947.0644903 2356950206.07839 2328605976.86414 1989025471.16366 1826487859.50874 1944984301.86512 1870103377.23673 1650598031.61567 1093409920.36742 0 157617922.28582 1263244402.65665 1661316864.69127 2066163859.4593701 1201669409.77394 2035942405.91525 1802501240.5268402 1896494666.40385 
2526484263.78712 2748111895.39741 2752227869.3503103 2514568128.36421 2486223899.14996 2146643393.44948 1984105781.79456 2102602224.15094 2027721299.52255 1808215953.90149 1251027842.65324 157617922.28582 0 1105626480.37083 1818934786.9770901 2223781781.74519 1359287332.05976 1981945983.56277 1960119162.8126602 2054112588.68967 
2595709979.1645403 2654336745.2617307 2743045514.0874305 2505385773.1013303 2477041543.88708 2137461038.1866 1974923426.53168 2206763317.24497 2117511908.04981 2913842434.27232 2356654323.02407 1263244402.65665 1105626480.37083 0 974374655.80297 1379221650.5710702 1434022110.7203 2283350936.72833 1681266331.55458 2143903197.21693 
1621335323.36157 1679962089.45876 1768670858.28446 1531011117.29836 1502666888.08411 1163086382.38363 1000548770.7287099 1371844647.91191 1143137252.24684 1947874753.5802798 1396228768.14798 1661316864.6912699 1818934786.97709 974374655.80297 0 404846994.7681 459647454.91732997 1308976280.92536 1376560505.61068 1169528541.41396 
1389039649.86226 1275115094.69066 1664673090.89389 1427013349.90779 1455357579.12204 1567933377.15173 1405395765.49681 1776691642.6800098 1547984247.01494 2352721748.34838 1801075762.91608 2066163859.4593701 2223781781.74519 1379221650.5710702 404846994.7681 0 864494449.68543 1713823275.69346 1781407500.3787801 1574375536.18206 
1182252761.59408 1446118813.56528 1392940537.29055 1155280796.30445 1126936567.0902 787356061.38972 624818449.7348 996114326.918 683489797.32951 1488227298.66295 936581313.23065 1201669409.77394 1359287332.05976 1434022110.7203 459647454.91732997 864494449.68543 0 849328826.0080299 1620374784.93152 709881086.49663 
664601992.94309 928468044.91429 1322254193.58257 1109406654.03389 1081062424.81964 741481919.1191599 578944307.46424 950240184.64744 165839028.67852 665945746.38218 1223133857.63043 2035942405.9152498 1981945983.56277 2283350936.72833 1308976280.92536 1713823275.69346 849328826.0080299 0 842440579.22944 192230317.84564 
1382865373.53234 1646731425.50354 2040517574.1718202 1880452612.9573803 1852108383.7431302 1512527878.0426502 1349990266.3877301 1068965285.68358 936884987.60201 1508386325.61162 1920539667.18128 1802501240.5268402 1960119162.8126602 1681266331.55458 1376560505.61068 1781407500.3787801 1620374784.93152 842440579.22944 0 910493698.43489 
472371675.09745 736237727.06865 1130023875.73693 969958914.5224899 941614685.3082399 602034179.60776 439496567.95284 810792445.13604 26391289.16712 858176064.2278199 1415364175.47607 1896494666.40385 2054112588.68967 2143903197.21693 1169528541.41396 1574375536.18206 709881086.49663 192230317.84564 910493698.43489 0 
