41
A67 A52 A73 A36 A82 A35 A6 A30 A26 A95 A39 A31 A91 A45 A85 A54 A65 A32 A14 A58 A1 A88 A15 A38 A71 A28 A81 A18 A47 A66 A99 A55 A16 A12 A53 A90 A7 A13 A79 A5 A29
0 1900000107.34328 5700000365.455561 3800000208.91461 5700000358.62715 7600000482.94337 9500000593.6092 9500000646.16027 9500000667.064121 9500000645.292511 7600000505.9704 9500000648.7477 7600000587.456579 9500000673.74382 9500000630.193672 9500000650.73748 7600000522.572969 9500000612.93397 9500000665.26046 9500000616.25658 9500000607.39413 11400000683.81869 7600000514.043169 9500000622.40413 7600000608.84856 9500000722.091 7600000601.02047 7600000504.245299 7600000490.870001 9500000635.215342 7600000507.644421 5700000410.60311 7600000565.27772 7600000525.734451 9500000657.586292 11400000791.081572 9500000647.35392 11400000749.03921 5700000406.32922 3800000268.3647604 1900000159.97705 
1900000107.34328 0 3800000258.11228 1900000101.57133 5700000314.649389 7600000438.96561 9500000549.63144 9500000684.134941 7600000559.72084 7600000537.94923 7600000461.99264 9500000714.36054 5700000480.1133 7600000566.40054 9500000700.61096 11400000686.3433 9500000558.17879 9500000702.96517 9500000670.26476 9500000572.27882 7600000552.51572 9500000666.46763 7600000470.065409 9500000578.42637 7600000564.8708 9500000696.28277 9500000626.022999 7600000460.267539 9500000598.21328 7600000554.65434 5700000400.30114 5700000415.6074095 7600000570.28202 9500000633.07773 11400000764.92957 11400000810.67278 9500000652.35822 11400000705.06145 7600000513.672501 5700000375.70804 3800000267.32033 
5700000365.45556 3800000258.11228 0 5700000359.68361 9500000572.76167 9500000609.23067 7600000498.56484 5700000426.022659 3800000301.6085596 3800000279.83695 7600000547.381029 9500000679.875618 9500000718.35047 9500000638.6081 9500000661.32159 9500000647.487751 7600000519.32324 9500000609.68424 9500000639.20233 7600000533.42327 3800000294.40344 5700000408.3553505 9500000635.37064 9500000656.17713 7600000539.26677 7600000553.43434 5700000432.36381 7600000598.119269 7600000521.99792 7600000580.2833605 5700000425.9301605 5700000441.23643 7600000595.91104 7600000556.86237 9500000688.71421 11400000820.10844 9500000661.79388 11400000766.901571 5700000437.45714 3800000299.4926796 5700000407.88039 
3800000208.91461 1900000101.57133 5700000359.68361 0 3800000213.07806 5700000337.39428 7600000448.06011 9500000540.69269 9500000661.29217 9500000627.96539 5700000360.421309 9500000606.61253 7600000581.684629 7600000562.640799 11400000728.525452 9500000584.77197 7600000456.60746 9500000546.96846 9500000576.48655 7600000470.70749 7600000461.845039 9500000538.2696 5700000368.49408 7600000476.85504 5700000463.299469 9500000645.5222 7600000524.45167 5700000358.69621 7600000504.2098 9500000648.55514 7600000501.87247 7600000517.17874 9500000671.85335 11400000734.64906 13300000866.5009 11400000757.39266 9500000599.0781 9500000603.49012 9500000572.85121 7600000477.279369 5700000368.89166 
5700000358.62715 5700000314.64939 9500000572.76167 3800000213.07806 0 1900000124.31622 3800000234.98205 5700000327.61463 7600000452.028729 7600000572.47931 5700000301.51603 9500000547.70725 9500000585.50601 7600000503.735519 7600000545.392139 9500000525.86669 7600000397.70218 9500000488.063179 9500000517.58127 7600000411.80221 7600000402.93976 5700000325.19154 1900000155.41602 3800000301.45471 5700000404.39419 5700000432.4441395 3800000311.37361 1900000145.61815 3800000291.13174 5700000435.47708 7600000589.83028 9500000655.87533 7600000603.52101 9500000598.32559 11400000730.17743 9500000604.03187 7600000445.71731 5700000390.41206 9500000513.94593 7600000513.63698 7600000518.604199 
7600000482.94337 7600000438.96561 9500000609.23067 5700000337.3942795 1900000124.31622 0 1900000110.66583 3800000203.29841 5700000327.71251 9500000617.89636 7600000425.83225 7600000478.12694 11400000709.82223 9500000628.051739 9500000581.48886 9500000592.03624 7600000463.87173 9500000554.23273 9500000549.18595 9500000536.11843 5700000314.82723 3800000200.87532 3800000247.47163 5700000393.510321 7600000528.710409 7600000556.76036 5700000435.68983 3800000269.93437 5700000415.44796 7600000559.7933 9500000714.1465 9500000558.1519 9500000695.57662 9500000594.133549 9500000613.21093 7600000479.71565 5700000321.40109 7600000426.50878 9500000580.11548 9500000581.09392 9500000642.92042 
9500000593.6092 9500000549.63144 7600000498.56484 7600000448.060109 3800000234.98205 1900000110.66583 0 1900000092.63258 3800000217.04668 7600000507.23053 9500000486.45281 5700000367.46111 9500000601.708351 9500000548.36606 9500000587.92694 9500000557.24571 7600000429.0812 9500000519.4422 9500000548.960289 7600000443.18123 3800000204.1614 1900000090.20949 1900000136.8058 3800000282.84449 7600000449.02473 9500000667.42619 7600000546.3556595 5700000380.6002 7600000526.11379 9500000670.45913 11400000755.00877 9500000612.66644 7600000584.91079 7600000483.46772 9500000615.319561 9500000590.381481 7600000432.06692 9500000537.17461 9500000545.32495 7600000470.428089 9500000578.8158 
9500000646.16027 9500000684.13494 5700000426.022659 9500000540.69269 5700000327.61463 3800000203.29841 1900000092.63258 0 1900000124.4141 5700000434.68835 7600000521.01975 3800000274.82853 7600000509.075769 9500000595.36301 7600000495.29436 9500000639.04784 9500000521.71378 9500000621.28563 11400000641.592869 9500000535.813808 5700000296.79398 3800000182.84207 3800000229.4383802 5700000375.47707 9500000541.657309 9500000708.28574 7600000587.21521 7600000473.2327795 9500000600.300749 11400000744.64609 9500000662.37619 7600000520.033859 7600000488.60248 5700000390.83514 7600000522.68698 9500000656.18226 9500000524.699501 9500000650.27444 7600000515.75997 5700000377.795509 7600000486.18322 
9500000667.064121 7600000559.72084 3800000301.6085596 9500000661.292171 7600000452.02873 5700000327.71251 3800000217.04668 1900000124.4141 0 3800000310.27425 7600000577.81833 5700000399.24263 9500000633.48987 9500000669.0454 9500000619.708458 9500000677.92505 7600000549.76054 9500000640.12154 9500000669.63963 7600000563.86057 3800000324.84074 5700000307.25617 5700000353.85248 7600000499.8911705 7600000569.70407 7600000583.871639 5700000462.801109 7600000628.556569 9500000687.906 11400000832.25134 9500000727.53872 7600000607.63911 9500000613.016579 7600000515.249239 9500000647.101078 11400000780.596357 9500000692.23118 11400000774.688538 7600000603.365219 5700000465.40076 7600000573.788469 
9500000645.292511 7600000537.94923 3800000279.83695 9500000627.96539 7600000572.47931 9500000617.89636 7600000507.23053 5700000434.68835 3800000310.27425 0 3800000267.54408 7600000513.7353 7600000551.53406 7600000512.058459 11400000798.51457 9500000656.15344 7600000527.98893 9500000618.34993 9500000647.86802 7600000542.08896 3800000303.06913 5700000417.02104 9500000644.03633 9500000564.84549 7600000547.93246 5700000382.1762295 3800000261.1057 5700000426.86116 7600000572.37475 9500000716.72009 9500000705.767109 7600000585.867499 9500000740.542109 9500000700.99884 11400000832.850681 11400000828.77413 9500000670.45957 9500000671.65507 7600000581.593609 5700000443.629149 7600000552.016859 
7600000505.9704 7600000461.99264 7600000547.381029 5700000360.421309 5700000301.516029 7600000425.83225 9500000486.45281 7600000521.019751 7600000577.81833 3800000267.54408 0 3800000246.1912203 3800000283.9899797 5700000370.27722 9500000548.97182 7600000405.21834 5700000277.05383 7600000367.41483 7600000396.93292 5700000291.15386 5700000282.29141 7600000396.24332 7600000443.340101 5700000297.301411 5700000296.99736 5700000417.41633 3800000296.3458004 5700000462.10126 7600000419.541861 9500000563.887201 11400000718.240402 9500000594.79707 9500000500.09798 9500000601.92874 11400000711.33431 9500000577.839031 7600000419.52447 9500000524.63216 7600000393.297581 7600000452.558721 9500000560.94643 
9500000648.747702 9500000714.36054 9500000679.87562 9500000606.61253 9500000547.70725 7600000478.12694 5700000367.46111 3800000274.82853 5700000399.24263 7600000513.7353 3800000246.1912203 0 3800000234.24724 5700000320.53448 7600000497.881789 9500000641.63527 9500000523.24505 9500000623.873058 11400000643.12414 9500000537.34508 9500000528.48263 7600000457.6706 7600000504.266911 9500000543.49263 7600000419.875811 7600000450.41671 7600000542.53702 9500000708.29248 9500000602.88818 11400000747.23352 9500000664.96362 7600000522.62129 7600000491.189909 5700000393.422569 7600000525.274409 9500000658.76969 11400000665.71569 9500000652.86187 7600000518.347401 5700000380.38294 7600000488.770651 
7600000587.45658 5700000480.1133 9500000718.35047 7600000581.68463 9500000585.50601 11400000709.82223 9500000601.708351 7600000509.07577 9500000633.48987 7600000551.53406 3800000283.9899797 3800000234.24724 0 1900000086.28724 7600000455.3026 9500000553.41883 7600000425.25432 9500000515.61532 9500000545.13341 7600000439.35435 7600000430.4918995 9500000544.44381 9500000589.59646 7600000443.55777 3800000185.62857 3800000216.16947 5700000337.24 7600000502.99546 9500000641.36303 11400000776.737629 9500000622.38443 7600000561.09614 7600000448.61072 5700000350.84338 7600000482.69522 9500000616.1905 9500000567.72496 9500000610.28268 7600000556.82225 5700000418.85779 7600000527.245501 
9500000673.74382 7600000566.400539 9500000638.6081 7600000562.6407995 7600000503.735519 9500000628.051739 9500000548.36606 9500000595.36301 9500000669.0454 7600000512.058459 5700000370.27722 5700000320.53448 1900000086.28724 0 5700000369.01536 7600000467.13159 5700000338.96708 7600000429.32808 7600000458.84617 5700000353.06711 5700000344.20466 7600000458.15657 7600000503.309221 5700000357.270531 1900000099.34133 1900000129.88223 3800000250.9527597 5700000416.70822 7600000562.221809 9500000690.45039 7600000536.097191 7600000516.99809 5700000362.32348 3800000264.55614 5700000396.40798 7600000529.90326 7600000481.43772 7600000523.99544 7600000455.210831 7600000505.145029 9500000613.53274 
9500000630.19367 9500000700.61096 9500000661.32159 11400000728.52545 7600000545.392139 9500000581.488861 9500000587.92694 7600000495.29436 9500000619.70846 11400000798.514568 9500000548.97182 7600000497.88179 7600000455.3026 5700000369.01536 0 1900000143.75348 3800000271.9179897 5700000334.90971 7600000447.28374 7600000505.70024 7600000496.83779 9500000610.7897 9500000547.36879 11400000665.40555 7600000468.356689 5700000416.33834 7600000537.40887 5700000399.77399 7600000545.28758 5700000454.66302 3800000300.30982 5700000356.90117 3800000202.2265596 1900000104.45922 3800000236.31106 5700000369.80634 3800000260.08777 1900000154.98008 5700000388.161739 5700000361.82891 7600000470.2166195 
9500000650.737482 11400000686.3433 9500000647.487751 9500000584.77197 9500000525.86669 9500000592.03624 9500000557.24571 9500000639.04784 9500000677.92505 9500000656.15344 7600000405.21834 9500000641.63527 9500000553.41883 7600000467.13159 1900000143.75348 0 1900000128.16451 3800000218.52551 5700000330.89954 5700000361.94676 5700000353.084311 7600000467.036221 11400000667.690762 9500000521.652071 5700000367.79026 7600000560.09182 9500000681.16235 7600000543.52747 9500000604.87796 7600000598.4165 5700000444.0633 7600000500.65465 5700000345.98004 3800000248.2127 5700000380.06454 5700000428.94971 3800000270.63515 3800000298.7335596 3800000244.4082603 5700000382.372721 7600000490.760431 
7600000522.57297 9500000558.17879 7600000519.32324 7600000456.607459 7600000397.702179 7600000463.871731 7600000429.0812 9500000521.71378 7600000549.76054 7600000527.98893 5700000277.05383 9500000523.24505 7600000425.25432 5700000338.96708 3800000271.9179897 1900000128.16451 0 1900000090.361 3800000202.73503 3800000233.78225 3800000224.9198 5700000338.87171 9500000539.52625 7600000393.48756 3800000239.62575 7600000468.84931 7600000586.86392 7600000492.37224 7600000476.71345 9500000621.05879 7600000572.22781 5700000377.7187605 3800000223.0441504 5700000320.81149 5700000434.28048 3800000300.7852 1900000142.47064 3800000247.57833 1900000116.24375 3800000254.20821 5700000362.595921 
9500000612.933971 9500000702.96517 9500000609.68424 9500000546.96846 9500000488.06318 9500000554.23273 9500000519.4422 9500000621.28563 9500000640.12154 9500000618.34993 7600000367.41483 9500000623.873058 9500000515.615322 7600000429.328081 5700000334.90971 3800000218.52551 1900000090.361 0 1900000112.37403 3800000218.15309 5700000315.2808 7600000429.23271 7600000580.78814 9500000483.84856 5700000329.986751 9500000559.210312 9500000677.22492 9500000582.73324 9500000567.07445 9500000656.344742 7600000501.991541 3800000287.35776 1900000132.68315 3800000230.45049 5700000362.30233 5700000391.1462 3800000232.8316402 5700000337.93933 3800000206.60475 5700000344.56921 7600000452.956921 
9500000665.260462 9500000670.264761 9500000639.20233 9500000576.48655 9500000517.58127 9500000549.185951 9500000548.960289 11400000641.592869 9500000669.63963 9500000647.86802 7600000396.9329195 11400000643.124138 9500000545.133411 7600000458.84617 7600000447.28374 5700000330.89954 3800000202.73503 1900000112.37403 0 1900000105.77906 5700000344.798889 7600000458.750799 9500000693.16217 9500000513.36665 5700000359.50484 9500000588.728401 9500000729.55141 9500000577.68646 9500000619.40094 9500000727.79866 7600000573.44546 3800000254.65735 3800000245.0571804 5700000342.82452 7600000474.67636 5700000386.099421 3800000227.78486 5700000332.89255 5700000318.978781 5700000396.8957 7600000505.283411 
9500000616.25658 9500000572.27882 7600000533.423269 7600000470.70749 7600000411.80221 9500000536.11843 7600000443.18123 9500000535.81381 7600000563.86057 7600000542.08896 5700000291.15386 9500000537.34508 7600000439.35435 5700000353.06711 7600000505.70024 5700000361.94676 3800000233.78225 3800000218.15309 1900000105.77906 0 3800000239.0198298 5700000352.97174 9500000553.62628 7600000407.587589 3800000253.72578 7600000482.94934 9500000587.49966 9500000557.42036 9500000529.82804 11400000674.17338 9500000679.22452 5700000360.43641 5700000350.83624 7600000448.6035795 9500000580.45542 7600000491.87848 5700000333.56392 7600000438.67161 5700000350.026 7600000487.990459 9500000596.37817 
9500000607.39413 7600000552.51572 3800000294.40344 7600000461.845039 7600000402.93976 5700000314.8272295 3800000204.1614 5700000296.79398 3800000324.84074 3800000303.06913 5700000282.2914095 9500000528.48263 7600000430.4919 5700000344.20466 7600000496.83779 5700000353.08431 3800000224.9198 5700000315.2808 5700000344.798889 3800000239.0198298 0 1900000113.95191 5700000340.967199 7600000398.72514 3800000244.86333 7600000474.08689 5700000353.888169 7600000519.643629 9500000520.96559 11400000665.31093 9500000720.3336 7600000600.43399 7600000447.96395 9500000545.73129 9500000659.20028 7600000525.705 5700000367.39044 7600000472.49813 5700000341.163549 5700000458.19564 7600000566.583349 
11400000683.81869 9500000666.46763 5700000408.3553505 9500000538.2696 5700000325.19154 3800000200.87532 1900000090.20949 3800000182.84207 5700000307.25617 5700000417.02104 7600000396.2433195 7600000457.6706 9500000544.44381 7600000458.15657 9500000610.7897 7600000467.03622 5700000338.87171 7600000429.23271 7600000458.750799 5700000352.97174 1900000113.95191 0 3800000227.0152903 5700000373.05398 5700000358.81524 9500000588.038801 7600000467.840079 7600000470.8096895 9500000616.32328 11400000760.668621 11400000834.285511 9500000714.385899 9500000561.91586 9500000573.67721 11400000705.529049 9500000639.65691 7600000481.34235 9500000586.45004 7600000455.115459 7600000572.14755 9500000680.53526 
7600000514.04317 7600000470.06541 9500000635.37064 5700000368.49408 1900000155.41602 3800000247.47163 1900000136.8058 3800000229.4383802 5700000353.85248 9500000644.036331 7600000443.3401 7600000504.266911 9500000589.596458 7600000503.309219 9500000547.36879 11400000667.690762 9500000539.52625 7600000580.78814 9500000693.16217 9500000553.62628 5700000340.9672 3800000227.0152903 0 1900000146.03869 5700000403.96789 7600000587.86016 5700000466.78963 3800000301.03417 5700000446.54776 7600000590.8931 9500000745.2463 7600000602.7796 5700000448.10499 7600000442.909571 9500000574.76141 11400000708.25669 9500000568.87272 7600000545.82808 9500000640.687601 7600000502.723141 9500000611.110851 
9500000622.404129 9500000578.426369 9500000656.17713 7600000476.85504 3800000301.45471 5700000393.51032 3800000282.84449 5700000375.47707 7600000499.89117 9500000564.84549 5700000297.30141 9500000543.49263 7600000443.557771 5700000357.270531 11400000665.405552 9500000521.652071 7600000393.48756 9500000483.84856 9500000513.36665 7600000407.58759 7600000398.72514 5700000373.05398 1900000146.03869 0 3800000257.9292 7600000487.1527605 7600000612.82832 5700000447.07286 5700000323.66759 7600000468.01293 9500000622.36613 7600000498.9228 7600000594.143681 9500000588.948261 11400000720.800102 11400000694.27276 9500000535.9582 9500000691.86677 7600000494.6489105 5700000356.68445 7600000465.072161 
7600000608.84856 7600000564.8708 7600000539.266769 5700000463.29947 5700000404.39419 7600000528.71041 7600000449.02473 9500000541.65731 7600000569.70407 7600000547.93246 5700000296.99736 7600000419.875811 3800000185.62857 1900000099.34133 7600000468.35669 5700000367.79026 3800000239.62575 5700000329.98675 5700000359.50484 3800000253.72578 3800000244.86333 5700000358.81524 5700000403.96789 3800000257.9292 0 3800000229.2235603 5700000350.29409 7600000516.04955 9500000535.67154 11400000680.01688 9500000635.43852 9500000614.16219 7600000461.66481 5700000363.89747 7600000495.7493105 7600000540.41095 5700000382.09639 7600000487.20408 5700000355.8695 7600000493.83396 9500000602.22167 
9500000722.091002 9500000696.28277 7600000553.43434 9500000645.5222 5700000432.4441395 7600000556.76036 9500000667.42619 9500000708.28574 7600000583.87164 5700000382.1762295 5700000417.41633 7600000450.41671 3800000216.16947 1900000129.88223 5700000416.33834 7600000560.09182 7600000468.849311 9500000559.210312 9500000588.728401 7600000482.949341 7600000474.086891 9500000588.038801 7600000587.860159 7600000487.1527605 3800000229.2235603 0 1900000121.07053 3800000286.8259897 5700000432.33958 7600000576.684919 9500000665.97942 7600000595.96459 7600000492.205709 5700000394.43837 7600000526.29021 9500000659.78549 9500000611.31995 7600000531.6199 7600000591.690701 5700000453.72624 7600000562.113951 
7600000601.020471 9500000626.022999 5700000432.36381 7600000524.45167 3800000311.37361 5700000435.68983 7600000546.3556595 7600000587.21521 5700000462.80111 3800000261.1057 3800000296.3458004 7600000542.537021 5700000337.24 3800000250.9527597 7600000537.40887 9500000681.16235 7600000586.86392 9500000677.22492 9500000729.55141 9500000587.49966 5700000353.88817 7600000467.84008 5700000466.78963 7600000612.82832 5700000350.29409 1900000121.07053 0 1900000165.75546 3800000311.26905 5700000455.61439 7600000609.96759 5700000474.89406 7600000629.56867 7600000515.5089 9500000647.36074 9500000673.971619 7600000515.65706 5700000410.54937 5700000470.620171 3800000332.65571 5700000441.043421 
7600000504.2453 7600000460.26754 7600000598.11927 5700000358.69621 1900000145.61815 3800000269.93437 5700000380.6002 7600000473.2327795 7600000628.55657 5700000426.86116 5700000462.10126 9500000708.29248 7600000502.99546 5700000416.70822 5700000399.77399 7600000543.52747 7600000492.37224 9500000582.73324 9500000577.68646 9500000557.42036 7600000519.643629 7600000470.8096895 3800000301.03417 5700000447.072861 7600000516.049549 3800000286.8259897 1900000165.75546 0 1900000145.51359 3800000289.85893 5700000444.21213 7600000510.25718 9500000602.00055 7600000504.23321 9500000636.085049 7600000508.21616 5700000349.9016 3800000244.79391 7600000505.98329 5700000368.01883 7600000476.40654 
7600000490.87 9500000598.21328 7600000521.99792 7600000504.2098 3800000291.13174 5700000415.44796 7600000526.11379 9500000600.300749 9500000687.906 7600000572.37475 7600000419.54186 9500000602.88818 9500000641.36303 7600000562.22181 7600000545.28758 9500000604.87796 7600000476.7134495 9500000567.07445 9500000619.40094 9500000529.82804 9500000520.96559 9500000616.32328 5700000446.54776 5700000323.66759 9500000535.67154 5700000432.339581 3800000311.26905 1900000145.51359 0 1900000144.34534 3800000298.6985397 5700000364.743589 7600000519.4182 7600000479.874929 9500000611.726768 9500000653.72975 7600000495.41519 5700000390.3075 5700000360.4697 3800000222.50524 5700000330.89295 
9500000635.215342 7600000554.654341 7600000580.2833605 9500000648.555141 5700000435.47708 7600000559.793301 9500000670.459131 11400000744.64609 11400000832.25134 9500000716.720089 9500000563.887201 11400000747.233519 11400000776.737629 9500000690.45039 5700000454.66302 7600000598.4165 9500000621.05879 9500000656.34474 9500000727.79866 11400000674.17338 11400000665.31093 11400000760.668621 7600000590.893101 7600000468.01293 11400000680.01688 7600000576.68492 5700000455.61439 3800000289.85893 1900000144.34534 0 1900000154.3532 5700000473.14131 7600000523.66159 5700000425.89425 7600000557.74609 9500000691.24137 9500000639.76053 7600000534.652841 7600000504.815041 5700000366.85058 7600000475.238291 
7600000507.64442 5700000400.30114 5700000425.9301605 7600000501.87247 7600000589.830279 9500000714.1465 11400000755.00877 9500000662.37619 9500000727.538721 9500000705.76711 11400000718.2404 9500000664.96362 9500000622.38443 7600000536.09719 3800000300.30982 5700000444.0633 7600000572.22781 7600000501.99154 7600000573.44546 9500000679.22452 9500000720.333601 11400000834.285511 9500000745.2463 9500000622.36613 9500000635.43852 9500000665.97942 7600000609.967589 5700000444.21213 3800000298.6985397 1900000154.3532 0 3800000318.78811 5700000369.30839 3800000271.54105 5700000403.39289 7600000536.88817 7600000555.53892 5700000455.2899 7600000598.990919 5700000461.02646 7600000569.414169 
5700000410.60311 5700000415.60741 5700000441.23643 7600000517.1787405 9500000655.87533 9500000558.151901 9500000612.666441 7600000520.03386 7600000607.63911 7600000585.867499 9500000594.797071 7600000522.62129 7600000561.09614 7600000516.99809 5700000356.90117 7600000500.65465 5700000377.71876 3800000287.35776 3800000254.65735 5700000360.43641 7600000600.43399 9500000714.385899 7600000602.7796 7600000498.9228 9500000614.16219 7600000595.96459 5700000474.89406 7600000510.25718 5700000364.74359 5700000473.14131 3800000318.78811 0 1900000154.67461 3800000252.44195 5700000384.29379 5700000395.065371 3800000236.75081 5700000341.8585005 3800000280.20281 1900000142.23835 3800000250.62606 
7600000565.27772 7600000570.282021 7600000595.91104 9500000671.853352 7600000603.521009 9500000695.57662 7600000584.9107895 7600000488.60248 9500000613.01658 9500000740.54211 9500000500.09798 7600000491.18991 7600000448.61072 5700000362.32348 3800000202.2265596 5700000345.98004 3800000223.0441504 1900000132.68315 3800000245.0571804 5700000350.836241 7600000447.963951 9500000561.915861 5700000448.10499 7600000594.143681 7600000461.66481 7600000492.205709 7600000629.56867 9500000602.00055 7600000519.4182005 7600000523.66159 5700000369.30839 1900000154.67461 0 1900000097.76734 3800000229.6191797 5700000363.11446 5700000365.514791 5700000357.206639 5700000339.287901 3800000296.91296 5700000405.300671 
7600000525.73445 9500000633.07773 7600000556.86237 11400000734.64906 9500000598.32559 9500000594.13355 7600000483.46772 5700000390.83514 7600000515.24924 9500000700.99884 9500000601.92874 5700000393.42257 5700000350.84338 3800000264.55614 1900000104.45922 3800000248.2127 5700000320.81149 3800000230.45049 5700000342.82452 7600000448.60358 9500000545.73129 9500000573.67721 7600000442.90957 9500000588.94826 5700000363.89747 5700000394.43837 7600000515.5089 7600000504.23321 7600000479.87493 5700000425.89425 3800000271.54105 3800000252.44195 1900000097.76734 0 1900000131.85184 3800000265.3471203 5700000364.546989 3800000259.4392996 5700000395.33415 3800000257.36969 5700000365.7574005 
9500000657.58629 11400000764.929571 9500000688.71421 13300000866.5009 11400000730.17743 9500000613.21093 9500000615.319561 7600000522.68698 9500000647.10108 11400000832.85068 11400000711.33431 7600000525.27441 7600000482.69522 5700000396.40798 3800000236.31106 5700000380.06454 5700000434.28048 5700000362.30233 7600000474.67636 9500000580.45542 9500000659.200281 11400000705.52905 9500000574.76141 11400000720.8001 7600000495.74931 7600000526.29021 9500000647.36074 9500000636.08505 9500000611.72677 7600000557.74609 5700000403.39289 5700000384.29379 3800000229.6191797 1900000131.85184 0 1900000133.49528 3800000291.80984 5700000391.29114 7600000527.185989 5700000389.22153 7600000497.60924 
11400000791.081572 11400000810.672781 11400000820.10844 11400000757.39266 9500000604.03187 7600000479.715651 9500000590.381481 9500000656.18226 11400000780.596361 11400000828.77413 9500000577.839031 9500000658.76969 9500000616.1905 7600000529.90326 5700000369.80634 5700000428.94971 3800000300.7852 5700000391.1462 5700000386.099421 7600000491.878481 7600000525.705 9500000639.65691 11400000708.256691 11400000694.27276 7600000540.410951 9500000659.78549 9500000673.97162 7600000508.21616 9500000653.72975 9500000691.241371 7600000536.88817 5700000395.065371 5700000363.11446 3800000265.3471203 1900000133.49528 0 1900000158.31456 3800000263.42225 5700000417.02895 7600000522.71681 9500000631.10452 
9500000647.353922 9500000652.358221 9500000661.79388 9500000599.0781 7600000445.717311 5700000321.401091 7600000432.06692 9500000524.699501 9500000692.23118 9500000670.45957 7600000419.524469 11400000665.715689 9500000567.72496 7600000481.437719 3800000260.08777 3800000270.63515 1900000142.47064 3800000232.8316402 3800000227.78486 5700000333.56392 5700000367.39044 7600000481.34235 9500000568.87272 9500000535.9582 5700000382.09639 9500000611.31995 7600000515.65706 5700000349.9016 7600000495.41519 9500000639.76053 7600000555.53892 3800000236.75081 5700000365.514791 5700000364.546989 3800000291.80984 1900000158.31456 0 1900000105.10769 3800000258.71439 5700000378.989161 7600000487.376871 
11400000749.03921 11400000705.061451 11400000766.901571 9500000603.49012 5700000390.41206 7600000426.5087805 9500000537.17461 9500000650.274439 11400000774.68854 9500000671.655071 9500000524.63216 9500000652.861868 9500000610.28268 7600000523.99544 1900000154.98008 3800000298.7335596 3800000247.57833 5700000337.93933 5700000332.89255 7600000438.67161 7600000472.498131 9500000586.45004 7600000545.828079 9500000691.86677 7600000487.204081 7600000531.6199 5700000410.54937 3800000244.79391 5700000390.3075 7600000534.65284 5700000455.2899 5700000341.8585005 5700000357.206639 3800000259.4392996 5700000391.29114 3800000263.42225 1900000105.10769 0 5700000363.822081 7600000484.09685 9500000592.48456 
5700000406.32922 7600000513.6725 5700000437.45714 9500000572.85121 9500000513.94593 9500000580.11548 9500000545.32495 7600000515.75997 7600000603.36522 7600000581.59361 7600000393.29758 7600000518.3474 7600000556.82225 7600000455.210831 5700000388.16174 3800000244.4082603 1900000116.24375 3800000206.60475 5700000318.978781 5700000350.026 5700000341.163549 7600000455.115459 9500000640.687601 7600000494.6489105 5700000355.8695 7600000591.690701 5700000470.620171 7600000505.98329 5700000360.4697 7600000504.81504 7600000598.99092 3800000280.20281 5700000339.2879 5700000395.33415 7600000527.18599 5700000417.02895 3800000258.71439 5700000363.82208 0 1900000137.96446 3800000246.35217 
3800000268.3647604 5700000375.70804 3800000299.4926796 7600000477.27937 7600000513.63698 9500000581.09392 7600000470.42809 5700000377.79551 5700000465.40076 5700000443.62915 7600000452.55872 5700000380.38294 5700000418.85779 7600000505.14503 5700000361.82891 5700000382.37272 3800000254.20821 5700000344.56921 5700000396.8957 7600000487.99046 5700000458.195641 7600000572.147551 7600000502.723141 5700000356.68445 7600000493.833961 5700000453.72624 3800000332.65571 5700000368.01883 3800000222.50524 5700000366.85058 5700000461.02646 1900000142.23835 3800000296.91296 3800000257.36969 5700000389.22153 7600000522.71681 5700000378.989161 7600000484.09685 1900000137.96446 0 1900000108.38771 
1900000159.97705 3800000267.32033 5700000407.88039 5700000368.891661 7600000518.6042 9500000642.92042 9500000578.8158 7600000486.18322 7600000573.78847 7600000552.01686 9500000560.94643 7600000488.77065 7600000527.245501 9500000613.532742 7600000470.21662 7600000490.76043 5700000362.595921 7600000452.956921 7600000505.28341 9500000596.37817 7600000566.58335 9500000680.53526 9500000611.110851 7600000465.072161 9500000602.22167 7600000562.113951 5700000441.043421 7600000476.40654 5700000330.89295 7600000475.23829 7600000569.41417 3800000250.62606 5700000405.30067 5700000365.7574005 7600000497.609241 9500000631.10452 7600000487.37687 9500000592.48456 3800000246.35217 1900000108.38771 0 
