16
AND COG BRA BHS BFA CAN BEL CCK CHL AFG AGO BVT AIA ALA BTN ATG
0 49.71645 87.51857000000001 120.50739 101.57795 99.66035 108.20434999999999 91.05802 66.85058 79.65683 89.82879 101.13489 96.56638000000001 69.54787 55.9464 63.60919 
49.71645 0 37.80212 70.79094 51.8615 78.43469 86.07219 83.67795 62.28965 70.91818 40.11234 70.17415 76.13054 49.11203 35.51056 32.33182 
87.51857000000001 37.80212 0 72.11103 83.18075 56.81407 48.27007 65.4164 89.62384 102.43009 77.91446 94.09091 110.49212999999999 86.91415 73.31268 70.13394 
120.50739 70.79094 72.11103 0 19.23538 92.91722 93.47727 84.31489 89.3802 102.18645000000001 110.90328000000001 106.58759 104.99443000000001 119.90297000000001 106.3015 103.12276 
101.57795 51.8615 83.18075 19.23538 0 80.02362 88.36229 71.42129 70.14482 82.95107 91.97384 110.6097 109.57275 100.97353000000001 87.37206 84.19332 
99.66035 78.43469 56.81407 92.91722 80.02362 0 8.544 8.60233 32.80977 45.61602 76.42186 54.12024 70.52146 58.15481 44.55334 94.77226999999999 
108.20434999999999 86.07219 48.27007 93.47727 88.36229 8.544 0 17.14633 41.35377 54.160019999999996 84.96585999999999 62.66424000000001 79.06546 66.69881000000001 53.09734 103.31627 
91.05802 83.67795 65.4164 84.31489 71.42129 8.60233 17.14633 0 24.20744 37.01369 67.81953 53.60037 64.04499 64.64067 51.0392 101.26061000000001 
66.85058 62.28965 89.62384 89.3802 70.14482 32.80977 41.35377 24.20744 0 12.80625 43.61209 40.46488 40.08073 48.1413 34.53983 84.76124000000002 
79.65683 70.91818 102.43009 102.18645000000001 82.95107 45.61602 54.16002 37.01369 12.80625 0 30.80584 27.65863 44.05985 60.94755 47.34608 97.56748999999999 
89.82879 40.11234 77.91446 110.90328000000001 91.97384 76.42186 84.96585999999999 67.81953 43.61209 30.80584 0 58.46447 74.86569 89.22437000000001 75.6229 72.44416000000001 
101.13489 70.17415 94.09091 106.58759 110.60969999999999 54.12024 62.66424000000001 53.60037 40.46488 27.65863 58.46447 0 16.40122 43.41973 45.18849 84.50819999999999 
96.56638 76.13054 110.49213 104.99443 109.57275 70.52146 79.06546 64.04499 40.08073 44.05985 74.86569 16.40122 0 27.01851 40.61998 82.91504 
69.54787 49.11203 86.91415 119.90297 100.97353 58.15481 66.69881 64.64067 48.1413 60.94755 89.22437 43.41973 27.01851 0 13.60147 63.82288 
55.9464 35.51056 73.31268 106.3015 87.37206 44.55334 53.09734 51.0392 34.53983 47.34608 75.6229 45.18849 40.61998 13.60147 0 50.22141 
63.60919 32.33182 70.13394 103.12276 84.19332 94.77226999999999 103.31626999999999 101.26061 84.76124 97.56749 72.44416000000001 84.50819999999999 82.91503999999999 63.82288 50.22141 0 
