16
78a51d586d7f44f0b783 9031ef8f674e4d779fa0 d707fa76fcf84c7e800f 3c5c53800af34ac7a88c 12b733ebf4e64bb1a4ff 23992e8c2bc6424eb819 a02ee3e1e61841deb291 2c1c409ec1cf4b218311 fd29a032ea6f4fa8af31 55eba7a5bccc4fd9a0ae c209dc4800af480aa8a9 f2f4662e6ed04dafb493 1d8c9e35fb2b4ff2bc40 2b27cf9a2a694fbe8837 5908baa6b60a4c979837 7fcc1d84300644be96ff
0 844705350.69036 952567183.3927 718470743.93547 771344366.30694 632590772.92768 1121661931.23564 1168668318.30057 782821393.38912 798941476.79701 736022671.5564001 292172136.02597 810828185.1608601 735188743.02835 637074819.56011 235523106.12354 
844705350.69036 0 432127128.12324 568605005.87466 679437960.00262 726057044.20432 1013301312.26172 1213032167.59871 996005785.1793799 1219871034.5742 1038570719.58962 791524319.92611 1056473254.91954 422442884.18327 520072995.54168 1078903554.38933 
952567183.3927 432127128.12324 0 334785441.77538 247310831.87938 511429766.53463 661877515.56254 889491118.07986 781584750.77457 1015689735.6598 866276153.73658 822646344.91078 1220691432.92092 753302077.23621 851416000.70445 1153071674.22768 
718470743.93547 568605005.87466 334785441.77538 0 378256472.00002 642447653.81331 661602656.2335 658001678.90814 454088966.46924 686501595.27962 531490711.9612 530536176.51658 1016842872.26231 776409049.8654399 860159372.90226 891987400.64836 
771344366.30694 679437960.00262 247310831.87938 378256472.00002 0 264191181.81329 647769668.5706401 705294091.04863 554942115.88298 781729065.46052 801707380.95896 595990873.15299 1114646922.28788 748898117.8108 846173554.62812 956723277.83932 
632590772.92768 726057044.20432 511429766.53463 642447653.81331 264191181.81329 0 489071158.30796 639518440.52281 290750934.06969 517537883.64723 604366537.5017 420663588.645 934493201.34789 822022612.13335 910817723.05676 779878806.18279 
1121661931.23564 1013301312.26172 661877515.56254 661602656.2335 647769668.5706401 489071158.30796 0 238479294.30491 481394727.84107 715619863.26147 822104142.1315401 895914834.20342 1414530781.68254 1256611036.62143 1352049987.87596 1260555853.31082 
1168668318.30057 1213032167.59871 889491118.07986 658001678.90814 705294091.04863 639518440.52281 238479294.30491 0 455316262.07761 625572508.76365 583624847.8266301 948038741.79003 1455569102.2150302 1410806878.8425097 1500842371.59469 1234407030.56457 
782821393.38912 996005785.1793799 781584750.77457 454088966.46924 554942115.88298 290750934.06969 481394727.84107 455316262.07761 0 234225135.4204 415525450.40498 592890281.45197 1111546330.58686 1069072454.4386101 1149920404.62965 779161125.46975 
798941476.79701 1219871034.5742 1015689735.6598 686501595.27962 781729065.46052 517537883.64723 715619863.26147 625572508.76365 234225135.4204 0 181300314.98458 608580054.33661 1123495608.20507 1242237832.7061 1314965136.21591 784386659.29669 
736022671.5564001 1038570719.58962 866276153.73658 531490711.9612 801707380.95896 604366537.5017 822104142.1315401 583624847.8266301 415525450.40498 181300314.98458 0 443850535.53043 962506584.66532 1060937517.72152 1139467783.54111 674632601.74436 
292172136.02597 791524319.92611 822646344.91078 530536176.51658 595990873.15299 420663588.645 895914834.20342 948038741.79003 592890281.45197 608580054.33661 443850535.53043 0 518656049.13489 674986748.40044 745804952.7813499 527695242.14951 
810828185.1608601 1056473254.91954 1220691432.92092 1016842872.26231 1114646922.28788 934493201.34789 1414530781.68254 1455569102.2150302 1111546330.5868602 1123495608.20507 962506584.66532 518656049.13489 0 720561420.48401 818675343.95225 1046351291.2844001 
735188743.02835 422442884.18327 753302077.23621 776409049.8654399 748898117.8108 822022612.13335 1256611036.62143 1410806878.8425097 1069072454.4386101 1242237832.7061 1060937517.72152 674986748.40044 720561420.48401 0 98113923.46824 947428988.92066 
637074819.56011 520072995.54168 851416000.70445 860159372.90226 846173554.62812 910817723.05676 1352049987.87596 1500842371.59469 1149920404.62965 1314965136.21591 1139467783.54111 745804952.7813499 818675343.95225 98113923.46824 0 849315065.45242 
235523106.12354 1078903554.38933 1153071674.22768 891987400.64836 956723277.83932 779878806.18279 1260555853.31082 1234407030.56457 779161125.46975 784386659.29669 674632601.74436 527695242.14951 1046351291.2844 947428988.92066 849315065.45242 0 
