30
1bcf747e9b5643a184fc 8234739fe11c4c58939e 44b317edac764442b4cd bab9aa2939444af1b896 c88b4673ce3d49c6908f cbdeaac599ea4917bf3b bef459c8a1f84af3a3a9 0f751efa18504c32ac90 18bb444e17894062aa31 28b1f9c8d4d24d81bc6d 7b57359ca242406bb373 8a3bd04ca9844f3486da 4083eeebbfb942a38987 c5365df821314eeb9891 b989f75f3cac48bfbf34 17afab496b7b4f7fb1eb 5054aa992299466d9c42 97b46a2d8ead45d98077 85d65d4df3204859a6e4 9fe71c55e3ae49ae8b15 8b72f079974a49c7aa40 f69f6451080d4570851d 3023407343b546268275 d3ae567eea5a44939b43 be5b9781cabc47a78aac 7a033f26eda14b709d28 e2caa88e503f4129b613 eb960e815dd14fd6bd07 c65ed76062154b0ab868 9b0f0f4ded15491691bd
0 104917477.70751 411916076.89884 302488877.51804 381292275.4679 272390606.86055 138520026.84148 380352303.84338 413705464.96456 588490334.91772 666946542.19046 861266934.00421 964992594.7914801 1251170505.59059 1162127915.25995 996161011.39637 832756529.5732299 706503596.13924 771856184.20456 853610152.07488 997642522.0689499 1313930545.42016 1461533180.37109 1396394524.84911 905792050.69098 975720464.42399 868821136.55621 652431823.12027 278509739.10784 253289040.08146 
104917477.70751 0 325880099.54114 320559524.6068 429521261.66167 370582580.60675 236712000.58768 430000105.70628 464903472.07236 637370468.15801 613085752.04454 834873136.35723 928621797.54808 1235293775.22225 1152795651.75452 962494382.91526 833371090.17925 626750534.95635 688673827.7153 779208093.54802 914871297.06879 1242695971.8048 1383906755.28139 1337302911.3695 812642736.76089 871131515.09234 770865665.128 550681194.74624 174785480.52054 153378100.54315 
411916076.89884 325880099.54114 0 259311745.70773 510987334.47368 632488994.59603 504515092.21515 515223865.5667 544257577.59823 677173839.3671999 408316982.59517 616741852.0061101 680584199.64958 1017595622.13107 968386665.32866 717661800.19517 701738625.31627 390142097.33688 414360493.24109 458961321.08734 611877744.61225 921719378.99817 1058330526.98268 1038471766.6198499 507968140.40801 636464923.31252 657319738.89465 530341592.34977 254527381.98137 213396042.75866 
302488877.51804 320559524.6068 259311745.70773 0 251680243.55179 446906980.14364 441008904.35951996 255953616.11298 290856982.47906 552326569.34035 364457664.67241997 559285019.1314 662503717.27344 952621923.53034 869816957.23678 706347726.30567 546375464.92991 404014718.62119997 469367306.68652 599749534.41397 749697783.67068 1047626711.13192 1205437628.49885 1107732311.12672 748280030.27966 891448898.15772 897017003.48429 681348451.56841 370003494.80075 388584941.35043 
381292275.4679 429521261.66167 510987334.47368 251680243.55179 0 367754533.05808 496783220.99953 284016963.79096997 318920330.15704995 567053789.43925 448130312.59334 611072065.87087 733047302.06707 983572145.8258901 840019394.47925 758024280.8066 671955315.87867 495771902.40694 598730676.97274 794180549.02713 946963996.2437 1206353986.6957102 1378918622.6050801 1228687264.13607 990322683.48813 1142773022.70508 1138093956.05582 919602809.80693 604306742.18221 482316519.40295 
272390606.86055 370582580.60675 632488994.59603 446906980.14364 367754533.05808 0 133870580.01907 363238024.80113 398141391.16721 534311872.92387 778124826.68271 978826598.9289501 1075697348.80925 1321209357.86667 1207705329.67015 1125778813.86468 871038347.86322 814049822.3095801 911479946.3384 1043057816.08009 1190883581.79496 1491927528.66947 1651256121.3063598 1551002872.67023 1139903900.25906 1218974436.5569 1118982481.4201398 898798011.0383799 522130610.44482 493152607.65429 
138520026.84148 236712000.58768 504515092.21515 441008904.35951996 496783220.99953 133870580.01907 0 290928187.10205 325831553.46813 489415415.64127 644254246.66364 856411062.56636 964317110.11247 1223418704.87136 1125645238.99434 1002694834.81118 891174777.75987 680179242.29051 779797765.3974199 911678987.68553 1064595411.2104399 1361881642.19485 1519355595.47912 1425716684.61547 1006033320.23999 1096164463.24412 1007341163.39769 787393195.33392 411497481.10822 369236576.61034 
380352303.84338 430000105.70628 515223865.5667 255953616.11298 284016963.79096997 363238024.80113 290928187.10205 0 34903366.36608 419837238.92916 447233315.9898 616913582.86945 739269840.61816 960003059.38568 854047546.72439 763882015.37384 677749075.79061 535193571.60126 606582309.31331 800246384.3641 952982919.69918 1213759042.9352798 1386199612.5232801 1237049562.25814 995515033.39078 1147222050.84681 1141069875.1141 922436447.18154 568097440.25828 553626861.53163 
413705464.96456 464903472.07236 544257577.59823 290856982.47906 318920330.15705 398141391.16721 325831553.46813 34903366.36608 0 454740605.29524 452289511.41815 617621873.2971599 737941090.84232 945658340.32842 839643506.3206201 759120705.57516 663345035.38684 533864821.82541996 613840286.20624 835149750.73018 987886286.06526 1218815238.36363 1394028231.8385801 1235609576.1785 1023943804.9146299 1175483404.81023 1174077904.10596 955729559.78673 602706598.14113 518723495.16555 
588490334.91772 637370468.15801 677173839.3671999 552326569.34035 567053789.43925 534311872.92387 489415415.64127 419837238.92916 454740605.29524 0 471564903.25721 571553911.31748 697269508.6478499 848005268.59635 714878297.84184 713200594.43404 401759362.1186 536747126.77503 641910192.62499 865494774.52881 1011674205.67899 1222493875.24576 1405172657.58033 1208261177.97253 1143659889.7894402 1293514404.47886 1322835152.3126001 1107403855.11751 767230226.22102 790748568.70116 
666946542.19046 613085752.04454 408316982.59517 364457664.67241997 448130312.59334 778124826.68271 644254246.66364 447233315.9898 452289511.41815 471564903.25721 0 222221531.78654 320062863.44883 666175793.78048 561856602.84493 369284238.96081 293421642.7211 134071010.96589 193794723.06001002 395214562.96443 541046671.76954 766525726.94548 943870878.007 790904711.48697 688574276.03833 913301707.51413 1035463346.1730001 846406509.39406 645575859.89055 539347027.83517 
861266934.00421 834873136.35723 616741852.0061101 559285019.1314 611072065.87087 978826598.9289501 856411062.56636 616913582.86945 617621873.2971599 571553911.31748 222221531.78654 0 125715597.33037 471828527.66202 357410955.50026 147062707.17427 453053526.53492004 226599754.66923 241945353.71137 444336744.54306 546401644.78555 679687484.68243 867211306.4999299 638579934.39252 795369196.71042 1031788434.48833 1206862978.0103402 1033845127.70773 852451117.30262 761568559.6217101 
964992594.7914801 928621797.54808 680584199.64958 662503717.27344 733047302.06707 1075697348.80925 964317110.11247 739269840.61816 737941090.84232 697269508.6478499 320062863.44883 125715597.33037 0 346112930.33165 483126552.83063 272778304.50464 327337929.20455 301871262.59173 270728574.79005 500514571.36125004 622795425.68388 732778015.76067 787938151.14253 512864337.06215 762938148.70223 1036705898.1264899 1221058206.23148 1068753209.76378 935111581.63095 840047256.9113 
1251170505.59059 1235293775.22225 1017595622.1310699 952621923.53034 983572145.8258901 1321209357.86667 1223418704.87136 960003059.38568 945658340.32842 848005268.59635 666175793.78048 471828527.66202 346112930.33165 0 152555052.9497 395955348.00575995 456284397.40707004 627453524.7941899 614836528.20577 736859771.72072 782285767.18212 712336012.13111 881652126.60347 559751587.33185 1089941709.76871 1345017638.70372 1565712878.70694 1414703363.31126 1268648695.6350698 1161468543.00124 
1162127915.25995 1152795651.75452 968386665.32866 869816957.23678 840019394.47925 1207705329.67015 1125645238.99434 854047546.72439 839643506.3206201 714878297.84184 561856602.84493 357410955.50026 483126552.83063 152555052.9497 0 322822935.69324 337475415.86072 580795019.91412 595341035.88521 762972956.89862 830513853.22372 864891065.08081 995808873.04055 686355645.11954 1114948104.08614 1365728981.73101 1557875151.29798 1391253311.15217 1194971575.0662901 1098745837.13741 
996161011.39637 962494382.91526 717661800.19517 706347726.30567 758024280.8066 1125778813.86468 1002694834.8111801 763882015.37384 759120705.57516 713200594.43404 369284238.96081 147062707.17427 272778304.50464 395955348.00575995 322822935.69324 0 334641694.25992 337357359.04011 307984049.36747 441081469.7213 509647081.69771 557689230.96327 745224158.66087 543628403.79088 794147010.62156 1050701524.32902 1256774635.06308 1111767488.7929301 972189182.17654 875533353.3596799 
832756529.5732299 833371090.17925 701738625.31627 546375464.92991 671955315.87867 871038347.86322 891174777.75987 677749075.79061 663345035.38684 401759362.1186 293421642.7211 453053526.53492004 327337929.20455 456284397.40707004 337475415.86072 334641694.25992 0 341725263.67538 415445588.13922 645004243.0099 754525018.3911 883548109.24844 1069299191.71433 830223999.63683 962583910.18879 1192930740.84795 1324784036.62507 1139828152.11516 889139190.95277 791350042.77123 
706503596.13924 626750534.95635 390142097.33688 404014718.62119997 495771902.40694 814049822.3095801 680179242.29051 535193571.60126 533864821.82541996 536747126.77503 134071010.96589 226599754.66923 301871262.59173 627453524.7941899 580795019.91412 337357359.04011 341725263.67538 0 105949924.58698 335735921.15818 488652344.68309 713573234.30995 886137870.2193199 746542503.93593 627886084.72291 889720122.66923 994901967.90406 813650315.21463 644669479.3182501 538175994.31957 
771856184.20456 688673827.7153 414360493.24109 469367306.68652 598730676.97274 911479946.3384 779797765.3974199 606582309.31331 613840286.20624 641910192.62499 193794723.06001002 241945353.71137 270728574.79005 614836528.20577 595341035.88521 307984049.36747 415445588.13922 105949924.58698 0 229785996.5712 382702420.09611 607623309.72297 780187945.63234 679323001.6513699 553423842.99905 789843080.77696 964917624.29897 803783439.4254601 665884760.81993 584349425.76017 
853610152.07488 779208093.54802 458961321.08734 599749534.41397 794180549.02713 1043057816.08009 911678987.68553 800246384.3641 835149750.73018 865494774.52881 395214562.96443 444336744.54306 500514571.36125004 736859771.72072 762972956.89862 441081469.7213 645004243.0099 335735921.15818 229785996.5712 0 152916423.52491 463487878.25678 621702814.4528799 595643529.27293 356908311.94883 609620054.60772 877972095.13702 724219396.2892599 713488703.06871 643445574.50696 
997642522.0689499 914871297.06879 611877744.6122501 749697783.67068 946963996.2437 1190883581.79496 1064595411.2104399 952982919.69918 987886286.06526 1011674205.67899 541046671.76954 546401644.78555 622795425.68388 782285767.18212 830513853.22372 509647081.69771 754525018.3911 488652344.68309 382702420.09611 152916423.52491 0 345788754.52314 533323682.22074 508986694.32831 331724600.82934 583518031.65487 871881477.78762 875791585.22752 823241484.96819 771822206.99333 
1313930545.42016 1242695971.8048 921719378.99817 1047626711.13192 1206353986.6957102 1491927528.66947 1361881642.19485 1213759042.9352798 1218815238.36363 1222493875.24576 766525726.94548 679687484.68243 732778015.7606701 712336012.13111 864891065.08081 557689230.96327 883548109.24844 713573234.30995 607623309.72297 463487878.25678 345788754.52314 0 187534927.6976 219913678.69852 637882754.30555 891690227.11236 1177266783.29256 1117798581.36377 1163912290.34239 1106182577.93398 
1461533180.37109 1383906755.28139 1058330526.98268 1205437628.49885 1378918622.6050801 1651256121.3063598 1519355595.47912 1386199612.5232801 1394028231.8385801 1405172657.58033 943870878.007 867211306.4999299 787938151.14253 881652126.60347 995808873.04055 745224158.66087 1069299191.71433 886137870.2193199 780187945.63234 621702814.4528799 533323682.22074 187534927.6976 0 340043909.76328 702815477.88682 887262576.59876 1221052278.92934 1194155503.73944 1289195627.25143 1246815979.82743 
1396394524.84911 1337302911.3695 1038471766.6198499 1107732311.12672 1228687264.13607 1551002872.67023 1425716684.61547 1237049562.25814 1235609576.1785 1208261177.97253 790904711.48697 638579934.39252 512864337.06215 559751587.33185 686355645.11954 543628403.79088 830223999.63683 746542503.93593 679323001.65137 595643529.27293 508986694.32831 219913678.69852 340043909.76328 0 840711295.15765 1066404506.48582 1368729639.92697 1288290238.6049 1283571904.23078 1215994975.45329 
905792050.69098 812642736.76089 507968140.40801 748280030.27966 990322683.48813 1139903900.25906 1006033320.23999 995515033.39078 1023943804.9146299 1143659889.78944 688574276.03833 795369196.71042 762938148.70223 1089941709.76871 1114948104.08614 794147010.62156 962583910.18879 627886084.72291 553423842.99905 356908311.94883 331724600.82934 637882754.30555 702815477.88682 840711295.15765 0 423366102.40416 540156876.95828 661004139.80715 667752692.0313599 707858249.32435 
975720464.42399 871131515.09234 636464923.31252 891448898.15772 1142773022.70508 1218974436.5569 1096164463.24412 1147222050.84681 1175483404.81023 1293514404.47886 913301707.51413 1031788434.48833 1036705898.1264899 1345017638.70372 1365728981.73101 1050701524.32902 1192930740.84795 889720122.66923 789843080.77696 609620054.60772 583518031.65487 891690227.11236 887262576.59876 1066404506.48582 423366102.40416 0 342040995.96815 562225466.34991 707594872.3597 727018911.46599 
868821136.55621 770865665.128 657319738.89465 897017003.48429 1138093956.05582 1118982481.42014 1007341163.39769 1141069875.1141 1174077904.10596 1322835152.3126001 1035463346.1730001 1206862978.01034 1221058206.23148 1565712878.70694 1557875151.29798 1256774635.06308 1324784036.62507 994901967.90406 964917624.29897 877972095.13702 871881477.78762 1177266783.29256 1221052278.92934 1368729639.92697 540156876.95828 342040995.96815 0 220184470.38176 596851870.97532 661081593.47591 
652431823.12027 550681194.74624 530341592.34977 681348451.56841 919602809.80693 898798011.0383799 787393195.33392 922436447.18154 955729559.78673 1107403855.11751 846406509.39406 1033845127.70773 1068753209.76378 1414703363.31126 1391253311.15217 1111767488.7929301 1139828152.11516 813650315.21463 803783439.4254601 724219396.2892599 875791585.22752 1117798581.36377 1194155503.73944 1288290238.6049 661004139.80715 562225466.34991 220184470.38176 0 376667400.59356 440897123.09415 
278509739.10784 174785480.52054 254527381.98137 370003494.80075 604306742.18221 522130610.44482 411497481.10822 568097440.25828 602706598.14113 767230226.22102 645575859.89055 852451117.30262 935111581.63095 1268648695.63507 1194971575.0662901 972189182.17654 889139190.95277 644669479.3182501 665884760.81993 713488703.06871 823241484.96819 1163912290.34239 1289195627.25143 1283571904.23078 667752692.0313599 707594872.3597 596851870.97532 376667400.59356 0 201026081.99325 
253289040.08146 153378100.54315 213396042.75866 388584941.35043 482316519.40295 493152607.65429 369236576.61034 553626861.53163 518723495.16555 790748568.70116 539347027.83517 761568559.6217101 840047256.9113 1161468543.00124 1098745837.13741 875533353.3596799 791350042.77123 538175994.31957 584349425.76017 643445574.50696 771822206.99333 1106182577.93398 1246815979.82743 1215994975.45329 707858249.32435 727018911.46599 661081593.47591 440897123.09415 201026081.99325 0 
