27
a b c d e f g h i j k 51 58 61 52 64 53 50 55 92 68 97 82 87 77 72 Soda
0 96.0 181.0 324.0 371.0 424.0 511.0 517.0 640.0 783.0 786.0 185.0 290.0 272.0 239.0 421.0 300.0 137.0 194.0 562.0 333.0 487.0 372.0 397.0 433.0 434.0 36.0 
96.0 0 85.0 228.0 275.0 328.0 415.0 421.0 544.0 687.0 690.0 281.0 386.0 368.0 335.0 517.0 396.0 233.0 290.0 658.0 429.0 583.0 468.0 493.0 529.0 530.0 132.0 
181.0 85.0 0 143.0 190.0 243.0 330.0 336.0 459.0 602.0 605.0 366.0 471.0 453.0 420.0 602.0 481.0 318.0 375.0 743.0 514.0 668.0 553.0 578.0 614.0 615.0 217.0 
324.0 228.0 143.0 0 47.0 100.0 187.0 193.0 316.0 459.0 462.0 509.0 614.0 596.0 563.0 745.0 624.0 461.0 518.0 886.0 657.0 811.0 696.0 721.0 757.0 758.0 360.0 
371.0 275.0 190.0 47.0 0 53.0 140.0 146.0 269.0 412.0 415.0 556.0 661.0 643.0 610.0 792.0 671.0 508.0 565.0 933.0 704.0 858.0 743.0 768.0 804.0 805.0 407.0 
424.0 328.0 243.0 100.0 53.0 0 87.0 93.0 216.0 359.0 362.0 609.0 714.0 696.0 663.0 845.0 724.0 561.0 618.0 986.0 757.0 911.0 796.0 821.0 857.0 858.0 460.0 
511.0 415.0 330.0 187.0 140.0 87.0 0 6.0 129.0 272.0 275.0 696.0 801.0 783.0 750.0 932.0 811.0 648.0 705.0 1073.0 844.0 998.0 883.0 908.0 944.0 945.0 547.0 
517.0 421.0 336.0 193.0 146.0 93.0 6.0 0 123.0 266.0 269.0 702.0 807.0 789.0 756.0 938.0 817.0 654.0 711.0 1079.0 850.0 1004.0 889.0 914.0 950.0 951.0 553.0 
640.0 544.0 459.0 316.0 269.0 216.0 129.0 123.0 0 143.0 146.0 825.0 930.0 912.0 879.0 1061.0 940.0 777.0 834.0 1202.0 973.0 1127.0 1012.0 1037.0 1073.0 1074.0 676.0 
783.0 687.0 602.0 459.0 412.0 359.0 272.0 266.0 143.0 0 3.0 968.0 1073.0 1055.0 1022.0 1204.0 1083.0 920.0 977.0 1345.0 1116.0 1270.0 1155.0 1180.0 1216.0 1217.0 819.0 
786.0 690.0 605.0 462.0 415.0 362.0 275.0 269.0 146.0 3.0 0 971.0 1076.0 1058.0 1025.0 1207.0 1086.0 923.0 980.0 1348.0 1119.0 1273.0 1158.0 1183.0 1219.0 1220.0 822.0 
185.0 281.0 366.0 509.0 556.0 609.0 696.0 702.0 825.0 968.0 971.0 0 105.0 87.0 54.0 236.0 115.0 48.0 105.0 675.0 446.0 600.0 485.0 510.0 546.0 547.0 149.0 
290.0 386.0 471.0 614.0 661.0 714.0 801.0 807.0 930.0 1073.0 1076.0 105.0 0 192.0 159.0 341.0 220.0 153.0 210.0 780.0 551.0 705.0 590.0 615.0 651.0 652.0 254.0 
272.0 368.0 453.0 596.0 643.0 696.0 783.0 789.0 912.0 1055.0 1058.0 87.0 192.0 0 33.0 215.0 94.0 135.0 192.0 762.0 533.0 687.0 572.0 597.0 633.0 634.0 236.0 
239.0 335.0 420.0 563.0 610.0 663.0 750.0 756.0 879.0 1022.0 1025.0 54.0 159.0 33.0 0 182.0 61.0 102.0 159.0 729.0 500.0 654.0 539.0 564.0 600.0 601.0 203.0 
421.0 517.0 602.0 745.0 792.0 845.0 932.0 938.0 1061.0 1204.0 1207.0 236.0 341.0 215.0 182.0 0 121.0 284.0 341.0 911.0 682.0 836.0 721.0 746.0 782.0 783.0 385.0 
300.0 396.0 481.0 624.0 671.0 724.0 811.0 817.0 940.0 1083.0 1086.0 115.0 220.0 94.0 61.0 121.0 0 163.0 220.0 790.0 561.0 715.0 600.0 625.0 661.0 662.0 264.0 
137.0 233.0 318.0 461.0 508.0 561.0 648.0 654.0 777.0 920.0 923.0 48.0 153.0 135.0 102.0 284.0 163.0 0 57.0 627.0 398.0 552.0 437.0 462.0 498.0 499.0 101.0 
194.0 290.0 375.0 518.0 565.0 618.0 705.0 711.0 834.0 977.0 980.0 105.0 210.0 192.0 159.0 341.0 220.0 57.0 0 684.0 455.0 609.0 494.0 519.0 555.0 556.0 158.0 
562.0 658.0 743.0 886.0 933.0 986.0 1073.0 1079.0 1202.0 1345.0 1348.0 675.0 780.0 762.0 729.0 911.0 790.0 627.0 684.0 0 229.0 383.0 498.0 523.0 789.0 790.0 526.0 
333.0 429.0 514.0 657.0 704.0 757.0 844.0 850.0 973.0 1116.0 1119.0 446.0 551.0 533.0 500.0 682.0 561.0 398.0 455.0 229.0 0 154.0 269.0 294.0 560.0 561.0 297.0 
487.0 583.0 668.0 811.0 858.0 911.0 998.0 1004.0 1127.0 1270.0 1273.0 600.0 705.0 687.0 654.0 836.0 715.0 552.0 609.0 383.0 154.0 0 423.0 448.0 714.0 715.0 451.0 
372.0 468.0 553.0 696.0 743.0 796.0 883.0 889.0 1012.0 1155.0 1158.0 485.0 590.0 572.0 539.0 721.0 600.0 437.0 494.0 498.0 269.0 423.0 0 333.0 599.0 600.0 336.0 
397.0 493.0 578.0 721.0 768.0 821.0 908.0 914.0 1037.0 1180.0 1183.0 510.0 615.0 597.0 564.0 746.0 625.0 462.0 519.0 523.0 294.0 448.0 333.0 0 624.0 625.0 361.0 
433.0 529.0 614.0 757.0 804.0 857.0 944.0 950.0 1073.0 1216.0 1219.0 546.0 651.0 633.0 600.0 782.0 661.0 498.0 555.0 789.0 560.0 714.0 599.0 624.0 0 661.0 397.0 
434.0 530.0 615.0 758.0 805.0 858.0 945.0 951.0 1074.0 1217.0 1220.0 547.0 652.0 634.0 601.0 783.0 662.0 499.0 556.0 790.0 561.0 715.0 600.0 625.0 661.0 0 398.0 
36.0 132.0 217.0 360.0 407.0 460.0 547.0 553.0 676.0 819.0 822.0 149.0 254.0 236.0 203.0 385.0 264.0 101.0 158.0 526.0 297.0 451.0 336.0 361.0 397.0 398.0 0 
