33
14 47 11 32 10 26 12 25 30 16 9 17 19 46 44 15 18 35 4 7 24 42 23 20 5 34 48 50 33 13 38 2 Soda
0 10.3226 11.2378 19.3165 13.8516 15.619 22.0545 22.881 16.2258 19.3683 10.3847 20.4879 15.5726 21.2271 17.2065 13.2345 14.5585 16.499 16.6423 23.3688 13.0359 13.8865 21.0798 19.7187 21.0205 21.1724 11.161 15.0513 19.916 10.8059 21.063299999999998 16.3063 10.0018 
10.3226 0 11.1866 21.258200000000002 13.1836 14.8698 19.7741 21.4897 21.4044 12.6302 20.7073 21.3161 15.9933 21.9985 21.7044 14.2971 21.5029 14.7562 22.7284 14.0612 18.8708 21.540300000000002 13.6532 15.0858 21.1095 10.8498 21.441 14.813 12.7541 21.1285 15.8031 16.211 20.324399999999997 
11.2378 11.1866 0 10.2171 20.8953 10.7241 15.6468 16.0876 16.2626 19.8459 14.474 18.8617 18.9848 11.6754 19.8649 19.0134 17.5212 18.1037 20.7768 14.3866 16.3009 22.4782 15.9239 10.6603 14.0346 11.1719 12.7135 23.8276 16.734 22.0437 19.4563 13.0919 21.2396 
19.3165 21.258200000000002 10.2171 0 14.0485 20.6742 10.1778 21.490099999999998 21.9197 24.0875 17.3153 21.857 21.7066 14.4602 14.3222 16.214 18.8503 23.633000000000003 21.8082 15.4051 11.2723 21.9411 18.3809 20.8774 22.035400000000003 14.535 22.9306 15.0112 21.5929 19.0852 11.452 18.7497 14.5912 
13.8516 13.1836 20.8953 14.0485 0 10.1712 18.6096 16.8047 20.7486 16.2291 21.1439 11.0407 12.3082 13.4461 22.4589 15.4598 21.0428 20.8004 12.611 21.6175 21.6254 13.8887 16.4235 14.471 11.296 13.196 18.5328 12.0137 18.5279 15.0222 22.643500000000003 22.2973 22.103099999999998 
15.619 14.8698 10.7241 20.6742 10.1712 0 10.4964 21.7204 21.4737 11.4327 21.7909 12.8528 15.0008 11.778 17.7087 14.8862 14.5483 21.2088 10.0527 16.6147 14.5714 20.7975 22.3801 11.1551 11.4315 12.1217 20.3301 17.0248 22.950400000000002 22.477600000000002 21.0571 12.1261 18.357 
22.0545 19.7741 15.6468 10.1778 18.6096 10.4964 0 19.1565 11.9943 21.9291 11.8554 18.457 21.881700000000002 15.6057 21.486 15.8 17.7976 14.3881 19.7015 14.75 11.2281 14.8047 19.02 16.7737 21.5442 21.6033 12.7783 17.7592 22.4086 12.1282 21.6298 20.986600000000003 18.8964 
22.881 21.4897 16.0876 21.490099999999998 16.8047 21.7204 19.1565 0 10.0397 11.5798 17.2154 13.1712 19.4259 12.6704 14.2676 14.4723 22.430300000000003 20.150100000000002 11.9463 18.4248 15.2694 22.0223 13.5846 19.0879 14.9096 21.7123 20.9906 21.226 21.463500000000003 17.7867 19.1034 13.464 12.8878 
16.2258 21.4044 16.2626 21.9197 20.7486 21.4737 11.9943 10.0397 0 10.041 21.1992 13.2749 15.9995 10.1769 19.1671 13.9693 20.416 10.1104 12.095 22.4013 19.8772 20.9797 12.76 10.6894 21.2057 12.3613 20.897 18.2076 22.0776 21.898200000000003 22.463900000000002 18.0809 14.8434 
19.3683 12.6302 19.8459 24.0875 16.2291 11.4327 21.9291 11.5798 10.041 0 11.1582 21.261400000000002 18.4728 20.2179 23.6017 24.0103 23.309199999999997 20.151400000000002 15.1941 22.1838 14.0706 12.7623 22.801000000000002 13.2191 11.1647 13.503 12.8401 18.4357 15.8445 24.9069 15.0948 23.558799999999998 15.9046 
10.3847 20.7073 14.474 17.3153 21.1439 21.7909 11.8554 17.2154 21.1992 11.1582 0 10.1032 21.5794 13.7668 23.0041 19.4817 22.1592 18.6683 23.8209 18.1492 18.7047 22.750700000000002 15.8804 21.2715 22.3199 22.2016 21.3121 21.241 11.0539 20.8799 21.742 16.4188 20.386499999999998 
20.4879 21.3161 18.8617 21.857 11.0407 12.8528 18.457 13.1712 13.2749 21.261400000000002 10.1032 0 11.4762 10.3032 12.9009 21.7302 18.7912 18.5748 21.8771 20.9176 10.5847 15.5551 17.7357 18.9638 13.2594 20.5843 11.5997 12.648 17.0485 19.7146 16.2323 21.3818 18.7881 
15.5726 15.9933 18.9848 21.7066 12.3082 15.0008 21.881700000000002 19.4259 15.9995 18.4728 21.5794 11.4762 0 21.6053 19.1311 15.948 21.7637 21.1873 13.8462 18.2625 16.8051 17.2236 18.7371 18.7529 20.913800000000002 11.6715 22.3185 12.6573 19.6318 22.3351 23.7285 22.714199999999998 22.5233 
21.2271 21.9985 11.6754 14.4602 13.4461 11.778 15.6057 12.6704 10.1769 20.2179 13.7668 10.3032 21.6053 0 10.5423 17.3381 21.319899999999997 20.287300000000002 16.1858 18.0366 20.887900000000002 10.8028 14.5369 16.6288 16.9566 12.5462 13.4818 18.0174 17.7069 21.3049 18.1836 12.3502 16.1213 
17.2065 21.7044 19.8649 14.3222 22.4589 17.7087 21.486 14.2676 19.1671 23.6017 23.0041 12.9009 19.1311 10.5423 0 13.872 18.4474 19.837 22.4081 20.2573 14.9874 13.2696 22.1381 20.2352 22.4854 13.1405 16.1899 12.8899 15.2761 19.8309 11.8269 17.6862 21.5884 
13.2345 14.2971 19.0134 16.214 15.4598 14.8862 15.8 14.4723 13.9693 24.0103 19.4817 21.7302 15.948 17.3381 13.872 0 12.2031 16.4703 15.0735 18.6443 15.7015 19.6889 21.4496 19.5493 16.6806 14.329 23.2317 16.424 14.0019 16.7411 12.3601 23.845599999999997 18.5751 
14.5585 21.5029 17.5212 18.8503 21.0428 14.5483 17.7976 22.430300000000003 20.416 23.309199999999997 22.1592 18.7912 21.7637 21.319899999999997 18.4474 12.2031 0 10.8563 18.7751 14.3875 19.6838 13.8884 15.1788 18.6186 21.662100000000002 13.2768 15.2792 17.2195 18.5405 21.470399999999998 22.1622 21.5807 12.2601 
16.499 14.7562 18.1037 23.633000000000003 20.8004 21.2088 14.3881 20.150100000000002 10.1104 20.151400000000002 18.6683 18.5748 21.1873 20.287300000000002 19.837 16.4703 10.8563 0 16.6033 18.5181 19.4274 13.4174 15.9885 10.659 14.4953 18.3003 22.399900000000002 15.8944 17.8905 12.606 22.3378 12.713 14.0151 
16.6423 22.7284 20.7768 21.8082 12.611 10.0527 19.7015 11.9463 12.095 15.1941 23.8209 21.8771 13.8462 16.1858 22.4081 15.0735 18.7751 16.6033 0 10.3063 11.9839 17.1488 21.8547 11.3855 21.3484 22.1744 10.2774 16.29 13.879 12.6494 11.153 22.1788 12.9211 
23.3688 14.0612 14.3866 15.4051 21.6175 16.6147 14.75 18.4248 22.4013 22.1838 18.1492 20.9176 18.2625 18.0366 20.2573 18.6443 14.3875 18.5181 10.3063 0 10.3329 21.569499999999998 15.7454 13.4492 17.7948 14.6634 20.5837 11.0175 16.5613 16.0746 12.8654 17.038 15.7321 
13.0359 18.8708 16.3009 11.2723 21.6254 14.5714 11.2281 15.2694 19.8772 14.0706 18.7047 10.5847 16.8051 20.887900000000002 14.9874 15.7015 19.6838 19.4274 11.9839 10.3329 0 11.2366 15.1786 16.3467 18.5769 16.6311 22.0175 11.8104 13.0917 10.8363 21.3352 22.7802 13.4924 
13.8865 21.540300000000002 22.4782 21.9411 13.8887 20.7975 14.8047 22.0223 20.9797 12.7623 22.750700000000002 15.5551 17.2236 10.8028 13.2696 19.6889 13.8884 13.4174 17.1488 21.569499999999998 11.2366 0 17.7876 24.0764 16.7659 14.2008 10.7809 16.0722 21.674 17.7998 14.473 21.8381 19.7198 
21.0798 13.6532 15.9239 18.3809 16.4235 22.3801 19.02 13.5846 12.76 22.801000000000002 15.8804 17.7357 18.7371 14.5369 22.1381 21.4496 15.1788 15.9885 21.8547 15.7454 15.1786 17.7876 0 11.225 21.7496 11.1348 22.2819 21.7539 18.6917 20.9528 18.2101 21.8826 21.7369 
19.7187 15.0858 10.6603 20.8774 14.471 11.1551 16.7737 19.0879 10.6894 13.2191 21.2715 18.9638 18.7529 16.6288 20.2352 19.5493 18.6186 10.659 11.3855 13.4492 16.3467 24.0764 11.225 0 11.3898 14.3584 21.6629 23.65 20.4771 18.781 15.6449 16.5212 22.6699 
21.0205 21.1095 14.0346 22.035400000000003 11.296 11.4315 21.5442 14.9096 21.2057 11.1647 22.3199 13.2594 20.913800000000002 16.9566 22.4854 16.6806 21.662100000000002 14.4953 21.3484 17.7948 18.5769 16.7659 21.7496 11.3898 0 15.0495 19.606 16.931 21.1331 21.3839 12.8066 22.9514 14.7811 
21.1724 10.8498 11.1719 14.535 13.196 12.1217 21.6033 21.7123 12.3613 13.503 22.2016 20.5843 11.6715 12.5462 13.1405 14.329 13.2768 18.3003 22.1744 14.6634 16.6311 14.2008 11.1348 14.3584 15.0495 0 21.8427 14.1718 22.514899999999997 17.9297 22.3279 22.427500000000002 17.3466 
11.161 21.441 12.7135 22.9306 18.5328 20.3301 12.7783 20.9906 20.897 12.8401 21.3121 11.5997 22.3185 13.4818 16.1899 23.2317 15.2792 22.399900000000002 10.2774 20.5837 22.0175 10.7809 22.2819 21.6629 19.606 21.8427 0 12.0897 19.5984 21.9669 21.4304 15.1889 17.3057 
15.0513 14.813 23.8276 15.0112 12.0137 17.0248 17.7592 21.226 18.2076 18.4357 21.241 12.648 12.6573 18.0174 12.8899 16.424 17.2195 15.8944 16.29 11.0175 11.8104 16.0722 21.7539 23.65 16.931 14.1718 12.0897 0 10.1871 20.4675 20.5317 21.6295 12.2028 
19.916 12.7541 16.734 21.5929 18.5279 22.950400000000002 22.4086 21.463500000000003 22.0776 15.8445 11.0539 17.0485 19.6318 17.7069 15.2761 14.0019 18.5405 17.8905 13.879 16.5613 13.0917 21.674 18.6917 20.4771 21.1331 22.514899999999997 19.5984 10.1871 0 10.2804 19.8067 12.6906 12.4537 
10.8059 21.1285 22.0437 19.0852 15.0222 22.477600000000002 12.1282 17.7867 21.898200000000003 24.9069 20.8799 19.7146 22.3351 21.3049 19.8309 16.7411 21.470399999999998 12.606 12.6494 16.0746 10.8363 17.7998 20.9528 18.781 21.3839 17.9297 21.9669 20.4675 10.2804 0 10.4989 11.9439 20.807699999999997 
21.063299999999998 15.8031 19.4563 11.452 22.643500000000003 21.0571 21.6298 19.1034 22.463900000000002 15.0948 21.742 16.2323 23.7285 18.1836 11.8269 12.3601 22.1622 22.3378 11.153 12.8654 21.3352 14.473 18.2101 15.6449 12.8066 22.3279 21.4304 20.5317 19.8067 10.4989 0 11.4855 13.2417 
16.3063 16.211 13.0919 18.7497 22.2973 12.1261 20.986600000000003 13.464 18.0809 23.558799999999998 16.4188 21.3818 22.714199999999998 12.3502 17.6862 23.845599999999997 21.5807 12.713 22.1788 17.038 22.7802 21.8381 21.8826 16.5212 22.9514 22.427500000000002 15.1889 21.6295 12.6906 11.9439 11.4855 0 15.9952 
10.0018 20.324399999999997 21.2396 14.5912 22.103099999999998 18.357 18.8964 12.8878 14.8434 15.9046 20.386499999999998 18.7881 22.5233 16.1213 21.5884 18.5751 12.2601 14.0151 12.9211 15.7321 13.4924 19.7198 21.7369 22.6699 14.7811 17.3466 17.3057 12.2028 12.4537 20.807699999999997 13.2417 15.9952 0 
