17
12 19 24 7 16 26 15 20 14 6 5 3 25 4 17 13 Soda
0 10.1543 26.3431 27.415 22.2733 24.2192 31.1821 24.855600000000003 18.7578 25.9599 24.0856 15.0252 25.9391 12.668 14.8955 24.0248 19.1442 
10.1543 0 16.1888 23.9605 12.119 22.8107 25.2305 16.389 11.7409 24.9632 14.7943 23.8624 23.008899999999997 22.5734 19.2258 23.5109 18.7776 
26.3431 16.1888 0 12.7984 24.6399 14.9049 15.9597 15.0137 10.3482 16.0747 25.1646 22.9644 20.9639 24.5494 21.3692 22.1182 14.4888 
27.415 23.9605 12.7984 0 11.8415 22.5332 24.9667 15.5028 13.3367 13.5094 24.0137 24.5839 24.308799999999998 23.0747 23.2676 13.2765 12.9984 
22.2733 12.119 24.6399 11.8415 0 10.6917 22.2078 14.6983 14.9047 25.345100000000002 18.3426 23.6535 12.4673 21.957 26.650599999999997 22.5562 14.8273 
24.2192 22.8107 14.9049 22.5332 10.6917 0 11.5161 21.886400000000002 23.5229 14.6534 12.4214 14.5096 19.5146 17.8598 24.7551 22.927300000000002 16.0951 
31.1821 25.2305 15.9597 24.9667 22.2078 11.5161 0 10.3703 19.7049 16.836 18.8857 25.1438 17.0345 23.3677 24.7955 26.5396 22.2684 
24.855600000000003 16.389 15.0137 15.5028 14.6983 21.886400000000002 10.3703 0 14.2899 26.8899 19.0638 22.905 23.7354 25.8197 24.7531 22.4392 11.8981 
18.7578 11.7409 10.3482 13.3367 14.9047 23.5229 19.7049 14.2899 0 13.2223 16.5737 21.6112 24.1453 19.0236 15.5291 11.77 10.9145 
25.9599 24.9632 16.0747 13.5094 25.345100000000002 14.6534 16.836 26.8899 13.2223 0 10.5043 16.0498 14.6147 24.7334 26.0831 16.939 24.1368 
24.0856 14.7943 25.1646 24.0137 18.3426 12.4214 18.8857 19.0638 16.5737 10.5043 0 10.0765 13.9447 25.078400000000002 17.8637 24.8337 21.6791 
15.0252 23.8624 22.9644 24.5839 23.6535 14.5096 25.1438 22.905 21.6112 16.0498 10.0765 0 11.1862 22.4867 12.2233 22.0181 11.6026 
25.9391 23.008899999999997 20.9639 24.308799999999998 12.4673 19.5146 17.0345 23.7354 24.1453 14.6147 13.9447 11.1862 0 13.2711 14.1833 23.1149 21.8072 
12.668 22.5734 24.5494 23.0747 21.957 17.8598 23.3677 25.8197 19.0236 24.7334 25.078400000000002 22.4867 13.2711 0 13.0968 22.414 22.7148 
14.8955 19.2258 21.3692 23.2676 26.650599999999997 24.7551 24.7955 24.7531 15.5291 26.0831 17.8637 12.2233 14.1833 13.0968 0 19.0991 23.8259 
24.0248 23.5109 22.1182 13.2765 22.5562 22.927300000000002 26.5396 22.4392 11.77 16.939 24.8337 22.0181 23.1149 22.414 19.0991 0 10.5411 
19.1442 18.7776 14.4888 12.9984 14.8273 16.0951 22.2684 11.8981 10.9145 24.1368 21.6791 11.6026 21.8072 22.7148 23.8259 10.5411 0 
