36
TuasBay SingaporePolytechnic Novena YuhuaWestBoonLay ChoaChuKangCentral Trafalgar GreenwoodPark Guilin Sentosa SembawangSprings KampongGlam PasirPanjang2 TanjongRhu ClementiCentral YishunCentral PunggolTownCentre AnchorvaleBuangkok YioChuKang MandaiWest NorthCoast Semakau SerangoonGarden Phillip Yishun BishanEast CompassvaleTrafalgar ConeyIsland Outram JurongWestCentral NeeSoon Tyersall DefuIndustrialPark OrangeGrove Shipyard SungeiKadut LeonieHill
0 254936853.0 311406229.0 325209281.0 434493983.0 336536903.0 305521349.0 370628431.0 430425022.0 352751984.0 260840202.0 336033653.0 339240708.0 410858890.0 448420580.0 368771043.0 352073161.0 348873164.0 355953427.0 367514035.0 314250767.0 260840702.0 361695272.0 361041740.0 315726799.0 429733923.0 416422837.0 421255646.0 495816669.0 531722878.0 686197362.0 642704484.0 597738118.0 554192935.0 476893159.0 434904327.0 
254936853.0 0 56469376.0 181155444.0 281602728.0 238105072.0 254419332.0 161229600.0 249897189.0 213240167.0 164181574.0 268598233.0 271805288.0 305242260.0 257265468.0 258193740.0 279814799.0 276825095.0 270812048.0 344743624.0 158015566.0 152102595.0 293659106.0 299793220.0 289540068.0 341291263.0 393522324.0 359729455.0 440207039.0 513551273.0 672928404.0 641577121.0 596610755.0 495853263.0 546463595.0 632289234.0 
311406229.0 56469376.0 0 165665991.0 318019156.0 293254033.0 206195475.0 202971928.0 200051979.0 164941945.0 151735630.0 218218894.0 216248755.0 248772884.0 200796092.0 256838198.0 248457858.0 267664335.0 268360372.0 309173215.0 136928797.0 208571971.0 347671366.0 272355698.0 266379530.0 318340873.0 359990752.0 315672414.0 432698858.0 457081897.0 616459028.0 602399062.0 578769985.0 439383887.0 498017863.0 619820187.0 
325209281.0 181155444.0 165665991.0 0 267800298.0 304125206.0 266466617.0 211643069.0 298490185.0 293787478.0 189867716.0 315336860.0 317046763.0 256740772.0 228662811.0 227113957.0 241714121.0 231179612.0 238259875.0 277479102.0 168755843.0 304582649.0 299738398.0 362186397.0 372823371.0 384040668.0 385533180.0 424910470.0 457305596.0 563689321.0 757205003.0 714133474.0 682289594.0 547180029.0 458372693.0 622058524.0 
434493983.0 281602728.0 318019156.0 267800298.0 0 487211658.0 379244462.0 280905322.0 362641177.0 342020621.0 347252241.0 363846392.0 360639337.0 360395347.0 351414531.0 398755151.0 344323212.0 344596385.0 351676648.0 452461887.0 227634398.0 433705323.0 409859814.0 395201638.0 534906926.0 543543606.0 514087136.0 495261521.0 586407382.0 622151881.0 661236180.0 669392503.0 624426137.0 632631595.0 608654619.0 680421218.0 
336536903.0 238105072.0 293254033.0 304125206.0 487211658.0 0 109896506.0 208235646.0 128991619.0 213007114.0 244590967.0 345480990.0 348688045.0 387754731.0 380652889.0 418213142.0 374958969.0 373122860.0 380203123.0 345414403.0 275712081.0 275302502.0 270900806.0 290718553.0 235751505.0 340212757.0 376383478.0 334475331.0 490301891.0 552721179.0 736095365.0 701003752.0 665193226.0 524183104.0 454683837.0 572831236.0 
305521349.0 254419332.0 206195475.0 266466617.0 379244462.0 109896506.0 0 98339140.0 172317370.0 205830380.0 147680225.0 267249605.0 270456660.0 316511606.0 340110114.0 339021246.0 282292056.0 263226354.0 270306617.0 281927010.0 191111508.0 182426268.0 246746757.0 308036707.0 213040254.0 299589725.0 328946111.0 257831573.0 414237923.0 455951750.0 626198859.0 606959424.0 577639838.0 427413675.0 470829439.0 584935545.0 
370628431.0 161229600.0 202971928.0 211643069.0 280905322.0 208235646.0 98339140.0 0 102721979.0 186737474.0 240436864.0 200504557.0 203711612.0 391871561.0 364328242.0 334737484.0 344876717.0 361509154.0 364779231.0 326010193.0 187412387.0 243814182.0 343837777.0 383977630.0 293456321.0 339097089.0 355890572.0 356170713.0 422543105.0 502957981.0 649097223.0 634246484.0 596924725.0 499822448.0 540373279.0 653387111.0 
430425022.0 249897189.0 200051979.0 298490185.0 362641177.0 128991619.0 172317370.0 102721979.0 0 84015495.0 215630145.0 298225607.0 301432662.0 353768188.0 319933606.0 300372452.0 324025073.0 336180990.0 329758296.0 381509536.0 151896877.0 232904881.0 374461392.0 419710172.0 317355584.0 259294172.0 289401107.0 323310906.0 361310272.0 433992039.0 641926238.0 599200535.0 555680127.0 405453964.0 536838089.0 604401226.0 
352751984.0 213240167.0 164941945.0 293787478.0 342020621.0 213007114.0 205830380.0 186737474.0 84015495.0 0 139321513.0 227971526.0 231178581.0 276346539.0 282720554.0 248419126.0 240009578.0 255673638.0 259912092.0 332407426.0 138503328.0 285744114.0 350570734.0 396145628.0 324703934.0 336353956.0 366612527.0 313058325.0 341852893.0 349976544.0 557910743.0 516630998.0 471664632.0 321438469.0 454993777.0 536753480.0 
260840202.0 164181574.0 151735630.0 189867716.0 347252241.0 244590967.0 147680225.0 240436864.0 215630145.0 139321513.0 0 193262620.0 190055565.0 246896590.0 245647733.0 253846488.0 230473932.0 211267455.0 215653331.0 209352292.0 119617843.0 249472309.0 255321466.0 261536416.0 193017695.0 395523852.0 421842705.0 249978587.0 406384937.0 432356697.0 586818599.0 543325721.0 498359355.0 431698581.0 450806880.0 524689647.0 
336033653.0 268598233.0 218218894.0 315336860.0 363846392.0 345480990.0 267249605.0 200504557.0 298225607.0 227971526.0 193262620.0 0 3207055.0 323362413.0 282440173.0 344801980.0 304317301.0 320502703.0 322261314.0 243697672.0 146581017.0 301809740.0 345131295.0 359311458.0 381064985.0 491224751.0 463765378.0 401239328.0 391236171.0 381745829.0 533282852.0 491617909.0 459298779.0 366109398.0 477976894.0 533702614.0 
339240708.0 271805288.0 216248755.0 317046763.0 360639337.0 348688045.0 270456660.0 203711612.0 301432662.0 231178581.0 190055565.0 3207055.0 0 321392274.0 279233118.0 348009035.0 301110246.0 320316723.0 319181126.0 245253658.0 149788072.0 299839601.0 348338350.0 356104403.0 379094846.0 494431806.0 466972433.0 400306958.0 388029116.0 378538774.0 536489907.0 494824964.0 456091724.0 362902343.0 476006755.0 536909669.0 
410858890.0 305242260.0 248772884.0 256740772.0 360395347.0 387754731.0 316511606.0 391871561.0 353768188.0 276346539.0 246896590.0 323362413.0 321392274.0 0 47976792.0 127626329.0 298363935.0 317570412.0 318266449.0 259762076.0 251877795.0 421545571.0 471896675.0 436473581.0 291624837.0 284553040.0 339402766.0 394338892.0 530369481.0 550180992.0 564723501.0 608360181.0 638347965.0 521642917.0 316602222.0 572219174.0 
448420580.0 257265468.0 200796092.0 228662811.0 351414531.0 380652889.0 340110114.0 364328242.0 319933606.0 282720554.0 245647733.0 282440173.0 279233118.0 47976792.0 0 79649537.0 313588632.0 294382155.0 301462418.0 255932735.0 264369295.0 408106332.0 429466278.0 418891670.0 243648045.0 236576248.0 291425974.0 346845877.0 483888308.0 524387500.0 593280952.0 586678213.0 630383550.0 500605311.0 364565567.0 620195966.0 
368771043.0 258193740.0 256838198.0 227113957.0 398755151.0 418213142.0 339021246.0 334737484.0 300372452.0 248419126.0 253846488.0 344801980.0 348009035.0 127626329.0 79649537.0 0 311665073.0 298842822.0 291762559.0 241364598.0 320668097.0 396776429.0 387163348.0 434385141.0 263143315.0 156926711.0 211776437.0 346932249.0 410163462.0 449493849.0 625701229.0 615795162.0 570828796.0 420955774.0 298288527.0 580703737.0 
352073161.0 279814799.0 248457858.0 241714121.0 344323212.0 374958969.0 282292056.0 344876717.0 324025073.0 240009578.0 230473932.0 304317301.0 301110246.0 298363935.0 313588632.0 311665073.0 0 19206477.0 19902514.0 121768387.0 191772484.0 313415895.0 417879090.0 447370502.0 285855510.0 375064649.0 429666395.0 393509673.0 343677487.0 416935857.0 605962486.0 572763934.0 527797568.0 417597946.0 513609845.0 459785422.0 
348873164.0 276825095.0 267664335.0 231179612.0 344596385.0 373122860.0 263226354.0 361509154.0 336180990.0 255673638.0 211267455.0 320502703.0 320316723.0 317570412.0 294382155.0 298842822.0 19206477.0 0 7080263.0 123567326.0 210978961.0 294209418.0 398672613.0 437528700.0 305061987.0 386762927.0 437605880.0 385940394.0 330855236.0 397729380.0 593140235.0 559941683.0 514975317.0 418848837.0 506359581.0 465402531.0 
355953427.0 270812048.0 268360372.0 238259875.0 351676648.0 380203123.0 270306617.0 364779231.0 329758296.0 259912092.0 215653331.0 322261314.0 319181126.0 318266449.0 301462418.0 291762559.0 19902514.0 7080263.0 0 116487063.0 211674998.0 295891342.0 404507425.0 444608963.0 305758024.0 379682664.0 434555335.0 393020657.0 323774973.0 404809643.0 586059972.0 552861420.0 507895054.0 411768574.0 499279318.0 458322268.0 
367514035.0 344743624.0 309173215.0 277479102.0 452461887.0 345414403.0 281927010.0 326010193.0 381509536.0 332407426.0 209352292.0 243697672.0 245253658.0 259762076.0 255932735.0 241364598.0 121768387.0 123567326.0 116487063.0 0 251533462.0 215703091.0 300271476.0 359436327.0 390100397.0 313915366.0 327898395.0 321257107.0 354776860.0 397737894.0 562936256.0 557355034.0 519425982.0 369199819.0 453565410.0 530960036.0 
314250767.0 158015566.0 136928797.0 168755843.0 227634398.0 275712081.0 191111508.0 187412387.0 151896877.0 138503328.0 119617843.0 146581017.0 149788072.0 251877795.0 264369295.0 320668097.0 191772484.0 210978961.0 211674998.0 251533462.0 0 234951950.0 294040142.0 321934075.0 307821730.0 392679088.0 393980834.0 361201454.0 479328792.0 465587834.0 637008179.0 593371499.0 586056753.0 437049759.0 512687335.0 544902556.0 
260840702.0 152102595.0 208571971.0 304582649.0 433705323.0 275302502.0 182426268.0 243814182.0 232904881.0 285744114.0 249472309.0 301809740.0 299839601.0 421545571.0 408106332.0 396776429.0 313415895.0 294209418.0 295891342.0 215703091.0 234951950.0 0 141556511.0 216872179.0 300133086.0 329222493.0 340960562.0 370585507.0 446033765.0 413935503.0 601396854.0 557760174.0 535623591.0 420247327.0 521302280.0 480186639.0 
361695272.0 293659106.0 347671366.0 299738398.0 409859814.0 270900806.0 246746757.0 343837777.0 374461392.0 350570734.0 255321466.0 345131295.0 348338350.0 471896675.0 429466278.0 387163348.0 417879090.0 398672613.0 404507425.0 300271476.0 294040142.0 141556511.0 0 75315668.0 192763955.0 372075916.0 324614192.0 448743641.0 470072853.0 529563779.0 703463023.0 659970145.0 615003779.0 516510617.0 435750408.0 475961654.0 
361041740.0 299793220.0 272355698.0 362186397.0 395201638.0 290718553.0 308036707.0 383977630.0 419710172.0 396145628.0 261536416.0 359311458.0 356104403.0 436473581.0 418891670.0 434385141.0 447370502.0 437528700.0 444608963.0 359436327.0 321934075.0 216872179.0 75315668.0 0 175243625.0 443701797.0 399929860.0 373427973.0 468107330.0 564687571.0 772621770.0 730913050.0 685946684.0 562482633.0 360434740.0 426383618.0 
315726799.0 289540068.0 266379530.0 372823371.0 534906926.0 235751505.0 213040254.0 293456321.0 317355584.0 324703934.0 193017695.0 381064985.0 379094846.0 291624837.0 243648045.0 263143315.0 285855510.0 305061987.0 305758024.0 390100397.0 307821730.0 300133086.0 192763955.0 175243625.0 0 302536282.0 333546894.0 285279583.0 431165260.0 485714565.0 690123005.0 646486325.0 607402653.0 463513647.0 381221890.0 463067739.0 
429733923.0 341291263.0 318340873.0 384040668.0 543543606.0 340212757.0 299589725.0 339097089.0 259294172.0 336353956.0 395523852.0 491224751.0 494431806.0 284553040.0 236576248.0 156926711.0 375064649.0 386762927.0 379682664.0 313915366.0 392679088.0 329222493.0 372075916.0 443701797.0 302536282.0 0 54872671.0 222763520.0 279123873.0 292646959.0 500581158.0 459301413.0 414335047.0 269900203.0 326970970.0 552840774.0 
416422837.0 393522324.0 359990752.0 385533180.0 514087136.0 376383478.0 328946111.0 355890572.0 289401107.0 366612527.0 421842705.0 463765378.0 466972433.0 339402766.0 291425974.0 211776437.0 429666395.0 437605880.0 434555335.0 327898395.0 393980834.0 340960562.0 324614192.0 399929860.0 333546894.0 54872671.0 0 205336261.0 224251202.0 237774288.0 445708487.0 404428742.0 359462376.0 215530438.0 274164414.0 497968103.0 
421255646.0 359729455.0 315672414.0 424910470.0 495261521.0 334475331.0 257831573.0 356170713.0 323310906.0 313058325.0 249978587.0 401239328.0 400306958.0 394338892.0 346845877.0 346932249.0 393509673.0 385940394.0 393020657.0 321257107.0 361201454.0 370585507.0 448743641.0 373427973.0 285279583.0 222763520.0 205336261.0 0 156406350.0 233811779.0 422001106.0 391018630.0 346052264.0 220518795.0 279152771.0 559559027.0 
495816669.0 440207039.0 432698858.0 457305596.0 586407382.0 490301891.0 414237923.0 422543105.0 361310272.0 341852893.0 406384937.0 391236171.0 388029116.0 530369481.0 483888308.0 410163462.0 343677487.0 330855236.0 323774973.0 354776860.0 479328792.0 446033765.0 470072853.0 468107330.0 431165260.0 279123873.0 224251202.0 156406350.0 0 112929672.0 320863871.0 279584126.0 234617760.0 141467747.0 320697234.0 463421788.0 
531722878.0 513551273.0 457081897.0 563689321.0 622151881.0 552721179.0 455951750.0 502957981.0 433992039.0 349976544.0 432356697.0 381745829.0 378538774.0 550180992.0 524387500.0 449493849.0 416935857.0 397729380.0 404809643.0 397737894.0 465587834.0 413935503.0 529563779.0 564687571.0 485714565.0 292646959.0 237774288.0 233811779.0 112929672.0 0 207934199.0 166654454.0 121688088.0 28538075.0 255761345.0 506521592.0 
686197362.0 672928404.0 616459028.0 757205003.0 661236180.0 736095365.0 626198859.0 649097223.0 641926238.0 557910743.0 586818599.0 533282852.0 536489907.0 564723501.0 593280952.0 625701229.0 605962486.0 593140235.0 586059972.0 562936256.0 637008179.0 601396854.0 703463023.0 772621770.0 690123005.0 500581158.0 445708487.0 422001106.0 320863871.0 207934199.0 0 43636680.0 88459244.0 236472274.0 423676622.0 628713749.0 
642704484.0 641577121.0 602399062.0 714133474.0 669392503.0 701003752.0 606959424.0 634246484.0 599200535.0 516630998.0 543325721.0 491617909.0 494824964.0 608360181.0 586678213.0 615795162.0 572763934.0 559941683.0 552861420.0 557355034.0 593371499.0 557760174.0 659970145.0 730913050.0 646486325.0 459301413.0 404428742.0 391018630.0 279584126.0 166654454.0 43636680.0 0 44966366.0 195192529.0 380039942.0 585077069.0 
597738118.0 596610755.0 578769985.0 682289594.0 624426137.0 665193226.0 577639838.0 596924725.0 555680127.0 471664632.0 498359355.0 459298779.0 456091724.0 638347965.0 630383550.0 570828796.0 527797568.0 514975317.0 507895054.0 519425982.0 586056753.0 535623591.0 615003779.0 685946684.0 607402653.0 414335047.0 359462376.0 346052264.0 234617760.0 121688088.0 88459244.0 44966366.0 0 150226163.0 377449433.0 628209680.0 
554192935.0 495853263.0 439383887.0 547180029.0 632631595.0 524183104.0 427413675.0 499822448.0 405453964.0 321438469.0 431698581.0 366109398.0 362902343.0 521642917.0 500605311.0 420955774.0 417597946.0 418848837.0 411768574.0 369199819.0 437049759.0 420247327.0 516510617.0 562482633.0 463513647.0 269900203.0 215530438.0 220518795.0 141467747.0 28538075.0 236472274.0 195192529.0 150226163.0 0 227223270.0 477983517.0 
476893159.0 546463595.0 498017863.0 458372693.0 608654619.0 454683837.0 470829439.0 540373279.0 536838089.0 454993777.0 450806880.0 477976894.0 476006755.0 316602222.0 364565567.0 298288527.0 513609845.0 506359581.0 499279318.0 453565410.0 512687335.0 521302280.0 435750408.0 360434740.0 381221890.0 326970970.0 274164414.0 279152771.0 320697234.0 255761345.0 423676622.0 380039942.0 377449433.0 227223270.0 0 313161727.0 
434904327.0 632289234.0 619820187.0 622058524.0 680421218.0 572831236.0 584935545.0 653387111.0 604401226.0 536753480.0 524689647.0 533702614.0 536909669.0 572219174.0 620195966.0 580703737.0 459785422.0 465402531.0 458322268.0 530960036.0 544902556.0 480186639.0 475961654.0 426383618.0 463067739.0 552840774.0 497968103.0 559559027.0 463421788.0 506521592.0 628713749.0 585077069.0 628209680.0 477983517.0 313161727.0 0 
