65
SerangoonGarden Sennett ChinaSquare Serangoon Mandai Geylang Matilda Punggol PayaLebarEast Museum Aljunied BoatQuay Saujana HougangCentral ChoaChuKang Khatib SimpangNorth ReservoirView EvertonPark Katong OneTreeHill Shipyard SembawangStraits WestCoast SouthernIslands KeatHong YioChuKangEast BukitBatokSouth WoodlandsWest Northland JurongPort DairyFarm PangSua Kranji SungeiRoad Commonwealth Chatsworth InstitutionHill Boulevard HougangEast JooSengPayaLebar Tanglin TuasBay KebunBahru GeylangEast PasirRisDrive UpperThomson IstanaNegara Sentosa Sembawang TagoreSindo WoodlandsSouth ChangiPoint BukitTimah BoonLayPlace OrangeGrove PeoplesPark BayfrontSubzone Brickworks DhobyGhaut PasirPanjang1 MandaiEast LowerSeletar TelokBlangahDrive YuhuaEast
0 97197451.0 216402867.0 378981127.0 304651193.0 391404233.0 457069003.0 468395088.0 709210440.0 658155793.0 590086415.0 599974985.0 600822483.0 647464251.0 504053822.0 600250737.0 574170191.0 602430813.0 462603589.0 501862012.0 433219492.0 434982434.0 426086041.0 627041582.0 600591670.0 509690799.0 497804989.0 607089208.0 564322049.0 635610132.0 682067464.0 694750548.0 581884802.0 578166860.0 592168261.0 650381757.0 596811779.0 584816767.0 721793936.0 547439125.0 690822820.0 856089230.0 884067341.0 801619680.0 769037596.0 653657630.0 632496206.0 564861668.0 430936527.0 567587775.0 465288624.0 407912182.0 392822711.0 589577772.0 370228210.0 398682144.0 518128931.0 517900436.0 400129647.0 506257012.0 874099958.0 860510260.0 398944848.0 131167197.0 162388572.0 
97197451.0 0 119205416.0 281783676.0 207453742.0 309141498.0 437813949.0 371197637.0 612012989.0 560958342.0 505815426.0 524706053.0 506526911.0 551717423.0 434432979.0 503053286.0 476972740.0 522944377.0 401501028.0 404664561.0 336022041.0 343854456.0 333818133.0 529844131.0 512417709.0 421046033.0 425126296.0 577640882.0 467124598.0 538412681.0 647590124.0 597553097.0 486801877.0 490519819.0 598668784.0 597906389.0 609557067.0 587274346.0 624596485.0 550345495.0 682419199.0 758891779.0 792328939.0 722863865.0 671840145.0 560605237.0 554361287.0 511268205.0 349477231.0 549578761.0 396573889.0 502327100.0 477330305.0 620449920.0 273030759.0 352326504.0 420931480.0 423460769.0 370547965.0 409059561.0 786378292.0 776827766.0 333844186.0 33969746.0 65191121.0 
216402867.0 119205416.0 0 307504609.0 313581422.0 415324512.0 342340615.0 437750265.0 551997828.0 477860498.0 407814322.0 405500637.0 387321495.0 433963263.0 441781878.0 383847870.0 522340788.0 552427661.0 412600437.0 450015682.0 449362746.0 443503427.0 440971582.0 595528100.0 598175772.0 506810880.0 493320080.0 471931726.0 466444656.0 443943679.0 627607281.0 608942607.0 606007293.0 609725235.0 717874200.0 671435167.0 711377271.0 673979613.0 558486093.0 513454718.0 610379229.0 643623288.0 794749851.0 687077536.0 612007269.0 466919599.0 602565089.0 426167861.0 301150428.0 507040466.0 280375603.0 554747545.0 472184688.0 501244504.0 367340588.0 441176535.0 461715456.0 542210759.0 251342549.0 431630732.0 762897339.0 701578304.0 334910561.0 153175162.0 184396537.0 
378981127.0 281783676.0 307504609.0 0 132208025.0 233895781.0 315291514.0 250245564.0 330229313.0 359869695.0 367857225.0 409348405.0 437204287.0 406006761.0 368393981.0 258421404.0 412401110.0 383925873.0 281029271.0 329418844.0 262701384.0 260576254.0 258572416.0 378125807.0 372214753.0 273887873.0 244493728.0 381595585.0 330225116.0 381743065.0 563629564.0 482391198.0 472016080.0 475734022.0 464492826.0 430090121.0 430871269.0 471667462.0 495001878.0 432345067.0 592256519.0 626972795.0 693090529.0 537936073.0 393205311.0 279199476.0 434473764.0 336423134.0 316461125.0 420874941.0 265277701.0 427081383.0 318044118.0 504221647.0 204167325.0 379473977.0 335041253.0 465129025.0 172072153.0 529387392.0 648911450.0 546854944.0 300382262.0 315753422.0 339240170.0 
304651193.0 207453742.0 313581422.0 132208025.0 0 103251206.0 271661353.0 210166847.0 407116642.0 383293944.0 426032706.0 382668623.0 358899605.0 395927230.0 246911980.0 352364695.0 400465937.0 333874510.0 194047286.0 199682670.0 135781324.0 137426483.0 127390160.0 358175659.0 305989736.0 261783370.0 286621460.0 451037571.0 437324056.0 513951090.0 545005605.0 479690395.0 443968090.0 440250148.0 446460385.0 390452647.0 418702763.0 417791169.0 473459503.0 452462445.0 494674796.0 562879285.0 743850804.0 592510982.0 505038863.0 358403217.0 368272879.0 358171634.0 282451090.0 345392858.0 217519296.0 335177595.0 410119917.0 472913811.0 72617516.0 267008103.0 385180294.0 470247413.0 230195348.0 529965934.0 703486359.0 635264268.0 174964451.0 241423488.0 271320319.0 
391404233.0 309141498.0 415324512.0 233895781.0 103251206.0 0 168410147.0 304284518.0 369740396.0 289840322.0 374691281.0 435983405.0 427281057.0 460034054.0 350163186.0 429035944.0 297214731.0 381230275.0 280391153.0 263983870.0 221757425.0 217910523.0 227946846.0 365007554.0 379960103.0 360163739.0 387639109.0 510254745.0 540575262.0 603206853.0 501776134.0 434891184.0 356094248.0 359812190.0 366578394.0 316315587.0 338604897.0 314539963.0 420884449.0 499510927.0 427305930.0 593947748.0 743385643.0 499057360.0 491256478.0 282554993.0 401281398.0 457715511.0 381943613.0 447135948.0 318532250.0 433976705.0 423437288.0 516208482.0 174360606.0 200813371.0 325606085.0 507820913.0 331938438.0 516305197.0 610032737.0 539225861.0 276707541.0 302054232.0 255519637.0 
457069003.0 437813949.0 342340615.0 315291514.0 271661353.0 168410147.0 0 186208627.0 446634805.0 405822366.0 387193336.0 441863795.0 449284177.0 495925945.0 434307756.0 551419362.0 453732411.0 475748511.0 335921287.0 218401890.0 196019804.0 177592317.0 187628640.0 414949541.0 366228216.0 432565019.0 385492017.0 525709494.0 443868318.0 486965264.0 473454679.0 452801336.0 390030278.0 393748220.0 417262152.0 432039517.0 416256003.0 375459810.0 537851203.0 334349383.0 506850390.0 461249056.0 692799529.0 578472426.0 491492942.0 437797009.0 430201137.0 456579289.0 274124916.0 518654443.0 378279498.0 417143609.0 414196973.0 449045159.0 279429619.0 170883314.0 295676028.0 478113748.0 285318046.0 586526631.0 598124007.0 563627122.0 297364640.0 457606736.0 411072141.0 
468395088.0 371197637.0 437750265.0 250245564.0 210166847.0 304284518.0 186208627.0 0 454903236.0 428920998.0 466193645.0 415092467.0 435165409.0 481807177.0 353762840.0 434258943.0 555544396.0 329324948.0 275936940.0 379511708.0 313827175.0 315472334.0 305436011.0 490086071.0 461331259.0 355781211.0 384016906.0 499647384.0 580470680.0 550529231.0 654551946.0 555546170.0 463407676.0 461661987.0 520155226.0 575954053.0 559578859.0 518782666.0 536774978.0 510907701.0 603491677.0 509676255.0 774997979.0 569570601.0 426819365.0 405244909.0 366173762.0 476932111.0 355408830.0 421404923.0 225287630.0 385624738.0 467488109.0 411698908.0 261556590.0 294794333.0 419587047.0 291905121.0 378782435.0 642790947.0 674364702.0 687251455.0 339140437.0 401873959.0 373866189.0 
709210440.0 612012989.0 551997828.0 330229313.0 407116642.0 369740396.0 446634805.0 454903236.0 0 88549525.0 470320353.0 392684876.0 426582278.0 437567746.0 445503701.0 385443012.0 539422718.0 331442616.0 411463728.0 257921545.0 308791187.0 325778399.0 317182351.0 214447539.0 167446616.0 281045665.0 327810817.0 330397985.0 411883783.0 339155847.0 398129987.0 507863289.0 387329117.0 391047059.0 336722734.0 300315521.0 267168240.0 274953609.0 355462129.0 358563435.0 470423863.0 398409279.0 472463949.0 210617467.0 128657616.0 113372139.0 458535350.0 365468415.0 533967836.0 616175081.0 390284140.0 502711706.0 555902947.0 453640060.0 419961756.0 446208504.0 545122398.0 628825435.0 502301466.0 537672680.0 321592844.0 446555676.0 413399465.0 645982735.0 625260033.0 
658155793.0 560958342.0 477860498.0 359869695.0 383293944.0 289840322.0 405822366.0 428920998.0 88549525.0 0 432814865.0 378972861.0 412870263.0 407885946.0 367222498.0 296893487.0 450873193.0 296508956.0 416206590.0 309730875.0 324318805.0 323225296.0 315927641.0 269430327.0 255804280.0 324225359.0 290094754.0 338397996.0 396493152.0 323137822.0 486679512.0 444065667.0 337234278.0 333516336.0 292963281.0 351176777.0 298150710.0 270642016.0 434556567.0 345071451.0 521998080.0 447464171.0 471063520.0 209217038.0 201416156.0 192466577.0 474249390.0 302390714.0 447054201.0 565702035.0 440809465.0 414162181.0 467353422.0 419788758.0 413696870.0 451700427.0 532269005.0 580682985.0 447903678.0 449123155.0 320192415.0 535105201.0 387714701.0 569036041.0 544364513.0 
590086415.0 505815426.0 407814322.0 367857225.0 426032706.0 374691281.0 387193336.0 466193645.0 470320353.0 432814865.0 0 131769870.0 165667272.0 212309040.0 276752185.0 498496994.0 380360384.0 414235105.0 466721063.0 424026858.0 373776344.0 355348857.0 365385180.0 398134915.0 362216462.0 400781799.0 438614074.0 546431997.0 554527145.0 521958924.0 569178027.0 583531938.0 540608887.0 536890945.0 399247156.0 440726840.0 416164572.0 437376676.0 527782730.0 527354560.0 473311775.0 786585080.0 728356308.0 575135404.0 551958929.0 453024217.0 507100179.0 366720209.0 477793450.0 460084930.0 555280854.0 753020928.0 499729121.0 621345476.0 415131515.0 332600043.0 248313007.0 431846975.0 446160749.0 656260107.0 493926726.0 367336653.0 450493809.0 505408395.0 458873800.0 
599974985.0 524706053.0 405500637.0 409348405.0 382668623.0 435983405.0 441863795.0 415092467.0 392684876.0 378972861.0 131769870.0 0 33897402.0 80539170.0 148064176.0 490249228.0 336269522.0 444406456.0 418521143.0 397188584.0 292457942.0 291283308.0 284066778.0 458494704.0 460207341.0 505809492.0 501889648.0 548954099.0 464229079.0 472652331.0 511248105.0 544353605.0 490559796.0 494277738.0 432474555.0 490688051.0 452479894.0 411683701.0 481842998.0 556292974.0 407388700.0 664898345.0 759908008.0 504368920.0 508957610.0 321254347.0 399859591.0 453353921.0 346023580.0 480007278.0 484680833.0 673933678.0 495479774.0 702648793.0 380308138.0 286169134.0 380082877.0 425201986.0 322114563.0 666282425.0 578500366.0 499106523.0 452176275.0 504420652.0 512098988.0 
600822483.0 506526911.0 387321495.0 437204287.0 358899605.0 427281057.0 449284177.0 435165409.0 426582278.0 412870263.0 165667272.0 33897402.0 0 46641768.0 114166774.0 456351826.0 302372120.0 478303858.0 403570629.0 390376871.0 275832800.0 274658166.0 267441636.0 450237469.0 441137438.0 471912090.0 495200078.0 531699918.0 430331677.0 464400152.0 483099648.0 514186389.0 524457198.0 528175140.0 398577153.0 456790649.0 434601439.0 393805246.0 447945596.0 581097211.0 441286102.0 635860586.0 747368815.0 508937494.0 542855012.0 347705526.0 414063064.0 424861876.0 377249747.0 491435385.0 450783431.0 642428980.0 491101297.0 678894246.0 346410736.0 298076728.0 366769857.0 412760026.0 305048363.0 640917637.0 544602964.0 516498412.0 418278873.0 511474927.0 499838263.0 
647464251.0 551717423.0 433963263.0 406006761.0 395927230.0 460034054.0 495925945.0 481807177.0 437567746.0 407885946.0 212309040.0 80539170.0 46641768.0 0 160808542.0 428582527.0 346429084.0 432264418.0 364497075.0 433098127.0 318554056.0 320199215.0 310162892.0 428428289.0 453926644.0 470927418.0 539563156.0 495345193.0 393860878.0 444470976.0 513969770.0 482143005.0 520526877.0 521646148.0 445218921.0 485573979.0 430807900.0 390185605.0 491421302.0 569714236.0 417158353.0 589218818.0 723912964.0 462295726.0 503769626.0 394347294.0 387984756.0 458430391.0 330607979.0 452061166.0 497425199.0 615528242.0 480801975.0 654564384.0 323309714.0 344718496.0 409886016.0 459401794.0 315189590.0 670462274.0 514614519.0 469914838.0 384239090.0 517747677.0 514394805.0 
504053822.0 434432979.0 441781878.0 368393981.0 246911980.0 350163186.0 434307756.0 353762840.0 445503701.0 367222498.0 276752185.0 148064176.0 114166774.0 160808542.0 0 375395858.0 378056036.0 367030271.0 356560242.0 322815618.0 263746083.0 267655350.0 270706773.0 414166493.0 366384122.0 418259065.0 385600091.0 500458495.0 393617049.0 459904705.0 464346990.0 540398367.0 468764364.0 469883635.0 448478458.0 491041745.0 442377735.0 401581542.0 460792373.0 473798672.0 541902018.0 732966077.0 639476683.0 564206489.0 431743770.0 417937184.0 317157927.0 363307179.0 423865922.0 521488593.0 337816850.0 575711135.0 397800389.0 604515280.0 312342931.0 327030843.0 451823557.0 497240197.0 366735662.0 526750863.0 563916281.0 610888651.0 414689866.0 400463233.0 444648356.0 
600250737.0 503053286.0 383847870.0 258421404.0 352364695.0 429035944.0 551419362.0 434258943.0 385443012.0 296893487.0 498496994.0 490249228.0 456351826.0 428582527.0 375395858.0 0 153979706.0 320200022.0 438279684.0 532550057.0 488146019.0 489791178.0 479754855.0 469486396.0 406487904.0 312913228.0 312355550.0 299870900.0 404774404.0 417014193.0 530987017.0 519259962.0 483027410.0 479309468.0 418590072.0 476803568.0 436196289.0 440603946.0 547698148.0 609290088.0 460086088.0 555266640.0 535719236.0 410168448.0 331245274.0 373299361.0 606084640.0 527345712.0 537142197.0 602230055.0 448068955.0 482065384.0 528688729.0 249324864.0 420615962.0 434211728.0 369536423.0 429699158.0 430493557.0 615561397.0 497319048.0 584707022.0 446359864.0 512369058.0 558903653.0 
574170191.0 476972740.0 522340788.0 412401110.0 400465937.0 297214731.0 453732411.0 555544396.0 539422718.0 450873193.0 380360384.0 336269522.0 302372120.0 346429084.0 378056036.0 153979706.0 0 378700783.0 408448645.0 561198601.0 465887587.0 484315074.0 474278751.0 547930235.0 501648599.0 454064712.0 434080155.0 453850606.0 557189326.0 570993899.0 632806209.0 504957834.0 379296150.0 383014092.0 458970796.0 472448715.0 527214794.0 561841734.0 669715572.0 692046131.0 578728849.0 611304680.0 628339915.0 430036725.0 485224980.0 486566929.0 673683295.0 681176521.0 637102391.0 744350679.0 565434282.0 586766285.0 668750596.0 386938065.0 471575337.0 380108138.0 398295212.0 393902821.0 584473263.0 614970607.0 500994532.0 723552198.0 482364145.0 510942486.0 542163861.0 
602430813.0 522944377.0 552427661.0 383925873.0 333874510.0 381230275.0 475748511.0 329324948.0 331442616.0 296508956.0 414235105.0 444406456.0 478303858.0 432264418.0 367030271.0 320200022.0 378700783.0 0 139827224.0 293369407.0 407913478.0 426340965.0 416304642.0 404654740.0 341656248.0 377800599.0 308994133.0 445496327.0 483337765.0 405489641.0 466390620.0 446023914.0 352141880.0 355859822.0 492384139.0 476316529.0 445326969.0 404530776.0 381759251.0 492465620.0 502635263.0 420589374.0 543393985.0 389081332.0 351766977.0 323685167.0 354174995.0 489450391.0 600975465.0 572948521.0 465714429.0 517250233.0 432431503.0 545060812.0 317649361.0 427021866.0 398217843.0 427522204.0 553103748.0 689070970.0 500056709.0 485032940.0 407896368.0 518188951.0 557358461.0 
462603589.0 401501028.0 412600437.0 281029271.0 194047286.0 280391153.0 335921287.0 275936940.0 411463728.0 416206590.0 466721063.0 418521143.0 403570629.0 364497075.0 356560242.0 438279684.0 408448645.0 139827224.0 0 153542183.0 268086254.0 286513741.0 276477418.0 500669641.0 454622230.0 452110563.0 443224981.0 542799894.0 448565830.0 396726045.0 484371483.0 475969880.0 388192974.0 384475032.0 516160258.0 573153716.0 537884679.0 497088486.0 411790642.0 574729619.0 435173402.0 468206390.0 549803518.0 406027707.0 442498561.0 315626935.0 390430950.0 530409668.0 476498376.0 521502980.0 363052506.0 437874426.0 419953236.0 612072653.0 266664802.0 287194642.0 258390619.0 357209422.0 413276524.0 661328693.0 517003084.0 486656247.0 342603602.0 435470774.0 463794672.0 
501862012.0 404664561.0 450015682.0 329418844.0 199682670.0 263983870.0 218401890.0 379511708.0 257921545.0 309730875.0 424026858.0 397188584.0 390376871.0 433098127.0 322815618.0 532550057.0 561198601.0 293369407.0 153542183.0 0 114544071.0 132971558.0 122935235.0 353860055.0 301080047.0 387616967.0 360963831.0 441944489.0 387653338.0 389078799.0 392159698.0 407374064.0 454772106.0 455891377.0 444709426.0 436614893.0 444328297.0 406661939.0 384739817.0 425817656.0 377325255.0 420590521.0 700222464.0 444594914.0 364074957.0 255048838.0 275186899.0 381679647.0 382642076.0 434446876.0 308386718.0 358622286.0 394627024.0 498926789.0 238374554.0 192066253.0 316858967.0 485830607.0 363410465.0 563710154.0 533256965.0 506088891.0 340721489.0 435405129.0 452144639.0 
433219492.0 336022041.0 449362746.0 262701384.0 135781324.0 221757425.0 196019804.0 313827175.0 308791187.0 324318805.0 373776344.0 292457942.0 275832800.0 318554056.0 263746083.0 488146019.0 465887587.0 407913478.0 268086254.0 114544071.0 0 18427487.0 8391164.0 239315984.0 186535976.0 273072896.0 346012306.0 486134522.0 401658356.0 428208240.0 491244828.0 385986599.0 518938319.0 515220377.0 377576588.0 325183966.0 356383696.0 397179889.0 499283888.0 363598009.0 389396491.0 482623514.0 611706343.0 489521385.0 425573807.0 315338249.0 258464665.0 387891684.0 386274095.0 455607685.0 353300620.0 388316227.0 291120921.0 469204255.0 208160794.0 148009107.0 272801821.0 407128807.0 365976672.0 634363893.0 600496762.0 604372793.0 263805255.0 368109558.0 366160218.0 
434982434.0 343854456.0 443503427.0 260576254.0 137426483.0 217910523.0 177592317.0 315472334.0 325778399.0 323225296.0 355348857.0 291283308.0 274658166.0 320199215.0 267655350.0 489791178.0 484315074.0 426340965.0 286513741.0 132971558.0 18427487.0 0 10036323.0 240961143.0 188635899.0 273792687.0 350135802.0 476358287.0 383230869.0 409780753.0 485073427.0 387942262.0 500510832.0 496792890.0 359149101.0 326829125.0 367829203.0 402244837.0 517711375.0 370358016.0 381214022.0 501051001.0 618733905.0 478155918.0 427218966.0 325541497.0 272719045.0 406319171.0 389218013.0 466351947.0 350785971.0 406743714.0 272693434.0 450776768.0 202539521.0 129581620.0 254374334.0 422602680.0 360117353.0 616459242.0 589131295.0 604350623.0 245377768.0 363532909.0 347732731.0 
426086041.0 333818133.0 440971582.0 258572416.0 127390160.0 227946846.0 187628640.0 305436011.0 317182351.0 315927641.0 365385180.0 284066778.0 267441636.0 310162892.0 270706773.0 479754855.0 474278751.0 416304642.0 276477418.0 122935235.0 8391164.0 10036323.0 0 230924820.0 178599576.0 264681732.0 345568955.0 486394610.0 393267192.0 419817076.0 482853664.0 394377763.0 510547155.0 506829213.0 369185424.0 316792802.0 357792880.0 392208514.0 507675052.0 371989173.0 381005327.0 491014678.0 620097507.0 481584985.0 417182643.0 318606173.0 266855829.0 396282848.0 383574526.0 456315624.0 344909456.0 396707391.0 282729757.0 460813091.0 199769630.0 139617943.0 264410657.0 415519971.0 357585508.0 626495565.0 592560362.0 595981629.0 255414091.0 367787879.0 357769054.0 
627041582.0 529844131.0 595528100.0 378125807.0 358175659.0 365007554.0 414949541.0 490086071.0 214447539.0 269430327.0 398134915.0 458494704.0 450237469.0 428428289.0 414166493.0 469486396.0 547930235.0 404654740.0 500669641.0 353860055.0 239315984.0 240961143.0 230924820.0 0 62998492.0 217442046.0 181402600.0 454918694.0 364092816.0 436580138.0 289109399.0 356546929.0 282770427.0 281725267.0 144081478.0 85867982.0 126868060.0 167664253.0 427360526.0 144115896.0 263635230.0 517050037.0 618603790.0 365983901.0 307447793.0 269067061.0 435350310.0 315636412.0 453665132.0 401727542.0 464690445.0 538865809.0 406942922.0 333503135.0 327082469.0 334472857.0 427002296.0 610536264.0 455488078.0 629909836.0 470206951.0 509603292.0 372992473.0 539215636.0 577015200.0 
600591670.0 512417709.0 598175772.0 372214753.0 305989736.0 379960103.0 366228216.0 461331259.0 167446616.0 255804280.0 362216462.0 460207341.0 441137438.0 453926644.0 366384122.0 406487904.0 501648599.0 341656248.0 454622230.0 301080047.0 186535976.0 188635899.0 178599576.0 62998492.0 0 161013674.0 187135468.0 392895780.0 336715919.0 405870683.0 350485196.0 419545421.0 345768919.0 344723759.0 207079970.0 148866474.0 189866552.0 213608938.0 403631330.0 207114388.0 326633722.0 502792599.0 555605298.0 302985409.0 284744230.0 245353538.0 385909774.0 296885329.0 402965931.0 464726034.0 488495719.0 509882792.0 440023216.0 352885689.0 311040552.0 304790507.0 421009303.0 575877996.0 413615741.0 634666806.0 413960786.0 468991113.0 333869072.0 546387455.0 514033049.0 
509690799.0 421046033.0 506810880.0 273887873.0 261783370.0 360163739.0 432565019.0 355781211.0 281045665.0 324225359.0 400781799.0 505809492.0 471912090.0 470927418.0 418259065.0 312913228.0 454064712.0 377800599.0 452110563.0 387616967.0 273072896.0 273792687.0 264681732.0 217442046.0 161013674.0 0 88413020.0 265136315.0 351899253.0 274051129.0 355172039.0 459934102.0 393546938.0 397264880.0 271562994.0 286592520.0 313320132.0 354116325.0 304327904.0 361557942.0 446925920.0 616667353.0 577304169.0 361687689.0 354798258.0 254687902.0 528232910.0 306516723.0 345551384.0 562026382.0 472690032.0 395277737.0 480366627.0 369147290.0 319366620.0 388142089.0 383407215.0 468131104.0 394052485.0 541804908.0 472663066.0 480578330.0 337086816.0 454389698.0 430823487.0 
497804989.0 425126296.0 493320080.0 244493728.0 286621460.0 387639109.0 385492017.0 384016906.0 327810817.0 290094754.0 438614074.0 501889648.0 495200078.0 539563156.0 385600091.0 312355550.0 434080155.0 308994133.0 443224981.0 360963831.0 346012306.0 350135802.0 345568955.0 181402600.0 187135468.0 88413020.0 0 309174600.0 299638573.0 351291514.0 382647409.0 387148778.0 367301382.0 368420653.0 268042062.0 267270582.0 308270660.0 349066853.0 331803274.0 325518496.0 393330479.0 601259306.0 568539322.0 306692840.0 323473518.0 334747929.0 439819890.0 345570242.0 312892410.0 548512280.0 430072246.0 436869407.0 463847442.0 404382079.0 260857384.0 434606492.0 367140678.0 475775036.0 389365481.0 571391879.0 417668217.0 489922507.0 363204319.0 435223826.0 425193047.0 
607089208.0 577640882.0 471931726.0 381595585.0 451037571.0 510254745.0 525709494.0 499647384.0 330397985.0 338397996.0 546431997.0 548954099.0 531699918.0 495345193.0 500458495.0 299870900.0 453850606.0 445496327.0 542799894.0 441944489.0 486134522.0 476358287.0 486394610.0 454918694.0 392895780.0 265136315.0 309174600.0 0 110516284.0 188364408.0 253639206.0 352650246.0 429111038.0 425393096.0 373108413.0 369050712.0 374001087.0 338563489.0 437752991.0 366338486.0 278819873.0 360325112.0 537485446.0 480819666.0 408648498.0 227699752.0 430649491.0 389744867.0 358051053.0 480454416.0 488342089.0 306230222.0 394444175.0 442947763.0 442305190.0 591139276.0 491680427.0 620057705.0 333617522.0 452619056.0 370537441.0 599808767.0 339958255.0 561367279.0 521764354.0 
564322049.0 467124598.0 466444656.0 330225116.0 437324056.0 540575262.0 443868318.0 580470680.0 411883783.0 396493152.0 554527145.0 464229079.0 430331677.0 393860878.0 393617049.0 404774404.0 557189326.0 483337765.0 448565830.0 387653338.0 401658356.0 383230869.0 393267192.0 364092816.0 336715919.0 351899253.0 299638573.0 110516284.0 0 77848124.0 277135787.0 298910352.0 404006609.0 400288667.0 269511632.0 278224834.0 313109170.0 306715803.0 500673594.0 371436797.0 320118948.0 452812044.0 564286519.0 519921300.0 491760011.0 337904249.0 430034751.0 438772922.0 386566178.0 572746229.0 555478769.0 399300685.0 389286797.0 483754136.0 509941572.0 506676625.0 500081710.0 664593512.0 444133806.0 522742740.0 468522664.0 574949860.0 446070905.0 461747102.0 473372328.0 
635610132.0 538412681.0 443943679.0 381743065.0 513951090.0 603206853.0 486965264.0 550529231.0 339155847.0 323137822.0 521958924.0 472652331.0 464400152.0 444470976.0 459904705.0 417014193.0 570993899.0 405489641.0 396726045.0 389078799.0 428208240.0 409780753.0 419817076.0 436580138.0 405870683.0 274051129.0 351291514.0 188364408.0 77848124.0 0 236996521.0 234430126.0 374790248.0 378508190.0 337945229.0 356072958.0 390957294.0 358197443.0 447926678.0 343018833.0 269907961.0 456270476.0 598309611.0 498242260.0 422957651.0 384222468.0 444765447.0 428865324.0 408310412.0 564253514.0 523102986.0 422523196.0 352156019.0 436630891.0 551773431.0 471391187.0 446481053.0 626774629.0 392752639.0 511751754.0 490195572.0 526728951.0 499737730.0 534809938.0 501558779.0 
682067464.0 647590124.0 627607281.0 563629564.0 545005605.0 501776134.0 473454679.0 654551946.0 398129987.0 486679512.0 569178027.0 511248105.0 483099648.0 513969770.0 464346990.0 530987017.0 632806209.0 466390620.0 484371483.0 392159698.0 491244828.0 485073427.0 482853664.0 289109399.0 350485196.0 355172039.0 382647409.0 253639206.0 277135787.0 236996521.0 0 144037823.0 297228791.0 293510849.0 245754345.0 275893124.0 330659203.0 327899790.0 499541770.0 144993503.0 103859405.0 398369004.0 525085682.0 525886629.0 467668215.0 440544171.0 420344045.0 332428868.0 502659180.0 402605149.0 492760447.0 472060661.0 410377909.0 388445780.0 478142161.0 491862447.0 602304459.0 694430737.0 491627492.0 690388459.0 486568884.0 356711284.0 410241355.0 622844600.0 615390640.0 
694750548.0 597553097.0 608942607.0 482391198.0 479690395.0 434891184.0 452801336.0 555546170.0 507863289.0 444065667.0 583531938.0 544353605.0 514186389.0 482143005.0 540398367.0 519259962.0 504957834.0 446023914.0 475969880.0 407374064.0 385986599.0 387942262.0 394377763.0 356546929.0 419545421.0 459934102.0 387148778.0 352650246.0 298910352.0 234430126.0 144037823.0 0 153512403.0 157230345.0 251842422.0 288879028.0 307108553.0 318391631.0 485168323.0 289031326.0 222544885.0 459910404.0 607826925.0 617720760.0 519030710.0 441547275.0 408107715.0 369687463.0 499621153.0 458449020.0 355751713.0 543059263.0 439043806.0 390266026.0 425021867.0 487827752.0 591068386.0 770261389.0 520609749.0 665427026.0 629356310.0 394727079.0 366231955.0 594393661.0 599985917.0 
581884802.0 486801877.0 606007293.0 472016080.0 443968090.0 356094248.0 390030278.0 463407676.0 387329117.0 337234278.0 540608887.0 490559796.0 524457198.0 520526877.0 468764364.0 483027410.0 379296150.0 352141880.0 388192974.0 454772106.0 518938319.0 500510832.0 510547155.0 282770427.0 345768919.0 393546938.0 367301382.0 429111038.0 404006609.0 374790248.0 297228791.0 153512403.0 0 3717942.0 141361731.0 196902445.0 251668524.0 292237612.0 509646578.0 383602237.0 371682395.0 577405153.0 573708962.0 523758926.0 433225930.0 450506036.0 459458417.0 455901944.0 346108750.0 596638181.0 383175188.0 644478641.0 392337545.0 541958757.0 460972860.0 443963712.0 437871066.0 621405034.0 511605349.0 657427601.0 525358505.0 542000643.0 476100278.0 457685763.0 446473514.0 
578166860.0 490519819.0 609725235.0 475734022.0 440250148.0 359812190.0 393748220.0 461661987.0 391047059.0 333516336.0 536890945.0 494277738.0 528175140.0 521646148.0 469883635.0 479309468.0 383014092.0 355859822.0 384475032.0 455891377.0 515220377.0 496792890.0 506829213.0 281725267.0 344723759.0 397264880.0 368420653.0 425393096.0 400288667.0 378508190.0 293510849.0 157230345.0 3717942.0 0 137643789.0 195857285.0 250623364.0 288519670.0 510765849.0 387320179.0 372801666.0 581123095.0 569991020.0 520040984.0 429507988.0 446788094.0 463176359.0 452184002.0 344223961.0 595707809.0 379457246.0 640760699.0 393456816.0 539818117.0 457254918.0 440245770.0 438990337.0 622524305.0 507887407.0 661145543.0 526392897.0 545718585.0 477219549.0 461403705.0 447592785.0 
592168261.0 598668784.0 717874200.0 464492826.0 446460385.0 366578394.0 417262152.0 520155226.0 336722734.0 292963281.0 399247156.0 432474555.0 398577153.0 445218921.0 448478458.0 418590072.0 458970796.0 492384139.0 516160258.0 444709426.0 377576588.0 359149101.0 369185424.0 144081478.0 207079970.0 271562994.0 268042062.0 373108413.0 269511632.0 337945229.0 245754345.0 251842422.0 141361731.0 137643789.0 0 58213496.0 112979575.0 153775768.0 464393636.0 281456165.0 237295203.0 489507490.0 654180730.0 427314222.0 402659907.0 342989717.0 398751984.0 342321933.0 481867750.0 529069546.0 500145106.0 572238180.0 444318766.0 402174328.0 385041920.0 448689279.0 493453333.0 672244219.0 568177162.0 659928236.0 533256599.0 462132368.0 401646996.0 585471111.0 546853716.0 
650381757.0 597906389.0 671435167.0 430090121.0 390452647.0 316315587.0 432039517.0 575954053.0 300315521.0 351176777.0 440726840.0 490688051.0 456790649.0 485573979.0 491041745.0 476803568.0 472448715.0 476316529.0 573153716.0 436614893.0 325183966.0 326829125.0 316792802.0 85867982.0 148866474.0 286592520.0 267270582.0 369050712.0 278224834.0 356072958.0 275893124.0 288879028.0 196902445.0 195857285.0 58213496.0 0 54766079.0 95562272.0 449821143.0 223242669.0 179081707.0 460906081.0 627825630.0 390918079.0 349113270.0 284776221.0 454756496.0 400535429.0 535220770.0 475225172.0 494428048.0 624733791.0 481339050.0 419371117.0 387984016.0 420340839.0 512870278.0 696404246.0 509963666.0 630764629.0 480397611.0 495024311.0 454843881.0 615258585.0 569734935.0 
596811779.0 609557067.0 711377271.0 430871269.0 418702763.0 338604897.0 416256003.0 559578859.0 267168240.0 298150710.0 416164572.0 452479894.0 434601439.0 430807900.0 442377735.0 436196289.0 527214794.0 445326969.0 537884679.0 444328297.0 356383696.0 367829203.0 357792880.0 126868060.0 189866552.0 313320132.0 308270660.0 374001087.0 313109170.0 390957294.0 330659203.0 307108553.0 251668524.0 250623364.0 112979575.0 54766079.0 0 40796193.0 398750836.0 270983956.0 233847786.0 487690914.0 630562082.0 368715600.0 331401245.0 292921030.0 509522575.0 350833439.0 525970159.0 471009336.0 462842842.0 584684634.0 518481774.0 427723444.0 394683626.0 444950742.0 553870356.0 737404324.0 506027572.0 575998550.0 435642036.0 462622943.0 497030561.0 575587321.0 594124534.0 
584816767.0 587274346.0 673979613.0 471667462.0 417791169.0 314539963.0 375459810.0 518782666.0 274953609.0 270642016.0 437376676.0 411683701.0 393805246.0 390185605.0 401581542.0 440603946.0 561841734.0 404530776.0 497088486.0 406661939.0 397179889.0 402244837.0 392208514.0 167664253.0 213608938.0 354116325.0 349066853.0 338563489.0 306715803.0 358197443.0 327899790.0 318391631.0 292237612.0 288519670.0 153775768.0 95562272.0 40796193.0 0 357954643.0 311780149.0 267396366.0 456824917.0 671358275.0 409511793.0 372197438.0 252124837.0 487239973.0 391629632.0 556648235.0 511805529.0 484236091.0 582489028.0 559167562.0 386927251.0 435479819.0 485746935.0 594499308.0 774449298.0 519348662.0 553023106.0 450500876.0 503419136.0 534989967.0 568992382.0 570059600.0 
721793936.0 624596485.0 558486093.0 495001878.0 473459503.0 420884449.0 537851203.0 536774978.0 355462129.0 434556567.0 527782730.0 481842998.0 447945596.0 491421302.0 460792373.0 547698148.0 669715572.0 381759251.0 411790642.0 384739817.0 499283888.0 517711375.0 507675052.0 427360526.0 403631330.0 304327904.0 331803274.0 437752991.0 500673594.0 447926678.0 499541770.0 485168323.0 509646578.0 510765849.0 464393636.0 449821143.0 398750836.0 357954643.0 0 354548267.0 573941081.0 430132593.0 563030562.0 369544368.0 422604511.0 242089990.0 628987792.0 529699226.0 523633044.0 598807128.0 551772449.0 457868863.0 536798126.0 370217680.0 527218669.0 391193586.0 430329300.0 562698471.0 561395222.0 470635739.0 258568991.0 303164090.0 430798172.0 658566231.0 645197459.0 
547439125.0 550345495.0 513454718.0 432345067.0 452462445.0 499510927.0 334349383.0 510907701.0 358563435.0 345071451.0 527354560.0 556292974.0 581097211.0 569714236.0 473798672.0 609290088.0 692046131.0 492465620.0 574729619.0 425817656.0 363598009.0 370358016.0 371989173.0 144115896.0 207114388.0 361557942.0 325518496.0 366338486.0 371436797.0 343018833.0 144993503.0 289031326.0 383602237.0 387320179.0 281456165.0 223242669.0 270983956.0 311780149.0 354548267.0 0 248852908.0 510277261.0 488042346.0 510099797.0 392008298.0 406149637.0 531904131.0 191217057.0 357665677.0 257611646.0 494966283.0 562120870.0 551058818.0 477619031.0 382305294.0 466033733.0 531863775.0 682370658.0 348748135.0 685200608.0 613117258.0 501704787.0 350331745.0 531788043.0 578322638.0 
690822820.0 682419199.0 610379229.0 592256519.0 494674796.0 427305930.0 506850390.0 603491677.0 470423863.0 521998080.0 473311775.0 407388700.0 441286102.0 417158353.0 541902018.0 460086088.0 578728849.0 502635263.0 435173402.0 377325255.0 389396491.0 381214022.0 381005327.0 263635230.0 326633722.0 446925920.0 393330479.0 278819873.0 320118948.0 269907961.0 103859405.0 222544885.0 371682395.0 372801666.0 237295203.0 179081707.0 233847786.0 267396366.0 573941081.0 248852908.0 0 325670168.0 578734476.0 466952659.0 373844224.0 369098514.0 524203450.0 436288273.0 576418188.0 471482846.0 477525361.0 544447539.0 335255133.0 480621808.0 530900172.0 430818580.0 498445054.0 681979022.0 565653228.0 701732669.0 553444401.0 460570689.0 514100760.0 648449453.0 682825567.0 
856089230.0 758891779.0 643623288.0 626972795.0 562879285.0 593947748.0 461249056.0 509676255.0 398409279.0 447464171.0 786585080.0 664898345.0 635860586.0 589218818.0 732966077.0 555266640.0 611304680.0 420589374.0 468206390.0 420590521.0 482623514.0 501051001.0 491014678.0 517050037.0 502792599.0 616667353.0 601259306.0 360325112.0 452812044.0 456270476.0 398369004.0 459910404.0 577405153.0 581123095.0 489507490.0 460906081.0 487690914.0 456824917.0 430132593.0 510277261.0 325670168.0 0 438443788.0 410640440.0 373326085.0 384843822.0 613646707.0 559895993.0 699922372.0 694776763.0 544966867.0 504335641.0 561734888.0 374540664.0 589682066.0 538943768.0 641092861.0 775639477.0 693942634.0 680135158.0 371911974.0 539751329.0 524516261.0 792861525.0 797728561.0 
884067341.0 792328939.0 794749851.0 693090529.0 743850804.0 743385643.0 692799529.0 774997979.0 472463949.0 471063520.0 728356308.0 759908008.0 747368815.0 723912964.0 639476683.0 535719236.0 628339915.0 543393985.0 549803518.0 700222464.0 611706343.0 618733905.0 620097507.0 618603790.0 555605298.0 577304169.0 568539322.0 537485446.0 564286519.0 598309611.0 525085682.0 607826925.0 573708962.0 569991020.0 654180730.0 627825630.0 630562082.0 671358275.0 563030562.0 488042346.0 578734476.0 438443788.0 0 261846482.0 412869769.0 582817236.0 755599602.0 679259403.0 569508698.0 743021513.0 862748089.0 622859179.0 831217923.0 701167902.0 703010973.0 545338903.0 624512345.0 677082795.0 644789602.0 563996282.0 372821859.0 541677066.0 665148432.0 826298685.0 784407809.0 
801619680.0 722863865.0 687077536.0 537936073.0 592510982.0 499057360.0 578472426.0 569570601.0 210617467.0 209217038.0 575135404.0 504368920.0 508937494.0 462295726.0 564206489.0 410168448.0 430036725.0 389081332.0 406027707.0 444594914.0 489521385.0 478155918.0 481584985.0 365983901.0 302985409.0 361687689.0 306692840.0 480819666.0 519921300.0 498242260.0 525886629.0 617720760.0 523758926.0 520040984.0 427314222.0 390918079.0 368715600.0 409511793.0 369544368.0 510099797.0 466952659.0 410640440.0 261846482.0 0 151023287.0 322418418.0 502631861.0 511607752.0 576314031.0 741277229.0 600901607.0 538989893.0 621109020.0 578425182.0 533981451.0 575717835.0 565242637.0 672843336.0 458959576.0 581902039.0 110975377.0 376792189.0 493435706.0 688894119.0 711415790.0 
769037596.0 671840145.0 612007269.0 393205311.0 505038863.0 491256478.0 491492942.0 426819365.0 128657616.0 201416156.0 551958929.0 508957610.0 542855012.0 503769626.0 431743770.0 331245274.0 485224980.0 351766977.0 442498561.0 364074957.0 425573807.0 427218966.0 417182643.0 307447793.0 284744230.0 354798258.0 323473518.0 408648498.0 491760011.0 422957651.0 467668215.0 519030710.0 433225930.0 429507988.0 402659907.0 349113270.0 331401245.0 372197438.0 422604511.0 392008298.0 373844224.0 373326085.0 412869769.0 151023287.0 0 239630285.0 513589454.0 471242715.0 427122204.0 600602448.0 518941756.0 556534180.0 648282675.0 548280271.0 492912071.0 479598168.0 541293330.0 682535257.0 474346877.0 580335993.0 261998664.0 410231713.0 481532960.0 705809891.0 684011542.0 
653657630.0 560605237.0 466919599.0 279199476.0 358403217.0 282554993.0 437797009.0 405244909.0 113372139.0 192466577.0 453024217.0 321254347.0 347705526.0 394347294.0 417937184.0 373299361.0 486566929.0 323685167.0 315626935.0 255048838.0 315338249.0 325541497.0 318606173.0 269067061.0 245353538.0 254687902.0 334747929.0 227699752.0 337904249.0 384222468.0 440544171.0 441547275.0 450506036.0 446788094.0 342989717.0 284776221.0 292921030.0 252124837.0 242089990.0 406149637.0 369098514.0 384843822.0 582817236.0 322418418.0 239630285.0 0 506037735.0 345390944.0 465638453.0 617014724.0 403918219.0 392947348.0 480741364.0 418686693.0 306589617.0 419461289.0 436492493.0 620026461.0 434824257.0 434098913.0 373252193.0 542930868.0 342480708.0 543448159.0 538074630.0 
632496206.0 554361287.0 602565089.0 434473764.0 368272879.0 401281398.0 430201137.0 366173762.0 458535350.0 474249390.0 507100179.0 399859591.0 414063064.0 387984756.0 317157927.0 606084640.0 673683295.0 354174995.0 390430950.0 275186899.0 258464665.0 272719045.0 266855829.0 435350310.0 385909774.0 528232910.0 439819890.0 430649491.0 430034751.0 444765447.0 420344045.0 408107715.0 459458417.0 463176359.0 398751984.0 454756496.0 509522575.0 487239973.0 628987792.0 531904131.0 524203450.0 613646707.0 755599602.0 502631861.0 513589454.0 506037735.0 0 382833385.0 542904059.0 565886734.0 512674453.0 580255945.0 471657468.0 721254442.0 440890395.0 367528263.0 411441607.0 432832628.0 506365191.0 653272636.0 556897818.0 627793584.0 488857151.0 539736708.0 493202113.0 
564861668.0 511268205.0 426167861.0 336423134.0 358171634.0 457715511.0 456579289.0 476932111.0 365468415.0 302390714.0 366720209.0 453353921.0 424861876.0 458430391.0 363307179.0 527345712.0 681176521.0 489450391.0 530409668.0 381679647.0 387891684.0 406319171.0 396282848.0 315636412.0 296885329.0 306516723.0 345570242.0 389744867.0 438772922.0 428865324.0 332428868.0 369687463.0 455901944.0 452184002.0 342321933.0 400535429.0 350833439.0 391629632.0 529699226.0 191217057.0 436288273.0 559895993.0 679259403.0 511607752.0 471242715.0 345390944.0 382833385.0 0 286097872.0 433181770.0 398635048.0 449146157.0 451924244.0 470397986.0 335666645.0 342737653.0 389918600.0 508532102.0 255834974.0 560264800.0 556790751.0 563541827.0 297761750.0 518448117.0 492309529.0 
430936527.0 349477231.0 301150428.0 316461125.0 282451090.0 381943613.0 274124916.0 355408830.0 533967836.0 447054201.0 477793450.0 346023580.0 377249747.0 330607979.0 423865922.0 537142197.0 637102391.0 600975465.0 476498376.0 382642076.0 386274095.0 389218013.0 383574526.0 453665132.0 402965931.0 345551384.0 312892410.0 358051053.0 386566178.0 408310412.0 502659180.0 499621153.0 346108750.0 344223961.0 481867750.0 535220770.0 525970159.0 556648235.0 523633044.0 357665677.0 576418188.0 699922372.0 569508698.0 576314031.0 427122204.0 465638453.0 542904059.0 286097872.0 0 421895285.0 456627008.0 379288203.0 581692312.0 522361974.0 287434602.0 287184832.0 411977546.0 392221838.0 175478019.0 436872124.0 687289408.0 536014797.0 389781537.0 383446977.0 375791949.0 
567587775.0 549578761.0 507040466.0 420874941.0 345392858.0 447135948.0 518654443.0 421404923.0 616175081.0 565702035.0 460084930.0 480007278.0 491435385.0 452061166.0 521488593.0 602230055.0 744350679.0 572948521.0 521502980.0 434446876.0 455607685.0 466351947.0 456315624.0 401727542.0 464726034.0 562026382.0 548512280.0 480454416.0 572746229.0 564253514.0 402605149.0 458449020.0 596638181.0 595707809.0 529069546.0 475225172.0 471009336.0 511805529.0 598807128.0 257611646.0 471482846.0 694776763.0 743021513.0 741277229.0 600602448.0 617014724.0 565886734.0 433181770.0 421895285.0 0 254035327.0 591304468.0 390309429.0 593553091.0 326968081.0 461349902.0 540018734.0 688432375.0 298052586.0 630227980.0 850991857.0 604515478.0 429315016.0 531497217.0 548184897.0 
