10
Langley Trent Nunez Joseph Rodriguez Obrien Hall Young Ly Booth
0 570.0 1238.0 1943.0 2919.0 3734.0 4680.0 5646.0 6349.0 35395.0 
570.0 0 668.0 1373.0 2349.0 3164.0 4110.0 5076.0 5779.0 34825.0 
1238.0 668.0 0 705.0 1681.0 2496.0 3442.0 4408.0 5111.0 34157.0 
1943.0 1373.0 705.0 0 976.0 1791.0 2737.0 3703.0 4406.0 33452.0 
2919.0 2349.0 1681.0 976.0 0 815.0 1761.0 2727.0 3430.0 32476.0 
3734.0 3164.0 2496.0 1791.0 815.0 0 946.0 1912.0 2615.0 31661.0 
4680.0 4110.0 3442.0 2737.0 1761.0 946.0 0 966.0 1669.0 30715.0 
5646.0 5076.0 4408.0 3703.0 2727.0 1912.0 966.0 0 703.0 29749.0 
6349.0 5779.0 5111.0 4406.0 3430.0 2615.0 1669.0 703.0 0 29046.0 
35395.0 34825.0 34157.0 33452.0 32476.0 31661.0 30715.0 29749.0 29046.0 0 
