14
Primeape Vibrava Golisopod Relicanth Exeggutor Wurmple Bounsweet Infernape Luvdisc Petilil Noivern Jigglypuff Dartrix Latias
0 18674.0 57740.0 32224.0 42223.0 70670.0 122279.0 84036.0 68495.0 65108.0 102963.0 92907.0 54996.0 57601.0 
18674.0 0 39066.0 13550.0 23549.0 51996.0 103605.0 78329.0 62788.0 59401.0 97256.0 95898.0 73670.0 76275.0 
57740.0 39066.0 0 52616.0 62615.0 91062.0 142671.0 117395.0 95523.0 98467.0 136322.0 134964.0 112736.0 115341.0 
32224.0 13550.0 52616.0 0 9999.0 38446.0 90055.0 68661.0 53120.0 49733.0 87588.0 82348.0 87220.0 73890.0 
42223.0 23549.0 62615.0 9999.0 0 28447.0 80056.0 78660.0 63119.0 59732.0 97587.0 72349.0 83570.0 65295.0 
70670.0 51996.0 91062.0 38446.0 28447.0 0 56807.0 91025.0 68710.0 72097.0 109952.0 100796.0 55123.0 36848.0 
122279.0 103605.0 142671.0 90055.0 80056.0 56807.0 0 66833.0 89148.0 85761.0 85760.0 124929.0 111930.0 93655.0 
84036.0 78329.0 117395.0 68661.0 78660.0 91025.0 66833.0 0 22315.0 18928.0 18927.0 58096.0 97412.0 79137.0 
68495.0 62788.0 95523.0 53120.0 63119.0 68710.0 89148.0 22315.0 0 3387.0 41242.0 80411.0 81871.0 63596.0 
65108.0 59401.0 98467.0 49733.0 59732.0 72097.0 85761.0 18928.0 3387.0 0 37855.0 77024.0 78484.0 60209.0 
102963.0 97256.0 136322.0 87588.0 97587.0 109952.0 85760.0 18927.0 41242.0 37855.0 0 39169.0 113997.0 95722.0 
92907.0 95898.0 134964.0 82348.0 72349.0 100796.0 124929.0 58096.0 80411.0 77024.0 39169.0 0 106283.0 88008.0 
54996.0 73670.0 112736.0 87220.0 83570.0 55123.0 111930.0 97412.0 81871.0 78484.0 113997.0 106283.0 0 18275.0 
57601.0 76275.0 115341.0 73890.0 65295.0 36848.0 93655.0 79137.0 63596.0 60209.0 95722.0 88008.0 18275.0 0 
