39
Moreno Nashua Appleton Houma Deltona Joliet Kansas Minneapolis Erie Plen Montgomery Baltimore Bradenton Albuquerque Albany Bridgeport Hollywood Cedar Corpus GreenBay Abilene Champaign Cary Harlingen Lorain Brownsville Chicago Hartford Grays Chandler Dallas Atlantic Macon Barnstable Medford Bloomington Muskegon Huntington Myrtle
0 200.39868 323.53402 459.631 484.97675000000004 434.97254 419.83365000000003 274.62505 379.48131 448.90486 412.89649 231.89312 416.00939000000005 323.54121 342.71052 429.19797 386.1809 486.61454000000003 349.65353 294.89608 394.8331 317.25949 298.662 240.06958 439.74406 325.31416 435.87351 478.17296999999996 389.1501 364.25505 474.95077000000003 291.59722 427.00787 419.31139 322.02507 375.5965 262.4996 418.22195999999997 308.44043 
200.39868 0 215.88209 291.7851 306.79848 433.72199 424.12874 475.02373 468.65211 290.7648 212.49781 370.48998 425.06677 411.28209000000004 396.53983 411.353 420.38748999999996 432.15976 308.34989 448.68507999999997 333.76533 356.24072 257.86385 406.42296 435.93741 425.45434 289.90134 432.12483 341.08546 326.63603 427.42456000000004 480.61669 226.60919 218.91271 479.55575 470.17573000000004 445.97747000000004 461.9771 295.50221 
323.53402 215.88209 0 386.15936 313.30873 233.84243 441.34761000000003 437.65087 258.66002 452.19633 244.70655 453.711 245.62525 452.54102 453.26994 354.52864 418.3923 216.27767 226.82287 276.19314 451.12903 352.40667 252.90535 453.40258 357.25385 307.63169 448.43628 249.48011 439.67381 294.97472 430.14365999999995 426.37359 442.49128 434.7948 468.12874999999997 254.29364 473.09141999999997 451.01349000000005 371.90746 
459.631 291.7851 386.15936 0 228.65888 431.04336 455.53215 512.08159 443.11238000000003 283.76479 446.37428 492.34148000000005 255.71942 462.3601 335.46517 471.44598 430.02276 297.35911 258.75729 464.90981 349.48587 335.45739 453.32904 219.56142 423.15675999999996 306.37879 510.2414 439.18506 506.28562 444.00890000000004 515.12173 373.65092 430.71708 371.59991 289.12818 391.94184 508.54493 449.63379 456.28078 
484.97675000000004 306.79848 313.30873 228.65888 0 202.38448 335.02282 284.03301 282.8417 292.5666 343.58634 438.22116 214.78821 421.70398 465.89499 478.9607 241.05126 438.99471 383.22267 460.2727 442.38693 432.77965 224.67016 362.90471 237.85084 376.99777 423.02972 443.71245 363.67806 450.66094 457.75687 456.85193 425.8759 378.53272 487.86036 368.97306 461.56105 368.79355 397.34694 
434.97254 433.72199 233.84243 431.04336 202.38448 0 207.50518 472.33846 268.26511 428.71396 221.22418 362.60052 415.2314 244.52685 277.9356 325.7493 219.74491 421.85954000000004 293.26564 466.19055000000003 292.4236 254.68 427.05464 430.20625 440.23532 422.21371 371.80713 284.92653 271.25313 429.35459000000003 411.52112 433.74941 312.47324 496.85809 328.45209 454.03616 465.30315 389.50196 218.3481 
419.83365000000003 424.12874 441.34761000000003 455.53215 335.02282 207.50518 0 285.9195 224.69516 430.73463 303.83547 368.79506 339.64136 346.01019 467.10938 441.13044 233.58546 363.53957 418.70835 345.18503 417.1898 217.07406 425.18354999999997 444.0468 421.35803 431.89939000000004 488.36419 481.52365 442.02108 399.68529 478.44538 226.24423 294.67105 378.12784 236.51293 361.02849 433.10563 327.98077 329.88085 
274.62505 475.02373 437.65087 512.08159 284.03301 472.33846 285.9195 0 204.07335 411.23703 459.13543 457.214 441.52465 234.60888 443.30147999999997 367.5893 299.89103 279.31287 489.77005999999994 296.01326 248.0141 464.87217999999996 310.50979 427.62431000000004 438.97301 277.92706 355.72117 298.91912 426.25935000000004 434.5432 462.09812999999997 458.32805999999994 353.56155 474.09069 440.25262 388.79578 427.82134 454.51649 416.88192000000004 
379.48131 468.65211 258.66002 443.11238000000003 282.8417 268.26511 224.69516 204.07335 0 207.16368 414.65346 452.05736 417.08813 419.63126 437.24622 395.6901 434.0123 449.19523000000004 447.0705 467.48407 452.08745 441.76922 420.10807 223.55096 372.60548 289.10405 436.91809 294.1469 222.186 351.38733 357.87097 348.27412 242.04292 389.9882 236.17927 264.63354 309.88719 304.91856 236.87372 
448.90486 290.7648 452.19633 283.76479 292.5666 428.71396 430.73463 411.23703 207.16368 0 207.48978 426.19396 465.92834 447.2156 423.27815999999996 500.31638 237.96026 242.03155 241.45225 447.60477000000003 452.87307999999996 303.5367 242.64683 430.71464000000003 342.28876 220.4674 466.54964 345.18739 429.34968000000003 429.43781 431.93899999999996 240.63897 336.79982 436.38571 443.34295 471.79722 304.83005 209.62469 413.53651 
412.89649 212.49781 244.70655 446.37428 343.58634 221.22418 303.83547 459.13543 414.65346 207.48978 0 218.70418 422.11363 424.65675999999996 429.94513 419.95437000000004 207.88968 291.39473 442.21351 270.80777 438.01374 461.84272999999996 437.22982 418.35102 430.50046 410.35848 383.71014 450.08096 449.6127 221.94803 427.41886 448.12874999999997 314.66224 430.48341000000005 268.7328 326.46628 313.10505 417.11447 206.04673 
231.89312 370.48998 453.711 492.34148000000005 438.22116 362.60052 368.79506 457.214 452.05736 426.19396 218.70418 0 236.62206 426.08668 273.94007 390.85197 424.33933 425.48972000000003 448.32629 449.0281 244.10968 318.65249 221.51791 428.09071 418.85078999999996 221.87053 426.59799999999996 445.7586 317.29592 366.1246 470.71423000000004 478.68578 426.41105 256.55144 447.60101 383.43717 486.16195 421.85155 262.90364 
416.00939000000005 425.06677 245.62525 255.71942 214.78821 415.2314 339.64136 441.52465 417.08813 465.92834 422.11363 236.62206 0 206.91577 415.60837000000004 429.44462999999996 247.62542 444.51655 224.57071 430.72323 459.6209 420.38377 411.48454000000004 262.9766 353.73065 245.46094 491.54318 384.6079 310.46813 455.27998 393.37528 242.06372 211.08769 412.29623000000004 478.37099 380.65692 454.78633 359.80431 255.87679 
323.54121 411.28209000000004 452.54102 462.3601 421.70398 244.52685 346.01019 234.60888 419.63126 447.2156 424.65675999999996 426.08668 206.91577 0 208.6926 324.64226 454.54119000000003 285.87677 431.48648000000003 382.1508 427.87681 412.67826 204.56877 405.95379 241.4715 419.41088 424.2923 226.22789 358.2649 315.33892 426.95539 388.77488 418.00346 458.4962 352.33413 483.1893 247.87056 307.6331 277.07635 
342.71052 396.53983 453.26994 335.46517 465.89499 277.9356 467.10938 443.30147999999997 437.24622 423.27815999999996 429.94513 273.94007 415.60837000000004 208.6926 0 242.16522 413.18708 414.33747 452.56808 334.56157 448.86818 250.03532 304.44257 407.1523 269.37105 210.71828 405.65959 434.92049 470.19426 454.18433 268.05904 467.22567000000004 229.99005 347.0937 497.27335 350.7386 416.26703 213.65347 223.8984 
429.19797 411.353 354.52864 471.44598 478.9607 325.7493 441.13044 367.5893 395.6901 500.31638 419.95437000000004 390.85197 429.44462999999996 324.64226 242.16522 0 262.35612 464.47074999999995 278.00481 223.59566 428.51408000000004 445.11321 356.00487 472.81746 444.12349 439.75553 293.50181 370.52312 477.01225 316.95619 475.78513 472.01505999999995 472.15527 360.3116 394.43711 449.40125 391.56391 455.81869 466.06362 
386.1809 420.38748999999996 418.3923 430.02276 241.05126 219.74491 233.58546 299.89103 434.0123 237.96026 207.88968 424.33933 247.62542 454.54119000000003 413.18708 262.35612 0 202.11463 422.06047 441.21947 435.13511 423.28415 386.11828 210.46134 408.88088 202.4688 264.38625 417.47568 262.03663 209.60968 415.08051 284.46788 421.617 322.36899 470.09839 457.83173 272.63586 447.58495 413.93641 
486.61454000000003 432.15976 216.27767 297.35911 438.99471 421.85954000000004 363.53957 279.31287 449.19523000000004 242.03155 291.39473 425.48972000000003 444.51655 285.87677 414.33747 464.47074999999995 202.11463 0 219.94584 426.09836 417.00997 406.26762 445.24127 412.57597 265.39863 203.61919 449.70143 215.36105 446.1293 411.72431 217.76262 276.57532 301.46505 376.61743 460.38694 395.75935 317.03106 440.07693 456.11262 
349.65353 308.34989 226.82287 258.75729 383.22267 293.26564 418.70835 489.77005999999994 447.0705 241.45225 442.21351 448.32629 224.57071 431.48648000000003 452.56808 278.00481 422.06047 219.94584 0 206.15252 411.07094 322.48563 418.36447999999996 455.125 349.36365 330.03764 474.69686 220.81961 327.91198 271.70524 437.70846 230.1384 315.61876 315.22271 437.45732 463.04997000000003 455.54022 325.73675 236.16678 
294.89608 448.68507999999997 276.19314 464.90981 460.2727 466.19055000000003 345.18503 296.01326 467.48407 447.60477000000003 270.80777 449.0281 430.72323 382.1508 334.56157 223.59566 441.21947 426.09836 206.15252 0 204.91842 266.45358 473.12922000000003 313.95202 244.44513 263.96832 299.45654 238.2165 280.13888 477.85776 465.52869 436.29092 471.16134 361.93434 231.3048 445.13991 451.07553 248.46197 433.12205 
394.8331 333.76533 451.12903 349.48587 442.38693 292.4236 417.1898 248.0141 452.08745 452.87307999999996 438.01374 244.10968 459.6209 427.87681 448.86818 428.51408000000004 435.13511 417.00997 411.07094 204.91842 0 226.48358 434.59307 497.40252 449.36355000000003 465.98021 475.73048 201.64892 342.43914 272.95504 372.59956 381.38245 470.61650999999995 468.66166999999996 436.22321999999997 378.66971 285.11914 377.39564 231.96701 
317.25949 356.24072 352.40667 335.45739 432.77965 254.68 217.07406 464.87217999999996 441.76922 303.5367 461.84272999999996 318.65249 420.38377 412.67826 250.03532 445.11321 423.28415 406.26762 322.48563 266.45358 226.48358 0 208.10949 302.77891 459.20279 313.7599 491.46684 428.1325 452.53198 477.16989 355.51708 217.19035 420.67121 242.17809 453.58699 427.64695 504.83317999999997 429.50973 458.45059 
298.662 257.86385 252.90535 453.32904 224.67016 427.05464 425.18354999999997 310.50979 420.10807 242.64683 437.22982 221.51791 411.48454000000004 204.56877 304.44257 356.00487 386.11828 445.24127 418.36447999999996 473.12922000000003 434.59307 208.10949 0 390.76806 446.04026999999996 241.62208 284.3478 430.79666 436.93349 491.23074999999994 287.7494 269.62009 351.11479 392.54206 398.71865 450.74833 378.33938 345.9466 481.64512 
240.06958 406.42296 453.40258 219.56142 362.90471 430.20625 444.0468 427.62431000000004 223.55096 430.71464000000003 418.35102 428.09071 262.9766 405.95379 407.1523 472.81746 210.46134 412.57597 455.125 313.95202 497.40252 302.77891 390.76806 0 203.59534 410.00742 406.82417 454.64000999999996 420.68929 224.44748 422.09626000000003 342.07144 211.15566 273.00554 459.73023 247.37039 288.98351 279.75589 460.42467999999997 
439.74406 435.93741 357.25385 423.15675999999996 237.85084 440.23532 421.35803 438.97301 372.60548 342.28876 430.50046 418.85078999999996 353.73065 241.4715 269.37105 444.12349 408.88088 265.39863 349.36365 244.44513 449.36355000000003 459.20279 446.04026999999996 203.59534 0 206.41208 297.87763 378.06327 443.85555 428.04282 255.9683 477.75849 319.93135 217.0247 463.8142 439.00565 223.71021 379.66038 377.37536 
325.31416 425.45434 307.63169 306.37879 376.99777 422.21371 431.89939000000004 277.92706 289.10405 220.4674 410.35848 221.87053 245.46094 419.41088 210.71828 439.75553 202.4688 203.61919 330.03764 263.96832 465.98021 313.7599 241.62208 410.00742 206.41208 0 246.08224 290.72483 463.44176 412.07848 260.7939 274.8749 429.77467 418.06188 457.18424 274.81482 291.2846 315.66852 434.61668 
435.87351 289.90134 448.43628 510.2414 423.02972 371.80713 488.36419 355.72117 436.91809 466.54964 383.71014 426.59799999999996 491.54318 424.2923 405.65959 293.50181 264.38625 449.70143 474.69686 299.45654 475.73048 491.46684 284.3478 406.82417 297.87763 246.08224 0 288.0705 363.23732 473.99593000000004 357.52554 504.75562 419.34878000000003 407.09396000000004 477.04869999999994 322.09538 458.98768 487.45592999999997 271.21188 
478.17296999999996 432.12483 249.48011 439.18506 443.71245 284.92653 481.52365 298.91912 294.1469 345.18739 450.08096 445.7586 384.6079 226.22789 434.92049 370.52312 417.47568 215.36105 220.81961 238.2165 201.64892 428.1325 430.79666 454.64000999999996 378.06327 290.72483 288.0705 0 476.06845 474.60396000000003 390.47704 283.93665 465.18821 460.63563 327.83396 441.20616 474.09845 460.62871 433.61593 
389.1501 341.08546 439.67381 506.28562 363.67806 271.25313 442.02108 426.25935000000004 222.186 429.34968000000003 449.6127 317.29592 310.46813 358.2649 470.19426 477.01225 262.03663 446.1293 327.91198 280.13888 342.43914 452.53198 436.93349 420.68929 443.85555 463.44176 363.23732 476.06845 0 261.09413 404.99661000000003 235.34163 240.20421 424.54931999999997 458.36527 309.73415 517.74676 437.6293 459.05971999999997 
364.25505 326.63603 294.97472 444.00890000000004 450.66094 429.35459000000003 399.68529 434.5432 351.38733 429.43781 221.94803 366.1246 455.27998 315.33892 454.18433 316.95619 209.60968 411.72431 271.70524 477.85776 272.95504 477.16989 491.23074999999994 224.44748 428.04282 412.07848 473.99593000000004 474.60396000000003 261.09413 0 205.47083 477.57914000000005 333.60887 465.87903000000006 348.49095 455.22713999999996 455.10032 378.99499 268.91622 
474.95077000000003 427.42456000000004 430.14365999999995 515.12173 457.75687 411.52112 478.44538 462.09812999999997 357.87097 431.93899999999996 427.41886 470.71423000000004 393.37528 426.95539 268.05904 475.78513 415.08051 217.76262 437.70846 465.52869 372.59956 355.51708 287.7494 422.09626000000003 255.9683 260.7939 357.52554 390.47704 404.99661000000003 205.47083 0 272.10831 350.30928 260.4082 337.47251 475.6485 268.72565 222.31431 318.3421 
291.59722 480.61669 426.37359 373.65092 456.85193 433.74941 226.24423 458.32805999999994 348.27412 240.63897 448.12874999999997 478.68578 242.06372 388.77488 467.22567000000004 472.01505999999995 284.46788 276.57532 230.1384 436.29092 381.38245 217.19035 269.62009 342.07144 477.75849 274.8749 504.75562 283.93665 235.34163 477.57914000000005 272.10831 0 254.0075 455.21604 462.75716 483.0179 515.46214 450.26365999999996 466.30517999999995 
427.00787 226.60919 442.49128 430.71708 425.8759 312.47324 294.67105 353.56155 242.04292 336.79982 314.66224 426.41105 211.08769 418.00346 229.99005 472.15527 421.617 301.46505 315.61876 471.16134 470.61650999999995 420.67121 351.11479 211.15566 319.93135 429.77467 419.34878000000003 465.18821 240.20421 333.60887 350.30928 254.0075 0 201.20854 267.2833 458.52605 319.52741 423.71353999999997 449.09254999999996 
419.31139 218.91271 434.7948 371.59991 378.53272 496.85809 378.12784 474.09069 389.9882 436.38571 430.48341000000005 256.55144 412.29623000000004 458.4962 347.0937 360.3116 322.36899 376.61743 315.22271 361.93434 468.66166999999996 242.17809 392.54206 273.00554 217.0247 418.06188 407.09396000000004 460.63563 424.54931999999997 465.87903000000006 260.4082 455.21604 201.20854 0 260.64304 459.59141 440.73491 475.03374 371.79497 
322.02507 479.55575 468.12874999999997 289.12818 487.86036 328.45209 236.51293 440.25262 236.17927 443.34295 268.7328 447.60101 478.37099 352.33413 497.27335 394.43711 470.09839 460.38694 437.45732 231.3048 436.22321999999997 453.58699 398.71865 459.73023 463.8142 457.18424 477.04869999999994 327.83396 458.36527 348.49095 337.47251 462.75716 267.2833 260.64304 0 213.83511 297.77141 479.76677 473.05299 
375.5965 470.17573000000004 254.29364 391.94184 368.97306 454.03616 361.02849 388.79578 264.63354 471.79722 326.46628 383.43717 380.65692 483.1893 350.7386 449.40125 457.83173 395.75935 463.04997000000003 445.13991 378.66971 427.64695 450.74833 247.37039 439.00565 274.81482 322.09538 441.20616 309.73415 455.22713999999996 475.6485 483.0179 458.52605 459.59141 213.83511 0 235.31874 437.9323 491.52233 
262.4996 445.97747000000004 473.09141999999997 508.54493 461.56105 465.30315 433.10563 427.82134 309.88719 304.83005 313.10505 486.16195 454.78633 247.87056 416.26703 391.56391 272.63586 317.03106 455.54022 451.07553 285.11914 504.83317999999997 378.33938 288.98351 223.71021 291.2846 458.98768 474.09845 517.74676 455.10032 268.72565 515.46214 319.52741 440.73491 297.77141 235.31874 0 202.61356 449.27213 
418.22195999999997 461.9771 451.01349000000005 449.63379 368.79355 389.50196 327.98077 454.51649 304.91856 209.62469 417.11447 421.85155 359.80431 307.6331 213.65347 455.81869 447.58495 440.07693 325.73675 248.46197 377.39564 429.50973 345.9466 279.75589 379.66038 315.66852 487.45592999999997 460.62871 437.6293 378.99499 222.31431 450.26365999999996 423.71353999999997 475.03374 479.76677 437.9323 202.61356 0 246.65857 
308.44043 295.50221 371.90746 456.28078 397.34694 218.3481 329.88085 416.88192000000004 236.87372 413.53651 206.04673 262.90364 255.87679 277.07635 223.8984 466.06362 413.93641 456.11262 236.16678 433.12205 231.96701 458.45059 481.64512 460.42467999999997 377.37536 434.61668 271.21188 433.61593 459.05971999999997 268.91622 318.3421 466.30517999999995 449.09254999999996 371.79497 473.05299 491.52233 449.27213 246.65857 0 
