18
Independence Naperville Bridgeport Miramar Columbus Hampton Costa Louisville Corona Rapids Denver Merced Julian Prairie Amarillo Hayward Cambridge Burlington
0 212.11753 425.97657 261.77732 440.18077000000005 283.1252 472.54854 499.37811999999997 216.59842 444.43104 477.89697 257.14068 422.73135 275.66906 453.98456999999996 268.39526 261.05524 201.30798 
212.11753 0 213.85904 420.8994 364.13954 450.06224 505.4874 458.37851 428.71595 232.31351 436.31298000000004 223.68324 434.44658000000004 487.78659 423.3958 480.51279 451.27783999999997 413.42551 
425.97657 213.85904 0 207.04036 247.49966 236.2032 310.55773 244.51947 339.37805 446.17255 415.39880000000005 326.58947 272.51031 393.76035 370.24813 275.29383 425.0183 502.24890000000005 
261.77732 420.8994 207.04036 0 340.63507 370.75779 517.59809 349.54069 235.23062 398.74296 442.36285999999996 464.35605999999996 260.16117 378.30815 383.44577 386.12342 325.03358 295.20854 
440.18077000000005 364.13954 247.49966 340.63507 0 205.63969 289.22451 473.69949 330.76578 427.97257 434.8415 445.45903999999996 351.19477 436.85814 334.2976 379.6925 427.79418 424.53227 
283.1252 450.06224 236.2032 370.75779 205.63969 0 307.53408 444.53751 320.6832 511.5146 307.51513 393.38435 443.57277 543.27578 359.79378 375.93958 489.12034000000006 461.67399 
472.54854 505.4874 310.55773 517.59809 289.22451 307.53408 0 275.74833 441.87525000000005 273.17389 279.25123 500.00752 334.10268 235.7417 323.82946 416.26568 444.86752 485.78106 
499.37811999999997 458.37851 244.51947 349.54069 473.69949 444.53751 275.74833 0 307.56727 498.45159 486.32582 330.61509 394.12777 383.92373 466.94862 443.6182 429.48199 315.54931 
216.59842 428.71595 339.37805 235.23062 330.76578 320.6832 441.87525000000005 307.56727 0 288.25405 465.96855999999997 473.7391 206.13293 223.66449 467.37703999999997 426.97513 414.80629 417.90639999999996 
444.43104 232.31351 446.17255 398.74296 427.97257 511.5146 273.17389 498.45159 288.25405 0 203.99947 424.75576 225.63749 360.26663 305.66346 436.40433 474.77797 471.51606 
477.89697 436.31298000000004 415.39880000000005 442.36285999999996 434.8415 307.51513 279.25123 486.32582 465.96855999999997 203.99947 0 220.75629 259.83563 298.75217 437.1703 232.40486 350.84816 495.64646000000005 
257.14068 223.68324 326.58947 464.35605999999996 445.45903999999996 393.38435 500.00752 330.61509 473.7391 424.75576 220.75629 0 326.14928 386.21892 227.68427 432.44971 290.49264 458.44865999999996 
422.73135 434.44658000000004 272.51031 260.16117 351.19477 443.57277 334.10268 394.12777 206.13293 225.63749 259.83563 326.14928 0 240.36394 349.31178 255.37854 456.03619000000003 253.72877 
275.66906 487.78659 393.76035 378.30815 436.85814 543.27578 235.7417 383.92373 223.66449 360.26663 298.75217 386.21892 240.36394 0 243.71255 439.25742 345.91149 252.59158 
453.98456999999996 423.3958 370.24813 383.44577 334.2976 359.79378 323.82946 466.94862 467.37703999999997 305.66346 437.1703 227.68427 349.31178 243.71255 0 204.76544 431.42900999999995 252.67659 
268.39526 480.51279 275.29383 386.12342 379.6925 375.93958 416.26568 443.6182 426.97513 436.40433 232.40486 432.44971 255.37854 439.25742 204.76544 0 238.47273 412.44660999999996 
261.05524 451.27783999999997 425.0183 325.03358 427.79418 489.12034000000006 444.86752 429.48199 414.80629 474.77797 350.84816 290.49264 456.03619000000003 345.91149 431.42900999999995 238.47273 0 202.30742 
201.30798 413.42551 502.24890000000005 295.20854 424.53227 461.67399 485.78106 315.54931 417.90639999999996 471.51606 495.64646000000005 458.44865999999996 253.72877 252.59158 252.67659 412.44660999999996 202.30742 0 
