17
AL BD AW BF BO BC AX AM BT BN AH BL AK BU BQ AE AF
0 5.30499 5.76518 5.96778 10.36158 10.624780000000001 5.71227 5.35647 10.462810000000001 5.59487 5.91023 10.25818 5.99826 10.589189999999999 10.49733 5.20305 5.17123 
5.30499 0 5.05301 5.23259 10.1586 5.69623 5.16023 10.14854 10.226880000000001 10.22098 5.22705 5.13408 10.27032 5.83985 5.46764 5.0729 5.05289 
5.76518 5.05301 0 5.08914 5.88078 5.79742 10.09311 5.72243 5.59752 10.35509 5.8048 5.31715 5.72179 10.32537 10.26045 10.12591 5.02565 
5.96778 5.23259 5.08914 0 5.07057 5.24743 10.239519999999999 10.367750000000001 10.43286 5.29754 5.59879 5.9779 5.78621 5.31851 5.52377 10.305489999999999 10.11479 
10.36158 10.1586 5.88078 5.07057 0 5.2736 5.51819 10.322130000000001 10.14021 10.02297 10.45101 10.52123 5.12066 5.08563 5.64124 5.88467 10.081209999999999 
10.624780000000001 5.69623 5.79742 5.24743 5.2736 0 5.41485 5.6833 10.342880000000001 10.226299999999998 10.46719 10.38962 5.35311 10.35034 5.4601 5.54821 10.51836 
5.71227 5.16023 10.09311 10.239519999999999 5.51819 5.41485 0 5.06973 5.41676 5.60058 10.10991 10.28623 10.15494 5.5001 5.88011 5.96058 10.20152 
5.35647 10.14854 5.72243 10.367750000000001 10.322130000000001 5.6833 5.06973 0 5.10634 10.24166 5.78354 10.39137 5.94744 10.53166 10.18666 5.08478 10.24822 
10.462810000000001 10.226880000000001 5.59752 10.43286 10.14021 10.342880000000001 5.41676 5.10634 0 5.13532 10.25315 5.47665 5.13921 10.16967 5.94255 5.74214 10.62317 
5.59487 10.22098 10.35509 5.29754 10.02297 10.226299999999998 5.60058 10.24166 5.13532 0 5.11783 10.263300000000001 5.18767 5.45158 10.18158 10.2643 5.72648 
5.91023 5.22705 5.8048 5.59879 10.45101 10.46719 10.10991 5.78354 10.25315 5.11783 0 5.70428 5.36387 5.77581 5.52836 5.48543 5.40628 
10.25818 5.13408 5.31715 5.9779 10.52123 10.38962 10.28623 10.39137 5.47665 10.263300000000001 5.70428 0 5.40057 10.43103 5.01515 5.9465 5.32845 
5.99826 10.27032 5.72179 5.78621 5.12066 5.35311 10.15494 5.94744 5.13921 5.18767 5.36387 5.40057 0 5.03046 5.52835 10.39747 10.40682 
10.589189999999999 5.83985 10.32537 5.31851 5.08563 10.35034 5.5001 10.53166 10.16967 5.45158 5.77581 10.43103 5.03046 0 5.78203 5.44688 5.63436 
10.49733 5.46764 10.26045 5.52377 5.64124 5.4601 5.88011 10.18666 5.94255 10.18158 5.52836 5.01515 5.52835 5.78203 0 5.72738 10.05283 
5.20305 5.0729 10.12591 10.305489999999999 5.88467 5.54821 5.96058 5.08478 5.74214 10.2643 5.48543 5.9465 10.39747 5.44688 5.72738 0 5.31305 
5.17123 5.05289 5.02565 10.11479 10.081209999999999 10.51836 10.20152 10.24822 10.62317 5.72648 5.40628 5.32845 10.40682 5.63436 10.05283 5.31305 0 
