62
FN CW HD CY DE ET CT HE EN BE HJ EF FH BL BM AV FU AM CC CD AG EY BV FP FD BC EL CM CU HC DI FA DB AU BI DX GZ DP DT DO FG BZ GF DJ EO AK HB DN ED FW EW AB AT CK ES HF EM GN DF GT CR DK
0 5.81159 10.025649999999999 10.10972 10.12842 10.11223 5.07958 5.91321 10.143329999999999 5.63711 5.89002 5.75138 5.18842 5.37475 5.59655 5.98056 10.15306 10.14 10.26581 5.83774 5.68466 5.29321 5.68487 5.9142 5.02467 5.15309 10.163910000000001 5.19633 5.27211 5.27037 5.49618 5.03701 5.30305 5.65179 5.95873 5.22733 5.73884 5.60195 5.39889 5.64907 10.1599 5.6958 5.49424 5.64379 5.01237 5.07688 10.263950000000001 5.36707 5.81581 10.1682 5.91719 10.176459999999999 5.0579 5.69761 10.116209999999999 5.649 5.35322 10.10131 5.29365 5.14804 5.75582 5.78134 
5.81159 0 5.01335 10.0138 5.11452 5.49666 10.13683 5.55213 5.24772 5.16369 5.39406 10.118459999999999 10.119689999999999 5.54305 10.08167 10.16565 5.95309 5.83443 10.17885 5.06656 10.06362 10.17495 5.13692 5.77916 5.54464 10.102620000000002 10.09929 5.83235 10.035879999999999 5.05806 10.09061 10.07616 5.18636 5.28014 5.00501 5.86026 10.21945 10.249179999999999 10.11899 10.19993 10.09567 5.29948 5.68642 5.24962 5.49762 5.77802 10.1676 5.46393 5.84207 10.19251 5.88481 5.83302 5.00613 5.42677 10.28958 5.93582 5.08211 10.110479999999999 10.23927 5.63398 10.09653 5.64749 
10.025649999999999 5.01335 0 5.00045 10.12787 5.46074 10.17895 5.5453 5.75168 10.13853 5.02307 5.59142 5.15078 10.066980000000001 5.64025 10.06057 5.52993 5.35278 5.1655 10.07991 5.99988 5.91349 5.75675 5.82295 5.10402 5.29399 5.74164 5.98035 10.16213 10.07141 10.062190000000001 5.69383 5.92419 5.68562 5.22725 5.92455 10.24812 10.1206 10.10924 10.058340000000001 5.6957 10.14986 5.5735 5.26217 5.01328 5.90587 5.95444 5.38601 5.29016 5.17916 5.80125 5.40129 5.60476 10.192540000000001 5.6286 5.52041 5.99055 5.33257 10.001380000000001 5.44241 5.69132 10.039349999999999 
10.10972 10.0138 5.00045 0 5.24767 5.69984 5.31657 5.89722 10.06508 10.16737 10.02352 5.04097 5.37492 5.44118 10.15493 10.0518 5.55821 5.23714 10.13522 5.16949 10.09648 10.14837 10.05076 5.02926 5.72757 10.20402 5.76665 10.20712 5.16168 10.05315 5.06174 10.059059999999999 5.64203 5.26008 5.16845 5.0848 5.85574 5.79402 5.59958 5.95666 5.54774 10.02832 5.4339 5.51368 5.9422 5.03284 5.08156 5.15232 5.69637 5.95997 10.113389999999999 5.29337 10.18911 10.111799999999999 5.67564 10.09271 5.52674 5.30511 5.00093 10.10457 10.228639999999999 10.07925 
10.12842 5.11452 10.12787 5.24767 0 5.02403 5.38389 10.142330000000001 10.15352 10.14857 10.135670000000001 5.27043 10.07617 10.139009999999999 5.51749 5.31873 5.93556 10.17979 5.16727 5.88474 5.2227 5.12143 5.26182 5.71059 5.99074 5.31383 10.171289999999999 10.16592 5.1849 5.84486 10.19033 5.12323 5.30999 10.138580000000001 5.68328 5.49428 10.11532 5.54833 5.34492 5.36967 5.52227 5.90014 5.26783 5.38113 10.2035 5.59189 5.15286 10.16209 5.46645 10.03026 5.71617 10.20029 5.34325 5.43819 5.91281 5.2784 10.12145 10.07044 5.73716 10.17181 10.10721 10.08239 
10.11223 5.49666 5.46074 5.69984 5.02403 0 5.03265 10.042390000000001 10.1194 5.66252 10.108 5.0574 5.05214 10.27502 5.35423 5.62775 5.36119 10.09307 10.155190000000001 5.61014 10.0831 10.09252 10.18406 5.74584 10.10853 5.77544 5.6885 5.29642 10.208929999999999 5.83418 10.18063 5.2868 5.98529 5.53004 5.69534 5.99025 5.93143 5.61016 5.46449 5.23733 5.26579 5.37188 5.79562 5.70516 10.03524 5.58463 5.42529 5.74786 5.18633 10.23471 5.32078 10.135940000000002 5.09931 10.0939 10.239519999999999 5.95423 10.07478 5.04641 10.06342 5.82208 5.43165 10.15146 
5.07958 10.13683 10.17895 5.31657 5.38389 5.03265 0 5.00974 10.05312 10.138459999999998 10.083390000000001 5.57888 10.08479 10.14582 5.78927 10.21442 10.06952 5.06042 5.34637 5.92417 5.79175 10.13478 5.15141 5.6679 5.2413 10.205680000000001 5.53167 10.19868 10.23565 10.21711 10.10928 10.11659 5.70579 10.24863 10.25191 5.98392 5.83922 5.28682 10.226590000000002 10.18376 10.272590000000001 5.8265 5.60754 5.74745 5.41097 10.09882 10.16518 5.98787 10.13303 10.12999 10.08718 10.13455 5.93223 5.57214 10.20752 10.06008 10.128260000000001 5.52045 10.232520000000001 5.5946 5.70666 5.94407 
5.91321 5.55213 5.5453 5.89722 10.142330000000001 10.042390000000001 5.00974 0 5.04338 10.1003 10.094899999999999 5.9028 10.26519 10.17763 5.07006 5.23157 5.54547 5.27146 5.38065 10.03343 5.5099 5.99236 10.16115 5.71189 5.51295 5.57708 10.318 10.0959 5.42423 10.18833 5.70469 5.90094 5.71776 5.3819 5.64333 5.0703 5.7541 5.40997 5.88009 10.09563 5.26545 5.03773 5.14417 5.73673 5.29467 10.206520000000001 5.54985 10.06092 10.14883 10.212019999999999 10.156089999999999 10.155550000000002 10.1873 5.48806 10.18347 10.02064 10.20982 5.81261 10.09581 10.22091 10.222290000000001 10.163319999999999 
10.143329999999999 5.24772 5.75168 10.06508 10.15352 10.1194 10.05312 5.04338 0 5.05692 5.05152 10.20694 5.89159 5.9926 10.11344 5.57956 10.18374 10.21731 5.87947 5.24944 10.15949 5.60585 5.78542 10.21439 5.56223 10.18866 10.06595 10.28281 10.10715 5.64992 10.13211 10.18431 5.19019 5.48367 10.25273 5.67483 10.103190000000001 10.1665 10.14161 5.14485 10.137270000000001 10.081109999999999 5.48151 5.46211 5.61112 10.27627 5.83549 10.07225 5.10545 5.29996 5.7044 10.288509999999999 10.17929 5.60707 10.37211 10.1388 5.29533 5.30282 5.24648 5.51501 5.17891 5.97579 
5.63711 5.16369 10.13853 10.16737 10.14857 5.66252 10.138459999999998 10.1003 5.05692 0 5.98806 10.03673 5.29436 5.66185 10.16775 10.16378 5.80133 5.52738 5.14098 5.02472 5.15336 5.79531 10.05791 10.23894 5.35537 5.93392 10.04097 5.54267 10.074349999999999 10.05147 5.27089 10.06099 10.05883 5.97682 5.94699 10.06776 5.79457 10.152439999999999 5.52033 5.88334 5.29197 10.041879999999999 5.15471 5.2404 5.93895 5.69821 5.08581 5.68907 5.60135 5.83672 10.32478 10.05501 5.92799 5.58017 10.136679999999998 5.4631 5.61135 5.23211 10.18646 5.49518 10.23583 5.61691 
5.89002 5.39406 5.02307 10.02352 10.135670000000001 10.108 10.083390000000001 10.094899999999999 5.05152 5.98806 0 5.51962 5.22341 5.85607 5.50288 5.06541 5.49359 5.2841 5.21452 10.03846 10.31213 5.02895 10.1333 5.86477 5.92459 5.47701 5.40829 5.25247 10.10426 10.173 5.45808 10.2164 10.11022 10.175709999999999 5.86585 10.17267 5.99962 5.71878 10.13326 10.11905 5.21203 5.7759 5.1269 10.11009 5.43769 5.81682 5.47837 5.86619 5.31056 5.03095 10.18054 5.3323 10.17473 5.65348 5.32059 10.10186 10.13276 5.73911 10.0636 5.76506 5.85245 10.046880000000002 
5.75138 10.118459999999999 5.59142 5.04097 5.27043 5.0574 5.57888 5.9028 10.20694 10.03673 5.51962 0 5.50169 5.58685 5.54455 5.38832 5.59069 5.66538 10.17219 5.96211 5.1517 10.1046 10.09511 5.66633 10.072220000000002 5.2559 5.7047 5.26574 5.85886 10.26897 5.52723 5.50963 10.079419999999999 10.173490000000001 10.207460000000001 10.12577 5.15222 5.49565 10.05391 5.1612 5.98555 5.14229 10.267209999999999 5.00151 5.92566 5.08899 10.12253 10.165479999999999 10.126449999999998 5.50403 5.8288 5.34146 5.39108 5.44794 5.47674 5.74778 10.1446 5.44607 5.87031 5.71912 5.6904 10.02688 
5.18842 10.119689999999999 5.15078 5.37492 10.07617 5.05214 10.08479 10.26519 5.89159 5.29436 5.22341 5.50169 0 5.75882 10.09634 10.10275 10.175519999999999 10.189779999999999 5.67594 5.86255 5.18683 10.25236 5.14562 5.88279 5.60922 5.52343 10.17651 5.20964 10.12452 10.028590000000001 5.37461 5.53167 5.93875 5.59405 5.20314 5.59815 5.57694 5.14188 5.76281 5.47411 5.81042 5.94374 5.43035 10.105160000000001 5.18223 10.089849999999998 5.53176 10.06709 5.46545 5.31397 10.25559 5.25281 5.11356 5.04176 5.54701 5.83068 5.6379 5.44552 10.10931 5.15452 10.166170000000001 5.37527 
5.37475 5.54305 10.066980000000001 5.44118 10.139009999999999 10.27502 10.14582 10.17763 5.9926 5.66185 5.85607 5.58685 5.75882 0 5.65257 5.3772 5.55869 5.37973 10.20197 5.02332 5.48591 10.24968 5.97458 5.40073 10.17626 10.17848 5.87096 10.131 5.65913 10.14884 5.33349 5.07034 5.66578 10.09248 10.26146 5.97085 10.19996 10.18572 5.68553 5.86115 5.46428 10.22337 5.704 10.161010000000001 10.04402 5.84427 5.51295 5.47071 5.29796 10.13954 10.13705 5.30138 10.23554 5.42511 5.06359 10.0748 5.2677 5.6852 10.20481 5.24777 5.57081 5.01795 
5.59655 10.08167 5.64025 10.15493 5.51749 5.35423 5.78927 5.07006 10.11344 10.16775 5.50288 5.54455 10.09634 5.65257 0 5.05088 5.96379 5.41872 5.55215 5.21083 5.14474 5.60352 5.79425 5.62534 10.21374 5.70013 5.99397 10.24823 5.00638 5.11827 5.89211 5.1382 5.50169 5.77897 5.07666 10.09104 5.43489 10.31544 10.10283 10.29081 5.91725 5.85233 5.14518 10.05911 10.11427 10.1434 10.20255 10.19539 5.40643 5.82196 5.83758 5.64016 10.05726 5.05458 10.057929999999999 5.80165 5.13976 10.16813 5.82797 5.83931 5.74829 10.023810000000001 
5.98056 10.16565 10.06057 10.0518 5.31873 5.62775 10.21442 5.23157 5.57956 10.16378 5.06541 5.38832 10.10275 5.3772 5.05088 0 5.95903 5.25732 5.17117 5.26217 10.19562 5.56911 10.19712 10.07659 10.05424 5.41167 10.33294 10.067820000000001 5.68795 5.10759 5.95822 5.75987 10.06628 5.1103 10.024899999999999 5.53097 5.30249 5.26456 5.80934 10.094339999999999 5.33312 10.03833 5.29717 5.83482 5.38363 10.13317 5.92412 5.35784 10.13652 5.96844 10.263660000000002 10.16213 5.73274 5.86177 5.79409 5.13808 5.54484 5.90698 5.61953 10.12078 5.51834 5.44301 
10.15306 5.95309 5.52993 5.55821 5.93556 5.36119 10.06952 5.54547 10.18374 5.80133 5.49359 5.59069 10.175519999999999 5.55869 5.96379 5.95903 0 5.0091 5.75799 5.26644 10.100719999999999 10.04091 5.43227 10.07813 5.53421 5.49252 5.90946 10.10481 10.0933 10.16484 10.06909 5.47928 10.14476 5.29315 10.33229 10.09023 5.45811 10.10633 10.07129 10.17321 10.301269999999999 5.89267 10.323 5.48039 10.1326 10.12038 5.53586 5.58618 5.90792 5.05726 5.08337 5.98066 5.21163 10.11604 5.82774 5.24507 5.45318 5.41261 5.92196 10.14396 10.10411 10.12809 
10.14 5.83443 5.35278 5.23714 10.17979 10.09307 5.06042 5.27146 10.21731 5.52738 5.2841 5.66538 10.189779999999999 5.37973 5.41872 5.25732 5.0091 0 5.01252 10.21065 5.82405 10.1659 5.33041 10.15287 10.06646 10.18304 10.265 10.09019 5.5226 5.7476 5.16008 10.22718 5.22581 5.41938 10.2227 10.197610000000001 5.53333 10.101880000000001 5.17751 10.10274 10.258949999999999 10.200479999999999 5.3139 5.07188 5.84134 5.24431 5.73608 10.25409 10.1418 5.18893 5.86484 5.8659 10.06758 5.96805 5.2438 10.18882 10.214970000000001 10.19139 5.1721 5.40478 5.09501 5.30814 
10.26581 10.17885 5.1655 10.13522 5.16727 10.155190000000001 5.34637 5.38065 5.87947 5.14098 5.21452 10.17219 5.67594 10.20197 5.55215 5.17117 5.75799 5.01252 0 5.51741 10.19834 10.22324 5.9676 5.71318 10.18891 5.81952 5.40426 5.11337 5.8288 5.42 5.07348 5.79006 10.12357 5.87742 10.20852 5.74435 5.20082 5.79632 10.122219999999999 10.28927 5.83514 10.2315 5.20812 10.0844 5.46013 10.25683 10.10623 10.15624 5.41809 5.19753 10.05741 5.85297 5.43421 5.3261 5.90798 10.16357 10.18452 5.69142 5.50539 10.22169 5.9208 5.20663 
5.83774 5.06656 10.07991 5.16949 5.88474 5.61014 5.92417 10.03343 5.24944 5.02472 10.03846 5.96211 5.86255 5.02332 5.21083 5.26217 5.26644 10.21065 5.51741 0 10.178080000000001 5.22636 5.84278 10.19875 10.19365 10.08193 5.78895 5.91544 5.92524 5.99179 5.89458 5.03627 10.16506 10.199390000000001 5.42835 10.254290000000001 5.38487 10.201630000000002 5.45634 10.1259 10.27901 10.09953 10.17943 10.15124 5.6003 5.10151 5.50617 5.07634 5.31988 5.50944 5.38861 5.25016 5.28828 5.71253 5.41047 5.37567 5.87606 5.86231 10.17042 5.27089 5.59627 5.43671 
5.68466 10.06362 5.99988 10.09648 5.2227 10.0831 5.79175 5.5099 10.15949 5.15336 10.31213 5.1517 5.18683 5.48591 5.14474 10.19562 10.100719999999999 5.82405 10.19834 10.178080000000001 0 5.60526 10.16762 10.08315 5.07465 5.78791 5.37097 10.18655 10.151119999999999 5.33699 5.79496 5.3762 5.46942 5.68553 5.10996 5.73743 10.18555 10.21383 10.1476 5.15929 10.20062 5.27611 10.14321 10.15321 5.34297 10.06278 5.51193 5.57057 5.60643 5.86973 10.17465 10.21211 10.17476 10.058440000000001 5.13604 10.11936 5.36818 5.95994 5.86952 5.5004 5.36417 10.163229999999999 
5.29321 10.17495 5.91349 10.14837 5.12143 10.09252 10.13478 5.99236 5.60585 5.79531 5.02895 10.1046 10.25236 10.24968 5.60352 5.56911 10.04091 10.1659 10.22324 5.22636 5.60526 0 5.18943 10.13497 10.04173 5.35287 5.16742 10.055309999999999 5.07531 5.56839 5.60139 10.16099 5.89514 5.24139 5.16994 10.13386 5.06212 5.37354 10.11547 10.103570000000001 5.24718 5.12828 5.72138 10.04819 10.305579999999999 5.6788 10.12425 10.15147 10.241060000000001 5.19268 5.22387 5.9762 5.73337 5.89309 5.34555 5.07291 5.16292 5.87649 10.20646 10.32985 10.166720000000002 5.76164 
5.68487 5.13692 5.75675 10.05076 5.26182 10.18406 5.15141 10.16115 5.78542 10.05791 10.1333 10.09511 5.14562 5.97458 5.79425 10.19712 5.43227 5.33041 5.9676 5.84278 10.16762 5.18943 0 5.04657 10.05507 10.15113 5.20967 10.08786 5.90148 5.6918 10.43542 10.07988 10.11904 10.1599 10.14193 10.14703 10.03457 10.068539999999999 10.10408 10.25509 10.06689 5.16615 5.85198 10.0368 5.7663 5.63348 10.24535 10.09298 10.15912 5.11074 5.10997 10.133659999999999 10.143049999999999 10.187380000000001 5.97007 5.2648 5.85132 5.8444 10.22884 5.41794 5.72953 5.93341 
5.9142 5.77916 5.82295 5.02926 5.71059 5.74584 5.6679 5.71189 10.21439 10.23894 5.86477 5.66633 5.88279 5.40073 5.62534 10.07659 10.07813 10.15287 5.71318 10.19875 10.08315 10.13497 5.04657 0 5.0085 5.23627 10.21727 5.49055 10.19094 10.25676 5.79523 5.31375 5.98023 10.115760000000002 5.22835 5.14891 5.54967 10.13148 5.36757 10.12865 5.09049 10.11523 10.07706 5.50255 5.67174 5.30409 10.11082 5.71992 5.87118 10.15203 10.136199999999999 10.08559 10.12864 10.24269 5.33272 5.91243 5.20489 5.74919 5.19073 5.11268 5.54524 10.150500000000001 
5.02467 5.54464 5.10402 5.72757 5.99074 10.10853 5.2413 5.51295 5.56223 5.35537 5.92459 10.072220000000002 5.60922 10.17626 10.21374 10.05424 5.53421 10.06646 10.18891 10.19365 5.07465 10.04173 10.05507 5.0085 0 5.06112 10.022469999999998 5.1119 5.72565 5.60248 5.11543 5.19059 5.26333 5.88295 5.39487 5.66738 5.72028 10.22759 5.337 5.27462 10.09899 5.28214 5.06856 5.38713 5.11151 5.41913 10.07247 10.250319999999999 5.37473 5.14353 5.1277 10.14368 10.08257 5.28506 10.176549999999999 10.13359 5.47401 5.09555 5.04249 10.02299 10.149149999999999 5.68228 
5.15309 10.102620000000002 5.29399 10.20402 5.31383 5.77544 10.205680000000001 5.57708 10.18866 5.93392 5.47701 5.2559 5.52343 10.17848 5.70013 5.41167 5.49252 10.18304 5.81952 10.08193 5.78791 5.35287 10.15113 5.23627 5.06112 0 5.08703 10.173020000000001 5.35413 10.14603 5.52935 10.190100000000001 5.53228 10.14668 5.09761 5.59113 5.63252 5.90057 10.22461 10.33574 5.57949 10.19099 10.12968 5.70532 5.40412 10.17032 5.71482 5.34714 5.68531 5.30866 5.89027 10.20555 5.61624 10.118780000000001 5.11543 5.38481 10.15435 10.15667 5.23835 10.13124 5.08803 5.35279 
10.163910000000001 10.09929 5.74164 5.76665 10.171289999999999 5.6885 5.53167 10.318 10.06595 10.04097 5.40829 5.7047 10.17651 5.87096 5.99397 10.33294 5.90946 10.265 5.40426 5.78895 5.37097 5.16742 5.20967 10.21727 10.022469999999998 5.08703 0 5.48461 10.04053 10.1929 5.58927 5.34544 5.37518 10.1523 5.2196 5.40048 5.47264 10.2846 10.21688 5.932 5.35289 5.70116 10.161719999999999 5.96286 5.68679 10.27182 10.125630000000001 10.22124 5.39249 10.30411 10.288409999999999 5.95946 5.10601 5.73788 5.18686 10.198070000000001 5.47451 5.60425 10.21168 5.96759 10.17506 10.15232 
5.19633 5.83235 5.98035 10.20712 10.16592 5.29642 10.19868 10.0959 10.28281 5.54267 5.25247 5.26574 5.20964 10.131 10.24823 10.067820000000001 10.10481 10.09019 5.11337 5.91544 10.18655 10.055309999999999 10.08786 5.49055 5.1119 10.173020000000001 5.48461 0 5.8678 10.03057 10.14682 5.82221 5.11754 5.22723 10.07988 5.12544 5.41597 5.64645 5.87026 5.66659 5.16525 5.64008 5.66944 5.01831 10.04045 5.27651 5.84071 10.15246 10.13607 10.25543 5.969 5.64787 5.9305 10.22515 10.2701 10.1148 5.75783 5.97881 5.39568 5.28165 5.40028 5.55525 
5.27211 10.035879999999999 10.16213 5.16168 5.1849 10.208929999999999 10.23565 5.42423 10.10715 10.074349999999999 10.10426 5.85886 10.12452 5.65913 5.00638 5.68795 10.0933 5.5226 5.8288 5.92524 10.151119999999999 5.07531 5.90148 10.19094 5.72565 5.35413 10.04053 5.8678 0 10.095220000000001 10.1077 10.108139999999999 5.78436 10.07882 10.08304 5.28457 10.13743 10.260909999999999 5.36309 10.12939 10.0897 10.047 10.15156 5.98589 10.243739999999999 5.48881 10.06755 5.23624 10.1899 5.93807 10.13821 5.30305 10.09802 10.06096 5.85213 5.77039 5.77274 5.26308 10.16261 10.376439999999999 5.9765 5.5632 
5.27037 5.05806 10.07141 10.05315 5.84486 5.83418 10.21711 10.18833 5.64992 10.05147 10.173 10.26897 10.028590000000001 10.14884 5.11827 5.10759 10.16484 5.7476 5.42 5.99179 5.33699 5.56839 5.6918 10.25676 5.60248 10.14603 10.1929 10.03057 10.095220000000001 0 5.03255 5.2727 5.22478 5.75009 5.04842 10.0628 5.71452 10.15597 5.34109 5.97336 10.131419999999999 10.1418 5.96781 5.64937 10.15948 5.59021 5.10954 5.34902 5.77139 5.56711 10.19069 5.80106 10.06419 10.14292 10.16615 10.07587 5.05187 10.08024 5.81809 10.38411 5.89019 5.65877 
5.49618 10.09061 10.062190000000001 5.06174 10.19033 10.18063 10.10928 5.70469 10.13211 5.27089 5.45808 5.52723 5.37461 5.33349 5.89211 5.95822 10.06909 5.16008 5.07348 5.89458 5.79496 5.60139 10.43542 5.79523 5.11543 5.52935 5.58927 10.14682 10.1077 5.03255 0 5.0671 10.0975 10.078 5.71862 5.9548 10.2743 10.22241 10.132719999999999 10.34198 5.09887 5.59472 5.89883 5.89269 10.13241 5.68531 10.04552 10.14992 5.74402 10.16411 5.32545 5.30275 10.0808 5.60955 5.502 5.89452 10.08442 5.41098 5.53037 10.37207 10.20634 10.17537 
5.03701 10.07616 5.69383 10.059059999999999 5.12323 5.2868 10.11659 5.90094 10.18431 10.06099 10.2164 5.50963 5.53167 5.07034 5.1382 5.75987 5.47928 10.22718 5.79006 5.03627 5.3762 10.16099 10.07988 5.31375 5.19059 10.190100000000001 5.34544 5.82221 10.108139999999999 5.2727 5.0671 0 5.96578 10.07575 5.63972 10.159980000000001 5.93163 5.97769 5.26952 10.20795 10.08663 5.47283 10.25915 5.87293 5.94283 5.1783 5.8392 5.52086 5.37921 5.40872 5.40057 5.85389 10.09491 5.30177 5.18984 10.10568 5.87617 5.33989 5.13447 10.18505 10.15334 10.08829 
5.30305 5.18636 5.92419 5.64203 5.30999 5.98529 5.70579 5.71776 5.19019 10.05883 10.11022 10.079419999999999 5.93875 5.66578 5.50169 10.06628 10.14476 5.22581 10.12357 10.16506 5.46942 5.89514 10.11904 5.98023 5.26333 5.53228 5.37518 5.11754 5.78436 5.22478 10.0975 5.96578 0 5.00944 10.14253 5.69562 10.12716 10.01249 5.71804 5.53868 10.12042 10.152190000000001 5.4616 5.07791 10.088819999999998 5.41617 10.15883 10.27056 10.02604 5.56857 10.23063 10.07877 10.17106 5.71528 10.109580000000001 5.09837 5.33471 10.15264 5.75521 5.61523 5.26834 10.18505 
5.65179 5.28014 5.68562 5.26008 10.138580000000001 5.53004 10.24863 5.3819 5.48367 5.97682 10.175709999999999 10.173490000000001 5.59405 10.09248 5.77897 5.1103 5.29315 5.41938 5.87742 10.199390000000001 5.68553 5.24139 10.1599 10.115760000000002 5.88295 10.14668 10.1523 5.22723 10.07882 5.75009 10.078 10.07575 5.00944 0 5.2278 5.58728 5.90456 10.36685 10.02708 5.01229 10.01894 10.08666 10.366420000000002 5.741 5.99919 5.66457 10.161349999999999 5.82335 5.96933 10.09657 10.12637 5.57083 10.15991 5.40405 10.052579999999999 10.10781 10.16334 10.07106 10.20866 10.13496 5.28907 10.16158 
5.95873 5.00501 5.22725 5.16845 5.68328 5.69534 10.25191 5.64333 10.25273 5.94699 5.86585 10.207460000000001 5.20314 10.26146 5.07666 10.024899999999999 10.33229 10.2227 10.20852 5.42835 5.10996 5.16994 10.14193 5.22835 5.39487 5.09761 5.2196 10.07988 10.08304 5.04842 5.71862 5.63972 10.14253 5.2278 0 5.01438 10.086120000000001 10.069410000000001 5.28836 10.20779 5.09066 5.09338 5.35127 10.1242 10.24053 10.20129 10.155370000000001 5.36808 5.73314 5.86558 5.63698 5.10794 10.011140000000001 5.40562 5.50595 10.080739999999999 5.05674 10.08511 5.44975 5.45364 5.33356 5.96538 
5.22733 5.86026 5.92455 5.0848 5.49428 5.99025 5.98392 5.0703 5.67483 10.06776 10.17267 10.12577 5.59815 5.97085 10.09104 5.53097 10.09023 10.197610000000001 5.74435 10.254290000000001 5.73743 10.13386 10.14703 5.14891 5.66738 5.59113 5.40048 5.12544 5.28457 10.0628 5.9548 10.159980000000001 5.69562 5.58728 5.01438 0 5.07174 5.05503 5.77775 10.04486 5.75902 10.10707 10.214469999999999 5.21678 10.08081 10.117640000000002 5.7421 5.7658 10.15458 5.14172 10.15002 5.5317 10.11383 10.26261 10.259049999999998 5.26243 5.43895 5.83066 5.02551 10.12568 5.63538 5.94142 
5.73884 10.21945 10.24812 5.85574 10.11532 5.93143 5.83922 5.7541 10.103190000000001 5.79457 5.99962 5.15222 5.57694 10.19996 5.43489 5.30249 5.45811 5.53333 5.20082 5.38487 10.18555 5.06212 10.03457 5.54967 5.72028 5.63252 5.47264 5.41597 10.13743 5.71452 10.2743 5.93163 10.12716 5.90456 10.086120000000001 5.07174 0 5.03836 10.139140000000001 5.79031 10.056840000000001 5.66153 5.71619 5.36682 5.62352 10.229959999999998 10.11889 10.22953 5.45815 10.213460000000001 10.12327 5.41985 10.15348 5.57248 10.11334 5.41502 5.33097 10.22727 10.097249999999999 5.84712 5.96716 10.049679999999999 
5.60195 10.249179999999999 10.1206 5.79402 5.54833 5.61016 5.28682 5.40997 10.1665 10.152439999999999 5.71878 5.49565 5.14188 10.18572 10.31544 5.26456 10.10633 10.101880000000001 5.79632 10.201630000000002 10.21383 5.37354 10.068539999999999 10.13148 10.22759 5.90057 10.2846 5.64645 10.260909999999999 10.15597 10.22241 5.97769 10.01249 10.36685 10.069410000000001 5.05503 5.03836 0 5.20777 5.5095 5.78935 5.19131 5.86131 10.081900000000001 10.094249999999999 10.05892 5.53721 10.13848 5.49444 5.42171 5.14039 5.56739 5.96639 10.18364 5.35365 10.02873 10.203600000000002 10.15532 5.81771 10.1396 5.59216 5.93707 
5.39889 10.11899 10.10924 5.59958 5.34492 5.46449 10.226590000000002 5.88009 10.14161 5.52033 10.13326 10.05391 5.76281 5.68553 10.10283 5.80934 10.07129 5.17751 10.122219999999999 5.45634 10.1476 10.11547 10.10408 5.36757 5.337 10.22461 10.21688 5.87026 5.36309 5.34109 10.132719999999999 5.26952 5.71804 10.02708 5.28836 5.77775 10.139140000000001 5.20777 0 5.01479 5.70592 5.89383 5.22902 5.79798 5.5271 5.37433 10.134419999999999 5.71588 10.11674 10.36644 10.29568 10.305109999999999 10.07988 5.92563 10.2895 5.93092 10.16584 5.4825 10.129660000000001 5.32223 5.97282 10.105329999999999 
5.64907 10.19993 10.058340000000001 5.95666 5.36967 5.23733 10.18376 10.09563 5.14485 5.88334 10.11905 5.1612 5.47411 5.86115 10.29081 10.094339999999999 10.17321 10.10274 10.28927 10.1259 5.15929 10.103570000000001 10.25509 10.12865 5.27462 10.33574 5.932 5.66659 10.12939 5.97336 10.34198 10.20795 5.53868 5.01229 10.20779 10.04486 5.79031 5.5095 5.01479 0 5.5321 10.09956 10.24381 5.03086 5.66291 5.91037 10.17425 10.144020000000001 5.82367 10.404779999999999 5.63869 5.74469 5.87799 5.512 10.18532 5.57998 5.15105 5.97093 10.226310000000002 5.12267 10.165880000000001 5.83874 
10.1599 10.09567 5.6957 5.54774 5.52227 5.26579 10.272590000000001 5.26545 10.137270000000001 5.29197 5.21203 5.98555 5.81042 5.46428 5.91725 5.33312 10.301269999999999 10.258949999999999 5.83514 10.27901 10.20062 5.24718 10.06689 5.09049 10.09899 5.57949 5.35289 5.16525 10.0897 10.131419999999999 5.09887 10.08663 10.12042 10.01894 5.09066 5.75902 10.056840000000001 5.78935 5.70592 5.5321 0 5.02474 10.1968 5.97467 5.17172 10.20407 5.31368 5.64475 10.237210000000001 5.55329 5.66026 5.66641 10.20561 5.73556 5.49686 5.72831 5.13194 5.43051 10.04421 5.84654 5.73826 5.25331 
5.6958 5.29948 10.14986 10.02832 5.90014 5.37188 5.8265 5.03773 10.081109999999999 10.041879999999999 5.7759 5.14229 5.94374 10.22337 5.85233 10.03833 5.89267 10.200479999999999 10.2315 10.09953 5.27611 5.12828 5.16615 10.11523 5.28214 10.19099 5.70116 5.64008 10.047 10.1418 5.59472 5.47283 10.152190000000001 10.08666 5.09338 10.10707 5.66153 5.19131 5.89383 10.09956 5.02474 0 5.33475 10.07009 10.13252 5.83437 5.28243 5.02319 5.59058 10.251249999999999 10.276119999999999 5.66365 10.144829999999999 5.58621 5.68935 10.20119 5.25948 5.7557 10.2348 5.25029 5.81682 5.71869 
5.49424 5.68642 5.5735 5.4339 5.26783 5.79562 5.60754 5.14417 5.48151 5.15471 5.1269 10.267209999999999 5.43035 5.704 5.14518 5.29717 10.323 5.3139 5.20812 10.17943 10.14321 5.72138 5.85198 10.07706 5.06856 10.12968 10.161719999999999 5.66944 10.15156 5.96781 5.89883 10.25915 5.4616 10.366420000000002 5.35127 10.214469999999999 5.71619 5.86131 5.22902 10.24381 10.1968 5.33475 0 5.2657 5.34841 10.15057 10.195599999999999 5.3453 5.20414 10.15785 5.77905 10.19342 5.55321 10.12254 5.11919 10.1304 10.13537 5.54028 5.98374 10.239090000000001 10.40891 5.32537 
5.64379 5.24962 5.26217 5.51368 5.38113 5.70516 5.74745 5.73673 5.46211 5.2404 10.11009 5.00151 10.105160000000001 10.161010000000001 10.05911 5.83482 5.48039 5.07188 10.0844 10.15124 10.15321 10.04819 10.0368 5.50255 5.38713 5.70532 5.96286 5.01831 5.98589 5.64937 5.89269 5.87293 5.07791 5.741 10.1242 5.21678 5.36682 10.081900000000001 5.79798 5.03086 5.97467 10.07009 5.2657 0 5.02214 10.054490000000001 10.11125 5.73924 5.12494 5.37392 10.12494 10.27941 10.20952 5.20684 5.51433 5.40352 5.14309 5.82164 10.18045 5.51468 10.16689 10.048210000000001 
5.01237 5.49762 5.01328 5.9422 10.2035 10.03524 5.41097 5.29467 5.61112 5.93895 5.43769 5.92566 5.18223 10.04402 10.11427 5.38363 10.1326 5.84134 5.46013 5.6003 5.34297 10.305579999999999 5.7663 5.67174 5.11151 5.40412 5.68679 10.04045 10.243739999999999 10.15948 10.13241 5.94283 10.088819999999998 5.99919 10.24053 10.08081 5.62352 10.094249999999999 5.5271 5.66291 5.17172 10.13252 5.34841 5.02214 0 5.03235 10.22536 5.81847 5.73826 5.82851 10.23921 5.25727 10.07027 5.93768 5.42786 5.53493 5.8563 10.10811 5.15831 10.160409999999999 10.23654 5.02607 
5.07688 5.77802 5.90587 5.03284 5.59189 5.58463 10.09882 10.206520000000001 10.27627 5.69821 5.81682 5.08899 10.089849999999998 5.84427 10.1434 10.13317 10.12038 5.24431 10.25683 5.10151 10.06278 5.6788 5.63348 5.30409 5.41913 10.17032 10.27182 5.27651 5.48881 5.59021 5.68531 5.1783 5.41617 5.66457 10.20129 10.117640000000002 10.229959999999998 10.05892 5.37433 5.91037 10.20407 5.83437 10.15057 10.054490000000001 5.03235 0 10.10499 5.37031 5.45962 5.46452 5.2426 10.188410000000001 5.66887 5.53303 10.317810000000001 10.13058 10.19067 5.47863 10.03377 5.60244 5.94577 10.03806 
10.263950000000001 10.1676 5.95444 5.08156 5.15286 5.42529 10.16518 5.54985 5.83549 5.08581 5.47837 10.12253 5.53176 5.51295 10.20255 5.92412 5.53586 5.73608 10.10623 5.50617 5.51193 10.12425 10.24535 10.11082 10.07247 5.71482 10.125630000000001 5.84071 10.06755 5.10954 10.04552 5.8392 10.15883 10.161349999999999 10.155370000000001 5.7421 10.11889 5.53721 10.134419999999999 10.17425 5.31368 5.28243 10.195599999999999 10.11125 10.22536 10.10499 0 5.00923 5.68718 5.64337 5.96598 5.04743 5.70535 5.95248 10.06071 5.74504 5.20633 10.18467 5.57422 5.51692 10.254760000000001 5.19929 
5.36707 5.46393 5.38601 5.15232 10.16209 5.74786 5.98787 10.06092 10.07225 5.68907 5.86619 10.165479999999999 10.06709 5.47071 10.19539 5.35784 5.58618 10.25409 10.15624 5.07634 5.57057 10.15147 10.09298 5.71992 10.250319999999999 5.34714 10.22124 10.15246 5.23624 5.34902 10.14992 5.52086 10.27056 5.82335 5.36808 5.7658 10.22953 10.13848 5.71588 10.144020000000001 5.64475 5.02319 5.3453 5.73924 5.81847 5.37031 5.00923 0 5.44338 10.344100000000001 10.14939 10.05666 5.17743 5.31563 5.05148 10.06269 5.83284 10.26929 5.78987 5.76496 10.02186 5.075 
5.81581 5.84207 5.29016 5.69637 5.46645 5.18633 10.13303 10.14883 5.10545 5.60135 5.31056 10.126449999999998 5.46545 5.29796 5.40643 10.13652 5.90792 10.1418 5.41809 5.31988 5.60643 10.241060000000001 10.15912 5.87118 5.37473 5.68531 5.39249 10.13607 10.1899 5.77139 5.74402 5.37921 10.02604 5.96933 5.73314 10.15458 5.45815 5.49444 10.11674 5.82367 10.237210000000001 5.59058 5.20414 5.12494 5.73826 5.45962 5.68718 5.44338 0 5.04838 10.37195 10.11887 5.37714 5.70862 5.67204 10.15593 10.084489999999999 5.40565 5.88233 10.34751 10.278970000000001 5.08248 
10.1682 10.19251 5.17916 5.95997 10.03026 10.23471 10.12999 10.212019999999999 5.29996 5.83672 5.03095 5.50403 5.31397 10.13954 5.82196 5.96844 5.05726 5.18893 5.19753 5.50944 5.86973 5.19268 5.11074 10.15203 5.14353 5.30866 10.30411 10.25543 5.93807 5.56711 10.16411 5.40872 5.56857 10.09657 5.86558 5.14172 10.213460000000001 5.42171 10.36644 10.404779999999999 5.55329 10.251249999999999 10.15785 5.37392 5.82851 5.46452 5.64337 10.344100000000001 5.04838 0 5.74748 5.56348 5.33267 5.75671 5.98706 10.26559 5.38784 5.37187 5.1181 10.22174 5.67918 10.068010000000001 
5.91719 5.88481 5.80125 10.113389999999999 5.71617 5.32078 10.08718 10.156089999999999 5.7044 10.32478 10.18054 5.8288 10.25559 10.13705 5.83758 10.263660000000002 5.08337 5.86484 10.05741 5.38861 10.17465 5.22387 5.10997 10.136199999999999 5.1277 5.89027 10.288409999999999 5.969 10.13821 10.19069 5.32545 5.40057 10.23063 10.12637 5.63698 10.15002 10.12327 5.14039 10.29568 5.63869 5.66026 10.276119999999999 5.77905 10.12494 10.23921 5.2426 5.96598 10.14939 10.37195 5.74748 0 5.02369 5.30915 5.89923 10.09641 10.070920000000001 5.70892 10.11563 10.17019 5.39613 10.38487 5.55051 
10.176459999999999 5.83302 5.40129 5.29337 10.20029 10.135940000000002 10.13455 10.155550000000002 10.288509999999999 10.05501 5.3323 5.34146 5.25281 5.30138 5.64016 10.16213 5.98066 5.8659 5.85297 5.25016 10.21211 5.9762 10.133659999999999 10.08559 10.14368 10.20555 5.95946 5.64787 5.30305 5.80106 5.30275 5.85389 10.07877 5.57083 5.10794 5.5317 5.41985 5.56739 10.305109999999999 5.74469 5.66641 5.66365 10.19342 10.27941 5.25727 10.188410000000001 5.04743 10.05666 10.11887 5.56348 5.02369 0 5.83861 5.33085 5.53775 5.6178 5.37219 5.63983 5.92015 5.93186 5.98242 5.07746 
5.0579 5.00613 5.60476 10.18911 5.34325 5.09931 5.93223 10.1873 10.17929 5.92799 10.17473 5.39108 5.11356 10.23554 10.05726 5.73274 5.21163 10.06758 5.43421 5.28828 10.17476 5.73337 10.143049999999999 10.12864 10.08257 5.61624 5.10601 5.9305 10.09802 10.06419 10.0808 10.09491 10.17106 10.15991 10.011140000000001 10.11383 10.15348 5.96639 10.07988 5.87799 10.20561 10.144829999999999 5.55321 10.20952 10.07027 5.66887 5.70535 5.17743 5.37714 5.33267 5.30915 5.83861 0 5.00268 10.006029999999999 5.73947 10.088239999999999 5.4298 5.28382 10.13269 10.36317 5.79099 
5.69761 5.42677 10.192540000000001 10.111799999999999 5.43819 10.0939 5.57214 5.48806 5.60707 5.58017 5.65348 5.44794 5.04176 5.42511 5.05458 5.86177 10.11604 5.96805 5.3261 5.71253 10.058440000000001 5.89309 10.187380000000001 10.24269 5.28506 10.118780000000001 5.73788 10.22515 10.06096 10.14292 5.60955 5.30177 5.71528 5.40405 5.40562 10.26261 5.57248 10.18364 5.92563 5.512 5.73556 5.58621 10.12254 5.20684 5.93768 5.53303 5.95248 5.31563 5.70862 5.75671 5.89923 5.33085 5.00268 0 5.00335 10.01456 10.02754 5.99633 10.03876 5.13001 10.17322 5.90411 
10.116209999999999 10.28958 5.6286 5.67564 5.91281 10.239519999999999 10.20752 10.18347 10.37211 10.136679999999998 5.32059 5.47674 5.54701 5.06359 10.057929999999999 5.79409 5.82774 5.2438 5.90798 5.41047 5.13604 5.34555 5.97007 5.33272 10.176549999999999 5.11543 5.18686 10.2701 5.85213 10.16615 5.502 5.18984 10.109580000000001 10.052579999999999 5.50595 10.259049999999998 10.11334 5.35365 10.2895 10.18532 5.49686 5.68935 5.11919 5.51433 5.42786 10.317810000000001 10.06071 5.05148 5.67204 5.98706 10.09641 5.53775 10.006029999999999 5.00335 0 5.01121 10.03521 5.92579 5.23354 5.39894 10.10502 10.08154 
5.649 5.93582 5.52041 10.09271 5.2784 5.95423 10.06008 10.02064 10.1388 5.4631 10.10186 5.74778 5.83068 10.0748 5.80165 5.13808 5.24507 10.18882 10.16357 5.37567 10.11936 5.07291 5.2648 5.91243 10.13359 5.38481 10.198070000000001 10.1148 5.77039 10.07587 5.89452 10.10568 5.09837 10.10781 10.080739999999999 5.26243 5.41502 10.02873 5.93092 5.57998 5.72831 10.20119 10.1304 5.40352 5.53493 10.13058 5.74504 10.06269 10.15593 10.26559 10.070920000000001 5.6178 5.73947 10.01456 5.01121 0 5.024 10.05237 5.58202 10.13702 5.09381 10.017240000000001 
5.35322 5.08211 5.99055 5.52674 10.12145 10.07478 10.128260000000001 10.20982 5.29533 5.61135 10.13276 10.1446 5.6379 5.2677 5.13976 5.54484 5.45318 10.214970000000001 10.18452 5.87606 5.36818 5.16292 5.85132 5.20489 5.47401 10.15435 5.47451 5.75783 5.77274 5.05187 10.08442 5.87617 5.33471 10.16334 5.05674 5.43895 5.33097 10.203600000000002 10.16584 5.15105 5.13194 5.25948 10.13537 5.14309 5.8563 10.19067 5.20633 5.83284 10.084489999999999 5.38784 5.70892 5.37219 10.088239999999999 10.02754 10.03521 5.024 0 5.02837 10.1006 10.22232 5.62607 5.82322 
10.10131 10.110479999999999 5.33257 5.30511 10.07044 5.04641 5.52045 5.81261 5.30282 5.23211 5.73911 5.44607 5.44552 5.6852 10.16813 5.90698 5.41261 10.19139 5.69142 5.86231 5.95994 5.87649 5.8444 5.74919 5.09555 10.15667 5.60425 5.97881 5.26308 10.08024 5.41098 5.33989 10.15264 10.07106 10.08511 5.83066 10.22727 10.15532 5.4825 5.97093 5.43051 5.7557 5.54028 5.82164 10.10811 5.47863 10.18467 10.26929 5.40565 5.37187 10.11563 5.63983 5.4298 5.99633 5.92579 10.05237 5.02837 0 5.65775 5.5095 5.26694 10.12628 
5.29365 10.23927 10.001380000000001 5.00093 5.73716 10.06342 10.232520000000001 10.09581 5.24648 10.18646 10.0636 5.87031 10.10931 10.20481 5.82797 5.61953 5.92196 5.1721 5.50539 10.17042 5.86952 10.20646 10.22884 5.19073 5.04249 5.23835 10.21168 5.39568 10.16261 5.81809 5.53037 5.13447 5.75521 10.20866 5.44975 5.02551 10.097249999999999 5.81771 10.129660000000001 10.226310000000002 10.04421 10.2348 5.98374 10.18045 5.15831 10.03377 5.57422 5.78987 5.88233 5.1181 10.17019 5.92015 5.28382 10.03876 5.23354 5.58202 10.1006 5.65775 0 5.10364 10.14685 5.50679 
5.14804 5.63398 5.44241 10.10457 10.17181 5.82208 5.5946 10.22091 5.51501 5.49518 5.76506 5.71912 5.15452 5.24777 5.83931 10.12078 10.14396 5.40478 10.22169 5.27089 5.5004 10.32985 5.41794 5.11268 10.02299 10.13124 5.96759 5.28165 10.376439999999999 10.38411 10.37207 10.18505 5.61523 10.13496 5.45364 10.12568 5.84712 10.1396 5.32223 5.12267 5.84654 5.25029 10.239090000000001 5.51468 10.160409999999999 5.60244 5.51692 5.76496 10.34751 10.22174 5.39613 5.93186 10.13269 5.13001 5.39894 10.13702 10.22232 5.5095 5.10364 0 5.04321 10.15284 
5.75582 10.09653 5.69132 10.228639999999999 10.10721 5.43165 5.70666 10.222290000000001 5.17891 10.23583 5.85245 5.6904 10.166170000000001 5.57081 5.74829 5.51834 10.10411 5.09501 5.9208 5.59627 5.36417 10.166720000000002 5.72953 5.54524 10.149149999999999 5.08803 10.17506 5.40028 5.9765 5.89019 10.20634 10.15334 5.26834 5.28907 5.33356 5.63538 5.96716 5.59216 5.97282 10.165880000000001 5.73826 5.81682 10.40891 10.16689 10.23654 5.94577 10.254760000000001 10.02186 10.278970000000001 5.67918 10.38487 5.98242 10.36317 10.17322 10.10502 5.09381 5.62607 5.26694 10.14685 5.04321 0 5.77594 
5.78134 5.64749 10.039349999999999 10.07925 10.08239 10.15146 5.94407 10.163319999999999 5.97579 5.61691 10.046880000000002 10.02688 5.37527 5.01795 10.023810000000001 5.44301 10.12809 5.30814 5.20663 5.43671 10.163229999999999 5.76164 5.93341 10.150500000000001 5.68228 5.35279 10.15232 5.55525 5.5632 5.65877 10.17537 10.08829 10.18505 10.16158 5.96538 5.94142 10.049679999999999 5.93707 10.105329999999999 5.83874 5.25331 5.71869 5.32537 10.048210000000001 5.02607 10.03806 5.19929 5.075 5.08248 10.068010000000001 5.55051 5.07746 5.79099 5.90411 10.08154 10.017240000000001 5.82322 10.12628 5.50679 10.15284 5.77594 0 
