34
Spectre Nunu MasterYi Rumble Lich Jhin Skarner Bard KogMaw Disruptor Anivia Tiny Akali Ziggs Malphite Xerath Draven Renekton Oracle Ashe Shyvana Rammus Morgana Bristleback Tailyah Magnus NightStalker Talon CentaurWarrunner Phoenix Jax WraithKing Ahri Pantheon
0 4755.20819 5215.95122 5625.762280000001 5578.20686 3459.28699 3008.65721 2860.05727 3665.25609 3621.73035 2839.26419 2950.86226 4909.21417 4186.47961 3568.14672 3381.33006 4536.37235 2550.91154 3265.11429 3853.8134 2901.71675 4891.38381 4782.97382 3570.78734 4498.87573 3515.87269 2925.91265 3058.94297 2852.74925 5505.28547 3484.29025 3284.12532 4987.40415 2515.11297 
4755.20819 0 2580.74552 4381.55746 4010.9554 2876.17882 3011.21004 5410.39539 4886.79458 3951.61811 4513.55555 5224.52642 3146.55724 2605.90712 4189.18057 4767.2022 3301.77814 3103.84123 4843.98943 4219.8812 4130.2659 3723.68875 4866.61993 2684.12888 4134.9646 3467.21106 2808.33295 5202.93188 3966.81313 5473.1433099999995 4053.22285 2724.13914 4182.82315 3515.49868 
5215.95122 2580.74552 0 3902.45104 3737.2376 3559.8276 4618.86187 4949.26297 4427.52353 2852.4338 4335.1576 4669.47843 4334.57391 4205.03206 4903.87972 4267.9886 4319.75915 4652.38154 3134.57671 5799.59924 4516.26423 3255.60067 4904.48834 5264.874400000001 3814.72722 5967.421829999999 4442.11356 4683.5707 3817.77735 5510.87957 4161.55985 3115.50367 2982.28709 2700.83825 
5625.762280000001 4381.55746 3902.45104 0 4083.88934 3366.69962 4925.50461 3643.80063 3503.61306 3866.76858 4964.4156 4482.56837 5614.38428 5372.98004 3533.52414 3911.91904 5085.31181 3341.57762 3890.42394 3446.2678 3907.76532 2672.87903 3437.11605 3252.42442 2877.77409 3856.72456 2699.84963 2775.95528 4592.5697 3428.44559 3610.89094 3400.78862 4440.73895 5490.42814 
5578.20686 4010.9554 3737.2376 4083.88934 0 4737.31884 3297.3281 3768.5932 5485.56536 3354.74132 4706.183 3953.27188 3935.29425 4903.97267 4610.25551 4363.02829 3252.00139 5178.04407 4881.32946 4218.44037 4619.7801 2674.66743 4228.34603 4722.80475 4714.61446 3011.58856 2967.47903 4634.73683 5666.03139 2804.68051 2583.34611 3361.88378 4049.72394 4937.9414 
3459.28699 2876.17882 3559.8276 3366.69962 4737.31884 0 2547.56774 3978.06656 3223.06907 3715.22019 3284.11069 2731.86251 4010.85843 5278.2410199999995 4961.34416 3187.64675 3331.27577 2715.72606 3405.4253 3272.68565 2741.00982 5147.282999999999 5435.19051 3896.11803 3364.90028 3847.86048 2771.33104 3071.54962 4945.63206 2758.47516 3213.90979 5600.31796 3433.9844 2565.23921 
3008.65721 3011.21004 4618.86187 4925.50461 3297.3281 2547.56774 0 2562.99325 3334.44271 2997.90486 2801.63299 4846.02357 3901.46452 4421.60702 5192.85665 2723.91884 3698.49531 3889.62119 5354.95985 5820.25339 4702.30297 2665.40175 4297.48796 3438.15301 4025.56102 2769.33704 5318.8987799999995 2797.52983 4855.61222 4964.281 5752.59557 5580.49597 3913.8233 2968.20743 
2860.05727 5410.39539 4949.26297 3643.80063 3768.5932 3978.06656 2562.99325 0 3424.73452 3270.91572 2741.03904 3188.70301 4666.3106 2996.41911 5412.621279999999 4416.45031 4754.37066 3790.92848 4221.94108 4335.97599 3510.00205 2565.41674 4416.59138 4120.60532 4263.64001 4767.24307 4937.91726 3542.19154 2804.72165 3254.07769 3965.85031 4174.53512 4624.40933 4046.08664 
3665.25609 4886.79458 4427.52353 3503.61306 5485.56536 3223.06907 3334.44271 3424.73452 0 2548.50122 3938.30634 5397.62284 3994.74316 2883.75949 4477.39039 3710.39953 4798.51578 2732.96088 3417.20473 3778.84685 4432.41722 3569.81021 5233.514370000001 2607.15068 5118.36271 3186.35528 4927.9601 4864.56487 3735.17294 5456.09829 5815.56897 5441.54155 5199.3038 3289.19107 
3621.73035 3951.61811 2852.4338 3866.76858 3354.74132 3715.22019 2997.90486 3270.91572 2548.50122 0 2607.59104 3093.61716 3410.96347 4815.23644 5129.96506 4043.56793 3957.79117 5281.462100000001 2764.54544 3747.77213 4803.94517 2530.60546 4238.30956 5155.651900000001 2725.49038 3338.04312 3486.15042 3420.18989 2782.31363 5328.22676 3267.06775 2948.25944 4147.10219 4888.92005 
2839.26419 4513.55555 4335.1576 4964.4156 4706.183 3284.11069 2801.63299 2741.03904 3938.30634 2607.59104 0 2701.36904 4218.1413 4477.37634 3217.45611 3776.60917 4803.4194 4866.20027 3520.73953 4543.30366 2717.92007 4216.3477 3516.98422 3157.5593 3644.76534 4174.48753 3022.56857 2632.07845 5389.90467 2915.35895 3824.274 3539.98638 4200.56778 4750.50227 
2950.86226 5224.52642 4669.47843 4482.56837 3953.27188 2731.86251 4846.02357 3188.70301 5397.62284 3093.61716 2701.36904 0 3185.42035 3928.82295 2898.38088 3953.41226 5256.272779999999 4026.90557 2893.88737 5558.909900000001 4562.1892 2876.69094 5390.53481 3306.90174 4418.09699 3750.24704 2813.54084 3194.84477 4170.07578 2872.70791 4330.37183 5414.23912 5367.518480000001 3646.08603 
4909.21417 3146.55724 4334.57391 5614.38428 3935.29425 4010.85843 3901.46452 4666.3106 3994.74316 3410.96347 4218.1413 3185.42035 0 2548.85126 4765.43398 4737.09433 4982.18763 5562.42195 4249.22038 4769.77309 3227.12672 3349.87449 5287.10612 4209.4044 3956.34824 3034.93245 4033.04775 5145.87602 4578.41119 4193.40411 4975.41708 3807.18281 5437.26631 3092.14627 
4186.47961 2605.90712 4205.03206 5372.98004 4903.97267 5278.2410199999995 4421.60702 2996.41911 2883.75949 4815.23644 4477.37634 3928.82295 2548.85126 0 2660.26574 5234.092189999999 3165.23405 3687.39685 4405.52898 3029.67508 3752.52457 4088.97672 4787.43092 3962.88512 3294.33001 2904.37738 4049.4063 2597.02476 2521.61317 4791.10655 5592.64242 4452.43378 4492.16453 5195.19687 
3568.14672 4189.18057 4903.87972 3533.52414 4610.25551 4961.34416 5192.85665 5412.621279999999 4477.39039 5129.96506 3217.45611 2898.38088 4765.43398 2660.26574 0 2704.70262 5603.61877 3251.11026 5558.910970000001 4350.38978 4779.44473 3434.15237 2736.31974 3604.82526 2776.09511 4832.90029 5711.92172 4923.17188 4756.58314 5567.95215 3050.89089 4864.21665 4406.56157 2796.03524 
3381.33006 4767.2022 4267.9886 3911.91904 4363.02829 3187.64675 2723.91884 4416.45031 3710.39953 4043.56793 3776.60917 3953.41226 4737.09433 5234.092189999999 2704.70262 0 4525.01261 4072.09492 2980.60431 3789.97131 3380.00561 2778.41825 4384.58817 4049.6458 3330.95544 3610.52188 4396.51223 5521.44867 3350.10451 3039.91825 4393.85319 2856.57713 2755.32332 4483.80406 
4536.37235 3301.77814 4319.75915 5085.31181 3252.00139 3331.27577 3698.49531 4754.37066 4798.51578 3957.79117 4803.4194 5256.272779999999 4982.18763 3165.23405 5603.61877 4525.01261 0 4412.53334 3446.87413 3755.73456 3548.00931 4439.28599 5159.11889 2532.7552 2827.52366 5413.181619999999 4871.49498 3606.44562 3124.92877 4524.88495 4589.87624 5402.28504 5266.28556 4779.07435 
2550.91154 3103.84123 4652.38154 3341.57762 5178.04407 2715.72606 3889.62119 3790.92848 2732.96088 5281.462100000001 4866.20027 4026.90557 5562.42195 3687.39685 3251.11026 4072.09492 4412.53334 0 4746.83855 4421.37579 3648.81405 3689.82749 4785.53705 3769.88777 4983.69941 2527.4895 4051.67627 3146.24511 2762.00026 3357.98932 4971.58955 4207.85621 3105.40537 5066.02451 
3265.11429 4843.98943 3134.57671 3890.42394 4881.32946 3405.4253 5354.95985 4221.94108 3417.20473 2764.54544 3520.73953 2893.88737 4249.22038 4405.52898 5558.910970000001 2980.60431 3446.87413 4746.83855 0 2665.02253 5283.57869 2689.5581 3139.80436 2736.4981 2782.81586 4317.31301 4186.80042 3080.15772 3764.78488 2789.9492 4168.78347 3168.11176 5674.32987 4525.63956 
3853.8134 4219.8812 5799.59924 3446.2678 4218.44037 3272.68565 5820.25339 4335.97599 3778.84685 3747.77213 4543.30366 5558.909900000001 4769.77309 3029.67508 4350.38978 3789.97131 3755.73456 4421.37579 2665.02253 0 2618.55616 3208.41172 4371.51484 5401.52063 2975.91566 3186.63217 4043.71174 4610.42982 4727.97516 3521.38796 4841.05206 4774.98725 5399.84662 4197.11582 
2901.71675 4130.2659 4516.26423 3907.76532 4619.7801 2741.00982 4702.30297 3510.00205 4432.41722 4803.94517 2717.92007 4562.1892 3227.12672 3752.52457 4779.44473 3380.00561 3548.00931 3648.81405 5283.57869 2618.55616 0 3029.40056 2748.52712 3804.34919 5426.2751100000005 4850.05907 4273.97967 3984.56911 4491.71029 5318.28673 4362.66029 3372.51972 4877.1674 2798.22286 
4891.38381 3723.68875 3255.60067 2672.87903 2674.66743 5147.282999999999 2665.40175 2565.41674 3569.81021 2530.60546 4216.3477 2876.69094 3349.87449 4088.97672 3434.15237 2778.41825 4439.28599 3689.82749 2689.5581 3208.41172 3029.40056 0 2973.31899 3271.08268 3452.03422 4709.74703 3043.00265 2881.19969 3312.85267 4857.22211 4050.00214 4800.37474 3252.2133 4045.88846 
4782.97382 4866.61993 4904.48834 3437.11605 4228.34603 5435.19051 4297.48796 4416.59138 5233.514370000001 4238.30956 3516.98422 5390.53481 5287.10612 4787.43092 2736.31974 4384.58817 5159.11889 4785.53705 3139.80436 4371.51484 2748.52712 2973.31899 0 2626.36369 3787.03701 3017.48443 4146.55122 3388.49754 2667.97776 3065.43772 3074.31922 4321.59455 4283.15382 3641.77175 
3570.78734 2684.12888 5264.874400000001 3252.42442 4722.80475 3896.11803 3438.15301 4120.60532 2607.15068 5155.651900000001 3157.5593 3306.90174 4209.4044 3962.88512 3604.82526 4049.6458 2532.7552 3769.88777 2736.4981 5401.52063 3804.34919 3271.08268 2626.36369 0 2511.21203 4707.80284 3851.32248 3607.3471 3111.07606 5526.4473 4127.13075 4942.82478 2937.83177 5356.4568500000005 
4498.87573 4134.9646 3814.72722 2877.77409 4714.61446 3364.90028 4025.56102 4263.64001 5118.36271 2725.49038 3644.76534 4418.09699 3956.34824 3294.33001 2776.09511 3330.95544 2827.52366 4983.69941 2782.81586 2975.91566 5426.2751100000005 3452.03422 3787.03701 2511.21203 0 2585.65796 3154.94678 2759.21221 2885.79152 3765.88989 3118.78241 5602.67277 4800.91714 4861.02891 
3515.87269 3467.21106 5967.421829999999 3856.72456 3011.58856 3847.86048 2769.33704 4767.24307 3186.35528 3338.04312 4174.48753 3750.24704 3034.93245 2904.37738 4832.90029 3610.52188 5413.181619999999 2527.4895 4317.31301 3186.63217 4850.05907 4709.74703 3017.48443 4707.80284 2585.65796 0 2660.50591 5207.92762 4061.52064 5260.29054 3827.33193 5222.3795 4286.72317 5737.54447 
2925.91265 2808.33295 4442.11356 2699.84963 2967.47903 2771.33104 5318.8987799999995 4937.91726 4927.9601 3486.15042 3022.56857 2813.54084 4033.04775 4049.4063 5711.92172 4396.51223 4871.49498 4051.67627 4186.80042 4043.71174 4273.97967 3043.00265 4146.55122 3851.32248 3154.94678 2660.50591 0 2547.42171 5657.62818 3430.29039 4510.08723 3039.34117 3892.34896 3699.06424 
3058.94297 5202.93188 4683.5707 2775.95528 4634.73683 3071.54962 2797.52983 3542.19154 4864.56487 3420.18989 2632.07845 3194.84477 5145.87602 2597.02476 4923.17188 5521.44867 3606.44562 3146.24511 3080.15772 4610.42982 3984.56911 2881.19969 3388.49754 3607.3471 2759.21221 5207.92762 2547.42171 0 3464.52575 4080.01258 5319.98564 3701.93476 3501.40739 5574.05594 
2852.74925 3966.81313 3817.77735 4592.5697 5666.03139 4945.63206 4855.61222 2804.72165 3735.17294 2782.31363 5389.90467 4170.07578 4578.41119 2521.61317 4756.58314 3350.10451 3124.92877 2762.00026 3764.78488 4727.97516 4491.71029 3312.85267 2667.97776 3111.07606 2885.79152 4061.52064 5657.62818 3464.52575 0 3922.15737 4996.35929 2876.63734 4856.25707 5367.86222 
5505.28547 5473.1433099999995 5510.87957 3428.44559 2804.68051 2758.47516 4964.281 3254.07769 5456.09829 5328.22676 2915.35895 2872.70791 4193.40411 4791.10655 5567.95215 3039.91825 4524.88495 3357.98932 2789.9492 3521.38796 5318.28673 4857.22211 3065.43772 5526.4473 3765.88989 5260.29054 3430.29039 4080.01258 3922.15737 0 2517.06126 4368.30617 4973.27144 5323.71437 
3484.29025 4053.22285 4161.55985 3610.89094 2583.34611 3213.90979 5752.59557 3965.85031 5815.56897 3267.06775 3824.274 4330.37183 4975.41708 5592.64242 3050.89089 4393.85319 4589.87624 4971.58955 4168.78347 4841.05206 4362.66029 4050.00214 3074.31922 4127.13075 3118.78241 3827.33193 4510.08723 5319.98564 4996.35929 2517.06126 0 2568.16895 5310.151830000001 3949.56172 
3284.12532 2724.13914 3115.50367 3400.78862 3361.88378 5600.31796 5580.49597 4174.53512 5441.54155 2948.25944 3539.98638 5414.23912 3807.18281 4452.43378 4864.21665 2856.57713 5402.28504 4207.85621 3168.11176 4774.98725 3372.51972 4800.37474 4321.59455 4942.82478 5602.67277 5222.3795 3039.34117 3701.93476 2876.63734 4368.30617 2568.16895 0 3633.58004 5150.78337 
4987.40415 4182.82315 2982.28709 4440.73895 4049.72394 3433.9844 3913.8233 4624.40933 5199.3038 4147.10219 4200.56778 5367.518480000001 5437.26631 4492.16453 4406.56157 2755.32332 5266.28556 3105.40537 5674.32987 5399.84662 4877.1674 3252.2133 4283.15382 2937.83177 4800.91714 4286.72317 3892.34896 3501.40739 4856.25707 4973.27144 5310.151830000001 3633.58004 0 2604.785 
2515.11297 3515.49868 2700.83825 5490.42814 4937.9414 2565.23921 2968.20743 4046.08664 3289.19107 4888.92005 4750.50227 3646.08603 3092.14627 5195.19687 2796.03524 4483.80406 4779.07435 5066.02451 4525.63956 4197.11582 2798.22286 4045.88846 3641.77175 5356.4568500000005 4861.02891 5737.54447 3699.06424 5574.05594 5367.86222 5323.71437 3949.56172 5150.78337 2604.785 0 
