14
0 4 1 40 48 30 38 20 23 10 19 14 15 6
0 5.0 10.0 22.0 27.0 30.0 35.0 32.0 43.0 29.0 31.0 31.0 25.0 10.0 
5.0 0 5.0 19.0 24.0 27.0 32.0 29.0 40.0 26.0 28.0 28.0 22.0 7.0 
10.0 5.0 0 17.0 22.0 25.0 30.0 27.0 38.0 24.0 26.0 26.0 20.0 5.0 
22.0 19.0 17.0 0 5.0 12.0 17.0 24.0 35.0 31.0 33.0 33.0 27.0 12.0 
27.0 24.0 22.0 5.0 0 17.0 22.0 29.0 40.0 36.0 38.0 38.0 32.0 17.0 
30.0 27.0 25.0 12.0 17.0 0 5.0 12.0 23.0 29.0 31.0 31.0 25.0 20.0 
35.0 32.0 30.0 17.0 22.0 5.0 0 17.0 28.0 34.0 36.0 36.0 30.0 25.0 
32.0 29.0 27.0 24.0 29.0 12.0 17.0 0 11.0 21.0 23.0 23.0 17.0 22.0 
43.0 40.0 38.0 35.0 40.0 23.0 28.0 11.0 0 32.0 34.0 34.0 28.0 33.0 
29.0 26.0 24.0 31.0 36.0 29.0 34.0 21.0 32.0 0 2.0 9.0 10.0 19.0 
31.0 28.0 26.0 33.0 38.0 31.0 36.0 23.0 34.0 2.0 0 7.0 11.0 21.0 
31.0 28.0 26.0 33.0 38.0 31.0 36.0 23.0 34.0 9.0 7.0 0 6.0 21.0 
25.0 22.0 20.0 27.0 32.0 25.0 30.0 17.0 28.0 10.0 11.0 6.0 0 15.0 
10.0 7.0 5.0 12.0 17.0 20.0 25.0 22.0 33.0 19.0 21.0 21.0 15.0 0 
