15
19 24 15 32 23 12 37 20 45 39 34 3 11 47 1
0 809.064 1331.308 799.647 718.026 1270.149 750.485 1084.4 1334.38 1220.79 1344.73 1148.291 1112.4759999999999 503.344 1460.14 
809.064 0 859.746 1060.375 1148.058 815.218 1342.1219999999998 1433.658 1664.19 1401.97 1358.2640000000001 1219.6860000000001 1067.45 769.577 1694.17 
1331.308 859.746 0 754.008 1246.319 1306.04 1593.396 1234.39 1179.45 1721.4650000000001 1516.95 1291.266 886.127 933.534 2138.327 
799.647 1060.375 754.008 0 686.534 894.115 1026.73 1414.5729999999999 894.219 1282.603 1402.438 1240.297 943.326 595.35 1728.5230000000001 
718.026 1148.058 1246.319 686.534 0 1034.79 1468.511 1321.933 1319.23 1421.876 715.904 1027.289 868.036 1221.37 1112.35 
1270.149 815.218 1306.04 894.115 1034.79 0 988.989 1317.023 1604.6109999999999 1273.18 1076.36 1387.745 1375.937 766.805 1644.008 
750.485 1342.1219999999998 1593.396 1026.73 1468.511 988.989 0 815.18 1393.835 921.126 1423.793 1112.408 707.269 693.434 1824.327 
1084.4 1433.658 1234.39 1414.5729999999999 1321.933 1317.023 815.18 0 578.655 1357.578 874.375 1185.76 1342.29 819.223 1694.1879999999999 
1334.38 1664.19 1179.45 894.219 1319.23 1604.6109999999999 1393.835 578.655 0 778.923 1453.03 1311.01 1333.38 1225.908 1892.583 
1220.79 1401.97 1721.4650000000001 1282.603 1421.876 1273.18 921.126 1357.578 778.923 0 1020.85 1332.2350000000001 1550.623 1134.1 1563.76 
1344.73 1358.2640000000001 1516.95 1402.438 715.904 1076.36 1423.7930000000001 874.375 1453.03 1020.85 0 311.385 716.524 956.332 1828.254 
1148.291 1219.6860000000001 1291.266 1240.297 1027.289 1387.745 1112.408 1185.76 1311.01 1332.2350000000001 311.385 0 405.139 644.947 1745.1999999999998 
1112.4759999999999 1067.45 886.127 943.326 868.036 1375.937 707.269 1342.29 1333.38 1550.623 716.524 405.139 0 609.132 1565.13 
503.344 769.577 933.534 595.35 1221.37 766.805 693.434 819.223 1225.908 1134.1 956.332 644.947 609.132 0 1280.08 
1460.14 1694.17 2138.327 1728.5230000000001 1112.35 1644.008 1824.327 1694.1879999999999 1892.583 1563.76 1828.254 1745.1999999999998 1565.13 1280.08 0 
