52
location27 location108 location95 location86 location94 location130 location184 location46 location157 location138 location174 location11 location66 location96 location87 location100 location19 location118 location65 location151 location177 location88 location102 location197 location13 location49 location190 location55 location116 location154 location79 location143 location110 location74 location12 location15 location25 location5 location64 location158 location91 location68 location139 location75 location105 location26 location56 location17 location32 location126 location58 location1
0 23811639.0 52217935.0 64126423.0 81766902.0 75852689.0 41789074.0 45893755.0 47609187.0 53470708.0 64685125.0 74645337.0 64752390.0 42622119.0 43489578.0 52562684.0 34370879.0 58371127.0 60287120.0 54535660.0 72350700.0 55024942.0 79273463.0 72901742.0 68461190.0 49036152.0 39864336.0 54214702.0 60637346.0 57978524.0 50020216.0 42346599.0 56723808.0 63294962.0 34645586.0 43947582.0 54535270.0 22138751.0 45859138.0 54334162.0 53583668.0 52689045.0 59881244.0 53983564.0 55966983.0 51403424.0 35521623.0 37974628.0 31570040.0 54922557.0 93240873.0 13786246.0 
23811639.0 0 76029574.0 78004469.0 71587397.0 71693309.0 50853120.0 69705394.0 61538165.0 71285524.0 88496764.0 98456976.0 88564029.0 66433758.0 67301217.0 73161822.0 58182518.0 72896246.0 64193867.0 58442407.0 74447872.0 78836581.0 64152364.0 81304041.0 77077744.0 66869774.0 59195374.0 44845008.0 36825707.0 44622898.0 52581206.0 66158238.0 80535447.0 65512940.0 58457225.0 67759221.0 78346909.0 45950390.0 69670777.0 78145801.0 68666614.0 69561237.0 77062467.0 77795203.0 79778622.0 62316453.0 59333262.0 61786267.0 55381679.0 63539111.0 105598705.0 37597885.0 
52217935.0 76029574.0 0 11908488.0 38282418.0 44196631.0 25206333.0 51051747.0 42737446.0 52484805.0 44789832.0 34829620.0 24485284.0 9595816.0 36316290.0 49182401.0 36051565.0 55893209.0 50161130.0 44409670.0 37906044.0 52392035.0 76567606.0 62636749.0 51878449.0 72145172.0 54331250.0 64948467.0 53087250.0 47852534.0 39894226.0 32220609.0 52397376.0 46712221.0 59568765.0 50266769.0 60854457.0 68207882.0 45629834.0 50280515.0 33370362.0 34264985.0 49755254.0 43857574.0 66380131.0 41277434.0 34972522.0 40146838.0 24396752.0 38339816.0 65960544.0 38431689.0 
64126423.0 78004469.0 11908488.0 0 26373930.0 32288143.0 37114821.0 62960235.0 54645934.0 64393293.0 56698320.0 46738108.0 36393772.0 21504304.0 48224778.0 55379947.0 47960053.0 67801697.0 62069618.0 56318158.0 49814532.0 64300523.0 88476094.0 74545237.0 63786937.0 84053660.0 66239738.0 66893483.0 41178762.0 48975953.0 51802714.0 44129097.0 64305864.0 58620709.0 47660277.0 38358281.0 48945969.0 60167112.0 55694801.0 54781625.0 45278850.0 46173473.0 61663742.0 55766062.0 78288619.0 53185922.0 46881010.0 52055326.0 36305240.0 50248304.0 77869032.0 50340177.0 
81766902.0 71587397.0 38282418.0 26373930.0 0 5914213.0 39977828.0 45131037.0 50662873.0 60410232.0 83072250.0 73112038.0 62767702.0 47878234.0 72503119.0 62286530.0 69844185.0 62020954.0 53318575.0 47567115.0 63572580.0 76812995.0 82923290.0 79240024.0 66202452.0 82501177.0 74826777.0 60476411.0 34761690.0 42558881.0 50517189.0 59756176.0 64162782.0 54637648.0 74034207.0 64732211.0 75319899.0 76133309.0 49277729.0 48364553.0 57791322.0 58685945.0 88037672.0 82139992.0 89237055.0 60252436.0 73254940.0 67682405.0 60583581.0 52663819.0 94723413.0 67980656.0 
75852689.0 71693309.0 44196631.0 32288143.0 5914213.0 0 34063615.0 51045250.0 44748660.0 54496019.0 81726085.0 79026251.0 68681915.0 53792447.0 66588906.0 56372317.0 75756740.0 56106741.0 47404362.0 41652902.0 57658367.0 70898782.0 77009077.0 74501884.0 60288239.0 81467069.0 74720034.0 60582323.0 40675903.0 48473094.0 56431402.0 53841963.0 66931779.0 48723435.0 71370431.0 70646424.0 80505465.0 70219096.0 55191942.0 54278766.0 51877109.0 52771732.0 87679128.0 86480044.0 83322842.0 66166649.0 78943149.0 61768192.0 54669368.0 46749606.0 88809200.0 62066443.0 
41789074.0 50853120.0 25206333.0 37114821.0 39977828.0 34063615.0 0 25845414.0 17531113.0 27278472.0 54508538.0 59711971.0 49367635.0 34478167.0 32525291.0 30440049.0 48587461.0 35266552.0 26564173.0 20812713.0 36818178.0 36835167.0 56168888.0 43410760.0 26672116.0 54836941.0 40656419.0 39742134.0 31722833.0 39520024.0 39048421.0 31374804.0 46091590.0 21505888.0 44152884.0 53454880.0 59665276.0 43001549.0 33398315.0 41873339.0 17813494.0 18708117.0 60688960.0 56389911.0 56105295.0 53809771.0 48853016.0 39301033.0 20605753.0 13133483.0 54745585.0 28002828.0 
45893755.0 69705394.0 51051747.0 62960235.0 45131037.0 51045250.0 25845414.0 0 40392762.0 49720233.0 48876486.0 58836698.0 69181034.0 60323581.0 58370705.0 48812209.0 50635401.0 55197159.0 52409587.0 46658127.0 62663592.0 58520327.0 76099495.0 69256174.0 52517530.0 69469301.0 43207770.0 57558136.0 57568247.0 65365438.0 58167623.0 50494006.0 63270861.0 47351302.0 62890990.0 64324690.0 53737002.0 65863198.0 30068945.0 38543969.0 39498654.0 40393277.0 59053024.0 64950704.0 46069568.0 72928973.0 54665840.0 58420235.0 46451167.0 38978897.0 80590999.0 45891722.0 
47609187.0 61538165.0 42737446.0 54645934.0 50662873.0 44748660.0 17531113.0 40392762.0 0 9747359.0 43749928.0 53710140.0 64054476.0 44355970.0 50056404.0 31627487.0 36433658.0 40995416.0 37249218.0 31497758.0 47503223.0 54366280.0 52573940.0 60941873.0 43755737.0 72368054.0 53496970.0 50427179.0 42407878.0 50205069.0 51754067.0 43686819.0 49069118.0 32190933.0 26621771.0 35923767.0 46511455.0 25470436.0 15867202.0 24342226.0 35344607.0 36239230.0 61615095.0 55717415.0 45346685.0 53137275.0 37255474.0 51613048.0 38136866.0 30217104.0 72276698.0 40714641.0 
53470708.0 71285524.0 52484805.0 64393293.0 60410232.0 54496019.0 27278472.0 49720233.0 9747359.0 0 34002569.0 43962781.0 54307117.0 54103329.0 46983961.0 21880128.0 41264551.0 45333890.0 42351003.0 36599543.0 54572089.0 54554142.0 62321299.0 70689232.0 53503096.0 79305076.0 59544236.0 60174538.0 52155237.0 59952428.0 61114895.0 45818304.0 58816477.0 41938292.0 36369130.0 45671126.0 56258814.0 35217795.0 25614561.0 34089585.0 37321715.0 36427092.0 59738734.0 65464774.0 35599326.0 62884634.0 47002833.0 53744533.0 46665777.0 39964463.0 82024057.0 50462000.0 
64685125.0 88496764.0 44789832.0 56698320.0 83072250.0 81726085.0 54508538.0 48876486.0 43749928.0 34002569.0 0 9960212.0 20304548.0 54061666.0 58198378.0 33094545.0 52478968.0 51076439.0 53565420.0 47813960.0 59973259.0 30430817.0 69183535.0 83839288.0 61402538.0 67001847.0 70758653.0 85109019.0 79385303.0 74898396.0 66940088.0 51643497.0 71820264.0 69168358.0 65605695.0 74907691.0 85495379.0 64454360.0 59617130.0 68092154.0 46301063.0 45406440.0 56800089.0 62697769.0 34755579.0 72768280.0 38814148.0 59569726.0 57880194.0 67194529.0 101960722.0 60549525.0 
74645337.0 98456976.0 34829620.0 46738108.0 73112038.0 79026251.0 59711971.0 58836698.0 53710140.0 43962781.0 9960212.0 0 10344336.0 44101454.0 61829201.0 43054757.0 57582199.0 61036651.0 57196243.0 51444783.0 69417329.0 40391029.0 62426658.0 83397839.0 71362750.0 76962059.0 75861884.0 90212250.0 76845072.0 69383168.0 61424860.0 53751243.0 73928010.0 79128570.0 75565907.0 84867903.0 90297346.0 74414572.0 68508625.0 74514975.0 56261275.0 55366652.0 66760301.0 65388208.0 44715791.0 62808068.0 48774360.0 61677472.0 58902390.0 72845454.0 92000510.0 61310480.0 
64752390.0 88564029.0 24485284.0 36393772.0 62767702.0 68681915.0 49367635.0 69181034.0 64054476.0 54307117.0 20304548.0 10344336.0 0 33757118.0 51484865.0 35370412.0 47237863.0 52583986.0 46851907.0 41100447.0 59072993.0 50735365.0 52082322.0 73053503.0 76039751.0 83331470.0 65517548.0 79867914.0 66500736.0 59038832.0 51080524.0 43406907.0 63583674.0 70873523.0 84054049.0 74752053.0 79953010.0 84758908.0 58164289.0 64170639.0 57855646.0 58750269.0 60941552.0 55043872.0 55060127.0 52463732.0 47506977.0 51333136.0 48558054.0 62501118.0 90121846.0 50966144.0 
42622119.0 66433758.0 9595816.0 21504304.0 47878234.0 53792447.0 34478167.0 60323581.0 44355970.0 54103329.0 54061666.0 44101454.0 33757118.0 0 26720474.0 39586585.0 45323399.0 55874282.0 50142203.0 44390743.0 33838398.0 58274408.0 76776618.0 71908583.0 61150283.0 64085779.0 63603084.0 60174309.0 52155008.0 47833607.0 39875299.0 32201682.0 52378449.0 55984055.0 69164581.0 59862585.0 70450273.0 64760870.0 36034018.0 40684699.0 42966178.0 42544128.0 49736327.0 43838647.0 56784315.0 41258507.0 25376706.0 38791960.0 14800936.0 47611650.0 75232378.0 28835873.0 
43489578.0 67301217.0 36316290.0 48224778.0 72503119.0 66588906.0 32525291.0 58370705.0 50056404.0 46983961.0 58198378.0 61829201.0 51484865.0 26720474.0 0 25103833.0 44488256.0 42317407.0 36585328.0 30833868.0 48806414.0 55393010.0 63219743.0 66967398.0 59197407.0 41136918.0 62767941.0 63161684.0 45770177.0 45055816.0 53014124.0 40052629.0 54659742.0 54031179.0 60095760.0 69397756.0 69686431.0 47588925.0 62379084.0 53904060.0 50338785.0 51233408.0 62962439.0 68860119.0 53902917.0 67059715.0 52097180.0 35910562.0 11919538.0 45658774.0 61989017.0 43554752.0 
52562684.0 73161822.0 49182401.0 55379947.0 62286530.0 56372317.0 30440049.0 48812209.0 31627487.0 21880128.0 33094545.0 43054757.0 35370412.0 39586585.0 25103833.0 0 19384423.0 26202954.0 20470875.0 14719415.0 32691961.0 53646118.0 47105290.0 55729254.0 53788701.0 57424948.0 37664108.0 52014474.0 54031535.0 47193075.0 39234767.0 23938176.0 39998292.0 50191948.0 58249258.0 64159666.0 53571978.0 57097923.0 39950879.0 37789607.0 36413691.0 35519068.0 37858606.0 43756286.0 34691302.0 53996117.0 49039362.0 31864405.0 24785649.0 38696264.0 74855128.0 39969056.0 
34370879.0 58182518.0 36051565.0 47960053.0 69844185.0 75756740.0 48587461.0 50635401.0 36433658.0 41264551.0 52478968.0 57582199.0 47237863.0 45323399.0 44488256.0 19384423.0 0 24000248.0 39855298.0 34103838.0 52076384.0 58153799.0 44902584.0 65873765.0 73173124.0 50587517.0 18279685.0 32630051.0 58344772.0 64776911.0 56818603.0 43322599.0 32073950.0 52896160.0 63055429.0 70644854.0 72956401.0 56509630.0 20566456.0 29041480.0 55798114.0 54903491.0 31784527.0 37682207.0 54075725.0 58201811.0 42320010.0 50823130.0 44170072.0 58080687.0 94239551.0 20584633.0 
58371127.0 72896246.0 55893209.0 67801697.0 62020954.0 56106741.0 35266552.0 55197159.0 40995416.0 45333890.0 51076439.0 61036651.0 52583986.0 55874282.0 42317407.0 26202954.0 24000248.0 0 20205299.0 14453839.0 32426385.0 61968827.0 20902336.0 41873517.0 53523125.0 57159372.0 42279933.0 56630299.0 53765959.0 46927499.0 38969191.0 23672600.0 36635708.0 42938696.0 48450264.0 57752260.0 53306402.0 46324431.0 25128214.0 33603238.0 49904022.0 49009399.0 55784775.0 56310681.0 52673196.0 53730541.0 48773786.0 31598829.0 41999223.0 47952543.0 80558064.0 44584881.0 
60287120.0 64193867.0 50161130.0 62069618.0 53318575.0 47404362.0 26564173.0 52409587.0 37249218.0 42351003.0 53565420.0 57196243.0 46851907.0 50142203.0 36585328.0 20470875.0 39855298.0 20205299.0 0 5751460.0 23724006.0 46931150.0 41107635.0 46761299.0 44820746.0 48456993.0 58134983.0 53082881.0 45063580.0 41195420.0 33237112.0 17940521.0 31030337.0 41223993.0 60477579.0 51175583.0 40587895.0 60105043.0 45333513.0 49271102.0 29698723.0 28804100.0 51777686.0 50578602.0 55162177.0 47998462.0 43041707.0 25866750.0 36267144.0 39250164.0 77688073.0 46500874.0 
54535660.0 58442407.0 44409670.0 56318158.0 47567115.0 41652902.0 20812713.0 46658127.0 31497758.0 36599543.0 47813960.0 51444783.0 41100447.0 44390743.0 30833868.0 14719415.0 34103838.0 14453839.0 5751460.0 0 17972546.0 47514988.0 35356175.0 41009839.0 39069286.0 42705533.0 52383523.0 47331421.0 39312120.0 35443960.0 27485652.0 12189061.0 25278877.0 35472533.0 58119529.0 49440251.0 38852563.0 56968194.0 39582053.0 43519642.0 35450183.0 34555560.0 46026226.0 44827142.0 49410717.0 42247002.0 37290247.0 20115290.0 30515684.0 33498704.0 75558298.0 40749414.0 
72350700.0 74447872.0 37906044.0 49814532.0 63572580.0 57658367.0 36818178.0 62663592.0 47503223.0 54572089.0 59973259.0 69417329.0 59072993.0 33838398.0 48806414.0 32691961.0 52076384.0 32426385.0 23724006.0 17972546.0 0 29542442.0 53328721.0 58982385.0 55365322.0 37243593.0 70356069.0 59268359.0 47717733.0 39920542.0 32411304.0 30161607.0 43251423.0 51477998.0 62718784.0 67412797.0 56825109.0 50211949.0 57554599.0 61492188.0 48564115.0 47669492.0 55911714.0 61809394.0 67383263.0 60219548.0 55262793.0 38087836.0 48488230.0 49504169.0 91563763.0 58721960.0 
55024942.0 78836581.0 52392035.0 64300523.0 76812995.0 70898782.0 36835167.0 58520327.0 54366280.0 54554142.0 30430817.0 40391029.0 50735365.0 58274408.0 55393010.0 53646118.0 58153799.0 61968827.0 46931150.0 47514988.0 29542442.0 0 52278127.0 65051499.0 31401882.0 53120916.0 72849483.0 75145682.0 68558000.0 61736409.0 53778101.0 46104484.0 66281251.0 58341055.0 58320818.0 67622814.0 74983635.0 45813983.0 59710658.0 68185682.0 19021673.0 18127050.0 26369272.0 32266952.0 59463634.0 68539451.0 53570682.0 49878060.0 43473472.0 49968650.0 91580752.0 41238696.0 
79273463.0 64152364.0 76567606.0 88476094.0 82923290.0 77009077.0 56168888.0 76099495.0 52573940.0 62321299.0 69183535.0 62426658.0 52082322.0 76776618.0 63219743.0 47105290.0 44902584.0 20902336.0 41107635.0 35356175.0 53328721.0 52278127.0 0 20971181.0 52646457.0 78061708.0 63182269.0 77532635.0 65449515.0 64735154.0 59871527.0 44574936.0 57538044.0 63841032.0 69352600.0 78654596.0 74208738.0 67226767.0 46030550.0 54505574.0 70806358.0 69911735.0 76687111.0 77213017.0 70780292.0 74632877.0 69676122.0 52501165.0 62901559.0 68854879.0 59655728.0 65487217.0 
72901742.0 81304041.0 62636749.0 74545237.0 79240024.0 74501884.0 43410760.0 69256174.0 60941873.0 70689232.0 83839288.0 83397839.0 73053503.0 71908583.0 66967398.0 55729254.0 65873765.0 41873517.0 46761299.0 41009839.0 58982385.0 65051499.0 20971181.0 0 49059603.0 62426337.0 84067179.0 70193055.0 44478334.0 43763973.0 51722281.0 53198900.0 66288716.0 64916648.0 87563644.0 90450090.0 79862402.0 86412309.0 67001731.0 75476755.0 61224254.0 62118877.0 87036065.0 85836981.0 83315081.0 69969080.0 78300086.0 61125129.0 58036169.0 56544243.0 80626909.0 71413588.0 
68461190.0 77077744.0 51878449.0 63786937.0 66202452.0 60288239.0 26672116.0 52517530.0 43755737.0 53503096.0 61402538.0 71362750.0 76039751.0 61150283.0 59197407.0 53788701.0 73173124.0 53523125.0 44820746.0 39069286.0 55365322.0 31401882.0 52646457.0 49059603.0 0 37129020.0 67328535.0 59153786.0 57947457.0 65744648.0 65720537.0 51258347.0 64348163.0 47730512.0 70377508.0 79679504.0 77921849.0 69226173.0 59622939.0 68097963.0 41227521.0 40332898.0 57771154.0 63668834.0 52870505.0 67996758.0 75525132.0 59184576.0 47277869.0 39358107.0 81417701.0 54674944.0 
49036152.0 66869774.0 72145172.0 84053660.0 82501177.0 81467069.0 54836941.0 69469301.0 72368054.0 79305076.0 67001847.0 76962059.0 83331470.0 64085779.0 41136918.0 57424948.0 50587517.0 57159372.0 48456993.0 42705533.0 37243593.0 53120916.0 78061708.0 62426337.0 37129020.0 0 36375132.0 22024766.0 47739487.0 55536678.0 59146700.0 54894594.0 58922158.0 71678735.0 76123652.0 85310127.0 81558096.0 70851859.0 59708516.0 58795340.0 44791824.0 45686447.0 43362670.0 49260350.0 52505474.0 30867738.0 56985283.0 62820823.0 51605918.0 67747782.0 100647834.0 35249906.0 
39864336.0 59195374.0 54331250.0 66239738.0 74826777.0 74720034.0 40656419.0 43207770.0 53496970.0 59544236.0 70758653.0 75861884.0 65517548.0 63603084.0 62767941.0 37664108.0 18279685.0 42279933.0 58134983.0 52383523.0 70356069.0 72849483.0 63182269.0 84067179.0 67328535.0 36375132.0 0 14350366.0 40065087.0 47862278.0 55820586.0 59748199.0 50353635.0 62162307.0 74509922.0 76243244.0 74933850.0 62003087.0 38846141.0 47321165.0 54309659.0 54722433.0 50064212.0 55961892.0 67266416.0 65555833.0 60599695.0 64117892.0 57713304.0 53789902.0 95402004.0 38864318.0 
54214702.0 44845008.0 64948467.0 66893483.0 60476411.0 60582323.0 39742134.0 57558136.0 50427179.0 60174538.0 85109019.0 90212250.0 79867914.0 60174309.0 63161684.0 52014474.0 32630051.0 56630299.0 53082881.0 47331421.0 59268359.0 75145682.0 77532635.0 70193055.0 59153786.0 22024766.0 14350366.0 0 25714721.0 33511912.0 41470220.0 56766811.0 36897392.0 49653969.0 72904248.0 82206244.0 71694290.0 75897615.0 53196507.0 61671531.0 57555628.0 58450251.0 64414578.0 70312258.0 74530240.0 51205467.0 53073813.0 55646572.0 60347887.0 52428125.0 94487719.0 53214684.0 
60637346.0 36825707.0 53087250.0 41178762.0 34761690.0 40675903.0 31722833.0 57568247.0 42407878.0 52155237.0 79385303.0 76845072.0 66500736.0 52155008.0 45770177.0 54031535.0 58344772.0 53765959.0 45063580.0 39312120.0 47717733.0 68558000.0 65449515.0 44478334.0 57947457.0 47739487.0 40065087.0 25714721.0 0 7797191.0 15755499.0 31052090.0 51228857.0 46382653.0 58242691.0 56567257.0 45979569.0 67878314.0 55711824.0 63169385.0 49536327.0 50430950.0 57932180.0 56067197.0 74163554.0 25490746.0 45054512.0 38978319.0 45451993.0 44408824.0 86468418.0 48513679.0 
57978524.0 44622898.0 47852534.0 48975953.0 42558881.0 48473094.0 39520024.0 65365438.0 50205069.0 59952428.0 74898396.0 69383168.0 59038832.0 47833607.0 45055816.0 47193075.0 64776911.0 46927499.0 41195420.0 35443960.0 39920542.0 61736409.0 64735154.0 43763973.0 65744648.0 55536678.0 47862278.0 33511912.0 7797191.0 0 7958308.0 23254899.0 43431666.0 40545266.0 50445500.0 48770066.0 38182378.0 62952335.0 51390423.0 59865447.0 57333518.0 57900533.0 54167686.0 48270006.0 66366363.0 33287937.0 40733111.0 31181128.0 44737632.0 52206015.0 88119364.0 44192278.0 
50020216.0 52581206.0 39894226.0 51802714.0 50517189.0 56431402.0 39048421.0 58167623.0 51754067.0 61114895.0 66940088.0 61424860.0 51080524.0 39875299.0 53014124.0 39234767.0 56818603.0 38969191.0 33237112.0 27485652.0 32411304.0 53778101.0 59871527.0 51722281.0 65720537.0 59146700.0 55820586.0 41470220.0 15755499.0 7958308.0 0 15296591.0 35473358.0 48503574.0 42936262.0 52238258.0 46140686.0 55443097.0 43432115.0 51907139.0 50836848.0 49942225.0 46209378.0 40311698.0 58408055.0 37731558.0 32774803.0 23222820.0 47213844.0 52181904.0 80161056.0 36233970.0 
42346599.0 66158238.0 32220609.0 44129097.0 59756176.0 53841963.0 31374804.0 50494006.0 43686819.0 45818304.0 51643497.0 53751243.0 43406907.0 32201682.0 40052629.0 23938176.0 43322599.0 23672600.0 17940521.0 12189061.0 30161607.0 46104484.0 44574936.0 53198900.0 51258347.0 54894594.0 59748199.0 56766811.0 31052090.0 23254899.0 15296591.0 0 20176767.0 47661594.0 58232853.0 59909527.0 51041624.0 59613967.0 35758498.0 44233522.0 43163231.0 42268608.0 38535761.0 32638081.0 43111464.0 30057941.0 25101186.0 7926229.0 31917253.0 44508287.0 64864465.0 28560353.0 
56723808.0 80535447.0 52397376.0 64305864.0 64162782.0 66931779.0 46091590.0 63270861.0 49069118.0 58816477.0 71820264.0 73928010.0 63583674.0 52378449.0 54659742.0 39998292.0 32073950.0 36635708.0 31030337.0 25278877.0 43251423.0 66281251.0 57538044.0 66288716.0 64348163.0 58922158.0 50353635.0 36897392.0 51228857.0 43431666.0 35473358.0 20176767.0 0 60751410.0 66121802.0 56819806.0 64131440.0 72547080.0 33201916.0 41676940.0 60729060.0 59834437.0 58712528.0 52814848.0 63288231.0 50234708.0 45277953.0 18749180.0 42740204.0 58777581.0 85041232.0 48737120.0 
63294962.0 65512940.0 46712221.0 58620709.0 54637648.0 48723435.0 21505888.0 47351302.0 32190933.0 41938292.0 69168358.0 79128570.0 70873523.0 55984055.0 54031179.0 50191948.0 52896160.0 42938696.0 41223993.0 35472533.0 51477998.0 58341055.0 63841032.0 64916648.0 47730512.0 71678735.0 62162307.0 49653969.0 46382653.0 40545266.0 48503574.0 47661594.0 60751410.0 0 28848431.0 38150427.0 48738115.0 41355266.0 40334632.0 39421456.0 39319382.0 40214005.0 64813881.0 70711561.0 70765115.0 71873399.0 61310998.0 55587823.0 42111641.0 34191879.0 76251473.0 49508716.0 
34645586.0 58457225.0 59568765.0 47660277.0 74034207.0 71370431.0 44152884.0 62890990.0 26621771.0 36369130.0 65605695.0 75565907.0 84054049.0 69164581.0 60095760.0 58249258.0 63055429.0 48450264.0 60477579.0 58119529.0 62718784.0 58320818.0 69352600.0 87563644.0 70377508.0 76123652.0 74509922.0 72904248.0 58242691.0 50445500.0 42936262.0 58232853.0 66121802.0 28848431.0 0 9301996.0 19889684.0 12506835.0 42488973.0 50963997.0 61966378.0 62861001.0 65247255.0 62606367.0 49141611.0 79759046.0 63877245.0 66159082.0 64758637.0 56838875.0 98898469.0 48431832.0 
43947582.0 67759221.0 50266769.0 38358281.0 64732211.0 70646424.0 53454880.0 64324690.0 35923767.0 45671126.0 74907691.0 84867903.0 74752053.0 59862585.0 69397756.0 64159666.0 70644854.0 57752260.0 51175583.0 49440251.0 67412797.0 67622814.0 78654596.0 90450090.0 79679504.0 85310127.0 76243244.0 82206244.0 56567257.0 48770066.0 52238258.0 59909527.0 56819806.0 38150427.0 9301996.0 0 10587688.0 21808831.0 51790969.0 60265993.0 71268374.0 72162997.0 59202051.0 53304371.0 58443607.0 82058003.0 73179241.0 65979627.0 74060633.0 66140871.0 108200465.0 55307243.0 
54535270.0 78346909.0 60854457.0 48945969.0 75319899.0 80505465.0 59665276.0 53737002.0 46511455.0 56258814.0 85495379.0 90297346.0 79953010.0 70450273.0 69686431.0 53571978.0 72956401.0 53306402.0 40587895.0 38852563.0 56825109.0 74983635.0 74208738.0 79862402.0 77921849.0 81558096.0 74933850.0 71694290.0 45979569.0 38182378.0 46140686.0 51041624.0 64131440.0 48738115.0 19889684.0 10587688.0 0 32396519.0 61795025.0 70270049.0 70286618.0 69391995.0 48614363.0 42716683.0 69031295.0 71470315.0 76142810.0 55391939.0 69368247.0 61303719.0 114410861.0 65894931.0 
22138751.0 45950390.0 68207882.0 60167112.0 76133309.0 70219096.0 43001549.0 65863198.0 25470436.0 35217795.0 64454360.0 74414572.0 84758908.0 64760870.0 47588925.0 57097923.0 56509630.0 46324431.0 60105043.0 56968194.0 50211949.0 45813983.0 67226767.0 86412309.0 69226173.0 70851859.0 62003087.0 75897615.0 67878314.0 62952335.0 55443097.0 59613967.0 72547080.0 41355266.0 12506835.0 21808831.0 32396519.0 0 41337638.0 49812662.0 60815043.0 61709666.0 52740420.0 58638100.0 38545824.0 73542175.0 57660374.0 60113379.0 53708791.0 55687540.0 94266323.0 35924997.0 
45859138.0 69670777.0 45629834.0 55694801.0 49277729.0 55191942.0 33398315.0 30068945.0 15867202.0 25614561.0 59617130.0 68508625.0 58164289.0 36034018.0 62379084.0 39950879.0 20566456.0 25128214.0 45333513.0 39582053.0 57554599.0 59710658.0 46030550.0 67001731.0 59622939.0 59708516.0 38846141.0 53196507.0 55711824.0 51390423.0 43432115.0 35758498.0 33201916.0 40334632.0 42488973.0 51790969.0 61795025.0 41337638.0 0 8475024.0 41507721.0 41583608.0 52350983.0 47395463.0 54127591.0 44815323.0 28933522.0 43684727.0 50834954.0 46084306.0 74749115.0 32392689.0 
54334162.0 78145801.0 50280515.0 54781625.0 48364553.0 54278766.0 41873339.0 38543969.0 24342226.0 34089585.0 68092154.0 74514975.0 64170639.0 40684699.0 53904060.0 37789607.0 29041480.0 33603238.0 49271102.0 43519642.0 61492188.0 68185682.0 54505574.0 75476755.0 68097963.0 58795340.0 47321165.0 61671531.0 63169385.0 59865447.0 51907139.0 44233522.0 41676940.0 39421456.0 50963997.0 60265993.0 70270049.0 49812662.0 8475024.0 0 49982745.0 50058632.0 60826007.0 55870487.0 62602615.0 53290347.0 37408546.0 52159751.0 53585876.0 54559330.0 83224139.0 40867713.0 
53583668.0 68666614.0 33370362.0 45278850.0 57791322.0 51877109.0 17813494.0 39498654.0 35344607.0 37321715.0 46301063.0 56261275.0 57855646.0 42966178.0 50338785.0 36413691.0 55798114.0 49904022.0 29698723.0 35450183.0 48564115.0 19021673.0 70806358.0 61224254.0 41227521.0 44791824.0 54309659.0 57555628.0 49536327.0 57333518.0 50836848.0 43163231.0 60729060.0 39319382.0 61966378.0 71268374.0 70286618.0 60815043.0 41507721.0 49982745.0 0 894623.0 45390945.0 51288625.0 47897820.0 52220056.0 36338255.0 51089460.0 38419247.0 30946977.0 72559079.0 39797422.0 
52689045.0 69561237.0 34264985.0 46173473.0 58685945.0 52771732.0 18708117.0 40393277.0 36239230.0 36427092.0 45406440.0 55366652.0 58750269.0 42544128.0 51233408.0 35519068.0 54903491.0 49009399.0 28804100.0 34555560.0 47669492.0 18127050.0 69911735.0 62118877.0 40332898.0 45686447.0 54722433.0 58450251.0 50430950.0 57900533.0 49942225.0 42268608.0 59834437.0 40214005.0 62861001.0 72162997.0 69391995.0 61709666.0 41583608.0 50058632.0 894623.0 0 44496322.0 50394002.0 47003197.0 51325433.0 35443632.0 50194837.0 39313870.0 31841600.0 73453702.0 38902799.0 
59881244.0 77062467.0 49755254.0 61663742.0 88037672.0 87679128.0 60688960.0 59053024.0 61615095.0 59738734.0 56800089.0 66760301.0 60941552.0 49736327.0 62962439.0 37858606.0 31784527.0 55784775.0 51777686.0 46026226.0 55911714.0 26369272.0 76687111.0 87036065.0 57771154.0 43362670.0 50064212.0 64414578.0 57932180.0 54167686.0 46209378.0 38535761.0 58712528.0 64813881.0 65247255.0 59202051.0 48614363.0 52740420.0 52350983.0 60826007.0 45390945.0 44496322.0 0 5897680.0 72549908.0 47592586.0 42635831.0 46461990.0 62644255.0 60010956.0 91777447.0 46094998.0 
53983564.0 77795203.0 43857574.0 55766062.0 82139992.0 86480044.0 56389911.0 64950704.0 55717415.0 65464774.0 62697769.0 65388208.0 55043872.0 43838647.0 68860119.0 43756286.0 37682207.0 56310681.0 50578602.0 44827142.0 61809394.0 32266952.0 77213017.0 85836981.0 63668834.0 49260350.0 55961892.0 70312258.0 56067197.0 48270006.0 40311698.0 32638081.0 52814848.0 70711561.0 62606367.0 53304371.0 42716683.0 58638100.0 47395463.0 55870487.0 51288625.0 50394002.0 5897680.0 0 75749545.0 41694906.0 36738151.0 40564310.0 58639583.0 65908636.0 85879767.0 40197318.0 
55966983.0 79778622.0 66380131.0 78288619.0 89237055.0 83322842.0 56105295.0 46069568.0 45346685.0 35599326.0 34755579.0 44715791.0 55060127.0 56784315.0 53902917.0 34691302.0 54075725.0 52673196.0 55162177.0 49410717.0 67383263.0 59463634.0 70780292.0 83315081.0 52870505.0 52505474.0 67266416.0 74530240.0 74163554.0 66366363.0 58408055.0 43111464.0 63288231.0 70765115.0 49141611.0 58443607.0 69031295.0 38545824.0 54127591.0 62602615.0 47897820.0 47003197.0 72549908.0 75749545.0 0 73169405.0 68212650.0 48387967.0 41983379.0 68791286.0 103654212.0 56032157.0 
51403424.0 62316453.0 41277434.0 53185922.0 60252436.0 66166649.0 53809771.0 72928973.0 53137275.0 62884634.0 72768280.0 62808068.0 52463732.0 41258507.0 67059715.0 53996117.0 58201811.0 53730541.0 47998462.0 42247002.0 60219548.0 68539451.0 74632877.0 69969080.0 67996758.0 30867738.0 65555833.0 51205467.0 25490746.0 33287937.0 37731558.0 30057941.0 50234708.0 71873399.0 79759046.0 82058003.0 71470315.0 73542175.0 44815323.0 53290347.0 52220056.0 51325433.0 47592586.0 41694906.0 73169405.0 0 34158011.0 37984170.0 55140177.0 41746126.0 83299627.0 37617178.0 
35521623.0 59333262.0 34972522.0 46881010.0 73254940.0 78943149.0 48853016.0 54665840.0 37255474.0 47002833.0 38814148.0 48774360.0 47506977.0 25376706.0 52097180.0 49039362.0 42320010.0 48773786.0 43041707.0 37290247.0 55262793.0 53570682.0 69676122.0 78300086.0 75525132.0 56985283.0 60599695.0 53073813.0 45054512.0 40733111.0 32774803.0 25101186.0 45277953.0 61310998.0 63877245.0 73179241.0 76142810.0 57660374.0 28933522.0 37408546.0 36338255.0 35443632.0 42635831.0 36738151.0 68212650.0 34158011.0 0 33027415.0 40177642.0 61986499.0 78342872.0 21735377.0 
37974628.0 61786267.0 40146838.0 52055326.0 67682405.0 61768192.0 39301033.0 58420235.0 51613048.0 53744533.0 59569726.0 61677472.0 51333136.0 38791960.0 35910562.0 31864405.0 50823130.0 31598829.0 25866750.0 20115290.0 38087836.0 49878060.0 52501165.0 61125129.0 59184576.0 62820823.0 64117892.0 55646572.0 38978319.0 31181128.0 23222820.0 7926229.0 18749180.0 55587823.0 66159082.0 65979627.0 55391939.0 60113379.0 43684727.0 52159751.0 51089460.0 50194837.0 46461990.0 40564310.0 48387967.0 37984170.0 33027415.0 0 23991024.0 52434516.0 72790694.0 36486582.0 
31570040.0 55381679.0 24396752.0 36305240.0 60583581.0 54669368.0 20605753.0 46451167.0 38136866.0 46665777.0 57880194.0 58902390.0 48558054.0 14800936.0 11919538.0 24785649.0 44170072.0 41999223.0 36267144.0 30515684.0 48488230.0 43473472.0 62901559.0 58036169.0 47277869.0 51605918.0 57713304.0 60347887.0 45451993.0 44737632.0 47213844.0 31917253.0 42740204.0 42111641.0 64758637.0 74060633.0 69368247.0 53708791.0 50834954.0 53585876.0 38419247.0 39313870.0 62644255.0 58639583.0 41983379.0 55140177.0 40177642.0 23991024.0 0 33739236.0 61670833.0 31635214.0 
54922557.0 63539111.0 38339816.0 50248304.0 52663819.0 46749606.0 13133483.0 38978897.0 30217104.0 39964463.0 67194529.0 72845454.0 62501118.0 47611650.0 45658774.0 38696264.0 58080687.0 47952543.0 39250164.0 33498704.0 49504169.0 49968650.0 68854879.0 56544243.0 39358107.0 67747782.0 53789902.0 52428125.0 44408824.0 52206015.0 52181904.0 44508287.0 58777581.0 34191879.0 56838875.0 66140871.0 61303719.0 55687540.0 46084306.0 54559330.0 30946977.0 31841600.0 60010956.0 65908636.0 68791286.0 41746126.0 61986499.0 52434516.0 33739236.0 0 60523812.0 41136311.0 
93240873.0 105598705.0 65960544.0 77869032.0 94723413.0 88809200.0 54745585.0 80590999.0 72276698.0 82024057.0 101960722.0 92000510.0 90121846.0 75232378.0 61989017.0 74855128.0 94239551.0 80558064.0 77688073.0 75558298.0 91563763.0 91580752.0 59655728.0 80626909.0 81417701.0 100647834.0 95402004.0 94487719.0 86468418.0 88119364.0 80161056.0 64864465.0 85041232.0 76251473.0 98898469.0 108200465.0 114410861.0 94266323.0 74749115.0 83224139.0 72559079.0 73453702.0 91777447.0 85879767.0 103654212.0 83299627.0 78342872.0 72790694.0 61670833.0 60523812.0 0 81802039.0 
13786246.0 37597885.0 38431689.0 50340177.0 67980656.0 62066443.0 28002828.0 45891722.0 40714641.0 50462000.0 60549525.0 61310480.0 50966144.0 28835873.0 43554752.0 39969056.0 20584633.0 44584881.0 46500874.0 40749414.0 58721960.0 41238696.0 65487217.0 71413588.0 54674944.0 35249906.0 38864318.0 53214684.0 48513679.0 44192278.0 36233970.0 28560353.0 48737120.0 49508716.0 48431832.0 55307243.0 65894931.0 35924997.0 32392689.0 40867713.0 39797422.0 38902799.0 46094998.0 40197318.0 56032157.0 37617178.0 21735377.0 36486582.0 31635214.0 41136311.0 81802039.0 0 
