28
location38 location17 location49 location10 location89 location75 location21 location19 location29 location50 location58 location30 location95 location14 location56 location99 location32 location23 location44 location59 location40 location3 location43 location60 location72 location34 location53 location1
0 11858146.0 52597616.0 32970750.0 84309403.0 83701787.0 76645202.0 79899528.0 124116219.0 113448517.0 113502261.0 95198741.0 79976178.0 81480618.0 77507511.0 109320330.0 82474935.0 117271929.0 126265549.0 77415228.0 110266619.0 110775100.0 72154133.0 95116864.0 125145081.0 94948790.0 102164021.0 4366608.0 
11858146.0 0 40739470.0 21112604.0 72451257.0 79999359.0 72942774.0 68041382.0 112258073.0 101590371.0 104042403.0 107056887.0 91834324.0 93338764.0 65649365.0 98377481.0 94333081.0 129130075.0 138123695.0 89273374.0 122124765.0 98916954.0 84012279.0 100920627.0 134028842.0 83090644.0 113493584.0 16224754.0 
52597616.0 40739470.0 0 19626866.0 70965519.0 83128086.0 76071501.0 66555644.0 110772335.0 100104633.0 102556665.0 98333451.0 132573794.0 94158949.0 64163627.0 96891743.0 127883992.0 134368327.0 141826591.0 92976270.0 125827661.0 96434567.0 124751749.0 99434889.0 131546455.0 81604906.0 112007846.0 56964224.0 
32970750.0 21112604.0 19626866.0 0 51338653.0 63501220.0 56444635.0 46928778.0 91145469.0 80477767.0 82929799.0 87439594.0 112946928.0 75528732.0 44536761.0 77264877.0 108257126.0 115738110.0 122199725.0 73349404.0 106200795.0 77804350.0 105124883.0 79808023.0 112916238.0 61978040.0 92380980.0 37337358.0 
84309403.0 72451257.0 70965519.0 51338653.0 0 19651536.0 26708121.0 51822434.0 96039125.0 117425806.0 114973774.0 99049652.0 122255173.0 121134214.0 95875414.0 105396984.0 159595779.0 109301747.0 100836556.0 51986235.0 118801186.0 129143003.0 114433128.0 104711459.0 147874650.0 66871696.0 88997071.0 88676011.0 
83701787.0 79999359.0 83128086.0 63501220.0 19651536.0 0 7056585.0 32170898.0 76387589.0 97774270.0 95322238.0 79398116.0 102603637.0 101482678.0 108037981.0 85745448.0 144909710.0 89650211.0 81185020.0 32334699.0 99149650.0 111604430.0 94781592.0 85059923.0 128223114.0 47220160.0 93458784.0 88068395.0 
76645202.0 72942774.0 76071501.0 56444635.0 26708121.0 7056585.0 0 25114313.0 69331004.0 104830855.0 102378823.0 86454701.0 109660222.0 94426093.0 100981396.0 78688863.0 137853125.0 96706796.0 88241605.0 39391284.0 106206235.0 113933982.0 101838177.0 92116508.0 121166529.0 40163575.0 86402199.0 81011810.0 
79899528.0 68041382.0 66555644.0 46928778.0 51822434.0 32170898.0 25114313.0 0 59815147.0 119072354.0 120437538.0 111569014.0 105762872.0 93166994.0 91465539.0 53574550.0 146935539.0 121821109.0 105663952.0 64505597.0 131320548.0 88819669.0 97940827.0 106803240.0 125974587.0 15049262.0 61287886.0 84266136.0 
124116219.0 112258073.0 110772335.0 91145469.0 96039125.0 76387589.0 69331004.0 59815147.0 0 118124059.0 120576091.0 142942763.0 156969217.0 86562851.0 135682230.0 113389697.0 114144568.0 140605786.0 107269790.0 103085284.0 160392127.0 143865136.0 149147172.0 158009585.0 178977024.0 74864409.0 121103033.0 128482827.0 
113448517.0 101590371.0 100104633.0 80477767.0 117425806.0 97774270.0 104830855.0 119072354.0 118124059.0 0 2452032.0 24818704.0 68024033.0 104344101.0 75890694.0 65497804.0 129307010.0 118606776.0 85270780.0 81490757.0 136360702.0 103138934.0 101121148.0 95517128.0 141137973.0 104023092.0 140562517.0 112147601.0 
113502261.0 104042403.0 102556665.0 82929799.0 114973774.0 95322238.0 102378823.0 120437538.0 120576091.0 2452032.0 0 22366672.0 65572001.0 106796133.0 78342726.0 67949836.0 129409770.0 116154744.0 82818748.0 79038725.0 137212181.0 100686902.0 98669116.0 97969160.0 143590005.0 106475124.0 138110485.0 113198805.0 
95198741.0 107056887.0 98333451.0 87439594.0 99049652.0 79398116.0 86454701.0 111569014.0 142942763.0 24818704.0 22366672.0 0 43205329.0 85628929.0 82852521.0 72459631.0 107043098.0 120430115.0 105185420.0 63114603.0 114845509.0 78320230.0 76302444.0 88414451.0 134035296.0 110984919.0 122186363.0 90832133.0 
79976178.0 91834324.0 132573794.0 112946928.0 122255173.0 102603637.0 109660222.0 105762872.0 156969217.0 68024033.0 65572001.0 43205329.0 0 70406366.0 119313874.0 98246078.0 150248427.0 106197677.0 135170445.0 86320124.0 124886186.0 110587119.0 61079881.0 84042612.0 129663457.0 120812134.0 165391692.0 75609570.0 
81480618.0 93338764.0 94158949.0 75528732.0 121134214.0 101482678.0 94426093.0 93166994.0 86562851.0 104344101.0 106796133.0 85628929.0 70406366.0 0 79890150.0 99750518.0 153665638.0 93601799.0 106971265.0 87824564.0 112290308.0 90420690.0 62584321.0 71446734.0 117067579.0 108216256.0 136329167.0 77114010.0 
77507511.0 65649365.0 64163627.0 44536761.0 95875414.0 108037981.0 100981396.0 91465539.0 135682230.0 75890694.0 78342726.0 82852521.0 119313874.0 79890150.0 0 72677804.0 136487010.0 109922614.0 143258610.0 95403077.0 76114836.0 61815769.0 111491829.0 35271262.0 80892107.0 106514801.0 136917741.0 75830938.0 
109320330.0 98377481.0 96891743.0 77264877.0 105396984.0 85745448.0 78688863.0 53574550.0 113389697.0 65497804.0 67949836.0 72459631.0 98246078.0 99750518.0 72677804.0 0 126094120.0 125397448.0 150768584.0 115664276.0 129735346.0 112295695.0 90424033.0 88891772.0 134512617.0 38525288.0 84763912.0 104953722.0 
82474935.0 94333081.0 127883992.0 108257126.0 159595779.0 144909710.0 137853125.0 146935539.0 114144568.0 129307010.0 129409770.0 107043098.0 150248427.0 153665638.0 136487010.0 126094120.0 0 176647721.0 187473472.0 138623151.0 171474542.0 157194136.0 154629068.0 130649629.0 176270474.0 161984801.0 166023970.0 86841543.0 
117271929.0 129130075.0 134368327.0 115738110.0 109301747.0 89650211.0 96706796.0 121821109.0 140605786.0 118606776.0 116154744.0 120430115.0 106197677.0 93601799.0 109922614.0 125397448.0 176647721.0 0 33335996.0 57315512.0 115494926.0 101195859.0 98375632.0 74651352.0 120272197.0 136870371.0 176420457.0 112905321.0 
126265549.0 138123695.0 141826591.0 122199725.0 100836556.0 81185020.0 88241605.0 105663952.0 107269790.0 85270780.0 82818748.0 105185420.0 135170445.0 106971265.0 143258610.0 150768584.0 187473472.0 33335996.0 0 64901507.0 131716458.0 134531855.0 127348400.0 107987348.0 153608193.0 120713214.0 143084461.0 130632157.0 
77415228.0 89273374.0 92976270.0 73349404.0 51986235.0 32334699.0 39391284.0 64505597.0 103085284.0 81490757.0 79038725.0 63114603.0 86320124.0 87824564.0 95403077.0 115664276.0 138623151.0 57315512.0 64901507.0 0 82866137.0 112136932.0 78498079.0 85592425.0 131213270.0 79554859.0 125793483.0 81781836.0 
110266619.0 122124765.0 125827661.0 106200795.0 118801186.0 99149650.0 106206235.0 131320548.0 160392127.0 136360702.0 137212181.0 114845509.0 124886186.0 112290308.0 76114836.0 129735346.0 171474542.0 115494926.0 131716458.0 82866137.0 0 67388081.0 117064141.0 40843574.0 86464419.0 141158488.0 157217870.0 114633227.0 
110775100.0 98916954.0 96434567.0 77804350.0 129143003.0 111604430.0 113933982.0 88819669.0 143865136.0 103138934.0 100686902.0 78320230.0 110587119.0 90420690.0 61815769.0 112295695.0 157194136.0 101195859.0 134531855.0 112136932.0 67388081.0 0 102765074.0 26544507.0 72165352.0 73770407.0 120009031.0 115141708.0 
72154133.0 84012279.0 124751749.0 105124883.0 114433128.0 94781592.0 101838177.0 97940827.0 149147172.0 101121148.0 98669116.0 76302444.0 61079881.0 62584321.0 111491829.0 90424033.0 154629068.0 98375632.0 127348400.0 78498079.0 117064141.0 102765074.0 0 76220567.0 121841412.0 104524855.0 116869000.0 67787525.0 
95116864.0 100920627.0 99434889.0 79808023.0 104711459.0 85059923.0 92116508.0 106803240.0 158009585.0 95517128.0 97969160.0 88414451.0 84042612.0 71446734.0 35271262.0 88891772.0 130649629.0 74651352.0 107987348.0 85592425.0 40843574.0 26544507.0 76220567.0 0 45620845.0 100314914.0 116374296.0 90750256.0 
125145081.0 134028842.0 131546455.0 112916238.0 147874650.0 128223114.0 121166529.0 125974587.0 178977024.0 141137973.0 143590005.0 134035296.0 129663457.0 117067579.0 80892107.0 134512617.0 176270474.0 120272197.0 153608193.0 131213270.0 86464419.0 72165352.0 121841412.0 45620845.0 0 110925325.0 153081850.0 120778473.0 
94948790.0 83090644.0 81604906.0 61978040.0 66871696.0 47220160.0 40163575.0 15049262.0 74864409.0 104023092.0 106475124.0 110984919.0 120812134.0 108216256.0 106514801.0 38525288.0 161984801.0 136870371.0 120713214.0 79554859.0 141158488.0 73770407.0 104524855.0 100314914.0 110925325.0 0 46238624.0 99315398.0 
102164021.0 113493584.0 112007846.0 92380980.0 88997071.0 93458784.0 86402199.0 61287886.0 121103033.0 140562517.0 138110485.0 122186363.0 165391692.0 136329167.0 136917741.0 84763912.0 166023970.0 176420457.0 143084461.0 125793483.0 157217870.0 120009031.0 116869000.0 116374296.0 153081850.0 46238624.0 0 97797413.0 
4366608.0 16224754.0 56964224.0 37337358.0 88676011.0 88068395.0 81011810.0 84266136.0 128482827.0 112147601.0 113198805.0 90832133.0 75609570.0 77114010.0 75830938.0 104953722.0 86841543.0 112905321.0 130632157.0 81781836.0 114633227.0 115141708.0 67787525.0 90750256.0 120778473.0 99315398.0 97797413.0 0 
