65
25 78 103 37 19 49 12 38 125 124 88 47 132 15 32 108 123 86 81 51 92 122 58 73 43 63 6 72 14 84 7 54 61 33 17 62 77 46 56 34 147 60 10 30 71 66 1 27 116 158 198 65 75 8 40 117 16 83 3 94 163 52 85 18 0
0 558.09766 1240.81626 2515.43503 2496.71945 4491.14072 7518.74152 9551.87003 9380.27553 9978.15865 9603.78368 9652.355 9681.45779 9585.0891 8654.88723 7473.816059999999 7365.27813 5586.87542 5294.72587 4252.57404 5834.02991 6674.88906 8527.76647 9720.98231 8224.63251 8232.50351 8349.72317 8595.03979 8817.32567 10619.56176 13956.62384 14132.58027 16025.8779 19839.77291 16852.1999 16142.13319 13318.33398 12518.26206 13642.3841 12399.59354 11465.1539 8113.96475 8357.06097 13357.93637 13851.26969 14761.79312 15374.13572 17685.832580000002 17780.14713 17323.273630000003 15214.69927 15931.93023 16941.08311 16868.03427 17468.79286 14476.80742 10589.58984 8391.55725 7476.53663 5162.15817 2302.0934 2977.4715499999998 3146.09917 2105.54316 1067.07919 
558.09766 0 1194.07202 2468.69079 2992.14388 5012.61229 8015.16993 10092.76226 9902.29165 10452.90357 10056.58441 10072.32718 9988.5959 9839.30211 8934.80028 7765.95242 7699.25354 5839.31246 5356.58259 3914.59743 5324.39987 6244.68614 8078.9071 9222.22587 7691.19529 7688.10828 7793.41889 8039.37933 8272.09726 10082.28511 13504.78856 13707.46614 15636.13264 19505.52188 16556.46289 15854.14725 12979.74672 12374.40471 13564.57054 12398.11958 11504.25439 8098.2905 8513.59836 13691.39675 14135.79729 14964.37921 15580.04056 17877.20082 17918.70489 17408.69875 15200.8008 15902.06081 16882.25725 16725.74952 17281.19177 14322.46718 10352.98343 8100.45344 7226.97648 4947.95008 1754.84159 2419.37389 2752.74354 1853.846 1173.51481 
1240.81626 1194.07202 0 1274.61877 2539.34893 4570.4584 7399.10731 9700.82811 9388.15871 9738.23521 9277.42992 9169.43139 8932.86068 8727.00281 7850.78136 6705.74567 6690.77402 4742.36671 4162.66465 3141.66214 5110.41388 5690.07285 7570.57699 8907.35438 8288.36564 8204.98684 7961.64066 8188.93424 8270.70596 9994.7955 12985.08044 13102.70583 14932.06228 18675.16276 15659.06319 14941.38712 12163.26046 11278.05746 12408.80369 11215.01783 10312.16122 6918.40075 7338.83731 12661.42366 13045.88966 13807.46975 14424.76149 16713.5916 16733.40064 16214.96223 14022.33679 14729.97305 15724.37223 15628.19967 16229.37673 13236.11189 9364.47852 7201.48165 6261.09615 3942.96789 2044.49236 3005.37419 3815.76794 3035.01186 2269.14662 
2515.43503 2468.69079 1274.61877 0 1278.73218 3326.38317 6245.1 8456.26898 8185.58666 8654.92565 8248.19768 8268.98335 8291.18405 8228.26379 7281.01126 6087.74917 5966.51339 4246.45652 4239.83136 4232.65614 6375.03137 6852.72646 8739.06477 10139.49471 9419.47939 9373.70631 9225.17019 9455.02538 9545.32032 11265.0628 14126.18522 14194.93336 15948.86532 19566.80068 16486.61812 15747.5668 13090.3974 11780.70223 12812.28567 11373.91208 10374.07124 7150.43635 7108.35114 11957.37848 12469.84475 13442.99624 14051.45704 16372.35823 16528.20341 16139.57747 14199.64908 14943.59237 16004.27621 16104.85268 16807.81723 13751.30892 10095.94597 8079.4342 7075.779280000001 4738.21623 3232.88633 4108.60378 4537.29435 3505.29485 2353.1906 
2496.71945 2992.14388 2539.34893 1278.73218 0 2050.06268 5024.4954 7177.96245 6924.58266 7484.16849 7128.75761 7254.9173 7561.7414 7648.33322 6647.89749 5437.8527 5203.52669 3834.99739 4431.3296 5295.32794 7598.92288 7946.00025 9827.1911 11303.70227 10666.59927 10635.64356 10499.6568 10727.91615 10798.77808 12496.60706 15163.32975 15173.78704 16837.80025 20304.7701 17165.19815 16406.56576 13890.98197 12155.64959 13077.23839 11457.83424 10325.78685 7341.44836 6835.61643 11124.22402 11758.24817 12932.86666 13527.9815 15866.11213 16155.11436 15897.71735 14230.34734 14999.54043 16119.98279 16419.98697 17223.80457 14121.3562 10718.93656 8873.27341 7810.19744 5544.25333 4508.62218 5361.33239 5616.11716 4485.6081 3214.35561 
4491.14072 5012.61229 4570.4584 3326.38317 2050.06268 0 3088.87633 5131.52219 4889.96708 5620.69435 5458.51898 5746.20101 6590.41501 6952.44705 5914.7688 4778.42286 4340.96452 3872.69622 5267.60752 7215.764429999999 9552.41289 9725.64862 11581.01179 13155.64426 12701.94351 12681.00568 12529.23062 12753.71891 12788.39884 14447.47192 16809.2609 16732.63428 18248.06757 21468.84818 18258.9538 17476.99519 15196.755270000001 12855.25768 13591.8754 11602.32326 10417.83936 7927.76671 6729.71983 9850.1899 10690.88121 12194.17357 12756.1252 15090.49824 15598.3243 15560.54941 14344.00459 15155.50765 16355.02761 16963.65306 17915.0134 14779.78403 11812.25973 10243.84381 9139.84885 7037.90565 6558.39439 7404.24311 7532.00007 6345.79176 5045.14509 
7518.74152 8015.16993 7399.10731 6245.1 5024.4954 3088.87633 0 2843.87781 2113.74383 3249.93676 2442.86737 3198.57859 4895.95231 5669.42757 4765.18929 4080.80041 3454.83603 4591.44041 6553.35578 9386.6258 12070.97233 11905.55137 13657.21439 15389.22496 15662.5171 15600.96946 15233.04188 15440.23125 15353.41037 16889.9926 18581.05823 18346.40807 19576.13172 22323.36948 19053.112 18250.16236 16409.12632 13198.31038 13620.91223 11246.70556 9988.55845 8464.24586 6426.43058 7389.62963 8492.3077 10411.44832 10902.34943 13160.09498 13963.2908 14243.25191 13744.72437 14581.7382 15861.61899 16922.12242 18076.79557 14982.33243 12805.6944 11738.9695 10635.23098 8918.79168 9439.72987 10351.78733 10605.08001 9429.2864 8129.71094 
9551.87003 10092.76226 9700.82811 8456.26898 7177.96245 5131.52219 2843.87781 0 1109.63508 3067.04333 3666.16966 4899.26627 7099.04284 8043.42216 7279.29736 6801.1488 6187.70168 7431.6001 9378.04996 12020.6734 14618.637299999999 14597.364590000001 16391.30995 18076.79728 17774.21292 17780.54906 17654.39152 17876.07099 17877.11897 19487.98771 21392.44063 21176.74352 22420.00736 25130.50708 21857.40355 21053.18762 19251.98569 15944.40372 16282.42 13812.20754 12552.36954 11280.88583 9130.05438 8545.59003 9908.29879 12149.194000000001 12556.299490000001 14659.75924 15715.78713 16236.96505 16165.94832 17002.26585 18302.54124 19531.90992 20744.45147 17681.2943 15643.18638 14569.91997 13463.14053 11676.91483 11685.34214 12505.47816 12441.41973 11237.66844 9936.72647 
9380.27553 9902.29165 9388.15871 8185.58666 6924.58266 4889.96708 2113.74383 1109.63508 0 1986.99497 2557.46945 3790.08443 6002.85299 6963.93524 6259.89325 5831.79672 5217.07552 6649.62029 8634.10708 11492.14362 14158.43642 14015.02312 15770.14696 17502.61152 17589.56296 17558.44358 17285.81389 17498.0957 17437.87536 18992.4937 20664.56081 20406.92408 21577.94745 24186.99791 20912.40493 20107.29104 18396.20724 14955.82321 15251.53346 12754.47627 11496.41131 10366.77679 8135.27805 7494.85426 8830.372510000001 11048.72613 11461.64194 13583.49561 14617.71203 15128.07047 15077.72944 15913.32806 17215.64294 18480.33639 19711.70873 16666.53944 14763.47093 13802.89861 12705.18308 11032.19986 11412.41223 12285.8788 12381.38009 11172.78734 9904.04349 
9978.15865 10452.90357 9738.23521 8654.92565 7484.16849 5620.69435 3249.93676 3067.04333 1986.99497 0 807.06939 2022.70042 4336.4761 5377.42624 4827.89323 4771.3562 4234.44353 6112.08941 8099.98346 11363.55737 14128.21733 13726.9878 15374.13611 17190.88587 18026.51852 17929.33027 17389.00564 17581.172 17402.45161 18830.61555 19988.3079 19634.92106 20623.52077 22954.9208 19687.45857 18883.16483 17424.59325 13632.31253 13784.74497 11200.99147 9959.76425 9325.86698 6885.44102 5507.85929 6846.43572 9095.84231 9493.94381 11599.12169 12657.63967 13220.82467 13375.928189999999 14204.90764 15514.30427 16924.93693 18220.32914 15240.28783 13757.91383 13096.91769 12037.45696 10653.59268 11780.65295 12731.39384 13095.38277 11937.01814 10641.35273 
9603.78368 10056.58441 9277.42992 8248.19768 7128.75761 5458.51898 2442.86737 3666.16966 2557.46945 807.06939 0 1258.54281 3555.38831 4584.09424 4020.82703 3995.5957 3479.86796 5431.04042 7399.47708 10743.93173 13523.75717 13057.48632 14676.12762 16507.95323 17553.22549 17434.28935 16812.73862 16998.66565 16787.4955 18180.28891 19231.56457 18864.75115 19831.68803 22147.94225 18880.65068 18076.40531 16632.46082 12825.52806 12985.23627 10410.2256 9165.8028 8534.19621 6081.11281 5099.53223 6347.70076 8503.48029 8930.67579 11092.74091 12075.92998 12570.79767 12617.93347 13449.65145 14757.50575 16137.07114 17424.52424 14437.9004 12964.797419999999 12345.09514 11293.24192 9974.76115 11310.01242 12281.53508 12741.83994 11610.40486 10325.41394 
9652.355 10072.32718 9169.43139 8268.98335 7254.9173 5746.20101 3198.57859 4899.26627 3790.08443 2022.70042 1258.54281 0 2315.04471 3366.49046 2918.38448 3165.28372 2778.58471 4919.93312 6762.25916 10279.59829 13075.1943 12454.4301 13990.41515 15856.24956 17360.20694 17199.13826 16411.80532 16583.43909 16300.36653 17605.51019 18360.23556 17945.1423 18819.41689 21012.69902 17753.5772 16950.23177 15622.12114 11674.53094 11779.87967 9182.98933 7945.72747 7548.20091 5017.77889 4204.59713 5331.49596 7342.84268 7793.48908 10007.75624 10912.11826 11350.48757 11361.55117 12192.7038 13501.00211 14904.29807 16207.28531 13244.04326 11955.36608 11500.95309 10484.61544 9368.08678 11159.59251 12162.89283 12795.68525 11720.34185 10466.71701 
9681.45779 9988.5959 8932.86068 8291.18405 7561.7414 6590.41501 4895.95231 7099.04284 6002.85299 4336.4761 3555.38831 2315.04471 0 1079.74904 1169.2938 2227.12932 2358.40985 4210.62964 5638.89147 9319.10731 12068.58442 11170.48652 12526.78235 14431.0333 16754.56968 16518.28348 15437.27314 15580.76986 15169.41848 16300.69376 16529.56364 16036.07496 16758.88314 18776.88643 15529.82731 14730.34585 13576.19037 9426.86905 9477.90953 6869.05707 5635.65693 5641.2542 3048.7527 3749.67852 4196.95092 5640.56551 6181.63603 8523.25363 9132.8997 9347.6949 9078.94537 9913.42655 11218.08014 12589.25355 13896.3502 10960.440920000001 9933.59643 9784.68487 8852.67897 8163.8595 10763.15516 11794.98682 12729.14628 11786.15022 10631.36083 
9585.0891 9839.30211 8727.00281 8228.26379 7648.33322 6952.44705 5669.42757 8043.42216 6963.93524 5377.42624 4584.09424 3366.49046 1079.74904 0 1037.81019 2223.37244 2613.32298 4001.42075 5095.70456 8759.71307 11454.11193 10438.19549 11705.78737 13616.94268 16287.96725 16019.16368 14813.2299 14943.0442 14478.05943 15529.65888 15551.25217 15031.72172 15708.53558 17697.13745 14450.07827 13651.18035 12532.24996 8347.12465 8413.51585 5826.43811 4582.37809 4683.31346 2130.22557 4267.8525 4342.89684 5294.14327 5882.64651 8223.23227 8645.89689 8683.73802 8128.41614 8965.72072 10262.13584 11554.76633 12843.08394 9880.69188 8902.71869 8872.53245 7984.71696 7507.12115 10448.06149 11479.20032 12542.77075 11672.98235 10581.3355 
8654.88723 8934.80028 7850.78136 7281.01126 6647.89749 5914.7688 4765.18929 7279.29736 6259.89325 4827.89323 4020.82703 2918.38448 1169.2938 1037.81019 0 1210.08471 1577.20544 3109.04776 4469.60233 8150.07196 10899.80046 10019.31061 11406.80095 13305.88359 15597.30352 15355.90001 14268.5658 14412.43144 14007.49603 15157.54416 15541.52807 15080.46909 15906.5804 18127.48035 14861.16456 14057.22537 12710.92322 8807.42073 9024.69772 6534.46562 5274.02209 4695.9982899999995 2102.35606 4894.08061 5201.00115 6319.11806 6901.40855 9243.0119 9683.64565 9700.62967 8979.71987 9816.86803 11099.13519 12252.88313 13482.54297 10453.06663 9046.89173 8731.01151 7767.5688 7000.44127 9641.31262 10673.94082 11660.64342 10753.36515 9632.52828 
7473.816059999999 7765.95242 6705.74567 6087.74917 5437.8527 4778.42286 4080.80041 6801.1488 5831.79672 4771.3562 3995.5957 3165.28372 2227.12932 2223.37244 1210.08471 0 627.09489 1996.50219 3644.54716 7326.861650000001 10048.77689 9321.25453 10828.46937 12700.27641 14593.5888 14378.27876 13410.66013 13568.28069 13227.0832 14488.30933 15244.29326 14869.16558 15864.98235 18355.89125 15081.25356 14276.04658 12667.91893 9144.05955 9540.44035 7206.87519 5958.03256 4577.00011 2349.78051 5965.08055 6399.59268 7517.39543 8104.13629 10445.3201 10843.36968 10867.87816 9802.41134 10633.36151 11888.33264 12849.44551 13996.04408 10905.02733 9006.76107 8364.30158 7331.49112 6245.70741 8549.10036 9579.5752 10503.48752 9572.12087 8436.34542 
7365.27813 7699.25354 6690.77402 5966.51339 5203.52669 4340.96452 3454.83603 6187.70168 5217.07552 4234.44353 3479.86796 2778.58471 2358.40985 2613.32298 1577.20544 627.09489 0 2141.34841 4144.85758 7525.228139999999 10320.87994 9679.09965 11239.39344 13093.82347 14723.28883 14531.98197 13659.12402 13825.77394 13528.01844 14828.41576 15754.80235 15402.89573 16438.48244 18970.19655 15696.02722 14890.63229 13243.97561 9769.18385 10166.07702 7818.41071 6566.16113 5166.80656 2972.62342 5993.88438 6554.73401 7867.72994 8438.4421 10778.41881 11258.13741 11268.62108 10390.44426 11223.39276 12484.84381 13471.57816 14622.39823 11532.10878 9588.8006 8865.22718 7813.58164 6591.56833 8600.78555 9624.51687 10450.23339 9470.45141 8293.6759 
5586.87542 5839.31246 4742.36671 4246.45652 3834.99739 3872.69622 4591.44041 7431.6001 6649.62029 6112.08941 5431.04042 4919.93312 4210.62964 4001.42075 3109.04776 1996.50219 2141.34841 0 2003.50917 5383.87973 8179.53153 7626.53899 9263.56659 11081.906149999999 12622.56563 12405.79449 11520.94805 11689.82985 11409.19318 12755.99581 14018.47424 13759.82565 14997.90259 17891.29649 14640.438870000002 13844.35542 11844.24033 9034.66801 9723.64566 7761.05941 6608.03337 4118.24198 3011.02391 7957.27698 8304.27149 9197.77261 9805.34558 12128.68109 12338.36395 12063.97024 10536.44651 11335.84562 12512.6675 13095.02581 14072.92354 10974.87009 8283.16896 7153.93262 6055.67015 4544.59019 6554.16089 7585.43552 8554.63389 7688.64312 6595.0 
5294.72587 5356.58259 4162.66465 4239.83136 4431.3296 5267.60752 6553.35578 9378.04996 8634.10708 8099.98346 7399.47708 6762.25916 5638.89147 5095.70456 4469.60233 3644.54716 4144.85758 2003.50917 0 3682.31449 6434.63946 5692.17094 7276.97884 9114.00291 11193.83661 10924.0996 9803.20728 9951.56395 9585.06432 10843.76217 12030.45373 11799.01848 13119.42289 16206.02965 12991.41536 12209.54586 10003.91813 7734.18961 8650.81279 7137.34474 6171.25368 2929.07528 3321.26753 9326.95502 9401.6272 9817.58615 10439.06591 12678.75593 12602.54871 12052.41009 9962.14033 10703.76593 11771.23821 11988.95138 12809.31178 9695.76325 6549.24767 5193.60231 4085.21848 2606.48595 5529.79312 6539.08747 7837.01951 7189.49748 6361.80226 
4252.57404 3914.59743 3141.66214 4232.65614 5295.32794 7215.764429999999 9386.6258 12020.6734 11492.14362 11363.55737 10743.93173 10279.59829 9319.10731 8759.71307 8150.07196 7326.861650000001 7525.228139999999 5383.87973 3682.31449 0 3214.20608 3107.71409 4531.86904 6075.44904 7582.05262 7276.31775 6147.61425 6309.77662 6043.57063 7504.82951 9894.55249 9972.50926 11792.42744 15594.0639 12642.95602 11951.46627 9069.6259 8811.41629 10103.54759 9473.31674 8841.04994 5350.04766 6851.30134 13005.97347 13024.22151 13204.93855 13823.22484 15965.84617 15651.61928 14839.85084 12140.43162 12753.15353 13590.68449 13122.91023 13545.09395 10700.38808 6540.84803 4207.28713 3427.2079 1515.45406 3959.29704 3631.3525 5339.51327 5235.4761 5076.32938 
5834.02991 5324.39987 5110.41388 6375.03137 7598.92288 9552.41289 12070.97233 14618.637299999999 14158.43642 14128.21733 13523.75717 13075.1943 12068.58442 11454.11193 10899.80046 10048.77689 10320.87994 8179.53153 6434.63946 3214.20608 0 1843.54685 3095.88146 3906.91899 5249.15088 4828.76392 3368.84609 3519.6264 3283.67614 4898.67217 8351.45424 8709.10156 10844.19227 15048.82115 12438.93283 11859.21857 8672.20508 9932.2204 11361.98983 11319.28235 10913.62969 7592.092 9462.84614 15718.34676 15649.07988 15621.50687 16230.66684 18275.44891 17783.77241 16797.2084 13762.40593 14265.96523 14916.2451 13991.90327 14110.26297 11617.54604 7238.74298 4825.77413 4664.13175 3957.29655 3677.73152 3597.38794 5296.67603 5815.5716 6269.76371 
6674.88906 6244.68614 5690.07285 6852.72646 7946.00025 9725.64862 11905.55137 14597.364590000001 14015.02312 13726.9878 13057.48632 12454.4301 11170.48652 10438.19549 10019.31061 9321.25453 9679.09965 7626.53899 5692.17094 3107.71409 1843.54685 0 1886.37881 3487.75243 6963.67403 6491.25704 4626.90361 4692.90155 4071.75048 5260.24492 7296.49649 7462.78293 9435.33428 13483.23185 10747.37089 10134.39687 7012.27638 8107.32884 9547.60054 9648.9187 9346.56868 6202.80001 8354.87905 14693.0732 14475.52666 14227.28787 14824.76553 16785.77928 16193.29002 15132.34063 12005.73605 12482.66482 13100.64586 12148.3775 12280.82033 9775.2181 5396.17318 2997.88742 2985.57197 3391.7794700000004 4770.65048 5054.90109 6839.68683 7144.67634 7332.298 
8527.76647 8078.9071 7570.57699 8739.06477 9827.1911 11581.01179 13657.21439 16391.30995 15770.14696 15374.13611 14676.12762 13990.41515 12526.78235 11705.78737 11406.80095 10828.46937 11239.39344 9263.56659 7276.97884 4531.86904 3095.88146 1886.37881 0 1912.65941 7328.62149 6771.42385 4498.36526 4454.00045 3528.2439 3917.44623 5428.87189 5665.41225 7752.65477 11964.30107 9442.83051 8910.67141 5669.6477 7894.54141 9370.64059 9993.63362 9925.76168 7185.74011 9580.45161 15898.74036 15532.22782 15014.53149 15581.8624 17391.74474 16616.66396 15402.06285 12047.04897 12412.45189 12852.43207 11558.98823 11460.8665 9303.0237 5069.78678 3171.59424 3766.21786 4745.61124 6525.0 6658.81146 8387.92161 8844.54496 9135.4591 
9720.98231 9222.22587 8907.35438 10139.49471 11303.70227 13155.64426 15389.22496 18076.79728 17502.61152 17190.88587 16507.95323 15856.24956 14431.0333 13616.94268 13305.88359 12700.27641 13093.82347 11081.906149999999 9114.00291 6075.44904 3906.91899 3487.75243 1912.65941 0 6641.91727 6040.92849 3643.0294700000004 3477.10253 2427.65916 2085.2983 4718.3964 5226.40622 7541.89379 11973.14537 9859.1952 9455.6701 6221.26908 9384.61645 10860.73196 11735.28067 11739.95848 9092.1503 11492.43338 17811.19246 17434.64726 16858.97449 17425.01311 19183.23813 18339.92435 17060.95361 13613.63526 13911.25142 14232.91565 12699.73626 12394.53335 10583.27889 6601.26109 5007.95687 5674.29476 6537.31596 7535.61842 7420.32021 8992.27229 9659.24391 10175.55822 
8224.63251 7691.19529 8288.36564 9419.47939 10666.59927 12701.94351 15662.5171 17774.21292 17589.56296 18026.51852 17553.22549 17360.20694 16754.56968 16287.96725 15597.30352 14593.5888 14723.28883 12622.56563 11193.83661 7582.05262 5249.15088 6963.67403 7328.62149 6641.91727 0 1306.72354 3016.31911 3186.22049 4226.91803 5653.34379 10972.59299 11743.85989 14097.87619 18566.26556 16496.1539 16052.71429 12793.7763 15019.08283 16478.0979 16566.20041 16153.55199 12781.09495 14430.4018 20491.38413 20588.62453 20760.24441 21375.54989 23470.31661 23023.99661 22045.81248 18969.31759 19442.32808 20018.96723 18872.61148 18783.00849 16574.5072 12235.27021 9935.24278 9900.68381 9004.81232 6246.43915 5311.01506 5533.36643 6739.21687 7953.798760000001 
8232.50351 7688.10828 8204.98684 9373.70631 10635.64356 12681.00568 15600.96946 17780.54906 17558.44358 17929.33027 17434.28935 17199.13826 16518.28348 16019.16368 15355.90001 14378.27876 14531.98197 12405.79449 10924.0996 7276.31775 4828.76392 6491.25704 6771.42385 6040.92849 1306.72354 0 2414.56932 2683.27362 3622.61922 5055.64734 10366.76 11136.83209 13490.93121 17959.66517 15891.96505 15461.40931 12204.28458 14508.84782 15971.71181 16122.74474 15742.0249 12403.01778 14126.0189 20241.55107 20299.99906 20408.639 21021.67037 23093.11387 22611.72797 21605.83433 18491.67856 18949.71464 19507.14395 18325.57693 18215.8673 16039.89554 11714.29405 9441.69948 9450.98651 8663.15514 6310.11937 5277.49117 5734.620559999999 6872.03973 8008.03596 
8349.72317 7793.41889 7961.64066 9225.17019 10499.6568 12529.23062 15233.04188 17654.39152 17285.81389 17389.00564 16812.73862 16411.80532 15437.27314 14813.2299 14268.5658 13410.66013 13659.12402 11520.94805 9803.20728 6147.61425 3368.84609 4626.90361 4498.36526 3643.0294700000004 3016.31911 2414.56932 0 268.7043 1215.37031 2884.72269 8022.78755 8752.87164 11101.01302 15561.65705 13479.83479 13057.12361 9804.48474 12362.30763 13836.19402 14221.71681 13968.42242 10800.57336 12800.24832 19079.72738 18977.72086 18839.17368 19440.12268 21412.68281 20800.0882 19693.71499 16450.20781 16857.56732 17339.63102 16041.13042 15869.62649 13801.05286 9541.89185 7402.18481 7599.00579 7307.05303 6061.82687 5475.68918 6561.32647 7543.26912 8434.70077 
8595.03979 8039.37933 8188.93424 9455.02538 10727.91615 12753.71891 15440.23125 17876.07099 17498.0957 17581.172 16998.66565 16583.43909 15580.76986 14943.0442 14412.43144 13568.28069 13825.77394 11689.82985 9951.56395 6309.77662 3519.6264 4692.90155 4454.00045 3477.10253 3186.22049 2683.27362 268.7043 0 1049.5318 2632.79262 7814.59314 8562.00584 10913.98222 15380.39648 13336.28794 12925.63055 9679.17378 12337.77679 13813.01491 14249.51076 14019.84186 10884.29846 12918.35009 19210.62532 19089.54418 18917.79229 19516.55062 21472.90714 20839.0239 19715.02747 16447.17462 16842.67396 17305.5832 15972.21278 15775.73684 13748.75536 9514.34338 7417.440979999999 7649.66306 7436.08782 6303.41661 5731.77547 6829.29872 7807.72726 8691.76674 
8817.32567 8272.09726 8270.70596 9545.32032 10798.77808 12788.39884 15353.41037 17877.11897 17437.87536 17402.45161 16787.4955 16300.36653 15169.41848 14478.05943 14007.49603 13227.0832 13528.01844 11409.19318 9585.06432 6043.57063 3283.67614 4071.75048 3528.2439 2427.65916 4226.91803 3622.61922 1215.37031 1049.5318 0 1889.04738 6821.74208 7538.95331 9886.00855 14346.33629 12286.854360000001 11878.56018 8634.95431 11421.0387 12897.12604 13450.53551 13285.16353 10261.9082 12412.94695 18741.5931 18546.79983 18260.07338 18851.05687 20755.45061 20061.75625 18893.38619 15570.80993 15940.67003 16366.23869 14978.44919 14753.03426 12780.72553 8598.03068 6595.27293 6938.75666 7007.57226 6774.82853 6093.82778 7386.35093 8266.74204 9035.47021 
10619.56176 10082.28511 9994.7955 11265.0628 12496.60706 14447.47192 16889.9926 19487.98771 18992.4937 18830.61555 18180.28891 17605.51019 16300.69376 15529.65888 15157.54416 14488.30933 14828.41576 12755.99581 10843.76217 7504.82951 4898.67217 5260.24492 3917.44623 2085.2983 5653.34379 5055.64734 2884.72269 2632.79262 1889.04738 0 5382.75998 6249.84616 8601.32344 13079.54911 11339.96742 11034.9251 7904.45545 11432.90536 12889.70132 13810.27458 13815.11527 11085.22711 13418.50931 19756.86949 19433.93743 18919.93288 19490.19099 21264.86703 20424.72041 19138.73886 15673.74371 15951.19999 16228.86777 14591.63596 14175.17972 12552.87875 8669.39588 7069.81223 7668.66377 8265.78381 8330.63803 7961.42682 9275.25094 10148.65528 10887.52323 
13956.62384 13504.78856 12985.08044 14126.18522 15163.32975 16809.2609 18581.05823 21392.44063 20664.56081 19988.3079 19231.56457 18360.23556 16529.56364 15551.25217 15541.52807 15244.29326 15754.80235 14018.47424 12030.45373 9894.55249 8351.45424 7296.49649 5428.87189 4718.3964 10972.59299 10366.76 8022.78755 7814.59314 6821.74208 5382.75998 0 1087.71044 3274.73633 7723.37006 6411.29332 6327.39291 4079.32957 8846.33495 10064.41379 11902.17379 12395.01614 10888.77739 13482.38276 19404.03621 18679.00385 17496.93187 17975.94443 19293.83386 18081.35186 16537.485 12896.17901 12912.26797 12798.72697 10660.32537 9838.09194 9180.15795 6826.8473 6892.1419 7970.075280000001 9784.83725 11918.16366 11943.56212 13583.67833 14167.01793 14546.49047 
14132.58027 13707.46614 13102.70583 14194.93336 15173.78704 16732.63428 18346.40807 21176.74352 20406.92408 19634.92106 18864.75115 17945.1423 16036.07496 15031.72172 15080.46909 14869.16558 15402.89573 13759.82565 11799.01848 9972.50926 8709.10156 7462.78293 5665.41225 5226.40622 11743.85989 11136.83209 8752.87164 8562.00584 7538.95331 6249.84616 1087.71044 0 2358.32653 6837.92395 5337.88348 5240.00468 2991.61913 7982.43321 9140.26307 11097.23682 11669.11284 10416.11199 13002.06187 18773.06179 17992.38164 16711.51642 17173.10001 18416.71765 17159.7243 15590.07954 11948.79529 11930.9977 11773.4244 9597.83231 8753.78712 8188.67376 6181.22464 6607.46986 7713.80872 9696.58713 12188.39813 12302.53933 13995.50088 14498.44602 14786.91493 
16025.8779 15636.13264 14932.06228 15948.86532 16837.80025 18248.06757 19576.13172 22420.00736 21577.94745 20623.52077 19831.68803 18819.41689 16758.88314 15708.53558 15906.5804 15864.98235 16438.48244 14997.90259 13119.42289 11792.42744 10844.19227 9435.33428 7752.65477 7541.89379 14097.87619 13490.93121 11101.01302 10913.98222 9886.00855 8601.32344 3274.73633 2358.32653 0 4480.21294 3467.21329 3666.04596 3199.30571 7923.54924 8735.18248 11071.13061 11857.91436 11298.0545 13804.23214 19139.84987 18200.43013 16639.01202 17038.14837 18008.05634 16590.22715 14929.81353 11353.29032 11174.1482 10770.26323 8361.88286 7243.24685 7500.56758 6867.73398 8005.00806 9108.62454 11293.54692 14205.23189 14407.54587 16139.83473 16563.41405 16751.75582 
19839.77291 19505.52188 18675.16276 19566.80068 20304.7701 21468.84818 22323.36948 25130.50708 24186.99791 22954.9208 22147.94225 21012.69902 18776.88643 17697.13745 18127.48035 18355.89125 18970.19655 17891.29649 16206.02965 15594.0639 15048.82115 13483.23185 11964.30107 11973.14537 18566.26556 17959.66517 15561.65705 15380.39648 14346.33629 13079.54911 7723.37006 6837.92395 4480.21294 0 3274.63769 4080.03262 6526.11163 9350.10866 9538.31877 12219.5655 13300.85806 13859.91461 16088.81304 20460.90372 19277.95905 17282.77249 17545.83962 17947.98666 16286.19676 14545.53402 11416.80573 10931.17898 10055.9098 7515.66877 5972.83124 8032.13857 9657.05307 11490.22933 12509.00436 14828.76293 18214.98353 18532.80081 20304.18324 20612.93664 20657.55692 
16852.1999 16556.46289 15659.06319 16486.61812 17165.19815 18258.9538 19053.112 21857.40355 20912.40493 19687.45857 18880.65068 17753.5772 15529.82731 14450.07827 14861.16456 15081.25356 15696.02722 14640.438870000002 12991.41536 12642.95602 12438.93283 10747.37089 9442.83051 9859.1952 16496.1539 15891.96505 13479.83479 13336.28794 12286.854360000001 11339.96742 6411.29332 5337.88348 3467.21329 3274.63769 0 805.39493 3774.31808 6111.84293 6449.09583 9085.59195 10113.78648 10591.60956 12816.61894 17346.52648 16223.32965 14359.97542 14670.93685 15320.1949 13764.97312 12048.2339 8650.18295 8302.82855 7673.69494 5144.02459 3854.46663 4982.58106 6458.67804 8460.64265 9421.58718 11758.21458 15371.44226 15786.51025 17579.84553 17778.95917 17718.62413 
16142.13319 15854.14725 14941.38712 15747.5668 16406.56576 17476.99519 18250.16236 21053.18762 20107.29104 18883.16483 18076.40531 16950.23177 14730.34585 13651.18035 14057.22537 14276.04658 14890.63229 13844.35542 12209.54586 11951.46627 11859.21857 10134.39687 8910.67141 9455.6701 16052.71429 15461.40931 13057.12361 12925.63055 11878.56018 11034.9251 6327.39291 5240.00468 3666.04596 4080.03262 805.39493 0 3263.05685 5318.95676 5713.74798 8325.57217 9334.7301 9789.85638 12011.45137 16584.43849 15479.26846 13677.40166 13997.579570000002 14702.6129 13188.18824 11481.97601 8017.87865 7744.98128 7182.62243 4785.630139999999 3592.75772 4550.3885 5690.40289 7754.17107 8737.320810000001 11027.98971 14708.94782 15153.45588 16949.91552 17115.3662 17022.848 
13318.33398 12979.74672 12163.26046 13090.3974 13890.98197 15196.755270000001 16409.12632 19251.98569 18396.20724 17424.59325 16632.46082 15622.12114 13576.19037 12532.24996 12710.92322 12667.91893 13243.97561 11844.24033 10003.91813 9069.6259 8672.20508 7012.27638 5669.6477 6221.26908 12793.7763 12204.28458 9804.48474 9679.17378 8634.95431 7904.45545 4079.32957 2991.61913 3199.30571 6526.11163 3774.31808 3263.05685 0 5021.56201 6148.73385 8179.78995 8838.95118 8098.74879 10608.65194 16062.98167 15194.37014 13797.06998 14241.1101 15433.90741 14168.10517 12602.96747 8961.08397 8965.44862 8903.9661 6867.86138 6285.76105 5236.34577 3668.54317 5020.35029 6086.38119 8398.59529 11704.13508 12065.55448 13851.93849 14107.52494 14131.44529 
12518.26206 12374.40471 11278.05746 11780.70223 12155.64959 12855.25768 13198.31038 15944.40372 14955.82321 13632.31253 12825.52806 11674.53094 9426.86905 8347.12465 8807.42073 9144.05955 9769.18385 9034.66801 7734.18961 8811.41629 9932.2204 8107.32884 7894.54141 9384.61645 15019.08283 14508.84782 12362.30763 12337.77679 11421.0387 11432.90536 8846.33495 7982.43321 7923.54924 9350.10866 6111.84293 5318.95676 5021.56201 0 1476.11551 3197.29339 4053.06267 4928.0975 6820.54609 11350.6291 10342.84842 8794.67845 9225.35311 10447.51056 9278.60016 7821.35973 4254.89283 4530.07748 5000.0058 4351.51985 5075.12217 1971.04693 2824.79203 5109.59353 5452.2378 7470.35916 11692.2828 12418.57907 14150.77471 13965.29459 13527.73481 
13642.3841 13564.57054 12408.80369 12812.28567 13077.23839 13591.8754 13620.91223 16282.42 15251.53346 13784.74497 12985.23627 11779.87967 9477.90953 8413.51585 9024.69772 9540.44035 10166.07702 9723.64566 8650.81279 10103.54759 11361.98983 9547.60054 9370.64059 10860.73196 16478.0979 15971.71181 13836.19402 13813.01491 12897.12604 12889.70132 10064.41379 9140.26307 8735.18248 9538.31877 6449.09583 5713.74798 6148.73385 1476.11551 0 2692.87133 3853.96661 5739.16266 7196.27959 10924.05218 9774.85038 7963.65368 8327.65231 9314.26267 8025.7082199999995 6484.00532 2857.91148 3467.4014500000003 3554.32652 3371.78172 4462.03631 1511.25279 4300.90754 6551.51929 6813.94365 8706.07288 12963.35026 13729.84126 15435.45244 15185.54484 14673.45665 
12399.59354 12398.11958 11215.01783 11373.91208 11457.83424 11602.32326 11246.70556 13812.20754 12754.47627 11200.99147 10410.2256 9182.98933 6869.05707 5826.43811 6534.46562 7206.87519 7818.41071 7761.05941 7137.34474 9473.31674 11319.28235 9648.9187 9993.63362 11735.28067 16566.20041 16122.74474 14221.71681 14249.51076 13450.53551 13810.27458 11902.17379 11097.23682 11071.13061 12219.5655 9085.59195 8325.57217 8179.78995 3197.29339 2692.87133 0 1260.80371 4301.96327 4926.75674 8260.93651 7175.90468 5618.5984 6076.97235 7517.70617 6623.32605 5483.95815 2826.05909 3590.74714 4753.29791 5730.13961 7032.81366 4203.68707 5283.67117 6855.26258 6672.25959 7966.63624 12159.89416 13048.58218 14622.4355 14171.08944 13463.00123 
11465.1539 11504.25439 10312.16122 10374.07124 10325.78685 10417.83936 9988.55845 12552.36954 11496.41131 9959.76425 9165.8028 7945.72747 5635.65693 4582.37809 5274.02209 5958.03256 6566.16113 6608.03337 6171.25368 8841.04994 10913.62969 9346.56868 9925.76168 11739.95848 16153.55199 15742.0249 13968.42242 14019.84186 13285.16353 13815.11527 12395.01614 11669.11284 11857.91436 13300.85806 10113.78648 9334.7301 8838.95118 4053.06267 3853.96661 1260.80371 0 3510.19344 3770.75015 7301.84812 6356.3016 5177.21643 5713.80897 7473.28576 6874.11702 6005.10991 3929.772 4737.66915 5953.59866 6984.79506 8286.91468 5346.87432 5602.74834 6754.27161 6370.1788 7325.98287 11406.33158 12335.97832 13839.7125 13311.06765 12532.11634 
8113.96475 8098.2905 6918.40075 7150.43635 7341.44836 7927.76671 8464.24586 11280.88583 10366.77679 9325.86698 8534.19621 7548.20091 5641.2542 4683.31346 4695.9982899999995 4577.00011 5166.80656 4118.24198 2929.07528 5350.04766 7592.092 6202.80001 7185.74011 9092.1503 12781.09495 12403.01778 10800.57336 10884.29846 10261.9082 11085.22711 10888.77739 10416.11199 11298.0545 13859.91461 10591.60956 9789.85638 8098.74879 4928.0975 5739.16266 4301.96327 3510.19344 0 2593.64223 8750.16846 8348.83177 8041.42873 8646.12775 10690.73515 10303.86685 9514.77257 7103.95284 7818.57052 8854.63749 9095.25701 9989.63963 6856.62811 4432.66342 4210.81809 3419.66314 3902.02489 7906.6407 8826.20944 10347.95535 9869.85917 9173.822 
8357.06097 8513.59836 7338.83731 7108.35114 6835.61643 6729.71983 6426.43058 9130.05438 8135.27805 6885.44102 6081.11281 5017.77889 3048.7527 2130.22557 2102.35606 2349.78051 2972.62342 3011.02391 3321.26753 6851.30134 9462.84614 8354.87905 9580.45161 11492.43338 14430.4018 14126.0189 12800.24832 12918.35009 12412.94695 13418.50931 13482.38276 13002.06187 13804.23214 16088.81304 12816.61894 12011.45137 10608.65194 6820.54609 7196.27959 4926.75674 3770.75015 2593.64223 0 6342.53846 6187.7508 6503.17369 7124.24908 9385.08657 9425.27771 9066.34485 7619.68464 8437.17636 9659.58009 10515.6162 11650.39055 8560.54677 6945.40287 6750.97334 5854.49332 5506.24418 8844.61475 9858.3634 11103.63472 10367.0912 9417.73257 
13357.93637 13691.39675 12661.42366 11957.37848 11124.22402 9850.1899 7389.62963 8545.59003 7494.85426 5507.85929 5099.53223 4204.59713 3749.67852 4267.8525 4894.08061 5965.08055 5993.88438 7957.27698 9326.95502 13005.97347 15718.34676 14693.0732 15898.74036 17811.19246 20491.38413 20241.55107 19079.72738 19210.62532 18741.5931 19756.86949 19404.03621 18773.06179 19139.84987 20460.90372 17346.52648 16584.43849 16062.98167 11350.6291 10924.05218 8260.93651 7301.84812 8750.16846 6342.53846 0 1523.23078 4029.59551 4260.6564 6155.1463 7407.15546 8296.60165 9516.05055 10260.94932 11530.74087 13489.81379 14975.51562 12428.77665 12594.14646 12955.36475 12144.42884 11774.55889 14511.26962 15542.70327 16440.57529 15462.46035 14272.38759 
13851.26969 14135.79729 13045.88966 12469.84475 11758.24817 10690.88121 8492.3077 9908.29879 8830.372510000001 6846.43572 6347.70076 5331.49596 4196.95092 4342.89684 5201.00115 6399.59268 6554.73401 8304.27149 9401.6272 13024.22151 15649.07988 14475.52666 15532.22782 17434.64726 20588.62453 20299.99906 18977.72086 19089.54418 18546.79983 19433.93743 18679.00385 17992.38164 18200.43013 19277.95905 16223.32965 15479.26846 15194.37014 10342.84842 9774.85038 7175.90468 6356.3016 8348.83177 6187.7508 1523.23078 0 2510.58878 2745.11876 4753.18525 5907.02971 6773.37087 8152.11445 8902.53118 10116.71948 12165.74354 13676.77053 11261.01758 11852.27712 12482.44195 11767.52548 11693.99498 14790.69616 15822.097160000001 16858.88122 15952.00827 14816.59104 
14761.79312 14964.37921 13807.46975 13442.99624 12932.86666 12194.17357 10411.44832 12149.194000000001 11048.72613 9095.84231 8503.48029 7342.84268 5640.56551 5294.14327 6319.11806 7517.39543 7867.72994 9197.77261 9817.58615 13204.93855 15621.50687 14227.28787 15014.53149 16858.97449 20760.24441 20408.639 18839.17368 18917.79229 18260.07338 18919.93288 17496.93187 16711.51642 16639.01202 17282.77249 14359.97542 13677.40166 13797.06998 8794.67845 7963.65368 5618.5984 5177.21643 8041.42873 6503.17369 4029.59551 2510.58878 0 621.69205 2934.07737 3574.01399 4267.88765 5930.48008 6587.817230000001 7767.32419 9968.92391 11513.74292 9377.39436 10760.32681 11864.31681 11328.0798 11755.54682 15346.06953 16356.37383 17595.97011 16816.04115 15786.51887 
15374.13572 15580.04056 14424.76149 14051.45704 13527.9815 12756.1252 10902.34943 12556.299490000001 11461.64194 9493.94381 8930.67579 7793.48908 6181.63603 5882.64651 6901.40855 8104.13629 8438.4421 9805.34558 10439.06591 13823.22484 16230.66684 14824.76553 15581.8624 17425.01311 21375.54989 21021.67037 19440.12268 19516.55062 18851.05687 19490.19099 17975.94443 17173.10001 17038.14837 17545.83962 14670.93685 13997.579570000002 14241.1101 9225.35311 8327.65231 6076.97235 5713.80897 8646.12775 7124.24908 4260.6564 2745.11876 621.69205 0 2341.6176 3174.50106 4100.50405 6143.4942 6733.24068 7877.58656 10163.46127 11718.92167 9707.74917 11281.43143 12426.267960000001 11915.56046 12371.23769 15967.50741 16977.99217 18215.09607 17431.18427 16396.6675 
17685.832580000002 17877.20082 16713.5916 16372.35823 15866.11213 15090.49824 13160.09498 14659.75924 13583.49561 11599.12169 11092.74091 10007.75624 8523.25363 8223.23227 9243.0119 10445.3201 10778.41881 12128.68109 12678.75593 15965.84617 18275.44891 16785.77928 17391.74474 19183.23813 23470.31661 23093.11387 21412.68281 21472.90714 20755.45061 21264.86703 19293.83386 18416.71765 18008.05634 17947.98666 15320.1949 14702.6129 15433.90741 10447.51056 9314.26267 7517.70617 7473.28576 10690.73515 9385.08657 6155.1463 4753.18525 2934.07737 2341.6176 0 1813.71718 3503.2535900000003 6687.06124 7038.26605 7925.24933 10433.39456 11986.44643 10517.01217 12800.58393 14220.81098 13827.02058 14487.37468 18206.57024 19207.76408 20488.70913 19730.29554 18713.24337 
17780.14713 17918.70489 16733.40064 16528.20341 16155.11436 15598.3243 13963.2908 15715.78713 14617.71203 12657.63967 12075.92998 10912.11826 9132.8997 8645.89689 9683.64565 10843.36968 11258.13741 12338.36395 12602.54871 15651.61928 17783.77241 16193.29002 16616.66396 18339.92435 23023.99661 22611.72797 20800.0882 20839.0239 20061.75625 20424.72041 18081.35186 17159.7243 16590.22715 16286.19676 13764.97312 13188.18824 14168.10517 9278.60016 8025.7082199999995 6623.32605 6874.11702 10303.86685 9425.27771 7407.15546 5907.02971 3574.01399 3174.50106 1813.71718 0 1740.92303 5243.79729 5464.8258 6232.00072 8776.63922 10313.64785 9094.62792 11817.68391 13470.913 13207.71805 14144.15515 18073.18151 19045.15101 20436.08465 19768.26467 18831.95078 
17323.273630000003 17408.69875 16214.96223 16139.57747 15897.71735 15560.54941 14243.25191 16236.96505 15128.07047 13220.82467 12570.79767 11350.48757 9347.6949 8683.73802 9700.62967 10867.87816 11268.62108 12063.97024 12052.41009 14839.85084 16797.2084 15132.34063 15402.06285 17060.95361 22045.81248 21605.83433 19693.71499 19715.02747 18893.38619 19138.73886 16537.485 15590.07954 14929.81353 14545.53402 12048.2339 11481.97601 12602.96747 7821.35973 6484.00532 5483.95815 6005.10991 9514.77257 9066.34485 8296.60165 6773.37087 4267.88765 4100.50405 3503.2535900000003 1740.92303 0 3641.94742 3765.11062 4491.08294 7037.60279 8574.26124 7456.49851 10477.34442 12304.34923 12156.02834 13324.40685 17400.97655 18338.60785 19819.26217 19241.90757 18386.03027 
15214.69927 15200.8008 14022.33679 14199.64908 14230.34734 14344.00459 13744.72437 16165.94832 15077.72944 13375.928189999999 12617.93347 11361.55117 9078.94537 8128.41614 8979.71987 9802.41134 10390.44426 10536.44651 9962.14033 12140.43162 13762.40593 12005.73605 12047.04897 13613.63526 18969.31759 18491.67856 16450.20781 16447.17462 15570.80993 15673.74371 12896.17901 11948.79529 11353.29032 11416.80573 8650.18295 8017.87865 8961.08397 4254.89283 2857.91148 2826.05909 3929.772 7103.95284 7619.68464 9516.05055 8152.11445 5930.48008 6143.4942 6687.06124 5243.79729 3641.94742 0 837.69028 2139.63011 4039.51705 5583.8827 3853.32908 7014.88624 9061.96805 9106.44398 10654.7541 14893.60896 15751.79363 17366.79412 16957.5612 16276.33079 
15931.93023 15902.06081 14729.97305 14943.59237 14999.54043 15155.50765 14581.7382 17002.26585 15913.32806 14204.90764 13449.65145 12192.7038 9913.42655 8965.72072 9816.86803 10633.36151 11223.39276 11335.84562 10703.76593 12753.15353 14265.96523 12482.66482 12412.45189 13911.25142 19442.32808 18949.71464 16857.56732 16842.67396 15940.67003 15951.19999 12912.26797 11930.9977 11174.1482 10931.17898 8302.82855 7744.98128 8965.44862 4530.07748 3467.4014500000003 3590.74714 4737.66915 7818.57052 8437.17636 10260.94932 8902.53118 6587.817230000001 6733.24068 7038.26605 5464.8258 3765.11062 837.69028 0 1311.06827 3448.01349 5010.71901 3745.27169 7346.84068 9508.06079 9633.63633 11283.58702 15539.22871 16376.81153 18016.47293 17641.08004 16990.25853 
16941.08311 16882.25725 15724.37223 16004.27621 16119.98279 16355.02761 15861.61899 18302.54124 17215.64294 15514.30427 14757.50575 13501.00211 11218.08014 10262.13584 11099.13519 11888.33264 12484.84381 12512.6675 11771.23821 13590.68449 14916.2451 13100.64586 12852.43207 14232.91565 20018.96723 19507.14395 17339.63102 17305.5832 16366.23869 16228.86777 12798.72697 11773.4244 10770.26323 10055.9098 7673.69494 7182.62243 8903.9661 5000.0058 3554.32652 4753.29791 5953.59866 8854.63749 9659.58009 11530.74087 10116.71948 7767.32419 7877.58656 7925.24933 6232.00072 4491.08294 2139.63011 1311.06827 0 2565.1458 4083.1783 3703.64793 7820.6874 10102.75844 10354.05491 12155.43286 16422.29512 17222.03699 18900.40299 18585.7748 17991.33416 
