18
48 22 19 31 4 9 39 8 10 35 20 17 24 40 14 16 7 0
0 961.18521 2794.24498 3157.65989 4220.59806 4754.71745 3403.40785 3560.38607 2712.11343 2281.86985 2450.08775 2431.1777 2095.88788 2167.02479 1340.9161 1118.51688 1038.43344 760.58004 
961.18521 0 2456.00204 2605.1182 3399.98485 3905.33187 2455.53171 2744.22207 1847.64715 1372.2569 1562.80293 1713.91073 1390.44058 1541.91115 1252.43802 1212.96702 1616.86641 1712.69902 
2794.24498 2456.00204 0 740.06284 2371.86867 2930.21859 2758.90594 1932.30743 1758.66142 3092.01569 3309.63922 3809.00512 3571.53258 3871.25458 3703.31973 3668.96906 3815.20969 3536.10647 
3157.65989 2605.1182 740.06284 0 1634.04039 2190.22784 2217.00361 1243.30407 1336.82647 2893.66515 3078.35053 3666.90946 3481.91355 3836.57986 3843.77835 3816.68023 4123.52568 3851.75934 
4220.59806 3399.98485 2371.86867 1634.04039 0 575.19562 1532.75601 661.59278 1553.44424 2960.18952 3065.75061 3724.12527 3680.20353 4102.98001 4456.41344 4526.75071 5015.95694 4777.05872 
4754.71745 3905.33187 2930.21859 2190.22784 575.19562 0 1798.67757 1203.80439 2062.42309 3327.98618 3396.10659 4057.38943 4052.79788 4480.61838 4906.39859 4996.32285 5514.53298 5283.88683 
3403.40785 2455.53171 2758.90594 2217.00361 1532.75601 1798.67757 0 1163.82903 1084.36304 1807.9289099999999 1607.32853 2262.49287 2281.7478 2709.85203 3238.44855 3373.50337 3969.18392 3776.23953 
3560.38607 2744.22207 1932.30743 1243.30407 661.59278 1203.80439 1163.82903 0 897.6692 2395.04092 2517.00715 3179.10994 3104.65249 3516.50395 3817.31961 3878.70094 4357.17259 4116.67791 
2712.11343 1847.64715 1758.66142 1336.82647 1553.44424 2062.42309 1084.36304 897.6692 0 1628.3725 1790.19021 2421.16707 2292.26722 2690.19144 2927.21933 3031.21417 3462.75916 3225.89228 
2281.86985 1372.2569 3092.01569 2893.66515 2960.18952 3327.98618 1807.9289099999999 2395.04092 1628.3725 0 217.62353 884.7224699999999 724.8117 1152.6322 1728.41257 1906.89538 2562.4539 2422.34927 
2450.08775 1562.80293 3309.63922 3078.35053 3065.75061 3396.10659 1607.32853 2517.00715 1790.19021 217.62353 0 667.09894 692.43339 1113.54614 1790.33461 1990.68079 2661.93201 2540.12283 
2431.1777 1713.91073 3809.00512 3666.90946 3724.12527 4057.38943 2262.49287 3179.10994 2421.16707 884.7224699999999 667.09894 0 336.16811 566.97443 1434.3685 1685.44267 2372.07525 2316.32057 
2095.88788 1390.44058 3571.53258 3481.91355 3680.20353 4052.79788 2281.7478 3104.65249 2292.26722 724.8117 692.43339 336.16811 0 428.46353 1161.61698 1396.28149 2083.72023 2030.2049399999999 
2167.02479 1541.91115 3871.25458 3836.57986 4102.98001 4480.61838 2709.85203 3516.50395 2690.19144 1152.6322 1113.54614 566.97443 428.46353 0 908.37712 1175.01532 1849.76025 1828.00903 
1340.9161 1252.43802 3703.31973 3843.77835 4456.41344 4906.39859 3238.44855 3817.31961 2927.21933 1728.41257 1790.33461 1434.3685 1161.61698 908.37712 0 273.78824 942.21017 932.80759 
1118.51688 1212.96702 3668.96906 3816.68023 4526.75071 4996.32285 3373.50337 3878.70094 3031.21417 1906.89538 1990.68079 1685.44267 1396.28149 1175.01532 273.78824 0 687.83719 659.11001 
1038.43344 1616.86641 3815.20969 4123.52568 5015.95694 5514.53298 3969.18392 4357.17259 3462.75916 2562.4539 2661.93201 2372.07525 2083.72023 1849.76025 942.21017 687.83719 0 745.38723 
760.58004 1712.69902 3536.10647 3851.75934 4777.05872 5283.88683 3776.23953 4116.67791 3225.89228 2422.34927 2540.12283 2316.32057 2030.2049399999999 1828.00903 932.80759 659.11001 745.38723 0 
