31
f8 h9 b2 j3 c3 c8 b7 i6 h3 b1 c5 d3 g5 g3 e2 j1 h5 b6 i3 i2 h4 d0 g9 a1 c6 j5 f1 e0 d8 c7 e9
0 226.1526 219.23731 334.79097 373.61076 615.17233 684.1089 645.31077 520.94721 457.035 662.78276 804.09016 807.94121 780.70865 664.40048 427.85628 397.92461 479.54144 561.77753 593.40795 463.29796 340.47613 371.01212 187.92019 159.47727 264.59213 255.13133 326.01993 403.83288 232.00215 100.95543 
226.1526 0 43.56604 180.27756 167.86303 398.72045 459.15574 420.05832 323.03714 292.56452 524.70372 690.3796 708.88786 701.56467 650.54208 442.1131 405.04444 509.88331 635.23617 701.60102 624.27077 469.4731 487.04517 354.26684 311.08198 393.92638 478.72852 550.46162 614.3761 458.1288 324.23602 
219.23731 43.56604 0 146.7583 156.20499 396.2272 466.78688 428.51487 358.43688 334.18557 567.1155 733.57344 752.38288 745.08858 691.37616 479.17637 442.3268 546.04486 667.47059 729.4066 641.95015 491.5862 511.59065 366.87463 282.49247 359.24364 464.96559 545.18437 617.82845 448.64239 319.88904 
334.79097 180.27756 146.7583 0 97.04638 310.31919 408.12253 375.19195 413.65807 425.33986 657.59714 831.7716 857.48585 859.1583 826.62264 622.32146 585.21876 690.16012 813.95638 875.84473 781.89129 635.69253 657.00304 503.69137 334.05388 373.97593 551.21774 649.60603 738.25334 546.18861 433.48471 
373.61076 167.86303 156.20499 97.04638 0 242.39636 325.34596 289.66359 323.16713 348.36762 575.58665 751.80449 781.02496 788.36349 776.4026 588.80387 551.70009 658.3654 791.93244 864.54265 792.12372 636.78646 653.24191 520.61213 407.23703 460.27817 611.12437 698.44541 773.99741 599.26621 474.5619 
615.17233 398.72045 396.2272 310.31919 242.39636 0 119.47384 106.88779 359.13924 442.83179 617.12235 789.28448 831.55997 859.5237 906.35368 760.95334 725.85466 830.17166 974.94871 1061.24926 1013.856 852.59896 863.6556 751.5617 643.00077 682.50421 852.8382 940.59661 1012.53938 841.65788 716.00907 
684.1089 459.15574 466.78688 408.12253 325.34596 119.47384 0 39.66106 323.15476 423.5304 558.65731 722.3351 769.05266 805.49922 880.25962 763.28762 730.61686 830.24394 979.05719 1073.702 1048.45123 884.03223 890.24996 800.1581 732.57081 781.87594 931.39948 1009.49492 1069.57655 915.14479 783.25793 
645.31077 420.05832 428.51487 375.19195 289.66359 106.88779 39.66106 0 291.76017 389.39054 535.09344 702.15738 747.38544 781.12995 848.77441 726.72209 693.69301 794.0743 942.49456 1036.20123 1009.17441 844.85856 851.37535 760.4972 696.50915 748.15038 893.36778 970.48905 1029.99466 876.57116 744.24861 
520.94721 323.03714 358.43688 413.65807 323.16713 359.13924 323.15476 291.76017 0 108.20813 264.9698 441.77935 478.87889 501.59744 557.21629 454.82853 425.8286 518.16792 668.37414 770.05519 776.75543 612.69405 610.35399 569.47695 632.56066 716.78518 773.28519 817.14197 843.40085 742.24322 603.10032 
457.035 292.56452 334.18557 425.33986 348.36762 442.83179 423.5304 389.39054 108.20813 0 234.30749 406.50953 433.03579 441.07709 463.5871 346.77081 317.62399 410.74201 560.83954 661.88971 672.00297 509.0 504.82175 478.43599 586.38724 679.22308 701.59888 733.4262 749.28232 666.35726 528.88656 
662.78276 524.70372 567.1155 657.59714 575.58665 617.12235 558.65731 535.09344 264.9698 234.30749 0 177.34147 214.7091 247.08095 371.47409 392.23717 382.89032 429.17245 564.83714 679.42475 754.72379 610.31221 592.27105 634.50847 805.3136 902.79787 888.9325 896.50097 882.22672 847.52109 717.74716 
804.09016 690.3796 733.57344 831.7716 751.80449 789.28448 722.3351 702.15738 441.77935 406.50953 177.34147 0 56.30275 125.73384 335.519 458.91175 463.72944 470.56242 576.07377 689.97681 807.45154 685.49325 659.731 743.72104 954.53653 1055.47809 1011.22747 1000.55184 964.90103 966.14802 845.50635 
807.94121 708.88786 752.38288 857.48585 781.02496 831.55997 769.05266 747.38544 478.87889 433.03579 214.7091 56.30275 0 73.79024 293.2047 440.82876 450.00111 444.54583 539.71566 652.05061 779.52036 665.60724 637.78131 734.77411 961.4541 1063.86465 1005.37803 987.71352 944.92327 959.06621 842.98101 
780.70865 701.56467 745.08858 859.1583 788.36349 859.5237 805.49922 781.12995 501.59744 441.07709 247.08095 125.73384 73.79024 0 222.64321 391.80224 405.77087 386.95994 472.10592 582.97941 718.0174 612.33487 582.59076 692.8665 937.17287 1040.99039 965.61379 940.31962 890.35105 918.08768 807.81804 
664.40048 650.54208 691.37616 826.62264 776.4026 906.35368 880.25962 848.77441 557.21629 463.5871 371.47409 335.519 293.2047 222.64321 0 237.13498 266.72082 200.00999 251.57503 360.61197 507.02761 424.92352 390.67377 536.10633 823.71172 928.70285 806.70192 761.07095 693.47314 756.8256 666.58832 
427.85628 442.1131 479.17637 622.32146 588.80387 760.95334 763.28762 726.72209 454.82853 346.77081 392.23717 458.91175 440.82876 391.80224 237.13498 0 37.21558 69.92138 215.77998 315.44888 362.5162 226.71788 203.0394 305.32114 586.94122 691.83379 578.6199 548.54717 505.99802 529.86979 431.11599 
397.92461 405.04444 442.3268 585.21876 551.70009 725.85466 730.61686 693.69301 425.8286 317.62399 382.89032 463.72944 450.00111 405.77087 266.72082 37.21558 0 106.73331 249.43536 344.74483 374.59444 228.00877 209.61393 287.15501 557.35536 662.42961 560.26065 537.82246 504.34611 512.41096 407.38188 
479.54144 509.88331 546.04486 690.16012 658.3654 830.17166 830.24394 794.0743 518.16792 410.74201 429.17245 470.56242 444.54583 386.95994 200.00999 69.92138 106.73331 0 150.23315 257.03112 337.02373 228.07893 196.2906 337.65366 636.94662 741.03508 606.89702 562.75483 503.75887 556.92459 471.05838 
561.77753 635.23617 667.47059 813.95638 791.93244 974.94871 979.05719 942.49456 668.37414 560.83954 564.83714 576.07377 539.71566 472.10592 251.57503 215.77998 249.43536 150.23315 0 115.43396 265.20369 239.26972 202.26715 388.973 709.90774 809.55605 631.06418 558.33771 467.44946 580.67288 527.48649 
593.40795 701.60102 729.4066 875.84473 864.54265 1061.24926 1073.702 1036.20123 770.05519 661.88971 679.42475 689.97681 652.05061 582.97941 360.61197 315.44888 344.74483 257.03112 115.43396 0 201.65812 253.03161 223.40322 408.14825 728.99382 822.55334 614.47945 523.07169 412.71055 565.89928 540.56729 
463.29796 624.27077 641.95015 781.89129 792.12372 1013.856 1048.45123 1009.17441 776.75543 672.00297 754.72379 807.45154 779.52036 718.0174 507.02761 362.5162 374.59444 337.02373 265.20369 201.65812 0 165.20593 167.94344 279.16482 574.46496 658.01215 426.62044 325.16149 211.10187 380.86743 387.83114 
340.47613 469.4731 491.5862 635.69253 636.78646 852.59896 884.03223 844.85856 612.69405 509.0 610.31221 685.49325 665.60724 612.33487 424.92352 226.71788 228.00877 228.07893 239.26972 253.03161 165.20593 0 37.44329 155.72411 478.15164 574.66598 394.40081 336.30492 279.51565 343.80372 291.56817 
371.01212 487.04517 511.59065 657.00304 653.24191 863.6556 890.24996 851.37535 610.35399 504.82175 592.27105 659.731 637.78131 582.59076 390.67377 203.0394 209.61393 196.2906 202.26715 223.40322 167.94344 37.44329 0 189.45184 512.14939 609.73846 431.80782 371.61942 307.76127 381.21516 326.79351 
187.92019 354.26684 366.87463 503.69137 520.61213 751.5617 800.1581 760.4972 569.47695 478.43599 634.50847 743.72104 734.77411 692.8665 536.10633 305.32114 287.15501 337.65366 388.973 408.14825 279.16482 155.72411 189.45184 0 322.72124 420.73863 273.4264 262.0706 274.93453 225.25763 138.71553 
159.47727 311.08198 282.49247 334.05388 407.23703 643.00077 732.57081 696.50915 632.56066 586.38724 805.3136 954.53653 961.4541 937.17287 823.71172 586.94122 557.35536 636.94662 709.90774 728.99382 574.46496 478.15164 512.14939 322.72124 0 105.11898 228.48413 344.81879 460.19343 238.81792 189.04232 
264.59213 393.92638 359.24364 373.97593 460.27817 682.50421 781.87594 748.15038 716.78518 679.22308 902.79787 1055.47809 1063.86465 1040.99039 928.70285 691.83379 662.42961 741.03508 809.55605 822.55334 658.01215 574.66598 609.73846 420.73863 105.11898 0 266.4301 392.74673 520.32297 293.99319 283.09892 
255.13133 478.72852 464.96559 551.21774 611.12437 852.8382 931.39948 893.36778 773.28519 701.59888 888.9325 1011.22747 1005.37803 965.61379 806.70192 578.6199 560.26065 606.89702 631.06418 614.47945 426.62044 394.40081 431.80782 273.4264 228.48413 266.4301 0 126.82665 258.66 50.60632 172.98554 
326.01993 550.46162 545.18437 649.60603 698.44541 940.59661 1009.49492 970.48905 817.14197 733.4262 896.50097 1000.55184 987.71352 940.31962 761.07095 548.54717 537.82246 562.75483 558.33771 523.07169 325.16149 336.30492 371.61942 262.0706 344.81879 392.74673 126.82665 0 135.0037 106.40488 226.24102 
403.83288 614.3761 617.82845 738.25334 773.99741 1012.53938 1069.57655 1029.99466 843.40085 749.28232 882.22672 964.90103 944.92327 890.35105 693.47314 505.99802 504.34611 503.75887 467.44946 412.71055 211.10187 279.51565 307.76127 274.93453 460.19343 520.32297 258.66 135.0037 0 226.45087 305.0 
232.00215 458.1288 448.64239 546.18861 599.26621 841.65788 915.14479 876.57116 742.24322 666.35726 847.52109 966.14802 959.06621 918.08768 756.8256 529.86979 512.41096 556.92459 580.67288 565.89928 380.86743 343.80372 381.21516 225.25763 238.81792 293.99319 50.60632 106.40488 226.45087 0 139.23002 
100.95543 324.23602 319.88904 433.48471 474.5619 716.00907 783.25793 744.24861 603.10032 528.88656 717.74716 845.50635 842.98101 807.81804 666.58832 431.11599 407.38188 471.05838 527.48649 540.56729 387.83114 291.56817 326.79351 138.71553 189.04232 283.09892 172.98554 226.24102 305.0 139.23002 0 
