17
d8 d9 b3 d4 e7 e8 c1 b0 c9 b8 e0 b6 c4 d2 d6 b7 e4
0 124.48293 186.25251 333.47863 538.44962 407.78548 405.02098 642.40952 826.47444 771.43826 768.95318 689.51069 496.48464 395.88508 102.3914 290.73871 179.56892 
124.48293 0 65.06919 240.66574 496.59641 418.8138 470.17656 654.97633 911.77409 885.32536 889.81177 810.54857 619.62972 520.11633 225.78751 323.30326 281.93793 
186.25251 65.06919 0 185.97311 461.78999 413.75959 491.8089 645.36811 939.72868 932.70627 943.5873 864.6531 682.67781 581.89775 285.02982 374.67452 346.87317 
333.47863 240.66574 185.97311 0 299.78659 333.65401 479.12628 534.55214 923.64711 982.92268 1019.33556 943.38804 811.56946 704.89219 411.94659 560.45428 511.01565 
538.44962 496.59641 461.78999 299.78659 0 224.20749 419.06801 287.21072 783.56365 943.92425 1020.07303 954.73818 919.95923 813.08855 573.13523 814.74229 710.47097 
407.78548 418.8138 413.75959 333.65401 224.20749 0 196.12496 237.18558 602.29975 724.98965 796.49231 730.59017 709.8535 605.57741 406.97051 698.52415 554.95585 
405.02098 470.17656 491.8089 479.12628 419.06801 196.12496 0 318.52158 450.69945 530.02358 601.01996 536.69451 554.06588 458.62511 355.31676 675.8232 497.06035 
642.40952 654.97633 645.36811 534.55214 287.21072 237.18558 318.52158 0 530.17921 758.1695 862.91193 812.04987 871.88818 777.11324 629.92221 932.69555 778.80742 
826.47444 911.77409 939.72868 923.64711 783.56365 602.29975 450.69945 530.17921 0 339.2418 481.33668 475.92541 713.79338 674.58505 749.10613 1055.80916 859.61444 
771.43826 885.32536 932.70627 982.92268 943.92425 724.98965 530.02358 758.1695 339.2418 0 143.42245 161.41871 462.85418 470.91612 672.71464 920.89195 730.94049 
768.95318 889.81177 943.5873 1019.33556 1020.07303 796.49231 601.01996 862.91193 481.33668 143.42245 0 79.511 376.89786 415.60076 666.80206 874.03432 695.79882 
689.51069 810.54857 864.6531 943.38804 954.73818 730.59017 536.69451 812.04987 475.92541 161.41871 79.511 0 311.11734 339.83819 587.3304 798.23931 617.82359 
496.48464 619.62972 682.67781 811.56946 919.95923 709.8535 554.06588 871.88818 713.79338 462.85418 376.89786 311.11734 0 108.40664 402.31455 516.00387 365.12463 
395.88508 520.11633 581.89775 704.89219 813.08855 605.57741 458.62511 777.11324 674.58505 470.91612 415.60076 339.83819 108.40664 0 298.44429 458.52371 284.56985 
102.3914 225.78751 285.02982 411.94659 573.13523 406.97051 355.31676 629.92221 749.10613 672.71464 666.80206 587.3304 402.31455 298.44429 0 320.93768 148.93287 
290.73871 323.30326 374.67452 560.45428 814.74229 698.52415 675.8232 932.69555 1055.80916 920.89195 874.03432 798.23931 516.00387 458.52371 320.93768 0 196.95684 
179.56892 281.93793 346.87317 511.01565 710.47097 554.95585 497.06035 778.80742 859.61444 730.94049 695.79882 617.82359 365.12463 284.56985 148.93287 196.95684 0 
