67
181 102 23 168 103 44 82 138 172 5 153 45 56 76 62 112 98 179 66 71 182 113 2 99 188 162 126 133 156 1 142 92 114 58 83 67 147 159 101 193 146 68 117 55 34 21 176 169 57 84 192 54 163 93 136 111 189 24 152 132 106 145 38 65 30 10 190
0 91777.0 301291.0 320932.0 351601.0 408446.0 446029.0 516810.0 256829.0 385828.0 424831.0 446096.0 396364.0 533070.0 725837.0 544209.0 450717.0 452794.0 438284.0 424783.0 274060.0 181729.0 284186.0 427309.0 543698.0 598807.0 419477.0 472912.0 544366.0 512919.0 585417.0 548664.0 560608.0 625851.0 671620.0 456153.0 308828.0 614988.0 546395.0 580711.0 459636.0 469555.0 431737.0 450187.0 428863.0 261014.0 283255.0 339445.0 383293.0 271331.0 378452.0 464585.0 507220.0 680538.0 622982.0 497683.0 484050.0 314484.0 695399.0 627744.0 954235.0 516809.0 492514.0 463834.0 253149.0 500325.0 480243.0 
91777.0 0 209514.0 229155.0 259824.0 316669.0 354252.0 425033.0 177954.0 306953.0 345956.0 354319.0 304587.0 441293.0 634060.0 452432.0 358940.0 361017.0 346507.0 380975.0 330073.0 273506.0 340199.0 483322.0 451921.0 523399.0 468991.0 381135.0 516964.0 421142.0 573668.0 594112.0 625793.0 534074.0 579843.0 364376.0 217051.0 523211.0 454618.0 505073.0 454227.0 377778.0 418309.0 358410.0 349988.0 182139.0 204380.0 260570.0 291516.0 179554.0 286675.0 556362.0 598997.0 607229.0 531205.0 418808.0 392273.0 222707.0 603622.0 673192.0 980530.0 467685.0 400737.0 372057.0 344926.0 408548.0 458535.0 
301291.0 209514.0 0 19641.0 50310.0 107155.0 200018.0 311399.0 306303.0 435302.0 437690.0 402953.0 353221.0 437790.0 584644.0 399776.0 326838.0 233554.0 248064.0 282532.0 404963.0 483020.0 415089.0 558212.0 348055.0 457856.0 403448.0 366382.0 577646.0 626985.0 474459.0 402500.0 547078.0 427743.0 381974.0 413010.0 265685.0 571845.0 503252.0 501792.0 403200.0 410611.0 370080.0 148896.0 185680.0 331630.0 289131.0 232941.0 187650.0 75688.0 182809.0 491310.0 500585.0 554616.0 579839.0 423201.0 339660.0 432221.0 802927.0 481580.0 808071.0 258171.0 191223.0 162543.0 484098.0 441381.0 479443.0 
320932.0 229155.0 19641.0 0 30669.0 87514.0 180377.0 291758.0 286662.0 415661.0 454664.0 422594.0 372862.0 418149.0 565003.0 419417.0 307197.0 213913.0 228423.0 262891.0 385322.0 477653.0 395448.0 538571.0 367696.0 477497.0 423089.0 386023.0 597287.0 646626.0 494100.0 382859.0 552503.0 408102.0 362333.0 432651.0 285326.0 591486.0 522893.0 482151.0 422841.0 390970.0 350439.0 129255.0 166039.0 333888.0 308772.0 252582.0 207291.0 95329.0 202450.0 510951.0 480944.0 534975.0 599480.0 403560.0 320019.0 451862.0 783286.0 461939.0 788430.0 238530.0 171582.0 142902.0 464457.0 421740.0 459802.0 
351601.0 259824.0 50310.0 30669.0 0 56845.0 149708.0 261089.0 255993.0 384992.0 423995.0 453263.0 403531.0 387480.0 534334.0 450086.0 337866.0 183244.0 197754.0 232222.0 354653.0 446984.0 364779.0 507902.0 398365.0 468761.0 414353.0 377287.0 588551.0 677295.0 524769.0 352190.0 521834.0 416880.0 371111.0 463320.0 315995.0 622155.0 553562.0 451482.0 453510.0 360301.0 319770.0 98586.0 135370.0 303219.0 339441.0 283251.0 237960.0 125998.0 233119.0 480581.0 450275.0 565644.0 580180.0 434229.0 350688.0 482531.0 752617.0 431270.0 757761.0 207861.0 140913.0 112233.0 433788.0 391071.0 490471.0 
408446.0 316669.0 107155.0 87514.0 56845.0 0 92863.0 204244.0 199148.0 328147.0 367150.0 401887.0 376647.0 330635.0 477489.0 421259.0 353087.0 126399.0 140909.0 175377.0 297808.0 390139.0 307934.0 451057.0 455210.0 411916.0 357508.0 320442.0 531706.0 685370.0 581614.0 409035.0 564721.0 360035.0 314266.0 520165.0 372840.0 657658.0 610407.0 433533.0 468772.0 303456.0 262925.0 41741.0 78525.0 246374.0 288873.0 340096.0 294805.0 182843.0 289964.0 436065.0 393430.0 564162.0 581627.0 491074.0 407533.0 441248.0 809462.0 488115.0 814606.0 151016.0 84068.0 55388.0 441513.0 334226.0 539722.0 
446029.0 354252.0 200018.0 180377.0 149708.0 92863.0 0 111381.0 292011.0 421010.0 460013.0 494750.0 469510.0 423498.0 570352.0 456854.0 445950.0 219262.0 233772.0 268240.0 390671.0 483002.0 400797.0 543920.0 492793.0 474639.0 420231.0 332375.0 543639.0 723200.0 573469.0 501898.0 507500.0 302814.0 348583.0 472512.0 358001.0 664161.0 647990.0 526396.0 561635.0 396319.0 355788.0 134604.0 171388.0 339237.0 381736.0 377679.0 332388.0 174698.0 281819.0 508093.0 486293.0 471299.0 639341.0 583937.0 500396.0 526448.0 902325.0 580978.0 907469.0 243879.0 176931.0 148251.0 534376.0 427089.0 627761.0 
516810.0 425033.0 311399.0 291758.0 261089.0 204244.0 111381.0 0 403392.0 520359.0 481356.0 446619.0 396887.0 534879.0 681733.0 516454.0 557331.0 330643.0 345153.0 379621.0 502052.0 594383.0 512178.0 655301.0 563574.0 363258.0 308850.0 220994.0 432258.0 688070.0 644250.0 613279.0 578281.0 373595.0 419364.0 393945.0 246620.0 552780.0 585559.0 610087.0 489012.0 323696.0 283165.0 245985.0 282769.0 450618.0 493117.0 448460.0 403169.0 245479.0 352600.0 396712.0 439347.0 359918.0 560774.0 617830.0 574874.0 415067.0 795982.0 638423.0 1018850.0 355260.0 288312.0 259632.0 461753.0 354466.0 559962.0 
256829.0 177954.0 306303.0 286662.0 255993.0 199148.0 292011.0 403392.0 0 128999.0 168002.0 202739.0 252471.0 370833.0 593165.0 620303.0 536894.0 325547.0 340057.0 361974.0 211251.0 303582.0 221377.0 364500.0 547967.0 448039.0 393631.0 356565.0 481557.0 599096.0 677346.0 608183.0 447839.0 559183.0 513414.0 542330.0 395005.0 701165.0 632572.0 557188.0 490978.0 325662.0 366193.0 240889.0 277673.0 347191.0 369432.0 425622.0 437803.0 280113.0 172992.0 481493.0 524128.0 697446.0 709159.0 550530.0 570227.0 400661.0 781576.0 590781.0 928414.0 350164.0 283216.0 254536.0 450096.0 356432.0 415546.0 
385828.0 306953.0 435302.0 415661.0 384992.0 328147.0 421010.0 520359.0 128999.0 0 39003.0 73740.0 123472.0 241834.0 464166.0 491304.0 569913.0 373720.0 388230.0 422698.0 340250.0 432581.0 350376.0 493499.0 418968.0 431306.0 479835.0 437823.0 610556.0 501430.0 548347.0 488484.0 318840.0 523526.0 566307.0 610774.0 463449.0 769609.0 655173.0 428189.0 361979.0 196663.0 237194.0 369888.0 406672.0 476190.0 498431.0 554621.0 558695.0 409112.0 301991.0 580553.0 623188.0 668486.0 731508.0 421531.0 505072.0 529660.0 703206.0 567564.0 799415.0 304785.0 371733.0 383535.0 415782.0 227433.0 286547.0 
424831.0 345956.0 437690.0 454664.0 423995.0 367150.0 460013.0 481356.0 168002.0 39003.0 0 34737.0 84469.0 280837.0 503169.0 452301.0 530910.0 334717.0 349227.0 383695.0 379253.0 471584.0 389379.0 532502.0 379965.0 392303.0 440832.0 398820.0 610084.0 462427.0 509344.0 449481.0 279837.0 484523.0 527304.0 571771.0 424446.0 730606.0 616170.0 434821.0 322976.0 157660.0 198191.0 408891.0 445675.0 515193.0 537434.0 564983.0 519692.0 407730.0 340994.0 541550.0 584185.0 629483.0 738600.0 382528.0 466069.0 568663.0 742209.0 528561.0 760412.0 265782.0 332730.0 361410.0 376779.0 188430.0 247544.0 
446096.0 354319.0 402953.0 422594.0 453263.0 401887.0 494750.0 446619.0 202739.0 73740.0 34737.0 0 49732.0 262652.0 480067.0 417564.0 496173.0 299980.0 314490.0 348958.0 413990.0 506321.0 424116.0 567239.0 345228.0 357566.0 406095.0 364083.0 575347.0 427690.0 474607.0 484218.0 314574.0 519260.0 492567.0 537034.0 389709.0 695869.0 581433.0 409314.0 288239.0 122923.0 163454.0 443628.0 480412.0 536458.0 558699.0 530246.0 484955.0 372993.0 375731.0 506813.0 549448.0 594746.0 703863.0 417265.0 500806.0 558156.0 776946.0 563298.0 725675.0 300519.0 367467.0 396147.0 342042.0 153693.0 212807.0 
396364.0 304587.0 353221.0 372862.0 403531.0 376647.0 469510.0 396887.0 252471.0 123472.0 84469.0 49732.0 0 212920.0 435252.0 367832.0 446441.0 250248.0 264758.0 299226.0 449949.0 542280.0 460075.0 579721.0 295496.0 307834.0 356363.0 314351.0 525615.0 377958.0 424875.0 533950.0 364306.0 479382.0 442835.0 487302.0 339977.0 646137.0 531701.0 359582.0 238507.0 73191.0 113722.0 399818.0 436602.0 486726.0 508967.0 480514.0 435223.0 323261.0 425463.0 457081.0 499716.0 621038.0 654131.0 466997.0 550538.0 508424.0 753682.0 613030.0 675943.0 322276.0 389224.0 413465.0 292310.0 103961.0 163075.0 
533070.0 441293.0 437790.0 418149.0 387480.0 330635.0 423498.0 534879.0 370833.0 241834.0 280837.0 262652.0 212920.0 0 222332.0 442848.0 659361.0 345148.0 330638.0 296170.0 446893.0 539224.0 457019.0 600142.0 508416.0 520754.0 442726.0 525426.0 717199.0 506573.0 637795.0 687302.0 560674.0 427110.0 472879.0 596808.0 497464.0 536020.0 580071.0 528754.0 451427.0 286111.0 324797.0 288894.0 325678.0 493527.0 536026.0 592216.0 571929.0 459967.0 543825.0 502136.0 544771.0 671454.0 489674.0 663365.0 731607.0 562041.0 728159.0 709853.0 888863.0 395799.0 396133.0 367453.0 486327.0 313915.0 375995.0 
725837.0 634060.0 584644.0 565003.0 534334.0 477489.0 570352.0 681733.0 593165.0 464166.0 503169.0 480067.0 435252.0 222332.0 0 665180.0 739270.0 567480.0 552970.0 518502.0 503172.0 595503.0 513298.0 656421.0 602841.0 634431.0 455101.0 542957.0 540053.0 284241.0 436767.0 758181.0 783006.0 580242.0 626011.0 749940.0 692870.0 758352.0 710505.0 423525.0 544600.0 507146.0 466615.0 435748.0 472532.0 640381.0 682880.0 739070.0 772294.0 660332.0 675740.0 667885.0 663738.0 541894.0 712006.0 840391.0 756850.0 690837.0 950491.0 837261.0 1111195.0 609935.0 542987.0 514307.0 645203.0 536247.0 466924.0 
544209.0 452432.0 399776.0 419417.0 450086.0 421259.0 456854.0 516454.0 620303.0 491304.0 452301.0 417564.0 367832.0 442848.0 665180.0 0 226413.0 294860.0 309370.0 343838.0 494561.0 586892.0 504687.0 647810.0 642183.0 597003.0 511080.0 454739.0 572381.0 745790.0 768587.0 734970.0 732138.0 686406.0 716955.0 627690.0 480365.0 585642.0 730281.0 581032.0 459957.0 294641.0 254110.0 444430.0 481214.0 530363.0 487864.0 527069.0 481778.0 369816.0 476937.0 551758.0 594393.0 767711.0 794519.0 759268.0 739436.0 609709.0 894070.0 759475.0 1043775.0 483398.0 486757.0 458077.0 432698.0 325411.0 530907.0 
450717.0 358940.0 326838.0 307197.0 337866.0 353087.0 445950.0 557331.0 536894.0 569913.0 530910.0 496173.0 446441.0 659361.0 739270.0 226413.0 0 479486.0 493996.0 528464.0 545672.0 632446.0 555798.0 698921.0 618203.0 676316.0 565184.0 584842.0 483968.0 739780.0 801297.0 690056.0 810747.0 713122.0 667353.0 723316.0 575991.0 695655.0 813558.0 659641.0 538566.0 373250.0 397505.0 394828.0 426360.0 303950.0 261451.0 317641.0 362932.0 402526.0 509647.0 709770.0 746517.0 842172.0 837666.0 710757.0 627216.0 581647.0 962562.0 769136.0 1095627.0 504103.0 437155.0 408475.0 576093.0 404020.0 609516.0 
452794.0 361017.0 233554.0 213913.0 183244.0 126399.0 219262.0 330643.0 325547.0 373720.0 334717.0 299980.0 250248.0 345148.0 567480.0 294860.0 479486.0 0 14510.0 48978.0 199701.0 292032.0 209827.0 352950.0 545744.0 419224.0 364816.0 327750.0 470007.0 558971.0 605638.0 440110.0 522678.0 391546.0 422095.0 487690.0 362781.0 531259.0 517762.0 463448.0 342373.0 177057.0 136526.0 149570.0 186354.0 354203.0 396702.0 452892.0 421204.0 309242.0 416363.0 339239.0 381874.0 555192.0 654519.0 567956.0 484415.0 314849.0 695764.0 519190.0 845681.0 258845.0 191897.0 163217.0 315114.0 207827.0 413323.0 
438284.0 346507.0 248064.0 228423.0 197754.0 140909.0 233772.0 345153.0 340057.0 388230.0 349227.0 314490.0 264758.0 330638.0 552970.0 309370.0 493996.0 14510.0 0 34468.0 185191.0 277522.0 195317.0 338440.0 560254.0 433734.0 379326.0 342260.0 455497.0 544461.0 591128.0 425600.0 537188.0 406056.0 436605.0 502200.0 377291.0 545769.0 503252.0 477958.0 356883.0 191567.0 151036.0 164080.0 200864.0 368713.0 411212.0 467402.0 435714.0 323752.0 430873.0 324729.0 367364.0 540682.0 669029.0 553446.0 469905.0 300339.0 681254.0 504680.0 831171.0 273355.0 206407.0 177727.0 329624.0 222337.0 427833.0 
424783.0 380975.0 282532.0 262891.0 232222.0 175377.0 268240.0 379621.0 361974.0 422698.0 383695.0 348958.0 299226.0 296170.0 518502.0 343838.0 528464.0 48978.0 34468.0 0 150723.0 243054.0 160849.0 303972.0 588197.0 468202.0 413794.0 376728.0 421029.0 578929.0 625596.0 391132.0 560776.0 440524.0 471073.0 536668.0 411759.0 580237.0 537720.0 512426.0 391351.0 226035.0 185504.0 198548.0 235332.0 403181.0 445680.0 442713.0 470182.0 358220.0 465341.0 359197.0 401832.0 575150.0 703497.0 518978.0 435437.0 265871.0 646786.0 470212.0 796703.0 307823.0 240875.0 212195.0 364092.0 256805.0 462301.0 
274060.0 330073.0 404963.0 385322.0 354653.0 297808.0 390671.0 502052.0 211251.0 340250.0 379253.0 413990.0 449949.0 446893.0 503172.0 494561.0 545672.0 199701.0 185191.0 150723.0 0 92331.0 10126.0 153249.0 437474.0 590784.0 431102.0 481570.0 270306.0 526118.0 678644.0 458610.0 628254.0 484186.0 529955.0 653884.0 547124.0 730960.0 688443.0 541977.0 542074.0 376758.0 336227.0 339549.0 376333.0 390679.0 348180.0 291990.0 337281.0 330921.0 315737.0 509920.0 552555.0 618661.0 780558.0 570246.0 556416.0 386850.0 662936.0 379530.0 864181.0 433572.0 381876.0 353196.0 238845.0 407528.0 613024.0 
181729.0 273506.0 483020.0 477653.0 446984.0 390139.0 483002.0 594383.0 303582.0 432581.0 471584.0 506321.0 542280.0 539224.0 595503.0 586892.0 632446.0 292032.0 277522.0 243054.0 92331.0 0 102457.0 245580.0 529805.0 683115.0 523433.0 573901.0 362637.0 618449.0 767146.0 550941.0 720585.0 576517.0 622286.0 637882.0 490557.0 796717.0 728124.0 584365.0 634405.0 469089.0 428558.0 431880.0 468664.0 442743.0 440511.0 384321.0 429612.0 423252.0 408068.0 602251.0 644886.0 710992.0 713063.0 662577.0 648747.0 479181.0 755267.0 471861.0 956512.0 525903.0 474207.0 445527.0 331176.0 499859.0 661972.0 
284186.0 340199.0 415089.0 395448.0 364779.0 307934.0 400797.0 512178.0 221377.0 350376.0 389379.0 424116.0 460075.0 457019.0 513298.0 504687.0 555798.0 209827.0 195317.0 160849.0 10126.0 102457.0 0 143123.0 427348.0 600910.0 441228.0 491696.0 280432.0 536244.0 688770.0 448484.0 618128.0 474060.0 519829.0 643758.0 557250.0 741086.0 698569.0 531851.0 552200.0 386884.0 346353.0 349675.0 386459.0 380553.0 338054.0 281864.0 327155.0 341047.0 325863.0 520046.0 562681.0 628787.0 790684.0 580372.0 566542.0 396976.0 673062.0 369404.0 854055.0 443698.0 392002.0 363322.0 248971.0 417654.0 623150.0 
427309.0 483322.0 558212.0 538571.0 507902.0 451057.0 543920.0 655301.0 364500.0 493499.0 532502.0 567239.0 579721.0 600142.0 656421.0 647810.0 698921.0 352950.0 338440.0 303972.0 153249.0 245580.0 143123.0 0 284225.0 735194.0 584351.0 634819.0 423555.0 679367.0 626775.0 305361.0 475005.0 541286.0 495517.0 710984.0 700373.0 741311.0 835989.0 674974.0 695323.0 530007.0 489476.0 492798.0 529582.0 523676.0 481177.0 424987.0 470278.0 484170.0 468986.0 663169.0 705804.0 771910.0 753884.0 723495.0 709665.0 540099.0 547628.0 226281.0 710932.0 586821.0 535125.0 506445.0 392094.0 560777.0 742796.0 
543698.0 451921.0 348055.0 367696.0 398365.0 455210.0 492793.0 563574.0 547967.0 418968.0 379965.0 345228.0 295496.0 508416.0 602841.0 642183.0 618203.0 545744.0 560254.0 588197.0 437474.0 529805.0 427348.0 284225.0 0 540020.0 645855.0 608789.0 707780.0 673454.0 716866.0 589586.0 659802.0 755007.0 730029.0 655417.0 508092.0 457086.0 745659.0 655078.0 534003.0 368687.0 409218.0 496951.0 533735.0 574037.0 531538.0 475348.0 430057.0 318095.0 425216.0 733717.0 776352.0 902671.0 822246.0 758757.0 687715.0 674628.0 831853.0 510506.0 971439.0 606226.0 539278.0 510598.0 587806.0 399457.0 458571.0 
598807.0 523399.0 457856.0 477497.0 468761.0 411916.0 474639.0 363258.0 448039.0 431306.0 392303.0 357566.0 307834.0 520754.0 634431.0 597003.0 676316.0 419224.0 433734.0 468202.0 590784.0 683115.0 600910.0 735194.0 540020.0 0 179330.0 142264.0 353528.0 609340.0 577020.0 721855.0 552211.0 486889.0 441120.0 453673.0 306348.0 612508.0 681780.0 505444.0 546341.0 381025.0 342893.0 370175.0 333391.0 372366.0 414865.0 471055.0 516346.0 382168.0 275047.0 267192.0 309827.0 483145.0 620502.0 677558.0 644361.0 474795.0 672978.0 710356.0 792895.0 544362.0 477414.0 448734.0 436133.0 411795.0 470909.0 
419477.0 468991.0 403448.0 423089.0 414353.0 357508.0 420231.0 308850.0 393631.0 479835.0 440832.0 406095.0 356363.0 442726.0 455101.0 511080.0 565184.0 364816.0 379326.0 413794.0 431102.0 523433.0 441228.0 584351.0 645855.0 179330.0 0 87856.0 299120.0 550216.0 397690.0 542525.0 372881.0 307559.0 261790.0 377148.0 251940.0 558100.0 502450.0 326114.0 447189.0 297501.0 256970.0 315767.0 278983.0 317958.0 360457.0 416647.0 461938.0 327760.0 220639.0 212784.0 255419.0 428737.0 543977.0 588204.0 589953.0 420387.0 801302.0 531026.0 948096.0 486258.0 423006.0 394326.0 256803.0 328271.0 451982.0 
472912.0 381135.0 366382.0 386023.0 377287.0 320442.0 332375.0 220994.0 356565.0 437823.0 398820.0 364083.0 314351.0 525426.0 542957.0 454739.0 584842.0 327750.0 342260.0 376728.0 481570.0 573901.0 491696.0 634819.0 608789.0 142264.0 87856.0 0 211264.0 467076.0 485546.0 630381.0 460737.0 395415.0 349646.0 311409.0 164084.0 470244.0 590306.0 413970.0 406476.0 241160.0 200629.0 278701.0 241917.0 280892.0 323391.0 379581.0 424872.0 290694.0 183573.0 175718.0 218353.0 391671.0 478238.0 535294.0 502097.0 332531.0 713446.0 618882.0 935159.0 429917.0 385940.0 357260.0 344659.0 271930.0 395976.0 
544366.0 516964.0 577646.0 597287.0 588551.0 531706.0 543639.0 432258.0 481557.0 610556.0 610084.0 575347.0 525615.0 717199.0 540053.0 572381.0 483968.0 470007.0 455497.0 421029.0 270306.0 362637.0 280432.0 423555.0 707780.0 353528.0 299120.0 211264.0 0 255812.0 408338.0 728916.0 672001.0 606679.0 560910.0 522673.0 375348.0 681508.0 801570.0 625234.0 617740.0 452424.0 411893.0 489965.0 453181.0 492156.0 534655.0 562296.0 549349.0 501958.0 394837.0 386982.0 429617.0 602935.0 689502.0 718024.0 713361.0 543795.0 924710.0 649836.0 1134487.0 641181.0 597204.0 568524.0 504302.0 483194.0 607240.0 
512919.0 421142.0 626985.0 646626.0 677295.0 685370.0 723200.0 688070.0 599096.0 501430.0 462427.0 427690.0 377958.0 506573.0 284241.0 745790.0 739780.0 558971.0 544461.0 578929.0 526118.0 618449.0 536244.0 679367.0 673454.0 609340.0 550216.0 467076.0 255812.0 0 152526.0 473940.0 625072.0 420386.0 374617.0 590084.0 631160.0 937320.0 820916.0 707766.0 616465.0 451149.0 491680.0 708541.0 708993.0 603281.0 625522.0 681712.0 708987.0 551297.0 650649.0 592340.0 549705.0 723023.0 632984.0 780950.0 697409.0 527843.0 874367.0 553020.0 879511.0 700234.0 662175.0 633495.0 670268.0 461210.0 352891.0 
585417.0 573668.0 474459.0 494100.0 524769.0 581614.0 573469.0 644250.0 677346.0 548347.0 509344.0 474607.0 424875.0 637795.0 436767.0 768587.0 801297.0 605638.0 591128.0 625596.0 678644.0 767146.0 688770.0 626775.0 716866.0 577020.0 397690.0 485546.0 408338.0 152526.0 0 321414.0 491058.0 572912.0 527143.0 742610.0 634496.0 793313.0 668390.0 723804.0 663382.0 498066.0 538597.0 623355.0 660139.0 700441.0 657942.0 601752.0 556461.0 398771.0 505892.0 447449.0 490084.0 663402.0 785510.0 885161.0 814119.0 680369.0 721841.0 400494.0 726985.0 732630.0 665682.0 637002.0 654493.0 528836.0 505417.0 
548664.0 594112.0 402500.0 382859.0 352190.0 409035.0 501898.0 613279.0 608183.0 488484.0 449481.0 484218.0 533950.0 687302.0 758181.0 734970.0 690056.0 440110.0 425600.0 391132.0 458610.0 550941.0 448484.0 305361.0 589586.0 721855.0 542525.0 630381.0 728916.0 473940.0 321414.0 0 169644.0 374330.0 348316.0 470474.0 617799.0 761359.0 688788.0 666003.0 772457.0 607141.0 576636.0 450776.0 487560.0 655409.0 691631.0 635441.0 590150.0 478188.0 585309.0 577587.0 620222.0 793540.0 606683.0 694359.0 642503.0 472937.0 400427.0 79080.0 405571.0 560051.0 493103.0 464423.0 697455.0 637911.0 565406.0 
560608.0 625793.0 547078.0 552503.0 521834.0 564721.0 507500.0 578281.0 447839.0 318840.0 279837.0 314574.0 364306.0 560674.0 783006.0 732138.0 810747.0 522678.0 537188.0 560776.0 628254.0 720585.0 618128.0 475005.0 659802.0 552211.0 372881.0 460737.0 672001.0 625072.0 491058.0 169644.0 0 204686.0 250455.0 300830.0 448155.0 591715.0 643581.0 692599.0 602813.0 437497.0 478028.0 587892.0 624676.0 690839.0 730561.0 674371.0 629080.0 471390.0 578511.0 585665.0 562216.0 649439.0 467659.0 524715.0 608256.0 642581.0 570071.0 248724.0 575215.0 545619.0 538013.0 509333.0 629684.0 468267.0 395762.0 
625851.0 534074.0 427743.0 408102.0 416880.0 360035.0 302814.0 373595.0 559183.0 523526.0 484523.0 519260.0 479382.0 427110.0 580242.0 686406.0 713122.0 391546.0 406056.0 440524.0 484186.0 576517.0 474060.0 541286.0 755007.0 486889.0 307559.0 395415.0 606679.0 420386.0 572912.0 374330.0 204686.0 0 45769.0 169698.0 317023.0 623183.0 682253.0 487913.0 608988.0 552573.0 528072.0 383206.0 419990.0 587839.0 630338.0 603179.0 557888.0 436912.0 528198.0 400165.0 357530.0 518307.0 336527.0 393583.0 477124.0 646690.0 636352.0 315005.0 779901.0 380036.0 333327.0 304647.0 564362.0 571856.0 463537.0 
671620.0 579843.0 381974.0 362333.0 371111.0 314266.0 348583.0 419364.0 513414.0 566307.0 527304.0 492567.0 442835.0 472879.0 626011.0 716955.0 667353.0 422095.0 436605.0 471073.0 529955.0 622286.0 519829.0 495517.0 730029.0 441120.0 261790.0 349646.0 560910.0 374617.0 527143.0 348316.0 250455.0 45769.0 0 215467.0 362792.0 668952.0 636484.0 533682.0 654757.0 516026.0 518760.0 337437.0 374221.0 542070.0 584569.0 614915.0 569624.0 457662.0 482429.0 354396.0 311761.0 485079.0 326811.0 439352.0 522893.0 682177.0 590583.0 269236.0 753887.0 354506.0 287558.0 258878.0 518593.0 526087.0 417768.0 
456153.0 364376.0 413010.0 432651.0 463320.0 520165.0 472512.0 393945.0 542330.0 610774.0 571771.0 537034.0 487302.0 596808.0 749940.0 627690.0 723316.0 487690.0 502200.0 536668.0 653884.0 637882.0 643758.0 710984.0 655417.0 453673.0 377148.0 311409.0 522673.0 590084.0 742610.0 470474.0 300830.0 169698.0 215467.0 0 147325.0 453485.0 658114.0 650098.0 579427.0 414111.0 373580.0 530000.0 493216.0 532191.0 568756.0 540303.0 495012.0 383050.0 490171.0 487127.0 521927.0 348609.0 166829.0 223885.0 307426.0 476992.0 806050.0 484703.0 876045.0 549734.0 503025.0 474345.0 552168.0 444881.0 583200.0 
308828.0 217051.0 265685.0 285326.0 315995.0 372840.0 358001.0 246620.0 395005.0 463449.0 424446.0 389709.0 339977.0 497464.0 692870.0 480365.0 575991.0 362781.0 377291.0 411759.0 547124.0 490557.0 557250.0 700373.0 508092.0 306348.0 251940.0 164084.0 375348.0 631160.0 634496.0 617799.0 448155.0 317023.0 362792.0 147325.0 0 306160.0 510789.0 553177.0 432102.0 266786.0 226255.0 414581.0 406001.0 399190.0 421431.0 392978.0 347687.0 235725.0 342846.0 339802.0 382437.0 495934.0 314154.0 371210.0 454751.0 358157.0 739072.0 632028.0 1015920.0 455543.0 456908.0 428228.0 404843.0 297556.0 435875.0 
614988.0 523211.0 571845.0 591486.0 622155.0 657658.0 664161.0 552780.0 701165.0 769609.0 730606.0 695869.0 646137.0 536020.0 758352.0 585642.0 695655.0 531259.0 545769.0 580237.0 730960.0 796717.0 741086.0 741311.0 457086.0 612508.0 558100.0 470244.0 681508.0 937320.0 793313.0 761359.0 591715.0 623183.0 668952.0 453485.0 306160.0 0 325837.0 706441.0 738262.0 572946.0 532415.0 680829.0 712161.0 705350.0 727591.0 699138.0 653847.0 541885.0 649006.0 644930.0 687565.0 802094.0 620314.0 677370.0 760911.0 664317.0 1045232.0 734631.0 1166930.0 671267.0 604319.0 632999.0 711003.0 603716.0 742035.0 
546395.0 454618.0 503252.0 522893.0 553562.0 610407.0 647990.0 585559.0 632572.0 655173.0 616170.0 581433.0 531701.0 580071.0 710505.0 730281.0 813558.0 517762.0 503252.0 537720.0 688443.0 728124.0 698569.0 835989.0 745659.0 681780.0 502450.0 590306.0 801570.0 820916.0 668390.0 688788.0 643581.0 682253.0 636484.0 658114.0 510789.0 325837.0 0 581518.0 623826.0 458510.0 499041.0 652148.0 688932.0 636757.0 658998.0 630545.0 585254.0 473292.0 580413.0 548337.0 590972.0 764290.0 824943.0 761454.0 842912.0 677325.0 802224.0 609708.0 1046840.0 707595.0 694475.0 665795.0 677629.0 489280.0 694776.0 
580711.0 505073.0 501792.0 482151.0 451482.0 433533.0 526396.0 610087.0 557188.0 428189.0 434821.0 409314.0 359582.0 528754.0 423525.0 581032.0 659641.0 463448.0 477958.0 512426.0 541977.0 584365.0 531851.0 674974.0 655078.0 505444.0 326114.0 413970.0 625234.0 707766.0 723804.0 666003.0 692599.0 487913.0 533682.0 650098.0 553177.0 706441.0 581518.0 0 121075.0 286391.0 326922.0 391792.0 428576.0 596425.0 638924.0 695114.0 671881.0 577480.0 546753.0 538898.0 581533.0 673385.0 489780.0 541970.0 458429.0 505953.0 832327.0 745083.0 1035525.0 494029.0 499031.0 470351.0 504418.0 317161.0 522657.0 
459636.0 454227.0 403200.0 422841.0 453510.0 468772.0 561635.0 489012.0 490978.0 361979.0 322976.0 288239.0 238507.0 451427.0 544600.0 459957.0 538566.0 342373.0 356883.0 391351.0 542074.0 634405.0 552200.0 695323.0 534003.0 546341.0 447189.0 406476.0 617740.0 616465.0 663382.0 772457.0 602813.0 608988.0 654757.0 579427.0 432102.0 738262.0 623826.0 121075.0 0 165316.0 205847.0 491943.0 528727.0 623464.0 644906.0 626254.0 580963.0 478888.0 586009.0 549157.0 591792.0 713163.0 610855.0 663045.0 579504.0 600549.0 845807.0 851537.0 914450.0 414401.0 481349.0 505590.0 384435.0 196086.0 401582.0 
469555.0 377778.0 410611.0 390970.0 360301.0 303456.0 396319.0 323696.0 325662.0 196663.0 157660.0 122923.0 73191.0 286111.0 507146.0 294641.0 373250.0 177057.0 191567.0 226035.0 376758.0 469089.0 386884.0 530007.0 368687.0 381025.0 297501.0 241160.0 452424.0 451149.0 498066.0 607141.0 437497.0 552573.0 516026.0 414111.0 266786.0 572946.0 458510.0 286391.0 165316.0 0 40531.0 326627.0 363411.0 522052.0 479590.0 460938.0 415647.0 396452.0 424733.0 383890.0 426525.0 547847.0 580940.0 540188.0 604799.0 435233.0 680491.0 686221.0 749134.0 249085.0 316033.0 340274.0 219119.0 30770.0 236266.0 
431737.0 418309.0 370080.0 350439.0 319770.0 262925.0 355788.0 283165.0 366193.0 237194.0 198191.0 163454.0 113722.0 324797.0 466615.0 254110.0 397505.0 136526.0 151036.0 185504.0 336227.0 428558.0 346353.0 489476.0 409218.0 342893.0 256970.0 200629.0 411893.0 491680.0 538597.0 576636.0 478028.0 528072.0 518760.0 373580.0 226255.0 532415.0 499041.0 326922.0 205847.0 40531.0 0 286096.0 322880.0 481521.0 439059.0 441141.0 395850.0 436983.0 384202.0 376347.0 418982.0 588378.0 540409.0 509989.0 564268.0 394702.0 639960.0 655716.0 789665.0 229288.0 296236.0 299743.0 178588.0 71301.0 276797.0 
450187.0 358410.0 148896.0 129255.0 98586.0 41741.0 134604.0 245985.0 240889.0 369888.0 408891.0 443628.0 399818.0 288894.0 435748.0 444430.0 394828.0 149570.0 164080.0 198548.0 339549.0 431880.0 349675.0 492798.0 496951.0 370175.0 315767.0 278701.0 489965.0 708541.0 623355.0 450776.0 587892.0 383206.0 337437.0 530000.0 414581.0 680829.0 652148.0 391792.0 491943.0 326627.0 286096.0 0 36784.0 204633.0 247132.0 303322.0 336546.0 224584.0 331705.0 403629.0 416601.0 589919.0 539886.0 532815.0 449274.0 446383.0 827298.0 529856.0 856347.0 174187.0 107239.0 78559.0 464684.0 357397.0 562893.0 
428863.0 349988.0 185680.0 166039.0 135370.0 78525.0 171388.0 282769.0 277673.0 406672.0 445675.0 480412.0 436602.0 325678.0 472532.0 481214.0 426360.0 186354.0 200864.0 235332.0 376333.0 468664.0 386459.0 529582.0 533735.0 333391.0 278983.0 241917.0 453181.0 708993.0 660139.0 487560.0 624676.0 419990.0 374221.0 493216.0 406001.0 712161.0 688932.0 428576.0 528727.0 363411.0 322880.0 36784.0 0 167849.0 210348.0 266538.0 311829.0 261368.0 367072.0 366845.0 409480.0 582798.0 503102.0 569599.0 486058.0 409599.0 790514.0 566640.0 893131.0 210971.0 144023.0 115343.0 501468.0 394181.0 599677.0 
261014.0 182139.0 331630.0 333888.0 303219.0 246374.0 339237.0 450618.0 347191.0 476190.0 515193.0 536458.0 486726.0 493527.0 640381.0 530363.0 303950.0 354203.0 368713.0 403181.0 390679.0 442743.0 380553.0 523676.0 574037.0 372366.0 317958.0 280892.0 492156.0 603281.0 700441.0 655409.0 690839.0 587839.0 542070.0 532191.0 399190.0 705350.0 636757.0 596425.0 623464.0 522052.0 481521.0 204633.0 167849.0 0 42499.0 98689.0 143980.0 301670.0 406047.0 405820.0 448455.0 621773.0 670951.0 588045.0 574412.0 404846.0 785761.0 734489.0 1060980.0 378820.0 311872.0 283192.0 514163.0 552822.0 517495.0 
283255.0 204380.0 289131.0 308772.0 339441.0 288873.0 381736.0 493117.0 369432.0 498431.0 537434.0 558699.0 508967.0 536026.0 682880.0 487864.0 261451.0 396702.0 411212.0 445680.0 348180.0 440511.0 338054.0 481177.0 531538.0 414865.0 360457.0 323391.0 534655.0 625522.0 657942.0 691631.0 730561.0 630338.0 584569.0 568756.0 421431.0 727591.0 658998.0 638924.0 644906.0 479590.0 439059.0 247132.0 210348.0 42499.0 0 56190.0 101481.0 259171.0 366292.0 448319.0 490954.0 664272.0 713450.0 610286.0 596653.0 427087.0 808002.0 707458.0 1097202.0 421319.0 354371.0 325691.0 536404.0 510360.0 474996.0 
339445.0 260570.0 232941.0 252582.0 283251.0 340096.0 377679.0 448460.0 425622.0 554621.0 564983.0 530246.0 480514.0 592216.0 739070.0 527069.0 317641.0 452892.0 467402.0 442713.0 291990.0 384321.0 281864.0 424987.0 475348.0 471055.0 416647.0 379581.0 562296.0 681712.0 601752.0 635441.0 674371.0 603179.0 614915.0 540303.0 392978.0 699138.0 630545.0 695114.0 626254.0 460938.0 441141.0 303322.0 266538.0 98689.0 56190.0 0 45291.0 202981.0 310102.0 399749.0 442384.0 615702.0 707132.0 643643.0 572601.0 483277.0 864192.0 651268.0 1041012.0 477509.0 410561.0 381881.0 530835.0 491708.0 531186.0 
383293.0 291516.0 187650.0 207291.0 237960.0 294805.0 332388.0 403169.0 437803.0 558695.0 519692.0 484955.0 435223.0 571929.0 772294.0 481778.0 362932.0 421204.0 435714.0 470182.0 337281.0 429612.0 327155.0 470278.0 430057.0 516346.0 461938.0 424872.0 549349.0 708987.0 556461.0 590150.0 629080.0 557888.0 569624.0 495012.0 347687.0 653847.0 585254.0 671881.0 580963.0 415647.0 395850.0 336546.0 311829.0 143980.0 101481.0 45291.0 0 157690.0 264811.0 354458.0 397093.0 570411.0 661841.0 598352.0 527310.0 514223.0 895138.0 669230.0 995721.0 445821.0 378873.0 350193.0 574438.0 446417.0 576477.0 
271331.0 179554.0 75688.0 95329.0 125998.0 182843.0 174698.0 245479.0 280113.0 409112.0 407730.0 372993.0 323261.0 459967.0 660332.0 369816.0 402526.0 309242.0 323752.0 358220.0 330921.0 423252.0 341047.0 484170.0 318095.0 382168.0 327760.0 290694.0 501958.0 551297.0 398771.0 478188.0 471390.0 436912.0 457662.0 383050.0 235725.0 541885.0 473292.0 577480.0 478888.0 396452.0 436983.0 224584.0 261368.0 301670.0 259171.0 202981.0 157690.0 0 107121.0 415622.0 458257.0 605397.0 549879.0 486390.0 415348.0 402261.0 783176.0 557268.0 883759.0 333859.0 266911.0 238231.0 524480.0 427222.0 453063.0 
378452.0 286675.0 182809.0 202450.0 233119.0 289964.0 281819.0 352600.0 172992.0 301991.0 340994.0 375731.0 425463.0 543825.0 675740.0 476937.0 509647.0 416363.0 430873.0 465341.0 315737.0 408068.0 325863.0 468986.0 425216.0 275047.0 220639.0 183573.0 394837.0 650649.0 505892.0 585309.0 578511.0 528198.0 482429.0 490171.0 342846.0 649006.0 580413.0 546753.0 586009.0 424733.0 384202.0 331705.0 367072.0 406047.0 366292.0 310102.0 264811.0 107121.0 0 308501.0 351136.0 524454.0 657000.0 593511.0 522469.0 509382.0 890297.0 664389.0 990880.0 440980.0 374032.0 345352.0 477442.0 455503.0 560184.0 
464585.0 556362.0 491310.0 510951.0 480581.0 436065.0 508093.0 396712.0 481493.0 580553.0 541550.0 506813.0 457081.0 502136.0 667885.0 551758.0 709770.0 339239.0 324729.0 359197.0 509920.0 602251.0 520046.0 663169.0 733717.0 267192.0 212784.0 175718.0 386982.0 592340.0 447449.0 577587.0 585665.0 400165.0 354396.0 487127.0 339802.0 644930.0 548337.0 538898.0 549157.0 383890.0 376347.0 403629.0 366845.0 405820.0 448319.0 399749.0 354458.0 415622.0 308501.0 0 42635.0 215953.0 421835.0 514450.0 430909.0 508249.0 889164.0 577531.0 968566.0 418945.0 351997.0 380677.0 469587.0 414660.0 571694.0 
507220.0 598997.0 500585.0 480944.0 450275.0 393430.0 486293.0 439347.0 524128.0 623188.0 584185.0 549448.0 499716.0 544771.0 663738.0 594393.0 746517.0 381874.0 367364.0 401832.0 552555.0 644886.0 562681.0 705804.0 776352.0 309827.0 255419.0 218353.0 429617.0 549705.0 490084.0 620222.0 562216.0 357530.0 311761.0 521927.0 382437.0 687565.0 590972.0 581533.0 591792.0 426525.0 418982.0 416601.0 409480.0 448455.0 490954.0 442384.0 397093.0 458257.0 351136.0 42635.0 0 173318.0 379200.0 471815.0 388274.0 550884.0 902344.0 580997.0 925931.0 376310.0 309362.0 338042.0 512222.0 457295.0 614329.0 
680538.0 607229.0 554616.0 534975.0 565644.0 564162.0 471299.0 359918.0 697446.0 668486.0 629483.0 594746.0 621038.0 671454.0 541894.0 767711.0 842172.0 555192.0 540682.0 575150.0 618661.0 710992.0 628787.0 771910.0 902671.0 483145.0 428737.0 391671.0 602935.0 723023.0 663402.0 793540.0 649439.0 518307.0 485079.0 348609.0 495934.0 802094.0 764290.0 673385.0 713163.0 547847.0 588378.0 589919.0 582798.0 621773.0 664272.0 615702.0 570411.0 605397.0 524454.0 215953.0 173318.0 0 205882.0 298497.0 214956.0 384522.0 765437.0 733485.0 752613.0 549628.0 482680.0 511360.0 629898.0 578617.0 470505.0 
622982.0 531205.0 579839.0 599480.0 580180.0 581627.0 639341.0 560774.0 709159.0 731508.0 738600.0 703863.0 654131.0 489674.0 712006.0 794519.0 837666.0 654519.0 669029.0 703497.0 780558.0 713063.0 790684.0 753884.0 822246.0 620502.0 543977.0 478238.0 689502.0 632984.0 785510.0 606683.0 467659.0 336527.0 326811.0 166829.0 314154.0 620314.0 824943.0 489780.0 610855.0 580940.0 540409.0 539886.0 503102.0 670951.0 713450.0 707132.0 661841.0 549879.0 657000.0 421835.0 379200.0 205882.0 0 390714.0 420838.0 590404.0 848950.0 527603.0 958495.0 681317.0 614369.0 585689.0 614324.0 611710.0 676135.0 
497683.0 418808.0 423201.0 403560.0 434229.0 491074.0 583937.0 617830.0 550530.0 421531.0 382528.0 417265.0 466997.0 663365.0 840391.0 759268.0 710757.0 567956.0 553446.0 518978.0 570246.0 662577.0 580372.0 723495.0 758757.0 677558.0 588204.0 535294.0 718024.0 780950.0 885161.0 694359.0 524715.0 393583.0 439352.0 223885.0 371210.0 677370.0 761454.0 541970.0 663045.0 540188.0 509989.0 532815.0 569599.0 588045.0 610286.0 643643.0 598352.0 486390.0 593511.0 514450.0 471815.0 298497.0 390714.0 0 83541.0 253107.0 634022.0 708588.0 1051110.0 642090.0 575142.0 546462.0 331401.0 570958.0 630072.0 
484050.0 392273.0 339660.0 320019.0 350688.0 407533.0 500396.0 574874.0 570227.0 505072.0 466069.0 500806.0 550538.0 731607.0 756850.0 739436.0 627216.0 484415.0 469905.0 435437.0 556416.0 648747.0 566542.0 709665.0 687715.0 644361.0 589953.0 502097.0 713361.0 697409.0 814119.0 642503.0 608256.0 477124.0 522893.0 307426.0 454751.0 760911.0 842912.0 458429.0 579504.0 604799.0 564268.0 449274.0 486058.0 574412.0 596653.0 572601.0 527310.0 415348.0 522469.0 430909.0 388274.0 214956.0 420838.0 83541.0 0 169566.0 550481.0 721583.0 967569.0 558549.0 491601.0 462921.0 414942.0 635569.0 685461.0 
314484.0 222707.0 432221.0 451862.0 482531.0 441248.0 526448.0 415067.0 400661.0 529660.0 568663.0 558156.0 508424.0 562041.0 690837.0 609709.0 581647.0 314849.0 300339.0 265871.0 386850.0 479181.0 396976.0 540099.0 674628.0 474795.0 420387.0 332531.0 543795.0 527843.0 680369.0 472937.0 642581.0 646690.0 682177.0 476992.0 358157.0 664317.0 677325.0 505953.0 600549.0 435233.0 394702.0 446383.0 409599.0 404846.0 427087.0 483277.0 514223.0 402261.0 509382.0 508249.0 550884.0 384522.0 590404.0 253107.0 169566.0 0 380915.0 552017.0 878508.0 573694.0 506746.0 478066.0 567633.0 466003.0 671499.0 
695399.0 603622.0 802927.0 783286.0 752617.0 809462.0 902325.0 795982.0 781576.0 703206.0 742209.0 776946.0 753682.0 728159.0 950491.0 894070.0 962562.0 695764.0 681254.0 646786.0 662936.0 755267.0 673062.0 547628.0 831853.0 672978.0 801302.0 713446.0 924710.0 874367.0 721841.0 400427.0 570071.0 636352.0 590583.0 806050.0 739072.0 1045232.0 802224.0 832327.0 845807.0 680491.0 639960.0 827298.0 790514.0 785761.0 808002.0 864192.0 895138.0 783176.0 890297.0 889164.0 902344.0 765437.0 848950.0 634022.0 550481.0 380915.0 0 321347.0 805998.0 869248.0 878141.0 849461.0 818548.0 711261.0 904056.0 
627744.0 673192.0 481580.0 461939.0 431270.0 488115.0 580978.0 638423.0 590781.0 567564.0 528561.0 563298.0 613030.0 709853.0 837261.0 759475.0 769136.0 519190.0 504680.0 470212.0 379530.0 471861.0 369404.0 226281.0 510506.0 710356.0 531026.0 618882.0 649836.0 553020.0 400494.0 79080.0 248724.0 315005.0 269236.0 484703.0 632028.0 734631.0 609708.0 745083.0 851537.0 686221.0 655716.0 529856.0 566640.0 734489.0 707458.0 651268.0 669230.0 557268.0 664389.0 577531.0 580997.0 733485.0 527603.0 708588.0 721583.0 552017.0 321347.0 0 484651.0 623742.0 556794.0 528114.0 618375.0 716991.0 618560.0 
954235.0 980530.0 808071.0 788430.0 757761.0 814606.0 907469.0 1018850.0 928414.0 799415.0 760412.0 725675.0 675943.0 888863.0 1111195.0 1043775.0 1095627.0 845681.0 831171.0 796703.0 864181.0 956512.0 854055.0 710932.0 971439.0 792895.0 948096.0 935159.0 1134487.0 879511.0 726985.0 405571.0 575215.0 779901.0 753887.0 876045.0 1015920.0 1166930.0 1046840.0 1035525.0 914450.0 749134.0 789665.0 856347.0 893131.0 1060980.0 1097202.0 1041012.0 995721.0 883759.0 990880.0 968566.0 925931.0 752613.0 958495.0 1051110.0 967569.0 878508.0 805998.0 484651.0 0 962086.0 898674.0 869994.0 968253.0 779904.0 839018.0 
516809.0 467685.0 258171.0 238530.0 207861.0 151016.0 243879.0 355260.0 350164.0 304785.0 265782.0 300519.0 322276.0 395799.0 609935.0 483398.0 504103.0 258845.0 273355.0 307823.0 433572.0 525903.0 443698.0 586821.0 606226.0 544362.0 486258.0 429917.0 641181.0 700234.0 732630.0 560051.0 545619.0 380036.0 354506.0 549734.0 455543.0 671267.0 707595.0 494029.0 414401.0 249085.0 229288.0 174187.0 210971.0 378820.0 421319.0 477509.0 445821.0 333859.0 440980.0 418945.0 376310.0 549628.0 681317.0 642090.0 558549.0 573694.0 869248.0 623742.0 962086.0 0 66948.0 95628.0 321144.0 279855.0 485351.0 
492514.0 400737.0 191223.0 171582.0 140913.0 84068.0 176931.0 288312.0 283216.0 371733.0 332730.0 367467.0 389224.0 396133.0 542987.0 486757.0 437155.0 191897.0 206407.0 240875.0 381876.0 474207.0 392002.0 535125.0 539278.0 477414.0 423006.0 385940.0 597204.0 662175.0 665682.0 493103.0 538013.0 333327.0 287558.0 503025.0 456908.0 604319.0 694475.0 499031.0 481349.0 316033.0 296236.0 107239.0 144023.0 311872.0 354371.0 410561.0 378873.0 266911.0 374032.0 351997.0 309362.0 482680.0 614369.0 575142.0 491601.0 506746.0 878141.0 556794.0 898674.0 66948.0 0 28680.0 388092.0 346803.0 500958.0 
463834.0 372057.0 162543.0 142902.0 112233.0 55388.0 148251.0 259632.0 254536.0 383535.0 361410.0 396147.0 413465.0 367453.0 514307.0 458077.0 408475.0 163217.0 177727.0 212195.0 353196.0 445527.0 363322.0 506445.0 510598.0 448734.0 394326.0 357260.0 568524.0 633495.0 637002.0 464423.0 509333.0 304647.0 258878.0 474345.0 428228.0 632999.0 665795.0 470351.0 505590.0 340274.0 299743.0 78559.0 115343.0 283192.0 325691.0 381881.0 350193.0 238231.0 345352.0 380677.0 338042.0 511360.0 585689.0 546462.0 462921.0 478066.0 849461.0 528114.0 869994.0 95628.0 28680.0 0 416772.0 371044.0 529638.0 
253149.0 344926.0 484098.0 464457.0 433788.0 441513.0 534376.0 461753.0 450096.0 415782.0 376779.0 342042.0 292310.0 486327.0 645203.0 432698.0 576093.0 315114.0 329624.0 364092.0 238845.0 331176.0 248971.0 392094.0 587806.0 436133.0 256803.0 344659.0 504302.0 670268.0 654493.0 697455.0 629684.0 564362.0 518593.0 552168.0 404843.0 711003.0 677629.0 504418.0 384435.0 219119.0 178588.0 464684.0 501468.0 514163.0 536404.0 530835.0 574438.0 524480.0 477442.0 469587.0 512222.0 629898.0 614324.0 331401.0 414942.0 567633.0 818548.0 618375.0 968253.0 321144.0 388092.0 416772.0 0 249889.0 455385.0 
500325.0 408548.0 441381.0 421740.0 391071.0 334226.0 427089.0 354466.0 356432.0 227433.0 188430.0 153693.0 103961.0 313915.0 536247.0 325411.0 404020.0 207827.0 222337.0 256805.0 407528.0 499859.0 417654.0 560777.0 399457.0 411795.0 328271.0 271930.0 483194.0 461210.0 528836.0 637911.0 468267.0 571856.0 526087.0 444881.0 297556.0 603716.0 489280.0 317161.0 196086.0 30770.0 71301.0 357397.0 394181.0 552822.0 510360.0 491708.0 446417.0 427222.0 455503.0 414660.0 457295.0 578617.0 611710.0 570958.0 635569.0 466003.0 711261.0 716991.0 779904.0 279855.0 346803.0 371044.0 249889.0 0 246327.0 
