32
80 74 6 33 82 11 26 98 39 0 8 91 60 97 3 15 37 10 35 30 86 51 57 92 44 28 65 83 31 27 2 61
0 458299.0 702139.0 1009369.0 865933.0 627655.0 448341.0 111436.0 380399.0 542700.0 740210.0 834765.0 948061.0 924173.0 1110349.0 1359511.0 1612577.0 1274132.0 1075418.0 925884.0 1212801.0 910955.0 987316.0 500458.0 1110627.0 695383.0 888635.0 952476.0 958317.0 875176.0 733648.0 551712.0 
458299.0 0 538278.0 1081160.0 1233719.0 1082192.0 906640.0 569735.0 838698.0 1000999.0 1198509.0 1140203.0 1017891.0 1327051.0 1413039.0 1720761.0 1915267.0 1680578.0 1371897.0 1384183.0 1495548.0 1078161.0 978636.0 615470.0 1225639.0 1153682.0 1323818.0 1067488.0 1291616.0 1175596.0 1191947.0 1010011.0 
702139.0 538278.0 0 672804.0 1127454.0 1091531.0 1131438.0 794533.0 592922.0 755223.0 952733.0 1033938.0 1202001.0 1136696.0 1322872.0 1438094.0 1825100.0 1858210.0 1549529.0 1395837.0 1425324.0 1127170.0 1200234.0 901138.0 1337809.0 1169494.0 1362746.0 1347614.0 1214395.0 755170.0 1003867.0 1253851.0 
1009369.0 1081160.0 672804.0 0 575821.0 535471.0 714785.0 927411.0 628970.0 791271.0 886417.0 791862.0 623799.0 831003.0 916991.0 1401413.0 1419219.0 1286486.0 977805.0 844204.0 902406.0 485019.0 584544.0 1108163.0 821933.0 737285.0 929726.0 1063681.0 1351157.0 1308714.0 1139284.0 1388073.0 
865933.0 1233719.0 1127454.0 575821.0 0 402869.0 582183.0 783975.0 1052938.0 1084702.0 887192.0 792637.0 960700.0 1023246.0 1112795.0 1144960.0 1597273.0 1169548.0 860867.0 587751.0 1049567.0 979990.0 999955.0 874541.0 1111297.0 480832.0 674084.0 1268132.0 1202293.0 1052261.0 1316455.0 1340998.0 
627655.0 1082192.0 1091531.0 535471.0 402869.0 0 179314.0 545697.0 814660.0 969430.0 771920.0 739129.0 571066.0 620377.0 806553.0 903693.0 1308781.0 928281.0 619600.0 470066.0 931882.0 709846.0 610321.0 633274.0 1194798.0 239565.0 432817.0 865263.0 970313.0 810994.0 1075188.0 1099731.0 
448341.0 906640.0 1131438.0 714785.0 582183.0 179314.0 0 366383.0 635346.0 797647.0 762338.0 667783.0 499720.0 799691.0 920396.0 1083007.0 1488095.0 1107595.0 798914.0 649380.0 1055887.0 638500.0 538975.0 812588.0 1374112.0 418879.0 612131.0 1018112.0 1149627.0 990308.0 1181989.0 1000053.0 
111436.0 569735.0 794533.0 927411.0 783975.0 545697.0 366383.0 0 298441.0 460742.0 658252.0 752807.0 866103.0 842215.0 1028391.0 1271497.0 1530619.0 1162696.0 1165297.0 1015763.0 1130843.0 1004883.0 905358.0 611894.0 1222063.0 785262.0 978514.0 966195.0 846881.0 967570.0 845084.0 663148.0 
380399.0 838698.0 592922.0 628970.0 1052938.0 814660.0 635346.0 298441.0 0 162301.0 359811.0 454366.0 622429.0 543774.0 729950.0 1098392.0 1232178.0 1363626.0 1054945.0 1284726.0 832402.0 761209.0 661684.0 880857.0 1450903.0 1054225.0 928356.0 1014124.0 1145322.0 1236533.0 1114047.0 932111.0 
542700.0 1000999.0 755223.0 791271.0 1084702.0 969430.0 797647.0 460742.0 162301.0 0 197510.0 292065.0 460128.0 381473.0 567649.0 936091.0 1069877.0 1201325.0 892644.0 1131917.0 670101.0 598908.0 499383.0 933091.0 1309846.0 959307.0 766055.0 851823.0 1139299.0 1110811.0 1276348.0 1094412.0 
740210.0 1198509.0 952733.0 886417.0 887192.0 771920.0 762338.0 658252.0 359811.0 197510.0 0 94555.0 262618.0 578983.0 765159.0 738581.0 1190894.0 1003815.0 695134.0 934407.0 472591.0 401398.0 301873.0 1130601.0 1112336.0 761797.0 568545.0 781010.0 1068486.0 1250501.0 1249843.0 1291922.0 
834765.0 1140203.0 1033938.0 791862.0 792637.0 739129.0 667783.0 752807.0 454366.0 292065.0 94555.0 0 168063.0 500629.0 686805.0 644026.0 1096339.0 909260.0 600579.0 897743.0 567146.0 306843.0 207318.0 1101453.0 1017781.0 667242.0 473990.0 686455.0 973931.0 1155946.0 1259890.0 1368461.0 
948061.0 1017891.0 1202001.0 623799.0 960700.0 571066.0 499720.0 866103.0 622429.0 460128.0 262618.0 168063.0 0 332566.0 518742.0 812089.0 1020970.0 741197.0 432516.0 729680.0 556167.0 138780.0 39255.0 933390.0 1185844.0 499179.0 305927.0 518392.0 805868.0 1324009.0 1091827.0 1318149.0 
924173.0 1327051.0 1136696.0 831003.0 1023246.0 620377.0 799691.0 842215.0 543774.0 381473.0 578983.0 500629.0 332566.0 0 186176.0 1140717.0 688404.0 1073763.0 765082.0 1062246.0 888733.0 471346.0 371821.0 929565.0 1518410.0 831745.0 638493.0 470350.0 757826.0 1107285.0 1043785.0 1270107.0 
1110349.0 1413039.0 1322872.0 916991.0 1112795.0 806553.0 920396.0 1028391.0 729950.0 567649.0 765159.0 686805.0 518742.0 186176.0 0 1226705.0 774392.0 1259939.0 951258.0 1248422.0 1074909.0 657522.0 557997.0 1054263.0 1505583.0 1017921.0 824669.0 656526.0 944002.0 1034202.0 1229961.0 1456283.0 
1359511.0 1720761.0 1438094.0 1401413.0 1144960.0 903693.0 1083007.0 1271497.0 1098392.0 936091.0 738581.0 644026.0 812089.0 1140717.0 1226705.0 0 452313.0 1161412.0 1044163.0 862257.0 1211172.0 946587.0 847062.0 1276564.0 1661807.0 664128.0 857380.0 1326199.0 1293828.0 1454284.0 1617634.0 1743021.0 
1612577.0 1915267.0 1825100.0 1419219.0 1597273.0 1308781.0 1488095.0 1530619.0 1232178.0 1069877.0 1190894.0 1096339.0 1020970.0 688404.0 774392.0 452313.0 0 709099.0 1017780.0 1314570.0 1577137.0 1159750.0 1060225.0 1556491.0 1952018.0 1116441.0 1309693.0 1066560.0 947246.0 1535246.0 1271052.0 1749838.0 
1274132.0 1680578.0 1858210.0 1286486.0 1169548.0 928281.0 1107595.0 1162696.0 1363626.0 1201325.0 1003815.0 909260.0 741197.0 1073763.0 1259939.0 1161412.0 709099.0 0 308681.0 919217.0 1218854.0 801467.0 701942.0 1398230.0 1845989.0 688716.0 881968.0 1181079.0 1419464.0 1577673.0 1743270.0 1825844.0 
1075418.0 1371897.0 1549529.0 977805.0 860867.0 619600.0 798914.0 1165297.0 1054945.0 892644.0 695134.0 600579.0 432516.0 765082.0 951258.0 1044163.0 1017780.0 308681.0 0 610536.0 910173.0 492786.0 393261.0 1091272.0 1618360.0 380035.0 573287.0 872398.0 1110783.0 1268992.0 1434589.0 1557729.0 
925884.0 1384183.0 1395837.0 844204.0 587751.0 470066.0 649380.0 1015763.0 1284726.0 1131917.0 934407.0 897743.0 729680.0 1062246.0 1248422.0 862257.0 1314570.0 919217.0 610536.0 0 461816.0 868460.0 768935.0 941738.0 1379680.0 230501.0 423753.0 1248072.0 961249.0 1119458.0 1257441.0 1142282.0 
1212801.0 1495548.0 1425324.0 902406.0 1049567.0 931882.0 1055887.0 1130843.0 832402.0 670101.0 472591.0 567146.0 556167.0 888733.0 1074909.0 1211172.0 1577137.0 1218854.0 910173.0 461816.0 0 417387.0 516912.0 1403554.0 1584927.0 692317.0 862094.0 996049.0 1283525.0 1581274.0 1512210.0 1604098.0 
910955.0 1078161.0 1127170.0 485019.0 979990.0 709846.0 638500.0 1004883.0 761209.0 598908.0 401398.0 306843.0 138780.0 471346.0 657522.0 946587.0 1159750.0 801467.0 492786.0 868460.0 417387.0 0 99525.0 1065849.0 1306952.0 637959.0 444707.0 578662.0 866138.0 1304544.0 1152097.0 1286635.0 
987316.0 978636.0 1200234.0 584544.0 999955.0 610321.0 538975.0 905358.0 661684.0 499383.0 301873.0 207318.0 39255.0 371821.0 557997.0 847062.0 1060225.0 701942.0 393261.0 768935.0 516912.0 99525.0 0 972645.0 1225099.0 538434.0 345182.0 479137.0 766613.0 1316766.0 1052572.0 1278894.0 
500458.0 615470.0 901138.0 1108163.0 874541.0 633274.0 812588.0 611894.0 880857.0 933091.0 1130601.0 1101453.0 933390.0 929565.0 1054263.0 1276564.0 1556491.0 1398230.0 1091272.0 941738.0 1403554.0 1065849.0 972645.0 0 610169.0 711237.0 904489.0 618570.0 842698.0 726678.0 990872.0 633009.0 
1110627.0 1225639.0 1337809.0 821933.0 1111297.0 1194798.0 1374112.0 1222063.0 1450903.0 1309846.0 1112336.0 1017781.0 1185844.0 1518410.0 1505583.0 1661807.0 1952018.0 1845989.0 1618360.0 1379680.0 1584927.0 1306952.0 1225099.0 610169.0 0 1272761.0 1466013.0 1228739.0 1452867.0 1336847.0 1601041.0 1243178.0 
695383.0 1153682.0 1169494.0 737285.0 480832.0 239565.0 418879.0 785262.0 1054225.0 959307.0 761797.0 667242.0 499179.0 831745.0 1017921.0 664128.0 1116441.0 688716.0 380035.0 230501.0 692317.0 637959.0 538434.0 711237.0 1272761.0 0 193252.0 1017571.0 730748.0 888957.0 1054554.0 1177694.0 
888635.0 1323818.0 1362746.0 929726.0 674084.0 432817.0 612131.0 978514.0 928356.0 766055.0 568545.0 473990.0 305927.0 638493.0 824669.0 857380.0 1309693.0 881968.0 573287.0 423753.0 862094.0 444707.0 345182.0 904489.0 1466013.0 193252.0 0 824319.0 537496.0 1082209.0 861302.0 1204143.0 
952476.0 1067488.0 1347614.0 1063681.0 1268132.0 865263.0 1018112.0 966195.0 1014124.0 851823.0 781010.0 686455.0 518392.0 470350.0 656526.0 1326199.0 1066560.0 1181079.0 872398.0 1248072.0 996049.0 578662.0 479137.0 618570.0 1228739.0 1017571.0 824319.0 0 287476.0 837629.0 573435.0 799757.0 
958317.0 1291616.0 1214395.0 1351157.0 1202293.0 970313.0 1149627.0 846881.0 1145322.0 1139299.0 1068486.0 973931.0 805868.0 757826.0 944002.0 1293828.0 947246.0 1419464.0 1110783.0 961249.0 1283525.0 866138.0 766613.0 842698.0 1452867.0 730748.0 537496.0 287476.0 0 588000.0 323806.0 802592.0 
875176.0 1175596.0 755170.0 1308714.0 1052261.0 810994.0 990308.0 967570.0 1236533.0 1110811.0 1250501.0 1155946.0 1324009.0 1107285.0 1034202.0 1454284.0 1535246.0 1577673.0 1268992.0 1119458.0 1581274.0 1304544.0 1316766.0 726678.0 1336847.0 888957.0 1082209.0 837629.0 588000.0 0 264194.0 742980.0 
733648.0 1191947.0 1003867.0 1139284.0 1316455.0 1075188.0 1181989.0 845084.0 1114047.0 1276348.0 1249843.0 1259890.0 1091827.0 1043785.0 1229961.0 1617634.0 1271052.0 1743270.0 1434589.0 1257441.0 1512210.0 1152097.0 1052572.0 990872.0 1601041.0 1054554.0 861302.0 573435.0 323806.0 264194.0 0 478786.0 
551712.0 1010011.0 1253851.0 1388073.0 1340998.0 1099731.0 1000053.0 663148.0 932111.0 1094412.0 1291922.0 1368461.0 1318149.0 1270107.0 1456283.0 1743021.0 1749838.0 1825844.0 1557729.0 1142282.0 1604098.0 1286635.0 1278894.0 633009.0 1243178.0 1177694.0 1204143.0 799757.0 802592.0 742980.0 478786.0 0 
