18
Loc44 Loc39 Loc24 Loc23 Loc33 Loc36 Loc42 Loc12 Loc40 Loc31 Loc10 Loc2 Loc7 Loc25 Loc32 Loc45 Loc5 Loc1
0 1.40528 3.36174 4.8753 7.10638 6.8918099999999995 6.33744 6.07046 5.73591 4.63803 7.413130000000001 8.192350000000001 6.8427299999999995 4.32161 3.28252 2.82111 4.29165 1.88736 
1.40528 0 1.95646 3.47002 6.04812 7.36646 4.93216 7.09032 4.8143 5.91218 6.77461 6.88684 5.43745 5.72689 4.6878 4.22639 5.69693 3.29264 
3.36174 1.95646 0 1.51356 4.09166 5.41 2.9757 5.13386 4.38067 5.47855 7.17501 4.9303799999999995 3.48099 6.89754 6.64426 6.06244 4.5919 5.2491 
4.8753 3.47002 1.51356 0 2.5781 5.84157 4.48926 6.53858 5.89423 6.99211 5.66145 5.528 4.99455 5.38398 6.42307 5.21228 6.10546 6.76266 
7.10638 6.04812 4.09166 2.5781 0 3.26347 5.69777 7.855930000000001 7.102740000000001 7.18687 8.23955 7.31977 5.87038 5.83367 6.8727599999999995 5.62972 7.10026 7.07447 
6.8918099999999995 7.36646 5.41 5.84157 3.26347 0 2.4343 4.59246 3.83927 3.9234 7.22686 4.0563 2.60691 2.5702 3.6092899999999997 6.371379999999999 7.841919999999999 8.775559999999999 
6.33744 4.93216 2.9757 4.48926 5.69777 2.4343 0 2.15816 1.40497 2.50285 4.79256 4.65911 5.0412099999999995 5.0045 6.04359 6.63717 7.5676 6.34126 
6.07046 7.09032 5.13386 6.53858 7.85593 4.59246 2.15816 0 3.56313 4.66101 6.9507200000000005 5.48992 6.93931 7.16266 6.9915199999999995 6.53011 7.14115 4.1831 
5.73591 4.8143 4.38067 5.89423 7.10274 3.83927 1.40497 3.56313 0 1.09788 5.02262 6.06408 6.44618 6.40947 7.44856 6.73037 7.31058 7.62327 
4.63803 5.91218 5.47855 6.99211 7.18687 3.9234 2.50285 4.66101 1.09788 0 3.92474 7.02715 6.53031 6.4936 7.24371 5.63249 6.2127 6.52539 
7.41313 6.77461 7.17501 5.66145 8.239550000000001 7.22686 4.79256 6.9507200000000005 5.02262 3.92474 0 3.54697 4.99636 8.3932 7.3541099999999995 6.8927 6.95607 9.30049 
8.192350000000001 6.886839999999999 4.9303799999999995 5.5280000000000005 7.31977 4.0563 4.65911 5.48992 6.064080000000001 7.027149999999999 3.54697 0 1.44939 6.6265 7.66559 7.67192 7.17069 9.67302 
6.84273 5.43745 3.48099 4.99455 5.87038 2.60691 5.0412099999999995 6.93931 6.44618 6.53031 4.99636 1.44939 0 5.17711 6.2162 8.97829 8.07289 8.73009 
4.32161 5.72689 6.89754 5.38398 5.83367 2.5702 5.0045 7.162660000000001 6.409470000000001 6.4936 8.3932 6.6265 5.17711 0 1.03909 3.80118 5.27172 6.20897 
3.28252 4.6878 6.64426 6.42307 6.8727599999999995 3.6092899999999997 6.04359 6.9915199999999995 7.4485600000000005 7.24371 7.35411 7.66559 6.2162 1.03909 0 2.7620899999999997 4.2326299999999994 5.16988 
2.82111 4.22639 6.06244 5.21228 5.62972 6.371379999999999 6.637169999999999 6.53011 6.73037 5.63249 6.8927 7.671919999999999 8.97829 3.8011799999999996 2.7620899999999997 0 1.47054 4.70847 
4.29165 5.69693 4.5919 6.10546 7.10026 7.841919999999999 7.5676 7.141149999999999 7.31058 6.2127 6.95607 7.17069 8.07289 5.271719999999999 4.2326299999999994 1.47054 0 6.17901 
1.88736 3.29264 5.2491 6.76266 7.07447 8.77556 6.34126 4.1831 7.62327 6.52539 9.30049 9.67302 8.73009 6.20897 5.16988 4.70847 6.17901 0 
