36
Loc32 Loc17 Loc21 Loc41 Loc92 Loc29 Loc3 Loc64 Loc55 Loc15 Loc72 Loc98 Loc18 Loc90 Loc6 Loc10 Loc70 Loc46 Loc79 Loc54 Loc91 Loc2 Loc11 Loc69 Loc65 Loc81 Loc87 Loc4 Loc22 Loc68 Loc42 Loc62 Loc76 Loc25 Loc37 Loc1
0 1.28958 3.51827 6.43474 5.240349999999999 6.18793 5.91183 6.1235 6.1536599999999995 6.58012 5.71491 5.939679999999999 4.74867 6.17997 8.08297 7.25447 6.26299 7.9204 5.79038 4.6228 5.7813099999999995 5.64747 4.59349 5.70089 5.49103 6.8331800000000005 6.4160900000000005 6.0313300000000005 6.609860000000001 5.48941 7.2659199999999995 8.47957 8.13458 5.53584 6.08032 4.05351 
1.28958 0 2.22869 5.14516 5.5580300000000005 4.89835 4.622249999999999 4.83392 4.8640799999999995 5.29054 4.425330000000001 6.116770000000001 5.80933 6.80729 7.42786 5.9648900000000005 7.17877 6.63082 4.5008 5.912380000000001 6.90376 4.35789 3.30391 4.41131 4.2014499999999995 5.5436 6.14959 4.74175 5.32028 4.19983 5.9763399999999995 7.18999 7.83169 4.99064 5.8114799999999995 5.34309 
3.51827 2.22869 0 2.91647 4.731920000000001 3.5496299999999996 2.39356 3.72548 2.63539 4.059089999999999 5.95285 6.407780000000001 6.0099 4.5786 5.19917 4.87298 4.95008 7.11328 5.41146 5.53417 5.81185 3.26598 4.917949999999999 3.78221 1.97276 3.3149100000000002 4.65883 3.64984 4.22837 3.10792 3.74765 6.0980799999999995 5.74715 4.64988 3.58279 5.6096 
6.43474 5.14516 2.91647 0 4.12631 5.13646 3.98039 5.0116 4.47862 5.187950000000001 3.39646 5.22098 5.15396 6.58526 8.076229999999999 6.54651 5.92819 5.692769999999999 7.0374 5.99891 7.00547 6.182449999999999 5.227259999999999 5.5671 4.8892299999999995 4.96068 3.23832 4.64616 7.14484 5.997769999999999 5.4163 3.52004 5.33686 3.1111 4.709289999999999 5.88452 
5.240349999999999 5.5580300000000005 4.731920000000001 4.12631 0 1.71427 2.8703399999999997 4.20226 4.62573 3.26121 3.31736 2.10501 3.29602 4.72732 6.14058 5.84063 5.54936 6.1076 5.26516 4.7265999999999995 6.7133 5.02525 3.67498 3.30334 3.4487300000000003 4.7908800000000005 4.00687 2.59903 5.5689 4.87592 4.294449999999999 6.61086 5.38988 3.2439 1.93285 3.9596599999999995 
6.18793 4.89835 3.54963 5.13646 1.71427 0 1.15607 2.48799 3.44344 3.96774 5.03163 3.81928 5.0102899999999995 5.525919999999999 4.97456 4.98777 3.83509 5.878590000000001 6.97943 6.44087 4.999029999999999 6.0793 5.085369999999999 5.0176099999999995 4.58006 5.92221 4.68106 4.3133 5.70395 5.92124 4.5557 5.6403 6.00195 4.38849 3.0857599999999996 5.11257 
5.911829999999999 4.622249999999999 2.39356 3.98039 2.8703399999999997 1.15607 0 1.33192 2.28737 2.81167 5.044449999999999 4.97535 5.44063 4.36985 4.7358 4.74901 4.99116 5.97944 7.1102799999999995 6.20833 3.8429599999999997 5.58127 3.9292999999999996 5.74314 3.93369 5.27584 3.52499 4.93283 4.54788 5.342359999999999 3.39963 4.48423 5.9451 3.2324200000000003 1.92969 3.9564999999999997 
6.1235 4.83392 3.7254799999999997 5.0116 4.20226 2.48799 1.33192 0 1.19799 1.47975 3.71253 4.9703800000000005 4.3760200000000005 3.03793 3.40388 3.41709 4.94483 5.6415299999999995 5.943239999999999 5.88841 2.51104 5.02409 5.26122 4.69118 4.28346 4.3568 4.856909999999999 5.3546499999999995 3.21596 5.7530399999999995 2.31025 5.24188 4.74155 1.9005 3.26161 5.28842 
6.1536599999999995 4.8640799999999995 2.63539 4.47862 4.62573 3.44344 2.28737 1.19799 0 2.67774 4.91052 3.77239 4.9634 4.23592 3.7666200000000005 3.7798300000000005 4.87949 5.9526699999999995 6.51604 4.69042 3.63288 5.386830000000001 6.21667 5.88917 4.17552 5.51767 4.79511 5.527010000000001 3.96773 4.7209900000000005 1.11226 4.04389 5.93954 3.09849 4.21706 6.0269900000000005 
6.58012 5.29054 4.059089999999999 5.187950000000001 3.26121 3.96774 2.81167 1.47975 2.67774 0 2.23278 4.0573 5.24831 4.5176799999999995 4.65089 2.57942 4.65681 7.00637 6.21059 6.131780000000001 3.9907899999999996 4.18642 5.80525 3.21143 4.04774 5.38989 5.39415 4.8152099999999995 3.27252 4.273289999999999 3.79 4.04969 5.91676 3.38025 4.74136 6.76817 
5.714910000000001 4.425330000000001 5.95285 3.39646 3.31736 5.03163 5.04445 3.71253 4.91052 2.23278 0 1.82452 3.01553 4.44683 6.88367 4.8122 6.05003 7.08437 5.1698 5.76737 5.30681 3.4706599999999996 4.76446 2.17064 3.98009 5.32224 4.93117 5.91639 5.5053 5.761839999999999 4.48465 4.98976 7.5055 5.61303 5.25021 7.27702 
5.93968 6.116770000000001 6.407780000000001 5.22098 2.10501 3.81928 4.97535 4.9703800000000005 3.77239 4.0573 1.82452 0 1.19101 2.6223099999999997 5.20512 5.9015 4.923150000000001 5.5611 4.67466 3.94285 5.6 4.294599999999999 5.77999 3.9951600000000003 5.55374 5.92357 3.10665 4.51449 4.49144 6.028600000000001 2.66013 5.591760000000001 7.08814 5.34891 4.03786 6.06467 
4.74867 5.80933 6.0099 5.15396 3.29602 5.0102899999999995 5.4406300000000005 4.3760200000000005 4.9634 5.24831 3.01553 1.19101 0 1.4313 4.0141100000000005 4.71059 3.7321400000000002 4.370089999999999 4.80031 5.13386 4.40899 3.1035899999999996 4.755559999999999 5.186170000000001 5.91784 4.73256 1.91564 3.32348 3.30043 5.394769999999999 3.85114 4.71378 5.89713 5.19546 5.22887 7.25568 
6.17997 6.80729 4.5786 6.58526 4.72732 5.525919999999999 4.36985 3.03793 4.23592 4.5176799999999995 4.446829999999999 2.6223099999999997 1.4313 0 2.5828100000000003 4.02156 5.1634400000000005 5.80139 6.23161 5.45083 5.24052 3.96876 5.08946 6.617469999999999 6.55136 6.16386 3.34694 3.3232600000000003 4.73173 5.133179999999999 5.282439999999999 6.14508 6.83122 4.93843 6.2995399999999995 7.43952 
8.08297 7.427860000000001 5.1991700000000005 8.07623 6.14058 4.97456 4.7358 3.40388 3.7666200000000005 4.65089 6.88367 5.205120000000001 4.0141100000000005 2.5828100000000003 0 2.07147 4.14886 4.49668 6.2781 4.95905 5.25006 3.67847 5.330439999999999 6.74015 6.96865 6.53501 4.94939 3.54155 4.94342 5.96965 4.8788800000000005 5.19435 4.58412 5.30438 6.66549 6.93364 
7.25447 5.9648900000000005 4.87298 6.54651 5.84063 4.987769999999999 4.74901 3.41709 3.7798300000000005 2.57942 4.8122 5.9015 4.71059 4.02156 2.07147 0 2.07739 4.42695 5.044779999999999 3.55236 3.66674 1.607 3.2589699999999997 5.79085 5.71532 5.19303 4.25047 4.4401 4.69238 3.89818 4.12576 5.560029999999999 4.59733 5.31759 6.6787 6.9468499999999995 
6.26299 7.17877 4.95008 5.928189999999999 5.54936 3.83509 4.99116 4.94483 4.87949 4.65681 6.05003 4.92315 3.7321400000000002 5.1634400000000005 4.14886 2.07739 0 2.34956 4.47958 2.93253 5.05122 3.6843899999999996 5.336359999999999 7.47874 6.737690000000001 5.3955400000000004 2.68987 4.09771 5.75535 5.2360299999999995 3.7672299999999996 5.69565 6.67472 6.84533 5.65159 5.66583 
7.9204 6.63082 7.11328 5.692769999999999 6.1076 5.87859 5.97944 5.6415299999999995 5.95267 7.0063699999999995 7.08437 5.5611 4.37009 5.8013900000000005 4.49668 4.42695 2.34956 0 2.13002 3.37904 5.73441 5.89788 6.577500000000001 5.12918 5.56872 5.33129 2.45445 3.86229 4.5435 5.42188 4.84041 5.546860000000001 7.24453 6.17276 5.587339999999999 5.43041 
5.79038 4.5008 5.41146 7.0374 5.26516 6.97943 7.1102799999999995 5.94324 6.51604 6.21059 5.1698 4.67466 4.80031 6.23161 6.2781 5.044779999999999 4.47958 2.13002 0 3.05621 6.26374 4.58526 5.59298 2.99916 3.4387 4.78085 4.58447 5.1837800000000005 4.26642 5.25584 5.40378 7.2188300000000005 5.11451 4.04274 5.18059 7.2074 
4.6228 5.91238 5.53417 5.99891 4.7265999999999995 6.440869999999999 6.20833 5.8884099999999995 4.69042 6.13178 5.76737 3.94285 5.13386 5.450830000000001 4.95905 3.55236 2.93253 3.37904 3.05621 0 3.54458 4.9606699999999995 6.612639999999999 6.05537 5.4966 4.64543 3.5354099999999997 2.12757 5.17994 3.67946 3.57816 6.509790000000001 7.1429 5.24822 6.65945 6.243829999999999 
5.7813099999999995 6.90376 5.81185 7.005469999999999 6.713299999999999 4.999029999999999 3.8429599999999997 2.51104 3.63288 3.9907899999999996 5.30681 5.6 4.40899 5.24052 5.25006 3.66674 5.05122 5.73441 6.26374 3.54458 0 2.54587 4.197839999999999 6.791659999999999 6.65419 6.867839999999999 3.76715 4.49905 5.63125 4.83705 4.74514 6.77899 6.83972 4.4115400000000005 5.77265 7.79946 
5.64747 4.35789 3.26598 6.182449999999999 5.02525 6.0793 5.58127 5.02409 5.386830000000001 4.18642 3.4706599999999996 4.294599999999999 3.1035899999999996 3.9687600000000005 3.67847 1.607 3.6843899999999996 5.89788 4.58526 4.96067 2.54587 0 1.65197 4.2457899999999995 4.10832 4.86862 4.24094 2.8331 3.08538 2.2911799999999998 5.59472 4.93524 5.56796 5.88037 5.10306 6.9493599999999995 
4.59349 3.30391 4.91795 5.227259999999999 3.67498 5.085369999999999 3.9292999999999996 5.26122 6.216669999999999 5.80525 4.76446 5.77999 4.75556 5.08946 5.33044 3.2589699999999997 5.336359999999999 6.577500000000001 5.59298 6.612640000000001 4.197839999999999 1.65197 0 2.59382 4.40327 5.74542 4.77186 4.48507 4.73735 3.94315 7.24669 6.587210000000001 6.40217 5.02854 3.4510899999999998 5.4779 
5.70089 4.41131 3.78221 5.5671 3.30334 5.0176099999999995 5.74314 4.69118 5.88917 3.21143 2.17064 3.9951600000000003 5.186170000000001 6.617470000000001 6.74015 5.79085 7.478739999999999 5.12918 2.99916 6.05537 6.791659999999999 4.2457899999999995 2.59382 0 1.80945 3.1516 5.5541 5.53578 6.11861 3.62659 6.655290000000001 7.1604 5.58384 4.48657 5.23619 7.263 
5.491029999999999 4.2014499999999995 1.97276 4.8892299999999995 3.4487300000000003 4.58006 3.93369 4.28346 4.17552 4.04774 3.98009 5.55374 5.91784 6.55136 6.96865 5.71532 6.73769 5.56872 3.4387 5.496600000000001 6.65419 4.10832 4.40327 1.80945 0 1.34215 5.13417 3.72633 5.07071 1.81714 5.28778 6.04408 3.7743900000000004 2.67712 4.73546 6.283149999999999 
6.83318 5.5436 3.3149100000000002 4.96068 4.7908800000000005 5.92221 5.2758400000000005 4.3568 5.51767 5.38989 5.322240000000001 5.92357 4.73256 6.163860000000001 6.535010000000001 5.19303 5.3955400000000004 5.331289999999999 4.78085 4.64543 6.867839999999999 4.86862 5.74542 3.1516 1.34215 0 5.6716 5.068479999999999 6.167660000000001 3.15929 5.2188300000000005 7.1738 5.11654 4.01927 4.30261 6.329419999999999 
6.4160900000000005 6.14959 4.65883 3.23832 4.00687 4.6810599999999996 3.52499 4.85691 4.79511 5.39415 4.93117 3.10665 1.91564 3.34694 4.94939 4.25047 2.68987 2.45445 4.58447 3.5354099999999997 3.76715 4.24094 4.77186 5.5541 5.13417 5.6716 0 1.40784 4.46021 4.082879999999999 4.98975 5.88717 6.423170000000001 4.8619900000000005 4.25389 5.5241 
6.03133 4.74175 3.64984 4.64616 2.59903 4.3133 4.932829999999999 5.3546499999999995 5.527010000000001 4.8152099999999995 5.91639 4.51449 3.32348 3.3232600000000003 3.54155 4.4401 4.09771 3.8622900000000002 5.1837800000000005 2.12757 4.49905 2.8331 4.48507 5.53578 3.72633 5.06848 1.40784 0 3.05237 2.67504 4.9566300000000005 5.41627 5.0153300000000005 3.45415 4.53188 4.11626 
6.60986 5.32028 4.22837 7.14484 5.5689 5.70395 4.54788 3.21596 3.96773 3.27252 5.5053 4.49144 3.30043 4.73173 4.94342 4.69238 5.75535 4.5435 4.26642 5.17994 5.63125 3.08538 4.737349999999999 6.11861 5.07071 6.167660000000001 4.46021 3.05237 0 3.25357 2.85547 4.12251 5.96847 5.11646 5.12433 7.15114 
5.48941 4.19983 3.10792 5.997769999999999 4.87592 5.921239999999999 5.342359999999999 5.7530399999999995 4.7209900000000005 4.273289999999999 5.761839999999999 6.028600000000001 5.394769999999999 5.133179999999999 5.969650000000001 3.89818 5.2360299999999995 5.42188 5.25584 3.67946 4.83705 2.2911799999999998 3.9431499999999997 3.62659 1.81714 3.15929 4.08288 2.67504 3.25357 0 3.60873 5.123279999999999 5.49015 4.49426 5.781359999999999 6.7913 
7.2659199999999995 5.9763399999999995 3.7476499999999997 5.4163 4.294449999999999 4.5557 3.3996299999999997 2.31025 1.11226 3.79 4.48465 2.66013 3.85114 5.28244 4.8788800000000005 4.12576 3.7672299999999996 4.84041 5.40378 3.57816 4.74514 5.594720000000001 7.246690000000001 6.655290000000001 5.28778 5.2188300000000005 4.98975 4.9566300000000005 2.85547 3.60873 0 2.93163 7.0518 4.21075 5.329319999999999 7.1392500000000005 
8.479569999999999 7.18999 6.09808 3.52004 6.61086 5.6403 4.48423 5.24188 4.04389 4.04969 4.98976 5.591760000000001 4.71378 6.14508 5.19435 5.56003 5.69565 5.546860000000001 7.2188300000000005 6.509790000000001 6.77899 4.93524 6.587210000000001 7.160400000000001 6.044079999999999 7.1738 5.88717 5.41627 4.12251 5.12328 2.93163 0 5.26197 3.3669599999999997 6.0764 8.103209999999999 
8.13458 7.83169 5.7471499999999995 5.33686 5.38988 6.00195 5.9451 4.74155 5.93954 5.91676 7.5055 7.088139999999999 5.89713 6.83122 4.58412 4.59733 6.674720000000001 7.24453 5.11451 7.142900000000001 6.83972 5.567959999999999 6.402169999999999 5.58384 3.77439 5.11654 6.423170000000001 5.0153300000000005 5.96847 5.49015 7.0518 5.26197 0 2.84105 4.01541 6.04222 
5.53584 4.99064 4.64988 3.1111 3.2439 4.38849 3.2324200000000003 1.9005 3.09849 3.38025 5.61303 5.34891 5.19546 4.93843 5.30438 5.31759 6.84533 6.17276 4.04274 5.24822 4.4115400000000005 5.88037 5.02854 4.48657 2.67712 4.01927 4.86199 3.45415 5.11646 4.49426 4.21075 3.3669599999999997 2.84105 0 2.70944 4.73625 
6.08032 5.8114799999999995 3.58279 4.709289999999999 1.93285 3.0857599999999996 1.92969 3.26161 4.21706 4.74136 5.250209999999999 4.03786 5.228870000000001 6.29954 6.66549 6.6787 5.65159 5.587339999999999 5.18059 6.65945 5.7726500000000005 5.103059999999999 3.4510899999999998 5.23619 4.73546 4.30261 4.25389 4.53188 5.1243300000000005 5.78136 5.32932 6.0764 4.01541 2.70944 0 2.02681 
4.05351 5.34309 5.6096 5.88452 3.9596599999999995 5.11257 3.9564999999999997 5.2884199999999995 6.0269900000000005 6.76817 7.27702 6.06467 7.25568 7.43952 6.93364 6.9468499999999995 5.66583 5.43041 7.2074 6.243829999999999 7.79946 6.9493599999999995 5.4779 7.263 6.283149999999999 6.329419999999999 5.5241 4.11626 7.15114 6.7913 7.1392500000000005 8.10321 6.04222 4.73625 2.02681 0 
