14
10 36 46 17 19 44 47 0 5 15 30 18 28 13
0 2007.45859 4940.4855 3881.89039 2033.84008 3744.11285 5365.9372 5569.88043 5040.08383 6827.80433 5288.55456 2174.2386 4398.30321 4154.20233 
2007.45859 0 3172.44401 5177.76278 2881.7191 5712.044169999999 6989.4003 7044.93814 7041.89783 8769.12595 7195.2287 4181.69719 2390.84462 5289.10474 
4940.4855 3172.44401 0 2425.61374 5552.216280000001 8115.77636 8205.39494 8525.89262 9800.5023 11755.92772 10200.33946 6382.86863 4405.91966 8430.82938 
3881.89039 5177.76278 2425.61374 0 3923.53002 6220.93201 5824.60857 6176.71442 7893.77806 10478.38833 8793.16536 5998.49992 5147.18884 7963.98456 
2033.84008 2881.7191 5552.216280000001 3923.53002 0 2830.32507 4535.08119 4372.71323 4547.9280499999995 6904.00011 5428.171969999999 2723.3642099999997 5044.2639500000005 4874.82287 
3744.11285 5712.044169999999 8115.77636 6220.93201 2830.32507 0 3007.13568 2963.85411 1717.60298 4569.94605 3512.69004 4002.87722 7719.04889 5412.69489 
5365.9372 6989.400299999999 8205.39494 5824.60857 4535.08119 3007.13568 0 368.51323 4220.30816 7059.0403 6351.10824 6425.72877 9112.10228 8419.83057 
5569.88043 7044.93814 8525.89262 6176.71442 4372.71323 2963.85411 368.51323 0 4048.01445 6883.06956 6178.81453 6586.999949999999 9284.52476 8376.548999999999 
5040.08383 7041.89783 9800.5023 7893.77806 4547.9280499999995 1717.60298 4220.30816 4048.01445 0 2852.34307 2130.80008 5461.31798 8592.50633 5416.07035 
6827.80433 8769.12595 11755.92772 10478.38833 6904.00011 4569.94605 7059.0403 6883.06956 2852.34307 0 3506.94118 6917.01641 9748.51715 5206.96582 
5288.55456 7195.2287 10200.33946 8793.16536 5428.171969999999 3512.69004 6351.10824 6178.81453 2130.80008 3506.94118 0 4220.21765 8207.17953 6005.04444 
2174.2386 4181.69719 6382.86863 5998.49992 2723.3642099999997 4002.87722 6425.72877 6586.999949999999 5461.31798 6917.01641 4220.21765 0 3986.96188 2577.30035 
4398.30321 2390.84462 4405.91966 5147.18884 5044.2639500000005 7719.04889 9112.10228 9284.52476 8592.50633 9748.51715 8207.17953 3986.96188 0 5191.84635 
4154.20233 5289.10474 8430.82938 7963.98456 4874.82287 5412.69489 8419.83057 8376.548999999999 5416.07035 5206.96582 6005.04444 2577.30035 5191.84635 0 
