29
32 80 55 23 70 7 71 5 16 18 45 21 38 77 42 97 98 1 11 89 53 41 76 95 60 87 35 88 49
0 3205.62708 4016.96507 3811.89761 2921.64765 5336.817419999999 6207.42894 7468.85138 6945.94517 7377.90468 8077.9037 8895.71569 8770.10063 7409.95667 6784.72602 7114.32413 6803.40353 9757.51874 8832.65408 8101.80757 4537.44169 4687.93714 4807.34116 3821.29821 3345.20976 5628.4635499999995 4760.8879099999995 3506.60662 1776.90968 
3205.62708 0 1570.72117 2756.63364 3211.24776 3562.7819099999997 3297.77774 4286.05296 4037.1506600000002 4363.03713 5176.82783 6083.81222 5940.210639999999 4278.43803 3870.69089 4428.74857 4569.369909999999 8223.6197 7555.0318800000005 6420.41556 3743.87233 2314.79202 2843.31815 3942.95203 4294.4147299999995 4781.71653 6302.93297 5458.36134 4214.10263 
4016.96507 1570.72117 0 1344.84274 2235.0927 1992.06074 2980.09738 4994.29903 5062.19527 5252.10779 6133.09987 7090.6683 6967.02801 5069.89872 4912.61651 5679.07103 5972.11414 9715.76214 9051.93292 7908.69755 5303.08976 3757.03496 4367.39868 5110.55085 5589.28994 6352.4376999999995 7550.40801 6483.51139 5108.87394 
3811.89761 2756.63364 1344.84274 0 890.24996 1894.38117 3590.31545 6028.03108 6407.03801 6566.16065 7477.94261 8435.511040000001 8285.28917 6414.74146 6257.45925 6968.84599 7259.22337 10980.25334 10272.78701 9173.96801 6340.32657 5018.79956 5599.951789999999 6013.92118 6229.05482 7435.1546 8061.49025 6936.683660000001 5275.30701 
2921.64765 3211.24776 2235.0927 890.24996 0 2415.16977 3578.70172 5646.13089 5806.35548 6033.55956 6907.43259 7860.04137 7713.59585 6583.55635 5651.4791 6365.2883 6505.82547 10164.47406 9433.69503 8364.74985 5549.69305 4251.33175 4951.5103 5123.85412 5373.435619999999 6674.46879 7252.5378599999995 6176.55413 4545.89164 
5336.817419999999 3562.7819099999997 1992.06074 1894.38117 2415.16977 0 2262.4626 5356.21449 6155.39452 6221.09557 6954.91337 7921.34857 7926.66213 5975.67926 6018.07111 6786.06691 7349.3247599999995 11225.54888 10665.05232 9433.49251 7227.05874 5384.90492 6059.68501 7067.92495 7580.77278 8195.757969999999 9530.180629999999 8457.948 6961.06141 
6207.42894 3297.77774 2980.09738 3590.31545 3578.70172 2262.4626 0 3256.43271 4238.01442 3999.25306 4908.43366 5839.11945 5684.39636 3713.21666 4075.66559 4938.71856 5778.6681 9647.29625 9244.14496 7925.32247 6476.58259 4914.60189 5009.60078 6628.92427 7525.4445 7280.798919999999 9547.91757 8685.04472 7473.661120000001 
7468.85138 4286.05296 4994.29903 6028.03108 5646.13089 5356.21449 3256.43271 0 1795.10947 1302.57629 2232.4451 2925.45381 2868.48088 2664.78757 1810.20717 2598.71517 3716.1832 7258.24807 7091.52167 5726.75283 5685.9555 3556.69763 4044.75463 6204.57162 7477.39213 6072.24935 9382.37905 8860.68528 8170.84408 
6945.94517 4037.1506600000002 5062.19527 6407.03801 5806.35548 6155.39452 4238.01442 1795.10947 0 634.16796 1147.17435 2054.12999 1909.68584 869.6781 261.24683 1128.4844 1982.78831 5611.22426 5324.56289 3961.07511 4287.816150000001 2400.7907 2743.81048 4847.22034 6264.54317 4397.42027 8094.26816 7664.28441 7257.53684 
7377.90468 4363.03713 5252.10779 6566.16065 6033.55956 6221.09557 3999.25306 1302.57629 634.16796 0 929.86881 1893.55248 1737.72754 1503.8460599999999 738.93504 1296.13888 2499.10189 5956.78101 5799.40806 4434.63922 4825.54007 2990.7698499999997 3377.97844 5461.5723 6821.7593 5031.588229999999 8611.87731 8218.2851 7795.88225 
8077.9037 5176.82783 6133.09987 7477.94261 6907.43259 6954.91337 4908.43366 2232.4451 1147.17435 929.86881 0 966.4352 1122.59537 1255.85463 1309.2823700000001 1751.19213 2926.8376 5759.9598000000005 5317.65449 3952.88565 5062.36753 3494.14439 3791.84602 5785.86865 7187.86756 5061.28752 8861.29477 8593.48842 8339.43044 
8895.71569 6083.81222 7090.6683 8435.511040000001 7860.04137 7921.34857 5839.11945 2925.45381 2054.12999 1893.55248 966.4352 0 156.16017 2140.74073 2213.12133 1860.5489200000002 2622.77124 4946.80345 4991.48275 3935.75592 5555.56388 4321.76508 4290.08345 6337.56428 7754.2549 5361.73377 9307.09536 9154.628349999999 9046.78241 
8770.10063 5940.210639999999 6967.02801 8285.28917 7713.59585 7926.66213 5684.39636 2868.48088 1909.68584 1737.72754 1122.59537 156.16017 0 1984.58056 2069.51975 1704.38875 2778.93141 4914.00499 5045.25777 3779.59575 5583.47811 4165.60491 4189.63984 6441.32017 7672.17368 5517.89394 9262.58404 9077.794539999999 8946.3388 
7409.95667 4278.43803 5069.89872 6414.74146 6583.55635 5975.67926 3713.21666 2664.78757 869.6781 1503.8460599999999 1255.85463 2140.74073 1984.58056 0 932.07725 1598.26312 2801.22613 6279.36979 6113.3508 4830.75321 5157.494250000001 3035.58232 3613.4885799999997 5656.009620000001 6941.2815900000005 5255.21313 8800.83056 8329.68673 7849.87091 
6784.72602 3870.69089 4912.61651 6257.45925 5651.4791 6018.07111 4075.66559 1810.20717 261.24683 738.93504 1309.2823700000001 2213.12133 2069.51975 932.07725 0 867.23757 2070.2005799999997 5625.23288 5538.96378 4174.19494 4244.47747 2251.83481 2905.0373099999997 4723.93237 6094.81434 4325.75619 7872.94227 7493.81985 7108.7191 
7114.32413 4428.74857 5679.07103 6968.84599 6365.2883 6786.06691 4938.71856 2598.71517 1128.4844 1296.13888 1751.19213 1860.5489200000002 1704.38875 1598.26312 867.23757 0 1202.96301 4851.46332 4714.38622 3349.61738 3879.08936 2461.21616 2488.28475 4736.93142 6085.340679999999 3873.85833 7657.638709999999 7462.0464 7244.9837099999995 
6803.40353 4569.369909999999 5972.11414 7259.22337 6505.82547 7349.3247599999995 5778.6681 3716.1832 1982.78831 2499.10189 2926.8376 2622.77124 2778.93141 2801.22613 2070.2005799999997 1202.96301 0 3891.72866 3511.42321 2146.65437 2964.02851 2696.24092 1996.06237 3780.191 5193.70773 2760.5811 6684.32412 6579.04932 6651.65666 
9757.51874 8223.6197 9715.76214 10980.25334 10164.47406 11225.54888 9647.29625 7258.24807 5611.22426 5956.78101 5759.9598000000005 4946.80345 4914.00499 6279.36979 5625.23288 4851.46332 3891.72866 0 1056.20879 1807.07415 5441.01691 5965.46326 5400.6208 6011.40028 7091.95311 4193.35188 7635.91532 8194.01169 8999.9048 
8832.65408 7555.0318800000005 9051.93292 10272.78701 9433.69503 10665.05232 9244.14496 7091.52167 5324.56289 5799.40806 5317.65449 4991.48275 5045.25777 6113.3508 5538.96378 4714.38622 3511.42321 1056.20879 0 1364.76884 4593.274740000001 5310.35159 5233.43367 5039.95645 6076.9479200000005 3221.92318 6579.70653 7137.802900000001 7987.65604 
8101.80757 6420.41556 7908.69755 9173.96801 8364.74985 9433.49251 7925.32247 5726.75283 3961.07511 4434.63922 3952.88565 3935.75592 3779.59575 4830.75321 4174.19494 3349.61738 2146.65437 1807.07415 1364.76884 0 3633.94276 4158.38911 3868.6648299999997 4491.78482 5702.7556700000005 2747.1427 6619.45647 6934.704519999999 7501.6015 
4537.44169 3743.87233 5303.08976 6340.32657 5549.69305 7227.05874 6476.58259 5685.9555 4287.816150000001 4825.54007 5062.36753 5555.56388 5583.47811 5157.494250000001 4244.47747 3879.08936 2964.02851 5441.01691 4593.274740000001 3633.94276 0 2271.33036 1646.3906 857.84206 2275.16489 1706.68701 3806.4925000000003 3615.61184 3897.31918 
4687.93714 2314.79202 3757.03496 5018.79956 4251.33175 5384.90492 4914.60189 3556.69763 2400.7907 2990.7698499999997 3494.14439 4321.76508 4165.60491 3035.58232 2251.83481 2461.21616 2696.24092 5965.46326 5310.35159 4158.38911 2271.33036 0 700.17855 2790.02426 3928.17069 2971.37669 5825.68142 5303.98765 4856.88429 
4807.34116 2843.31815 4367.39868 5599.95179 4951.5103 6059.68501 5009.60078 4044.75463 2743.81048 3377.97844 3791.84602 4290.08345 4189.63984 3613.48858 2905.0373099999997 2488.28475 1996.06237 5400.6208 5233.433669999999 3868.6648299999997 1646.3906 700.17855 0 2417.07689 3624.7268000000004 2271.19814 5452.8831 4973.76165 4756.69896 
3821.29821 3942.95203 5110.55085 6013.92118 5123.85412 7067.92495 6628.92427 6204.57162 4847.22034 5461.5723 5785.86865 6337.56428 6441.32017 5656.009620000001 4723.93237 4736.93142 3780.191 6011.40028 5039.95645 4491.78482 857.84206 2790.02426 2417.07689 0 1417.32283 1818.0484 3439.91745 2817.06407 3201.19815 
3345.20976 4294.4147299999995 5589.28994 6229.05482 5373.435619999999 7580.77278 7525.4445 7477.39213 6264.54317 6821.7593 7187.86756 7754.2549 7672.17368 6941.2815900000005 6094.81434 6085.340679999999 5193.70773 7091.95311 6076.9479200000005 5702.7556700000005 2275.16489 3928.17069 3624.7268000000004 1417.32283 0 2955.61297 2022.59462 1405.62086 2102.23964 
5628.4635499999995 4781.71653 6352.4376999999995 7435.1546 6674.46879 8195.757969999999 7280.798919999999 6072.24935 4397.42027 5031.588229999999 5061.28752 5361.73377 5517.89394 5255.21313 4325.75619 3873.85833 2760.5811 4193.35188 3221.92318 2747.1427 1706.68701 2971.37669 2271.19814 1818.0484 2955.61297 0 4029.88449 4187.56182 4808.35308 
4760.8879099999995 6302.93297 7550.40801 8061.49025 7252.5378599999995 9530.180629999999 9547.91757 9382.37905 8094.26816 8611.87731 8861.29477 9307.09536 9262.58404 8800.83056 7872.94227 7657.638709999999 6684.32412 7635.91532 6579.70653 6619.45647 3806.4925000000003 5825.68142 5452.8831 3439.91745 2022.59462 4029.88449 0 1274.6219 3425.58482 
3506.60662 5458.36134 6483.51139 6936.683660000001 6176.55413 8457.948 8685.04472 8860.68528 7664.28441 8218.2851 8593.48842 9154.628349999999 9077.794539999999 8329.68673 7493.81985 7462.0464 6579.04932 8194.011690000001 7137.802900000001 6934.704519999999 3615.61184 5303.98765 4973.76165 2817.06407 1405.62086 4187.56182 1274.6219 0 3507.8605 
1776.90968 4214.10263 5108.87394 5275.30701 4545.89164 6961.06141 7473.661120000001 8170.84408 7257.53684 7795.88225 8339.43044 9046.78241 8946.3388 7849.87091 7108.7191 7244.9837099999995 6651.65666 8999.9048 7987.65604 7501.6015 3897.31918 4856.88429 4756.69896 3201.19815 2102.23964 4808.35308 3425.58482 3507.8605 0 
