17
k h ad x aj i l z r av g aq f ag at j v
0 139394025.91397 408141449.5158 695288039.77485 431318965.62397 482039908.68041 584692009.02091 544507886.39169 509515270.65207005 372854849.68671 235361222.35128 404941436.75137 514501432.27904 426712369.98808 307619032.35346 201307149.65532 121438659.40376 
139394025.91397 0 336449731.89208 668089800.88589 364168235.846 583195409.41259 724086034.93488 674681787.50386 625645355.35289 467363033.28705 328863211.28454 476136917.86114 529030908.19345 358725792.77062 235242142.0794 248777460.76991 234483675.67233 
408141449.5158 336449731.89208 0 356275515.65294 29519660.38374 580123118.56076 749641861.27929 933481681.2274001 892564025.665 779633706.02918 641553664.31026 803906890.51791 863645826.67155 651036835.45864 540203857.04375 528016214.93684 529530333.44774 
695288039.77485 668089800.88589 356275515.65294 0 327215630.15739 600807447.26527 771869835.89401 1127259417.99016 1096841164.37175 1056232099.22031 925725541.79722 1099006471.96581 1194151951.74559 1004189672.20585 889315203.528 850309939.43614 809853301.50534 
431318965.62397 364168235.846 29519660.38374 327215630.15739 0 578467502.28573 750048085.2816 944593538.09419 903957305.13534 803400019.5781 665619179.68309 829362750.40515 892061680.94592 680556204.98321 569612079.03155 555345794.9469 552751933.04142 
482039908.68041 583195409.41259 580123118.56076 600807447.26527 578467502.28573 0 176657392.53959 608017414.77637 596448505.09748 678377260.44729 599444486.30776 754763285.70246 938325288.7081 908367771.43032 789529948.81272 651539556.42254 519074361.34534 
584692009.02091 724086034.93488 749641861.27929 771869835.89401 750048085.2816 176657392.53959 0 538113016.66257 541830832.08998 686712657.70879 640949647.35092 771053174.12669 975763597.93249 998010294.69818 886773232.18218 733640137.43504 587620714.82542 
544507886.39169 674681787.50386 933481681.2274001 1127259417.99016 944593538.09419 608017414.77637 538113016.66257 0 52885776.90125 304510346.51813 380481294.24347 383043839.53807 594747218.53401 770345881.55752 710276097.1573501 555693703.55383 444804742.34748 
509515270.65207005 625645355.35289 892564025.665 1096841164.37175 903957305.13534 596448505.09748 541830832.08998 52885776.90125 0 251624569.61688 327595517.34222 330158062.63682 548436969.5444 717837373.21772 657390320.2561 504137672.91411 391918965.44623 
372854849.68671 467363033.28705 779633706.02918 1056232099.22031 803400019.5781 678377260.44729 686712657.70879 304510346.51813 251624569.61688 0 138499822.00251 87274318.31641 307032748.71992 473212886.46535 429621987.7236 297503137.98088 365437969.64875996 
235361222.35128 328863211.28454 641553664.31026 925725541.79722 665619179.68309 599444486.30776 640949647.35092 380481294.24347 327595517.34222 138499822.00251 0 174925258.2904 339460758.96576 403882069.11944 330863444.90373 176542155.57189 255644892.64545 
404941436.75137 476136917.86114 803906890.51791 1099006471.96581 829362750.40515 754763285.70246 771053174.12669 383043839.53807 330158062.63682 87274318.31641 174925258.2904 0 220895948.68653 418148675.19266 431188057.56575 290984813.6777 289635021.928 
514501432.27904 529030908.19345 863645826.67155 1194151951.74559 892061680.94592 938325288.7081 975763597.93249 594747218.53401 548436969.5444 307032748.71992 339460758.96576 220895948.68653 0 302925865.41873 349705570.05485 344309763.35192 477611758.46755004 
426712369.98808 358725792.77062 651036835.45864 1004189672.20585 680556204.98321 908367771.43032 998010294.69818 770345881.55752 717837373.21772 473212886.46535 403882069.11944 418148675.19266 302925865.41873 0 123999545.34089 264838347.61449 413729262.17192 
307619032.35346 235242142.0794 540203857.04375 889315203.528 569612079.03155 789529948.81272 886773232.18218 710276097.1573501 657390320.2561 429621987.7236 330863444.90373 431188057.56575 349705570.05485 123999545.34089 0 164718781.50516 312818468.1194 
201307149.65532 248777460.76991 528016214.93684 850309939.43614 555345794.9469 651539556.42254 733640137.43504 555693703.55383 504137672.91411 297503137.98088 176542155.57189 290984813.6777 344309763.35192 264838347.61449 164718781.50516 0 149885275.55332 
121438659.40376 234483675.67233 529530333.44774 809853301.50534 552751933.04142 519074361.34534 587620714.82542 444804742.34748 391918965.44623 365437969.64875996 255644892.64545 289635021.928 477611758.46755004 413729262.17192 312818468.1194 149885275.55332 0 
