29
n12 n27 n44 n6 n43 n18 n21 n5 n31 n64 n61 n13 n68 n75 n3 n34 n16 n20 n33 n45 n17 n2 n37 n26 n14 n54 n36 n11 n0
0 977.51159 2074.55933 1864.14435 3879.94873 3160.92632 3529.78559 4072.05319 4569.41353 5396.49676 5716.8541 7537.58127 7462.79835 6051.52584 5614.51294 4763.58996 6685.81255 7010.99717 6508.22696 6371.12718 7414.72268 7892.73438 3953.93658 4121.77065 3459.99978 3160.5567 4053.23709 930.30147 2250.16662 
977.51159 0 1212.20671 1479.88092 3828.70487 3170.10155 4078.72153 4595.0507 4548.33866 5105.36181 5312.81842 7022.93482 6762.90908 5277.34318 4688.19359 3814.05078 5739.56906 6086.54466 5545.30175 5415.01865 6516.52509 6962.71547 3188.44408 3493.93664 2820.18887 2812.27664 4145.20686 1271.79735 3172.94028 
2074.55933 1212.20671 0 1078.44135 3322.31664 2809.6634 4305.59386 4754.40067 4026.31095 4253.56479 4343.09149 5936.14713 5571.10371 4067.59717 3547.57865 2730.01546 4636.39663 4941.15399 4824.52447 4739.04541 6051.7258 6377.90741 3232.75304 3767.33121 3142.80806 3512.88729 5130.3324 2476.22609 4011.97676 
1864.14435 1479.88092 1078.44135 0 2391.42707 1793.91646 3245.21908 3681.55105 3111.90888 3635.47823 3886.42396 5676.72036 5639.90528 4308.34753 4227.62272 3538.61256 5357.34209 5574.29786 5843.30624 5773.0769 7122.13168 7427.18142 4248.23477 4716.91612 4063.40897 4242.60689 5619.80707 2611.56406 3270.69214 
3879.94873 3828.70487 3322.31664 2391.42707 0 728.39535 2439.84931 2527.06454 721.09686 1797.31718 2391.11056 4329.19128 5020.85254 4300.30763 5162.47557 4856.63124 6237.30923 6226.58389 7511.83042 7505.9263 9024.93383 9183.48723 6553.43099 7077.47229 6435.65036 6627.06144 7891.79734 4778.56853 4032.246 
3160.92632 3170.10155 2809.6634 1793.91646 728.39535 0 2106.62959 2345.07263 1409.95276 2451.94953 2974.23845 4920.52665 5438.31124 4527.0888 5132.23361 4698.90175 6245.1443 6303.66702 7274.31896 7244.77775 8705.95916 8923.24873 6030.70683 6510.82159 5856.24006 5981.08082 7188.16207 4067.39178 3384.05605 
3529.78559 4078.72153 4305.59386 3245.21908 2439.84931 2106.62959 0 547.32412 2642.20907 4145.55243 4799.43434 6705.13389 7457.62766 6630.43637 7173.07963 6646.14406 8299.70669 8389.37776 9079.88727 9015.83412 10356.45001 10672.38018 7256.31822 7562.34641 6888.77587 6689.69063 7384.13099 4409.0364 2281.31879 
4072.05319 4595.0507 4754.40067 3681.55105 2527.06454 2345.07263 547.32412 0 2576.83523 4111.50905 4796.12881 6654.46577 7527.2556 6807.49071 7472.76689 6996.10643 8589.15398 8645.73988 9485.55442 9431.23026 10803.66973 11096.46035 7761.74338 8085.07966 7411.16047 7230.59952 7928.9044 4955.19807 2768.30214 
4569.41353 4548.33866 4026.31095 3111.90888 721.09686 1409.95276 2642.20907 2576.83523 0 1535.90113 2231.3111 4080.51825 5012.26869 4520.33406 5590.5115 5379.04278 6622.78865 6553.90925 8066.11017 8075.05056 9623.80641 9746.12912 7252.21448 7788.20194 7149.68386 7348.0949 8597.10634 5477.338 4516.50825 
5396.49676 5105.36181 4253.56479 3635.47823 1797.31718 2451.94953 4145.55243 4111.50905 1535.90113 0 715.63892 2559.72405 3529.03351 3305.79281 4717.02171 4754.22575 5622.76937 5446.11096 7444.43953 7499.56815 9120.59208 9120.25218 7295.76139 7934.49327 7352.39918 7759.79453 9250.56852 6227.99923 5822.67305 
5716.8541 5312.81842 4343.09149 3886.42396 2391.11056 2974.23845 4799.43434 4796.12881 2231.3111 715.63892 0 1947.00395 2813.69739 2700.46619 4253.08665 4413.49175 5082.84169 4859.07633 7057.41587 7133.1912 8771.94338 8716.47383 7220.48432 7898.16529 7350.45307 7849.42103 9437.98111 6497.66975 6356.7316 
7537.58127 7022.93482 5936.14713 5676.72036 4329.19128 4920.52665 6705.13389 6654.46577 4080.51825 2559.72405 1947.00395 0 1754.93221 2807.24521 4657.40965 5174.30775 5110.4231 4690.46453 7510.13955 7645.68597 9279.57682 9054.89616 8439.4599 9175.53957 8704.14433 9347.89985 11063.40826 8258.26589 8301.1828 
7462.79835 6762.90908 5571.10371 5639.90528 5020.85254 5438.31124 7457.62766 7527.2556 5012.26869 3529.03351 2813.69739 1754.93221 0 1625.78866 3322.76532 4049.2505 3522.46869 3037.88627 6046.85923 6212.39879 7805.86013 7500.40301 7513.26942 8282.65749 7905.70238 8696.11792 10541.17751 8034.67045 8669.26034 
6051.52584 5277.34318 4067.59717 4308.34753 4300.30763 4527.0888 6630.43637 6807.49071 4520.33406 3305.79281 2700.46619 2807.24521 1625.78866 0 1850.37675 2454.3522 2431.40153 2159.82708 4708.29126 4839.37159 6476.49371 6282.07609 5892.81561 6660.15647 6280.0618 7080.18592 8941.2056 6543.7679 7498.41287 
5614.51294 4688.19359 3547.57865 4227.62272 5162.47557 5132.23361 7173.07963 7472.76689 5590.5115 4717.02171 4253.08665 4657.40965 3322.76532 1850.37675 0 950.51506 1135.48385 1398.35601 2872.46289 2993.02358 4635.39726 4487.87359 4367.55149 5145.355 4883.75511 5818.13976 7753.48828 5856.46566 7479.77537 
4763.58996 3814.05078 2730.01546 3538.61256 4856.63124 4698.90175 6646.14406 6996.10643 5379.04278 4754.22575 4413.49175 5174.30775 4049.2505 2454.3522 950.51506 0 1925.69702 2311.34349 2705.74627 2746.85439 4368.40105 4389.28396 3491.779 4268.5381 3965.5619 4878.18232 6808.97589 4945.62792 6727.10153 
6685.81255 5739.56906 4636.39663 5357.34209 6237.30923 6245.1443 8299.70669 8589.15398 6622.78865 5622.76937 5082.84169 5110.4231 3522.46869 2431.40153 1135.48385 1925.69702 0 595.97665 2588.93185 2787.37694 4313.02023 3977.94429 4944.02824 5702.70934 5556.39974 6561.23951 8507.71275 6861.8347 8600.12484 
7010.99717 6086.54466 4941.15399 5574.29786 6226.58389 6303.66702 8389.37776 8645.73988 6553.90925 5446.11096 4859.07633 4690.46453 3037.88627 2159.82708 1398.35601 2311.34349 595.97665 0 3166.53853 3371.93778 4868.43045 4490.21829 5497.24844 6261.98842 6089.39523 7076.44128 9022.4187 7249.29404 8840.73937 
6508.22696 5545.30175 4824.52447 5843.30624 7511.83042 7274.31896 9079.88727 9485.55442 8066.11017 7444.43953 7057.41587 7510.13955 6046.85923 4708.29126 2872.46289 2705.74627 2588.93185 3166.53853 0 255.61559 1769.69235 1683.79502 3349.76406 3956.00355 4097.04558 5167.10639 7005.92584 6322.43363 8709.42342 
6371.12718 5415.01865 4739.04541 5773.0769 7505.9263 7244.77775 9015.83412 9431.23026 8075.05056 7499.56815 7133.1912 7645.68597 6212.39879 4839.37159 2993.02358 2746.85439 2787.37694 3371.93778 255.61559 0 1647.40569 1679.507 3124.37462 3715.89282 3875.01335 4942.95189 6769.51699 6155.90046 8585.11113 
7414.72268 6516.52509 6051.7258 7122.13168 9024.93383 8705.95916 10356.45001 10803.66973 9623.80641 9120.59208 8771.94338 9279.57682 7805.86013 6476.49371 4635.39726 4368.40105 4313.02023 4868.43045 1769.69235 1647.40569 0 809.51922 3644.32082 3957.69115 4363.22106 5336.41601 6911.44357 7024.24337 9664.431 
7892.73438 6962.71547 6377.90741 7427.18142 9183.48723 8923.24873 10672.38018 11096.46035 9746.12912 9120.25218 8716.47383 9054.89616 7500.40301 6282.07609 4487.87359 4389.28396 3977.94429 4490.21829 1683.79502 1679.507 809.51922 0 4271.02588 4661.54024 5011.95547 6021.23325 7659.7842 7574.17599 10132.60506 
3953.93658 3188.44408 3232.75304 4248.23477 6553.43099 6030.70683 7256.31822 7761.74338 7252.21448 7295.76139 7220.48432 8439.4599 7513.26942 5892.81561 4367.55149 3491.779 4944.02824 5497.24844 3349.76406 3124.37462 3644.32082 4271.02588 0 778.09668 755.38968 1818.62853 3681.92975 3427.45401 6178.71548 
4121.77065 3493.93664 3767.33121 4716.91612 7077.47229 6510.82159 7562.34641 8085.07966 7788.20194 7934.49327 7898.16529 9175.53957 8282.65749 6660.15647 5145.355 4268.5381 5702.70934 6261.98842 3956.00355 3715.89282 3957.69115 4661.54024 778.09668 0 673.97499 1388.90548 3058.82363 3448.45664 6269.02886 
3459.99978 2820.18887 3142.80806 4063.40897 6435.65036 5856.24006 6888.77587 7411.16047 7149.68386 7352.39918 7350.45307 8704.14433 7905.70238 6280.0618 4883.75511 3965.5619 5556.39974 6089.39523 4097.04558 3875.01335 4363.22106 5011.95547 755.38968 673.97499 0 1071.82468 2978.52283 2823.38525 5630.21931 
3160.5567 2812.27664 3512.88729 4242.60689 6627.06144 5981.08082 6689.69063 7230.59952 7348.0949 7759.79453 7849.42103 9347.89985 8696.11792 7080.18592 5818.13976 4878.18232 6561.23951 7076.44128 5167.10639 4942.95189 5336.41601 6021.23325 1818.62853 1388.90548 1071.82468 0 1946.63411 2332.71711 5131.15923 
4053.23709 4145.20686 5130.3324 5619.80707 7891.79734 7188.16207 7384.13099 7928.9044 8597.10634 9250.56852 9437.98111 11063.40826 10541.17751 8941.2056 7753.48828 6808.97589 8507.71275 9022.4187 7005.92584 6769.51699 6911.44357 7659.7842 3681.92975 3058.82363 2978.52283 1946.63411 0 3127.46778 5389.82632 
930.30147 1271.79735 2476.22609 2611.56406 4778.56853 4067.39178 4409.0364 4955.19807 5477.338 6227.99923 6497.66975 8258.26589 8034.67045 6543.7679 5856.46566 4945.62792 6861.8347 7249.29404 6322.43363 6155.90046 7024.24337 7574.17599 3427.45401 3448.45664 2823.38525 2332.71711 3127.46778 0 2826.1138 
2250.16662 3172.94028 4011.97676 3270.69214 4032.246 3384.05605 2281.31879 2768.30214 4516.50825 5822.67305 6356.7316 8301.1828 8669.26034 7498.41287 7479.77537 6727.10153 8600.12484 8840.73937 8709.42342 8585.11113 9664.431 10132.60506 6178.71548 6269.02886 5630.21931 5131.15923 5389.82632 2826.1138 0 
