56
n131 n68 n61 n87 n66 n78 n39 n99 n17 n91 n35 n76 n149 n53 n42 n71 n95 n30 n89 n98 n1 n63 n150 n14 n24 n3 n79 n58 n73 n144 n26 n70 n47 n29 n86 n118 n159 n25 n8 n81 n179 n69 n16 n10 n46 n55 n142 n67 n34 n56 n28 n92 n60 n21 n88 n0
0 2499.0969 5882.32527 17971.8913 10237.19567 19140.1443 20080.2681 24575.5732 35841.57382 40865.68255 36340.34499 36923.00791 33674.25029 42842.08323 53652.00323 57048.37952 57456.42088 62700.40548 66993.54898 61901.88874 55244.26964 60182.12669 68702.12018 69883.54501 66120.98956 74442.65533 75687.22987 81593.01111 83582.42999 71020.60295 53597.68971 54549.9662 53718.83895 48564.26648 31551.44364 24233.14256 24937.64375 27865.1919 18231.63071 20281.61923 34615.94052 45990.69222 40533.15711 45383.0444 24586.02848 34596.97466 41112.75661 51295.72267 20182.8567 11698.8611 24200.35688 27969.07986 34622.72425 51816.36137 26912.92805 9814.57655 
2499.0969 0 3605.29118 16653.14337 8261.29668 20617.85906 21769.5708 26360.90303 37681.07402 43030.54101 37879.65595 38156.06281 34030.35745 43311.19562 53073.598029999994 56507.64064 56735.4327 62570.99281 66843.47152 62188.73825 56430.26656 61053.55758 69735.72963 70938.59328 67841.90076 76330.01648 77544.20355 83752.2848 85779.45312 73393.30235 55931.66708 56927.58464 56181.93562 51062.60108 34042.18868 26720.70694 27184.52571 27375.3514 17568.19804 18633.09966 32930.01981 44739.30561 39137.70635 43195.34654 22103.25102 32098.10827 38646.44475 48833.1662 19206.37449 12177.50805 24898.44097 29243.6287 35310.28827 53681.86581 28726.91592 12308.89525 
5882.32527 3605.29118 0 13657.97057 8071.47296 21393.08033 22879.23872 27572.65303 38897.6697 44906.66619 38546.27802 38305.40612 32895.21968 42269.52887 50654.06729 54122.69998 54149.93414 60662.96312 64900.95725 60823.19097 56414.283 60529.96936 69440.8192 70674.85316 68727.70141 77527.29552 78678.33865 85540.24003 87658.95677 75782.93926 58219.67691 59351.3822 58948.07746 54124.50071 37289.72445 29686.84961 29337.47117 25194.58682 15335.72911 15295.43919 29514.10055 41648.92083 35932.71588 39592.08198 18885.77016 29116.23609 36008.78877 46198.98595 20261.03147 15065.5657 27776.67671 32530.6704 38122.51665 57242.92194 32281.75513 15575.5574 
17971.8913 16653.14337 13657.97057 0 20360.45778 20932.51906 23291.45047 27508.8098 37604.77306 45905.10786 35146.86046 32980.83184 23429.14928 32553.91999 37370.65492 40873.53973 40655.01921 48232.91589 52369.14046 49689.93883 49577.46667 51881.49369 61345.01056 62658.03706 64826.5188 74645.19953 75525.76212 84954.45199 87438.78213 78101.58047 60481.03119 62215.05459 63522.3894 60446.44358 45276.79415 36597.45557 32730.47306 12936.20818 5070.48169 3700.07366 17065.82178 28086.83468 22561.33936 30390.30594 18487.1695 28542.70588 36859.55422 46408.85865 32791.62647 28691.92046 41421.26111 45863.62889 51779.46519 69492.42069 44738.65296 25349.68631 
10237.19567 8261.29668 8071.47296 20360.45778 0 28820.03498 30026.39032 34622.10802 45940.10508 51095.69526 46079.87479 46153.27602 40935.70187 50318.4344 57731.03153 61232.93397 60958.31861 68271.76033 72472.16002 68765.92832 64347.06278 68590.84467 77464.6376 78691.49473 76093.5865 84584.52647 85803.28369 91821.05684 93793.11468 80967.43849 63652.33248 64496.68561 63252.22306 57519.37888 40107.54569 33650.03055 35134.45886 32723.09184 22969.9295 20945.69385 34221.08746 47434.69705 41425.88454 41463.89087 17904.18408 26537.7952 32054.15457 42120.62448 12487.13795 11342.37421 22853.90389 28976.44383 32708.67919 55216.34605 30642.83154 19004.5353 
19140.1443 20617.85906 21393.08033 20932.51906 28820.03498 0 2465.95052 6686.67314 17688.9318 25076.42334 17263.02652 17958.1219 18807.81776 26548.01567 43241.81796 46171.71802 47864.15216 48896.41623 53179.33282 45857.59975 36269.0795 41866.3056 49947.79176 51084.36323 47345.21351 56188.55512 57311.13194 64942.5758 67255.09222 57190.74819 39553.40155 41291.30055 42931.77238 40810.28701 28053.63851 19207.08801 12551.24523 20420.70224 16551.03052 24629.59406 35669.73698 41580.26291 38025.00769 50812.90563 37406.21937 48006.16477 55818.04325 65826.91106 39250.1309 29228.52852 39843.46052 40681.55889 49641.28463 58078.66708 36115.9954 16694.36161 
20080.2681 21769.5708 22879.23872 23291.45047 30026.39032 2465.95052 0 4711.11576 16018.44269 22878.00003 16342.11337 17788.17085 20351.18346 27574.15329 45108.13864 47965.38164 49788.68572 50250.69351 54508.48616 46760.37369 35934.32512 41994.64215 49772.22473 50870.82661 46074.80383 54661.05364 55834.71468 63003.62036 65262.71821 54894.8549 37236.93375 38925.10185 40476.8371 38363.71528 25891.15476 17131.84549 10109.91877 22772.26208 18984.10305 26991.32634 38135.67036 43909.02097 40437.26501 53255.11026 39448.21122 50062.75064 57782.4898 67834.29436 39977.97432 29530.92519 39610.43842 39978.13383 49196.86006 56437.17669 35035.34849 16369.06871 
24575.5732 26360.90303 27572.65303 27508.8098 34622.10802 6686.67314 4711.11576 0 11338.52296 18414.64941 12333.98268 14837.62526 20609.76898 26497.05754 45779.71001 48417.36028 50597.11274 49610.34006 53787.18496 45200.06694 32418.45859 39112.09959 46399.47013 47441.57186 41549.71762 49997.0753 51190.48461 58321.60816 60604.00375 50595.56719 32999.59808 34840.94978 36957.40049 35684.40211 25086.91695 16947.26131 8272.28353 25358.0125 22953.56509 31194.45019 41590.72974 46193.90564 43210.84328 57078.53646 44068.85335 54675.34013 62445.38372 72477.39599 44255.28892 33474.13939 42867.73071 42535.81699 52105.78539 56973.9277 36970.45433 19815.55667 
35841.57382 37681.07402 38897.6697 37604.77306 45940.10508 17688.9318 16018.44269 11338.52296 0 10073.77921 6046.29055 11539.42222 23845.36487 25759.24127 47788.21944 49812.09214 52745.70651 48344.78669 52180.32675 41812.35852 24273.38184 32475.77114 38173.48346 39040.1667 30410.62662 38659.45921 39863.21117 47427.51333 49852.09093 41554.44412 24663.41742 27090.1312 31258.72195 32801.30701 28115.9747 22492.22361 13953.43617 32546.09323 32718.53517 41196.00015 49842.43577 51811.13646 49973.00593 65920.63 54940.37046 65496.33371 73423.31152 83372.50216 55259.35098 44131.17559 52457.12275 51000.47383 61010.66514 61212.05064 44518.77478 30155.19929 
40865.68255 43030.54101 44906.66619 45905.10786 51095.69526 25076.42334 22878.00003 18414.64941 10073.77921 0 15814.81065 21306.41744 33915.90206 35408.72564 57693.73836 59602.80314 62650.33036 57415.2697 61071.89611 50080.15667 29856.47863 38942.27661 42763.59964 43377.65636 29296.67006 35129.51136 36650.34161 40727.68819 42763.94062 32263.0755 14872.33885 17115.44394 21294.87199 23874.37593 23905.47852 21517.55853 16056.92789 42196.11622 41258.85863 49581.67336 59254.29799 61825.67275 59814.26988 75109.74089 62275.86864 72894.47838 80495.1131 90599.01765 58847.88817 47141.31504 53370.53128 50458.46155 60735.79471 56120.58513 43194.98208 33281.97861 
36340.34499 37879.65595 38546.27802 35146.86046 46079.87479 17263.02652 16342.11337 12333.98268 6046.29055 15814.81065 0 5519.57301 18531.682 19727.0672 41881.70331 43835.41868 46838.86559 42326.89851 46191.8477 36023.31495 20248.44687 27636.47233 34281.87475 35275.47531 30257.26327 39606.97407 40583.69123 50130.69356 52775.60748 46163.96702 29888.22247 32491.02697 37105.87729 38847.58569 33375.59923 26893.03483 17831.29352 28354.0602 30105.7711 38572.73121 45844.02584 46665.36238 45262.01761 62122.12725 53159.73272 63553.5319 71706.23309 81462.57709 56318.6791 45756.09125 55132.66985 54432.78841 64193.56839 66396.02355 48408.09872 32148.25327 
36923.00791 38156.06281 38305.40612 32980.83184 46153.27602 17958.1219 17788.17085 14837.62526 11539.42222 21306.41744 5519.57301 0 13724.60802 14220.0615 36390.75983 38318.07848 41346.41336 36987.38782 40920.09307 31149.99827 18329.4445 24308.30851 32014.13198 33136.26659 31868.2096 41913.56889 42688.88563 53666.14829 56453.56707 51015.46806 35142.27099 37816.98028 42601.28081 44321.70368 38046.28779 30956.6137 21797.68699 24576.93517 27917.71263 36176.17834 42021.03268 41765.73109 40767.33266 58383.31615 51366.6044 61521.11347 69830.62815 79362.88681 57100.88041 47168.88594 57373.76711 57351.78091 66825.07584 70862.16221 51777.35418 34142.96771 
33674.25029 34030.35745 32895.21968 23429.14928 40935.70187 18807.81776 20351.18346 20609.76898 23845.36487 33915.90206 18531.682 13724.60802 0 9393.73339 25181.2131 27818.80604 30028.83098 30154.34846 34455.99124 28232.38366 26735.88235 28457.30722 37927.58338 39246.55611 43966.71678 54487.81023 55056.94548 67101.90888 69959.60802 64642.18222 48366.7811 50893.7697 54947.6766 55344.67748 45650.85522 37220.03899 28880.81684 12087.86784 18877.39357 25858.90057 28907.23734 28137.39245 27070.94821 45237.80523 41653.74011 51073.55968 59543.62461 68540.8188 53074.10249 45208.09979 57061.90863 58882.38503 67250.91116 76787.2368 54799.97243 34724.40264 
42842.08323 43311.19562 42269.52887 32553.91999 50318.4344 26548.01567 27574.15329 26497.05754 25759.24127 35408.72564 19727.0672 14220.0615 9393.73339 0 22581.88213 24234.14109 27494.06564 23200.50998 27320.86169 19353.6824 19643.32908 19514.5669 29175.66941 30522.46126 38551.34154 49362.33566 49661.31525 63348.52418 66387.59196 63573.3155 48687.5162 51492.27886 56673.06258 58532.86057 51259.52573 43433.79892 34497.65305 20356.57856 28172.59815 34712.48003 35425.95563 30951.55942 31712.27522 51303.13128 50488.9654 59528.83134 68009.16219 76678.49999 62413.66903 54256.76609 65846.19181 67191.46787 75904.231 83469.99167 62591.72264 43073.88541 
53652.00323 53073.598029999994 50654.06729 37370.65492 57731.03153 43241.81796 45108.13864 45779.71001 47788.21944 57693.73836 41881.70331 36390.75983 25181.2131 22581.88213 0 3520.50417 4957.80394 14004.96938 17059.52997 21764.79398 38947.42407 33844.72746 42458.73374 43731.76013 58570.09158 69328.47709 69283.39637 84410.16606 87560.47932 86023.80591 71252.98498 74035.22571 78987.29672 80186.66972 70760.35316 62194.2133 54044.9041 25793.17529 35506.71788 37309.29009 28932.96511 16351.61244 21305.1529 40350.58032 50419.38789 56404.7979 64282.83969 70845.40553 70146.73087 65216.25625 77848.16535 81088.47856 88273.18741 101207.04879 78117.83735 57547.3421 
57048.37952 56507.64064 54122.69998 40873.53973 61232.93397 46171.71802 47965.38164 48417.36028 49812.09214 59602.80314 43835.41868 38318.07848 27818.80604 24234.14109 3520.50417 0 4256.08876 11508.38765 14054.73232 20374.19246 39289.58442 33451.1498 41612.05784 42842.22446 58810.78632 69478.97378 69339.66579 84846.39727 88029.39667 87222.08852 72860.6396 75694.1888 80886.67313 82406.80488 73469.36119 64990.46747 56689.57092 29183.28916 38939.66121 40829.74432 32262.24439 19239.35417 24503.68072 43112.8477 53875.45198 59709.18742 67519.41796 73903.24874 73655.14022 68637.00318 81248.46229 84395.71908 91670.87081 104215.61673 81304.8461 60755.08191 
57456.42088 56735.4327 54149.93414 40655.01921 60958.31861 47864.15216 49788.68572 50597.11274 52745.70651 62650.33036 46838.86559 41346.41336 30028.83098 27494.06564 4957.80394 4256.08876 0 15399.86029 17385.35048 24601.10779 43323.75176 37670.65955 45868.13069 47097.77093 62892.33362 73592.57463 73480.23529 88864.74287 92035.40295 90844.22259 76178.3432 78969.38242 83944.21027 85123.55302 75522.36765 66903.70923 58852.31303 29731.40039 39231.18271 40226.3827 30404.20743 16619.49032 22381.42478 40037.99854 52427.89491 57632.76882 65235.96658 71216.67506 73275.092 68910.29316 81602.71436 85108.639 92027.17873 105703.49214 82380.85027 61796.85917 
62700.40548 62570.99281 60662.96312 48232.91589 68271.76033 48896.41623 50250.69351 49610.34006 48344.78669 57415.2697 42326.89851 36987.38782 30154.34846 23200.50998 14004.96938 11508.38765 15399.86029 0 4317.03315 10405.5903 32622.51368 25046.99589 31875.47882 32993.90001 51308.40178 61592.81143 61220.22002 77550.03078 80794.52218 82125.50088 69314.56127 72288.94124 78296.82947 81069.48354 74459.30006 66556.92796 57681.36469 35548.74617 45348.7512 48895.67577 42397.32155 30354.86069 35096.36961 54355.36753 63115.03802 69814.29891 77856.45964 84703.22374 80754.45781 74397.83649 86671.45732 88928.47863 96991.654 106526.64473 84952.56201 64812.19113 
66993.54898 66843.47152 64900.95725 52369.14046 72472.16002 53179.33282 54508.48616 53787.18496 52180.32675 61071.89611 46191.8477 40920.09307 34455.99124 27320.86169 17059.52997 14054.73232 17385.35048 4317.03315 0 12278.67648 35253.52536 27065.167 32864.65878 33874.42639 53352.06134 63380.92091 62893.42859 79536.87422 82796.54653 84930.45475 72611.45376 75610.73906 81794.22171 84816.69622 78564.98601 70733.69485 61818.48552 39753.80185 49575.95839 52931.97315 45885.3305 33281.4402 38361.13362 57161.90286 66931.46778 73355.61449 81302.72938 87894.5111 84958.12575 78691.90863 90980.14471 93244.57167 101304.02327 110733.34777 89249.48595 69125.70776 
61901.88874 62188.73825 60823.19097 49689.93883 68765.92832 45857.59975 46760.37369 45200.06694 41812.35852 50080.15667 36023.31495 31149.99827 28232.38366 19353.6824 21764.79398 20374.19246 24601.10779 10405.5903 12278.67648 0 23051.53641 14821.88073 21551.58958 22710.3464 41131.47741 51287.43904 50873.52858 67349.16641 70603.49469 72741.95549 60881.10985 63908.06038 70364.06251 73949.91057 69195.88858 61927.37366 52808.18445 36768.76955 45967.14712 51088.31128 47348.87583 37291.8159 40985.57117 61023.48037 66299.10166 74100.29819 82414.25883 90044.92717 81080.53802 73434.90907 85164.77909 86528.49306 95251.14041 101949.71094 81790.53548 62425.20902 
55244.26964 56430.26656 56414.283 49577.46667 64347.06278 36269.0795 35934.32512 32418.45859 24273.38184 29856.47863 20248.44687 18329.4445 26735.88235 19643.32908 38947.42407 39289.58442 43323.75176 32622.51368 35253.52536 23051.53641 0 9353.50437 14036.78968 15032.47934 19634.02491 30435.56065 30505.65196 45557.0994 48744.41669 49691.32186 38491.87138 41547.89041 48505.18025 53272.18379 52182.02444 46708.75023 37864.97473 38806.26474 44671.6267 52348.508 54913.79933 50197.20253 51334.16971 70917.7717 68038.90829 77719.3543 86169.25703 95265.36435 75425.34762 65433.85143 75285.50811 74675.32415 84436.44236 85205.63473 68543.76684 52159.22405 
60182.12669 61053.55758 60529.96936 51881.49369 68590.84467 41866.3056 41994.64215 39112.09959 32475.77114 38942.27661 27636.47233 24308.30851 28457.30722 19514.5669 33844.72746 33451.1498 37670.65955 25046.99589 27065.167 14821.88073 9353.50437 0 9730.31526 11090.7374 26310.37536 36551.4146 36217.95225 52535.68969 55787.6333 58424.16412 47818.49808 50875.59467 57858.63418 62526.84397 60589.25292 54523.01688 45462.84151 39870.86154 47299.74746 54181.16312 54276.05902 47233.85658 49466.40469 69585.25394 69974.28005 79033.23849 87511.93835 96092.59022 80251.88838 71002.05447 81601.8786 81646.99069 91127.44754 93683.89384 75923.45144 58360.46404 
68702.12018 69735.72963 69440.8192 61345.01056 77464.6376 49947.79176 49772.22473 46399.47013 38173.48346 42763.59964 34281.87475 32014.13198 37927.58338 29175.66941 42458.73374 41612.05784 45868.13069 31875.47882 32864.65878 21551.58958 14036.78968 9730.31526 0 1362.39599 22691.04171 31404.06478 30641.52032 47851.26927 51112.99255 56758.60722 48929.2245 51937.3513 59477.91148 65307.38655 65813.31043 60657.2869 51875.80566 49513.37682 56669.76994 63745.30013 63989.39085 56574.52883 59048.85767 79208.56683 79546.54819 88703.23455 97183.98246 105809.34609 88866.05244 79174.31853 89248.63301 88711.74981 98458.82239 98688.18598 82559.45218 66074.06295 
69883.54501 70938.59328 70674.85316 62658.03706 78691.49473 51084.36323 50870.82661 47441.57186 39040.1667 43377.65636 35275.47531 33136.26659 39246.55611 30522.46126 43731.76013 42842.22446 47097.77093 32993.90001 33874.42639 22710.3464 15032.47934 11090.7374 1362.39599 0 22398.52472 30788.69508 29960.54181 47246.65414 50502.15716 56577.05624 49159.90736 52152.42534 59751.54755 65728.77169 66561.74067 61532.01375 52799.11447 50854.81032 57970.22374 65073.18354 65351.78059 57910.05761 60404.31399 80566.5082 80874.68547 90047.92782 98528.92335 107163.93483 90054.20614 80304.74349 90303.79325 89688.0608 99467.46866 99378.67593 83481.19196 67150.01472 
66120.98956 67841.90076 68727.70141 64826.5188 76093.5865 47345.21351 46074.80383 41549.71762 30410.62662 29296.67006 30257.26327 31868.2096 43966.71678 38551.34154 58570.09158 58810.78632 62892.33362 51308.40178 53352.06134 41131.47741 19634.02491 26310.37536 22691.04171 22398.52472 0 10841.75751 11138.97963 26242.19651 29486.47917 34256.85685 29422.37706 32149.59131 40084.14841 47474.21119 52971.4548 50578.96531 43546.17718 55844.74986 59757.57855 68044.37372 72853.00109 69466.6908 70109.61989 89133.78551 83137.08713 93368.57349 101644.63147 111225.64697 85669.91345 74481.84072 82102.22908 79652.93728 89902.07304 83923.83577 72475.91411 60461.13936 
74442.65533 76330.01648 77527.29552 74645.19953 84584.52647 56188.55512 54661.05364 49997.0753 38659.45921 35129.51136 39606.97407 41913.56889 54487.81023 49362.33566 69328.47709 69478.97378 73592.57463 61592.81143 63380.92091 51287.43904 30435.56065 36551.4146 31404.06478 30788.69508 10841.75751 0 1859.46487 16458.14748 19714.06046 29154.0001 30391.93266 32480.05568 40211.79694 48702.60212 57451.02958 56591.81302 50667.74451 66231.87494 69579.61359 77971.53706 83394.85967 80293.55691 80852.32845 99717.14477 92765.14432 103131.06089 111310.53183 121031.98302 93450.58458 81942.37329 88482.03118 85249.64074 95540.31682 86302.17757 77751.42419 67932.05215 
75687.22987 77544.20355 78678.33865 75525.76212 85803.28369 57311.13194 55834.71468 51190.48461 39863.21117 36650.34161 40583.69123 42688.88563 55056.94548 49661.31525 69283.39637 69339.66579 73480.23529 61220.22002 62893.42859 50873.52858 30505.65196 36217.95225 30641.52032 29960.54181 11138.97963 1859.46487 0 17418.07789 20636.89567 30869.4167 32218.75686 34326.40849 42066.81655 50542.2921 59140.7026 58142.51627 52075.20054 66879.33168 70456.43552 78816.54365 83956.82625 80546.713 81246.29617 100252.25771 93713.2578 104040.03464 112252.21138 121930.2359 94800.25135 83335.1237 90019.45643 86866.88138 97158.59349 88122.93784 79393.60126 69312.33378 
81593.01111 83752.2848 85540.24003 84954.45199 91821.05684 64942.5758 63003.62036 58321.60816 47427.51333 40727.68819 50130.69356 53666.14829 67101.90888 63348.52418 84410.16606 84846.39727 88864.74287 77550.03078 79536.87422 67349.16641 45557.0994 52535.68969 47851.26927 47246.65414 26242.19651 16458.14748 17418.07789 0 3268.4951 19164.57143 29958.26042 30604.79702 36651.13445 45816.02428 58847.7953 60475.64362 56721.36083 78211.99656 79995.3891 88493.08032 95683.93418 94176.49816 94067.06205 112040.43128 102329.01385 112905.95755 120759.62382 130760.3254 99127.2511 87284.87007 91735.50008 87254.91089 97352.65976 83135.92288 79459.9051 73729.17778 
83582.42999 85779.45312 87658.95677 87438.78213 93793.11468 67255.09222 65262.71821 60604.00375 49852.09093 42763.94062 52775.60748 56453.56707 69959.60802 66387.59196 87560.47932 88029.39667 92035.40295 80794.52218 82796.54653 70603.49469 48744.41669 55787.6333 51112.99255 50502.15716 29486.47917 19714.06046 20636.89567 3268.4951 0 18639.09374 31221.02279 31566.88837 37100.10707 46239.97819 59961.42873 62021.99427 58659.98204 80958.45765 82507.911 91002.31815 98447.29834 97167.3861 96965.58971 114791.1898 104660.89668 115255.24005 123044.8118 133079.88784 100811.78184 88946.89294 93009.13508 88314.62096 98340.08664 83196.45427 80498.20132 75523.84377 
71020.60295 73393.30235 75782.93926 78101.58047 80967.43849 57190.74819 54894.8549 50595.56719 41554.44412 32263.0755 46163.96702 51015.46806 64642.18222 63573.3155 86023.80591 87222.08852 90844.22259 82125.50088 84930.45475 72741.95549 49691.32186 58424.16412 56758.60722 56577.05624 34256.85685 29154.0001 30869.4167 19164.57143 18639.09374 0 17682.24035 16473.37868 19652.85585 28486.4243 43919.82733 47697.20063 46510.92187 74098.67642 73509.40825 81789.60084 91366.12967 92765.11507 91387.53773 107332.97401 93903.84526 104489.82474 111767.43023 121945.38237 86461.85526 74629.31988 77084.71968 71729.25726 81480.58935 64711.98811 63913.44029 62073.13044 
53597.68971 55931.66708 58219.67691 60481.03119 63652.33248 39553.40155 37236.93375 32999.59808 24663.41742 14872.33885 29888.22247 35142.27099 48366.7811 48687.5162 71252.98498 72860.6396 76178.3432 69314.56127 72611.45376 60881.10985 38491.87138 47818.49808 48929.2245 49159.90736 29422.37706 30391.93266 32218.75686 29958.26042 31221.02279 17682.24035 0 3057.41453 10712.36691 18390.69157 28908.83898 30957.69797 28895.8554 57053.26117 55947.76514 64174.58657 74122.69785 76439.49665 74613.68041 89935.46314 76237.82364 86831.07518 94165.14775 104333.55935 69863.30388 57984.58402 61807.80245 57323.52034 67461.98882 55914.39128 49546.11424 44928.2451 
54549.9662 56927.58464 59351.3822 62215.05459 64496.68561 41291.30055 38925.10185 34840.94978 27090.1312 17115.44394 32491.02697 37816.98028 50893.7697 51492.27886 74035.22571 75694.1888 78969.38242 72288.94124 75610.73906 63908.06038 41547.89041 50875.59467 51937.3513 52152.42534 32149.59131 32480.05568 34326.40849 30604.79702 31566.88837 16473.37868 3057.41453 0 7951.98523 16256.87147 28414.97779 31342.09201 30154.88908 59274.77362 57781.26848 65914.42273 76208.20345 78900.80855 76927.15252 91897.73847 77589.02521 88151.73794 95351.92461 105536.24801 70216.79165 58353.72494 61552.10543 56747.75311 66788.76163 54007.15402 48932.27176 45622.21282 
53718.83895 56181.93562 58948.07746 63522.3894 63252.22306 42931.77238 40476.8371 36957.40049 31258.72195 21294.87199 37105.87729 42601.28081 54947.6766 56673.06258 78987.29672 80886.67313 83944.21027 78296.82947 81794.22171 70364.06251 48505.18025 57858.63418 59477.91148 59751.54755 40084.14841 40211.79694 42066.81655 36651.13445 37100.10707 19652.85585 10712.36691 7951.98523 0 9164.9867 24581.83843 29602.7183 30799.897 62165.20684 59441.28395 67203.29499 78512.38991 82507.19917 80005.38038 93715.11782 77634.74267 88044.09203 94828.36498 105013.95174 67644.61248 55940.88425 57579.50361 52088.26344 61830.07604 46778.70663 44279.16696 44255.95828 
48564.26648 51062.60108 54124.50071 60446.44358 57519.37888 40810.28701 38363.71528 35684.40211 32801.30701 23874.37593 38847.58569 44321.70368 55344.67748 58532.86057 80186.66972 82406.80488 85123.55302 81069.48354 84816.69622 73949.91057 53272.18379 62526.84397 65307.38655 65728.77169 47474.21119 48702.60212 50542.2921 45816.02428 46239.97819 28486.4243 18390.69157 16256.87147 9164.9867 0 17551.41016 24468.91226 28259.28963 60954.0308 56844.13952 64042.99641 76348.09638 81878.3077 78748.20511 90836.74379 73004.43788 83159.72644 89483.57561 99609.69795 60653.65447 49227.3265 49573.53461 43657.37137 53170.42533 37786.07422 35922.52334 38804.64886 
31551.44364 34042.18868 37289.72445 45276.79415 40107.54569 28053.63851 25891.15476 25086.91695 28115.9747 23905.47852 33375.59923 38046.28779 45650.85522 51259.52573 70760.35316 73469.36119 75522.36765 74459.30006 78564.98601 69195.88858 52182.02444 60589.25292 65813.31043 66561.74067 52971.4548 57451.02958 59140.7026 58847.7953 59961.42873 43919.82733 28908.83898 28414.97779 24581.83843 17551.41016 0 8938.71856 16844.44811 48330.00321 42395.79558 48688.22891 61953.56312 69481.22842 65516.48812 75405.42914 56133.6763 66069.13626 72141.59815 82228.01139 43224.80499 31698.05202 33203.94222 28414.71259 38575.15465 33096.10472 20648.26198 21738.61815 
24233.14256 26720.70694 29686.84961 36597.45557 33650.03055 19207.08801 17131.84549 16947.26131 22492.22361 21517.55853 26893.03483 30956.6137 37220.03899 43433.79892 62194.2133 64990.46747 66903.70923 66556.92796 70733.69485 61927.37366 46708.75023 54523.01688 60657.2869 61532.01375 50578.96531 56591.81302 58142.51627 60475.64362 62021.99427 47697.20063 30957.69797 31342.09201 29602.7183 24468.91226 8938.71856 0 9159.65526 39406.6335 33540.27803 40080.80505 53129.22814 60549.95268 56583.52314 66873.80345 48552.04202 58775.13321 65321.7884 75492.93774 38913.60465 27037.28437 31897.59845 29091.70136 39324.51383 40063.92555 22168.61618 14654.9854 
24937.64375 27184.52571 29337.47117 32730.47306 35134.45886 12551.24523 10109.91877 8272.28353 13953.43617 16056.92789 17831.29352 21797.68699 28880.81684 34497.65305 54044.9041 56689.57092 58852.31303 57681.36469 61818.48552 52808.18445 37864.97473 45462.84151 51875.80566 52799.11447 43546.17718 50667.74451 52075.20054 56721.36083 58659.98204 46510.92187 28895.8554 30154.88908 30799.897 28259.28963 16844.44811 9159.65526 0 32821.82681 28777.35607 36406.58196 48150.80395 53903.01642 50539.01938 63001.00926 47434.61005 57998.61286 65270.31719 75441.70365 42876.83173 31278.45669 38669.45578 37049.50152 47063.7512 49144.97058 30683.92268 17301.38506 
27865.1919 27375.3514 25194.58682 12936.20818 32723.09184 20420.70224 22772.26208 25358.0125 32546.09323 42196.11622 28354.0602 24576.93517 12087.86784 20356.57856 25793.17529 29183.28916 29731.40039 35548.74617 39753.80185 36768.76955 38806.26474 39870.86154 49513.37682 50854.81032 55844.74986 66231.87494 66879.33168 78211.99656 80958.45765 74098.67642 57053.26117 59274.77362 62165.20684 60954.0308 48330.00321 39406.6335 32821.82681 0 9863.45556 14505.4276 17501.65532 21168.65555 17858.39894 33832.83678 30187.59127 39203.18739 47684.63632 56524.99178 45206.82891 39468.04396 52065.17366 55378.52652 62487.85907 76605.22158 52798.59919 32249.61225 
18231.63071 17568.19804 15335.72911 5070.48169 22969.9295 16551.03052 18984.10305 22953.56509 32718.53517 41258.85863 30105.7711 27917.71263 18877.39357 28172.59815 35506.71788 38939.66121 39231.18271 45348.7512 49575.95839 45967.14712 44671.6267 47299.74746 56669.76994 57970.22374 59757.57855 69579.61359 70456.43552 79995.3891 82507.911 73509.40825 55947.76514 57781.26848 59441.28395 56844.13952 42395.79558 33540.27803 28777.35607 9863.45556 0 8497.74376 19606.10332 28431.61493 23581.09336 34275.21937 23492.95475 33611.01324 41914.66387 51479.31766 35430.47501 29713.99265 42378.35822 46056.42101 52804.65003 68433.53632 44071.29162 23866.8959 
20281.61923 18633.09966 15295.43919 3700.07366 20945.69385 24629.59406 26991.32634 31194.45019 41196.00015 49581.67336 38572.73121 36176.17834 25858.90057 34712.48003 37309.29009 40829.74432 40226.3827 48895.67577 52931.97315 51088.31128 52348.508 54181.16312 63745.30013 65073.18354 68044.37372 77971.53706 78816.54365 88493.08032 91002.31815 81789.60084 64174.58657 65914.42273 67203.29499 64042.99641 48688.22891 40080.80505 36406.58196 14505.4276 8497.74376 0 14334.32259 26565.49866 20698.88392 26814.16539 15801.52424 25436.68013 33846.69821 43204.5779 33087.55956 30290.72564 42919.47703 47821.37917 53164.13222 72072.45304 47193.5385 28342.57966 
34615.94052 32930.01981 29514.10055 17065.82178 34221.08746 35669.73698 38135.67036 41590.72974 49842.43577 59254.29799 45844.02584 42021.03268 28907.23734 35425.95563 28932.96511 32262.24439 30404.20743 42397.32155 45885.3305 47348.87583 54913.79933 54276.05902 63989.39085 65351.78059 72853.00109 83394.85967 83956.82625 95683.93418 98447.29834 91366.12967 74122.69785 76208.20345 78512.38991 76348.09638 61953.56312 53129.22814 48150.80395 17501.65532 19606.10332 14334.32259 0 14340.00244 8135.3155 16368.11337 22257.28244 27476.45348 35459.65613 42697.83113 45575.68772 44334.94383 56802.02286 62021.0247 66882.67118 86395.67299 61527.50139 42415.3042 
45990.69222 44739.30561 41648.92083 28086.83468 47434.69705 41580.26291 43909.02097 46193.90564 51811.13646 61825.67275 46665.36238 41765.73109 28137.39245 30951.55942 16351.61244 19239.35417 16619.49032 30354.86069 33281.4402 37291.8159 50197.20253 47233.85658 56574.52883 57910.05761 69466.6908 80293.55691 80546.713 94176.49816 97167.3861 92765.11507 76439.49665 78900.80855 82507.19917 81878.3077 69481.22842 60549.95268 53903.01642 21168.65555 28431.61493 26565.49866 14340.00244 0 6240.39826 24009.19592 36596.47492 41103.6095 48624.43633 54693.72098 59280.03004 56714.42617 69410.05937 73937.19799 79702.88024 96862.29005 72444.46382 52288.56514 
40533.15711 39137.70635 35932.71588 22561.33936 41425.88454 38025.00769 40437.26501 43210.84328 49973.00593 59814.26988 45262.01761 40767.33266 27070.94821 31712.27522 21305.1529 24503.68072 22381.42478 35096.36961 38361.13362 40985.57117 51334.16971 49466.40469 59048.85767 60404.31399 70109.61989 80852.32845 81246.29617 94067.06205 96965.58971 91387.53773 74613.68041 76927.15252 80005.38038 78748.20511 65516.48812 56583.52314 50539.01938 17858.39894 23581.09336 20698.88392 8135.3155 6240.39826 0 20208.64442 30385.70577 35275.44443 43016.42062 49607.17754 53152.68243 50973.72226 63618.19888 68381.01496 73853.47455 91855.16047 67232.34482 47372.78451 
45383.0444 43195.34654 39592.08198 30390.30594 41463.89087 50812.90563 53255.11026 57078.53646 65920.63 75109.74089 62122.12725 58383.31615 45237.80523 51303.13128 40350.58032 43112.8477 40037.99854 54355.36753 57161.90286 61023.48037 70917.7717 69585.25394 79208.56683 80566.5082 89133.78551 99717.14477 100252.25771 112040.43128 114791.1898 107332.97401 89935.46314 91897.73847 93715.11782 90836.74379 75405.42914 66873.80345 63001.00926 33832.83678 34275.21937 26814.16539 16368.11337 24009.19592 20208.64442 0 24370.68341 22517.36497 27842.69174 31737.49193 50253.52369 52709.11038 64045.12437 70440.17641 73255.12534 96426.82729 71543.13369 54485.78207 
24586.02848 22103.25102 18885.77016 18487.1695 17904.18408 37406.21937 39448.21122 44068.85335 54940.37046 62275.86864 53159.73272 51366.6044 41653.74011 50488.9654 50419.38789 53875.45198 52427.89491 63115.03802 66931.46778 66299.10166 68038.90829 69974.28005 79546.54819 80874.68547 83137.08713 92765.14432 93713.2578 102329.01385 104660.89668 93903.84526 76237.82364 77589.02521 77634.74267 73004.43788 56133.6763 48552.04202 47434.61005 30187.59127 23492.95475 15801.52424 22257.28244 36596.47492 30385.70577 24370.68341 0 10618.61135 18547.27622 28433.43425 25899.85872 29223.47317 39868.4418 46579.00505 48898.85484 73073.97699 48543.8211 34395.23829 
34596.97466 32098.10827 29116.23609 28542.70588 26537.7952 48006.16477 50062.75064 54675.34013 65496.33371 72894.47838 63553.5319 61521.11347 51073.55968 59528.83134 56404.7979 59709.18742 57632.76882 69814.29891 73355.61449 74100.29819 77719.3543 79033.23849 88703.23455 90047.92782 93368.57349 103131.06089 104040.03464 112905.95755 115255.24005 104489.82474 86831.07518 88151.73794 88044.09203 83159.72644 66069.13626 58775.13321 57998.61286 39203.18739 33611.01324 25436.68013 27476.45348 41103.6095 35275.44443 22517.36497 10618.61135 0 8481.54178 17911.32471 31129.41744 37349.83504 46360.55082 53664.90423 54262.4991 80548.09521 56697.72884 44385.63083 
41112.75661 38646.44475 36008.78877 36859.55422 32054.15457 55818.04325 57782.4898 62445.38372 73423.31152 80495.1131 71706.23309 69830.62815 59543.62461 68009.16219 64282.83969 67519.41796 65235.96658 77856.45964 81302.72938 82414.25883 86169.25703 87511.93835 97183.98246 98528.92335 101644.63147 111310.53183 112252.21138 120759.62382 123044.8118 111767.43023 94165.14775 95351.92461 94828.36498 89483.57561 72141.59815 65321.7884 65270.31719 47684.63632 41914.66387 33846.69821 35459.65613 48624.43633 43016.42062 27842.69174 18547.27622 8481.54178 0 10192.98421 33738.88173 41968.50738 49278.31984 56916.44769 56003.47053 83784.60058 60884.98947 50724.65436 
51295.72267 48833.1662 46198.98595 46408.85865 42120.62448 65826.91106 67834.29436 72477.39599 83372.50216 90599.01765 81462.57709 79362.88681 68540.8188 76678.49999 70845.40553 73903.24874 71216.67506 84703.22374 87894.5111 90044.92717 95265.36435 96092.59022 105809.34609 107163.93483 111225.64697 121031.98302 121930.2359 130760.3254 133079.88784 121945.38237 104333.55935 105536.24801 105013.95174 99609.69795 82228.01139 75492.93774 75441.70365 56524.99178 51479.31766 43204.5779 42697.83113 54693.72098 49607.17754 31737.49193 28433.43425 17911.32471 10192.98421 0 42721.63321 51713.46445 58161.30988 65907.33237 64061.13591 92599.83028 70327.50193 60880.9613 
20182.8567 19206.37449 20261.03147 32791.62647 12487.13795 39250.1309 39977.97432 44255.28892 55259.35098 58847.88817 56318.6791 57100.88041 53074.10249 62413.66903 70146.73087 73655.14022 73275.092 80754.45781 84958.12575 81080.53802 75425.34762 80251.88838 88866.05244 90054.20614 85669.91345 93450.58458 94800.25135 99127.2511 100811.78184 86461.85526 69863.30388 70216.79165 67644.61248 60653.65447 43224.80499 38913.60465 42876.83173 45206.82891 35430.47501 33087.55956 45575.68772 59280.03004 53152.68243 50253.52369 25899.85872 31129.41744 33738.88173 42721.63321 0 11878.81128 15539.59893 23210.64852 23241.68241 50046.11162 27907.44642 25578.34715 
11698.8611 12177.50805 15065.5657 28691.92046 11342.37421 29228.52852 29530.92519 33474.13939 44131.17559 47141.31504 45756.09125 47168.88594 45208.09979 54256.76609 65216.25625 68637.00318 68910.29316 74397.83649 78691.90863 73434.90907 65433.85143 71002.05447 79174.31853 80304.74349 74481.84072 81942.37329 83335.1237 87284.87007 88946.89294 74629.31988 57984.58402 58353.72494 55940.88425 49227.3265 31698.05202 27037.28437 31278.45669 39468.04396 29713.99265 30290.72564 44334.94383 56714.42617 50973.72226 52709.11038 29223.47317 37349.83504 41968.50738 51713.46445 11878.81128 0 12737.2639 17847.89568 23135.89133 43873.98675 19399.99694 14037.49953 
24200.35688 24898.44097 27776.67671 41421.26111 22853.90389 39843.46052 39610.43842 42867.73071 52457.12275 53370.53128 55132.66985 57373.76711 57061.90863 65846.19181 77848.16535 81248.46229 81602.71436 86671.45732 90980.14471 85164.77909 75285.50811 81601.8786 89248.63301 90303.79325 82102.22908 88482.03118 90019.45643 91735.50008 93009.13508 77084.71968 61807.80245 61552.10543 57579.50361 49573.53461 33203.94222 31897.59845 38669.45578 52065.17366 42378.35822 42919.47703 56802.02286 69410.05937 63618.19888 64045.12437 39868.4418 46360.55082 49278.31984 58161.30988 15539.59893 12737.2639 0 7801.65458 10426.65594 34508.06623 14050.81506 23241.83184 
27969.07986 29243.6287 32530.6704 45863.62889 28976.44383 40681.55889 39978.13383 42535.81699 51000.47383 50458.46155 54432.78841 57351.78091 58882.38503 67191.46787 81088.47856 84395.71908 85108.639 88928.47863 93244.57167 86528.49306 74675.32415 81646.99069 88711.74981 89688.0608 79652.93728 85249.64074 86866.88138 87254.91089 88314.62096 71729.25726 57323.52034 56747.75311 52088.26344 43657.37137 28414.71259 29091.70136 37049.50152 55378.52652 46056.42101 47821.37917 62021.0247 73937.19799 68381.01496 70440.17641 46579.00505 53664.90423 56916.44769 65907.33237 23210.64852 17847.89568 7801.65458 0 10291.83892 26921.54477 7828.53147 24165.56265 
34622.72425 35310.28827 38122.51665 51779.46519 32708.67919 49641.28463 49196.86006 52105.78539 61010.66514 60735.79471 64193.56839 66825.07584 67250.91116 75904.231 88273.18741 91670.87081 92027.17873 96991.654 101304.02327 95251.14041 84436.44236 91127.44754 98458.82239 99467.46866 89902.07304 95540.31682 97158.59349 97352.65976 98340.08664 81480.58935 67461.98882 66788.76163 61830.07604 53170.42533 38575.15465 39324.51383 47063.7512 62487.85907 52804.65003 53164.13222 66882.67118 79702.88024 73853.47455 73255.12534 48898.85484 54262.4991 56003.47053 64061.13591 23241.68241 23135.89133 10426.65594 10291.83892 0 29793.06461 17928.65057 32946.9237 
51816.36137 53681.86581 57242.92194 69492.42069 55216.34605 58078.66708 56437.17669 56973.9277 61212.05064 56120.58513 66396.02355 70862.16221 76787.2368 83469.99167 101207.04879 104215.61673 105703.49214 106526.64473 110733.34777 101949.71094 85205.63473 93683.89384 98688.18598 99378.67593 83923.83577 86302.17757 88122.93784 83135.92288 83196.45427 64711.98811 55914.39128 54007.15402 46778.70663 37786.07422 33096.10472 40063.92555 49144.97058 76605.22158 68433.53632 72072.45304 86395.67299 96862.29005 91855.16047 96426.82729 73073.97699 80548.09521 83784.60058 92599.83028 50046.11162 43873.98675 34508.06623 26921.54477 29793.06461 0 24962.54295 44575.73205 
26912.92805 28726.91592 32281.75513 44738.65296 30642.83154 36115.9954 35035.34849 36970.45433 44518.77478 43194.98208 48408.09872 51777.35418 54799.97243 62591.72264 78117.83735 81304.8461 82380.85027 84952.56201 89249.48595 81790.53548 68543.76684 75923.45144 82559.45218 83481.19196 72475.91411 77751.42419 79393.60126 79459.9051 80498.20132 63913.44029 49546.11424 48932.27176 44279.16696 35922.52334 20648.26198 22168.61618 30683.92268 52798.59919 44071.29162 47193.5385 61527.50139 72444.46382 67232.34482 71543.13369 48543.8211 56697.72884 60884.98947 70327.50193 27907.44642 19399.99694 14050.81506 7828.53147 17928.65057 24962.54295 0 20583.99413 
9814.57655 12308.89525 15575.5574 25349.68631 19004.5353 16694.36161 16369.06871 19815.55667 30155.19929 33281.97861 32148.25327 34142.96771 34724.40264 43073.88541 57547.3421 60755.08191 61796.85917 64812.19113 69125.70776 62425.20902 52159.22405 58360.46404 66074.06295 67150.01472 60461.13936 67932.05215 69312.33378 73729.17778 75523.84377 62073.13044 44928.2451 45622.21282 44255.95828 38804.64886 21738.61815 14654.9854 17301.38506 32249.61225 23866.8959 28342.57966 42415.3042 52288.56514 47372.78451 54485.78207 34395.23829 44385.63083 50724.65436 60880.9613 25578.34715 14037.49953 23241.83184 24165.56265 32946.9237 44575.73205 20583.99413 0 
