13
Jaxon Mason William Alexander Andrew Lucas Ethan Logan James Matthew Joseph Benjamin Liam
0 15.0 16.0 12.0 12.0 16.0 24.0 14.0 4.0 8.0 13.0 6.0 3.0 
15.0 0 1.0 5.0 15.0 13.0 13.0 19.0 11.0 18.0 17.0 21.0 18.0 
16.0 1.0 0 6.0 14.0 14.0 14.0 20.0 12.0 19.0 18.0 22.0 19.0 
12.0 5.0 6.0 0 12.0 10.0 14.0 20.0 8.0 18.0 13.0 18.0 15.0 
12.0 15.0 14.0 12.0 0 4.0 14.0 23.0 11.0 18.0 13.0 18.0 15.0 
16.0 13.0 14.0 10.0 4.0 0 10.0 25.0 15.0 22.0 17.0 18.0 19.0 
24.0 13.0 14.0 14.0 14.0 10.0 0 15.0 20.0 17.0 12.0 21.0 24.0 
14.0 19.0 20.0 20.0 23.0 25.0 15.0 0 12.0 22.0 22.0 20.0 17.0 
4.0 11.0 12.0 8.0 11.0 15.0 20.0 12.0 0 12.0 17.0 10.0 7.0 
8.0 18.0 19.0 18.0 18.0 22.0 17.0 22.0 12.0 0 5.0 14.0 11.0 
13.0 17.0 18.0 13.0 13.0 17.0 12.0 22.0 17.0 5.0 0 19.0 16.0 
6.0 21.0 22.0 18.0 18.0 18.0 21.0 20.0 10.0 14.0 19.0 0 3.0 
3.0 18.0 19.0 15.0 15.0 19.0 24.0 17.0 7.0 11.0 16.0 3.0 0 
