18
24 15 8 13 12 22 17 1 21 7 5 19 2 26 29 10 9 0
0 427762988.99459 720983033.56113 854539957.07107 974932296.1127601 957161286.21087 848794048.31183 809845260.17882 882991771.75407 992038587.67908 592009645.98551 747770286.90861 672496782.69705 768840036.97856 853681651.4424399 946050319.4479101 487543249.87025 404180037.25143 
427762988.99459 0 293220044.56654 464284584.21386003 746038612.35019 759189152.2428501 734768661.73246 610082327.5018301 515874660.73617 649382101.2470601 405691564.44396996 373076160.12776 329840296.26503 426183550.54654 562835289.19895 535015811.52283 831281291.41468 831943026.24602 
720983033.5611299 293220044.56654 0 171064539.64732 537583754.87924 465969107.67631 441548617.16592 316862282.93529 222654616.16963 403322038.07982 421488416.66426 577249057.58736 460898160.08254004 557241414.36405 493907516.82660997 542958936.41006 538061246.84814 621424459.46696 
854539957.07107 464284584.21386003 171064539.64732 0 366519215.23192 462650931.82123 270484077.5186 145797743.28797 263451973.38411 444119395.29429996 370320757.14676 465126906.06587 289833620.43522 386176874.71673 322842977.17929 510680942.00180995 366996707.20082 450359919.81964004 
974932296.1127601 746038612.35019 537583754.87924 366519215.23192 0 96131716.58931 403057679.90778995 512316958.51989 613084529.48188 776119655.06053 503283400.59001 659044041.5131099 496380636.21509 428141673.57088 503216553.74408996 691054518.56661 684008215.19724 767371427.81606 
957161286.21087 759189152.2428501 465969107.67631 462650931.82123 96131716.58931 0 311757311.09696 608448675.1092 516952812.89257 679987938.47122 599415117.17932 755175758.10242 592512352.8044 524273390.16019 407084837.15478003 594922801.9773 780139931.78655 756371322.1573601 
848794048.31183 734768661.73246 441548617.16592 270484077.5186 403057679.90778995 311757311.09696 0 416281820.80657 418191657.27538 598859079.18557 599166524.47029 731565884.24881 560317697.95382 656660952.23533 571487852.66359 759325817.48611 527977223.67922 444614011.0604 
809845260.17882 610082327.50183 316862282.93529 145797743.28797 512316958.51989 608448675.1092 416281820.80657 0 117654230.09614 298321652.00633 295524335.20329 443506832.27969 376011471.91482997 472354726.19633996 468640720.46726 656478685.28978 512794450.48879004 596157663.10761 
882991771.75407 515874660.73617 222654616.16963 263451973.38411 613084529.4818801 516952812.89257 418191657.27538 117654230.09614 0 180667421.91019 400998443.09152 556759084.0146201 481485579.80306 450870435.98403 445419627.26747 633257592.08999 562174947.12146 478811734.50264 
992038587.67908 649382101.2470601 403322038.07982 444119395.2943 776119655.0605301 679987938.47122 598859079.18557 298321652.00633 180667421.91019 0 400028941.69356996 555789582.6166699 319541804.98203 415885059.26353997 571549257.0815799 759387221.9041 742842369.03165 659479156.41283 
592009645.98551 405691564.44396996 421488416.66426 370320757.14676 503283400.59001 599415117.17932 599166524.47029 295524335.20329 400998443.09152 400028941.69356996 0 155760640.9231 80487136.71154 176830390.99304998 261680594.5727 379368199.87193 676668774.26628 760031986.8851 
747770286.90861 373076160.12776 577249057.58736 465126906.06587 659044041.5131099 755175758.10242 731565884.24881 443506832.27969 556759084.0146201 555789582.6166699 155760640.9231 0 236247777.63463998 332591031.91615 417441235.4958 535128840.79503 832123613.26669 915486825.88551 
672496782.69705 329840296.26503 460898160.08254004 289833620.43522 496380636.21509 592512352.8044 560317697.95382 376011471.91482997 481485579.80306005 319541804.98203 80487136.71154 236247777.63463998 0 96343254.28151 252007452.09955 439845416.92207 656830327.63604 740193540.2548599 
768840036.97856 426183550.54654 557241414.36405 386176874.71673 428141673.57088 524273390.16019 656660952.23533 472354726.19633996 450870435.98403 415885059.26353997 176830390.99304998 332591031.91615 96343254.28151 0 155664197.81804 343502162.64056003 635408083.90311 718771296.52193 
853681651.44244 562835289.19895 493907516.82660997 322842977.17929 503216553.74409 407084837.15478003 571487852.66359 468640720.46726 445419627.26747 571549257.0815799 261680594.5727 417441235.4958 252007452.09955 155664197.81804 0 187837964.82252 689839684.38011 773202896.99893 
946050319.44791 535015811.52283 542958936.41006 510680942.00180995 691054518.56661 594922801.9772999 759325817.48611 656478685.2897799 633257592.08999 759387221.9041 379368199.87193 535128840.79503 439845416.92207 343502162.64056003 187837964.82252 0 778914429.01289 862277641.6317099 
487543249.87025 831281291.41468 538061246.84814 366996707.20082 684008215.19724 780139931.78655 527977223.67922 512794450.48879004 562174947.12146 742842369.03165 676668774.26628 832123613.26669 656830327.63604 635408083.90311 689839684.38011 778914429.01289 0 83363212.61882 
404180037.25143 831943026.24602 621424459.4669601 450359919.81964004 767371427.81606 756371322.15736 444614011.0604 596157663.10761 478811734.50264 659479156.41283 760031986.8851 915486825.88551 740193540.25486 718771296.52193 773202896.99893 862277641.6317099 83363212.61882 0 
