36
88 6 46 38 97 13 25 44 7 29 42 31 19 40 45 49 22 21 26 12 24 36 18 48 10 43 8 4 20 78 30 47 80 33 14 0
0 137701908.49514 539890559.43872 343608808.67678 651116912.63647 832069903.19742 886674013.3137801 829105240.4611499 1073355341.5364 949279250.73058 967129538.38128 652000551.13563 563680599.59393 721536337.87401 907215664.16861 1004922830.62909 1004371468.4782801 1110156792.28345 1017253683.0437 1039631889.75972 958638879.7251301 756308281.57459 940972404.60184 962357436.85831 757508514.22547 821017464.8337101 638860999.3898001 871330744.23909 737459773.34387 640507590.55751 770404368.20298 542525633.891 518317179.64889 432439380.38501 399017592.4123 222743882.09864 
137701908.49514 0 456218528.07667 481310717.17192 676941727.04501 744748142.48377 788588626.1300199 691403331.96601 1002872407.89704 895540358.11399 934023675.118 723688215.5595701 506528502.06347 810341370.0542899 848641388.96693 946348555.42741 959831341.01951 1063148155.95255 1014632372.10579 1019586820.9656599 958676335.8267901 894010190.0697299 949298498.13398 989971062.13643 787386410.88241 874988391.32355 716387953.88399 965033956.53314 808973282.75831 662147286.00254 844135055.28059 567038788.3908701 546132595.63781 570141288.88015 536719500.90744 360445790.59378 
539890559.43872 456218528.07667 0 196281750.76194 500744170.66971004 496376836.35764 546322501.56656 653620435.3689101 791460902.10407 765032316.6158 790491834.00313 547490659.18427 330330945.68817 455637716.56912 627809162.12905 725516328.58953 810923365.46015 893704710.5419 838434815.73049 850118769.0827501 823718677.4842501 760329989.92142 921224091.83864 1031247811.98768 885096067.7260599 885563809.77368 788995861.0862 1001727358.50143 871090605.12674 734755193.20475 916742962.4828 649794408.3584499 625585954.1163399 470385066.10123 436963278.12852 409419621.7904 
343608808.67678 481310717.17191994 196281750.76194 0 384398615.57699 581535127.10891 674954670.34965 659402957.86749 897083718.63727 725280987.92026 762253182.18912 575361894.80087 526612696.45011 517798258.58627 667267320.07816 764974486.53864 836802466.51282 899487233.04048 847401387.3508799 855901291.5813301 831343107.2611899 738973488.12018 809445890.30996 846515214.78103 688814316.9641199 776416297.4052598 610011024.59912 885753805.97486 760573907.21332 614585757.98105 738820774.80491 512816454.51433 490299742.58104 274103315.33929 240681527.36658 213137871.02846 
651116912.63647 676941727.04501 500744170.66971004 384398615.57699 0 197136511.53192 317811336.27218 352248671.26108 515197951.21334 495466568.01015997 489120069.89530003 387572938.47764003 170413224.98154 133399643.00928 325990162.98048997 423697329.44096994 495705860.25275004 564432921.41517 567659689.4327 530383122.03273 532533967.64111 605110162.0586 709838856.37972 801804670.23143 750613926.0109 822184497.7646799 737805475.3704 816268307.30356 840283390.0418301 792046143.2518499 832961092.3434799 544513321.3944999 520304867.15238994 503175165.55591 469753377.5832 520645974.98815 
832069903.19742 744748142.48377 496376836.35764 581535127.10891 197136511.53192 0 226661786.94779 428015538.96596 470132787.19525003 298330056.47824 453592526.93718004 439350445.76025 367549736.51346 330536154.5412 523126674.51241 620833840.97289 437223269.84527 472887814.87287 420450455.90886 457071198.02986 570381789.5852699 669498825.46758 700893705.67162 866009898.29458 863275886.50418 946472387.48561 789582982.6530099 959258563.56278 912648377.8928 843823650.5344598 962868729.0478699 721717340.28286 697508886.04075 642140132.86808 666889889.1151199 691611804.86967 
886674013.3137801 788588626.13002 546322501.56656 674954670.34965 317811336.27218 226661786.94779 0 215569059.48235 560989337.77684 520509100.47745 675771570.93639 643828798.34481 488223553.37249 451210979.28146005 555335578.6876199 653042745.1480999 663885056.79306 695066858.8720801 642629499.90807 679570072.9975 748131391.20682 872065558.19154 919213885.38085 1076897647.14012 1047958066.34472 1128362663.5611 958239153.10028 1112174964.01896 1096094514.77706 999656747.8364899 1130762376.5722501 843396495.53148 828284508.9074299 684148664.34179 717570452.3145 756203075.6654601 
829105240.4611499 691403331.96601 653620435.3689101 659402957.86749 352248671.26108 428015538.96596 215569059.48235 0 345420278.29449 510364150.18583 551007883.67836 428259738.86246 373580936.31557 286906830.31534 339766519.20527 437473685.66575 496158306.77834 486715806.02964 443409397.84351 480685965.24347997 540892542.43541 666997975.84166 703644825.8985 868979245.30435 919063542.38234 935381680.58782 778492275.7552199 962786326.56086 901557670.99501 812418328.27274 941472564.85339 707838286.3610399 683629832.1189299 628261078.94626 661682866.91897 677732750.94785 
1073355341.5364 1002872407.89704 791460902.10407 897083718.63727 515197951.21334 470132787.19525003 560989337.77684 345420278.29449 0 171802730.71701 302652260.48211 632639181.80558 580521446.97421 629724817.51738 457777675.63391995 555484842.0943999 491131079.78646 346360489.11164 293923130.14763 330863703.23705995 486799893.46673995 683557886.95768 627738815.1366601 820864495.2057401 911679037.77256 999281018.2137 871602496.5451701 920065803.97973 959917295.81892 922203797.13971 1009616471.09568 820681585.55127 796473131.30916 824211910.82585 857633698.79856 857640947.3625 
949279250.73058 895540358.11399 765032316.6158 725280987.92026 495466568.01015997 298330056.47824 520509100.47745 510364150.18583 171802730.71701 0 155262470.45894 485249391.78241 434701370.92763 572218892.58058 400271750.69712 497978917.15760005 319328349.06945 174557758.39463 122120399.43062 159060972.52005 314997162.74973 559813070.12237 480349025.11349 673474705.18257 739876307.05555 827478287.49669 806290795.8250599 772676013.95656 788114565.10191 752050127.94361 885647608.23773 720781741.3143001 744990195.5564101 870943650.61009 903927690.7653 855465734.5481701 
967129538.38128 934023675.118 790491834.00313 762253182.18912 489120069.89530003 453592526.93718004 675771570.93639 551007883.67836 302652260.48211 155262470.45894 0 329986921.32347 510452334.94979 622519712.90458 555534221.15606 459017082.81658 392535421.2378 329820228.85357 277382869.88956 314323442.97898996 470259633.20866996 404550599.66343 325086554.65455 518212234.72363 710584604.99627 761242728.6462 680219458.2162299 617413543.49762 682421330.12416 734460126.0976799 730385137.77879 565519270.85536 589727725.09747 765132477.58048 798554265.55319 808827454.08138 
652000551.13563 723688215.55957 547490659.18427 575361894.80087 387572938.47764003 439350445.76025 643828798.34481 428259738.86246 632639181.80558 485249391.78241 329986921.32347 0 217159713.4961 520972581.48692 619022051.55076 716729218.01124 460842135.09 605612725.76482 607369791.21303 644310364.30246 507676717.14382 608729273.5559599 421718740.61205 614844420.6811299 594723922.1665 507121941.72536 350232536.89276 570082533.04079 473297932.13255 404473204.77421 586460974.0522599 566408877.8792801 542200423.6371701 698647719.8352801 665225931.86257 478840532.75791 
563680599.59393 506528502.06347 330330945.68817 526612696.45011 170413224.98154 367549736.51346 488223553.37249 373580936.31557 580521446.97421 434701370.92763 510452334.94979 217159713.4961 0 303812867.99082 401862338.05466 499569504.51514006 494594044.11022 608663309.1659801 508103870.04232 537764920.49079 540207698.26254 483979757.17369 637019065.14869 727703708.5660601 580200701.02936 651771272.78314 567392250.38886 671396412.81326 670314396.3183 621632918.2703099 662547867.3619399 374100096.41296 349891642.17085 587705530.21769 587113140.01751 466453878.49765 
721536337.87401 810341370.05429 455637716.56912 517798258.58627 133399643.00928 330536154.5412 451210979.28146 286906830.31534 629724817.51738 572218892.58058 622519712.90458 520972581.48692 303812867.99082 0 192590519.97121 290297686.43169 362306217.24347 507076807.91829 694339292.0112 663782765.0420101 569224628.38314 738509805.0678799 710243947.1130099 903369627.1820899 884013569.02018 799847186.18948 617690720.74557 893433502.12131 818757385.3827899 671931388.6270199 853919157.9050698 677912964.40378 653704510.16167 630381956.02281 596960168.0501 591065400.22569 
907215664.16861 848641388.96693 627809162.12905 667267320.07816 325990162.98048997 523126674.5124099 555335578.6876199 339766519.20527 457777675.63392 400271750.69712 555534221.15606 619022051.55076 401862338.05466 192590519.97121 0 97707166.46048 533200707.21277 574829509.09175 522392150.12774 559332723.21717 618284118.38519 833823046.42371 658056361.91018 834903641.82287 864640404.10541 952242384.54655 793899160.21206 897141840.14021 993402464.26985 846576467.51408 944784948.26093 710426758.68187 686218304.43976 658072233.45806 691494021.43077 783655920.1969001 
1004922830.62909 946348555.42741 725516328.58953 764974486.53864 423697329.44096994 620833840.9728899 653042745.1480999 437473685.66574997 555484842.0943999 497978917.15760005 459017082.81658 716729218.01124 499569504.51514006 290297686.43169 97707166.46048 0 455855350.60162 600625941.27644 434784954.8564 472061522.25637 544328544.32345 863567682.48001 736805084.12114 901921276.7441 938017676.3941901 1022829462.33919 891606326.67254 994849006.60069 956103136.89048 875769229.73606 1042492114.7214099 808133925.14235 783925470.90024 755779399.91854 789201187.89125 881363086.6573801 
1004371468.4782801 959831341.01951 810923365.46015 836802466.51282 495705860.25275004 437223269.84527 663885056.79306 496158306.77834 491131079.78646004 319328349.06945 392535421.2378 460842135.09000003 494594044.11022 362306217.24347 533200707.21277 455855350.60162 0 144770590.67482 441448748.50007004 428067910.92298 272131720.6933 534948262.81345 347937729.86954 541063409.93862 731662391.20122 801493012.8641 683275511.59835 639951959.27842 773606837.22033 737516179.4798 770635421.99669 594128471.85177 618336926.09388 748541316.37456 781963104.34727 801283418.52394 
1110156792.28345 1063148155.95255 893704710.5419 899487233.04048 564432921.41517 472887814.87287 695066858.8720801 486715806.02964 346360489.11164 174557758.39463 329820228.85357 605612725.76482 608663309.16598 507076807.91829 574829509.09175 600625941.27644 144770590.67482 0 296678157.82525 333618730.91468 258495396.73442 581298440.52581 492708320.54436 678841292.37824 807942687.97955 895544668.4206901 798155068.94522 775318094.00461 853028162.95109 852395736.8266699 872899320.00554 738899062.5265901 750730788.2706399 831130389.65844 864552177.63115 917817026.1208401 
1017253683.0437 1014632372.10579 838434815.73049 847401387.3508799 567659689.4326999 420450455.90886 642629499.90807 443409397.84351 293923130.14763 122120399.43062 277382869.88956 607369791.21303 508103870.04232 694339292.0112 522392150.12774 434784954.8564 441448748.50007004 296678157.82525 0 37276567.39997 193212757.62965 516015801.42104 395682395.75721 588808075.82629 705754139.55257 793356119.99371 728572691.42488 682327148.60147 838387822.3763 745053337.7888 800985252.7232 628856085.20728 653064539.44939 748823251.17947 782245039.15218 886782745.39538 
1039631889.75972 1019586820.96566 850118769.0827501 855901291.5813301 530383122.03273 457071198.02986 679570072.9975 480685965.24347997 330863703.23705995 159060972.52005 314323442.97898996 644310364.30246 537764920.49079 663782765.04201 559332723.21717 472061522.25637 428067910.92298 333618730.91468 37276567.39997 0 155936190.22968 478739234.02107 376458358.05699 569584038.12607 743030706.95254 830013641.05155 691296124.02491 686184455.9029701 842245129.6778 745536791.9063599 781761215.02298 666132652.6072501 686098588.18984 786099818.57944 770461353.72114 874231084.66169 
958638879.7251301 958676335.8267901 823718677.48425 831343107.2611899 532533967.64111 570381789.5852699 748131391.20682 540892542.43541 486799893.46674 314997162.74973 470259633.20867 507676717.14382005 540207698.26254 569224628.38314 618284118.38519 544328544.32345 272131720.6933 258495396.73442 193212757.62965 155936190.22968 0 322803043.79139 372167421.2262 420345895.64382 608108597.86179 686000683.05459 549152254.21019 536828906.93893003 692889580.71376 603392922.09164 655099225.3834 554370852.2022699 530162397.96015996 725676402.4885399 736904883.77307 813090022.88266 
756308281.57459 894010190.0697299 760329989.92142 738973488.1201801 605110162.0586 669498825.46758 872065558.19154 666997975.84166 683557886.95768 559813070.12237 404550599.66343 608729273.5559599 483979757.17369 738509805.0678799 833823046.42371 863567682.48001 534948262.81345 581298440.52581 516015801.42104 478739234.02107 322803043.79139 0 187010532.94391 380136213.01299 648115201.2148 640565815.93847 615366448.13047 496736630.78989005 652797304.56472 645680005.63458 609708225.07106 411891574.33519 387683120.09308 651327537.59467 684749325.5673801 644811901.00934 
940972404.60184 949298498.13398 921224091.83864 809445890.3099599 709838856.37972 700893705.67162 919213885.38085 703644825.8985 627738815.1366601 480349025.11349 325086554.65455 421718740.61205 637019065.14869 710243947.1130099 658056361.91018 736805084.12114 347937729.86954 492708320.54436 395682395.75721 376458358.05699 372167421.2262 187010532.94391 0 193125680.06908 461104668.27089 453555282.99456 428355915.18656 309726097.84598 465786771.62081003 458669472.69067 422697692.12715 484094410.36119 508302864.60330003 670242106.62464 665105663.43916 805583084.98797 
962357436.85831 989971062.13643 1031247811.98768 846515214.78103 801804670.23143 866009898.29458 1076897647.14012 868979245.30435 820864495.20574 673474705.18257 518212234.72363 614844420.6811299 727703708.5660601 903369627.18209 834903641.82287 901921276.7441 541063409.93862 678841292.37824 588808075.82629 569584038.12607 420345895.64382 380136213.01299 193125680.06908 0 267978988.20181 355580968.64295 486052624.14253 441046633.28014004 284985959.50531 431811956.26108 613799725.53913 422932273.74556 447140727.98767 710785145.48926 744206933.46197 869398906.4074 
757508514.22547 787386410.88241 885096067.7260599 688814316.9641199 750613926.0109 863275886.50418 1047958066.34472 919063542.38234 911679037.77256 739876307.05555 710584604.99627 594723922.1665 580200701.02936 884013569.02018 864640404.10541 938017676.3941901 731662391.20122 807942687.97955 705754139.55257 743030706.95254 608108597.86179 648115201.2148 461104668.27089 267978988.20181 0 87601980.44114 269758445.88505 545501227.26079 470825110.52226996 323999113.7665 505986883.04455 508791682.87542003 487885490.12236 647895324.2804999 624951643.65833 675891482.2174001 
821017464.8337101 874988391.32355 885563809.77368 776416297.4052598 822184497.7646799 946472387.48561 1128362663.5611 935381680.58782 999281018.2137 827478287.49669 761242728.6462 507121941.72536 651771272.78314 799847186.18948 952242384.54655 1022829462.33919 801493012.8641 895544668.4206901 793356119.99371 830013641.05155 686000683.05459 640565815.93847 453555282.99456 355580968.64295 87601980.44114 0 182156465.44391 457899246.81965 383223130.08113 236397133.32536 418384902.60341 520169599.70841 544378053.95052 560293343.83936 537349663.21719 716786405.92177 
638860999.3898001 716387953.88399 788995861.0862 610011024.59912 737805475.3704 789582982.6530099 958239153.1002799 778492275.7552199 871602496.5451701 806290795.8250599 680219458.2162299 350232536.89276 567392250.38886 617690720.74557 793899160.21206 891606326.67254 683275511.59835 798155068.94522 728572691.42488 691296124.02491 549152254.21019 615366448.13047 428355915.18656 486052624.14252996 269758445.88505 182156465.44391 0 275742781.37574 201066664.63722 54240667.88145 236228437.1595 345783684.81958 369992139.06169003 633636556.5632801 665419808.33464 553025450.6470599 
871330744.23909 965033956.53314 1001727358.50143 885753805.97486 816268307.30356 959258563.56278 1112174964.01896 962786326.56086 920065803.97973 772676013.95656 617413543.49762 570082533.04079 671396412.81326 893433502.12131 897141840.14021 994849006.60069 639951959.27842 775318094.00461 682327148.60147 686184455.90297 536828906.93893003 496736630.78989 309726097.84598 441046633.28014004 545501227.26079 457899246.81965 275742781.37574 0 156060673.77483 302886670.5306 484874439.80865 594429687.46873 618638141.71084 853602713.33838 887024501.31109 828768232.0228 
737459773.34387 808973282.75831 871090605.12674 760573907.21332 840283390.0418301 912648377.8928 1096094514.77706 901557670.99501 959917295.81892 788114565.10191 682421330.12416 473297932.13255 670314396.3183 818757385.38279 993402464.26985 956103136.89048 773606837.22033 853028162.95109 838387822.3763 842245129.6778 692889580.71376 652797304.56472 465786771.62081003 284985959.50531 470825110.52227 383223130.08113 201066664.63722 156060673.77483 0 146825996.75577 328813766.03382003 438369013.69390005 462577467.93601006 726221885.4376001 759643673.4103101 711682037.6539199 
640507590.55751 662147286.00254 734755193.20475 614585757.98105 792046143.2518499 843823650.53446 999656747.8364899 812418328.27274 922203797.13971 752050127.94361 734460126.09768 404473204.77421 621632918.2703099 671931388.6270199 846576467.51408 875769229.73606 737516179.4798 852395736.8266699 745053337.7888 745536791.9063599 603392922.09164 645680005.63458 458669472.69067 431811956.26108 323999113.7665 236397133.32536 54240667.88145 302886670.5306 146825996.75577 0 181987769.27805 291543016.93813 315751471.18024004 579395888.68183 612817676.6545401 564856040.89815 
770404368.20298 844135055.28059 916742962.4828 738820774.80491 832961092.3434799 962868729.04787 1130762376.5722501 941472564.85339 1009616471.09568 885647608.23773 730385137.77879 586460974.0522599 662547867.3619399 853919157.90507 944784948.26093 1042492114.7214099 770635421.99669 872899320.00554 800985252.7232 781761215.02298 655099225.3834 609708225.07106 422697692.12715 613799725.53913 505986883.04455 418384902.60341 236228437.1595 484874439.80865 328813766.03382003 181987769.27805 0 313002902.36416 337211356.60627 587021788.70646 620443576.67917 746843810.1761999 
542525633.891 567038788.3908701 649794408.3584499 512816454.51433 544513321.3945 721717340.2828599 843396495.53148 707838286.3610399 820681585.55127 720781741.3143001 565519270.85536 566408877.8792801 374100096.41296 677912964.40378 710426758.68187 808133925.14235 594128471.85177 738899062.5265901 628856085.20728 666132652.6072501 554370852.20227 411891574.33519 484094410.36119 422932273.74556 508791682.87542003 520169599.70841 345783684.81958 594429687.46873 438369013.6939 291543016.93813 313002902.36416 0 24208454.24211 287852871.7437 321274659.71641004 446466632.66184 
518317179.64889 546132595.63781 625585954.1163399 490299742.58104 520304867.15239 697508886.0407499 828284508.9074299 683629832.1189299 796473131.30916 744990195.5564101 589727725.09747 542200423.6371701 349891642.17085 653704510.16167 686218304.43976 783925470.90024 618336926.09388 750730788.2706399 653064539.44939 686098588.18984 530162397.96015996 387683120.09308 508302864.60330003 447140727.98767 487885490.12236 544378053.95052 369992139.06169003 618638141.71084 462577467.93601 315751471.18024004 337211356.60627 24208454.24211 0 263644417.50159 297066205.4743 434637666.9728 
432439380.38501 570141288.88015 470385066.10123 274103315.33929 503175165.55591 642140132.86808 684148664.34179 628261078.94626 824211910.82585 870943650.6100899 765132477.58048 698647719.8352801 587705530.21769 630381956.02281 658072233.45806 755779399.91854 748541316.37456 831130389.65844 748823251.17947 786099818.57944 725676402.48854 651327537.59467 670242106.62464 710785145.48926 647895324.2804999 560293343.83936 633636556.5632801 853602713.33838 726221885.4376 579395888.68183 587021788.70646 287852871.7437 263644417.50159 0 33421787.97271 301968442.73669004 
399017592.4123 536719500.90743995 436963278.12852 240681527.36658 469753377.5832 666889889.1151199 717570452.3145 661682866.9189699 857633698.7985599 903927690.7653 798554265.55319 665225931.86257 587113140.01751 596960168.0501 691494021.4307699 789201187.8912499 781963104.3472699 864552177.63115 782245039.15218 770461353.72114 736904883.77307 684749325.56738 665105663.43916 744206933.4619701 624951643.65833 537349663.21719 665419808.33464 887024501.31109 759643673.41031 612817676.6545401 620443576.67917 321274659.71641004 297066205.4743 33421787.97271 0 268546654.76398003 
222743882.09864 360445790.59378 409419621.7904 213137871.02846 520645974.98815 691611804.86967 756203075.6654601 677732750.94785 857640947.3625 855465734.54817 808827454.08138 478840532.75791 466453878.49765 591065400.22569 783655920.1969 881363086.65738 801283418.52394 917817026.1208401 886782745.39538 874231084.66169 813090022.88266 644811901.00934 805583084.98797 869398906.4074 675891482.2174001 716786405.92177 553025450.6470599 828768232.0228 711682037.6539199 564856040.89815 746843810.1761999 446466632.66184 434637666.9728 301968442.73669004 268546654.76398003 0 
