12
1 39 7 14 24 11 43 19 3 10 15 0
0 56.0 162.0 426.0 407.0 481.0 240.0 94.0 151.0 198.0 35.0 29.0 
56.0 0 106.0 482.0 463.0 537.0 296.0 150.0 207.0 254.0 91.0 85.0 
162.0 106.0 0 588.0 569.0 643.0 402.0 256.0 313.0 360.0 197.0 191.0 
426.0 482.0 588.0 0 177.0 251.0 186.0 332.0 389.0 436.0 391.0 397.0 
407.0 463.0 569.0 177.0 0 74.0 167.0 313.0 370.0 417.0 372.0 378.0 
481.0 537.0 643.0 251.0 74.0 0 241.0 387.0 444.0 491.0 446.0 452.0 
240.0 296.0 402.0 186.0 167.0 241.0 0 146.0 203.0 250.0 205.0 211.0 
94.0 150.0 256.0 332.0 313.0 387.0 146.0 0 57.0 104.0 59.0 65.0 
151.0 207.0 313.0 389.0 370.0 444.0 203.0 57.0 0 47.0 116.0 122.0 
198.0 254.0 360.0 436.0 417.0 491.0 250.0 104.0 47.0 0 163.0 169.0 
35.0 91.0 197.0 391.0 372.0 446.0 205.0 59.0 116.0 163.0 0 6.0 
29.0 85.0 191.0 397.0 378.0 452.0 211.0 65.0 122.0 169.0 6.0 0 
