71
FFFD4B 573788 813B05 E0BEFC 2595F1 8B519F 0CBC31 5D0E2E E3C2C9 3B4B53 D1967A 79BC3D BDE94D 1D21D3 BA32D6 846159 20EAE7 ABD8FE 783751 5BB557 1EC224 C4303B 251939 5C7062 A9F1B8 C45E71 6B622D 8F17C0 E80628 D4A75D 1111F7 6966D7 124C90 B23A80 29D5D7 8015E0 BB4908 94A561 77A0B5 490F1E 36590B 9096DB C9AF85 E5E6C0 C18C9B 205E5C DCE144 53C6C8 7829D7 36C862 086D53 6B4619 CC9C14 91A0DC C3B3E7 002274 0F5860 47FACD 770D1A 17779E 86493E 596CF6 14994D 4B97F1 85D6DB 230A7C 7E78F3 B69F55 2CCB19 6B644E F1E81B
0 1.00658 5.80293 9.28417 14.455259999999999 14.62574 16.86112 17.64127 12.95045 11.450859999999999 8.75705 9.32629 7.65229 11.73038 16.83348 17.97562 21.9304 22.02902 19.827379999999998 16.61637 16.154210000000003 16.10566 12.78487 13.79512 12.80347 18.63316 19.39209 23.44969 20.32158 10.548630000000001 10.18397 11.69626 12.35699 6.8581900000000005 10.103230000000002 10.71387 19.25819 20.37669 22.89084 23.00338 21.49769 17.43835 18.74324 20.006410000000002 20.16932 14.56688 16.19686 24.31042 21.03254 15.37479 12.51309 12.89759 13.24469 9.7136 12.22516 9.583120000000001 12.918830000000002 11.539549999999998 8.02551 3.39516 7.53244 11.86018 11.97364 6.43835 11.20674 9.53594 11.86799 11.524930000000001 15.00594 6.44365 12.06276 
1.00658 0 4.79635 9.293420000000001 14.03988 13.61916 15.85454 16.9542 11.94387 11.39516 8.73517 8.42976 6.75576 10.833850000000002 15.826900000000002 17.09345 21.04823 21.14685 18.94521 15.60979 15.14763 15.09908 11.88834 12.89859 12.080250000000001 17.62658 18.38551 22.44311 19.315 9.542050000000001 9.17739 10.68968 11.39916 5.85161 9.09665 9.70729 18.25161 19.37011 22.40153 22.12104 21.076050000000002 17.381410000000002 18.057 18.99983 19.16274 13.95501 15.83088 23.66942 20.20305 15.08789 13.392050000000001 13.73035 13.35208 10.68756 11.21858 8.57654 11.91225 10.64302 9.03209 4.40174 6.63591 10.963650000000001 12.98022 7.444929999999999 11.79616 8.63941 10.97146 10.6284 14.681970000000002 6.119680000000001 11.05618 
5.80293 4.79635 0 4.5456199999999995 10.97057 13.38449 11.79223 14.237359999999999 12.49636 9.66113 7.5235 8.95022 9.62764 12.09492 16.39871 15.3001 18.62843 19.08175 17.15186 15.0413 14.47659 16.19084 14.438030000000001 15.450370000000001 13.922930000000001 18.97278 18.74091 21.62031 18.4922 10.890250000000002 10.525590000000001 11.50834 10.57165 6.67027 7.432869999999999 10.0206 14.13104 16.16749 18.76177 19.50933 16.2797 12.63121 13.92891 14.89006 15.84877 9.84524 11.72111 19.42343 16.09328 12.748099999999999 8.595699999999999 9.56238 9.4445 6.972479999999999 10.37997 7.7379299999999995 11.07364 8.563979999999999 6.18448 7.07047 11.432260000000001 14.98694 15.24266 10.510280000000002 15.19932 13.435760000000002 15.33417 11.148859999999999 9.885620000000001 1.32333 6.38755 
9.28417 9.293420000000001 4.5456199999999995 0 7.77293 10.18685 9.84602 12.291590000000001 11.0189 6.5238000000000005 8.06372 11.04731 12.56276 12.42334 15.77403 14.49902 18.06512 17.56205 15.894540000000001 14.4354 13.86935 15.62894 17.44326 18.260099999999998 16.3055 19.55639 19.281129999999997 21.05811 17.60444 10.285260000000001 10.19083 12.2792 7.83579 7.37664 7.02335 9.61108 11.6372 12.23029 16.08679 15.79715 12.21352 8.84 9.506260000000001 13.931320000000001 12.26242 5.80375 7.67962 15.25982 12.30809 10.49092 5.36119 6.9838 7.530469999999999 3.03528 6.54367 9.18571 10.82037 4.62678 5.30204 8.69281 14.52991 16.76453 16.34436 13.15008 17.91847 17.06891 17.53412 13.24595 11.78442 3.22229 10.87102 
14.455259999999999 14.03988 10.97057 7.77293 0 2.41392 7.10306 4.64834 9.88224 5.99492 8.68873 13.10407 13.87768 11.38641 10.805299999999999 7.67319 10.82497 10.0619 8.37134 9.284839999999999 8.94881 11.43779 16.43698 17.04885 14.75544 15.20179 13.663780000000001 14.400870000000001 11.82967 8.08865 8.32058 10.77651 7.08935 9.45649 10.863940000000001 7.77427 9.353919999999999 9.01545 8.50878 10.60744 8.44904 9.054 6.59385 11.01891 11.071649999999998 5.34487 7.22074 10.46055 14.003029999999999 10.66557 11.91071 13.8959 14.08756 8.0602 13.20228 14.94921 16.22809 10.0345 13.046679999999999 16.181469999999997 16.44221 17.42276 15.49686 15.59963 19.24508 20.020960000000002 16.269489999999998 15.302710000000001 17.58159 9.64724 15.62519 
14.62574 13.61916 13.384490000000001 10.18685 2.41392 0 6.79035 4.79559 8.88644 8.40884 11.10265 11.42213 11.936219999999999 10.420539999999999 8.40824 6.7688 10.10078 9.33771 7.64715 8.07047 6.53489 9.02387 15.631369999999999 16.404459999999997 14.243839999999999 13.04056 12.66798 13.49648 11.30337 9.64379 9.279129999999999 11.750899999999998 9.503269999999999 8.07911 9.291260000000001 10.188189999999999 9.87036 9.53189 9.87297 10.39341 10.862960000000001 11.467920000000001 9.00777 11.435310000000001 11.58809 5.5752 7.45107 12.874469999999999 16.41695 11.19547 13.17127 15.16176 15.4224 10.47412 15.30304 14.12405 17.31248 12.448419999999999 15.4606 15.31734 14.500749999999998 16.60319 15.13313 14.17851 17.84945 18.20039 15.96843 13.51443 15.63799 12.061160000000001 16.57513 
16.86112 15.85454 11.79223 9.84602 7.10306 6.79035 0 2.45472 3.91067 8.40577 11.09958 13.65751 13.85635 12.340670000000001 9.71507 5.5080100000000005 8.67576 7.91269 6.22213 7.953290000000001 8.25818 10.6901 15.6763 16.55688 13.56965 14.2408 12.387730000000001 12.11136 10.1789 10.882909999999999 10.892 13.363769999999999 10.19603 10.314490000000001 11.504950000000001 8.43261 7.23408 6.89561 10.91844 8.96839 15.5521 10.98345 12.34605 10.26534 8.95181 9.47439 9.29917 13.238 16.69979 10.00751 15.20721 16.20471 16.751379999999997 12.76935 16.389689999999998 16.57799 19.54786 14.36085 15.148059999999997 17.55272 16.42088 15.32817 15.92658 16.09864 19.04006 20.12052 17.88856 15.46418 17.69596 11.32237 16.46224 
17.64127 16.9542 14.237359999999999 12.291590000000001 4.64834 4.79559 2.45472 0 6.36539 10.502239999999999 13.19605 15.03209 15.361939999999999 11.87481 8.07692 4.02405 6.2210399999999995 5.4579699999999995 3.76741 5.7609 6.76995 9.20614 16.23451 16.60005 14.16722 12.7349 10.39297 10.6274 8.6426 9.16038 9.14935 11.43428 8.26794 11.90358 12.652709999999999 10.887329999999999 5.119809999999999 4.78134 8.46372 6.513669999999999 13.097380000000001 8.52873 9.89133 7.81062 6.837539999999999 7.95134 6.84445 11.0244 14.94143 7.55279 16.55425 18.54424 18.7359 12.45955 16.51304 18.38694 20.00333 13.80974 17.53673 18.460079999999998 17.90065 16.16917 15.58879 16.71208 20.142049999999998 21.76511 17.18849 17.157429999999998 19.8452 13.72929 18.56605 
12.95045 11.94387 12.49636 11.0189 9.88224 8.88644 3.91067 6.36539 0 4.4951 7.18891 9.746839999999999 10.48215 9.7177 12.40943 8.58464 11.91662 11.15355 9.46299 10.10488 10.976040000000001 13.46502 14.73179 15.567409999999999 13.27302 15.483319999999999 14.483820000000001 15.31232 13.119209999999999 8.46212 8.09746 10.56923 9.64048 6.40382 7.61597 4.52194 11.144749999999998 10.80628 13.8976 11.56269 18.33128 14.72659 12.26644 13.25115 12.27107 5.56372 7.43959 15.30824 16.91396 13.011310000000002 13.16206 13.84262 14.38929 10.440529999999999 14.601590000000002 13.290970000000002 15.63719 11.814029999999999 15.59602 13.64205 13.04668 15.62978 14.41128 12.3473 16.17416 16.77299 15.24658 11.94544 13.78529 11.173029999999999 14.89984 
11.450859999999999 11.39516 9.661130000000002 6.5238000000000005 5.99492 8.40884 8.40577 10.502239999999999 4.4951 0 2.69381 9.5809 10.83351 10.81381 13.21495 12.10186 15.539 15.42094 13.73038 11.95187 11.338529999999999 13.56285 15.26291 16.08048 14.221050000000002 17.18302 17.92905 18.71783 15.58972 8.10066 7.736 10.20777 7.51544 5.54355 8.78859 9.01704 14.1231 11.16148 14.48109 15.17388 14.44396 13.857930000000001 11.397780000000001 10.3879 14.29994 7.5925899999999995 9.46846 15.28127 16.90315 9.31155 9.73202 10.44067 10.894850000000002 5.94543 11.08751 11.99343 13.51252 7.31893 11.59296 12.78178 13.35758 14.93261 14.51127 11.975000000000001 16.62936 16.70655 15.56016 11.77954 15.76022 8.337800000000001 12.62079 
8.75705 8.73517 7.5235 8.06372 8.68873 11.10265 11.09958 13.19605 7.18891 2.69381 0 8.16863 9.84263 10.08249 14.53848 14.46283 18.23281 18.11475 16.31459 14.252790000000001 12.717210000000001 14.2104 14.84892 15.74808 13.931140000000001 18.01289 16.67957 20.59929 17.34572 8.871410000000001 8.50675 9.588650000000001 8.91738 4.75058 7.80079 8.606259999999999 16.81691 13.85529 16.3292 17.86769 14.915949999999999 14.6623 12.20215 13.081710000000001 16.1294 10.2864 12.16227 17.97508 14.209340000000001 6.61774 7.671 9.6888 10.235470000000001 6.41871 11.56079 10.26926 13.60497 10.01274 10.70871 11.167819999999999 11.62279 14.111730000000001 13.7183 10.24021 14.98167 14.31879 14.06204 10.367270000000001 14.70803 6.20017 9.92698 
9.32629 8.42976 8.950220000000002 11.04731 13.10407 11.42213 13.657509999999998 15.03209 9.746839999999999 9.5809 8.16863 0 1.674 4.78511 12.05084 14.27971 18.29466 18.18893 16.13147 12.520489999999999 10.98491 11.991 7.88927 8.65545 7.44348 13.2762 14.96491 18.7971 16.084699999999998 6.500719999999999 6.13606 8.60783 8.93525 4.03735 5.58223 8.79206 16.164749999999998 16.82712 21.206690000000002 19.70252 21.18907 19.538040000000002 18.5669 18.646250000000002 17.762340000000002 14.21905 15.96396 23.47765 19.68271 12.89086 15.69552 16.6136 16.34352 9.52276 7.3530999999999995 6.67285 10.008560000000001 9.58414 12.26923 8.50656 4.23853 7.21516 8.56273 3.0274400000000004 7.7958300000000005 7.95979 7.7562299999999995 2.19864 7.58756 8.64965 13.031030000000001 
7.65229 6.75576 9.62764 12.56276 13.87768 11.936219999999999 13.85635 15.361939999999999 10.48215 10.83351 9.84263 1.674 0 4.07809 11.437000000000001 14.30713 18.28602 18.13164 15.98505 12.14081 10.60523 10.96473 6.21527 7.22761 6.01869 12.16256 14.84188 17.66741 15.73715 6.67624 6.31158 8.14152 9.12571 5.28996 6.376239999999999 9.58607 16.958759999999998 17.42705 21.79048 20.0124 22.0943 21.07432 19.67966 19.38091 18.53848 15.31223 16.67728 24.33638 20.47534 13.80507 17.28459 18.25723 17.99898 11.0214 9.0271 8.2082 11.54391 11.075140000000001 13.94323 9.90124 2.56453 5.54116 9.58286 4.70144 8.69212 6.40504 6.082229999999999 3.87264 9.26156 10.07191 14.14008 
11.73038 10.833850000000002 12.09492 12.42334 11.38641 10.420539999999999 12.340670000000001 11.87481 9.7177 10.81381 10.08249 4.78511 4.07809 0 7.369689999999999 10.22904 14.27509 14.05355 12.07941 8.10202 6.56644 7.97183 5.21083 5.9839199999999995 3.88221 8.64181 11.32113 14.02335 11.69944 5.1746799999999995 4.81002 7.281789999999999 6.46907 5.43658 5.58 8.78983 13.630469999999999 14.44002 18.83256 16.51589 19.83545 20.12042 17.66027 16.46886 15.17825 13.59048 14.33083 21.74368 18.03234 12.09751 17.66001 19.00164 18.89079 10.94107 11.494720000000001 11.10723 14.44294 14.14462 15.31277 12.28136 6.325670000000001 7.25536 5.5273699999999995 7.79965 9.88393 10.25827 6.36267 6.983750000000001 12.37267 10.77159 14.54934 
16.83348 15.826900000000002 16.39871 15.77403 10.805299999999999 8.40824 9.715069999999999 8.07692 12.40943 13.21495 14.53848 12.05084 11.437000000000001 7.369689999999999 0 4.58056 8.01192 8.63396 6.432320000000001 2.3164 2.10099 4.58997 9.61095 9.52625 7.54645 4.69546 7.3747799999999994 6.95791 5.7265999999999995 7.01417 6.64951 9.12128 8.16245 11.0781 10.623289999999999 11.28992 12.431999999999999 10.88812 15.60475 11.70267 18.28608 16.605649999999997 17.05059 14.52046 12.02315 13.97794 14.82991 19.10061 15.45562 14.30969 21.00116 22.75273 22.963729999999998 14.9204 16.87702 17.79477 20.311420000000002 15.85181 19.9731 18.31633 13.506680000000001 9.90321 9.27723 12.777180000000001 15.24138 17.36879 10.50015 13.58153 17.99618 15.551179999999999 17.93002 
17.97562 17.09345 15.3001 14.49902 7.67319 6.7688 5.5080100000000005 4.02405 8.58464 12.10186 14.46283 14.27971 14.30713 10.22904 4.58056 0 4.05114 4.0534 1.85176 2.44528 3.89867 6.387650000000001 13.70249 14.10681 11.59701 9.06441 10.42473 6.72768 7.2423 8.38648 8.15652 10.62829 7.98413 12.01913 10.77835 13.106580000000001 7.86285 7.52438 11.12612 8.01357 15.67602 12.55278 13.504430000000001 9.9399 9.58058 11.16288 10.868500000000001 14.71974 11.19178 10.88821 19.2964 21.21463 21.46783 14.09492 17.39678 18.88179 20.906959999999998 15.47231 19.40748 19.11099 16.554709999999996 13.96697 13.180240000000001 15.71925 18.32252 20.487309999999997 15.08071 16.44748 19.74916 15.19722 18.5284 
21.9304 21.04823 18.62843 18.06512 10.82497 10.10078 8.67576 6.22104 11.91662 15.539 18.23281 18.29466 18.286019999999997 14.27509 8.01192 4.05114 0 0.76307 2.9647099999999997 6.4964200000000005 7.94981 10.438790000000001 17.52756 17.53817 15.420910000000001 12.70738 11.55256 9.92903 11.19708 12.34126 12.159479999999999 14.631249999999998 12.03527 15.97496 14.82949 16.43856 9.55326 6.31541 11.068290000000001 8.82393 16.27789 14.4543 16.07449 13.28846 11.27099 12.80158 13.06549 14.65339 12.066880000000001 13.751180000000002 21.63425 23.65119 23.91993 17.49631 20.90411 22.60239 24.9581 18.86981 22.43462 23.16213 20.600759999999998 17.77767 17.151690000000002 19.722209999999997 22.37366 24.53336 18.51207 20.40226 23.79802 18.508490000000002 22.57954 
22.02902 21.14685 19.08175 17.56205 10.0619 9.33771 7.91269 5.4579699999999995 11.15355 15.42094 18.11475 18.18893 18.13164 14.05355 8.63396 4.0534 0.76307 0 2.20164 6.49868 7.918099999999999 9.8321 17.7337 18.16021 15.627049999999999 13.11781 12.315629999999999 10.6921 11.040890000000001 12.43988 12.20992 14.68169 11.963909999999998 15.85961 14.677769999999999 15.67549 8.790189999999999 7.07848 11.83136 8.06086 15.51482 13.69123 15.31142 12.525389999999998 10.507919999999999 13.36867 12.30242 15.22084 11.30381 12.988109999999999 21.972360000000002 23.94957 24.149459999999998 17.42691 21.04681 22.70921 24.73371 18.80041 22.721200000000003 23.097839999999998 20.37922 17.9864 17.199669999999998 19.77265 22.341949999999997 24.31182 19.05082 20.38757 23.697249999999997 18.66269 22.5818 
19.827379999999998 18.94521 17.15186 15.894540000000001 8.37134 7.64715 6.22213 3.76741 9.462990000000001 13.73038 16.314590000000003 16.13147 15.98505 12.07941 6.432320000000001 1.85176 2.9647099999999997 2.20164 0 4.29704 5.71646 7.63046 15.53206 15.95857 13.42541 10.916170000000001 12.276489999999999 8.57944 9.09406 10.238240000000001 10.008280000000001 12.48005 9.76227 13.66573 12.47613 13.984930000000002 7.09963 5.9208 10.673680000000001 6.3703 13.82426 12.188600000000001 13.62086 10.83483 8.81736 11.68824 10.61186 14.032210000000001 13.04354 11.3202 20.2818 22.26152 22.4589 15.80176 18.84517 20.50757 22.532069999999997 17.23356 21.030640000000002 20.903959999999998 18.405079999999998 15.784759999999999 14.99803 17.57101 20.14031 22.33768 16.84918 18.299239999999998 21.49561 17.04898 20.380160000000004 
16.61637 15.60979 15.0413 14.4354 9.284839999999999 8.07047 7.953289999999999 5.7609 10.10488 11.951869999999998 14.252790000000001 12.520489999999999 12.14081 8.10202 2.3164 2.44528 6.4964200000000005 6.49868 4.29704 0 1.53558 4.02456 11.35118 11.842649999999999 9.24453 7.0118599999999995 9.69118 8.10031 8.043 7.669630000000001 7.789390000000001 10.26116 7.751519999999999 11.231230000000002 10.057879999999999 13.26771 10.308129999999998 9.96966 13.3002 10.45885 16.83098 14.28963 15.0773 12.38518 12.025859999999998 12.74173 12.605350000000001 16.7853 13.63706 12.413910000000001 19.64668 21.320619999999998 21.72883 13.6855 17.161770000000004 17.55576 20.307949999999998 15.28268 18.90657 18.281260000000003 14.42528 11.60388 10.81715 15.09358 15.95943 18.35994 12.77905 14.474319999999999 18.91943 14.84607 17.69867 
16.15421 15.14763 14.47659 13.86935 8.94881 6.53489 8.25818 6.76995 10.976040000000001 11.338529999999999 12.717210000000001 10.98491 10.60523 6.56644 2.10099 3.89867 7.94981 7.918099999999999 5.71646 1.53558 0 2.48898 9.8156 10.69618 7.70895 6.505669999999999 9.184989999999999 8.80269 7.344329999999999 6.13405 6.2538100000000005 8.72558 6.21594 9.69565 8.5223 11.73213 11.423680000000001 9.43123 14.150549999999999 10.80131 16.97667 15.29868 15.32198 12.8565 13.14141 12.11009 13.6144 17.7306 13.99873 12.61666 19.08141 20.84312 21.06393 13.0206 15.626190000000001 16.34791 18.77237 13.95372 18.17076 16.74568 12.889700000000001 10.0683 9.28157 13.81654 14.42385 16.82436 11.24347 12.93874 17.38385 13.72991 16.16309 
16.10566 15.09908 16.19084 15.62894 11.43779 9.02387 10.6901 9.20614 13.465019999999999 13.56285 14.2104 11.991 10.96473 7.97183 4.58997 6.387650000000001 10.438790000000001 9.8321 7.63046 4.02456 2.48898 0 8.01523 8.9246 5.93737 8.21961 9.57703 7.9535 6.77196 6.28635 5.92169 8.39346 8.70492 10.35028 10.522910000000001 9.67513 13.77036 11.92021 16.63953 13.04103 19.465650000000004 17.73487 17.81096 15.34548 13.64921 14.599070000000001 15.87527 20.20143 16.48771 15.105640000000001 20.99013 22.61274 22.63565 14.59232 16.1492 17.113979999999998 19.5836 16.442700000000002 19.58229 17.58851 12.50558 8.33458 7.74009 12.19212 14.69525 16.43818 13.36509 13.09223 17.99555 15.12395 18.23396 
12.784870000000002 11.888340000000001 14.438030000000001 17.44326 16.43698 15.63137 15.6763 16.23451 14.73179 15.26291 14.84892 7.88927 6.21527 5.21083 9.61095 13.70249 17.52756 17.7337 15.53206 11.35118 9.8156 8.01523 0 1.01234 2.10665 7.98617 9.16553 14.86557 14.67721 8.55096 8.1863 10.658069999999999 11.00043 10.09834 10.477160000000001 10.76524 18.44592 18.68704 23.43992 20.55225 24.88602 21.89988 22.83395 21.38974 19.83138 18.80131 19.50451 26.63205 22.847790000000003 17.30195 22.50116 23.68116 23.47896 15.82978 14.744399999999999 14.04973 17.38544 16.9379 19.40316 15.89444 6.2883 7.39949 6.77351 9.077960000000001 10.38044 10.2209 10.79186 9.99404 14.902169999999998 15.35779 14.40324 
13.79512 12.89859 15.45037 18.260099999999998 17.04885 16.40446 16.55688 16.60005 15.567409999999999 16.08048 15.748080000000002 8.65545 7.22761 5.9839199999999995 9.52625 14.10681 17.53817 18.16021 15.95857 11.842649999999999 10.69618 8.9246 1.01234 0 2.9872300000000003 8.99851 10.17787 15.87791 15.252849999999999 9.191410000000001 8.82675 11.29852 11.640880000000001 11.00576 11.2951 11.73831 19.09932 19.26133 24.014210000000002 20.83109 25.495440000000002 22.87295 23.42842 21.90974 20.81705 19.45047 20.12342 27.07136 23.50119 17.98171 23.402449999999998 24.6221 24.42542 16.70047 15.756739999999999 15.06207 18.39778 17.95024 20.36945 16.90456 7.30064 8.28007 7.65409 9.95854 11.39278 11.23324 11.80211 10.79725 15.705379999999998 16.30425 15.28382 
12.80347 12.080250000000001 13.922930000000001 16.3055 14.75544 14.243839999999999 13.56965 14.16722 13.273019999999999 14.221050000000002 13.931140000000001 7.44348 6.01869 3.88221 7.54645 11.59701 15.420910000000001 15.627049999999999 13.42541 9.24453 7.70895 5.93737 2.10665 2.9872300000000003 0 6.44489 9.12421 13.086500000000001 12.57344 6.9460299999999995 6.58137 9.053139999999999 9.395499999999998 9.31879 9.435550000000001 8.75108 16.85087 17.14018 21.472929999999998 18.51026 23.20448 19.88572 21.18806 19.51636 18.5686 17.17365 17.7183 24.70624 21.252740000000003 15.73633 21.53556 22.84904 22.697 14.8158 14.79658 14.116330000000001 17.45204 17.005950000000002 19.16832 15.91234 7.07731 5.29284 4.66686 6.97131 10.54084 11.463090000000001 9.58307 8.93782 13.845949999999998 14.57583 12.29659 
18.63316 17.62658 18.97278 19.55639 15.20179 13.04056 14.2408 12.7349 15.483319999999999 17.18302 18.01289 13.2762 12.16256 8.64181 4.69546 9.06441 12.70738 13.11781 10.916170000000001 7.0118599999999995 6.505669999999999 8.21961 7.98617 8.99851 6.44489 0 2.67932 7.275219999999999 9.81908 10.367790000000001 10.00313 9.03187 12.567129999999999 13.68119 13.17215 10.96138 16.69857 15.41495 20.0387 16.15391 22.98154 19.78811 21.71828 18.85248 16.69633 18.46642 18.92239 23.74232 20.14502 18.97992 24.88291 26.50798 26.50862 18.46529 19.473660000000002 19.74813 22.66166 20.25649 23.18767 20.86315 13.5222 9.46762 8.84164 13.25354 15.98083 17.48855 13.91815 14.37781 19.27375 18.73131 18.74148 
19.39209 18.38551 18.74091 19.281129999999997 13.663780000000001 12.66798 12.38773 10.39297 14.483820000000001 17.92905 16.67957 14.96491 14.84188 11.32113 7.3747799999999994 10.42473 11.55256 12.31563 12.27649 9.69118 9.18499 9.57703 9.16553 10.17787 9.12421 2.67932 0 5.911989999999999 11.888349999999999 11.53453 11.16987 11.71119 13.984 12.61265 12.68098 13.640699999999999 15.46774 12.805250000000001 17.558130000000002 15.99079 22.11282 18.9217 19.206229999999998 17.032690000000002 17.18547 16.14632 17.23742 21.10006 21.616509999999998 16.79285 24.05094 24.76327 25.309939999999997 17.63612 18.3992 19.27268 21.846020000000003 21.25986 21.92612 19.85088 15.453830000000002 12.14694 9.10627 14.64156 18.66015 19.38643 16.59747 16.64744 20.89658 17.41758 21.14439 
23.44969 22.44311 21.620310000000003 21.05811 14.400870000000001 13.49648 12.11136 10.6274 15.31232 18.717830000000003 20.59929 18.7971 17.66741 14.02335 6.95791 6.72768 9.92903 10.6921 8.57944 8.10031 8.80269 7.9535 14.86557 15.87791 13.086500000000001 7.275219999999999 5.911989999999999 0 8.81937 13.63038 13.26572 14.51541 13.85301 17.41574 16.39182 14.289299999999999 13.119240000000001 12.78077 17.53365 14.74125 22.186660000000003 19.156129999999997 20.16104 15.96699 14.83697 17.89056 17.47185 20.174950000000003 17.91946 17.56068 26.024079999999998 27.94231 28.19551 20.41414 23.454950000000004 24.0607 26.601129999999998 22.048640000000002 25.73976 24.574440000000003 19.868349999999996 15.71088 14.953610000000001 18.98042 21.04391 23.5324 17.45806 20.12661 24.95409 21.34345 23.99185 
20.321579999999997 19.314999999999998 18.4922 17.60444 11.82967 11.30337 10.1789 8.6426 13.119209999999999 15.58972 17.34572 16.084699999999998 15.73715 11.69944 5.7265999999999995 7.2423 11.19708 11.040890000000001 9.09406 8.043 7.344329999999999 6.77196 14.67721 15.252849999999999 12.57344 9.81908 11.888349999999999 8.81937 0 10.38343 10.137609999999999 11.55876 10.67541 14.368079999999999 13.26371 16.19981 10.04259 9.70412 14.457 12.096589999999999 19.05855 16.61155 18.02437 13.77779 11.76032 15.30249 14.79457 17.606389999999998 16.0172 15.27178 22.714290000000002 24.495990000000003 25.01349 17.28603 20.317709999999998 21.24646 23.44521 18.92053 22.610860000000002 21.4372 18.00589 15.03111 14.24157 17.700339999999997 19.742919999999998 21.938959999999998 16.22675 18.05627 22.07537 18.21534 20.60318 
10.548630000000001 9.542050000000001 10.890250000000002 10.285260000000001 8.08865 9.64379 10.882909999999999 9.16038 8.462119999999999 8.10066 8.87141 6.500719999999999 6.67624 5.17468 7.01417 8.38648 12.34126 12.43988 10.238240000000001 7.66963 6.13405 6.28635 8.55096 9.191410000000001 6.94603 10.36779 11.53453 13.630379999999999 10.38343 0 0.36466 2.83643 2.44947 4.79325 4.965879999999999 8.175709999999999 14.185179999999999 12.59152 16.197740000000003 13.786660000000001 16.537689999999998 16.8131 14.35295 13.21263 14.389710000000001 10.32175 11.439630000000001 18.48873 16.36087 11.60614 15.25697 17.24746 17.33883 9.2955 10.592170000000001 10.9586 14.026570000000001 11.80881 14.025260000000001 12.031479999999998 8.84965 9.78578 9.01641 7.92739 11.723980000000001 12.782250000000001 9.85171 8.699359999999999 12.73513 9.566920000000001 13.004040000000002 
10.18397 9.17739 10.525590000000001 10.19083 8.32058 9.279129999999999 10.892 9.14935 8.09746 7.736 8.50675 6.13606 6.31158 4.81002 6.64951 8.15652 12.159479999999999 12.20992 10.008280000000001 7.789390000000001 6.2538100000000005 5.92169 8.1863 8.82675 6.58137 10.00313 11.16987 13.26572 10.137609999999999 0.36466 0 2.47177 2.8141299999999996 4.42859 4.60122 7.81105 14.223790000000001 12.89892 15.83308 13.864329999999999 16.76962 17.17776 14.71761 13.33239 14.02505 10.62403 11.55939 18.69112 15.99621 11.24148 15.52749 17.05555 16.97417 8.93084 10.22751 11.19229 13.66191 11.44415 13.6606 11.66682 8.78196 9.4377 8.65175 7.56273 11.35932 12.64642 9.48705 8.3347 12.370470000000001 9.20226 12.97157 
11.696259999999999 10.68968 11.50834 12.2792 10.77651 11.750899999999998 13.363769999999999 11.43428 10.569230000000001 10.20777 9.588650000000001 8.60783 8.14152 7.28179 9.12128 10.62829 14.63125 14.68169 12.48005 10.26116 8.72558 8.39346 10.658069999999999 11.29852 9.053139999999999 9.03187 11.71119 14.515410000000001 11.55876 2.83643 2.47177 0 5.2859 6.70509 7.07299 10.282820000000001 16.37494 15.37069 18.304850000000002 16.07366 19.22555 19.64953 17.18938 15.80416 14.65721 13.095799999999999 14.03116 21.16289 18.467979999999997 11.43275 17.25878 18.47202 18.306179999999998 11.40261 12.69928 10.76156 14.09727 13.91592 14.730610000000002 13.88581 6.58131 11.786760000000001 11.12352 10.0345 12.644269999999999 10.51391 11.95882 10.806470000000001 14.84224 10.18501 15.44334 
12.35699 11.399159999999998 10.57165 7.83579 7.08935 9.50327 10.19603 8.26794 9.64048 7.515440000000001 8.917380000000001 8.93525 9.125709999999998 6.46907 8.16245 7.98413 12.03527 11.963909999999998 9.76227 7.751519999999999 6.21594 8.70492 11.000429999999998 11.64088 9.3955 12.567129999999999 13.984 13.853010000000001 10.67541 2.44947 2.8141299999999996 5.2859 0 6.07456 6.77312 9.982949999999999 13.38675 10.14205 14.894929999999999 13.18194 15.53839 15.98212 13.52197 12.17089 14.159600000000001 9.53532 10.19253 17.46852 16.13076 11.931049999999999 13.195920000000001 14.81959 15.36626 8.99583 12.252080000000001 12.9164 14.9409 10.846250000000001 13.137830000000001 13.31279 11.29912 12.23525 10.59147 10.37686 13.98649 15.200690000000002 10.55694 11.06059 13.90444 9.736709999999999 10.87044 
6.8581900000000005 5.85161 6.67027 7.37664 9.45649 8.07911 10.31449 11.90358 6.40382 5.54355 4.75058 4.03735 5.28996 5.43658 11.0781 12.01913 15.97496 15.85961 13.66573 11.23123 9.69565 10.35028 10.09834 11.00576 9.31879 13.68119 12.61265 17.41574 14.368079999999999 4.79325 4.42859 6.70509 6.07456 0 3.24504 5.7227 13.67061 14.04551 17.44326 16.9753 17.46363 16.00965 14.82504 15.06803 14.11199 10.18849 12.06436 19.55284 16.08315 9.54784 12.40295 13.63185 13.45421 5.73144 9.53018 6.88814 9.23337 10.37562 9.89245 7.23823 7.814030000000001 9.38906 8.96772 6.43145 11.19984 11.163 11.159130000000001 6.23599 10.67683 5.34694 9.2399 
10.10323 9.09665 7.432869999999999 7.02335 10.86394 9.291260000000001 11.504950000000001 12.652709999999999 7.61597 8.78859 7.80079 5.58223 6.376239999999999 5.58 10.62329 10.77835 14.82949 14.677769999999999 12.47613 10.057879999999999 8.5223 10.52291 10.477160000000001 11.2951 9.435550000000001 13.17215 12.68098 16.39182 13.26371 4.965879999999999 4.60122 7.072989999999999 6.7731200000000005 3.24504 0 3.20983 13.88082 14.543190000000001 18.92276 17.783830000000002 17.90968 15.82264 14.232759999999999 15.17559 15.47841 10.13077 12.00664 18.28991 16.37881 10.75999 12.343829999999999 13.62481 14.17148 8.40999 10.659 8.10639 11.4421 10.00149 11.09109 10.48327 8.8179 11.917390000000001 10.489090000000001 8.24681 11.85649 12.33884 11.324390000000001 7.78087 11.88898 6.96301 12.26766 
10.71387 9.70729 10.0206 9.61108 7.77427 10.188189999999999 8.43261 10.88733 4.52194 9.01704 8.606259999999999 8.79206 9.58607 8.78983 11.28992 13.10658 16.43856 15.67549 13.98493 13.26771 11.73213 9.67513 10.76524 11.73831 8.75108 10.96138 13.6407 14.289300000000003 16.19981 8.17571 7.81105 10.28282 9.98295 5.7227 3.20983 0 15.66669 15.32822 16.28305 16.08463 16.223309999999998 16.82827 14.36812 17.76332 16.71092 10.00357 11.879439999999999 18.23482 18.966540000000002 13.96982 14.92016 16.47605 17.02272 10.99772 13.86883 11.24138 14.57709 12.58922 13.67882 12.90342 9.062 11.10784 10.48186 7.82536 12.59375 12.90816 14.53422 10.9907 15.09881 9.20262 14.9626 
19.25819 18.25161 14.13104 11.6372 9.35392 9.87036 7.23408 5.119809999999999 11.14475 14.1231 16.81691 16.164749999999998 16.958759999999998 13.630469999999999 12.431999999999999 7.86285 9.55326 8.790189999999999 7.099629999999999 10.30813 11.423680000000001 13.77036 18.44592 19.09932 16.85087 16.69857 15.467740000000001 13.119240000000001 10.04259 14.185179999999999 14.223790000000001 16.37494 13.386750000000001 13.67061 13.88082 15.66669 0 4.84749 9.60037 9.84589 14.073540000000001 10.620410000000001 8.160260000000001 3.7352 1.71773 8.42508 10.30095 10.65698 13.24108 11.71771 16.99839 18.161849999999998 17.61518 14.67248 16.56324 18.927599999999998 22.263309999999997 16.26398 16.939239999999998 20.33001 19.52329 19.91642 17.4722 18.82933 21.82876 23.03784 18.307499999999997 18.36339 22.13321 13.57092 20.51859 
20.37669 19.37011 16.167489999999997 12.23029 9.01545 9.531889999999999 6.89561 4.78134 10.80628 11.16148 13.85529 16.82712 17.42705 14.44002 10.88812 7.52438 6.31541 7.07848 5.9208 9.96966 9.43123 11.920209999999999 18.68704 19.26133 17.14018 15.41495 12.805250000000001 12.78077 9.70412 12.59152 12.89892 15.37069 10.14205 14.04551 14.543190000000001 15.328219999999998 4.84749 0 4.75288 8.66706 11.75454 11.41645 12.193109999999999 8.58269 6.56522 11.37022 11.62579 8.33798 12.25501 11.37924 15.77492 17.79272 18.339389999999998 13.105229999999999 18.24731 20.32682 20.68588 14.49229 17.47789 20.49241 19.92184 19.49953 18.4118 19.4917 22.33137 23.688540000000003 19.32219 19.025760000000002 21.87539 14.844159999999999 21.01249 
22.89084 22.401529999999998 18.76177 16.08679 8.50878 9.87297 10.91844 8.46372 13.8976 14.48109 16.3292 21.206690000000002 21.79048 18.83256 15.60475 11.12612 11.068290000000001 11.831360000000002 10.673680000000001 13.3002 14.150549999999999 16.63953 23.43992 24.01421 21.472929999999998 20.0387 17.558130000000002 17.53365 14.457 16.19774 15.83308 18.304850000000002 14.89493 17.44326 18.92276 16.28305 9.60037 4.75288 0 4.67625 12.48856 16.16933 15.10263 13.33557 11.3181 10.868020000000001 12.50371 9.072 10.097909999999999 16.01651 16.89369 18.91149 19.28816 16.52303 21.20568 23.43985 24.71856 18.52497 21.37874 24.42717 24.35501 23.42419 23.16468 23.39581 27.08425 28.02946 23.59206 23.3874 25.51096 18.14031 24.06456 
23.00338 22.12104 19.50933 15.79715 10.60744 10.39341 8.96839 6.513669999999999 11.56269 15.17388 17.86769 19.70252 20.0124 16.51589 11.70267 8.01357 8.82393 8.06086 6.3703 10.45885 10.80131 13.04103 20.55225 20.83109 18.510260000000002 16.15391 15.99079 14.74125 12.096589999999999 13.786660000000001 13.86433 16.07366 13.181939999999999 16.9753 17.78383 16.08463 9.84589 8.66706 4.67625 0 16.570520000000002 14.13377 11.67362 12.44871 11.56362 10.478819999999999 12.354689999999998 13.52353 14.54944 13.631630000000001 19.19895 21.21675 21.506349999999998 16.67209 21.78501 23.48903 23.93541 17.74182 21.05591 24.0924 22.57693 20.59301 19.97103 21.42706 24.71418 26.417009999999998 21.19292 21.90116 24.866690000000002 18.41102 23.72804 
21.497690000000002 21.07605 16.2797 12.21352 8.44904 10.862960000000001 15.552100000000001 13.097380000000001 18.33128 14.44396 14.915949999999999 21.18907 22.0943 19.83545 18.28608 15.676020000000001 16.27789 15.51482 13.82426 16.83098 16.976670000000002 19.465650000000004 24.88602 25.49544 23.20448 22.98154 22.11282 22.18666 19.05855 16.537689999999998 16.76962 19.22555 15.53839 17.46363 17.90968 16.223309999999998 14.073540000000001 11.75454 12.48856 16.570520000000002 0 5.14035 7.6005 12.02556 12.355810000000002 13.142579999999999 11.53992 3.41656 7.33359 8.29821 13.54111 14.62091 15.167580000000001 13.4067 18.54878 21.13534 21.195 15.00141 17.51556 19.608159999999998 24.658830000000002 25.86935 23.943980000000003 23.03846 27.616390000000003 27.95267 24.71853 23.38767 23.71113 15.14884 22.6337 
17.43835 17.381410000000002 12.631210000000001 8.84 9.054 11.46792 10.98345 8.52873 14.726590000000002 13.85793 14.6623 19.538040000000002 21.07432 20.12042 16.605649999999997 12.552779999999998 14.4543 13.69123 12.188600000000001 14.289629999999999 15.29868 17.73487 21.89988 22.87295 19.88572 19.78811 18.9217 19.156129999999997 16.61155 16.8131 17.17776 19.64953 15.98212 16.00965 15.82264 16.82827 10.62041 11.41645 16.16933 14.13377 5.14035 0 2.46015 6.885210000000001 12.33814 9.162870000000002 11.03874 8.55691 12.47394 12.2883 10.1422 11.222000000000001 11.768670000000002 10.27821 15.383669999999999 16.97738 17.19939 11.0058 14.142039999999998 14.90921 19.88165 22.24248 21.616500000000002 21.57315 26.34154 24.600440000000003 24.217200000000002 21.736680000000003 19.87017 11.30788 18.925600000000003 
18.74324 18.057 13.92891 9.506260000000001 6.59385 9.00777 12.34605 9.89133 12.26644 11.397780000000001 12.20215 18.5669 19.67966 17.66027 17.05059 13.504430000000001 16.07449 15.31142 13.62086 15.077300000000001 15.32198 17.81096 22.83395 23.42842 21.18806 21.71828 19.206229999999998 20.16104 18.02437 14.35295 14.71761 17.18938 13.521969999999998 14.82504 14.232759999999999 14.36812 8.160260000000001 12.193109999999999 15.10263 11.67362 7.6005 2.46015 0 4.42506 9.87799 6.70272 8.57859 9.14499 13.06202 9.82815 10.79262 12.17995 12.72662 11.03261 16.04993 18.68468 18.1408 12.49532 14.8083 16.88058 22.15136 23.55041 21.86079 20.83759 25.369880000000002 25.25807 22.696089999999998 20.76554 21.26459 12.7023 20.28291 
20.00641 18.99983 14.89006 13.93132 11.01891 11.43531 10.26534 7.81062 13.251149999999999 10.3879 13.081710000000001 18.646250000000002 19.38091 16.46886 14.52046 9.9399 13.28846 12.52539 10.83483 12.38518 12.8565 15.34548 21.38974 21.90974 19.51636 18.85248 17.032690000000002 15.96699 13.77779 13.21263 13.33239 15.80416 12.17089 15.06803 15.17559 17.76332 3.7352 8.58269 13.33557 12.44871 12.02556 6.885210000000001 4.42506 0 5.45293 9.65234 11.528210000000001 13.57005 16.86338 9.27178 14.77229 15.85209 16.39876 14.37118 19.513260000000002 19.67062 22.56586 16.62894 18.54828 20.16108 21.89596 21.03766 20.41602 20.89512 24.663220000000003 25.51139 21.24857 20.844890000000003 22.98249 14.4202 21.27761 
20.16932 19.16274 15.84877 12.26242 11.07165 11.58809 8.95181 6.837540000000001 12.27107 14.29994 16.1294 17.76234 18.53848 15.17825 12.02315 9.580580000000001 11.270990000000001 10.50792 8.81736 12.025860000000002 13.14141 13.64921 19.83138 20.81705 18.5686 16.69633 17.185470000000002 14.83697 11.76032 14.389710000000001 14.02505 14.65721 14.1596 14.11199 15.47841 16.71092 1.71773 6.56522 11.318100000000001 11.56362 12.355810000000002 12.338140000000001 9.87799 5.45293 0 6.70735 8.58322 8.939250000000001 12.856280000000002 13.43544 15.54002 17.55696 17.8257 13.4556 18.28097 20.64533 21.2439 15.05031 17.56446 20.450029999999998 20.86208 19.70262 19.189929999999997 20.30932 23.54649 24.63543 20.02523 19.96098 22.624090000000002 15.19774 21.104950000000002 
14.566880000000001 13.95501 9.84524 5.80375 5.34487 5.5752 9.47439 7.95134 5.56372 7.59259 10.2864 14.21905 15.31223 13.59048 13.97794 11.16288 12.80158 13.36867 11.68824 12.74173 12.11009 14.59907 18.80131 19.45047 17.17365 18.46642 16.14632 17.89056 15.30249 10.32175 10.62403 13.095799999999999 9.53532 10.18849 10.13077 10.00357 8.42508 11.37022 10.868020000000001 10.478819999999999 13.14258 9.16287 6.70272 9.65234 6.70735 0 1.87587 9.74452 12.06364 8.36894 8.83267 10.84961 11.11835 6.79734 11.93942 14.44496 14.68173 8.48814 11.09908 13.827300000000001 17.87676 18.35451 17.874139999999997 16.29037 20.82375 21.05838 18.70944 16.41769 17.1194 8.55711 15.88152 
16.19686 15.83088 11.72111 7.67962 7.220739999999999 7.45107 9.29917 6.84445 7.43959 9.468459999999999 12.16227 15.96396 16.67728 14.33083 14.829910000000002 10.868500000000001 13.06549 12.30242 10.61186 12.605350000000001 13.6144 15.87527 19.50451 20.12342 17.7183 18.92239 17.23742 17.47185 14.79457 11.439630000000001 11.55939 14.03116 10.19253 12.06436 12.006639999999999 11.879439999999999 10.30095 11.62579 12.50371 12.35469 11.53992 11.03874 8.57859 11.528210000000001 8.58322 1.87587 0 8.12336 10.763860000000001 7.7582699999999996 10.70854 12.599509999999999 12.97177 8.673210000000001 13.815290000000001 16.32083 16.5576 10.36401 12.97495 15.70317 19.24181 20.23038 18.53135 18.10735 22.040439999999997 22.29317 19.36665 18.1626 18.99527 10.43298 17.36679 
24.31042 23.66942 19.42343 15.25982 10.46055 12.874469999999999 13.238 11.0244 15.30824 15.28127 17.97508 23.47765 24.33638 21.74368 19.10061 14.71974 14.65339 15.22084 14.032210000000001 16.7853 17.7306 20.20143 26.63205 27.07136 24.70624 23.74232 21.10006 20.174950000000003 17.606389999999998 18.48873 18.69112 21.16289 17.46852 19.55284 18.28991 18.23482 10.65698 8.33798 9.072 13.52353 3.41656 8.55691 9.14499 13.57005 8.939250000000001 9.74452 8.12336 0 3.91703 11.50863 16.20422 18.03037 18.57704 16.51521 21.65729 24.18885 24.3003 18.10671 20.50779 22.91038 26.85424 26.420519999999996 25.76399 25.745620000000002 29.68459 30.41653 26.626330000000003 25.67629 26.46635 18.24265 25.49015 
21.03254 20.20305 16.09328 12.30809 14.00303 16.41695 16.69979 14.94143 16.91396 16.90315 14.209340000000001 19.68271 20.47534 18.03234 15.45562 11.19178 12.066880000000001 11.30381 13.04354 13.63706 13.99873 16.48771 22.847790000000003 23.50119 21.252740000000003 20.14502 21.616509999999998 17.91946 16.0172 16.36087 15.99621 18.46798 16.13076 16.08315 16.37881 18.966540000000002 13.24108 12.25501 10.097909999999999 14.54944 7.33359 12.473939999999999 13.06202 16.86338 12.856280000000002 12.06364 10.763860000000001 3.91703 0 7.5916 14.46479 16.25966 16.71592 13.50127 18.643349999999998 20.84467 21.289569999999998 15.095979999999999 17.610129999999998 20.180590000000002 23.03987 24.06703 21.874070000000003 22.28048 25.944809999999997 26.606589999999997 22.70937 21.88135 23.60125 15.03896 22.48083 
15.37479 15.087890000000002 12.748099999999999 10.490920000000001 10.66557 11.19547 10.00751 7.55279 13.011310000000002 9.31155 6.61774 12.89086 13.80507 12.09751 14.30969 10.88821 13.75118 12.988109999999999 11.3202 12.413910000000001 12.61666 15.10564 17.30195 17.98171 15.73633 18.97992 16.79285 17.560679999999998 15.27178 11.60614 11.24148 11.43275 11.93105 9.54784 10.75999 13.96982 11.71771 11.37924 16.01651 13.631630000000001 8.29821 12.2883 9.828149999999999 9.27178 13.43544 8.36894 7.7582699999999996 11.50863 7.5916 0 9.00647 11.02427 11.18539 10.62833 15.77041 15.61206 18.78121 12.65672 15.79296 16.56013 16.369600000000002 18.49977 17.555300000000003 14.7876 19.318179999999998 19.917009999999998 18.3906 15.089459999999999 17.36781 11.424769999999999 16.544719999999998 
12.51309 13.39205 8.595699999999999 5.36119 11.91071 13.17127 15.20721 16.55425 13.16206 9.732019999999999 7.671 15.69552 17.28459 17.66001 21.00116 19.2964 21.63425 21.972360000000002 20.2818 19.64668 19.08141 20.99013 22.50116 23.402449999999998 21.53556 24.88291 24.05094 26.024079999999998 22.714290000000002 15.25697 15.52749 17.25878 13.195920000000001 12.40295 12.343829999999999 14.92016 16.99839 15.77492 16.89369 19.19895 13.54111 10.1422 10.79262 14.77229 15.54002 8.83267 10.70854 16.20422 14.46479 9.00647 0 2.0178 2.56447 6.71976 9.49555 11.88518 11.79365 7.52699 8.41489 11.430399999999999 19.02236 21.78186 21.37034 17.63978 22.40817 20.90034 21.57595 17.89416 15.83466 7.27237 14.983249999999998 
12.89759 13.73035 9.56238 6.9838 13.8959 15.16176 16.20471 18.54424 13.84262 10.44067 9.6888 16.6136 18.25723 19.00164 22.75273 21.21463 23.65119 23.94957 22.26152 21.320619999999998 20.84312 22.61274 23.68116 24.6221 22.84904 26.50798 24.76327 27.94231 24.495990000000003 17.24746 17.05555 18.47202 14.81959 13.63185 13.62481 16.47605 18.161849999999998 17.79272 18.91149 21.216749999999998 14.62091 11.222000000000001 12.17995 15.85209 17.55696 10.84961 12.599509999999999 18.03037 16.25966 11.02427 2.0178 0 0.54667 8.40985 11.513349999999999 12.103089999999998 9.77585 9.17029 8.05743 12.68778 19.81927 22.91836 22.59957 18.49785 23.26624 21.40384 22.58616 18.779069999999997 15.04119 8.473469999999999 14.582729999999998 
