27
AT W F Y AN AK AA C AE Q G P AG E L AX AC M AO AU AQ A AM Z U K S
0 716.0 525.0 506.0 503.0 894.0 505.0 525.0 503.0 549.0 525.0 659.0 503.0 593.0 869.0 503.0 600.0 549.0 503.0 563.0 503.0 802.0 503.0 729.0 697.0 666.0 525.0 
716.0 0 501.0 552.0 501.0 595.0 529.0 527.0 501.0 529.0 501.0 529.0 501.0 641.0 559.0 501.0 743.0 527.0 501.0 869.0 501.0 784.0 501.0 911.0 811.0 718.0 501.0 
525.0 501.0 0 501.0 1002.0 515.0 501.0 1002.0 519.0 515.0 1002.0 515.0 539.0 575.0 550.0 533.0 559.0 542.0 1002.0 501.0 1002.0 585.0 1002.0 507.0 518.0 524.0 1002.0 
506.0 552.0 501.0 0 501.0 534.0 552.0 505.0 501.0 573.0 501.0 573.0 501.0 515.0 554.0 501.0 573.0 554.0 501.0 534.0 501.0 578.0 501.0 576.0 525.0 522.0 501.0 
503.0 501.0 1002.0 501.0 0 515.0 501.0 541.0 1002.0 505.0 1002.0 505.0 1002.0 635.0 532.0 1002.0 550.0 542.0 1002.0 501.0 1002.0 526.0 1002.0 507.0 505.0 514.0 1002.0 
894.0 595.0 515.0 534.0 515.0 0 516.0 515.0 515.0 516.0 515.0 516.0 515.0 592.0 531.0 515.0 530.0 527.0 515.0 595.0 515.0 564.0 515.0 938.0 587.0 545.0 515.0 
505.0 529.0 501.0 552.0 501.0 516.0 0 501.0 501.0 1002.0 501.0 694.0 501.0 588.0 556.0 501.0 584.0 696.0 501.0 518.0 501.0 529.0 501.0 566.0 528.0 660.0 501.0 
525.0 527.0 1002.0 505.0 541.0 515.0 501.0 0 555.0 515.0 1002.0 515.0 539.0 575.0 561.0 533.0 559.0 542.0 1002.0 503.0 1002.0 892.0 1002.0 507.0 518.0 524.0 1002.0 
503.0 501.0 519.0 501.0 1002.0 515.0 501.0 555.0 0 505.0 1002.0 505.0 1002.0 618.0 532.0 1002.0 559.0 515.0 1002.0 501.0 1002.0 562.0 1002.0 507.0 505.0 514.0 1002.0 
549.0 529.0 515.0 573.0 505.0 516.0 1002.0 515.0 505.0 0 505.0 1006.0 505.0 588.0 506.0 575.0 584.0 521.0 505.0 518.0 505.0 529.0 505.0 572.0 528.0 517.0 505.0 
525.0 501.0 1002.0 501.0 1002.0 515.0 501.0 1002.0 1002.0 505.0 0 505.0 539.0 575.0 532.0 519.0 559.0 542.0 1002.0 501.0 1002.0 501.0 1002.0 507.0 518.0 524.0 1002.0 
659.0 529.0 515.0 573.0 505.0 516.0 694.0 515.0 505.0 1006.0 505.0 0 505.0 833.0 506.0 575.0 798.0 601.0 505.0 677.0 505.0 604.0 505.0 572.0 528.0 517.0 505.0 
503.0 501.0 539.0 501.0 1002.0 515.0 501.0 539.0 1002.0 505.0 539.0 505.0 0 547.0 504.0 1002.0 524.0 542.0 1002.0 501.0 1002.0 551.0 1002.0 507.0 505.0 514.0 1002.0 
593.0 641.0 575.0 515.0 635.0 592.0 588.0 575.0 618.0 588.0 575.0 833.0 547.0 0 500.0 1000.0 668.0 680.0 572.0 623.0 560.0 643.0 575.0 562.0 626.0 618.0 575.0 
869.0 559.0 550.0 554.0 532.0 531.0 556.0 561.0 532.0 506.0 532.0 506.0 504.0 500.0 0 500.0 610.0 602.0 532.0 569.0 517.0 524.0 532.0 657.0 593.0 553.0 532.0 
503.0 501.0 533.0 501.0 1002.0 515.0 501.0 533.0 1002.0 575.0 519.0 575.0 1002.0 1000.0 500.0 0 504.0 504.0 1002.0 501.0 1002.0 554.0 1002.0 507.0 520.0 566.0 504.0 
600.0 743.0 559.0 573.0 550.0 530.0 584.0 559.0 559.0 584.0 559.0 798.0 524.0 668.0 610.0 504.0 0 661.0 1012.0 612.0 559.0 598.0 559.0 546.0 569.0 633.0 559.0 
549.0 527.0 542.0 554.0 542.0 527.0 696.0 542.0 515.0 521.0 542.0 601.0 542.0 680.0 602.0 504.0 661.0 0 531.0 699.0 1006.0 630.0 1006.0 507.0 556.0 733.0 1004.0 
503.0 501.0 1002.0 501.0 1002.0 515.0 501.0 1002.0 1002.0 505.0 1002.0 505.0 1002.0 572.0 532.0 1002.0 1012.0 531.0 0 501.0 1002.0 560.0 1002.0 507.0 505.0 514.0 1002.0 
563.0 869.0 501.0 534.0 501.0 595.0 518.0 503.0 501.0 518.0 501.0 677.0 501.0 623.0 569.0 501.0 612.0 699.0 501.0 0 501.0 536.0 501.0 531.0 543.0 732.0 501.0 
503.0 501.0 1002.0 501.0 1002.0 515.0 501.0 1002.0 1002.0 505.0 1002.0 505.0 1002.0 560.0 517.0 1002.0 559.0 1006.0 1002.0 501.0 0 501.0 1002.0 507.0 505.0 1008.0 1002.0 
802.0 784.0 585.0 578.0 526.0 564.0 529.0 892.0 562.0 529.0 501.0 604.0 551.0 643.0 524.0 554.0 598.0 630.0 560.0 536.0 501.0 0 501.0 702.0 671.0 649.0 501.0 
503.0 501.0 1002.0 501.0 1002.0 515.0 501.0 1002.0 1002.0 505.0 1002.0 505.0 1002.0 575.0 532.0 1002.0 559.0 1006.0 1002.0 501.0 1002.0 501.0 0 507.0 505.0 514.0 1002.0 
729.0 911.0 507.0 576.0 507.0 938.0 566.0 507.0 507.0 572.0 507.0 572.0 507.0 562.0 657.0 507.0 546.0 507.0 507.0 531.0 507.0 702.0 507.0 0 500.0 639.0 507.0 
697.0 811.0 518.0 525.0 505.0 587.0 528.0 518.0 505.0 528.0 518.0 528.0 505.0 626.0 593.0 520.0 569.0 556.0 505.0 543.0 505.0 671.0 505.0 500.0 0 509.0 505.0 
666.0 718.0 524.0 522.0 514.0 545.0 660.0 524.0 514.0 517.0 524.0 517.0 514.0 618.0 553.0 566.0 633.0 733.0 514.0 732.0 1008.0 649.0 514.0 639.0 509.0 0 514.0 
525.0 501.0 1002.0 501.0 1002.0 515.0 501.0 1002.0 1002.0 505.0 1002.0 505.0 1002.0 575.0 532.0 504.0 559.0 1004.0 1002.0 501.0 1002.0 501.0 1002.0 507.0 505.0 514.0 0 
