12
LeConte Stephens HearstAnnex Unit1 Maxwell Haviland Evans Morrison Kroeber MLK Zellerbach Dwinelle
0 16.0 18.0 21.0 16.0 7.0 10.0 17.0 22.0 11.0 14.0 7.0 
16.0 0 2.0 6.0 14.0 9.0 26.0 33.0 38.0 27.0 30.0 23.0 
18.0 2.0 0 4.0 15.0 11.0 28.0 35.0 40.0 29.0 32.0 25.0 
21.0 6.0 4.0 0 11.0 14.0 31.0 38.0 43.0 32.0 35.0 28.0 
16.0 14.0 15.0 11.0 0 9.0 26.0 33.0 38.0 27.0 30.0 23.0 
7.0 9.0 11.0 14.0 9.0 0 17.0 24.0 29.0 18.0 21.0 14.0 
10.0 26.0 28.0 31.0 26.0 17.0 0 7.0 12.0 14.0 17.0 10.0 
17.0 33.0 35.0 38.0 33.0 24.0 7.0 0 5.0 21.0 24.0 17.0 
22.0 38.0 40.0 43.0 38.0 29.0 12.0 5.0 0 26.0 29.0 22.0 
11.0 27.0 29.0 32.0 27.0 18.0 14.0 21.0 26.0 0 3.0 4.0 
14.0 30.0 32.0 35.0 30.0 21.0 17.0 24.0 29.0 3.0 0 7.0 
7.0 23.0 25.0 28.0 23.0 14.0 10.0 17.0 22.0 4.0 7.0 0 
