32
MapLocation67 MapLocation40 MapLocation73 MapLocation61 MapLocation86 MapLocation84 MapLocation2 MapLocation51 MapLocation88 MapLocation85 MapLocation37 MapLocation35 MapLocation49 MapLocation65 MapLocation0 MapLocation89 MapLocation70 MapLocation97 MapLocation27 MapLocation44 MapLocation79 MapLocation74 MapLocation4 MapLocation3 MapLocation17 MapLocation39 MapLocation93 MapLocation82 MapLocation14 MapLocation66 MapLocation72 MapLocation77
0 1018102273.71291 1673067168.61049 1957385926.37689 1569444014.48259 1333310528.19327 1753337132.35821 2091671941.0588698 1701502764.03936 2328936348.48695 1225402965.57136 1212510365.89415 1954146522.40708 1546556777.75074 1591023654.36264 1346298641.48948 1433195313.59115 2054917771.6061401 1920308551.80514 1890511267.44504 1119631528.20964 1654182379.6889 1473061110.66333 1432144278.93147 1937784053.14878 1375199803.21973 2022028120.39313 2092184099.7277498 1532773134.0171 1805646716.22825 2044398949.31481 1015092420.30294 
1018102273.71291 0 1060497396.56989 1877379407.63196 1700390674.41875 1959340232.99974 1670076891.26307 2119665024.07334 1079433560.61092 1511419869.04731 1263069809.63972 1542482342.56212 1965306319.22154 1716813583.67598 2131678822.0546398 2102301039.48017 2052728924.90906 1887595835.61155 1763926701.48144 1403984025.22942 2137733801.9225502 2320949397.79318 1639497707.65373 2184587519.5797 1874291606.09598 1481521169.70823 1105695864.66925 1698370581.48144 1070598996.30044 1321392653.81369 2095070321.22266 1998143269.51004 
1673067168.61049 1060497396.56989 0 1117329555.3849 2125990284.87771 1248503854.50202 1111433207.52426 1715278418.13251 1513878309.78659 1187399528.40022 1320740041.59241 1121029635.9283 1288765184.94752 1078412984.86829 1240410167.5542 2426635085.52714 2032044064.10784 1719138147.9436 1966824072.62055 2151753090.3325 1623478392.99251 2170181269.17828 1250909137.67491 1286565852.2644 1911751453.95622 2229138764.61222 1211076897.05454 1604123646.34177 1946046534.01848 1185978297.50643 2157036156.34609 1127729627.33422 
1957385926.37689 1877379407.63196 1117329555.3849 0 1008660729.49281 1331207722.03572 2199494990.42342 2030902207.28587 1794669670.08385 1132959087.38061 1584958662.96683 1530286859.26922 1248928262.40435 1802147504.38451 2245962842.7639 2221560438.76756 1437864995.12444 1083860772.89957 1307848263.16403 1240269329.45303 1130096426.91125 2087778454.8076 1941985678.56337 2017433829.8432999 1887478195.90096 1127809521.05282 1723365084.13329 1781563261.50663 2194827225.64513 2282421672.27745 2182409515.12503 1153102986.11316 
1569444014.48259 1700390674.41875 2125990284.87771 1008660729.49281 0 1053952780.82502 1619410281.17783 2046527749.4700298 1838607426.23353 1540976999.65624 2235529498.02386 2224483395.30772 2065505822.19332 2214069301.3312597 1270582724.59499 1212899709.27475 2218758369.18896 2092521502.39238 2092704485.9881701 1651342656.26596 1494759889.93987 2274105645.79787 2128147557.89138 1650712120.69538 1253055256.27284 2136470250.54563 1138681092.10194 1167010860.33731 2244601752.45448 1696061805.20642 1424439406.64645 2161763715.60597 
1333310528.19327 1959340232.99974 1248503854.50202 1331207722.03572 1053952780.82502 0 1078481737.97681 1436808649.35256 1391185426.10487 1882671593.28176 1181576717.19884 1170530614.4827 1891648531.88451 1973609741.43789 2324535505.42001 1450049010.75391 1937420612.15617 1402523810.55101 2388942597.2191 1636114836.28286 1166108184.36395 1330700685.03309 2203028599.16789 2197930613.40338 1457964493.18938 1537167381.22781 1753261760.42018 1795599857.88149 1544198540.94685 1613499855.00177 1768036271.3683 1122906686.30075 
1753337132.35821 1670076891.26307 1111433207.52426 2199494990.42342 1619410281.17783 1078481737.97681 0 1319574519.01397 1230316994.53981 2194711809.69603 2260058455.1756496 1680977343.3075 1803096862.65615 1834999510.97166 1345989131.70202 2173093062.49098 2127796722.07657 1359474543.49443 1706858513.24877 1440331553.94022 1731117771.82973 1571254588.76018 2089639914.18679 2127646935.42459 2247588142.5581703 2156105195.59003 2231645950.89092 1636889614.82817 1516601024.43101 1652833941.47274 1564928875.72648 1076632706.47729 
2091671941.0588698 2119665024.07334 1715278418.13251 2030902207.28587 2046527749.4700298 1436808649.35256 1319574519.01397 0 1966252890.04667 1234501433.43954 2169973251.47609 1321102361.90706 1406267095.20421 1334897615.2724 1349983556.16098 1177118259.88169 2090707015.72676 1188493481.22944 1606941576.92666 1289740265.26874 1967093849.17281 2238700218.15149 2405558700.3085804 1718899534.39955 1289245889.37724 1650442882.71705 1157020693.70241 1412394008.04667 1087231047.88293 2148189376.12045 1854753784.49023 2228318832.53264 
1701502764.03936 1079433560.61092 1513878309.78659 1794669670.08385 1838607426.23353 1391185426.10487 1230316994.53981 1966252890.04667 0 1004195115.44149 1293995144.38187 1956769517.28674 1191298548.43917 1998351778.52853 2113920362.71343 1895698053.56794 1559293059.44331 1327231701.00941 2230868528.91706 1276165690.8638 2296344668.68303 1994288687.1997 1789250989.30265 1625282959.8945 2195821185.7021103 2079107923.1926 1955323228.35925 1857858248.31521 1342625315.78559 1977001819.88422 1749702870.523 2234552172.7070904 
2328936348.48695 1511419869.04731 1187399528.40022 1132959087.38061 1540976999.65624 1882671593.28176 2194711809.69603 1234501433.43954 1004195115.44149 0 1103533382.91559 1897579376.85726 2195493663.88066 1336899563.25068 2258560610.69895 1850445753.75616 1145043608.36548 2182598844.18963 1946156532.697 1109179801.18249 1699463790.20115 2064810922.51232 1363497707.6106 2307760678.66704 1216295317.06612 1319907496.52948 1417319963.66816 2217174442.22159 1197480784.94475 2333069818.0738897 1677095890.27046 2184365875.78152 
1225402965.57136 1263069809.63972 1320740041.59241 1584958662.96683 2235529498.02386 1181576717.19884 2260058455.1756496 2169973251.47609 1293995144.38187 1103533382.91559 0 1701425929.22372 1324047717.88285 1292715939.69851 2320435970.9611597 2342717130.46746 1865582818.519 1436546491.20385 1726190808.64992 1644875453.31188 2155885411.55296 1368524696.92799 1938546565.1527 2286582139.04075 2319828699.98171 1922816050.66215 1560274014.59287 1870155484.97758 1345104285.4976 1684602012.82124 2347309159.34934 2240495385.8743 
1212510365.89415 1542482342.56212 1121029635.9283 1530286859.26922 2224483395.30772 1170530614.4827 1680977343.3075 1321102361.90706 1956769517.28674 1897579376.85726 1701425929.22372 0 1973894637.71857 1314974106.03564 2088070648.9081001 1337771624.68643 2074831901.15463 2170781238.4629803 1406501192.19013 2166553642.52141 2247516367.27992 1433531055.11882 1187304575.98029 2078164746.65279 1367489258.78919 1440626572.84636 2320624405.55573 2105110250.06371 2271629220.40924 1670328732.84438 2145595209.6405602 1187557708.95566 
1954146522.40708 1965306319.22154 1288765184.94752 1248928262.40435 2065505822.19332 1891648531.88451 1803096862.65615 1406267095.20421 1191298548.43917 2195493663.88066 1324047717.88285 1973894637.71857 0 1525821804.64457 2116588240.6294398 1905926851.21706 1761448261.63595 2196972419.06451 1981738979.88558 1428186854.63755 1602431048.61781 1338203700.07887 2379300398.3551702 1843888827.88907 2200004114.15915 1199519550.38301 1860802403.13755 1921593092.92786 1055508414.87524 2054523059.5833201 1711536467.31054 1682671402.46896 
1546556777.75074 1716813583.67598 1078412984.86829 1802147504.38451 2214069301.3312597 1973609741.43789 1834999510.97166 1334897615.2724 1998351778.52853 1336899563.25068 1292715939.69851 1314974106.03564 1525821804.64457 0 1027720031.26265 2235668794.10919 2108298750.68477 1881700987.46461 2074279890.8182201 1073340105.46421 1507191283.39606 1480347629.40944 1492157576.06793 1172995266.15227 1986622808.70257 1434693277.38664 1260752731.73743 2261163179.7205696 1457196747.66164 1896293046.67046 1080146576.9505 1803033017.10296 
1591023654.36264 2131678822.0546398 1240410167.5542 2245962842.7639 1270582724.59499 2324535505.42001 1345989131.70202 1349983556.16098 2113920362.71343 2258560610.69895 2320435970.9611597 2088070648.9081001 2116588240.6294398 1027720031.26265 0 1207948762.84654 1778975484.99966 1462029389.54776 2124500352.4091601 1785170365.32632 1228575555.12719 1498313756.06285 1253725456.37757 1802416437.85435 2124247404.7424102 1118153321.71108 1557162765.96642 2158013487.30214 1061079825.7542 1923383373.42296 1368669600.17618 2283410231.0661297 
1346298641.48948 2102301039.48017 2426635085.52714 2221560438.76756 1212899709.27475 1450049010.75391 2173093062.49098 1177118259.88169 1895698053.56794 1850445753.75616 2342717130.46746 1337771624.68643 1905926851.21706 2235668794.10919 1207948762.84654 0 1101392335.61999 1886014949.00848 1555521474.78884 2312154646.22727 1757318461.98791 2241240921.70719 2376913376.92822 2077020167.27957 2106751561.73274 1100657478.70141 2055010445.47164 1009677951.20728 1031702043.17973 1607607576.43295 1227770460.09413 1995665863.92578 
1433195313.59115 2052728924.90906 2032044064.10784 1437864995.12444 2218758369.18896 1937420612.15617 2127796722.07657 2090707015.72676 1559293059.44331 1145043608.36548 1865582818.519 2074831901.15463 1761448261.63595 2108298750.68477 1778975484.99966 1101392335.61999 0 1690822773.31733 2340402465.56014 2132793170.36416 1634659862.40239 1287744303.9683 1603156407.38869 1592580594.50009 1576402016.45166 1945621885.65158 2189837234.92085 2075398766.56936 1323444272.16206 1565952819.13491 1172337531.78424 1075660409.17407 
2054917771.6061401 1887595835.61155 1719138147.9436 1083860772.89957 2092521502.39238 1402523810.55101 1359474543.49443 1188493481.22944 1327231701.00941 2182598844.18963 1436546491.20385 2170781238.4629803 2196972419.06451 1881700987.46461 1462029389.54776 1886014949.00848 1690822773.31733 0 1048506106.24424 1662155088.99819 1618478326.89722 1763050117.47638 1700181516.51048 1102443610.83672 1344056969.34428 1470571818.49613 1943164477.31426 1433490388.65477 1149660779.83611 2069736533.48938 1564356847.29299 1039825351.3032 
1920308551.80514 1763926701.48144 1966824072.62055 1307848263.16403 2092704485.9881701 2388942597.2191 1706858513.24877 1606941576.92666 2230868528.91706 1946156532.697 1726190808.64992 1406501192.19013 1981738979.88558 2074279890.8182201 2124500352.4091601 1555521474.78884 2340402465.56014 1048506106.24424 0 1000939785.35401 1231367754.12463 1058241912.18601 1452932989.7871 2150949717.0809603 1230064781.4333 2151994891.24187 1133933023.68419 2093790140.68365 1239093848.22899 1818515321.62674 2312176832.02326 1450602885.61973 
1890511267.44504 1403984025.22942 2151753090.3325 1240269329.45303 1651342656.26596 1636114836.28286 1440331553.94022 1289740265.26874 1276165690.8638 1109179801.18249 1644875453.31188 2166553642.52141 1428186854.63755 1073340105.46421 1785170365.32632 2312154646.22727 2132793170.36416 1662155088.99819 1000939785.35401 0 1946382498.54032 1611767220.0158 1521021418.07531 1851905160.06444 2231004566.78731 1442538112.24632 1471540471.23291 2187502918.25253 1431748681.3559 1842026499.211 1761589164.56454 1266698169.84217 
1119631528.20964 2137733801.9225502 1623478392.99251 1130096426.91125 1494759889.93987 1166108184.36395 1731117771.82973 1967093849.17281 2296344668.68303 1699463790.20115 2155885411.55296 2247516367.27992 1602431048.61781 1507191283.39606 1228575555.12719 1757318461.98791 1634659862.40239 1618478326.89722 1231367754.12463 1946382498.54032 0 2284186120.5012703 1536869214.45858 2343727283.5808 2444310646.02235 1501559902.11731 1588259926.84059 1785029472.30556 2056841481.2691998 2149444076.9499702 1803838027.32006 1719788545.89463 
1654182379.6889 2320949397.79318 2170181269.17828 2087778454.8076 2274105645.79787 1330700685.03309 1571254588.76018 2238700218.15149 1994288687.1997 2064810922.51232 1368524696.92799 1433531055.11882 1338203700.07887 1480347629.40944 1498313756.06285 2241240921.70719 1287744303.9683 1763050117.47638 1058241912.18601 1611767220.0158 2284186120.5012703 0 1045983293.79197 1216875410.47517 1591595440.38581 2077304461.35823 1950365080.31877 1894999817.49753 1626722427.96477 2294315541.9186 1984240670.1864 2115040902.99526 
1473061110.66333 1639497707.65373 1250909137.67491 1941985678.56337 2128147557.89138 2203028599.16789 2089639914.18679 2405558700.3085804 1789250989.30265 1363497707.6106 1938546565.1527 1187304575.98029 2379300398.3551702 1492157576.06793 1253725456.37757 2376913376.92822 1603156407.38869 1700181516.51048 1452932989.7871 1521021418.07531 1536869214.45858 1045983293.79197 0 1000000000.00001 2143560439.91921 2165720112.06168 1995605549.79869 1862398487.8391 2211317317.2681704 1933078914.92801 2315110718.34796 2212252841.01223 
1432144278.93147 2184587519.5797 1286565852.2644 2017433829.8432999 1650712120.69538 2197930613.40338 2127646935.42459 1718899534.39955 1625282959.8945 2307760678.66704 2286582139.04075 2078164746.65279 1843888827.88907 1172995266.15227 1802416437.85435 2077020167.27957 1592580594.50009 1102443610.83672 2150949717.0809603 1851905160.06444 2343727283.5808 1216875410.47517 1000000000.00001 0 1599494955.35442 2096953522.46813 1078891654.91045 1903353265.48991 2252104390.67283 2130986724.01836 2253141843.10277 1915967579.56456 
1937784053.14878 1874291606.09598 1911751453.95622 1887478195.90096 1253055256.27284 1457964493.18938 2247588142.5581703 1289245889.37724 2195821185.7021103 1216295317.06612 2319828699.98171 1367489258.78919 2200004114.15915 1986622808.70257 2124247404.7424102 2106751561.73274 1576402016.45166 1344056969.34428 1230064781.4333 2231004566.78731 2444310646.02235 1591595440.38581 2143560439.91921 1599494955.35442 0 1006094083.03133 1933801771.92474 1673492301.1392 1564800959.8487 2246915015.08265 1207968968.7633 1938822830.3238 
1375199803.21973 1481521169.70823 2229138764.61222 1127809521.05282 2136470250.54563 1537167381.22781 2156105195.59003 1650442882.71705 2079107923.1926 1319907496.52948 1922816050.66215 1440626572.84636 1199519550.38301 1434693277.38664 1118153321.71108 1100657478.70141 1945621885.65158 1470571818.49613 2151994891.24187 1442538112.24632 1501559902.11731 2077304461.35823 2165720112.06168 2096953522.46813 1006094083.03133 0 1018061867.55768 1436557746.24853 1150175228.30687 1895752624.48265 2214063051.79463 1258996154.96885 
2022028120.39313 1105695864.66925 1211076897.05454 1723365084.13329 1138681092.10194 1753261760.42018 2231645950.89092 1157020693.70241 1955323228.35925 1417319963.66816 1560274014.59287 2320624405.55573 1860802403.13755 1260752731.73743 1557162765.96642 2055010445.47164 2189837234.92085 1943164477.31426 1133933023.68419 1471540471.23291 1588259926.84059 1950365080.31877 1995605549.79869 1078891654.91045 1933801771.92474 1018061867.55768 0 1045332494.26436 1420942017.00142 1151833628.87899 2216709822.32889 2101655594.12275 
2092184099.7277498 1698370581.48144 1604123646.34177 1781563261.50663 1167010860.33731 1795599857.88149 1636889614.82817 1412394008.04667 1857858248.31521 2217174442.22159 1870155484.97758 2105110250.06371 1921593092.92786 2261163179.7205696 2158013487.30214 1009677951.20728 2075398766.56936 1433490388.65477 2093790140.68365 2187502918.25253 1785029472.30556 1894999817.49753 1862398487.8391 1903353265.48991 1673492301.1392 1436557746.24853 1045332494.26436 0 1406329179.81961 1232841992.89301 1540852443.11867 1077091679.42481 
1532773134.0171 1070598996.30044 1946046534.01848 2194827225.64513 2244601752.45448 1544198540.94685 1516601024.43101 1087231047.88293 1342625315.78559 1197480784.94475 1345104285.4976 2271629220.40924 1055508414.87524 1457196747.66164 1061079825.7542 1031702043.17973 1323444272.16206 1149660779.83611 1239093848.22899 1431748681.3559 2056841481.2691998 1626722427.96477 2211317317.2681704 2252104390.67283 1564800959.8487 1150175228.30687 1420942017.00142 1406329179.81961 0 2391991650.11413 1306939780.17359 1322317071.63577 
1805646716.22825 1321392653.81369 1185978297.50643 2282421672.27745 1696061805.20642 1613499855.00177 1652833941.47274 2148189376.12045 1977001819.88422 2333069818.0738897 1684602012.82124 1670328732.84438 2054523059.5833201 1896293046.67046 1923383373.42296 1607607576.43295 1565952819.13491 2069736533.48938 1818515321.62674 1842026499.211 2149444076.9499702 2294315541.9186 1933078914.92801 2130986724.01836 2246915015.08265 1895752624.48265 1151833628.87899 1232841992.89301 2391991650.11413 0 1832250748.92163 1335745232.50072 
2044398949.31481 2095070321.22266 2157036156.34609 2182409515.12503 1424439406.64645 1768036271.3683 1564928875.72648 1854753784.49023 1749702870.523 1677095890.27046 2347309159.34934 2145595209.6405602 1711536467.31054 1080146576.9505 1368669600.17618 1227770460.09413 1172337531.78424 1564356847.29299 2312176832.02326 1761589164.56454 1803838027.32006 1984240670.1864 2315110718.34796 2253141843.10277 1207968968.7633 2214063051.79463 2216709822.32889 1540852443.11867 1306939780.17359 1832250748.92163 0 1029306529.01187 
1015092420.30294 1998143269.51004 1127729627.33422 1153102986.11316 2161763715.60597 1122906686.30075 1076632706.47729 2228318832.53264 2234552172.7070904 2184365875.78152 2240495385.8743 1187557708.95566 1682671402.46896 1803033017.10296 2283410231.0661297 1995665863.92578 1075660409.17407 1039825351.3032 1450602885.61973 1266698169.84217 1719788545.89463 2115040902.99526 2212252841.01223 1915967579.56456 1938822830.3238 1258996154.96885 2101655594.12275 1077091679.42481 1322317071.63577 1335745232.50072 1029306529.01187 0 
