32
bk ab bs bj cf ay am bo bu ds cq bd cs ao au ak ac ch dq ax br aj de dv cb bg bv cy dk be dr aa
0 1043252060.61273 1126276759.36601 1228756753.36493 1382276376.61715 1703916560.29673 1971598603.74478 1799416600.13623 1581904715.93964 1064120455.65898 1027709713.70901 1048026865.77446 1989227648.22217 1007870328.51325 1815512873.85923 1999289864.01104 1383794680.50359 1308352019.01204 1787983378.44669 1996704124.67559 1837425646.95373 1402803761.60395 1393248590.9667 1636143219.5866 1984533462.53769 1767831435.72816 1898535670.27149 1888722108.1137 1524172331.89868 1315856671.87845 1526375301.09882 1495806419.15653 
1043252060.61273 0 1535604872.62551 1915474536.44668 1154808030.20285 1386166858.3078 1992419321.50499 1638094591.56121 1651453533.20943 1230887205.57881 1963698445.44733 1213002404.77893 1846659224.19694 1466293517.36162 1998428312.53624 1752392861.48611 1863236422.97298 1471341351.19447 1904268891.09083 1989559978.61923 1459001633.91417 1694738655.12261 1607862874.59912 1368842764.56509 1407283881.01821 1373866252.49488 1988438141.54974 1494933011.25972 1279171150.26949 1048187317.25534 1728432912.08344 1975988223.27719 
1126276759.36601 1535604872.62551 0 1406053178.74126 1355723783.25541 1462001320.9181 1232730106.66073 1090781457.02964 1656765701.09282 1266594146.15849 1653263991.62069 1522012898.91467 1031772274.1384 1991145242.4988 1856652395.71063 1004996926.21345 1160065185.37483 1246653110.22264 1238317631.44526 1986945221.15549 1086617657.7101 1735302322.36214 1913166761.37686 1466724658.42667 1143825739.37946 1621612109.33134 1719675978.34007 1569316676.67155 1234564620.51823 1481009385.65528 1960988149.95562 1811051487.36399 
1228756753.36493 1915474536.44668 1406053178.74126 0 1003457614.01303 1231158302.52194 1068687100.28845 1408163891.89704 1575781037.3213 1703864964.64407 1484067277.71508 1627268830.19828 1743631904.86433 1458692739.96276 1894894657.56204 1947503078.26506 1639298930.83857 1145898858.5857 1669951474.32974 1941392696.23238 1105576222.4423 1126174191.0311 1743301581.81735 1069225645.89447 1125815415.67566 1253371867.84264 1771148374.16363 1261337529.32208 1772406483.05738 1770224159.71327 1818784035.89745 1293335192.47153 
1382276376.61715 1154808030.20285 1355723783.25541 1003457614.01303 0 1966225111.45011 1060388058.0692 1482827452.63571 1684018253.04552 1888570392.22261 1109722902.72089 1124951667.73723 1120085971.06424 1016196116.02944 1524515327.41388 1654819934.51467 1775903575.98018 1990762453.71215 1896090800.96636 1674439906.79953 1184170485.11618 1647069227.87148 1015740950.30997 1747055071.12896 1761649721.92162 1934599943.11212 1854861285.6936 1397624530.78471 1576336127.84575 1340245276.77162 1298591325.77522 1531049793.77515 
1703916560.29673 1386166858.3078 1462001320.9181 1231158302.52194 1966225111.45011 0 1021702283.35071 1999959658.58007 1106977994.51234 1032396924.91222 1715651400.42268 1460774006.45063 1668995011.19507 1999728155.72122 1596171373.90883 1045588361.03804 1923472125.41051 1728698986.67331 1452438255.57365 1180414619.19163 1213631135.13125 1871652257.76644 1958062834.81289 1604267964.33301 1140083188.80795 1311968492.53724 1428965620.04671 1949944676.75103 1170629978.70698 1586410807.01299 1621867227.98074 1552033132.48861 
1971598603.74478 1992419321.50499 1232730106.66073 1068687100.28845 1060388058.0692 1021702283.35071 0 1165149530.91378 1996535807.2012 1305426019.98782 1237170773.20554 1319701130.36493 1880324832.71578 1237632275.62344 1195042064.15812 1397556889.71386 1385914836.08358 1538983846.23711 1467612003.28149 1552567104.63828 1339668652.14732 1548228324.82933 1185581358.41633 1778916794.49301 1625355261.4859 1754306442.76 1994866281.61566 1336692397.57858 1188034148.36487 1573562456.05776 1584249980.62099 1074793351.62262 
1799416600.13623 1638094591.56121 1090781457.02964 1408163891.89704 1482827452.63571 1999959658.58007 1165149530.91378 0 1027552560.86507 1013697812.3817 1039567497.85729 1299767552.13213 1517131575.16366 1532655785.85891 1130397036.02707 1783371542.45389 1448259167.4283 1862344255.70146 1826572973.88838 1657249641.50763 1124675951.96325 1786003993.55971 1851484342.48403 1131061091.51875 1550809717.1434 1657208707.22484 1351313170.46039 1683057087.2842 1550212189.92816 1555353213.16968 1009131833.33973 1016247862.47439 
1581904715.93964 1651453533.20943 1656765701.09282 1575781037.3213 1684018253.04552 1106977994.51234 1996535807.2012 1027552560.86507 0 1135129519.97863 1547194162.97496 1079042296.01907 1413227539.1899 1373892221.3762 1257976582.61972 1612231982.36538 1845139324.08914 1379269445.28641 1993158957.14722 1279710342.87956 1116672145.43004 1519948706.48266 1269269870.71674 1051958722.35259 1975924424.28044 1161779215.94786 1841131123.0835 1824990938.70862 1987688746.3434 1652056024.47447 1535824954.49253 1513061627.85931 
1064120455.65898 1230887205.57881 1266594146.15849 1703864964.64407 1888570392.22261 1032396924.91222 1305426019.98782 1013697812.3817 1135129519.97863 0 1103370380.50522 1329608086.2941 1571260131.38907 1377097076.95416 1022154913.69361 1418684232.91564 1126977791.37763 1828078568.76209 1662568211.87761 1117410372.4118 1528984351.04943 1323658830.05754 1516445415.27505 1757773284.96649 1341019201.72298 1827277408.39768 1865121118.68213 1215054785.67924 1441782184.34239 1842433329.27705 1414431306.60788 1571352069.44771 
1027709713.70901 1963698445.44733 1653263991.62069 1484067277.71508 1109722902.72089 1715651400.42268 1237170773.20554 1039567497.85729 1547194162.97496 1103370380.50522 0 1544335133.11124 1342853422.81356 1071575211.17319 1066236555.86324 1000196263.73575 1296166314.65838 1531394686.63444 1524210918.65412 1608963498.76248 1856487200.23417 1922887526.28348 1867362799.66388 1203426516.50563 1536014129.83624 1189891422.75213 1266259023.22707 1598153700.05628 1085004648.76468 1824445363.66397 1210028048.81408 1911028506.80769 
1048026865.77446 1213002404.77893 1522012898.91467 1627268830.19828 1124951667.73723 1460774006.45063 1319701130.36493 1299767552.13213 1079042296.01907 1329608086.2941 1544335133.11124 0 1930999134.18175 1660140994.68359 1994737115.44472 1030534734.99332 1677769479.74329 1493232300.38408 1053864249.62999 1108613309.02574 1321663087.17987 1246896654.45569 1349342113.45878 1127406008.11734 1638424372.57024 1536386960.19737 1670305981.06514 1404640375.05142 1941904884.83479 1600942337.00167 1540569299.19765 1422722422.31842 
1989227648.22217 1846659224.19694 1031772274.1384 1743631904.86433 1120085971.06424 1668995011.19507 1880324832.71578 1517131575.16366 1413227539.1899 1571260131.38907 1342853422.81356 1930999134.18175 0 1713016228.53211 1901949753.71021 1377427500.88763 1559838808.50598 1205418325.19735 1590064280.44445 1193489613.15871 1672807814.31775 1694772780.09663 1053662753.4161 1841460007.78838 1936655526.28101 1742077707.0902 1421586121.64456 1739164952.99934 1352546225.82558 1647670715.29308 1558680289.63898 1945198965.17582 
1007870328.51325 1466293517.36162 1991145242.4988 1458692739.96276 1016196116.02944 1999728155.72122 1237632275.62344 1532655785.85891 1373892221.3762 1377097076.95416 1071575211.17319 1660140994.68359 1713016228.53211 0 1264232159.60677 1295414204.56812 1797706414.06947 1154901479.10848 1142678282.72525 1225767510.13238 1711139306.54355 1244011605.31588 1167625167.31031 1874593773.3054 1586084550.96018 1036549493.63566 1936225569.45118 1814900628.29186 1882767623.38649 1990092179.82969 1217290483.87468 1811565199.05139 
1815512873.85923 1998428312.53624 1856652395.71063 1894894657.56204 1524515327.41388 1596171373.90883 1195042064.15812 1130397036.02707 1257976582.61972 1022154913.69361 1066236555.86324 1994737115.44472 1901949753.71021 1264232159.60677 0 1205999957.76901 1643342613.08784 1115095366.76038 1846099131.28078 1227647167.22993 1935040022.03901 1233688005.31967 1979801527.47484 1185973530.67644 1024882997.89417 1479467390.09046 1732784548.25484 1184428927.46172 1316920510.43095 1796482390.87801 1596640636.19277 1647862849.81369 
1999289864.01104 1752392861.48611 1004996926.21345 1947503078.26506 1654819934.51467 1045588361.03804 1397556889.71386 1783371542.45389 1612231982.36538 1418684232.91564 1000196263.73575 1030534734.99332 1377427500.88763 1295414204.56812 1205999957.76901 0 1040493577.91057 1071867328.99586 1245186752.13442 1511435566.64293 1271634931.72461 1760794008.14448 1457971438.47495 1746259016.90201 1968352306.67466 1406529062.23514 1471397904.17435 1928317545.58037 1987500325.44923 1356949679.08065 1733479952.04005 1979609470.72517 
1383794680.50359 1863236422.97298 1160065185.37483 1639298930.83857 1775903575.98018 1923472125.41051 1385914836.08358 1448259167.4283 1845139324.08914 1126977791.37763 1296166314.65838 1677769479.74329 1559838808.50598 1797706414.06947 1643342613.08784 1040493577.91057 0 1415161358.12351 1262617364.6042 1536607285.54056 1123731849.5212 1644096451.46773 1601347260.32915 1825377533.0181 1568750518.12281 1743004919.87539 1172304788.01423 1908192255.92443 1277296088.19861 1964856789.53258 1957113711.25372 1610754292.23921 
1308352019.01204 1471341351.19447 1246653110.22264 1145898858.5857 1990762453.71215 1728698986.67331 1538983846.23711 1862344255.70146 1379269445.28641 1828078568.76209 1531394686.63444 1493232300.38408 1205418325.19735 1154901479.10848 1115095366.76038 1071867328.99586 1415161358.12351 0 1000139283.54464 1756722343.45934 1032280822.5058 1693731037.73815 1495233434.81182 1000882806.42632 1899140259.97423 1713849535.69824 1242535344.26127 1823111354.49881 1800374263.98589 1716573594.43508 1140894757.79838 1099583678.97574 
1787983378.44669 1904268891.09083 1238317631.44526 1669951474.32974 1896090800.96636 1452438255.57365 1467612003.28149 1826572973.88838 1993158957.14722 1662568211.87761 1524210918.65412 1053864249.62999 1590064280.44445 1142678282.72525 1846099131.28078 1245186752.13442 1262617364.6042 1000139283.54464 0 1025546715.19812 1502679980.04033 1125378739.9287 1913696119.68397 1513298608.51506 1887588477.71116 1842866525.64253 1544413760.10942 1650684677.76758 1059510999.24937 1780982462.06295 1121853880.78866 1351453917.37349 
1996704124.67559 1989559978.61923 1986945221.15549 1941392696.23238 1674439906.79953 1180414619.19163 1552567104.63828 1657249641.50763 1279710342.87956 1117410372.4118 1608963498.76248 1108613309.02574 1193489613.15871 1225767510.13238 1227647167.22993 1511435566.64293 1536607285.54056 1756722343.45934 1025546715.19812 0 1323808995.15201 1359044883.60238 1628591311.98545 1340253757.12227 1737707724.72313 1731507880.59504 1132998191.96421 1669075750.84514 1786063543.01481 1376749957.4298 1983870637.11474 1083975954.7307 
1837425646.95373 1459001633.91417 1086617657.7101 1105576222.4423 1184170485.11618 1213631135.13125 1339668652.14732 1124675951.96325 1116672145.43004 1528984351.04943 1856487200.23417 1321663087.17987 1672807814.31775 1711139306.54355 1935040022.03901 1271634931.72461 1123731849.5212 1032280822.5058 1502679980.04033 1323808995.15201 0 1006750096.07797 1576590175.11653 1962128918.5841 1776739569.93527 1777821363.87663 1941461856.69248 1060862872.22022 1902872541.94476 1705811866.88142 1359400941.1908 1403652350.42259 
1402803761.60395 1694738655.12261 1735302322.36214 1126174191.0311 1647069227.87148 1871652257.76644 1548228324.82933 1786003993.55971 1519948706.48266 1323658830.05754 1922887526.28348 1246896654.45569 1694772780.09663 1244011605.31588 1233688005.31967 1760794008.14448 1644096451.46773 1693731037.73815 1125378739.9287 1359044883.60238 1006750096.07797 0 1019948687.35354 1485345309.17689 1946046178.58361 1797660989.75971 1768750230.66273 1893935800.05653 1981102152.89886 1032823941.51459 1324148696.45163 1242698492.96401 
1393248590.9667 1607862874.59912 1913166761.37686 1743301581.81735 1015740950.30997 1958062834.81289 1185581358.41633 1851484342.48403 1269269870.71674 1516445415.27505 1867362799.66388 1349342113.45878 1053662753.4161 1167625167.31031 1979801527.47484 1457971438.47495 1601347260.32915 1495233434.81182 1913696119.68397 1628591311.98545 1576590175.11653 1019948687.35354 0 1179468878.74869 1680867719.3811 1743605787.43167 1156925654.10351 1015403638.95556 1000623142.08618 1136524929.09248 1506305819.73256 1679810850.7355 
1636143219.5866 1368842764.56509 1466724658.42667 1069225645.89447 1747055071.12896 1604267964.33301 1778916794.49301 1131061091.51875 1051958722.35259 1757773284.96649 1203426516.50563 1127406008.11734 1841460007.78838 1874593773.3054 1185973530.67644 1746259016.90201 1825377533.0181 1000882806.42632 1513298608.51506 1340253757.12227 1962128918.5841 1485345309.17689 1179468878.74869 0 1788165147.53793 1458295815.16181 1502695195.46587 1136172531.75906 1419711585.73217 1295957768.16956 1060782234.09823 1192656443.04734 
1984533462.53769 1407283881.01821 1143825739.37946 1125815415.67566 1761649721.92162 1140083188.80795 1625355261.4859 1550809717.1434 1975924424.28044 1341019201.72298 1536014129.83624 1638424372.57024 1936655526.28101 1586084550.96018 1024882997.89417 1968352306.67466 1568750518.12281 1899140259.97423 1887588477.71116 1737707724.72313 1776739569.93527 1946046178.58361 1680867719.3811 1788165147.53793 0 1031440118.14788 1194679347.96881 1294349451.10057 1965222059.87038 1681730039.57091 1702711727.0853 1911369051.57227 
1767831435.72816 1373866252.49488 1621612109.33134 1253371867.84264 1934599943.11212 1311968492.53724 1754306442.76 1657208707.22484 1161779215.94786 1827277408.39768 1189891422.75213 1536386960.19737 1742077707.0902 1036549493.63566 1479467390.09046 1406529062.23514 1743004919.87539 1713849535.69824 1842866525.64253 1731507880.59504 1777821363.87663 1797660989.75971 1743605787.43167 1458295815.16181 1031440118.14788 0 1586399545.91289 1437487414.88313 1881725892.79542 1228436803.83679 1438624101.79287 1938107093.8021 
1898535670.27149 1988438141.54974 1719675978.34007 1771148374.16363 1854861285.6936 1428965620.04671 1994866281.61566 1351313170.46039 1841131123.0835 1865121118.68213 1266259023.22707 1670305981.06514 1421586121.64456 1936225569.45118 1732784548.25484 1471397904.17435 1172304788.01423 1242535344.26127 1544413760.10942 1132998191.96421 1941461856.69248 1768750230.66273 1156925654.10351 1502695195.46587 1194679347.96881 1586399545.91289 0 1443478531.36973 1859210959.12098 1072544050.93802 1231572812.61108 1376736735.43827 
1888722108.1137 1494933011.25972 1569316676.67155 1261337529.32208 1397624530.78471 1949944676.75103 1336692397.57858 1683057087.2842 1824990938.70862 1215054785.67924 1598153700.05628 1404640375.05142 1739164952.99934 1814900628.29186 1184428927.46172 1928317545.58037 1908192255.92443 1823111354.49881 1650684677.76758 1669075750.84514 1060862872.22022 1893935800.05653 1015403638.95556 1136172531.75906 1294349451.10057 1437487414.88313 1443478531.36973 0 1003955164.64122 1395540207.28989 1782450577.97018 1555509319.75783 
1524172331.89868 1279171150.26949 1234564620.51823 1772406483.05738 1576336127.84575 1170629978.70698 1188034148.36487 1550212189.92816 1987688746.3434 1441782184.34239 1085004648.76468 1941904884.83479 1352546225.82558 1882767623.38649 1316920510.43095 1987500325.44923 1277296088.19861 1800374263.98589 1059510999.24937 1786063543.01481 1902872541.94476 1981102152.89886 1000623142.08618 1419711585.73217 1965222059.87038 1881725892.79542 1859210959.12098 1003955164.64122 0 1190241390.0636 1800169162.93506 1871214798.82084 
1315856671.87845 1048187317.25534 1481009385.65528 1770224159.71327 1340245276.77162 1586410807.01299 1573562456.05776 1555353213.16968 1652056024.47447 1842433329.27705 1824445363.66397 1600942337.00167 1647670715.29308 1990092179.82969 1796482390.87801 1356949679.08065 1964856789.53258 1716573594.43508 1780982462.06295 1376749957.4298 1705811866.88142 1032823941.51459 1136524929.09248 1295957768.16956 1681730039.57091 1228436803.83679 1072544050.93802 1395540207.28989 1190241390.0636 0 1959986338.82916 1295799172.92576 
1526375301.09882 1728432912.08344 1960988149.95562 1818784035.89745 1298591325.77522 1621867227.98074 1584249980.62099 1009131833.33973 1535824954.49253 1414431306.60788 1210028048.81408 1540569299.19765 1558680289.63898 1217290483.87468 1596640636.19277 1733479952.04005 1957113711.25372 1140894757.79838 1121853880.78866 1983870637.11474 1359400941.1908 1324148696.45163 1506305819.73256 1060782234.09823 1702711727.0853 1438624101.79287 1231572812.61108 1782450577.97018 1800169162.93506 1959986338.82916 0 1770943964.9695 
1495806419.15653 1975988223.27719 1811051487.36399 1293335192.47153 1531049793.77515 1552033132.48861 1074793351.62262 1016247862.47439 1513061627.85931 1571352069.44771 1911028506.80769 1422722422.31842 1945198965.17582 1811565199.05139 1647862849.81369 1979609470.72517 1610754292.23921 1099583678.97574 1351453917.37349 1083975954.7307 1403652350.42259 1242698492.96401 1679810850.7355 1192656443.04734 1911369051.57227 1938107093.8021 1376736735.43827 1555509319.75783 1871214798.82084 1295799172.92576 1770943964.9695 0 
