30
21 61 83 98 68 94 43 91 36 93 55 58 99 87 92 14 54 23 5 53 2 50 11 24 28 63 64 85 78 57
0 29310.15258 35742.40698 48492.44065 59594.21027 61021.96792 69279.67887 79024.46528 83894.2054 77893.64943 62775.94809 63415.98165 56086.84561 37952.59899 36456.21106 31058.50537 26808.49063 25409.86031 22267.55948 36874.69057 43696.89245 61002.62153 61275.40591 94932.32086 103902.63104 79288.5929 49791.22294 43438.86391 39929.03611 33819.96755 
29310.15258 0 13929.00057 19200.9905 33278.95446 36189.37928 44820.21527 52821.29741 54695.08709 48764.76192 34793.5861 34172.42633 39115.26242 38485.62363 44620.11888 41110.34955 37874.90581 25549.99618 17555.09672 18662.65611 22438.73655 34143.59703 34602.25243 69798.08814 81584.36425 59578.10343 39074.82824 36553.04762 35076.76281 19464.19639 
35742.40698 13929.00057 0 19665.40417 23974.17763 25321.52132 33716.93207 43286.0385 51102.54034 44934.28486 28095.0173 31894.21013 25222.43797 29110.00696 37567.47372 35515.85963 33453.71174 20041.67059 15282.33097 31897.04218 34244.91619 40293.062 40942.89584 75855.36235 89507.38211 69596.78186 52482.74407 50391.47314 48999.57349 33237.66983 
48492.44065 19200.9905 19665.40417 0 19932.12909 24651.76231 32371.01767 37394.00679 35532.70544 29675.16182 18035.81176 14998.41248 36377.59544 48594.53132 57230.26511 55023.34403 52678.74078 39275.95286 32969.71017 25643.7003 23643.1709 21550.04729 22282.07515 56437.83589 70769.89508 52909.22857 43813.58358 44556.31854 44688.8801 29178.54906 
59594.21027 33278.95446 23974.17763 19932.12909 0 5239.79246 12469.06015 19636.63337 30498.08837 24682.00221 7397.77075 17706.97289 22507.65887 45266.62205 55612.08567 55291.06338 54393.86146 41838.31049 38970.75258 45082.53517 43572.28445 37570.65589 38373.79691 67606.31546 83910.9534 69814.15812 63745.36193 64278.75882 64154.42723 48228.36183 
61021.96792 36189.37928 25321.52132 24651.76231 5239.79246 0 8631.89075 18239.93797 33563.28448 28096.32051 12047.21582 22755.48501 18354.07173 43214.27395 53756.42849 53931.35275 53431.87492 41474.43543 39628.72567 49295.25156 48198.64812 42805.35692 43608.43068 72559.66321 88992.07529 75052.29804 68370.14039 68599.05516 68296.46158 52238.16545 
69279.67887 44820.21527 33716.93207 32371.01767 12469.06015 8631.89075 0 11436.09658 32538.27514 28089.75628 16565.39722 27265.25621 21087.09096 48552.62321 59196.61992 59986.47172 59932.7315 48673.62164 47577.0646 57521.52606 56013.43325 48664.10489 49461.49149 75663.00452 92645.97218 80615.89226 76177.82862 76742.47435 76579.65298 60598.34338 
79024.46528 52821.29741 43286.0385 37394.00679 19636.63337 18239.93797 11436.09658 0 25036.09626 22319.69133 19399.79201 27635.3277 32407.23564 59982.2812 70625.62989 71343.05362 71176.88064 59590.11415 57847.44362 63029.10709 60356.59919 49361.92065 50115.87638 71458.63301 88933.21927 79972.77599 80155.20092 81703.30815 82032.93507 66546.69841 
83894.2054 54695.08709 51102.54034 35532.70544 30498.08837 33563.28448 32538.27514 25036.09626 0 6168.45597 23825.36636 20534.31618 51796.40074 75672.80813 85887.66014 85184.47868 83865.31761 70752.28232 66247.01793 57226.46046 52162.52987 34977.94817 35511.34823 47612.26502 65271.94492 60403.46321 69320.30492 72977.29911 74441.53521 61429.37311 
77893.64943 48764.76192 44934.28486 29675.16182 24682.00221 28096.32051 28089.75628 22319.69133 6168.45597 0 17799.28327 14728.03924 46436.65105 69703.2191 79860.97311 79084.81731 77727.3898 64595.20605 60084.77934 52231.95911 47538.74164 31577.61532 32197.08068 49143.04631 66648.61869 59339.31588 65463.42735 68679.62409 69927.39739 56368.11868 
62775.94809 34793.5861 28095.0173 18035.81176 7397.77075 12047.21582 16565.39722 19399.79201 23825.36636 17799.28327 0 10916.52532 29900.45899 51906.97067 62069.85446 61387.72563 60173.873 47217.8421 43376.81741 43643.46261 41033.21269 32103.79573 32900.20311 60527.94721 77057.17742 64077.68387 60968.0701 62323.18875 62633.82292 47214.06571 
63415.98165 34172.42633 31894.21013 14998.41248 17706.97289 22755.48501 27265.25621 27635.3277 20534.31618 14728.03924 10916.52532 0 39846.60549 58925.78228 68533.77207 67105.45108 65293.58386 51918.26885 46604.78508 38145.23011 34122.90909 21854.90364 22629.23171 49915.25231 66236.61064 53403.7483 53208.98369 55575.43548 56448.88869 42161.16972 
56086.84561 39115.26242 25222.43797 36377.59544 22507.65887 18354.07173 21087.09096 32407.23564 51796.40074 46436.65105 29900.45899 39846.60549 0 28304.79005 38858.9491 40378.42575 41067.54095 32015.99539 33932.20778 56355.81518 57443.6033 57330.08638 58109.69015 89643.40731 105475.80883 89229.94696 76805.01059 75320.58529 74111.89395 58162.00826 
37952.59899 38485.62363 29110.00696 48594.53132 45266.62205 43214.27395 48552.62321 59982.2812 75672.80813 69703.2191 51906.97067 58925.78228 28304.79005 0 10644.17705 12452.35054 14369.83967 14459.89381 22330.56929 56689.28887 60921.94012 69384.87011 70024.2574 104949.60247 118513.05942 97773.93952 76240.26862 72173.6208 69679.33987 56390.26431 
36456.21106 44620.11888 37567.47372 57230.26511 55612.08567 53756.42849 59196.61992 70625.62989 85887.66014 79860.97311 62069.85446 68533.77207 38858.9491 10644.17705 0 5435.13578 9647.78239 19070.56753 27182.53281 61772.62314 66784.45197 77291.21651 77880.34177 113113.28184 125940.30615 104162.64507 80217.64679 75368.28108 72489.36819 60784.65143 
31058.50537 41110.34955 35515.85963 55023.34403 55291.06338 53931.35275 59986.47172 71343.05362 85184.47868 79084.81731 61387.72563 67105.45108 40378.42575 12452.35054 5435.13578 0 4281.00012 15899.2492 23555.93872 57651.88345 62945.25693 74449.75746 75004.66746 110321.82415 122674.51785 100415.86018 75640.89483 70588.76184 67622.95336 56424.93485 
26808.49063 37874.90581 33453.71174 52678.74078 54393.86146 53431.87492 59932.7315 71176.88064 83865.31761 77727.3898 60173.873 65293.58386 41067.54095 14369.83967 9647.78239 4281.00012 0 13431.74884 20418.42347 53937.17016 59404.45573 71573.04937 72102.41453 107425.55265 119445.50985 96889.21109 71634.0344 66479.0385 63472.88307 52562.20833 
25409.86031 25549.99618 20041.67059 39275.95286 41838.31049 41474.43543 48673.62164 59590.11415 70752.28232 64595.20605 47217.8421 51918.26885 32015.99539 14459.89381 19070.56753 15899.2492 13431.74884 0 8239.36551 42992.03112 47777.85099 58559.09785 59119.1686 94429.97124 106945.91046 85106.67413 62082.22407 57805.12791 55251.82048 42341.73364 
22267.55948 17555.09672 15282.33097 32969.71017 38970.75258 39628.72567 47577.0646 57847.44362 66247.01793 60084.77934 43376.81741 46604.78508 33932.20778 22330.56929 27182.53281 23555.93872 20418.42347 8239.36551 0 34752.66994 39602.70739 51176.12671 51697.14615 87015.17128 99124.74937 76994.56568 53947.1097 49862.96928 47443.89413 34152.26236 
36874.69057 18662.65611 31897.04218 25643.7003 45082.53517 49295.25156 57521.52606 63029.10709 57226.46046 52231.95911 43643.46261 38145.23011 56355.81518 56689.28887 61772.62314 57651.88345 53937.17016 42992.03112 34752.66994 0 6999.76607 26342.96257 26375.28032 58206.08835 67225.23482 43297.6842 20586.38737 19358.59037 19085.05934 4304.07481 
43696.89245 22438.73655 34244.91619 23643.1709 43572.28445 48198.64812 56013.43325 60356.59919 52162.52987 47538.74164 41033.21269 34122.90909 57443.6033 60921.94012 66784.45197 62945.25693 59404.45573 47777.85099 39602.70739 6999.76607 0 19744.32911 19698.48007 51274.82449 60765.49508 37484.97515 20177.36801 21478.47332 22403.40253 10981.08487 
61002.62153 34143.59703 40293.062 21550.04729 37570.65589 42805.35692 48664.10489 49361.92065 34977.94817 31577.61532 32103.79573 21854.90364 57330.08638 69384.87011 77291.21651 74449.75746 71573.04937 58559.09785 51176.12671 26342.96257 19744.32911 0 803.19674 35872.16617 49309.77919 32261.46695 34435.14542 38671.5557 40636.93503 30572.49341 
61275.40591 34602.25243 40942.89584 22282.07515 38373.79691 43608.43068 49461.49149 50115.87638 35511.34823 32197.08068 32900.20311 22629.23171 58109.69015 70024.2574 77880.34177 75004.66746 72102.41453 59119.1686 51697.14615 26375.28032 19698.48007 803.19674 0 35326.02866 48623.16145 31459.6269 33978.52947 38331.23067 40358.01127 30580.56389 
94932.32086 69798.08814 75855.36235 56437.83589 67606.31546 72559.66321 75663.00452 71458.63301 47612.26502 49143.04631 60527.94721 49915.25231 89643.40731 104949.60247 113113.28184 110321.82415 107425.55265 94429.97124 87015.17128 58206.08835 51274.82449 35872.16617 35326.02866 0 17667.20493 25413.9276 54449.40773 61482.69378 64874.53652 61747.99483 
103902.63104 81584.36425 89507.38211 70769.89508 83910.9534 88992.07529 92645.97218 88933.21927 65271.94492 66648.61869 77057.17742 66236.61064 105475.80883 118513.05942 125940.30615 122674.51785 119445.50985 106945.91046 99124.74937 67225.23482 60765.49508 49309.77919 48623.16145 17667.20493 0 25610.61331 58047.10008 65468.32468 69208.48772 70082.84858 
79288.5929 59578.10343 69596.78186 52909.22857 69814.15812 75052.29804 80615.89226 79972.77599 60403.46321 59339.31588 64077.68387 53403.7483 89229.94696 97773.93952 104162.64507 100415.86018 96889.21109 85106.67413 76994.56568 43297.6842 37484.97515 32261.46695 31459.6269 25413.9276 25610.61331 0 32437.59378 39857.84452 43599.87694 45635.21264 
49791.22294 39074.82824 52482.74407 43813.58358 63745.36193 68370.14039 76177.82862 80155.20092 69320.30492 65463.42735 60968.0701 53208.98369 76805.01059 76240.26862 80217.64679 75640.89483 71634.0344 62082.22407 53947.1097 20586.38737 20177.36801 34435.14542 33978.52947 54449.40773 58047.10008 32437.59378 0 7426.25747 11212.52322 19903.00935 
43438.86391 36553.04762 50391.47314 44556.31854 64278.75882 68599.05516 76742.47435 81703.30815 72977.29911 68679.62409 62323.18875 55575.43548 75320.58529 72173.6208 75368.28108 70588.76184 66479.0385 57805.12791 49862.96928 19358.59037 21478.47332 38671.5557 38331.23067 61482.69378 65468.32468 39857.84452 7426.25747 0 3832.77615 17168.04639 
39929.03611 35076.76281 48999.57349 44688.8801 64154.42723 68296.46158 76579.65298 82032.93507 74441.53521 69927.39739 62633.82292 56448.88869 74111.89395 69679.33987 72489.36819 67622.95336 63472.88307 55251.82048 47443.89413 19085.05934 22403.40253 40636.93503 40358.01127 64874.53652 69208.48772 43599.87694 11212.52322 3832.77615 0 16165.38926 
33819.96755 19464.19639 33237.66983 29178.54906 48228.36183 52238.16545 60598.34338 66546.69841 61429.37311 56368.11868 47214.06571 42161.16972 58162.00826 56390.26431 60784.65143 56424.93485 52562.20833 42341.73364 34152.26236 4304.07481 10981.08487 30572.49341 30580.56389 61747.99483 70082.84858 45635.21264 19903.00935 17168.04639 16165.38926 0 
