61
99 181 159 81 2 100 60 66 87 182 168 195 15 86 75 106 122 127 3 39 61 176 142 189 74 92 197 73 45 94 40 41 31 14 123 43 101 140 6 17 165 22 19 141 70 78 50 96 188 64 199 28 0 147 126 79 1 175 103 90 110
0 2663.29589 20072.8628 18704.84229 19703.66222 23108.9387 26243.9975 30889.59906 38042.53086 42104.07525 19063.81108 7578.30496 14381.98324 15931.7397 14813.47849 15093.91202 23684.77876 27972.96025 24547.14006 22773.45905 26532.509 36922.65631 26591.6309 42033.58852 50502.40759 60795.09892 63315.10002 79709.90464 83819.60998 69087.74579 63463.71143 49403.98547 55499.41539 68815.44899 77674.38652 78294.40555 80242.98948 88776.47772 92748.71921 70009.98767 77726.17117 74124.32769 71652.77008 81016.29508 65863.68108 56889.71919 53949.44638 53264.94957 52534.0568 45497.81693 46632.86017 62327.11263 64313.63343 65090.17764 67212.94281 68684.47415 66225.66603 53944.90673 45512.17847 34433.73535 18994.2415 
2663.29589 0 20798.57476 19725.47556 21169.58786 24627.60007 27370.67233 31751.63021 38585.27539 43242.39586 21173.74166 10213.70124 16570.83236 18098.52958 16092.31574 15186.55922 22353.08144 25754.1783 22283.49133 20163.6033 23917.65526 34506.02292 24704.69577 40507.01471 48796.52616 59438.18229 62293.12984 78481.80876 82418.0658 68750.18878 63718.20156 49188.26873 55886.25128 69364.83072 78602.53867 79299.84036 81320.11334 89789.22629 93646.5769 71555.65561 79602.32309 76152.48685 73438.24157 82434.14893 67420.05442 58384.11955 55896.42881 55264.25601 54650.97533 47688.83821 49266.20474 64990.39387 66970.05965 67719.84008 69829.13485 71246.52688 68731.44724 56412.43633 48168.23653 36997.57577 21606.45461 
20072.8628 20798.57476 0 2624.95905 6244.74195 8041.79787 7405.71887 10982.74579 18006.398 22787.11232 12722.59093 18633.67642 29291.04711 30623.04415 33176.81254 35057.50055 43054.1162 44370.01298 40850.20159 30716.54684 33769.27842 38255.12685 23790.28888 32482.49469 41695.46931 48377.35431 48496.15627 65750.87426 70974.68976 50785.6418 43668.41616 31006.57583 35555.31626 48750.61051 57820.04671 58559.94198 60642.75028 69048.96976 72852.88497 52018.61569 61606.62157 59270.64178 54993.26047 62408.06635 47963.95749 38793.8193 38914.79927 38727.17144 39208.76898 33472.59622 43655.51884 61246.8185 61731.71562 60684.5499 62113.27396 61739.52044 58009.60976 45568.49158 44208.27536 41081.74769 21244.48458 
18704.84229 19725.47556 2624.95905 0 3943.98479 6520.81352 7666.96876 12221.253 19786.68949 23520.05514 10163.21416 16498.61064 27025.63437 28319.99903 31210.05287 33483.41866 42077.17429 44090.14704 40555.52244 31418.64924 34631.43504 39862.20425 25537.98216 34946.25612 44163.45246 50991.71717 51109.92895 68371.38425 73599.36527 53142.0043 45598.73792 33400.61863 37387.98973 50359.4512 58971.19969 59612.33786 61602.85532 70098.80174 74043.92478 52258.21049 61334.85516 58700.94457 54840.80033 62890.62955 48161.58884 39028.97337 38280.96368 37980.78022 38218.2703 32186.00895 41409.76944 58950.42733 59544.14957 58644.87505 60143.62098 59958.45917 56359.98866 43865.42197 41852.08621 38457.61102 18619.7402 
19703.66222 21169.58786 6244.74195 3943.98479 0 3476.22281 7234.98404 12630.72844 20748.46686 22640.38184 6693.6437 15944.96074 25852.03754 27014.2128 30769.65804 33841.9054 43377.25326 46329.0001 42794.38066 34714.68634 38039.19338 43702.29477 29439.03519 38725.81905 47937.58885 54379.50647 54101.61056 71429.07654 76821.09137 55077.57091 46548.29084 35525.79008 38191.3319 50654.71864 58431.50559 58909.66017 60746.6462 69361.06038 73527.61485 50386.12448 58787.43115 55821.89206 52454.46049 61317.90089 46250.69954 37222.29421 35398.87348 34977.63574 34964.81839 28684.45886 37481.20714 55041.09616 55604.80213 54706.23228 56217.46405 56095.63479 52563.47943 40048.33671 37974.12645 35318.81698 15686.34951 
23108.9387 24627.60007 8041.79787 6520.81352 3476.22281 0 5204.35366 10614.83085 18826.58211 19539.40442 7688.03336 18927.92461 28375.16678 29441.27827 33655.69653 37037.34661 46792.74949 49798.29641 46263.07695 37878.18286 41129.38407 46243.80833 31817.19777 39887.85705 49049.20081 54680.95574 53824.24474 71192.79186 76808.74485 53648.35641 44353.53137 34386.40784 35936.03385 48018.89132 55354.23462 55764.77315 57541.67962 66192.37832 70444.184 46933.80898 55330.85378 52435.56827 48982.27047 57909.93452 42795.09973 33785.95248 32005.98721 31627.01062 31742.11871 25666.12158 36006.00805 53664.42737 53951.06532 52740.14916 54121.52634 53697.76279 49985.31269 37531.19985 36822.44078 35866.58481 16851.03065 
26243.9975 27370.67233 7405.71887 7666.96876 7234.98404 5204.35366 0 5480.99854 13690.4031 15876.82815 12860.42239 23130.2851 33073.32703 34215.38813 37967.88446 40792.34665 49723.2983 51633.04992 48103.88685 38051.76571 41025.46532 44716.47403 30153.20489 36273.16999 45311.60559 50152.1703 48920.54183 66288.93912 72026.14877 48445.35401 39379.06827 29204.78976 30997.00634 43428.90771 51482.58775 52058.20363 54000.92053 62536.69464 66572.56421 44700.1168 54210.96993 51978.94236 47587.69262 55243.20593 40625.55415 31467.70942 31692.1891 31593.62594 32327.81609 27081.50915 39914.61814 57580.67433 57554.05009 55940.19896 57124.40895 56202.33903 52166.04144 39936.10458 41040.25022 41008.10389 22046.18346 
30889.59906 31751.63021 10982.74579 12221.253 12630.72844 10614.83085 5480.99854 0 8216.60855 12073.91689 18301.40587 28369.43087 38478.64613 39644.65866 43197.85556 45702.23463 54034.89873 55073.23852 51575.62821 40172.91108 42831.90222 44982.08124 30567.89963 34052.34209 42792.81222 46375.37067 44467.28856 61791.50451 67741.82027 43094.82911 33922.25236 24088.28035 25560.86464 38206.02636 46851.05215 47577.27661 49667.86677 58066.4193 61898.57641 41746.68117 52319.60285 50802.93789 45477.76232 51758.3343 37790.30173 28638.23139 31024.76374 31226.37733 32589.90166 28366.66947 43506.27415 61062.6573 60678.04622 58624.07206 59583.26064 58125.18216 53775.47803 41929.73003 44966.79914 46151.23249 27457.73844 
38042.53086 38585.27539 18006.398 19786.68949 20748.46686 18826.58211 13690.4031 8216.60855 0 10486.16751 26514.53007 36231.09052 46531.2841 47733.58734 50993.17975 53061.60783 60552.6635 60411.24876 56993.67369 43993.15739 46159.18725 46074.57252 32430.46728 31678.87287 39614.06884 40985.81224 37923.13753 55038.51892 61305.29736 35017.19726 25856.89875 16567.71638 17601.49496 30786.39612 40678.69123 41705.66611 44066.74489 52111.49771 55516.85677 38895.14094 51016.4231 50666.29659 43972.27083 47732.94805 35275.76938 26571.96795 32343.1408 32969.16694 35144.29026 32447.87859 49875.84997 67147.5541 66328.84299 63744.7608 64408.84322 62273.15493 57569.70958 46433.20334 51693.02848 54122.686 35655.87267 
42104.07525 43242.39586 22787.11232 23520.05514 22640.38184 19539.40442 15876.82815 12073.91689 10486.16751 0 26410.52048 38465.83634 47665.04846 48622.68258 53176.94796 56481.79732 65595.40662 67093.69821 63586.20821 52138.53855 54684.42968 55857.40304 41777.31309 42164.25245 50042.21223 50607.63209 46581.06586 63188.90297 69803.35157 40187.7046 27555.29876 24610.57555 19394.1536 29303.91627 35816.17854 36269.84159 38145.28042 46727.11176 50908.42018 29756.31446 40988.95004 40275.88615 34010.8113 39693.9847 25868.60851 16802.16296 21939.38563 22660.77792 25099.05068 23445.0106 42853.61269 59443.95815 58110.25928 55011.45324 55408.03315 52783.48931 47895.94889 37393.29722 45205.42324 50852.90062 34652.27509 
19063.81108 21173.74166 12722.59093 10163.21416 6693.6437 7688.03336 12860.42239 18301.40587 26514.53007 26410.52048 0 13095.30576 21279.15753 22212.48084 27126.84209 31369.5696 42274.54868 46927.87355 43451.91321 37827.50505 41384.19318 48423.40601 34604.15011 45078.99765 54295.96067 61041.75248 60782.94686 78116.61515 83513.31541 61286.46719 51980.11845 41909.06939 43549.57784 55367.24571 62015.95686 62256.52767 63851.32426 72586.86923 77053.89356 51880.88166 58797.04099 55065.06872 52887.15043 63247.10808 47728.09623 39056.5936 34957.29558 34225.10447 33484.25106 26530.35835 31879.36544 49215.01665 50104.42098 49658.02964 51373.79614 51822.45691 48717.87853 36198.20041 32007.95142 28641.11494 9203.21232 
7578.30496 10213.70124 18633.67642 16498.61064 15944.96074 18927.92461 23130.2851 28369.43087 36231.09052 38465.83634 13095.30576 0 10789.85153 12220.88507 14838.84675 18318.38361 29339.79743 35098.6221 31757.6522 29991.09536 33752.37082 43436.6974 31781.50619 45954.14116 54828.92034 64028.87665 65566.58448 82448.56484 87046.94998 69335.30016 62076.18955 49527.84851 53821.40378 66545.33927 74281.6883 74683.13932 76423.08492 85097.58987 89372.09767 64950.28749 71755.74688 67772.34576 65939.78115 76257.3824 60795.77565 52051.85708 47882.94215 47061.41682 46022.59612 38824.99433 39055.44533 54865.80688 56774.08455 57512.02971 59637.03169 61160.95965 58791.70279 46591.53438 37972.71243 27817.32216 11426.55189 
14381.98324 16570.83236 29291.04711 27025.63437 25852.03754 28375.16678 33073.32703 38478.64613 46531.2841 47665.04846 21279.15753 10789.85153 0 1557.97304 7096.83683 13718.79798 26658.04691 35618.05925 32811.82154 36193.61227 39865.14157 51010.3897 40935.48573 56005.11764 64664.93834 74426.89297 76246.39118 93028.8546 97471.31027 80062.64752 72375.71309 60263.97612 64038.19817 76391.15824 83287.382 83494.82342 85028.13349 93785.58283 98311.86444 72218.17531 77441.35563 72689.90182 72174.32265 83816.04764 68103.59069 59791.01987 53772.1242 52689.48086 50970.13959 43581.95811 38182.87682 51727.1267 54451.83689 56261.66099 58712.08602 61297.86738 59821.4925 48451.62788 36127.83615 21680.32334 14623.08887 
15931.7397 18098.52958 30623.04415 28319.99903 27014.2128 29441.27827 34215.38813 39644.65866 47733.58734 48622.68258 22212.48084 12220.88507 1557.97304 0 7383.34646 14299.0143 27267.85567 36563.39964 33833.84733 37635.71018 41293.85397 52509.39917 42491.62148 57555.71612 66221.28759 75959.1321 77735.39822 94539.77138 99002.31939 81407.33377 73560.5394 61617.38075 65204.13166 77456.03869 84164.219 84332.49012 85824.06192 94591.83272 99166.23656 72783.97475 77737.29052 72871.7737 72566.98132 84419.31719 68682.21185 60458.25397 54148.32153 53027.90451 51209.00313 43821.95661 37640.75868 50823.80439 53647.00093 55594.02544 58081.82887 60806.02458 59457.8586 48243.58565 35463.45128 20539.82717 15085.78801 
14813.47849 16092.31574 33176.81254 31210.05287 30769.65804 33655.69653 37967.88446 43197.85556 50993.17975 53176.94796 27126.84209 14838.84675 7096.83683 7383.34646 0 7069.4289 19981.54238 29829.91629 27347.5008 33553.06067 37018.55093 48976.4091 40647.8899 56598.89537 64829.10236 75508.01719 78127.95081 94492.27304 98502.36367 83433.85357 76802.32041 63652.21775 68594.21532 81383.4051 88967.54562 89296.74308 90950.11327 99667.16603 104043.1221 78698.35935 84320.8005 79677.17812 78937.80793 90209.6371 74563.93364 66079.51121 60573.66111 59537.91788 57921.01523 50538.15323 45017.52264 57886.70592 60843.11488 62913.24098 65422.37281 68188.16045 66826.45645 55532.44191 42794.48609 27234.27078 21462.18127 
15093.91202 15186.55922 35057.50055 33483.41866 33841.9054 37037.34661 40792.34665 45702.23463 53061.60783 56481.79732 31369.5696 18318.38361 13718.79798 14299.0143 7069.4289 0 12969.09561 22907.7904 20613.34822 28968.73427 32155.14792 44597.93463 38058.33126 54528.18933 62240.90205 73698.02117 77094.64263 92930.31609 96495.16295 83935.38959 78554.81121 64347.57183 70565.32449 83795.79226 92251.39727 92751.47115 94572.84795 103201.57286 107346.58016 83249.87297 89660.88596 85323.18541 84026.71585 94575.6641 79096.59541 70370.23928 65804.50414 64875.22116 63514.62351 56174.95578 51891.38522 64955.37235 67892.08771 69893.00484 72376.19035 75016.58297 73503.52915 61998.30877 49761.73917 34284.78686 27157.72174 
23684.77876 22353.08144 43054.1162 42077.17429 43377.25326 46792.74949 49723.2983 54034.89873 60552.6635 65595.40662 42274.54868 29339.79743 26658.04691 27267.85567 19981.54238 12969.09561 0 11990.32318 11311.2597 25982.21523 28018.32209 40679.26632 38557.07112 55057.95547 61461.87391 74125.72309 78895.58369 93471.15168 96135.00351 88295.36339 85026.04613 69425.73472 77506.7701 91206.88461 100867.13669 101610.15668 103658.19294 112099.81185 115879.41623 93686.41161 101060.93143 97102.26503 95142.73711 104695.11817 89537.93201 80574.39907 77199.13435 76397.97433 75330.1969 68082.1727 64840.91832 77812.48143 80821.07176 82861.85667 85344.17616 87939.40938 86330.50637 74672.88218 62730.83468 47020.16262 39447.17913 
27972.96025 25754.1783 44370.01298 44090.14704 46329.0001 49798.29641 51633.04992 55073.23852 60411.24876 67093.69821 46927.87355 35098.6221 35618.05925 36563.39964 29829.91629 22907.7904 11990.32318 0 3537.09853 19158.65074 19767.84088 31480.54348 33184.51586 48657.66498 53786.64077 67066.27971 72844.31045 86175.6893 88138.02885 84302.70646 83147.84261 66547.56991 76277.01936 90205.25384 101082.05154999999 102105.29546 104403.9974 112522.67415 115826.13282 96330.00306 105098.0036 101845.70748 98779.06117 106767.93465 92244.36816 83097.22761 81522.82867 80944.91492 80400.53249 73437.58391 73178.31844 87345.02456 90001.74648 91529.34393 93859.85251 95894.65622 93778.49444 81669.59332 71472.75796 56997.5862 46276.90419 
24547.14006 22283.49133 40850.20159 40555.52244 42794.38066 46263.07695 48103.88685 51575.62821 56993.67369 63586.20821 43451.91321 31757.6522 32811.82154 33833.84733 27347.5008 20613.34822 11311.2597 3537.09853 0 16626.69661 17778.03063 30043.48528 30442.05336 46269.73716 51816.22191 64925.62283 70425.48883 84139.74438 86342.84503 81436.60394 79941.76843 63459.68898 72984.36227 86901.41728 97671.19285 98673.60754 100955.82689 109100.85318 112444.69288 92798.89355 101566.86574 98335.34061 95243.19703 103253.44433 88711.69889 79566.22727 78003.4339 77433.50635 76913.51263 69972.26173 70075.46422 84494.01779 87055.70991 88465.95916 90763.32268 92695.36227 90504.31195 78348.13824 68454.99076 54348.47123 43007.08227 
22773.45905 20163.6033 30716.54684 31418.64924 34714.68634 37878.18286 38051.76571 40172.91108 43993.15739 52138.53855 37827.50505 29991.09536 36193.61227 37635.71018 33553.06067 28968.73427 25982.21523 19158.65074 16626.69661 0 3763.46077 15632.45445 14099.40272 29645.18013 35513.88445 48405.17514 53799.62369 67687.29399 70172.85589 65249.8641 64945.95122 47975.39333 58571.39739 72490.56439 84173.31174 85421.01489 87912.80976 95676.413 98578.0928 81890.27911 92210.46028 89986.04681 85494.49323 91533.25344 77958.70096 68811.13115 69612.44547 69372.55516 69620.18518 63386.2976 68509.34042 84793.40287 86511.40514 86829.18658 88760.3247 89580.19581 86544.86874 74020.05218 67755.64803 57144.34094 40950.00763 
26532.509 23917.65526 33769.27842 34631.43504 38039.19338 41129.38407 41025.46532 42831.90222 46159.18725 54684.42968 41384.19318 33752.37082 39865.14157 41293.85397 37018.55093 32155.14792 28018.32209 19767.84088 17778.03063 3763.46077 0 12758.47659 14839.19135 29038.90456 34066.12397 47298.51255 53204.91586 66431.84225 68564.88822 65558.15068 66135.73377 48959.29062 60083.01202 73941.86026 85957.43174 87288.74737 89844.88527 97458.00762 100187.62883 84432.10816 95048.83849 93004.07618 88274.069 93847.74304 80548.41265 71433.45444 72679.92752 72491.75846 72847.55909 66723.11621 72215.9752 88542.76296 90238.82779 90514.57048 92426.22447 93179.26278 90085.87428 77552.31403 71491.61084 60886.48812 44685.03696 
36922.65631 34506.02292 38255.12685 39862.20425 43702.29477 46243.80833 44716.47403 44982.08124 46074.57252 55857.40304 48423.40601 43436.6974 51010.3897 52509.39917 48976.4091 44597.93463 40679.26632 31480.54348 30043.48528 15632.45445 12758.47659 0 14563.45855 20736.76428 23121.9419 36759.01745 43778.33114 55324.10144 56811.39667 58365.83697 61745.10212 44398.64157 56980.80421 70305.48011 83350.25985 84982.02017 87753.71413 94702.25639 96766.47707 84957.10308 96846.34796 95749.75499 89858.79308 93261.00229 81346.12871 72534.09942 75955.6177 76053.19224 77021.34848 71662.84597 80200.28896 97196.78358 98418.53949 98075.53739 99739.46112 99796.86357 96215.67757 83727.59496 79958.27272 71196.6422 53472.23404 
26591.6309 24704.69577 23790.28888 25537.98216 29439.03519 31817.19777 30153.20489 30567.89963 32430.46728 41777.31309 34604.15011 31781.50619 40935.48573 42491.62148 40647.8899 38058.33126 38557.07112 33184.51586 30442.05336 14099.40272 14839.19135 14563.45855 0 16653.23206 24234.43174 35872.83442 40345.27224 55219.8166 58479.82196 51152.49124 51302.35551 34125.4037 45380.80401 59186.95919 71437.42263 72856.24515 75484.73627 82920.50971 85506.40964 71241.98993 82703.81042 81370.80918 75767.2503 80094.98757 67510.18516 58556.15914 61460.99596 61527.49698 62460.35275 57124.01734 66482.83413 83757.41539 84705.21425 84078.42927 85641.74315 85483.62681 81799.19232 69346.26834 66512.66061 59424.62079 40618.6111 
42033.58852 40507.01471 32482.49469 34946.25612 38725.81905 39887.85705 36273.16999 34052.34209 31678.87287 42164.25245 45078.99765 45954.14116 56005.11764 57555.71612 56598.89537 54528.18933 55057.95547 48657.66498 46269.73716 29645.18013 29038.90456 20736.76428 16653.23206 0 9217.45692 19225.25342 24187.14655 38566.6441 41985.32026 37634.30948 41873.81321 24924.09742 38221.01413 50782.33307 64374.81683 66219.6058 69124.99986 75476.34421 77084.18219 68982.76412 82080.54824 82234.97188 75010.99317 75908.72166 65799.01726 57694.66808 63911.85149 64423.82482 66266.2355 62417.72868 75892.32638 93552.04233 93755.23572 92209.8351 93351.25154 92141.06349 87827.75853 75907.27587 76634.90453 72507.6753 52812.78029 
50502.40759 48796.52616 41695.46931 44163.45246 47937.58885 49049.20081 45311.60559 42792.81222 39614.06884 50042.21223 54295.96067 54828.92034 64664.93834 66221.28759 64829.10236 62240.90205 61461.87391 53786.64077 51816.22191 35513.88445 34066.12397 23121.9419 24234.43174 9217.45692 0 13652.42532 21309.42744 32399.00506 34675.64311 38029.80171 45478.91561 29905.68989 43350.90685 54679.0392 68686.76037 70725.79167 73723.18078 79368.37415 80366.71998 75449.01726 88996.00031 89647.08772 81954.61232 81462.01638 72521.81303 64853.52895 71955.17063 72572.73202 74609.9685 71091.07365 85041.96877 102709.3092 102849.36471 101202.8867 102285.33006 100913.81741 96502.59688 84720.87649 85826.12752 81626.14269 61979.58937 
60795.09892 59438.18229 48377.35431 50991.71717 54379.50647 54680.95574 50152.1703 46375.37067 40985.81224 50607.63209 61041.75248 64028.87665 74426.89297 75959.1321 75508.01719 73698.02117 74125.72309 67066.27971 64925.62283 48405.17514 47298.51255 36759.01745 35872.83442 19225.25342 13652.42532 0 9050.17707 19361.486 23046.81262 27495.86182 38485.36553 26762.50222 38864.30882 47605.54553 61729.7215 64002.81326 67064.18111 71569.92975 71743.42376 71951.78563 86141.53103 87900.29127 79291.04634 76163.92929 69612.5058 63097.53715 72200.24609 73109.31105 75703.47961 73433.05223 89858.93013 107437.65185 106981.20029 104646.11956 105376.24964 103221.73807 98441.48505 87416.87655 91166.94324 89407.64357 69541.63548 
63315.10002 62293.12984 48496.15627 51109.92895 54101.61056 53824.24474 48920.54183 44467.28856 37923.13753 46581.06586 60782.94686 65566.58448 76246.39118 77735.39822 78127.95081 77094.64263 78895.58369 72844.31045 70425.48883 53799.62369 53204.91586 43778.33114 40345.27224 24187.14655 21309.42744 9050.17707 0 17370.34441 23382.20505 18534.85409 30638.23365 21975.02496 32318.74325 39536.58308 53546.81399 55889.46915 58951.17587 63041.0528 62986.86843 65179.83413 79543.56503 81848.03339 72852.95883 68526.97228 63164.99712 57369.96926 67447.26053 68512.49595 71396.2054 69929.53114 87725.83593 105066.963 104216.63756 101454.06746 101953.7341 99330.31967 94368.0315 83929.08247 89377.41292 89420.37864 69689.95761 
79709.90464 78481.80876 65750.87426 68371.38425 71429.07654 71192.79186 66288.93912 61791.50451 55038.51892 63188.90297 78116.61515 82448.56484 93028.8546 94539.77138 94492.27304 92930.31609 93471.15168 86175.6893 84139.74438 67687.29399 66431.84225 55324.10144 55219.8166 38566.6441 32399.00506 19361.486 17370.34441 0 7285.0466 27797.45357 43103.03808 38709.19851 47046.92849 50790.15819 63776.83834 66278.08046 69241.96369 71505.33939 70125.33169 78559.71224 93001.24299 96123.42808 86664.28077 79986.77556 77117.51557 72391.76225 83313.44777 84498.87603 87582.94581 86631.31455 104910.36262 122152.13335 121154.29437 118198.59831 118572.14115 115664.07848 110593.79535 100573.13853 106640.03785 106744.28206 86977.31686 
83819.60998 82418.0658 70974.68976 73599.36527 76821.09137 76808.74485 72026.14877 67741.82027 61305.29736 69803.35157 83513.31541 87046.94998 97471.31027 99002.31939 98502.36367 96495.16295 96135.00351 88138.02885 86342.84503 70172.85589 68564.88822 56811.39667 58479.82196 41985.32026 34675.64311 23046.81262 23382.20505 7285.0466 0 35082.48499 50361.41638 45215.64854 54121.96929 58074.27411 71018.01831 73523.48396 76478.50731 78597.25339 77072.44089 85816.33609 100260.76539 103324.71089 93899.46105 87261.56323 84335.12602 79474.42684 90224.20981 91375.30967 94395.56687 93213.08528 111089.91069 128448.44258 127585.81346 124764.99157 125211.00048 122435.13029 117405.08153 107192.61695 112696.15947 112055.32377 92213.24109 
69087.74579 68750.18878 50785.6418 53142.0043 55077.57091 53648.35641 48445.35401 43094.82911 35017.19726 40187.7046 61286.46719 69335.30016 80062.64752 81407.33377 83433.85357 83935.38959 88295.36339 84302.70646 81436.60394 65249.8641 65558.15068 58365.83697 51152.49124 37634.30948 38029.80171 27495.86182 18534.85409 27797.45357 35082.48499 0 15653.34242 19810.16471 21424.01617 22999.42751 36295.54474 38756.80671 41772.06656 44990.96774 44587.40955 50954.48323 65361.3746 68821.86817 59181.09767 52249.43944 49772.42647 45976.37703 57825.40398 59197.40809 62606.67436 62996.06354 83039.58744 99417.21554 97758.79411 94155.77058 94156.79681 90594.79052 85356.49398 76472.1174 85361.61309 89135.10763 70485.59637 
63463.71143 63718.20156 43668.41616 45598.73792 46548.29084 44353.53137 39379.06827 33922.25236 25856.89875 27555.29876 51980.11845 62076.18955 72375.71309 73560.5394 76802.32041 78554.81121 85026.04613 83147.84261 79941.76843 64945.95122 66135.73377 61745.10212 51302.35551 41873.81321 45478.91561 38485.36553 30638.23365 43103.03808 50361.41638 15653.34242 0 17383.15176 8443.05087 9239.89637 23374.91914 25569.69114 28623.04729 33892.81465 35212.19853 35456.67554 49899.45844 53184.55893 43598.15323 37891.47668 34135.91967 30542.8849 42753.06455 44210.79816 47759.55847 48940.62991 69697.32107 85405.76033 83420.4888 79520.70947 79344.22295 75505.56362 70217.7061 61949.99681 72330.78529 78247.55649 60929.15546 
49403.98547 49188.26873 31006.57583 33400.61863 35525.79008 34386.40784 29204.78976 24088.28035 16567.71638 24610.57555 41909.06939 49527.84851 60263.97612 61617.38075 63652.21775 64347.57183 69425.73472 66547.56991 63459.68898 47975.39333 48959.29062 44398.64157 34125.4037 24924.09742 29905.68989 26762.50222 21975.02496 38709.19851 45215.64854 19810.16471 17383.15176 0 13476.61014 25965.531 39450.85168 41312.41218 44237.64425 50583.09046 52395.14359 45869.76509 59785.16264 61213.83478 52837.01521 51561.23971 43221.45538 36361.17128 45655.60168 46657.51087 49461.67203 47997.81721 66346.97476 83476.93452 82445.64253 79550.70537 80005.19064 77357.74506 72409.50626 61983.11133 68238.68613 70196.45582 51103.1002 
55499.41539 55886.25128 35555.31626 37387.98973 38191.3319 35936.03385 30997.00634 25560.86464 17601.49496 19394.1536 43549.57784 53821.40378 64038.19817 65204.13166 68594.21532 70565.32449 77506.7701 76277.01936 72984.36227 58571.39739 60083.01202 56980.80421 45380.80401 38221.01413 43350.90685 38864.30882 32318.74325 47046.92849 54121.96929 21424.01617 8443.05087 13476.61014 0 13941.22595 26373.70177 28078.16734 30936.643 37735.69118 40125.72617 33088.33517 47331.35917 49544.67524 40565.01395 38116.82994 30871.67764 25352.57908 36585.33001 37897.88693 41237.58762 41629.36199 61986.41307 78097.65493 76358.13557 72732.29017 72751.70623 69291.68529 64091.31943 55048.35435 64483.84517 69883.61156 52486.77072 
68815.44899 69364.83072 48750.61051 50359.4512 50654.71864 48018.89132 43428.90771 38206.02636 30786.39612 29303.91627 55367.24571 66545.33927 76391.15824 77456.03869 81383.4051 83795.79226 91206.88461 90205.25384 86901.41728 72490.56439 73941.86026 70305.48011 59186.95919 50782.33307 54679.0392 47605.54553 39536.58308 50790.15819 58074.27411 22999.42751 9239.89637 25965.531 13941.22595 0 14150.72924 16397.5425 19459.54391 24744.69478 26464.78173 28616.52021 42811.90946 46940.45556 37038.22804 29298.73171 28153.18676 26889.62806 39729.13094 41347.38881 45102.19196 47645.8638 68923.78762 83553.29746 81102.26984 76750.25449 76250.7653 71873.29602 66523.0426 59605.76021 71888.3774 79833.62155 63894.42268 
77674.38652 78602.53867 57820.04671 58971.19969 58431.50559 55354.23462 51482.58775 46851.05215 40678.69123 35816.17854 62015.95686 74281.6883 83287.382 84164.219 88967.54562 92251.39727 100867.13669 101082.05154999999 97671.19285 84173.31174 85957.43174 83350.25985 71437.42263 64374.81683 68686.76037 61729.7215 53546.81399 63776.83834 71018.01831 36295.54474 23374.91914 39450.85168 26373.70177 14150.72924 0 2530.85322 5477.25524 11503.96914 15096.2078 20857.53209 33124.82154 38747.47664 28893.52955 16774.83121 22457.90162 26039.77913 38026.75928 39754.00147 43522.18664 48050.77307 69074.4526 81600.31665 78467.89268 73500.46787 72488.72109 67346.30105 62063.36089 57654.4715 72448.33708 83199.53666 69666.57741 
78294.40555 79299.84036 58559.94198 59612.33786 58909.66017 55764.77315 52058.20363 47577.27661 41705.66611 36269.84159 62256.52767 74683.13932 83494.82342 84332.49012 89296.74308 92751.47115 101610.15668 102105.29546 98673.60754 85421.01489 87288.74737 84982.02017 72856.24515 66219.6058 70725.79167 64002.81326 55889.46915 66278.08046 73523.48396 38756.80671 25569.69114 41312.41218 28078.16734 16397.5425 2530.85322 0 3063.17956 10489.81411 14871.26867 19058.58151 30859.7024 36653.15932 26887.30511 14271.50027 21008.25992 25393.02733 36984.79127 38709.03849 42438.18375 47263.82969 68117.76229 80260.80025 77030.678 71982.88675 70896.5784 65655.78559 60401.02364 56405.09738 71547.10074 82748.24645 69705.09917 
80242.98948 81320.11334 60642.75028 61602.85532 60746.6462 57541.67962 54000.92053 49667.86677 44066.74489 38145.28042 63851.32426 76423.08492 85028.13349 85824.06192 90950.11327 94572.84795 103658.19294 104403.9974 100955.82689 87912.80976 89844.88527 87753.71413 75484.73627 69124.99986 73723.18078 67064.18111 58951.17587 69241.96369 76478.50731 41772.06656 28623.04729 44237.64425 30936.643 19459.54391 5477.25524 3063.17956 0 8790.20233 13919.19024 18285.7165 29033.49316 35164.80924 25629.29903 11811.65496 20772.2979 26176.50263 37166.05747 38876.5046 42534.58711 47728.81113 68311.18146 79911.81821 76544.06274 71383.73418 70185.56262 64799.03093 59598.47718 56226.04508 71807.04907 83550.05461 71076.49941 
88776.47772 89789.22629 69048.96976 70098.80174 69361.06038 66192.37832 62536.69464 58066.4193 52111.49771 46727.11176 72586.86923 85097.58987 93785.58283 94591.83272 99667.16603 103201.57286 112099.81185 112522.67415 109100.85318 95676.413 97458.00762 94702.25639 82920.50971 75476.34421 79368.37415 71569.92975 63041.0528 71505.33939 78597.25339 44990.96774 33892.81465 50583.09046 37735.69118 24744.69478 11503.96914 10489.81411 8790.20233 0 5753.31418 25933.12964 34290.66777 41096.17539 32279.93482 16454.40002 28932.96482 34908.06842 45526.17222 47217.25609 50797.7783 56259.24736 76590.43974 87549.87893 83995.05907 78680.1679 77306.59414 71694.16301 66615.38373 64149.59805 80139.83732 92230.02644 79862.08719 
92748.71921 93646.5769 72852.88497 74043.92478 73527.61485 70444.184 66572.56421 61898.57641 55516.85677 50908.42018 77053.89356 89372.09767 98311.86444 99166.23656 104043.1221 107346.58016 115879.41623 115826.13282 112444.69288 98578.0928 100187.62883 96766.47707 85506.40964 77084.18219 80366.71998 71743.42376 62986.86843 70125.33169 77072.44089 44587.40955 35212.19853 52395.14359 40125.72617 26464.78173 15096.2078 14871.26867 13919.19024 5753.31418 0 31612.63426 39924.32371 46795.59501 38032.57761 22150.38708 34495.91786 40047.82652 51021.0706 52723.24596 56342.82244 61643.52301 82136.55111 93270.87642 89734.82163 84428.71988 83059.66685 77445.35261 72368.66121 69813.08263 85659.80927 97440.38544 84571.24335 
70009.98767 71555.65561 52018.61569 52258.21049 50386.12448 46933.80898 44700.1168 41746.68117 38895.14094 29756.31446 51880.88166 64950.28749 72218.17531 72783.97475 78698.35935 83249.87297 93686.41161 96330.00306 92798.89355 81890.27911 84432.10816 84957.10308 71241.98993 68982.76412 75449.01726 71951.78563 65179.83413 78559.71224 85816.33609 50954.48323 35456.67554 45869.76509 33088.33517 28616.52021 20857.53209 19058.58151 18285.7165 25933.12964 31612.63426 0 14448.951 18450.70419 8462.59328 11792.48494 4155.36713 13232.81111 20189.24744 21795.81763 25168.1216 31275.35375 50859.97543 61701.16506 58273.02415 53098.03252 51917.98675 46607.55383 41369.46422 38217.68618 54475.10569 67627.37405 57706.98128 
77726.17117 79602.32309 61606.62157 61334.85516 58787.43115 55330.85378 54210.96993 52319.60285 51016.4231 40988.95004 58797.04099 71755.74688 77441.35563 77737.29052 84320.8005 89660.88596 101060.93143 105098.0036 101566.86574 92210.46028 95048.83849 96846.34796 82703.81042 82080.54824 88996.00031 86141.53103 79543.56503 93001.24299 100260.76539 65361.3746 49899.45844 59785.16264 47331.35917 42811.90946 33124.82154 30859.7024 29033.49316 34290.66777 39924.32371 14448.951 0 7356.77375 7070.52304 17886.85618 16564.14661 24464.15183 23876.04995 24796.63374 26604.92225 33956.69497 49310.33162 56221.00875 52093.88241 46429.91287 44611.65638 38597.66082 33940.97301 35328.01735 53092.89889 68781.56481 62862.1492 
74124.32769 76152.48685 59270.64178 58700.94457 55821.89206 52435.56827 51978.94236 50802.93789 50666.29659 40275.88615 55065.06872 67772.34576 72689.90182 72871.7737 79677.17812 85323.18541 97102.26503 101845.70748 98335.34061 89986.04681 93004.07618 95749.75499 81370.80918 82234.97188 89647.08772 87900.29127 81848.03339 96123.42808 103324.71089 68821.86817 53184.55893 61213.83478 49544.67524 46940.45556 38747.47664 36653.15932 35164.80924 41096.17539 46795.59501 18450.70419 7356.77375 0 9999.66239 24646.14534 19049.61304 24898.91132 20430.36243 20902.48772 21809.5049 29159.04157 42667.22888 48907.08665 44749.39058 39076.4259 37257.02147 31260.26591 26584.47737 28591.94198 46446.90075 62664.53448 58257.74951 
71652.77008 73438.24157 54993.26047 54840.80033 52454.46049 48982.27047 47587.69262 45477.76232 43972.27083 34010.8113 52887.15043 65939.78115 72174.32265 72566.98132 78937.80793 84026.71585 95142.73711 98779.06117 95243.19703 85494.49323 88274.069 89858.79308 75767.2503 75010.99317 81954.61232 79291.04634 72852.95883 86664.28077 93899.46105 59181.09767 43598.15323 52837.01521 40565.01395 37038.22804 28893.52955 26887.30511 25629.29903 32279.93482 38032.57761 8462.59328 7070.52304 9999.66239 0 16185.85259 9693.53872 17406.67461 18424.37486 19638.72341 22147.96514 29218.49115 46667.67022 55674.11877 51915.50717 46494.52231 45045.50154 39418.22189 34340.62732 33155.13079 50406.86625 65062.36868 57551.64486 
81016.29508 82434.14893 62408.06635 62890.62955 61317.90089 57909.93452 55243.20593 51758.3343 47732.94805 39693.9847 63247.10808 76257.3824 83816.04764 84419.31719 90209.6371 94575.6641 104695.11817 106767.93465 103253.44433 91533.25344 93847.74304 93261.00229 80094.98757 75908.72166 81462.01638 76163.92929 68526.97228 79986.77556 87261.56323 52249.43944 37891.47668 51561.23971 38116.82994 29298.73171 16774.83121 14271.50027 11811.65496 16454.40002 22150.38708 11792.48494 17886.85618 24646.14534 16185.85259 0 15778.87921 24206.39686 31884.81929 33447.90602 36673.28892 43006.79929 62126.82915 71844.89536 68100.96197 62665.08959 61165.49675 55436.12347 50440.55683 49009.35431 65800.86386 79361.09622 69361.18028 
65863.68108 67420.05442 47963.95749 48161.58884 46250.69954 42795.09973 40625.55415 37790.30173 35275.76938 25868.60851 47728.09623 60795.77565 68103.59069 68682.21185 74563.93364 79096.59541 89537.93201 92244.36816 88711.69889 77958.70096 80548.41265 81346.12871 67510.18516 65799.01726 72521.81303 69612.5058 63164.99712 77117.51557 84335.12602 49772.42647 34135.91967 43221.45538 30871.67764 28153.18676 22457.90162 21008.25992 20772.2979 28932.96482 34495.91786 4155.36713 16564.14661 19049.61304 9693.53872 15778.87921 0 9176.55371 16646.96789 18316.22783 21865.00531 27596.441 47657.71322 59256.60856 56034.67359 51042.56626 50053.26962 45020.55053 39704.81172 35466.26821 51211.01085 63893.2651 53611.74167 
56889.71919 58384.11955 38793.8193 39028.97337 37222.29421 33785.95248 31467.70942 28638.23139 26571.96795 16802.16296 39056.5936 52051.85708 59791.01987 60458.25397 66079.51121 70370.23928 80574.39907 83097.22761 79566.22727 68811.13115 71433.45444 72534.09942 58556.15914 57694.66808 64853.52895 63097.53715 57369.96926 72391.76225 79474.42684 45976.37703 30542.8849 36361.17128 25352.57908 26889.62806 26039.77913 25393.02733 26176.50263 34908.06842 40047.82652 13232.81111 24464.15183 24898.91132 17406.67461 24206.39686 9176.55371 0 12871.56502 14527.61508 18325.16447 22047.0002 43238.67284 56882.30832 54271.89632 49861.26276 49382.01748 45166.88805 39838.14986 32839.06736 46521.95157 57394.41953 45478.88694 
53949.44638 55896.42881 38914.79927 38280.96368 35398.87348 32005.98721 31692.1891 31024.76374 32343.1408 21939.38563 34957.29558 47882.94215 53772.1242 54148.32153 60573.66111 65804.50414 77199.13435 81522.82867 78003.4339 69612.44547 72679.92752 75955.6177 61460.99596 63911.85149 71955.17063 72200.24609 67447.26053 83313.44777 90224.20981 57825.40398 42753.06455 45655.60168 36585.33001 39729.13094 38026.75928 36984.79127 37166.05747 45526.17222 51021.0706 20189.24744 23876.04995 20430.36243 18424.37486 31884.81929 16646.96789 12871.56502 0 1727.24347 5525.71742 11136.19001 31154.08707 44050.2793 41400.51343 37041.47635 36668.08296 32779.48264 27531.25442 19987.19312 34642.29998 47478.8208 39153.54933 
53264.94957 55264.25601 38727.17144 37980.78022 34977.63574 31627.01062 31593.62594 31226.37733 32969.16694 22660.77792 34225.10447 47061.41682 52689.48086 53027.90451 59537.91788 64875.22116 76397.97433 80944.91492 77433.50635 69372.55516 72491.75846 76053.19224 61527.49698 64423.82482 72572.73202 73109.31105 68512.49595 84498.87603 91375.30967 59197.40809 44210.79816 46657.51087 37897.88693 41347.38881 39754.00147 38709.03849 38876.5046 47217.25609 52723.24596 21795.81763 24796.63374 20902.48772 19638.72341 33447.90602 18316.22783 14527.61508 1727.24347 0 3814.56013 9665.19043 29437.94281 42365.36557 39760.57608 35464.60303 35152.30647 31401.20991 26194.99265 18312.13764 32936.8006 45943.29088 38088.25201 
52534.0568 54650.97533 39208.76898 38218.2703 34964.81839 31742.11871 32327.81609 32589.90166 35144.29026 25099.05068 33484.25106 46022.59612 50970.13959 51209.00313 57921.01523 63514.62351 75330.1969 80400.53249 76913.51263 69620.18518 72847.55909 77021.34848 62460.35275 66266.2355 74609.9685 75703.47961 71396.2054 87582.94581 94395.56687 62606.67436 47759.55847 49461.67203 41237.58762 45102.19196 43522.18664 42438.18375 42534.58711 50797.7783 56342.82244 25168.1216 26604.92225 21809.5049 22147.96514 36673.28892 21865.00531 18325.16447 5525.71742 3814.56013 0 7388.67654 25795.01851 38558.78672 36000.87189 31799.59259 31591.91639 28110.56052 23012.09389 14518.44379 29350.65289 42965.50758 36475.77511 
45497.81693 47688.83821 33472.59622 32186.00895 28684.45886 25666.12158 27081.50915 28366.66947 32447.87859 23445.0106 26530.35835 38824.99433 43581.95811 43821.95661 50538.15323 56174.95578 68082.1727 73437.58391 69972.26173 63386.2976 66723.11621 71662.84597 57124.01734 62417.72868 71091.07365 73433.05223 69929.53114 86631.31455 93213.08528 62996.06354 48940.62991 47997.81721 41629.36199 47645.8638 48050.77307 47263.82969 47728.81113 56259.24736 61643.52301 31275.35375 33956.69497 29159.04157 29218.49115 43006.79929 27596.441 22047.0002 11136.19001 9665.19043 7388.67654 0 21338.01174 36488.83196 34791.99736 31567.30603 32032.28328 29898.38407 25415.84061 14012.36415 24506.63657 36355.6744 29101.4171 
46632.86017 49266.20474 43655.51884 41409.76944 37481.20714 36006.00805 39914.61814 43506.27415 49875.84997 42853.61269 31879.36544 39055.44533 38182.87682 37640.75868 45017.52264 51891.38522 64840.91832 73178.31844 70075.46422 68509.34042 72215.9752 80200.28896 66482.83413 75892.32638 85041.96877 89858.93013 87725.83593 104910.36262 111089.91069 83039.58744 69697.32107 66346.97476 61986.41307 68923.78762 69074.4526 68117.76229 68311.18146 76590.43974 82136.55111 50859.97543 49310.33162 42667.22888 46667.67022 62126.82915 47657.71322 43238.67284 31154.08707 29437.94281 25795.01851 21338.01174 0 17674.88526 18228.64287 18462.54676 20688.03309 23201.27076 22464.17488 14087.93988 3783.44354 21283.88578 27687.16399 
62327.11263 64990.39387 61246.8185 58950.42733 55041.09616 53664.42737 57580.67433 61062.6573 67147.5541 59443.95815 49215.01665 54865.80688 51727.1267 50823.80439 57886.70592 64955.37235 77812.48143 87345.02456 84494.01779 84793.40287 88542.76296 97196.78358 83757.41539 93552.04233 102709.3092 107437.65185 105066.963 122152.13335 128448.44258 99417.21554 85405.76033 83476.93452 78097.65493 83553.29746 81600.31665 80260.80025 79911.81821 87549.87893 93270.87642 61701.16506 56221.00875 48907.08665 55674.11877 71844.89536 59256.60856 56882.30832 44050.2793 42365.36557 38558.78672 36488.83196 17674.88526 0 4851.54924 10481.93894 13134.13301 19241.86623 22647.06745 24069.1347 17252.16097 30896.55342 43906.76687 
64313.63343 66970.05965 61731.71562 59544.14957 55604.80213 53951.06532 57554.05009 60678.04622 66328.84299 58110.25928 50104.42098 56774.08455 54451.83689 53647.00093 60843.11488 67892.08771 80821.07176 90001.74648 87055.70991 86511.40514 90238.82779 98418.53949 84705.21425 93755.23572 102849.36471 106981.20029 104216.63756 121154.29437 127585.81346 97758.79411 83420.4888 82445.64253 76358.13557 81102.26984 78467.89268 77030.678 76544.06274 83995.05907 89734.82163 58273.02415 52093.88241 44749.39058 51915.50717 68100.96197 56034.67359 54271.89632 41400.51343 39760.57608 36000.87189 34791.99736 18228.64287 4851.54924 0 5807.97125 8322.14035 14509.68428 18255.04144 21527.56709 18801.96298 34252.15802 45567.92636 
65090.17764 67719.84008 60684.5499 58644.87505 54706.23228 52740.14916 55940.19896 58624.07206 63744.7608 55011.45324 49658.02964 57512.02971 56261.66099 55594.02544 62913.24098 69893.00484 82861.85667 91529.34393 88465.95916 86829.18658 90514.57048 98075.53739 84078.42927 92209.8351 101202.8867 104646.11956 101454.06746 118198.59831 124764.99157 94155.77058 79520.70947 79550.70537 72732.29017 76750.25449 73500.46787 71982.88675 71383.73418 78680.1679 84428.71988 53098.03252 46429.91287 39076.4259 46494.52231 62665.08959 51042.56626 49861.26276 37041.47635 35464.60303 31799.59259 31567.30603 18462.54676 10481.93894 5807.97125 0 2893.44535 8760.60295 12513.46938 17705.40643 20134.95851 37144.51864 46125.66753 
67212.94281 69829.13485 62113.27396 60143.62098 56217.46405 54121.52634 57124.40895 59583.26064 64408.84322 55408.03315 51373.79614 59637.03169 58712.08602 58081.82887 65422.37281 72376.19035 85344.17616 93859.85251 90763.32268 88760.3247 92426.22447 99739.46112 85641.74315 93351.25154 102285.33006 105376.24964 101953.7341 118572.14115 125211.00048 94156.79681 79344.22295 80005.19064 72751.70623 76250.7653 72488.72109 70896.5784 70185.56262 77306.59414 83059.66685 51917.98675 44611.65638 37257.02147 45045.50154 61165.49675 50053.26962 49382.01748 36668.08296 35152.30647 31591.91639 32032.28328 20688.03309 13134.13301 8322.14035 2893.44535 0 6276.45521 10733.21396 18024.7681 22630.828 39874.83498 48222.69517 
