65
0x3d 0x1b 0x28 0x6a 0xb5 0xb6 0xab 0x1f 0xc3 0xc7 0xc1 0x91 0xba 0x68 0xa4 0x11 0x97 0x74 0xbe 0x9 0x5d 0x7a 0xbb 0x85 0x61 0x5a 0x33 0x18 0x5c 0x92 0x99 0x81 0x15 0xa8 0x83 0x17 0x3a 0x4d 0x79 0xa0 0x2c 0x0 0x5 0xa3 0x1d 0x10 0x7b 0xb4 0x98 0x86 0xc2 0xae 0x2e 0x7 0xbc 0x9b 0x2d 0x25 0xf 0x6f 0x77 0x31 0x89 0x8b 0x19
0 240024.0 297532.0 257431.0 418096.0 323768.0 383185.0 129965.0 187661.0 281905.0 146563.0 87573.0 70851.0 222895.0 29027.0 62180.0 324578.0 306766.0 468701.0 484921.0 547546.0 402957.0 310478.0 605362.0 702587.0 969598.0 870722.0 808543.0 506230.0 571010.0 594979.0 622370.0 812026.0 729539.0 659716.0 566584.0 417256.0 448867.0 315532.0 516897.0 563191.0 456957.0 405168.0 484157.0 491529.0 704667.0 620723.0 571714.0 569546.0 682302.0 607059.0 597590.0 512590.0 659753.0 624350.0 436619.0 483697.0 346128.0 397820.0 455415.0 500523.0 404971.0 189831.0 152224.0 157242.0 
240024.0 0 57508.0 17407.0 178072.0 114566.0 173983.0 284051.0 427685.0 521929.0 386587.0 327597.0 310875.0 462919.0 269051.0 302204.0 564602.0 546790.0 708725.0 724945.0 787570.0 642981.0 550502.0 845386.0 942611.0 1209622.0 1110746.0 1048567.0 746254.0 811034.0 835003.0 862394.0 1052050.0 969563.0 899740.0 806608.0 657280.0 688891.0 555556.0 756921.0 803215.0 696981.0 645192.0 724181.0 731553.0 944691.0 860747.0 811738.0 809570.0 922326.0 847083.0 837614.0 752614.0 899777.0 864374.0 676643.0 723721.0 586152.0 637844.0 695439.0 740547.0 644995.0 429855.0 392248.0 397266.0 
297532.0 57508.0 0 40101.0 200766.0 172074.0 231491.0 341559.0 485193.0 579437.0 444095.0 385105.0 368383.0 520427.0 326559.0 359712.0 622110.0 604298.0 766233.0 782453.0 845078.0 700489.0 608010.0 902894.0 1000119.0 1267130.0 1168254.0 1106075.0 803762.0 868542.0 892511.0 919902.0 1109558.0 1027071.0 957248.0 864116.0 714788.0 746399.0 613064.0 814429.0 860723.0 754489.0 702700.0 781689.0 789061.0 1002199.0 918255.0 869246.0 867078.0 979834.0 904591.0 895122.0 810122.0 957285.0 921882.0 734151.0 781229.0 643660.0 695352.0 752947.0 798055.0 702503.0 487363.0 449756.0 454774.0 
257431.0 17407.0 40101.0 0 160665.0 131973.0 191390.0 301458.0 445092.0 539336.0 403994.0 345004.0 328282.0 480326.0 286458.0 319611.0 582009.0 564197.0 726132.0 742352.0 804977.0 660388.0 567909.0 862793.0 960018.0 1227029.0 1128153.0 1065974.0 763661.0 828441.0 852410.0 879801.0 1069457.0 986970.0 917147.0 824015.0 674687.0 706298.0 572963.0 774328.0 820622.0 714388.0 662599.0 741588.0 748960.0 962098.0 878154.0 829145.0 826977.0 939733.0 864490.0 855021.0 770021.0 917184.0 881781.0 694050.0 741128.0 603559.0 655251.0 712846.0 757954.0 662402.0 447262.0 409655.0 414673.0 
418096.0 178072.0 200766.0 160665.0 0 292638.0 352055.0 462123.0 605757.0 700001.0 564659.0 505669.0 488947.0 640991.0 447123.0 480276.0 742674.0 724862.0 886797.0 903017.0 965642.0 821053.0 728574.0 1023458.0 1120683.0 1387694.0 1288818.0 1226639.0 924326.0 989106.0 1013075.0 1040466.0 1230122.0 1147635.0 1077812.0 984680.0 835352.0 866963.0 733628.0 934993.0 981287.0 875053.0 823264.0 902253.0 909625.0 1122763.0 1038819.0 989810.0 987642.0 1100398.0 1025155.0 1015686.0 930686.0 1077849.0 1042446.0 854715.0 901793.0 764224.0 815916.0 873511.0 918619.0 823067.0 607927.0 570320.0 575338.0 
323768.0 114566.0 172074.0 131973.0 292638.0 0 59417.0 367795.0 511429.0 605673.0 470331.0 411341.0 394619.0 546663.0 352795.0 385948.0 648346.0 630534.0 792469.0 808689.0 871314.0 726725.0 634246.0 929130.0 1026355.0 1293366.0 1194490.0 1132311.0 829998.0 894778.0 918747.0 946138.0 1135794.0 1053307.0 983484.0 890352.0 741024.0 772635.0 639300.0 840665.0 886959.0 780725.0 728936.0 807925.0 815297.0 1028435.0 944491.0 895482.0 893314.0 1006070.0 930827.0 921358.0 836358.0 983521.0 948118.0 760387.0 807465.0 669896.0 721588.0 779183.0 824291.0 728739.0 513599.0 475992.0 481010.0 
383185.0 173983.0 231491.0 191390.0 352055.0 59417.0 0 427212.0 570846.0 665090.0 529748.0 470758.0 454036.0 606080.0 412212.0 445365.0 707763.0 689951.0 851886.0 868106.0 930731.0 786142.0 693663.0 988547.0 1085772.0 1352783.0 1253907.0 1191728.0 889415.0 954195.0 978164.0 1005555.0 1195211.0 1112724.0 1042901.0 949769.0 800441.0 832052.0 698717.0 900082.0 946376.0 840142.0 788353.0 867342.0 874714.0 1087852.0 1003908.0 954899.0 952731.0 1065487.0 990244.0 980775.0 895775.0 1042938.0 1007535.0 819804.0 866882.0 729313.0 781005.0 838600.0 883708.0 788156.0 573016.0 535409.0 540427.0 
129965.0 284051.0 341559.0 301458.0 462123.0 367795.0 427212.0 0 317626.0 411870.0 276528.0 217538.0 200816.0 352860.0 158992.0 192145.0 454543.0 436731.0 598666.0 614886.0 677511.0 532922.0 440443.0 735327.0 832552.0 1099563.0 1000687.0 938508.0 636195.0 700975.0 724944.0 752335.0 941991.0 859504.0 789681.0 696549.0 547221.0 578832.0 445497.0 646862.0 693156.0 586922.0 535133.0 614122.0 621494.0 834632.0 750688.0 701679.0 699511.0 812267.0 737024.0 727555.0 642555.0 789718.0 754315.0 566584.0 613662.0 476093.0 527785.0 585380.0 630488.0 534936.0 319796.0 282189.0 287207.0 
187661.0 427685.0 485193.0 445092.0 605757.0 511429.0 570846.0 317626.0 0 176440.0 41098.0 100088.0 116810.0 268854.0 216688.0 249841.0 512239.0 494427.0 656362.0 672582.0 735207.0 590618.0 498139.0 793023.0 890248.0 1157259.0 1058383.0 996204.0 693891.0 758671.0 782640.0 810031.0 999687.0 917200.0 847377.0 754245.0 604917.0 636528.0 503193.0 704558.0 750852.0 644618.0 592829.0 671818.0 679190.0 892328.0 808384.0 759375.0 757207.0 869963.0 794720.0 785251.0 700251.0 847414.0 812011.0 624280.0 671358.0 533789.0 585481.0 643076.0 688184.0 592632.0 377492.0 339885.0 344903.0 
281905.0 521929.0 579437.0 539336.0 700001.0 605673.0 665090.0 411870.0 176440.0 0 135342.0 194332.0 211054.0 363098.0 310932.0 344085.0 606483.0 588671.0 750606.0 766826.0 829451.0 684862.0 592383.0 887267.0 984492.0 1251503.0 1152627.0 1090448.0 788135.0 852915.0 876884.0 904275.0 1093931.0 1011444.0 941621.0 848489.0 699161.0 730772.0 597437.0 798802.0 845096.0 738862.0 687073.0 766062.0 773434.0 986572.0 902628.0 853619.0 851451.0 964207.0 888964.0 879495.0 794495.0 941658.0 906255.0 718524.0 765602.0 628033.0 679725.0 737320.0 782428.0 686876.0 471736.0 434129.0 439147.0 
146563.0 386587.0 444095.0 403994.0 564659.0 470331.0 529748.0 276528.0 41098.0 135342.0 0 58990.0 75712.0 227756.0 175590.0 208743.0 471141.0 453329.0 615264.0 631484.0 694109.0 549520.0 457041.0 751925.0 849150.0 1116161.0 1017285.0 955106.0 652793.0 717573.0 741542.0 768933.0 958589.0 876102.0 806279.0 713147.0 563819.0 595430.0 462095.0 663460.0 709754.0 603520.0 551731.0 630720.0 638092.0 851230.0 767286.0 718277.0 716109.0 828865.0 753622.0 744153.0 659153.0 806316.0 770913.0 583182.0 630260.0 492691.0 544383.0 601978.0 647086.0 551534.0 336394.0 298787.0 303805.0 
87573.0 327597.0 385105.0 345004.0 505669.0 411341.0 470758.0 217538.0 100088.0 194332.0 58990.0 0 16722.0 168766.0 116600.0 149753.0 412151.0 394339.0 556274.0 572494.0 635119.0 490530.0 398051.0 692935.0 790160.0 1057171.0 958295.0 896116.0 593803.0 658583.0 682552.0 709943.0 899599.0 817112.0 747289.0 654157.0 504829.0 536440.0 403105.0 604470.0 650764.0 544530.0 492741.0 571730.0 579102.0 792240.0 708296.0 659287.0 657119.0 769875.0 694632.0 685163.0 600163.0 747326.0 711923.0 524192.0 571270.0 433701.0 485393.0 542988.0 588096.0 492544.0 277404.0 239797.0 244815.0 
70851.0 310875.0 368383.0 328282.0 488947.0 394619.0 454036.0 200816.0 116810.0 211054.0 75712.0 16722.0 0 152044.0 99878.0 133031.0 395429.0 377617.0 539552.0 555772.0 618397.0 473808.0 381329.0 676213.0 773438.0 1040449.0 941573.0 879394.0 577081.0 641861.0 665830.0 693221.0 882877.0 800390.0 730567.0 637435.0 488107.0 519718.0 386383.0 587748.0 634042.0 527808.0 476019.0 555008.0 562380.0 775518.0 691574.0 642565.0 640397.0 753153.0 677910.0 668441.0 583441.0 730604.0 695201.0 507470.0 554548.0 416979.0 468671.0 526266.0 571374.0 475822.0 260682.0 223075.0 228093.0 
222895.0 462919.0 520427.0 480326.0 640991.0 546663.0 606080.0 352860.0 268854.0 363098.0 227756.0 168766.0 152044.0 0 251922.0 285075.0 547473.0 529661.0 691596.0 707816.0 770441.0 625852.0 533373.0 828257.0 925482.0 1192493.0 1093617.0 1031438.0 729125.0 793905.0 817874.0 845265.0 1034921.0 952434.0 882611.0 789479.0 640151.0 671762.0 538427.0 739792.0 786086.0 679852.0 628063.0 707052.0 714424.0 927562.0 843618.0 794609.0 792441.0 905197.0 829954.0 820485.0 735485.0 882648.0 847245.0 659514.0 706592.0 569023.0 620715.0 678310.0 723418.0 627866.0 412726.0 375119.0 380137.0 
29027.0 269051.0 326559.0 286458.0 447123.0 352795.0 412212.0 158992.0 216688.0 310932.0 175590.0 116600.0 99878.0 251922.0 0 33153.0 295551.0 277739.0 439674.0 455894.0 518519.0 373930.0 281451.0 576335.0 673560.0 940571.0 841695.0 779516.0 477203.0 541983.0 565952.0 593343.0 782999.0 700512.0 630689.0 537557.0 388229.0 419840.0 286505.0 487870.0 534164.0 427930.0 376141.0 455130.0 462502.0 675640.0 591696.0 542687.0 540519.0 653275.0 578032.0 568563.0 483563.0 630726.0 595323.0 407592.0 454670.0 317101.0 368793.0 426388.0 471496.0 375944.0 160804.0 123197.0 128215.0 
62180.0 302204.0 359712.0 319611.0 480276.0 385948.0 445365.0 192145.0 249841.0 344085.0 208743.0 149753.0 133031.0 285075.0 33153.0 0 262398.0 244586.0 406521.0 422741.0 485366.0 340777.0 248298.0 543182.0 640407.0 907418.0 808542.0 746363.0 444050.0 508830.0 532799.0 560190.0 749846.0 667359.0 597536.0 504404.0 355076.0 386687.0 253352.0 454717.0 501011.0 394777.0 342988.0 421977.0 429349.0 642487.0 558543.0 509534.0 507366.0 620122.0 544879.0 535410.0 450410.0 597573.0 562170.0 374439.0 421517.0 283948.0 335640.0 393235.0 438343.0 342791.0 127651.0 90044.0 95062.0 
324578.0 564602.0 622110.0 582009.0 742674.0 648346.0 707763.0 454543.0 512239.0 606483.0 471141.0 412151.0 395429.0 547473.0 295551.0 262398.0 0 123742.0 285677.0 301897.0 364522.0 219933.0 127454.0 422338.0 519563.0 786574.0 687698.0 625519.0 323206.0 387986.0 411955.0 439346.0 629002.0 546515.0 476692.0 383560.0 234232.0 265843.0 132508.0 333873.0 380167.0 273933.0 222144.0 301133.0 308505.0 521643.0 437699.0 388690.0 386522.0 499278.0 424035.0 414566.0 329566.0 476729.0 441326.0 253595.0 300673.0 163104.0 214796.0 272391.0 317499.0 221947.0 134747.0 352442.0 357460.0 
306766.0 546790.0 604298.0 564197.0 724862.0 630534.0 689951.0 436731.0 494427.0 588671.0 453329.0 394339.0 377617.0 529661.0 277739.0 244586.0 123742.0 0 161935.0 178155.0 240780.0 96191.0 3712.0 404526.0 501751.0 768762.0 669886.0 607707.0 305394.0 370174.0 394143.0 421534.0 611190.0 528703.0 458880.0 365748.0 216420.0 248031.0 114696.0 316061.0 362355.0 256121.0 204332.0 283321.0 290693.0 503831.0 419887.0 370878.0 368710.0 481466.0 406223.0 396754.0 311754.0 458917.0 423514.0 235783.0 282861.0 39362.0 91054.0 148649.0 193757.0 98205.0 116935.0 334630.0 339648.0 
468701.0 708725.0 766233.0 726132.0 886797.0 792469.0 851886.0 598666.0 656362.0 750606.0 615264.0 556274.0 539552.0 691596.0 439674.0 406521.0 285677.0 161935.0 0 16220.0 78845.0 65744.0 158223.0 566461.0 663686.0 884772.0 831821.0 769642.0 467329.0 532109.0 556078.0 583469.0 773125.0 690638.0 620815.0 527683.0 378355.0 409966.0 276631.0 477996.0 524290.0 418056.0 366267.0 445256.0 452628.0 665766.0 581822.0 532813.0 530645.0 643401.0 568158.0 558689.0 473689.0 620852.0 585449.0 397718.0 444796.0 201297.0 252989.0 310584.0 355692.0 260140.0 278870.0 496565.0 501583.0 
484921.0 724945.0 782453.0 742352.0 903017.0 808689.0 868106.0 614886.0 672582.0 766826.0 631484.0 572494.0 555772.0 707816.0 455894.0 422741.0 301897.0 178155.0 16220.0 0 62625.0 81964.0 174443.0 582681.0 679906.0 900992.0 848041.0 785862.0 483549.0 548329.0 572298.0 599689.0 789345.0 706858.0 637035.0 543903.0 394575.0 426186.0 292851.0 494216.0 540510.0 434276.0 382487.0 461476.0 468848.0 681986.0 598042.0 549033.0 546865.0 659621.0 584378.0 574909.0 489909.0 637072.0 601669.0 413938.0 461016.0 217517.0 269209.0 326804.0 371912.0 276360.0 295090.0 512785.0 517803.0 
547546.0 787570.0 845078.0 804977.0 965642.0 871314.0 930731.0 677511.0 735207.0 829451.0 694109.0 635119.0 618397.0 770441.0 518519.0 485366.0 364522.0 240780.0 78845.0 62625.0 0 144589.0 237068.0 645306.0 742531.0 963617.0 910666.0 848487.0 546174.0 610954.0 634923.0 662314.0 851970.0 769483.0 699660.0 606528.0 457200.0 488811.0 355476.0 556841.0 603135.0 496901.0 445112.0 524101.0 531473.0 744611.0 660667.0 611658.0 609490.0 722246.0 647003.0 637534.0 552534.0 699697.0 664294.0 476563.0 523641.0 280142.0 331834.0 389429.0 434537.0 338985.0 357715.0 575410.0 580428.0 
402957.0 642981.0 700489.0 660388.0 821053.0 726725.0 786142.0 532922.0 590618.0 684862.0 549520.0 490530.0 473808.0 625852.0 373930.0 340777.0 219933.0 96191.0 65744.0 81964.0 144589.0 0 92479.0 500717.0 597942.0 819028.0 766077.0 703898.0 401585.0 466365.0 490334.0 517725.0 707381.0 624894.0 555071.0 461939.0 312611.0 344222.0 210887.0 412252.0 458546.0 352312.0 300523.0 379512.0 386884.0 600022.0 516078.0 467069.0 464901.0 577657.0 502414.0 492945.0 407945.0 555108.0 519705.0 331974.0 379052.0 135553.0 187245.0 244840.0 289948.0 194396.0 213126.0 430821.0 435839.0 
310478.0 550502.0 608010.0 567909.0 728574.0 634246.0 693663.0 440443.0 498139.0 592383.0 457041.0 398051.0 381329.0 533373.0 281451.0 248298.0 127454.0 3712.0 158223.0 174443.0 237068.0 92479.0 0 408238.0 505463.0 772474.0 673598.0 611419.0 309106.0 373886.0 397855.0 425246.0 614902.0 532415.0 462592.0 369460.0 220132.0 251743.0 118408.0 319773.0 366067.0 259833.0 208044.0 287033.0 294405.0 507543.0 423599.0 374590.0 372422.0 485178.0 409935.0 400466.0 315466.0 462629.0 427226.0 239495.0 286573.0 43074.0 94766.0 152361.0 197469.0 101917.0 120647.0 338342.0 343360.0 
605362.0 845386.0 902894.0 862793.0 1023458.0 929130.0 988547.0 735327.0 793023.0 887267.0 751925.0 692935.0 676213.0 828257.0 576335.0 543182.0 422338.0 404526.0 566461.0 582681.0 645306.0 500717.0 408238.0 0 97225.0 364236.0 265360.0 203181.0 99132.0 163912.0 187881.0 215272.0 404928.0 322441.0 252618.0 159486.0 188106.0 219717.0 401070.0 602435.0 648729.0 542495.0 490706.0 569695.0 577067.0 790205.0 706261.0 657252.0 655084.0 767840.0 692597.0 683128.0 598128.0 745291.0 709888.0 522157.0 569235.0 443888.0 495580.0 553175.0 598283.0 502731.0 415531.0 633226.0 638244.0 
702587.0 942611.0 1000119.0 960018.0 1120683.0 1026355.0 1085772.0 832552.0 890248.0 984492.0 849150.0 790160.0 773438.0 925482.0 673560.0 640407.0 519563.0 501751.0 663686.0 679906.0 742531.0 597942.0 505463.0 97225.0 0 267011.0 168135.0 222048.0 196357.0 261137.0 285106.0 312497.0 502153.0 419666.0 349843.0 256711.0 285331.0 316942.0 498295.0 699660.0 745954.0 639720.0 587931.0 666920.0 674292.0 887430.0 803486.0 754477.0 752309.0 865065.0 789822.0 780353.0 695353.0 842516.0 807113.0 619382.0 666460.0 541113.0 592805.0 650400.0 695508.0 599956.0 512756.0 730451.0 735469.0 
969598.0 1209622.0 1267130.0 1227029.0 1387694.0 1293366.0 1352783.0 1099563.0 1157259.0 1251503.0 1116161.0 1057171.0 1040449.0 1192493.0 940571.0 907418.0 786574.0 768762.0 884772.0 900992.0 963617.0 819028.0 772474.0 364236.0 267011.0 0 98876.0 489059.0 463368.0 528148.0 552117.0 579508.0 769164.0 686677.0 616854.0 523722.0 552342.0 583953.0 765306.0 966671.0 1012965.0 906731.0 854942.0 933931.0 941303.0 1154441.0 1070497.0 1021488.0 1019320.0 1132076.0 1056833.0 1047364.0 962364.0 1109527.0 1074124.0 886393.0 933471.0 808124.0 859816.0 917411.0 962519.0 866967.0 779767.0 997462.0 1002480.0 
870722.0 1110746.0 1168254.0 1128153.0 1288818.0 1194490.0 1253907.0 1000687.0 1058383.0 1152627.0 1017285.0 958295.0 941573.0 1093617.0 841695.0 808542.0 687698.0 669886.0 831821.0 848041.0 910666.0 766077.0 673598.0 265360.0 168135.0 98876.0 0 390183.0 364492.0 429272.0 453241.0 480632.0 670288.0 587801.0 517978.0 424846.0 453466.0 485077.0 666430.0 867795.0 914089.0 807855.0 756066.0 835055.0 842427.0 1055565.0 971621.0 922612.0 920444.0 1033200.0 957957.0 948488.0 863488.0 1010651.0 975248.0 787517.0 834595.0 709248.0 760940.0 818535.0 863643.0 768091.0 680891.0 898586.0 903604.0 
808543.0 1048567.0 1106075.0 1065974.0 1226639.0 1132311.0 1191728.0 938508.0 996204.0 1090448.0 955106.0 896116.0 879394.0 1031438.0 779516.0 746363.0 625519.0 607707.0 769642.0 785862.0 848487.0 703898.0 611419.0 203181.0 222048.0 489059.0 390183.0 0 302313.0 367093.0 391062.0 418453.0 608109.0 525622.0 455799.0 362667.0 391287.0 422898.0 604251.0 805616.0 851910.0 745676.0 693887.0 772876.0 780248.0 993386.0 909442.0 860433.0 858265.0 971021.0 895778.0 886309.0 801309.0 948472.0 913069.0 725338.0 772416.0 647069.0 698761.0 756356.0 801464.0 705912.0 618712.0 836407.0 841425.0 
506230.0 746254.0 803762.0 763661.0 924326.0 829998.0 889415.0 636195.0 693891.0 788135.0 652793.0 593803.0 577081.0 729125.0 477203.0 444050.0 323206.0 305394.0 467329.0 483549.0 546174.0 401585.0 309106.0 99132.0 196357.0 463368.0 364492.0 302313.0 0 64780.0 88749.0 116140.0 305796.0 223309.0 153486.0 60354.0 88974.0 120585.0 301938.0 503303.0 549597.0 443363.0 391574.0 470563.0 477935.0 691073.0 607129.0 558120.0 555952.0 668708.0 593465.0 583996.0 498996.0 646159.0 610756.0 423025.0 470103.0 344756.0 396448.0 454043.0 499151.0 403599.0 316399.0 534094.0 539112.0 
571010.0 811034.0 868542.0 828441.0 989106.0 894778.0 954195.0 700975.0 758671.0 852915.0 717573.0 658583.0 641861.0 793905.0 541983.0 508830.0 387986.0 370174.0 532109.0 548329.0 610954.0 466365.0 373886.0 163912.0 261137.0 528148.0 429272.0 367093.0 64780.0 0 23969.0 60212.0 249868.0 167381.0 97558.0 4426.0 153754.0 185365.0 366718.0 568083.0 614377.0 508143.0 456354.0 535343.0 542715.0 755853.0 671909.0 622900.0 620732.0 733488.0 658245.0 648776.0 563776.0 710939.0 675536.0 487805.0 534883.0 409536.0 461228.0 518823.0 563931.0 468379.0 381179.0 598874.0 603892.0 
594979.0 835003.0 892511.0 852410.0 1013075.0 918747.0 978164.0 724944.0 782640.0 876884.0 741542.0 682552.0 665830.0 817874.0 565952.0 532799.0 411955.0 394143.0 556078.0 572298.0 634923.0 490334.0 397855.0 187881.0 285106.0 552117.0 453241.0 391062.0 88749.0 23969.0 0 84181.0 273837.0 191350.0 121527.0 28395.0 177723.0 209334.0 390687.0 592052.0 638346.0 532112.0 480323.0 559312.0 566684.0 779822.0 695878.0 646869.0 644701.0 757457.0 682214.0 672745.0 587745.0 734908.0 699505.0 511774.0 558852.0 433505.0 485197.0 542792.0 587900.0 492348.0 405148.0 622843.0 627861.0 
622370.0 862394.0 919902.0 879801.0 1040466.0 946138.0 1005555.0 752335.0 810031.0 904275.0 768933.0 709943.0 693221.0 845265.0 593343.0 560190.0 439346.0 421534.0 583469.0 599689.0 662314.0 517725.0 425246.0 215272.0 312497.0 579508.0 480632.0 418453.0 116140.0 60212.0 84181.0 0 301228.0 218741.0 148918.0 55786.0 205114.0 236725.0 418078.0 619443.0 665737.0 559503.0 507714.0 586703.0 594075.0 807213.0 723269.0 674260.0 672092.0 784848.0 709605.0 700136.0 615136.0 762299.0 726896.0 539165.0 586243.0 460896.0 512588.0 570183.0 615291.0 519739.0 432539.0 650234.0 655252.0 
812026.0 1052050.0 1109558.0 1069457.0 1230122.0 1135794.0 1195211.0 941991.0 999687.0 1093931.0 958589.0 899599.0 882877.0 1034921.0 782999.0 749846.0 629002.0 611190.0 773125.0 789345.0 851970.0 707381.0 614902.0 404928.0 502153.0 769164.0 670288.0 608109.0 305796.0 249868.0 273837.0 301228.0 0 82487.0 152310.0 245442.0 394770.0 426381.0 607734.0 809099.0 855393.0 749159.0 697370.0 776359.0 783731.0 996869.0 912925.0 863916.0 861748.0 974504.0 899261.0 889792.0 804792.0 951955.0 916552.0 728821.0 775899.0 650552.0 702244.0 759839.0 804947.0 709395.0 622195.0 839890.0 844908.0 
729539.0 969563.0 1027071.0 986970.0 1147635.0 1053307.0 1112724.0 859504.0 917200.0 1011444.0 876102.0 817112.0 800390.0 952434.0 700512.0 667359.0 546515.0 528703.0 690638.0 706858.0 769483.0 624894.0 532415.0 322441.0 419666.0 686677.0 587801.0 525622.0 223309.0 167381.0 191350.0 218741.0 82487.0 0 69823.0 162955.0 312283.0 343894.0 525247.0 726612.0 772906.0 666672.0 614883.0 693872.0 701244.0 914382.0 830438.0 781429.0 779261.0 892017.0 816774.0 807305.0 722305.0 869468.0 834065.0 646334.0 693412.0 568065.0 619757.0 677352.0 722460.0 626908.0 539708.0 757403.0 762421.0 
659716.0 899740.0 957248.0 917147.0 1077812.0 983484.0 1042901.0 789681.0 847377.0 941621.0 806279.0 747289.0 730567.0 882611.0 630689.0 597536.0 476692.0 458880.0 620815.0 637035.0 699660.0 555071.0 462592.0 252618.0 349843.0 616854.0 517978.0 455799.0 153486.0 97558.0 121527.0 148918.0 152310.0 69823.0 0 93132.0 242460.0 274071.0 455424.0 656789.0 703083.0 596849.0 545060.0 624049.0 631421.0 844559.0 760615.0 711606.0 709438.0 822194.0 746951.0 737482.0 652482.0 799645.0 764242.0 576511.0 623589.0 498242.0 549934.0 607529.0 652637.0 557085.0 469885.0 687580.0 692598.0 
566584.0 806608.0 864116.0 824015.0 984680.0 890352.0 949769.0 696549.0 754245.0 848489.0 713147.0 654157.0 637435.0 789479.0 537557.0 504404.0 383560.0 365748.0 527683.0 543903.0 606528.0 461939.0 369460.0 159486.0 256711.0 523722.0 424846.0 362667.0 60354.0 4426.0 28395.0 55786.0 245442.0 162955.0 93132.0 0 149328.0 180939.0 362292.0 563657.0 609951.0 503717.0 451928.0 530917.0 538289.0 751427.0 667483.0 618474.0 616306.0 729062.0 653819.0 644350.0 559350.0 706513.0 671110.0 483379.0 530457.0 405110.0 456802.0 514397.0 559505.0 463953.0 376753.0 594448.0 599466.0 
417256.0 657280.0 714788.0 674687.0 835352.0 741024.0 800441.0 547221.0 604917.0 699161.0 563819.0 504829.0 488107.0 640151.0 388229.0 355076.0 234232.0 216420.0 378355.0 394575.0 457200.0 312611.0 220132.0 188106.0 285331.0 552342.0 453466.0 391287.0 88974.0 153754.0 177723.0 205114.0 394770.0 312283.0 242460.0 149328.0 0 31611.0 212964.0 414329.0 460623.0 354389.0 302600.0 381589.0 388961.0 602099.0 518155.0 469146.0 466978.0 579734.0 504491.0 495022.0 410022.0 557185.0 521782.0 334051.0 381129.0 255782.0 307474.0 365069.0 410177.0 314625.0 227425.0 445120.0 450138.0 
448867.0 688891.0 746399.0 706298.0 866963.0 772635.0 832052.0 578832.0 636528.0 730772.0 595430.0 536440.0 519718.0 671762.0 419840.0 386687.0 265843.0 248031.0 409966.0 426186.0 488811.0 344222.0 251743.0 219717.0 316942.0 583953.0 485077.0 422898.0 120585.0 185365.0 209334.0 236725.0 426381.0 343894.0 274071.0 180939.0 31611.0 0 244575.0 445940.0 492234.0 386000.0 334211.0 413200.0 420572.0 633710.0 549766.0 500757.0 498589.0 611345.0 536102.0 526633.0 441633.0 588796.0 553393.0 365662.0 412740.0 287393.0 339085.0 396680.0 441788.0 346236.0 259036.0 476731.0 481749.0 
315532.0 555556.0 613064.0 572963.0 733628.0 639300.0 698717.0 445497.0 503193.0 597437.0 462095.0 403105.0 386383.0 538427.0 286505.0 253352.0 132508.0 114696.0 276631.0 292851.0 355476.0 210887.0 118408.0 401070.0 498295.0 765306.0 666430.0 604251.0 301938.0 366718.0 390687.0 418078.0 607734.0 525247.0 455424.0 362292.0 212964.0 244575.0 0 201365.0 247659.0 141425.0 89636.0 168625.0 175997.0 389135.0 305191.0 256182.0 254014.0 366770.0 291527.0 282058.0 197058.0 344221.0 308818.0 121087.0 168165.0 154058.0 205750.0 263345.0 308453.0 212901.0 125701.0 343396.0 348414.0 
516897.0 756921.0 814429.0 774328.0 934993.0 840665.0 900082.0 646862.0 704558.0 798802.0 663460.0 604470.0 587748.0 739792.0 487870.0 454717.0 333873.0 316061.0 477996.0 494216.0 556841.0 412252.0 319773.0 602435.0 699660.0 966671.0 867795.0 805616.0 503303.0 568083.0 592052.0 619443.0 809099.0 726612.0 656789.0 563657.0 414329.0 445940.0 201365.0 0 46294.0 59940.0 111729.0 190718.0 198090.0 411228.0 327284.0 278275.0 276107.0 388863.0 313620.0 304151.0 219151.0 366314.0 330911.0 143180.0 190258.0 355423.0 407115.0 464710.0 509818.0 414266.0 327066.0 544761.0 549779.0 
563191.0 803215.0 860723.0 820622.0 981287.0 886959.0 946376.0 693156.0 750852.0 845096.0 709754.0 650764.0 634042.0 786086.0 534164.0 501011.0 380167.0 362355.0 524290.0 540510.0 603135.0 458546.0 366067.0 648729.0 745954.0 1012965.0 914089.0 851910.0 549597.0 614377.0 638346.0 665737.0 855393.0 772906.0 703083.0 609951.0 460623.0 492234.0 247659.0 46294.0 0 106234.0 158023.0 237012.0 244384.0 457522.0 373578.0 324569.0 322401.0 435157.0 359914.0 350445.0 265445.0 412608.0 377205.0 189474.0 236552.0 401717.0 453409.0 511004.0 556112.0 460560.0 373360.0 591055.0 596073.0 
456957.0 696981.0 754489.0 714388.0 875053.0 780725.0 840142.0 586922.0 644618.0 738862.0 603520.0 544530.0 527808.0 679852.0 427930.0 394777.0 273933.0 256121.0 418056.0 434276.0 496901.0 352312.0 259833.0 542495.0 639720.0 906731.0 807855.0 745676.0 443363.0 508143.0 532112.0 559503.0 749159.0 666672.0 596849.0 503717.0 354389.0 386000.0 141425.0 59940.0 106234.0 0 51789.0 130778.0 138150.0 351288.0 267344.0 218335.0 216167.0 328923.0 253680.0 244211.0 159211.0 306374.0 270971.0 83240.0 130318.0 295483.0 347175.0 404770.0 449878.0 354326.0 267126.0 484821.0 489839.0 
405168.0 645192.0 702700.0 662599.0 823264.0 728936.0 788353.0 535133.0 592829.0 687073.0 551731.0 492741.0 476019.0 628063.0 376141.0 342988.0 222144.0 204332.0 366267.0 382487.0 445112.0 300523.0 208044.0 490706.0 587931.0 854942.0 756066.0 693887.0 391574.0 456354.0 480323.0 507714.0 697370.0 614883.0 545060.0 451928.0 302600.0 334211.0 89636.0 111729.0 158023.0 51789.0 0 78989.0 86361.0 299499.0 215555.0 166546.0 164378.0 277134.0 201891.0 192422.0 107422.0 254585.0 219182.0 31451.0 78529.0 243694.0 295386.0 352981.0 398089.0 302537.0 215337.0 433032.0 438050.0 
484157.0 724181.0 781689.0 741588.0 902253.0 807925.0 867342.0 614122.0 671818.0 766062.0 630720.0 571730.0 555008.0 707052.0 455130.0 421977.0 301133.0 283321.0 445256.0 461476.0 524101.0 379512.0 287033.0 569695.0 666920.0 933931.0 835055.0 772876.0 470563.0 535343.0 559312.0 586703.0 776359.0 693872.0 624049.0 530917.0 381589.0 413200.0 168625.0 190718.0 237012.0 130778.0 78989.0 0 165350.0 378488.0 294544.0 245535.0 243367.0 356123.0 280880.0 271411.0 186411.0 333574.0 298171.0 110440.0 157518.0 322683.0 374375.0 431970.0 477078.0 381526.0 294326.0 512021.0 517039.0 
491529.0 731553.0 789061.0 748960.0 909625.0 815297.0 874714.0 621494.0 679190.0 773434.0 638092.0 579102.0 562380.0 714424.0 462502.0 429349.0 308505.0 290693.0 452628.0 468848.0 531473.0 386884.0 294405.0 577067.0 674292.0 941303.0 842427.0 780248.0 477935.0 542715.0 566684.0 594075.0 783731.0 701244.0 631421.0 538289.0 388961.0 420572.0 175997.0 198090.0 244384.0 138150.0 86361.0 165350.0 0 213138.0 129194.0 80185.0 78017.0 190773.0 115530.0 106061.0 21061.0 168224.0 132821.0 54910.0 101988.0 330055.0 381747.0 439342.0 484450.0 388898.0 301698.0 519393.0 524411.0 
704667.0 944691.0 1002199.0 962098.0 1122763.0 1028435.0 1087852.0 834632.0 892328.0 986572.0 851230.0 792240.0 775518.0 927562.0 675640.0 642487.0 521643.0 503831.0 665766.0 681986.0 744611.0 600022.0 507543.0 790205.0 887430.0 1154441.0 1055565.0 993386.0 691073.0 755853.0 779822.0 807213.0 996869.0 914382.0 844559.0 751427.0 602099.0 633710.0 389135.0 411228.0 457522.0 351288.0 299499.0 378488.0 213138.0 0 83944.0 132953.0 172323.0 285079.0 209836.0 200367.0 192077.0 339240.0 303837.0 268048.0 315126.0 543193.0 594885.0 652480.0 697588.0 602036.0 514836.0 732531.0 737549.0 
620723.0 860747.0 918255.0 878154.0 1038819.0 944491.0 1003908.0 750688.0 808384.0 902628.0 767286.0 708296.0 691574.0 843618.0 591696.0 558543.0 437699.0 419887.0 581822.0 598042.0 660667.0 516078.0 423599.0 706261.0 803486.0 1070497.0 971621.0 909442.0 607129.0 671909.0 695878.0 723269.0 912925.0 830438.0 760615.0 667483.0 518155.0 549766.0 305191.0 327284.0 373578.0 267344.0 215555.0 294544.0 129194.0 83944.0 0 49009.0 88379.0 201135.0 125892.0 116423.0 108133.0 255296.0 219893.0 184104.0 231182.0 459249.0 510941.0 568536.0 613644.0 518092.0 430892.0 648587.0 653605.0 
571714.0 811738.0 869246.0 829145.0 989810.0 895482.0 954899.0 701679.0 759375.0 853619.0 718277.0 659287.0 642565.0 794609.0 542687.0 509534.0 388690.0 370878.0 532813.0 549033.0 611658.0 467069.0 374590.0 657252.0 754477.0 1021488.0 922612.0 860433.0 558120.0 622900.0 646869.0 674260.0 863916.0 781429.0 711606.0 618474.0 469146.0 500757.0 256182.0 278275.0 324569.0 218335.0 166546.0 245535.0 80185.0 132953.0 49009.0 0 39370.0 152126.0 76883.0 67414.0 59124.0 206287.0 170884.0 135095.0 182173.0 410240.0 461932.0 519527.0 564635.0 469083.0 381883.0 599578.0 604596.0 
569546.0 809570.0 867078.0 826977.0 987642.0 893314.0 952731.0 699511.0 757207.0 851451.0 716109.0 657119.0 640397.0 792441.0 540519.0 507366.0 386522.0 368710.0 530645.0 546865.0 609490.0 464901.0 372422.0 655084.0 752309.0 1019320.0 920444.0 858265.0 555952.0 620732.0 644701.0 672092.0 861748.0 779261.0 709438.0 616306.0 466978.0 498589.0 254014.0 276107.0 322401.0 216167.0 164378.0 243367.0 78017.0 172323.0 88379.0 39370.0 0 112756.0 37513.0 28044.0 56956.0 204119.0 168716.0 132927.0 180005.0 408072.0 459764.0 517359.0 562467.0 466915.0 379715.0 597410.0 602428.0 
682302.0 922326.0 979834.0 939733.0 1100398.0 1006070.0 1065487.0 812267.0 869963.0 964207.0 828865.0 769875.0 753153.0 905197.0 653275.0 620122.0 499278.0 481466.0 643401.0 659621.0 722246.0 577657.0 485178.0 767840.0 865065.0 1132076.0 1033200.0 971021.0 668708.0 733488.0 757457.0 784848.0 974504.0 892017.0 822194.0 729062.0 579734.0 611345.0 366770.0 388863.0 435157.0 328923.0 277134.0 356123.0 190773.0 285079.0 201135.0 152126.0 112756.0 0 75243.0 84712.0 169712.0 316875.0 281472.0 245683.0 292761.0 520828.0 572520.0 630115.0 675223.0 579671.0 492471.0 710166.0 715184.0 
607059.0 847083.0 904591.0 864490.0 1025155.0 930827.0 990244.0 737024.0 794720.0 888964.0 753622.0 694632.0 677910.0 829954.0 578032.0 544879.0 424035.0 406223.0 568158.0 584378.0 647003.0 502414.0 409935.0 692597.0 789822.0 1056833.0 957957.0 895778.0 593465.0 658245.0 682214.0 709605.0 899261.0 816774.0 746951.0 653819.0 504491.0 536102.0 291527.0 313620.0 359914.0 253680.0 201891.0 280880.0 115530.0 209836.0 125892.0 76883.0 37513.0 75243.0 0 9469.0 94469.0 241632.0 206229.0 170440.0 217518.0 445585.0 497277.0 554872.0 599980.0 504428.0 417228.0 634923.0 639941.0 
597590.0 837614.0 895122.0 855021.0 1015686.0 921358.0 980775.0 727555.0 785251.0 879495.0 744153.0 685163.0 668441.0 820485.0 568563.0 535410.0 414566.0 396754.0 558689.0 574909.0 637534.0 492945.0 400466.0 683128.0 780353.0 1047364.0 948488.0 886309.0 583996.0 648776.0 672745.0 700136.0 889792.0 807305.0 737482.0 644350.0 495022.0 526633.0 282058.0 304151.0 350445.0 244211.0 192422.0 271411.0 106061.0 200367.0 116423.0 67414.0 28044.0 84712.0 9469.0 0 85000.0 232163.0 196760.0 160971.0 208049.0 436116.0 487808.0 545403.0 590511.0 494959.0 407759.0 625454.0 630472.0 
512590.0 752614.0 810122.0 770021.0 930686.0 836358.0 895775.0 642555.0 700251.0 794495.0 659153.0 600163.0 583441.0 735485.0 483563.0 450410.0 329566.0 311754.0 473689.0 489909.0 552534.0 407945.0 315466.0 598128.0 695353.0 962364.0 863488.0 801309.0 498996.0 563776.0 587745.0 615136.0 804792.0 722305.0 652482.0 559350.0 410022.0 441633.0 197058.0 219151.0 265445.0 159211.0 107422.0 186411.0 21061.0 192077.0 108133.0 59124.0 56956.0 169712.0 94469.0 85000.0 0 147163.0 111760.0 75971.0 123049.0 351116.0 402808.0 460403.0 505511.0 409959.0 322759.0 540454.0 545472.0 
659753.0 899777.0 957285.0 917184.0 1077849.0 983521.0 1042938.0 789718.0 847414.0 941658.0 806316.0 747326.0 730604.0 882648.0 630726.0 597573.0 476729.0 458917.0 620852.0 637072.0 699697.0 555108.0 462629.0 745291.0 842516.0 1109527.0 1010651.0 948472.0 646159.0 710939.0 734908.0 762299.0 951955.0 869468.0 799645.0 706513.0 557185.0 588796.0 344221.0 366314.0 412608.0 306374.0 254585.0 333574.0 168224.0 339240.0 255296.0 206287.0 204119.0 316875.0 241632.0 232163.0 147163.0 0 35403.0 223134.0 270212.0 498279.0 549971.0 607566.0 652674.0 557122.0 469922.0 687617.0 692635.0 
624350.0 864374.0 921882.0 881781.0 1042446.0 948118.0 1007535.0 754315.0 812011.0 906255.0 770913.0 711923.0 695201.0 847245.0 595323.0 562170.0 441326.0 423514.0 585449.0 601669.0 664294.0 519705.0 427226.0 709888.0 807113.0 1074124.0 975248.0 913069.0 610756.0 675536.0 699505.0 726896.0 916552.0 834065.0 764242.0 671110.0 521782.0 553393.0 308818.0 330911.0 377205.0 270971.0 219182.0 298171.0 132821.0 303837.0 219893.0 170884.0 168716.0 281472.0 206229.0 196760.0 111760.0 35403.0 0 187731.0 234809.0 462876.0 514568.0 572163.0 617271.0 521719.0 434519.0 652214.0 657232.0 
436619.0 676643.0 734151.0 694050.0 854715.0 760387.0 819804.0 566584.0 624280.0 718524.0 583182.0 524192.0 507470.0 659514.0 407592.0 374439.0 253595.0 235783.0 397718.0 413938.0 476563.0 331974.0 239495.0 522157.0 619382.0 886393.0 787517.0 725338.0 423025.0 487805.0 511774.0 539165.0 728821.0 646334.0 576511.0 483379.0 334051.0 365662.0 121087.0 143180.0 189474.0 83240.0 31451.0 110440.0 54910.0 268048.0 184104.0 135095.0 132927.0 245683.0 170440.0 160971.0 75971.0 223134.0 187731.0 0 47078.0 275145.0 326837.0 384432.0 429540.0 333988.0 246788.0 464483.0 469501.0 
483697.0 723721.0 781229.0 741128.0 901793.0 807465.0 866882.0 613662.0 671358.0 765602.0 630260.0 571270.0 554548.0 706592.0 454670.0 421517.0 300673.0 282861.0 444796.0 461016.0 523641.0 379052.0 286573.0 569235.0 666460.0 933471.0 834595.0 772416.0 470103.0 534883.0 558852.0 586243.0 775899.0 693412.0 623589.0 530457.0 381129.0 412740.0 168165.0 190258.0 236552.0 130318.0 78529.0 157518.0 101988.0 315126.0 231182.0 182173.0 180005.0 292761.0 217518.0 208049.0 123049.0 270212.0 234809.0 47078.0 0 322223.0 373915.0 431510.0 476618.0 381066.0 293866.0 511561.0 516579.0 
346128.0 586152.0 643660.0 603559.0 764224.0 669896.0 729313.0 476093.0 533789.0 628033.0 492691.0 433701.0 416979.0 569023.0 317101.0 283948.0 163104.0 39362.0 201297.0 217517.0 280142.0 135553.0 43074.0 443888.0 541113.0 808124.0 709248.0 647069.0 344756.0 409536.0 433505.0 460896.0 650552.0 568065.0 498242.0 405110.0 255782.0 287393.0 154058.0 355423.0 401717.0 295483.0 243694.0 322683.0 330055.0 543193.0 459249.0 410240.0 408072.0 520828.0 445585.0 436116.0 351116.0 498279.0 462876.0 275145.0 322223.0 0 51692.0 109287.0 233119.0 137567.0 156297.0 373992.0 379010.0 
397820.0 637844.0 695352.0 655251.0 815916.0 721588.0 781005.0 527785.0 585481.0 679725.0 544383.0 485393.0 468671.0 620715.0 368793.0 335640.0 214796.0 91054.0 252989.0 269209.0 331834.0 187245.0 94766.0 495580.0 592805.0 859816.0 760940.0 698761.0 396448.0 461228.0 485197.0 512588.0 702244.0 619757.0 549934.0 456802.0 307474.0 339085.0 205750.0 407115.0 453409.0 347175.0 295386.0 374375.0 381747.0 594885.0 510941.0 461932.0 459764.0 572520.0 497277.0 487808.0 402808.0 549971.0 514568.0 326837.0 373915.0 51692.0 0 57595.0 284811.0 189259.0 207989.0 425684.0 430702.0 
455415.0 695439.0 752947.0 712846.0 873511.0 779183.0 838600.0 585380.0 643076.0 737320.0 601978.0 542988.0 526266.0 678310.0 426388.0 393235.0 272391.0 148649.0 310584.0 326804.0 389429.0 244840.0 152361.0 553175.0 650400.0 917411.0 818535.0 756356.0 454043.0 518823.0 542792.0 570183.0 759839.0 677352.0 607529.0 514397.0 365069.0 396680.0 263345.0 464710.0 511004.0 404770.0 352981.0 431970.0 439342.0 652480.0 568536.0 519527.0 517359.0 630115.0 554872.0 545403.0 460403.0 607566.0 572163.0 384432.0 431510.0 109287.0 57595.0 0 274809.0 246854.0 265584.0 483279.0 488297.0 
500523.0 740547.0 798055.0 757954.0 918619.0 824291.0 883708.0 630488.0 688184.0 782428.0 647086.0 588096.0 571374.0 723418.0 471496.0 438343.0 317499.0 193757.0 355692.0 371912.0 434537.0 289948.0 197469.0 598283.0 695508.0 962519.0 863643.0 801464.0 499151.0 563931.0 587900.0 615291.0 804947.0 722460.0 652637.0 559505.0 410177.0 441788.0 308453.0 509818.0 556112.0 449878.0 398089.0 477078.0 484450.0 697588.0 613644.0 564635.0 562467.0 675223.0 599980.0 590511.0 505511.0 652674.0 617271.0 429540.0 476618.0 233119.0 284811.0 274809.0 0 95552.0 310692.0 528387.0 533405.0 
404971.0 644995.0 702503.0 662402.0 823067.0 728739.0 788156.0 534936.0 592632.0 686876.0 551534.0 492544.0 475822.0 627866.0 375944.0 342791.0 221947.0 98205.0 260140.0 276360.0 338985.0 194396.0 101917.0 502731.0 599956.0 866967.0 768091.0 705912.0 403599.0 468379.0 492348.0 519739.0 709395.0 626908.0 557085.0 463953.0 314625.0 346236.0 212901.0 414266.0 460560.0 354326.0 302537.0 381526.0 388898.0 602036.0 518092.0 469083.0 466915.0 579671.0 504428.0 494959.0 409959.0 557122.0 521719.0 333988.0 381066.0 137567.0 189259.0 246854.0 95552.0 0 215140.0 432835.0 437853.0 
189831.0 429855.0 487363.0 447262.0 607927.0 513599.0 573016.0 319796.0 377492.0 471736.0 336394.0 277404.0 260682.0 412726.0 160804.0 127651.0 134747.0 116935.0 278870.0 295090.0 357715.0 213126.0 120647.0 415531.0 512756.0 779767.0 680891.0 618712.0 316399.0 381179.0 405148.0 432539.0 622195.0 539708.0 469885.0 376753.0 227425.0 259036.0 125701.0 327066.0 373360.0 267126.0 215337.0 294326.0 301698.0 514836.0 430892.0 381883.0 379715.0 492471.0 417228.0 407759.0 322759.0 469922.0 434519.0 246788.0 293866.0 156297.0 207989.0 265584.0 310692.0 215140.0 0 217695.0 222713.0 
152224.0 392248.0 449756.0 409655.0 570320.0 475992.0 535409.0 282189.0 339885.0 434129.0 298787.0 239797.0 223075.0 375119.0 123197.0 90044.0 352442.0 334630.0 496565.0 512785.0 575410.0 430821.0 338342.0 633226.0 730451.0 997462.0 898586.0 836407.0 534094.0 598874.0 622843.0 650234.0 839890.0 757403.0 687580.0 594448.0 445120.0 476731.0 343396.0 544761.0 591055.0 484821.0 433032.0 512021.0 519393.0 732531.0 648587.0 599578.0 597410.0 710166.0 634923.0 625454.0 540454.0 687617.0 652214.0 464483.0 511561.0 373992.0 425684.0 483279.0 528387.0 432835.0 217695.0 0 5018.0 
157242.0 397266.0 454774.0 414673.0 575338.0 481010.0 540427.0 287207.0 344903.0 439147.0 303805.0 244815.0 228093.0 380137.0 128215.0 95062.0 357460.0 339648.0 501583.0 517803.0 580428.0 435839.0 343360.0 638244.0 735469.0 1002480.0 903604.0 841425.0 539112.0 603892.0 627861.0 655252.0 844908.0 762421.0 692598.0 599466.0 450138.0 481749.0 348414.0 549779.0 596073.0 489839.0 438050.0 517039.0 524411.0 737549.0 653605.0 604596.0 602428.0 715184.0 639941.0 630472.0 545472.0 692635.0 657232.0 469501.0 516579.0 379010.0 430702.0 488297.0 533405.0 437853.0 222713.0 5018.0 0 
