37
0x1d 0x63 0x4e 0x5a 0xe 0x17 0x23 0x5e 0x55 0x24 0x56 0x27 0x15 0xd 0x10 0x35 0x22 0x39 0x57 0x14 0x4f 0x33 0x11 0x45 0x44 0x9 0x5 0x2 0x32 0x50 0xc 0xb 0x2c 0x3c 0x3 0x19 0x4a
0 73765.0 126189.0 386960.0 265195.0 237483.0 359015.0 377888.0 345108.0 437281.0 534773.0 573628.0 602815.0 379107.0 397126.0 499402.0 674432.0 748138.0 642671.0 573135.0 633635.0 653853.0 683200.0 573628.0 499531.0 598232.0 673349.0 737750.0 625384.0 556124.0 523145.0 463163.0 436627.0 460215.0 347887.0 88002.0 92700.0 
73765.0 0 52424.0 313195.0 191430.0 163718.0 285250.0 304123.0 271343.0 363516.0 461008.0 499863.0 529050.0 305342.0 323361.0 425637.0 600667.0 674373.0 568906.0 499370.0 559870.0 580088.0 609435.0 499863.0 425766.0 524467.0 599584.0 663985.0 551619.0 482359.0 449380.0 389398.0 362862.0 386450.0 274122.0 14237.0 166465.0 
126189.0 52424.0 0 271887.0 215380.0 187668.0 309200.0 328073.0 295293.0 387466.0 484958.0 523813.0 553000.0 329292.0 347311.0 449587.0 624617.0 698323.0 592856.0 523320.0 583820.0 604038.0 633385.0 523813.0 449716.0 548417.0 623534.0 687935.0 553645.0 506309.0 473330.0 413348.0 386812.0 410400.0 298072.0 38187.0 218889.0 
386960.0 313195.0 271887.0 0 121765.0 286021.0 407553.0 426426.0 393646.0 485819.0 583311.0 622166.0 651353.0 427645.0 445664.0 547940.0 722970.0 796676.0 691209.0 621673.0 682173.0 702391.0 731738.0 622166.0 548069.0 646770.0 721887.0 667660.0 570301.0 604662.0 571683.0 511701.0 485165.0 508753.0 396425.0 298958.0 479660.0 
265195.0 191430.0 215380.0 121765.0 0 164256.0 285788.0 304661.0 271881.0 364054.0 461546.0 500401.0 529588.0 305880.0 323899.0 426175.0 601205.0 674911.0 569444.0 499908.0 560408.0 580626.0 609973.0 500401.0 426304.0 525005.0 600122.0 664523.0 552157.0 482897.0 449918.0 389936.0 363400.0 386988.0 274660.0 177193.0 357895.0 
237483.0 163718.0 187668.0 286021.0 164256.0 0 121532.0 140405.0 107625.0 199798.0 297290.0 336145.0 365332.0 141624.0 159643.0 261919.0 436949.0 510655.0 405188.0 335652.0 396152.0 416370.0 445717.0 336145.0 262048.0 360749.0 435866.0 500267.0 387901.0 318641.0 285662.0 225680.0 199144.0 222732.0 110404.0 149481.0 330183.0 
359015.0 285250.0 309200.0 407553.0 285788.0 121532.0 0 18873.0 146199.0 238372.0 335864.0 374719.0 403906.0 180198.0 198217.0 300493.0 475523.0 549229.0 443762.0 374226.0 434726.0 454944.0 484291.0 374719.0 300622.0 399323.0 474440.0 538841.0 426475.0 357215.0 324236.0 264254.0 237718.0 261306.0 148978.0 271013.0 451715.0 
377888.0 304123.0 328073.0 426426.0 304661.0 140405.0 18873.0 0 165072.0 257245.0 354737.0 393592.0 422779.0 199071.0 217090.0 319366.0 494396.0 568102.0 462635.0 393099.0 453599.0 473817.0 503164.0 393592.0 319495.0 418196.0 493313.0 557714.0 445348.0 376088.0 343109.0 283127.0 256591.0 280179.0 167851.0 289886.0 470588.0 
345108.0 271343.0 295293.0 393646.0 271881.0 107625.0 146199.0 165072.0 0 92173.0 189665.0 228520.0 257707.0 33999.0 52018.0 154294.0 329324.0 403030.0 297563.0 228027.0 288527.0 308745.0 338092.0 228520.0 154423.0 253124.0 328241.0 392642.0 280276.0 211016.0 310329.0 250347.0 223811.0 247399.0 135071.0 257106.0 437808.0 
437281.0 363516.0 387466.0 485819.0 364054.0 199798.0 238372.0 257245.0 92173.0 0 97492.0 136347.0 165534.0 126172.0 144191.0 246467.0 421497.0 495203.0 389736.0 320200.0 380700.0 400918.0 430265.0 320693.0 246596.0 345297.0 420414.0 484815.0 372449.0 303189.0 402502.0 342520.0 315984.0 339572.0 227244.0 349279.0 529981.0 
534773.0 461008.0 484958.0 583311.0 461546.0 297290.0 335864.0 354737.0 189665.0 97492.0 0 38855.0 68042.0 205634.0 223653.0 325929.0 500959.0 574665.0 469198.0 399662.0 460162.0 480380.0 509727.0 400155.0 326058.0 424759.0 499876.0 564277.0 451911.0 382651.0 499994.0 440012.0 413476.0 437064.0 324736.0 446771.0 627473.0 
573628.0 499863.0 523813.0 622166.0 500401.0 336145.0 374719.0 393592.0 228520.0 136347.0 38855.0 0 29187.0 244489.0 262508.0 364784.0 539814.0 613520.0 508053.0 438517.0 499017.0 519235.0 548582.0 439010.0 364913.0 463614.0 538731.0 603132.0 490766.0 421506.0 538849.0 478867.0 452331.0 475919.0 363591.0 485626.0 666328.0 
602815.0 529050.0 553000.0 651353.0 529588.0 365332.0 403906.0 422779.0 257707.0 165534.0 68042.0 29187.0 0 273676.0 291695.0 393971.0 569001.0 642707.0 537240.0 467704.0 528204.0 548422.0 577769.0 468197.0 394100.0 492801.0 567918.0 632319.0 519953.0 450693.0 568036.0 508054.0 481518.0 505106.0 392778.0 514813.0 695515.0 
379107.0 305342.0 329292.0 427645.0 305880.0 141624.0 180198.0 199071.0 33999.0 126172.0 205634.0 244489.0 273676.0 0 18019.0 120295.0 295325.0 369031.0 263564.0 194028.0 254528.0 274746.0 304093.0 194521.0 120424.0 219125.0 294242.0 358643.0 246277.0 177017.0 344328.0 284346.0 257810.0 281398.0 169070.0 291105.0 471807.0 
397126.0 323361.0 347311.0 445664.0 323899.0 159643.0 198217.0 217090.0 52018.0 144191.0 223653.0 262508.0 291695.0 18019.0 0 102276.0 277306.0 351012.0 245545.0 176009.0 236509.0 256727.0 286074.0 176502.0 102405.0 201106.0 276223.0 340624.0 228258.0 158998.0 362347.0 302365.0 275829.0 299417.0 187089.0 309124.0 489826.0 
499402.0 425637.0 449587.0 547940.0 426175.0 261919.0 300493.0 319366.0 154294.0 246467.0 325929.0 364784.0 393971.0 120295.0 102276.0 0 175030.0 248736.0 143269.0 73733.0 134233.0 154451.0 183798.0 74226.0 129.0 98830.0 173947.0 238348.0 189782.0 120522.0 464623.0 404641.0 378105.0 401693.0 289365.0 411400.0 592102.0 
674432.0 600667.0 624617.0 722970.0 601205.0 436949.0 475523.0 494396.0 329324.0 421497.0 500959.0 539814.0 569001.0 295325.0 277306.0 175030.0 0 73706.0 215331.0 248763.0 309263.0 329481.0 358828.0 249256.0 175159.0 273860.0 348977.0 413378.0 364812.0 295552.0 639653.0 579671.0 553135.0 576723.0 464395.0 586430.0 767132.0 
748138.0 674373.0 698323.0 796676.0 674911.0 510655.0 549229.0 568102.0 403030.0 495203.0 574665.0 613520.0 642707.0 369031.0 351012.0 248736.0 73706.0 0 289037.0 322469.0 382969.0 403187.0 432534.0 322962.0 248865.0 347566.0 422683.0 487084.0 438518.0 369258.0 713359.0 653377.0 626841.0 650429.0 538101.0 660136.0 840838.0 
642671.0 568906.0 592856.0 691209.0 569444.0 405188.0 443762.0 462635.0 297563.0 389736.0 469198.0 508053.0 537240.0 263564.0 245545.0 143269.0 215331.0 289037.0 0 217002.0 277502.0 297720.0 327067.0 217495.0 143398.0 242099.0 317216.0 381617.0 333051.0 263791.0 607892.0 547910.0 521374.0 544962.0 432634.0 554669.0 735371.0 
573135.0 499370.0 523320.0 621673.0 499908.0 335652.0 374226.0 393099.0 228027.0 320200.0 399662.0 438517.0 467704.0 194028.0 176009.0 73733.0 248763.0 322469.0 217002.0 0 60500.0 80718.0 110065.0 493.0 73604.0 172563.0 247680.0 312081.0 263515.0 194255.0 538356.0 478374.0 451838.0 475426.0 363098.0 485133.0 665835.0 
633635.0 559870.0 583820.0 682173.0 560408.0 396152.0 434726.0 453599.0 288527.0 380700.0 460162.0 499017.0 528204.0 254528.0 236509.0 134233.0 309263.0 382969.0 277502.0 60500.0 0 20218.0 49565.0 60007.0 134104.0 233063.0 308180.0 372581.0 324015.0 254755.0 598856.0 538874.0 512338.0 535926.0 423598.0 545633.0 726335.0 
653853.0 580088.0 604038.0 702391.0 580626.0 416370.0 454944.0 473817.0 308745.0 400918.0 480380.0 519235.0 548422.0 274746.0 256727.0 154451.0 329481.0 403187.0 297720.0 80718.0 20218.0 0 29347.0 80225.0 154322.0 253281.0 328398.0 392799.0 344233.0 274973.0 619074.0 559092.0 532556.0 556144.0 443816.0 565851.0 746553.0 
683200.0 609435.0 633385.0 731738.0 609973.0 445717.0 484291.0 503164.0 338092.0 430265.0 509727.0 548582.0 577769.0 304093.0 286074.0 183798.0 358828.0 432534.0 327067.0 110065.0 49565.0 29347.0 0 109572.0 183669.0 282628.0 357745.0 422146.0 373580.0 304320.0 648421.0 588439.0 561903.0 585491.0 473163.0 595198.0 775900.0 
573628.0 499863.0 523813.0 622166.0 500401.0 336145.0 374719.0 393592.0 228520.0 320693.0 400155.0 439010.0 468197.0 194521.0 176502.0 74226.0 249256.0 322962.0 217495.0 493.0 60007.0 80225.0 109572.0 0 74097.0 173056.0 248173.0 312574.0 264008.0 194748.0 538849.0 478867.0 452331.0 475919.0 363591.0 485626.0 666328.0 
499531.0 425766.0 449716.0 548069.0 426304.0 262048.0 300622.0 319495.0 154423.0 246596.0 326058.0 364913.0 394100.0 120424.0 102405.0 129.0 175159.0 248865.0 143398.0 73604.0 134104.0 154322.0 183669.0 74097.0 0 98959.0 174076.0 238477.0 189911.0 120651.0 464752.0 404770.0 378234.0 401822.0 289494.0 411529.0 592231.0 
598232.0 524467.0 548417.0 646770.0 525005.0 360749.0 399323.0 418196.0 253124.0 345297.0 424759.0 463614.0 492801.0 219125.0 201106.0 98830.0 273860.0 347566.0 242099.0 172563.0 233063.0 253281.0 282628.0 173056.0 98959.0 0 75117.0 139518.0 288612.0 219352.0 563453.0 503471.0 476935.0 500523.0 388195.0 510230.0 690932.0 
673349.0 599584.0 623534.0 721887.0 600122.0 435866.0 474440.0 493313.0 328241.0 420414.0 499876.0 538731.0 567918.0 294242.0 276223.0 173947.0 348977.0 422683.0 317216.0 247680.0 308180.0 328398.0 357745.0 248173.0 174076.0 75117.0 0 64401.0 363729.0 294469.0 638570.0 578588.0 552052.0 575640.0 463312.0 585347.0 766049.0 
737750.0 663985.0 687935.0 667660.0 664523.0 500267.0 538841.0 557714.0 392642.0 484815.0 564277.0 603132.0 632319.0 358643.0 340624.0 238348.0 413378.0 487084.0 381617.0 312081.0 372581.0 392799.0 422146.0 312574.0 238477.0 139518.0 64401.0 0 362017.0 358870.0 702971.0 642989.0 616453.0 640041.0 527713.0 649748.0 830450.0 
625384.0 551619.0 553645.0 570301.0 552157.0 387901.0 426475.0 445348.0 280276.0 372449.0 451911.0 490766.0 519953.0 246277.0 228258.0 189782.0 364812.0 438518.0 333051.0 263515.0 324015.0 344233.0 373580.0 264008.0 189911.0 288612.0 363729.0 362017.0 0 69260.0 590605.0 530623.0 504087.0 527675.0 415347.0 537382.0 718084.0 
556124.0 482359.0 506309.0 604662.0 482897.0 318641.0 357215.0 376088.0 211016.0 303189.0 382651.0 421506.0 450693.0 177017.0 158998.0 120522.0 295552.0 369258.0 263791.0 194255.0 254755.0 274973.0 304320.0 194748.0 120651.0 219352.0 294469.0 358870.0 69260.0 0 521345.0 461363.0 434827.0 458415.0 346087.0 468122.0 648824.0 
523145.0 449380.0 473330.0 571683.0 449918.0 285662.0 324236.0 343109.0 310329.0 402502.0 499994.0 538849.0 568036.0 344328.0 362347.0 464623.0 639653.0 713359.0 607892.0 538356.0 598856.0 619074.0 648421.0 538849.0 464752.0 563453.0 638570.0 702971.0 590605.0 521345.0 0 59982.0 86518.0 110106.0 175258.0 435143.0 615845.0 
463163.0 389398.0 413348.0 511701.0 389936.0 225680.0 264254.0 283127.0 250347.0 342520.0 440012.0 478867.0 508054.0 284346.0 302365.0 404641.0 579671.0 653377.0 547910.0 478374.0 538874.0 559092.0 588439.0 478867.0 404770.0 503471.0 578588.0 642989.0 530623.0 461363.0 59982.0 0 26536.0 50124.0 115276.0 375161.0 555863.0 
436627.0 362862.0 386812.0 485165.0 363400.0 199144.0 237718.0 256591.0 223811.0 315984.0 413476.0 452331.0 481518.0 257810.0 275829.0 378105.0 553135.0 626841.0 521374.0 451838.0 512338.0 532556.0 561903.0 452331.0 378234.0 476935.0 552052.0 616453.0 504087.0 434827.0 86518.0 26536.0 0 23588.0 88740.0 348625.0 529327.0 
460215.0 386450.0 410400.0 508753.0 386988.0 222732.0 261306.0 280179.0 247399.0 339572.0 437064.0 475919.0 505106.0 281398.0 299417.0 401693.0 576723.0 650429.0 544962.0 475426.0 535926.0 556144.0 585491.0 475919.0 401822.0 500523.0 575640.0 640041.0 527675.0 458415.0 110106.0 50124.0 23588.0 0 112328.0 372213.0 552915.0 
347887.0 274122.0 298072.0 396425.0 274660.0 110404.0 148978.0 167851.0 135071.0 227244.0 324736.0 363591.0 392778.0 169070.0 187089.0 289365.0 464395.0 538101.0 432634.0 363098.0 423598.0 443816.0 473163.0 363591.0 289494.0 388195.0 463312.0 527713.0 415347.0 346087.0 175258.0 115276.0 88740.0 112328.0 0 259885.0 440587.0 
88002.0 14237.0 38187.0 298958.0 177193.0 149481.0 271013.0 289886.0 257106.0 349279.0 446771.0 485626.0 514813.0 291105.0 309124.0 411400.0 586430.0 660136.0 554669.0 485133.0 545633.0 565851.0 595198.0 485626.0 411529.0 510230.0 585347.0 649748.0 537382.0 468122.0 435143.0 375161.0 348625.0 372213.0 259885.0 0 180702.0 
92700.0 166465.0 218889.0 479660.0 357895.0 330183.0 451715.0 470588.0 437808.0 529981.0 627473.0 666328.0 695515.0 471807.0 489826.0 592102.0 767132.0 840838.0 735371.0 665835.0 726335.0 746553.0 775900.0 666328.0 592231.0 690932.0 766049.0 830450.0 718084.0 648824.0 615845.0 555863.0 529327.0 552915.0 440587.0 180702.0 0 
