27
Location43 Location45 Location37 Location2 Location14 Location33 Location23 Location24 Location35 Location31 Location1 Location41 Location21 Location26 Location7 Location117 Location61 Location100 Location17 Location105 Location30 Location52 Location18 Location44 Location80 Location25 Location0
0 7945.0 6936.0 9780.0 13837.0 13581.0 10445.0 9606.0 12467.0 14730.0 15490.0 18364.0 23529.0 24628.0 25657.0 18841.0 20066.0 16434.0 14079.0 11834.0 8022.0 5961.0 7861.0 11386.0 7744.0 2683.0 1521.0 
7945.0 0 1009.0 3853.0 7662.0 7222.0 4086.0 4289.0 7150.0 9011.0 8251.0 11125.0 16290.0 17389.0 18684.0 12778.0 15103.0 11471.0 13064.0 13527.0 10129.0 8514.0 12638.0 16163.0 12521.0 10628.0 9466.0 
6936.0 1009.0 0 2844.0 6901.0 8231.0 5095.0 3280.0 6141.0 9772.0 9260.0 11428.0 16593.0 17692.0 18721.0 11905.0 14094.0 10462.0 12055.0 12518.0 9120.0 7505.0 11629.0 15154.0 11512.0 9619.0 8457.0 
9780.0 3853.0 2844.0 0 4057.0 8969.0 5833.0 6124.0 8985.0 10118.0 10878.0 13752.0 18917.0 20016.0 21045.0 14229.0 16938.0 13306.0 14899.0 15362.0 11550.0 10349.0 14473.0 17998.0 14356.0 7875.0 11301.0 
13837.0 7662.0 6901.0 4057.0 0 5444.0 8580.0 8133.0 7042.0 9545.0 10305.0 13069.0 15306.0 16405.0 17434.0 13656.0 17039.0 17363.0 18956.0 19419.0 15607.0 14406.0 18530.0 22055.0 18413.0 11932.0 15358.0 
13581.0 7222.0 8231.0 8969.0 5444.0 0 3136.0 9463.0 6602.0 10875.0 11635.0 9743.0 11980.0 13079.0 15328.0 14778.0 18369.0 18693.0 20286.0 20749.0 16937.0 15736.0 19860.0 23385.0 19743.0 15074.0 15102.0 
10445.0 4086.0 5095.0 5833.0 8580.0 3136.0 0 8375.0 9738.0 9849.0 9089.0 10847.0 13234.0 14183.0 15212.0 11642.0 15233.0 15557.0 17150.0 17613.0 13801.0 12600.0 16724.0 20249.0 16607.0 13128.0 11966.0 
9606.0 4289.0 3280.0 6124.0 8133.0 9463.0 8375.0 0 2861.0 7134.0 7894.0 10768.0 14263.0 15362.0 16657.0 9575.0 13166.0 11898.0 13491.0 11286.0 10066.0 8791.0 11249.0 13922.0 10280.0 11949.0 11127.0 
12467.0 7150.0 6141.0 8985.0 7042.0 6602.0 9738.0 2861.0 0 4273.0 5033.0 7907.0 13072.0 13493.0 14522.0 8384.0 11767.0 12091.0 13684.0 14147.0 10335.0 11464.0 13258.0 16783.0 13141.0 13818.0 13988.0 
14730.0 9011.0 9772.0 10118.0 9545.0 10875.0 9849.0 7134.0 4273.0 0 760.0 3634.0 8799.0 9898.0 11193.0 4111.0 7494.0 10188.0 9411.0 10822.0 9558.0 10629.0 12223.0 12510.0 11398.0 17413.0 16251.0 
15490.0 8251.0 9260.0 10878.0 10305.0 11635.0 9089.0 7894.0 5033.0 760.0 0 2874.0 8039.0 9138.0 10777.0 4527.0 8118.0 10752.0 10035.0 10498.0 10318.0 11389.0 12983.0 13134.0 10638.0 18173.0 17011.0 
18364.0 11125.0 11428.0 13752.0 13069.0 9743.0 10847.0 10768.0 7907.0 3634.0 2874.0 0 5165.0 6264.0 10037.0 7401.0 10680.0 12426.0 12909.0 13060.0 10342.0 13999.0 15857.0 16008.0 13512.0 21047.0 19885.0 
23529.0 16290.0 16593.0 18917.0 15306.0 11980.0 13234.0 14263.0 13072.0 8799.0 8039.0 5165.0 0 1099.0 4872.0 6410.0 10001.0 11635.0 11918.0 13319.0 15507.0 19164.0 21022.0 20577.0 18677.0 26212.0 25050.0 
24628.0 17389.0 17692.0 20016.0 16405.0 13079.0 14183.0 15362.0 13493.0 9898.0 9138.0 6264.0 1099.0 0 4391.0 5929.0 9520.0 10536.0 11437.0 13748.0 16606.0 20263.0 22121.0 21676.0 19776.0 27311.0 26149.0 
25657.0 18684.0 18721.0 21045.0 17434.0 15328.0 15212.0 16657.0 14522.0 11193.0 10777.0 10037.0 4872.0 4391.0 0 9516.0 13107.0 13431.0 11578.0 14777.0 17635.0 21292.0 23150.0 22705.0 20805.0 28340.0 27178.0 
18841.0 12778.0 11905.0 14229.0 13656.0 14778.0 11642.0 9575.0 8384.0 4111.0 4527.0 7401.0 6410.0 5929.0 9516.0 0 3591.0 7223.0 5508.0 8707.0 12519.0 14740.0 16334.0 15889.0 15003.0 21524.0 20362.0 
20066.0 15103.0 14094.0 16938.0 17039.0 18369.0 15233.0 13166.0 11767.0 7494.0 8118.0 10680.0 10001.0 9520.0 13107.0 3591.0 0 3632.0 5987.0 9186.0 12044.0 15701.0 17559.0 17114.0 15214.0 22749.0 21587.0 
16434.0 11471.0 10462.0 13306.0 17363.0 18693.0 15557.0 11898.0 12091.0 10188.0 10752.0 12426.0 11635.0 10536.0 13431.0 7223.0 3632.0 0 2355.0 5554.0 8412.0 12069.0 13927.0 13482.0 12616.0 19117.0 17955.0 
14079.0 13064.0 12055.0 14899.0 18956.0 20286.0 17150.0 13491.0 13684.0 9411.0 10035.0 12909.0 11918.0 11437.0 11578.0 5508.0 5987.0 2355.0 0 3199.0 7011.0 9924.0 11572.0 11739.0 10931.0 16762.0 15600.0 
11834.0 13527.0 12518.0 15362.0 19419.0 20749.0 17613.0 11286.0 14147.0 10822.0 10498.0 13060.0 13319.0 13748.0 14777.0 8707.0 9186.0 5554.0 3199.0 0 3812.0 6779.0 10077.0 10244.0 7732.0 13563.0 13355.0 
8022.0 10129.0 9120.0 11550.0 15607.0 16937.0 13801.0 10066.0 10335.0 9558.0 10318.0 10342.0 15507.0 16606.0 17635.0 12519.0 12044.0 8412.0 7011.0 3812.0 0 3657.0 6549.0 7434.0 4204.0 10705.0 9543.0 
5961.0 8514.0 7505.0 10349.0 14406.0 15736.0 12600.0 8791.0 11464.0 10629.0 11389.0 13999.0 19164.0 20263.0 21292.0 14740.0 15701.0 12069.0 9924.0 6779.0 3657.0 0 4124.0 7649.0 4007.0 7048.0 7482.0 
7861.0 12638.0 11629.0 14473.0 18530.0 19860.0 16724.0 11249.0 13258.0 12223.0 12983.0 15857.0 21022.0 22121.0 23150.0 16334.0 17559.0 13927.0 11572.0 10077.0 6549.0 4124.0 0 3525.0 2345.0 6598.0 7516.0 
11386.0 16163.0 15154.0 17998.0 22055.0 23385.0 20249.0 13922.0 16783.0 12510.0 13134.0 16008.0 20577.0 21676.0 22705.0 15889.0 17114.0 13482.0 11739.0 10244.0 7434.0 7649.0 3525.0 0 3642.0 10123.0 11041.0 
7744.0 12521.0 11512.0 14356.0 18413.0 19743.0 16607.0 10280.0 13141.0 11398.0 10638.0 13512.0 18677.0 19776.0 20805.0 15003.0 15214.0 12616.0 10931.0 7732.0 4204.0 4007.0 2345.0 3642.0 0 7535.0 8745.0 
2683.0 10628.0 9619.0 7875.0 11932.0 15074.0 13128.0 11949.0 13818.0 17413.0 18173.0 21047.0 26212.0 27311.0 28340.0 21524.0 22749.0 19117.0 16762.0 13563.0 10705.0 7048.0 6598.0 10123.0 7535.0 0 4204.0 
1521.0 9466.0 8457.0 11301.0 15358.0 15102.0 11966.0 11127.0 13988.0 16251.0 17011.0 19885.0 25050.0 26149.0 27178.0 20362.0 21587.0 17955.0 15600.0 13355.0 9543.0 7482.0 7516.0 11041.0 8745.0 4204.0 0 
