28
10 19 78 44 33 11 83 68 34 56 52 92 80 59 71 27 41 5 47 89 100 26 38 50 63 77 58 45
0 211.2738 331.8407 383.7287 585.3675 388.6257 553.7149 702.6872 751.7141 844.5268 943.8507 936.5351 908.7437 752.8314 698.0061 502.1393 413.2668 423.8988 548.3289 502.9884 594.8198 492.5266 331.4419 305.8011 332.3018 225.6083 287.4181 310.5333 
211.2738 0 221.3907 172.7628 378.3111 193.6071 388.7821 525.3597 569.4702 689.9229 802.5341 848.635 848.0149 720.4217 724.9568 598.6257 551.7715 469.8 546.0167 477.6202 527.4021 395.2805 275.2231 243.8396 422.5953 333.7398 488.8511 519.3057 
331.8407 221.3907 0 243.691 451.9914 168.241 233.7178 386.9843 439.7061 513.5515 612.322 630.2316 626.6255 503.444 534.5239 475.126 481.0334 317.4919 347.7379 271.296 306.2768 175.3128 85.0668 68.5819 324.9866 287.7847 525.3228 576.2399 
383.7287 172.7628 243.691 0 222.0534 90.9177 287.5878 394.4657 430.2456 578.3389 700.8845 797.5755 821.7079 725.4723 776.96 705.5517 685.3838 555.5228 589.3982 510.7564 517.8896 376.131 326.4432 301.9792 539.6981 469.8197 655.3819 689.4977 
585.3675 378.3111 451.9914 222.0534 0 283.7982 394.5232 424.4834 434.4554 617.8581 746.2282 905.0604 954.3082 889.598 971.1417 923.5955 907.4121 769.2065 784.0037 703.1187 681.9609 546.4065 537.0037 516.0163 760.6984 691.7232 867.1309 895.7447 
388.6257 193.6071 168.241 90.9177 283.7982 0 207.8507 333.5044 376.2102 506.6824 625.3257 709.083 731.038 635.414 693.8786 641.8646 636.6852 485.6631 506.0473 426.217 427.4323 285.7675 253.2963 233.4302 484.5317 428.4621 638.8285 680.0727 
553.7149 388.7821 233.7178 287.5878 394.5232 207.8507 0 153.2928 206.4407 301.2958 417.6266 518.9578 560.204 502.7673 615.7409 648.7717 687.6315 484.6727 439.7556 361.8695 301.6649 189.5269 287.4602 290.7071 530.7518 515.0841 758.2594 809.9047 
702.6872 525.3597 386.9843 394.4657 424.4834 333.5044 153.2928 0 54.4689 194.6291 322.9064 498.3958 570.5509 561.4428 709.6234 781.5844 832.1197 619.7704 550.2175 479.426 387.9793 315.686 438.0831 443.2448 676.6798 667.0384 911.4275 963.1952 
751.7141 569.4702 439.7061 430.2456 434.4554 376.2102 206.4407 54.4689 0 188.2209 314.7721 515.7848 596.6986 600.9787 756.1504 834.8812 886.5203 673.4878 600.6188 531.2476 435.5607 369.3068 492.2814 496.9608 731.1406 721.0103 964.6578 1015.9083 
844.5268 689.9229 513.5515 578.3389 617.8581 506.6824 301.2958 194.6291 188.2209 0 128.4254 345.1013 442.852 492.0196 676.5553 813.6464 892.6543 665.2059 555.7673 504.363 382.4064 381.8325 539.0202 554.1044 747.3838 764.0122 1015.8308 1073.2952 
943.8507 802.5341 612.322 700.8845 746.2282 625.3257 417.6266 322.9064 314.7721 128.4254 0 267.1406 382.5876 477.1594 676.9371 851.3222 945.5718 715.9517 587.9813 551.7139 423.0055 461.1102 624.8508 644.1332 809.8776 840.7097 1092.2562 1152.3024 
936.5351 848.635 630.2316 797.5755 905.0604 709.083 518.9578 498.3958 515.7848 345.1013 267.1406 0 122.4195 272.163 474.5953 702.6202 822.0702 604.5447 453.782 454.9373 342.7305 454.9698 606.1006 634.0135 715.9358 777.9272 1015.0698 1079.1967 
908.7437 848.0149 626.6255 821.7079 954.3082 731.038 560.204 570.5509 596.6986 442.852 382.5876 122.4195 0 180.6631 369.7046 616.1526 744.0646 539.8506 387.01 408.6536 321.4365 454.9965 586.8136 617.0756 654.8925 729.3562 953.7448 1018.5372 
752.8314 720.4217 503.444 725.4723 889.598 635.414 502.7673 561.4428 600.9787 492.0196 477.1594 272.163 180.6631 0 205.0009 436.2142 563.4184 363.4407 212.4558 250.9654 208.8373 349.7535 447.4579 478.9308 479.0859 559.9342 776.3217 841.181 
698.0061 724.9568 534.5239 776.96 971.1417 693.8786 615.7409 709.6234 756.1504 676.5553 676.9371 474.5953 369.7046 205.0009 0 270.2169 409.9554 274.1081 187.8329 268.1521 321.9096 431.6836 457.1342 486.4756 376.9058 478.2554 648.4254 711.886 
502.1393 598.6257 475.126 705.5517 923.5955 641.8646 648.7717 781.5844 834.8812 813.6464 851.3222 702.6202 616.1526 436.2142 270.2169 0 140.8804 164.3679 263.4318 310.2696 432.424 466.0464 391.0074 408.4446 177.4656 279.8328 386.5514 448.0045 
413.2668 551.7715 481.0334 685.3838 907.4121 636.6852 687.6315 832.1197 886.5203 892.6543 945.5718 822.0702 744.0646 563.4184 409.9554 140.8804 0 229.6311 369.8143 393.8586 522.6856 521.3594 405.3058 412.6888 157.5074 218.3984 248.7433 308.5341 
423.8988 469.8 317.4919 555.5228 769.2065 485.6631 484.6727 619.7704 673.4878 665.2059 715.9517 604.5447 539.8506 363.4407 274.1081 164.3679 229.6311 0 152.9714 164.2416 293.1606 304.1868 232.4392 253.8232 115.6789 206.5438 413.9236 478.6951 
548.3289 546.0167 347.7379 589.3982 784.0037 506.0473 439.7556 550.2175 600.6188 555.7673 587.9813 453.782 387.01 212.4558 187.8329 263.4318 369.8143 152.9714 0 81.1272 173.6763 251.1536 273.1739 303.6065 267.903 347.9542 566.8743 631.6246 
502.9884 477.6202 271.296 510.7564 703.1187 426.217 361.8695 479.426 531.2476 504.363 551.7139 454.9373 408.6536 250.9654 268.1521 310.2696 393.8586 164.2416 81.1272 0 129.0219 172.4049 202.4149 233.7864 265.1469 323.6429 561.7009 625.3396 
594.8198 527.4021 306.2768 517.8896 681.9609 427.4323 301.6649 387.9793 435.5607 382.4064 423.0055 342.7305 321.4365 208.8373 321.9096 432.424 522.6856 293.1606 173.6763 129.0219 0 141.7745 266.9473 296.5376 392.0989 440.0974 685.0547 747.8244 
492.5266 395.2805 175.3128 376.131 546.4065 285.7675 189.5269 315.686 369.3068 381.8325 461.1102 454.9698 454.9965 349.7535 431.6836 466.0464 521.3594 304.1868 251.1536 172.4049 141.7745 0 164.5847 186.9955 369.7723 382.6536 634.7189 693.2332 
331.4419 275.2231 85.0668 326.4432 537.0037 253.2963 287.4602 438.0831 492.2814 539.0202 624.8508 606.1006 586.8136 447.4579 457.1342 391.0074 405.3058 232.4392 273.1739 202.4149 266.9473 164.5847 0 31.5422 247.8731 229.7298 478.8071 534.7695 
305.8011 243.8396 68.5819 301.9792 516.0163 233.4302 290.7071 443.2448 496.9608 554.1044 644.1332 634.0135 617.0756 478.9308 486.4756 408.4446 412.6888 253.8232 303.6065 233.7864 296.5376 186.9955 31.5422 0 256.4276 224.637 469.0008 522.9257 
332.3018 422.5953 324.9866 539.6981 760.6984 484.5317 530.7518 676.6798 731.1406 747.3838 809.8776 715.9358 654.8925 479.0859 376.9058 177.4656 157.5074 115.6789 267.903 265.1469 392.0989 369.7723 247.8731 256.4276 0 106.6943 299.6269 364.1821 
225.6083 333.7398 287.7847 469.8197 691.7232 428.4621 515.0841 667.0384 721.0103 764.0122 840.7097 777.9272 729.3562 559.9342 478.2554 279.8328 218.3984 206.5438 347.9542 323.6429 440.0974 382.6536 229.7298 224.637 106.6943 0 252.0914 311.6253 
287.4181 488.8511 525.3228 655.3819 867.1309 638.8285 758.2594 911.4275 964.6578 1015.8308 1092.2562 1015.0698 953.7448 776.3217 648.4254 386.5514 248.7433 413.9236 566.8743 561.7009 685.0547 634.7189 478.8071 469.0008 299.6269 252.0914 0 64.8613 
310.5333 519.3057 576.2399 689.4977 895.7447 680.0727 809.9047 963.1952 1015.9083 1073.2952 1152.3024 1079.1967 1018.5372 841.181 711.886 448.0045 308.5341 478.6951 631.6246 625.3396 747.8244 693.2332 534.7695 522.9257 364.1821 311.6253 64.8613 0 
