59
128 46 196 175 188 198 164 184 169 180 171 199 186 12 137 105 29 11 35 64 69 60 6 58 134 32 141 55 17 131 81 115 66 86 103 117 23 49 147 22 160 67 108 28 88 143 155 140 149 45 99 114 47 148 101 42 112 107 31
0 14.3279 423.2798 486.7722 740.9858 1112.7037 927.0406 976.4922 832.4701 667.1798 933.4 514.6351 431.2246 29.1369 34.8677 40.5174 37.3433 43.2289 42.157 44.8482 48.3336 44.1301 62.4863 65.5413 58.4533 64.2 74.2033 78.0307 77.4504 76.1966 76.8587 78.1348 78.6216 72.6912 80.8123 90.4621 87.0129 84.9005 82.8384 79.8018 67.6434 69.9999 70.4565 55.4207 58.1252 43.8619 39.0285 42.7914 57.7291 58.5102 34.4871 26.831 34.9781 33.109 33.6602 27.5565 13.3282 13.0983 12.9635 
14.3279 0 421.329 485.5956 733.1246 1102.1344 916.8249 965.2472 819.4273 652.8524 919.8616 502.2449 417.8188 18.9152 23.6493 30.4609 29.1566 40.2833 42.0193 45.1285 50.8864 48.065 64.3706 67.8951 63.593 69.2818 72.9664 74.5405 76.1446 76.3752 77.903 80.2202 83.4414 80.633 88.972 98.1339 97.0065 95.4805 93.7907 87.849 76.8042 79.6965 81.1552 67.1128 71.1467 56.4465 51.8353 57.0958 72.0431 72.6866 47.7909 41.1588 49.1587 41.9565 39.778 34.1476 17.6646 18.3791 22.9026 
423.2798 421.329 0 68.4723 399.362 827.7596 641.7415 727.9343 698.5683 730.4216 826.1254 415.4945 433.0053 436.2524 437.3275 444.2663 446.6207 461.171 463.3148 466.3853 471.308 467.3936 485.2739 488.5628 481.4696 487.1627 493.9286 493.5088 497.0279 497.6984 499.1643 501.1009 501.5355 492.1059 499.1935 509.3031 499.1028 494.7543 491.235 498.5058 484.7862 485.365 482.2031 466.0469 460.0373 453.5569 449.2701 429.135 433.1074 426.7851 414.4715 428.2112 435.6684 454.508 456.7767 450.695 435.8673 435.9585 435.8013 
486.7722 485.5956 68.4723 0 387.5355 820.3522 638.2917 731.4891 726.0946 783.6057 855.0733 460.7974 489.5526 501.0776 502.4235 509.4685 511.5642 525.6824 527.4439 530.4666 535.0206 530.8863 549.0898 552.2696 544.5766 550.2182 558.4611 558.5577 561.5996 561.9207 563.179 564.8501 564.5114 554.1805 561.0087 571.1028 559.9829 555.426 551.8 560.3857 546.5724 546.8926 543.3296 527.3805 520.72 515.111 510.9909 489.9628 492.9107 486.4623 475.9059 490.1066 497.1531 517.3311 520.0358 513.9911 499.5818 499.6131 499.085 
740.9858 733.1246 399.362 387.5355 0 432.9658 254.7385 357.8688 442.7054 662.1264 565.5988 362.5999 466.4289 741.4226 739.7759 744.857 749.5052 766.5366 771.8264 774.9985 782.4982 780.6996 794.3083 798.1951 796.4359 802.0142 795.8366 790.4001 798.2718 802.0852 805.2403 809.2551 815.7534 813.458 821.6912 831.1258 827.3849 824.5628 821.9071 820.6351 808.6083 810.7732 810.2965 794.1841 792.4132 781.4037 776.4679 763.2545 772.2417 767.045 746.4993 756.2265 765.4826 773.9828 772.8737 767.099 750.5604 751.1082 753.7661 
1112.7037 1102.1344 827.7596 820.3522 432.9658 0 188.9932 156.0215 410.9814 758.6951 448.2119 620.2646 730.4749 1105.8621 1102.7906 1106.3049 1111.8588 1128.8143 1135.5295 1138.4924 1146.9254 1146.5559 1156.4497 1160.3895 1162.0607 1167.1379 1153.4475 1145.3866 1155.2603 1160.7045 1164.651 1169.639 1179.4365 1181.7856 1190.1628 1198.5196 1199.1408 1197.4691 1195.5296 1188.9473 1178.8198 1181.824 1183.0556 1168.0601 1169.0038 1155.9912 1151.0148 1142.8438 1154.2234 1150.0257 1126.0376 1132.7256 1142.3715 1144.085 1141.0398 1135.912 1119.7291 1120.4973 1124.5798 
927.0406 916.8249 641.7415 638.2917 254.7385 188.9932 0 113.8104 318.8808 641.0387 406.6303 447.5925 560.6096 921.2645 918.4042 922.1865 927.6197 944.6639 951.1777 954.1869 962.5049 961.9063 972.4416 976.3894 977.5092 982.6866 970.1927 962.5514 972.1219 977.3092 981.1377 985.9818 995.2681 996.8807 1005.2649 1013.8214 1013.768 1011.9191 1009.868 1004.0701 993.614 996.5011 997.482 982.2762 982.8407 970.0678 965.0813 956.2065 967.3151 962.9851 939.3594 946.4653 956.0883 958.7732 956.0095 950.7637 934.4653 935.2036 939.0914 
976.4922 965.2472 727.9343 731.4891 357.8688 156.0215 113.8104 0 259.9714 604.9206 319.2299 473.0966 580.6961 967.6445 964.2229 967.2807 973.0109 989.7587 996.782 999.657 1008.2528 1008.2787 1017.0683 1020.9823 1023.5593 1028.4479 1012.9388 1004.3179 1014.5797 1020.3753 1024.4825 1029.6698 1040.2359 1043.8433 1052.1799 1060.1524 1062.0281 1060.7179 1059.0151 1050.9308 1041.4499 1044.6708 1046.4009 1031.8981 1033.6842 1020.1759 1015.2401 1008.7873 1020.8583 1017.0561 992.1542 997.7691 1007.4328 1007.0427 1003.4703 998.5837 982.684 983.5074 987.9621 
832.4701 819.4273 698.5683 726.0946 442.7054 410.9814 318.8808 259.9714 0 348.8062 129.5776 323.9694 403.3314 817.2803 812.7944 814.1782 820.3072 835.7594 843.5936 846.0731 854.9344 856.2916 861.0544 864.756 870.3194 874.4185 853.159 842.8366 854.1468 860.9905 865.5292 871.2461 884.1172 891.8288 899.775 906.2338 912.1789 912.0818 911.1961 898.4528 891.3977 895.2267 898.5244 886.0848 890.5101 875.8734 871.2379 870.4745 884.2684 881.8274 855.0009 857.0094 866.3799 859.2002 854.0087 850.0903 835.6931 836.6694 842.1877 
667.1798 652.8524 730.4216 783.6057 662.1264 758.6951 641.0387 604.9206 348.8062 0 367.7532 333.1669 299.8656 643.2112 637.5012 635.7993 641.7952 653.0062 661.2514 662.7464 670.984 674.4482 671.771 674.6806 684.6922 686.982 658.3196 646.2625 658.064 665.9287 670.6931 676.6757 692.0549 705.8582 712.2898 715.5268 727.6537 729.5847 730.1504 710.9862 708.7703 713.1961 718.7503 711.147 719.457 704.6474 701.0668 709.8607 724.8218 724.9105 698.26 694.0099 701.7211 684.034 676.7369 674.9466 664.9408 666.0492 672.6545 
933.4 919.8616 826.1254 855.0733 565.5988 448.2119 406.6303 319.2299 129.5776 367.7532 0 438.5355 502.4031 915.9278 911.0777 911.7405 917.9353 932.589 940.6428 942.9157 951.7519 953.6498 956.6179 960.1698 966.9368 970.6375 947.1744 936.2439 947.8504 955.0606 959.7227 965.589 979.287 988.6506 996.3192 1002.0407 1009.6222 1010.0261 1009.4859 994.9846 989.0454 993.0714 996.9639 985.5257 990.9251 976.0533 971.6009 973.0041 987.2408 985.3243 958.1721 958.8179 967.9438 958.2178 952.4472 948.9821 935.4091 936.431 942.2853 
514.6351 502.2449 415.4945 460.7974 362.5999 620.2646 447.5925 473.0966 323.9694 333.1669 438.5355 0 113.7255 502.1782 498.1961 500.4685 506.4273 522.6851 530.1306 532.8398 541.6151 542.2784 549.2778 553.125 557.0552 561.6068 543.6273 534.359 545.0413 551.2523 555.5459 560.9672 572.5382 578.0521 586.2481 593.5499 597.4407 596.7662 595.4982 584.9563 576.6337 580.1922 582.7767 569.3477 572.7186 558.4411 553.6544 550.8154 564.1481 561.2905 534.8787 538.1016 547.6376 543.1875 538.7203 534.3173 519.1369 520.0522 525.1463 
431.2246 417.8188 433.0053 489.5526 466.4289 730.4749 560.6096 580.6961 403.3314 299.8656 502.4031 113.7255 0 414.6837 410.0445 411.1877 417.3422 432.6072 440.496 442.9316 451.7945 453.2834 457.7443 461.4378 467.1505 471.1848 449.8779 439.6485 450.9024 457.7 462.2261 467.9309 480.7919 488.717 496.6116 502.9623 509.2429 509.3077 508.5498 495.2862 488.5062 492.403 495.9261 483.9452 488.9539 474.153 469.6307 470.6073 484.8385 482.9514 455.7819 456.4832 465.6532 456.8187 451.3653 447.6398 433.6536 434.6572 440.3832 
29.1369 18.9152 436.2524 501.0776 741.4226 1105.8621 921.2645 967.6445 817.2803 643.2112 915.9278 502.1782 414.6837 0 5.9798 11.6549 10.7386 25.6568 30.4198 33.5805 41.4006 40.6973 52.9412 56.7997 56.2448 61.4737 57.9057 57.6086 60.9243 62.5464 64.9029 68.2538 74.593 76.2132 84.5378 92.6616 95.2831 94.8556 93.9171 83.2866 74.4646 78.103 81.2588 69.8005 76.6383 61.6701 57.8912 69.6154 84.1163 85.9247 63.4843 53.5978 59.6452 42.3335 36.7312 33.0695 22.0323 23.1423 29.8814 
34.8677 23.6493 437.3275 502.4235 739.7759 1102.7906 918.4042 964.2229 812.7944 637.5012 911.0777 498.1961 410.0445 5.9798 0 7.3881 9.8136 26.7676 32.774 35.8049 44.1349 44.1414 54.6466 58.5711 59.3454 64.3483 57.7406 56.1815 60.6233 62.9906 65.7222 69.4967 76.9621 79.8912 88.1441 95.9298 99.4798 99.2924 98.5115 86.8686 78.6619 82.4362 85.9183 74.9813 82.1633 67.2366 63.5659 75.5949 90.0915 91.9009 69.3 59.5737 65.5999 47.4585 41.3711 38.1771 27.9714 29.0789 35.8223 
40.5174 30.4609 444.2663 509.4685 744.857 1106.3049 922.1865 967.2807 814.1782 635.7993 911.7405 500.4685 411.1877 11.6549 7.3881 0 6.2056 22.5115 29.6625 32.4211 41.1511 42.1135 50.2814 54.2308 56.587 61.2388 51.6527 49.3103 54.4183 57.3468 60.3838 64.5251 73.1321 77.7575 85.8548 93.125 98.0575 98.2871 97.799 84.5511 77.3544 81.3355 85.3914 75.6256 83.6775 68.969 65.6828 79.6963 93.8799 96.1105 74.6089 63.8915 69.1582 48.271 41.332 39.1474 31.8138 32.8745 39.5199 
37.3433 29.1566 446.6207 511.5642 749.5052 1111.8588 927.6197 973.0109 820.3072 641.7952 917.9353 506.4273 417.3422 10.7386 9.8136 6.2056 0 17.1384 23.7809 26.6558 35.2703 36.0003 45.0684 49.008 50.6672 55.4394 48.0107 47.0158 50.9314 53.1798 55.9177 59.7504 67.6496 71.7039 79.8398 87.2521 91.9011 92.0953 91.5954 78.5418 71.18 75.1463 79.1861 69.5189 77.7418 63.1177 59.9642 74.9015 88.8558 91.341 70.7761 59.3106 64.0764 42.2395 35.1783 33.1909 27.2902 28.2931 34.7502 
43.2289 40.2833 461.171 525.6824 766.5366 1128.8143 944.6639 989.7587 835.7594 653.0062 932.589 522.6851 432.6072 25.6568 26.7676 22.5115 17.1384 0 8.2698 10.3333 19.1919 21.5354 27.9301 31.87 34.5647 38.9227 32.7799 34.8669 35.9213 36.9368 39.2535 42.7759 50.6255 56.1285 64.0157 70.8725 77.0918 77.8936 77.8598 62.6938 56.7796 61.0097 65.9423 58.8012 68.66 55.1701 53.1575 72.6085 85.1227 88.7254 72.4327 58.5903 60.8329 33.7043 25.4531 26.535 30.2319 30.7972 35.349 
42.157 42.0193 463.3148 527.4439 771.8264 1135.5295 951.1777 996.782 843.5936 661.2514 940.6428 530.1306 440.496 30.4198 32.774 29.6625 23.7809 8.2698 0 3.2026 11.4947 13.2678 22.7514 26.5181 26.9247 31.6664 32.0468 36.9672 35.294 34.4976 35.8844 38.4387 44.2508 48.2355 56.2489 63.4804 68.9877 69.6875 69.6103 54.9381 48.5796 52.7824 57.6728 50.7931 60.9407 47.8656 46.2406 66.9983 78.8538 82.8189 68.4379 53.8732 55.0523 26.6858 18.3842 20.8064 28.8292 29.1139 32.295 
44.8482 45.1285 466.3853 530.4666 774.9985 1138.4924 954.1869 999.657 846.0731 662.7464 942.9157 532.8398 442.9316 33.5805 35.8049 32.4211 26.6558 10.3333 3.2026 0 8.8629 11.7964 19.5495 23.3173 24.2767 28.8182 29.4578 35.1376 32.702 31.5373 32.7853 35.2527 41.1666 45.7966 53.7061 60.7181 66.7932 67.6914 67.7626 52.3867 46.58 50.8587 56.0249 49.9773 60.4832 47.8673 46.5663 68.0429 79.5023 83.6678 70.1885 55.385 56.0499 27.1132 18.9523 22.1961 31.5403 31.7622 34.5556 
48.3336 50.8864 471.308 535.0206 782.4982 1146.9254 962.5049 1008.2528 854.9344 670.984 951.7519 541.6151 451.7945 41.4006 44.1349 41.1511 35.2703 19.1919 11.4947 8.8629 0 5.9171 14.1795 17.2577 15.4472 20.2166 28.9615 37.3484 32.0298 28.7421 28.7178 29.8297 33.2699 36.9371 44.8485 51.986 58.0172 59.0596 59.2742 43.5306 37.9808 42.3246 47.803 43.2024 54.3412 42.9397 42.4728 65.551 75.8265 80.4963 69.8172 54.4525 53.5854 24.0631 17.1608 22.3113 35.4517 35.4081 36.6408 
44.1301 48.065 467.3936 530.8863 780.6996 1146.5559 961.9063 1008.2787 856.2916 674.4482 953.6498 542.2784 453.2834 40.6973 44.1414 42.1135 36.0003 21.5354 13.2678 11.7964 5.9171 0 19.1813 21.7114 15.766 21.3191 34.8234 43.2271 37.8617 34.222 33.7943 34.2455 35.3766 35.7738 44.0036 51.9649 55.9966 56.5068 56.36 42.7273 35.427 39.5727 44.4099 38.3179 49.1151 37.2518 36.626 59.6361 69.9625 74.5943 64.1304 48.6978 47.6746 18.162 11.6199 17.2099 31.708 31.515 31.9461 
62.4863 64.3706 485.2739 549.0898 794.3083 1156.4497 972.4416 1017.0683 861.0544 671.771 956.6179 549.2778 457.7443 52.9412 54.6466 50.2814 45.0684 27.9301 22.7514 19.5495 14.1795 19.1813 0 3.9495 14.7807 15.3366 18.0521 29.1555 20.547 15.3624 14.6201 15.8605 23.2606 34.1677 40.6221 45.4252 55.9303 58.2869 59.4431 39.3017 38.5184 42.9946 49.8005 49.8071 61.7514 52.6913 53.2497 77.3812 86.3473 91.507 83.066 67.5268 65.6209 36.6342 30.7965 36.3048 49.5136 49.5134 50.7997 
65.5413 67.8951 488.5628 552.2696 798.1951 1160.3895 976.3894 1020.9823 864.756 674.6806 960.1698 553.125 461.4378 56.7997 58.5711 54.2308 49.008 31.87 26.5181 23.3173 17.2577 21.7114 3.9495 0 14.0719 13.1556 18.8798 30.6683 20.9123 14.5153 12.5917 12.5945 19.4305 31.5897 37.6096 41.9301 53.2171 55.8455 57.21 36.3059 36.657 41.08 48.1192 49.3921 61.447 53.2351 54.1528 78.5621 86.9581 92.2935 84.9554 69.3569 66.9448 38.4445 33.2026 38.9206 52.7091 52.6576 53.6105 
58.4533 63.593 481.4696 544.5766 796.4359 1162.0607 977.5092 1023.5593 870.3194 684.6922 966.9368 557.0552 467.1505 56.2448 59.3454 56.587 50.6672 34.5647 26.9247 24.2767 15.4472 15.766 14.7807 14.0719 0 5.7562 32.6559 43.9346 34.8975 28.5282 25.9841 23.8194 20.1701 21.7468 29.4613 36.6039 43.2683 44.8927 45.6185 28.1361 24.3229 28.8155 35.2941 35.325 47.3752 39.6159 40.9775 65.6485 73.295 78.7999 73.4408 57.8377 54.3533 27.6187 24.7932 30.8972 46.7505 46.4185 45.7142 
64.2 69.2818 487.1627 550.2182 802.0142 1167.1379 982.6866 1028.4479 874.4185 686.982 970.6375 561.6068 471.1848 61.4737 64.3483 61.2388 55.4394 38.9227 31.6664 28.8182 20.2166 21.3191 15.3366 13.1556 5.7562 0 31.9485 43.8232 33.758 26.6365 23.3291 20.0668 14.4222 18.8798 25.7861 31.9532 40.6728 42.9506 44.1545 24.4502 23.5058 27.9245 34.998 37.6178 49.7205 43.3942 45.2176 69.9525 76.8285 82.5351 78.4376 62.8834 58.9187 33.0659 30.5405 36.6437 52.4968 52.1707 51.4414 
74.2033 72.9664 493.9286 558.4611 795.8366 1153.4475 970.1927 1012.9388 853.159 658.3196 947.1744 543.6273 449.8779 57.9057 57.7406 51.6527 48.0107 32.7799 32.0468 29.4578 28.9615 34.8234 18.0521 18.8798 32.6559 31.9485 0 12.2507 3.2476 7.8881 12.6051 18.576 33.7488 49.7477 54.8056 57.2084 70.8985 73.9868 75.6184 53.572 55.4329 59.8147 66.9463 67.8486 79.8032 70.4577 70.6971 94.358 103.9778 108.9509 98.6357 83.3649 82.4402 52.9757 46.0132 50.6689 60.8753 61.1546 63.9445 
78.0307 74.5405 493.5088 558.5577 790.4001 1145.3866 962.5514 1004.3179 842.8366 646.2625 936.2439 534.359 439.6485 57.6086 56.1815 49.3103 47.0158 34.8669 36.9672 35.1376 37.3484 43.2271 29.1555 30.6683 43.9346 43.8232 12.2507 0 11.8473 19.6667 24.4315 30.4197 45.9017 61.9105 67.0561 69.3134 83.1386 86.1734 87.736 65.8215 67.3244 71.7471 78.7636 78.6428 90.4183 80.1007 79.817 102.6377 113.1744 117.8075 105.3179 90.4914 90.6312 61.1579 53.5037 57.3122 64.8818 65.3529 69.167 
77.4504 76.1446 497.0279 561.5996 798.2718 1155.2603 972.1219 1014.5797 854.1468 658.064 947.8504 545.0413 450.9024 60.9243 60.6233 54.4183 50.9314 35.9213 35.294 32.702 32.0298 37.8617 20.547 20.9123 34.8975 33.758 3.2476 11.8473 0 7.9525 12.6587 18.6169 34.2579 51.0745 55.7386 57.5833 71.9333 75.2162 76.9897 54.5362 57.1313 61.4603 68.6927 70.1956 82.2019 73.1669 73.5237 97.3091 106.7542 111.7927 101.7709 86.4684 85.4148 55.9922 49.1262 53.8448 64.1223 64.4021 67.1772 
76.1966 76.3752 497.6984 561.9207 802.0852 1160.7045 977.3092 1020.3753 860.9905 665.9287 955.0606 551.2523 457.7 62.5464 62.9906 57.3468 53.1798 36.9368 34.4976 31.5373 28.7421 34.222 15.3624 14.5153 28.5282 26.6365 7.8881 19.6667 7.9525 0 4.7752 10.7738 26.3079 43.3574 47.8268 49.662 64.0451 67.4113 69.2691 46.6343 49.7324 53.994 61.3205 63.7805 75.8632 67.7039 68.4796 92.7169 101.4196 106.6917 98.3116 82.8104 80.9775 51.9574 45.8094 51.0453 62.9576 63.1025 65.1233 
76.8587 77.903 499.1643 563.179 805.2403 1164.651 981.1377 1024.4825 865.5292 670.6931 959.7227 555.5459 462.2261 64.9029 65.7222 60.3838 55.9177 39.2535 35.8844 32.7853 28.7178 33.7943 14.6201 12.5917 25.9841 23.3291 12.6051 24.4315 12.6587 4.7752 0 5.9987 21.6344 39.1843 43.3272 44.9247 59.5817 63.0791 65.0488 42.1574 45.926 50.0998 57.5101 60.8623 72.9694 65.5472 66.6399 91.1173 99.2552 104.6897 97.4809 81.8977 79.528 50.9757 45.4017 50.9218 63.7542 63.8167 65.3571 
78.1348 80.2202 501.1009 564.8501 809.2551 1169.639 985.9818 1029.6698 871.2461 676.6757 965.589 560.9672 467.9309 68.2538 69.4967 64.5251 59.7504 42.7759 38.4387 35.2527 29.8297 34.2455 15.8605 12.5945 23.8194 20.0668 18.576 30.4197 18.6169 10.7738 5.9987 0 15.8618 34.189 37.7864 38.9929 54.0662 57.7545 59.8859 36.6566 41.4568 45.4723 52.9719 57.5825 69.6614 63.2824 64.7925 89.467 96.8377 102.4714 96.8003 81.1743 78.1216 50.3995 45.6371 51.4373 65.2753 65.2376 66.1783 
78.6216 83.4414 501.5355 564.5114 815.7534 1179.4365 995.2681 1040.2359 884.1172 692.0549 979.287 572.5382 480.7919 74.593 76.9621 73.1321 67.6496 50.6255 44.2508 41.1666 33.2699 35.3766 23.2606 19.4305 20.1701 14.4222 33.7488 45.9017 34.2579 26.3079 21.6344 15.8618 0 19.6947 22.0602 23.4806 38.3222 42.2415 44.62 20.9916 28.0814 31.5455 39.0835 46.7441 58.4224 54.9107 57.4669 82.0101 87.3383 93.3903 91.7045 76.2973 71.5418 47.208 44.9617 51.0652 66.8393 66.5382 65.858 
72.6912 80.633 492.1059 554.1805 813.458 1181.7856 996.8807 1043.8433 891.8288 705.8582 988.6506 578.0521 488.717 76.2132 79.8912 77.7575 71.7039 56.1285 48.2355 45.7966 36.9371 35.7738 34.1677 31.5897 21.7468 18.8798 49.7477 61.9105 51.0745 43.3574 39.1843 34.189 19.6947 0 8.3844 17.783 21.7957 24.2803 25.9172 7.2182 9.0537 11.9133 19.4133 29.3355 40.1652 39.8285 43.4538 66.7599 70.0215 76.3483 78.6851 64.0836 57.6069 39.5826 40.9602 46.4899 63.0274 62.4237 59.7894 
80.8123 88.972 499.1935 561.0087 821.6912 1190.1628 1005.2649 1052.1799 899.775 712.2898 996.3192 586.2481 496.6116 84.5378 88.1441 85.8548 79.8398 64.0157 56.2489 53.7061 44.8485 44.0036 40.6221 37.6096 29.4613 25.7861 54.8056 67.0561 55.7386 47.8268 43.3272 37.7864 22.0602 8.3844 0 10.1097 16.2804 20.3097 23.0333 1.3368 14.4368 14.8619 21.0248 34.4024 43.9809 46.002 50.0181 72.371 74.2207 80.7049 85.1776 70.9866 63.9566 47.7285 49.3323 54.8246 71.3497 70.731 67.9518 
90.4621 98.1339 509.3031 571.1028 831.1258 1198.5196 1013.8214 1060.1524 906.2338 715.5268 1002.0407 593.5499 502.9623 92.6616 95.9298 93.125 87.2521 70.8725 63.4804 60.7181 51.986 51.9649 45.4252 41.9301 36.6039 31.9532 57.2084 69.3134 57.5833 49.662 44.9247 38.9929 23.4806 17.783 10.1097 0 19.3491 24.7451 28.3377 10.8595 24.5345 24.5614 29.8469 44.2449 53.2567 56.0516 60.1133 82.2368 83.4872 90.0284 95.2469 81.0957 74.0146 57.354 58.3649 64.0459 80.594 80.0256 77.5475 
87.0129 97.0065 499.1028 559.9829 827.3849 1199.1408 1013.768 1062.0281 912.1789 727.6537 1009.6222 597.4407 509.2429 95.2831 99.4798 98.0575 91.9011 77.0918 68.9877 66.7932 58.0172 55.9966 55.9303 53.2171 43.2683 40.6728 70.8985 83.1386 71.9333 64.0451 59.5817 54.0662 38.3222 21.7957 16.2804 19.3491 0 5.6517 9.579 17.4251 20.8246 17.3574 17.2828 33.6932 39.3124 46.5744 51.3453 70.0345 68.5725 75.1922 84.8466 72.3207 63.9114 55.0621 58.7551 63.4529 79.4307 78.6488 74.706 
84.9005 95.4805 494.7543 555.426 824.5628 1197.4691 1011.9191 1060.7179 912.0818 729.5847 1010.0261 596.7662 509.3077 94.8556 99.2924 98.2871 92.0953 77.8936 69.6875 67.6914 59.0596 56.5068 58.2869 55.8455 44.8927 42.9506 73.9868 86.1734 75.2162 67.4113 63.0791 57.7545 42.2415 24.2803 20.3097 24.7451 5.6517 0 3.9801 21.2791 21.1149 16.9586 14.4452 30.3931 34.7291 43.2398 48.1311 65.6201 63.4881 70.103 80.8199 68.8278 60.1254 53.7314 58.1406 62.4595 78.0501 77.2148 72.8918 
82.8384 93.7907 491.235 551.8 821.9071 1195.5296 1009.868 1059.0151 911.1961 730.1504 1009.4859 595.4982 508.5498 93.9171 98.5115 97.799 91.5954 77.8598 69.6103 67.7626 59.2742 56.36 59.4431 57.21 45.6185 44.1545 75.6184 87.736 76.9897 69.2691 65.0488 59.8859 44.62 25.9172 23.0333 28.3377 9.579 3.9801 0 23.8707 21.3828 16.9608 12.7223 27.7938 31.2103 40.5043 45.4507 62.1335 59.649 66.2589 77.5434 65.8989 57.03 52.3127 57.1955 61.2291 76.4978 75.6285 71.0597 
79.8018 87.849 498.5058 560.3857 820.6351 1188.9473 1004.0701 1050.9308 898.4528 710.9862 994.9846 584.9563 495.2862 83.2866 86.8686 84.5511 78.5418 62.6938 54.9381 52.3867 43.5306 42.7273 39.3017 36.3059 28.1361 24.4502 53.572 65.8215 54.5362 46.6343 42.1574 36.6566 20.9916 7.2182 1.3368 10.8595 17.4251 21.2791 23.8707 0 13.8719 14.6924 21.168 34.0574 43.882 45.4716 49.4112 71.9783 74.0938 80.5541 84.608 70.3186 63.4074 46.7031 48.1764 53.7044 70.2388 69.63 66.923 
67.6434 76.8042 484.7862 546.5724 808.6083 1178.8198 993.614 1041.4499 891.3977 708.7703 989.0454 576.6337 488.5062 74.4646 78.6619 77.3544 71.18 56.7796 48.5796 46.58 37.9808 35.427 38.5184 36.657 24.3229 23.5058 55.4329 67.3244 57.1313 49.7324 45.926 41.4568 28.0814 9.0537 14.4368 24.5345 20.8246 21.1149 21.3828 13.8719 0 4.4954 11.5906 20.4496 31.1117 31.5998 35.5816 58.1989 61.0144 67.3701 70.7495 56.5752 49.5394 34.9239 38.0159 42.9164 59.1515 58.428 54.9849 
69.9999 79.6965 485.365 546.8926 810.7732 1181.824 996.5011 1044.6708 895.2267 713.1961 993.0714 580.1922 492.403 78.103 82.4362 81.3355 75.1463 61.0097 52.7824 50.8587 42.3246 39.5727 42.9946 41.08 28.8155 27.9245 59.8147 71.7471 61.4603 53.994 50.0998 45.4723 31.5455 11.9133 14.8619 24.5614 17.3574 16.9586 16.9608 14.6924 4.4954 0 7.5537 19.6924 29.1957 31.8124 36.1581 57.6791 59.4017 65.8664 70.9908 57.314 49.7466 37.7406 41.4722 46.098 62.0976 61.3274 57.5338 
70.4565 81.1552 482.2031 543.3296 810.2965 1183.0556 997.482 1046.4009 898.5244 718.7503 996.9639 582.7767 495.9261 81.2588 85.9183 85.3914 79.1861 65.9423 57.6728 56.0249 47.803 44.4099 49.8005 48.1192 35.2941 34.998 66.9463 78.7636 68.6927 61.3205 57.5101 52.9719 39.0835 19.4133 21.0248 29.8469 17.2828 14.4452 12.7223 21.168 11.5906 7.5537 0 16.4169 23.497 29.2923 34.0697 53.4473 53.6669 60.2278 67.783 55.044 46.7311 39.5933 44.5627 48.5128 63.8089 62.9495 58.4952 
55.4207 67.1128 466.0469 527.3805 794.1841 1168.0601 982.2762 1031.8981 886.0848 711.147 985.5257 569.3477 483.9452 69.8005 74.9813 75.6256 69.5189 58.8012 50.7931 49.9773 43.2024 38.3179 49.8071 49.3921 35.325 37.6178 67.8486 78.6428 70.1956 63.7805 60.8623 57.5825 46.7441 29.3355 34.4024 44.2449 33.6932 30.3931 27.7938 34.0574 20.4496 19.6924 16.4169 0 12.1076 12.8908 17.7404 37.9926 40.7957 47.0497 51.5756 38.6281 30.4126 27.5246 34.4165 36.8045 50.3969 49.4318 44.2115 
58.1252 71.1467 460.0373 520.72 792.4132 1169.0038 982.8407 1033.6842 890.5101 719.457 990.9251 572.7186 488.9539 76.6383 82.1633 83.6775 77.7418 68.66 60.9407 60.4832 54.3412 49.1151 61.7514 61.447 47.3752 49.7205 79.8032 90.4183 82.2019 75.8632 72.9694 69.6614 58.4224 40.1652 43.9809 53.2567 39.3124 34.7291 31.2103 43.882 31.1117 29.1957 23.497 12.1076 0 15.0081 19.3261 30.9237 30.2517 36.7736 46.6089 36.4692 26.9851 35.6335 43.4495 44.5511 55.7626 54.704 48.6589 
43.8619 56.4465 453.5569 515.111 781.4037 1155.9912 970.0678 1020.1759 875.8734 704.6474 976.0533 558.4411 474.153 61.6701 67.2366 68.969 63.1177 55.1701 47.8656 47.8673 42.9397 37.2518 52.6913 53.2351 39.6159 43.3942 70.4577 80.1007 73.1669 67.7039 65.5472 63.2824 54.9107 39.8285 46.002 56.0516 46.5744 43.2398 40.5043 45.4716 31.5998 31.8124 29.2923 12.8908 15.0081 0 4.9922 27.1822 33.7237 39.1946 39.2093 25.7637 17.9658 21.525 29.7172 30.0014 40.7731 39.7205 33.7739 
39.0285 51.8353 449.2701 510.9909 776.4679 1151.0148 965.0813 1015.2401 871.2379 701.0668 971.6009 553.6544 469.6307 57.8912 63.5659 65.6828 59.9642 53.1575 46.2406 46.5663 42.4728 36.626 53.2497 54.1528 40.9775 45.2176 70.6971 79.817 73.5237 68.4796 66.6399 64.7925 57.4669 43.4538 50.0181 60.1133 51.3453 48.1311 45.4507 49.4112 35.5816 36.1581 34.0697 17.7404 19.3261 4.9922 0 24.735 33.3639 38.2725 35.2376 21.1648 14.2248 19.5565 27.8665 27.2117 36.5985 35.5228 29.3593 
42.7914 57.0958 429.135 489.9628 763.2545 1142.8438 956.2065 1008.7873 870.4745 709.8607 973.0041 550.8154 470.6073 69.6154 75.5949 79.6963 74.9015 72.6085 66.9983 68.0429 65.551 59.6361 77.3812 78.5621 65.6485 69.9525 94.358 102.6377 97.3091 92.7169 91.1173 89.467 82.0101 66.7599 72.371 82.2368 70.0345 65.6201 62.1335 71.9783 58.1989 57.6791 53.4473 37.9926 30.9237 27.1822 24.735 0 14.9614 16.4404 16.8896 16.1184 12.0107 41.5152 49.2026 46.2678 47.8952 46.8255 40.1928 
57.7291 72.0431 433.1074 492.9107 772.2417 1154.2234 967.3151 1020.8583 884.2684 724.8218 987.2408 564.1481 484.8385 84.1163 90.0915 93.8799 88.8558 85.1227 78.8538 79.5023 75.8265 69.9625 86.3473 86.9581 73.295 76.8285 103.9778 113.1744 106.7542 101.4196 99.2552 96.8377 87.3383 70.0215 74.2207 83.4872 68.5725 63.4881 59.649 74.0938 61.0144 59.4017 53.6669 40.7957 30.2517 33.7237 33.3639 14.9614 0 6.6199 29.2875 30.9598 24.7887 52.4091 60.5686 58.589 62.2084 61.1173 54.4009 
58.5102 72.6866 426.7851 486.4623 767.045 1150.0257 962.9851 1017.0561 881.8274 724.9105 985.3243 561.2905 482.9514 85.9247 91.9009 96.1105 91.341 88.7254 82.8189 83.6678 80.4963 74.5943 91.507 92.2935 78.7999 82.5351 108.9509 117.8075 111.7927 106.6917 104.6897 102.4714 93.3903 76.3483 80.7049 90.0284 75.1922 70.103 66.2589 80.5541 67.3701 65.8664 60.2278 47.0497 36.7736 39.1946 38.2725 16.4404 6.6199 0 27.2834 32.3275 27.8948 56.7321 64.7231 62.2499 64.2998 63.2361 56.6229 
34.4871 47.7909 414.4715 475.9059 746.4993 1126.0376 939.3594 992.1542 855.0009 698.26 958.1721 534.8787 455.7819 63.4843 69.3 74.6089 70.7761 72.4327 68.4379 70.1885 69.8172 64.1304 83.066 84.9554 73.4408 78.4376 98.6357 105.3179 101.7709 98.3116 97.4809 96.8003 91.7045 78.6851 85.1776 95.2469 84.8466 80.8199 77.5434 84.608 70.7495 70.9908 67.783 51.5756 46.6089 39.2093 35.2376 16.8896 29.2875 27.2834 0 15.6265 21.2473 46.5113 52.6631 48.103 43.7547 42.8645 37.2302 
26.831 41.1588 428.2112 490.1066 756.2265 1132.7256 946.4653 997.7691 857.0094 694.0099 958.8179 538.1016 456.4832 53.5978 59.5737 63.8915 59.3106 58.5903 53.8732 55.385 54.4525 48.6978 67.5268 69.3569 57.8377 62.8834 83.3649 90.4914 86.4684 82.8104 81.8977 81.1743 76.2973 64.0836 70.9866 81.0957 72.3207 68.8278 65.8989 70.3186 56.5752 57.314 55.044 38.6281 36.4692 25.7637 21.1648 16.1184 30.9598 32.3275 15.6265 0 9.6644 30.9224 37.3536 33.189 32.0937 31.0536 24.588 
34.9781 49.1587 435.6684 497.1531 765.4826 1142.3715 956.0883 1007.4328 866.3799 701.7211 967.9438 547.6376 465.6532 59.6452 65.5999 69.1582 64.0764 60.8329 55.0523 56.0499 53.5854 47.6746 65.6209 66.9448 54.3533 58.9187 82.4402 90.6312 85.4148 80.9775 79.528 78.1216 71.5418 57.6069 63.9566 74.0146 63.9114 60.1254 57.03 63.4074 49.5394 49.7466 46.7311 30.4126 26.9851 17.9658 14.2248 12.0107 24.7887 27.8948 21.2473 9.6644 0 29.5314 37.1935 34.3852 37.635 36.5316 29.7888 
33.109 41.9565 454.508 517.3311 773.9828 1144.085 958.7732 1007.0427 859.2002 684.034 958.2178 543.1875 456.8187 42.3335 47.4585 48.271 42.2395 33.7043 26.6858 27.1132 24.0631 18.162 36.6342 38.4445 27.6187 33.0659 52.9757 61.1579 55.9922 51.9574 50.9757 50.3995 47.208 39.5826 47.7285 57.354 55.0621 53.7314 52.3127 46.7031 34.9239 37.7406 39.5933 27.5246 35.6335 21.525 19.5565 41.5152 52.4091 56.7321 46.5113 30.9224 29.5314 0 8.3118 9.2825 24.3725 23.588 20.2235 
33.6602 39.778 456.7767 520.0358 772.8737 1141.0398 956.0095 1003.4703 854.0087 676.7369 952.4472 538.7203 451.3653 36.7312 41.3711 41.332 35.1783 25.4531 18.3842 18.9523 17.1608 11.6199 30.7965 33.2026 24.7932 30.5405 46.0132 53.5037 49.1262 45.8094 45.4017 45.6371 44.9617 40.9602 49.3323 58.3649 58.7551 58.1406 57.1955 48.1764 38.0159 41.4722 44.5627 34.4165 43.4495 29.7172 27.8665 49.2026 60.5686 64.7231 52.6631 37.3536 37.1935 8.3118 0 6.1042 22.356 21.8934 20.9759 
27.5565 34.1476 450.695 513.9911 767.099 1135.912 950.7637 998.5837 850.0903 674.9466 948.9821 534.3173 447.6398 33.0695 38.1771 39.1474 33.1909 26.535 20.8064 22.1961 22.3113 17.2099 36.3048 38.9206 30.8972 36.6437 50.6689 57.3122 53.8448 51.0453 50.9218 51.4373 51.0652 46.4899 54.8246 64.0459 63.4529 62.4595 61.2291 53.7044 42.9164 46.098 48.5128 36.8045 44.5511 30.0014 27.2117 46.2678 58.589 62.2499 48.103 33.189 34.3852 9.2825 6.1042 0 16.5488 15.996 14.9074 
13.3282 17.6646 435.8673 499.5818 750.5604 1119.7291 934.4653 982.684 835.6931 664.9408 935.4091 519.1369 433.6536 22.0323 27.9714 31.8138 27.2902 30.2319 28.8292 31.5403 35.4517 31.708 49.5136 52.7091 46.7505 52.4968 60.8753 64.8818 64.1223 62.9576 63.7542 65.2753 66.8393 63.0274 71.3497 80.594 79.4307 78.0501 76.4978 70.2388 59.1515 62.0976 63.8089 50.3969 55.7626 40.7731 36.5985 47.8952 62.2084 64.2998 43.7547 32.0937 37.635 24.3725 22.356 16.5488 0 1.113 7.8511 
13.0983 18.3791 435.9585 499.6131 751.1082 1120.4973 935.2036 983.5074 836.6694 666.0492 936.431 520.0522 434.6572 23.1423 29.0789 32.8745 28.2931 30.7972 29.1139 31.7622 35.4081 31.515 49.5134 52.6576 46.4185 52.1707 61.1546 65.3529 64.4021 63.1025 63.8167 65.2376 66.5382 62.4237 70.731 80.0256 78.6488 77.2148 75.6285 69.63 58.428 61.3274 62.9495 49.4318 54.704 39.7205 35.5228 46.8255 61.1173 63.2361 42.8645 31.0536 36.5316 23.588 21.8934 15.996 1.113 0 6.7444 
12.9635 22.9026 435.8013 499.085 753.7661 1124.5798 939.0914 987.9621 842.1877 672.6545 942.2853 525.1463 440.3832 29.8814 35.8223 39.5199 34.7502 35.349 32.295 34.5556 36.6408 31.9461 50.7997 53.6105 45.7142 51.4414 63.9445 69.167 67.1772 65.1233 65.3571 66.1783 65.858 59.7894 67.9518 77.5475 74.706 72.8918 71.0597 66.923 54.9849 57.5338 58.4952 44.2115 48.6589 33.7739 29.3593 40.1928 54.4009 56.6229 37.2302 24.588 29.7888 20.2235 20.9759 14.9074 7.8511 6.7444 0 
