27
F0 O0 F3 V1 D2 C2 I0 Z1 M0 A2 T1 W2 K1 X1 D1 X2 N0 C3 L0 J0 B0 U2 E0 O1 D3 P3 A0
0 14.97161 17.90825 11.09797 14.47817 13.03375 10.67314 12.6177 13.91788 18.89434 14.63385 19.81913 17.29245 12.09534 18.30001 11.80673 18.60356 10.77614 17.78237 15.4104 15.85533 12.67036 11.7759 18.29917 10.32439 16.08005 16.15952 
14.97161 0 17.62418 18.47319 15.87328 18.20664 12.2982 18.31124 18.43121 13.22902 11.53796 14.32668 19.1817 15.56875 17.42 11.84555 18.42865 15.78118 10.53463 12.08203 13.82043 12.05998 13.31398 15.4327 13.54035 13.93148 16.02723 
17.90825 17.62418 0 12.23383 17.79667 14.36019 12.87138 14.78295 10.697 18.66699 11.33431 12.36909 12.77617 18.00873 19.10162 12.56151 15.1215 18.26993 10.45775 14.23457 12.80701 12.64233 14.4836 11.39456 12.91948 13.32616 19.06128 
11.09797 18.47319 12.23383 0 12.28003 16.06962 19.91132 17.79989 17.93182 19.95405 10.68974 11.70305 18.39143 13.22382 14.82305 14.31428 19.74316 18.81562 11.73669 15.87178 10.56641 15.63512 11.76053 14.11887 15.97132 17.29098 19.58826 
14.47817 15.87328 17.79667 12.28003 0 10.30535 14.12715 18.52344 15.31966 12.9759 17.11398 15.99481 16.4392 17.52831 11.78408 13.19306 13.7847 15.5507 16.58674 16.52224 14.25117 19.20178 18.02731 15.44383 10.84514 12.99568 18.43689 
13.03375 18.20664 14.36019 16.06962 10.30535 0 17.83229 18.07955 15.89999 13.03074 15.70647 19.31539 17.00278 12.05927 19.72304 11.59079 13.25278 18.4219 19.70475 11.75482 19.01031 18.3725 16.33424 16.80003 19.54644 14.00528 12.03825 
10.67314 12.2982 12.87138 19.91132 14.12715 17.83229 0 10.00561 12.21905 14.37008 19.55355 16.49752 16.39958 13.86058 15.29251 11.07831 14.84567 16.77987 12.63537 18.02302 13.35012 17.95746 10.55187 12.6732 14.29649 16.86205 19.29383 
12.6177 18.31124 14.78295 17.79989 18.52344 18.07955 10.00561 0 16.91773 15.92088 13.96984 12.62629 19.02913 13.1473 14.234 18.79366 15.7458 12.73232 13.20785 18.54744 10.5674 12.62019 19.29004 18.67968 16.81252 17.93822 11.65421 
13.91788 18.43121 10.697 17.93182 15.31966 15.89999 12.21905 16.91773 0 16.43585 16.05778 15.36696 11.4385 17.74806 13.35656 19.84575 18.29156 14.58492 14.01961 19.71128 13.33998 18.886 11.83092 12.34627 11.64388 12.57875 14.29179 
18.89434 13.22902 18.66699 19.95405 12.9759 13.03074 14.37008 15.92088 16.43585 0 14.61113 19.57638 14.60254 16.91784 12.86545 13.525 16.42646 16.86152 11.87231 18.81674 12.4377 19.69456 12.64514 17.67588 15.29434 11.59044 19.96933 
14.63385 11.53796 11.33431 10.68974 17.11398 15.70647 19.55355 13.96984 16.05778 14.61113 0 13.09178 19.49247 10.45718 12.76783 17.61253 13.63372 13.89036 11.89971 17.78473 18.52937 14.1665 16.08524 16.02115 18.77068 16.58112 19.67558 
19.81913 14.32668 12.36909 11.70305 15.99481 19.31539 16.49752 12.62629 15.36696 19.57638 13.09178 0 12.24455 18.86907 15.80331 16.33916 13.73427 19.56683 11.04189 11.03809 12.87237 18.39194 15.73736 14.68436 18.2848 19.75888 11.36513 
17.29245 19.1817 12.77617 18.39143 16.4392 17.00278 16.39958 19.02913 11.4385 14.60254 19.49247 12.24455 0 10.66754 15.10974 16.91195 14.48783 12.82687 14.62351 18.56234 17.37474 19.58833 19.24412 17.87695 10.01199 10.75054 13.63799 
12.09534 15.56875 18.00873 13.22382 17.52831 12.05927 13.86058 13.1473 17.74806 16.91784 10.45718 18.86907 10.66754 0 14.49936 10.3509 13.20108 17.79644 10.51901 16.2073 11.26652 10.64909 17.24026 15.43829 10.67904 10.80886 12.49292 
18.30001 17.42 19.10162 14.82305 11.78408 19.72304 15.29251 14.234 13.35656 12.86545 12.76783 15.80331 15.10974 14.49936 0 10.34333 17.86609 16.38164 14.80686 14.53895 19.19192 16.37592 11.46498 11.57739 13.77805 11.4769 11.58467 
11.80673 11.84555 12.56151 14.31428 13.19306 11.59079 11.07831 18.79366 19.84575 13.525 17.61253 16.33916 16.91195 10.3509 10.34333 0 18.77571 19.5017 13.91952 10.12012 13.49606 14.47563 14.40737 16.17324 15.4565 12.25351 10.61815 
18.60356 18.42865 15.1215 19.74316 13.7847 13.25278 14.84567 15.7458 18.29156 16.42646 13.63372 13.73427 14.48783 13.20108 17.86609 18.77571 0 13.78253 19.2001 11.26198 10.46045 18.15455 15.73408 19.35062 16.02636 17.01994 18.70447 
10.77614 15.78118 18.26993 18.81562 15.5507 18.4219 16.77987 12.73232 14.58492 16.86152 13.89036 19.56683 12.82687 17.79644 16.38164 19.5017 13.78253 0 18.54487 11.3166 17.42741 12.62429 13.81464 11.1979 14.5746 10.75411 15.65946 
17.78237 10.53463 10.45775 11.73669 16.58674 19.70475 12.63537 13.20785 14.01961 11.87231 11.89971 11.04189 14.62351 10.51901 14.80686 13.91952 19.2001 18.54487 0 14.00301 14.25026 16.01533 11.74754 19.57771 17.75719 13.17977 14.75317 
15.4104 12.08203 14.23457 15.87178 16.52224 11.75482 18.02302 18.54744 19.71128 18.81674 17.78473 11.03809 18.56234 16.2073 14.53895 10.12012 11.26198 11.3166 14.00301 0 10.99039 10.04607 11.5254 12.37439 14.71894 11.56295 16.97897 
15.85533 13.82043 12.80701 10.56641 14.25117 19.01031 13.35012 10.5674 13.33998 12.4377 18.52937 12.87237 17.37474 11.26652 19.19192 13.49606 10.46045 17.42741 14.25026 10.99039 0 10.67374 16.78762 18.88032 15.32878 11.08287 13.47684 
12.67036 12.05998 12.64233 15.63512 19.20178 18.3725 17.95746 12.62019 18.886 19.69456 14.1665 18.39194 19.58833 10.64909 16.37592 14.47563 18.15455 12.62429 16.01533 10.04607 10.67374 0 14.49296 17.92343 18.04027 12.17643 11.57182 
11.7759 13.31398 14.4836 11.76053 18.02731 16.33424 10.55187 19.29004 11.83092 12.64514 16.08524 15.73736 19.24412 17.24026 11.46498 14.40737 15.73408 13.81464 11.74754 11.5254 16.78762 14.49296 0 10.37229 10.95284 17.08239 15.55979 
18.29917 15.4327 11.39456 14.11887 15.44383 16.80003 12.6732 18.67968 12.34627 17.67588 16.02115 14.68436 17.87695 15.43829 11.57739 16.17324 19.35062 11.1979 19.57771 12.37439 18.88032 17.92343 10.37229 0 12.59701 12.35922 11.66351 
10.32439 13.54035 12.91948 15.97132 10.84514 19.54644 14.29649 16.81252 11.64388 15.29434 18.77068 18.2848 10.01199 10.67904 13.77805 15.4565 16.02636 14.5746 17.75719 14.71894 15.32878 18.04027 10.95284 12.59701 0 10.94162 11.38556 
16.08005 13.93148 13.32616 17.29098 12.99568 14.00528 16.86205 17.93822 12.57875 11.59044 16.58112 19.75888 10.75054 10.80886 11.4769 12.25351 17.01994 10.75411 13.17977 11.56295 11.08287 12.17643 17.08239 12.35922 10.94162 0 10.37908 
16.15952 16.02723 19.06128 19.58826 18.43689 12.03825 19.29383 11.65421 14.29179 19.96933 19.67558 11.36513 13.63799 12.49292 11.58467 10.61815 18.70447 15.65946 14.75317 16.97897 13.47684 11.57182 15.55979 11.66351 11.38556 10.37908 0 
