16
V0 S1 X0 W0 F1 G1 O0 S0 C0 T1 P1 Q1 L0 D0 H0 A0
0 18.0278 10.0 9.4868 45.4863 54.0833 60.8769 59.203 42.7551 66.5282 65.8027 54.0093 19.2354 26.0192 39.5601 8.0623 
18.0278 0 8.0623 18.0278 48.8262 57.0088 66.0379 72.2496 59.7746 84.386 83.2166 69.8713 34.1321 38.6264 48.1664 24.0832 
10.0 8.0623 0 11.4018 45.9674 54.4518 62.6259 65.7647 51.923 76.4853 75.2728 62.3939 27.313 32.7567 44.1022 16.6433 
9.4868 18.0278 11.4018 0 36.4005 45.0 52.345 54.4518 42.5441 70.9366 66.2118 51.9711 28.0 35.2278 49.0408 17.1172 
45.4863 48.8262 45.9674 36.4005 0 8.6023 17.4642 38.833 49.0408 86.4002 68.5055 48.6004 61.0983 69.0797 84.0952 51.8845 
54.0833 57.0088 54.4518 45.0 8.6023 0 11.0 39.6232 54.3415 91.9837 72.0069 51.8845 69.4622 77.4726 92.5743 60.4152 
60.8769 66.0379 62.6259 52.345 17.4642 11.0 0 33.121 53.0094 90.3549 67.6757 47.8017 74.4312 82.4924 97.9439 66.4003 
59.203 72.2496 65.7647 54.4518 38.833 39.6232 33.121 0 28.3019 61.5224 35.5106 17.2627 64.3506 71.6101 86.8332 60.9262 
42.7551 59.7746 51.923 42.5441 49.0408 54.3415 53.0094 28.3019 0 37.6563 23.7065 13.8924 40.5216 46.6154 60.9016 41.0 
66.5282 84.386 76.4853 70.9366 86.4002 91.9837 90.3549 61.5224 37.6563 0 29.5296 44.2832 52.8394 53.4883 60.407 60.6053 
65.8027 83.2166 75.2728 66.2118 68.5055 72.0069 67.6757 35.5106 23.7065 29.5296 0 20.1246 60.0 64.3817 76.4003 62.9682 
54.0093 69.8713 62.3939 51.9711 48.6004 51.8845 47.8017 17.2627 13.8924 44.2832 20.1246 0 54.0833 60.4152 74.793 53.4603 
19.2354 34.1321 27.313 28.0 61.0983 69.4622 74.4312 64.3506 40.5216 52.8394 60.0 54.0833 0 8.0623 23.6008 11.1803 
26.0192 38.6264 32.7567 35.2278 69.0797 77.4726 82.4924 71.6101 46.6154 53.4883 64.3817 60.4152 8.0623 0 15.6205 18.1108 
39.5601 48.1664 44.1022 49.0408 84.0952 92.5743 97.9439 86.8332 60.9016 60.407 76.4003 74.793 23.6008 15.6205 0 32.311 
8.0623 24.0832 16.6433 17.1172 51.8845 60.4152 66.4003 60.9262 41.0 60.6053 62.9682 53.4603 11.1803 18.1108 32.311 0 
