29
18 14 94 7 24 48 17 23 44 8 6 37 2 42 41 49 38 32 30 40 9 3 16 95 29 57 20 50 89
0 2530548.0130000003 1601093.4016 4170168.8674999997 4948798.9782 5832219.5958 6117163.9706 5018453.768999999 3631842.4655999998 2974494.6529 9711474.196600001 7396844.6313000005 5512449.4469 2628484.3993 3181442.3714000005 3421444.1227 5003724.6234 5718204.4365 6383027.838 3111323.0448000003 5575334.8206 7869218.4988 3641865.1115 3343488.716 3729300.1067000004 3067795.6262000003 944053.5134 1471875.0268 1461090.5831 
2530548.0130000003 0 929454.6114 4118515.0109 4897145.1216 6464583.7257 5819089.7625 4720379.5609 6106990.8643 3193250.5195000004 9930230.0632 6883810.9966 4967389.7471 4508477.071500001 3400198.2380000004 3640199.9893000005 3343652.4069 6917810.1038 8112224.3608 3330078.9114000006 5794090.6872000005 8176460.6314 4440909.9697 4142533.5742000006 3948055.9733 3286551.4928 3474601.5264000003 3438282.6178 3991638.5961000007 
1601093.4016 929454.6114 0 3189060.3995000003 3967690.5102000004 5535129.1143 4889635.1511 3790924.9495 5177536.2529 2263795.9081 9000775.4518 7458480.561 5896844.358499999 3579022.4601000003 2470743.6266000005 2710745.3779 4273107.018300001 6604140.1823 7182769.7494 2400624.3000000003 4864636.0758 7247006.02 3511455.3583000004 3213078.9628000003 3018601.3619000004 2357096.8814000003 2545146.915 2508828.0064 3062183.9847 
4170168.8674999997 4118515.0109 3189060.3995000003 0 2750430.4131 5081019.6594 5726513.6226 5872286.9193 6030679.1756 4079108.0763000003 9295297.591200002 4269420.1615 5139243.9211 5394334.6283 4286055.7948 4526057.5461 3308799.33 6882957.0269 8998081.917599998 3942279.6844 6332936.5095999995 6709495.0882 2831448.6261 3129825.0216 4833913.5301 4172409.0496000005 5114222.380899999 5581727.702400001 4310314.0204 
4948798.9782 4897145.1216 3967690.5102000004 2750430.4131 0 2330589.2463 2976083.2095000003 4074793.4111 4530966.3765 3474090.0345 10211069.578200001 7019850.5746 5917874.0318 3657807.0189 3681037.753 3921039.5043 6059229.743100001 5035295.050500001 8003476.341500001 3337261.6426 5655375.1882 7099461.0592 3610078.7368 3908455.1323 4228895.4883 3567391.0078000003 5342237.904800001 4976709.6606 5088944.1311 
5832219.5958 6464583.7257 5535129.1143000005 5081019.6594 2330589.2463 0 645493.9632 1744204.1648 2200377.1302 3811039.7916 10548019.3353 9350439.8209 7818987.2634 5126266.3436 4017987.5101 4257989.2614 6519502.7241 5019092.5626 6790463.324200001 3674211.3997 5992324.9453 8374694.8895 4785042.458 4486666.0625 4565845.2454 3904340.7649000003 5841480.9311 5313659.4177 6479446.5325 
6117163.9706 5819089.7625 4889635.1511 5726513.6226 2976083.2095000003 645493.9632 0 1098710.2016 2485321.505 3165545.8284 9902525.3721 8808613.6192 7173493.3001999995 4480772.3804 3372493.5469000004 3612495.2982000005 5874008.7609 4373598.5994 7075407.699000001 3028717.4365 5346830.9821 7729200.9262999995 4139548.4948 3841172.0993 3920351.2822000002 3258846.8017 5195986.9679000005 4668165.4545 5833952.5693 
5018453.769 4720379.5609 3790924.9495 5872286.9193 4074793.4111 1744204.1648 1098710.2016 0 1386611.3034 2066835.6268 8803815.170500001 7709903.4176 6074783.098599999 3382062.1788 2273783.3453 2513785.0966000003 4775298.5593 5472308.801 5976697.497400001 1930007.2349 4248120.7805 6630490.7247 3040838.2932 2742461.8977 2821641.0806 2160136.6001 4097276.7663 3569455.2528999997 4735242.367699999 
3631842.4655999998 6106990.8643 5177536.252900001 6030679.175600001 4530966.3765 2200377.1302 2485321.505 1386611.3034 0 3453446.9302000003 10190426.473900001 9096514.720999999 7461394.402 4768673.4822 3660394.6487000003 3900396.4000000004 6161909.8627 6858920.1044 6051124.4208 3316618.5383 5634732.0839 7426583.936799999 3199230.5495 2900854.154 4208252.384 3546747.9035 4575895.979 4956066.5563 5092933.048699999 
2974494.6529 3193250.5195000004 2263795.9081 4079108.0763 3474090.0344999996 3811039.7916 3165545.8284 2066835.6268 3453446.9302000003 0 6736979.5437 5786769.964699999 4136267.4989 1315226.5520000001 206947.7185 446949.46979999996 2708462.9324999996 4340344.2742 4918973.8412999995 136828.3919 2600840.1677 4983210.1119 1247659.4501999998 949283.0547 754805.4537999999 93300.9733 2030441.1395 1502619.6261 2668406.7409 
9711474.1966 9930230.0632 9000775.4518 9295297.5912 10211069.5782 10548019.3353 9902525.372100001 8803815.170500001 10190426.4739 6736979.5437 0 5025877.4297 6942298.6792 8052206.0956999995 6943927.2622 7183929.013499999 9445442.4762 10050904.0331 11655953.385 6873807.9356 9337819.7114 11720189.6556 7984638.9939 7686262.5984000005 7491784.9975 6830280.517 8767420.6832 8239599.1698 9405386.2846 
7396844.6313000005 6883810.9966 7458480.561000001 4269420.1615 7019850.5746 9350439.8209 8808613.6192 7709903.4176 9096514.720999999 5786769.964699999 5025877.4297 0 1916421.2495 4768360.232 5596500.3672 5836502.1185 6138197.062000001 5025026.603399999 7993207.8944 5923598.3566 8387610.1324 8345404.9613 7034429.414899999 6736053.0194 6354973.471899999 5693468.9914 6452791.1179 6396516.3822 7569015.8493 
5512449.4469 4967389.7471 5896844.3585 5139243.9211 5917874.0318 7818987.2634 7173493.3002 6074783.0986 7461394.402 4136267.4989 6942298.6792 1916421.2495 0 3504644.9414999997 3945997.9014 4185999.6527 6164071.8454 3761311.3129 6729492.6039 4273095.8908 6608787.6395 6428983.7118 5383926.9491 5085550.5536 4704471.0061 4042966.5256 5189075.8274 5638887.125 5652594.5998 
2628484.3992999997 4508477.0715 3579022.4601 5394334.6283 3657807.0189 5126266.343599999 4480772.3804 3382062.1788 4768673.4821999995 1315226.552 8052206.0957 4768360.232 3504644.9414999997 0 1124956.9545 1364958.7058 3626472.1685 5468968.8796 6047598.446699999 1452054.9438999998 3916066.7197 6298436.6639 2562886.0022 2264509.6067 1883430.0592 1221925.5787 1684430.8858999999 2212252.3992999997 3983633.2929 
3181442.3714 3400198.238 2470743.6266 4286055.7948 3681037.753 4017987.5101 3372493.5469000004 2273783.3453 3660394.6487 206947.71850000002 6943927.262200001 5596500.3672 3945997.9014 1124956.9545 0 240001.7513 2501515.214 4360690.0461 4939319.6132 343776.1104 2807787.8862 5190157.8304 1454607.1687000003 1156230.7732000002 775151.2257 113646.7452 2237388.858 1709567.3446 2875354.4594 
3421444.1227 3640199.9893 2710745.3779 4526057.5461 3921039.5042999997 4257989.261399999 3612495.2982 2513785.0966 3900396.4 446949.4698 7183929.0135 5836502.1185 4185999.6527 1364958.7058 240001.7513 0 2261513.4626999996 4600691.7974 5179321.364499999 583777.8617 3047789.6375 5430159.5817 1694608.92 1396232.5245 1015152.977 353648.4965 2477390.6093 1949569.0959 3115356.2107 
5003724.6234 3343652.4069 4273107.0183 3308799.33 6059229.743100001 6519502.724099999 5874008.7609 4775298.5593 6161909.8626999995 2708462.9325 9445442.4762 6138197.062 6164071.8454 3626472.1684999997 2501515.214 2261513.4627 0 3574157.6969 6542338.9879 2845291.3244 5309303.100199999 7691673.044399999 3956122.3827 3657745.9872 3276666.4397 2615161.9592 4059671.11 3531849.5966 5376869.6734 
5718204.4365 6917810.1038 6604140.1822999995 6882957.0269 5035295.050500001 5019092.5626 4373598.5994 5472308.801 6858920.104400001 4340344.2742 10050904.0331 5025026.603399999 3761311.3129 5468968.8796 4360690.0461 4600691.7974 3574157.6969 0 2968181.291 4477172.6661 6941184.4419 8351499.194300001 5588003.7244 5289627.3289 4908547.7814 4247043.3009 4774150.9231 5301972.4365 7008751.0151 
6383027.838 8112224.360799999 7182769.749399999 8998081.917599998 8003476.341500001 6790463.324200001 7075407.699000001 5976697.497400001 6051124.4208 4918973.8412999995 11655953.385 7993207.894400001 6729492.6039 6047598.446699999 4939319.6132 5179321.364499999 6542338.9879 2968181.291 0 5055802.2332 7519814.009 8579455.5214 6166633.291499999 5868256.896 5487177.348499999 4825672.868 6949414.980799999 6421593.4673999995 7587380.5822 
3111323.0448 3330078.9114000006 2400624.3000000003 3942279.6844 3337261.6426 3674211.3997 3028717.4365 1930007.2349 3316618.5383 136828.3919 6873807.9356 5923598.3566 4273095.8908 1452054.9439 343776.1104 583777.8617 2845291.3244 4477172.6661 5055802.2332 0 2464011.7758 4846381.72 1110831.0583000001 812454.6628 891633.8457 230129.3652 2167269.5313999997 1639448.018 2805235.1328000003 
5575334.820599999 5794090.6872 4864636.0758 6332936.5095999995 5655375.1882 5992324.9453 5346830.982100001 4248120.7805 5634732.0839 2600840.1677 9337819.7114 8387610.1324 6608787.6395 3916066.7197 2807787.8862000005 3047789.6375000007 5309303.1002 6941184.4419 7519814.009 2464011.7758 0 2382369.9442 3574842.8341 3276466.4386 3355645.6215000004 2694141.1410000003 4631281.3072 4103459.7938 5269246.9086 
7869218.498799999 8176460.631399999 7247006.02 6709495.0882 7099461.0592 8374694.8895 7729200.9263 6630490.7247 7426583.936799999 4983210.1119 11720189.6556 8345404.961300001 6428983.7118 6298436.663899999 5190157.830399999 5430159.581699999 7691673.044399999 8351499.194300001 8579455.5214 4846381.72 2382369.9442 0 4227353.3873 4525729.782799999 5738015.565699999 5076511.0852 7013651.2513999995 6485829.738 7651616.8527999995 
3641865.1114999996 4440909.9697 3511455.3583000004 2831448.6261 3610078.7368 4785042.458000001 4139548.4948000005 3040838.2932 3199230.5494999997 1247659.4502 7984638.9939 7034429.4149 5383926.9491 2562886.0022 1454607.1687 1694608.92 3956122.3826999995 5588003.7244 6166633.291499999 1110831.0583000001 3574842.8341 4227353.3873 0 298376.3955 2002464.904 1340960.4235 3278100.5897 2750279.0763 3916066.1911000004 
3343488.716 4142533.5741999997 3213078.9628 3129825.0215999996 3908455.1322999997 4486666.0625 3841172.0993 2742461.8977 2900854.154 949283.0547 7686262.5984000005 6736053.0194 5085550.5536 2264509.6067 1156230.7732 1396232.5244999998 3657745.9872 5289627.3289 5868256.896 812454.6628 3276466.4386 4525729.782799999 298376.3955 0 1704088.5085 1042584.0279999999 2979724.1942000003 2451902.6808 3617689.7956 
3729300.1067 3948055.9732999997 3018601.3619 4833913.5301 4228895.4883 4565845.2454 3920351.2822000002 2821641.0806 4208252.384 754805.4537999999 7491784.9975000005 6354973.4719 4704471.0061 1883430.0592 775151.2257 1015152.977 3276666.4396999995 4908547.7814 5487177.348499999 891633.8457 3355645.6215 5738015.5657 2002464.904 1704088.5085 0 661504.4805 2785246.5933 2257425.0799 3423212.1947 
3067795.6262000003 3286551.4928 2357096.8814000003 4172409.0496 3567391.0078 3904340.7649 3258846.8016999997 2160136.6001 3546747.9035 93300.9733 6830280.517 5693468.9914 4042966.5256 1221925.5787 113646.7452 353648.4965 2615161.9592 4247043.3009 4825672.868 230129.3652 2694141.141 5076511.0852 1340960.4235 1042584.028 661504.4805 0 2123742.1128000002 1595920.5994 2761707.7142000003 
944053.5134 3474601.5264 2545146.915 5114222.3809 5342237.9048 5841480.9311 5195986.9679000005 4097276.7663000003 4575895.978999999 2030441.1395 8767420.6832 6452791.117899999 5189075.8274 1684430.8858999999 2237388.8580000005 2477390.6093 4059671.11 4774150.9231 6949414.980799999 2167269.5314 4631281.3072 7013651.2513999995 3278100.5897000004 2979724.1942000003 2785246.5933000003 2123742.1128000002 0 527821.5134 2405144.0965 
1471875.0268 3438282.6178 2508828.0064 5581727.7024 4976709.6606 5313659.4177 4668165.4545 3569455.2528999997 4956066.5563 1502619.6261 8239599.1698 6396516.3822 5638887.125 2212252.3993 1709567.3446 1949569.0959 3531849.5966 5301972.4365 6421593.4673999995 1639448.018 4103459.7938 6485829.738 2750279.0763000003 2451902.6808 2257425.0799 1595920.5994 527821.5134 0 2932965.6099000005 
1461090.5831 3991638.5960999997 3062183.9847 4310314.0204 5088944.1311 6479446.532499999 5833952.5693 4735242.367699999 5092933.048699999 2668406.7409 9405386.2846 7569015.849300001 5652594.5998 3983633.2929000002 2875354.4594000005 3115356.2107 5376869.6734 7008751.0151 7587380.5822 2805235.1328000003 5269246.9086 7651616.8527999995 3916066.1911000004 3617689.7956000003 3423212.1947000003 2761707.7142000003 2405144.0965 2932965.6099 0 
