57
CofLnw0Ss4pVGWmPS5oO gdO0wiBlQ8wFbeNyGtx5 8RfB73Lw8C9LbSwIxA9Q JWIkMKKlAG6fUoRVxKKI 804aK8wEArkuheeUiB4R q4nqG9N45SSRxndw48Xl yKQw7YXCNsthb1VWEFur 4S2YiI3VYPKghkl95iqK EVtx7khff7Fs8yuuQKJx ANdko3dYAy7a2BOq7wpm VXU331oDUcuzaGGUYIl9 a06qeiApctGnC1GMtGuJ 9zoM12ZWjXrKaszveCQH o85TEEBuzMbePdf5cbCv E59siIyngnj5PIsLeowv Ueu5MpmB6m0Tj07uN555 1tmkPhHujDQhTmW4oV7S WsVMGV8yZisK6ojnqzBE Osa2UT4anhyBl7doUFs5 JakuJordFcO229c3L5ct EY9cQTmyqhrzeZsobQa5 YFXFh0nBpGYXfL8mfny3 kaVGl3oG0Ulg2MgkbJB8 2chOacZ5nNYuf6eeGFSW DF1KTiOHBIkswyjh8uB1 hZHynIvymuQxD6BftzWt dvxgUZzwjHAP85QpElWp 4QLswP82Wvxw9Z42obzh PWUaVYPeofxjJdT472wG gRC6QGMaofieuDp4DxNK tX1uDaXm9hMlEKqU7m9j 48BAUsycKlkSkbOjYLFN bvNUsI1a9ORRkwy1plRX Dwi7fYT8wa9I4Kzyto4Y MSj6zOuZ0EoAKjP4wXXW Tr6dOTuKB3EM5juuJxqy ELEJN8tWDJT7mLhCdqW3 MEVVMgbTLIgXdG4vAbeX nsq4rhHWMCaIVcah5fcd ukPtLY7YueARRkX8hPaS 060q0aISPODkGeAbYbQ6 hvFnmSwhfuOmcUJJ8teU BrudisXSomFZhqJyPfJg zvH9G6FQ1xC7CVezs43e YIxKvTpWMaQKGFtD5BDH U7iVliqmXRkLwyPSNdfv eUyNsK7nwP1YPac54CbU zforAf5jhSPEL0aOiCeo 3M9YkxmgHhrzhCgskWR0 KOLHrmR3FKDMdl4SYdK9 enzXJAvcXabmrwWV3YuL kRqgoaGzBgIxzyW55b7b PIekFeWZsA6etqyFB2SF UkqILZ2p4EbRuMBIrGXp VuvjJGf6deKVAQ0JUD4i m1A3pMC42PQioFziqK5C PlmPdVeiiHQg3JYZCDWt
0 280.26935 188.83608 230.50865 321.8982 293.07811 325.31751 273.7721 299.49547 286.7946 217.32452 330.1486 419.70016 444.54759 570.1548 692.18657 643.4042 621.05399 572.13335 642.67688 657.35953 723.56551 816.40856 732.53531 786.1768 1000.63491 667.04308 529.68792 517.5526 436.62245 415.4805 403.04478 509.68774 649.97803 697.24823 713.34738 638.84974 618.42059 493.83795 407.66282 386.66766 398.00517 468.86396 564.77887 607.41146 506.26633 481.53419 162.20899 69.85072 83.07318 153.53544 200.29494 298.45662 321.93637 265.5838 210.09493 107.88929 
280.26935 0 231.20185 305.05971 430.40823 432.79842 521.71572 521.92923 562.05462 566.63379 496.19795 602.57601 639.24804 658.30074 806.80432 932.96359 920.22469 898.48823 848.72421 922.87674 937.60887 1002.52503 1096.18431 1009.26735 1053.72914 1267.81357 931.66606 805.89984 793.90404 713.36751 660.22304 632.14034 734.77038 876.13505 909.50202 908.70317 823.09749 817.35361 717.48938 586.3888 543.19852 497.98259 497.51775 658.36618 739.73623 661.0954 639.51566 379.35664 321.52183 362.69872 431.63465 452.2003 451.6113 480.1698 357.20617 233.67884 219.94833 
188.83608 231.20185 0 76.34045 202.31734 201.59806 295.41388 321.04944 372.00562 415.91972 373.60026 494.8334 607.85947 633.04743 753.70052 873.16862 789.8385 766.02064 720.68215 770.23348 779.34092 860.50735 928.10968 828.36986 854.39475 1065.73964 730.51568 627.91883 616.67845 540.12447 448.84742 413.12807 511.53856 651.31705 680.8533 677.89861 591.9372 587.19774 494.06877 355.778 312.0212 274.57896 305.87843 441.57397 513.37486 430.60248 408.66668 178.23724 172.2293 253.01887 318.83241 385.88344 478.41747 503.91269 423.27124 326.31905 235.02023 
230.50865 305.05971 76.34045 0 126.15771 130.27089 234.77004 284.92382 341.23357 406.1641 379.94706 501.25634 637.77331 664.19544 773.23483 888.46601 779.18367 754.83966 712.21947 749.82797 756.12203 843.75722 898.45068 793.12342 808.57859 1017.12091 684.62865 596.98238 586.36962 513.73269 399.81393 358.18924 451.16403 588.42143 613.63874 607.12277 519.94351 517.97282 433.67678 286.51573 239.45965 198.41861 241.02234 366.16557 437.13754 356.06158 334.69404 156.84528 190.98088 276.64722 333.82348 413.7248 528.49883 552.37524 483.73798 394.90709 297.96939 
321.8982 430.40823 202.31734 126.15771 0 47.39547 155.54469 254.62739 314.14795 410.31504 411.74857 525.76572 693.57275 721.24834 810.13121 916.68193 766.85622 742.15414 705.11159 721.53874 722.83432 819.87411 851.50768 738.02703 734.35701 935.79039 612.30402 554.28888 545.16602 482.50244 331.26753 279.63102 356.25908 485.46684 502.08632 488.97781 400.01924 403.42294 339.31363 177.24919 122.91577 76.98382 168.36292 246.34763 311.06441 232.15785 212.12281 186.73334 263.46743 342.30466 382.19631 474.53876 616.04855 637.15062 586.2944 509.35304 407.74111 
293.07811 432.79842 201.59806 130.27089 47.39547 0 115.95839 207.56178 267.17373 363.12582 366.84646 479.56921 651.04208 678.86598 764.58962 870.21786 719.80057 695.10027 657.8301 675.61376 677.4607 773.63814 808.32491 696.24357 697.54988 901.68824 574.6319 509.84742 500.47974 436.42939 291.12642 242.17518 326.58869 460.86963 483.71801 477.06355 390.4541 387.70715 309.26354 156.34834 110.47984 109.35395 214.7669 271.90591 321.27132 230.60228 207.88282 146.6061 230.17639 304.79523 340.19051 434.1494 582.05583 602.10195 558.65993 489.33519 385.83056 
325.31751 521.71572 295.41388 234.77004 155.54469 115.95839 0 125.04291 178.15925 292.87953 323.11034 419.87603 613.94165 642.10896 706.1353 802.34904 624.80299 600.19635 567.05997 572.15879 571.57305 671.60649 696.55627 582.50763 581.60968 786.3841 458.6807 401.24357 392.64604 335.00544 175.84734 126.32245 216.73347 355.90366 388.19605 393.52673 314.70606 299.54097 199.23261 84.6393 90.56096 177.18385 302.95057 291.11788 296.4215 188.93219 164.28998 163.6607 255.51284 306.04383 317.08685 414.28631 583.7272 599.42059 581.58207 534.58216 430.45275 
273.7721 521.92923 321.04944 284.92382 254.62739 207.56178 125.04291 0 59.70236 167.83746 205.78529 295.37059 494.40706 522.49082 581.24646 677.60939 512.24628 487.54515 450.79577 470.47696 474.3086 567.42176 613.59475 508.9852 534.94343 747.84338 411.59165 312.15398 301.67819 231.62217 142.05715 134.17357 239.05254 377.22343 428.51437 452.95699 389.28169 359.16528 224.30937 197.4417 215.56678 295.66891 417.20593 415.34974 409.15269 300.72062 277.60903 144.92643 209.59103 225.88662 214.12064 307.92622 487.20923 499.33769 502.70684 479.53992 381.0758 
299.49547 562.05462 372.00562 341.23357 314.14795 267.17373 178.15925 59.70236 0 122.27396 181.8151 251.95132 460.01806 487.74557 534.10205 625.8043 452.72109 428.01867 391.85091 411.27583 415.76967 507.88607 557.78903 456.39995 491.68218 705.87465 370.07785 256.55152 245.62634 172.97028 128.7995 145.83452 238.92921 367.88199 426.5102 459.68765 405.47616 369.00636 227.07633 240.92142 267.26354 352.76715 475.63583 463.66448 446.54553 339.62595 318.08393 193.79784 242.2776 237.94496 207.93979 293.20194 477.14301 486.08285 505.30252 496.67567 403.55028 
286.7946 566.63379 415.91972 406.1641 410.31504 363.12582 292.87953 167.83746 122.27396 0 89.88403 129.69973 339.88438 367.30547 413.70575 510.49127 374.36196 350.34895 306.29667 358.70028 371.59441 445.39779 529.63243 448.53018 515.91625 728.12821 405.17686 248.32578 236.1083 156.25298 234.80407 264.72227 346.82216 461.49357 526.84099 567.81303 521.1413 480.94249 337.68236 361.84443 383.3982 460.0699 577.44033 582.69483 568.81659 461.7586 439.96858 249.37333 253.1766 206.51352 146.1678 201.46074 383.76267 387.8066 431.78702 451.11195 374.20328 
217.32452 496.19795 373.60026 379.94706 411.74857 366.84646 323.11034 205.78529 181.8151 89.88403 0 121.7424 290.88254 319.0524 398.87944 509.71594 426.30448 403.79892 355.1926 427.8819 444.43783 506.45547 606.17012 532.40457 604.86602 816.29657 495.01791 335.34847 323.20271 244.70921 307.89807 326.90047 419.67787 542.5079 604.94183 640.98502 586.89551 550.79468 408.49627 401.82883 411.61995 472.42416 579.77489 612.6752 614.59672 506.05271 482.57215 230.62685 201.86622 134.2572 64.66991 114.52303 299.0059 305.79048 342.12451 363.79987 292.96003 
330.1486 602.57601 494.8334 501.25634 525.76572 479.56921 419.87603 295.37059 251.95132 129.69973 121.7424 0 216.35524 242.68157 286.81316 391.20625 319.27202 298.77581 247.91981 340.65829 362.45579 406.30841 526.39541 472.45765 566.88162 769.30926 472.40507 297.071 286.28276 224.07521 357.89574 392.6745 468.02113 571.1007 640.15289 686.47486 645.66391 603.07162 460.57524 491.11705 510.37669 581.50893 694.11076 710.7 698.49379 591.44742 569.58306 349.69603 322.72181 248.86671 178.42539 161.97217 310.81072 306.23413 385.52307 439.76707 388.68167 
419.70016 639.24804 607.85947 637.77331 693.57275 651.04208 613.94165 494.40706 460.01806 339.88438 290.88254 216.35524 0 28.16996 172.22058 297.96639 408.16801 398.11087 352.10823 474.80228 503.17802 502.64478 656.45545 635.4734 748.80174 936.11038 669.39999 492.41602 483.32282 433.43706 573.05133 604.45937 683.90464 786.52017 856.16042 902.81083 860.50005 818.84138 675.97477 691.6498 702.44157 758.99752 858.95596 903.3865 903.35328 795.05737 772.01424 507.13043 446.80641 361.1467 311.42125 224.0521 211.43207 188.47488 317.68677 422.1252 423.41904 
444.54759 658.30074 633.04743 664.19544 721.24834 678.86598 642.10896 522.49082 487.74557 367.30547 319.0524 242.68157 28.16996 0 161.58704 284.96769 417.27633 408.69885 364.35371 488.38784 517.26423 511.13852 667.88063 651.51084 767.17362 951.6388 690.4666 513.85718 505.06641 457.43593 599.9959 631.97478 710.59844 811.79086 881.78326 929.08363 887.57921 845.60038 702.86492 719.76207 730.60819 786.91864 886.39343 931.54558 931.38709 823.11524 800.09975 534.71965 473.29909 387.68682 339.05537 250.55746 222.18024 197.22245 329.1713 437.74404 444.21254 
570.1548 806.80432 753.70052 773.23483 810.13121 764.58962 706.1353 581.24646 534.10205 413.70575 398.87944 286.81316 172.22058 161.58704 0 126.42895 307.31123 307.06024 276.01846 398.55343 428.91671 393.57372 559.86108 569.9912 698.18077 861.08859 644.1873 478.04956 472.40274 449.50527 624.24749 667.20546 726.97166 804.91345 878.15687 934.07442 907.36425 860.10341 722.93204 774.9565 796.69392 867.89853 978.37918 996.39635 978.0361 872.72789 851.82326 629.06687 584.78321 500.93007 439.4174 369.89379 382.80748 358.5468 489.51046 593.7811 588.42104 
692.18657 932.96359 873.16862 888.46601 916.68193 870.21786 802.34904 677.60939 625.8043 510.49127 509.71594 391.20625 297.96639 284.96769 126.42895 0 298.71261 308.48425 297.20946 401.51935 430.63568 364.84319 531.74876 569.28003 703.87349 841.87936 671.32327 521.88984 518.95823 514.59173 700.95498 748.99412 796.00662 856.66283 930.58691 991.3857 974.84895 925.03619 794.35777 865.42525 892.49072 970.19258 1084.93992 1089.19179 1060.85908 958.62491 939.19922 740.08068 702.52469 620.18933 555.85088 492.5317 507.13454 482.03378 614.09811 719.96438 714.2404 
643.4042 920.22469 789.8385 779.18367 766.85622 719.80057 624.80299 512.24628 452.72109 374.36196 426.30448 319.27202 408.16801 417.27633 307.31123 298.71261 0 24.70252 71.51849 103.67623 132.07993 94.79369 253.76103 271.00926 405.17782 554.39115 379.95873 257.61695 259.46713 291.96172 480.51223 536.45319 553.27375 584.64967 657.6077 723.30282 722.38919 669.88469 556.29237 667.09269 707.7059 801.96204 926.91393 887.0939 835.33086 743.93724 728.99635 622.46339 623.15827 560.43319 489.91429 479.04546 592.48159 577.85184 685.3765 755.25587 707.9226 
621.05399 898.48823 766.02064 754.83966 742.15414 695.10027 600.19635 487.54515 428.01867 350.34895 403.79892 298.77581 398.11087 408.69885 307.06024 308.48425 24.70252 0 51.39705 93.89699 123.89411 109.52373 259.38199 265.00104 397.26684 554.23935 365.21865 236.13736 237.41568 267.6729 456.75248 512.50752 530.98568 565.65697 638.90157 703.96598 701.25731 648.92919 533.67718 642.90119 683.25799 777.34558 902.25232 863.22041 812.40655 720.38896 705.25281 598.16195 599.80959 538.02299 467.66486 459.44176 577.70232 563.93478 668.93921 736.33207 687.11737 
572.13335 848.72421 720.68215 712.21947 705.11159 657.8301 567.05997 450.79577 391.85091 306.29667 355.1926 247.91981 352.10823 364.35371 276.01846 297.20946 71.51849 51.39705 0 125.40679 155.30391 160.77618 304.44326 294.9923 422.18369 590.93525 375.58254 227.26541 225.88505 240.89388 432.61326 486.7122 514.73451 562.02416 635.85564 698.58691 689.31419 637.86895 515.81536 614.63228 652.27054 743.69926 867.43282 837.03952 792.05426 696.66438 680.28498 555.37467 553.00337 489.21295 418.61171 408.21524 527.42192 514.19981 617.87493 684.97554 636.50262 
642.67688 922.87674 770.23348 749.82797 721.53874 675.61376 572.15879 470.47696 411.27583 358.70028 427.8819 340.65829 474.80228 488.38784 398.55343 401.51935 103.67623 93.89699 125.40679 0 30.36826 100.39377 186.9749 171.66905 303.37361 465.5342 277.80269 178.41153 183.97105 239.23528 413.40746 470.90528 472.41942 489.48566 561.43087 628.66939 634.27625 581.21745 477.63215 603.83921 649.27893 748.18944 874.76696 817.86455 757.18303 671.7732 659.061 595.69795 611.76043 560.23506 492.4848 502.00883 639.41979 628.62734 723.75443 779.33703 719.61787 
657.35953 937.60887 779.34092 756.12203 722.83432 677.4607 571.57305 474.3086 415.76967 371.59441 444.43783 362.45579 503.17802 517.26423 428.91671 430.63568 132.07993 123.89411 155.30391 30.36826 0 110.36829 163.99177 141.33574 273.6124 435.72473 253.53138 172.26324 179.56236 242.8055 408.41484 466.08049 460.92584 470.20185 541.31118 609.3771 618.58211 565.38078 467.13595 599.16405 646.23376 746.47748 873.28444 810.15805 745.89543 663.27181 651.51874 603.41863 623.77682 575.44048 508.78346 522.87534 664.42322 654.31812 746.97479 799.46441 737.07702 
723.56551 1002.52503 860.50735 843.75722 819.87411 773.63814 671.60649 567.42176 507.88607 445.39779 506.45547 406.30841 502.64478 511.13852 393.57372 364.84319 94.79369 109.52373 160.77618 100.39377 110.36829 0 168.1629 218.36487 353.52524 477.11554 357.06607 278.52571 284.32896 337.4277 513.7993 571.29851 570.75307 578.86971 649.14893 717.85816 728.81314 675.59506 576.55978 704.22282 749.45344 847.96658 974.41704 917.97346 855.72288 771.63157 759.18552 688.32587 697.96163 640.52896 570.91562 567.72362 686.68452 672.39556 778.44678 845.0611 793.4847 
816.40856 1096.18431 928.10968 898.45068 851.50768 808.32491 696.55627 613.59475 557.78903 529.63243 606.17012 526.39541 656.45545 667.88063 559.86108 531.74876 253.76103 259.38199 304.44326 186.9749 163.99177 168.1629 0 123.98194 227.84984 310.81942 284.99931 301.46881 312.182 388.17276 523.39724 579.51742 547.75464 514.34291 576.10633 646.92874 677.84886 625.73564 558.14445 709.55218 761.61359 865.02739 991.22936 904.51063 824.94253 756.87028 749.45636 750.27796 778.90408 735.3757 670.09805 686.8394 826.27506 815.11344 910.49437 963.20276 899.12372 
732.53531 1009.26735 828.36986 793.12342 738.02703 696.24357 582.50763 508.9852 456.39995 448.53018 532.40457 472.45765 635.4734 651.51084 569.9912 569.28003 271.00926 265.00104 294.9923 171.66905 141.33574 218.36487 123.98194 0 135.87873 300.8969 161.94215 203.38011 215.36377 296.05795 407.37101 462.15118 424.75324 392.18971 456.07457 526.74882 554.54673 502.22315 435.63635 590.13084 643.37416 747.30602 872.82201 781.38368 700.97161 633.94189 627.15939 650.19473 688.40184 654.46 593.85805 625.699 782.12159 774.90327 856.66894 895.6969 822.71129 
786.1768 1053.72914 854.39475 808.57859 734.35701 697.54988 581.60968 534.94343 491.68218 515.91625 604.86602 566.88162 748.80174 767.17362 698.18077 703.87349 405.17782 397.26684 422.18369 303.37361 273.6124 353.52524 227.84984 135.87873 0 214.50342 124.01609 272.14191 283.84832 360.17366 408.92184 455.41476 389.16223 313.95873 364.99392 434.8857 480.57642 431.99548 403.80531 569.50483 626.09815 729.49844 850.13877 733.87929 640.25227 591.17963 589.61337 679.86972 733.39953 714.09742 661.23083 708.61775 877.07435 873.09898 942.08201 966.61587 884.33003 
1000.63491 1267.81357 1065.73964 1017.12091 935.79039 901.68824 786.3841 747.84338 705.87465 728.12821 816.29657 769.30926 936.11038 951.6388 861.08859 841.87936 554.39115 554.23935 590.93525 465.5342 435.72473 477.11554 310.81942 300.8969 214.50342 0 336.34247 481.244 493.3041 571.90239 617.72079 660.28704 581.92799 476.79009 504.74865 566.04133 633.3308 592.59741 598.12756 764.78701 822.05091 923.2355 1038.80645 904.48869 800.32054 770.2587 772.92085 892.6694 947.78862 928.0953 873.98563 917.08228 1080.02659 1073.9551 1150.06563 1179.23221 1098.32322 
667.04308 931.66606 730.51568 684.62865 612.30402 574.6319 458.6807 411.59165 370.07785 405.17686 495.01791 472.40507 669.39999 690.4666 644.1873 671.32327 379.95873 365.21865 375.58254 277.80269 253.53138 357.06607 284.99931 161.94215 124.01609 336.34247 0 177.21539 186.99402 253.44538 285.12397 332.80309 274.65024 230.4151 296.01824 366.3054 392.85151 340.78778 287.84397 450.91793 506.80607 610.77474 733.3381 627.84422 542.30005 481.93002 477.75771 556.48011 612.30576 597.36715 548.13752 603.19887 778.09557 776.75496 835.98819 852.80562 767.26547 
529.68792 805.89984 627.91883 596.98238 554.28888 509.84742 401.24357 312.15398 256.55152 248.32578 335.34847 297.071 492.41602 513.85718 478.04956 521.88984 257.61695 236.13736 227.26541 178.41153 172.26324 278.52571 301.46881 203.38011 272.14191 481.244 177.21539 0 12.22487 93.13055 236.16776 293.82907 296.41865 335.03076 408.93186 471.32647 465.14402 412.91915 300.49862 426.91653 474.16902 574.96809 701.82731 639.47381 580.21853 493.39881 480.6759 449.75528 485.05312 452.62683 394.48148 436.66384 605.81243 602.89566 670.07692 698.92455 621.88897 
517.5526 793.90404 616.67845 586.36962 545.16602 500.47974 392.64604 301.67819 245.62634 236.1083 323.20271 286.28276 483.32282 505.06641 472.40274 518.95823 259.46713 237.41568 225.88505 183.97105 179.56236 284.32896 312.182 215.36377 283.84832 493.3041 186.99402 12.22487 0 80.95743 229.55233 287.13496 293.82884 337.71126 411.63381 473.09014 464.55229 412.63689 297.22561 420.17898 466.6982 566.99717 693.83048 634.15163 576.76939 488.56344 475.35331 438.56998 473.14629 440.42194 382.26663 424.83395 594.5499 591.87144 658.27395 686.74504 609.66721 
436.62245 713.36751 540.12447 513.73269 482.50244 436.42939 335.00544 231.62217 172.97028 156.25298 244.70921 224.07521 433.43706 457.43593 449.50527 514.59173 291.96172 267.6729 240.89388 239.23528 242.8055 337.4277 388.17276 296.05795 360.17366 571.90239 253.44538 93.13055 80.95743 0 191.8525 245.92762 281.4276 358.1044 430.36251 484.64276 460.77988 411.93678 279.99616 375.28793 416.03518 511.98983 637.94215 596.55109 552.31546 455.79686 439.43458 362.68865 393.04821 359.54727 302.30682 350.13022 525.03047 524.5627 583.35027 607.36015 528.98092 
415.4805 660.22304 448.84742 399.81393 331.26753 291.12642 175.84734 142.05715 128.7995 234.80407 307.89807 357.89574 573.05133 599.9959 624.24749 700.95498 480.51223 456.75248 432.61326 413.40746 408.41484 513.7993 523.39724 407.37101 408.92184 617.72079 285.12397 236.16776 229.55233 191.8525 0 57.66781 112.28578 239.64891 297.84452 333.75116 287.77333 246.17351 102.9828 190.74993 239.28547 341.89461 468.47025 406.68213 361.13119 264.1104 248.50044 280.87087 351.61299 362.30431 336.68541 420.95033 605.33178 613.47935 633.57974 619.33155 522.37435 
403.04478 632.14034 413.12807 358.18924 279.63102 242.17518 126.32245 134.17357 145.83452 264.72227 326.90047 392.6745 604.45937 631.97478 667.20546 748.99412 536.45319 512.50752 486.7122 470.90528 466.08049 571.29851 579.51742 462.15118 455.41476 660.28704 332.80309 293.82907 287.13496 245.92762 57.66781 0 106.66567 247.89298 295.03967 319.20295 260.00726 226.11881 90.90161 133.08831 182.26185 285.52495 411.77957 350.76908 311.98097 210.84807 193.60521 255.42658 335.6821 359.92522 345.45623 435.96327 618.1339 628.72977 636.8174 611.33293 510.92463 
509.68774 734.77038 511.53856 451.16403 356.25908 326.58869 216.73347 239.05254 238.92921 346.82216 419.67787 468.02113 683.90464 710.59844 726.97166 796.00662 553.27375 530.98568 514.73451 472.41942 460.92584 570.75307 547.75464 424.75324 389.16223 581.92799 274.65024 296.41865 293.82884 281.4276 112.28578 106.66567 0 141.96121 189.61686 221.49877 180.39533 135.08704 17.50098 182.85985 240.13068 341.83216 461.01345 356.75779 284.98015 209.18884 203.33272 360.78113 442.31799 464.78207 445.41652 532.07794 716.05385 724.87609 740.10207 717.71838 617.55971 
649.97803 876.13505 651.31705 588.42143 485.46684 460.86963 355.90366 377.22343 367.88199 461.49357 542.5079 571.1007 786.52017 811.79086 804.91345 856.66283 584.64967 565.65697 562.02416 489.48566 470.20185 578.86971 514.34291 392.18971 313.95873 476.79009 230.4151 335.03076 337.71126 358.1044 239.64891 247.89298 141.96121 0 73.92447 139.21198 166.72499 118.63988 158.94977 308.22489 363.94181 458.18977 566.58574 428.12635 328.03639 294.74561 299.82227 502.71429 583.30444 601.29004 575.72123 656.81133 841.45671 847.85319 873.11663 856.76167 757.71485 
697.24823 909.50202 680.8533 613.63874 502.08632 483.71801 388.19605 428.51437 426.5102 526.84099 604.94183 640.15289 856.16042 881.78326 878.15687 930.58691 657.6077 638.90157 635.85564 561.43087 541.31118 649.14893 576.10633 456.07457 364.99392 504.74865 296.01824 408.93186 411.63381 430.36251 297.84452 295.03967 189.61686 73.92447 0 70.82543 130.10873 100.99281 204.27136 327.46462 379.19101 464.13963 561.87059 406.64327 297.40435 289.38014 300.32871 543.94236 628.97174 654.3427 634.05839 718.55862 903.07456 910.73195 929.58015 906.18253 805.10321 
713.34738 908.70317 677.89861 607.12277 488.97781 477.06355 393.52673 452.95699 459.68765 567.81303 640.98502 686.47486 902.81083 929.08363 934.07442 991.3857 723.30282 703.96598 698.58691 628.66939 609.3771 717.85816 646.92874 526.74882 434.8857 566.04133 366.3054 471.32647 473.09014 484.64276 333.75116 319.20295 221.49877 139.21198 70.82543 0 90.6748 94.93326 232.61152 322.33555 368.06085 441.75961 528.09428 361.28057 247.41974 262.83475 278.70841 555.08884 643.91515 677.7043 664.28322 752.82808 936.26107 945.74914 955.54253 923.40258 820.50627 
638.84974 823.09749 591.9372 519.94351 400.01924 390.4541 314.70606 389.28169 405.47616 521.1413 586.89551 645.66391 860.50005 887.57921 907.36425 974.84895 722.38919 701.25731 689.31419 634.27625 618.58211 728.81314 677.84886 554.54673 480.57642 633.3308 392.85151 465.14402 464.55229 460.77988 287.77333 260.00726 180.39533 166.72499 130.10873 90.6748 0 53.2444 185.51324 238.30324 280.48401 351.20087 438.6091 277.08434 167.41357 172.21997 188.70666 478.15165 569.02861 609.7004 603.27876 695.45392 876.40241 887.90141 888.20509 848.70987 744.86935 
618.42059 817.35361 587.19774 517.97282 403.42294 387.70715 299.54097 359.16528 369.00636 480.94249 550.79468 603.07162 818.84138 845.60038 860.10341 925.03619 669.88469 648.92919 637.86895 581.21745 565.38078 675.59506 625.73564 502.22315 431.99548 592.59741 340.78778 412.91915 412.63689 411.93678 246.17351 226.11881 135.08704 118.63988 100.99281 94.93326 53.2444 0 143.26983 231.6089 280.86603 363.33276 461.55397 312.21298 209.47503 188.59793 199.37861 460.41512 549.00905 583.2919 571.57464 661.48009 844.16946 854.3902 861.38362 828.47117 725.61272 
493.83795 717.48938 494.06877 433.67678 339.31363 309.26354 199.23261 224.30937 227.07633 337.68236 408.49627 460.57524 675.97477 702.86492 722.93204 794.35777 556.29237 533.67718 515.81536 477.63215 467.13595 576.55978 558.14445 435.63635 403.80531 598.12756 287.84397 300.49862 297.22561 279.99616 102.9828 90.90161 17.50098 158.94977 204.27136 232.61152 185.51324 143.26983 0 166.80935 224.00186 326.27172 446.40947 346.8985 279.72927 199.02861 191.54635 343.99771 426.19479 450.18874 432.4637 520.23196 703.83766 713.1437 726.20401 702.23437 601.72609 
407.66282 586.3888 355.778 286.51573 177.24919 156.34834 84.6393 197.4417 240.92142 361.84443 401.82883 491.11705 691.6498 719.76207 774.9565 865.42525 667.09269 642.90119 614.63228 603.83921 599.16405 704.22282 709.55218 590.13084 569.50483 764.78701 450.91793 426.91653 420.17898 375.28793 190.74993 133.08831 182.85985 308.22489 327.46462 322.33555 238.30324 231.6089 166.80935 0 57.28591 160.01743 283.1478 224.21287 213.46196 105.12423 80.97272 245.45695 338.12283 390.68223 400.10863 497.03776 668.11401 683.49922 665.84285 615.80694 511.34223 
386.66766 543.19852 312.0212 239.45965 122.91577 110.47984 90.56096 215.56678 267.26354 383.3982 411.61995 510.37669 702.44157 730.60819 796.69392 892.49072 707.7059 683.25799 652.27054 649.27893 646.23376 749.45344 761.61359 643.37416 626.09815 822.05091 506.80607 474.16902 466.6982 416.03518 239.28547 182.26185 240.13068 363.94181 379.19101 368.06085 280.48401 280.86603 224.00186 57.28591 0 104.20691 229.6215 201.1954 220.89885 121.96981 98.27713 226.7908 318.86969 381.29661 400.80202 498.01053 661.33259 678.69917 649.99319 590.56296 486.11815 
398.00517 497.98259 274.57896 198.41861 76.98382 109.35395 177.18385 295.66891 352.76715 460.0699 472.42416 581.50893 758.99752 786.91864 867.89853 970.19258 801.96204 777.34558 743.69926 748.18944 746.47748 847.96658 865.02739 747.30602 729.49844 923.2355 610.77474 574.96809 566.99717 511.98983 341.89461 285.52495 341.83216 458.18977 464.13963 441.75961 351.20087 363.33276 326.27172 160.01743 104.20691 0 126.86208 169.53264 242.10597 179.00459 164.19361 255.9595 337.78633 414.01368 448.81334 543.30583 690.33146 710.80353 662.86407 586.18791 484.71975 
468.86396 497.51775 305.87843 241.02234 168.36292 214.7669 302.95057 417.20593 475.63583 577.44033 579.77489 694.11076 858.95596 886.39343 978.37918 1084.93992 926.91393 902.25232 867.43282 874.76696 873.28444 974.41704 991.22936 872.82201 850.13877 1038.80645 733.3381 701.82731 693.83048 637.94215 468.47025 411.77957 461.01345 566.58574 561.87059 528.09428 438.6091 461.55397 446.40947 283.1478 229.6215 126.86208 0 184.92031 294.52217 273.31987 266.81272 352.16125 419.37001 502.45349 547.73014 637.61404 767.2674 790.24026 724.69955 632.17275 538.18866 
564.77887 658.36618 441.57397 366.16557 246.34763 271.90591 291.11788 415.34974 463.66448 582.69483 612.6752 710.7 903.3865 931.54558 996.39635 1089.19179 887.0939 863.22041 837.03952 817.86455 810.15805 917.97346 904.51063 781.38368 733.87929 904.48869 627.84422 639.47381 634.15163 596.55109 406.68213 350.76908 356.75779 428.12635 406.64327 361.28057 277.08434 312.21298 346.8985 224.21287 201.1954 169.53264 184.92031 0 115.48552 147.87925 158.80612 414.68107 501.8342 573.15961 599.24961 695.99722 852.46795 871.57098 830.27493 755.68899 653.95068 
607.41146 739.73623 513.37486 437.13754 311.06441 321.27132 296.4215 409.15269 446.54553 568.81659 614.59672 698.49379 903.35328 931.38709 978.0361 1060.85908 835.33086 812.40655 792.05426 757.18303 745.89543 855.72288 824.94253 700.97161 640.25227 800.32054 542.30005 580.21853 576.76939 552.31546 361.13119 311.98097 284.98015 328.03639 297.40435 247.41974 167.41357 209.47503 279.72927 213.46196 220.89885 242.10597 294.52217 115.48552 0 108.56896 132.50883 447.57306 539.76839 600.19073 613.30634 710.36322 879.41708 895.63282 870.85205 809.58109 705.45471 
506.26633 661.0954 430.60248 356.06158 232.15785 230.60228 188.93219 300.72062 339.62595 461.7586 506.05271 591.44742 795.05737 823.11524 872.72789 958.62491 743.93724 720.38896 696.66438 671.7732 663.27181 771.63157 756.87028 633.94189 591.17963 770.2587 481.93002 493.39881 488.56344 455.79686 264.1104 210.84807 209.18884 294.74561 289.38014 262.83475 172.21997 188.59793 199.02861 105.12423 121.96981 179.00459 273.31987 147.87925 108.56896 0 24.875 344.73712 437.53011 494.2781 505.2242 602.161 772.62559 788.32778 767.50419 711.80166 607.26644 
481.53419 639.51566 408.66668 334.69404 212.12281 207.88282 164.28998 277.60903 318.08393 439.96858 482.57215 569.58306 772.01424 800.09975 851.82326 939.19922 728.99635 705.25281 680.28498 659.061 651.51874 759.18552 749.45636 627.15939 589.61337 772.92085 477.75771 480.6759 475.35331 439.43458 248.50044 193.60521 203.33272 299.82227 300.32871 278.70841 188.70666 199.37861 191.54635 80.97272 98.27713 164.19361 266.81272 158.80612 132.50883 24.875 0 319.92605 412.73565 469.45031 480.87171 577.88495 747.90935 763.71045 742.63918 687.32963 582.77839 
162.20899 379.35664 178.23724 156.84528 186.73334 146.6061 163.6607 144.92643 193.79784 249.37333 230.62685 349.69603 507.13043 534.71965 629.06687 740.08068 622.46339 598.16195 555.37467 595.69795 603.41863 688.32587 750.27796 650.19473 679.86972 892.6694 556.48011 449.75528 438.56998 362.68865 280.87087 255.42658 360.78113 502.71429 543.94236 555.08884 478.15165 460.41512 343.99771 245.45695 226.7908 255.9595 352.16125 414.68107 447.57306 344.73712 319.92605 0 92.86041 158.72751 195.71933 287.98852 437.8512 456.94718 423.29974 370.94214 266.79821 
69.85072 321.52183 172.2293 190.98088 263.46743 230.17639 255.51284 209.59103 242.2776 253.1766 201.86622 322.72181 446.80641 473.29909 584.78321 702.52469 623.15827 599.80959 553.00337 611.76043 623.77682 697.96163 778.90408 688.40184 733.39953 947.78862 612.30576 485.05312 473.14629 393.04821 351.61299 335.6821 442.31799 583.30444 628.97174 643.91515 569.02861 549.00905 426.19479 338.12283 318.86969 337.78633 419.37001 501.8342 539.76839 437.53011 412.73565 92.86041 0 85.66671 146.96482 222.77184 352.65599 373.71954 331.26256 279.7697 176.63038 
83.07318 362.69872 253.01887 276.64722 342.30466 304.79523 306.04383 225.88662 237.94496 206.51352 134.2572 248.86671 361.1467 387.68682 500.93007 620.18933 560.43319 538.02299 489.21295 560.23506 575.44048 640.52896 735.3757 654.46 714.09742 928.0953 597.36715 452.62683 440.42194 359.54727 362.30431 359.92522 464.78207 601.29004 654.3427 677.7043 609.7004 583.2919 450.18874 390.68223 381.29661 414.01368 502.45349 573.15961 600.19073 494.2781 469.45031 158.72751 85.66671 0 70.8733 137.13383 280.13889 298.44365 278.51535 258.83205 170.23637 
153.53544 431.63465 318.83241 333.82348 382.19631 340.19051 317.08685 214.12064 207.93979 146.1678 64.66991 178.42539 311.42125 339.05537 439.4174 555.85088 489.91429 467.66486 418.61171 492.4848 508.78346 570.91562 670.09805 593.85805 661.23083 873.98563 548.13752 394.48148 382.26663 302.30682 336.68541 345.45623 445.41652 575.72123 634.05839 664.28322 603.27876 571.57464 432.4637 400.10863 400.80202 448.81334 547.73014 599.24961 613.30634 505.2242 480.87171 195.71933 146.96482 70.8733 0 97.29372 273.12451 285.49829 298.0881 305.38524 229.44843 
200.29494 452.2003 385.88344 413.7248 474.53876 434.1494 414.28631 307.92622 293.20194 201.46074 114.52303 161.97217 224.0521 250.55746 369.89379 492.5317 479.04546 459.44176 408.21524 502.00883 522.87534 567.72362 686.8394 625.699 708.61775 917.08228 603.19887 436.66384 424.83395 350.13022 420.95033 435.96327 532.07794 656.81133 718.55862 752.82808 695.45392 661.48009 520.23196 497.03776 498.01053 543.30583 637.61404 695.99722 710.36322 602.161 577.88495 287.98852 222.77184 137.13383 97.29372 0 184.66112 192.94133 233.47284 277.795 233.37801 
298.45662 451.6113 478.41747 528.49883 616.04855 582.05583 583.7272 487.20923 477.14301 383.76267 299.0059 310.81072 211.43207 222.18024 382.80748 507.13454 592.48159 577.70232 527.42192 639.41979 664.42322 686.68452 826.27506 782.12159 877.07435 1080.02659 778.09557 605.81243 594.5499 525.03047 605.33178 618.1339 716.05385 841.45671 903.07456 936.26107 876.40241 844.16946 703.83766 668.11401 661.33259 690.33146 767.2674 852.46795 879.41708 772.62559 747.90935 437.8512 352.65599 280.13889 273.12451 184.66112 0 28.56305 107.01596 221.52776 254.8878 
321.93637 480.1698 503.91269 552.37524 637.15062 602.10195 599.42059 499.33769 486.08285 387.8066 305.79048 306.23413 188.47488 197.22245 358.5468 482.03378 577.85184 563.93478 514.19981 628.62734 654.31812 672.39556 815.11344 774.90327 873.09898 1073.9551 776.75496 602.89566 591.87144 524.5627 613.47935 628.72977 724.87609 847.85319 910.73195 945.74914 887.90141 854.3902 713.1437 683.49922 678.69917 710.80353 790.24026 871.57098 895.63282 788.32778 763.71045 456.94718 373.71954 298.44365 285.49829 192.94133 28.56305 0 133.32085 249.81623 282.49958 
265.5838 357.20617 423.27124 483.73798 586.2944 558.65993 581.58207 502.70684 505.30252 431.78702 342.12451 385.52307 317.68677 329.1713 489.51046 614.09811 685.3765 668.93921 617.87493 723.75443 746.97479 778.44678 910.49437 856.66894 942.08201 1150.06563 835.98819 670.07692 658.27395 583.35027 633.57974 636.8174 740.10207 873.11663 929.58015 955.54253 888.20509 861.38362 726.20401 665.84285 649.99319 662.86407 724.69955 830.27493 870.85205 767.50419 742.63918 423.29974 331.26256 278.51535 298.0881 233.47284 107.01596 133.32085 0 123.53074 188.3787 
210.09493 233.67884 326.31905 394.90709 509.35304 489.33519 534.58216 479.53992 496.67567 451.11195 363.79987 439.76707 422.1252 437.74404 593.7811 719.96438 755.25587 736.33207 684.97554 779.33703 799.46441 845.0611 963.20276 895.6969 966.61587 1179.23221 852.80562 698.92455 686.74504 607.36015 619.33155 611.33293 717.71838 856.76167 906.18253 923.40258 848.70987 828.47117 702.23437 615.80694 590.56296 586.18791 632.17275 755.68899 809.58109 711.80166 687.32963 370.94214 279.7697 258.83205 305.38524 277.795 221.52776 249.81623 123.53074 0 104.57013 
107.88929 219.94833 235.02023 297.96939 407.74111 385.83056 430.45275 381.0758 403.55028 374.20328 292.96003 388.68167 423.41904 444.21254 588.42104 714.2404 707.9226 687.11737 636.50262 719.61787 737.07702 793.4847 899.12372 822.71129 884.33003 1098.32322 767.26547 621.88897 609.66721 528.98092 522.37435 510.92463 617.55971 757.71485 805.10321 820.50627 744.86935 725.61272 601.72609 511.34223 486.11815 484.71975 538.18866 653.95068 705.45471 607.26644 582.77839 266.79821 176.63038 170.23637 229.44843 233.37801 254.8878 282.49958 188.3787 104.57013 0 
