28
o2dWBGyrvosFrr6mKxkG K674cUKePzN7aRSq4iqU olDP1pNg8HxpvCq8TOIJ fbJ1XhavEsRSCGVVB1U1 69TQpRojisYUrVnWqBaA o9XvbKLK829LHx1fwro4 wy0RiFWOddqgqdcatQ9A m1eNgjuhkxodElFqqgdb VThEkwdtHmaZ1zsmfh4s EY74ASuADSlYlDTJLkL6 ki0pv73E3TweydEr2xMN saIZq3FqZhdVPNoQWmqU C4VxHS7oWghMg001nCqT MrSQPZSbMdgYshneAfKf KtbSULrz2h1IxsKP2DHz w5Yg5o0VnYd77fs4XPRL lRM59z2yUMoVl3kzgo9u bVCSBWLjvEmxQEUvDzc4 X0l14s0sRXjXSeLRZLOJ jy3jNWgqegakpFSv6gUm e3j3O8zLHFaoF4L54lX4 oTKjE2BVS0AvV4XvUeLk 6yzFaM9N8M8BsjLACDds vy2boLWO2lxg10y7uS0y nmetx4LmU9YBYTmghDrT itlYcr1HLIijK6IEih7d jHmvxfAZsjs2mCnHbbFf myBc2oGXtwQIbhN8LZB1
0 94.08696 112.68797 166.00883 264.87151 213.01324 225.39326 451.48725 440.58925 424.94504 634.24944 674.12856 782.16788 658.6522 467.37309 651.60347 701.40181 856.02467 1007.24768 755.84172 891.16365 769.83984 646.91585 451.06126 587.20696 632.79578 668.54139 463.35259 
94.08696 0 31.98226 94.66851 219.08678 212.57893 258.11879 471.32584 426.10198 421.28383 662.51648 702.38683 799.48924 670.40451 529.97107 721.65036 757.0141 905.67031 1067.53534 827.20808 967.21615 848.05798 728.02716 545.08186 681.2924 726.81231 761.82856 556.5437 
112.68797 31.98226 0 62.88358 187.58047 189.39872 242.94893 449.61831 397.43044 394.57015 642.15733 681.9002 775.98652 645.92321 521.84641 716.04415 745.17242 891.29893 1056.91519 821.97247 964.16683 846.44206 728.42936 559.85117 696.72797 741.34609 773.85491 568.66836 
166.00883 94.66851 62.88358 0 129.50331 161.33596 232.22779 418.26155 347.88197 350.73096 612.51549 651.75315 738.31641 606.3277 519.92436 717.68319 733.83292 873.94728 1046.99815 823.81979 969.81147 855.30668 741.72137 599.62301 736.97374 779.92875 808.04842 603.99331 
264.87151 219.08678 187.58047 129.50331 0 116.77024 202.39462 323.23103 224.16936 235.68475 515.09762 552.81926 626.59742 493.03173 478.25928 676.79612 667.26727 794.19612 978.93937 781.21216 932.62558 826.32945 724.11661 643.76703 779.1423 817.37354 834.7509 637.83412 
213.01324 212.57893 189.39872 161.33596 116.77024 0 86.34827 260.40846 227.81105 213.20685 453.68709 493.27487 587.0004 457.90934 370.58045 569.84427 574.97432 712.85164 888.26929 675.36063 824.86659 715.41403 609.93719 533.28824 667.19216 704.02576 719.28978 524.45585 
225.39326 258.11879 242.94893 232.22779 202.39462 86.34827 0 226.73919 253.14708 221.93094 409.712 449.66163 557.01269 435.343 288.69078 487.48676 503.30905 648.37825 815.97016 593.42518 741.53542 630.5096 523.76647 461.07964 592.0843 626.68313 638.28924 447.74931 
451.48725 471.32584 449.61831 418.26155 323.23103 260.40846 226.73919 0 165.62471 117.27242 194.34761 233.4917 330.79779 209.47475 247.138 413.98912 361.24205 473.44594 665.09524 507.43237 661.05028 575.22197 505.58793 587.63152 697.51408 719.17223 707.77075 556.57881 
440.58925 426.10198 397.43044 347.88197 224.16936 227.81105 253.14708 165.62471 0 50.55824 323.93411 356.85694 409.60955 276.14115 402.28295 578.78172 523.23074 621.19574 819.69687 673.05227 826.66982 739.60008 663.99473 695.90354 818.27997 846.22237 844.19867 673.44816 
424.94504 421.28383 394.57015 350.73096 235.68475 213.20685 221.93094 117.27242 50.55824 0 288.6064 323.92455 390.93351 257.48645 351.74863 528.95984 477.55526 581.83527 777.80673 624.0782 777.85153 689.57147 613.439 652.41245 772.6924 799.55215 795.98724 628.26207 
634.24944 662.51648 642.15733 612.51549 515.09762 453.68709 409.712 194.34761 323.93411 288.6064 0 39.96519 166.56965 119.02856 281.71654 354.30399 238.0949 299.81922 502.80272 418.19406 560.73069 506.38541 480.39996 670.52002 754.50409 763.88873 734.19367 628.79394 
674.12856 702.38683 681.9002 651.75315 552.81926 493.27487 449.66163 233.4917 356.85694 323.92455 39.96519 0 135.55096 123.73739 310.61016 362.98025 234.37801 274.05769 479.1298 417.84327 555.09812 509.36668 493.39735 699.7244 779.22691 786.53372 753.89373 656.74181 
782.16788 799.48924 775.98652 738.31641 626.59742 587.0004 557.01269 330.79779 409.60955 390.93351 166.56965 135.55096 0 133.80448 446.02653 484.93884 342.31007 320.48768 519.50721 524.38659 647.55817 620.1983 619.17216 835.18948 914.04149 920.28109 885.52763 792.29184 
658.6522 670.40451 645.92321 606.3277 493.03173 457.90934 435.343 209.47475 276.14115 257.48645 119.02856 123.73739 133.80448 0 379.8431 472.72974 355.11973 392.13167 597.8537 536.71846 677.29008 625.40649 596.58648 761.83362 855.47069 868.50125 843.22448 723.62332 
467.37309 529.97107 521.84641 519.92436 478.25928 370.58045 288.69078 247.138 402.28295 351.74863 281.71654 310.61016 446.02653 379.8431 0 199.2659 238.01508 399.34863 539.88592 304.89563 454.64015 349.59219 261.9025 389.17322 475.6937 489.27246 468.55043 347.09512 
651.60347 721.65036 716.04415 717.68319 676.79612 569.84427 487.48676 413.98912 578.78172 528.95984 354.30399 362.98025 484.93884 472.72974 199.2659 0 152.41877 293.52856 371.49939 106.15196 255.87869 161.54783 136.70477 438.93704 470.24716 462.7359 414.75905 387.48446 
701.40181 757.0141 745.17242 733.83292 667.26727 574.97432 503.30905 361.24205 523.23074 477.55526 238.0949 234.37801 342.31007 355.11973 238.01508 152.41877 0 163.7284 313.30174 184.06733 322.63591 278.21461 288.86556 572.26114 617.86936 613.25607 567.00023 522.34566 
856.02467 905.67031 891.29893 873.94728 794.19612 712.85164 648.37825 473.44594 621.19574 581.83527 299.81922 274.05769 320.48768 392.13167 399.34863 293.52856 163.7284 0 205.72588 268.96711 349.71064 363.54174 419.57253 729.31197 762.76045 752.19278 698.45388 678.47244 
1007.24768 1067.53534 1056.91519 1046.99815 978.93937 888.26929 815.97016 665.09524 819.69687 777.80673 502.80272 479.1298 519.50721 597.8537 539.88592 371.49939 313.30174 205.72588 0 288.01338 263.80933 346.88677 453.81826 794.76185 792.73512 769.54462 704.1775 743.07261 
755.84172 827.20808 821.97247 823.81979 781.21216 675.36063 593.42518 507.43237 673.05227 624.0782 418.19406 417.84327 524.38659 536.71846 304.89563 106.15196 184.06733 268.96711 288.01338 0 153.94979 97.8106 167.50375 506.79026 512.53366 495.00258 435.82204 455.07747 
891.16365 967.21615 964.16683 969.81147 932.62558 824.86659 741.53542 661.05028 826.66982 777.85153 560.73069 555.09812 647.55817 677.29008 454.64015 255.87869 322.63591 349.71064 263.80933 153.94979 0 125.24009 254.1926 585.41161 555.3072 525.06385 455.44266 536.20549 
769.83984 848.05798 846.44206 855.30668 826.32945 715.41403 630.5096 575.22197 739.60008 689.57147 506.38541 509.36668 620.1983 625.40649 349.59219 161.54783 278.21461 363.54174 346.88677 97.8106 125.24009 0 128.9561 464.36977 446.99085 422.66184 357.85432 414.26121 
646.91585 728.02716 728.42936 741.72137 724.11661 609.93719 523.76647 505.58793 663.99473 613.439 480.39996 493.39735 619.17216 596.58648 261.9025 136.70477 288.86556 419.57253 453.81826 167.50375 254.1926 128.9561 0 342.38387 346.59162 332.81987 280.07188 291.14473 
451.06126 545.08186 559.85117 599.62301 643.76703 533.28824 461.07964 587.63152 695.90354 652.41245 670.52002 699.7244 835.18948 761.83362 389.17322 438.93704 572.26114 729.31197 794.76185 506.79026 585.41161 464.36977 342.38387 0 137.35544 181.73464 224.04331 51.82108 
587.20696 681.2924 696.72797 736.97374 779.1423 667.19216 592.0843 697.51408 818.27997 772.6924 754.50409 779.22691 914.04149 855.47069 475.6937 470.24716 617.86936 762.76045 792.73512 512.53366 555.3072 446.99085 346.59162 137.35544 0 50.47014 116.58547 145.22837 
632.79578 726.81231 741.34609 779.92875 817.37354 704.02576 626.68313 719.17223 846.22237 799.55215 763.88873 786.53372 920.28109 868.50125 489.27246 462.7359 613.25607 752.19278 769.54462 495.00258 525.06385 422.66184 332.81987 181.73464 50.47014 0 72.99392 179.59633 
668.54139 761.82856 773.85491 808.04842 834.7509 719.28978 638.28924 707.77075 844.19867 795.98724 734.19367 753.89373 885.52763 843.22448 468.55043 414.75905 567.00023 698.45388 704.1775 435.82204 455.44266 357.85432 280.07188 224.04331 116.58547 72.99392 0 205.29951 
463.35259 556.5437 568.66836 603.99331 637.83412 524.45585 447.74931 556.57881 673.44816 628.26207 628.79394 656.74181 792.29184 723.62332 347.09512 387.48446 522.34566 678.47244 743.07261 455.07747 536.20549 414.26121 291.14473 51.82108 145.22837 179.59633 205.29951 0 
