16
rks wij lfo nnf yix rqh vya vch qpe rwk aea rga tyl oam wfa zcf
0 23.7839 32.68513 37.83118 39.5152 47.17998 100.00694 99.49553 52.6255 72.86991 97.02578 72.51802 58.42454 52.488699999999994 35.64389 10.12587 
23.7839 0 14.71629 19.84651 21.81948 23.89229 78.81089 78.41198 36.5408 65.64731 87.37085 72.144 60.832609999999995 55.2416 53.03086 33.90977 
32.68513 14.71629 0 5.14605 7.72668 20.25409 81.8057 81.53789 46.71649 78.50148 98.85213 86.41184 74.62549999999999 69.92157 65.8136 42.811 
37.83118 19.84651 5.14605 0 2.58063 19.579349999999998 82.99546 82.78024 50.615700000000004 82.92727 102.79949 91.31914 79.55808 75.01118 70.69043 45.49886 
39.5152 21.81948 7.72668 2.58063 0 16.99872 81.99079 81.79846 51.05428 83.96375 103.37236 92.93853 81.22377 76.79138 73.07897 47.99799 
47.17998 23.89229 20.25409 19.579349999999998 16.99872 0 64.99207 65.89058 38.73594 73.11949 90.30211 85.0828 78.44086 71.9718 76.52212 55.36096 
100.00694 78.81089 81.8057 82.99546 81.99079 64.99207 0 0.89851 50.48735 63.96911 60.30556 84.50421 85.33044 87.1958 113.15173 101.89502999999999 
99.49553 78.41198 81.53789 82.78024 81.79846 65.89058 0.89851 0 49.58884 64.51378 61.20407 83.6057 84.48373 86.29729 112.43882 100.99652 
52.6255 36.5408 46.71649 50.615700000000004 51.05428 38.73594 50.48735 49.58884 0 35.83167 52.31808 49.16059 43.46496 42.0558 63.09199 51.40768 
72.86991 65.64731 78.50148 82.92727 83.96375 73.11949 63.96911 64.51378 35.83167 0 24.80269 20.87747 25.84149 30.5496 65.12029 67.02357 
97.02578 87.37085 98.85213 102.79949 103.37236 90.30211 60.30556 61.20407 52.31808 24.80269 0 38.45159 49.38758 55.352289999999996 89.40138 91.63248 
72.51802 72.144 86.41184 91.31914 92.93853 85.0828 84.50421 83.6057 49.16059 20.87747 38.45159 0 14.35281 20.82187 54.72641 64.47459 
58.42454 60.832609999999995 74.62549999999999 79.55808 81.22377 78.44086 85.33044 84.48373 43.46496 25.84149 49.38758 14.35281 0 6.46906 41.74716 50.18176 
52.488699999999994 55.2416 69.92157 75.01118 76.79138 71.9718 87.1958 86.29729 42.0558 30.5496 55.352289999999996 20.82187 6.46906 0 35.2781 43.86788 
35.64389 53.03086 65.8136 70.69043 73.07897 76.52212 113.15173 112.43882 63.09199 65.12029 89.40138 54.72641 41.74716 35.2781 0 25.51802 
10.12587 33.90977 42.811 45.49886 47.99799 55.36096 101.89503 100.99652 51.40768 67.02357 91.63248 64.47459 50.18176 43.86788 25.51802 0 
