32
oqv rti ijd dqy jwx yiy hip ncc ipq gcw mtd eqa mis ykc mpw cib ufa sau ubo hcc ivp zuz uyd vxn uua hwc scm wcd taj gei hyb azv
0 9.3387 26.858780000000003 31.05198 36.64004 40.57816 52.74486 74.55635 54.12991 53.54533 58.2394 69.75783 87.6052 93.60636 97.62991 104.13907 97.11922 94.75907 69.88846 43.56162 59.67892 63.64387 80.46886 76.53546 85.27389 67.59353999999999 73.6525 61.86064 46.37454 48.83675 23.53136 4.09699 
9.3387 0 27.55118 31.67478 39.35675 46.13631 58.58175 79.84979 58.630019999999995 56.98673 61.45225 71.79394 89.55596 90.36322 94.38677 100.4999 92.99448 89.55953 63.98078 34.74051 50.92067 55.06704 71.61753 67.19676 78.7004 63.77147 69.36564 59.24009 44.50147 48.37333 31.23026 12.18999 
26.858780000000003 27.55118 0 6.62277 16.08421 30.22761 39.77635 58.72053 36.37634 33.83609 37.62108 46.86712 64.53298 68.94734 72.94186 79.74667 73.2759 72.57449 49.7968 36.44035 51.55285 54.09707 67.7891 61.0143 66.26204 44.804339999999996 50.36802 37.03435 21.30426 23.58538 24.91165 22.76179 
31.05198 31.67478 6.62277 0 10.3291 23.99953 34.95478 52.87034 30.4689 28.08098 31.16071 40.2668 57.92206 64.91389 68.79932 75.85678 69.88655 70.16766 49.05324 40.798809999999996 54.82007 57.10417 69.73461 62.48143 65.70546 40.80693 47.66734 33.07469 17.41713 17.94998 25.7909 28.05851 
36.64004 39.35675 16.08421 10.3291 0 14.82119 24.81004 42.67161 22.511139999999997 17.75188 22.10419 33.13362 50.97499 65.99841 69.7794 77.23192 72.27682 74.29475 55.6451 51.02746 64.71872 66.78023 78.72266 71.05519 72.29769 44.6296 51.68678 35.6361 21.77073 18.19837 23.78445 32.99327 
40.57816 46.13631 30.22761 23.99953 14.82119 0 12.47876 33.98336 15.07151 17.42454 22.00924 35.81875 52.40672 77.38372 80.95206 88.62707 84.55657 87.72466 70.38663 64.46432 78.81960000000001 81.1037 93.37039 85.84815 86.75955 58.26277 65.32326 48.76632 36.371790000000004 31.35903 19.63648 36.49375 
52.74486 58.58175 39.77635 34.95478 24.81004 12.47876 0 22.09131 20.21134 23.66238 19.06746 32.11563 46.404669999999996 79.30798 82.57655 90.3702 87.45603 92.26626 77.5997 75.723 89.52663 91.49186 102.7541 94.89948 93.68806 63.70256 70.5396 53.85171 43.91525 37.54076 30.57486 48.97251 
74.55635 79.84979 58.72053 52.87034 42.67161 33.98336 22.09131 0 22.40144 26.53461 24.34452 28.84658 34.25443 79.02455 81.49619999999999 89.10023 88.4559 95.9533 86.91825 92.75635 104.87673 106.13186 115.09958 106.78827 101.61222 70.58331 76.58664 61.0501 56.25498 48.59969 52.66617 70.47028 
54.12991 58.630019999999995 36.37634 30.4689 22.511139999999997 15.07151 20.21134 22.40144 0 5.92128 8.37907 21.97712 37.727779999999996 68.61086 71.75492 79.54962 76.76929 81.90065 68.84083 70.56825 83.28387000000001 84.79256 94.92894 86.83767 84.23185 53.78788 60.49228 43.9099 35.6374 28.54369 34.61726 50.13504 
53.54533 56.98673 33.83609 28.08098 17.75188 17.42454 23.66238 26.53461 5.92128 0 4.83353 18.40368 35.38243 62.91485 66.20524 73.98868 71.0121 76.01599 62.99917 66.73901000000001 78.50038 79.8676 89.54859 81.38439 78.38518 47.88027 54.588170000000005 38.00317 30.27945 22.95836 37.06102 49.88821 
58.2394 61.45225 37.62108 31.16071 22.10419 22.00924 19.06746 24.34452 8.37907 4.83353 0 13.89421 30.57772 60.68613 63.68991 71.48445 69.18444 75.34656 63.08926 69.279 80.75238 81.87745 90.80151 82.51278 78.32845 47.47048 53.92124 37.67304 31.93948 24.25596 40.79915 54.40197 
69.75783 71.79394 46.86712 40.2668 33.13362 35.81875 32.11563 28.84658 21.97712 18.40368 13.89421 0 17.84851 50.41417 53.08864 60.88334 59.67328 67.16686 60.484880000000004 73.87958 83.09104 83.44887 89.97566 81.43032 74.15649 43.12749 50.18798 34.27805 34.796730000000004 27.25481 54.12548 66.12588 
87.6052 89.55596 64.53298 57.92206 50.97499 52.40672 46.404669999999996 34.25443 37.727779999999996 35.38243 30.57772 17.84851 0 50.35404 53.056560000000005 59.19946 60.40814 70.4431 70.04821000000001 89.17969 96.69908 96.49162 100.61442 92.11208 81.23742 52.43498 56.22398 45.53953 51.007099999999994 43.5059 71.37687 83.96281 
93.60636 90.36322 68.94734 64.91389 65.99841 77.38372 79.30798 79.02455 68.61086 62.91485 60.68613 50.41417 50.35404 0 4.02355 11.26014 10.08725 21.65792 35.9823 70.62011 69.19535 66.67544 62.94389 55.74413 38.05686 26.83517 22.77156 32.205059999999996 47.732 47.99084 89.41956 91.54335 
97.62991 94.38677 72.94186 68.79932 69.7794 80.95206 82.57655 81.49619999999999 71.75492 66.20524 63.68991 53.08864 53.056560000000005 4.02355 0 7.7947 9.87625 22.47305 39.27488 74.33701 72.81564 70.07295 65.36057 58.21057 40.06311 30.80755 26.53841 35.90751 51.67222 52.01439 93.27816 95.5669 
104.13907 100.4999 79.74667 75.85678 77.23192 88.62707 90.3702 89.10023 79.54962 73.98868 71.48445 60.88334 59.19946 11.26014 7.7947 0 9.18349 21.03463 42.66041 78.60555 75.2429 72.63537 65.95344 59.44097 40.14986 36.72843 32.81584 42.80862 58.58994 59.18412 100.59743 102.21479 
97.11922 92.99448 73.2759 69.88655 72.27682 84.55657 87.45603 88.4559 76.76929 71.0121 69.18444 59.67328 60.40814 10.08725 9.87625 9.18349 0 14.335 33.47692 69.83446 66.0814 63.46567 57.119330000000005 50.3291 31.27886 29.58235 23.63235 36.94745 52.47255 54.07944 95.15821 95.41794 
94.75907 89.55953 72.57449 70.16766 74.29475 87.72466 92.26626 95.9533 81.90065 76.01599 75.34656 67.16686 70.4431 21.65792 22.47305 21.03463 14.335 0 26.32243 62.79902 56.657 53.144059999999996 46.60953 39.24852 27.111549999999998 29.67495 22.63471 38.96311 53.06604 56.41589 95.92985 93.5647 
69.88846 63.98078 49.7968 49.05324 55.6451 70.38663 77.5997 86.91825 68.84083 62.99917 63.08926 60.484880000000004 70.04821000000001 35.9823 39.27488 42.66041 33.47692 26.32243 0 36.68474 33.77964 30.79807 30.66275 22.2144 16.65259 17.61323 15.44663 27.49135 34.05804 41.70163 74.44943 69.1481 
43.56162 34.74051 36.44035 40.798809999999996 51.02746 64.46432 75.723 92.75635 70.56825 66.73901000000001 69.279 73.87958 89.17969 70.62011 74.33701 78.60555 69.83446 62.79902 36.68474 0 16.4256 21.07501 36.91171 33.12873 47.8743 45.10682 47.85165 48.22467 39.08285 46.65394 58.26999 44.48717 
59.67892 50.92067 51.55285 54.82007 64.71872 78.81960000000001 89.52663 104.87673 83.28387000000001 78.50038 80.75238 83.09104 96.69908 69.19535 72.81564 75.2429 66.0814 56.657 33.77964 16.4256 0 4.64941 21.54819 20.1983 38.82876 47.12424 47.47586 51.45265 49.02012 56.84475 74.69559 60.90948 
63.64387 55.06704 54.09707 57.10417 66.78023 81.1037 91.49186 106.13186 84.79256 79.8676 81.87745 83.44887 96.49162 66.67544 70.07295 72.63537 63.46567 53.144059999999996 30.79807 21.07501 4.64941 0 16.96861 19.409010000000002 34.87893 45.81345 45.606930000000006 50.95209 50.028710000000004 57.75051 77.51449 64.76189 
80.46886 71.61753 67.7891 69.73461 78.72266 93.37039 102.7541 115.09958 94.92894 89.54859 90.80151 89.97566 100.61442 62.94389 65.36057 65.95344 57.119330000000005 46.60953 30.66275 36.91171 21.54819 16.96861 0 8.54644 25.84047 48.22354 45.34294 55.80015 59.30457 66.65391 92.11458 80.77552 
76.53546 67.19676 61.0143 62.48143 71.05519 85.84815 94.89948 106.78827 86.83767 81.38439 82.51278 81.43032 92.11208 55.74413 58.21057 59.44097 50.3291 39.24852 22.2144 33.12873 20.1983 19.409010000000002 8.54644 0 20.09496 39.6771 37.05277 47.26114 51.2219 58.44587 85.66194 75.85927000000001 
85.27389 78.7004 66.26204 65.70546 72.29769 86.75955 93.68806 101.61222 84.23185 78.38518 78.32845 74.15649 81.23742 38.05686 40.06311 40.14986 31.27886 27.111549999999998 16.65259 47.8743 38.82876 34.87893 25.84047 20.09496 0 31.029 25.43336 40.67556 50.53546 56.16388 91.01284 85.13626 
67.59353999999999 63.77147 44.804339999999996 40.80693 44.6296 58.26277 63.70256 70.58331 53.78788 47.88027 47.47048 43.12749 52.43498 26.83517 30.80755 36.72843 29.58235 29.67495 17.61323 45.10682 47.12424 45.81345 48.22354 39.6771 31.029 0 7.06049 9.87812 23.50008 27.375249999999998 66.45728 65.83567 
73.6525 69.36564 50.36802 47.66734 51.68678 65.32326 70.5396 76.58664 60.49228 54.588170000000005 53.92124 50.18798 56.22398 22.77156 26.53841 32.81584 23.63235 22.63471 15.44663 47.85165 47.47586 45.606930000000006 45.34294 37.05277 25.43336 7.06049 0 16.70945 30.4574 34.20658 73.41703 72.18163 
61.86064 59.24009 37.03435 33.07469 35.6361 48.76632 53.85171 61.0501 43.9099 38.00317 37.67304 34.27805 45.53953 32.205059999999996 35.90751 42.80862 36.94745 38.96311 27.49135 48.22467 51.45265 50.95209 55.80015 47.26114 40.67556 9.87812 16.70945 0 15.78132 17.49713 58.21076 59.67811 
46.37454 44.50147 21.30426 17.41713 21.77073 36.371790000000004 43.91525 56.25498 35.6374 30.27945 31.93948 34.796730000000004 51.007099999999994 47.732 51.67222 58.58994 52.47255 53.06604 34.05804 39.08285 49.02012 50.028710000000004 59.30457 51.2219 50.53546 23.50008 30.4574 15.78132 0 7.82595 42.95963 44.02705 
48.83675 48.37333 23.58538 17.94998 18.19837 31.35903 37.54076 48.59969 28.54369 22.95836 24.25596 27.25481 43.5059 47.99084 52.01439 59.18412 54.07944 56.41589 41.70163 46.65394 56.84475 57.75051 66.65391 58.44587 56.16388 27.375249999999998 34.20658 17.49713 7.82595 0 41.58222 45.978320000000004 
23.53136 31.23026 24.91165 25.7909 23.78445 19.63648 30.57486 52.66617 34.61726 37.06102 40.79915 54.12548 71.37687 89.41956 93.27816 100.59743 95.15821 95.92985 74.44943 58.26999 74.69559 77.51449 92.11458 85.66194 91.01284 66.45728 73.41703 58.21076 42.95963 41.58222 0 25.64174 
4.09699 12.18999 22.76179 28.05851 32.99327 36.49375 48.97251 70.47028 50.13504 49.88821 54.40197 66.12588 83.96281 91.54335 95.5669 102.21479 95.41794 93.5647 69.1481 44.48717 60.90948 64.76189 80.77552 75.85927000000001 85.13626 65.83567 72.18163 59.67811 44.02705 45.978320000000004 25.64174 0 
