7
xTg7smxupTP0EfFF0Jhg zf2EL3gQqScQND52xgkE 7l3db2hmRfxA3KMyMHn1 ipp1BrlTIal0l1wf04Um HGIhnJcMMSfxvA7ItBsn ENxmswyrKFmx6kenE2Ot hPu8gSdqC1fZEkInO0q9
0 43.0 44.0 40.0 28.0 27.0 53.0 
43.0 0 25.0 42.0 37.0 38.0 60.0 
44.0 25.0 0 31.0 32.0 45.0 71.0 
40.0 42.0 31.0 0 30.0 39.0 63.0 
28.0 37.0 32.0 30.0 0 25.0 71.0 
27.0 38.0 45.0 39.0 25.0 0 58.0 
53.0 60.0 71.0 63.0 71.0 58.0 0 
