36
Moccasin All Ames Vista Shafter Garden Vernon Green Smoke Costa Laguna Woffard Jane Warner Cabbage Clayton Presidio McAuley Bonita Richvale Kern Beach Riverside South Pumpkin Welden Yurok Granite Elmira Cypress Santa Quail Delta Woodbridge Willow Encanto
0 5525.0 6047.0 7930.0 13094.0 10650.0 11067.0 10324.0 11034.0 11451.0 12366.0 7128.0 7550.0 7219.0 5696.0 10823.0 11976.0 10850.0 10553.0 10792.0 11267.0 7146.0 11317.0 9806.0 10796.0 9463.0 12420.0 7061.0 11036.0 10259.0 9857.0 11004.0 6396.0 5905.0 11019.0 9863.0 
5525.0 0 5981.0 11095.0 11541.0 7896.0 10115.0 9849.0 11158.0 5926.0 10798.0 10977.0 6775.0 8930.0 11221.0 10159.0 10427.0 10388.0 5028.0 5650.0 8655.0 10233.0 9884.0 11292.0 11382.0 5064.0 7651.0 6284.0 11124.0 10383.0 8330.0 12001.0 10467.0 5679.0 10793.0 5210.0 
6047.0 5981.0 0 5198.0 10362.0 11801.0 8768.0 9538.0 6914.0 11907.0 7085.0 8082.0 5793.0 8632.0 7338.0 10618.0 8967.0 10646.0 7812.0 6084.0 8364.0 10491.0 10704.0 9331.0 12658.0 5322.0 7203.0 12265.0 11382.0 11851.0 11094.0 7881.0 6876.0 10430.0 11507.0 7023.0 
7930.0 11095.0 5198.0 0 5164.0 10680.0 8750.0 10178.0 11471.0 11748.0 9495.0 8263.0 10290.0 11013.0 6006.0 11277.0 6878.0 5581.0 7329.0 11212.0 9397.0 8622.0 8304.0 9976.0 9639.0 10520.0 5920.0 9470.0 11934.0 11107.0 7061.0 8940.0 11447.0 9129.0 8208.0 6437.0 
13094.0 11541.0 10362.0 5164.0 0 5516.0 10172.0 5014.0 10190.0 11138.0 10846.0 8773.0 6802.0 9845.0 10355.0 10333.0 5323.0 10745.0 11566.0 9544.0 8172.0 11583.0 5862.0 10127.0 11697.0 10432.0 11015.0 6923.0 12453.0 8762.0 5823.0 10982.0 7711.0 10720.0 5606.0 7798.0 
10650.0 7896.0 11801.0 10680.0 5516.0 0 5097.0 10255.0 7713.0 8259.0 11359.0 7353.0 9248.0 11033.0 10549.0 8694.0 10839.0 10460.0 7639.0 10624.0 5389.0 7947.0 10762.0 8429.0 9406.0 10652.0 11633.0 11273.0 7835.0 10698.0 10727.0 5466.0 9020.0 5544.0 5502.0 10833.0 
11067.0 10115.0 8768.0 8750.0 10172.0 5097.0 0 5158.0 7129.0 9326.0 11569.0 9919.0 11011.0 6994.0 5452.0 10134.0 11233.0 11485.0 8041.0 11706.0 10486.0 11204.0 11073.0 7641.0 11279.0 8820.0 9063.0 9305.0 10616.0 5601.0 10407.0 10563.0 5883.0 5162.0 9148.0 8825.0 
10324.0 9849.0 9538.0 10178.0 5014.0 10255.0 5158.0 0 5564.0 10796.0 7069.0 7872.0 5853.0 10396.0 5341.0 5537.0 7978.0 11376.0 9111.0 9963.0 8051.0 11258.0 8088.0 5113.0 11123.0 6666.0 12026.0 11937.0 10264.0 5249.0 5249.0 8010.0 10838.0 10320.0 10620.0 11884.0 
11034.0 11158.0 6914.0 11471.0 10190.0 7713.0 7129.0 5564.0 0 5232.0 10911.0 10732.0 5962.0 10242.0 10905.0 10623.0 11306.0 6842.0 11582.0 7483.0 11128.0 7515.0 5494.0 10677.0 9795.0 10448.0 8169.0 11633.0 11077.0 10811.0 10244.0 11514.0 11934.0 5897.0 11011.0 7621.0 
11451.0 5926.0 11907.0 11748.0 11138.0 8259.0 9326.0 10796.0 5232.0 0 5931.0 11083.0 11194.0 8690.0 9558.0 5391.0 6074.0 10837.0 10954.0 8015.0 10781.0 5751.0 5276.0 11770.0 7653.0 10920.0 12056.0 11415.0 11038.0 11843.0 11276.0 9355.0 8532.0 10652.0 11117.0 6805.0 
12366.0 10798.0 7085.0 9495.0 10846.0 11359.0 11569.0 7069.0 10911.0 5931.0 0 5529.0 10715.0 9629.0 11839.0 7695.0 9828.0 8960.0 6911.0 11097.0 11534.0 8441.0 11207.0 11810.0 5838.0 11485.0 6125.0 11515.0 12344.0 11889.0 11154.0 5893.0 11957.0 6461.0 7119.0 7415.0 
7128.0 10977.0 8082.0 8263.0 8773.0 7353.0 9919.0 7872.0 10732.0 11083.0 5529.0 0 5186.0 11147.0 7332.0 10886.0 8561.0 7794.0 10952.0 5805.0 6912.0 7976.0 11873.0 6319.0 6305.0 11514.0 11425.0 9390.0 11909.0 7264.0 10614.0 5915.0 9455.0 11523.0 11732.0 12025.0 
7550.0 6775.0 5793.0 10290.0 6802.0 9248.0 11011.0 5853.0 5962.0 11194.0 10715.0 5186.0 0 6342.0 11194.0 11139.0 12125.0 9262.0 6777.0 7166.0 11967.0 11132.0 10674.0 10589.0 8470.0 10395.0 6239.0 7535.0 12026.0 11102.0 11102.0 9187.0 11134.0 9249.0 6663.0 6839.0 
7219.0 8930.0 8632.0 11013.0 9845.0 11033.0 6994.0 10396.0 10242.0 8690.0 9629.0 11147.0 6342.0 0 5055.0 11889.0 11621.0 6122.0 9317.0 9409.0 11441.0 11723.0 10571.0 11795.0 10631.0 7628.0 10420.0 8457.0 12845.0 10876.0 10828.0 5567.0 11631.0 10856.0 11058.0 11870.0 
5696.0 11221.0 7338.0 6006.0 10355.0 10549.0 5452.0 5341.0 10905.0 9558.0 11839.0 7332.0 11194.0 5055.0 0 8504.0 7214.0 11177.0 6530.0 11528.0 11930.0 12207.0 5621.0 7729.0 9686.0 12007.0 7621.0 10850.0 7895.0 10590.0 10590.0 6056.0 7694.0 10614.0 11462.0 6815.0 
10823.0 10159.0 10618.0 11277.0 10333.0 8694.0 10134.0 5537.0 10623.0 5391.0 7695.0 10886.0 11139.0 11889.0 8504.0 0 5010.0 10509.0 9429.0 11580.0 11337.0 11142.0 5245.0 6445.0 12200.0 10369.0 7579.0 11384.0 10660.0 10786.0 10786.0 7144.0 9310.0 5261.0 10375.0 8538.0 
11976.0 10427.0 8967.0 6878.0 5323.0 10839.0 11233.0 7978.0 11306.0 6074.0 9828.0 8561.0 12125.0 11621.0 7214.0 5010.0 0 5499.0 7051.0 7807.0 11278.0 10497.0 7953.0 11455.0 11462.0 10823.0 6951.0 10340.0 12371.0 10598.0 11146.0 7027.0 9773.0 6071.0 8283.0 6664.0 
10850.0 10388.0 10646.0 5581.0 10745.0 10460.0 11485.0 11376.0 6842.0 10837.0 8960.0 7794.0 9262.0 6122.0 11177.0 10509.0 5499.0 0 9005.0 11066.0 6361.0 10493.0 8780.0 8048.0 6756.0 5324.0 9485.0 6926.0 9320.0 11008.0 10895.0 7999.0 10978.0 9965.0 9803.0 10814.0 
10553.0 5028.0 7812.0 7329.0 11566.0 7639.0 8041.0 9111.0 11582.0 10954.0 6911.0 10952.0 6777.0 9317.0 6530.0 9429.0 7051.0 9005.0 0 5147.0 10382.0 11765.0 7060.0 8448.0 9408.0 9851.0 9178.0 10788.0 10370.0 5355.0 8536.0 11291.0 11525.0 10707.0 8656.0 10238.0 
10792.0 5650.0 6084.0 11212.0 9544.0 10624.0 11706.0 9963.0 7483.0 8015.0 11097.0 5805.0 7166.0 9409.0 11528.0 11580.0 7807.0 11066.0 5147.0 0 5235.0 10130.0 8707.0 7671.0 8220.0 10714.0 8489.0 7812.0 11233.0 9997.0 6819.0 11109.0 7807.0 10541.0 7355.0 10860.0 
11267.0 8655.0 8364.0 9397.0 8172.0 5389.0 10486.0 8051.0 11128.0 10781.0 11534.0 6912.0 11967.0 11441.0 11930.0 11337.0 11278.0 6361.0 10382.0 5235.0 0 5030.0 7588.0 8312.0 6887.0 9963.0 12041.0 7067.0 7119.0 9965.0 9110.0 5874.0 11104.0 6076.0 5629.0 9137.0 
7146.0 10233.0 10491.0 8622.0 11583.0 7947.0 11204.0 11258.0 7515.0 5751.0 8441.0 7976.0 11132.0 11723.0 12207.0 11142.0 10497.0 10493.0 11765.0 10130.0 5030.0 0 8704.0 10395.0 6222.0 5169.0 10529.0 11067.0 6304.0 10918.0 7918.0 6989.0 11556.0 10277.0 10659.0 10293.0 
11317.0 9884.0 10704.0 8304.0 5862.0 10762.0 11073.0 8088.0 5494.0 5276.0 11207.0 11873.0 10674.0 10571.0 5621.0 5245.0 7953.0 8780.0 7060.0 8707.0 7588.0 8704.0 0 10362.0 7005.0 9552.0 11675.0 6139.0 11866.0 10665.0 6889.0 7688.0 11111.0 10506.0 5841.0 5940.0 
9806.0 11292.0 9331.0 9976.0 10127.0 8429.0 7641.0 5113.0 10677.0 11770.0 11810.0 6319.0 10589.0 11795.0 7729.0 6445.0 11455.0 8048.0 8448.0 7671.0 8312.0 10395.0 10362.0 0 10687.0 9086.0 9657.0 11476.0 8853.0 10362.0 8804.0 7655.0 6882.0 9273.0 7721.0 11767.0 
10796.0 11382.0 12658.0 9639.0 11697.0 9406.0 11279.0 11123.0 9795.0 7653.0 5838.0 6305.0 8470.0 10631.0 9686.0 12200.0 11462.0 6756.0 9408.0 8220.0 6887.0 6222.0 7005.0 10687.0 0 10942.0 11762.0 10514.0 12033.0 10968.0 5874.0 10465.0 9587.0 12053.0 10930.0 11875.0 
9463.0 5064.0 5322.0 10520.0 10432.0 10652.0 8820.0 6666.0 10448.0 10920.0 11485.0 11514.0 10395.0 7628.0 12007.0 10369.0 10823.0 5324.0 9851.0 10714.0 9963.0 5169.0 9552.0 9086.0 10942.0 0 5360.0 8717.0 6060.0 9691.0 8454.0 8492.0 7887.0 5108.0 8178.0 10274.0 
12420.0 7651.0 7203.0 5920.0 11015.0 11633.0 9063.0 12026.0 8169.0 12056.0 6125.0 11425.0 6239.0 10420.0 7621.0 7579.0 6951.0 9485.0 9178.0 8489.0 12041.0 10529.0 11675.0 9657.0 11762.0 5360.0 0 5536.0 10609.0 11399.0 7355.0 6167.0 12231.0 8159.0 7984.0 9712.0 
7061.0 6284.0 12265.0 9470.0 6923.0 11273.0 9305.0 11937.0 11633.0 11415.0 11515.0 9390.0 7535.0 8457.0 10850.0 11384.0 10340.0 6926.0 10788.0 7812.0 7067.0 11067.0 6139.0 11476.0 10514.0 8717.0 5536.0 0 5727.0 10742.0 10634.0 11416.0 8105.0 6151.0 11060.0 11494.0 
11036.0 11124.0 11382.0 11934.0 12453.0 7835.0 10616.0 10264.0 11077.0 11038.0 12344.0 11909.0 12026.0 12845.0 7895.0 10660.0 12371.0 9320.0 10370.0 11233.0 7119.0 6304.0 11866.0 8853.0 12033.0 6060.0 10609.0 5727.0 0 5015.0 11166.0 8109.0 11026.0 11168.0 12508.0 10241.0 
10259.0 10383.0 11851.0 11107.0 8762.0 10698.0 5601.0 5249.0 10811.0 11843.0 11889.0 7264.0 11102.0 10876.0 10590.0 10786.0 10598.0 11008.0 5355.0 9997.0 9965.0 10918.0 10665.0 10362.0 10968.0 9691.0 11399.0 10742.0 5015.0 0 6151.0 10883.0 11484.0 6206.0 11152.0 6635.0 
9857.0 8330.0 11094.0 7061.0 5823.0 10727.0 10407.0 5249.0 10244.0 11276.0 11154.0 10614.0 11102.0 10828.0 10590.0 10786.0 11146.0 10895.0 8536.0 6819.0 9110.0 7918.0 6889.0 8804.0 5874.0 8454.0 7355.0 10634.0 11166.0 6151.0 0 5261.0 6158.0 10617.0 11429.0 7645.0 
11004.0 12001.0 7881.0 8940.0 10982.0 5466.0 10563.0 8010.0 11514.0 9355.0 5893.0 5915.0 9187.0 5567.0 6056.0 7144.0 7027.0 7999.0 11291.0 11109.0 5874.0 6989.0 7688.0 7655.0 10465.0 8492.0 6167.0 11416.0 8109.0 10883.0 5261.0 0 6064.0 11010.0 10968.0 7808.0 
6396.0 10467.0 6876.0 11447.0 7711.0 9020.0 5883.0 10838.0 11934.0 8532.0 11957.0 9455.0 11134.0 11631.0 7694.0 9310.0 9773.0 10978.0 11525.0 7807.0 11104.0 11556.0 11111.0 6882.0 9587.0 7887.0 12231.0 8105.0 11026.0 11484.0 6158.0 6064.0 0 9137.0 13317.0 11208.0 
5905.0 5679.0 10430.0 9129.0 10720.0 5544.0 5162.0 10320.0 5897.0 10652.0 6461.0 11523.0 9249.0 10856.0 10614.0 5261.0 6071.0 9965.0 10707.0 10541.0 6076.0 10277.0 10506.0 9273.0 12053.0 5108.0 8159.0 6151.0 11168.0 6206.0 10617.0 11010.0 9137.0 0 5114.0 10889.0 
11019.0 10793.0 11507.0 8208.0 5606.0 5502.0 9148.0 10620.0 11011.0 11117.0 7119.0 11732.0 6663.0 11058.0 11462.0 10375.0 8283.0 9803.0 8656.0 7355.0 5629.0 10659.0 5841.0 7721.0 10930.0 8178.0 7984.0 11060.0 12508.0 11152.0 11429.0 10968.0 13317.0 5114.0 0 9376.0 
9863.0 5210.0 7023.0 6437.0 7798.0 10833.0 8825.0 11884.0 7621.0 6805.0 7415.0 12025.0 6839.0 11870.0 6815.0 8538.0 6664.0 10814.0 10238.0 10860.0 9137.0 10293.0 5940.0 11767.0 11875.0 10274.0 9712.0 11494.0 10241.0 6635.0 7645.0 7808.0 11208.0 10889.0 9376.0 0 
