20
Hume Woffard Banning Boulevard Ames Calaveras Meyers All 18th Balsdon Fiorini Richvale Colonnade Warner Linden Oceanside Chinese Fremont Clayton Potrero
0 5973.0 12206.0 13059.0 11582.0 12351.0 11057.0 10684.0 8270.0 10389.0 10846.0 5850.0 11161.0 7870.0 12237.0 6646.0 10177.0 12223.0 7847.0 5689.0 
5973.0 0 6233.0 8240.0 5786.0 7535.0 12410.0 10528.0 9235.0 10436.0 11817.0 11518.0 5188.0 11869.0 7511.0 10712.0 11171.0 7417.0 11958.0 7609.0 
12206.0 6233.0 0 5502.0 11594.0 11523.0 13135.0 11587.0 8982.0 10269.0 11650.0 6673.0 8290.0 7348.0 8303.0 10250.0 11537.0 8763.0 6569.0 7767.0 
13059.0 8240.0 5502.0 0 6092.0 6021.0 9686.0 6286.0 10552.0 11424.0 9834.0 11824.0 5058.0 11507.0 10830.0 10663.0 11041.0 10638.0 9903.0 12496.0 
11582.0 5786.0 11594.0 6092.0 0 5362.0 10445.0 11309.0 5718.0 5965.0 10989.0 5732.0 7067.0 11108.0 8970.0 7415.0 11316.0 6217.0 11106.0 12024.0 
12351.0 7535.0 11523.0 6021.0 5362.0 0 5083.0 9930.0 11080.0 9123.0 8132.0 11094.0 8651.0 7427.0 10927.0 9978.0 12026.0 8118.0 5744.0 6662.0 
11057.0 12410.0 13135.0 9686.0 10445.0 5083.0 0 5513.0 9058.0 13053.0 11500.0 14792.0 7222.0 9426.0 11579.0 11738.0 12962.0 12002.0 7766.0 5368.0 
10684.0 10528.0 11587.0 6286.0 11309.0 9930.0 5513.0 0 5591.0 10757.0 11269.0 10730.0 5340.0 7540.0 11218.0 7152.0 9749.0 10920.0 12042.0 7221.0 
8270.0 9235.0 8982.0 10552.0 5718.0 11080.0 9058.0 5591.0 0 5166.0 10693.0 11450.0 10931.0 11823.0 5787.0 10666.0 7837.0 11686.0 6451.0 7067.0 
10389.0 10436.0 10269.0 11424.0 5965.0 9123.0 13053.0 10757.0 5166.0 0 5527.0 10435.0 12475.0 6681.0 10602.0 11718.0 6788.0 8408.0 11617.0 12233.0 
10846.0 11817.0 11650.0 9834.0 10989.0 8132.0 11500.0 11269.0 10693.0 5527.0 0 10892.0 11715.0 11774.0 9466.0 6191.0 10949.0 8348.0 9009.0 11833.0 
5850.0 11518.0 6673.0 11824.0 5732.0 11094.0 14792.0 10730.0 11450.0 10435.0 10892.0 0 8051.0 8622.0 11511.0 7057.0 6036.0 6373.0 12153.0 11539.0 
11161.0 5188.0 8290.0 5058.0 7067.0 8651.0 7222.0 5340.0 10931.0 12475.0 11715.0 8051.0 0 6959.0 11505.0 11254.0 5983.0 5580.0 6770.0 12561.0 
7870.0 11869.0 7348.0 11507.0 11108.0 7427.0 9426.0 7540.0 11823.0 6681.0 11774.0 8622.0 6959.0 0 6220.0 11357.0 12644.0 11530.0 12901.0 7844.0 
12237.0 7511.0 8303.0 10830.0 8970.0 10927.0 11579.0 11218.0 5787.0 10602.0 9466.0 11511.0 11505.0 6220.0 0 9584.0 12323.0 7146.0 12022.0 7236.0 
6646.0 10712.0 10250.0 10663.0 7415.0 9978.0 11738.0 7152.0 10666.0 11718.0 6191.0 7057.0 11254.0 11357.0 9584.0 0 5271.0 10448.0 8141.0 12033.0 
10177.0 11171.0 11537.0 11041.0 11316.0 12026.0 12962.0 9749.0 7837.0 6788.0 10949.0 6036.0 5983.0 12644.0 12323.0 5271.0 0 5177.0 9989.0 7815.0 
12223.0 7417.0 8763.0 10638.0 6217.0 8118.0 12002.0 10920.0 11686.0 8408.0 8348.0 6373.0 5580.0 11530.0 7146.0 10448.0 5177.0 0 5780.0 12992.0 
7847.0 11958.0 6569.0 9903.0 11106.0 5744.0 7766.0 12042.0 6451.0 11617.0 9009.0 12153.0 6770.0 12901.0 12022.0 8141.0 9989.0 5780.0 0 8261.0 
5689.0 7609.0 7767.0 12496.0 12024.0 6662.0 5368.0 7221.0 7067.0 12233.0 11833.0 11539.0 12561.0 7844.0 7236.0 12033.0 7815.0 12992.0 8261.0 0 
