18
12 24 19 1 6 16 22 3 25 45 8 21 10 13 4 17 5 0
0 259.58 445.01 241.25 227.1 234.25 436.40999999999997 409.94 424.87 428.09000000000003 224.68 415.01 270.79 420.55 253.81 444.5 234.15 213.72 
259.58 0 216.23 424.48 249.25 422.15999999999997 230.5 436.46 411.34000000000003 249.54 453.04999999999995 433.78999999999996 449.86 418.87 448.11 467.53999999999996 243.72 246.17 
445.01 216.23 0 208.25 228.18 228.89 256.72 429.94 432.94 225.82 243.32 256.78 444.75 429.47 231.88 251.31 240.22 444.82 
241.25 424.48 208.25 0 223.11 416.29 429.03 408.99 427.87 239.96 442.65 424.21000000000004 454.15 248.13 239.31 451.92 224.25 236.57 
227.1 249.25 228.18 223.11 0 193.18 236.52 394.33 204.76 231.57 219.54 373.94 256.29 215.24 273.76 444.52 397.74 440.82 
234.25 422.15999999999997 228.89 416.29 193.18 0 203.15 400.48 397.94 365.01 397.45000000000005 180.76 437.38 201.58 422.72 251.34 204.56 249.41 
436.40999999999997 230.5 256.72 429.03 236.52 203.15 0 224.28 403.46000000000004 224.76 241.5 383.90999999999997 432.97 404.73 219.57 449.09000000000003 407.71000000000004 228.82 
409.94 436.46 429.94 408.99 394.33 400.48 224.28 0 189.57 396.27 426.99 404.48 420.90999999999997 427.04999999999995 206.57 249.54 227.25 235.82 
424.87 411.34000000000003 432.94 427.87 204.76 397.94 403.46000000000004 189.57 0 224.2 424.29999999999995 408.45 258.22 420.0 234.76 250.31 401.36 425.39 
428.09000000000003 249.54 225.82 239.96 231.57 365.01 224.76 396.27 224.2 0 203.51 184.25 243.35 225.96 434.84000000000003 423.53999999999996 459.46000000000004 436.14 
224.68 453.04999999999995 243.32 442.65 219.54 397.45000000000005 241.5 426.99 424.29999999999995 203.51 0 228.72 441.08000000000004 195.87 424.09000000000003 459.58000000000004 451.24 424.6 
415.01 433.78999999999996 256.78 424.21000000000004 373.94 180.76 383.90999999999997 404.48 408.45 184.25 228.72 0 427.6 382.34000000000003 436.99 239.29 385.32 430.16999999999996 
270.79 449.86 444.75 454.15 256.29 437.38 432.97 420.90999999999997 258.22 243.35 441.08000000000004 427.6 0 246.85 441.52 434.90999999999997 439.88 460.78 
420.55 418.87 429.47 248.13 215.24 201.58 404.73 427.04999999999995 420.0 225.96 195.87 382.34000000000003 246.85 0 228.22 452.92 406.14 228.73 
253.81 448.11 231.88 239.31 273.76 422.72 219.57 206.57 234.76 434.84000000000003 424.09000000000003 436.99 441.52 228.22 0 229.52 433.82 251.21 
444.5 467.53999999999996 251.31 451.92 444.52 251.34 449.09000000000003 249.54 250.31 423.53999999999996 459.58000000000004 239.29 434.90999999999997 452.92 229.52 0 440.02 256.21 
234.15 243.72 240.22 224.25 397.74 204.56 407.71000000000004 227.25 401.36 459.46000000000004 451.24 385.32 439.88 406.14 433.82 440.02 0 224.15 
213.72 246.17 444.82 236.57 440.82 249.41 228.82 235.82 425.39 436.14 424.6 430.16999999999996 460.78 228.73 251.21 256.21 224.15 0 
