34
Floppy64 Settings94 Towel16 Running77 Allergies3 Ring97 Cat13 Ice30 Prints23 Whale22 BBQ86 Allergies54 Leash27 Kitty14 Male84 Ice38 Leash89 Rollers48 Book41 Bird93 Towel12 Ice10 Dislike51 Plus62 Post61 System90 Rollers34 Shower11 Whale59 Robot9 Mail88 Printer53 Breakfast74 Horse0
0 31688431.0 40174367.0 52593775.0 68033584.0 61185583.0 79450866.0 102144946.0 104228763.0 81817069.0 184691819.0 172062615.0 162581018.0 141868636.0 121112608.0 114184091.0 97950520.0 122308247.0 104174066.0 151904592.0 149252416.0 126872115.0 74802176.0 61155855.0 52269726.0 69301262.0 63311704.0 42552250.0 48533753.0 104994412.0 103015682.0 70405948.0 41592005.0 21785904.0 
31688431.0 0 8485936.0 20960695.0 40870234.0 29701448.0 54704651.0 84392278.0 88524220.0 72985274.0 182921875.0 177140897.0 170068187.0 145226808.0 125167488.0 127303835.0 110990893.0 127549908.0 104184808.0 146211607.0 142345305.0 115925364.0 72304867.0 59612770.0 42926015.0 64173224.0 75648794.0 65919893.0 75602550.0 133752023.0 131741956.0 100495946.0 67827430.0 53474335.0 
40174367.0 8485936.0 0 13303033.0 32384298.0 21888647.0 46218715.0 76533766.0 85161345.0 75907253.0 186113853.0 181394507.0 175469161.0 149908639.0 130351045.0 133471765.0 117916959.0 132825320.0 108265734.0 148571024.0 145043709.0 118567895.0 75625165.0 63851069.0 47067951.0 68845412.0 82808886.0 73287981.0 83780377.0 142235621.0 140227892.0 108981882.0 75698109.0 57815976.0 
52593775.0 20960695.0 13303033.0 0 31973172.0 8740753.0 36031979.0 68562849.0 79812038.0 85906051.0 185989020.0 183823749.0 179242714.0 152587660.0 133934639.0 139793722.0 125376399.0 136620049.0 110333723.0 151378298.0 143297627.0 116189083.0 77951260.0 67542168.0 52609804.0 72580370.0 90264893.0 84848857.0 95312627.0 154149945.0 152188326.0 121456641.0 88754893.0 70803121.0 
68033584.0 40870234.0 32384298.0 31973172.0 0 23232419.0 52803039.0 86526878.0 98988793.0 100595163.0 209337615.0 208419865.0 204294555.0 177294978.0 158809050.0 165100728.0 149436940.0 161673629.0 135484032.0 169976971.0 162667526.0 135725677.0 102695802.0 93067036.0 79452249.0 97520243.0 114554575.0 104931230.0 115199706.0 172968725.0 170922238.0 138238710.0 102682124.0 83275525.0 
61185583.0 29701448.0 21888647.0 8740753.0 23232419.0 0 29570620.0 64644373.0 76670539.0 84962512.0 186105196.0 185711467.0 181967810.0 154692070.0 137013378.0 144289315.0 129921914.0 139507431.0 112251613.0 147199956.0 140120737.0 113047584.0 84484962.0 71006647.0 61195418.0 75614585.0 95719330.0 92585006.0 103076040.0 162200175.0 160153688.0 129753767.0 97340507.0 79543874.0 
79450866.0 54704651.0 46218715.0 36031979.0 52803039.0 29570620.0 0 35073753.0 54725588.0 74300738.0 164996498.0 169500919.0 169599092.0 146542654.0 135351843.0 137796082.0 129458483.0 139522016.0 109313559.0 124537092.0 115919883.0 88664862.0 82995306.0 70303209.0 74211268.0 75366286.0 95197652.0 103663607.0 114156003.0 173378901.0 171743727.0 144543308.0 116199266.0 100767032.0 
102144946.0 84392278.0 76533766.0 68562849.0 86526878.0 64644373.0 35073753.0 0 19651835.0 51015785.0 135755587.0 145773214.0 148410044.0 118763336.0 106877722.0 127198126.0 118891302.0 110377198.0 83011891.0 94862775.0 85424459.0 58169438.0 63519541.0 71676999.0 58465243.0 66044922.0 95545449.0 116099228.0 125199297.0 180377348.0 178695933.0 157390523.0 136024344.0 123894907.0 
104228763.0 88524220.0 85161345.0 79812038.0 98988793.0 76670539.0 54725588.0 19651835.0 0 38059423.0 116555665.0 126195378.0 128758209.0 99111501.0 88753256.0 111100961.0 104418282.0 93579629.0 63360056.0 75602244.0 66107185.0 39005096.0 48840187.0 58720637.0 55516960.0 56148783.0 85315928.0 111566105.0 119371196.0 171627254.0 170078935.0 152065968.0 135070818.0 126014667.0 
81817069.0 72985274.0 75907253.0 85906051.0 100595163.0 84962512.0 74300738.0 51015785.0 38059423.0 0 110206941.0 108148132.0 105601671.0 77479338.0 61051105.0 85079767.0 67881604.0 65377790.0 35012821.0 73367986.0 69386758.0 47733545.0 27380564.0 20661214.0 37296508.0 18089360.0 47518247.0 77357623.0 84156251.0 133970842.0 132473217.0 116853743.0 104883063.0 99284136.0 
184691819.0 182921875.0 186113853.0 185989020.0 209337615.0 186105196.0 164996498.0 135755587.0 116555665.0 110206941.0 0 37850903.0 55733676.0 67279937.0 70383482.0 101366128.0 107580240.0 70473891.0 80530828.0 53856244.0 51464216.0 77947934.0 111737029.0 125383350.0 140101128.0 120600528.0 127292866.0 165620413.0 166383719.0 187218546.0 186744629.0 191259371.0 198058536.0 199731109.0 
172062615.0 177140897.0 181394507.0 183823749.0 208419865.0 185711467.0 169500919.0 145773214.0 126195378.0 108148132.0 37850903.0 0 18616390.0 48265760.0 69806355.0 71154347.0 82604379.0 63409533.0 73509221.0 68927901.0 72901295.0 90867014.0 105944525.0 119590846.0 134768014.0 113578921.0 109735075.0 146163116.0 145340352.0 156387595.0 156231638.0 166587964.0 178354125.0 183875444.0 
162581018.0 170068187.0 175469161.0 179242714.0 204294555.0 181967810.0 169599092.0 148410044.0 128758209.0 105601671.0 55733676.0 18616390.0 0 29649370.0 51189965.0 52537957.0 68979252.0 44793143.0 70660625.0 69773360.0 81238128.0 96639984.0 101598753.0 112018173.0 128865004.0 106944474.0 99373235.0 133936976.0 131709035.0 139218358.0 138950743.0 151008212.0 165650077.0 172340924.0 
141868636.0 145226808.0 149908639.0 152587660.0 177294978.0 154692070.0 146542654.0 118763336.0 99111501.0 77479338.0 67279937.0 48265760.0 29649370.0 0 21540595.0 52523241.0 57083640.0 72831486.0 42466517.0 45939112.0 58031984.0 70793412.0 77900436.0 88162059.0 102848423.0 81063227.0 79801660.0 118467838.0 117689486.0 137267710.0 136544502.0 140977288.0 149933173.0 153626971.0 
121112608.0 125167488.0 130351045.0 133934639.0 158809050.0 137013378.0 135351843.0 106877722.0 88753256.0 61051105.0 70383482.0 69806355.0 51189965.0 21540595.0 0 30982646.0 48180809.0 57373759.0 27008790.0 54836258.0 61691456.0 65473862.0 56359841.0 66621464.0 83598773.0 61671526.0 72896353.0 106641287.0 96148891.0 120314988.0 119613289.0 121070528.0 128392578.0 132086376.0 
114184091.0 127303835.0 133471765.0 139793722.0 165100728.0 144289315.0 137796082.0 127198126.0 111100961.0 85079767.0 101366128.0 71154347.0 52537957.0 52523241.0 30982646.0 0 17198163.0 54564397.0 50410920.0 85818904.0 92674102.0 94389696.0 80352081.0 78345999.0 95331154.0 74989660.0 51655041.0 82387291.0 79413775.0 91819705.0 93866192.0 98470255.0 113868988.0 121529441.0 
97950520.0 110990893.0 117916959.0 125376399.0 149436940.0 129921914.0 129458483.0 118891302.0 104418282.0 67881604.0 107580240.0 82604379.0 68979252.0 57083640.0 48180809.0 17198163.0 0 37366234.0 67609083.0 91865280.0 97565124.0 96892329.0 63153918.0 61147836.0 78132991.0 57791497.0 35366429.0 65285311.0 62735973.0 83654976.0 81608489.0 83983585.0 96670825.0 104331278.0 
122308247.0 127549908.0 132825320.0 136620049.0 161673629.0 139507431.0 139522016.0 110377198.0 93579629.0 65377790.0 70473891.0 63409533.0 44793143.0 72831486.0 57373759.0 54564397.0 37366234.0 0 30364969.0 60913936.0 64205248.0 74343745.0 73579676.0 72502302.0 86214753.0 64288472.0 59452420.0 98144281.0 96550997.0 118993490.0 118974723.0 121349819.0 130406135.0 133308492.0 
104174066.0 104184808.0 108265734.0 110333723.0 135484032.0 112251613.0 109313559.0 83011891.0 63360056.0 35012821.0 80530828.0 73509221.0 70660625.0 42466517.0 27008790.0 50410920.0 67609083.0 30364969.0 0 50681414.0 55529557.0 43978776.0 49360904.0 51038071.0 61258793.0 40069700.0 49765193.0 88086645.0 91228704.0 128054924.0 128114834.0 120659446.0 120552448.0 119545858.0 
151904592.0 146211607.0 148571024.0 151378298.0 169976971.0 147199956.0 124537092.0 94862775.0 75602244.0 73367986.0 53856244.0 68927901.0 69773360.0 45939112.0 54836258.0 85818904.0 91865280.0 60913936.0 50681414.0 0 12092872.0 37848410.0 77166706.0 90813027.0 104187123.0 86222464.0 100446607.0 138736526.0 141836002.0 174235137.0 173397726.0 170603928.0 170415399.0 168858716.0 
149252416.0 142345305.0 145043709.0 143297627.0 162667526.0 140120737.0 115919883.0 85424459.0 66107185.0 69386758.0 51464216.0 72901295.0 81238128.0 58031984.0 61691456.0 92674102.0 97565124.0 64205248.0 55529557.0 12092872.0 0 27255021.0 74450240.0 88096561.0 100240303.0 83741444.0 101403447.0 138955528.0 142903744.0 178883228.0 178507198.0 172777526.0 169733600.0 166947838.0 
126872115.0 115925364.0 118567895.0 116189083.0 135725677.0 113047584.0 88664862.0 58169438.0 39005096.0 47733545.0 77947934.0 90867014.0 96639984.0 70793412.0 65473862.0 94389696.0 96892329.0 74343745.0 43978776.0 37848410.0 27255021.0 0 57622744.0 68394759.0 77195243.0 63704636.0 88924104.0 123015548.0 127699762.0 170715313.0 172093610.0 159266360.0 151176447.0 146084741.0 
74802176.0 72304867.0 75625165.0 77951260.0 102695802.0 84484962.0 82995306.0 63519541.0 48840187.0 27380564.0 111737029.0 105944525.0 101598753.0 77900436.0 56359841.0 80352081.0 63153918.0 73579676.0 49360904.0 77166706.0 74450240.0 57622744.0 0 13646321.0 30503088.0 9291204.0 36738219.0 68352763.0 75375580.0 123186556.0 121691877.0 107356218.0 96616789.0 92542534.0 
61155855.0 59612770.0 63851069.0 67542168.0 93067036.0 71006647.0 70303209.0 71676999.0 58720637.0 20661214.0 125383350.0 119590846.0 112018173.0 88162059.0 66621464.0 78345999.0 61147836.0 72502302.0 51038071.0 90813027.0 88096561.0 68394759.0 13646321.0 0 17021162.0 21554193.0 32555853.0 57085992.0 67578388.0 117088998.0 115459652.0 98033344.0 84221849.0 82941759.0 
52269726.0 42926015.0 47067951.0 52609804.0 79452249.0 61195418.0 74211268.0 58465243.0 55516960.0 37296508.0 140101128.0 134768014.0 128865004.0 102848423.0 83598773.0 95331154.0 78132991.0 86214753.0 61258793.0 104187123.0 100240303.0 77195243.0 30503088.0 17021162.0 0 21927247.0 49488715.0 72667710.0 66734054.0 123477369.0 121699174.0 99431546.0 79553912.0 70811947.0 
69301262.0 64173224.0 68845412.0 72580370.0 97520243.0 75614585.0 75366286.0 66044922.0 56148783.0 18089360.0 120600528.0 113578921.0 106944474.0 81063227.0 61671526.0 74989660.0 57791497.0 64288472.0 40069700.0 86222464.0 83741444.0 63704636.0 9291204.0 21554193.0 21927247.0 0 31139713.0 59310912.0 66084376.0 117292369.0 115509306.0 98781868.0 87471811.0 83258171.0 
63311704.0 75648794.0 82808886.0 90264893.0 114554575.0 95719330.0 95197652.0 95545449.0 85315928.0 47518247.0 127292866.0 109735075.0 99373235.0 79801660.0 72896353.0 51655041.0 35366429.0 59452420.0 49765193.0 100446607.0 101403447.0 88924104.0 36738219.0 32555853.0 49488715.0 31139713.0 0 38691861.0 41516226.0 86452595.0 88499082.0 72631668.0 70953715.0 74140369.0 
42552250.0 65919893.0 73287981.0 84848857.0 104931230.0 92585006.0 103663607.0 116099228.0 111566105.0 77357623.0 165620413.0 146163116.0 133936976.0 118467838.0 106641287.0 82387291.0 65285311.0 98144281.0 88086645.0 138736526.0 138955528.0 123015548.0 68352763.0 57085992.0 72667710.0 59310912.0 38691861.0 0 10492396.0 69715294.0 68080120.0 41344551.0 32465803.0 39565212.0 
48533753.0 75602550.0 83780377.0 95312627.0 115199706.0 103076040.0 114156003.0 125199297.0 119371196.0 84156251.0 166383719.0 145340352.0 131709035.0 117689486.0 96148891.0 79413775.0 62735973.0 96550997.0 91228704.0 141836002.0 142903744.0 127699762.0 75375580.0 67578388.0 66734054.0 66084376.0 41516226.0 10492396.0 0 59222898.0 61269385.0 32697492.0 42958199.0 45773088.0 
104994412.0 133752023.0 142235621.0 154149945.0 172968725.0 162200175.0 173378901.0 180377348.0 171627254.0 133970842.0 187218546.0 156387595.0 139218358.0 137267710.0 120314988.0 91819705.0 83654976.0 118993490.0 128054924.0 174235137.0 178883228.0 170715313.0 123186556.0 117088998.0 123477369.0 117292369.0 86452595.0 69715294.0 59222898.0 0 2046487.0 37522181.0 75177564.0 94860834.0 
103015682.0 131741956.0 140227892.0 152188326.0 170922238.0 160153688.0 171743727.0 178695933.0 170078935.0 132473217.0 186744629.0 156231638.0 138950743.0 136544502.0 119613289.0 93866192.0 81608489.0 118974723.0 128114834.0 173397726.0 178507198.0 172093610.0 121691877.0 115459652.0 121699174.0 115509306.0 88499082.0 68080120.0 61269385.0 2046487.0 0 35475694.0 73156368.0 92814347.0 
70405948.0 100495946.0 108981882.0 121456641.0 138238710.0 129753767.0 144543308.0 157390523.0 152065968.0 116853743.0 191259371.0 166587964.0 151008212.0 140977288.0 121070528.0 98470255.0 83983585.0 121349819.0 120659446.0 170603928.0 172777526.0 159266360.0 107356218.0 98033344.0 99431546.0 98781868.0 72631668.0 41344551.0 32697492.0 37522181.0 35475694.0 0 73810354.0 57338653.0 
41592005.0 67827430.0 75698109.0 88754893.0 102682124.0 97340507.0 116199266.0 136024344.0 135070818.0 104883063.0 198058536.0 178354125.0 165650077.0 149933173.0 128392578.0 113868988.0 96670825.0 130406135.0 120552448.0 170415399.0 169733600.0 151176447.0 96616789.0 84221849.0 79553912.0 87471811.0 70953715.0 32465803.0 42958199.0 75177564.0 73156368.0 73810354.0 0 19806101.0 
21785904.0 53474335.0 57815976.0 70803121.0 83275525.0 79543874.0 100767032.0 123894907.0 126014667.0 99284136.0 199731109.0 183875444.0 172340924.0 153626971.0 132086376.0 121529441.0 104331278.0 133308492.0 119545858.0 168858716.0 166947838.0 146084741.0 92542534.0 82941759.0 70811947.0 83258171.0 74140369.0 39565212.0 45773088.0 94860834.0 92814347.0 57338653.0 19806101.0 0 
