68
Whale137 Ring169 Puppy140 Mail22 Soap3 Comics107 Mail6 Body55 Ice165 Clock2 Kitty89 Nuclear35 Ring161 Urine20 Solar71 Fusion104 Websites94 Fusion34 Hnads182 Shoe17 Soap58 Toilet191 Shoe174 Shoes8 Towel154 Dislike143 Hnads116 Running66 Soda119 Solar192 Water29 Laptop125 Kitty98 Rollers95 Water135 Solar162 Ice9 Robot93 Poop150 Crab83 Soap64 Websites4 YouTube33 Soap53 System156 Nuclear18 Light30 Dog168 Towel92 Monster175 Shower47 Flowers178 Dislike27 Book24 Ice41 Robot51 Settings75 Cat187 Clock61 Post158 Whale114 Urine124 Male149 Shower48 Drugs184 Monster73 Toolbox153 Shelf0
0 14892134.0 26711723.0 26514117.0 34790610.0 71482763.0 127555554.0 133716363.0 159989516.0 145081635.0 174632541.0 186650201.0 183170803.0 180714145.0 194889875.0 201987587.0 224273754.0 226977754.0 153787826.0 149002043.0 180030459.0 191777427.0 184006151.0 169246259.0 173864103.0 172419698.0 180073842.0 153160374.0 132004841.0 135108559.0 137534985.0 139897336.0 138642662.0 133358822.0 119985084.0 93968960.0 89867380.0 79510591.0 86416076.0 102177514.0 98164808.0 66186346.0 120842524.0 84011768.0 81005014.0 72039534.0 47660959.0 43034019.0 60918793.0 78934743.0 108374148.0 118362057.0 115609443.0 115005401.0 128760753.0 136828010.0 123459711.0 99537449.0 100328920.0 90396292.0 63620530.0 45606791.0 47807537.0 17246487.0 34171043.0 28629691.0 30558954.0 21246326.0 
14892134.0 0 11819589.0 18725141.0 37180734.0 64287216.0 117726532.0 123452130.0 149487176.0 134468110.0 159829718.0 171796041.0 168306040.0 165822011.0 179997741.0 187095453.0 209383277.0 212087442.0 139258474.0 135147657.0 165935423.0 177937282.0 170396105.0 155315899.0 161543441.0 160481201.0 169667974.0 143796312.0 122876991.0 126188045.0 125583238.0 127941884.0 126489940.0 121206100.0 107422533.0 79864548.0 75991119.0 67686767.0 74628337.0 89082768.0 88205178.0 60667023.0 111613779.0 71132938.0 71983233.0 59718387.0 33830022.0 28715966.0 48097953.0 64042609.0 94203734.0 103469923.0 100722616.0 101189992.0 114140851.0 122560870.0 108742911.0 85809721.0 87474722.0 77542094.0 55519986.0 40249972.0 40896467.0 32138621.0 43869509.0 32656821.0 15666820.0 32887412.0 
26711723.0 11819589.0 0 6905552.0 25361145.0 54464537.0 109878083.0 115830510.0 141985025.0 127441498.0 158475278.0 171799025.0 169367815.0 167299134.0 183159433.0 189696943.0 211457308.0 214958584.0 143990210.0 141774580.0 171612064.0 184467128.0 177019246.0 161696869.0 169264546.0 169206232.0 178836913.0 154518368.0 133470317.0 136877802.0 134340776.0 136705587.0 134907850.0 129805679.0 115735884.0 86299496.0 83171757.0 78687076.0 83946757.0 99772525.0 99342687.0 72393911.0 122303536.0 82312613.0 79213585.0 69076119.0 41546054.0 28874142.0 47427085.0 66092266.0 93003265.0 104767570.0 103262226.0 103283591.0 119908835.0 125764362.0 109066306.0 83093545.0 82344940.0 72096972.0 46192119.0 28430383.0 29906757.0 32581814.0 51420151.0 42758595.0 21043179.0 38114324.0 
26514117.0 18725141.0 6905552.0 0 18455593.0 55179190.0 112003034.0 118058975.0 144588060.0 130691607.0 164090109.0 177716147.0 175510770.0 173556871.0 189754853.0 196076791.0 217790710.0 221487767.0 150813053.0 148619909.0 178498548.0 191065308.0 183924115.0 168295049.0 175987288.0 175926598.0 185279244.0 160464814.0 139495758.0 141517851.0 141246328.0 143389874.0 141809885.0 136526045.0 122499649.0 92931898.0 90049203.0 83491756.0 90433326.0 105729499.0 106248239.0 79299463.0 127723340.0 87356821.0 85637692.0 75981671.0 48451606.0 35637793.0 48806987.0 71925448.0 98678874.0 111673122.0 109936554.0 110001446.0 125472342.0 132528013.0 115000268.0 88175194.0 87003603.0 77042398.0 47571535.0 29557796.0 23001205.0 28377256.0 52467749.0 44248222.0 27948731.0 45019876.0 
34790610.0 37180734.0 25361145.0 18455593.0 0 36723597.0 93695084.0 99889208.0 126690057.0 113751224.0 150451177.0 166007946.0 164844661.0 163434606.0 181802451.0 187165744.0 208184794.0 212911996.0 145596395.0 146457698.0 174927357.0 187843901.0 181661795.0 165304950.0 176311770.0 177628130.0 189334997.0 167314355.0 146080740.0 147037343.0 143143168.0 145463470.0 143243108.0 138347426.0 123755632.0 91177530.0 90092032.0 87634427.0 93791245.0 113072610.0 113545316.0 89136070.0 133967914.0 92733164.0 90632816.0 78994937.0 51970702.0 38350200.0 37393928.0 64328859.0 88276530.0 100792001.0 102339965.0 103041383.0 120313563.0 125951428.0 104126633.0 76016653.0 72225181.0 61010154.0 29204800.0 37112554.0 26801121.0 46704872.0 68959972.0 61159682.0 38672255.0 55892375.0 
71482763.0 64287216.0 54464537.0 55179190.0 36723597.0 0 58305366.0 64764875.0 92758409.0 82801480.0 129019909.0 149077455.0 149803333.0 149752812.0 172502630.0 175560728.0 194306952.0 201461119.0 143592529.0 151731649.0 174056089.0 188664017.0 183977744.0 166486725.0 183636214.0 188020518.0 203762662.0 187041307.0 165966710.0 165146793.0 155480000.0 157630960.0 154758750.0 150371204.0 135593761.0 100104324.0 102251741.0 107406297.0 111472582.0 135190822.0 137821817.0 118358789.0 153671299.0 113282299.0 110533396.0 98268550.0 74099076.0 56349111.0 34618363.0 65646733.0 73188456.0 91300821.0 98475769.0 102243803.0 120336928.0 122241744.0 91776555.0 57541415.0 52201807.0 40844078.0 32151462.0 26034154.0 39606266.0 82075255.0 105630985.0 96841657.0 75327218.0 92468322.0 
127555554.0 117726532.0 109878083.0 112003034.0 93695084.0 58305366.0 0 6646895.0 34638333.0 30612543.0 93373607.0 115097188.0 123160691.0 125509230.0 153544391.0 152324391.0 165909083.0 176828097.0 139892022.0 155555286.0 169059123.0 184146055.0 182763336.0 165311781.0 190436851.0 198958915.0 219541776.0 212108805.0 192603402.0 189222415.0 172282279.0 173739119.0 169949447.0 166986412.0 153628644.0 119763527.0 126121931.0 138324136.0 140690679.0 167299437.0 172549730.0 161104809.0 181011247.0 145823471.0 142738634.0 131416880.0 115204578.0 94517401.0 73055482.0 86753668.0 72497991.0 86251045.0 98663566.0 103417756.0 122272101.0 118988067.0 81565750.0 59560404.0 49457074.0 51013002.0 64523537.0 82537276.0 92587530.0 139951971.0 161122215.0 150383353.0 130882115.0 147717953.0 
133716363.0 123452130.0 115830510.0 118058975.0 99889208.0 64764875.0 6646895.0 0 27993534.0 23965648.0 88902912.0 111270618.0 119972166.0 122601669.0 151081440.0 149488621.0 162168132.0 173234117.0 139317449.0 155835034.0 168212712.0 183141492.0 182144715.0 164818662.0 190686042.0 199722359.0 220807828.0 214303106.0 195066243.0 191476223.0 173506062.0 175140561.0 171329320.0 169245620.0 155940709.0 122126221.0 128773911.0 141924229.0 144559062.0 170365375.0 176019012.0 165537352.0 183636138.0 149402535.0 146550054.0 135014380.0 119727806.0 99657280.0 77964606.0 90997941.0 79144886.0 86509423.0 99343980.0 104577372.0 122675090.0 119386376.0 84091490.0 58451266.0 56103969.0 53320232.0 70770237.0 88783976.0 98976851.0 146195730.0 167025574.0 155590475.0 136812960.0 153607983.0 
159989516.0 149487176.0 141985025.0 144588060.0 126690057.0 92758409.0 34638333.0 27993534.0 0 19135542.0 77658509.0 99241180.0 110793565.0 114741589.0 143951373.0 140310020.0 149472170.0 162078759.0 141032787.0 160870130.0 167706629.0 182371697.0 182985651.0 166465718.0 195008694.0 205564184.0 228250141.0 226217263.0 208138070.0 203533690.0 182964530.0 184329549.0 180287324.0 178205630.0 166352102.0 135886013.0 143410452.0 158794006.0 159871332.0 186534105.0 193103224.0 186077668.0 197338617.0 166334999.0 163246121.0 152999216.0 142687555.0 123376303.0 101645555.0 107352092.0 80426655.0 93682035.0 107617893.0 112717400.0 129152763.0 123287890.0 87330048.0 74119385.0 70257372.0 79318624.0 97837144.0 115415110.0 126333176.0 172744513.0 192524454.0 180350486.0 162682966.0 179114612.0 
145081635.0 134468110.0 127441498.0 130691607.0 113751224.0 82801480.0 30612543.0 23965648.0 19135542.0 0 65794648.0 88525683.0 98244822.0 101355893.0 130281390.0 127673936.0 139326493.0 150927944.0 123731432.0 142683984.0 151219490.0 166306422.0 166060118.0 149263808.0 177170617.0 187271131.0 209679756.0 207081721.0 189007051.0 184398148.0 164066711.0 165466043.0 161443971.0 159271643.0 147418877.0 116750471.0 124337674.0 140201529.0 141605326.0 167530731.0 174161717.0 167994985.0 178210444.0 147468889.0 144664274.0 134312173.0 123552013.0 107086227.0 86403515.0 89533320.0 74162747.0 74866043.0 88620491.0 93805682.0 110376085.0 104607928.0 68194506.0 55463693.0 51121830.0 60183082.0 85951685.0 102221964.0 114060826.0 159068863.0 178337619.0 164483061.0 148484677.0 164496076.0 
174632541.0 159829718.0 158475278.0 164090109.0 150451177.0 129019909.0 93373607.0 88902912.0 77658509.0 65794648.0 0 22731035.0 38044797.0 39703384.0 68907258.0 63790794.0 73531845.0 85568614.0 80146742.0 104423677.0 100225970.0 113292591.0 116701230.0 102411553.0 134210305.0 147382888.0 172360689.0 180698598.0 167234157.0 160253660.0 134738430.0 135294040.0 131163849.0 131154940.0 123932837.0 108035566.0 115974114.0 135805924.0 133469866.0 156962248.0 166140489.0 171787844.0 159209974.0 142261520.0 139686096.0 133997072.0 136707448.0 131598522.0 115283122.0 97844547.0 70432920.0 61570350.0 71772100.0 75151934.0 80704982.0 69862233.0 53434426.0 76014067.0 78693447.0 90422639.0 128847569.0 141083592.0 154597821.0 190781763.0 200369608.0 184371253.0 175496382.0 189435190.0 
186650201.0 171796041.0 171799025.0 177716147.0 166007946.0 149077455.0 115097188.0 111270618.0 99241180.0 88525683.0 22731035.0 0 15690736.0 21910227.0 48771092.0 45207191.0 60203626.0 62837579.0 70649383.0 95636540.0 84748679.0 96730556.0 101349365.0 89481184.0 121698666.0 135947314.0 161209123.0 173768449.0 162572153.0 154910602.0 128276100.0 128445931.0 124471737.0 125290680.0 120697490.0 109986104.0 119110893.0 139079388.0 136338614.0 156905011.0 165907781.0 176271987.0 156012687.0 144821734.0 142816518.0 138645842.0 145622143.0 143616182.0 129958224.0 108157346.0 79063403.0 68801920.0 75581514.0 78573696.0 78235631.0 66613244.0 63797388.0 91755988.0 97995900.0 108652644.0 146329991.0 157854921.0 170565735.0 203534562.0 210291711.0 193761022.0 187356955.0 198808664.0 
183170803.0 168306040.0 169367815.0 175510770.0 164844661.0 149803333.0 123160691.0 119972166.0 110793565.0 98244822.0 38044797.0 15690736.0 0 6349769.0 34744394.0 29516455.0 44512890.0 55458868.0 56786155.0 81426041.0 69083130.0 81039820.0 85770632.0 74031695.0 106314353.0 120553050.0 146008732.0 159744873.0 149401609.0 141506164.0 114653509.0 114930531.0 110763027.0 111937029.0 108299389.0 102064166.0 111106689.0 130120545.0 126235646.0 145865453.0 155079573.0 167662414.0 143446038.0 135383387.0 133263533.0 130525853.0 140173173.0 140829263.0 129184627.0 105404150.0 80854384.0 65141914.0 69740685.0 71103955.0 67361468.0 55735791.0 60755099.0 92746522.0 98011028.0 109118192.0 147767974.0 156958926.0 170472166.0 200328805.0 205151733.0 188161526.0 183951179.0 194116382.0 
180714145.0 165822011.0 167299134.0 173556871.0 163434606.0 149752812.0 125509230.0 122601669.0 114741589.0 101355893.0 39703384.0 21910227.0 6349769.0 0 36312236.0 35866224.0 44810582.0 60202245.0 55045307.0 75258006.0 62843170.0 77930102.0 85473072.0 67785736.0 100007214.0 114203281.0 139660721.0 153576877.0 144215467.0 135530979.0 108870940.0 108885169.0 104717665.0 106657456.0 102705566.0 97171386.0 106296175.0 125646655.0 121501452.0 140646852.0 149899873.0 163270549.0 137916736.0 130724567.0 130001800.0 126366937.0 137007001.0 138667208.0 127913905.0 103969923.0 78631913.0 62919443.0 67518214.0 67501665.0 67923354.0 54301564.0 59409914.0 92377356.0 97635922.0 108939096.0 147386275.0 155868302.0 169297561.0 197960632.0 201752849.0 184950576.0 181136849.0 191145391.0 
194889875.0 179997741.0 183159433.0 189754853.0 181802451.0 172502630.0 153544391.0 151081440.0 143951373.0 130281390.0 68907258.0 48771092.0 34744394.0 36312236.0 0 12472149.0 34473345.0 37174978.0 45925997.0 66250614.0 42917511.0 50875077.0 57827184.0 51407960.0 81747737.0 96764393.0 121960512.0 141726297.0 135429057.0 126868108.0 100219832.0 99266034.0 98225116.0 98608440.0 99526971.0 104473871.0 111830476.0 130406647.0 125068802.0 139604804.0 148963267.0 167495797.0 131971875.0 134088140.0 132607968.0 133022717.0 149578898.0 154692066.0 147146398.0 118009153.0 99514018.0 81874112.0 79998047.0 79930467.0 68218910.0 64108402.0 80728829.0 115131485.0 121301956.0 131843208.0 169017665.0 175415377.0 188477013.0 212015448.0 212018579.0 194890758.0 194548102.0 202488373.0 
201987587.0 187095453.0 189696943.0 196076791.0 187165744.0 175560728.0 152324391.0 149488621.0 140310020.0 127673936.0 63790794.0 45207191.0 29516455.0 35866224.0 12472149.0 0 23459303.0 25942413.0 56790844.0 78722763.0 55368532.0 62572828.0 70299333.0 63858981.0 94219886.0 109181678.0 134267349.0 154145516.0 147557958.0 139025765.0 112026532.0 111438708.0 108070142.0 111080589.0 111007848.0 113400780.0 121204608.0 140214296.0 135208362.0 150740903.0 160095373.0 177630041.0 143824066.0 144344655.0 142648211.0 142591303.0 156523847.0 160972307.0 152410655.0 124445823.0 102774047.0 86452242.0 86434717.0 91668109.0 79470804.0 75563916.0 84198240.0 118026676.0 123637083.0 134721595.0 172672938.0 180206269.0 193472272.0 219234074.0 220539188.0 203442751.0 201934313.0 210605139.0 
224273754.0 209383277.0 211457308.0 217790710.0 208184794.0 194306952.0 165909083.0 162168132.0 149472170.0 139326493.0 73531845.0 60203626.0 44512890.0 44810582.0 34473345.0 23459303.0 0 15391663.0 80101814.0 100723959.0 76837599.0 79032130.0 87980015.0 84679449.0 113099770.0 128153899.0 152602659.0 175073689.0 169574846.0 160895117.0 134139593.0 133418010.0 130204710.0 133081785.0 133996556.0 136784915.0 144594062.0 163673599.0 158667665.0 173960826.0 183319289.0 201043802.0 166445220.0 167801496.0 166107514.0 165726838.0 179907906.0 182766915.0 172629739.0 145968471.0 122373491.0 107392793.0 108677483.0 109632444.0 100303547.0 89601981.0 104220496.0 137054771.0 142105145.0 153525853.0 192054412.0 200657894.0 214108143.0 241520241.0 243590141.0 226540486.0 224419777.0 233467157.0 
226977754.0 212087442.0 214958584.0 221487767.0 212911996.0 201461119.0 176828097.0 173234117.0 162078759.0 150927944.0 85568614.0 62837579.0 55458868.0 60202245.0 37174978.0 25942413.0 15391663.0 0 78177801.0 96874390.0 66098443.0 69422662.0 78674158.0 78371640.0 103738284.0 118422021.0 142165039.0 166674868.0 162945846.0 154288942.0 127925411.0 126951167.0 124063833.0 127318580.0 129957330.0 136721354.0 144056555.0 162514293.0 156911768.0 170183425.0 179492261.0 199273240.0 160803844.0 166134883.0 164473067.0 165278864.0 180924008.0 186371486.0 177843085.0 149593472.0 128641608.0 112294154.0 111696358.0 111972353.0 100568363.0 90784974.0 110140653.0 143937129.0 149483426.0 160617564.0 198614252.0 206073510.0 219304286.0 244207220.0 244365091.0 227236536.0 226863810.0 234859655.0 
153787826.0 139258474.0 143990210.0 150813053.0 145596395.0 143592529.0 139892022.0 139317449.0 141032787.0 123731432.0 80146742.0 70649383.0 56786155.0 55045307.0 45925997.0 56790844.0 80101814.0 78177801.0 0 26309695.0 33806500.0 45510698.0 43028538.0 29365478.0 54894544.0 67380356.0 92259869.0 103887967.0 93251762.0 85159057.0 59922519.0 58432599.0 54265095.0 55720178.0 57014774.0 60578114.0 67211721.0 84929090.0 79546320.0 93950059.0 103308522.0 121740777.0 89205442.0 88312222.0 87140893.0 88193541.0 106716963.0 116404990.0 113470838.0 81553644.0 74136067.0 54817189.0 46079301.0 43533156.0 25370297.0 21650387.0 58485206.0 89804845.0 97013207.0 105440098.0 138229084.0 141016283.0 153187820.0 170744912.0 168117347.0 151039467.0 152990578.0 159353560.0 
149002043.0 135147657.0 141774580.0 148619909.0 146457698.0 151731649.0 155555286.0 155835034.0 160870130.0 142683984.0 104423677.0 95636540.0 81426041.0 75258006.0 66250614.0 78722763.0 100723959.0 96874390.0 26309695.0 0 33135269.0 43023888.0 38197426.0 21110054.0 35043727.0 48533629.0 68592002.0 79091092.0 69482646.0 61077827.0 36000535.0 33635724.0 37803228.0 40899254.0 35248792.0 55717147.0 59290294.0 73536150.0 66594580.0 76961605.0 84436208.0 107697453.0 65745444.0 74700230.0 73962426.0 78459820.0 101341084.0 116936235.0 117842890.0 87204336.0 87383443.0 69325611.0 57159368.0 53266216.0 33283185.0 38265251.0 74838693.0 102015741.0 109243778.0 115791253.0 145434288.0 145088478.0 154714956.0 165385026.0 158338553.0 141588384.0 147582479.0 151167990.0 
180030459.0 165935423.0 171612064.0 178498548.0 174927357.0 174056089.0 169059123.0 168212712.0 167706629.0 151219490.0 100225970.0 84748679.0 69083130.0 62843170.0 42917511.0 55368532.0 76837599.0 66098443.0 33806500.0 33135269.0 0 15086932.0 25598888.0 12297299.0 39361948.0 54399471.0 79518309.0 100798127.0 97561193.0 89687470.0 62579351.0 61388511.0 58850122.0 62654696.0 68172226.0 86122085.0 91147071.0 105981673.0 99729849.0 107714252.0 116729238.0 140387426.0 95755080.0 107672630.0 107097695.0 111037374.0 132443470.0 144785978.0 143577913.0 111082397.0 104439037.0 85213651.0 76555387.0 73761695.0 54613794.0 52169266.0 88066845.0 120267140.0 127479954.0 135968532.0 168546989.0 170543665.0 182378270.0 196648589.0 191089741.0 174570951.0 178846042.0 183524768.0 
191777427.0 177937282.0 184467128.0 191065308.0 187843901.0 188664017.0 184146055.0 183141492.0 182371697.0 166306422.0 113292591.0 96730556.0 81039820.0 77930102.0 50875077.0 62572828.0 79032130.0 69422662.0 45510698.0 43023888.0 15086932.0 0 10511956.0 22770259.0 37044054.0 50307251.0 73834999.0 99771277.0 99284573.0 90389033.0 66931046.0 65339091.0 63604187.0 68129515.0 76419477.0 98604671.0 102314182.0 115808360.0 109157942.0 114243599.0 122882606.0 148693533.0 99825985.0 116712781.0 116385363.0 121483708.0 144360254.0 157836794.0 157304072.0 124931564.0 119403893.0 100146264.0 91213047.0 88525272.0 68711917.0 67031550.0 103153777.0 135190232.0 142431209.0 150779020.0 182729676.0 184243745.0 195841426.0 208188591.0 201052476.0 184397638.0 190400927.0 194191878.0 
184006151.0 170396105.0 177019246.0 183924115.0 181661795.0 183977744.0 182763336.0 182144715.0 182985651.0 166060118.0 116701230.0 101349365.0 85770632.0 85473072.0 57827184.0 70299333.0 87980015.0 78674158.0 43028538.0 38197426.0 25598888.0 10511956.0 0 17687336.0 31345473.0 40506198.0 64752364.0 90952028.0 88772617.0 79877077.0 57400007.0 55871050.0 57905606.0 62434126.0 66932709.0 91010692.0 94806731.0 107257750.0 100316180.0 104452736.0 113756275.0 139081911.0 89410987.0 107594785.0 107406151.0 113028400.0 136573776.0 151292014.0 151984948.0 119489432.0 116617069.0 97519674.0 87494972.0 84034294.0 64311560.0 64195617.0 101279361.0 132093569.0 139407099.0 147216440.0 177827915.0 178861381.0 189682904.0 200195797.0 192191436.0 175644650.0 182460639.0 185736570.0 
169246259.0 155315899.0 161696869.0 168295049.0 165304950.0 166486725.0 165311781.0 164818662.0 166465718.0 149263808.0 102411553.0 89481184.0 74031695.0 67785736.0 51407960.0 63858981.0 84679449.0 78371640.0 29365478.0 21110054.0 12297299.0 22770259.0 17687336.0 0 32291212.0 47184325.0 72117541.0 90394240.0 85471672.0 79903255.0 53349471.0 50984660.0 46817156.0 50475766.0 55930801.0 76196718.0 80186090.0 94189474.0 87704634.0 95416971.0 104775434.0 128379462.0 83711070.0 95656282.0 95072480.0 99569874.0 121589995.0 135141802.0 134884143.0 102436417.0 99710319.0 80567601.0 69832278.0 66443586.0 46624224.0 51015865.0 83765115.0 114406233.0 122085680.0 129553287.0 160582297.0 161632013.0 173140681.0 185698084.0 179448607.0 162654487.0 167893646.0 172278044.0 
173864103.0 161543441.0 169264546.0 175987288.0 176311770.0 183636214.0 190436851.0 190686042.0 195008694.0 177170617.0 134210305.0 121698666.0 106314353.0 100007214.0 81747737.0 94219886.0 113099770.0 103738284.0 54894544.0 35043727.0 39361948.0 37044054.0 31345473.0 32291212.0 0 15087824.0 40212775.0 65533654.0 65726407.0 56830867.0 49991440.0 47627296.0 46510230.0 41226390.0 56048994.0 86198375.0 86219738.0 94629642.0 88558846.0 85903106.0 93650182.0 122495073.0 71405133.0 93553977.0 93987355.0 101825054.0 127718492.0 145682002.0 150025115.0 117989481.0 122248544.0 104216287.0 92203095.0 87870164.0 68290917.0 72562689.0 109882420.0 136536736.0 144133139.0 150124047.0 176568459.0 174673396.0 184692898.0 189149171.0 177887159.0 162005176.0 171820759.0 172803555.0 
172419698.0 160481201.0 169206232.0 175926598.0 177628130.0 188020518.0 198958915.0 199722359.0 205564184.0 187271131.0 147382888.0 135947314.0 120553050.0 114203281.0 96764393.0 109181678.0 128153899.0 118422021.0 67380356.0 48533629.0 54399471.0 50307251.0 40506198.0 47184325.0 15087824.0 0 26919600.0 50445830.0 57143626.0 48248086.0 34903616.0 32539472.0 34385022.0 39400553.0 53887755.0 89059191.0 88122459.0 92909107.0 86068463.0 79853361.0 86570020.0 117022248.0 59767386.0 90612468.0 91747477.0 100768467.0 127674565.0 147394061.0 154615778.0 122566377.0 130448015.0 113235068.0 100378379.0 95541976.0 77113575.0 83663968.0 119295154.0 143950764.0 151333281.0 156639323.0 180494412.0 177034203.0 186352472.0 186945125.0 173504599.0 158472678.0 169942594.0 169434732.0 
180073842.0 169667974.0 178836913.0 185279244.0 189334997.0 203762662.0 219541776.0 220807828.0 228250141.0 209679756.0 172360689.0 161209123.0 146008732.0 139660721.0 121960512.0 134267349.0 152602659.0 142165039.0 92259869.0 68592002.0 79518309.0 73834999.0 64752364.0 72117541.0 40212775.0 26919600.0 0 36503890.0 50434410.0 45485438.0 50772952.0 48925585.0 51749152.0 54916901.0 68168901.0 103991102.0 101732319.0 101981207.0 95625946.0 82159746.0 87146003.0 118788673.0 59817912.0 101083858.0 99641552.0 110485843.0 138012533.0 159865971.0 169219032.0 139287590.0 151186864.0 134993464.0 121771196.0 116537804.0 99366533.0 106469990.0 141492352.0 163729707.0 171215936.0 175134701.0 195548643.0 190093257.0 198178823.0 192786092.0 175847798.0 161928268.0 176662363.0 173682482.0 
153160374.0 143796312.0 154518368.0 160464814.0 167314355.0 187041307.0 212108805.0 214303106.0 226217263.0 207081721.0 180698598.0 173768449.0 159744873.0 153576877.0 141726297.0 154145516.0 175073689.0 166674868.0 103887967.0 79091092.0 100798127.0 99771277.0 90952028.0 90394240.0 65533654.0 50445830.0 36503890.0 0 21265499.0 30161039.0 46555462.0 45455368.0 49622872.0 49734105.0 64556709.0 92376417.0 87775399.0 80622620.0 76749751.0 54745843.0 56477879.0 88586237.0 33564726.0 74830672.0 77173768.0 89262357.0 115958431.0 139783212.0 152774101.0 126785055.0 146188753.0 133092113.0 119156255.0 113922863.0 101519106.0 111055241.0 140645241.0 155968754.0 162651731.0 164521132.0 178290984.0 169965986.0 176178921.0 164079098.0 144296559.0 131762495.0 149813902.0 143786697.0 
132004841.0 122876991.0 133470317.0 139495758.0 146080740.0 165966710.0 192603402.0 195066243.0 208138070.0 189007051.0 167234157.0 162572153.0 149401609.0 144215467.0 135429057.0 147557958.0 169574846.0 162945846.0 93251762.0 69482646.0 97561193.0 99284573.0 88772617.0 85471672.0 65726407.0 57143626.0 50434410.0 21265499.0 0 8895540.0 35696415.0 36172682.0 39497802.0 42984128.0 46423847.0 72981863.0 67714876.0 62768226.0 56424091.0 34830238.0 39627318.0 68854511.0 12299227.0 53565173.0 55916304.0 68029491.0 94692932.0 118532226.0 131864441.0 106607165.0 127743131.0 116095748.0 102279207.0 98566054.0 86741126.0 97438044.0 123919854.0 136627087.0 143205386.0 144370515.0 157138051.0 148714865.0 154951083.0 144096833.0 128513449.0 112488865.0 128741265.0 124283820.0 
135108559.0 126188045.0 136877802.0 141517851.0 147037343.0 165146793.0 189222415.0 191476223.0 203533690.0 184398148.0 160253660.0 154910602.0 141506164.0 135530979.0 126868108.0 139025765.0 160895117.0 154288942.0 85159057.0 61077827.0 89687470.0 90389033.0 79877077.0 79903255.0 56830867.0 48248086.0 45485438.0 30161039.0 8895540.0 0 27108119.0 29472930.0 33640434.0 34088588.0 37528307.0 69494518.0 64235905.0 59526476.0 53931097.0 37105277.0 41902357.0 73650066.0 14574266.0 55840212.0 57963263.0 68215061.0 95745126.0 118747952.0 130685321.0 104085544.0 123302257.0 110752538.0 96816680.0 91595133.0 80129016.0 90496183.0 118434819.0 133055918.0 139780370.0 141604865.0 156490515.0 148995768.0 155935851.0 147757861.0 130747379.0 116728186.0 132153214.0 128513474.0 
137534985.0 125583238.0 134340776.0 141246328.0 143143168.0 155480000.0 172282279.0 173506062.0 182964530.0 164066711.0 134738430.0 128276100.0 114653509.0 108870940.0 100219832.0 112026532.0 134139593.0 127925411.0 59922519.0 36000535.0 62579351.0 66931046.0 57400007.0 53349471.0 49991440.0 34903616.0 50772952.0 46555462.0 35696415.0 27108119.0 0 2364811.0 6532315.0 9628341.0 24446822.0 56214021.0 53910134.0 58106417.0 51164847.0 48170741.0 56356268.0 84474118.0 34954073.0 56062513.0 56843861.0 65864851.0 92843662.0 113112233.0 121324511.0 91596104.0 104150197.0 89353514.0 75499211.0 70265819.0 55675682.0 65164616.0 96659182.0 115873880.0 123060610.0 126795529.0 147566574.0 143042007.0 151937532.0 152348271.0 140368139.0 124276467.0 135217592.0 135225422.0 
139897336.0 127941884.0 136705587.0 143389874.0 145463470.0 157630960.0 173739119.0 175140561.0 184329549.0 165466043.0 135294040.0 128445931.0 114930531.0 108885169.0 99266034.0 111438708.0 133418010.0 126951167.0 58432599.0 33635724.0 61388511.0 65339091.0 55871050.0 50984660.0 47627296.0 32539472.0 48925585.0 45455368.0 36172682.0 29472930.0 2364811.0 0 4167504.0 7263530.0 22082011.0 57904212.0 55985436.0 60400301.0 53529483.0 50198205.0 58269781.0 86643312.0 34579847.0 58427324.0 59208672.0 68229662.0 95199672.0 115412639.0 123132598.0 92920111.0 105798506.0 90647514.0 76847067.0 71681047.0 58040493.0 65898891.0 97806181.0 117624807.0 124829428.0 128701254.0 149749116.0 145317352.0 154251835.0 154632702.0 142510875.0 126641278.0 137526626.0 137549268.0 
138642662.0 126489940.0 134907850.0 141809885.0 143243108.0 154758750.0 169949447.0 171329320.0 180287324.0 161443971.0 131163849.0 124471737.0 110763027.0 104717665.0 98225116.0 108070142.0 130204710.0 124063833.0 54265095.0 37803228.0 58850122.0 63604187.0 57905606.0 46817156.0 46510230.0 34385022.0 51749152.0 49622872.0 39497802.0 33640434.0 6532315.0 4167504.0 0 5283840.0 19502733.0 54674169.0 54005746.0 59144041.0 52282592.0 50991585.0 59392695.0 86854197.0 38747351.0 57610718.0 58201150.0 66780435.0 93361796.0 113069345.0 120230756.0 89739801.0 101853804.0 86770448.0 73044340.0 67810948.0 57245796.0 61731387.0 93638677.0 114178233.0 121168631.0 125201513.0 146879467.0 142829615.0 152004862.0 153568192.0 141967929.0 126064739.0 136362890.0 136859095.0 
133358822.0 121206100.0 129805679.0 136526045.0 138347426.0 150371204.0 166986412.0 169245620.0 178205630.0 159271643.0 131154940.0 125290680.0 111937029.0 106657456.0 98608440.0 111080589.0 133081785.0 127318580.0 55720178.0 40899254.0 62654696.0 68129515.0 62434126.0 50475766.0 41226390.0 39400553.0 54916901.0 49734105.0 42984128.0 34088588.0 9628341.0 7263530.0 5283840.0 0 14822604.0 50644805.0 48721906.0 53860201.0 48682388.0 51811527.0 60813355.0 85138937.0 33485264.0 52327587.0 52917310.0 61496595.0 88274012.0 108270100.0 115869068.0 85715880.0 101347116.0 84567104.0 70688664.0 68917842.0 51961956.0 61321136.0 92329311.0 110794354.0 118088559.0 122373201.0 142485586.0 138157130.0 147123406.0 148385156.0 136684089.0 120780899.0 131079050.0 131577165.0 
119985084.0 107422533.0 115735884.0 122499649.0 123755632.0 135593761.0 153628644.0 155940709.0 166352102.0 147418877.0 123932837.0 120697490.0 108299389.0 102705566.0 99526971.0 111007848.0 133996556.0 129957330.0 57014774.0 35248792.0 68172226.0 76419477.0 66932709.0 55930801.0 56048994.0 53887755.0 68168901.0 64556709.0 46423847.0 37528307.0 24446822.0 22082011.0 19502733.0 14822604.0 0 35822201.0 34902243.0 43665199.0 36723629.0 41712813.0 49544090.0 72448661.0 35438134.0 45364457.0 43248119.0 47946069.0 74189830.0 93566842.0 101070026.0 71204284.0 86524512.0 73260866.0 59325008.0 54095238.0 43341658.0 54420238.0 80943147.0 97520404.0 104362484.0 107550597.0 128500814.0 123429124.0 132502129.0 135343764.0 125666203.0 109097578.0 117941774.0 119467027.0 
93968960.0 79864548.0 86299496.0 92931898.0 91177530.0 100104324.0 119763527.0 122126221.0 135886013.0 116750471.0 108035566.0 109986104.0 102064166.0 97171386.0 104473871.0 113400780.0 136784915.0 136721354.0 60578114.0 55717147.0 86122085.0 98604671.0 91010692.0 76196718.0 86198375.0 89059191.0 103991102.0 92376417.0 72981863.0 69494518.0 56214021.0 57904212.0 54674169.0 50644805.0 35822201.0 0 9124789.0 29157922.0 26726412.0 51972937.0 60180427.0 66347866.0 61682682.0 35412195.0 32830414.0 33367587.0 46321385.0 63980983.0 67877599.0 35382083.0 55710619.0 51719160.0 37783302.0 43016694.0 36835520.0 47182934.0 55880410.0 63674955.0 70316277.0 72314445.0 94077727.0 89371331.0 99630585.0 110680339.0 107738691.0 90609591.0 93308810.0 98775446.0 
89867380.0 75991119.0 83171757.0 90049203.0 90092032.0 102251741.0 126121931.0 128773911.0 143410452.0 124337674.0 115974114.0 119110893.0 111106689.0 106296175.0 111830476.0 121204608.0 144594062.0 144056555.0 67211721.0 59290294.0 91147071.0 102314182.0 94806731.0 80186090.0 86219738.0 88122459.0 101732319.0 87775399.0 67714876.0 64235905.0 53910134.0 55985436.0 54005746.0 48721906.0 34902243.0 9124789.0 0 20118715.0 27060285.0 43523656.0 51055638.0 57533936.0 56415695.0 26287406.0 23711982.0 24242798.0 42328330.0 59864069.0 67636164.0 39849639.0 64835408.0 56697081.0 44987175.0 40939208.0 45960309.0 55370898.0 64833005.0 70353606.0 76664857.0 77559211.0 94821002.0 89447437.0 98772931.0 106189031.0 101016193.0 84245244.0 88386484.0 92717099.0 
79510591.0 67686767.0 78687076.0 83491756.0 87634427.0 107406297.0 138324136.0 141924229.0 158794006.0 140201529.0 135805924.0 139079388.0 130120545.0 125646655.0 130406647.0 140214296.0 163673599.0 162514293.0 84929090.0 73536150.0 105981673.0 115808360.0 107257750.0 94189474.0 94629642.0 92909107.0 101981207.0 80622620.0 62768226.0 59526476.0 58106417.0 60400301.0 59144041.0 53860201.0 43665199.0 29157922.0 20118715.0 0 6941570.0 29053097.0 38411560.0 37623894.0 51584108.0 16164685.0 18580663.0 23761447.0 37740341.0 59221476.0 72901028.0 59968354.0 81625019.0 76815796.0 64829401.0 60957161.0 63853102.0 75014316.0 83927257.0 84737836.0 90245041.0 88957980.0 98060469.0 90218115.0 96535347.0 94524955.0 85441486.0 68589278.0 77898598.0 78650715.0 
86416076.0 74628337.0 83946757.0 90433326.0 93791245.0 111472582.0 140690679.0 144559062.0 159871332.0 141605326.0 133469866.0 136338614.0 126235646.0 121501452.0 125068802.0 135208362.0 158667665.0 156911768.0 79546320.0 66594580.0 99729849.0 109157942.0 100316180.0 87704634.0 88558846.0 86068463.0 95625946.0 76749751.0 56424091.0 53931097.0 51164847.0 53529483.0 52282592.0 48682388.0 36723629.0 26726412.0 27060285.0 6941570.0 0 26690039.0 36046591.0 42438834.0 45015390.0 9223115.0 12322143.0 16819877.0 42400703.0 64818829.0 77280894.0 53938107.0 81209213.0 74397564.0 62550615.0 58329415.0 60628110.0 72244261.0 82533488.0 86141633.0 92032619.0 91736978.0 102708207.0 95158607.0 102697683.0 101466525.0 91901491.0 75330842.0 84665245.0 85592285.0 
102177514.0 89082768.0 99772525.0 105729499.0 113072610.0 135190822.0 167299437.0 170365375.0 186534105.0 167530731.0 156962248.0 156905011.0 145865453.0 140646852.0 139604804.0 150740903.0 173960826.0 170183425.0 93950059.0 76961605.0 107714252.0 114243599.0 104452736.0 95416971.0 85903106.0 79853361.0 82159746.0 54745843.0 34830238.0 37105277.0 48170741.0 50198205.0 50991585.0 51811527.0 41712813.0 51972937.0 43523656.0 29053097.0 26690039.0 0 9358463.0 37354822.0 22531011.0 32328187.0 35427215.0 37648223.0 61973535.0 86392850.0 101954125.0 80628146.0 106960721.0 99507070.0 86993008.0 82163408.0 78669380.0 90451746.0 107642994.0 112829108.0 118722658.0 117862403.0 125872057.0 116169901.0 121944380.0 111351750.0 95359656.0 79831623.0 95068059.0 93008669.0 
98164808.0 88205178.0 99342687.0 106248239.0 113545316.0 137821817.0 172549730.0 176019012.0 193103224.0 174161717.0 166140489.0 165907781.0 155079573.0 149899873.0 148963267.0 160095373.0 183319289.0 179492261.0 103308522.0 84436208.0 116729238.0 122882606.0 113756275.0 104775434.0 93650182.0 86570020.0 87146003.0 56477879.0 39627318.0 41902357.0 56356268.0 58269781.0 59392695.0 60813355.0 49544090.0 60180427.0 51055638.0 38411560.0 36046591.0 9358463.0 0 32108358.0 27328091.0 26823476.0 29922498.0 42187344.0 63836146.0 88547818.0 106194509.0 86234556.0 114088658.0 107549482.0 95470315.0 91202295.0 88027843.0 99810209.0 115681136.0 119081950.0 124625724.0 123077655.0 128497778.0 117686996.0 122251225.0 107601219.0 89102995.0 75742712.0 94471146.0 87762205.0 
66186346.0 60667023.0 72393911.0 79299463.0 89136070.0 118358789.0 161104809.0 165537352.0 186077668.0 167994985.0 171787844.0 176271987.0 167662414.0 163270549.0 167495797.0 177630041.0 201043802.0 199273240.0 121740777.0 107697453.0 140387426.0 148693533.0 139081911.0 128379462.0 122495073.0 117022248.0 118788673.0 88586237.0 68854511.0 73650066.0 84474118.0 86643312.0 86854197.0 85138937.0 72448661.0 66347866.0 57533936.0 37623894.0 42438834.0 37354822.0 32108358.0 0 59098068.0 42609708.0 45708736.0 37860255.0 57784419.0 69031959.0 89106400.0 79982983.0 112296975.0 111148651.0 101291147.0 97793006.0 101452877.0 112638210.0 119284575.0 114029755.0 116873155.0 112401030.0 108551848.0 96532527.0 101563490.0 77326744.0 60765568.0 43634354.0 62362788.0 55653847.0 
120842524.0 111613779.0 122303536.0 127723340.0 133967914.0 153671299.0 181011247.0 183636138.0 197338617.0 178210444.0 159209974.0 156012687.0 143446038.0 137916736.0 131971875.0 143824066.0 166445220.0 160803844.0 89205442.0 65745444.0 95755080.0 99825985.0 89410987.0 83711070.0 71405133.0 59767386.0 59817912.0 33564726.0 12299227.0 14574266.0 34954073.0 34579847.0 38747351.0 33485264.0 35438134.0 61682682.0 56415695.0 51584108.0 45015390.0 22531011.0 27328091.0 59098068.0 0 41265946.0 44364974.0 55740996.0 82979111.0 106258658.0 120230962.0 94934246.0 116915329.0 106149375.0 92608632.0 87387453.0 78683965.0 89852651.0 114226771.0 125234505.0 131742862.0 132533659.0 144841183.0 136452440.0 142839684.0 133882761.0 116214222.0 102159292.0 117578948.0 113939208.0 
84011768.0 71132938.0 82312613.0 87356821.0 92733164.0 113282299.0 145823471.0 149402535.0 166334999.0 147468889.0 142261520.0 144821734.0 135383387.0 130724567.0 134088140.0 144344655.0 167801496.0 166134883.0 88312222.0 74700230.0 107672630.0 116712781.0 107594785.0 95656282.0 93553977.0 90612468.0 101083858.0 74830672.0 53565173.0 55840212.0 56062513.0 58427324.0 57610718.0 52327587.0 45364457.0 35412195.0 26287406.0 16164685.0 9223115.0 32328187.0 26823476.0 42609708.0 41265946.0 0 3099028.0 15363874.0 41862586.0 65142554.0 79770002.0 60618252.0 87816373.0 82984487.0 71274581.0 67189533.0 69701616.0 79908117.0 90993321.0 92299609.0 97802248.0 96389386.0 104664439.0 95238354.0 101622745.0 96332657.0 84751935.0 71483409.0 79449880.0 79249578.0 
81005014.0 71983233.0 79213585.0 85637692.0 90632816.0 110533396.0 142738634.0 146550054.0 163246121.0 144664274.0 139686096.0 142816518.0 133263533.0 130001800.0 132607968.0 142648211.0 166107514.0 164473067.0 87140893.0 73962426.0 107097695.0 116385363.0 107406151.0 95072480.0 93987355.0 91747477.0 99641552.0 77173768.0 55916304.0 57963263.0 56843861.0 59208672.0 58201150.0 52917310.0 43248119.0 32830414.0 23711982.0 18580663.0 12322143.0 35427215.0 29922498.0 45708736.0 44364974.0 3099028.0 0 12264846.0 38976878.0 62811088.0 76903041.0 57519224.0 84973819.0 79975048.0 68651570.0 64651190.0 66602588.0 79082880.0 88110972.0 89200581.0 95771535.0 93355147.0 101565411.0 92798561.0 99528377.0 95883101.0 84789773.0 68384381.0 78373731.0 78878608.0 
72039534.0 59718387.0 69076119.0 75981671.0 78994937.0 98268550.0 131416880.0 135014380.0 152999216.0 134312173.0 133997072.0 138645842.0 130525853.0 126366937.0 133022717.0 142591303.0 165726838.0 165278864.0 88193541.0 78459820.0 111037374.0 121483708.0 113028400.0 99569874.0 101825054.0 100768467.0 110485843.0 89262357.0 68029491.0 68215061.0 65864851.0 68229662.0 66780435.0 61496595.0 47946069.0 33367587.0 24242798.0 23761447.0 16819877.0 37648223.0 42187344.0 37860255.0 55740996.0 15363874.0 12264846.0 0 27530065.0 50546242.0 65607197.0 45848316.0 75933943.0 73400673.0 63430892.0 60081357.0 66458395.0 76342441.0 81536597.0 78886220.0 84010118.0 81923533.0 89300565.0 80815002.0 87900010.0 87519005.0 80287360.0 64221878.0 69995705.0 72708170.0 
47660959.0 33830022.0 41546054.0 48451606.0 51970702.0 74099076.0 115204578.0 119727806.0 142687555.0 123552013.0 136707448.0 145622143.0 140173173.0 137007001.0 149578898.0 156523847.0 179907906.0 180924008.0 106716963.0 101341084.0 132443470.0 144360254.0 136573776.0 121589995.0 127718492.0 127674565.0 138012533.0 115958431.0 94692932.0 95745126.0 92843662.0 95199672.0 93361796.0 88274012.0 74189830.0 46321385.0 42328330.0 37740341.0 42400703.0 61973535.0 63836146.0 57784419.0 82979111.0 41862586.0 38976878.0 27530065.0 0 34661433.0 43412153.0 39337870.0 72622218.0 76930645.0 71587643.0 72214165.0 83156905.0 90485498.0 83509030.0 69503368.0 72564923.0 66966430.0 64799980.0 54196366.0 60551499.0 64907446.0 65048834.0 48138879.0 49072526.0 54156945.0 
43034019.0 28715966.0 28874142.0 35637793.0 38350200.0 56349111.0 94517401.0 99657280.0 123376303.0 107086227.0 131598522.0 143616182.0 140829263.0 138667208.0 154692066.0 160972307.0 182766915.0 186371486.0 116404990.0 116936235.0 144785978.0 157836794.0 151292014.0 135141802.0 145682002.0 147394061.0 159865971.0 139783212.0 118532226.0 118747952.0 113112233.0 115412639.0 113069345.0 108270100.0 93566842.0 63980983.0 59864069.0 59221476.0 64818829.0 86392850.0 88547818.0 69031959.0 106258658.0 65142554.0 62811088.0 50546242.0 34661433.0 0 21730748.0 37455630.0 67050905.0 77754246.0 74694019.0 74905549.0 91034693.0 97570904.0 81062754.0 58937157.0 59291485.0 49526630.0 50995330.0 45150287.0 39029281.0 59919165.0 71326586.0 57396834.0 44382786.0 58340801.0 
60918793.0 48097953.0 47427085.0 48806987.0 37393928.0 34618363.0 73055482.0 77964606.0 101645555.0 86403515.0 115283122.0 129958224.0 129184627.0 127913905.0 147146398.0 152410655.0 172629739.0 177843085.0 113470838.0 117842890.0 143577913.0 157304072.0 151984948.0 134884143.0 150025115.0 154615778.0 169219032.0 152774101.0 131864441.0 130685321.0 121324511.0 123132598.0 120230756.0 115869068.0 101070026.0 67877599.0 67636164.0 72901028.0 77280894.0 101954125.0 106194509.0 89106400.0 120230962.0 79770002.0 76903041.0 65607197.0 43412153.0 21730748.0 0 32495516.0 56167722.0 65958413.0 68313533.0 71208040.0 88994051.0 92936887.0 68503991.0 39392744.0 39410127.0 29477499.0 31835849.0 28268979.0 41479219.0 76524754.0 91967462.0 78704931.0 63764773.0 79384052.0 
78934743.0 64042609.0 66092266.0 71925448.0 64328859.0 65646733.0 86753668.0 90997941.0 107352092.0 89533320.0 97844547.0 108157346.0 105404150.0 103969923.0 118009153.0 124445823.0 145968471.0 149593472.0 81553644.0 87204336.0 111082397.0 124931564.0 119489432.0 102436417.0 117989481.0 122566377.0 139287590.0 126785055.0 106607165.0 104085544.0 91596104.0 92920111.0 89739801.0 85715880.0 71204284.0 35382083.0 39849639.0 59968354.0 53938107.0 80628146.0 86234556.0 79982983.0 94934246.0 60618252.0 57519224.0 45848316.0 39337870.0 37455630.0 32495516.0 0 33284348.0 46805521.0 38011106.0 38712524.0 56498535.0 61622569.0 45229765.0 38091868.0 38411490.0 37798871.0 58695644.0 59520173.0 71686857.0 96123450.0 102619620.0 86583903.0 79632203.0 91852969.0 
