13
shoW AND gett yep COuld On In ground you youre shape stop GOld
0 101.21 163.06 293.65999999999997 339.63 438.49 507.56 594.57 570.49 404.93 370.92 358.75 170.07 
101.21 0 61.85 192.45 238.42 337.28 406.34999999999997 493.35999999999996 562.62 506.14 472.13 459.96 271.28 
163.06 61.85 0 130.6 176.57 275.43 344.5 431.51 500.77 567.9899999999999 533.9799999999999 521.81 333.13 
293.65999999999997 192.45 130.6 0 45.97 144.82999999999998 213.89999999999998 300.90999999999997 370.16999999999996 535.73 569.74 581.91 463.72999999999996 
339.63 238.42 176.57 45.97 0 98.86 167.93 254.94 324.2 489.76 523.77 535.9399999999999 509.7 
438.48999999999995 337.28 275.42999999999995 144.82999999999998 98.86 0 69.07 156.07999999999998 225.33999999999997 390.9 424.90999999999997 437.08 608.56 
507.56 406.35 344.5 213.9 167.93 69.07 0 87.01 156.27 321.83000000000004 355.84000000000003 368.01000000000005 556.69 
594.57 493.36 431.51 300.90999999999997 254.94 156.07999999999998 87.01 0 69.26 234.82 268.83 281.0 469.68 
570.49 562.62 500.77 370.16999999999996 324.2 225.34 156.27 69.26 0 165.56 199.57 211.73999999999998 400.41999999999996 
404.93 506.14 567.99 535.73 489.76 390.9 321.83 234.82 165.56 0 34.01 46.18 234.86 
370.91999999999996 472.12999999999994 533.9799999999999 569.74 523.77 424.90999999999997 355.84 268.83 199.57 34.01 0 12.17 200.85 
358.75 459.96 521.81 581.91 535.9399999999999 437.08 368.01 281.0 211.74 46.18 12.17 0 188.68 
170.07 271.28 333.13 463.73 509.70000000000005 608.5600000000001 556.6899999999999 469.67999999999995 400.41999999999996 234.85999999999999 200.85 188.68 0 
