18
34 35 29 2 23 37 39 36 38 42 48 47 46 45 44 43 8 0
0 4.0 11.0 12.0 13.0 11.0 14.0 15.0 13.0 8.0 38.0 32.0 28.0 23.0 19.0 14.0 8.0 5.0 
4.0 0 7.0 15.0 11.0 13.0 14.0 15.0 9.0 4.0 34.0 28.0 24.0 19.0 15.0 10.0 4.0 8.0 
11.0 7.0 0 9.0 12.0 15.0 11.0 14.0 12.0 11.0 41.0 35.0 31.0 26.0 22.0 17.0 11.0 10.0 
12.0 15.0 9.0 0 10.0 16.0 12.0 17.0 13.0 13.0 43.0 37.0 33.0 28.0 24.0 19.0 15.0 11.0 
13.0 11.0 12.0 10.0 0 7.0 11.0 12.0 11.0 12.0 42.0 36.0 32.0 27.0 23.0 18.0 15.0 13.0 
11.0 13.0 15.0 16.0 7.0 0 5.0 14.0 12.0 11.0 41.0 35.0 31.0 26.0 22.0 17.0 9.0 13.0 
14.0 14.0 11.0 12.0 11.0 5.0 0 12.0 15.0 12.0 42.0 36.0 32.0 27.0 23.0 18.0 14.0 13.0 
15.0 15.0 14.0 17.0 12.0 14.0 12.0 0 7.0 12.0 42.0 36.0 32.0 27.0 23.0 18.0 12.0 13.0 
13.0 9.0 12.0 13.0 11.0 12.0 15.0 7.0 0 5.0 35.0 29.0 25.0 20.0 16.0 11.0 11.0 12.0 
8.0 4.0 11.0 13.0 12.0 11.0 12.0 12.0 5.0 0 30.0 24.0 20.0 15.0 11.0 6.0 8.0 12.0 
38.0 34.0 41.0 43.0 42.0 41.0 42.0 42.0 35.0 30.0 0 6.0 10.0 15.0 19.0 24.0 38.0 42.0 
32.0 28.0 35.0 37.0 36.0 35.0 36.0 36.0 29.0 24.0 6.0 0 4.0 9.0 13.0 18.0 32.0 36.0 
28.0 24.0 31.0 33.0 32.0 31.0 32.0 32.0 25.0 20.0 10.0 4.0 0 5.0 9.0 14.0 28.0 32.0 
23.0 19.0 26.0 28.0 27.0 26.0 27.0 27.0 20.0 15.0 15.0 9.0 5.0 0 4.0 9.0 23.0 27.0 
19.0 15.0 22.0 24.0 23.0 22.0 23.0 23.0 16.0 11.0 19.0 13.0 9.0 4.0 0 5.0 19.0 23.0 
14.0 10.0 17.0 19.0 18.0 17.0 18.0 18.0 11.0 6.0 24.0 18.0 14.0 9.0 5.0 0 14.0 18.0 
8.0 4.0 11.0 15.0 15.0 9.0 14.0 12.0 11.0 8.0 38.0 32.0 28.0 23.0 19.0 14.0 0 4.0 
5.0 8.0 10.0 11.0 13.0 13.0 13.0 13.0 12.0 12.0 42.0 36.0 32.0 27.0 23.0 18.0 4.0 0 
