11
kanje jlmkx gamis mycdr yajhi qixvs hpxog pzeml tqkro kfbqn kwlpn
0 22.43217 34.2701 59.82513 71.99558 51.11399 32.74639 16.19047 31.20423 12.066099999999999 24.71487 
22.43217 0 11.93199 37.73348 59.39491 49.7556 42.10905 36.73365 49.68095 28.00729 32.19206 
34.2701 11.93199 0 26.90947 57.11764 54.69719 51.65436 48.61148 59.82423 38.97263 41.92655 
59.82513 37.73348 26.90947 0 46.99905 61.19239 68.27087 72.33886 86.72712 61.72847 59.95617 
71.99558 59.39491 57.11764 46.99905 0 34.14255 56.87583 75.28078 103.191 65.51073 54.65252 
51.11399 49.7556 54.69719 61.19239 34.14255 0 25.00856 48.513819999999996 79.87421 40.86066 27.45742 
32.74639 42.10905 51.65436 68.27087 56.87583 25.00856 0 24.39297 57.3294 23.45656 9.92074 
16.19047 36.73365 48.61148 72.33886 75.28078 48.513819999999996 24.39297 0 32.93643 10.91455 21.0564 
31.20423 49.68095 59.82423 86.72712 103.191 79.87421 57.3294 32.93643 0 39.13938 52.675200000000004 
12.066099999999999 28.00729 38.97263 61.72847 65.51073 40.86066 23.45656 10.91455 39.13938 0 13.53582 
24.71487 32.19206 41.92655 59.95617 54.65252 27.45742 9.92074 21.0564 52.675200000000004 13.53582 0 
