61
rchbw htkwy zgenl bwknx iyuas wdquv qckjp zqjxb jhlus ymcfp dbjxw ahnds dkjro hwmzn rlumh tmwdy uiogl bdevm ehqyk pytwh zcjqx ypdnb rzvtg ayrgb mhuad oewcd syoxf lpudv yvbse pgqva armnk tkwle pgtfb qbdwz maqho mhekz bfauz wkbuf qpbmc mujil pihld yxjgq aedvq cxajk tivko kscoz drojn vobqh zadjy oaeyh mtcsd qhibx zntkr wcjeg gdovn qsmkj vcwfj wnelr cihba osxbc hdpxs
0 16.50568 27.09655 30.24331 37.58206 48.7211 47.29906 49.76885 48.33704 48.75817 38.7475 34.65403 41.78952 53.10743 64.82117 62.30916 49.19203 60.58663 62.10826 67.4594 74.87643 72.36067 80.42744 81.5489 89.76694 94.42162 101.41614 100.59224 97.86473 91.23852 79.00829 78.36007 81.90496 91.60125 88.90837 75.1732 68.65105 65.63455 69.21716 64.30338 68.97249 77.23632 76.85129 78.8287 71.06357 64.8215 50.6351 45.42305 61.600989999999996 64.99235 71.97542 67.76802 51.26722 48.10484 45.5482 31.81062 25.24756 15.33718 17.12839 17.57034 23.48823 
16.50568 0 32.40603 36.12537 41.78547 48.48794 45.14033 44.59127 42.67837 42.01057 30.03838 31.53942 47.25154 59.77644 71.27078 66.6722 51.44602 56.94364 60.87512 68.13884 72.53544 67.77494 75.59261 75.81304 83.20644 87.24412 92.342 89.99672 86.98491 80.81148 69.45966 68.38978 69.08521 78.43845 76.70482 63.46355 56.53501 53.13287 56.02546 50.13204 54.138389999999994 62.2529 61.37201 62.71745 54.84616 48.81862 35.09171 30.20186 45.09531 49.07084 55.82883 51.26234 34.79891 31.635330000000003 29.04262 15.54173 8.74188 15.85944 17.58463 19.75763 27.63838 
27.09655 32.40603 0 3.72698 10.48553 23.21788 23.84575 29.73847 29.29011 31.26713 27.74784 16.41919 15.348960000000002 27.41626 39.01658 35.41909 22.10454 37.27162 36.55982 40.74142 49.65408 49.24736 57.18404 59.21796 68.03299 73.25504 82.56492 84.23597 82.13913 75.04367 62.08631 62.19244 71.13575 81.00518 76.28265 62.5376 57.52608 55.71326 60.49242 58.72869 64.89882 72.90958 74.45492 79.53084 73.0777 66.10484 51.7406 46.24471 68.5172 77.00902 82.53917 74.12241 57.82448 55.14731 54.18546 40.33158 37.56905 41.30378 43.29273 44.23017 50.57944 
30.24331 36.12537 3.72698 0 8.38714 21.81024 23.36681 30.59377 29.94127 32.20726 30.43104 18.12868 11.62198 23.73526 35.37052 32.08166 19.55581 36.44998 34.84481 38.28766 47.95955 48.31298 56.13047 58.41565 67.32336 72.65517 82.44031 84.60112 82.6349 75.5026 62.51786 62.778819999999996 72.53945 82.35525 77.35424 63.73861 59.02664 57.41668 62.30062 60.95959 67.23437 75.14445 76.891 82.24234 75.94818 68.9627 54.55253 49.28329 71.78644 80.52649 85.96729 77.32427 61.14049 58.51258 57.64332 43.90153 41.26522 44.72074 46.69401 47.55287 53.72063 
37.58206 41.78547 10.48553 8.38714 0 14.95865 17.8285 25.75813 26.09919 28.83655 29.70545 17.43851 5.95406 18.56212 29.64267 25.12682 11.8571 30.02654 27.48938 30.58913 40.56231 41.63293 49.2762 51.83098 60.80967 66.25443 76.63117 79.52177 77.7772 70.62182 57.67954 58.18503 69.42754 79.07111 73.55117 60.2891 56.24095 55.09097 60.15477 59.83955 66.31939 73.90719 76.16977 82.25754 76.48811 69.51448 55.62465 50.63657 73.75713 83.59438 88.55537 78.99763 63.38153 60.98507 60.54618 47.54189 45.89657 51.668 53.66976 54.66443 61.06444 
48.7211 48.48794 23.21788 21.81024 14.95865 0 6.04936 14.61205 16.02223 19.25014 26.19865 17.33398 16.77624 23.70593 30.78749 22.46532 8.03821 15.14191 13.45114 19.65403 26.47551 26.67727 34.37525 36.87235 45.85312 51.31133 61.93234 65.41057 63.91521 56.7631 44.00676 44.81441 58.03395 67.18866 61.00998 48.49391 45.62483 45.29828 50.483779999999996 51.98324 58.59512 65.39942 68.49738 75.77553 71.11881 64.37929 52.08514 47.94722 71.22552 83.01805 86.88057 75.72922 61.76402 59.93644 60.38842 49.61969 50.13074 61.13497 63.1678 64.56393 71.66516 
47.29906 45.14033 23.84575 23.36681 17.8285 6.04936 0 8.80922 10.03004 13.24584 20.64378 13.61231 21.12258 29.46488 36.83685 28.51468 13.89036 13.56287 15.74576 23.84881 27.76796 25.56175 33.58981 35.4057 44.18976 49.46736 59.0986 61.69886 59.95228 52.79332 39.86588 40.43059 52.63633 62.04369 56.14839 43.26708 40.01059 39.5037 44.68531 45.9761 52.58889 59.47035 62.49854 69.73082 65.07862 58.35134 46.20355 42.28864 65.39128 77.42745 81.11416 69.80889 56.0859 54.35855 54.96677 44.81146 46.40934 58.69949 60.70105 62.26432 69.62969 
49.76885 44.59127 29.73847 30.59377 25.75813 14.61205 8.80922 0 2.21717 5.05105 16.09791 15.25644 29.66699 38.244969999999995 45.15962 36.37562 22.61423 12.77157 19.53486 29.05887 28.72465 23.20687 31.12108 31.83708 40.00786 44.77701 53.03867 54.52803 52.51889 45.39128 32.40858 32.67247 43.95012 53.45453 47.79569 34.65718 31.25703 30.71411 35.8983 37.49223 44.09504 50.79595 53.97266 61.60215 57.18504 50.60818 39.38186 35.97511 58.62623 71.39161 74.52833 62.66456 49.94638 48.56172 49.63167 41.25555 43.6772 59.34214 61.30571 63.11041 70.78317 
48.33704 42.67837 29.29011 29.94127 26.09919 16.02223 10.03004 2.21717 0 3.23056 13.91376 14.11265 30.39781 39.45461 46.74791 38.10303 23.91933 14.94051 21.71996 31.19562 30.89301 25.09925 32.93643 33.45712 41.4536 46.09444 53.91975 54.97681 52.84914 45.75856 32.81044 32.90787 43.35086 52.97196 47.55945 34.19199 30.34522 29.60182 34.77026 35.96101 42.5731 49.44788 52.47744 59.80455 55.36466 48.894239999999996 37.29617 33.79922 56.54663 69.2338 72.43047 60.65108 47.78941 46.37822 47.42617 39.06888 41.57847 57.56634 59.51769 61.35624 69.06554 
48.75817 42.01057 31.26713 32.20726 28.83655 19.25014 13.24584 5.05105 3.23056 0 12.37284 15.39805 33.29058 42.63285 49.97739 41.31101 27.12904 16.96473 24.42 34.03438 32.78993 26.12853 33.71647 33.80466 41.41295 45.79887 52.88457 53.33469 51.06155 44.0376 31.1953 31.08023 40.61276 50.31862 45.14728 31.83183 27.42935 26.52749 31.68 32.73456 39.34703 46.25747 49.25389 56.73333 52.17978 45.692769999999996 34.38064 31.08318 53.61505 66.49539999999999 69.53284 57.61863 45.05524 43.75717 44.95422 37.29084 40.27355 57.2209 59.13782 61.05567 68.83808 
38.7475 30.03838 27.74784 30.43104 29.70545 26.19865 20.64378 16.09791 13.91376 12.37284 0 12.30236 35.32793 46.82895 56.07636 48.46744 32.77023 28.8541 35.12327 44.15583 44.80546 38.50135 46.04851 46.15424 53.1743 57.2272 62.96796 61.84937 59.15749 52.49255 40.33642 39.62019 44.71264 54.59357 50.89994 36.99482 31.02432 28.64624 33.13208 30.98552 37.21611 45.17029 46.88725 52.58912 46.80718 39.84721 26.37298 21.86727 45.24453 56.82434 60.75471 50.04046 35.57827 33.74595 34.33077 25.15765 27.90105 45.57789 47.43537 49.45832 57.31502 
34.65403 31.53942 16.41919 18.12868 17.43851 17.33398 13.61231 15.25644 14.11265 15.39805 12.30236 0 23.1578 35.0436 44.94971 38.14686 22.16845 26.15185 29.33612 36.8864 41.24185 37.75596 45.80977 46.90696 55.22541 60.03278 68.02453 68.73274 66.44329 59.43255 46.58919 46.46472 54.79575 64.59446 59.98904 46.18601 41.10743 39.36166 44.18976 42.95002 49.31084 57.13673 59.06683 64.89139 59.05056 52.07604 38.26512 33.39646 56.6862 67.2842 71.81219 61.76911 46.54178 44.34539 44.30774 32.57397 32.79703 45.21013 47.21987 48.85235 56.33656 
41.78952 47.25154 15.348960000000002 11.62198 5.95406 16.77624 21.12258 29.66699 30.39781 33.29058 35.32793 23.1578 0 12.68939 24.01977 20.97629 10.77071 31.72651 27.44135 28.56931 40.11121 42.69358 49.93958 52.91335 61.91993 67.48995 78.55629 82.18542 80.65016 73.50429 60.69246 61.40368 73.61526 83.10984 77.27077 64.31604 60.68515 59.78056 64.90275 65.02364 71.55522 78.99802 81.44115 87.75737 82.13439 75.17475 61.41533 56.48062 79.65263 89.54842 94.49518 84.8534 69.30754 66.92652 66.50001 53.46412 51.675 56.34266 58.31574 59.16081 65.23274 
53.10743 59.77644 27.41626 23.73526 18.56212 23.70593 29.46488 38.244969999999995 39.45461 42.63285 46.82895 35.0436 12.68939 0 11.72623 12.07217 15.66827 36.22211 29.06213 25.72567 39.56342 45.11614 51.1645 54.88019 63.63507 69.31683 81.60471 86.74059 85.67232 78.666 66.37806 67.49433 81.52989 90.60582 84.14366 72.02741 69.33026 68.95852 74.14234 75.23332 81.83631 88.88918000000001 91.76011 98.61651 93.40535 86.50693 73.16882 68.41662 91.72967 102.00855 106.78607 96.76876 81.53754 79.24934 78.95725 66.09922 64.36018 68.06509 69.99377 70.65587 76.27108 
64.82117 71.27078 39.01658 35.37052 29.64267 30.78749 36.83685 45.15962 46.74791 49.97739 56.07636 44.94971 24.01977 11.72623 0 9.55432 23.35711 39.9295 31.21486 24.577530000000003 38.45564 46.29166 50.87416 55.21046 63.24407 68.84752 81.95358 88.40177 87.79511 81.05863 69.5625 71.02793 86.51864 95.04247 88.0674 76.98852 75.25254 75.41366 80.56993 82.65185 89.25418 95.80943 99.12385 106.54782 101.87608 95.10867999999999 82.39455 77.92157 101.308 112.233 116.67054 106.08432 91.40078 89.2783 89.23728 76.85326 75.52363 79.79119 81.71993 82.37534 87.93342 
62.30916 66.6722 35.41909 32.08166 25.12682 22.46532 28.51468 36.37562 38.10303 41.31101 48.46744 38.14686 20.97629 12.07217 9.55432 0 15.97845 30.42068 21.66079 15.29942 29.55159 36.8761 41.80538 45.90162 54.25952 59.90285 72.81632 79.00455 78.33336 71.56148 60.01096 61.47382 77.04413 85.51136 78.51642 67.52246 65.95768 66.2532 71.38624 73.79243 80.37273 86.73371 90.19459 97.83747 93.44946 86.76431 74.53545 70.31242 93.63933 105.14287999999999 109.22198 98.19101 84.02773 82.07842 82.30788 70.62498 70.02414 76.72213 78.71181 79.62314 85.76266 
49.19203 51.44602 22.10454 19.55581 11.8571 8.03821 13.89036 22.61423 23.91933 27.12904 32.77023 22.16845 10.77071 15.66827 23.35711 15.97845 0 21.65333 16.77506 18.73203 29.39589 32.11407 39.21992 42.30155 51.2958 56.89843 68.27165 72.45626 71.11322 64.01524 51.431110000000004 52.37927 65.92829 75.09588 68.79269 56.44747 53.66199 53.32115 58.50641 59.84216 66.45446 73.35922 76.36984 83.48826 78.6096 71.79789 59.04803 54.63562 78.01462 89.25199 93.47434 82.73821 68.23222 66.21184 66.42523 54.67222 54.28119 62.64585 64.6692 65.81633 72.47093 
60.58663 56.94364 37.27162 36.44998 30.02654 15.14191 13.56287 12.77157 14.94051 16.96473 28.8541 26.15185 31.72651 36.22211 39.9295 30.42068 21.65333 0 9.28958 18.93277 16.143050000000002 12.00302 20.02856 21.97416 30.87605 36.2533 46.83617 50.80293 49.54926 42.49311 30.17001 31.38148 46.63941 55.12546 48.27002 37.13266 36.06897 36.89529 41.86463 45.55869 51.92402 57.4589 61.41707 69.77506 66.53477 60.36972 50.64457 47.78918 69.76478 83.0556 85.67107 73.23532 61.67606 60.54262 61.86376 54.00672 56.40534 71.26096 73.25626 74.96397999999999 82.48641 
62.10826 60.87512 36.55982 34.84481 27.48938 13.45114 15.74576 19.53486 21.71996 24.42 35.12327 29.33612 27.44135 29.06213 31.21486 21.66079 16.77506 9.28958 0 9.82013 13.11837 16.06587 22.78014 26.00719 34.92052 40.57695 52.563810000000004 57.870490000000004 56.96027 50.08102 38.35526 39.85732 55.70184 63.94829 56.8757 46.23725 45.35521 46.16491 51.14938 54.68346 61.09014 66.74047 70.64988 78.91804 75.46343 69.16859 58.75639 55.48185 77.95494 90.90833 93.90053 81.75396 69.46459 68.096 69.12248 60.040560000000006 61.5393 74.16938 76.19725 77.67982 84.90072 
67.4594 68.13884 40.74142 38.28766 30.58913 19.65403 23.84881 29.05887 31.19562 34.03438 44.15583 36.8864 28.56931 25.72567 24.577530000000003 15.29942 18.73203 18.93277 9.82013 0 14.25234 22.26119 26.56191 30.7508 38.98325 44.61603 57.64925 64.20424 63.74426 57.15891 46.2777 47.99024 64.59137 72.4229 65.08564 55.24034 54.82221 55.80026 60.72641 64.46158 70.84012 76.34115 80.34653 88.68976 85.28356000000001 78.98439 68.41427 64.9902 87.64106 100.42274 103.56646 91.51665 78.98062 77.51129 78.39592999999999 68.65813 69.61925 80.50032 82.53335 83.83111 90.72804 
74.87643 72.53544 49.65408 47.95955 40.56231 26.47551 27.76796 28.72465 30.89301 32.78993 44.80546 41.24185 40.11121 39.56342 38.45564 29.55159 29.39589 16.143050000000002 13.11837 14.25234 0 10.64357 12.50858 16.91086 24.78876 30.39415 43.57038 50.71969 50.57486 44.33667 34.75069 36.80168 54.39002 61.22637 53.54815 45.55503 46.71057 48.52914 52.97411 58.1849 64.0966 68.42617 72.9741 81.92826 79.684 73.97617 65.56979 63.14186 84.30056 98.08792 100.22788 87.37125 76.86223 75.9285 77.43571 69.95313 72.31189 86.42776 88.4435 90.02755 97.39342 
72.36067 67.77494 49.24736 48.31298 41.63293 26.67727 25.56175 23.20687 25.09925 26.12853 38.50135 37.75596 42.69358 45.11614 46.29166 36.8761 32.11407 12.00302 16.06587 22.26119 10.64357 0 8.0724 10.23027 19.23825 24.79738 36.49794 42.12845 41.52416 34.89783 24.40574 26.34604 43.78707 50.84654 43.27521 34.91171 36.233850000000004 38.2082 42.51274 48.05653 53.80097 57.88435 62.50753 71.55924 69.61925 64.13071 56.68189 54.779 74.99344 89.11734 90.83365 77.74356 68.16759 67.50317 69.30614 63.21392 66.40195 82.5208 84.49205 86.26989 93.899 
80.42744 75.59261 57.18404 56.13047 49.2762 34.37525 33.58981 31.12108 32.93643 33.71647 46.04851 45.80977 49.93958 51.1645 50.87416 41.80538 39.21992 20.02856 22.78014 26.56191 12.50858 8.0724 0 4.56221 12.49623 18.17315 31.08734 38.34663 38.39134 32.46358 24.48692 26.81635 44.76916 50.54514 42.68344 36.76507 39.49205 42.06305 45.80829 52.23145 57.48819 60.60502 65.54436 74.87299 73.72006 68.68549 62.52104 61.0918 80.25302 94.68031 95.9012 82.55255 74.10306 73.67403 75.69356 70.42599 73.92045999999999 90.46321 92.42581 94.22896 101.88435 
81.5489 75.81304 59.21796 58.41565 51.83098 36.87235 35.4057 31.83708 33.45712 33.80466 46.15424 46.90696 52.91335 54.88019 55.21046 45.90162 42.30155 21.97416 26.00719 30.7508 16.91086 10.23027 4.56221 0 9.00869 14.60042 26.9147 33.83521 33.83484 27.91319 20.43377 22.83334 40.75063 46.20466 38.31569 33.0902 36.35581 39.16817 42.61408 49.4038 54.3886 57.08873 62.12418 71.5354 70.74646 65.96627 60.63343 59.57593 77.90197 92.49378999999999 93.3915 79.92575 72.23305 71.98535 74.18343 69.7401 73.61937 90.96367 92.89753 94.77501 102.50969 
89.76694 83.20644 68.03299 67.32336 60.80967 45.85312 44.18976 40.00786 41.4536 41.41295 53.1743 55.22541 61.91993 63.63507 63.24407 54.25952 51.2958 30.87605 34.92052 38.98325 24.78876 19.23825 12.49623 9.00869 0 5.68189 18.9535 27.50593 28.28835 23.64574 20.68233 23.14128 39.94263 43.56738 35.69422 33.89529 38.63724 41.96358 44.53992 52.10246 56.30837 57.72604 63.01822 72.56278 72.77347 68.66739 65.12348 64.73026 81.30656 96.12139 96.34519 82.70668 76.63838 76.76555 79.18604 76.05935 80.41779 98.6005 100.50034 102.44843 110.24552 
94.42162 87.24412 73.25504 72.65517 66.25443 51.31133 49.46736 44.77701 46.09444 45.79887 57.2272 60.03278 67.48995 69.31683 68.84752 59.90285 56.89843 36.2533 40.57695 44.61603 30.39415 24.79738 18.17315 14.60042 5.68189 0 13.78486 23.34109 24.66896 21.18371 21.55844 23.84516 39.18119 41.5365 33.86586 34.34244 39.84667 43.4069 45.39051 53.31317 56.966800000000006 57.56394 62.9518 72.49318 73.33429 69.68847 67.31065 67.34427 82.68853 97.57862 97.36171 83.68026 78.69149 78.98827 81.6195 79.3744 84.04421 102.78580000000001 104.65675 106.65532 114.48934 
101.41614 92.342 82.56492 82.44031 76.63117 61.93234 59.0986 53.03867 53.91975 52.88457 62.96796 68.02453 78.55629 81.60471 81.95358 72.81632 68.27165 46.83617 52.563810000000004 57.64925 43.57038 36.49794 31.08734 26.9147 18.9535 13.78486 0 11.1384 13.74095 14.31227 22.90931 24.23502 33.79402 32.95838 26.38523 32.38388 39.18482 43.03873 43.44129 51.76887 53.93738 52.55281 57.97555 67.24539 69.55175 67.11232 67.71901 68.86073 80.7448 95.52845 94.2332 80.66902 78.47334 79.31492 82.32727 82.5038 87.9746 108.16332 109.9258 112.06549 119.95285 
100.59224 89.99672 84.23597 84.60112 79.52177 65.41057 61.69886 54.52803 54.97681 53.33469 61.84937 68.73274 82.18542 86.74059 88.40177 79.00455 72.45626 50.80293 57.870490000000004 64.20424 50.71969 42.12845 38.34663 33.83521 27.50593 23.34109 11.1384 0 3.576 9.36786 22.16898 22.36661 25.65097 22.72661 17.31629 27.09898 34.23097 38.01799 37.1871 45.39313 46.42882 43.7963 49.10932 58.06031 61.184219999999996 59.55449 62.22411 64.16092 73.27527 87.8902 85.95001 72.60677 72.29252 73.50377 76.73591 78.73515 84.74289 105.84284 107.49414 109.73009 117.58531 
97.86473 86.98491 82.13913 82.6349 77.7772 63.91521 59.95228 52.51889 52.84914 51.06155 59.15749 66.44329 80.65016 85.67232 87.79511 78.33336 71.11322 49.54926 56.96027 63.74426 50.57486 41.52416 38.39134 33.83484 28.28835 24.66896 13.74095 3.576 0 7.15899 20.14396 19.98136 22.16875 19.62041 13.75227 23.81771 30.95477 34.7081 33.71855 41.89336 42.85893 40.24778 45.57335 54.56534 57.62043 55.98024 58.78637 60.81718 69.70183 84.3142 82.38766 69.03495 68.77942 70.03799000000001 73.2731 75.50137 81.58525 102.81493 104.44468 106.69541 114.53757 
91.23852 80.81148 75.04367 75.5026 70.62182 56.7631 52.79332 45.39128 45.75856 44.0376 52.49255 59.43255 73.50429 78.666 81.05863 71.56148 64.01524 42.49311 50.08102 57.15891 44.33667 34.89783 32.46358 27.91319 23.64574 21.18371 14.31227 9.36786 7.15899 0 12.98497 12.99875 19.56639 20.36973 12.86721 18.59329 25.64651 29.49706 29.37114 37.6992 40.68271 38.3711 43.80788 53.16607 55.25912 52.82197 54.05905 55.61751 66.43253 81.24521 79.92473 66.35675 64.54212 65.53376 68.65008 69.88127 75.74311 96.66387 98.35578 100.55676 108.42335 
79.00829 69.45966 62.08631 62.51786 57.67954 44.00676 39.86588 32.40858 32.81044 31.1953 40.33642 46.58919 60.69246 66.37806 69.5625 60.01096 51.431110000000004 30.17001 38.35526 46.2777 34.75069 24.40574 24.48692 20.43377 20.68233 21.55844 22.90931 22.16898 20.14396 12.98497 0 2.48723 20.3178 26.47657 18.87279 13.22912 18.28832 21.87314 23.94425 31.75473 35.66048 37.19764 42.42675 51.95434 52.11422 48.19753 46.09613 46.60858 61.13009 76.02018 75.88761 62.21696 57.33516 57.79275 60.57256 59.765420000000006 65.09254 85.29494 87.04429 89.19737 97.08451 
78.36007 68.38978 62.19244 62.778819999999996 58.18503 44.81441 40.43059 32.67247 32.90787 31.08023 39.62019 46.46472 61.40368 67.49433 71.02793 61.47382 52.37927 31.38148 39.85732 47.99024 36.80168 26.34604 26.81635 22.83334 23.14128 23.84516 24.23502 22.36661 19.98136 12.99875 2.48723 0 17.95297 24.51409 17.10415 10.75611 16.05172 19.71836 21.56926 29.47051 33.24499 34.71048 39.94224 49.47177 49.68741 45.8526 44.13072 44.8404 58.86349 73.76401 73.53581 59.85897 55.28159 55.81995 58.65997 58.42863 63.77712 84.24396 85.96542 88.14484 96.02798 
81.90496 69.08521 71.13575 72.53945 69.42754 58.03395 52.63633 43.95012 43.35086 40.61276 44.71264 54.79575 73.61526 81.52989 86.51864 77.04413 65.92829 46.63941 55.70184 64.59137 54.39002 43.78707 44.76916 40.75063 39.94263 39.18119 33.79402 25.65097 22.16875 19.56639 20.3178 17.95297 0 9.91631 17.84218 9.54004 13.68832 16.28597 13.1503 20.57061 21.266820000000003 18.80931 24.24904 33.65589 35.79991 33.90352 37.82271 40.66446 47.62553 62.25436 60.53851 47.07079 47.12046 48.60242 51.98373 56.03842 62.64002 84.59501 86.05149 88.38877 96.07147 
91.60125 78.43845 81.00518 82.35525 79.07111 67.18866 62.04369 53.45453 52.97196 50.31862 54.59357 64.59446 83.10984 90.60582 95.04247 85.51136 75.09588 55.12546 63.94829 72.4229 61.22637 50.84654 50.54514 46.20466 43.56738 41.5365 32.95838 22.72661 19.62041 20.36973 26.47657 24.51409 9.91631 0 7.92587 18.79781 23.60448 26.09778 22.45211 28.87814 27.33287 22.45857 27.68242 35.80344 39.88718 39.58918 45.98488 49.37058 53.12164 67.21026 64.41852 51.52 54.24874 56.08596 59.5886 64.92522 71.69331 93.79046 95.18583 97.54316 105.14895 
88.90837 76.70482 76.28265 77.35424 73.55117 61.00998 56.14839 47.79569 47.55945 45.14728 50.89994 59.98904 77.27077 84.14366 88.0674 78.51642 68.79269 48.27002 56.8757 65.08564 53.54815 43.27521 42.68344 38.31569 35.69422 33.86586 26.38523 17.31629 13.75227 12.86721 18.87279 17.10415 17.84218 7.92587 0 13.91838 20.28282 24.14433 21.32981 29.08463 29.34166 26.5102 31.86087 40.96368 43.86845 42.37092 46.2915 48.91222 56.09566 70.63758 68.6366 55.29803 55.72331 57.17803 60.53976 64.12191 70.57973 92.35607 93.8696 96.184 103.92798 
75.1732 63.46355 62.5376 63.73861 60.2891 48.49391 43.26708 34.65718 34.19199 31.83183 36.99482 46.18601 64.31604 72.02741 76.98852 67.52246 56.44747 37.13266 46.23725 55.24034 45.55503 34.91171 36.76507 33.0902 33.89529 34.34244 32.38388 27.09898 23.81771 18.59329 13.22912 10.75611 9.54004 18.79781 13.91838 0 7.14299 11.0045 11.23081 19.47812 22.62436 24.04951 29.22264 38.73713 39.09386 35.465 35.46669 37.10362 48.74781 63.65492 63.07796 49.39451 46.0903 46.98462 50.06932 51.68415 57.81522 79.2367 80.82261 83.09986 90.91109 
68.65105 56.53501 57.52608 59.02664 56.24095 45.62483 40.01059 31.25703 30.34522 27.42935 31.02432 41.10743 60.68515 69.33026 75.25254 65.95768 53.66199 36.06897 45.35521 54.82221 46.71057 36.233850000000004 39.49205 36.35581 38.63724 39.84667 39.18482 34.23097 30.95477 25.64651 18.28832 16.05172 13.68832 23.60448 20.28282 7.14299 0 3.86151 6.3336 14.107410000000002 18.03338 21.74407 26.29539 35.45057 34.41908 30.03055 28.53488 29.98443 42.84225 57.73221 57.7099 44.07024 39.41005 40.14136 43.14451 44.55338 50.73178 72.26318 73.82714999999999 76.11477 83.90586 
65.63455 53.13287 55.71326 57.41668 55.09097 45.29828 39.5037 30.71411 29.60182 26.52749 28.64624 39.36166 59.78056 68.95852 75.41366 66.2532 53.32115 36.89529 46.16491 55.80026 48.52914 38.2082 42.06305 39.16817 41.96358 43.4069 43.03873 38.01799 34.7081 29.49706 21.87314 19.71836 16.28597 26.09778 24.14433 11.0045 3.86151 0 5.1855 10.2459 15.59293 20.57951 24.61637 33.40124 31.65764 26.84778 24.68051 26.15742 39.36015 54.21452 54.44382 40.8644 35.61536 36.30095 39.28864 40.85478 47.12899 68.79691 70.32679 72.63284 80.39642 
69.21716 56.02546 60.49242 62.30062 60.15477 50.483779999999996 44.68531 35.8983 34.77026 31.68 33.13208 44.18976 64.90275 74.14234 80.56993 71.38624 58.50641 41.86463 51.14938 60.72641 52.97411 42.51274 45.80829 42.61408 44.53992 45.39051 43.44129 37.1871 33.71855 29.37114 23.94425 21.56926 13.1503 22.45211 21.32981 11.23081 6.3336 5.1855 0 8.33236 11.81976 15.62549 19.99999 29.11713 28.27867 24.30236 25.10276 27.58823 37.51745 52.42546 51.9719 38.29216 35.19507 36.31944 39.55455 42.89593 49.49181 71.47496 72.91741 75.25918 82.92917 
64.30338 50.13204 58.72869 60.95959 59.83955 51.98324 45.9761 37.49223 35.96101 32.73456 30.98552 42.95002 65.02364 75.23332 82.65185 73.79243 59.84216 45.55869 54.68346 64.46158 58.1849 48.05653 52.23145 49.4038 52.10246 53.31317 51.76887 45.39313 41.89336 37.6992 31.75473 29.47051 20.57061 28.87814 29.08463 19.47812 14.107410000000002 10.2459 8.33236 0 6.61281 14.18671 16.53042 24.23666 21.57128 16.60868 17.2646 20.5177 29.39579 44.30169 44.24766 30.63772 26.90936 28.15253 31.46949 36.11508 42.98786 65.17505 66.50122 68.87459 76.39819 
68.97249 54.138389999999994 64.89882 67.23437 66.31939 58.59512 52.58889 44.09504 42.5731 39.34703 37.21611 49.31084 71.55522 81.83631 89.25418 80.37273 66.45446 51.92402 61.09014 70.84012 64.0966 53.80097 57.48819 54.3886 56.30837 56.966800000000006 53.93738 46.42882 42.85893 40.68271 35.66048 33.24499 21.266820000000003 27.33287 29.34166 22.62436 18.03338 15.59293 11.81976 6.61281 0 8.31352 9.92387 17.90246 16.4695 13.1897 19.55034 23.9548 26.86988 41.61584 40.54075 26.85678 26.916 28.81415 32.417970000000004 39.39442 46.46991 68.65216 69.84443 72.23689 79.55426 
77.23632 62.2529 72.90958 75.14445 73.90719 65.39942 59.47035 50.79595 49.44788 46.25747 45.17029 57.13673 78.99802 88.88918000000001 95.80943 86.73371 73.35922 57.4589 66.74047 76.34115 68.42617 57.88435 60.60502 57.08873 57.72604 57.56394 52.55281 43.7963 40.24778 38.3711 37.19764 34.71048 18.80931 22.45857 26.5102 24.04951 21.74407 20.57951 15.62549 14.18671 8.31352 0 5.44143 14.93452 17.49688 17.52695 27.35962 32.05235 30.7703 44.75306 42.20316 29.09275 33.19828 35.49486 39.09613 47.31137 54.42869 76.54227 77.67265 80.06845 87.2721 
76.85129 61.37201 74.45492 76.891 76.16977 68.49738 62.49854 53.97266 52.47744 49.25389 46.88725 59.06683 81.44115 91.76011 99.12385 90.19459 76.36984 61.41707 70.64988 80.34653 72.9741 62.50753 65.54436 62.12418 63.01822 62.9518 57.97555 49.10932 45.57335 43.80788 42.42675 39.94224 24.24904 27.68242 31.86087 29.22264 26.29539 24.61637 19.99999 16.53042 9.92387 5.44143 0 9.55149 12.55943 14.11313 26.29147 31.42934 26.49194 39.92268 37.03704 24.20099 30.31134 32.89534 36.48282 46.07975 53.22121 75.08463 76.09672 78.49018 85.479 
78.8287 62.71745 79.53084 82.24234 82.25754 75.77553 69.73082 61.60215 59.80455 56.73333 52.58912 64.89139 87.75737 98.61651 106.54782 97.83747 83.48826 69.77506 78.91804 88.68976 81.92826 71.55924 74.87299 71.5354 72.56278 72.49318 67.24539 58.06031 54.56534 53.16607 51.95434 49.47177 33.65589 35.80344 40.96368 38.73713 35.45057 33.40124 29.11713 24.23666 17.90246 14.93452 9.55149 0 8.10095 14.05106 28.73934 34.22667 22.25025 33.27546 29.17 17.84927 28.95219 31.96986 35.32393 47.17579 54.15894 75.18791 75.96948 78.33041 84.84531 
71.06357 54.84616 73.0777 75.94818 76.48811 71.11881 65.07862 57.18504 55.36466 52.17978 46.80718 59.05056 82.13439 93.40535 101.87608 93.44946 78.6096 66.53477 75.46343 85.28356000000001 79.684 69.61925 73.72006 70.74646 72.77347 73.33429 69.55175 61.184219999999996 57.62043 55.25912 52.11422 49.68741 35.79991 39.88718 43.86845 39.09386 34.41908 31.65764 28.27867 21.57128 16.4695 17.49688 12.55943 8.10095 0 6.99022 21.64029 27.11612 14.44667 27.36325 24.76815 11.64536 20.85476 23.88641 27.2246 39.3142 46.23332 67.11952000000001 67.88236 70.24073 76.74445 
64.8215 48.81862 66.10484 68.9627 69.51448 64.37929 58.35134 50.60818 48.894239999999996 45.692769999999996 39.84721 52.07604 75.17475 86.50693 95.10867999999999 86.76431 71.79789 60.36972 69.16859 78.98439 73.97617 64.13071 68.68549 65.96627 68.66739 69.68847 67.11232 59.55449 55.98024 52.82197 48.19753 45.8526 33.90352 39.58918 42.37092 35.465 30.03055 26.84778 24.30236 16.60868 13.1897 17.52695 14.11313 14.05106 6.99022 0 14.7855 20.28066 13.72567 28.42659 27.69174 14.03986 16.23238 18.92834 22.48234 33.27689 40.3296 61.73929 62.63573 65.01794 71.80898 
50.6351 35.09171 51.7406 54.55253 55.62465 52.08514 46.20355 39.38186 37.29617 34.38064 26.37298 38.26512 61.41533 73.16882 82.39455 74.53545 59.04803 50.64457 58.75639 68.41427 65.56979 56.68189 62.52104 60.63343 65.12348 67.31065 67.71901 62.22411 58.78637 54.05905 46.09613 44.13072 37.82271 45.98488 46.2915 35.46669 28.53488 24.68051 25.10276 17.2646 19.55034 27.35962 26.29147 28.73934 21.64029 14.7855 0 5.49589 19.25171 32.51857 35.1522 23.69024 11.59986 11.69683 14.61068 19.95603 27.08404 49.18452 50.33372 52.72846 60.00771 
45.42305 30.20186 46.24471 49.28329 50.63657 47.94722 42.28864 35.97511 33.79922 31.08318 21.86727 33.39646 56.48062 68.41662 77.92157 70.31242 54.63562 47.78918 55.48185 64.9902 63.14186 54.779 61.0918 59.57593 64.73026 67.34427 68.86073 64.16092 60.81718 55.61751 46.60858 44.8404 40.66446 49.37058 48.91222 37.10362 29.98443 26.15742 27.58823 20.5177 23.9548 32.05235 31.42934 34.22667 27.11612 20.28066 5.49589 0 23.38647 35.43461 38.93354 28.60051 13.99049 12.78666 14.6075 16.887790000000003 22.58475 44.79891 46.06419 48.44717 55.91018 
61.600989999999996 45.09531 68.5172 71.78644 73.75713 71.22552 65.39128 58.62623 56.54663 53.61505 45.24453 56.6862 79.65263 91.72967 101.308 93.63933 78.01462 69.76478 77.95494 87.64106 84.30056 74.99344 80.25302 77.90197 81.30656 82.68853 80.7448 73.27527 69.70183 66.43253 61.13009 58.86349 47.62553 53.12164 56.09566 48.74781 42.84225 39.36015 37.51745 29.39579 26.86988 30.7703 26.49194 22.25025 14.44667 13.72567 19.25171 23.38647 0 14.91103 16.37147 6.17249 10.80963 13.79388 16.0531 30.25223 36.37099 55.42827 55.93292 58.21743 64.17607 
64.99235 49.07084 77.00902 80.52649 83.59438 83.01805 77.42745 71.39161 69.2338 66.49539999999999 56.82434 67.2842 89.54842 102.00855 112.233 105.14287999999999 89.25199 83.0556 90.90833 100.42274 98.08792 89.11734 94.68031 92.49378999999999 96.12139 97.57862 95.52845 87.8902 84.3142 81.24521 76.02018 73.76401 62.25436 67.21026 70.63758 63.65492 57.73221 54.21452 52.42546 44.30169 41.61584 44.75306 39.92268 33.27546 27.36325 28.42659 32.51857 35.43461 14.91103 0 7.69679 15.74359 21.44523 23.08236 23.05248 36.7468 41.01864 55.53117 55.49415 57.51188 62.03089 
71.97542 55.82883 82.53917 85.96729 88.55537 86.88057 81.11416 74.52833 72.43047 69.53284 60.75471 71.81219 94.49518 106.78607 116.67054 109.22198 93.47434 85.67107 93.90053 103.56646 100.22788 90.83365 95.9012 93.3915 96.34519 97.36171 94.2332 85.95001 82.38766 79.92473 75.88761 73.53581 60.53851 64.41852 68.6366 63.07796 57.7099 54.44382 51.9719 44.24766 40.54075 42.20316 37.03704 29.17 24.76815 27.69174 35.1522 38.93354 16.37147 7.69679 0 13.68397 25.27441 27.57135 28.37645 42.66176 47.52736 63.00548 63.0272 65.07652 69.70042 
67.76802 51.26234 74.12241 77.32427 78.99763 75.72922 69.80889 62.66456 60.65108 57.61863 50.04046 61.76911 84.8534 96.76876 106.08432 98.19101 82.73821 73.23532 81.75396 91.51665 87.37125 77.74356 82.55255 79.92575 82.70668 83.68026 80.66902 72.60677 69.03495 66.35675 62.21696 59.85897 47.07079 51.52 55.29803 49.39451 44.07024 40.8644 38.29216 30.63772 26.85678 29.09275 24.20099 17.84927 11.64536 14.03986 23.69024 28.60051 6.17249 15.74359 13.68397 0 16.78718 19.87625 22.22218 36.35099 42.53444 61.49397 61.95667 64.22389 70.04599 
51.26722 34.79891 57.82448 61.14049 63.38153 61.76402 56.0859 49.94638 47.78941 45.05524 35.57827 46.54178 69.30754 81.53754 91.40078 84.02773 68.23222 61.67606 69.46459 78.98062 76.86223 68.16759 74.10306 72.23305 76.63838 78.69149 78.47334 72.29252 68.77942 64.54212 57.33516 55.28159 47.12046 54.24874 55.72331 46.0903 39.41005 35.61536 35.19507 26.90936 26.916 33.19828 30.31134 28.95219 20.85476 16.23238 11.59986 13.99049 10.80963 21.44523 25.27441 16.78718 0 3.16887 6.37617 19.61999 26.06102 46.30705 47.03866 49.402100000000004 55.91239 
48.10484 31.635330000000003 55.14731 58.51258 60.98507 59.93644 54.35855 48.56172 46.37822 43.75717 33.74595 44.34539 66.92652 79.24934 89.2783 82.07842 66.21184 60.54262 68.096 77.51129 75.9285 67.50317 73.67403 71.98535 76.76555 78.98827 79.31492 73.50377 70.03799000000001 65.53376 57.79275 55.81995 48.60242 56.08596 57.17803 46.98462 40.14136 36.30095 36.31944 28.15253 28.81415 35.49486 32.89534 31.96986 23.88641 18.92834 11.69683 12.78666 13.79388 23.08236 27.57135 19.87625 3.16887 0 3.60382 16.50149 22.89345 43.23311 43.99968 46.36182 52.97206 
45.5482 29.04262 54.18546 57.64332 60.54618 60.38842 54.96677 49.63167 47.42617 44.95422 34.33077 44.30774 66.50001 78.95725 89.23728 82.30788 66.42523 61.86376 69.12248 78.39592999999999 77.43571 69.30614 75.69356 74.18343 79.18604 81.6195 82.32727 76.73591 73.2731 68.65008 60.57256 58.65997 51.98373 59.5886 60.53976 50.06932 43.14451 39.28864 39.55455 31.46949 32.417970000000004 39.09613 36.48282 35.32393 27.2246 22.48234 14.61068 14.6075 16.0531 23.05248 28.37645 22.22218 6.37617 3.60382 0 20.10531 20.32332 39.9939 40.69237 43.04015 49.53626 
31.81062 15.54173 40.33158 43.90153 47.54189 49.61969 44.81146 41.25555 39.06888 37.29084 25.15765 32.57397 53.46412 66.09922 76.85326 70.62498 54.67222 54.00672 60.040560000000006 68.65813 69.95313 63.21392 70.42599 69.7401 76.05935 79.3744 82.5038 78.73515 75.50137 69.88127 59.765420000000006 58.42863 56.03842 64.92522 64.12191 51.68415 44.55338 40.85478 42.89593 36.11508 39.39442 47.31137 46.07975 47.17579 39.3142 33.27689 19.95603 16.887790000000003 30.25223 36.7468 42.66176 36.35099 19.61999 16.50149 20.10531 0 7.14264 29.25788 30.47191 32.86002 40.29918 
25.24756 8.74188 37.56905 41.26522 45.89657 50.13074 46.40934 43.6772 41.57847 40.27355 27.90105 32.79703 51.675 64.36018 75.52363 70.02414 54.28119 56.40534 61.5393 69.61925 72.31189 66.40195 73.92045999999999 73.61937 80.41779 84.04421 87.9746 84.74289 81.58525 75.74311 65.09254 63.77712 62.64002 71.69331 70.57973 57.81522 50.73178 47.12899 49.49181 42.98786 46.46991 54.42869 53.22121 54.15894 46.23332 40.3296 27.08404 22.58475 36.37099 41.01864 47.52736 42.53444 26.06102 22.89345 20.32332 7.14264 0 22.21416 23.51382 25.88699 33.45604 
15.33718 15.85944 41.30378 44.72074 51.668 61.13497 58.69949 59.34214 57.56634 57.2209 45.57789 45.21013 56.34266 68.06509 79.79119 76.72213 62.64585 71.26096 74.16938 80.50032 86.42776 82.5208 90.46321 90.96367 98.6005 102.78580000000001 108.16332 105.84284 102.81493 96.66387 85.29494 84.24396 84.59501 93.79046 92.35607 79.2367 72.26318 68.79691 71.47496 65.17505 68.65216 76.54227 75.08463 75.18791 67.11952000000001 61.73929 49.18452 44.79891 55.42827 55.53117 63.00548 61.49397 46.30705 43.23311 39.9939 29.25788 22.21416 0 2.0335 3.90244 11.78982 
17.12839 17.58463 43.29273 46.69401 53.66976 63.1678 60.70105 61.30571 59.51769 59.13782 47.43537 47.21987 58.31574 69.99377 81.71993 78.71181 64.6692 73.25626 76.19725 82.53335 88.4435 84.49205 92.42581 92.89753 100.50034 104.65675 109.9258 107.49414 104.44468 98.35578 87.04429 85.96542 86.05149 95.18583 93.8696 80.82261 73.82714999999999 70.32679 72.91741 66.50122 69.84443 77.67265 76.09672 75.96948 67.88236 62.63573 50.33372 46.06419 55.93292 55.49415 63.0272 61.95667 47.03866 43.99968 40.69237 30.47191 23.51382 2.0335 0 2.39622 10.0929 
17.57034 19.75763 44.23017 47.55287 54.66443 64.56393 62.26432 63.11041 61.35624 61.05567 49.45832 48.85235 59.16081 70.65587 82.37534 79.62314 65.81633 74.96397999999999 77.67982 83.83111 90.02755 86.26989 94.22896 94.77501 102.44843 106.65532 112.06549 109.73009 106.69541 100.55676 89.19737 88.14484 88.38877 97.54316 96.184 83.09986 76.11477 72.63284 75.25918 68.87459 72.23689 80.06845 78.49018 78.33041 70.24073 65.01794 52.72846 48.44717 58.21743 57.51188 65.07652 64.22389 49.402100000000004 46.36182 43.04015 32.86002 25.88699 3.90244 2.39622 0 7.88744 
23.48823 27.63838 50.57944 53.72063 61.06444 71.66516 69.62969 70.78317 69.06554 68.83808 57.31502 56.33656 65.23274 76.27108 87.93342 85.76266 72.47093 82.48641 84.90072 90.72804 97.39342 93.899 101.88435 102.50969 110.24552 114.48934 119.95285 117.58531 114.53757 108.42335 97.08451 96.02798 96.07147 105.14895 103.92798 90.91109 83.90586 80.39642 82.92917 76.39819 79.55426 87.2721 85.479 84.84531 76.74445 71.80898 60.00771 55.91018 64.17607 62.03089 69.70042 70.04599 55.91239 52.97206 49.53626 40.29918 33.45604 11.78982 10.0929 7.88744 0 
