31
Asheville Durham Waterloo Yonkers Huntsville Burbank Danbury Atlanta Abilene Kennewick NewYorkCity Newark McHenry Springdale Bradenton Tucson Winston Montgomery Omaha PuntaGorda Hickory Charlotte RichmondCounty Hampton Modesto SaintLouis BelAir York NewBedford Aurora Hayward
0 1.2468 7.5145 10.6929 10.4302 7.7326 14.529499999999999 9.6282 8.0726 9.2018 15.6859 7.8461 3.3661 5.8977 8.718499999999999 7.832199999999999 8.5601 6.838 9.273599999999998 6.6411 9.0582 10.1592 7.9856 7.062 6.4397 10.367899999999999 11.1994 10.0465 8.4465 10.6843 2.3998 
1.2468 0 6.2677 9.4461 11.677 8.9794 15.776299999999999 10.875 9.3194 7.955 14.989799999999999 9.0929 4.6129 7.1058 9.9653 9.078999999999999 9.806899999999999 8.084800000000001 8.499 5.3943 10.305 8.9124 6.7387999999999995 5.8152 5.1929 11.6147 12.4462 11.293299999999999 9.693299999999999 11.931099999999999 3.6466 
7.5145 6.2677 0 3.1784 6.755599999999999 8.369299999999999 15.1662 10.1516 11.7072 12.3982 13.577 13.7964 9.3164 6.7848 8.4673 9.3536 9.7089 9.521799999999999 8.1702 11.274899999999999 9.210799999999999 12.7106 11.6918 10.7682 11.0364 7.0985 10.1867 9.7949 8.1949 11.7399 9.9143 
10.6929 9.4461 3.1784 0 3.5772 7.3072 12.7264 6.9732 8.5288 9.2198 16.2546 13.1082 10.6413 9.9632 5.2889 6.1752 6.5305 7.4274 4.9918 8.096499999999999 6.0324 9.5322 8.5134 7.5898 8.2121 10.2769 10.4127 9.4959 11.0959 9.0273 13.0927 
10.4302 11.677 6.755599999999999 3.5772 0 3.73 10.5269 10.5504 9.4906 9.305299999999999 14.1734 9.531 7.0641 9.5957 1.7117 2.598 5.6198 10.0516 8.568999999999999 10.6933 6.1179 9.6177 8.833599999999999 7.909999999999999 7.287699999999999 7.0374 8.1594 5.9187 7.518700000000001 5.4501 12.829999999999998 
7.7326 8.9794 8.369299999999999 7.3072 3.73 0 6.7969 7.3162 5.7606 8.0612 13.6408 5.801 10.281 11.599 5.4417 6.328 9.3498 7.4155 9.851099999999999 10.6219 9.8479 11.991600000000002 9.818000000000001 8.894400000000001 9.5167 4.9922 8.080400000000001 9.6487 10.4649 9.1801 9.8156 
14.529499999999999 15.776299999999999 15.1662 12.7264 10.5269 6.7969 0 5.7532 7.3088 9.957799999999999 16.9926 12.5979 14.154499999999999 16.6861 12.2386 13.1249 10.436 14.212399999999999 14.104 10.9993 10.9341 14.433900000000001 16.6075 15.691300000000002 15.0745 11.7891 9.807599999999999 12.0483 13.648299999999999 15.054099999999998 16.6125 
9.6282 10.875 10.1516 6.9732 10.5504 7.3162 5.7532 0 1.5556 4.204599999999999 11.2394 13.1172 9.1265 11.201699999999999 9.9008 9.0145 5.9927 10.3168 9.87 6.7653 6.4908 9.9906 10.8672 9.9436 9.3213 7.8035 9.9519 9.6321 8.0321 11.5771 11.7112 
8.0726 9.3194 11.7072 8.5288 9.4906 5.7606 7.3088 1.5556 0 5.760199999999999 12.794999999999998 11.5616 10.6821 9.698799999999999 11.0069 10.1206 7.0988 8.7612 9.736 8.3209 6.9673 10.4671 9.4486 8.525 9.1473 6.2479 9.3361 11.1877 9.5877 12.2037 10.1556 
9.2018 7.955 12.3982 9.2198 9.3053 8.0612 9.957799999999999 4.204599999999999 5.760199999999999 0 7.0348 13.5853 9.1053 11.180499999999999 7.5936 6.7073 3.6854999999999998 8.100999999999999 5.6654 2.5607 3.1874 6.6872 8.8608 9.7844 9.3001 11.1467 10.087599999999998 11.068999999999999 9.469 9.5594 11.601600000000001 
15.6859 14.989799999999999 13.577 16.254599999999996 14.1734 13.6408 16.9926 11.2394 12.795 7.0348 0 7.8398 12.3198 14.851400000000002 14.628399999999997 13.742099999999997 10.720299999999998 15.135799999999998 12.700199999999999 9.5955 10.222199999999999 13.722 15.8956 16.8192 16.3349 13.5836 10.4954 8.2547 9.8547 13.3997 15.901399999999999 
7.8461 9.0929 13.7964 13.1082 9.531 5.801 12.5979 13.1172 11.5616 13.5853 7.8398 0 4.48 7.0116000000000005 9.8324 8.9461 11.9679 13.2165 15.168500000000002 12.564200000000001 12.466000000000001 14.982700000000001 12.8091 11.8855 11.263200000000001 10.7932 13.881400000000001 15.4497 15.3432 11.7982 10.245899999999999 
3.3661 4.6129 9.3164 10.6413 7.0641 10.281 14.154499999999999 9.1265 10.6821 9.1053 12.3198 4.48 0 2.5316 5.3524 4.4661 7.4879 10.1647 10.688500000000001 10.007200000000001 7.986 10.5027 8.3291 7.4055 6.7832 7.001799999999999 10.09 12.3307 10.863199999999999 7.3182 5.7659 
5.8977 7.1058 6.7848 9.9632 9.5957 11.599 16.6861 11.201699999999999 9.6988 11.180499999999999 14.851400000000002 7.0116000000000005 2.5316 0 7.884 6.9977 8.607 7.6331 8.1569 11.2616 9.1051 7.9711 5.797499999999999 4.8739 4.2516 9.5334 11.4188 13.613999999999999 12.014 9.8498 8.2975 
8.718499999999999 9.9653 8.4673 5.2889 1.7117 5.4417 12.2386 9.9008 11.006900000000002 7.5936 14.6284 9.8324 5.352399999999999 7.8839999999999995 0 0.8863 3.9080999999999997 8.3399 10.2807 8.9816 4.4062 7.906000000000001 7.1219 6.198300000000001 5.5760000000000005 5.3257 8.4139 7.6304 7.2834 3.7384 11.118299999999998 
7.8322 9.079 9.3536 6.1752 2.598 6.327999999999999 13.1249 9.0145 10.1206 6.7073 13.7421 8.946100000000001 4.4661 6.9977 0.8863 0 3.0218 7.4536 9.889199999999999 8.0953 3.5199 7.0197 6.2356 5.312 4.6897 4.4394 7.5276 7.9971 6.3971 2.8521 10.232 
8.5601 9.8069 9.7089 6.5305 5.6198 9.3498 10.436 5.9927 7.0988 3.6854999999999998 10.7203 11.9679 7.4879 8.607 3.9080999999999997 3.0218 0 7.0556 8.1782 5.0735 0.4981 3.9979 6.1715 7.0951 7.711499999999999 7.4612 7.008500000000001 8.3797 6.7797 5.8739 10.6431 
6.838 8.0848 9.521799999999999 7.4274 10.0516 7.4155 14.212399999999999 10.3168 8.7612 8.101 15.1358 13.2165 10.1647 7.6331 8.3399 7.4536 7.0556 0 2.4356 5.5403 6.5575 10.0573 8.5253 7.6017 8.224 6.1447 7.8565000000000005 10.0972 11.6174 10.3057 9.2378 
9.2736 8.499 8.1702 4.9918 8.568999999999999 9.851099999999999 14.104 9.87 9.736 5.6654 12.700199999999999 15.168500000000002 10.688500000000001 8.1569 10.2807 9.889199999999999 8.1782 2.4356 0 3.1047 8.676300000000001 10.9677 10.9609 10.0373 10.6596 8.5091 5.4209 7.6616 9.2616 10.6674 11.6734 
6.6411 5.3943 11.274899999999999 8.096499999999999 10.6933 10.6219 10.9993 6.7653 8.3209 2.5607 9.5955 12.5642 10.0072 11.261600000000001 8.9816 8.0953 5.0735 5.5403 3.1047 0 5.5716 9.0714 9.2157 8.2921 7.6698 11.6138 8.525599999999999 10.7663 10.0732 10.9474 9.0409 
9.0582 10.305 9.210799999999999 6.0324 6.117900000000001 9.847900000000001 10.934099999999999 6.4908 6.9673 3.1874 10.222199999999999 12.466 7.985999999999999 9.1051 4.4062 3.5199 0.4981 6.5575 8.6763 5.5716 0 3.4998 5.6734 6.5969999999999995 7.2193 7.9593 6.9002 7.881600000000001 6.2816 6.372 11.141200000000001 
10.1592 8.9124 12.7106 9.5322 9.617700000000001 11.9916 14.4339 9.9906 10.467099999999999 6.6872 13.722 14.982700000000001 10.5027 7.9711 7.906000000000001 7.0197 3.9979 10.0573 10.9677 9.0714 3.4998 0 2.1736 3.0972 3.7195 8.635 5.5468 7.374 8.974 9.8718 12.559000000000001 
7.9856 6.7388 11.6918 8.5134 8.8336 9.818 16.6075 10.8672 9.448599999999999 8.8608 15.895599999999998 12.8091 8.3291 5.797499999999999 7.1219 6.2356 6.1715 8.5253 10.960899999999999 9.2157 5.6734 2.1736 0 0.9236 1.5459 8.7713 7.7204 9.0918 8.0637 9.0877 10.3854 
7.061999999999999 5.8152 10.7682 7.5898 7.91 8.8944 15.691299999999998 9.9436 8.525 9.7844 16.8192 11.8855 7.4055 4.8739 6.1983 5.311999999999999 7.0950999999999995 7.6017 10.037299999999998 8.2921 6.5969999999999995 3.0972 0.9236 0 0.6223 7.8477 7.2837 8.7401 7.1401 8.1641 9.4618 
6.4397 5.1929 11.0364 8.2121 7.287700000000001 9.5167 15.0745 9.3213 9.147300000000001 9.3001 16.3349 11.263200000000001 6.7832 4.2516 5.5760000000000005 4.6897 7.7115 8.224 10.659600000000001 7.6698 7.2193000000000005 3.7195 1.5459 0.6223 0 7.2254000000000005 7.906 9.362400000000001 7.7624 7.5418 8.839500000000001 
10.367899999999999 11.6147 7.0985 10.2769 7.0374 4.9922 11.789100000000001 7.8035 6.2479 11.1467 13.5836 10.7932 7.001799999999999 9.5334 5.3257 4.4394 7.4612 6.1447 8.5091 11.6138 7.9593 8.635 8.7713 7.847700000000001 7.2254000000000005 0 3.0882 5.3289 5.4727 5.9558 8.9888 
11.1994 12.446200000000001 10.1867 10.4127 8.1594 8.080400000000001 9.807599999999999 9.9519 9.3361 10.0876 10.4954 13.881400000000001 10.09 11.4188 8.4139 7.5276 7.008500000000001 7.8565 5.4209 8.525599999999999 6.9002 5.5468 7.7204 7.2837 7.906 3.0882 0 2.2407 3.8407 5.2465 8.7996 
10.0465 11.2933 9.7949 9.4959 5.9187 9.6487 12.0483 9.6321 11.1877 11.069 8.2547 15.4497 12.3307 13.613999999999997 7.6304 7.9971 8.3797 10.097199999999999 7.6616 10.7663 7.881600000000001 7.374 9.0918 8.7401 9.3624 5.3289 2.2407 0 1.6 5.145 7.6467 
8.4465 9.6933 8.1949 11.0959 7.518700000000001 10.4649 13.648299999999999 8.0321 9.5877 9.469 9.8547 15.3432 10.863199999999999 12.014 7.2834 6.3971 6.7797 11.6174 9.2616 10.0732 6.2816 8.974 8.0637 7.1401 7.7624 5.4727 3.8407 1.6 0 3.545 6.0466999999999995 
10.684299999999999 11.931099999999999 11.7399 9.0273 5.4501 9.1801 15.0541 11.5771 12.203700000000001 9.5594 13.3997 11.7982 7.318199999999999 9.849799999999998 3.7384 2.8521 5.8739 10.3057 10.6674 10.9474 6.372 9.8718 9.0877 8.1641 7.5418 5.9558 5.2465 5.145 3.545 0 9.5917 
2.3998 3.6466 9.914299999999999 13.092699999999999 12.83 9.8156 16.6125 11.7112 10.1556 11.601600000000001 15.901399999999999 10.2459 5.7659 8.2975 11.1183 10.232 10.643099999999999 9.2378 11.6734 9.0409 11.141199999999998 12.559 10.385399999999999 9.461799999999998 8.8395 8.9888 8.7996 7.646699999999999 6.0466999999999995 9.5917 0 
