19
SanAntonio SaltLakeCity Hampton Reno SouthLyon Modesto SanBernardino Miramar Lowell Tuscaloosa Winston Austin Gainesville Lewisville StPetersburg Henderson WestValleyCity Kennewick Aberdeen
0 3.4086 8.798 9.5669 10.806999999999999 12.907399999999999 11.7664 10.3662 7.2758 9.0757 11.335799999999999 10.521799999999999 11.505299999999998 10.357899999999999 7.858599999999999 10.0281 8.6888 6.4096 6.5512 
3.4086 0 6.8365 6.8038 7.3984 9.7509 13.0246 6.957599999999999 3.8672 9.6617 11.9218 9.2047 8.6959 7.5485 5.0492 6.6195 7.157 4.8778 9.9598 
8.798 6.8365 0 0.7689 4.4024 6.106000000000001 7.4743 7.998900000000001 2.9693 3.5948 5.854900000000001 6.0443 10.953600000000002 12.101 11.7514 8.5066 7.8727 5.8681 5.2447 
9.5669 6.8038 0.7689 0 3.6335 5.3371 8.243200000000002 8.767800000000001 3.7382 4.363700000000001 6.623800000000001 6.8132 10.1847 11.332099999999999 10.9825 9.275500000000001 7.8666 5.5874 4.4758 
10.807 7.3984 4.4024 3.6335 0 4.98 9.5335 11.0196 7.371700000000001 7.9972 10.2573 10.1374 9.149799999999999 10.297199999999998 9.9476 7.5522 5.3491 7.6076 8.1093 
12.907399999999999 9.7509 6.106000000000001 5.3371 4.98 0 4.5535 10.8501 9.0753 9.700800000000001 11.9609 10.8706 14.1298 15.277199999999999 13.273299999999999 8.2854 6.0823 8.3615 9.812899999999999 
11.7664 13.024600000000001 7.4743 8.2432 9.5335 4.5535 0 9.4291 10.4436 11.0691 13.3292 11.604700000000001 13.5718 14.719199999999999 14.0074 9.0195 10.6358 9.1775 12.719 
10.3662 6.957599999999999 7.998900000000001 8.767800000000001 11.0196 10.8501 9.4291 0 10.8248 11.593700000000002 13.853800000000001 13.078599999999998 15.653499999999998 14.506099999999998 12.006799999999998 11.7002 10.778199999999998 8.498999999999999 13.2436 
7.2758 3.8672 2.9693 3.7382 7.371700000000001 9.0753 10.4436 10.8248 0 6.5641 8.8242 8.7151 12.2659 11.118500000000001 8.9164 6.1299 4.9034 7.182600000000001 8.213999999999999 
9.0757 9.6617 3.5948 4.363700000000001 7.997200000000001 9.700800000000001 11.0691 11.5937 6.5641 0 2.2601 6.8697 14.3454 15.492799999999999 14.4428 9.4549 10.353299999999999 8.0741 8.839500000000001 
11.3358 11.921800000000001 5.854900000000001 6.623800000000001 10.2573 11.960900000000002 13.329200000000002 13.853800000000001 8.824200000000001 2.2601 0 4.6096 12.0853 13.2327 12.1827 7.194800000000001 9.3979 9.189200000000001 11.0996 
10.5218 9.2047 6.0443 6.8132 10.1374 10.8706 11.6047 13.0786 8.7151 6.8697 4.6096 0 7.4757 8.623099999999999 7.5731 2.5852 4.7883 4.5796 11.289 
11.5053 8.6959 10.9536 10.1847 9.149799999999999 14.1298 13.571800000000001 15.653500000000001 12.2659 14.3454 12.0853 7.4757 0 1.1474 3.6467 8.634599999999999 10.837699999999998 12.0553 14.660499999999999 
10.357899999999999 7.5485 12.101 11.3321 10.2972 15.2772 14.7192 14.5061 11.118500000000001 15.492799999999999 13.2327 8.623099999999999 1.1474 0 2.4993 7.4872 9.6903 11.9695 15.8079 
7.858599999999999 5.0492 11.7514 10.9825 9.9476 13.273299999999999 14.0074 12.006799999999998 8.9164 14.4428 12.1827 7.5731 3.6467 2.4993 0 4.9879 7.191 9.4702 14.409799999999999 
10.0281 6.6195 8.5066 9.275500000000001 7.5522 8.2854 9.0195 11.700199999999999 6.1299 9.4549 7.194800000000001 2.5852 8.634599999999999 7.4872 4.9879 0 2.2031 4.4823 13.7513 
8.6888 7.156999999999999 7.8727 7.866599999999999 5.3491 6.0823 10.6358 10.778199999999998 4.9034 10.3533 9.3979 4.7883 10.8377 9.6903 7.191 2.2031 0 2.2792 12.342399999999998 
6.409599999999999 4.8778 5.8681 5.5874 7.6076 8.3615 9.1775 8.498999999999999 7.182600000000001 8.0741 9.1892 4.579599999999999 12.055299999999999 11.9695 9.4702 4.4823 2.2792 0 10.063199999999998 
6.5512 9.9598 5.2447 4.4758 8.1093 9.812899999999999 12.719 13.2436 8.214 8.839500000000001 11.0996 11.289 14.660499999999999 15.807899999999998 14.4098 13.7513 12.3424 10.0632 0 
