16
1aef1d a4f7ab 526e97 9fb27b aeb965 770b7a 690d87 9e3235 390b11 9655d3 ff448b bf7494 c1e4b0 ef9cce 22c398 3efbbd
0 48.33218 55.86393 58.8973 52.21599 74.24284 87.41853 87.46862 78.41233 74.39634 73.09485 70.03571 43.01163 57.09974 43.73786 17.0 
48.33218 0 16.12452 19.0 27.246209999999998 26.07681 41.10961 42.43819 34.52558 29.41088 30.8707 33.28483 21.0238 46.09772 73.17166 40.31129 
55.86393 16.12452 0 9.43398 17.68019 30.0 38.97184 38.27532 29.52965 45.32459 46.99522 43.43958 37.14832 61.01112 81.9329 46.95743 
58.8973 19.0 9.43398 0 8.24621 22.56103 29.55552 28.84441 20.12461 39.59798 42.62769 36.79674 40.0238 65.06919 89.55445 55.53029 
52.21599 27.246209999999998 17.68019 8.24621 0 24.18677 35.22783 35.38361 28.370820000000002 42.41875 38.41875 33.01515 47.430409999999995 62.333380000000005 81.43709 47.43416 
74.24284 26.07681 30.0 22.56103 24.18677 0 17.72005 22.72005 27.206879999999998 23.76973 27.65863 22.2036 47.10061 62.93648 96.71194 66.3881 
87.41853 41.10961 38.97184 29.55552 35.22783 17.72005 0 5.0 9.48683 41.489779999999996 44.01136 39.92365 61.77211 80.65358 113.15918 81.34494 
87.46862 42.43819 38.27532 28.84441 35.38361 22.72005 5.0 0 9.21954 46.489779999999996 48.16638 43.01163 61.32699 83.67795 114.92958 82.32861 
78.41233 34.52558 29.52965 20.12461 28.370820000000002 27.206879999999998 9.48683 9.21954 0 38.32754 42.28779 36.67424 55.14796 75.50497 106.25201 73.10951 
74.39634 29.41088 45.32459 39.59798 42.41875 23.76973 41.489779999999996 46.489779999999996 38.32754 0 4.0 9.83095 31.38471 45.96101 83.73982000000001 60.246449999999996 
73.09485 30.8707 46.99522 42.62769 38.41875 27.65863 44.01136 48.16638 42.28779 4.0 0 5.83095 30.08322 41.96101 82.06419 58.94496 
70.03571 33.28483 43.43958 36.79674 33.01515 22.2036 39.92365 43.01163 36.67424 9.83095 5.83095 0 29.06888 47.79196 82.23538 57.58472 
43.01163 21.0238 37.14832 40.0238 47.430409999999995 47.10061 61.77211 61.32699 55.14796 31.38471 30.08322 29.06888 0 25.31798 54.672349999999994 28.86174 
57.099740000000004 46.09772 61.01112 65.06919 62.333380000000005 62.93648 80.65358 83.67795 75.50497 45.96101 41.96101 47.79196 25.31798 0 42.54409 40.099740000000004 
43.73786 73.17166 81.9329 89.55445 81.43709 96.71194 113.15918 114.92958 106.25201 83.73982000000001 82.06419000000001 82.23538 54.672349999999994 42.54409 0 37.67424 
17.0 40.31129 46.95743 55.53029 47.43416 66.3881 81.34494 82.32861 73.10951 60.246449999999996 58.94496 57.58472 28.86174 40.099740000000004 37.67424 0 
