38
8035d3 c845ed bf7494 ab6081 9e3235 20ec85 940b78 525361 1c3716 ae5d4a 98b7f9 d4f94d fc6ab6 22f6f5 83454a a3ccd4 d1ae8e 444f08 c0df7c e17800 ff448b e99176 6d8fd3 bb4650 75b2ff efb6f6 7c84e0 1aedf0 bf356c 640320 bd00fb 909532 76bb8e 9b8a2b d36b6f 194181 b9fcab 1efe0a
0 7.07107 23.02173 18.35756 13.34166 28.30194 43.93578 40.79216 45.12206 52.40217 54.08327 57.57603 55.9017 52.7731 68.25253 94.65396 88.09086 93.04981 88.72993 78.87332 74.29171 65.86988 65.14599 56.32051 59.54054 36.71512 53.41319 55.54278 59.388149999999996 75.74620999999999 80.76893 74.07221999999999 13.527529999999999 23.92146 41.97618 30.64464 14.28217 5.0 
7.07107 0 18.43909 23.43909 20.41273 35.37301 37.36308 38.3014 38.9916 46.27171 47.04253 50.59644 51.177 47.29712 62.00806 92.47288 85.78635 88.20431 85.96919 76.07942 70.40885 62.04853 62.36986 53.75872 55.54278 32.89377 51.24451 53.33854 59.43904 76.89603 82.8553 71.06335 20.09975 30.54006 48.735389999999995 35.90265 7.2111 12.071069999999999 
23.02173 18.43909 0 5.0 11.7082 27.98702 30.537659999999995 21.62162 26.09376 32.49706 38.48376 52.052369999999996 45.052369999999996 46.40043 65.15482 95.75875 89.05055 95.54485 90.39782 80.82186 80.41808 72.7176 75.00667 67.06713 65.76473 46.04875 65.9252 68.07139000000001 76.2168 94.42987 101.0198 83.15047 35.77709 46.09772 63.95693 47.38143 25.650190000000002 25.07987 
18.35756 23.43909 5.0 0 6.7082 22.98702 27.0 24.02082 28.01785 35.01428 41.82531 48.308440000000004 43.38202 45.27693 62.482 93.47727 86.96374 93.58771999999999 87.23531 78.00859 77.12976 69.88028 71.11259 63.13947 62.36986 41.04875 61.13101 63.07139 71.47027 89.55445 96.06703 79.40403 31.38471 41.78516 59.77458 47.914 30.650190000000002 20.88061 
13.34166 20.41273 11.7082 6.7082 0 16.27882 30.59412 29.71927 34.191410000000005 40.59471 41.4367 46.51881 50.090219999999995 43.41659 60.10824 89.69666 83.00602 88.58894 83.52875 73.92564 72.12489 65.24422 65.37584 57.07889 57.28001 41.2601 55.28249 57.0 65.82139 83.04339 89.35883 73.82412 26.86919 37.13862 55.31727 41.205799999999996 27.20294 17.269370000000002 
28.30194 35.37301 27.98702 22.98702 16.27882 0 19.92486 19.72893 24.201069999999998 31.48118 34.98571 44.55334 39.82462 45.27693 62.76942 96.69677 90.18795 95.18929 89.31965 81.87239 81.61495 74.16873 77.44802 69.47215 67.26521 47.38143 68.06614 69.87131 79.84986 98.38699 105.63765 85.0 41.14637999999999 51.47815 69.28925 52.61179 33.60147 30.46309 
43.93578 37.36308 30.537659999999995 27.0 30.59412 19.92486 0 11.423580000000001 15.89572 23.17583 16.27882 28.63564 22.47221 38.41476 50.65836 84.5281 78.08969 84.85281 78.26238 70.34913 75.53807 69.42622 74.63269000000001 68.54196 63.132329999999996 48.20534 68.42655 69.77829 83.8392 103.42004 112.48555 81.25269 57.300430000000006 67.70851 85.90693 71.02816 34.32456 47.38143 
40.79216 38.3014 21.62162 24.02082 29.71927 19.72893 11.423580000000001 0 4.47214 11.75225 17.80449 30.43075 23.43075 32.75668 49.697230000000005 84.17244 77.66595 84.34546999999999 77.97739 69.72087 74.33811999999999 67.89698 72.81988000000001 66.48308 61.31649 45.65266 66.21178 67.62396 81.27115 100.80206 109.72961000000001 79.62412 54.29181 64.53681 82.76473 68.00735 33.09902 44.28318 
45.12206 38.9916 26.093759999999996 28.01785 34.19141 24.20107 15.895719999999999 4.47214 0 7.28011 18.68186 32.71753 27.452080000000002 34.1321 50.44799 85.32878 78.91768 85.75574 79.07591 71.25307 76.71498 70.61161 75.89466 69.857 64.40196 49.56362 69.77376 71.11259 85.21600000000001 104.82535999999999 113.89908 83.0835 58.46383 68.88396 87.09824 72.06247 31.7805 48.50773 
52.40217 46.27171 32.49706 35.01428 40.59471 31.481180000000002 23.175829999999998 11.75225 7.28011 0 11.40175 25.43742 32.43742 33.53769 47.45726 82.38932 76.1643 83.09633 76.25771 69.19433000000001 75.94277 72.30114 76.55717 71.19691 65.30114 51.87958 71.89904 72.71864 88.00395 107.71787 117.42006 82.5409 65.14339 75.31268 93.55747 79.00633 39.06061 55.22681 
54.08327 47.04253 38.48376 41.82531 41.4367 34.98571 16.27882 17.80449 18.68186 11.40175 0 14.03567 21.03567 22.13594 36.05551 71.17585 65.04547 72.00694 65.06919 58.13777 66.10184 61.32699 68.09552 63.60031 55.00909 46.2277 64.55011999999999 65.43699 82.07314 101.87213 112.44554 73.40981 67.14228 77.05919 95.18929 82.6083 41.4367 58.30952 
57.57603 50.59644 52.052369999999996 48.308440000000004 46.51881 44.55334 28.63564 30.43075 32.71753 25.43742 14.03567 0 7.0 23.12452 22.02272 57.14018 51.0098 58.0 51.124520000000004 44.28318 53.31041 49.39636 58.83458 53.75872 45.407070000000004 47.29387 55.44367 59.335440000000006 75.08319 93.60021 105.15227 62.38505000000001 69.42622 78.77182 96.39196 86.42435 46.51881 62.29811000000001 
55.9017 51.177 45.052369999999996 43.38202 50.090219999999995 39.82462 22.47221 23.43075 27.452080000000002 32.43742 21.03567 7.0 0 16.12452 29.01724 64.12488 58.0098 65.0 58.124520000000004 51.245290000000004 59.80803 55.48186 64.96869 59.26383 49.411150000000006 43.04649 60.10824 63.56316 78.24321 98.04220000000001 109.04128 68.09269 69.42922999999999 78.1025 96.00521 84.72308 43.9659 60.41523 
52.7731 47.29712 46.40043 45.27693 43.41659 45.27693 38.41476 32.75668 34.1321 33.53769 22.13594 23.12452 16.12452 0 19.53638 51.41984 44.91102 51.62364 45.24496 39.41607 43.9659 39.35734 48.84417 43.13931 33.28663 30.08322 44.82187 47.43864 63.51378 83.31277 94.66784 51.96817 63.56886 72.27724 89.26926 81.59662 43.41659 57.70615 
68.25253 62.00806 65.15482 62.482 60.10824 62.76942 50.65836 49.697230000000005 50.44799 47.45726 36.05551 22.02272 29.01724 19.53638 0 35.12834 35.51483 36.01389 37.57132 31.74243 35.61224000000001 33.6006 43.08743 42.72002 29.96665 42.59715 45.88028 45.987660000000005 65.14599 83.25885 96.20811 44.55334 77.82673 86.48816 101.98344999999999 95.77239999999999 60.10824 73.25253 
94.65396 92.47288 95.75875 93.47727 89.69666 96.69677 84.5281 84.17244 85.32878 82.38932 71.17585 57.14018 64.12488 51.41984 35.12834 0 6.7082 13.77927 21.05938 24.11199 26.341659999999997 34.15031 40.80441 47.42362 38.092909999999996 60.91833 51.89412 50.15974 66.70832 79.00633 93.00538 35.290440000000004 101.17841 106.52699 119.35821999999999 118.91622 89.69666 99.65396 
88.09086 85.78635 89.05055 86.96374 83.00602 90.18795 78.08969 77.66595 78.91768 76.1643 65.04547 51.0098 58.0098 44.91102 35.51483 6.7082 0 7.07107 14.35118 24.25067 33.049859999999995 37.59975 36.49658 42.37924 31.38471 54.21013 46.8188 45.22168 63.44217999999999 77.98152 91.60556 38.47171 94.93451 100.4241 113.53414 112.60995 83.01026 92.95698 
93.04981 88.20431 95.54485 93.58771999999999 88.58894 95.18929 84.85281 84.34546999999999 85.75574 83.09633 72.00694 58.0 65.0 51.62364 36.01389 13.77927 7.07107 0 7.28011 17.1796 26.48609 30.52868 37.33631 44.34761 34.71311 56.72742 48.76474 47.093540000000004 63.35373 75.02666 89.02247 31.40064 99.03535 104.13933 116.54076 116.67612 88.67578 97.80082 
88.72993 85.96919 90.39782 87.23531 83.52875 89.31965 78.26238 77.97739 79.07591 76.25771 65.06919 51.124520000000004 58.124520000000004 45.24496 37.57132 21.059379999999997 14.35118 7.28011 0 9.89949 23.08679 30.994510000000002 37.48333 43.58483 35.09099 53.07542 47.75982 46.33076 63.65583 77.1627 91.13726 33.06055 95.52487 101.21265 114.42801 113.35784 83.52844 93.72993 
78.87332 76.07942 80.82186 78.00859 73.92564 81.87239 70.34913 69.72087 71.25307 69.19433000000001 58.13777 44.28318 51.245290000000004 39.41607 31.74243 24.11199 24.25067 17.1796 9.89949 0 16.76305 21.09502 30.16605 36.15655 27.66271 43.18565 39.05125 37.85807 56.0357 71.02112 85.02112 27.51363 86.64101000000001 91.63241 104.80935 103.47947 73.92565 83.87332 
74.29171 70.40885 80.41808 77.12976 72.12489 81.61495 75.53807 74.33811999999999 76.71498 75.94277 66.10184 53.31041 59.80803 43.9659 35.61224 26.341659999999997 33.049859999999995 26.48609 23.08679 16.76305 0 8.60233 18.08916 21.63331 14.86607 37.57659 26.07681 24.36725 41.81542 54.87248 68.35934 10.77033 78.60233 82.85067000000001 94.20191 95.77578 72.93193 78.89204000000001 
65.86988 62.04853 72.7176 69.88028 65.24422 74.16873 69.42622 67.89698 70.61161 72.30114 61.32699 49.39636 55.48186 39.35734 33.6006 34.15031 37.59975 30.52868 30.994510000000002 21.09502 8.60233 0 9.48683 18.4311 22.94045 29.15476 18.38478 16.76305 35.0 50.96077 64.53681 18.4311 70.0 74.5527 86.02325 87.87052 64.5101 70.28971 
65.14599 62.36986 75.00667 71.11259 65.37584 77.44802 74.63269000000001 72.81988000000001 75.89466 76.55717 68.09552 58.83458 64.96869 48.84417 43.08743 40.80441 36.49658 37.33631 37.48333 30.16605 18.08916 9.48683 0 8.94427 22.09722 30.06659 12.80625 10.63015 27.412869999999998 41.48494 55.10898 8.94427 67.60178 70.60482999999999 80.9224 84.05355 65.37584 69.28925 
56.32051 53.75872 67.06713 63.13947 57.07889 69.47215 68.54196 66.48308 69.857 71.19691 63.60031 53.75872 59.26383 43.13931 42.72002 47.42362 42.37924 44.34761 43.58483 36.15655 21.63331 18.4311 8.94427 0 13.15295 22.09072 21.75052 19.57442 22.56103 42.36002 56.162580000000005 17.88854 58.66856 61.84658 72.62231 75.31048000000001 57.07889 60.50515 
59.54054 55.54278 65.76473 62.36986 57.28001 67.26521 63.132329999999996 61.31649 64.40196 65.30114 55.00909 45.407070000000004 49.411150000000006 33.28663 29.96665 38.092909999999996 31.38471 34.71311 35.09099 27.66271 14.86607 22.94045 22.09722 13.15295 0 22.82542 23.780559999999998 24.08377 35.69314 53.31041 66.40783 18.68154 64.53681 69.42622 82.17898 82.03658 58.18076 64.47712 
36.71512 32.89377 46.04875 41.04875 41.2601 47.38143 48.20534 45.65266 49.56362 51.87958 46.2277 47.29387 43.04649 30.08322 42.59715 60.91833 54.21013 56.72742 53.07542 43.18565 37.57659 29.15476 30.06659 22.09072 22.82542 0 20.88061 22.56103 36.12478 55.9017 66.32229 38.47077 43.45536 48.54894 63.4123 60.30755 35.35534 41.71512 
53.41319 51.24451 65.9252 61.13101 55.28249 68.06614 68.42655 66.21178 69.77376 71.89904 64.55011999999999 55.44367 60.10824 44.82187 45.88028 51.89412 46.8188 48.76474 47.75982 39.05125 26.07681 18.38478 12.80625 21.75052 23.780559999999998 20.88061 0 10.64576 22.21626 40.562560000000005 52.62031 21.75051 55.00909 57.80138 68.24954 71.30103 55.28249 57.28001 
55.54278 53.33854 68.07139000000001 63.07139 57.0 69.87131 69.77829 67.62396 71.11259 72.71864 65.43699 59.335440000000006 63.563159999999996 47.43864 45.987660000000005 50.15974 45.22168 47.093540000000004 46.33076 37.85807 24.36725 16.76305 10.63015 19.57442 24.08377 22.56103 10.64576 0 19.64688 39.44587 50.69517 19.57442 57.24509 60.654379999999996 70.29225 73.4983 57.0 59.48489 
59.388149999999996 59.43904 76.2168 71.47027 65.82139 79.84986 83.8392 81.27115 85.21600000000001 88.00395 82.07314 75.08319 78.24321 63.51378 65.14599 66.70832 63.44217999999999 63.35373 63.65583 56.0357 41.81542 35.0 27.412869999999998 22.56103 35.69314 36.12478 22.21626 19.64688 0 19.79899 33.72303 31.95309 56.4358 57.252689999999994 61.03278 69.57011 64.84597 62.0571 
75.74620999999999 76.89603 94.42987 89.55445 83.04339 98.38699 103.42004 100.80206 104.82535999999999 107.71787 101.87213 93.60021 98.04220000000001 83.31277 83.25885 79.00633 77.98152 75.02666 77.1627 71.02112 54.87248 50.96077 41.48494 42.36002 53.31041 55.9017 40.562560000000005 39.44587 19.79899 0 14.0 44.10215 70.34913 67.06713 67.35726 80.399 82.8553 77.74268 
80.76893 82.8553 101.0198 96.06703 89.35883 105.63765 112.48555 109.72961000000001 113.89908 117.42006 112.44554 105.15227 109.04128 94.66784 96.20811 93.00538 91.60556 89.02247 91.13726 85.02112 68.35934 64.53681 55.10898 56.162580000000005 66.40783 66.32229 52.62031 50.69517 33.72303 14.0 0 58.10215 73.08215 67.9131 64.38167 80.23695000000001 89.38046 81.70679 
74.07221999999999 71.06335 83.15047 79.40403 73.82412 85.0 81.25269 79.62412 83.0835 82.5409 73.40981 62.38505000000001 68.09269 51.96817 44.55334 35.290440000000004 38.47171 31.40064 33.06055 27.51363 10.77033 18.4311 8.94427 17.88854 18.68154 38.47077 21.750510000000002 19.57442 31.95309 44.10215 58.10215 0 76.54605000000001 79.4319 89.14034 92.92743 73.82611 78.23352 
13.527529999999999 20.09975 35.77709 31.38471 26.869189999999996 41.14637999999999 57.300430000000006 54.29181 58.46383 65.14339 67.14228 69.42622 69.42922999999999 63.56886 77.82673 101.17841 94.93451 99.03535 95.52487 86.64101 78.60233 70.0 67.60178 58.66856 64.53681 43.45536 55.00909 57.24509 56.4358 70.34913 73.08215 76.54605000000001 0 10.44031 28.63564 18.02776 26.68333 15.274469999999999 
23.92146 30.54006 46.09772 41.78516 37.13862 51.47815 67.70851 64.53681 68.88396 75.31268 77.05919 78.77182 78.1025 72.27724 86.48816 106.52699 100.4241 104.13933 101.21265 91.63241 82.85067000000001 74.5527 70.60482999999999 61.84658 69.42622 48.54894 57.80138 60.654379999999996 57.252689999999994 67.06713 67.9131 79.4319 10.44031 0 18.24829 13.92839 37.12364 25.49548 
41.97618 48.735389999999995 63.95693 59.77458 55.31727 69.28925 85.90693 82.76473 87.09824 93.55747 95.18929 96.39196 96.00521 89.26926 101.98344999999999 119.35821999999999 113.53414 116.54076 114.42801 104.80935 94.20191 86.02325 80.9224 72.62231 82.17898 63.4123 68.24954 70.29225 61.03278 67.35726 64.38167 89.14034 28.63564 18.24829 0 32.176680000000005 55.31897 38.8973 
30.64464 35.90265 47.38143 47.913999999999994 41.205799999999996 52.61179 71.02816 68.00735 72.06247 79.00633 82.6083 86.42435 84.72308 81.59662 95.77239999999999 118.91622 112.60995 116.67612 113.35784 103.47947 95.77578 87.87052 84.05355 75.31048000000001 82.03658 60.30755 71.30103 73.4983 69.57011 80.399 80.23695000000001 92.92743 18.02776 13.92839 32.176680000000005 0 41.19466 28.12075 
14.28217 7.2111 25.650190000000002 30.650190000000002 27.20294 33.60147 34.32456 33.09902 31.7805 39.06061 41.4367 46.51881 43.9659 43.41659 60.10824 89.69666 83.01026 88.67578 83.52844 73.92565 72.93193 64.5101 65.37584 57.07889 58.18076 35.35534 55.28249 57.0 64.84597 82.8553 89.38046 73.82611 26.68333 37.12364 55.31897 41.19466 0 19.28217 
5.0 12.071069999999999 25.07987 20.88061 17.269370000000002 30.46309 47.38143 44.28318 48.50773 55.22681 58.30952 62.29811000000001 60.41523 57.70615 73.25253 99.65396 92.95698 97.80082 93.72993 83.87332 78.89204 70.28971 69.28925 60.50515 64.47712 41.71512 57.28001 59.48489 62.0571 77.74268 81.70679 78.23352 15.274469999999999 25.49548 38.8973 28.12075 19.28217 0 
