65
WUqhotrexTBp QxNjgiXciQma aXlcDzbXwAJW ocysUjOwnenm NMSHhfMtAJZb WWtfhwMSzfGW zCWezcJmUGqs WHSGrQQrrotE WnABnktZDxMx gXcuqckdTdIP NxxrxPgsnMqG EOKLHvbbCToE EKWhDcEeEkGK oKIKkmsSWzmH wHeDieHMYzAK sFSBpaJxLpBT TZmWJenJbEsV hLCSOZLNEdhX xXoCKkdkKAne nyTRNDRCsANl cRekprdsHHWw quZcTYtpBjSn yHOsEGOhjOLt GvyjKkGcUdcI AoaIXEzdsCrm mvdksSctoMVi qxhFFIUEfnzV YvLRANdegrdA vYrcfWFBiWlY fiHhqLtPfdZy WRiugWLCujBI zcAOlsVDUDkc jXOmYlZmvqnI sTgUExIipvWV fblrDraNAUxK UYTxhnOtiPHB EwXugPkGUVkm DiKlonktcqTP OIjApACwnyqG qFGlIHDqKyPA yVSfaizVeLPT LNoKVqXhLEzn TTwdgXpOLyxF nschEYWjrAsr nlzJUuBrsbXD IQvKLYGCcCbd HEwqlaeMfSzl mZUBOQTZyXOM cpNycWVdmzHJ YGzazHdyrGCd RGYiIUdVAiVL pjemGRILnFei eTrfywteWUJB nxbMBCPhfQij yFQWQWtUUMle lznMKRYSMheH XwPJYwaGcHxO etjGizhQhrRW wXjNgGRCXYRl gkTmCiZxFrJw ubtvaUeVUfmV IcNVObbuvzWY JNoAmCxHcsYw MaGBJGHdxMeh IvOdahrtFwzZ
0 18787.40999 19880.56366 25480.38726 23104.76907 14986.9966 20380.6467 13034.28252 17114.13727 14409.05609 15438.62929 17299.40441 17443.51519 19940.24428 13092.93498 19602.75654 23312.4527 15864.07784 19786.1468 17907.29108 24767.26222 14908.02035 16577.34138 18024.16898 14748.41478 22868.27098 20471.41018 16951.88192 15011.96681 24225.73738 16324.78111 13703.32094 22409.17845 18100.86398 23554.28009 14157.8113 20740.04899 14125.64237 12807.78831 24519.61539 16433.80375 18388.71024 19754.27688 16198.74215 15083.04494 20880.35119 22272.05981 13016.11101 23568.6156 22071.16616 22448.65548 22671.81129 24363.74626 24210.889320000002 17293.52199 15181.71741 24270.27096 13046.60075 12977.874 23981.32707 13638.84391 21707.81913 23030.87088 16663.7896 11760.47284 
18787.40999 0 15185.79686 22991.37356 12722.92834 12144.42783 17644.50145 15844.35826 20274.43014 24147.73314 12435.68579 16462.77556 23023.75359 17878.61773 24417.208550000003 21641.89621 13293.78379 23959.38974 12156.02318 23002.62709 24742.28099 24695.50937 24143.72424 25075.41002 21910.45919 22080.50237 22336.1526 16076.0151 16040.15468 25377.875050000002 18122.11552 17869.1697 20111.04233 19364.76395 24261.125070000002 17597.31381 24660.57096 16255.02962 12266.82385 18441.35132 20416.13882 22751.28538 20165.13236 23973.7046 23580.25432 12190.85283 18550.43831 16544.11189 21718.5482 24670.836799999997 20745.27903 16854.61131 18729.85539 12370.38272 13773.77557 15716.92336 25921.5602 20272.08898 23925.499750000003 13624.12815 13149.24612 21766.96498 16431.20595 13755.00769 23080.66127 
19880.56366 15185.79686 0 11742.8239 24164.49511 22449.16473 13835.67904 23027.31674 20177.10164 12918.42978 15803.09758 14348.91332 18093.80727 18705.77956 12407.81687 24447.72752 13298.69397 20737.03796 25475.38153 20584.5093 25414.60551 24688.6696 18303.68279 22111.56174 14240.81589 15994.29171 25140.76294 18792.22457 21450.98789 22975.83208 25468.57633 26709.60276 22518.61067 24518.00862 24347.81249 15911.53153 24640.81842 22460.16684 24558.20157 23091.72954 21812.49601 20593.0649 16866.36306 13543.44767 19819.15615 22628.97786 16636.77853 24850.33445 21954.40259 24682.71449 20755.12911 19804.72303 20644.81936 24470.74289 14839.91747 12411.96454 13205.71283 13578.60006 12438.58644 14201.59403 20072.96079 12384.72171 21949.3852 12571.00696 19475.5458 
25480.38726 22991.37356 11742.8239 0 21523.30625 16350.29045 24248.00186 15626.3609 12079.99899 21675.97734 26740.7576 18255.38992 14018.92402 14855.67613 23905.379399999998 24692.78311 13130.16921 24627.37338 13732.55763 19910.52305 13671.78161 16644.05372 23335.90722 17296.23531 12781.63414 24511.78035 25193.1209 14142.63731 23134.01952 22933.08651 17744.14727 26489.10837 13955.51179 21254.34829 18694.08168 22748.21772 15025.57605 16924.37497 15841.19278 19331.10396 17261.64195 21735.08223 22483.49971 19750.00282 24551.39883 24081.64242 21445.20278 18012.49008 17076.14517 23892.71358 14499.43358 23876.14386 15001.06891 18137.92223 17992.7171 24154.78844 19543.10622 16349.50909 24181.41034 11972.94108 24058.83059 19144.6283 22408.83508 23303.81741 20798.9511 
23104.76907 12722.92834 24164.49511 21523.30625 0 11783.78867 13505.53416 14829.44183 25279.80672 23787.093979999998 24533.16343 23216.98952 21197.65811 22990.2584 20448.94639 23285.81909 14127.63003 24066.59399 24202.29049 24122.48818 22072.47952 26003.29309 16331.80857 22592.37708 24423.98473 12693.83852 19622.7992 20031.84274 16016.38696 19287.52957 19453.60961 23012.8112 18243.40111 24329.0665 24263.07436 27345.02727 21001.94862 13484.2427 18567.39559 24215.0792 23762.5278 12937.74601 16412.37209 17289.18704 22639.18604 16189.73901 14837.18041 25370.17211 25366.43133 22065.89363 17850.03419 14973.20105 25535.81201 24702.24412 25135.10328 14687.13104 17100.72081 24753.414530000002 24968.57651 11810.16165 23896.051160000003 24411.6019 14684.41065 14044.18547 18000.16298 
14986.9966 12144.42783 22449.16473 16350.29045 11783.78867 0 12843.45241 23959.65094 20088.01078 12003.30531 21736.62087 21009.11118 16245.57777 21098.16824 12658.37398 15558.48643 14985.1201 21579.40735 16399.1094 24470.46227 15430.78995 22584.58978 20406.91448 13160.96216 24426.57675 24440.70762 24021.27104 24788.113100000002 15025.00844 19556.26016 23151.78107 12540.89959 24413.32445 18437.02183 17805.15267 18331.73627 18299.77581 17027.79953 21463.3471 23455.72025 11978.73913 23899.02463 24551.06339 12028.36803 20400.1804 22179.4061 18449.21619 24604.23582 23689.16158 23001.15107 18005.81904 25603.86554 25058.28028 23172.82767 16393.92086 24972.35186 18419.81074 13073.70666 20662.51483 22187.47323 17753.76842 20133.12237 12521.01679 20391.72195 14116.93071 
20380.6467 17644.50145 13835.67904 24248.00186 13505.53416 12843.45241 0 13504.90624 23957.00188 16843.75726 21153.20967 18278.89373 23381.29515 25996.19127 22477.81353 24003.01309 24662.398549999998 19652.44941 19806.10869 21643.71157 19239.81674 16637.2161 24451.70136 13554.21472 24393.522409999998 13976.91032 20518.95483 17858.19231 14331.45944 24745.22885 17054.27314 25196.323210000002 18504.21266 20223.07426 13246.48804 19884.55031 22228.14634 23453.34478 19160.37981 24275.801679999997 11845.2676 12880.33657 15990.84454 22692.0124 12598.94927 13851.32227 24023.59693 19496.1619 24495.61046 25139.88056 15624.52139 15017.18951 20688.37744 24837.98579 14595.96746 12232.2683 20036.23628 23315.63906 24617.40551 20888.88721 19537.60291 14512.3203 20800.34284 20723.02943 11979.28348 
13034.28252 15844.35826 23027.31674 15626.3609 14829.44183 23959.65094 13504.90624 0 11852.49553 12173.15109 24033.63369 25064.192949999997 16385.54625 21579.37161 18482.15948 13710.72615 25452.05785 21227.20283 23978.53675 21451.52804 12244.55121 17515.1802 12653.43901 19416.00425 16083.49339 16130.66515 17521.49352 17918.03764 23116.65706 18703.39269 14697.95982 17969.17153 20222.94014 24105.31276 20474.38363 16234.59298 16236.60562 19577.15086 21048.37356 16787.48707 11980.91181 17764.57611 22037.67308 25188.601730000002 24354.91366 20915.1748 12964.36389 24890.6647 16598.67658 16834.06098 24912.02317 19298.27793 11881.10274 25627.96032 25155.1371 22632.54844 24911.178480000002 21299.64974 14377.8436 24740.4886 19828.97878 15886.76442 24815.33555 16770.98319 18300.977 
17114.13727 20274.43014 20177.10164 12079.99899 25279.80672 20088.01078 23957.00188 11852.49553 0 12787.18549 24740.301310000003 25382.890890000002 20539.86782 15220.65021 16760.15125 14412.71249 16341.91915 25149.44153 14764.02145 17057.21792 24097.046739999998 21455.50735 24028.44724 21403.737 24246.433559999998 25276.79011 14682.48413 16093.24741 23970.99072 14281.35634 25015.07515 27410.45449 15156.19859 16198.64324 12221.60701 22753.16358 25972.40866 19286.84027 17394.93061 26010.16296 19246.51072 25823.872089999997 21574.0681 18816.06638 24008.86529 18189.93317 20835.391 13124.65398 23121.3578 18272.13209 24126.551140000003 12364.04771 20040.45222 15734.17631 24790.34172 20451.68851 24702.74795 12152.05665 23003.62069 15238.74712 13086.2903 12141.64869 26503.585469999998 18615.07112 24015.414259999998 
14409.05609 24147.73314 12918.42978 21675.97734 23787.093979999998 12003.30531 16843.75726 12173.15109 12787.18549 0 11953.11582 12891.04186 13669.21418 20730.85421 20066.68469 12144.96579 15600.08504 16265.769 25373.24773 16612.57911 24417.702299999997 24212.939400000003 24020.07099 13481.06049 22590.76004 25645.72028 27101.04369 19691.44833 12587.54276 14425.82093 23153.38939 15741.4028 17031.02875 24042.8653 16499.64163 13093.28065 15370.79265 16372.76351 25499.26224 20350.28403 23982.044439999998 23450.95545 19897.41178 20490.14385 15354.89459 25636.17956 15485.14473 17080.4619 14702.0241 23341.13109 19116.02672 16677.08578 24054.25383 25083.02834 24568.51025 12969.04655 17167.67966 24939.242140000002 15266.28569 17357.78243 25455.78746 18400.2341 24524.322099999998 24609.47094 17847.28573 
15438.62929 12435.68579 15803.09758 26740.7576 24533.16343 21736.62087 21153.20967 24033.63369 24740.301310000003 11953.11582 0 11792.19568 16477.91711 18286.08269 15963.96668 18727.69821 24870.002350000002 15740.81974 17418.34662 17461.99697 24109.36938 12259.82358 17064.93322 19765.79294 24661.80368 20361.09523 24676.19549 17299.11853 21659.74367 21719.36402 24737.34012 21456.66958 22818.17686 13131.94368 17539.11593 19638.01457 22020.26081 22889.82314 22561.81884 18933.8788 16505.12923 19190.8709 19859.93936 24434.879370000002 13906.7247 16995.07919 12609.10016 25437.26936 15627.57881 14072.60954 14010.97765 19542.18412 23334.1284 13703.91733 18701.88588 24922.16237 20205.93726 16803.82679 24024.179340000002 22790.02103 20486.08876 24755.16259 20516.2278 16446.47131 20951.50594 
17299.40441 16462.77556 14348.91332 18255.38992 23216.98952 21009.11118 18278.89373 25064.192949999997 25382.890890000002 12891.04186 11792.19568 0 17953.41848 20964.00504 19987.48954 15506.91968 21111.15946 21024.34637 24676.93588 16658.74768 14348.55605 21610.92369 14016.57314 14366.63844 19048.80922 15266.14821 24947.39621 13108.5012 11769.49579 23981.97786 17373.86669 15860.56884 24528.14632 15839.35334 24794.67117 24807.4741 12327.06364 20451.15819 23143.99393 22949.77874 20927.30011 22505.08801 16390.23381 12642.68369 14352.59205 21665.5418 19362.7261 13645.07368 12642.75725 24476.111709999997 20431.5308 13018.84318 21991.76065 21021.82765 19063.62523 24754.24807 23877.59424 21823.02278 12231.98366 17676.08767 14391.54687 23066.85808 20446.3246 14225.63531 25815.545850000002 
17443.51519 23023.75359 18093.80727 14018.92402 21197.65811 16245.57777 23381.29515 16385.54625 20539.86782 13669.21418 16477.91711 17953.41848 0 12572.24512 24327.68873 13864.55112 25031.21591 24860.0613 26312.83226 22830.49344 22843.10719 12542.11669 24405.56349 25303.865189999997 23706.65231 11976.5061 24805.81406 15514.06395 23809.65993 18037.65188 16948.84387 16038.11214 17165.95215 21132.19321 16314.77672 22317.69104 13872.09521 24368.7629 23236.05074 15170.41652 23125.33917 15219.35623 18997.38448 11965.56098 15943.36938 16440.40242 17082.22774 24228.53119 24553.00941 13170.87347 16133.35023 24240.688029999998 12001.49807 24152.797319999998 13080.56577 24682.77283 14794.32412 21877.98927 23322.98078 24496.67729 18135.50476 21555.74789 14364.98278 18615.76855 24604.77149 
19940.24428 17878.61773 18705.77956 14855.67613 22990.2584 21098.16824 25996.19127 21579.37161 15220.65021 20730.85421 18286.08269 20964.00504 12572.24512 0 11755.44361 17089.83128 22513.53291 15024.06315 16045.42516 19160.07181 20398.82433 19927.64357 17320.87627 19543.20352 20871.09116 19321.18267 25031.2734 14169.71027 20482.36359 14999.10961 22302.70118 17626.79381 17516.07105 13520.75002 25203.018620000003 21403.91403 19243.11047 24523.34397 20734.74345 14314.65828 25632.09115 21396.89251 14009.36075 16107.67911 18252.7923 18235.99612 26026.70012 19763.88558 14112.77839 24942.96673 16575.22277 21176.93902 15104.39231 12093.92614 20392.18281 13919.66974 21783.21792 24158.33152 13201.16868 13023.19423 12325.75612 14078.17597 15031.36016 13973.7985 17399.08193 
13092.93498 24417.208550000003 12407.81687 23905.379399999998 20448.94639 12658.37398 22477.81353 18482.15948 16760.15125 20066.68469 15963.96668 19987.48954 24327.68873 11755.44361 0 18903.66395 12456.37153 25021.851179999998 19741.00029 18437.17442 19264.34446 18587.00703 18403.55096 17965.31392 13055.34669 17184.63115 23261.5361 23087.59968 23413.88911 13100.11273 13360.56494 16938.40818 23660.2765 19396.84337 25891.646399999998 18457.10182 24380.81683 24292.64596 12150.3847 15605.46276 24637.11311 14041.66244 19544.98684 13377.57901 13477.26782 18183.85887 26272.86903 16685.77865 25674.98317 24431.77376 17596.9305 13984.0588 21711.89389 14240.5029 12280.48209 16735.45016 22432.63122 12402.88791 18409.06742 23314.14035 24081.19973 17414.29321 18309.41388 17618.7639 20456.44961 
19602.75654 21641.89621 24447.72752 24692.78311 23285.81909 15558.48643 24003.01309 13710.72615 14412.71249 12144.96579 18727.69821 15506.91968 13864.55112 17089.83128 18903.66395 0 11741.3317 23227.63394 19992.76918 25557.16955 24379.97246 13687.90451 11875.1052 18597.98072 19927.3501 25660.43425 23002.3713 11971.06668 13878.22456 12904.4028 18025.45594 24891.7474 23738.95953 18718.71527 24201.66756 24625.2856 15388.03105 12552.47564 21505.99534 18682.10482 21347.51794 16294.42839 21294.55918 13742.66643 22701.93857 15315.94283 24425.76485 15342.75564 22368.21478 14577.0396 21891.70201 20321.69284 12209.85636 15452.75628 19254.01343 14954.45626 18143.28206 24881.09356 12009.14108 21516.73392 18204.88638 22295.42348 15417.87427 20896.02518 19086.86778 
23312.4527 13293.78379 13298.69397 13130.16921 14127.63003 14985.1201 24662.398549999998 25452.05785 16341.91915 15600.08504 24870.002350000002 21111.15946 25031.21591 22513.53291 12456.37153 11741.3317 0 12565.47965 24368.84621 24990.87216 24391.131690000002 18759.44356 17646.09423 15231.66075 20841.69476 15312.96704 24926.689250000003 13451.46557 21601.27941 17351.4246 24234.78076 22864.34088 17698.73643 15007.39487 14625.77366 15480.2961 24571.93461 24293.80734 20780.39615 15248.99088 18593.01848 24134.470970000002 20838.79671 14225.2269 24321.15043 23880.14202 14522.14462 19610.31741 22545.87264 14485.34876 20508.16265 14090.87909 23951.18806 24908.350420000002 15827.07118 22912.15497 21663.07442 24859.25944 20602.35872 21994.2932 12728.15192 15411.5517 14004.67435 18476.86231 20088.46224 
15864.07784 23959.38974 20737.03796 24627.37338 24066.59399 21579.40735 19652.44941 21227.20283 25149.44153 16265.769 15740.81974 21024.34637 24860.0613 15024.06315 25021.851179999998 23227.63394 12565.47965 0 11803.36656 23538.27362 12081.39653 18295.92254 25701.818180000002 13642.77002 20990.41204 24125.93446 13824.88552 24217.322650000002 22008.86303 16595.27729 21570.11781 19283.78937 12394.29334 23664.47408 18931.08357 14848.66429 22495.16897 19489.58461 21584.43629 19018.71595 18784.11225 15442.70375 17532.54538 24161.42496 14550.70417 16286.07738 12372.941 21968.48377 15657.7277 11999.16708 18542.17629 23849.60983 18262.80236 24602.99081 15060.07607 24733.4377 12800.7825 17519.9211 19976.16441 17877.92411 22486.33418 13007.79284 21400.25241 24425.842620000003 18396.37283 
19786.1468 12156.02318 25475.38153 13732.55763 24202.29049 16399.1094 19806.10869 23978.53675 14764.02145 25373.24773 17418.34662 24676.93588 26312.83226 16045.42516 19741.00029 19992.76918 24368.84621 11803.36656 0 11734.90706 21938.01225 25090.449800000002 25231.10688 21180.3267 13538.06339 23122.82957 18518.28575 20440.38392 18563.56567 18118.21993 24348.596859999998 22210.09044 24093.33596 18113.47398 22296.62552 17167.7306 12504.54778 22487.90412 17898.11951 18849.58642 18549.8151 16713.45865 20857.69738 25619.9414 17691.10726 24346.87601 15897.35695 16352.03615 12034.17863 20796.62997 24102.08438 19879.72279 18842.22594 22230.82265 25247.77403 25180.390339999998 24479.97775 13051.04759 22060.67324 17464.37394 13275.5297 24811.1594 20613.02484 24576.40621 14649.20105 
17907.29108 23002.62709 20584.5093 19910.52305 24122.48818 24470.46227 21643.71157 21451.52804 17057.21792 16612.57911 17461.99697 16658.74768 22830.49344 19160.07181 18437.17442 25557.16955 24990.87216 23538.27362 11734.90706 0 11761.73454 23611.280339999998 24704.69072 14298.91639 17024.97826 15329.87843 13174.40626 20571.23651 17117.41498 14544.40279 14720.53866 14926.37982 15260.73957 23348.32232 23855.76467 24095.306510000002 12195.025 13004.69391 24028.18138 24022.2246 18015.57831 15361.23588 13066.24785 24936.00794 14207.83414 23798.19022 17896.15971 19087.6048 21285.18737 12070.44533 21274.05291 24610.24607 21922.61343 18747.31354 15289.52021 24514.23823 15402.96584 11971.94167 16849.6455 15280.67678 14723.72166 22868.78564 11949.44548 23775.96088 12061.95742 
24767.26222 24742.28099 25414.60551 13671.78161 22072.47952 15430.78995 19239.81674 12244.55121 24097.046739999998 24417.702299999997 24109.36938 14348.55605 22843.10719 20398.82433 19264.34446 24379.97246 24391.131690000002 12081.39653 21938.01225 11761.73454 0 11849.5458 23725.580029999997 23826.67624 19192.15211 14566.64217 21452.9861 19416.71845 13809.87941 19248.29925 22826.3806 18249.43985 24475.689870000002 24435.161780000002 22364.27763 25776.72519 23956.75954 15002.72162 12934.75327 19298.6452 13452.32126 23383.38689 23431.62137 15245.5669 12110.36245 25244.77246 19177.10008 20068.90717 12583.87349 13522.7826 21715.20599 24187.18639 24125.65395 20112.68273 13673.74528 22338.05665 24882.17903 18602.21985 21912.83637 13598.01389 12430.27258 21732.9912 14815.72404 17204.51418 21261.90553 
14908.02035 24695.50937 24688.6696 16644.05372 26003.29309 22584.58978 16637.2161 17515.1802 21455.50735 24212.939400000003 12259.82358 21610.92369 12542.11669 19927.64357 18587.00703 13687.90451 18759.44356 18295.92254 25090.449800000002 23611.280339999998 11849.5458 0 11876.03423 24406.58552 26475.06888 22487.84211 12416.37191 24255.266920000002 24750.248099999997 19385.97294 16230.88033 18495.11525 22533.00772 16396.83213 17375.50913 25020.85215 16540.93433 17601.0859 24784.29907 19401.96845 15009.30141 14085.44336 24868.00214 17510.61086 18449.63579 14759.08828 20424.08802 19258.23713 18439.59073 14893.57898 24210.860719999997 26348.768669999998 13204.21961 17025.03086 23238.37576 25885.49437 19640.33352 24882.02259 12840.39543 25447.559690000002 19908.06825 18765.76568 21648.33016 25381.81679 17783.62446 
16577.34138 24143.72424 18303.68279 23335.90722 16331.80857 20406.91448 24451.70136 12653.43901 24028.44724 24020.07099 17064.93322 14016.57314 24405.56349 17320.87627 18403.55096 11875.1052 17646.09423 25701.818180000002 25231.10688 24704.69072 23725.580029999997 11876.03423 0 12530.55129 15943.91842 26091.22909 15630.99545 21510.5558 22668.07293 22361.56343 19906.04915 14188.62516 17258.18686 24065.75484 14807.71064 13144.81792 18798.68504 24225.92096 23220.09242 21532.34384 24217.62064 12861.81434 15730.28537 21140.46993 12360.27789 11952.87141 13328.87718 25762.55076 25708.78788 21723.04668 12334.82649 16252.34781 17349.4946 22970.94303 12780.15578 23429.54884 22222.37287 13005.98836 16415.27487 19711.73293 19666.86737 21926.72339 24278.067300000002 21948.72247 20704.77859 
18024.16898 25075.41002 22111.56174 17296.23531 22592.37708 13160.96216 13554.21472 19416.00425 21403.737 13481.06049 19765.79294 14366.63844 25303.865189999997 19543.20352 17965.31392 18597.98072 15231.66075 13642.77002 21180.3267 14298.91639 23826.67624 24406.58552 12530.55129 0 22295.89383 17262.44552 25750.74428 17879.93458 13196.22055 25408.70262 17272.02799 20432.75469 25057.0078 24404.94464 21665.40293 17638.53999 14948.43379 14472.74443 14702.0902 25533.40137 24561.93047 16806.72129 22578.29416 14617.80968 19928.37477 24483.4227 25247.65704 18332.60547 15860.18099 20878.26963 15926.72034 13145.83402 24590.961069999998 19988.35473 22637.62116 22979.41059 14721.48775 22106.67138 24415.10559 25175.67817 24425.56693 15779.35015 24757.010909999997 16953.72523 25084.63777 
14748.41478 21910.45919 14240.81589 12781.63414 24423.98473 24426.57675 24393.522409999998 16083.49339 24246.433559999998 22590.76004 24661.80368 19048.80922 23706.65231 20871.09116 13055.34669 19927.3501 20841.69476 20990.41204 13538.06339 17024.97826 19192.15211 26475.06888 15943.91842 22295.89383 0 11730.14621 24657.813110000003 21959.31258 15924.46103 18848.47223 19028.08848 22613.65504 16790.57888 24799.43602 22729.17141 25538.09789 18078.59465 21396.80978 17390.65487 25063.65578 15228.51874 13011.46188 22648.04248 19343.51637 26144.43951 23914.76383 25364.30886 24285.16425 16242.82756 20199.76578 18888.46584 17230.79777 23076.99341 12327.25863 13699.59295 20481.77684 18723.37326 16196.49858 14066.10686 24754.57522 22234.9976 24865.28763 16188.80012 18343.15713 21302.29675 
22868.27098 22080.50237 15994.29171 24511.78035 12693.83852 24440.70762 13976.91032 16130.66515 25276.79011 25645.72028 20361.09523 15266.14821 11976.5061 19321.18267 17184.63115 25660.43425 15312.96704 24125.93446 23122.82957 15329.87843 14566.64217 22487.84211 26091.22909 17262.44552 11730.14621 0 22707.30217 15038.79888 23243.09188 17587.79118 25407.99895 13300.90892 24854.19543 13528.88495 24802.033499999998 18244.0851 23193.12492 24774.61505 12632.35379 13362.67303 16133.86148 18717.86206 16755.33539 20825.08131 23397.00514 22512.77762 16893.10391 15044.80334 22025.99804 22225.78721 14314.18792 23161.73671 16137.01766 13432.27364 25057.07187 17813.74162 21825.31273 14055.6114 18295.03696 15062.56834 12281.84218 13135.14142 21055.72634 14709.68268 21142.61757 
20471.41018 22336.1526 25140.76294 25193.1209 19622.7992 24021.27104 20518.95483 17521.49352 14682.48413 27101.04369 24676.19549 24947.39621 24805.81406 25031.2734 23261.5361 23002.3713 24926.689250000003 13824.88552 18518.28575 13174.40626 21452.9861 12416.37191 15630.99545 25750.74428 24657.813110000003 22707.30217 0 11838.89501 22802.67492 20911.71573 26207.775560000002 25490.94838 14087.61733 15135.17062 24527.85354 23134.1364 15596.74224 16597.6098 14097.1145 23408.34879 13061.31744 21519.41608 25866.12809 25278.95371 24979.284160000003 15623.16528 18929.00056 24041.68931 16404.71206 17343.53589 20021.18644 13932.39676 13145.37786 12937.34726 15717.31978 18272.34784 24594.678099999997 22082.86361 22633.71105 22827.97957 24479.217230000002 16844.61347 23365.99961 18066.93558 17170.9262 
16951.88192 16076.0151 18792.22457 14142.63731 20031.84274 24788.113100000002 17858.19231 17918.03764 16093.24741 19691.44833 17299.11853 13108.5012 15514.06395 14169.71027 23087.59968 11971.06668 13451.46557 24217.322650000002 20440.38392 20571.23651 19416.71845 24255.266920000002 21510.5558 17879.93458 21959.31258 15038.79888 11838.89501 0 17150.94619 24648.99789 15385.26725 20181.61619 22256.01066 21060.48728 14928.64111 24360.00724 19757.94308 14330.25077 21884.37506 24617.22776 20108.48164 25492.45292 20536.40375 14223.60467 15732.95076 15111.11222 20957.16691 12202.7943 13210.15542 19871.50008 23159.17685 22582.65768 24050.180650000002 17653.38317 14692.06937 24829.9126 18941.8093 20186.11182 13299.33057 12212.31021 13750.18162 16231.13871 22210.19672 22893.68238 16021.86361 
15011.96681 16040.15468 21450.98789 23134.01952 16016.38696 15025.00844 14331.45944 23116.65706 23970.99072 12587.54276 21659.74367 11769.49579 23809.65993 20482.36359 23413.88911 13878.22456 21601.27941 22008.86303 18563.56567 17117.41498 13809.87941 24750.248099999997 22668.07293 13196.22055 15924.46103 23243.09188 22802.67492 17150.94619 0 12212.48207 16003.30518 25003.78391 25951.41907 14795.62884 25118.90904 13260.91808 16492.38981 24486.42431 21605.24878 15095.58529 24874.91334 18234.25268 23082.7371 23400.4567 15057.30935 13048.6368 19404.08006 24014.58619 24412.253040000003 21955.36641 24440.292240000002 16564.6158 18196.44764 23278.69223 24770.241670000003 12984.75228 12108.09845 17120.95333 23018.38506 12819.08215 16102.23438 15308.01208 19928.97992 12021.92818 24854.62568 
24225.73738 25377.875050000002 22975.83208 22933.08651 19287.52957 19556.26016 24745.22885 18703.39269 14281.35634 14425.82093 21719.36402 23981.97786 18037.65188 14999.10961 13100.11273 12904.4028 17351.4246 16595.27729 18118.21993 14544.40279 19248.29925 19385.97294 22361.56343 25408.70262 18848.47223 17587.79118 20911.71573 24648.99789 12212.48207 0 21658.34147 14560.18386 20048.34335 14555.37952 24273.289989999997 14516.50386 26121.94039 19272.01603 24776.93786 24882.253989999997 13946.44261 21031.90639 15462.96485 25406.58007 21251.33458 21969.34098 17503.18348 16954.6088 22868.59044 18931.43571 24850.74697 24206.87759 16683.24943 13111.64298 17232.87579 12521.9688 24320.58052 25156.31258 13707.93807 18540.99721 20844.10951 12620.82844 17682.95176 19042.7022 24042.730150000003 
16324.78111 18122.11552 25468.57633 17744.14727 19453.60961 23151.78107 17054.27314 14697.95982 25015.07515 23153.38939 24737.34012 17373.86669 16948.84387 22302.70118 13360.56494 18025.45594 24234.78076 21570.11781 24348.596859999998 14720.53866 22826.3806 16230.88033 19906.04915 17272.02799 19028.08848 25407.99895 26207.775560000002 15385.26725 16003.30518 21658.34147 0 12107.09003 24387.26138 20028.07682 20840.61598 22619.26 16386.78477 16299.29263 21842.29765 24648.10503 24398.363530000002 25333.725870000002 24207.82287 17794.91474 15797.03225 17026.85857 24954.30126 14075.02349 12314.41823 24588.55628 21481.30359 23002.81488 19092.20792 17533.14125 20533.76905 25892.89827 25608.24424 23159.88304 26432.86013 13193.11239 14199.68819 19545.92547 25144.154929999997 25802.58513 25183.81158 
13703.32094 17869.1697 26709.60276 26489.10837 23012.8112 12540.89959 25196.323210000002 17969.17153 27410.45449 15741.4028 21456.66958 15860.56884 16038.11214 17626.79381 16938.40818 24891.7474 22864.34088 19283.78937 22210.09044 14926.37982 18249.43985 18495.11525 14188.62516 20432.75469 22613.65504 13300.90892 25490.94838 20181.61619 25003.78391 14560.18386 12107.09003 0 14987.40153 24466.55053 24655.7346 16634.22443 18613.47522 24544.14825 16496.80691 25420.76028 16415.05532 17070.28106 20372.21563 15693.266 22033.29656 20696.24101 12847.21123 26182.11352 16337.16561 24577.62053 16889.59503 15980.33469 18010.70182 15680.99396 25192.15209 24968.47707 24973.16738 16479.71259 14325.7701 21035.09142 19013.41684 26203.95521 19348.83011 16863.64675 21467.90728 
22409.17845 20111.04233 22518.61067 13955.51179 18243.40111 24413.32445 18504.21266 20222.94014 15156.19859 17031.02875 22818.17686 24528.14632 17165.95215 17516.07105 23660.2765 23738.95953 17698.73643 12394.29334 24093.33596 15260.73957 24475.689870000002 22533.00772 17258.18686 25057.0078 16790.57888 24854.19543 14087.61733 22256.01066 25951.41907 20048.34335 24387.26138 14987.40153 0 15410.92552 13163.23496 22132.16614 25294.8958 15621.3533 22857.869 21241.41345 25292.84697 25142.30728 24712.61453 17875.47804 24526.95248 17510.13942 20731.39 12316.16926 13588.75694 23842.59086 22363.86687 25078.19398 12104.49818 24959.44464 13585.33929 18260.38962 24497.46103 18152.19977 16900.91329 22733.65103 25335.87312 23997.275410000002 19365.77575 22997.82764 24123.37315 
18100.86398 19364.76395 24518.00862 21254.34829 24329.0665 18437.02183 20223.07426 24105.31276 16198.64324 24042.8653 13131.94368 15839.35334 21132.19321 13520.75002 19396.84337 18718.71527 15007.39487 23664.47408 18113.47398 23348.32232 24435.161780000002 16396.83213 24065.75484 24404.94464 24799.43602 13528.88495 15135.17062 21060.48728 14795.62884 14555.37952 20028.07682 24466.55053 15410.92552 0 12283.44209 18407.04552 18220.03087 24706.314140000002 14257.40651 19391.49715 24887.17411 12966.88861 22998.77805 14851.95281 18132.8019 17202.55421 20619.6702 20497.57926 13810.42858 16370.55349 11730.92835 21983.40198 16448.26584 17029.92943 26037.4878 15680.5746 14525.959 14291.10152 19112.77319 23309.54451 19183.87391 21488.66109 24763.05276 15837.7388 24077.249340000002 
23554.28009 24261.125070000002 24347.81249 18694.08168 24263.07436 17805.15267 13246.48804 20474.38363 12221.60701 16499.64163 17539.11593 24794.67117 16314.77672 25203.018620000003 25891.646399999998 24201.66756 14625.77366 18931.08357 22296.62552 23855.76467 22364.27763 17375.50913 14807.71064 21665.40293 22729.17141 24802.033499999998 24527.85354 14928.64111 25118.90904 24273.289989999997 20840.61598 24655.7346 13163.23496 12283.44209 0 21922.02529 18177.19843 22853.66785 13741.2617 25886.36935 13302.65645 24940.72769 24929.66023 18493.43819 24989.66051 12070.27224 24161.05652 24369.8184 18158.88344 24361.278290000002 21617.27556 14487.13484 15481.27034 15652.11904 20029.5947 19763.40785 19625.33547 19381.5707 21664.11605 25984.670169999998 14893.17388 24363.2557 19587.43363 26327.65328 11793.80725 
14157.8113 17597.31381 15911.53153 22748.21772 27345.02727 18331.73627 19884.55031 16234.59298 22753.16358 13093.28065 19638.01457 24807.4741 22317.69104 21403.91403 18457.10182 24625.2856 15480.2961 14848.66429 17167.7306 24095.306510000002 25776.72519 25020.85215 13144.81792 17638.53999 25538.09789 18244.0851 23134.1364 24360.00724 13260.91808 14516.50386 22619.26 16634.22443 22132.16614 18407.04552 21922.02529 0 16407.8816 24782.694069999998 15533.8107 17414.74183 14837.58348 19599.9019 20621.53307 17115.83934 25505.09581 25097.68933 26000.14409 20165.816 23438.82955 16972.0188 18341.1229 19036.35511 12415.42924 15824.54092 17295.12477 24947.86597 18843.10456 20732.89649 26357.20778 24207.32178 13346.45261 13398.23658 23353.64393 17046.7861 23115.37984 
20740.04899 24660.57096 24640.81842 15025.57605 21001.94862 18299.77581 22228.14634 16236.60562 25972.40866 15370.79265 22020.26081 12327.06364 13872.09521 19243.11047 24380.81683 15388.03105 24571.93461 22495.16897 12504.54778 12195.025 23956.75954 16540.93433 18798.68504 14948.43379 18078.59465 23193.12492 15596.74224 19757.94308 16492.38981 26121.94039 16386.78477 18613.47522 25294.8958 18220.03087 18177.19843 16407.8816 0 12039.35985 20076.40894 25604.275159999997 24517.4181 21531.17088 18514.30359 16654.25489 21329.46637 26034.9461 16879.13559 14577.82015 24538.726410000003 15008.23921 24179.289969999998 23946.74953 13190.39762 21495.34376 21019.44949 13928.57234 15097.20557 19615.50108 22572.76677 13964.52516 25757.35233 14682.08627 24144.47048 12071.85843 24256.98242 
14125.64237 16255.02962 22460.16684 16924.37497 13484.2427 17027.79953 23453.34478 19577.15086 19286.84027 16372.76351 22889.82314 20451.15819 24368.7629 24523.34397 24292.64596 12552.47564 24293.80734 19489.58461 22487.90412 13004.69391 15002.72162 17601.0859 24225.92096 14472.74443 21396.80978 24774.61505 16597.6098 14330.25077 24486.42431 19272.01603 16299.29263 24544.14825 15621.3533 24706.314140000002 22853.66785 24782.694069999998 12039.35985 0 12142.26126 18773.47215 20120.75849 24614.27753 22611.60151 19884.79812 19839.7349 19182.27325 20618.68504 24024.19262 22908.57087 20121.43029 15824.17904 23094.9355 12367.26483 12961.95217 22892.06135 20450.1756 16439.60063 23254.52577 17857.87815 17210.16299 24168.74003 25386.48589 24954.13939 24111.21828 15938.76643 
12807.78831 12266.82385 24558.20157 15841.19278 18567.39559 21463.3471 19160.37981 21048.37356 17394.93061 25499.26224 22561.81884 23143.99393 23236.05074 20734.74345 12150.3847 21505.99534 20780.39615 21584.43629 17898.11951 24028.18138 12934.75327 24784.29907 23220.09242 14702.0902 17390.65487 12632.35379 14097.1145 21884.37506 21605.24878 24776.93786 21842.29765 16496.80691 22857.869 14257.40651 13741.2617 15533.8107 20076.40894 12142.26126 0 12145.10765 14293.48492 17153.5535 22476.51845 12296.96768 19041.45057 24457.67668 19245.82873 22561.1492 24640.17162 25024.03723 24066.15541 24398.44196 12021.60309 24637.206570000002 19997.92611 12530.21569 13654.73635 17794.43688 16514.95621 24550.0252 22092.46919 25241.435210000003 24217.886769999997 26021.83154 17027.75892 
24519.61539 18441.35132 23091.72954 19331.10396 24215.0792 23455.72025 24275.801679999997 16787.48707 26010.16296 20350.28403 18933.8788 22949.77874 15170.41652 14314.65828 15605.46276 18682.10482 15248.99088 19018.71595 18849.58642 24022.2246 19298.6452 19401.96845 21532.34384 25533.40137 25063.65578 13362.67303 23408.34879 24617.22776 15095.58529 24882.253989999997 24648.10503 25420.76028 21241.41345 19391.49715 25886.36935 17414.74183 25604.275159999997 18773.47215 12145.10765 0 15782.58992 13635.56231 14484.58241 21735.86173 23200.46414 21747.09139 19074.92358 20943.53496 17071.5812 23994.350449999998 12235.09358 18101.7304 21422.66937 19992.96276 22789.69555 19490.08646 24429.706769999997 24554.44711 15867.50144 12404.91755 15707.30512 19736.63438 12072.77912 15566.22314 22992.91763 
16433.80375 20416.13882 21812.49601 17261.64195 23762.5278 11978.73913 11845.2676 11980.91181 19246.51072 23982.044439999998 16505.12923 20927.30011 23125.33917 25632.09115 24637.11311 21347.51794 18593.01848 18784.11225 18549.8151 18015.57831 13452.32126 15009.30141 24217.62064 24561.93047 15228.51874 16133.86148 13061.31744 20108.48164 24874.91334 13946.44261 24398.363530000002 16415.05532 25292.84697 24887.17411 13302.65645 14837.58348 24517.4181 20120.75849 14293.48492 15782.58992 0 11920.2855 17479.23517 22182.08272 15248.43681 25372.92869 15861.98299 26159.68434 14415.63315 26093.1184 23153.73396 20478.37 23862.01455 24072.379269999998 21132.21146 13200.0782 24987.2418 21728.57516 19253.76452 22482.24908 20185.47529 23325.30034 12834.42374 19427.63699 11824.96986 
18388.71024 22751.28538 20593.0649 21735.08223 12937.74601 23899.02463 12880.33657 17764.57611 25823.872089999997 23450.95545 19190.8709 22505.08801 15219.35623 21396.89251 14041.66244 16294.42839 24134.470970000002 15442.70375 16713.45865 15361.23588 23383.38689 14085.44336 12861.81434 16806.72129 13011.46188 18717.86206 21519.41608 25492.45292 18234.25268 21031.90639 25333.725870000002 17070.28106 25142.30728 12966.88861 24940.72769 19599.9019 21531.17088 24614.27753 17153.5535 13635.56231 11920.2855 0 15382.97885 22508.39334 18059.51989 15845.78419 22742.45412 17307.10808 25450.77248 20823.80374 13050.11615 24812.61958 14214.39639 12152.09377 21551.65855 16207.83634 22312.69059 15252.51616 26899.79667 24747.90766 25683.14335 26504.708160000002 14660.91292 24824.81254 15975.19641 
19754.27688 20165.13236 16866.36306 22483.49971 16412.37209 24551.06339 15990.84454 22037.67308 21574.0681 19897.41178 19859.93936 16390.23381 18997.38448 14009.36075 19544.98684 21294.55918 20838.79671 17532.54538 20857.69738 13066.24785 23431.62137 24868.00214 15730.28537 22578.29416 22648.04248 16755.33539 25866.12809 20536.40375 23082.7371 15462.96485 24207.82287 20372.21563 24712.61453 22998.77805 24929.66023 20621.53307 18514.30359 22611.60151 22476.51845 14484.58241 17479.23517 15382.97885 0 18698.8548 25780.635159999998 25023.791680000002 17746.38168 20007.01851 12339.38 13838.68583 16580.71903 13180.71565 15707.54108 25603.66154 24563.27113 22358.33632 24588.58737 25038.18952 16984.00358 15175.23519 17540.37434 22671.2365 15285.05141 25490.09841 25128.20527 
16198.74215 23973.7046 13543.44767 19750.00282 17289.18704 12028.36803 22692.0124 25188.601730000002 18816.06638 20490.14385 24434.879370000002 12642.68369 11965.56098 16107.67911 13377.57901 13742.66643 14225.2269 24161.42496 25619.9414 24936.00794 15245.5669 17510.61086 21140.46993 14617.80968 19343.51637 20825.08131 25278.95371 14223.60467 23400.4567 25406.58007 17794.91474 15693.266 17875.47804 14851.95281 18493.43819 17115.83934 16654.25489 19884.79812 12296.96768 21735.86173 22182.08272 22508.39334 18698.8548 0 15764.23685 13072.46293 21381.12553 20899.48709 25285.44094 20532.89429 24542.001940000002 14090.84141 17782.87314 20615.9935 20166.90819 24827.18337 25755.32744 24178.9432 19026.26465 23148.42993 15979.98628 24331.29911 22820.69569 26114.45463 16962.79464 
15083.04494 23580.25432 19819.15615 24551.39883 22639.18604 20400.1804 12598.94927 24354.91366 24008.86529 15354.89459 13906.7247 14352.59205 15943.36938 18252.7923 13477.26782 22701.93857 24321.15043 14550.70417 17691.10726 14207.83414 12110.36245 18449.63579 12360.27789 19928.37477 26144.43951 23397.00514 24979.284160000003 15732.95076 15057.30935 21251.33458 15797.03225 22033.29656 24526.95248 18132.8019 24989.66051 25505.09581 21329.46637 19839.7349 19041.45057 23200.46414 15248.43681 18059.51989 25780.635159999998 15764.23685 0 21126.80129 23431.6628 18653.43155 23354.93131 17456.1002 19467.63061 22984.29203 19990.18061 18331.72681 23135.53388 13476.39107 16807.1005 11856.80864 24590.48974 22510.56852 24540.63503 24548.13738 15674.93715 16556.88585 17119.56905 
20880.35119 12190.85283 22628.97786 24081.64242 16189.73901 22179.4061 13851.32227 20915.1748 18189.93317 25636.17956 16995.07919 21665.5418 16440.40242 18235.99612 18183.85887 15315.94283 23880.14202 16286.07738 24346.87601 23798.19022 25244.77246 14759.08828 11952.87141 24483.4227 23914.76383 22512.77762 15623.16528 15111.11222 13048.6368 21969.34098 17026.85857 20696.24101 17510.13942 17202.55421 12070.27224 25097.68933 26034.9461 19182.27325 24457.67668 21747.09139 25372.92869 15845.78419 25023.791680000002 13072.46293 21126.80129 0 12280.09576 20185.76062 24071.30233 23944.952279999998 24206.83939 18095.11198 17109.04566 13930.71081 15911.30004 14142.33253 17259.70971 13275.7383 22891.24492 19789.99139 24391.547550000003 18927.20128 23804.62962 15522.50748 19651.79723 
22272.05981 18550.43831 16636.77853 21445.20278 14837.18041 18449.21619 24023.59693 12964.36389 20835.391 15485.14473 12609.10016 19362.7261 17082.22774 26026.70012 26272.86903 24425.76485 14522.14462 12372.941 15897.35695 17896.15971 19177.10008 20424.08802 13328.87718 25247.65704 25364.30886 16893.10391 18929.00056 20957.16691 19404.08006 17503.18348 24954.30126 12847.21123 20731.39 20619.6702 24161.05652 26000.14409 16879.13559 20618.68504 19245.82873 19074.92358 15861.98299 22742.45412 17746.38168 21381.12553 23431.6628 12280.09576 0 19221.86334 18138.58191 17507.23912 23960.91953 18381.42475 24845.466630000003 20927.13245 14924.43273 15726.6726 14812.59307 23856.920830000003 23287.17137 19214.60386 14724.06372 19783.02496 18647.80225 12052.90162 14226.65471 
13016.11101 16544.11189 24850.33445 18012.49008 25370.17211 24604.23582 19496.1619 24890.6647 13124.65398 17080.4619 25437.26936 13645.07368 24228.53119 19763.88558 16685.77865 15342.75564 19610.31741 21968.48377 16352.03615 19087.6048 20068.90717 19258.23713 25762.55076 18332.60547 24285.16425 15044.80334 24041.68931 12202.7943 24014.58619 16954.6088 14075.02349 26182.11352 12316.16926 20497.57926 24369.8184 20165.816 14577.82015 24024.19262 22561.1492 20943.53496 26159.68434 17307.10808 20007.01851 20899.48709 18653.43155 20185.76062 19221.86334 0 11744.05119 20736.41598 24301.95151 13792.65277 24420.66744 17555.97641 24438.5827 15740.27883 17620.80933 22701.89063 25196.43056 17493.1218 18465.08321 13878.51979 22295.51512 21376.8824 24183.01247 
23568.6156 21718.5482 21954.40259 17076.14517 25366.43133 23689.16158 24495.61046 16598.67658 23121.3578 14702.0241 15627.57881 12642.75725 24553.00941 14112.77839 25674.98317 22368.21478 22545.87264 15657.7277 12034.17863 21285.18737 12583.87349 18439.59073 25708.78788 15860.18099 16242.82756 22025.99804 16404.71206 13210.15542 24412.253040000003 22868.59044 12314.41823 16337.16561 13588.75694 13810.42858 18158.88344 23438.82955 24538.726410000003 22908.57087 24640.17162 17071.5812 14415.63315 25450.77248 12339.38 25285.44094 23354.93131 24071.30233 18138.58191 11744.05119 0 14360.91011 22113.2123 15970.67801 25693.25512 20830.95426 26039.02659 25557.3719 25001.32189 14049.97902 15069.43899 16348.29548 21670.67335 25025.86208 12829.7367 21201.37559 25056.990279999998 
