19
UvfnFwkwYqFk RWoTZCNhceUR NkzUoyRYPnbb svpVoYHpEpjH phTlHtTwrYOU GoPPViXuIoMW UAhLDhBNYkFI jmWqilJNXyuV SJPfUQrbAbqM GLfJulJDWdHA PCNGxUSnzrYJ KKNtdnAHmUpc YjcHSWuOcQIw YfpLHnDpSXzc SPoMbAzxrqrj YbGvPudTcbyh ilCjMogPnNTK MlFqcqjWiUdI MHnVCXOJJwOI
0 119.43542 223.42738 190.29355 194.15163 226.00803 107.3634 208.31380000000001 145.01292 191.91384 218.11319 198.6505 131.36403 136.28771 137.72947 149.17511 236.24029000000002 215.42197 100.05446 
119.43542 0 112.87813 198.20107 122.84584 154.55856 138.99221 117.07331 205.95954 105.12496 136.5297 122.13061 233.92041999999998 154.34148 125.62462 199.5185 145.17147 170.04413 140.17849 
223.42738 112.87813 0 193.81785 117.74909 184.58549 185.80132 189.62994 140.75234 136.05157 228.7413 117.0745 141.72978 157.9871 178.05069 121.12235 171.35988 121.23532 236.60282999999998 
190.29355 198.20107 193.81785 0 127.97208 126.74674 193.18457 131.25687 117.25353 111.10435 177.98421 156.54302 101.01042 149.07805 179.28104 146.09393 140.82178 252.87858 196.92075 
194.15163 122.84584 117.74909 127.97208 0 103.74707 114.51958 215.46998000000002 193.12105 141.35542 151.70193 190.2975 218.56977999999998 146.60231 173.9836 182.75846 168.42143 170.77245 141.20432 
226.00803 154.55856 184.58549 126.74674 103.74707 0 139.36796 176.5167 147.04577 120.58734 121.53516 150.69293 133.42758 174.78688 226.04910999999998 183.1459 143.13826 153.64246 233.82817 
107.3634 138.99221 185.80132 193.18457 114.51958 139.36796 0 100.9504 127.92309 181.83373 110.74979 222.41658999999999 232.44370999999998 199.02369 142.39567 192.31054 184.13863 146.40669 207.41786000000002 
208.31380000000001 117.07331 189.62994 131.25687 215.46998000000002 176.5167 100.9504 0 108.41703 209.25161 198.64392 153.7699 227.42527 217.58249 167.45901 199.102 132.9693 228.24036 226.3748 
145.01292 205.95954 140.75234 117.25353 193.12105 147.04577 127.92309 108.41703 0 100.83458 210.80136 171.79994 218.26395 125.05308 112.44764 110.97212 138.09846 197.258 161.97173 
191.91384 105.12496 136.05157 111.10435 141.35542 120.58734 181.83373 209.25161 100.83458 0 109.96678 183.54117 189.4527 177.26092 213.28222 125.13875 221.26709 237.44194 159.90629 
218.11319 136.5297 228.7413 177.98421 151.70193 121.53516 110.74979 198.64392 210.80136 109.96678 0 111.6668 145.1813 178.54862 124.3106 199.24939 193.35794 127.47516 177.40452 
198.6505 122.13061 117.0745 156.54302 190.2975 150.69293 222.41658999999999 153.7699 171.79994 183.54117 111.6668 0 177.65177 119.0381 103.6764 238.19684999999998 164.64537 158.39586 137.76773 
131.36403 233.92041999999998 141.72978 101.01042 218.56977999999998 133.42758 232.44370999999998 227.42527 218.26395 189.4527 145.1813 177.65177 0 108.11498 141.13483 233.67430000000002 181.64923 172.31385 185.58118 
136.28771 154.34148 157.9871 149.07805 146.60231 174.78688 199.02369 217.58249 125.05308 177.26092 178.54862 119.0381 108.11498 0 180.04754 125.55932 139.09657 186.80665 236.34217 
137.72947 125.62462 178.05069 179.28104 173.9836 226.04910999999998 142.39567 167.45901 112.44764 213.28222 124.3106 103.6764 141.13483 180.04754 0 176.03245 166.91778 153.9303 130.24283 
149.17511 199.5185 121.12235 146.09393 182.75846 183.1459 192.31054 199.102 110.97212 125.13875 199.24939 238.19684999999998 233.67430000000002 125.55932 176.03245 0 104.17591 125.9574 212.63207 
236.24029000000002 145.17147 171.35988 140.82178 168.42143 143.13826 184.13863 132.9693 138.09846 221.26709 193.35794 164.64537 181.64923 139.09657 166.91778 104.17591 0 115.49218 218.15417 
215.42197 170.04413 121.23532 252.87858 170.77245 153.64246 146.40669 228.24036 197.258 237.44194 127.47516 158.39586 172.31385 186.80665 153.9303 125.9574 115.49218 0 115.36751 
100.05446 140.17849 236.60282999999998 196.92075 141.20432 233.82817 207.41786000000002 226.3748 161.97173 159.90629 177.40452 137.76773 185.58118 236.34217 130.24283 212.63207 218.15417 115.36751 0 
