28
89 13 39 5 34 56 41 12 53 44 42 3 62 4 58 14 29 1 84 9 60 19 83 24 91 52 27 0
0 339497337.98711 374714121.63149 304045850.40418 420015139.81482 431263001.75662 421811740.92989 467175822.36252 466823722.10591 587406217.6076 433135595.63726 370426964.87875 360815789.9052 453099756.44595 531109821.78324 522991275.89762 386002258.21279 709303467.42447 575885573.86345 569083526.68016 459516678.48979 404983320.77095 317296436.41081 478699514.38428 499847497.87329996 253481353.75923 260258396.98419 147609811.55855 
339497337.98711 0 67613019.73553 264426215.34223 300057657.83564997 260905294.8234 382192105.86794 493157693.06273997 502824346.79331 674931390.09268 560537429.90475 549582715.75709 579697835.36299 691910909.83021 783648523.86265 793963590.89876 683173260.2958801 1011773825.9496601 878553012.96101 873708936.42087 758319220.11589 637544540.11138 370985785.00911 540006684.47742 700522415.73866 494628410.95868 373198593.15641 438195088.73334 
374714121.63149 67613019.73553 0 253649008.60023 256239450.4299 316926235.91609997 361464090.83909 477150999.37041 485250124.50567 662269820.17457 562294468.89185 582158720.02787 605613093.58352 717826168.05074 810459090.19118 825880521.80493 726737015.21164 1056083930.03117 925474081.8494501 926380647.8175099 825932239.85142 702412401.89361 437226186.43394 604605333.24367 768135435.47419 558004835.79856 437101821.1573 482508567.27204 
304045850.40418 264426215.34223 253649008.60023 0 123386111.70401 184072897.19020998 117765890.52571 228731477.72051 238398131.45108 410505174.75045 314183355.75201 334047606.88803005 397355829.92359 491984780.95948 598344809.99552 625982050.58928 571673037.89632 897069626.56166 775022222.7225 801939662.91472 728378924.07741 709029171.17513 550337465.68475 694573406.70731 796489811.66551 557527204.16341 452083470.45121 355444799.2089 
420015139.81482 300057657.83564997 256239450.4299 123386111.70401 0 60686785.4862 145581236.33448 252050244.80362 261475618.70408 436708541.34637 380861418.55376995 421617212.54364 505347107.08243 601107845.1560299 699891067.96236 731973240.41712 691426930.41419 1013943013.86577 893753025.43936 924068867.19746 851700817.1956 822709047.47289 633912937.76736 787871106.80644 904714682.21752 673496493.57405 559853595.21533 478824478.34399 
431263001.75662 260905294.8234 316926235.9161 184072897.19020998 60686785.4862 0 204728123.34979 312737030.28982 322128258.60805 497313439.44132 438445604.42586 476176548.10603 552479579.46215 642371354.06741 748014426.318 780119662.18323 742894407.30273 1056857493.88745 937574033.10885 956843658.57879 876020180.16092 827522059.51917 623578472.2406399 782053203.07124 903288177.2762 682024665.8971801 560594848.09491 506641016.37286997 
421811740.92989 382192105.86794 361464090.83909 117765890.52571 145581236.33448 204728123.34979 0 133994930.24388 124328276.51331 302269569.54175 235280182.21929 286186392.48502004 379704818.31585 477490869.44284 562174360.55034 601796524.8910899 584514659.8913 896290164.19189 787863844.71748 824580974.72735 772547227.78911 793647269.22347 660806764.77702 797644314.53102 887611008.8480499 641244864.73398 569849360.97692 415226154.11776006 
467175822.36252 493157693.06273997 477150999.37041 228731477.72051 252050244.80362 312737030.28982 133994930.24388 0 9666653.73057 187674409.99683 157563386.87637 235547518.83911 369596387.89527 399750487.99322 503137457.37698 552873345.6331 579323496.4851 863129822.28688 759744818.79038 822161130.56898 786294915.96186 844239475.0284 751020112.90964 880585635.4296 945985673.94192 701294626.86296 616971303.66953 465011240.80646 
466823722.10590994 502824346.79331 485250124.50567 238398131.45108 261475618.70408 322128258.60805 124328276.51331 9666653.73057 0 178007756.26626 149422612.28383 244652774.69799998 363173225.6788 409417141.72379 495258993.42813 545528250.72878 569656842.75453 856519816.73955 756387934.4670701 812494476.8384099 783134295.37645 844256006.76405 754850160.21651 884415886.2479999 947199393.91727 700942526.60635 619018700.25952 466646436.02895 
587406217.6076 674931390.09268 662269820.17457 410505174.75045 436708541.34637 497313439.44132 302269569.54175 187674409.99683 178007756.26626 0 166620491.16798002 254364185.04467 361565102.65620005 355819846.25272 438972102.89862 502130643.53989 583238712.03024 821951073.51283 740203483.65132 816474067.60098 823978326.09636 936441006.00133 898355793.7043 1007077906.19429 1047847880.7314899 806129792.5343499 742801003.97221 525076013.73028004 
433135595.63726 560537429.90475 562294468.89185 314183355.75201 380861418.55376995 438445604.42586 235280182.21929 157563386.87637 149422612.28383 166620491.16798002 0 95230162.41417 229279031.47033 329294972.24091 345982206.25371 397752342.61355 439523076.78853 712063282.01843 615827328.45946 679859850.68079 671285184.87557 774651452.17701 745692304.03865 847058906.52284 883908057.31884 646567292.79433 582544918.84307 371004300.2667 
370426964.87875 549582715.75709 582158720.02787 334047606.88803005 421617212.54364 476176548.10603 286186392.48502004 235547518.83911 244652774.69799998 254364185.04467 95230162.41417 0 134048869.05616 246261943.52337998 288797500.45103 321060755.45558 345087893.45788 627673205.24365 525409940.78964996 591064777.2198501 576055022.4614 689078019.58045 687723401.2895601 776407295.98518 800944415.15502 562298325.67275 514301948.95427 275774137.85253 
360815789.9052 579697835.36299 605613093.58352 397355829.92359 505347107.08243 552479579.46215 379704818.31585 369596387.89527 363173225.6788 361565102.65620005 229279031.47033 134048869.05616 0 112213074.46722 218573103.50326 301603358.4164 227378090.99996 517813955.65948 409980246.97741 468643080.20174 462862965.09669 598919965.87531 656255360.43571 715720325.44435 715715744.06336 492603952.02836 463202224.9298 213205978.34665 
453099756.44595 691910909.83021 717826168.05074 491984780.95948 601107845.1560299 642371354.06741 477490869.44284 399750487.99322 409417141.72379 355819846.25272 329294972.24091 246261943.52338 112213074.46722 0 106360029.03604 233776612.91839 246777003.9946 471193175.35461 384971382.6195 464779458.37835 496862436.44338 675333023.68891 763515771.35228 811006763.13668 792834856.28838 578284791.05463 570462635.84637 325052391.4242 
531109821.78324 783648523.86265 810459090.19118 598344809.99552 699891067.96236 748014426.318 562174360.55034 503137457.37698 495258993.42813 438972102.89862 345982206.25371 288797500.45103 218573103.50326 106360029.03604 0 224557519.16288 237222534.90306 383578356.14151 317686816.02736 411532010.05026 476896442.46089 698714818.0540999 815700788.85126 852565158.02489 810369681.35127 615898906.05449 623387922.94749 384564732.90858 
522991275.89762 793963590.89876 825880521.80493 625982050.58928 731973240.41712 780119662.18323 601796524.8910899 552873345.6331 545528250.72878 502130643.53989 397752342.61355 321060755.45558 301603358.4164 233776612.91839 224557519.16288 0 189293115.75474 322963253.24747 300069899.66401005 343737958.69096 417063541.24957 645495570.09178 794225877.56104 818366786.72569 764330425.7810899 581605062.57886 601241496.43347 375381464.33907 
386002258.21279 683173260.2958801 726737015.21164 571673037.89632 691426930.41419 742894407.3027301 584514659.8913 579323496.4850999 569656842.75453 583238712.03024 439523076.78853 345087893.45788 227378090.99996 246777003.9946 237222534.90306 189293115.75474 0 330365208.05144 203349184.82618 310919211.65552 250128187.94032 509732783.36175 624348711.31249 637590626.6681099 580828075.09664 396731751.19537 431295575.80658 244978171.56254 
709303467.42447 1011773825.9496601 1056083930.03117 897069626.56166 1013943013.86577 1056857493.88745 896290164.19189 863129822.28688 856519816.73955 821951073.51283 712063282.01843 627673205.24365 517813955.65948 471193175.35461 383578356.14151 322963253.24747 330365208.05144 0 219762980.17514998 260002210.53374 350918736.05297 633288901.9551 894438345.34202 855834197.9503 730636618.89413 645749126.91093 743267549.64383 573578737.21632 
575885573.86345 878553012.96101 925474081.8494501 775022222.7225 893753025.43936 937574033.10885 787863844.71748 759744818.79038 756387934.4670701 740203483.65132 615827328.45946 525409940.78964996 409980246.97741 384971382.6195 317686816.02736 300069899.66401005 203349184.82618 219762980.17514998 0 107570026.82934 269277284.66168 551113138.45523 766515225.74768 775570801.46757 628419445.34027 566110784.47364 588203611.30844 446781334.81673 
569083526.68016 873708936.42087 926380647.8175099 801939662.91472 924068867.19746 956843658.57879 824580974.72735 822161130.5689799 812494476.8384099 816474067.60098 679859850.68079 591064777.2198501 468643080.20174 464779458.37835 411532010.05026 343737958.69096 310919211.65552 260002210.53374 107570026.82934 0 161707257.83234 443543111.62589 725100274.5591301 668130658.45457 541108469.34468 491118319.2688 582282318.05188 456560312.11629 
459516678.48979 758319220.11589 825932239.85142 728378924.07741 851700817.1956 876020180.16092 772547227.78911 786294915.96186 783134295.37645 823978326.09636 671285184.87557 576055022.4614 462862965.09669 496862436.44338 476896442.46089 417063541.24957 250128187.94032 350918736.05297 269277284.66168 161707257.83234 0 282466546.27421 563393016.7267901 514794008.70543 384220316.94816 336626022.00716 458055839.80943 374199917.68842 
404983320.77095 637544540.11138 702412401.89361 709029171.17513 822709047.47289 827522059.51917 793647269.22347 844239475.0284 844256006.76405 936441006.00133 774651452.17701 689078019.58045 598919965.87531 675333023.68891 698714818.0540999 645495570.09178 509732783.36175 633288901.9551 551113138.45523 443543111.62589 282466546.27421 0 334670299.25062 232327462.43122 118834855.68931 152402404.48949 269055135.76668 416367147.35583 
317296436.41081 370985785.00911 437226186.43394 550337465.68475 633912937.76736 623578472.2406399 660806764.77702 751020112.90964 754850160.21651 898355793.7043 745692304.03865 687723401.2895601 656255360.43571 763515771.35228 815700788.85126 794225877.56104 624348711.31249 894438345.34202 766515225.74768 725100274.5591301 563393016.7267901 334670299.25062 0 169020899.46831 357049146.63377 250650683.67645 193053135.50591 443050459.64136004 
478699514.38427997 540006684.47742 604605333.24367 694573406.70731 787871106.80644 782053203.07124 797644314.53102 880585635.4296 884415886.2479999 1007077906.19429 847058906.52284 776407295.98518 715720325.44435 811006763.13668 852565158.02489 818366786.72569 637590626.6681099 855834197.9503 775570801.46757 668130658.45457 514794008.70543 232327462.43122 169020899.46831 0 195927428.24419 316219122.49133 276054714.33801997 517185781.42960995 
499847497.87329996 700522415.73866 768135435.47419 796489811.66551 904714682.21752 903288177.2762 887611008.8480499 945985673.94192 947199393.91727 1047847880.7314899 883908057.31884 800944415.15502 715715744.06336 792834856.28838 810369681.35127 764330425.7810899 580828075.09664 730636618.89413 628419445.34027 541108469.34468 384220316.94816 118834855.68931 357049146.63377 195927428.24419 0 246366144.11407 367795961.91634 526951582.68629 
253481353.75923 494628410.95868 558004835.79856 557527204.16341 673496493.57405 682024665.8971801 641244864.73398 701294626.86296 700942526.60635 806129792.5343499 646567292.79433 562298325.67275 492603952.02836 578284791.05463 615898906.05449 581605062.57886 396731751.19537 645749126.91093 566110784.47364 491118319.2688 336626022.00716 152402404.48949 250650683.67645 316219122.49133 246366144.11407 0 121429817.80227 294069408.01361996 
260258396.98419 373198593.15641 437101821.1573 452083470.45121 559853595.21533 560594848.09491 569849360.97692 616971303.66953 619018700.25952 742801003.97221 582544918.84307 514301948.95427 463202224.9298 570462635.84637 623387922.94749 601241496.43347 431295575.80658 743267549.64383 588203611.30844 582282318.05188 458055839.80943 269055135.76668 193053135.50591 276054714.33801997 367795961.91634 121429817.80227 0 249997324.13545 
147609811.55855 438195088.73334 482508567.27204 355444799.2089 478824478.34399 506641016.37286997 415226154.11776006 465011240.80646 466646436.02895004 525076013.73028004 371004300.2667 275774137.85253 213205978.34665 325052391.4242 384564732.90858 375381464.33907 244978171.56254 573578737.21632 446781334.81673 456560312.11629 374199917.68842 416367147.35583 443050459.64136004 517185781.42960995 526951582.68629 294069408.01361996 249997324.13545 0 
