16
12 42 3 16 36 13 43 7 29 37 2 19 30 20 17 0
0 28552841.02289 530550706.87618005 649918519.92185 812341862.62573 968245952.84229 1079854643.16299 990517754.36682 1011086936.07275 729304016.5831599 699840092.57145 764488927.87656 723427243.48715 681679494.18266 706785382.9559 726973445.45604 
28552841.02289 0 501997865.85329 622008296.10861 783789021.60284 940999271.35237 1051301802.1401 963237093.28998 982565598.73118 700751175.56027 671287251.54856 735936086.85367 694874402.46426 653126653.15977 690126614.51993 755526286.47893 
530550706.87618005 501997865.85329 0 182053799.16025 361509345.3421 478033033.13772 604707932.0349 498287676.80525 483429817.80639005 398588221.95533 375552703.31854 327816948.37429 227243765.67567 185496016.37118 459525983.74243 575299362.79436 
649918519.92185 622008296.10861 182053799.16025 0 204214362.95216 433781545.81441 449385407.12934 347750524.97084 592442841.16589 505998051.12573 481418268.21163 509870747.53454 339578458.76803994 297830709.46355 379143937.46364 496368899.1249 
812341862.6257299 783789021.60284 361509345.3421 204214362.95216 0 229567182.86225 361998325.06998 403173672.00553 388228478.21373 688876105.43186 646019899.22704 568888100.19998 360514876.33197 318767127.02748 470360200.30968994 503128407.7331799 
968245952.84229 940999271.35237 478033033.13772 433781545.81441 229567182.86225 0 132431142.20773 248636065.46323 158661295.35148 723425215.43874 686074980.96237 589497772.51305 406192539.1154 379911626.49499 444997366.64511 574501771.00673 
1079854643.16299 1051301802.1401 604707932.0349 449385407.12934 361998325.06998 132431142.20773 0 117866099.40912 248186437.14029 853469686.12572 818506123.1701 718416032.64263 538623681.32313 512179484.70228 577428508.85284 631382916.61979 
990517754.36682 963237093.28998 498287676.80525 347750524.97084 403173672.00553 248636065.46323 117866099.40912 0 366052536.54941 751253128.11758 705495856.8259001 600899138.38348 521153133.75269 533387942.83963 464162725.55063 592864545.8529 
1011086936.07275 982565598.73118 483429817.80639005 592442841.16589 388228478.21373 158661295.35148 248186437.14029 366052536.54941 0 636756703.32588 605543202.64197 574766153.00934 359707733.39031 348750884.64225 578354343.51045 713961885.78038 
729304016.5831599 700751175.56027 398588221.95533 505998051.12573 688876105.43186 723425215.43874 853469686.12572 751253128.1175799 636756703.32588 0 45757271.29168 156760187.51769 332147155.56789 370273309.75878 853065134.30497 973887584.74969 
699840092.57145 671287251.54856 375552703.31854 481418268.21163 646019899.22704 686074980.96237 818506123.1701 705495856.8259001 605543202.64197 45757271.29168 0 111002916.22601 290043066.09413 327252849.58017 807701403.19954 928442991.64257 
764488927.87656 735936086.85367 327816948.37429 509870747.53453994 568888100.19998 589497772.51305 718416032.64263 600899138.38348 574766153.00934 156760187.51769 111002916.22601 0 215058419.61903 256806168.92352 759904312.21491 887051063.37359 
723427243.48715 694874402.46426 227243765.67567 339578458.76804 360514876.33197 406192539.1154 538623681.32313 521153133.75269 359707733.39031 332147155.56789 290043066.09413 215058419.61903 0 41747749.30449 548786466.18329 680557228.08859 
681679494.18266 653126653.15977 185496016.37118 297830709.46355 318767127.02748 379911626.49499 512179484.70228 533387942.83962995 348750884.64225 370273309.75878 327252849.58017 256806168.92352 41747749.30449 0 507169956.9303 641411979.62218 
706785382.9559 690126614.51993 459525983.74243 379143937.46364 470360200.30969 444997366.64511 577428508.85284 464162725.55063 578354343.51045 853065134.30497 807701403.19954 759904312.21491 548786466.18329 507169956.9303 0 145813130.46271002 
726973445.45604 755526286.47893 575299362.79436 496368899.1249 503128407.73318 574501771.00673 631382916.61979 592864545.8529 713961885.78038 973887584.74969 928442991.64257 887051063.37359 680557228.08859 641411979.62218 145813130.46271002 0 
