15
a32 a13 a24 a10 a31 a30 a46 a4 a9 a2 a28 a36 a20 a12 a0
0 33.24154 68.26419 93.50936 63.56886 63.1981 57.55867 26.30589 16.64332 40.49691 45.88028 34.9285 33.24154 17.02939 21.47091 
33.24154 0 36.40055 60.30755 37.12142 49.40648 46.69047 20.22375 33.52611 39.56008 41.18252 37.85499 46.0 46.14109 54.20332 
68.26419 36.40055 0 28.63564 44.10215 68.54196 69.26038 54.91812 62.93648 53.85165 50.96077 56.35601 68.09552 77.83315 89.69392 
93.50936 60.30755 28.63564 0 49.0408 75.00667 78.16009 75.17978 90.42677 82.46211 79.37884 84.97058 96.64885 104.89042 114.47707 
63.56886 37.12142 44.10215 49.0408 0 26.1725 29.15476 38.01316 69.35416 75.9276 76.53757 74.8131 83.0542 79.55501 80.62258 
63.1981 49.40648 68.54196 75.00667 26.1725 0 6.7082 38.07887 74.46476 88.19297 90.42677 85.42833 90.75792 80.22468 74.33034 
57.55867 46.69047 69.26038 78.16009 29.15476 6.7082 0 33.24154 69.57011 84.59905 87.20092 81.49233 86.16263000000001 74.54529 67.89698 
26.30589 20.22375 54.91812 75.17978 38.01316 38.07887 33.24154 0 36.40055 52.49762 55.86591 48.82622 52.92447 43.10452 42.72002 
16.64332 33.52611 62.93648 90.42677 69.35416 74.46476 69.57011 36.40055 0 24.5153 30.26549 18.68154 17.20465 15.26434 33.01515 
40.49691 39.56008 53.85165 82.46211 75.9276 88.19297 84.59905 52.49762 24.5153 0 6.08276 6.0 16.64332 37.12142 57.14018 
45.88028 41.18252 50.96077 79.37884 76.53757 90.42677 87.20092 55.86591 30.26549 6.08276 0 12.04159 22.36068 43.18565 63.07139 
34.9285 37.85499 56.35601 84.97058 74.8131 85.42833 81.49233 48.82622 18.68154 6.0 12.04159 0 12.04159 31.14482 51.15662 
33.24154 46.0 68.09552 96.64885 83.0542 90.75792 86.16263000000001 52.92447 17.20465 16.64332 22.36068 12.04159 0 23.76973 44.92215 
17.02939 46.14109 77.83315 104.89042 79.55501 80.22468 74.54529 43.10452 15.26434 37.12142 43.18565 31.14482 23.76973 0 21.18962 
21.47091 54.20332 89.69392 114.47707 80.62258 74.33034 67.89698 42.72002 33.01515 57.14018 63.07139 51.15662 44.92215 21.18962 0 
