30
a88 a26 a13 a51 a54 a93 a82 a46 a87 a49 a56 a80 a21 a60 a43 a85 a64 a34 a86 a39 a45 a71 a33 a5 a42 a41 a19 a37 a24 a0
0 2332.44185 2470.25707 4331.91897 5498.37303 5964.49914 6558.68135 6719.22056 7675.54884 7108.14251 6734.35617 5740.4931 5817.14165 6676.01895 6331.89774 4897.23289 3416.5626 3691.86687 3006.91619 2218.75123 2951.12877 3976.04955 6332.158 5070.14448 5845.53385 4887.08758 2974.46617 1776.39663 1337.00598 591.40933 
2332.44185 0 2113.38141 2838.71256 3166.04122 3632.48744 4244.87503 4391.20029 5376.86758 5022.92992 4655.71584 4163.53912 4898.1323 5930.27504 5224.18472 4601.57679 3837.8464 4493.00278 4640.88354 4531.4907 4434.02323 3534.62657 6159.60924 3501.06412 4695.08094 3735.93629 2741.89314 1548.94803 997.05567 2197.29015 
2470.25707 2113.38141 0 2051.92008 4415.4207 4820.3755 5649.62733 5439.42616 6141.75284 5122.4295 4760.03036 3395.99661 3355.3201 4258.34017 3861.68059 2629.22422 1747.02318 2468.36565 3098.21255 4386.53223 5379.64729 5466.69992 8069.67317 5605.53307 6803.0796 5836.86945 4546.57596 3134.78053 2000.84807 1914.40461 
4331.91897 2838.71256 2051.92008 0 3274.48622 3547.88557 4480.66747 3963.90729 4405.50201 3127.9546 2781.08702 1412.38982 2209.34221 3276.64722 2417.71069 2591.89274 3050.16098 3855.17847 4974.07971 6397.11724 7052.69771 6311.80862 8914.28186 5686.21394 7082.00791 6216.81084 5575.93445 4343.79615 3394.96878 3847.12009 
5498.37303 3166.04122 4415.4207 3274.48622 0 468.16236 1245.90409 1247.74717 2346.76032 2843.9128 2596.866 3641.03516 5257.77529 6272.18853 5188.63383 5865.18474 6000.92876 6796.78137 7462.96972 7691.86616 7221.61512 5068.09668 7274.54913 3414.4717 4832.69531 4264.3547 4830.29865 4344.66167 4162.74777 5316.88979 
5964.49914 3632.48744 4820.3755 3547.88557 468.16236 0 940.44723 786.18382 1915.39552 2652.3122 2455.10346 3748.33576 5428.25174 6414.61527 5304.43861 6136.01173 6367.75078 7169.5412 7886.29349 8159.56476 7671.98025 5442.74379 7572.57717 3678.2122 5062.43973 4562.1404 5251.40638 4805.98637 4629.40871 5776.35395 
6558.68135 4244.87503 5649.62733 4480.66747 1245.90409 940.44723 0 1016.84414 2056.2016 3333.0246 3206.67086 4666.80555 6362.79498 7340.20504 6221.63082 7071.18894 7246.75107 8041.98048 8674.95729 8708.95286 7971.41656 5446.76464 7329.43067 3438.14979 4700.51455 4371.322 5428.67516 5221.84527 5225.72292 6435.26907 
6719.22056 4391.20029 5439.42616 3963.90729 1247.74717 786.18382 1016.84414 0 1164.39899 2335.92487 2244.08601 3891.13994 5638.09081 6564.43219 5424.75972 6507.27078 6906.72028 7715.46253 8529.56505 8922.45392 8457.04783 6173.20541 8214.66749 4306.53109 5635.97099 5218.4308 6021.06984 5591.33973 5387.81217 6508.40595 
7675.54884 5376.86758 6141.75284 4405.50201 2346.76032 1915.39552 2056.2016 1164.39899 0 1873.46204 1978.37029 3943.18615 5699.96851 6508.41555 5361.32493 6788.53534 7447.55597 8256.00297 9234.86248 9892.63994 9563.6504 7337.05663 9358.9173 5452.65486 6752.33797 6371.80547 7166.70224 6667.21569 6363.07512 7411.03481 
7108.14251 5022.92992 5122.4295 3127.9546 2843.9128 2652.3122 3333.0246 2335.92487 1873.46204 0 373.79272 2253.14203 3942.45216 4675.87222 3539.12659 5181.45694 6119.21645 6903.59711 8101.69396 9293.66564 9446.05764 7765.15422 10089.85079 6256.83506 7675.95935 7089.18225 7355.19306 6516.72656 5910.4285 6723.20021 
6734.35617 4655.71584 4760.03036 2781.08702 2596.866 2455.10346 3206.67086 2244.08601 1978.37029 373.79272 0 2004.63962 3738.19876 4530.17704 3382.96911 4915.73769 5793.08838 6583.1655 7754.44711 8920.20639 9082.14886 7446.99597 9801.50927 5995.19975 7424.63905 6809.69441 7015.31354 6155.48747 5538.52634 6350.10252 
5740.4931 4163.53912 3395.99661 1412.38982 3641.03516 3748.33576 4666.80555 3891.13994 3943.18615 2253.14203 2004.63962 0 1765.81596 2678.24196 1556.10411 2929.59878 4006.70201 4755.68965 6100.82437 7776.58447 8456.26348 7528.3117 10086.98111 6613.69851 8051.90766 7259.40121 6863.86742 5699.16432 4793.84209 5245.00467 
5817.14165 4898.1323 3355.3201 2209.34221 5257.77529 5428.25174 6362.79498 5638.09081 5699.96851 3942.45216 3738.19876 1765.81596 0 1067.31907 656.59881 1527.80267 3112.98522 3691.29381 5273.93022 7549.95656 8734.22155 8428.44001 11049.11481 7895.23717 9289.96582 8416.21483 7624.46077 6294.85536 5223.15958 5244.92669 
6676.01895 5930.27504 4258.34017 3276.64722 6272.18853 6414.61527 7340.20504 6564.43219 6508.41555 4675.87222 4530.17704 2678.24196 1067.31907 0 1149.5286 1921.80566 3651.92401 4059.23392 5721.00009 8257.6051 9619.77983 9464.67078 12088.60521 8962.52487 10356.62402 9479.88787 8640.62081 7288.14284 6193.43669 6091.00665 
6331.89774 5224.18472 3861.68059 2417.71069 5188.63383 5304.43861 6221.63082 5424.75972 5361.32493 3539.12659 3382.96911 1556.10411 656.59881 1149.5286 0 2181.57306 3757.84632 4347.43373 5922.7313 8133.84841 9218.33586 8725.59024 11331.59618 8032.65062 9452.26581 8612.31874 7965.70449 6678.88928 5644.29712 5771.39377 
4897.23289 4601.57679 2629.22422 2591.89274 5865.18474 6136.01173 7071.18894 6507.27078 6788.53534 5181.45694 4915.73769 2929.59878 1527.80267 1921.80566 2181.57306 0 1730.19363 2193.17874 3825.84487 6353.64533 7846.7023 8072.74253 10687.00168 7952.25433 9255.91919 8318.05055 7170.29462 5763.09995 4630.05583 4305.8826 
3416.5626 3837.8464 1747.02318 3050.16098 6000.92876 6367.75078 7246.75107 6906.72028 7447.55597 6119.21645 5793.08838 4006.70201 3112.98522 3651.92401 3757.84632 1730.19363 0 810.48196 2168.53061 4647.57109 6313.54108 7017.47889 9562.83143 7338.61329 8497.10692 7521.94955 6048.06159 4630.24891 3519.25063 2840.23679 
3691.86687 4493.00278 2468.36565 3855.17847 6796.78137 7169.5412 8041.98048 7715.46253 8256.00297 6903.59711 6583.1655 4755.68965 3691.29381 4059.23392 4347.43373 2193.17874 810.48196 0 1672.95965 4531.61009 6457.50664 7494.28215 9979.6515 7984.8221 9085.49597 8104.96058 6504.09133 5109.97241 4046.51084 3161.36964 
3006.91619 4640.88354 3098.21255 4974.07971 7462.96972 7886.29349 8674.95729 8529.56505 9234.86248 8101.69396 7754.44711 6100.82437 5273.93022 5721.00009 5922.7313 3825.84487 2168.53061 1672.95965 0 3082.78575 5313.45104 6981.88835 9266.53258 7928.20598 8822.80029 7851.9921 5981.15524 4727.13021 3885.25417 2670.98559 
2218.75123 4531.4907 4386.53223 6397.11724 7691.86616 8159.56476 8708.95286 8922.45392 9892.63994 9293.66564 8920.20639 7776.58447 7549.95656 8257.6051 8133.84841 6353.64533 4647.57109 4531.61009 3082.78575 0 2501.65745 5102.6351 6862.36767 6766.10213 7200.0959 6340.77377 4238.57547 3591.94877 3535.88461 2574.35118 
2951.12877 4434.02323 5379.64729 7052.69771 7221.61512 7671.98025 7971.41656 8457.04783 9563.6504 9446.05764 9082.14886 8456.26348 8734.22155 9619.77983 9218.33586 7846.7023 6313.54108 6457.50664 5313.45104 2501.65745 0 3161.44413 4422.19176 5242.12858 5253.11612 4566.24857 2634.83206 2936.70734 3663.54937 3541.77385 
3976.04955 3534.62657 5466.69992 6311.80862 5068.09668 5442.74379 5446.76464 6173.20541 7337.05663 7765.15422 7446.99597 7528.3117 8428.44001 9464.67078 8725.59024 8072.74253 7017.47889 7494.28215 6981.88835 5102.6351 3161.44413 0 2625.87376 2219.2172 2121.41179 1421.06474 1003.50436 2389.54494 3504.10117 4389.80603 
6332.158 6159.60924 8069.67317 8914.28186 7274.54913 7572.57717 7329.43067 8214.66749 9358.9173 10089.85079 9801.50927 10086.98111 11049.11481 12088.60521 11331.59618 10687.00168 9562.83143 9979.6515 9266.53258 6862.36767 4422.19176 2625.87376 0 3908.13971 2699.1808 3011.81839 3527.24935 4948.89422 6083.23088 6823.35182 
5070.14448 3501.06412 5605.53307 5686.21394 3414.4717 3678.2122 3438.14979 4306.53109 5452.65486 6256.83506 5995.19975 6613.69851 7895.23717 8962.52487 8032.65062 7952.25433 7338.61329 7984.8221 7928.20598 6766.10213 5242.12858 2219.2172 3908.13971 0 1447.73789 939.3881 2637.52687 3302.55204 4050.853 5269.59904 
5845.53385 4695.08094 6803.0796 7082.00791 4832.69531 5062.43973 4700.51455 5635.97099 6752.33797 7675.95935 7424.63905 8051.90766 9289.96582 10356.62402 9452.26581 9255.91919 8497.10692 9085.49597 8822.80029 7200.0959 5253.11612 2121.41179 2699.1808 1447.73789 0 981.6318 2978.40645 4095.72912 5050.62897 6158.19495 
4887.08758 3735.93629 5836.86945 6216.81084 4264.3547 4562.1404 4371.322 5218.4308 6371.80547 7089.18225 6809.69441 7259.40121 8416.21483 9479.88787 8612.31874 8318.05055 7521.94955 8104.96058 7851.9921 6340.77377 4566.24857 1421.06474 3011.81839 939.3881 981.6318 0 2103.2627 3126.03583 4068.99742 5184.2878 
2974.46617 2741.89314 4546.57596 5575.93445 4830.29865 5251.40638 5428.67516 6021.06984 7166.70224 7355.19306 7015.31354 6863.86742 7624.46077 8640.62081 7965.70449 7170.29462 6048.06159 6504.09133 5981.15524 4238.57547 2634.83206 1003.50436 3527.24935 2637.52687 2978.40645 2103.2627 0 1422.3115 2556.00196 3387.77951 
1776.39663 1548.94803 3134.78053 4343.79615 4344.66167 4805.98637 5221.84527 5591.33973 6667.21569 6516.72656 6155.48747 5699.16432 6294.85536 7288.14284 6678.88928 5763.09995 4630.24891 5109.97241 4727.13021 3591.94877 2936.70734 2389.54494 4948.89422 3302.55204 4095.72912 3126.03583 1422.3115 0 1136.45061 2065.18667 
1337.00598 997.05567 2000.84807 3394.96878 4162.74777 4629.40871 5225.72292 5387.81217 6363.07512 5910.4285 5538.52634 4793.84209 5223.15958 6193.43669 5644.29712 4630.05583 3519.25063 4046.51084 3885.25417 3535.88461 3663.54937 3504.10117 6083.23088 4050.853 5050.62897 4068.99742 2556.00196 1136.45061 0 1278.23785 
591.40933 2197.29015 1914.40461 3847.12009 5316.88979 5776.35395 6435.26907 6508.40595 7411.03481 6723.20021 6350.10252 5245.00467 5244.92669 6091.00665 5771.39377 4305.8826 2840.23679 3161.36964 2670.98559 2574.35118 3541.77385 4389.80603 6823.35182 5269.59904 6158.19495 5184.2878 3387.77951 2065.18667 1278.23785 0 
