74
59 48 49 50 51 47 134 167 168 169 170 171 182 186 185 184 183 164 153 154 155 156 152 74 66 65 64 63 62 137 141 140 139 138 29 17 21 20 19 18 123 124 125 126 122 107 111 110 109 108 32 44 33 34 35 36 77 78 79 80 81 93 94 95 96 104 92 14 6 5 4 3 2 ssp200
0 2905356410.2974997 3932403381.7299995 5038443627.73 3762674877.2974997 1117875169.4325 3900853331.7299995 3065173863.2974997 5658477758.162499 6973488542.594999 5985245965.594999 5138670025.162499 3268709092.2974997 5238066038.162499 6477174287.594999 6770267886.594999 5697123451.162499 4602376469.73 6165890472.162499 7065322412.594999 6737597731.594999 5469297239.162499 3394574197.2974997 4325414493.73 5935864186.162499 7182050988.594999 7469471287.594999 6135533394.162499 3406199812.2974997 3143171699.2974997 6030705415.162499 7008250890.594999 6723662216.594999 5871875932.162499 4401350032.73 3267923114.2974997 5887058559.162499 7188624228.594999 6837538491.594999 5523101567.162499 5115809329.162499 6392371387.594999 6245819517.594999 5213858275.162499 2797439110.2974997 2963089227.2974997 5512183838.162499 6673973719.594999 6897499896.594999 5428568985.162499 3339315645.2974997 4447727509.73 5881566768.162499 6936021075.594999 6926618805.594999 5839404619.162499 3131794562.2974997 5082032823.162499 6266871901.594999 6585999471.594999 5466326081.162499 5876233739.162499 6848348811.594999 6851521190.594999 5793137396.162499 4491698111.73 3473852027.2974997 4791872787.73 5185965117.162499 6326420914.594999 6627307913.594999 5332419319.162499 3425817695.2974997 7183063744.594999 
2905356410.2974997 0 1027046971.4325 2254544804.865 3530313555.2974997 1787481240.865 4570459403.1625 3734779934.73 6328083829.595 7643094614.0275 6654852037.0275 5808276096.595 3938315163.73 5907672109.595 7146780359.0275 7439873958.0275 6366729522.595 5271982541.1625 6835496543.595 7734928484.0275 7407203803.0275 6138903310.595 4064180268.73 4995020565.1625 6605470257.595 7851657060.0275 8139077359.0275 6805139465.595 4075805883.73 3812777770.73 6700311486.595 7677856962.0275 7393268288.0275 6541482003.595 5070956104.1625 3937529185.73 6556664630.595 7858230300.0275 7507144563.0275 6192707638.595 5785415400.595 7061977459.0275 6915425589.0275 5883464346.595 3467045181.73 3632695298.73 6181789909.595 7343579791.0275 7567105968.0275 6098175056.595 4008921716.73 5117333581.1625 6551172839.595 7605627147.0275 7596224877.0275 6509010690.595 3801400633.73 5751638894.595 6936477973.0275 7255605543.0275 6135932152.595 6545839810.595 7517954883.0275 7521127262.0275 6462743467.595 5161304183.1625 4143458098.73 5461478859.1625 5855571188.595 6996026986.0275 7296913985.0275 6002025390.595 4095423766.73 7852669816.0275 
3932403381.73 1027046971.4325 0 1227497833.4325 2503266583.865 2814528212.2975 5597506374.595 4761826906.1625 7355130801.0275 8670141585.46 7681899008.46 6835323068.0275 4965362135.1625 6934719081.0275 8173827330.46 8466920929.46 7393776494.0275 6299029512.595 7862543515.0275 8761975455.460001 8434250774.46 7165950282.0275 5091227240.1625 6022067536.595 7632517229.0275 8878704031.46 9166124330.46 7832186437.0275 5102852855.1625 4839824742.1625 7727358458.0275 8704903933.460001 8420315259.46 7568528975.0275 6098003075.595 4964576157.1625 7583711602.0275 8885277271.46 8534191534.46 7219754610.0275 6812462372.0275 8089024430.46 7942472560.46 6910511318.0275 4494092153.1625 4659742270.1625 7208836881.0275 8370626762.46 8594152939.46 7125222028.0275 5035968688.1625 6144380552.595 7578219811.0275 8632674118.460001 8623271848.46 7536057662.0275 4828447605.1625 6778685866.0275 7963524944.46 8282652514.46 7162979124.0275 7572886782.0275 8545001854.46 8548174233.46 7489790439.0275 6188351154.595 5170505070.1625 6488525830.595 6882618160.0275 8023073957.46 8323960956.46 7029072362.0275 5122470738.1625 8879716787.46 
5038443627.73 2254544804.865 1227497833.4325 0 1275768750.4325 3920568458.2974997 6703546620.594999 5867867152.162499 8461171047.027499 9776181831.46 8787939254.46 7941363314.027499 6071402381.162499 8040759327.027499 9279867576.46 9572961175.46 8499816740.027499 7405069758.594999 8968583761.0275 9868015701.460001 9540291020.46 8271990528.027499 6197267486.162499 7128107782.594999 8738557475.0275 9984744277.46 10272164576.46 8938226683.0275 6208893101.162499 5945864988.162499 8833398704.0275 9810944179.460001 9526355505.460001 8674569221.0275 7204043321.594999 6070616403.162499 8689751848.0275 9991317517.46 9640231780.46 8325794856.027499 7918502618.027499 9195064676.46 9048512806.46 8016551564.027499 5600132399.162499 5765782516.162499 8314877127.027499 9476667008.46 9700193185.46 8231262274.027499 6142008934.162499 7250420798.594999 8684260057.0275 9738714364.460001 9729312094.46 8642097908.0275 5934487851.162499 7884726112.027499 9069565190.46 9388692760.46 8269019370.027499 8678927028.0275 9651042100.460001 9654214479.460001 8595830685.0275 7294391400.594999 6276545316.162499 7594566076.594999 7988658406.027499 9129114203.46 9430001202.46 8135112608.027499 6228510984.162499 9985757033.46 
3762674877.2974997 3530313555.2974997 2503266583.865 1275768750.4325 0 2644799707.865 5427777870.162499 4592098401.73 7185402296.594999 8500413081.027499 7512170504.027499 6665594563.594999 4795633630.73 6764990576.594999 8004098826.027499 8297192425.027499 7224047989.594999 6129301008.162499 7692815010.594999 8592246951.0275 8264522270.027499 6996221777.594999 4921498735.73 5852339032.162499 7462788724.594999 8708975527.0275 8996395826.0275 7662457932.594999 4933124350.73 4670096237.73 7557629953.594999 8535175429.027499 8250586755.027499 7398800470.594999 5928274571.162499 4794847652.73 7413983097.594999 8715548767.0275 8364463030.027499 7050026105.594999 6642733867.594999 7919295926.027499 7772744056.027499 6740782813.594999 4324363648.73 4490013765.73 7039108376.594999 8200898258.027499 8424424435.027499 6955493523.594999 4866240183.73 5974652048.162499 7408491306.594999 8462945614.027499 8453543344.027499 7366329157.594999 4658719100.73 6608957361.594999 7793796440.027499 8112924010.027499 6993250619.594999 7403158277.594999 8375273350.027499 8378445729.027499 7320061934.594999 6018622650.162499 5000776565.73 6318797326.162499 6712889655.594999 7853345453.027499 8154232452.027499 6859343857.594999 4952742233.73 8709988283.0275 
1117875169.4325 1787481240.865 2814528212.2975 3920568458.2974997 2644799707.865 0 2782978162.2974997 1947298693.865 4540602588.73 5855613373.162499 4867370796.1625 4020794855.73 2150833922.865 4120190868.7299995 5359299118.162499 5652392717.162499 4579248281.73 3484501300.2974997 5048015302.73 5947447243.162499 5619722562.162499 4351422069.73 2276699027.865 3207539324.2974997 4817989016.73 6064175819.162499 6351596118.162499 5017658224.73 2288324642.865 2025296529.8649998 4912830245.73 5890375721.162499 5605787047.162499 4754000762.73 3283474863.2974997 2150047944.865 4769183389.73 6070749059.162499 5719663322.162499 4405226397.73 3997934159.7299995 5274496218.162499 5127944348.1625 4095983105.73 1679563940.865 1845214057.865 4394308668.73 5556098550.162499 5779624727.162499 4310693815.73 2221440475.865 3329852340.2974997 4763691598.73 5818145906.162499 5808743636.162499 4721529449.73 2013919392.8649998 3964157653.7299995 5148996732.162499 5468124302.162499 4348450911.73 4758358569.73 5730473642.162499 5733646021.162499 4675262226.73 3373822942.2974997 2355976857.865 3673997618.2974997 4068089947.7299995 5208545745.162499 5509432744.162499 4214544149.7299995 2307942525.865 6065188575.162499 
3900853331.7299995 4570459403.162499 5597506374.594999 6703546620.594999 5427777870.162499 2782978162.2974997 0 2982256621.2974997 5575560516.162499 6890571300.594999 5902328723.594999 5055752783.162499 3185791850.2974997 5155148796.162499 6394257045.594999 6687350644.594999 5614206209.162499 4519459227.73 6082973230.162499 6982405170.594999 6654680489.594999 5386379997.162499 3311656955.2974997 4242497251.7299995 5852946944.162499 7099133746.594999 7386554045.594999 6052616152.162499 3323282570.2974997 3060254457.2974997 5947788173.162499 6925333648.594999 6640744974.594999 5788958690.162499 4318432790.73 3185005872.2974997 5804141317.162499 7105706986.594999 6754621249.594999 5440184325.162499 3421784440.2974997 4698346498.73 4551794628.73 3519833386.2974997 1103414221.4325 2880171985.2974997 5429266596.162499 6591056477.594999 6814582654.594999 5345651743.162499 3256398403.2974997 4364810267.73 5798649526.162499 6853103833.594999 6843701563.594999 5756487377.162499 3048877320.2974997 4999115581.162499 6183954659.594999 6503082229.594999 5383408839.162499 5793316497.162499 6765431569.594999 6768603948.594999 5710220154.162499 4408780869.73 3390934785.2974997 4708955545.73 5103047875.162499 6243503672.594999 6544390671.594999 5249502077.162499 3342900453.2974997 7100146502.594999 
3065173863.2974997 3734779934.73 4761826906.1625 5867867152.162499 4592098401.73 1947298693.865 2982256621.2974997 0 2593303894.865 3908314679.2974997 2920072102.2974997 2073496161.8649998 2350112381.865 4319469327.73 5558577577.162499 5851671176.162499 4778526740.73 3683779759.2974997 5247293761.73 6146725702.162499 5819001021.162499 4550700528.73 2475977486.865 3406817783.2974997 5017267475.73 6263454278.162499 6550874577.162499 5216936683.73 2487603101.865 2224574988.865 5112108704.73 6089654180.162499 5805065506.162499 4953279221.73 3482753322.2974997 2349326403.865 4968461848.73 6270027518.162499 5918941781.162499 4604504856.73 4197212618.7299995 5473774677.162499 5327222807.162499 4295261564.73 1878842399.865 2044492516.865 4593587127.73 5755377009.162499 5978903186.162499 4509972274.73 2420718934.865 3529130799.2974997 4962970057.73 6017424365.162499 6008022095.162499 4920807908.73 2213197851.865 4163436112.7299995 5348275191.162499 5667402761.162499 4547729370.73 4957637028.73 5929752101.162499 5932924480.162499 4874540685.73 3573101401.2974997 2555255316.865 3873276077.2974997 4267368406.7299995 5407824204.162499 5708711203.162499 4413822608.73 2507220984.865 6264467034.162499 
5658477758.162499 6328083829.594999 7355130801.027499 8461171047.027499 7185402296.594999 4540602588.73 5575560516.162499 2593303894.865 0 1315010784.4325 2653127283.865 3499703224.2974997 4943416276.73 6912773222.594999 8151881472.027499 8444975071.027499 7371830635.594999 6277083654.162499 7840597656.594999 8740029597.0275 8412304916.027499 7144004423.594999 5069281381.73 6000121678.162499 7610571370.594999 8856758173.0275 9144178472.0275 7810240578.594999 5080906996.73 4817878883.73 7705412599.594999 8682958075.0275 8398369401.027499 7546583116.594999 6076057217.162499 4942630298.73 7561765743.594999 8863331413.0275 8512245676.027499 7197808751.594999 6790516513.594999 8067078572.027499 7920526702.027499 6888565459.594999 4472146294.73 4637796411.73 7186891022.594999 8348680904.027499 8572207081.027499 7103276169.594999 5014022829.73 6122434694.162499 7556273952.594999 8610728260.0275 8601325990.0275 7514111803.594999 4806501746.73 6756740007.594999 7941579086.027499 8260706656.027499 7141033265.594999 7550940923.594999 8523055996.027499 8526228375.027499 7467844580.594999 6166405296.162499 5148559211.73 6466579972.162499 6860672301.594999 8001128099.027499 8302015098.027499 7007126503.594999 5100524879.73 8857770929.0275 
6973488542.594999 7643094614.027499 8670141585.46 9776181831.46 8500413081.027499 5855613373.162499 6890571300.594999 3908314679.2974997 1315010784.4325 0 1338116499.4325 2184692439.865 6258427061.162499 8227784007.027499 9466892256.46 9759985855.460001 8686841420.0275 7592094438.594999 9155608441.0275 10055040381.460001 9727315700.46 8459015208.027499 6384292166.162499 7315132462.594999 8925582155.0275 10171768957.46 10459189256.46 9125251363.0275 6395917781.162499 6132889668.162499 9020423384.0275 9997968859.460001 9713380185.460001 8861593901.0275 7391068001.594999 6257641083.162499 8876776528.0275 10178342197.46 9827256460.46 8512819536.027499 8105527298.027499 9382089356.46 9235537486.46 8203576244.027499 5787157079.162499 5952807196.162499 8501901807.027499 9663691688.46 9887217865.46 8418286954.027499 6329033614.162499 7437445478.594999 8871284737.0275 9925739044.460001 9916336774.46 8829122588.0275 6121512531.162499 8071750792.027499 9256589870.46 9575717440.46 8456044050.027499 8865951708.0275 9838066780.460001 9841239159.460001 8782855365.0275 7481416080.594999 6463569996.162499 7781590756.594999 8175683086.027499 9316138883.46 9617025882.46 8322137288.027499 6415535664.162499 10172781713.46 
5985245965.594999 6654852037.027499 7681899008.459999 8787939254.46 7512170504.027499 4867370796.162499 5902328723.594999 2920072102.2974997 2653127283.865 1338116499.4325 0 846575940.4325 5270184484.162499 7239541430.027499 8478649679.459999 8771743278.46 7698598843.027499 6603851861.594999 8167365864.027499 9066797804.46 8739073123.46 7470772631.027499 5396049589.162499 6326889885.594999 7937339578.027499 9183526380.46 9470946679.46 8137008786.027499 5407675204.162499 5144647091.162499 8032180807.027499 9009726282.46 8725137608.46 7873351324.027499 6402825424.594999 5269398506.162499 7888533951.027499 9190099620.46 8839013883.46 7524576959.027499 7117284721.027499 8393846779.459999 8247294909.459999 7215333667.027499 4798914502.162499 4964564619.162499 7513659230.027499 8675449111.46 8898975288.46 7430044377.027499 5340791037.162499 6449202901.594999 7883042160.027499 8937496467.46 8928094197.46 7840880011.027499 5133269954.162499 7083508215.027499 8268347293.459999 8587474863.459999 7467801473.027499 7877709131.027499 8849824203.46 8852996582.46 7794612788.027499 6493173503.594999 5475327419.162499 6793348179.594999 7187440509.027499 8327896306.459999 8628783305.46 7333894711.027499 5427293087.162499 9184539136.46 
5138670025.162499 5808276096.594999 6835323068.027499 7941363314.027499 6665594563.594999 4020794855.7299995 5055752783.162499 2073496161.8649998 3499703224.2974997 2184692439.865 846575940.4325 0 4423608543.73 6392965489.594999 7632073739.027499 7925167338.027499 6852022902.594999 5757275921.162499 7320789923.594999 8220221864.027499 7892497183.027499 6624196690.594999 4549473648.73 5480313945.162499 7090763637.594999 8336950440.027499 8624370739.0275 7290432845.594999 4561099263.73 4298071150.73 7185604866.594999 8163150342.027499 7878561668.027499 7026775383.594999 5556249484.162499 4422822565.73 7041958010.594999 8343523680.027499 7992437943.027499 6678001018.594999 6270708780.594999 7547270839.027499 7400718969.027499 6368757726.594999 3952338561.7299995 4117988678.7299995 6667083289.594999 7828873171.027499 8052399348.027499 6583468436.594999 4494215096.73 5602626961.162499 7036466219.594999 8090920527.027499 8081518257.027499 6994304070.594999 4286694013.7299995 6236932274.594999 7421771353.027499 7740898923.027499 6621225532.594999 7031133190.594999 8003248263.027499 8006420642.027499 6948036847.594999 5646597563.162499 4628751478.73 5946772239.162499 6340864568.594999 7481320366.027499 7782207365.027499 6487318770.594999 4580717146.73 8337963196.027499 
3268709092.2974997 3938315163.7299995 4965362135.162499 6071402381.162499 4795633630.73 2150833922.865 3185791850.2974997 2350112381.865 4943416276.73 6258427061.162499 5270184484.162499 4423608543.73 0 1969356945.865 3208465195.2974997 3501558794.2974997 2428414358.865 3887314988.2974997 5450828990.73 6350260931.162499 6022536250.162499 4754235757.73 2679512715.865 3610353012.2974997 5220802704.73 6466989507.162499 6754409806.162499 5420471912.73 2691138330.865 2428110217.865 5315643933.73 6293189409.162499 6008600735.162499 5156814450.73 3686288551.2974997 2552861632.865 5171997077.73 6473562747.162499 6122477010.162499 4808040085.73 4400747847.73 5677309906.162499 5530758036.162499 4498796793.73 2082377628.8649998 2248027745.865 4797122356.73 5958912238.162499 6182438415.162499 4713507503.73 2624254163.865 3732666028.2974997 5166505286.73 6220959594.162499 6211557324.162499 5124343137.73 2416733080.865 4366971341.73 5551810420.162499 5870937990.162499 4751264599.73 5161172257.73 6133287330.162499 6136459709.162499 5078075914.73 3776636630.2974997 2758790545.865 4076811306.2974997 4470903635.73 5611359433.162499 5912246432.162499 4617357837.73 2710756213.865 6468002263.162499 
5238066038.162499 5907672109.594999 6934719081.027499 8040759327.027499 6764990576.594999 4120190868.7299995 5155148796.162499 4319469327.73 6912773222.594999 8227784007.027499 7239541430.027499 6392965489.594999 1969356945.865 0 1239108249.4325 2684899376.865 3758043812.2974997 5856671934.162499 7420185936.594999 8319617877.027499 7991893196.027499 6723592703.594999 4648869661.73 5579709958.162499 7190159650.594999 8436346453.027499 8723766752.0275 7389828858.594999 4660495276.73 4397467163.73 7285000879.594999 8262546355.027499 7977957681.027499 7126171396.594999 5655645497.162499 4522218578.73 7141354023.594999 8442919693.027499 8091833956.027499 6777397031.594999 6370104793.594999 7646666852.027499 7500114982.027499 6468153739.594999 4051734574.7299995 4217384691.7299995 6766479302.594999 7928269184.027499 8151795361.027499 6682864449.594999 4593611109.73 5702022974.162499 7135862232.594999 8190316540.027499 8180914270.027499 7093700083.594999 4386090026.73 6336328287.594999 7521167366.027499 7840294936.027499 6720621545.594999 7130529203.594999 8102644276.027499 8105816655.027499 7047432860.594999 5745993576.162499 4728147491.73 6046168252.162499 6440260581.594999 7580716379.027499 7881603378.027499 6586714783.594999 4680113159.73 8437359209.027499 
6477174287.594999 7146780359.027499 8173827330.459999 9279867576.46 8004098826.027499 5359299118.162499 6394257045.594999 5558577577.162499 8151881472.027499 9466892256.46 8478649679.459999 7632073739.027499 3208465195.2974997 1239108249.4325 0 1445791127.4325 2518935562.865 7095780183.594999 8659294186.0275 9558726126.460001 9231001445.46 7962700953.027499 5887977911.162499 6818818207.594999 8429267900.027499 9675454702.46 9962875001.46 8628937108.0275 5899603526.162499 5636575413.162499 8524109129.027499 9501654604.46 9217065930.46 8365279646.027499 6894753746.594999 5761326828.162499 8380462273.027499 9682027942.46 9330942205.46 8016505281.027499 7609213043.027499 8885775101.46 8739223231.46 7707261989.027499 5290842824.162499 5456492941.162499 8005587552.027499 9167377433.46 9390903610.46 7921972699.027499 5832719359.162499 6941131223.594999 8374970482.027499 9429424789.46 9420022519.46 8332808333.027499 5625198276.162499 7575436537.027499 8760275615.46 9079403185.46 7959729795.027499 8369637453.027499 9341752525.46 9344924904.46 8286541110.027499 6985101825.594999 5967255741.162499 7285276501.594999 7679368831.027499 8819824628.46 9120711627.46 7825823033.027499 5919221409.162499 9676467458.46 
6770267886.594999 7439873958.027499 8466920929.459999 9572961175.46 8297192425.027499 5652392717.162499 6687350644.594999 5851671176.162499 8444975071.027499 9759985855.46 8771743278.46 7925167338.027499 3501558794.2974997 2684899376.865 1445791127.4325 0 1073144435.4325 7388873782.594999 8952387785.0275 9851819725.460001 9524095044.46 8255794552.027499 6181071510.162499 7111911806.594999 8722361499.0275 9968548301.46 10255968600.46 8922030707.0275 6192697125.162499 5929669012.162499 8817202728.0275 9794748203.460001 9510159529.460001 8658373245.0275 7187847345.594999 6054420427.162499 8673555872.0275 9975121541.46 9624035804.46 8309598880.027499 7902306642.027499 9178868700.46 9032316830.46 8000355588.027499 5583936423.162499 5749586540.162499 8298681151.027499 9460471032.46 9683997209.46 8215066298.027499 6125812958.162499 7234224822.594999 8668064081.0275 9722518388.460001 9713116118.46 8625901932.0275 5918291875.162499 7868530136.027499 9053369214.46 9372496784.46 8252823394.027499 8662731052.0275 9634846124.460001 9638018503.46 8579634709.027499 7278195424.594999 6260349340.162499 7578370100.594999 7972462430.027499 9112918227.46 9413805226.46 8118916632.027499 6212315008.162499 9969561057.46 
5697123451.162499 6366729522.594999 7393776494.027499 8499816740.027499 7224047989.594999 4579248281.73 5614206209.162499 4778526740.73 7371830635.594999 8686841420.0275 7698598843.027499 6852022902.594999 2428414358.865 3758043812.2974997 2518935562.865 1073144435.4325 0 6315729347.162499 7879243349.594999 8778675290.0275 8450950609.027499 7182650116.594999 5107927074.73 6038767371.162499 7649217063.594999 8895403866.0275 9182824165.0275 7848886271.594999 5119552689.73 4856524576.73 7744058292.594999 8721603768.0275 8437015094.027499 7585228809.594999 6114702910.162499 4981275991.73 7600411436.594999 8901977106.0275 8550891369.027499 7236454444.594999 6829162206.594999 8105724265.027499 7959172395.027499 6927211152.594999 4510791987.73 4676442104.73 7225536715.594999 8387326597.027499 8610852774.0275 7141921862.594999 5052668522.73 6161080387.162499 7594919645.594999 8649373953.0275 8639971683.0275 7552757496.594999 4845147439.73 6795385700.594999 7980224779.027499 8299352349.027499 7179678958.594999 7589586616.594999 8561701689.027499 8564874068.027499 7506490273.594999 6205050989.162499 5187204904.73 6505225665.162499 6899317994.594999 8039773792.027499 8340660791.027499 7045772196.594999 5139170572.73 8896416622.0275 
4602376469.73 5271982541.162499 6299029512.594999 7405069758.594999 6129301008.162499 3484501300.2974997 4519459227.73 3683779759.2974997 6277083654.162499 7592094438.594999 6603851861.594999 5757275921.162499 3887314988.2974997 5856671934.162499 7095780183.594999 7388873782.594999 6315729347.162499 0 3979118547.2974997 4878550487.73 4550825806.73 3282525314.2974997 1207802272.4325 4944020389.73 6554470082.162499 7800656884.594999 8088077183.594999 6754139290.162499 4024805708.2974997 3761777595.2974997 6649311311.162499 7626856786.594999 7342268112.594999 6490481828.162499 5019955928.73 3886529010.2974997 6505664455.162499 7807230124.594999 7456144387.594999 6141707463.162499 5734415225.162499 7010977283.594999 6864425413.594999 5832464171.162499 3416045006.2974997 3581695123.2974997 6130789734.162499 7292579615.594999 7516105792.594999 6047174881.162499 3957921541.2974997 5066333405.73 6500172664.162499 7554626971.594999 7545224701.594999 6458010515.162499 3750400458.2974997 5700638719.162499 6885477797.594999 7204605367.594999 6084931977.162499 6494839635.162499 7466954707.594999 7470127086.594999 6411743292.162499 5110304007.73 4092457923.2974997 5410478683.73 5804571013.162499 6945026810.594999 7245913809.594999 5951025215.162499 4044423591.2974997 7801669640.594999 
6165890472.162499 6835496543.594999 7862543515.027499 8968583761.0275 7692815010.594999 5048015302.73 6082973230.162499 5247293761.73 7840597656.594999 9155608441.0275 8167365864.027499 7320789923.594999 5450828990.73 7420185936.594999 8659294186.0275 8952387785.0275 7879243349.594999 3979118547.2974997 0 899431940.4325 1967847070.865 3236147563.2974997 2771316274.865 6507534392.162499 8117984084.594999 9364170887.0275 9651591186.0275 8317653292.594999 5588319710.73 5325291597.73 8212825313.594999 9190370789.0275 8905782115.0275 8053995830.594999 6583469931.162499 5450043012.73 8069178457.594999 9370744127.0275 9019658390.0275 7705221465.594999 7297929227.594999 8574491286.027499 8427939416.027499 7395978173.594999 4979559008.73 5145209125.73 7694303736.594999 8856093618.0275 9079619795.0275 7610688883.594999 5521435543.73 6629847408.162499 8063686666.594999 9118140974.0275 9108738704.0275 8021524517.594999 5313914460.73 7264152721.594999 8448991800.027499 8768119370.0275 7648445979.594999 8058353637.594999 9030468710.0275 9033641089.0275 7975257294.594999 6673818010.162499 5655971925.73 6973992686.162499 7368085015.594999 8508540813.027499 8809427812.0275 7514539217.594999 5607937593.73 9365183643.0275 
7065322412.594999 7734928484.027499 8761975455.46 9868015701.46 8592246951.0275 5947447243.162499 6982405170.594999 6146725702.162499 8740029597.0275 10055040381.46 9066797804.46 8220221864.027499 6350260931.162499 8319617877.027499 9558726126.46 9851819725.460001 8778675290.0275 4878550487.73 899431940.4325 0 1068415130.4325 2336715622.865 3670748215.2974997 7406966332.594999 9017416025.0275 10263602827.46 10551023126.46 9217085233.0275 6487751651.162499 6224723538.162499 9112257254.0275 10089802729.460001 9805214055.460001 8953427771.0275 7482901871.594999 6349474953.162499 8968610398.0275 10270176067.46 9919090330.46 8604653406.0275 8197361168.027499 9473923226.46 9327371356.46 8295410114.027499 5878990949.162499 6044641066.162499 8593735677.0275 9755525558.46 9979051735.46 8510120824.027499 6420867484.162499 7529279348.594999 8963118607.0275 10017572914.460001 10008170644.46 8920956458.0275 6213346401.162499 8163584662.027499 9348423740.46 9667551310.46 8547877920.027499 8957785578.0275 9929900650.460001 9933073029.460001 8874689235.0275 7573249950.594999 6555403866.162499 7873424626.594999 8267516956.027499 9407972753.46 9708859752.46 8413971158.027499 6507369534.162499 10264615583.46 
6737597731.594999 7407203803.027499 8434250774.459999 9540291020.46 8264522270.027499 5619722562.162499 6654680489.594999 5819001021.162499 8412304916.027499 9727315700.46 8739073123.46 7892497183.027499 6022536250.162499 7991893196.027499 9231001445.46 9524095044.46 8450950609.027499 4550825806.73 1967847070.865 1068415130.4325 0 1268300492.4325 3343023534.2974997 7079241651.594999 8689691344.0275 9935878146.46 10223298445.46 8889360552.0275 6160026970.162499 5896998857.162499 8784532573.0275 9762078048.460001 9477489374.460001 8625703090.0275 7155177190.594999 6021750272.162499 8640885717.0275 9942451386.46 9591365649.46 8276928725.027499 7869636487.027499 9146198545.46 8999646675.46 7967685433.027499 5551266268.162499 5716916385.162499 8266010996.027499 9427800877.46 9651327054.46 8182396143.027499 6093142803.162499 7201554667.594999 8635393926.0275 9689848233.460001 9680445963.46 8593231777.0275 5885621720.162499 7835859981.027499 9020699059.46 9339826629.46 8220153239.027499 8630060897.0275 9602175969.460001 9605348348.46 8546964554.027499 7245525269.594999 6227679185.162499 7545699945.594999 7939792275.027499 9080248072.46 9381135071.46 8086246477.027499 6179644853.162499 9936890902.46 
5469297239.162499 6138903310.594999 7165950282.027499 8271990528.027499 6996221777.594999 4351422069.73 5386379997.162499 4550700528.73 7144004423.594999 8459015208.027499 7470772631.027499 6624196690.594999 4754235757.73 6723592703.594999 7962700953.027499 8255794552.027499 7182650116.594999 3282525314.2974997 3236147563.2974997 2336715622.865 1268300492.4325 0 2074723041.8649998 5810941159.162499 7421390851.594999 8667577654.0275 8954997953.0275 7621060059.594999 4891726477.73 4628698364.73 7516232080.594999 8493777556.027499 8209188882.027499 7357402597.594999 5886876698.162499 4753449779.73 7372585224.594999 8674150894.0275 8323065157.027499 7008628232.594999 6601335994.594999 7877898053.027499 7731346183.027499 6699384940.594999 4282965775.7299995 4448615892.73 6997710503.594999 8159500385.027499 8383026562.027499 6914095650.594999 4824842310.73 5933254175.162499 7367093433.594999 8421547741.027499 8412145471.027499 7324931284.594999 4617321227.73 6567559488.594999 7752398567.027499 8071526137.027499 6951852746.594999 7361760404.594999 8333875477.027499 8337047856.027499 7278664061.594999 5977224777.162499 4959378692.73 6277399453.162499 6671491782.594999 7811947580.027499 8112834579.027499 6817945984.594999 4911344360.73 8668590410.0275 
3394574197.2974997 4064180268.7299995 5091227240.162499 6197267486.162499 4921498735.73 2276699027.865 3311656955.2974997 2475977486.865 5069281381.73 6384292166.162499 5396049589.162499 4549473648.73 2679512715.865 4648869661.73 5887977911.162499 6181071510.162499 5107927074.73 1207802272.4325 2771316274.865 3670748215.2974997 3343023534.2974997 2074723041.8649998 0 3736218117.2974997 5346667809.73 6592854612.162499 6880274911.162499 5546337017.73 2817003435.865 2553975322.865 5441509038.73 6419054514.162499 6134465840.162499 5282679555.73 3812153656.2974997 2678726737.865 5297862182.73 6599427852.162499 6248342115.162499 4933905190.73 4526612952.73 5803175011.162499 5656623141.162499 4624661898.73 2208242733.865 2373892850.865 4922987461.73 6084777343.162499 6308303520.162499 4839372608.73 2750119268.865 3858531133.2974997 5292370391.73 6346824699.162499 6337422429.162499 5250208242.73 2542598185.865 4492836446.73 5677675525.162499 5996803095.162499 4877129704.73 5287037362.73 6259152435.162499 6262324814.162499 5203941019.73 3902501735.2974997 2884655650.865 4202676411.2974997 4596768740.73 5737224538.162499 6038111537.162499 4743222942.73 2836621318.865 6593867368.162499 
4325414493.73 4995020565.162499 6022067536.594999 7128107782.594999 5852339032.162499 3207539324.2974997 4242497251.7299995 3406817783.2974997 6000121678.162499 7315132462.594999 6326889885.594999 5480313945.162499 3610353012.2974997 5579709958.162499 6818818207.594999 7111911806.594999 6038767371.162499 4944020389.73 6507534392.162499 7406966332.594999 7079241651.594999 5810941159.162499 3736218117.2974997 0 3448879055.2974997 4695065857.73 4982486156.73 3648548263.2974997 919214681.4325 3484815619.2974997 6372349335.162499 7349894810.594999 7065306136.594999 6213519852.162499 4742993952.73 3609567034.2974997 6228702479.162499 7530268148.594999 7179182411.594999 5864745487.162499 5457453249.162499 6734015307.594999 6587463437.594999 5555502195.162499 3139083030.2974997 3304733147.2974997 5853827758.162499 7015617639.594999 7239143816.594999 5770212905.162499 3680959565.2974997 4789371429.73 6223210688.162499 7277664995.594999 7268262725.594999 6181048539.162499 3473438482.2974997 5423676743.162499 6608515821.594999 6927643391.594999 5807970001.162499 6217877659.162499 7189992731.594999 7193165110.594999 6134781316.162499 4833342031.73 3815495947.2974997 5133516707.73 5527609037.162499 6668064834.594999 6968951833.594999 5674063239.162499 3767461615.2974997 7524707664.594999 
5935864186.162499 6605470257.594999 7632517229.027499 8738557475.0275 7462788724.594999 4817989016.73 5852946944.162499 5017267475.73 7610571370.594999 8925582155.0275 7937339578.027499 7090763637.594999 5220802704.73 7190159650.594999 8429267900.027499 8722361499.0275 7649217063.594999 6554470082.162499 8117984084.594999 9017416025.0275 8689691344.0275 7421390851.594999 5346667809.73 3448879055.2974997 0 1246186802.4325 2455844211.865 3789782105.2974997 2529664373.865 5095265311.73 7982799027.594999 8960344503.0275 8675755829.0275 7823969544.594999 6353443645.162499 5220016726.73 7839152171.594999 9140717841.0275 8789632104.0275 7475195179.594999 7067902941.594999 8344465000.027499 8197913130.027499 7165951887.594999 4749532722.73 4915182839.73 7464277450.594999 8626067332.0275 8849593509.0275 7380662597.594999 5291409257.73 6399821122.162499 7833660380.594999 8888114688.0275 8878712418.0275 7791498231.594999 5083888174.73 7034126435.594999 8218965514.027499 8538093084.027499 7418419693.594999 7828327351.594999 8800442424.0275 8803614803.0275 7745231008.594999 6443791724.162499 5425945639.73 6743966400.162499 7138058729.594999 8278514527.027499 8579401526.027499 7284512931.594999 5377911307.73 9135157357.0275 
7182050988.594999 7851657060.027499 8878704031.46 9984744277.46 8708975527.0275 6064175819.162499 7099133746.594999 6263454278.162499 8856758173.0275 10171768957.46 9183526380.46 8336950440.027499 6466989507.162499 8436346453.027499 9675454702.46 9968548301.460001 8895403866.0275 7800656884.594999 9364170887.0275 10263602827.460001 9935878146.46 8667577654.0275 6592854612.162499 4695065857.73 1246186802.4325 0 1209657409.4325 2543595302.865 3775851176.2974997 6341452114.162499 9228985830.0275 10206531305.460001 9921942631.460001 9070156347.0275 7599630447.594999 6466203529.162499 9085338974.0275 10386904643.46 10035818906.46 8721381982.0275 8314089744.027499 9590651802.46 9444099932.46 8412138690.027499 5995719525.162499 6161369642.162499 8710464253.0275 9872254134.46 10095780311.46 8626849400.0275 6537596060.162499 7646007924.594999 9079847183.0275 10134301490.460001 10124899220.46 9037685034.0275 6330074977.162499 8280313238.027499 9465152316.46 9784279886.46 8664606496.0275 9074514154.0275 10046629226.460001 10049801605.460001 8991417811.0275 7689978526.594999 6672132442.162499 7990153202.594999 8384245532.027499 9524701329.46 9825588328.46 8530699734.027499 6624098110.162499 10381344159.46 
7469471287.594999 8139077359.027499 9166124330.46 10272164576.46 8996395826.0275 6351596118.162499 7386554045.594999 6550874577.162499 9144178472.0275 10459189256.46 9470946679.460001 8624370739.0275 6754409806.162499 8723766752.0275 9962875001.46 10255968600.460001 9182824165.0275 8088077183.594999 9651591186.0275 10551023126.460001 10223298445.46 8954997953.0275 6880274911.162499 4982486156.73 2455844211.865 1209657409.4325 0 1333937893.4325 4063271475.2974997 6628872413.162499 9516406129.0275 10493951604.460001 10209362930.460001 9357576646.0275 7887050746.594999 6753623828.162499 9372759273.0275 10674324942.46 10323239205.46 9008802281.0275 8601510043.0275 9878072101.46 9731520231.460001 8699558989.0275 6283139824.162499 6448789941.162499 8997884552.0275 10159674433.46 10383200610.46 8914269699.0275 6825016359.162499 7933428223.594999 9367267482.0275 10421721789.460001 10412319519.46 9325105333.0275 6617495276.162499 8567733537.027499 9752572615.46 10071700185.46 8952026795.0275 9361934453.0275 10334049525.460001 10337221904.460001 9278838110.0275 7977398825.594999 6959552741.162499 8277573501.594999 8671665831.0275 9812121628.46 10113008627.46 8818120033.0275 6911518409.162499 10668764458.46 
6135533394.162499 6805139465.594999 7832186437.027499 8938226683.0275 7662457932.594999 5017658224.73 6052616152.162499 5216936683.73 7810240578.594999 9125251363.0275 8137008786.027499 7290432845.594999 5420471912.73 7389828858.594999 8628937108.0275 8922030707.0275 7848886271.594999 6754139290.162499 8317653292.594999 9217085233.0275 8889360552.0275 7621060059.594999 5546337017.73 3648548263.2974997 3789782105.2974997 2543595302.865 1333937893.4325 0 2729333581.865 5294934519.73 8182468235.594999 9160013711.0275 8875425037.0275 8023638752.594999 6553112853.162499 5419685934.73 8038821379.594999 9340387049.0275 8989301312.0275 7674864387.594999 7267572149.594999 8544134208.027499 8397582338.027499 7365621095.594999 4949201930.73 5114852047.73 7663946658.594999 8825736540.0275 9049262717.0275 7580331805.594999 5491078465.73 6599490330.162499 8033329588.594999 9087783896.0275 9078381626.0275 7991167439.594999 5283557382.73 7233795643.594999 8418634722.027499 8737762292.0275 7618088901.594999 8027996559.594999 9000111632.0275 9003284011.0275 7944900216.594999 6643460932.162499 5625614847.73 6943635608.162499 7337727937.594999 8478183735.027499 8779070734.0275 7484182139.594999 5577580515.73 9334826565.0275 
3406199812.2974997 4075805883.7299995 5102852855.162499 6208893101.162499 4933124350.73 2288324642.865 3323282570.2974997 2487603101.865 5080906996.73 6395917781.162499 5407675204.162499 4561099263.73 2691138330.865 4660495276.73 5899603526.162499 6192697125.162499 5119552689.73 4024805708.2974997 5588319710.73 6487751651.162499 6160026970.162499 4891726477.73 2817003435.865 919214681.4325 2529664373.865 3775851176.2974997 4063271475.2974997 2729333581.865 0 2565600937.865 5453134653.73 6430680129.162499 6146091455.162499 5294305170.73 3823779271.2974997 2690352352.865 5309487797.73 6611053467.162499 6259967730.162499 4945530805.73 4538238567.73 5814800626.162499 5668248756.162499 4636287513.73 2219868348.865 2385518465.865 4934613076.73 6096402958.162499 6319929135.162499 4850998223.73 2761744883.865 3870156748.2974997 5303996006.73 6358450314.162499 6349048044.162499 5261833857.73 2554223800.865 4504462061.73 5689301140.162499 6008428710.162499 4888755319.73 5298662977.73 6270778050.162499 6273950429.162499 5215566634.73 3914127350.2974997 2896281265.865 4214302026.2974997 4608394355.73 5748850153.162499 6049737152.162499 4754848557.73 2848246933.865 6605492983.162499 
3143171699.2974997 3812777770.7299995 4839824742.162499 5945864988.162499 4670096237.73 2025296529.8649998 3060254457.2974997 2224574988.865 4817878883.73 6132889668.162499 5144647091.162499 4298071150.73 2428110217.865 4397467163.73 5636575413.162499 5929669012.162499 4856524576.73 3761777595.2974997 5325291597.73 6224723538.162499 5896998857.162499 4628698364.73 2553975322.865 3484815619.2974997 5095265311.73 6341452114.162499 6628872413.162499 5294934519.73 2565600937.865 0 2887533715.865 3865079191.2974997 3580490517.2974997 2728704232.865 3560751158.2974997 2427324239.865 5046459684.73 6348025354.162499 5996939617.162499 4682502692.73 4275210454.7299995 5551772513.162499 5405220643.162499 4373259400.73 1956840235.8649998 2122490352.8649998 4671584963.73 5833374845.162499 6056901022.162499 4587970110.73 2498716770.865 3607128635.2974997 5040967893.73 6095422201.162499 6086019931.162499 4998805744.73 2291195687.865 4241433948.7299995 5426273027.162499 5745400597.162499 4625727206.73 5035634864.73 6007749937.162499 6010922316.162499 4952538521.73 3651099237.2974997 2633253152.865 3951273913.2974997 4345366242.73 5485822040.162499 5786709039.162499 4491820444.73 2585218820.865 6342464870.162499 
6030705415.162499 6700311486.594999 7727358458.027499 8833398704.0275 7557629953.594999 4912830245.73 5947788173.162499 5112108704.73 7705412599.594999 9020423384.0275 8032180807.027499 7185604866.594999 5315643933.73 7285000879.594999 8524109129.027499 8817202728.0275 7744058292.594999 6649311311.162499 8212825313.594999 9112257254.0275 8784532573.0275 7516232080.594999 5441509038.73 6372349335.162499 7982799027.594999 9228985830.0275 9516406129.0275 8182468235.594999 5453134653.73 2887533715.865 0 977545475.4325 2227357891.865 3079144176.2974997 6448284874.162499 5314857955.73 7933993400.594999 9235559070.0275 8884473333.0275 7570036408.594999 7162744170.594999 8439306229.027499 8292754359.027499 7260793116.594999 4844373951.73 5010024068.73 7559118679.594999 8720908561.0275 8944434738.0275 7475503826.594999 5386250486.73 6494662351.162499 7928501609.594999 8982955917.0275 8973553647.0275 7886339460.594999 5178729403.73 7128967664.594999 8313806743.027499 8632934313.0275 7513260922.594999 7923168580.594999 8895283653.0275 8898456032.0275 7840072237.594999 6538632953.162499 5520786868.73 6838807629.162499 7232899958.594999 8373355756.027499 8674242755.0275 7379354160.594999 5472752536.73 9229998586.0275 
7008250890.594999 7677856962.027499 8704903933.46 9810944179.46 8535175429.027499 5890375721.162499 6925333648.594999 6089654180.162499 8682958075.0275 9997968859.46 9009726282.46 8163150342.027499 6293189409.162499 8262546355.027499 9501654604.46 9794748203.460001 8721603768.0275 7626856786.594999 9190370789.0275 10089802729.460001 9762078048.46 8493777556.027499 6419054514.162499 7349894810.594999 8960344503.0275 10206531305.46 10493951604.46 9160013711.0275 6430680129.162499 3865079191.2974997 977545475.4325 0 1249812416.4325 2101598700.8649998 7425830349.594999 6292403431.162499 8911538876.0275 10213104545.46 9862018808.46 8547581884.027499 8140289646.027499 9416851704.46 9270299834.46 8238338592.027499 5821919427.162499 5987569544.162499 8536664155.027499 9698454036.46 9921980213.46 8453049302.027499 6363795962.162499 7472207826.594999 8906047085.0275 9960501392.460001 9951099122.46 8863884936.0275 6156274879.162499 8106513140.027499 9291352218.46 9610479788.46 8490806398.027499 8900714056.0275 9872829128.460001 9876001507.460001 8817617713.0275 7516178428.594999 6498332344.162499 7816353104.594999 8210445434.027499 9350901231.46 9651788230.46 8356899636.027499 6450298012.162499 10207544061.46 
