32
8 2 3 62 68 59 65 64 58 27 93 87 91 99 97 92 55 56 29 51 49 32 45 37 43 53 33 18 19 20 4 ssp100
0 2261373473.865 1047022009.4325 8003579308.027499 9185870853.46 6637127262.594999 10665542389.325 10924079134.325 8477087126.459999 3291187869.2974997 6221021572.162499 4731625056.73 6226868833.162499 6887076978.594999 5742453202.162499 4734307519.73 4256975971.7299995 4408313252.73 5365487156.162499 5702951567.162499 5440643452.162499 4972015817.162499 4617966476.73 4764180569.73 5215980625.162499 5329636948.162499 4130988773.7299995 2209964220.865 3625666305.2974997 5030441222.73 3291103416.2974997 5834827384.162499 
2261373473.865 0 1214351464.4325 8170908763.027499 9353200308.46 6804456717.594999 10832871844.325 11091408589.325 8644416581.46 3458517324.2974997 6388351027.162499 4898954511.73 6394198288.162499 7054406433.594999 5909782657.162499 4901636974.73 4424305426.73 4575642707.73 5532816611.162499 5870281022.162499 5607972907.162499 5139345272.162499 4785295931.73 4931510024.73 5383310080.162499 5496966403.162499 4298318228.73 2377293675.865 3792995760.2974997 5197770677.73 1029729942.4325 3573453910.2974997 
1047022009.4325 1214351464.4325 0 6956557298.594999 8138848844.027499 5590105253.162499 9618520379.892498 9877057124.892498 7430065117.027499 2244165859.865 5173999562.73 3684603047.2974997 5179846823.73 5840054969.162499 4695431192.73 3687285510.2974997 3209953962.2974997 3361291243.2974997 4318465146.73 4655929557.73 4393621442.73 3924993807.7299995 3570944467.2974997 3717158560.2974997 4168958615.7299995 4282614938.7299995 3083966764.2974997 1162942211.4325 2578644295.865 3983419213.2974997 2244081406.865 4787805374.73 
8003579308.027499 8170908763.027499 6956557298.594999 0 1182291545.4325 1366452045.4325 5394867172.162499 5653403917.162499 3206411909.2974997 4712391438.73 7642225141.594999 6152828626.162499 7648072402.594999 8308280548.027499 7163656771.594999 6155511089.162499 5678179541.162499 5829516822.162499 6786690725.594999 7124155136.594999 6861847021.594999 6393219386.594999 6039170046.162499 6185384139.162499 6637184194.594999 6750840517.594999 5552192343.162499 6868411807.594999 8284113892.027499 9688888809.46 9200638705.46 11744362673.324997 
9185870853.46 9353200308.46 8138848844.027499 1182291545.4325 0 2548743590.865 6577158717.594999 6835695462.594999 4388703454.73 5894682984.162499 8824516687.0275 7335120171.594999 8830363948.0275 9490572093.46 8345948317.027499 7337802634.594999 6860471086.594999 7011808367.594999 7968982271.027499 8306446682.027499 8044138567.027499 7575510932.027499 7221461591.594999 7367675684.594999 7819475740.027499 7933132063.027499 6734483888.594999 8050703353.027499 9466405437.46 10871180354.892498 10382930250.8925 12926654218.7575 
6637127262.594999 6804456717.594999 5590105253.162499 1366452045.4325 2548743590.865 0 4028415126.73 4286951871.73 1839959863.865 3345939393.2974997 6275773096.162499 4786376580.73 6281620357.162499 6941828502.594999 5797204726.162499 4789059043.73 4311727495.73 4463064776.73 5420238680.162499 5757703091.162499 5495394976.162499 5026767341.162499 4672718000.73 4818932093.73 5270732149.162499 5384388472.162499 4185740297.7299995 5501959762.162499 6917661846.594999 8322436764.027499 7834186660.027499 10377910627.892498 
10665542389.324999 10832871844.324997 9618520379.892498 5394867172.162499 6577158717.594999 4028415126.7299995 0 2683276287.865 2188455262.865 7374354520.027499 10304188222.892498 8814791707.46 10310035483.892498 10970243629.325 9825619852.8925 8817474170.46 8340142622.459999 8491479903.459999 9448653806.8925 9786118217.892498 9523810102.8925 9055182467.8925 8701133127.46 8847347220.46 9299147275.892498 9412803598.892498 8214155424.459999 9530374888.892498 10946076973.324997 12350851890.757496 11862601786.757498 14406325754.622498 
10924079134.324999 11091408589.324997 9877057124.892498 5653403917.162499 6835695462.594999 4286951871.7299995 2683276287.865 0 2446992007.865 7632891265.027499 10562724967.892498 9073328452.46 10568572228.892498 11228780374.325 10084156597.8925 9076010915.46 8598679367.46 8750016648.46 9707190551.8925 10044654962.892498 9782346847.8925 9313719212.8925 8959669872.46 9105883965.46 9557684020.892498 9671340343.892498 8472692169.459999 9788911633.892498 11204613718.324997 12609388635.757496 12121138531.757498 14664862499.622498 
8477087126.459999 8644416581.46 7430065117.027499 3206411909.2974997 4388703454.73 1839959863.865 2188455262.865 2446992007.865 0 5185899257.162499 8115732960.027499 6626336444.594999 8121580221.027499 8781788366.46 7637164590.027499 6629018907.594999 6151687359.594999 6303024640.594999 7260198544.027499 7597662955.027499 7335354840.027499 6866727205.027499 6512677864.594999 6658891957.594999 7110692013.027499 7224348336.027499 6025700161.594999 7341919626.027499 8757621710.46 10162396627.892498 9674146523.8925 12217870491.7575 
3291187869.2974997 3458517324.2974997 2244165859.865 4712391438.73 5894682984.162499 3345939393.2974997 7374354520.027499 7632891265.027499 5185899257.162499 0 2929833702.865 1440437187.4325 2935680963.865 3595889109.2974997 2451265332.865 1443119650.4325 965788102.4325 1117125383.4325 2074299286.8649998 2411763697.865 2149455582.865 1680827947.865 1326778607.4325 1472992700.4325 1924792755.8649998 2038449078.8649998 839800904.4325 2156020368.865 3571722453.2974997 4976497370.73 4488247266.73 7031971234.594999 
6221021572.162499 6388351027.162499 5173999562.73 7642225141.594999 8824516687.0275 6275773096.162499 10304188222.892498 10562724967.892498 8115732960.027499 2929833702.865 0 1489396515.4325 2984640291.865 3644848437.2974997 4886509697.73 4372953353.2975 3895621805.2974997 4046959086.2974997 5004132989.73 5341597400.73 5079289285.73 4610661650.73 4256612310.2974997 4402826403.2975 4854626458.73 4968282781.73 3769634607.2974997 5085854071.73 6501556156.162499 7906331073.594999 7418080969.594999 9961804937.46 
4731625056.73 4898954511.73 3684603047.2974997 6152828626.162499 7335120171.594999 4786376580.73 8814791707.46 9073328452.46 6626336444.594999 1440437187.4325 1489396515.4325 0 1495243776.4325 2155451921.865 3397113182.2974997 2883556837.865 2406225289.865 2557562570.865 3514736474.2974997 3852200885.2974997 3589892770.2974997 3121265135.2974997 2767215794.865 2913429887.865 3365229943.2974997 3478886266.2974997 2280238091.865 3596457556.2974997 5012159640.73 6416934558.162499 5928684454.162499 8472408422.027499 
6226868833.162499 6394198288.162499 5179846823.73 7648072402.594999 8830363948.0275 6281620357.162499 10310035483.892498 10568572228.892498 8121580221.027499 2935680963.865 2984640291.865 1495243776.4325 0 3650695698.2974997 4892356958.73 4378800614.2975 3901469066.2974997 4052806347.2974997 5009980250.73 5347444661.73 5085136546.73 4616508911.73 4262459571.2974997 4408673664.2975 4860473719.73 4974130042.73 3775481868.2974997 5091701332.73 6507403417.162499 7912178334.594999 7423928230.594999 9967652198.46 
6887076978.594999 7054406433.594999 5840054969.162499 8308280548.027499 9490572093.46 6941828502.594999 10970243629.325 11228780374.325 8781788366.46 3595889109.2974997 3644848437.2974997 2155451921.865 3650695698.2974997 0 1241661260.4325 2249806942.865 4561677211.73 4713014492.73 5670188396.162499 6007652807.162499 5745344692.162499 5276717057.162499 4922667716.73 5068881809.73 5520681865.162499 5634338188.162499 4435690013.73 5751909478.162499 7167611562.594999 8572386480.027499 8084136376.027499 10627860343.892498 
5742453202.162499 5909782657.162499 4695431192.73 7163656771.594999 8345948317.027499 5797204726.162499 9825619852.892498 10084156597.892498 7637164590.027499 2451265332.865 4886509697.73 3397113182.2974997 4892356958.73 1241661260.4325 0 1008145682.4325 3417053435.2974997 3568390716.2974997 4525564619.73 4863029030.73 4600720915.73 4132093280.7299995 3778043940.2974997 3924258033.2974997 4376058088.73 4489714411.73 3291066237.2974997 4607285701.73 6022987786.162499 7427762703.594999 6939512599.594999 9483236567.46 
4734307519.73 4901636974.73 3687285510.2974997 6155511089.162499 7337802634.594999 4789059043.73 8817474170.46 9076010915.46 6629018907.594999 1443119650.4325 4372953353.2975 2883556837.865 4378800614.2975 2249806942.865 1008145682.4325 0 2408907752.865 2560245033.865 3517418937.2974997 3854883348.2974997 3592575233.2974997 3123947598.2974997 2769898257.865 2916112350.865 3367912406.2974997 3481568729.2974997 2282920554.865 3599140019.2974997 5014842103.73 6419617021.162499 5931366917.162499 8475090885.027499 
4256975971.7299995 4424305426.73 3209953962.2974997 5678179541.162499 6860471086.594999 4311727495.73 8340142622.459999 8598679367.46 6151687359.594999 965788102.4325 3895621805.2974997 2406225289.865 3901469066.2974997 4561677211.73 3417053435.2974997 2408907752.865 0 1081188890.4325 2038362793.8649998 2108868958.8649998 1975128612.8649998 1825181140.865 1023883868.4325 1900644419.865 2002347472.8649998 2334348595.865 1789871163.865 3121808471.2974997 4537510555.73 5942285473.162499 5454035369.162499 7997759337.027499 
4408313252.73 4575642707.73 3361291243.2974997 5829516822.162499 7011808367.594999 4463064776.73 8491479903.459999 8750016648.46 6303024640.594999 1117125383.4325 4046959086.2974997 2557562570.865 4052806347.2974997 4713014492.73 3568390716.2974997 2560245033.865 1081188890.4325 0 957173903.4325 2010175119.8649998 1387528872.4325 1119087141.4325 1261940788.4325 1158288175.4325 1356068410.4325 1327235707.4325 1956926287.8649998 3273145752.2974997 4688847836.73 6093622754.162499 5605372650.162499 8149096618.027499 
5365487156.162499 5532816611.162499 4318465146.73 6786690725.594999 7968982271.027499 5420238680.162499 9448653806.892498 9707190551.892498 7260198544.027499 2074299286.8649998 5004132989.73 3514736474.2974997 5009980250.73 5670188396.162499 4525564619.73 3517418937.2974997 2038362793.8649998 957173903.4325 0 1130034432.4325 1797233691.865 2076261044.8649998 1409052876.4325 2000537499.8649998 2093487487.8649998 2284409610.865 2543733153.865 4230319655.7299995 5646021740.162499 7050796657.594999 6562546553.594999 9106270521.46 
5702951567.162499 5870281022.162499 4655929557.73 7124155136.594999 8306446682.027499 5757703091.162499 9786118217.892498 10044654962.892498 7597662955.027499 2411763697.865 5341597400.73 3852200885.2974997 5347444661.73 6007652807.162499 4863029030.73 3854883348.2974997 2108868958.8649998 2010175119.8649998 1130034432.4325 0 1154570568.4325 1844873369.865 1084985090.4325 2157742721.865 1928277353.865 2514083600.865 2145714544.8649998 4567784066.73 5983486151.162499 7388261068.594999 6900010964.594999 9443734932.46 
5440643452.162499 5607972907.162499 4393621442.73 6861847021.594999 8044138567.027499 5495394976.162499 9523810102.892498 9782346847.892498 7335354840.027499 2149455582.865 5079289285.73 3589892770.2974997 5085136546.73 5745344692.162499 4600720915.73 3592575233.2974997 1975128612.8649998 1387528872.4325 1797233691.865 1154570568.4325 0 1312177512.4325 1632776449.865 1963068860.8649998 1176257512.4325 2033101818.8649998 2094533423.8649998 4305475951.73 5721178036.162499 7125952953.594999 6637702849.594999 9181426817.46 
4972015817.1625 5139345272.1625 3924993807.73 6393219386.594999 7575510932.027499 5026767341.162499 9055182467.892498 9313719212.892498 6866727205.027499 1680827947.865 4610661650.73 3121265135.2974997 4616508911.73 5276717057.162499 4132093280.7299995 3123947598.2974997 1825181140.865 1119087141.4325 2076261044.8649998 1844873369.865 1312177512.4325 0 801297272.4325 1404768545.4325 1999440630.8649998 2347011333.865 2011160154.8649998 3836848316.73 5252550401.1625 6657325318.595 6169075214.595 8712799182.46 
4617966476.73 4785295931.73 3570944467.2974997 6039170046.162499 7221461591.594999 4672718000.73 8701133127.46 8959669872.46 6512677864.594999 1326778607.4325 4256612310.2974997 2767215794.865 4262459571.2974997 4922667716.73 3778043940.2974997 2769898257.865 1023883868.4325 1261940788.4325 1409052876.4325 1084985090.4325 1632776449.865 801297272.4325 0 1072757631.4325 1791165105.865 2114518447.8649998 1209862882.4325 3482798976.2974997 4898501060.73 6303275978.162499 5815025874.162499 8358749842.027499 
4764180569.73 4931510024.73 3717158560.2974997 6185384139.162499 7367675684.594999 4818932093.73 8847347220.46 9105883965.46 6658891957.594999 1472992700.4325 4402826403.2975 2913429887.865 4408673664.2975 5068881809.73 3924258033.2974997 2916112350.865 1900644419.865 1158288175.4325 2000537499.8649998 2157742721.865 1963068860.8649998 1404768545.4325 1072757631.4325 0 1219374183.4325 2076218489.8649998 2282620513.865 3629013069.2974997 5044715153.73 6449490071.162499 5961239967.162499 8504963935.027499 
5215980625.162499 5383310080.162499 4168958615.7299995 6637184194.594999 7819475740.027499 5270732149.162499 9299147275.892498 9557684020.892498 7110692013.027499 1924792755.8649998 4854626458.73 3365229943.2974997 4860473719.73 5520681865.162499 4376058088.73 3367912406.2974997 2002347472.8649998 1356068410.4325 2093487487.8649998 1928277353.865 1176257512.4325 1999440630.8649998 1791165105.865 1219374183.4325 0 856844306.4325 1822027529.865 4080813124.7299995 5496515209.162499 6901290126.594999 6413040022.594999 8956763990.46 
5329636948.162499 5496966403.162499 4282614938.7299995 6750840517.594999 7933132063.027499 5384388472.162499 9412803598.892498 9671340343.892498 7224348336.027499 2038449078.8649998 4968282781.73 3478886266.2974997 4974130042.73 5634338188.162499 4489714411.73 3481568729.2974997 2334348595.865 1327235707.4325 2284409610.865 2514083600.865 2033101818.8649998 2347011333.865 2114518447.8649998 2076218489.8649998 856844306.4325 0 1198648174.4325 4194469447.7299995 5610171532.162499 7014946449.594999 6526696345.594999 9070420313.46 
4130988773.7299995 4298318228.73 3083966764.2974997 5552192343.162499 6734483888.594999 4185740297.7299995 8214155424.459999 8472692169.459999 6025700161.594999 839800904.4325 3769634607.2974997 2280238091.865 3775481868.2974997 4435690013.73 3291066237.2974997 2282920554.865 1789871163.865 1956926287.8649998 2543733153.865 2145714544.8649998 2094533423.8649998 2011160154.8649998 1209862882.4325 2282620513.865 1822027529.865 1198648174.4325 0 2995821273.2974997 4411523357.73 5816298275.162499 5328048171.162499 7871772139.027499 
2209964220.865 2377293675.865 1162942211.4325 6868411807.594999 8050703353.027499 5501959762.162499 9530374888.892498 9788911633.892498 7341919626.027499 2156020368.865 5085854071.73 3596457556.2974997 5091701332.73 5751909478.162499 4607285701.73 3599140019.2974997 3121808471.2974997 3273145752.2974997 4230319655.7299995 4567784066.73 4305475951.73 3836848316.7299995 3482798976.2974997 3629013069.2974997 4080813124.7299995 4194469447.7299995 2995821273.2974997 0 1415702084.4325 2820477001.865 3407023618.2974997 5950747586.162499 
3625666305.2974997 3792995760.2974997 2578644295.865 8284113892.027499 9466405437.46 6917661846.594999 10946076973.325 11204613718.325 8757621710.46 3571722453.2974997 6501556156.162499 5012159640.73 6507403417.162499 7167611562.594999 6022987786.162499 5014842103.73 4537510555.73 4688847836.73 5646021740.162499 5983486151.162499 5721178036.162499 5252550401.162499 4898501060.73 5044715153.73 5496515209.162499 5610171532.162499 4411523357.73 1415702084.4325 0 1404774917.4325 4822725702.73 7366449670.594999 
5030441222.73 5197770677.73 3983419213.2974997 9688888809.46 10871180354.892498 8322436764.027499 12350851890.7575 12609388635.7575 10162396627.8925 4976497370.73 7906331073.594999 6416934558.162499 7912178334.594999 8572386480.027499 7427762703.594999 6419617021.162499 5942285473.162499 6093622754.162499 7050796657.594999 7388261068.594999 7125952953.594999 6657325318.594999 6303275978.162499 6449490071.162499 6901290126.594999 7014946449.594999 5816298275.162499 2820477001.865 1404774917.4325 0 6227500620.162499 8771224588.0275 
3291103416.2974997 1029729942.4325 2244081406.865 9200638705.46 10382930250.892498 7834186660.027499 11862601786.7575 12121138531.7575 9674146523.8925 4488247266.73 7418080969.594999 5928684454.162499 7423928230.594999 8084136376.027499 6939512599.594999 5931366917.162499 5454035369.162499 5605372650.162499 6562546553.594999 6900010964.594999 6637702849.594999 6169075214.594999 5815025874.162499 5961239967.162499 6413040022.594999 6526696345.594999 5328048171.162499 3407023618.2974997 4822725702.73 6227500620.162499 0 2543723967.865 
5834827384.162499 3573453910.2974997 4787805374.73 11744362673.324997 12926654218.757496 10377910627.892498 14406325754.622501 14664862499.622501 12217870491.7575 7031971234.594999 9961804937.46 8472408422.027499 9967652198.46 10627860343.892498 9483236567.46 8475090885.027499 7997759337.027499 8149096618.027499 9106270521.46 9443734932.46 9181426817.46 8712799182.46 8358749842.027499 8504963935.027499 8956763990.46 9070420313.46 7871772139.027499 5950747586.162499 7366449670.594999 8771224588.0275 2543723967.865 0 
