36
Patrick Danielle Rhonda Alex Dennis Steven Joshua Jamie Sara April Paul Scott Debra John Michael Gina Jonathon Elaine Mariah Elizabeth Sean Natasha Amy Ralph Melissa Miguel Paige Jonathan Robin Jeanette Monique Cassandra Glenda Janet Melinda Austin
0 455.0 654.0 724.0 873.0 736.0 888.0 558.0 674.0 520.0 642.0 837.0 846.0 879.0 719.0 718.0 677.0 852.0 831.0 743.0 836.0 888.0 744.0 517.0 924.0 571.0 825.0 735.0 861.0 987.0 989.0 890.0 869.0 553.0 529.0 424.0 
455.0 0 749.0 888.0 608.0 507.0 741.0 513.0 850.0 972.0 845.0 583.0 925.0 512.0 920.0 925.0 748.0 939.0 773.0 942.0 712.0 894.0 501.0 784.0 987.0 558.0 915.0 669.0 506.0 604.0 964.0 944.0 518.0 785.0 748.0 582.0 
654.0 749.0 0 415.0 898.0 904.0 930.0 907.0 850.0 587.0 903.0 497.0 865.0 785.0 911.0 987.0 680.0 751.0 772.0 929.0 906.0 905.0 506.0 780.0 954.0 428.0 549.0 903.0 843.0 519.0 867.0 937.0 902.0 981.0 735.0 897.0 
724.0 888.0 415.0 0 687.0 977.0 784.0 890.0 869.0 467.0 936.0 855.0 616.0 924.0 496.0 590.0 718.0 797.0 831.0 1005.0 655.0 1046.0 414.0 821.0 677.0 697.0 909.0 729.0 979.0 934.0 572.0 844.0 517.0 963.0 888.0 482.0 
873.0 608.0 898.0 687.0 0 415.0 833.0 979.0 550.0 859.0 813.0 588.0 857.0 717.0 738.0 934.0 887.0 707.0 448.0 524.0 538.0 568.0 899.0 433.0 969.0 882.0 766.0 936.0 864.0 537.0 410.0 902.0 867.0 901.0 478.0 895.0 
736.0 507.0 904.0 977.0 415.0 0 418.0 837.0 673.0 870.0 864.0 599.0 750.0 621.0 861.0 519.0 838.0 958.0 763.0 939.0 906.0 875.0 575.0 848.0 971.0 738.0 474.0 608.0 769.0 732.0 825.0 971.0 460.0 486.0 790.0 772.0 
888.0 741.0 930.0 784.0 833.0 418.0 0 419.0 721.0 937.0 759.0 782.0 944.0 841.0 443.0 866.0 420.0 864.0 563.0 916.0 488.0 457.0 909.0 703.0 904.0 509.0 845.0 538.0 706.0 860.0 955.0 698.0 794.0 904.0 928.0 827.0 
558.0 513.0 907.0 890.0 979.0 837.0 419.0 0 498.0 900.0 944.0 529.0 902.0 928.0 862.0 856.0 692.0 445.0 678.0 956.0 907.0 633.0 675.0 748.0 680.0 854.0 541.0 882.0 980.0 594.0 995.0 585.0 857.0 758.0 825.0 408.0 
674.0 850.0 850.0 869.0 550.0 673.0 721.0 498.0 0 402.0 841.0 680.0 580.0 430.0 777.0 915.0 635.0 684.0 531.0 458.0 899.0 467.0 912.0 504.0 734.0 552.0 836.0 900.0 886.0 869.0 665.0 555.0 869.0 448.0 823.0 409.0 
520.0 972.0 587.0 467.0 859.0 870.0 937.0 900.0 402.0 0 469.0 884.0 478.0 832.0 914.0 771.0 911.0 908.0 715.0 645.0 883.0 738.0 588.0 906.0 516.0 928.0 553.0 730.0 875.0 467.0 983.0 910.0 759.0 543.0 421.0 582.0 
642.0 845.0 903.0 936.0 813.0 864.0 759.0 944.0 841.0 469.0 0 415.0 832.0 477.0 898.0 489.0 849.0 894.0 831.0 589.0 499.0 867.0 631.0 879.0 668.0 878.0 835.0 873.0 898.0 936.0 931.0 855.0 845.0 872.0 737.0 937.0 
837.0 583.0 497.0 855.0 588.0 599.0 782.0 529.0 680.0 884.0 415.0 0 417.0 830.0 968.0 904.0 893.0 700.0 973.0 944.0 491.0 923.0 441.0 1007.0 864.0 610.0 558.0 816.0 913.0 899.0 683.0 440.0 578.0 723.0 970.0 937.0 
846.0 925.0 865.0 616.0 857.0 750.0 944.0 902.0 580.0 478.0 832.0 417.0 0 413.0 674.0 946.0 858.0 836.0 712.0 527.0 694.0 671.0 840.0 858.0 926.0 913.0 975.0 792.0 698.0 945.0 867.0 738.0 897.0 511.0 899.0 852.0 
879.0 512.0 785.0 924.0 717.0 621.0 841.0 928.0 430.0 832.0 477.0 830.0 413.0 0 428.0 851.0 822.0 669.0 620.0 741.0 853.0 897.0 916.0 558.0 907.0 500.0 868.0 773.0 717.0 811.0 454.0 843.0 734.0 878.0 970.0 839.0 
719.0 920.0 911.0 496.0 738.0 861.0 443.0 862.0 777.0 914.0 898.0 968.0 674.0 428.0 0 423.0 669.0 456.0 881.0 909.0 890.0 582.0 910.0 455.0 479.0 656.0 470.0 945.0 722.0 943.0 775.0 696.0 959.0 746.0 918.0 618.0 
718.0 925.0 987.0 590.0 934.0 519.0 866.0 856.0 915.0 771.0 489.0 904.0 946.0 851.0 423.0 0 604.0 854.0 913.0 1078.0 669.0 854.0 872.0 549.0 902.0 731.0 558.0 547.0 972.0 520.0 895.0 635.0 956.0 652.0 932.0 912.0 
677.0 748.0 680.0 718.0 887.0 838.0 420.0 692.0 635.0 911.0 849.0 893.0 858.0 822.0 669.0 604.0 0 626.0 879.0 496.0 402.0 834.0 489.0 917.0 841.0 820.0 873.0 587.0 587.0 524.0 535.0 876.0 889.0 906.0 566.0 911.0 
852.0 939.0 751.0 797.0 707.0 958.0 864.0 445.0 684.0 908.0 894.0 700.0 836.0 669.0 456.0 854.0 626.0 0 425.0 701.0 826.0 1009.0 573.0 689.0 674.0 841.0 484.0 1020.0 575.0 764.0 550.0 853.0 1026.0 1086.0 767.0 853.0 
831.0 773.0 772.0 831.0 448.0 763.0 563.0 678.0 531.0 715.0 831.0 973.0 712.0 620.0 881.0 913.0 879.0 425.0 0 442.0 771.0 675.0 736.0 703.0 774.0 889.0 846.0 760.0 705.0 954.0 768.0 604.0 872.0 883.0 602.0 705.0 
743.0 942.0 929.0 1005.0 524.0 939.0 916.0 956.0 458.0 645.0 589.0 944.0 527.0 741.0 909.0 1078.0 496.0 701.0 442.0 0 658.0 925.0 985.0 579.0 506.0 912.0 846.0 1003.0 716.0 637.0 608.0 564.0 957.0 586.0 593.0 867.0 
836.0 712.0 906.0 655.0 538.0 906.0 488.0 907.0 899.0 883.0 499.0 491.0 694.0 853.0 890.0 669.0 402.0 826.0 771.0 658.0 0 432.0 891.0 971.0 932.0 979.0 858.0 751.0 526.0 926.0 750.0 893.0 704.0 515.0 958.0 541.0 
888.0 894.0 905.0 1046.0 568.0 875.0 457.0 633.0 467.0 738.0 867.0 923.0 671.0 897.0 582.0 854.0 834.0 1009.0 675.0 925.0 432.0 0 776.0 754.0 990.0 726.0 922.0 696.0 946.0 756.0 747.0 986.0 764.0 915.0 998.0 766.0 
744.0 501.0 506.0 414.0 899.0 575.0 909.0 675.0 912.0 588.0 631.0 441.0 840.0 916.0 910.0 872.0 489.0 573.0 736.0 985.0 891.0 776.0 0 830.0 929.0 674.0 909.0 525.0 977.0 1013.0 842.0 881.0 574.0 991.0 529.0 503.0 
517.0 784.0 780.0 821.0 433.0 848.0 703.0 748.0 504.0 906.0 879.0 1007.0 858.0 558.0 455.0 549.0 917.0 689.0 703.0 579.0 971.0 754.0 830.0 0 853.0 555.0 884.0 911.0 706.0 970.0 488.0 857.0 983.0 921.0 563.0 554.0 
924.0 987.0 954.0 677.0 969.0 971.0 904.0 680.0 734.0 516.0 668.0 864.0 926.0 907.0 479.0 902.0 841.0 674.0 774.0 506.0 932.0 990.0 929.0 853.0 0 837.0 584.0 497.0 926.0 697.0 959.0 876.0 511.0 693.0 920.0 684.0 
571.0 558.0 428.0 697.0 882.0 738.0 509.0 854.0 552.0 928.0 878.0 610.0 913.0 500.0 656.0 731.0 820.0 841.0 889.0 912.0 979.0 726.0 674.0 555.0 837.0 0 431.0 697.0 668.0 909.0 954.0 864.0 573.0 920.0 731.0 516.0 
825.0 915.0 549.0 909.0 766.0 474.0 845.0 541.0 836.0 553.0 835.0 558.0 975.0 868.0 470.0 558.0 873.0 484.0 846.0 846.0 858.0 922.0 909.0 884.0 584.0 431.0 0 575.0 928.0 830.0 848.0 607.0 619.0 603.0 974.0 835.0 
735.0 669.0 903.0 729.0 936.0 608.0 538.0 882.0 900.0 730.0 873.0 816.0 792.0 773.0 945.0 547.0 587.0 1020.0 760.0 1003.0 751.0 696.0 525.0 911.0 497.0 697.0 575.0 0 518.0 938.0 633.0 596.0 945.0 578.0 498.0 713.0 
861.0 506.0 843.0 979.0 864.0 769.0 706.0 980.0 886.0 875.0 898.0 913.0 698.0 717.0 722.0 972.0 587.0 575.0 705.0 716.0 526.0 946.0 977.0 706.0 926.0 668.0 928.0 518.0 0 974.0 458.0 739.0 873.0 720.0 887.0 953.0 
987.0 604.0 519.0 934.0 537.0 732.0 860.0 594.0 869.0 467.0 936.0 899.0 945.0 811.0 943.0 520.0 524.0 764.0 954.0 637.0 926.0 756.0 1013.0 970.0 697.0 909.0 830.0 938.0 974.0 0 516.0 840.0 696.0 749.0 888.0 1002.0 
989.0 964.0 867.0 572.0 410.0 825.0 955.0 995.0 665.0 983.0 931.0 683.0 867.0 454.0 775.0 895.0 535.0 550.0 768.0 608.0 750.0 747.0 842.0 488.0 959.0 954.0 848.0 633.0 458.0 516.0 0 492.0 1012.0 658.0 717.0 897.0 
890.0 944.0 937.0 844.0 902.0 971.0 698.0 585.0 555.0 910.0 855.0 440.0 738.0 843.0 696.0 635.0 876.0 853.0 604.0 564.0 893.0 986.0 881.0 857.0 876.0 864.0 607.0 596.0 739.0 840.0 492.0 0 795.0 714.0 874.0 871.0 
869.0 518.0 902.0 517.0 867.0 460.0 794.0 857.0 869.0 759.0 845.0 578.0 897.0 734.0 959.0 956.0 889.0 1026.0 872.0 957.0 704.0 764.0 574.0 983.0 511.0 573.0 619.0 945.0 873.0 696.0 1012.0 795.0 0 446.0 942.0 897.0 
553.0 785.0 981.0 963.0 901.0 486.0 904.0 758.0 448.0 543.0 872.0 723.0 511.0 878.0 746.0 652.0 906.0 1086.0 883.0 586.0 515.0 915.0 991.0 921.0 693.0 920.0 603.0 578.0 720.0 749.0 658.0 714.0 446.0 0 496.0 857.0 
529.0 748.0 735.0 888.0 478.0 790.0 928.0 825.0 823.0 421.0 737.0 970.0 899.0 970.0 918.0 932.0 566.0 767.0 602.0 593.0 958.0 998.0 529.0 563.0 920.0 731.0 974.0 498.0 887.0 888.0 717.0 874.0 942.0 496.0 0 417.0 
424.0 582.0 897.0 482.0 895.0 772.0 827.0 408.0 409.0 582.0 937.0 937.0 852.0 839.0 618.0 912.0 911.0 853.0 705.0 867.0 541.0 766.0 503.0 554.0 684.0 516.0 835.0 713.0 953.0 1002.0 897.0 871.0 897.0 857.0 417.0 0 
