18
Paula Javier David Shannon Alexander Russell Rachel Gary Anthony Adrian Jordan Dylan Lisa Amanda Jade John Jon Leah
0 226.0 436.0 220.0 302.0 407.0 464.0 428.0 425.0 355.0 373.0 481.0 325.0 299.0 322.0 437.0 373.0 262.0 
226.0 0 210.0 435.0 441.0 321.0 497.0 388.0 471.0 345.0 507.0 505.0 443.0 486.0 470.0 477.0 495.0 488.0 
436.0 210.0 0 366.0 481.0 372.0 287.0 501.0 477.0 251.0 515.0 472.0 233.0 528.0 507.0 383.0 331.0 340.0 
220.0 435.0 366.0 0 202.0 399.0 370.0 255.0 216.0 300.0 399.0 278.0 291.0 462.0 338.0 472.0 455.0 477.0 
302.0 441.0 481.0 202.0 0 264.0 495.0 457.0 361.0 445.0 350.0 343.0 493.0 439.0 477.0 326.0 362.0 464.0 
407.0 321.0 372.0 399.0 264.0 0 301.0 455.0 428.0 293.0 355.0 478.0 442.0 200.0 438.0 291.0 428.0 200.0 
464.0 497.0 287.0 370.0 495.0 301.0 0 502.0 471.0 335.0 450.0 385.0 492.0 486.0 304.0 315.0 499.0 347.0 
428.0 388.0 501.0 255.0 457.0 455.0 502.0 0 342.0 490.0 297.0 485.0 268.0 255.0 491.0 450.0 458.0 466.0 
425.0 471.0 477.0 216.0 361.0 428.0 471.0 342.0 0 226.0 436.0 449.0 425.0 415.0 318.0 365.0 375.0 463.0 
355.0 345.0 251.0 300.0 445.0 293.0 335.0 490.0 226.0 0 279.0 441.0 248.0 353.0 522.0 468.0 529.0 285.0 
373.0 507.0 515.0 399.0 350.0 355.0 450.0 297.0 436.0 279.0 0 203.0 380.0 451.0 263.0 272.0 473.0 538.0 
481.0 505.0 472.0 278.0 343.0 478.0 385.0 485.0 449.0 441.0 203.0 0 239.0 480.0 326.0 282.0 483.0 588.0 
325.0 443.0 233.0 291.0 493.0 442.0 492.0 268.0 425.0 248.0 380.0 239.0 0 394.0 274.0 267.0 300.0 533.0 
299.0 486.0 528.0 462.0 439.0 200.0 486.0 255.0 415.0 353.0 451.0 480.0 394.0 0 440.0 253.0 454.0 400.0 
322.0 470.0 507.0 338.0 477.0 438.0 304.0 491.0 318.0 522.0 263.0 326.0 274.0 440.0 0 241.0 442.0 564.0 
437.0 477.0 383.0 472.0 326.0 291.0 315.0 450.0 365.0 468.0 272.0 282.0 267.0 253.0 241.0 0 201.0 491.0 
373.0 495.0 331.0 455.0 362.0 428.0 499.0 458.0 375.0 529.0 473.0 483.0 300.0 454.0 442.0 201.0 0 389.0 
262.0 488.0 340.0 477.0 464.0 200.0 347.0 466.0 463.0 285.0 538.0 588.0 533.0 400.0 564.0 491.0 389.0 0 
