37
Zubat Manectric Bidoof Celebi Toxapex Tsareena Stufful Delibird Cascoon Timburr Machoke Bouffalant Infernape Lillipup Hakamoo Flaaffy Volbeat Dialga Zapdos Poliwrath Wailmer Wormadam Bergmite Togetic Masquerain Tentacruel Regice Shaymin Gastrodon Moltres Sentret Hitmonlee Doublade Aurorus Bayleef Furfrou Florges
0 39.45884 93.35688999999999 129.30055 96.89685 138.18458 105.71957 144.86453 129.18750999999997 175.21295 139.98306 136.35734 125.35067000000001 109.64675 129.69669 127.27334000000002 117.50565 63.00794 148.72752 173.30743999999999 147.05291 191.60421000000002 117.35463000000001 136.00399 95.19958 127.29369 70.35624 136.67365999999998 175.9117 123.68144000000001 152.49577 171.75423 149.0386 142.01427 131.80085 94.14451 65.38348 
39.45884 0 53.89805 90.24360999999999 122.64730999999999 177.64342 137.36061999999998 147.58648 168.64634999999998 152.64907 100.52422 96.8985 109.9369 133.69078000000002 113.64084000000001 87.81450000000001 146.54269 102.46678 118.67952 186.73832 154.98712 217.48512 156.81347 175.46283 134.65842 98.15804 109.81508 157.21872 162.60755 129.30766 130.88841 135.02084 157.73647 181.47311000000002 171.25969 133.60335 104.84232 
93.35688999999999 53.89805 0 36.34556 68.74925999999999 138.5633 83.46257 93.68843 125.67892 98.75102000000001 46.62617 43.00045 56.03885 86.53475 86.20088 93.53788 138.33988 111.18786 97.14467 134.89758 101.08907 163.58707 166.94648999999998 125.62072 100.90587 144.55506 91.83681 103.32066999999999 127.63987 75.40961 76.99036 81.12279000000001 103.83842000000001 144.04201999999998 128.72374 103.87961 123.79866 
129.30055 90.24360999999999 36.34556 0 32.4037 102.21774 119.80813 101.35792000000001 94.57751999999999 135.09658000000002 82.97173000000001 79.34600999999999 92.38440999999999 110.3349 90.28496000000001 92.70012999999999 116.00999999999999 88.79198 133.49023 102.56673 106.8726 169.3706 130.60093 105.36472 64.56031 135.61283 128.18237 131.49498 91.29431 39.06405 40.6448 44.77723 67.49286000000001 107.69646 105.19039000000001 67.53405000000001 94.37640999999999 
96.89685 122.64730999999999 68.74925999999999 32.4037 0 69.81404 148.12462 121.47091 88.69897 144.06443000000002 91.93958 111.74971 115.39078 84.89488 104.94481999999999 125.10383 148.4137 121.19568000000001 149.54213000000001 134.97043 133.64166999999998 182.73516 157.37 137.76842 96.96401 142.08673 160.58607 162.39738 118.06338 65.83312 73.04849999999999 77.18093 99.89656000000001 75.29276 126.61026000000001 99.93775 126.78011000000001 
138.18458 177.64342000000002 138.5633 102.21774 69.81404 0 113.13719 156.71173000000002 152.81517 188.90338 156.05578 164.48601 164.26837999999998 147.46800000000002 143.79354 143.02744 172.8261 141.27175 193.43921 155.04649999999998 179.95435 199.02183000000002 124.77225000000001 121.09353999999999 102.6172 171.35627 196.95785 171.65913 187.87741999999997 135.64715999999999 95.99861 140.77584000000002 120.76309 145.10680000000002 164.50685 126.85051 72.8011 
105.71957 137.36061999999998 83.46257 119.80813 148.12462 113.13719 0 62.6578 89.1179 163.17869000000002 115.12349 92.76296 93.72564 63.22974 83.27968 109.10602 130.87803 95.45877999999999 115.51254 150.67589999999998 98.05554000000001 160.55354 92.30724000000001 110.95659999999998 70.15218999999999 106.75811 83.82066 128.36778999999999 137.62119 113.74338 121.64282 154.87013 132.15449999999998 174.46510999999998 132.04184 94.38550000000001 40.33609 
144.86453 147.58648 93.68843 101.35792000000001 121.47091 156.71173000000002 62.6578 0 32.77194 106.83273 115.53347 101.1019 88.0635 98.84576000000001 78.79582 96.44795 68.22023 89.33721 119.00527 97.86373 35.39774 97.89573999999999 139.80449 76.66159 58.01724 57.14893 114.08637999999999 131.86052 133.13733000000002 103.20629 60.71312 103.20024000000001 80.48461 135.4937 120.48838 110.41621 87.83333999999999 
129.18751 168.64635 125.67891999999999 94.57751999999999 88.69897 152.81517 89.1179 32.77194 0 74.06079 85.84428 133.87384 120.83544 98.84093 93.51739 119.34373000000001 100.99217 66.17957 86.23333 130.63567 68.16968 130.66768 149.33004 109.43353 90.78918 78.77793 135.71537999999998 99.08858 136.69443 84.46417 92.36361 135.97218 113.25655 145.1859 140.55631 121.17259 120.60528 
175.21295 152.64907 98.75102000000001 135.09658000000002 144.06443000000002 188.90338 163.17869000000002 106.83273 74.06079 0 52.12485 95.80917 82.77077 113.26667 118.53244000000001 144.35878 175.05295999999998 137.45538 157.50914 167.22914 142.23047 204.72847 200.63943 175.00487999999999 154.83009 150.05374 157.48613 170.36439 172.87395 135.10183 150.86902 179.87381000000002 182.52325000000002 215.28232000000003 146.6424 148.77837 174.23805000000002 
139.98306 100.52422 46.62617 82.97173000000001 91.93958 156.05578 115.12349 115.53347 85.84428 52.12485 0 89.62662 102.66502 86.45752999999999 66.40759 92.23393 139.82824 85.33053 105.38429 115.10428999999999 147.71524 182.87251 157.41595999999998 143.50965 102.70524 97.92889 138.46298000000002 118.23953999999999 120.7491 83.50704999999999 98.74417 127.74896000000001 150.07723 163.15747 108.93045000000001 139.17618 132.52134 
136.35734 96.8985 43.00045 79.34601 111.74971000000001 164.48601 92.76296 101.1019 133.87384 95.80917 89.62662 0 13.0384 43.5343 63.58424 76.25833 124.22566 114.91830000000002 98.86558000000001 112.9255 109.33394000000001 166.62437 130.90706 105.27251000000001 65.19221 158.25083 134.83726000000001 122.5883 117.92575 100.4805 102.56642 124.12324000000001 126.52291 155.18467 102.06679 108.50352000000001 95.00831 
125.35067000000001 109.9369 56.03885 92.38441 115.39078 164.26837999999998 93.72564 88.0635 120.83544 82.77077 102.66502 13.0384 0 30.4959 50.54584 63.219930000000005 111.18726000000001 101.8799 111.90398 99.8871 110.57015000000001 153.58597 117.86866 92.23411 78.23061 145.21243 133.90939 109.54990000000001 104.88735 101.76675 89.52802 126.77368999999999 113.48451 142.14627000000002 115.10519 95.46512000000001 91.46727999999999 
109.64675 133.69078 86.53475 110.3349 84.89488 147.468 63.22974 98.84576000000001 98.84093 113.26667 86.45752999999999 43.5343 30.4959 0 20.04994 45.876279999999994 93.65089 95.25784999999999 114.95123999999998 130.38299999999998 80.07425 142.57225 87.37276 86.95898000000001 108.72651 152.22869 116.56573999999999 83.27064 74.39144999999999 71.27085 69.92138 114.69861 124.26677000000001 141.53846000000001 102.62556000000001 64.96922 80.80445 
129.69669 113.64084 86.20088 90.28496 104.94481999999999 143.79354 83.27968 78.79582 93.51739 118.53244000000001 66.40759 63.584239999999994 50.54584 20.04994 0 25.82634 73.60095 75.20791 94.90129999999999 135.70893 100.12419 130.831 107.42269999999999 92.79547 106.90306 135.94475 96.5158 103.32058 54.34151 51.220909999999996 84.44534 126.93246 104.21683 121.48852000000001 122.6755 85.01916 100.85439 
127.27334000000002 87.81450000000001 93.53788 92.70013 125.10383 143.02744 109.10602 96.44795 119.34373 144.35878 92.23392999999999 76.25833 63.219930000000005 45.876279999999994 25.82634 0 58.72819 101.03424999999999 69.07496 109.88259 125.95052999999999 130.0649 104.82843 118.62181 97.48354 127.62691 70.68946 129.14692 74.79305 77.04724999999999 90.52072 134.53922 111.82359 138.89646 140.4351 110.8455 126.68073 
117.50565 146.54269 138.33988 116.00999999999999 148.4137 172.8261 130.87803 68.22023 100.99217 175.05295999999998 139.82824 124.22566 111.18726000000001 93.65089 73.60095 58.72819 0 54.49771 127.80314999999999 166.08396 103.61797 166.11597 137.64818 144.88182 126.23747 125.36916 129.41764999999998 153.07254 127.94246 124.82185999999999 128.93335000000002 160.78723 148.70484 133.50404 134.38378 109.12866 100.025 
63.00794 102.46678 111.18786 88.79198 121.19568 141.27175 95.45877999999999 89.33721 66.17957 137.45538 85.33053 114.9183 101.8799 95.25784999999999 75.20791 101.03425 54.49771 0 85.71958000000001 129.58492999999999 124.73495 157.40005 83.15047 161.73123999999999 120.92683 78.26418 133.36418 98.57482999999999 129.54942 83.95042000000001 91.84986 133.56921 134.01542 79.00633 133.05178 122.7755 101.33671 
148.72752 118.67952 97.14467 133.49023 149.54213000000001 193.43921 115.51254 119.00527 86.23333 157.50914 105.38429 98.86558000000001 111.90398 114.95124000000001 94.9013 69.07496 127.80315 85.71958000000001 0 68.0588 130.52479 193.02279 168.87005 131.94033 144.45571999999999 98.31794 90.68874 118.62859 143.86801 104.00418 111.90362 156.68085000000002 179.39648000000003 164.72591 149.58928 177.02427 155.84863 
173.30743999999999 186.73832000000002 134.89758 102.56673 134.97043000000002 155.04649999999998 150.6759 97.86373 130.63567 167.22914 115.10428999999999 112.9255 99.8871 130.383 135.70892999999998 109.88259 166.08396 129.58492999999999 68.0588 0 62.46599 124.96399 173.81042 132.82757999999998 92.02317 155.01266 158.74754000000001 175.99612 182.5048 130.27454 124.47451999999998 147.34396 153.52776 208.53685000000002 154.49430999999998 146.87286 121.83927 
147.05291 154.98712 101.08907 106.8726 133.64166999999998 179.95435 98.05554000000001 35.39774 68.16968 142.23047 147.71524 109.33394000000001 110.57015000000001 80.07425 100.12419 125.95053 103.61797 124.73495 130.52479 62.46599 0 62.498 136.74758 112.05933 93.41498 92.54667 149.48412000000002 163.34489000000002 120.03881 67.80855 96.11086 138.59798 115.88235 170.89144 149.23246 139.32670000000002 114.86484999999999 
191.60421000000002 217.48512 163.58707 169.3706 182.73516 199.02183000000002 160.55354 97.89573999999999 130.66768 204.72847 182.87251 166.62437 153.58597 142.57225 130.831 130.0649 166.11597 157.40005 193.02279 124.96399 62.498 0 74.24958 106.98999 147.7944 155.04467 169.2019 174.14552 182.53681 130.30655 158.60886 149.90693 159.81826999999998 214.82736 210.26554 180.27014 126.22073 
117.35463000000001 156.81347000000002 166.94649 130.60093 157.37 124.77225000000001 92.30724000000001 139.80449 149.33004 200.63943 157.41596 130.90706 117.86866 87.37276 107.42269999999999 104.82843 137.64818 83.15047 168.87005 173.81042 136.74758 74.24958 0 79.7308 81.78725 161.41465 168.70089000000002 169.98149 143.76713999999998 91.53688 147.24673 108.28432000000001 85.56869 140.57778000000002 143.6769 106.02056 51.97115 
136.00399 175.46283 125.62072 105.36472 137.76842 121.09353999999999 110.9566 76.66159 109.43353 175.00488 143.50965 105.27251 92.23411 86.95898000000001 92.79547 118.62181 144.88182 161.73123999999999 131.94033 132.82757999999998 112.05933 106.98999 79.7308 0 40.80441 133.81052 88.97009 93.91371000000001 147.13698 144.01638 96.59318999999999 82.34285 105.05848 160.06757 103.27555000000001 124.66992 70.62051 
95.19958 134.65842 100.90587 64.56031 96.96401 102.6172 70.15218999999999 58.01724 90.78918 154.83009 102.70524 65.19221 78.23061 108.72650999999999 106.90306 97.48354 126.23747 120.92683 144.45572 92.02317 93.41498 147.7944 81.78725 40.80441 0 115.16617 95.1473 107.64362 148.00689 103.62436 105.20510999999999 109.33754 89.79756 123.64982 62.47114 83.86551 29.8161 
127.29369 98.15804 144.55506 135.61283 142.08673000000002 171.35627 106.75811 57.14893 78.77793 150.05374 97.92889 158.25082999999998 145.21242999999998 152.22869 135.94475 127.62691 125.36916 78.26418 98.31794 155.01266 92.54667 155.04467 161.41465 133.81052 115.16617 0 56.93745 111.17318999999999 148.77904 96.54878 104.44821999999999 149.22545 137.63353999999998 105.84895 152.04453999999998 156.9634 142.41159 
70.35624 109.81508 91.83681 128.18237 160.58607 196.95785 83.82066 114.08637999999999 135.71537999999998 157.48613 138.46298000000002 134.83726 133.90939 116.56574 96.5158 70.68946 129.41764999999998 133.36418 90.68874 158.74754000000001 149.48412 169.2019 168.70089000000002 88.97009 95.1473 56.93745 0 66.31742 130.63693 147.73671 144.83918 144.55476 167.27039 162.78640000000001 114.80854 130.27835 124.15675 
136.67365999999998 157.21872 103.32066999999999 131.49498 162.39738 171.65913 128.36778999999999 131.86052 99.08858 170.36439 118.23953999999999 122.5883 109.54990000000001 83.27064 103.32058 129.14692 153.07254 98.57482999999999 118.62859 175.99612 163.34489000000002 174.14552 169.98148999999998 93.91371000000001 107.64362 111.17318999999999 66.31742 0 64.31951 116.54977 124.75887 149.49838 155.76934 177.58116 101.61726999999999 63.96093 118.01033999999999 
175.9117 162.60755 127.63987 91.29431 118.06338 187.87742 137.62118999999998 133.13733 136.69443 172.87395 120.7491 117.92575 104.88735 74.39144999999999 54.34151 74.79305 127.94245999999998 129.54942 143.86801 182.5048 120.03881 182.53681 143.76713999999998 147.13698 148.00689 148.77904 130.63693 64.31951 0 52.23026 124.60429 136.07154 158.55834 155.88835 142.308 128.28044 155.1959 
123.68144000000001 129.30766 75.40961 39.06405 65.83312 135.64715999999999 113.74338 103.20629 84.46417 135.10183 83.50704999999999 100.4805 101.76675 71.27085 51.220909999999996 77.04724999999999 124.82185999999999 83.95042000000001 104.00418 130.27454 67.80855 130.30655 91.53688 144.01638 103.62436 96.54878 147.73671 116.54977 52.23026 0 72.37403 83.84128000000001 106.55691000000002 103.65809 90.07774 83.27638 130.39759 
152.49577 130.88841 76.99036 40.6448 73.04849999999999 95.99861 121.64282 60.71312 92.36361 150.86902 98.74417 102.56642 89.52802 69.92138 84.44534 90.52072 128.93335000000002 91.84986 111.90362 124.47451999999998 96.11086 158.60886 147.24672999999999 96.59318999999999 105.20510999999999 104.44821999999999 144.83918 124.75887 124.60429 72.37403 0 44.77723 67.49286000000001 122.50195000000001 74.21752000000001 108.17885 95.27557999999999 
171.75423 135.02084000000002 81.12279000000001 44.77723 77.18093 140.77584000000002 154.87013000000002 103.20024000000001 135.97218 179.87381000000002 127.74896000000001 124.12324000000001 126.77368999999999 114.69861 126.93246 134.53922 160.78723 133.56921 156.68085000000002 147.34395999999998 138.59798 149.90693 108.28432000000001 82.34285 109.33754000000002 149.22545000000002 144.55476 149.49838 136.07154000000003 83.84128000000001 44.77723 0 22.71563 77.72472 118.99475000000001 112.31128000000001 114.53404 
149.03859999999997 157.73647 103.83842000000001 67.49286000000001 99.89656000000001 120.76309 132.15449999999998 80.48461 113.25655 182.52325000000002 150.07723000000001 126.52291 113.48451 124.26677000000001 104.21683 111.82359 148.70484 134.01542 179.39648000000003 153.52776 115.88235 159.81826999999998 85.56869 105.05848 89.79756 137.63354 167.27039 155.76934 158.55834 106.55691000000002 67.49286000000001 22.71563 0 55.00909 132.02208000000002 106.37022 91.81841 
142.01427 181.47311000000002 144.04202 107.69646 75.29276 145.10680000000002 174.46511 135.4937 145.1859 215.28232000000003 163.15747000000002 155.18467 142.14627000000002 141.53846000000001 121.48852000000001 138.89646 133.50404 79.00633 164.72591 208.53685000000002 170.89144 214.82736 140.57778000000002 160.06757 123.64982 105.84895 162.78640000000001 177.58116 155.88835 103.65809 122.50195000000001 77.72472 55.00909 0 77.01299 114.66933 144.34681 
131.80085 171.25969 128.72374000000002 105.19039000000001 126.61026000000001 164.50685 132.04183999999998 120.48838 140.55631 146.6424 108.93045000000001 102.06679 115.10519 102.62556000000001 122.6755 140.4351 134.38378 133.05178 149.58928 154.49430999999998 149.23246 210.26554 143.6769 103.27555 62.47114 152.04453999999998 114.80854 101.61726999999999 142.308 90.07774 74.21752000000001 118.99475000000001 132.02208000000002 77.01299 0 37.65634 91.70575 
94.14451 133.60335 103.87961000000001 67.53405000000001 99.93775000000001 126.85051000000001 94.38550000000001 110.41621 121.17259 148.77837 139.17618 108.50352000000001 95.46512000000001 64.96922 85.01916 110.8455 109.12866 122.77550000000001 177.02427 146.87286 139.32670000000002 180.27014 106.02056 124.66991999999999 83.86551 156.9634 130.27835 63.96093 128.28044 83.27638 108.17885000000001 112.31128000000001 106.37022 114.66933 37.65634 0 54.04941 
65.38348 104.84232 123.79866 94.37640999999999 126.78011 72.8011 40.33609 87.83333999999999 120.60528 174.23805 132.52134 95.00831 91.46727999999999 80.80445 100.85439 126.68073 100.025 101.33671 155.84863 121.83927 114.86484999999999 126.22073 51.97115 70.62051 29.8161 142.41159 124.15675 118.01034 155.1959 130.39759 95.27557999999999 114.53404 91.81841 144.34681 91.70575 54.04941 0 
