39
60 80 9 36 17 12 72 40 45 10 0 26 54 85 88 50 15 33 82 63 65 62 57 5 46 61 41 43 44 70 71 51 13 39 55 58 25 1 19
0 1633241466.0 1706361234.0 2131852297.0 2432371180.0 2364178983.0 2651405250.0 2862647454.0 2831251419.0 2932627771.0 2912643561.0 2870782745.0 2698761096.0 2620077615.0 2143920935.0 2012627460.0 1974495941.0 2429824120.0 1606819953.0 2305882235.0 2865955051.0 2360437605.0 1631647059.0 1781540291.0 2418939276.0 2483083453.0 2489832709.0 2809194108.0 2440244696.0 2701865352.0 1734062021.0 1882785500.0 2142915822.0 2080623655.0 2952641631.0 2786121380.0 3372134528.0 2137153544.0 2260739704.0 
1633241466.0 0 73119768.0 498610831.0 799129714.0 1262287740.0 1614057129.0 1514676711.0 1546072746.0 1647449098.0 2010448594.0 1237541279.0 1802485113.0 986836149.0 510679469.0 379385994.0 1087928477.0 1538777143.0 1993877927.0 1880539043.0 1896720481.0 1848408868.0 1114121435.0 1264014667.0 1901413652.0 1516179380.0 856591243.0 1462408283.0 1831357695.0 1627896048.0 1308718829.0 1457442308.0 1628334550.0 1655280463.0 2569110704.0 2700562515.0 2946791336.0 1711810352.0 2507018329.0 
1706361234.0 73119768.0 0 571730599.0 872249482.0 1335407508.0 1687176897.0 1587796479.0 1619192514.0 1720568866.0 1937328826.0 1164421511.0 1729365345.0 913716381.0 437559701.0 306266226.0 1014808709.0 1465657375.0 1920758159.0 1807419275.0 1969840249.0 1775289100.0 1041001667.0 1190894899.0 1828293884.0 1443059612.0 783471475.0 1389288515.0 1758237927.0 1701015816.0 1235599061.0 1384322540.0 1555214782.0 1582160695.0 2495990936.0 2722715073.0 2873671568.0 1638690584.0 2433898561.0 
2131852297.0 498610831.0 571730599.0 0 300518883.0 763676909.0 1115446298.0 1016065880.0 1047461915.0 1148838267.0 1996132235.0 1234959391.0 1514525390.0 984254261.0 1009290300.0 877996825.0 1586539308.0 1616280541.0 2135122408.0 1958182466.0 1398109650.0 1925912266.0 1511259823.0 1572717797.0 2181057867.0 1479764949.0 1012621884.0 1289221238.0 1658170650.0 2126506879.0 1705857217.0 1854580696.0 2001586628.0 1939294461.0 2493151328.0 2201951684.0 2778920037.0 1882764572.0 2339922808.0 
2432371180.0 799129714.0 872249482.0 300518883.0 0 463158026.0 814927415.0 1316584763.0 1347980798.0 1449357150.0 1707347823.0 934440508.0 1214006507.0 683735378.0 1159892058.0 1178515708.0 1887058191.0 1903839920.0 2327745064.0 1657663583.0 1097590767.0 2031713918.0 1210740940.0 1272198914.0 1909597899.0 1672387605.0 1205244540.0 1481843894.0 1850793306.0 2373141665.0 1405338334.0 1554061813.0 1701067745.0 1638775578.0 2272378007.0 1981178363.0 2721324172.0 1582245689.0 2039403925.0 
2364178983.0 1262287740.0 1335407508.0 763676909.0 463158026.0 0 351769389.0 1778073926.0 1809469961.0 1810949742.0 1305444393.0 1397598534.0 1677164533.0 1146893404.0 955020927.0 1641673734.0 2070644657.0 1654218709.0 1920403099.0 1194505557.0 634432741.0 1568555892.0 747582914.0 809040888.0 1446439873.0 1677634936.0 1210491871.0 1487091225.0 1613171009.0 1909983639.0 942180308.0 1090903787.0 1346440706.0 1284148539.0 1809219981.0 1518020337.0 2258166146.0 1248078164.0 1576245899.0 
2651405250.0 1614057129.0 1687176897.0 1115446298.0 814927415.0 351769389.0 0 1426304537.0 1457700572.0 1559076924.0 953675004.0 1726582319.0 1397799319.0 1498662793.0 1306790316.0 1993443123.0 2342819934.0 2005988098.0 2272172488.0 1546274946.0 986202130.0 1840731169.0 1019758191.0 1081216165.0 1718615150.0 1949810213.0 1482667148.0 1759266502.0 1964940398.0 2182158916.0 1214355585.0 1363079064.0 1623209386.0 1560917219.0 1457450592.0 1166250948.0 2070563384.0 1520253441.0 1928015288.0 
2862647454.0 1514676711.0 1587796479.0 1016065880.0 1316584763.0 1778073926.0 1426304537.0 0 31396035.0 132772387.0 980066355.0 1752973670.0 1277779768.0 1696480669.0 1504473801.0 1894062705.0 2106854290.0 2030913770.0 1421775257.0 1997418003.0 2412506667.0 2051973373.0 1231000395.0 1380893627.0 1973739761.0 1574340271.0 2028687764.0 2104972671.0 2473922083.0 2132529341.0 1425597789.0 1574321268.0 1834451590.0 1772159423.0 1477085448.0 1185885804.0 2090198240.0 1828689312.0 2694434608.0 
2831251419.0 1546072746.0 1619192514.0 1047461915.0 1347980798.0 1809469961.0 1457700572.0 31396035.0 0 101376352.0 948670320.0 1721577635.0 1309175803.0 1665084634.0 1473077766.0 1925458740.0 2138250325.0 1999517735.0 1453171292.0 1966021968.0 2443902702.0 2020577338.0 1199604360.0 1349497592.0 1986896577.0 1542944236.0 2060083799.0 2073576636.0 2442526048.0 2101133306.0 1394201754.0 1542925233.0 1803055555.0 1740763388.0 1445689413.0 1154489769.0 2058802205.0 1797293277.0 2663038573.0 
2932627771.0 1647449098.0 1720568866.0 1148838267.0 1449357150.0 1810949742.0 1559076924.0 132772387.0 101376352.0 0 847293968.0 1620201283.0 1410552155.0 1563708282.0 1371701414.0 2026835092.0 2239626677.0 2100894087.0 1554547644.0 2067398320.0 2445382483.0 2121953690.0 1300980712.0 1450873944.0 2088272929.0 1644320588.0 2161460151.0 1972200284.0 2341149696.0 1999756954.0 1495578106.0 1644301585.0 1904431907.0 1842139740.0 1547065765.0 1255866121.0 2160178557.0 1898669629.0 2561662221.0 
2912643561.0 2010448594.0 1937328826.0 1996132235.0 1707347823.0 1305444393.0 953675004.0 980066355.0 948670320.0 847293968.0 0 772907315.0 1386555486.0 1023612445.0 1499769125.0 2243595052.0 1880456963.0 2228113719.0 2401841612.0 2047414110.0 1939877134.0 1918481994.0 1352748415.0 1202855183.0 1890615145.0 2491614556.0 2101750139.0 2707567179.0 2782414380.0 2259909741.0 1292106410.0 1029858061.0 1496809926.0 1559102093.0 2394359733.0 2103160089.0 2850612966.0 1615631982.0 2881690292.0 
2870782745.0 1237541279.0 1164421511.0 1234959391.0 934440508.0 1397598534.0 1726582319.0 1752973670.0 1721577635.0 1620201283.0 772907315.0 0 613648171.0 250705130.0 726861810.0 1470687737.0 2104754383.0 1470809672.0 2293813839.0 1821420143.0 1978053718.0 1780441397.0 1330303776.0 1480197008.0 2117595993.0 1988430961.0 1328842824.0 1934659864.0 2303609276.0 2492704501.0 1524901170.0 1673624649.0 1933754971.0 1871462804.0 1849493206.0 1558293562.0 2462605998.0 1927992693.0 2784208356.0 
2698761096.0 1802485113.0 1729365345.0 1514525390.0 1214006507.0 1677164533.0 1397799319.0 1277779768.0 1309175803.0 1410552155.0 1386555486.0 613648171.0 0 864353301.0 1340509981.0 2035631571.0 1774503429.0 1365970780.0 2188974947.0 2099965105.0 2311597274.0 1675602505.0 1425729929.0 1575623161.0 2213022146.0 2047257573.0 1942490995.0 2250057063.0 1881107651.0 2495948222.0 1528144891.0 1665649230.0 1775257007.0 1712964840.0 2463141377.0 2171941733.0 3004475713.0 1769494729.0 2697689553.0 
2620077615.0 986836149.0 913716381.0 984254261.0 683735378.0 1146893404.0 1498662793.0 1696480669.0 1665084634.0 1563708282.0 1023612445.0 250705130.0 864353301.0 0 476156680.0 1219982607.0 1854049253.0 1220104542.0 2043108709.0 1570715013.0 1727348588.0 1529736267.0 1079598646.0 1229491878.0 1866890863.0 2239136091.0 1579547954.0 2165579272.0 2509264611.0 2241999371.0 1274196040.0 1422919519.0 1683049841.0 1620757674.0 2100198336.0 1808998692.0 2713311128.0 1677287563.0 2533742045.0 
2143920935.0 510679469.0 437559701.0 1009290300.0 1159892058.0 955020927.0 1306790316.0 1504473801.0 1473077766.0 1371701414.0 1499769125.0 726861810.0 1340509981.0 476156680.0 0 743825927.0 1452368410.0 1028097674.0 1851101841.0 1369859574.0 1535341720.0 1337729399.0 603441966.0 753335198.0 1390734183.0 1880619313.0 1221031176.0 1826848216.0 2033107931.0 1765842691.0 798039360.0 946762839.0 1206893161.0 1144600994.0 2147669315.0 2285155372.0 2436111867.0 1201130883.0 2467890136.0 
2012627460.0 379385994.0 306266226.0 877996825.0 1178515708.0 1641673734.0 1993443123.0 1894062705.0 1925458740.0 2026835092.0 2243595052.0 1470687737.0 2035631571.0 1219982607.0 743825927.0 0 708542483.0 1342487194.0 1614491933.0 2113685501.0 2276106475.0 1652118919.0 1347267893.0 1497161125.0 1687194242.0 1749325838.0 1089737701.0 1695554741.0 2064504153.0 2007282042.0 1541865287.0 1690588766.0 1861481008.0 1835534975.0 2802257162.0 2653014011.0 3127045848.0 1892064864.0 2127632335.0 
1974495941.0 1087928477.0 1014808709.0 1586539308.0 1887058191.0 2070644657.0 2342819934.0 2106854290.0 2138250325.0 2239626677.0 1880456963.0 2104754383.0 1774503429.0 1854049253.0 1452368410.0 708542483.0 0 633944711.0 1456948878.0 2089479351.0 1942872713.0 943576436.0 1323061743.0 1472954975.0 2006711879.0 2112663026.0 1453074889.0 1777374894.0 1408425482.0 2485462468.0 1471244227.0 1666382616.0 1926512938.0 1864220771.0 2802770556.0 3059885776.0 3155731644.0 1920750660.0 2225007384.0 
2429824120.0 1538777143.0 1465657375.0 1616280541.0 1903839920.0 1654218709.0 2005988098.0 2030913770.0 1999517735.0 2100894087.0 2228113719.0 1470809672.0 1365970780.0 1220104542.0 1028097674.0 1342487194.0 633944711.0 0 823004167.0 1622425792.0 1308928002.0 309631725.0 1130604703.0 1280497935.0 1887049654.0 2050711562.0 2017937662.0 2294537016.0 1979549328.0 2017335510.0 1049532179.0 1198255658.0 1478266780.0 1540558947.0 2168825845.0 2460025489.0 2832069820.0 1597088836.0 2858952095.0 
1606819953.0 1993877927.0 1920758159.0 2135122408.0 2327745064.0 1920403099.0 2272172488.0 1421775257.0 1453171292.0 1554547644.0 2401841612.0 2293813839.0 2188974947.0 2043108709.0 1851101841.0 1614491933.0 1456948878.0 823004167.0 0 799421625.0 1359494441.0 1132635892.0 1565839233.0 1715732465.0 1840166989.0 1484492110.0 1451718210.0 1728317564.0 2097266976.0 2636057526.0 1668254195.0 1574792880.0 2041744745.0 2014815829.0 1345821678.0 1637021322.0 2541333758.0 2071345718.0 2817109122.0 
2305882235.0 1880539043.0 1807419275.0 1958182466.0 1657663583.0 1194505557.0 1546274946.0 1997418003.0 1966021968.0 2067398320.0 2047414110.0 1821420143.0 2099965105.0 1570715013.0 1369859574.0 2113685501.0 2089479351.0 1622425792.0 799421625.0 0 560072816.0 1495208154.0 766417608.0 916310840.0 1553709825.0 2225462041.0 2192688141.0 2469287495.0 2196083573.0 1836635901.0 868832570.0 1017556049.0 1277686371.0 1215394204.0 1731208062.0 2022407706.0 2506905077.0 1271924093.0 2538683346.0 
2865955051.0 1896720481.0 1969840249.0 1398109650.0 1097590767.0 634432741.0 986202130.0 2412506667.0 2443902702.0 2445382483.0 1939877134.0 1978053718.0 2311597274.0 1727348588.0 1535341720.0 2276106475.0 1942872713.0 1308928002.0 1359494441.0 560072816.0 0 1090509335.0 1326490424.0 1443473629.0 2080872614.0 2312067677.0 1844924612.0 2121523966.0 2247603750.0 2396708717.0 1428905386.0 1577628865.0 1837759187.0 1775467020.0 2291280878.0 2152453078.0 2892598887.0 1831996909.0 2210678640.0 
2360437605.0 1848408868.0 1775289100.0 1925912266.0 2031713918.0 1568555892.0 1840731169.0 2051973373.0 2020577338.0 2121953690.0 1918481994.0 1780441397.0 1675602505.0 1529736267.0 1337729399.0 1652118919.0 943576436.0 309631725.0 1132635892.0 1495208154.0 1090509335.0 0 820972978.0 970866210.0 1577417929.0 2096529925.0 2063756025.0 2340355379.0 2250638943.0 1707703785.0 739900454.0 888623933.0 1332241741.0 1269949574.0 2273017895.0 2363145310.0 2561460447.0 1326479463.0 2593238716.0 
1631647059.0 1114121435.0 1041001667.0 1511259823.0 1210740940.0 747582914.0 1019758191.0 1231000395.0 1199604360.0 1300980712.0 1352748415.0 1330303776.0 1425729929.0 1079598646.0 603441966.0 1347267893.0 1323061743.0 1130604703.0 1565839233.0 766417608.0 1326490424.0 820972978.0 0 149893232.0 787292217.0 1488585135.0 1518452965.0 1725696223.0 1429665965.0 1162400725.0 194597394.0 343320873.0 603451195.0 541159028.0 1544227349.0 1835426993.0 1832669901.0 597688917.0 1864448170.0 
1781540291.0 1264014667.0 1190894899.0 1572717797.0 1272198914.0 809040888.0 1081216165.0 1380893627.0 1349497592.0 1450873944.0 1202855183.0 1480197008.0 1575623161.0 1229491878.0 753335198.0 1497161125.0 1472954975.0 1280497935.0 1715732465.0 916310840.0 1443473629.0 970866210.0 149893232.0 0 687759962.0 1389052880.0 1668346197.0 1787154197.0 1579559197.0 1312293957.0 344490626.0 493214105.0 753344427.0 691052260.0 1694120581.0 1985320225.0 1982563133.0 747582149.0 2014341402.0 
2418939276.0 1901413652.0 1828293884.0 2181057867.0 1909597899.0 1446439873.0 1718615150.0 1973739761.0 1986896577.0 2088272929.0 1890615145.0 2117595993.0 2213022146.0 1866890863.0 1390734183.0 1687194242.0 2006711879.0 1887049654.0 1840166989.0 1553709825.0 2080872614.0 1577417929.0 787292217.0 687759962.0 0 701292918.0 1360881055.0 1774253023.0 2113316101.0 1918845676.0 951042345.0 1028672077.0 1390743412.0 1328451245.0 2331519566.0 2622719210.0 2619962118.0 1384981134.0 2651740387.0 
2483083453.0 1516179380.0 1443059612.0 1479764949.0 1672387605.0 1677634936.0 1949810213.0 1574340271.0 1542944236.0 1644320588.0 2491614556.0 1988430961.0 2047257573.0 2239136091.0 1880619313.0 1749325838.0 2112663026.0 2050711562.0 1484492110.0 2225462041.0 2312067677.0 2096529925.0 1488585135.0 1389052880.0 701292918.0 0 659588137.0 1072960105.0 1441909517.0 2437957672.0 1356629471.0 1618877820.0 2062495628.0 2000203461.0 2830313788.0 2684410471.0 2128289739.0 2024480404.0 2169815722.0 
2489832709.0 856591243.0 783471475.0 1012621884.0 1205244540.0 1210491871.0 1482667148.0 2028687764.0 2060083799.0 2161460151.0 2101750139.0 1328842824.0 1942490995.0 1579547954.0 1221031176.0 1089737701.0 1453074889.0 2017937662.0 1451718210.0 2192688141.0 1844924612.0 2063756025.0 1518452965.0 1668346197.0 1360881055.0 659588137.0 0 605817040.0 974766452.0 2405183772.0 1323855571.0 1586103920.0 1676159395.0 1613867228.0 2316021978.0 2024822334.0 2095515839.0 1557337339.0 1720057243.0 
2809194108.0 1462408283.0 1389288515.0 1289221238.0 1481843894.0 1487091225.0 1759266502.0 2104972671.0 2073576636.0 1972200284.0 2707567179.0 1934659864.0 2250057063.0 2165579272.0 1826848216.0 1695554741.0 1777374894.0 2294537016.0 1728317564.0 2469287495.0 2121523966.0 2340355379.0 1725696223.0 1787154197.0 1774253023.0 1072960105.0 605817040.0 0 368949412.0 2211325617.0 1600454925.0 1862703274.0 1791455831.0 1729163664.0 2732231985.0 2546642700.0 2372115193.0 1785693553.0 2021261024.0 
2440244696.0 1831357695.0 1758237927.0 1658170650.0 1850793306.0 1613171009.0 1964940398.0 2473922083.0 2442526048.0 2341149696.0 2782414380.0 2303609276.0 1881107651.0 2509264611.0 2033107931.0 2064504153.0 1408425482.0 1979549328.0 2097266976.0 2196083573.0 2247603750.0 2250638943.0 1429665965.0 1579559197.0 2113316101.0 1441909517.0 974766452.0 368949412.0 0 1842376205.0 1624263359.0 1772986838.0 1422506419.0 1360214252.0 2363282573.0 2177693288.0 2651725125.0 1416744141.0 1652311612.0 
2701865352.0 1627896048.0 1701015816.0 2126506879.0 2373141665.0 1909983639.0 2182158916.0 2132529341.0 2101133306.0 1999756954.0 2259909741.0 2492704501.0 2495948222.0 2241999371.0 1765842691.0 2007282042.0 2485462468.0 2017335510.0 2636057526.0 1836635901.0 2396708717.0 1707703785.0 1162400725.0 1312293957.0 1918845676.0 2437957672.0 2405183772.0 2211325617.0 1842376205.0 0 1081328201.0 1230051680.0 1673669488.0 1611377321.0 2614445642.0 2905645286.0 2902888194.0 1667907210.0 2411185949.0 
1734062021.0 1308718829.0 1235599061.0 1705857217.0 1405338334.0 942180308.0 1214355585.0 1425597789.0 1394201754.0 1495578106.0 1292106410.0 1524901170.0 1528144891.0 1274196040.0 798039360.0 1541865287.0 1471244227.0 1049532179.0 1668254195.0 868832570.0 1428905386.0 739900454.0 194597394.0 344490626.0 951042345.0 1356629471.0 1323855571.0 1600454925.0 1624263359.0 1081328201.0 0 262248349.0 705866157.0 643573990.0 1646642311.0 1937841955.0 1935084863.0 700103879.0 1966863132.0 
1882785500.0 1457442308.0 1384322540.0 1854580696.0 1554061813.0 1090903787.0 1363079064.0 1574321268.0 1542925233.0 1644301585.0 1029858061.0 1673624649.0 1665649230.0 1422919519.0 946762839.0 1690588766.0 1666382616.0 1198255658.0 1574792880.0 1017556049.0 1577628865.0 888623933.0 343320873.0 493214105.0 1028672077.0 1618877820.0 1586103920.0 1862703274.0 1772986838.0 1230051680.0 262248349.0 0 466951865.0 529244032.0 1407728019.0 1698927663.0 1820754905.0 585773921.0 1852533174.0 
2142915822.0 1628334550.0 1555214782.0 2001586628.0 1701067745.0 1346440706.0 1623209386.0 1834451590.0 1803055555.0 1904431907.0 1496809926.0 1933754971.0 1775257007.0 1683049841.0 1206893161.0 1861481008.0 1926512938.0 1478266780.0 2041744745.0 1277686371.0 1837759187.0 1332241741.0 603451195.0 753344427.0 1390743412.0 2062495628.0 1676159395.0 1791455831.0 1422506419.0 1673669488.0 705866157.0 466951865.0 0 62292167.0 940776154.0 1231975798.0 1353803040.0 118822056.0 1385581309.0 
2080623655.0 1655280463.0 1582160695.0 1939294461.0 1638775578.0 1284148539.0 1560917219.0 1772159423.0 1740763388.0 1842139740.0 1559102093.0 1871462804.0 1712964840.0 1620757674.0 1144600994.0 1835534975.0 1864220771.0 1540558947.0 2014815829.0 1215394204.0 1775467020.0 1269949574.0 541159028.0 691052260.0 1328451245.0 2000203461.0 1613867228.0 1729163664.0 1360214252.0 1611377321.0 643573990.0 529244032.0 62292167.0 0 1003068321.0 1294267965.0 1291510873.0 56529889.0 1323289142.0 
2952641631.0 2569110704.0 2495990936.0 2493151328.0 2272378007.0 1809219981.0 1457450592.0 1477085448.0 1445689413.0 1547065765.0 2394359733.0 1849493206.0 2463141377.0 2100198336.0 2147669315.0 2802257162.0 2802770556.0 2168825845.0 1345821678.0 1731208062.0 2291280878.0 2273017895.0 1544227349.0 1694120581.0 2331519566.0 2830313788.0 2316021978.0 2732231985.0 2363282573.0 2614445642.0 1646642311.0 1407728019.0 940776154.0 1003068321.0 0 291199644.0 1195512080.0 1059598210.0 2289387940.0 
2786121380.0 2700562515.0 2722715073.0 2201951684.0 1981178363.0 1518020337.0 1166250948.0 1185885804.0 1154489769.0 1255866121.0 2103160089.0 1558293562.0 2171941733.0 1808998692.0 2285155372.0 2653014011.0 3059885776.0 2460025489.0 1637021322.0 2022407706.0 2152453078.0 2363145310.0 1835426993.0 1985320225.0 2622719210.0 2684410471.0 2024822334.0 2546642700.0 2177693288.0 2905645286.0 1937841955.0 1698927663.0 1231975798.0 1294267965.0 291199644.0 0 904312436.0 1350797854.0 1998188296.0 
3372134528.0 2946791336.0 2873671568.0 2778920037.0 2721324172.0 2258166146.0 2070563384.0 2090198240.0 2058802205.0 2160178557.0 2850612966.0 2462605998.0 3004475713.0 2713311128.0 2436111867.0 3127045848.0 3155731644.0 2832069820.0 2541333758.0 2506905077.0 2892598887.0 2561460447.0 1832669901.0 1982563133.0 2619962118.0 2128289739.0 2095515839.0 2372115193.0 2651725125.0 2902888194.0 1935084863.0 1820754905.0 1353803040.0 1291510873.0 1195512080.0 904312436.0 0 1234980984.0 2614800015.0 
2137153544.0 1711810352.0 1638690584.0 1882764572.0 1582245689.0 1248078164.0 1520253441.0 1828689312.0 1797293277.0 1898669629.0 1615631982.0 1927992693.0 1769494729.0 1677287563.0 1201130883.0 1892064864.0 1920750660.0 1597088836.0 2071345718.0 1271924093.0 1831996909.0 1326479463.0 597688917.0 747582149.0 1384981134.0 2024480404.0 1557337339.0 1785693553.0 1416744141.0 1667907210.0 700103879.0 585773921.0 118822056.0 56529889.0 1059598210.0 1350797854.0 1234980984.0 0 1379819031.0 
2260739704.0 2507018329.0 2433898561.0 2339922808.0 2039403925.0 1576245899.0 1928015288.0 2694434608.0 2663038573.0 2561662221.0 2881690292.0 2784208356.0 2697689553.0 2533742045.0 2467890136.0 2127632335.0 2225007384.0 2858952095.0 2817109122.0 2538683346.0 2210678640.0 2593238716.0 1864448170.0 2014341402.0 2651740387.0 2169815722.0 1720057243.0 2021261024.0 1652311612.0 2411185949.0 1966863132.0 1852533174.0 1385581309.0 1323289142.0 2289387940.0 1998188296.0 2614800015.0 1379819031.0 0 
