10
100 157 23 108 37 143 195 15 98 62
0 811609772.0 2025990208.0 1748194058.0 2211885327.0 1870092663.0 1697100648.0 1691923329.0 1304094768.0 783183538.0 
811609772.0 0 1683006342.0 1060935842.0 1463888706.0 2134181198.0 2307173213.0 2116970970.0 2115704540.0 1594793310.0 
2025990208.0 1683006342.0 0 622070500.0 1737495042.0 2393864043.0 2220872028.0 2268985085.0 1865729769.0 2515894834.0 
1748194058.0 1060935842.0 622070500.0 0 1115424542.0 1785717034.0 1958709049.0 1647310522.0 1356625476.0 2531377596.0 
2211885327.0 1463888706.0 1737495042.0 1115424542.0 0 1266995568.0 1439987583.0 2120536531.0 2378363312.0 2995068865.0 
1870092663.0 2134181198.0 2393864043.0 1785717034.0 1266995568.0 0 172992015.0 3281593493.0 2878338177.0 2357426947.0 
1697100648.0 2307173213.0 2220872028.0 1958709049.0 1439987583.0 172992015.0 0 3108601478.0 2705346162.0 2184434932.0 
1691923329.0 2116970970.0 2268985085.0 1647310522.0 2120536531.0 3281593493.0 3108601478.0 0 403255316.0 2194684368.0 
1304094768.0 2115704540.0 1865729769.0 1356625476.0 2378363312.0 2878338177.0 2705346162.0 403255316.0 0 1791429052.0 
783183538.0 1594793310.0 2515894834.0 2531377596.0 2995068865.0 2357426947.0 2184434932.0 2194684368.0 1791429052.0 0 
