18
47 2 10 31 28 41 34 48 43 24 45 19 7 35 25 12 16 39
0 185551825.0 89418055.0 172801351.0 1221856640.0 421743779.0 1507868399.0 2609098985.0 1083076996.0 575134188.0 1686344532.0 1524486096.0 1493396049.0 1300017696.0 1397470085.0 2685871366.0 1109876631.0 182772912.0 
185551825.0 0 274969880.0 358353176.0 1407408465.0 607295604.0 1415019382.0 2610967728.0 990227979.0 482285171.0 1554842190.0 1338934271.0 1307844224.0 1485569521.0 1583021910.0 2871423191.0 1295428456.0 368324737.0 
89418055.0 274969880.0 0 83383296.0 1146788458.0 511161834.0 1597286454.0 2698517040.0 1172495051.0 664552243.0 1775762587.0 1613904151.0 1582814104.0 1389435751.0 1486888140.0 2767509942.0 1199294686.0 272190967.0 
172801351.0 358353176.0 83383296.0 0 1230171754.0 594545130.0 1680669750.0 2781900336.0 1255878347.0 747935539.0 1859145883.0 1697287447.0 1666197400.0 1472819047.0 1570271436.0 2850893238.0 1282677982.0 355574263.0 
1221856640.0 1407408465.0 1146788458.0 1230171754.0 0 1643600419.0 2309566725.0 1570148470.0 1884775322.0 1796990828.0 2397441553.0 2181533634.0 2150443587.0 1785509866.0 1802067182.0 2268697667.0 2331733271.0 1404629552.0 
421743779.0 607295604.0 511161834.0 594545130.0 1643600419.0 0 1086124620.0 2891748709.0 661333217.0 153390409.0 1264600753.0 1480508672.0 1511598719.0 1356215651.0 1453668040.0 2658967843.0 1082973108.0 238970867.0 
1507868399.0 1415019382.0 1597286454.0 1680669750.0 2309566725.0 1086124620.0 0 1805624089.0 424791403.0 932734211.0 2043944555.0 2213570209.0 2182480162.0 1817546441.0 1914998830.0 3438311645.0 1862316910.0 1325095487.0 
2609098985.0 2610967728.0 2698517040.0 2781900336.0 1570148470.0 2891748709.0 1805624089.0 0 2230415492.0 2738358300.0 3849568644.0 3751682104.0 3720592057.0 3355658336.0 3372215652.0 3495920360.0 3667940999.0 2791871897.0 
1083076996.0 990227979.0 1172495051.0 1255878347.0 1884775322.0 661333217.0 424791403.0 2230415492.0 0 507942808.0 1619153152.0 1788778806.0 1757688759.0 1392755038.0 1490207427.0 3013520242.0 1437525507.0 900304084.0 
575134188.0 482285171.0 664552243.0 747935539.0 1796990828.0 153390409.0 932734211.0 2738358300.0 507942808.0 0 1111210344.0 1327118263.0 1358208310.0 1509606060.0 1607058449.0 2505577434.0 929582699.0 392361276.0 
1686344532.0 1554842190.0 1775762587.0 1859145883.0 2397441553.0 1264600753.0 2043944555.0 3849568644.0 1619153152.0 1111210344.0 0 215907919.0 246997966.0 611931687.0 709384076.0 2359520561.0 2040793043.0 1503571620.0 
1524486096.0 1338934271.0 1613904151.0 1697287447.0 2181533634.0 1480508672.0 2213570209.0 3751682104.0 1788778806.0 1327118263.0 215907919.0 0 31090047.0 396023768.0 493476157.0 2143612642.0 1967615123.0 1513268552.0 
1493396049.0 1307844224.0 1582814104.0 1666197400.0 2150443587.0 1511598719.0 2182480162.0 3720592057.0 1757688759.0 1358208310.0 246997966.0 31090047.0 0 364933721.0 462386110.0 2112522595.0 1936525076.0 1482178505.0 
1300017696.0 1485569521.0 1389435751.0 1472819047.0 1785509866.0 1356215651.0 1817546441.0 3355658336.0 1392755038.0 1509606060.0 611931687.0 396023768.0 364933721.0 0 97452389.0 1747588874.0 1571591355.0 1117244784.0 
1397470085.0 1583021910.0 1486888140.0 1570271436.0 1802067182.0 1453668040.0 1914998830.0 3372215652.0 1490207427.0 1607058449.0 709384076.0 493476157.0 462386110.0 97452389.0 0 1650136485.0 1635887042.0 1214697173.0 
2685871366.0 2871423191.0 2767509942.0 2850893238.0 2268697667.0 2658967843.0 3438311645.0 3495920360.0 3013520242.0 2505577434.0 2359520561.0 2143612642.0 2112522595.0 1747588874.0 1650136485.0 0 1575994735.0 2642827159.0 
1109876631.0 1295428456.0 1199294686.0 1282677982.0 2331733271.0 1082973108.0 1862316910.0 3667940999.0 1437525507.0 929582699.0 2040793043.0 1967615123.0 1936525076.0 1571591355.0 1635887042.0 1575994735.0 0 1066832424.0 
182772912.0 368324737.0 272190967.0 355574263.0 1404629552.0 238970867.0 1325095487.0 2791871897.0 900304084.0 392361276.0 1503571620.0 1513268552.0 1482178505.0 1117244784.0 1214697173.0 2642827159.0 1066832424.0 0 
