13
L10 L45 L9 L38 L43 L48 L20 L8 L16 L12 L28 L36 L23
0 41.84871 55.92844 54.92769 47.64846 63.25953 67.55926 47.18288 60.50843 54.56011 56.12024 56.39602 38.93546 
41.84871 0 49.75665 52.30438 50.81326 56.9321 56.94109 49.25204 42.14354 61.66306 49.917 48.4334 51.92774 
55.92844 49.75665 0 47.5455 56.95079 61.75211 85.55561 65.95896 61.11202 52.00873 50.69851 50.09419 61.21453 
54.92769 52.30438 47.5455 0 32.10936 42.93951 71.16467 46.30799 42.7621 68.43261 53.39761 64.84949 60.9583 
47.64846 50.81326 56.95079 32.10936 0 40.45665 64.64078 44.56447 55.68711 70.89463 47.03032 61.53766 48.66745 
63.25953 56.9321 61.75211 42.93951 40.45665 0 71.56477 55.42102 45.39682 61.73914 41.19778 76.77069 65.36775 
67.55926 56.94109 85.55561 71.16467 64.64078 71.56477 0 55.892 62.72721 93.93535 67.79343 58.05588 51.81282 
47.18288 49.25204 65.95896 46.30799 44.56447 55.42102 55.892 0 39.89647 63.57412 48.52889 59.90375 55.30951 
60.50843 42.14354 61.11202 42.7621 55.68711 45.39682 62.72721 39.89647 0 60.59341 47.31933 70.05262 72.24377 
54.56011 61.66306 52.00873 68.43261 70.89463 61.73914 93.93535 63.57412 60.59341 0 82.18466000000001 70.96738 71.50283 
56.12024 49.917 50.69851 53.39761 47.03032 41.19778 67.79343 48.52889 47.31933 82.18466000000001 0 56.30949 59.44364 
56.39602 48.4334 50.09419 64.84949 61.53766 76.77069 58.05588 59.90375 70.05262 70.96738 56.30949 0 38.80974 
38.93546 51.92774 61.21453 60.9583 48.66745 65.36775 51.81282 55.30951 72.24377 71.50283 59.44364 38.80974 0 
