27
L88 L2 L55 L74 L13 L89 L48 L21 L78 L44 L42 L45 L0 L17 L27 L98 L15 L66 L56 L91 L8 L76 L99 L62 L36 L96 L58
0 141.44136 151.39797 155.39494 127.6775 118.84896 151.53399 128.92201 175.65226 129.48403 123.53029 105.1511 95.395 152.2157 132.11164 135.75678 132.33665 135.21461 132.61151 132.89457 157.18866 180.51893 142.69273 100.63522 135.29389 106.888 110.64244 
141.44136 0 138.53813 137.56064 131.06894 128.0296 129.15895 158.27201 148.18164 131.03387 101.56606 108.17377 113.16541 136.91752 122.27418 133.02941 115.38919 108.45089 112.34138 133.84916 116.98286 168.41482 160.49323 117.32546 142.28182 86.23269 142.93223 
151.39797 138.53813 0 103.43626 113.02402 95.8325 144.91701 120.00816 86.38833 104.90876 61.46342 87.98634 110.47046 136.37121 162.28948 106.94364 140.6251 124.09385 108.07939 138.37314 114.47535 105.35191 99.31104 131.68287 119.8037 115.08002 145.70707 
155.39494 137.56064 103.43626 0 71.24263 112.17705 145.72091 136.95199 120.43292 162.23802 122.17522 123.43875 111.74973 124.85981 108.79986 123.9163 123.29957 142.6731 99.30822 93.82963 96.95544 120.52732 116.72491 145.67158 155.09456 141.92151 116.6692 
127.6775 131.06894 113.02402 71.24263 0 64.01206 142.48847 123.64737 106.50822 144.31861 117.51903 115.92106 96.23936 127.76747 113.74003 147.67517 139.98508 160.5523 119.13642 81.21544 109.98805 128.51175 112.53232 119.19437 138.10034 132.76136 126.73894 
118.84896 128.0296 95.8325 112.17705 64.01206 0 122.58884 100.99732 81.24811 92.05634 94.84744 104.71 92.86873 166.16369 133.71237 138.78321 136.68198 145.18484 126.15637 105.19139 118.60866 115.71754 102.98171 108.2958 101.42483 114.92361 144.46818 
151.53399 129.15895 144.91701 145.72091 142.48847 122.58884 0 107.17187 131.38519 110.7227 132.48197 142.17736 127.26101 108.56096 96.75753 117.83989 86.34518 120.44287 128.16261 143.38203 126.46843 116.16097 111.89808 129.76877 108.64693 126.16503 135.94851 
128.92201 158.27201 120.00816 136.95199 123.64737 100.99732 107.17187 0 91.03064 108.81904 129.46434 130.6638 111.0042 153.95324 140.86695 134.26598 127.97649 128.33607 114.40936 105.97613 161.08954 128.00305 102.02145 136.31105 149.16373 142.50177 156.00154 
175.65226 148.18164 86.38833 120.43292 106.50822 81.24811 131.38519 91.03064 0 94.36018 99.34814 104.56347 80.25726 146.15416 154.28598 130.68108 136.33476 133.44168 117.81232 126.07416 131.12002 142.60557 117.85142 142.32502 121.6817 133.60493 125.13985 
129.48403 131.03387 104.90876 162.23802 144.31861 92.05634 110.7227 108.81904 94.36018 0 90.75359 100.70561 109.27106 147.32085 160.15715 124.15755 131.04138 108.33521 133.55973 159.1258 138.57044 133.77956 120.17542 123.80647 81.99339 97.18413 165.89017 
123.53029 101.56606 61.46342 122.17522 117.51903 94.84744 132.48197 129.46434 99.34814 90.75359 0 70.6448 94.08475 110.60284 143.9408 96.34019 122.27789 101.21475 94.78997 135.71986 118.91444 125.95103 113.54183 103.36272 98.4422 78.10091 133.87376 
105.1511 108.17377 87.98634 123.43875 115.92106 104.71 142.17736 130.6638 104.56347 100.70561 70.6448 0 79.1314 147.28989 141.99573 119.04536 175.45978 115.5814 105.7131 146.60052 106.11214 142.92024 99.96419 86.78077 111.0142 62.75611 127.75205 
95.395 113.16541 110.47046 111.74973 96.23936 92.86873 127.26101 111.0042 80.25726 109.27106 94.08475 79.1314 0 126.46972 120.23245 139.07617 130.18432 118.48169 77.34168 111.93635 129.25222 163.16851 119.51964 124.87325 124.09665 111.24525 120.88497 
152.2157 136.91752 136.37121 124.85981 127.76747 166.16369 108.56096 153.95324 146.15416 147.32085 110.60284 147.28989 126.46972 0 93.53382 111.50922 98.87672 133.22981 111.23604 133.94246 139.31531 128.39648 132.13606 137.51021 110.45367 135.647 124.9211 
132.11164 122.27418 162.28948 108.79986 113.74003 133.71237 96.75753 140.86695 154.28598 160.15715 143.9408 141.99573 120.23245 93.53382 0 119.36771 77.79246 128.45221 111.15253 109.44842 120.23455 139.23834 128.63039 122.01708 138.41246 126.11631 103.7539 
135.75678 133.02941 106.94364 123.9163 147.67517 138.78321 117.83989 134.26598 130.68108 124.15755 96.34019 119.04536 139.07617 111.50922 119.36771 0 66.7377 79.3311 112.52233 143.01386 118.82035 106.38451 120.78149 119.94147 118.42743 98.02324 110.96475 
132.33665 115.38919 140.6251 123.29957 139.98508 136.68198 86.34518 127.97649 136.33476 131.04138 122.27789 175.45978 130.18432 98.87672 77.79246 66.7377 0 78.34311 106.60384 120.40944 122.83278 127.5207 138.58079 130.82993 127.73769 112.70367 106.13461 
135.21461 108.45089 124.09385 142.6731 160.5523 145.18484 120.44287 128.33607 133.44168 108.33521 101.21475 115.5814 118.48169 133.22981 128.45221 79.3311 78.34311 0 84.32911 136.98165 145.74047 152.07801 148.02915 140.45924 138.11119 97.19929 146.41195 
132.61151 112.34138 108.07939 99.30822 119.13642 126.15637 128.16261 114.40936 117.81232 133.55973 94.78997 105.7131 77.34168 111.23604 111.15253 112.52233 106.60384 84.32911 0 96.02731 143.92363 151.56978 127.40008 141.24478 151.10267 120.37157 135.35193 
132.89457 133.84916 138.37314 93.82963 81.21544 105.19139 143.38203 105.97613 126.07416 159.1258 135.71986 146.60052 111.93635 133.94246 109.44842 143.01386 120.40944 136.98165 96.02731 0 156.42662 151.41281 144.38058 145.0964 175.58618 150.84012 145.20119 
157.18866 116.98286 114.47535 96.95544 109.98805 118.60866 126.46843 161.08954 131.12002 138.57044 118.91444 106.11214 129.25222 139.31531 120.23455 118.82035 122.83278 145.74047 143.92363 156.42662 0 115.02197 115.50186 120.3167 114.25464 106.79082 108.34999 
180.51893 168.41482 105.35191 120.52732 128.51175 115.71754 116.16097 128.00305 142.60557 133.77956 125.95103 142.92024 163.16851 128.39648 139.23834 106.38451 127.5207 152.07801 151.56978 151.41281 115.02197 0 78.76941 127.82332 117.39249 135.97076 157.41618 
142.69273 160.49323 99.31104 116.72491 112.53232 102.98171 111.89808 102.02145 117.85142 120.17542 113.54183 99.96419 119.51964 132.13606 128.63039 120.78149 138.58079 148.02915 127.40008 144.38058 115.50186 78.76941 0 99.77041 109.75112 116.96377 138.55443 
100.63522 117.32546 131.68287 145.67158 119.19437 108.2958 129.76877 136.31105 142.32502 123.80647 103.36272 86.78077 124.87325 137.51021 122.01708 119.94147 130.82993 140.45924 141.24478 145.0964 120.3167 127.82332 99.77041 0 109.94891 63.08504 127.6629 
135.29389 142.28182 119.8037 155.09456 138.10034 101.42483 108.64693 149.16373 121.6817 81.99339 98.4422 111.0142 124.09665 110.45367 138.41246 118.42743 127.73769 138.11119 151.10267 175.58618 114.25464 117.39249 109.75112 109.94891 0 98.22865 140.37685 
106.888 86.23269 115.08002 141.92151 132.76136 114.92361 126.16503 142.50177 133.60493 97.18413 78.10091 62.75611 111.24525 135.647 126.11631 98.02324 112.70367 97.19929 120.37157 150.84012 106.79082 135.97076 116.96377 63.08504 98.22865 0 130.40806 
110.64244 142.93223 145.70707 116.6692 126.73894 144.46818 135.94851 156.00154 125.13985 165.89017 133.87376 127.75205 120.88497 124.9211 103.7539 110.96475 106.13461 146.41195 135.35193 145.20119 108.34999 157.41618 138.55443 127.6629 140.37685 130.40806 0 
