19
49 9 37 35 6 18 42 3 20 13 34 24 5 22 10 32 11 31 0
0 19661700.98312 64656795.873610005 86621450.13251 81387588.05186 49957291.60386 61871553.520059995 56684361.90715 48183130.08202 63475343.680460006 61670605.38384 44354688.59808 39935478.0552 58157672.265020005 77098472.07806 32364353.19271 25670289.94307 54384215.021139994 46547893.50136 
19661700.98312 0 44995094.89049 66959749.149390005 61725887.068739995 56414370.39377 72116810.52198 70659687.2059 62158455.38077 80459598.24528 79862643.09454 62546726.30878 58127515.7659 38495971.2819 57436771.09494001 12702652.20959 27481489.11889 56195414.19696 66209594.48448 
64656795.873610005 44995094.89049 0 30855223.00553 38823971.46797 60063149.75638001 82578821.67639 90949589.98023 85274423.89113 89510765.62706 82357344.00272 98702777.72147 99834229.80084 81529716.34196 76815667.73223 57697747.10008 70635937.78745 99349862.86552 88727266.34164 
86621450.13251 66959749.14939 30855223.00553 0 7968748.46244 40615161.86436 51869229.29541 63664330.15496 55163098.32983 80469077.64006999 80673284.1485 76733177.77097 77066741.82046 75282133.14239 67759073.82405001 54257096.939799994 69035933.8491 93043069.48981 86343673.5014 
81387588.05186 61725887.068739995 38823971.46797 7968748.46244 0 36940940.98998 59274464.42005 66239630.14421 61544105.16583 77990432.85947001 81859301.17629 82925391.97983 83525029.57929 83250881.60483 67863646.79942 49023234.85915 63750045.34073 92463970.4188 78374925.03896 
49957291.60386 56414370.39377 60063149.75638001 40615161.864360005 36940940.98998 0 22515671.92001 48762927.76357 46935190.16304 57656483.80289 58682561.26774 75998478.0535 80417688.59638 63651160.31338 44710360.50034 61898569.09702 75303893.22435 96323644.90759 93942818.27811 
61871553.520059995 72116810.52198 82578821.67639 51869229.29541 59274464.42005 22515671.92001 0 29974541.35126 32767723.968 54691123.13535 65716268.47057 73811778.21773 72723126.07072 67404910.49034 57256731.021000005 77854848.06526001 85705782.21366 96095225.10365 108354319.07177001 
56684361.90715 70659687.2059 90949589.98023 63664330.15496 66239630.14421 48762927.76357 29974541.35126 0 8501231.82513 26297481.96352 38077461.07497 45418137.0459 49837347.58878 42811400.49781 41315773.45954 83362339.41549 78448430.94373 87668968.86198 95351742.87103 
48183130.08202 62158455.38077 85274423.89113 55163098.32983 61544105.16583 46935190.163040005 32767723.968 8501231.82513 0 33468956.40833 45248935.51978 52589611.490710005 57008822.033590004 51312632.32294 32814541.63441 74861107.59036 69947199.1186 82406801.66561 94665895.63373001 
63475343.680460006 80459598.24528 89510765.62706 80469077.64006999 77990432.85947001 57656483.80289 54691123.13535 26297481.96352 33468956.40833 0 11779979.11145 19120655.08238 23539865.62526 43171410.10926 34687518.12011 82747971.95092 67969135.04162 61371486.89846 69054260.90751 
61670605.38384 79862643.09454 82357344.00272 80673284.1485 81859301.17629 58682561.26774 65716268.47057 38077461.07497 45248935.51978 11779979.11145 0 17315916.78576 21735127.32864 41366671.81264 33122360.754650004 77510669.69865 66164396.745 52611296.6705 57274281.79606 
44354688.59808 62546726.30878 98702777.72147 76733177.77097 82925391.97983 75998478.0535 73811778.21773 45418137.0459 52589611.490710005 19120655.08238 17315916.78576 0 4419210.54288 24050755.02688 42991554.83992 63627316.86854 48848479.95924 42250831.816080004 61054628.71218 
39935478.0552 58127515.7659 99834229.80084 77066741.82046 83525029.57929 80417688.59638 72723126.07072 49837347.58878 57008822.033590004 23539865.62526 21735127.32864 4419210.54288 0 19631544.484 38572344.29704 59208106.32566 44429269.41636 46670042.35896 65473839.25506 
58157672.265020005 38495971.2819 81529716.34196 75282133.14239001 83250881.60483001 63651160.31338 67404910.49034 42811400.49781 51312632.32294 43171410.10926 41366671.81264 24050755.02688 19631544.484 0 18940799.81304 51198623.49149001 64060813.90036 66301586.84296 85105383.73906 
77098472.07806 57436771.09494001 76815667.73223001 67759073.82405001 67863646.79942 44710360.50034 57256731.021 41315773.45954 32814541.63441 34687518.12011 33122360.754650004 42991554.83992 38572344.29704 18940799.81304 0 69174305.32311 54395468.41381 80097514.05856 76048590.9635 
32364353.19271 12702652.20959 57697747.10008 54257096.9398 49023234.85915 61898569.09702 77854848.06526001 83362339.41549 74861107.59036 82747971.95092 77510669.69865 63627316.86854 59208106.32566 51198623.49149001 69174305.32311 0 14778836.9093 43492761.98737 78912246.69407 
25670289.94307 27481489.11889 70635937.78745 69035933.8491 63750045.34073 75303893.22435 85705782.21366 78448430.94373 69947199.1186 67969135.04162 66164396.745 48848479.95924 44429269.41636 64060813.90036 54395468.41381 14778836.9093 0 28713925.07807 69281038.98046 
54384215.021139994 56195414.19696 99349862.86552 93043069.48981 92463970.4188 96323644.90759 96095225.10365 87668968.86198 82406801.66561 61371486.89846 52611296.67050001 42250831.816080004 46670042.35896 66301586.84296 80097514.05856 43492761.98737 28713925.07807 0 40567113.90239 
46547893.50136 66209594.48448 88727266.34164 86343673.5014 78374925.03896 93942818.27811 108354319.07177001 95351742.87103 94665895.63373001 69054260.90751 57274281.79606 61054628.71218 65473839.25506 85105383.73906 76048590.9635 78912246.69407 69281038.98046 40567113.90239 0 
