34
32 71 38 90 61 15 45 99 43 40 74 17 73 9 7 98 72 76 46 5 55 4 35 51 67 78 3 18 60 24 94 10 59 0
0 11894095.66103 43038517.18563 52116673.59246 36610101.05948 39918976.6881 41217187.19347 33353379.84713 32721788.515929997 59919261.720639996 39460552.028469995 56527520.18345 59376024.35243 38649565.76743 53006675.48648 60290702.70883 37381302.60432 34259881.65622 47440429.75393 54096196.11529 73134629.91763 74052526.28421 55755484.7715 69786197.72939 62574869.4243 61521389.90546 57548400.17951 54619357.92103 60699205.74332 63656664.10105 59945853.64034 84370546.03529 70699430.49768999 24646227.61277 
11894095.66103 0 31177882.85104 41124595.98801 48504196.72051 49159516.589039996 49329045.58492 44599751.039119996 40833646.90738 68031120.11208999 48836048.52083 64639378.5749 66832842.884899996 41623308.64061 56073877.614209995 72184798.36986 49275398.26535 46153977.31725 59334525.414960004 65990291.77632 85028725.57866001 74836118.50546 67649580.43253 60749839.89549 57176494.23506 58554682.82613 63450942.907529995 66513453.58206 68195278.77622 64321743.060770005 68032553.52148001 85546206.48207 72542628.77901 32758086.004219998 
43038517.18563 31177882.85104 0 9946713.13697 28750518.94398 49902483.5479 61082885.43763 75453656.34865001 72011529.75842 82276375.37687 80013931.37187 93345387.36511001 94618912.51386 72801191.49165 81244504.47033 97972862.57222 80419819.78995 77298398.84185 63778484.89999 57122718.53863 75549420.60938 82139222.40375999 44262341.02311 38984320.30333 55781450.090519994 57146754.61772 32273060.05649 73864019.9733 79943867.79559 69965231.22112 73676041.68183 86701222.14521 75030212.14755 63935968.85526 
52116673.59246 41124595.98801 9946713.13697 0 18803805.80701 59849196.684870005 66430093.37797 73624501.9827 73267821.68088 92223088.51384 78205114.88382 97073553.3484 98990063.93401 74609381.28005 91191217.6073 107919575.70919 87952695.63784 83307071.32963 72767022.80004 67069431.6756 65602707.47241 83370952.75393 54209054.16008 48931033.440299995 65728163.22748999 67093467.75469001 42219773.19346 82051631.07654 75971783.25424999 78293635.01313001 74582824.55242 94148919.97536999 84411864.17213 65192260.77772 
36610101.05948 48504196.72051 28750518.94398 18803805.80701 0 42819747.23715 47821507.18489 54820696.17569 57915507.58754 75193639.06612 60239588.60295 80564105.01916 80985518.87003 55805575.47304 72934308.8475 90352914.12184 71704213.479 65434248.73781 53963216.99303 60618983.354389995 67954729.02802 73922212.86673 66993174.87374 54410070.5436 56420180.86214 53632915.66558 46115567.29089 65499145.16284999 59883055.13864 61731073.45244 65441883.91315 79514177.80784 67171722.23058 49839946.68438 
39918976.6881 49159516.589039996 49902483.5479 59849196.68487 42819747.23715 0 11180401.88973 26632355.32877 28719293.96559 32373891.82897 38499045.96042 51258481.893319994 44716428.96596 27192193.75127 49779650.80034 61047290.99599999 49875226.263380006 43177535.16596 41836976.8842 43683694.49183 56386023.83988 54638700.52610999 24173427.63659 36835962.42495 44347107.22352 39694666.758489996 17629423.49141 23961536.4254 30041384.24769 28138846.42529 31849656.886 48987442.756840006 36390652.21174 22421083.44381 
41217187.19347 49329045.584920004 61082885.43763 66430093.37797 47821507.18489 11180401.88973 0 15451953.43904 19218057.57078 43554293.7187 32648922.09731 41094543.535 33536027.07623 30574297.735360004 39979648.1182 51150970.44241 40687701.47525 33883760.03217 36477657.40008 40408071.40033 66026546.33031 65819102.41584 35353829.52632 48016364.31468 37626374.573 42181087.205850005 28809825.38114 35141938.31513 39487827.56064 25283947.38995 23188816.65699 47648465.67115 39334093.38239 16570959.5807 
33353379.84713 44599751.03912 75453656.34865001 73624501.9827 54820696.17569 26632355.32877 15451953.43904 0 3766104.13174 30963577.33645 23632476.965379998 26191515.66674 26756961.59384 15306127.096609998 24527694.67916 35699017.00337 25235748.03621 18431806.59313 24702962.74621 31358729.10757 73742487.56903 57213804.41223 50805782.96536 61252861.99942 53078328.01204 51260402.1042 44261778.82018 32916586.395790003 37365820.485640004 40735900.82899 37101553.61134 59766484.132599995 50771355.912489995 11841665.0349 
32721788.515929997 40833646.90738 72011529.75841999 73267821.68088 57915507.58754 28719293.96559 19218057.57078 3766104.13174 0 27197473.20471 23396897.571609996 26041198.256389998 30523065.72558 19072231.22835 21060356.83475 35685613.06953 24333270.76359 18196227.199359998 28469066.87795 35124833.239310004 74228102.79109 57043684.281220004 52892721.602180004 62521142.492819995 56600026.07535 53995019.98685 41157200.461679995 32652492.592710003 36405844.33118 42559342.00682 38848531.546110004 61562801.35787 48392021.79101 8075560.90316 
59919261.720639996 68031120.11208999 82276375.37687 92223088.51384 75193639.06612 32373891.82897 43554293.7187 30963577.336449996 27197473.20471 0 28439690.33264 49566947.85505 57720538.93029 46269704.43306 48257830.03946 58852038.52482 39904315.20869 33640360.70489 50805114.0012 57460880.36256 77569545.10082999 78328504.27096 50468737.54981 64499450.507699996 64655890.19901001 58430902.855340004 50003315.32038 49804320.28847 43724472.46618 56164453.12309 52453642.66238 76890497.67 66145222.79387 35273034.10787 
39460552.028469995 48836048.52083 80013931.37187 78205114.88382 60239588.60295 38499045.96042 32648922.09731 23632476.965379998 23396897.571609996 28439690.33264 0 31056032.91931 33295379.44409 21186011.78694 42639905.76737 31231491.42486 11464624.876050001 5200670.37225 22365423.66856 29021190.029919997 82639619.59293 65484261.18805 62616414.81474 73061016.55184 67151785.4152 64320518.420049995 51708959.80153 42495620.7375 46944854.82735 53293041.40487 55837738.7543 77276037.32343 63546837.36248 16077962.51661 
56527520.18345 64639378.5749 93345387.36511001 97073553.3484 80564105.01916 51258481.893319994 41094543.535 26191515.66674 26041198.256389998 49566947.85505 31056032.919309996 0 25406520.95641 25347772.098279998 47101555.09114 46317771.66959 32670161.92628 25855362.547059998 40716242.16946 36222668.82648 99055836.52364 81287591.24212 75431909.52991 87302170.1863 78574064.32072 73943812.0493 66560476.71326 44648813.14729 46444544.24096 59614948.27154 59775159.76665 79189718.79867001 67086886.66972 31881292.57068 
59376024.35243 66832842.884899996 94618912.51386 98990063.93401 80985518.87003 44716428.96596 33536027.07623 26756961.59384 30523065.72558 57720538.93029 33295379.44409 25406520.95641 0 40707288.14282 47038109.45656 48472884.28605001 44760004.320140004 38496049.81634 47365151.79583 54020918.157189995 98864574.12504 82496217.55285001 68889856.60255 81552391.39091 66316008.28035 68546541.20481 62345852.45737 27835140.003459997 33914987.82574999 43743596.69777 47454407.158479996 61060008.98279 47330809.02184 38598626.62874 
38649565.76743 41623308.64061 72801191.49165 74609381.28005 55805575.47304 27192193.75127 30574297.735360004 15306127.096609998 19072231.22835 46269704.43306 21186011.78694 25347772.098279998 40707288.14282 0 24011109.55703 41439508.683359995 22800140.793909997 15985341.41469 23087334.19947 28560033.43223 74833873.16703 58305190.01023 51365621.38786 64028156.17622 57970464.8553 55351787.048709996 42466831.30538 31604866.81464 31034603.82763 43247129.71707 39536319.25636 62075927.933929995 53080799.713819996 14003338.154660001 
53006675.48648 56073877.614209995 81244504.47033 91191217.6073 72934308.8475 49779650.80034 39979648.1182 24527694.67916 21060356.83475 48257830.03946 42639905.76737 47101555.09114 47038109.45656 24011109.55703 0 17428399.12633 45393627.598340005 39256584.03411 25751003.45175 32406769.81311 92068524.89558 76225583.5254 72514900.50277 83581499.32756999 74886690.89762 70007993.5216 61893768.12556 42041302.69212 46490536.781969994 56574156.94123 56252144.6312 76330928.2652 64259229.28119 28360447.87371 
60290702.70883 72184798.36986 97972862.57222 107919575.70919 90352914.12184 61047290.99599999 51150970.44241 35699017.00337 35685613.06953 58852038.52482 31231491.42486 46317771.66959 48472884.28605 41439508.68336 17428399.12633 0 32845620.431829996 26030821.05261 43179402.57808 49835168.93944 109441504.5724 92347237.91161999 83794579.45149 95855437.41833 85951007.90698 84202911.77054 76243139.63147 47387724.4193 51885127.60919 63258723.713080004 63853492.93874 81356878.99577 70255669.90347 42940939.24018 
37381302.60432 49275398.26535 80419819.78995 87952695.63784 71704213.479 49875226.263380006 40687701.47525 25235748.03621 24333270.76359 39904315.20869 11464624.876050001 32670161.92628 44760004.320140004 22800140.793909997 45393627.598340005 32845620.431829996 0 6814799.37922 23979552.67553 25090297.24776 88897628.83883 74436942.70455 73992595.11770001 84435685.03649 78314076.04824999 73898756.12558 63073139.42128 49936964.59691 49541243.724860005 62748399.86761 61883668.84724 83258346.28549 70743605.20857 27454142.81957 
34259881.65622 46153977.31725 77298398.84185 83307071.32963 65434248.73781 43177535.16596 33883760.03217 18431806.59313 18196227.199359998 33640360.70489 5200670.37225 25855362.547059998 38496049.81634 15985341.41469 39256584.034109995 26030821.05261 6814799.37922 0 17164753.29631 23820519.65767 85876846.51992 69056954.15317 67350962.80255 77875754.18786 71510134.60517 67083956.746360004 56512426.216010004 43122165.21769 44917896.31136 58493711.77712 55213428.29488 77861964.08275 65249506.90055 21020892.4644 
47440429.75393 59334525.414960004 63778484.89999 72767022.80003999 53963216.99303 41836976.8842 36477657.40008 24702962.74621 28469066.877949998 50805114.0012 22365423.66856 40716242.16946 47365151.79583 23087334.19947 25751003.45175 43179402.57808 23979552.67553 17164753.29631 0 6655766.36136 74281420.41044 65397717.17570999 63875507.49279 72836982.23537 69561150.14265999 68248619.07094 57108138.53825 54420299.41972 49659304.33508 61761604.79003 59666474.05707 83413520.17312 75474318.6587 32628038.662109997 
54096196.11529 65990291.77632 57122718.53863 67069431.6756 60618983.354389995 43683694.49183 40408071.40033 31358729.10757 35124833.23931 57460880.36256 29021190.029919997 36222668.82648 54020918.157189995 28560033.43223 32406769.81311 49835168.93944 25090297.24776 23820519.65767 6655766.36136 0 67625654.04908 72053483.53707 64995751.97034 72884398.21036 71715790.73065001 71528764.36297 50452372.17689 60164900.24687 56315070.69644 65692018.79028 63501417.21566 87701517.55661 73972317.59566 39283805.02347 
73134629.91763 85028725.57866 75549420.60938 65602707.47241 67954729.02802 56386023.83988 66026546.33031 73742487.56903 74228102.79109 77569545.10082999 82639619.59293 99055836.52364 98864574.12504 74833873.16703 92068524.89558 109441504.5724 88897628.83883 85876846.51992 74281420.41044 67625654.04908 0 17768245.28152 74480869.56072 83918085.38596 73261901.54224 73760288.72361 74015447.33128999 80347560.26528 74657316.5087 77017378.68311 80728189.14382 92834453.22982001 83097397.42658001 67174543.95296 
74052526.28421 74836118.50546 82139222.40375999 83370952.75393 73922212.86673 54638700.52610999 65819102.41583999 57213804.41223 57043684.281220004 78328504.27096 65484261.18805 81287591.24212 82496217.55285001 58305190.01023 76225583.5254 92347237.91161999 74436942.70455 69056954.15317 65397717.17570999 72053483.53706999 17768245.28152 0 76677231.1347 66149840.10444 62217030.78576 55992043.44209 71460990.68657 71206590.67445 67961976.36336 81486611.73678 77775801.27607 75952690.31246 65929810.91815 49406298.67144 
55755484.7715 67649580.43253 44262341.02311 54209054.16008 66993174.87374 24173427.63659 35353829.52632 50805782.96536 52892721.60218 50468737.54981 62616414.81474 75431909.52991 68889856.60255 51365621.38786 72514900.50277 83794579.45149 73992595.11770001 67350962.80255 63875507.49279 64995751.97034 74480869.56072 76677231.1347 0 14030712.95789 26000977.23223 27223412.03291 36462738.99136 48134964.06199 54214811.884279996 46880596.49712 43169786.036410004 47752589.57314 34023389.61219 46538452.298130006 
69786197.72939 60749839.89549 38984320.30333 48931033.440299995 54410070.5436 36835962.42495 48016364.31468 61252861.99942 62521142.492819995 64499450.5077 73061016.55184 87302170.1863 81552391.39091 64028156.17622 83581499.32756999 95855437.41833 84435685.03649 77875754.18786 72836982.23537 72884398.21036 83918085.38596001 66149840.10444 14030712.95789 0 16797129.78719 22645722.81725 22432026.03347 60797498.85035001 59863814.54492 47165781.491289996 43454971.03058 53299221.32644 46372123.41842 56983054.03523 
62574869.4243 57176494.23506 55781450.090519994 65728163.22748999 56420180.86214 44347107.22352 37626374.573 53078328.01204 56600026.07535 64655890.19901 67151785.4152 78574064.32072 66316008.28035 57970464.8553 74886690.89762 85951007.90698 78314076.04824999 71510134.60517 69561150.14265999 71715790.73065001 73261901.54224 62217030.78576 26000977.23223 16797129.78719 0 6224987.34367 31098681.9049 46277108.39841 43443079.071339995 30368651.7041 26657841.24339 38187942.89422 29574993.63123 51174820.96578 
61521389.90546 58554682.82613 57146754.61772 67093467.75469 53632915.66558 39694666.75849 42181087.205850005 51260402.1042 53995019.98684999 58430902.855340004 64320518.420049995 73943812.0493 68546541.20481 55351787.048709996 70007993.5216 84202911.77054 73898756.12558 67083956.746360004 68248619.07094 71528764.36297 73760288.72361 55992043.44209 27223412.032909997 22645722.81725 6224987.34367 0 24873694.56123 41403024.989 37218091.72767 25494568.29469 21783757.83398 31962955.55055 23801203.38716 48242555.90344 
57548400.17951 63450942.907529995 32273060.05649 42219773.19346 46115567.29089 17629423.49141 28809825.38114 44261778.82018 41157200.461679995 50003315.32038 51708959.80153 66560476.71326 62345852.45737 42466831.30538 61893768.12556 76243139.63147 63073139.42128 56512426.216010004 57108138.53825 50452372.17689 74015447.33128999 71460990.68656999 36462738.99136 22432026.03347 31098681.9049 24873694.56123 0 41590959.91681 47670807.739099994 37692171.16463 41402981.62534 55064472.43703 48674897.94839001 40050506.93522 
54619357.92103 66513453.58206 73864019.9733 82051631.07654 65499145.16284999 23961536.4254 35141938.31513 32916586.395789996 32652492.592709996 49804320.28847 42495620.7375 44648813.14729 27835140.003459997 31604866.81464 42041302.69212 47387724.4193 49936964.59691 43122165.21769 54420299.41972 60164900.246869996 80347560.26528 71206590.67445 48134964.06199 60797498.85035 46277108.39841 41403024.989 41590959.91681 0 6079847.82229 15908456.69431 19619267.15502 35512943.79333 43667342.42167 36952234.41538 
60699205.74332 68195278.77622 79943867.79559 75971783.25424999 59883055.13864 30041384.24769 39487827.56064 37365820.48564 36405844.33118 43724472.46618 46944854.82735 46444544.24096 33914987.82575 31034603.82763 46490536.781969994 51885127.60919 49541243.724860005 44917896.31136 49659304.33508 56315070.69644 74657316.5087 67961976.36336 54214811.884279996 59863814.54492 43443079.07134 37218091.72767 47670807.739099994 6079847.82229 0 14203880.17069 17914690.6314 41592791.61562 46850764.401580006 40575308.29027 
63656664.10105 64321743.060770005 69965231.22112 78293635.01313001 61731073.45244 28138846.42529 25283947.38995 40735900.82899 42559342.00682 56164453.12309 53293041.40487 59614948.27154 43743596.69777 43247129.71707 56574156.94123 63258723.713080004 62748399.86761 58493711.77712 61761604.79003 65692018.79028 77017378.68311 81486611.73678 46880596.49712 47165781.49129 30368651.7041 25494568.29469 37692171.16463 15908456.69431 14203880.17069 0 3710810.46071 28170459.47487 32646884.23089 41774891.37385 
59945853.64034 68032553.52148 73676041.68183 74582824.55242 65441883.91315 31849656.886 23188816.65699 37101553.61134 38848531.546110004 52453642.66238 55837738.7543 59775159.76665 47454407.158479996 39536319.25636 56252144.6312 63853492.93874 61883668.84724 55213428.29488 59666474.05707 63501417.21566 80728189.14382 77775801.27607 43169786.03641 43454971.03058 26657841.24339 21783757.83398 41402981.62534 19619267.15502 17914690.6314 3710810.46071 0 24459649.01416 36357694.6916 39759776.23769 
84370546.03529 85546206.48207 86701222.14521 94148919.97537 79514177.80784 48987442.756840006 47648465.67115 59766484.132599995 61562801.35787 76890497.67 77276037.32343 79189718.79867 61060008.98279 62075927.933929995 76330928.2652 81356878.99576999 83258346.28549 77861964.08275 83413520.17312 87701517.55661 92834453.22982001 75952690.31246 47752589.57314 53299221.32644 38187942.89422 31962955.55055 55064472.43703 35512943.79333 41592791.61562 28170459.47487 24459649.01416 0 13729199.96095 63809269.520440005 
70699430.49768999 72542628.77901 75030212.14755 84411864.17213 67171722.23058 36390652.21174 39334093.38239 50771355.912489995 48392021.79101 66145222.79387 63546837.36248 67086886.66972 47330809.02184 53080799.713819996 64259229.28119 70255669.90347 70743605.20857 65249506.90055 75474318.65869999 73972317.59566 83097397.42658001 65929810.91815 34023389.61219 46372123.41842 29574993.63123 23801203.38716 48674897.94839 43667342.42167 46850764.40158 32646884.23089 36357694.691599995 13729199.96095 0 50080069.55949 
24646227.61277 32758086.004219998 63935968.85526 65192260.77772 49839946.68438 22421083.44381 16570959.5807 11841665.0349 8075560.90316 35273034.10787 16077962.51661 31881292.57068 38598626.62874 14003338.154660001 28360447.87371 42940939.24018 27454142.81957 21020892.4644 32628038.66211 39283805.02347 67174543.95296 49406298.67144 46538452.298130006 56983054.03523 51174820.96578 48242555.90344 40050506.93522 36952234.41538 40575308.29027 41774891.37385 39759776.23769 63809269.520440005 50080069.55949 0 
