16
17 25 31 29 38 43 27 13 39 34 11 3 20 21 1 2
0 8.0 14.0 19.0 21.0 26.0 24.0 17.0 14.0 16.0 19.0 21.0 21.0 31.0 21.0 7.0 
8.0 0 6.0 18.0 20.0 28.0 29.0 25.0 22.0 21.0 12.0 22.0 27.0 37.0 23.0 13.0 
14.0 6.0 0 14.0 16.0 24.0 24.0 31.0 28.0 17.0 18.0 28.0 23.0 33.0 29.0 19.0 
19.0 18.0 14.0 0 2.0 10.0 18.0 26.0 20.0 3.0 6.0 16.0 18.0 24.0 17.0 12.0 
21.0 20.0 16.0 2.0 0 8.0 16.0 25.0 21.0 5.0 8.0 17.0 19.0 26.0 15.0 14.0 
26.0 28.0 24.0 10.0 8.0 0 8.0 17.0 21.0 13.0 16.0 17.0 12.0 22.0 15.0 19.0 
24.0 29.0 24.0 18.0 16.0 8.0 0 9.0 18.0 18.0 17.0 14.0 4.0 14.0 23.0 17.0 
17.0 25.0 31.0 26.0 25.0 17.0 9.0 0 9.0 23.0 26.0 23.0 13.0 23.0 32.0 24.0 
14.0 22.0 28.0 20.0 21.0 21.0 18.0 9.0 0 17.0 26.0 24.0 14.0 24.0 28.0 16.0 
16.0 21.0 17.0 3.0 5.0 13.0 18.0 23.0 17.0 0 9.0 19.0 15.0 21.0 20.0 9.0 
19.0 12.0 18.0 6.0 8.0 16.0 17.0 26.0 26.0 9.0 0 10.0 15.0 25.0 23.0 18.0 
21.0 22.0 28.0 16.0 17.0 17.0 14.0 23.0 24.0 19.0 10.0 0 10.0 20.0 24.0 14.0 
21.0 27.0 23.0 18.0 19.0 12.0 4.0 13.0 14.0 15.0 15.0 10.0 0 10.0 20.0 14.0 
31.0 37.0 33.0 24.0 26.0 22.0 14.0 23.0 24.0 21.0 25.0 20.0 10.0 0 19.0 24.0 
21.0 23.0 29.0 17.0 15.0 15.0 23.0 32.0 28.0 20.0 23.0 24.0 20.0 19.0 0 14.0 
7.0 13.0 19.0 12.0 14.0 19.0 17.0 24.0 16.0 9.0 18.0 14.0 14.0 24.0 14.0 0 
