65
76 73 75 192 199 198 200 58 55 54 57 141 144 143 182 169 161 166 165 70 66 68 83 88 82 89 87 178 180 174 172 38 31 39 35 37 99 132 140 131 139 28 25 29 26 46 44 41 8 2 151 156 157 121 124 18 11 15 16 118 116 119 111 80 74
0 1112.54888 3568.60449 13568.60449 20609.93391 20708.84328 15573.99124 13568.60449 15146.89787 17044.44698 19551.56137 13568.60449 19952.50048 20952.35164 13568.60449 13568.60449 20155.346700000002 22405.35432 16813.94484 16276.61354 19937.543879999997 19375.535949999998 21273.52454 20015.13697 16075.31329 14662.40977 13568.60449 20189.466549999997 22398.966719999997 18217.95584 13568.60449 13568.60449 14099.51032 16128.67734 19657.88688 19479.23011 13961.034099999999 13568.60449 19860.96172 19871.16222 17622.00504 15276.98677 18383.287239999998 14920.03225 14778.32553 13568.60449 18734.03303 20249.13396 26698.41678 23568.604489999998 13568.60449 21592.44309 15629.14811 13568.60449 21313.47905 13568.60449 16969.20591 21051.53981 15386.58276 13568.60449 14734.29098 20316.25393 15176.43066 2862.80998 10614.69219 
1112.54888 0 3412.57747 13412.57747 20453.90689 20552.81626 15417.96422 13412.57747 14990.87085 16888.41996 19395.53435 13412.57747 19796.47346 20796.32462 13412.57747 13412.57747 19999.31968 22249.327299999997 16657.91782 16120.58652 19781.51686 19219.50893 21117.49752 19859.10995 15919.28627 14506.38275 13412.57747 20033.43953 22242.939700000003 18061.92882 13412.57747 13412.57747 13943.4833 15972.65032 19501.85986 19323.20309 13805.00708 13412.57747 19704.9347 19715.1352 17465.97802 15120.95975 18227.26022 14764.00523 14622.29851 13412.57747 18578.00601 20093.10694 26542.38976 23412.57747 13412.57747 21436.41607 15473.12109 13412.57747 21157.45203 13412.57747 16813.17889 20895.51279 15230.55574 13412.57747 14578.26396 20160.22691 15020.40364 3934.65246 10833.54802 
3568.60449 3412.57747 0 10000.0 17041.329420000002 17140.23879 12005.38675 10000.0 11578.29338 13475.842489999999 15982.95688 10000.0 16383.89599 17383.74715 10000.0 10000.0 16586.74221 18836.74983 13245.34035 12708.00905 16368.93939 15806.93146 17704.92005 16446.53248 12506.7088 11093.80528 10000.0 16620.86206 18830.36223 14649.35135 10000.0 10000.0 10530.90583 12560.07285 16089.28239 15910.625619999999 10392.42961 10000.0 16292.357230000001 16302.55773 14053.40055 11708.38228 14814.68275 11351.42776 11209.72104 10000.0 15165.42854 16680.52947 23129.81229 20000.0 10000.0 18023.8386 12060.54362 10000.0 17744.87456 10000.0 13400.601419999999 17482.93532 11817.97827 10000.0 11165.68649 16747.64944 11607.82617 5722.60299 13337.11601 
13568.60449 13412.57747 10000.0 0 7041.32942 7140.23879 2005.38675 10000.0 11578.29338 13475.842489999999 15982.95688 10000.0 16383.89599 17383.74715 10000.0 10000.0 16586.74221 18836.74983 13245.34035 12708.00905 16368.93939 15806.93146 17704.92005 16446.53248 12506.7088 11093.80528 10000.0 16620.86206 18830.36223 14649.35135 10000.0 10000.0 10530.90583 12560.07285 16089.28239 15910.625619999999 10392.42961 10000.0 16292.357230000001 16302.55773 14053.40055 11708.38228 14814.68275 11351.42776 11209.72104 10000.0 15165.42854 16680.52947 23129.81229 20000.0 10000.0 18023.8386 12060.54362 10000.0 17744.87456 10000.0 13400.601419999999 17482.93532 11817.97827 10000.0 11165.68649 16747.64944 11607.82617 15722.60299 23337.11601 
20609.933910000003 20453.906890000002 17041.329420000002 7041.32942 0 2643.06829 5525.26778 17041.329420000002 18619.6228 20517.17191 23024.2863 17041.329420000002 23425.225410000003 24425.07657 17041.329420000002 17041.329420000002 23628.071630000002 25878.079250000003 20286.66977 19749.338470000002 23410.26881 22848.26088 24746.249470000002 23487.861900000004 19548.038220000002 18135.134700000002 17041.329420000002 23662.19148 25871.69165 21690.680770000003 17041.329420000002 17041.329420000002 17572.23525 19601.402270000002 23130.611810000002 22951.95504 17433.75903 17041.329420000002 23333.686650000003 23343.887150000002 21094.72997 18749.711700000003 21856.01217 18392.75718 18251.050460000002 17041.329420000002 22206.757960000003 23721.858890000003 30171.141710000004 27041.329420000002 17041.329420000002 25065.16802 19101.873040000002 17041.329420000002 24786.203980000002 17041.329420000002 20441.93084 24524.264740000002 18859.30769 17041.329420000002 18207.015910000002 23788.978860000003 18649.155590000002 22763.93241 30378.44543 
20708.84328 20552.81626 17140.23879 7140.23879 2643.06829 0 5214.10568 17140.23879 18718.53217 20616.08128 23123.19567 17140.23879 23524.13478 24523.98594 17140.23879 17140.23879 23726.981 25976.988619999996 20385.579139999998 19848.24784 23509.17818 22947.17025 24845.15884 23586.771269999997 19646.94759 18234.04407 17140.23879 23761.10085 25970.601020000002 21789.59014 17140.23879 17140.23879 17671.14462 19700.31164 23229.52118 23050.86441 17532.6684 17140.23879 23432.59602 23442.79652 21193.639339999998 18848.62107 21954.92154 18491.666549999998 18349.95983 17140.23879 22305.66733 23820.76826 30270.051079999997 27140.23879 17140.23879 25164.07739 19200.78241 17140.23879 24885.11335 17140.23879 20540.84021 24623.17411 18958.21706 17140.23879 18305.92528 23887.88823 18748.06496 22862.84178 30477.354799999997 
15573.99124 15417.96422 12005.38675 2005.38675 5525.26778 5214.10568 0 12005.38675 13583.68013 15481.22924 17988.34363 12005.38675 18389.28274 19389.1339 12005.38675 12005.38675 18592.128960000002 20842.13658 15250.7271 14713.3958 18374.326139999997 17812.318209999998 19710.3068 18451.91923 14512.09555 13099.19203 12005.38675 18626.248809999997 20835.748979999997 16654.7381 12005.38675 12005.38675 12536.29258 14565.4596 18094.669139999998 17916.01237 12397.816359999999 12005.38675 18297.74398 18307.94448 16058.7873 13713.76903 16820.069499999998 13356.81451 13215.10779 12005.38675 17170.81529 18685.91622 25135.19904 22005.386749999998 12005.38675 20029.22535 14065.93037 12005.38675 19750.26131 12005.38675 15405.98817 19488.32207 13823.36502 12005.38675 13171.07324 18753.03619 13613.21292 17727.98974 25342.50276 
13568.60449 13412.57747 10000.0 10000.0 17041.329420000002 17140.23879 12005.38675 0 1578.29338 3475.84249 5982.95688 10000.0 16383.89599 17383.74715 10000.0 10000.0 16586.74221 18836.74983 13245.34035 12708.00905 16368.93939 15806.93146 17704.92005 16446.53248 12506.7088 11093.80528 10000.0 16620.86206 18830.36223 14649.35135 10000.0 10000.0 10530.90583 12560.07285 16089.28239 15910.625619999999 10392.42961 10000.0 16292.357230000001 16302.55773 14053.40055 11708.38228 14814.68275 11351.42776 11209.72104 10000.0 15165.42854 16680.52947 23129.81229 20000.0 10000.0 18023.8386 12060.54362 10000.0 17744.87456 10000.0 13400.601419999999 17482.93532 11817.97827 10000.0 11165.68649 16747.64944 11607.82617 15722.60299 23337.11601 
15146.897869999999 14990.87085 11578.29338 11578.29338 18619.622799999997 18718.53217 13583.680129999999 1578.29338 0 3680.36044 6795.60179 11578.29338 17962.18937 18962.04053 11578.29338 11578.29338 18165.03559 20415.04321 14823.63373 14286.30243 17947.23277 17385.22484 19283.21343 18024.825859999997 14085.00218 12672.09866 11578.29338 18199.15544 20408.65561 16227.64473 11578.29338 11578.29338 12109.199209999999 14138.36623 17667.57577 17488.918999999998 11970.722989999998 11578.29338 17870.65061 17880.85111 15631.69393 13286.675659999999 16392.97613 12929.72114 12788.01442 11578.29338 16743.72192 18258.82285 24708.105669999997 21578.29338 11578.29338 19602.13198 13638.837 11578.29338 19323.16794 11578.29338 14978.894799999998 19061.2287 13396.271649999999 11578.29338 12743.97987 18325.94282 13186.11955 17300.89637 24915.409389999997 
17044.44698 16888.41996 13475.842489999999 13475.842489999999 20517.171909999997 20616.08128 15481.229239999999 3475.84249 3680.36044 0 3398.36578 13475.842489999999 19859.73848 20859.58964 13475.842489999999 13475.842489999999 20062.5847 22312.592319999996 16721.182839999998 16183.85154 19844.78188 19282.77395 21180.76254 19922.374969999997 15982.55129 14569.64777 13475.842489999999 20096.70455 22306.20472 18125.19384 13475.842489999999 13475.842489999999 14006.748319999999 16035.91534 19565.12488 19386.468109999998 13868.272099999998 13475.842489999999 19768.19972 19778.40022 17529.243039999998 15184.224769999999 18290.52524 14827.27025 14685.56353 13475.842489999999 18641.27103 20156.37196 26605.654779999997 23475.84249 13475.842489999999 21499.68109 15536.38611 13475.842489999999 21220.71705 13475.842489999999 16876.443909999998 20958.77781 15293.820759999999 13475.842489999999 14641.52898 20223.49193 15083.66866 19198.44548 26812.958499999997 
19551.56137 19395.53435 15982.95688 15982.95688 23024.2863 23123.19567 17988.34363 5982.95688 6795.60179 3398.36578 0 15982.95688 22366.85287 23366.70403 15982.95688 15982.95688 22569.699090000002 24819.70671 19228.29723 18690.96593 22351.896269999997 21789.888339999998 23687.87693 22429.48936 18489.66568 17076.76216 15982.95688 22603.818939999997 24813.319109999997 20632.30823 15982.95688 15982.95688 16513.86271 18543.02973 22072.23927 21893.5825 16375.386489999999 15982.95688 22275.31411 22285.51461 20036.35743 17691.33916 20797.639629999998 17334.38464 17192.67792 15982.95688 21148.38542 22663.48635 29112.76917 25982.956879999998 15982.95688 24006.79548 18043.5005 15982.95688 23727.83144 15982.95688 19383.5583 23465.8922 17800.93515 15982.95688 17148.643369999998 22730.60632 17590.78305 21705.55987 29320.07289 
13568.60449 13412.57747 10000.0 10000.0 17041.329420000002 17140.23879 12005.38675 10000.0 11578.29338 13475.842489999999 15982.95688 0 6383.89599 7383.74715 10000.0 10000.0 16586.74221 18836.74983 13245.34035 12708.00905 16368.93939 15806.93146 17704.92005 16446.53248 12506.7088 11093.80528 10000.0 16620.86206 18830.36223 14649.35135 10000.0 10000.0 10530.90583 12560.07285 16089.28239 15910.625619999999 10392.42961 10000.0 16292.357230000001 16302.55773 14053.40055 11708.38228 14814.68275 11351.42776 11209.72104 10000.0 15165.42854 16680.52947 23129.81229 20000.0 10000.0 18023.8386 12060.54362 10000.0 17744.87456 10000.0 13400.601419999999 17482.93532 11817.97827 10000.0 11165.68649 16747.64944 11607.82617 15722.60299 23337.11601 
19952.500480000002 19796.47346 16383.89599 16383.89599 23425.22541 23524.13478 18389.282740000002 16383.89599 17962.18937 19859.73848 22366.852870000002 6383.89599 0 2148.73405 16383.89599 16383.89599 22970.6382 25220.645819999998 19629.23634 19091.90504 22752.83538 22190.82745 24088.81604 22830.42847 18890.60479 17477.70127 16383.89599 23004.75805 25214.258220000003 21033.24734 16383.89599 16383.89599 16914.80182 18943.96884 22473.17838 22294.52161 16776.3256 16383.89599 22676.253220000002 22686.45372 20437.29654 18092.278270000003 21198.57874 17735.32375 17593.61703 16383.89599 21549.32453 23064.425460000002 29513.70828 26383.89599 16383.89599 24407.73459 18444.43961 16383.89599 24128.77055 16383.89599 19784.49741 23866.83131 18201.87426 16383.89599 17549.58248 23131.545430000002 17991.72216 22106.49898 29721.012 
20952.35164 20796.32462 17383.74715 17383.74715 24425.076569999997 24523.98594 19389.1339 17383.74715 18962.04053 20859.58964 23366.70403 7383.74715 2148.73405 0 17383.74715 17383.74715 23970.48936 26220.496979999996 20629.087499999998 20091.7562 23752.68654 23190.67861 25088.6672 23830.279629999997 19890.45595 18477.55243 17383.74715 24004.60921 26214.10938 22033.0985 17383.74715 17383.74715 17914.65298 19943.82 23473.02954 23294.372769999998 17776.17676 17383.74715 23676.10438 23686.30488 21437.147699999998 19092.12943 22198.4299 18735.174909999998 18593.46819 17383.74715 22549.17569 24064.27662 30513.559439999997 27383.74715 17383.74715 25407.58575 19444.29077 17383.74715 25128.62171 17383.74715 20784.34857 24866.68247 19201.72542 17383.74715 18549.43364 24131.39659 18991.57332 23106.35014 30720.863159999997 
13568.60449 13412.57747 10000.0 10000.0 17041.329420000002 17140.23879 12005.38675 10000.0 11578.29338 13475.842489999999 15982.95688 10000.0 16383.89599 17383.74715 0 10000.0 16586.74221 18836.74983 13245.34035 12708.00905 16368.93939 15806.93146 17704.92005 16446.53248 12506.7088 11093.80528 10000.0 16620.86206 18830.36223 14649.35135 10000.0 10000.0 10530.90583 12560.07285 16089.28239 15910.625619999999 10392.42961 10000.0 16292.357230000001 16302.55773 14053.40055 11708.38228 14814.68275 11351.42776 11209.72104 10000.0 15165.42854 16680.52947 23129.81229 20000.0 10000.0 18023.8386 12060.54362 10000.0 17744.87456 10000.0 13400.601419999999 17482.93532 11817.97827 10000.0 11165.68649 16747.64944 11607.82617 15722.60299 23337.11601 
13568.60449 13412.57747 10000.0 10000.0 17041.329420000002 17140.23879 12005.38675 10000.0 11578.29338 13475.842489999999 15982.95688 10000.0 16383.89599 17383.74715 10000.0 0 6586.74221 8836.74983 3245.34035 12708.00905 16368.93939 15806.93146 17704.92005 16446.53248 12506.7088 11093.80528 10000.0 16620.86206 18830.36223 14649.35135 10000.0 10000.0 10530.90583 12560.07285 16089.28239 15910.625619999999 10392.42961 10000.0 16292.357230000001 16302.55773 14053.40055 11708.38228 14814.68275 11351.42776 11209.72104 10000.0 15165.42854 16680.52947 23129.81229 20000.0 10000.0 18023.8386 12060.54362 10000.0 17744.87456 10000.0 13400.601419999999 17482.93532 11817.97827 10000.0 11165.68649 16747.64944 11607.82617 15722.60299 23337.11601 
20155.346700000002 19999.31968 16586.74221 16586.74221 23628.07163 23726.981 18592.128960000002 16586.74221 18165.03559 20062.5847 22569.699090000002 16586.74221 22970.6382 23970.48936 16586.74221 6586.74221 0 10763.95401 7201.23774 19294.75126 22955.6816 22393.67367 24291.66226 23033.27469 19093.45101 17680.54749 16586.74221 23207.60427 25417.104440000003 21236.09356 16586.74221 16586.74221 17117.64804 19146.81506 22676.0246 22497.36783 16979.17182 16586.74221 22879.09944 22889.29994 20640.14276 18295.124490000002 21401.42496 17938.16997 17796.46325 16586.74221 21752.17075 23267.27168 29716.5545 26586.74221 16586.74221 24610.58081 18647.28583 16586.74221 24331.61677 16586.74221 19987.34363 24069.67753 18404.72048 16586.74221 17752.4287 23334.39165 18194.56838 22309.3452 29923.85822 
22405.354320000002 22249.3273 18836.74983 18836.74983 25878.079250000003 25976.98862 20842.136580000002 18836.74983 20415.04321 22312.59232 24819.70671 18836.74983 25220.64582 26220.49698 18836.74983 8836.74983 10763.95401 0 5591.40948 21544.75888 25205.68922 24643.68129 26541.66988 25283.282310000002 21343.45863 19930.55511 18836.74983 25457.61189 27667.11206 23486.10118 18836.74983 18836.74983 19367.65566 21396.82268 24926.03222 24747.37545 19229.17944 18836.74983 25129.107060000002 25139.30756 22890.15038 20545.132110000002 23651.43258 20188.17759 20046.47087 18836.74983 24002.17837 25517.279300000002 31966.562120000002 28836.74983 18836.74983 26860.58843 20897.29345 18836.74983 26581.62439 18836.74983 22237.35125 26319.68515 20654.7281 18836.74983 20002.43632 25584.39927 20444.576 24559.35282 32173.86584 
16813.94484 16657.917820000002 13245.34035 13245.34035 20286.66977 20385.57914 15250.7271 13245.34035 14823.633730000001 16721.18284 19228.29723 13245.34035 19629.23634 20629.0875 13245.34035 3245.34035 7201.23774 5591.40948 0 15953.349400000001 19614.279739999998 19052.27181 20950.2604 19691.87283 15752.04915 14339.14563 13245.34035 19866.202409999998 22075.702579999997 17894.6917 13245.34035 13245.34035 13776.24618 15805.4132 19334.62274 19155.96597 13637.76996 13245.34035 19537.69758 19547.89808 17298.7409 14953.72263 18060.0231 14596.76811 14455.06139 13245.34035 18410.76889 19925.86982 26375.15264 23245.34035 13245.34035 21269.17895 15305.88397 13245.34035 20990.214910000002 13245.34035 16645.94177 20728.27567 15063.31862 13245.34035 14411.02684 19992.98979 14853.16652 18967.94334 26582.45636 
16276.61354 16120.58652 12708.00905 12708.00905 19749.338470000002 19848.24784 14713.3958 12708.00905 14286.30243 16183.85154 18690.96593 12708.00905 19091.90504 20091.7562 12708.00905 12708.00905 19294.75126 21544.75888 15953.349400000001 0 3700.24242 3600.84934 20412.9291 19154.541530000002 15214.71785 13801.814330000001 12708.00905 19328.87111 21538.37128 17357.3604 12708.00905 12708.00905 13238.91488 15268.081900000001 18797.29144 18618.63467 13100.43866 12708.00905 19000.366280000002 19010.56678 16761.4096 14416.39133 17522.6918 14059.436810000001 13917.730090000001 12708.00905 17873.43759 19388.538520000002 25837.821340000002 22708.00905 12708.00905 20731.84765 14768.552670000001 12708.00905 20452.88361 12708.00905 16108.61047 20190.94437 14525.98732 12708.00905 13873.69554 19455.65849 14315.83522 18430.61204 26045.12506 
19937.54388 19781.51686 16368.93939 16368.93939 23410.26881 23509.17818 18374.32614 16368.93939 17947.23277 19844.78188 22351.896269999997 16368.93939 22752.83538 23752.68654 16368.93939 16368.93939 22955.6816 25205.68922 19614.279739999998 3700.24242 0 2115.97968 24073.85944 22815.47187 18875.64819 17462.74467 16368.93939 22989.80145 25199.30162 21018.29074 16368.93939 16368.93939 16899.84522 18929.01224 22458.22178 22279.56501 16761.369 16368.93939 22661.29662 22671.49712 20422.339939999998 18077.32167 21183.62214 17720.36715 17578.66043 16368.93939 21534.36793 23049.46886 29498.75168 26368.93939 16368.93939 24392.77799 18429.48301 16368.93939 24113.81395 16368.93939 19769.54081 23851.87471 18186.91766 16368.93939 17534.62588 23116.58883 17976.76556 22091.54238 29706.055399999997 
19375.53595 19219.50893 15806.93146 15806.93146 22848.26088 22947.17025 17812.31821 15806.93146 17385.22484 19282.77395 21789.888339999998 15806.93146 22190.82745 23190.67861 15806.93146 15806.93146 22393.67367 24643.68129 19052.27181 3600.84934 2115.97968 0 23511.85151 22253.46394 18313.64026 16900.73674 15806.93146 22427.79352 24637.29369 20456.28281 15806.93146 15806.93146 16337.83729 18367.00431 21896.21385 21717.55708 16199.361069999999 15806.93146 22099.28869 22109.48919 19860.33201 17515.31374 20621.61421 17158.35922 17016.6525 15806.93146 20972.36 22487.46093 28936.74375 25806.93146 15806.93146 23830.77006 17867.47508 15806.93146 23551.80602 15806.93146 19207.53288 23289.86678 17624.90973 15806.93146 16972.61795 22554.5809 17414.75763 21529.53445 29144.047469999998 
21273.524540000002 21117.49752 17704.92005 17704.92005 24746.249470000002 24845.15884 19710.306800000002 17704.92005 19283.21343 21180.76254 23687.87693 17704.92005 24088.81604 25088.6672 17704.92005 17704.92005 24291.66226 26541.66988 20950.2604 20412.9291 24073.85944 23511.85151 0 3465.85199 5402.00926 6827.58266 7704.92005 24325.78211 26535.28228 22354.2714 17704.92005 17704.92005 18235.82588 20264.9929 23794.20244 23615.54567 18097.34966 17704.92005 23997.277280000002 24007.47778 21758.3206 19413.302330000002 22519.6028 19056.34781 18914.64109 17704.92005 22870.34859 24385.449520000002 30834.732340000002 27704.92005 17704.92005 25728.75865 19765.46367 17704.92005 25449.79461 17704.92005 21105.52147 25187.85537 19522.89832 17704.92005 18870.60654 24452.56949 19312.74622 23427.52304 31042.03606 
20015.136970000003 19859.109950000002 16446.53248 16446.53248 23487.861900000004 23586.77127 18451.919230000003 16446.53248 18024.82586 19922.37497 22429.48936 16446.53248 22830.428470000003 23830.27963 16446.53248 16446.53248 23033.274690000002 25283.282310000002 19691.87283 19154.541530000002 22815.47187 22253.46394 3465.85199 0 3972.35774 5364.52281 6446.53248 23067.39454 25276.89471 21095.883830000002 16446.53248 16446.53248 16977.43831 19006.605330000002 22535.814870000002 22357.1581 16838.96209 16446.53248 22738.889710000003 22749.090210000002 20499.93303 18154.914760000003 21261.21523 17797.96024 17656.253520000002 16446.53248 21611.961020000002 23127.061950000003 29576.344770000003 26446.53248 16446.53248 24470.37108 18507.076100000002 16446.53248 24191.407040000002 16446.53248 19847.1339 23929.467800000002 18264.51075 16446.53248 17612.21897 23194.181920000003 18054.358650000002 22169.13547 29783.64849 
16075.31329 15919.28627 12506.7088 12506.7088 19548.038220000002 19646.94759 14512.09555 12506.7088 14085.00218 15982.55129 18489.66568 12506.7088 18890.60479 19890.45595 12506.7088 12506.7088 19093.45101 21343.45863 15752.04915 15214.71785 18875.64819 18313.64026 5402.00926 3972.35774 0 1476.82667 2506.7088 19127.57086 21337.07103 17156.06015 12506.7088 12506.7088 13037.61463 15066.78165 18595.99119 18417.33442 12899.13841 12506.7088 18799.06603 18809.26653 16560.10935 14215.09108 17321.39155 13858.13656 13716.42984 12506.7088 17672.13734 19187.23827 25636.521090000002 22506.7088 12506.7088 20530.5474 14567.25242 12506.7088 20251.58336 12506.7088 15907.31022 19989.64412 14324.68707 12506.7088 13672.39529 19254.35824 14114.53497 18229.31179 25843.82481 
14662.40977 14506.38275 11093.80528 11093.80528 18135.134700000002 18234.04407 13099.19203 11093.80528 12672.09866 14569.64777 17076.76216 11093.80528 17477.70127 18477.55243 11093.80528 11093.80528 17680.54749 19930.55511 14339.14563 13801.814330000001 17462.74467 16900.73674 6827.58266 5364.52281 1476.82667 0 1093.80528 17714.66734 19924.16751 15743.156630000001 11093.80528 11093.80528 11624.71111 13653.878130000001 17183.08767 17004.4309 11486.23489 11093.80528 17386.162510000002 17396.36301 15147.20583 12802.18756 15908.48803 12445.233040000001 12303.52632 11093.80528 16259.233820000001 17774.33475 24223.617570000002 21093.80528 11093.80528 19117.64388 13154.3489 11093.80528 18838.67984 11093.80528 14494.4067 18576.7406 12911.78355 11093.80528 12259.49177 17841.45472 12701.63145 16816.40827 24430.921290000002 
13568.60449 13412.57747 10000.0 10000.0 17041.329420000002 17140.23879 12005.38675 10000.0 11578.29338 13475.842489999999 15982.95688 10000.0 16383.89599 17383.74715 10000.0 10000.0 16586.74221 18836.74983 13245.34035 12708.00905 16368.93939 15806.93146 7704.92005 6446.53248 2506.7088 1093.80528 0 16620.86206 18830.36223 14649.35135 10000.0 10000.0 10530.90583 12560.07285 16089.28239 15910.625619999999 10392.42961 10000.0 16292.357230000001 16302.55773 14053.40055 11708.38228 14814.68275 11351.42776 11209.72104 10000.0 15165.42854 16680.52947 23129.81229 20000.0 10000.0 18023.8386 12060.54362 10000.0 17744.87456 10000.0 13400.601419999999 17482.93532 11817.97827 10000.0 11165.68649 16747.64944 11607.82617 15722.60299 23337.11601 
20189.46655 20033.43953 16620.86206 16620.86206 23662.19148 23761.10085 18626.24881 16620.86206 18199.15544 20096.70455 22603.818939999997 16620.86206 23004.75805 24004.60921 16620.86206 16620.86206 23207.60427 25457.61189 19866.202409999998 19328.87111 22989.80145 22427.79352 24325.78211 23067.39454 19127.57086 17714.66734 16620.86206 0 4634.59653 6240.23501 6620.8620599999995 16620.86206 17151.76789 19180.93491 22710.14445 22531.48768 17013.29167 16620.86206 22913.21929 22923.41979 20674.262609999998 18329.24434 21435.54481 17972.289819999998 17830.5831 16620.86206 21786.2906 23301.39153 29750.67435 26620.86206 16620.86206 24644.70066 18681.40568 16620.86206 24365.73662 16620.86206 20021.46348 24103.79738 18438.84033 16620.86206 17786.54855 23368.5115 18228.68823 22343.46505 29957.978069999997 
22398.96672 22242.9397 18830.36223 18830.36223 25871.69165 25970.60102 20835.74898 18830.36223 20408.655609999998 22306.204719999998 24813.319109999997 18830.36223 25214.25822 26214.109379999998 18830.36223 18830.36223 25417.10444 27667.11206 22075.702579999997 21538.37128 25199.30162 24637.29369 26535.28228 25276.89471 21337.07103 19924.16751 18830.36223 4634.59653 0 4181.01088 8830.362229999999 18830.36223 19361.26806 21390.43508 24919.64462 24740.987849999998 19222.791839999998 18830.36223 25122.71946 25132.91996 22883.762779999997 20538.74451 23645.04498 20181.789989999997 20040.08327 18830.36223 23995.79077 25510.8917 31960.17452 28830.36223 18830.36223 26854.200829999998 20890.90585 18830.36223 26575.23679 18830.36223 22230.963649999998 26313.29755 20648.3405 18830.36223 19996.04872 25578.01167 20438.1884 24552.96522 32167.478239999997 
18217.955840000002 18061.92882 14649.35135 14649.35135 21690.68077 21789.59014 16654.738100000002 14649.35135 16227.64473 18125.19384 20632.308230000002 14649.35135 21033.24734 22033.0985 14649.35135 14649.35135 21236.09356 23486.101179999998 17894.6917 17357.3604 21018.29074 20456.28281 22354.2714 21095.88383 17156.06015 15743.156630000001 14649.35135 6240.23501 4181.01088 0 4649.35135 14649.35135 15180.25718 17209.4242 20738.63374 20559.97697 15041.78096 14649.35135 20941.708580000002 20951.90908 18702.7519 16357.73363 19464.0341 16000.779110000001 15859.072390000001 14649.35135 19814.77989 21329.880820000002 27779.16364 24649.35135 14649.35135 22673.18995 16709.89497 14649.35135 22394.22591 14649.35135 18049.95277 22132.28667 16467.32962 14649.35135 15815.03784 21397.000790000002 16257.177520000001 20371.95434 27986.46736 
13568.60449 13412.57747 10000.0 10000.0 17041.329420000002 17140.23879 12005.38675 10000.0 11578.29338 13475.842489999999 15982.95688 10000.0 16383.89599 17383.74715 10000.0 10000.0 16586.74221 18836.74983 13245.34035 12708.00905 16368.93939 15806.93146 17704.92005 16446.53248 12506.7088 11093.80528 10000.0 6620.8620599999995 8830.362229999999 4649.35135 0 10000.0 10530.90583 12560.07285 16089.28239 15910.625619999999 10392.42961 10000.0 16292.357230000001 16302.55773 14053.40055 11708.38228 14814.68275 11351.42776 11209.72104 10000.0 15165.42854 16680.52947 23129.81229 20000.0 10000.0 18023.8386 12060.54362 10000.0 17744.87456 10000.0 13400.601419999999 17482.93532 11817.97827 10000.0 11165.68649 16747.64944 11607.82617 15722.60299 23337.11601 
13568.60449 13412.57747 10000.0 10000.0 17041.329420000002 17140.23879 12005.38675 10000.0 11578.29338 13475.842489999999 15982.95688 10000.0 16383.89599 17383.74715 10000.0 10000.0 16586.74221 18836.74983 13245.34035 12708.00905 16368.93939 15806.93146 17704.92005 16446.53248 12506.7088 11093.80528 10000.0 16620.86206 18830.36223 14649.35135 10000.0 0 530.90583 2560.07285 6089.28239 5910.62562 10392.42961 10000.0 16292.357230000001 16302.55773 14053.40055 11708.38228 14814.68275 11351.42776 11209.72104 10000.0 15165.42854 16680.52947 23129.81229 20000.0 10000.0 18023.8386 12060.54362 10000.0 17744.87456 10000.0 13400.601419999999 17482.93532 11817.97827 10000.0 11165.68649 16747.64944 11607.82617 15722.60299 23337.11601 
14099.51032 13943.4833 10530.90583 10530.90583 17572.235249999998 17671.14462 12536.29258 10530.90583 12109.199209999999 14006.748319999999 16513.86271 10530.90583 16914.80182 17914.65298 10530.90583 10530.90583 17117.64804 19367.65566 13776.24618 13238.91488 16899.84522 16337.83729 18235.82588 16977.438309999998 13037.61463 11624.71111 10530.90583 17151.76789 19361.268060000002 15180.25718 10530.90583 530.90583 0 2032.4222 5777.44624 5379.71979 10923.335439999999 10530.90583 16823.26306 16833.46356 14584.30638 12239.28811 15345.58858 11882.33359 11740.62687 10530.90583 15696.33437 17211.4353 23660.718119999998 20530.90583 10530.90583 18554.74443 12591.44945 10530.90583 18275.78039 10530.90583 13931.507249999999 18013.84115 12348.8841 10530.90583 11696.59232 17278.55527 12138.732 16253.50882 23868.021839999998 
16128.67734 15972.65032 12560.07285 12560.07285 19601.40227 19700.31164 14565.4596 12560.07285 14138.36623 16035.91534 18543.029730000002 12560.07285 18943.96884 19943.82 12560.07285 12560.07285 19146.81506 21396.82268 15805.4132 15268.081900000001 18929.01224 18367.00431 20264.9929 19006.60533 15066.78165 13653.878130000001 12560.07285 19180.93491 21390.435080000003 17209.4242 12560.07285 2560.07285 2032.4222 0 5190.67982 4031.16174 12952.50246 12560.07285 18852.430080000002 18862.63058 16613.4734 14268.45513 17374.7556 13911.500610000001 13769.79389 12560.07285 17725.50139 19240.60232 25689.88514 22560.07285 12560.07285 20583.91145 14620.61647 12560.07285 20304.94741 12560.07285 15960.67427 20043.00817 14378.05112 12560.07285 13725.75934 19307.72229 14167.89902 18282.67584 25897.18886 
19657.886880000002 19501.85986 16089.28239 16089.28239 23130.611810000002 23229.52118 18094.66914 16089.28239 17667.57577 19565.12488 22072.23927 16089.28239 22473.17838 23473.02954 16089.28239 16089.28239 22676.0246 24926.03222 19334.62274 18797.29144 22458.22178 21896.21385 23794.20244 22535.814870000002 18595.99119 17183.08767 16089.28239 22710.14445 24919.64462 20738.63374 16089.28239 6089.28239 5777.44624 5190.67982 0 2309.65019 16481.712 16089.28239 22381.63962 22391.84012 20142.68294 17797.664670000002 20903.96514 17440.71015 17299.00343 16089.28239 21254.71093 22769.81186 29219.094680000002 26089.28239 16089.28239 24113.12099 18149.82601 16089.28239 23834.15695 16089.28239 19489.88381 23572.21771 17907.26066 16089.28239 17254.96888 22836.93183 17697.10856 21811.88538 29426.3984 
19479.23011 19323.20309 15910.625619999999 15910.625619999999 22951.95504 23050.86441 17916.01237 15910.625619999999 17488.918999999998 19386.468109999998 21893.582499999997 15910.625619999999 22294.52161 23294.372769999998 15910.625619999999 15910.625619999999 22497.36783 24747.37545 19155.965969999997 18618.63467 22279.56501 21717.55708 23615.54567 22357.1581 18417.33442 17004.4309 15910.625619999999 22531.48768 24740.987849999998 20559.97697 15910.625619999999 5910.62562 5379.71979 4031.16174 2309.65019 0 16303.055229999998 15910.625619999999 22202.98285 22213.18335 19964.026169999997 17619.0079 20725.30837 17262.053379999998 17120.34666 15910.625619999999 21076.05416 22591.15509 29040.43791 25910.62562 15910.625619999999 23934.464219999998 17971.16924 15910.625619999999 23655.50018 15910.625619999999 19311.227039999998 23393.56094 17728.60389 15910.625619999999 17076.31211 22658.27506 17518.45179 21633.22861 29247.741629999997 
13961.034099999999 13805.00708 10392.42961 10392.42961 17433.75903 17532.6684 12397.816359999999 10392.42961 11970.722989999998 13868.272099999998 16375.386489999999 10392.42961 16776.3256 17776.17676 10392.42961 10392.42961 16979.17182 19229.17944 13637.76996 13100.43866 16761.369 16199.361069999999 18097.34966 16838.96209 12899.13841 11486.23489 10392.42961 17013.29167 19222.791839999998 15041.78096 10392.42961 10392.42961 10923.335439999999 12952.50246 16481.712 16303.055229999998 0 10392.42961 16684.78684 16694.98734 14445.83016 12100.811889999999 15207.11236 11743.85737 11602.15065 10392.42961 15557.85815 17072.95908 23522.2419 20392.42961 10392.42961 18416.26821 12452.97323 10392.42961 18137.30417 10392.42961 13793.031029999998 17875.36493 12210.407879999999 10392.42961 11558.1161 17140.07905 12000.25578 16115.032599999999 23729.54562 
13568.60449 13412.57747 10000.0 10000.0 17041.329420000002 17140.23879 12005.38675 10000.0 11578.29338 13475.842489999999 15982.95688 10000.0 16383.89599 17383.74715 10000.0 10000.0 16586.74221 18836.74983 13245.34035 12708.00905 16368.93939 15806.93146 17704.92005 16446.53248 12506.7088 11093.80528 10000.0 16620.86206 18830.36223 14649.35135 10000.0 10000.0 10530.90583 12560.07285 16089.28239 15910.625619999999 10392.42961 0 6292.35723 6302.55773 4053.40055 11708.38228 14814.68275 11351.42776 11209.72104 10000.0 15165.42854 16680.52947 23129.81229 20000.0 10000.0 18023.8386 12060.54362 10000.0 17744.87456 10000.0 13400.601419999999 17482.93532 11817.97827 10000.0 11165.68649 16747.64944 11607.82617 15722.60299 23337.11601 
19860.96172 19704.934699999998 16292.35723 16292.35723 23333.68665 23432.59602 18297.74398 16292.35723 17870.65061 19768.19972 22275.31411 16292.35723 22676.25322 23676.10438 16292.35723 16292.35723 22879.099439999998 25129.107060000002 19537.69758 19000.36628 22661.29662 22099.28869 23997.27728 22738.88971 18799.066029999998 17386.16251 16292.35723 22913.219289999997 25122.71946 20941.70858 16292.35723 16292.35723 16823.26306 18852.43008 22381.63962 22202.98285 16684.78684 6292.35723 0 1088.9674 3327.58711 18000.73951 21107.03998 17643.78499 17502.078269999998 16292.35723 21457.78577 22972.8867 29422.169520000003 26292.35723 16292.35723 24316.19583 18352.900849999998 16292.35723 24037.231789999998 16292.35723 19692.95865 23775.29255 18110.3355 16292.35723 17458.04372 23040.00667 17900.183399999998 22014.96022 29629.47324 
19871.162220000002 19715.1352 16302.55773 16302.55773 23343.887150000002 23442.79652 18307.944480000002 16302.55773 17880.85111 19778.40022 22285.51461 16302.55773 22686.45372 23686.30488 16302.55773 16302.55773 22889.29994 25139.30756 19547.89808 19010.56678 22671.49712 22109.48919 24007.47778 22749.090210000002 18809.26653 17396.36301 16302.55773 22923.41979 25132.91996 20951.90908 16302.55773 16302.55773 16833.46356 18862.63058 22391.84012 22213.18335 16694.98734 6302.55773 1088.9674 0 3008.85128 18010.940010000002 21117.24048 17653.98549 17512.27877 16302.55773 21467.98627 22983.0872 29432.370020000002 26302.55773 16302.55773 24326.39633 18363.10135 16302.55773 24047.43229 16302.55773 19703.15915 23785.49305 18120.536 16302.55773 17468.24422 23050.20717 17910.3839 22025.16072 29639.67374 
17622.00504 17465.978020000002 14053.40055 14053.40055 21094.72997 21193.63934 16058.7873 14053.40055 15631.693930000001 17529.24304 20036.35743 14053.40055 20437.29654 21437.1477 14053.40055 14053.40055 20640.142760000002 22890.15038 17298.7409 16761.4096 20422.339939999998 19860.33201 21758.3206 20499.93303 16560.10935 15147.20583 14053.40055 20674.262609999998 22883.762779999997 18702.7519 14053.40055 14053.40055 14584.30638 16613.4734 20142.68294 19964.02617 14445.83016 4053.40055 3327.58711 3008.85128 0 15761.78283 18868.0833 15404.82831 15263.12159 14053.40055 19218.82909 20733.93002 27183.21284 24053.40055 14053.40055 22077.23915 16113.94417 14053.40055 21798.275110000002 14053.40055 17454.00197 21536.33587 15871.37882 14053.40055 15219.08704 20801.04999 15661.22672 19776.00354 27390.51656 
15276.98677 15120.95975 11708.38228 11708.38228 18749.7117 18848.62107 13713.76903 11708.38228 13286.67566 15184.22477 17691.33916 11708.38228 18092.27827 19092.12943 11708.38228 11708.38228 18295.124490000002 20545.13211 14953.72263 14416.39133 18077.321669999998 17515.313739999998 19413.30233 18154.91476 14215.09108 12802.18756 11708.38228 18329.244339999997 20538.744509999997 16357.733629999999 11708.38228 11708.38228 12239.28811 14268.45513 17797.66467 17619.0079 12100.811889999999 11708.38228 18000.73951 18010.94001 15761.78283 0 4435.03912 465.96674 547.52626 11708.38228 16873.81082 18388.91175 24838.19457 21708.382279999998 11708.38228 19732.22088 13768.9259 11708.38228 19453.256840000002 21708.382279999998 25108.983699999997 29191.3176 23526.360549999998 11708.38228 12874.06877 18456.03172 13316.20845 17430.98527 25045.49829 
18383.28724 18227.26022 14814.68275 14814.68275 21856.01217 21954.92154 16820.0695 14814.68275 16392.97613 18290.52524 20797.639629999998 14814.68275 21198.57874 22198.4299 14814.68275 14814.68275 21401.42496 23651.43258 18060.0231 17522.6918 21183.62214 20621.61421 22519.6028 21261.21523 17321.39155 15908.48803 14814.68275 21435.54481 23645.04498 19464.0341 14814.68275 14814.68275 15345.58858 17374.7556 20903.96514 20725.30837 15207.11236 14814.68275 21107.03998 21117.24048 18868.0833 4435.03912 0 4729.6225 4672.1281 14814.68275 19980.11129 21495.21222 27944.49504 24814.68275 14814.68275 22838.52135 16875.22637 14814.68275 22559.55731 24814.68275 28215.28417 32297.61807 26632.66102 14814.68275 15980.36924 21562.33219 16422.50892 20537.28574 28151.798759999998 
14920.03225 14764.00523 11351.42776 11351.42776 18392.75718 18491.66655 13356.81451 11351.42776 12929.721140000001 14827.270250000001 17334.38464 11351.42776 17735.32375 18735.17491 11351.42776 11351.42776 17938.169970000003 20188.17759 14596.76811 14059.436810000001 17720.36715 17158.35922 19056.34781 17797.96024 13858.13656 12445.233040000001 11351.42776 17972.289819999998 20181.789989999997 16000.77911 11351.42776 11351.42776 11882.33359 13911.500610000001 17440.71015 17262.05338 11743.85737 11351.42776 17643.78499 17653.98549 15404.82831 465.96674 4729.6225 0 150.65192 11351.42776 16516.8563 18031.95723 24481.24005 21351.42776 11351.42776 19375.26636 13411.97138 11351.42776 19096.302320000003 21351.42776 24752.029179999998 28834.36308 23169.40603 11351.42776 12517.11425 18099.0772 12959.25393 17074.03075 24688.54377 
14778.32553 14622.29851 11209.72104 11209.72104 18251.05046 18349.95983 13215.10779 11209.72104 12788.01442 14685.56353 17192.677920000002 11209.72104 17593.61703 18593.46819 11209.72104 11209.72104 17796.46325 20046.47087 14455.06139 13917.730090000001 17578.66043 17016.6525 18914.64109 17656.25352 13716.42984 12303.52632 11209.72104 17830.5831 20040.083270000003 15859.072390000001 11209.72104 11209.72104 11740.62687 13769.79389 17299.00343 17120.34666 11602.15065 11209.72104 17502.07827 17512.27877 15263.12159 547.52626 4672.1281 150.65192 0 11209.72104 16375.149580000001 17890.25051 24339.53333 21209.72104 11209.72104 19233.55964 13270.26466 11209.72104 18954.5956 21209.72104 24610.32246 28692.65636 23027.69931 11209.72104 12375.40753 17957.37048 12817.54721 16932.32403 24546.83705 
13568.60449 13412.57747 10000.0 10000.0 17041.329420000002 17140.23879 12005.38675 10000.0 11578.29338 13475.842489999999 15982.95688 10000.0 16383.89599 17383.74715 10000.0 10000.0 16586.74221 18836.74983 13245.34035 12708.00905 16368.93939 15806.93146 17704.92005 16446.53248 12506.7088 11093.80528 10000.0 16620.86206 18830.36223 14649.35135 10000.0 10000.0 10530.90583 12560.07285 16089.28239 15910.625619999999 10392.42961 10000.0 16292.357230000001 16302.55773 14053.40055 11708.38228 14814.68275 11351.42776 11209.72104 0 5165.42854 6680.52947 13129.81229 10000.0 10000.0 18023.8386 12060.54362 10000.0 17744.87456 10000.0 13400.601419999999 17482.93532 11817.97827 10000.0 11165.68649 16747.64944 11607.82617 15722.60299 23337.11601 
18734.033030000002 18578.00601 15165.42854 15165.42854 22206.757960000003 22305.66733 17170.815290000002 15165.42854 16743.72192 18641.27103 21148.38542 15165.42854 21549.32453 22549.17569 15165.42854 15165.42854 21752.17075 24002.17837 18410.76889 17873.43759 21534.36793 20972.36 22870.34859 21611.961020000002 17672.13734 16259.233820000001 15165.42854 21786.2906 23995.79077 19814.77989 15165.42854 15165.42854 15696.33437 17725.50139 21254.71093 21076.05416 15557.85815 15165.42854 21457.785770000002 21467.98627 19218.82909 16873.810820000002 19980.11129 16516.8563 16375.149580000001 5165.42854 0 1631.37059 18295.240830000002 15165.42854 15165.42854 23189.26714 17225.97216 15165.42854 22910.3031 15165.42854 18566.02996 22648.36386 16983.40681 15165.42854 16331.11503 21913.077980000002 16773.25471 20888.03153 28502.54455 
20249.133960000003 20093.10694 16680.52947 16680.52947 23721.858890000003 23820.76826 18685.916220000003 16680.52947 18258.82285 20156.37196 22663.48635 16680.52947 23064.425460000002 24064.27662 16680.52947 16680.52947 23267.27168 25517.279300000002 19925.86982 19388.538520000002 23049.46886 22487.46093 24385.449520000002 23127.061950000003 19187.23827 17774.33475 16680.52947 23301.39153 25510.8917 21329.880820000002 16680.52947 16680.52947 17211.4353 19240.60232 22769.81186 22591.15509 17072.95908 16680.52947 22972.886700000003 22983.0872 20733.93002 18388.911750000003 21495.21222 18031.95723 17890.25051 6680.52947 1631.37059 0 19810.341760000003 16680.52947 16680.52947 24704.36807 18741.07309 16680.52947 24425.40403 16680.52947 20081.13089 24163.46479 18498.50774 16680.52947 17846.21596 23428.178910000002 18288.35564 22403.13246 30017.64548 
