33
76 78 70 61 99 91 94 93 35 37 34 40 36 11 16 20 18 53 21 28 24 22 89 81 88 10 6 7 43 47 72 71 75
0 1438.0911 11031.911759999999 7807.82972 7807.82972 9571.25877 10767.43201 10081.95043 7807.82972 8962.65481 10240.976859999999 11645.039579999999 8856.35487 7807.82972 10372.93868 11826.93025 9508.73595 9464.18506 7807.82972 8661.9029 9598.93776 11735.36117 10489.81275 9699.8321 7807.82972 7807.82972 9476.41235 11820.05161 7807.82972 9579.36578 3822.4967 1093.90722 1783.81754 
1438.0911 0 9593.82066 6369.73862 6369.73862 8133.16767 9329.340909999999 8643.85933 6369.73862 7524.56371 8802.885760000001 10206.94848 7418.26377 6369.73862 8934.84758 10388.83915 8070.644850000001 8026.09396 6369.73862 7223.8118 8160.84666 10297.27007 9051.72165 8261.741 6369.73862 6369.73862 8038.32125 10381.96051 6369.73862 8141.27468 4170.84264 2428.3132 3221.90864 
11031.911759999999 9593.82066 0 3224.08204 5724.082039999999 7487.511089999999 8683.68433 7998.2027499999995 5724.082039999999 6878.90713 8157.229179999999 9561.291899999998 6772.607189999999 5724.082039999999 8289.190999999999 9743.182569999999 7424.98827 7380.437379999999 5724.082039999999 6578.15522 7515.190079999999 9651.61349 8406.065069999999 7616.084419999999 5724.082039999999 5724.082039999999 7392.664669999999 9736.303929999998 5724.082039999999 7495.6181 7693.562169999999 11057.061839999998 12393.009439999998 
7807.82972 6369.73862 3224.08204 0 2500.0 4263.42905 5459.60229 4774.12071 2500.0 3654.8250900000003 4933.14714 6337.209859999999 3548.52515 2500.0 5065.10896 6519.10053 4200.9062300000005 4156.35534 2500.0 3354.07318 4291.10804 6427.53145 5181.983029999999 4392.00238 2500.0 2500.0 4168.58263 6512.22189 2500.0 4271.53606 4469.48013 7832.9798 9168.927399999999 
7807.82972 6369.73862 5724.082039999999 2500.0 0 1763.42905 2959.6022900000003 2274.12071 2500.0 3654.8250900000003 4933.14714 6337.209859999999 3548.52515 2500.0 5065.10896 6519.10053 4200.9062300000005 4156.35534 2500.0 3354.07318 4291.10804 6427.53145 5181.983029999999 4392.00238 2500.0 2500.0 4168.58263 6512.22189 2500.0 4271.53606 4469.48013 7832.9798 9168.927399999999 
9571.25877 8133.16767 7487.51109 4263.42905 1763.42905 0 1358.95548 793.66051 4263.42905 5418.25414 6696.57619 8100.63891 5311.9542 4263.42905 6828.53801 8282.52958 5964.335279999999 5919.78439 4263.42905 5117.50223 6054.53709 8190.960499999999 6945.41208 6155.43143 4263.42905 4263.42905 5932.01168 8275.65094 4263.42905 6034.965109999999 6232.90918 9596.40885 10932.35645 
10767.43201 9329.34091 8683.68433 5459.602290000001 2959.6022900000003 1358.95548 0 685.48158 5459.602290000001 6614.427380000001 7892.749430000001 9296.81215 6508.12744 5459.602290000001 8024.71125 9478.70282 7160.508520000001 7115.957630000001 5459.602290000001 6313.675470000001 7250.710330000001 9387.133740000001 8141.58532 7351.604670000001 5459.602290000001 5459.602290000001 7128.184920000001 9471.82418 5459.602290000001 7231.138350000001 7429.082420000001 10792.58209 12128.52969 
10081.950429999999 8643.85933 7998.20275 4774.12071 2274.12071 793.66051 685.48158 0 4774.12071 5928.9458 7207.26785 8611.33057 5822.6458600000005 4774.12071 7339.229670000001 8793.22124 6475.02694 6430.47605 4774.12071 5628.1938900000005 6565.22875 8701.65216 7456.1037400000005 6666.12309 4774.12071 4774.12071 6442.70334 8786.3426 4774.12071 6545.65677 6743.60084 10107.10051 11443.04811 
7807.82972 6369.73862 5724.082039999999 2500.0 2500.0 4263.42905 5459.60229 4774.12071 0 1154.82509 2433.14714 3837.20986 1048.52515 2500.0 5065.10896 6519.10053 4200.9062300000005 4156.35534 2500.0 3354.07318 4291.10804 6427.53145 5181.983029999999 4392.00238 2500.0 2500.0 4168.58263 6512.22189 2500.0 4271.53606 4469.48013 7832.9798 9168.927399999999 
8962.65481 7524.56371 6878.90713 3654.8250900000003 3654.8250900000003 5418.25414 6614.42738 5928.9458 1154.82509 0 1304.795 2892.50843 1355.42244 3654.8250900000003 6219.93405 7673.92562 5355.731320000001 5311.18043 3654.8250900000003 4508.898270000001 5445.93313 7582.356540000001 6336.80812 5546.82747 3654.8250900000003 3654.8250900000003 5323.40772 7667.04698 3654.8250900000003 5426.361150000001 5624.30522 8987.80489 10323.752489999999 
10240.97686 8802.885760000001 8157.22918 4933.14714 4933.14714 6696.57619 7892.74943 7207.26785 2433.14714 1304.795 0 2717.106 2559.02794 4933.14714 7498.2561000000005 8952.24767 6634.05337 6589.50248 4933.14714 5787.22032 6724.25518 8860.67859 7615.13017 6825.14952 4933.14714 4933.14714 6601.72977 8945.36903 4933.14714 6704.6831999999995 6902.62727 10266.12694 11602.07454 
11645.039579999999 10206.94848 9561.2919 6337.20986 6337.20986 8100.63891 9296.81215 8611.33057 3837.20986 2892.50843 2717.106 0 2953.94262 6337.20986 8902.31882 10356.31039 8038.1160899999995 7993.5652 6337.20986 7191.28304 8128.3179 10264.74131 9019.19289 8229.21224 6337.20986 6337.20986 8005.79249 10349.43175 6337.20986 8108.745919999999 8306.689989999999 11670.18966 13006.137259999998 
8856.35487 7418.26377 6772.60719 3548.52515 3548.52515 5311.9542 6508.12744 5822.6458600000005 1048.52515 1355.42244 2559.02794 2953.94262 0 3548.52515 6113.63411 7567.625679999999 5249.43138 5204.88049 3548.52515 4402.59833 5339.6331900000005 7476.0566 6230.50818 5440.527529999999 3548.52515 3548.52515 5217.10778 7560.74704 3548.52515 5320.06121 5518.005279999999 8881.504949999999 10217.452549999998 
7807.82972 6369.73862 5724.082039999999 2500.0 2500.0 4263.42905 5459.60229 4774.12071 2500.0 3654.8250900000003 4933.14714 6337.209859999999 3548.52515 0 2565.10896 4019.1005299999997 1700.90623 4156.35534 2500.0 3354.07318 4291.10804 6427.53145 5181.983029999999 4392.00238 2500.0 2500.0 4168.58263 6512.22189 2500.0 4271.53606 4469.48013 7832.9798 9168.927399999999 
10372.93868 8934.84758 8289.190999999999 5065.10896 5065.10896 6828.538009999999 8024.711249999999 7339.22967 5065.10896 6219.93405 7498.2561 8902.318819999999 6113.634109999999 2565.10896 0 1783.20162 908.49436 6721.4643 5065.10896 5919.18214 6856.217 8992.64041 7747.091989999999 6957.1113399999995 5065.10896 5065.10896 6733.691589999999 9077.330849999998 5065.10896 6836.64502 7034.5890899999995 10398.088759999999 11734.036359999998 
11826.93025 10388.83915 9743.182569999999 6519.10053 6519.10053 8282.52958 9478.702819999999 8793.221239999999 6519.10053 7673.92562 8952.24767 10356.310389999999 7567.625679999999 4019.1005299999997 1783.20162 0 2583.50498 8175.45587 6519.10053 7373.17371 8310.208569999999 10446.631979999998 9201.08356 8411.10291 6519.10053 6519.10053 8187.68316 10531.32242 6519.10053 8290.63659 8488.58066 11852.08033 13188.027929999998 
9508.73595 8070.644850000001 7424.98827 4200.9062300000005 4200.9062300000005 5964.33528 7160.50852 6475.026940000001 4200.9062300000005 5355.731320000001 6634.0533700000005 8038.1160899999995 5249.43138 1700.90623 908.49436 2583.50498 0 5857.261570000001 4200.9062300000005 5054.979410000001 5992.014270000001 8128.437680000001 6882.88926 6092.90861 4200.9062300000005 4200.9062300000005 5869.48886 8213.128120000001 4200.9062300000005 5972.442290000001 6170.38636 9533.886030000001 10869.83363 
9464.18506 8026.09396 7380.437379999999 4156.35534 4156.35534 5919.78439 7115.95763 6430.47605 4156.35534 5311.18043 6589.50248 7993.565199999999 5204.88049 4156.35534 6721.4643 8175.45587 5857.261570000001 0 4156.35534 5010.42852 5947.46338 8083.8867900000005 6838.3383699999995 6048.35772 4156.35534 4156.35534 5824.93797 8168.57723 4156.35534 5927.8914 6125.83547 9489.33514 10825.282739999999 
7807.82972 6369.73862 5724.082039999999 2500.0 2500.0 4263.42905 5459.60229 4774.12071 2500.0 3654.8250900000003 4933.14714 6337.209859999999 3548.52515 2500.0 5065.10896 6519.10053 4200.9062300000005 4156.35534 0 854.07318 1791.10804 3927.53145 5181.983029999999 4392.00238 2500.0 2500.0 4168.58263 6512.22189 2500.0 4271.53606 4469.48013 7832.9798 9168.927399999999 
8661.9029 7223.8117999999995 6578.15522 3354.07318 3354.07318 5117.50223 6313.67547 5628.1938900000005 3354.07318 4508.89827 5787.22032 7191.28304 4402.59833 3354.07318 5919.18214 7373.173709999999 5054.97941 5010.4285199999995 854.07318 0 1137.77546 3274.19887 6036.05621 5246.075559999999 3354.07318 3354.07318 5022.65581 7366.29507 3354.07318 5125.60924 5323.553309999999 8687.05298 10023.000579999998 
9598.93776 8160.84666 7515.19008 4291.10804 4291.10804 6054.53709 7250.71033 6565.22875 4291.10804 5445.93313 6724.25518 8128.3179 5339.6331900000005 4291.10804 6856.217000000001 8310.20857 5992.01427 5947.46338 1791.10804 1137.77546 0 2136.42341 6973.09107 6183.11042 4291.10804 4291.10804 5959.69067 8303.32993 4291.10804 6062.6440999999995 6260.58817 9624.08784 10960.03544 
11735.36117 10297.27007 9651.61349 6427.53145 6427.53145 8190.9605 9387.133740000001 8701.652160000001 6427.53145 7582.356540000001 8860.67859 10264.74131 7476.0566 6427.53145 8992.64041 10446.63198 8128.437680000001 8083.8867900000005 3927.53145 3274.19887 2136.42341 0 9109.51448 8319.53383 6427.53145 6427.53145 8096.11408 10439.75334 6427.53145 8199.06751 8397.01158 11760.51125 13096.458849999999 
10489.81275 9051.72165 8406.065069999999 5181.983029999999 5181.983029999999 6945.412079999999 8141.585319999999 7456.10374 5181.983029999999 6336.80812 7615.130169999999 9019.192889999998 6230.508179999999 5181.983029999999 7747.091989999999 9201.08356 6882.88926 6838.3383699999995 5181.983029999999 6036.05621 6973.0910699999995 9109.51448 0 824.9703 2681.98303 5181.983029999999 6850.565659999999 9194.20492 5181.983029999999 6953.51909 7151.463159999999 10514.96283 11850.910429999998 
9699.8321 8261.741 7616.084419999999 4392.00238 4392.00238 6155.43143 7351.60467 6666.12309 4392.00238 5546.82747 6825.14952 8229.212239999999 5440.527529999999 4392.00238 6957.1113399999995 8411.10291 6092.90861 6048.35772 4392.00238 5246.07556 6183.11042 8319.53383 824.9703 0 1892.00238 4392.00238 6060.58501 8404.224269999999 4392.00238 6163.53844 6361.48251 9724.982179999999 11060.929779999999 
7807.82972 6369.73862 5724.082039999999 2500.0 2500.0 4263.42905 5459.60229 4774.12071 2500.0 3654.8250900000003 4933.14714 6337.209859999999 3548.52515 2500.0 5065.10896 6519.10053 4200.9062300000005 4156.35534 2500.0 3354.07318 4291.10804 6427.53145 2681.98303 1892.00238 0 2500.0 4168.58263 6512.22189 2500.0 4271.53606 4469.48013 7832.9798 9168.927399999999 
7807.82972 6369.73862 5724.082039999999 2500.0 2500.0 4263.42905 5459.60229 4774.12071 2500.0 3654.8250900000003 4933.14714 6337.209859999999 3548.52515 2500.0 5065.10896 6519.10053 4200.9062300000005 4156.35534 2500.0 3354.07318 4291.10804 6427.53145 5181.983029999999 4392.00238 2500.0 0 1668.58263 4012.22189 2500.0 4271.53606 4469.48013 7832.9798 9168.927399999999 
9476.41235 8038.32125 7392.66467 4168.58263 4168.58263 5932.01168 7128.18492 6442.70334 4168.58263 5323.40772 6601.72977 8005.79249 5217.10778 4168.58263 6733.69159 8187.6831600000005 5869.4888599999995 5824.93797 4168.58263 5022.65581 5959.69067 8096.114079999999 6850.56566 6060.58501 4168.58263 1668.58263 0 2343.63926 4168.58263 5940.118689999999 6138.06276 9501.56243 10837.51003 
11820.05161 10381.96051 9736.30393 6512.22189 6512.22189 8275.65094 9471.82418 8786.3426 6512.22189 7667.04698 8945.36903 10349.43175 7560.74704 6512.22189 9077.33085 10531.32242 8213.12812 8168.57723 6512.22189 7366.29507 8303.32993 10439.75334 9194.20492 8404.224269999999 6512.22189 4012.22189 2343.63926 0 6512.22189 8283.75795 8481.70202 11845.201690000002 13181.14929 
7807.82972 6369.73862 5724.082039999999 2500.0 2500.0 4263.42905 5459.60229 4774.12071 2500.0 3654.8250900000003 4933.14714 6337.209859999999 3548.52515 2500.0 5065.10896 6519.10053 4200.9062300000005 4156.35534 2500.0 3354.07318 4291.10804 6427.53145 5181.983029999999 4392.00238 2500.0 2500.0 4168.58263 6512.22189 0 1771.53606 4469.48013 7832.9798 9168.927399999999 
9579.36578 8141.27468 7495.6181 4271.53606 4271.53606 6034.96511 7231.13835 6545.6567700000005 4271.53606 5426.361150000001 6704.6832 8108.745919999999 5320.06121 4271.53606 6836.64502 8290.63659 5972.442290000001 5927.8914 4271.53606 5125.609240000001 6062.6441 8199.06751 6953.51909 6163.53844 4271.53606 4271.53606 5940.11869 8283.75795 1771.53606 0 6241.01619 9604.51586 10940.463459999999 
3822.4967 4170.84264 7693.562169999999 4469.48013 4469.48013 6232.90918 7429.08242 6743.60084 4469.48013 5624.30522 6902.62727 8306.689989999999 5518.005279999999 4469.48013 7034.5890899999995 8488.58066 6170.38636 6125.83547 4469.48013 5323.55331 6260.58817 8397.01158 7151.463159999999 6361.48251 4469.48013 4469.48013 6138.06276 8481.70202 4469.48013 6241.01619 0 3363.49967 4699.44727 
1093.90722 2428.3132 11057.06184 7832.9798 7832.9798 9596.40885 10792.58209 10107.10051 7832.9798 8987.80489 10266.12694 11670.18966 8881.50495 7832.9798 10398.08876 11852.08033 9533.88603 9489.33514 7832.9798 8687.05298 9624.08784 11760.51125 10514.96283 9724.982179999999 7832.9798 7832.9798 9501.56243 11845.20169 7832.9798 9604.51586 3363.49967 0 1361.04959 
1783.81754 3221.90864 12393.00944 9168.9274 9168.9274 10932.356450000001 12128.52969 11443.04811 9168.9274 10323.75249 11602.074540000001 13006.13726 10217.45255 9168.9274 11734.03636 13188.02793 10869.833630000001 10825.28274 9168.9274 10023.00058 10960.03544 13096.458849999999 11850.91043 11060.92978 9168.9274 9168.9274 10837.510030000001 13181.149290000001 9168.9274 10940.46346 4699.44727 1361.04959 0 
