33
90 30 13 40 19 10 123 66 24 86 102 70 97 98 154 36 15 27 33 41 44 133 174 99 92 11 78 2 35 65 163 143 0
0 2789454.38395 5822714.35504 3435053.47806 2480574.59405 4165570.2138 4066317.56789 2774095.13905 2138236.64632 3073019.9394699996 2360976.00906 2578495.94353 2761797.00403 7097207.50841 2324049.86349 2220380.87906 5491871.39665 4621040.06402 5034817.32336 6062218.39028 6140997.32072 2699192.80802 2461420.49777 8165375.272019999 2795958.37577 5285167.7693 9394404.14582 3385480.56855 5593980.53993 7081279.86822 1880610.81042 2471782.80092 1203620.3564 
2789454.38395 0 3418827.95789 5210938.66091 3837400.05299 5707490.54316 5663756.26671 3963106.55336 4576337.3193 4662700.302300001 3135606.08739 3247917.19151 4330034.94905 9460667.03219 3218769.10373 3823831.03079 7254244.80482 6855709.83371 6164723.68349 7397448.1731 5666675.00747 2875043.74166 3581598.47633 9060094.51226 4088902.60042 6551651.66006 12047900.243169999 5365879.02626 7153641.63846 7230422.27317 3786674.7175900005 4022080.37531 2801059.05522 
5822714.35504 3418827.95789 0 7250987.17733 4621989.18306 5894908.45686 7481791.2101300005 6485360.909779999 6449331.25168 5564538.4468 5805957.50211 5987568.07437 6820135.62495 10657215.02267 5739523.505729999 5783345.09733 8726963.29903 8848834.6649 7916833.32305 7717076.64323 8757849.98409 4619195.82901 4890236.02816 11379002.78553 5085008.04475 9043828.93277 13653294.74836 5939983.50136 9009454.18217 7136652.32499 5183169.7156 5887256.443159999 4619093.99864 
3435053.47806 5210938.66091 7250987.17733 0 3611790.27094 6276131.67834 4437521.98623 4312830.16811 4323867.37292 4347664.36405 3682605.6519099995 4418690.77021 3993251.04117 7445468.62206 3060683.89413 3974181.49228 5959831.94355 6456919.71129 6512144.88361 8621599.3744 7462626.963570001 4020822.45087 3914259.443 8207567.57511 3935047.66504 8720221.24736 9780589.95345 5200031.21971 6987793.831909999 9590383.23492 3620826.9110399997 3004492.61051 2631893.17869 
2480574.59405 3837400.05299 4621989.18306 3611790.27094 0 3454166.12794 3138605.26064 3047958.46687 3077848.7963199997 3049142.75353 2349964.93548 3063751.82917 3477995.86396 8186606.3019900005 1828855.90445 2512355.554 6040318.208319999 4848316.58273 5319772.4009300005 7429179.96564 4449710.72893 2464899.68696 2825928.39558 7670181.31298 2667315.76474 7041784.54502 10896816.99386 3403114.48409 4695595.64696 6478919.06614 1829292.24257 2523591.85233 1276954.23765 
4165570.2138 5707490.54316 5894908.45686 6276131.67834 3454166.12794 0 4539756.97859 5496179.64164 5526069.97109 5573142.95498 4798186.11025 5490540.9634300005 5904784.99822 8470455.59372 4385990.65136 5046031.6855 8096006.22607 7805442.4855 7767993.5757 10227788.604079999 7427847.38672 4456603.72202 5280476.88403 7878447.04215 5369489.27385 7093205.6981 13336164.999979999 6279084.41962 6683722.67471 9933085.194079999 4736407.36938 4108364.45124 3703743.37191 
4066317.56789 5663756.26671 7481791.2101300005 4437521.98623 3138605.26064 4539756.97859 0 4042580.82374 3743676.75979 4146493.60811 2811658.569 3899637.96873 4748272.04986 9668982.49558 3983126.71858 3900066.70658 7626061.182159999 5432971.19721 5946418.37968 9092153.09997 5623667.30585 3852242.89284 4313776.43625 8341018.75142 4249861.16106 9351485.33719 11642930.13529 4414944.4602 6046780.13347 8522477.86226 3754498.04634 4130859.65601 2862697.21149 
2774095.13905 3963106.55336 6485360.909779999 4312830.16811 3047958.46687 5496179.64164 4042580.82374 0 3630537.4760499997 3716900.4590499997 2728746.98356 2546207.15549 4067308.53745 8775918.97548 2818404.18634 3208555.22473 6629630.88181 5909909.99046 5186760.48728 8518426.7993 6682674.926870001 3240870.41417 3454748.95195 7597001.5017 3463262.47168 8059262.90835 11346190.20715 4420079.18301 5950316.89826 8824756.96737 2479222.30599 3076280.53206 1866266.91114 
2138236.64632 4576337.3193 6449331.25168 4323867.37292 3077848.7963199997 5526069.97109 3743676.75979 3630537.4760499997 0 2580566.88423 2245714.41438 3617034.84456 4031278.87935 6884590.21813 2477877.25662 3172525.5666300002 6593601.22371 5939800.31991 5902351.4101100005 8200455.036599999 6007219.77147 3114621.45245 3234544.0554 8319202.66515 3282612.42166 6857854.09639 9148965.32506 4449969.51246 6220597.43657 8531356.70066 2500894.91969 3098399.6975600002 1830237.25304 
3073019.9394699996 4662700.302300001 5564538.4468 4347664.36405 3049142.75353 5573142.95498 4146493.60811 3716900.4590499997 2580566.88423 0 2954193.95999 3656197.17459 3957285.18846 7488724.62835 2262313.82586 2907819.90618 6195988.88314 5620734.39393 5492014.60968 6730440.47861 6798928.239320001 3357123.72662 3548646.8054400003 5814464.33873 3016102.53267 8313032.52533 11565758.98604 3606486.62931 4976010.31232 8780590.72222 2660915.91126 3137562.02759 1869399.58307 
2360976.00906 3135606.08739 5805957.50211 3682605.6519099995 2349964.93548 4798186.11025 2811658.569 2728746.98356 2245714.41438 2954193.95999 0 2973661.09499 3079322.6335 8096515.56781 1992204.708 2160338.71391 5950227.47414 5211916.45907 3873549.65907 6280494.53097 5984681.39548 2208655.99063 2756755.42056 7649092.0494 2615781.02952 7347211.77934 9512007.94158 3309966.97027 4898793.16024 7049975.41701 1528276.45405 2328046.54939 1186863.50347 
2578495.94353 3247917.19151 5987568.07437 4418690.77021 3063751.82917 5490540.9634300005 3899637.96873 2546207.15549 3617034.84456 3656197.17459 2973661.09499 0 3987839.2178300004 7629920.30505 2907227.0986099998 3129085.9051099997 5431043.14356 5990656.46597 5827884.70241 8599173.27481 6596388.03813 3321616.88968 3138856.16598 6920440.21259 3452543.49346 5841324.9288 8799983.05166 4478173.13853 5756622.48997 8142193.51648 2647858.70651 2912080.56755 1786797.59152 
2761797.00403 4330034.94905 6820135.62495 3993251.04117 3477995.86396 5904784.99822 4748272.04986 4067308.53745 4031278.87935 3957285.18846 3079322.6335 3987839.2178300004 0 6511008.5031 3113869.53928 2725707.23186 6767756.51988 4881442.90373 5913281.33235 8824015.39431 7116182.32229 3551358.98599 3788682.18939 6848148.22452 3866787.5282500004 8046964.773329999 11927960.57388 4892417.17332 6591401.80984 8598478.0479 2872081.1907 3469204.07083 2201041.62631 
7097207.50841 9460667.03219 10657215.02267 7445468.62206 8186606.3019900005 8470455.59372 9668982.49558 8775918.97548 6884590.21813 7488724.62835 8096515.56781 7629920.30505 6511008.5031 0 7842848.64455 8181384.5459 8403635.12441 11151777.60196 10992651.09596 9650926.76758 11921669.00366 8399405.50317 8588899.28671 13258986.59626 8292319.90322 11858094.96769 14443721.24918 9037188.3027 8827634.80995 12149078.08148 8086290.70209 6040759.15089 6909652.06434 
2324049.86349 3218769.10373 5739523.505729999 3060683.89413 1828855.90445 4385990.65136 3983126.71858 2818404.18634 2477877.25662 2262313.82586 1992204.708 2907227.0986099998 3113869.53928 7842848.64455 0 2222941.19507 4620190.34012 4625705.42817 4815447.8165 7018781.62185 5815124.51427 2500810.96311 2709175.02453 5841325.40853 2544974.29492 7481054.2237 10661334.72031 3484532.26112 4440872.91015 7166300.53202 1834238.21585 1802089.49366 1120429.50709 
2220380.87906 3823831.03079 5783345.09733 3974181.49228 2512355.554 5046031.6855 3900066.70658 3208555.22473 3172525.5666300002 2907819.90618 2160338.71391 3129085.9051099997 2725707.23186 8181384.5459 2222941.19507 0 5161401.71602 5057038.12089 4516956.92462 6834598.60824 5905370.28047 2851232.3015799997 3021535.53596 6435557.89238 2945816.24423 7505548.64836 11059867.561 2761806.67107 4512656.55194 5872770.81604 2396165.23759 2256868.18892 1342288.31359 
5491871.39665 7254244.80482 8726963.29903 5959831.94355 6040318.208319999 8096006.22607 7626061.182159999 6629630.88181 6593601.22371 6195988.88314 5950227.47414 5431043.14356 6767756.51988 8403635.12441 4620190.34012 5161401.71602 0 8818118.63995 6088228.92739 8009396.84713 9769375.44373 4379201.06316 6173226.40565 10111335.69826 4988824.89724 10777039.16595 10382474.55006 5694526.60919 8967913.98082 7874555.97999 5927575.3912 5688813.63276 4763363.97067 
4621040.06402 6855709.83371 8848834.6649 6456919.71129 4848316.58273 7805442.4855 5432971.19721 5909909.99046 5939800.31991 5620734.39393 5211916.45907 5990656.46597 4881442.90373 11151777.60196 4625705.42817 5057038.12089 8818118.63995 0 6851561.196 10683258.454300001 8506070.63317 4438917.57679 5764011.79581 9416612.06775 5885090.82913 9598300.36875 7841690.63277 6729342.02687 6949062.2727 10282230.41836 3814970.46714 5305409.29585 4242125.53762 
5034817.32336 6164723.68349 7916833.32305 6512144.88361 5319772.4009300005 7767993.5757 5946418.37968 5186760.48728 5902351.4101100005 5492014.60968 3873549.65907 5827884.70241 5913281.33235 10992651.09596 4815447.8165 4516956.92462 6088228.92739 6851561.196 0 9480225.79575 8954488.86093 4692591.02281 5352476.49499 9588188.2212 4870290.87448 10024423.92999 13385557.60065 6520440.6769 8473359.21515 10199614.68675 4172668.29937 5348094.46612 4082999.03162 
6062218.39028 7397448.1731 7717076.64323 8621599.3744 7429179.96564 10227788.604079999 9092153.09997 8518426.7993 8200455.036599999 6730440.47861 6280494.53097 8599173.27481 8824015.39431 9650926.76758 7018781.62185 6834598.60824 8009396.84713 10683258.454300001 9480225.79575 0 11600454.57957 8152687.40079 6086402.08121 11550050.2643 6607754.08908 9139922.08558 15176040.79269 8045881.66851 8647269.65268 11831645.98963 6943411.3961 6203881.89069 6855751.5391999995 
6140997.32072 5666675.00747 8757849.98409 7462626.963570001 4449710.72893 7427847.38672 5623667.30585 6682674.926870001 6007219.77147 6798928.239320001 5984681.39548 6596388.03813 7116182.32229 11921669.00366 5815124.51427 5905370.28047 9769375.44373 8506070.63317 8954488.86093 11600454.57957 0 5421864.09556 6536776.732220001 10232405.42788 6657855.76554 10207714.97713 14531533.45386 7502106.96328 7073328.29007 10719336.10499 5232448.6966 6158308.31233 5012016.93932 
2699192.80802 2875043.74166 4619195.82901 4020822.45087 2464899.68696 4456603.72202 3852242.89284 3240870.41417 3114621.45245 3357123.72662 2208655.99063 3321616.88968 3551358.98599 8399405.50317 2500810.96311 2851232.3015799997 4379201.06316 4438917.57679 4692591.02281 8152687.40079 5421864.09556 0 3075849.91063 6811705.13314 2858037.74456 7837002.480450001 11089728.94116 3774852.15031 4588712.91766 7796826.64158 2169668.2242 2716503.7996300003 1566125.3546 
2461420.49777 3581598.47633 4890236.02816 3914259.443 2825928.39558 5280476.88403 4313776.43625 3454748.95195 3234544.0554 3548646.8054400003 2756755.42056 3138856.16598 3788682.18939 8588899.28671 2709175.02453 3021535.53596 6173226.40565 5764011.79581 5352476.49499 6086402.08121 6536776.732220001 3075849.91063 0 6500319.22933 3328780.99791 7419884.00427 9481202.66425 4233888.95315 6061943.60056 6434122.68396 2694976.67969 2909121.23036 1679247.22237 
8165375.272019999 9060094.51226 11379002.78553 8207567.57511 7670181.31298 7878447.04215 8341018.75142 7597001.5017 8319202.66515 5814464.33873 7649092.0494 6920440.21259 6848148.22452 13258986.59626 5841325.40853 6435557.89238 10111335.69826 9416612.06775 9588188.2212 11550050.2643 10232405.42788 6811705.13314 6500319.22933 0 7324601.72436 11220270.56584 13208145.46758 7689284.09423 10282198.31868 10784256.73219 6398865.78625 7218227.44537 6961754.915619999 
2795958.37577 4088902.60042 5085008.04475 3935047.66504 2667315.76474 5369489.27385 4249861.16106 3463262.47168 3282612.42166 3016102.53267 2615781.02952 3452543.49346 3866787.5282500004 8292319.90322 2544974.29492 2945816.24423 4988824.89724 5885090.82913 4870290.87448 6607754.08908 6657855.76554 2858037.74456 3328780.99791 7324601.72436 0 6187839.18986 8568286.70361 4357121.44895 6056106.08547 5858733.1979 2296036.36048 2933908.3464599997 1665745.90194 
5285167.7693 6551651.66006 9043828.93277 8720221.24736 7041784.54502 7093205.6981 9351485.33719 8059262.90835 6857854.09639 8313032.52533 7347211.77934 5841324.9288 8046964.773329999 11858094.96769 7481054.2237 7505548.64836 10777039.16595 9598300.36875 10024423.92999 9139922.08558 10207714.97713 7837002.480450001 7419884.00427 11220270.56584 6187839.18986 0 14641307.98046 7089664.24597 10803973.86149 10776375.06707 6142616.74495 5817335.8168 6488788.1257 
9394404.14582 12047900.243169999 13653294.74836 9780589.95345 10896816.99386 13336164.999979999 11642930.13529 11346190.20715 9148965.32506 11565758.98604 9512007.94158 8799983.05166 11927960.57388 14443721.24918 10661334.72031 11059867.561 10382474.55006 7841690.63277 13385557.60065 15176040.79269 14531533.45386 11089728.94116 9481202.66425 13208145.46758 8568286.70361 14641307.98046 0 12224229.70055 13900288.31593 11773336.20952 10689733.40133 9227800.54874 9786830.413490001 
3385480.56855 5365879.02626 5939983.50136 5200031.21971 3403114.48409 6279084.41962 4414944.4602 4420079.18301 4449969.51246 3606486.62931 3309966.97027 4478173.13853 4892417.17332 9037188.3027 3484532.26112 2761806.67107 5694526.60919 6729342.02687 6520440.6769 8045881.66851 7502106.96328 3774852.15031 4233888.95315 7689284.09423 4357121.44895 7089664.24597 12224229.70055 0 7027273.83162 7910648.38274 3128773.98243 2996429.15181 2691375.54701 
5593980.53993 7153641.63846 9009454.18217 6987793.831909999 4695595.64696 6683722.67471 6046780.13347 5950316.89826 6220597.43657 4976010.31232 4898793.16024 5756622.48997 6591401.80984 8827634.80995 4440872.91015 4512656.55194 8967913.98082 6949062.2727 8473359.21515 8647269.65268 7073328.29007 4588712.91766 6061943.60056 10282198.31868 6056106.08547 10803973.86149 13900288.31593 7027273.83162 0 10385427.36798 5328224.26355 5153308.60916 4390360.18353 
7081279.86822 7230422.27317 7136652.32499 9590383.23492 6478919.06614 9933085.194079999 8522477.86226 8824756.96737 8531356.70066 8780590.72222 7049975.41701 8142193.51648 8598478.0479 12149078.08148 7166300.53202 5872770.81604 7874555.97999 10282230.41836 10199614.68675 11831645.98963 10719336.10499 7796826.64158 6434122.68396 10784256.73219 5858733.1979 10776375.06707 11773336.20952 7910648.38274 10385427.36798 0 7684254.61881 8129639.0049600005 6958490.05623 
1880610.81042 3786674.7175900005 5183169.7156 3620826.9110399997 1829292.24257 4736407.36938 3754498.04634 2479222.30599 2500894.91969 2660915.91126 1528276.45405 2647858.70651 2872081.1907 8086290.70209 1834238.21585 2396165.23759 5927575.3912 3814970.46714 4172668.29937 6943411.3961 5232448.6966 2169668.2242 2694976.67969 6398865.78625 2296036.36048 6142616.74495 10689733.40133 3128773.98243 5328224.26355 7684254.61881 0 2316508.2598 1176638.63775 
2471782.80092 4022080.37531 5887256.443159999 3004492.61051 2523591.85233 4108364.45124 4130859.65601 3076280.53206 3098399.6975600002 3137562.02759 2328046.54939 2912080.56755 3469204.07083 6040759.15089 1802089.49366 2256868.18892 5688813.63276 5305409.29585 5348094.46612 6203881.89069 6158308.31233 2716503.7996300003 2909121.23036 7218227.44537 2933908.3464599997 5817335.8168 9227800.54874 2996429.15181 5153308.60916 8129639.0049600005 2316508.2598 0 1268162.44452 
1203620.3564 2801059.05522 4619093.99864 2631893.17869 1276954.23765 3703743.37191 2862697.21149 1866266.91114 1830237.25304 1869399.58307 1186863.50347 1786797.59152 2201041.62631 6909652.06434 1120429.50709 1342288.31359 4763363.97067 4242125.53762 4082999.03162 6855751.5391999995 5012016.93932 1566125.3546 1679247.22237 6961754.915619999 1665745.90194 6488788.1257 9786830.413490001 2691375.54701 4390360.18353 6958490.05623 1176638.63775 1268162.44452 0 
