16
3 19 4 1 2 13 39 20 15 5 43 37 16 10 17 0
0 42242275.71785 46495420.7332 44391184.46919 76834964.65255 93221855.36366 110309393.19419 124382438.60463999 124713982.6556 109756162.08262 77140097.27298 28766212.73955 83666534.68948 100097071.11326 64808060.04448 46054362.60399 
42242275.71785 0 40987566.44932 30824272.72885 62246013.73451 89817679.46786 91612558.65512 110960033.95267999 92466897.35221 81966630.37437 60371263.37493 32030632.552 76016988.94888 91762372.39499 46757911.56232 30204419.38978 
46495420.7332 40987566.44932 0 12221532.54226 44286385.15356 77322957.34893 80607196.82564 103590127.47648 82744995.03431 88213221.96774 38668944.61772 39960904.942 103768454.94887 88688559.43224 35532412.93312 10783147.05954 
44391184.46919 30824272.72885 12221532.54226 0 32443780.18336 65101424.80667 73463703.89408 94521054.24904001 88267397.23154001 85869786.22424999 33750638.18476 32957526.18679 91970623.20764 98436922.85284 28593955.13347 1714073.8321 
76834964.65255 62246013.73451 44286385.15356 32443780.18336 0 60396390.87018 71514866.8964 101687729.78849 119845723.82443 108501899.64976001 57018181.6344 57497678.48191 114214875.43564999 97784339.01187 60884748.701000005 33503238.09402 
93221855.36366 89817679.46786 77322957.34893 65101424.80667 60396390.87018 0 123273751.46886 149555148.82468 118286465.46492 102029166.94081 63403919.16124 98058950.99346 108251765.08043 101433280.67996 60820356.77607 66815498.63877 
110309393.19419 91612558.65512 80607196.82564 73463703.89408 71514866.8964 123273751.46886 0 30172862.89209 118150271.10117 126341176.54967 98008851.02348 102344517.25687 129557978.94461 134048213.54798 98240059.6282 71749630.06198 
124382438.60463999 110960033.95267999 103590127.47648 94521054.24904001 101687729.78849 149555148.82468 30172862.89209 0 124416295.50949 143308949.29298 108817946.77614 95616225.86509 99385116.05252 109540138.63514 120188491.02392 92806980.41694 
124713982.6556 92466897.35221 82744995.03431 88267397.23154001 119845723.82443 118286465.46492 118150271.10117 124416295.50949 0 35873203.26121 75649475.47777 102904285.63732 110699851.29641 94269314.87263 91977604.51117 86553323.39944 
109756162.08262 81966630.37437 88213221.96774 85869786.22424999 108501899.64976001 102029166.94081 126341176.54967 143308949.29298 35873203.26121 0 67790271.10298 102381466.3125 102229392.58207 85798856.15829 80633780.3365 84264394.34139 
77140097.27298 60371263.37493 38668944.61772 33750638.18476 57018181.6344 63403919.16124 98008851.02348 108817946.77614 75649475.47777 67790271.10298 0 62045391.43038 95781404.05038 89856478.29526 39607107.96751 34277072.02335 
28766212.73955 32030632.552 39960904.942 32957526.18679 57497678.48191 98058950.99346 102344517.25687 95616225.86509 102904285.63732 102381466.3125 62045391.43038 0 64770604.99692 81201141.4207 43542029.07412 32870371.4383 
83666534.68948 76016988.94888 103768454.94887 91970623.20764 114214875.43564999 108251765.08043 129557978.94461 99385116.05252 110699851.29641 102229392.58207 95781404.05038 64770604.99692 0 16430536.42378 105315616.35735999 92985307.88933 
100097071.11326 91762372.39499 88688559.43224 98436922.85284 97784339.01187 101433280.67996 134048213.54798 109540138.63514 94269314.87263 85798856.15829 89856478.29526 81201141.4207 16430536.42378 0 88885079.93358 96722849.02074 
64808060.04448 46757911.56232 35532412.93312 28593955.13347 60884748.701000005 60820356.77607 98240059.6282 120188491.02392 91977604.51117 80633780.3365 39607107.96751 43542029.07412 105315616.35735999 88885079.93358 0 27381510.60698 
46054362.60399 30204419.38978 10783147.05954 1714073.8321 33503238.09402 66815498.63877 71749630.06198 92806980.41694 86553323.39944 84264394.34139 34277072.02335 32870371.4383 92985307.88933 96722849.02074 27381510.60698 0 
