31
50 35 40 38 41 36 9 8 10 11 23 21 26 27 29 33 32 31 45 48 43 42 46 18 16 17 20 0 5 1 51
0 16.841 27.197000000000003 32.689 32.678 35.447 59.293000000000006 64.471 57.797 68.68 70.601 66.084 56.372 56.923 72.083 61.842 67.043 72.384 73.32600000000001 74.84800000000001 76.64 61.839000000000006 62.494 69.15299999999999 58.357 49.387 63.519 18.282 36.538 38.120999999999995 12.248 
16.841 0 10.356 15.848 15.837 18.606 42.452 51.474000000000004 54.354 55.095 58.974999999999994 49.242999999999995 39.531 48.007 55.242000000000004 45.001000000000005 50.202 55.543 56.48500000000001 58.007000000000005 59.79900000000001 44.998000000000005 63.648 61.388999999999996 41.516 50.675 54.462999999999994 32.086 38.311 31.07 29.089 
27.197000000000003 10.356 0 17.704 19.492 18.116 41.962 41.682 50.727999999999994 45.891 64.327 52.897999999999996 49.887 58.363 44.885999999999996 43.977 39.846 45.187 46.129000000000005 47.651 49.443000000000005 34.642 53.292 60.394000000000005 40.521 50.43 53.468 42.442 48.667 41.426 39.445 
32.689 15.848 17.704 0 13.002 12.36 36.206 35.626000000000005 42.453 39.247 57.837 46.408 55.379 61.082 51.864 38.754999999999995 54.113 52.730999999999995 50.392 51.914 53.706 38.905 57.555 45.572 40.123 40.32 45.475 47.934 54.159 46.918 44.937 
32.678 15.837 19.492 13.002 0 15.482 39.328 48.628 51.230000000000004 52.249 44.835 33.406 46.571 48.08 47.568 41.876999999999995 42.528 47.869 63.394000000000005 64.916 66.708 51.907000000000004 70.557 58.574000000000005 44.295 53.112 57.242000000000004 47.923 54.148 46.907000000000004 44.925999999999995 
35.447 18.606 18.116 12.36 15.482 0 23.846 41.028999999999996 35.748 41.11 60.317 48.888 58.137 63.562 39.504 26.395 41.753 40.371 62.752 64.274 66.066 51.265 69.91499999999999 57.932 43.787 52.68 56.733999999999995 50.692 54.540000000000006 34.697 47.695 
59.293 42.452 41.962 36.206 39.328 23.846 0 17.183 11.902 17.264 43.988 55.417 62.456 57.623000000000005 63.35 50.241 65.599 64.217 70.716 63.495999999999995 51.538 66.339 66.75999999999999 50.649 50.498999999999995 52.824 49.358 47.212999999999994 50.15899999999999 49.91199999999999 71.541 
64.471 51.474000000000004 41.682 35.626000000000005 48.62800000000001 41.028999999999996 17.183 0 11.387 16.85 40.45 44.72 45.272999999999996 40.44 63.231 50.122 65.48 64.098 56.93900000000001 49.719 37.761 52.562000000000005 52.983000000000004 33.466 33.316 35.641 32.175 46.189 49.135 48.888 76.71900000000001 
57.797 54.354 50.727999999999994 42.453 51.23 35.748 11.902 11.387 0 11.167 37.891 49.32 56.66 51.569 74.618 61.509 76.867 75.485 68.32600000000001 61.106 49.148 63.949000000000005 64.37 44.853 44.703 47.028 43.562 39.515 57.771 57.934 70.045 
68.67999999999999 55.095 45.891 39.247 52.249 41.11 17.264 16.85 11.167 0 26.724 38.153 46.168 40.402 70.247 66.97200000000001 74.363 79.70400000000001 66.949 59.729 47.771 62.572 62.993 43.011 39.566 37.759 42.914 50.397999999999996 53.343999999999994 53.096999999999994 80.928 
70.601 58.974999999999994 64.327 57.837 44.835 60.317 43.988 40.45 37.891 26.724 0 11.429 19.444 13.678 43.522999999999996 56.632 59.759 62.881 45.125 33.979 45.937 46.988 48.611999999999995 57.67 57.519999999999996 59.845 56.379 52.319 44.967 51.303000000000004 82.849 
66.084 49.242999999999995 52.897999999999996 46.408 33.406 48.888 55.417 44.72 49.32 38.153 11.429 0 13.165 14.674 44.519 57.628 60.754999999999995 63.876999999999995 56.554 45.408 57.366 58.417 60.041 61.940000000000005 61.790000000000006 64.11500000000001 60.649 53.315 45.963 52.299 78.33200000000001 
56.372 39.531 49.887 55.379 46.571 58.137 62.455999999999996 45.272999999999996 56.66 46.168 19.444 13.165 0 16.949 46.794 59.903 63.03 66.152 64.569 53.423 65.381 66.432 68.056 62.493 62.343 64.668 61.202 55.59 48.238 54.574000000000005 68.62 
56.923 48.007 58.363 61.082 48.08 63.562 57.623 40.44 51.569 40.402 13.678 14.674 16.949 0 29.845 42.954 46.081 49.203 58.803 47.657 59.614999999999995 60.666 62.28999999999999 57.660000000000004 57.510000000000005 57.230000000000004 56.369 38.641 31.289 37.625 69.171 
72.083 55.242 44.885999999999996 51.864 47.568 39.504 63.349999999999994 63.231 74.618 70.247 43.522999999999996 44.519 46.794 29.845 0 13.109 16.236 19.358 42.936 54.082 62.084 54.423 59.829 49.695 55.00200000000001 41.644000000000005 53.978 61.26 61.134 60.244 84.331 
61.842000000000006 45.001000000000005 43.977 38.754999999999995 41.876999999999995 26.395 50.241 50.122 61.509 66.97200000000001 56.632000000000005 57.628 59.903000000000006 42.954 13.109 0 15.358 13.976 37.566 48.712 56.744 49.053000000000004 55.716 42.160000000000004 42.010000000000005 40.735 40.869 60.668 66.893 59.652 74.09 
67.043 50.202 39.846 54.113 42.528 41.753 65.599 65.48 76.867 74.363 59.759 60.755 63.03 46.081 16.236 15.358 0 16.62 40.21 51.356 57.044000000000004 51.697 54.789 48.150999999999996 49.962 36.604 50.736 59.715999999999994 65.941 58.699999999999996 79.29100000000001 
72.384 55.543 45.187 52.731 47.869 40.371 64.217 64.098 75.485 79.70400000000001 62.881 63.877 66.152 49.203 19.358 13.976 16.62 0 23.59 34.736000000000004 42.768 35.077 41.739999999999995 56.136 55.303 41.945 54.845 68.29299999999999 74.518 67.27699999999999 84.632 
73.32600000000001 56.48500000000001 46.129000000000005 50.392 63.394000000000005 62.752 70.716 56.93900000000001 68.32600000000001 66.949 45.125 56.554 64.569 58.803 42.936 37.566 40.21 23.59 0 11.146 19.178 11.487 18.15 34.427 54.3 54.193 48.123 62.361999999999995 63.065999999999995 57.13699999999999 85.57400000000001 
74.84800000000001 58.007000000000005 47.651 51.914 64.916 64.274 63.495999999999995 49.719 61.106 59.729 33.979 45.408 53.423 47.657 54.082 48.712 51.35600000000001 34.736000000000004 11.146 0 11.958 13.009 14.633 37.287 57.16 57.053 50.983 58.845 59.549 53.62 87.09600000000002 
76.64000000000001 59.79900000000001 49.443000000000005 53.706 66.708 66.066 51.538 37.761 49.148 47.771 45.937 57.366 65.381 59.614999999999995 62.084 56.744 57.044 42.768 19.178 11.958 0 14.801 15.222 35.393 55.266000000000005 55.159 49.089 59.434 60.138 54.208999999999996 88.88800000000002 
61.839000000000006 44.998000000000005 34.642 38.905 51.907000000000004 51.265 66.339 52.562000000000005 63.949000000000005 62.572 46.988 58.417 66.432 60.666 54.423 49.053 51.697 35.077 11.487 13.009 14.801 0 18.65 41.263 61.135999999999996 61.028999999999996 54.958999999999996 58.254 58.958 53.028999999999996 74.087 
62.494 63.648 53.292 57.555 70.557 69.91499999999999 66.76 52.983000000000004 64.37 62.993 48.611999999999995 60.041 68.056 62.28999999999999 59.82899999999999 55.715999999999994 54.788999999999994 41.739999999999995 18.15 14.633 15.222 18.65 0 33.138 53.010999999999996 52.903999999999996 46.833999999999996 44.212 44.916 38.987 74.742 
69.15299999999999 61.389 60.394000000000005 45.572 58.574000000000005 57.932 50.649 33.466 44.853 43.011 57.67 61.94 62.493 57.660000000000004 49.695 42.160000000000004 48.150999999999996 56.136 34.427 37.287 35.393 41.263 33.138 0 19.873 19.766 13.696 59.103 67.30000000000001 60.059000000000005 81.401 
58.357 41.516 40.521 40.123 44.295 43.787 50.499 33.316 44.703 39.566 57.52 61.790000000000006 62.343 57.510000000000005 55.001999999999995 42.010000000000005 49.961999999999996 55.303 54.300000000000004 57.160000000000004 55.266000000000005 61.136 53.011 19.873 0 13.358 12.947 52.69500000000001 60.892 53.651 70.605 
49.387 50.675 50.43 40.32 53.112 52.68 52.824 35.641 47.028 37.759 59.845 64.115 64.668 57.230000000000004 41.644000000000005 40.735 36.604 41.945 54.193 57.053 55.159 61.028999999999996 52.903999999999996 19.766 13.358 0 14.132 39.337 47.534000000000006 40.293 61.635 
63.519 54.463 53.468 45.475 57.242000000000004 56.734 49.358 32.175 43.562 42.914 56.379 60.649 61.202 56.369 53.978 40.869 50.736 54.845 48.123 50.983 49.089 54.958999999999996 46.833999999999996 13.696 12.947 14.132 0 53.469 61.666000000000004 54.425000000000004 75.767 
18.282 32.086 42.442 47.934 47.923 50.692 47.213 46.189 39.515 50.397999999999996 52.319 53.315 55.59 38.641 61.26 60.668 59.715999999999994 68.29299999999999 62.362 58.845 59.434000000000005 58.254 44.212 59.103 52.69500000000001 39.337 53.469 0 18.256 19.839 30.53 
36.538 38.311 48.667 54.159 54.147999999999996 54.540000000000006 50.159 49.135 57.771 53.343999999999994 44.967 45.963 48.238 31.289 61.134 66.893 65.941 74.518 63.065999999999995 59.54899999999999 60.138 58.958 44.916 67.30000000000001 60.89200000000001 47.534000000000006 61.666000000000004 18.256 0 19.843 48.785999999999994 
38.120999999999995 31.07 41.426 46.918 46.907 34.697 49.912 48.888 57.934 53.096999999999994 51.303 52.299 54.574 37.625 60.244 59.652 58.7 67.277 57.137 53.620000000000005 54.209 53.028999999999996 38.987 60.059 53.650999999999996 40.293 54.425 19.839 19.843 0 50.36899999999999 
12.248 29.089 39.445 44.937 44.926 47.695 71.541 76.719 70.045 80.928 82.84899999999999 78.332 68.62 69.17099999999999 84.331 74.09 79.29100000000001 84.632 85.574 87.096 88.888 74.087 74.742 81.401 70.605 61.635 75.767 30.53 48.786 50.369 0 
