21
2 7 13 22 25 27 4 3 14 16 49 45 42 32 31 30 1 46 38 36 0
0 0.74815 1.70081 2.24921 1.7255700000000003 2.33075 1.10138 1.03864 1.6537600000000001 1.93845 1.7941500000000001 2.36795 2.20339 2.14377 1.88462 1.7637 1.149 1.98539 1.8644 2.00415 0.66546 
0.74815 0 0.95266 1.77725 2.16609 2.2569600000000003 1.8495300000000001 0.96485 1.53003 1.8636300000000001 2.29695 1.80288 1.75624 1.9113700000000002 1.8064399999999998 2.11334 1.66642 1.9116 2.41284 2.7523 1.41361 
1.70081 0.95266 0 0.82459 1.34823 1.76278 2.19008 1.91751 2.20326 1.9267 2.34473 2.01904 2.7089 1.91432 2.43098 2.35812 2.6190800000000003 2.86426 2.07214 2.43135 2.36627 
2.24921 1.77725 0.82459 0 0.52364 0.93819 2.34556 2.17028 2.40712 2.35005 1.73339 1.80253 2.48316 1.5622500000000001 2.1685 2.36848 2.01564 2.33386 1.78228 1.60676 1.5837500000000002 
1.7255700000000003 2.1660899999999996 1.34823 0.52364 0 1.42056 1.82192 1.64664 1.88348 1.82641 2.21762 1.9405899999999998 2.11268 1.03861 1.64486 1.84484 1.7766800000000003 2.20975 1.2586400000000002 1.37779 1.06011 
2.33075 2.2569600000000003 1.76278 0.93819 1.42056 0 1.77873 1.29211 1.9072300000000002 1.7390400000000001 2.6715799999999996 2.74072 3.20512 2.4591700000000003 2.52251 2.32798 1.72168 2.23886 1.26551 0.66857 1.87864 
1.10138 1.8495300000000001 2.19008 2.34556 1.82192 1.77873 0 1.27472 1.88984 2.67377 2.16875 1.84306 2.38457 1.7831700000000001 2.0658 1.68639 1.07169 2.22147 1.7071 1.11016 0.84127 
1.03864 0.96485 1.91751 2.17028 1.64664 1.29211 1.27472 0 0.61512 1.57458 2.00846 2.29835 2.18501 2.68525 1.84775 1.31627 0.70157 0.94675 1.84791 1.92522 0.58653 
1.6537600000000001 1.53003 2.20326 2.40712 1.88348 1.9072300000000002 1.88984 0.61512 0 0.95946 1.9955399999999999 1.96307 1.7755299999999998 2.46569 2.16827 1.93139 1.31669 1.5618699999999999 1.4540000000000002 1.8702100000000002 1.2016499999999999 
1.93845 1.8636300000000001 1.9267 2.35005 1.82641 1.7390400000000001 2.6737699999999998 1.57458 0.95946 0 1.03608 1.60988 2.10913 1.6899 2.0985 2.28247 2.12047 2.2558 1.39693 1.81314 2.08752 
1.7941500000000001 2.29695 2.34473 1.73339 2.21762 2.67158 2.16875 2.00846 1.9955399999999999 1.03608 0 0.5738 1.33193 1.9378199999999999 1.9534500000000001 2.4849300000000003 1.8903400000000001 1.21972 1.81073 2.40767 2.44164 
2.36795 1.80288 2.01904 1.80253 1.9405900000000003 2.74072 1.84306 2.29835 1.96307 1.60988 0.5738 0 1.17796 1.61213 1.58094 2.02173 1.87763 1.3516 1.83195 2.24816 2.52254 
2.20339 1.75624 2.7089 2.48316 2.11268 3.20512 2.38457 2.18501 1.7755299999999998 2.10913 1.33193 1.17796 0 1.07407 2.21795 2.09814 1.48344 1.29816 2.4774 2.66451 2.2000100000000002 
2.14377 1.9113700000000002 1.91432 1.5622500000000001 1.03861 2.4591700000000003 1.7831700000000001 2.68525 2.46569 1.6899 1.93782 1.61213 1.07407 0 1.34241 1.48901 2.10371 2.37223 2.29725 2.4164000000000003 2.09872 
1.88462 1.8064399999999998 2.43098 2.1685 1.64486 2.52251 2.0658 1.84775 2.16827 2.0985 1.9534500000000001 1.58094 2.21795 1.34241 0 0.53148 1.14618 2.32585 1.2570000000000001 1.8539400000000001 1.8627500000000001 
1.7637 2.11334 2.35812 2.36848 1.84484 2.32798 1.68639 1.31627 1.93139 2.28247 2.48493 2.02173 2.09814 1.48901 0.53148 0 0.6147 1.79437 1.7884799999999998 2.38542 1.33127 
1.149 1.66642 2.61908 2.01564 1.7766800000000003 1.72168 1.07169 0.70157 1.31669 2.12047 1.8903400000000001 1.87763 1.48344 2.10371 1.14618 0.6147 0 1.17967 2.09111 2.05526 0.71657 
1.98539 1.9116 2.86426 2.33386 2.20975 2.23886 2.22147 0.94675 1.5618699999999999 2.2558 1.21972 1.3516 1.29816 2.37223 2.32585 1.79437 1.17967 0 1.45777 2.05471 1.53328 
1.8644 2.41284 2.07214 1.78228 1.2586400000000002 1.26551 1.7071 1.84791 1.4540000000000002 1.39693 1.81073 1.83195 2.4774 2.29725 1.2570000000000001 1.78848 2.09111 1.45777 0 0.59694 1.37454 
2.00415 2.7523 2.43135 1.60676 1.37779 0.66857 1.11016 1.92522 1.8702100000000002 1.81314 2.40767 2.24816 2.6645100000000004 2.4164000000000003 1.8539400000000001 2.38542 2.05526 2.05471 0.59694 0 1.33869 
0.66546 1.41361 2.36627 1.5837500000000002 1.06011 1.87864 0.84127 0.58653 1.2016499999999999 2.08752 2.44164 2.5225400000000002 2.2000100000000002 2.09872 1.86275 1.33127 0.71657 1.53328 1.37454 1.33869 0 
