38
Cambodia Fiji Netherlands Kyrgyzstan Antigua Republic Croatia Malawi Mayotte Saint New Pitcairn Palau Hong Rwanda Nigeria Aruba Northern Argentina Luxembourg Congo Burundi Moldova Latvia Albania United Niger Singapore Lebanon Jamaica Sao British Korea Egypt Sint Bahamas Indonesia Soda
0 64856634.0 120318477.0 119083210.0 187850410.0 160523152.0 167797531.0 145451142.0 119867225.0 138118143.0 119756698.0 148425473.0 176806436.0 163344969.0 174192791.0 144478502.0 142935107.0 117832394.0 131671578.0 143214764.0 152354122.0 131014350.0 155399653.0 158284218.0 115821819.0 118215304.0 67801479.0 130017829.0 131111517.0 64576002.0 134081675.0 113403952.0 118583943.0 172985224.0 126901761.0 128172718.0 157949044.0 56065180.0 
64856634.0 0 55461843.0 116028040.0 141096867.0 113357732.0 155918106.0 168190892.0 138716064.0 128720398.0 132267960.0 147072474.0 116808105.0 137491389.0 125734104.0 85590331.0 143744608.0 130674629.0 163145297.0 150362669.0 129516553.0 149608027.0 150530014.0 137840998.0 154739834.0 141273729.0 106676508.0 135060550.0 130705063.0 129432636.0 143094798.0 165722221.0 114410961.0 140476338.0 147234759.0 140229221.0 142385563.0 120921814.0 
120318477.0 55461843.0 0 60566197.0 135492835.0 148138486.0 142065852.0 177974684.0 125871453.0 73258555.0 129723703.0 163520253.0 127025968.0 82029546.0 137519167.0 132117846.0 171604902.0 119805372.0 161269309.0 144363389.0 152595161.0 146288222.0 167978742.0 143355820.0 137042727.0 151544987.0 111847928.0 139643957.0 98215728.0 75333513.0 112976045.0 135657702.0 138479485.0 157688717.0 91772916.0 172597897.0 176960836.0 141558195.0 
119083210.0 116028040.0 60566197.0 0 74926638.0 140414898.0 132661615.0 135797740.0 90425457.0 115095280.0 152832542.0 122281135.0 66459771.0 73815746.0 149340674.0 121672466.0 145674684.0 174860128.0 145311681.0 131080855.0 125852385.0 170576919.0 155495645.0 135142020.0 151050593.0 101695556.0 51281731.0 117389224.0 158781925.0 121915521.0 52409848.0 140342501.0 89031241.0 129149738.0 152339113.0 115711273.0 138356288.0 175148390.0 
187850410.0 141096867.0 135492835.0 74926638.0 0 65488260.0 119863267.0 159197685.0 165352095.0 162544490.0 198964304.0 144639587.0 141386409.0 139882151.0 198107466.0 174740756.0 166261796.0 183794961.0 170690018.0 145528733.0 168900537.0 129553980.0 194531250.0 171565100.0 149637763.0 173625420.0 126208369.0 189271884.0 179784478.0 154548839.0 127336486.0 160394707.0 163957879.0 186044598.0 162179269.0 179789860.0 210808835.0 178498099.0 
160523152.0 113357732.0 148138486.0 140414898.0 65488260.0 0 54375007.0 130793580.0 140813060.0 136596717.0 165470569.0 167146948.0 114107621.0 106392981.0 167227374.0 137387466.0 100773536.0 118306701.0 108194087.0 158624102.0 125807918.0 64065720.0 144781567.0 161779806.0 129431859.0 129232069.0 105820338.0 166282802.0 114296218.0 95947150.0 145680113.0 148597627.0 141127101.0 161138717.0 104667943.0 114301600.0 146102537.0 122472486.0 
167797531.0 155918106.0 142065852.0 132661615.0 119863267.0 54375007.0 0 76418573.0 115805591.0 129025557.0 111095562.0 154414869.0 149860266.0 160767988.0 177604531.0 189162755.0 130124922.0 147792092.0 130153114.0 180583129.0 167992468.0 118440727.0 126498762.0 128415077.0 135537839.0 131792806.0 136413790.0 160484984.0 136009754.0 150322157.0 91305106.0 138063354.0 86752094.0 116208737.0 50292936.0 59926593.0 118661274.0 132034131.0 
145451142.0 168190892.0 177974684.0 135797740.0 159197685.0 130793580.0 76418573.0 0 57268065.0 109880963.0 161844254.0 140612371.0 183394891.0 143007704.0 118696506.0 115579711.0 149911782.0 145129355.0 126864507.0 125493657.0 102884063.0 109008665.0 142359344.0 154307231.0 143967867.0 130879837.0 109333811.0 109596654.0 116037862.0 162882764.0 152074231.0 131377792.0 163170667.0 151633418.0 126711509.0 136345166.0 136550224.0 121016137.0 
119867225.0 138716064.0 125871453.0 90425457.0 165352095.0 140813060.0 115805591.0 57268065.0 0 52612898.0 109078046.0 91612636.0 147434000.0 124858463.0 125025448.0 106155869.0 168792098.0 156482630.0 133871497.0 140424919.0 89473226.0 143312160.0 133398907.0 137501108.0 111080750.0 102479571.0 52065746.0 52328589.0 104315173.0 126155039.0 142835305.0 115012045.0 117833828.0 118107530.0 141232882.0 128552943.0 148235941.0 157384315.0 
138118143.0 128720398.0 73258555.0 115095280.0 162544490.0 136596717.0 129025557.0 109880963.0 52612898.0 0 56465148.0 144225534.0 170297569.0 122861576.0 135188819.0 132375222.0 116179200.0 139543516.0 109644983.0 106414325.0 118801705.0 169119425.0 127226466.0 119512244.0 133704413.0 114254829.0 104678644.0 73198934.0 123958204.0 73542141.0 143047814.0 62399147.0 65220930.0 130553555.0 165031471.0 102428571.0 145509293.0 140411900.0 
119756698.0 132267960.0 129723703.0 152832542.0 198964304.0 165470569.0 111095562.0 161844254.0 109078046.0 56465148.0 0 173705195.0 140547789.0 159774108.0 149473788.0 149005766.0 166543006.0 129333333.0 78289820.0 128719835.0 162212741.0 140484743.0 70761318.0 121457738.0 77239265.0 131624159.0 122872888.0 110556484.0 67493056.0 107321581.0 176827254.0 114393702.0 121686078.0 120504627.0 146967144.0 132234897.0 127625243.0 157430975.0 
148425473.0 147072474.0 163520253.0 122281135.0 144639587.0 167146948.0 154414869.0 140612371.0 91612636.0 144225534.0 173705195.0 0 55821364.0 106879231.0 156793301.0 97069700.0 161561977.0 119323346.0 139096198.0 166239173.0 124898125.0 117219555.0 112843365.0 78669887.0 103015302.0 150238492.0 127126147.0 143941225.0 173475534.0 169312379.0 122655955.0 155939312.0 104628052.0 140286504.0 150746724.0 134002406.0 145203865.0 157499028.0 
176806436.0 116808105.0 127025968.0 66459771.0 141386409.0 114107621.0 149860266.0 183394891.0 147434000.0 170297569.0 140547789.0 55821364.0 0 51057867.0 126582795.0 151943567.0 145878275.0 124382378.0 166265414.0 140639560.0 127832507.0 172073563.0 154287725.0 112384141.0 151814793.0 109449175.0 117741502.0 128608988.0 121022925.0 126200162.0 66834591.0 128716676.0 122690790.0 153214073.0 142746225.0 89933673.0 136093312.0 162041211.0 
163344969.0 137491389.0 82029546.0 73815746.0 139882151.0 106392981.0 160767988.0 143007704.0 124858463.0 122861576.0 159774108.0 106879231.0 51057867.0 0 75524928.0 136719455.0 106169443.0 123727304.0 157692449.0 116244394.0 117036274.0 141529376.0 112022694.0 61326274.0 143000811.0 142192913.0 125097477.0 143986219.0 98248873.0 133991212.0 72200511.0 126755436.0 162846987.0 174116000.0 145989288.0 117455893.0 162590636.0 127868393.0 
174192791.0 125734104.0 137519167.0 149340674.0 198107466.0 167227374.0 177604531.0 118696506.0 125025448.0 135188819.0 149473788.0 156793301.0 126582795.0 75524928.0 0 61194527.0 127064910.0 178127624.0 154239767.0 154964437.0 112397877.0 151066269.0 172989576.0 136851202.0 161721310.0 186662872.0 138804352.0 72696859.0 124683443.0 146698153.0 112348552.0 122811495.0 131616789.0 137779443.0 127311595.0 180870538.0 151628976.0 156566564.0 
144478502.0 85590331.0 132117846.0 121672466.0 174740756.0 137387466.0 189162755.0 115579711.0 106155869.0 132375222.0 149005766.0 97069700.0 151943567.0 136719455.0 61194527.0 0 65870383.0 116933097.0 114307376.0 131934170.0 80982477.0 142578531.0 152253264.0 140999927.0 105028933.0 125468345.0 100542248.0 133891386.0 151960053.0 131933702.0 135717272.0 119650436.0 131792655.0 136463229.0 145702369.0 149169130.0 90434449.0 139268053.0 
142935107.0 143744608.0 171604902.0 145674684.0 166261796.0 100773536.0 130124922.0 149911782.0 168792098.0 116179200.0 166543006.0 161561977.0 145878275.0 106169443.0 127064910.0 65870383.0 0 54415598.0 105459111.0 155889126.0 127279166.0 164839256.0 132386676.0 167495717.0 137512922.0 138591647.0 162998384.0 156369906.0 150378590.0 159520507.0 151296878.0 53780053.0 65922272.0 127802061.0 79831986.0 119978208.0 141164286.0 116182812.0 
117832394.0 130674629.0 119805372.0 174860128.0 183794961.0 118306701.0 147792092.0 145129355.0 156482630.0 139543516.0 129333333.0 119323346.0 124382378.0 123727304.0 178127624.0 116933097.0 54415598.0 0 51043513.0 101473528.0 152425221.0 113238436.0 128320817.0 159440094.0 130612460.0 123378166.0 145073463.0 132586421.0 135251506.0 148559022.0 129683172.0 77144369.0 120105504.0 154025150.0 134247584.0 87865499.0 134482058.0 61767214.0 
131671578.0 163145297.0 161269309.0 145311681.0 170690018.0 108194087.0 130153114.0 126864507.0 133871497.0 109644983.0 78289820.0 139096198.0 166265414.0 157692449.0 154239767.0 114307376.0 105459111.0 51043513.0 0 50430015.0 101381708.0 62194923.0 149007362.0 120639801.0 126653774.0 120752445.0 94029950.0 81542908.0 133529492.0 120136361.0 139181268.0 123526533.0 158565647.0 147321849.0 163000758.0 138909012.0 146636850.0 112810727.0 
143214764.0 150362669.0 144363389.0 131080855.0 145528733.0 158624102.0 180583129.0 125493657.0 140424919.0 106414325.0 128719835.0 166239173.0 140639560.0 116244394.0 154964437.0 131934170.0 155889126.0 101473528.0 50430015.0 0 50951693.0 112624938.0 136523430.0 127053842.0 124375739.0 113563690.0 140345125.0 131972923.0 134405591.0 127415676.0 144044293.0 125384734.0 111116943.0 117207696.0 160938367.0 167319646.0 127578456.0 126533470.0 
152354122.0 129516553.0 152595161.0 125852385.0 168900537.0 125807918.0 167992468.0 102884063.0 89473226.0 118801705.0 162212741.0 124898125.0 127832507.0 117036274.0 112397877.0 80982477.0 127279166.0 152425221.0 101381708.0 50951693.0 0 61742198.0 180426757.0 153798698.0 136011742.0 118644577.0 131525057.0 103562295.0 140853750.0 136115324.0 102736489.0 113199432.0 131588628.0 66256003.0 117699532.0 116367953.0 84737440.0 139024217.0 
131014350.0 149608027.0 146288222.0 170576919.0 129553980.0 64065720.0 118440727.0 109008665.0 143312160.0 169119425.0 140484743.0 117219555.0 172073563.0 141529376.0 151066269.0 142578531.0 164839256.0 113238436.0 62194923.0 112624938.0 61742198.0 0 126217026.0 176913446.0 118542869.0 125533431.0 150828406.0 143737831.0 159690573.0 145266069.0 118167071.0 150993803.0 118001713.0 127998201.0 157712813.0 123575660.0 146479638.0 165335619.0 
155399653.0 150530014.0 167978742.0 155495645.0 194531250.0 144781567.0 126498762.0 142359344.0 133398907.0 127226466.0 70761318.0 112843365.0 154287725.0 112022694.0 172989576.0 152253264.0 132386676.0 128320817.0 149007362.0 136523430.0 180426757.0 126217026.0 0 50696420.0 132289692.0 153438750.0 160110891.0 153512525.0 138254374.0 153504349.0 159067635.0 117775664.0 66464404.0 131797029.0 76205826.0 142999877.0 154502340.0 155045366.0 
158284218.0 137840998.0 143355820.0 135142020.0 171565100.0 161779806.0 128415077.0 154307231.0 137501108.0 119512244.0 121457738.0 78669887.0 112384141.0 61326274.0 136851202.0 140999927.0 167495717.0 159440094.0 120639801.0 127053842.0 153798698.0 176913446.0 50696420.0 0 157233356.0 180639847.0 186423751.0 150052948.0 159575147.0 155522493.0 133526785.0 164330719.0 117160824.0 112789726.0 126902246.0 174549305.0 156504111.0 151406718.0 
115821819.0 154739834.0 137042727.0 151050593.0 149637763.0 129431859.0 135537839.0 143967867.0 111080750.0 133704413.0 77239265.0 103015302.0 151814793.0 143000811.0 161721310.0 105028933.0 137512922.0 130612460.0 126653774.0 124375739.0 136011742.0 118542869.0 132289692.0 157233356.0 0 54384894.0 104798719.0 133501924.0 144732321.0 122125585.0 167233130.0 130184542.0 106112462.0 118722678.0 125418486.0 174614048.0 125843294.0 153036148.0 
118215304.0 141273729.0 151544987.0 101695556.0 173625420.0 129232069.0 131792806.0 130879837.0 102479571.0 114254829.0 131624159.0 150238492.0 109449175.0 142192913.0 186662872.0 125468345.0 138591647.0 123378166.0 120752445.0 113563690.0 118644577.0 125533431.0 153438750.0 180639847.0 54384894.0 0 50413825.0 116521318.0 168507902.0 86898296.0 120494466.0 136109141.0 118957447.0 128280929.0 147706316.0 126901022.0 146584020.0 121678058.0 
67801479.0 106676508.0 111847928.0 51281731.0 126208369.0 105820338.0 136413790.0 109333811.0 52065746.0 104678644.0 122872888.0 127126147.0 117741502.0 125097477.0 138804352.0 100542248.0 162998384.0 145073463.0 94029950.0 140345125.0 131525057.0 150828406.0 160110891.0 186423751.0 104798719.0 50413825.0 0 66107493.0 118094077.0 132377481.0 103691579.0 134452847.0 140312972.0 116339433.0 136821520.0 76487197.0 96170195.0 123866659.0 
130017829.0 135060550.0 139643957.0 117389224.0 189271884.0 166282802.0 160484984.0 109596654.0 52328589.0 73198934.0 110556484.0 143941225.0 128608988.0 143986219.0 72696859.0 133891386.0 156369906.0 132586421.0 81542908.0 131972923.0 103562295.0 143737831.0 153512525.0 150052948.0 133501924.0 116521318.0 66107493.0 0 51986584.0 74001294.0 103512970.0 113975913.0 131111566.0 65778941.0 118476013.0 142594690.0 162277688.0 147004733.0 
131111517.0 130705063.0 98215728.0 158781925.0 179784478.0 114296218.0 136009754.0 116037862.0 104315173.0 123958204.0 67493056.0 173475534.0 121022925.0 98248873.0 124683443.0 151960053.0 150378590.0 135251506.0 133529492.0 134405591.0 140853750.0 159690573.0 138254374.0 159575147.0 144732321.0 168507902.0 118094077.0 51986584.0 0 125987878.0 144106162.0 161207149.0 136587748.0 117765525.0 151181020.0 139334876.0 179035754.0 187176697.0 
64576002.0 129432636.0 75333513.0 121915521.0 154548839.0 95947150.0 150322157.0 162882764.0 126155039.0 73542141.0 107321581.0 169312379.0 126200162.0 133991212.0 146698153.0 131933702.0 159520507.0 148559022.0 120136361.0 127415676.0 136115324.0 145266069.0 153504349.0 155522493.0 122125585.0 86898296.0 132377481.0 74001294.0 125987878.0 0 69505673.0 117389026.0 132809433.0 139780235.0 167106429.0 109509068.0 135705370.0 120641182.0 
134081675.0 143094798.0 112976045.0 52409848.0 127336486.0 145680113.0 91305106.0 152074231.0 142835305.0 143047814.0 176827254.0 122655955.0 66834591.0 72200511.0 112348552.0 135717272.0 151296878.0 129683172.0 139181268.0 144044293.0 102736489.0 118167071.0 159067635.0 133526785.0 167233130.0 120494466.0 103691579.0 103512970.0 144106162.0 69505673.0 0 113150107.0 141441089.0 128118055.0 117650207.0 151231699.0 152533622.0 163119951.0 
113403952.0 165722221.0 135657702.0 140342501.0 160394707.0 148597627.0 138063354.0 131377792.0 115012045.0 62399147.0 114393702.0 155939312.0 128716676.0 126755436.0 122811495.0 119650436.0 53780053.0 77144369.0 123526533.0 125384734.0 113199432.0 150993803.0 117775664.0 164330719.0 130184542.0 136109141.0 134452847.0 113975913.0 161207149.0 117389026.0 113150107.0 0 51311260.0 116643885.0 117708485.0 125882151.0 145505378.0 134394218.0 
118583943.0 114410961.0 138479485.0 89031241.0 163957879.0 141127101.0 86752094.0 163170667.0 117833828.0 65220930.0 121686078.0 104628052.0 122690790.0 162846987.0 131616789.0 131792655.0 65922272.0 120105504.0 158565647.0 111116943.0 131588628.0 118001713.0 66464404.0 117160824.0 106112462.0 118957447.0 140312972.0 131111566.0 136587748.0 132809433.0 141441089.0 51311260.0 0 65332625.0 131248426.0 134784564.0 167802230.0 168110153.0 
172985224.0 140476338.0 157688717.0 129149738.0 186044598.0 161138717.0 116208737.0 151633418.0 118107530.0 130553555.0 120504627.0 140286504.0 153214073.0 174116000.0 137779443.0 136463229.0 127802061.0 154025150.0 147321849.0 117207696.0 66256003.0 127998201.0 131797029.0 112789726.0 118722678.0 128280929.0 116339433.0 65778941.0 117765525.0 139780235.0 128118055.0 116643885.0 65332625.0 0 65915801.0 116890848.0 121091788.0 174846424.0 
126901761.0 147234759.0 91772916.0 152339113.0 162179269.0 104667943.0 50292936.0 126711509.0 141232882.0 165031471.0 146967144.0 150746724.0 142746225.0 145989288.0 127311595.0 145702369.0 79831986.0 134247584.0 163000758.0 160938367.0 117699532.0 157712813.0 76205826.0 126902246.0 125418486.0 147706316.0 136821520.0 118476013.0 151181020.0 167106429.0 117650207.0 117708485.0 131248426.0 65915801.0 0 110219529.0 146279594.0 130994313.0 
128172718.0 140229221.0 172597897.0 115711273.0 179789860.0 114301600.0 59926593.0 136345166.0 128552943.0 102428571.0 132234897.0 134002406.0 89933673.0 117455893.0 180870538.0 149169130.0 119978208.0 87865499.0 138909012.0 167319646.0 116367953.0 123575660.0 142999877.0 174549305.0 174614048.0 126901022.0 76487197.0 142594690.0 139334876.0 109509068.0 151231699.0 125882151.0 134784564.0 116890848.0 110219529.0 0 58734681.0 72107538.0 
157949044.0 142385563.0 176960836.0 138356288.0 210808835.0 146102537.0 118661274.0 136550224.0 148235941.0 145509293.0 127625243.0 145203865.0 136093312.0 162590636.0 151628976.0 90434449.0 141164286.0 134482058.0 146636850.0 127578456.0 84737440.0 146479638.0 154502340.0 156504111.0 125843294.0 146584020.0 96170195.0 162277688.0 179035754.0 135705370.0 152533622.0 145505378.0 167802230.0 121091788.0 146279594.0 58734681.0 0 130842219.0 
56065180.0 120921814.0 141558195.0 175148390.0 178498099.0 122472486.0 132034131.0 121016137.0 157384315.0 140411900.0 157430975.0 157499028.0 162041211.0 127868393.0 156566564.0 139268053.0 116182812.0 61767214.0 112810727.0 126533470.0 139024217.0 165335619.0 155045366.0 151406718.0 153036148.0 121678058.0 123866659.0 147004733.0 187176697.0 120641182.0 163119951.0 134394218.0 168110153.0 174846424.0 130994313.0 72107538.0 130842219.0 0 
