23
Cambodia Czech Australia China Bermuda Fiji Central Aruba Denmark Bouvet Botswana Guam Belize Cayman American Cuba Comoros Egypt Argentina Algeria Antigua Guadeloupe Soda
0 84828033.0 139047310.0 138356461.0 153470816.0 134868311.0 183179118.0 189648489.0 155838934.0 207006525.0 156283698.0 87056051.0 162534125.0 153261869.0 208004846.0 154443053.0 215073898.0 152516428.0 185933024.0 191165132.0 188010999.0 172303974.0 135764033.0 
84828033.0 0 54219277.0 116241196.0 68642783.0 71669964.0 129612232.0 148461669.0 141021146.0 167525711.0 177631385.0 157052967.0 77706092.0 164285815.0 201114937.0 161502471.0 144055389.0 171246359.0 122734677.0 166448440.0 149603143.0 192044090.0 184323402.0 
139047310.0 54219277.0 0 62021919.0 122862060.0 113748957.0 147198575.0 94242392.0 159977295.0 124462506.0 164582640.0 147560586.0 131925369.0 114564936.0 154320104.0 162228367.0 175614966.0 148754346.0 145591708.0 151560891.0 125041540.0 137824813.0 130104125.0 
138356461.0 116241196.0 62021919.0 0 62277779.0 113306845.0 171249113.0 156264311.0 145759641.0 186484425.0 173975676.0 171508154.0 155224849.0 143182576.0 92298185.0 125272134.0 179515210.0 128424310.0 164371558.0 116111650.0 63019621.0 75802894.0 161837916.0 
153470816.0 68642783.0 122862060.0 62277779.0 0 51029066.0 108971334.0 161927517.0 163680962.0 167701143.0 218790564.0 152005516.0 146348875.0 200708840.0 154575964.0 140861573.0 201492418.0 171403747.0 102093779.0 171797194.0 125297400.0 138080673.0 173342762.0 
134868311.0 71669964.0 113748957.0 113306845.0 51029066.0 0 57942268.0 110898451.0 156330065.0 116672077.0 172569151.0 138379384.0 145201086.0 173552253.0 143394300.0 89832507.0 150463352.0 120374681.0 51064713.0 120768128.0 77933179.0 144917620.0 122313696.0 
183179118.0 129612232.0 147198575.0 171249113.0 108971334.0 57942268.0 0 52956183.0 156532997.0 174614345.0 190518719.0 121291072.0 200637947.0 185839002.0 152356933.0 131352911.0 136493427.0 178316949.0 109006981.0 178710396.0 135875447.0 200065595.0 167839163.0 
189648489.0 148461669.0 94242392.0 156264311.0 161927517.0 110898451.0 52956183.0 0 103576814.0 151920180.0 201438330.0 158626160.0 182378986.0 176798287.0 152233994.0 98672201.0 159303046.0 165064902.0 141253822.0 136078787.0 148965587.0 178505379.0 188567190.0 
155838934.0 141021146.0 159977295.0 145759641.0 163680962.0 156330065.0 156532997.0 103576814.0 0 117725980.0 134111047.0 140081269.0 123315635.0 160665049.0 122583823.0 161591887.0 132944626.0 113646653.0 122956713.0 54100165.0 107192194.0 178115357.0 146816125.0 
207006525.0 167525711.0 124462506.0 186484425.0 167701143.0 116672077.0 174614345.0 151920180.0 117725980.0 0 64587283.0 133814930.0 137705406.0 190277647.0 150617804.0 150629868.0 153168909.0 124317512.0 145814586.0 140639551.0 134409717.0 122058808.0 133027245.0 
156283698.0 177631385.0 164582640.0 173975676.0 218790564.0 172569151.0 190518719.0 201438330.0 134111047.0 64587283.0 0 69227647.0 148574522.0 157368124.0 175896891.0 127304355.0 182825711.0 188904795.0 159389750.0 185026350.0 131934321.0 124895706.0 137370554.0 
87056051.0 157052967.0 147560586.0 171508154.0 152005516.0 138379384.0 121291072.0 158626160.0 140081269.0 133814930.0 69227647.0 0 79346875.0 179557645.0 182922960.0 129361167.0 144435527.0 140519385.0 149829445.0 166160930.0 153474312.0 167007569.0 157605590.0 
162534125.0 77706092.0 131925369.0 155224849.0 146348875.0 145201086.0 200637947.0 182378986.0 123315635.0 137705406.0 148574522.0 79346875.0 0 162887089.0 158002530.0 173810407.0 142743689.0 192037922.0 158445763.0 88742348.0 141834377.0 128632110.0 163056125.0 
153261869.0 164285815.0 114564936.0 143182576.0 200708840.0 173552253.0 185839002.0 176798287.0 160665049.0 190277647.0 157368124.0 179557645.0 162887089.0 0 138994681.0 192556474.0 171459051.0 115074237.0 122487540.0 112862961.0 165954990.0 175216331.0 201998512.0 
208004846.0 201114937.0 154320104.0 92298185.0 154575964.0 143394300.0 152356933.0 152233994.0 122583823.0 150617804.0 175896891.0 182922960.0 158002530.0 138994681.0 0 53561793.0 114192638.0 182399471.0 141016307.0 162778035.0 155317806.0 153606318.0 194292673.0 
154443053.0 161502471.0 162228367.0 125272134.0 140861573.0 89832507.0 131352911.0 98672201.0 161591887.0 150629868.0 127304355.0 129361167.0 173810407.0 192556474.0 53561793.0 0 60630845.0 128837678.0 139963510.0 134788475.0 112071639.0 126773897.0 146589185.0 
215073898.0 144055389.0 175614966.0 179515210.0 201492418.0 150463352.0 136493427.0 159303046.0 132944626.0 153168909.0 182825711.0 144435527.0 142743689.0 171459051.0 114192638.0 60630845.0 0 68206833.0 157769259.0 178344267.0 172702484.0 151170615.0 133326369.0 
152516428.0 171246359.0 148754346.0 128424310.0 171403747.0 120374681.0 178316949.0 165064902.0 113646653.0 124317512.0 188904795.0 140519385.0 192037922.0 115074237.0 182399471.0 128837678.0 68206833.0 0 89562426.0 159265841.0 135469609.0 204227204.0 192969947.0 
185933024.0 122734677.0 145591708.0 164371558.0 102093779.0 51064713.0 109006981.0 141253822.0 122956713.0 145814586.0 159389750.0 149829445.0 158445763.0 122487540.0 141016307.0 139963510.0 157769259.0 89562426.0 0 69703415.0 122795444.0 178380997.0 142181535.0 
191165132.0 166448440.0 151560891.0 116111650.0 171797194.0 120768128.0 178710396.0 136078787.0 54100165.0 140639551.0 185026350.0 166160930.0 88742348.0 112862961.0 162778035.0 134788475.0 178344267.0 159265841.0 69703415.0 0 53092029.0 152944970.0 159673561.0 
188010999.0 149603143.0 125041540.0 63019621.0 125297400.0 77933179.0 135875447.0 148965587.0 107192194.0 134409717.0 131934321.0 153474312.0 141834377.0 165954990.0 155317806.0 112071639.0 172702484.0 135469609.0 122795444.0 53092029.0 0 109936134.0 178202080.0 
172303974.0 192044090.0 137824813.0 75802894.0 138080673.0 144917620.0 200065595.0 178505379.0 178115357.0 122058808.0 124895706.0 167007569.0 128632110.0 175216331.0 153606318.0 126773897.0 151170615.0 204227204.0 178380997.0 152944970.0 109936134.0 0 86035022.0 
135764033.0 184323402.0 130104125.0 161837916.0 173342762.0 122313696.0 167839163.0 188567190.0 146816125.0 133027245.0 137370554.0 157605590.0 163056125.0 201998512.0 194292673.0 146589185.0 133326369.0 192969947.0 142181535.0 159673561.0 178202080.0 86035022.0 0 
