18
46 39 13 4 11 28 23 42 47 18 14 24 15 22 9 32 17 29
0 89393578.29379 240097082.67435998 464215983.13424 342678982.38084 355706895.53389 833257656.51598 675262205.51036 705713277.18777 926638313.60499 942692090.12324 896717689.38336 795007893.31734 675614239.93434 652805169.19349 595586470.21298 540975765.45376 333000743.09595 
89393578.29379 0 150703504.38057 407091972.41874 364017720.12222 355485810.96421 746003447.87816 621875586.04389 665647803.80736 897331714.18165 962950007.79958 945421102.0683299 865470095.36298 743892125.46467 718976458.79448 649557977.81302 568368935.51466 406737159.634 
240097082.67435998 150703504.38057 0 269037660.14696 355448863.03452 311819991.33673 595675127.39854 484280340.46154 541975664.21445 773598736.80413 925620231.0365 949003541.31199 922899701.36439 794878220.15105 776706157.9212 677803982.52731 552087306.78516 486437766.883 
464215983.13424 407091972.41874 269037660.14696 0 362804848.05137 278190994.30302 412436247.96917 215242680.31458 279817424.39201 512695402.79961 795535499.9888899 881103773.6302 950104907.428 821383806.25021 796272388.0399 673950784.96249 488949187.53093 605438482.79556 
342678982.38084 364017720.12222 355448863.03452 362804848.05137 0 86122636.25364 716590337.2486 504356075.7972 476434024.98552 658425334.87197 601208579.82713 595548382.5956199 594819559.36177 465386618.657 439992475.72957 330789143.79469 204665429.88503 257611212.84592 
355706895.53389 355485810.96421 311819991.33673 278190994.30302 86122636.25364 0 630467700.99496 420673197.01721 401149374.96183 596503605.61654 613800239.69977 645198318.04246 674173135.0919 545081796.64797 519810778.2914 402715280.22876 243496394.57343 343733849.09956 
833257656.51598 746003447.87816 595675127.39854 412436247.96917 716590337.2486 630467700.99496 0 235854713.02954 340171913.22102 461923710.62441 949201515.24722 1140086407.2262602 1274090487.10283 1151100905.14451 1127035913.06625 995276930.0727 790791749.48111 962452431.41747 
675262205.51036 621875586.04389 484280340.46154 215242680.31458 504356075.7972 420673197.01721 235854713.02954 0 122441928.31551 326239335.1166 733368720.50762 905435622.11824 1042060659.83235 920598040.3236 896972363.37093 765616198.0669299 557348857.21942 759217653.0347 
705713277.18777 665647803.80736 541975664.21445 279817424.39201 476434024.98552 401149374.96183 340171913.22102 122441928.31551 0 233013658.1539 610926792.19211 804358852.85642 967069593.58223 851365549.94562 829437584.8453 693079797.97946 484863138.9075 734045237.83144 
926638313.60499 897331714.18165 773598736.80413 512695402.79961 658425334.87197 596503605.61654 461923710.62441 326239335.1166 233013658.1539 0 564435618.41252 822204785.73179 1050309461.90122 950586326.53714 933794550.62384 797436763.758 620349438.55598 906310395.28817 
942692090.12324 962950007.79958 925620231.0365 795535499.9888899 601208579.82713 613800239.69977 949201515.24722 733368720.50762 610926792.19211 564435618.41252 0 298201675.34401 604999504.23973 557142782.28596 552971528.59365 474243147.83311 403366178.6643 724942571.19938 
896717689.38336 945421102.0683299 949003541.31199 881103773.6302 595548382.5956199 645198318.04246 1140086407.2262602 905435622.11824 804358852.85642 822204785.73179 298201675.34401 0 326498234.53431 328300057.17051 326160641.49547 310154221.28832 402381635.5003 606187246.93662 
795007893.31734 865470095.36298 922899701.36439 950104907.428 594819559.36177 674173135.0919 1274090487.10283 1042060659.83235 967069593.58223 1050309461.90122 604999504.23973 326498234.53431 0 129573345.2982 154987943.33807 287859291.70187 484711802.61293 462168596.51754 
675614239.93434 743892125.46467 794878220.15105 821383806.25021 465386618.657 545081796.64797 1151100905.14451 920598040.3236 851365549.94562 950586326.53714 557142782.28596 328300057.17051 129573345.2982 0 25414598.03987 158285946.40367 366553287.25118005 349251644.61451 
652805169.19349 718976458.79448 776706157.9212 796272388.0399 439992475.72957 519810778.2914 1127035913.06625 896972363.37093 829437584.8453 933794550.62384 552971528.59365 326160641.49547 154987943.33807 25414598.03987 0 136357786.86584 344625127.71335 323837046.57464 
595586470.21298 649557977.81302 677803982.52731 673950784.96249 330789143.79469 402715280.22876 995276930.0727 765616198.0669299 693079797.97946 797436763.758 474243147.83311 310154221.28832 287859291.70187 158285946.40367 136357786.86584 0 208267340.84751 296033025.6483 
540975765.45376 568368935.51466 552087306.78516 488949187.53093 204665429.88503 243496394.57343 790791749.48111 557348857.21942 484863138.9075 620349438.55598 403366178.6643 402381635.5003 484711802.61293 366553287.25118005 344625127.71335 208267340.84751 0 346157790.61214 
333000743.09595 406737159.634 486437766.883 605438482.79556 257611212.84592 343733849.09956 962452431.41747 759217653.0347 734045237.83144 906310395.28817 724942571.19938 606187246.93662 462168596.51754 349251644.61451 323837046.57464 296033025.6483 346157790.61214 0 
