61
128 118 19 159 30 10 78 96 178 119 176 190 188 56 184 31 29 40 73 90 167 129 144 92 11 196 51 46 105 172 170 20 154 109 53 100 173 125 36 108 7 15 42 160 185 194 88 18 120 16 169 83 91 14 64 74 149 95 142 107 21
0 126690622.11458 108053213.12247 148560702.90631 389639582.4317 393663743.32001 656961854.04734 705785464.52489 664138522.52542 710246276.60115 736145634.05705 763104383.73538 748894889.33753 772479909.50658 509938232.98475 396476325.62443 289496947.81453 283185692.76852 459048259.80449 490400638.07202 534731334.78836 566289315.16113 547224249.14633 668233410.66452 695248494.55179 724418782.6138101 861748656.67186 973709924.27271 857807886.84759 863830607.44117 919894702.28099 746318600.49574 601844396.02977 487183244.4259 565541106.30137 543744186.00797 645007317.78988 520368885.18603 644173601.47252 676395970.7725201 538341410.4525 603489333.87785 603059536.09967 792307673.10359 801422991.29758 824799495.95057 713173319.73604 670838834.2981 492817106.08992 486838011.73873 418747268.43749 297280378.17734 374368436.69563997 471297921.70799 445689245.37665 433631761.86584 284284002.55446 241906326.376 171729077.16582 186329498.07373 150497903.5758 
126690622.11458 0 127162322.81534 191671041.35175 460634555.56874 444515171.96154 701680374.90889 756636142.3693299 707180468.51173 744627397.57657 753335943.46429 752442581.99233 731809991.4544799 758708469.03578 502864342.88426 354994011.36567 256518325.36403 293361618.21264 520954442.82509 539480000.56331 585560295.97313 612458089.07548 563655389.20779 656032268.44591 669825985.0514 679456100.81706 808137923.76709 896828692.66775 784712244.7366 765688247.43931 821236449.93898 660565413.71384 515744587.41776 422882300.32443 509910505.20116997 468218379.70127 548642778.87828 410906739.6931 537782186.99219 561810360.66892 413546399.01272 486021710.84584004 478410132.56221 665802274.60293 674861595.20051 699527809.68541 588351306.76956 544414072.45483 367816195.10535 363407695.65974 292167684.24164 179812755.14533 256761980.91536 346610479.8596 326887095.20350003 326716898.77063 205593249.16793 144366945.3724 245269695.48209 259384362.02553 259617934.49136 
108053213.12247 127162322.81534 0 64508718.53641 333472232.7534 318749547.36827 578973832.05856 632556160.05305 585105307.90599 626691160.21621 642602002.75818 660256666.47776 643770131.11448 668162742.98952 406016292.88373 288636696.21544 182368292.67862 182442556.71641 394218496.97662 415073497.55299 460681396.83872 489150601.09894 451830921.8882 564365235.39192 588611202.1190801 616365569.49134 753988756.08995 870033589.25942 753318211.10467 770645835.5009 826772048.78408 646858708.77994 503670859.09991 382359375.26579 458485261.48967 441678763.41321 552310374.18924 441002171.68927 561271182.07669 600356627.15348 486892325.95253 541777009.28747 549765168.82521 748823972.3847001 766552287.82789 799787385.58063 691190621.06955 638969201.17195 473015024.1222 464359699.89609 382079652.7327 241435066.89855 309716388.96122 453130655.50292 443434778.89726 451741646.69788 332755571.98327 263445294.03462 279483035.97495 290872608.82526 253120734.77831 
148560702.90631 191671041.35175 64508718.53641 0 269064748.43059 255214281.12564 517288418.10537 569749243.23249 523747500.21467996 566410214.43459 588288562.96256 616110825.49091 603416076.83107 626093802.20526 363791265.50133 270776675.60672 225912943.04843 136353662.53638 329922285.13053 353967895.23153 397713498.69347 427073681.07067 398838447.18687 522083365.00481 552783081.6017 591411070.4811 732728621.18864 862086957.17853 743943362.94931 779842268.96565 835722076.38351 648102379.53085 509353489.54928994 376691988.66096 443730476.8212 440524987.51426 565910871.3705 467757670.33167 579814081.77948 627771028.41185 531029616.64915 580148548.24816 592224044.48187 793600991.93094 815749617.41503 852691595.86903 745576743.3296 690210007.55935 529312360.87867 520131774.72317 434158084.70298 287905771.20804 350508740.27652 510238061.06582 504618124.51431 515379929.334 394446278.04661 327947069.84509 316619056.56044 331219477.46835 274556106.2331 
389639582.4317 460634555.56874 333472232.7534 269064748.43059 0 68571498.88186 284904410.97354 324230977.06761 294234808.5915 351902086.17029 410766580.63699996 506102602.9901 510506701.85286 521047806.80566 310606854.28608996 361115249.84473 338518137.38168 225412390.67254 75682986.94371 128784665.48396 161263783.77231 198775864.82398 263147414.94921 433127879.50093 491396729.11604 576780207.34897 717385366.66713 896713505.97333 780746044.64302 884845722.70935 936850218.07133 733588048.3648 620656694.07156 472067176.21103 492255569.63289 542494850.63722 693034842.57996 650822303.26152 735049550.57253 802182912.2514 755757834.37453 787785674.89897 810383804.96751 1014639384.54715 1047409432.51217 1093883970.69683 991886756.77824 929054451.39047 783238634.26212 773168006.8741499 680652963.40415 528799902.13256 577259824.24465 766038789.75103 767873788.39413 783704950.48028 661134730.26292 596590240.93424 523441843.69926 527595085.97313 451553117.78408 
393663743.32001 444515171.96154 318749547.36827 255214281.12564 68571498.88186 0 265676619.58532 315125239.5588 273269753.44642997 323186991.22374 367612785.1142 446728835.52895 449537226.55882 462138397.94271 242565259.94608 299120538.75828 289628674.8942 179071517.98526 80768605.82385 98996626.00693 143107428.67786 181311284.25689998 203737309.45263 370166950.94539 426341639.01702 509093973.46365 650389908.54974 828235412.83868 713455301.42292 817994335.65481 869643639.27113 666150344.25155 555712787.15238 407860246.4296 424245466.90613 477475266.89758 629067863.33892 595531835.37269 673659389.4318 742482593.29155 708040162.40231 735204965.65125 760172551.21 963872863.83998 999647714.51576 1049353829.96571 949939739.48295 884429833.12045 746382062.36103 735246869.97437 641157211.06634 490439869.92532 532505237.6648 730166503.4891701 737461447.25822 760441235.23107 649106695.22242 580800253.35162 539821574.53609 545649615.58988 474290104.91482 
656961854.04734 701680374.90889 578973832.05856 517288418.10537 284904410.97354 265676619.58532 0 64619687.70934 10983689.02304 77093838.07859 171602078.8066 325013579.01494 352255866.59683 345446091.36637 301587454.78399 459535034.94781 503002687.07058 413423938.13447 209234882.44247 166685260.43179 124787394.88807 97151480.07184 193523902.91646 306201500.87441 376938672.84457 491124711.70485 606789732.07483 814409488.3101699 713289425.69054 877896592.06503 920761663.32564 724291666.76457 658293754.93504 531321247.40032 498882621.97354 587267225.58078 735559639.18547 755946443.07753 799184825.44507 878859125.67302 897543863.9799501 905536446.11494 939415868.47278 1135003262.81479 1181751702.14953 1241922032.23846 1152148479.28394 1079750514.2911 966017066.55884 953671998.65191 857358188.70842 714563698.73857 738944164.77333 952673363.28435 971022250.64794 1004457985.77265 907053295.39143 836131226.58659 803706125.93627 808884338.34511 734895750.73927 
705785464.52489 756636142.3693299 632556160.05305 569749243.23249 324230977.06761 315125239.5588 64619687.70934 0 65980225.13277 132091965.05398 221038280.49449 368303246.54821 398474132.2239 389196759.56783 366207142.49333 523587726.48648 564751966.49054 472108137.53091 256845390.54384 217482662.50006002 172710374.56708002 144802066.36935 258132438.92518002 360508081.69465 430512174.10095 545895868.65958 652645385.04777 864520885.21451 767397456.61816 937337896.22823 979120918.00742 784398826.68031 721684890.39465 595785369.496 561829198.3382 651120057.11052 798859352.02831 820565623.91719 863133318.99493 943088756.21523 961641602.37754 970146003.12504 1003860918.62954 1199622950.52413 1246311525.99367 1306037530.10766 1216106974.8854 1143951660.36606 1028609963.99462 1016361958.7115201 920093124.59093 776331130.9925699 802177797.11689 1014970278.75658 1032016692.24132 1063656281.97893 962068679.56893 892101620.14098 846884245.84605 851259159.41106 775159060.12234 
664138522.52542 707180468.51173 585105307.90599 523747500.21467996 294234808.5915 273269753.44642997 10983689.02304 65980225.13277 0 66111739.92121 161284792.70856 316008894.98618 343888842.65346 336334068.26551 301942183.13199 460199893.31702 506081229.9655 418076405.38385 220218571.46551 174273127.4395 133385174.85474 98189614.8884 193376082.67417002 299581181.32194 370116191.87624 484702882.29844 596347398.4972 806368524.06425 706740308.25525 873090352.22414 915557685.25487 719760294.25891 655718200.97413 530187458.8388 495933479.0757 585172842.78965 732905448.47569 755785078.59391 797171705.43857 877155601.78351 898181324.88788 905362869.16372 939551507.6842 1134580220.1118798 1181846807.64231 1242264316.48507 1153372387.9984 1080651338.6141 968463757.23335 956055829.06957 859723469.22346 717640206.25812 740947527.28202 955318312.30734 974399626.32107 1009734622.4397099 912659037.79339 841472901.91289 811935614.99903 817161622.45236 743446050.0828 
710246276.60115 744627397.57657 626691160.21621 566410214.43459 351902086.17029 323186991.22374 77093838.07859 132091965.05398 66111739.92121 0 102855511.89048 265832325.74193 298078930.19737 286108220.55568 301817002.80272 472154617.83143 530317096.88659 451873620.06794 277116653.59216 226576500.51359 190897346.98042 153126221.34631 199172108.55141 267821638.12582 334845310.69634 450891375.26964 552586736.41331 765450990.01602 670817468.8002 847732572.90879 887582722.80824 697984799.45007 645172970.94431 529372691.63875 484454477.11495996 578627981.93151 721472500.74982 758317641.15373 789396129.74149 870978751.72501 907165843.82284 908343026.76013 944747034.9802 1135493937.88836 1185804189.18385 1249101640.91113 1164101570.58305 1089601862.97106 986816992.48776 974064495.08612 877895335.98727 740483783.49778 757436509.38152 974859126.35033 998169254.13533 1036970523.36212 949386108.73236 876860116.5375 862857393.70734 868826358.76297 797014002.08256 
736145634.05705 753335943.46429 642602002.75818 588288562.96256 410766580.63699996 367612785.1142 171602078.8066 221038280.49449 161284792.70856 102855511.89048 0 165263300.00928 200499181.5157 185275579.32371 269469963.6597 445449957.30132 521119881.01613 461420458.04704 340827439.25645 281981915.15304 258488030.27758 221271716.35086 191159103.30303 185446764.7201 252675919.29486 362599704.90703005 454309172.29154 668459251.48049 578251612.3805 764547646.54566 801494066.11259 617085160.3897 581607613.43036 481656961.69578 422981288.47581995 521642298.44517 655729358.47524 711603707.21811 727645788.63323 810554592.8476 867281675.71277 860066891.38854 899458093.42171 1082748800.51177 1136948908.25209 1204119305.45605 1125206677.7277598 1048763429.36286 960721777.65871 947556287.42936 852580943.10392 724434219.08664 731002359.74449 950837001.28456 980683333.46971 1027693428.08497 954727047.78353 881597451.94998 897278713.50817 904675385.8344901 837742510.78802 
763104383.73538 752442581.99233 660256666.47776 616110825.49091 506102602.9901 446728835.52895 325013579.01494 368303246.54821 316008894.98618 265832325.74193 165263300.00928 0 42035296.98301 74225048.25259 255407518.23544002 406916990.73749006 504522220.43777 480058855.47782 447115576.52486 385283996.95471 378174677.51341 346911680.46852 243157829.63081002 97058575.72725 113442909.08769 213491930.03134 289551541.29744 504189622.08417 421130225.48203 615583575.85102 649354980.5409801 475687852.85078 467962539.13278 402314238.66888 322614517.83233 423467640.53758997 535789224.7057 620709331.40909 612314782.14013 695480278.01144 784131469.90813 763379801.08192 806327040.4653 975350597.21781 1034895075.37789 1107133969.2146301 1038565478.67069 959676705.3407 897471198.19954 883900576.73637 793253140.44284 684640190.18985 673950924.09968 890905026.43529 930779815.00859 987593538.61739 942026814.2081 866994825.47753 932729753.61536 942205513.23419 884813189.12662 
748894889.33753 731809991.4544799 643770131.11448 603416076.83107 510506701.85286 449537226.55882 352255866.59683 398474132.2239 343888842.65346 298078930.19737 200499181.5157 42035296.98301 0 32189751.26958 239709034.3214 381656852.19447 482729534.48638 467066748.67107 457547077.76885 398044084.43978 393936990.85339 365116972.98848 247492004.15926003 136348554.91628 74951314.49141 171518875.56013 254533865.478 468095696.66213 379094928.49902 573988977.03124 607319683.55797 433714798.37957 429590953.11474 368389481.02459 285770059.35034 384964817.20167 494825399.09243 583196087.16583 571661052.83283 654729316.52647 747297547.40671 724649323.55132 768010430.49748 935065463.85994 995772001.9273701 1067786145.35929 1000751086.1711 921665193.38732 863552476.32261 849976102.15486 760620669.5323 656065256.12202 641979034.82158 857622958.47922 899175217.18984 957840109.83349 917814748.97329 842932778.33415 919601546.27165 929545798.1517 875043089.2549999 
772479909.50658 758708469.03578 668162742.98952 626093802.20526 521047806.80566 462138397.94271 345446091.36637 389196759.56783 336334068.26551 286108220.55568 185275579.32371 74225048.25259 32189751.26958 0 262661387.93975002 410441904.7197 510233134.25571 489819382.10544 464916764.44246 403085184.87231 397004952.07655 366171078.4746 258538388.75053 104312445.43156 107133714.45728 199672478.81601 270127153.79776 484918308.21198 400773618.76004 600128421.3624 631961120.08264 461855832.88513 459627389.28324 400124805.73798 317952459.31621 417154568.47125 526038483.90114 615385784.76288 603096234.10951 686077142.95732 779476111.15154 756743178.06569 800154651.76714 966675593.6046 1026964155.06841 1099781626.91856 1032928483.3217 953831947.67701 895356311.93767 881784741.40668 791954847.14648 686313692.56067 673345632.1485901 889296078.16296 930428980.54085 988538918.72013 946391300.15941 871441115.7330599 942633954.9812701 952316599.42964 896040044.95211 
509938232.98475 502864342.88426 406016292.88373 363791265.50133 310606854.28608996 242565259.94608 301587454.78399 366207142.49333 301942183.13199 301817002.80272 269469963.6597 255407518.23544002 239709034.3214 262661387.93975002 0 176011096.60338 257963630.78829 233684652.51946 283134054.27173 235346265.26176 258248932.22347 255914040.47910002 108692230.92644 158348942.50819 195236326.19891 278172549.87982 408898055.27862 591050019.72907 472246874.63427 599084585.01287 647003735.3880601 444056622.19297 359694571.61608 229992161.21232 204778742.7827 286404975.55795 437092930.63009 457106401.3599 498206267.67733 577372690.23756 606473607.11585 607141412.01812 643018374.95405 835366668.6957 884506553.12484 947287390.28499 862954167.42908 788023745.43226 691970608.65412 678894733.45156 583557223.6927 455639187.84188 462054432.00555 681609233.56946 711313938.63826 758894910.22119 696647488.88726 621670942.63802 680189626.37257 689994512.4964 635334054.9336 
396476325.62443 354994011.36567 288636696.21544 270776675.60672 361115249.84473 299120538.75828 459535034.94781 523587726.48648 460199893.31702 472154617.83143 445449957.30132 406916990.73749006 381656852.19447 410441904.7197 176011096.60338 0 108317201.51018 161914529.68569 369936760.98758 344528739.01762 383277046.57522 390412844.40274 273121819.84377 310617497.49661 316134539.16803 328582734.6763 465358097.15982 592554511.23526 474404538.05072 533863682.70869 588098558.43073 390082753.7144 263057522.90755 115511728.82247 188025515.2093 186337413.22693 332814645.86477 303071096.72016 374539142.34721 444432791.69353 438675108.92759 450089886.74588 481412793.61992 680588833.14203 724046856.40807 782496884.48586 693382149.19015 620465989.43575 516724680.08112 503422722.76147 407819070.14276004 281466288.3773 293471384.77631 505729936.00063 535681900.86882 585476695.80037 536719201.47583 461813162.37546 566882399.21016 578785098.81239 541757430.99375 
289496947.81453 256518325.36403 182368292.67862 225912943.04843 338518137.38168 289628674.8942 503002687.07058 564751966.49054 506081229.9655 530317096.88659 521119881.01613 504522220.43777 482729534.48638 510233134.25571 257963630.78829 108317201.51018 0 113120743.33458 369204322.96573 361598740.18311 405814174.59707 422450218.37824 334918986.97527 407471352.48846 420562937.11366 436899936.18648 573675298.6700001 689838367.89123 572404216.39084 606857331.74314 662551492.1472399 473591680.32824004 336862820.53427 202170639.20481 277695258.23547 265884392.5903 393192736.70829 317361907.17436 416949314.86898 474025027.63089 418411487.50811 449624356.22572 471933247.28007 676161335.86115 710239304.34654 759979081.19926 661793050.1941099 595055084.354 464733070.96194 453293064.36826 356955558.86446 211583465.32135 243687506.91178 450479319.25243 468714896.44588 507432345.68986 458630148.82594 387114665.85507 459264136.87149 471189107.97811 435169062.70268 
283185692.76852 293361618.21264 182442556.71641 136353662.53638 225412390.67254 179071517.98526 413423938.13447 472108137.53091 418076405.38385 451873620.06794 461420458.04704 480058855.47782 467066748.67107 489819382.10544 233684652.51946 161914529.68569 113120743.33458 0 259618142.43152 276454981.59741 308986828.56225 327306071.16156 270293770.99515 385754161.72232 417382719.67464 462619629.02993 605321146.23324 749597524.66227 630816810.09025 694684059.89818 749287559.46745 551995494.30511 422443568.69777 277426258.50816 327108501.13548 347205200.67952 488521790.78356 428230768.31109 520881310.0511 582499186.16749 530834627.00329 562643129.26702 584971414.29497 789231563.73296 822662443.84172 870844908.70244 770918353.68669 705923035.70138 568079543.3590701 556737662.64741 462272868.51588 312095870.10478 356808250.24636 552260439.79607 562812006.5395 595702574.36876 497657562.34975004 424993011.05671 452814572.87583 462555012.20587 409270508.20041 
459048259.80449 520954442.82509 394218496.97662 329922285.13053 75682986.94371 80768605.82385 209234882.44247 256845390.54384 220218571.46551 277116653.59216 340827439.25645 447115576.52486 457547077.76885 464916764.44246 283134054.27173 369936760.98758 369204322.96573 259618142.43152 0 61831579.57015 107911874.97997001 124205645.52144 212906104.80654 383912168.60684 447391860.12646 541985737.8952 678610956.15928 867465978.84553 754126489.54839 875210656.20499 925289220.59642 721455719.98303 619419056.30696 473242484.95424 481412532.57122004 541475053.39252 694474288.18629 669878365.3510101 743445146.6412001 814364067.56441 786922637.26221 812153518.4956 838259430.99429 1041511807.07441 1078499623.04257 1129174658.113 1030253132.33374 964250661.26774 827149009.0859699 816000389.02067 721834373.62772 571208475.7491701 612548255.91357 810911825.01701 817830954.34544 839388904.9121 724327889.16001 657399193.49983 597869898.97979 602188287.22065 526779819.08137 
490400638.07202 539480000.56331 415073497.55299 353967895.23153 128784665.48396 98996626.00693 166685260.43179 217482662.50006002 174273127.4395 226576500.51359 281981915.15304 385283996.95471 398044084.43978 403085184.87231 235346265.26176 344528739.01762 361598740.18311 276454981.59741 61831579.57015 0 46080295.40982 84284150.98886 153775588.58753 323869407.36319 388699953.48723996 486577854.91455 621121279.33238 813543564.61655 701733702.44687 831737438.42375 880504061.88762 677093811.03958 583963875.20168 439948993.48188 435709996.83748 505726354.94688 659064801.35203 647474899.48706 712206029.74452 786307380.04128 774062476.8020899 793198784.40992 822080008.00146 1023559068.97327 1064011561.60057 1118053262.40718 1022428845.28342 953799054.83365 825527223.66996 814664583.83909 718327078.33529 573182205.50446 604562642.57966 810481798.11229 822607936.39875 850075484.14153 744941492.14621 675236854.53363 637862132.90548 643386092.11856 570672888.12484 
534731334.78836 585560295.97313 460681396.83872 397713498.69347 161263783.77231 143107428.67786 124787394.88807 172710374.56708002 133385174.85474 190897346.98042 258488030.27758 378174677.51341 393936990.85339 397004952.07655 258248932.22347 383277046.57522 405814174.59707 308986828.56225 107911874.97997001 46080295.40982 0 38203855.57904 164305338.10773 327079662.20284 396310103.47361004 499196013.24617004 628794278.19588 826833976.67956 717508705.33878 856841384.64429 904308137.55591 701836974.04961 613920458.38235 473982119.63654 462734674.66127 537852336.88623 690808899.43705 686276055.0362799 746544319.94515 822078413.54157 816876139.77561 833087027.88791 862954622.63323 1063575005.65589 1105488316.60005 1160375178.59686 1065662925.39364 996367822.04794 870547245.55901 858424106.69177 762769733.46153 615238230.56467 648143601.17226 856293493.8495 868203220.65674 896091031.17304 790694530.0720501 721203164.34658 679582811.27594 684149399.699 610109866.65592 
566289315.16113 612458089.07548 489150601.09894 427073681.07067 198775864.82398 181311284.25689998 97151480.07184 144802066.36935 98189614.8884 153126221.34631 221271716.35086 346911680.46852 365116972.98848 366171078.4746 255914040.47910002 390412844.40274 422450218.37824 327306071.16156 124205645.52144 84284150.98886 38203855.57904 0 177984086.33917 302283040.0581 371681853.91078 478946298.70627 605204385.35046 806733240.59146 699535539.06789 846548389.7560799 892719626.75184 691569224.40055 610435053.73114 474418658.86621 455714299.03673 535750035.90525 687710683.4379 692122753.85722 746316268.44179 823477091.69513 826748465.79286 840290526.29935 871725439.26806 1070686014.08085 1114325762.97517 1171377107.36437 1078714396.21474 1008088691.01292 887101148.4692199 875044773.73189 778975918.78038 633663038.70958 662514220.14125 872920276.15613 888330294.84239 922944120.25693 818013886.96622 748255271.75063 713746000.11063 719141911.99686 645883730.30649 
547224249.14633 563655389.20779 451830921.8882 398838447.18687 263147414.94921 203737309.45263 193523902.91646 258132438.92518002 193376082.67417002 199172108.55141 191159103.30303 243157829.63081002 247492004.15926003 258538388.75053 108692230.92644 273121819.84377 334918986.97527 270293770.99515 212906104.80654 153775588.58753 164305338.10773 177984086.33917 0 171216398.69553 234924364.89971 334890675.13844 467545340.05141 662789138.14706 553384607.87644 697826084.77008 743799536.87716 542911546.343 467118677.008 338503634.67868 309444015.51984 394763088.19576 544464340.06276 564258051.42292 606698189.38337 686049386.12112 709389139.28222 714144808.04995 749031996.42895 943053452.02775 991009028.30304 1052574829.18685 965869199.43754 892001992.82866 787781446.81253 775000023.74657 678883034.33354 543121163.8872 558294620.56798 776697986.14263 800762019.31356 842351332.6651299 764567783.8798599 690438348.64695 711195644.56691 719651153.9149599 655730523.13045 
668233410.66452 656032268.44591 564365235.39192 522083365.00481 433127879.50093 370166950.94539 306201500.87441 360508081.69465 299581181.32194 267821638.12582 185446764.7201 97058575.72725 136348554.91628 104312445.43156 158348942.50819 310617497.49661 407471352.48846 385754161.72232 383912168.60684 323869407.36319 327079662.20284 302283040.0581 171216398.69553 0 70892783.78313 186938848.35643 303077445.30944 508340534.98558 407227704.80209 582926365.73168 621062019.78412 432505992.69278 399385525.51303 315237985.28492 244000377.82446 344724870.15101 472114300.97894996 540028662.92988 545538893.05033 628783780.43989 701101379.59444 686252214.41489 727571613.13535 904542865.65569 961186274.13788 1030897000.80391 957610357.70233 879489891.66269 808206242.12552 794726183.04332 702667296.32144 589842895.81003 582317100.9043701 800742262.8575 838425796.86164 893409997.5294 845202922.8605299 770131308.86804 838538568.8807601 848309173.92819 792823252.71601 
695248494.55179 669825985.0514 588611202.1190801 552783081.6017 491396729.11604 426341639.01702 376938672.84457 430512174.10095 370116191.87624 334845310.69634 252675919.29486 113442909.08769 74951314.49141 107133714.45728 195236326.19891 316134539.16803 420562937.11366 417382719.67464 447391860.12646 388699953.48723996 396310103.47361004 371681853.91078 234924364.89971 70892783.78313 0 116046064.5733 233776229.91438 437470815.4656 336887062.91752 517165217.75100994 554357198.62036 370892681.5785 354639638.62333 294490632.88547 210818744.85893 310066976.56616 423287889.98614 508277120.49632 499352034.52041 582603352.50306 672346646.15295 650153502.4059 693323700.65523 862055804.02659 921455769.65253 993752763.4345399 925916555.67639 846880940.07622 789318090.07545 775732772.1830001 686721821.3931799 585711409.00901 569435413.23678 783683280.32021 826200125.05979 886176999.99805 851334187.25578 776735815.2581 866815810.31624 877379241.10405 826644197.35324 
724418782.6138101 679456100.81706 616365569.49134 591411070.4811 576780207.34897 509093973.46365 491124711.70485 545895868.65958 484702882.29844 450891375.26964 362599704.90703005 213491930.03134 171518875.56013 199672478.81601 278172549.87982 328582734.6763 436899936.18648 462619629.02993 541985737.8952 486577854.91455 499196013.24617004 478946298.70627 334890675.13844 186938848.35643 116046064.5733 0 143808838.20092 328048597.79778 222268106.48011 403983773.90427995 439070913.72571 262195922.81944 276708799.87825 265729281.99868 173081388.79438 253885373.03321 334507831.5752 445846849.27001 412923335.06371 494568603.04376 610741056.96503 577082307.2849 622499394.3252 776652524.9239 839653238.25801 915046864.99516 856334496.28136 776648042.29166 741722345.36441 728121980.60878 645958108.44458 566775879.62477 535372540.93006 739073801.3057 788755495.05922 855935576.4918 843530177.8562901 770822474.15161 895294715.88035 907048087.77023 864941294.14444 
861748656.67186 808137923.76709 753988756.08995 732728621.18864 717385366.66713 650389908.54974 606789732.07483 652645385.04777 596347398.4972 552586736.41331 454309172.29154 289551541.29744 254533865.478 270127153.79776 408898055.27862 465358097.15982 573675298.6700001 605321146.23324 678610956.15928 621121279.33238 628794278.19588 605204385.35046 467545340.05141 303077445.30944 233776229.91438 143808838.20092 0 214911087.75624 147789989.5224 367573265.42822 386648339.64883995 268376304.90547 349793475.08502 390052677.99257004 298545165.79663 356288241.21463 382537930.92221 524387986.72385 458185144.58666 531521688.15368 683113983.64006 635141997.09208 682138173.60427 808185879.03005 876194628.84636 955571676.36411 911779953.60189 832825626.1152 826683304.31728 813480015.4325 739684704.87581 681145045.71832 639208099.1742 827347315.48256 883198215.42825 956190228.55208 961046447.52499 890517004.17138 1031571142.72423 1043702961.19343 1004562143.80255 
973709924.27271 896828692.66775 870033589.25942 862086957.17853 896713505.97333 828235412.83868 814409488.3101699 864520885.21451 806368524.06425 765450990.01602 668459251.48049 504189622.08417 468095696.66213 484918308.21198 591050019.72907 592554511.23526 689838367.89123 749597524.66227 867465978.84553 813543564.61655 826833976.67956 806733240.59146 662789138.14706 508340534.98558 437470815.4656 328048597.79778 214911087.75624 0 118803145.0948 236392042.00152 225435641.0765 243642486.40232 383446856.58433 487892222.43194 422507368.65051997 430602810.62744004 373927815.53433 535415403.56609 428430030.34584 477244466.52078 667824127.1936901 601091377.55677 646411366.81643 721186621.11617 792973801.20335 874742873.14697 855404309.07768 781506914.07867 823294446.6449599 811372372.96799 757270498.60016 741330624.85671 681980542.79522 829634569.38709 893955564.67968 974366676.77916 1015812845.50627 952484289.0888 1135806087.16854 1149163232.96459 1122804282.89256 
857807886.84759 784712244.7366 753318211.10467 743943362.94931 780746044.64302 713455301.42292 713289425.69054 767397456.61816 706740308.25525 670817468.8002 578251612.3805 421130225.48203 379094928.49902 400773618.76004 472246874.63427 474404538.05072 572404216.39084 630816810.09025 754126489.54839 701733702.44687 717508705.33878 699535539.06789 553384607.87644 407227704.80209 336887062.91752 222268106.48011 147789989.5224 118803145.0948 0 220930957.80263 238858350.12644 153225361.46041998 277913762.81295 371307432.65964 303708308.95477 316827049.63642997 284275074.10837996 442361646.72951 350487835.21811 413413325.07297 587752645.24332 529690988.01582 575721547.18639 679838266.26354 749834759.01753 830678349.52152 797365996.61562 720208970.99745 739708179.68419 727164379.33514 664823014.32885 635062088.37609 580114149.69966 743774858.09528 805221478.5281 883246119.63293 912781975.6616 847102173.19395 1021526667.02483 1034682331.03277 1006395607.94047 
863830607.44117 765688247.43931 770645835.5009 779842268.96565 884845722.70935 817994335.65481 877896592.06503 937337896.22823 873090352.22414 847732572.90879 764547646.54566 615583575.85102 573988977.03124 600128421.3624 599084585.01287 533863682.70869 606857331.74314 694684059.89818 875210656.20499 831737438.42375 856841384.64429 846548389.7560799 697826084.77008 582926365.73168 517165217.75100994 403983773.90427995 367573265.42822 236392042.00152 220930957.80263 0 56132878.36422 155036709.18072 276559645.92562 418579238.51126003 397478187.74592 347600173.24558 251473356.48709 362721766.7093 287716174.41201997 259607156.80804 462066100.64957 387246847.09283 429270227.32966 485185771.99511 557103894.76045 638878850.8177 624582890.07107 553360861.49208 618479859.60824 607873160.14779 570280875.79167 592341638.02307 521488265.14306 628326226.46195 696471287.73743 779244697.91793 847739160.78011 792892962.4756899 1010871864.21146 1025005055.6538999 1013899013.67847 
919894702.28099 821236449.93898 826772048.78408 835722076.38351 936850218.07133 869643639.27113 920761663.32564 979120918.00742 915557685.25487 887582722.80824 801494066.11259 649354980.5409801 607319683.55797 631961120.08264 647003735.3880601 588098558.43073 662551492.1472399 749287559.46745 925289220.59642 880504061.88762 904308137.55591 892719626.75184 743799536.87716 621062019.78412 554357198.62036 439070913.72571 386648339.64883995 225435641.0765 238858350.12644 56132878.36422 0 203873082.35278 328324671.05917 472593256.16253 446551025.65277 402082499.61411 274931848.54511 417609699.69708 289712476.50524 315133949.91852 508614889.50873 431692971.2339 471825842.22557 508918916.05265 580994758.3708299 662400956.37147 656748459.50651 588283508.3096701 664209369.5727 654027145.06791 620615822.9221 647230606.44929 575710115.96631 675024825.08308 743383132.18212 826901498.24915 899758756.31914 846336127.215 1066351386.8363 1080594884.9903 1070031892.04269 
746318600.49574 660565413.71384 646858708.77994 648102379.53085 733588048.3648 666150344.25155 724291666.76457 784398826.68031 719760294.25891 697984799.45007 617085160.3897 475687852.85078 433714798.37957 461855832.88513 444056622.19297 390082753.7144 473591680.32824004 551995494.30511 721455719.98303 677093811.03958 701836974.04961 691569224.40055 542911546.343 432505992.69278 370892681.5785 262195922.81944 268376304.90547 243642486.40232 153225361.46041998 155036709.18072 203873082.35278 0 145068486.69278 275575439.91652 242679938.13528 207707287.73794 132310466.48466 292900809.71394 198737969.22685 264778198.52723 434710515.03369 376465626.5554 423395724.21685 540112947.30971 607908550.30089 688406610.79587 647898167.95417 569905571.20517 587252249.06277 575525837.24094 515461929.91968 499523755.3965 438431492.89302 591863361.3201 654318959.80879 733442714.76288 772374905.62418 709804118.97819 902961913.5048 916703541.64103 896694427.0801 
601844396.02977 515744587.41776 503670859.09991 509353489.54928994 620656694.07156 555712787.15238 658293754.93504 721684890.39465 655718200.97413 645172970.94431 581607613.43036 467962539.13278 429590953.11474 459627389.28324 359694571.61608 263057522.90755 336862820.53427 422443568.69777 619419056.30696 583963875.20168 613920458.38235 610435053.73114 467118677.008 399385525.51303 354639638.62333 276708799.87825 349793475.08502 383446856.58433 277913762.81295 276559645.92562 328324671.05917 145068486.69278 0 148749107.1647 160864243.75825 78237520.2548 77398359.01401 176467416.50749 156012144.45696998 229398770.32629 338173175.72735 301056646.29816 347001874.03851 507416165.40326 567384036.5154 640964260.43856 580313501.9993 500621117.57764 478661928.95376 465439007.07189 393764076.62939 358153498.80769 302370669.20462 479376902.98018 536346526.53738 611233004.41784 634912247.17572 569840974.72386 757895159.22777 771636517.22295 752305926.15055 
487183244.4259 422882300.32443 382359375.26579 376691988.66096 472067176.21103 407860246.4296 531321247.40032 595785369.496 530187458.8388 529372691.63875 481656961.69578 402314238.66888 368389481.02459 400124805.73798 229992161.21232 115511728.82247 202170639.20481 277426258.50816 473242484.95424 439948993.48188 473982119.63654 474418658.86621 338503634.67868 315237985.28492 294490632.88547 265729281.99868 390052677.99257004 487892222.43194 371307432.65964 418579238.51126003 472593256.16253 275575439.91652 148749107.1647 0 92647893.2043 71057583.16421 224416854.95562 229946745.52233 272566889.19967 349095182.33716 389582364.21442 379593463.54293 417801131.72593 606146886.58483 657423102.06369 722649386.29396 644284108.21529 568462634.65561 495298018.82149 481697654.06586 392231188.50771 301228334.10386 275509033.68395 489477690.61361 532337930.74279 594885806.46359 578196415.91269 506105166.04204 652770678.07455 665718691.59286 635389622.41673 
565541106.30137 509910505.20116997 458485261.48967 443730476.8212 492255569.63289 424245466.90613 498882621.97354 561829198.3382 495933479.0757 484454477.11495996 422981288.47581995 322614517.83233 285770059.35034 317952459.31621 204778742.7827 188025515.2093 277695258.23547 327108501.13548 481412532.57122004 435709996.83748 462734674.66127 455714299.03673 309444015.51984 244000377.82446 210818744.85893 173081388.79438 298545165.79663 422507368.65051997 303708308.95477 397478187.74592 446551025.65277 242679938.13528 160864243.75825 92647893.2043 0 100853122.70526 237427594.10876 298094813.57676 305790558.56434 389134144.93821 461635247.18175 442573711.66503 484553396.49928 660958113.7267 717190324.05721 787116087.5234 716107250.84445 637398863.99009 580456534.55056 566856169.79493 480078330.48811 393875808.86524 365792189.30556 575847054.25508 621701295.52339 686091712.72745 670448789.06191 598014806.65118 734164309.47524 746559827.94013 710919985.35573 
543744186.00797 468218379.70127 441678763.41321 440524987.51426 542494850.63722 477475266.89758 587267225.58078 651120057.11052 585172842.78965 578627981.93151 521642298.44517 423467640.53758997 384964817.20167 417154568.47125 286404975.55795 186337413.22693 265884392.5903 347205200.67952 541475053.39252 505726354.94688 537852336.88623 535750035.90525 394763088.19576 344724870.15101 310066976.56616 253885373.03321 356288241.21463 430602810.62744004 316827049.63642997 347600173.24558 402082499.61411 207707287.73794 78237520.2548 71057583.16421 100853122.70526 0 153359271.79141 198254995.64511 212013261.88441 292505417.78032 362826356.73528 341721598.8502 383859356.4637 561149697.51179 616600616.69544 686269437.14222 615983939.2883 536999901.19186 488065570.38256 474501378.55299 392072735.41137 328930892.47914004 285103022.24067 485203369.25026 535764617.60028994 604459287.8672 607168673.10716 537982876.97477 705343913.08094 718655488.55724 693697583.98595 
645007317.78988 548642778.87828 552310374.18924 565910871.3705 693034842.57996 629067863.33892 735559639.18547 798859352.02831 732905448.47569 721472500.74982 655729358.47524 535789224.7057 494825399.09243 526038483.90114 437092930.63009 332814645.86477 393192736.70829 488521790.78356 694474288.18629 659064801.35203 690808899.43705 687710683.4379 544464340.06276 472114300.97894996 423287889.98614 334507831.5752 382537930.92221 373927815.53433 284275074.10837996 251473356.48709 274931848.54511 132310466.48466 77398359.01401 224416854.95562 237427594.10876 153359271.79141 0 161487588.03176 78613785.44296 160311366.89327 304575462.83597 254492487.13952 301047385.97646 442186848.35515 505419082.10549 581739176.49522 530236137.6359 451299307.50788 455494437.37513 443225571.44805 383569052.8717 379024653.01945 312750870.05766 459715108.35422 522010465.95208 601541925.20046 645591892.24958 585716374.15679 793499445.0123501 807632636.45479 795128602.28761 
520368885.18603 410906739.6931 441002171.68927 467757670.33167 650822303.26152 595531835.37269 755946443.07753 820565623.91719 755785078.59391 758317641.15373 711603707.21811 620709331.40909 583196087.16583 615385784.76288 457106401.3599 303071096.72016 317361907.17436 428230768.31109 669878365.3510101 647474899.48706 686276055.0362799 692122753.85722 564258051.42292 540028662.92988 508277120.49632 445846849.27001 524387986.72385 535415403.56609 442361646.72951 362721766.7093 417609699.69708 292900809.71394 176467416.50749 229946745.52233 298094813.57676 198254995.64511 161487588.03176 0 127897223.19184 196688163.90983 165199365.29706 150050765.36569 197137508.40785998 380549711.76184 427486995.00571 492870760.90049 418037077.06573 339529859.20547 302359860.42822 289212032.27991 222669160.25037 232721255.51056 202060761.25536 303817940.81375 363267936.76556003 440959966.99341 486879597.93526 430293134.48876 654908076.76234 669359596.49102 667050154.82179 
644173601.47252 537782186.99219 561271182.07669 579814081.77948 735049550.57253 673659389.4318 799184825.44507 863133318.99493 797171705.43857 789396129.74149 727645788.63323 612314782.14013 571661052.83283 603096234.10951 498206267.67733 374539142.34721 416949314.86898 520881310.0511 743445146.6412001 712206029.74452 746544319.94515 746316268.44179 606698189.38337 545538893.05033 499352034.52041 412923335.06371 458185144.58666 428430030.34584 350487835.21811 287716174.41201997 289712476.50524 198737969.22685 156012144.45696998 272566889.19967 305790558.56434 212013261.88441 78613785.44296 127897223.19184 0 83343586.37387 239539071.36608 210983276.65866 225850609.61283 364050239.50262 426838707.95816 503159466.88587 453601655.68645 374675555.27777 394864416.29912 383046729.34997 335506766.24408 360434722.29062 293671566.03698003 401682308.29391 471053257.17316 548921393.7717 610659327.62061 558190357.6805999 782743207.71246 796688380.93978 792221218.22561 
676395970.7725201 561810360.66892 600356627.15348 627771028.41185 802182912.2514 742482593.29155 878859125.67302 943088756.21523 877155601.78351 870978751.72501 810554592.8476 695480278.01144 654729316.52647 686077142.95732 577372690.23756 444432791.69353 474025027.63089 582499186.16749 814364067.56441 786307380.04128 822078413.54157 823477091.69513 686049386.12112 628783780.43989 582603352.50306 494568603.04376 531521688.15368 477244466.52078 413413325.07297 259607156.80804 315133949.91852 264778198.52723 229398770.32629 349095182.33716 389134144.93821 292505417.78032 160311366.89327 196688163.90983 83343586.37387 0 204239975.93389 127639690.28479 170422012.81218 282152688.33383 346796399.44374 424768864.43303 383958325.8973 307435738.74717 363059082.76848 349458718.01285 322363317.90875 382168490.79521 305080432.27691 370557543.40366 439148392.96436 522873551.73450005 606516167.30472 560474969.27212 802359854.78072 816935607.86119 820573945.75698 
538341410.4525 413546399.01272 486892325.95253 531029616.64915 755757834.37453 708040162.40231 897543863.9799501 961641602.37754 898181324.88788 907165843.82284 867281675.71277 784131469.90813 747297547.40671 779476111.15154 606473607.11585 438675108.92759 418411487.50811 530834627.00329 786922637.26221 774062476.8020899 816876139.77561 826748465.79286 709389139.28222 701101379.59444 672346646.15295 610741056.96503 683113983.64006 667824127.1936901 587752645.24332 462066100.64957 508614889.50873 434710515.03369 338173175.72735 389582364.21442 461635247.18175 362826356.73528 304575462.83597 165199365.29706 239539071.36608 204239975.93389 0 81070702.54141 64909953.99062 262687490.28921 291827816.83843 344800444.65393 262316114.65851 182612976.79894 159407424.25384998 145807059.49822 131686044.03098 254706910.67576998 217828845.87663 169132210.89108 234912065.42906 318633575.80061 413915035.90156 378414773.90322 637669687.14357 652183189.11334 670144104.68279 
