31
58NorthGate 37OtherCoop 2UniversityHouse 54Wellman 3FacultyClub 72DeltaPhiEpsilon 33Wada 5HearstMemorial 52California 75ChanningBowdwitch 73Wada 66ClarkKerr 44HearstGreekTheatre 42UniversityHouse 35ChanningBowdwitch 7SatherTower 39SanFransisco 32DeltaPhiEpsilon 48Esplanade 60Ehrman 6DoeLibrary 49SatherGate 4HearstGreekTheatre 55Hilgard 74Martinez 77OtherCoop 67InternationalHouse 62Unit2 50Bridge 43FacultyClub 1FoundersRock
0 592.0 557.0 609.0 409.0 627.0 588.0 560.0 458.0 481.0 628.0 621.0 599.0 597.0 590.0 562.0 594.0 587.0 603.0 615.0 561.0 604.0 559.0 610.0 629.0 632.0 622.0 617.0 605.0 598.0 556.0 
592.0 0 536.0 439.0 388.0 606.0 567.0 539.0 586.0 460.0 607.0 600.0 578.0 576.0 569.0 541.0 573.0 566.0 582.0 594.0 540.0 583.0 538.0 589.0 608.0 611.0 601.0 596.0 584.0 577.0 535.0 
557.0 536.0 0 404.0 502.0 571.0 383.0 355.0 551.0 425.0 572.0 565.0 543.0 541.0 534.0 506.0 538.0 531.0 547.0 559.0 505.0 548.0 503.0 554.0 573.0 576.0 566.0 561.0 549.0 542.0 500.0 
609.0 439.0 404.0 0 554.0 623.0 584.0 556.0 603.0 626.0 475.0 468.0 446.0 593.0 586.0 558.0 590.0 583.0 599.0 611.0 557.0 600.0 555.0 606.0 625.0 628.0 618.0 613.0 601.0 594.0 552.0 
409.0 388.0 502.0 554.0 0 423.0 533.0 505.0 552.0 575.0 573.0 566.0 395.0 542.0 535.0 507.0 539.0 532.0 548.0 560.0 506.0 549.0 504.0 555.0 574.0 577.0 567.0 562.0 550.0 543.0 501.0 
627.0 606.0 571.0 623.0 423.0 0 602.0 574.0 472.0 495.0 642.0 486.0 613.0 611.0 604.0 576.0 608.0 601.0 617.0 629.0 575.0 618.0 573.0 624.0 643.0 646.0 636.0 631.0 619.0 612.0 570.0 
588.0 567.0 383.0 584.0 533.0 602.0 0 535.0 433.0 605.0 454.0 447.0 574.0 572.0 565.0 537.0 569.0 562.0 578.0 590.0 536.0 579.0 534.0 585.0 604.0 607.0 597.0 592.0 580.0 573.0 531.0 
560.0 539.0 355.0 556.0 505.0 574.0 535.0 0 405.0 577.0 426.0 419.0 546.0 544.0 537.0 509.0 541.0 534.0 550.0 562.0 508.0 551.0 506.0 557.0 576.0 579.0 569.0 564.0 552.0 545.0 503.0 
458.0 586.0 551.0 603.0 552.0 472.0 433.0 405.0 0 624.0 622.0 615.0 593.0 591.0 584.0 556.0 588.0 581.0 597.0 609.0 555.0 598.0 553.0 604.0 623.0 626.0 616.0 611.0 599.0 592.0 550.0 
481.0 460.0 425.0 626.0 575.0 495.0 605.0 577.0 624.0 0 645.0 638.0 467.0 614.0 607.0 579.0 611.0 604.0 620.0 632.0 578.0 621.0 576.0 627.0 646.0 649.0 639.0 634.0 622.0 615.0 573.0 
628.0 607.0 572.0 475.0 573.0 642.0 454.0 426.0 622.0 645.0 0 636.0 614.0 612.0 605.0 577.0 609.0 602.0 618.0 630.0 576.0 619.0 574.0 625.0 644.0 647.0 637.0 632.0 620.0 613.0 571.0 
621.0 600.0 565.0 468.0 566.0 486.0 447.0 419.0 615.0 638.0 636.0 0 607.0 605.0 598.0 570.0 602.0 595.0 611.0 623.0 569.0 612.0 567.0 618.0 637.0 640.0 630.0 625.0 613.0 606.0 564.0 
599.0 578.0 543.0 446.0 395.0 613.0 574.0 546.0 593.0 467.0 614.0 607.0 0 583.0 576.0 548.0 580.0 573.0 589.0 601.0 547.0 590.0 545.0 596.0 615.0 618.0 608.0 603.0 591.0 584.0 542.0 
597.0 576.0 541.0 593.0 542.0 611.0 572.0 544.0 591.0 614.0 612.0 605.0 583.0 0 574.0 546.0 578.0 571.0 587.0 450.0 396.0 588.0 543.0 594.0 464.0 616.0 457.0 601.0 589.0 582.0 540.0 
590.0 569.0 534.0 586.0 535.0 604.0 565.0 537.0 584.0 607.0 605.0 598.0 576.0 574.0 0 539.0 422.0 564.0 580.0 443.0 389.0 581.0 536.0 587.0 457.0 609.0 450.0 594.0 582.0 575.0 533.0 
562.0 541.0 506.0 558.0 507.0 576.0 537.0 509.0 556.0 579.0 577.0 570.0 548.0 546.0 539.0 0 394.0 387.0 552.0 415.0 361.0 553.0 508.0 559.0 429.0 581.0 422.0 566.0 554.0 547.0 505.0 
594.0 573.0 538.0 590.0 539.0 608.0 569.0 541.0 588.0 611.0 609.0 602.0 580.0 578.0 422.0 394.0 0 568.0 435.0 596.0 542.0 585.0 540.0 442.0 610.0 613.0 603.0 449.0 586.0 579.0 537.0 
587.0 566.0 531.0 583.0 532.0 601.0 562.0 534.0 581.0 604.0 602.0 595.0 573.0 571.0 564.0 387.0 568.0 0 428.0 589.0 535.0 578.0 533.0 435.0 603.0 606.0 596.0 442.0 579.0 572.0 530.0 
603.0 582.0 547.0 599.0 548.0 617.0 578.0 550.0 597.0 620.0 618.0 611.0 589.0 587.0 580.0 552.0 435.0 428.0 0 605.0 551.0 445.0 400.0 600.0 619.0 473.0 612.0 607.0 595.0 588.0 546.0 
615.0 594.0 559.0 611.0 560.0 629.0 590.0 562.0 609.0 632.0 630.0 623.0 601.0 450.0 443.0 415.0 596.0 589.0 605.0 0 563.0 457.0 561.0 612.0 631.0 634.0 624.0 470.0 607.0 600.0 558.0 
561.0 540.0 505.0 557.0 506.0 575.0 536.0 508.0 555.0 578.0 576.0 569.0 547.0 396.0 389.0 361.0 542.0 535.0 551.0 563.0 0 403.0 358.0 558.0 577.0 431.0 570.0 565.0 553.0 546.0 504.0 
604.0 583.0 548.0 600.0 549.0 618.0 579.0 551.0 598.0 621.0 619.0 612.0 590.0 588.0 581.0 553.0 585.0 578.0 445.0 457.0 403.0 0 550.0 601.0 471.0 623.0 464.0 608.0 596.0 589.0 547.0 
559.0 538.0 503.0 555.0 504.0 573.0 534.0 506.0 553.0 576.0 574.0 567.0 545.0 543.0 536.0 508.0 540.0 533.0 400.0 561.0 358.0 550.0 0 407.0 575.0 578.0 568.0 414.0 551.0 544.0 502.0 
610.0 589.0 554.0 606.0 555.0 624.0 585.0 557.0 604.0 627.0 625.0 618.0 596.0 594.0 587.0 559.0 442.0 435.0 600.0 612.0 558.0 601.0 407.0 0 626.0 480.0 619.0 614.0 602.0 595.0 553.0 
629.0 608.0 573.0 625.0 574.0 643.0 604.0 576.0 623.0 646.0 644.0 637.0 615.0 464.0 457.0 429.0 610.0 603.0 619.0 631.0 577.0 471.0 575.0 626.0 0 648.0 638.0 633.0 621.0 614.0 572.0 
632.0 611.0 576.0 628.0 577.0 646.0 607.0 579.0 626.0 649.0 647.0 640.0 618.0 616.0 609.0 581.0 613.0 606.0 473.0 634.0 431.0 623.0 578.0 480.0 648.0 0 641.0 487.0 624.0 617.0 575.0 
622.0 601.0 566.0 618.0 567.0 636.0 597.0 569.0 616.0 639.0 637.0 630.0 608.0 457.0 450.0 422.0 603.0 596.0 612.0 624.0 570.0 464.0 568.0 619.0 638.0 641.0 0 626.0 614.0 607.0 565.0 
617.0 596.0 561.0 613.0 562.0 631.0 592.0 564.0 611.0 634.0 632.0 625.0 603.0 601.0 594.0 566.0 449.0 442.0 607.0 470.0 565.0 608.0 414.0 614.0 633.0 487.0 626.0 0 609.0 602.0 560.0 
605.0 584.0 549.0 601.0 550.0 619.0 580.0 552.0 599.0 622.0 620.0 613.0 591.0 589.0 582.0 554.0 586.0 579.0 595.0 607.0 553.0 596.0 551.0 602.0 621.0 624.0 614.0 609.0 0 441.0 399.0 
598.0 577.0 542.0 594.0 543.0 612.0 573.0 545.0 592.0 615.0 613.0 606.0 584.0 582.0 575.0 547.0 579.0 572.0 588.0 600.0 546.0 589.0 544.0 595.0 614.0 617.0 607.0 602.0 441.0 0 392.0 
556.0 535.0 500.0 552.0 501.0 570.0 531.0 503.0 550.0 573.0 571.0 564.0 542.0 540.0 533.0 505.0 537.0 530.0 546.0 558.0 504.0 547.0 502.0 553.0 572.0 575.0 565.0 560.0 399.0 392.0 0 
