20
6DoeLibrary 140location 170location 130location 7SatherTower 84location 50Bridge 3FacultyClub 126location 49SatherGate 100location 11HearstGymnasium 10Bridge 114location 8Esplanade 2UniversityHouse 48Esplanade 96location 85location 1FoundersRock
0 1189.0 1374.0 1334.0 1211.0 1133.0 1254.0 1052.0 1175.0 1253.0 1304.0 1215.0 1214.0 1163.0 1212.0 1206.0 1097.0 1145.0 1289.0 1205.0 
1189.0 0 1508.0 1468.0 1345.0 1422.0 1388.0 1341.0 1464.0 1387.0 1438.0 1194.0 1348.0 1452.0 1346.0 1340.0 1386.0 1434.0 1423.0 1339.0 
1374.0 1508.0 0 1498.0 1375.0 1452.0 1418.0 1371.0 1494.0 1417.0 1468.0 1224.0 1378.0 1482.0 1376.0 1370.0 1416.0 1464.0 1453.0 1369.0 
1334.0 1468.0 1498.0 0 1335.0 1412.0 1378.0 1331.0 1454.0 1377.0 1428.0 1339.0 1338.0 1287.0 1336.0 1330.0 1376.0 1424.0 1413.0 1174.0 
1211.0 1345.0 1375.0 1335.0 0 1289.0 1255.0 1208.0 1331.0 1254.0 1305.0 1216.0 1215.0 1319.0 1058.0 1207.0 1253.0 1301.0 1290.0 1051.0 
1133.0 1422.0 1452.0 1412.0 1289.0 0 1332.0 1285.0 1253.0 1331.0 1382.0 1293.0 1292.0 1396.0 1290.0 1284.0 1330.0 1223.0 1367.0 1283.0 
1254.0 1388.0 1418.0 1378.0 1255.0 1332.0 0 1251.0 1374.0 1297.0 1348.0 1104.0 1258.0 1362.0 1256.0 1250.0 1296.0 1344.0 1333.0 1249.0 
1052.0 1341.0 1371.0 1331.0 1208.0 1285.0 1251.0 0 1172.0 1250.0 1301.0 1212.0 1211.0 1315.0 1209.0 1203.0 1249.0 1142.0 1286.0 1202.0 
1175.0 1464.0 1494.0 1454.0 1331.0 1253.0 1374.0 1172.0 0 1373.0 1424.0 1180.0 1334.0 1283.0 1332.0 1326.0 1217.0 1265.0 1409.0 1325.0 
1253.0 1387.0 1417.0 1377.0 1254.0 1331.0 1297.0 1250.0 1373.0 0 1347.0 1258.0 1257.0 1361.0 1255.0 1249.0 1295.0 1343.0 1332.0 1093.0 
1304.0 1438.0 1468.0 1428.0 1305.0 1382.0 1348.0 1301.0 1424.0 1347.0 0 1309.0 1308.0 1412.0 1306.0 1300.0 1346.0 1394.0 1383.0 1144.0 
1215.0 1194.0 1224.0 1339.0 1216.0 1293.0 1104.0 1212.0 1180.0 1258.0 1309.0 0 1219.0 1323.0 1062.0 1056.0 1257.0 1305.0 1294.0 1210.0 
1214.0 1348.0 1378.0 1338.0 1215.0 1292.0 1258.0 1211.0 1334.0 1257.0 1308.0 1219.0 0 1322.0 1216.0 1210.0 1256.0 1304.0 1293.0 1054.0 
1163.0 1452.0 1482.0 1287.0 1319.0 1396.0 1362.0 1315.0 1283.0 1361.0 1412.0 1323.0 1322.0 0 1165.0 1314.0 1360.0 1253.0 1397.0 1313.0 
1212.0 1346.0 1376.0 1336.0 1058.0 1290.0 1256.0 1209.0 1332.0 1255.0 1306.0 1062.0 1216.0 1165.0 0 1208.0 1254.0 1302.0 1291.0 1207.0 
1206.0 1340.0 1370.0 1330.0 1207.0 1284.0 1250.0 1203.0 1326.0 1249.0 1300.0 1056.0 1210.0 1314.0 1208.0 0 1248.0 1296.0 1285.0 1201.0 
1097.0 1386.0 1416.0 1376.0 1253.0 1330.0 1296.0 1249.0 1217.0 1295.0 1346.0 1257.0 1256.0 1360.0 1254.0 1248.0 0 1187.0 1331.0 1247.0 
1145.0 1434.0 1464.0 1424.0 1301.0 1223.0 1344.0 1142.0 1265.0 1343.0 1394.0 1305.0 1304.0 1253.0 1302.0 1296.0 1187.0 0 1379.0 1295.0 
1289.0 1423.0 1453.0 1413.0 1290.0 1367.0 1333.0 1286.0 1409.0 1332.0 1383.0 1294.0 1293.0 1397.0 1291.0 1285.0 1331.0 1379.0 0 1129.0 
1205.0 1339.0 1369.0 1174.0 1051.0 1283.0 1249.0 1202.0 1325.0 1093.0 1144.0 1210.0 1054.0 1313.0 1207.0 1201.0 1247.0 1295.0 1129.0 0 
