19
h37 h43 h40 h30 h36 h33 h46 h45 h29 h35 h39 h47 h34 h41 h32 h31 h26 h44 s
0 111.0 130.0 136.0 98.0 117.0 129.0 145.0 122.0 88.0 88.0 120.0 114.0 137.0 120.0 120.0 138.0 137.0 76.0 
111.0 0 81.0 96.0 124.0 124.0 132.0 116.0 64.0 120.0 139.0 104.0 123.0 150.0 165.0 114.0 129.0 81.0 91.0 
130.0 81.0 0 54.0 116.0 62.0 111.0 89.0 100.0 54.0 108.0 88.0 53.0 105.0 127.0 131.0 86.0 140.0 139.0 
136.0 96.0 54.0 0 68.0 116.0 129.0 75.0 127.0 104.0 131.0 133.0 102.0 92.0 142.0 111.0 124.0 110.0 136.0 
98.0 124.0 116.0 68.0 0 67.0 131.0 73.0 71.0 127.0 130.0 65.0 74.0 134.0 139.0 134.0 139.0 146.0 153.0 
117.0 124.0 62.0 116.0 67.0 0 84.0 123.0 110.0 116.0 106.0 119.0 113.0 117.0 121.0 116.0 129.0 85.0 141.0 
129.0 132.0 111.0 129.0 131.0 84.0 0 58.0 97.0 130.0 76.0 150.0 107.0 142.0 121.0 79.0 138.0 140.0 81.0 
145.0 116.0 89.0 75.0 73.0 123.0 58.0 0 52.0 108.0 57.0 92.0 100.0 95.0 112.0 61.0 80.0 138.0 136.0 
122.0 64.0 100.0 127.0 71.0 110.0 97.0 52.0 0 56.0 104.0 112.0 115.0 107.0 125.0 113.0 129.0 111.0 136.0 
88.0 120.0 54.0 104.0 127.0 116.0 130.0 108.0 56.0 0 54.0 99.0 102.0 51.0 99.0 124.0 124.0 110.0 133.0 
88.0 139.0 108.0 131.0 130.0 106.0 76.0 57.0 104.0 54.0 0 76.0 72.0 105.0 110.0 118.0 99.0 140.0 79.0 
120.0 104.0 88.0 133.0 65.0 119.0 150.0 92.0 112.0 99.0 76.0 0 116.0 78.0 124.0 140.0 140.0 147.0 153.0 
114.0 123.0 53.0 102.0 74.0 113.0 107.0 100.0 115.0 102.0 72.0 116.0 0 60.0 112.0 115.0 116.0 87.0 140.0 
137.0 150.0 105.0 92.0 134.0 117.0 142.0 95.0 107.0 51.0 105.0 78.0 60.0 0 52.0 103.0 132.0 69.0 130.0 
120.0 165.0 127.0 142.0 139.0 121.0 121.0 112.0 125.0 99.0 110.0 124.0 112.0 52.0 0 51.0 115.0 121.0 142.0 
120.0 114.0 131.0 111.0 134.0 116.0 79.0 61.0 113.0 124.0 118.0 140.0 115.0 103.0 51.0 0 64.0 127.0 107.0 
138.0 129.0 86.0 124.0 139.0 129.0 138.0 80.0 129.0 124.0 99.0 140.0 116.0 132.0 115.0 64.0 0 63.0 124.0 
137.0 81.0 140.0 110.0 146.0 85.0 140.0 138.0 111.0 110.0 140.0 147.0 87.0 69.0 121.0 127.0 63.0 0 61.0 
76.0 91.0 139.0 136.0 153.0 141.0 81.0 136.0 136.0 133.0 79.0 153.0 140.0 130.0 142.0 107.0 124.0 61.0 0 
