30
node11 node27 node88 node99 node17 node53 node35 node80 node63 node23 node54 node97 node14 node69 node48 node31 node75 node60 node43 node86 node6 node19 node64 node92 node39 node29 node72 node12 node30 node87
0 27876.26669 26236.9699 28530.96389 44254.01472 50545.63538 58136.58349 64519.04792 67466.79301 64224.23408 49567.78445 40663.779800000004 35629.74215 35514.83292 47912.62411 66032.98859 72946.65901999999 76782.76106 72830.24192 84105.74325 73378.77569 63380.01659 59667.64518 47066.72482 44932.743930000004 53132.45609 42813.71619 20293.49056 15582.61376 16391.50724 
27876.26669 0 43339.53893 49070.69589 47095.42429 53810.73087 61377.07405 67702.94037 63638.19369 47513.04162 39909.62608 37653.22103 49070.44711000001 54062.35019000001 59657.73904 77729.55158 86012.00743 87127.40633 78424.23111 100672.17435 93919.82234 81102.75558 82441.03065 70379.74495000001 71292.98835 80876.6127 70689.98288 47214.28056 42592.70729 44267.773929999996 
26236.9699 43339.53893 0 11650.09635 33916.85618 40611.62448 44401.62695 50785.08325 57439.53003 61417.87042 33496.33121 36078.14477 50266.155159999995 54125.59231 31245.36237 46929.42135 53361.05324 58273.26505 57791.83675 63537.58936 53946.94911 42415.72188 39645.71553 27040.20602 38428.88505 41100.68184 38147.37277 13093.13748 11037.21691 21440.643340000002 
28530.96389 49070.69589 11650.09635 0 22888.04904 29519.9942 33800.74108 39134.9869 46128.95575 53670.02634 25552.20818 28272.75262 45408.40885 46408.7251 19595.26602 37876.23321 44415.69513 49222.64451 46141.7404 56859.67973 49449.97795 42537.88483 39079.85842 28531.41299 34942.36366 48757.50863 48665.88557 24743.233829999997 22687.31326 25605.27624 
44254.01472 47095.42429 33916.85618 22888.04904 0 6715.30658 17707.62214 24516.67007 23636.464210000002 36668.04694 20789.10834 20093.04153 38924.59879 43573.40806 28548.01007 38366.41438 41445.69002 40864.52932 34734.32362 58550.51797 58427.32946 43308.06895 54226.61501 47645.684850000005 56197.99742 70619.58524 71552.75789 47001.43685 44022.37594 48493.325280000005 
50545.63538 53810.73087 40611.62448 29519.9942 6715.30658 0 10992.31556 17801.36349 16921.15763 29952.74036 27165.16172 23382.36415 41564.76492 46556.668000000005 21832.70349 40113.670679999996 41464.73014 39440.64806 28019.01704 61370.95922 61135.64208 46016.38157 58873.789390000005 54027.208790000004 62595.325619999996 76595.96379 78171.31591 53694.86697 50735.18068 55125.27044 
58136.58349 61377.07405 44401.62695 33800.74108 17707.62214 10992.31556 0 6809.04793 22195.24841 38295.82897 24275.37992 33963.74646 52372.829 57364.73208 20669.117729999998 30424.26385 38706.7197 36761.09974 31463.31428 50378.64366 54113.09204 38993.83153 55947.20353 50296.117379999996 61444.66554 75951.77838 80105.85637 57494.764429999996 55438.84385999999 55804.24877 
64519.04792 67702.94037 50785.08325 39134.9869 24516.67007 17801.36349 6809.04793 0 15386.20048 40759.51997 30543.14271 40102.10329 58162.347 63154.25008 27478.16566 23615.21592 31897.67177 31605.14944 34660.3785 50131.489239999995 55024.01796 45802.879460000004 58021.82103000001 53812.36356 66044.31816000001 80839.86985 85680.22263 63682.24558 61683.75227 62562.95222 
67466.79301 63638.19369 57439.53003 46128.95575 23636.464210000002 16921.15763 22195.24841 15386.20048 0 27517.67115 28710.69602 36609.36206 53296.283019999995 56985.19751 38753.86112 39001.4164 47283.87225 39960.84599 24864.737 63419.51124 70410.21844 58412.82704 70867.42563 66033.41816 77302.29386 92056.68441 94626.77388 70522.80603 67651.33497 68031.87689 
64224.23408 47513.04162 61417.87042 53670.026340000004 36668.04694 29952.74036 38295.82897 40759.51997 27517.67115 0 29571.760499999997 28528.04228 40834.25154 45826.15462 51267.04521 63868.97046 70488.37598000001 66026.38096 52382.40815 87980.8888 90771.36487 75845.65785999999 87453.71484 79327.16004 87744.51087 101515.52216 99505.30627999999 74511.0079 69918.94462 62458.71021 
49567.78445 39909.62608 33496.33121 25552.20818 20789.10834 27165.16172 24275.37992 30543.14271 28710.69602 29571.760499999997 0 9688.36654 38165.23019 33173.32711 27441.96327 43500.99198 51766.22389 54055.21922 41395.309440000005 69028.00321 66939.70851 55888.19149 60883.51431 53106.760290000006 59517.71096 73233.27575 71595.55029 46589.468689999994 43995.67234 45917.183569999994 
40663.779800000004 37653.22103 36078.14477 28272.75262 20093.04153 23382.36415 33963.74646 40102.10329 36609.36206 28528.04228 9688.36654 0 28476.86365 23484.96057 36095.78188 52676.81468 60959.27053 60918.32881 51036.07308 77322.32906999999 74530.12216 60492.316 66782.21763 56356.87377 62339.54104 75215.18938 72286.16918 49171.28225 44521.6709 40295.18869 
35629.74215 49070.44711 50266.155159999995 45408.40885 38924.59879 41564.76492 52372.829 58162.347 53296.28302 40834.25154 38165.23019 28476.86365 0 4991.90308 54988.48452 71543.58498 79826.04083 79786.35979 69386.30333 96004.54055 91955.28891 78699.92276 82682.49816 71030.1445 74561.5972 85756.88447 77990.26053 52750.95646 48040.07966 42987.84208 
35514.83292 54062.35019 54125.59231 46408.7251 43573.40806 46556.668000000005 57364.73208 63154.25008 56985.19751 45826.15462 33173.32711 23484.96057 4991.90308 0 58507.03639 75929.251 84203.87386 84402.88511999999 74231.53292 100093.07633000001 95858.70305000001 82835.16601 85378.41694 73867.50349 76394.14936 87866.02966999999 78273.09476 54638.82867999999 49927.95187999999 37995.939 
47912.62411 59657.73904 31245.36237 19595.26602 28548.01007 21832.70349 20669.117729999998 27478.16566 38753.86112 51267.04521 27441.96327 36095.78188 54988.48452 58507.03639 0 18280.96719 26563.42304 35474.82142 40583.14905 41586.03994 39924.75116 51563.42458 37080.25932 32949.32923 43326.92021 58114.60338 63086.77787 44016.51215 41799.99504 45200.54226 
66032.98859 77729.55158 46929.42135 37876.23321 38366.41438 40113.670679999996 30424.26385 23615.21592 39001.4164 63868.97046 43500.99198 52676.81468 71543.58498 75929.251 18280.96719 0 8282.45585 17193.85423 22302.181859999997 26516.27332 31408.80204 38512.01604 36840.09228 49445.60179 51037.26053 64708.98563 73985.79526 60022.558829999994 57785.75614 62606.43397 
72946.65901999999 86012.00743 53361.05324 44415.69513 41445.69002 41464.73014 38706.7197 31897.67177 47283.87225 70488.37598000001 51766.22389 60959.27053 79826.04083 84203.87386 26563.42304 8282.45585 0 8911.39838 24302.38265 33329.09899 27938.512 35488.96466 37133.75546 46884.70751 55221.01868 67127.93262 82268.25111 63428.46687 63619.67736 69727.90707 
76782.76106 87127.40633 58273.26505 49222.64451 40864.52932 39440.64806 36761.09974 31605.14944 39960.84599 66026.38096 54055.21922 60918.32881 79786.35979 84402.88511999999 35474.82142 17193.85423 8911.39838 0 15390.98427 24417.70061 36674.29967 26577.56628 45865.45394 52298.871920000005 63330.01783 75654.31267 85289.5456 69248.79237 68945.80214 74056.72516 
72830.24192 78424.23111 57791.83675 46141.7404 34734.323619999996 28019.01704 31463.31428 34660.3785 24864.737 52382.40815 41395.309440000005 51036.07308 69386.30333 74231.53292 40583.14904999999 22302.181859999997 24302.38265 15390.98427 0 39615.90655 49495.03665 40155.9781 55187.58788 54989.36799 67540.51818 81792.57619 89582.78394 70064.8827 68768.7801 70767.77294 
84105.74325 100672.17435 63537.58936 56859.67973 58550.51797 61370.959220000004 50378.64366 50131.489239999995 63419.51124 87980.8888 69028.00321 77322.32906999999 96004.54055 100093.07633000001 41586.03994 26516.27332 33329.09899 24417.70061 39615.90655 0 19036.56869 21387.1264 34846.273 43471.20381 55267.35754 66050.29316 80069.8582 71431.70449999999 72481.45232 80689.91619 
73378.77569 93919.82234 53946.949109999994 49449.97795 58427.32946 61135.64208 54113.09204 55024.01796 70410.21844 90771.36487 66939.70851 74530.12216 91955.28891 95858.70305000001 39924.75116 31408.80204 27938.512 36674.29967 49495.03665 19036.56869 0 15119.26051 17117.68435 28170.10919 38093.32023 47013.72447 62253.73326 57633.48212 60411.09557 69904.90916 
63380.01659 81102.75558 42415.72188 42537.88483 43308.06895 46016.38157 38993.83153 45802.879460000004 58412.82704 75845.65785999999 55888.19149 60492.316 78699.92276 82835.16601 51563.42458 38512.01604 35488.96466 26577.56628 40155.9781 21387.1264 15119.26051 0 32236.94486 43289.369699999996 40911.52466 49076.74639 60971.90297 50060.25278 51459.152140000006 59754.8788 
59667.64518 82441.03065 39645.71553 39079.85842 54226.61501 58873.789390000005 55947.20353 58021.82103000001 70867.42563 87453.71484 60883.51431 66782.21763 82682.49816 85378.41694 37080.25932 36840.09228 37133.75546 45865.45394 55187.58788 34846.273 17117.68435 32236.94486 0 12605.50951 20975.63588 32454.29916 45223.5852 42747.4118 44846.49589 55554.16931 
47066.72482 70379.74495000001 27040.20602 28531.41299 47645.684850000005 54027.208790000004 50296.117379999996 53812.36356 66033.41816 79327.16004 53106.760290000006 56356.87377 71030.1445 73867.50349 32949.32923 49445.60179 46884.70751 52298.871920000005 54989.36799 43471.20381 28170.10919 43289.369699999996 12605.50951 0 13441.55054 29759.16515 47997.45645 36951.86318 32240.98638 43416.123940000005 
44932.743930000004 71292.98835 38428.88505 34942.36366 56197.99742 62595.325619999996 61444.66554 66044.31816000001 77302.29386 87744.51087 59517.71096 62339.54104 74561.5972 76394.14936 43326.92021 51037.26053 55221.01868 63330.01783 67540.51818 55267.35754 38093.32023 40911.52466 20975.63588 13441.55054 0 16317.61461 34555.90591 25335.74757 30046.624369999998 41274.28877 
53132.45609 80876.6127 41100.68184 48757.50863 70619.58524 76595.96379 75951.77838 80839.86985 92056.68441 101515.52216 73233.27575 75215.18938 85756.88447 87866.02966999999 58114.60338 64708.98563 67127.93262 75654.31267 81792.57619 66050.29316 47013.72447 49076.74639 32454.29916 29759.16515 16317.61461 0 18238.2913 41459.904760000005 46170.78156 49870.09067 
42813.71619 70689.98288 38147.37277 48665.88557 71552.75789 78171.31591 80105.85637 85680.22263 94626.77388 99505.30628 71595.55029 72286.16918 77990.26053 78273.09476 63086.77787 73985.79526 82268.25111 85289.5456 89582.78394 80069.8582 62253.73326 60971.90297 45223.5852 47997.45645 34555.90591 18238.2913 0 26297.36819 30668.75942 40361.50845 
20293.49056 47214.28056 13093.13748 24743.233829999997 47001.43685 53694.86697 57494.764429999996 63682.24558 70522.80603 74511.0079 46589.468689999994 49171.282250000004 52750.95646 54638.82868 44016.51215 60022.558829999994 63428.46687 69248.79237 70064.8827 71431.70449999999 57633.48212 50060.25278 42747.4118 36951.86318 25335.74757 41459.904760000005 26297.36819 0 4710.8768 16642.88968 
15582.61376 42592.70729 11037.21691 22687.31326 44022.37594 50735.18068 55438.84385999999 61683.75227 67651.33497 69918.94462000001 43995.67234 44521.6709 48040.07966 49927.95188 41799.99504 57785.75614 63619.67736 68945.80214 68768.78009999999 72481.45232 60411.09557 51459.152140000006 44846.49589 32240.98638 30046.624369999998 46170.78156 30668.75942 4710.8768 0 11932.01288 
16391.50724 44267.773929999996 21440.643340000002 25605.27624 48493.325280000005 55125.27044 55804.24877 62562.95222 68031.87689 62458.71021 45917.183569999994 40295.18869 42987.84208 37995.939 45200.54226 62606.43397 69727.90707 74056.72516 70767.77294 80689.91619 69904.90916 59754.8788 55554.16931 43416.123940000005 41274.28877 49870.09067 40361.50845 16642.88968 11932.01288 0 
