60
node160 node181 node127 node37 node178 node129 node137 node66 node41 node172 node185 node86 node97 node126 node141 node104 node51 node57 node33 node26 node73 node123 node125 node52 node8 node81 node192 node124 node54 node63 node152 node159 node167 node114 node59 node187 node48 node102 node61 node154 node75 node182 node56 node47 node20 node53 node98 node119 node134 node85 node173 node100 node38 node30 node50 node117 node95 node130 node84 node139
0 7512.42818 26247.14936 29109.68057 37912.6604 48903.61485 47990.9168 54895.17237 58298.29904 38417.50747 52414.08234 51851.268039999995 59152.15484 57074.25146 62202.780869999995 35048.02822 49116.79614 43755.630099999995 43811.97906 62784.81531 49535.02837 61115.666110000006 53580.98484999999 32715.23652 22952.27188 37119.75809 45667.05309 49044.80709 45598.51224 30378.09185 14578.5157 32799.20737 46277.55843 49383.06073 58772.40611 51424.695550000004 44010.54673 29305.94859 28410.99138 27943.21964 20698.3706 24264.16404 19136.09381 27797.16335 29711.52211 37046.94638 53427.24951 54291.16644 42192.99677 45283.95722 49883.49845 43177.662899999996 43000.52763 47912.27315 45524.5518 26759.33628 23304.59575 20545.8148 19772.31697 11883.35263 
7512.42818 0 18737.91821 21600.44942 30574.52813 42439.35447 40512.0277 47416.28327 50931.021120000005 32217.99474 45433.51927 45084.1711 54568.31877 52093.13495 55924.81568 38551.73592 49486.17668 45470.592099999994 45526.94106 66709.66847 53473.98994 65015.234110000005 54380.33871 34495.70188 24667.23388 41549.54928 49195.19214 54992.82605 51270.42648 37826.215729999996 21943.7494 40311.63555 53689.10983 56890.52154 65153.06328 54352.72075 48083.91884 34063.86954 34766.58396 35021.56157 25050.39381 27607.96342 14951.78952 25018.650739999997 25628.24325 32963.66752 46993.68623 48122.63103 38778.00887 41882.91637 47901.33306 42010.301250000004 42558.7917 47915.30773 45942.03138 30843.25512 17080.42203 17562.80405 19199.37202 19395.78081 
26247.14936 18737.91821 0 2862.53121 14933.12835 24214.645969999998 21774.10949 28678.36506 36145.853879999995 20417.31582 28810.51972 30373.417950000003 42545.412769999995 40070.22895 41256.66969 26168.05405 49183.64324 46710.609749999996 52656.56447 74619.56529 65649.52209 70748.19056 60402.417460000004 43742.57985 36492.53408 53046.42181 64263.34939 70880.31981999999 70008.34469 56564.13394 40681.667610000004 59046.35673 72427.02804 75628.43975 81623.97329 73090.63896 65644.13125 50234.72861 50321.13213 51492.76165 41549.88116 37832.00447 31409.24512 19642.82775 11687.718990000001 18822.54103 33513.56451 35644.13389 35138.2439 41635.0405 47653.45719 43676.02321 48172.56071 49095.21734 47456.93037 40873.0104 32634.9702 28513.50253 26876.93456 38130.50199 
29109.68057 21600.44942 2862.53121 0 12165.60675 22066.353519999997 23075.97999 26532.90626 37447.72438 21378.49003 29366.39735 30184.40133 43728.81406 41253.63024 41172.05715 29030.58526 52000.32892 47580.40524 55353.7529 77316.75372000001 68512.0533 73250.21151000001 62852.79647 46605.11106 39258.40303 55812.29076 66376.97771 73709.40589 71476.51202 56083.46965 42807.75163 61241.47556 74736.99293000001 77947.69183 84090.1952 75953.17017 66764.70632 51685.16551 51854.52652 53178.46451 41408.29522 36062.0277 34271.77633 16780.29654 9337.63243 16461.92335 30798.6438 33010.45663 33328.97647 40508.20765 45760.73163 44832.2257 47465.16616 48521.36327 48599.64119 39073.94239 34168.36459 26574.03318 24937.46521 40361.45664 
37912.6604 30574.52813 14933.12835 12165.60675 0 11864.82634 21939.223039999997 23002.18174 36310.96743 30617.11845 32507.79233 35797.7101 49509.98493 48001.5217 45647.93554 39077.84622 63028.44682 59523.26288 67519.35965 89482.36047 80463.18147000001 85394.54838 74897.93132 58675.7082 50489.42819 67369.79097 78542.58446 85510.23024 81825.00323999999 68210.29199999999 52308.67528 69724.46341 83889.93336 86276.1028 88067.38866 82296.45356 71556.86376 56151.41135 57046.36856 58821.20706 53573.90197 48227.63445 40629.652109999995 28945.903290000002 21503.23918 15314.8911 21090.70987 21012.68259 27731.36079 35088.23596 39122.48315 40085.47466 43929.82156 43305.48777 41860.66156 40462.04755 39653.76603 28442.899530000002 30079.467500000002 48800.30179 
48903.61485 42439.35447 24214.645969999998 22066.353519999997 11864.82634 0 12062.053319999999 14027.77795 25891.69283 32871.24309 27177.79203 33257.08376 47639.68191 46596.629830000005 41344.76312 43194.48848 67360.95253 65041.81842 74240.6929 96203.69372 88750.01547 91576.77438 80706.99704 66555.34237 59194.70728 75847.04542000001 86832.1132 94684.58251 92528.92009999999 77329.16648 63385.32453 81157.80253 95180.67499999999 97906.68851 99806.22563 94081.60452 83384.84449 67975.44185 68297.3358 70566.60775 62432.387050000005 56226.59823 49801.36204 34465.14467 23687.2509 22146.48387 20016.62779 22888.852639999997 34333.68642 43270.720180000004 46529.63136 48078.255040000004 53860.375309999996 51859.030360000004 50953.389989999996 51916.531709999996 51511.26767 37588.30551 39224.873479999995 60559.9315 
47990.9168 40512.0277 21774.10949 23075.97999 21939.223039999997 12062.053319999999 0 6904.25557 14371.74439 27114.81556 19297.62668 21212.90956 35651.80835 37113.37227 29356.62439 41678.76115 60624.08658 57811.780679999996 66272.83186 87973.96186 82124.86174 82909.64193 72099.54652 59817.64556 55812.27166 70296.23888 82183.11712 90196.33572999999 89532.03836 73580.577 61830.79492 80756.90426 93729.22323 97370.03787 102871.89538 94771.25994999999 86237.76428999999 71105.76611 71284.65455 72769.08304 57846.43271 51457.15205999999 47698.6161 35851.93083 24696.877370000002 27193.08902 28611.30067 31953.66052 44015.225790000004 52482.036349999995 56455.15505999999 55930.921579999995 61514.65058 61108.36766999999 59400.87411 56918.28212 53868.04439 41719.56508 43202.95456 59837.1828 
54895.17237 47416.28327 28678.36506 26532.90626 23002.18174 14027.77795 6904.25557 0 13469.14492 27711.43486 15876.11643 24793.64045 36424.48274 35921.64227 28400.2022 42624.955780000004 61867.22593 61044.86089 71547.17881 93059.09088 87961.79088 87791.89958999999 76553.44767 65519.20792 59849.18862 75771.45147 87884.67947999999 96577.16163 96436.29393 80484.83257 68660.88157 87661.15982999999 100497.84246 104274.29344 109427.61131 101671.245 92968.29088 77647.79407 77881.24555 79506.80681 64369.51098 56161.20192 53772.30342 33539.79166 31601.132940000003 32501.55492 33044.908840000004 33546.635 47996.76932 56808.92656000001 60327.19723 60777.46457 66823.11648 65425.627980000005 64298.8251 63464.22929 60373.56771 48623.82065 49514.87528 66741.43837 
58298.29904 50931.021120000005 36145.853879999995 37447.72438 36310.96743 25891.69283 14371.74439 13469.14492 0 19880.79157 25240.34717 28909.28705 30818.04614 28342.86232 28165.046889999998 34778.7925 53069.93099 51534.23398 63207.02024 83718.94924999999 80426.78347000001 77773.41228 67212.16545999999 58339.64097 54403.26114 68853.9314 80983.74033 90986.96879 92223.3816 76277.19834 67484.10243 87286.43628 98413.0017 103350.39163 111879.73995 103640.60011 96272.626 80863.22336 80712.78371 81748.23824 59921.07929 50236.3618 51151.61447 30501.135690000003 39068.62176 41564.83341 42628.74999 46059.81843 57586.53489 66219.20168 70399.33801 70302.66597 75079.58024000001 74812.14921 73068.64643 68434.68906 65436.10557 55958.753809999995 54322.18584 68883.78498 
38417.50747 32217.99474 20417.31582 21378.49003 30617.11845 32871.24309 27114.815560000003 27711.43486 19880.79157 0 16551.77385 13555.84032 22350.324030000003 19875.14021 23785.2734 14913.52092 34719.36827 37060.317689999996 43896.30673 65347.65602 60861.85305 60089.53226 49413.56981 39066.182570000004 34581.78675 49065.07683 61218.20593 71107.72651 72616.22205 56698.98617 49105.9525 69548.02966 79242.78524 84999.75934 96071.41393 84087.29598 80301.91358 66278.32315 66724.89979 66302.57152 40526.33622 30367.57276 31270.8229 10620.34412 30669.70999 37541.72293 48104.424450000006 51535.49289000001 54668.49402 61886.69768 67139.22166000001 63992.726259999996 68589.87653000001 69512.53316 67874.24619 57534.12762 49038.73786 44947.75518 43805.11694 49861.454490000004 
52414.08234 45433.51927 28810.51972 29366.39735 32507.79233 27177.79203 19297.62668 15876.11643 25240.34717 16551.77385 0 8917.52402 23363.751949999998 24547.10811 14197.68384 31465.27966 48288.54956 48281.69479 59442.744139999995 80190.87690999999 76884.84074 74281.95643 63100.805010000004 54897.84794 51127.15765 65426.64489 77579.5218 87648.37023 89059.91449 73124.24412 64478.57325 84653.57216 95393.88448 100716.86963 109698.67964 99098.7973 93338.6696 78725.23788 78747.22231 79497.89318 56758.94049 46919.34661 46981.98287 27172.11797 35488.456529999996 41751.39037 44492.88129 47305.41764 57610.94618 65972.43243 70406.34511 69105.6319 74248.35955 74477.30368000001 72741.70298 67111.32044 61112.29331 52511.144239999994 52971.88645 64103.76441 
51851.268039999995 45084.1711 30373.417950000003 30184.40133 35797.7101 33257.08376 21212.90956 24793.64045 28909.28705 13555.84032 8917.52402 0 14451.37448 16926.5583 20723.18382 28469.36124 41479.56509 42873.28054 54034.32988999999 74116.69072 71872.39416 68253.86867 57015.41675 50268.98785 47466.18111 60840.01877 73071.12246 83782.53765 85706.84686 69940.09538 62661.79282 83083.06263 92672.97899 98551.21247 109257.23563 97631.2811 93160.57475 78984.50284 78922.52815 79601.34126 54082.17654 43083.70783 44826.66322 24054.10469 38558.44937 44821.38321 49805.8251 52989.068 61662.175279999996 69725.86542 74432.82649 72413.22201 77247.45909 77871.6587 76148.75455000001 69258.34372 61501.06366 53543.82485 54678.32164 63361.8287 
59152.15484 54568.31877 42545.412769999995 43728.814060000004 49509.98493 47639.68191 35651.80835 36424.48274 30818.04614 22350.324030000003 23363.751949999998 14451.37448 0 2475.18382 25951.22797 31746.5982 35749.26586 38386.25871 49612.95209 67638.45859 68559.02568 61189.1318 50411.77789 51341.85519 50108.36956 59400.15646 71496.3391 82827.43935 86949.08582000001 71783.12061000001 67897.87544 88397.05905000001 95567.22632 102645.33654 116401.9451 102856.56722 100855.34944 87608.88969 87416.27602 87077.73179 55936.64741 44712.57636 50176.41561 31955.50572 51693.49616 57868.52967 64252.053029999995 67428.17789 75271.50879 82906.16207 87896.25824 85232.59328999999 89902.20351 90898.05347 89004.76891 79576.84395 70793.59730000001 65253.47947 65935.42134999999 69515.89493 
57074.25146 52093.13495 40070.22895 41253.63024 48001.5217 46596.629830000005 37113.37227 35921.64227 28342.86232 19875.14021 24547.10811 16926.5583 2475.18382 0 23476.04415 29271.41438 34142.65904 36545.387610000005 47612.78671 66185.89846 66512.94844 59620.69174 50025.85039 48866.671370000004 47927.29811 57179.62747 69255.94468 80459.34674 84571.50184000001 69307.93679 65422.69162 85921.87523 93204.29971 100220.36721 113942.40455 100381.38339999999 98414.25164 85363.37081 85485.24283999999 84646.0453 53909.112949999995 43384.07360999999 47701.23179 29480.3219 49696.86624 56139.537630000006 63203.90729 66283.27391 73460.80775 81079.93678 86135.45432 83551.26293 87865.55184 89078.51277 87085.03882 77409.26783 68318.41348 62778.29565 63680.257150000005 67068.94768 
62202.78087 55924.81568 41256.66969 41172.05715 45647.93554 41344.76312 29356.62439 28400.2022 28165.046889999998 23785.2734 14197.68384 20723.18382 25951.22797 23476.04415 0 38698.79432 46874.304189999995 48330.59428 59875.19292 77971.10513 77780.86306 71745.71632 60635.462 57319.29213 55974.136660000004 67790.45331 80013.01245 90911.12943 94164.33859 78525.73629 72891.22589999999 93197.44608 101876.82036 108222.07772 119856.68732999999 107827.10041 103846.72065 89803.55668 90066.75327 90087.84492 62304.00126 51416.02219 55056.0963 34405.61752 49093.50514 55356.43898 57894.07009 61237.17782 71808.63002 79969.39914 84578.04533000001 82944.06211999999 87937.6819 88264.35934 86610.6403 79911.487 72380.59134 66116.19284999999 65612.34104 73551.26372 
35048.02822 38551.73592 26168.05405 29030.58526 39077.84622 43194.48848000001 41678.76115 42624.955780000004 34778.7925 14913.52092 31465.27966 28469.36124 31746.5982 29271.41438 38698.79432 0 26608.96209 22481.55978 31808.34419 53067.29518 46725.81999 48576.76959 37917.62782 24216.38624 32472.63601 34474.9736 46425.89288 56608.98548 57842.07919 41990.23011 36174.67413 56650.46085 65011.75812 71374.10441 84772.26654 71653.5894 69542.44517 56909.13553 56632.69505 57901.62728 25612.8153 15520.773979999998 28176.94788 14970.40528 33562.31182 40888.34271 55683.35305 58037.53173 56244.33763 63756.35332 69774.77001000001 62984.181769999996 65385.23282 68587.19326999999 66199.47192 55984.74695 42221.91386 39491.80007 39889.1709 37901.00983 
49116.79614 49486.17668 49183.64324 52000.32892 63028.44682 67360.95253 60624.08658 61867.22593 53069.93099 34719.36827 48288.54956 41479.56509 35749.26586 34142.65904 46874.304189999995 26608.96209 0 7510.0003 19292.467539999998 39694.71557 35288.25788 27121.64327 15883.19135 21893.034 28313.358519999998 29250.69032 41481.79401 53192.925919999994 58750.03449 46267.96907 50164.65402 67963.78823 69716.21942 78753.47425 98520.09851 81318.46307 85355.07788 75968.22934 75332.43361000001 73498.71617 34355.09757 29820.62414 38029.48373 35220.032380000004 60171.27391 67497.3048 81399.19757 83998.14157 82747.23404000001 87964.94416 93850.9811 88317.25471000001 90383.79968000001 94033.4704 92051.96817000001 75876.13242 62778.64123 64943.36521 65151.12647 54734.22067 
43755.630099999995 45470.592099999994 46710.609749999996 47580.40524 59523.26288 65041.81842 57811.780679999996 61044.86089 51534.23398 37060.317689999996 48281.69479 42873.28054 38386.25871 36545.387610000005 48330.59428 22481.55978 7510.0003 0 11782.46724 32184.715269999997 30866.943049999998 26750.99203 15677.93148 14383.0337 20803.35822 22774.04398 35005.14767 45790.88857 52312.921870000006 38757.96877 42694.78121 60510.168490000004 62637.64413 71515.48541 91010.09821 73808.46277 77863.41506 68484.00593 67974.04559 66052.27382 26845.09727 22310.62384 30519.48343 31082.29647 55798.44475 63077.06771 78113.60901 80519.09151 77625.31008 82367.84965 88322.40147 83325.79483 84162.75297 88101.16185 86151.45552 69678.62354 55915.79045 59717.90475 59920.448899999996 47375.83265 
43811.97906 45526.94106 52656.56447 55353.7529 67519.35965 74240.6929 66272.83186 71547.17881 63207.02024 43896.30673 59442.74414 54034.32989 49612.95209 47612.78671 59875.19292 31808.34419 19292.467539999998 11782.46724 0 21963.00082 26844.82898 21074.171479999997 9835.71956 22614.06559 20859.70718 13637.36859 23439.91558 35149.66448 43904.94309 31950.902439999998 40188.93637 55330.317240000004 58488.28964 64091.96417 85883.01874 67506.11355 74233.89173999999 66899.02801000001 66240.65231 63546.42898 27375.67269 26861.80373 32873.6467 42131.80394 63172.023740000004 69772.51361 86152.22343 88286.9136 82846.50024 86620.5369 92577.86855 85763.97848 86812.50669 91421.58819 89108.45542 70427.058 56821.41009 62697.74931 62401.77143 45936.02672 
62784.81531 66709.66847 74619.56529 77316.75372000001 89482.36047000001 96203.69372 87973.96186 93059.09088 83718.94924999999 65347.65602 80190.87690999999 74116.69072 67638.45859 66185.89846 77971.10513 53067.29518 39694.71557 32184.715269999997 21963.00082 0 16642.81177 37768.0531 31798.72038 36638.02197 42822.708 26038.41956 25190.18545 33500.972949999996 45868.13398 41647.73109 55565.077659999995 65379.71973 58113.95597 69245.43487 94235.4825 74243.9909 85599.37083 81525.2758 80754.83865 77044.25847 42149.54007 41800.51341 53025.94811 63055.80031 85135.02456 91735.51443 108115.22425 110087.6841 103560.79823999999 106636.65114 112655.06783 105180.02722 105478.44763000001 110655.90279 108271.00805 88489.5358 74726.70271 83162.08818 82557.13227999999 62097.08766 
49535.02837 53473.98994 65649.52209 68512.0533 80463.18147000001 88750.01547 82124.86174 87961.79088 80426.78347000001 60861.85305 76884.84074 71872.39416 68559.02568 66512.94844 77780.86306 46725.81999 35288.25788 30866.943049999998 26844.82898 16642.81177 0 21125.241329999997 22403.41257 22509.43375 29994.95864 13207.46039 16857.75661 18476.32967 29704.06116 25004.91932 41140.4845 48736.90796 42016.13283 52602.6231 77655.37333 57743.98797 68956.55906 65593.31933000001 65618.36496 60899.10437 29075.77103 32525.83783 41530.271889999996 54806.80445 74376.4834 80871.48655 98847.36275999999 100440.84954 91353.26501999999 93553.10389 99386.77498 91789.85998000001 91443.1229 96783.73968 94396.01833 74112.83399 60350.0009 70064.91948 69301.15087 47672.4945 
61115.666110000006 65015.234110000005 70748.19056 73250.21151000001 85394.54838 91576.77438 82909.64193 87791.89958999999 77773.41228 60089.53226 74281.95643 68253.86867 61189.1318 59620.69174 71745.71632 48576.76959 27121.64327 26750.99203 21074.171479999997 37768.0531 21125.241329999997 0 11238.45192 30519.53223 40348.000230000005 28396.99196 29327.63995 37807.03839 49220.596300000005 43208.614499999996 55422.89563 66905.31205000001 62175.35860000001 72517.91503 96747.33004 77061.39213 87234.93177 81844.08343 81121.85904 77742.05116999999 41129.86276 40309.06728 52518.93397 57833.2885 80860.56888 87980.1009 104030.29043 106238.11174 100898.53284 104537.82823 110422.26954 103367.72249 104084.93991 108982.24175 106640.21791 87420.43346 73657.60037 80694.56127 80161.30646 61624.31487 
53580.98484999999 54380.33871 60402.417460000004 62852.79647 74897.93132 80706.99704 72099.54652 76553.44767 67212.16545999999 49413.56981 63100.805010000004 57015.41675 50411.77789 50025.85039 60635.462 37917.62782 15883.19135 15677.93148 9835.71956 31798.72038 22403.41257 11238.45192 0 20865.74833 30694.21633 23473.08815 29217.49686 40539.56894 50220.630300000004 40773.53434 49970.66735 64389.94363 62086.99829 72134.54189 94899.12322 76035.7396 83663.29918 76671.02126 76021.44493 73031.5579 34365.04153 29789.84129 42446.01519 46760.22795 70736.12413 77927.84105 93542.50103 95863.2531 91682.05649999999 95750.60861 101769.0253 95105.31880000001 96343.76103 100879.2071 98491.48575 80132.77493 66573.95367 71939.30983 71979.74012999999 55765.26095 
32715.23652 34495.70188 43742.57985 46605.11106 58675.7082 66555.34237 59817.64556 65519.20792 58339.64097 39066.18257 54897.84794 50268.98785 51341.85519 48866.671370000004 57319.29213 24216.38624 21893.034 14383.0337 22614.06559 36638.02197 22509.43375 30519.53223 20865.74833 0 9828.468 10599.60241 22812.10872 34523.24063 38496.87608 24409.67532 31632.49354 46472.87707 48394.22973 57190.50543999999 77000.35952 59475.87747 64398.1452 56641.198509999995 55746.241299999994 52995.68814 16316.492279999999 15030.42841 27686.602310000002 36137.86496 53199.66923 60535.0935 77168.25382 79092.8552 72565.0729 75750.53985 81768.6301 74758.07578 75715.76415 80435.03554000001 78059.72874 59474.572799999994 45722.56569 51879.96737 52467.67338 35148.02836 
22952.27188 24667.23388 36492.53408 39258.40303 50489.42819 59194.70728 55812.27166 59849.18862 54403.26114 34581.78675 51127.15765 47466.18111 50108.36956 47927.298109999996 55974.136660000004 32472.63601 28313.358519999998 20803.35822 20859.70718 42822.708 29994.95864 40348.000230000005 30694.21633 9828.468 0 16882.3154 29113.41909 36756.03767 38345.40952 23184.94752 21989.13898 40818.09522 46289.76071 53761.2719 70896.61187 54814.66413 57226.57049 48417.85587 48040.85492 45292.165649999995 6859.82071 18153.899960000002 30810.073860000004 26309.39696 46951.02775 53724.44442 70006.09859 70445.8909 62736.6049 66550.15025 71974.79325 65983.24577000001 65952.79951 70864.54503000001 68476.82368 49647.15888 36691.50726 42230.03793 42639.20538 33574.38731 
37119.75809 41549.54928 53046.42181 55812.29076 67369.79097 75847.04542000001 70296.23887999999 75771.45147 68853.9314 49065.07683 65426.64489 60840.01877 59400.15646 57179.62747 67790.45331 34474.9736 29250.69032 22774.04398 13637.36859 26038.41956 13207.46039 28396.99196 23473.08815 10599.60241 16882.3154 0 12231.10369 23942.2356 30338.25555 18313.53385 32349.99637 42255.78548 45521.818 50465.44421 72957.63829999999 53980.36811 64042.248589999996 56297.7111 55402.75389 52176.89044 18280.65236 20059.88551 29446.03471 42231.65981 61246.4387 68581.86297 85717.31805999999 87328.20629999999 78965.76296 81461.96342 86971.50469999999 79373.31929 79467.43611 84779.32367 82391.68497 62463.18588 48700.35279 57654.44087 56746.74245 38551.41561 
45667.05309 49195.19214 64263.34939 66376.97771 78542.58446000001 86832.1132 82183.11712 87884.67947999999 80983.74033 61218.20593 77579.5218 73071.12246 71496.3391 69255.94468 80013.01245 46425.89288 41481.79401 35005.14767 23439.91558 25190.18545 16857.75661 29327.63995 29217.49686 22812.10872 29113.41909 12231.10369 0 11711.13191 24078.29294 17150.76159 34532.25349 41450.15369000001 38238.02513 44143.24472 69106.04442 52236.25426 62834.85323000001 57902.08431 57784.05225 53064.79166 24968.68249 32282.444649999998 40655.95437000001 54462.7635 71087.41464999999 77158.51751 95552.17019 96998.14965 86491.40116 88413.62863 93630.80428 85512.26566 84777.41101 90630.54803 88308.51029 67914.81363 54151.980540000004 65673.61305 64037.04508 40949.74376 
49044.80709 54992.82605 70880.31981999999 73709.40589 85510.23024 94684.58251 90196.33572999999 96577.16163 90986.96879 71107.72651 87648.37023 83782.53765 82827.43935 80459.34674 90911.12943 56608.98548 53192.92592 45790.88857 35149.66448 33500.972949999996 18476.32967 37807.03839 40539.56894 34523.24063 36756.03767 23942.2356 11711.13191 0 12367.16103 18857.90082 35986.29283 36476.21373 26526.89322 35981.652180000005 62301.17207 42021.46204 56283.42359 56615.70104 55740.72709 51273.18846 32353.21559 41088.211500000005 45416.58339 63037.36997 77638.99167999999 83140.65739000001 101986.51228 103088.29275 90440.42417 90693.602 96329.4957 87812.26417 86187.49482 92472.10737 90253.06011 69094.66937 56438.57851 69022.85587 67941.2672 42165.61118 
45598.51224 51270.42648 70008.34469 71476.51202 81825.00323999999 92528.92009999999 89532.03836 96436.29393 92223.3816 72616.22205 89059.91449 85706.84686 86949.08582000001 84571.50184000001 94164.33859 57842.07919 58750.03449 52312.921870000006 43904.94309 45868.13398 29704.06116 49220.596300000005 50220.630300000004 38496.87608 38345.40952 30338.25555 24078.29294 12367.16103 0 15951.46136 33332.95326 32526.516219999998 34914.63127 23614.49115 50285.60681 30519.06583 44458.90285 46501.778080000004 45610.39765 40891.13706 32315.66412 42760.85155 43532.10125 63416.74796 74048.09204 79283.59426 97829.00546 99003.87416 84074.06632 83152.58525 88498.975 81090.31848 77441.80207 84002.21266 81771.51922 60673.43765 51244.77927 63415.80288 61779.23491 39750.44353 
30378.09185 37826.215729999996 56564.13394 56083.46965 68210.29199999999 77329.16648 73580.577 80484.83257 76277.19834 56698.98617 73124.24412 69940.09538 71783.12061000001 69307.93679 78525.73629 41990.23011 46267.96907 38757.96877 31950.902439999998 41647.73109 25004.91932 43208.614499999996 40773.53434 24409.67532 23184.94752 18313.53385 17150.76159 18857.90082 15951.46136 0 17381.4919 26070.683999999997 36006.12152 32780.83012 54833.62982 35736.22724 45728.714739999996 40776.73682 40658.01537 35938.75478 16404.34806 27640.69798 27580.63989 47467.77849 59362.46297 65449.30057 83557.83953 84581.88183999999 71729.24226 72290.44568 77912.7885 69513.193 68312.55418 74388.55272 72049.20035 51319.21913 38028.79759 50453.31934 50150.40882 23798.98217 
14578.5157 21943.7494 40681.667610000004 42807.75163 52308.67528 63385.32453 61830.79492 68660.88157 67484.10243 49105.9525 64478.57325 62661.79282 67897.87544 65422.69162 72891.22589999999 36174.67413 50164.65402 42694.78121 40188.93637 55565.077659999995 41140.4845 55422.89563 49970.66735 31632.49354 21989.13898 32349.99637 34532.25349 35986.29283 33332.95326 17381.4919 0 20514.21538 31947.277690000003 36926.13444 50228.744589999995 37180.32539 35413.43025 26710.09164 26051.71594 23357.49261 23889.28124 25600.20241 17914.69784 38683.7101 44284.21148 48853.94896 67956.0879 68517.93266 54986.972550000006 54941.13531 60531.2966 52182.3406 51227.30543 57150.1913 54795.9812 33937.72723 20679.48722 33338.570980000004 33798.46491 20519.17245 
32799.20737 40311.63555 59046.35673 61241.47556 69724.46341 81157.80253 80756.90426 87661.15982999999 87286.43628 69548.02966 84653.57216 83083.06263 88397.05905000001 85921.87523 93197.44608 56650.46085 67963.78823 60510.168490000004 55330.317240000004 65379.71973 48736.90796 66905.31205000001 64389.94363 46472.87707 40818.09522 42255.78548 41450.15369000001 36476.21373 32526.51622 26070.683999999997 20514.21538 0 17617.8773 17064.805080000002 30701.85282 25157.81462 28528.51682 22622.879520000002 21727.92231 26447.1829 34102.59819 45167.88767 38428.91322 59053.72206 60804.34296 63957.30552 82361.31382000001 82388.57839000001 65256.84381 62547.65106999999 67070.25632 58128.23857 55970.693400000004 63036.750069999995 60732.24513 39234.33125 30762.58868 45899.2737 44360.09328 20924.16162 
46277.55843 53689.10983 72427.02804 74736.99293000001 83889.93336 95180.67499999999 93729.22323 100497.84246 98413.0017 79242.78524 95393.88448 92672.97899 95567.22632 93204.29971 101876.82036 65011.75812 69716.21942 62637.64413 58488.28964 58113.95597 42016.13283 62175.35860000001 62086.99829 48394.22973 46289.76071 45521.818 38238.02513 26526.89322 34914.63127 36006.12152 31947.277690000003 17617.8773 0 25552.996049999998 37739.69654 17459.98651 34536.94849 40091.37813 39345.79961 41385.00426 39672.51045 50908.86037 48428.75503 69308.1492 75755.27199000001 80036.35183 98401.11046 98755.49101 81890.66364 79914.30194 84663.97787 75721.96012 72489.24986 79631.7322 77244.01085 56768.31381 47804.16168 62245.20816 60793.84652 38034.31721 
49383.06073 56890.52154 75628.43975 77947.69183 86276.1028 97906.68851 97370.03787 104274.29344 103350.39163 84999.75934 100716.86963 98551.21247 102645.33654 100220.36721 108222.07772 71374.10441 78753.47425 71515.48541 64091.96417 69245.43487 52602.6231 72517.91503 72134.54189 57190.50543999999 53761.2719 50465.44421 44143.24472 35981.652180000005 23614.49115 32780.83012 36926.13444 17064.805080000002 25552.996049999998 0 27332.36943 8093.00954 27421.47775 36500.552990000004 35605.59578 31239.10134 46901.45119 58192.06423 53734.88676 74698.26463 77869.14804 80490.38573 99035.79638000001 99057.36238 80645.96273 77378.83165 81787.41172999999 72874.69506 68867.42855 75810.43692 73909.36091 54545.97874 47406.7525 62547.07953 61190.951949999995 37731.82807 
58772.40611 65153.06328 81623.97329 84090.19519999999 88067.38866 99806.22563 102871.89538 109427.61131 111879.73995 96071.41393 109698.67964 109257.23563 116401.9451 113942.40455 119856.68732999999 84772.26654 98520.09851 91010.09821 85883.01874 94235.4825 77655.37333 96747.33004 94899.12322 77000.35952 70896.61187 72957.63829999999 69106.04442 62301.17207 50285.60681 54833.62982 50228.744589999995 30701.85282 37739.69654 27332.36943 0 20279.71003 29173.81712 43962.19011 43067.2329 44578.31751000001 64317.73982 75611.81907 66362.86084 85464.50879 79869.22143 80316.15199 96539.57883 95787.43172 74484.23776999999 68559.42792 71510.1759 64880.94137 58316.60841 65383.34194 63445.56513 56256.880750000004 50885.04372 62670.69564 61420.8803 46889.05348 
51424.695550000004 54352.72075 73090.63896 75953.17017 82296.45356 94081.60452 94771.25995 101671.245 103640.60011 84087.29598 99098.7973 97631.2811 102856.56722 100381.38339999999 107827.10041 71653.5894 81318.46307 73808.46277 67506.11355 74243.9909 57743.98797 77061.39213 76035.7396 59475.87747 54814.66413 53980.36811 52236.25426 42021.46204 30519.06583 35736.22724 37180.32539 25157.81462 17459.98651 8093.00954 20279.71003 0 19328.46821 33626.87701 34521.83422 39237.51803 48026.2709 59093.84756 54539.295410000006 73577.17641 73976.14345999999 76911.76376 94254.96771 94401.24211 75572.70268999999 71021.30155 75235.79718 66393.66977 62203.447089999994 68919.34653 71307.06787999999 49136.803270000004 43838.02435 57890.95926 56956.62837 44018.68732 
44010.54673 48083.91884 65644.13125 66764.70632 71556.86376 83384.84449 86237.76428999999 92968.29088 96272.62599999999 80301.91358 93338.6696 93160.57475 100855.34944 98414.25164 103846.72065 69542.44517 85355.07788 77863.41506 74233.89173999999 85599.37083 68956.55906 87234.93177 83663.29918 64398.1452 57226.57049 64042.248589999996 62834.85323000001 56283.42359 44458.90285 45728.714739999996 35413.43025 28528.51682 34536.94849 27421.47775 29173.81712 19328.46821 0 15409.40264 16304.35985 21020.04366 51251.20951 60772.48165 51552.28411 69935.62357 63415.89236 64001.17232 80730.89213000001 79876.76907 60290.69036 54634.91348 57767.44175 49141.94571 44114.2566 50990.11605 52060.651060000004 33241.98841 33031.14851 46188.793639999996 45361.29956 32127.1941 
29305.94859 34063.86954 50234.72861 51685.16551 56151.41135 67975.44185 71105.76611 77647.79407 80863.22336 66278.32315 78725.23788 78984.50284 87608.88969 85363.37081 89803.55668 56909.13553 75968.22934 68484.00593 66899.02801000001 81525.2758 65593.31933 81844.08343 76671.02126 56641.19851 48417.85587 56297.7111 57902.08431 56615.70104 46501.778080000004 40776.73682 26710.09164 22622.879520000002 40091.37813 36500.552990000004 43962.190109999996 33626.87701 15409.40264 0 894.95721 5610.64102 42556.62543 50572.03687 39993.83583 55883.04891 48006.48972 48591.76968 65649.25585 64993.82795 46670.35689 42307.72516 45380.76071 38165.00511 39530.116649999996 44070.011589999995 43988.60947 18686.74817 17621.74587 30810.454729999998 32447.022699999998 21493.17015 
28410.99138 34766.58396 50321.13213 51854.52652 57046.36856 68297.3358 71284.65455 77881.24555 80712.78371 66724.89979 78747.22231 78922.52815 87416.27602 85485.24283999999 90066.75327 56632.69505 75332.43361000001 67974.04559 66240.65231 80754.83865 65618.36496 81121.85904 76021.44493 55746.241299999994 48040.85492 55402.75389 57784.05224999999 55740.72709 45610.39765 40658.01537 26051.71594 21727.92231 39345.79961 35605.59578 43067.2329 34521.834220000004 16304.35985 894.95721 0 4719.26059 43451.58264 50083.33908 39098.87862 56166.02891 48285.28054 48995.23264 66166.86022 65846.10417 45775.39968 41846.29318 46212.06565 37270.0479 38635.159439999996 43175.05438 43093.65226 19352.00618 17686.16193 31705.411939999998 33341.979909999995 20598.21294 
27943.21964 35021.56157 51492.76165 53178.46451 58821.20706 70566.60775 72769.08304 79506.80681 81748.23824 66302.57152 79497.89318 79601.34126 87077.73179 84646.0453 90087.84492 57901.62728 73498.71617 66052.27382 63546.428980000004 77044.25847 60899.10437 77742.05116999999 73031.5579 52995.68814 45292.165649999995 52176.89044 53064.79166 51273.18846 40891.13706 35938.75478 23357.49261 26447.1829 41385.00426 31239.10134 44578.31750999999 39237.51803 21020.04366 5610.64102 4719.26059 0 39229.58648 48118.73471 39496.346470000004 55682.2274 50482.37071 51707.55047 69368.70795 68920.15028 49655.56508 46565.55377 50646.36876 41989.308489999996 43257.70278 44935.6635 47323.38485 23355.3392 19167.44103 33389.17996 31752.61199 20071.25646 
20698.3706 25050.39381 41549.881160000004 41408.29522 53573.90197 62432.387050000005 57846.43271 64369.51098 59921.07929 40526.33622 56758.94049 54082.17654 55936.64741 53909.112949999995 62304.00126 25612.8153 34355.09757 26845.09727 27375.67269 42149.54007 29075.77103 41129.86276 34365.04153 16316.492279999999 6859.82071 18280.65236 24968.68249 32353.21559 32315.66412 16404.34806 23889.28124 34102.59819 39672.51045 46901.45119 64317.73982 48026.2709 51251.20951 42556.62543 43451.58264 39229.58648 0 11294.07925 23950.25315 31921.57894 46118.73216 52220.52872 70589.2565 72196.60914 62283.49617 65716.6518 70581.86905 63030.48715 63455.15278 68508.85416 66121.46798 46749.60384 32986.77075 41012.54811 40470.687569999995 26714.566600000002 
24264.16404 27607.96342 37832.00447 36062.0277 48227.63445 56226.59823 51457.15205999999 56161.20192 50236.3618 30367.57276 46919.34661 43083.70783 44712.57636 43384.07360999999 51416.02219 15520.773979999998 29820.62414 22310.62384 26861.80373 41800.51341 32525.83783 40309.06728 29789.84129 15030.42841 18153.899960000002 20059.88551 32282.444649999998 41088.211500000005 42760.85155 27640.69798 25600.20241 45167.88767 50908.86037 58192.06423 75611.81907 59093.84756 60772.48165 50572.03687 50083.33908 48118.73471 11294.07925 0 12656.1739 22641.94556 45399.66013 52523.95105 66738.69596 68521.66856 62175.70635 65978.24779 71990.78089 65595.24477 66750.69036 71097.50651 68823.59035 51023.50032 38052.48092 42151.08803 42189.89884 29602.46017 
19136.09381 14951.78952 31409.245119999996 34271.77632999999 40629.652109999995 49801.36204 47698.6161 53772.30342 51151.61447 31270.8229 46981.98287 44826.66322 50176.41561 47701.23179 55056.0963 28176.947879999996 38029.48373 30519.48343 32873.6467 53025.94811 41530.271889999996 52518.93397 42446.01519 27686.602310000002 30810.07386 29446.03471 40655.95437000001 45416.58339 43532.10125 27580.63989 17914.69784 38428.91322 48428.75503 53734.88676 66362.86084 54539.295410000006 51552.28411 39993.83583 39098.87862 39496.346470000004 23950.25315 12656.1739 0 21015.68244 33268.22113 40603.6454 57735.39666 60150.251690000005 51213.632059999996 53755.544649999996 59764.35061 52939.070869999996 54116.92048 58575.68926 56234.80872 39159.14011 25396.30702 31170.29291 29533.72494 19559.70282 
27797.16335 25018.650739999997 19642.82775 16780.29654 28945.903290000002 34465.14467 35851.930830000005 33539.79166 30501.135690000003 10620.34412 27172.11797 24054.10469 31955.50572 29480.3219 34405.61752 14970.40528 35220.032380000004 31082.29647 42131.80394 63055.80031 54806.80445 57833.2885 46760.22795 36137.86496 26309.39696 42231.65981 54462.7635 63037.36997 63416.74796 47467.77849 38683.7101 59053.72206 69308.1492 74698.26463 85464.50879 73577.17641 69935.62357 55883.04891 56166.02891 55682.2274 31921.57894 22641.94556 21015.68244 0 25660.11581 32982.04056 47036.0243 49790.753169999996 49065.45588 55319.55721 61337.9739 56517.97622 60023.31359 62422.98269999999 60296.385689999996 49095.0366 38897.04133 34327.41106 35963.97903 39310.46351 
29711.52211 25628.24325 11687.718990000001 9337.63243 21503.23918 23687.2509 24696.877370000002 31601.132940000003 39068.62176 30669.70999 35488.456529999996 38558.44937 51693.49616 49696.86624 49093.50514 33562.31182 60171.27391 55798.44475 63172.023740000004 85135.02456 74376.4834 80860.56888 70736.12413 53199.66923 46951.02775 61246.4387 71087.41464999999 77638.99167999999 74048.09204 59362.46297 44284.21148 60804.34296 75755.27199000001 77869.14804 79869.22143 73976.14345999999 63415.89236 48006.48972 48285.28054 50482.37071 46118.73216 45399.66013 33268.22113 25660.11581 0 7335.42427 24470.87936 27311.504689999998 24002.87439 31383.07054 36606.26367 36073.25683 40361.14946 39381.64653 39900.5786 33040.67023 31314.92968 17916.21542 19468.31481 40547.32839 
37046.94638 32963.66752 18822.54103 16461.92335 15314.8911 22146.483869999996 27193.08902 32501.55492 41564.83341 37541.72293 41751.39037 44821.38321 57868.52967 56139.537630000006 55356.43898 40888.34271 67497.3048 63077.06771 69772.51361 91735.51443 80871.48655 87980.1009 77927.84105 60535.0935 53724.44442 68581.86297 77158.51751 83140.65739000001 79283.59426 65449.30057 48853.94896 63957.30552 80036.35183 80490.38573 80316.15199 76911.76376 64001.17232 48591.76968 48995.23264 51707.55047 52220.52872 52523.95105 40603.6454 32982.04056 7335.42427 0 21043.92137 19976.08042 17402.97912 26352.74969 31583.19086 28737.83256 34321.56156 34642.83904 35307.75521 31819.07964 33210.80553 21591.70336 19955.13539 44319.59498 
53427.24951 46993.68623 33513.56451 30798.6438 21090.70987 20016.62779 28611.30067 33044.908840000004 42628.74999 48104.424450000006 44492.88129 49805.8251 64252.05303 63203.90729 57894.07009 55683.35305 81399.19757 78113.60901 86152.22343 108115.22425 98847.36275999999 104030.29043 93542.50103 77168.25382 70006.09859 85717.31805999999 95552.17019 101986.51228 97829.00546 83557.83953 67956.0879 82361.31382000001 98401.11046 99035.79638000001 96539.57883 94254.96771 80730.89213 65649.25585 66166.86022 69368.70795 70589.2565 66738.69596 57735.39666 47036.0243 24470.87936 21043.92137 0 3431.06844 23612.10753 32096.54142 33692.0127 37589.509190000004 43788.89689 41274.08272 40153.42265 47544.10558 51632.56699 36489.54677 38055.97785 63362.19495 
54291.16644 48122.63103 35644.13389 33010.45663 21012.68259 22888.852639999997 31953.66052 33546.635 46059.81843 51535.49289 47305.41764 52989.068 67428.17789 66283.27391 61237.17782 58037.53173 83998.14157 80519.09151 88286.9136 110087.6841 100440.84954 106238.11174 95863.2531 79092.8552 70445.8909 87328.20629999999 96998.14965 103088.29275 99003.87416 84581.88183999999 68517.93266 82388.57839000001 98755.49101 99057.36238 95787.43172 94401.24211 79876.76907 64993.82795 65846.10417 68920.15028 72196.60914 68521.66856 60150.251690000005 49790.753169999996 27311.504689999998 19976.08042 3431.06844 0 22631.67495 31142.715770000003 34543.35235 36635.683540000005 43023.433560000005 38465.14662 37544.46989 46638.57206 51653.30307 36510.28285 38028.48511 63879.663720000004 
42192.99677 38778.00887 35138.2439 33328.97647 27731.36079 34333.68642 44015.225790000004 47996.76932 57586.53489 54668.49402 57610.94618 61662.175279999996 75271.50878999999 73460.80775 71808.63002 56244.33763 82747.23404000001 77625.31008 82846.50024 103560.79823999999 91353.26501999999 100898.53284 91682.05649999999 72565.0729 62736.6049 78965.76296 86491.40116 90440.42417 84074.06632 71729.24226 54986.972550000006 65256.84381 81890.66364 80645.96273 74484.23776999999 75572.70268999999 60290.69036 46670.35689 45775.39968 49655.56508 62283.49617 62175.70635 51213.632059999996 49065.45588 24002.87439 17402.97912 23612.10753 22631.67495 0 8949.77057 14968.18726 14442.73834 20915.742100000003 20347.74482 22735.46617 32013.50808 34846.85861 21648.40157 22662.20766 48703.22511 
45283.95722 41882.91637 41635.0405 40508.20765 35088.23596 43270.720180000004 52482.036349999995 56808.92656000001 66219.20168 61886.69768 65972.43243 69725.86542 82906.16207 81079.93678 79969.39914 63756.35332 87964.94416 82367.84965 86620.5369 106636.65114 93553.10389 104537.82823 95750.60861 75750.53985 66550.15025 81461.96342 88413.62863 90693.602 83152.58525 72290.44568 54941.13531 62547.65106999999 79914.30194 77378.83165 68559.42792 71021.30155 54634.91348 42307.72516 41846.29318 46565.55377 65716.6518 65978.24779 53755.544649999996 55319.55721 31383.07054 26352.74969 32096.54142 31142.715770000003 8949.77057 0 6018.41669 5492.96777 11965.97153 11397.97425 13785.6956 31687.761590000002 34261.64809 24739.36202 26375.92999 48527.99082 
49883.49845 47901.333060000004 47653.45719 45760.73163 39122.48315 46529.63136 56455.15506 60327.19723 70399.33801 67139.22166000001 70406.34511 74432.82649 87896.25824 86135.45432 84578.04533000001 69774.77001000001 93850.9811 88322.40147 92577.86855 112655.06782999999 99386.77498 110422.26954 101769.0253 81768.6301 71974.79325 86971.50469999999 93630.80428 96329.4957 88498.975 77912.7885 60531.2966 67070.25632 84663.97787 81787.41172999999 71510.1759 75235.79718 57767.44175 45380.76071 46212.06565 50646.36876 70581.86905 71990.78089 59764.35061 61337.9739 36606.26367 31583.19086 33692.0127 34543.35235 14968.18726 6018.41669 0 8942.01775 13775.32162 7582.07002 8472.03359 27961.62225 39960.019490000006 30757.77871 32347.363680000002 54163.88452 
