29
eeb6 3d62 d005 14e32 6d2 1476 a719 51d8 c933 4434 14ac9 f8f1 6d20 132ea 139bc 8bd1 2583 d36e 10d67 14760 664e 221a 69b7 9cde 13d25 13653 10695 3327 369
0 1755.12422 2841.55595 2609.69472 3037.83773 2334.90855 4550.74772 4453.62091 3645.94853 7925.966899999999 5279.15699 5434.10827 7924.99171 5210.459629999999 4486.92992 4820.74901 4441.30095 6186.19358 6217.46666 6048.19305 3595.91486 3475.03742 3044.88911 3207.7546 4333.14581 4580.22429 5061.65132 2537.5853 1326.09863 
1755.12422 0 1989.32236 2563.37692 3866.13209 3482.08097 4683.56193 4582.83707 5282.35578 9173.11818 6907.45163 7150.17986 9679.91695 6894.35854 6159.2589 6575.30581 6173.48597 7807.31159 7942.11539 7614.1104700000005 5045.693069999999 4879.01733 4213.59088 3997.41497 4632.8213 4718.02457 5783.58373 2629.24374 1369.46655 
2841.55595 1989.32236 0 1838.67276 2954.83034 3058.12674 2819.9986 2866.12888 5330.68834 8472.97132 6814.5558 7336.53956 10124.09931 6999.96512 6240.00788 7169.07306 6984.16748 8915.958630000001 8739.17169 8551.8504 6437.47081 6305.03139 5821.24534 5796.71597 6584.86464 6627.88524 7638.39093 4581.60062 3222.91535 
2609.69472 2563.37692 1838.67276 0 1313.69916 1357.8175099999999 2517.73719 2526.1497 3508.12067 6778.24807 5094.292460000001 5516.98376 8364.38092 5170.64095 4413.32446 5465.1405 5387.34493 7445.26401 7094.64014 6988.46359 5379.450019999999 5212.77428 5155.182769999999 5265.710370000001 6365.30805 6243.0061399999995 7125.920190000001 4493.51568 3124.42178 
3037.83773 3866.13209 2954.83034 1313.69916 0 877.15161 2172.36219 1977.06273 2863.76399 5525.13288 4075.11636 4798.66606 7692.33349 4450.86664 3690.9094 5093.62766 5219.13834 7388.2696 6783.98585 6812.27091 5808.72849 5649.00309 5631.11931 6090.93126 7320.32322 7138.30983 7861.06395 5568.74174 4271.13783 
2334.90855 3482.08097 3058.12674 1357.8175099999999 877.15161 0 2980.65422 2854.21434 2319.33925 5691.88531 3952.54771 4324.18342 7175.23722 3967.00752 3230.98656 4407.81534 4448.79717 6592.00942 6085.280699999999 6053.37344 4938.529259999999 4771.85352 4753.9677 5227.76337 6532.19171 6303.37746 6983.91234 4857.5649 3637.40821 
4550.74772 4683.56193 2819.9986 2517.73719 2172.36219 2980.65422 0 225.20432 4979.43548 6606.23493 5973.33357 6821.10897 9714.73616 6413.69604 5742.48634 7249.69472 7391.34334 9557.20134 8943.0839 8984.53346 7803.41042 7649.94097 7476.39339 7758.5023200000005 8841.33382 8746.68791 9599.7452 6917.63016 5510.10178 
4453.62091 4582.83707 2866.12888 2526.1497 1977.06273 2854.21434 225.20432 0 4766.35303 6399.91172 5748.95444 6599.85153 9493.47438 6191.86078 5523.39098 7042.1138 7196.201070000001 9365.25717 8735.96867 8785.02563 7654.44891 7500.68573 7349.10992 7650.11541 8761.81633 8653.58971 9489.36757 6849.49482 5506.58856 
3645.94853 5282.35578 5330.68834 3508.12067 2863.76399 2319.33925 4979.43548 4766.35303 0 4394.46994 1633.20846 2025.6070399999999 4860.74668 1671.5533 911.64731 2308.84905 2653.7963 4844.69639 4205.54595 4139.5774 4282.53809 4115.86235 4557.27138 5348.32843 6828.50396 6425.05474 6742.57307 5682.46966 4882.02162 
7925.966899999999 9173.11818 8472.97132 6778.24807 5525.13288 5691.88531 6606.23493 6399.91172 4394.46994 0 3109.56717 3908.69762 5471.90179 3700.57849 3938.05155 5413.58545 6194.37649 7842.40466 6453.28586 7009.8896 8483.15617 8331.0593 8898.10277 9726.52665 11208.52447 10793.61709 10999.814040000001 10038.79244 9154.69067 
5279.15699 6907.45163 6814.5558 5094.292460000001 4075.11636 3952.54771 5973.33357 5748.95444 1633.20846 3109.56717 0 1062.54118 3791.02199 691.35703 878.57925 2389.39798 3117.34979 4972.2351 3749.91065 4162.86528 5384.45697 5245.2144100000005 5857.918100000001 6716.44297 8201.606240000001 7751.69771 7903.60851 7231.71745 6502.456 
5434.10827 7150.17986 7336.53956 5516.98376 4798.66606 4324.18342 6821.10897 6599.85153 2025.6070399999999 3908.69762 1062.54118 0 2914.75344 418.17954 1113.95973 1970.00235 2336.76429 4178.92179 2700.0494 3155.77979 4900.71389 4734.0440100000005 5425.20703 6338.73112 7804.68356 7312.65264 7368.50399 7081.97171 6547.32968 
7924.99171 9679.91695 10124.09931 8364.38092 7692.33349 7175.23722 9714.73616 9493.47438 4860.74668 5471.90179 3791.02199 2914.75344 0 3331.92616 4001.77005 3166.11582 3694.51149 3642.33576 2311.3792 3017.61091 6111.35596 6040.06475 6955.49312 7886.80968 9200.76301 8637.8889 8262.66413 9037.50357 8843.83443 
5210.459629999999 6894.35854 6999.96512 5170.64095 4450.86664 3967.00752 6413.69604 6191.86078 1671.5533 3700.57849 691.35703 418.17954 3331.92616 0 759.95724 1726.78491 2493.85086 4357.97698 3062.30647 3472.79792 4904.1142199999995 4737.43848 5567.25252 6314.07311 7791.58806 7364.602 7393.16184 7023.0693200000005 6356.85114 
4486.92992 6159.2589 6240.00788 4413.32446 3690.9094 3230.98656 5742.48634 5523.39098 911.64731 3938.05155 878.57925 1113.95973 4001.77005 759.95724 0 2486.74215 2435.66538 4468.16719 3423.32168 3703.99246 4559.976909999999 4393.30117 4981.72904 5921.803980000001 7325.90606 6881.22389 7061.82796 6363.79569 5675.83543 
4820.74901 6575.30581 7169.07306 5465.1405 5093.62766 4407.81534 7249.69472 7042.1138 2308.84905 5413.58545 2389.39798 1970.00235 3166.1158200000004 1726.78491 2486.74215 0 836.90536 2631.19207 2428.99549 1870.61434 3414.26237 3297.29581 4114.16317 5054.23811 6476.82808 5956.16331 5868.64506 6011.76709 5730.76949 
4441.30095 6173.48597 6984.16748 5387.34493 5219.13834 4448.79717 7391.34334 7196.201070000001 2653.7963 6194.37649 3117.34979 2336.76429 3694.51149 2493.85086 2435.66538 836.90536 0 2190.90009 1776.16571 1606.8921 2595.39564 2486.03025 3349.95823 4278.0113 5679.44884 5148.11698 5031.7397 5342.99208 5291.66937 
6186.19358 7807.31159 8915.958630000001 7445.26401 7388.2696 6592.00942 9557.20134 9365.25717 4844.69639 7842.40466 4972.2351 4178.92179 3642.33576 4357.97698 4468.16719 2631.19207 2190.90009 0 1478.87239 1613.6778100000001 3119.45501 3128.23368 4046.2523 4867.54121 5946.41746 5366.19789 4861.63458 6332.23009 6634.52778 
6217.46666 7942.11539 8739.17169 7094.64014 6783.98585 6085.280699999999 8943.0839 8735.96867 4205.54595 6453.28586 3749.91065 2700.0494 2311.3792 3062.30647 3423.32168 2428.99549 1776.16571 1478.87239 0 721.7318 3862.3863 3809.33152 4744.68463 5659.630520000001 6932.79559 6352.49035 5951.2854800000005 6925.18426 6933.65563 
6048.19305 7614.1104700000005 8551.8504 6988.46359 6812.27091 6053.37344 8984.53346 8785.02563 4139.5774 7009.8896 4162.86528 3155.77979 3017.61091 3472.79792 3703.99246 1870.61434 1606.8921 1613.6778100000001 721.7318 0 3260.92383 3226.67945 4168.0871 5058.57769 6272.64743 5698.76316 5252.45598 6400.56609 6524.18143 
3595.91486 5045.693069999999 6437.470809999999 5379.450019999999 5808.72849 4938.529259999999 7803.41042 7654.44891 4282.53809 8483.15617 5384.45697 4900.71389 6111.35596 4904.1142199999995 4559.976909999999 3414.26237 2595.39564 3119.45501 3862.3863 3260.92383 0 166.67574 926.79729 1798.57189 3191.09346 2621.2541 2519.31737 3214.13704 3769.7789700000003 
3475.03742 4879.01733 6305.03139 5212.77428 5649.00309 4771.85352 7649.94097 7500.68573 4115.86235 8331.0593 5245.2144100000005 4734.0440100000005 6040.06475 4737.43848 4393.30117 3297.29581 2486.03025 3128.23368 3809.33152 3226.67945 166.67574 0 941.41766 1850.299 3197.25332 2662.09206 2679.91963 3206.51418 3603.10323 
3044.88911 4213.59088 5821.24534 5155.182769999999 5631.11931 4753.9677 7476.39339 7349.10992 4557.27138 8898.10277 5857.918100000001 5425.20703 6955.49312 5567.25252 4981.72904 4114.16317 3349.95823 4046.2523 4744.68463 4168.0871 926.79729 941.41766 0 940.07494 2379.61736 1901.58486 2257.90107 2295.23747 2873.1859 
3207.7546 3997.41497 5796.71597 5265.710370000001 6090.93126 5227.76337 7758.5023200000005 7650.11541 5348.32843 9726.52665 6716.44297 6338.73112 7886.80968 6314.07311 5921.803980000001 5054.23811 4278.0113 4867.54121 5659.630520000001 5058.57769 1798.57189 1850.299 940.07494 0 1485.16327 2065.46851 1860.20982 1636.81205 2629.71627 
4333.14581 4632.8213 6584.86464 6365.30805 7320.32322 6532.19171 8841.33382 8761.81633 6828.50396 11208.52447 8201.606240000001 7804.68356 9200.76301 7791.58806 7325.90606 6476.82808 5679.44884 5946.41746 6932.79559 6272.64743 3191.09346 3197.25332 2379.61736 1485.16327 0 580.30524 1611.6524100000001 2003.57756 3386.76716 
4580.22429 4718.02457 6627.88524 6243.0061399999995 7138.30983 6303.37746 8746.68791 8653.58971 6425.05474 10793.61709 7751.69771 7312.65264 8637.8889 7364.602 6881.22389 5956.16331 5148.11698 5366.19789 6352.49035 5698.76316 2621.2541 2662.09206 1901.58486 2065.46851 580.30524 0 1152.22235 2111.68264 3405.35719 
5061.65132 5783.58373 7638.39093 7125.920190000001 7861.06395 6983.91234 9599.7452 9489.36757 6742.57307 10999.814040000001 7903.60851 7368.50399 8262.66413 7393.16184 7061.82796 5868.64506 5031.7397 4861.63458 5951.2854800000005 5252.45598 2519.31737 2679.91963 2257.90107 1860.20982 1611.6524100000001 1152.22235 0 3224.72256 4437.0679 
2537.5853 2629.24374 4581.60062 4493.51568 5568.74174 4857.5649 6917.63016 6849.49482 5682.46966 10038.79244 7231.71745 7081.97171 9037.50357 7023.0693200000005 6363.79569 6011.76709 5342.99208 6332.23009 6925.18426 6400.56609 3214.13704 3206.51418 2295.23747 1636.81205 2003.57756 2111.68264 3224.72256 0 1407.52838 
1326.09863 1369.46655 3222.91535 3124.42178 4271.13783 3637.40821 5510.10178 5506.58856 4882.02162 9154.69067 6502.456 6547.32968 8843.83443 6356.85114 5675.83543 5730.76949 5291.66937 6634.52778 6933.65563 6524.18143 3769.7789700000003 3603.10323 2873.1859 2629.71627 3386.76716 3405.35719 4437.0679 1407.52838 0 
