18
4f89 1f55 4d20 1a83 1348 181a 6068 3506 3034 51f2 28f9 2b62 9a4 4ab7 4113 73b 329d 484e
0 395.95532000000003 484.7526 544.22454 607.66124 591.85148 598.8256 431.4033 725.38077 687.94093 525.00834 603.65857 558.4877 533.8463 482.47198 237.51479 256.35379 223.02641 
395.95532000000003 0 299.14007 362.39538999999996 429.37341 318.67508 236.00033 217.06684 402.58407 379.07466 375.34692 581.25004 638.06106 731.46901 720.20104 626.6362799999999 634.09106 617.62172 
484.7526 299.14007 0 63.25532 130.23334 130.77859 251.84927 514.93343 701.72414 678.2147299999999 671.53595 869.70594 904.95066 960.24446 929.81594 637.84609 737.9495 669.39534 
544.22454 362.39538999999996 63.25532 0 66.98381 194.03391 266.92469 570.65713 710.24422 691.65634 728.35178 929.1066 967.08786 1023.49581 993.0712599999999 687.53956 795.72908 732.65066 
607.66124 429.37341 130.23334 66.98381 0 132.37449 298.13439 637.64094 746.06474 739.30212 790.0249 992.91076 1033.24887 1090.4778000000001 1059.80981 741.7085 857.28742 780.42078 
591.85148 318.67508 130.77859 194.03391 132.37449 0 166.05153 530.70355 617.83055 613.45302 694.0219999999999 899.84435 954.54689 1032.36441 1010.4394299999999 761.75808 847.94536 789.0011400000001 
598.8256 236.00033 251.84927 266.92469 298.13439 166.05153 0 416.39673 455.72504 499.70507999999995 569.55653 784.99554 861.17567 965.9601 956.16661 803.46629 855.17939 814.82509 
431.4033 217.06684 514.93343 570.65713 637.64094 530.70355 416.39673 0 298.42423 258.55046 201.58177 370.17957 450.71497999999997 579.14811 588.22005 667.35037 610.1945 637.98746 
725.38077 402.58407 701.72414 710.24422 746.06474 617.83055 455.72504 298.42423 0 43.98004 324.87999 497.0648 634.93277 807.34834 836.70889 962.65989 906.78413 935.99153 
687.94093 379.07466 678.2147299999999 691.65634 739.30212 613.45302 499.70507999999995 258.55046 43.98004 0 281.18029 457.49093 590.95273 764.01915 792.86236 924.83306 865.03881 896.53734 
525.00834 375.34692 671.53595 728.35178 790.0249 694.0219999999999 569.55653 201.58177 324.87999 281.18029 0 216.17028 343.70315 483.5272 512.37125 726.37535 623.87371 682.40327 
603.65857 581.25004 869.70594 929.1066 992.91076 899.84435 784.99554 370.17957 497.0648 457.49093 216.17028 0 154.28815 352.32313 409.2436 788.20515 637.31949 727.67009 
558.4877 638.06106 904.95066 967.08786 1033.24887 954.54689 861.17567 450.71497999999997 634.93277 590.95273 343.70315 154.28815 0 198.84528 279.67172 714.95533 533.25657 638.90744 
533.8463 731.46901 960.24446 1023.49581 1090.4778000000001 1032.36441 965.9601 579.14811 807.34834 764.01915 483.5272 352.32313 198.84528 0 80.82644 617.07684 418.70258 546.12386 
482.47198 720.20104 929.81594 993.0712599999999 1059.80981 1010.4394299999999 956.16661 588.22005 836.70889 792.86236 512.37125 409.2436 279.67172 80.82644 0 544.7276 414.98625 468.24144 
237.51479 626.6362799999999 637.84609 687.53956 741.7085 761.75808 803.46629 667.35037 962.65989 924.83306 726.37535 788.20515 714.95533 617.07684 544.7276 0 204.68588 332.10716 
256.35379 634.09106 737.9495 795.72908 857.28742 847.94536 855.17939 610.1945 906.78413 865.03881 623.87371 637.31949 533.25657 418.70258 414.98625 204.68588 0 127.42128 
223.02641 617.62172 669.39534 732.65066 780.42078 789.0011400000001 814.82509 637.98746 935.99153 896.53734 682.40327 727.67009 638.90744 546.12386 468.24144 332.10716 127.42128 0 
