32
node83 node88 node76 node68 node73 node87 node57 node64 node58 node63 node20 node3 node84 node67 node34 node78 node51 node56 node96 node72 node74 node46 node90 node50 node94 node7 node55 node6 node97 node13 node93 node0
0 515.77609 1797.86935 4771.99516 5219.828710000001 1414.08064 2220.81038 5542.36266 5935.23396 6865.18115 9586.51953 11266.995780000001 8015.20802 5096.587570000001 6258.23302 12138.84989 11408.65523 9963.95027 9865.87615 9373.63381 6341.18241 7745.96553 9386.4916 5757.93873 3374.84281 3730.53616 6101.704830000001 5440.665870000001 4132.20395 1708.78978 3745.62833 3579.36158 
515.77609 0 1282.09326 5171.75147 4704.05262 1836.68512 1705.03429 5319.67623 5708.8303399999995 6868.38012 9342.67714 11050.04105 7499.431930000001 4580.81148 6302.00332 12345.7718 11882.92412 10479.726359999999 10052.32512 9739.46647 6856.958500000001 8215.30943 9874.2383 6202.30533 3890.6189 4246.31225 6524.45251 5668.57015 4514.192779999999 2164.0793400000002 3886.30443 3792.2265 
1797.86935 1282.09326 0 3912.50638 3630.7403600000002 554.59186 1040.16377 4614.06876 4801.40533 5934.92259 8484.343209999999 10338.24585 6814.57874 4362.32496 6361.67972 12558.04706 12011.28742 10424.86176 10236.16466 10442.75186 7872.0265 9260.85934 10925.79593 6954.31954 4601.18214 5528.4055100000005 7791.95998 6947.38243 5796.28604 3444.77157 4807.89509 4810.45445 
4771.9951599999995 5171.75147 3912.50638 0 467.69885 3357.91452 4093.50344 5830.61965 5544.5633 6870.36775 8753.557780000001 10942.21176 8107.16168 7218.53749 8374.339170000001 14980.42166 14661.2468 12932.120359999999 12650.00989 13505.26447 11002.17351 12314.19901 14037.49632 10001.62506 7686.98546 8403.42585 10698.64626 9628.10943 8711.46124 6299.29362 7329.53138 7626.815909999999 
5219.828710000001 4704.05262 3630.7403600000002 467.69885 0 3807.00042 3857.0493 6197.24383 5780.83108 7107.82832 8998.94821 11328.52387 8358.40426 6750.83864 8682.87611 15356.41641 15007.2017 13298.632569999998 13016.522099999998 13961.633129999998 11450.07297 12778.37286 14504.05304 10460.49999 8149.81808 8871.1247 11152.058949999999 10057.66347 9172.08924 6595.52308 7513.8559399999995 7304.71612 
1414.08064 1836.68512 554.59186 3357.91452 3807.00042 0 1594.75563 5168.660620000001 5335.1762 6445.94376 9018.11408 10849.72842 7285.67792 4670.85196 6526.87982 12785.23632 12189.79482 10979.45362 10479.51573 10459.58075 7689.85112 9061.34805 10767.67391 6925.31017 4533.4217 5144.6168 7397.0889 6854.746510000001 5409.80144 2941.3791 4253.30323 4268.90139 
2220.81038 1705.03429 1040.16377 4093.50344 3857.0493 1594.75563 0 3830.77121 4062.08187 5163.34583 7743.16724 9586.76341 6149.944219999999 3520.53433 5436.18888 12127.134890000001 11383.06025 10103.578389999999 10141.84181 10109.45793 7846.581469999999 8993.08884 10853.019 6608.32479 5246.17317 5210.73219 7998.27171 7273.96086 6031.79372 3807.50197 5346.02294 5445.79352 
5542.36266 5319.67623 4614.06876 5830.61965 6197.24383 5168.660620000001 3830.77121 0 840.68946 2167.6867 4090.67165 5955.56748 2672.13223 1737.63085 3171.5402099999997 9550.75512 9386.027909999999 7631.78753 7266.9944 9425.51045 8771.77609 9582.78965 11437.80629 7002.3072 5626.28024 6932.858969999999 10105.79379 10099.18001 8002.79386 7116.09395 9152.9325 9092.16842 
5935.23396 5708.8303399999995 4801.40533 5544.5633 5780.83108 5335.1762 4062.08187 840.68946 0 1326.99724 3682.93788 5589.81523 3512.8216899999998 2578.32031 3772.7712600000004 10215.75303 10103.59628 8420.25024 8071.053030000001 10183.14022 9585.256239999999 10423.47911 12278.49575 7842.996660000001 6327.78925 7657.844220000001 10814.20099 10701.15797 8732.69044 7567.24055 9329.8412 9460.5703 
6865.18115 6868.38012 5934.92259 6870.36775 7107.82832 6445.94376 5163.34583 2167.6867 1326.99724 0 2809.00161 5141.9159899999995 4839.81893 3692.65218 3278.6792100000002 9213.08446 9290.40616 7926.15819 7576.96098 9758.08539 9649.66105 10325.15091 12159.05043 7664.85826 6953.12658 8364.53493 11260.67687 11329.29736 9174.49998 8412.94124 10397.29197 10435.84343 
9586.51953 9342.67714 8484.343209999999 8753.557780000001 8998.94821 9018.11408 7743.16724 4090.67165 3682.93788 2809.00161 0 2332.91438 3020.30306 5501.77319 5464.4080300000005 10080.26334 10427.75464 9053.34662 8652.25598 11738.532510000001 12267.42619 12809.646270000001 14597.7418 10205.42133 9416.32765 10816.069609999999 14002.89094 14137.24004 11964.9207 11178.63232 13012.77908 13134.90364 
11266.995780000001 11050.04105 10338.24585 10942.21176 11328.52387 10849.72842 9586.76341 5955.56748 5589.81523 5141.9159899999995 2332.91438 0 3834.32241 6752.94286 6278.42738 8889.0973 9466.5102 8017.02704 8499.9114 11506.6517 12844.001839999999 13112.477 14787.766 10703.96949 10584.68015 11819.34681 14951.55723 15351.61463 13033.79372 12697.4991 14686.431030000002 14817.35197 
8015.208020000001 7499.431930000001 6814.57874 8107.16168 8358.40426 7285.67792 6149.944219999999 2672.13223 3512.82169 4839.81893 3020.30306 3834.32241 0 2918.62045 2444.10497 7893.9861 8054.09028 6299.8499 5784.61514 8917.87226 9302.85541 9798.75241 11584.01023 7236.29342 6833.17491 8017.26489 11212.23313 11587.1832 9234.544030000001 9092.84894 10852.10862 11043.46135 
5096.587570000001 4580.81148 4362.32496 7218.53749 6750.83864 4670.85196 3520.53433 1737.63085 2578.32031 3692.65218 5501.77319 6752.94286 2918.62045 0 1999.3547600000002 8606.60056 8256.36306 6583.04406 7098.27882 7925.30885 7034.14524 8165.06509 9705.15527 5956.12423 3914.55446 5314.29642 8509.26466 8668.56275 6554.79979 6174.22849 7959.46127 8163.00279 
6258.23302 6302.00332 6361.67972 8374.339170000001 8682.87611 6526.87982 5436.18888 3171.5402099999997 3772.7712600000004 3278.6792100000002 5464.40803 6278.42738 2444.10497 1999.3547600000002 0 6720.74084 6438.301350000001 4684.06097 5199.295730000001 6539.42317 6932.220799999999 7373.17115 9209.39855 4792.18845 4506.07584 5917.48419 8983.54151 9515.18363 7137.41088 7697.61493 9405.17675 9660.42793 
12138.84989 12345.7718 12558.04706 14980.42166 15356.41641 12785.23632 12127.134890000001 9550.75512 10215.75303 9213.08446 10080.26334 8889.0973 7893.9861 8606.60056 6720.74084 0 1191.67635 2859.8931000000002 2344.65834 5007.84438 8829.46188 8035.17297 8873.6244 7322.80488 9100.23897 9853.6211 11780.53814 13219.9568 10969.61794 12606.45815 14534.44354 14870.70108 
11408.65523 11882.92412 12011.28742 14661.2468 15007.2017 12189.79482 11383.06025 9386.027909999999 10103.59628 9290.40616 10427.75464 9466.5102 8054.09028 8256.36306 6438.301350000001 1191.67635 0 1754.24038 2269.47514 3825.24123 7774.356239999999 7113.11061 7681.94805 6348.81572 8267.21482 8893.9147 10693.86894 12185.44559 10003.616230000001 11789.86661 13663.75032 13978.63512 
9963.95027 10479.726359999999 10424.86176 12932.120359999999 13298.632569999998 10979.45362 10103.57839 7631.78753 8420.25024 7926.15819 9053.34662 8017.02704 6299.8499 6583.04406 4684.06097 2859.8931000000002 1754.24038 0 515.23476 4902.66936 7292.99748 6598.64751 7781.07964 6072.3192500000005 6996.77789 8238.186599999999 10026.20341 11329.17413 9007.23886 10519.429680000001 12455.38213 12757.80951 
9865.87615 10052.32512 10236.16466 12650.00989 13016.522099999998 10479.51573 10141.84181 7266.9944 8071.053030000001 7576.96098 8652.25598 8499.9114 5784.61514 7098.27882 5199.295730000001 2344.65834 2269.47514 515.23476 0 4387.4346 7378.30107 6925.53864 8177.58359 5557.08449 7512.012650000001 7897.57887 10269.68475 11481.854790000001 9112.47491 10481.75836 12455.44245 12791.699990000001 
9373.63381 9739.46647 10442.75186 13505.26447 13961.633129999998 10459.58075 10109.45793 9425.51045 10183.14022 9758.08539 11738.532510000001 11506.6517 8917.87226 7925.30885 6539.42317 5007.84438 3825.24123 4902.66936 4387.4346 0 4230.71096 4086.08594 3896.05563 3615.69508 6007.583549999999 6593.0949 7180.28318 8824.45174 7135.338390000001 9271.68607 10868.91727 11205.17481 
6341.18241 6856.958500000001 7872.0265 11002.17351 11450.07297 7689.85112 7846.581469999999 8771.77609 9585.256239999999 9649.66105 12267.42619 12844.001839999999 9302.85541 7034.14524 6932.220799999999 8829.46188 7774.356239999999 7292.99748 7378.30107 4230.71096 0 1491.96186 3351.89202 2140.03235 3457.61105 3444.33664 2964.38544 4597.32283 2904.62743 5757.8426899999995 6936.60377 7272.77326 
7745.96553 8215.30943 9260.85934 12314.19901 12778.37286 9061.34805 8993.08884 9582.78965 10423.47911 10325.15091 12809.646270000001 13112.477 9798.75241 8165.06509 7373.17115 8035.17297 7113.11061 6598.64751 6925.53864 4086.08594 1491.96186 0 1859.93016 2685.56705 4679.33291 4035.22916 4112.73158 5994.0389399999995 4396.58929 7203.146769999999 8416.69017 8752.94771 
9386.4916 9874.2383 10925.79593 14037.49632 14504.05304 10767.67391 10853.019 11437.80629 12278.49575 12159.05043 14597.7418 14787.766 11584.01023 9705.15527 9209.39855 8873.6244 7681.94805 7781.07964 8177.58359 3896.05563 3351.89202 1859.93016 0 4541.95123 6539.263070000001 5659.77437 5972.66174 6739.00532 5728.52819 8581.74345 9603.22395 9939.48149 
5757.93873 6202.30533 6954.31954 10001.62506 10460.49999 6925.31017 6608.32479 7002.3072 7842.996660000001 7664.85826 10205.42133 10703.96949 7236.29342 5956.12423 4792.18845 7322.80488 6348.81572 6072.3192500000005 5557.08449 3615.69508 2140.03235 2685.56705 4541.95123 0 2391.88847 3038.12272 4712.60026 5924.7703 3655.86623 5655.99099 7398.76065 7735.01819 
3374.84281 3890.6189 4601.18214 7686.98546 8149.81808 4533.4217 5246.17317 5626.28024 6327.78925 6953.12658 9416.32765 10584.68015 6833.17491 3914.55446 4506.07584 9100.23897 8267.21482 6996.77789 7512.012650000001 6007.583549999999 3457.61105 4679.33291 6539.26307 2391.88847 0 1411.40835 4602.54206 5019.465990000001 2640.24533 3522.65179 5559.49034 5895.74788 
3730.53616 4246.31225 5528.4055100000005 8403.42585 8871.1247 5144.6168 5210.73219 6932.858969999999 7657.844220000001 8364.53493 10816.069609999999 11819.34681 8017.26489 5314.29642 5917.48419 9853.6211 8893.9147 8238.186599999999 7897.57887 6593.0949 3444.33664 4035.22916 5659.77437 3038.12272 1411.40835 0 3194.96824 3714.91652 1292.82895 3185.75836 5222.59691 5163.38339 
6101.70483 6524.45251 7791.95998 10698.64626 11152.058949999999 7397.0889 7998.27171 10105.79379 10814.20099 11260.67687 14002.89094 14951.55723 11212.23313 8509.26466 8983.54151 11780.53814 10693.86894 10026.20341 10269.68475 7180.28318 2964.38544 4112.73158 5972.66174 4712.60026 4602.54206 3194.96824 0 1924.35273 3706.70448 4614.1105 5057.38292 5364.10691 
5440.665870000001 5668.57015 6947.38243 9628.10943 10057.66347 6854.746510000001 7273.96086 10099.18001 10701.15797 11329.29736 14137.24004 15351.61463 11587.1832 8668.56275 9515.18363 13219.9568 12185.44559 11329.17413 11481.854790000001 8824.45174 4597.32283 5994.0389399999995 6739.00532 5924.7703 5019.465990000001 3714.91652 1924.35273 0 2422.08757 4764.10721 3353.91443 3627.22688 
4132.20395 4514.192779999999 5796.286039999999 8711.46124 9172.08924 5409.80144 6031.79372 8002.79386 8732.690439999998 9174.49998 11964.9207 13033.79372 9234.544030000001 6554.79979 7137.41088 10969.61794 10003.616230000001 9007.23886 9112.47491 7135.338390000001 2904.62743 4396.58929 5728.52819 3655.86623 2640.24533 1292.82895 3706.70448 2422.08757 0 2853.21526 4039.13252 4375.39006 
1708.78978 2164.0793400000002 3444.77157 6299.29362 6595.52308 2941.3791 3807.50197 7116.09395 7567.24055 8412.94124 11178.63232 12697.4991 9092.84894 6174.22849 7697.61493 12606.45815 11789.86661 10519.429680000001 10481.75836 9271.68607 5757.8426899999995 7203.146769999999 8581.74345 5655.99099 3522.65179 3185.75836 4614.1105 4764.10721 2853.21526 0 2036.83855 2373.09609 
3745.62833 3886.30443 4807.89509 7329.53138 7513.8559399999995 4253.30323 5346.02294 9152.9325 9329.8412 10397.29197 13012.77908 14686.431030000002 10852.10862 7959.46127 9405.17675 14534.44354 13663.75032 12455.38213 12455.44245 10868.91727 6936.60377 8416.69017 9603.22395 7398.76065 5559.49034 5222.59691 5057.38292 3353.91443 4039.13252 2036.83855 0 336.25754 
3579.36158 3792.2265 4810.45445 7626.81591 7304.71612 4268.90139 5445.79352 9092.16842 9460.5703 10435.84343 13134.90364 14817.35197 11043.46135 8163.00279 9660.42793 14870.701079999999 13978.63512 12757.80951 12791.699990000001 11205.17481 7272.77326 8752.94771 9939.48149 7735.01819 5895.74788 5163.38339 5364.10691 3627.22688 4375.39006 2373.09609 336.25754 0 
