69
node162 node157 node183 node196 node18 node136 node99 node104 node59 node194 node93 node180 node133 node119 node114 node166 node70 node116 node155 node177 node163 node197 node121 node128 node125 node152 node159 node158 node147 node145 node198 node168 node188 node46 node103 node50 node172 node170 node111 node169 node193 node182 node109 node100 node187 node101 node132 node32 node173 node167 node52 node115 node149 node175 node110 node120 node72 node61 node1 node139 node113 node154 node107 node76 node24 node174 node134 node130 node0
0 3082.70963 7246.72647 7050.520629999999 5645.44557 7534.25273 12193.923350000001 14004.37392 17951.19947 21817.92625 27039.061990000002 27054.59718 26117.00242 19986.60579 19501.94339 18727.17885 16965.80255 22394.21011 24336.1967 25250.776769999997 27375.58419 25901.36436 29326.2389 30589.764290000003 31352.69086 31819.59655 33147.46493 29736.09033 22848.55097 20683.473879999998 17471.09629 16743.46717 15304.18576 16265.04407 18187.502510000002 22528.41378 23425.42388 26353.9444 23278.99562 26810.83743 29230.27201 26083.86004 26952.86747 24780.527339999997 20652.1447 17526.239410000002 15169.79115 11917.356609999999 13288.68262 14064.34576 10318.1134 11976.93775 15549.37151 17658.64513 19948.42224 22467.46442 19091.61732 20828.0701 21649.3831 18473.24464 18476.93817 15034.627849999999 11723.90581 12108.589899999999 10560.83503 8685.16473 4676.93531 5570.47984 1805.60277 
3082.70963 0 6546.91049 9450.68495 7276.96559 9678.593079999999 13621.33705 16398.62903 20189.75442 24003.06104 28974.30682 29025.32203 28404.462349999998 22192.54519 21294.59159 21076.37504 19138.15932 25170.72502 27162.70608 28036.8523 30281.27242 28828.116 32184.85791 33472.61454 34355.35633 34897.68205 36229.39221 32818.7416 25823.567170000002 23698.91298 20524.87347 19807.60832 18361.193740000002 19262.61344 20852.53079 25252.59607 26483.220800000003 29423.022090000002 26361.705250000003 29839.75884 32256.93779 29086.52551 29854.58525 27597.660789999998 23643.85471 20510.89074 17905.62927 14925.40234 16348.8638 17147.05539 12794.7357 15057.41359 17988.39906 20028.88829 22314.84025 24939.396589999997 21548.282460000002 23247.25927 23791.17198 20685.94348 20486.5944 17176.41673 14806.615440000001 15116.63563 11870.570479999998 8571.574779999999 6782.99081 7783.17868 4888.3124 
7246.72647 6546.91049 0 2903.77446 1601.2809 3528.90594 8653.78168 11593.51194 14793.36663 18442.46123 23010.36489 23119.12724 22968.11091 16689.56448 15844.31761 16197.81781 13703.17149 21115.21778 23268.45249 24195.77968 26754.56546 25381.290399999998 28292.62378 30059.47247 31384.149869999997 32907.0476 34303.65299 31211.795589999998 24330.40454 22512.74386 20048.5759 19235.914080000002 17991.864700000002 19106.01866 21431.46867 26847.44406 25932.49047 28391.50047 23799.92639 27296.252330000003 29646.797290000002 26115.31905 26785.14334 24257.17174 20784.22957 17843.53455 14575.94627 12813.5943 16149.11474 17947.00834 15664.554680000001 16664.35975 20695.391330000002 22846.120990000003 25008.80743 27176.6069 24040.50559 25792.99912 26716.10664 24141.274859999998 24058.84829 20461.373529999997 14487.57903 13270.523580000001 8828.48356 6189.47604 8609.81505 11581.845430000001 8148.69232 
7050.520629999999 9450.68495 2903.77446 0 2993.98469 5395.61218 10168.5458 13108.27606 16736.96317 20425.58474 25276.686990000002 25351.80862 24895.09768 18623.77269 17756.301030000002 17748.19851 15698.71618 22423.12727 24275.09995 25209.243449999998 27603.591569999997 26171.59869 29324.82033 30830.72487 31903.34754 32992.97766 34352.39994 31104.06373 24128.19299 22142.91542 19342.50826 18550.07505 17189.19247 18223.46191 20244.91469 25302.81279 25476.27375 28002.09045 24092.95467 27625.768320000003 30020.5939 26653.06822 27387.81439 25093.03204 21228.350019999998 18141.41443 15347.153409999999 12747.94901 15235.63461 16581.06125 13457.26332 14875.56195 19010.85444 20797.60104 23066.31751 25415.98152 22170.4252 23922.91873 24661.76383 21819.39145 22014.24904 18181.84704 13585.43144 12849.36608 9205.68068 5906.68498 6287.93164 9001.75202 5244.91786 
5645.44557 7276.96559 1601.2809 2993.98469 0 2401.62749 7421.24993 10360.98019 13806.54519 17511.78219 22282.7023 22357.82393 22006.88435 15729.914789999999 14903.80978 15014.86598 12707.5818 19761.3551 21896.42918 22813.85466 25416.032529999997 23939.78775 26929.33053 28585.39788 29934.09431 31342.21059 32735.06109 29629.995179999998 22788.81674 20913.14621 18447.295 17634.63318 16390.5838 17504.73776 19870.18873 25338.32528 24331.20957 26791.90282 22257.5723 25760.318 28121.49637 24665.26349 25301.38098 22737.90736 19375.21762 16242.25365 13235.024759999998 11219.74674 14582.11028 16449.82583 14282.35915 15291.44861 19314.70373 21463.06873 23665.49841 25763.65813 22676.71008 24422.82052 25330.48863 22760.36847 22864.59597 19043.44553 12920.57457 11734.62685 7227.20266 4588.19514 7435.44497 10806.11512 7404.33371 
7534.25273 9678.593079999999 3528.90594 5395.61218 2401.62749 0 5124.87574 8064.606 11404.917699999998 15119.472099999999 19913.54546 19979.17648 19605.25686 13328.2873 13991.93866 12692.93444 10305.95431 17649.58759 19749.502950000002 20688.52785 23225.65952 21928.281880000002 24800.19014 26532.62014 27882.57693 29698.5893 31114.020669999998 28112.35863 21898.1958 19672.26377 17717.83532 17362.3185 15941.8255 16721.86374 19255.55098 25052.41637 23483.49652 25500.70087 20528.19629 23987.810060000003 26316.795920000004 22781.867580000002 23375.17783 20728.2658 17453.94781 14526.83013 11451.49232 9926.01755 13906.91157 16225.850989999999 14874.186539999999 15477.8147 19591.01116 21716.27084 23876.247789999998 25887.77489 22863.07617 24615.5697 25554.59975 23366.224329999997 23425.44775 19527.54999 12306.27227 11188.21044 9628.83015 6989.82263 9837.07246 12172.44507 9339.8555 
12193.923350000001 13621.33705 8653.78168 10168.5458 7421.24993 5124.87574 0 2939.73026 6568.41737 10441.37604 15712.25489 15699.48947 14784.37682 10468.12876 10227.45495 7596.02686 6303.32658 12524.71185 14716.32145 15655.52015 18251.78836 16971.41402 19704.046150000002 21657.19855 23026.372750000002 25286.95506 26722.671479999997 23944.27792 17497.08855 16396.5878 14790.66706 14188.577229999999 13181.08354 14353.78166 17181.43279 23411.1892 20065.7197 21782.95077 16114.47389 19422.96134 21648.63301 17963.88848 18558.49324 15817.77526 12898.64903 11190.96463 7978.475259999999 7067.26837 12012.85662 14952.753709999999 15422.94942 15509.502779999999 19349.8284 21383.38622 23220.91256 24558.45161 22096.33546 23716.19477 24941.94515 23528.647080000002 23638.47911 19695.10071 10708.77087 8185.3034800000005 6398.08129 5861.42855 10895.53972 14387.53369 12740.99051 
14004.37392 16398.62903 11593.51194 13108.27606 10360.98019 8064.606 2939.73026 0 4125.88595 7957.09196 13557.79154 13483.34627 12112.6285 8252.18662 7354.23302 4722.80493 3363.59632 9651.769400000001 11829.50329 12789.35181 15484.420119999999 14212.07655 16808.85797 18735.97934 20331.448089999998 22916.51349 24360.88368 21767.88757 15868.50122 15628.25093 13863.29858 13110.0364 12740.967550000001 13728.11689 16649.28235 22939.47633 18546.62548 19962.95089 13733.57128 16942.60047 19151.97968 15455.290430000001 16059.13773 13626.20863 10551.99272 8251.23437 8062.46968 7151.26279 11867.14522 15041.09317 17484.53231 15999.727859999999 19857.60763 21699.40478 23407.952960000002 24400.49363 22326.72679 23781.88659 25101.32002 24027.308449999997 24308.80621 20423.86713 10908.302310000001 8054.753650000001 5550.72206 8235.5627 13304.15704 16211.57312 15112.70514 
17951.19947 20189.75442 14793.36663 16736.96317 13806.545189999997 11404.917699999998 6568.41737 4125.88595 0 3872.95867 9431.90559 9357.46032 9492.735050000001 7904.216019999999 7006.262419999999 4374.83433 1098.96339 8200.82801 10392.437609999999 11357.02826 14004.97814 13200.74338 15380.54158 17352.12188 19140.35256 22788.7005 24202.00992 22057.3193 16827.47627 16325.26075 16569.04404 15741.78485 15550.59215 16730.68607 19591.07645 25881.834860000003 20220.92441 21001.18611 14698.83468 16962.843539999998 18550.33568 14761.55249 15151.34097 12232.27126 11042.304619999999 9756.0648 8218.007309999999 10676.830430000002 15189.33101 18445.44925 20971.44027 19853.41927 23467.39944 25196.39914 26741.26046 27553.115850000002 25866.22979 27017.72148 28420.9053 27650.4741 27915.21242 24150.92742 14578.201560000001 11724.652900000001 9674.18883 12361.44865 17379.82101 20337.459069999997 19238.59109 
21817.92625 24003.06104 18442.46123 20425.58474 17511.78219 15119.472099999999 10441.37604 7957.09196 3872.95867 0 5805.0595 6072.091850000001 6477.57232 9552.40164 8756.50999 8140.77266 4864.90172 7841.42387 10033.033469999998 10997.62412 13718.46558 13108.177629999998 13117.24358 15789.76192 18135.35043 22458.28212 23835.01053 22295.83578 18007.14528 18002.44087 18762.92041 18211.764949999997 18339.91012 19169.59504 22021.8489 28088.7965 21725.11463 21958.39649 14553.022140000001 16708.05366 18074.92733 14457.21003 14585.04901 11872.867119999999 12042.04148 12487.47753 10810.286409999999 13938.19858 18317.2056 21473.74318 24100.31966 23156.76181 26619.14874 28214.06594 29617.045739999998 30008.07955 28466.49429 29788.43747 31221.58936 30825.50556 31083.07434 27420.75789 17728.32262 14888.49132 13478.13697 16192.65466 21063.83631 24139.0198 23064.68587 
27039.061990000002 28974.30682 23010.36489 25276.686990000002 22282.7023 19913.54546 15712.25489 13557.79154 9431.90559 5805.0595 0 450.56772 4594.23855 7478.37828 8325.78082 10072.46458 10357.858059999999 12147.22438 13065.21097 13630.512429999999 15862.95031 15812.53381 15007.96914 17888.233239999998 20437.98397 25670.422619999998 26902.12588 25973.333400000003 23031.38861 23108.1312 24318.21677 23792.356379999997 23920.50155 24797.61761 27530.7954 33547.10907 26636.29965 26336.54692 18938.40326 20295.12275 21249.16465 18038.00188 17948.81527 15546.856370000001 16942.59431 17391.390919999998 15881.62919 19592.95216 23970.41352 27227.01532 29781.44011 28879.38399 32381.687339999997 33951.01975 35284.32226 35544.40355 34155.63141 35427.44743 36884.019440000004 36563.98248 36845.61294 33225.2108 23472.29033 20691.74032 19106.09442 21550.5655 26519.97753 29761.13122 28408.27667 
27054.59718 29025.32203 23119.12724 25351.80862 22357.82393 19979.17648 15699.48947 13483.34627 9357.46032 6072.091850000001 450.56772 0 4143.67083 7928.946 8266.21903 9903.53568 10206.69572 11790.02422 12992.888920000001 13179.94471 15412.38259 15406.77052 14577.83291 17458.097009999998 19987.53571 25219.8549 26470.11181 25559.70178 22667.81479 22816.846940000003 23992.76738 23555.6743 23683.819470000002 24624.345839999998 27265.14616 33232.68638 26332.87059 25958.72136 18567.5791 19844.55503 20798.59693 17768.994310000002 17498.24755 15096.28865 16610.81058 16940.8232 15684.6641 19526.57802 23934.108379999998 27014.506009999997 29641.98822 28708.55691 32186.82638 33731.44192 35043.76833 35289.66643 33909.46577 35170.3408 36625.75205 36390.71071 36645.71791 33030.6358 23294.04365 20526.04161 19031.649149999997 21547.02754 26487.55334 29691.14731 28368.10343 
26117.00242 28404.462349999998 22968.11091 24895.09768 22006.88435 19605.25686 14784.37682 12112.6285 9492.73505 6477.57232 4594.23855 4143.67083 0 6281.64747 7179.60107 7762.60312 9604.161110000001 9426.22913 9034.29554 9663.38002 12110.44674 11293.92554 10534.26535 13414.52945 15895.32024 21076.18407 22339.21336 21416.03095 18545.40929 19099.11335 20686.30131 20269.26173 20826.649540000002 21395.44099 23953.10897 29717.78373 22459.54028 21940.43809 14600.51035 15720.2697 16654.9261 13656.14933 13513.69449 11008.59991 12891.91525 13676.12831 13115.53947 16917.33163 20932.46413 24133.03071 27311.828800000003 26113.66917 29323.67668 30786.00594 31879.90637 31881.57333 30764.63312 31953.731330000002 33407.22688 33453.59304 33752.36675 30308.30217 20691.8924 18078.68118 17562.55645 20348.1912 25072.646409999998 28045.85568 27215.64846 
19986.60579 22192.54519 16689.56448 18623.77269 15729.914789999999 13328.2873 10468.12876 8252.18662 7904.21602 9552.40164 7478.37828 7928.946 6281.64747 0 897.9536 3529.38169 6805.25263 7902.7626900000005 9715.76969 10607.64263 13375.46202 12642.38635 14755.64824 16385.57856 18504.84697 22593.78477 23959.4904 22123.60569 17401.987670000002 17148.04627 17623.95999 16997.35101 16946.612 17908.2014 20829.366860000002 26953.35867 20982.4785 21432.80083 14181.27556 16558.27434 18276.9012 14601.32342 14742.69569 11839.72983 11864.003550000001 10716.897359999999 9039.70624 12198.720860000001 16760.40817 20027.53864 22323.52984 21668.2195 25113.30094 26776.33293 28249.502089999998 28780.03976 27098.95064 28469.94958 29881.97296 29313.546179999998 29576.110869999997 25871.75735 16284.70597 13460.913750000002 11679.39288 14978.388579999999 19184.01594 22362.40125 21187.18813 
19501.94339 21294.59159 15844.31761 17756.301030000002 14903.80978 13991.93866 10227.45495 7354.23302 7006.26242 8756.50999 8325.78082 8266.21903 7179.60107 897.9536 0 2631.42809 5907.29903 7940.76285 10132.372449999999 10858.77935 13626.598740000001 13032.4403 15006.78496 16860.45775 19151.811840000002 22632.61913 24045.92855 22085.23728 17141.75334 16779.64127 17075.3206 16442.33575 16626.998 17562.68379 20197.85177 26416.35165 20643.77787 21240.14704 14106.88371 16744.56181 18365.95042 14605.47112 14889.97781 11972.2061 11250.871369999999 10330.492559999999 8447.87413 11300.76726 16392.8171 19334.03444 21679.38353 20873.27004 24404.93032 26084.98433 27593.2897 28191.64183 26443.354 28012.14729 29248.42257 28583.89229 28846.86344 25120.63719 15386.75237 12562.96015 10800.32305 14099.31875 18294.23925 21464.44765 20533.46876 
18727.17885 21076.37504 16197.81781 17748.19851 15014.86598 12692.93444 7596.02686 4722.80493 4374.83433 8140.77266 10072.46458 9903.53568 7762.60312 3529.38169 2631.42809 0 3275.87094 5792.5225900000005 7963.92212 8929.87156 11661.50849 10648.16938 12622.81973 14854.01493 16767.54092 20299.68486 21666.62651 19648.83264 14510.32525 14165.21508 14598.60112 14030.50585 13995.56991 14931.2557 17775.3365 23943.68702 18012.34978 18691.32747 11516.76137 14364.163150000002 16064.75169 12272.53685 12688.53329 9700.92287 8619.44328 7699.064469999999 5816.44604 10102.77995 14262.47171 17275.66546 20045.756989999998 18913.66972 22318.60832 23918.84163 25378.66076 25806.43681 24231.647279999997 25527.54936 26959.0878 26546.93829 26781.06769 23153.82388 13404.92426 10815.189910000001 9799.95333 12958.36763 17369.9207 20361.352140000003 19835.51007 
16965.80255 19138.15932 13703.17149 15698.71618 12707.5818 10305.95431 6303.32658 3363.59632 1098.96339 4864.90172 10357.858059999999 10206.69572 9604.161110000001 6805.25263 5907.29903 3275.87094 0 9068.39353 11179.4015 12131.71785 14892.73845 13924.04032 15816.39372 18110.41169 20043.41186 23429.63555 24854.56287 22640.10815 17173.75261 16534.71716 16540.24708 15712.98789 15382.10244 16439.44646 19354.50802 25654.20285 20455.84015 21405.28979 14527.86226 17426.91265 19299.30417 15548.407790000001 15915.6778 12976.79381 11493.53367 9950.01501 8609.65936 10151.733479999999 14882.14751 18114.53827 19872.47688 19255.15704 23049.54682 24845.62425 26453.73243 27259.91132 25303.18098 26769.17925 28135.31438 27238.76457 27479.95256 23693.46089 14027.45329 11279.86593 8914.31838 11599.159020000001 16280.85762 19531.15063 18199.78415 
22394.21011 25170.72502 21115.21778 22423.12727 19761.3551 17649.58759 12524.71185 9651.769400000001 8200.82801 7841.42387 12147.22438 11790.02422 9426.22913 7902.7626900000005 7940.76285 5792.5225900000005 9068.393530000001 0 2191.6096 3156.20025 5877.04171 5266.75376 7179.71357 9151.29387 11240.04074 14725.70874 16139.01816 14545.53444 10950.26938 11164.04599 13106.95184 12665.18112 13305.49325 13850.09859 16271.58643 21856.56565 14690.80385 14298.86578 6829.63818 8875.88421 10498.81458 6698.56073 6950.51296 4031.44325 4968.74384 8101.70781 9084.80477 13306.48676 14030.15953 17000.62483 20981.86615 19439.53624 22202.34442 23372.21125 24311.44114 24103.328410000002 23227.20735 24269.16327 25778.26353 26230.87069 26502.54859 23314.37653 14897.84253 12044.29387 13939.99854 17180.42314 20453.23469 22956.058210000003 23071.03743 
24336.1967 27162.70608 23268.45249 24275.09995 21896.42918 19749.502950000002 14716.32145 11829.50329 10392.437609999999 10033.033469999998 13065.21097 12992.888920000001 9034.29554 9715.76969 10132.372449999999 7963.92212 11179.4015 2191.6096 0 965.94944 3733.76883 5244.69548 5052.45414 6967.62784 9539.99454 13218.57302 14360.48971 12966.48606 10211.80377 11193.088290000002 13539.97625 13347.22633 14151.39469 14569.20521 16749.29503 21991.361679999998 14148.54877 13557.38611 6127.76809 7247.71792 8797.31505 6218.22484 5349.21741 5187.78448 5352.08998 7643.80445 9460.510260000001 13036.61801 15161.92074 17971.46988 22280.99998 20571.29745 23034.94081 24055.79544 24816.04842 24326.77983 23768.36659 24749.917390000002 26204.93017 26916.79737 27246.41325 24264.36969 15535.38058 13613.78753 15342.58206 18641.57776 22258.13522 24515.04328 24926.11067 
25250.776769999997 28036.8523 24195.77968 25209.243449999998 22813.85466 20688.52785 15655.52015 12789.35181 11357.02826 10997.62412 13630.512429999999 13179.94471 9663.38002 10607.64263 10858.77935 8929.87156 12131.71785 3156.20025 965.94944 0 2767.81939 4278.74604 4148.00561 6001.6784 8574.0451 12252.62358 13596.63845 12386.506809999999 10136.60379 11762.21488 14505.92569 14313.17577 14599.28025 14950.41503 17015.06086 22224.766259999997 14093.34795 13044.41966 6252.580889999999 6665.61477 7831.36561 5252.2753999999995 4383.26797 5514.05655 6318.03942 8609.75389 10148.10643 13617.10396 16127.87018 18494.61577 22918.30715 21157.63955 23423.37476 24434.70995 25065.63669 24461.39194 24036.72356 24948.10937 26400.40341 27261.95522 27594.65802 24693.9369 16456.315749999998 14336.84932 16221.33195 19520.32765 23058.453550000002 25318.244599999998 25767.31105 
27375.58419 30281.27242 26754.56546 27603.591569999997 25416.032529999997 23225.65952 18251.78836 15484.420119999999 14004.97814 13718.46558 15862.95031 15412.38259 12110.44674 13375.46202 13626.598740000001 11661.50849 14892.73845 5877.04171 3733.76883 2767.81939 0 1510.92665 5420.80846 7966.18938 7630.29819 11108.27552 11172.58646 11680.32089 9871.42045 11454.05307 14615.11545 14615.06717 15604.72525 15758.08552 17453.27816 21959.58292 13830.56286 11969.51507 6215.92993 6072.6723 6881.381359999999 3081.12751 3740.0475500000002 2746.23716 7042.98575 10013.10152 12482.531369999999 15574.72684 16970.73169 19371.00816 24194.276420000002 22265.20816 24205.04752 24925.65897 25366.62487 24430.73123 24399.83859 25077.16816 26575.10519 27824.19298 28167.00417 25617.211750000002 17648.67099 16148.77499 18522.28799 21821.28369 25045.29949 27008.28309 27804.207990000003 
25901.36436 28828.116 25381.290399999998 26171.59869 23939.78775 21928.281880000002 16971.41402 14212.07655 13200.74338 13108.177629999998 15812.53381 15406.77052 11293.92554 12642.38635 13032.4403 10648.16938 13924.04032 5266.75376 5244.69548 4278.74604 1510.92665 0 3909.88181 6790.145909999999 6119.37154 10102.35401 11460.79311 10282.63769 8671.12822 10214.63727 13104.1888 13104.14052 14138.73706 14336.546119999999 16105.67586 20759.29069 12545.77034 11158.71817 4705.00328 4561.74565 6162.47764 2362.22379 2229.1209 1235.31051 5533.36682 8512.1472 10971.60472 14098.481240000001 15484.79482 17915.85596 22700.797079999997 20785.68614 22773.279599999998 23564.49501 24067.64926 23241.920570000002 23082.93019 23814.71341 25317.60827 26464.113859999998 26802.84796 24121.43514 16140.78312 14644.67385 17090.57078 20373.64253 23554.59947 25533.87908 26320.08226 
29326.2389 32184.85791 28292.62378 29324.82033 26929.33053 24800.19014 19704.046150000002 16808.85797 15380.54158 13117.24358 15007.96914 14577.83291 10534.26535 14755.64824 15006.78496 12622.81973 15816.39372 7179.71357 5052.45414 4148.00561 5420.80846 3909.88181 0 2880.2641 5452.6308 11048.39938 12200.833139999999 12765.87521 12248.62537 13941.06381 17003.61329 16992.43493 18048.61887 18227.9868 19943.08495 24336.787839999997 15894.75744 14032.28641 8423.27836 8471.62746 8051.415709999999 5613.66764 4744.66021 5145.19232 9443.24863 12214.47453 14296.11204 17678.38396 19361.07399 21825.73777 26578.33803 24690.69792 26669.40685 27421.93608 27845.42715 26875.73101 26885.055269999997 27549.8982 29058.99846 30328.316550000003 30661.62115 28023.50433 20022.72497 18350.148 20366.703520000003 23663.49708 27142.20767 29236.20641 29914.560169999997 
30589.76429 33472.61454 30059.47247 30830.72487 28585.39788 26532.62014 21657.19855 18735.97934 17352.12188 15789.76192 17888.233239999998 17458.09701 13414.52945 16385.57856 16860.45775 14854.01493 18110.41169 9151.29387 6967.62784 6001.6784 7966.18938 6790.145909999999 2880.2641 0 2572.3667 8389.94302 9430.93189 9995.97396 11438.42802 13363.66499 16823.40791 16876.46497 18087.41182 18115.91617 19420.45497 23193.595350000003 14641.83551 12612.77837 8166.713519999999 5705.76951 5281.51446 4885.06187 5754.0693 5886.96307 10245.23905 13063.52488 15823.01171 18708.42534 19645.736530000002 21787.58245 26818.13654 24780.97898 26342.53224 26899.306099999998 27068.93972 25834.417070000003 26177.25958 26672.82319 28142.68711 29762.42067 30111.75662 27777.23279 20450.41823 19162.99775 21749.98586 25048.98156 28141.906880000002 29932.04986 30909.748639999998 
31352.69086 34355.35633 31384.149869999997 31903.34754 29934.09431 27882.57693 23026.372750000002 20331.448089999998 19140.35256 18135.35043 20437.98397 19987.53571 15895.32024 18504.84697 19151.811840000002 16767.54092 20043.41186 11240.04074 9539.99454 8574.0451 7630.29819 6119.37154 5452.6308 2572.3667 0 5945.6312 7391.67386 7892.49024 11401.10652 13274.5993 16648.26817 16695.50363 18018.8742 17845.41958 18884.59156 21978.35515 13482.71501 12041.08899 8431.47249 7862.301659999999 7853.881160000001 5268.83082 6137.83825 7208.59749 11566.87347 13943.807669999998 16861.86318 19439.93013 19721.96034 21542.68509 26801.09569 24655.12843 26191.045860000002 26153.85372 26141.23605 24637.55059 25478.93299 25658.71548 27116.70091 29011.64852 29364.35972 27425.44453 20725.50496 19773.15713 22824.60451 26050.199950000002 28747.40371 30297.19267 31600.634339999997 
31819.59655 34897.68205 32907.0476 32992.97766 31342.21059 29698.5893 25286.95506 22916.51349 22788.7005 22458.28212 25670.422619999998 25219.8549 21076.18407 22593.78477 22632.61913 20299.68486 23429.63555 14725.70874 13218.57302 12252.62358 11108.27552 10102.35401 11048.39938 8389.94302 5945.6312 0 1446.04266 5098.20934 9172.72803 11460.94963 15109.76146 15581.89977 17032.64854 16610.16355 16519.63175 18107.43661 10323.69609 6879.06885 9243.60674 6055.81612 4421.25797 8027.14801 7873.23311 10900.25708 12413.01365 15507.27733 18568.01988 20543.76991 19004.09303 20070.05487 25495.12874 23154.31489 23409.83068 23247.22803 22982.13092 20764.16793 22268.85688 22106.93874 23431.40677 26017.115810000003 26304.73324 24989.26103 20356.71378 20212.77385 24118.09265 27254.38072 28865.69446 29739.29965 31737.027 
33147.46493 36229.39221 34303.65299 34352.39994 32735.06109 31114.020669999998 26722.671479999997 24360.88368 24202.00992 23835.01053 26902.12588 26470.11181 22339.21336 23959.4904 24045.92855 21666.62651 24854.56287 16139.01816 14360.48971 13596.63845 11172.58646 11460.79311 12200.833139999999 9430.93189 7391.67386 1446.04266 0 3652.1666800000003 10478.13501 12692.53472 16187.11848 16747.34617 18225.51275 17624.82501 17521.60965 18694.98374 11146.84138 7800.7654299999995 10677.52241 7501.8587800000005 5766.68012 9440.45743 9249.96152 12346.29974 13846.92932 16593.44227 19994.52076 21623.84642 20213.891389999997 21034.42429 26553.2421 24225.28082 24260.18651 24023.70969 23458.55962 21289.35872 22839.32022 22718.20386 24058.96286 26675.01328 27024.1083 25846.29461 21595.83473 21551.03602 25531.61394 28477.32247 30121.55743 30924.11142 32984.8994 
29736.09033 32818.7416 31211.795589999998 31104.06373 29629.995179999998 28112.35863 23944.27792 21767.88757 22057.3193 22295.83578 25973.333400000003 25559.70178 21416.03095 22123.60569 22085.23728 19648.83264 22640.10815 14545.53444 12966.48606 12386.506809999999 11680.32089 10282.63769 12765.87521 9995.97396 7892.49024 5098.20934 3652.1666800000003 0 7000.88796 9336.59943 12805.73292 13218.32158 14700.890229999999 14065.30601 13893.6985 15371.3009 7615.5197800000005 5334.422140000001 8132.07127 5720.89204 8140.32662 8599.19338 8075.36477 10554.26554 11248.36624 13714.02239 17182.659050000002 18494.416279999998 16706.19555 17437.74861 22958.3818 20779.56643 20701.65437 20533.37779 20292.15737 18413.8082 19385.00363 19906.46233 20684.44108 23247.73866 23563.63095 22273.48076 18129.3368 18283.90354 22516.31112 25318.64129 26675.77798 27395.276360000003 29533.34876 
22848.55097 25823.567170000002 24330.40454 24128.19299 22788.81674 21898.1958 17497.08855 15868.50122 16827.47627 18007.14528 23031.38861 22667.81479 18545.40929 17401.987670000002 17141.75334 14510.32525 17173.75261 10950.26938 10211.80377 10136.60379 9871.42045 8671.12822 12248.62537 11438.42802 11401.10652 9172.72803 10478.13501 7000.88796 0 2335.71147 5981.4528 6428.85054 7884.70954 7437.43552 8155.32785 12088.16247 4311.11037 4306.8764 4120.6312 5732.65851 8152.09309 6798.39171 7667.3991399999995 8099.59557 6090.05236 7617.26685 10998.083349999999 12081.957690000001 9831.365 11077.52958 16493.62644 14240.61436 15330.455750000001 15634.17898 15791.78808 14915.79623 14861.062870000002 15358.90194 16836.89153 18442.0273 18772.19112 16697.18853 11183.98575 11304.05936 15561.61408 18324.06931 19715.732389999997 20591.360650000002 22571.02132 
20683.473879999998 23698.91298 22512.74386 22142.91542 20913.14621 19672.26377 16396.5878 15628.25093 16325.26075 18002.44087 23108.1312 22816.846940000003 19099.11335 17148.04627 16779.64127 14165.21508 16534.71716 11164.04599 11193.088290000002 11762.21488 11454.05307 10214.63727 13941.06381 13363.66499 13274.5993 11460.94963 12692.53472 9336.59943 2335.71147 0 3648.81183 4120.95014 5572.94484 5360.40134 6333.81195 11159.71117 4823.7609999999995 5878.75661 6456.34267 7879.43008 10086.48897 9134.10318 9440.895629999999 9376.93922 6207.1981 9340.162069999998 10407.30164 9746.24622 7548.59405 8741.81811 14175.631130000002 11914.99252 12994.74428 13812.66308 13912.5718 13323.104889999999 12945.78552 13659.33043 15160.37871 16454.85529 16775.07361 14511.811979999999 8959.56807 9342.42403 14093.29988 16448.73731 17513.02218 18279.595950000003 20363.580029999997 
17471.09629 20524.87347 20048.5759 19342.50826 18447.295 17717.83532 14790.66706 13863.29858 16569.04404 18762.92041 24318.21677 23992.76738 20686.301310000003 17623.95999 17075.3206 14598.60112 16540.24708 13106.95184 13539.97625 14505.92569 14615.11545 13104.1888 17003.61329 16823.40791 16648.26817 15109.76146 16187.11848 12805.73292 5981.4528 3648.81183 0 827.25919 2166.91053 2066.71039 4987.87585 10517.46374 7357.39581 8976.70125 8656.69439 11424.70514 13662.653409999999 12571.139060000001 12765.787800000002 12153.587309999999 8740.448 9802.95732 9347.92661 7791.81777 4195.77434 5643.0754400000005 10579.46218 8788.14456 9674.78438 11388.4159 11362.47775 12638.59019 12011.33816 12385.42136 12790.17039 13407.43907 13762.06415 11267.903859999999 5857.31005 7000.23544 11751.11129 14134.91076 14258.04878 14781.30589 17067.13086 
16743.46717 19807.60832 19235.914080000002 18550.07505 17634.63318 17362.3185 14188.577229999999 13110.0364 15741.78485 18211.764949999997 23792.356379999997 23555.6743 20269.26173 16997.35101 16442.33575 14030.50585 15712.98789 12665.18112 13347.22633 14313.17577 14615.06717 13104.14052 16992.43493 16876.46497 16695.50363 15581.89977 16747.34617 13218.32158 6428.85054 4120.95014 827.25919 0 1482.56865 1239.4512 4160.61666 10443.767530000001 7495.15517 9635.106619999999 8881.17511 11693.62579 13957.08174 12014.08088 12883.08831 12077.10313 7995.13635 8975.69813 8520.66742 7436.30095 3517.48258 5377.90417 10133.82579 7960.88537 9714.57952 10761.56386 11787.058400000002 11811.331 11184.078969999999 11883.8455 13344.0299 13957.964890000001 13901.69733 11035.05622 5143.81261 6174.10806 10924.983909999999 13307.65157 13558.67151 14180.43297 16386.21098 
15304.18576 18361.193740000002 17991.864700000002 17189.19247 16390.5838 15941.8255 13181.08354 12740.967550000001 15550.59215 18339.91012 23920.50155 23683.819470000002 20826.649540000002 16946.612 16626.998 13995.56991 15382.10244 13305.49325 14151.39469 14599.28025 15604.72525 14138.73706 18048.61887 18087.41182 18018.8742 17032.64854 18225.51275 14700.890229999999 7884.70954 5572.94484 2166.91053 1482.56865 0 1180.09392 4040.4843 10331.24271 8866.78526 11113.26877 10016.090619999999 13176.19444 15439.650389999999 13203.71853 14072.72596 13073.03206 8845.57509 8916.34085 8301.93905 6117.91896 2034.91393 3895.33552 8783.52276 7200.60488 9273.04467 10548.310749999999 11458.583470000001 12191.39739 10393.88616 11531.97945 12963.51789 12925.37744 13280.00252 10165.90927 3696.44964 5151.01945 9888.0278 12031.08791 12097.18837 12706.65111 14918.14405 
16265.04407 19262.61344 19106.01866 18223.46191 17504.73776 16721.86374 14353.78166 13728.11689 16730.68607 19169.59504 24797.61761 24624.345839999998 21395.44099 17908.2014 17562.68379 14931.2557 16439.44646 13850.09859 14569.20521 14950.41503 15758.08552 14336.546119999999 18227.9868 18115.91617 17845.41958 16610.16355 17624.82501 14065.30601 7437.43552 5360.401339999999 2066.71039 1239.4512 1180.09392 0 2921.16546 9220.86029 8259.10073 10301.69289 9971.58666 12838.52609 15067.71298 13253.53208 14080.680070000002 13315.55265 9220.96002 7736.246929999999 9317.95115 7298.01288 3215.00785 4200.08054 9136.46728 7831.93173 9262.40574 9522.11266 10554.83779 12367.18657 9944.62777 10644.3943 12104.5787 12718.51369 12684.70011 10513.83224 4641.62774 6331.11337 11053.72858 13070.27378 12965.95823 13331.07781 15837.29077 
18187.50251 20852.53079 21431.46867 20244.91469 19870.18873 19255.55098 17181.43279 16649.28235 19591.07645 22021.848899999997 27530.7954 27265.14616 23953.10897 20829.366860000002 20197.85177 17775.3365 19354.50802 16271.58643 16749.29503 17015.06086 17453.27816 16105.67586 19943.08495 19420.45497 18884.59156 16519.63175 17521.60965 13893.6985 8155.32785 6333.81195 4987.875849999999 4160.61666 4040.4843 2921.16546 0 6299.69483 6403.02378 9818.93608 11594.87727 13874.12203 15885.09261 14657.44493 15526.45236 15225.45669 11466.81772 10327.35935 12239.116610000001 10125.91553 5348.63941 7121.246 9293.69903 6934.34388 9629.58079 7478.85113 8174.01376 10001.076140000001 7023.46231 8000.62236 9509.72262 10437.245330000002 10722.81726 8541.86068 6995.552530000001 9096.09636 13809.015800000001 15281.993590000002 14553.38605 14444.314460000001 17182.36926 
22528.41378 25252.59607 26847.44406 25302.81279 25338.32528 25052.41637 23411.1892 22939.47633 25881.834860000003 28088.7965 33547.10907 33232.68638 29717.78373 26953.35867 26416.35165 23943.68702 25654.20285 21856.56565 21991.361679999998 22224.766259999997 21959.582919999997 20759.29069 24336.787839999997 23193.595350000003 21978.35515 18107.43661 18694.98374 15371.3009 12088.16247 11159.71117 10517.46374 10443.767530000001 10331.24271 9220.86029 6299.69483 0 8551.75984 11406.7258 16115.34387 17707.71876 18960.98988 18886.55418 19700.94747 20187.75804 16887.82181 16379.90129 18490.70576 16365.875820000001 11648.33424 11425.43738 12526.58235 10565.70859 7788.05376 6640.49249 5279.908179999999 5447.06407 4819.37153 6334.373949999999 5590.99302 8453.45442 8808.0795 9381.17324 12862.47253 15325.852770000001 19811.50101 20923.89128 19184.75126 17898.67887 21448.03052 
23425.42388 26483.220800000003 25932.49047 25476.27375 24331.20957 23483.49652 20065.7197 18546.62548 20220.92441 21725.11463 26636.29965 26332.87059 22459.54028 20982.4785 20643.77787 18012.34978 20455.84015 14690.80385 14148.54877 14093.34795 13830.562859999998 12545.77034 15894.75744 14641.83551 13482.71501 10323.69609 11146.84138 7615.5197800000005 4311.11037 4823.7609999999995 7357.39581 7495.15517 8866.78526 8259.10073 6403.02378 8551.75984 0 3522.9356500000004 8040.32878 9208.06128 10444.18781 11070.93177 11465.53809 12075.41276 9722.06001 10507.74301 13663.39539 13557.47897 10458.480950000001 10630.63409 15696.72281 13337.36766 14091.85178 13021.79449 12810.84374 11192.58156 12777.66757 12311.126699999999 13652.55612 15786.939750000001 16141.564830000001 14944.884460000001 12120.016660000001 13023.66781 17424.41691 19772.48024 20233.15727 20454.07889 22961.0064 
26353.9444 29423.022090000002 28391.50047 28002.09045 26791.90282 25500.70087 21782.95077 19962.95089 21001.18611 21958.39649 26336.54692 25958.72136 21940.43809 21432.80083 21240.14704 18691.32747 21405.28979 14298.86578 13557.38611 13044.41966 11969.515070000001 11158.71817 14032.28641 12612.77837 12041.08899 6879.06885 7800.7654299999995 5334.422140000001 4306.8764 5878.75661 8976.70125 9635.106619999999 11113.26877 10301.69289 9818.93608 11406.7258 3522.9356500000004 0 7469.2276 6907.00886 7779.96284 8888.387560000001 9445.36745 11000.10959 10316.810590000001 11844.02508 15146.60302 15619.33955 13138.92417 13511.38333 19005.06596 16753.27996 16609.07024 16369.45048 16214.620230000002 14091.05473 15519.15363 15366.921939999998 16681.683259999998 19226.19855 19580.823630000003 18188.50059 14656.169409999999 15221.18064 19704.5191 22310.83839 23179.04173 23632.7707 26000.95862 
23278.99562 26361.705250000003 23799.92639 24092.95467 22257.5723 20528.19629 16114.47389 13733.57128 14698.83468 14553.022140000001 18938.40326 18567.5791 14600.51035 14181.27556 14106.88371 11516.76137 14527.86226 6829.63818 6127.76809 6252.580889999999 6215.92993 4705.00328 8423.27836 8166.713519999999 8431.47249 9243.60674 10677.52241 8132.07127 4120.6312 6456.34267 8656.69439 8881.17511 10016.090619999999 9971.58666 11594.87727 16115.34387 8040.32878 7469.2276 0 3675.65839 6095.09297 4978.10084 4109.09341 5395.4514 5211.54403 6751.57891 9353.7563 11562.3719 11559.28493 13645.13325 18719.3741 16659.5419 18315.21831 19000.42246 19453.236249999998 18600.7571 18616.55493 19169.75729 20671.67496 21950.32423 22264.33299 19728.43767 12514.82746 11660.48907 15069.26759 18187.62301 20588.11847 22075.63541 23427.72979 
26810.83743 29839.75884 27296.252330000003 27625.768320000003 25760.318 23987.810060000003 19422.96134 16942.60047 16962.843539999998 16708.05366 20295.12275 19844.55503 15720.2697 16558.27434 16744.56181 14364.16315 17426.91265 8875.88421 7247.71792 6665.61477 6072.6723 4561.74565 8471.62746 5705.76951 7862.301659999999 6055.81612 7501.8587800000005 5720.89204 5732.65851 7879.43008 11424.70514 11693.62579 13176.19444 12838.52609 13874.12203 17707.71876 9208.06128 6907.00886 3675.65839 0 2419.43458 6219.68843 5918.06943 4844.44096 6533.86225 9566.27855 12771.34025 14943.51422 14777.21269 16532.26626 21823.94309 19651.81376 20874.17436 21272.84746 21391.37604 20364.322070000002 20519.84557 20977.29782 22443.12838 24174.685810000003 24504.84963 22373.05706 15874.31079 15137.39978 18675.974130000002 21719.08334 24054.350580000002 25432.30343 26913.043690000002 
29230.27201 32256.93779 29646.797290000002 30020.5939 28121.49637 26316.795920000004 21648.63301 19151.97968 18550.33568 18074.92733 21249.16465 20798.59693 16654.9261 18276.9012 18365.95042 16064.75169 19299.30417 10498.81458 8797.31505 7831.36561 6881.381359999999 6162.47764 8051.415709999999 5281.51446 7853.881160000001 4421.25797 5766.68012 8140.32662 8152.09309 10086.48897 13662.653409999999 13957.08174 15439.650389999999 15067.71298 15885.09261 18960.98988 10444.18781 7779.96284 6095.09297 2419.43458 0 3800.25385 4669.26128 7263.87554 8862.84811 11905.15835 15091.6438 17362.9488 17121.29198 18753.97726 24090.90753 21896.06644 22893.65126 23172.95964 23130.52735 21621.424079999997 22348.27577 22694.94863 24072.44257 26031.11359 26374.70719 24406.29098 18234.75385 17556.83436 21007.91303 24117.36623 26471.560469999997 27809.58824 29328.454189999997 
26083.86004 29086.52551 26115.31905 26653.06822 24665.26349 22781.867580000002 17963.88848 15455.29043 14761.55249 14457.21003 18038.00188 17768.994310000002 13656.14933 14601.32342 14605.47112 12272.53685 15548.407790000001 6698.56073 6218.22484 5252.2753999999995 3081.12751 2362.22379 5613.66764 4885.06187 5268.83082 8027.14801 9440.45743 8599.19338 6798.39171 9134.10318 12571.139060000001 12014.08088 13203.71853 13253.532079999999 14657.44493 18886.55418 11070.93177 8888.387560000001 4978.10084 6219.68843 3800.25385 0 869.00743 3597.5343000000003 7895.59061 10438.19734 11593.032360000001 14171.09931 14760.67466 16947.4554 21966.331850000002 19974.966249999998 21517.500799999998 22136.29606 22500.864739999997 21667.715239999998 21619.54318 22148.21216 23622.45335 25029.55096 25380.26219 22933.90303 15681.41716 14535.29771 17555.77369 20781.36913 23517.87954 25244.11031 26368.271869999997 
26952.86747 29854.58525 26785.14334 27387.81439 25301.38098 23375.17783 18558.49324 16059.13773 15151.34097 14585.04901 17948.81527 17498.24755 13513.69449 14742.69569 14889.97781 12688.53329 15915.6778 6950.51296 5349.21741 4383.26797 3740.0475500000002 2229.1209 4744.66021 5754.0693 6137.83825 7873.23311 9249.96152 8075.36477 7667.3991399999995 9440.895629999999 12765.787800000002 12883.08831 14072.72596 14080.680070000002 15526.45236 19700.94747 11465.53809 9445.36745 4109.09341 5918.06943 4669.26128 869.00743 0 3464.43141 7762.48772 9667.11102 12230.27166 15040.10674 15629.68209 17751.68664 22809.998310000003 20765.06841 22382.12334 23005.30349 23288.83864 22259.5716 22342.46645 22936.89844 24415.06472 25888.531410000003 26213.30201 23793.28387 16493.01525 15346.56815 18294.10793 21545.42609 24329.14998 26063.99898 27146.3799 
24780.52734 27597.660789999998 24257.17174 25093.03204 22737.90736 20728.2658 15817.77526 13626.20863 12232.27126 11872.867119999999 15546.856370000001 15096.28865 11008.59991 11839.72983 11972.2061 9700.92287 12976.79381 4031.44325 5187.78448 5514.05655 2746.23716 1235.31051 5145.19232 5886.96307 7208.59749 10900.25708 12346.299739999999 10554.26554 8099.59557 9376.93922 12153.587309999999 12077.10313 13073.03206 13315.55265 15225.45669 20187.75804 12075.41276 11000.10959 5395.4514 4844.44096 7263.87554 3597.5343000000003 3464.43141 0 4358.27598 7491.23995 10217.18563 12863.17073 14832.76969 16864.60343 21566.11868 19687.42628 21791.68265 22653.06091 23289.511019999998 22522.64222 22247.13435 23036.269650000002 24537.31793 25537.506650000003 25873.54624 23106.71197 14970.885900000001 13425.14272 15887.35136 19186.34706 22336.845820000002 24512.97183 25099.34694 
20652.1447 23643.85471 20784.22957 21228.350019999998 19375.21762 17453.94781 12898.64903 10551.99272 11042.304619999999 12042.04148 16942.59431 16610.81058 12891.91525 11864.003550000001 11250.871369999999 8619.44328 11493.53367 4968.74384 5352.08998 6318.03942 7042.98575 5533.36682 9443.24863 10245.23905 11566.87347 12413.01365 13846.92932 11248.36624 6090.05236 6207.1981 8740.448 7995.13635 8845.57509 9220.96002 11466.81772 16887.82181 9722.06001 10316.81059 5211.54403 6533.86225 8862.84811 7895.59061 7762.48772 4358.27598 0 3132.96397 6601.60063 8744.48266 10880.48902 12740.910609999999 17219.5788 15381.93478 17682.85083 18703.70546 19503.98281 19183.31994 18488.49538 19406.81451 20912.76744 21770.952530000002 21894.32327 19011.48436 10612.60992 9268.637439999999 12260.63374 15354.71625 18148.5915 20154.69585 20953.49336 
