73
6 82 97 144 99 38 39 22 21 24 40 59 78 60 118 171 192 169 109 170 193 188 183 138 139 137 89 90 102 95 45 42 147 135 87 23 19 85 127 123 120 80 173 121 126 105 152 142 125 174 113 106 52 33 53 71 73 69 54 115 116 168 190 167 66 63 64 65 30 29 3 1 8
0 1.03027 2.5736 2.3536900000000003 2.61558 3.5714799999999998 4.70861 4.62805 4.76581 4.48829 4.29632 6.09103 7.19144 6.09841 5.99533 7.0603 6.0014199999999995 5.56059 4.82075 6.2498 7.38392 6.62573 5.31775 5.51467 6.659230000000001 5.620140000000001 4.596030000000001 4.396 5.5005 6.713909999999999 6.447779999999999 5.322749999999999 4.36781 4.27261 3.3936800000000003 4.47257 3.30471 2.3294 2.57364 2.6497900000000003 2.48515 1.40495 3.3475399999999995 2.3232999999999997 2.43731 3.43482 3.3008300000000004 2.6365499999999997 2.3560499999999998 3.57552 4.724350000000001 3.5489000000000006 3.68093 2.81047 3.6701699999999997 4.73356 5.0771 4.90226 3.67516 4.72167 4.81875 5.59254 5.636380000000001 4.7744 4.5539000000000005 4.46353 4.59402 4.433210000000001 2.6090400000000002 2.53601 1.45953 1.02777 1.90852 
1.03027 0 1.54333 1.32342 2.58353 3.58365 4.7207799999999995 4.8126999999999995 4.7779799999999994 4.64093 4.308490000000001 5.758520000000001 6.858930000000001 5.76257 5.71499 7.072470000000001 6.013590000000001 4.97163 4.97255 6.22589 7.36964 6.6379 5.32992 5.52684 6.6714 5.63231 4.6082 4.40817 5.51267 6.7260800000000005 6.45995 5.33492 4.5036700000000005 4.28478 3.40585 4.48474 3.48936 2.34157 2.68973 1.61952 1.60996 1.74439 2.38919 1.87236 1.52773 2.4045500000000004 2.27056 1.60628 1.32578 2.5452500000000002 3.69408 2.51863 2.6596 2.18171 2.6399 3.70329 4.63936 3.8719900000000003 3.26571 3.6914 3.85635 5.35807 5.04128 3.7441299999999997 3.52363 3.4332600000000006 3.56375 3.40294 2.4659199999999997 2.41248 2.1971 2.05804 1.09283 
2.5736 1.54333 0 1.9984 2.14866 3.21394 4.35107 4.68507 4.455780000000001 4.27122 4.2741299999999995 5.323650000000001 6.424060000000001 5.3277 5.28012 6.86615 5.80727 4.53676 4.52071 5.73545 6.88447 6.79039 5.9706600000000005 5.56833 6.73373 5.694640000000001 4.67053 4.37381 5.47831 6.691719999999999 6.425589999999999 5.300559999999999 4.42483 4.66708 4.07736 4.509040000000001 3.36173 3.26922 2.6115199999999996 1.6905 2.7328799999999998 2.12112 2.7780899999999997 2.23249 1.08876 1.00485 1.62945 1.62473 1.89999 2.45518 2.33472 1.35355 1.11627 2.2022500000000003 2.0577 3.12109 4.46542 2.6333900000000003 2.22232 2.40299 3.36591 4.87756 4.5746400000000005 3.29229 2.25117 2.62019 2.57518 2.21978 2.27307 2.34114 2.26124 2.49758 1.02149 
2.3536900000000003 1.32342 1.9984 0 1.49783 2.56311 3.70024 4.08103 3.8049500000000003 3.62039 3.4233800000000003 4.638260000000001 5.738670000000001 4.64231 4.59473 6.03317 4.97429 3.9684600000000003 3.6491300000000004 4.90247 6.05149 5.75279 4.44481 4.64173 5.81752 4.77843 3.8197800000000006 3.52306 4.62756 5.84097 5.57484 4.44981 3.6185600000000004 3.39967 2.71786 3.79675 3.14617 2.39669 2.73405 2.9128100000000003 2.74841 2.50576 2.62046 2.69155 1.4734 1.8251 2.77724 2.5515999999999996 1.45586 3.05014 2.41179 1.60066 2.56318 3.5051300000000003 3.64198 3.79193 4.30274 3.85285 2.55741 2.53213 2.53293 4.04458 3.71786 2.4207099999999997 2.60566 3.78585 3.67025 3.04003 3.71998 3.7237299999999998 3.5205200000000003 3.3814600000000006 2.40408 
2.61558 2.58353 2.14866 1.49783 0 1.06528 2.20241 2.5831999999999997 2.3071200000000003 2.12256 2.12547 3.69056 4.79097 3.73595 3.68837 5.15193 4.09305 2.94501 2.78224 4.30362 5.34302 4.641730000000001 4.41005 3.41967 4.58507 3.54598 2.52187 2.22515 3.32965 4.54306 4.27693 3.1519 2.3206499999999997 2.51842 2.31496 2.36038 2.42501 2.30071 2.5861400000000003 3.1428000000000003 3.7031 2.90286 3.1948600000000003 2.76738 2.4237 2.17739 3.1901 3.25094 2.4105499999999997 4.00483 2.37512 1.19967 1.06535 2.18757 2.26738 2.2941000000000003 3.2653299999999996 2.58247 1.05958 2.58126 2.20317 3.3314500000000002 3.14504 2.6911899999999997 2.20467 3.38486 2.84232 3.39232 2.22215 3.3599700000000006 3.2800700000000003 3.5164100000000005 2.0403200000000004 
3.57148 3.58365 3.21394 2.56311 1.06528 0 1.13713 1.51792 2.51258 1.05728 1.67411 2.62528 3.72569 2.71596 3.2991200000000003 4.6790199999999995 4.324269999999999 2.83021 1.97112 3.4924999999999997 4.44649 3.5922600000000005 4.09459 2.3702 3.5918900000000002 2.5528 2.20197 1.17568 2.28018 3.54524 3.5676300000000003 2.4723800000000002 2.24913 2.62656 2.4231 2.0857 2.24086 2.40885 3.07819 3.7228399999999997 4.765219999999999 3.96814 3.7748999999999997 3.82879 3.48898 3.24267 4.25538 4.3162199999999995 3.47583 5.07011 3.4404 2.26495 2.13063 2.54692 1.72248 2.30781 2.20005 2.1548499999999997 1.30132 2.6636699999999998 2.44491 3.21665 3.5177 2.55225 3.2699499999999997 4.450139999999999 3.7476000000000003 4.4576 3.28743 4.42525 4.34535 3.9624700000000006 3.1056 
4.70861 4.7207799999999995 4.35107 3.70024 2.20241 1.13713 0 1.29389 2.8553100000000002 1.88955 1.60018 1.48815 2.58856 1.57883 2.60701 4.44793 5.117979999999999 3.81769 2.77662 3.9758299999999998 5.029459999999999 4.72939 4.7844999999999995 3.5073299999999996 4.37212 3.6899299999999995 3.11762 2.31281 2.80709 3.03576 2.7696300000000003 1.6446 3.38626 3.6860600000000003 3.13314 2.19559 2.54317 3.0118400000000003 4.21532 4.85997 5.90235 5.10527 4.91203 4.965920000000001 4.626110000000001 4.3797999999999995 5.39251 5.4533499999999995 4.61296 6.2072400000000005 4.577529999999999 3.4020799999999998 3.26776 3.68405 2.8485300000000002 2.88194 2.6838800000000003 2.7393 2.43845 3.2264600000000003 3.04059 4.18905 4.6548300000000005 3.68084 4.40708 5.58727 4.884730000000001 5.594729999999999 4.42456 5.56238 5.48248 5.04808 4.24273 
4.62805 4.8126999999999995 4.6850700000000005 4.08103 2.5831999999999997 1.51792 1.29389 0 1.89458 1.48793 1.58962 2.7820400000000003 3.66272 2.5637499999999998 3.51682 4.50597 4.85014 3.76988 2.72881 4.02847 4.62219 4.55222 4.34352 3.30677 3.7855 3.3489500000000003 2.32484 2.22931 2.09185 2.40232 2.4324399999999997 1.3227 3.76358 3.35197 2.51238 1.43349 1.32334 2.47113 3.76271 4.8329200000000005 5.875300000000001 5.08402 5.21092 4.820589999999999 5.0069 4.76059 5.7733 5.83414 4.9937499999999995 6.338570000000001 4.95258 3.77713 3.6485499999999997 3.83325 2.74986 3.81325 3.6164300000000003 3.67277 2.72926 4.18159 3.87285 4.14124 4.8777 3.7027 4.78213 5.96232 5.26552 5.9755199999999995 4.80535 5.94317 5.86327 5.17014 4.62352 
4.76581 4.7779799999999994 4.455780000000001 3.8049500000000003 2.3071200000000003 2.51258 2.8553100000000002 1.89458 0 1.4553 2.73197 3.6956299999999995 4.651949999999999 3.55298 4.47434 5.10097 5.08633 4.595750000000001 3.5546800000000003 4.81406 4.8583799999999995 4.78841 4.5797099999999995 3.54296 4.0216899999999995 3.66268 2.6385699999999996 2.4654999999999996 2.3280399999999997 2.8756500000000003 2.89056 2.31193 3.7366599999999996 3.6656999999999997 2.73717 1.95074 1.8408 2.61587 3.90745 4.95063 5.99301 5.20998 5.00269 5.0745000000000005 4.73082 4.48451 5.49722 5.55806 4.71767 6.3119499999999995 4.68224 3.5067900000000005 3.3724700000000003 3.98247 3.82899 4.6012200000000005 4.605659999999999 4.56278 3.3667000000000002 4.67455 4.51029 4.67745 5.11389 4.56313 4.51179 5.691980000000001 5.1104 5.69944 4.52927 5.667090000000001 5.5871900000000005 5.06793 4.347440000000001 
4.48829 4.64093 4.27122 3.62039 2.12256 1.05728 1.88955 1.48793 1.4553 0 1.27667 2.96278 3.75512 2.65418 3.42567 4.1084499999999995 3.82229 3.1408 2.09973 3.62111 3.8658599999999996 3.79589 3.5871899999999997 2.68267 2.90976 2.62772 1.60361 1.72163 1.33552 2.60058 2.51035 1.4151 2.60769 2.23571 1.58987 1.409 1.18358 2.33137 3.6229500000000003 4.693160000000001 5.73554 4.94426 4.83218 4.68083 4.54626 4.29995 5.31266 5.3735 4.53311 6.12739 4.497680000000001 3.3222300000000002 3.18791 3.59869 2.37369 3.36509 3.2573299999999996 3.21213 2.35309 3.72095 3.32709 3.4134100000000003 3.84985 3.3897500000000003 4.32723 5.50742 4.804880000000001 5.51488 4.34471 5.482530000000001 5.40263 5.01975 4.16288 
4.29632 4.30849 4.2741299999999995 3.42338 2.12547 1.67411 1.60018 1.58962 2.73197 1.27667 0 1.85731 2.95772 1.80955 2.5897300000000003 3.5006199999999996 3.8805 2.3028 1.26173 2.7831099999999998 3.82378 3.7479000000000005 3.5451099999999998 2.52584 2.77194 2.70844 2.35761 1.33132 1.29344 2.4175899999999997 2.15146 1.02643 2.17396 2.29392 2.29659 2.41498 2.40664 2.28234 3.33387 4.40408 5.44646 4.84356 4.49974 4.5801300000000005 4.54917 4.30286 5.31557 5.37641 4.53602 5.909730000000001 4.500590000000001 3.32514 3.19082 3.56026 2.6908 2.78038 2.66442 2.62742 2.31466 2.81046 2.48909 2.67416 3.44253 2.11308 4.33014 5.51033 4.74362 5.51779 4.34762 5.4854400000000005 5.40554 4.6685799999999995 4.16579 
6.09103 5.758520000000001 5.323650000000001 4.63826 3.69056 2.62528 1.48815 2.7820400000000003 3.6956299999999995 2.96278 1.85731 0 1.10041 1.58656 2.05437 3.9226799999999997 4.56534 3.27989 2.49982 3.42319 4.47682 4.77196 4.4568200000000004 3.3734800000000003 4.57251 4.2092 3.8568 3.18863 2.66465 2.93884 2.4598 1.54768 3.66634 3.4411500000000004 4.1539 3.6837400000000002 4.03132 4.13965 5.03731 6.01774 6.87809 6.4103900000000005 6.0698 6.283569999999999 5.9630600000000005 5.44726 6.45997 6.52081 5.58554 7.179819999999999 5.47726 4.4100600000000005 4.468240000000001 4.6077900000000005 3.46676 2.55751 1.49847 3.41456 3.3621900000000005 3.25652 2.2186000000000003 3.71541 4.51541 3.07515 5.41506 6.59525 5.82165 6.66219 5.62504 6.534960000000001 6.4550600000000005 6.14067 5.215310000000001 
7.19144 6.858930000000001 6.424060000000001 5.738670000000001 4.79097 3.72569 2.58856 3.66272 4.651949999999999 3.75512 2.95772 1.10041 0 1.36863 1.22943 2.94116 3.7404 2.45495 2.55743 2.59825 3.6518800000000002 3.94702 3.90599 3.47984 5.113729999999999 4.8755299999999995 4.80739 3.7811 2.7348299999999997 3.73118 3.4650499999999997 2.34002 4.22653 4.1422 5.254309999999999 4.78415 4.9387 5.24006 6.13772 7.11815 7.9785 7.510800000000001 7.17021 7.383979999999999 7.063470000000001 6.54767 7.56038 7.62122 6.68595 8.28023 6.57767 5.51047 5.56865 5.7082 4.56717 3.6579200000000003 2.5988800000000003 4.51497 4.4626 4.35693 3.3190100000000005 3.63496 4.0714 3.9912599999999996 6.51547 7.69566 6.92206 7.7626 6.72545 7.635370000000001 7.555470000000001 7.24108 6.315720000000001 
6.09841 5.76257 5.3277 4.64231 3.73595 2.71596 1.57883 2.5637499999999998 3.55298 2.65418 1.80955 1.58656 1.36863 0 1.02818 2.8691000000000004 3.5391500000000002 2.2537000000000003 1.6876 2.3970000000000002 3.4506300000000003 3.7457700000000003 3.2056699999999996 2.12233 3.8983499999999998 3.51802 3.71415 2.6997299999999997 1.59523 2.4437499999999996 2.1256899999999996 1.24105 3.14555 2.7735700000000003 3.9886600000000003 3.77442 3.8377600000000003 4.09189 5.04469 6.02179 6.882140000000001 6.3598799999999995 6.07385 6.2909500000000005 5.967110000000001 5.45131 6.4640200000000005 6.52486 5.58959 7.183870000000001 5.48131 4.41411 4.47229 4.61184 3.70887 2.64548 1.30115 3.3640499999999998 3.36624 3.2605699999999995 2.22265 3.1000300000000003 3.8701499999999998 3.0792 5.41911 6.5992999999999995 5.825699999999999 6.66624 5.62909 6.539010000000001 6.459110000000001 6.14472 5.219360000000001 
5.995330000000001 5.71499 5.28012 4.59473 3.68837 3.2991200000000003 2.60701 3.51682 4.47434 3.42567 2.5897300000000003 2.05437 1.22943 1.02818 0 1.86831 2.51097 1.22552 1.328 1.36882 2.42245 2.71759 2.6765600000000003 3.15051 4.52617 4.546200000000001 4.25487 3.22858 2.1463 3.41136 3.15387 2.19412 2.9971 3.5450600000000003 4.76015 4.8026 4.60925 4.872070000000001 5.09503 5.97421 6.834560000000001 6.44871 6.02627 6.341290000000001 5.919530000000001 5.40373 6.416440000000001 6.47728 5.54201 7.136290000000001 5.43373 4.36653 4.42471 4.56426 3.72655 2.7750199999999996 2.32933 3.76828 3.31866 3.2129899999999996 2.17507 2.40553 2.84197 2.76183 5.37153 6.5517199999999995 5.7781199999999995 6.61866 5.58151 6.491430000000001 6.411530000000001 6.0971400000000004 5.171780000000001 
7.0603 7.072469999999999 6.866149999999999 6.03317 5.15193 4.6790199999999995 4.44793 4.5059700000000005 5.10097 4.10845 3.5006199999999996 3.92268 2.94116 2.8691000000000004 1.86831 0 1.05888 2.49798 2.7079 1.18652 1.62821 1.89419 2.72987 3.48366 4.4523399999999995 4.8793500000000005 4.53969 3.5134000000000003 2.77293 3.60958 3.69874 3.1832700000000003 3.7145599999999996 4.30167 5.20729 5.38391 5.2172600000000005 5.782959999999999 6.44811 7.21166 8.25404 7.71286 7.26372 7.4494299999999996 7.50657 6.86192 7.87463 7.93547 7.29663 8.71731 6.7589 5.691699999999999 5.749879999999999 5.889429999999999 5.488849999999999 4.49421 4.17025 5.53058 4.6438299999999995 4.5381599999999995 3.50024 3.4705 3.74585 3.78166 6.696699999999999 7.8768899999999995 7.205359999999999 8.07685 6.90668 8.24605 8.166150000000002 7.8583099999999995 6.926400000000001 
6.0014199999999995 6.013589999999999 5.80727 4.97429 4.09305 4.32427 5.11798 4.85014 5.086329999999999 3.8222899999999997 3.8804999999999996 4.56534 3.7404 3.5391500000000002 2.51097 1.05888 0 1.80374 2.63945 1.14215 1.96447 1.43799 2.74597 3.78215 4.9944299999999995 4.97729 4.62646 3.60017 2.7582899999999997 4.02335 3.78551 3.8479200000000002 2.65568 3.6832199999999995 4.8983099999999995 5.2312899999999996 5.00587 5.0390999999999995 5.3892299999999995 6.15278 7.19516 6.65398 6.20484 6.390549999999999 6.44769 5.803039999999999 6.8157499999999995 6.876589999999999 6.34523 7.65843 5.70002 4.632820000000001 4.691 4.830550000000001 4.96253 4.81947 4.8403 5.20517 3.58495 3.47928 2.44136 2.41162 2.6869699999999996 2.72278 5.6378200000000005 6.818010000000001 6.14648 7.017969999999999 5.847799999999999 7.202729999999999 7.197940000000001 6.799429999999999 5.9750000000000005 
5.5605899999999995 4.971629999999999 4.536759999999999 3.9684600000000003 2.94501 2.83021 3.81769 3.7698799999999997 4.59575 3.1408 2.3028 3.27989 2.45495 2.2537000000000003 1.22552 2.49798 1.80374 0 1.04107 1.84059 2.39801 2.72472 2.50741 3.76567 4.3915500000000005 4.52078 4.16995 3.14366 2.4283799999999998 3.6745900000000002 3.57221 2.44718 2.7101699999999997 3.26019 4.47528 4.5498 4.32438 4.58514 4.73442 5.23085 6.0912 5.70535 5.28291 5.712389999999999 5.17617 4.6603699999999995 5.67308 5.7339199999999995 4.798649999999999 6.39293 4.81447 3.63902 4.01036 4.1878 3.8220199999999998 3.71368 3.55485 3.8637499999999996 2.9422 2.7008900000000002 1.79861 1.67558 1.8977 1.56064 4.644019999999999 5.824209999999999 5.16474 5.875299999999999 5.167160000000001 5.74807 5.66817 5.86453 4.42842 
4.82075 4.97255 4.52071 3.6491300000000004 2.78224 1.97112 2.77662 2.72881 3.5546800000000003 2.09973 1.26173 2.49982 2.55743 1.6876 1.328 2.7079 2.63945 1.04107 0 1.52138 2.65275 2.49175 2.90686 2.7246 3.35048 3.47971 3.12888 2.10259 1.7458 2.63352 2.5311399999999997 1.40611 1.6691 2.21912 3.43421 3.50873 3.28331 3.54407 3.76703 4.83724 5.879620000000001 5.27672 5.2032 5.01329 5.12253 4.589040000000001 5.601750000000001 5.662590000000001 5.07126 6.342890000000001 4.48602 3.41882 3.4770000000000003 3.61655 2.78095 2.67261 2.98875 2.82268 2.37095 2.2652799999999997 1.22736 1.41243 2.45639 2.41603 4.42382 5.604010000000001 4.832520000000001 5.8039700000000005 4.633800000000001 5.95349 5.71328 5.15154 4.63406 
6.2498000000000005 6.22589 5.73545 4.902469999999999 4.30362 3.4924999999999997 3.97583 4.02847 4.81406 3.62111 2.7831099999999998 3.42319 2.59825 2.3970000000000002 1.36882 1.18652 1.14215 1.84059 1.52138 0 1.14902 1.34877 2.6567499999999997 3.40847 4.75479 4.60361 4.25278 3.22649 2.48602 3.7298899999999997 3.4118299999999997 2.7057700000000002 2.5838599999999996 3.6113999999999997 4.82649 5.03011 4.80469 5.06138 5.28841 6.35862 7.401 6.7981 6.45322 6.53467 6.375869999999999 5.73122 6.743930000000001 6.80477 6.358329999999999 7.737629999999999 5.6282 4.561 4.61918 4.75873 4.3023299999999995 4.01671 3.69815 4.34406 3.51313 3.4074599999999995 2.3695399999999998 2.845 2.61515 2.65096 5.566 6.74619 6.07466 6.94615 5.775980000000001 7.24801 7.12612 6.6729199999999995 5.999200000000001 
7.38392 7.36964 6.88447 6.051489999999999 5.34302 4.44649 5.02946 4.62219 4.8583799999999995 3.8658599999999996 3.8237799999999997 4.47682 3.6518800000000002 3.4506300000000003 2.42245 1.62821 1.96447 2.39801 2.65275 1.14902 0 1.29425 2.6022299999999996 3.45279 4.79911 4.64793 4.2971 3.27081 2.53034 3.7742099999999996 3.4561499999999996 3.8547899999999995 3.7328799999999998 4.05908 4.9647 5.14132 4.97467 5.65283 6.3302 7.40041 8.44279 7.83989 7.60207 7.576459999999999 7.524889999999999 6.880240000000001 7.892950000000001 7.953790000000001 7.1966600000000005 8.79094 6.77722 5.71002 5.7682 5.90775 5.4337 5.16573 4.75178 5.47543 4.6621500000000005 4.55648 3.51856 3.80885 3.76417 3.79998 6.71502 7.8952100000000005 7.22368 8.095170000000001 6.925000000000001 8.146080000000001 8.066180000000001 7.80429 6.826430000000001 
6.625730000000001 6.6379 6.79039 5.75279 4.641730000000001 3.5922600000000005 4.72939 4.55222 4.78841 3.79589 3.7479000000000005 4.77196 3.94702 3.7457700000000003 2.71759 1.89419 1.43799 2.72472 2.49175 1.34877 1.29425 0 1.30798 2.9924 3.9448800000000004 3.7937000000000003 3.44287 2.41658 2.46037 2.9475100000000003 3.99769 3.89786 3.69548 3.8745200000000004 4.11047 4.28709 4.12044 4.7986 5.8419300000000005 6.77709 7.819470000000001 7.27829 6.82915 7.0148600000000005 7.065430000000001 6.819120000000002 7.831830000000002 7.892670000000002 7.0389800000000005 8.28274 6.97697 5.841400000000001 5.707080000000001 6.06832 5.2727 5.16436 5.04692 5.31443 4.82272 4.7562299999999995 3.71831 3.84961 3.96392 3.99973 6.846400000000001 8.02659 7.259880000000001 8.034050000000002 6.863880000000002 7.82704 7.921800000000001 7.184840000000001 6.682050000000001 
5.31775 5.3299199999999995 5.9706600000000005 4.44481 4.41005 4.09459 4.7844999999999995 4.34352 4.5797099999999995 3.5871899999999997 3.5451099999999998 4.4568200000000004 3.90599 3.2056699999999996 2.6765600000000003 2.72987 2.74597 2.50741 2.90686 2.6567499999999997 2.6022299999999996 1.30798 0 1.83891 2.71966 2.50102 3.0901899999999998 2.9189100000000003 2.25167 2.40081 3.1482799999999997 3.79197 2.3875 3.04385 3.75488 4.45078 4.62277 3.5875000000000004 4.82446 5.469110000000001 6.51149 5.9703100000000004 5.521170000000001 5.70688 5.786840000000001 6.09427 7.10698 6.826740000000001 5.731000000000001 6.974760000000001 6.11141 5.0442100000000005 5.102390000000001 5.2419400000000005 5.37392 5.11786 4.506819999999999 5.616560000000001 3.9963400000000004 3.89067 2.8527500000000003 2.92976 3.09836 3.13417 6.04921 7.2294 6.55787 7.3092 6.145580000000001 6.51906 6.66764 6.11576 5.42789 
5.514670000000001 5.52684 5.56833 4.64173 3.41967 2.3702 3.50733 3.30677 3.54296 2.68267 2.52584 3.3734800000000003 3.4798400000000003 2.12233 3.1505099999999997 3.48366 3.78215 3.76567 2.7246 3.4084700000000003 3.4527900000000002 2.9924 1.83891 0 1.77602 1.39569 1.92798 1.19452 1.34715 1.79253 2.06494 2.83167 2.58442 2.66485 2.74833 3.06503 2.89838 3.57654 4.61987 5.66603 6.708410000000001 6.12956 5.71809 5.86613 5.84337 5.597060000000001 6.609770000000001 6.670610000000001 5.83022 7.17168 5.770630000000001 4.61934 4.4850200000000005 4.84626 4.09268 4.2133400000000005 3.4234799999999996 4.52505 3.60066 3.54989 3.90784 3.6965600000000003 3.72058 4.05286 5.62434 6.80453 6.03782 6.811990000000001 5.641820000000001 6.71598 6.69974 5.96278 5.45999 
6.659230000000001 6.6714 6.7337299999999995 5.81752 4.58507 3.5918900000000002 4.37212 3.7855 4.0216899999999995 2.90976 2.77194 4.57251 5.113729999999999 3.8983499999999998 4.5261700000000005 4.4523399999999995 4.9944299999999995 4.3915500000000005 3.35048 4.75479 4.79911 3.9448800000000004 2.71966 1.77602 0 1.03909 2.0632 2.41621 2.97927 1.88821 2.85702 3.12272 3.76021 3.0903300000000002 3.26555 3.06296 3.68882 4.7419400000000005 5.691 6.76121 7.80359 7.26727 6.89388 7.00384 7.00877 6.762460000000001 7.775170000000001 7.836010000000001 6.99562 8.26686 6.960190000000001 5.78474 5.65042 5.983969999999999 5.283449999999999 4.7583400000000005 5.08401 5.39936 4.73837 5.32591 4.57784 4.664160000000001 5.1006 4.88502 6.78974 7.96993 7.20322 7.977390000000001 6.807220000000001 7.86054 7.86514 6.961350000000001 6.62539 
5.620140000000001 5.63231 5.69464 4.77843 3.54598 2.5528 3.68993 3.3489500000000003 3.66268 2.62772 2.70844 4.2092 4.87553 3.51802 4.5462 4.8793500000000005 4.97729 4.52078 3.4797100000000003 4.60361 4.64793 3.7937000000000003 2.50102 1.39569 1.03909 0 1.02411 1.37712 2.48162 1.27036 2.21955 2.66152 2.72112 2.05124 2.2264600000000003 2.61394 2.64973 3.70285 4.65191 5.72212 6.7645 6.30393 5.85479 6.0405 5.96968 5.723370000000001 6.736080000000001 6.796920000000001 5.95653 7.2277700000000005 5.921100000000001 4.74565 4.611330000000001 5.02886 4.27528 4.860609999999999 4.75285 4.70765 3.78326 4.7404399999999995 4.70707 4.79895 4.91113 4.82152 5.75065 6.93084 6.16413 6.938300000000001 5.768130000000001 6.8214500000000005 6.82605 5.9222600000000005 5.5863000000000005 
4.59603 4.6082 4.670529999999999 3.81978 2.52187 2.20197 3.11762 2.32484 2.6385699999999996 1.60361 2.35761 3.8568 4.80739 3.7141499999999996 4.2548699999999995 4.53969 4.62646 4.16995 3.12888 4.25278 4.2970999999999995 3.44287 3.0901899999999998 1.92798 2.0632 1.02411 0 1.02629 2.13079 2.29447 2.2917 2.4730999999999996 2.0546699999999998 1.02713 1.20235 1.94022 1.62562 2.6787400000000003 3.6277999999999997 4.69801 5.74039 5.33988 4.89614 5.081849999999999 4.94557 4.69926 5.71197 5.77281 4.93242 6.20366 4.896990000000001 3.72154 3.58722 4.13553 3.92445 4.50978 4.40202 4.35682 3.43243 4.38961 4.35624 4.31067 4.5603 4.47069 4.72654 5.90673 5.14002 5.91419 4.74402 5.79734 5.80194 4.89815 4.56219 
4.396 4.40817 4.373810000000001 3.52306 2.22515 1.17568 2.31281 2.22931 2.4654999999999996 1.72163 1.33132 3.18863 3.7810999999999995 2.6997299999999997 3.22858 3.5134000000000003 3.6001700000000003 3.14366 2.10259 3.22649 3.27081 2.41658 2.9189100000000003 1.19452 2.41621 1.37712 1.02629 0 1.1045 2.36956 2.60853 1.7285 1.94888 1.47033 1.69389 1.87051 1.70386 2.38202 3.42535 4.49556 5.537940000000001 4.93504 4.59942 4.671609999999999 4.6488499999999995 4.40254 5.41525 5.47609 4.6357 6.00121 4.60027 3.4248200000000004 3.2905 3.6517399999999998 2.89816 3.4834899999999998 3.37573 3.3305299999999995 2.4061399999999997 3.3633200000000003 3.32995 3.45391 3.5340100000000003 3.4444 4.42982 5.610010000000001 4.843300000000001 5.61747 4.4473 5.585120000000001 5.5052200000000004 4.76826 4.2654700000000005 
5.500500000000001 5.51267 5.4783100000000005 4.62756 3.32965 2.28018 2.80709 2.09185 2.3280399999999997 1.33552 1.29344 2.66465 2.7348299999999997 1.59523 2.1463 2.77293 2.7582899999999997 2.4283799999999998 1.7458 2.48602 2.53034 2.46037 2.25167 1.34715 2.97927 2.48162 2.13079 1.1045 0 1.26506 1.58481 1.96119 2.7868700000000004 2.41489 2.79839 2.74452 2.5191 3.48652 4.52985 5.60006 6.642440000000001 6.03954 5.70392 5.776109999999999 5.753349999999999 5.50704 6.51975 6.58059 5.7402 7.10571 5.70477 4.52932 4.395 4.75624 3.7092099999999997 2.86619 2.8963799999999997 3.9208600000000002 3.51064 3.77246 2.97316 2.3494099999999998 2.78585 2.70571 5.53432 6.714510000000001 5.947800000000001 6.72197 5.5518 6.689620000000001 6.60972 5.8727599999999995 5.36997 
6.71391 6.72608 6.69172 5.8409699999999996 4.54306 3.5452399999999997 3.03576 2.40232 2.8756500000000003 2.60058 2.4175899999999997 2.93884 3.73118 2.4437499999999996 3.41136 3.60958 4.023350000000001 3.67459 2.63352 3.72989 3.77421 2.9475100000000003 2.40081 1.79253 1.88821 1.27036 2.29447 2.36956 1.26506 0 1.43387 1.39116 3.99148 3.3216 3.49682 2.7764100000000003 3.72566 4.69993 5.75146 6.82167 7.864050000000001 7.26115 6.91733 6.997719999999999 6.966759999999999 6.72045 7.73316 7.794 6.953609999999999 8.32732 6.9181799999999996 5.74273 5.608409999999999 5.97785 4.7922 3.88295 3.68489 4.74 4.73225 4.8988 3.86088 3.6144700000000003 4.05091 3.97077 6.74773 7.92792 7.1612100000000005 7.935379999999999 6.76521 7.90303 7.82313 7.086169999999999 6.58338 
6.44778 6.459949999999999 6.42559 5.57484 4.27693 3.56763 2.7696300000000003 2.4324399999999997 2.89056 2.51035 2.15146 2.4598 3.4650499999999997 2.1256899999999996 3.1538699999999995 3.69874 3.78551 3.5722099999999997 2.5311399999999997 3.41183 3.45615 3.99769 3.1482799999999997 2.06494 2.85702 2.21955 2.2917 2.60853 1.58481 1.43387 0 1.12503 4.20024 3.31883 3.49405 2.47065 3.69393 4.4338 5.48533 6.555540000000001 7.59792 6.99502 6.6512 6.731590000000001 6.70063 6.454320000000001 7.467030000000001 7.527870000000001 6.68748 8.06119 6.652050000000001 5.4766 5.342280000000001 5.71172 4.52607 3.61682 3.41876 4.47387 4.46612 4.6383600000000005 3.7584999999999997 3.9342200000000003 4.37066 4.26454 6.4816 7.66179 6.89508 7.669250000000001 6.499080000000001 7.636900000000001 7.557 6.8200400000000005 6.3172500000000005 
5.322750000000001 5.33492 5.300559999999999 4.44981 3.1519 2.4723800000000002 1.6446 1.3227 2.31193 1.4151 1.02643 1.54768 2.34002 1.24105 2.19412 3.1832700000000003 3.8479200000000002 2.44718 1.40611 2.7057700000000002 3.8547900000000004 3.89786 3.79197 2.83167 3.12272 2.66152 2.4730999999999996 1.7285 1.96119 1.39116 1.12503 0 3.07521 2.93837 3.00497 2.75619 2.59868 3.30877 4.3603 5.43051 6.47289 5.86999 5.5261700000000005 5.60656 5.5756 5.32929 6.3420000000000005 6.40284 5.562449999999999 6.93616 5.52702 4.35157 4.21725 4.58669 3.40104 2.49179 2.29373 3.34884 3.34109 3.6713899999999997 2.63347 2.81854 3.8625 3.13951 5.35657 6.536759999999999 5.7700499999999995 6.54422 5.37405 6.51187 6.43197 5.69501 5.19222 
4.36781 4.50367 4.424830000000001 3.61856 2.3206499999999997 2.24913 3.38626 3.76358 3.73666 2.60769 2.17396 3.66634 4.22653 3.14555 2.9971 3.7145599999999996 2.65568 2.7101699999999997 1.6691 2.5838599999999996 3.7328799999999998 3.69548 2.3875 2.58442 3.76021 2.72112 2.0546699999999998 1.94888 2.7868700000000004 3.99148 4.20024 3.07521 0 1.02754 2.24263 2.78167 2.60182 2.47752 3.31409 4.3843000000000005 5.426680000000001 4.82378 4.69492 4.56035 4.744349999999999 4.49804 5.51075 5.57159 4.731199999999999 5.889950000000001 4.5182 3.34275 3.3859999999999997 3.54048 3.67246 3.5294 4.24541 3.9151 2.29488 2.57826 2.43824 2.63007 2.6838499999999996 2.62563 4.34775 5.527939999999999 4.85641 5.712969999999999 4.5428 5.68062 5.60072 4.86376 4.36097 
4.27261 4.2847800000000005 4.66708 3.3996700000000004 2.51842 2.62656 3.6860600000000003 3.3519699999999997 3.6657 2.23571 2.29392 3.4411500000000004 4.142200000000001 2.7735700000000003 3.5450600000000003 4.30167 3.6832199999999995 3.26019 2.21912 3.6113999999999997 4.05908 3.8745200000000004 3.04385 2.66485 3.09033 2.05124 1.02713 1.47033 2.41489 3.3216 3.31883 2.93837 1.02754 0 1.21509 2.29398 2.65275 2.5423600000000004 3.6405399999999997 4.423970000000001 5.46635 4.9251700000000005 4.476030000000001 4.66174 4.741700000000001 4.69581 5.70852 5.76936 4.685860000000001 5.929620000000001 4.89354 3.71809 3.58377 3.96386 4.09584 3.62698 3.95265 4.33848 2.71826 3.6058 3.44648 3.5328000000000004 3.7113899999999997 3.65317 4.72309 5.9032800000000005 5.136570000000001 5.91074 4.74057 5.47392 5.6225000000000005 4.91089 4.382750000000001 
3.39368 3.40585 4.0773600000000005 2.71786 2.31496 2.4231 3.13314 2.51238 2.73717 1.58987 2.29659 4.1539 5.25431 3.9886600000000003 4.76015 5.20729 4.8983099999999995 4.47528 3.43421 4.82649 4.9647 4.11047 3.75488 2.74833 3.26555 2.2264600000000003 1.20235 1.69389 2.79839 3.4968200000000005 3.4940499999999997 3.00497 2.24263 1.21509 0 1.07889 1.82977 1.95672 2.42545 3.49566 4.5380400000000005 4.13753 3.79422 3.90544 3.94821 4.20097 5.21368 5.01213 4.00405 5.00131 4.69008 3.5146300000000004 3.38031 3.22579 3.9635599999999993 4.53845 4.43069 4.38549 3.37454 4.3848 4.51813 4.64447 4.555490000000001 4.38584 4.51963 5.6987000000000005 4.933110000000001 5.4159 3.59506 4.594989999999999 4.67879 3.6958 3.50382 
4.47257 4.48474 4.509040000000001 3.79675 2.36038 2.0857 2.19559 1.43349 1.95074 1.409 2.41498 3.6837400000000002 4.78415 3.77442 4.8026 5.38391 5.2312899999999996 4.549799999999999 3.50873 5.03011 5.1413199999999994 4.28709 4.45078 3.06503 3.06296 2.61394 1.94022 1.87051 2.74452 2.7764100000000003 2.47065 2.75619 2.78167 2.29398 1.07889 0 1.55791 2.66913 3.50434 4.57455 5.61693 5.216419999999999 4.87311 4.98433 4.784079999999999 4.53777 5.55048 5.61132 4.77093 6.0802000000000005 4.7355 3.5600500000000004 3.42573 3.6557899999999997 3.7826899999999997 4.39351 4.28575 4.24055 3.38702 4.72781 4.53061 4.82241 5.25885 4.52806 4.56505 5.745240000000001 5.16366 5.7527 4.58253 5.6738800000000005 5.64045 4.77469 4.4007000000000005 
3.30471 3.48936 3.3617300000000006 3.14617 2.42501 2.24086 2.54317 1.32334 1.8408 1.18358 2.40664 4.03132 4.9387 3.8377600000000003 4.60925 5.21726 5.00587 4.32438 3.28331 4.80469 4.97467 4.12044 4.62277 2.89838 3.6888199999999998 2.64973 1.62562 1.70386 2.5191 3.7256599999999995 3.69393 2.59868 2.60182 2.65275 1.82977 1.55791 0 1.14779 2.4393700000000003 3.5095800000000006 4.551960000000001 3.76068 3.8875800000000003 3.4972499999999997 3.92389 3.77804 4.79075 4.85159 3.91632 5.015230000000001 4.800129999999999 3.6246799999999997 3.49036 2.50991 3.3100700000000005 4.373460000000001 4.44091 4.39571 3.4580200000000003 4.4152000000000005 4.51067 4.59699 4.585890000000001 4.495889999999999 4.62968 4.98282 4.93781 4.84273 3.74606 4.6785 4.5543000000000005 3.8468 3.4037699999999997 
2.3294 2.34157 3.26922 2.39669 2.30071 2.40885 3.0118400000000003 2.47113 2.61587 2.33137 2.28234 4.13965 5.24006 4.09189 4.87207 5.782959999999999 5.0390999999999995 4.58514 3.54407 5.06138 5.65283 4.7986 3.5875000000000004 3.5765399999999996 4.7419400000000005 3.7028500000000006 2.6787400000000003 2.38202 3.4865199999999996 4.69993 4.4338 3.30877 2.47752 2.5423600000000004 1.95672 2.66913 1.14779 0 1.29158 2.36179 3.40417 2.90789 2.73979 2.64446 2.8143399999999996 3.68553 4.6121300000000005 3.94785 2.9047799999999997 3.86744 4.6758299999999995 3.50038 3.36606 2.4173999999999998 3.2175599999999998 4.28095 4.41644 4.37124 3.36029 4.32269 4.5038800000000005 4.63022 4.49338 4.371589999999999 4.50538 4.8903099999999995 4.8453 4.7502200000000006 3.52079 3.53071 3.67929 3.1274100000000002 2.43954 
2.57364 2.68973 2.6115199999999996 2.73405 2.5861400000000003 3.07819 4.21532 3.76271 3.9074500000000003 3.6229500000000003 3.33387 5.03731 6.13772 5.04469 5.09503 6.44811 5.3892299999999995 4.73442 3.76703 5.28841 6.3302 5.84193 4.82446 4.61987 5.691 4.65191 3.6278 3.42535 4.52985 5.751460000000001 5.48533 4.3603000000000005 3.31409 3.64054 2.42545 3.50434 2.4393700000000003 1.29158 0 1.07021 2.11259 2.5017500000000004 1.44821 1.77113 1.52276 3.61637 3.79983 2.70894 1.6132 2.57586 4.81898 3.64353 3.6514900000000003 3.70898 3.8976800000000003 4.68931 5.09035 5.04515 3.45479 4.41197 4.598380000000001 5.09925 4.582660000000001 4.615830000000001 4.64853 5.0397 5.17019 4.8313 4.04579 3.99235 3.80354 3.6014100000000004 2.6727 
2.6497900000000003 1.61952 1.6905 2.9128100000000003 3.1428000000000003 3.72284 4.859970000000001 4.83292 4.95063 4.693160000000001 4.40408 6.01774 7.11815 6.02179 5.97421 7.21166 6.15278 5.23085 4.83724 6.35862 7.40041 6.77709 5.469110000000001 5.66603 6.76121 5.72212 4.69801 4.49556 5.60006 6.82167 6.55554 5.43051 4.3843000000000005 4.423970000000001 3.49566 4.57455 3.50958 2.36179 1.07021 0 1.04238 1.43154 1.16101 1.48693 1.43941 2.69535 2.7296199999999997 1.84583 1.57978 1.50565 4.02522 3.04405 2.80677 3.8012300000000003 3.7481999999999998 4.81159 5.85397 4.3238900000000005 3.91282 4.09349 5.05641 5.617290000000001 5.65287 4.776909999999999 3.9416700000000002 4.20838 4.14203 3.862 3.87456 3.7441299999999997 3.75195 3.6775600000000006 2.5122 
2.48515 1.60996 2.7328799999999998 2.74841 3.7031 4.765219999999999 5.902349999999999 5.875299999999999 5.99301 5.735539999999999 5.44646 6.87809 7.9785 6.882140000000001 6.834560000000001 8.25404 7.19516 6.091200000000001 5.87962 7.401 8.44279 7.81947 6.51149 6.70841 7.80359 6.7645 5.74039 5.53794 6.64244 7.86405 7.597919999999999 6.47289 5.42668 5.46635 4.53804 5.61693 4.551959999999999 3.4041699999999997 2.11259 1.04238 0 1.0802 1.63307 1.11428 2.11256 3.46184 3.7720000000000002 2.38829 1.29255 1.26752 4.79171 3.9475 3.84915 3.79167 4.24986 5.31325 6.13893 5.36627 4.62471 5.13587 5.28134 6.477640000000001 6.46627 5.135389999999999 4.70816 5.043220000000001 5.17371 4.67677 3.92868 3.59189 3.80706 3.5129200000000003 2.59542 
1.40495 1.74439 2.12112 2.50576 2.90286 3.96814 5.10527 5.08402 5.20998 4.94426 4.84356 6.4103900000000005 7.510800000000001 6.35988 6.44871 7.712860000000001 6.653980000000001 5.70535 5.27672 6.7981 7.83989 7.27829 5.9703100000000004 6.12956 7.26727 6.30393 5.33988 4.93504 6.03954 7.26115 6.995019999999999 5.86999 4.82378 4.92517 4.13753 5.216419999999999 3.76068 2.90789 2.5017500000000004 1.43154 1.0802 0 2.10676 1.08252 1.03236 3.1259699999999997 3.7505699999999997 2.6437 1.54796 2.34772 4.45584 3.4746699999999997 3.23739 3.0281599999999997 3.6862700000000004 4.74966 5.058730000000001 4.75451 3.96244 4.52411 5.03869 6.09179 6.0479 4.920859999999999 4.37229 4.74131 4.6963 4.3408999999999995 2.84848 2.5116899999999998 2.75497 2.4327199999999998 1.51522 
3.3475400000000004 2.38919 2.7780899999999997 2.62046 3.1948600000000003 3.7749 4.91203 5.21092 5.00269 4.83218 4.499740000000001 6.069800000000001 7.170210000000001 6.07385 6.02627 7.263720000000001 6.204840000000001 5.28291 5.203200000000001 6.45322 7.60207 6.82915 5.521170000000001 5.71809 6.89388 5.85479 4.896140000000001 4.59942 5.70392 6.917330000000001 6.6512 5.5261700000000005 4.694920000000001 4.47603 3.79422 4.8731100000000005 3.8875800000000003 2.73979 1.44821 1.16101 1.63307 2.10676 0 1.02424 1.90499 2.52326 3.0958699999999997 1.44971 1.1646 1.80572 3.78167 3.04609 3.6353 4.5709 4.83579 5.32848 5.90603 5.15242 4.09396 3.76409 4.80201 5.66935 5.93574 4.82897 3.7695800000000004 4.92741 4.83417 3.7381900000000003 4.5629100000000005 4.421749999999999 4.42957 4.375310000000001 3.18982 
2.3232999999999997 1.87236 2.23249 2.69155 2.76738 3.82879 4.965920000000001 4.82059 5.0745000000000005 4.68083 4.5801300000000005 6.28357 7.38398 6.2909500000000005 6.341290000000001 7.4494299999999996 6.390549999999999 5.71239 5.0132900000000005 6.53467 7.57646 7.01486 5.70688 5.86613 7.00384 6.0405 5.08185 4.67161 5.77611 6.99772 6.73159 5.60656 4.560350000000001 4.66174 3.9054399999999996 4.98433 3.49725 2.64446 1.77113 1.48693 1.11428 1.08252 1.02424 0 1.83142 3.2373399999999997 3.8619399999999997 2.33143 1.23569 1.53696 4.567209999999999 3.5860399999999997 3.34876 3.67852 4.07892 5.06148 5.27159 4.86588 3.82696 4.635479999999999 4.97055 5.981669999999999 5.82892 5.078529999999999 4.4836599999999995 4.852679999999999 4.80767 4.4522699999999995 3.5386699999999998 3.39751 3.4053299999999997 3.35107 2.16558 
2.43731 1.52773 1.08876 1.4734 2.4237 3.48898 4.626110000000001 5.0069 4.73082 4.54626 4.54917 5.9630600000000005 7.063470000000001 5.96711 5.91953 7.50657 6.44769 5.17617 5.12253 6.37587 7.52489 7.065430000000001 5.786840000000001 5.84337 7.00877 5.96968 4.94557 4.64885 5.75335 6.96676 6.700629999999999 5.5756 4.74435 4.7417 3.9482099999999996 4.784079999999999 3.92389 2.8143399999999996 1.52276 1.43941 2.11256 1.03236 1.90499 1.83142 0 2.09361 2.71821 2.4784699999999997 1.38273 2.94506 3.42348 2.44231 2.20503 3.29101 3.1464600000000003 4.20985 4.92791 3.72215 3.3110799999999996 3.4917499999999997 4.00633 5.51798 5.19126 3.89411 3.33993 3.70895 3.66394 3.30854 3.36183 3.4299 3.3499999999999996 3.4650800000000004 2.1102499999999997 
3.43482 2.4045500000000004 1.00485 1.8251 2.17739 3.24267 4.3797999999999995 4.76059 4.48451 4.29995 4.30286 5.44726 6.54767 5.45131 5.40373 6.8619200000000005 5.80304 4.66037 4.589040000000001 5.73122 6.880240000000001 6.81912 6.094270000000001 5.59706 6.76246 5.72337 4.69926 4.40254 5.50704 6.7204500000000005 6.45432 5.32929 4.49804 4.69581 4.20097 4.53777 3.77804 3.68553 3.61637 2.69535 3.4618400000000005 3.1259699999999997 2.52326 3.2373399999999997 2.09361 0 1.01271 1.07355 2.16929 2.24474 1.32987 1.55283 1.11204 2.23426 2.7299100000000003 3.45261 4.63528 2.6291599999999997 2.21809 2.3332100000000002 3.3616800000000002 4.87333 4.50013 3.50441 1.24632 2.40415 2.31091 1.21493 2.26884 2.51797 2.8293299999999997 3.5024300000000004 2.0263400000000003 
3.3008300000000004 2.27056 1.62945 2.77724 3.1900999999999997 4.25538 5.39251 5.7733 5.49722 5.312659999999999 5.315569999999999 6.45997 7.56038 6.4640200000000005 6.416440000000001 7.87463 6.8157499999999995 5.673080000000001 5.60175 6.74393 7.89295 7.83183 7.10698 6.609769999999999 7.77517 6.73608 5.71197 5.4152499999999995 6.519749999999999 7.733159999999999 7.4670299999999985 6.341999999999999 5.51075 5.70852 5.21368 5.55048 4.79075 4.6121300000000005 3.79983 2.7296199999999997 3.772 3.7505699999999997 3.0958699999999997 3.8619399999999997 2.71821 1.01271 0 1.88503 2.7004 2.8247999999999998 1.61282 2.56554 2.1247499999999997 3.2469699999999997 3.68715 4.465319999999999 5.64799 3.64187 3.2307999999999995 3.3459200000000004 4.37439 5.8860399999999995 5.512840000000001 4.51712 2.25903 3.4168600000000002 3.32362 2.22764 3.2815499999999997 3.5306800000000003 3.84204 4.12703 2.6509400000000003 
2.6365499999999997 1.60628 1.62473 2.5515999999999996 3.25094 4.3162199999999995 5.4533499999999995 5.83414 5.558059999999999 5.3735 5.37641 6.520810000000001 7.621220000000001 6.52486 6.47728 7.9354700000000005 6.87659 5.73392 5.662590000000001 6.80477 7.953790000000001 7.892670000000001 6.82674 6.67061 7.836010000000001 6.796920000000001 5.772810000000001 5.47609 6.58059 7.794 7.527869999999999 6.402839999999999 5.5715900000000005 5.769360000000001 5.01213 5.611319999999999 4.85159 3.94785 2.70894 1.84583 2.38829 2.6437 1.44971 2.33143 2.4784699999999997 1.07355 1.88503 0 1.09574 1.17119 2.40342 2.62638 2.18559 3.30781 3.68243 4.52616 5.708830000000001 3.7027099999999997 3.29164 3.4067600000000002 4.435230000000001 5.94688 5.57368 4.57796 2.31987 3.4777 3.38446 2.28848 3.34239 3.4327500000000004 3.50467 3.66432 2.4325599999999996 
2.3560499999999998 1.32578 1.89999 1.45586 2.4105499999999997 3.4758299999999998 4.612959999999999 4.9937499999999995 4.71767 4.53311 4.53602 5.58554 6.68595 5.58959 5.54201 7.29663 6.345230000000001 4.79865 5.07126 6.35833 7.1966600000000005 7.0389800000000005 5.731000000000001 5.83022 6.99562 5.95653 4.93242 4.6357 5.7402 6.95361 6.68748 5.56245 4.731199999999999 4.68586 4.004049999999999 4.77093 3.91632 2.9047799999999997 1.6132 1.57978 1.29255 1.54796 1.1646 1.23569 1.38273 2.16929 2.7004 1.09574 0 1.59428 3.4991600000000003 2.65495 3.01626 3.5074899999999998 3.93468 4.56668 5.0823 4.53338 3.33216 3.9542599999999997 3.98879 5.185090000000001 5.173719999999999 3.84284 3.41561 4.41754 4.372529999999999 3.38422 3.7917 3.7382600000000004 3.52288 3.38382 2.41861 
3.57552 2.5452500000000002 2.45518 3.05014 4.00483 5.07011 6.20724 6.338570000000001 6.3119499999999995 6.12739 5.909730000000001 7.179820000000001 8.280230000000001 7.183870000000001 7.136290000000001 8.717310000000001 7.658430000000001 6.392930000000001 6.342890000000001 7.737629999999999 8.79094 8.28274 6.974760000000001 7.17168 8.266860000000001 7.2277700000000005 6.20366 6.00121 7.10571 8.32732 8.061190000000002 6.936160000000001 5.889950000000001 5.92962 5.00131 6.0802 5.015230000000001 3.86744 2.57586 1.50565 1.26752 2.34772 1.80572 1.53696 2.94506 2.24474 2.8247999999999998 1.17119 1.59428 0 3.5746100000000003 3.61217 3.35678 4.479 4.51288 5.57627 6.67658 4.8739 4.46283 4.33017 5.36809 6.77937 6.50182 5.43712 3.49106 4.64889 4.55565 3.45967 4.51358 4.60394 4.67586 4.60329 3.47667 
