21
13 35 45 44 28 11 9 16 18 46 33 36 23 7 2 4 32 17 34 15 10
0 1.04615 2.08301 2.77733 1.71776 2.55609 2.56957 3.5869600000000004 3.57508 3.0084299999999997 4.15893 3.74667 3.57397 2.40947 2.339 4.01201 3.30383 4.41468 4.25679 2.96774 1.06271 
1.04615 0 1.03686 1.73118 1.81795 2.8880999999999997 3.0933900000000003 3.79746 2.66204 1.96228 3.11278 3.3837 4.4885 3.4556199999999997 3.38515 4.79313 3.81603 3.67482 3.21064 4.01389 2.10886 
2.08301 1.03686 0 1.07104 1.25181 2.32196 3.04162 2.7606 1.62518 2.2710299999999997 3.4215299999999997 3.6924499999999996 4.79725 4.49248 4.2565 4.22265 3.7878 3.8341000000000003 3.01319 4.71474 3.14572 
2.77733 1.73118 1.07104 0 1.19903 2.26918 3.42072 2.53822 1.4028 1.19999 2.3504899999999997 2.62141 3.72621 3.95861 4.028689999999999 4.13359 3.39161 3.43791 4.05979 5.44977 3.7625599999999997 
1.71776 1.81795 1.25181 1.19903 0 1.07015 2.4992799999999997 3.5166699999999995 2.60183 2.39902 3.5495200000000002 3.67997 3.65517 3.7019699999999998 3.8414699999999997 2.97518 2.5973300000000004 3.25069 3.42422 4.25074 2.56353 
2.55609 2.8880999999999997 2.32196 2.26918 1.07015 0 1.42913 2.44652 3.5819400000000003 3.46917 3.13672 4.46929 4.57833 4.13624 4.0657700000000006 3.71522 2.70345 3.4245 2.35407 3.18059 1.49338 
2.56957 3.0933900000000003 3.04162 3.42072 2.4992799999999997 1.42913 0 1.01739 2.15281 3.4960500000000003 2.3455500000000002 3.6781200000000003 4.782920000000001 4.14972 4.07925 4.38034 3.79085 2.9606399999999997 2.7190700000000003 3.26441 1.50686 
3.5869600000000004 3.79746 2.7606 2.53822 3.51667 2.44652 1.01739 0 1.13542 3.7382099999999996 2.63054 3.96311 3.9474 4.7125200000000005 3.2634800000000004 3.36295 2.77346 1.94325 3.10506 3.28336 2.5242500000000003 
3.57508 2.66204 1.62518 1.4028 2.60183 3.5819400000000003 2.15281 1.13542 0 2.6027899999999997 3.75329 3.9602399999999998 3.31524 4.080360000000001 2.63132 2.73079 3.3754099999999996 3.07867 4.24048 4.41878 3.65967 
3.0084299999999997 1.96228 2.2710299999999997 1.19999 2.39902 3.46917 3.4960500000000003 3.7382099999999996 2.6027899999999997 0 1.1505 1.42142 2.52622 2.7586199999999996 3.85249 3.9929999999999994 2.42375 3.05666 2.8598 4.56135 4.07114 
4.15893 3.11278 3.4215299999999997 2.3504899999999997 3.54952 3.13672 2.3455500000000002 2.63054 3.75329 1.1505 0 1.33257 2.43737 2.6697699999999998 3.76364 3.9041499999999996 2.65451 1.90616 1.95559 3.65714 3.38736 
3.74667 3.3837 3.69245 2.62141 3.67997 4.46929 3.67812 3.9631100000000004 3.9602399999999998 1.42142 1.33257 0 1.1048 1.3372 2.43107 2.57158 2.8472600000000003 2.93857 3.28816 4.98971 3.98006 
3.57397 4.4885 4.79725 3.72621 3.65517 4.57833 4.78292 3.9474 3.31524 2.52622 2.43737 1.1048 0 1.1645 2.6135400000000004 2.54678 3.9520600000000004 4.0433699999999995 4.39296 5.71239 3.80736 
2.40947 3.4556199999999997 4.49248 3.9586099999999993 3.70197 4.13624 4.14972 4.7125200000000005 4.080360000000001 2.7586199999999996 2.6697699999999998 1.3372 1.1645 0 1.44904 2.59358 3.97113 4.27132 4.62536 4.54789 2.6428599999999998 
2.339 3.38515 4.2565 4.02869 3.84147 4.06577 4.07925 3.2634800000000004 2.63132 3.85249 3.76364 2.43107 2.6135400000000004 1.44904 0 1.67301 2.5220900000000004 2.82228 3.98409 4.47742 2.57239 
4.01201 4.79313 4.22265 4.13359 2.97518 3.71522 4.38034 3.36295 2.73079 3.993 3.90415 2.57158 2.54678 2.59358 1.67301 0 2.52059 3.33392 3.88352 4.71004 4.2454 
3.3038299999999996 3.81603 3.7878 3.39161 2.5973300000000004 2.70345 3.79085 2.77346 3.3754099999999996 2.42375 2.65451 2.8472600000000003 3.9520600000000004 3.9711300000000005 2.5220900000000004 2.52059 0 1.11085 2.27266 3.9742100000000002 3.56213 
4.41468 3.67482 3.8341000000000003 3.43791 3.25069 3.4245 2.9606399999999997 1.94325 3.07867 3.05666 1.90616 2.93857 4.0433699999999995 4.27132 2.82228 3.33392 1.11085 0 1.16181 2.86336 3.67514 
4.2567900000000005 3.21064 3.01319 4.05979 3.42422 2.35407 2.7190700000000003 3.10506 4.24048 2.8598 1.95559 3.28816 4.39296 4.62536 3.9840899999999997 3.88352 2.27266 1.16181 0 1.70155 3.21096 
2.96774 4.01389 4.71474 5.449770000000001 4.25074 3.18059 3.26441 3.28336 4.41878 4.56135 3.65714 4.9897100000000005 5.71239 4.54789 4.47742 4.71004 3.9742100000000002 2.86336 1.70155 0 1.90503 
1.06271 2.10886 3.14572 3.76256 2.56353 1.49338 1.50686 2.5242500000000003 3.65967 4.07114 3.38736 3.98006 3.80736 2.6428599999999998 2.57239 4.2454 3.5621300000000002 3.67514 3.21096 1.90503 0 
