25
64 34 71 63 66 68 62 37 36 61 56 19 53 46 51 23 31 29 11 22 3 2 20 35 73
0 1.06213 2.07551 2.83728 3.01114 2.5426900000000003 2.60135 2.71305 4.10194 5.15334 3.9378600000000006 2.8210800000000003 3.34893 3.75021 4.78496 3.95075 5.0392399999999995 4.80517 3.04908 4.19697 5.04328 4.50082 3.91323 4.47995 2.84153 
1.06213 0 1.01338 1.77515 1.94901 1.48056 1.53922 1.65092 3.03981 4.09121 2.87573 1.75895 2.2868 2.6880800000000002 3.72283 2.88862 3.9771099999999997 3.7430399999999997 1.98695 3.13484 3.98115 3.4386900000000002 2.8510999999999997 3.41782 1.7794 
2.07551 1.01338 0 1.02247 1.41026 1.23065 2.2799 2.45441 3.8433 4.8947 3.82348 2.77233 2.8719 3.4915700000000003 4.73621 3.902 4.990489999999999 4.75642 3.00033 4.14822 4.99453 4.45207 3.6545900000000002 4.22131 2.79278 
2.83728 1.77515 1.02247 0 1.40543 1.68339 1.58497 1.91069 3.2995799999999997 4.35098 3.27976 2.89152 1.84943 2.94785 4.41163 4.46218 4.476570000000001 4.2425 2.4864100000000002 3.6767400000000006 4.48061 3.9381500000000003 3.1108700000000002 3.67759 3.55455 
3.01114 1.94901 1.41026 1.40543 0 1.40523 1.13872 1.04415 2.43304 3.48444 2.41322 3.01482 2.04695 2.08131 3.54509 3.9486999999999997 4.3953299999999995 4.16126 2.40517 3.5955000000000004 4.39937 3.85691 2.2443299999999997 2.81105 3.7284100000000002 
2.5426900000000003 1.48056 1.23065 1.68339 1.40523 0 1.04925 1.50828 2.89717 3.94857 2.87735 3.23951 2.49229 2.54544 4.00922 3.94428 4.85946 4.6253899999999994 2.8693 4.05963 4.8635 4.32104 2.70846 3.2751799999999998 3.2599600000000004 
2.60135 1.53922 2.2799 1.58497 1.13872 1.04925 0 1.1338 2.52269 3.57409 2.5028699999999997 2.48513 1.44304 2.17096 3.63474 4.2851099999999995 4.48498 4.250909999999999 2.49482 3.68515 4.48902 3.94656 2.33398 2.9006999999999996 3.31862 
2.71305 1.65092 2.45441 1.91069 1.04415 1.50828 1.1338 0 1.38889 2.44029 1.36907 1.97067 1.0028 1.03716 2.50094 3.3367899999999997 3.35118 3.11711 1.36102 2.5513500000000002 3.35522 2.81276 1.20018 1.7669 3.43032 
4.10194 3.03981 3.8433 3.2995799999999997 2.43304 2.89717 2.52269 1.38889 0 1.0514 2.49678 2.5095 2.3916899999999996 2.40686 3.87064 3.41697 3.4313599999999997 3.1972899999999997 1.4412 2.63153 3.4354 2.8929400000000003 1.26139 1.65714 4.81921 
5.15334 4.09121 4.8947 4.35098 3.48444 3.94857 3.57409 2.44029 1.0514 0 1.44538 2.5621600000000004 3.4430899999999998 3.4582599999999997 4.888200000000001 4.46837 4.48276 4.24869 2.4926 3.68293 4.4868 3.94434 2.3127899999999997 2.70854 5.87061 
3.9378599999999997 2.87573 3.82348 3.27976 2.41322 2.87735 2.5028699999999997 1.36907 2.49678 1.44538 0 1.11678 2.1588700000000003 2.40623 3.44282 3.68489 4.1752400000000005 3.94117 2.18508 3.3754100000000005 4.17928 3.63682 2.5692500000000003 3.13597 4.65513 
2.8210800000000003 1.75895 2.77233 2.89152 3.01482 3.23951 2.48513 1.97067 2.5095 2.5621600000000004 1.11678 0 1.04209 2.6424700000000003 2.32604 2.56811 3.05846 2.82439 1.0683 2.25863 3.0625 2.52004 1.497 2.60846 3.5383500000000003 
3.34893 2.2868 2.8719 1.84943 2.04695 2.49229 1.44304 1.0028 2.3916899999999996 3.4430899999999998 2.1588700000000003 1.04209 0 2.0399599999999998 3.3681300000000003 3.6102000000000003 4.10055 3.8664799999999997 2.1103899999999998 3.30072 4.10459 3.56213 2.20298 2.7697 4.0662 
3.75021 2.6880800000000002 3.4915700000000003 2.94785 2.08131 2.54544 2.17096 1.03716 2.40686 3.45826 2.40623 2.6424700000000003 2.0399599999999998 0 1.46378 2.94604 4.13922 3.90515 2.14906 3.33939 4.14326 3.6008 1.14547 2.2569299999999997 4.46748 
4.78496 3.72283 4.73621 4.41163 3.54509 4.00922 3.63474 2.50094 3.8706400000000003 4.8882 3.44282 2.32604 3.36813 1.46378 0 2.24683 3.79943 3.39442 2.66243 3.85276 4.65663 4.11417 2.6092500000000003 3.7207100000000004 5.50223 
3.95075 2.88862 3.902 4.46218 3.9486999999999997 3.94428 4.2851099999999995 3.3367899999999997 3.41697 4.46837 3.68489 2.56811 3.6102 2.94604 2.24683 0 1.5526 1.14759 1.97577 3.1661 3.96997 3.42751 2.97936 3.68053 4.66802 
5.0392399999999995 3.9771099999999997 4.990489999999999 4.47657 4.3953299999999995 4.85946 4.48498 3.35118 3.4313599999999997 4.48276 4.1752400000000005 3.05846 4.10055 4.13922 3.79943 1.5526 0 1.19491 1.99016 3.18049 3.9843599999999997 3.4419 2.99375 3.6949199999999998 5.75651 
4.8051699999999995 3.7430399999999997 4.756419999999999 4.2425 4.1612599999999995 4.6253899999999994 4.250909999999999 3.11711 3.1972899999999997 4.24869 3.9411700000000005 2.82439 3.86648 3.90515 3.39442 1.14759 1.19491 0 1.75609 2.94642 3.7502899999999997 3.20783 2.75968 3.4608499999999998 5.52244 
3.04908 1.98695 3.00033 2.4864100000000002 2.40517 2.8693 2.49482 1.36102 1.4412 2.4926 2.18508 1.0683 2.1103899999999998 2.14906 2.66243 1.97577 1.99016 1.75609 0 1.19033 1.9942 1.45174 1.00359 1.70476 3.76635 
4.19697 3.13484 4.14822 3.6767399999999997 3.5955000000000004 4.05963 3.68515 2.5513500000000002 2.63153 3.68293 3.3754100000000005 2.25863 3.30072 3.3393900000000003 3.8527600000000004 3.1661 3.18049 2.94642 1.19033 0 3.18453 2.6420700000000004 2.1939200000000003 2.89509 4.91424 
5.04328 3.98115 4.99453 4.4806099999999995 4.39937 4.8635 4.48902 3.35522 3.4354 4.4868 4.17928 3.0625 4.10459 4.14326 4.65663 3.96997 3.9843599999999997 3.7502899999999997 1.9942 3.18453 0 1.20853 2.99779 3.69896 5.76055 
4.50082 3.4386900000000002 4.45207 3.9381500000000003 3.85691 4.32104 3.94656 2.81276 2.8929400000000003 3.9443400000000004 3.63682 2.52004 3.56213 3.6008 4.11417 3.42751 3.4419 3.20783 1.45174 2.6420700000000004 1.20853 0 2.45533 3.1565000000000003 5.21809 
3.9132299999999995 2.8510999999999997 3.65459 3.1108700000000002 2.2443299999999997 2.70846 2.33398 1.20018 1.26139 2.3127899999999997 2.5692500000000003 1.497 2.20298 1.14547 2.6092500000000003 2.97936 2.99375 2.75968 1.00359 2.1939200000000003 2.99779 2.45533 0 1.11146 4.6305 
4.47995 3.41782 4.22131 3.67759 2.81105 3.2751799999999998 2.9006999999999996 1.7669 1.65714 2.70854 3.13597 2.60846 2.7697 2.2569299999999997 3.7207099999999995 3.68053 3.6949199999999998 3.4608499999999998 1.70476 2.89509 3.69896 3.1565000000000003 1.11146 0 5.19722 
2.84153 1.7794 2.79278 3.55455 3.7284100000000002 3.2599600000000004 3.31862 3.43032 4.81921 5.87061 4.655130000000001 3.5383500000000003 4.0662 4.46748 5.502230000000001 4.66802 5.7565100000000005 5.52244 3.76635 4.91424 5.76055 5.21809 4.6305 5.19722 0 
