37
GUDSRTKLA MNWMWDXCQ MWTSDF JOWHZXTIA GVNFQM YNHRBC TCXWZV ZLYFI VHLSP XJOXYWA CRSMUEPQG AOWYQNAYA DQOPCH YFKIFTRS TNKNMUFI RRFKVFYKR QOHWG OMBFD KAYADTT FVKLDY UGSZCNL AWQOWSNYN JVYIBRJ VSMLVXSP IZNSKNS VASGY MHXHJGEF KUUVZB VHHVQ XGGIUBVDN TNSRRJCDD XWBHEYXJU ZPFHBWI ZSHRTZVKO EGEASKKIE WRQUJ UMUCUTWAW
0 1070901657.05163 2027896643.5694199 1328728513.23905 2225872836.71434 1159450112.51046 2219098268.46167 1373295647.74151 2200477863.3389997 2611699932.00718 2169389849.16636 2230211955.56146 1529717613.7668 1957516772.02035 1309731187.21541 2273015948.81366 1726720209.41237 1556281756.17981 2055836030.6940398 1616895076.0084 2190017150.81623 2224349467.7148 1697817970.37611 2084676978.10389 2253651124.83915 2313002957.0895 1275326509.65341 2313105887.77547 2362560576.48365 1525646227.14701 2271848825.64857 2198785610.88095 1506276514.38114 2306084735.80147 1234534157.25292 1439592937.76355 1612661019.0264 
1070901657.05163 0 1031401740.82753 2124433727.4405599 2195427695.57323 2230351769.56209 2503109265.5096703 1684224444.22098 1937521509.77311 2626451436.04591 2356520012.15714 1921663210.18648 2381898536.73273 2216633270.68364 2366179456.08342 1885115686.89544 1653247882.7735 2173556253.86374 1169164911.96558 2220163757.92507 1534278169.66487 1483611334.1264 1658910297.23285 2315783448.29804 1296654041.75167 1346923306.50532 1761295406.30592 1768725485.1072 2353597874.4784 2596547884.19864 1590516742.19434 1472679151.34571 1621353605.61959 2232885989.35303 2193517007.91405 2403205724.21266 1156985472.77281 
2027896643.5694199 1031401740.82753 0 1093031986.61303 2230964175.22718 1728632441.15634 2459419185.93896 1586060870.68898 1648361267.12114 2349165844.3970203 2263080976.02433 1256990610.33629 1855394443.51235 1537293408.96687 2207799503.4934397 2292827325.6033 2637906293.2979603 2315771686.92868 1686369074.64527 2245582323.00933 1176643628.90513 2213066300.81144 2090426852.19573 1954865475.15508 1725709857.82487 2295662815.49144 2524947466.47008 2317045163.9190903 2374606710.6672897 1989117728.75115 1549244195.64382 2257284452.0244102 2272292602.55156 1420209445.99034 1162115267.08652 1492350400.22529 2188387213.60034 
1328728513.23905 2124433727.4405599 1093031986.61303 0 1189103206.93654 2263700170.93412 2102080660.42134 1110152719.55202 2106883319.12718 2263933120.20633 2191582077.86947 2241108915.48702 1983549402.64471 1222250523.85407 1114767516.88041 1561983659.83934 2293375456.61847 1354556382.37987 2154871576.51334 1907413826.20924 2257902940.89093 2303431329.87423 1881729332.58417 2270296093.04604 2038945054.6877398 1314283005.48015 1751361967.83245 2276003527.3896704 2320957573.45323 2234475496.38527 2158388298.95275 1345517224.11982 2256201657.77779 2160521346.2041 1121073630.5571 1917493429.71986 2071776395.95618 
2225872836.71434 2195427695.57323 2230964175.22718 1189103206.93654 0 1074596963.99758 2114999710.25147 2154967597.4647903 1101689078.0668 1554109196.24032 2132839761.5320601 2112052668.62694 2279491859.67334 1566599884.52776 2241860209.7251 1878959300.15665 1172534107.50875 1923548497.08721 1770212525.51673 2327071769.90477 1794432886.90864 1330914132.09796 1479025244.25616 1930841468.97179 1194247364.69228 1157974909.89189 1983237047.80387 1359703684.66555 1273626733.37954 1981401465.21436 2357848947.56813 1491159677.40332 2188154297.18943 2273935045.6521 1623628379.60787 2285402475.88376 2408227784.1135397 
1159450112.51046 2230351769.56209 1728632441.15634 2263700170.93412 1074596963.99758 0 1059648155.95121 1583164687.05565 2058598577.48545 1485434828.71831 2254887062.59715 1438785975.24855 2179445507.30975 2146331586.26688 2029742661.47894 2523112070.91423 1991729077.1123 1984734877.44554 1438502056.73287 2099505732.40997 1030567038.30577 1898573540.51754 2329108415.68928 1601393965.49218 1094201012.32869 2149882017.64177 1970277784.86267 2434300648.66313 1203110463.97319 1316905697.85405 1283251983.57055 1525752653.77028 1571325505.03083 1674154049.72755 2191152430.53232 1885845041.98101 1794673713.5059 
2219098268.46167 2503109265.5096703 2459419185.93896 2102080660.42134 2114999710.25147 1059648155.95121 0 1126254581.23546 2153856307.86386 1378279317.18593 1860734129.72359 2196680232.76428 2277089599.96972 1770449121.6966 2088981746.24338 2060582099.9237 1288420232.35805 1363182600.53236 1937478233.39434 1716256156.1739 1976453519.1615 2334032914.7560396 1688578303.64894 2252244138.68721 2153849168.2799 2114362588.41206 2156088852.03819 2308008886.0166903 2036504412.59227 1786875326.58145 1518858290.01589 2145135865.83197 2109860596.72508 1238223309.50677 1476536543.68 1246448191.50274 2348866715.4226303 
1373295647.74151 1684224444.22098 1586060870.68898 1110152719.55202 2154967597.4647903 1583164687.05565 1126254581.23546 0 1053278519.39799 2089537200.4548001 1536786848.23429 1958255838.08853 2534674094.41924 1765160026.65632 1495366396.98643 2338011152.7723904 1645225545.41422 1681814353.13573 1992798640.59947 2569945403.38201 1501006709.27781 1374004605.76251 2215494082.38538 1257428747.81428 2198893473.9597197 2236627268.46634 1960279043.92998 1640329282.03557 1229952700.49326 1138024463.49037 2159575278.06082 2455669943.67184 2444359037.7681904 1743017809.98826 1624301284.05074 1652768665.53848 2147171882.15955 
2200477863.3389997 1937521509.77311 1648361267.12114 2106883319.12718 1101689078.0668 2058598577.48545 2153856307.86386 1053278519.39799 0 1036258681.05681 1902819276.41527 1686545054.63576 2230859449.54279 1585035621.49489 1649560825.55887 1580694806.43416 1573150291.56275 2167159597.20323 1450860768.31368 2096970233.28388 1028031539.17968 1531105859.04794 1162215562.98739 2164744361.1081 1145614954.56173 2046786438.6796198 2245687230.71499 2061670996.34382 2214280176.28627 1261525822.43407 2170710814.70666 2108672362.2989602 1518070463.79325 1172245967.5853 2323520420.11514 2220475865.46404 2281290565.69019 
2611699932.00718 2626451436.04591 2349165844.3970203 2263933120.20633 1554109196.24032 1485434828.71831 1378279317.18593 2089537200.4548001 1036258681.05681 0 1101797770.55845 2107888136.24649 2318627611.68058 1153861048.74054 2409276477.75028 2302279395.4761 1496097310.93355 1596095816.53447 2392784593.1055403 1615623457.90798 2064290220.23649 1479401653.09623 2198474244.0442 1221696990.51799 1393839891.82767 2241204923.43921 1606301217.61027 1025412315.28701 2153574369.1824102 1707651681.47958 2372400956.75643 2388918553.62271 1859593539.60428 2208504648.64211 1830832784.91694 2222395650.48932 1692178581.42143 
2169389849.16636 2356520012.15714 2263080976.02433 2191582077.86947 2132839761.5320601 2254887062.59715 1860734129.72359 1536786848.23429 1902819276.41527 1101797770.55845 0 1006090365.68804 2046986736.82999 2209120166.61838 1438079339.42917 2235538854.69899 1545535446.93191 1888663898.47449 1705313990.91711 2092853616.14029 2336900522.1434402 1874367586.31115 1277463014.31782 2270084189.9678 2120441820.3485 1661059443.33329 2159299518.17118 1415880085.25724 1051776598.62396 2408225947.88411 1656671657.92208 1717937182.27013 2088423340.02417 1361443512.26702 2264584302.8359003 1824824535.85436 1991080525.8894 
2230211955.56146 1921663210.18648 1256990610.33629 2241108915.48702 2112052668.62694 1438785975.24855 2196680232.76428 1958255838.08853 1686545054.63576 2107888136.24649 1006090365.68804 0 1040896371.14195 2133258243.73735 2177415296.99575 1895076605.16128 2159151101.9604697 2400423562.30455 1998088634.44009 2417015074.39487 2108371781.28313 1422805412.24504 2164454163.80059 2245328373.3832397 1373311728.36059 1787208841.19128 1735545279.6887 1749163957.76344 2057866964.312 2377967270.08119 2080528624.9944801 1051227826.85401 1082332974.33613 1676503963.24882 2130357140.27496 2479863410.82158 2394919503.45854 
1529717613.7668 2381898536.73273 1855394443.51235 1983549402.64471 2279491859.67334 2179445507.30975 2277089599.96972 2534674094.41924 2230859449.54279 2318627611.68058 2046986736.82999 1040896371.14195 0 1164766562.94004 1136518925.8538 2232592294.0075 2399693643.27225 2363933388.6434298 1907647829.6803 2293744024.72408 1224805330.61988 2282261924.52265 2031286509.9812 2017954044.52594 1085244494.98106 1396268776.15191 2441728078.84094 1380104989.61361 2153909716.7056 1396649630.92887 1606877078.84547 2092124197.99596 2090831322.96797 1991078298.44858 2487071012.24499 2191796177.44205 2121941986.59434 
1957516772.02035 2216633270.68364 1537293408.96687 1222250523.85407 1566599884.52776 2146331586.26688 1770449121.6966 1765160026.65632 1585035621.49489 1153861048.74054 2209120166.61838 2133258243.73735 1164766562.94004 0 2299670885.40042 1693798704.46152 2485758240.0479603 2243314886.2631598 1238923544.365 1360160524.08647 1707797211.5596 1850288824.32034 1489052434.70781 1412741872.70097 2250011057.9211 1994521860.31855 1283511529.93738 2179273364.0275497 1456775690.0584 1520702033.95149 2374718648.70015 2341797463.2374 1150727342.11908 1164936888.16029 1755759015.12627 2359895997.22967 1349703929.20256 
1309731187.21541 2366179456.08342 2207799503.4934397 1114767516.88041 2241860209.7251 2029742661.47894 2088981746.24338 1495366396.98643 1649560825.55887 2409276477.75028 1438079339.42917 2177415296.99575 1136518925.8538 2299670885.40042 0 2528082953.45343 1522555492.79582 1417774421.66992 1447261988.58198 2317010132.47515 1248071438.37095 2264049656.53804 1600175586.0648 2466764711.35229 2126331488.37623 2154452107.2456903 1926177512.64328 2516623915.46741 2113892878.17442 1442121016.87474 2435841195.12064 2152732176.18919 1226353737.83762 2191909554.34553 2235841147.43751 1102117135.6702 2343585683.4590597 
2273015948.81366 1885115686.89544 2292827325.6033 1561983659.83934 1878959300.15665 2523112070.91423 2060582099.9237 2338011152.7723904 1580694806.43416 2302279395.4761 2235538854.69899 1895076605.16128 2232592294.0075 1693798704.46152 2528082953.45343 0 1008574044.72168 2012651242.79984 2751574047.02752 2249600647.67863 1764484310.86163 2242736657.21817 2092279656.0216498 1080582404.95811 2099711811.5044801 1045168091.06905 2204794200.81534 2028162698.38032 2051842659.04213 1563504330.0939 2389400515.6414 2534881786.45867 1729919188.35523 1714687542.46686 2314416352.37325 1425965817.78323 1663211603.56206 
1726720209.41237 1653247882.7735 2637906293.2979603 2293375456.61847 1172534107.50875 1991729077.1123 1288420232.35805 1645225545.41422 1573150291.56275 1496097310.93355 1545535446.93191 2159151101.9604697 2399693643.27225 2485758240.0479603 1522555492.79582 1008574044.72168 0 1004077198.07816 2008468539.97632 1371315308.11882 1499396875.64727 1820761935.32957 1988719119.66859 1544230761.94287 1720445560.18693 2053742135.79073 1959115390.99281 1019588653.65864 1570992501.70046 1894814247.99876 2253727265.24479 1526307741.73699 2221128125.44866 2246307313.95655 2174518550.49121 1663158846.63559 2476760813.6132402 
1556281756.17981 2173556253.86374 2315771686.92868 1354556382.37987 1923548497.08721 1984734877.44554 1363182600.53236 1681814353.13573 2167159597.20323 1596095816.53447 1888663898.47449 2400423562.30455 2363933388.6434298 2243314886.2631598 1417774421.66992 2012651242.79984 1004077198.07816 0 1004391341.89816 2055390187.8576498 1139128058.02355 2047148713.12004 2384215755.1068296 1202464815.26929 2170551510.80841 1399632132.38044 2290495902.86514 1894882111.92993 2226017202.9291 2451813616.1212397 2140452680.6470098 1770580958.37601 2221688551.3168 1749422855.67316 2111378779.24255 2146117150.35433 2373380983.86792 
2055836030.6940398 1169164911.96558 1686369074.64527 2154871576.51334 1770212525.51673 1438502056.73287 1937478233.39434 1992798640.59947 1450860768.31368 2392784593.1055403 1705313990.91711 1998088634.44009 1907647829.6803 1238923544.365 1447261988.58198 2751574047.02752 2008468539.97632 1004391341.89816 0 1050998845.95949 1458155062.34699 2241005687.93606 1384178689.47897 1949186136.66085 1596545643.61617 2094774696.06578 1855095370.81901 2261917334.17696 1863796416.858 2519754737.90939 2144302105.7400398 1554451844.52849 2389650886.4840803 2108927874.01217 1106987437.34439 2500643840.03631 1529985425.83115 
1616895076.0084 2220163757.92507 2245582323.00933 1907413826.20924 2327071769.90477 2099505732.40997 1716256156.1739 2569945403.38201 2096970233.28388 1615623457.90798 2092853616.14029 2417015074.39487 2293744024.72408 1360160524.08647 2317010132.47515 2249600647.67863 1371315308.11882 2055390187.8576498 1050998845.95949 0 1068938694.1042 1356091352.8636 1922895769.3419 2449514035.62287 2227604570.3185 2243464902.67616 2610525734.12594 2390903961.77746 2110344231.6882 2476471485.64172 1940111216.59514 1365787247.54086 2263612642.36304 2363603661.8701 1777704980.72973 2104942064.0552802 2072132414.4241 
2190017150.81623 1534278169.66487 1176643628.90513 2257902940.89093 1794432886.90864 1030567038.30577 1976453519.1615 1501006709.27781 1028031539.17968 2064290220.23649 2336900522.1434402 2108371781.28313 1224805330.61988 1707797211.5596 1248071438.37095 1764484310.86163 1499396875.64727 1139128058.02355 1458155062.34699 1068938694.1042 0 1057456593.90277 1923479059.34882 2177827150.82431 2124768050.63446 1688276942.2732 2198575899.90324 2518985529.30591 1320881790.04648 2289557361.61375 1476962429.88153 1080640823.11928 1686222569.36963 1801059036.21987 2246255580.25446 2073505053.22888 1897265835.44369 
2224349467.7148 1483611334.1264 2213066300.81144 2303431329.87423 1330914132.09796 1898573540.51754 2334032914.7560396 1374004605.76251 1531105859.04794 1479401653.09623 1874367586.31115 1422805412.24504 2282261924.52265 1850288824.32034 2264049656.53804 2242736657.21817 1820761935.32957 2047148713.12004 2241005687.93606 1356091352.8636 1057456593.90277 0 1116574017.90782 1162154252.26006 2181283658.80643 2176048007.64357 2496468395.7790203 2440312549.65555 1169373439.67049 2389639975.89135 2202499997.9461603 2138097417.0220501 1944411530.06408 2171366232.63697 2135850123.1937199 1621234697.2391 2227225129.25028 
1697817970.37611 1658910297.23285 2090426852.19573 1881729332.58417 1479025244.25616 2329108415.68928 1688578303.64894 2215494082.38538 1162215562.98739 2198474244.0442 1277463014.31782 2164454163.80059 2031286509.9812 1489052434.70781 1600175586.0648 2092279656.0216498 1988719119.66859 2384215755.1068296 1384178689.47897 1922895769.3419 1923479059.34882 1116574017.90782 0 1571522642.25868 2270011987.9963503 1987301781.01504 1884968326.76389 2576603878.93582 2175236048.0395803 2107476794.60879 1085925980.03834 1957631211.50594 1520356435.07136 1054792214.72915 2123240648.43399 1163460305.53536 2472146339.16372 
2084676978.10389 2315783448.29804 1954865475.15508 2270296093.04604 1930841468.97179 1601393965.49218 2252244138.68721 1257428747.81428 2164744361.1081 1221696990.51799 2270084189.9678 2245328373.3832397 2017954044.52594 1412741872.70097 2466764711.35229 1080582404.95811 1544230761.94287 1202464815.26929 1949186136.66085 2449514035.62287 2177827150.82431 1162154252.26006 1571522642.25868 0 1019129406.54637 1272490064.32102 2432116174.06731 1278158297.39549 1222347776.28646 1966369561.51854 2402704144.92755 1496470144.07269 2091863027.8003101 1233053981.7157 2189805956.3225 1955008734.64629 1918234224.19651 
2253651124.83915 1296654041.75167 1725709857.82487 2038945054.6877398 1194247364.69228 1094201012.32869 2153849168.2799 2198893473.9597197 1145614954.56173 1393839891.82767 2120441820.3485 1373311728.36059 1085244494.98106 2250011057.9211 2126331488.37623 2099711811.5044801 1720445560.18693 2170551510.80841 1596545643.61617 2227604570.3185 2124768050.63446 2181283658.80643 2270011987.9963503 1019129406.54637 0 1055681005.31308 2215307115.05937 2297287703.94186 1068665221.72454 2107264614.03063 2186302958.63332 1157002160.49285 1695833255.42218 2092310923.19661 1850135423.06294 1106551682.46099 2066804686.56257 
2313002957.0895 1346923306.50532 2295662815.49144 1314283005.48015 1157974909.89189 2149882017.64177 2114362588.41206 2236627268.46634 2046786438.6796198 2241204923.43921 1661059443.33329 1787208841.19128 1396268776.15191 1994521860.31855 2154452107.2456903 1045168091.06905 2053742135.79073 1399632132.38044 2094774696.06578 2243464902.67616 1688276942.2732 2176048007.64357 1987301781.01504 1272490064.32102 1055681005.31308 0 1159626109.74629 2379205120.7400103 1006674567.97308 2220395643.6248198 2131217095.25486 2212683165.80593 2302799362.46208 1574897717.31814 2219482272.18502 1988095619.67305 1389040847.63191 
1275326509.65341 1761295406.30592 2524947466.47008 1751361967.83245 1983237047.80387 1970277784.86267 2156088852.03819 1960279043.92998 2245687230.71499 1606301217.61027 2159299518.17118 1735545279.6887 2441728078.84094 1283511529.93738 1926177512.64328 2204794200.81534 1959115390.99281 2290495902.86514 1855095370.81901 2610525734.12594 2198575899.90324 2496468395.7790203 1884968326.76389 2432116174.06731 2215307115.05937 1159626109.74629 0 1492728519.09159 2166300677.71937 1867066042.63241 2274039284.7255497 1244738486.58508 1473952060.62621 2444736076.6728897 1362832199.38356 2403098324.37008 1664994998.79575 
2313105887.77547 1768725485.1072 2317045163.9190903 2276003527.3896704 1359703684.66555 2434300648.66313 2308008886.0166903 1640329282.03557 2061670996.34382 1025412315.28701 1415880085.25724 1749163957.76344 1380104989.61361 2179273364.0275497 2516623915.46741 2028162698.38032 1019588653.65864 1894882111.92993 2261917334.17696 2390903961.77746 2518985529.30591 2440312549.65555 2576603878.93582 1278158297.39549 2297287703.94186 2379205120.7400103 1492728519.09159 0 1372530552.76693 2549156204.81742 1576587604.67087 1821208596.67003 1334849697.30829 2306204349.36241 1154929896.83257 2359365502.60866 1790025550.62664 
2362560576.48365 2353597874.4784 2374606710.6672897 2320957573.45323 1273626733.37954 1203110463.97319 2036504412.59227 1229952700.49326 2214280176.28627 2153574369.1824102 1051776598.62396 2057866964.312 2153909716.7056 1456775690.0584 2113892878.17442 2051842659.04213 1570992501.70046 2226017202.9291 1863796416.858 2110344231.6882 1320881790.04648 1169373439.67049 2175236048.0395803 1222347776.28646 1068665221.72454 1006674567.97308 2166300677.71937 1372530552.76693 0 1792324265.05011 1911740949.14114 1395472420.57044 1570841085.70103 1785993036.2709 1212807704.21194 1011775742.50422 1381907797.32062 
1525646227.14701 2596547884.19864 1989117728.75115 2234475496.38527 1981401465.21436 1316905697.85405 1786875326.58145 1138024463.49037 1261525822.43407 1707651681.47958 2408225947.88411 2377967270.08119 1396649630.92887 1520702033.95149 1442121016.87474 1563504330.0939 1894814247.99876 2451813616.1212397 2519754737.90939 2476471485.64172 2289557361.61375 2389639975.89135 2107476794.60879 1966369561.51854 2107264614.03063 2220395643.6248198 1867066042.63241 2549156204.81742 1792324265.05011 0 1021550814.57045 2050851612.7109199 1306334574.27782 2433771790.01937 1412767300.565 1000712931.56964 1567227586.92519 
2271848825.64857 1590516742.19434 1549244195.64382 2158388298.95275 2357848947.56813 1283251983.57055 1518858290.01589 2159575278.06082 2170710814.70666 2372400956.75643 1656671657.92208 2080528624.9944801 1606877078.84547 2374718648.70015 2435841195.12064 2389400515.6414 2253727265.24479 2140452680.6470098 2144302105.7400398 1940111216.59514 1476962429.88153 2202499997.9461603 1085925980.03834 2402704144.92755 2186302958.63332 2131217095.25486 2274039284.7255497 1576587604.67087 1911740949.14114 1021550814.57045 0 1029300798.14047 2327885388.84827 2140718194.7674901 1037314668.39565 2022263746.14009 1386220359.12538 
2198785610.88095 1472679151.34571 2257284452.0244102 1345517224.11982 1491159677.40332 1525752653.77028 2145135865.83197 2455669943.67184 2108672362.2989602 2388918553.62271 1717937182.27013 1051227826.85401 2092124197.99596 2341797463.2374 2152732176.18919 2534881786.45867 1526307741.73699 1770580958.37601 1554451844.52849 1365787247.54086 1080640823.11928 2138097417.0220501 1957631211.50594 1496470144.07269 1157002160.49285 2212683165.80593 1244738486.58508 1821208596.67003 1395472420.57044 2050851612.7109199 1029300798.14047 0 1838048340.47534 2314926219.2669697 1772795605.91 2174724939.16932 1808261919.24048 
1506276514.38114 1621353605.61959 2272292602.55156 2256201657.77779 2188154297.18943 1571325505.03083 2109860596.72508 2444359037.7681904 1518070463.79325 1859593539.60428 2088423340.02417 1082332974.33613 2090831322.96797 1150727342.11908 1226353737.83762 1729919188.35523 2221128125.44866 2221688551.3168 2389650886.4840803 2263612642.36304 1686222569.36963 1944411530.06408 1520356435.07136 2091863027.8003101 1695833255.42218 2302799362.46208 1473952060.62621 1334849697.30829 1570841085.70103 1306334574.27782 2327885388.84827 1838048340.47534 0 2224686189.15476 2145449882.56573 1440010751.66047 2409804626.21066 
2306084735.80147 2232885989.35303 1420209445.99034 2160521346.2041 2273935045.6521 1674154049.72755 1238223309.50677 1743017809.98826 1172245967.5853 2208504648.64211 1361443512.26702 1676503963.24882 1991078298.44858 1164936888.16029 2191909554.34553 1714687542.46686 2246307313.95655 1749422855.67316 2108927874.01217 2363603661.8701 1801059036.21987 2171366232.63697 1054792214.72915 1233053981.7157 2092310923.19661 1574897717.31814 2444736076.6728897 2306204349.36241 1785993036.2709 2433771790.01937 2140718194.7674901 2314926219.2669697 2224686189.15476 0 1151274452.52984 1771638700.10257 2394501104.38196 
1234534157.25292 2193517007.91405 1162115267.08652 1121073630.5571 1623628379.60787 2191152430.53232 1476536543.68 1624301284.05074 2323520420.11514 1830832784.91694 2264584302.8359003 2130357140.27496 2487071012.24499 1755759015.12627 2235841147.43751 2314416352.37325 2174518550.49121 2111378779.24255 1106987437.34439 1777704980.72973 2246255580.25446 2135850123.1937199 2123240648.43399 2189805956.3225 1850135423.06294 2219482272.18502 1362832199.38356 1154929896.83257 1212807704.21194 1412767300.565 1037314668.39565 1772795605.91 2145449882.56573 1151274452.52984 0 1607899350.27393 2423535027.52103 
1439592937.76355 2403205724.21266 1492350400.22529 1917493429.71986 2285402475.88376 1885845041.98101 1246448191.50274 1652768665.53848 2220475865.46404 2222395650.48932 1824824535.85436 2479863410.82158 2191796177.44205 2359895997.22967 1102117135.6702 1425965817.78323 1663158846.63559 2146117150.35433 2500643840.03631 2104942064.0552802 2073505053.22888 1621234697.2391 1163460305.53536 1955008734.64629 1106551682.46099 1988095619.67305 2403098324.37008 2359365502.60866 1011775742.50422 1000712931.56964 2022263746.14009 2174724939.16932 1440010751.66047 1771638700.10257 1607899350.27393 0 2139730299.22758 
1612661019.0264 1156985472.77281 2188387213.60034 2071776395.95618 2408227784.1135397 1794673713.5059 2348866715.4226303 2147171882.15955 2281290565.69019 1692178581.42143 1991080525.8894 2394919503.45854 2121941986.59434 1349703929.20256 2343585683.4590597 1663211603.56206 2476760813.6132402 2373380983.86792 1529985425.83115 2072132414.4241 1897265835.44369 2227225129.25028 2472146339.16372 1918234224.19651 2066804686.56257 1389040847.63191 1664994998.79575 1790025550.62664 1381907797.32062 1567227586.92519 1386220359.12538 1808261919.24048 2409804626.21066 2394501104.38196 2423535027.52103 2139730299.22758 0 
