69
GALHVZ AIGGLZT TQSCIQTX XQOMNCXDB JXLFSOAT DFFFG VVSNO BLXWCB RGSOR NIVCBBO BHAMV VWNAJFRNG ILXWSRIC GEGFOSJ XENTNT WEXBJV DIXXP EFOWXJQKY MWXYLX NCPEGX ZKGYGD ZNZOQPE JVWIZDBS ZEZKNGTK NHNDWOH OVKLH UDNWTRHT YAETAC WTQCHXQ CCTJZN JQHORKB KRUSUHB SIAFKK FJQMKJNWE VFEEU AOVKACB ACYPAPBPW HEFYBKPUF OLUPAJLP HWJUZVNH MSHZNEX UBODMUMJ FCWRH LNDUQDYSK JIDZW RBNAR APIOYKU TGPYEAP DKINCMT JEGRK KAUIIR TOAKXEQ PJXURKPC NTZSZ YFEZIO FZNKCK RQWCFDHW KFHZBOJXK XHMMLM EPJHOESBB AHZYCQM MRXNI HNOOUELP XZUPVI FPWMJC RGLCPSJQE VBAQD HVERBTBS USZWPSB
0 11.65717 15.28043 13.15409 15.19809 19.81021 15.47665 20.98896 13.58885 17.37644 22.03784 15.53416 23.27621 19.65033 13.71528 13.03232 14.52508 22.08895 20.90767 17.65537 16.60509 15.99953 15.56316 11.87389 10.69683 21.303440000000002 16.85611 23.46261 22.125619999999998 19.41837 21.71543 19.39636 21.39 11.82394 20.4482 21.23507 17.82377 13.17655 20.86128 21.05231 10.77855 17.37241 19.54531 21.28899 21.92007 20.55496 17.14491 20.84998 21.34854 12.75451 23.227069999999998 15.4409 19.66766 21.85352 24.15942 15.00529 12.97741 23.44949 20.759430000000002 21.73949 20.68233 13.13053 17.31515 11.81845 17.78994 11.76557 21.85191 20.225099999999998 10.13858 
11.65717 0 10.27831 19.87693 21.92328 20.097659999999998 20.02618 14.49335 20.60606 23.12641 20.16536 13.58273 11.65319 21.67709 23.73904 20.97367 21.03378 15.80589 10.61937 21.975 13.74066 21.48807 22.51642 21.710520000000002 13.64303 14.66228 17.11379 13.31937 14.61865 23.47512 23.31467 15.7525 19.80574 20.86352 15.45908 17.71055 18.28103 21.707659999999997 16.81108 17.29075 19.16564 21.24966 21.96613 17.52744 16.73394 22.7148 23.65741 23.49493 13.2532 21.48258 21.444679999999998 23.82029 14.44856 21.89413 22.13541 12.99101 22.69005 20.858890000000002 17.48231 23.43128 17.36442 24.7877 12.19651 21.56635 21.787599999999998 21.38293 12.11166 16.84816 21.388460000000002 
15.28043 10.27831 0 17.3698 19.34447 12.46658 19.26465 19.22683 12.09583 22.294159999999998 17.13547 22.13754 21.559179999999998 11.39878 22.062199999999997 22.91224 20.673879999999997 23.45035 20.89768 15.14061 17.43221 22.727559999999997 16.01767 22.37928 20.51086 13.88949 21.4452 23.36561 14.94218 22.522280000000002 22.94684 21.84505 19.16409 14.08216 12.12591 21.680239999999998 21.478740000000002 21.16152 13.34957 22.319789999999998 20.90016 21.17342 13.94216 20.42667 22.13565 13.18572 17.66359 21.157069999999997 11.07462 21.389029999999998 21.11911 21.50731 14.19449 13.19779 21.197119999999998 16.86436 12.41174 14.33942 22.59443 14.05205 10.58289 20.33822 20.17232 20.83943 11.50929 22.269 21.12564 16.44471 15.85493 
13.15409 19.87693 17.3698 0 10.09285 20.33584 16.38106 21.55749 21.2607 22.36413 17.99118 19.42435 22.827869999999997 17.50265 21.21667 21.60335 20.69931 20.5833 13.6503 11.78474 20.86644 23.05376 12.96242 17.15991 18.62857 14.19564 10.13415 19.52061 18.14623 22.06568 11.15005 13.89853 10.90546 17.96255 11.14488 18.77356 19.86335 12.9121 22.38439 17.3819 21.89015 21.28687 21.23359 15.54164 19.60228 22.50676 17.0955 20.7208 11.18023 21.49464 21.44916 23.37836 21.61616 23.06204 20.405839999999998 23.978589999999997 15.61149 20.736629999999998 12.24018 23.26831 17.40266 21.83537 16.02557 19.48999 20.84335 24.91966 20.822899999999997 20.501289999999997 22.05406 
15.19809 21.92328 19.34447 10.09285 0 10.24299 20.44607 21.27583 11.16785 16.56452 11.61537 23.30202 13.76549 17.3874 22.07428 15.12719 17.39778 21.52356 19.65204 19.89274 19.08246 21.568689999999997 18.58494 20.129530000000003 12.14353 20.310000000000002 20.227 16.40091 22.10865 18.20826 11.06979 13.47623 17.07302 20.90911 16.48356 18.5439 11.56362 17.25822 23.07107 20.68349 15.7731 20.310940000000002 22.28861 13.69354 11.75501 18.76548 21.654159999999997 17.28299 17.24411 20.8057 14.86815 19.81648 20.93194 22.01438 12.68348 21.758470000000003 19.53679 21.90909 18.09121 25.06637 23.358719999999998 17.74648 21.400190000000002 21.550449999999998 19.4397 14.85139 14.2074 21.386650000000003 22.9212 
19.81021 20.097659999999998 12.46658 20.33584 10.24299 0 10.20308 16.74984 15.27665 21.31644 20.076079999999997 16.44679 10.65061 18.06275 16.24282 20.88439 21.32564 22.20395 22.36937 22.415509999999998 24.045540000000003 21.09026 12.87975 22.4416 13.71242 14.08438 21.250230000000002 15.5143 21.2262 17.20819 21.31278 21.28293 16.93746 21.72449 17.13454 21.22024 13.52478 21.9568 23.82434 10.4405 14.04164 23.29934 21.4112 21.41422 20.85984 20.47376 17.9924 21.11617 12.18093 21.1188 20.52609 20.83586 10.68895 20.97038 21.72958 11.67425 11.52028 23.58736 17.73483 21.22812 15.06665 22.028579999999998 15.9333 22.25488 23.780949999999997 20.89542 21.540779999999998 19.14058 21.51851 
15.47665 20.02618 19.26465 16.38106 20.44607 10.20308 0 10.64457 20.75255 16.01829 13.60761 22.406309999999998 13.933 22.05141 21.234650000000002 15.14535 21.6046 21.89751 20.65747 18.46782 21.69833 21.47747 21.316879999999998 22.51428 18.44925 11.62798 13.42962 21.73625 11.34063 21.392290000000003 23.51347 19.60167 13.3554 14.01552 18.78672 21.13935 18.59962 23.26935 23.56792 20.64358 11.64918 22.897019999999998 22.22607 11.52373 15.91298 11.04905 19.53872 22.026829999999997 22.38401 21.471980000000002 22.33203 24.279960000000003 20.89203 12.47408 16.77011 19.72461 19.25138 16.81269 19.97199 11.30974 23.2252 22.391640000000002 23.579079999999998 21.8126 15.808 17.67114 21.560560000000002 19.65886 11.31543 
20.98896 14.49335 19.22683 21.55749 21.27583 16.74984 10.64457 0 10.10798 11.84825 22.38519 15.57731 13.06395 22.00782 21.56005 21.51869 22.33171 21.93305 19.6934 22.77561 21.19524 13.72121 11.77214 21.37167 22.22646 22.272550000000003 21.28441 12.18286 14.78018 18.18443 22.16272 16.15954 14.84993 14.22835 10.41261 14.38209 13.22894 13.24169 16.92033 22.00706 10.21041 23.16191 21.67928 21.87601 22.035330000000002 21.69362 20.59429 15.61825 22.25089 16.19609 19.27515 21.920740000000002 21.59696 20.95451 11.67436 22.38926 21.5709 22.23382 20.624699999999997 11.65498 12.58063 15.57288 20.34032 11.16803 20.53788 20.99978 19.167 22.20196 17.07846 
13.58885 20.60606 12.09583 21.2607 11.16785 15.27665 20.75255 10.10798 0 10.19833 20.73527 19.38593 23.17193 21.29773 21.56251 22.4054 16.32129 21.5401 15.6229 21.97938 20.72103 10.63173 16.49318 15.76857 14.12365 15.61759 20.32232 14.29202 21.818170000000002 22.61975 16.95807 11.09039 11.38701 22.79841 20.52059 21.70541 11.00691 18.74742 17.20574 22.25373 15.30958 22.61532 22.433529999999998 14.23614 18.79621 14.90533 10.48631 11.59267 12.14291 10.44605 12.78797 22.06332 19.57177 10.84653 21.06787 13.66903 22.11187 22.34788 15.46905 15.31158 12.19087 14.96745 10.23234 20.677680000000002 10.4299 20.73911 18.85599 14.02909 22.046509999999998 
17.37644 23.12641 22.294159999999998 22.36413 16.56452 21.31644 16.01829 11.84825 10.19833 0 10.53694 15.14093 21.67048 13.98187 12.45852 20.53606 18.94658 13.55228 21.67552 20.9755 20.94231 20.3752 21.615859999999998 10.99408 11.38026 18.81616 20.62574 11.72236 20.53235 18.11071 17.5937 10.08651 20.38203 12.60008 17.44305 11.50708 16.23404 15.73854 22.31784 15.49578 20.33529 13.38722 22.619840000000003 11.80016 21.36421 22.64412 17.61502 21.791 20.98303 11.73146 15.27659 16.76874 15.62063 18.5395 18.95433 22.82251 23.12095 14.3363 11.43296 22.42264 17.92681 22.79701 14.11022 19.52509 12.89078 20.812730000000002 20.770490000000002 12.14724 20.47741 
22.03784 20.16536 17.13547 17.99118 11.61537 20.076079999999997 13.60761 22.38519 20.73527 10.53694 0 14.228 19.04255 13.71351 16.6848 20.95209 16.73725 17.29159 19.87869 19.69174 13.58772 13.57363 12.7064 20.56203 21.9172 23.866500000000002 20.234520000000003 22.2593 22.14327 14.4315 21.88512 11.48411 20.48535 20.55869 21.72992 14.63864 19.38472 23.194679999999998 13.84727 22.24814 16.24844 20.89507 15.14919 17.57036 21.2179 16.36585 10.51519 20.564320000000002 14.11284 20.848599999999998 16.45911 22.34594 20.958530000000003 13.46736 22.11383 22.92147 23.85735 13.56265 13.63383 17.92766 14.14159 14.65345 21.97609 22.34118 23.10514 14.2324 20.80495 20.130679999999998 11.89926 
15.53416 13.58273 22.13754 19.42435 23.30202 16.44679 22.406309999999998 15.57731 19.38593 15.14093 14.228 0 10.98515 21.14555 10.15631 22.235300000000002 16.73916 19.15065 21.931829999999998 16.38194 22.12283 22.04241 14.32115 22.65211 21.17813 14.36422 16.95492 13.53965 21.40371 22.013779999999997 21.27224 20.62843 12.88556 20.80191 21.896410000000003 16.78281 17.67554 17.97768 21.70651 15.09414 21.84851 15.65271 16.13263 14.93108 12.50484 19.18727 23.01652 19.54341 21.25937 19.62372 22.56496 16.55577 22.35978 22.66497 22.4631 22.63805 18.94921 18.54916 19.27655 15.46011 21.985030000000002 21.697670000000002 19.88711 20.87603 10.62825 16.69709 14.76557 20.80059 24.32475 
23.27621 11.65319 21.559179999999998 22.827869999999997 13.76549 10.65061 13.933 13.06395 23.17193 21.67048 19.04255 10.98515 0 10.1604 17.37396 16.00958 23.05441 23.099 21.70156 18.90089 17.00638 16.32064 23.174909999999997 20.293680000000002 14.81857 12.24434 23.3535 22.5299 15.95372 12.77439 22.564010000000003 20.60667 21.31475 20.40567 17.50075 14.38178 23.85083 15.47391 16.27239 19.5744 21.95781 16.57325 21.32987 20.740090000000002 20.76016 14.01121 14.86298 18.38697 16.81724 21.012079999999997 20.73802 12.1671 18.03852 17.8256 20.816029999999998 22.1712 21.54583 15.60392 16.28931 15.56813 17.72924 22.80341 22.96473 20.97152 21.55959 20.447110000000002 21.735059999999997 16.26289 22.396009999999997 
19.65033 21.67709 11.39878 17.50265 17.3874 18.06275 22.05141 22.00782 21.29773 13.98187 13.71351 21.14555 10.1604 0 16.27651 17.17573 19.18988 21.76869 11.54116 17.53518 21.30207 16.64881 16.24109 11.28665 11.30755 14.63314 21.480719999999998 16.00966 20.793509999999998 17.44662 20.847279999999998 10.44627 15.30401 16.08462 11.6532 13.68579 13.69043 23.929609999999997 22.30067 16.84636 11.79741 23.043889999999998 19.05355 12.93564 20.711869999999998 20.92167 23.52033 14.36909 21.16609 10.85168 21.97524 21.35143 22.24071 23.32573 18.67183 12.0108 18.2024 11.04178 13.50198 15.75799 21.98167 21.93091 23.00051 14.80048 20.98882 12.49374 14.22565 24.0845 22.012610000000002 
13.71528 23.73904 22.062199999999997 21.21667 22.07428 16.24282 21.234650000000002 21.56005 21.56251 12.45852 16.6848 10.15631 17.37396 16.27651 0 12.12705 19.87395 22.64721 22.014780000000002 21.36111 11.96652 17.98628 16.30095 12.4958 21.82565 21.066879999999998 21.09004 13.25402 20.724159999999998 17.94568 19.10208 10.47212 20.76764 19.97548 21.64452 22.045 11.43611 14.9473 22.61609 22.4429 20.79972 23.47923 23.327289999999998 14.75199 16.11723 10.1856 13.83713 21.162959999999998 21.34232 21.03123 19.09634 17.06788 14.67348 14.47451 13.56165 22.657359999999997 22.415 21.090899999999998 13.7704 21.99448 21.099269999999997 23.558419999999998 13.28033 22.08495 20.78456 16.40342 21.03278 10.7229 20.60198 
13.03232 20.97367 22.91224 21.60335 15.12719 20.88439 15.14535 21.51869 22.4054 20.53606 20.95209 22.235300000000002 16.00958 17.17573 12.12705 0 10.11731 18.9961 14.54056 21.97864 21.862969999999997 11.77367 12.10449 15.75365 15.95157 22.039630000000002 22.126240000000003 18.69623 11.38219 21.43385 11.96452 19.14486 19.64899 20.719920000000002 20.881230000000002 11.53218 20.91856 18.28004 22.43739 21.31487 15.74225 11.95248 14.02892 13.08857 21.41357 22.30488 21.89435 21.623260000000002 21.16263 19.20669 15.37669 18.31206 21.54162 12.011 11.16954 21.53235 19.6816 18.83281 21.08309 14.96617 16.14965 21.858310000000003 20.79202 22.04202 21.5063 20.84874 13.30319 15.94325 15.31948 
14.52508 21.03378 20.673879999999997 20.69931 17.39778 21.32564 21.6046 22.33171 16.32129 18.94658 16.73725 16.73916 23.05441 19.18988 19.87395 10.11731 0 10.27432 20.501849999999997 22.251829999999998 13.48417 19.77652 13.44412 21.779069999999997 16.61077 21.44779 20.72347 22.500639999999997 20.549970000000002 22.10059 17.85681 22.68124 14.18601 15.11328 21.88516 17.23644 20.7177 13.43226 22.87695 21.75443 21.66082 16.04698 21.85488 20.26504 14.06866 23.1127 16.13123 20.54103 15.63445 14.65026 11.15227 21.32819 21.95909 22.12831 21.28685 13.78306 21.56037 13.34099 19.45758 15.28242 19.37994 11.85965 11.47567 21.92725 18.61033 21.749229999999997 21.14062 22.19863 15.12372 
22.08895 15.80589 23.45035 20.5833 21.52356 22.20395 21.89751 21.93305 21.5401 13.55228 17.29159 19.15065 23.099 21.76869 22.64721 18.9961 10.27432 0 10.22753 21.73376 20.86511 14.73513 22.08065 11.50475 11.39212 16.73614 10.44915 20.633029999999998 20.967750000000002 22.04668 12.99342 14.36486 21.42993 20.667 19.23099 10.20723 14.46216 21.49982 16.71819 21.375390000000003 14.99839 22.50584 13.92771 10.98838 23.61327 21.87736 22.42158 13.99884 23.88183 21.91768 18.76225 21.13927 13.49848 17.72241 20.15419 13.61613 12.13552 11.41145 21.615900000000003 10.58777 18.95699 20.25954 17.25926 15.97766 22.57433 17.48865 14.1366 11.92431 16.7504 
20.90767 10.61937 20.89768 13.6503 19.65204 22.36937 20.65747 19.6934 15.6229 21.67552 19.87869 21.931829999999998 21.70156 11.54116 22.014780000000002 14.54056 20.501849999999997 10.22753 0 11.50623 10.63758 20.68189 21.83263 11.09115 21.43596 21.49369 12.36021 11.63698 21.56241 23.037219999999998 18.12445 21.493380000000002 21.50836 10.43947 21.230220000000003 20.434759999999997 17.98059 15.10604 18.53557 15.60004 21.87236 12.27831 18.83664 16.65215 19.78401 21.185470000000002 22.74575 13.66055 16.1124 22.39284 10.82531 21.00123 22.42581 20.83717 16.09775 23.55196 21.68634 21.63898 23.045 20.8153 13.02768 22.41565 21.77204 19.8123 22.05265 22.19255 22.36507 20.85561 10.76909 
17.65537 21.975 15.14061 11.78474 19.89274 22.415509999999998 18.46782 22.77561 21.97938 20.9755 19.69174 16.38194 18.90089 17.53518 21.36111 21.97864 22.251829999999998 21.73376 11.50623 0 16.91606 16.01013 21.27875 19.19666 22.72764 19.21526 21.918889999999998 13.79462 22.8122 22.04327 21.29 10.88899 21.18451 12.23536 21.47953 21.398139999999998 11.2415 21.48068 11.43973 17.32775 17.58623 17.59846 16.2727 18.99586 11.62567 17.68292 20.10817 22.82677 12.99392 22.07412 20.746229999999997 18.67558 18.69586 22.27837 22.7698 23.03153 20.95987 15.31471 22.71004 19.25457 17.02786 23.485300000000002 21.42586 22.501820000000002 15.45491 19.50084 11.87845 12.50836 22.27532 
16.60509 13.74066 17.43221 20.86644 19.08246 24.045540000000003 21.69833 21.19524 20.72103 20.94231 13.58772 22.12283 17.00638 21.30207 11.96652 21.862969999999997 13.48417 20.86511 10.63758 16.91606 0 10.0893 17.57626 18.55528 13.58356 21.54152 21.12513 19.32845 13.25543 18.20941 21.25681 10.8558 12.99108 16.3066 24.00949 12.58166 23.40263 20.40194 15.11175 23.768030000000003 17.13404 11.85606 20.51139 20.56101 21.5842 16.15706 18.66019 20.837 22.324559999999998 12.42883 20.35953 14.37089 17.9479 24.51372 20.43754 22.53374 20.56552 14.99301 22.74628 22.53617 22.28197 21.617440000000002 21.07377 20.35765 15.24921 21.81383 11.72749 14.65356 21.40667 
15.99953 21.48807 22.727559999999997 23.05376 21.568689999999997 21.09026 21.47747 13.72121 10.63173 20.3752 13.57363 22.04241 16.32064 16.64881 17.98628 11.77367 19.77652 14.73513 20.68189 16.01013 10.0893 0 10.24087 18.33452 13.53121 22.90557 20.384729999999998 15.31722 21.045099999999998 22.82637 20.66118 10.49636 20.79188 20.542540000000002 21.27636 18.93772 20.46112 13.58352 11.70947 19.73687 21.31112 21.94536 21.10587 10.74021 20.95613 13.46982 17.92123 14.53811 19.89009 15.89009 21.54851 22.67135 19.80982 21.47826 11.54027 12.64051 22.74257 21.411839999999998 20.97214 21.73375 22.48995 12.90261 20.864069999999998 10.26835 15.23854 21.33753 13.13092 13.3939 21.573259999999998 
15.56316 22.51642 16.01767 12.96242 18.58494 12.87975 21.316879999999998 11.77214 16.49318 21.615859999999998 12.7064 14.32115 23.174909999999997 16.24109 16.30095 12.10449 13.44412 22.08065 21.83263 21.27875 17.57626 10.24087 0 15.83767 18.11091 21.91648 22.53766 19.5621 22.59315 21.33594 10.42031 20.737229999999997 23.86788 18.68119 21.629959999999997 21.35403 23.01474 15.39773 21.950339999999997 18.78155 13.97969 21.30483 21.25155 20.98108 17.99072 20.49852 18.8342 10.60525 20.846980000000002 15.36509 21.15805 20.68964 10.54273 15.26578 18.70307 14.77174 17.16677 21.37637 12.71971 11.49288 19.12398 19.26557 12.39841 12.42128 21.97005 16.87236 14.73718 17.2891 15.72403 
11.87389 21.710520000000002 22.37928 17.15991 20.129530000000003 22.4416 22.51428 21.37167 15.76857 10.99408 20.56203 22.65211 20.293680000000002 11.28665 12.4958 15.75365 21.779069999999997 11.50475 11.09115 19.19666 18.55528 18.33452 15.83767 0 10.34481 13.79642 20.402169999999998 14.10213 19.66922 20.66108 22.467460000000003 14.99768 21.03798 19.62206 10.95906 21.394669999999998 22.168170000000003 21.733240000000002 19.65663 22.51097 22.21419 15.82499 18.00131 20.68899 21.4133 22.6814 22.61399 21.5362 22.86375 21.448300000000003 11.35318 19.41531 13.64741 21.299329999999998 13.48984 22.94071 21.94492 20.804299999999998 13.29853 13.02503 22.790529999999997 22.11643 21.938769999999998 14.90474 19.14249 11.53156 13.64305 17.80887 16.27863 
10.69683 13.64303 20.51086 18.62857 12.14353 13.71242 18.44925 22.22646 14.12365 11.38026 21.9172 21.17813 14.81857 11.30755 21.82565 15.95157 16.61077 11.39212 21.43596 22.72764 13.58356 13.53121 18.11091 10.34481 0 10.60661 15.95261 23.10262 22.135309999999997 22.641109999999998 13.51905 20.98869 10.69317 11.757 21.13082 13.22277 12.80172 23.0409 22.1721 21.69547 21.47538 22.72203 15.95806 13.05944 18.16571 15.28264 18.69791 12.06305 18.45664 21.11108 21.6072 11.43128 21.57819 21.42096 22.0121 21.34545 14.22927 21.516 22.81322 21.87744 19.60966 19.2163 21.872999999999998 11.05843 12.30776 18.66567 12.87397 15.98676 11.4446 
21.303440000000002 14.66228 13.88949 14.19564 20.310000000000002 14.08438 11.62798 22.272550000000003 15.61759 18.81616 23.866500000000002 14.36422 12.24434 14.63314 21.066879999999998 22.039630000000002 21.44779 16.73614 21.49369 19.21526 21.54152 22.90557 21.91648 13.79642 10.60661 0 14.17453 23.11251 21.110460000000003 12.0345 22.95013 12.94901 21.29978 18.5019 20.778350000000003 19.13337 18.20525 19.66349 22.025930000000002 11.08886 18.01834 14.8174 22.73713 14.05154 21.11052 21.00447 20.169159999999998 21.00539 11.55188 20.44107 15.48392 13.8231 15.38685 12.67374 17.85429 21.260289999999998 21.90638 17.2303 21.58576 15.22264 22.58763 22.234830000000002 15.45886 21.665039999999998 11.564 12.37124 14.71586 23.77502 14.31522 
16.85611 17.11379 21.4452 10.13415 20.227 21.250230000000002 13.42962 21.28441 20.32232 20.62574 20.234520000000003 16.95492 23.3535 21.480719999999998 21.09004 22.126240000000003 20.72347 10.44915 12.36021 21.918889999999998 21.12513 20.384729999999998 22.53766 20.402169999999998 15.95261 14.17453 0 10.18388 20.5795 12.06796 21.2842 17.53084 21.03961 11.35545 14.5464 14.47656 12.87448 11.05067 18.3063 22.16281 22.4603 20.78167 21.34106 21.036360000000002 19.84139 12.37261 23.00942 18.6914 21.31438 21.37589 20.97071 19.10435 15.39451 12.93477 12.71789 14.2785 22.05924 13.03119 14.49145 21.036920000000002 15.04252 18.33608 21.63108 10.11638 12.12518 22.44186 20.541510000000002 10.36714 20.45366 
23.46261 13.31937 23.36561 19.52061 16.40091 15.5143 21.73625 12.18286 14.29202 11.72236 22.2593 13.53965 22.5299 16.00966 13.25402 18.69623 22.500639999999997 20.633029999999998 11.63698 13.79462 19.32845 15.31722 19.5621 14.10213 23.10262 23.11251 10.18388 0 10.39562 20.44728 13.23138 13.04261 21.67552 21.07204 22.59547 19.64493 22.136139999999997 21.06597 22.6279 16.50554 13.17532 23.07766 22.361179999999997 22.04564 13.84496 22.12295 18.12877 23.36246 20.97274 21.99346 22.46229 14.77312 23.18291 18.62474 15.19901 22.88597 21.817819999999998 12.87865 22.47166 16.45243 16.77254 23.1503 22.84108 20.30026 11.85632 23.47027 16.1199 20.55102 22.39397 
22.125619999999998 14.61865 14.94218 18.14623 22.10865 21.2262 11.34063 14.78018 21.818170000000002 20.53235 22.14327 21.40371 15.95372 20.793509999999998 20.724159999999998 11.38219 20.549970000000002 20.967750000000002 21.56241 22.8122 13.25543 21.045099999999998 22.59315 19.66922 22.135309999999997 21.110460000000003 20.5795 10.39562 0 10.05166 12.17284 12.92129 20.80702 21.089199999999998 18.36385 13.17162 21.7852 16.14917 19.66016 20.83903 21.52609 12.68204 14.28725 20.60726 20.9026 21.25445 21.0062 21.684620000000002 22.173830000000002 22.54209 21.30875 21.94997 21.412950000000002 23.393189999999997 21.371560000000002 13.03877 20.94932 21.35098 18.91733 22.650370000000002 14.85602 22.202469999999998 21.75706 11.07688 21.32466 21.65339 13.66734 12.57575 11.99835 
19.41837 23.47512 22.522280000000002 22.06568 18.20826 17.20819 21.392290000000003 18.18443 22.61975 18.11071 14.4315 22.013779999999997 12.77439 17.44662 17.94568 21.43385 22.10059 22.04668 23.037219999999998 22.04327 18.20941 22.82637 21.33594 20.66108 22.641109999999998 12.0345 12.06796 20.44728 10.05166 0 10.91563 21.31664 12.90052 21.44066 22.84354 11.83945 16.54824 18.70122 19.81951 10.78737 11.53643 20.842489999999998 21.83224 21.10749 22.88787 22.40776 21.958979999999997 21.78754 23.30049 20.258490000000002 17.61181 12.47947 21.31595 22.701169999999998 18.57423 11.49041 22.177979999999998 22.55904 23.19639 18.41553 23.01054 12.15081 12.38741 17.43737 14.11318 11.60173 21.68807 21.220489999999998 19.55078 
21.71543 23.31467 22.94684 11.15005 11.06979 21.31278 23.51347 22.16272 16.95807 17.5937 21.88512 21.27224 22.564010000000003 20.847279999999998 19.10208 11.96452 17.85681 12.99342 18.12445 21.29 21.25681 20.66118 10.42031 22.467460000000003 13.51905 22.95013 21.2842 13.23138 12.17284 10.91563 0 10.40101 20.69653 24.928330000000003 18.14739 15.21187 22.484589999999997 17.51801 21.664340000000003 21.703 21.38351 12.23926 21.67266 17.18111 11.97224 16.18636 17.53642 21.02556 14.62087 11.11073 21.92998 21.75475 18.26577 16.72577 18.8907 19.66036 21.72679 21.6585 22.164839999999998 19.98643 14.4705 21.02912 11.86826 17.02694 13.62263 18.41397 21.992530000000002 20.47895 22.95853 
19.39636 15.7525 21.84505 13.89853 13.47623 21.28293 19.60167 16.15954 11.09039 10.08651 11.48411 20.62843 20.60667 10.44627 10.47212 19.14486 22.68124 14.36486 21.493380000000002 10.88899 10.8558 10.49636 20.737229999999997 14.99768 20.98869 12.94901 17.53084 13.04261 12.92129 21.31664 10.40101 0 10.29552 22.17641 21.72769 21.59359 20.54142 18.46183 21.77445 14.85532 11.21876 16.8128 14.68206 21.23657 11.2777 20.65772 17.78281 22.08177 21.56117 21.29795 11.52897 21.427210000000002 21.692050000000002 18.12839 16.65091 22.45707 22.35087 11.25749 21.51947 19.37496 22.35523 22.60911 21.32273 11.61283 21.52029 19.36495 18.18123 13.86678 22.917740000000002 
21.39 19.80574 19.16409 10.90546 17.07302 16.93746 13.3554 14.84993 11.38701 20.38203 20.48535 12.88556 21.31475 15.30401 20.76764 19.64899 14.18601 21.42993 21.50836 21.18451 12.99108 20.79188 23.86788 21.03798 10.69317 21.29978 21.03961 21.67552 20.80702 12.90052 20.69653 10.29552 0 22.45017 13.32836 23.43375 17.60109 14.61278 11.47893 20.833289999999998 17.67081 23.54035 18.05426 20.82189 12.24705 20.90626 13.60155 22.49181 13.67196 21.83306 20.87771 20.931089999999998 22.21161 16.04851 11.31893 19.194 15.2548 21.184919999999998 16.24223 22.81671 22.769840000000002 22.54797 13.95378 20.92633 18.67578 20.508879999999998 10.42254 16.51811 19.11227 
11.82394 20.86352 14.08216 17.96255 20.90911 21.72449 14.01552 14.22835 22.79841 12.60008 20.55869 20.80191 20.40567 16.08462 19.97548 20.719920000000002 15.11328 20.667 10.43947 12.23536 16.3066 20.542540000000002 18.68119 19.62206 11.757 18.5019 11.35545 21.07204 21.089199999999998 21.44066 24.928330000000003 22.17641 22.45017 0 14.98817 19.69444 12.88464 16.15124 21.502789999999997 21.35078 11.43289 20.647840000000002 22.14675 20.3555 22.7924 23.08127 15.41396 15.32399 18.15166 14.64978 21.264780000000002 14.8585 14.15476 15.99793 20.04806 16.99259 12.92871 12.70665 21.03032 18.23314 22.370669999999997 11.97618 18.4307 11.18574 17.07379 12.82037 19.9298 20.44395 21.20856 
20.4482 15.45908 12.12591 11.14488 16.48356 17.13454 18.78672 10.41261 20.52059 17.44305 21.72992 21.896410000000003 17.50075 11.6532 21.64452 20.881230000000002 21.88516 19.23099 21.230220000000003 21.47953 24.00949 21.27636 21.629959999999997 10.95906 21.13082 20.778350000000003 14.5464 22.59547 18.36385 22.84354 18.14739 21.72769 13.32836 14.98817 0 17.30279 17.67291 16.31052 18.39771 20.24183 20.62302 22.8426 22.559220000000003 21.04663 14.83074 21.38984 16.58028 18.13475 22.325110000000002 20.64994 19.84236 20.33963 15.26459 20.894170000000003 21.75833 21.572270000000003 15.61693 20.92306 20.763710000000003 15.80596 15.82573 22.01949 21.04474 20.334870000000002 18.76415 21.640279999999997 21.0475 22.20496 21.74658 
21.23507 17.71055 21.680239999999998 18.77356 18.5439 21.22024 21.13935 14.38209 21.70541 11.50708 14.63864 16.78281 14.38178 13.68579 22.045 11.53218 17.23644 10.20723 20.434759999999997 21.398139999999998 12.58166 18.93772 21.35403 21.394669999999998 13.22277 19.13337 14.47656 19.64493 13.17162 11.83945 15.21187 21.59359 23.43375 19.69444 17.30279 0 11.31293 21.23493 18.29551 21.49892 15.42499 23.23601 21.30964 21.19561 21.0501 16.70587 21.52232 13.47224 22.836910000000003 17.95371 18.16245 10.93204 11.14026 18.44478 19.62548 22.01437 17.05557 20.74713 12.40848 19.98831 12.33629 12.42811 16.73283 20.9667 12.63087 21.928440000000002 20.4513 21.357370000000003 16.75646 
17.82377 18.28103 21.478740000000002 19.86335 11.56362 13.52478 18.59962 13.22894 11.00691 16.23404 19.38472 17.67554 23.85083 13.69043 11.43611 20.91856 20.7177 14.46216 17.98059 11.2415 23.40263 20.46112 23.01474 22.168170000000003 12.80172 18.20525 12.87448 22.136139999999997 21.7852 16.54824 22.484589999999997 20.54142 17.60109 12.88464 17.67291 11.31293 0 10.23918 22.15981 21.871209999999998 10.92577 12.33339 21.18104 21.97322 14.85236 12.70085 21.49322 22.39731 22.20968 21.20229 14.06422 15.92416 18.15417 21.85344 21.20686 11.79003 22.28626 20.670319999999997 21.776609999999998 22.35199 22.12537 12.2438 10.61633 22.990859999999998 15.80426 21.1231 15.47179 16.84541 18.91428 
13.17655 21.707659999999997 21.16152 12.9121 17.25822 21.9568 23.26935 13.24169 18.74742 15.73854 23.194679999999998 17.97768 15.47391 23.929609999999997 14.9473 18.28004 13.43226 21.49982 15.10604 21.48068 20.40194 13.58352 15.39773 21.733240000000002 23.0409 19.66349 11.05067 21.06597 16.14917 18.70122 17.51801 18.46183 14.61278 16.15124 16.31052 21.23493 10.23918 0 11.92063 19.34839 20.725479999999997 12.20548 13.2655 21.28885 22.56602 17.03258 24.855330000000002 19.83346 16.64684 22.854999999999997 20.25155 22.35457 16.54708 14.39127 12.06963 22.02921 22.800629999999998 19.05598 20.963540000000002 16.80291 24.72956 22.482979999999998 13.39443 21.16705 22.39096 19.39931 19.00557 12.93623 11.95392 
20.86128 16.81108 13.34957 22.38439 23.07107 23.82434 23.56792 16.92033 17.20574 22.31784 13.84727 21.70651 16.27239 22.30067 22.61609 22.43739 22.87695 16.71819 18.53557 11.43973 15.11175 11.70947 21.950339999999997 19.65663 22.1721 22.025930000000002 18.3063 22.6279 19.66016 19.81951 21.664340000000003 21.77445 11.47893 21.502789999999997 18.39771 18.29551 22.15981 11.92063 0 19.08822 23.03052 15.34925 11.92317 21.560699999999997 21.3138 16.30805 21.418680000000002 22.38333 24.01536 13.70095 23.31079 16.85873 13.13539 23.18574 12.9644 15.01498 20.33798 19.58998 17.13848 21.53531 17.44664 18.57294 21.690640000000002 21.97782 20.35174 22.85235 20.52721 20.66602 14.00305 
21.05231 17.29075 22.319789999999998 17.3819 20.68349 10.4405 20.64358 22.00706 22.25373 15.49578 22.24814 15.09414 19.5744 16.84636 22.4429 21.31487 21.75443 21.375390000000003 15.60004 17.32775 23.768030000000003 19.73687 18.78155 22.51097 21.69547 11.08886 22.16281 16.50554 20.83903 10.78737 21.703 14.85532 20.833289999999998 21.35078 20.24183 21.49892 21.871209999999998 19.34839 19.08822 0 17.385 22.0157 21.62507 21.52576 15.76391 22.91074 20.03519 12.2726 20.83682 15.09846 20.44144 20.49482 21.12945 22.54936 18.50915 21.171529999999997 20.83982 20.95418 21.367820000000002 10.78762 16.16292 22.559649999999998 12.02139 20.49006 14.35024 14.76017 21.029049999999998 20.514200000000002 16.27408 
10.77855 19.16564 20.90016 21.89015 15.7731 14.04164 11.64918 10.21041 15.30958 20.33529 16.24844 21.84851 21.95781 11.79741 20.79972 15.74225 21.66082 14.99839 21.87236 17.58623 17.13404 21.31112 13.97969 22.21419 21.47538 18.01834 22.4603 13.17532 21.52609 11.53643 21.38351 11.21876 17.67081 11.43289 20.62302 15.42499 10.92577 20.725479999999997 23.03052 17.385 0 22.58042 17.33341 19.95899 21.5355 16.58553 20.83618 21.12262 20.651699999999998 21.61916 22.14262 22.30911 21.577550000000002 23.69489 21.12188 22.04806 11.36049 21.44866 21.96138 12.61837 21.772750000000002 20.47817 16.14076 20.417839999999998 17.59284 10.78937 19.55492 13.87462 20.91713 
17.37241 21.24966 21.17342 21.28687 20.310940000000002 23.29934 22.897019999999998 23.16191 22.61532 13.38722 20.89507 15.65271 16.57325 23.043889999999998 23.47923 11.95248 16.04698 22.50584 12.27831 17.59846 11.85606 21.94536 21.30483 15.82499 22.72203 14.8174 20.78167 23.07766 12.68204 20.842489999999998 12.23926 16.8128 23.54035 20.647840000000002 22.8426 23.23601 12.33339 12.20548 15.34925 22.0157 22.58042 0 11.68413 18.32 16.54896 25.03424 21.84512 21.040570000000002 21.075940000000003 22.61647 16.41889 13.87062 21.81724 21.69295 23.12202 12.7741 20.98595 23.895429999999998 22.70499 16.34454 15.58666 13.26407 18.36195 19.02201 13.27492 14.49168 21.58305 12.75633 16.44735 
19.54531 21.96613 13.94216 21.23359 22.28861 21.4112 22.22607 21.67928 22.433529999999998 22.619840000000003 15.14919 16.13263 21.32987 19.05355 23.327289999999998 14.02892 21.85488 13.92771 18.83664 16.2727 20.51139 21.10587 21.25155 18.00131 15.95806 22.73713 21.34106 22.361179999999997 14.28725 21.83224 21.67266 14.68206 18.05426 22.14675 22.559220000000003 21.30964 21.18104 13.2655 11.92317 21.62507 17.33341 11.68413 0 12.39095 20.62699 13.68065 21.63608 21.32676 18.78357 22.05617 22.16243 20.86916 10.72225 21.003680000000003 21.972810000000003 19.53556 18.22493 21.81113 21.098779999999998 21.41364 13.72856 14.09017 17.13819 21.26989 22.7907 21.51043 23.09761 21.60699 22.77202 
21.28899 17.52744 20.42667 15.54164 13.69354 21.41422 11.52373 21.87601 14.23614 11.80016 17.57036 14.93108 20.740090000000002 12.93564 14.75199 13.08857 20.26504 10.98838 16.65215 18.99586 20.56101 10.74021 20.98108 20.68899 13.05944 14.05154 21.036360000000002 22.04564 20.60726 21.10749 17.18111 21.23657 20.82189 20.3555 21.04663 21.19561 21.97322 21.28885 21.560699999999997 21.52576 19.95899 18.32 12.39095 0 20.30418 21.61135 21.045740000000002 10.99661 19.89566 13.86228 10.8083 20.36597 13.48776 18.3657 13.75338 22.32743 16.68741 18.10723 20.62746 12.74543 20.76418 21.528669999999998 21.06696 21.00856 18.51033 17.03493 21.353 17.69777 21.00319 
21.92007 16.73394 22.13565 19.60228 11.75501 20.85984 15.91298 22.035330000000002 18.79621 21.36421 21.2179 12.50484 20.76016 20.711869999999998 16.11723 21.41357 14.06866 23.61327 19.78401 11.62567 21.5842 20.95613 17.99072 21.4133 18.16571 21.11052 19.84139 13.84496 20.9026 22.88787 11.97224 11.2777 12.24705 22.7924 14.83074 21.0501 14.85236 22.56602 21.3138 15.76391 21.5355 16.54896 20.62699 20.30418 0 10.16889 10.70271 20.61292 21.51592 14.19824 10.06012 20.23604 12.53117 17.50422 12.57884 23.02319 19.42163 14.30969 21.10059 14.35469 21.79176 22.27751 22.16361 12.89621 11.85175 21.82799 21.0206 13.86378 12.36768 
20.55496 22.7148 13.18572 22.50676 18.76548 20.47376 11.04905 21.69362 14.90533 22.64412 16.36585 19.18727 14.01121 20.92167 10.1856 22.30488 23.1127 21.87736 21.185470000000002 17.68292 16.15706 13.46982 20.49852 22.6814 15.28264 21.00447 12.37261 22.12295 21.25445 22.40776 16.18636 20.65772 20.90626 23.08127 21.38984 16.70587 12.70085 17.03258 16.30805 22.91074 16.58553 25.03424 13.68065 21.61135 10.16889 0 10.63681 20.685940000000002 11.34703 21.66144 20.22901 18.53003 16.08031 12.20399 22.42533 22.16782 21.85893 17.75549 16.72605 22.138579999999997 23.74664 18.51556 17.69237 21.72129 15.67988 20.93805 10.85171 20.5029 10.41638 
17.14491 23.65741 17.66359 17.0955 21.654159999999997 17.9924 19.53872 20.59429 10.48631 17.61502 10.51519 23.01652 14.86298 23.52033 13.83713 21.89435 16.13123 22.42158 22.74575 20.10817 18.66019 17.92123 18.8342 22.61399 18.69791 20.169159999999998 23.00942 18.12877 21.0062 21.958979999999997 17.53642 17.78281 13.60155 15.41396 16.58028 21.52232 21.49322 24.855330000000002 21.418680000000002 20.03519 20.83618 21.84512 21.63608 21.045740000000002 10.70271 10.63681 0 10.04913 20.290860000000002 16.86984 15.54254 21.50909 18.50972 21.332839999999997 21.732219999999998 23.49541 21.55764 14.47187 22.56287 11.83381 16.61274 22.230829999999997 11.4609 21.18892 13.28812 14.64673 12.06985 14.17484 20.7119 
20.84998 23.49493 21.157069999999997 20.7208 17.28299 21.11617 22.026829999999997 15.61825 11.59267 21.791 20.564320000000002 19.54341 18.38697 14.36909 21.162959999999998 21.623260000000002 20.54103 13.99884 13.66055 22.82677 20.837 14.53811 10.60525 21.5362 12.06305 21.00539 18.6914 23.36246 21.684620000000002 21.78754 21.02556 22.08177 22.49181 15.32399 18.13475 13.47224 22.39731 19.83346 22.38333 12.2726 21.12262 21.040570000000002 21.32676 10.99661 20.61292 20.685940000000002 10.04913 0 10.24173 11.52787 10.5528 20.72872 10.60451 13.51709 14.9518 22.88279 13.42717 20.87549 14.85118 14.61031 16.60984 12.3104 16.25447 14.11725 19.78957 19.28269 20.749940000000002 10.44006 10.7114 
21.34854 13.2532 11.07462 11.18023 17.24411 12.18093 22.38401 22.25089 12.14291 20.98303 14.11284 21.25937 16.81724 21.16609 21.34232 21.16263 15.63445 23.88183 16.1124 12.99392 22.324559999999998 19.89009 20.846980000000002 22.86375 18.45664 11.55188 21.31438 20.97274 22.173830000000002 23.30049 14.62087 21.56117 13.67196 18.15166 22.325110000000002 22.836910000000003 22.20968 16.64684 24.01536 20.83682 20.651699999999998 21.075940000000003 18.78357 19.89566 21.51592 11.34703 20.290860000000002 10.24173 0 10.31441 18.06788 21.49589 13.72543 19.15101 16.24751 22.34775 22.74584 22.50847 16.22593 17.4417 21.28592 19.59843 21.60335 22.514870000000002 15.33388 18.1351 12.90015 19.42037 11.20996 
12.75451 21.48258 21.389029999999998 21.49464 20.8057 21.1188 21.471980000000002 16.19609 10.44605 11.73146 20.848599999999998 19.62372 21.012079999999997 10.85168 21.03123 19.20669 14.65026 21.91768 22.39284 22.07412 12.42883 15.89009 15.36509 21.448300000000003 21.11108 20.44107 21.37589 21.99346 22.54209 20.258490000000002 11.11073 21.29795 21.83306 14.64978 20.64994 17.95371 21.20229 22.854999999999997 13.70095 15.09846 21.61916 22.61647 22.05617 13.86228 14.19824 21.66144 16.86984 11.52787 10.31441 0 13.94332 15.94097 22.099899999999998 21.29258 20.06348 12.03334 22.72091 21.893459999999997 21.045740000000002 17.93789 17.94706 13.43436 20.67839 20.38492 10.13714 20.41658 18.80828 13.99409 11.8478 
23.227069999999998 21.444679999999998 21.11911 21.44916 14.86815 20.52609 22.33203 19.27515 12.78797 15.27659 16.45911 22.56496 20.73802 21.97524 19.09634 15.37669 11.15227 18.76225 10.82531 20.746229999999997 20.35953 21.54851 21.15805 11.35318 21.6072 15.48392 20.97071 22.46229 21.30875 17.61181 21.92998 11.52897 20.87771 21.264780000000002 19.84236 18.16245 14.06422 20.25155 23.31079 20.44144 22.14262 16.41889 22.16243 10.8083 10.06012 20.22901 15.54254 10.5528 18.06788 13.94332 0 10.17592 20.32283 19.18419 13.71318 16.80696 12.36415 11.52931 22.32562 19.10961 18.07985 12.65725 13.08778 15.84177 20.887439999999998 11.76787 19.70842 20.99286 21.2642 
15.4409 23.82029 21.50731 23.37836 19.81648 20.83586 24.279960000000003 21.920740000000002 22.06332 16.76874 22.34594 16.55577 12.1671 21.35143 17.06788 18.31206 21.32819 21.13927 21.00123 18.67558 14.37089 22.67135 20.68964 19.41531 11.43128 13.8231 19.10435 14.77312 21.94997 12.47947 21.75475 21.427210000000002 20.931089999999998 14.8585 20.33963 10.93204 15.92416 22.35457 16.85873 20.49482 22.30911 13.87062 20.86916 20.36597 20.23604 18.53003 21.50909 20.72872 21.49589 15.94097 10.17592 0 10.14691 18.71235 14.20843 22.600270000000002 20.42839 18.94345 14.28357 15.90146 22.88776 16.61002 21.58127 20.58786 20.44215 20.935090000000002 20.617620000000002 21.874789999999997 22.20186 
19.66766 14.44856 14.19449 21.61616 20.93194 10.68895 20.89203 21.59696 19.57177 15.62063 20.958530000000003 22.35978 18.03852 22.24071 14.67348 21.54162 21.95909 13.49848 22.42581 18.69586 17.9479 19.80982 10.54273 13.64741 21.57819 15.38685 15.39451 23.18291 21.412950000000002 21.31595 18.26577 21.692050000000002 22.21161 14.15476 15.26459 11.14026 18.15417 16.54708 13.13539 21.12945 21.577550000000002 21.81724 10.72225 13.48776 12.53117 16.08031 18.50972 10.60451 13.72543 22.099899999999998 20.32283 10.14691 0 10.28143 20.502769999999998 22.3632 17.20211 16.99226 22.91108 17.13971 19.83092 15.02704 21.20895 20.69194 15.53289 10.78818 20.87452 17.21851 12.73756 
21.85352 21.89413 13.19779 23.06204 22.01438 20.97038 12.47408 20.95451 10.84653 18.5395 13.46736 22.66497 17.8256 23.32573 14.47451 12.011 22.12831 17.72241 20.83717 22.27837 24.51372 21.47826 15.26578 21.299329999999998 21.42096 12.67374 12.93477 18.62474 23.393189999999997 22.701169999999998 16.72577 18.12839 16.04851 15.99793 20.894170000000003 18.44478 21.85344 14.39127 23.18574 22.54936 23.69489 21.69295 21.003680000000003 18.3657 17.50422 12.20399 21.332839999999997 13.51709 19.15101 21.29258 19.18419 18.71235 10.28143 0 10.22134 14.70877 24.953870000000002 22.283479999999997 12.96702 22.865569999999998 22.88127 20.35755 21.078870000000002 18.7695 18.87846 21.06961 20.50793 21.42726 22.62037 
24.15942 22.13541 21.197119999999998 20.405839999999998 12.68348 21.72958 16.77011 11.67436 21.06787 18.95433 22.11383 22.4631 20.816029999999998 18.67183 13.56165 11.16954 21.28685 20.15419 16.09775 22.7698 20.43754 11.54027 18.70307 13.48984 22.0121 17.85429 12.71789 15.19901 21.371560000000002 18.57423 18.8907 16.65091 11.31893 20.04806 21.75833 19.62548 21.20686 12.06963 12.9644 18.50915 21.12188 23.12202 21.972810000000003 13.75338 12.57884 22.42533 21.732219999999998 14.9518 16.24751 20.06348 13.71318 14.20843 20.502769999999998 10.22134 0 10.7149 21.40247 22.9617 17.91988 18.71752 12.65993 12.27993 23.08071 20.86144 20.89771 23.15896 20.28967 20.72192 24.02355 
15.00529 12.99101 16.86436 23.978589999999997 21.758470000000003 11.67425 19.72461 22.38926 13.66903 22.82251 22.92147 22.63805 22.1712 12.0108 22.657359999999997 21.53235 13.78306 13.61613 23.55196 23.03153 22.53374 12.64051 14.77174 22.94071 21.34545 21.260289999999998 14.2785 22.88597 13.03877 11.49041 19.66036 22.45707 19.194 16.99259 21.572270000000003 22.01437 11.79003 22.02921 15.01498 21.171529999999997 22.04806 12.7741 19.53556 22.32743 23.02319 22.16782 23.49541 22.88279 22.34775 12.03334 16.80696 22.600270000000002 22.3632 14.70877 10.7149 0 10.68757 12.52738 21.94093 21.43674 11.52013 16.82249 12.36581 15.20561 17.34683 22.87258 18.67255 22.379669999999997 23.08338 
12.97741 22.69005 12.41174 15.61149 19.53679 11.52028 19.25138 21.5709 22.11187 23.12095 23.85735 18.94921 21.54583 18.2024 22.415 19.6816 21.56037 12.13552 21.68634 20.95987 20.56552 22.74257 17.16677 21.94492 14.22927 21.90638 22.05924 21.817819999999998 20.94932 22.177979999999998 21.72679 22.35087 15.2548 12.92871 15.61693 17.05557 22.28626 22.800629999999998 20.33798 20.83982 11.36049 20.98595 18.22493 16.68741 19.42163 21.85893 21.55764 13.42717 22.74584 22.72091 12.36415 20.42839 17.20211 24.953870000000002 21.40247 10.68757 0 14.731 16.42674 16.80222 15.25036 17.78334 22.45542 18.77357 20.4907 12.30976 20.66617 11.6921 16.46364 
