21
4 34 44 27 16 48 41 6 13 26 30 40 9 32 39 23 0 22 24 45 5
0 1000803603.68637 2107367840.5774598 1984721439.85605 2177668744.72195 2644480206.20428 2643959086.80002 1763658549.83222 1474611887.96579 1666045524.95995 2354003793.87922 1614107328.10653 2131521761.63979 2228750704.20739 2386485143.73558 2462703413.10052 1101227240.3357 1009911121.47113 1560170365.83287 2164618317.64032 1172497690.91309 
1000803603.68637 0 1106564236.89109 2115414142.78373 1470647553.35385 1870596942.10959 2543434675.92638 1476138976.97107 1504074559.45125 2666849128.64632 1695089961.78724 2178629230.63421 2290091122.0436 1926792802.2174 2318395393.80552 2437415676.1205997 2102030844.02207 1141142718.4761 1703544060.61498 2319869409.4637403 2173301294.59946 
2107367840.5774598 1106564236.89109 0 1008849905.89264 2419590977.98873 2814498050.85446 2722577600.2523003 2382559245.18377 1380289509.27327 1610515193.37727 1148136797.21396 2179719713.27754 1714422816.47757 2535864017.10651 2681004020.10297 2518949903.1476603 2608919508.28964 1597340366.39681 2360164937.08689 2300304466.99337 2966037719.83319 
1984721439.85605 2115414142.78373 1008849905.89264 0 1821398788.07723 2162636742.92706 2485643235.92584 1750031182.44447 2255423995.09432 2526092286.24645 2116321608.45832 2294998664.99662 1683873253.37634 2179381772.63568 2273832862.0232 1689425316.93926 2354845638.4053497 1922011238.84009 1548016646.2988 1291454561.10073 1957187813.94055 
2177668744.72195 1470647553.35385 2419590977.98873 1821398788.07723 0 1280429931.7538 2408733160.05274 2133677895.29281 2275285435.82502 2279226798.9785 1271454180.77477 1405136382.69014 2073146673.94901 2199243213.36638 2282324722.48232 1985234420.05977 1241957934.90568 1167757623.25082 1893420879.78197 2256767055.49006 2354848829.74035 
2644480206.20428 1870596942.10959 2814498050.85446 2162636742.92706 1280429931.7538 0 1136230651.51656 2203526350.47187 2346201237.7515097 1203982857.47719 2211755475.68092 2494198143.33574 2698381816.41044 2526952760.61753 2927641276.52337 1981060828.5522 1707827554.65747 1634569084.73315 2498048139.93027 1490654039.43985 2527626103.38206 
2643959086.80002 2543434675.92638 2722577600.2523003 2485643235.92584 2408733160.05274 1136230651.51656 0 1067295698.95531 2158233932.71285 1112062406.87503 1800015497.81643 2340198464.4272003 1823022974.3485 2160228638.29035 2425042140.34156 1313891849.80213 2205366109.99581 1656940751.81884 2395533624.95131 2346700132.02075 1930885847.93368 
1763658549.83222 1476138976.97107 2382559245.18377 1750031182.44447 2133677895.29281 2203526350.47187 1067295698.95531 0 1090938233.75754 1909230635.69217 1286152985.05767 2174519807.45912 1027599167.60025 1092932939.33504 1357746441.38625 2226565970.6553497 1138070411.0405 2089626467.69094 1328237925.996 2168142005.25194 2306822244.32158 
1474611887.96579 1504074559.45125 1380289509.27327 2255423995.09432 2275285435.82502 2346201237.7515097 2158233932.71285 1090938233.75754 0 1260464793.66717 2268237411.8709 1885899527.30986 2118537401.35779 2093291352.1463299 2270514213.0316896 1965691124.56857 1228629999.01637 2098366227.5019002 2324009705.51556 2292021076.32099 2647109578.87888 
1666045524.95995 2666849128.64632 1610515193.37727 2526092286.24645 2279226798.9785 1203982857.47719 1112062406.87503 1909230635.69217 1260464793.66717 0 1007772618.20373 1485064179.16991 1866106796.41974 1934338716.60402 2256190432.72362 2378585724.13743 2298028802.4503403 1597409367.7647 1681119588.6646 1234637725.14572 1789840915.26357 
2354003793.87922 1695089961.78724 1148136797.21396 2116321608.45832 1271454180.77477 2211755475.68092 1800015497.81643 1286152985.05767 2268237411.8709 1007772618.20373 0 1031582916.06358 2131535356.9570699 2286479191.89209 1844515222.1569 1370813105.9337 2424223396.0981703 2439211804.02559 1212028139.87293 2035127019.95947 2058682607.39571 
1614107328.10653 2178629230.63421 2179719713.27754 2294998664.99662 1405136382.69014 2494198143.33574 2340198464.4272003 2174519807.45912 1885899527.30986 1485064179.16991 1031582916.06358 0 1957172014.92244 1435374213.44706 2246265603.46787 1214404603.63295 2066935181.20051 2533970528.05665 2010938204.38631 1003544103.89589 1027099691.33213 
2131521761.63979 2290091122.0436 1714422816.47757 1683873253.37634 2073146673.94901 2698381816.41044 1823022974.3485 1027599167.60025 2118537401.35779 1866106796.41974 2131535356.9570699 1957172014.92244 0 1577329335.48999 2278255726.64971 2224285693.99824 2076705747.92402 1940043364.19443 1466298573.42874 2122463194.98877 2795866989.53008 
2228750704.20739 1926792802.2174 2535864017.10651 2179381772.63568 2199243213.36638 2526952760.61753 2160228638.29035 1092932939.33504 2093291352.1463299 1934338716.60402 2286479191.89209 1435374213.44706 1577329335.48999 0 1060461504.17001 1536113601.69833 2219791668.04119 1332879169.2704 2381599796.80142 2211864738.3513403 2462473904.77919 
2386485143.73558 2318395393.80552 2681004020.10297 2273832862.0232 2282324722.48232 2927641276.52337 2425042140.34156 1357746441.38625 2270514213.0316896 2256190432.72362 1844515222.1569 2246265603.46787 2278255726.64971 1060461504.17001 0 1367560350.22325 2327600471.3487797 2393340673.44041 1517276794.39488 1517256092.99189 2455469071.5110903 
2462703413.10052 2437415676.1205997 2518949903.1476603 1689425316.93926 1985234420.05977 1981060828.5522 1313891849.80213 2226565970.6553497 1965691124.56857 2378585724.13743 1370813105.9337 1214404603.63295 2224285693.99824 1536113601.69833 1367560350.22325 0 1361476172.76482 1641460430.77632 1851650228.83736 2217948707.52884 1470124913.79438 
1101227240.3357 2102030844.02207 2608919508.28964 2354845638.4053497 1241957934.90568 1707827554.65747 2205366109.99581 1138070411.0405 1228629999.01637 2298028802.4503403 2424223396.0981703 2066935181.20051 2076705747.92402 2219791668.04119 2327600471.3487797 1361476172.76482 0 1799070980.10393 2070785177.7950401 1063391077.30462 2156086122.01828 
1009911121.47113 1141142718.4761 1597340366.39681 1922011238.84009 1167757623.25082 1634569084.73315 1656940751.81884 2089626467.69094 2098366227.5019002 1597409367.7647 2439211804.02559 2533970528.05665 1940043364.19443 1332879169.2704 2393340673.44041 1641460430.77632 1799070980.10393 0 1242057979.71237 2249452080.20279 1630775379.36096 
1560170365.83287 1703544060.61498 2360164937.08689 1548016646.2988 1893420879.78197 2498048139.93027 2395533624.95131 1328237925.996 2324009705.51556 1681119588.6646 1212028139.87293 2010938204.38631 1466298573.42874 2381599796.80142 1517276794.39488 1851650228.83736 2070785177.7950401 1242057979.71237 0 1007394100.49042 1625969861.69721 
2164618317.64032 2319869409.4637403 2300304466.99337 1291454561.10073 2256767055.49006 1490654039.43985 2346700132.02075 2168142005.25194 2292021076.32099 1234637725.14572 2035127019.95947 1003544103.89589 2122463194.98877 2211864738.3513403 1517256092.99189 2217948707.52884 1063391077.30462 2249452080.20279 1007394100.49042 0 1092695044.71366 
1172497690.91309 2173301294.59946 2966037719.83319 1957187813.94055 2354848829.74035 2527626103.38206 1930885847.93368 2306822244.32158 2647109578.87888 1789840915.26357 2058682607.39571 1027099691.33213 2795866989.53008 2462473904.77919 2455469071.5110903 1470124913.79438 2156086122.01828 1630775379.36096 1625969861.69721 1092695044.71366 0 
