33
31 36 91 9 79 71 64 97 24 49 30 13 62 88 21 72 8 4 32 11 94 52 12 59 19 61 76 34 68 83 77 70 2
0 1836278452.6404 1374369575.64239 2353351714.64534 1392390868.40412 2194956362.35664 1759326633.55769 2087932851.55602 2248108690.1992497 2323834370.87125 1837992454.7354 1440488567.16101 1381614312.47826 1275775091.65672 2319579089.38651 2327390096.387 2204073665.28345 2325812078.96817 1256562503.54052 1816597471.5583 1186983830.6223 2287058156.46065 1527401120.90889 1832547647.39516 1926375766.16307 1933662848.02876 2345347347.3751698 1272134381.77171 2042314163.3178601 1621543730.90076 1309964380.86811 1625525000.01314 1028138642.56468 
1836278452.6404 0 1028312042.47581 1763121106.63965 2128164455.52349 1100349594.00948 2177473256.37303 2128518692.3374 1620762888.27245 1418112054.37316 2118674357.51899 2318186908.42104 2096851515.30912 1236315826.82333 2343228922.34861 1874217732.71102 2163271599.1109 1863762143.32776 1241607779.64471 2276726556.62598 1667423415.44924 1127698843.49623 1860590037.28411 2206635652.22895 1140216657.31894 1411272088.29554 1228896161.06505 2008942693.6015801 2078376911.1870499 1759911611.20199 1260789113.99783 2290202425.9376 2012560204.99458 
1374369575.64239 1028312042.47581 0 1735100638.75351 2277276574.26502 1249461712.75101 2159273548.44521 2423229174.2211304 2431224557.7197 2231489249.69726 2338368488.9889603 2266799768.4878902 2379672778.13787 2135564918.4769502 2236489668.9356604 2323568967.29856 1235753552.05766 1741723448.19667 1981324623.54241 2301175461.93715 1627644777.53527 2156010885.97204 2417232230.11666 2458282840.72622 2168528699.79475 2252644775.93275 2257208203.54086 2290362588.7129602 2148450566.26821 1692161623.32228 2289101156.47364 2520936994.2982 1444807591.7406 
2353351714.64534 1763121106.63965 1735100638.75351 0 1004037809.91391 2031852671.4279199 1966754446.96071 1869849106.05644 2567398772.58569 2277756531.47453 2493440887.78498 1625770027.43807 2248833533.87138 1878870990.62364 2273501249.98979 2209378522.67388 1505314816.70647 1487461671.41024 1508171409.71146 1440515227.30448 2362573591.44381 1884263653.09381 1216548641.52177 2334051348.86103 2320572853.88691 2385965874.05577 1643868607.73172 1316695609.58324 1476473370.51868 1352574830.03861 1502115492.6131 2279211446.34964 2189812760.91659 
1392390868.40412 2128164455.52349 2277276574.26502 1004037809.91391 0 1027814861.51401 2208319361.83711 2397597551.56504 2239932299.69704 1590189202.5829 1599287452.72777 2222495157.12079 1674481436.61936 2184602879.4386 1275208127.15092 2140435566.9917703 1436153321.0535 2157890030.5928802 1703523146.9733 1407053404.54763 2192650018.9641504 2310379820.58607 1862999621.84336 2421166118.5960703 1419841842.62801 2311798656.42151 1973192432.83374 1501597881.3903 1256550578.58272 1213918495.93193 1648574367.08992 1975970466.20261 2253187427.91373 
2194956362.35664 1100349594.00948 1249461712.75101 2031852671.4279199 1027814861.51401 0 2269346662.06868 2585293895.4896803 1912585540.4471 1540143194.82717 1940914457.49042 1545494557.29429 1409646022.61771 1490000206.49127 2186351708.70833 1916153768.08705 1722069882.20453 1626337515.33192 2341422440.79644 2111289968.0491 1415150500.16008 2151335908.71437 2210356766.33817 2381834930.98096 2240566251.3284197 2361504504.13336 2329245755.0745296 2248842906.74819 1412085837.95884 1484657800.85396 2361138708.00731 2192061905.06818 1983939359.68279 
1759326633.55769 2177473256.37303 2159273548.44521 1966754446.96071 2208319361.83711 2269346662.06868 0 1022188814.16798 1378191239.6942 2189198082.53599 1625183442.46482 2117029016.62006 1293174224.6503 2236408484.26703 2125148453.68355 2222815249.9801 1371680516.53283 1383396576.50454 1105826946.46708 1109823196.84799 2362924469.5229397 2136892822.3986201 1098016966.12419 2184520724.9840803 1566605975.4903 2026644251.46716 2152879455.80816 2234856927.00631 1217975640.39383 2369885794.7091103 2266426472.5025797 2281164864.38393 2140862529.90567 
2087932851.55602 2128518692.3374 2423229174.2211304 1869849106.05644 2397597551.56504 2585293895.4896803 1022188814.16798 0 1170963977.12661 2241094898.3077097 2121933264.6259701 1104813052.47357 1402654195.33828 1214219670.09905 2321132765.62433 1934106932.95316 1890326753.17186 2279317491.1603804 2091556082.77247 2132012011.01597 1760831016.31308 2123487345.6984 1887079259.11703 2208838303.92299 1324912698.44184 1845746143.83723 1886465283.215 2318107085.79089 2077566743.48038 2290772454.3543997 2256804600.84223 2341238278.60146 2136723568.93563 
2248108690.1992497 1620762888.27245 2431224557.7197 2567398772.58569 2239932299.69704 1912585540.4471 1378191239.6942 1170963977.12661 0 1391641805.1562 2309361821.9259 1292241609.7735 1396898018.06278 1298226512.819 1404506168.52649 2224391251.97937 1593179500.28339 2107371724.7614 1850670484.64821 1654497708.3014 1976216011.20212 1954812721.71959 2326253512.0829697 2352101260.9215097 2197940430.2435703 1241281604.80322 2263404308.2413797 1491055575.47885 2283810071.5749702 2412402189.1764402 2173123599.30989 1469137192.97374 1219970047.63457 
2323834370.87125 1418112054.37316 2231489249.69726 2277756531.47453 1590189202.5829 1540143194.82717 2189198082.53599 2241094898.3077097 1391641805.1562 0 1012916707.35418 1794420355.33097 2158842854.58247 1379302521.40854 2213093276.0741196 2384136577.65562 2406521528.75156 2326029422.42255 1995492866.22719 1612484653.67811 2284052094.93589 2402035617.20372 2204277041.126 1397512299.98573 1173897926.3487 2170439068.21221 2353878722.26439 1898016639.60418 2181739950.97756 1896845106.86488 2318344954.1486797 2218803472.43397 1674176614.9603 
1837992454.7354 2118674357.51899 2338368488.9889603 2493440887.78498 1599287452.72777 1940914457.49042 1625183442.46482 2121933264.6259701 2309361821.9259 1012916707.35418 0 1017120212.1524 2081404600.30975 2392219228.76272 2031430985.34025 1417946129.57099 2164305575.2997303 2276034360.6528 2342783258.66225 2127203393.61469 1305076060.47419 2175957377.31916 1639240844.21352 2410429007.33991 2186814633.70288 2113962380.89742 2366826510.79947 1239485208.42756 2224159039.3404703 2617139531.86515 2395458023.7086296 1710436107.9735 2160248248.9814997 
1440488567.16101 2318186908.42104 2266799768.4878902 1625770027.43807 2222495157.12079 1545494557.29429 2117029016.62006 1104813052.47357 1292241609.7735 1794420355.33097 1017120212.1524 0 1064284388.15735 2272005238.81456 2170800115.4278297 1341764846.39995 2346620142.3658 2385157147.3843603 1325663046.50985 1422022640.45783 1895872546.39295 1489376555.82228 2206376233.6517 2452288691.09448 2286245478.58576 2203345064.3018103 2260687312.3067703 1213294033.31732 2284600193.94666 1600019319.71275 2487151360.35758 2311549252.8187 1944816159.76491 
1381614312.47826 2096851515.30912 2379672778.13787 2248833533.87138 1674481436.61936 1409646022.61771 1293174224.6503 1402654195.33828 1396898018.06278 2158842854.58247 2081404600.30975 1064284388.15735 0 1239786916.62367 2329704173.76788 2406049234.5573 2145865394.16686 1742574514.44815 1293445283.65353 2327338611.16988 1550006314.66092 2278047933.87774 2350266803.4049997 2289431244.87371 1293869440.04449 1683549614.59781 2201995843.5781403 2256260887.99363 1281144477.00423 2433054631.31951 1607580805.97462 1505895221.54765 1157300031.58677 
1275775091.65672 1236315826.82333 2135564918.4769502 1878870990.62364 2184602879.4386 1490000206.49127 2236408484.26703 1214219670.09905 1298226512.819 1379302521.40854 2392219228.76272 2272005238.81456 1239786916.62367 0 1106913095.52528 2122643937.11726 2226896442.42689 1185356943.9253 1704080887.30676 2314955334.98764 1932817868.14214 2109375500.09882 1451025111.43679 2275970448.38742 2154733118.33095 2042430225.5661402 1959510241.28732 2364531506.50606 2184108952.81382 1287086022.31995 2032504870.12744 1746971419.62854 1143839235.10048 
2319579089.38651 2343228922.34861 2236489668.9356604 2273501249.98979 1275208127.15092 2186351708.70833 2125148453.68355 2321132765.62433 1404506168.52649 2213093276.0741196 2031430985.34025 2170800115.4278297 2329704173.76788 1106913095.52528 0 1015730841.59198 2018784191.6711102 1338319840.5954 2243161016.4436297 1208042239.46236 1911006813.66195 2076889777.75524 2055253279.71519 2391155493.7982903 1464429907.51622 1700763557.97447 2129982367.5877 2108486077.166 1817741576.25621 2356674088.94595 1535944218.42472 2214548190.94923 2125149505.51618 
2327390096.387 1874217732.71102 2323568967.29856 2209378522.67388 2140435566.9917703 1916153768.08705 2222815249.9801 1934106932.95316 2224391251.97937 2384136577.65562 1417946129.57099 1341764846.39995 2406049234.5573 2122643937.11726 1015730841.59198 0 1224951722.83813 2241493064.50039 2049255983.62203 1174650157.27226 1450020666.04019 2243282265.45413 1982294538.86639 2293115553.20132 2136188258.35558 2069225889.65521 1114251525.99572 1441283009.71661 1655535257.77984 2379826992.61087 1937890198.91612 1552392873.97864 1906281391.54513 
2204073665.28345 2163271599.1109 1235753552.05766 1505314816.70647 1436153321.0535 1722069882.20453 1371680516.53283 1890326753.17186 1593179500.28339 2406521528.75156 2164305575.2997303 2346620142.3658 2145865394.16686 2226896442.42689 2018784191.6711102 1224951722.83813 0 1041539498.50159 2052470833.02371 1527431992.97245 2304754193.2185802 1566871103.22901 2226861589.57587 1368181942.30157 2334372735.13661 1281522341.22605 1646521182.07435 2092214074.90445 1628057290.13891 2012760042.55614 2108924563.91303 2252064425.27637 1175935022.71877 
2325812078.96817 1863762143.32776 1741723448.19667 1487461671.41024 2157890030.5928802 1626337515.33192 1383396576.50454 2279317491.1603804 2107371724.7614 2326029422.42255 2276034360.6528 2385157147.3843603 1742574514.44815 1185356943.9253 1338319840.5954 2241493064.50039 1041539498.50159 0 1980674742.09842 2041996746.61521 2185584085.4414997 1467702927.65915 1185322091.07428 1512739822.51553 2162115852.61311 2323061839.72764 2089437495.23491 1900465600.70631 2241334647.9932 2420379955.59524 1455932239.34106 1380498297.57184 1297673436.40349 
1256562503.54052 1241607779.64471 1981324623.54241 1508171409.71146 1703523146.9733 2341422440.79644 1105826946.46708 2091556082.77247 1850670484.64821 1995492866.22719 2342783258.66225 1325663046.50985 1293445283.65353 1704080887.30676 2243161016.4436297 2049255983.62203 2052470833.02371 1980674742.09842 0 1035118776.98127 1610484827.44972 2090170044.7315898 2171929045.16061 1794397816.04112 1045864817.55127 2008353179.56118 2080126817.85544 1855370638.36436 1870047987.96944 2041879685.21311 1387301081.84859 1608753741.01708 2085418625.51016 
1816597471.5583 2276726556.62598 2301175461.93715 1440515227.30448 1407053404.54763 2111289968.0491 1109823196.84799 2132012011.01597 1654497708.3014 1612484653.67811 2127203393.61469 1422022640.45783 2327338611.16988 2314955334.98764 1208042239.46236 1174650157.27226 1527431992.97245 2041996746.61521 1035118776.98127 0 1500501096.77538 1821313396.88269 1564350529.00913 1569368148.05356 1808882226.24157 2308492883.6289396 2186437058.11752 2303342988.55739 1991535799.57484 2389361918.67351 2305517283.8799696 1171341667.53594 2050087764.85695 
1186983830.6223 1667423415.44924 1627644777.53527 2362573591.44381 2192650018.9641504 1415150500.16008 2362924469.5229397 1760831016.31308 1976216011.20212 2284052094.93589 1305076060.47419 1895872546.39295 1550006314.66092 1932817868.14214 1911006813.66195 1450020666.04019 2304754193.2185802 2185584085.4414997 1610484827.44972 1500501096.77538 0 1169573008.07062 2208448864.34505 1205883743.20619 2166957376.8279696 2298773519.72536 1339750497.47115 1347287203.62422 2337547601.50325 1964248419.59297 2052993372.84829 1596099469.51323 2056876492.16389 
2287058156.46065 1127698843.49623 2156010885.97204 1884263653.09381 2310379820.58607 2151335908.71437 2136892822.3986201 2123487345.6984 1954812721.71959 2402035617.20372 2175957377.31916 1489376555.82228 2278047933.87774 2109375500.09882 2076889777.75524 2243282265.45413 1566871103.22901 1467702927.65915 2090170044.7315898 1821313396.88269 1169573008.07062 0 1038875856.27443 2339499253.9081497 2100641465.6443 2093044884.75233 1256726969.11243 2264739109.71102 1394782078.45688 2324468038.62631 2086258248.25116 2335048916.4535704 1258919513.89597 
1527401120.90889 1860590037.28411 2417232230.11666 1216548641.52177 1862999621.84336 2210356766.33817 1098016966.12419 1887079259.11703 2326253512.0829697 2204277041.126 1639240844.21352 2206376233.6517 2350266803.4049997 1451025111.43679 2055253279.71519 1982294538.86639 2226861589.57587 1185322091.07428 2171929045.16061 1564350529.00913 2208448864.34505 1038875856.27443 0 1366508327.46438 2316125844.51558 2284759627.2031803 2269649920.40997 1582632361.02827 2157939705.86852 2509886442.20138 1574392561.16066 1488990335.42038 1757992405.79166 
1832547647.39516 2206635652.22895 2458282840.72622 2334051348.86103 2421166118.5960703 2381834930.98096 2184520724.9840803 2208838303.92299 2352101260.9215097 1397512299.98573 2410429007.33991 2452288691.09448 2289431244.87371 2275970448.38742 2391155493.7982903 2293115553.20132 1368181942.30157 1512739822.51553 1794397816.04112 1569368148.05356 1205883743.20619 2339499253.9081497 1366508327.46438 0 1198471852.35394 2407310600.79538 2318843901.1002903 1726597076.54418 2196738881.53088 1968128275.95154 1847882532.50196 1797951920.68798 1132131213.28694 
1926375766.16307 1140216657.31894 2168528699.79475 2320572853.88691 1419841842.62801 2240566251.3284197 1566605975.4903 1324912698.44184 2197940430.2435703 1173897926.3487 2186814633.70288 2286245478.58576 1293869440.04449 2154733118.33095 1464429907.51622 2136188258.35558 2334372735.13661 2162115852.61311 1045864817.55127 1808882226.24157 2166957376.8279696 2100641465.6443 2316125844.51558 1198471852.35394 0 2141541221.92199 1283922832.08519 2400931714.4008303 1527439988.89528 2381386515.28969 2131615866.48329 1816863606.50327 1634341665.07756 
1933662848.02876 1411272088.29554 2252644775.93275 2385965874.05577 2311798656.42151 2361504504.13336 2026644251.46716 1845746143.83723 1241281604.80322 2170439068.21221 2113962380.89742 2203345064.3018103 1683549614.59781 2042430225.5661402 1700763557.97447 2069225889.65521 1281522341.22605 2323061839.72764 2008353179.56118 2308492883.6289396 2298773519.72536 2093044884.75233 2284759627.2031803 2407310600.79538 2141541221.92199 0 1022122703.43816 1353825010.94204 1055248077.83879 1774618819.4296 2019312973.71848 2344343375.01965 1601607993.26262 
2345347347.3751698 1228896161.06505 2257208203.54086 1643868607.73172 1973192432.83374 2329245755.0745296 2152879455.80816 1886465283.215 2263404308.2413797 2353878722.26439 2366826510.79947 2260687312.3067703 2201995843.5781403 1959510241.28732 2129982367.5877 1114251525.99572 1646521182.07435 2089437495.23491 2080126817.85544 2186437058.11752 1339750497.47115 1256726969.11243 2269649920.40997 2318843901.1002903 1283922832.08519 1022122703.43816 0 1127341302.37191 1646343792.77381 2652460123.9489202 2363239512.19746 2221364400.1173697 1317208704.81049 
1272134381.77171 2008942693.6015801 2290362588.7129602 1316695609.58324 1501597881.3903 2248842906.74819 2234856927.00631 2318107085.79089 1491055575.47885 1898016639.60418 1239485208.42756 1213294033.31732 2256260887.99363 2364531506.50606 2108486077.166 1441283009.71661 2092214074.90445 1900465600.70631 1855370638.36436 2303342988.55739 1347287203.62422 2264739109.71102 1582632361.02827 1726597076.54418 2400931714.4008303 1353825010.94204 1127341302.37191 0 1533011153.09235 2410895138.3764896 2126867290.2659802 2485315321.1719103 1409185918.61431 
2042314163.3178601 2078376911.1870499 2148450566.26821 1476473370.51868 1256550578.58272 1412085837.95884 1217975640.39383 2077566743.48038 2283810071.5749702 2181739950.97756 2224159039.3404703 2284600193.94666 1281144477.00423 2184108952.81382 1817741576.25621 1655535257.77984 1628057290.13891 2241334647.9932 1870047987.96944 1991535799.57484 2337547601.50325 1394782078.45688 2157939705.86852 2196738881.53088 1527439988.89528 1055248077.83879 1646343792.77381 1533011153.09235 0 1151910154.31528 2190491597.4095 2140737070.80154 1064607668.24394 
1621543730.90076 1759911611.20199 1692161623.32228 1352574830.03861 1213918495.93193 1484657800.85396 2369885794.7091103 2290772454.3543997 2412402189.1764402 1896845106.86488 2617139531.86515 1600019319.71275 2433054631.31951 1287086022.31995 2356674088.94595 2379826992.61087 2012760042.55614 2420379955.59524 2041879685.21311 2389361918.67351 1964248419.59297 2324468038.62631 2509886442.20138 1968128275.95154 2381386515.28969 1774618819.4296 2652460123.9489202 2410895138.3764896 1151910154.31528 0 1038581443.09422 1694362194.78864 2216517822.55922 
1309964380.86811 1260789113.99783 2289101156.47364 1502115492.6131 1648574367.08992 2361138708.00731 2266426472.5025797 2256804600.84223 2173123599.30989 2318344954.1486797 2395458023.7086296 2487151360.35758 1607580805.97462 2032504870.12744 1535944218.42472 1937890198.91612 2108924563.91303 1455932239.34106 1387301081.84859 2305517283.8799696 2052993372.84829 2086258248.25116 1574392561.16066 1847882532.50196 2131615866.48329 2019312973.71848 2363239512.19746 2126867290.2659802 2190491597.4095 1038581443.09422 0 1134175616.34403 2070093272.20349 
1625525000.01314 2290202425.9376 2520936994.2982 2279211446.34964 1975970466.20261 2192061905.06818 2281164864.38393 2341238278.60146 1469137192.97374 2218803472.43397 1710436107.9735 2311549252.8187 1505895221.54765 1746971419.62854 2214548190.94923 1552392873.97864 2252064425.27637 1380498297.57184 1608753741.01708 1171341667.53594 1596099469.51323 2335048916.4535704 1488990335.42038 1797951920.68798 1816863606.50327 2344343375.01965 2221364400.1173697 2485315321.1719103 2140737070.80154 1694362194.78864 1134175616.34403 0 1076129402.5576 
1028138642.56468 2012560204.99458 1444807591.7406 2189812760.91659 2253187427.91373 1983939359.68279 2140862529.90567 2136723568.93563 1219970047.63457 1674176614.9603 2160248248.9814997 1944816159.76491 1157300031.58677 1143839235.10048 2125149505.51618 1906281391.54513 1175935022.71877 1297673436.40349 2085418625.51016 2050087764.85695 2056876492.16389 1258919513.89597 1757992405.79166 1132131213.28694 1634341665.07756 1601607993.26262 1317208704.81049 1409185918.61431 1064607668.24394 2216517822.55922 2070093272.20349 1076129402.5576 0 
