65
35 15 24 185 135 40 55 72 16 138 186 47 112 173 39 101 99 163 26 115 49 48 71 143 41 187 81 44 60 21 127 117 61 0 192 176 123 11 58 153 183 83 175 7 57 194 76 125 66 68 2 166 107 70 42 191 124 168 128 145 19 133 96 142 73
0 1672632492.82062 1255431484.9281 1622066510.9857 1474550253.15994 1332247127.16027 2073728550.26562 2343535500.55411 2402603471.0043497 2151637337.91356 2102927727.5453799 1264647225.48207 2175148719.00795 2030963657.7676 2151680709.0188 1467717175.78595 1597966762.78237 2401579710.31108 1860139021.92373 2136491072.556 2352839426.00178 2191067830.54073 2185797401.97899 1842514735.34839 2233682470.78975 2286948716.01297 2097353485.95069 2104386052.72936 2178897389.37823 2192066096.47005 2336148787.6008 1549959615.85951 1569497984.14813 2152488268.87918 2227039277.91503 1311418659.68752 2319153917.36669 2119711879.25316 2225752641.95011 2217554437.26053 1646924135.57716 2067563651.10114 2170223591.7800198 2195887944.45306 2161632260.89629 1908760744.99366 1706801058.8745 2255224958.76308 2135857772.7736301 2163069227.50499 2131972606.78792 2140233130.13868 2057725448.21708 2232033806.05936 2191523451.04653 2078990005.3587 1055357234.33838 1797604050.12519 1930902047.17467 1857291852.23978 1411331323.7778 2172107667.66267 2341807459.45646 2147069083.97327 1120141670.95924 
1672632492.82062 0 1064398875.20203 2266086899.0094 2243647579.15447 1326036855.84589 1471731483.59778 2181866019.15314 2276250626.54009 1941650679.04329 1178358788.65064 1420815636.56669 2090163312.27907 1517974923.11612 1205714759.16822 2093495691.2841802 2213750856.81034 1572606646.82471 1570230678.48604 2238533608.86211 2081553996.59834 1345974472.66575 2078023606.52207 2036185171.33758 2057336800.59233 1811753161.60925 2399298147.4129 1791275817.14556 2150906773.36535 1723243854.58135 1332556394.56195 2084403561.6532698 2235842600.23639 1821579752.1685 2268402009.01725 1854148723.60896 1295217047.74856 1510498918.58707 1789059022.54173 2142482328.75449 1967375682.64691 2225052220.44048 1558489442.15254 1410329727.46923 1494592700.2041 1025779993.54749 2038744774.8752499 1541676126.01213 2168451323.0804 2100560389.17122 2099554582.11188 2016223282.88349 1981944398.63392 2128456802.07198 1297162190.17921 2209642238.96089 1951244784.28148 2127229935.9475498 1633684878.88954 2096685385.2470899 1390300560.21175 2139689642.98663 2379103578.49971 2139419407.35941 1934814024.74158 
1255431484.9281 1064398875.20203 0 1345161884.69367 1873923096.45364 2146729272.45991 2134091044.40348 1571317275.99374 2275440374.72971 2252732250.1599503 2177978226.7228003 2111318422.9191499 2032228064.5978699 2168730280.1877003 2084898812.2839 1483419486.27497 1907646838.45255 1296164184.84838 1876510357.49584 2136341310.3259897 2073801908.5594702 1321892428.61122 2210097996.5522003 2138615368.73454 1846302795.91602 2144983929.64368 2316010528.9831896 2317221280.0940104 2266888834.95002 2231231284.18705 1862874859.72591 1020004686.45124 1335326408.85291 2155496957.63318 1884812022.56011 2243063647.2852297 2261659072.0250797 1508540891.06078 2102242621.32421 2099633656.46671 2055277947.46918 2223908918.47626 2216541064.5763 2188023069.42078 1574765728.21895 2090178868.7495198 1619375866.71237 1905584686.01791 2325877240.29677 2282977775.2536597 2192819753.2864 1801857193.0274 2319364489.73773 2162447775.26423 1139032257.75251 1145243363.75886 1964279800.54489 1263235764.3796 1870057660.07339 2227406857.46074 2170563649.70762 2196588671.82807 1589540608.2824 1728333222.75475 2279282036.45975 
1622066510.9857 2266086899.0094 1345161884.69367 0 1059312447.7324 1257544668.84625 1979770726.31891 1519599990.19638 1663780069.46488 2349009862.52881 2120895985.85994 2122103848.4478102 1589219464.09977 1160356315.19643 2187179931.0695 2363285713.85363 1534973658.02375 1127609950.43881 1322174115.11121 1952498026.27181 2355697623.04626 1275382589.53277 2332723097.3876 2143429108.5328302 2058823334.20196 2131733700.35226 1107449414.88189 2150973393.42172 1437776980.8428 2459716163.63912 2189218702.62302 1792311177.12354 1391691681.01349 2156112382.05649 2469623421.37868 1689852396.17416 2103164203.24446 2182599632.54113 2052423507.46298 2339118465.89934 2076403227.50508 2337259865.7752 2168742933.13792 1420437165.67944 1102940866.61187 1314690391.56325 2327655172.8910103 2224885402.55796 1631146901.32866 1759770196.40496 1398223274.83714 1709288946.37174 2248981690.63825 1915544066.49062 1285757830.75569 1819267920.41028 2181903723.06006 1332970300.46802 1285370305.56088 2301762755.51653 2256158270.15839 1438677997.95759 1344142111.08696 1288684676.22743 1362725814.42289 
1474550253.15994 2243647579.15447 1873923096.45364 1059312447.7324 0 1533533075.71527 2243251083.1205997 2237853488.24818 1993334838.39808 1722065416.67028 2234420571.00914 1608667327.41485 1158694718.94405 1404544788.59029 2256651742.34859 2225970937.77323 1641648836.63407 2107829279.59408 2181511980.35521 2073121881.77112 1706563639.64119 2279249609.55659 1373512794.46031 2232882187.45175 1883558273.10697 1769425502.20034 1338855030.10372 2145677638.83846 2168800823.1055 1793489237.90118 2179594127.80774 1920313384.73647 2228201875.64 2192076473.4570103 2163779388.6939898 1137338326.64757 1610891442.02761 2171725905.2726097 1172949919.00471 1657710581.93223 2149285731.49812 2217149274.6357403 2167617064.57332 1154900736.8366 1964679865.8322 2293963568.7044897 2206811741.72553 2195444331.07006 2167385224.30622 1296013227.74232 2223251509.49212 2015875051.81559 2053385694.3726902 2128646700.43675 2345070278.48809 2197680442.49852 2311967318.33034 2145293762.2496 2149745247.4013 2055863216.2051902 1429616063.38466 1707032522.34005 2124208378.7087 2162531976.2674103 2230647010.33042 
1332247127.16027 1326036855.84589 2146729272.45991 1257544668.84625 1533533075.71527 0 1866029671.84635 2239823322.29473 2160707173.79699 2158671480.7554502 2309512207.86749 1758578556.74707 1657953668.81658 2149556740.9349 1930976032.91987 2277295429.0593796 1453797472.9749 1499058859.84311 2324737076.87933 2208817358.9092197 2262982259.38605 2263533456.72292 1408306273.46802 1688201685.73806 1113139262.3817 2148202678.20467 1942949509.87613 2235416524.2010202 1108933243.77249 1548898539.93019 1645910727.8353 2204263527.1054797 1542340999.23488 2182642109.25889 2213664625.8010597 1519389544.99853 2143377826.89874 1790189067.81697 2597592955.87017 2204179785.1465597 2171934122.19277 2153438700.04314 1209765700.87747 2109813252.1666598 1555670231.29669 1778331380.85094 1624922030.87 2210081620.59525 1738036688.91497 2322574067.40671 2127505837.5096803 2137247703.5271301 1784036571.57486 1841042476.82974 2176821376.99658 2244997086.37368 2219829170.97053 2247617459.96479 2163693976.31789 1285811872.28846 1012439353.11561 2118119447.62642 2326142562.90728 1302510536.81306 1106767018.84527 
2073728550.26562 1471731483.59778 2134091044.40348 1979770726.31891 2243251083.1205997 1866029671.84635 0 1014591301.5855 1611265997.92099 2218669106.73745 2200229297.68394 2176623831.31134 1591045156.83501 1201285098.76674 1616046971.21714 1765511021.35574 2160929400.12983 2043696648.0686002 1304659445.16328 2106911266.98238 1701130908.64265 2258518924.32494 1703322955.46901 1230314145.3597 1677483516.09434 2079114784.0848398 1280743180.26884 2240570269.99266 1014121758.59404 2073293250.3317099 2036935003.9590302 1362471404.14686 2074379965.7575102 1612345438.36206 2109555264.2838597 2071804846.26457 2011314032.7839599 1578341695.90734 1567460298.91183 1532765183.84039 2159160957.23616 1832974189.95206 1593688995.08404 1844075038.97325 2059493329.4720101 2040192171.00859 1168840224.81052 2205054897.60452 2108179470.47152 2219280788.05049 1644691699.50905 1464052501.12758 1372024489.24555 1214087350.07094 1779625170.16724 2244195418.49819 2166202335.1052 1009511668.32331 2030059582.36343 2175894012.9628 1848805171.86378 2208573980.41556 2151349471.29422 2132488370.8123999 1105560957.79837 
2343535500.55411 2181866019.15314 1571317275.99374 1519599990.19638 2237853488.24818 2239823322.29473 1014591301.5855 0 1399628809.92576 1401886121.74794 2261091965.86201 2125105453.34094 1424887982.18518 2159268256.53319 1737985351.86274 1932937784.07084 2067209354.3215098 2240476590.50366 1240278092.98656 2241798900.04221 1711088581.18735 2461096611.76483 2163415081.66913 1080768982.12188 2308315839.43155 2213465186.83617 1189180901.3658 1345721638.22718 1884919583.57646 2373047087.51692 1797713250.93405 2190094893.69111 2062693822.0819101 2101413229.89005 2091903435.36779 1636946308.06886 2438616704.88653 1969842649.77531 2151697129.50807 1808680777.63259 2325502075.63018 2114413141.1554601 2246464058.02293 2282025175.29858 1721408129.94892 2224720395.31411 2114119823.5213299 1367551978.85825 2146985182.47984 2098827431.56094 1764559346.12444 2134484739.05161 1569889835.34988 2099417653.61898 2234390933.85325 2094650255.26037 1478783764.34999 2024102969.9088101 2135726381.2308502 2176873658.21784 2074822471.54039 1390760542.82109 2315200750.32771 2354567444.41773 2120152259.38387 
2402603471.0043497 2276250626.54009 2275440374.72971 1663780069.46488 1993334838.39808 2160707173.79699 1611265997.92099 1399628809.92576 0 1003808582.65926 1097891837.88945 1863395709.46892 1419001609.14212 2271847059.1055603 2297736310.39246 2118331766.10763 1331010193.71067 2350985459.2754 1508499053.6696 1148572295.87253 1641744487.39681 1382332567.40862 1788531333.36098 2072388730.71321 1699481116.94813 1068037015.26251 1985484184.4521 1202676693.20388 2072517145.56398 2240361164.12309 2179730749.54152 2138172729.57502 1692658050.76523 1543591626.68109 2391318207.42071 1348173066.25647 2024163139.68297 1603517153.90848 2228873228.30837 1517350149.26598 1934902309.38877 2254593599.76905 1741169596.15012 1344499562.39215 1814104337.6022 2053041277.9076 1906913864.01141 2129504272.7374501 1646897305.46298 2103368225.4566402 2106720226.1342201 1077000921.32944 2138588663.9169002 2222093301.5348 1233956945.15404 2252041840.5676403 2174757919.90987 2359821678.75858 1522577695.74997 2288150204.6377897 1665160892.59664 1906028180.65902 2234868715.94471 2276483173.3586802 1403962306.67163 
2151637337.91356 1941650679.04329 2252732250.1599503 2349009862.52881 1722065416.67028 2158671480.7554502 2218669106.73745 1401886121.74794 1003808582.65926 0 1009400199.27081 1327246044.5196 2149934914.2146797 2124773797.42245 2232171042.52908 1114523183.44837 2142936990.9836001 2125089209.34992 1340465820.65653 1408526214.22502 2189915879.51195 1406105762.65891 1092849420.808 2272141032.49576 2253152144.22012 2071845597.92177 1957859966.12591 2206485275.86314 1493255871.42825 1388475768.66322 2105879590.47791 1955239243.23625 2229198605.95605 1253988887.74846 1556105346.93398 2147579218.94821 2027192349.16822 2156714982.88356 1612235061.36589 2345337397.55692 1342478584.73018 2378216195.24804 2109146706.26083 2104321406.89489 2219386303.48486 1453686176.49326 1516467481.56802 1656206894.32745 1382797152.8447 1818912908.16188 1784219247.5105 2039355709.8752499 1991812148.49728 1460611846.10976 1634361790.2484 1644450674.57384 2150230620.40841 1897724567.24565 1442406076.1648 2028187648.68489 1456319106.08291 2141660927.44422 2098815509.94417 1292274829.77888 2178255984.9099197 
2102927727.5453799 1178358788.65064 2177978226.7228003 2120895985.85994 2234420571.00914 2309512207.86749 2200229297.68394 2261091965.86201 1097891837.88945 1009400199.27081 0 1023070508.61431 1277736778.57751 2286069754.22038 1980005002.73508 2123923382.71918 1782850485.11787 1417978833.97879 1974949100.84143 1744659983.21742 2145748716.55402 1306157326.14733 1503688557.52576 1713080770.99262 2139750402.9728699 2045371999.14521 1481038459.95128 1583771008.24395 1914779039.05227 2116522770.5799599 1096479391.2071 2174851484.4456 1252043899.04875 1617783406.89683 1704035696.16098 1598623942.7853 1153639775.62227 2097648474.29416 2154144974.44722 1572165187.46303 2204575481.14563 2092433748.40613 1099746506.99002 2158801234.5721703 1536387658.4779 2179783276.06487 2156482181.97911 2133243701.4129 1667712051.58499 1754320889.12684 1438397043.17412 1964967246.65314 2205063300.02002 2107000459.10132 2083032245.2314901 1665687642.00605 2109116087.25684 1787439129.98816 1876113693.32513 2099059137.60903 1887499668.40181 1132260728.17341 1292742189.37422 1194335612.44347 2085859146.8748899 
1264647225.48207 1420815636.56669 2111318422.9191499 2122103848.4478102 1608667327.41485 1758578556.74707 2176623831.31134 2125105453.34094 1863395709.46892 1327246044.5196 1023070508.61431 0 1026458056.58235 2182194777.27975 1778530009.44227 1755646444.92866 1442175569.10624 2182510189.20722 1971176068.69186 1579025536.11308 1122678207.93971 2329227834.76164 2219744666.6436596 2042044638.71075 1911669041.54772 1022301490.5309 1014654433.56592 2058178412.10575 1486216735.76211 1851657460.00752 1474970555.56098 2093714234.33766 1790092895.55308 1337031178.39156 2114688274.5527 2107691942.30836 2168536595.72007 1252580948.61342 1714453751.35527 1575308551.04603 2118671422.6023202 1069363239.79182 2081746252.4945002 2142332160.2355201 2133362385.95116 2166806157.36695 2108752913.2702098 1833340949.50947 1161162476.63564 2107296960.82762 2232657885.6241198 1613560591.49395 1332296318.08333 1435042571.71904 1059961736.61718 2148028794.50922 1179435401.88665 2108815331.1609201 2092381078.9503698 1075988628.99472 1039171499.77015 1848008335.92041 2112904374.4507399 2070485834.87786 2130883776.85222 
2175148719.00795 2090163312.27907 2032228064.5978699 1589219464.09977 1158694718.94405 1657953668.81658 1591045156.83501 1424887982.18518 1419001609.14212 2149934914.2146797 1277736778.57751 1026458056.58235 0 1799968872.6381 1771320101.77251 2224160262.00524 1903771961.6777 2144701608.76822 2057251457.95836 2184583676.1501303 2098904155.0781 2099300227.86348 1977401201.83209 2125492790.1142201 2266657280.53517 1262838340.5585 2041112490.1482701 1609895377.64768 1928209374.42486 2092174568.66333 1020899408.86369 2056271187.7902 1985820411.31651 1298148527.15935 1122030898.64308 1741175948.72941 1925970999.02657 1639781934.43297 1910551154.48629 2124735902.9853399 1666290009.38203 1058454555.69169 1514233138.76906 1870365962.90211 2107177244.8748398 1245069204.42014 2191607575.2838 2124237292.17689 1491148668.48089 1919300212.48586 2048471346.98358 2048361977.54742 1063041827.83396 1215884540.24419 2086419793.1995301 2097004747.0584002 2114874130.50085 2045898466.00206 1529697733.95615 2088350141.93702 2065629556.3525 1094622379.09677 1223821872.93253 1044027778.29551 1673889941.33618 
2030963657.7676 1517974923.11612 2168730280.1877003 1160356315.19643 1404544788.59029 2149556740.9349 1201285098.76674 2159268256.53319 2271847059.1055603 2124773797.42245 2286069754.22038 2182194777.27975 1799968872.6381 0 1070550091.22216 1981915679.16753 1506600570.63221 1088918278.67251 1585024509.67431 2085225171.6714902 1543573862.11507 2095498929.7234898 2121484203.94351 1768626712.17348 2373983765.89196 2237637640.86215 1220372973.80382 2155846008.55643 2215406857.3607802 1588880022.55059 2053476791.91822 1512674844.15061 2177563680.31663 2112038349.38774 2102522534.305 2080849315.9742198 1329695771.72687 1790257129.67168 2240606782.47671 2099953881.9896898 1070609779.87991 2067183964.43894 2169843905.11782 1903644063.60335 1277959958.43177 1684362250.89509 2215989834.84982 1976080244.05493 1383251315.0854 2106482898.90583 2243755408.77248 1496151875.23021 1212190737.84557 2156033575.59692 2257286951.8758 2431105995.9899197 1724370893.70593 1942423764.09652 2167820161.00099 2280017744.75604 2198392431.96352 2142924532.85213 2231930606.63477 1245279093.14589 1042789722.08963 
2151680709.0188 1205714759.16822 2084898812.2839 2187179931.0695 2256651742.34859 1930976032.91987 1616046971.21714 1737985351.86274 2297736310.39246 2232171042.52908 1980005002.73508 1778530009.44227 1771320101.77251 1070550091.22216 0 1117647859.08071 2146061666.61594 1194995594.99544 1465659089.6865 2256828437.145 2305467486.61204 1927319524.77752 2205823564.42754 2228073801.86161 1478014840.18603 2110643421.6623602 2290923065.02598 1890674453.42932 1745598317.1138 2126427260.6342 2355709439.12671 2244819426.19622 1412253062.11672 2198294467.06905 1912092432.80829 2350629159.3870296 2237362104.70553 2168597926.02586 1416711159.13353 2177758793.91511 2141159871.1020699 2187901015.69014 2290560956.36902 1971847932.63527 1823888977.53269 1946702604.65537 2412782355.78915 2257236762.30336 2184743819.54633 2216162565.6272297 2366872863.55464 2171573232.83491 2243522432.80236 1281247077.37111 1476664928.77106 2127876052.1314 1104243281.11108 1791277503.56066 1817021095.22697 1633284891.78175 1669634868.43682 2087003681.48246 2106022124.09695 1706997423.23609 1761742770.60235 
1467717175.78595 2093495691.2841802 1483419486.27497 2363285713.85363 2225970937.77323 2277295429.0593796 1765511021.35574 1932937784.07084 2118331766.10763 1114523183.44837 2123923382.71918 1755646444.92866 2224160262.00524 1981915679.16753 1117647859.08071 0 1028413807.53523 1790215165.38043 2153401880.68499 1151881073.62934 2167010937.57054 2196610939.97968 2178372820.83674 1205174549.67543 1456985862.41414 1743711705.79763 1255836298.97174 1966419747.56346 2084970287.2055302 1153118615.60944 1625396421.55028 1743079078.11049 2125146650.83006 2124358749.73364 1102129363.36216 2148929029.22297 1141193771.5438 2318833636.18202 1854801765.91853 1794082269.42855 2227731424.73013 1409045080.84702 1838927443.5164 1071070200.93663 2174535342.2479 2288088724.7474403 1538467941.56157 1362322884.71616 1710789229.32847 1628781272.34695 1306370954.36444 1053925373.7542 2229158459.88271 1061229558.29075 1697634703.15945 2113849906.5985498 1311198909.1293 1729273679.78377 1192658785.80922 1965742678.83285 2277762629.26923 1784792448.25323 2103499923.94511 2100643910.28118 1354862562.9642 
1597966762.78237 2213750856.81034 1907646838.45255 1534973658.02375 1641648836.63407 1453797472.9749 2160929400.12983 2067209354.3215098 1331010193.71067 2142936990.9836001 1782850485.11787 1442175569.10624 1903771961.6777 1506600570.63221 2146061666.61594 1028413807.53523 0 1022273625.28526 2022472122.80236 2145524362.9805999 2235447314.39192 1835177742.95249 1802399383.19024 1923565670.78133 1500054027.83865 1930046331.91254 1162800301.311 1222066544.49361 2123428639.9695802 2157689497.82878 1033032815.27602 2160618101.08626 2119852407.70751 1741540066.74644 1954198399.40882 1467613714.74054 2169607579.07903 1871547462.43365 2173962129.08946 2293786583.7797 1291012591.29074 1053664826.32721 2053294960.4387398 2099484008.47186 1146121534.71267 2222403527.32292 2176611490.75138 2109437429.85878 1843694080.64684 1292734777.77643 2148284879.0723 1212705489.02644 1666834588.53724 2089643365.8259802 1142866089.32655 2132330381.04461 1790634387.94607 2056458605.03055 2096055629.10168 1212856505.02236 2238150853.26183 1346516979.78442 1113860851.39573 1839650129.95409 2214581591.89152 
2401579710.31108 1572606646.82471 1296164184.84838 1127609950.43881 2107829279.59408 1499058859.84311 2043696648.0686002 2240476590.50366 2350985459.2754 2125089209.34992 1417978833.97879 2182510189.20722 2144701608.76822 1088918278.67251 1194995594.99544 1790215165.38043 1022273625.28526 0 1000198497.5171 2001719304.57275 1287559301.11597 1006580651.05098 1923495022.07118 2163071808.4389896 2417778825.84097 1618262020.62321 1308151040.48034 1920628550.84892 2234587449.13924 1987337939.48277 2055306440.56128 1282547282.35975 1211540470.2369 1936359606.80569 1490496764.55459 1288811427.67568 1544329907.57503 2138792076.28224 1151688503.8042 2221124618.48973 2159528058.5524197 2075938451.61247 2338032026.59932 2094821529.1852798 2081618460.38951 2433779578.48006 1523569395.12833 2269848590.4316797 2226253966.24367 1659027905.22436 1171877268.5592 2194932790.89184 2301109016.5180798 2127610891.38867 1815075116.69215 1590042493.96665 2211220065.04961 1034184979.74529 2216305847.08361 2235130130.30762 1470218674.55261 1439800956.33755 2136134476.68099 1614277593.1484 2131708000.7621398 
1860139021.92373 1570230678.48604 1876510357.49584 1322174115.11121 2181511980.35521 2324737076.87933 1304659445.16328 1240278092.98656 1508499053.6696 1340465820.65653 1974949100.84143 1971176068.69186 2057251457.95836 1585024509.67431 1465659089.6865 2153401880.68499 2022472122.80236 1000198497.5171 0 1001520807.05565 1345797186.58467 2006779148.56808 1305673883.72161 1824947187.08356 2166089936.58496 1295785969.90142 1960325350.70589 1816713023.97732 2101404922.19238 2237980236.22008 2193143960.9997797 1194470800.29993 2063814017.98579 2178878067.60924 1924920786.58033 1290697370.77498 2256191365.45975 1549822839.33234 1008562061.3505 2210082619.53265 1920709588.40384 2276156762.9768896 2222551132.14384 2038673331.0804 2096828663.3731499 2316351815.20363 2134234919.8593202 2169270153.29662 2292897860.52866 1419646713.98039 1941089642.66437 2252942250.95545 1732827497.08458 1383327893.21203 2185915196.20339 2042603184.0251698 1831504254.68508 2034383477.2623901 1216107349.56651 2185207065.93328 1312297723.76372 2105832942.23668 2503516539.97215 1398870629.94247 2248017430.90254 
2136491072.556 2238533608.86211 2136341310.3259897 1952498026.27181 2073121881.77112 2208817358.9092197 2106911266.98238 2241798900.04221 1148572295.87253 1408526214.22502 1744659983.21742 1579025536.11308 2184583676.1501303 2085225171.6714902 2256828437.145 1151881073.62934 2145524362.9805999 2001719304.57275 1001520807.05565 0 1015129863.9412 2304617652.3971 1461844630.77245 2147159534.67073 1770120259.73492 2154072301.80542 1705034754.16239 2272921718.86449 1099884115.13673 2159055606.8744 1361129232.25339 1116336623.87475 2065278041.26175 2165628045.07975 2146975878.52629 1940765141.06092 2060988251.72156 2290762831.7466297 2010082868.4061499 2252796520.50802 1665425125.72466 2172711379.2273397 1538439350.70588 1353151940.3381 1679681093.9185 2139661935.31429 2276746993.2051 2051634958.3874 2256609561.5351896 1251744714.50475 1252725579.22253 2144644032.96004 1121541848.31617 1148596180.56538 1820771846.80031 2197037326.3087797 1638350426.31899 2087846948.24107 2217628156.62216 1813554657.87735 2218621676.17488 1747880116.83435 2168327466.7317 1151929560.57835 1913861469.77551 
2352839426.00178 2081553996.59834 2073801908.5594702 2355697623.04626 1706563639.64119 2262982259.38605 1701130908.64265 1711088581.18735 1641744487.39681 2189915879.51195 2145748716.55402 1122678207.93971 2098904155.0781 1543573862.11507 2305467486.61204 2167010937.57054 2235447314.39192 1287559301.11597 1345797186.58467 1015129863.9412 0 2185157683.73556 1097066458.70395 1769325617.81107 1953001896.4921 2144979698.47061 1250104291.90072 2293628270.44055 2115013979.07793 2206034047.18863 2015684769.6486602 1457161343.67673 1560817531.44437 2207867295.01614 1185637908.64466 1913358208.26994 1045858387.78036 2026970990.76791 2162774731.36314 1245070314.8864 1261966281.28659 2192041447.73153 2262285419.1923304 2111750975.5647402 1725009894.00981 2138892623.85251 2247375504.7394 2272931373.27647 1998436774.35175 2233875885.3702803 2216630283.4159403 1186910978.61116 1603461078.26526 1274429552.20762 1533803743.64358 2161921091.4972897 1656971588.64043 2101660488.93206 2089620873.4807901 1641370722.40159 2132741026.28402 1365356270.60068 1698994492.94506 2167059424.5195503 1779844471.97599 
2191067830.54073 1345974472.66575 1321892428.61122 1275382589.53277 2279249609.55659 2263533456.72292 2258518924.32494 2461096611.76483 1382332567.40862 1406105762.65891 1306157326.14733 2329227834.76164 2099300227.86348 2095498929.7234898 1927319524.77752 2196610939.97968 1835177742.95249 1006580651.05098 2006779148.56808 2304617652.3971 2185157683.73556 0 1088091225.03161 1965337848.12071 2168082950.29359 2195677838.15724 1668847204.76777 1459224440.6304 1794356542.56318 2336699383.86493 1234760221.56976 2264880686.87272 1595774407.71289 1865224560.75293 1720851067.26976 2253938721.82216 1624834130.7081 2125865894.0830197 1762045308.63702 2156955453.49112 1679938945.62487 1697300524.61809 1988374527.92464 2210133661.30724 2196930592.51147 1877995735.40569 1680996457.76433 1442419207.49113 1615365082.35474 1967963168.21087 2178457919.61018 1464806027.30118 2146831995.2374902 1897329827.28161 1315478982.99817 2120974801.17546 1371587530.89727 2040765630.79627 1667464671.13545 1544316825.09574 2284721527.83173 2279182895.24374 1738980482.01034 1878832925.03664 2184944572.26515 
2185797401.97899 2078023606.52207 2210097996.5522003 2332723097.3876 1373512794.46031 1408306273.46802 1703322955.46901 2163415081.66913 1788531333.36098 1092849420.808 1503688557.52576 2219744666.6436596 1977401201.83209 2121484203.94351 2205823564.42754 2178372820.83674 1802399383.19024 1923495022.07118 1305673883.72161 1461844630.77245 1097066458.70395 1088091225.03161 0 1629058257.67914 1347095079.88737 2152418430.79742 1682148525.83364 1880550263.55908 2195016463.90963 1954643999.45726 1982653562.59445 2137159460.34549 1555283698.70582 2225438118.34157 1420328632.75964 1570071733.05051 1230600321.30442 1966664012.84838 1264937610.20108 1908713839.48914 2230372210.97184 1941741070.62484 2219086837.0696096 1684635075.28771 2169825702.7079296 1420341137.99801 1612319101.59403 1175864914.57252 2139054224.1693802 2113897025.16854 2221645348.0736103 2234472648.9562597 1524736208.59948 1162693645.55828 1328394906.61245 1064854632.79334 1235023836.21284 1353692251.0214 1436001177.41196 2218776151.20882 2367169179.02985 2124861068.7160099 2514988981.4594097 1249242765.64139 1947333780.17377 
1842514735.34839 2036185171.33758 2138615368.73454 2143429108.5328302 2232882187.45175 1688201685.73806 1230314145.3597 1080768982.12188 2072388730.71321 2272141032.49576 1713080770.99262 2042044638.71075 2125492790.1142201 1768626712.17348 2228073801.86161 1205174549.67543 1923565670.78133 2163071808.4389896 1824947187.08356 2147159534.67073 1769325617.81107 1965337848.12071 1629058257.67914 0 1402106511.64928 2247542603.3133903 2269949883.48768 1456567034.32347 1261274310.79326 2164544631.79037 2434287420.09351 1118610682.2833 1214947873.01551 2018352415.25986 2102326205.1444101 2196510014.10365 2179378502.25483 2211324936.87049 1523166853.2731 1262969921.36224 1917713763.12158 1738311204.36971 2096618021.6399398 1319281190.67265 1792464306.39893 1143951413.19223 1477570469.22216 1405797927.65078 1066216200.35796 1705985488.35751 2104451142.1082401 2179782490.52888 2125663748.92768 2266404107.96618 1826121597.48393 1013881273.13849 1225424427.29666 1662226491.7629 2112497126.05161 1096104676.09596 2166616022.23526 2144586202.98299 1674019904.61009 1583566501.47648 2335875103.1580696 
2233682470.78975 2057336800.59233 1846302795.91602 2058823334.20196 1883558273.10697 1113139262.3817 1677483516.09434 2308315839.43155 1699481116.94813 2253152144.22012 2139750402.9728699 1911669041.54772 2266657280.53517 2373983765.89196 1478014840.18603 1456985862.41414 1500054027.83865 2417778825.84097 2166089936.58496 1770120259.73492 1953001896.4921 2168082950.29359 1347095079.88737 1402106511.64928 0 1686074424.06432 1515346217.84062 1135382201.97242 1174587057.74016 2233758549.47783 2411022280.5666304 1470494313.50471 1290299498.7399 2210386908.93749 2326561378.3620195 1561685348.80302 2355542420.1957197 1400352243.69889 2107355847.21633 2185953328.51536 1303373986.01205 2158813471.47717 1146430458.77449 2160535973.03211 2107838799.6550899 1031556807.04484 2044521588.3726 1354194696.11527 1592612556.20262 2228255007.49567 1334346959.80904 2156432245.66857 1731339834.59073 2167561001.15635 1769929466.74448 2411949712.68071 2334401367.26925 1989337323.49449 2254647891.78189 2161522779.06363 2125578615.4973102 2229291543.6156898 2223410664.72268 1998360245.31534 2219906281.2269697 
2286948716.01297 1811753161.60925 2144983929.64368 2131733700.35226 1769425502.20034 2148202678.20467 2079114784.0848398 2213465186.83617 1068037015.26251 2071845597.92177 2045371999.14521 1022301490.5309 1262838340.5585 2237637640.86215 2110643421.6623602 1743711705.79763 1930046331.91254 1618262020.62321 1295785969.90142 2154072301.80542 2144979698.47061 2195677838.15724 2152418430.79742 2247542603.3133903 1686074424.06432 0 1024284285.47037 1936257352.47044 1190032325.71573 2154938815.35348 1111693734.27901 1240638316.02118 1032594730.29788 1620172626.91592 1706350713.66623 1443467550.31266 2451202807.99183 2098833185.1023102 2087846686.93317 1221483255.62451 1965175295.14503 1186556584.50654 1758044387.95927 2151362472.92481 2027853479.09583 2264290081.41508 1574275315.01562 2149278851.71831 1820588282.55997 1412755151.98328 2271219613.41114 2038046664.8632798 2325880168.39246 2068450024.6191201 2070434740.92984 1435908640.54771 1622088134.40204 1867133474.95595 1576452688.41115 2098290119.52562 2061472990.30105 2241014505.63465 1265737149.72623 2241298306.8287 2150233756.62459 
2097353485.95069 2399298147.4129 2316010528.9831896 1107449414.88189 1338855030.10372 1942949509.87613 1280743180.26884 1189180901.3658 1985484184.4521 1957859966.12591 1481038459.95128 1014654433.56592 2041112490.1482701 1220372973.80382 2290923065.02598 1255836298.97174 1162800301.311 1308151040.48034 1960325350.70589 1705034754.16239 1250104291.90072 1668847204.76777 1682148525.83364 2269949883.48768 1515346217.84062 1024284285.47037 0 1043523978.53983 1823998045.37879 2408954914.58118 1765384307.08065 1538532828.51004 1741332484.3432 1343248770.58746 2321043948.5047503 1223373922.13636 2175090716.86911 2267235382.17934 2166511842.33592 1231669051.01745 1531319223.11635 1612019664.43362 2243312989.8851604 2068677749.59952 1596751278.04487 2267944069.2449503 2169517941.60026 2348375962.91328 1887715227.848 1107650074.63562 1659787976.60851 2215841524.59996 1651403048.9546 2100877913.33544 1641878381.68455 1415043235.88065 1386806832.21111 1133133469.35751 2302676879.24452 2090643062.5606399 2053825933.33607 2349818009.29493 2276661152.70673 2159701081.98055 2228321418.71109 
2104386052.72936 1791275817.14556 2317221280.0940104 2150973393.42172 2145677638.83846 2235416524.2010202 2240570269.99266 1345721638.22718 1202676693.20388 2206485275.86314 1583771008.24395 2058178412.10575 1609895377.64768 2155846008.55643 1890674453.42932 1966419747.56346 1222066544.49361 1920628550.84892 1816713023.97732 2272921718.86449 2293628270.44055 1459224440.6304 1880550263.55908 1456567034.32347 1135382201.97242 1936257352.47044 1043523978.53983 0 1992913007.97056 2192378925.56717 2149867444.1620398 1605204794.76143 1434565128.04981 2051616335.80667 2227144012.82885 2208222109.69541 2325267538.21592 2207925844.3324404 1144064042.72479 2114580330.7863002 1085236228.67652 2064616247.0720801 2132490204.90939 1025153771.05969 2232330644.7474403 1224420090.70512 2237384872.03288 1813538423.54414 1781168332.69515 1759895733.90652 1193518414.16671 1521009737.43485 1785959089.15947 1124325538.29911 1202640723.94335 2067933476.72161 1199576393.41033 2176657447.89734 1417022981.94564 2166756957.67005 1440666740.39438 2157550981.64874 2282182733.47336 2054727480.4042401 1579637938.61845 
2178897389.37823 2150906773.36535 2266888834.95002 1437776980.8428 2168800823.1055 1108933243.77249 1014121758.59404 1884919583.57646 2072517145.56398 1493255871.42825 1914779039.05227 1486216735.76211 1928209374.42486 2215406857.3607802 1745598317.1138 2084970287.2055302 2123428639.9695802 2234587449.13924 2101404922.19238 1099884115.13673 2115013979.07793 1794356542.56318 2195016463.90963 1261274310.79326 1174587057.74016 1190032325.71573 1823998045.37879 1992913007.97056 0 1059171491.73767 1845719554.70211 2135520937.42373 1458840328.61258 1690867270.51359 1227171475.68317 2217279509.43062 2055187798.66573 2285021374.47683 2301373191.6368 2342421312.29449 1875649798.83502 1895742204.25158 2120402627.86268 1013900086.2689 2261795734.67962 2084065936.8903599 2117151634.95724 1908219078.77444 2178209507.08289 1911921332.74638 1173100278.39684 1816680908.35452 2142254459.3951302 2228209108.66498 2072188031.47795 1729409675.63611 1662148873.14197 1281927074.43966 1436153804.52152 2261725460.89091 2121372596.8881001 1518525898.41106 2272073360.99508 2043473795.61345 1605418022.08761 
2192066096.47005 1723243854.58135 2231231284.18705 2459716163.63912 1793489237.90118 1548898539.93019 2073293250.3317099 2373047087.51692 2240361164.12309 1388475768.66322 2116522770.5799599 1851657460.00752 2092174568.66333 1588880022.55059 2126427260.6342 1153118615.60944 2157689497.82878 1987337939.48277 2237980236.22008 2159055606.8744 2206034047.18863 2336699383.86493 1954643999.45726 2164544631.79037 2233758549.47783 2154938815.35348 2408954914.58118 2192378925.56717 1059171491.73767 0 1378559966.88456 1325994037.92577 1502654146.87645 2150970989.3143997 2255247978.9716 1851663390.1955 2160730433.89075 2349142842.48348 2443493644.52494 2136486799.00043 1107142696.89065 1377031015.84274 2219120858.36554 2073071578.0065699 2297709103.72181 2338388550.83424 2258315535.51775 2344882997.95284 1261941034.50556 1834711395.34728 2227914042.56467 2067378845.60781 2232595771.50333 2214348173.9001904 1498191043.53801 2201863811.7468 2254486092.54322 2336536710.2660503 1722545261.64361 1973729350.44347 1976272186.65626 1536196416.60015 2403632257.36107 2267778867.8122 2321016364.78426 
2336148787.6008 1332556394.56195 1862874859.72591 2189218702.62302 2179594127.80774 1645910727.8353 2036935003.9590302 1797713250.93405 2179730749.54152 2105879590.47791 1096479391.2071 1474970555.56098 1020899408.86369 2053476791.91822 2355709439.12671 1625396421.55028 1033032815.27602 2055306440.56128 2193143960.9997797 1361129232.25339 2015684769.6486602 1234760221.56976 1982653562.59445 2434287420.09351 2411022280.5666304 1111693734.27901 1765384307.08065 2149867444.1620398 1845719554.70211 1378559966.88456 0 1734283256.47104 1795456813.08938 1716796749.6156 1654615606.28855 2040118825.5534601 2232711492.0559597 1648242072.57279 2107134983.9449 2059261292.29536 2203773367.79312 2079353964.5553799 2184012695.37751 1585270235.30396 1086277836.01115 2128456837.45177 2149784651.40029 2258519109.65091 2090734917.4415898 1459715434.83171 1203998254.44549 1231207717.15978 2041769006.29511 1963298703.74855 2148425074.46745 2160936802.10634 1332136204.33514 1212224655.23494 2087828768.20162 2135586275.04213 1379034891.96613 2115521787.9604602 2146893666.67175 2064927187.1592002 2255281715.46862 
1549959615.85951 2084403561.6532698 1020004686.45124 1792311177.12354 1920313384.73647 2204263527.1054797 1362471404.14686 2190094893.69111 2138172729.57502 1955239243.23625 2174851484.4456 2093714234.33766 2056271187.7902 1512674844.15061 2244819426.19622 1743079078.11049 2160618101.08626 1282547282.35975 1194470800.29993 1116336623.87475 1457161343.67673 2264880686.87272 2137159460.34549 1118610682.2833 1470494313.50471 1240638316.02118 1538532828.51004 1605204794.76143 2135520937.42373 1325994037.92577 1734283256.47104 0 1580068949.72592 1135601645.23615 2157831031.60763 2152461127.58768 2214757827.04562 2161102813.03687 1946125821.81308 2219884858.73638 2132242736.12006 2223338576.14954 1425613357.36006 1293950833.57156 2295723125.89231 2208964360.74532 1398653067.64224 1885943688.81417 2184826882.64126 1414766754.90749 2090891113.05036 1061171808.24558 2202423477.96203 2206264188.45094 1634087986.77899 1879323557.46943 1978439720.94051 2153584516.44024 1501772840.9508 1695841148.28144 2383618963.3323298 2224202803.00482 2186142568.55658 2086139640.6779099 2338363861.71251 
1569497984.14813 2235842600.23639 1335326408.85291 1391691681.01349 2228201875.64 1542340999.23488 2074379965.7575102 2062693822.0819101 1692658050.76523 2229198605.95605 1252043899.04875 1790092895.55308 1985820411.31651 2177563680.31663 1412253062.11672 2125146650.83006 2119852407.70751 1211540470.2369 2063814017.98579 2065278041.26175 1560817531.44437 1595774407.71289 1555283698.70582 1214947873.01551 1290299498.7399 1032594730.29788 1741332484.3432 1434565128.04981 1458840328.61258 1502654146.87645 1795456813.08938 1580068949.72592 0 1000773142.93808 2023002529.3095598 2082562475.25681 2160466824.90453 1066238454.80443 1055251956.63529 2128744458.3424501 2136206706.1628098 1086898523.35231 1170997297.42952 1738101206.05453 2143518558.65794 2321856305.78474 1577326008.50924 2152681259.83751 2224684993.17622 2245038984.98533 1421401334.88048 1931737283.85858 1762496071.81221 1111803710.77431 1037840010.63196 1816056214.95163 1457965757.77464 1064868297.4342 1481789568.49162 1736637990.99077 2101817997.51224 2214617774.09758 2266703656.69417 2080366238.8366 2265363921.21749 
2152488268.87918 1821579752.1685 2155496957.63318 2156112382.05649 2192076473.4570103 2182642109.25889 1612345438.36206 2101413229.89005 1543591626.68109 1253988887.74846 1617783406.89683 1337031178.39156 1298148527.15935 2112038349.38774 2198294467.06905 2124358749.73364 1741540066.74644 1936359606.80569 2178878067.60924 2165628045.07975 2207867295.01614 1865224560.75293 2225438118.34157 2018352415.25986 2210386908.93749 1620172626.91592 1343248770.58746 2051616335.80667 1690867270.51359 2150970989.3143997 1716796749.6156 1135601645.23615 1000773142.93808 0 1022229386.37148 1587638490.837 2102084768.72049 1697794011.92053 1845071763.03147 2248004796.02065 2020610270.58981 1666182118.60426 1590370180.59572 2179213826.44716 1481687895.13905 1993014242.1978 1777031408.32426 2127248906.52353 1315753021.96405 2156801415.96686 1337300610.47769 2196773453.48173 1790000157.16499 2112576853.71239 2038613153.57004 1789442360.55694 2156437670.69109 2065641440.3722801 1462353071.48637 1795078748.48201 1447224411.926 2115535664.7847 2149037466.68747 1385633745.86895 2129126993.32727 
2227039277.91503 2268402009.01725 1884812022.56011 2469623421.37868 2163779388.6939898 2213664625.8010597 2109555264.2838597 2091903435.36779 2391318207.42071 1556105346.93398 1704035696.16098 2114688274.5527 1122030898.64308 2102522534.305 1912092432.80829 1102129363.36216 1954198399.40882 1490496764.55459 1924920786.58033 2146975878.52629 1185637908.64466 1720851067.26976 1420328632.75964 2102326205.1444101 2326561378.3620195 1706350713.66623 2321043948.5047503 2227144012.82885 1227171475.68317 2255247978.9716 1654615606.28855 2157831031.60763 2023002529.3095598 1022229386.37148 0 1695224397.19029 1896032224.70184 1216704272.81986 2280566074.4275103 1868684611.49705 2150920414.20358 2180485454.33477 2306218515.97884 1201990241.76916 2193384674.12731 2187727107.03537 1884142825.41695 1223245392.7406 1382774871.02401 2325716714.51527 2307863293.63864 2156054737.1163597 2174376448.03787 2163358921.65291 1940067390.72678 1556376839.2878 1256783598.0193 1269172725.92784 1735952318.86855 1803902411.63631 1494469673.63355 1314484559.2181 2112170112.25584 1424489308.40289 1106897606.95579 
1311418659.68752 1854148723.60896 2243063647.2852297 1689852396.17416 1137338326.64757 1519389544.99853 2071804846.26457 1636946308.06886 1348173066.25647 2147579218.94821 1598623942.7853 2107691942.30836 1741175948.72941 2080849315.9742198 2350629159.3870296 2148929029.22297 1467613714.74054 1288811427.67568 1290697370.77498 1940765141.06092 1913358208.26994 2253938721.82216 1570071733.05051 2196510014.10365 1561685348.80302 1443467550.31266 1223373922.13636 2208222109.69541 2217279509.43062 1851663390.1955 2040118825.5534601 2152461127.58768 2082562475.25681 1587638490.837 1695224397.19029 0 1007735257.67917 1169947390.69835 1798508556.20004 2233862566.70708 2169208596.23316 1247214163.06205 1871083382.31299 1448114706.62929 2268955070.09126 1441398550.1921 1694155612.32013 1528227085.32338 2198575076.4277296 2331023996.7719803 2175513400.24722 1623963989.48203 1187718139.65024 2233745277.45308 1322539633.98265 2192560496.91584 2234302035.61313 1173942218.00369 2051497743.3796 2179077834.55723 2144304115.4046001 2217690890.97479 2320105606.48171 1182535341.37121 1404650812.67764 
