8
28 35 46 30 17 5 4 0
0 1.0 182.0 96.0 266.0 322.0 377.0 377.0 
1.0 0 181.0 95.0 267.0 323.0 378.0 378.0 
182.0 181.0 0 86.0 448.0 504.0 559.0 559.0 
96.0 95.0 86.0 0 362.0 418.0 473.0 473.0 
266.0 267.0 448.0 362.0 0 56.0 111.0 111.0 
322.0 323.0 504.0 418.0 56.0 0 55.0 110.0 
377.0 378.0 559.0 473.0 111.0 55.0 0 55.0 
377.0 378.0 559.0 473.0 111.0 110.0 55.0 0 
