15
16 10 2 9 44 46 38 36 35 50 49 29 26 22 40
0 244476390.74202 560326928.81415 913372349.04124 535861742.89485 972149908.75127 1040502364.71851 1032139242.94507 1465625766.58399 1598195004.15138 1643118347.91208 1838369733.60589 1446255978.33937 1352940682.04755 804180485.05818 
244476390.74202 0 348761426.39478 703442490.30589 392479491.7446 932217582.42866 1111073482.65243 1059706761.30876 1508962521.36248 1673921733.0247 1671314297.16317 1875895011.81791 1640799908.42998 1517925210.44705 1048656875.8002 
560326928.81415 348761426.39478 0 354681063.91111 187633587.25271 750894105.49223 940100811.27257 960194732.07003 1400621015.25491 1607504894.29663 1499988331.91308 1748715721.357 1659454540.06748 1598178620.21833 1098273620.53134 
913372349.04124 703442490.30589 354681063.91111 0 429417232.26733 763133308.55403 1010265080.2212 1035676122.51969 1430668682.90927 1669973299.49568 1475844126.12273 1739865162.13311 1887234336.27985 1794086145.56802 1366266854.05562 
535861742.89485 392479491.7446 187633587.25271 429417232.26733 0 580780872.10691 756671744.75394 774845491.87358 1218105184.39642 1421094725.96059 1327594061.21746 1570647910.93121 1478547735.58876 1421200459.26244 936849621.78829 
972149908.75127 932217582.42866 750894105.49223 763133308.55403 580780872.10691 0 247131771.66717 291352600.27184 670444147.08442 906956891.35361 749094856.11765 1001626023.33617 1143556158.47269 1131025367.90483 839829568.7655 
1040502364.71851 1111073482.65243 940100811.27257 1010265080.2212 756671744.75394 247131771.66717 0 51366721.34367 473928559.93378 675070594.53009 625935953.7825301 821563499.20468 905240899.7044301 901809376.58474 702299502.49552 
1032139242.94507 1059706761.30876 960194732.07003 1035676122.51969 774845491.87358 291352600.27184 51366721.34367 0 449574782.27068 648590468.96868 611607535.85441 816304470.97185 855752377.55598 851079204.55381 650932781.15185 
1465625766.58399 1508962521.36248 1400621015.25491 1430668682.90927 1218105184.39642 670444147.08442 473928559.93378 449574782.27068 0 265183119.74321 442755465.43163 372804749.18611 760940183.20256 817419129.68696 999287357.05589 
1598195004.15138 1673921733.0247 1607504894.29663 1669973299.49568 1421094725.96059 906956891.35361 675070594.53009 648590468.96868 265183119.74321 0 436018814.24719 357073249.02638 587976120.9945 677645242.91341 932798861.13597 
1643118347.91208 1671314297.16317 1499988331.91308 1475844126.12273 1327594061.21746 749094856.11765 625935953.7825301 611607535.85441 442755465.43163 436018814.24719 0 278258624.91233 997495781.03076 1064787359.87761 1164787440.7954102 
1838369733.60589 1875895011.81791 1748715721.357 1739865162.13311 1570647910.93121 1001626023.33617 821563499.20468 816304470.97185 372804749.18611 357073249.02638 278258624.91233 0 940000655.92637 1033967990.19267 1252468761.58701 
1446255978.33937 1640799908.42998 1659454540.06748 1887234336.27985 1478547735.58876 1143556158.47269 905240899.7044301 855752377.55598 760940183.20256 587976120.9945 997495781.03076 940000655.92637 0 122874697.98293 671640025.3606601 
1352940682.04755 1517925210.44705 1598178620.21833 1794086145.56802 1421200459.26244 1131025367.90483 901809376.58474 851079204.55381 817419129.68696 677645242.91341 1064787359.87761 1033967990.19267 122874697.98293 0 548765327.37773 
804180485.05818 1048656875.8002 1098273620.53134 1366266854.05562 936849621.78829 839829568.7655 702299502.49552 650932781.15185 999287357.05589 932798861.13597 1164787440.7954102 1252468761.58701 671640025.3606601 548765327.37773 0 
