32
71 8 6 84 94 36 30 18 20 87 21 23 35 86 79 96 47 49 51 53 63 65 15 14 13 62 60 52 54 44 99 97
0 416536661.49814 493097108.45021 648149899.85252 816536337.45192 1019951207.07191 933108014.18107 927432013.92755 878130077.86839 491356792.92467 789955165.77728 798691423.41344 791871049.96195 498475656.30383 676032590.41306 669156512.0829 965117222.70536 969918823.88371 957685744.81615 1008048411.57609 1049103558.21128 1053225155.23039 1032235331.90954 1026324492.69963 959902754.77429 1168764564.15544 1174150455.41708 1136509559.94723 1164449322.92625 1121961909.95006 1017818057.93497 27688102.46798 
416536661.49814 0 81693454.46776 652117856.79678 752452402.6679 753122947.685 581474678.63631 527958578.06792 467993625.5714 187603370.10016 551280116.39893 570851719.04834 801653815.22655 582080415.39677 1020284698.83449 1031448862.86438 1378622325.3738 1383662650.55246 1372265406.41233 1423832190.45016 1462138311.68462 1466017464.88182 1405458855.76385 1399477087.09004 1332197039.57598 1464734072.95182 1465166817.57611 1393926940.20259 1411759470.51011 1312522021.11528 1148378895.1129 444224761.47628 
493097108.45021 81693454.46776 0 708891867.0187 795251063.08661 748679072.65197 551201024.88209 472908667.40142 404870820.29129 156708151.72904 501590481.85174 523024788.9803 797480419.17314 602573152.1477 1075365562.19402 1090242419.2007 1451210319.99233 1456394022.6341 1445570324.9121 1498157335.42397 1540829595.08025 1544789185.32123 1487152310.23061 1481170541.55681 1413890494.04274 1543293006.21924 1543387138.47555 1469765154.62338 1486688298.76929 1382447904.93007 1212773867.38011 520734085.93613 
648149899.85252 652117856.79678 708891867.0187 0 182732715.68693 575926951.84991 683757460.18952 818974875.01202 837579600.47197 838600073.14485 1203382522.29276 1222731938.48245 1384749457.8187 1108945427.21663 1283111754.05654 1258431126.5553 1381520610.7667 1383473832.23071 1363228451.80642 1389711424.46387 1319997150.01277 1320987776.43696 1089050933.37466 1083707828.99982 1024097736.16724 976338659.97186 968939078.04159 857407012.98746 860883132.8735 711530422.4366 515667810.3081 657297605.90946 
816536337.45192 752452402.6679 795251063.08661 182732715.68693 0 455335351.2961 629622502.78688 797149930.56216 835311281.38563 939387539.09593 1296837558.93884 1318111001.46682 1522583054.29796 1256780763.97088 1462798273.16616 1439478377.68377 1560169713.39824 1561931681.90538 1541301405.68874 1565895512.87004 1486607243.87127 1487234806.21826 1231554115.08093 1226502587.10868 1170289656.7827 1069510326.93099 1058965700.21021 932377331.25634 927352712.07159 748943014.40242 529533633.41521 828068104.33571 
1019951207.07191 753122947.685 748679072.65197 575926951.84991 455335351.2961 0 280642512.28494 482039350.59503 558054352.36461 903823642.22532 1198294492.57204 1223178074.39075 1546159491.82412 1334218059.76519 1695510628.17707 1688550858.55364 1907393668.30443 1910360614.46139 1892346778.65221 1926806978.22045 1881048489.45622 1882584568.89847 1664975179.28951 1659634455.83706 1599877083.70685 1524683144.32774 1514271592.00207 1387081218.01995 1380757510.09888 1195376424.00876 971701440.15725 1041168846.13483 
933108014.18107 581474678.63631 551201024.88209 683757460.18952 629622502.78688 280642512.28494 0 201480952.79064 279513085.1012 694715164.89564 947688034.00019 973092390.91336 1332886768.80532 1153764676.04419 1588781880.51352 1592680035.51026 1878700371.458 1882641981.19258 1867334632.15429 1909830474.93424 1898350911.35228 1900847391.41272 1737289641.00891 1731588098.72737 1667595133.58873 1659971542.05599 1652694181.90014 1539110284.7755 1539989172.66698 1374033925.55565 1158107259.77668 958322725.90732 
927432013.92755 527958578.06792 472908667.40142 818974875.01202 797149930.56216 482039350.59503 201480952.79064 0 92686543.75555 589853012.89964 785298807.92271 810866692.94935 1203073915.13362 1058594430.4838 1546913467.45551 1559323232.46665 1891383303.44571 1895977118.51055 1882833519.08169 1930534065.17343 1943308263.71786 1946435979.25346 1821201472.54007 1815343848.10607 1749517980.57136 1784069048.27501 1778743991.41204 1674452004.44474 1679458109.25291 1526243198.84631 1317258595.84292 954500572.71776 
878130077.86839 467993625.5714 404870820.29129 837579600.47197 835311281.38563 558054352.36461 279513085.1012 92686543.75555 0 509416419.2614 692636949.57021 718203204.98775 1113477979.64973 977170558.23077 1479824387.62543 1495102733.4876 1843182590.64054 1848021682.14773 1835785629.81191 1885438913.11915 1908400041.5812 1911793288.33442 1804730610.64586 1798819351.76288 1732365705.54907 1788754017.95927 1784550865.06898 1686031803.50754 1693473994.06555 1548802631.40408 1345375659.53525 905598355.49007 
491356792.92467 187603370.10016 156708151.72904 838600073.14485 939387539.09593 903823642.22532 694715164.89564 589853012.89964 509416419.2614 0 365515648.92404 384246043.12555 643119228.61948 468746327.36717 988839221.41476 1012086076.04922 1411605462.86975 1417327730.42113 1408927965.6376 1465547170.72592 1531678092.11305 1536177617.16123 1519320880.06232 1513370371.40954 1446459683.19266 1614367832.13109 1616411695.4885 1554348459.37485 1574800700.86864 1486369741.13416 1329406047.01533 517150532.78459 
789955165.77728 551280116.39893 501590481.85174 1203382522.29276 1296837558.93884 1198294492.57204 947688034.00019 785298807.92271 692636949.57021 365515648.92404 0 25573702.89786 472345872.77118 493880068.18915 1086867259.98602 1129766315.37824 1594424896.82935 1601023756.95001 1597656517.98052 1660275887.75863 1766558367.23232 1771853632.42322 1814966004.07258 1809144466.9864 1743741332.75669 1951384385.49561 1955151451.85603 1902790475.81968 1925674894.40112 1846678357.80987 1694135787.2491 810938102.04309 
798691423.41344 570851719.04834 523024788.9803 1222731938.48245 1318111001.46682 1223178074.39075 973092390.91336 810866692.94935 718203204.98775 384246043.12555 25573702.89786 0 451977308.40781 486438028.25715 1078745974.95729 1122804244.50601 1590900277.73112 1597553735.74753 1594576495.64715 1657551239.70808 1766938045.78215 1772294205.222 1821006181.85188 1815204016.31087 1750027358.06264 1962386225.22251 1966409566.30877 1915669270.45373 1938996612.75866 1862203491.97546 1711488499.21525 819123131.27888 
791871049.96195 801653815.22655 797480419.17314 1384749457.8187 1522583054.29796 1546159491.82412 1332886768.80532 1203073915.13362 1113477979.64973 643119228.61948 472345872.77118 451977308.40781 0 294474750.2577 747723520.69411 806667766.36385 1306535213.01957 1313809583.21586 1316888276.89753 1383365969.61506 1538543023.27409 1544729271.50465 1687482448.14209 1682213182.72657 1623287204.44283 1917185814.7825 1926111146.92228 1909150103.73075 1940830822.61938 1912554666.81204 1806874577.23382 798963016.6247 
498475656.30383 582080415.39677 602573152.1477 1108945427.21663 1256780763.97088 1334218059.76519 1153764676.04419 1058594430.4838 977170558.23077 468746327.36717 493880068.18915 486438028.25715 294474750.2577 0 593078369.4784 636378940.89222 1111288188.63477 1118136797.04875 1116762866.33293 1181128684.16585 1308661875.28273 1314435080.9037 1418199439.11768 1412727892.5312 1351484429.88054 1628896934.20003 1637149516.72414 1616470363.47634 1647607031.30909 1618183491.90075 1515418268.34311 504761814.49643 
676032590.41306 1020284698.83449 1075365562.19402 1283111754.05654 1462798273.16616 1695510628.17707 1588781880.51352 1546913467.45551 1479824387.62543 988839221.41476 1086867259.98602 1078745974.95729 747723520.69411 593078369.4784 0 68082098.18526 564592945.18456 572006255.85482 578004838.6194 644771090.67393 827225999.80356 833852548.15265 1070160762.10528 1066034218.18463 1020886866.73983 1397589287.60591 1412609504.58582 1446275267.25746 1487109994.54782 1536090253.4527 1515938697.05966 656135564.73573 
669156512.0829 1031448862.86438 1090242419.2007 1258431126.5553 1439478377.68377 1688550858.55364 1592680035.51026 1559323232.46665 1495102733.4876 1012086076.04922 1129766315.37824 1122804244.50601 806667766.36385 636378940.89222 68082098.18526 0 501362312.15348 508725877.80312 513668402.71376 580461557.76518 759633888.80574 766244991.85313 1003968876.33785 999910102.84943 955651579.42149 1336128754.16051 1351496635.66547 1388571550.32224 1429879425.04 1484518398.05979 1471556481.79899 647398985.6243 
965117222.70536 1378622325.3738 1451210319.99233 1381520610.7667 1560169713.39824 1907393668.30443 1878700371.458 1891383303.44571 1843182590.64054 1411605462.86975 1594424896.82935 1590900277.73112 1306535213.01957 1111288188.63477 564592945.18456 501362312.15348 0 7465891.73312 28164941.36762 83749228.13942 310067363.85073 316684186.58922 675879605.54137 674230514.63111 659146236.77056 1078071675.02569 1098058852.50904 1183176329.45036 1228198884.92859 1349287651.11395 1413188315.65826 937727552.79338 
969918823.88371 1383662650.55246 1456394022.6341 1383473832.23071 1561931681.90538 1910360614.46139 1882641981.19258 1895977118.51055 1848021682.14773 1417327730.42113 1601023756.95001 1597553735.74753 1313809583.21586 1118136797.04875 572006255.85482 508725877.80312 7465891.73312 0 24771202.4207 76437351.35042 303822196.14102 310418361.68627 671537574.36795 669940606.85592 655479939.80035 1074395052.77676 1094439090.07185 1180271700.31837 1225308917.64667 1347354500.37705 1412400238.71439 942505302.39097 
957685744.81615 1372265406.41233 1445570324.9121 1363228451.80642 1541301405.68874 1892346778.65221 1867334632.15429 1882833519.08169 1835785629.81191 1408927965.6376 1597656517.98052 1594576495.64715 1316888276.89753 1116762866.33293 578004838.6194 513668402.71376 28164941.36762 24771202.4207 0 66795799.2753 284378627.24291 291049605.66649 647728900.768 646073085.50706 631065738.71729 1049990476.29997 1069997996.83297 1155538866.92112 1200573285.60197 1322668860.64311 1388342479.46156 930191158.0607 
1008048411.57609 1423832190.45016 1498157335.42397 1389711424.46387 1565895512.87004 1926806978.22045 1909830474.93424 1930534065.17343 1885438913.11915 1465547170.72592 1660275887.75863 1657551239.70808 1383365969.61506 1181128684.16585 644771090.67393 580461557.76518 83749228.13942 76437351.35042 66795799.2753 0 234321479.26203 240684099.65579 617332085.35924 616225557.94487 607709243.92936 1025304069.5832 1045839791.04719 1138221366.30683 1183324464.62272 1314340364.9704 1390527456.33071 980433902.86898 
1049103558.21128 1462138311.68462 1540829595.08025 1319997150.01277 1486607243.87127 1881048489.45622 1898350911.35228 1943308263.71786 1908400041.5812 1531678092.11305 1766558367.23232 1766938045.78215 1538543023.27409 1308661875.28273 827225999.80356 759633888.80574 310067363.85073 303822196.14102 284378627.24291 234321479.26203 0 6791186.77143 403154867.57773 403199242.0728 409757417.21508 815624635.22244 836970764.00489 942549591.33063 987319242.86307 1137901256.44973 1241384503.17175 1021747121.59967 
1053225155.23039 1466017464.88182 1544789185.32123 1320987776.43696 1487234806.21826 1882584568.89847 1900847391.41272 1946435979.25346 1911793288.33442 1536177617.16123 1771853632.42322 1772294205.222 1544729271.50465 1314435080.9037 833852548.15265 766244991.85313 316684186.58922 310418361.68627 291049605.66649 240684099.65579 6791186.77143 0 398890916.00418 399014590.94375 406511522.07173 811343068.31753 832726638.72032 938954999.52597 983691153.67191 1135117795.17385 1239675984.10239 1025891282.65331 
1032235331.90954 1405458855.76385 1487152310.23061 1089050933.37466 1231554115.08093 1664975179.28951 1737289641.00891 1821201472.54007 1804730610.64586 1519320880.06232 1814966004.07258 1821006181.85188 1687482448.14209 1418199439.11768 1070160762.10528 1003968876.33785 675879605.54137 671537574.36795 647728900.768 617332085.35924 403154867.57773 398890916.00418 0 5981768.6748 73261816.18886 412469767.64571 433835761.08161 544823927.22269 588952968.94306 755494962.63807 890556621.66124 1008622764.66779 
1026324492.69963 1399477087.09004 1481170541.55681 1083707828.99982 1226502587.10868 1659634455.83706 1731588098.72737 1815343848.10607 1798819351.76288 1513370371.40954 1809144466.9864 1815204016.31087 1682213182.72657 1412727892.5312 1066034218.18463 999910102.84943 674230514.63111 669940606.85592 646073085.50706 616225557.94487 403199242.0728 399014590.94375 5981768.6748 0 67280047.51506 412513140.12789 433794520.52417 543569817.34165 587793019.92906 753195900.3708 887106028.48784 1002725586.11512 
959902754.77429 1332197039.57598 1413890494.04274 1024097736.16724 1170289656.7827 1599877083.70685 1667595133.58873 1749517980.57136 1732365705.54907 1446459683.19266 1743741332.75669 1750027358.06264 1623287204.44283 1351484429.88054 1020886866.73983 955651579.42149 659146236.77056 655479939.80035 631065738.71729 607709243.92936 409757417.21508 406511522.07173 73261816.18886 67280047.51506 0 418925533.87549 438980968.64249 533895807.45456 578858550.22627 730219332.51416 850231731.88862 936470876.10382 
1168764564.15544 1464734072.95182 1543293006.21924 976338659.97186 1069510326.93099 1524683144.32774 1659971542.05599 1784069048.27501 1788754017.95927 1614367832.13109 1951384385.49561 1962386225.22251 1917185814.7825 1628896934.20003 1397589287.60591 1336128754.16051 1078071675.02569 1074395052.77676 1049990476.29997 1025304069.5832 815624635.22244 811343068.31753 412469767.64571 412513140.12789 418925533.87549 0 22147836.05318 167388285.68881 202098978.65526 407942890.33557 603561052.44133 1151728005.99445 
1174150455.41708 1465166817.57611 1543387138.47555 968939078.04159 1058965700.21021 1514271592.00207 1652694181.90014 1778743991.41204 1784550865.06898 1616411695.4885 1955151451.85603 1966409566.30877 1926111146.92228 1637149516.72414 1412609504.58582 1351496635.66547 1098058852.50904 1094439090.07185 1069997996.83297 1045839791.04719 836970764.00489 832726638.72032 433835761.08161 433794520.52417 438980968.64249 22147836.05318 0 148346529.80304 181406248.62716 388965497.38003 587565502.29846 1157518973.26731 
1136509559.94723 1393926940.20259 1469765154.62338 857407012.98746 932377331.25634 1387081218.01995 1539110284.7755 1674452004.44474 1686031803.50754 1554348459.37485 1902790475.81968 1915669270.45373 1909150103.73075 1616470363.47634 1446275267.25746 1388571550.32224 1183176329.45036 1180271700.31837 1155538866.92112 1138221366.30683 942549591.33063 938954999.52597 544823927.22269 543569817.34165 533895807.45456 167388285.68881 148346529.80304 0 45103098.31688 240652860.71935 443305328.89538 1122778425.20448 
1164449322.92625 1411759470.51011 1486688298.76929 860883132.8735 927352712.07159 1380757510.09888 1539989172.66698 1679458109.25291 1693473994.06555 1574800700.86864 1925674894.40112 1938996612.75866 1940830822.61938 1647607031.30909 1487109994.54782 1429879425.04 1228198884.92859 1225308917.64667 1200573285.60197 1183324464.62272 987319242.86307 983691153.67191 588952968.94306 587793019.92906 578858550.22627 202098978.65526 181406248.62716 45103098.31688 0 212430786.87713 425510380.72771 1151462651.30505 
1121961909.95006 1312522021.11528 1382447904.93007 711530422.4366 748943014.40242 1195376424.00876 1374033925.55565 1526243198.84631 1548802631.40408 1486369741.13416 1846678357.80987 1862203491.97546 1912554666.81204 1618183491.90075 1536090253.4527 1484518398.05979 1349287651.11395 1347354500.37705 1322668860.64311 1314340364.9704 1137901256.44973 1135117795.17385 755494962.63807 753195900.3708 730219332.51416 407942890.33557 388965497.38003 240652860.71935 212430786.87713 0 224757761.18881 1113658355.37631 
1017818057.93497 1148378895.1129 1212773867.38011 515667810.3081 529533633.41521 971701440.15725 1158107259.77668 1317258595.84292 1345375659.53525 1329406047.01533 1694135787.2491 1711488499.21525 1806874577.23382 1515418268.34311 1515938697.05966 1471556481.79899 1413188315.65826 1412400238.71439 1388342479.46156 1390527456.33071 1241384503.17175 1239675984.10239 890556621.66124 887106028.48784 850231731.88862 603561052.44133 587565502.29846 443305328.89538 425510380.72771 224757761.18881 0 1014607890.25404 
27688102.46798 444224761.47628 520734085.93613 657297605.90946 828068104.33571 1041168846.13483 958322725.90732 954500572.71776 905598355.49007 517150532.78459 810938102.04309 819123131.27888 798963016.6247 504761814.49643 656135564.73573 647398985.6243 937727552.79338 942505302.39097 930191158.0607 980433902.86898 1021747121.59967 1025891282.65331 1008622764.66779 1002725586.11512 936470876.10382 1151728005.99445 1157518973.26731 1122778425.20448 1151462651.30505 1113658355.37631 1014607890.25404 0 
