58
185 22 27 28 113 111 101 95 85 154 190 162 155 75 73 47 41 39 33 13 178 193 194 172 166 160 78 80 74 68 56 64 66 50 44 42 36 3 6 9 148 156 167 171 149 188 138 146 176 108 106 100 104 86 88 92 122 132
0 159771552.13789 118437431.87141 119350232.59052 658507715.74279 732743369.01675 910399265.59221 883294526.53801 982941598.88791 868262591.72614 920757923.92503 1154668571.39389 1326860823.53189 1593355781.34277 1553213980.81682 1674353943.97843 1671778342.74014 1652556167.45671 1669189385.35034 1345285371.98947 1206518682.72631 946825081.63418 711620344.54706 784501103.69472 1183631574.74657 1379478242.41316 1466539679.75755 1476246133.03065 1476485229.25848 1499831456.19152 1564623384.3841 1509245249.09069 1497849061.45378 1544431501.83745 1544752639.96693 1581347402.27005 1624979066.04407 1509435981.66636 1495270632.32958 1440245813.59504 1206217530.25479 904915563.23887 750457189.60599 712796744.62814 510524569.1037 548488059.30698 551511166.56769 478249799.50699 282506199.3907 533674857.49762 547607743.28502 583752728.4657 647894249.52556 735349371.664 725503717.24442 663639566.38103 513814606.50776 292367670.91317 
159771552.13789 0 135588928.7194 139553923.59195 553620105.2541 620515502.00281 788020756.85764 751141895.76308 849299517.74837 710001883.81627 774590613.93062 1001193105.31553 1167112304.93421 1438595382.01116 1400355928.30433 1525377555.18209 1527727970.01297 1510760398.37627 1534618658.15483 1230101863.60699 1095463316.10791 822077502.19689 591994381.85834 666349690.03389 1132991529.76327 1329514957.58465 1421821733.85464 1437411813.31146 1432979780.89429 1452254045.75082 1508521070.16837 1452784790.62672 1438189857.68325 1474489808.35951 1469914682.03916 1502185815.68379 1536824627.00685 1394796092.18431 1380588558.83984 1325391968.47051 1096086436.12992 820028746.63117 688238632.85636 649367911.88539 418107420.55214 443965381.74394 396270651.82784 330541482.15692 398646629.00238 642631347.37727 656739429.09979 688940848.30822 755507806.36624 824427563.81317 815036192.09867 753300060.16839 648049394.52523 448432631.61947 
118437431.87141 135588928.7194 0 3964994.87355 543482176.9491 619257676.27525 799600569.55302 777393001.47731 877426256.17307 821522111.71863 902989791.87339 1121682136.6559 1262794156.52052 1556122558.97046 1520841040.78303 1650032955.67964 1656163165.94237 1640524508.55399 1667392975.48924 1365690792.3254 1230936705.35921 957328657.36944 727583301.1282 801936398.68065 1253385171.13579 1449984209.15621 1540271569.21886 1553344007.18009 1550932557.47785 1571929625.7013 1631596704.00966 1575929688.81576 1562485456.87875 1602266109.01891 1599147068.2539 1632631589.39973 1669423506.16273 1530385020.90271 1516177487.55824 1460980897.18891 1231511262.12753 951024700.39422 811664650.34409 773037852.45939 549318218.61112 577924913.25089 517961250.06518 460759003.21141 400870574.62453 651980163.00175 665890202.69874 702156570.90045 766165478.6426 853374461.85668 843552027.19381 781628993.31692 627210111.99869 389960895.83702 
119350232.59052 139553923.59195 3964994.87355 0 543691970.86028 619667490.2794 800282456.9039 778502791.62882 878550171.40299 824891783.66706 906776038.66985 1125257283.10262 1265701898.0415 1559603492.46186 1524402540.83116 1653704117.63953 1659936089.43925 1644333315.34849 1671282464.75536 1369655787.19795 1234898703.19663 961285206.9747 731548295.77716 805901339.87414 1256952384.73939 1453547146.27069 1543777813.54647 1556781978.55077 1554425113.3481 1575468072.28021 1635225563.5541 1579561461.11197 1566148405.57873 1606021921.32563 1602941984.16886 1636458766.82075 1673308275.6075 1534350015.77527 1520142482.4308 1464945892.06146 1235471999.91022 954874681.1692 815332118.06346 776714176.70309 553186962.43071 581853619.58227 521622990.99277 464613170.9644 401624880.01156 652675563.47877 666571091.68094 702932991.15727 766835781.38934 854530011.64355 844699011.30759 782795486.6933 627031669.33099 388830660.64791 
658507715.74279 553620105.2541 543482176.9491 543691970.86028 0 81359439.51951 268257176.64327 278105141.91829 371404951.87557 679639130.70889 879177405.66042 985895790.31264 952557334.48943 1354228471.34351 1344863595.50189 1502888665.28612 1549320746.93322 1551375493.44013 1623569319.37314 1444762653.36424 1340422771.05363 1045346371.50004 886593293.53103 948718049.05771 1549468488.87694 1737702986.53902 1837538114.08472 1864716397.66639 1850840050.40977 1860669801.55064 1895273645.59674 1840912555.91923 1819225958.71327 1827441351.23494 1809501759.46303 1827636379.02998 1832460190.76521 1598588512.1536 1585232485.99654 1533489262.89281 1344672143.34163 1182261387.75917 1117870711.71416 1081524698.64064 836351997.9078 826850266.26676 567106165.37621 604779212.36661 937944274.83005 1188126727.08315 1202207489.58871 1236559430.30182 1302196231.70019 1377402698.46049 1367924262.57421 1306031065.14 1170692107.50649 926657691.93498 
732743369.01675 620515502.00281 619257676.27525 619667490.2794 81359439.51951 0 186952588.15853 201778050.72479 291837590.08616 661207669.8589 872275721.18033 957890490.82578 896764460.47785 1310091292.24871 1304726683.74669 1465448836.9999 1517435290.57732 1522105539.51366 1600370423.31614 1441917394.38585 1343546759.20003 1050859125.33984 907124692.90428 965519392.6604 1577912086.27543 1763308970.87912 1863920569.70661 1893122927.89634 1877546550.29703 1885579640.27604 1916086457.61166 1862288770.65186 1839489397.13812 1842827959.16245 1822770418.28086 1838442610.90557 1838400340.36703 1592374387.83906 1579283076.24798 1528612203.75263 1348282771.98392 1205877802.74657 1153321237.33383 1117959166.81476 876070284.76795 861906054.83971 588867307.4212 637459921.53417 1010131785.69038 1259363687.77159 1273469569.21196 1307153159.01327 1373172928.1885 1444894181.72459 1435524676.6774 1373812307.36908 1246043575.28914 1004739338.38629 
910399265.59221 788020756.85764 799600569.55302 800282456.9039 268257176.64327 186952588.15853 0 90126588.10519 123690346.32365 664323956.14509 893081621.68349 926135291.03497 792797321.79707 1230821894.61773 1235825983.5655 1401507367.76835 1466787961.47713 1477837711.27111 1570043091.23241 1460865260.07253 1377154098.15854 1094605729.68314 985809418.15756 1035177025.22307 1663803222.06831 1841878448.79823 1943528967.295 1976881073.42272 1957768560.09463 1961911644.79086 1983411758.89942 1931155050.30428 1906092387.22253 1898796283.93672 1874228976.77323 1884364681.76808 1873502851.81145 1602009004.97155 1589654516.56541 1541959981.1031 1382911129.99325 1285511083.4133 1257746520.31648 1224786890.99603 993003560.1135 970282004.84881 681024340.22696 747684211.12081 1183521176.22483 1430422079.42314 1444537304.28555 1476961605.16487 1543506989.58247 1608755396.87106 1599610620.22554 1538400060.96607 1424186407.67576 1187561897.17367 
883294526.53801 751141895.76308 777393001.47731 778502791.62882 278105141.91829 201778050.72479 90126588.10519 0 100087628.93486 574599931.21507 804024663.47938 837012737.17741 718282694.65845 1149928382.66904 1152545906.59168 1317444244.11781 1380490744.8706 1390646849.60182 1481368167.39165 1371174945.54937 1288548650.0849 1007529686.70878 905600649.61425 952700860.03599 1583460662.61735 1759596766.44268 1861361016.78166 1895616311.04502 1875720767.00977 1879025126.67016 1898766775.24387 1846835235.03869 1821386507.05971 1812384645.72817 1787210919.30269 1796654002.07142 1784709728.2243 1511958310.79984 1499621521.91589 1452017374.85686 1294395416.51057 1204451224.87144 1183685353.41473 1151649614.25398 924751894.73943 898980420.58228 607069977.75172 679084585.17892 1149497401.67372 1392903160.06628 1406981704.80094 1438028461.71219 1504901241.37254 1564040483.28734 1555108649.55795 1494494850.93861 1395186298.8654 1167332957.28595 
982941598.88791 849299517.74837 877426256.17307 878550171.40299 371404951.87557 291837590.08616 123690346.32365 100087628.93486 0 608056146.14988 840959986.10634 843066714.87623 678492491.30324 1122914526.53078 1132059329.05503 1298990176.14555 1369745105.09138 1383653385.60911 1482052234.09852 1400226103.17116 1326060264.26773 1053220846.61429 969741492.63023 1011951488.84441 1645281264.8116 1817088180.12626 1918960255.80242 1955110438.1336 1933566635.93269 1934954185.62667 1950159103.34716 1899193492.8155 1872716885.07114 1858390199.59512 1831020364.75711 1837573094.25205 1820038387.18654 1535016900.5455 1523157308.4932 1477475664.15799 1332396203.47559 1265743009.34643 1256481498.5541 1225743494.25025 1005140448.54241 976189434.11572 682919508.45624 760361394.17669 1247875668.02435 1490267225.73156 1504327239.71632 1534956251.1251 1601888328.43476 1658854456.12379 1650014280.71505 1589677918.69142 1494372456.26071 1267376922.93431 
868262591.72614 710001883.81627 821522111.71863 824891783.66706 679639130.70889 661207669.8589 664323956.14509 574599931.21507 608056146.14988 0 233129657.86976 317677970.4772 482651191.96483 737366555.76654 708316567.4876 851366984.055 881402852.59404 878414710.60884 944325096.21732 796575017.10481 718004133.08189 451911073.08893 435119649.62297 450271946.44516 1071685091.13565 1229899016.94176 1331261197.43011 1371647042.91081 1346325648.47962 1343592736.39671 1350944175.14662 1301618371.35737 1273695165.31907 1253374086.10289 1224504594.60651 1229838232.83213 1212478413.41917 938993790.40656 926416882.92465 878027456.53637 724353338.00572 699134183.95527 744896981.68732 724338415.49677 577669172.9918 527157873.00094 321230085.65148 410110614.68117 1036171331.31584 1224889040.6298 1237309151.86916 1255597537.91866 1318856363.37347 1329460426.36899 1322747517.2387 1271298889.8362 1286088809.64848 1143877318.88562 
920757923.92503 774590613.93062 902989791.87339 906776038.66985 879177405.66042 872275721.18033 893081621.68349 804024663.47938 840959986.10634 233129657.86976 0 263321714.77961 594219498.85231 693835859.64426 643477479.03893 754343350.23908 753289959.43899 737940859.89633 775454648.05194 570753000.61422 485342187.69123 226138821.75742 300650226.20107 279372525.45192 858553620.85066 1007057612.71817 1107661702.48692 1150226810.08565 1122918650.84286 1117929618.9727 1121131462.40342 1072733789.16415 1044108944.75593 1020947897.4047 991554464.86931 996729392.06295 980826532.06644 720248496.86925 707085980.58325 656362944.70672 491538506.01375 500248976.17189 588493529.70982 577542905.07628 507951877.00668 451838565.45168 390247974.54144 444156501.25285 1029332420.1904 1179685732.57547 1190619417.13765 1201986241.33004 1260267888.21802 1247726760.98175 1242370014.2488 1197756110.42205 1263902136.68032 1167385274.5405 
1154668571.39389 1001193105.31553 1121682136.6559 1125257283.10262 985895790.31264 957890490.82578 926135291.03497 837012737.17741 843066714.87623 317677970.4772 263321714.77961 0 383435557.67511 439834883.68545 399285691.96439 534631692.91047 565233216.70292 565486029.1838 645102071.49416 601487850.96151 576901369.69543 426874704.23178 562651657.33157 532732617.71681 1040264327.25869 1160026716.1715 1255736585.80331 1304328258.09399 1271309468.23692 1258276052.63078 1241341527.64213 1199454387.14736 1167570522.5458 1120917320.58301 1082423411.79838 1073538674.19634 1031000305.70273 711150270.83565 700841570.12014 662163241.26934 585505647.31394 719025222.88122 836584880.31789 830065805.12205 770469462.05908 714419667.17694 605061351.45404 677873109.96252 1285010587.3066 1442182475.77957 1453250838.14941 1465059473.03302 1523541067.56669 1510254575.17544 1505019490.29393 1460875334.84955 1523590697.20852 1414682936.17455 
1326860823.53189 1167112304.93421 1262794156.52052 1265701898.0415 952557334.48943 896764460.47785 792797321.79707 718282694.65845 678492491.30324 482651191.96483 594219498.85231 383435557.67511 0 454936519.35004 479871492.6525 646695953.44704 738617820.99952 765324129.02765 889489434.40431 965816480.64706 957260748.22649 797485839.7169 882150255.60185 872425743.17794 1421883898.62727 1543347730.73013 1638693225.04336 1687590772.28274 1654268675.9523 1640509884.34774 1620405504.16311 1579933291.27171 1547618067.72958 1495935392.36382 1455213405.45883 1441826325.1623 1389365104.18884 1051205093.93568 1043089848.17359 1012836882.49643 966058321.0272 1087355605.57459 1181656477.18134 1168530398.40814 1054684763.76707 1001853838.73475 797288400.9593 889774975.1494 1514895755.95408 1707531274.21393 1719959816.59779 1738123542.2644 1801166157.51176 1808391099.68377 1801964506.03394 1751731033.56117 1766592501.2684 1611631976.11936 
1593355781.34277 1438595382.01116 1556122558.97046 1559603492.46186 1354228471.34351 1310091292.24871 1230821894.61773 1149928382.66904 1122914526.53078 737366555.76654 693835859.64426 439834883.68545 454936519.35004 0 76713253.76997 202550072.86395 316039253.25539 357667590.17429 500662142.16331 745926322.29699 805367053.80583 797119952.38176 981811021.34491 938347254.40058 1315662521.05613 1384360335.04191 1465932709.45858 1520729852.19939 1480964047.58873 1456446186.62189 1409856064.34322 1381205822.65805 1347011982.42618 1269197268.20059 1220973947.14841 1191788157.02686 1113634412.15125 763891528.43988 760954876.28219 751988219.57556 814422191.79989 1069553758.00357 1221367589.262 1222758966.59146 1199855980.18435 1143810388.667 1042412460.37488 1117463984.61105 1722438963.52155 1870188642.01139 1880690765.58383 1889972061.20238 1946034531.34421 1921997549.0054 1917553572.98114 1877395666.78767 1957557859.90787 1854452426.66873 
1553213980.81682 1400355928.30433 1520841040.78303 1524402540.83116 1344863595.50189 1304726683.74669 1235825983.5655 1152545906.59168 1132059329.05503 708316567.4876 643477479.03893 399285691.96439 479871492.6525 76713253.76997 0 167965982.11567 263699379.23244 298992058.10014 438004235.03377 669213068.52801 729864843.01814 732421656.71659 924854228.10434 878233347.88756 1240297385.70427 1307731538.5643 1389219766.32031 1444023110.22323 1404250793.81975 1379758686.73413 1333473968.45536 1304620449.41576 1270433390.01179 1193070272.45014 1145008540.75174 1116357755.74023 1039374092.34093 689180905.14421 685924468.53193 675963264.6628 738888479.58771 1000212836.42572 1155743378.9281 1158467675.51264 1145675439.35401 1089831521.37537 1004316782.16576 1075561374.29384 1672662255.24562 1813977120.46149 1824209215.45036 1832411705.0114 1887480333.44835 1860156881.36045 1855930518.34667 1816962854.03043 1904561321.80832 1809190324.05022 
1674353943.97843 1525377555.18209 1650032955.67964 1653704117.63953 1502888665.28612 1465448836.9999 1401507367.76835 1317444244.11781 1298990176.14555 851366984.055 754343350.23908 534631692.91047 646695953.44704 202550072.86395 167965982.11567 0 124034159.95271 174424578.10221 318714138.19717 644680379.32182 734876528.67221 801656497.04358 1014675684.9536 959737068.90093 1238449408.59374 1280943251.69098 1354244801.99026 1410405791.97211 1368683858.3772 1339955758.27204 1282689707.65814 1259979450.47363 1225809206.71975 1138250045.34964 1087944069.21201 1052363111.38074 964639581.69138 624057937.65785 624153325.19431 627583309.13112 743240132.15399 1044386827.33584 1214349278.96413 1222152717.39623 1240131673.79259 1185345050.48556 1132091565.71821 1196417141.89614 1774207753.9351 1898889241.04007 1908332127.98442 1913448409.68093 1965378038.91486 1927736141.38525 1924260080.62454 1889354833.61782 1997546550.41661 1919808619.24378 
1671778342.74014 1527727970.01297 1656163165.94237 1659936089.43925 1549320746.93322 1517435290.57732 1466787961.47713 1380490744.8706 1369745105.09138 881402852.59404 753289959.43899 565233216.70292 738617820.99952 316039253.25539 263699379.23244 124034159.95271 0 53357189.67332 194973176.53765 551378244.39639 656199597.7875 764842796.87591 989710856.68073 928966179.55184 1148900581.87786 1178879882.9469 1248299377.80734 1304796610.60797 1262434036.65007 1232106979.74652 1170902685.32122 1150566852.57869 1116552834.35154 1025606970.87647 974743004.02798 937001876.30235 846427099.02412 511812122.90715 513266502.78313 522556575.41877 663955526.90251 984781130.60859 1162670110.86887 1174062178.47956 1216086379.88034 1162814487.15222 1140744528.13248 1197192551.21878 1752395426.19694 1862375575.53534 1871140856.32191 1873775156.80097 1923026141.55412 1877746943.97979 1874838116.90071 1843114611.38052 1967287730.44845 1905663863.42031 
1652556167.45671 1510760398.37627 1640524508.55399 1644333315.34849 1551375493.44013 1522105539.51366 1477837711.27111 1390646849.60182 1383653385.60911 878414710.60884 737940859.89633 565486029.1838 765324129.02765 357667590.17429 298992058.10014 174424578.10221 53357189.67332 0 145115455.74385 502456166.58139 611496129.04839 734919565.99735 963299363.94397 900542052.99545 1099973841.22026 1127042836.97899 1195768009.75162 1252305405.54079 1209853227.95172 1179304279.89125 1117685416.83764 1097582309.46809 1063592003.95949 972340528.87667 921446973.37628 883644686.63002 793212281.54043 458689306.71723 460311561.68538 470648069.63952 619017856.96806 945474641.91401 1125723008.40264 1138372645.93345 1189297002.841 1136762357.51302 1127394248.83949 1180384020.94127 1725484730.99861 1829850696.46052 1838361335.02839 1840097191.49676 1888347090.66232 1840436089.7632 1837725078.41138 1807134974.44085 1936959103.86745 1881533786.89161 
1669189385.35034 1534618658.15483 1667392975.48924 1671282464.75536 1623569319.37314 1600370423.31614 1570043091.23241 1481368167.39165 1482052234.09852 944325096.21732 775454648.05194 645102071.49416 889489434.40431 500662142.16331 438004235.03377 318714138.19717 194973176.53765 145115455.74385 0 421848308.79638 550436962.75588 728867266.35212 964217237.8602 895996593.33513 1009488787.81429 1017267163.70922 1079561719.68786 1136321416.07133 1093103464.33255 1060236040.13762 992698608.50492 976474309.34614 942920717.87345 846651104.38544 795104095.98078 753808573.03052 658740337.8456 340861302.01465 345509774.022 368243585.34878 556576927.75778 901158600.76962 1088390162.65412 1105578912.00428 1186285089.07495 1136620482.92671 1164226165.28326 1207203416.84803 1718464313.36049 1803874659.56289 1811477212.15926 1810094171.15354 1854643639.34282 1797370877.77311 1795402645.33952 1769078362.66111 1917979246.41073 1882517257.72886 
1345285371.98947 1230101863.60699 1365690792.3254 1369655787.19795 1444762653.36424 1441917394.38585 1460865260.07253 1371174945.54937 1400226103.17116 796575017.10481 570753000.61422 601487850.96151 965816480.64706 745926322.29699 669213068.52801 644680379.32182 551378244.39639 502456166.58139 421848308.79638 0 143903486.49369 415153164.83553 638107579.48932 563780823.60522 597577261.76471 640113900.4051 720012214.93678 774921527.89314 735037725.29273 711005983.25898 670365051.57235 637827842.96091 603846649.5086 536107618.01722 492257272.80475 476054033.56676 429804029.59044 164694228.57831 150486695.23384 95290104.86451 147062216.57555 497601696.56575 688538209.43019 711141181.70442 838538218.27959 796944693.38674 909750539.2603 924325208.06406 1350083939.52458 1408229798.74697 1414723575.5374 1409890097.60195 1450379619.6132 1385281298.91701 1383885680.30711 1361216491.80307 1530035079.47503 1525049272.01669 
1206518682.72631 1095463316.10791 1230936705.35921 1234898703.19663 1340422771.05363 1343546759.20003 1377154098.15854 1288548650.0849 1326060264.26773 718004133.08189 485342187.69123 576901369.69543 957260748.22649 805367053.80583 729864843.01814 734876528.67221 656199597.7875 611496129.04839 550436962.75588 143903486.49369 0 296114826.90137 504677678.49709 430307122.86714 510469344.57479 593519200.24429 684840895.28741 736012095.23585 700378906.6807 684208805.42547 664487518.25159 622792662.24284 590728463.19558 547759241.76908 513081487.19287 513215135.58579 496600333.98516 304181366.51222 290159939.42521 235897801.32265 9217397.63405 355565480.58682 546078239.89254 567827149.66429 697921736.7423 658103859.0305 791569745.03223 797745242.57968 1206332583.14962 1265762346.67309 1272451467.54426 1268321722.28485 1309925833.65933 1248116650.24933 1246397383.20972 1221988087.44591 1386669301.93508 1381821935.09025 
946825081.63418 822077502.19689 957328657.36944 961285206.9747 1045346371.50004 1050859125.33984 1094605729.68314 1007529686.70878 1053220846.61429 451911073.08893 226138821.75742 426874704.23178 797485839.7169 797119952.38176 732421656.71659 801656497.04358 764842796.87591 734919565.99735 728867266.35212 415153164.83553 296114826.90137 0 236205700.75422 167257556.68279 634291101.95249 781033158.50315 881787700.58588 924101794.02357 897010497.27801 892691711.41733 899209415.17278 849710859.69531 821905371.64644 805448483.73012 779687500.54339 790484952.18081 787698585.26059 578498519.66342 564376449.26384 509556973.83491 299842371.13691 292190130.66419 424440297.0963 426046023.95948 457700843.81682 407780678.61836 496444147.1548 509595195.90545 992181320.66522 1098697891.03931 1107806632.74033 1112059702.91388 1163724612.70149 1129275333.67476 1125363618.69201 1088626510.90152 1202493005.71526 1153740936.15312 
711620344.54706 591994381.85834 727583301.1282 731548295.77716 886593293.53103 907124692.90428 985809418.15756 905600649.61425 969741492.63023 435119649.62297 300650226.20107 562651657.33157 882150255.60185 981811021.34491 924854228.10434 1014675684.9536 989710856.68073 963299363.94397 964217237.8602 638107579.48932 504677678.49709 236205700.75422 0 74446464.07954 678031734.49172 857940047.1705 959199257.25445 991294141.87359 973191428.1985 979406662.92701 1009289149.53833 955286583.07277 932949975.88105 942402074.33143 927068738.22473 949567218.6542 967557539.74664 802801798.41685 788594265.74598 733397678.24122 505811973.95214 300204441.03537 309779638.05564 290218446.95809 226411261.67009 173518593.51551 319546810.84843 300247182.39979 762684765.97314 889124480.82596 899370365.22057 908162564.97338 964541304.96372 947605838.10562 942398136.88215 898871139.59985 983065316.95988 919603366.57694 
784501103.69472 666349690.03389 801936398.68065 805901339.87414 948718049.05771 965519392.6604 1035177025.22307 952700860.03599 1011951488.84441 450271946.44516 279372525.45192 532732617.71681 872425743.17794 938347254.40058 878233347.88756 959737068.90093 928966179.55184 900542052.99545 895996593.33513 563780823.60522 430307122.86714 167257556.68279 74446464.07954 0 633663267.05612 806905415.18532 908660341.374 943451510.34142 923027463.24764 926742265.77242 951433612.91759 898183644.40165 874543777.00768 878728199.78744 861384216.98958 881900424.86646 896701821.53286 728471543.51977 714264249.08404 659068684.62156 431521544.21925 254496611.81736 309304404.65146 298556359.40766 290443564.41931 240998058.32337 382525441.92242 371687934.48504 825381783.28621 939410767.52162 949055378.31533 955456690.45751 1009525766.81886 984143490.41304 979521550.04643 939086947.33188 1039085510.37663 986536206.77405 
1183631574.74657 1132991529.76327 1253385171.13579 1256952384.73939 1549468488.87694 1577912086.27543 1663803222.06831 1583460662.61735 1645281264.8116 1071685091.13565 858553620.85066 1040264327.25869 1421883898.62727 1315662521.05613 1240297385.70427 1238449408.59374 1148900581.87786 1099973841.22026 1009488787.81429 597577261.76471 510469344.57479 634291101.95249 678031734.49172 633663267.05612 0 196625083.10217 290737548.1104 315308450.61505 303065479.44492 319357359.05886 381941298.70744 327179392.18778 319978933.19376 391728115.48909 411792888.06374 464455015.34573 551296047.67959 680263129.23307 671941260.85364 641574847.39737 501482962.54963 379539997.26229 446077032.81445 484926640.02417 729553661.71889 726806854.98636 989929296.30805 944885033.82926 1064120089.50335 1019205949.84761 1020608380.05788 1001646977.50487 1020976317.89509 920530991.70212 922481785.34481 921018398.96029 1160130376.26681 1252490598.29677 
1379478242.41316 1329514957.58465 1449984209.15621 1453547146.27069 1737702986.53902 1763308970.87912 1841878448.79823 1759596766.44268 1817088180.12626 1229899016.94176 1007057612.71817 1160026716.1715 1543347730.73013 1384360335.04191 1307731538.5643 1280943251.69098 1178879882.9469 1127042836.97899 1017267163.70922 640113900.4051 593519200.24429 781033158.50315 857940047.1705 806905415.18532 196625083.10217 0 101872188.38648 144488944.7836 116604281.32484 123724956.33304 191558021.31385 140649899.94837 145677114.84423 247582382.90872 286119643.64527 344437971.43483 449866969.24452 676506296.14374 671855107.62938 656395690.24149 584351308.58471 557871012.05166 642088163.50016 680981319.98694 924304287.23933 919252950.16998 1174449241.33951 1134300292.82 1252043203.79094 1190156920.42249 1190302546.94596 1168138137.12086 1180930663.08985 1070896295.39682 1074073182.39496 1080106057.07823 1332818698.82615 1439915874.07806 
1466539679.75755 1421821733.85464 1540271569.21886 1543777813.54647 1837538114.08472 1863920569.70661 1943528967.295 1861361016.78166 1918960255.80242 1331261197.43011 1107661702.48692 1255736585.80331 1638693225.04336 1465932709.45858 1389219766.32031 1354244801.99026 1248299377.80734 1195768009.75162 1079561719.68786 720012214.93678 684840895.28741 881787700.58588 959199257.25445 908660341.374 290737548.1104 101872188.38648 0 56766070.79845 15575712.80852 41985081.90339 145151233.6288 119160960.88941 146029312.2658 258219938.31025 306710906.89636 362735001.74274 472907945.14813 739512987.82236 736400787.03809 726823059.39952 675764097.03361 659025846.90515 736402674.40553 775180328.03335 1020285162.6278 1017044819.21366 1275125473.50352 1233598012.83078 1327937267.03575 1251623214.6706 1250825213.98106 1226434125.42033 1234540823.80434 1118939969.78788 1122881710.77791 1133822724.17769 1394973703.53478 1514834325.0324 
1476246133.03065 1437411813.31146 1553344007.18009 1556781978.55077 1864716397.66639 1893122927.89634 1976881073.42272 1895616311.04502 1955110438.1336 1371647042.91081 1150226810.08565 1304328258.09399 1687590772.28274 1520729852.19939 1444023110.22323 1410405791.97211 1304796610.60797 1252305405.54079 1136321416.07133 774921527.89314 736012095.23585 924101794.02357 991294141.87359 943451510.34142 315308450.61505 144488944.7836 56766070.79845 0 44095110.28474 85536357.3522 187235748.75942 171496563.8986 200703252.25797 311713363.0315 361176390.09945 416351598.69417 526663727.11967 796233223.83036 793070469.35256 783111277.44591 726884845.78362 691370260.57449 756176372.03542 794639307.23068 1041422887.448 1041019500.45381 1304901006.15829 1260055112.55501 1327797804.68562 1241046850.70058 1239619491.2907 1213825978.29954 1218936036.15518 1100300893.18344 1104682439.42207 1118568244.26283 1384542993.37539 1513572515.04868 
1476485229.25848 1432979780.89429 1550932557.47785 1554425113.3481 1850840050.40977 1877546550.29703 1957768560.09463 1875720767.00977 1933566635.93269 1346325648.47962 1122918650.84286 1271309468.23692 1654268675.9523 1480964047.58873 1404250793.81975 1368683858.3772 1262434036.65007 1209853227.95172 1093103464.33255 735037725.29273 700378906.6807 897010497.27801 973191428.1985 923027463.24764 303065479.44492 116604281.32484 15575712.80852 44095110.28474 0 44419584.66185 148674823.34541 128035042.84475 156678663.56667 268038151.49117 317247226.90889 372673739.17575 482962413.62862 753262667.68653 750284414.76926 741188681.57064 691304601.57641 672992062.52044 748231585.97603 786963440.80977 1032450421.51781 1029723572.96267 1288803010.46924 1246735473.15715 1335635506.26229 1256697626.80901 1255733815.06344 1230965278.51809 1238260933.94289 1121788688.06949 1125855529.21232 1137617330.89037 1400111237.56617 1522291470.20565 
1499831456.19152 1452254045.75082 1571929625.7013 1575468072.28021 1860669801.55064 1885579640.27604 1961911644.79086 1879025126.67016 1934954185.62667 1343592736.39671 1117929618.9727 1258276052.63078 1640509884.34774 1456446186.62189 1379758686.73413 1339955758.27204 1232106979.74652 1179304279.89125 1060236040.13762 711005983.25898 684208805.42547 892691711.41733 979406662.92701 926742265.77242 319357359.05886 123724956.33304 41985081.90339 85536357.3522 44419584.66185 0 104347323.86125 87074337.66797 118431465.56849 227217529.21206 277441001.43292 331735189.79213 442029455.00301 721495301.21331 719111391.52754 712467418.92658 675248271.18017 679740633.85541 765336469.99383 804209141.44754 1047945973.90812 1042952522.12885 1296728964.48021 1257616918.53922 1365178463.23814 1291776904.83361 1291112457.98864 1267007193.61574 1275630253.67691 1160455739.84554 1164345594.95116 1174877179.6803 1435061565.36244 1552381834.0167 
1564623384.3841 1508521070.16837 1631596704.00966 1635225563.5541 1895273645.59674 1916086457.61166 1983411758.89942 1898766775.24387 1950159103.34716 1350944175.14662 1121131462.40342 1241341527.64213 1620405504.16311 1409856064.34322 1333473968.45536 1282689707.65814 1170902685.32122 1117685416.83764 992698608.50492 670365051.57235 664487518.25159 899209415.17278 1009289149.53833 951433612.91759 381941298.70744 191558021.31385 145151233.6288 187235748.75942 148674823.34541 104347323.86125 0 55742771.33739 77443277.52674 146100432.7096 197857739.41136 245360709.21333 353686873.11432 659237532.61383 658583633.54778 658950274.04754 655961581.32877 713897785.98967 820413957.66119 859233791.13006 1097647292.92704 1087812869.58561 1328684450.68868 1296300808.818 1443006991.20775 1380621272.99404 1380530247.96849 1357714732.15576 1368818616.17401 1256129633.13755 1259696614.27216 1267969152.79066 1523490448.41443 1631018306.54727 
1509245249.09069 1452784790.62672 1575929688.81576 1579561461.11197 1840912555.91923 1862288770.65186 1931155050.30428 1846835235.03869 1899193492.8155 1301618371.35737 1072733789.16415 1199454387.14736 1579933291.27171 1381205822.65805 1304620449.41576 1259979450.47363 1150566852.57869 1097582309.46809 976474309.34614 637827842.96091 622792662.24284 849710859.69531 955286583.07277 898183644.40165 327179392.18778 140649899.94837 119160960.88941 171496563.8986 128035042.84475 87074337.66797 55742771.33739 0 34249134.99205 140281424.55125 190370327.3287 244893368.86677 355210119.13093 639084176.58088 637300674.34561 633355364.55885 614078793.01311 659136599.97368 764693099.27747 803508137.05618 1041964526.8299 1032339356.22705 1274541138.66993 1241363212.98773 1389557342.11619 1330772760.43566 1330944256.76448 1308770265.17703 1321247330.8825 1210309704.62288 1213636339.74848 1220406831.52055 1473388237.20363 1577697912.6448 
1497849061.45378 1438189857.68325 1562485456.87875 1566148405.57873 1819225958.71327 1839489397.13812 1906092387.22253 1821386507.05971 1872716885.07114 1273695165.31907 1044108944.75593 1167570522.5458 1547618067.72958 1347011982.42618 1270433390.01179 1225809206.71975 1116552834.35154 1063592003.95949 942920717.87345 603846649.5086 590728463.19558 821905371.64644 932949975.88105 874543777.00768 319978933.19376 145677114.84423 146029312.2658 200703252.25797 156678663.56667 118431465.56849 77443277.52674 34249134.99205 0 112712286.39853 160694979.78077 216891491.89668 326946793.2627 605173531.82592 603289788.06869 599120552.71211 582076828.68858 638651241.37405 750826281.58776 789502015.45167 1025556364.96886 1014343477.86936 1252439674.19799 1221207678.91187 1384073165.59644 1331447742.51244 1331982191.98739 1310678176.40611 1324858109.9128 1215981434.88241 1219044068.61828 1224094790.67169 1473632340.04153 1572419508.87953 
1544431501.83745 1474489808.35951 1602266109.01891 1606021921.32563 1827441351.23494 1842827959.16245 1898796283.93672 1812384645.72817 1858390199.59512 1253374086.10289 1020947897.4047 1120917320.58301 1495935392.36382 1269197268.20059 1193070272.45014 1138250045.34964 1025606970.87647 972340528.87667 846651104.38544 536107618.01722 547759241.76908 805448483.73012 942402074.33143 878728199.78744 391728115.48909 247582382.90872 258219938.31025 311713363.0315 268038151.49117 227217529.21206 146100432.7096 140281424.55125 112712286.39853 0 51883910.89688 104641235.72868 214950364.52751 514316152.56325 514157286.52433 517256043.31063 539840382.42461 659581093.05419 793974335.03851 831756021.53694 1057549638.47042 1040618739.64262 1260804608.04388 1237839539.82777 1448180132.7767 1410928563.13558 1412279828.31699 1392951624.59758 1410724522.35487 1306203265.69154 1308748661.40846 1310349333.20395 1551807623.14958 1636590534.24914 
1544752639.96693 1469914682.03916 1599147068.2539 1602941984.16886 1809501759.46303 1822770418.28086 1874228976.77323 1787210919.30269 1831020364.75711 1224504594.60651 991554464.86931 1082423411.79838 1455213405.45883 1220973947.14841 1145008540.75174 1087944069.21201 974743004.02798 921446973.37628 795104095.98078 492257272.80475 513081487.19287 779687500.54339 927068738.22473 861384216.98958 411792888.06374 286119643.64527 306710906.89636 361176390.09945 317247226.90889 277441001.43292 197857739.41136 190370327.3287 160694979.78077 51883910.89688 0 58340485.47128 166736908.85859 463889031.6686 464106547.79497 469052199.75065 505531275.67809 651331412.53772 795109759.12294 832222010.70144 1052039035.55229 1032497476.12009 1243909210.51547 1224675259.21426 1457714100.14365 1429128229.52464 1430958290.45618 1412835609.31392 1432769085.29516 1331149104.58033 1333358590.87376 1332787565.62653 1569037985.26111 1645864573.89433 
1581347402.27005 1502185815.68379 1632631589.39973 1636458766.82075 1827636379.02998 1838442610.90557 1884364681.76808 1796654002.07142 1837573094.25205 1229838232.83213 996729392.06295 1073538674.19634 1441826325.1623 1191788157.02686 1116357755.74023 1052363111.38074 937001876.30235 883644686.63002 753808573.03052 476054033.56676 513215135.58579 790484952.18081 949567218.6542 881900424.86646 464455015.34573 344437971.43483 362735001.74274 416351598.69417 372673739.17575 331735189.79213 245360709.21333 244893368.86677 216891491.89668 104641235.72868 58340485.47128 0 110316789.5353 429605777.0052 431337428.65736 442351499.37004 506318789.05035 682198762.97329 833673045.18622 870115005.90252 1084084367.46197 1062101084.18432 1263932284.7483 1248779129.69463 1501765912.89033 1479033888.18948 1481151964.876 1463750346.7724 1484888460.75433 1384813104.222 1386856413.6278 1385167683.47153 1618270747.46233 1689591493.06003 
1624979066.04407 1536824627.00685 1669423506.16273 1673308275.6075 1832460190.76521 1838400340.36703 1873502851.81145 1784709728.2243 1820038387.18654 1212478413.41917 980826532.06644 1031000305.70273 1389365104.18884 1113634412.15125 1039374092.34093 964639581.69138 846427099.02412 793212281.54043 658740337.8456 429804029.59044 496600333.98516 787698585.26059 967557539.74664 896701821.53286 551296047.67959 449866969.24452 472907945.14813 526663727.11967 482962413.62862 442029455.00301 353686873.11432 355210119.13093 326946793.2627 214950364.52751 166736908.85859 110316789.5353 0 350659286.81406 355179549.18964 377331215.73538 491189911.74444 720182477.20144 885456247.81929 920152288.98431 1120266350.63308 1093414548.14406 1274700821.10327 1267766255.8824 1562344261.81539 1553909605.7891 1556766525.5062 1541281986.63437 1565620412.03303 1470066083.13335 1471624411.24226 1466790677.01035 1691165724.21 1748975731.4462 
1509435981.66636 1394796092.18431 1530385020.90271 1534350015.77527 1598588512.1536 1592374387.83906 1602009004.97155 1511958310.79984 1535016900.5455 938993790.40656 720248496.86925 711150270.83565 1051205093.93568 763891528.43988 689180905.14421 624057937.65785 511812122.90715 458689306.71723 340861302.01465 164694228.57831 304181366.51222 578498519.66342 802801798.41685 728471543.51977 680263129.23307 676506296.14374 739512987.82236 796233223.83036 753262667.68653 721495301.21331 659237532.61383 639084176.58088 605173531.82592 514316152.56325 463889031.6686 429605777.0052 350659286.81406 0 14207533.34546 69404123.7148 305590581.10803 648414949.92315 838960639.02595 864111622.40481 1001797328.27307 960978747.85591 1071049669.28372 1088050323.34369 1508377651.16976 1556613732.18481 1562490940.87892 1555665655.35118 1593279191.63451 1521396733.95456 1520633853.73983 1501575746.84506 1681643168.99852 1685217172.26479 
1495270632.32958 1380588558.83984 1516177487.55824 1520142482.4308 1585232485.99654 1579283076.24798 1589654516.56541 1499621521.91589 1523157308.4932 926416882.92465 707085980.58325 700841570.12014 1043089848.17359 760954876.28219 685924468.53193 624153325.19431 513266502.78313 460311561.68538 345509774.022 150486695.23384 290159939.42521 564376449.26384 788594265.74598 714264249.08404 671941260.85364 671855107.62938 736400787.03809 793070469.35256 750284414.76926 719111391.52754 658583633.54778 637300674.34561 603289788.06869 514157286.52433 464106547.79497 431337428.65736 355179549.18964 14207533.34546 0 55196590.37033 291645756.33551 635133166.82709 825769661.19822 850742940.77441 987694816.73215 946819131.66604 1057093754.14753 1073914711.15799 1494667755.30665 1543682857.68162 1549609110.13148 1542940135.34747 1580784666.00701 1509430132.05102 1508617056.78998 1489271055.36052 1668466754.38578 1671365434.11248 
1440245813.59504 1325391968.47051 1460980897.18891 1464945892.06146 1533489262.89281 1528612203.75263 1541959981.1031 1452017374.85686 1477475664.15799 878027456.53637 656362944.70672 662163241.26934 1012836882.49643 751988219.57556 675963264.6628 627583309.13112 522556575.41877 470648069.63952 368243585.34878 95290104.86451 235897801.32265 509556973.83491 733397678.24122 659068684.62156 641574847.39737 656395690.24149 726823059.39952 783111277.44591 741188681.57064 712467418.92658 658950274.04754 633355364.55885 599120552.71211 517256043.31063 469052199.75065 442351499.37004 377331215.73538 69404123.7148 55196590.37033 0 237765147.35835 583946821.0293 774863572.53449 799080056.3107 932936480.08691 891823163.64168 1002941755.94733 1019016518.81509 1441495955.31271 1493666240.18009 1499790140.70506 1493754786.62086 1532526397.31008 1463320018.07752 1462304384.15256 1441799114.83118 1617441747.88816 1617609681.51305 
1206217530.25479 1096086436.12992 1231511262.12753 1235471999.91022 1344672143.34163 1348282771.98392 1382911129.99325 1294395416.51057 1332396203.47559 724353338.00572 491538506.01375 585505647.31394 966058321.0272 814422191.79989 738888479.58771 743240132.15399 663955526.90251 619017856.96806 556576927.75778 147062216.57555 9217397.63405 299842371.13691 505811973.95214 431521544.21925 501482962.54963 584351308.58471 675764097.03361 726884845.78362 691304601.57641 675248271.18017 655961581.32877 614078793.01311 582076828.68858 539840382.42461 505531275.67809 506318789.05035 491189911.74444 305590581.10803 291645756.33551 237765147.35835 0 351150612.65173 541890504.90171 564121204.28148 697201519.60078 657924727.07616 794668831.7546 799782410.02532 1203896088.69009 1261622582.50354 1268230958.88304 1263846338.9996 1305124528.96058 1242603829.79848 1240943311.16627 1216884482.04901 1383015075.38437 1379858145.11267 
904915563.23887 820028746.63117 951024700.39422 954874681.1692 1182261387.75917 1205877802.74657 1285511083.4133 1204451224.87144 1265743009.34643 699134183.95527 500248976.17189 719025222.88122 1087355605.57459 1069553758.00357 1000212836.42572 1044386827.33584 984781130.60859 945474641.91401 901158600.76962 497601696.56575 355565480.58682 292190130.66419 300204441.03537 254496611.81736 379539997.26229 557871012.05166 659025846.90515 691370260.57449 672992062.52044 679740633.85541 713897785.98967 659136599.97368 638651241.37405 659581093.05419 651331412.53772 682198762.97329 720182477.20144 648414949.92315 635133166.82709 583946821.0293 351150612.65173 0 191025531.84297 216050838.06506 401976133.85952 381291648.41964 617080738.43219 582558941.85148 865060872.64461 910629803.99398 917139508.51631 912756376.97194 954750846.33831 896943374.86006 894721869.89058 867986837.63955 1033499377.83856 1046453017.4694 
