36
Building18 Building16 Building21 Building20 Building12 Building9 Building5 Building8 Building6 Building28 Building24 Building29 Building41 Building26 Building77 Building76 Building71 Building69 Building47 Building49 Building66 Building52 Building43 Building61 Building51 Building63 Building67 Building62 Building74 Building57 Building55 Building94 Building91 Building93 Building96 Building99
0 1.86997 23.776449999999997 23.428350000000002 43.22475 97.67073 98.8021 98.02954 101.60132 98.45742 100.72258000000001 170.40813 173.07633 101.41181 158.32565 161.47337 85.05203 87.80762 90.37252000000001 91.69219 90.58785 89.62263 90.07253 89.60929999999999 91.93366 88.68487999999999 87.63466 85.81842 87.11762 90.2149 87.77928 55.16405 59.47261000000001 57.52284 54.17005 54.0853 
1.86997 0 21.90648 25.251659999999998 45.04805999999999 96.31806 97.44942999999999 96.67687 100.24865 96.58745 98.85261000000001 168.53816 171.20636000000002 99.54184000000001 156.45568 159.6034 86.922 89.67759 92.24249 93.56215999999999 92.45782 91.4926 91.9425 91.47926999999999 93.80363 90.55484999999999 89.50462999999999 87.68839 88.98759 92.08487 89.64925 56.03201 60.34057000000001 58.3908 55.03801 55.95527 
23.776449999999997 21.90648 0 3.34518 23.141579999999998 89.82068000000001 90.95205 90.17949 93.75127 74.68097 76.94613000000001 146.63168000000002 149.29988000000003 77.63536 134.54919999999998 137.69691999999998 100.54727000000001 98.60491 98.92388000000001 100.28817000000001 102.58083 101.15899 102.74481999999999 101.14565999999999 103.47002 100.22124 99.17102 100.11036 99.16058000000001 102.24917 98.1495 34.125530000000005 38.43409000000001 36.484320000000004 33.131530000000005 45.58166 
23.428350000000002 25.251659999999998 3.34518 0 19.7964 92.05930999999998 94.29723 93.52467 97.09645 78.02615 80.29131000000001 149.97686 152.64506 80.98054 137.89437999999998 141.04209999999998 98.15744000000001 96.21508 96.53405000000001 97.89834 100.191 98.76916 100.35498999999999 98.75582999999999 101.08019 97.83140999999999 96.78119 97.72053 96.77075 99.85934 95.75967 31.7357 36.04426000000001 34.09449 30.7417 43.191829999999996 
43.22474999999999 45.04805999999999 23.141579999999998 19.7964 0 72.26290999999999 76.01825 75.47991999999999 79.0517 97.82255 100.08771000000002 169.77326 172.44146 100.77694000000001 157.69078 160.83849999999998 117.95384 116.01147999999999 116.33045 117.69474 119.9874 118.56556 120.15138999999999 118.55223 120.87659000000001 117.62781 116.57759 117.51693 116.56715000000001 119.65574000000001 115.55607 51.5321 55.84066000000001 53.89089 50.5381 62.988229999999994 
97.67073 96.31806 89.82068000000001 92.05930999999998 72.26290999999999 0 3.75534 3.21701 6.7887900000000005 72.82064000000001 75.34209000000001 144.94170000000003 147.60990000000004 75.80503000000002 132.71887 135.86659 182.72276000000002 185.47835000000003 186.4626 187.73349 188.25858000000005 185.66393 187.24976 185.6506 187.97496 184.72618 183.67596 183.48915000000002 184.78835000000004 187.88563000000005 185.45001000000002 123.28269000000002 127.59125000000002 125.64148000000002 122.28869000000002 130.0866 
98.8021 97.44942999999999 90.95205 94.29723 76.01825 3.75534 0 0.77256 4.34434 70.37619000000001 72.89764000000001 142.49725 145.16545000000002 73.36058000000001 130.27442 133.42213999999998 183.85413 186.60972 187.59396999999998 188.86485999999996 189.38995000000003 186.79529999999997 188.38112999999998 186.78196999999997 189.10632999999999 185.85754999999997 184.80732999999998 184.62052 185.91972 189.01700000000002 186.58138 124.41406 128.72262 126.77285 123.42006 131.21797 
98.02954 96.67687 90.17949 93.52467 75.47991999999999 3.21701 0.77256 0 3.57178 69.60363000000001 72.12508000000001 141.72469 144.39289000000002 72.58802000000001 129.50186 132.64958 183.08157 185.83716 186.82141 188.09229999999997 188.61739000000003 186.02273999999997 187.60857 186.00940999999997 188.33377 185.08498999999998 184.03476999999998 183.84796 185.14716 188.24444000000003 185.80882 123.64150000000001 127.95006000000001 126.00029 122.64750000000001 130.44541 
101.60132 100.24865 93.75127 97.09645 79.0517 6.7887900000000005 4.34434 3.57178 0 66.03185 68.55330000000001 138.15291000000002 140.82111000000003 69.01624000000001 125.93008000000002 129.07780000000002 186.65335000000002 189.40894000000003 190.39319 191.66407999999998 192.18917000000005 189.59452 191.18035 189.58119 191.90555 188.65677 187.60655 187.41974000000002 188.71894000000003 191.81622000000004 189.38060000000002 127.21328000000001 131.52184 129.57207000000002 126.21928000000001 134.01719 
98.45742 96.58745 74.68097 78.02615 97.82255 72.82064000000001 70.37619000000001 69.60363000000001 66.03185 0 2.52145 72.12106 74.78926 2.98439 59.89823 63.04595 147.34574 147.66054000000003 147.97951 149.34380000000002 149.09111000000001 147.98762000000002 149.68589000000003 151.28505000000004 153.75936000000004 150.97859 149.92837 146.57935 145.62957 148.71816 144.61849 108.80650000000001 113.11506000000001 111.16529000000001 107.81250000000001 120.26263 
100.72258000000001 98.85261000000001 76.94613000000001 80.29131000000001 100.08771000000002 75.34209000000001 72.89764000000001 72.12508000000001 68.55330000000001 2.52145 0 70.36925 73.03744999999999 1.30727 58.22111 61.36883 145.66862 145.98342000000002 146.30239 147.66668 147.41399 146.31050000000002 148.00877000000003 149.60793000000004 152.08224000000004 149.30147 148.25125 144.90223 143.95245 147.04104 142.94137 111.07166000000002 115.38022000000002 113.43045000000002 110.07766000000002 122.52779000000001 
170.40813 168.53816 146.63168000000002 149.97686000000002 169.77326000000002 144.94170000000003 142.49725 141.72469 138.15291000000002 72.12106 70.36925 0 2.6682 71.13561 128.04944999999998 131.19716999999997 215.49695999999997 215.81176 216.13072999999997 217.49501999999998 217.24232999999998 216.13884 217.83711 219.43627 221.91058 219.12980999999996 218.07958999999997 214.73056999999997 213.78078999999997 216.86937999999998 212.76970999999998 180.75721 185.06577 183.11599999999999 179.76321 192.21334000000002 
173.07632999999998 171.20636 149.29988 152.64506 172.44146 147.6099 145.16545 144.39289 140.82111 74.78926 73.03744999999999 2.6682 0 73.80381 130.71765 133.86536999999998 218.16516 218.47996 218.79892999999998 220.16322 219.91053 218.80704 220.50531 222.10447000000002 224.57878000000002 221.79800999999998 220.74778999999998 217.39876999999998 216.44898999999998 219.53758 215.43791 183.42540999999997 187.73396999999997 185.78419999999997 182.43140999999997 194.88154 
101.41181 99.54184000000001 77.63536 80.98054 100.77694 75.80503000000002 73.36058000000001 72.58802000000001 69.01624000000001 2.98439 1.30727 71.13561 73.80381 0 56.91384 60.06156 144.36135 144.67615 144.99512 146.35941 146.10672 145.00323 146.7015 148.30066000000002 150.77497000000002 147.99419999999998 146.94397999999998 143.59496 142.64517999999998 145.73377 141.6341 111.76089000000002 116.06945000000002 114.11968000000002 110.76689000000002 123.21702000000002 
158.32565 156.45568 134.5492 137.89438 157.69078000000002 132.71887 130.27442 129.50186 125.93008 59.89823 58.22111 128.04945 130.71765000000002 56.91384 0 3.14772 87.44751000000001 87.76231 88.08128 89.44557 89.19288000000002 88.08939000000001 89.78766 91.38682 93.86113 91.08036 90.03014 86.68112 85.73134000000002 88.81993000000001 84.72026000000001 149.97444000000002 153.90624 151.63112 150.17653 180.13086 
161.47337 159.6034 137.69692 141.0421 160.8385 135.86659 133.42213999999998 132.64958 129.0778 63.04595 61.36883 131.19717 133.86537 60.06156 3.14772 0 84.29979 84.61458999999999 84.93356 86.29785 86.04516000000001 84.94167 86.63994 88.2391 90.71341 87.93263999999999 86.88242 83.5334 82.58362000000001 85.67221 81.57254 146.82672 150.75851999999998 148.4834 147.02881 180.06870999999998 
85.05203000000002 86.92200000000001 100.54727000000001 98.15744000000001 117.95384000000001 182.72276000000002 183.85413000000003 183.08157000000003 186.65335000000002 147.34574 145.66862 215.49696 218.16516000000001 144.36135000000002 87.44751000000001 84.29979 0 2.75559 5.3204899999999995 6.64016 5.535819999999999 4.5706 5.0205 4.55727 6.88163 3.63285 2.58263 0.76639 2.06559 5.16287 2.72725 67.21365 71.14545 68.87033000000001 67.41574 96.23693 
87.80762000000001 89.67759000000001 98.60491000000002 96.21508000000001 116.01148 185.47835000000003 186.60972000000004 185.83716000000004 189.40894000000003 147.66054 145.98342 215.81176 218.47996 144.67615 87.76231000000001 84.61459 2.75559 0 2.84023 4.2045200000000005 6.7865400000000005 6.41118 7.77609 7.312859999999999 9.63722 6.388439999999999 5.33822 3.52198 4.0531299999999995 7.141719999999999 3.0420499999999997 65.27129 69.20308999999999 66.92797 65.47338 98.99252 
90.37252000000001 92.24249 98.92388000000001 96.53405000000001 116.33045000000001 186.4626 187.59397 186.82141000000001 190.39319 147.97951 146.30239 216.13073000000003 218.79893000000004 144.99512000000001 88.08128 84.93356 5.3204899999999995 2.84023 0 1.36429 3.94631 4.77461 6.360439999999999 4.761279999999999 7.085640000000001 3.8368599999999997 2.78664 5.32188 4.3721 7.46069 3.36102 65.59026 69.52206 67.24694000000001 65.79235 96.44094 
91.69219000000001 93.56216 100.28817000000002 97.89834000000002 117.69474000000002 187.73349000000002 188.86486000000002 188.09230000000002 191.66408 149.34380000000002 147.66668 217.49502 220.16322000000002 146.35941000000003 89.44557000000002 86.29785000000001 6.64016 4.2045200000000005 1.36429 0 2.58202 5.197 5.530889999999999 3.93173 6.40604 3.00731 4.05753 6.686170000000001 5.73639 7.50905 4.72531 66.95455 70.88635 68.61123 67.15664000000001 95.76134 
90.58785000000002 92.45782000000001 102.58083000000002 100.19100000000002 119.98740000000001 188.25858000000002 189.38995000000003 188.61739000000003 192.18917000000002 149.09111000000001 147.41399 217.24233000000004 219.91053000000005 146.10672000000002 89.19288000000002 86.04516000000001 5.53582 6.7865400000000005 3.94631 2.58202 0 2.61498 4.31325 5.9124099999999995 8.38672 5.58933 4.60295 4.76943 3.47023 4.92703 4.47262 69.24721 73.17900999999999 70.90389 69.44930000000001 97.74202 
89.62263000000002 91.49260000000001 101.15899 98.76916 118.56556 185.66393 186.7953 186.02274 189.59452 147.98762 146.3105 216.13884000000002 218.80704000000003 145.00323 88.08939000000001 84.94167 4.5706 6.411180000000001 4.77461 5.197 2.61498 0 1.69827 3.29743 5.771739999999999 3.03819 1.98797 5.3299900000000004 4.38021 6.504479999999999 3.36913 68.62331 72.55511 70.27999000000001 68.8254 95.12704 
90.07253000000001 91.94250000000001 102.74482 100.35499 120.15138999999999 187.24976 188.38113 187.60857000000001 191.18035 149.68589 148.00877 217.83711 220.50531 146.7015 89.78766000000002 86.63994000000001 5.0205 7.77609 6.36044 5.530889999999999 4.31325 1.69827 0 1.59916 4.07347 2.52358 3.5738 4.25617 5.55537 8.20275 5.0674 70.32158 74.25337999999999 71.97826 70.52367000000001 93.42877 
89.6093 91.47927 101.14565999999999 98.75582999999999 118.55222999999998 185.6506 186.78197 186.00941 189.58119 151.28505 149.60793 219.43627000000004 222.10447000000005 148.30066000000002 91.38682000000001 88.23910000000001 4.55727 7.312860000000001 4.761279999999999 3.93173 5.9124099999999995 3.29743 1.59916 0 2.47431 0.92442 1.97464 5.32366 6.62286 9.72014 6.6665600000000005 70.01133 73.94313 71.66801000000001 70.21342 91.82961 
91.93366000000002 93.80363000000001 103.47002 101.08019 120.87659 187.97496 189.10633 188.33377000000002 191.90555 153.75936000000002 152.08224 221.91058000000004 224.57878000000005 150.77497000000002 93.86113000000002 90.71341000000001 6.88163 9.637220000000001 7.08564 6.40604 8.38672 5.77174 4.07347 2.47431 0 3.39873 4.299 7.648020000000001 8.947220000000002 12.044500000000001 9.14087 72.33569 76.26749 73.99237000000001 72.53778 89.3553 
88.68488 90.55485 100.22124 97.83140999999999 117.62780999999998 184.72618 185.85755 185.08499 188.65677 150.97859 149.30147 219.12981000000002 221.79801000000003 147.9942 91.08036000000001 87.93264 3.63285 6.38844 3.8368599999999997 3.00731 5.58933 3.03819 2.52358 0.92442 3.39873 0 1.05022 4.39924 5.69844 8.79572 6.3601 69.08691 73.01871 70.74359000000001 69.289 92.75403 
87.63466000000001 89.50463 99.17102 96.78119 116.57758999999999 183.67596 184.80733 184.03477 187.60655 149.92837 148.25125 218.07959 220.74779 146.94398 90.03014 86.88242 2.58263 5.33822 2.78664 4.05753 4.60295 1.98797 3.5738 1.97464 4.299 1.05022 0 3.34902 4.64822 7.7455 5.30988 68.03669 71.96848999999999 69.69337 68.23878 93.6543 
85.81842 87.68839 100.11036 97.72053 117.51693 183.48915 184.62052 183.84796 187.41974 146.57935 144.90223 214.73057 217.39877 143.59496000000001 86.68112 83.5334 0.76639 3.52198 5.32188 6.686170000000001 4.76943 5.3299900000000004 4.25617 5.32366 7.648020000000001 4.39924 3.34902 0 1.2992 4.39648 1.96086 67.21504 71.14684 68.87172000000001 67.41713 97.00332 
87.11762 88.98759 99.16058000000001 96.77075 116.56715 184.78835 185.91972 185.14716 188.71894 145.62957 143.95245 213.78079000000002 216.44899000000004 142.64518 85.73134000000002 82.58362000000001 2.06559 4.05313 4.3721 5.73639 3.47023 4.38021 5.55537 6.622859999999999 8.94722 5.69844 4.64822 1.2992 0 3.0972800000000005 1.01108 66.26526 70.19706 67.92194 66.46735000000001 98.30252 
90.21490000000001 92.08487000000001 102.24917 99.85934 119.65574000000001 187.88563000000002 189.01700000000002 188.24444000000003 191.81622000000002 148.71816 147.04104 216.86938000000004 219.53758000000005 145.73377000000002 88.81993000000001 85.67221 5.162870000000001 7.14172 7.46069 7.50905 4.92703 6.504480000000001 8.202750000000002 9.72014 12.044500000000001 8.795720000000001 7.745500000000001 4.39648 3.0972800000000005 0 4.099670000000001 69.35385 73.28564999999999 71.01053 69.55594 101.3998 
87.77928000000001 89.64925000000001 98.1495 95.75967 115.55607 185.45001000000002 186.58138000000002 185.80882000000003 189.38060000000002 144.61849 142.94137 212.76971000000003 215.43791000000004 141.63410000000002 84.72026000000001 81.57254 2.72725 3.0420499999999997 3.36102 4.72531 4.47262 3.36913 5.0674 6.6665600000000005 9.14087 6.360099999999999 5.30988 1.96086 1.01108 4.09967 0 65.25417999999999 69.18597999999999 66.91086 65.45627 98.49617 
55.16405 56.03201 34.125530000000005 31.735700000000005 51.5321 123.28269 124.41405999999999 123.6415 127.21328 108.8065 111.07166000000001 180.75721 183.42541 111.76089 149.97444 146.82672 67.21365 65.27129 65.59026 66.95455 69.24721 68.62330999999999 70.32157999999998 70.01132999999999 72.33569 69.08690999999999 68.03669 67.21503999999999 66.26526 69.35385 65.25417999999999 0 4.30867 2.37366 0.994 51.0663 
59.472609999999996 60.34057 38.434090000000005 36.04426 55.84066 127.59125 128.72262 127.95006 131.52184 113.11506 115.38022000000001 185.06577 187.73397 116.06945 153.90624 150.75852 71.14545000000001 69.20309 69.52206000000001 70.88635000000001 73.17901 72.55511 74.25337999999999 73.94313 76.26749000000001 73.01871 71.96849 71.14684 70.19706000000001 73.28565 69.18598 4.30867 0 5.05442 5.30256 53.72572999999999 
57.522839999999995 58.3908 36.484320000000004 34.09449 53.89089 125.64148 126.77284999999999 126.00028999999999 129.57207 111.16529 113.43045000000001 183.11599999999999 185.7842 114.11968 151.63112 148.48340000000002 68.87033000000001 66.92797 67.24694000000001 68.61123 70.90389 70.27999 71.97825999999999 71.66801 73.99237000000001 70.74359 69.69337 68.87172 67.92194 71.01053 66.91086 2.37366 5.05442 0 3.35279 51.81204999999999 
54.170049999999996 55.03801 33.13153 30.7417 50.5381 122.28869 123.42005999999999 122.6475 126.21928 107.8125 110.07766000000001 179.76321000000002 182.43141000000003 110.76689 150.17653 147.02881000000002 67.41574 65.47338 65.79235 67.15664 69.44930000000001 68.8254 70.52367 70.21341999999999 72.53778 69.28899999999999 68.23877999999999 67.41713 66.46735000000001 69.55594 65.45627 0.994 5.302560000000001 3.35279 0 52.06019 
54.0853 55.95527 45.58166 43.191829999999996 62.988229999999994 130.0866 131.21797 130.44541 134.01719 120.26263 122.52779000000001 192.21334000000002 194.88154000000003 123.21702 180.13085999999998 180.06871 96.23693 98.99252 96.44094000000001 95.76134 97.74202 95.12704 93.42877 91.82961 89.3553 92.75403 93.6543 97.00332 98.30252 101.3998 98.49616999999999 51.0663 53.72573 51.81204999999999 52.06019 0 
