16
39 25 14 29 15 34 10 47 37 18 46 27 22 30 31 44
0 84145.21299 197289.58043 305576.33978000004 426684.37082000007 441432.83812000003 244782.41847 421378.80241 503022.22578999994 475726.42683 457647.02104 588189.77855 433261.50998 326272.64483 230724.05951 121275.07603 
84145.21299 0 113144.36744 221431.12679 342539.15783000004 495107.75987000007 328927.63146 337233.58942 418877.0128 391581.21384 449160.52995 546387.10858 349116.29699 410417.85782 314869.27249999996 205420.28902 
197289.58043 113144.36744 0 155343.97075 229394.79039 381963.39243 261782.15128 224089.22198 305732.64535999997 278436.8464 372681.84741 433242.74114000006 235971.92955 358702.89634000004 263154.31102 318564.65646 
305576.33978000004 221431.12679 155343.97075 0 202619.98311 355188.58515 235007.34399999998 197314.4147 351974.60583 341800.73008999997 227729.40316 358272.16067 364439.32102 455031.08865 359482.50333 426851.4158100001 
426684.37082000007 342539.15783000004 229394.79039 202619.98311 0 152568.60204 258276.10301 220583.17371 375243.36484000005 333598.27495 430349.38627 560892.14378 465366.71994 478290.05214 382741.46682 460909.71261 
441432.83812000003 495107.75987 381963.39243 355188.58515 152568.60204 0 196650.41965000003 373151.77575000003 329762.45365 181029.67291 295100.99984 425643.75734999997 431810.9177 507914.31560999993 435644.68227 545093.6657499999 
244782.41847 328927.63146 261782.15128 235007.34399999998 258276.10301 196650.41965000003 0 252970.53459999998 407630.72572999995 326935.92949999997 212864.60257 343407.36008 349574.52043 334542.84794 238994.26262 348443.2461 
421378.80241 337233.58942 224089.22198 197314.4147 220583.17371 373151.77575000003 252970.53459999998 0 154660.19113 213192.27695 327263.60388 457806.36139 313463.93851 308128.58772 212580.0024 322028.98588 
503022.22579000005 418877.0128 305732.64536 351974.60583 375243.36484000005 329762.45365 407630.72573 154660.19113 0 148732.78074 262804.10767 393346.86517999996 331820.45788 178151.86196 273700.44728 383149.43076 
475726.42683 391581.21384 278436.8464 341800.73008999997 333598.27495 181029.67291 326935.92949999997 213192.27695 148732.78074 0 114071.32693 244614.08444 250781.24478999997 326884.64269999997 412834.07577999996 491002.32157 
457647.02104 449160.52995 372681.84741 227729.40316 430349.38627 295100.99984 212864.60257 327263.60387999995 262804.10767 114071.32693 0 130542.75751 136709.91786 240919.73521 336468.32053 445917.30401 
588189.77855 546387.10858 433242.74114000006 358272.16067 560892.14378 425643.75734999997 343407.36008 457806.36139 393346.86517999996 244614.08444 130542.75751 0 267252.67536999995 371462.49272 467011.07804 576460.06152 
433261.50998 349116.29699 235971.92955 364439.32102 465366.71994 431810.9177 349574.52043 313463.93851 331820.45788 250781.24478999997 136709.91786 267252.67536999995 0 196903.7635 292452.34882 401901.3323 
326272.64483 410417.85782000003 358702.89634 455031.08865000005 478290.05214000004 507914.31560999993 334542.84794 308128.58772 178151.86196 326884.64269999997 240919.73521 371462.49272 196903.7635 0 95548.58532 204997.5688 
230724.05951 314869.27249999996 263154.31102 359482.50333000004 382741.46682 435644.68227 238994.26262 212580.0024 273700.44727999996 412834.07577999996 336468.32053 467011.07804000005 292452.34882 95548.58532 0 109448.98348 
121275.07603 205420.28902 318564.65645999997 426851.41581000003 460909.71261 545093.66575 348443.2461 322028.98588 383149.43075999996 491002.32157 445917.30401 576460.06152 401901.3323 204997.5688 109448.98348 0 
