14
a30 a43 a1 a2 a18 a47 a40 a3 a39 a33 a24 a29 a26 a0
0 803.0 622.0 2072.0 4366.0 8248.0 9888.0 13839.0 8833.0 8002.0 7055.0 6016.0 849.0 54.0 
803.0 0 922.0 2621.0 3884.0 8382.0 9908.0 14215.0 9057.0 8701.0 7269.0 6002.0 1523.0 817.0 
622.0 922.0 0 1699.0 4025.0 7701.0 9328.0 13824.0 9105.0 8159.0 6634.0 5422.0 1471.0 631.0 
2072.0 2621.0 1699.0 0 3357.0 8685.0 8316.0 12678.0 9488.0 9428.0 7254.0 5481.0 2800.0 2095.0 
4366.0 3884.0 4025.0 3357.0 0 5328.0 9765.0 13858.0 9298.0 11616.0 8852.0 8762.0 4392.0 4376.0 
8248.0 8382.0 7701.0 8685.0 5328.0 0 7404.0 14645.0 9303.0 9907.0 9169.0 7627.0 8615.0 8288.0 
9888.0 9908.0 9328.0 8316.0 9765.0 7404.0 0 17063.0 13230.0 9046.0 9790.0 11224.0 9419.0 9839.0 
13839.0 14215.0 13824.0 12678.0 13858.0 14645.0 17063.0 0 10885.0 8343.0 7525.0 10940.0 13838.0 13804.0 
8833.0 9057.0 9105.0 9488.0 9298.0 9303.0 13230.0 10885.0 0 7903.0 10499.0 10449.0 8942.0 8834.0 
8002.0 8701.0 8159.0 9428.0 11616.0 9907.0 9046.0 8343.0 7903.0 0 8712.0 8496.0 7700.0 7952.0 
7055.0 7269.0 6634.0 7254.0 8852.0 9169.0 9790.0 7525.0 10499.0 8712.0 0 5049.0 6781.0 7088.0 
6016.0 6002.0 5422.0 5481.0 8762.0 7627.0 11224.0 10940.0 10449.0 8496.0 5049.0 0 5890.0 6047.0 
849.0 1523.0 1471.0 2800.0 4392.0 8615.0 9419.0 13838.0 8942.0 7700.0 6781.0 5890.0 0 856.0 
54.0 817.0 631.0 2095.0 4376.0 8288.0 9839.0 13804.0 8834.0 7952.0 7088.0 6047.0 856.0 0 
