25
jcceK5EDFSw6S05n wf0O0uAXjL7va06e T8Jf9e4B0kfWdowV Dezvj5mGWjop4mp6 34MhuU98ExeQvRDn nON5WYvv911liCqG hLLPjkXm8y96K9Ly sY5camW0y4X1AVR6 kI208LqKhhZoNj6u 8YJlzlYvHFqZkPCS xMBjmp8wr7fOBpjr ixPL7Lqpu7XI0Hn5 docbLXkpp9fCvVZj G4iQyfavWm6ry6d9 FdnuUOBtLnTa2eWp TWEGlO1q70mKRpvN f1LIvlqyBdPPDeaG qUOopto2qmWqitCg HJucR7YaXgHXTFqk KnmMTi5uhDHL1DSP m07fBBaR3IYPFw2k Pps9hBYUJriCzF5p HPz55dPyaiA4LleA LvMdIjX0jABBCx0f Vxh5vN8JKH03lvAK
0 2107749301.29816 5070012116.33297 7140927842.442949 9128573291.74976 9990973318.19689 13062285759.822128 15593927428.549679 17177804133.560509 19247058033.285137 21945884084.14134 24879845149.569977 27530387798.842434 31098024881.883183 32037608423.496822 35562040316.870445 37775944369.11375 39891913743.34062 40124075173.50576 41823988288.553894 44798547945.73209 47187713767.644875 49963303733.91464 51272470662.29946 52733757960.68725 
2107749301.29816 0 2962262815.03481 5033178541.14479 7020823990.451599 7883224016.898728 10954536458.523968 13486178127.251518 15070054832.262348 17139308731.986979 19838134782.843178 22772095848.271816 25422638497.544273 28990275580.585022 29929859122.19866 33454291015.57228 35668195067.81558 37784164442.04246 38016325872.207596 39716238987.25573 42690798644.43393 45079964466.34671 47855554432.61648 49164721361.0013 50626008659.389084 
5070012116.332971 2962262815.03481 0 2070915726.10998 4058561175.41679 4920961201.86392 7992273643.489161 10523915312.216711 12107792017.227541 14177045916.952171 16875871967.808372 19809833033.23701 22460375682.509468 26028012765.550217 26967596307.163857 30492028200.537476 32705932252.780773 34821901627.00765 35054063057.17279 36753976172.220924 39728535829.399124 42117701651.311905 44893291617.58167 46202458545.96649 47663745844.35428 
7140927842.44295 5033178541.14479 2070915726.10998 0 1987645449.30681 2850045475.75394 5921357917.37918 8452999586.10673 10036876291.117561 12106130190.842192 14804956241.698391 17738917307.12703 20389459956.399487 23957097039.440235 24896680581.053875 28421112474.427494 30635016526.67079 32750985900.897675 32983147331.062817 34683060446.11095 37657620103.28915 40046785925.20193 42822375891.471695 44131542819.856514 45592830118.2443 
9128573291.74976 7020823990.4516 4058561175.41679 1987645449.30681 0 862400026.4471301 3933712468.0723705 6465354136.799921 8049230841.810751 10118484741.535381 12817310792.391582 15751271857.820223 18401814507.09268 21969451590.13343 22909035131.74707 26433467025.12069 28647371077.363987 30763340451.59087 30995501881.756012 32695414996.804142 35669974653.98234 38059140475.89512 40834730442.16489 42143897370.549706 43605184668.93749 
9990973318.19689 7883224016.89873 4920961201.86392 2850045475.75394 862400026.4471301 0 3071312441.6252403 5602954110.35279 7186830815.36362 9256084715.08825 11954910765.94445 14888871831.37309 17539414480.64555 21107051563.6863 22046635105.29994 25571066998.673557 27784971050.916855 29900940425.143738 30133101855.30888 31833014970.35701 34807574627.53521 37196740449.44799 39972330415.71776 41281497344.10258 42742784642.490364 
13062285759.822128 10954536458.52397 7992273643.489161 5921357917.379181 3933712468.0723705 3071312441.6252403 0 2531641668.72755 4115518373.73838 6184772273.46301 8883598324.31921 11817559389.74785 14468102039.020311 18035739122.06106 18975322663.6747 22499754557.04832 24713658609.29162 26829627983.5185 27061789413.683643 28761702528.731773 31736262185.909973 34125428007.822754 36901017974.09252 38210184902.47734 39671472200.86513 
15593927428.549679 13486178127.25152 10523915312.216711 8452999586.1067295 6465354136.799919 5602954110.35279 2531641668.72755 0 1583876705.0108302 3653130604.7354603 6351956655.5916605 9285917721.0203 11936460370.29276 15504097453.333511 16443680994.947151 19968112888.32077 22182016940.564068 24297986314.79095 24530147744.956093 26230060860.004223 29204620517.182423 31593786339.095203 34369376305.364975 35678543233.749794 37139830532.13758 
17177804133.560509 15070054832.26235 12107792017.227541 10036876291.11756 8049230841.810749 7186830815.36362 4115518373.73838 1583876705.0108302 0 2069253899.7246299 4768079950.58083 7702041016.00947 10352583665.28193 13920220748.322681 14859804289.936321 18384236183.30994 20598140235.553238 22714109609.78012 22946271039.945263 24646184154.993393 27620743812.171593 30009909634.084373 32785499600.35414 34094666528.73896 35555953827.12675 
19247058033.285145 17139308731.986982 14177045916.952173 12106130190.842192 10118484741.535381 9256084715.088251 6184772273.463011 3653130604.7354603 2069253899.7246299 0 2698826050.8562 5632787116.284841 8283329765.557301 11850966848.598051 12790550390.21169 16314982283.585312 18528886335.82861 20644855710.055492 20877017140.220634 22576930255.268764 25551489912.446964 27940655734.359745 30716245700.629513 32025412629.01433 33486699927.402122 
21945884084.141342 19838134782.84318 16875871967.808372 14804956241.698391 12817310792.39158 11954910765.94445 8883598324.31921 6351956655.5916605 4768079950.580831 2698826050.8562 0 2933961065.42864 5584503714.7011 9152140797.74185 10091724339.35549 13616156232.72911 15830060284.972412 17946029659.19929 18178191089.364433 19878104204.412563 22852663861.590763 25241829683.503544 28017419649.77331 29326586578.15813 30787873876.54592 
24879845149.56998 22772095848.27182 19809833033.23701 17738917307.12703 15751271857.820219 14888871831.373089 11817559389.74785 9285917721.0203 7702041016.00947 5632787116.28484 2933961065.42864 0 2650542649.27246 6218179732.31321 7157763273.926849 10682195167.30047 12896099219.543772 15012068593.77065 15244230023.935791 16944143138.983921 19918702796.16212 22307868618.0749 25083458584.34467 26392625512.72949 27853912811.11728 
27530387798.84244 25422638497.54428 22460375682.50947 20389459956.39949 18401814507.09268 17539414480.64555 14468102039.020311 11936460370.29276 10352583665.28193 8283329765.557301 5584503714.7011 2650542649.27246 0 3567637083.04075 4507220624.65439 8031652518.02801 10245556570.27131 12361525944.49819 12593687374.66333 14293600489.71146 17268160146.88966 19657325968.80244 22432915935.07221 23742082863.457027 25203370161.84482 
31098024881.88319 28990275580.58503 26028012765.55022 23957097039.44024 21969451590.13343 21107051563.6863 18035739122.061058 15504097453.33351 13920220748.32268 11850966848.59805 9152140797.74185 6218179732.31321 3567637083.04075 0 939583541.6136401 4464015434.98726 6677919487.230559 8793888861.45744 9026050291.62258 10725963406.67071 13700523063.84891 16089688885.761688 18865278852.03146 20174445780.41628 21635733078.80407 
32037608423.49683 29929859122.19867 26967596307.16386 24896680581.05388 22909035131.74707 22046635105.29994 18975322663.674698 16443680994.94715 14859804289.93632 12790550390.211689 10091724339.35549 7157763273.92685 4507220624.65439 939583541.6136401 0 3524431893.37362 5738335945.6169195 7854305319.8438 8086466750.00894 9786379865.05707 12760939522.23527 15150105344.148048 17925695310.41782 19234862238.80264 20696149537.19043 
35562040316.87045 33454291015.57229 30492028200.53748 28421112474.427498 26433467025.12069 25571066998.673557 22499754557.048317 19968112888.32077 18384236183.30994 16314982283.585312 13616156232.72911 10682195167.30047 8031652518.028009 4464015434.98726 3524431893.37362 0 2213904052.2433 4329873426.4701805 4562034856.635321 6261947971.683451 9236507628.86165 11625673450.77443 14401263417.0442 15710430345.429022 17171717643.816813 
37775944369.113754 35668195067.81559 32705932252.780777 30635016526.670795 28647371077.363987 27784971050.916855 24713658609.291615 22182016940.564068 20598140235.553238 18528886335.82861 15830060284.97241 12896099219.54377 10245556570.271309 6677919487.230559 5738335945.6169195 2213904052.2433 0 2115969374.22688 2348130804.3920197 4048043919.4401503 7022603576.618351 9411769398.53113 12187359364.800901 13496526293.185722 14957813591.573513 
39891913743.34064 37784164442.04247 34821901627.00766 32750985900.89768 30763340451.59087 29900940425.143738 26829627983.518497 24297986314.79095 22714109609.78012 20644855710.055492 17946029659.19929 15012068593.770653 12361525944.498192 8793888861.457441 7854305319.843801 4329873426.4701805 2115969374.22688 0 232161430.16514 1932074545.21327 4906634202.39147 7295800024.30425 10071389990.57402 11380556918.958841 12841844217.346632 
40124075173.505775 38016325872.20761 35054063057.1728 32983147331.06282 30995501881.756012 30133101855.30888 27061789413.68364 24530147744.956093 22946271039.945263 20877017140.220634 18178191089.364433 15244230023.935793 12593687374.663332 9026050291.622581 8086466750.008941 4562034856.635321 2348130804.39202 232161430.16514 0 1699913115.04813 4674472772.22633 7063638594.13911 9839228560.40888 11148395488.793701 12609682787.181492 
41823988288.5539 39716238987.25574 36753976172.220924 34683060446.11095 32695414996.80414 31833014970.357006 28761702528.731766 26230060860.00422 24646184154.99339 22576930255.26876 19878104204.41256 16944143138.983923 14293600489.711462 10725963406.670712 9786379865.057072 6261947971.683451 4048043919.4401503 1932074545.21327 1699913115.04813 0 2974559657.1782 5363725479.09098 8139315445.360749 9448482373.74557 10909769672.13336 
44798547945.7321 42690798644.43394 39728535829.399124 37657620103.28915 35669974653.98233 34807574627.5352 31736262185.90996 29204620517.182415 27620743812.171585 25551489912.446957 22852663861.590755 19918702796.162117 17268160146.88966 13700523063.848911 12760939522.235271 9236507628.86165 7022603576.61835 4906634202.39147 4674472772.22633 2974559657.1782 0 2389165821.91278 5164755788.182549 6473922716.567369 7935210014.955159 
47187713767.64488 45079964466.34672 42117701651.311905 40046785925.20193 38059140475.89511 37196740449.44798 34125428007.822742 31593786339.095196 30009909634.084366 27940655734.359737 25241829683.503536 22307868618.074898 19657325968.80244 16089688885.761692 15150105344.148052 11625673450.774431 9411769398.53113 7295800024.30425 7063638594.13911 5363725479.09098 2389165821.91278 0 2775589966.26977 4084756894.65459 5546044193.04238 
49963303733.91465 47855554432.616486 44893291617.58167 42822375891.471695 40834730442.16488 39972330415.71775 36901017974.092514 34369376305.36497 32785499600.354137 30716245700.62951 28017419649.773308 25083458584.34467 22432915935.072212 18865278852.031464 17925695310.417824 14401263417.044203 12187359364.800901 10071389990.574022 9839228560.408882 8139315445.360751 5164755788.18255 2775589966.26977 0 1309166928.38482 2770454226.7726097 
51272470662.29947 49164721361.001305 46202458545.96649 44131542819.856514 42143897370.5497 41281497344.10257 38210184902.47733 35678543233.74979 34094666528.738953 32025412629.014324 29326586578.158123 26392625512.729485 23742082863.457027 20174445780.41628 19234862238.80264 15710430345.42902 13496526293.185719 11380556918.95884 11148395488.7937 9448482373.74557 6473922716.567369 4084756894.6545897 1309166928.38482 0 1461287298.38779 
52733757960.687256 50626008659.38909 47663745844.35428 45592830118.2443 43605184668.937485 42742784642.49036 39671472200.86512 37139830532.13757 35555953827.12675 33486699927.402115 30787873876.545914 27853912811.117275 25203370161.84482 21635733078.80407 20696149537.19043 17171717643.81681 14957813591.57351 12841844217.34663 12609682787.18149 10909769672.13336 7935210014.95516 5546044193.042379 2770454226.7726097 1461287298.38779 0 
