55
Kiruna Harahan Chicopee Bam Jambi Koboko Plainfield Kerma Trang Toktogul Totness Pleasantville Cochrane San Rumuruti Carnikava Zadar Kirovohrad Pasadena Pakalongan Multan Cooma Plast Aizawl Joliet Kelang Esmeraldas Skiatook Ihosy Yevlax Littlestown Morondava Tabriz Eydhafushi Zicheng Scottsdale Devine Nguigmi Kitamilo Piran Burylbaytal Kasaali Martin Crawfordsville Winona Quime Samux Barabinsk Lodja Bonao Barddhaman Hengshui Madrid Shamva Milton
0 2029302.0 3259896.0 2245934.0 3702830.0 2908473.0 2242314.0 3401451.0 2438336.0 3671936.0 3475565.0 2826893.0 2240429.0 3052064.0 2780546.0 3296984.0 2279903.0 2551027.0 3323775.0 3564162.0 3319490.0 2326359.0 3071291.0 2452477.0 3188911.0 3343946.0 2708184.0 2498808.0 3222742.0 2033906.0 2471498.0 2666338.0 2439118.0 3806363.0 3556912.0 3163577.0 2976518.0 2871222.0 2974946.0 3715193.0 3781769.0 2652394.0 3145638.0 2702804.0 3074651.0 3091982.0 3986240.0 2128611.0 2594081.0 2646080.0 2363723.0 2348366.0 2111240.0 2889647.0 2016501.0 
2029302.0 0 2048932.0 3901240.0 3408087.0 2803225.0 2815889.0 3926707.0 3554448.0 2060922.0 2214274.0 2546172.0 3355580.0 3952574.0 3072117.0 3220810.0 3327945.0 3104089.0 3388933.0 2085532.0 2898022.0 3294517.0 3364503.0 3795640.0 2143800.0 3628285.0 3934398.0 3981771.0 2846961.0 3686223.0 3508793.0 2494230.0 2370538.0 3726567.0 3666099.0 2904407.0 3022035.0 3061499.0 3664353.0 3391072.0 3622141.0 3781787.0 2223871.0 2202107.0 3701552.0 2355247.0 3566823.0 3628938.0 3433718.0 3628599.0 3974440.0 2258982.0 3145756.0 2705358.0 2988044.0 
3259896.0 2048932.0 0 2852489.0 3850127.0 2176250.0 3284366.0 2474812.0 2964869.0 3044874.0 3853565.0 3202544.0 2595938.0 3171561.0 3464039.0 2245720.0 2742705.0 3335585.0 3464378.0 3614615.0 2182113.0 3981793.0 3945907.0 3421871.0 2679059.0 2641420.0 3788172.0 2538270.0 3665065.0 2521756.0 3267422.0 3288195.0 2056031.0 2575828.0 2411843.0 2073916.0 3009708.0 3241257.0 2322653.0 2737917.0 3825271.0 2473732.0 3723484.0 3169796.0 2693860.0 3106787.0 3204777.0 2222335.0 2180945.0 2623599.0 3041373.0 2892119.0 2212581.0 2475916.0 3707602.0 
2245934.0 3901240.0 2852489.0 0 2554463.0 3880028.0 2589391.0 2408183.0 2351492.0 3397451.0 2281899.0 3800891.0 3695390.0 3689675.0 2305059.0 2433719.0 3606668.0 3895714.0 2409503.0 3588561.0 2896525.0 3391425.0 3027107.0 3786244.0 3281144.0 2901645.0 3600870.0 2796483.0 2071399.0 3495562.0 3633811.0 2414544.0 2831499.0 2130019.0 2735053.0 2157349.0 3312848.0 2385909.0 2162148.0 3772020.0 2860320.0 2822991.0 2020784.0 2316955.0 2556118.0 3160338.0 3707781.0 2454992.0 2677404.0 3888069.0 3229338.0 3956238.0 2238055.0 3824263.0 3107636.0 
3702830.0 3408087.0 3850127.0 2554463.0 0 2019148.0 2386757.0 2817096.0 3466136.0 2635652.0 3419986.0 2964242.0 3853286.0 2350640.0 3397017.0 3336233.0 3334142.0 2961811.0 2267307.0 2128532.0 2914394.0 2272928.0 2417074.0 2346710.0 2080416.0 3413950.0 3513263.0 2674566.0 3957777.0 2272994.0 2726193.0 3580904.0 2909935.0 2905594.0 2565738.0 3238616.0 3170909.0 2600344.0 2338525.0 2037529.0 3391507.0 3130113.0 2138736.0 2610628.0 2989147.0 2619214.0 3104672.0 3401932.0 3292334.0 2919784.0 3532798.0 2525885.0 3181484.0 3512270.0 2160332.0 
2908473.0 2803225.0 2176250.0 3880028.0 2019148.0 0 3444140.0 3214181.0 3388527.0 2942014.0 3571084.0 3812328.0 3504446.0 3525318.0 2672585.0 2383478.0 2170863.0 2212371.0 3474890.0 2685668.0 2053468.0 2426295.0 3428660.0 3283962.0 3000432.0 3464591.0 3409819.0 2785374.0 3868481.0 2872844.0 3417778.0 2087973.0 2078976.0 3740636.0 3253631.0 3353791.0 3464472.0 3479855.0 2551798.0 2493138.0 2112953.0 3428372.0 2073370.0 2013869.0 3223409.0 2980305.0 2624802.0 3311377.0 2885777.0 3085891.0 3708742.0 3372195.0 2792507.0 3695640.0 3852508.0 
2242314.0 2815889.0 3284366.0 2589391.0 2386757.0 3444140.0 0 3513727.0 2681370.0 3543633.0 3368890.0 3819664.0 2239048.0 2254648.0 2791442.0 2186743.0 3941941.0 3934600.0 3700249.0 3835715.0 3869626.0 3964578.0 3387129.0 3950301.0 2906520.0 2519800.0 3269431.0 2782792.0 2947477.0 3793484.0 3529240.0 3052359.0 3604915.0 3598419.0 3231890.0 2217229.0 2734381.0 2494711.0 2452614.0 3012244.0 3629011.0 2337619.0 3369302.0 2221446.0 3940222.0 3794552.0 2293719.0 3506233.0 2938107.0 3959681.0 3705959.0 2108467.0 3473787.0 2683352.0 2878391.0 
3401451.0 3926707.0 2474812.0 2408183.0 2817096.0 3214181.0 3513727.0 0 2426533.0 2071962.0 3245168.0 2700515.0 3717079.0 2660655.0 2314099.0 2768107.0 2271544.0 3930003.0 2651179.0 2484207.0 3940021.0 3625095.0 2854868.0 3338170.0 2887390.0 3976685.0 2082080.0 2000542.0 3890954.0 2962117.0 2956762.0 3663440.0 2165202.0 2493267.0 2374604.0 3409198.0 3264934.0 2572308.0 2572475.0 3518994.0 3097648.0 3458468.0 2838187.0 3721986.0 2362800.0 3040578.0 2302050.0 2655245.0 2143586.0 2212870.0 2506284.0 2035218.0 3380893.0 3796925.0 3564652.0 
2438336.0 3554448.0 2964869.0 2351492.0 3466136.0 3388527.0 2681370.0 2426533.0 0 3266627.0 2708937.0 3953703.0 3129723.0 3738119.0 2681874.0 3322524.0 3999249.0 2651658.0 3693972.0 3134339.0 3386861.0 2399359.0 3973799.0 2224568.0 2333425.0 3409473.0 2833652.0 3650355.0 3611416.0 2502668.0 3401011.0 2087952.0 3989565.0 3545338.0 2840146.0 2116990.0 3372048.0 3596126.0 2827690.0 3963581.0 3373048.0 2713567.0 2230529.0 3133282.0 2723417.0 3601930.0 3012707.0 2545111.0 3993800.0 2739586.0 3318699.0 3556624.0 3791165.0 3788542.0 2734632.0 
3671936.0 2060922.0 3044874.0 3397451.0 2635652.0 2942014.0 3543633.0 2071962.0 3266627.0 0 3537102.0 2516756.0 2785355.0 3199273.0 3376544.0 2491592.0 2981614.0 3682616.0 3576852.0 2308654.0 2123440.0 3775240.0 3370381.0 2786854.0 3353027.0 3827372.0 3757099.0 3127398.0 3680577.0 2206295.0 3554684.0 3646933.0 3100576.0 2812627.0 2155290.0 3762013.0 2965112.0 2263389.0 3011008.0 2574923.0 3562361.0 3583835.0 3212219.0 2130402.0 3481582.0 2614217.0 2632345.0 2904325.0 3195252.0 2191466.0 3110582.0 2973224.0 3507617.0 3220850.0 2217889.0 
3475565.0 2214274.0 3853565.0 2281899.0 3419986.0 3571084.0 3368890.0 3245168.0 2708937.0 3537102.0 0 2002479.0 2501718.0 3558110.0 3281955.0 3349892.0 3996277.0 3564957.0 3664538.0 3627865.0 2978150.0 3670316.0 3472244.0 3447659.0 3930223.0 3232305.0 3824620.0 2131651.0 3333619.0 3196355.0 2586126.0 3924220.0 3051473.0 3916153.0 3230870.0 3687289.0 3453706.0 3728898.0 3730910.0 2472942.0 3357779.0 3376002.0 3255872.0 2131438.0 2485717.0 2307579.0 3602988.0 2103343.0 2048224.0 2716846.0 2776844.0 2476658.0 2663382.0 3082684.0 3460829.0 
2826893.0 2546172.0 3202544.0 3800891.0 2964242.0 3812328.0 3819664.0 2700515.0 3953703.0 2516756.0 2002479.0 0 2572225.0 2252375.0 2547212.0 2864158.0 2816085.0 2385964.0 3320933.0 2214690.0 2036368.0 2788336.0 3508635.0 2353810.0 2425034.0 3677446.0 3620566.0 2623885.0 2648629.0 2571536.0 2129658.0 2480938.0 3086689.0 3509480.0 2062097.0 2612367.0 3398363.0 2544544.0 3088316.0 3827522.0 3964089.0 3210836.0 2454790.0 2316641.0 2745317.0 3699833.0 3301522.0 2366352.0 3378783.0 3471385.0 2515004.0 2970667.0 2234991.0 2886186.0 2739079.0 
2240429.0 3355580.0 2595938.0 3695390.0 3853286.0 3504446.0 2239048.0 3717079.0 3129723.0 2785355.0 2501718.0 2572225.0 0 2022469.0 2317189.0 2390781.0 3069968.0 2953322.0 3098581.0 2152150.0 3066226.0 3558604.0 3834038.0 2657481.0 2668823.0 3134541.0 2151857.0 2592373.0 3170114.0 3332035.0 2801677.0 3334922.0 3521224.0 2051797.0 2382836.0 2358455.0 3043007.0 2829820.0 3449782.0 2222540.0 2420235.0 2662055.0 2437802.0 2467296.0 3263660.0 3211701.0 3456169.0 2673544.0 3901749.0 3995558.0 2081617.0 3066378.0 3975433.0 2910927.0 2874731.0 
3052064.0 3952574.0 3171561.0 3689675.0 2350640.0 3525318.0 2254648.0 2660655.0 3738119.0 3199273.0 3558110.0 2252375.0 2022469.0 0 3688641.0 2453314.0 3368668.0 3882936.0 2715848.0 2931113.0 2436453.0 2426258.0 2103692.0 2847244.0 3281745.0 3855551.0 3716329.0 3467125.0 2636771.0 3294309.0 3616953.0 3007070.0 3762248.0 2206971.0 3194799.0 3904614.0 2557312.0 2031868.0 2479428.0 3822134.0 2366379.0 2663872.0 2722351.0 2737542.0 3709285.0 3551371.0 3331699.0 2371278.0 3266628.0 3359678.0 3665830.0 3525758.0 2644203.0 3906419.0 3990221.0 
2780546.0 3072117.0 3464039.0 2305059.0 3397017.0 2672585.0 2791442.0 2314099.0 2681874.0 3376544.0 3281955.0 2547212.0 2317189.0 3688641.0 0 2889880.0 2608745.0 3621887.0 2434245.0 2436240.0 3361342.0 2936467.0 2840105.0 2539414.0 3109666.0 2408980.0 2507366.0 3824984.0 3915288.0 3331706.0 2448867.0 3062179.0 3190946.0 2484889.0 2770696.0 3854409.0 2672525.0 2009910.0 2723025.0 3944419.0 3760926.0 2686446.0 2393228.0 3195987.0 3524271.0 3434462.0 3703449.0 3662137.0 3759432.0 3754389.0 3877308.0 3196674.0 3298979.0 2165889.0 2920600.0 
3296984.0 3220810.0 2245720.0 2433719.0 3336233.0 2383478.0 2186743.0 2768107.0 3322524.0 2491592.0 3349892.0 2864158.0 2390781.0 2453314.0 2889880.0 0 2786299.0 3100387.0 2347260.0 3910392.0 3473834.0 2807178.0 2962461.0 2603997.0 2362096.0 3756077.0 2705560.0 2909186.0 2687186.0 2988261.0 3720339.0 3653603.0 2147840.0 2943753.0 3873782.0 3964114.0 3448571.0 3801509.0 2187133.0 2760063.0 3872728.0 3098305.0 2908807.0 3408439.0 2303300.0 2220720.0 3850499.0 2096965.0 2229422.0 2078129.0 2933549.0 2668796.0 2240039.0 3009456.0 3514991.0 
2279903.0 3327945.0 2742705.0 3606668.0 3334142.0 2170863.0 3941941.0 2271544.0 3999249.0 2981614.0 3996277.0 2816085.0 3069968.0 3368668.0 2608745.0 2786299.0 0 3839900.0 2697300.0 2534754.0 3829190.0 3258008.0 2211343.0 3721556.0 2063846.0 3816950.0 3146079.0 2569404.0 3942187.0 2981704.0 3397298.0 3387146.0 3436701.0 3809556.0 3987460.0 3469947.0 2780507.0 3272404.0 3963758.0 3605140.0 2956403.0 3763891.0 3033730.0 3084996.0 3779266.0 3897559.0 3382711.0 3584048.0 2317724.0 2876270.0 3099580.0 2079704.0 2582545.0 3080741.0 3866320.0 
2551027.0 3104089.0 3335585.0 3895714.0 2961811.0 2212371.0 3934600.0 3930003.0 2651658.0 3682616.0 3564957.0 2385964.0 2953322.0 3882936.0 3621887.0 3100387.0 3839900.0 0 2061278.0 2773847.0 3679871.0 2616838.0 2657993.0 3606408.0 2593328.0 3595384.0 3219235.0 3066797.0 2504664.0 2165086.0 3656701.0 3026175.0 3402616.0 3131778.0 3606312.0 3344602.0 3834930.0 2590399.0 2318998.0 3095749.0 2078558.0 3250470.0 3160040.0 3047112.0 3793563.0 2168362.0 2312000.0 2163806.0 3401093.0 2843097.0 3164714.0 3223939.0 3656767.0 2451322.0 3158137.0 
3323775.0 3388933.0 3464378.0 2409503.0 2267307.0 3474890.0 3700249.0 2651179.0 3693972.0 3576852.0 3664538.0 3320933.0 3098581.0 2715848.0 2434245.0 2347260.0 2697300.0 2061278.0 0 3359625.0 3175812.0 3330144.0 3884377.0 3654836.0 2042968.0 2730733.0 2154959.0 3023104.0 3087209.0 2944892.0 2397072.0 3796962.0 2312151.0 2927845.0 3002118.0 2516437.0 2524568.0 3019528.0 3820677.0 2748116.0 3653113.0 3629740.0 3642569.0 3739621.0 3413815.0 2385791.0 2861369.0 2923836.0 2912712.0 2086234.0 2882235.0 2834584.0 3669870.0 2007523.0 2137668.0 
3564162.0 2085532.0 3614615.0 3588561.0 2128532.0 2685668.0 3835715.0 2484207.0 3134339.0 2308654.0 3627865.0 2214690.0 2152150.0 2931113.0 2436240.0 3910392.0 2534754.0 2773847.0 3359625.0 0 3332262.0 3447968.0 3065415.0 3756733.0 3506723.0 3749608.0 2692968.0 3665554.0 3158012.0 3971905.0 3025107.0 2121629.0 3539785.0 2328984.0 2131477.0 3242981.0 2652486.0 2479962.0 3031902.0 2112189.0 2570603.0 3454997.0 3838523.0 2990722.0 2818398.0 2186126.0 3726370.0 3189909.0 2970020.0 3629847.0 2927815.0 3607347.0 3008815.0 2940434.0 3619716.0 
3319490.0 2898022.0 2182113.0 2896525.0 2914394.0 2053468.0 3869626.0 3940021.0 3386861.0 2123440.0 2978150.0 2036368.0 3066226.0 2436453.0 3361342.0 3473834.0 3829190.0 3679871.0 3175812.0 3332262.0 0 2740079.0 2725464.0 3825101.0 3667130.0 2495612.0 2988457.0 2464850.0 3205983.0 2343394.0 3524033.0 3369177.0 2477939.0 3576546.0 2977252.0 2472137.0 2764098.0 3220031.0 2442863.0 3064022.0 2197971.0 2165014.0 2187469.0 3382652.0 2102090.0 2154831.0 3366168.0 3261969.0 2617393.0 2136114.0 3621732.0 2664636.0 2935403.0 2698702.0 2249210.0 
2326359.0 3294517.0 3981793.0 3391425.0 2272928.0 2426295.0 3964578.0 3625095.0 2399359.0 3775240.0 3670316.0 2788336.0 3558604.0 2426258.0 2936467.0 2807178.0 3258008.0 2616838.0 3330144.0 3447968.0 2740079.0 0 2015057.0 3396359.0 2979942.0 3963665.0 3478384.0 3208367.0 2602891.0 2791127.0 2814502.0 3611727.0 2328762.0 2508024.0 3382547.0 2181805.0 2202171.0 2267375.0 3002551.0 2501444.0 3127050.0 3564864.0 3394136.0 3248132.0 3095293.0 2184789.0 2315369.0 3322879.0 2326113.0 3186846.0 3090225.0 3796986.0 3063588.0 3357867.0 3469057.0 
3071291.0 3364503.0 3945907.0 3027107.0 2417074.0 3428660.0 3387129.0 2854868.0 3973799.0 3370381.0 3472244.0 3508635.0 3834038.0 2103692.0 2840105.0 2962461.0 2211343.0 2657993.0 3884377.0 3065415.0 2725464.0 2015057.0 0 2109107.0 3986754.0 2288278.0 2488190.0 2989328.0 2394757.0 2491933.0 3608489.0 2611645.0 2785478.0 2255915.0 2964751.0 3700450.0 2920632.0 3539437.0 3041804.0 2330976.0 2801940.0 2104691.0 3110145.0 3096150.0 2059251.0 2152441.0 2197287.0 2566688.0 2821671.0 3457873.0 3571267.0 3680647.0 3674718.0 2035281.0 2081257.0 
2452477.0 3795640.0 3421871.0 3786244.0 2346710.0 3283962.0 3950301.0 3338170.0 2224568.0 2786854.0 3447659.0 2353810.0 2657481.0 2847244.0 2539414.0 2603997.0 3721556.0 3606408.0 3654836.0 3756733.0 3825101.0 3396359.0 2109107.0 0 2818478.0 3191335.0 2783129.0 3606940.0 2768243.0 2733277.0 3090983.0 3791093.0 2884746.0 3294809.0 3850705.0 3348008.0 3319344.0 3904322.0 2499992.0 3264541.0 3525889.0 3087036.0 3721587.0 2909863.0 3537860.0 3668237.0 2641240.0 2376461.0 2726720.0 2138593.0 2179908.0 2726473.0 2979437.0 3494681.0 3874124.0 
3188911.0 2143800.0 2679059.0 3281144.0 2080416.0 3000432.0 2906520.0 2887390.0 2333425.0 3353027.0 3930223.0 2425034.0 2668823.0 3281745.0 3109666.0 2362096.0 2063846.0 2593328.0 2042968.0 3506723.0 3667130.0 2979942.0 3986754.0 2818478.0 0 3860643.0 2680983.0 2684315.0 2833204.0 3287712.0 2947277.0 3809045.0 3972821.0 2483447.0 3238862.0 3815385.0 2491121.0 2648204.0 3626918.0 3586639.0 2549959.0 3245934.0 2403344.0 2430708.0 2276681.0 3114670.0 3731496.0 2040395.0 3565145.0 2518595.0 3903422.0 2875167.0 3959410.0 3516058.0 3614196.0 
3343946.0 3628285.0 2641420.0 2901645.0 3413950.0 3464591.0 2519800.0 3976685.0 3409473.0 3827372.0 3232305.0 3677446.0 3134541.0 3855551.0 2408980.0 3756077.0 3816950.0 3595384.0 2730733.0 3749608.0 2495612.0 3963665.0 2288278.0 3191335.0 3860643.0 0 3469522.0 3952431.0 3866792.0 3800551.0 3942197.0 3886833.0 3243597.0 3723965.0 2775420.0 2340539.0 2833275.0 3743567.0 2921523.0 3960952.0 2523817.0 2796773.0 2989753.0 3268333.0 3294570.0 2737721.0 2971413.0 2180456.0 2113940.0 2469866.0 3245393.0 2534094.0 3722434.0 3938439.0 2349368.0 
2708184.0 3934398.0 3788172.0 3600870.0 3513263.0 3409819.0 3269431.0 2082080.0 2833652.0 3757099.0 3824620.0 3620566.0 2151857.0 3716329.0 2507366.0 2705560.0 3146079.0 3219235.0 2154959.0 2692968.0 2988457.0 3478384.0 2488190.0 2783129.0 2680983.0 3469522.0 0 2618070.0 2297649.0 2790171.0 3696906.0 3983747.0 3257496.0 2082188.0 2934512.0 2872845.0 2204351.0 3677935.0 2168160.0 2574940.0 2308908.0 3732128.0 3515318.0 3670403.0 3316634.0 2486334.0 3473593.0 2583705.0 2799964.0 3916261.0 2391941.0 2738064.0 3685990.0 2589520.0 3967481.0 
2498808.0 3981771.0 2538270.0 2796483.0 2674566.0 2785374.0 2782792.0 2000542.0 3650355.0 3127398.0 2131651.0 2623885.0 2592373.0 3467125.0 3824984.0 2909186.0 2569404.0 3066797.0 3023104.0 3665554.0 2464850.0 3208367.0 2989328.0 3606940.0 2684315.0 3952431.0 2618070.0 0 3525095.0 2778188.0 3798944.0 2889673.0 3307903.0 3814598.0 3576441.0 2545149.0 2953129.0 2678811.0 2499676.0 2074388.0 2485856.0 2247980.0 2600356.0 2164753.0 2922808.0 3143835.0 2568353.0 3202385.0 2273400.0 3013409.0 3896407.0 2783536.0 2092257.0 2618701.0 2281540.0 
3222742.0 2846961.0 3665065.0 2071399.0 3957777.0 3868481.0 2947477.0 3890954.0 3611416.0 3680577.0 3333619.0 2648629.0 3170114.0 2636771.0 3915288.0 2687186.0 3942187.0 2504664.0 3087209.0 3158012.0 3205983.0 2602891.0 2394757.0 2768243.0 2833204.0 3866792.0 2297649.0 3525095.0 0 2569724.0 3748164.0 2676379.0 2113390.0 3533878.0 2923365.0 3836876.0 3235312.0 2874376.0 2746146.0 2985824.0 3325942.0 3517753.0 3362197.0 2279724.0 2338658.0 2200440.0 3707958.0 3460494.0 3077289.0 3426579.0 3661808.0 3425633.0 2654360.0 2150140.0 2063254.0 
2033906.0 3686223.0 2521756.0 3495562.0 2272994.0 2872844.0 3793484.0 2962117.0 2502668.0 2206295.0 3196355.0 2571536.0 3332035.0 3294309.0 3331706.0 2988261.0 2981704.0 2165086.0 2944892.0 3971905.0 2343394.0 2791127.0 2491933.0 2733277.0 3287712.0 3800551.0 2790171.0 2778188.0 2569724.0 0 2011038.0 3942532.0 2041952.0 3117538.0 2209140.0 3352355.0 3885410.0 2792256.0 3983091.0 3445220.0 2454059.0 3689183.0 3340941.0 3386418.0 3602926.0 2811684.0 3822768.0 3479928.0 3796486.0 3083797.0 3501146.0 2644568.0 2373651.0 3101179.0 2409852.0 
2471498.0 3508793.0 3267422.0 3633811.0 2726193.0 3417778.0 3529240.0 2956762.0 3401011.0 3554684.0 2586126.0 2129658.0 2801677.0 3616953.0 2448867.0 3720339.0 3397298.0 3656701.0 2397072.0 3025107.0 3524033.0 2814502.0 3608489.0 3090983.0 2947277.0 3942197.0 3696906.0 3798944.0 3748164.0 2011038.0 0 2050689.0 3206908.0 2555333.0 2383098.0 3137103.0 2050445.0 3019683.0 3456404.0 3730154.0 3096034.0 3231767.0 2701287.0 2473240.0 3579055.0 2744267.0 3520349.0 2808291.0 3117443.0 2412836.0 3985656.0 3757846.0 3404995.0 3075016.0 3146825.0 
2666338.0 2494230.0 3288195.0 2414544.0 3580904.0 2087973.0 3052359.0 3663440.0 2087952.0 3646933.0 3924220.0 2480938.0 3334922.0 3007070.0 3062179.0 3653603.0 3387146.0 3026175.0 3796962.0 2121629.0 3369177.0 3611727.0 2611645.0 3791093.0 3809045.0 3886833.0 3983747.0 2889673.0 2676379.0 3942532.0 2050689.0 0 3561820.0 3809914.0 3747597.0 2341906.0 3094995.0 2553887.0 3690079.0 2643079.0 2314376.0 3324631.0 3330065.0 3407152.0 3858907.0 3811289.0 3455369.0 2702982.0 3338489.0 2438305.0 3246481.0 2950965.0 3994330.0 2964125.0 2266638.0 
2439118.0 2370538.0 2056031.0 2831499.0 2909935.0 2078976.0 3604915.0 2165202.0 3989565.0 3100576.0 3051473.0 3086689.0 3521224.0 3762248.0 3190946.0 2147840.0 3436701.0 3402616.0 2312151.0 3539785.0 2477939.0 2328762.0 2785478.0 2884746.0 3972821.0 3243597.0 3257496.0 3307903.0 2113390.0 2041952.0 3206908.0 3561820.0 0 3886435.0 2939275.0 2558452.0 2129923.0 3167327.0 2902251.0 2535560.0 3738829.0 2470492.0 3409960.0 3865824.0 2693593.0 3985614.0 3595292.0 3109160.0 3427143.0 2547478.0 2593312.0 3318688.0 2784725.0 3462895.0 3531086.0 
3806363.0 3726567.0 2575828.0 2130019.0 2905594.0 3740636.0 3598419.0 2493267.0 3545338.0 2812627.0 3916153.0 3509480.0 2051797.0 2206971.0 2484889.0 2943753.0 3809556.0 3131778.0 2927845.0 2328984.0 3576546.0 2508024.0 2255915.0 3294809.0 2483447.0 3723965.0 2082188.0 3814598.0 3533878.0 3117538.0 2555333.0 3809914.0 3886435.0 0 3018313.0 2952670.0 3612758.0 3765662.0 3206123.0 3198123.0 3239444.0 3558827.0 2657331.0 2270952.0 3627890.0 3598061.0 3464622.0 2851151.0 3715024.0 2446421.0 3539582.0 2646487.0 3424222.0 2815340.0 2529959.0 
3556912.0 3666099.0 2411843.0 2735053.0 2565738.0 3253631.0 3231890.0 2374604.0 2840146.0 2155290.0 3230870.0 2062097.0 2382836.0 3194799.0 2770696.0 3873782.0 3987460.0 3606312.0 3002118.0 2131477.0 2977252.0 3382547.0 2964751.0 3850705.0 3238862.0 2775420.0 2934512.0 3576441.0 2923365.0 2209140.0 2383098.0 3747597.0 2939275.0 3018313.0 0 3140428.0 2807745.0 2947652.0 3926195.0 3527534.0 3832170.0 3080909.0 2344861.0 2495743.0 2790264.0 2564164.0 3754425.0 2800748.0 3898555.0 2771422.0 2875302.0 3198130.0 2611433.0 3876608.0 3346873.0 
3163577.0 2904407.0 2073916.0 2157349.0 3238616.0 3353791.0 2217229.0 3409198.0 2116990.0 3762013.0 3687289.0 2612367.0 2358455.0 3904614.0 3854409.0 3964114.0 3469947.0 3344602.0 2516437.0 3242981.0 2472137.0 2181805.0 3700450.0 3348008.0 3815385.0 2340539.0 2872845.0 2545149.0 3836876.0 3352355.0 3137103.0 2341906.0 2558452.0 2952670.0 3140428.0 0 2664266.0 2000519.0 3031178.0 2006639.0 3478651.0 2958797.0 2411316.0 3377776.0 2955179.0 3233340.0 3314751.0 2215530.0 2714100.0 3302396.0 2228788.0 2594008.0 2289593.0 3480764.0 2196090.0 
2976518.0 3022035.0 3009708.0 3312848.0 3170909.0 3464472.0 2734381.0 3264934.0 3372048.0 2965112.0 3453706.0 3398363.0 3043007.0 2557312.0 2672525.0 3448571.0 2780507.0 3834930.0 2524568.0 2652486.0 2764098.0 2202171.0 2920632.0 3319344.0 2491121.0 2833275.0 2204351.0 2953129.0 3235312.0 3885410.0 2050445.0 3094995.0 2129923.0 3612758.0 2807745.0 2664266.0 0 3472850.0 3669428.0 3735149.0 3351989.0 2909232.0 3138548.0 2525902.0 3367704.0 2321748.0 3114408.0 2951089.0 3742921.0 3128913.0 2106952.0 2266815.0 2253290.0 2500466.0 3444953.0 
2871222.0 3061499.0 3241257.0 2385909.0 2600344.0 3479855.0 2494711.0 2572308.0 3596126.0 2263389.0 3728898.0 2544544.0 2829820.0 2031868.0 2009910.0 3801509.0 3272404.0 2590399.0 3019528.0 2479962.0 3220031.0 2267375.0 3539437.0 3904322.0 2648204.0 3743567.0 3677935.0 2678811.0 2874376.0 2792256.0 3019683.0 2553887.0 3167327.0 3765662.0 2947652.0 2000519.0 3472850.0 0 2019600.0 2129298.0 2825044.0 2633587.0 3035164.0 3595031.0 3702482.0 3398400.0 2707528.0 2279857.0 2728864.0 3987963.0 2812503.0 2077195.0 3725071.0 3876947.0 2157472.0 
2974946.0 3664353.0 2322653.0 2162148.0 2338525.0 2551798.0 2452614.0 2572475.0 2827690.0 3011008.0 3730910.0 3088316.0 3449782.0 2479428.0 2723025.0 2187133.0 3963758.0 2318998.0 3820677.0 3031902.0 2442863.0 3002551.0 3041804.0 2499992.0 3626918.0 2921523.0 2168160.0 2499676.0 2746146.0 3983091.0 3456404.0 3690079.0 2902251.0 3206123.0 3926195.0 3031178.0 3669428.0 2019600.0 0 2756350.0 3072336.0 3218155.0 2657514.0 3328698.0 3695900.0 2641304.0 2393350.0 2972440.0 2156400.0 3903470.0 2921598.0 2700489.0 3408531.0 2947140.0 3117871.0 
3715193.0 3391072.0 2737917.0 3772020.0 2037529.0 2493138.0 3012244.0 3518994.0 3963581.0 2574923.0 2472942.0 3827522.0 2222540.0 3822134.0 3944419.0 2760063.0 3605140.0 3095749.0 2748116.0 2112189.0 3064022.0 2501444.0 2330976.0 3264541.0 3586639.0 3960952.0 2574940.0 2074388.0 2985824.0 3445220.0 3730154.0 2643079.0 2535560.0 3198123.0 3527534.0 2006639.0 3735149.0 2129298.0 2756350.0 0 3778088.0 2940802.0 2880507.0 3278109.0 2684766.0 2419993.0 3944371.0 3722940.0 3545822.0 2465164.0 2695190.0 2490027.0 2363281.0 2320836.0 3385075.0 
3781769.0 3622141.0 3825271.0 2860320.0 3391507.0 2112953.0 3629011.0 3097648.0 3373048.0 3562361.0 3357779.0 3964089.0 2420235.0 2366379.0 3760926.0 3872728.0 2956403.0 2078558.0 3653113.0 2570603.0 2197971.0 3127050.0 2801940.0 3525889.0 2549959.0 2523817.0 2308908.0 2485856.0 3325942.0 2454059.0 3096034.0 2314376.0 3738829.0 3239444.0 3832170.0 3478651.0 3351989.0 2825044.0 3072336.0 3778088.0 0 2839899.0 2242473.0 2632756.0 3740594.0 2621571.0 3437809.0 3880736.0 3695786.0 2646868.0 3897000.0 3563181.0 2274809.0 3959867.0 3686202.0 
2652394.0 3781787.0 2473732.0 2822991.0 3130113.0 3428372.0 2337619.0 3458468.0 2713567.0 3583835.0 3376002.0 3210836.0 2662055.0 2663872.0 2686446.0 3098305.0 3763891.0 3250470.0 3629740.0 3454997.0 2165014.0 3564864.0 2104691.0 3087036.0 3245934.0 2796773.0 3732128.0 2247980.0 3517753.0 3689183.0 3231767.0 3324631.0 2470492.0 3558827.0 3080909.0 2958797.0 2909232.0 2633587.0 3218155.0 2940802.0 2839899.0 0 2157447.0 3862327.0 2800902.0 3816247.0 3622336.0 3936929.0 3953917.0 3868264.0 2084151.0 2479495.0 3902663.0 3461121.0 2272932.0 
3145638.0 2223871.0 3723484.0 2020784.0 2138736.0 2073370.0 3369302.0 2838187.0 2230529.0 3212219.0 3255872.0 2454790.0 2437802.0 2722351.0 2393228.0 2908807.0 3033730.0 3160040.0 3642569.0 3838523.0 2187469.0 3394136.0 3110145.0 3721587.0 2403344.0 2989753.0 3515318.0 2600356.0 3362197.0 3340941.0 2701287.0 3330065.0 3409960.0 2657331.0 2344861.0 2411316.0 3138548.0 3035164.0 2657514.0 2880507.0 2242473.0 2157447.0 0 3784766.0 2241582.0 2841069.0 3986601.0 3846729.0 3725764.0 2336596.0 3217928.0 3822770.0 3693982.0 2720856.0 2733564.0 
2702804.0 2202107.0 3169796.0 2316955.0 2610628.0 2013869.0 2221446.0 3721986.0 3133282.0 2130402.0 2131438.0 2316641.0 2467296.0 2737542.0 3195987.0 3408439.0 3084996.0 3047112.0 3739621.0 2990722.0 3382652.0 3248132.0 3096150.0 2909863.0 2430708.0 3268333.0 3670403.0 2164753.0 2279724.0 3386418.0 2473240.0 3407152.0 3865824.0 2270952.0 2495743.0 3377776.0 2525902.0 3595031.0 3328698.0 3278109.0 2632756.0 3862327.0 3784766.0 0 2009175.0 3746156.0 3553067.0 2743995.0 3673984.0 3622011.0 2859660.0 3156538.0 3860233.0 2424610.0 3328342.0 
3074651.0 3701552.0 2693860.0 2556118.0 2989147.0 3223409.0 3940222.0 2362800.0 2723417.0 3481582.0 2485717.0 2745317.0 3263660.0 3709285.0 3524271.0 2303300.0 3779266.0 3793563.0 3413815.0 2818398.0 2102090.0 3095293.0 2059251.0 3537860.0 2276681.0 3294570.0 3316634.0 2922808.0 2338658.0 3602926.0 3579055.0 3858907.0 2693593.0 3627890.0 2790264.0 2955179.0 3367704.0 3702482.0 3695900.0 2684766.0 3740594.0 2800902.0 2241582.0 2009175.0 0 3940136.0 2083629.0 2400506.0 3417519.0 3203366.0 3738442.0 3151531.0 2100414.0 3393832.0 3614928.0 
3091982.0 2355247.0 3106787.0 3160338.0 2619214.0 2980305.0 3794552.0 3040578.0 3601930.0 2614217.0 2307579.0 3699833.0 3211701.0 3551371.0 3434462.0 2220720.0 3897559.0 2168362.0 2385791.0 2186126.0 2154831.0 2184789.0 2152441.0 3668237.0 3114670.0 2737721.0 2486334.0 3143835.0 2200440.0 2811684.0 2744267.0 3811289.0 3985614.0 3598061.0 2564164.0 3233340.0 2321748.0 3398400.0 2641304.0 2419993.0 2621571.0 3816247.0 2841069.0 3746156.0 3940136.0 0 3506953.0 2635156.0 3088784.0 2220465.0 2774160.0 2186922.0 3044511.0 3571768.0 3034125.0 
3986240.0 3566823.0 3204777.0 3707781.0 3104672.0 2624802.0 2293719.0 2302050.0 3012707.0 2632345.0 3602988.0 3301522.0 3456169.0 3331699.0 3703449.0 3850499.0 3382711.0 2312000.0 2861369.0 3726370.0 3366168.0 2315369.0 2197287.0 2641240.0 3731496.0 2971413.0 3473593.0 2568353.0 3707958.0 3822768.0 3520349.0 3455369.0 3595292.0 3464622.0 3754425.0 3314751.0 3114408.0 2707528.0 2393350.0 3944371.0 3437809.0 3622336.0 3986601.0 3553067.0 2083629.0 3506953.0 0 2308893.0 2468189.0 2231887.0 2193679.0 2485219.0 2814772.0 3305354.0 3062755.0 
2128611.0 3628938.0 2222335.0 2454992.0 3401932.0 3311377.0 3506233.0 2655245.0 2545111.0 2904325.0 2103343.0 2366352.0 2673544.0 2371278.0 3662137.0 2096965.0 3584048.0 2163806.0 2923836.0 3189909.0 3261969.0 3322879.0 2566688.0 2376461.0 2040395.0 2180456.0 2583705.0 3202385.0 3460494.0 3479928.0 2808291.0 2702982.0 3109160.0 2851151.0 2800748.0 2215530.0 2951089.0 2279857.0 2972440.0 3722940.0 3880736.0 3936929.0 3846729.0 2743995.0 2400506.0 2635156.0 2308893.0 0 2027631.0 3573943.0 2751524.0 3008944.0 2206651.0 2767837.0 3140723.0 
2594081.0 3433718.0 2180945.0 2677404.0 3292334.0 2885777.0 2938107.0 2143586.0 3993800.0 3195252.0 2048224.0 3378783.0 3901749.0 3266628.0 3759432.0 2229422.0 2317724.0 3401093.0 2912712.0 2970020.0 2617393.0 2326113.0 2821671.0 2726720.0 3565145.0 2113940.0 2799964.0 2273400.0 3077289.0 3796486.0 3117443.0 3338489.0 3427143.0 3715024.0 3898555.0 2714100.0 3742921.0 2728864.0 2156400.0 3545822.0 3695786.0 3953917.0 3725764.0 3673984.0 3417519.0 3088784.0 2468189.0 2027631.0 0 3010637.0 2271251.0 2589713.0 3048242.0 3840210.0 2197654.0 
2646080.0 3628599.0 2623599.0 3888069.0 2919784.0 3085891.0 3959681.0 2212870.0 2739586.0 2191466.0 2716846.0 3471385.0 3995558.0 3359678.0 3754389.0 2078129.0 2876270.0 2843097.0 2086234.0 3629847.0 2136114.0 3186846.0 3457873.0 2138593.0 2518595.0 2469866.0 3916261.0 3013409.0 3426579.0 3083797.0 2412836.0 2438305.0 2547478.0 2446421.0 2771422.0 3302396.0 3128913.0 3987963.0 3903470.0 2465164.0 2646868.0 3868264.0 2336596.0 3622011.0 3203366.0 2220465.0 2231887.0 3573943.0 3010637.0 0 2005796.0 2280025.0 3426840.0 3841850.0 3777579.0 
2363723.0 3974440.0 3041373.0 3229338.0 3532798.0 3708742.0 3705959.0 2506284.0 3318699.0 3110582.0 2776844.0 2515004.0 2081617.0 3665830.0 3877308.0 2933549.0 3099580.0 3164714.0 2882235.0 2927815.0 3621732.0 3090225.0 3571267.0 2179908.0 3903422.0 3245393.0 2391941.0 3896407.0 3661808.0 3501146.0 3985656.0 3246481.0 2593312.0 3539582.0 2875302.0 2228788.0 2106952.0 2812503.0 2921598.0 2695190.0 3897000.0 2084151.0 3217928.0 2859660.0 3738442.0 2774160.0 2193679.0 2751524.0 2271251.0 2005796.0 0 2024471.0 2624507.0 3203866.0 3444658.0 
2348366.0 2258982.0 2892119.0 3956238.0 2525885.0 3372195.0 2108467.0 2035218.0 3556624.0 2973224.0 2476658.0 2970667.0 3066378.0 3525758.0 3196674.0 2668796.0 2079704.0 3223939.0 2834584.0 3607347.0 2664636.0 3796986.0 3680647.0 2726473.0 2875167.0 2534094.0 2738064.0 2783536.0 3425633.0 2644568.0 3757846.0 2950965.0 3318688.0 2646487.0 3198130.0 2594008.0 2266815.0 2077195.0 2700489.0 2490027.0 3563181.0 2479495.0 3822770.0 3156538.0 3151531.0 2186922.0 2485219.0 3008944.0 2589713.0 2280025.0 2024471.0 0 3974962.0 2108845.0 2407698.0 
2111240.0 3145756.0 2212581.0 2238055.0 3181484.0 2792507.0 3473787.0 3380893.0 3791165.0 3507617.0 2663382.0 2234991.0 3975433.0 2644203.0 3298979.0 2240039.0 2582545.0 3656767.0 3669870.0 3008815.0 2935403.0 3063588.0 3674718.0 2979437.0 3959410.0 3722434.0 3685990.0 2092257.0 2654360.0 2373651.0 3404995.0 3994330.0 2784725.0 3424222.0 2611433.0 2289593.0 2253290.0 3725071.0 3408531.0 2363281.0 2274809.0 3902663.0 3693982.0 3860233.0 2100414.0 3044511.0 2814772.0 2206651.0 3048242.0 3426840.0 2624507.0 3974962.0 0 3485888.0 3605667.0 
2889647.0 2705358.0 2475916.0 3824263.0 3512270.0 3695640.0 2683352.0 3796925.0 3788542.0 3220850.0 3082684.0 2886186.0 2910927.0 3906419.0 2165889.0 3009456.0 3080741.0 2451322.0 2007523.0 2940434.0 2698702.0 3357867.0 2035281.0 3494681.0 3516058.0 3938439.0 2589520.0 2618701.0 2150140.0 3101179.0 3075016.0 2964125.0 3462895.0 2815340.0 3876608.0 3480764.0 2500466.0 3876947.0 2947140.0 2320836.0 3959867.0 3461121.0 2720856.0 2424610.0 3393832.0 3571768.0 3305354.0 2767837.0 3840210.0 3841850.0 3203866.0 2108845.0 3485888.0 0 2332452.0 
2016501.0 2988044.0 3707602.0 3107636.0 2160332.0 3852508.0 2878391.0 3564652.0 2734632.0 2217889.0 3460829.0 2739079.0 2874731.0 3990221.0 2920600.0 3514991.0 3866320.0 3158137.0 2137668.0 3619716.0 2249210.0 3469057.0 2081257.0 3874124.0 3614196.0 2349368.0 3967481.0 2281540.0 2063254.0 2409852.0 3146825.0 2266638.0 3531086.0 2529959.0 3346873.0 2196090.0 3444953.0 2157472.0 3117871.0 3385075.0 3686202.0 2272932.0 2733564.0 3328342.0 3614928.0 3034125.0 3062755.0 3140723.0 2197654.0 3777579.0 3444658.0 2407698.0 3605667.0 2332452.0 0 
