28
Tukchi Forteau Polevskoy Sambava Gwadar Bell Polatsk Cumming Triesen Juliaca Maidenhead Scottsdale Kalgoorlie Winters Neryungri Bungoma Aasiaat Baicheng Channahon Derby Scranton Caen Bosilovo Pingtung Daloa Visby Dongola Gastre
0 3855560.0 3545394.0 3928897.0 3399519.0 3033533.0 2537631.0 2100276.0 3569918.0 3442233.0 3771959.0 2029292.0 3965696.0 3171054.0 2076642.0 2301458.0 3863322.0 2747688.0 3117554.0 2557156.0 3074699.0 2219899.0 3961286.0 2860648.0 2918377.0 2974002.0 2887628.0 3770247.0 
3855560.0 0 2047888.0 2017280.0 2513846.0 3233076.0 2065115.0 3221063.0 2297860.0 2692250.0 3835158.0 3533155.0 2112488.0 2279680.0 2804232.0 2920274.0 2016997.0 3018917.0 3242890.0 3847848.0 2615057.0 3477044.0 2449927.0 2696819.0 3145636.0 2835353.0 2778179.0 3472661.0 
3545394.0 2047888.0 0 2356118.0 3761892.0 2610315.0 2115098.0 2110191.0 2146665.0 3113233.0 3654532.0 2755143.0 3189958.0 3926998.0 3378828.0 3625653.0 3765306.0 2937854.0 2519658.0 2831844.0 3831800.0 3322539.0 3269916.0 3177182.0 2358039.0 3311616.0 2953286.0 2530707.0 
3928897.0 2017280.0 2356118.0 0 2757709.0 2285372.0 3504111.0 3397127.0 3946774.0 3608632.0 2356035.0 2056755.0 3901015.0 2445659.0 2091323.0 3104443.0 2531888.0 2189047.0 3439175.0 3378091.0 3896610.0 2893018.0 2099910.0 3062873.0 2834783.0 3724668.0 3252755.0 3087761.0 
3399519.0 2513846.0 3761892.0 2757709.0 0 2046099.0 2047776.0 3109268.0 3983574.0 3086487.0 2486127.0 2618861.0 2374433.0 3880639.0 2522719.0 2140777.0 2622414.0 3173905.0 3243828.0 3212062.0 2504241.0 2403713.0 3785275.0 3434527.0 3743705.0 3267382.0 3423795.0 3760897.0 
3033533.0 3233076.0 2610315.0 2285372.0 2046099.0 0 3191921.0 2549589.0 3018795.0 2289235.0 2196731.0 3975682.0 3991599.0 2423770.0 2680483.0 2853447.0 3655080.0 2756012.0 3997169.0 3784857.0 3369519.0 3851181.0 3428694.0 2030124.0 2414133.0 2164201.0 2519778.0 3130467.0 
2537631.0 2065115.0 2115098.0 3504111.0 2047776.0 3191921.0 0 2027668.0 2193340.0 2570959.0 2066290.0 3794153.0 3670334.0 3192268.0 3459861.0 2986784.0 2176702.0 3431673.0 3408136.0 2556805.0 3111426.0 2166629.0 3184674.0 3673068.0 3823543.0 2114897.0 2754787.0 2480557.0 
2100276.0 3221063.0 2110191.0 3397127.0 3109268.0 2549589.0 2027668.0 0 3156088.0 3181662.0 2597638.0 3189347.0 3079757.0 3346602.0 3301662.0 3223096.0 3065251.0 3309126.0 3373854.0 2381638.0 3018526.0 2225558.0 2398391.0 2245090.0 2553464.0 2387011.0 2538633.0 2436804.0 
3569918.0 2297860.0 2146665.0 3946774.0 3983574.0 3018795.0 2193340.0 3156088.0 0 2025593.0 2791047.0 2929807.0 2769010.0 2339687.0 3165318.0 3852274.0 2398953.0 2870550.0 3888131.0 2232211.0 2419120.0 2080677.0 3495920.0 2086896.0 3668990.0 3020521.0 3725983.0 2050493.0 
3442233.0 2692250.0 3113233.0 3608632.0 3086487.0 2289235.0 2570959.0 3181662.0 2025593.0 0 2604562.0 2009911.0 3379031.0 3057686.0 3923681.0 2299161.0 3410978.0 3476307.0 2539082.0 3556033.0 3946140.0 2772634.0 3541329.0 2806672.0 3906282.0 3564384.0 3820718.0 3603088.0 
3771959.0 3835158.0 3654532.0 2356035.0 2486127.0 2196731.0 2066290.0 2597638.0 2791047.0 2604562.0 0 2965198.0 2583522.0 3771389.0 3075998.0 3731666.0 2711711.0 3162774.0 3082318.0 2229763.0 2958019.0 2756004.0 2104587.0 2631804.0 2800912.0 3688327.0 2284152.0 2675581.0 
2029292.0 3533155.0 2755143.0 2056755.0 2618861.0 3975682.0 3794153.0 3189347.0 2929807.0 2009911.0 2965198.0 0 3007142.0 3624760.0 3500311.0 3522303.0 2301280.0 2993018.0 3088038.0 3646735.0 2683129.0 2211290.0 2557261.0 2629591.0 2673779.0 3926668.0 3907108.0 2365883.0 
3965696.0 2112488.0 3189958.0 3901015.0 2374433.0 3991599.0 3670334.0 3079757.0 2769010.0 3379031.0 2583522.0 3007142.0 0 2002144.0 2702619.0 2737672.0 3211513.0 2255364.0 3387877.0 2916657.0 2631464.0 2671348.0 3819314.0 3992510.0 3914410.0 2515312.0 2344181.0 2895194.0 
3171054.0 2279680.0 3926998.0 2445659.0 3880639.0 2423770.0 3192268.0 3346602.0 2339687.0 3057686.0 3771389.0 3624760.0 2002144.0 0 2730181.0 3383570.0 3912573.0 2608431.0 3889006.0 3097673.0 3889795.0 3709739.0 3404989.0 2832768.0 2749464.0 2459532.0 3855701.0 2981484.0 
2076642.0 2804232.0 3378828.0 2091323.0 2522719.0 2680483.0 3459861.0 3301662.0 3165318.0 3923681.0 3075998.0 3500311.0 2702619.0 2730181.0 0 2017072.0 3686094.0 2166466.0 2743073.0 2749358.0 3930698.0 2632041.0 3338756.0 2247871.0 2115572.0 2515611.0 3837457.0 2744923.0 
2301458.0 2920274.0 3625653.0 3104443.0 2140777.0 2853447.0 2986784.0 3223096.0 3852274.0 2299161.0 3731666.0 3522303.0 2737672.0 3383570.0 2017072.0 0 3715176.0 3405438.0 3529292.0 3922690.0 2633346.0 2207012.0 2296989.0 3641046.0 2889070.0 3990922.0 3986866.0 2130081.0 
3863322.0 2016997.0 3765306.0 2531888.0 2622414.0 3655080.0 2176702.0 3065251.0 2398953.0 3410978.0 2711711.0 2301280.0 3211513.0 3912573.0 3686094.0 3715176.0 0 2286477.0 2808334.0 3177025.0 3679435.0 2877545.0 3596898.0 3338882.0 2538152.0 2866257.0 2781420.0 2482019.0 
2747688.0 3018917.0 2937854.0 2189047.0 3173905.0 2756012.0 3431673.0 3309126.0 2870550.0 3476307.0 3162774.0 2993018.0 2255364.0 2608431.0 2166466.0 3405438.0 2286477.0 0 3272070.0 3937983.0 3062565.0 2533137.0 2118153.0 3600787.0 2680737.0 2543122.0 3512367.0 2606722.0 
3117554.0 3242890.0 2519658.0 3439175.0 3243828.0 3997169.0 3408136.0 3373854.0 3888131.0 2539082.0 3082318.0 3088038.0 3387877.0 3889006.0 2743073.0 3529292.0 2808334.0 3272070.0 0 3891752.0 3371309.0 3965155.0 3468522.0 2716329.0 2167626.0 2780532.0 3124038.0 2956424.0 
2557156.0 3847848.0 2831844.0 3378091.0 3212062.0 3784857.0 2556805.0 2381638.0 2232211.0 3556033.0 2229763.0 3646735.0 2916657.0 3097673.0 2749358.0 3922690.0 3177025.0 3937983.0 3891752.0 0 2125678.0 2387553.0 3168701.0 3741002.0 3496911.0 2106891.0 3485122.0 3041411.0 
3074699.0 2615057.0 3831800.0 3896610.0 2504241.0 3369519.0 3111426.0 3018526.0 2419120.0 3946140.0 2958019.0 2683129.0 2631464.0 3889795.0 3930698.0 2633346.0 3679435.0 3062565.0 3371309.0 2125678.0 0 2024019.0 3997522.0 2999925.0 3435399.0 3600223.0 2209648.0 2540036.0 
2219899.0 3477044.0 3322539.0 2893018.0 2403713.0 3851181.0 2166629.0 2225558.0 2080677.0 2772634.0 2756004.0 2211290.0 2671348.0 3709739.0 2632041.0 2207012.0 2877545.0 2533137.0 3965155.0 2387553.0 2024019.0 0 2087248.0 2597030.0 2833830.0 3850444.0 3250357.0 2876122.0 
3961286.0 2449927.0 3269916.0 2099910.0 3785275.0 3428694.0 3184674.0 2398391.0 3495920.0 3541329.0 2104587.0 2557261.0 3819314.0 3404989.0 3338756.0 2296989.0 3596898.0 2118153.0 3468522.0 3168701.0 3997522.0 2087248.0 0 2210679.0 2835400.0 3938948.0 2907168.0 3971598.0 
2860648.0 2696819.0 3177182.0 3062873.0 3434527.0 2030124.0 3673068.0 2245090.0 2086896.0 2806672.0 2631804.0 2629591.0 3992510.0 2832768.0 2247871.0 3641046.0 3338882.0 3600787.0 2716329.0 3741002.0 2999925.0 2597030.0 2210679.0 0 3383728.0 2502616.0 2146362.0 3452356.0 
2918377.0 3145636.0 2358039.0 2834783.0 3743705.0 2414133.0 3823543.0 2553464.0 3668990.0 3906282.0 2800912.0 2673779.0 3914410.0 2749464.0 2115572.0 2889070.0 2538152.0 2680737.0 2167626.0 3496911.0 3435399.0 2833830.0 2835400.0 3383728.0 0 3446823.0 3910569.0 2442800.0 
2974002.0 2835353.0 3311616.0 3724668.0 3267382.0 2164201.0 2114897.0 2387011.0 3020521.0 3564384.0 3688327.0 3926668.0 2515312.0 2459532.0 2515611.0 3990922.0 2866257.0 2543122.0 2780532.0 2106891.0 3600223.0 3850444.0 3938948.0 2502616.0 3446823.0 0 2042504.0 2281303.0 
2887628.0 2778179.0 2953286.0 3252755.0 3423795.0 2519778.0 2754787.0 2538633.0 3725983.0 3820718.0 2284152.0 3907108.0 2344181.0 3855701.0 3837457.0 3986866.0 2781420.0 3512367.0 3124038.0 3485122.0 2209648.0 3250357.0 2907168.0 2146362.0 3910569.0 2042504.0 0 3791256.0 
3770247.0 3472661.0 2530707.0 3087761.0 3760897.0 3130467.0 2480557.0 2436804.0 2050493.0 3603088.0 2675581.0 2365883.0 2895194.0 2981484.0 2744923.0 2130081.0 2482019.0 2606722.0 2956424.0 3041411.0 2540036.0 2876122.0 3971598.0 3452356.0 2442800.0 2281303.0 3791256.0 0 
