14
qlvnf rvjuv gszur iszqq ofnly onzwv dhjbs nqvqo ccbcf wfduo vanpa etpku ifonh lkplf
0 29.0 21.0 36.0 68.0 74.0 69.0 112.0 80.0 55.0 34.0 25.0 47.0 34.0 
29.0 0 8.0 14.0 39.0 61.0 47.0 85.0 67.0 82.0 57.0 54.0 76.0 48.0 
21.0 8.0 0 22.0 47.0 69.0 50.0 93.0 59.0 76.0 49.0 46.0 68.0 55.0 
36.0 14.0 22.0 0 49.0 64.0 33.0 99.0 81.0 82.0 62.0 61.0 83.0 48.0 
68.0 39.0 47.0 49.0 0 26.0 16.0 50.0 95.0 108.0 85.0 93.0 115.0 87.0 
74.0 61.0 69.0 64.0 26.0 0 42.0 72.0 96.0 98.0 100.0 99.0 121.0 86.0 
69.0 47.0 50.0 33.0 16.0 42.0 0 66.0 81.0 92.0 71.0 94.0 116.0 81.0 
112.0 85.0 93.0 99.0 50.0 72.0 66.0 0 144.0 131.0 135.0 137.0 159.0 124.0 
80.0 67.0 59.0 81.0 95.0 96.0 81.0 144.0 0 48.0 70.0 86.0 108.0 114.0 
55.0 82.0 76.0 82.0 108.0 98.0 92.0 131.0 48.0 0 42.0 80.0 95.0 89.0 
34.0 57.0 49.0 62.0 85.0 100.0 71.0 135.0 70.0 42.0 0 59.0 81.0 60.0 
25.0 54.0 46.0 61.0 93.0 99.0 94.0 137.0 86.0 80.0 59.0 0 22.0 57.0 
47.0 76.0 68.0 83.0 115.0 121.0 116.0 159.0 108.0 95.0 81.0 22.0 0 35.0 
34.0 48.0 55.0 48.0 87.0 86.0 81.0 124.0 114.0 89.0 60.0 57.0 35.0 0 
