31
21 38 16 43 27 32 9 13 24 2 41 5 37 7 18 35 25 20 23 12 17 15 11 3 4 8 31 10 29 6 0
0 1079.0 2089.0 2413.0 2634.0 2773.0 2659.0 2735.0 2395.0 2446.0 2322.0 2764.0 2497.0 1379.0 2420.0 2575.0 2756.0 1461.0 2459.0 2408.0 2803.0 2172.0 2369.0 2470.0 2625.0 2538.0 2424.0 2526.0 2168.0 1082.0 1072.0 
1079.0 0 1010.0 1334.0 2561.0 2456.0 2714.0 1656.0 2767.0 3162.0 2296.0 2404.0 2510.0 1555.0 2311.0 1804.0 2034.0 2540.0 2855.0 1329.0 2706.0 1191.0 1290.0 2288.0 2299.0 2203.0 2560.0 2605.0 1231.0 1594.0 2151.0 
2089.0 1010.0 0 1127.0 2396.0 2065.0 2172.0 1114.0 1757.0 2934.0 2569.0 2632.0 2928.0 2384.0 2436.0 1578.0 2369.0 2706.0 2256.0 2339.0 2291.0 2069.0 2300.0 2267.0 1289.0 2487.0 2081.0 3057.0 1985.0 2442.0 2296.0 
2413.0 1334.0 1127.0 0 1269.0 2259.0 2644.0 2198.0 2781.0 2710.0 2427.0 2771.0 1801.0 2371.0 1309.0 2436.0 2510.0 2770.0 2872.0 2663.0 2615.0 1720.0 2133.0 2167.0 2416.0 2706.0 3002.0 3029.0 2565.0 2416.0 2698.0 
2634.0 2561.0 2396.0 1269.0 0 1807.0 2525.0 2734.0 2644.0 2159.0 1158.0 2203.0 2730.0 2194.0 1903.0 1167.0 2260.0 1840.0 2677.0 1851.0 3052.0 2821.0 2164.0 1787.0 1253.0 2757.0 2473.0 3025.0 1543.0 2629.0 2408.0 
2773.0 2456.0 2065.0 2259.0 1807.0 0 1105.0 2163.0 2721.0 2106.0 2106.0 2516.0 2654.0 2116.0 2755.0 1460.0 2255.0 2247.0 2744.0 3234.0 2817.0 2491.0 2687.0 2420.0 2157.0 2439.0 2495.0 2881.0 2599.0 2170.0 2346.0 
2659.0 2714.0 2172.0 2644.0 2525.0 1105.0 0 1058.0 2489.0 2993.0 2311.0 3070.0 3259.0 3033.0 3466.0 1358.0 2451.0 2998.0 2704.0 3027.0 2750.0 3091.0 3059.0 2423.0 1581.0 2365.0 2306.0 2901.0 2628.0 2288.0 2824.0 
2735.0 1656.0 1114.0 2198.0 2734.0 2163.0 1058.0 0 1431.0 2464.0 2779.0 2768.0 2488.0 2911.0 2702.0 2416.0 3017.0 3080.0 2424.0 2596.0 2565.0 2125.0 2406.0 2265.0 2403.0 3139.0 2743.0 2537.0 2887.0 2551.0 3097.0 
2395.0 2767.0 1757.0 2781.0 2644.0 2721.0 2489.0 1431.0 0 1507.0 2508.0 2687.0 2794.0 1797.0 1472.0 3091.0 2782.0 3540.0 2473.0 2469.0 1134.0 2592.0 2693.0 2557.0 2217.0 2968.0 2374.0 1300.0 2782.0 2499.0 2881.0 
2446.0 3162.0 2934.0 2710.0 2159.0 2106.0 2993.0 2464.0 1507.0 0 1001.0 2260.0 2674.0 2816.0 2614.0 3326.0 2773.0 2192.0 1516.0 2352.0 2641.0 3008.0 2007.0 2129.0 2845.0 2537.0 2497.0 2723.0 2933.0 1847.0 1374.0 
2322.0 2296.0 2569.0 2427.0 1158.0 2106.0 2311.0 2779.0 2508.0 1001.0 0 1259.0 2832.0 3352.0 3061.0 2325.0 2488.0 2980.0 2517.0 2801.0 2880.0 2064.0 1006.0 1128.0 1844.0 2506.0 2605.0 2718.0 2701.0 2461.0 1250.0 
2764.0 2404.0 2632.0 2771.0 2203.0 2516.0 3070.0 2768.0 2687.0 2260.0 1259.0 0 1573.0 2628.0 2510.0 2874.0 1868.0 2995.0 2445.0 1542.0 2623.0 2961.0 2265.0 2387.0 2948.0 2656.0 2533.0 1459.0 2450.0 1682.0 2444.0 
2497.0 2510.0 2928.0 1801.0 2730.0 2654.0 3259.0 2488.0 2794.0 2674.0 2832.0 1573.0 0 1353.0 2469.0 2571.0 1939.0 3498.0 2431.0 2427.0 1660.0 1570.0 2628.0 2522.0 2988.0 2959.0 2376.0 2522.0 2183.0 3044.0 2596.0 
1379.0 1555.0 2384.0 2371.0 2194.0 2116.0 3033.0 2911.0 1797.0 2816.0 3352.0 2628.0 1353.0 0 1116.0 2287.0 2367.0 2367.0 1300.0 2808.0 2422.0 2236.0 2799.0 2238.0 2557.0 2522.0 1615.0 2238.0 2786.0 2461.0 2312.0 
2420.0 2311.0 2436.0 1309.0 1903.0 2755.0 3466.0 2702.0 1472.0 2614.0 3061.0 2510.0 2469.0 1116.0 0 2184.0 2682.0 3142.0 2416.0 2359.0 1306.0 1120.0 2178.0 2582.0 2156.0 2509.0 2731.0 2772.0 3074.0 2533.0 3065.0 
2575.0 1804.0 1578.0 2436.0 1167.0 1460.0 1358.0 2416.0 3091.0 3326.0 2325.0 2874.0 2571.0 2287.0 2184.0 0 1093.0 2926.0 2756.0 2385.0 2904.0 2499.0 2804.0 2399.0 2173.0 2333.0 1946.0 2399.0 2696.0 1610.0 2473.0 
2756.0 2034.0 2369.0 2510.0 2260.0 2255.0 2451.0 3017.0 2782.0 2773.0 2488.0 1868.0 1939.0 2367.0 2682.0 1093.0 0 1833.0 2900.0 2495.0 2967.0 2404.0 2938.0 2294.0 1080.0 2186.0 2300.0 1482.0 1841.0 2692.0 2879.0 
1461.0 2540.0 2706.0 2770.0 1840.0 2247.0 2998.0 3080.0 3540.0 2192.0 2980.0 2995.0 3498.0 2367.0 3142.0 2926.0 1833.0 0 1067.0 1588.0 2460.0 2923.0 2973.0 2768.0 1417.0 2342.0 2398.0 3315.0 3026.0 2175.0 2533.0 
2459.0 2855.0 2256.0 2872.0 2677.0 2744.0 2704.0 2424.0 2473.0 1516.0 2517.0 2445.0 2431.0 1300.0 2416.0 2756.0 2900.0 1067.0 0 1700.0 1393.0 2518.0 2382.0 2353.0 2484.0 2911.0 2915.0 3538.0 3665.0 2677.0 2818.0 
2408.0 1329.0 2339.0 2663.0 1851.0 3234.0 3027.0 2596.0 2469.0 2352.0 2801.0 1542.0 2427.0 2808.0 2359.0 2385.0 2495.0 1588.0 1700.0 0 1607.0 2520.0 2619.0 1972.0 1778.0 2259.0 2750.0 3001.0 2560.0 2673.0 2790.0 
2803.0 2706.0 2291.0 2615.0 3052.0 2817.0 2750.0 2565.0 1134.0 2641.0 2880.0 2623.0 1660.0 2422.0 1306.0 2904.0 2967.0 2460.0 1393.0 1607.0 0 2426.0 2904.0 2751.0 2389.0 2582.0 2638.0 2434.0 2815.0 3120.0 1909.0 
2172.0 1191.0 2069.0 1720.0 2821.0 2491.0 3091.0 2125.0 2592.0 3008.0 2064.0 2961.0 1570.0 2236.0 1120.0 2499.0 2404.0 2923.0 2518.0 2520.0 2426.0 0 1058.0 2491.0 2364.0 1389.0 2110.0 2845.0 2422.0 2785.0 2325.0 
2369.0 1290.0 2300.0 2133.0 2164.0 2687.0 3059.0 2406.0 2693.0 2007.0 1006.0 2265.0 2628.0 2799.0 2178.0 2804.0 2938.0 2973.0 2382.0 2619.0 2904.0 1058.0 0 1438.0 2728.0 2447.0 3168.0 3342.0 2521.0 2844.0 2256.0 
2470.0 2288.0 2267.0 2167.0 1787.0 2420.0 2423.0 2265.0 2557.0 2129.0 1128.0 2387.0 2522.0 2238.0 2582.0 2399.0 2294.0 2768.0 2353.0 1972.0 2751.0 2491.0 1438.0 0 1351.0 2855.0 2352.0 2350.0 2767.0 2721.0 2310.0 
2625.0 2299.0 1289.0 2416.0 1253.0 2157.0 1581.0 2403.0 2217.0 2845.0 1844.0 2948.0 2988.0 2557.0 2156.0 2173.0 1080.0 1417.0 2484.0 1778.0 2389.0 2364.0 2728.0 1351.0 0 1504.0 1220.0 2294.0 2706.0 2654.0 2475.0 
2538.0 2203.0 2487.0 2706.0 2757.0 2439.0 2365.0 3139.0 2968.0 2537.0 2506.0 2656.0 2959.0 2522.0 2509.0 2333.0 2186.0 2342.0 2911.0 2259.0 2582.0 1389.0 2447.0 2855.0 1504.0 0 2260.0 2688.0 2864.0 2315.0 2494.0 
2424.0 2560.0 2081.0 3002.0 2473.0 2495.0 2306.0 2743.0 2374.0 2497.0 2605.0 2533.0 2376.0 1615.0 2731.0 1946.0 2300.0 2398.0 2915.0 2750.0 2638.0 2110.0 3168.0 2352.0 1220.0 2260.0 0 1074.0 2472.0 2480.0 2337.0 
2526.0 2605.0 3057.0 3029.0 3025.0 2881.0 2901.0 2537.0 1300.0 2723.0 2718.0 1459.0 2522.0 2238.0 2772.0 2399.0 1482.0 3315.0 3538.0 3001.0 2434.0 2845.0 3342.0 2350.0 2294.0 2688.0 1074.0 0 1482.0 2568.0 2424.0 
2168.0 1231.0 1985.0 2565.0 1543.0 2599.0 2628.0 2887.0 2782.0 2933.0 2701.0 2450.0 2183.0 2786.0 3074.0 2696.0 1841.0 3026.0 3665.0 2560.0 2815.0 2422.0 2521.0 2767.0 2706.0 2864.0 2472.0 1482.0 0 1086.0 2297.0 
1082.0 1594.0 2442.0 2416.0 2629.0 2170.0 2288.0 2551.0 2499.0 1847.0 2461.0 1682.0 3044.0 2461.0 2533.0 1610.0 2692.0 2175.0 2677.0 2673.0 3120.0 2785.0 2844.0 2721.0 2654.0 2315.0 2480.0 2568.0 1086.0 0 1211.0 
1072.0 2151.0 2296.0 2698.0 2408.0 2346.0 2824.0 3097.0 2881.0 1374.0 1250.0 2444.0 2596.0 2312.0 3065.0 2473.0 2879.0 2533.0 2818.0 2790.0 1909.0 2325.0 2256.0 2310.0 2475.0 2494.0 2337.0 2424.0 2297.0 1211.0 0 
