34
Bjxy Lwkzgtniodd Prteefgv Kslp Fmgwavgppb Vvvqw Yxjvwhefqif Fagweskgci Rxeuijsrpky Nqdl Xkegoqksfou Vlgzfpnbc Cyvexr Mvcjmf Lhsmxzizl Zcefzlovt Nkqzgfasj Mzwrip Xyqun Ibnxkznems Psynz Zgvnjegpj Usfucahrvrj Uqfqb Saglt Vbbopctjfsu Shqm Slhe Myxxw Swqguyhe Qwebscsrirm Pliaph Jnaceez Soda
0 85.88080000000001 96.249 111.51339999999999 131.74020000000002 124.45439999999999 129.3995 127.6119 112.14269999999999 89.54390000000001 83.86869999999999 69.782 61.209599999999995 66.1435 81.1082 58.7394 66.3553 67.4807 119.3435 114.72890000000001 119.4949 89.0469 94.00619999999999 75.1381 71.97569999999999 76.324 108.8122 94.1653 104.9795 104.6087 94.4795 89.0942 78.9716 38.9488 
85.88080000000001 0 36.0715 51.3359 82.6943 124.72730000000001 97.0694 58.990399999999994 91.1259 62.797399999999996 45.363299999999995 92.0279 70.4345 75.5336 87.0461 88.1137 80.4978 90.31819999999999 65.6565 64.7698 51.6588 56.2492 80.0563 90.9518 87.7894 55.0415 47.7699 100.5902 86.2282 74.4323 76.2017 81.587 106.7723 79.40050000000001 
96.249 36.0715 0 15.2644 63.4309 108.3754 73.0005 79.0617 104.3688 73.3072 65.4346 121.7822 92.4033 87.30420000000001 72.007 76.9602 84.5761 116.4735 85.863 78.2471 64.197 77.114 86.38929999999999 69.0775 65.9151 19.925 21.0951 102.67139999999999 96.738 81.6229 88.2864 82.9011 110.5496 99.4718 
111.51339999999999 51.335899999999995 15.2644 0 48.1665 93.11099999999999 88.2649 94.3261 98.28569999999999 88.57159999999999 80.699 113.7346 78.3792 73.2801 57.9829 81.7527 89.3686 131.7379 101.1274 93.5115 79.4614 92.3784 96.138 77.2699 74.1075 35.1894 36.3595 117.9358 112.0024 96.88730000000001 99.95920000000001 96.0393 125.81400000000001 103.4937 
131.74020000000002 82.6943 63.4309 48.1665 0 44.9445 114.5272 96.7347 50.119200000000006 93.4437 109.8746 137.3784 112.09 116.1103 100.81309999999999 122.9947 115.3788 117.5367 119.1334 111.5175 86.3529 69.0279 119.45370000000001 100.58560000000001 97.42320000000001 83.3559 82.464 110.72710000000001 116.87450000000001 99.8338 93.4701 98.8554 111.6128 116.74600000000001 
124.4544 124.7273 108.37539999999998 93.11099999999999 44.9445 0 69.5827 107.6617 95.0637 117.23240000000001 103.8912 124.35500000000002 88.99960000000002 83.90050000000001 68.6033 86.055 93.6709 111.99539999999999 146.63870000000003 139.02280000000002 128.3859 113.16489999999999 74.50919999999999 55.6411 52.4787 116.887 111.69610000000002 65.7826 93.80160000000001 78.05529999999999 48.5256 53.9109 98.7302 114.11410000000001 
129.3995 97.0694 73.0005 88.2649 114.5272 69.5827 0 38.079 84.6945 117.76410000000001 104.4065 131.2566 95.90119999999999 90.8021 91.0172 109.5082 116.846 113.9437 136.0281 128.7393 97.3475 116.5726 97.0467 79.0943 75.9319 53.0755 94.0956 66.3143 94.33330000000001 78.5706 49.0409 54.0001 136.6873 96.6645 
127.61189999999999 58.990399999999994 79.0617 94.3261 96.7347 107.6617 38.079 0 46.6155 89.94 88.3535 135.2446 99.88919999999999 94.7901 86.1544 105.7468 113.36269999999999 128.145 97.9491 105.565 92.9685 115.23949999999999 92.6447 75.3329 72.17049999999999 91.1545 100.1568 58.3716 86.3906 116.64959999999999 87.1199 92.07910000000001 117.37190000000001 88.6631 
112.14269999999999 91.1259 104.36880000000001 98.2857 50.119200000000006 95.06370000000001 84.6945 46.6155 0 43.3245 75.7261 117.75070000000001 82.3953 80.5507 65.2535 89.0233 96.6392 106.04409999999999 138.7557 143.31130000000002 124.71289999999999 72.15209999999999 103.4086 84.54050000000001 81.3781 86.4374 83.2737 94.77430000000001 66.7553 89.0084 107.22980000000001 102.411 100.1202 91.6 
89.5439 62.797399999999996 73.3072 88.57159999999999 93.4437 117.23239999999998 117.76409999999998 89.94 43.3245 0 32.4016 130.4801 95.12469999999999 90.0256 92.9276 105.99340000000001 98.37750000000001 92.3543 95.43119999999999 103.04709999999999 103.64059999999999 100.5019 86.629 92.0918 88.95410000000001 93.23219999999999 52.2121 51.449799999999996 23.4308 60.11880000000001 75.1178 78.6317 119.85849999999999 79.8357 
83.8687 45.363299999999995 65.4346 80.699 109.87459999999999 103.8912 104.4065 88.3535 75.7261 32.4016 0 107.9887 72.63329999999999 67.5342 73.1754 74.96029999999999 67.3444 98.89750000000001 75.679 83.2949 97.022 101.61240000000001 85.8749 75.22200000000001 72.0596 67.8195 84.6137 55.2269 55.83240000000001 29.069 55.3656 58.8795 100.1063 60.0835 
69.782 92.0279 121.7822 113.7346 137.3784 124.355 131.2566 135.24460000000002 117.7507 130.4801 107.98870000000001 0 35.3554 40.4545 55.7517 44.822 52.4379 106.1129 106.68549999999999 100.8115 103.1613 127.6791 93.9068 75.0387 71.8763 101.8572 119.58590000000001 103.0448 115.60770000000001 78.9197 97.25970000000001 93.8081 131.8133 97.1721 
61.209599999999995 70.4345 92.4033 78.3792 112.09 88.9996 95.90119999999999 99.8892 82.3953 95.12469999999999 72.6333 35.3554 0 5.0991 20.3963 44.1661 51.782 90.42009999999999 106.07 98.4541 117.83630000000001 97.2071 58.551399999999994 39.683299999999996 36.5209 91.1018 107.8008 89.5717 80.2523 43.5643 62.372600000000006 58.45269999999999 101.83949999999999 61.8167 
66.1435 75.5336 87.30420000000001 73.2801 116.1103 83.90050000000001 90.8021 94.7901 80.5507 90.0256 67.5342 40.4545 5.0991 0 15.2972 39.067 46.682900000000004 85.321 100.9709 93.355 112.7372 92.108 53.4523 34.5842 31.4218 96.10220000000001 102.70169999999999 88.52850000000001 75.1532 38.465199999999996 57.2735 53.3536 100.83080000000001 60.808 
81.1082 87.0461 72.007 57.9829 100.81309999999999 68.6033 91.0172 86.1544 65.2535 92.9276 73.1754 55.7517 20.3963 15.2972 0 23.7698 31.3857 90.3264 85.6737 78.0578 105.80279999999999 76.8108 38.1551 19.287 16.1246 80.805 93.10210000000001 87.23349999999999 81.64789999999999 53.7624 41.9763 38.0564 85.5336 45.5108 
58.7394 88.11370000000001 76.9602 81.7527 122.9947 86.055 109.5082 105.74680000000001 89.0233 105.99340000000001 74.9603 44.822 44.1661 39.067 23.7698 0 7.6159 66.5566 63.6054 55.98950000000001 83.5285 94.2378 49.282 30.4139 33.5763 57.0352 83.6482 101.7644 82.5626 45.8913 60.8934 55.5081 109.30339999999998 69.28059999999999 
66.3553 80.4978 84.5761 89.3686 115.37880000000001 93.6709 116.846 113.3627 96.6392 98.37750000000001 67.3444 52.4379 51.782000000000004 46.682900000000004 31.3857 7.6159 0 58.9407 55.98950000000001 48.3736 86.62989999999999 101.8537 56.8979 38.0298 41.1922 64.6511 83.3848 102.0372 74.9467 38.2754 67.8051 63.123999999999995 116.91929999999999 76.8965 
67.4807 90.3182 116.47349999999999 131.7379 117.5367 111.99539999999999 113.9437 128.145 106.04409999999999 92.3543 98.89750000000001 106.1129 90.42009999999999 85.321 90.3264 66.5566 58.9407 0 59.9334 60.7455 105.262 112.1202 98.4913 81.1795 78.0171 96.54849999999999 105.7983 96.9425 68.92349999999999 78.2815 82.0111 76.6258 88.578 106.42949999999999 
119.34349999999999 65.6565 85.863 101.1274 119.1334 146.6387 136.0281 97.9491 138.7557 95.43119999999999 75.679 106.68549999999999 106.07 100.9709 85.6737 63.6054 55.98950000000001 59.9334 0 7.6159 71.7886 98.58269999999999 94.4709 94.0193 94.16 83.27969999999999 85.223 130.9059 104.616 94.26490000000001 118.20830000000001 112.82300000000001 119.9547 123.1131 
114.72890000000001 64.7698 78.2471 93.5115 111.5175 139.02280000000002 128.7393 105.565 143.31130000000002 103.04709999999999 83.29489999999998 100.81150000000001 98.45410000000001 93.355 78.0578 55.98950000000001 48.3736 60.7455 7.6159 0 70.9019 97.696 98.681 86.4034 86.54410000000001 75.6638 92.8389 125.01910000000001 97.0001 86.649 110.97200000000001 105.58670000000001 119.068 123.5686 
119.4949 51.6588 64.197 79.4614 86.3529 128.3859 97.3475 92.9685 124.71289999999999 103.64059999999999 97.02199999999999 103.1613 117.8363 112.7372 105.80279999999999 83.5285 86.62989999999999 105.262 71.7886 70.9019 0 59.907799999999995 96.0435 92.8406 89.67819999999999 44.272 51.4285 103.0077 105.8751 74.272 79.8603 85.2456 113.4589 80.54610000000001 
89.0469 56.2492 77.114 92.3784 69.0279 113.1649 116.5726 115.23949999999999 72.1521 100.5019 101.61240000000001 127.6791 97.2071 92.108 76.8108 94.2378 101.85369999999999 112.1202 98.58269999999999 97.696 59.907799999999995 0 56.0804 63.823899999999995 60.6862 97.039 56.0189 112.77250000000001 93.6517 98.7473 84.4507 82.618 119.834 90.3009 
94.00619999999999 80.0563 86.38929999999999 96.138 119.4537 74.50919999999999 97.0467 92.6447 103.4086 86.629 85.8749 93.9068 58.551399999999994 53.452299999999994 38.1551 49.282 56.89789999999999 98.4913 94.4709 98.681 96.0435 56.0804 0 18.8681 22.030499999999996 94.8865 107.4844 88.4591 63.1982 77.9616 48.4319 43.0466 113.7114 83.6659 
75.1381 90.9518 69.0775 77.2699 100.5856 55.6411 79.0943 75.3329 84.54050000000001 92.0918 75.22200000000001 75.0387 39.683299999999996 34.584199999999996 19.287 30.4139 38.0298 81.17949999999999 94.0193 86.4034 92.8406 63.823899999999995 18.8681 0 3.1624 76.0184 90.1726 71.3505 68.661 60.0092 30.4795 25.0942 94.8433 64.7978 
71.9757 87.7894 65.9151 74.1075 97.42320000000001 52.4787 75.9319 72.1705 81.3781 88.95410000000001 72.0596 71.8763 36.5209 31.4218 16.1246 33.5763 41.1922 78.0171 94.16000000000001 86.54410000000001 89.67819999999999 60.6862 22.030499999999996 3.1624 0 76.0007 87.0102 72.5743 65.5233 56.8468 27.3171 21.9318 91.7056 61.635400000000004 
76.324 55.0415 19.925 35.1894 83.35589999999999 116.887 53.0755 91.1545 86.4374 93.2322 67.8195 101.8572 91.1018 96.10220000000001 80.805 57.0352 64.6511 96.54849999999999 83.27969999999999 75.6638 44.272 97.039 94.8865 76.0184 76.0007 0 41.0201 93.2213 98.3859 61.697900000000004 68.3614 62.9761 90.6246 104.5681 
108.8122 47.7699 21.0951 36.3595 82.464 111.6961 94.09559999999999 100.1568 83.2737 52.2121 84.6137 119.58590000000001 107.80080000000001 102.70170000000002 93.10210000000001 83.6482 83.3848 105.79830000000001 85.223 92.8389 51.4285 56.0189 107.4844 90.1726 87.0102 41.0201 0 81.57629999999999 75.6429 64.2365 75.9714 81.3567 103.49279999999999 81.8216 
94.1653 100.59020000000001 102.67139999999999 117.93579999999999 110.72710000000001 65.7826 66.3143 58.3716 94.7743 51.449799999999996 55.2269 103.04480000000001 89.57169999999999 88.52850000000001 87.23349999999999 101.7644 102.0372 96.9425 130.9059 125.01910000000001 103.0077 112.77250000000001 88.4591 71.3505 72.5743 93.22130000000001 81.57629999999999 0 28.019 64.707 45.2572 50.6425 106.9041 115.3104 
104.9795 86.2282 96.738 112.0024 116.87450000000001 93.80160000000001 94.33330000000001 86.39059999999999 66.7553 23.4308 55.8324 115.6077 80.25229999999999 75.1532 81.6479 82.5626 74.9467 68.92349999999999 104.616 97.0001 105.8751 93.6517 63.1982 68.661 65.5233 98.3859 75.6429 28.019 0 36.688 66.21770000000001 71.60300000000001 124.6711 99.2245 
104.6087 74.4323 81.6229 96.8873 99.8338 78.05529999999999 78.5706 116.64959999999999 89.0084 60.11880000000001 29.069 78.9197 43.564299999999996 38.465199999999996 53.7624 45.8913 38.2754 78.2815 94.2649 86.649 74.272 98.7473 77.9616 60.0092 56.8468 61.697900000000004 64.23649999999999 64.70700000000001 36.688 0 29.5297 34.915 93.1956 89.1525 
94.47949999999999 76.2017 88.2864 99.95920000000001 93.4701 48.5256 49.0409 87.1199 107.22980000000001 75.1178 55.3656 97.25970000000001 62.3726 57.2735 41.9763 60.8934 67.8051 82.0111 118.20830000000001 110.972 79.8603 84.4507 48.4319 30.4795 27.3171 68.3614 75.9714 45.2572 66.21770000000001 29.5297 0 5.3853 111.98349999999999 87.4871 
89.09419999999999 81.587 82.9011 96.0393 98.8554 53.9109 54.0001 92.07910000000001 102.411 78.6317 58.8795 93.8081 58.4527 53.3536 38.0564 55.5081 63.123999999999995 76.6258 112.82300000000001 105.58670000000001 85.2456 82.618 43.0466 25.0942 21.9318 62.9761 81.3567 50.6425 71.60300000000001 34.915 5.3853 0 106.59819999999999 83.5672 
78.9716 106.7723 110.5496 125.814 111.6128 98.7302 136.6873 117.37190000000001 100.1202 119.85849999999999 100.1063 131.8133 101.8395 100.83080000000001 85.5336 109.30340000000001 116.9193 88.578 119.9547 119.068 113.4589 119.834 113.7114 94.8433 91.7056 90.6246 103.49279999999999 106.9041 124.6711 93.1956 111.9835 106.5982 0 40.022800000000004 
38.9488 79.40050000000001 99.4718 103.4937 116.74600000000001 114.11410000000001 96.6645 88.6631 91.6 79.8357 60.0835 97.1721 61.8167 60.80800000000001 45.5108 69.2806 76.8965 106.4295 123.1131 123.5686 80.54610000000001 90.3009 83.66590000000001 64.79780000000001 61.635400000000004 104.5681 81.8216 115.3104 99.2245 89.1525 87.4871 83.5672 40.022800000000004 0 
