16
Xiykasaul Ncyuq Gsbrvvyhxcc Cgcszojbs Plptbkef Naovhz Rjuvckvy Sicichvcten Fpujhjd Hbogcfyxa Obpzvveihj Dacrfmpv Ygykrl Wgigv Rfwigv Soda
0 42.012 85.02369999999999 99.4197 66.7699 43.0633 81.0766 56.2422 86.0767 87.28710000000001 66.57390000000001 94.20410000000001 92.0803 92.2701 87.2125 11.0455 
42.012 0 43.0117 117.47659999999999 108.78190000000001 85.0753 86.1916 98.2542 81.19149999999999 107.29480000000001 108.58590000000001 114.21180000000001 134.09230000000002 134.2821 129.2245 53.057500000000005 
85.02369999999999 43.0117 0 74.4649 107.1147 98.3127 60.2994 81.8313 65.2995 100.81280000000001 131.829 107.72980000000001 126.822 165.6551 148.719 96.0692 
99.4197 117.47659999999999 74.4649 0 32.6498 56.3564 94.3697 107.95429999999999 90.2346 96.7915 65.7753 79.4175 89.49950000000001 100.2029 78.73440000000001 105.8742 
66.7699 108.78190000000001 107.1147 32.6498 0 23.7066 61.7199 75.30449999999999 57.5848 93.1939 63.6397 109.15030000000002 111.92670000000001 100.5511 52.670500000000004 73.2244 
43.0633 85.0753 98.3127 56.3564 23.7066 0 38.0133 51.597899999999996 43.013400000000004 78.5267 61.9296 85.4437 88.2201 76.84450000000001 55.376000000000005 49.5178 
81.0766 86.1916 60.2994 94.3697 61.7199 38.0133 0 27.6587 5.0001 40.513400000000004 71.5296 47.430400000000006 66.5226 105.3557 88.4196 83.77 
56.2422 98.2542 81.8313 107.95429999999999 75.30449999999999 51.597899999999996 27.6587 0 32.6588 68.1721 75.10849999999999 75.0891 94.1813 100.8047 106.9739 67.2877 
86.0767 81.19149999999999 65.2995 90.2346 57.5848 43.013400000000004 5.0001 32.6588 0 35.6091 66.6253 52.4305 61.5225 100.35560000000001 93.4197 83.38810000000001 
87.28710000000001 107.29480000000001 100.81280000000001 96.7915 93.1939 78.5267 40.513400000000004 68.1721 35.6091 0 31.0162 39.902 85.9998 124.8329 108.47349999999999 76.2416 
66.57390000000001 108.58590000000001 131.829 65.7753 63.6397 61.9296 71.5296 75.10849999999999 66.6253 31.0162 0 70.91820000000001 88.2224 98.92580000000001 77.4573 77.61940000000001 
94.20410000000001 114.21180000000001 107.72980000000001 79.4175 109.15030000000002 85.4437 47.430400000000006 75.0891 52.43050000000001 39.902 70.9182 0 46.0978 84.93090000000001 91.09949999999999 83.1586 
92.0803 134.0923 126.822 89.49950000000001 111.92670000000001 88.2201 66.5226 94.1813 61.5225 85.9998 88.2224 46.0978 0 38.8331 77.8566 81.03479999999999 
92.27010000000001 134.2821 165.6551 100.20290000000001 100.55110000000002 76.84450000000001 105.35570000000001 100.8047 100.35560000000001 124.83290000000002 98.92580000000001 84.93090000000001 38.8331 0 66.1901 103.31560000000002 
87.2125 129.2245 148.719 78.73440000000001 52.670500000000004 55.376000000000005 88.4196 106.97389999999999 93.4197 108.4735 77.4573 91.0995 77.8566 66.1901 0 98.25800000000001 
11.0455 53.057500000000005 96.0692 105.8742 73.2244 49.5178 83.77 67.2877 83.38810000000001 76.2416 77.6194 83.1586 81.03479999999999 103.31559999999999 98.258 0 
