10
41 4 49 5 19 37 1 10 7 0
0 1.01 6.09 3.01 3.62 9.23 7.22 7.08 5.11 1.01 
1.01 0 6.01 3.17 4.59 10.01 8.07 8.07 6.09 2.01 
6.09 6.01 0 3.17 5.67 8.01 7.29 10.64 9.23 6.33 
3.01 3.17 3.17 0 3.17 7.63 6.09 8.07 6.41 3.17 
3.62 4.59 5.67 3.17 0 5.67 3.62 5.01 3.62 2.84 
9.23 10.01 8.01 7.63 5.67 0 2.25 7.01 7.29 8.5 
7.22 8.07 7.29 6.09 3.62 2.25 0 5.11 5.11 6.41 
7.08 8.07 10.64 8.07 5.01 7.01 5.11 0 2.01 6.09 
5.11 6.09 9.23 6.41 3.62 7.29 5.11 2.01 0 5.04 
1.01 2.01 6.33 3.17 2.84 8.5 6.41 6.09 5.04 0 
