16
82 30 85 37 36 73 7 90 28 23 87 67 64 40 13 0
0 1.01 3.17 3.62 4.26 4.02 6.09 7.22 9.23 8.95 7.29 5.84 3.01 5.11 5.01 3.62 
1.01 0 3.62 4.26 5.01 5.01 7.08 8.07 10.01 9.86 8.26 6.72 4.02 5.01 5.11 4.26 
3.17 3.62 0 1.01 2.01 4.26 6.41 8.61 10.83 9.91 6.09 4.02 3.62 8.26 8.07 6.09 
3.62 4.26 1.01 0 1.01 3.62 5.67 8.07 10.31 9.23 5.11 3.01 3.17 8.55 8.26 6.01 
4.26 5.01 2.01 1.01 0 3.17 5.01 7.63 9.86 8.61 4.26 2.01 3.01 8.95 8.55 6.09 
4.02 5.01 4.26 3.62 3.17 0 2.25 4.49 6.72 5.67 3.62 3.17 1.01 7.08 6.41 3.62 
6.09 7.08 6.41 5.67 5.01 2.25 0 3.01 5.11 3.62 3.17 5.04 3.17 8.07 7.22 4.59 
7.22 8.07 8.61 8.07 7.63 4.49 3.01 0 2.25 2.01 6.09 7.08 5.01 7.08 6.09 4.14 
9.23 10.01 10.83 10.31 9.86 6.72 5.11 2.25 0 2.25 8.01 9.23 7.22 8.07 7.08 5.84 
8.95 9.86 9.91 9.23 8.61 5.67 3.62 2.01 2.25 0 6.09 7.63 6.41 9.07 8.07 6.09 
7.29 8.26 6.09 5.11 4.26 3.62 3.17 6.09 8.01 6.09 0 2.25 4.63 10.64 9.91 7.08 
5.84 6.72 4.02 3.01 2.01 3.17 5.04 7.08 9.23 7.63 2.25 0 3.62 10.01 9.44 6.72 
3.01 4.02 3.62 3.17 3.01 1.01 3.17 5.01 7.22 6.41 4.63 3.62 0 6.41 5.84 3.17 
5.11 5.01 8.26 8.55 8.95 7.08 8.07 7.08 8.07 9.07 10.64 10.01 6.41 0 1.01 3.62 
5.01 5.11 8.07 8.26 8.55 6.41 7.22 6.09 7.08 8.07 9.91 9.44 5.84 1.01 0 2.84 
3.62 4.26 6.09 6.01 6.09 3.62 4.59 4.14 5.84 6.09 7.08 6.72 3.17 3.62 2.84 0 
