36
a0 b8 e1 a8 j3 d2 d3 b1 h5 h9 j7 b7 b2 d8 h8 h3 j5 c0 d7 b5 f0 c8 c1 f2 b3 g7 f3 a5 j0 c6 g4 k0 c2 g8 a7 d6
0 1.02 2.0700000000000003 1.74 2.51 2.3 2.33 2.3 1.35 2.18 1.89 1.85 1.95 2.24 2.5300000000000002 1.72 2.2199999999999998 1.43 1.58 1.57 2.08 2.31 2.55 2.61 2.45 2.29 2.38 2.13 1.75 2.35 2.63 2.12 1.7 2.6 2.18 1.24 
1.02 0 1.05 1.27 1.58 1.28 1.49 2.44 1.77 1.59 2.44 1.49 2.49 2.46 2.3899999999999997 2.74 2.1500000000000004 2.29 1.45 2.46 1.91 2.41 1.53 1.95 1.89 1.82 1.63 2.3 2.0 2.53 2.46 1.7 2.24 2.62 2.09 2.26 
2.0700000000000003 1.05 0 1.14 2.2199999999999998 2.33 2.43 2.3499999999999996 2.5999999999999996 2.4 1.49 2.1 1.44 1.87 2.46 2.37 1.67 1.94 1.13 2.1399999999999997 2.31 1.36 2.21 1.5 2.4299999999999997 1.54 2.18 1.7 2.41 2.2 2.57 1.26 1.4 2.3 1.26 1.51 
1.74 1.27 1.14 0 1.08 2.13 2.4699999999999998 2.58 2.3899999999999997 1.65 2.29 1.47 2.21 1.68 2.34 2.87 1.23 2.26 2.2699999999999996 2.3499999999999996 2.41 2.5 2.15 2.3 1.29 2.32 1.64 1.19 2.3899999999999997 2.5 2.52 1.88 2.05 2.2199999999999998 2.13 1.69 
2.51 1.58 2.2199999999999998 1.08 0 1.05 2.23 2.23 2.37 1.1 2.1100000000000003 1.61 2.3 1.72 1.59 2.4699999999999998 2.31 1.39 2.4 1.96 2.49 2.6399999999999997 1.58 1.22 1.84 1.98 1.51 2.27 1.7 2.12 2.44 1.13 2.12 1.39 1.05 2.0700000000000003 
2.3 1.28 2.33 2.13 1.05 0 1.18 2.2 2.5300000000000002 2.13 1.38 1.25 2.33 1.63 1.98 2.35 2.22 1.77 1.55 2.38 1.63 2.45 1.12 1.5 1.82 1.87 1.7 1.45 1.72 2.4299999999999997 2.04 2.1799999999999997 1.77 2.44 2.1 2.38 
2.33 1.49 2.43 2.4699999999999998 2.23 1.18 0 1.02 2.17 1.27 1.73 1.6 1.37 2.4000000000000004 2.3899999999999997 2.08 1.71 1.28 2.29 2.44 1.94 2.3600000000000003 1.43 1.71 1.31 1.96 2.6 1.28 2.09 2.09 2.2800000000000002 1.98 2.35 2.24 2.21 2.12 
2.3 2.44 2.3499999999999996 2.58 2.23 2.2 1.02 0 1.15 1.31 2.21 2.23 1.36 2.39 1.5 2.21 1.5 2.3 2.3600000000000003 2.21 1.22 1.35 1.09 1.03 2.0700000000000003 2.54 1.92 2.1 2.4000000000000004 2.05 1.26 2.3600000000000003 1.67 1.22 2.3 1.49 
1.35 1.77 2.5999999999999996 2.3899999999999997 2.37 2.5300000000000002 2.17 1.15 0 1.44 2.2199999999999998 2.67 1.85 1.34 1.57 2.31 1.16 2.19 2.3200000000000003 1.58 1.78 1.32 1.59 2.1799999999999997 1.86 1.51 1.5 2.26 2.5300000000000002 2.33 2.3 1.86 2.39 2.3200000000000003 1.8 2.1799999999999997 
2.18 1.59 2.4 1.65 1.1 2.13 1.27 1.31 1.44 0 1.01 1.38 2.16 1.69 2.14 2.18 2.0700000000000003 1.37 1.81 2.2199999999999998 2.43 2.3499999999999996 1.92 2.2199999999999998 1.95 1.93 2.08 2.1 1.09 2.26 2.1100000000000003 1.17 1.92 1.96 2.1500000000000004 2.05 
1.89 2.44 1.49 2.29 2.1100000000000003 1.38 1.73 2.21 2.2199999999999998 1.01 0 1.06 2.3899999999999997 2.48 2.21 1.74 1.06 1.23 1.26 2.14 2.33 2.34 2.16 2.29 1.48 1.37 2.49 2.1799999999999997 2.1 1.51 1.63 2.1799999999999997 2.2800000000000002 2.21 2.21 2.08 
1.85 1.49 2.1 1.47 1.61 1.25 1.6 2.23 2.67 1.38 1.06 0 1.34 2.37 2.17 2.48 2.12 2.28 2.3200000000000003 1.74 2.49 1.75 1.79 1.61 2.09 1.65 2.24 1.85 1.49 1.93 1.88 2.48 2.76 1.24 1.15 1.15 
1.95 2.49 1.44 2.21 2.3 2.33 1.37 1.36 1.85 2.16 2.3899999999999997 1.34 0 1.03 1.04 1.22 2.26 1.59 2.1799999999999997 2.12 1.15 1.79 2.34 2.33 2.13 2.2 2.27 2.56 2.1799999999999997 2.16 1.13 1.39 2.26 1.01 1.37 1.95 
2.24 2.46 1.87 1.68 1.72 1.63 2.4000000000000004 2.39 1.34 1.69 2.48 2.37 1.03 0 1.54 1.83 2.2199999999999998 1.7 2.14 2.17 2.1799999999999997 2.3200000000000003 2.08 2.14 1.1 2.17 2.32 1.96 1.5 2.3 2.16 1.81 1.86 1.81 1.51 2.55 
2.5300000000000002 2.3899999999999997 2.46 2.34 1.59 1.98 2.3899999999999997 1.5 1.57 2.14 2.21 2.17 1.04 1.54 0 1.28 2.5 1.6 2.17 2.04 1.32 1.68 1.58 2.16 1.21 1.16 1.39 2.1100000000000003 2.42 1.32 2.09 2.4299999999999997 1.61 2.05 2.41 1.73 
1.72 2.74 2.37 2.87 2.4699999999999998 2.35 2.08 2.21 2.31 2.18 1.74 2.48 1.22 1.83 1.28 0 1.66 1.53 2.15 1.14 2.32 1.86 1.8 1.25 2.2199999999999998 2.3899999999999997 2.23 2.21 2.3600000000000003 1.77 1.63 2.25 2.6100000000000003 2.23 2.04 2.06 
2.2199999999999998 2.1500000000000004 1.67 1.23 2.31 2.22 1.71 1.5 1.16 2.0700000000000003 1.06 2.12 2.26 2.2199999999999998 2.5 1.66 0 1.03 2.04 1.85 2.59 2.3499999999999996 1.1 2.1500000000000004 1.49 2.33 2.29 1.27 2.1799999999999997 2.51 1.82 2.19 2.33 1.99 2.18 1.02 
1.43 2.29 1.94 2.26 1.39 1.77 1.28 2.3 2.19 1.37 1.23 2.28 1.59 1.7 1.6 1.53 1.03 0 1.01 1.28 2.4699999999999998 2.4299999999999997 2.13 2.29 1.66 2.38 1.79 1.34 2.29 2.3 2.63 2.46 2.24 2.17 1.18 2.05 
1.58 1.45 1.13 2.2699999999999996 2.4 1.55 2.29 2.3600000000000003 2.3200000000000003 1.81 1.26 2.3200000000000003 2.1799999999999997 2.14 2.17 2.15 2.04 1.01 0 1.01 2.23 2.26 2.4699999999999998 1.33 2.26 2.24 2.34 2.17 1.28 2.35 1.62 1.6 2.23 1.17 2.19 2.31 
1.57 2.46 2.1399999999999997 2.3499999999999996 1.96 2.38 2.44 2.21 1.58 2.2199999999999998 2.14 1.74 2.12 2.17 2.04 1.14 1.85 1.28 1.01 0 1.92 2.19 2.29 1.18 1.25 1.25 2.19 1.16 1.25 2.1100000000000003 1.81 2.08 1.48 1.87 2.0300000000000002 2.5 
2.08 1.91 2.31 2.41 2.49 1.63 1.94 1.22 1.78 2.43 2.33 2.49 1.15 2.1799999999999997 1.32 2.32 2.59 2.4699999999999998 2.23 1.92 0 1.77 2.2800000000000002 2.25 2.5300000000000002 2.45 2.4000000000000004 2.16 2.52 1.87 2.1500000000000004 2.14 1.3 2.16 2.49 2.4000000000000004 
2.31 2.41 1.36 2.5 2.6399999999999997 2.45 2.3600000000000003 1.35 1.32 2.3499999999999996 2.34 1.75 1.79 2.3200000000000003 1.68 1.86 2.3499999999999996 2.4299999999999997 2.26 2.19 1.77 0 1.5 2.26 1.22 1.48 2.7800000000000002 1.96 2.29 2.29 2.14 1.75 2.54 1.99 2.41 1.47 
2.55 1.53 2.21 2.15 1.58 1.12 1.43 1.09 1.59 1.92 2.16 1.79 2.34 2.08 1.58 1.8 1.1 2.13 2.4699999999999998 2.29 2.2800000000000002 1.5 0 1.67 2.4699999999999998 2.19 2.6500000000000004 1.95 2.26 2.16 1.51 2.23 2.63 2.31 2.24 2.12 
2.61 1.95 1.5 2.3 1.22 1.5 1.71 1.03 2.1799999999999997 2.2199999999999998 2.29 1.61 2.33 2.14 2.16 1.25 2.1500000000000004 2.29 1.33 1.18 2.25 2.26 1.67 0 1.04 2.1100000000000003 1.05 2.19 2.25 1.02 1.86 1.33 2.24 1.47 2.09 2.52 
2.45 1.89 2.4299999999999997 1.29 1.84 1.82 1.31 2.0700000000000003 1.86 1.95 1.48 2.09 2.13 1.1 1.21 2.2199999999999998 1.49 1.66 2.26 1.25 2.5300000000000002 1.22 2.4699999999999998 1.04 0 1.07 2.09 2.41 1.24 2.06 1.23 2.37 2.4 2.51 1.83 2.26 
2.29 1.82 1.54 2.32 1.98 1.87 1.96 2.54 1.51 1.93 1.37 1.65 2.2 2.17 1.16 2.3899999999999997 2.33 2.38 2.24 1.25 2.45 1.48 2.19 2.1100000000000003 1.07 0 1.98 2.4 1.85 2.48 2.3 2.44 2.67 2.6 1.52 2.6799999999999997 
2.38 1.63 2.18 1.64 1.51 1.7 2.6 1.92 1.5 2.08 2.49 2.24 2.27 2.32 1.39 2.23 2.29 1.79 2.34 2.19 2.4000000000000004 2.7800000000000002 2.6500000000000004 1.05 2.09 1.98 0 1.32 2.2199999999999998 2.0700000000000003 1.2 1.23 2.3200000000000003 1.26 2.34 2.09 
2.13 2.3 1.7 1.19 2.27 1.45 1.28 2.1 2.26 2.1 2.1799999999999997 1.85 2.56 1.96 2.1100000000000003 2.21 1.27 1.34 2.17 1.16 2.16 1.96 1.95 2.19 2.41 2.4 1.32 0 1.89 1.39 2.14 2.17 1.41 1.75 2.19 1.83 
1.75 2.0 2.41 2.3899999999999997 1.7 1.72 2.09 2.4000000000000004 2.5300000000000002 1.09 2.1 1.49 2.1799999999999997 1.5 2.42 2.3600000000000003 2.1799999999999997 2.29 1.28 1.25 2.52 2.29 2.26 2.25 1.24 1.85 2.2199999999999998 1.89 0 1.36 2.39 1.51 2.2 1.6 2.1399999999999997 2.51 
2.35 2.53 2.2 2.5 2.12 2.4299999999999997 2.09 2.05 2.33 2.26 1.51 1.93 2.16 2.3 1.32 1.77 2.51 2.3 2.35 2.1100000000000003 1.87 2.29 2.16 1.02 2.06 2.48 2.0700000000000003 1.39 1.36 0 1.03 2.33 2.2800000000000002 2.33 1.71 2.43 
2.63 2.46 2.57 2.52 2.44 2.04 2.2800000000000002 1.26 2.3 2.1100000000000003 1.63 1.88 1.13 2.16 2.09 1.63 1.82 2.63 1.62 1.81 2.1500000000000004 2.14 1.51 1.86 1.23 2.3 1.2 2.14 2.39 1.03 0 1.39 1.59 1.47 2.5 2.1500000000000004 
2.12 1.7 1.26 1.88 1.13 2.1799999999999997 1.98 2.3600000000000003 1.86 1.17 2.1799999999999997 2.48 1.39 1.81 2.4299999999999997 2.25 2.19 2.46 1.6 2.08 2.14 1.75 2.23 1.33 2.37 2.44 1.23 2.17 1.51 2.33 1.39 0 1.09 2.3200000000000003 1.86 1.74 
1.7 2.24 1.4 2.05 2.12 1.77 2.35 1.67 2.39 1.92 2.2800000000000002 2.76 2.26 1.86 1.61 2.6100000000000003 2.33 2.24 2.23 1.48 1.3 2.54 2.63 2.24 2.4 2.67 2.3200000000000003 1.41 2.2 2.2800000000000002 1.59 1.09 0 1.59 2.27 2.23 
2.6 2.62 2.3 2.2199999999999998 1.39 2.44 2.24 1.22 2.3200000000000003 1.96 2.21 1.24 1.01 1.81 2.05 2.23 1.99 2.17 1.17 1.87 2.16 1.99 2.31 1.47 2.51 2.6 1.26 1.75 1.6 2.33 1.47 2.3200000000000003 1.59 0 1.08 2.3899999999999997 
2.18 2.09 1.26 2.13 1.05 2.1 2.21 2.3 1.8 2.1500000000000004 2.21 1.15 1.37 1.51 2.41 2.04 2.18 1.18 2.19 2.0300000000000002 2.49 2.41 2.24 2.09 1.83 1.52 2.34 2.19 2.1399999999999997 1.71 2.5 1.86 2.27 1.08 0 1.33 
1.24 2.26 1.51 1.69 2.0700000000000003 2.38 2.12 1.49 2.1799999999999997 2.05 2.08 1.15 1.95 2.55 1.73 2.06 1.02 2.05 2.31 2.5 2.4000000000000004 1.47 2.12 2.52 2.26 2.6799999999999997 2.09 1.83 2.51 2.43 2.1500000000000004 1.74 2.23 2.3899999999999997 1.33 0 
