20
c4 d8 d1 b1 b2 c1 c7 d3 d9 a6 a4 a0 a8 d6 a3 e1 e2 c5 c3 a7
0 1.95 2.75 1.62 2.39 2.7300000000000004 2.27 2.43 1.84 3.04 2.64 1.98 2.88 2.88 2.8200000000000003 2.83 2.37 1.98 2.81 1.84 
1.95 0 1.31 2.44 1.58 2.54 2.54 2.29 2.5999999999999996 2.6 2.76 2.66 2.68 1.8 2.56 2.81 1.5 1.87 1.67 2.96 
2.75 1.31 0 1.13 2.15 2.99 2.77 2.79 3.1 3.0999999999999996 2.15 2.5 1.37 1.74 2.68 2.26 1.45 2.5300000000000002 2.0 2.17 
1.62 2.44 1.13 0 1.02 2.29 2.74 2.33 3.17 1.97 1.02 2.81 2.45 1.72 2.35 1.91 2.58 2.9699999999999998 1.78 1.38 
2.39 1.58 2.15 1.02 0 1.27 2.52 1.95 2.7199999999999998 2.99 1.18 2.76 2.5300000000000002 2.52 1.33 1.5 2.62 2.46 2.58 1.5 
2.7300000000000004 2.54 2.99 2.29 1.27 0 1.88 2.4000000000000004 3.0 2.92 1.59 2.67 1.89 3.07 2.6 2.77 1.54 1.78 2.9699999999999998 2.77 
2.27 2.54 2.77 2.74 2.52 1.88 0 1.17 1.66 2.86 1.72 1.58 2.7 1.52 2.71 2.79 2.27 3.32 2.63 2.76 
2.43 2.29 2.79 2.33 1.95 2.4000000000000004 1.17 0 1.53 2.73 2.3600000000000003 2.4699999999999998 2.55 2.69 2.4000000000000004 2.62 2.7199999999999998 2.65 1.46 2.75 
1.84 2.5999999999999996 3.1 3.17 2.7199999999999998 3.0 1.66 1.53 0 1.2 2.77 2.86 1.73 2.91 1.97 2.8499999999999996 2.37 1.66 2.8499999999999996 1.85 
3.04 2.6 3.0999999999999996 1.97 2.99 2.92 2.86 2.73 1.2 0 2.99 3.37 2.9299999999999997 1.75 2.94 3.4699999999999998 2.8 2.86 3.69 3.05 
2.64 2.76 2.15 1.02 1.18 1.59 1.72 2.3600000000000003 2.77 2.99 0 1.79 2.83 1.65 1.33 1.27 2.62 3.1 2.8 2.2199999999999998 
1.98 2.66 2.5 2.81 2.76 2.67 1.58 2.4699999999999998 2.86 3.37 1.79 0 1.13 2.3099999999999996 2.96 2.7199999999999998 2.88 3.0300000000000002 2.56 2.63 
2.88 2.68 1.37 2.45 2.5300000000000002 1.89 2.7 2.55 1.73 2.9299999999999997 2.83 1.13 0 1.18 2.37 2.4699999999999998 2.8200000000000003 2.91 2.31 2.38 
2.88 1.8 1.74 1.72 2.52 3.07 1.52 2.69 2.91 1.75 1.65 2.3099999999999996 1.18 0 1.19 2.54 3.01 2.96 2.38 2.45 
2.8200000000000003 2.56 2.68 2.35 1.33 2.6 2.71 2.4000000000000004 1.97 2.94 1.33 2.96 2.37 1.19 0 1.49 2.76 1.77 2.6 2.67 
2.83 2.81 2.26 1.91 1.5 2.77 2.79 2.62 2.8499999999999996 3.4699999999999998 1.27 2.7199999999999998 2.4699999999999998 2.54 1.49 0 1.35 2.43 2.1799999999999997 1.58 
2.37 1.5 1.45 2.58 2.62 1.54 2.27 2.7199999999999998 2.37 2.8 2.62 2.88 2.8200000000000003 3.01 2.76 1.35 0 1.08 2.27 2.8200000000000003 
1.98 1.87 2.5300000000000002 2.9699999999999998 2.46 1.78 3.32 2.65 1.66 2.86 3.1 3.0300000000000002 2.91 2.96 1.77 2.43 1.08 0 1.19 2.48 
2.81 1.67 2.0 1.78 2.58 2.9699999999999998 2.63 1.46 2.8499999999999996 3.69 2.8 2.56 2.31 2.38 2.6 2.1799999999999997 2.27 1.19 0 1.29 
1.84 2.96 2.17 1.38 1.5 2.77 2.76 2.75 1.85 3.05 2.2199999999999998 2.63 2.38 2.45 2.67 1.58 2.8200000000000003 2.48 1.29 0 
