35
18 2 12 9 33 32 34 15 38 59 25 22 41 21 44 17 67 36 35 3 43 27 4 10 30 48 26 64 1 37 39 40 16 7 0
0 237276932.159 361422570.38310003 419515742.168 416669612.296 446406079.921 454632623.852 527517074.6129001 465991724.212 536562297.155 442997813.793 582740884.441 444177046.302 868671156.346 855174684.529 552293584.194 633363283.704 674929133.3351 538625980.98 364370012.204 172479930.728 122701139.886 353237611.198 381201764.663 500260117.80200005 596095824.7179999 903221550.344 731655537.441 647155849.702 635356401.579 676682511.406 568248463.76 404125895.352 360828378.46599996 271646948.917 
237276932.159 0 147560723.895 438195200.559 580348723.8124 604398542.438 439290497.935 290240142.45390004 507718578.63400006 505498320.09139997 680274745.952 589308554.163 410601275.85 649059735.859 679273598.652 315016652.035 503113696.00670004 461067286.847 549080891.8197 482343244.22529995 409756862.88699996 359978072.045 590514543.357 486045846.375 370010530.1047 468540189.10600007 809761978.659 638735502.4945 409878917.543 485765391.0968 511661831.1684 460447242.3714 387656613.349 540604361.9955 508923881.076 
361422570.38310003 147560723.895 0 290634476.664 445594975.182 489158452.1364 551363799.338 321481522.693 544092183.55 509777586.8251 759530799.5941 732043446.7590001 558161999.745 796620459.754 825516390.255 462577375.93000007 485800211.495 313506562.952 460435692.01900005 575825459.1341 529668650.444 238721430.4971 469257901.80910003 542211491.0619 517571253.99970007 442125488.6921 769100985.3241 765090255.187 557439641.438 448890130.383 512547882.88399994 335566488.307 240095889.454 650534402.2 565743635.7221 
419515742.168 438195200.559 290634476.664 0 154960498.518 198523975.4724 363632019.9754 536389994.2024 576147801.178 603235809.1470001 710953701.7234 842911579.437 688863545.426 1067694218.724 1116150866.919 695244995.6217 736126537.394 604141039.6159999 461180755.837 483566445.139 559911347.2574 296814602.282 527351073.594 492498825.326 640251117.552 711522224.915 1022417983.279 985810679.437 798927116.2639999 739524607.0469999 803182359.548 626200964.971 530730366.118 564690888.5040001 502209897.429 
416669612.296 580348723.8124 445594975.182 154960498.518 0 43563476.9544 208671521.4574 381429495.6844 421187302.66 448275310.62899995 555993203.2054 712927498.7149999 687876969.505 1133539094.062 1146642049.21 703099103.272 788929732.382 623685333.832 476756204.765 567452114.026 404950848.7394 367268416.9894 591042678.945 341859137.502 655826566.48 762582607.0339999 1089558103.666 953902790.5435 712340380.189 862537658.6863999 778074946.689 601093552.112 436970983.704 409730389.986 347249398.911 
446406079.921 604398542.438 489158452.1364 198523975.4724 43563476.9544 0 165108044.503 337866018.73 429856305.663 491838787.5834 512429726.251 747102507.0500001 663004174.249 1117920657.239 1108396272.9450002 746662580.2263999 832493209.3363999 667248810.7864 520319681.7194 553277453.261 361387371.785 323704940.035 554241411.347 385422614.4564 699390043.4344 797099624.8670001 1092128991.401 960933543.21 755903857.1434001 836360201.728 803871115.359 626889720.782 480534460.6584 453293866.9404 390812875.8654 
454632623.852 439290497.935 551363799.338 363632019.9754 208671521.4574 165108044.503 0 229882276.645 264748261.16 447876060.258 347722436.107 581994462.547 740736521.8593 1009936915.154 1000412530.86 754307149.97 842593627.7839999 786645915.885 685427726.2224 683514573.2713 526495416.288 331931483.966 562467955.278 426995295.21500003 709490461.882 762520570.0480001 1103742359.601 874005371.0474999 757907691.393 844586745.659 928459072.6044999 791997765.285 645197372.841 530267309.98099995 555920920.3684 
527517074.6129 290240142.45390004 321481522.693 536389994.2024 381429495.6844 337866018.73 229882276.645 0 228220650.465 411348449.56299996 577604712.752 441625902.8459 510854245.21430004 780054638.5090001 770530254.215 605256794.4889001 657267568.6187 556763639.24 575310295.5719 453632296.6263 416199997.3299 560202953.1901 582464961.9639001 220729968.3689 556402005.9478999 532638293.403 873860082.956 667740044.2013999 700119059.9969001 770371653.076 757503475.304 656106800.397 558274704.4879 502473703.849 495690810.96 
465991724.212 507718578.63400006 544092183.55 576147801.178 421187302.66 429856305.663 264748261.16 228220650.465 0 183127799.098 432881011.867 551810731.806 661233441.0873 942263528.3399999 998750904.6800001 817569052.8106999 879436483.6559999 707142835.1129999 618055548.583 443799579.807 633678433.51 588692864.098 757505927.278 395770933.68299997 762575174.7409999 726195865.711 974785222.4305 734721840.5875 493159430.233 921746870.313 985724125.769 879658671.8569999 775753140.6680001 712511361.8629999 463847570.805 
536562297.155 505498320.09139997 509777586.8251 603235809.147 448275310.62899995 491838787.58339995 447876060.258 411348449.56299996 183127799.098 0 249753212.769 368682932.708 659453733.075 960699614.783 913897851.544 799242755.8727 851587428.5899999 823284149.7771001 678015494.271 626927378.905 634037645.1170001 582691476.2520001 652330032.793 578898732.781 744248877.803 713147369.712 996239393.783 756176011.94 674251690.553 802496746.2873999 805933945.573 708856550.4319999 606888646.331 802573034.4590001 464465810.508 
442997813.793 680274745.952 759530799.5941 710953701.7234 555993203.2054 512429726.251 347722436.107 577604712.752 432881011.867 249753212.769 0 293537351.877 607674540.1949999 929560952.3711 857854252.42 852606437.474 852640360.531 808907251.1600001 661978122.093 774148533.713 582258452.237 538310744.852 402576820.024 560311377.855 827705570.3740001 762921387.6169999 903954476.756 684950916.711 599106109.722 983205657.125 1055541349.78 956144008.572 845630565.162 803826192.259 706633198.404 
582740884.441 589308554.163 732043446.7590001 842911579.437 712927498.7149999 747102507.0500001 581994462.547 441625902.8459 551810731.806 368682932.708 293537351.877 0 445289208.565 841896286.2249999 913602986.1760999 789449711.897 761315791.541 668645257.988 665689943.488 493369876.393 656011459.995 705442024.327 696114171.901 425145149.806 812145471.327 701518803.632 641815452.104 511039206.85400003 305568757.845 938251965.83 1067111824.948 1008541153.19 945584220.985 939847561.623 776614083.575 
444177046.302 410601275.85 558161999.745 688863545.426 687876969.505 663004174.249 740736521.8593 510854245.21430004 661233441.0873001 659453733.075 607674540.1949999 445289208.565 0 469820917.574 541527617.5251 417418408.661 385684397.002 459103576.187 541693771.72 367437802.944 559327884.4200001 479954566.4861 710491037.7981 593236944.9419999 409095928.543 285258702.81 626480492.3629999 563320264.9916 328989066.714 568589610.738 711125196.377 764419392.7544 798257889.199 805005424.768 715823995.219 
868671156.346 649059735.859 796620459.754 1067694218.724 1133539094.062 1117920657.2389998 1009936915.1539999 780054638.509 942263528.3399999 960699614.783 929560952.3711 841896286.2249999 469820917.574 0 71706699.9511 613174762.792 537906791.504 523728695.25 670657824.317 642023157.396 757251148.27 914160368.4000001 1010495586.5840001 944199429.926 668168640.8617 743614138.4549999 913576982.723 804959138.6796 798809984.288 828435217.03 939847281.0569999 1008357889.8759999 991574384.737 1147924376.366 1090521250.475 
855174684.529 679273598.652 825516390.255 1116150866.919 1146642049.21 1108396272.9450002 1000412530.86 770530254.215 998750904.6800001 913897851.544 857854252.42 913602986.1761 541527617.5251 71706699.9511 0 684881462.7431 609613491.4550999 595435395.2011 742364524.2681 713729857.3471 828957848.2211 943095549.068 1010215300.2639999 991260222.5839 739875340.8128 785653833.689 985283682.6740999 876665838.6307 870516684.2391 868241110.2894 931434061.145 1026740567.769 1009553954.94 1145782019.188 1123403913.77 
552293584.194 315016652.035 462577375.93000007 695244995.6217 703099103.272 746662580.2263999 754307149.97 605256794.4889001 817569052.8106999 799242755.8727 852606437.474 789449711.897 417418408.661 613174762.792 684881462.7431 0 188097043.9717 360390692.51470006 234064239.7847 373769473.0037 565659554.4797001 432552855.9857 663089327.2977 801062498.4100001 54993878.0697 153523537.071 494745326.62399995 595881492.778 689130144.1287 263437337.6854 326672518.265 410317342.28110003 535617612.90900004 613492047.4237 786167975.225 
633363283.704 503113696.00670004 485800211.495 736126537.394 788929732.382 832493209.3364 842593627.784 657267568.6187 879436483.6559999 851587428.5899999 852640360.531 761315791.541 385684397.002 537906791.504 609613491.4550999 188097043.9717 0 172293648.543 312173527.617 451878760.836 572440008.553 510662143.818 741198615.13 810756919.842 133103165.902 341620581.04270005 391821778.458 631885160.301 535370148.686 451534381.6571 514769562.2367 470451098.372 624668090.652 691601335.2559999 865896915.3959999 
674929133.3351 461067286.847 313506562.952 604141039.6159999 623685333.832 667248810.7864001 786645915.885 556763639.24 707142835.1129999 823284149.7771001 808907251.1600001 668645257.988 459103576.187 523728695.25 595435395.2011 360390692.5147 172293648.543 0 146929129.067 321185097.843 513075179.319 552227993.4491 592511576.085 638608379.695 305396814.445 505247902.09 564115427.001 552041364.6275 363076500.143 405859001.8974 465685581.545 629542506.526 553602452.406 773335407.026 708353994.277 
538625980.98 549080891.8197 460435692.01900005 461180755.837 476756204.765 520319681.7194 685427726.2224 575310295.5719 618055548.583 678015494.271 661978122.093 665689943.488 541693771.72 670657824.317 742364524.2681 234064239.7847 312173527.617 146929129.067 0 174255968.776 366146050.252 551383256.5250001 739440705.152 649598045.082 179070361.715 387587776.8557 703995306.075 607139626.687 489616639.901 385781453.9214 401421881.46 534393825.92639995 655718811.242 626406277.959 561424865.21 
364370012.204 482343244.2253 575825459.1341 483566445.139 567452114.026 553277453.261 683514573.2713001 453632296.62630004 443799579.807 626927378.905 774148533.713 493369876.393 367437802.944 642023157.3959999 713729857.3470999 373769473.0037 451878760.836 321185097.843 174255968.776 0 191890081.476 377127287.749 607663759.061 646888446.554 318775594.934 445988503.2713 538851538.14 529534394.03699994 315360671.125 539067415.494 575677850.236 645585410.8740001 481462842.466 505901218.97 551376151.539 
172479930.728 409756862.88699996 529668650.444 559911347.2574 404950848.7394 361387371.785 526495416.288 416199997.3299 633678433.51 634037645.1170001 582258452.237 656011459.995 559327884.4200001 757251148.27 828957848.2211 565659554.4797001 572440008.553 513075179.319 366146050.252 191890081.476 0 295181070.61399996 525717541.926 466727321.149 510665676.41 454937762.398 730741619.6159999 721424475.513 506866465.595 730765060.2693 630676723.975 453695329.398 289572760.99 533308309.194 402314566.968 
122701139.886 359978072.045 238721430.4971 296814602.282 367268416.9894 323704940.035 331931483.966 560202953.1901 588692864.098 582691476.2520001 538310744.852 705442024.327 479954566.4861 914160368.3999999 943095549.068 432552855.9857 510662143.818 552227993.4491 551383256.525 377127287.749 295181070.61399996 0 230536471.312 503902904.549 377558977.916 473394684.832 814616474.385 688996077.155 692487958.8740001 512655261.693 719500018.3194001 552789604.003 388667035.595 483529518.352 394348088.803 
353237611.198 590514543.357 469257901.80910003 527351073.594 591042678.945 554241411.347 562467955.278 582464961.9639 757505927.2780001 652330032.793 402576820.024 696114171.901 710491037.7981 1010495586.5840001 1010215300.2639999 663089327.2977 741198615.13 592511576.085 739440705.1520001 607663759.061 525717541.926 230536471.312 0 361734993.595 608095449.228 703931156.144 772383547.6370001 707600504.1335001 834177220.526 580628837.101 716133275.598 783326075.315 619203506.9070001 714065989.664 607233178.824 
381201764.663 486045846.375 542211491.0619 492498825.326 341859137.502 385422614.4564 426995295.21500003 220729968.3689 395770933.68299997 578898732.7809999 560311377.855 425145149.806 593236944.9419999 944199429.926 991260222.5839 801062498.4100001 810756919.842 638608379.695 649598045.082 646888446.554 466727321.149 503902904.549 361734993.595 0 752207709.869 739449417.201 1010210031.638 770146649.7950001 544814469.293 942363830.696 954276399.705 836417269.411 754080408.409 627721402.314 506551069.814 
500260117.80200005 370010530.1047 517571253.99970007 640251117.552 655826566.48 699390043.4344001 709490461.882 556402005.9478999 762575174.7409999 744248877.803 827705570.3740001 812145471.327 409095928.543 668168640.8617 739875340.8128 54993878.0697 133103165.902 305396814.445 179070361.715 318775594.934 510665676.41 377558977.916 608095449.228 752207709.869 0 208517415.1407 524924944.36 650875370.8477 634136266.059 318431215.7551 381666396.3347 355323464.21140003 491564924.75 558498169.354 732793749.494 
596095824.718 468540189.10600007 442125488.6921 711522224.915 762582607.0339999 797099624.8670001 762520570.048 532638293.403 726195865.711 713147369.712 762921387.617 701518803.632 285258702.81 743614138.4549999 785653833.689 153523537.071 341620581.0427 505247902.09000003 387587776.8557 445988503.27129996 454937762.398 473394684.832 703931156.144 739449417.201 208517415.1407 0 341221789.553 517153414.276 573337619.1753 416960874.75640005 480196055.336 563840879.3521 592071093.79 682168393.057 797858279.572 
903221550.3439999 809761978.6589999 769100985.3241 1022417983.279 1089558103.666 1092128991.401 1103742359.601 873860082.956 974785222.4305 996239393.783 903954476.756 641815452.104 626480492.3629999 913576982.723 985283682.6741 494745326.62399995 391821778.458 564115427.001 703995306.075 538851538.14 730741619.6159999 814616474.385 772383547.6370001 1010210031.638 524924944.36 341221789.553 0 240063381.843 481625792.1975 758182664.3094 821417844.8889999 862272876.8299999 919046590.422 1023390182.61 1087362205.95 
731655537.441 638735502.4945 765090255.187 985810679.437 953902790.5435 960933543.21 874005371.0474999 667740044.2013999 734721840.5875 756176011.94 684950916.711 511039206.85400003 563320264.9915999 804959138.6796 876665838.6307 595881492.778 631885160.301 552041364.6275 607139626.687 529534394.03700006 721424475.513 688996077.155 707600504.1335001 770146649.7950001 650875370.8477 517153414.276 240063381.843 0 241562410.3545 789183877.663 922473625.6029999 939054257.452 940996346.862 1035435613.0070001 993101051.576 
647155849.702 409878917.543 557439641.438 798927116.2639999 712340380.189 755903857.1434 757907691.393 700119059.9969 493159430.233 674251690.553 599106109.722 305568757.845 328989066.714 798809984.288 870516684.2391 689130144.1287 535370148.686 363076500.143 489616639.901 315360671.125 506866465.595 692487958.8740001 834177220.526 544814469.293 634136266.059 573337619.1753 481625792.1975 241562410.3545 0 666416531.398 828762081.6880001 836336402.2304 796439226.585 821261890.095 845314502.693 
635356401.579 485765391.0968 448890130.383 739524607.0469999 862537658.6863999 836360201.728 844586745.659 770371653.076 921746870.313 802496746.2874 983205657.125 938251965.83 568589610.738 828435217.03 868241110.2894 263437337.6854 451534381.6571 405859001.8974 385781453.9214 539067415.494 730765060.2693 512655261.693 580628837.101 942363830.696 318431215.7551 416960874.7564 758182664.3094 789183877.663 666416531.398 0 206844756.6264 383826151.2034 547948719.6114 832724953.722 907003350.496 
676682511.406 511661831.1684 512547882.88399994 803182359.5479999 778074946.689 803871115.359 928459072.6045 757503475.304 985724125.769 805933945.573 1055541349.78 1067111824.948 711125196.377 939847281.057 931434061.145 326672518.265 514769562.2367 465685581.545 401421881.46 575677850.236 630676723.975 719500018.3194001 716133275.598 954276399.705 381666396.3347 480196055.33599997 821417844.8889999 922473625.6029999 828762081.688 206844756.6264 0 176981394.577 341103962.985 746371257.5535 841558313.515 
568248463.76 460447242.3714 335566488.307 626200964.971 601093552.112 626889720.782 791997765.285 656106800.397 879658671.8569999 708856550.4319999 956144008.572 1008541153.19 764419392.7544 1008357889.8759999 1026740567.769 410317342.28110003 470451098.372 629542506.526 534393825.92640007 645585410.8740001 453695329.398 552789604.003 783326075.315 836417269.411 355323464.21140003 563840879.3521 862272876.8299999 939054257.452 836336402.2304 383826151.20339996 176981394.577 0 164122568.408 572702874.6700001 664576918.938 
404125895.352 387656613.349 240095889.454 530730366.118 436970983.704 480534460.6584 645197372.841 558274704.4879 775753140.6680001 606888646.331 845630565.162 945584220.985 798257889.199 991574384.737 1009553954.94 535617612.90900004 624668090.652 553602452.406 655718811.242 481462842.466 289572760.99 388667035.595 619203506.9070001 754080408.409 491564924.75 592071093.79 919046590.422 940996346.862 796439226.585 547948719.6114 341103962.985 164122568.408 0 410438512.746 500454350.53 
360828378.46599996 540604361.9955 650534402.2 564690888.504 409730389.986 453293866.9404 530267309.98099995 502473703.849 712511361.8629999 802573034.459 803826192.259 939847561.623 805005424.7679999 1147924376.366 1145782019.188 613492047.4237 691601335.2559999 773335407.026 626406277.959 505901218.97 533308309.19399995 483529518.352 714065989.664 627721402.314 558498169.354 682168393.057 1023390182.61 1035435613.007 821261890.095 832724953.722 746371257.5534999 572702874.6700001 410438512.746 0 355199448.568 
271646948.917 508923881.076 565743635.7221 502209897.429 347249398.911 390812875.8654 555920920.3684 495690810.96 463847570.805 464465810.508 706633198.404 776614083.575 715823995.219 1090521250.475 1123403913.77 786167975.225 865896915.3959999 708353994.2770001 561424865.21 551376151.539 402314566.968 394348088.803 607233178.824 506551069.814 732793749.494 797858279.572 1087362205.95 993101051.576 845314502.693 907003350.496 841558313.515 664576918.938 500454350.53 355199448.568 0 
