13
0 3 42 4 13 19 34 31 36 8 5 15 41
0 0.06595 0.41661000000000004 0.53199 0.72503 0.69787 0.64448 0.8445400000000001 0.7950999999999999 0.87399 0.68857 0.20798 0.34847 
0.06595 0 0.35066 0.47851 0.65991 0.63275 0.59659 0.78001 0.76063 0.84492 0.6684 0.17332 0.39033 
0.41661000000000004 0.35066 0 0.12785 0.47544 0.46481 0.55299 0.75039 0.87692 1.00521 0.86118 0.45811 0.29618 
0.53199 0.47851 0.12785 0 0.42829 0.45545 0.56209 0.7457 0.91942 1.0587 0.92931 0.53289 0.3663 
0.72503 0.65991 0.47544 0.42829 0 0.02716 0.24747 0.35849 0.63295 0.79259 0.72786 0.58506 0.37692 
0.69787 0.63275 0.46481 0.45545 0.02716 0 0.22412 0.3466 0.6120399999999999 0.77093 0.70301 0.56667 0.36921000000000004 
0.64448 0.59659 0.55299 0.56209 0.24747 0.22412 0 0.20239 0.39063 0.55167 0.48223 0.47569 0.31457 
0.8445400000000001 0.78001 0.75039 0.7457 0.35849 0.3466 0.20239 0 0.33772 0.49401 0.50099 0.63936 0.51696 
0.7950999999999999 0.76063 0.87692 0.91942 0.63295 0.6120399999999999 0.39063 0.33772 0 0.16104 0.19948 0.58999 0.6050099999999999 
0.87399 0.84492 1.00521 1.0587 0.79259 0.77093 0.55167 0.49401 0.16104 0 0.18542 0.6716 0.70927 
0.68857 0.6684 0.86118 0.92931 0.72786 0.70301 0.48223 0.50099 0.19948 0.18542 0 0.49717 0.56689 
0.20798 0.17332 0.45811 0.53289 0.58506 0.56667 0.47569 0.63936 0.58999 0.6716 0.49717 0 0.21701 
0.34847 0.39033 0.29618 0.3663 0.37692 0.36921000000000004 0.31457 0.51696 0.6050099999999999 0.70927 0.56689 0.21701 0 
