26
9 14 24 22 81 54 44 50 60 11 88 49 4 40 18 33 72 5 76 73 20 25 6 67 58 77
0 0.12812 0.42557 0.40677 0.55229 0.45722 0.48760000000000003 0.44012 0.47251 0.41093 0.39579 0.28854 0.43311 0.53437 0.5247 0.60077 0.9044 0.76597 0.6377200000000001 0.69176 0.61982 0.23995 0.20109 0.26156 0.26206 0.10462 
0.12812 0 0.29769 0.29788000000000003 0.44947 0.40515 0.44361 0.41693 0.51394 0.4974 0.455 0.3999 0.47865 0.63551 0.62052 0.68423 0.9204 0.75374 0.5879 0.60777 0.50987 0.14917 0.13553 0.20055 0.33355999999999997 0.18328 
0.42557 0.29769 0 0.16796 0.2895 0.41269 0.47226 0.4867 0.68265 0.73631 0.65934 0.67668 0.65896 0.88892 0.86609 0.90717 1.00172 0.7874 0.5638 0.4717 0.31496 0.18574 0.29707 0.33128 0.46429 0.43794 
0.40677 0.29788000000000003 0.16796 0 0.16269 0.25484 0.31502 0.33544 0.54908 0.63277 0.54122 0.60449 0.5307 0.78983 0.76228 0.78926 0.8441000000000001 0.6331800000000001 0.40559 0.33999 0.21589 0.2085 0.23543999999999998 0.41449 0.52963 0.45603 
0.55229 0.44947 0.2895 0.16269 0 0.22979 0.28311 0.33088 0.57161 0.69736 0.5905 0.70611 0.56388 0.85416 0.82156 0.82794 0.77924 0.54663 0.30919 0.18271 0.26141000000000003 0.37053 0.3512 0.57696 0.69158 0.6104 
0.45722 0.40515 0.41269 0.25484 0.22979 0 0.06057 0.1014 0.34266 0.48529 0.37390999999999996 0.52599 0.33886 0.6386 0.60364 0.6022000000000001 0.58937 0.37834 0.18283 0.26945 0.29451 0.38257 0.27095 0.59268 0.6715899999999999 0.54662 
0.48760000000000003 0.44361 0.47226 0.31502 0.28311 0.06057 0 0.06397 0.29866 0.45703 0.34084 0.51399 0.30054 0.60604 0.56948 0.55867 0.53015 0.32305 0.21427000000000002 0.29238 0.34405 0.43202 0.30809 0.63359 0.7123200000000001 0.57949 
0.44012 0.41693 0.4867 0.33544 0.33088 0.1014 0.06397 0 0.24149 0.39342 0.28524 0.45186 0.23967 0.54393 0.50732 0.5008 0.52267 0.33704 0.20687 0.35634999999999994 0.39587 0.43833999999999995 0.28312 0.6129100000000001 0.67819 0.53866 
0.47251 0.51394 0.68265 0.54908 0.57161 0.34266 0.29866 0.24149 0 0.19699 0.27928 0.32689 0.04098 0.32127 0.28192 0.30515000000000003 0.4426 0.3721 0.39334 0.58604 0.63712 0.56579 0.41061 0.71103 0.73455 0.57615 
0.41093 0.4974 0.73631 0.63277 0.69736 0.48529 0.45703 0.39342 0.19699 0 0.11743 0.33155 0.17033 0.15776 0.19833 0.18985 0.60288 0.56722 0.57652 0.74909 0.76799 0.58147 0.43979 0.67249 0.65915 0.50177 
0.39579 0.455 0.65934 0.54122 0.5905 0.37390999999999996 0.34084 0.28524 0.27928 0.11743 0 0.22986 0.24276999999999999 0.27228 0.23171 0.24866 0.5365 0.46626 0.45939 0.63319 0.6601 0.52208 0.37035 0.65025 0.65663 0.49696 
0.28854 0.3999 0.67668 0.60449 0.70611 0.52599 0.51399 0.45186 0.32689 0.33155 0.22986 0 0.28922 0.35292999999999997 0.39317 0.36888000000000004 0.75874 0.69432 0.6552 0.79305 0.77563 0.50127 0.38677 0.54683 0.51363 0.36294 
0.43311 0.47865 0.65896 0.5307 0.56388 0.33886 0.30054 0.23967 0.04098 0.17033 0.24276999999999999 0.28922 0 0.30757 0.3229 0.26417 0.48355 0.41308 0.40848 0.59178 0.63172 0.53501 0.3803 0.6744 0.69514 0.53755 
0.53437 0.63551 0.88892 0.78983 0.85416 0.6386 0.60604 0.54393 0.32127 0.15776 0.27228 0.35292999999999997 0.30757 0 0.04057 0.1364 0.64869 0.66664 0.71415 0.8984099999999999 0.92449 0.72737 0.59186 0.79464 0.76213 0.6155200000000001 
0.5247 0.62052 0.86609 0.76228 0.82156 0.60364 0.56948 0.50732 0.28192 0.19833 0.23171 0.39317 0.3229 0.04057 0 0.10777 0.61216 0.6262 0.67513 0.86137 0.89148 0.70872 0.56931 0.7862600000000001 0.76029 0.60759 
0.60077 0.68423 0.90717 0.78926 0.82794 0.6022000000000001 0.55867 0.5008 0.30515000000000003 0.18985 0.24866 0.36888000000000004 0.26417 0.1364 0.10777 0 0.5172 0.55974 0.6442899999999999 0.84455 0.8953 0.76271 0.61491 0.86146 0.84707 0.69072 
0.9044 0.9204 1.00172 0.8441000000000001 0.77924 0.58937 0.53015 0.52267 0.4426 0.60288 0.5365 0.75874 0.48355 0.64869 0.61216 0.5172 0 0.23888 0.4737 0.68096 0.8194 0.94168 0.79489 1.12083 1.16387 1.00902 
0.76597 0.75374 0.7874 0.6331800000000001 0.54663 0.37834 0.32305 0.33704 0.3721 0.56722 0.46626 0.69432 0.41308 0.66664 0.6262 0.55974 0.23888 0 0.23792 0.44208 0.58279 0.75379 0.62016 0.94964 1.01295 0.86853 
0.6377200000000001 0.5879 0.5638 0.40559 0.30919 0.18283 0.21427000000000002 0.20687 0.39334 0.57652 0.45939 0.6552 0.40848 0.71415 0.67513 0.6442899999999999 0.4737 0.23792 0 0.22067 0.34646 0.5616 0.45334 0.76996 0.85395 0.72697 
0.69176 0.60777 0.4717 0.33999 0.18271 0.26945 0.29238 0.35634999999999994 0.58604 0.74909 0.63319 0.79305 0.59178 0.8984099999999999 0.86137 0.84455 0.68096 0.44208 0.22067 0 0.17232 0.54239 0.49113 0.75295 0.8617 0.76558 
0.61982 0.50987 0.31496 0.21589 0.26141000000000003 0.29451 0.34405 0.39587 0.63712 0.76799 0.6601 0.77563 0.63172 0.92449 0.89148 0.8953 0.8194 0.58279 0.34646 0.17232 0 0.42337 0.41873 0.62324 0.74287 0.67092 
0.23995 0.14917 0.18574 0.2085 0.37053 0.38257 0.43202 0.43833999999999995 0.56579 0.58147 0.52208 0.50127 0.53501 0.72737 0.70872 0.76271 0.94168 0.75379 0.5616 0.54239 0.42337 0 0.15522 0.33866 0.34264 0.25953 
0.20109 0.13553 0.29707 0.23543999999999998 0.3512 0.27095 0.30809 0.28312 0.41061 0.43979 0.37035 0.38677 0.3803 0.59186 0.56931 0.61491 0.79489 0.62016 0.45334 0.49113 0.41873 0.15522 0 0.32979 0.40531 0.29872 
0.26156 0.20055 0.33128 0.41449 0.57696 0.59268 0.63359 0.6129100000000001 0.71103 0.67249 0.65025 0.54683 0.6744 0.79464 0.7862600000000001 0.86146 1.12083 0.94964 0.76996 0.75295 0.62324 0.33866 0.32979 0 0.13301 0.19147 
0.26206 0.33355999999999997 0.46429 0.52963 0.69158 0.6715899999999999 0.7123200000000001 0.67819 0.73455 0.65915 0.65663 0.51363 0.69514 0.76213 0.76029 0.84707 1.16387 1.01295 0.85395 0.8617 0.74287 0.34264 0.40531 0.13301 0 0.15971 
0.10462 0.18328 0.43794 0.45603 0.6104 0.54662 0.57949 0.53866 0.57615 0.50177 0.49696 0.36294 0.53755 0.6155200000000001 0.60759 0.69072 1.00902 0.86853 0.72697 0.76558 0.67092 0.25953 0.29872 0.19147 0.15971 0 
