42
47 28 158 49 64 117 152 79 175 95 99 93 142 70 159 147 131 103 6 84 67 101 83 90 24 108 130 126 21 54 151 66 3 88 114 110 62 91 51 119 18 144
0 0.07917 0.09561 0.27048 0.32606 0.48489 0.58832 0.65431 0.68444 0.5307 0.46304 0.41952 0.47271 0.61382 0.60985 0.6873 0.71298 0.80315 0.8198300000000001 0.82734 0.82015 0.65332 0.71142 0.82655 0.95531 0.93617 1.10137 1.14954 1.07066 1.04796 0.899 0.73814 0.77187 0.9877 1.04077 1.01699 0.78894 0.44992 0.42406 0.42898 0.27032 0.05714 
0.07917 0 0.02737 0.19606 0.24689 0.40831 0.52918 0.5984900000000001 0.63777 0.48262 0.41387 0.34961 0.41076 0.5366299999999999 0.53361 0.61177 0.64515 0.73546 0.74428 0.7489 0.74101 0.57497 0.6327 0.74896 0.87629 0.85788 1.02242 1.0754 0.99668 0.97506 0.82194 0.66439 0.70197 0.92173 0.9758 0.95876 0.73625 0.42107 0.39959 0.40361 0.26699 0.10763 
0.09561 0.02737 0 0.17502 0.23241 0.39027 0.5038 0.57172 0.61057 0.45535 0.38662 0.32614 0.41753 0.52948 0.52833 0.60722 0.64739 0.73831 0.73963 0.73946 0.7286 0.55849 0.61711 0.73117 0.86474 0.84873 1.00749 1.05443 0.97557 0.9533 0.8034899999999999 0.64309 0.67865 0.89717 0.95096 0.93255 0.70933 0.39461999999999997 0.37347 0.37737 0.24793 0.11444000000000001 
0.27048 0.19606 0.17502 0 0.08624 0.21546 0.35299 0.42478 0.48562 0.33483 0.26918 0.16776 0.37425 0.3969 0.40487999999999996 0.48490999999999995 0.56083 0.65232 0.61297 0.59126 0.56935 0.3886 0.44909 0.55826 0.70746 0.70044 0.83977 0.87954 0.80077 0.77901 0.62988 0.47819 0.50748 0.73053 0.78566 0.77842 0.5686100000000001 0.33133 0.32481 0.32577 0.27982 0.2739 
0.32606 0.24689 0.23241 0.08624 0 0.17199 0.37254 0.44417 0.52069 0.37899 0.32048 0.16566 0.30294 0.31224 0.31864 0.39866999999999997 0.47607 0.56731 0.52799 0.51214 0.4967 0.32889 0.3859 0.50456 0.63354 0.62158 0.77559 0.84071 0.76292 0.7451 0.57905 0.43469 0.48782 0.7175100000000001 0.77426 0.78214 0.58897 0.40141 0.39951 0.39964 0.36602 0.34145000000000003 
0.48489 0.40831 0.39027 0.21546 0.17199 0 0.27236 0.32373 0.42240999999999995 0.31399 0.27944 0.16194999999999998 0.39636 0.269 0.29192 0.35997 0.48616 0.56927 0.46940000000000004 0.4123 0.37235 0.17757 0.2401 0.3429 0.51047 0.51732 0.62806 0.66979 0.59168 0.57316 0.42067 0.26273 0.32001 0.55129 0.60886 0.62911 0.46173 0.40032 0.41171 0.40908 0.4475 0.48788 
0.58832 0.52918 0.5038 0.35299 0.37254 0.27236 0 0.07257 0.16498 0.17845 0.14788 0.20892 0.64837 0.5134799999999999 0.54081 0.59981 0.73855 0.81715 0.68968 0.60008 0.5321 0.34063 0.39088 0.41466 0.65374 0.6885 0.70518 0.62475 0.54846 0.51466 0.45373 0.2634 0.23302 0.40939 0.45845 0.42976000000000003 0.21749 0.26087 0.29529 0.28863 0.41956000000000004 0.56569 
0.65431 0.5984900000000001 0.57172 0.42478 0.44417 0.32373 0.07257 0 0.11309 0.14466 0.20075 0.27875 0.71752 0.57059 0.59879 0.6534 0.79711 0.87295 0.73569 0.63691 0.56316 0.384 0.42676 0.42863 0.67685 0.71886 0.70834 0.59564 0.52459 0.48834 0.45615 0.27423 0.21993000000000001 0.36417 0.40763 0.36282 0.14493 0.29116 0.32412 0.31772 0.469 0.6289 
0.68444 0.63777 0.61057 0.48562 0.52069 0.42240999999999995 0.16498 0.11309 0 0.15522 0.22407 0.35773 0.80821 0.67721 0.70538 0.76281 0.90332 0.98119 0.8476 0.75 0.67588 0.49562 0.53984 0.5373 0.78766 0.8314999999999999 0.80951 0.66779 0.59945 0.5595 0.55892 0.38381 0.32461 0.40608 0.43963 0.36398 0.12302 0.26466 0.29895 0.2923 0.46348 0.65078 
0.5307 0.48262 0.45535 0.33483 0.37899 0.31399 0.17845 0.14466 0.15522 0 0.06885 0.22408 0.67627 0.58165 0.6058 0.67229 0.79931 0.88294 0.77331 0.69426 0.63211 0.43377 0.48919 0.52537 0.75866 0.78811 0.818 0.73427 0.65904 0.6239 0.5671 0.37678 0.34581 0.5039199999999999 0.54811 0.497 0.2605 0.14902 0.18079 0.17456 0.32819 0.5031 
0.46304 0.41387 0.38662 0.26918 0.32048 0.27944 0.14788 0.20075 0.22407 0.06885 0 0.17614 0.62052 0.54709 0.56869 0.63913 0.7579 0.84446 0.74732 0.6794600000000001 0.62308 0.42092 0.48017 0.53354 0.7547299999999999 0.77706 0.82999 0.7717700000000001 0.69408 0.66129 0.58301 0.39106 0.3771 0.55507 0.60216 0.55946 0.32632 0.17551 0.15442 0.14775 0.27209 0.43501 
0.41952 0.34961 0.32614 0.16776 0.16566 0.16194999999999998 0.20892 0.27875 0.35773 0.22408 0.17614 0 0.45345 0.37452 0.39437 0.46704 0.58186 0.66832 0.58095 0.52597 0.48345 0.28335 0.34625 0.43323 0.62041 0.63039 0.72659 0.7331000000000001 0.65402 0.6296 0.49801 0.32257 0.35255000000000003 0.57351 0.62852 0.62383 0.42365 0.2882 0.29887 0.29652 0.33941 0.41123 
0.47271 0.41076 0.41753 0.37425 0.30294 0.39636 0.64837 0.71752 0.80821 0.67627 0.62052 0.45345 0 0.26448 0.23758 0.2854 0.24798 0.33278 0.40147 0.46612 0.50422 0.4469 0.47211 0.6054 0.60936 0.55947 0.79567 0.96202 0.8925 0.88863 0.68208 0.61138 0.69189 0.91888 0.9769 1.01674 0.85775 0.70309 0.69876 0.69947 0.63465 0.51771 
0.61382 0.5366299999999999 0.52948 0.3969 0.31224 0.269 0.5134799999999999 0.57059 0.67721 0.58165 0.54709 0.37452 0.26448 0 0.03388 0.09256 0.2505 0.30408 0.22509 0.22100000000000003 0.24158 0.21481 0.21994 0.34814 0.35851 0.32526 0.5362899999999999 0.70137 0.63474 0.63439 0.42271000000000003 0.38715 0.47763 0.68984 0.74656 0.80754 0.6924 0.66256 0.67141 0.66957 0.67331 0.63968 
0.60985 0.53361 0.52833 0.40487999999999996 0.31864 0.29192 0.54081 0.59879 0.70538 0.6058 0.56869 0.39437 0.23758 0.03388 0 0.08013 0.22512 0.27744 0.21158 0.23496 0.26725 0.24842 0.25344 0.3806 0.37722 0.33729 0.55869 0.73257 0.66672 0.66704 0.45398 0.42085 0.5111 0.72372 0.78043 0.8411 0.72341 0.68148 0.68892 0.68735 0.68306 0.63842 
0.6873 0.61177 0.60722 0.48490999999999995 0.39866999999999997 0.35997 0.59981 0.6534 0.76281 0.67229 0.63913 0.46704 0.2854 0.09256 0.08013 0 0.15991 0.22114 0.13253 0.18331 0.23814 0.28251 0.27044 0.38172 0.32648 0.27432 0.51674 0.72054 0.66162 0.66561 0.44878 0.44988 0.54278 0.74261 0.79772 0.86958 0.77085 0.7551 0.76392 0.7621 0.7629699999999999 0.71792 
0.71298 0.64515 0.64739 0.56083 0.47607 0.48616 0.73855 0.79711 0.90332 0.79931 0.7579 0.58186 0.24798 0.2505 0.22512 0.15991 0 0.09188 0.19896 0.31388 0.38609 0.44218999999999997 0.42909 0.53996 0.4444 0.3743 0.64062 0.87072 0.81376 0.82154 0.60449 0.60819 0.7007099999999999 0.90251 0.95758 1.02874 0.92099 0.86408 0.86793 0.86708 0.83893 0.75273 
0.80315 0.73546 0.73831 0.65232 0.56731 0.56927 0.81715 0.87295 0.98119 0.88294 0.84446 0.66832 0.33278 0.30408 0.27744 0.22114 0.09188 0 0.20241 0.33437 0.4168 0.5032 0.48473 0.58275 0.44709 0.36882 0.64081 0.89475 0.84373 0.85583 0.64056 0.668 0.76132 0.9524 1.0066 1.08521 0.99195 0.95252 0.95724 0.95623 0.93069 0.84292 
0.8198300000000001 0.74428 0.73963 0.61297 0.52799 0.46940000000000004 0.68968 0.73569 0.8476 0.77331 0.74732 0.58095 0.40147 0.22509 0.21158 0.13253 0.19896 0.20241 0 0.13421 0.22064 0.35311000000000003 0.31652 0.39692 0.24803 0.17538 0.4439 0.69264 0.64312 0.65703 0.44419 0.49924 0.59187 0.76518 0.81643 0.90526 0.83911 0.86828 0.87979 0.87747 0.88919 0.85 
0.82734 0.7489 0.73946 0.59126 0.51214 0.4123 0.60008 0.63691 0.75 0.69426 0.6794600000000001 0.52597 0.46612 0.22100000000000003 0.23496 0.18331 0.31388 0.33437 0.13421 0 0.0884 0.26061 0.2102 0.26271 0.14335 0.10946 0.33393 0.56098 0.5095 0.52286 0.31039 0.38307 0.47336 0.63427 0.68446 0.7775 0.72847 0.80485 0.82083 0.81764 0.85487 0.84904 
0.82015 0.74101 0.7286 0.56935 0.4967 0.37235 0.5321 0.56316 0.67588 0.63211 0.62308 0.48345 0.50422 0.24158 0.26725 0.23814 0.38609 0.4168 0.22064 0.0884 0 0.2028 0.14345 0.17932 0.1386 0.15658 0.29484 0.48473 0.42854 0.43911 0.23011 0.30097 0.38893 0.54591 0.59633 0.68932 0.64719 0.7515 0.77018 0.76649 0.81982 0.83619 
0.65332 0.57497 0.55849 0.3886 0.32889 0.17757 0.34063 0.384 0.49562 0.43377 0.42092 0.28335 0.4469 0.21481 0.24842 0.28251 0.44218999999999997 0.5032 0.35311000000000003 0.26061 0.2028 0 0.06298 0.17779 0.33796 0.3562 0.45139 0.52864 0.45449 0.44536 0.2546 0.1725 0.26303 0.47771 0.53584 0.59277 0.49106000000000005 0.54898 0.5674 0.56372 0.62234 0.66111 
0.71142 0.6327 0.61711 0.44909 0.3859 0.2401 0.39088 0.42676 0.53984 0.48919 0.48017 0.34625 0.47211 0.21994 0.25344 0.27044 0.42909 0.48473 0.31652 0.2102 0.14345 0.06298 0 0.13422 0.28205 0.29894 0.39079 0.49123 0.42053 0.41677 0.21176 0.1843 0.27769 0.47396 0.52972 0.60089 0.52304 0.60883 0.62813 0.62429 0.68531 0.72102 
0.82655 0.74896 0.73117 0.55826 0.50456 0.3429 0.41466 0.42863 0.5373 0.52537 0.53354 0.43323 0.6054 0.34814 0.3806 0.38172 0.53996 0.58275 0.39692 0.26271 0.17932 0.17779 0.13422 0 0.25375 0.31076 0.29727 0.35706 0.28958 0.29042 0.07777 0.15447 0.22794 0.37227 0.42391 0.51507 0.49027 0.66172 0.68605 0.68127 0.7691 0.83076 
0.95531 0.87629 0.86474 0.70746 0.63354 0.51047 0.65374 0.67685 0.78766 0.75866 0.7547299999999999 0.62041 0.60936 0.35851 0.37722 0.32648 0.4444 0.44709 0.24803 0.14335 0.1386 0.33796 0.28205 0.25375 0 0.08299 0.19624 0.46224 0.42885 0.44871 0.26431 0.40434 0.48164 0.59377 0.63657 0.74726 0.74396 0.88364 0.90368 0.89973 0.95794 0.97297 
0.93617 0.85788 0.84873 0.70044 0.62158 0.51732 0.6885 0.71886 0.8314999999999999 0.78811 0.77706 0.63039 0.55947 0.32526 0.33729 0.27432 0.3743 0.36882 0.17538 0.10946 0.15658 0.3562 0.29894 0.31076 0.08299 0 0.27204 0.54511 0.50743 0.52868 0.33503 0.45246 0.53632 0.66655 0.7122299999999999 0.81769 0.7976300000000001 0.90483 0.9223 0.91884 0.96225 0.95838 
1.10137 1.02242 1.00749 0.83977 0.77559 0.62806 0.70518 0.70834 0.80951 0.818 0.82999 0.72659 0.79567 0.5362899999999999 0.55869 0.51674 0.64062 0.64081 0.4439 0.33393 0.29484 0.45139 0.39079 0.29727 0.19624 0.27204 0 0.31235 0.30463 0.34768 0.25242 0.44248 0.49063 0.52095 0.54953 0.67806 0.73816 0.95753 0.9826 0.9777 1.06444 1.11181 
1.14954 1.0754 1.05443 0.87954 0.84071 0.66979 0.62475 0.59564 0.66779 0.73427 0.7717700000000001 0.7331000000000001 0.96202 0.70137 0.73257 0.72054 0.87072 0.89475 0.69264 0.56098 0.48473 0.52864 0.49123 0.35706 0.46224 0.54511 0.31235 0 0.07908 0.12212999999999999 0.2802 0.41144 0.39478 0.2821 0.2888 0.42515000000000003 0.56349 0.88329 0.9146099999999999 0.90851 1.0381200000000002 1.14427 
1.07066 0.99668 0.97557 0.80077 0.76292 0.59168 0.54846 0.52459 0.59945 0.65904 0.69408 0.65402 0.8925 0.63474 0.66672 0.66162 0.81376 0.84373 0.64312 0.5095 0.42854 0.45449 0.42053 0.28958 0.42885 0.50743 0.30463 0.07908 0 0.04305 0.21284 0.33253 0.31719 0.23326 0.25017 0.38449 0.50035 0.80803 0.8389 0.8328899999999999 0.9601200000000001 1.06524 
1.04796 0.97506 0.9533 0.77901 0.7451 0.57316 0.51466 0.48834 0.5595 0.6239 0.66129 0.6296 0.88863 0.63439 0.66704 0.66561 0.82154 0.85583 0.65703 0.52286 0.43911 0.44536 0.41677 0.29042 0.44871 0.52868 0.34768 0.12212999999999999 0.04305 0 0.21708 0.31122 0.28596 0.19051 0.21001 0.34686 0.45861 0.77291 0.80436 0.79832 0.92921 1.04059 
0.899 0.82194 0.8034899999999999 0.62988 0.57905 0.42067 0.45373 0.45615 0.55892 0.5671 0.58301 0.49801 0.68208 0.42271000000000003 0.45398 0.44878 0.60449 0.64056 0.44419 0.31039 0.23011 0.2546 0.21176 0.07777 0.26431 0.33503 0.25242 0.2802 0.21284 0.21708 0 0.19228 0.24009 0.33158 0.37788999999999995 0.48332 0.4957 0.70897 0.73533 0.73017 0.8287 0.90115 
0.73814 0.66439 0.64309 0.47819 0.43469 0.26273 0.2634 0.27423 0.38381 0.37678 0.39106 0.32257 0.61138 0.38715 0.42085 0.44988 0.60819 0.668 0.49924 0.38307 0.30097 0.1725 0.1843 0.15447 0.40434 0.45246 0.44248 0.41144 0.33253 0.31122 0.19228 0 0.09344 0.30773 0.36586 0.4208 0.34672000000000003 0.51669 0.54319 0.53799 0.64216 0.73332 
0.77187 0.70197 0.67865 0.50748 0.48782 0.32001 0.23302 0.21993000000000001 0.32461 0.34581 0.3771 0.35255000000000003 0.69189 0.47763 0.5111 0.54278 0.7007099999999999 0.76132 0.59187 0.47336 0.38893 0.26303 0.27769 0.22794 0.48164 0.53632 0.49063 0.39478 0.31719 0.28596 0.24009 0.09344 0 0.23156 0.28942 0.33019 0.26233 0.49389 0.52375 0.51791 0.64337 0.76025 
0.9877 0.92173 0.89717 0.73053 0.7175100000000001 0.55129 0.40939 0.36417 0.40608 0.5039199999999999 0.55507 0.57351 0.91888 0.68984 0.72372 0.74261 0.90251 0.9524 0.76518 0.63427 0.54591 0.47771 0.47396 0.37227 0.59377 0.66655 0.52095 0.2821 0.23326 0.19051 0.33158 0.30773 0.23156 0 0.05813 0.19498 0.29104 0.64874 0.6823 0.6758 0.82688 0.97046 
1.04077 0.9758 0.95096 0.78566 0.77426 0.60886 0.45845 0.40763 0.43963 0.54811 0.60216 0.62852 0.9769 0.74656 0.78043 0.79772 0.95758 1.0066 0.81643 0.68446 0.59633 0.53584 0.52972 0.42391 0.63657 0.7122299999999999 0.54953 0.2888 0.25017 0.21001 0.37788999999999995 0.36586 0.28942 0.05813 0 0.13685 0.31979 0.6903 0.72426 0.71768 0.87304 1.02214 
1.01699 0.95876 0.93255 0.77842 0.78214 0.62911 0.42976000000000003 0.36282 0.36398 0.497 0.55946 0.62383 1.01674 0.80754 0.8411 0.86958 1.02874 1.08521 0.90526 0.7775 0.68932 0.59277 0.60089 0.51507 0.74726 0.81769 0.67806 0.42515000000000003 0.38449 0.34686 0.48332 0.4208 0.33019 0.19498 0.13685 0 0.24096 0.62661 0.6610199999999999 0.65435 0.82117 0.99146 
0.78894 0.73625 0.70933 0.5686100000000001 0.58897 0.46173 0.21749 0.14493 0.12302 0.2605 0.32632 0.42365 0.85775 0.6924 0.72341 0.77085 0.92099 0.99195 0.83911 0.72847 0.64719 0.49106000000000005 0.52304 0.49027 0.74396 0.7976300000000001 0.73816 0.56349 0.50035 0.45861 0.4957 0.34672000000000003 0.26233 0.29104 0.31979 0.24096 0 0.38566 0.42007 0.41342 0.58141 0.7599199999999999 
0.44992 0.42107 0.39461999999999997 0.33133 0.40141 0.40032 0.26087 0.29116 0.26466 0.14902 0.17551 0.2882 0.70309 0.66256 0.68148 0.7551 0.86408 0.95252 0.86828 0.80485 0.7515 0.54898 0.60883 0.66172 0.88364 0.90483 0.95753 0.88329 0.80803 0.77291 0.70897 0.51669 0.49389 0.64874 0.6903 0.62661 0.38566 0 0.03442 0.02776 0.20222 0.4073 
0.42406 0.39959 0.37347 0.32481 0.39951 0.41171 0.29529 0.32412 0.29895 0.18079 0.15442 0.29887 0.69876 0.67141 0.68892 0.76392 0.86793 0.95724 0.87979 0.82083 0.77018 0.5674 0.62813 0.68605 0.90368 0.9223 0.9826 0.9146099999999999 0.8389 0.80436 0.73533 0.54319 0.52375 0.6823 0.72426 0.6610199999999999 0.42007 0.03442 0 0.00667 0.17009 0.37952 
0.42898 0.40361 0.37737 0.32577 0.39964 0.40908 0.28863 0.31772 0.2923 0.17456 0.14775 0.29652 0.69947 0.66957 0.68735 0.7621 0.86708 0.95623 0.87747 0.81764 0.76649 0.56372 0.62429 0.68127 0.89973 0.91884 0.9777 0.90851 0.8328899999999999 0.79832 0.73017 0.53799 0.51791 0.6758 0.71768 0.65435 0.41342 0.02776 0.00667 0 0.17676 0.38509000000000004 
0.27032 0.26699 0.24793 0.27982 0.36602 0.4475 0.41956000000000004 0.469 0.46348 0.32819 0.27209 0.33941 0.63465 0.67331 0.68306 0.7629699999999999 0.83893 0.93069 0.88919 0.85487 0.81982 0.62234 0.68531 0.7691 0.95794 0.96225 1.06444 1.0381200000000002 0.9601200000000001 0.92921 0.8287 0.64216 0.64337 0.82688 0.87304 0.82117 0.58141 0.20222 0.17009 0.17676 0 0.21934 
0.05714 0.10763 0.11444000000000001 0.2739 0.34145000000000003 0.48788 0.56569 0.6289 0.65078 0.5031 0.43501 0.41123 0.51771 0.63968 0.63842 0.71792 0.75273 0.84292 0.85 0.84904 0.83619 0.66111 0.72102 0.83076 0.97297 0.95838 1.11181 1.14427 1.06524 1.04059 0.90115 0.73332 0.76025 0.97046 1.02214 0.99146 0.7599199999999999 0.4073 0.37952 0.38509000000000004 0.21934 0 
