24
aa5 aa4 ab8 ab4 ab7 ac7 ac6 ac3 ad9 ad3 ga1 ga8 gb3 gb4 gb7 gb9 gc1 gc0 gc5 gd3 gd4 gd8 gd9 aa0
0 151.0 155.0 153.0 154.0 218.0 220.0 219.0 238.0 538.0 241.0 251.0 224.0 199.0 174.0 149.0 248.0 148.0 138.0 112.0 102.0 47.0 42.0 41.0 
151.0 0 206.0 204.0 205.0 269.0 271.0 270.0 289.0 589.0 292.0 302.0 330.0 319.0 294.0 269.0 368.0 268.0 258.0 232.0 222.0 167.0 162.0 161.0 
155.0 206.0 0 2.0 1.0 63.0 65.0 64.0 83.0 383.0 86.0 96.0 124.0 149.0 174.0 199.0 300.0 200.0 210.0 238.0 228.0 173.0 168.0 167.0 
153.0 204.0 2.0 0 1.0 65.0 67.0 66.0 85.0 385.0 88.0 98.0 126.0 151.0 176.0 201.0 302.0 202.0 212.0 236.0 226.0 171.0 166.0 165.0 
154.0 205.0 1.0 1.0 0 64.0 66.0 65.0 84.0 384.0 87.0 97.0 125.0 150.0 175.0 200.0 301.0 201.0 211.0 237.0 227.0 172.0 167.0 166.0 
218.0 269.0 63.0 65.0 64.0 0 2.0 1.0 22.0 322.0 25.0 35.0 63.0 88.0 113.0 138.0 239.0 139.0 149.0 185.0 195.0 236.0 231.0 230.0 
220.0 271.0 65.0 67.0 66.0 2.0 0 1.0 24.0 324.0 27.0 37.0 65.0 90.0 115.0 140.0 241.0 141.0 151.0 187.0 197.0 238.0 233.0 232.0 
219.0 270.0 64.0 66.0 65.0 1.0 1.0 0 23.0 323.0 26.0 36.0 64.0 89.0 114.0 139.0 240.0 140.0 150.0 186.0 196.0 237.0 232.0 231.0 
238.0 289.0 83.0 85.0 84.0 22.0 24.0 23.0 0 300.0 3.0 13.0 41.0 66.0 91.0 116.0 217.0 117.0 127.0 163.0 173.0 228.0 223.0 224.0 
538.0 589.0 383.0 385.0 384.0 322.0 324.0 323.0 300.0 0 303.0 313.0 341.0 366.0 391.0 416.0 517.0 417.0 427.0 463.0 473.0 528.0 523.0 524.0 
241.0 292.0 86.0 88.0 87.0 25.0 27.0 26.0 3.0 303.0 0 10.0 38.0 63.0 88.0 113.0 214.0 114.0 124.0 160.0 170.0 225.0 220.0 221.0 
251.0 302.0 96.0 98.0 97.0 35.0 37.0 36.0 13.0 313.0 10.0 0 28.0 53.0 78.0 103.0 204.0 104.0 114.0 150.0 160.0 215.0 210.0 211.0 
224.0 330.0 124.0 126.0 125.0 63.0 65.0 64.0 41.0 341.0 38.0 28.0 0 25.0 50.0 75.0 176.0 76.0 86.0 122.0 132.0 187.0 182.0 183.0 
199.0 319.0 149.0 151.0 150.0 88.0 90.0 89.0 66.0 366.0 63.0 53.0 25.0 0 25.0 50.0 151.0 51.0 61.0 97.0 107.0 162.0 157.0 158.0 
174.0 294.0 174.0 176.0 175.0 113.0 115.0 114.0 91.0 391.0 88.0 78.0 50.0 25.0 0 25.0 126.0 26.0 36.0 72.0 82.0 137.0 132.0 133.0 
149.0 269.0 199.0 201.0 200.0 138.0 140.0 139.0 116.0 416.0 113.0 103.0 75.0 50.0 25.0 0 101.0 1.0 11.0 47.0 57.0 112.0 107.0 108.0 
248.0 368.0 300.0 302.0 301.0 239.0 241.0 240.0 217.0 517.0 214.0 204.0 176.0 151.0 126.0 101.0 0 100.0 110.0 146.0 156.0 211.0 206.0 207.0 
148.0 268.0 200.0 202.0 201.0 139.0 141.0 140.0 117.0 417.0 114.0 104.0 76.0 51.0 26.0 1.0 100.0 0 10.0 46.0 56.0 111.0 106.0 107.0 
138.0 258.0 210.0 212.0 211.0 149.0 151.0 150.0 127.0 427.0 124.0 114.0 86.0 61.0 36.0 11.0 110.0 10.0 0 36.0 46.0 101.0 96.0 97.0 
112.0 232.0 238.0 236.0 237.0 185.0 187.0 186.0 163.0 463.0 160.0 150.0 122.0 97.0 72.0 47.0 146.0 46.0 36.0 0 10.0 75.0 70.0 71.0 
102.0 222.0 228.0 226.0 227.0 195.0 197.0 196.0 173.0 473.0 170.0 160.0 132.0 107.0 82.0 57.0 156.0 56.0 46.0 10.0 0 65.0 60.0 61.0 
47.0 167.0 173.0 171.0 172.0 236.0 238.0 237.0 228.0 528.0 225.0 215.0 187.0 162.0 137.0 112.0 211.0 111.0 101.0 75.0 65.0 0 5.0 6.0 
42.0 162.0 168.0 166.0 167.0 231.0 233.0 232.0 223.0 523.0 220.0 210.0 182.0 157.0 132.0 107.0 206.0 106.0 96.0 70.0 60.0 5.0 0 1.0 
41.0 161.0 167.0 165.0 166.0 230.0 232.0 231.0 224.0 524.0 221.0 211.0 183.0 158.0 133.0 108.0 207.0 107.0 97.0 71.0 61.0 6.0 1.0 0 
