39
aa5 aa4 ab8 ab4 ab7 ac7 ac6 ac3 ga1 ad3 ga8 gb3 gb4 gb7 gb9 gc0 gc1 gc5 gd3 gd4 gd8 gd9 ka2 ka7 ka9 kb0 kb4 kb8 kb5 kb6 kc0 kc2 kc4 kc6 kc9 kd2 kd4 kd6 aa0
0 151.0 155.0 153.0 154.0 218.0 220.0 219.0 241.0 538.0 251.0 279.0 304.0 329.0 354.0 355.0 455.0 365.0 401.0 411.0 436.0 431.0 420.0 419.0 387.0 386.0 434.0 392.0 341.0 293.0 241.0 277.0 232.0 187.0 142.0 125.0 122.0 102.0 41.0 
151.0 0 206.0 204.0 205.0 269.0 271.0 270.0 292.0 589.0 302.0 330.0 355.0 380.0 405.0 406.0 506.0 416.0 452.0 462.0 517.0 512.0 523.0 539.0 507.0 506.0 554.0 512.0 461.0 413.0 361.0 397.0 352.0 307.0 262.0 245.0 242.0 222.0 161.0 
155.0 206.0 0 2.0 1.0 63.0 65.0 64.0 86.0 383.0 96.0 124.0 149.0 174.0 199.0 200.0 300.0 210.0 246.0 256.0 311.0 306.0 317.0 344.0 350.0 351.0 456.0 477.0 426.0 419.0 367.0 403.0 358.0 313.0 268.0 251.0 248.0 228.0 167.0 
153.0 204.0 2.0 0 1.0 65.0 67.0 66.0 88.0 385.0 98.0 126.0 151.0 176.0 201.0 202.0 302.0 212.0 248.0 258.0 313.0 308.0 319.0 346.0 352.0 353.0 458.0 479.0 428.0 417.0 365.0 401.0 356.0 311.0 266.0 249.0 246.0 226.0 165.0 
154.0 205.0 1.0 1.0 0 64.0 66.0 65.0 87.0 384.0 97.0 125.0 150.0 175.0 200.0 201.0 301.0 211.0 247.0 257.0 312.0 307.0 318.0 345.0 351.0 352.0 457.0 478.0 427.0 418.0 366.0 402.0 357.0 312.0 267.0 250.0 247.0 227.0 166.0 
218.0 269.0 63.0 65.0 64.0 0 2.0 1.0 25.0 322.0 35.0 63.0 88.0 113.0 138.0 139.0 239.0 149.0 185.0 195.0 250.0 245.0 256.0 283.0 289.0 290.0 395.0 416.0 365.0 383.0 430.0 466.0 421.0 376.0 331.0 314.0 311.0 291.0 230.0 
220.0 271.0 65.0 67.0 66.0 2.0 0 1.0 27.0 324.0 37.0 65.0 90.0 115.0 140.0 141.0 241.0 151.0 187.0 197.0 252.0 247.0 258.0 285.0 291.0 292.0 397.0 418.0 367.0 385.0 432.0 468.0 423.0 378.0 333.0 316.0 313.0 293.0 232.0 
219.0 270.0 64.0 66.0 65.0 1.0 1.0 0 26.0 323.0 36.0 64.0 89.0 114.0 139.0 140.0 240.0 150.0 186.0 196.0 251.0 246.0 257.0 284.0 290.0 291.0 396.0 417.0 366.0 384.0 431.0 467.0 422.0 377.0 332.0 315.0 312.0 292.0 231.0 
241.0 292.0 86.0 88.0 87.0 25.0 27.0 26.0 0 303.0 10.0 38.0 63.0 88.0 113.0 114.0 214.0 124.0 160.0 170.0 225.0 220.0 231.0 258.0 264.0 265.0 370.0 391.0 340.0 358.0 410.0 455.0 444.0 399.0 354.0 337.0 334.0 314.0 253.0 
538.0 589.0 383.0 385.0 384.0 322.0 324.0 323.0 303.0 0 313.0 341.0 366.0 391.0 416.0 417.0 517.0 427.0 463.0 473.0 528.0 523.0 534.0 561.0 567.0 568.0 673.0 694.0 643.0 661.0 713.0 758.0 741.0 696.0 651.0 634.0 631.0 611.0 550.0 
251.0 302.0 96.0 98.0 97.0 35.0 37.0 36.0 10.0 313.0 0 28.0 53.0 78.0 103.0 104.0 204.0 114.0 150.0 160.0 215.0 210.0 221.0 248.0 254.0 255.0 360.0 381.0 330.0 348.0 400.0 445.0 454.0 409.0 364.0 347.0 344.0 324.0 263.0 
279.0 330.0 124.0 126.0 125.0 63.0 65.0 64.0 38.0 341.0 28.0 0 25.0 50.0 75.0 76.0 176.0 86.0 122.0 132.0 187.0 182.0 193.0 220.0 226.0 227.0 332.0 353.0 302.0 320.0 372.0 417.0 462.0 437.0 392.0 375.0 372.0 352.0 291.0 
304.0 355.0 149.0 151.0 150.0 88.0 90.0 89.0 63.0 366.0 53.0 25.0 0 25.0 50.0 51.0 151.0 61.0 97.0 107.0 162.0 157.0 168.0 195.0 201.0 202.0 307.0 328.0 277.0 295.0 347.0 392.0 437.0 462.0 417.0 400.0 397.0 377.0 316.0 
329.0 380.0 174.0 176.0 175.0 113.0 115.0 114.0 88.0 391.0 78.0 50.0 25.0 0 25.0 26.0 126.0 36.0 72.0 82.0 137.0 132.0 143.0 170.0 176.0 177.0 282.0 303.0 252.0 270.0 322.0 367.0 412.0 457.0 421.0 425.0 422.0 402.0 341.0 
354.0 405.0 199.0 201.0 200.0 138.0 140.0 139.0 113.0 416.0 103.0 75.0 50.0 25.0 0 1.0 101.0 11.0 47.0 57.0 112.0 107.0 118.0 145.0 151.0 152.0 257.0 278.0 227.0 245.0 297.0 342.0 387.0 432.0 396.0 450.0 447.0 427.0 366.0 
355.0 406.0 200.0 202.0 201.0 139.0 141.0 140.0 114.0 417.0 104.0 76.0 51.0 26.0 1.0 0 100.0 10.0 46.0 56.0 111.0 106.0 117.0 144.0 150.0 151.0 256.0 277.0 226.0 244.0 296.0 341.0 386.0 431.0 395.0 451.0 448.0 428.0 367.0 
455.0 506.0 300.0 302.0 301.0 239.0 241.0 240.0 214.0 517.0 204.0 176.0 151.0 126.0 101.0 100.0 0 110.0 146.0 156.0 211.0 206.0 217.0 244.0 250.0 251.0 356.0 377.0 326.0 344.0 396.0 441.0 486.0 531.0 495.0 551.0 548.0 528.0 467.0 
365.0 416.0 210.0 212.0 211.0 149.0 151.0 150.0 124.0 427.0 114.0 86.0 61.0 36.0 11.0 10.0 110.0 0 36.0 46.0 101.0 96.0 107.0 134.0 140.0 141.0 246.0 267.0 216.0 234.0 286.0 331.0 376.0 421.0 385.0 461.0 458.0 438.0 377.0 
401.0 452.0 246.0 248.0 247.0 185.0 187.0 186.0 160.0 463.0 150.0 122.0 97.0 72.0 47.0 46.0 146.0 36.0 0 10.0 75.0 70.0 81.0 108.0 114.0 115.0 220.0 241.0 190.0 208.0 260.0 305.0 350.0 395.0 359.0 456.0 459.0 474.0 413.0 
411.0 462.0 256.0 258.0 257.0 195.0 197.0 196.0 170.0 473.0 160.0 132.0 107.0 82.0 57.0 56.0 156.0 46.0 10.0 0 65.0 60.0 71.0 98.0 104.0 105.0 210.0 231.0 180.0 198.0 250.0 295.0 340.0 385.0 349.0 446.0 449.0 469.0 423.0 
436.0 517.0 311.0 313.0 312.0 250.0 252.0 251.0 225.0 528.0 215.0 187.0 162.0 137.0 112.0 111.0 211.0 101.0 75.0 65.0 0 5.0 16.0 43.0 49.0 50.0 155.0 176.0 125.0 143.0 195.0 240.0 285.0 330.0 294.0 391.0 394.0 414.0 395.0 
431.0 512.0 306.0 308.0 307.0 245.0 247.0 246.0 220.0 523.0 210.0 182.0 157.0 132.0 107.0 106.0 206.0 96.0 70.0 60.0 5.0 0 11.0 38.0 44.0 45.0 150.0 171.0 120.0 138.0 190.0 235.0 280.0 325.0 289.0 386.0 389.0 409.0 390.0 
420.0 523.0 317.0 319.0 318.0 256.0 258.0 257.0 231.0 534.0 221.0 193.0 168.0 143.0 118.0 117.0 217.0 107.0 81.0 71.0 16.0 11.0 0 27.0 33.0 34.0 139.0 160.0 109.0 127.0 179.0 224.0 269.0 314.0 278.0 375.0 378.0 398.0 379.0 
419.0 539.0 344.0 346.0 345.0 283.0 285.0 284.0 258.0 561.0 248.0 220.0 195.0 170.0 145.0 144.0 244.0 134.0 108.0 98.0 43.0 38.0 27.0 0 32.0 33.0 138.0 159.0 108.0 126.0 178.0 223.0 268.0 313.0 277.0 374.0 377.0 397.0 378.0 
387.0 507.0 350.0 352.0 351.0 289.0 291.0 290.0 264.0 567.0 254.0 226.0 201.0 176.0 151.0 150.0 250.0 140.0 114.0 104.0 49.0 44.0 33.0 32.0 0 1.0 106.0 127.0 76.0 94.0 146.0 191.0 236.0 281.0 245.0 342.0 345.0 365.0 346.0 
386.0 506.0 351.0 353.0 352.0 290.0 292.0 291.0 265.0 568.0 255.0 227.0 202.0 177.0 152.0 151.0 251.0 141.0 115.0 105.0 50.0 45.0 34.0 33.0 1.0 0 105.0 126.0 75.0 93.0 145.0 190.0 235.0 280.0 244.0 341.0 344.0 364.0 345.0 
434.0 554.0 456.0 458.0 457.0 395.0 397.0 396.0 370.0 673.0 360.0 332.0 307.0 282.0 257.0 256.0 356.0 246.0 220.0 210.0 155.0 150.0 139.0 138.0 106.0 105.0 0 42.0 93.0 141.0 193.0 238.0 283.0 328.0 292.0 389.0 392.0 412.0 393.0 
392.0 512.0 477.0 479.0 478.0 416.0 418.0 417.0 391.0 694.0 381.0 353.0 328.0 303.0 278.0 277.0 377.0 267.0 241.0 231.0 176.0 171.0 160.0 159.0 127.0 126.0 42.0 0 51.0 99.0 151.0 196.0 241.0 286.0 250.0 347.0 350.0 370.0 351.0 
341.0 461.0 426.0 428.0 427.0 365.0 367.0 366.0 340.0 643.0 330.0 302.0 277.0 252.0 227.0 226.0 326.0 216.0 190.0 180.0 125.0 120.0 109.0 108.0 76.0 75.0 93.0 51.0 0 48.0 100.0 145.0 190.0 235.0 199.0 296.0 299.0 319.0 300.0 
293.0 413.0 419.0 417.0 418.0 383.0 385.0 384.0 358.0 661.0 348.0 320.0 295.0 270.0 245.0 244.0 344.0 234.0 208.0 198.0 143.0 138.0 127.0 126.0 94.0 93.0 141.0 99.0 48.0 0 52.0 97.0 142.0 187.0 151.0 248.0 251.0 271.0 252.0 
241.0 361.0 367.0 365.0 366.0 430.0 432.0 431.0 410.0 713.0 400.0 372.0 347.0 322.0 297.0 296.0 396.0 286.0 260.0 250.0 195.0 190.0 179.0 178.0 146.0 145.0 193.0 151.0 100.0 52.0 0 45.0 90.0 135.0 99.0 196.0 199.0 219.0 200.0 
277.0 397.0 403.0 401.0 402.0 466.0 468.0 467.0 455.0 758.0 445.0 417.0 392.0 367.0 342.0 341.0 441.0 331.0 305.0 295.0 240.0 235.0 224.0 223.0 191.0 190.0 238.0 196.0 145.0 97.0 45.0 0 45.0 90.0 135.0 232.0 235.0 255.0 236.0 
232.0 352.0 358.0 356.0 357.0 421.0 423.0 422.0 444.0 741.0 454.0 462.0 437.0 412.0 387.0 386.0 486.0 376.0 350.0 340.0 285.0 280.0 269.0 268.0 236.0 235.0 283.0 241.0 190.0 142.0 90.0 45.0 0 45.0 90.0 187.0 190.0 210.0 191.0 
187.0 307.0 313.0 311.0 312.0 376.0 378.0 377.0 399.0 696.0 409.0 437.0 462.0 457.0 432.0 431.0 531.0 421.0 395.0 385.0 330.0 325.0 314.0 313.0 281.0 280.0 328.0 286.0 235.0 187.0 135.0 90.0 45.0 0 45.0 142.0 145.0 165.0 146.0 
142.0 262.0 268.0 266.0 267.0 331.0 333.0 332.0 354.0 651.0 364.0 392.0 417.0 421.0 396.0 395.0 495.0 385.0 359.0 349.0 294.0 289.0 278.0 277.0 245.0 244.0 292.0 250.0 199.0 151.0 99.0 135.0 90.0 45.0 0 97.0 100.0 120.0 101.0 
125.0 245.0 251.0 249.0 250.0 314.0 316.0 315.0 337.0 634.0 347.0 375.0 400.0 425.0 450.0 451.0 551.0 461.0 456.0 446.0 391.0 386.0 375.0 374.0 342.0 341.0 389.0 347.0 296.0 248.0 196.0 232.0 187.0 142.0 97.0 0 3.0 23.0 84.0 
122.0 242.0 248.0 246.0 247.0 311.0 313.0 312.0 334.0 631.0 344.0 372.0 397.0 422.0 447.0 448.0 548.0 458.0 459.0 449.0 394.0 389.0 378.0 377.0 345.0 344.0 392.0 350.0 299.0 251.0 199.0 235.0 190.0 145.0 100.0 3.0 0 20.0 81.0 
102.0 222.0 228.0 226.0 227.0 291.0 293.0 292.0 314.0 611.0 324.0 352.0 377.0 402.0 427.0 428.0 528.0 438.0 474.0 469.0 414.0 409.0 398.0 397.0 365.0 364.0 412.0 370.0 319.0 271.0 219.0 255.0 210.0 165.0 120.0 23.0 20.0 0 61.0 
41.0 161.0 167.0 165.0 166.0 230.0 232.0 231.0 253.0 550.0 263.0 291.0 316.0 341.0 366.0 367.0 467.0 377.0 413.0 423.0 395.0 390.0 379.0 378.0 346.0 345.0 393.0 351.0 300.0 252.0 200.0 236.0 191.0 146.0 101.0 84.0 81.0 61.0 0 
