15
ka2 ka7 ka9 kb0 kb4 kb8 kb5 kb6 kc0 kc2 kc4 kc6 kc9 kd4 ka0
0 27.0 33.0 34.0 139.0 160.0 109.0 127.0 179.0 224.0 201.0 156.0 111.0 91.0 10.0 
27.0 0 32.0 33.0 138.0 159.0 108.0 126.0 178.0 223.0 228.0 183.0 138.0 118.0 37.0 
33.0 32.0 0 1.0 106.0 127.0 76.0 94.0 146.0 191.0 234.0 189.0 144.0 124.0 43.0 
34.0 33.0 1.0 0 105.0 126.0 75.0 93.0 145.0 190.0 235.0 190.0 145.0 125.0 44.0 
139.0 138.0 106.0 105.0 0 42.0 93.0 141.0 193.0 238.0 283.0 295.0 250.0 230.0 149.0 
160.0 159.0 127.0 126.0 42.0 0 51.0 99.0 151.0 196.0 241.0 286.0 250.0 251.0 170.0 
109.0 108.0 76.0 75.0 93.0 51.0 0 48.0 100.0 145.0 190.0 235.0 199.0 200.0 119.0 
127.0 126.0 94.0 93.0 141.0 99.0 48.0 0 52.0 97.0 142.0 187.0 151.0 218.0 137.0 
179.0 178.0 146.0 145.0 193.0 151.0 100.0 52.0 0 45.0 90.0 135.0 99.0 199.0 189.0 
224.0 223.0 191.0 190.0 238.0 196.0 145.0 97.0 45.0 0 45.0 90.0 135.0 235.0 234.0 
201.0 228.0 234.0 235.0 283.0 241.0 190.0 142.0 90.0 45.0 0 45.0 90.0 190.0 191.0 
156.0 183.0 189.0 190.0 295.0 286.0 235.0 187.0 135.0 90.0 45.0 0 45.0 145.0 146.0 
111.0 138.0 144.0 145.0 250.0 250.0 199.0 151.0 99.0 135.0 90.0 45.0 0 100.0 101.0 
91.0 118.0 124.0 125.0 230.0 251.0 200.0 218.0 199.0 235.0 190.0 145.0 100.0 0 81.0 
10.0 37.0 43.0 44.0 149.0 170.0 119.0 137.0 189.0 234.0 191.0 146.0 101.0 81.0 0 
