18
10 30 26 36 27 19 34 44 37 21 6 22 40 39 18 4 46 0
0 530.0 1106.0 1260.0 1134.0 733.0 684.0 1225.0 1269.0 576.0 510.0 1173.0 1486.0 864.0 936.0 1108.0 751.0 329.0 
530.0 0 745.0 899.0 604.0 203.0 154.0 695.0 1177.0 382.0 448.0 978.0 956.0 599.0 527.0 794.0 557.0 859.0 
1106.0 745.0 0 154.0 986.0 948.0 899.0 1440.0 1533.0 1089.0 1155.0 1594.0 1485.0 1312.0 1272.0 1067.0 1264.0 777.0 
1260.0 899.0 154.0 0 832.0 973.0 1053.0 1354.0 1379.0 1243.0 1309.0 1440.0 1639.0 1252.0 1180.0 913.0 1270.0 931.0 
1134.0 604.0 986.0 832.0 0 401.0 758.0 656.0 1196.0 986.0 1052.0 904.0 1003.0 1133.0 1061.0 877.0 863.0 1393.0 
733.0 203.0 948.0 973.0 401.0 0 357.0 898.0 1335.0 585.0 651.0 775.0 1159.0 802.0 730.0 997.0 760.0 1062.0 
684.0 154.0 899.0 1053.0 758.0 357.0 0 541.0 1157.0 536.0 602.0 1015.0 802.0 733.0 661.0 682.0 711.0 765.0 
1225.0 695.0 1440.0 1354.0 656.0 898.0 541.0 0 616.0 915.0 849.0 474.0 347.0 833.0 761.0 846.0 796.0 1068.0 
1269.0 1177.0 1533.0 1379.0 1196.0 1335.0 1157.0 616.0 0 795.0 759.0 1002.0 875.0 1028.0 956.0 1078.0 721.0 1251.0 
576.0 382.0 1089.0 1243.0 986.0 585.0 536.0 915.0 795.0 0 66.0 729.0 1041.0 871.0 799.0 532.0 175.0 705.0 
510.0 448.0 1155.0 1309.0 1052.0 651.0 602.0 849.0 759.0 66.0 0 663.0 1107.0 937.0 865.0 598.0 241.0 771.0 
1173.0 978.0 1594.0 1440.0 904.0 775.0 1015.0 474.0 1002.0 729.0 663.0 0 733.0 1206.0 1134.0 967.0 610.0 882.0 
1486.0 956.0 1485.0 1639.0 1003.0 1159.0 802.0 347.0 875.0 1041.0 1107.0 733.0 0 923.0 851.0 1105.0 866.0 1327.0 
864.0 599.0 1312.0 1252.0 1133.0 802.0 733.0 833.0 1028.0 871.0 937.0 1206.0 923.0 0 72.0 339.0 696.0 535.0 
936.0 527.0 1272.0 1180.0 1061.0 730.0 661.0 761.0 956.0 799.0 865.0 1134.0 851.0 72.0 0 267.0 624.0 607.0 
1108.0 794.0 1067.0 913.0 877.0 997.0 682.0 846.0 1078.0 532.0 598.0 967.0 1105.0 339.0 267.0 0 357.0 874.0 
751.0 557.0 1264.0 1270.0 863.0 760.0 711.0 796.0 721.0 175.0 241.0 610.0 866.0 696.0 624.0 357.0 0 548.0 
329.0 859.0 777.0 931.0 1393.0 1062.0 765.0 1068.0 1251.0 705.0 771.0 882.0 1327.0 535.0 607.0 874.0 548.0 0 
