55
132 162 182 14 86 94 104 192 180 176 92 140 57 60 142 178 106 119 18 112 160 54 48 146 64 20 40 122 88 34 66 69 134 198 124 139 177 90 190 131 150 2 102 120 191 172 4 19 196 39 128 186 138 26 0
0 110.0 175.0 239.0 197.0 106.0 243.0 175.0 329.0 323.0 286.0 336.0 247.0 404.0 213.0 375.0 323.0 296.0 269.0 225.0 155.0 153.0 219.0 228.0 370.0 343.0 263.0 231.0 262.0 314.0 164.0 203.0 327.0 224.0 278.0 220.0 373.0 343.0 394.0 250.0 262.0 285.0 332.0 281.0 320.0 355.0 363.0 294.0 226.0 291.0 213.0 155.0 153.0 157.0 106.0 
110.0 0 65.0 235.0 157.0 216.0 159.0 227.0 356.0 350.0 323.0 252.0 282.0 415.0 265.0 364.0 333.0 308.0 296.0 246.0 182.0 255.0 194.0 148.0 290.0 263.0 177.0 251.0 239.0 291.0 191.0 230.0 431.0 328.0 327.0 255.0 312.0 275.0 375.0 277.0 225.0 245.0 262.0 327.0 374.0 384.0 304.0 257.0 189.0 266.0 246.0 238.0 236.0 267.0 216.0 
175.0 65.0 0 170.0 222.0 235.0 117.0 185.0 291.0 293.0 259.0 231.0 217.0 350.0 210.0 342.0 268.0 243.0 231.0 187.0 117.0 190.0 181.0 162.0 225.0 198.0 112.0 186.0 242.0 294.0 126.0 165.0 443.0 340.0 270.0 190.0 349.0 297.0 334.0 212.0 290.0 292.0 314.0 319.0 366.0 401.0 268.0 322.0 254.0 284.0 272.0 261.0 259.0 313.0 281.0 
239.0 235.0 170.0 0 81.0 172.0 147.0 137.0 162.0 153.0 163.0 97.0 77.0 210.0 160.0 285.0 240.0 213.0 240.0 183.0 178.0 251.0 175.0 192.0 175.0 148.0 62.0 136.0 175.0 227.0 177.0 216.0 396.0 293.0 130.0 50.0 299.0 247.0 284.0 263.0 316.0 122.0 144.0 224.0 250.0 285.0 218.0 325.0 257.0 180.0 102.0 171.0 169.0 223.0 314.0 
197.0 157.0 222.0 81.0 0 91.0 228.0 218.0 213.0 204.0 166.0 178.0 158.0 291.0 241.0 276.0 321.0 294.0 321.0 264.0 259.0 332.0 256.0 273.0 256.0 229.0 143.0 177.0 256.0 308.0 258.0 297.0 477.0 374.0 211.0 131.0 306.0 289.0 365.0 344.0 282.0 88.0 135.0 170.0 217.0 227.0 299.0 373.0 305.0 247.0 169.0 208.0 206.0 242.0 303.0 
106.0 216.0 235.0 172.0 91.0 0 212.0 280.0 304.0 295.0 257.0 269.0 249.0 382.0 305.0 367.0 363.0 385.0 375.0 328.0 261.0 259.0 303.0 257.0 320.0 293.0 207.0 268.0 347.0 392.0 270.0 309.0 433.0 330.0 302.0 222.0 397.0 369.0 397.0 356.0 368.0 179.0 226.0 261.0 308.0 318.0 340.0 400.0 332.0 338.0 260.0 261.0 259.0 263.0 212.0 
243.0 159.0 117.0 147.0 228.0 212.0 0 68.0 267.0 258.0 272.0 208.0 182.0 297.0 106.0 259.0 241.0 268.0 241.0 210.0 176.0 241.0 185.0 139.0 202.0 175.0 89.0 163.0 155.0 207.0 185.0 224.0 326.0 223.0 168.0 155.0 326.0 274.0 311.0 271.0 295.0 269.0 242.0 209.0 256.0 291.0 245.0 327.0 259.0 215.0 243.0 144.0 142.0 196.0 287.0 
175.0 227.0 185.0 137.0 218.0 280.0 68.0 0 199.0 190.0 228.0 216.0 114.0 229.0 38.0 289.0 227.0 200.0 173.0 160.0 183.0 256.0 201.0 207.0 253.0 226.0 140.0 202.0 87.0 139.0 192.0 231.0 366.0 263.0 167.0 87.0 280.0 217.0 307.0 278.0 227.0 259.0 277.0 220.0 241.0 276.0 188.0 259.0 191.0 253.0 175.0 76.0 74.0 128.0 219.0 
329.0 356.0 291.0 162.0 213.0 304.0 267.0 199.0 0 9.0 47.0 107.0 85.0 280.0 237.0 337.0 296.0 269.0 242.0 229.0 174.0 247.0 192.0 254.0 252.0 225.0 194.0 255.0 286.0 338.0 183.0 222.0 404.0 301.0 138.0 112.0 342.0 279.0 328.0 269.0 384.0 284.0 306.0 195.0 148.0 183.0 250.0 416.0 348.0 337.0 264.0 233.0 231.0 259.0 363.0 
323.0 350.0 293.0 153.0 204.0 295.0 258.0 190.0 9.0 0 38.0 98.0 76.0 271.0 228.0 328.0 300.0 273.0 248.0 235.0 180.0 253.0 198.0 260.0 243.0 216.0 185.0 246.0 277.0 329.0 189.0 228.0 395.0 292.0 129.0 103.0 333.0 270.0 319.0 275.0 375.0 275.0 297.0 204.0 157.0 192.0 241.0 407.0 339.0 328.0 255.0 224.0 222.0 250.0 358.0 
286.0 323.0 259.0 163.0 166.0 257.0 272.0 228.0 47.0 38.0 0 81.0 114.0 309.0 265.0 349.0 262.0 235.0 210.0 197.0 142.0 215.0 160.0 222.0 280.0 254.0 200.0 274.0 267.0 319.0 151.0 190.0 427.0 330.0 167.0 141.0 295.0 232.0 344.0 237.0 358.0 254.0 301.0 242.0 195.0 230.0 203.0 402.0 334.0 343.0 265.0 237.0 235.0 229.0 320.0 
336.0 252.0 231.0 97.0 178.0 269.0 208.0 216.0 107.0 98.0 81.0 0 156.0 289.0 221.0 353.0 337.0 310.0 291.0 244.0 223.0 296.0 236.0 253.0 236.0 209.0 123.0 197.0 270.0 322.0 232.0 265.0 475.0 372.0 209.0 129.0 360.0 308.0 345.0 318.0 401.0 219.0 241.0 302.0 255.0 290.0 279.0 422.0 354.0 277.0 199.0 235.0 237.0 302.0 377.0 
247.0 282.0 217.0 77.0 158.0 249.0 182.0 114.0 85.0 76.0 114.0 156.0 0 195.0 152.0 252.0 252.0 233.0 260.0 230.0 213.0 256.0 222.0 237.0 209.0 182.0 109.0 170.0 201.0 253.0 212.0 251.0 319.0 216.0 53.0 27.0 346.0 294.0 243.0 298.0 299.0 199.0 221.0 190.0 227.0 262.0 265.0 331.0 263.0 252.0 179.0 148.0 146.0 174.0 291.0 
404.0 415.0 350.0 210.0 291.0 382.0 297.0 229.0 280.0 271.0 309.0 289.0 195.0 0 267.0 395.0 395.0 375.0 348.0 257.0 325.0 398.0 355.0 372.0 355.0 328.0 242.0 316.0 316.0 368.0 334.0 373.0 462.0 359.0 196.0 222.0 398.0 422.0 386.0 420.0 456.0 332.0 354.0 373.0 420.0 455.0 398.0 488.0 420.0 390.0 312.0 305.0 303.0 317.0 448.0 
213.0 265.0 210.0 160.0 241.0 305.0 106.0 38.0 237.0 228.0 265.0 221.0 152.0 267.0 0 251.0 221.0 224.0 197.0 184.0 174.0 247.0 215.0 232.0 215.0 188.0 102.0 176.0 49.0 101.0 173.0 212.0 404.0 301.0 205.0 125.0 242.0 179.0 307.0 259.0 265.0 282.0 275.0 258.0 279.0 305.0 150.0 297.0 229.0 215.0 137.0 114.0 112.0 166.0 257.0 
375.0 364.0 342.0 285.0 276.0 367.0 259.0 289.0 337.0 328.0 349.0 353.0 252.0 395.0 251.0 0 87.0 114.0 141.0 232.0 255.0 328.0 273.0 216.0 275.0 302.0 234.0 308.0 259.0 311.0 264.0 303.0 261.0 158.0 199.0 279.0 336.0 215.0 275.0 266.0 410.0 364.0 141.0 360.0 407.0 399.0 244.0 334.0 362.0 285.0 207.0 277.0 275.0 281.0 444.0 
323.0 333.0 268.0 240.0 321.0 363.0 241.0 227.0 296.0 300.0 262.0 337.0 252.0 395.0 221.0 87.0 0 27.0 54.0 145.0 168.0 241.0 186.0 248.0 188.0 215.0 238.0 300.0 172.0 224.0 177.0 216.0 271.0 245.0 199.0 233.0 249.0 128.0 188.0 263.0 403.0 294.0 228.0 311.0 347.0 312.0 157.0 247.0 315.0 348.0 270.0 196.0 198.0 194.0 357.0 
296.0 308.0 243.0 213.0 294.0 385.0 268.0 200.0 269.0 273.0 235.0 310.0 233.0 375.0 224.0 114.0 27.0 0 27.0 118.0 141.0 214.0 159.0 221.0 161.0 188.0 211.0 285.0 199.0 251.0 150.0 189.0 244.0 272.0 226.0 206.0 222.0 101.0 161.0 236.0 376.0 267.0 255.0 284.0 320.0 285.0 130.0 220.0 288.0 341.0 265.0 169.0 171.0 221.0 330.0 
269.0 296.0 231.0 240.0 321.0 375.0 241.0 173.0 242.0 248.0 210.0 291.0 260.0 348.0 197.0 141.0 54.0 27.0 0 91.0 114.0 187.0 132.0 194.0 188.0 215.0 184.0 258.0 226.0 278.0 123.0 162.0 217.0 253.0 253.0 233.0 195.0 74.0 134.0 209.0 400.0 294.0 228.0 290.0 293.0 258.0 103.0 247.0 315.0 314.0 238.0 196.0 198.0 248.0 303.0 
225.0 246.0 187.0 183.0 264.0 328.0 210.0 160.0 229.0 235.0 197.0 244.0 230.0 257.0 184.0 232.0 145.0 118.0 91.0 0 70.0 143.0 119.0 181.0 192.0 211.0 125.0 180.0 195.0 247.0 79.0 118.0 308.0 214.0 283.0 203.0 253.0 165.0 169.0 165.0 361.0 299.0 252.0 272.0 319.0 349.0 194.0 338.0 302.0 225.0 147.0 203.0 205.0 220.0 259.0 
155.0 182.0 117.0 178.0 259.0 261.0 176.0 183.0 174.0 180.0 142.0 223.0 213.0 325.0 174.0 255.0 168.0 141.0 114.0 70.0 0 73.0 64.0 126.0 261.0 267.0 181.0 250.0 125.0 177.0 9.0 48.0 331.0 282.0 244.0 210.0 309.0 188.0 239.0 95.0 309.0 229.0 320.0 202.0 249.0 284.0 217.0 361.0 345.0 295.0 217.0 229.0 227.0 240.0 189.0 
153.0 255.0 190.0 251.0 332.0 259.0 241.0 256.0 247.0 253.0 215.0 296.0 256.0 398.0 247.0 328.0 241.0 214.0 187.0 143.0 73.0 0 137.0 199.0 334.0 340.0 254.0 312.0 198.0 250.0 82.0 121.0 404.0 346.0 203.0 249.0 382.0 261.0 312.0 168.0 379.0 302.0 393.0 275.0 322.0 357.0 290.0 411.0 343.0 368.0 290.0 246.0 244.0 238.0 187.0 
219.0 194.0 181.0 175.0 256.0 303.0 185.0 201.0 192.0 198.0 160.0 236.0 222.0 355.0 215.0 273.0 186.0 159.0 132.0 119.0 64.0 137.0 0 62.0 197.0 203.0 117.0 191.0 189.0 241.0 73.0 112.0 345.0 242.0 275.0 195.0 327.0 206.0 266.0 159.0 343.0 293.0 319.0 266.0 313.0 348.0 235.0 379.0 366.0 289.0 266.0 277.0 275.0 304.0 253.0 
228.0 148.0 162.0 192.0 273.0 257.0 139.0 207.0 254.0 260.0 222.0 253.0 237.0 372.0 232.0 216.0 248.0 221.0 194.0 181.0 126.0 199.0 62.0 0 247.0 220.0 134.0 208.0 251.0 303.0 135.0 174.0 283.0 180.0 221.0 210.0 371.0 268.0 328.0 221.0 373.0 314.0 336.0 328.0 375.0 410.0 290.0 405.0 337.0 306.0 294.0 283.0 281.0 322.0 315.0 
370.0 290.0 225.0 175.0 256.0 320.0 202.0 253.0 252.0 243.0 280.0 236.0 209.0 355.0 215.0 275.0 188.0 161.0 188.0 192.0 261.0 334.0 197.0 247.0 0 27.0 113.0 139.0 264.0 316.0 270.0 309.0 405.0 406.0 262.0 182.0 350.0 262.0 194.0 356.0 429.0 297.0 319.0 369.0 362.0 397.0 273.0 381.0 366.0 289.0 277.0 296.0 298.0 313.0 404.0 
343.0 263.0 198.0 148.0 229.0 293.0 175.0 226.0 225.0 216.0 254.0 209.0 182.0 328.0 188.0 302.0 215.0 188.0 215.0 211.0 267.0 340.0 203.0 220.0 27.0 0 86.0 112.0 237.0 289.0 276.0 315.0 432.0 398.0 235.0 155.0 323.0 275.0 221.0 362.0 427.0 270.0 292.0 342.0 335.0 370.0 246.0 407.0 339.0 262.0 250.0 269.0 271.0 286.0 377.0 
263.0 177.0 112.0 62.0 143.0 207.0 89.0 140.0 194.0 185.0 200.0 123.0 109.0 242.0 102.0 234.0 238.0 211.0 184.0 125.0 181.0 254.0 117.0 134.0 113.0 86.0 0 74.0 151.0 203.0 190.0 229.0 401.0 312.0 162.0 82.0 237.0 189.0 222.0 276.0 347.0 184.0 206.0 256.0 282.0 315.0 160.0 321.0 253.0 176.0 164.0 203.0 201.0 206.0 297.0 
231.0 251.0 186.0 136.0 177.0 268.0 163.0 202.0 255.0 246.0 274.0 197.0 170.0 316.0 176.0 308.0 300.0 285.0 258.0 180.0 250.0 312.0 191.0 208.0 139.0 112.0 74.0 0 225.0 277.0 259.0 298.0 457.0 354.0 223.0 143.0 311.0 263.0 248.0 345.0 315.0 258.0 226.0 231.0 278.0 313.0 234.0 300.0 232.0 250.0 234.0 157.0 159.0 174.0 265.0 
262.0 239.0 242.0 175.0 256.0 347.0 155.0 87.0 286.0 277.0 267.0 270.0 201.0 316.0 49.0 259.0 172.0 199.0 226.0 195.0 125.0 198.0 189.0 251.0 264.0 237.0 151.0 225.0 0 52.0 124.0 163.0 443.0 350.0 254.0 174.0 254.0 228.0 356.0 210.0 314.0 247.0 319.0 307.0 328.0 354.0 199.0 346.0 278.0 264.0 186.0 163.0 161.0 215.0 306.0 
314.0 291.0 294.0 227.0 308.0 392.0 207.0 139.0 338.0 329.0 319.0 322.0 253.0 368.0 101.0 311.0 224.0 251.0 278.0 247.0 177.0 250.0 241.0 303.0 316.0 289.0 203.0 277.0 52.0 0 176.0 215.0 483.0 380.0 306.0 226.0 306.0 280.0 408.0 262.0 366.0 299.0 356.0 325.0 372.0 406.0 251.0 398.0 330.0 316.0 238.0 215.0 213.0 267.0 358.0 
164.0 191.0 126.0 177.0 258.0 270.0 185.0 192.0 183.0 189.0 151.0 232.0 212.0 334.0 173.0 264.0 177.0 150.0 123.0 79.0 9.0 82.0 73.0 135.0 270.0 276.0 190.0 259.0 124.0 176.0 0 39.0 340.0 291.0 253.0 209.0 318.0 197.0 248.0 86.0 308.0 228.0 321.0 211.0 258.0 293.0 226.0 370.0 354.0 304.0 226.0 220.0 218.0 249.0 198.0 
203.0 230.0 165.0 216.0 297.0 309.0 224.0 231.0 222.0 228.0 190.0 265.0 251.0 373.0 212.0 303.0 216.0 189.0 162.0 118.0 48.0 121.0 112.0 174.0 309.0 315.0 229.0 298.0 163.0 215.0 39.0 0 379.0 330.0 292.0 248.0 357.0 236.0 287.0 105.0 347.0 267.0 360.0 250.0 297.0 332.0 265.0 409.0 393.0 343.0 265.0 259.0 257.0 288.0 237.0 
327.0 431.0 443.0 396.0 477.0 433.0 326.0 366.0 404.0 395.0 427.0 475.0 319.0 462.0 404.0 261.0 271.0 244.0 217.0 308.0 331.0 404.0 345.0 283.0 405.0 432.0 401.0 457.0 443.0 483.0 340.0 379.0 0 103.0 266.0 346.0 412.0 291.0 351.0 426.0 589.0 511.0 402.0 497.0 510.0 475.0 320.0 464.0 522.0 445.0 455.0 413.0 415.0 367.0 433.0 
224.0 328.0 340.0 293.0 374.0 330.0 223.0 263.0 301.0 292.0 330.0 372.0 216.0 359.0 301.0 158.0 245.0 272.0 253.0 214.0 282.0 346.0 242.0 180.0 406.0 398.0 312.0 354.0 350.0 380.0 291.0 330.0 103.0 0 163.0 243.0 329.0 208.0 336.0 377.0 486.0 415.0 299.0 394.0 427.0 392.0 237.0 487.0 419.0 342.0 361.0 339.0 337.0 264.0 330.0 
278.0 327.0 270.0 130.0 211.0 302.0 168.0 167.0 138.0 129.0 167.0 209.0 53.0 196.0 205.0 199.0 199.0 226.0 253.0 283.0 244.0 203.0 275.0 221.0 262.0 235.0 162.0 223.0 254.0 306.0 253.0 292.0 266.0 163.0 0 80.0 338.0 275.0 190.0 339.0 352.0 252.0 274.0 231.0 278.0 313.0 246.0 344.0 276.0 199.0 232.0 201.0 199.0 121.0 312.0 
220.0 255.0 190.0 50.0 131.0 222.0 155.0 87.0 112.0 103.0 141.0 129.0 27.0 222.0 125.0 279.0 233.0 206.0 233.0 203.0 210.0 249.0 195.0 210.0 182.0 155.0 82.0 143.0 174.0 226.0 209.0 248.0 346.0 243.0 80.0 0 319.0 267.0 270.0 295.0 272.0 172.0 194.0 217.0 200.0 235.0 238.0 304.0 236.0 230.0 152.0 121.0 119.0 173.0 264.0 
373.0 312.0 349.0 299.0 306.0 397.0 326.0 280.0 342.0 333.0 295.0 360.0 346.0 398.0 242.0 336.0 249.0 222.0 195.0 253.0 309.0 382.0 327.0 371.0 350.0 323.0 237.0 311.0 254.0 306.0 318.0 357.0 412.0 329.0 338.0 319.0 0 121.0 249.0 404.0 350.0 390.0 275.0 329.0 282.0 247.0 92.0 315.0 351.0 303.0 280.0 356.0 354.0 381.0 441.0 
343.0 275.0 297.0 247.0 289.0 369.0 274.0 217.0 279.0 270.0 232.0 308.0 294.0 422.0 179.0 215.0 128.0 101.0 74.0 165.0 188.0 261.0 206.0 268.0 262.0 275.0 189.0 263.0 228.0 280.0 197.0 236.0 291.0 208.0 275.0 267.0 121.0 0 128.0 283.0 416.0 368.0 154.0 216.0 219.0 184.0 29.0 321.0 258.0 240.0 312.0 270.0 272.0 288.0 377.0 
394.0 375.0 334.0 284.0 365.0 397.0 311.0 307.0 328.0 319.0 344.0 345.0 243.0 386.0 307.0 275.0 188.0 161.0 134.0 169.0 239.0 312.0 266.0 328.0 194.0 221.0 222.0 248.0 356.0 408.0 248.0 287.0 351.0 336.0 190.0 270.0 249.0 128.0 0 334.0 430.0 383.0 282.0 254.0 207.0 242.0 157.0 340.0 272.0 349.0 316.0 330.0 332.0 311.0 428.0 
250.0 277.0 212.0 263.0 344.0 356.0 271.0 278.0 269.0 275.0 237.0 318.0 298.0 420.0 259.0 266.0 263.0 236.0 209.0 165.0 95.0 168.0 159.0 221.0 356.0 362.0 276.0 345.0 210.0 262.0 86.0 105.0 426.0 377.0 339.0 295.0 404.0 283.0 334.0 0 394.0 314.0 407.0 297.0 344.0 379.0 312.0 456.0 439.0 390.0 312.0 306.0 304.0 335.0 284.0 
262.0 225.0 290.0 316.0 282.0 368.0 295.0 227.0 384.0 375.0 358.0 401.0 299.0 456.0 265.0 410.0 403.0 376.0 400.0 361.0 309.0 379.0 343.0 373.0 429.0 427.0 347.0 315.0 314.0 366.0 308.0 347.0 589.0 486.0 352.0 272.0 350.0 416.0 430.0 394.0 0 194.0 390.0 303.0 256.0 291.0 415.0 226.0 158.0 235.0 313.0 207.0 205.0 241.0 332.0 
285.0 245.0 292.0 122.0 88.0 179.0 269.0 259.0 284.0 275.0 254.0 219.0 199.0 332.0 282.0 364.0 294.0 267.0 294.0 299.0 229.0 302.0 293.0 314.0 297.0 270.0 184.0 258.0 247.0 299.0 228.0 267.0 511.0 415.0 252.0 172.0 390.0 368.0 383.0 314.0 194.0 0 223.0 223.0 176.0 211.0 340.0 420.0 352.0 302.0 224.0 293.0 291.0 330.0 391.0 
332.0 262.0 314.0 144.0 135.0 226.0 242.0 277.0 306.0 297.0 301.0 241.0 221.0 354.0 275.0 141.0 228.0 255.0 228.0 252.0 320.0 393.0 319.0 336.0 319.0 292.0 206.0 226.0 319.0 356.0 321.0 360.0 402.0 299.0 274.0 194.0 275.0 154.0 282.0 407.0 390.0 223.0 0 219.0 266.0 301.0 183.0 334.0 266.0 189.0 214.0 257.0 255.0 291.0 382.0 
281.0 327.0 319.0 224.0 170.0 261.0 209.0 220.0 195.0 204.0 242.0 302.0 190.0 373.0 258.0 360.0 311.0 284.0 290.0 272.0 202.0 275.0 266.0 328.0 369.0 342.0 256.0 231.0 307.0 325.0 211.0 250.0 497.0 394.0 231.0 217.0 329.0 216.0 254.0 297.0 303.0 223.0 219.0 0 47.0 82.0 237.0 361.0 297.0 319.0 241.0 200.0 198.0 234.0 325.0 
320.0 374.0 366.0 250.0 217.0 308.0 256.0 241.0 148.0 157.0 195.0 255.0 227.0 420.0 279.0 407.0 347.0 320.0 293.0 319.0 249.0 322.0 313.0 375.0 362.0 335.0 282.0 278.0 328.0 372.0 258.0 297.0 510.0 427.0 278.0 200.0 282.0 219.0 207.0 344.0 256.0 176.0 266.0 47.0 0 35.0 190.0 404.0 336.0 366.0 288.0 169.0 167.0 273.0 364.0 
355.0 384.0 401.0 285.0 227.0 318.0 291.0 276.0 183.0 192.0 230.0 290.0 262.0 455.0 305.0 399.0 312.0 285.0 258.0 349.0 284.0 357.0 348.0 410.0 397.0 370.0 315.0 313.0 354.0 406.0 293.0 332.0 475.0 392.0 313.0 235.0 247.0 184.0 242.0 379.0 291.0 211.0 301.0 82.0 35.0 0 155.0 439.0 371.0 366.0 323.0 204.0 202.0 308.0 399.0 
363.0 304.0 268.0 218.0 299.0 340.0 245.0 188.0 250.0 241.0 203.0 279.0 265.0 398.0 150.0 244.0 157.0 130.0 103.0 194.0 217.0 290.0 235.0 290.0 273.0 246.0 160.0 234.0 199.0 251.0 226.0 265.0 320.0 237.0 246.0 238.0 92.0 29.0 157.0 312.0 415.0 340.0 183.0 237.0 190.0 155.0 0 350.0 287.0 211.0 287.0 264.0 262.0 316.0 349.0 
294.0 257.0 322.0 325.0 373.0 400.0 327.0 259.0 416.0 407.0 402.0 422.0 331.0 488.0 297.0 334.0 247.0 220.0 247.0 338.0 361.0 411.0 379.0 405.0 381.0 407.0 321.0 300.0 346.0 398.0 370.0 409.0 464.0 487.0 344.0 304.0 315.0 321.0 340.0 456.0 226.0 420.0 334.0 361.0 404.0 439.0 350.0 0 68.0 145.0 223.0 239.0 237.0 273.0 364.0 
226.0 189.0 254.0 257.0 305.0 332.0 259.0 191.0 348.0 339.0 334.0 354.0 263.0 420.0 229.0 362.0 315.0 288.0 315.0 302.0 345.0 343.0 366.0 337.0 366.0 339.0 253.0 232.0 278.0 330.0 354.0 393.0 522.0 419.0 276.0 236.0 351.0 258.0 272.0 439.0 158.0 352.0 266.0 297.0 336.0 371.0 287.0 68.0 0 77.0 155.0 171.0 169.0 205.0 296.0 
291.0 266.0 284.0 180.0 247.0 338.0 215.0 253.0 337.0 328.0 343.0 277.0 252.0 390.0 215.0 285.0 348.0 341.0 314.0 225.0 295.0 368.0 289.0 306.0 289.0 262.0 176.0 250.0 264.0 316.0 304.0 343.0 445.0 342.0 199.0 230.0 303.0 240.0 349.0 390.0 235.0 302.0 189.0 319.0 366.0 366.0 211.0 145.0 77.0 0 78.0 241.0 243.0 282.0 373.0 
213.0 246.0 272.0 102.0 169.0 260.0 243.0 175.0 264.0 255.0 265.0 199.0 179.0 312.0 137.0 207.0 270.0 265.0 238.0 147.0 217.0 290.0 266.0 294.0 277.0 250.0 164.0 234.0 186.0 238.0 226.0 265.0 455.0 361.0 232.0 152.0 280.0 312.0 316.0 312.0 313.0 224.0 214.0 241.0 288.0 323.0 287.0 223.0 155.0 78.0 0 163.0 165.0 246.0 305.0 
155.0 238.0 261.0 171.0 208.0 261.0 144.0 76.0 233.0 224.0 237.0 235.0 148.0 305.0 114.0 277.0 196.0 169.0 196.0 203.0 229.0 246.0 277.0 283.0 296.0 269.0 203.0 157.0 163.0 215.0 220.0 259.0 413.0 339.0 201.0 121.0 356.0 270.0 330.0 306.0 207.0 293.0 257.0 200.0 169.0 204.0 264.0 239.0 171.0 241.0 163.0 0 2.0 108.0 199.0 
153.0 236.0 259.0 169.0 206.0 259.0 142.0 74.0 231.0 222.0 235.0 237.0 146.0 303.0 112.0 275.0 198.0 171.0 198.0 205.0 227.0 244.0 275.0 281.0 298.0 271.0 201.0 159.0 161.0 213.0 218.0 257.0 415.0 337.0 199.0 119.0 354.0 272.0 332.0 304.0 205.0 291.0 255.0 198.0 167.0 202.0 262.0 237.0 169.0 243.0 165.0 2.0 0 106.0 197.0 
157.0 267.0 313.0 223.0 242.0 263.0 196.0 128.0 259.0 250.0 229.0 302.0 174.0 317.0 166.0 281.0 194.0 221.0 248.0 220.0 240.0 238.0 304.0 322.0 313.0 286.0 206.0 174.0 215.0 267.0 249.0 288.0 367.0 264.0 121.0 173.0 381.0 288.0 311.0 335.0 241.0 330.0 291.0 234.0 273.0 308.0 316.0 273.0 205.0 282.0 246.0 108.0 106.0 0 191.0 
106.0 216.0 281.0 314.0 303.0 212.0 287.0 219.0 363.0 358.0 320.0 377.0 291.0 448.0 257.0 444.0 357.0 330.0 303.0 259.0 189.0 187.0 253.0 315.0 404.0 377.0 297.0 265.0 306.0 358.0 198.0 237.0 433.0 330.0 312.0 264.0 441.0 377.0 428.0 284.0 332.0 391.0 382.0 325.0 364.0 399.0 349.0 364.0 296.0 373.0 305.0 199.0 197.0 191.0 0 
