61
uu nn o x hhh kkkkkkk zz lll hhhh rrrrrr e aa pppppppp vvvvv lllllll b llllll wwww xxxx wwwww jjj gggg pppp hhhhhhhh eeeeee mmmm tt nnn dddd ggggggg qqqqqq eeeee tttttt kkkkkkkk q hhhhhhh ssssss ttttt zzz c xxxxxxx mmmmmmmm kkkkkk yyyyyyy yy oooooo eeee wwwwww ee bbbbbbb dd cccc d ttttttt nnnnnn rrrrr qqqqqqq xxxxx ll aaaa ffffff
0 46.6155 46.011 64.2574 127.4756 124.0203 152.1185 159.6654 166.0754 222.0024 261.5034 259.9886 278.6917 309.0406 341.4002 244.9511 237.1709 193.7061 193.2978 186.6977 130.3611 155.361 165.4238 212.151 145.9933 58.421 54.3416 41.9763 45.0001 81.5967 79.1203 85.2761 110.2589 101.0793 143.2795 156.9778 152.7614 139.7857 151.7136 199.8651 208.7871 268.9109 287.8977 314.5744 301.8511 262.7738 190.3183 185.9302 174.9086 143.1993 182.5432 176.8758 164.7939 118.6635 78.2625 61.6848 63.8906 57.7063 47.0001 60.4071 14.3179 
46.6155 0 20.0001 46.5189 87.7098 89.989 121.8237 141.4215 155.5893 208.2788 242.4645 231.2251 249.4796 272.8829 302.1077 207.1184 199.4819 160.3528 159.7029 144.3088 84.1725 109.1422 119.683 169.2957 107.8379 29.1549 31.6229 27.0741 72.2773 91.5479 90.4269 114.7912 138.7156 136.4992 180.5105 190.9373 175.1143 155.7082 157.8925 202.2499 203.1577 260.0501 278.5679 319.531 303.5277 274.1333 211.1162 220.9548 212.7347 188.9578 229.1573 223.4861 211.4049 164.712 124.812 108.2683 100.4242 91.2635 77.936 85.907 56.0358 
46.011 20.0001 0 27.203 81.4679 79.1582 109.1101 124.2579 136.8212 190.3787 226.02 218.3049 236.8123 264.0929 295.6299 199.4243 191.6691 149.5628 149.0538 140.8014 94.048 118.4231 130.0616 182.858 124.888 49.0919 50.9903 44.1476 58.0346 72.2012 71.2812 99.0405 122.123 122.4092 166.5894 175.525 156.6685 136.4002 137.9059 182.3212 183.8723 241.367 260.0001 299.5798 283.72 254.2067 192.2135 205.7305 198.8166 181.8379 224.9645 219.7135 207.6633 158.3983 122.3194 104.6232 107.3547 99.4033 86.7296 97.0156 58.8219 
64.2574 46.5189 27.203 0 71.197 62.2416 88.1193 98.0001 109.6359 163.4871 200.0626 195.7576 214.4482 246.0103 280.1661 183.2213 175.411 130.1731 129.85 131.2289 104.5611 127.0119 139.7427 196.0231 144.2672 75.5911 78.0001 71.3093 55.4618 52.8111 52.8868 89.2021 109.371 115.1174 158.4551 164.2469 138.3511 115.486 113.146 156.1571 156.7324 214.1823 232.8348 273.4814 257.1246 229.8109 172.1919 194.4352 190.1684 184.7188 231.3116 226.6849 214.8303 162.9295 132.9437 114.5514 128.0821 121.2973 109.4441 121.0621 78.4348 
127.4756 87.7098 81.4679 71.197 0 21.471 47.854 88.3913 114.6343 152.2663 174.5681 150.0134 167.2992 185.4078 214.6719 119.4195 111.8035 76.2366 75.3261 60.2164 70.4558 81.8353 95.0001 153.9416 127.0591 105.5131 111.6827 112.9249 126.59 113.4373 114.9349 156.4673 172.9654 183.2404 224.9645 227.4908 191.5882 164.3473 148.314 177.0199 162.733 208.0217 224.5107 288.335 267.2902 257.9923 219.4562 256.9437 255.6424 255.8829 302.3443 297.5988 285.687 234.0962 202.2994 184.1332 187.4888 178.7178 165.4963 173.5196 140.0894 
124.0203 89.989 79.1582 62.2416 21.471 0 33.0607 68.2496 93.6057 133.8433 159.5902 141.5663 159.656 185.065 218.0483 121.2107 113.4064 70.5763 70.0072 72.4501 90.0279 103.005 116.2498 175.2856 145.3445 112.2855 117.7201 116.7091 115.8017 97.1237 98.9799 141.5098 156.2051 168.4341 208.9259 210.1072 172.0728 144.4196 127.2007 155.6182 142.1303 189.3358 206.3057 267.5258 246.83 236.5355 198.9272 239.1507 238.952 244.4362 292.4056 288.0279 276.2789 223.6606 195.1821 176.7825 186.4967 178.519 165.7107 175.2314 137.5574 
152.1185 121.8237 109.1101 88.1193 47.854 33.0607 0 45.6181 74.4649 105.0001 127.2007 109.4441 127.8164 158.6002 195.2077 98.7169 91.0495 42.6381 42.5207 70.4558 117.9916 126.7321 139.3163 196.9874 174.8886 145.1242 150.4029 148.7885 136.6932 109.5537 112.0715 154.7774 165.1092 181.2761 218.4057 216.3008 172.2906 143.6942 120.0376 138.7156 119.2813 160.8012 176.9549 244.8041 222.6792 220.0774 194.0027 243.8238 246.4895 261.9047 311.6698 307.8263 296.3799 242.8354 218.8265 200.4122 215.6155 208.2163 195.7576 206.0414 166.1115 
159.6654 141.4215 124.2579 98.0001 88.3913 68.2496 45.6181 0 29.1205 67.6758 102.1226 108.0047 126.4912 173.0463 215.2883 124.6516 117.9535 69.2316 70.0358 114.4772 158.2562 169.9177 182.8771 241.2904 213.3285 168.6714 172.6269 167.9674 131.8485 95.1894 98.2701 136.8833 140.7197 161.2204 192.5202 186.5932 137.6409 109.3847 80.8085 93.3007 74.5186 122.0902 139.7141 200.2499 178.9107 174.5538 154.1753 211.8043 217.5685 245.7337 297.3097 294.391 283.6407 229.8044 214.2383 196.474 222.9911 217.3685 206.2863 218.5865 173.9541 
166.0754 155.5893 136.8212 109.6359 114.6343 93.6057 74.4649 29.1205 0 56.3206 99.6244 121.2643 138.6219 191.5647 235.6885 149.1644 142.9721 96.1302 97.0825 143.5863 183.1421 196.4689 209.6188 268.427 236.62 184.1142 187.2112 180.9448 131.8485 91.6789 94.8315 127.5344 126.3726 149.265 175.5678 167.048 115.486 88.4817 56.798 64.2574 49.4066 104.5467 123.2235 174.0001 153.9124 145.6195 127.8829 190.2762 198.091 234.4718 286.5677 284.2852 274.1169 220.9118 211.2488 194.3657 227.4314 223.036 213.0588 226.3185 180.0112 
222.0024 208.2788 190.3787 163.4871 152.2663 133.8433 105.0001 67.6758 56.3206 0 46.6155 89.0226 102.1568 163.7469 210.2785 140.5775 136.6932 103.4457 104.8095 161.719 222.7129 231.4909 243.8361 300.528 279.0288 235.9874 239.7083 234.4377 188.0958 147.6788 150.8146 180.8675 176.0058 200.3698 220.8439 208.7416 154.8968 132.2007 99.0455 73.7903 38.4839 55.8033 72.4708 146.6971 122.2989 140.0037 155.0807 227.5633 239.0064 284.9089 337.0179 335.288 325.6502 273.3094 266.6272 250.0601 283.7059 279.1793 269.002 282.0639 236.034 
261.5034 242.4645 226.02 200.0626 174.5681 159.5902 127.2007 102.1226 99.6244 46.6155 0 60.877 67.0299 131.0955 177.4769 126.59 125.1959 109.0414 110.4356 167.738 243.1832 247.5824 258.7915 312.0257 300.696 268.6802 273.1466 269.314 230.6535 191.0865 194.2474 226.4333 222.4344 246.6111 267.4192 255.0334 201.1369 178.8073 145.6607 117.0044 82.2193 60.4071 66.31 161.1119 134.9742 171.0498 199.0101 273.0752 285.1124 331.3398 383.4711 381.6557 371.91 319.3134 310.8522 293.8657 324.4227 319.1521 308.2743 320.6884 275.7482 
259.9886 231.2251 218.3049 195.7576 150.0134 141.5663 109.4441 108.0047 121.2643 89.0226 60.877 0 18.7884 74.7263 121.2766 68.8841 69.311 74.1081 75.1666 124.2338 211.4428 210.3451 219.8296 267.9441 268.3432 253.6633 259.2394 258.1318 238.0694 203.0272 206.0729 244.7244 246.7895 268.4866 296.8047 288.0279 235.5293 209.4422 176.8192 161.9878 127.13 121.0166 126.811 221.8221 195.7244 227.0684 241.5058 310.0775 319.0064 353.3894 405.1322 402.3147 391.6185 337.8003 321.01259999999996 302.9539 323.8396 316.8912 304.6852 315.3174 274.1916 
278.6917 249.4796 236.8123 214.4482 167.2992 159.656 127.8164 126.4912 138.6219 102.1568 67.0299 18.7884 0 64.0704 110.5487 75.8025 78.0321 91.088 92.049 137.6409 226.9913 224.5886 233.521 279.6517 283.445 271.5328 277.2004 276.3278 256.8269 221.6056 224.6621 263.0305 264.5941 286.566 314.1593 304.8689 252.0021 226.3737 193.4995 175.8665 140.6308 127.0985 130.2307 227.2709 201.0996 237.2278 256.4255 326.3082 335.7738 371.5711 423.3876 420.6401 410.0001 356.2163 339.7559 321.7112 342.5275 335.5251 323.274 333.8084 292.8823 
309.0406 272.8829 264.0929 246.0103 185.4078 185.065 158.6002 173.0463 191.5647 163.7469 131.0955 74.7263 64.0704 0 46.6906 66.7609 74.0001 116.0173 116.2498 137.2954 230.5212 221.2262 227.0089 262.4082 282.3474 290.1466 296.589 298.3288 295.0204 264.4618 267.3014 308.4576 313.7532 333.6781 365.4108 358.3519 307.0017 279.9465 248.1956 236.5419 201.8168 191.0106 193.1451 290.7595 264.613 300.9453 315.273 381.7906 389.4163 417.253 468.124 464.6903 453.4987 399.6562 377.4137 359.0057 371.4298 363.1915 350.1786 358.7883 322.6222 
341.4002 302.1077 295.6299 280.1661 214.6719 218.0483 195.2077 215.2883 235.6885 210.2785 177.4769 121.2766 110.5487 46.6906 0 97.0001 104.8047 152.9707 152.8988 159.656 249.1908 235.7478 239.0838 265.0925 296.142 316.2421 323.0001 326.2209 331.652 303.7105 306.4149 348.428 355.383 374.242 407.7071 401.6616 351.1269 323.6326 292.4809 282.765 248.2137 237.076 238.3549 336.2515 310.1613 347.6148 360.8061 425.8827 432.6951 456.64 506.7939 503.016 491.5863 438.0012 412.9032 394.4681 402.1593 393.3142 380.033 387.4185 354.4476 
244.9511 207.1184 199.4243 183.2213 119.4195 121.2107 98.7169 124.6516 149.1644 140.5775 126.59 68.8841 75.8025 66.7609 97.0001 0 7.8103 57.4544 57.1403 71.2532 164.6846 157.2579 164.3473 205.9928 218.0574 223.5801 230.0827 232.166 234.7638 208.0025 210.6016 253.0712 261.7251 279.3028 314.6968 310.4594 262.2919 233.9851 204.9781 205.351 174.0719 184.2282 192.7538 284.0177 258.3584 279.8661 277.0272 336.311 341.2478 360.6065 410.3426 406.4334 394.9305 341.4851 315.9051 297.4694 306.472 297.9347 284.7877 292.9335 258.2132 
237.1709 199.4819 191.6691 175.411 111.8035 113.4064 91.0495 117.9535 142.9721 136.6932 125.1959 69.311 78.0321 74.0001 104.8047 7.8103 0 50.12 49.7394 65.0078 158.3162 151.6477 159.1384 202.2326 212.2358 216.1783 222.65 224.6153 226.9913 200.4197 203.0026 245.524 254.3955 271.8033 307.4233 303.4008 255.5505 227.1784 198.4869 200.0901 169.3577 181.8599 191.0629 281.1353 255.6248 275.427 270.8525 329.4238 334.1453 352.9534 402.6314 398.7043 387.1913 333.768 308.0991 289.6637 298.7508 290.2414 277.1084 285.3227 250.4497 
193.7061 160.3528 149.5628 130.1731 76.2366 70.5763 42.6381 69.2316 96.1302 103.4457 109.0414 74.1081 91.088 116.0173 152.9707 57.4544 50.12 0 1.4143 59.4139 138.2463 139.6174 150.2965 203.0026 195.6017 181.0332 186.9038 186.8155 179.3015 150.8643 153.5253 195.801 204.2867 221.9303 257.3034 253.4325 206.2281 177.7246 150.0301 157.0351 129.8076 156.0289 169.1184 250.0181 225.7433 235.8051 223.3048 279.7285 284.1216 303.7105 353.8362 350.1044 338.7227 285.0703 261.4518 243.033 256.7568 248.966 236.2309 245.7988 207.5115 
193.2978 159.7029 149.0538 129.85 75.3261 70.0072 42.5207 70.0358 97.0825 104.8095 110.4356 75.1666 92.049 116.2498 152.8988 57.1403 49.7394 1.4143 0 58.0001 137.0329 138.2933 148.9464 201.6037 194.3657 180.2361 186.1318 186.1237 179.2123 151.0299 153.6751 196.0103 204.6584 222.1825 257.7073 253.9489 206.8914 178.3705 150.8146 158.1456 131.0421 157.4326 170.5316 251.3664 227.108 237.0022 224.1541 280.3178 284.6139 303.8323 353.8956 350.1386 338.7404 285.1124 261.2835 242.8601 256.2851 248.4553 235.6969 245.2041 207.0774 
186.6977 144.3088 140.8014 131.2289 60.2164 72.4501 70.4558 114.4772 143.5863 161.719 167.738 124.2338 137.6409 137.2954 159.656 71.2532 65.0078 59.4139 58.0001 0 93.4346 87.2984 95.8802 144.8034 147.4111 156.6685 163.4779 167.2424 186.4324 169.4994 171.4061 213.9534 228.3003 240.8756 281.2207 281.6843 240.832 212.4619 190.3183 207.5621 184.391 215.2325 228.528 307.5078 283.7782 288.4061 264.1535 310.2806 310.9422 315.674 362.5053 357.7947 345.8917 294.1514 262.3758 244.2643 244.7244 235.4104 222.0024 228.5367 198.7587 
130.3611 84.1725 94.048 104.5611 70.4558 90.0279 117.9916 158.2562 183.1421 222.7129 243.1832 211.4428 226.9913 230.5212 249.1908 164.6846 158.3162 138.2463 137.0329 93.4346 0 25.0001 36.014 91.7062 57.5848 80.1562 87.092 95.7707 152.0034 157.1752 157.4104 191.7552 213.4128 216.1135 260.2327 267.918 242.2603 217.8303 208.7511 243.3188 232.0389 278.4763 294.8984 357.1233 336.773 322.9428 274.6435 298.1813 292.3851 273.1301 312.5253 306.6481 294.593 248.8474 207.8678 191.9715 174.1839 163.6827 150.6022 152.7515 137.7862 
155.361 109.1422 118.4231 127.0119 81.8353 103.005 126.7321 169.9177 196.4689 231.4909 247.5824 210.3451 224.5886 221.2262 235.7478 157.2579 151.6477 139.6174 138.2933 87.2984 25.0001 0 13.4165 72.5604 61.1311 104.3169 111.1397 120.3039 176.1818 179.0671 179.5245 215.2325 236.3261 240.0001 284.0283 291.0757 263.4028 238.145 226.7908 258.4977 244.4035 287.2108 302.8004 370.0866 348.7651 339.0945 294.7305 321.3115 316.1013 298.0957 337.4805 331.5812 319.531 273.8358 232.8133 216.9655 198.1137 187.5234 174.5911 176.0115 162.69 
165.4238 119.683 130.0616 139.7427 95.0001 116.2498 139.3163 182.8771 209.6188 243.8361 258.7915 219.8296 233.521 227.0089 239.0838 164.3473 159.1384 150.2965 148.9464 95.8802 36.014 13.4165 0 59.1693 57.2801 112.4012 119.0127 128.876 188.0107 192.0027 192.3981 227.5633 248.9378 252.0715 296.169 303.587 276.5376 251.4061 240.2042 271.8033 257.3889 299.483 314.8652 383.1032 361.6367 352.4558 308.0293 333.8399 328.2987 308.5013 346.9136 340.896 328.877 284.074 242.2603 226.8084 205.4289 194.7435 182.0605 182.5378 172.0466 
212.151 169.2957 182.858 196.0231 153.9416 175.2856 196.9874 241.2904 268.427 300.528 312.0257 267.9441 279.6517 262.4082 265.0925 205.9928 202.2326 203.0026 201.6037 144.8034 91.7062 72.5604 59.1693 0 71.5123 154.7289 160.253 171.8431 240.6347 248.761 248.9097 281.7802 304.1793 305.1312 349.298 358.2319 333.9582 309.4577 299.1873 330.8928 315.7848 355.8329 370.5524 441.5123 419.6595 411.614 366.2309 388.4766 381.5456 354.5392 388.7031 382.2526 370.466 329.656 285.2596 271.553 241.0851 230.3607 219.0184 215.9839 216.1228 
145.9933 107.8379 124.888 144.2672 127.0591 145.3445 174.8886 213.3285 236.62 279.0288 300.696 268.3432 283.445 282.3474 296.142 218.0574 212.2358 195.6017 194.3657 147.4111 57.5848 61.1311 57.2801 71.5123 0 87.5729 92.1359 104.3073 179.9807 196.0103 195.4739 222.6253 246.4895 243.7561 287.4457 298.6504 281.3007 259.6499 255.6659 294.1701 285.9546 334.6417 351.4158 409.8598 390.5126 371.828 316.1662 328.5667 319.5388 286.112 318.2767 311.7131 300.0284 261.1227 215.7523 203.0395 169.8 159.1101 148.071 144.5442 148.0305 
58.421 29.1549 49.0919 75.5911 105.5131 112.2855 145.1242 168.6714 184.1142 235.9874 268.6802 253.6633 271.5328 290.1466 316.2421 223.5801 216.1783 181.0332 180.2361 156.6685 80.1562 104.3169 112.4012 154.7289 87.5729 0 7.0712 17.1173 95.2576 119.5032 118.1398 138.192 162.8252 157.4866 200.6839 213.0189 201.4573 183.3713 186.8155 231.398 232.0195 288.4026 306.8062 348.669 332.6696 302.835 238.0337 242.5717 232.6071 199.8125 235.3148 229.1202 217.1682 174.9287 131.0268 116.8419 94.048 83.6003 70.4558 73.5528 61.4004 
54.3416 31.6229 50.9903 78.0001 111.6827 117.7201 150.4029 172.6269 187.2112 239.7083 273.1466 259.2394 277.2004 296.589 323.0001 230.0827 222.65 186.9038 186.1318 163.4779 87.092 111.1397 119.0127 160.253 92.1359 7.0712 0 12.3694 93.2953 119.6705 118.1398 136.0773 160.8789 154.5058 197.3424 210.2309 200.4122 183.153 187.8564 233.0773 234.7191 291.6609 310.1613 350.2286 334.6477 303.4618 237.2552 239.5852 229.1202 194.4352 229.2009 222.9485 211.0262 169.4994 125.132 111.3644 87.092 76.6095 63.5139 66.4832 56.0358 
41.9763 27.0741 44.1476 71.3093 112.9249 116.7091 148.7885 167.9674 180.9448 234.4377 269.314 258.1318 276.3278 298.3288 326.2209 232.166 224.6153 186.8155 186.1237 167.2424 95.7707 120.3039 128.876 171.8431 104.3073 17.1173 12.3694 0 81.5415 109.6359 107.9353 124.1693 149.0404 142.2429 185.0001 198.0102 189.1297 172.5863 178.631 224.5886 227.7061 285.4909 304.1399 341.4807 326.466 293.6393 226.1527 227.3061 216.7603 182.702 218.4034 212.257 200.2824 157.8133 114.0045 99.7247 79.3978 69.311 55.9018 61.2945 44.2833 
45.0001 72.2773 58.0346 55.4618 126.59 115.8017 136.6932 131.8485 131.8485 188.0958 230.6535 238.0694 256.8269 295.0204 331.652 234.7638 226.9913 179.3015 179.2123 186.4324 152.0034 176.1818 188.0107 240.6347 179.9807 95.2576 93.2953 81.5415 0 41.0001 38.0133 42.9536 67.6019 64.4982 108.6647 118.6803 108.2452 94.8737 108.9313 157.6484 170.1442 231.0542 250.0721 270.7694 259.0233 217.9749 145.6641 148.6776 140.9114 129.2943 176.6042 172.2615 160.5616 107.8982 83.0061 64.8846 97.3294 94.726 87.2813 101.8431 55.4618 
81.5967 91.5479 72.2012 52.8111 113.4373 97.1237 109.5537 95.1894 91.6789 147.6788 191.0865 203.0272 221.6056 264.4618 303.7105 208.0025 200.4197 150.8643 151.0299 169.4994 157.1752 179.0671 192.0027 248.761 196.0103 119.5032 119.6705 109.6359 41.0001 0 3.1624 45.277 59.54 72.007 111.8259 114.2805 85.6155 64.2029 70.2639 118.271 129.1899 190.0659 209.0862 233.446 220.2727 184.011 120.2207 144.0556 142.2147 152.9707 203.6665 200.3223 189.275 135.37 119.9709 102.7863 138.2318 135.2037 126.9056 141.156 94.1117 
79.1203 90.4269 71.2812 52.8868 114.9349 98.9799 112.0715 98.2701 94.8315 150.8146 194.2474 206.0729 224.6621 267.3014 306.4149 210.6016 203.0026 153.5253 153.6751 171.4061 157.4104 179.5245 192.3981 248.9097 195.4739 118.1398 118.1398 107.9353 38.0133 3.1624 0 42.9419 58.2152 69.7783 110.1137 113.1107 85.907 65.2994 72.6155 120.8057 132.1364 193.0415 212.0591 235.6969 222.7331 185.8011 120.9505 143.0036 140.7303 150.2333 200.8234 197.4362 186.3573 132.4576 116.8119 99.6244 135.2998 132.3708 124.1975 138.4956 91.4823 
85.2761 114.7912 99.0405 89.2021 156.4673 141.5098 154.7774 136.8833 127.5344 180.8675 226.4333 244.7244 263.0305 308.4576 348.428 253.0712 245.524 195.801 196.0103 213.9534 191.7552 215.2325 227.5633 281.7802 222.6253 138.192 136.0773 124.1693 42.9536 45.277 42.9419 0 25.0001 26.9259 69.2605 76.4854 68.8187 63.1507 87.5729 135.0038 155.332 215.6966 234.3353 240.9337 232.2973 184.0925 106.4003 106.7053 101.0199 108.9313 160.4308 157.6104 147.0545 93.4934 89.0899 75.4256 124.2338 124.7799 120.6525 135.37 92.6985 
110.2589 138.7156 122.123 109.371 172.9654 156.2051 165.1092 140.7197 126.3726 176.0058 222.4344 246.7895 264.5941 313.7532 355.383 261.7251 254.3955 204.2867 204.6584 228.3003 213.4128 236.3261 248.9378 304.1793 246.4895 162.8252 160.8789 149.0404 67.6019 59.54 58.2152 25.0001 0 25.4952 53.3105 55.0001 45.6181 47.6761 78.0001 121.8237 146.5368 205.2317 223.3787 221.6169 214.8419 162.8651 82.6802 85.0942 82.7648 108.9083 161.0374 159.2986 149.8333 98.6713 105.2237 94.2551 146.2499 147.6653 144.4023 159.0284 117.3798 
101.0793 136.4992 122.4092 115.1174 183.2404 168.4341 181.2761 161.2204 149.265 200.3698 246.6111 268.4866 286.566 333.6781 374.242 279.3028 271.8033 221.9303 222.1825 240.8756 216.1135 240.0001 252.0715 305.1312 243.7561 157.4866 154.5058 142.2429 64.4982 72.007 69.7783 26.9259 25.4952 0 44.1815 55.9018 67.6832 73.1643 103.1214 147.3127 171.7354 230.673 248.8535 245.2836 239.4098 185.3241 102.6938 85.0942 76.42 85.2116 137.3063 135.1519 125.2997 73.3895 81.7436 72.8973 127.3147 130.0962 128.6935 142.8987 105.3946 
143.2795 180.5105 166.5894 158.4551 224.9645 208.9259 218.4057 192.5202 175.5678 220.8439 267.4192 296.8047 314.1593 365.4108 407.7071 314.6968 307.4233 257.3034 257.7073 281.2207 260.2327 284.0283 296.169 349.298 287.4457 200.6839 197.3424 185.0001 108.6647 111.8259 110.1137 69.2605 53.3105 44.1815 0 21.8404 68.4472 88.73 122.0247 157.4199 187.5234 242.0125 258.9364 238.0337 236.9073 175.0458 91.1374 43.8293 32.2491 73.2463 121.8402 122.0247 115.1174 75.4322 105.4231 103.3926 159.1761 164.0153 165.0758 178.4041 145.8356 
156.9778 190.9373 175.525 164.2469 227.4908 210.1072 216.3008 186.5932 167.048 208.7416 255.0334 288.0279 304.8689 358.3519 401.6616 310.4594 303.4008 253.4325 253.9489 281.6843 267.918 291.0757 303.587 358.2319 298.6504 213.0189 210.2309 198.0102 118.6803 114.2805 113.1107 76.4854 55.0001 55.9018 21.8404 0 53.9074 78.6004 111.3958 142.0423 173.8334 226.02 242.3903 217.2304 217.007 154.0131 70.8591 30.2656 31.0645 94.0001 140.812 141.5663 135.37 97.2678 125.9247 122.4297 178.2808 182.483 182.5843 196.3289 161.0374 
152.7614 175.1143 156.6685 138.3511 191.5882 172.0728 172.2906 137.6409 115.486 154.8968 201.1369 235.5293 252.0021 307.0017 351.1269 262.2919 255.5505 206.2281 206.8914 240.832 242.2603 263.4028 276.5376 333.9582 281.3007 201.4573 200.4122 189.1297 108.2452 85.6155 85.907 68.8187 45.6181 67.6832 68.4472 53.9074 0 28.6357 58.8304 89.0057 120.0001 173.5656 190.5388 177.7668 173.003 117.7201 37.6432 74.7931 84.1725 139.4634 189.7631 189.4651 181.6619 135.37 149.4022 139.5171 191.8594 193.127 189.4335 204.13 161.1987 
139.7857 155.7082 136.4002 115.486 164.3473 144.4196 143.6942 109.3847 88.4817 132.2007 178.8073 209.4422 226.3737 279.9465 323.6326 233.9851 227.1784 177.7246 178.3705 212.4619 217.8303 238.145 251.4061 309.4577 259.6499 183.3713 183.153 172.5863 94.8737 64.2029 65.2994 63.1507 47.6761 73.1643 88.73 78.6004 28.6357 0 33.3018 74.1486 100.1799 157.8513 175.8552 178.0703 169.1687 123.1667 56.8596 102.4598 109.6222 154.4346 206.1699 205.0001 196.0945 146.0309 151.2119 138.4523 186.5745 186.2526 180.7015 195.4509 150.0834 
151.7136 157.8925 137.9059 113.146 148.314 127.2007 120.0376 80.8085 56.798 99.0455 145.6607 176.8192 193.4995 248.1956 292.4809 204.9781 198.4869 150.0301 150.8146 190.3183 208.7511 226.7908 240.2042 299.1873 255.6659 186.8155 187.8564 178.631 108.9313 70.2639 72.6155 87.5729 78.0001 103.1214 122.0247 111.3958 58.8304 33.3018 0 48.8366 68.6223 128.2654 146.8129 163.2484 150.2166 116.6749 74.0271 133.6002 142.2745 186.4967 238.4723 237.0233 227.7587 176.5107 176.556 162.0124 205.3608 203.5019 196.1633 210.642 163.811 
199.8651 202.2499 182.3212 156.1571 177.0199 155.6182 138.7156 93.3007 64.2574 73.7903 117.0044 161.9878 175.8665 236.5419 282.765 205.351 200.0901 157.0351 158.1456 207.5621 243.3188 258.4977 271.8033 330.8928 294.1701 231.398 233.0773 224.5886 157.6484 118.271 120.8057 135.0038 121.8237 147.3127 157.4199 142.0423 89.0057 74.1486 48.8366 0 35.3554 84.6937 102.1422 117.3244 102.1568 81.4372 82.0062 157.137 170.8012 227.0948 278.1727 277.5051 269.1116 219.9933 224.0559 210.1167 254.1969 252.2936 244.7878 259.2008 212.257 
208.7871 203.1577 183.8723 156.7324 162.733 142.1303 119.2813 74.5186 49.4066 38.4839 82.2193 127.13 140.6308 201.8168 248.2137 174.0719 169.3577 129.8076 131.0421 184.391 232.0389 244.4035 257.3889 315.7848 285.9546 232.0195 234.7191 227.7061 170.1442 129.1899 132.1364 155.332 146.5368 171.7354 187.5234 173.8334 120.0001 100.1799 68.6223 35.3554 0 61.0329 80.0063 125.7339 104.7379 106.3674 117.0685 190.9399 203.4823 254.5782 306.3496 305.1443 296.0964 245.1225 243.6741 228.2653 267.4211 264.1856 255.2745 269.1413 222.1735 
268.9109 260.0501 241.367 214.1823 208.0217 189.3358 160.8012 122.0902 104.5467 55.8033 60.4071 121.0166 127.0985 191.0106 237.076 184.2282 181.8599 156.0289 157.4326 215.2325 278.4763 287.2108 299.483 355.8329 334.6417 288.4026 291.6609 285.4909 231.0542 190.0659 193.0415 215.6966 205.2317 230.673 242.0125 226.02 173.5656 157.8513 128.2654 84.6937 61.0329 0 19.0264 100.8068 74.733 115.6937 161.208 238.6568 253.8701 311.681 362.8568 362.1382 353.6242 303.8422 304.3814 289.1713 328.2576 324.8154 315.6265 329.3176 282.4926 
287.8977 278.5679 260.0001 232.8348 224.5107 206.3057 176.9549 139.7141 123.2235 72.4708 66.31 126.811 130.2307 193.1451 238.3549 192.7538 191.0629 169.1184 170.5316 228.528 294.8984 302.8004 314.8652 370.5524 351.4158 306.8062 310.1613 304.1399 250.0721 209.0862 212.0591 234.3353 223.3787 248.8535 258.9364 242.3903 190.5388 175.8552 146.8129 102.1422 80.0063 19.0264 0 98.0001 72.0626 123.3087 176.1194 253.7973 269.6517 329.2189 380.1593 379.592 371.252 321.8852 323.1255 308.0163 347.2824 343.8387 334.6312 348.3046 301.4964 
314.5744 319.531 299.5798 273.4814 288.335 267.5258 244.8041 200.2499 174.0001 146.6971 161.1119 221.8221 227.2709 290.7595 336.2515 284.0177 281.1353 250.0181 251.3664 307.5078 357.1233 370.0866 383.1032 441.5123 409.8598 348.669 350.2286 341.4807 270.7694 233.446 235.6969 240.9337 221.6169 245.2836 238.0337 217.2304 177.7668 178.0703 163.2484 117.3244 125.7339 100.8068 98.0001 0 26.1726 63.506 147.0035 216.7234 236.7531 311.1608 357.0281 358.3435 352.5678 311.3616 326.7446 315.5599 364.6273 364.0509 357.8408 372.5051 326.1657 
301.8511 303.5277 283.72 257.1246 267.2902 246.83 222.6792 178.9107 153.9124 122.2989 134.9742 195.7244 201.0996 264.613 310.1613 258.3584 255.6248 225.7433 227.108 283.7782 336.773 348.7651 361.6367 419.6595 390.5126 332.6696 334.6477 326.466 259.0233 220.2727 222.7331 232.2973 214.8419 239.4098 236.9073 217.007 173.003 169.1687 150.2166 102.1568 104.7379 74.733 72.0626 26.1726 0 68.9639 146.1541 220.1273 239.1758 310.0969 357.771 358.5597 352.0186 308.1965 319.9204 307.6119 354.5872 353.2932 346.302 360.8228 314.0272 
262.7738 274.1333 254.2067 229.8109 257.9923 236.5355 220.0774 174.5538 145.6195 140.0037 171.0498 227.0684 237.2278 300.9453 347.6148 279.8661 275.427 235.8051 237.0022 288.4061 322.9428 339.0945 352.4558 411.614 371.828 302.835 303.4618 293.6393 217.9749 184.011 185.8011 184.0925 162.8651 185.3241 175.0458 154.0131 117.7201 123.1667 116.6749 81.4372 106.3674 115.6937 123.3087 63.506 68.9639 0 84.4809 153.3755 173.2773 248.0082 293.5372 294.8984 289.2491 249.0643 267.0675 257.0935 308.3116 308.7071 303.6792 318.4416 273.2491 
190.3183 211.1162 192.2135 172.1919 219.4562 198.9272 194.0027 154.1753 127.8829 155.0807 199.0101 241.5058 256.4255 315.273 360.8061 277.0272 270.8525 223.3048 224.1541 264.1535 274.6435 294.7305 308.0293 366.2309 316.1662 238.0337 237.2552 226.1527 145.6641 120.2207 120.9505 106.4003 82.6802 102.6938 91.1374 70.8591 37.6432 56.8596 74.0271 82.0062 117.0685 161.208 176.1194 147.0035 146.1541 84.4809 0 77.6982 94.5411 164.3686 211.6248 212.4242 206.0729 164.5966 184.0544 175.4538 228.7379 230.3412 226.9274 241.5989 198.8417 
185.9302 220.9548 205.7305 194.4352 256.9437 239.1507 243.8238 211.8043 190.2762 227.5633 273.0752 310.0775 326.3082 381.7906 425.8827 336.311 329.4238 279.7285 280.3178 310.2806 298.1813 321.3115 333.8399 388.4766 328.5667 242.5717 239.5852 227.3061 148.6776 144.0556 143.0036 106.7053 85.0942 85.0942 43.8293 30.2656 74.7931 102.4598 133.6002 157.137 190.9399 238.6568 253.7973 216.7234 220.1273 153.3755 77.6982 0 21.3777 102.4891 142.0142 144.2811 140.4316 112.3789 147.8683 146.9865 202.6328 207.7114 208.9044 222.2005 189.1905 
174.9086 212.7347 198.8166 190.1684 255.6424 238.952 246.4895 217.5685 198.091 239.0064 285.1124 319.0064 335.7738 389.4163 432.6951 341.2478 334.1453 284.1216 284.6139 310.9422 292.3851 316.1013 328.2987 381.5456 319.5388 232.6071 229.1202 216.7603 140.9114 142.2147 140.7303 101.0199 82.7648 76.42 32.2491 31.0645 84.1725 109.6222 142.2745 170.8012 203.4823 253.8701 269.6517 236.7531 239.1758 173.2773 94.5411 21.3777 0 81.2713 121.0166 123.1017 119.0799 92.3581 130.2998 131.187 186.207 191.9506 194.1392 206.93 176.7825 
143.1993 188.9578 181.8379 184.7188 255.8829 244.4362 261.9047 245.7337 234.4718 284.9089 331.3398 353.3894 371.5711 417.253 456.64 360.6065 352.9534 303.7105 303.8323 315.674 273.1301 298.0957 308.5013 354.5392 286.112 199.8125 194.4352 182.702 129.2943 152.9707 150.2333 108.9313 108.9083 85.2116 73.2463 94.0001 139.4634 154.4346 186.4967 227.0948 254.5782 311.681 329.2189 311.1608 310.0969 248.0082 164.3686 102.4891 81.2713 0 52.1537 50.5669 42.202 25.0001 71.7009 83.0964 127.2007 135.8235 142.7061 152.0823 138.4378 
182.5432 229.1573 224.9645 231.3116 302.3443 292.4056 311.6698 297.3097 286.5677 337.0179 383.4711 405.1322 423.3876 468.124 506.7939 410.3426 402.6314 353.8362 353.8956 362.5053 312.5253 337.4805 346.9136 388.7031 318.2767 235.3148 229.2009 218.4034 176.6042 203.6665 200.8234 160.4308 161.0374 137.3063 121.8402 140.812 189.7631 206.1699 238.4723 278.1727 306.3496 362.8568 380.1593 357.0281 357.771 293.5372 211.6248 142.0142 121.0166 52.1537 0 7.2802 18.2484 68.8841 104.6758 120.934 150.2133 160.4495 170.426 176.2301 174.8743 
176.8758 223.4861 219.7135 226.6849 297.5988 288.0279 307.8263 294.391 284.2852 335.288 381.6557 402.3147 420.6401 464.6903 503.016 406.4334 398.7043 350.1044 350.1386 357.7947 306.6481 331.5812 340.896 382.2526 311.7131 229.1202 222.9485 212.257 172.2615 200.3223 197.4362 157.6104 159.2986 135.1519 122.0247 141.5663 189.4651 205.0001 237.0233 277.5051 305.1443 362.1382 379.592 358.3435 358.5597 294.8984 212.4242 144.2811 123.1017 50.5669 7.2802 0 12.0831 65.0539 98.7928 115.3951 143.3493 153.6393 163.7682 169.3577 168.9084 
164.7939 211.4049 207.6633 214.8303 285.687 276.2789 296.3799 283.6407 274.1169 325.6502 371.91 391.6185 410.0001 453.4987 491.5863 394.9305 387.1913 338.7227 338.7404 345.8917 294.593 319.531 328.877 370.466 300.0284 217.1682 211.0262 200.2824 160.5616 189.275 186.3573 147.0545 149.8333 125.2997 115.1174 135.37 181.6619 196.0945 227.7587 269.1116 296.0964 353.6242 371.252 352.5678 352.0186 289.2491 206.0729 140.4316 119.0799 42.202 18.2484 12.0831 0 53.9074 86.7296 103.3152 132.0948 142.285 152.1908 158.114 156.8695 
118.6635 164.712 158.3983 162.9295 234.0962 223.6606 242.8354 229.8044 220.9118 273.3094 319.3134 337.8003 356.2163 399.6562 438.0012 341.4851 333.768 285.0703 285.1124 294.1514 248.8474 273.8358 284.074 329.656 261.1227 174.9287 169.4994 157.8133 107.8982 135.37 132.4576 93.4934 98.6713 73.3895 75.4322 97.2678 135.37 146.0309 176.5107 219.9933 245.1225 303.8422 321.8852 311.3616 308.1965 249.0643 164.5966 112.3789 92.3581 25.0001 68.8841 65.0539 53.9074 0 47.0745 58.1379 103.4651 111.6827 118.0679 127.8829 113.5342 
78.2625 124.812 122.3194 132.9437 202.2994 195.1821 218.8265 214.2383 211.2488 266.6272 310.8522 321.01259999999996 339.7559 377.4137 412.9032 315.9051 308.0991 261.4518 261.2835 262.3758 207.8678 232.8133 242.2603 285.2596 215.7523 131.0268 125.132 114.0045 83.0061 119.9709 116.8119 89.0899 105.2237 81.7436 105.4231 125.9247 149.4022 151.2119 176.556 224.0559 243.6741 304.3814 323.1255 326.7446 319.9204 267.0675 184.0544 147.8683 130.2998 71.7009 104.6758 98.7928 86.7296 47.0745 0 18.4392 57.2452 64.8461 71.0212 80.9569 70.2141 
61.6848 108.2683 104.6232 114.5514 184.1332 176.7825 200.4122 196.474 194.3657 250.0601 293.8657 302.9539 321.7112 359.0057 394.4681 297.4694 289.6637 243.033 242.8601 244.2643 191.9715 216.9655 226.8084 271.553 203.0395 116.8419 111.3644 99.7247 64.8846 102.7863 99.6244 75.4256 94.2551 72.8973 103.3926 122.4297 139.5171 138.4523 162.0124 210.1167 228.2653 289.1713 308.0163 315.5599 307.6119 257.0935 175.4538 146.9865 131.187 83.0964 120.934 115.3951 103.3152 58.1379 18.4392 0 55.866 60.8031 63.5611 75.8025 55.4438 
63.8906 100.4242 107.3547 128.0821 187.4888 186.4967 215.6155 222.9911 227.4314 283.7059 324.4227 323.8396 342.5275 371.4298 402.1593 306.472 298.7508 256.7568 256.2851 244.7244 174.1839 198.1137 205.4289 241.0851 169.8 94.048 87.092 79.3978 97.3294 138.2318 135.2998 124.2338 146.2499 127.3147 159.1761 178.2808 191.8594 186.5745 205.3608 254.1969 267.4211 328.2576 347.2824 364.6273 354.5872 308.3116 228.7379 202.6328 186.207 127.2007 150.2133 143.3493 132.0948 103.4651 57.2452 55.866 0 10.7704 23.6009 26.0193 49.6489 
57.7063 91.2635 99.4033 121.2973 178.7178 178.519 208.2163 217.3685 223.036 279.1793 319.1521 316.8912 335.5251 363.1915 393.3142 297.9347 290.2414 248.966 248.4553 235.4104 163.6827 187.5234 194.7435 230.3607 159.1101 83.6003 76.6095 69.311 94.726 135.2037 132.3708 124.7799 147.6653 130.0962 164.0153 182.483 193.127 186.2526 203.5019 252.2936 264.1856 324.8154 343.8387 364.0509 353.2932 308.7071 230.3412 207.7114 191.9506 135.8235 160.4495 153.6393 142.285 111.6827 64.8461 60.8031 10.7704 0 13.4537 16.2789 43.4167 
47.0001 77.936 86.7296 109.4441 165.4963 165.7107 195.7576 206.2863 213.0588 269.002 308.2743 304.6852 323.274 350.1786 380.033 284.7877 277.1084 236.2309 235.6969 222.0024 150.6022 174.5911 182.0605 219.0184 148.071 70.4558 63.5139 55.9018 87.2813 126.9056 124.1975 120.6525 144.4023 128.6935 165.0758 182.5843 189.4335 180.7015 196.1633 244.7878 255.2745 315.6265 334.6312 357.8408 346.302 303.6792 226.9274 208.9044 194.1392 142.7061 170.426 163.7682 152.1908 118.0679 71.0212 63.5611 23.6009 13.4537 0 14.7649 33.1362 
60.4071 85.907 97.0156 121.0621 173.5196 175.2314 206.0414 218.5865 226.3185 282.0639 320.6884 315.3174 333.8084 358.7883 387.4185 292.9335 285.3227 245.7988 245.2041 228.5367 152.7515 176.0115 182.5378 215.9839 144.5442 73.5528 66.4832 61.2945 101.8431 141.156 138.4956 135.37 159.0284 142.8987 178.4041 196.3289 204.13 195.4509 210.642 259.2008 269.1413 329.3176 348.3046 372.5051 360.8228 318.4416 241.5989 222.2005 206.93 152.0823 176.2301 169.3577 158.114 127.8829 80.9569 75.8025 26.0193 16.2789 14.7649 0 47.0745 
14.3179 56.0358 58.8219 78.4348 140.0894 137.5574 166.1115 173.9541 180.0112 236.034 275.7482 274.1916 292.8823 322.6222 354.4476 258.2132 250.4497 207.5115 207.0774 198.7587 137.7862 162.69 172.0466 216.1228 148.0305 61.4004 56.0358 44.2833 55.4618 94.1117 91.4823 92.6985 117.3798 105.3946 145.8356 161.0374 161.1987 150.0834 163.811 212.257 222.1735 282.4926 301.4964 326.1657 314.0272 273.2491 198.8417 189.1905 176.7825 138.4378 174.8743 168.9084 156.8695 113.5342 70.2141 55.4438 49.6489 43.4167 33.1362 47.0745 0 
