14
fffffff qqqqqqq a vvvv oooo w tt jjjjjjj l xxx ttttt hhhhh uuuu gggggggg
0 20.8806 37.2022 42.45 56.6392 55.9017 56.5685 61.7171 71.5891 80.2309 94.7048 82.0366 66.4831 33.541 
20.8806 0 24.0832 38.0789 49.1935 43.1393 38.6264 41.3401 51.3128 62.2977 79.404 74.793 59.0593 46.8722 
37.2022 24.0832 0 61.4003 70.8802 61.7171 50.9902 33.0606 41.1947 72.0069 92.6337 95.6347 80.3243 68.942 
42.45 38.0789 61.4003 0 14.7648 21.8403 35.4683 64.4748 73.3553 52.811 59.1354 39.598 24.2074 35.0571 
56.6392 49.1935 70.8802 14.7648 0 15.2643 33.1059 67.2681 75.0 44.1022 46.0977 25.807 10.0 48.2597 
55.9017 43.1393 61.7171 21.8403 15.2643 0 18.0278 53.2353 60.4152 31.0161 39.2938 34.7131 21.095 56.5685 
56.5685 38.6264 50.9902 35.4683 33.1059 18.0278 0 36.0139 42.5793 23.7697 41.8688 51.0098 38.833 66.8506 
61.7171 41.3401 33.0606 64.4748 67.2681 53.2353 36.0139 0 10.0 48.3735 71.1196 87.023 74.3303 86.267 
71.5891 51.3128 41.1947 73.3553 75.0 60.4152 42.5793 10.0 0 50.5964 73.3894 93.1933 81.3941 96.1769 
80.2309 62.2977 72.0069 52.811 44.1022 31.0161 23.7697 48.3735 50.5964 0 22.8473 50.0899 44.5533 87.0976 
94.7048 79.404 92.6337 59.1354 46.0977 39.2938 41.8688 71.1196 73.3894 22.8473 0 39.2046 41.4849 94.0213 
82.0366 74.793 95.6347 39.598 25.807 34.7131 51.0098 87.023 93.1933 50.0899 39.2046 0 15.8114 68.1542 
66.4831 59.0593 80.3243 24.2074 10.0 21.095 38.833 74.3303 81.3941 44.5533 41.4849 15.8114 0 55.5428 
33.541 46.8722 68.942 35.0571 48.2597 56.5685 66.8506 86.267 96.1769 87.0976 94.0213 68.1542 55.5428 0 
