31
llllll ssssss lllll kkkkkk iii pppppppp vv ffffffff llllllll bbbbbbbb dddddddd gg eeee aaa w eeeeeeee jjjjjjj qqqqqqq ggggg rrrrrrrr aaaaa jjjj ff ttttt uu zzz uuuuu z m xxx f
0 3.6057 49.5178 81.2159 131.7347 107.9121 60.0334 57.0089 83.869 91.0825 103.0777 131.6853 142.0881 105.9057 77.621 84.1725 93.4774 96.835 136.5175 183.8533 180.0695 174.6426 167.7201 139.8643 109.7726 49.0409 47.0107 14.2128 21.471 45.6181 64.5369 
3.6057 0 50.4481 79.8312 130.6485 106.3674 58.2152 53.6005 82.8795 88.9551 101.1337 129.066 139.1762 102.5915 74.0946 80.6227 90.1389 93.4774 133.0039 180.3248 176.4654 171.0469 164.1372 136.3563 106.231 47.0107 45.1775 17.6919 25.06 48.7648 68.0148 
49.5178 50.4481 0 50.9903 93.0055 76.2431 42.802 71.8472 133.3043 137.768 150.4561 174.8743 182.2225 140.6984 108.1158 99.9251 98.8434 102.4159 145.3445 191.4002 195.9312 195.0591 189.9317 167.6724 137.2954 96.5661 95.1316 52.4787 47.17 76.6878 83.2167 
81.2159 79.8312 50.9903 0 51.4783 27.0001 23.3239 60.2164 154.6933 148.6608 162.1143 175.8893 177.6543 132.3783 99.9851 78.1602 67.0672 70.0072 109.6587 151.8224 162.7791 166.1085 163.0277 148.2769 120.8057 114.0571 114.2367 91.1374 90.1389 121.1488 132.0039 
131.7347 130.6485 93.0055 51.4783 0 29.0001 74.6861 107.8148 205.9127 198.2172 211.6342 221.6507 220.8009 175.4139 145.0966 118.2245 101.2127 102.8835 132.0039 164.0489 183.4476 191.442 190.6726 183.4122 159.85 165.2181 165.5296 140.428 137.9312 168.6684 176.1392 
107.9121 106.3674 76.2431 27.0001 29.0001 0 48.5078 79.0254 178.4406 169.6144 183.0028 192.6656 192.0418 146.605 116.1035 89.588 73.4099 75.3924 108.296 145.0001 161.028 167.3231 165.7378 156.1699 131.6094 137.7535 138.2933 118.106 117.1069 148.1217 158.493 
60.0334 58.2152 42.802 23.3239 74.6861 48.5078 0 39.925 131.3698 125.8731 139.3163 154.871 157.9906 113.2962 80.231 63.0318 57.5675 61.0329 103.6196 149.0035 155.361 156.1795 151.954 133.4542 104.3936 90.736 90.9176 71.3443 72.0348 102.5915 116.1078 
57.0089 53.6005 71.8472 60.2164 107.8148 79.0254 39.925 0 102.4891 90.6974 104.0434 115.6764 118.106 73.3895 40.3114 29.069 36.7152 39.9626 79.9813 127.405 126.59 123.9759 118.4062 96.0834 66.0304 62.9683 64.4982 71.2181 77.078 102.0834 121.5114 
83.869 82.8795 133.3043 154.6933 205.9127 178.4406 131.3698 102.4891 0 31.1449 32.6957 72.4501 90.736 82.7648 82.2983 111.0721 130.5528 132.3066 154.7418 194.8128 177.1244 163.9818 154.7774 121.4908 102.5281 40.7064 40.497 85.0883 94.3664 85.843 107.0748 
91.0825 88.9551 137.768 148.6608 198.2172 169.6144 125.8731 90.6974 31.1449 0 13.4537 44.9111 61.3271 53.1414 60.6384 91.4823 111.9733 113.0532 129.2479 166.6434 147.2312 133.4617 124.1693 90.9176 74.5253 42.0596 44.3848 96.8815 106.8879 106.5693 129.4026 
103.0777 101.1337 150.4561 162.1143 211.6342 183.0028 139.3163 104.0434 32.6957 13.4537 0 39.8247 58.6004 60.6713 72.7325 103.7305 124.3102 125.2279 139.0037 174.3475 153.1014 138.2933 128.8605 96.0053 83.2167 54.1296 56.0804 107.9677 117.8814 115.0044 137.2954 
131.6853 129.066 174.8743 175.8893 221.6507 192.6656 154.871 115.6764 72.4501 44.9111 39.8247 0 20.0001 48.549 76.5769 104.8905 124.6316 124.4027 125.2838 152.0034 126.1508 109.2384 99.8249 70.0072 70.2639 84.0953 87.0231 139.3593 149.4056 151.3276 174.2643 
142.0881 139.1762 182.2225 177.6543 220.8009 192.0418 157.9906 118.106 90.736 61.3271 58.6004 20.0001 0 45.4864 77.8204 102.6159 121.0166 120.2166 114.5427 136.62 109.1147 91.5479 82.2983 55.1091 63.127 96.7472 99.9851 151.1193 161.0777 165.9519 189.1878 
105.9057 102.5915 140.6984 132.3783 175.4139 146.605 113.2962 73.3895 82.7648 53.1414 60.6713 48.549 45.4864 0 33.2416 57.3848 76.4854 76.0593 79.6305 113.7806 94.3664 81.6089 72.6224 39.6233 23.1949 68.7969 72.4018 117.1752 126.6058 138.192 161.4838 
77.621 74.0946 108.1158 99.9851 145.0966 116.1035 80.231 40.3114 82.2983 60.6384 72.7325 76.5769 77.8204 33.2416 0 31.0162 51.6237 52.4977 73.3758 116.8462 106.0661 98.2294 90.736 62.2978 32.2026 52.8395 56.0804 90.3384 99.0052 115.6029 138.1305 
84.1725 80.6227 99.9251 78.1602 118.2245 89.588 63.0318 29.069 111.0721 91.4823 103.7305 104.8905 102.6159 57.3848 31.0162 0 20.6156 21.5871 52.6309 99.7648 97.5296 95.2104 90.0279 70.5763 42.7201 76.4854 79.076 98.2905 104.9953 127.9141 148.5195 
93.4774 90.1389 98.8434 67.0672 101.2127 73.4099 57.5675 36.7152 130.5528 111.9733 124.3102 124.6316 121.0166 76.4854 51.6237 20.6156 0 3.6057 46.5297 93.231 97.8009 99.4083 96.0001 82.8735 58.8219 94.2604 96.5195 107.6477 112.9293 138.7553 157.8006 
96.835 93.4774 102.4159 70.0072 102.8835 75.3924 61.0329 39.9626 132.3066 113.0532 125.2279 124.4027 120.2166 76.0593 52.4977 21.5871 3.6057 0 42.9419 89.6271 94.3717 96.255 93.0216 80.7776 57.6282 96.5195 98.8586 111.0181 116.3874 142.0423 161.208 
136.5175 133.0039 145.3445 109.6587 132.0039 108.296 103.6196 79.9813 154.7418 129.2479 139.0037 125.2838 114.5427 79.6305 73.3758 52.6309 46.5297 42.9419 0 47.4237 53.2354 59.4391 59.2369 62.2014 56.4359 125.5389 128.5497 150.6952 157.0033 180.5437 200.9976 
183.8533 180.3248 191.4002 151.8224 164.0489 145.0001 149.0035 127.405 194.8128 166.6434 174.3475 152.0034 136.62 113.7806 116.8462 99.7648 93.231 89.6271 47.4237 0 32.4501 50.5372 57.5848 82.0245 92.3473 169.6851 172.9047 198.0102 204.4139 227.5633 248.2762 
180.0695 176.4654 195.9312 162.7791 183.4476 161.028 155.361 126.59 177.1244 147.2312 153.1014 126.1508 109.1147 94.3664 106.0661 97.5296 97.8009 94.3717 53.2354 32.4501 0 18.6816 27.0741 57.2801 76.4004 157.6136 161.0746 193.8067 201.3754 221.1652 243.1667 
174.6426 171.0469 195.0591 166.1085 191.442 167.3231 156.1795 123.9759 163.9818 133.4617 138.2933 109.2384 91.5479 81.6089 98.2294 95.2104 99.4083 96.255 59.4391 50.5372 18.6816 0 9.4869 42.5442 66.7084 147.8006 151.3474 187.9629 196.1047 213.8061 236.3494 
167.7201 164.1372 189.9317 163.0277 190.6726 165.7378 151.954 118.4062 154.7774 124.1693 128.8605 99.8249 82.2983 72.6224 90.736 90.0279 96.0001 93.0216 59.2369 57.5848 27.0741 9.4869 0 33.2867 58.8219 139.4454 143.0106 180.8536 189.1905 206.119 228.8166 
139.8643 136.3563 167.6724 148.2769 183.4122 156.1699 133.4542 96.0834 121.4908 90.9176 96.0053 70.0072 55.1091 39.6233 62.2978 70.5763 82.8735 80.7776 62.2014 82.0245 57.2801 42.5442 33.2867 0 30.5942 107.6152 111.2116 152.3156 161.1863 175.7869 198.8292 
109.7726 106.231 137.2954 120.8057 159.85 131.6094 104.3936 66.0304 102.5281 74.5253 83.2167 70.2639 63.127 23.1949 32.2026 42.7201 58.8219 57.6282 56.4359 92.3473 76.4004 66.7084 58.8219 30.5942 0 81.3942 84.9 122.5399 131.1832 147.2991 170.0383 
49.0409 47.0107 96.5661 114.0571 165.2181 137.7535 90.736 62.9683 40.7064 42.0596 54.1296 84.0953 96.7472 68.7969 52.8395 76.4854 94.2604 96.5195 125.5389 169.6851 157.6136 147.8006 139.4454 107.6152 81.3942 0 3.6057 55.3264 65.3759 70.2283 93.6377 
47.0107 45.1775 95.1316 114.2367 165.5296 138.2933 90.9176 64.4982 40.497 44.3848 56.0804 87.0231 99.9851 72.4018 56.0804 79.076 96.5195 98.8586 128.5497 172.9047 161.0746 151.3474 143.0106 111.2116 84.9 3.6057 0 52.6119 62.6499 66.7309 90.1389 
14.2128 17.6919 52.4787 91.1374 140.428 118.106 71.3443 71.2181 85.0883 96.8815 107.9677 139.3593 151.1193 117.1752 90.3384 98.2905 107.6477 111.0181 150.6952 198.0102 193.8067 187.9629 180.8536 152.3156 122.5399 55.3264 52.6119 0 10.05 31.9532 50.329 
21.471 25.06 47.17 90.1389 137.9312 117.1069 72.0348 77.078 94.3664 106.8879 117.8814 149.4056 161.0777 126.6058 99.0052 104.9953 112.9293 116.3874 157.0033 204.4139 201.3754 196.1047 189.1905 161.1863 131.1832 65.3759 62.6499 10.05 0 31.0162 45.277 
45.6181 48.7648 76.6878 121.1488 168.6684 148.1217 102.5915 102.0834 85.843 106.5693 115.0044 151.3276 165.9519 138.192 115.6029 127.9141 138.7553 142.0423 180.5437 227.5633 221.1652 213.8061 206.119 175.7869 147.2991 70.2283 66.7309 31.9532 31.0162 0 23.4095 
64.5369 68.0148 83.2167 132.0039 176.1392 158.493 116.1078 121.5114 107.0748 129.4026 137.2954 174.2643 189.1878 161.4838 138.1305 148.5195 157.8006 161.208 200.9976 248.2762 243.1667 236.3494 228.8166 198.8292 170.0383 93.6377 90.1389 50.329 45.277 23.4095 0 
