18
37 6 17 9 14 23 10 22 7 12 19 38 24 48 11 3 27 49
0 3.0 15.0 16.0 18.0 22.0 34.0 35.0 28.0 21.0 32.0 49.0 28.0 11.0 33.0 28.0 21.0 27.0 
3.0 0 12.0 13.0 15.0 19.0 31.0 32.0 25.0 18.0 29.0 46.0 31.0 14.0 36.0 31.0 24.0 30.0 
15.0 12.0 0 1.0 3.0 7.0 19.0 24.0 31.0 28.0 27.0 44.0 35.0 26.0 28.0 33.0 36.0 42.0 
16.0 13.0 1.0 0 2.0 6.0 18.0 23.0 30.0 27.0 28.0 45.0 34.0 27.0 27.0 32.0 37.0 43.0 
18.0 15.0 3.0 2.0 0 4.0 16.0 21.0 28.0 25.0 28.0 45.0 32.0 29.0 29.0 34.0 39.0 45.0 
22.0 19.0 7.0 6.0 4.0 0 12.0 17.0 24.0 29.0 32.0 49.0 36.0 33.0 33.0 38.0 43.0 49.0 
34.0 31.0 19.0 18.0 16.0 12.0 0 5.0 12.0 19.0 30.0 47.0 48.0 45.0 45.0 50.0 55.0 61.0 
35.0 32.0 24.0 23.0 21.0 17.0 5.0 0 7.0 14.0 25.0 42.0 52.0 46.0 50.0 55.0 56.0 62.0 
28.0 25.0 31.0 30.0 28.0 24.0 12.0 7.0 0 7.0 18.0 35.0 45.0 39.0 57.0 56.0 49.0 55.0 
21.0 18.0 28.0 27.0 25.0 29.0 19.0 14.0 7.0 0 11.0 28.0 38.0 32.0 54.0 49.0 42.0 48.0 
32.0 29.0 27.0 28.0 28.0 32.0 30.0 25.0 18.0 11.0 0 17.0 27.0 43.0 55.0 56.0 49.0 59.0 
49.0 46.0 44.0 45.0 45.0 49.0 47.0 42.0 35.0 28.0 17.0 0 44.0 60.0 72.0 73.0 66.0 76.0 
28.0 31.0 35.0 34.0 32.0 36.0 48.0 52.0 45.0 38.0 27.0 44.0 0 35.0 57.0 52.0 45.0 55.0 
11.0 14.0 26.0 27.0 29.0 33.0 45.0 46.0 39.0 32.0 43.0 60.0 35.0 0 22.0 17.0 16.0 38.0 
33.0 36.0 28.0 27.0 29.0 33.0 45.0 50.0 57.0 54.0 55.0 72.0 57.0 22.0 0 5.0 12.0 60.0 
28.0 31.0 33.0 32.0 34.0 38.0 50.0 55.0 56.0 49.0 56.0 73.0 52.0 17.0 5.0 0 7.0 55.0 
21.0 24.0 36.0 37.0 39.0 43.0 55.0 56.0 49.0 42.0 49.0 66.0 45.0 16.0 12.0 7.0 0 48.0 
27.0 30.0 42.0 43.0 45.0 49.0 61.0 62.0 55.0 48.0 59.0 76.0 55.0 38.0 60.0 55.0 48.0 0 
