30
wegckoctcp hnnlwliezo fwzkdpfinn czgfnbovhq mmeycqhoxt hqvifzhbmo smlsmfgyxa sngqmldfxu tdqzbpmftq feggaeevcb cynraykzum zzscmbfbic rzgfaqookt yfvfzingng hpbkyqcejb kgewtltijq djtmyhmwnn bzcpozsody sgizgtdhhn sthbsdqlwm xpcqolcpnf gdtsmzpvig lgwqodunqt layuigtfoj tjcamfqmxd tvrzrioagg qlieaqyzel npffaineub bvwklxlwsa qgyqjgwlbh
0 52755571.3055 115526720.2086 219055266.0957 216815034.5546 317522619.6566 327691791.5445 516906166.7595 711395902.2675 768101163.8413 479774126.8103 784129357.8602 649986833.9362 863621560.3517 878479070.1362 898284362.903 804023600.7859 652451275.5793 692450869.1429 618712965.145 539759804.5036 511778107.305 605570571.0329 450242426.1948 415690017.7724 576328215.4871 451282993.044 102949108.7809 182532171.02560002 161769975.5232 
52755571.3055 0 62771148.9031 203776959.6322 212084378.4586 370194192.4697 379809408.6617 569655301.5166 761423225.9492 818936618.2438 530568448.6267 834593240.7532 691757289.2261 902740805.3829 917478649.4733 934449624.0641 835747531.3414 684143800.646 707468709.9577 643392581.226 563109616.1733 555256429.1497 631431199.6167 468999670.9699 438862286.06850004 565519877.9301 430560908.1396 123214750.88749999 129776599.7201 177367475.52580002 
115526720.2086 62771148.9031 0 141005810.7291 188917569.8106 389847886.4366 404595938.094 583669452.4096 794160476.7712 848044042.9724 529694671.8898 830973374.5778999 667041358.9457 872745535.5846 887252544.2709 900064368.8902 795100609.1394 645060238.4455 653445469.3065 597194493.2553 516141500.1971 535663494.3647 586412349.9045 425420146.4512 382377902.5477 502772133.2315 368742758.8537 60443601.9844 146324232.9613 198911040.454 
219055266.0957 203776959.6322 141005810.7291 0 206069438.1877 461885033.954 483695727.0347 634324293.0392 878243363.0301 923318109.76 551438610.5115 836203207.1281 628128861.5835 816199750.565 830014931.414 832240027.6216 714168146.1722 570155204.2138 537168259.7353 504148846.88 423282407.2487 511049532.1604 496954035.3464 346795867.0202 283885435.8256 361772435.9071 232686667.0793 186993298.8191 238729080.307 336603056.2377 
216815034.5546 212084378.4586 188917569.8106 206069438.1877 0 260938782.3253 288183694.3627 428256227.445 679433439.8108 720311737.931 351472832.8293 646769050.7235 480491662.2289 693135789.9844999 705416223.3037 723427643.3568 629077625.5882 477474224.5724 536688811.2857 449128551.351 372557264.5392 348112757.3327 434778755.7227 273312052.0175 261516620.9958 490182758.2082 407738457.0475 243992567.7854 329310278.5964 336742013.1399 
317522619.6566 370194192.4697 389847886.4366 461885033.954 260938782.3253 0 35888289.7832 201829471.8671 418494657.4855 463294118.328 211395298.1754 500779443.0879 471813245.6199 686422407.3239 701331430.4263 743007128.7003 693958915.1488 556237787.3253 704965587.5892 578597059.2406 522761289.9704 335293943.893 559382259.5655 431196780.9725 464455475.5982 738531169.0255 668305865.5931 420231993.3437 498082499.2932 421206101.7234 
327691791.5445 379809408.6617 404595938.094 483695727.0347 288183694.3627 35888289.7832 0 203780251.4494 394702353.2966 443973622.2841 234981489.1751 514588272.3339 498455896.4629 715452672.9544 730357402.9564 773537351.1591 727417011.856 590836672.6052 740611755.7103 614351874.086 558643862.3791 367736719.2037 595189458.3734 466906943.2592 500343765.38140005 770212992.294 695898084.0884 430609736.1718 505513398.6046 457094391.5066 
516906166.7595 569655301.5166 583669452.4096 634324293.0392 428256227.445 201829471.8671 203780251.4494 0 298680911.0883 312483863.9407 139862868.9486 324108090.0457 401166145.7474 594402389.6664001 608071991.5578 663868670.0641 653880556.8712 544156845.3046 746065070.9899 602214931.2731 570210408.7009 311056342.0742 581933282.1501 500613814.0987 566605106.9917 859101977.0592 818703976.6912 618813415.0375 698522343.2628 621660793.1807 
711395902.2675 761423225.9492 794160476.7712 878243363.0301 679433439.8108 418494657.4855 394702353.2966 298680911.0883 0 89847002.7353 438027804.3605 493043764.9228 679196961.5325 843474573.9799 855294299.7551 919474903.1339 933309684.0059 836383076.0752 1044545824.7132 899936685.4089 868804306.1049 607181720.3672 879679728.9288 796762527.8045 851370646.7592 1143962069.649 1085444040.1202 814345011.0484 878091567.6547 762376323.2183 
768101163.8413 818936618.2438 848044042.9724 923318109.76 720311737.931 463294118.328 443973622.2841 312483863.9407 89847002.7353 0 445791554.4398 447952184.679 666523389.573 811761052.3326 822683434.7463 889430383.1733 915352093.9722 829581588.4657 1048110465.1645 901188758.2485 877117900.8345 609060902.3942 881117228.4823 812127698.0884 872591274.3393 1170680063.012 1122468660.9995 870159402.0891 939472893.1881 829604226.1113 
479774126.8103 530568448.6267 529694671.8898 551438610.5115 351472832.8293 211395298.1754 234981489.1751 139862868.9486 438027804.3605 445791554.4398 0 304543976.365 276833078.0055 486151190.3369 500686187.0048 549228950.4542 523556508.4957 406540597.3041 606519923.0839 462355413.7956 432003102.8839 181435934.3998 442074643.6586 367649033.9884 433390928.6639 736258710.7446 712131609.8574 575044814.0056 659672156.7113 611712606.1413 
784129357.8602 834593240.7532 830973374.5778999 836203207.1281 646769050.7235 500779443.0879 514588272.3339 324108090.0457 493043764.9228 447952184.679 304543976.365 0 298677518.7519 375895084.0273 384802384.385 455109898.8551 512784766.1155 478386294.53000003 720777469.5952 576839850.5355 589619403.8159 340949673.4924 559933562.2318 571283253.6371 653135342.9811 947691225.7945 962336851.1196 878172302.2932 963264822.2625 914592166.9527 
649986833.9362 691757289.2261 667041358.9457 628128861.5835 480491662.2289 471813245.6199 498455896.4629 401166145.7474 679196961.5325 666523389.573 276833078.0055 298677518.7519 0 220753454.6194 235845602.756 275095816.3113 254447905.379 179708775.7781 422285839.4842 278428690.8059 299274770.7664 141278456.2032 262025219.402 327873675.8605 389504578.6099 664998295.4304 704385934.9372 724077245.4816 808713546.2436 805345779.107 
863621560.3517 902740805.3829 872745535.5846 816199750.565 693135789.9844999 686422407.3239 715452672.9544 594402389.6664001 843474573.9799 811761052.3326 486151190.3369 375895084.0273 220753454.6194 0 15102481.6971 79228948.4762 185310448.6189 260071797.2746 462306474.0202 361384508.4713 422442463.9498 361516206.7761 355782213.9894 472169566.63 548239327.1043 772615607.7226 849056390.8622 931471421.5302 1014449921.6613 1021444120.1288 
878479070.1362 917478649.4733 887252544.2709 830014931.414 705416223.3037 701331430.4263 730357402.9564 608071991.5578 855294299.7551 822683434.7463 500686187.0048 384802384.385 235845602.756 15102481.6971 0 71876010.9311 186434682.5122 271693861.2233 469247718.08 371628997.7514 434295253.10789996 376618544.5852 366608823.6437 485422169.74 560952469.4188 782277813.1651 860517687.3765 946042153.7271 1028926376.0861 1036392338.5464 
898284362.903 934449624.0641 900064368.8902 832240027.6216 723427643.3568 743007128.7003 773537351.1591 663868670.0641 919474903.1339 889430383.1733 549228950.4542 455109898.8551 275095816.3113 79228948.4762 71876010.9311 0 142559414.039 262867031.0668 428951499.7465 350561870.6298 421272480.954 410871400.3792 349405928.6101 485445101.0331 555210599.3352 753042711.7958 843164703.7389 959769407.4226 1040829377.8719 1058298497.0729 
804023600.7859 835747531.3414 795100609.1394 714168146.1722 629077625.5882 693958915.1488 727417011.856 653880556.8712 933309684.0059 915352093.9722 523556508.4957 512784766.1155 254447905.379 185310448.6189 186434682.5122 142559414.039 0 151603730.6954 288004740.3761 220868245.0013 293201148.0865 360986965.4431 219195875.3012 370852367.2494 432630165.12829995 611281111.8064 706642079.3763 855476767.0181 936194762.8501 965714680.4452 
652451275.5793 684143800.646 645060238.4455 570155204.2138 477474224.5724 556237787.3253 590836672.6052 544156845.3046 836383076.0752 829581588.4657 406540597.3041 478386294.53000003 179708775.7781 260071797.2746 271693861.2233 262867031.0668 151603730.6954 0 244073958.9409 108808960.1395 165473680.58359998 235173678.8959 98402385.3695 223697198.2755 297642395.8897 519015721.0532 588987501.3539 705330009.0436 785017603.4381 814125231.5061 
692450869.1429 707468709.9577 653445469.3065 537168259.7353 536688811.2857 704965587.5892 740611755.7103 746065070.9899 1044545824.7132 1048110465.1645 606519923.0839 720777469.5952 422285839.4842 462306474.0202 469247718.08 428951499.7465 288004740.3761 244073958.9409 0 148449780.433 182204297.6188 440189185.6352 167942837.9373 276285779.3238 277405992.5775 335575424.9359 457546724.7149 711436129.5103 775897340.0423 847468301.6478 
618712965.145 643392581.226 597194493.2553 504148846.88 449128551.351 578597059.2406 614351874.086 602214931.2731 899936685.4089 901188758.2485 462355413.7956 576839850.5355 278428690.8059 361384508.4713 371628997.7514 350561870.6298 220868245.0013 108808960.1395 148449780.433 0 81411894.707 293481883.6245 102602643.6489 176059908.7418 220308211.9746 412182801.5387 492603956.3597 657470038.1583 731051209.76 779489633.8341 
539759804.5036 563109616.1733 516141500.1971 423282407.2487 372557264.5392 522761289.9704 558643862.3791 570210408.7009 868804306.1049 877117900.8345 432003102.8839 589619403.8159 299274770.7664 422442463.9498 434295253.10789996 421272480.954 293201148.0865 165473680.58359998 182204297.6188 81411894.707 0 274186420.7763 74108993.2247 100112138.0158 139429017.0418 366717047.3425 426677744.536 576356124.4449 649651378.5552 699960622.8148 
511778107.305 555256429.1497 535663494.3647 511049532.1604 348112757.3327 335293943.893 367736719.2037 311056342.0742 607181720.3672 609060902.3942 181435934.3998 340949673.4924 141278456.2032 361516206.7761 376618544.5852 410871400.3792 360986965.4431 235173678.8959 440189185.6352 293481883.6245 274186420.7763 0 273329326.4177 233623514.9606 313382200.8014 612881976.3838 621475233.837 590042960.3535 675454725.0198 665352752.126 
605570571.0329 631431199.6167 586412349.9045 496954035.3464 434778755.7227 559382259.5655 595189458.3734 581933282.1501 879679728.9288 881117228.4823 442074643.6586 559933562.2318 262025219.402 355782213.9894 366608823.6437 349405928.6101 219195875.3012 98402385.3695 167942837.9373 102602643.6489 74108993.2247 273329326.4177 0 162736437.731 213538010.2665 420615425.4017 494824566.1639 646789559.0741 721477619.9091 766711907.2866 
450242426.1948 468999670.9699 425420146.4512 346795867.0202 273312052.0175 431196780.9725 466906943.2592 500613814.0987 796762527.8045 812127698.0884 367649033.9884 571283253.6371 327873675.8605 472169566.63 485422169.74 485445101.0331 370852367.2494 223697198.2755 276285779.3238 176059908.7418 100112138.0158 233623514.9606 162736437.731 0 83954720.0849 379326294.0428 398986391.4623 485863676.328 565806320.2456 603975522.1718 
415690017.7724 438862286.06850004 382377902.5477 283885435.8256 261516620.9958 464455475.5982 500343765.38140005 566605106.9917 851370646.7592 872591274.3393 433390928.6639 653135342.9811 389504578.6099 548239327.1043 560952469.4188 555210599.3352 432630165.12829995 297642395.8897 277405992.5775 220308211.9746 139429017.0418 313382200.8014 213538010.2665 83954720.0849 0 303768750.7723 315052949.9976 441971750.1246 512549285.587 572291601.2631 
576328215.4871 565519877.9301 502772133.2315 361772435.9071 490182758.2082 738531169.0255 770212992.294 859101977.0592 1143962069.649 1170680063.012 736258710.7446 947691225.7945 664998295.4304 772615607.7226 782277813.1651 753042711.7958 611281111.8064 519015721.0532 335575424.9359 412182801.5387 366717047.3425 612881976.3838 420615425.4017 379326294.0428 303768750.7723 0 163434698.6149 545476486.4529 580729797.6042 696277172.4613 
451282993.044 430560908.1396 368742758.8537 232686667.0793 407738457.0475 668305865.5931 695898084.0884 818703976.6912 1085444040.1202 1122468660.9995 712131609.8574 962336851.1196 704385934.9372 849056390.8622 860517687.3765 843164703.7389 706642079.3763 588987501.3539 457546724.7149 492603956.3597 426677744.536 621475233.837 494824566.1639 398986391.4623 315052949.9976 163434698.6149 0 402462425.2188 424053162.1357 552026739.2752 
102949108.7809 123214750.88749999 60443601.9844 186993298.8191 243992567.7854 420231993.3437 430609736.1718 618813415.0375 814345011.0484 870159402.0891 575044814.0056 878172302.2932 724077245.4816 931471421.5302 946042153.7271 959769407.4226 855476767.0181 705330009.0436 711436129.5103 657470038.1583 576356124.4449 590042960.3535 646789559.0741 485863676.328 441971750.1246 545476486.4529 402462425.2188 0 85880630.9769 150819243.5355 
182532171.02560002 129776599.7201 146324232.9613 238729080.307 329310278.5964 498082499.2932 505513398.6046 698522343.2628 878091567.6547 939472893.1881 659672156.7113 963264822.2625 808713546.2436 1014449921.6613 1028926376.0861 1040829377.8719 936194762.8501 785017603.4381 775897340.0423 731051209.76 649651378.5552 675454725.0198 721477619.9091 565806320.2456 512549285.587 580729797.6042 424053162.1357 85880630.9769 0 149611547.902 
161769975.5232 177367475.52580002 198911040.454 336603056.2377 336742013.1399 421206101.7234 457094391.5066 621660793.1807 762376323.2183 829604226.1113 611712606.1413 914592166.9527 805345779.107 1021444120.1288 1036392338.5464 1058298497.0729 965714680.4452 814125231.5061 847468301.6478 779489633.8341 699960622.8148 665352752.126 766711907.2866 603975522.1718 572291601.2631 696277172.4613 552026739.2752 150819243.5355 149611547.902 0 
