17
Place44 Place40 Place48 Place45 Place27 Place20 Place8 Place46 Place30 Place25 Place42 Place37 Place14 Place6 Place49 Place28 Place23
0 1054521068.91404 1009225022.74101 1287618532.2928 2279436260.21895 1814473260.29274 2175396612.3593 1599937919.10085 1657485181.36434 1631095866.95276 2114967563.44247 1072865592.79943 1335467902.81288 1378387997.26664 1559262727.04356 1924972414.12316 1147292500.66094 
1054521068.91404 0 1389317369.3541 1918725949.03941 2258961621.91711 2409004060.59283 2413816763.69955 1370393222.88584 1253520118.80802 1631899630.99941 2403122394.19453 1822310358.4996 1318944906.40809 1302972670.73618 2121878262.2153401 2331866674.8211 1946762406.12355 
1009225022.74101 1389317369.3541 0 1333590721.91744 1840833297.90892 1054997420.3205 1439023433.75565 1096263982.75614 1290582225.29291 1683814861.90736 2321088482.42968 1874169491.86786 1194451027.66018 1779641162.04494 2210950166.35165 2122648714.09092 1720894843.02711 
1287618532.2928 1918725949.03941 1333590721.91744 0 1076077988.65884 2358666502.2506704 1737895867.53047 1287836232.13673 1840549019.09236 1559460680.63628 1416894225.59925 1916082685.54121 1117365092.75364 1170003873.67389 1405389616.91561 1822627008.77768 1122663415.30187 
2279436260.21895 2258961621.91711 1840833297.90892 1076077988.65884 0 1789891234.5345 2338954672.17935 2350110524.57003 2080807616.46826 2466383049.19523 1287648428.42287 1206570667.41952 1308481849.16989 2186572485.59308 1355371313.27699 2357193780.11277 2198741403.96071 
1814473260.29274 2409004060.59283 1054997420.3205 2358666502.2506704 1789891234.5345 0 1202280347.43673 1160665458.61702 1155483941.78481 1533354297.01519 1527891003.38518 1863611064.38524 1972791283.89284 1188662628.57678 2190889164.38176 2289270563.35942 2268996593.10546 
2175396612.3593 2413816763.69955 1439023433.75565 1737895867.53047 2338954672.17935 1202280347.43673 0 1054062814.38435 2066113673.88672 2270466069.72814 1564404664.80444 2168160147.98115 1094871857.29146 1174644861.28942 1633660048.17129 2311220784.65406 1920884514.4864 
1599937919.10085 1370393222.88584 1096263982.75614 1287836232.13673 2350110524.57003 1160665458.61702 1054062814.38435 0 1012050859.50237 2132641367.00245 1224824499.67354 1189505882.57943 1653832877.53257 2112892454.26993 1354069342.62164 2116020850.40452 1832252366.32429 
1657485181.36434 1253520118.80802 1290582225.29291 1840549019.09236 2080807616.46826 1155483941.78481 2066113673.88672 1012050859.50237 0 1120590507.50008 1179861887.10893 2201556742.0818 2195389828.0067997 1100841594.76756 1035405222.59695 1970515522.06411 2175405312.0213404 
1631095866.95276 1631899630.99941 1683814861.90736 1559460680.63628 2466383049.19523 1533354297.01519 2270466069.72814 2132641367.00245 1120590507.50008 0 1561453677.13931 2468039106.2779303 1770487361.44678 1654722862.0649 1111011735.91824 1675855586.20302 1343177216.2891 
2114967563.44247 2403122394.19453 2321088482.42968 1416894225.59925 1287648428.42287 1527891003.38518 1564404664.80444 1224824499.67354 1179861887.10893 1561453677.13931 0 1057038099.4538 1857422516.38274 1316634153.88119 2215267109.70588 1628059941.57618 1431329310.56223 
1072865592.79943 1822310358.4996 1874169491.86786 1916082685.54121 1206570667.41952 1863611064.38524 2168160147.98115 1189505882.57943 2201556742.0818 2468039106.2779303 1057038099.4538 0 1073288290.68969 1579746920.94235 1386265572.20984 1169434681.26872 1124861889.98883 
1335467902.81288 1318944906.40809 1194451027.66018 1117365092.75364 1308481849.16989 1972791283.89284 1094871857.29146 1653832877.53257 2195389828.0067997 1770487361.44678 1857422516.38274 1073288290.68969 0 1094548233.23924 2108891551.86798 1993561730.00357 1148621758.01064 
1378387997.26664 1302972670.73618 1779641162.04494 1170003873.67389 2186572485.59308 1188662628.57678 1174644861.28942 2112892454.26993 1100841594.76756 1654722862.0649 1316634153.88119 1579746920.94235 1094548233.23924 0 1666464024.67955 1374300188.72019 1653263931.56909 
1559262727.04356 2121878262.2153401 2210950166.35165 1405389616.91561 1355371313.27699 2190889164.38176 1633660048.17129 1354069342.62164 1035405222.59695 1111011735.91824 2215267109.70588 1386265572.20984 2108891551.86798 1666464024.67955 0 1037093570.60992 1140000089.42439 
1924972414.12316 2331866674.8211 2122648714.09092 1822627008.77768 2357193780.11277 2289270563.35942 2311220784.65406 2116020850.40452 1970515522.06411 1675855586.20302 1628059941.57618 1169434681.26872 1993561730.00357 1374300188.72019 1037093570.60992 0 1335661791.51398 
1147292500.66094 1946762406.12355 1720894843.02711 1122663415.30187 2198741403.96071 2268996593.10546 1920884514.4864 1832252366.32429 2175405312.0213404 1343177216.2891 1431329310.56223 1124861889.98883 1148621758.01064 1653263931.56909 1140000089.42439 1335661791.51398 0 
