31
Place87 Place50 Place2 Place19 Place20 Place34 Place60 Place17 Place56 Place57 Place4 Place48 Place10 Place0 Place26 Place83 Place16 Place85 Place22 Place23 Place31 Place41 Place40 Place71 Place93 Place54 Place36 Place1 Place43 Place77 Place72
0 1896656296.27165 2081958326.94559 1761087693.06261 1501865907.33363 1152367747.65059 2182668852.62883 1826038456.09823 2181620304.99219 1347863643.16514 2246316617.0062504 2128949534.8930502 1116163749.94123 1543601637.55617 1177868209.05742 1135589968.35271 2164451450.15438 2235680391.0304003 1823245443.40093 2048256628.8633099 1375924027.33922 2432850674.69104 1086190988.25203 2320538238.34335 1267070215.21953 1834421823.4714 2191577277.95039 1981454325.41078 1954910679.18003 2337573544.56075 1693091006.00552 
1896656296.27165 0 1101117938.53152 1792403823.13006 2274867428.49047 1684607903.36709 1461225675.17448 1727584937.17017 1793150700.32722 1297004800.47941 1948413480.66316 2431204784.02922 2550434040.2975 2249420165.54767 1825661395.66581 1577339348.3214 1471977626.43449 1392109182.23951 1727333223.62554 1787663996.13443 1819613202.18712 1629800288.62221 2177422231.1799297 1968071128.82231 1461030643.41441 1866068166.21995 1022922441.17281 1053145050.49159 2103801960.82111 1372720137.67067 1555932347.08699 
2081958326.94559 1101117938.53152 0 1003260586.73077 1924337029.83749 2256188199.7161503 2199272235.27628 2016300480.5524302 1967996404.70599 1289083595.4684 1601173207.2223 1434697896.7479 2190816976.46131 1148302227.01615 1580214907.59249 1429477139.77088 1481289059.70468 2136498919.67277 1811996518.8082 2054712989.1210299 2209956153.5601797 2109515423.1507401 1835638857.1306 1667658095.68335 1697000893.99318 1590208676.32194 1259042732.76613 2154262989.02311 1659318550.98292 1902564217.29497 1835727472.74553 
1761087693.06261 1792403823.13006 1003260586.73077 0 1576205264.04884 1694360414.49665 1956920198.13135 1318471124.63936 1893358040.46313 2250375821.93071 1631209693.72567 1324750768.92771 2221370022.29608 2151562813.74692 1517779603.71201 2364051197.3443003 1132550715.25096 1443193441.88679 1064555139.8436 2066536908.49095 1945890969.44296 2085048688.9514499 1639250955.38048 2273129418.46209 2100774654.37131 1947209197.91865 1561567700.87478 1695511507.44225 2401199381.99692 2101220061.5419402 2096910886.77469 
1501865907.33363 2274867428.49047 1924337029.83749 1576205264.04884 0 1010570693.49787 1375716577.77989 1071179301.67604 2139196288.30433 1322841736.02794 2041858577.7916799 1689149048.42289 1471701610.32761 1228899852.47754 1074396979.66568 1209316249.45754 2380867229.05753 1319068154.28926 1453078365.79428 1747934303.01523 2046454051.4979901 2158079921.31621 1918696431.40762 1429851155.32057 1758647746.70028 1048249358.1885 1453333732.57168 1910910906.94667 1152507918.74547 1737851690.93379 1998766971.38574 
1152367747.65059 1684607903.36709 2256188199.7161503 1694360414.49665 1010570693.49787 0 1148271477.31307 2081749995.1739101 2335034493.9411497 2314107758.90561 2183074313.9193 2219111425.093 1203490272.81795 2163492517.62472 1838158734.46249 2219886942.95541 1455613558.52015 2183773842.41038 1713815860.14858 2203513929.64931 1742990030.42782 2214518942.4858103 1355561400.18994 1908646046.62748 1412390331.27229 2058820051.68637 2347080885.51248 2311803859.6819696 2163078612.24334 1600862232.93482 2231597215.02142 
2182668852.62883 1461225675.17448 2199272235.27628 1956920198.13135 1375716577.77989 1148271477.31307 0 1042618941.66853 2415789962.47526 2111891395.9527 2041414284.57862 2157673321.42383 1723504468.0924 1050970008.26013 1297341462.35067 1462545222.65491 2229303323.7781696 1067853094.97968 1203473194.28559 2054039512.8171601 1372223327.1024 1847009814.14986 2052951457.068 1290180380.19754 2019886407.9329 1938772704.47606 1816318226.07956 1708623573.56422 1741058995.66383 1535049305.12243 1384627727.42942 
1826038456.09823 1727584937.17017 2016300480.5524302 1318471124.63936 1071179301.67604 2081749995.1739101 1042618941.66853 0 1534836231.80832 1228729614.09096 1902521798.93003 1183141607.33328 2198762759.6083302 1373839568.40083 1832397155.28263 1267492216.47965 2194411793.30809 1155612255.5854 2089722516.61452 1170028996.31766 1907202943.60193 1375738372.81389 2050451288.1774101 2145215479.23004 1743205750.32538 1478333957.53722 1656094087.86393 1558998245.78559 1534487364.38946 1885852162.10925 1412489163.15138 
2181620304.99219 1793150700.32722 1967996404.70599 1893358040.46313 2139196288.30433 2335034493.9411497 2415789962.47526 1534836231.80832 0 1765171947.24466 1189891426.03392 1010069358.56009 1131544221.1232 1779128847.64622 1446190338.78149 1046030336.63948 1589271207.03097 1482983665.46522 1323582040.2114 1818071838.55172 2074659185.0952 1118368068.96674 2085326986.5337 2313289864.95706 1640453949.74122 1683897239.16255 1692786605.15002 2200186827.1154 2160539676.72192 2282120580.45595 2213698731.47301 
1347863643.16514 1297004800.47941 1289083595.4684 2250375821.93071 1322841736.02794 2314107758.90561 2111891395.9527 1228729614.09096 1765171947.24466 0 1080974988.99766 1171258448.24832 1584774425.45612 2135798095.5065198 2318266748.69705 1213247704.95257 1961516672.08892 1803986331.41648 1659268057.34524 1886256217.75854 1002966115.13758 1573023220.4022 1902930537.65804 1825552823.83014 2063701906.19002 1401833660.07112 1263934152.55596 1879403751.19925 1276137550.8721 1530833564.00236 1072827338.044 
2246316617.0062504 1948413480.66316 1601173207.2223 1631209693.72567 2041858577.7916799 2183074313.9193 2041414284.57862 1902521798.93003 1189891426.03392 1080974988.99766 0 1893380088.58026 2263401453.74218 1623442829.74868 1997578845.07223 1431779122.57544 2292869213.55957 2220257492.94273 2113607819.7420897 2425535100.99196 1911938313.96261 1313374717.60413 2210890058.2567 1612061446.83084 2177156750.92211 1324956743.83649 1999518555.05054 1562286698.90068 1787460625.8379 1362956332.30123 2153802327.04166 
2128949534.8930502 2431204784.02922 1434697896.7479 1324750768.92771 1689149048.42289 2219111425.093 2157673321.42383 1183141607.33328 1010069358.56009 1171258448.24832 1893380088.58026 0 1015621152.27505 1886919526.44266 1380000276.65057 1929015566.58264 2151744781.60712 1799752697.86738 1205254088.17466 1892307405.50598 1064589826.53511 1410417938.65638 1075257627.97361 1487010352.35426 2135572351.4737601 1248374048.34229 1600752205.91913 1654237968.81743 1150470318.16183 1420481750.20131 2187312349.12696 
1116163749.94123 2550434040.2975 2190816976.46131 2221370022.29608 1471701610.32761 1203490272.81795 1723504468.0924 2198762759.6083302 1131544221.1232 1584774425.45612 2263401453.74218 1015621152.27505 0 1042514749.44516 1094683008.1254 2021191191.0036402 1464805358.02606 1263498088.08441 2070512937.40163 1998085881.27916 1672514290.76764 1868631475.15122 1740533930.78044 1441490521.47268 1486498888.80533 1771144121.03657 2151113099.40346 1897372512.38024 2166091470.43688 2067452357.80813 1701943400.95494 
1543601637.55617 2249420165.54767 1148302227.01615 2151562813.74692 1228899852.47754 2163492517.62472 1050970008.26013 1373839568.40083 1779128847.64622 2135798095.5065198 1623442829.74868 1886919526.44266 1042514749.44516 0 1043193203.32224 2438216101.93508 2089538078.7027202 1288736886.44652 1571690580.64891 1551134991.4146 2216967086.47499 1697345256.37938 2206683300.3871202 1945268823.93211 2144140859.2880201 1135993288.22969 1928304009.35127 1308294318.77163 2328059949.81671 1024937608.36297 2017284651.30822 
1177868209.05742 1825661395.66581 1580214907.59249 1517779603.71201 1074396979.66568 1838158734.46249 1297341462.35067 1832397155.28263 1446190338.78149 2318266748.69705 1997578845.07223 1380000276.65057 1094683008.1254 1043193203.32224 0 1397793515.28435 1440780242.98948 2314518437.84825 1274087478.42191 2132358054.24109 1585302315.97107 1371295806.57888 1534606051.68001 1331409298.68414 1100947655.96578 1403010458.82057 1056430091.27806 1753693140.71554 1284866746.49447 2068130811.68521 2107547890.41693 
1135589968.35271 1577339348.3214 1429477139.77088 2364051197.3443003 1209316249.45754 2219886942.95541 1462545222.65491 1267492216.47965 1046030336.63948 1213247704.95257 1431779122.57544 1929015566.58264 2021191191.0036402 2438216101.93508 1397793515.28435 0 1237933185.10273 1658423113.80859 2049382619.14799 1868795502.28865 1181593942.09299 1978441485.35385 1149891297.63875 2268413505.43766 2256264808.32068 1338155689.44769 1531479133.22464 1449420351.14598 2239207040.86191 1961412221.47971 1863536577.40829 
2164451450.15438 1471977626.43449 1481289059.70468 1132550715.25096 2380867229.05753 1455613558.52015 2229303323.7781696 2194411793.30809 1589271207.03097 1961516672.08892 2292869213.55957 2151744781.60712 1464805358.02606 2089538078.7027202 1440780242.98948 1237933185.10273 0 1466073984.87486 1429698806.71352 2357196992.87073 1398067100.42847 1445157097.37621 2186734122.16678 2358288838.3512897 2246856558.79793 2159105942.21432 1428337031.40951 1062572725.76546 1364523215.46376 1635411700.70452 2372817714.81489 
2235680391.0304003 1392109182.23951 2136498919.67277 1443193441.88679 1319068154.28926 2183773842.41038 1067853094.97968 1155612255.5854 1482983665.46522 1803986331.41648 2220257492.94273 1799752697.86738 1263498088.08441 1288736886.44652 2314518437.84825 1658423113.80859 1466073984.87486 0 1040430959.42634 2042412728.07369 1212753833.81269 1349196213.07807 1519860962.67657 2358033475.17722 1506962805.02076 1585803460.10765 2289396109.6969004 1765171088.85242 1992321013.04009 2162973163.3516603 1115031908.48821 
1823245443.40093 1727333223.62554 1811996518.8082 1064555139.8436 1453078365.79428 1713815860.14858 1203473194.28559 2089722516.61452 1323582040.2114 1659268057.34524 2113607819.7420897 1205254088.17466 2070512937.40163 1571690580.64891 1274087478.42191 2049382619.14799 1429698806.71352 1040430959.42634 0 1001981768.64735 2006009685.76406 1937453057.17109 1283898558.86846 1945749213.04492 2233920414.97643 2107182970.4832802 2077909731.6103802 2165354006.2104597 1336644242.15332 2344633943.77275 1826995302.79953 
2048256628.8633099 1787663996.13443 2054712989.1210299 2066536908.49095 1747934303.01523 2203513929.64931 2054039512.8171601 1170028996.31766 1818071838.55172 1886256217.75854 2425535100.99196 1892307405.50598 1998085881.27916 1551134991.4146 2132358054.24109 1868795502.28865 2357196992.87073 2042412728.07369 1001981768.64735 0 1004027917.11671 1394704487.47621 1819281166.36251 2237262070.36732 1543449222.41642 1105201201.83593 1075927962.96303 2186916580.88374 2295216635.45477 2167112286.18596 2090236710.8284402 
1375924027.33922 1819613202.18712 2209956153.5601797 1945890969.44296 2046454051.4979901 1742990030.42782 1372223327.1024 1907202943.60193 2074659185.0952 1002966115.13758 1911938313.96261 1064589826.53511 1672514290.76764 2216967086.47499 1585302315.97107 1181593942.09299 1398067100.42847 1212753833.81269 2006009685.76406 1004027917.11671 0 1056926647.35182 2139847454.50872 1557309170.45677 1343966589.6313 1545990321.51793 1595443691.33263 1182888663.76703 2083810689.1953802 1192029478.11202 1813494654.78377 
2432850674.69104 1629800288.62221 2109515423.1507401 2085048688.9514499 2158079921.31621 2214518942.4858103 1847009814.14986 1375738372.81389 1118368068.96674 1573023220.4022 1313374717.60413 1410417938.65638 1868631475.15122 1697345256.37938 1371295806.57888 1978441485.35385 1445157097.37621 1349196213.07807 1937453057.17109 1394704487.47621 1056926647.35182 0 1411298681.93364 2155632664.51149 2136231042.3403401 1503969591.6475 1264669368.15344 1151075049.10161 2184298474.0549297 2248956125.46384 1110909652.49624 
1086190988.25203 2177422231.1799297 1835638857.1306 1639250955.38048 1918696431.40762 1355561400.18994 2052951457.068 2050451288.1774101 2085326986.5337 1902930537.65804 2210890058.2567 1075257627.97361 1740533930.78044 2206683300.3871202 1534606051.68001 1149891297.63875 2186734122.16678 1519860962.67657 1283898558.86846 1819281166.36251 2139847454.50872 1411298681.93364 0 1234347250.09132 1561763267.22051 1440648981.74588 1205017320.11703 1772446952.36401 2225727946.13544 1550726294.81497 2110380947.68803 
2320538238.34335 1968071128.82231 1667658095.68335 2273129418.46209 1429851155.32057 1908646046.62748 1290180380.19754 2145215479.23004 2313289864.95706 1825552823.83014 1612061446.83084 1487010352.35426 1441490521.47268 1945268823.93211 1331409298.68414 2268413505.43766 2358288838.3512897 2358033475.17722 1945749213.04492 2237262070.36732 1557309170.45677 2155632664.51149 1234347250.09132 0 1894719023.38512 1263763150.355 1250395270.08246 2263410466.86119 2263787943.92825 1846514374.84534 2323923452.6566 
1267070215.21953 1461030643.41441 1697000893.99318 2100774654.37131 1758647746.70028 1412390331.27229 2019886407.9329 1743205750.32538 1640453949.74122 2063701906.19002 2177156750.92211 2135572351.4737601 1486498888.80533 2144140859.2880201 1100947655.96578 2256264808.32068 2246856558.79793 1506962805.02076 2233920414.97643 1543449222.41642 1343966589.6313 2136231042.3403401 1561763267.22051 1894719023.38512 0 2246040916.6019497 1696337760.04213 1605103030.61562 1313494553.58032 1507165033.97832 2077315898.5529299 
1834421823.4714 1866068166.21995 1590208676.32194 1947209197.91865 1048249358.1885 2058820051.68637 1938772704.47606 1478333957.53722 1683897239.16255 1401833660.07112 1324956743.83649 1248374048.34229 1771144121.03657 1135993288.22969 1403010458.82057 1338155689.44769 2159105942.21432 1585803460.10765 2107182970.4832802 1105201201.83593 1545990321.51793 1503969591.6475 1440648981.74588 1263763150.355 2246040916.6019497 0 1573486468.96428 1869232170.84988 1779456876.2585 1061911084.35003 1200513959.65236 
2191577277.95039 1022922441.17281 1259042732.76613 1561567700.87478 1453333732.57168 2347080885.51248 1816318226.07956 1656094087.86393 1692786605.15002 1263934152.55596 1999518555.05054 1600752205.91913 2151113099.40346 1928304009.35127 1056430091.27806 1531479133.22464 1428337031.40951 2289396109.6969004 2077909731.6103802 1075927962.96303 1595443691.33263 1264669368.15344 1205017320.11703 1250395270.08246 1696337760.04213 1573486468.96428 0 1921895662.55745 2341296837.7725296 1250098820.136 1282337573.37307 
1981454325.41078 1053145050.49159 2154262989.02311 1695511507.44225 1910910906.94667 2311803859.6819696 1708623573.56422 1558998245.78559 2200186827.1154 1879403751.19925 1562286698.90068 1654237968.81743 1897372512.38024 1308294318.77163 1753693140.71554 1449420351.14598 1062572725.76546 1765171088.85242 2165354006.2104597 2186916580.88374 1182888663.76703 1151075049.10161 1772446952.36401 2263410466.86119 1605103030.61562 1869232170.84988 1921895662.55745 0 1050656910.32952 2177025097.9744797 2088661427.11909 
1954910679.18003 2103801960.82111 1659318550.98292 2401199381.99692 1152507918.74547 2163078612.24334 1741058995.66383 1534487364.38946 2160539676.72192 1276137550.8721 1787460625.8379 1150470318.16183 2166091470.43688 2328059949.81671 1284866746.49447 2239207040.86191 1364523215.46376 1992321013.04009 1336644242.15332 2295216635.45477 2083810689.1953802 2184298474.0549297 2225727946.13544 2263787943.92825 1313494553.58032 1779456876.2585 2341296837.7725296 1050656910.32952 0 1764869758.03962 2348964888.9161 
2337573544.56075 1372720137.67067 1902564217.29497 2101220061.5419402 1737851690.93379 1600862232.93482 1535049305.12243 1885852162.10925 2282120580.45595 1530833564.00236 1362956332.30123 1420481750.20131 2067452357.80813 1024937608.36297 2068130811.68521 1961412221.47971 1635411700.70452 2162973163.3516603 2344633943.77275 2167112286.18596 1192029478.11202 2248956125.46384 1550726294.81497 1846514374.84534 1507165033.97832 1061911084.35003 1250098820.136 2177025097.9744797 1764869758.03962 0 1804398180.85444 
1693091006.00552 1555932347.08699 1835727472.74553 2096910886.77469 1998766971.38574 2231597215.02142 1384627727.42942 1412489163.15138 2213698731.47301 1072827338.044 2153802327.04166 2187312349.12696 1701943400.95494 2017284651.30822 2107547890.41693 1863536577.40829 2372817714.81489 1115031908.48821 1826995302.79953 2090236710.8284402 1813494654.78377 1110909652.49624 2110380947.68803 2323923452.6566 2077315898.5529299 1200513959.65236 1282337573.37307 2088661427.11909 2348964888.9161 1804398180.85444 0 
