67
oto pta rcs ifc vsu rwt lbs zbn vaf ase rxi lfh cpw qlo bwq gak egz bai fgo tto qbe qfc udq unk dkn qbj rut yiz rod thz mnv lah uca qnn hxo nfy iuz bsz ili ooc brk wiq slq tro eqm htv ptq vlt nhk orc pkx qoe cxu fib hgx ooi krg ahv sfp rju uwp uxr ahy thd npu zgf qtq
0 12.04159 16.61195 14.375879999999999 36.68646 29.77033 29.04159 39.56008 56.58947 53.35128 44.83897 49.39636 48.10405 57.70615 60.10786 67.35726 64.95709 67.05688 53.603260000000006 42.75512 37.69615 39.69615 31.57898 31.4873 33.06055 39.14331 37.8443 52.05696999999999 63.44066000000001 41.10961 34.99141 28.3196 33.12782 42.577890000000004 44.94441 47.92703 50.60756 51.48888 45.03726 61.40033 64.11196000000001 78.39245 90.64705000000001 80.80283 82.57226 77.78228999999999 84.34453 78.84795 78.00744 73.59880000000001 75.89466 83.23461 84.34049 90.80408 62.97887 55.547560000000004 32.89748 32.76066 19.714599999999997 24.61789 32.24903 17.82187 34.58037 38.04589 28.30427 28.881099999999996 9.21954 
12.04159 0 17.80449 20.04056 28.42495 18.97367 17.0 29.369320000000002 46.04346 42.57934 33.28663 49.44212 44.01163 52.008849999999995 54.918839999999996 70.02083 64.17352 70.49112 57.14837 50.01 43.442930000000004 45.442930000000004 37.66247 39.756640000000004 45.10214 43.57042 49.27757 62.77147000000001 70.17834 47.20995 39.0 40.31129 41.89433 53.296079999999996 56.986 59.50725 62.1289 62.64982 56.75732 73.0313 75.80237 89.88882 101.59634 91.95721 92.19667 87.09765 91.19759 84.8604 83.61777000000001 79.34558000000001 81.66285 85.67938000000001 87.60262 94.87947 70.02857 60.59548 28.44293 24.04163 25.23886 30.97511 41.19466 23.02173 39.65229 43.04649 26.05486 26.501350000000002 21.26113 
16.61195 17.80449 0 2.23607 21.40093 23.54978 33.70698 43.46263 59.213570000000004 54.40771 32.69916 48.85152 48.29693 59.14963 59.218509999999995 65.21585999999999 60.15759 63.27329 49.81967 37.41002999999999 33.53675 34.921769999999995 23.25987 23.4094 28.92841 33.131009999999996 31.66395 45.87662 56.32051 36.25987 22.36068 22.80449 25.63201 35.8469 41.11433 43.00343 44.41846 46.06528 44.48782 55.22681 58.00862 72.20335 85.09137 75.35239999999999 76.32169 71.52367 78.94847 73.76742 72.17278999999999 68.35203 70.93659 79.79033000000001 80.16889 86.38401999999999 57.63377999999999 47.75982 21.26029 20.12461 14.785889999999998 21.856959999999997 33.91026 19.232480000000002 35.99098 38.082969999999996 16.16446 14.0 10.63015 
14.375879999999999 20.04056 2.23607 0 23.637 21.31371 31.47091 43.84023 59.47727 53.482040000000005 30.46309 46.61545 46.87217 58.555409999999995 57.53706 63.27517 59.19273 61.08764 47.63402 35.173959999999994 31.30068 32.6857 21.0238 21.18962 26.69234 31.38586 29.42788 43.64055 54.23099 34.0238 20.61553 22.49286 25.96151 36.81068 40.31129 40.767360000000004 45.45501 43.82921 43.12133 54.22257 59.22257 71.34770999999999 82.8553 73.11633 74.7264 69.62738 76.7124 71.54764 69.96988 66.12866 68.78362 77.55426 77.93999 84.15246 55.39770999999999 45.54119 20.29543 18.38478 12.54982 19.62089 35.118719999999996 21.46855 35.80803 35.8469 13.92839 16.236069999999998 12.86622 
36.68646 28.42495 21.40093 23.637 0 17.0 18.92948 23.34524 40.374629999999996 46.95809 40.568650000000005 42.63801 47.96175 44.94441 48.60041 69.1631 60.61346 66.13210000000001 55.1747 49.49747 42.01851 44.01851 35.78589 37.613479999999996 43.46263 40.79453 49.65112 63.31206 69.90111999999999 46.06888 40.86198 44.205420000000004 46.99548 57.14018 61.40033 61.29437 64.81512 66.24203 55.9017 76.58288 79.40955 92.60001 103.35951 91.23657 92.17917 87.67172 90.10637 83.27217 82.3298 77.40695 79.72024 82.45379 84.43832 92.39359 69.12552 59.228049999999996 27.01851 22.09902 29.99335 36.076260000000005 50.55231 35.40025 45.04442 49.0102 25.14416 30.14416 30.83504 
29.77033 18.97367 23.54978 21.31371 17.0 0 25.42047 31.14482 46.277429999999995 38.22349 23.56865 39.296890000000005 36.86101 42.485299999999995 42.213530000000006 52.22909 47.265339999999995 51.62832 38.1747 34.026439999999994 25.484180000000002 27.01851 19.52122 21.500239999999998 30.67951 24.59675 34.205999999999996 48.176320000000004 53.15073 29.06888 27.80405 38.47709 41.30375 50.021170000000005 54.972030000000004 48.12841 52.64353 51.62364 41.40048 63.04233 66.8553 79.85413 88.75246 75.58439 75.93827 71.72424000000001 73.10637 66.27217 65.63419 60.40695 62.720240000000004 66.7308 68.66001 75.93686 52.197869999999995 42.69372 10.48418 5.09902 27.94427 35.01534 50.513169999999995 36.40846 48.91559 52.38111 26.49087 24.75884 27.80613 
29.04159 17.0 33.70698 31.47091 18.92948 25.42047 0 12.36932 29.39871 29.165599999999998 28.01785 39.328720000000004 31.634930000000004 37.74034999999999 43.07179 58.19098 57.28001 64.19165 54.7393 53.14132 44.64303 46.57252 39.56911 41.18252 49.92846 45.955560000000006 55.52684 69.42242 73.39537999999999 48.765480000000004 49.12489 53.96377 57.43242 67.27301 71.7822 69.44925 73.434 72.34639 62.42596 83.48653 86.97701 100.62079 109.83624 96.64421999999999 96.81627 92.36905 91.66242 84.22305 83.29466 78.10667000000001 80.02794 79.12034 82.6306 90.94187 71.59439 60.214819999999996 30.46309 25.146910000000002 42.23886 47.64341 58.19466 40.021730000000005 56.44103 60.04649 33.87343 32.28427 37.96333 
39.56008 29.369320000000002 43.46263 43.84023 23.34524 31.14482 12.36932 0 17.02939 23.61285 33.40604 37.25314 29.559350000000002 31.09919 36.92582 56.5345 58.147220000000004 66.04783 56.7186 60.91271 54.042899999999996 53.66563 48.429309999999994 50.66537999999999 59.46427 54.81788 65.11528 79.20859 80.59145000000001 56.23755 58.79626 65.36819 69.07966 79.22257 83.77866 79.27323 83.63574 82.76846 72.42641 94.18715 97.84751 110.32338999999999 119.22806 105.15227 104.20199 100.23971 97.21551 89.72536000000001 89.07967 83.24871999999999 84.17244 79.7962 84.09518 93.15157 77.83315 66.4969 41.629 36.24384 53.338589999999996 59.421499999999995 70.34913 52.39105000000001 68.02941 72.30375000000001 44.40721 40.48683 48.77962 
56.58947 46.04346 59.213570000000004 59.47727 40.374629999999996 46.277429999999995 29.39871 17.02939 0 9.84886 41.7393 38.27532 28.805390000000003 30.24501 32.01562 54.21922 58.685320000000004 67.18631 61.03315 70.13534 60.9158 62.36986 59.81639 62.052459999999996 71.48644 66.06815 77.05234999999999 91.26339999999999 88.46650000000001 66.22259 72.00725 80.99842000000001 84.81365 94.33981 99.02091 91.62809 96.51943 95.05392 83.9183 106.60677 110.87287 122.14745 129.5088 115.14911 112.26635 108.78117 101.34564 92.47702 92.31097 86.58082 87.66413 78.43087 84.07103 93.42659 84.47459 73.94992 50.80354 46.32494 68.89265 75.50497 87.23812000000001 69.06519 85.05879999999999 89.08995 61.28972 57.05125 64.65289 
53.35128 42.57934 54.40771 53.482040000000005 46.95809 38.22349 29.165599999999998 23.61285 9.84886 0 31.89044 28.460499999999996 18.97367 22.996950000000002 28.61285 48.647800000000004 48.83646 57.780730000000005 52.089479999999995 60.843180000000004 51.62364 53.62364 51.313250000000004 53.54932 62.96825 57.42822 68.52631 82.66407000000001 78.61764000000001 56.89074 63.98236 73.37575 78.64477 87.64131 92.5201 83.21710999999999 88.63828000000001 86.56909999999999 75.22437 98.18362 102.39629 113.40639999999999 120.21664000000001 105.30024999999999 102.41749 99.0202 91.51392 83.29822999999999 82.46211 76.7491 77.83315 69.37509 74.83646 84.32329 74.62573 65.00625 42.54409 43.32251 63.46344 70.27465000000001 83.05505000000001 65.49046 81.39931 85.17168 57.15383 53.46027 60.1003 
44.83897 33.28663 32.69916 30.46309 40.568650000000005 23.56865 28.01785 33.40604 41.7393 31.89044 0 16.15549 18.24829 32.670500000000004 27.07397 36.7342 30.88689 37.20449 27.04563 35.63362 29.19492 27.90456 20.46425 22.700319999999998 31.782069999999997 25.94224 37.12258 51.3021 49.098310000000005 29.62978 34.70032 46.01087 53.27514000000001 60.13319 65.12296 51.90669 57.27631 55.38292 44.63203 66.80422 71.11967 81.61161 88.4138 73.40981 72.21599 67.95587 64.13267 56.3568 56.13078 50.29983 52.08647 52.39275 55.08176 63.17274 45.01722 33.61547 29.683790000000002 28.66767 41.7121 48.38388 63.742490000000004 50.21952 63.95311 66.30999 41.40048 45.52724 43.32931 
49.39636 49.44212 48.85152 46.61545 42.63801 39.296890000000005 39.328720000000004 37.25314 38.27532 28.460499999999996 16.15549 0 9.48683 23.712040000000002 23.41641 39.833079999999995 30.346249999999998 36.77598999999999 30.01385 38.84538 32.97393 34.97393 34.01612 36.25219 44.55353 38.47077 49.65111 62.43645000000001 52.34501 43.181650000000005 48.04165 62.16636 69.43063000000001 75.02666 80.28754 64.22501 69.85548 66.40783 58.183899999999994 77.87996 82.87996 91.49104 95.61340999999999 79.50518 75.74904000000001 72.83543 63.609030000000004 59.32502 54.12947 49.30941 49.39636 42.54306 48.052499999999995 57.53932999999999 47.50889 37.8241 41.41803 44.39591000000001 57.86759 64.53936999999999 79.89798 66.03787 80.05623 82.46235 57.14018 60.41816 58.6159 
48.10405 44.01163 48.29693 46.87217 47.96175 36.86101 31.634930000000004 29.559350000000002 28.805390000000003 18.97367 18.24829 9.48683 0 14.42221 32.90324 33.60535 30.14963 39.0939 33.115809999999996 45.833890000000004 36.61435 37.05551 38.44009 40.676159999999996 49.64877 43.65776 54.78138 68.54907 60.89331 39.01316 52.17279 64.12686 71.06055 78.38148 83.30306999999999 69.62398999999999 75.04247000000001 72.638 60.9333 84.20155 88.78138 98.55306 103.58571 88.09663 84.61713 81.39462 72.54025 64.32455999999999 63.56099 57.77543 58.88319 51.989959999999996 56.14963 65.63646 56.58033 46.03258 31.9312 36.61435 59.32231 65.11528 79.84826 65.08054 79.38598999999999 82.28001 55.65809 53.35456 57.32359 
57.70615 52.008849999999995 59.14963 58.555409999999995 44.94441 42.485299999999995 37.74035 31.09919 30.24501 22.99695 32.670500000000004 23.712040000000002 14.42221 0 20.29563 38.01316 43.0741 52.018370000000004 47.538019999999996 60.256099999999996 51.036559999999994 51.47772 52.39636 54.42426 63.71418 57.77543 68.942 82.73451999999999 74.95332 53.43537 66.08093 76.95237 83.22412 91.24425 96.18775 83.71797 89.16014 86.8463 75.1416 98.38699999999999 102.88454 112.69192 117.94722999999999 101.91173 98.42706 95.71358 85.08819 76.93426 76.15773 70.3278 72.65236 60.22966 65.73431 75.18654 70.17837 60.45479 44.38468 41.443659999999994 69.20411999999999 76.10519 89.95518 73.90136 89.11583999999999 92.22798 65.20091 63.33848 66.91039 
60.10786 54.918839999999996 59.218509999999995 57.53706 48.60041 42.213530000000006 43.07179 36.92582 32.01562 28.61285 27.07397 23.41641 32.90324 20.29563 0 22.2036 27.73085 36.67512 35.40947 51.117270000000005 45.31676 46.11574 46.27094 48.37355 57.07296 50.9902 61.84658 76.05925 64.44668 47.91993 60.37355 73.08484 80.30567 87.10512 92.05598 76.24303 82.0061 80.67381 69.79536 91.21502 95.84658 104.15104 107.66035 91.22657 87.0 84.54195999999999 72.54792 66.06702 63.51378 57.88698 58.35914 47.09733 52.737489999999994 61.84658 59.080200000000005 49.40648 42.95237 45.33221 68.78607 74.95332 90.374 75.59235 89.79778999999999 92.86850000000001 65.83843 63.55076 69.20304 
67.35726 70.02083 65.21585999999999 63.27517 69.1631 52.22909 58.19098 56.5345 54.21922 48.647800000000004 36.7342 39.833079999999995 33.60535 38.01316 22.2036 0 9.48683 18.4311 22.02272 43.04649 38.07887 37.65634 47.85413 48.77996 54.12947 50.04813 57.594530000000006 68.03359 52.985290000000006 38.64638 59.26849 74.03331 82.28001 86.34813 91.21952 70.0 76.0 72.0627 61.0082 82.5609 87.5609 93.17338000000001 94.40744000000001 76.92204 71.02112 69.35416 53.07542 43.86342 45.435249999999996 39.604299999999995 41.880539999999996 31.32716 35.48683 40.56361 43.86342 37.780680000000004 44.10215 49.48731 73.57309 80.13442 95.88013 84.03044 96.79876 98.6233 75.87129999999999 74.24958 75.60423 
64.95709 64.17352 60.15759 59.19273 60.61346 47.265339999999995 57.28001 58.14722 58.685320000000004 48.83646 30.88689 30.346249999999998 30.14963 43.0741 27.73085 9.48683 0 8.94427 19.64302 34.515299999999996 31.51871 33.51871 40.904050000000005 41.990750000000006 46.29587 45.699870000000004 49.391769999999994 59.93833000000001 43.498459999999994 35.28579 51.626509999999996 66.39133 75.26379 78.44743 83.24062 61.2417 67.24170000000001 63.521679999999996 53.63738 73.2826 78.23043 83.68655 85.66128 67.65263 61.85467 60.03332 45.6408 44.60819000000001 36.5305 30.87598 32.39371 21.84033 26.0 35.48683 39.6956 28.29385 38.8973 43.02597 67.80118 74.87225000000001 90.37007999999999 79.19596 91.23193 92.65528 70.76722 72.02418 70.78774 
67.05688 70.49112 63.27329 61.08764 66.13210000000001 51.62832 64.19165 66.04783 67.18631 57.780730000000005 37.20449 36.77599 39.0939 52.01836999999999 36.67512 18.4311 8.94427 0 13.45362 34.66682 32.0342 30.45362 41.11225 41.86884 46.86493 41.04875 49.35627 55.7315 34.71311 37.22517 51.81908 66.37017 75.61281 77.53362000000001 83.42304999999999 59.14833 64.5399 59.5399 52.504870000000004 71.34667999999999 76.27896 79.26238 78.62210999999999 61.709630000000004 55.173249999999996 55.00762 36.696529999999996 35.663920000000005 27.58623 21.93171 24.76014 30.7846 34.94427 40.48919 35.53318 34.70423 42.608380000000004 47.99354 70.01079 75.84209 91.5527 82.50577 93.44154 94.36645999999999 74.4043 74.8563 73.90344 
53.603260000000006 57.14837 49.81967 47.63402 55.1747 38.1747 54.7393 56.7186 61.03315 52.089479999999995 27.04563 30.01385 33.115809999999996 47.538019999999996 35.40947 22.02272 19.64302 13.45362 0 21.2132 18.580579999999998 17.0 27.65863 29.04159 34.49555 37.10995 35.90265 46.01087 35.814859999999996 25.708199999999998 38.91015 53.67424 62.65085 65.48756 70.36991 48.01042 54.00926 50.03998 39.05125 60.53818 65.53818 73.11103 75.97877 57.42822 53.03772 50.56582 40.49691 39.586240000000004 38.71965 33.73849 36.566919999999996 38.680949999999996 30.8707 38.32754 24.75884 21.25061 29.154760000000003 34.53992 56.58716 62.482 78.24321 69.05215 80.00364 81.22005999999999 61.44059 61.402680000000004 60.44982 
42.75512 50.01 37.41002999999999 35.173959999999994 49.49747 34.02644 53.14132 60.91271 70.13534 60.843180000000004 35.63362 38.84538 45.83389 60.256099999999996 51.117270000000005 43.04649 34.515299999999996 34.66682 21.2132 0 9.21954 11.21954 21.556919999999998 19.32085 28.75483 31.391379999999998 31.219540000000002 45.43221 23.36648 19.98963 30.40916 45.17398 43.41659 45.80528 50.75614 28.306120000000004 33.06055 38.06055 41.25256 40.5216 45.5216 60.81866 62.38926 47.394009999999994 44.05924 40.692 41.74792 39.03 35.48809 31.304949999999998 34.0042 50.04061 49.20459 51.44113 20.22375 19.848860000000002 24.219540000000002 28.927419999999998 41.18252 45.80393 60.959 55.54278 63.60031 66.17139 49.0408 50.9902 47.38096 
37.69615 43.442930000000004 33.53675 31.30068 42.01851 25.48418 44.64303 54.042899999999996 60.9158 51.62364 29.19492 32.97393 36.61435 51.03656 45.31676 38.07887 31.51871 32.0342 18.580579999999998 9.21954 0 2.0 13.6619 14.04159 23.475569999999998 29.558329999999998 22.0 36.21267 28.92582 24.60584 21.18962 35.954440000000005 44.72136 48.779680000000006 53.730540000000005 34.67016 40.02499 38.40055 35.973299999999995 48.46648 53.14132 63.96825 68.593 54.965689999999995 52.53712 48.37355 48.27749 43.3261 40.31129 35.90265 38.32754 47.38143 47.60702 53.47815 27.17936 26.39083 15.0 20.38516 42.45986 46.301590000000004 60.30755 52.76923 62.29967 63.73057 45.22907 47.53675 44.1669 
39.69615 45.442930000000004 34.921769999999995 32.6857 44.01851 27.01851 46.57252 53.66563 62.36986 53.62364 27.90456 34.97393 37.05551 51.47772 46.11574 37.65634 33.51871 30.45362 17.0 11.21954 2.0 0 11.6619 12.04159 21.475569999999998 27.558329999999998 20.0 34.21267 26.92582 22.60584 23.18962 36.67424 45.65085 48.76474 53.63729000000001 36.67016 39.62323 36.40055 33.973299999999995 49.68164 54.0 62.92556999999999 70.15496999999999 52.965689999999995 50.53712 47.33616000000001 46.27749 41.3261 40.4437 37.90265 37.47091 46.01087 45.60702 51.47815 25.17936 28.39083 17.0 22.38516 40.45986 45.96738 61.778769999999994 53.85165 63.77187 64.53921 46.61409 47.75982 45.47055 
31.57898 37.66247 23.25987 21.0238 35.78589 19.52122 39.569109999999995 48.42931 59.81639 51.313250000000004 20.46425 34.01612 38.44009 52.39636 46.27094 47.85413 40.904050000000005 41.11225 27.65863 21.556919999999998 13.6619 11.6619 0 2.23607 11.67005 17.75281 17.236069999999998 31.448739999999997 36.29484 13.0 14.23607 29.00089 36.96821 41.32056 46.27142 31.90611 37.90611 35.2709 24.16778 46.87217 51.11347 62.88419999999999 71.67567 57.69777 57.56735 55.45053 56.4358 52.52142 50.39268 45.70592 47.75982 57.67277 57.268919999999994 63.14005 35.12834 28.68074 9.21954 14.4222 29.02345 35.10564 50.91703 42.41098 52.34501 53.84605 34.95219 36.40055 33.80865 
31.487299999999998 39.756640000000004 23.4094 21.18962 37.613479999999996 21.500239999999998 41.18252 50.66538 62.052459999999996 53.54932 22.700319999999998 36.25219 40.676159999999996 54.42426 48.37355 48.77996 41.990750000000006 41.86884 29.04159 19.32085 14.04159 12.04159 2.23607 0 9.43398 15.51674 15.0 29.21267 34.05877 15.23607 12.0 26.76482 34.73214 39.64911 44.18144 29.68236 35.68236 33.03483 21.93171 44.65423 48.8774 60.648129999999995 69.4396 55.4617 58.94569 54.15572 55.76208 50.35802 48.78026 45.16419 47.719719999999995 58.052459999999996 57.64861 63.51974 34.36568 29.754250000000003 11.31371 16.40122 28.44093 33.97325 49.784639999999996 42.143350000000005 51.77774 52.49762 35.11801 36.87818 33.54102 
33.06055 45.10214 28.92841 26.69234 43.46263 30.67951 49.92846 59.46427 71.48644 62.96825 31.782069999999997 44.55353 49.64877 63.71418 57.07296 54.12947 46.29587 46.86493 34.495549999999994 28.75483 23.475569999999998 21.475569999999998 11.67005 9.43398 0 6.08276 17.2631 19.84943 36.39732 17.48451 16.85309 29.24264 30.0 37.52996 42.08801 20.2495 26.2495 23.60085 27.465200000000003 35.22783 39.46937 52.62364 62.338589999999996 49.846289999999996 49.511709999999994 44.72174 52.81098 50.379239999999996 46.95743 48.13035 46.87217 61.03278 62.8463 63.89053 38.14962 27.55367 20.74769 25.8352 32.03106 32.75668 48.568070000000006 44.68912 50.561170000000004 50.44799 40.62073 41.0 36.08679 
39.14331 43.57042 33.131009999999996 31.38586 40.79453 24.59675 45.95556 54.81788 66.06815 57.42822 25.94224 38.47077 43.65776 57.77543 50.9902 50.04813 45.699870000000004 41.04875 37.10995 31.39138 29.558329999999998 27.558329999999998 17.75281 15.51674 6.08276 0 11.18034 25.393009999999997 30.31456 11.40175 10.77033 25.53515 34.62405 37.96709 44.67164 25.96623 31.38471 29.68361 33.008779999999994 40.86198 45.17743 56.0803 67.10703000000001 52.589589999999994 52.226510000000005 47.12749 53.18544 47.16991 45.54119 42.04759 44.72136 61.07161 60.5994 61.28671 32.06686 21.47091 21.67679 20.80865 30.52868 35.4683 50.91169 50.77188 53.2635 53.74012 43.058640000000004 40.4475 42.16955 
37.8443 49.27757 31.66395 29.42788 49.65112 34.205999999999996 55.52683999999999 65.11528 77.05234999999999 68.52631 37.12258 49.65111 54.78138 68.942 61.84658 57.594530000000006 49.391769999999994 49.35627 35.90265 31.219540000000002 22.0 20.0 17.236069999999998 15.0 17.2631 11.18034 0 14.21267 28.849850000000004 22.58209 21.95067 36.71549 41.3684 29.96665 34.77305 32.28388 37.2088 33.53314 21.82844 29.68164 34.0 45.648129999999995 56.30228 44.91527 45.29852 40.1995 51.35642 47.67002 47.055930000000004 45.39306 46.09772 62.32372 60.0 64.20321 31.79159 24.56477 26.24881 31.14489 32.83024 34.53983 50.35122 47.15593 51.88449 53.28787 42.04938 45.18474 39.16213 
52.05697 62.77147000000001 45.876619999999996 43.64055 63.31206 48.176320000000004 69.42242 79.20859 91.26339999999999 82.66407000000001 51.3021 62.43645000000001 68.54907 82.73451999999999 76.05925 68.03359 59.93833000000001 55.7315 46.01087 45.432210000000005 36.21267 34.21267 31.44874 29.21267 19.84943 25.393009999999997 14.21267 0 26.40076 35.1687 33.43909 25.07987 34.32251 27.20294 35.10981 29.85613 24.32047 19.32047 7.61577 15.65248 20.65248 35.94954 51.755230000000005 32.01562 41.6133 36.51428 51.13316 48.41524 46.2277 46.24971 49.07814 68.62232 65.96083999999999 66.71205 41.60899 31.698990000000002 40.45986 45.278819999999996 40.769850000000005 41.04875 52.27694 55.094049999999996 56.51796 54.70832 53.031220000000005 58.031220000000005 49.272760000000005 
63.44066000000001 70.17834 56.32051 54.23099 69.90111999999999 53.15073 73.39537999999999 80.59145000000001 88.46650000000001 78.61764000000001 49.098310000000005 52.34501 60.89331 74.95332 64.44668 52.98529 43.49846 34.71311 35.814859999999996 23.36648 28.92582 26.92582 36.29484 34.05877 36.39732 30.31456 28.849850000000004 26.40076 0 24.69818 37.95302 51.48063 55.98089 53.6037 59.713589999999996 35.01398 41.01398 37.35125 34.016529999999996 42.05324 47.02852 44.56604 43.909 27.55386 32.04337 26.94435 44.59729 40.91089 36.56862 30.73767 33.5661 44.40721 39.56008 40.31129 31.447110000000002 20.045360000000002 43.17407 48.50773 58.24088 62.77235 75.17978 73.59264 79.26799 78.22841 68.11549 70.32051 65.30697 
41.10961 47.20995 36.25987 34.0238 46.06888 29.06888 48.765480000000004 56.23755 66.22259 56.89074 29.62978 43.181650000000005 39.01316 53.43537 47.91993 38.64638 35.28579 37.22517 25.708199999999998 19.98963 24.60584 22.60584 13.0 15.23607 17.48451 11.40175 22.58209 35.1687 24.69818 0 22.17208 36.9369 45.79301 48.38425 53.16014 32.38827 38.38827 41.08536 35.41969 46.843129999999995 51.775409999999994 59.5399 65.06919 50.831309999999995 48.30114 44.41846 44.04543 39.60197 39.23699 33.40604 34.78505 51.12666 50.06177 53.54222 32.70308 25.10106 20.39117 24.18677 41.410849999999996 46.87005 62.31344 55.13189 64.66525 65.14187 47.95219 49.40055 46.52956 
34.99141 39.0 22.36068 20.61553 40.86198 27.80405 49.12488999999999 58.79626 72.00725 63.98236 34.70032 48.04165 52.17279 66.08093 60.37355 59.26849 51.626509999999996 51.81908 38.91015 30.40916 21.18962 23.18962 14.23607 12.0 16.85309 10.77033 21.95067 33.43909 37.95302 22.17208 0 14.76482 23.85372 27.64911 34.0002 21.103540000000002 24.83948 29.83948 33.931709999999995 37.54466 39.05125 52.62437 63.19263 53.5535 54.262010000000004 49.16299 59.15059 55.07268 54.17204000000001 52.509170000000005 53.738910000000004 67.56332 65.85627 70.30974 38.907700000000006 30.4795 23.31371 27.30907 22.80351 29.874579999999998 42.79067 41.593160000000005 44.10215 47.86344 34.54392 36.22154 32.99083 
28.3196 40.31129 22.80449 22.49286 44.205420000000004 38.477090000000004 53.96377 65.36819 80.99842 73.37575 46.01087 62.16636 64.12686 76.95237 73.08484 74.03331 66.39133 66.37017 53.67424 45.17398000000001 35.954440000000005 36.67424 29.00089 26.76482 29.24264 25.53515 36.71549 25.07987 51.48063 36.9369 14.76482 0 9.24264 14.31782 19.23538 29.76973 23.76973 26.07681 31.68333 40.381260000000005 43.38478 51.55462 64.76973 57.09549 61.817620000000005 56.7186 70.71068 69.65331 68.51213 63.89053 66.70832 81.84131 80.19636 84.64983 53.24779 44.826660000000004 33.156729999999996 38.541889999999995 16.55295 20.92252 28.17801 31.07681 32.22907 36.80881 29.08291 34.08291 25.524169999999998 
33.12782 41.89433 25.63201 25.96151 46.99548 41.30375 57.43242000000001 69.07966 84.81365 78.64477 53.27514000000001 69.43063000000001 71.06055 83.22412 80.30567 82.28001 75.26379 75.61281 62.65085 43.41659 44.72136 45.65085 36.96821 34.73214 30.0 34.62405 41.3684 34.32251 55.98089 45.79301 23.85372 9.24264 0 11.40175 22.08801 31.1725 29.01724 34.01724 32.24903 40.47063 45.47063 56.802130000000005 69.46222 63.73035 69.12308 64.03124 79.41893999999999 77.44684000000001 75.26434 73.11755 75.82216 91.03278 89.439 93.4138 60.0 53.83045 40.31725 42.43021 20.6205 23.393829999999998 35.759879999999995 26.83282 24.33105 29.33105 33.105109999999996 37.99741 24.04163 
42.577890000000004 53.29608 35.8469 36.81068 57.14018 50.021170000000005 67.27301 79.22257 94.33981 87.64131 60.13319 75.02666 78.38148 91.24425 87.10512 86.34813 78.44743 77.53362000000001 65.48756 45.80528 48.779680000000006 48.76474 41.32056 39.64911 37.52996 37.96709 29.96665 27.20294 53.6037 48.38425 27.64911 14.31782 11.40175 0 15.148900000000001 31.17678 26.31222 30.09902 34.81871 29.06888 34.06888 46.39824 61.209630000000004 56.22613 62.860420000000005 57.82343 76.05919 75.08626 73.43064 72.75735 75.58578 92.17917 89.58795 92.45539 59.60859000000001 54.531420000000004 47.16991 49.81967 28.150460000000002 25.22363 32.39371 38.234570000000005 35.7328 35.91567 40.63507 45.527370000000005 35.38361 
44.94441 56.986 41.11433 40.31129 61.40033 54.972030000000004 71.7822 83.77866 99.02091 92.5201 65.12296 80.28754 83.30306999999999 96.18775000000001 92.05598 91.21952 83.24062 83.42304999999999 70.36991 50.75614 53.730540000000005 53.63729000000001 46.27142 44.18144 42.08801 44.67164 34.77305 35.10981 59.713589999999996 53.16014 34.0002 19.23538 22.08801 15.148900000000001 0 29.88863 23.88863 28.6007 40.3054 30.66541 29.47214 44.04988 60.15132 57.58472 64.84598 59.94284999999999 79.75453999999999 78.66215000000001 77.74510000000001 76.08223000000001 78.91066000000001 96.86861999999999 93.81365 96.80590000000001 62.480760000000004 59.08313 52.28526 54.74486 32.708510000000004 28.26319 28.881099999999996 40.80865 34.11557 30.77033 43.18565 48.18565 38.94868 
47.92703 59.50725 43.00343 40.767360000000004 61.29437 48.12841 69.44925 79.27323 91.62809 83.21710999999999 51.90669 64.22501 69.62399 83.71797 76.24303 70.0 61.2417 59.14833 48.01042 28.30612 34.67016 36.67016 31.90611 29.68236 20.249499999999998 25.96623 32.283879999999996 29.85613 35.01398 32.38827 21.103540000000002 29.76973 31.1725 31.17678 29.88863 0 6.0 11.0 22.704700000000003 16.92936 21.86164 33.17797 42.72002 38.43826 41.65511 36.55609 53.94292 51.225 52.47049 48.54894 51.31277 71.5463 68.62884 69.33974 37.20615 33.73426 40.99607 45.47439 38.63936 43.274620000000006 52.308730000000004 54.13381 54.13381 52.20153 51.169320000000006 56.169320000000006 48.15889 
50.60756 62.1289 44.41846 45.45501 64.81512 52.64353 73.434 83.63574 96.51943 88.63828000000001 57.27631 69.85548 75.04247000000001 89.16014 82.0061 76.0 67.2417 64.5399 54.00926 33.06055 40.02499 39.62323 37.90611 35.68236 26.2495 31.38471 37.2088 24.320470000000004 41.013980000000004 38.38827 24.83948 23.76973 29.01724 26.31222 23.88863 6.0 0 5.0 16.704700000000003 20.12461 25.12461 27.78489 41.0 34.71311 41.65511 36.55609 55.86591 56.08157 55.70991000000001 54.04704 56.4358 76.844 74.62884 74.46222 40.445570000000004 39.62323 46.99607 51.47439 40.16217 39.45884 48.50789 54.12947 53.348290000000006 51.32092 52.692130000000006 57.692130000000006 49.2939 
51.48888 62.64982 46.06528 43.82921 66.24203 51.62364 72.34639 82.76846 95.05392 86.56909999999999 55.38292 66.40783 72.638 86.8463 80.67381 72.0627 63.521679999999996 59.5399 50.03998 38.06055 38.40055 36.40055 35.2709 33.03483 23.60085 29.68361 33.53314 19.32047 37.35125 41.08536 29.83948 26.07681 34.01724 30.09902 28.6007 11.0 5.0 0 11.7047 25.124609999999997 30.124609999999997 29.42534 40.09746 34.92895 37.0 31.95309 51.95816 51.08157 50.70991000000001 49.04704 51.47815 72.68468 69.67596 69.46222 35.445570000000004 35.22783 44.34854 48.9183 41.97618 44.45884 52.29469 56.4358 56.7186 54.57105 54.50614 58.829319999999996 50.44799 
45.03726 56.75732 44.48782 43.12133 55.9017 41.40048 62.42596 72.42641 83.9183 75.22437 44.63203 58.1839 60.9333 75.1416 69.79536 61.0082 53.63738 52.504870000000004 39.05125 41.25256 35.973299999999995 33.973299999999995 24.16778 21.93171 27.465200000000003 33.00878 21.82844 7.61577 34.016529999999996 35.41969 33.931709999999995 31.68333 32.24903 34.81871 40.3054 22.704700000000003 16.704700000000003 11.7047 0 23.268250000000002 28.268250000000002 39.94868 47.50789 39.631389999999996 39.09902 34.0 47.16991 45.455909999999996 47.69979 41.86884 44.697269999999996 63.15853 64.0503 62.62587 38.64966 39.31476 33.24154 38.20995 37.05401 44.12508 53.08409 52.15362 55.71355 57.64306 48.17421 51.62364 45.28696 
61.40033 73.0313 55.22681 54.22257 76.58288 63.04233 83.48653 94.18715 106.60677 98.18362 66.80422 77.87996 84.20155 98.38699999999999 91.21502 82.5609 73.2826 71.34667999999999 60.53818 40.5216 48.46648 49.68164 46.87217 44.65423 35.22783 40.86198 29.68164 15.65248 42.05324 46.843129999999995 37.54466 40.381260000000005 40.47063 29.06888 30.66541 16.92936 20.12461 25.12461 23.268250000000002 0 5.0 20.297060000000002 36.10275 28.17801 36.98946 31.89044 54.91812 57.40446 54.626 55.69249 58.19968 80.41859 75.69016 75.81562 42.95346 45.22238 55.80323 60.48289 51.15832 49.47727 57.723119999999994 65.62428 62.74118 59.43235 63.41969 67.54258 59.66123 
64.11196000000001 75.80237 58.00862 59.22257 79.40955 66.8553 86.97701 97.84751 110.87286999999999 102.39629 71.11967 82.87996 88.78138 102.88454 95.84658 87.5609 78.23043 76.27896000000001 65.53818 45.5216 53.14132 54.0 51.11347 48.8774 39.46937 45.17743 34.0 20.65248 47.02852 51.775409999999994 39.05125 43.38478 45.47063 34.06888 29.47214 21.86164 25.12461 30.12461 28.268250000000002 5.0 0 15.29706 31.10275 33.17801 41.98946 36.89044 59.91812 62.35855 59.626 60.624770000000005 63.15377 85.32878 80.62354 80.41144 47.85394 50.195710000000005 60.19111 64.69426 56.15832 50.92151 58.35324 66.90637000000001 62.48333 59.03389 65.69082 70.58312000000001 61.26989 
78.39245 89.88882 72.20335 71.34770999999999 92.60001 79.85413 100.62079 110.32338999999999 122.14745 113.40639999999999 81.61161 91.49104 98.55306 112.69192 104.15104 93.17338 83.68655 79.26238 73.11103 60.81866 63.96825 62.92556999999999 62.88419999999999 60.648129999999995 52.62364 56.0803 45.648129999999995 35.94954 44.56604 59.5399 52.62437 51.55462 56.802130000000005 46.39824 44.04988 33.17797 27.78489 29.42534 39.94868 20.297060000000002 15.29706 0 16.76305 23.84732 33.69618 30.36445 56.04463 60.53098 59.30952 62.02776 64.07139000000001 87.0 82.13498 79.61889000000001 51.48762 55.65968 71.89694 76.38706 67.62396 66.21857 72.93098 80.95678 77.59567000000001 74.33095 80.15392 84.5281 76.48308 
90.64705000000001 101.59634 85.09137 82.8553 103.35951 88.75246 109.83624 119.22806 129.5088 120.21664000000001 88.4138 95.61340999999999 103.58571 117.94722999999999 107.66035000000001 94.40744000000001 85.66127999999999 78.62210999999999 75.97877 62.38925999999999 68.593 70.15497 71.67567 69.4396 62.338589999999996 67.10703000000001 56.30228 51.75523 43.909 65.06919 63.19263 64.76973 69.46222 61.209630000000004 60.15132 42.72002 41.0 40.09746 47.50789 36.10275 31.10275 16.76305 0 23.08276 25.07987 30.17889 55.88881 60.566069999999996 53.75872 58.32141 59.561749999999996 83.8928 76.84550999999999 74.94834 53.36414 58.25529 80.74943 85.2115 81.16217 80.45884000000001 88.11077 95.12947 93.34524 90.0 93.30059 97.57127 89.56004 
80.80283 91.95721 75.3524 73.11633 91.23657 75.58439 96.64421999999999 105.15227 115.14911 105.30024999999999 73.40981 79.50518 88.09663 101.91173 91.22657 76.92204 67.65263 61.709630000000004 57.42822 47.394009999999994 54.965689999999995 52.965689999999995 57.69777 55.4617 49.846289999999996 52.589589999999994 44.91527 32.01562 27.55386 50.831309999999995 53.5535 57.09549 63.73035 56.22613 57.58472 38.43826 34.71311 34.92895 39.631389999999996 28.17801 33.17801 23.84732 23.08276 0 9.84886 8.12311 33.83303 39.137389999999996 38.60555 41.87411 42.42641 66.75746 60.4951 57.358439999999995 33.93009 42.0858 66.77541 71.86292 72.24957 73.06437 83.19639 87.10967 88.0614 86.03403 83.93978000000001 87.47571 80.60884999999999 
82.57226 92.19667 76.32169 74.7264 92.17917 75.93827 96.81627 104.20199 112.26635 102.41749 72.21599 75.74904000000001 84.61713 98.42706 87.0 71.02112 61.85467 55.173249999999996 53.03772 44.05924 52.53712 50.53712 57.56735 58.94568999999999 49.511709999999994 52.226510000000005 45.29852 41.6133 32.043369999999996 48.30114 54.262010000000004 61.817620000000005 69.12308 62.860420000000005 64.84598 41.65511 41.65511 37.0 39.09902 36.98946 41.98946 33.69618 25.07987 9.84886 0 5.09902 30.80894 37.21936 39.07249 33.24154 34.48188 58.812929999999994 55.81375 52.246069999999996 28.28427 38.60052 66.78689 71.84943 76.05919 78.90464 89.02247 91.13726 93.39398 91.48224 87.05171 90.32169 84.17071 
77.78228999999999 87.09765 71.52367 69.62738 87.67172 71.72424000000001 92.36904999999999 100.23971 108.78117 99.0202 67.95587 72.83543 81.39462 95.71358 84.54195999999999 69.35416 60.03332 55.00762 50.56582 40.692 48.37355 47.33616000000001 55.45053 54.155719999999995 44.72174 47.12749 40.1995 36.51428 26.94435 44.41846 49.16299 56.7186 64.03124 57.82343 59.94284999999999 36.55609 36.55609 31.95309 34.0 31.89044 36.89044 30.36445 30.17889 8.12311 5.09902 0 25.70992 33.90002 38.62167 34.152280000000005 36.98071 59.51463 54.334469999999996 49.25444 25.80698 35.38361 63.37355 67.93614 71.05401 73.86765 83.9345 86.15361999999999 88.29496 86.40023 82.09858 85.38424 79.21133 
84.34453 91.19759 78.94847 76.7124 90.10637 73.10637 91.66242 97.21551 101.34564 91.51392 64.13267 63.609030000000004 72.54025 85.08819 72.54792 53.07542 45.6408 36.696529999999996 40.49691 41.74791999999999 48.27749 46.27749 56.4358 55.76208 52.81098 53.18544 51.35642 51.13316 44.59729 44.04543 59.15059 70.71068 79.41893999999999 76.05919 79.75453999999999 53.94292 55.86591 51.95816 47.16991 54.91812 59.91812 56.04463 55.88881 33.83303 30.80894 25.70992 0 9.21954 17.29723 14.76482 14.21267 36.24914 35.567789999999995 34.555260000000004 21.524169999999998 32.01562 63.27749 68.00735 81.65283 85.30239 98.88377 96.46243 102.88346 101.59724 90.47099 92.64026 88.36981 
78.84795 84.8604 73.76742 71.54764 83.27217 66.27217 84.22305 89.72536000000001 92.47702 83.29822999999999 56.3568 59.32502 64.32455999999999 76.93426 66.06702 43.86342 44.60819000000001 35.663920000000005 39.586240000000004 39.03 43.3261 41.3261 52.52142 50.35802 50.379239999999996 47.16991 47.67002 48.41524 40.91089 39.60197 55.07268 69.65331 77.44684000000001 75.08626 78.66215000000001 51.225 56.08157 51.08157 45.455909999999996 57.40446 62.358549999999994 60.53098 60.566069999999996 39.137389999999996 37.21936 33.90002 9.21954 0 8.07769 13.90864 13.69168 37.77749 29.96724 26.832819999999998 18.80625 27.481589999999997 56.492779999999996 61.877939999999995 77.38863 81.50397 96.22699 92.06649 99.17483 98.86578 85.39139 87.2362 83.57033 
78.00744 83.61777000000001 72.17278999999999 69.96988 82.3298 65.63419 83.29466 89.07967 92.31097 82.46211 56.13078 54.12947 63.56099 76.15773 63.51378 45.435249999999996 36.5305 27.58623 38.71965 35.48809 40.31129 40.4437 50.39268 48.78026 46.95743 45.54119 47.055930000000004 46.2277 36.568619999999996 39.23699 54.17204 68.51213 75.26434 73.43064 77.7451 52.470490000000005 55.70991 50.70991 47.69979 54.626 59.626 59.30952 53.75872 38.60555 39.07249 38.62167 17.29723 8.07769 0 5.83095 8.659379999999999 30.89704 23.08679 21.18962 15.26434 26.66609 55.31129 60.53517000000001 75.98021 79.64923 94.14292 90.53377 97.45372 97.40541999999999 83.89827 85.65844 81.9329 
73.59880000000001 79.34558 68.35203 66.12866 77.40695 60.40695 78.10667000000001 83.24871999999999 86.58082 76.7491 50.29983 49.30941 57.77543 70.3278 57.88698 39.604299999999995 30.87598 21.93171 33.73849 31.304949999999998 35.90265 37.90265 45.70592 45.16419 48.13035 42.04759 45.393060000000006 46.24971 30.73767 33.40604 52.509170000000005 63.89053 73.11755 72.75735 76.08223 48.54894 54.04704 49.04704 41.86884 55.69249 60.62477 62.02776 58.32141 41.874109999999995 33.24154 34.152280000000005 14.76482 13.908639999999998 5.83095 0 2.82843 27.159480000000002 24.183549999999997 20.80865 13.60147 25.00322 50.90265 56.28781 72.47068 76.8505 92.01698 86.84773 94.65499 94.40339 80.05705 82.04237 78.39113 
75.89466 81.66285 70.93659 68.78362 79.72024 62.720240000000004 80.02794 84.17244 87.66413 77.83315 52.08647 49.39636 58.88319 72.65236 58.35914 41.880539999999996 32.39371 24.76014 36.566919999999996 34.0042 38.32754 37.47091 47.75982 47.719719999999995 46.87217 44.72136 46.09772 49.07814 33.5661 34.78505 53.738910000000004 66.70832 75.82216 75.58578 78.91066 51.31277 56.4358 51.47815 44.697269999999996 58.19968 63.153769999999994 64.07139000000001 59.561749999999996 42.42641 34.48188 36.98071 14.21267 13.69168 8.659379999999999 2.82843 0 24.33105 21.35512 21.723390000000002 16.4299 23.25941 53.28076 57.62122 75.18672 79.62885 94.40339 89.47067 97.43334 97.20082 82.71200999999999 84.16037 81.02941 
83.23461 85.67938000000001 79.79033 77.55426 82.45379 66.7308 79.12034 79.7962 78.43087 69.37509 52.39275 42.54306 51.989959999999996 60.22966 47.09733 31.32716 21.84033 30.7846 38.680949999999996 50.04061 47.38143 46.01087 57.67277 58.052459999999996 61.03278 61.07161000000001 62.32372 68.62232 44.40721 51.12666 67.56332 81.84131 91.03278 92.17917 96.86861999999999 71.5463 76.844 72.68468 63.15853 80.41859 85.32878 87.0 83.8928 66.75746 58.812929999999994 59.51463 36.24914 37.77749 30.89704 27.159480000000002 24.33105 0 7.81025 17.00089 40.76095 39.6007 58.82176 64.20692 86.27862 91.97825 107.6802 98.94257999999999 109.60383 110.50029 91.25876 91.48964000000001 90.34025 
84.34049 87.60262 80.16889 77.93999 84.43832 68.66001 82.6306 84.09518 84.07103 74.83646 55.08176 48.052499999999995 56.14963 65.73431 52.737489999999994 35.48683 26.0 34.94427 30.8707 49.20459 47.60702 45.60702 57.268919999999994 57.64861 62.8463 60.5994 60.0 65.96083999999999 39.56008 50.06177 65.85627 80.19636 89.439 89.58795 93.81365 68.62884 74.62884 69.67596 64.0503 75.69016 80.62354 82.13498 76.84550999999999 60.4951 55.81375 54.334469999999996 35.56779 29.96724 23.08679 24.18355 21.35512 7.81025 0 9.48683 37.400639999999996 44.59305 59.94164 63.56099 86.05231 91.5744 107.38579 99.29992 109.37889 109.88842 91.58603 92.19911 90.72597999999999 
90.80408 94.87947 86.38401999999999 84.15246 92.39359 75.93686 90.94187 93.15156999999999 93.42659 84.32329 63.17274 57.53932999999999 65.63646 75.18654 61.84658 40.56361 35.48683 40.48919 38.32754 51.44113 53.47815 51.47815 63.14005 63.51974 63.89053 61.28671 64.20321 66.71205 40.31129 53.54222 70.30974 84.64983 93.4138 92.45539 96.80590000000001 69.33974 74.46222 69.46222 62.62587 75.81562 80.41144 79.61889000000001 74.94834 57.358439999999995 52.246069999999996 49.25444 34.555260000000004 26.832819999999998 21.18962 20.80865 21.723390000000002 17.00089 9.48683 0 34.41012 42.59694 66.86443 70.83784 91.74036 96.64721 111.65929 105.3298 114.21182999999999 114.33722 97.96696 98.99117000000001 96.74709 
62.97887 70.02857 57.633779999999994 55.39771 69.12552 52.197869999999995 71.59439 77.83315 84.47459 74.62573 45.01722 47.50889 56.58033 70.17837 59.080200000000005 43.86342 39.695600000000006 35.53318 24.75884 20.22375 27.17936 25.17936 35.12834 34.36568 38.14962 32.06686 31.79159 41.60899 31.447110000000002 32.70308 38.907700000000006 53.24779 60.0 59.60859000000001 62.480760000000004 37.20615 40.445570000000004 35.445570000000004 38.64966 42.95346 47.85394 51.48762 53.36414 33.93009 28.28427 25.80698 21.524169999999998 18.80625 15.26434 13.60147 16.4299 40.76095 37.400639999999996 34.41012 0 11.40175 42.10701 47.26521 60.715869999999995 64.52465 79.24767 75.27284 82.21061 82.93985 69.26455 71.21395 67.28346 
55.547560000000004 60.59548 47.75982 45.54119 59.228049999999996 42.69372 60.214819999999996 66.4969 73.94992 65.00625 33.61547 37.8241 46.03258 60.45479 49.40648 37.78068 28.29385 34.70423 21.25061 19.848860000000002 26.39083 28.39083 28.68074 29.754250000000003 27.55367 21.47091 24.56477 31.698990000000002 20.045360000000002 25.101059999999997 30.4795 44.826660000000004 53.83045 54.53142 59.08313 33.73426 39.62323 35.22783 39.31476 45.22238 50.195710000000005 55.65968 58.25529 42.0858 38.60052 35.38361 32.01562 27.481589999999997 26.66609 25.00322 23.25941 39.6007 44.59305 42.59694 11.40175 0 32.20954 37.594699999999996 51.99959 56.93921 72.02085 66.21178 74.58165 74.51872 59.46958 61.75982 57.77723 
