17
zt vo af cy cr fe ll rq vu ra ak my aa xj yq mq im
0 37.01351 45.0238 21.0238 38.47077 60.67437 68.59962 66.26001 43.10452 75.31334000000001 68.0147 68.62215 67.21626 36.34556 34.00329 42.00329 77.34024 
37.01351 0 23.32381 41.18252 75.48428 66.30988 79.20859 76.34016 66.76183 79.79595 57.08647 53.6621 39.71311 70.58381 43.38202 51.38202 62.242540000000005 
45.0238 23.32381 0 24.0 83.49457000000001 89.63369 87.46428 82.68011 88.12832 103.11976000000001 80.41028 76.98591 63.03692 67.60046 56.54902 64.54902 84.77758 
21.0238 41.18252 24.0 0 59.49457 81.69817 77.88453 73.99864000000001 64.12832 83.18654 89.0385 88.50683 74.47116 43.60046 55.02709 49.41332 84.96364 
38.47077 75.48428 83.49457000000001 59.49457 0 22.2036 51.47816 47.290009999999995 63.05675 75.27902 57.33198 56.7186 70.75427 74.81633 58.13777 50.15974 104.61866 
60.67437 66.30988 89.63369 81.69817 22.2036 0 29.27456 33.83282 42.98831 53.07542 79.14644 77.20104 85.08189 63.24555 50.08992 50.63954 87.96947 
68.59962 79.20859 87.46428 77.88453 51.47816 29.27456 0 5.09902 25.4951 38.98055 65.06919 70.34913 72.56951000000001 74.41102 79.36448 71.90061 100.93749 
66.26001 76.34016 82.68011 73.99864000000001 47.290009999999995 33.83282 5.09902 0 23.15549 36.54657 65.91060999999999 70.3254 70.2299 72.11528 74.80159 66.80159 97.41507999999999 
43.10452 66.76183 88.12832 64.12832 63.056749999999994 42.98831 25.4951 23.15549 0 36.53048 42.75512 47.16991 47.07441 50.32892 63.22681 55.22681 82.31389 
75.31334000000001 79.79595 103.11976000000001 83.18654 75.27902 53.07542 38.98055 36.54657 36.53048 0 44.099270000000004 37.69615 50.159859999999995 81.02785 82.96713 74.96713 84.97058 
68.0147 57.08647 80.41028 89.0385 57.33198 79.14644 65.06919 65.91060999999999 42.75512 44.099270000000004 0 6.40312 20.43879 51.30949 86.60025 78.60025 82.43968 
68.62215 53.6621 76.98591 88.50683 56.7186 77.20104 70.34913 70.3254 47.16991 37.69615 6.40312 0 14.03567 44.906369999999995 86.64477 78.64477 81.64376 
67.21626 39.71311 63.03692 74.47116 70.75427 85.08189 72.56951000000001 70.2299 47.07441 50.159859999999995 20.43879 14.03567 0 30.8707 76.35696 72.50002 67.60809 
36.34556 70.58381 67.60046 43.60046 74.81633 63.24555 74.41102 72.11528 50.32892 81.02785 51.30949 44.906369999999995 30.8707 0 45.48626 41.62932 86.20187 
34.00329 43.38202 56.54902 55.02709 58.13777 50.08992 79.36448 74.80159 63.22681 82.96713 86.60025 86.64477 76.35696 45.48626 0 8.0 55.22681 
42.00329 51.38202 64.54902 49.41332 50.15974 50.63954 71.90061 66.80159 55.22681 74.96713 78.60025 78.64477 72.50002 41.62932 8.0 0 55.08176 
77.34024 62.242540000000005 84.77758 84.96364 104.61866 87.96947 100.93749 97.41507999999999 82.31389 84.97058 82.43968 81.64376 67.60809 86.20187 55.22681 55.08176 0 
