68
CU FU AC FE FG DM GA AZ BN FP GQ BC DF GP DI BG AU HH CG AG DE HD GK DP BA GN CC EN HM EZ HC DV EG DN CF EK GU CE DQ AJ BM HN DK AD BZ AK FX ED GZ HP CI CW GM EW BQ FM HF GC AV EM ES GD HO BK GB DD EF FD
0 13.4801 17.6461 23.0512 27.779999999999998 23.4406 38.1156 34.9925 38.7819 46.6821 40.5123 36.8199 26.4115 19.918 13.167 21.6851 16.209 27.611199999999997 26.9562 20.0787 31.705099999999998 23.7086 24.7852 20.0673 42.3656 37.553399999999996 47.979 52.4504 49.4239 54.6354 68.9541 70.4627 63.066199999999995 55.1156 47.5476 40.1993 43.5452 47.89790000000001 46.7942 61.7944 52.2434 62.6826 62.7399 67.6164 75.2462 77.3528 73.3742 83.9594 73.56620000000001 54.069500000000005 63.301500000000004 68.9375 52.4304 65.53569999999999 60.6844 57.4576 54.7739 51.48610000000001 32.2165 31.9645 37.496700000000004 30.7641 38.4519 48.7351 20.0075 29.1119 11.9154 9.6793 
13.4801 0 4.166 9.571100000000001 15.3493 18.779200000000003 25.6133 34.486599999999996 31.377 47.7582 40.4789 36.6011 25.8302 25.017699999999998 13.7843 10.883 15.3941 22.9555 17.9713 19.3201 24.5331 18.2629 19.5393 27.587200000000003 50.2229 42.7915 53.2171 61.594100000000005 61.51220000000001 64.779 81.42240000000001 81.1228 73.2484 63.3885 58.41460000000001 52.0229 54.2115 55.5954 60.082699999999996 73.9587 65.5341 73.2519 74.6423 79.5188 88.50630000000001 89.44069999999999 84.6847 94.7921 82.8598 63.6804 72.9916 76.738 54.460899999999995 68.0997 68.3688 66.8615 62.61169999999999 59.008399999999995 41.0508 41.6546 35.9775 41.3457 46.8738 61.1623 33.2676 24.1632 14.6359 16.199 
17.6461 4.166 0 5.4051 11.1833 14.6132 29.7793 30.3206 35.543 48.9221 44.4488 39.57 21.6642 28.157700000000002 17.9503 14.4994 11.2281 19.450300000000002 13.8053 15.1541 20.3671 19.3496 15.3733 23.7782 49.548 43.215 50.0881 61.3571 62.038799999999995 66.3568 82.01050000000001 83.096 73.7583 63.304 58.018499999999996 53.8792 55.298199999999994 57.9781 62.2081 76.5711 66.086 74.6998 76.9605 80.823 89.6327 90.3177 86.1258 97.6341 86.69250000000001 66.7 77.0786 78.8264 57.53789999999999 70.0017 71.50880000000001 69.80539999999999 63.4888 61.0912 45.216800000000006 45.8206 40.1435 45.161899999999996 48.3005 64.8341 35.417 27.6094 13.961 16.2768 
23.0512 9.571100000000001 5.4051 0 8.0742 17.4517 29.1185 31.7232 35.078599999999994 51.712900000000005 45.2567 42.801500000000004 27.069300000000002 33.5628 22.391800000000003 19.9045 16.6332 17.5747 13.3353 17.6589 23.4859 24.7547 18.3332 24.9726 50.7217 46.1749 52.6187 63.4418 66.6605 70.22749999999999 84.8036 87.19069999999999 78.5933 67.8389 60.2709 57.9787 60.7033 62.4813 67.583 79.8303 70.3813 79.0411 82.3656 86.2281 95.0378 95.71629999999999 90.4704 101.6947 90.7898 69.5716 78.9646 83.4128 60.451100000000004 73.8209 72.5312 73.46039999999999 65.7743 65.7119 48.9283 49.626200000000004 42.8873 48.2483 53.7056 68.6592 39.8977 32.4411 19.3661 20.0874 
27.78 15.3493 11.1833 8.0742 0 9.3775 26.1931 28.4177 32.819500000000005 48.491299999999995 42.2081 39.559599999999996 25.4613 31.954800000000002 29.1336 23.7674 22.4114 22.2835 20.5613 20.892699999999998 31.5504 30.532899999999998 25.2461 33.0468 57.7862 53.0878 60.692899999999995 71.32390000000001 71.0587 75.4907 92.185 93.0441 83.9129 74.4873 67.0878 63.899 63.6067 67.356 71.199 83.5015 74.7496 83.3946 84.8077 89.6842 96.7874 99.0774 93.5807 103.9221 92.5947 71.0891 78.7256 82.4943 57.233399999999996 69.5036 73.0286 73.419 66.6277 67.161 50.332899999999995 51.4814 44.7425 50.7654 55.9658 69.9511 42.7395 37.051199999999994 24.0304 27.4601 
23.4406 18.779200000000003 14.6132 17.4517 9.3775 0 16.8156 27.5731 37.5095 39.484899999999996 33.8546 30.1821 34.211600000000004 35.0132 32.563500000000005 28.9726 22.6818 30.5075 26.2681 29.1483 34.9803 29.211 29.761499999999998 38.166399999999996 61.4541 56.0847 64.6133 73.9996 72.7749 77.9645 92.3947 91.3036 84.3085 75.2112 69.0968 63.6198 61.7572 62.0773 66.3079 78.3303 69.293 77.4683 81.8541 85.53020000000001 93.8597 97.0521 88.8061 97.1994 86.62039999999999 66.0219 73.9402 75.2271 47.8559 61.1667 63.6511 67.3762 62.1959 58.0531 43.3298 44.9221 45.1246 45.8088 50.8491 66.2197 42.8135 40.8217 26.871 28.2106 
38.1156 25.6133 29.7793 29.1185 26.1931 16.8156 0 10.7575 20.6939 22.6693 22.2076 19.8718 17.396 18.1976 29.431 36.4963 37.8834 43.2136 37.9591 44.9334 50.1464 42.8626 39.8633 47.1826 72.4228 64.997 72.9161 80.97840000000001 76.5065 79.6119 95.9386 92.8646 88.1154 83.65249999999999 78.354 66.9797 63.6053 58.4998 64.7208 70.0157 62.9359 71.34 76.1269 78.859 89.49759999999999 93.2969 82.2153 89.3339 76.1314 55.6772 64.1353 62.8487 34.397000000000006 46.6709 49.7874 53.4686 47.5393 46.7544 38.4902 43.124 38.1344 41.6494 45.086600000000004 59.3917 41.299800000000005 35.8642 40.2492 37.613 
34.9925 34.486599999999996 30.3206 31.7232 28.4177 27.5731 10.7575 0 9.9364 30.5324 27.243 30.6293 23.3765 25.9746 21.8255 32.090900000000005 35.9648 40.0135 32.7299 38.8501 48.33109999999999 38.5396 40.691599999999994 49.09649999999999 72.2024 66.42009999999999 73.9758 83.5292 80.6629 85.3779 100.7597 99.7365 93.9311 85.8416 79.9707 72.864 69.5858 66.6568 71.082 79.0797 70.6879 81.1271 83.6664 87.4567 97.44839999999999 100.2717 92.14259999999999 98.8058 86.8889 66.2524 73.6995 72.5994 42.4374 54.0895 59.3614 64.2261 58.2968 56.4705 44.6054 48.4637 41.7248 49.9825 53.4996 67.9956 47.215 39.503 37.6784 38.546 
38.7819 31.377 35.543 35.078599999999994 32.819500000000005 37.5095 20.6939 9.9364 0 22.4069 24.544800000000002 29.4236 33.3129 35.911 25.6149 35.8803 43.2679 48.1768 42.5195 44.2135 55.8583 43.5862 47.994699999999995 53.7451 78.4194 71.2274 81.653 88.5664 84.495 88.6653 102.887 100.9234 97.16640000000001 89.4681 83.8363 74.0229 72.46549999999999 65.0614 71.2325 78.257 68.9165 79.3557 83.30539999999999 87.4135 95.273 102.3691 90.0461 95.561 83.076 61.7702 67.4872 68.0776 33.8832 47.066500000000005 53.942499999999995 59.8196 49.5671 53.393299999999996 42.7169 47.3507 48.4019 51.653 52.917500000000004 67.5912 50.3005 41.1961 44.3549 46.8788 
46.6821 47.7582 48.9221 51.712900000000005 48.491299999999995 39.484899999999996 22.6693 30.5324 22.4069 0 7.2793 12.158100000000001 31.9675 29.5394 36.498200000000004 45.6305 52.4549 64.97370000000001 59.509 60.6775 65.6556 54.2044 59.867599999999996 65.4971 88.2525 79.2795 88.6688 94.5735 86.839 88.7459 102.7789 99.5727 98.2404 94.6705 90.81569999999999 75.3807 69.5017 59.7772 67.3584 66.3944 58.6495 68.6445 72.2708 77.1473 86.23060000000001 92.2395 77.0242 80.1631 66.6468 51.6087 54.0815 51.379400000000004 15.8981 24.6596 33.2629 46.6598 36.4073 41.5439 35.1025 39.7363 38.9043 44.0653 45.2559 57.2916 51.4786 44.8385 56.4144 56.361399999999996 
40.5123 40.4789 44.4488 45.2567 42.2081 33.8546 22.2076 27.243 24.544800000000002 7.2793 0 4.8788 25.8012 22.2601 29.2189 39.484300000000005 46.2886 58.3374 55.4995 55.0492 60.6909 46.9251 52.5883 60.4869 80.9788 74.017 83.39750000000001 88.0453 83.0354 82.8161 98.29849999999999 94.10470000000001 91.98140000000001 88.48020000000001 84.182 71.4153 63.894499999999994 54.7943 61.626000000000005 61.228 54.6626 63.8392 68.3214 71.7433 82.3819 88.2526 73.7086 78.0412 64.5376 47.504999999999995 50.9846 48.1824 15.1944 29.6652 34.7185 46.2504 37.4705 34.2646 30.0478 33.5645 31.8993 37.3132 39.2458 54.0248 44.6899 38.5811 51.4259 49.0987 
36.8199 36.6011 39.57 42.801500000000004 39.559599999999996 30.1821 19.8718 30.6293 29.4236 12.158100000000001 4.8788 0 22.1065 27.1389 25.3976 35.663 42.593900000000005 56.255700000000004 51.6981 51.5653 56.869600000000005 42.1526 50.1109 55.6438 78.8746 71.0625 80.24170000000001 85.39160000000001 79.91499999999999 82.50410000000001 96.2761 91.1583 90.94210000000001 84.5394 81.7039 67.79 62.4238 52.4702 60.0514 61.2632 54.2352 64.67439999999999 69.08500000000001 72.3909 83.0295 87.8252 74.74369999999999 78.93010000000001 66.4451 46.7602 55.8634 50.1033 20.0732 31.9958 36.233 41.3716 32.5917 39.1434 28.8546 32.234 28.8758 37.1335 39.0552 52.3498 39.8111 35.4192 46.5925 45.369 
26.4115 25.8302 21.6642 27.069300000000002 25.4613 34.211600000000004 17.396 23.3765 33.3129 31.9675 25.8012 22.1065 0 6.4935 17.7269 27.9923 20.4874 40.452 35.469500000000004 34.1771 36.2101 26.871699999999997 28.0044 36.153 59.2378 51.276 60.6565 65.2226 61.3706 64.3274 79.4753 76.7284 71.7215 67.2211 61.801 50.5852 46.2093 44.3448 50.095400000000005 59.7739 50.8175 61.1035 63.3402 66.0797 75.8035 79.1892 71.3565 78.7567 67.2434 46.676 55.5637 58.4635 37.2228 50.5072 49.8446 48.1412 41.8246 41.8878 24.9531 27.4773 20.7384 28.9961 32.373599999999996 46.8073 28.430300000000003 21.3873 25.811 27.0171 
19.918 25.017699999999998 28.157700000000002 33.5628 31.954800000000002 35.0132 18.1976 25.9746 35.911 29.5394 22.2601 27.1389 6.4935 0 11.2334 21.4988 26.980900000000002 42.091499999999996 41.963 37.811499999999995 39.9359 24.665 34.3099 38.9819 61.624900000000004 54.800799999999995 62.3592 65.7852 60.9094 65.0772 79.4594 75.9483 73.04560000000001 68.7441 61.9219 49.8974 46.319900000000004 42.0362 47.3699 54.5933 47.5293 55.2706 58.727 63.6035 71.4738 76.372 67.75919999999999 75.2654 62.4509 41.8141 49.096 53.0413 32.5124 45.6177 43.3511 44.5912 37.593999999999994 35.4742 20.2926 24.9264 25.883499999999998 25.2597 28.6969 44.925399999999996 23.1022 17.6666 30.5215 29.597299999999997 
13.167 13.7843 17.9503 22.391800000000003 29.133599999999998 32.5635 29.431 21.8255 25.6149 36.498200000000004 29.2189 25.3976 17.7269 11.2334 0 10.2654 18.3089 30.8581 31.293 26.5781 31.472 20.3398 26.8851 32.6521 55.5326 48.0452 57.137 62.9515 60.1222 63.5524 78.9895 78.93299999999999 72.1056 64.8615 59.2266 52.044399999999996 47.7696 48.9952 51.5423 62.6772 54.746900000000004 64.61930000000001 65.6397 70.5162 78.99210000000001 82.1935 75.0562 83.9285 72.5737 52.0663 59.995400000000004 64.2747 41.3464 54.7271 54.584500000000006 55.0815 48.8274 46.5567 29.3063 30.4927 24.7606 31.0559 36.303 51.466800000000006 25.3895 17.6775 22.207 21.2639 
21.6851 10.883 14.4994 19.9045 23.7674 28.9726 36.4963 32.090900000000005 35.8803 45.6305 39.484300000000005 35.663 27.9923 21.4988 10.2654 0 8.0435 23.8481 26.638199999999998 21.7332 22.7157 10.5078 16.6197 23.394 46.8156 38.0396 47.0381 55.5668 54.07169999999999 59.0434 74.3699 73.60579999999999 65.2617 56.8016 50.925 45.273700000000005 46.4564 45.7183 50.297399999999996 64.40270000000001 54.9798 62.4832 64.7945 69.67099999999999 77.75540000000001 78.5577 73.9112 85.3802 74.7372 54.8636 62.6681 70.6301 51.6118 64.9925 64.34479999999999 59.1502 55.6765 55.0564 35.9113 33.8996 27.1607 31.9338 38.9355 51.8577 23.3905 14.2861 16.9255 12.0058 
16.209 15.3941 11.2281 16.6332 22.4114 22.6818 37.8834 35.9648 43.2679 52.4549 46.2886 42.593900000000005 20.4874 26.980900000000002 18.3089 8.0435 0 21.5377 22.246499999999997 13.6897 15.7227 18.1314 8.5762 15.6656 41.3395 34.4038 41.9315 52.362100000000005 50.8107 56.3669 71.93 72.8683 64.85499999999999 53.6578 47.4683 42.6513 45.496300000000005 50.301100000000005 51.9467 67.8202 60.548700000000004 68.8338 69.3742 74.2507 80.46860000000001 80.8164 77.7959 89.0722 78.831 60.855900000000005 70.7116 74.3391 56.6892 70.99459999999999 66.8259 63.861 59.0266 57.909800000000004 38.6402 41.8017 35.2042 39.9773 41.28 54.6819 25.6197 22.3296 11.4494 6.5297 
27.611199999999997 22.9555 19.450300000000002 17.5747 22.2835 30.5075 43.2136 40.0135 48.1768 64.97370000000001 58.3374 56.255700000000004 40.452 42.091499999999996 30.8581 23.8481 21.5377 0 11.6765 22.5501 28.9313 25.107599999999998 12.9615 21.3664 47.1571 39.9447 40.8619 54.926500000000004 63.1169 62.4934 79.8565 82.1216 70.3347 57.4152 50.8497 51.8945 57.877399999999994 64.01859999999999 65.9714 84.36720000000001 73.7673 82.5596 82.9651 87.8416 94.6473 94.8648 92.7505 105.7693 94.847 75.6537 86.2293 91.6971 71.1177 85.5852 82.7468 80.2172 76.2444 74.13080000000001 57.032300000000006 56.614799999999995 51.008799999999994 53.2227 58.7726 71.15350000000001 40.9635 36.3153 22.851599999999998 17.9319 
26.9562 17.9713 13.8053 13.3353 20.5613 26.2681 37.9591 32.7299 42.5195 59.509 55.4995 51.6981 35.469500000000004 41.963 31.293 26.638199999999998 22.246499999999997 11.6765 0 10.8736 21.0497 29.2719 20.59 26.1418 49.5672 46.289100000000005 52.538399999999996 63.9242 67.0121 73.05250000000001 88.3747 90.81450000000001 80.0564 68.7095 61.1415 61.668800000000005 63.856 69.3834 72.1346 87.7392 79.1996 86.5642 89.5446 93.3665 100.6663 101.84110000000001 98.9513 110.0204 98.224 79.266 86.8581 92.63170000000001 68.1163 82.58709999999999 81.9828 82.7205 75.1398 73.8901 56.7749 57.161 53.798899999999996 57.720299999999995 60.7306 75.6913 46.8328 39.3762 21.8828 24.325 
20.0787 19.3201 15.1541 17.6589 20.892699999999998 29.1483 44.9334 38.8501 44.2135 60.6775 55.0492 51.5653 34.1771 37.811499999999995 26.5781 21.7332 13.6897 22.5501 10.8736 0 11.6448 23.0674 10.9213 19.3262 46.1064 36.8842 42.444 54.318 57.1402 63.3341 79.82130000000001 81.0228 71.1845 59.3377 52.7782 50.9083 56.1687 61.324 63.5342 80.288 72.0603 78.6831 81.3201 84.0946 91.0376 92.8538 89.9684 102.7231 92.4866 73.07430000000001 81.268 86.7848 66.8197 81.2905 79.651 76.306 71.0955 69.0315 52.29520000000001 52.0432 47.7316 49.7445 53.9508 68.3716 38.9256 31.0787 23.9285 20.2194 
31.705099999999998 24.5331 20.3671 23.4859 31.5504 34.9803 50.1464 48.33109999999999 55.8583 65.6556 60.6909 56.869600000000005 36.2101 39.9359 31.472 22.7157 15.7227 28.9313 21.0497 11.6448 0 18.5828 22.5661 25.5381 34.481700000000004 25.2394 35.665 45.304300000000005 47.5636 52.7774 69.5772 72.252 61.6079 47.6929 41.1334 42.5222 47.8844 55.9053 60.2109 76.9178 69.50290000000001 74.5953 75.5866 80.24759999999999 86.5908 86.3049 85.5777 98.3651 89.1062 71.8 81.7171 88.1429 72.4119 85.55359999999999 80.7482 77.689 72.6315 70.6226 51.353 50.429 45.7018 49.3586 52.2308 64.83279999999999 38.105999999999995 31.4922 22.4683 22.2524 
23.708599999999997 18.2629 19.3496 24.7547 30.532899999999998 29.211 42.8626 38.5396 43.5862 54.2044 46.9251 42.1526 26.871699999999997 24.665 20.3398 10.5078 18.1314 25.107599999999998 29.2719 23.0674 18.5828 0 12.1461 20.5271 39.3781 30.1358 39.2276 45.059 43.5639 48.753499999999995 64.3613 65.8985 57.1879 47.3031 43.3038 34.7659 35.9486 40.3846 45.0454 63.1738 56.1171 59.89 60.519 65.3955 72.9654 72.5945 71.1928 84.0993 72.1909 54.3887 63.136 70.581 57.1774 70.2827 65.6763 59.1062 55.2698 53.0607 33.7911 32.8594 34.4796 31.8568 34.9134 48.9703 26.0062 18.5496 17.4568 14.0293 
24.7852 19.5393 15.3733 18.3332 25.2461 29.761499999999998 39.8633 40.691599999999994 47.994699999999995 59.867599999999996 52.5883 50.1109 28.0044 34.3099 26.8851 16.6197 8.5762 12.9615 20.59 10.9213 22.5661 12.1461 0 8.4049 35.1851 27.8417 35.7431 47.299800000000005 52.5236 53.6916 70.5288 70.2451 61.9844 50.518499999999996 42.9505 41.0788 47.0082 52.530699999999996 56.634499999999996 72.5816 61.9817 70.7981 71.0084 75.88489999999999 82.47120000000001 82.0031 81.8296 93.9957 84.337 65.5603 75.18350000000001 81.3603 64.1518 77.3112 73.6355 70.9191 66.6117 62.7746 45.5713 43.857 38.9296 43.0768 47.0595 59.381 29.2354 23.3538 17.6892 15.1059 
20.0673 27.587200000000003 23.7782 24.9726 33.0468 38.1664 47.1826 49.0965 53.7451 65.4971 60.4869 55.6438 36.153 38.9819 32.6521 23.394 15.6656 21.3664 26.1418 19.3262 25.5381 20.5271 8.4049 0 26.7802 33.8091 28.6626 39.9384 44.118700000000004 49.273199999999996 64.361 67.8513 57.129000000000005 44.608399999999996 37.0404 38.9096 45.6333 51.9099 56.0282 73.0845 65.8177 70.5834 71.4236 75.0482 82.24799999999999 81.83439999999999 82.5479 95.5175 86.97510000000001 68.6006 78.6604 84.3788 70.4866 84.59960000000001 78.766 74.0406 70.4483 67.0807 50.335 47.6249 43.1826 46.1747 49.0247 60.9618 35.499399999999994 31.758699999999997 16.3079 11.3882 
42.3656 50.2229 49.548 50.7217 57.7862 61.4541 72.4228 72.2024 78.4194 88.2525 80.9788 78.8746 59.2378 61.624900000000004 55.5326 46.8156 41.3395 47.1571 49.5672 46.1064 34.481700000000004 39.3781 35.1851 26.7802 0 9.2423 19.6679 17.6328 28.415599999999998 32.8836 49.53530000000001 52.5739 39.3286 22.5287 22.5356 30.1102 40.9834 55.2587 54.211 77.2063 67.8203 71.9383 71.8966 76.6223 76.9291 74.9144 81.002 96.3154 91.2761 76.3168 87.0052 96.27499999999999 90.9909 101.9125 95.6526 86.79220000000001 85.8161 79.8003 63.8653 61.4532 59.0142 57.7251 59.229 66.6037 43.5843 44.0726 35.587 34.8098 
37.553399999999996 42.7915 43.215 46.1749 53.0878 56.0847 64.997 66.42009999999999 71.2274 79.2795 74.017 71.0625 51.276 54.800799999999995 48.0452 38.0396 34.4038 39.9447 46.289100000000005 36.8842 25.2394 30.1358 27.8417 33.8091 9.2423 0 10.4256 26.4215 25.1945 30.8048 48.297799999999995 52.0981 38.9332 23.5832 25.8023 26.248600000000003 38.895 49.33369999999999 48.7133 70.2709 61.870000000000005 66.4007 64.6994 67.8042 71.6967 70.6819 76.3032 90.9623 84.1662 68.5847 80.2555 88.3541 81.7576 94.6808 86.4986 78.8639 76.5738 72.7126 55.9565 52.2109 50.942499999999995 48.4828 56.7428 58.4659 38.2984 38.2428 32.7938 27.8741 
47.979 53.2171 50.0881 52.6187 60.692899999999995 64.6133 72.9161 73.9758 81.653 88.6688 83.39750000000001 80.24170000000001 60.6565 62.3592 57.137 47.0381 41.9315 40.8619 52.538399999999996 42.444 35.665 39.2276 35.7431 28.6626 19.6679 10.4256 0 15.9959 27.643900000000002 32.9396 44.692 51.655699999999996 37.9721 20.9651 15.3767 29.808 40.9119 55.4568 55.5022 77.34020000000001 67.9873 72.87 71.6841 73.5068 77.4178 74.2048 81.7424 97.177 90.1975 77.8673 87.4662 96.9039 91.1702 104.29499999999999 95.65520000000001 87.4137 85.588 81.6003 63.77 61.2193 58.8656 57.3705 63.9999 65.5903 48.724 45.3261 42.7916 38.2997 
52.4504 61.594100000000005 61.3571 63.4418 71.32390000000001 73.9996 80.97840000000001 83.5292 88.5664 94.5735 88.0453 85.39160000000001 65.2226 65.7852 62.9515 55.5668 52.362100000000005 54.926500000000004 63.9242 54.318 45.304300000000005 45.059 47.299800000000005 39.9384 17.6328 26.4215 15.9959 0 14.0635 20.0181 34.2181 36.0359 22.289 10.3118 4.9028 22.7739 35.480900000000005 51.129900000000006 47.1575 69.0327 62.0061 64.0575 63.1068 64.2558 66.6331 61.2926 72.5518 87.5617 83.2421 72.7698 84.45960000000001 92.1674 93.4288 104.1737 94.4801 84.70450000000001 84.5116 79.92660000000001 64.919 61.7978 61.278200000000005 57.9801 58.0565 60.0753 45.7927 53.035799999999995 48.4091 47.7843 
49.4239 61.51220000000001 62.038799999999995 66.6605 71.0587 72.7749 76.5065 80.6629 84.495 86.839 83.0354 79.91499999999999 61.3706 60.9094 60.1222 54.07169999999999 50.8107 63.1169 67.0121 57.1402 47.5636 43.5639 52.5236 44.118700000000004 28.415599999999998 25.1945 27.643900000000002 14.0635 0 7.8077000000000005 23.103299999999997 27.6449 14.0443 11.8457 12.2672 12.6536 25.1441 38.7175 39.4867 58.154399999999995 50.0255 53.4903 49.0433 53.9198 53.6297 48.4945 58.5483 75.801 72.3381 63.2739 72.9933 81.9556 85.8935 96.6796 83.6914 74.0662 76.4071 70.0836 56.478899999999996 53.110299999999995 53.213100000000004 47.7213 49.69030000000001 47.2652 40.614399999999996 44.4958 48.4281 47.879599999999996 
54.6354 64.779 66.3568 70.22749999999999 75.4907 77.96449999999999 79.6119 85.3779 88.6653 88.7459 82.8161 82.50410000000001 64.3274 65.0772 63.5524 59.0434 56.3669 62.4934 73.05250000000001 63.3341 52.7774 48.753499999999995 53.6916 49.273199999999996 32.8836 30.8048 32.9396 20.0181 7.8077000000000005 0 17.8325 29.8288 21.852 14.3351 17.5629 20.4613 25.2063 37.6929 38.3231 55.7076 51.88249999999999 50.8284 45.767 50.6435 48.2248 43.6097 56.0997 72.2918 68.0002 62.7457 72.4651 80.93100000000001 88.0709 97.5213 84.5052 74.1378 74.7649 69.7903 56.4194 55.6796 53.6283 48.5481 48.8557 46.737 42.9764 47.4692 53.1323 50.1401 
68.9541 81.42240000000001 82.01050000000001 84.8036 92.185 92.3947 95.9386 100.7597 102.887 102.7789 98.29849999999999 96.2761 79.4753 79.4594 78.9895 74.3699 71.93 79.8565 88.3747 79.82130000000001 69.5772 64.3613 70.52879999999999 64.361 49.53530000000001 48.297799999999995 44.692 34.2181 23.103299999999997 17.8325 0 11.9963 26.9926 31.3519 29.3153 31.1507 35.3639 50.071200000000005 42.49 60.108 57.6176 55.3054 50.3475 52.9713 50.1771 42.694 58.9655 74.9688 73.3117 70.8677 80.24289999999999 89.5034 101.1077 108.2908 94.32 83.2153 87.0102 80.4182 70.57029999999999 67.0961 67.4003 62.6767 61.2238 54.859 57.953199999999995 62.7067 70.3805 65.7337 
70.4627 81.1228 83.096 87.19069999999999 93.0441 91.3036 92.8646 99.7365 100.9234 99.5727 94.10470000000001 91.1583 76.7284 75.9483 78.93299999999999 73.60579999999999 72.8683 82.1216 90.81450000000001 81.0228 72.252 65.8985 70.2451 67.8513 52.5739 52.0981 51.655699999999996 36.0359 27.6449 29.8288 11.9963 0 14.9963 32.2215 39.7895 31.4544 35.6593 41.8547 40.9482 50.7997 51.1289 44.9458 40.6309 40.975 40.3501 30.6977 47.3155 63.1793 64.48169999999999 63.8208 72.3989 81.9489 94.708 101.8851 87.0765 74.464 79.087 72.3297 65.6332 60.9994 63.3449 56.9354 56.9473 51.4752 55.9411 62.2845 71.6847 68.36529999999999 
63.066199999999995 73.2484 73.7583 78.5933 83.9129 84.3085 88.1154 93.9311 97.16640000000001 98.2404 91.98140000000001 90.94210000000001 71.7215 73.04560000000001 72.1056 65.2617 64.85499999999999 70.3347 80.0564 71.1845 61.6079 57.1879 61.9844 57.129000000000005 39.3286 38.9332 37.9721 22.289 14.0443 21.851999999999997 26.9926 14.9963 0 17.2252 24.7932 24.328500000000002 29.8399 46.196400000000004 38.6152 57.8911 59.9922 56.15870000000001 50.00750000000001 50.0629 54.9502 45.694 58.718999999999994 74.4899 72.61710000000001 66.1766 75.7774 86.1669 95.6592 105.0678 90.0184 79.5432 81.4612 74.9378 64.01 60.4476 63.021899999999995 57.152699999999996 56.0611 52.242000000000004 51.131 57.639 61.4083 58.5105 
55.1156 63.3885 63.304 67.8389 74.4873 75.2112 83.65249999999999 85.8416 89.4681 94.6705 88.48020000000001 84.5394 67.2211 68.7441 64.8615 56.8016 53.6578 57.4152 68.7095 59.3377 47.6929 47.3031 50.518499999999996 44.608399999999996 22.5287 23.5832 20.9651 10.3118 11.8457 14.3351 31.3519 32.2215 17.2252 0 7.568 22.1877 33.5387 48.091 45.6396 67.2347 60.6315 60.9826 59.678799999999995 60.6859 61.5499 56.8724 68.961 84.0822 80.3254 71.92479999999999 83.4311 90.317 93.5535 103.8618 93.50739999999999 83.2049 84.61779999999999 77.5652 64.5216 60.2673 62.7214 58.1186 57.1266 57.786300000000004 47.3996 51.4752 51.625499999999995 51.0154 
47.5476 58.41460000000001 58.018499999999996 60.2709 67.0878 69.0968 78.354 79.9707 83.8363 90.81569999999999 84.182 81.7039 61.801 61.9219 59.2266 50.925 47.4683 50.8497 61.1415 52.7782 41.1334 43.3038 42.9505 37.0404 22.5356 25.8023 15.3767 4.9028 12.2672 17.5629 29.3153 39.7895 24.7932 7.568 0 19.4251 32.1218 47.7628 45.238600000000005 66.073 59.8199 62.6253 60.340500000000006 61.7941 63.6555 60.761700000000005 70.1384 85.98580000000001 81.2828 72.7352 79.8569 89.71209999999999 89.5328 101.88839999999999 89.7331 81.5001 82.0167 76.0224 60.0162 59.8818 57.8439 55.873599999999996 56.4149 56.7265 41.8928 50.9972 44.0575 45.0691 
40.1993 52.0229 53.8792 57.9787 63.899 63.6198 66.9797 72.864 74.0229 75.3807 71.4153 67.79 50.5852 49.8974 52.044399999999996 45.273700000000005 42.6513 51.8945 61.668800000000005 50.9083 42.5222 34.7659 41.0788 38.9096 30.1102 26.248600000000003 29.808 22.7739 12.6536 20.4613 31.1507 31.4544 24.328500000000002 22.1877 19.4251 0 12.707 28.356 26.8331 47.891 40.3948 43.2795 41.8797 46.5784 51.1551 46.956 51.9344 67.4379 63.1008 53.310100000000006 62.6256 71.4875 75.2594 85.1018 73.3438 63.1629 64.4613 58.421099999999996 43.8253 40.4567 41.593 40.019800000000004 37.0367 37.3014 27.9789 36.8136 43.6824 39.1978 
43.5452 54.2115 55.298199999999994 60.70329999999999 63.6067 61.7572 63.6053 69.5858 72.46549999999999 69.5017 63.894499999999994 62.4238 46.2093 46.319900000000004 47.7696 46.4564 45.496300000000005 57.877399999999994 63.856 56.1687 47.8844 35.9486 47.0082 45.6333 40.9834 38.895 40.9119 35.480900000000005 25.1441 25.2063 35.3639 35.6593 29.8399 33.5387 32.1218 12.707 0 16.7791 24.3603 37.495599999999996 36.968199999999996 31.9581 34.694 35.6389 40.110099999999996 38.4269 41.3002 57.461200000000005 50.4582 41.629000000000005 51.3484 58.9938 65.8421 76.286 63.116 53.4895 53.141 48.2392 36.271300000000004 34.0955 35.570499999999996 27.3128 27.2716 25.6203 23.5377 32.6421 44.3089 44.6575 
47.8979 55.5954 57.9781 62.4813 67.356 62.0773 58.4998 66.6568 65.0614 59.7772 54.7943 52.4702 44.3448 42.0362 48.9952 45.7183 50.301100000000005 64.01859999999999 69.3834 61.324 55.9053 40.3846 52.530699999999996 51.9099 55.2587 49.33369999999999 55.4568 51.129900000000006 38.7175 37.6929 50.071200000000005 41.8547 46.196400000000004 48.091 47.7628 28.356 16.7791 0 7.5812 24.406399999999998 35.006299999999996 28.4291 29.8939 25.0174 35.656 37.307700000000004 30.8082 44.7697 38.4576 28.5401 40.2322 43.2381 53.9638 62.2823 48.4601 36.7104 39.7541 32.0974 24.7465 22.381999999999998 26.197 17.9393 15.5581 21.208 29.051099999999998 31.4322 49.9506 47.4239 
46.7942 60.082699999999996 62.2081 67.583 71.199 66.3079 64.7208 71.082 71.2325 67.3584 61.626000000000005 60.0514 50.095400000000005 47.3699 51.5423 50.297399999999996 51.9467 65.9714 72.1346 63.5342 60.2109 45.0454 56.6345 56.0282 54.211 48.7133 55.5022 47.1575 39.4867 38.3231 42.49 40.9482 38.6152 45.6396 45.238600000000005 26.8331 24.3603 7.5812 0 23.0805 33.6804 34.332100000000004 28.1809 32.5986 33.123599999999996 39.650999999999996 28.6945 45.398199999999996 38.2903 28.5615 39.3549 47.5517 61.545 67.346 52.8575 41.9831 45.71939999999999 37.9282 32.3277 29.5961 32.570499999999996 24.3128 23.1393 13.6268 28.951299999999996 36.0113 54.2518 50.394800000000004 
61.7944 73.9587 76.5711 79.8303 83.5015 78.3303 70.0157 79.0797 78.257 66.3944 61.228 61.2632 59.7739 54.5933 62.6772 64.40270000000001 67.8202 84.36720000000001 87.7392 80.288 76.9178 63.1738 72.5816 73.0845 77.2063 70.2709 77.34020000000001 69.0327 58.154399999999995 55.7076 60.108 50.7997 57.8911 67.2347 66.073 47.891 37.495599999999996 24.406399999999998 23.0805 0 10.5999 21.039099999999998 27.190299999999997 29.0376 36.592200000000005 30.146 13.4805 23.4514 15.2098 17.5146 29.2067 34.661500000000004 57.155 59.844 41.6497 28.2956 35.9711 35.9463 36.5747 33.4082 39.0355 40.000299999999996 28.5356 33.523300000000006 43.4071 50.4476 70.3067 67.9775 
52.2434 65.5341 66.086 70.3813 74.7496 69.293 62.9359 70.6879 68.9165 58.6495 54.6626 54.2352 50.8175 47.5293 54.746900000000004 54.9798 60.548700000000004 73.7673 79.1996 72.0603 69.5029 56.1171 61.9817 65.8177 67.8203 61.870000000000005 67.9873 62.0061 50.0255 51.8825 57.6176 51.1289 59.9922 60.6315 59.8199 40.3948 36.968199999999996 35.0063 33.6804 10.5999 0 10.4392 16.5904 21.4669 32.1055 33.59 22.8736 32.016 23.4558 28.1145 29.8685 39.8386 51.4554 57.0014 41.7185 28.3587 35.6195 32.0135 27.2367 31.8705 30.1624 29.400399999999998 37.4373 31.3885 34.929 42.899499999999996 61.7652 59.623999999999995 
62.6826 73.2519 74.6998 79.0411 83.3946 77.4683 71.34 81.1271 79.3557 68.6445 63.8392 64.67439999999999 61.1035 55.2706 64.61930000000001 62.4832 68.8338 82.5596 86.5642 78.6831 74.5953 59.89 70.7981 70.5834 71.9383 66.4007 72.87 64.0575 53.4903 50.8284 55.3054 44.9458 56.1587 60.9826 62.6253 43.2795 31.9581 28.4291 34.3321 21.039099999999998 10.4392 0 6.1512 11.0277 21.6663 26.442999999999998 19.3656 25.5031 24.6453 36.7749 27.4531 41.137299999999996 59.8231 64.3872 46.555 33.202 40.2729 37.857 36.6759 34.1266 40.5047 39.8396 28.7299 22.3132 44.5156 51.740899999999996 68.517 65.6412 
62.7399 74.6423 76.9605 82.3656 84.8077 81.8541 76.1269 83.6664 83.30539999999999 72.2708 68.3214 69.08500000000001 63.3402 58.727 65.6397 64.7945 69.3742 82.9651 89.5446 81.3201 75.5866 60.519 71.0084 71.4236 71.8966 64.6994 71.6841 63.1068 49.0433 45.767 50.3475 40.6309 50.00750000000001 59.678799999999995 60.340500000000006 41.8797 34.694 29.8939 28.1809 27.1903 16.5904 6.1512 0 4.8765 15.5151 20.2918 20.0965 28.161 23.9648 32.7439 32.5016 41.318 65.9743 69.2913 52.7062 38.3532 46.4241 40.0449 41.6095 39.5475 45.0436 37.146100000000004 33.2688 16.7352 43.7545 52.8589 71.0474 67.1994 
67.6164 79.5188 80.823 86.2281 89.6842 85.53020000000001 78.859 87.4567 87.4135 77.1473 71.7433 72.3909 66.0797 63.6035 70.5162 69.67099999999999 74.2507 87.8416 93.3665 84.0946 80.24759999999999 65.3955 75.88489999999999 75.0482 76.6223 67.8042 73.5068 64.2558 53.9198 50.6435 52.9713 40.975 50.0629 60.6859 61.7941 46.5784 35.6389 25.0174 32.5986 29.037599999999998 21.4669 11.0277 4.8765 0 10.6386 20.291 22.957800000000002 24.427 23.6513 29.3286 37.3781 42.6552 67.7283 70.726 53.9337 42.125699999999995 49.4053 41.6141 46.486000000000004 44.42400000000001 46.7436 39.7214 38.1453 21.6117 48.631 56.449600000000004 73.8009 70.9571 
75.2462 88.50630000000001 89.6327 95.0378 96.7874 93.8597 89.49759999999999 97.44839999999999 95.273 86.23060000000001 82.3819 83.0295 75.8035 71.4738 78.99210000000001 77.75540000000001 80.46860000000001 94.6473 100.6663 91.0376 86.5908 72.9654 82.47120000000001 82.24799999999999 76.9291 71.6967 77.4178 66.6331 53.6297 48.2248 50.1771 40.3501 54.9502 61.5499 63.6555 51.1551 40.110099999999996 35.656 33.123599999999996 36.5922 32.1055 21.6663 15.5151 10.6386 0 9.6524 30.745 30.2588 30.1979 38.8691 42.9612 53.293800000000005 77.3407 81.0547 64.2295 49.8019 57.4822 51.1719 55.2385 51.8618 56.8127 48.591 45.0379 32.250299999999996 55.2387 64.3431 80.6777 77.9022 
77.3528 89.44069999999999 90.3177 95.71629999999999 99.0774 97.0521 93.2969 100.2717 102.3691 92.2395 88.2526 87.8252 79.1892 76.372 82.1935 78.5577 80.8164 94.8648 101.84110000000001 92.8538 86.3049 72.5945 82.0031 81.83439999999999 74.9144 70.6819 74.2048 61.2926 48.4945 43.6097 42.694 30.6977 45.694 56.8724 60.761700000000005 46.956 38.4269 37.307700000000004 39.650999999999996 30.146 33.59 26.442999999999998 20.2918 20.291 9.6524 0 21.0926 36.2709 39.850300000000004 47.558 50.956 60.572900000000004 83.9728 88.5096 71.7662 58.4151 64.6404 59.2632 60.8267 56.630700000000004 59.8953 52.6417 52.391999999999996 37.027 57.3453 66.4497 82.49119999999999 77.6016 
73.3742 84.6847 86.1258 90.4704 93.5807 88.8061 82.2153 92.14259999999999 90.0461 77.0242 73.7086 74.74369999999999 71.3565 67.75919999999999 75.0562 73.9112 77.7959 92.7505 98.9513 89.9684 85.5777 71.1928 81.8296 82.5479 81.002 76.3032 81.7424 72.5518 58.5483 56.0997 58.9655 47.3155 58.718999999999994 68.961 70.1384 51.9344 41.3002 30.8082 28.6945 13.4805 22.8736 19.3656 20.0965 22.9578 30.745 21.0926 0 17.2527 27.0839 29.8147 32.2471 42.3856 69.3056 72.0077 53.9264 41.7761 47.8835 45.1606 47.5643 46.4106 50.707 44.0003 41.1727 24.6391 54.1764 60.7288 79.7543 76.8918 
83.9594 94.7921 97.6341 101.6947 103.9221 97.1994 89.3339 98.8058 95.561 80.1631 78.0412 78.93010000000001 78.7567 75.2654 83.9285 85.3802 89.0722 105.7693 110.0204 102.7231 98.3651 84.0993 93.9957 95.5175 96.3154 90.9623 97.177 87.5617 75.801 72.2918 74.9688 63.1793 74.4899 84.0822 85.98580000000001 67.4379 57.461200000000005 44.7697 45.3982 23.4514 32.016 25.5031 28.161 24.427 30.2588 36.2709 17.2527 0 13.5163 35.1716 35.3814 37.9998 68.805 67.1468 52.793899999999994 39.9569 50.209399999999995 43.7766 56.8069 53.4375 60.1764 53.4464 50.3615 36.6892 65.8169 71.6444 92.7041 87.8584 
73.56620000000001 82.8598 86.69250000000001 90.7898 92.5947 86.62039999999999 76.1314 86.8889 83.076 66.6468 64.5376 66.4451 67.2434 62.4509 72.5737 74.7372 78.831 94.847 98.224 92.4866 89.1062 72.1909 84.337 86.97510000000001 91.2761 84.1662 90.1975 83.2421 72.3381 68.0002 73.3117 64.48169999999999 72.61710000000001 80.3254 81.2828 63.1008 50.4582 38.4576 38.2903 15.2098 23.4558 24.6453 23.9648 23.6513 30.1979 39.850300000000004 27.0839 13.5163 0 21.6553 21.865099999999998 24.4835 57.659600000000005 56.414100000000005 39.2776 26.4406 36.6931 34.8192 43.2906 43.7603 49.3582 42.8034 40.901700000000005 32.8907 55.1333 61.4079 81.8607 79.3579 
54.069500000000005 63.6804 66.7 69.5716 71.0891 66.0219 55.6772 66.2524 61.7702 51.6087 47.504999999999995 46.7602 46.676 41.8141 52.0663 54.8636 60.855900000000005 75.6537 79.266 73.07430000000001 71.8 54.3887 65.5603 68.6006 76.3168 68.5847 77.8673 72.7698 63.2739 62.7457 70.8677 63.8208 66.1766 71.92479999999999 72.7352 53.310100000000006 41.629000000000005 28.5401 28.5615 17.5146 28.1145 36.7749 32.7439 29.3286 38.8691 47.558 29.8147 35.1716 21.6553 0 11.6921 24.9291 40.6421 42.6663 28.136699999999998 13.4492 23.002299999999998 18.4317 22.76 22.105 27.7029 30.898600000000002 19.5759 16.0087 38.020300000000006 42.2065 63.8979 60.2993 
63.301500000000004 72.9916 77.0786 78.9646 78.7256 73.9402 64.1353 73.6995 67.4872 54.0815 50.9846 55.8634 55.5637 49.096 59.995400000000004 62.6681 70.7116 86.2293 86.8581 81.268 81.7171 63.136 75.18350000000001 78.6604 87.0052 80.2555 87.4662 84.45960000000001 72.9933 72.4651 80.24289999999999 72.3989 75.7774 83.4311 79.8569 62.6256 51.3484 40.232200000000006 39.3549 29.2067 29.8685 27.4531 32.5016 37.3781 42.9612 50.956 32.2471 35.3814 21.865099999999998 11.6921 0 16.3248 40.765 39.873599999999996 21.6793 25.1413 31.3217 30.123800000000003 34.4521 31.337 38.0759 42.5907 29.7813 25.7281 48.2257 51.8297 72.4484 69.994 
68.9375 76.738 78.8264 83.4128 82.4943 75.2271 62.8487 72.5994 68.0776 51.379400000000004 48.1824 50.1033 58.4635 53.0413 64.2747 70.6301 74.3391 91.6971 92.63170000000001 86.7848 88.1429 70.581 81.3603 84.3788 96.27499999999999 88.3541 96.9039 92.1674 81.9556 80.93100000000001 89.5034 81.9489 86.1669 90.317 89.71209999999999 71.4875 58.9938 43.2381 47.5517 34.661500000000004 39.8386 41.137299999999996 41.318 42.6552 53.293800000000005 60.572900000000004 42.3856 37.9998 24.4835 24.9291 16.3248 0 37.1816 33.5545 19.3637 11.4799 21.7324 18.7684 36.7899 37.7578 43.4694 40.57 38.5775 34.9335 54.3946 59.282000000000004 78.5053 76.2941 
52.4304 54.460899999999995 57.53789999999999 60.451100000000004 57.233399999999996 47.8559 34.397000000000006 42.4374 33.8832 15.8981 15.1944 20.0732 37.2228 32.5124 41.3464 51.6118 56.6892 71.1177 68.1163 66.8197 72.4119 57.1774 64.1518 70.4866 90.9909 81.7576 91.1702 93.4288 85.8935 88.0709 101.1077 94.708 95.6592 93.5535 89.5328 75.2594 65.8421 53.9638 61.545 57.155 51.4554 59.8231 65.9743 67.7283 77.3407 83.9728 69.3056 68.805 57.659600000000005 40.6421 40.765 37.1816 0 14.4708 32.665099999999995 33.3253 23.0728 28.3557 31.6515 35.2156 39.3591 39.5477 41.5535 52.7767 50.8464 50.179 61.9676 61.2288 
65.53569999999999 68.0997 70.0017 73.8209 69.5036 61.1667 46.6709 54.0895 47.066500000000005 24.6596 29.6652 31.9958 50.5072 45.6177 54.7271 64.9925 70.99459999999999 85.5852 82.58709999999999 81.2905 85.55359999999999 70.2827 77.3112 84.59960000000001 101.9125 94.6808 104.29499999999999 104.1737 96.6796 97.5213 108.2908 101.8851 105.0678 103.8618 101.88839999999999 85.1018 76.286 62.2823 67.346 59.844 57.0014 64.3872 69.2913 70.726 81.0547 88.5096 72.0077 67.1468 56.414100000000005 42.6663 39.873599999999996 33.5545 14.4708 0 18.1943 34.3767 24.1242 30.8914 46.122299999999996 49.495599999999996 45.4931 48.9732 52.4536 56.1703 63.7992 62.354699999999994 75.1383 75.21499999999999 
60.6844 68.36880000000001 71.50880000000001 72.5312 73.0286 63.6511 49.7874 59.3614 53.942499999999995 33.2629 34.7185 36.233 49.8446 43.3511 54.584500000000006 64.34479999999999 66.8259 82.7468 81.9828 79.651 80.7482 65.6763 73.6355 78.766 95.6526 86.4986 95.65520000000001 94.4801 83.6914 84.5052 94.32 87.0765 90.0184 93.50739999999999 89.7331 73.3438 63.116 48.4601 52.8575 41.6497 41.7185 46.555 52.7062 53.9337 64.2295 71.7662 53.9264 52.7939 39.2776 28.136699999999998 21.6793 19.3637 32.665099999999995 18.1943 0 25.564 33.7894 29.2188 31.8852 36.519 37.1841 40.5128 36.4236 43.1451 52.1662 52.6884 72.5998 69.98140000000001 
57.4576 66.8615 69.80539999999999 73.46039999999999 73.419 67.3762 53.4686 64.2261 59.8196 46.6598 46.2504 41.3716 48.1412 44.5912 55.0815 59.1502 63.861 80.2172 82.7205 76.306 77.689 59.1062 70.9191 74.0406 86.79220000000001 78.8639 87.4137 84.70450000000001 74.0662 74.1378 83.2153 74.464 79.5432 83.2049 81.5001 63.1629 53.4895 36.7104 41.9831 28.2956 28.3587 33.202 38.3532 42.125699999999995 49.8019 58.4151 41.7761 39.9569 26.4406 13.4492 25.1413 11.4799 33.3253 34.3767 25.564 0 10.2525 15.859 26.3445 28.4788 31.9895 31.5399 28.7061 28.3563 45.3215 48.8511 69.061 64.8142 
54.7739 62.6117 63.4888 65.7743 66.6277 62.1959 47.5393 58.2968 49.5671 36.4073 37.4705 32.5917 41.8246 37.593999999999994 48.8274 55.6765 59.0266 76.2444 75.1398 71.0955 72.6315 55.2698 66.6117 70.4483 85.8161 76.5738 85.588 84.5116 76.4071 74.7649 87.0102 79.087 81.4612 84.61779999999999 82.0167 64.4613 53.141 39.7541 45.71939999999999 35.9711 35.6195 40.2729 46.4241 49.4053 57.4822 64.6404 47.8835 50.2094 36.6931 23.002299999999998 31.3217 21.7324 23.0728 24.1242 33.7894 10.2525 0 7.7912 23.0873 25.3714 28.5158 31.243299999999998 30.3963 34.9962 42.2907 44.2152 63.6129 61.7312 
51.48610000000001 59.008399999999995 61.0912 65.7119 67.161 58.0531 46.7544 56.4705 53.393299999999996 41.5439 34.2646 39.1434 41.8878 35.4742 46.5567 55.0564 57.909800000000004 74.13080000000001 73.8901 69.0315 70.6226 53.0607 62.7746 67.0807 79.8003 72.7126 81.6003 79.92660000000001 70.0836 69.7903 80.4182 72.3297 74.9378 77.5652 76.0224 58.421099999999996 48.2392 32.0974 37.9282 35.9463 32.0135 37.857 40.0449 41.6141 51.1719 59.2632 45.1606 43.7766 34.819199999999995 18.4317 30.1238 18.7684 28.3557 30.8914 29.2188 15.859 7.7912 0 19.2696 23.9034 30.642300000000002 24.2298 24.133599999999998 31.5372 39.055800000000005 40.7703 61.9002 57.7095 
32.2165 41.0508 45.216800000000006 48.9283 50.332899999999995 43.3298 38.4902 44.6054 42.7169 35.1025 30.0478 28.8546 24.9531 20.2926 29.3063 35.9113 38.6402 57.032300000000006 56.7749 52.29520000000001 51.353 33.7911 45.5713 50.335 63.8653 55.9565 63.77 64.919 56.478899999999996 56.4194 70.57029999999999 65.6332 64.01 64.5216 60.0162 43.8253 36.271300000000004 24.7465 32.3277 36.5747 27.2367 36.6759 41.6095 46.486 55.2385 60.8267 47.5643 56.8069 43.2906 22.76 34.4521 36.7899 31.6515 46.122299999999996 31.8852 26.3445 23.0873 19.2696 0 4.6338 11.3727 9.9707 10.2006 24.8743 20.281 23.831 42.7165 40.6384 
31.9645 41.6546 45.8206 49.626200000000004 51.4814 44.9221 43.124 48.4637 47.3507 39.7363 33.5645 32.234 27.4773 24.9264 30.4927 33.8996 41.8017 56.614799999999995 57.161 52.0432 50.429 32.8594 43.857 47.6249 61.4532 52.2109 61.2193 61.7978 53.110299999999995 55.6796 67.0961 60.9994 60.4476 60.2673 59.8818 40.4567 34.0955 22.381999999999998 29.5961 33.4082 31.8705 34.1266 39.5475 44.424 51.8618 56.630700000000004 46.4106 53.4375 43.7603 22.105 31.337 37.7578 35.2156 49.495599999999996 36.519 28.4788 25.3714 23.9034 4.6338 0 6.7389 14.6045 6.8239 23.2569 24.9148 21.5242 42.1119 38.6829 
37.496700000000004 35.9775 40.1435 42.8873 44.7425 45.1246 38.1344 41.7248 48.4019 38.9043 31.8993 28.8758 20.7384 25.883499999999998 24.7606 27.1607 35.2042 51.008799999999994 53.7989 47.7316 45.7018 34.4796 38.9296 43.1826 59.0142 50.942499999999995 58.8656 61.278200000000005 53.213100000000004 53.6283 67.4003 63.3449 63.021899999999995 62.7214 57.8439 41.593 35.570499999999996 26.197 32.570499999999996 39.0355 30.1624 40.5047 45.0436 46.7436 56.8127 59.8953 50.707 60.1764 49.3582 27.7029 38.0759 43.4694 39.3591 45.4931 37.1841 31.9895 28.5158 30.6423 11.3727 6.7389 0 8.2577 11.7748 28.3084 23.0837 16.8616 37.0923 33.8246 
30.7641 41.3457 45.161899999999996 48.2483 50.7654 45.8088 41.6494 49.9825 51.653 44.0653 37.3132 37.1335 28.9961 25.2597 31.0559 31.9338 39.9773 53.2227 57.720299999999995 49.7445 49.3586 31.8568 43.0768 46.1747 57.7251 48.4828 57.3705 57.9801 47.7213 48.5481 62.6767 56.9354 57.152699999999996 58.1186 55.873599999999996 40.019800000000004 27.3128 17.9393 24.3128 40.000299999999996 29.400399999999998 39.8396 37.146100000000004 39.7214 48.591 52.6417 44.0003 53.4464 42.8034 30.898600000000002 42.5907 40.57 39.5477 48.9732 40.5128 31.5399 31.243299999999998 24.2298 9.9707 14.604500000000002 8.2577 0 20.0325 20.4109 14.826 19.723 41.3677 37.7674 
