34
DT DD BS AS AO CY DQ CL CG BD AL CD DV BI CQ AI AR DC BL AK DL AN AJ CV DM BX BP AV CR CT BU BO DB AZ
0 9.8017 9.0173 31.721600000000002 24.3987 20.6476 42.7948 63.9453 68.6454 58.811 47.9394 46.8981 50.6215 80.8215 40.8675 39.6114 43.7801 62.1834 89.0857 105.1036 105.0493 80.9688 71.4715 74.91669999999999 58.153 66.06139999999999 51.7183 43.9452 55.5478 31.1872 25.8202 36.4104 40.0186 6.158 
9.8017 0 15.0903 37.7693 34.2004 30.4493 52.596500000000006 73.74700000000001 78.4471 68.6127 57.7411 56.699799999999996 60.4231 90.4376 50.669200000000004 49.4131 53.5818 71.9366 98.2971 114.9053 114.851 89.86930000000001 80.2363 81.494 67.9547 71.2661 59.6041 53.7469 60.5739 40.9889 32.1126 44.4105 49.8203 15.959700000000002 
9.0173 15.0903 0 22.7043 33.416 25.637 40.4819 60.9311 71.0807 65.0748 54.7775 54.2948 49.0167 77.421 49.8848 48.6287 52.7346 59.2934 91.75059999999999 104.4847 105.0526 82.7285 75.9685 79.3281 67.1703 71.15350000000001 56.347100000000005 47.7561 61.6993 35.5727 34.8375 44.3873 37.7514 15.1753 
31.721600000000002 37.7693 22.7043 0 13.7424 34.5856 23.4585 44.609 67.17009999999999 51.6911 46.418899999999994 33.6328 35.9134 59.04560000000001 35.2232 36.5893 30.826 42.0537 80.1069 90.24340000000001 92.1756 74.8525 69.5889 80.2201 66.3306 74.5039 56.0484 55.203599999999994 68.3024 39.8045 51.793 58.3285 60.0724 27.2506 
24.3987 34.2004 33.416000000000004 13.7424 0 20.8432 20.2638 40.9896 57.022 42.0848 32.6765 34.5785 33.4997 58.0557 26.976 28.3421 36.0567 39.6092 71.9163 85.36850000000001 85.927 65.3742 58.9962 68.3239 56.408500000000004 60.7615 43.9989 46.9498 54.5991 26.0848 38.602700000000006 47.9858 52.6314 18.2407 
20.6476 30.4493 25.637 34.5856 20.8432 0 33.8021 51.8614 48.2747 40.2693 29.1405 34.2032 36.558 68.6904 41.8903 43.256400000000006 50.3728 50.2124 70.3427 87.8812 88.13980000000001 61.2179 50.9354 54.2953 49.4269 46.120400000000004 31.0732 39.6642 39.0584 10.5396 19.2727 31.5706 43.0471 26.805600000000002 
42.7948 52.596500000000006 40.4819 23.4585 20.2638 33.8021 0 21.1505 47.174 31.695 25.3283 23.148600000000002 20.817700000000002 38.0267 20.6298 19.2637 26.4962 31.569499999999998 58.9924 66.78490000000001 68.7249 52.647999999999996 52.5552 62.597899999999996 49.615700000000004 59.8869 40.8886 37.7418 57.7011 32.6718 52.9488 54.3407 71.3539 37.4647 
63.9453 73.747 60.9311 44.609 40.9896 51.8614 21.1505 0 41.8123 27.4728 30.7968 30.652499999999996 25.374399999999998 28.116899999999998 36.0098 35.8473 40.9592 39.546 43.6162 57.0726 59.9108 48.072 48.5383 62.6256 51.3318 64.0264 47.0903 55.2216 65.85759999999999 47.2377 70.7428 68.8874 91.2407 58.052499999999995 
68.6454 78.44709999999999 71.0807 67.17009999999999 57.022 48.2747 47.174 41.8123 0 15.479 24.8423 38.8174 33.5393 49.7661 65.63409999999999 66.4377 72.2142 41.1759 35.741299999999995 51.035799999999995 42.9721 26.7402 24.1325 21.4333 29.3593 26.9553 19.4736 27.4244 34.8433 39.816100000000006 58.7963 50.2744 85.5334 62.4874 
58.811 68.6127 65.0748 51.6911 42.0848 40.2693 31.695 27.4728 15.479 0 11.1323 30.1954 35.4735 38.8297 50.1551 50.9587 56.7352 49.4428 38.1023 47.9009 50.745 27.5005 24.5799 35.1528 33.657 36.7353 27.5484 32.7696 44.245400000000004 31.589000000000002 54.8055 49.2769 80.2183 52.662400000000005 
47.9394 57.7411 54.7775 46.418899999999994 32.6765 29.1405 25.3283 30.7968 24.8423 11.1323 0 19.0631 24.3412 49.5493 44.7132 43.3471 50.9907 38.5128 41.2022 58.9002 60.1153 36.0784 29.5471 37.2997 24.287399999999998 35.4148 16.4161 25.0071 35.1834 20.4567 44.377 39.8607 69.2684 41.7843 
46.8981 56.699799999999996 54.2948 33.6328 34.5785 34.2032 23.148600000000002 30.652499999999996 38.8174 30.1954 19.0631 0 5.2781 37.484100000000005 27.5502 28.9163 34.0661 19.4497 52.36410000000001 60.818400000000004 62.121300000000005 45.696 41.977 55.8849 41.5659 54.1025 35.4792 33.3701 53.3296 36.8675 52.9608 52.5992 75.1477 40.757 
50.6215 60.4231 49.0167 35.9134 33.4997 36.558 20.817700000000002 25.374399999999998 33.5393 35.4735 24.3412 5.2781 0 32.206 32.8283 34.1944 39.0623 14.1716 47.086 55.5403 56.8432 40.4179 42.4159 52.2021 38.7125 51.3839 32.8654 38.6482 51.5605 31.5894 55.372600000000006 53.2304 78.8558 44.789699999999996 
80.8215 90.4376 77.421 59.04560000000001 58.0557 68.6904 38.0267 28.116899999999998 49.7661 38.8297 49.5493 37.484100000000005 32.206 0 49.813 51.179100000000005 54.909099999999995 46.3776 46.667500000000004 37.6618 43.3546 46.1175 52.9332 71.1994 63.5898 75.1748 59.5519 61.914 79.0801 63.5324 87.45270000000001 85.4364 109.0707 75.135 
40.8675 50.669200000000004 49.8848 35.2232 26.976 41.8903 20.6298 36.0098 65.63409999999999 50.1551 44.7132 27.5502 32.8283 49.813 0 1.3661 9.0807 35.1061 76.3197 83.537 86.7986 72.4168 69.5272 81.4763 65.7214 77.421 58.922900000000006 53.8078 73.2501 49.7481 59.65880000000001 64.7414 71.0779 37.5938 
39.6114 49.4131 48.6287 36.589299999999994 28.3421 43.256400000000006 19.2637 35.8473 66.4377 50.95870000000001 43.3471 28.9163 34.1944 51.179100000000005 1.3661 0 7.7146 34.947 75.8916 83.8216 86.3588 71.9117 68.79129999999999 80.4962 67.0875 76.5555 57.5568 55.1739 72.0178 48.382000000000005 58.2927 66.1075 69.8306 38.1419 
43.7801 53.5818 52.7346 30.826 36.0567 50.3728 26.4962 40.9592 72.2142 56.7352 50.9907 34.0661 39.0623 54.909099999999995 9.0807 7.7146 0 40.2505 82.4079 88.6135 92.047 79.0469 75.7926 88.1687 72.3674 84.2701 65.2714 60.2693 79.5661 51.498 64.5414 73.8221 77.54520000000001 45.8565 
62.1834 71.9366 59.2934 42.0537 39.6092 50.2124 31.569499999999998 39.546 41.1759 49.442800000000005 38.5128 19.4497 14.1716 46.3776 35.1061 34.947 40.2505 0 43.7191 48.8746 51.796499999999995 42.6674 47.9937 62.6092 50.2133 62.8368 46.387 45.8765 65.7321 45.7514 68.7475 67.402 89.7488 56.5967 
89.0857 98.2971 91.75059999999999 80.1069 71.9163 70.3427 58.9924 43.6162 35.741299999999995 38.1023 41.2022 52.3641 47.086 46.667500000000004 76.3197 75.8916 82.4079 43.7191 0 24.077 18.9131 24.7518 24.0866 39.2666 41.6761 49.440799999999996 44.2355 50.9581 58.4337 61.6589 82.3193 74.3876 108.8144 82.9277 
105.1036 114.9053 104.4847 90.24340000000001 85.36850000000001 87.8812 66.78490000000001 57.0726 51.035799999999995 47.9009 58.9002 60.818400000000004 55.5403 37.6618 83.537 83.8216 88.6135 48.8746 24.077 0 8.4046 34.4114 47.5729 63.343599999999995 64.9191 72.9271 65.38600000000001 73.977 81.91999999999999 79.2248 102.5692 96.01660000000001 128.098 98.9822 
105.0493 114.851 105.0526 92.1756 85.927 88.13980000000001 68.7249 59.910799999999995 42.9721 50.745 60.1153 62.121300000000005 56.8432 43.3546 86.79860000000001 86.3588 92.047 51.796499999999995 18.9131 8.4046 0 29.5431 42.949 57.4136 60.5892 67.5456 62.048 69.8712 77.3194 77.6002 100.3768 92.9553 126.7047 98.8913 
80.9688 89.86930000000001 82.7285 74.8525 65.3742 61.2179 52.647999999999996 48.072 26.7402 27.5005 36.0784 45.696000000000005 40.4179 46.1175 72.4168 71.9117 79.0469 42.6674 24.7518 34.4114 29.5431 0 13.4065 29.3638 31.1055 38.7607 33.3183 41.1258 47.7763 53.8023 72.4725 64.1142 99.2546 74.8108 
71.4715 80.2363 75.9685 69.5889 58.9962 50.9354 52.5552 48.5383 24.1325 24.5799 29.5471 41.977 42.4159 52.9332 69.5272 68.79129999999999 75.7926 47.9937 24.0866 47.5729 42.949 13.4065 0 18.3689 28.1854 25.3542 27.5623 29.4315 34.3734 40.3958 60.2567 51.2417 87.235 65.3135 
74.91669999999999 81.494 79.3281 80.2201 68.3239 54.2953 62.597899999999996 62.6256 21.4333 35.1528 37.2997 55.8849 52.2021 71.1994 81.4763 80.4962 88.1687 62.6092 39.2666 63.343599999999995 57.4136 29.3638 18.3689 0 16.7637 29.4583 33.9721 31.5874 24.6968 43.7557 57.4232 50.499 84.1149 69.3746 
58.153 67.9547 67.1703 66.3306 56.408500000000004 49.4269 49.6157 51.3318 29.3593 33.657 24.287399999999998 41.5659 38.7125 63.5898 65.7214 67.0875 72.3674 50.2133 41.6761 64.9191 60.5892 31.1055 28.1854 16.7637 0 12.6946 24.8842 33.4752 41.460499999999996 44.7441 44.5965 33.7353 70.9878 52.7394 
66.06139999999999 71.2661 71.15350000000001 74.5039 60.7615 46.120400000000004 59.8869 64.0264 26.9553 36.7353 35.4148 54.1025 51.3839 75.1748 77.421 76.5555 84.2701 62.8368 49.440799999999996 72.9271 67.5456 38.7607 25.3542 29.4583 12.6946 0 18.9987 27.5897 47.5492 35.5808 47.0271 46.4299 72.3834 62.300700000000006 
51.7183 59.6041 56.347100000000005 56.0484 43.9989 31.0732 40.8886 47.0903 19.4736 27.5484 16.4161 35.4792 32.8654 59.5519 58.922900000000006 57.5568 65.2714 46.387 44.2355 65.38600000000001 62.048 33.3183 27.5623 33.9721 24.8842 18.9987 0 8.591 28.5505 36.8728 39.6 34.3217 66.2735 46.3782 
43.9452 53.7469 47.7561 55.203599999999994 46.9498 39.6642 37.7418 55.2216 27.4244 32.7696 25.0071 33.3701 38.6482 61.914 53.8078 55.1739 60.2693 45.8765 50.9581 73.977 69.8712 41.1258 29.4315 31.5874 33.4752 27.5897 8.591 0 19.9595 45.0385 31.3727 26.1134 58.1288 37.7872 
55.5478 60.5739 61.6993 68.3024 54.5991 39.0584 57.7011 65.85759999999999 34.8433 44.2454 35.1834 53.3296 51.5605 79.0801 73.2501 72.0178 79.5661 65.7321 58.4337 81.91999999999999 77.3194 47.7763 34.3734 24.6968 41.460499999999996 47.5492 28.5505 19.9595 0 28.5188 51.3322 46.0729 60.219699999999996 50.8875 
31.1872 40.9889 35.5727 39.8045 26.0848 10.5396 32.6718 47.2377 39.816100000000006 31.589000000000002 20.4567 36.8675 31.5894 63.5324 49.74810000000001 48.382000000000005 51.498 45.7514 61.6589 79.2248 77.6002 53.8023 40.3958 43.7557 44.7441 35.5808 36.8728 45.0385 28.5188 0 23.9203 36.2182 49.1408 26.8379 
25.8202 32.1126 34.8375 51.793 38.6027 19.2727 52.9488 70.7428 58.7963 54.8055 44.377 52.9608 55.372600000000006 87.45270000000001 59.65880000000001 58.2927 64.5414 68.7475 82.3193 102.5692 100.3768 72.4725 60.2567 57.4232 44.5965 47.0271 39.6 31.3727 51.3322 23.9203 0 12.2979 27.0798 24.5424 
36.4104 44.4105 44.3873 58.3285 47.9858 31.5706 54.3407 68.8874 50.2744 49.2769 39.8607 52.5992 53.2304 85.4364 64.7414 66.1075 73.8221 67.402 74.3876 96.01660000000001 92.9553 64.1142 51.2417 50.499 33.7353 46.4299 34.3217 26.1134 46.0729 36.2182 12.2979 0 38.0102 35.1374 
40.0186 49.8203 37.7514 60.0724 52.6314 43.0471 71.3539 91.2407 85.5334 80.2183 69.2684 75.1477 78.85579999999999 109.0707 71.0779 69.8306 77.54520000000001 89.7488 108.8144 128.098 126.7047 99.2546 87.235 84.1149 70.9878 72.3834 66.2735 58.1288 60.219699999999996 49.1408 27.0798 38.0102 0 34.3907 
6.158 15.959700000000002 15.1753 27.2506 18.2407 26.805600000000002 37.4647 58.052499999999995 62.4874 52.662400000000005 41.7843 40.757 44.789699999999996 75.135 37.5938 38.1419 45.8565 56.5967 82.9277 98.9822 98.8913 74.8108 65.3135 69.3746 52.7394 62.300700000000006 46.3782 37.7872 50.8875 26.8379 24.5424 35.1374 34.3907 0 
