12
Tipdown Chipmerbrook Fulover Cleremere Emsling Soddleney Shaftgrove Clerelow Ciringsmith Todderbrough Elmey Egbertree
0 501.0 1102.0 2102.0 2603.0 3204.0 4204.0 4705.0 5306.0 6306.0 6807.0 7008.0 
501.0 0 601.0 1601.0 2102.0 2703.0 3703.0 4204.0 4805.0 5805.0 6306.0 6507.0 
1102.0 601.0 0 1000.0 1501.0 2102.0 3102.0 3603.0 4204.0 5204.0 5705.0 5906.0 
2102.0 1601.0 1000.0 0 501.0 1102.0 2102.0 2603.0 3204.0 4204.0 4705.0 4906.0 
2603.0 2102.0 1501.0 501.0 0 601.0 1601.0 2102.0 2703.0 3703.0 4204.0 4405.0 
3204.0 2703.0 2102.0 1102.0 601.0 0 1000.0 1501.0 2102.0 3102.0 3603.0 3804.0 
4204.0 3703.0 3102.0 2102.0 1601.0 1000.0 0 501.0 1102.0 2102.0 2603.0 2804.0 
4705.0 4204.0 3603.0 2603.0 2102.0 1501.0 501.0 0 601.0 1601.0 2102.0 2303.0 
5306.0 4805.0 4204.0 3204.0 2703.0 2102.0 1102.0 601.0 0 1000.0 1501.0 1702.0 
6306.0 5805.0 5204.0 4204.0 3703.0 3102.0 2102.0 1601.0 1000.0 0 501.0 702.0 
6807.0 6306.0 5705.0 4705.0 4204.0 3603.0 2603.0 2102.0 1501.0 501.0 0 201.0 
7008.0 6507.0 5906.0 4906.0 4405.0 3804.0 2804.0 2303.0 1702.0 702.0 201.0 0 
