18
5 23 19 47 12 48 46 33 24 1 42 36 26 39 15 17 6 0
0 89.85481 59.12998 70.30445 63.16929999999999 97.74936 70.94849 105.63692 28.729300000000002 58.08981 86.97063 81.20315 84.52270000000001 61.3004 75.95951 84.3365 42.981260000000006 12.7364 
89.85481 0 30.72483 52.49512 61.80234 93.08561 75.03566 107.00738999999999 87.17891999999999 62.3463 91.01675 85.45964000000001 124.26547 77.79508 93.13722 116.45132 106.16885 102.59121 
59.12998 30.72483 0 21.77029 31.077509999999997 83.38114 56.76523 82.90011999999999 71.98286999999999 85.99044 78.3626 68.67235 110.1237 66.55208 83.36986999999999 105.205 99.52853 71.86638 
70.30445 52.49512 21.77029 0 9.30722 61.88453 34.99494 69.68337 61.76345 64.22015 58.171929999999996 46.90206 91.25218000000001 44.78179 63.08937 83.43471 81.95217 77.75635 
63.16929999999999 61.80234 31.077509999999997 9.30722 0 53.19966 44.30216 78.99059 52.45623 57.085 67.47915 43.0697 86.57783 54.08901 56.54138 89.88786999999999 80.19987 68.44913 
97.74936 93.08561 83.38114 61.88453 53.19966 0 31.09482 58.61586 77.84129 57.38637 63.43445 34.27303 62.46445 36.44896 54.75654 102.01695000000001 71.91777 87.10749 
70.94849 75.03566 56.76523 34.99494 44.30216 31.09482 0 34.68843 60.97506 37.5179 43.565979999999996 14.40456 73.5025 46.05003 28.45356 85.31799999999998 83.22041 58.21209 
105.63692 107.00738999999999 82.90012 69.68337 78.99059 58.61586 34.68843 0 95.66349 72.20633000000001 78.25441000000001 49.09299 89.88519 48.96228 56.23308 113.09752 86.13266 92.90052 
28.7293 87.17892 71.98287 61.76345 52.45623 77.84129 60.97506 95.66349 0 52.39801 81.27883 71.47062 69.28508000000001 50.38436 68.69194 69.09888000000001 27.743640000000003 15.992899999999999 
58.08981 62.3463 85.99044 64.22015 57.085 57.38637 37.5179 72.20633 52.39801 0 28.88082 23.11334 82.21128 54.758810000000004 51.52135 87.16472999999999 45.80949 50.33229 
86.97063 91.01675 78.3626 58.171929999999996 67.47914999999999 63.43445 43.565979999999996 78.25441 81.27883 28.88082 0 29.16142 88.25936 60.80689 57.56943 111.32082 74.69031 79.21311 
81.20315 85.45964000000001 68.67235 46.90206 43.0697 34.27303 14.40456 49.09299 71.47062 23.11334 29.16142 0 59.09794 31.645470000000003 28.408009999999997 82.1594 68.81585000000001 72.61665 
84.52270000000001 124.26547 110.1237 91.25218000000001 86.57783 62.46445 73.5025 89.88519 69.28508000000001 82.21128 88.25936 59.09794 0 46.47039 64.77797000000001 82.89668 41.54144 71.78630000000001 
61.3004 77.79508 66.55208 44.78179 54.08901 36.44896 46.05003000000001 48.96228 50.38436 54.758810000000004 60.80689 31.645470000000003 46.47039 0 18.30758 75.17202 37.17038 52.88558 
75.95951 93.13722 83.36987 63.08937 56.54138 54.75654 28.45356 56.23308 68.69194 51.52135 57.56943 28.408009999999997 64.77797000000001 18.30758 0 56.864439999999995 55.47796 71.19316 
84.33650000000002 116.45132 105.205 83.43471 89.88786999999999 102.01695000000001 85.318 113.09752 69.09888000000001 87.16472999999999 111.32082 82.1594 82.89668 75.17202 56.86444 0 41.35524 71.60010000000001 
42.981260000000006 106.16885 99.52853 81.95217 80.19987 71.91777 83.22041 86.13266 27.743640000000003 45.80949 74.69031 68.81585 41.54144 37.17038 55.47796 41.35524 0 30.244860000000003 
12.7364 102.59121 71.86638 77.75635 68.44913 87.10749 58.21209 92.90052 15.992899999999999 50.33229 79.21311 72.61665 71.78630000000001 52.88558 71.19316 71.6001 30.244860000000003 0 
