64
SantaClara Irving Pasadena Norman MorenoValley Abilene Beaumont Atlanta Denver Memphis Mesa Buffalo Waco VirginiaBeach Omaha KansasCity StLouis FortLauderdale Norfolk Tulsa Torrance PembrokePines Lafayette Pikachu Elizabeth Akron Escondido Fontana Glasses Allentown FortCollins SantaRosa Tampa Arlington McAllen Hialeah Raleigh Chicago SanAntonio CedarRapids Lakewood Thornton Mesquite Hartford Surprise Greensboro Houston CorpusChristi SantaClarita Fremont Madison SanBernardino Corona Mobile HuntingtonBeach LittleRock Cincinnati Tallahassee Miami LasVegas Clyde OklahomaCity Riverside Plano
0 90901502.17352 300063121.0388 394646759.94251 378235481.62634 416951108.39137995 630955277.17899 717423576.10895 754901432.1199601 737478410.8786 771891636.35235 851684632.14234 972606811.1459 918542203.64242 862735326.40653 816176558.17869 860140367.14517 1028505652.20825 1202494058.7021298 1347980144.02121 1418649566.50827 1286547743.85477 1297769572.76499 1450784573.69767 1543744295.35025 1664793963.46005 1629587154.05659 1709823592.2980402 1692229331.30843 1701261380.4614 1599472965.25443 1606611262.34587 1787837772.83217 1859666183.804 1788380723.6847398 1697438446.03102 1595039710.8299 1424848350.2548301 1376553720.2749 1199107276.75685 909818852.50196 706319482.85514 767236877.91707 828404651.1151 1038053753.9682 1135930785.05336 1525961902.79692 1812447798.1445 1733703946.63071 1608970795.07675 1615172113.6851301 1535075762.9513798 1147922142.4647398 771624039.2425001 784638976.5471 666702919.57034 402367943.56028 344618599.46912 433133405.60684 440440613.92812 439302008.24934995 277860084.32421 141148702.88141 41218579.35906 
90901502.17352 0 211625878.58098 328962850.93056 293637265.82523 332352892.59027 565588337.2748799 638510957.16483 695210714.06972 650179562.3869599 684592787.8607099 767086416.34123 896054712.6163299 853090491.60572 807141838.3749 762337514.05374 828171688.14703 996536973.2101101 1170525379.70399 1316011465.02307 1360641546.5127 1230954255.82314 1221172128.27031 1383665378.67729 1481798956.2555299 1610954919.3351002 1575748109.9316401 1655984548.1730902 1649026305.43938 1669292701.4632602 1567504286.25629 1575914821.2793 1768137768.44314 1839966179.41497 1779486489.6835299 1677738441.64199 1597557398.1132898 1427366037.53822 1389735149.75098 1208166741.35506 896600964.26417 701338691.86437 780418307.39315 868075621.26343 1039582570.18262 1173246675.72966 1539143332.273 1825629227.62058 1746885376.1067898 1613526219.7617002 1607191133.65692 1552624950.3962302 1185238033.1410398 811295009.39083 821954867.2234 757604421.74386 493269445.7338 435520101.64264 472804375.75517 449500078.52633 434321217.25857997 285888356.17561996 232050205.05493 132120081.53257999 
300063121.0388 211625878.58098 0 117336972.34958 90009179.0473 128677981.69893 363902843.35563 453093380.26284 485909357.06993 438553683.80597997 472966909.27973 559901326.67228 692379801.7249899 664908826.53761 621724261.4729099 622424829.24412 725134025.97377 869162388.67907 1031365846.29782 1213863415.51599 1172459881.44459 1045536678.92115 1033526276.23796 1179990467.78595 1290404262.00903 1459136130.18555 1435835425.12202 1510696865.00039 1509113620.62976 1550047175.66571 1492143049.5007398 1484483848.7374802 1683019619.5238602 1764659314.28016 1719544521.10112 1602431576.50718 1548318657.4102 1383768742.9507 1373871430.3669 1147784545.13217 809244776.62134 707448675.09417 807916323.80262 893566586.436 1109600735.54463 1258672569.4105 1507567677.01314 1809765508.2365 1750992194.74626 1647885413.6517801 1677233471.8966 1619271527.99926 1285226696.72841 890734102.8684001 923212922.98353 877372962.2230601 627505750.2861 576422518.19956 552243469.23274 476998094.9358 440431200.48838 291523743.16333 441211823.92021 335217803.7488 
394646759.94251 328962850.93056 117336972.34958 0 129740808.39385 168456435.15889 375842685.27673 462310984.20669 499788840.2177 406022091.57568 457064694.70391 579080336.00924 660330467.9059099 669565679.06383 629286737.14821 672705147.79868 817886975.71223 933185646.82954 1081646164.8523798 1244046156.7322602 1177116733.97081 1050317943.15357 1036805902.9211799 1147941133.9668698 1279587071.8905199 1464631139.9916399 1478881145.5167398 1516507584.5314898 1533220085.93003 1597791241.1410503 1557219573.82149 1560586981.35843 1759122752.14481 1841989303.67515 1788510464.93224 1690745739.8733802 1617284601.2413201 1464287626.75393 1449588919.36212 1212861069.45292 886316251.82937 824785647.44375 925253296.1522 1010903558.78558 1226937707.89421 1376009541.76008 1588086560.81637 1885482997.23172 1831100186.4937298 1765222386.00136 1794570444.24618 1736608500.34884 1401400792.62071 999290074.4851899 1038117626.70307 985928933.83985 744842722.6356801 693759490.5491401 660799440.84953 594335067.28538 557768172.83796 408860715.51291 535795462.82392 435865339.30157 
378235481.62634 293637265.82523 90009179.0473 129740808.39385 0 38715626.76504 276636696.22473 365110754.62505 401573448.24449 359242929.25225997 393656154.72601 473449150.516 602417446.7910999 575720690.5050299 533741635.83512 542964339.40483 689238636.93584 820663340.07002 951905356.45853 1150201168.17346 1083271745.41201 956472954.59477 943563921.30407 1090028112.8520598 1200510797.58128 1370786151.4328399 1356374935.28273 1422662595.97269 1429653130.79047 1473779242.7231398 1428571235.0451 1430846172.96458 1629381943.75096 1712248495.2813 1663845449.13853 1562097401.09699 1492619585.4476101 1334622881.7718701 1319848110.96827 1084212730.67653 757667913.05298 722773868.77683 807975571.73678 917087677.26829 1113031773.61736 1262103607.48323 1458421815.83431 1755742188.8378701 1702451847.7173398 1647994287.26693 1679251833.75833 1626074153.8309703 1302294499.0448198 904090996.76311 939011333.12718 899129068.1935701 695161893.02494 637412548.93378 573999575.20325 477057342.86996 455756394.17104 307323533.08808 519384184.50775 419454060.98539996 
416951108.39137995 332352892.59027 128677981.69893 168456435.15889 38715626.76504 0 237921069.45969 328800973.58312 368265046.22405005 397958556.0173 432371781.49105 490790151.7226 563701820.02606 537864300.09042 496911826.39785004 511357462.2923 681282844.6581199 789056462.95749 920298479.346 1112522362.73861 1045415354.9974 918794149.15992 904848294.53903 1051312486.0870199 1165111156.20158 1332929761.01823 1324768058.1701999 1384983790.53784 1398046253.6779401 1442172365.61061 1406315331.6991 1399239295.8520498 1597775066.6384299 1680641618.1687698 1655889656.86081 1533840738.38461 1484663793.1698902 1317855316.24419 1311892318.69055 1076256938.39881 749712120.77526 761489495.54187 811052852.62358 920164958.15509 1115211397.59974 1264283231.46561 1441654250.3066301 1747786396.5601501 1693667351.28976 1651071568.15373 1671296041.48061 1628253777.8133502 1310717719.20323 907168277.64991 947434553.2855899 926888438.38521 733877519.7899799 676128175.69882 601758945.3948901 480134623.75676 494472020.93608 345514355.14791 558099811.27279 458169687.75043994 
630955277.17899 565588337.2748799 363902843.35563 375842685.27673 276636696.22473 237921069.45969 0 90879904.12343 137000947.39436 259906852.59191 255104479.65791 270418180.11224 365598453.63962996 301125715.70788 258990756.93816 298058979.65774 484351845.44635 575757980.32293 706999996.71144 892150391.12825 808676770.61486 682803174.3864 683158895.18533 843776216.1913999 936119407.6189599 1096191176.63569 1110336921.4508898 1147963360.46564 1167707595.6311798 1228873882.97605 1193016849.06454 1185940813.2174902 1384476584.0038702 1467343135.5342102 1479014922.1106203 1320542255.75005 1304561540.72501 1131280109.20887 1172043431.77402 947159154.9205099 620614337.29696 571544799.2938399 769998730.59681 941204519.0027 1101153322.7719798 1141562803.18608 1321451614.29604 1607937509.64362 1557285790.1937 1537199301.80774 1542198258.00231 1541265354.09418 1340524711.26932 928311963.55538 977241545.3516799 1010135217.76719 821519356.71131 788773192.4887099 685005724.77687 583022530.63035 607117037.72597 446130851.0281 681715986.24612 671416573.00779 
717423576.10895 638510957.16483 453093380.26284 462310984.20669 365110754.62505 328800973.58312 90879904.12343 0 109887196.76026 297816559.25768 277120084.43003 243770521.73668 302035518.88759 214579534.44089 168630881.21007 221795313.86366 408088179.65227 499494314.52885 630736330.91736 820257497.34204 722130589.34787 592443298.6583099 592278991.0619 776831231.40154 845239503.4955299 1006042749.9227101 1019977045.7228 1057603484.73755 1076827691.50775 1152610217.1819701 1116753183.27046 1109677147.42341 1308212918.20979 1391079469.74013 1402751256.31654 1244278589.95597 1228297874.9309301 1055016443.41479 1120883070.19553 929011265.01573 602396681.94484 633689464.715 742229127.69197 1027672817.93266 1192033226.89541 1099964780.9251301 1248879925.9409199 1556777148.06513 1500893026.9240499 1528129806.19016 1567211734.94256 1569707405.27374 1352271373.29843 1014780262.48534 988988207.38079 1069003357.7019999 880387496.64612 861695812.37866 743873864.7116799 655945150.5202999 680039657.6159201 519053470.91805 754638606.13607 757884871.93775 
754901432.1199601 695210714.06972 485909357.06993 499788840.2177 401573448.24449 368265046.22405005 137000947.39436 109887196.76026 0 249029903.93248 197987300.80425 155914875.70739 228908606.99646002 193217846.99936 175275834.14918 286567548.38184 472860414.17045 564266549.04703 671564865.05107 826902450.28115 700768901.90634 570994807.08668 547914931.60228 716519273.05742 808541759.5875 988283307.92717 1002801419.22386 1059528038.27301 1051178725.84607 1180647534.68994 1157581717.40417 1162248611.55704 1360784382.34342 1443650933.87376 1455322720.45017 1309050824.47415 1293070109.44911 1119788677.93297 1197437494.25223 993783499.5339099 667168916.46302 695490954.23481 807001362.21015 1039074057.7671399 1174620482.91758 1164737015.44331 1313759595.49444 1633331572.12183 1577566783.77462 1592902040.70834 1615665418.14791 1614732514.23978 1445507769.6596498 1040000101.8318901 1098875267.16818 1143364188.37696 951138713.5515801 916310249.99931 822006672.1712301 716708175.4012501 742517797.5362301 578128653.13086 811738211.8689001 795362727.94876 
737478410.8785999 650179562.38696 438553683.80597997 406022091.57568 359242929.25225997 397958556.01729995 259906852.59191 297816559.25768 249029903.93248 0 51042603.12823 173058244.43356 311250816.0068 400174604.67153 399940730.95979 519611873.12134004 705904738.90995 779032554.7610099 878521622.72324 1045345214.64711 882690167.094 750588344.4405 687726251.0220699 813188501.51952 947019410.08494 1170204573.11483 1184722684.41152 1242658648.08154 1230772263.1998901 1399469746.1364598 1364538475.07634 1380924574.74052 1579460345.5269 1662326897.05724 1673998683.63365 1541075635.07344 1526114434.18861 1352833002.67247 1417854348.57818 1207066007.51242 859250671.40017 808313146.1760299 1029905583.18872 1177972865.88489 1361060175.36389 1380490518.74635 1545851204.32357 1853748426.4477801 1797864305.3067 1797106154.3996499 1802105110.5942202 1801172206.68609 1580435390.32563 1165080310.4375699 1217152224.40799 1224639114.26705 1034761404.43066 977012060.3395 899509621.27673 771261398.48114 795355905.57676 634369718.87889 869954854.09691 773771487.55478 
771891636.35235 684592787.86071 472966909.27973 457064694.70391 393656154.72601 432371781.49105 255104479.65791 277120084.43003 197987300.80425 51042603.12823 0 122529785.71876 261830519.66421002 356966024.51747 364772301.64975 484554849.18609 670847714.9747 727989951.63278 835313042.56918 1002136634.49305 832161708.3792 700059885.7257 637008172.27028 762378430.41776 897441172.63359 1119676114.40003 1134194225.69672 1192130189.36674 1180243804.48509 1356261165.9824 1321329894.92228 1337544374.2724502 1536080145.0588303 1618946696.5891702 1630618483.1655803 1490033031.94521 1482493775.1664102 1317775978.73722 1395090849.1301198 1191770800.33816 855543572.06274 804606046.8385999 1004988663.0144 1174265766.54746 1351497921.8551998 1362724316.24756 1511746896.29869 1830984926.9997199 1775554084.5788698 1787543900.89096 1792542857.08553 1791609953.1774 1586788724.21802 1161373211.1001399 1223505558.30038 1242201852.98676 1051155470.7630801 993406126.6719201 917072359.9964399 787655464.81356 811749971.90918 650761364.40882 886348920.42933 808184713.02853 
851684632.14234 767086416.3412299 559901326.67228 579080336.0092399 473449150.516 490790151.7226 270418180.11224 243770521.73668 155914875.70739 173058244.43356 122529785.71876 0 139300733.94545 250799547.43678 276445701.06859 418628059.00467 604920924.79328 647014921.79606 729146565.48849 895970157.41236 709631922.66044 577530100.00694 515776168.96072 651408102.9552 774911386.91483 997146328.6812699 1011664439.9779599 1069600403.64798 1057714018.76633 1250094688.90171 1215163417.84159 1234137421.79263 1432673192.57901 1515474621.96102 1525729799.1129498 1396551297.4168699 1393041695.64834 1251849188.5558 1328497517.20995 1125844010.1567402 798330259.88292 818016059.7333599 939061872.83298 1187675779.44222 1325288582.00645 1296797526.0661402 1445820106.11727 1764391595.07955 1711585168.3268 1724962551.3311698 1764044480.0835698 1765400613.32865 1590843797.20178 1174783223.9949 1227560631.28414 1265889293.87551 1073663819.05013 1038835355.49786 950008679.08266 839233280.8998001 865042903.03478 700653758.62941 934263317.36745 892903211.5014 
972606811.1459 896054712.61633 692379801.72499 660330467.9059099 602417446.7911 563701820.02606 365598453.63962996 302035518.88759 228908606.99646002 311250816.0068 261830519.66421002 139300733.94545 0 190693649.58714 239783338.4749 401386261.68856 582886693.4851301 586909023.94642 669040667.63885 835864259.56272 578197083.21572 446095260.56222004 376475435.01527 572991117.91355 635768594.07814 865711489.2365501 879982971.5116601 938157791.44498 931473826.72385 1170204215.9155397 1155057519.99195 1174031523.9429898 1372567294.7293699 1455368724.11138 1465623901.26331 1336445399.56723 1341412847.48005 1234607391.23969 1291802952.7477298 1106854502.55472 761667897.28923 806318719.29678 921820075.51687 1216929039.40618 1352475464.5566201 1277808018.4641201 1417512311.89976 1727697030.6173298 1674517050.3892798 1700401848.37599 1739483777.1283898 1749298353.09864 1623362751.29869 1217855083.47093 1279464084.92036 1361069567.4029 1168844092.57752 1134015629.02525 1045188952.61005 902781516.1997001 828677160.87593 794805846.43774 1029443590.89484 1013068106.9747 
918542203.64242 853090491.60572 664908826.53761 669565679.06383 575720690.5050299 537864300.09042 301125715.70788 214579534.44089 193217846.99936 400174604.67153 356966024.51747 250799547.43678 190693649.58714 0 64233011.29137 218364512.47313 404657378.26173997 396215374.35928 478347018.05171 645170609.97558 507551054.90698 397564586.45961 444296348.57570004 562251696.96065 671819452.59116 795065460.92781 809583572.2245 866310191.27365 868173055.83073 999295141.4649299 964363870.40481 983337874.35585 1181873645.14223 1264675074.52424 1274930251.6761699 1145751749.98009 1150719197.8929102 1051585642.02426 1101109303.16059 925580463.6251999 584844022.47007 630258663.32447 738798326.30144 1055930443.6720899 1191476868.8225298 1096533979.5346 1226818662.3126202 1537003381.03019 1483823400.80214 1509708198.7888498 1548790127.5412498 1561435161.8686 1462364155.5645998 1056856487.73684 1118461627.30318 1208496694.27224 1058888762.95408 1054591514.20346 922375131.01964 718480758.46446 637983511.28879 732125044.49959 953014856.15904 959760783.0014801 
862735326.40653 807141838.3749 621724261.4729099 629286737.14821 533741635.83512 496911826.39785004 258990756.93816 168630881.21007 175275834.14918 399940730.95979 364772301.64975 276445701.06859 239783338.4749 64233011.29137 0 161602923.21366 343103355.01023 417242217.43513 500708335.66117 651626616.1319699 555914240.10174 423812417.44824 436741507.85597 626193844.9406099 681008968.94372 837411868.7126399 851346164.5127299 888972603.52748 909935648.1189599 1005371700.5407599 986725188.0142701 986972777.40786 1185508548.19424 1268375099.72458 1280046886.30099 1143495935.49719 1147223054.90368 994824052.76479 1059546327.31651 867071164.0798199 521884558.81433 566535380.82188 682036737.04197 991697432.3807199 1127243857.5311599 1038024679.98922 1185255686.4685402 1495440405.18611 1442260424.95806 1465014908.0965998 1504096836.8489997 1509515014.62374 1398131144.2732298 992623476.4454701 1054228616.0118101 1144263682.98087 1017946673.6511 1006399120.7883 881433041.71666 677549909.17424 702216522.58016 676318167.2637 897207978.9231501 903953905.7655901 
816176558.17869 762337514.05374 622424829.24412 672705147.79868 542964339.40483 511357462.2923 298058979.65774 221795313.86366 286567548.38184 519611873.12134004 484554849.18609 418628059.00467 401386261.68856 218364512.47313 161602923.21366 0 186292865.78861 277699000.66519 408941017.0537 632908062.89592 618251042.4865 486149219.833 543253390.22559 733229924.35305 760404085.96455 848617405.28136 813410595.8779 893647034.11935 886688791.38564 930814903.3183099 894957869.4068 887881833.5597501 1086417604.3461301 1169284155.87647 1180955942.4528801 1022483276.09231 1006502561.06727 833221129.55113 912529048.06342 707215951.15207 380601368.08118 411894150.85134 520433813.82831 841617800.82775 988459878.5262699 878169467.06147 1027192047.1126001 1348423125.93302 1292957109.32213 1306334492.3265 1345416421.0788999 1347912091.41008 1259347165.2683399 850668071.28625 907421382.79988 1005479703.9759799 872479223.8436 867615141.78341 742649062.7117699 538765930.16935 559634004.23805 608786945.8525901 822329862.19709 857395137.53775 
860140367.14517 828171688.14703 725134025.97377 817886975.71223 689238636.9358399 681282844.6581199 484351845.44635 408088179.65227 472860414.17045 705904738.90995 670847714.9747 604920924.79328 582886693.4851301 404657378.26173997 343103355.01023 186292865.78861 0 169254897.72926 345753277.19576 488729389.54222 637284070.42105 573639148.73495 650165920.34691 846681603.24519 842523450.7277701 865401902.8986499 867943252.84548 938091719.75559 889573340.64692 842010625.98241 778331329.1368 759349822.76371 957885593.5500901 1039525288.3063899 1011808095.75223 877297550.53341 840582232.06131 742551488.33339 738199833.04773 523967809.06959 201281155.37421 404438910.94835 428593012.90151 769443997.46568 843993158.8448601 694921324.9789901 858569985.6601901 1174093910.91733 1118363523.3789601 1124124511.35022 1163206440.10262 1174523781.6672099 1114880445.58693 798170605.5392 842247240.42478 983838614.0749899 857521604.74522 845974051.88242 721007972.8107799 517124840.26836 547804565.25394 637423136.03704 839958290.43863 898790131.5207 
1028505652.20825 996536973.2101101 869162388.67907 933185646.82954 820663340.07002 789056462.95749 575757980.32293 499494314.52884996 564266549.04703 779032554.7610099 727989951.63278 647014921.79606 586909023.94642 396215374.35928 417242217.43513 277699000.66519 169254897.72926 0 176846741.51751 400813787.35973 662068716.85156 529966894.19806 548700257.17184 745215940.07012 690314698.61749 696147005.16939 710081300.96948 768836822.02633 768670784.57571 680884786.98664 646423144.1529601 627441637.77987 825977408.5662501 908843960.09659 920515746.6730001 762043080.31243 754503823.53363 764826917.91324 708093190.72042 610839881.31958 288153227.6242 451304880.61884 515465085.1515 856316069.71567 930865231.0948501 781793397.2289801 857501373.24244 1143987268.59002 1093335547.88223 1174932003.40271 1208019513.4402 1261395853.9171999 1201752517.83692 885042677.7891899 929119312.67477 1133839835.69224 1001099761.7657 996802513.01508 864586129.83126 670305472.21181 643790043.47805 805788421.1001201 1008323575.50171 1067155416.58378 
1202494058.7021298 1170525379.70399 1031365846.2978201 1081646164.85238 951905356.45853 920298479.346 706999996.71144 630736330.91736 671564865.05107 878521622.72324 835313042.56918 729146565.48849 669040667.63885 478347018.05171 500708335.66117 408941017.0537 345753277.19576 176846741.51751 0 223967045.84222 485221975.33405 353120152.68055 501083999.43825996 679887457.00122 572841050.61997 610262071.08787 606356323.76263 649902556.09377 624810996.94692 521873886.26461 486016852.3531 504990856.30414 703526627.0905199 786328056.47253 796583233.62446 668511840.16948 690803468.21895 719399853.41827 720143250.96162 647175583.31762 431706154.20026 628151622.1363499 659018011.72756 999868996.2917299 1074418157.67091 925346323.80504 869551433.48364 1115326356.41439 1102395658.33806 1186982063.64391 1214801603.3252401 1272684640.24777 1341977703.57461 1028595604.36525 1072672239.2508299 1277392762.2683 1177946503.2832098 1173649254.53259 1041432871.3487699 847152213.7293199 820636784.9955599 979776827.594 1182311981.99559 1241143823.07766 
1347980144.0212102 1316011465.02307 1213863415.51599 1244046156.73226 1150201168.17346 1112522362.73861 892150391.12825 820257497.34204 826902450.2811499 1045345214.64711 1002136634.49305 895970157.41236 835864259.56272 645170609.97558 651626616.1319699 632908062.89592 488729389.54222 400813787.35973 223967045.84222 0 557524856.75502 577087198.5227699 600021631.38275 796537314.28103 646692635.41665 479458723.5587 407608738.93608004 450291710.03375006 400843951.1047 354124531.48934996 345217750.5267 342198709.32818 539843928.84014 623601031.6449001 635272818.22131 500581140.00451 564769257.84194 509193121.41049004 656866255.43225 630978309.27437 522589906.50925 725747662.08339 749901764.03655 1090752748.60072 1070664348.16283 921592514.29696 749794634.62673 987949011.22165 991208324.32605 1122392484.4754 1156792578.15203 1256487366.20452 1325780429.53136 1119479356.67424 1163555991.55982 1368276514.57729 1303726940.72103 1299429691.97041 1167213308.78659 989779964.0247699 963264535.2910099 1125262912.9130802 1327798067.31467 1386629908.39674 
1418649566.50827 1360641546.5126998 1172459881.44459 1177116733.97081 1083271745.41201 1045415354.9974 808676770.61486 722130589.34787 700768901.90634 882690167.094 832161708.3792 709631922.66044 578197083.21572 507551054.90698 555914240.10174 618251042.4865 637284070.42105 662068716.85156 485221975.33405 557524856.75502 0 132101822.6535 242689778.24707 355351004.53825 217145868.19677 287514406.02083 302032517.31752 360444913.2841 360622000.92375004 690965723.0679201 804414284.2224 785432777.8493099 983968548.63569 1066835100.1660299 1078506886.74244 946410550.23973 1073806030.1709 1023874919.1804401 1205365226.29567 1089879051.68614 767192397.99076 919334053.31063 993423287.75367 1335355240.08223 1409904401.46141 1260832567.59554 1258831406.95569 1498328918.36634 1503337037.65813 1671992272.05793 1696792854.41747 1740435024.2837598 1680791688.20348 1363068731.64191 1408158483.04133 1612022982.02225 1469128934.45749 1464831685.70687 1332615302.52305 1138334644.9036 1111819216.16984 1227037988.33909 1440580904.68359 1459868145.86733 
1286547743.85477 1230954255.82314 1045536678.92115 1050317943.1535699 956472954.59477 918794149.15992 682803174.3864 592443298.6583099 570994807.08668 750588344.4405 700059885.7257 577530100.00694 446095260.56222004 397564586.45961 423812417.44824 486149219.833 573639148.73495 529966894.19806 353120152.68055 577087198.5227699 132101822.6535 0 147963846.75771 326767304.32067 274254866.13155 419616228.67433 434134339.97102 492070303.64104 492723823.57725 804077691.23954 795170910.2768899 812230272.76774 1010766043.5541201 1093632595.08446 1105304381.66087 973544397.1003699 1032225645.0791899 1006727969.62136 1073263403.64217 997065011.7563499 712300654.39307 855689131.62453 929778366.06757 1274111929.0373502 1371938098.37415 1222866264.50828 1217251021.8639798 1456748533.2746298 1455515811.01861 1539890449.40443 1564691031.76397 1622574068.6865 1642825385.11622 1299423809.95581 1345288336.1171799 1491628923.80898 1358628443.6766 1353764361.61641 1228798282.54477 1024915150.0023501 1035548097.7484 1094936165.68559 1308479082.03009 1327766323.21383 
1297769572.76499 1221172128.27031 1033526276.23796 1036805902.92118 943563921.30407 904848294.53903 683158895.18533 592278991.0619 547914931.60228 687726251.0220699 637008172.27028 515776168.96072 376475435.01527 444296348.57570004 436741507.85597 543253390.22559 650165920.34691 548700257.17184 501083999.43825996 600021631.38275 242689778.24707 147963846.75771 0 196515682.89828 260626827.98522 509792483.26101 535077713.31011003 588071727.91256 593667196.9163401 832570809.3045801 906318293.00102 924513871.96808 1111444603.5539699 1182118395.55832 1216884674.2723799 1088101075.17746 1164790889.2246902 1086393777.25815 1214726966.59069 1094515560.75759 812751423.20205 955147541.07693 1032211164.75869 1376544727.72847 1471150276.77913 1322078442.91326 1296522739.02357 1587970642.6044002 1577695665.2901402 1669581995.45938 1700192690.57533 1754293177.16239 1742037563.5212 1387238216.4347801 1443298311.72606 1548006182.12076 1415732614.06919 1410141619.92819 1285175540.85655 1081292408.31413 1082279859.86449 1072152153.38558 1332242225.28161 1332073205.71703 
1450784573.69767 1383665378.67729 1179990467.78595 1147941133.9668698 1090028112.8520598 1051312486.0870199 843776216.1913999 776831231.40154 716519273.05742 813188501.5195199 762378430.4177599 651408102.9552 572991117.91355 562251696.96065 626193844.9406099 733229924.35305 846681603.24519 745215940.07012 679887457.00122 796537314.28103 355351004.53825 326767304.32067 196515682.89828 0 223899847.59269 550080865.8282299 610822823.9546001 626284967.03163 649687762.58197 948579568.5696601 1072187052.36191 1053205545.98882 1251741316.7752 1334607868.30554 1346279654.88195 1218352808.92269 1316176232.01198 1282909460.15643 1391544926.60863 1291031243.65587 1009267106.10033 1145124075.20439 1228726847.65697 1573060410.62675 1667665959.6774101 1518594125.8115401 1493038421.92185 1740699120.2074199 1745707239.49921 1858383739.29092 1884217504.0392199 1942100540.96175 1938553246.41948 1583753899.33306 1639813994.62434 1737403965.80156 1605709148.19665 1599539403.60899 1474573324.53735 1270690191.99493 1200235208.24944 1268667836.28386 1507621353.44661 1491245869.52647 
1543744295.35025 1481798956.2555299 1290404262.00903 1279587071.8905199 1200510797.58128 1165111156.20158 936119407.6189599 845239503.4955299 808541759.5875 947019410.08494 897441172.63359 774911386.91483 635768594.07814 671819452.59116 681008968.94372 760404085.96455 842523450.72777 690314698.61749 572841050.61997 646692635.41665 217145868.19677 274254866.13155 260626827.98522 223899847.59269 0 326181018.23554 391200295.97915 406149865.65040994 425787914.98928 724679720.9769701 857373045.39177 872954070.71931 1045827429.5235101 1122813422.75246 1166028179.61244 1033931843.10973 1154881512.6552901 1113042697.84207 1292984301.58159 1220016633.93759 978467926.24169 1124573433.61735 1198662668.06039 1542996231.03017 1621179929.71234 1472108095.84647 1339906889.4400802 1579404400.85073 1584412520.14252 1759823114.26388 1787642653.94521 1845525690.8677402 1892067216.45441 1568308111.9486299 1611524293.22925 1765883789.9405298 1632883309.80815 1628019227.74796 1503053148.67632 1299170016.1339 1294564251.93239 1332778981.3708 1578216947.86687 1584962874.70931 
1664793963.46005 1610954919.3351002 1459136130.18555 1464631139.99164 1370786151.4328399 1332929761.01823 1096191176.63569 1006042749.9227101 988283307.9271699 1170204573.11483 1119676114.40003 997146328.68127 865711489.23655 795065460.92781 837411868.71264 848617405.28136 865401902.8986499 696147005.16939 610262071.08787 479458723.5587 287514406.02083 419616228.67433 509792483.26101 550080865.8282299 326181018.23554 0 71849984.62262 79968847.41487 129416606.34391999 441454688.30407 589394141.42571 600407189.17564 760560727.84237 809039927.23326 893481298.0687699 752019018.87702 905250544.9837999 867630488.1173899 1072743373.1998999 1075064101.1979198 968919513.3916901 1147451885.78823 1196231370.9189901 1537082355.48316 1514750140.08638 1365678306.22051 1090275921.76859 1323612840.5137 1334781552.47103 1531047792.83762 1570129721.59002 1672110052.59144 1769866221.4549098 1565808963.5566802 1609885598.44226 1814606121.4597301 1697246766.9350898 1689788783.23302 1560733135.00065 1360939571.6189601 1339937048.64744 1457404351.13395 1670947267.47845 1706012542.8191102 
1629587154.05659 1575748109.9316401 1435835425.12202 1478881145.51674 1356374935.28273 1324768058.1701999 1110336921.45089 1019977045.7228 1002801419.2238599 1184722684.41152 1134194225.69672 1011664439.97796 879982971.51166 809583572.2245 851346164.51273 813410595.8779 867943252.84548 710081300.96948 606356323.76263 407608738.93608004 302032517.31752 434134339.97102004 535077713.31011 610822823.9546 391200295.97915 71849984.62262 0 80236438.24145 129684197.1705 441722279.13065 517544156.80309 529430814.60203 727966585.38841 809307518.05984 822504923.49516 682517826.51287 833400560.36118 795780503.4947699 1009514402.24354 1003214116.5753 899276961.7339 1102434717.30804 1126588819.2612 1467439803.8253698 1442900155.46376 1293828321.59789 1018425937.14597 1252636465.94009 1262931567.84841 1459197808.215 1498279736.9673998 1600260067.96882 1698016236.83229 1496166411.89889 1540243046.7844698 1744963569.80194 1674909643.2786598 1663362090.41586 1538396011.34422 1334512878.8018 1342478398.59427 1422197541.73049 1635740458.07499 1670805733.4156501 
1709823592.2980402 1655984548.17309 1510696865.00039 1516507584.53149 1422662595.97269 1384983790.53784 1147963360.46564 1057603484.73755 1059528038.27301 1242658648.08154 1192130189.36674 1069600403.6479801 938157791.44498 866310191.27365 888972603.52748 893647034.11935 938091719.75559 768836822.02633 649902556.09377 450291710.03375006 360444913.2841 492070303.64104 588071727.91256 626284967.03163 406149865.65040994 79968847.41487 80236438.24145 0 49447758.92905 361485840.8892 580272179.5667499 562743119.13604 680591880.4275 729071079.81839 821857981.52226 706229459.97787 870061600.12735 858935438.54552 1065639106.6110001 1067808660.38756 972881616.5430001 1176039372.11714 1200193474.0703 1541044458.63447 1507494699.27602 1358422865.41015 1059226758.69771 1285948770.4741 1301765160.92222 1519770596.7581 1558852525.5105 1663415003.0195699 1762610780.6445498 1569771066.7079902 1613847701.59357 1818568224.61104 1723073561.7785099 1711526008.91571 1586559929.84407 1382676797.30165 1412626865.50438 1502433979.9719398 1705510247.47192 1751042171.6571002 
1692229331.30843 1649026305.4393802 1509113620.62976 1533220085.93003 1429653130.7904701 1398046253.67794 1167707595.63118 1076827691.50775 1051178725.84607 1230772263.19989 1180243804.4850898 1057714018.7663299 931473826.72385 868173055.83073 909935648.11896 886688791.38564 889573340.64692 768670784.57571 624810996.9469199 400843951.1047 360622000.92375004 492723823.57725006 593667196.91634 649687762.58197 425787914.98928 129416606.34391999 129684197.1705 49447758.92905 0 330343722.14417 532276866.58008003 513295360.20699 640280241.0996599 724468711.5170599 776576506.6718299 659038422.7780399 820613841.1983 809487679.61647 1023211509.63509 1018360901.45851 923433857.61395 1126591613.18809 1150745715.1412501 1491596699.70542 1458046940.34697 1308975106.4811 1009778999.7686601 1236501011.5450501 1252317401.99317 1470322837.82905 1509404766.58145 1613967244.09052 1713163021.7154999 1520323307.7789402 1564399942.66452 1769120465.6819901 1689610568.90848 1678063016.04568 1553096936.97404 1349213804.43162 1364108486.39571 1469512100.2003 1672047254.60189 1730879095.68396 
1701261380.4614 1669292701.4632602 1550047175.66571 1597791241.14105 1473779242.72314 1442172365.61061 1228873882.97605 1152610217.1819701 1180647534.68994 1399469746.1364598 1356261165.9824 1250094688.90171 1170204215.91554 999295141.4649299 1005371700.54076 930814903.31831 842010625.98241 680884786.98664 521873886.26461 354124531.48934996 690965723.06792 804077691.2395401 832570809.3045801 948579568.5696601 724679720.9769701 441454688.30407 441722279.13065 361485840.8892 330343722.14417 0 218786338.67755 221395480.35 337911838.45729 422100308.87469 462996914.43841004 344743619.08867 528559898.04056 542558901.63229 753193436.69799 855679205.4052299 873359776.6559399 1076517532.23008 1100671634.18324 1380101478.7188 1299534028.49319 1150462194.62732 717879119.91167 928502321.8562601 960417522.13618 1187326277.43723 1224519978.4351099 1337630648.20957 1554650109.86172 1422089325.42921 1452904721.6779 1664484786.05877 1654496810.86772 1650199562.1171 1517983178.93328 1341280152.61773 1316545771.7312 1478544149.35327 1681079303.75486 1739911144.83693 
1599472965.2544298 1567504286.25629 1492143049.50074 1557219573.8214898 1428571235.0451 1406315331.6991 1193016849.06454 1116753183.2704601 1157581717.40417 1364538475.07634 1321329894.9222798 1215163417.84159 1155057519.99195 964363870.40481 986725188.0142701 894957869.4068 778331329.1368 646423144.1529601 486016852.3531 345217750.5267 804414284.2224 795170910.27689 906318293.0010201 1072187052.36191 857373045.39177 589394141.42571 517544156.80309 580272179.5667499 532276866.58008003 218786338.67755 0 18981506.37309 217517277.15947 300311204.11943 310566381.27136 182494987.81638 315931903.12228 323772562.95474 537509203.25809 636892866.72768 735976386.57604 936612981.51343 974295873.81183 1161315140.04125 1080747689.81564 931675855.94977 501379944.99055 742187157.71115 758003548.15927 970929635.3188701 1009331731.20477 1118844309.53202 1335863771.18417 1203302986.7516599 1234118383.00035 1445698447.3812199 1514592260.1510699 1510295011.40045 1378078628.21663 1205354625.14988 1186290760.46961 1350773336.48843 1571253345.8503199 1638122729.62996 
1606611262.34587 1575914821.2793 1484483848.7374802 1560586981.3584301 1430846172.96458 1399239295.85205 1185940813.2174902 1109677147.4234102 1162248611.55704 1380924574.74052 1337544374.2724502 1234137421.79263 1174031523.94299 983337874.35585 986972777.40786 887881833.5597501 759349822.76371 627441637.77987 504990856.30414 342198709.32818 785432777.8493099 812230272.76774 924513871.96808 1053205545.98882 872954070.71931 600407189.17564 529430814.60203 562743119.13604 513295360.20699 221395480.35 18981506.37309 0 198535770.78638 281402322.31672 293074108.89313 165147262.93387 307318480.99131 324551772.76866 536412106.35128 644404804.33231 716994880.20295 917631475.14034 971906415.47165 1180296646.41434 1078555954.44154 929484120.57567 496483639.56167 723205651.33806 739022041.78618 965930797.08723 1003124498.08511 1120046768.85318 1338911792.24648 1213247185.72085 1238450865.29538 1454901103.11845 1495610753.7779799 1491313505.02736 1359097121.84354 1186373118.7767901 1167309254.09652 1331791830.11534 1552271839.47723 1635270118.78317 
1787837772.8321698 1768137768.44314 1683019619.52386 1759122752.14481 1629381943.7509599 1597775066.6384299 1384476584.00387 1308212918.20979 1360784382.34342 1579460345.5269003 1536080145.0588303 1432673192.57901 1372567294.72937 1181873645.14223 1185508548.19424 1086417604.34613 957885593.5500901 825977408.56625 703526627.0905199 539843928.84014 983968548.63569 1010766043.5541201 1111444603.5539699 1251741316.7752 1045827429.52351 760560727.84237 727966585.38841 680591880.4275 640280241.0996599 337911838.45729 217517277.15947 198535770.78638 0 84188470.4174 141266101.09476 90399326.80115 290745380.02101 402899899.63381 583196337.82391 752385056.9260399 898951023.23939 1102161881.08732 1126315983.0404801 1293970696.6629 1165389027.1925 1042099129.61345 488564925.98003 674158029.56874 703942840.54091 950170000.53387 989251929.28627 1124644636.05457 1385696023.71911 1336367740.56192 1349642145.20483 1578763201.19148 1641751825.24003 1650395259.93497 1518178876.75115 1366924501.47497 1349870502.00271 1509977688.5079598 1732823222.17541 1829056352.1912298 
1859666183.804 1839966179.41497 1764659314.28016 1841989303.6751502 1712248495.2813 1680641618.16877 1467343135.5342102 1391079469.7401302 1443650933.87376 1662326897.05724 1618946696.5891702 1515474621.96102 1455368724.11138 1264675074.52424 1268375099.72458 1169284155.87647 1039525288.3063899 908843960.09659 786328056.47253 623601031.6449001 1066835100.1660299 1093632595.08446 1182118395.55832 1334607868.30554 1122813422.75246 809039927.23326 809307518.05984 729071079.81839 724468711.51706 422100308.87469 300311204.11943 281402322.31672 84188470.4174 0 143008557.52134 162227737.77298 337333664.4268 474878432.20781004 629653685.47391 824213467.89787 970779434.21122 1173990292.05915 1198144394.01231 1365920226.83174 1237628311.12932 1088556477.26345 570617865.34207 649381515.17044 706818903.48631 965763215.07434 1004845143.82674 1148638629.21018 1432153371.36911 1408196151.53375 1419858705.65588 1650591612.16331 1715857585.27949 1722344790.10381 1590128406.91999 1438752912.4468 1421698912.97454 1581806099.47979 1804651633.14724 1900884763.16306 
1788380723.68474 1779486489.6835299 1719544521.10112 1788510464.93224 1663845449.13853 1655889656.86081 1479014922.11062 1402751256.31654 1455322720.45017 1673998683.6336503 1630618483.1655803 1525729799.1129498 1465623901.26331 1274930251.6761699 1280046886.30099 1180955942.45288 1011808095.75223 920515746.673 796583233.62446 635272818.22131 1078506886.74244 1105304381.66087 1216884674.2723799 1346279654.88195 1166028179.61244 893481298.0687699 822504923.49516 821857981.52226 776576506.6718299 462996914.43841004 310566381.27136 293074108.89313 141266101.09476 143008557.52134 0 231665427.89591 253764115.19505 366977020.73385 509195538.96759 710940844.67989 910299744.47978 1084423155.8750901 1118666481.1319299 1241151201.58492 1109154058.93998 968098330.7571299 451171834.92283 607783788.6502 665221176.9660699 822754657.553 861836586.3054 1005630071.6888399 1299530575.95428 1294923528.3157701 1298596258.70438 1534583959.6089299 1585516856.98751 1611823621.16609 1488608307.34991 1352062074.63449 1351440630.48088 1513758555.2259 1713742804.48594 1829599303.0438 
1697438446.03102 1677738441.64199 1602431576.50718 1690745739.8733802 1562097401.09699 1533840738.38461 1320542255.75005 1244278589.95597 1309050824.47415 1541075635.07344 1490033031.94521 1396551297.4168699 1336445399.56723 1145751749.98009 1143495935.49719 1022483276.09231 877297550.53341 762043080.31243 668511840.16948 500581140.00451 946410550.23973 973544397.1003699 1088101075.17746 1218352808.92269 1033931843.10973 752019018.87702 682517826.51287 706229459.97787 659038422.7780399 344743619.08867 182494987.81638 165147262.93387 90399326.80115 162227737.77298 231665427.89591 0 207853825.03442 312650694.43483 492797011.02276003 661985730.12489 808551696.43824 1011762554.28617 1035916656.23933 1203692489.0587602 1077267049.45898 951699802.8123 408390127.56909 583758702.76759 618187964.3248501 877939817.89741 910388385.62977 1036177899.52615 1295296696.9179602 1245968413.7607698 1259242818.4036798 1488363874.3903298 1553629847.50651 1560117052.33083 1427900669.14701 1276525174.67382 1259471175.20156 1419578361.70681 1642423895.37426 1738657025.39008 
1595039710.8299 1597557398.1132898 1548318657.4102 1617284601.2413201 1492619585.4476101 1484663793.1698902 1304561540.72501 1228297874.9309301 1293070109.44911 1526114434.18861 1482493775.16641 1393041695.64834 1341412847.48005 1150719197.89291 1147223054.90368 1006502561.06727 840582232.06131 754503823.53363 690803468.21895 564769257.84194 1073806030.1708999 1032225645.07919 1164790889.22469 1316176232.01198 1154881512.65529 905250544.9837999 833400560.36118 870061600.12735 820613841.1983 528559898.04056 315931903.12228 307318480.99131 290745380.02101 337333664.4268 253764115.19505 207853825.03442 0 173281431.51614 292453275.85144 507850940.23244 739073880.78886 896218706.24892 901924218.01578 1043399722.58431 900427901.50685 751356067.64098 272719443.19563 431672121.69536996 458478617.22669 696248479.9673201 735330408.7197201 856942345.4869599 1094952961.74664 1091833623.86832 1087106161.12552 1326357167.21572 1413966916.59124 1424039066.38992 1291822683.2061 1180836210.94357 1163236180.8547099 1327718756.87353 1516957180.34213 1636258290.18896 
