14
29 15 46 1 35 18 40 42 10 24 22 36 44 34
0 45.035 100.768 343.016 356.251 366.604 742.216 606.803 580.888 561.65 315.47400000000005 127.398 172.183 143.764 
45.035 0 56.635 309.727 318.837 329.276 705.985 569.0 543.476 521.606 275.034 107.79 154.407 164.144 
100.768 56.635 0 272.37 277.77 277.892 658.895 525.545 499.757 477.166 231.745 164.425 211.042 182.102 
343.016 309.727 272.37 0 35.366 57.205 412.02799999999996 267.241 243.772 232.868 80.166 242.244 265.464 424.87199999999996 
356.251 318.837 277.77 35.366 0 22.81 395.503 250.552 226.269 206.386 77.74199999999999 254.978 279.21 439.653 
366.604 329.276 277.892 57.205 22.81 0 381.003 247.96699999999998 222.248 209.13 54.932 246.768 286.347 444.91499999999996 
742.216 705.985 658.895 412.02799999999996 395.503 381.003 0 155.031 180.96200000000002 226.77700000000002 431.254 627.771 662.071 824.742 
606.803 569.0 525.545 267.241 250.552 247.96699999999998 155.031 0 25.931 71.746 294.373 494.375 525.547 689.991 
580.888 543.476 499.757 243.772 226.269 222.248 180.96200000000002 25.931 0 45.815 268.442 468.594 499.616 664.149 
561.65 521.606 477.166 232.868 206.386 209.13 226.777 71.746 45.815 0 246.572 443.711 477.402 644.061 
315.47400000000005 275.034 231.745 80.166 77.742 54.932 431.254 294.373 268.442 246.572 0 200.733 231.415 398.316 
127.398 107.79 164.425 242.244 254.978 246.768 627.771 494.375 468.594 443.711 200.733 0 46.617 210.707 
172.183 154.407 211.042 265.464 279.21 286.347 662.071 525.547 499.616 477.402 231.415 46.617 0 169.339 
143.764 164.144 182.102 424.87199999999996 439.653 444.91499999999996 824.742 689.991 664.149 644.061 398.316 210.707 169.339 0 
