36
98 57 81 66 96 69 93 55 54 62 88 84 61 85 73 52 94 63 90 68 72 71 50 82 97 59 56 65 92 74 75 86 99 22 70 13
0 5170.0 11810.0 13045.0 8902.0 8748.0 12854.0 15790.0 13132.0 13008.0 13511.0 14703.0 14242.0 12841.0 12844.0 12282.0 13292.0 13003.0 12965.0 12160.0 7461.0 13951.0 11227.0 15165.0 12484.0 9892.0 12955.0 10080.0 14489.0 13030.0 8137.0 6418.0 11686.0 13726.0 11905.0 5460.0 
5170.0 0 10097.0 9876.0 11754.0 13918.0 14967.0 15261.0 15553.0 13557.0 12141.0 14820.0 11338.0 15359.0 11962.0 12285.0 16157.0 17398.0 10629.0 12791.0 7212.0 11444.0 6057.0 9995.0 14021.0 13407.0 14210.0 7299.0 9319.0 15083.0 13307.0 11503.0 12116.0 14611.0 8935.0 10630.0 
11810.0 10097.0 0 5926.0 11338.0 12440.0 15224.0 10458.0 10850.0 14219.0 14276.0 9089.0 7177.0 15867.0 16339.0 13530.0 11986.0 8414.0 13040.0 11854.0 12783.0 9300.0 10493.0 11761.0 14839.0 12475.0 6968.0 10673.0 11135.0 10474.0 6406.0 13288.0 13429.0 14849.0 11591.0 13778.0 
13045.0 9876.0 5926.0 0 5571.0 9089.0 14438.0 12369.0 12420.0 11854.0 13558.0 10463.0 11859.0 9941.0 15292.0 10890.0 16210.0 10544.0 9829.0 15632.0 15178.0 5778.0 11165.0 6709.0 12753.0 12206.0 10467.0 12878.0 13405.0 12519.0 12332.0 7362.0 11587.0 11345.0 14189.0 16045.0 
8902.0 11754.0 11338.0 5571.0 0 8662.0 13603.0 13653.0 10211.0 14310.0 13019.0 16034.0 12203.0 11480.0 13252.0 15452.0 16158.0 10492.0 13099.0 14081.0 9607.0 9548.0 12465.0 12280.0 16276.0 11223.0 11705.0 11255.0 13123.0 14028.0 11083.0 12933.0 14059.0 7326.0 14089.0 11827.0 
8748.0 13918.0 12440.0 9089.0 8662.0 0 5922.0 11645.0 11976.0 6437.0 12091.0 12057.0 12078.0 7187.0 12538.0 7399.0 11649.0 10103.0 12737.0 15327.0 13200.0 6232.0 10379.0 10978.0 13207.0 12233.0 8498.0 11294.0 11616.0 9999.0 9366.0 10507.0 9561.0 7000.0 12720.0 12661.0 
12854.0 14967.0 15224.0 14438.0 13603.0 5922.0 0 5723.0 11991.0 12359.0 9595.0 6135.0 10244.0 5210.0 10561.0 13321.0 13135.0 15603.0 15490.0 15272.0 13523.0 12154.0 10502.0 13558.0 11388.0 16441.0 13041.0 12121.0 12366.0 12742.0 13385.0 14042.0 15253.0 12623.0 12950.0 12882.0 
15790.0 15261.0 10458.0 12369.0 13653.0 11645.0 5723.0 0 6268.0 12556.0 14428.0 10526.0 13230.0 10933.0 11778.0 13134.0 12332.0 12130.0 16706.0 13456.0 10625.0 12564.0 16225.0 16001.0 12678.0 13648.0 13400.0 7962.0 12697.0 16687.0 16061.0 11573.0 14928.0 6900.0 12086.0 12317.0 
13132.0 15553.0 10850.0 12420.0 10211.0 11976.0 11991.0 6268.0 0 6288.0 11942.0 14305.0 9216.0 10517.0 9721.0 12509.0 13095.0 7429.0 17540.0 13764.0 14435.0 15297.0 15726.0 12842.0 8555.0 9958.0 10742.0 11378.0 6945.0 15098.0 12044.0 11996.0 16437.0 12742.0 7417.0 11496.0 
13008.0 13557.0 14219.0 11854.0 14310.0 6437.0 12359.0 12556.0 6288.0 0 5654.0 10961.0 15058.0 10324.0 6184.0 11499.0 12322.0 10971.0 14452.0 15451.0 10588.0 12669.0 15354.0 11008.0 10237.0 14024.0 13719.0 11850.0 9718.0 12682.0 13524.0 12747.0 11584.0 12011.0 11716.0 7548.0 
13511.0 12141.0 14276.0 13558.0 13019.0 12091.0 9595.0 14428.0 11942.0 5654.0 0 5307.0 10609.0 11600.0 11838.0 12090.0 16895.0 15254.0 8798.0 13343.0 10922.0 7780.0 13167.0 14847.0 6669.0 8370.0 12045.0 13510.0 8500.0 13552.0 7870.0 7093.0 11685.0 14145.0 8438.0 13202.0 
14703.0 14820.0 9089.0 10463.0 16034.0 12057.0 6135.0 10526.0 14305.0 10961.0 5307.0 0 5302.0 11169.0 11800.0 13765.0 15391.0 14761.0 12505.0 10317.0 10763.0 10988.0 12861.0 12243.0 5750.0 10803.0 14823.0 13962.0 13807.0 9755.0 11539.0 12400.0 12838.0 16786.0 13745.0 12689.0 
14242.0 11338.0 7177.0 11859.0 12203.0 12078.0 10244.0 13230.0 9216.0 15058.0 10609.0 5302.0 0 15232.0 12146.0 11116.0 10089.0 15591.0 12783.0 9808.0 16065.0 6081.0 11468.0 14992.0 10596.0 13682.0 14145.0 8660.0 9534.0 12822.0 13583.0 9093.0 12447.0 13878.0 11679.0 15340.0 
12841.0 15359.0 15867.0 9941.0 11480.0 7187.0 5210.0 10933.0 10517.0 10324.0 11600.0 11169.0 15232.0 0 5351.0 10666.0 11721.0 11133.0 10972.0 14405.0 12594.0 13419.0 12222.0 12167.0 15686.0 12478.0 10451.0 10440.0 12433.0 14807.0 12503.0 9175.0 12518.0 11879.0 12324.0 14343.0 
12844.0 11962.0 16339.0 15292.0 13252.0 12538.0 10561.0 11778.0 9721.0 6184.0 11838.0 11800.0 12146.0 5351.0 0 5315.0 9309.0 14975.0 14800.0 10430.0 7243.0 11996.0 13900.0 13240.0 13287.0 14590.0 9846.0 5666.0 10676.0 14053.0 16801.0 14526.0 13674.0 10398.0 13180.0 11708.0 
12282.0 12285.0 13530.0 10890.0 15452.0 7399.0 13321.0 13134.0 12509.0 11499.0 12090.0 13765.0 11116.0 10666.0 5315.0 0 5323.0 10846.0 10920.0 15745.0 10287.0 13631.0 12219.0 15546.0 11570.0 13743.0 15161.0 8486.0 10591.0 10660.0 15982.0 11812.0 15699.0 10952.0 14148.0 6822.0 
13292.0 16157.0 11986.0 16210.0 16158.0 11649.0 13135.0 12332.0 13095.0 12322.0 16895.0 15391.0 10089.0 11721.0 9309.0 5323.0 0 5666.0 13148.0 15576.0 13392.0 16170.0 14734.0 14679.0 10466.0 14223.0 12817.0 13809.0 12246.0 9482.0 12050.0 13428.0 14049.0 16275.0 14612.0 11698.0 
13003.0 17398.0 8414.0 10544.0 10492.0 10103.0 15603.0 12130.0 7429.0 10971.0 15254.0 14761.0 15591.0 11133.0 14975.0 10846.0 5666.0 0 11324.0 9910.0 12538.0 13338.0 16485.0 10546.0 11887.0 15435.0 10691.0 16132.0 11583.0 11737.0 10961.0 11334.0 10425.0 16917.0 14846.0 13919.0 
12965.0 10629.0 13040.0 9829.0 13099.0 12737.0 15490.0 16706.0 17540.0 14452.0 8798.0 12505.0 12783.0 10972.0 14800.0 10920.0 13148.0 11324.0 0 8699.0 14704.0 14970.0 14214.0 12123.0 12274.0 11187.0 12595.0 12496.0 14565.0 8992.0 16668.0 15429.0 12001.0 11950.0 12396.0 9505.0 
12160.0 12791.0 11854.0 15632.0 14081.0 15327.0 15272.0 13456.0 13764.0 15451.0 13343.0 10317.0 9808.0 14405.0 10430.0 15745.0 15576.0 9910.0 8699.0 0 6925.0 15315.0 12479.0 13444.0 16067.0 16180.0 13417.0 11824.0 9610.0 8574.0 16889.0 9911.0 8318.0 10903.0 13257.0 11712.0 
7461.0 7212.0 12783.0 15178.0 9607.0 13200.0 13523.0 10625.0 14435.0 10588.0 10922.0 10763.0 16065.0 12594.0 7243.0 10287.0 13392.0 12538.0 14704.0 6925.0 0 10643.0 13269.0 15516.0 11495.0 13868.0 11867.0 12354.0 9083.0 13108.0 11944.0 11001.0 13318.0 14370.0 12822.0 12352.0 
13951.0 11444.0 9300.0 5778.0 9548.0 6232.0 12154.0 12564.0 15297.0 12669.0 7780.0 10988.0 6081.0 13419.0 11996.0 13631.0 16170.0 13338.0 14970.0 15315.0 10643.0 0 5387.0 11490.0 6975.0 12028.0 13138.0 11197.0 14168.0 6741.0 13330.0 13140.0 12463.0 8975.0 11154.0 13554.0 
11227.0 6057.0 10493.0 11165.0 12465.0 10379.0 10502.0 16225.0 15726.0 15354.0 13167.0 12861.0 11468.0 12222.0 13900.0 12219.0 14734.0 16485.0 14214.0 12479.0 13269.0 5387.0 0 6103.0 8594.0 11515.0 11030.0 13356.0 8781.0 12128.0 8579.0 12450.0 13829.0 11170.0 13986.0 15745.0 
15165.0 9995.0 11761.0 6709.0 12280.0 10978.0 13558.0 16001.0 12842.0 11008.0 14847.0 12243.0 14992.0 12167.0 13240.0 15546.0 14679.0 10546.0 12123.0 13444.0 15516.0 11490.0 6103.0 0 13132.0 8079.0 10950.0 16106.0 12458.0 15440.0 13328.0 11998.0 11300.0 16044.0 13805.0 13952.0 
12484.0 14021.0 14839.0 12753.0 16276.0 13207.0 11388.0 12678.0 8555.0 10237.0 6669.0 5750.0 10596.0 15686.0 13287.0 11570.0 10466.0 11887.0 12274.0 16067.0 11495.0 6975.0 8594.0 13132.0 0 5053.0 10560.0 15793.0 11551.0 10866.0 9682.0 10144.0 9680.0 14547.0 15107.0 12090.0 
9892.0 13407.0 12475.0 12206.0 11223.0 12233.0 16441.0 13648.0 9958.0 14024.0 8370.0 10803.0 13682.0 12478.0 14590.0 13743.0 14223.0 15435.0 11187.0 16180.0 13868.0 12028.0 11515.0 8079.0 5053.0 0 5507.0 13530.0 12301.0 9997.0 12757.0 11643.0 11823.0 14807.0 14223.0 7555.0 
12955.0 14210.0 6968.0 10467.0 11705.0 8498.0 13041.0 13400.0 10742.0 13719.0 12045.0 14823.0 14145.0 10451.0 9846.0 15161.0 12817.0 10691.0 12595.0 13417.0 11867.0 13138.0 11030.0 10950.0 10560.0 5507.0 0 13474.0 10721.0 12808.0 7691.0 13610.0 8413.0 10764.0 15734.0 11777.0 
10080.0 7299.0 10673.0 12878.0 11255.0 11294.0 12121.0 7962.0 11378.0 11850.0 13510.0 13962.0 8660.0 10440.0 5666.0 8486.0 13809.0 16132.0 12496.0 11824.0 12354.0 11197.0 13356.0 16106.0 15793.0 13530.0 13474.0 0 5010.0 15046.0 13175.0 14183.0 13191.0 7312.0 7514.0 12526.0 
14489.0 9319.0 11135.0 13405.0 13123.0 11616.0 12366.0 12697.0 6945.0 9718.0 8500.0 13807.0 9534.0 12433.0 10676.0 10591.0 12246.0 11583.0 14565.0 9610.0 9083.0 14168.0 8781.0 12458.0 11551.0 12301.0 10721.0 5010.0 0 10036.0 8165.0 13122.0 11938.0 5797.0 11258.0 11206.0 
13030.0 15083.0 10474.0 12519.0 14028.0 9999.0 12742.0 16687.0 15098.0 12682.0 13552.0 9755.0 12822.0 14807.0 14053.0 10660.0 9482.0 11737.0 8992.0 8574.0 13108.0 6741.0 12128.0 15440.0 10866.0 9997.0 12808.0 15046.0 10036.0 0 16376.0 14865.0 10984.0 13355.0 13285.0 15624.0 
8137.0 13307.0 6406.0 12332.0 11083.0 9366.0 13385.0 16061.0 12044.0 13524.0 7870.0 11539.0 13583.0 12503.0 16801.0 15982.0 12050.0 10961.0 16668.0 16889.0 11944.0 13330.0 8579.0 13328.0 9682.0 12757.0 7691.0 13175.0 8165.0 16376.0 0 10422.0 8571.0 13962.0 11562.0 13597.0 
6418.0 11503.0 13288.0 7362.0 12933.0 10507.0 14042.0 11573.0 11996.0 12747.0 7093.0 12400.0 9093.0 9175.0 14526.0 11812.0 13428.0 11334.0 15429.0 9911.0 11001.0 13140.0 12450.0 11998.0 10144.0 11643.0 13610.0 14183.0 13122.0 14865.0 10422.0 0 5268.0 12285.0 11481.0 10752.0 
11686.0 12116.0 13429.0 11587.0 14059.0 9561.0 15253.0 14928.0 16437.0 11584.0 11685.0 12838.0 12447.0 12518.0 13674.0 15699.0 14049.0 10425.0 12001.0 8318.0 13318.0 12463.0 13829.0 11300.0 9680.0 11823.0 8413.0 13191.0 11938.0 10984.0 8571.0 5268.0 0 11286.0 12404.0 12031.0 
13726.0 14611.0 14849.0 11345.0 7326.0 7000.0 12623.0 6900.0 12742.0 12011.0 14145.0 16786.0 13878.0 11879.0 10398.0 10952.0 16275.0 16917.0 11950.0 10903.0 14370.0 8975.0 11170.0 16044.0 14547.0 14807.0 10764.0 7312.0 5797.0 13355.0 13962.0 12285.0 11286.0 0 11223.0 12907.0 
11905.0 8935.0 11591.0 14189.0 14089.0 12720.0 12950.0 12086.0 7417.0 11716.0 8438.0 13745.0 11679.0 12324.0 13180.0 14148.0 14612.0 14846.0 12396.0 13257.0 12822.0 11154.0 13986.0 13805.0 15107.0 14223.0 15734.0 7514.0 11258.0 13285.0 11562.0 11481.0 12404.0 11223.0 0 7524.0 
5460.0 10630.0 13778.0 16045.0 11827.0 12661.0 12882.0 12317.0 11496.0 7548.0 13202.0 12689.0 15340.0 14343.0 11708.0 6822.0 11698.0 13919.0 9505.0 11712.0 12352.0 13554.0 15745.0 13952.0 12090.0 7555.0 11777.0 12526.0 11206.0 15624.0 13597.0 10752.0 12031.0 12907.0 7524.0 0 
