19
XZRBuctXhYPbWardFSZS CcspnGXfrmzZRWjdMjLd oMKDNkBacLxexXKHqXfF VVzvLIOwARaWwhQTKPrx eqwycKZriorIAbsUBjxu tItiZloipgPmLuONrNnZ ikjgYLaZRolSrbIYyKBd NBTlGJqSnWahMvuDlXAm hpQFeVriPZmwKZcYFAWN rqqedkokePZFdhDbMNpX IuNNJvHSmYKpVBzmzuJX znYRMYifzQwyixuIXDnz DsLevMWgWFWOQXFMbaQy CCYBPFZgoOONzoEeTKzC JKNUHFrXPStBWMuUOVkj UMfDYlvFlUVuogMRkWNG hNRcEeFjmsmOnuOdNAXl eWGFHgdBASXJbxQbYrCG oUyBZvEHNPOWtAsHANHU
0 17.0 38.0 70.0 59.0 59.0 48.0 39.0 43.0 39.0 55.0 72.0 52.0 39.0 59.0 96.0 63.0 46.0 23.0 
17.0 0 21.0 55.0 51.0 48.0 37.0 22.0 26.0 22.0 38.0 55.0 35.0 22.0 42.0 79.0 46.0 63.0 40.0 
38.0 21.0 0 34.0 45.0 52.0 52.0 43.0 47.0 43.0 59.0 76.0 56.0 43.0 63.0 100.0 63.0 82.0 61.0 
70.0 55.0 34.0 0 11.0 18.0 29.0 47.0 51.0 67.0 83.0 100.0 78.0 43.0 32.0 69.0 30.0 49.0 54.0 
59.0 51.0 45.0 11.0 0 7.0 18.0 36.0 40.0 56.0 72.0 89.0 67.0 32.0 21.0 58.0 19.0 38.0 43.0 
59.0 48.0 52.0 18.0 7.0 0 11.0 29.0 46.0 49.0 65.0 82.0 73.0 34.0 14.0 51.0 26.0 45.0 36.0 
48.0 37.0 52.0 29.0 18.0 11.0 0 18.0 35.0 38.0 54.0 71.0 62.0 45.0 25.0 62.0 37.0 48.0 25.0 
39.0 22.0 43.0 47.0 36.0 29.0 18.0 0 17.0 20.0 36.0 53.0 44.0 44.0 43.0 80.0 55.0 66.0 43.0 
43.0 26.0 47.0 51.0 40.0 46.0 35.0 17.0 0 16.0 32.0 49.0 27.0 48.0 60.0 97.0 59.0 78.0 60.0 
39.0 22.0 43.0 67.0 56.0 49.0 38.0 20.0 16.0 0 16.0 33.0 43.0 44.0 63.0 100.0 68.0 85.0 62.0 
55.0 38.0 59.0 83.0 72.0 65.0 54.0 36.0 32.0 16.0 0 17.0 40.0 60.0 79.0 116.0 84.0 79.0 56.0 
72.0 55.0 76.0 100.0 89.0 82.0 71.0 53.0 49.0 33.0 17.0 0 23.0 77.0 96.0 133.0 101.0 96.0 73.0 
52.0 35.0 56.0 78.0 67.0 73.0 62.0 44.0 27.0 43.0 40.0 23.0 0 57.0 77.0 114.0 81.0 90.0 67.0 
39.0 22.0 43.0 43.0 32.0 34.0 45.0 44.0 48.0 44.0 60.0 77.0 57.0 0 20.0 57.0 51.0 70.0 62.0 
59.0 42.0 63.0 32.0 21.0 14.0 25.0 43.0 60.0 63.0 79.0 96.0 77.0 20.0 0 37.0 40.0 59.0 50.0 
96.0 79.0 100.0 69.0 58.0 51.0 62.0 80.0 97.0 100.0 116.0 133.0 114.0 57.0 37.0 0 77.0 96.0 87.0 
63.0 46.0 63.0 30.0 19.0 26.0 37.0 55.0 59.0 68.0 84.0 101.0 81.0 51.0 40.0 77.0 0 19.0 42.0 
46.0 63.0 82.0 49.0 38.0 45.0 48.0 66.0 78.0 85.0 79.0 96.0 90.0 70.0 59.0 96.0 19.0 0 23.0 
23.0 40.0 61.0 54.0 43.0 36.0 25.0 43.0 60.0 62.0 56.0 73.0 67.0 62.0 50.0 87.0 42.0 23.0 0 
