26
A99 A95 A90 A85 A80 A79 A75 A70 A71 A74 A65 A60 A54 A50 A49 A40 A35 A29 A25 A20 A21 A24 A11 A10 A4 A0
0 9.0 69.0 81.0 94.0 104.0 116.0 268.0 272.0 259.0 328.0 340.0 363.0 375.0 441.0 506.0 494.0 471.0 459.0 325.0 329.0 316.0 253.0 235.0 212.0 200.0 
9.0 0 78.0 90.0 103.0 113.0 125.0 277.0 281.0 268.0 337.0 349.0 372.0 384.0 450.0 515.0 503.0 480.0 468.0 334.0 338.0 325.0 262.0 244.0 221.0 209.0 
69.0 78.0 0 12.0 25.0 35.0 47.0 199.0 203.0 190.0 259.0 271.0 294.0 306.0 372.0 441.0 453.0 476.0 488.0 394.0 398.0 385.0 322.0 304.0 281.0 269.0 
81.0 90.0 12.0 0 13.0 23.0 35.0 187.0 191.0 178.0 247.0 259.0 282.0 294.0 360.0 429.0 441.0 464.0 476.0 406.0 410.0 397.0 334.0 316.0 293.0 281.0 
94.0 103.0 25.0 13.0 0 10.0 22.0 174.0 178.0 165.0 234.0 246.0 269.0 281.0 347.0 416.0 428.0 451.0 463.0 419.0 423.0 410.0 347.0 329.0 306.0 294.0 
104.0 113.0 35.0 23.0 10.0 0 12.0 164.0 168.0 155.0 224.0 236.0 259.0 271.0 337.0 406.0 418.0 441.0 453.0 429.0 433.0 420.0 357.0 339.0 316.0 304.0 
116.0 125.0 47.0 35.0 22.0 12.0 0 152.0 156.0 143.0 212.0 224.0 247.0 259.0 325.0 394.0 406.0 429.0 441.0 441.0 445.0 432.0 369.0 351.0 328.0 316.0 
268.0 277.0 199.0 187.0 174.0 164.0 152.0 0 12.0 9.0 78.0 90.0 113.0 125.0 191.0 260.0 272.0 295.0 307.0 459.0 463.0 450.0 521.0 503.0 480.0 468.0 
272.0 281.0 203.0 191.0 178.0 168.0 156.0 12.0 0 13.0 82.0 94.0 117.0 129.0 195.0 264.0 276.0 299.0 311.0 463.0 467.0 454.0 525.0 507.0 484.0 472.0 
259.0 268.0 190.0 178.0 165.0 155.0 143.0 9.0 13.0 0 69.0 81.0 104.0 116.0 182.0 251.0 263.0 286.0 298.0 450.0 454.0 441.0 512.0 494.0 471.0 459.0 
328.0 337.0 259.0 247.0 234.0 224.0 212.0 78.0 82.0 69.0 0 12.0 35.0 47.0 113.0 182.0 194.0 217.0 229.0 381.0 385.0 372.0 471.0 453.0 476.0 488.0 
340.0 349.0 271.0 259.0 246.0 236.0 224.0 90.0 94.0 81.0 12.0 0 23.0 35.0 101.0 170.0 182.0 205.0 217.0 369.0 373.0 360.0 459.0 441.0 464.0 476.0 
363.0 372.0 294.0 282.0 269.0 259.0 247.0 113.0 117.0 104.0 35.0 23.0 0 12.0 78.0 147.0 159.0 182.0 194.0 346.0 350.0 337.0 436.0 418.0 441.0 453.0 
375.0 384.0 306.0 294.0 281.0 271.0 259.0 125.0 129.0 116.0 47.0 35.0 12.0 0 66.0 135.0 147.0 170.0 182.0 334.0 338.0 325.0 424.0 406.0 429.0 441.0 
441.0 450.0 372.0 360.0 347.0 337.0 325.0 191.0 195.0 182.0 113.0 101.0 78.0 66.0 0 69.0 81.0 104.0 116.0 268.0 272.0 259.0 358.0 340.0 363.0 375.0 
506.0 515.0 441.0 429.0 416.0 406.0 394.0 260.0 264.0 251.0 182.0 170.0 147.0 135.0 69.0 0 12.0 35.0 47.0 199.0 203.0 190.0 289.0 271.0 294.0 306.0 
494.0 503.0 453.0 441.0 428.0 418.0 406.0 272.0 276.0 263.0 194.0 182.0 159.0 147.0 81.0 12.0 0 23.0 35.0 187.0 191.0 178.0 277.0 259.0 282.0 294.0 
471.0 480.0 476.0 464.0 451.0 441.0 429.0 295.0 299.0 286.0 217.0 205.0 182.0 170.0 104.0 35.0 23.0 0 12.0 164.0 168.0 155.0 254.0 236.0 259.0 271.0 
459.0 468.0 488.0 476.0 463.0 453.0 441.0 307.0 311.0 298.0 229.0 217.0 194.0 182.0 116.0 47.0 35.0 12.0 0 152.0 156.0 143.0 242.0 224.0 247.0 259.0 
325.0 334.0 394.0 406.0 419.0 429.0 441.0 459.0 463.0 450.0 381.0 369.0 346.0 334.0 268.0 199.0 187.0 164.0 152.0 0 12.0 9.0 108.0 90.0 113.0 125.0 
329.0 338.0 398.0 410.0 423.0 433.0 445.0 463.0 467.0 454.0 385.0 373.0 350.0 338.0 272.0 203.0 191.0 168.0 156.0 12.0 0 13.0 112.0 94.0 117.0 129.0 
316.0 325.0 385.0 397.0 410.0 420.0 432.0 450.0 454.0 441.0 372.0 360.0 337.0 325.0 259.0 190.0 178.0 155.0 143.0 9.0 13.0 0 99.0 81.0 104.0 116.0 
253.0 262.0 322.0 334.0 347.0 357.0 369.0 521.0 525.0 512.0 471.0 459.0 436.0 424.0 358.0 289.0 277.0 254.0 242.0 108.0 112.0 99.0 0 18.0 41.0 53.0 
235.0 244.0 304.0 316.0 329.0 339.0 351.0 503.0 507.0 494.0 453.0 441.0 418.0 406.0 340.0 271.0 259.0 236.0 224.0 90.0 94.0 81.0 18.0 0 23.0 35.0 
212.0 221.0 281.0 293.0 306.0 316.0 328.0 480.0 484.0 471.0 476.0 464.0 441.0 429.0 363.0 294.0 282.0 259.0 247.0 113.0 117.0 104.0 41.0 23.0 0 12.0 
200.0 209.0 269.0 281.0 294.0 304.0 316.0 468.0 472.0 459.0 488.0 476.0 453.0 441.0 375.0 306.0 294.0 271.0 259.0 125.0 129.0 116.0 53.0 35.0 12.0 0 
