53
A199 A195 A190 A185 A179 A175 A170 A171 A174 A165 A160 A154 A150 A145 A146 A149 A140 A135 A130 A129 A125 A124 A111 A110 A104 A100 A99 A90 A85 A79 A75 A70 A71 A74 A65 A60 A55 A54 A50 A45 A46 A49 A40 A35 A30 A29 A25 A24 A15 A10 A5 A4 A0
0 9.0 69.0 81.0 104.0 116.0 250.0 254.0 241.0 310.0 322.0 345.0 357.0 443.0 447.0 434.0 503.0 515.0 528.0 538.0 550.0 675.0 774.0 756.0 779.0 791.0 802.0 871.0 883.0 887.0 875.0 759.0 763.0 750.0 681.0 669.0 656.0 646.0 634.0 566.0 570.0 557.0 488.0 476.0 463.0 453.0 441.0 316.0 247.0 235.0 222.0 212.0 200.0 
9.0 0 78.0 90.0 113.0 125.0 259.0 263.0 250.0 319.0 331.0 354.0 366.0 452.0 456.0 443.0 512.0 524.0 537.0 547.0 559.0 684.0 783.0 765.0 788.0 800.0 811.0 880.0 892.0 896.0 884.0 768.0 772.0 759.0 690.0 678.0 665.0 655.0 643.0 575.0 579.0 566.0 497.0 485.0 472.0 462.0 450.0 325.0 256.0 244.0 231.0 221.0 209.0 
69.0 78.0 0 12.0 35.0 47.0 181.0 185.0 172.0 241.0 253.0 276.0 288.0 374.0 378.0 365.0 434.0 446.0 459.0 469.0 481.0 606.0 705.0 687.0 710.0 722.0 733.0 802.0 814.0 837.0 849.0 828.0 832.0 819.0 750.0 738.0 725.0 715.0 703.0 635.0 639.0 626.0 557.0 545.0 532.0 522.0 510.0 385.0 316.0 304.0 291.0 281.0 269.0 
81.0 90.0 12.0 0 23.0 35.0 169.0 173.0 160.0 229.0 241.0 264.0 276.0 362.0 366.0 353.0 422.0 434.0 447.0 457.0 469.0 594.0 693.0 675.0 698.0 710.0 721.0 790.0 802.0 825.0 837.0 840.0 844.0 831.0 762.0 750.0 737.0 727.0 715.0 647.0 651.0 638.0 569.0 557.0 544.0 534.0 522.0 397.0 328.0 316.0 303.0 293.0 281.0 
104.0 113.0 35.0 23.0 0 12.0 146.0 150.0 137.0 206.0 218.0 241.0 253.0 339.0 343.0 330.0 399.0 411.0 424.0 434.0 446.0 571.0 670.0 652.0 675.0 687.0 698.0 767.0 779.0 802.0 814.0 863.0 867.0 854.0 785.0 773.0 760.0 750.0 738.0 670.0 674.0 661.0 592.0 580.0 567.0 557.0 545.0 420.0 351.0 339.0 326.0 316.0 304.0 
116.0 125.0 47.0 35.0 12.0 0 134.0 138.0 125.0 194.0 206.0 229.0 241.0 327.0 331.0 318.0 387.0 399.0 412.0 422.0 434.0 559.0 658.0 640.0 663.0 675.0 686.0 755.0 767.0 790.0 802.0 875.0 879.0 866.0 797.0 785.0 772.0 762.0 750.0 682.0 686.0 673.0 604.0 592.0 579.0 569.0 557.0 432.0 363.0 351.0 338.0 328.0 316.0 
250.0 259.0 181.0 169.0 146.0 134.0 0 12.0 9.0 78.0 90.0 113.0 125.0 211.0 215.0 202.0 271.0 283.0 296.0 306.0 318.0 443.0 542.0 524.0 547.0 559.0 570.0 639.0 651.0 674.0 686.0 820.0 824.0 811.0 880.0 892.0 905.0 896.0 884.0 816.0 820.0 807.0 738.0 726.0 713.0 703.0 691.0 566.0 497.0 485.0 472.0 462.0 450.0 
254.0 263.0 185.0 173.0 150.0 138.0 12.0 0 13.0 82.0 94.0 117.0 129.0 215.0 219.0 206.0 275.0 287.0 300.0 310.0 322.0 447.0 546.0 528.0 551.0 563.0 574.0 643.0 655.0 678.0 690.0 824.0 828.0 815.0 884.0 896.0 909.0 900.0 888.0 820.0 824.0 811.0 742.0 730.0 717.0 707.0 695.0 570.0 501.0 489.0 476.0 466.0 454.0 
241.0 250.0 172.0 160.0 137.0 125.0 9.0 13.0 0 69.0 81.0 104.0 116.0 202.0 206.0 193.0 262.0 274.0 287.0 297.0 309.0 434.0 533.0 515.0 538.0 550.0 561.0 630.0 642.0 665.0 677.0 811.0 815.0 802.0 871.0 883.0 896.0 887.0 875.0 807.0 811.0 798.0 729.0 717.0 704.0 694.0 682.0 557.0 488.0 476.0 463.0 453.0 441.0 
310.0 319.0 241.0 229.0 206.0 194.0 78.0 82.0 69.0 0 12.0 35.0 47.0 133.0 137.0 124.0 193.0 205.0 218.0 228.0 240.0 365.0 464.0 446.0 469.0 481.0 492.0 561.0 573.0 596.0 608.0 742.0 746.0 733.0 802.0 814.0 827.0 837.0 849.0 876.0 880.0 867.0 798.0 786.0 773.0 763.0 751.0 626.0 557.0 545.0 532.0 522.0 510.0 
322.0 331.0 253.0 241.0 218.0 206.0 90.0 94.0 81.0 12.0 0 23.0 35.0 121.0 125.0 112.0 181.0 193.0 206.0 216.0 228.0 353.0 452.0 434.0 457.0 469.0 480.0 549.0 561.0 584.0 596.0 730.0 734.0 721.0 790.0 802.0 815.0 825.0 837.0 888.0 892.0 879.0 810.0 798.0 785.0 775.0 763.0 638.0 569.0 557.0 544.0 534.0 522.0 
345.0 354.0 276.0 264.0 241.0 229.0 113.0 117.0 104.0 35.0 23.0 0 12.0 98.0 102.0 89.0 158.0 170.0 183.0 193.0 205.0 330.0 429.0 411.0 434.0 446.0 457.0 526.0 538.0 561.0 573.0 707.0 711.0 698.0 767.0 779.0 792.0 802.0 814.0 900.0 904.0 891.0 833.0 821.0 808.0 798.0 786.0 661.0 592.0 580.0 567.0 557.0 545.0 
357.0 366.0 288.0 276.0 253.0 241.0 125.0 129.0 116.0 47.0 35.0 12.0 0 86.0 90.0 77.0 146.0 158.0 171.0 181.0 193.0 318.0 417.0 399.0 422.0 434.0 445.0 514.0 526.0 549.0 561.0 695.0 699.0 686.0 755.0 767.0 780.0 790.0 802.0 888.0 892.0 879.0 845.0 833.0 820.0 810.0 798.0 673.0 604.0 592.0 579.0 569.0 557.0 
443.0 452.0 374.0 362.0 339.0 327.0 211.0 215.0 202.0 133.0 121.0 98.0 86.0 0 12.0 9.0 78.0 90.0 103.0 113.0 125.0 250.0 349.0 331.0 354.0 366.0 377.0 446.0 458.0 481.0 493.0 627.0 631.0 618.0 687.0 699.0 712.0 722.0 734.0 820.0 824.0 811.0 880.0 892.0 905.0 896.0 884.0 759.0 690.0 678.0 665.0 655.0 643.0 
447.0 456.0 378.0 366.0 343.0 331.0 215.0 219.0 206.0 137.0 125.0 102.0 90.0 12.0 0 13.0 82.0 94.0 107.0 117.0 129.0 254.0 353.0 335.0 358.0 370.0 381.0 450.0 462.0 485.0 497.0 631.0 635.0 622.0 691.0 703.0 716.0 726.0 738.0 824.0 828.0 815.0 884.0 896.0 909.0 900.0 888.0 763.0 694.0 682.0 669.0 659.0 647.0 
434.0 443.0 365.0 353.0 330.0 318.0 202.0 206.0 193.0 124.0 112.0 89.0 77.0 9.0 13.0 0 69.0 81.0 94.0 104.0 116.0 241.0 340.0 322.0 345.0 357.0 368.0 437.0 449.0 472.0 484.0 618.0 622.0 609.0 678.0 690.0 703.0 713.0 725.0 811.0 815.0 802.0 871.0 883.0 896.0 887.0 875.0 750.0 681.0 669.0 656.0 646.0 634.0 
503.0 512.0 434.0 422.0 399.0 387.0 271.0 275.0 262.0 193.0 181.0 158.0 146.0 78.0 82.0 69.0 0 12.0 25.0 35.0 47.0 172.0 271.0 253.0 276.0 288.0 299.0 368.0 380.0 403.0 415.0 549.0 553.0 540.0 609.0 621.0 634.0 644.0 656.0 742.0 746.0 733.0 802.0 814.0 827.0 837.0 849.0 819.0 750.0 738.0 725.0 715.0 703.0 
515.0 524.0 446.0 434.0 411.0 399.0 283.0 287.0 274.0 205.0 193.0 170.0 158.0 90.0 94.0 81.0 12.0 0 13.0 23.0 35.0 160.0 259.0 241.0 264.0 276.0 287.0 356.0 368.0 391.0 403.0 537.0 541.0 528.0 597.0 609.0 622.0 632.0 644.0 730.0 734.0 721.0 790.0 802.0 815.0 825.0 837.0 831.0 762.0 750.0 737.0 727.0 715.0 
528.0 537.0 459.0 447.0 424.0 412.0 296.0 300.0 287.0 218.0 206.0 183.0 171.0 103.0 107.0 94.0 25.0 13.0 0 10.0 22.0 147.0 246.0 228.0 251.0 263.0 274.0 343.0 355.0 378.0 390.0 524.0 528.0 515.0 584.0 596.0 609.0 619.0 631.0 717.0 721.0 708.0 777.0 789.0 802.0 812.0 824.0 844.0 775.0 763.0 750.0 740.0 728.0 
538.0 547.0 469.0 457.0 434.0 422.0 306.0 310.0 297.0 228.0 216.0 193.0 181.0 113.0 117.0 104.0 35.0 23.0 10.0 0 12.0 137.0 236.0 218.0 241.0 253.0 264.0 333.0 345.0 368.0 380.0 514.0 518.0 505.0 574.0 586.0 599.0 609.0 621.0 707.0 711.0 698.0 767.0 779.0 792.0 802.0 814.0 854.0 785.0 773.0 760.0 750.0 738.0 
550.0 559.0 481.0 469.0 446.0 434.0 318.0 322.0 309.0 240.0 228.0 205.0 193.0 125.0 129.0 116.0 47.0 35.0 22.0 12.0 0 125.0 224.0 206.0 229.0 241.0 252.0 321.0 333.0 356.0 368.0 502.0 506.0 493.0 562.0 574.0 587.0 597.0 609.0 695.0 699.0 686.0 755.0 767.0 780.0 790.0 802.0 866.0 797.0 785.0 772.0 762.0 750.0 
675.0 684.0 606.0 594.0 571.0 559.0 443.0 447.0 434.0 365.0 353.0 330.0 318.0 250.0 254.0 241.0 172.0 160.0 147.0 137.0 125.0 0 99.0 81.0 104.0 116.0 127.0 196.0 208.0 231.0 243.0 377.0 381.0 368.0 437.0 449.0 462.0 472.0 484.0 570.0 574.0 561.0 630.0 642.0 655.0 665.0 677.0 802.0 871.0 883.0 896.0 887.0 875.0 
774.0 783.0 705.0 693.0 670.0 658.0 542.0 546.0 533.0 464.0 452.0 429.0 417.0 349.0 353.0 340.0 271.0 259.0 246.0 236.0 224.0 99.0 0 18.0 41.0 53.0 64.0 133.0 145.0 168.0 180.0 314.0 318.0 305.0 374.0 386.0 399.0 409.0 421.0 507.0 511.0 498.0 567.0 579.0 592.0 602.0 614.0 739.0 808.0 820.0 833.0 843.0 855.0 
756.0 765.0 687.0 675.0 652.0 640.0 524.0 528.0 515.0 446.0 434.0 411.0 399.0 331.0 335.0 322.0 253.0 241.0 228.0 218.0 206.0 81.0 18.0 0 23.0 35.0 46.0 115.0 127.0 150.0 162.0 296.0 300.0 287.0 356.0 368.0 381.0 391.0 403.0 489.0 493.0 480.0 549.0 561.0 574.0 584.0 596.0 721.0 790.0 802.0 815.0 825.0 837.0 
779.0 788.0 710.0 698.0 675.0 663.0 547.0 551.0 538.0 469.0 457.0 434.0 422.0 354.0 358.0 345.0 276.0 264.0 251.0 241.0 229.0 104.0 41.0 23.0 0 12.0 23.0 92.0 104.0 127.0 139.0 273.0 277.0 264.0 333.0 345.0 358.0 368.0 380.0 466.0 470.0 457.0 526.0 538.0 551.0 561.0 573.0 698.0 767.0 779.0 792.0 802.0 814.0 
791.0 800.0 722.0 710.0 687.0 675.0 559.0 563.0 550.0 481.0 469.0 446.0 434.0 366.0 370.0 357.0 288.0 276.0 263.0 253.0 241.0 116.0 53.0 35.0 12.0 0 11.0 80.0 92.0 115.0 127.0 261.0 265.0 252.0 321.0 333.0 346.0 356.0 368.0 454.0 458.0 445.0 514.0 526.0 539.0 549.0 561.0 686.0 755.0 767.0 780.0 790.0 802.0 
802.0 811.0 733.0 721.0 698.0 686.0 570.0 574.0 561.0 492.0 480.0 457.0 445.0 377.0 381.0 368.0 299.0 287.0 274.0 264.0 252.0 127.0 64.0 46.0 23.0 11.0 0 69.0 81.0 104.0 116.0 250.0 254.0 241.0 310.0 322.0 335.0 345.0 357.0 443.0 447.0 434.0 503.0 515.0 528.0 538.0 550.0 675.0 744.0 756.0 769.0 779.0 791.0 
871.0 880.0 802.0 790.0 767.0 755.0 639.0 643.0 630.0 561.0 549.0 526.0 514.0 446.0 450.0 437.0 368.0 356.0 343.0 333.0 321.0 196.0 133.0 115.0 92.0 80.0 69.0 0 12.0 35.0 47.0 181.0 185.0 172.0 241.0 253.0 266.0 276.0 288.0 374.0 378.0 365.0 434.0 446.0 459.0 469.0 481.0 606.0 675.0 687.0 700.0 710.0 722.0 
883.0 892.0 814.0 802.0 779.0 767.0 651.0 655.0 642.0 573.0 561.0 538.0 526.0 458.0 462.0 449.0 380.0 368.0 355.0 345.0 333.0 208.0 145.0 127.0 104.0 92.0 81.0 12.0 0 23.0 35.0 169.0 173.0 160.0 229.0 241.0 254.0 264.0 276.0 362.0 366.0 353.0 422.0 434.0 447.0 457.0 469.0 594.0 663.0 675.0 688.0 698.0 710.0 
887.0 896.0 837.0 825.0 802.0 790.0 674.0 678.0 665.0 596.0 584.0 561.0 549.0 481.0 485.0 472.0 403.0 391.0 378.0 368.0 356.0 231.0 168.0 150.0 127.0 115.0 104.0 35.0 23.0 0 12.0 146.0 150.0 137.0 206.0 218.0 231.0 241.0 253.0 339.0 343.0 330.0 399.0 411.0 424.0 434.0 446.0 571.0 640.0 652.0 665.0 675.0 687.0 
875.0 884.0 849.0 837.0 814.0 802.0 686.0 690.0 677.0 608.0 596.0 573.0 561.0 493.0 497.0 484.0 415.0 403.0 390.0 380.0 368.0 243.0 180.0 162.0 139.0 127.0 116.0 47.0 35.0 12.0 0 134.0 138.0 125.0 194.0 206.0 219.0 229.0 241.0 327.0 331.0 318.0 387.0 399.0 412.0 422.0 434.0 559.0 628.0 640.0 653.0 663.0 675.0 
759.0 768.0 828.0 840.0 863.0 875.0 820.0 824.0 811.0 742.0 730.0 707.0 695.0 627.0 631.0 618.0 549.0 537.0 524.0 514.0 502.0 377.0 314.0 296.0 273.0 261.0 250.0 181.0 169.0 146.0 134.0 0 12.0 9.0 78.0 90.0 103.0 113.0 125.0 211.0 215.0 202.0 271.0 283.0 296.0 306.0 318.0 443.0 512.0 524.0 537.0 547.0 559.0 
763.0 772.0 832.0 844.0 867.0 879.0 824.0 828.0 815.0 746.0 734.0 711.0 699.0 631.0 635.0 622.0 553.0 541.0 528.0 518.0 506.0 381.0 318.0 300.0 277.0 265.0 254.0 185.0 173.0 150.0 138.0 12.0 0 13.0 82.0 94.0 107.0 117.0 129.0 215.0 219.0 206.0 275.0 287.0 300.0 310.0 322.0 447.0 516.0 528.0 541.0 551.0 563.0 
750.0 759.0 819.0 831.0 854.0 866.0 811.0 815.0 802.0 733.0 721.0 698.0 686.0 618.0 622.0 609.0 540.0 528.0 515.0 505.0 493.0 368.0 305.0 287.0 264.0 252.0 241.0 172.0 160.0 137.0 125.0 9.0 13.0 0 69.0 81.0 94.0 104.0 116.0 202.0 206.0 193.0 262.0 274.0 287.0 297.0 309.0 434.0 503.0 515.0 528.0 538.0 550.0 
681.0 690.0 750.0 762.0 785.0 797.0 880.0 884.0 871.0 802.0 790.0 767.0 755.0 687.0 691.0 678.0 609.0 597.0 584.0 574.0 562.0 437.0 374.0 356.0 333.0 321.0 310.0 241.0 229.0 206.0 194.0 78.0 82.0 69.0 0 12.0 25.0 35.0 47.0 133.0 137.0 124.0 193.0 205.0 218.0 228.0 240.0 365.0 434.0 446.0 459.0 469.0 481.0 
669.0 678.0 738.0 750.0 773.0 785.0 892.0 896.0 883.0 814.0 802.0 779.0 767.0 699.0 703.0 690.0 621.0 609.0 596.0 586.0 574.0 449.0 386.0 368.0 345.0 333.0 322.0 253.0 241.0 218.0 206.0 90.0 94.0 81.0 12.0 0 13.0 23.0 35.0 121.0 125.0 112.0 181.0 193.0 206.0 216.0 228.0 353.0 422.0 434.0 447.0 457.0 469.0 
656.0 665.0 725.0 737.0 760.0 772.0 905.0 909.0 896.0 827.0 815.0 792.0 780.0 712.0 716.0 703.0 634.0 622.0 609.0 599.0 587.0 462.0 399.0 381.0 358.0 346.0 335.0 266.0 254.0 231.0 219.0 103.0 107.0 94.0 25.0 13.0 0 10.0 22.0 108.0 112.0 99.0 168.0 180.0 193.0 203.0 215.0 340.0 409.0 421.0 434.0 444.0 456.0 
646.0 655.0 715.0 727.0 750.0 762.0 896.0 900.0 887.0 837.0 825.0 802.0 790.0 722.0 726.0 713.0 644.0 632.0 619.0 609.0 597.0 472.0 409.0 391.0 368.0 356.0 345.0 276.0 264.0 241.0 229.0 113.0 117.0 104.0 35.0 23.0 10.0 0 12.0 98.0 102.0 89.0 158.0 170.0 183.0 193.0 205.0 330.0 399.0 411.0 424.0 434.0 446.0 
634.0 643.0 703.0 715.0 738.0 750.0 884.0 888.0 875.0 849.0 837.0 814.0 802.0 734.0 738.0 725.0 656.0 644.0 631.0 621.0 609.0 484.0 421.0 403.0 380.0 368.0 357.0 288.0 276.0 253.0 241.0 125.0 129.0 116.0 47.0 35.0 22.0 12.0 0 86.0 90.0 77.0 146.0 158.0 171.0 181.0 193.0 318.0 387.0 399.0 412.0 422.0 434.0 
566.0 575.0 635.0 647.0 670.0 682.0 816.0 820.0 807.0 876.0 888.0 900.0 888.0 820.0 824.0 811.0 742.0 730.0 717.0 707.0 695.0 570.0 507.0 489.0 466.0 454.0 443.0 374.0 362.0 339.0 327.0 211.0 215.0 202.0 133.0 121.0 108.0 98.0 86.0 0 12.0 9.0 78.0 90.0 103.0 113.0 125.0 250.0 319.0 331.0 344.0 354.0 366.0 
570.0 579.0 639.0 651.0 674.0 686.0 820.0 824.0 811.0 880.0 892.0 904.0 892.0 824.0 828.0 815.0 746.0 734.0 721.0 711.0 699.0 574.0 511.0 493.0 470.0 458.0 447.0 378.0 366.0 343.0 331.0 215.0 219.0 206.0 137.0 125.0 112.0 102.0 90.0 12.0 0 13.0 82.0 94.0 107.0 117.0 129.0 254.0 323.0 335.0 348.0 358.0 370.0 
557.0 566.0 626.0 638.0 661.0 673.0 807.0 811.0 798.0 867.0 879.0 891.0 879.0 811.0 815.0 802.0 733.0 721.0 708.0 698.0 686.0 561.0 498.0 480.0 457.0 445.0 434.0 365.0 353.0 330.0 318.0 202.0 206.0 193.0 124.0 112.0 99.0 89.0 77.0 9.0 13.0 0 69.0 81.0 94.0 104.0 116.0 241.0 310.0 322.0 335.0 345.0 357.0 
488.0 497.0 557.0 569.0 592.0 604.0 738.0 742.0 729.0 798.0 810.0 833.0 845.0 880.0 884.0 871.0 802.0 790.0 777.0 767.0 755.0 630.0 567.0 549.0 526.0 514.0 503.0 434.0 422.0 399.0 387.0 271.0 275.0 262.0 193.0 181.0 168.0 158.0 146.0 78.0 82.0 69.0 0 12.0 25.0 35.0 47.0 172.0 241.0 253.0 266.0 276.0 288.0 
476.0 485.0 545.0 557.0 580.0 592.0 726.0 730.0 717.0 786.0 798.0 821.0 833.0 892.0 896.0 883.0 814.0 802.0 789.0 779.0 767.0 642.0 579.0 561.0 538.0 526.0 515.0 446.0 434.0 411.0 399.0 283.0 287.0 274.0 205.0 193.0 180.0 170.0 158.0 90.0 94.0 81.0 12.0 0 13.0 23.0 35.0 160.0 229.0 241.0 254.0 264.0 276.0 
463.0 472.0 532.0 544.0 567.0 579.0 713.0 717.0 704.0 773.0 785.0 808.0 820.0 905.0 909.0 896.0 827.0 815.0 802.0 792.0 780.0 655.0 592.0 574.0 551.0 539.0 528.0 459.0 447.0 424.0 412.0 296.0 300.0 287.0 218.0 206.0 193.0 183.0 171.0 103.0 107.0 94.0 25.0 13.0 0 10.0 22.0 147.0 216.0 228.0 241.0 251.0 263.0 
453.0 462.0 522.0 534.0 557.0 569.0 703.0 707.0 694.0 763.0 775.0 798.0 810.0 896.0 900.0 887.0 837.0 825.0 812.0 802.0 790.0 665.0 602.0 584.0 561.0 549.0 538.0 469.0 457.0 434.0 422.0 306.0 310.0 297.0 228.0 216.0 203.0 193.0 181.0 113.0 117.0 104.0 35.0 23.0 10.0 0 12.0 137.0 206.0 218.0 231.0 241.0 253.0 
441.0 450.0 510.0 522.0 545.0 557.0 691.0 695.0 682.0 751.0 763.0 786.0 798.0 884.0 888.0 875.0 849.0 837.0 824.0 814.0 802.0 677.0 614.0 596.0 573.0 561.0 550.0 481.0 469.0 446.0 434.0 318.0 322.0 309.0 240.0 228.0 215.0 205.0 193.0 125.0 129.0 116.0 47.0 35.0 22.0 12.0 0 125.0 194.0 206.0 219.0 229.0 241.0 
316.0 325.0 385.0 397.0 420.0 432.0 566.0 570.0 557.0 626.0 638.0 661.0 673.0 759.0 763.0 750.0 819.0 831.0 844.0 854.0 866.0 802.0 739.0 721.0 698.0 686.0 675.0 606.0 594.0 571.0 559.0 443.0 447.0 434.0 365.0 353.0 340.0 330.0 318.0 250.0 254.0 241.0 172.0 160.0 147.0 137.0 125.0 0 69.0 81.0 94.0 104.0 116.0 
247.0 256.0 316.0 328.0 351.0 363.0 497.0 501.0 488.0 557.0 569.0 592.0 604.0 690.0 694.0 681.0 750.0 762.0 775.0 785.0 797.0 871.0 808.0 790.0 767.0 755.0 744.0 675.0 663.0 640.0 628.0 512.0 516.0 503.0 434.0 422.0 409.0 399.0 387.0 319.0 323.0 310.0 241.0 229.0 216.0 206.0 194.0 69.0 0 12.0 25.0 35.0 47.0 
235.0 244.0 304.0 316.0 339.0 351.0 485.0 489.0 476.0 545.0 557.0 580.0 592.0 678.0 682.0 669.0 738.0 750.0 763.0 773.0 785.0 883.0 820.0 802.0 779.0 767.0 756.0 687.0 675.0 652.0 640.0 524.0 528.0 515.0 446.0 434.0 421.0 411.0 399.0 331.0 335.0 322.0 253.0 241.0 228.0 218.0 206.0 81.0 12.0 0 13.0 23.0 35.0 
222.0 231.0 291.0 303.0 326.0 338.0 472.0 476.0 463.0 532.0 544.0 567.0 579.0 665.0 669.0 656.0 725.0 737.0 750.0 760.0 772.0 896.0 833.0 815.0 792.0 780.0 769.0 700.0 688.0 665.0 653.0 537.0 541.0 528.0 459.0 447.0 434.0 424.0 412.0 344.0 348.0 335.0 266.0 254.0 241.0 231.0 219.0 94.0 25.0 13.0 0 10.0 22.0 
212.0 221.0 281.0 293.0 316.0 328.0 462.0 466.0 453.0 522.0 534.0 557.0 569.0 655.0 659.0 646.0 715.0 727.0 740.0 750.0 762.0 887.0 843.0 825.0 802.0 790.0 779.0 710.0 698.0 675.0 663.0 547.0 551.0 538.0 469.0 457.0 444.0 434.0 422.0 354.0 358.0 345.0 276.0 264.0 251.0 241.0 229.0 104.0 35.0 23.0 10.0 0 12.0 
200.0 209.0 269.0 281.0 304.0 316.0 450.0 454.0 441.0 510.0 522.0 545.0 557.0 643.0 647.0 634.0 703.0 715.0 728.0 738.0 750.0 875.0 855.0 837.0 814.0 802.0 791.0 722.0 710.0 687.0 675.0 559.0 563.0 550.0 481.0 469.0 456.0 446.0 434.0 366.0 370.0 357.0 288.0 276.0 263.0 253.0 241.0 116.0 47.0 35.0 22.0 12.0 0 
