12
A49 A45 A40 A35 A30 A29 A25 A24 A15 A10 A4 A0
0 9.0 69.0 81.0 94.0 104.0 116.0 237.0 247.0 235.0 212.0 200.0 
9.0 0 78.0 90.0 103.0 113.0 125.0 246.0 256.0 244.0 221.0 209.0 
69.0 78.0 0 12.0 25.0 35.0 47.0 168.0 237.0 249.0 272.0 269.0 
81.0 90.0 12.0 0 13.0 23.0 35.0 156.0 225.0 237.0 260.0 272.0 
94.0 103.0 25.0 13.0 0 10.0 22.0 143.0 212.0 224.0 247.0 259.0 
104.0 113.0 35.0 23.0 10.0 0 12.0 133.0 202.0 214.0 237.0 249.0 
116.0 125.0 47.0 35.0 22.0 12.0 0 121.0 190.0 202.0 225.0 237.0 
237.0 246.0 168.0 156.0 143.0 133.0 121.0 0 69.0 81.0 104.0 116.0 
247.0 256.0 237.0 225.0 212.0 202.0 190.0 69.0 0 12.0 35.0 47.0 
235.0 244.0 249.0 237.0 224.0 214.0 202.0 81.0 12.0 0 23.0 35.0 
212.0 221.0 272.0 260.0 247.0 237.0 225.0 104.0 35.0 23.0 0 12.0 
200.0 209.0 269.0 272.0 259.0 249.0 237.0 116.0 47.0 35.0 12.0 0 
