30
18 24 16 34 33 45 10 47 37 11 30 2 19 14 32 13 48 36 28 78 49 35 25 42 41 9 15 4 40 0
0 200.0 239.0 432.0 406.0 408.0 290.0 216.0 281.0 230.0 427.0 209.0 422.0 258.0 265.0 283.0 422.0 408.0 272.0 417.0 416.0 425.0 421.0 253.0 422.0 244.0 420.0 243.0 286.0 200.0 
200.0 0 203.0 406.0 292.0 437.0 412.0 416.0 259.0 423.0 432.0 407.0 244.0 434.0 215.0 439.0 229.0 431.0 244.0 287.0 232.0 421.0 228.0 450.0 276.0 418.0 435.0 213.0 438.0 262.0 
239.0 203.0 0 203.0 279.0 428.0 423.0 254.0 461.0 429.0 426.0 204.0 256.0 430.0 412.0 424.0 421.0 438.0 290.0 453.0 411.0 218.0 263.0 267.0 208.0 299.0 411.0 413.0 413.0 221.0 
432.0 406.0 203.0 0 203.0 410.0 413.0 416.0 427.0 416.0 413.0 407.0 209.0 261.0 209.0 252.0 431.0 255.0 413.0 252.0 283.0 270.0 424.0 286.0 280.0 416.0 237.0 210.0 300.0 245.0 
406.0 292.0 279.0 203.0 0 207.0 435.0 420.0 254.0 261.0 226.0 419.0 280.0 244.0 274.0 220.0 272.0 433.0 283.0 419.0 231.0 433.0 245.0 220.0 220.0 422.0 434.0 413.0 437.0 297.0 
408.0 437.0 428.0 410.0 207.0 0 283.0 417.0 300.0 222.0 216.0 414.0 225.0 441.0 299.0 295.0 426.0 269.0 294.0 428.0 438.0 226.0 427.0 406.0 222.0 272.0 227.0 266.0 417.0 262.0 
290.0 412.0 423.0 413.0 435.0 283.0 0 232.0 421.0 213.0 406.0 284.0 245.0 222.0 286.0 297.0 204.0 406.0 448.0 219.0 406.0 272.0 427.0 229.0 215.0 279.0 430.0 412.0 412.0 247.0 
216.0 416.0 254.0 416.0 420.0 417.0 232.0 0 219.0 267.0 436.0 278.0 236.0 212.0 207.0 431.0 432.0 240.0 286.0 226.0 233.0 224.0 236.0 255.0 234.0 218.0 423.0 257.0 406.0 203.0 
281.0 259.0 461.0 427.0 254.0 300.0 421.0 219.0 0 293.0 262.0 430.0 218.0 431.0 258.0 434.0 241.0 210.0 244.0 280.0 265.0 244.0 403.0 429.0 273.0 237.0 441.0 258.0 221.0 240.0 
230.0 423.0 429.0 416.0 261.0 222.0 213.0 267.0 293.0 0 271.0 290.0 415.0 296.0 424.0 430.0 408.0 416.0 272.0 412.0 229.0 406.0 422.0 433.0 295.0 243.0 217.0 247.0 427.0 211.0 
427.0 432.0 426.0 413.0 226.0 216.0 406.0 436.0 262.0 271.0 0 300.0 419.0 413.0 418.0 408.0 405.0 407.0 273.0 409.0 266.0 218.0 425.0 444.0 244.0 253.0 417.0 259.0 255.0 243.0 
209.0 407.0 204.0 407.0 419.0 414.0 284.0 278.0 430.0 290.0 300.0 0 279.0 259.0 295.0 249.0 292.0 420.0 445.0 419.0 207.0 216.0 253.0 272.0 412.0 421.0 405.0 269.0 209.0 241.0 
422.0 244.0 256.0 209.0 280.0 225.0 245.0 236.0 218.0 415.0 419.0 279.0 0 269.0 418.0 230.0 411.0 428.0 417.0 264.0 290.0 415.0 420.0 261.0 404.0 437.0 223.0 419.0 224.0 234.0 
258.0 434.0 430.0 261.0 244.0 441.0 222.0 212.0 431.0 296.0 413.0 259.0 269.0 0 274.0 250.0 252.0 238.0 441.0 410.0 253.0 436.0 420.0 415.0 236.0 299.0 426.0 221.0 403.0 228.0 
265.0 215.0 412.0 209.0 274.0 299.0 286.0 207.0 258.0 424.0 418.0 295.0 418.0 274.0 0 430.0 432.0 230.0 425.0 416.0 409.0 413.0 435.0 294.0 403.0 412.0 416.0 254.0 244.0 291.0 
283.0 439.0 424.0 252.0 220.0 295.0 297.0 431.0 434.0 430.0 408.0 249.0 230.0 250.0 430.0 0 210.0 412.0 434.0 423.0 239.0 218.0 270.0 416.0 216.0 266.0 441.0 427.0 251.0 268.0 
422.0 229.0 421.0 431.0 272.0 426.0 204.0 432.0 241.0 408.0 405.0 292.0 411.0 252.0 432.0 210.0 0 202.0 405.0 213.0 208.0 424.0 241.0 221.0 407.0 457.0 412.0 437.0 432.0 267.0 
408.0 431.0 438.0 255.0 433.0 269.0 406.0 240.0 210.0 416.0 407.0 420.0 428.0 238.0 230.0 412.0 202.0 0 203.0 402.0 410.0 405.0 418.0 406.0 252.0 264.0 432.0 419.0 230.0 218.0 
272.0 244.0 290.0 413.0 283.0 294.0 448.0 286.0 244.0 272.0 273.0 445.0 417.0 441.0 425.0 434.0 405.0 203.0 0 272.0 293.0 465.0 292.0 273.0 426.0 434.0 441.0 228.0 423.0 298.0 
417.0 287.0 453.0 252.0 419.0 428.0 219.0 226.0 280.0 412.0 409.0 419.0 264.0 410.0 416.0 423.0 213.0 402.0 272.0 0 243.0 293.0 287.0 270.0 409.0 299.0 231.0 263.0 271.0 260.0 
416.0 232.0 411.0 283.0 231.0 438.0 406.0 233.0 265.0 229.0 266.0 207.0 290.0 253.0 409.0 239.0 208.0 410.0 293.0 243.0 0 216.0 265.0 429.0 276.0 435.0 431.0 256.0 415.0 276.0 
425.0 421.0 218.0 270.0 433.0 226.0 272.0 224.0 244.0 406.0 218.0 216.0 415.0 436.0 413.0 218.0 424.0 405.0 465.0 293.0 216.0 0 262.0 413.0 426.0 421.0 258.0 416.0 259.0 284.0 
421.0 228.0 263.0 424.0 245.0 427.0 427.0 236.0 403.0 422.0 425.0 253.0 420.0 420.0 435.0 270.0 241.0 418.0 292.0 287.0 265.0 262.0 0 291.0 407.0 432.0 283.0 260.0 210.0 281.0 
253.0 450.0 267.0 286.0 220.0 406.0 229.0 255.0 429.0 433.0 444.0 272.0 261.0 415.0 294.0 416.0 221.0 406.0 273.0 270.0 429.0 413.0 291.0 0 200.0 402.0 423.0 284.0 258.0 249.0 
422.0 276.0 208.0 280.0 220.0 222.0 215.0 234.0 273.0 295.0 244.0 412.0 404.0 236.0 403.0 216.0 407.0 252.0 426.0 409.0 276.0 426.0 407.0 200.0 0 202.0 245.0 229.0 251.0 263.0 
244.0 418.0 299.0 416.0 422.0 272.0 279.0 218.0 237.0 243.0 253.0 421.0 437.0 299.0 412.0 266.0 457.0 264.0 434.0 299.0 435.0 421.0 432.0 402.0 202.0 0 214.0 267.0 406.0 267.0 
420.0 435.0 411.0 237.0 434.0 227.0 430.0 423.0 441.0 217.0 417.0 405.0 223.0 426.0 416.0 441.0 412.0 432.0 441.0 231.0 431.0 258.0 283.0 423.0 245.0 214.0 0 271.0 294.0 257.0 
243.0 213.0 413.0 210.0 413.0 266.0 412.0 257.0 258.0 247.0 259.0 269.0 419.0 221.0 254.0 427.0 437.0 419.0 228.0 263.0 256.0 416.0 260.0 284.0 229.0 267.0 271.0 0 282.0 201.0 
286.0 438.0 413.0 300.0 437.0 417.0 412.0 406.0 221.0 427.0 255.0 209.0 224.0 403.0 244.0 251.0 432.0 230.0 423.0 271.0 415.0 259.0 210.0 258.0 251.0 406.0 294.0 282.0 0 283.0 
200.0 262.0 221.0 245.0 297.0 262.0 247.0 203.0 240.0 211.0 243.0 241.0 234.0 228.0 291.0 268.0 267.0 218.0 298.0 260.0 276.0 284.0 281.0 249.0 263.0 267.0 257.0 201.0 283.0 0 
