39
L64 L80 L19 L29 L35 L16 L31 L66 L82 L30 L8 L56 L69 L3 L12 L26 L92 L97 L95 L15 L85 L57 L55 L84 L6 L51 L2 L18 L50 L1 L67 L11 L23 L4 L83 L39 L89 L63 Soda
0 21.31722 34.42269 36.45754 32.23415 53.061620000000005 47.57025 50.592420000000004 55.083420000000004 47.09122 52.21629 47.44059 29.87207 60.638819999999996 55.316990000000004 49.344359999999995 44.78459 46.51457 47.16755 44.73605 53.03775 32.87868 55.00036 52.13131 58.896060000000006 50.78586 48.64644 26.07252 48.45815 58.2264 23.61141 43.930989999999994 45.375249999999994 58.21585 48.36514 47.426010000000005 56.66578 50.40633 29.32378 
21.31722 0 23.02762 43.319379999999995 47.366119999999995 44.93712 26.25303 46.71067 52.86804 53.27045 48.334540000000004 42.909040000000005 28.74399 50.5428 41.66934 42.121570000000006 47.002030000000005 25.19735 25.85033 23.41883 46.06031 50.216 48.44019 49.246579999999994 47.50099 30.30992 47.37425 24.80033 29.59697 51.73104 44.92863 48.161 51.00591 46.82078 47.09295 49.92232 42.377520000000004 42.485150000000004 42.61268 
34.42269 23.02762 0 20.29176 42.43002 48.10267 43.14237 44.88984 55.25914 48.35879 50.54074 47.039640000000006 51.771609999999995 49.1964 47.127970000000005 43.98292 45.42477 41.74169 48.87795 32.68878 49.84585 44.58231 46.76162 26.21896 24.47337 33.74292 49.67592 45.5523 23.16667 44.25618 47.74319 43.865219999999994 44.026740000000004 23.79316 44.345079999999996 45.492990000000006 23.51498 44.18647 41.34992 
36.45754 43.319379999999995 20.29176 0 22.13826 42.96573 22.85061 44.16281 56.05546 50.428529999999995 45.22231 32.27059 35.28181 49.96378 26.83621 23.69116 48.21119 48.11407 57.34505 25.25031 47.89179 44.454499999999996 53.531099999999995 46.51072 44.76513 31.32289 41.786159999999995 44.974109999999996 43.45843 23.96442 41.189679999999996 44.758579999999995 34.40536 44.08492 38.29549 49.722049999999996 43.806740000000005 42.79639 44.592439999999996 
32.23415 47.366119999999995 42.43002 22.13826 0 20.82747 41.63532 48.16224 53.346959999999996 51.631190000000004 51.32222 47.83076 29.99527 28.40467 48.97447 45.82942 55.36226 48.230760000000004 47.04356 37.16512 51.421589999999995 50.600530000000006 34.34777 56.767610000000005 50.35302 53.46115 45.40977 22.83585 45.22148 46.10268 50.84154 49.58079 53.74789 27.06556 24.61387 45.40687 53.42911 47.458870000000005 48.662000000000006 
53.061620000000005 44.93712 48.10267 42.96573 20.82747 0 20.80785 42.03974 45.36653 50.81428 43.38454 49.55713 50.82274 44.93344999999999 42.77599 54.64622 45.35958 57.27627 42.71469 44.52776 49.93213 29.77306 54.99838 51.65521 51.82123 46.75174 49.09054 43.36138 56.60354 54.846940000000004 51.52229 42.715819999999994 60.60457 44.69848 45.44134 55.98049 54.63947 41.66833 33.88112 
47.57025 26.25303 43.14237 22.85061 41.63532 20.80785 0 21.3122 33.20485 38.98945 53.61924 32.38928 54.54476 58.14714 49.68682 42.994429999999994 53.28025 36.46842 52.103359999999995 23.99049 46.63197 50.58091 43.47573 42.37222 58.42809 53.23469 28.28269 37.5176 52.10286 46.81503 42.227549999999994 21.90797 43.62636 42.408879999999996 28.65238 50.35492 50.798519999999996 45.71085 24.6283 
50.592420000000004 46.71067 44.88984 44.16281 48.16224 42.03974 21.3122 0 21.1063 43.94879 42.8601 48.55873 49.62823 46.048590000000004 52.305009999999996 47.61106 44.83514 48.70526 53.06975 44.75668 48.752520000000004 47.7605 22.16353 21.06002 42.99511 48.41696 23.46496 42.83694 30.79066 52.92473 45.3558 43.220169999999996 25.41882 21.09668 41.6486 35.66231 46.28813 41.14389 29.63203 
55.083420000000004 52.86804 55.25914 56.05546 53.346959999999996 45.36653 33.20485 21.1063 0 22.84249 23.00523 44.23519 56.67013 24.94229 31.19871 36.07427 48.16193 59.1368 31.96345 55.721140000000005 37.41291 57.571979999999996 43.26983 42.16632 37.57861 57.90263 44.57126 37.01004 50.5543 35.77242 57.005 55.11282 46.52512 42.20298 59.197869999999995 33.81042 51.94685 44.47068 32.54202 
47.09122 53.27045 48.35879 50.428529999999995 51.631190000000004 50.81428 38.98945 43.94879 22.84249 0 24.93148 46.16144 56.35165 47.78478 25.62842 46.05916 46.13621 54.82311 54.80594000000001 48.225629999999995 55.18888 57.74765 47.53409 51.62862 55.28282 54.06 53.502250000000004 51.36819 28.98256 35.34686 55.04978 47.08086 30.85845 24.56563 45.117549999999994 45.12032000000001 50.528909999999996 36.55031 38.56952 
52.21629 48.334540000000004 50.54074 45.22231 51.32222 43.38454 53.61924 42.8601 23.00523 24.93148 0 21.22996 33.6649 29.54294 45.76432 42.56429 44.35737 56.136939999999996 54.28853 32.71591 53.01673 50.30542 52.01868 52.985079999999996 35.45574 45.69639 51.3301 33.3973 43.39196 21.25789 51.05795 48.340239999999994 51.5957 43.1937 36.19264 21.43418 43.41219 42.488690000000005 43.67606 
47.44059 42.909040000000005 47.039640000000006 32.27059 47.83076 49.55713 32.38928 48.55873 44.23519 46.16144 21.22996 0 23.12393 38.40487 48.13347 41.21327 23.12741 42.60162 51.129099999999994 50.373540000000006 49.43382 29.27475 47.531890000000004 31.75512 44.757549999999995 52.60291 51.0287 43.72716 37.48328 42.487849999999995 46.91068 54.29725 47.711569999999995 50.762119999999996 47.73802 42.66414 23.52466 44.21136 42.83198 
29.87207 28.74399 51.771609999999995 35.28181 29.99527 50.82274 54.54476 49.62823 56.67013 56.35165 33.6649 23.12393 0 33.05018 51.4617 54.80368 46.25134 48.08072 46.63633 30.55427 53.195750000000004 52.39868 51.29026 28.56821 45.9577 59.05391 58.46044 38.77675 46.73259 35.42569 38.78395 55.02311 46.27604 49.06082 53.476169999999996 27.3013 46.56217 51.58124 46.52832 
60.638819999999996 50.5428 49.1964 49.96378 28.40467 44.93344999999999 58.14714 46.048590000000004 24.94229 47.78478 29.54294 38.40487 33.05018 0 36.94054 57.37128 38.06942 56.472390000000004 24.74559 56.328630000000004 62.355199999999996 54.0711 38.38769 54.692710000000005 57.41514 49.76957 67.13759 48.9533 52.57936 50.800830000000005 55.61349 58.59592 51.36444 50.81348 53.01854 34.97067 56.948679999999996 47.672470000000004 51.49898 
55.316990000000004 41.66934 47.127970000000005 26.83621 48.97447 42.77599 49.68682 52.305009999999996 31.19871 25.62842 45.76432 48.13347 51.4617 36.94054 0 20.43074 44.95077 48.73435 43.57506 52.08652 35.02064 34.14182 44.76813 49.90989 50.07590999999999 47.61211 43.1578 52.1131 48.20289 35.31967 50.0325 41.5172 42.62298 46.089659999999995 48.08022 24.33014 46.30815 36.42485 44.25062 
49.344359999999995 42.121570000000006 43.98292 23.69116 45.82942 54.64622 42.994429999999994 47.61106 36.07427 46.05916 42.56429 41.21327 54.80368 57.37128 20.43074 0 24.52003 41.81415 50.53115 45.39305 32.70593 24.87316 37.81077 47.54136 46.61661 38.14314 47.72361 51.516310000000004 43.440470000000005 21.3064 41.40604 21.08646 22.19224 37.9761 51.326260000000005 36.78801 44.07525 45.2421 42.04451 
44.78459 47.002030000000005 45.42477 48.21119 55.36226 45.35958 53.28025 44.83514 48.16193 46.13621 44.35737 23.12741 46.25134 38.06942 44.95077 24.52003 0 21.80468 56.73412 55.75546 56.945660000000004 49.39319 48.346410000000006 34.27164 38.12324 45.54224 48.398070000000004 32.52641 41.547160000000005 45.82643 49.296369999999996 45.606489999999994 45.12989 36.1796 45.42157 49.665279999999996 43.86314 23.17644 44.25899 
46.51457 25.19735 41.74169 48.11407 48.230760000000004 57.27627 36.46842 48.70526 59.1368 54.82311 56.136939999999996 42.60162 48.08072 56.472390000000004 48.73435 41.81415 21.80468 0 38.8118 48.61618 52.46574 32.30667 26.54173 49.26378 31.56484 52.783 49.529889999999995 45.90951 50.6974 45.369209999999995 49.47525 44.532129999999995 47.98048 44.16881 23.61689 49.79176 33.07445 32.7742 42.01683 
47.16755 25.85033 48.87795 57.34505 47.04356 42.71469 52.103359999999995 53.06975 31.96345 54.80594000000001 54.28853 51.129099999999994 46.63633 24.74559 43.57506 50.53115 56.73412 38.8118 0 49.26916 38.2635 54.52719 51.297889999999995 50.479910000000004 55.196380000000005 35.00623 46.78163 24.20771 46.59334 43.92482 62.18068 60.82869 52.85838 53.4362 46.50033 52.4997 54.80097 50.758669999999995 48.02526 
44.73605 23.41883 32.68878 25.25031 37.16512 44.52776 23.99049 44.75668 55.721140000000005 48.225629999999995 32.71591 50.373540000000006 30.55427 56.328630000000004 52.08652 45.39305 55.75546 48.61618 49.26916 0 22.64148 42.80055 46.628460000000004 52.82779 37.44362 53.728750000000005 52.273179999999996 32.97538 53.0158 38.08843 29.58878 45.89846 53.15943 23.66 44.21192 45.41952 48.972350000000006 44.053309999999996 48.618790000000004 
53.03775 46.06031 49.84585 47.89179 51.421589999999995 49.93213 46.63197 48.752520000000004 37.41291 55.18888 53.01673 49.43382 53.195750000000004 62.355199999999996 35.02064 32.70593 56.945660000000004 52.46574 38.2635 22.64148 0 20.15907 34.48373 45.68522 45.85124 52.51075 53.66283 44.765280000000004 35.59033 54.012330000000006 52.23026 51.39304 54.89817000000001 45.771739999999994 58.58525 48.30888 26.33087 47.01757 57.89928 
32.87868 50.216 44.58231 44.454499999999996 50.600530000000006 29.77306 50.58091 47.7605 57.571979999999996 57.74765 50.30542 29.27475 52.39868 54.0711 34.14182 24.87316 49.39319 32.30667 54.52719 42.80055 20.15907 0 25.59697 48.02261 53.06466 32.35168 48.13001 30.31948 31.42075 38.12345 44.07864 35.19038 35.25665 48.56543 44.839330000000004 49.59389 28.46751 32.98161 53.29125 
55.00036 48.44019 46.76162 53.531099999999995 34.34777 54.99838 43.47573 22.16353 43.26983 47.53409 52.01868 47.531890000000004 51.29026 38.38769 44.76813 37.81077 48.346410000000006 26.54173 51.297889999999995 46.628460000000004 34.48373 25.59697 0 22.72205 44.65714 31.11625 28.7499 51.32382 50.120580000000004 46.83491 31.38895 45.483689999999996 47.582350000000005 22.96846 34.35044 44.72798 47.95016 43.36177 48.36313 
52.13131 49.246579999999994 26.21896 46.51072 56.767610000000005 51.65521 42.37222 21.06002 42.16632 51.62862 52.985079999999996 31.75512 28.56821 54.692710000000005 49.90989 47.54136 34.27164 49.26378 50.479910000000004 52.82779 45.68522 48.02261 22.72205 0 21.93509 43.15325 44.52498 55.28868 34.25821 50.860150000000004 46.77448 26.4549 46.35946 42.1567 49.825540000000004 47.20612 25.22811 28.73772 47.172219999999996 
58.896060000000006 47.50099 24.47337 44.76513 50.35302 51.82123 58.42809 42.99511 37.57861 55.28282 35.45574 44.757549999999995 45.9577 57.41514 50.07590999999999 46.61661 38.12324 31.56484 55.196380000000005 37.44362 45.85124 53.06466 44.65714 21.93509 0 21.21816 46.17016 33.39442 43.062129999999996 45.65666 44.57733 46.142759999999996 24.42437 48.26653 42.37223 46.57516 24.59715 43.583960000000005 42.85786 
50.78586 30.30992 33.74292 31.32289 53.46115 46.75174 53.23469 48.41696 57.90263 54.06 45.69639 52.60291 59.05391 49.76957 47.61211 38.14314 45.54224 52.783 35.00623 53.728750000000005 52.51075 32.35168 31.11625 43.15325 21.21816 0 24.952 47.52592 44.98992 24.4385 27.17445 47.494029999999995 45.64253 42.75911 54.93527 57.37789000000001 43.052499999999995 22.3658 43.448350000000005 
48.64644 47.37425 49.67592 41.786159999999995 45.40977 49.09054 28.28269 23.46496 44.57126 53.502250000000004 51.3301 51.0287 58.46044 67.13759 43.1578 47.72361 48.398070000000004 49.529889999999995 46.78163 52.273179999999996 53.66283 48.13001 28.7499 44.52498 46.17016 24.952 0 22.57392 43.52002 49.3905 52.126450000000006 50.190659999999994 41.65257 44.56164 33.48762 48.62674 36.33407 47.317800000000005 52.91099 
26.07252 24.80033 45.5523 44.974109999999996 22.83585 43.36138 37.5176 42.83694 37.01004 51.36819 33.3973 43.72716 38.77675 48.9533 52.1131 51.516310000000004 32.52641 45.90951 24.20771 32.97538 44.765280000000004 30.31948 51.32382 55.28868 33.39442 47.52592 22.57392 0 22.38563 44.5197 46.015789999999996 59.42557 46.81668 42.844539999999995 22.29262 38.26302 30.59326 26.55096 47.63351 
48.45815 29.59697 23.16667 43.45843 45.22148 56.60354 52.10286 30.79066 50.5543 28.98256 43.39196 37.48328 46.73259 52.57936 48.20289 43.440470000000005 41.547160000000005 50.6974 46.59334 53.0158 35.59033 31.42075 50.120580000000004 34.25821 43.062129999999996 44.98992 43.52002 22.38563 0 22.13407 36.09067 52.22922 51.14949 46.95983 27.47274 53.64761 43.6666 48.936589999999995 43.63275 
58.2264 51.73104 44.25618 23.96442 46.10268 54.846940000000004 46.81503 52.92473 35.77242 35.34686 21.25789 42.487849999999995 35.42569 50.800830000000005 35.31967 21.3064 45.82643 45.369209999999995 43.92482 38.08843 54.012330000000006 38.12345 46.83491 50.860150000000004 45.65666 24.4385 49.3905 44.5197 22.13407 0 48.001760000000004 42.39286 43.49864 51.972570000000005 47.67687 42.69207 60.84265 46.8043 43.91118 
23.61141 44.92863 47.74319 41.189679999999996 50.84154 51.52229 42.227549999999994 45.3558 57.005 55.04978 51.05795 46.91068 38.78395 55.61349 50.0325 41.40604 49.296369999999996 49.47525 62.18068 29.58878 52.23026 44.07864 31.38895 46.77448 44.57733 27.17445 52.126450000000006 46.015789999999996 36.09067 48.001760000000004 0 20.31958 42.03797 42.83481 56.88764 48.76653 50.84422 49.54025 49.336380000000005 
43.930989999999994 48.161 43.865219999999994 44.758579999999995 49.58079 42.715819999999994 21.90797 43.220169999999996 55.11282 47.08086 48.340239999999994 54.29725 55.02311 58.59592 41.5172 21.08646 45.606489999999994 44.532129999999995 60.82869 45.89846 51.39304 35.19038 45.483689999999996 26.4549 46.142759999999996 47.494029999999995 50.190659999999994 59.42557 52.22922 42.39286 20.31958 0 21.71839 22.51523 43.06715 28.44695 49.75269 42.90854 44.14036 
45.375249999999994 51.00591 44.026740000000004 34.40536 53.74789 60.60457 43.62636 25.41882 46.52512 30.85845 51.5957 47.711569999999995 46.27604 51.36444 42.62298 22.19224 45.12989 47.98048 52.85838 53.15943 54.89817000000001 35.25665 47.582350000000005 46.35946 24.42437 45.64253 41.65257 46.81668 51.14949 43.49864 42.03797 21.71839 0 35.89702 29.13402 50.16534 49.021519999999995 44.197050000000004 51.954930000000004 
58.21585 46.82078 23.79316 44.08492 27.06556 44.69848 42.408879999999996 21.09668 42.20298 24.56563 43.1937 50.762119999999996 49.06082 50.81348 46.089659999999995 37.9761 36.1796 44.16881 53.4362 23.66 45.771739999999994 48.56543 22.96846 42.1567 48.26653 42.75911 44.56164 42.844539999999995 46.95983 51.972570000000005 42.83481 22.51523 35.89702 0 20.55192 21.75952 27.23746 20.39331 41.47586 
48.36514 47.09295 44.345079999999996 38.29549 24.61387 45.44134 28.65238 41.6486 59.197869999999995 45.117549999999994 36.19264 47.73802 53.476169999999996 53.01854 48.08022 51.326260000000005 45.42157 23.61689 46.50033 44.21192 58.58525 44.839330000000004 34.35044 49.825540000000004 42.37223 54.93527 33.48762 22.29262 27.47274 47.67687 56.88764 43.06715 29.13402 20.55192 0 26.17487 47.789379999999994 40.945229999999995 53.280680000000004 
47.426010000000005 49.92232 45.492990000000006 49.722049999999996 45.40687 55.98049 50.35492 35.66231 33.81042 45.12032000000001 21.43418 42.66414 27.3013 34.97067 24.33014 36.78801 49.665279999999996 49.79176 52.4997 45.41952 48.30888 49.59389 44.72798 47.20612 46.57516 57.37789000000001 48.62674 38.26302 53.64761 42.69207 48.76653 28.44695 50.16534 21.75952 26.17487 0 21.97801 42.152829999999994 50.024820000000005 
56.66578 42.377520000000004 23.51498 43.806740000000005 53.42911 54.63947 50.798519999999996 46.28813 51.94685 50.528909999999996 43.41219 23.52466 46.56217 56.948679999999996 46.30815 44.07525 43.86314 33.07445 54.80097 48.972350000000006 26.33087 28.46751 47.95016 25.22811 24.59715 43.052499999999995 36.33407 30.59326 43.6666 60.84265 50.84422 49.75269 49.021519999999995 27.23746 47.789379999999994 21.97801 0 20.6867 41.76925 
50.40633 42.485150000000004 44.18647 42.79639 47.458870000000005 41.66833 45.71085 41.14389 44.47068 36.55031 42.488690000000005 44.21136 51.58124 47.672470000000004 36.42485 45.2421 23.17644 32.7742 50.758669999999995 44.053309999999996 47.01757 32.98161 43.36177 28.73772 43.583960000000005 22.3658 47.317800000000005 26.55096 48.936589999999995 46.8043 49.54025 42.90854 44.197050000000004 20.39331 40.945229999999995 42.152829999999994 20.6867 0 21.08255 
29.32378 42.61268 41.34992 44.592439999999996 48.662000000000006 33.88112 24.6283 29.63203 32.54202 38.56952 43.67606 42.83198 46.52832 51.49898 44.25062 42.04451 44.25899 42.01683 48.02526 48.618790000000004 57.89928 53.29125 48.36313 47.172219999999996 42.85786 43.448350000000005 52.91099 47.63351 43.63275 43.91118 49.336380000000005 44.14036 51.954930000000004 41.47586 53.280680000000004 50.024820000000005 41.76925 21.08255 0 
