77
L119 L101 L108 L126 L84 L12 L99 L27 L157 L114 L151 L171 L44 L34 L61 L85 L193 L81 L189 L76 L89 L14 L160 L9 L194 L188 L79 L186 L24 L121 L52 L177 L83 L98 L159 L11 L124 L68 L21 L191 L166 L163 L37 L167 L192 L70 L4 L150 L0 L190 L113 L50 L49 L149 L168 L54 L90 L125 L130 L97 L173 L103 L93 L32 L13 L117 L69 L135 L116 L75 L158 L115 L63 L35 L133 L169 Soda
0 20.31257 41.8735 29.81448 42.9313 47.599149999999995 44.2612 23.98402 37.92555 44.95631 43.55606 44.06233 46.548190000000005 46.0283 49.61495 50.00694 50.183229999999995 42.97417 43.074740000000006 35.11657 54.26097 46.74253 48.718230000000005 50.38754 42.777640000000005 48.50387 45.56428 33.12342 48.00763 46.289559999999994 45.18243 47.678709999999995 32.16052 37.15613 43.05012 43.80121 46.31755 43.30794 43.434020000000004 41.79374 24.30937 44.56622 42.08581 24.08481 23.75846 42.221000000000004 42.640060000000005 44.67169 49.59313 56.438719999999996 46.00627 43.79545 44.78015 42.183170000000004 40.88947 20.42641 21.97341 43.288880000000006 53.30064 36.43341 48.609880000000004 36.98064 45.312349999999995 43.77808 43.66554 32.30807 20.03323 40.68546 48.70964 54.481489999999994 47.1412 35.40589 46.98962 43.82582 48.469800000000006 46.78426 27.66713 
20.31257 0 21.56093 42.46861 48.15378 28.22436 43.622389999999996 44.29659 49.504009999999994 36.59108 32.16394 44.51967 44.22762 47.327 29.58256 45.13357 45.560680000000005 44.14707 43.71506 45.296260000000004 43.4444 30.20095 31.27055 45.238640000000004 41.539410000000004 44.71101 50.42173 37.96616 47.39536 44.71378 40.560050000000004 28.46709 44.20328 26.79457 42.008700000000005 35.36312 26.00498 36.99188 42.344409999999996 21.48117 42.67733 42.169219999999996 47.93735 44.39738 43.20806 47.35052 42.13485 47.558949999999996 50.43039 47.97038 26.33835 44.74413 44.84086 38.94631 20.5769 40.73898 42.28598 52.0756 45.84 43.42456 52.36274 48.94166 44.47961 23.46551 44.16094 45.66063 40.3458 22.32242 44.44157 48.07322 42.20921 47.61629 51.08373 42.784400000000005 45.68891 30.39918 25.31189 
41.8735 21.56093 0 20.90768 43.23004 41.15255 22.06146 42.33864 50.922830000000005 28.49354 46.001459999999994 38.50567 45.87675 45.626400000000004 43.61103 52.7556 45.858639999999994 52.79051 47.80953 30.15062 45.354169999999996 38.3237 35.61889 46.59054999999999 37.17443 51.17541 47.89962 37.45189 48.61874 41.61652 21.42177 25.07073 46.01265 43.01268 44.54983 47.24921 47.56591 47.39435 33.64268 43.0421 43.25626 49.22743 43.636970000000005 34.26413 45.589259999999996 27.14021 44.51605 49.939409999999995 46.384969999999996 38.50015 46.492490000000004 43.17884 44.65562 45.28988 20.40826 44.55661 49.332 50.39356 44.39384 31.22447 30.80181 30.89127 36.47023 45.026439999999994 28.76628 24.0997 41.36122 43.88335 30.9967 45.89556 20.64828 29.71615 49.10744 49.41856 54.21787 51.361689999999996 46.67127 
29.81448 42.46861 20.90768 0 22.32236 42.796530000000004 42.200559999999996 43.0878 49.65532 41.64756 51.68188 46.79145 43.07179 47.135999999999996 24.84221 36.6519 35.15985 47.22962 50.9019 45.12498 24.44649 46.35078 34.01674 41.778980000000004 47.77336 50.71794 44.8555 24.50834 43.5285 42.71856 42.329449999999994 45.97841 44.19848 44.23834 23.87102 43.994749999999996 45.97376 26.74239 29.7766 47.55788 35.3745 43.87314000000001 51.70053 46.709559999999996 42.037220000000005 47.99295 45.304410000000004 43.994020000000006 54.25728000000001 42.62225 46.936189999999996 34.84988 40.18343 48.25547 41.31594 42.761700000000005 50.7752 50.30368 23.48616 43.812870000000004 45.77164 49.236959999999996 28.02032 47.01063 35.56313 22.30479 41.91175 44.357389999999995 42.77179 41.119240000000005 21.75032 38.02413 41.53451 35.9054 49.10488 48.647059999999996 43.36461 
42.9313 48.15378 43.23004 22.32236 0 20.47417 41.04262 20.76544 40.98289 49.469409999999996 42.38942 40.84375 38.42248 50.49687 38.47263 46.35633 49.893950000000004 49.46817 43.30023 33.24856 46.76885 50.65069 45.94117 42.80261 28.0987 49.91332 42.67154 41.864999999999995 47.056020000000004 31.66364 25.91825 35.9019 51.22474 34.95829 40.84504 41.088 49.43477 43.01866 46.13335 48.34219 29.15621 30.0633 31.4503 52.5738 43.10212 41.93172 42.83968 48.216210000000004 46.45946 22.41472 44.04675 47.20399999999999 43.61761 37.68622 41.21846 44.402069999999995 49.08106 51.7774 45.80852 49.592569999999995 46.92665 48.60698 35.86085 24.68827 27.17043 34.71355 46.80145 50.13444 46.84873 49.7996 30.8234 49.01753 49.56366 46.597840000000005 45.65068 28.49438 31.8543 
47.599149999999995 28.22436 41.15255 42.796530000000004 20.47417 0 20.71344 40.99062 52.407889999999995 47.475629999999995 44.312529999999995 44.94437 25.02585 40.99895 43.94706 43.440160000000006 46.19467 43.228880000000004 30.25443 44.44642 48.986869999999996 48.48993 25.467 43.79934 41.7068 42.576 22.19737 27.75248 47.70478 45.54755 43.58493 23.21915 42.0783 42.61094 44.065889999999996 24.06176 28.9606 46.525909999999996 52.35689 45.46121 32.10786 20.78649 41.33654 49.547219999999996 46.32195 42.84791 22.52646 42.63538 41.75752 42.88889 45.81979 41.83082 44.5711 32.45027 20.74429 51.057140000000004 49.600629999999995 45.76611 43.52202 43.59195 26.45248 44.29239 43.72713 45.003209999999996 45.17071 47.38042 41.69725 41.91312 30.67601 43.783429999999996 45.44536 49.524069999999995 31.89302 31.30194 40.89685 26.3323 45.080079999999995 
44.2612 43.622389999999996 22.06146 42.200559999999996 41.04262 20.71344 0 20.27718 40.49463 42.572950000000006 24.69032 40.35549 45.73929 44.965410000000006 30.21126 49.689859999999996 33.51107 45.24255 45.12396 23.73298 32.39002 49.223 30.64801 34.84112 49.55474 51.41185 33.34653 48.46592 52.043859999999995 45.005160000000004 43.48323 43.37487 33.13086 46.55500000000001 40.35678 40.59974 34.43011 25.81247 43.57965 45.79228 50.59527 41.49993 31.19502 46.27045 43.27344 22.13447 41.54678 44.55857 42.2187 41.171440000000004 45.62507 21.11738 23.85766 32.32898 41.45773 45.79445 48.89516 53.66188 44.07658 49.024770000000004 43.173230000000004 50.419700000000006 44.40874 43.364360000000005 44.70326 46.161159999999995 45.382509999999996 46.13877 51.38945 46.022850000000005 42.70974 51.628969999999995 30.36853 44.49202 49.94417 47.045739999999995 26.4945 
23.98402 44.29659 42.33864 43.0878 20.76544 40.99062 20.27718 0 20.21745 42.64674 40.28662 20.07831 40.49386 46.93409 37.4954 43.177080000000004 46.25519 49.84099 44.774119999999996 44.01016 42.42327 42.946439999999996 49.97915 47.72403 45.42433 48.76365 44.04527 47.378640000000004 40.403369999999995 24.72798 45.13258 46.57541 42.491659999999996 42.51899 20.0796 20.32256 41.117670000000004 46.089650000000006 29.72957 41.72201 48.29339 35.3438 51.4722 34.31949 45.67355 24.53458 44.715050000000005 44.98058 40.59536 40.73698 43.38311 40.519549999999995 44.13484 47.1197 24.46182 44.410430000000005 45.95743 55.82459 42.790639999999996 47.30948 45.55216 45.59273 45.076679999999996 45.45371 47.93587 40.57321 44.017250000000004 47.63053 49.35241 31.86213 45.69622 47.148979999999995 35.48909 44.910489999999996 49.51233 42.88872 46.77168 
37.92555 49.504009999999994 50.922830000000005 49.65532 40.98289 52.407889999999995 40.49463 20.21745 0 22.42929 43.362719999999996 36.29887 38.92013 50.61775 47.40766 22.95963 43.764269999999996 44.42727 33.71652 45.05775 32.69488 31.05734 45.529250000000005 27.50658 47.60908 48.326620000000005 45.51321 46.82803 47.15052 44.94543 47.5206 47.285340000000005 48.64062 46.19233 40.29705 40.540009999999995 25.38562 45.28472 36.71913 46.857839999999996 44.57117 45.6133 46.07321 45.88623 32.61108 44.75203 43.60582 40.5711 20.37791 21.03975 23.16566 20.3021 41.06335 47.692049999999995 44.67927 44.979169999999996 45.41219 51.18741 55.14859 48.217600000000004 44.20989 52.720020000000005 47.83462 43.470690000000005 47.32132 49.33868 45.2947 27.41308 46.358720000000005 45.171279999999996 30.63324 51.73592 33.06188 46.33739 47.06166 41.3003 49.80744 
44.95631 36.59108 28.49354 41.64756 49.469409999999996 47.475629999999995 42.572950000000006 42.64674 22.42929 0 35.71315 44.93036 47.557680000000005 28.57636 46.66247 45.38892 29.23725 43.98366 49.23299 46.97809 37.37055 26.59239 43.59164 43.2288 52.3271 47.79078 52.73038 46.14508 38.94513 43.67371 31.53223 43.85682 49.122119999999995 49.16703 44.36573 48.6037 47.81491 22.85543 47.70059 47.3099 26.11374 45.32296 42.64059 43.68007 23.04537 44.18434 42.02873 33.77883 42.70065 41.65339 45.59495 37.54548 41.633250000000004 51.760180000000005 46.72551 49.84173 22.9829 44.298370000000006 45.14936 48.76842 35.9983 33.56674 43.365269999999995 30.76948 31.45958 51.70342 25.77255 46.42478 44.22161 42.91133 26.12026 47.222939999999994 42.98433 44.492149999999995 31.81642 48.88496 45.21772 
43.55606 32.16394 46.001459999999994 51.68188 42.38942 44.312529999999995 24.69032 40.28662 43.362719999999996 35.71315 0 20.20831 28.85314 45.11213 43.98091 43.27638 42.3303 48.02162 44.904120000000006 45.24469 42.55327 45.51769 43.14343 49.08552 46.67644 43.50697 38.50327 45.189409999999995 46.826679999999996 43.180279999999996 42.10647 21.74069 42.621660000000006 48.75197 31.70517 37.81013 44.57988 50.502790000000005 26.05922 42.03819 44.14523 48.508030000000005 46.66721 35.06021 43.29573 46.03036 43.36868 31.40726 41.48683 42.5189 23.3526 42.23137 45.67111 40.9644 49.3866 23.12965 44.32704 51.37435 41.61619 44.30941 36.03698 37.18341 30.95031 47.10561 34.46131 43.586560000000006 50.873509999999996 36.05072 41.53907 48.160070000000005 51.85836 47.505160000000004 42.894760000000005 53.134240000000005 44.12716 43.01872 51.18482 
44.06233 44.51967 38.50567 46.79145 40.84375 44.94437 40.35549 20.07831 36.29887 44.93036 20.20831 0 25.59785 46.08187 43.089659999999995 46.6959 46.511700000000005 44.6972 24.69581 46.08679 22.34496 44.24925 49.86037 42.442710000000005 44.709950000000006 47.19976 51.45735 34.88421 28.12292 34.28715 45.36711 41.949 22.41335 43.27727 40.15791 35.19983 46.532849999999996 51.14718 26.30202 23.0385 44.23466 46.38436 36.86927 31.15941 42.74222 33.50733 31.37508 28.92464 29.16653 22.31059 43.56091 30.66311 33.16599 47.11123 44.54013 24.56702 38.89455 46.96701 49.432500000000005 32.47215 42.43033 25.51442 48.900459999999995 48.11146 46.95097 44.992760000000004 49.86591 46.00635 46.648669999999996 33.63802 43.47605 47.74796 44.62388 48.74497 43.31352 22.81041 46.39534999999999 
46.548190000000005 44.22762 45.87675 43.07179 38.42248 25.02585 45.73929 40.49386 38.92013 47.557680000000005 28.85314 25.59785 0 20.48402 28.69363 45.951499999999996 35.49656 32.69843 48.005219999999994 29.89736 33.54335 43.281099999999995 48.39102 47.40905 53.87151 44.97147 44.82685 48.34962 48.586870000000005 47.75114000000001 45.06264 43.85546 44.66077 42.85365 20.41426 26.26535 47.060460000000006 52.53406 48.30986 47.6648 45.98004 45.311679999999996 26.91823 44.13234 41.896829999999994 53.22404 45.12286 33.51066 53.70385 47.90844 27.89583 47.88659 46.79063 56.292829999999995 44.23189 46.93451 24.57478 45.89025 44.89993 45.59676 51.47833 45.446039999999996 53.508840000000006 49.21807 31.76134 26.4776 41.44726 43.69892 21.57977 26.20901 51.299260000000004 51.36379 49.26978 50.126050000000006 45.99048 25.48737 44.74023 
46.0283 47.327 45.626400000000004 47.135999999999996 50.49687 40.99895 44.965410000000006 46.93409 50.61775 28.57636 45.11213 46.08187 20.48402 0 37.96308 41.32582 34.40249 52.44596 36.00163 25.53421 42.45039 28.5485 42.11009 41.57329 37.21757 25.6325 46.01113 44.06015 49.169 44.98322 24.57862 23.37144 24.17675 45.04067 26.85449 46.74937 45.80574 41.77972 45.94406 47.49119 46.41311 45.51147 24.96142 42.86371 43.56975 46.96514 50.32058 46.922979999999995 41.33811 48.88096 30.89576 44.72697 50.6399 49.0621 46.94803 48.66542 45.058800000000005 45.3467 43.10261 44.404650000000004 46.837469999999996 46.77926 43.530370000000005 47.590410000000006 43.45201 28.20851 25.99507 46.6473 42.06379 46.49772 54.696619999999996 48.880579999999995 30.92409 49.0947 51.11636 45.97139 49.78268 
49.61495 29.58256 43.61103 24.84221 38.47263 43.94706 30.21126 37.4954 47.40766 46.66247 43.98091 43.089659999999995 28.69363 37.96308 0 40.892610000000005 42.98075 22.38741 34.11917 47.92213 29.3708 48.09825 50.52068 43.843360000000004 37.62825 41.41429 56.201139999999995 47.72005 40.477509999999995 24.55871 44.96331 34.92025 32.06732 51.1425 46.41262 46.0445 46.113240000000005 29.83478 46.00909 43.02663 34.04431 44.461169999999996 51.29185 42.430499999999995 42.18224 40.75783 44.789190000000005 50.796189999999996 45.98726 40.81112 48.0313 27.10556 50.656639999999996 43.62665 23.20277 29.18854 33.01588 52.242779999999996 43.75046 42.49485 45.38289 47.380480000000006 45.41809 48.0686 44.41543 40.64735 41.7965 42.011570000000006 42.067530000000005 37.62228 45.52695 24.56315 45.823589999999996 52.15246 47.87151 34.5767 30.28489 
50.00694 45.13357 52.7556 36.6519 46.35633 43.440160000000006 49.689859999999996 43.177080000000004 22.95963 45.38892 43.27638 46.6959 45.951499999999996 41.32582 40.892610000000005 0 20.80464 41.397980000000004 31.35411 29.0215 42.956810000000004 45.826229999999995 22.56962 30.57909 42.92755 41.77222 49.35328 41.794650000000004 48.87339 45.78944 50.33251 42.77423 44.129509999999996 44.461 42.3879 38.20826 45.151439999999994 51.04356 44.89924 42.346729999999994 42.910520000000005 22.65367 43.203720000000004 43.31877 45.02772 45.95657 34.2541 51.49494 43.337540000000004 43.99938 30.12026 43.26173 52.35118 45.01351 46.25502 46.21873 35.00809 44.30963 43.63142 40.886970000000005 52.69405 43.24291 34.74659 21.66806 29.3558 44.26429 41.69124 43.05798 41.84761 48.55942 52.5152 48.52715 44.21025 50.6396 51.12495 34.44861 33.19358 
50.183229999999995 45.560680000000005 45.858639999999994 35.15985 49.893950000000004 46.19467 33.51107 46.25519 43.764269999999996 29.23725 42.3303 46.511700000000005 35.49656 34.40249 42.98075 20.80464 0 20.59334 40.59473 49.826139999999995 41.37795 43.705330000000004 43.37426 50.13881000000001 46.412890000000004 45.15784 31.36725 45.795609999999996 47.43288 47.41842 46.59706 46.61168 51.11461 37.59726 43.45839 25.93263 46.34643 50.27059 46.28909 47.332080000000005 45.459410000000005 43.06755 54.52672 43.05736 42.49731 46.24364 50.14882 44.73558 43.63635 29.21766 50.849689999999995 44.71851 52.836079999999995 44.78235 25.45038 45.48531 41.5941 27.03393 24.22772 36.88093 48.02252 51.6969 27.53897 42.4727 46.680040000000005 48.74901 46.35234 30.40723 47.41247 42.8296 50.38312 44.705709999999996 50.2175 48.086569999999995 36.55122 28.90954 48.97867 
42.97417 44.14707 52.79051 47.22962 49.46817 43.228880000000004 45.24255 49.84099 44.42727 43.98366 48.02162 44.6972 32.69843 52.44596 22.38741 41.397980000000004 20.59334 0 20.00139 41.39237 51.75821 42.909459999999996 49.45488 42.89202 40.01553 49.37535 51.0499 48.499210000000005 44.713930000000005 43.10373 51.89814 51.56049 41.17098 52.200779999999995 29.76139 46.52597 57.62648 51.162279999999996 42.823840000000004 48.72943 48.61996 45.131299999999996 41.11316 51.811229999999995 36.63048 25.6503 41.751239999999996 47.9615 49.84255 45.823530000000005 53.545190000000005 24.12517 50.16269 24.18901 45.590180000000004 24.89197 21.00076 42.316230000000004 44.82106 46.07173 46.68906 43.50738 45.59639 44.88337 51.92863 45.34888 49.11777 29.47921 51.59836 47.55943 41.54477 46.950559999999996 51.197779999999995 29.76505 42.81223 22.30912 35.29713 
43.074740000000006 43.71506 47.80953 50.9019 43.30023 30.25443 45.12396 44.774119999999996 33.71652 49.23299 44.904120000000006 24.69581 48.005219999999994 36.00163 34.11917 31.35411 40.59473 20.00139 0 21.39098 44.81236 22.90807 40.57895 40.97264 20.01414 41.82876 45.03438 43.846289999999996 51.11437 46.31452 43.370090000000005 42.20793 36.73954 53.243660000000006 45.77491 49.37768 37.62509 44.30691 44.39299 28.72804 37.55694 43.19024 49.46104 45.36085 41.272149999999996 43.21997 44.764359999999996 47.568920000000006 41.60374 38.86033 42.225030000000004 32.68493 41.512 33.09297 40.97665000000001 37.69864 41.00215 46.194919999999996 46.89891 43.60623 33.09457 50.11714 48.266540000000006 49.829989999999995 43.64562 51.74843 45.43446 24.78223 46.90138 58.33383 47.9963 41.62093 31.57962 46.10531 42.548429999999996 25.78017 48.02643 
35.11657 45.296260000000004 30.15062 45.12498 33.24856 44.44642 23.73298 44.01016 45.05775 46.97809 45.24469 46.08679 29.89736 25.53421 47.92213 29.0215 49.826139999999995 41.39237 21.39098 0 27.61439 44.299049999999994 48.28674 47.982730000000004 41.40512 50.45642 44.2401 43.060140000000004 56.77897 49.49511 49.300290000000004 48.53909 49.71096 48.63236 28.75102 31.29823 52.09334 47.84717 23.00201 28.72662 34.43244 32.62859 50.495630000000006 47.76732 33.86342 45.867450000000005 34.40136 49.296859999999995 45.631609999999995 43.524119999999996 21.89209 44.85036 47.59064 53.60187 24.71936 46.00962 32.97961 49.91384 49.19691 35.85088 54.485549999999996 54.522800000000004 27.92798 46.23318999999999 51.12215 50.262190000000004 45.67232 27.79838 49.91753 45.10286 50.39785 44.44795 45.17305 45.10532 45.27424 24.77113 44.42237 
54.26097 43.4444 45.354169999999996 24.44649 46.76885 48.986869999999996 32.39002 42.42327 32.69488 37.37055 42.55327 22.34496 33.54335 42.45039 29.3708 42.956810000000004 41.37795 51.75821 44.81236 27.61439 0 21.90429 44.56122 43.45824 42.85638 26.27145 46.65008 26.54693 30.56331 51.28814 47.04273 26.97184 44.75831 24.25588 42.894180000000006 47.13215 49.713840000000005 49.57704 42.45908 45.38346 44.337450000000004 28.20038 45.81966 52.67483 41.9331 52.915189999999996 46.46476 43.438 44.29495 32.99378 44.65849 45.96243 30.87043 27.76513 49.64993 43.10471 49.010180000000005 27.69471 47.93265 45.472970000000004 46.82582 47.85938 41.89372 46.57443000000001 43.18593 22.6478 56.0697 41.626450000000006 41.682410000000004 48.48825 46.19681 52.10456 44.13908 49.73365 49.630939999999995 45.155370000000005 37.629 
46.74253 30.20095 38.3237 46.35078 50.65069 48.48993 49.223 42.946439999999996 31.05734 26.59239 45.51769 44.24925 43.281099999999995 28.5485 48.09825 45.826229999999995 43.705330000000004 42.909459999999996 22.90807 44.299049999999994 21.90429 0 32.62627 33.69246 42.92221 46.05682 49.65724 48.45122 45.70206 48.03075 44.26765 45.01554 45.44154 43.14761 22.86684 42.99057 47.39275 47.73786 29.28703 43.62932 22.43316 42.69001 46.02298 46.5248 45.26209 46.8266 46.61274 46.77575 26.58256 51.8127 49.93647 48.222049999999996 49.57052 27.08199 27.74564 46.16115 49.57529 46.41674999999999 44.93514 48.244640000000004 48.05589 55.40411 43.98597 26.92192 47.61735 44.55209 48.6986 31.59073 44.08892 42.64689 45.26499 46.36474 54.049049999999994 47.90386 43.689949999999996 31.096 46.53393 
48.718230000000005 31.27055 35.61889 34.01674 45.94117 25.467 30.64801 49.97915 45.529250000000005 43.59164 43.14343 49.86037 48.39102 42.11009 50.52068 22.56962 43.37426 49.45488 40.57895 48.28674 44.56122 32.62627 0 22.13017 43.69767 28.36864 47.66437 48.059619999999995 53.90683 46.06635 48.90062 48.68615 50.074510000000004 43.84697 47.01518 46.36215 25.56704 30.26672 27.60785 34.17922 27.06613 41.61499 30.91255 45.66323 48.39714 45.516459999999995 47.99346 42.26453 41.75363 48.982169999999996 46.930930000000004 51.76539 46.543350000000004 31.13485 46.21129 28.29182 36.98356 46.877250000000004 44.633160000000004 44.73859 51.91948 51.50747 45.99447 44.23768 42.45155 21.91342 41.14059 20.48836 42.607510000000005 47.635279999999995 35.10334 25.95753 45.326130000000006 41.53504 29.78846 50.29157 47.32781 
50.38754 45.238640000000004 46.59054999999999 41.778980000000004 42.80261 43.79934 34.84112 47.72403 27.50658 43.2288 49.08552 42.442710000000005 47.40905 41.57329 43.843360000000004 30.57909 50.13881000000001 42.89202 40.97264 47.982730000000004 43.45824 33.69246 22.13017 0 35.51764 46.55181 52.8618 43.05648 45.12284 44.42972 44.04305 40.32313 41.74144 51.39033 43.729029999999995 49.25255 47.69721 43.64295 47.68306 43.56358 35.46384 34.63486 28.1043 31.36001 40.77453 49.52077 29.19404 49.30296 45.89229 28.2127 40.340230000000005 37.2499 41.764669999999995 43.684129999999996 26.18229 32.29212 48.2167 48.01064 33.9027 44.58798 44.201800000000006 45.86122 45.411640000000006 51.0591 48.07401 44.043589999999995 47.13525 42.61853 42.79175 33.9081 49.37816 48.0877 43.11575 46.0657 47.52596 43.70043 50.08434 
42.777640000000005 41.539410000000004 37.17443 47.77336 28.0987 41.7068 49.55474 45.42433 47.60908 52.3271 46.67644 44.709950000000006 53.87151 37.21757 37.62825 42.92755 46.412890000000004 40.01553 20.01414 41.40512 42.85638 42.92221 43.69767 35.51764 0 21.81462 42.193250000000006 41.69422 54.804249999999996 43.760549999999995 23.35595 43.72173 45.51747 33.22952 42.0945 43.66863 47.42084 46.11678 50.97869 46.037409999999994 41.45868 33.75013 46.47021 25.34671 46.56003 51.108599999999996 42.50748 43.31176 27.23117 47.60771 25.97568 43.91505 48.911519999999996 45.93832 20.96251 43.80806 30.09605 26.18078 37.36307 43.81017 45.6148 48.002480000000006 35.98927 50.50307 36.09038 44.561769999999996 41.91547 44.796369999999996 47.86926 48.45899 51.99204 30.88936 44.10982 42.58227 42.13779 45.794309999999996 31.07628 
48.50387 44.71101 51.17541 50.71794 49.91332 42.576 51.41185 48.76365 48.326620000000005 47.79078 43.50697 47.19976 44.97147 25.6325 41.41429 41.77222 45.15784 49.37535 41.82876 50.45642 26.27145 46.05682 28.36864 46.55181 21.81462 0 20.37863 40.72579 48.0111 46.020030000000006 45.17057 43.00482 44.3601 50.18124 45.778040000000004 53.204390000000004 45.38203 46.70192 42.70209 42.57732 24.20625 44.4631 25.61705 43.840450000000004 24.74541 41.518460000000005 46.54581 45.18918 45.51393 44.59675 28.56433 46.211330000000004 49.09164 52.0339 42.77713 47.93424 45.72945 36.39274 41.430009999999996 43.25548 47.23981 45.33811 45.759060000000005 28.68845 23.90156 33.57403 42.52816 44.68675 42.0782 45.91175 47.03808 47.634159999999994 26.37372 23.4622 46.73032 34.86271 41.9414 
45.56428 50.42173 47.89962 44.8555 42.67154 22.19737 33.34653 44.04527 45.51321 52.73038 38.50327 51.45735 44.82685 46.01113 56.201139999999995 49.35328 31.36725 51.0499 45.03438 44.2401 46.65008 49.65724 47.66437 52.8618 42.193250000000006 20.37863 0 20.34716 41.1423 46.94301 46.74819 45.41652 49.317949999999996 38.46168 36.11387 46.25913 43.514070000000004 45.78882 49.09783 43.396699999999996 44.58488 42.98386 44.63998 36.02013 45.12404 25.3996 44.72383 44.27608 25.1353 30.61384 34.07031 45.755089999999996 45.861760000000004 44.14281 42.94166 45.482479999999995 49.91345 55.78222 45.248639999999995 53.177260000000004 33.1144 45.85414 46.40068 49.067080000000004 44.280190000000005 50.11466 52.01584 35.48458 23.24708 26.99698 28.86457 44.11047 43.98183 22.5491 28.53741 48.529669999999996 49.24192 
33.12342 37.96616 37.45189 24.50834 41.864999999999995 27.75248 48.46592 47.378640000000004 46.82803 46.14508 45.189409999999995 34.88421 48.34962 44.06015 47.72005 41.794650000000004 45.795609999999996 48.499210000000005 43.846289999999996 43.060140000000004 26.54693 48.45122 48.059619999999995 43.05648 41.69422 40.72579 20.34716 0 20.79514 41.51997 32.6165 42.80999 46.23905 45.42257 44.044470000000004 43.96202 23.16691 45.50031 43.91278 23.04954 32.27655 46.291219999999996 44.322829999999996 45.13664 44.48784 45.746759999999995 29.1618 44.518190000000004 43.13279 45.9541 27.09476 48.86613 25.5146 48.4197 48.49677 36.06404 49.01263 49.41861 42.778999999999996 56.110749999999996 47.71346 50.282939999999996 46.37142 47.864230000000006 45.171260000000004 46.81313 49.498639999999995 55.831739999999996 43.59424 45.235150000000004 36.94707 48.38736 42.97692 26.46515 45.372640000000004 47.77861 28.89476 
48.00763 47.39536 48.61874 43.5285 47.056020000000004 47.70478 52.043859999999995 40.403369999999995 47.15052 38.94513 46.826679999999996 28.12292 48.586870000000005 49.169 40.477509999999995 48.87339 47.43288 44.713930000000005 51.11437 56.77897 30.56331 45.70206 53.90683 45.12284 54.804249999999996 48.0111 41.1423 20.79514 0 20.72483 41.12943 53.18766 48.63559 48.813230000000004 50.62318 42.210620000000006 43.962050000000005 30.13525 42.807500000000005 43.84468 48.26656 44.6271 40.776889999999995 38.95748 40.9419 47.957080000000005 44.68542 43.418440000000004 48.132729999999995 40.70735 47.175070000000005 45.12182 46.309740000000005 46.68828 49.21965 44.66887 49.93894 28.62347 51.57494 35.31561 26.91832 44.30397 47.41659 27.77873 48.47416 40.54358 28.7035 49.355729999999994 43.34089 51.44319 31.60532 50.13957 48.0138 28.77348 49.482699999999994 50.59458 49.6899 
46.289559999999994 44.71378 41.61652 42.71856 31.66364 45.54755 45.005160000000004 24.72798 44.94543 43.67371 43.180279999999996 34.28715 47.75114000000001 44.98322 24.55871 45.78944 47.41842 43.10373 46.31452 49.49511 51.28814 48.03075 46.06635 44.42972 43.760549999999995 46.020030000000006 46.94301 41.51997 20.72483 0 20.4046 40.62559 46.33403 41.95427 37.43251 21.48579 42.2809 35.11564 41.8125 42.88524 42.23909 49.443709999999996 48.332499999999996 27.209 45.08282 41.21625 31.88569 51.35797 47.74517 32.37389 44.20033 48.18526 45.88798 42.82602 28.49482 53.74725 46.18866 43.84026 30.85011 40.93379 20.82418 40.46387 57.26599 45.66175 44.16243 46.921679999999995 40.78178 46.66068 42.97868 45.38632 20.96824 29.41474 45.817679999999996 47.808229999999995 42.12861 43.77194 52.1243 
45.18243 40.560050000000004 21.42177 42.329449999999994 25.91825 43.58493 43.48323 45.13258 47.5206 31.53223 42.10647 45.36711 45.06264 24.57862 44.96331 50.33251 46.59706 51.89814 43.370090000000005 49.300290000000004 47.04273 44.26765 48.90062 44.04305 23.35595 45.17057 46.74819 32.6165 41.12943 20.4046 0 20.36578 29.88088 50.7448 33.60528 32.86633 37.6377 46.06582 50.56139 43.030649999999994 21.83449 42.09134 47.18855 27.9637 45.35777 27.75265 46.51355 47.76898 43.54887 26.48085 43.81366 44.293409999999994 26.06128 43.76096 41.830029999999994 45.562479999999994 49.09143 45.27493 43.67823 42.36846 22.25885 27.59829 43.387299999999996 50.60652 45.250060000000005 45.521469999999994 36.3472 49.836420000000004 46.234759999999994 28.46054 41.37284 43.72862 50.499579999999995 47.60634 46.10877 49.99526 31.7197 
47.678709999999995 28.46709 25.07073 45.97841 35.9019 23.21915 43.37487 46.57541 47.285340000000005 43.85682 21.74069 41.949 43.85546 23.37144 34.92025 42.77423 46.61168 51.56049 42.20793 48.53909 26.97184 45.01554 48.68615 40.32313 43.72173 43.00482 45.41652 42.80999 53.18766 40.62559 20.36578 0 20.94192 41.80584 26.49581 29.91303 38.30376 47.76607 47.79991 41.53604 42.20027 44.00564 31.92046 45.9787 31.63503 43.5474 42.830650000000006 49.569990000000004 43.502570000000006 42.45531 40.09374 45.17005 46.42706 48.05263 27.64591 44.87034 30.55973 36.26641 32.66594 45.28442 42.624629999999996 44.085300000000004 50.98668000000001 47.74391 46.41854 49.170429999999996 40.89157 43.64547 31.33454 35.50837 45.71901 48.168769999999995 54.29553 36.85729 45.63675 49.55145 46.64223 
32.16052 44.20328 46.01265 44.19848 51.22474 42.0783 33.13086 42.491659999999996 48.64062 49.122119999999995 42.621660000000006 22.41335 44.66077 24.17675 32.06732 44.129509999999996 51.11461 41.17098 36.73954 49.71096 44.75831 45.44154 50.074510000000004 41.74144 45.51747 44.3601 49.317949999999996 46.23905 48.63559 46.33403 29.88088 20.94192 0 20.86392 42.00799 47.32477 44.38921 48.64602 44.42182 35.78667 23.00838 42.68837 46.16028 25.03678 44.937780000000004 46.28926 40.600660000000005 51.337990000000005 46.67834 44.72394 46.73729 46.52533 49.97355 48.69322 48.58783 24.48919 30.8771 50.79453 49.91482 35.68955 52.13973 23.14338 44.561189999999996 47.51253 44.579930000000004 42.797470000000004 50.17182 45.00075 42.33115 22.32097 31.97231 48.72855 37.57695 45.877359999999996 45.631879999999995 41.97939 36.05972 
37.15613 26.79457 43.01268 44.23834 34.95829 42.61094 46.55500000000001 42.51899 46.19233 49.16703 48.75197 43.27727 42.85365 45.04067 51.1425 44.461 37.59726 52.200779999999995 53.243660000000006 48.63236 24.25588 43.14761 43.84697 51.39033 33.22952 50.18124 38.46168 45.42257 48.813230000000004 41.95427 50.7448 41.80584 20.86392 0 22.43939 42.56312 47.058840000000004 44.97713 36.97168 44.81507 42.0813 21.82445 36.34153 45.9007 51.610240000000005 42.535610000000005 22.20888 42.317800000000005 25.81442 52.60583 46.399150000000006 34.24362 42.2384 43.56481 47.37147 42.390460000000004 46.91478 51.950590000000005 30.98464 36.95598 54.773360000000004 44.0073 35.18138 47.17439 32.83997 21.93355 42.22025 42.95108 21.46723 42.56165 51.18672 55.75617 46.44743 59.655159999999995 45.90432 48.12249 47.41873 
43.05012 42.008700000000005 44.54983 23.87102 40.84504 44.065889999999996 40.35678 20.0796 40.29705 44.36573 31.70517 40.15791 20.41426 26.85449 46.41262 42.3879 43.45839 29.76139 45.77491 28.75102 42.894180000000006 22.86684 47.01518 43.729029999999995 42.0945 45.778040000000004 36.11387 44.044470000000004 50.62318 37.43251 33.60528 26.49581 42.00799 22.43939 0 20.12373 40.91884 43.3698 49.809169999999995 41.523179999999996 41.751819999999995 44.26384 36.86636 48.04918 42.537670000000006 32.80978 24.7086 44.81752 46.771069999999995 49.32475 44.32605 45.14305 44.82728 46.15369 44.54142 47.125569999999996 34.016 55.331469999999996 46.58423 49.43201 48.41881 44.29014 43.97416 45.101290000000006 43.13932 44.37294 49.01773 47.00456 41.994029999999995 45.12752999999999 37.91506 51.59475 52.67076 43.68278 42.430930000000004 43.96698 47.09562 
43.80121 35.36312 47.24921 43.994749999999996 41.088 24.06176 40.59974 20.32256 40.540009999999995 48.6037 37.81013 35.19983 26.26535 46.74937 46.0445 38.20826 25.93263 46.52597 49.37768 31.29823 47.13215 42.99057 46.36215 49.25255 43.66863 53.204390000000004 46.25913 43.96202 42.210620000000006 21.48579 32.86633 29.91303 47.32477 42.56312 20.12373 0 20.79511 38.69031 42.262690000000006 21.39945 42.59561 37.54164 47.46789 48.69479 48.25151 43.230199999999996 43.53105 47.20728 30.04901 50.436859999999996 48.22179 48.70485 37.13948 33.16348 44.78438 48.31039 49.15036 52.96656 46.27239 49.61869 33.24218 25.76427 48.187870000000004 49.0322 29.30283 49.00598 28.894 47.70625 46.09822 25.0038 42.45403 50.39757 46.32378 37.88532 47.910979999999995 47.00217 48.09524999999999 
46.31755 26.00498 47.56591 45.97376 49.43477 28.9606 34.43011 41.117670000000004 25.38562 47.81491 44.57988 46.532849999999996 47.060460000000006 45.80574 46.113240000000005 45.151439999999994 46.34643 57.62648 37.62509 52.09334 49.713840000000005 47.39275 25.56704 47.69721 47.42084 45.38203 43.514070000000004 23.16691 43.962050000000005 42.2809 37.6377 38.30376 44.38921 47.058840000000004 40.91884 20.79511 0 28.3085 44.16909 23.49435 36.33509 25.23439 45.784440000000004 48.6272 46.71306 52.18249 50.279650000000004 56.99346 44.99229 45.14691 48.55128 45.68772 48.68151 42.64964 34.9079 44.86177 55.4455 64.34313 53.947689999999994 57.75556 50.24102 46.559380000000004 50.28277 49.47049 48.79575 47.480459999999994 32.4223 46.022679999999994 43.16266 22.06824 47.31552 29.60246 47.958070000000006 49.63206 36.17702 55.2929 51.316869999999994 
43.30794 36.99188 47.39435 26.74239 43.01866 46.525909999999996 25.81247 46.089650000000006 45.28472 22.85543 50.502790000000005 51.14718 52.53406 41.77972 29.83478 51.04356 50.27059 51.162279999999996 44.30691 47.84717 49.57704 47.73786 30.26672 43.64295 46.11678 46.70192 45.78882 45.50031 30.13525 35.11564 46.06582 47.76607 48.64602 44.97713 43.3698 38.69031 28.3085 0 24.84516 41.839749999999995 48.96917 45.84603 41.995819999999995 44.41221 42.16083 42.30836 44.74944 44.9667 46.21616 45.22967 42.61219 44.32797 30.21446 41.960300000000004 49.640550000000005 28.50042 45.83833 52.484480000000005 28.72397 49.05068 46.07509 48.52242 45.64699 48.07634 43.22533 42.418009999999995 48.627979999999994 44.66084 47.13613 26.32505 48.49271 46.2911 44.67245 23.23972 46.50784 51.83049 52.30697 
43.434020000000004 42.344409999999996 33.64268 29.7766 46.13335 52.35689 43.57965 29.72957 36.71913 47.70059 26.05922 26.30202 48.30986 45.94406 46.00909 44.89924 46.28909 42.823840000000004 44.39299 23.00201 42.45908 29.28703 27.60785 47.68306 50.97869 42.70209 49.09783 43.91278 42.807500000000005 41.8125 50.56139 47.79991 44.42182 36.97168 49.809169999999995 42.262690000000006 44.16909 24.84516 0 20.86324 42.0594 46.71214 50.97953 48.93088 50.19994 42.78493 37.19164 26.29485 45.87405 42.26514 33.88265 44.16194 45.64749 43.92936 47.72137 23.00761 50.22574 50.066680000000005 46.802710000000005 44.18737 45.17806 31.83905 46.214569999999995 23.23118 43.92661 42.25198 46.23774 25.58551 43.19527 22.10085 42.162949999999995 21.44594 32.63774 48.02183 45.94766 43.657489999999996 33.10144 
41.79374 21.48117 43.0421 47.55788 48.34219 45.46121 45.79228 41.72201 46.857839999999996 47.3099 42.03819 23.0385 47.6648 47.49119 43.02663 42.346729999999994 47.332080000000005 48.72943 28.72804 28.72662 45.38346 43.62932 34.17922 43.56358 46.037409999999994 42.57732 43.396699999999996 23.04954 43.84468 42.88524 43.030649999999994 41.53604 35.78667 44.81507 41.523179999999996 21.39945 23.49435 41.839749999999995 20.86324 0 21.19616 41.45301 46.26229 28.06764 47.01111 47.63189 47.474940000000004 47.15809 48.525279999999995 45.349090000000004 31.25129 44.742549999999994 48.35536 41.88093 42.05807 43.870850000000004 58.92353 54.1007 48.142070000000004 37.21883 52.06104 33.479 26.78842 44.09442 30.18381 47.209540000000004 37.43285 43.217969999999994 30.81813 42.96409 44.02799 42.30918 49.036860000000004 49.51469 33.06688 45.848910000000004 45.29693 
24.30937 42.67733 43.25626 35.3745 29.15621 32.10786 50.59527 48.29339 44.57117 26.11374 44.14523 44.23466 45.98004 46.41311 34.04431 42.910520000000005 45.459410000000005 48.61996 37.55694 34.43244 44.337450000000004 22.43316 27.06613 35.46384 41.45868 24.20625 44.58488 32.27655 48.26656 42.23909 21.83449 42.20027 23.00838 42.0813 41.751819999999995 42.59561 36.33509 48.96917 42.0594 21.19616 0 20.25685 40.8069 48.045159999999996 43.106700000000004 49.58714 49.31062 47.522310000000004 27.32912 43.99729 27.50331 46.84959 43.93828 47.932019999999994 46.04057 23.72799 46.28278 51.268150000000006 31.943 44.90775 30.86488 43.76275 21.55281 46.34562 48.098079999999996 44.1849 44.342600000000004 41.38348 24.40027 45.32935 22.83183 34.17661 46.25356 47.5424 24.27428 44.17523 24.10077 
44.56622 42.169219999999996 49.22743 43.87314000000001 30.0633 20.78649 41.49993 35.3438 45.6133 45.32296 48.508030000000005 46.38436 45.311679999999996 45.51147 44.461169999999996 22.65367 43.06755 45.131299999999996 43.19024 32.62859 28.20038 42.69001 41.61499 34.63486 33.75013 44.4631 42.98386 46.291219999999996 44.6271 49.443709999999996 42.09134 44.00564 42.68837 21.82445 44.26384 37.54164 25.23439 45.84603 46.71214 41.45301 20.25685 0 20.55005 34.04089 44.716179999999994 45.935140000000004 43.31295 47.692840000000004 44.36492 46.297650000000004 47.76016 45.82819 43.85883 32.4638 41.53078 34.85564 40.66245 55.895089999999996 29.70509 47.60686 47.23897 23.5059 41.80966 41.55091 44.94245 43.757999999999996 41.778859999999995 21.12663 43.245779999999996 42.00911 43.08868 47.9844 45.20991 46.52011 44.531130000000005 47.118790000000004 44.35762 
42.08581 47.93735 43.636970000000005 51.70053 31.4503 41.33654 31.19502 51.4722 46.07321 42.64059 46.66721 36.86927 26.91823 24.96142 51.29185 43.203720000000004 54.52672 41.11316 49.46104 50.495630000000006 45.81966 46.02298 30.91255 28.1043 46.47021 25.61705 44.63998 44.322829999999996 40.776889999999995 48.332499999999996 47.18855 31.92046 46.16028 36.34153 36.86636 47.46789 45.784440000000004 41.995819999999995 50.97953 46.26229 40.8069 20.55005 0 21.1235 25.18453 46.323499999999996 48.22504 28.11612 46.631820000000005 49.25811 47.034729999999996 47.392939999999996 29.80422 44.189099999999996 42.12974 41.459900000000005 20.1124 41.42787 41.61438 43.51555 49.72586 42.44573 42.76642 52.718740000000004 41.86551 49.99177 50.95649 41.67668 43.37875 45.511849999999995 54.06434 46.29134 31.4678 26.12844 46.60879 34.16244 42.513059999999996 
24.08481 44.39738 34.26413 46.709559999999996 52.5738 49.547219999999996 46.27045 34.31949 45.88623 43.68007 35.06021 31.15941 44.13234 42.86371 42.430499999999995 43.31877 43.05736 51.811229999999995 45.36085 47.76732 52.67483 46.5248 45.66323 31.36001 25.34671 43.840450000000004 36.02013 45.13664 38.95748 27.209 27.9637 45.9787 25.03678 45.9007 48.04918 48.69479 48.6272 44.41221 48.93088 28.06764 48.045159999999996 34.04089 21.1235 0 21.84541 42.98438 33.30677 45.70151 25.50832 42.41736 31.79867 47.564260000000004 48.25251 45.95198 46.30922 44.51122 34.19844 51.52749 31.74391 51.24682 37.36372 46.907920000000004 42.83468 52.652950000000004 45.83406 50.533770000000004 44.11804 29.23149 49.135549999999995 44.68602 48.17724 31.75391 45.41456 47.251940000000005 37.45793 53.60105 33.19747 
23.75846 43.20806 45.589259999999996 42.037220000000005 43.10212 46.32195 43.27344 45.67355 32.61108 23.04537 43.29573 42.74222 41.896829999999994 43.56975 42.18224 45.02772 42.49731 36.63048 41.272149999999996 33.86342 41.9331 45.26209 48.39714 40.77453 46.56003 24.74541 45.12404 44.48784 40.9419 45.08282 45.35777 31.63503 44.937780000000004 51.610240000000005 42.537670000000006 48.25151 46.71306 42.16083 50.19994 47.01111 43.106700000000004 44.716179999999994 25.18453 21.84541 0 21.13897 38.43511 35.19606 44.46414 43.41688 46.93457 45.47924 42.022909999999996 37.58931 54.40784 28.73266 45.29693 33.94879 44.864059999999995 49.91242 42.17773 38.75408 21.55389 44.68408 23.98865 44.52678 43.79169 46.167069999999995 44.611270000000005 30.91577 46.5865 53.599320000000006 43.37399 42.834909999999994 52.18961 50.82117 46.412819999999996 
42.221000000000004 47.35052 27.14021 47.99295 41.93172 42.84791 22.13447 24.53458 44.75203 44.18434 46.03036 33.50733 53.22404 46.96514 40.75783 45.95657 46.24364 25.6503 43.21997 45.867450000000005 52.915189999999996 46.8266 45.516459999999995 49.52077 51.108599999999996 41.518460000000005 25.3996 45.746759999999995 47.957080000000005 41.21625 27.75265 43.5474 46.28926 42.535610000000005 32.80978 43.230199999999996 52.18249 42.30836 42.78493 47.63189 49.58714 45.935140000000004 46.323499999999996 42.98438 21.13897 0 20.32673 40.43565 43.554640000000006 33.65611 51.9286 43.251850000000005 45.09205 45.676100000000005 42.55417 49.871629999999996 35.54903 44.05484 28.4522 41.14837 21.03876 49.42993 42.692859999999996 24.28851 42.97098 46.696079999999995 41.10089000000001 25.0281 43.95111 45.95087 47.788489999999996 48.99114 50.09067 45.88754 51.62207 47.95942 45.53658 
42.640060000000005 42.13485 44.51605 45.304410000000004 42.83968 22.52646 41.54678 44.715050000000005 43.60582 42.02873 43.36868 31.37508 45.12286 50.32058 44.789190000000005 34.2541 50.14882 41.751239999999996 44.764359999999996 34.40136 46.46476 46.61274 47.99346 29.19404 42.50748 46.54581 44.72383 29.1618 44.68542 31.88569 46.51355 42.830650000000006 40.600660000000005 22.20888 24.7086 43.53105 50.279650000000004 44.74944 37.19164 47.474940000000004 49.31062 43.31295 48.22504 33.30677 38.43511 20.32673 0 20.10892 23.22791 40.62722 48.95098 46.89773 24.76532 43.01442 25.67101 48.98055 46.37706 45.77341 40.616780000000006 45.62047 32.56448 37.92972 31.67651 36.45271 22.64425 43.182379999999995 46.33167 45.35483 43.67611 55.533060000000006 52.853930000000005 49.82956 51.169920000000005 41.8359 49.399950000000004 42.559650000000005 25.20985 
