17
L40 L16 L17 L46 L28 L26 L27 L24 L29 L35 L41 L22 L15 L14 L43 L10 Soda
0 21.44065 42.7916 43.90882 22.71864 45.607200000000006 44.580709999999996 43.418400000000005 57.34946000000001 34.67695 51.64086 42.17663 26.35572 22.97419 45.67407 48.74118 33.06387 
21.44065 0 21.35095 41.92136 44.15929 24.16655 35.53989 21.97775 35.90881 20.47004 44.36713 41.37677 42.84616 24.60402 47.3039 58.95119 54.50452 
42.7916 21.35095 0 20.57041 44.631479999999996 45.5175 38.54012 43.3287 57.25976 36.63862 59.39609 57.54535 59.01474 45.95497 59.28439 63.741870000000006 37.79153 
43.90882 41.92136 20.57041 0 24.06107 44.991479999999996 21.32721 43.94085 49.94328 56.09493 53.90606 53.1956 47.484880000000004 63.23789 59.27235 47.97128 58.361940000000004 
22.71864 44.15929 44.631479999999996 24.06107 0 35.45621 29.00761 46.99543 58.517970000000005 52.472089999999994 66.97543 52.91167 49.07436 45.69283 49.49837 54.345479999999995 47.74395 
45.607200000000006 24.16655 45.5175 44.991479999999996 35.45621 0 23.66427 46.1443 27.87137 43.974180000000004 58.65619 49.473780000000005 53.59419 34.03955 32.42602 49.300219999999996 35.83901 
44.580709999999996 35.53989 38.54012 21.32721 29.00761 23.66427 0 22.61364 48.44888 52.298379999999995 51.20101 54.45193999999999 49.89981 52.23532 56.090289999999996 36.87795 51.47843 
43.418400000000005 21.97775 43.3287 43.94085 46.99543 46.1443 22.61364 0 25.83524 42.44779 28.58737 52.942840000000004 36.77434 46.58177 50.04213 49.46713 49.65447 
57.34946000000001 35.90881 57.25976 49.94328 58.517970000000005 27.87137 48.44888 25.83524 0 33.65197 54.42261 32.32695 37.55406 60.0312 55.1896 33.14434 58.00279999999999 
34.67695 20.47004 36.63862 56.09493 52.472089999999994 43.974180000000004 52.298379999999995 42.44779 33.65197 0 23.89709 20.90673 22.37612 35.83787 58.53775 59.71032 46.590559999999996 
51.64086 44.36713 59.39609 53.90606 66.97543 58.65619 51.20101 28.58737 54.42261 23.89709 0 24.35547 46.27321 28.66667 51.366550000000004 56.17494 63.45296 
42.17663 41.37677 57.54535 53.1956 52.91167 49.473780000000005 54.45193999999999 52.942840000000004 32.32695 20.90673 24.35547 0 43.282849999999996 37.39204 56.26617 47.65484 46.239509999999996 
26.35572 42.84616 59.01474 47.484880000000004 49.07436 53.59419 49.89981 36.77434 37.55406 22.37612 46.27321 43.282849999999996 0 22.47714 45.17702 37.3342 34.09883 
22.97419 24.60402 45.95497 63.23789 45.69283 34.03955 52.23532 46.58177 60.0312 35.83787 28.66667 37.39204 22.47714 0 22.69988 44.74514 44.19274 
45.67407 47.3039 59.28439 59.27235 49.49837 32.42602 56.090289999999996 50.04213 55.1896 58.53775 51.366550000000004 56.26617 45.17702 22.69988 0 22.04526 21.49286 
48.74118 58.95119 63.741870000000006 47.97128 54.345479999999995 49.300219999999996 36.87795 49.46713 33.14434 59.71032 56.17494 47.65484 37.3342 44.74514 22.04526 0 25.95034 
33.06387 54.50452 37.79153 58.361940000000004 47.74395 35.83901 51.47843 49.65447 58.00279999999999 46.590559999999996 63.45296 46.239509999999996 34.09883 44.19274 21.49286 25.95034 0 
