36
location4 location8 location3 location26 location6 location46 location5 location14 location42 location28 location23 location32 location37 location39 location13 location11 location45 location35 location44 location10 location47 location41 location48 location9 location18 location2 location22 location34 location12 location7 location40 location19 location38 location16 location49 Soda
0 506517822.81787 1064785986.42711 1165407090.6992002 1076107324.47932 1286769946.32229 1177396587.32793 676163621.55818 1259357850.14566 748040509.65531 765774756.06182 1021375186.36342 1271986372.28472 1363711143.73714 1079743940.04391 1016968805.39345 1149832112.02686 780437408.32175 1363234435.3944101 722911010.95618 1101598878.54213 1068617985.3455 1112146195.33209 1277881710.23294 1092606286.42022 783041408.4292 1065887533.78474 915117299.00318 780457445.8808 993645577.87152 760014131.48112 1120198684.48471 1108120155.92682 1098911819.76867 1071419119.03655 506961873.64379 
506517822.81787 0 564302316.66083 1089599333.9944901 1348338184.70261 912483215.88231 1280022003.2930999 1056694688.5399101 1124194507.39612 1095305760.45651 573506159.25595 514857363.54555 1024926016.01051 1090742756.243 1134396771.51722 1148040288.9787 1120560383.6647801 1145779537.43896 1308697733.22682 1132334220.5936499 892376115.25402 1309923137.7242699 985684773.43538 1145697617.33143 808570130.63386 1100154531.88466 1098464582.44784 557118681.32256 1035162194.9232 1309084061.66782 814555340.30757 1261060852.44842 1102389633.17951 592393996.9508 740016121.82069 1013479696.46166 
1064785986.42711 564302316.66083 0 525297017.33366 1042886573.26104 968971981.24861 1258788557.86831 1054226338.60114 1045496979.16553 1134615994.40476 1137808475.91678 1079159680.20638 1216457522.33525 1096913048.33626 572521595.95743 1055651413.54984 1274225909.65164 1036385055.29285 1282737221.62316 1092137305.0118601 1154941166.88235 1283310396.9347901 1150828803.48848 1174144953.6971102 1223251468.4686098 1438944832.2698898 1172896548.7282 631550647.60292 866826521.72603 744781745.00699 634759517.86424 1158881292.6411 1254539989.20611 1153083038.7418299 1217838952.31584 653381706.92308 
1165407090.6992002 1089599333.9944901 525297017.33366 0 521829831.48317 1045632378.64715 735245200.41218 528929321.26748 520199961.83187 709950608.2764 687987029.71543 1188761687.98282 1283109849.7498899 1132405823.59657 1062544666.4124501 1332702396.15499 778602742.58302 1089785630.92306 1196804682.91645 1129696920.7638302 655031513.77423 1133758270.5053701 1417338412.30228 1260178487.79091 1244089629.83184 1087206699.99203 1071768265.92208 1156847664.9365802 1310713180.6184402 1246835580.2023902 1160056535.1979 1170909712.08126 883737458.17631 1171996521.4099898 1222902462.4481702 658445217.05541 
1076107324.47932 1348338184.70261 1042886573.26104 521829831.48317 0 523802547.16398 1066839107.25975 799729868.99483 1042029793.31504 794166326.97733 1209816861.1986 1126964802.90456 1308215549.7273102 1451375197.3541398 1146576360.40623 1304531299.93788 1300432574.06619 1260656656.94566 680479522.69103 1297943431.05231 1176861345.2574 761052774.32902 1206433090.23494 1248544847.56265 1269429188.6981502 565376868.50886 1089041567.8161001 1069596973.58118 1185148232.65404 1210328997.41735 1050558362.0051501 1086799910.3358002 1105151796.58889 824198795.45987 1255393390.5592198 1180275048.53858 
1286769946.32229 912483215.88231 968971981.24861 1045632378.64715 523802547.16398 0 543036560.09577 1044269525.86552 965940413.24804 1167941989.7105699 1110232723.34847 1112922806.94669 1243555976.3098102 1163388759.73278 1229303522.00665 1190159761.83047 1119775452.4860702 1119630721.80761 1140839417.53545 1121009965.68829 690968789.97816 1179420409.11765 1159304710.8425498 1282444556.43032 1133554262.8488002 1089179415.67284 580877160.54819 545794426.4172 1059191784.59355 686526450.25337 526755814.84117 562997363.17182 581349249.42491 1150999440.22851 1371055820.93691 1182507531.70794 
1177396587.32793 1280022003.2930999 1258788557.86831 735245200.41218 1066839107.25975 543036560.09577 0 501232965.76975 1255445162.24405 865774412.04522 1387574013.24578 1305806369.88255 1212913047.9866 620352199.63701 686266961.91088 1221358772.62182 667259119.04985 1235605230.10015 1084754815.5146 1300781155.95557 1234005350.07393 1261999901.91035 1179404593.02563 1287890319.65056 981098531.08712 752101694.77189 1044071910.42435 1088830986.51297 1285752167.5278802 1158049322.86826 1069792374.93694 1106033923.26759 1124385809.52068 1247528601.53128 1127672984.02902 913049167.82925 
676163621.55818 1056694688.5399101 1054226338.60114 528929321.26748 799729868.99483 1044269525.86552 501232965.76975 0 976051421.94831 1188814661.89741 1216916350.9829102 1079040601.37696 1147644725.51448 828678478.30597 1187499927.68063 1142773270.02005 1092683027.68727 980850556.28184 1439929582.3737302 1248070610.75943 1086340820.3706 1194839839.32941 1210247053.76068 1062736318.7381799 1212537290.4907598 1066503643.96184 542838944.6546 1084184845.77988 1273300413.72225 1269795199.26938 1311969044.57367 641980390.81378 1084869391.68171 1207281706.23448 1412911452.03963 1183125495.20197 
1259357850.14566 1124194507.39612 1045496979.16553 520199961.83187 1042029793.31504 965940413.24804 1255445162.24405 976051421.94831 0 575335844.37866 1097135445.5792198 912984923.32722 1220599871.0307 1243827279.64568 719435827.26685 1250223277.2683902 708010930.66967 1226278139.01213 1312788406.40808 689599609.27308 1153840639.22681 1267313868.3023 1146655304.58109 1321059185.00653 1264638870.88991 1479292574.84862 1194948694.63102 723607644.03462 1237005002.21097 990461366.01924 822538969.92542 986330649.20792 1340402099.57266 1425381032.8501 1285605961.77445 1178645178.88728 
748040509.65531 1095305760.45651 1134615994.40476 709950608.2764 794166326.97733 1167941989.7105699 865774412.04522 1188814661.89741 575335844.37866 0 521799601.20056 1022574259.46795 1192239835.86957 1248504617.69352 1269370000.6568198 805100326.72439 971994582.48448 1303517471.65732 1123750275.21332 1100424438.42869 1101013984.22284 1358248151.6559 911331094.78656 1093991059.27604 1285277861.86276 1359543195.4861898 1445534216.8220801 1159283793.85926 1351992214.9064598 1258387678.82753 1264111885.25942 1141706437.9918098 1046493763.87527 1108742760.64047 1160050250.4268298 1027654545.04164 
765774756.06182 573506159.25595 1137808475.91678 687987029.71543 1209816861.1986 1110232723.34847 1387574013.24578 1216916350.9829102 1097135445.5792198 521799601.20056 0 500774658.26739 1010843310.73235 1163754281.29713 1120314066.23906 1167008099.9702501 1161274642.82655 1546212164.3835702 1157424816.65793 759137937.53426 1204358102.2775102 877616267.25948 729351382.58685 572191458.07548 1126580862.21295 1225873083.45187 1315260272.8091102 1065152192.81848 894257302.87627 1416144919.1872802 1243207321.88115 1246978147.17026 528883473.92356 618963696.49381 638250649.22627 1130041756.2065902 
1021375186.36342 514857363.54555 1079159680.20638 1188761687.98282 1126964802.90456 1112922806.94669 1305806369.88255 1079040601.37696 912984923.32722 1022574259.46795 500774658.26739 0 510068652.46496 1102629500.81455 619539407.97167 1184480297.5594501 992222806.18672 1167757151.41461 1086155871.75728 703710098.43245 1243658008.2210002 1281424357.46167 1174995254.90586 918059815.69768 1176023292.51023 829802987.46093 1172747468.2265801 1033702189.554 520304831.37765 1404506144.63817 791061280.58152 746203488.90287 1029658132.19095 1107251360.4963498 1139025307.49366 716674787.82314 
1271986372.28472 1024926016.01051 1216457522.33525 1283109849.7498899 1308215549.7273102 1243555976.3098102 1212913047.9866 1147644725.51448 1220599871.0307 1192239835.86957 1010843310.73235 510068652.46496 0 592560848.34959 1116952300.72842 1222683649.83195 1248169587.68607 1154758507.93309 1242853205.9061 1205424141.08721 1210561151.6177 1169851960.8913 1172717305.45858 1142646698.55008 1320583975.1730201 1186343515.06886 662678815.76162 1204024716.8869 1030373483.84261 1159038110.05187 1098636994.09069 910915308.19301 1262563381.08737 708807864.04939 781892799.00244 1205853747.51729 
1363711143.73714 1090742756.243 1096913048.33626 1132405823.59657 1451375197.3541398 1163388759.73278 620352199.63701 828678478.30597 1243827279.64568 1248504617.69352 1163754281.29713 1102629500.81455 592560848.34959 0 524391452.37883 767407806.6074 990463700.3381 1184333872.60092 806099865.67062 876385306.58432 1064401573.71811 742402212.50691 1253722502.7368598 1126014810.11851 1301490399.3862 1166036872.35105 750849498.51767 1186906837.12674 1208292068.54937 1280930864.43471 1045645858.5718501 1203231610.7272701 670002532.73778 627176401.89427 1059533436.45678 1243353816.03964 
1079743940.04391 1134396771.51722 572521595.95743 1062544666.4124501 1146576360.40623 1229303522.00665 686266961.91088 1187499927.68063 719435827.26685 1269370000.6568198 1120314066.23906 619539407.97167 1116952300.72842 524391452.37883 0 564940889.58778 1119040543.15975 659942420.22209 1255448510.65716 1188340748.50454 1174913127.28119 1118088714.51929 1244308954.18948 601623357.73968 795868924.35966 1051186261.77401 1136356569.71165 1161432701.47966 1139844239.34932 1170103908.40631 1177083369.8378701 1365742896.87454 1159338247.57465 1151567854.2731 905216273.78167 1225903302.8805099 
1016968805.39345 1148040288.9787 1055651413.54984 1332702396.15499 1304531299.93788 1190159761.83047 1221358772.62182 1142773270.02005 1250223277.2683902 805100326.72439 1167008099.9702501 1184480297.5594501 1222683649.83195 767407806.6074 564940889.58778 0 554099653.57197 1044259535.21075 711766273.0346 979644959.10707 1099107608.802 553147824.93151 1049984777.93076 960097826.55922 1157598611.22399 1341293224.87142 835009470.64921 1085287702.21481 791269590.93983 617242461.30671 1192983384.2971601 1111064111.60744 1151130670.6080499 1149031046.90433 1358561330.48685 1196969891.95504 
1149832112.02686 1120560383.6647801 1274225909.65164 778602742.58302 1300432574.06619 1119775452.4860702 667259119.04985 1092683027.68727 708010930.66967 971994582.48448 1161274642.82655 992222806.18672 1248169587.68607 990463700.3381 1119040543.15975 554099653.57197 0 822413352.79005 1265865926.60657 1311936305.8843 1150206515.49547 1107247478.50348 1241765339.0757399 1394014789.02226 1134758831.2539 1372545422.67941 1356597993.22475 851575552.75937 785936146.63596 1171342114.87868 1270948859.2179 1184261505.14295 632391168.90299 1399096000.27914 1207327483.77583 642870238.38307 
780437408.32175 1145779537.43896 1036385055.29285 1089785630.92306 1260656656.94566 1119630721.80761 1235605230.10015 980850556.28184 1226278139.01213 1303517471.65732 1546212164.3835702 1167757151.41461 1154758507.93309 1184333872.60092 659942420.22209 1044259535.21075 822413352.79005 0 1338182550.24927 1109165002.19417 1114834787.60058 1206961501.44622 1139436925.14939 1069850101.15679 1134614100.57544 1113211986.88173 589547287.57449 1121713004.90938 1364561520.1065102 1197395142.4464798 1229408686.99173 999520927.08071 1401198763.94752 947464992.87618 1394534240.27962 1110127383.50017 
1363234435.3944101 1308697733.22682 1282737221.62316 1196804682.91645 680479522.69103 1140839417.53545 1084754815.5146 1439929582.3737302 1312788406.40808 1123750275.21332 1157424816.65793 1086155871.75728 1242853205.9061 806099865.67062 1255448510.65716 711766273.0346 1265865926.60657 1338182550.24927 0 640323424.43823 1180271334.22678 1189391002.06675 1239174286.70086 1299929909.06665 1076012433.4991798 1245856391.1998901 1231628258.56914 1215538963.70932 1141764695.1794 1329008734.34131 1230419703.13795 1071140832.13922 1075162129.36925 1433276267.56489 1400281983.66943 1427431635.77587 
722911010.95618 1132334220.5936499 1092137305.0118601 1129696920.7638302 1297943431.05231 1121009965.68829 1300781155.95557 1248070610.75943 689599609.27308 1100424438.42869 759137937.53426 703710098.43245 1205424141.08721 876385306.58432 1188340748.50454 979644959.10707 1311936305.8843 1109165002.19417 640323424.43823 0 539947909.78855 577714259.02922 1183344875.45358 1237114104.56785 1185511025.98076 1357704971.82522 1116561440.39637 575215539.27109 1088612897.4474401 1116242910.95702 1215421839.5839999 967971912.58639 1114112855.60844 1176361852.37364 1229309417.46893 1095273636.77481 
1101598878.54213 892376115.25402 1154941166.88235 655031513.77423 1176861345.2574 690968789.97816 1234005350.07393 1086340820.3706 1153840639.22681 1101013984.22284 1204358102.2775102 1243658008.2210002 1210561151.6177 1064401573.71811 1174913127.28119 1099107608.802 1150206515.49547 1114834787.60058 1180271334.22678 539947909.78855 0 545959783.87049 943554627.27734 1277466291.97936 1142407516.2500901 1073076645.98352 769931664.99338 1115163449.05964 1124168056.79304 1084488435.79829 1177077473.39312 1226616649.72248 675474628.35395 1174075453.7505002 1126749193.13288 1020729071.16251 
1068617985.3455 1309923137.7242699 1283310396.9347901 1133758270.5053701 761052774.32902 1179420409.11765 1261999901.91035 1194839839.32941 1267313868.3023 1358248151.6559 877616267.25948 1281424357.46167 1169851960.8913 742402212.50691 1118088714.51929 553147824.93151 1107247478.50348 1206961501.44622 1189391002.06675 577714259.02922 545959783.87049 0 606089794.60855 731506508.10887 1253257519.89493 1247146016.33463 1224324052.84767 1082029217.81832 1215669350.70336 538528651.9278 878709922.84908 1248385918.53497 1177988454.6728 856082532.42557 936953028.39169 1359620188.9906 
1112146195.33209 985684773.43538 1150828803.48848 1417338412.30228 1206433090.23494 1159304710.8425498 1179404593.02563 1210247053.76068 1146655304.58109 911331094.78656 729351382.58685 1174995254.90586 1172717305.45858 1253722502.7368598 1244308954.18948 1049984777.93076 1241765339.0757399 1139436925.14939 1239174286.70086 1183344875.45358 943554627.27734 606089794.60855 0 642685596.4498 1152514783.14164 641056221.72608 1164720921.03332 1180465092.15345 1108521308.2581902 1144618446.53635 1250789726.22993 776922384.94877 1110591340.38552 626546100.84259 1150181909.4756 912752411.54808 
1277881710.23294 1145697617.33143 1174144953.6971102 1260178487.79091 1248544847.56265 1282444556.43032 1287890319.65056 1062736318.7381799 1321059185.00653 1093991059.27604 572191458.07548 918059815.69768 1142646698.55008 1126014810.11851 601623357.73968 960097826.55922 1394014789.02226 1069850101.15679 1299929909.06665 1237114104.56785 1277466291.97936 731506508.10887 642685596.4498 0 554389404.13747 1182953759.30122 1327348200.1603398 1251359010.7821898 1438364647.07533 1195765219.59009 1248686740.07307 1124946303.81445 1101074931.9990401 1191155154.5692902 1210442107.30175 1140033816.9139 
1092606286.42022 808570130.63386 1223251468.4686098 1244089629.83184 1269429188.6981502 1133554262.8488002 981098531.08712 1212537290.4907598 1264638870.88991 1285277861.86276 1126580862.21295 1176023292.51023 1320583975.1730201 1301490399.3862 795868924.35966 1157598611.22399 1134758831.2539 1134614100.57544 1076012433.4991798 1185511025.98076 1142407516.2500901 1253257519.89493 1152514783.14164 554389404.13747 0 901887310.74871 1116133823.65448 696969606.64472 1210366964.82107 1463456375.88441 1186516398.01686 570556899.67698 1025335520.08806 1091800134.35758 1150101658.16919 585644412.77643 
783041408.4292 1100154531.88466 1438944832.2698898 1087206699.99203 565376868.50886 1089179415.67284 752101694.77189 1066503643.96184 1479292574.84862 1359543195.4861898 1225873083.45187 829802987.46093 1186343515.06886 1166036872.35105 1051186261.77401 1341293224.87142 1372545422.67941 1113211986.88173 1245856391.1998901 1357704971.82522 1073076645.98352 1247146016.33463 641056221.72608 1182953759.30122 901887310.74871 0 523664699.30724 1065010600.43252 1350107818.8385801 1022408518.29917 1223482192.41497 773467759.25535 1166793369.31032 1102583640.69882 1249887858.61655 1290003282.07299 
1065887533.78474 1098464582.44784 1172896548.7282 1071768265.92208 1089041567.8161001 580877160.54819 1044071910.42435 542838944.6546 1194948694.63102 1445534216.8220801 1315260272.8091102 1172747468.2265801 662678815.76162 750849498.51767 1136356569.71165 835009470.64921 1356597993.22475 589547287.57449 1231628258.56914 1116561440.39637 769931664.99338 1224324052.84767 1164720921.03332 1327348200.1603398 1116133823.65448 523664699.30724 0 541345901.12528 1054743259.30163 1267403610.80156 943874829.24007 1143874523.72001 1109665883.03854 1176130497.30806 1245173599.86464 795185896.44977 
915117299.00318 557118681.32256 631550647.60292 1156847664.9365802 1069596973.58118 545794426.4172 1088830986.51297 1084184845.77988 723607644.03462 1159283793.85926 1065152192.81848 1033702189.554 1204024716.8869 1186906837.12674 1161432701.47966 1085287702.21481 851575552.75937 1121713004.90938 1215538963.70932 575215539.27109 1115163449.05964 1082029217.81832 1180465092.15345 1251359010.7821898 696969606.64472 1065010600.43252 541345901.12528 0 513397358.17635 940902507.11526 1072550241.2583699 1108791789.58902 1127143675.84211 1149512678.2733598 843270245.62656 809630483.57763 
780457445.8808 1035162194.9232 866826521.72603 1310713180.6184402 1185148232.65404 1059191784.59355 1285752167.5278802 1273300413.72225 1237005002.21097 1351992214.9064598 894257302.87627 520304831.37765 1030373483.84261 1208292068.54937 1139844239.34932 791269590.93983 785936146.63596 1364561520.1065102 1141764695.1794 1088612897.4474401 1124168056.79304 1215669350.70336 1108521308.2581902 1438364647.07533 1210366964.82107 1350107818.8385801 1054743259.30163 513397358.17635 0 884201313.26052 1253413693.9871402 1266508320.28052 1344280540.3747501 1410745154.64427 806916479.91864 1236979619.20079 
993645577.87152 1309084061.66782 744781745.00699 1246835580.2023902 1210328997.41735 686526450.25337 1158049322.86826 1269795199.26938 990461366.01924 1258387678.82753 1416144919.1872802 1404506144.63817 1159038110.05187 1280930864.43471 1170103908.40631 617242461.30671 1171342114.87868 1197395142.4464798 1329008734.34131 1116242910.95702 1084488435.79829 538528651.9278 1144618446.53635 1195765219.59009 1463456375.88441 1022408518.29917 1267403610.80156 940902507.11526 884201313.26052 0 758404746.05103 1249523813.42519 1267875699.6782799 1334325092.77248 1427013062.11235 1253236877.17365 
760014131.48112 814555340.30757 634759517.86424 1160056535.1979 1050558362.0051501 526755814.84117 1069792374.93694 1311969044.57367 822538969.92542 1264111885.25942 1243207321.88115 791061280.58152 1098636994.09069 1045645858.5718501 1177083369.8378701 1192983384.2971601 1270948859.2179 1229408686.99173 1230419703.13795 1215421839.5839999 1177077473.39312 878709922.84908 1250789726.22993 1248686740.07307 1186516398.01686 1223482192.41497 943874829.24007 1072550241.2583699 1253413693.9871402 758404746.05103 0 911884806.94987 1108105064.26608 624243625.38734 988712843.88892 952887967.25249 
1120198684.48471 1261060852.44842 1158881292.6411 1170909712.08126 1086799910.3358002 562997363.17182 1106033923.26759 641980390.81378 986330649.20792 1141706437.9918098 1246978147.17026 746203488.90287 910915308.19301 1203231610.7272701 1365742896.87454 1111064111.60744 1184261505.14295 999520927.08071 1071140832.13922 967971912.58639 1226616649.72248 1248385918.53497 776922384.94877 1124946303.81445 570556899.67698 773467759.25535 1143874523.72001 1108791789.58902 1266508320.28052 1249523813.42519 911884806.94987 0 1134157045.83747 1334247984.59832 955528039.63017 1156201312.4534101 
1108120155.92682 1102389633.17951 1254539989.20611 883737458.17631 1105151796.58889 581349249.42491 1124385809.52068 1084869391.68171 1340402099.57266 1046493763.87527 528883473.92356 1029658132.19095 1262563381.08737 670002532.73778 1159338247.57465 1151130670.6080499 632391168.90299 1401198763.94752 1075162129.36925 1114112855.60844 675474628.35395 1177988454.6728 1110591340.38552 1101074931.9990401 1025335520.08806 1166793369.31032 1109665883.03854 1127143675.84211 1344280540.3747501 1267875699.6782799 1108105064.26608 1134157045.83747 0 1085332193.74164 1165615527.67579 601158282.28303 
1098911819.76867 592393996.9508 1153083038.7418299 1171996521.4099898 824198795.45987 1150999440.22851 1247528601.53128 1207281706.23448 1425381032.8501 1108742760.64047 618963696.49381 1107251360.4963498 708807864.04939 627176401.89427 1151567854.2731 1149031046.90433 1399096000.27914 947464992.87618 1433276267.56489 1176361852.37364 1174075453.7505002 856082532.42557 626546100.84259 1191155154.5692902 1091800134.35758 1102583640.69882 1176130497.30806 1149512678.2733598 1410745154.64427 1334325092.77248 624243625.38734 1334247984.59832 1085332193.74164 0 617642441.9994 756225761.89607 
1071419119.03655 740016121.82069 1217838952.31584 1222902462.4481702 1255393390.5592198 1371055820.93691 1127672984.02902 1412911452.03963 1285605961.77445 1160050250.4268298 638250649.22627 1139025307.49366 781892799.00244 1059533436.45678 905216273.78167 1358561330.48685 1207327483.77583 1394534240.27962 1400281983.66943 1229309417.46893 1126749193.13288 936953028.39169 1150181909.4756 1210442107.30175 1150101658.16919 1249887858.61655 1245173599.86464 843270245.62656 806916479.91864 1427013062.11235 988712843.88892 955528039.63017 1165615527.67579 617642441.9994 0 564457245.39276 
506961873.64379 1013479696.46166 653381706.92308 658445217.05541 1180275048.53858 1182507531.70794 913049167.82925 1183125495.20197 1178645178.88728 1027654545.04164 1130041756.2065902 716674787.82314 1205853747.51729 1243353816.03964 1225903302.8805099 1196969891.95504 642870238.38307 1110127383.50017 1427431635.77587 1095273636.77481 1020729071.16251 1359620188.9906 912752411.54808 1140033816.9139 585644412.77643 1290003282.07299 795185896.44977 809630483.57763 1236979619.20079 1253236877.17365 952887967.25249 1156201312.4534101 601158282.28303 756225761.89607 564457245.39276 0 
