71
location93 location5 location63 location42 location53 location54 location25 location85 location56 location44 location69 location90 location57 location66 location49 location32 location23 location34 location77 location45 location33 location75 location46 location81 location96 location26 location28 location71 location31 location84 location6 location186 location10 location82 location17 location19 location52 location36 location3 location40 location70 location38 location30 location48 location7 location11 location67 location60 location100 location79 location87 location78 location76 location4 location80 location13 location50 location58 location88 location1 location37 location35 location166 location73 location99 location97 location24 location72 location47 location94 Soda
0 515444624.55016 987961593.60129 1136467476.11856 1124787802.81154 1112198629.28984 534870270.31751 1035895977.10349 1149458477.81945 1216624183.97243 1108602380.02375 900979562.30284 1172142631.54298 1037040780.7365301 1266556102.5667 758515130.64554 811759052.44845 1200825516.82934 1118635156.72804 1177943048.62163 1073987345.85294 1276484626.11734 867546764.82006 1152388946.0711498 910222800.02116 1023204295.78279 1216946183.7223701 1093236217.04771 1026789350.03151 769998946.23984 541623204.12771 1071588831.25659 976757380.12621 1103409127.4819 1037549290.75081 1050408579.1164801 1345995928.6262999 1012484711.78533 1143753800.23935 840749846.81224 819170140.39341 1063764793.10302 1076351284.27432 604311525.92766 1091012048.19027 869594826.55913 1288072576.14941 843206689.81934 1331454565.0504098 1112717361.33175 720014991.98082 1042584250.05762 1285587350.41814 1071072414.40093 781056317.675 1018931711.4602699 1098577487.3546 1156239688.60486 1147758698.12784 1231092870.07695 1123167049.67222 1125254977.75872 1045228577.65345 1128027600.44312 1176776743.03154 1089051931.69174 594762199.7485 1158206364.09939 809918096.37083 842742710.98971 647486472.77879 
515444624.55016 0 503874648.31012 621022851.5684 1147837157.12452 629158082.83515 787094972.96513 1152000664.5113401 961720252.54762 1178501450.95719 1241529591.77073 1045134924.38213 684350714.73638 1116849863.67001 941467769.42614 1091815640.50765 580693493.48166 1119374509.3647099 1238903970.82646 1114700410.36602 1217264741.08268 958794421.51871 1085003500.48678 1153251121.0833302 747616769.09842 688914872.99255 1143607733.67799 1224740735.14468 1117843949.74188 1048709187.0557201 936306451.85607 988275248.4209 1085102549.11165 1273099803.8849401 1095292872.14392 886171758.57297 1149263533.00483 706081014.37867 1056291102.73388 965268436.40031 1145696996.37432 954849179.58244 1207844701.91173 834256195.81732 1174691550.54886 1046256585.41046 1088221403.45148 871305702.98294 1144381447.00481 1148912593.5458999 932921907.88788 1199593567.04698 1095820258.75253 621897452.58362 1208270436.19625 1125475927.67248 602906368.319 1158703629.0195699 1171109822.30846 1039483447.2824299 809095434.34102 1130981222.7386 1162901946.87218 612582975.89296 1135715442.15783 857676323.86679 629776922.48075 1082098567.90418 580140407.17224 810727476.36224 1062740898.2134299 
987961593.60129 503874648.31012 0 508465350.71389 1035279656.27001 1107733594.99635 1142162676.64191 672333295.54976 1173392558.45192 1113231855.59208 1247267559.88539 1091046258.0828 1117548522.8927999 612975215.35989 1130940334.55479 1085265668.24097 1084568141.79178 1084226988.7314 1172056497.54416 1096664870.6781301 741523945.23193 1200459846.0724 695919828.6727 649376472.77321 1173007375.18951 1141503967.24546 1296124788.41805 1196482194.57092 1104699969.71578 1094189979.63889 1300426947.7423801 1113053787.07053 581227900.80153 858938094.33986 914820703.63732 1234152728.54718 1255785708.58239 1077319915.07244 1121871578.63934 1245918047.61201 1164771421.00991 1199668628.84186 1186486680.89638 1197453892.9167 1221247155.1351 862088762.54232 1538442437.6917 1053006169.1633 1251105406.82918 1060630517.20064 681543758.72628 1343783567.63116 1221671378.09273 1125772100.89374 1223937063.24067 1145438649.48973 1106781016.6291199 1087855063.00485 1176908160.21786 1105323399.8028998 1209798844.77591 1056940755.22772 1241414755.51074 1054763891.30955 1040537301.0572 1301409569.38583 1133651570.79087 822888529.13015 1084015055.48236 1127835640.16309 1217422309.31574 
1136467476.11856 621022851.5684 508465350.71389 0 526814305.55612 600487025.86845 1096617065.89509 1180798646.26365 1116500322.4319801 1124068076.91581 1093292753.13707 1188647983.96079 1305373566.30478 1121440566.07378 622474983.8409 812426047.97516 1201716345.05006 1068820484.60233 947861232.12543 1086263410.68136 1145228801.2752 1245001283.72841 1104250194.23328 1123330750.24023 1070337837.20909 1181955075.03554 1077323298.38069 1021789606.88754 1197086617.59511 1091151714.13259 1015715950.0162799 682907960.0962 891389867.4559 747094024.21509 1077223958.6979098 1214555582.7614698 1120592476.03813 1234120598.34175 1199804162.31254 1255635867.25921 919208982.34408 980476450.03066 1062922979.76745 785125899.64956 1090429898.70933 1029725499.50148 1145076851.06278 544540818.44941 1045229479.9268899 552165166.48675 1052199390.41091 835318216.91727 1018345209.08802 750849489.65897 1040878165.24874 691620516.0393 1214190075.3927798 1159314122.2465801 1238129227.44438 674505425.45969 1047631105.26727 1271956595.76574 732949404.79685 546298540.59566 532071950.34331 1034791446.53228 1212954341.13882 600578118.68705 733468064.91313 1099862750.09631 1080631639.99157 
1124787802.81154 1147837157.12452 1035279656.27001 526814305.55612 0 652082650.55464 1040081093.87713 1050262059.55795 927233282.5876 1097634039.93718 592483140.62065 931090411.87141 1043728891.97419 1311473242.28165 1034499319.0927501 1132486457.45403 737675112.10053 1029786521.85332 1170748484.3806 1053030921.00524 1052103907.3934901 1162471320.54753 1292285936.35202 1269177550.01029 1127589975.40178 1153277380.05674 1249907807.22259 1202088457.39346 1164099492.6929498 1067163552.8601401 657936821.4062 1078111288.50455 1026147472.64575 1102215967.11936 1096114246.94154 1119747942.33335 807541835.98612 1091087976.52068 1033210098.4606199 1211395456.31608 1041744679.2679 1043531041.63394 536108674.21133 1140681545.2800002 1049408248.6761601 1152236965.25156 1266090037.61779 1071355124.0055299 1268329411.97473 1028485487.54021 797156869.97806 975862958.00909 1207187224.25841 1114086630.9377599 1145977578.0767698 1108731138.97687 1092124864.98751 1296684315.2802 1157723182.3846698 1025836158.47996 1181127702.03868 1160251008.01611 1088792158.4306998 1073112846.1517799 747301753.82947 1227127634.00592 1067759480.1271 1044583480.8014 1116333032.67113 1009628338.0604401 553817334.43545 
1112198629.28984 629158082.83515 1107733594.99635 600487025.86845 652082650.55464 0 898125232.28321 1201679210.8425899 1058543840.9401901 671982435.20225 1138053694.44139 1025644561.17039 1168837264.4984899 705656939.66769 920840119.79299 694535842.05242 1125241001.4802 584245183.71368 633264674.98536 1030021030.88313 1077620742.32023 1112000862.13868 1221534860.14764 1280715502.63592 1104580085.27967 774104611.05826 597825156.66795 1066528248.45003 1125551709.87937 1096335911.12592 1118381557.38615 1027723471.33832 1087244271.64355 1123136439.86205 1040671126.52359 680113012.72306 520105450.16968 941202759.8549 992149130.25424 1225273314.38277 1046931238.40257 1093294295.94067 1188191324.76597 1119342454.34547 594140059.82248 1140178835.92909 1235674064.33902 1145027844.3178601 772750853.87585 1105906184.58808 1085422672.01196 1167674232.87442 1121113805.17372 525753019.95856 1098799083.35564 1099961708.49953 1115931321.3394399 1120177605.23959 992090307.40208 550388989.5277 988542360.2501 739233901.56047 1014377323.69755 1058090385.56285 1132558976.21176 1151378413.16332 1127933834.3234801 1169506967.55336 1079126836.2969 1042505324.4308801 1132091993.58353 
534870270.31751 787094972.96513 1142162676.64191 1096617065.89509 1040081093.87713 898125232.28321 0 501025706.78598 1002084969.6881399 1104937433.76866 1093147940.1280801 1077740979.86043 1094425819.48098 1106080464.07652 1052980940.71472 1160789661.05093 1226269158.29945 778531851.98558 1068885478.42837 1091545500.55049 1027081087.31136 1081160564.6921499 576620547.29245 734448796.86681 1068111406.80087 1184142254.06738 1175568458.00302 1079866753.82871 1211742389.36519 1234057364.13092 1076493474.44522 565872114.10792 1167822735.84084 1228859697.14463 1073119860.9923999 1081872786.6066499 1081646402.4876099 1099553447.34122 1243894169.9807801 673613228.17322 554820614.25472 1077002368.76348 1015179092.1326001 1139181796.24517 1238235861.20728 1252385911.64484 1166669400.5120401 1279648166.44379 1080676930.38283 685206002.00586 601209468.66985 1119067496.36973 1077674781.38065 698120832.98766 1074780317.07728 1139661455.94448 1082892451.14753 1176664295.32439 669080007.81884 1236056030.6925302 1096977187.18377 945140178.56393 1066505392.7018299 1080971365.5928001 1163730525.4000401 1124481310.50209 1129632470.06601 836381573.45148 1070385321.1974201 1176566781.12565 849691234.08668 
1035895977.10349 1152000664.5113401 672333295.54976 1180798646.26365 1050262059.55795 1201679210.8425899 501025706.78598 0 501059262.90216 1015150445.33436 614097448.88971 1068461758.8762801 1089366988.13 1137794056.84255 1145240560.16226 869854586.23662 1086693532.86868 1279557558.77156 1157376879.37304 1118257980.00705 526055380.52538 974366988.42163 571561715.94147 615679010.23425 1139309912.65055 1154922459.45471 1179048681.2577 726595735.93684 958629431.79524 1311078119.3237 1072344868.4681299 1066897820.8939 1092390410.86908 1077450849.0436 572094154.20642 1078686510.79808 1102225458.6396098 1054780714.3408101 1197002703.05015 1123281303.30367 1055846321.0407 1021575752.76923 514153385.34662 1148738045.88597 1105405987.0197601 833329843.38088 1342487922.68188 1083187251.98313 1126747294.09795 1112345389.04119 1052940313.59303 675154242.18861 1062839763.77531 1199146539.7736402 1214340488.07127 1228300415.05386 754267209.03513 1274729026.41549 1037061387.0759599 1242713537.26261 1303775048.06734 1192527325.61141 1123524476.32609 1192711219.87882 1052501992.02666 1212549861.22594 1151412418.02952 1077577161.73175 1116225034.1029 1171507949.7746701 1204420480.03715 
1149458477.81945 961720252.54762 1173392558.45192 1116500322.4319801 927233282.5876 1058543840.9401901 1002084969.6881399 501059262.90216 0 514091182.4322 1019242081.74873 1185901596.80636 711954081.16758 636734793.94039 1070520063.59259 1143280281.70602 1153888135.79675 1253650331.25282 1306997212.70367 1145084561.78763 1027114643.4275401 1151637484.05085 1072620978.8436301 1116738273.13641 1090688854.03833 1193114905.34342 1040099049.68969 774281810.83846 1125307914.59017 1265875528.43768 1144895663.83278 614930036.7039 1066184996.31917 860007457.08891 1073153417.1085799 1158547489.86976 857605914.33647 1080116792.23716 1147558950.20967 1078508551.73813 1101397839.1610498 1254341975.61163 880208858.29472 1091853195.0977101 1226161697.40421 1134354337.7831101 904912001.73728 1035068046.4014399 1187208568.83595 1051915274.61503 551881050.69087 1176213505.09077 1212062977.53371 843740313.01342 1110841831.89558 799322980.96168 1161158854.42321 819304092.70098 1127645036.07146 993359494.78407 1054337079.5719199 1149958326.83971 622465213.42393 1091860718.75235 1190252457.68839 1169344155.06012 911408666.8471 1202089110.11375 1119443243.7934 672141340.88603 1157440037.41918 
1216624183.97243 1178501450.95719 1113231855.59208 1124068076.91581 1097634039.93718 671982435.20225 1104937433.76866 1015150445.33436 514091182.4322 0 505150899.31653 1035287171.95637 619526998.10911 885803960.16206 1207573606.97382 1247122015.12122 1040977804.79216 1140775900.98141 1134831254.67091 1108503030.62463 1129330236.3471298 1237492427.7627 1137332270.29764 1135799668.61288 1188583794.90894 1219223502.8821301 1108794294.10518 1159917018.51741 1116538129.66228 1387875319.31922 1351288671.3277202 1032426725.33669 637776813.05154 1374098639.52111 1338494014.98167 1190339293.25935 1165907083.8056102 613895266.51222 633467767.77747 888764712.28646 1110883556.80151 1211597834.88581 1188631556.3569598 1053349303.97588 1168395435.3557 680121756.74844 1188717133.44872 1388114673.09649 1158665394.4974298 1314973964.7646298 1065972233.12307 1199025431.60216 1165911581.88218 1197735455.16081 1188213642.76318 1126331837.24838 1211220622.4268 1154385670.48892 1188746320.16436 1124936129.29809 540245897.13972 1047148020.91643 1136556395.8561301 577769536.32015 1100902002.58502 1244953698.6101599 1395961181.43264 1146201502.22922 1060903778.0644699 1179113132.91219 1220204916.10871 
1108602380.02375 1241529591.77073 1247267559.88539 1093292753.13707 592483140.62065 1138053694.44139 1093147940.1280801 614097448.88971 1019242081.74873 505150899.31653 0 530136272.63984 1093823942.01958 1136716352.83222 1126333541.42448 1203598517.42561 1111624695.63113 1142571187.19954 1107158607.57165 1158221504.4995 1140152829.41509 1204522504.4015899 1125374734.60385 874539386.48305 746798141.98885 1119135418.9257998 714249303.04774 1041270465.7409501 769018602.37122 1169329134.08398 1057241453.14904 527275826.02016 788752714.9 1203084699.57759 1132721985.10013 1095856716.20017 1143437903.30089 536876498.31454 1049395211.92707 618912315.69543 1061270496.09506 837329645.4702 1128250834.23633 548198404.65935 1073400799.18234 576075253.81185 1295735291.7470798 1188715996.054 1208269634.03717 1142852489.76502 642818265.84086 1098937347.64583 1124408766.84997 1170747986.4966202 950269142.6175 998920835.18221 1152717868.56691 1170594072.72579 871252917.20842 1075086438.64415 1045396796.45625 643519308.40165 682783449.14352 1082920435.6366801 743155081.62371 1245874577.81268 1248085430.91647 698533698.78232 661389184.59849 1178040170.0477 1146300475.0561 
900979562.30284 1045134924.38213 1091046258.0828 1188647983.96079 931090411.87141 1025644561.17039 1077740979.86043 1068461758.8762801 1185901596.80636 1035287171.95637 530136272.63984 0 563687669.37974 1088746061.01525 766654559.32612 1157562944.66816 646440797.64217 672404863.86613 1179726888.3706899 891420396.78348 1244986356.72208 908280812.36133 1081492941.56827 616534757.61025 918411823.71306 1098861464.3943 1238633099.12285 1071854794.64483 1125915832.07774 769342967.73524 1149544619.4885302 803936088.81881 1059388534.09936 1101889242.98802 705924330.4609 1166127073.54773 1087972116.53365 1040527372.23485 816530071.71442 914597370.23602 883155622.79852 943323218.99423 1185790917.79878 1078334677.29919 647706664.75677 1106211526.45169 961519548.74039 1207280576.0640001 1211935923.97368 1203396997.7172499 1131583914.10741 1078663393.11433 1132307744.4602098 1266674947.47305 1114332043.13837 648259618.29664 1145109998.35372 1196225847.84955 1087570916.6734 1023234365.9769399 1127709810.94995 755592319.95814 1212919721.78336 1151331887.43257 1203282251.4611301 1202184224.20365 1051274123.04145 805340094.16635 987540776.05564 1045746606.3371301 831250794.19881 
1172142631.54298 684350714.73638 1117548522.8927999 1305373566.30478 1043728891.97419 1168837264.4984899 1094425819.48098 1089366988.13 711954081.16758 619526998.10911 1093823942.01958 563687669.37974 0 551648366.20825 1091484116.40932 1357590749.17667 1133168658.7158198 976690079.33392 1264946567.5384598 1018851640.2765701 1191314037.08879 972119188.54623 517805272.18853 516272670.50377 847178553.59998 861179036.38418 1043498533.4591601 540390020.4083 1053008364.1008301 1291848771.10044 775460533.27369 1054384660.1290901 797527656.0522 998177333.57341 865079030.20825 1115489417.1561399 856789874.19211 1233422264.62133 1058263763.03671 1128678543.64044 1208125308.18812 1066564826.57242 1277359894.9081302 567831105.61532 1074461913.25225 1202268948.6184 977514432.65912 1123820385.51537 648248254.59394 1189319377.27102 1055328456.25294 1205666572.563 1248848713.32159 1244697916.20228 1162610214.08903 1161593476.73695 1127601131.1518898 1170640021.6152601 1193062987.4650798 1050889823.0560501 1159772895.2488298 1197351782.92485 836775680.89458 1093304880.14834 1269867177.79789 1309471477.40139 1061047896.66167 1120688253.9562101 820488326.46068 1034682002.6365299 700824208.91274 
1037040780.7365301 1116849863.67001 612975215.35989 1121440566.07378 1311473242.28165 705656939.66769 1106080464.07652 1137794056.84255 636734793.94039 885803960.16206 1136716352.83222 1088746061.01525 551648366.20825 0 606798474.27402 1114839446.19518 1122336706.12308 616915537.31243 1124237561.81699 1157974511.5827 1066548628.7048 1252187453.74333 1069453638.39678 1067921036.71202 1123766862.26636 1229827746.5353398 948806657.19024 714405844.58122 1054761910.50911 966066482.961 1177884103.70462 1152570797.04104 677021661.18457 1107540230.73625 1145734335.88978 803690960.7409 1189655481.06674 718227717.77997 1136831850.61559 632942832.25212 1184164649.15091 1204076596.2056699 1086424615.38342 1119479471.82357 1151587100.26383 650620582.41015 1234560610.7892199 1271815335.34719 771126673.86971 833326531.78971 881360404.85222 1183487675.06136 1166251046.72641 1049115296.4412401 610961847.88078 1119677354.21035 1138697318.12293 998794277.55297 920650701.07828 930896209.54402 742932795.93903 1062714131.20927 697118951.61425 1183189094.6627898 1182130984.45268 848078400.98761 1056925110.78968 1231026877.19315 1295673247.59302 1163534143.33498 1232093775.6095 
1266556102.5667 941467769.42614 1130940334.55479 622474983.8409 1034499319.0927501 920840119.79299 1052980940.71472 1145240560.16226 1070520063.59259 1207573606.97382 1126333541.42448 766654559.32612 1091484116.40932 606798474.27402 0 508040971.92116 695041978.73573 1119390326.4170399 1049417527.18565 1205372396.9944 1069865141.70484 1078218861.62049 573678844.22079 1311937966.9477801 974962302.14314 1228919856.85808 1155793562.78637 1113052355.1251101 1117984605.96354 1050747616.62919 1129023342.5332 599057715.40432 1201008337.13724 1265327818.84144 1094035538.28749 1060226183.5074401 933934626.44743 611645614.50085 1124164328.11338 1140608082.4057 1094074530.53442 1262613582.25238 1309895156.50158 1150855174.1652899 1142988716.73017 1193549241.59304 1087871851.19892 1167015802.29031 1128864422.37727 1148928410.59823 1177854020.20559 1290265553.67536 1196190656.23413 897998019.13067 618893239.00088 1127608745.33045 693578354.94738 832859263.81571 808918999.27059 751224407.19583 1300882199.89538 842094087.32081 1028856040.2032499 1168773524.43656 1126269132.9375901 875614985.1733 1230840173.94425 892684709.43556 1103570922.49382 1092520955.97851 1372662296.00926 
758515130.64554 1091815640.50765 1085265668.24097 812426047.97516 1132486457.45403 694535842.05242 1160789661.05093 869854586.23662 1143280281.70602 1247122015.12122 1203598517.42561 1157562944.66816 1357590749.17667 1114839446.19518 508040971.92116 0 511122147.02599 1048698579.76905 541376555.26449 1047789833.44401 1147693394.6270099 840392796.71951 1081719816.1419501 1128018135.23804 1186575265.0907 810070458.54883 1292360998.72037 1052670080.4554701 1063423014.24174 542706644.70803 1076158504.24082 1037740323.69217 1018566123.01208 1055895702.34772 1023346063.40907 1139308224.74949 650966604.19561 1101384357.41834 1084370131.94155 734327968.6929 1134314354.06406 981781597.41065 1193876360.3445 1165401226.18893 1179911693.8232799 1151634566.6525102 752176166.98036 881738836.38468 1083787680.2366 1219139647.63355 1287534767.03444 1183327868.25593 1039212158.01529 1161239110.42342 1069074486.2748699 1086645455.8666 1201619326.8685398 1139972069.83772 1025994890.92962 1114121788.8220801 1212353376.06933 1269390471.45098 520815068.28209 1148445727.70148 655527753.66446 1158247249.85343 1170853160.22747 1236948462.31883 1065083587.9059501 1128704049.81082 1055789892.2773399 
811759052.44845 580693493.48166 1084568141.79178 1201716345.05006 737675112.10053 1125241001.4802 1226269158.29945 1086693532.86868 1153888135.79675 1040977804.79216 1111624695.63113 646440797.64217 1133168658.7158198 1122336706.12308 695041978.73573 511122147.02599 0 540995817.76652 1048317842.27108 1119474957.98485 636571247.60102 1104114446.9861 1034956072.72896 616895988.21205 1128409888.2890902 868066403.17861 1203893268.27097 1232633976.3287 1038597170.3814 717425147.14326 1250877006.67605 1057145863.1974599 507443975.98609 1019956073.49944 514599378.66226 854035642.99758 1151165567.6623302 730048015.84827 1048087653.8239 1238592104.9688401 1023223682.8532 750334035.44951 1194651297.4653502 1125865226.49313 1148174675.16221 640512419.62652 655277545.50899 840930955.7917 572665533.21061 1054850613.49703 1114231333.31757 1036667223.51274 528090010.9893 1107380764.95361 1031457602.38977 1083928585.5958 1080887785.36135 1241683839.87051 1112683526.3215 656154657.82914 1039215627.31445 1071099829.8438 1031937215.30808 1013611409.4643099 784265789.90245 1073673762.83796 1081036657.78979 1365686498.55682 1090541033.7238 976899194.00456 1181459900.8122602 
1200825516.82934 1119374509.3647099 1084226988.7314 1068820484.60233 1029786521.85332 584245183.71368 778531851.98558 1279557558.77156 1253650331.25282 1140775900.98141 1142571187.19954 672404863.86613 976690079.33392 616915537.31243 1119390326.4170399 1048698579.76905 540995817.76652 0 507322024.50456 1013735302.68408 977396490.10221 1275172286.51386 1241429659.98385 1137453214.96189 857167036.36417 1244624807.84825 1118113112.7481298 1118105515.87423 1108775451.4131799 1144856865.54924 1069421101.43293 1104949709.66279 502999087.92987 1112590478.7578 1055595196.4287801 1138537799.40404 1104350633.88336 968063141.45097 991706717.01498 1190480322.9552999 639258506.05651 587161058.89324 1094583426.31585 1191371211.4646602 1112534709.4943 566495933.38769 1193858245.64789 1164243727.51926 978228671.32978 1082604105.09585 1139797432.3860302 1203505388.17152 954227204.30674 622815687.95925 1094583316.66539 1196152466.0792499 927576617.73208 926824871.23615 571687708.55498 689369153.23242 1154841654.16499 860085413.80192 933044000.94053 587088354.9631 1110220821.22797 732786642.70723 1174420456.91306 1086901233.1422 1122245388.05695 1069532623.75949 1117830395.58748 
1118635156.72804 1238903970.82646 1172056497.54416 947861232.12543 1170748484.3806 633264674.98536 1068885478.42837 1157376879.37304 1306997212.70367 1134831254.67091 1107158607.57165 1179726888.3706899 1264946567.5384598 1124237561.81699 1049417527.18565 541376555.26449 1048317842.27108 507322024.50456 0 506413278.17952 1093278281.00684 1126759893.08686 942311754.50095 1008992247.9523201 930703651.04431 1153473381.4103498 1192226673.61322 1114071770.60115 601453426.90862 1084083199.9725199 1079284034.57562 1159872637.2660298 1010321112.43443 883264130.23775 585282725.16662 1235860377.66539 1053028927.8853201 1110991585.26958 1285063425.0531101 1205136564.60987 1146580530.56107 1094483083.3978 683552548.36274 1284103916.80205 1227404734.8078399 1073817957.89225 686536221.14333 1055127204.54398 1169860200.80859 746448025.98194 996580921.92104 1028408700.60974 1135862617.38766 1130137712.46381 1261978449.56102 1178697730.58566 982619687.91198 1126716018.77015 1079009733.05954 852802818.78758 723620632.62972 1205715896.57161 1062191623.5465801 1094410379.46766 1027052010.00106 1224235310.18697 1020789993.55689 1088165130.73947 1103637446.45876 1064556933.97469 1285210258.60708 
1177943048.62163 1114700410.36602 1096664870.6781301 1086263410.68136 1053030921.00524 1030021030.88313 1091545500.55049 1118257980.00705 1145084561.78763 1108503030.62463 1158221504.4995 891420396.78348 1018851640.2765701 1157974511.5827 1205372396.9944 1047789833.44401 1119474957.98485 1013735302.68408 506413278.17952 0 852418683.11906 1063727628.81002 633373529.64269 502578969.7728 1026209872.1891 647060103.23083 1188214622.7098699 1148843156.65055 816398342.34973 1092429705.81254 1100158742.20925 1111972353.44226 1085237851.42228 860060894.61624 1061710637.7388 744111282.74689 1261701743.21216 1185658332.35002 996184843.10663 952052266.2994 1060822530.3645799 1052871125.84145 1176409092.70715 1050656389.91629 1108287837.67169 774985259.08025 1149249958.97783 548713926.36446 729702475.17486 1019275512.81968 1240995604.77717 1065801649.35333 1236237157.6524901 935408212.4559 1125320957.44171 785635662.22123 511794042.04702 1051956921.06545 755683550.85231 521014561.69849 1105704793.8568602 1115866057.63681 1139700073.26782 863588873.3712 1347750934.06201 1149728170.4460402 856749526.06908 932048244.10559 607459146.35276 1136669369.44152 1184358994.49376 
1073987345.85294 1217264741.08268 741523945.23193 1145228801.2752 1052103907.3934901 1077620742.32023 1027081087.31136 526055380.52538 1027114643.4275401 1129330236.3471298 1140152829.41509 1244986356.72208 1191314037.08879 1066548628.7048 1069865141.70484 1147693394.6270099 636571247.60102 977396490.10221 1093278281.00684 852418683.11906 0 518842401.52552 1023382418.92522 1141734390.75963 939336277.64296 1213969482.88724 1091901876.59579 712250315.08732 1206192296.2382798 1125344395.2108002 1220316249.17202 1127769870.3008199 566335030.3437 1135963810.82375 1098149534.7318 552631130.2727 1284241628.8631 1055542304.76495 1106978708.18151 1047356982.09255 1075492522.97229 1128378314.15984 1040208765.872 892047444.40901 1160887118.42537 1085850201.7584 1237440996.7024298 636904964.08906 1137593625.56654 1164880867.38382 1183289726.9423 1045361595.77337 536784383.24993 1132145168.46509 1242138293.8078399 1051109403.6833899 1070775988.2885201 1103722962.60678 1167221926.4481301 1210240085.47056 1214875545.7430701 1189868498.8155398 1244105327.2607 858171814.25525 1157887504.20083 1153665452.74856 1135074646.9326901 1009037809.04567 932620530.21038 1092905955.82544 966073175.05289 
1276484626.11734 958794421.51871 1200459846.0724 1245001283.72841 1162471320.54753 1112000862.13868 1081160564.6921499 974366988.42163 1151637484.05085 1237492427.7627 1204522504.4015899 908280812.36133 972119188.54623 1252187453.74333 1078218861.62049 840392796.71951 1104114446.9861 1275172286.51386 1126759893.08686 1063727628.81002 518842401.52552 0 504540017.3997 1354037110.03972 1124189778.0067701 1110945584.14433 1092368424.75951 589259911.70865 1101878255.40118 1293592012.23099 1178889254.5734 744869797.27814 772173198.58399 1142711714.83468 1024896711.4663999 1071473531.7982199 1345738610.0434499 1210596805.26736 1304028987.06795 908106100.8429 1074825332.32266 1161384076.12919 1339511500.31563 1081716347.3442 1292447901.72089 1308380190.5436 1350345008.58462 1104143303.1833 1059725595.55618 1242061143.6893501 1104198347.55329 587055580.19443 1055626784.77545 1266919383.9001698 1124355411.1602302 909863765.53883 551933586.763 988672388.27058 1358242240.46742 1284876230.1277199 883254539.22642 1342520878.9369001 1121114923.88203 863025289.23215 1126657229.99884 1314880155.13866 777493519.86378 1187770350.7372499 1249383004.36764 1104486251.2329 1376586528.88129 
867546764.82006 1085003500.48678 695919828.6727 1104250194.23328 1292285936.35202 1221534860.14764 576620547.29245 571561715.94147 1072620978.8436301 1137332270.29764 1125374734.60385 1081492941.56827 517805272.18853 1069453638.39678 573678844.22079 1081719816.1419501 1034956072.72896 1241429659.98385 942311754.50095 633373529.64269 1023382418.92522 504540017.3997 0 849497092.64002 1107227257.76898 1103184999.31499 1235439624.96418 1058195292.5968301 1135874904.83866 1373893136.36264 1235099206.95081 1125802853.1466699 903163391.57137 1025713388.90388 520356694.0667 1077451016.54978 1221822377.46825 1185324458.72164 1080383204.87644 1095046955.46878 1072426491.70891 688934738.03159 1085715101.28809 577176329.9445 1102378724.46749 1097853487.50812 1231324029.34426 755562401.84335 555185578.15648 1060607928.90147 1177830015.9622998 1091595597.59413 1073253011.32378 1274741380.28011 1192572083.2216702 1203377434.91648 1056473604.1626999 956841726.0988 1164476392.86143 1088677546.78206 1087203828.30144 1140789865.47169 1264736533.61951 958527880.32146 1171811345.73764 1195497960.48805 1129024858.77678 1061864893.8133299 1229343759.32214 599946233.8332 1054120468.33219 
1152388946.0711498 1153251121.0833302 649376472.77321 1123330750.24023 1269177550.01029 1280715502.63592 734448796.86681 615679010.23425 1116738273.13641 1135799668.61288 874539386.48305 616534757.61025 516272670.50377 1067921036.71202 1311937966.9477801 1128018135.23804 616895988.21205 1137453214.96189 1008992247.9523201 502578969.7728 1141734390.75963 1354037110.03972 849497092.64002 0 523630902.4163 1045734980.79774 849130493.59089 1056662690.91207 1256375912.23914 1294607409.2635999 1076603348.11981 1115910184.59969 1083199643.1227899 1204620158.27074 1103348718.2990398 1095735731.68431 1165169757.1300302 1208016277.45981 1142935295.50605 766041653.91421 1072473910.57741 550292156.06865 761087224.40436 548077420.14349 1073279814.66648 1257408407.83857 1272173533.72104 1051292896.13726 1164520925.0977101 788902092.81558 1288936316.73974 1290833252.42286 1144985999.20135 754962482.67736 1330566809.96608 1237521600.7519999 1014373011.81982 1098174444.54116 1195307997.6899 1023593531.4712901 1129230305.86887 736216395.33386 1190426482.49961 577032209.64457 1100164675.90944 1066590212.14657 718619875.02271 1089797566.0076 611396977.51019 634090399.66872 1217096879.41651 
910222800.02116 747616769.09842 1173007375.18951 1070337837.20909 1127589975.40178 1104580085.27967 1068111406.80087 1139309912.65055 1090688854.03833 1188583794.90894 746798141.98885 918411823.71306 847178553.59998 1123766862.26636 974962302.14314 1186575265.0907 1128409888.2890902 857167036.36417 930703651.04431 1026209872.1891 939336277.64296 1124189778.0067701 1107227257.76898 523630902.4163 0 522104078.38144 1038038379.34898 534929866.29812 1047548209.9906499 1086424305.2363 552972445.70351 634534305.19099 1099114887.0180202 680989255.85444 1104932383.62973 1216300378.06171 1225763950.97613 806274164.90174 1139537872.66428 1099945709.97766 759104804.00113 1073923058.48495 1129590439.97643 1071708322.5597899 909743234.3557 1239226324.96692 1279482622.2456799 1138633956.13371 760596655.51088 1124066602.90755 1049868302.14276 943986916.70176 1156789678.91418 1157798495.93076 1180257850.64411 1082649147.17556 1081116075.76277 1165179867.50508 1193613163.45332 953961931.11931 714933955.11118 988878561.93899 688433340.80579 1082784131.78713 723243379.19716 542959309.73027 1080345945.00515 566166663.5913 903429925.72167 802527424.6073 1118106045.2997699 
1023204295.78279 688914872.99255 1141503967.24546 1181955075.03554 1153277380.05674 774104611.05826 1184142254.06738 1154922459.45471 1193114905.34342 1219223502.8821301 1119135418.9257998 1098861464.3943 861179036.38418 1229827746.5353398 1228919856.85808 810070458.54883 868066403.17861 1244624807.84825 1153473381.4103498 647060103.23083 1213969482.88724 1110945584.14433 1103184999.31499 1045734980.79774 522104078.38144 0 572952788.88396 1057033944.67956 802673932.59454 1201573144.96383 1075076524.08495 969384309.40222 916220897.58982 1088185000.08547 582828305.24829 694196299.68027 1173269331.43757 764510549.87574 1155229312.05677 1048835908.9468501 1227250551.45709 1097020361.7914 1280864838.93993 683705799.7047 910256719.2883 1128223455.44117 1174188199.28083 1195774029.59529 1137102150.8264499 1081035600.7929199 845068707.34889 1084447958.50775 677185099.63731 1091567969.2064 1060837462.46116 1081581556.7348099 559011997.38133 1196210368.8422098 672937099.29327 849273763.58706 1185434718.69563 1169358176.89647 1062762166.31762 1103977546.6689901 1245347457.5786 1065063388.1117101 1099487103.25863 1088270741.97274 1112439903.69494 1192579476.69589 1260126907.5781698 
1216946183.7223701 1143607733.67799 1296124788.41805 1077323298.38069 1249907807.22259 597825156.66795 1175568458.00302 1179048681.2577 1040099049.68969 1108794294.10518 714249303.04774 1238633099.12285 1043498533.4591601 948806657.19024 1155793562.78637 1292360998.72037 1203893268.27097 1118113112.7481298 1192226673.61322 1188214622.7098699 1091901876.59579 1092368424.75951 1235439624.96418 849130493.59089 1038038379.34898 572952788.88396 0 503108513.05086 1015726856.74339 1220830511.15195 1145984403.70361 1017103152.7716501 1037192191.26325 1079236389.4123302 1155781094.1322498 903908995.9012 1117930606.83763 1087618619.4612298 794797723.39368 1156337569.46849 1064138778.2663901 1236791996.51995 1144950344.79318 1122306746.20836 1170363633.68185 813971825.32638 1344932943.91364 1078198107.32368 1128528354.76209 1224699254.7005901 1018046948.8955 1224219593.2363 836974054.38562 1123578176.6265101 1268098825.0893102 1110927791.00016 1131964786.26529 1133358514.25782 1163092355.70538 1148214146.19565 848450704.05432 1313067341.9435601 833605035.85471 531024757.78503 1054157224.0499 1146897822.89589 811386336.68292 957355244.19352 706328943.16443 1276194970.36434 844546010.95691 
1093236217.04771 1224740735.14468 1196482194.57092 1021789606.88754 1202088457.39346 1066528248.45003 1079866753.82871 726595735.93684 774281810.83846 1159917018.51741 1041270465.7409501 1071854794.64483 540390020.4083 714405844.58122 1113052355.1251101 1052670080.4554701 1232633976.3287 1118105515.87423 1114071770.60115 1148843156.65055 712250315.08732 589259911.70865 1058195292.5968301 1056662690.91207 534929866.29812 1057033944.67956 503108513.05086 0 512618343.69253 1033334713.2262399 1043960266.84967 513994639.72079 725190000.34261 1066935646.2390101 1119440798.80076 1136166935.88648 756478698.3348 1106464470.70216 940172485.87694 653229056.41763 1047989309.7956901 1147627185.35461 915254370.9832 619198233.1575 1144400627.68049 1226287610.8032799 1298997097.28599 1159823607.37451 1103764013.44187 1014972659.7688 514938435.84464 1108258991.06401 1031743615.45804 938801540.62614 1073899217.04935 1191732345.9345 1058872110.4962199 630250001.20696 1037034834.82091 981743297.63374 1061029511.63729 1209117370.01031 531855012.17338 1034133270.83589 959398023.0594 1077889176.02839 864272391.00221 832691651.63903 1018507846.8102901 1143091712.89795 808918955.34681 
1026789350.03151 1117843949.74188 1104699969.71578 1197086617.59511 1164099492.6929498 1125551709.87937 1211742389.36519 958629431.79524 1125307914.59017 1116538129.66228 769018602.37122 1125915832.07774 1053008364.1008301 1054761910.50911 1117984605.96354 1063423014.24174 1038597170.3814 1108775451.4131799 601453426.90862 816398342.34973 1206192296.2382798 1101878255.40118 1135874904.83866 1256375912.23914 1047548209.9906499 802673932.59454 1015726856.74339 512618343.69253 0 520716369.53371 1054168229.0665 1026612983.4133201 1229216673.22575 1165361459.83013 1174994465.28834 1189976026.88729 605446259.70969 1154981231.51397 1047044585.3877299 772488542.26664 656921775.11047 1171888207.0190601 1102514902.54909 741248897.66721 1100555870.03078 1077919403.00712 804179389.08785 1253619953.70107 752931292.22359 1206014140.81917 1027556779.5371699 1068747868.3323901 934221126.36556 1038297515.54859 1184139892.89565 1028537297.9745 1124741105.62937 1059530473.7532399 928986910.47651 1092131513.64776 1101080874.09219 791431196.94906 1044473355.86591 1121532622.38202 1127523273.3181 1184876649.5650501 964466677.189 824496578.78287 1187307748.9226 1166209058.72755 1126304838.22994 
769998946.23984 1048709187.0557201 1094189979.63889 1091151714.13259 1067163552.8601401 1096335911.12592 1234057364.13092 1311078119.3237 1265875528.43768 1387875319.31922 1169329134.08398 769342967.73524 1291848771.10044 966066482.961 1050747616.62919 542706644.70803 717425147.14326 1144856865.54924 1084083199.9725199 1092429705.81254 1125344395.2108002 1293592012.23099 1373893136.36264 1294607409.2635999 1086424305.2363 1201573144.96383 1220830511.15195 1033334713.2262399 520716369.53371 0 533451859.53279 1063417486.66167 1213147033.36881 1375448073.4976 943465759.53395 1076811102.8092399 1126162629.2434 1190853560.96637 1293213821.01154 1251869989.0711298 1108686243.72526 1068899733.96689 1261695131.79739 921458187.99049 1269380897.37131 1051700187.8416 740979287.13055 1186574957.04952 1183623277.88097 1058659302.8061299 1225787808.87181 1097137224.4843102 588560011.96087 1183920797.1760302 1109331362.49633 1138904954.24279 1122298680.25343 1148896381.23564 745544697.88428 571415144.11405 870788897.393 1170856714.0008001 1063521712.9901199 1176702057.5229 1169113298.91072 1178427391.8923402 641040756.61746 698271355.41226 683210431.75341 1168604832.6504 825372472.4027 
541623204.12771 936306451.85607 1300426947.7423801 1015715950.0162799 657936821.4062 1118381557.38615 1076493474.44522 1072344868.4681299 1144895663.83278 1351288671.3277202 1057241453.14904 1149544619.4885302 775460533.27369 1177884103.70462 1129023342.5332 1076158504.24082 1250877006.67605 1069421101.43293 1079284034.57562 1100158742.20925 1220316249.17202 1178889254.5734 1235099206.95081 1076603348.11981 552972445.70351 1075076524.08495 1145984403.70361 1043960266.84967 1054168229.0665 533451859.53279 0 529965627.12888 1113678395.57391 1095235856.32344 1111345392.03881 819236234.24348 1312125519.57065 1133570692.98843 1140783210.53718 1268820524.26262 1063960297.2037799 1210093696.4221 1096067305.4869 771085220.44545 1164663057.30305 1245249533.7295 1200993179.69953 697291845.1812 1112165279.8811202 571094157.20404 1071128381.1282 1080538062.09628 1122011871.49366 1143833576.69278 1041478782.07934 1143047931.4931998 1293907169.97997 1153269098.90269 1090086821.77032 1090097347.57665 1181217881.1722 1217178235.47405 659159946.34968 1119853407.79774 1079181371.4876 1095931755.4337802 1072919355.0434301 1119139109.29481 729946657.51702 635152973.11761 1100958070.28133 
1071588831.25659 988275248.4209 1113053787.07053 682907960.0962 1078111288.50455 1027723471.33832 565872114.10792 1066897820.8939 614930036.7039 1032426725.33669 527275826.02016 803936088.81881 1054384660.1290901 1152570797.04104 599057715.40432 1037740323.69217 1057145863.1974599 1104949709.66279 1159872637.2660298 1111972353.44226 1127769870.3008199 744869797.27814 1125802853.1466699 1115910184.59969 634534305.19099 969384309.40222 1017103152.7716501 513994639.72079 1026612983.4133201 1063417486.66167 529965627.12888 0 601950621.73292 756254404.61822 605446159.07997 823983906.31371 1060820458.30779 723865069.08631 1042120931.59632 1085216486.97369 533994670.0749 1054310927.5780599 1072087891.76611 1075474230.67951 885800096.95497 715283906.60062 1125937003.9089599 1227257472.31008 1132561133.0967398 1101059784.33292 1028933075.56543 1041738524.29441 597132940.82981 709921516.13748 1077386827.3715901 1118835511.76466 1175394431.10818 988934604.80112 796776300.75821 1021405758.92944 1096325494.80269 747486837.25091 1045849651.89417 1067108690.55626 938486817.15736 1091782275.62068 799178474.6513 1006471367.82144 504513207.0895 973652583.06766 1133515800.10435 
976757380.12621 1085102549.11165 581227900.80153 891389867.4559 1026147472.64575 1087244271.64355 1167822735.84084 1092390410.86908 1066184996.31917 637776813.05154 788752714.9 1059388534.09936 797527656.0522 677021661.18457 1201008337.13724 1018566123.01208 507443975.98609 502999087.92987 1010321112.43443 1085237851.42228 566335030.3437 772173198.58399 903163391.57137 1083199643.1227899 1099114887.0180202 916220897.58982 1037192191.26325 725190000.34261 1229216673.22575 1213147033.36881 1113678395.57391 601950621.73292 0 1097894794.9913 1022043354.64835 1118966160.6164 1029243105.11632 1053162391.45034 540643677.83781 1089871776.0113502 878319888.44932 845729387.81039 749548374.08457 688372123.53479 846906845.42121 1069495021.31756 1162721521.49508 1203239994.43276 1015167223.75309 1091421306.45711 669713709.63865 1159290864.05894 1035533986.97539 1074534411.96106 1228674490.84336 1096013368.72874 573443809.37526 1199939760.52119 1074686796.48485 1123063961.58725 1126629047.2323499 1163608297.90852 1038920924.16562 506167433.47822 1029299899.7430899 1235785730.6371 1115299494.76048 1131762625.6055598 1106463828.8224201 1138882168.08664 1195119073.6195002 
