18
location9 location20 location4 location12 location18 location2 location8 location24 location23 location15 location6 location3 location10 location7 location16 location14 location25 Soda
0 513233588.48622 1181688700.29819 1761589620.35664 1025174563.96395 1682417754.45266 2012527440.14318 1731007504.08357 626213008.49779 1427398248.01343 1735463163.97619 1294608072.7666001 742974730.99852 1166158202.19703 1497166752.08388 2092041351.6644 1570443548.03063 1476302297.28939 
513233588.48622 0 668455111.81197 1248356031.87042 1400761555.63848 1169184165.96644 1596936704.9590201 1315416768.89941 1139446596.98401 1940631836.49965 1807399382.51468 1807841661.25282 1256208319.48474 1226228006.6529799 1822373963.1111298 1914671031.10927 1644937224.41798 963068708.80317 
1181688700.29819 668455111.81197 0 579900920.05845 971416919.90498 500729054.15447 1289514876.87816 812509095.19489 1564060477.20699 1841133958.57091 1608662731.81455 1441382110.03944 1823581916.7575 1579893912.75451 1575663269.02309 1246215919.2972999 1312201277.6315598 1631523820.61514 
1761589620.3566399 1248356031.87042 579900920.05845 0 767990982.19894 1080629974.21292 1869415796.93661 1392410015.25334 1462365720.82554 2096618849.92904 2107735786.7048402 1535255899.65946 1620155979.05146 1827808251.6008499 1539090746.34194 1327225245.17619 732300357.57311 1414168873.18792 
1025174563.96395 1400761555.63848 971416919.90498 767990982.19894 0 1472145974.05945 2181145472.07768 1783926015.09987 1169699295.80102 1446772777.16494 2037311134.4507399 1403798338.6206 852164996.85252 1185532731.34854 1606357017.93788 1565096067.70743 1500291339.77205 1531559374.0415 
1682417754.45266 1169184165.96644 500729054.15447 1080629974.21292 1472145974.05945 0 788785822.72369 1223532923.13906 1442918762.63963 2078027917.0208502 1354538811.11351 1187258189.3384 1617913083.11743 1331892513.75423 1719243508.16008 1318447868.09076 1677764260.13535 1849002389.96449 
2012527440.14318 1596936704.9590201 1289514876.87816 1869415796.93661 2181145472.0776796 788785822.72369 0 1326995803.33141 1386314431.64539 1356242825.88162 1397265536.4021 1976044012.0620902 1703791980.8150902 2006611923.0921798 2345329503.34111 2107233690.8144498 1549175540.50335 2231044056.1181602 
1731007504.08357 1315416768.89941 812509095.19489 1392410015.25334 1783926015.09987 1223532923.13906 1326995803.33141 0 1104794495.5857801 1337852625.36602 917315898.81122 1041893061.52722 1472547955.30625 1427753377.0417 1656312258.18681 1061437658.60629 1290602279.49818 1972470795.11299 
626213008.49779 1139446596.98401 1564060477.20699 1462365720.82554 1169699295.80102 1442918762.63963 1386314431.64539 1104794495.5857801 0 1571922979.8505 1681001141.5809698 1916024503.8408902 1369187739.49631 1310682934.0341 1591548301.30019 1992578859.69799 2194666078.39865 1680231368.53858 
1427398248.01343 1940631836.49965 1841133958.57091 2096618849.92904 1446772777.16494 2078027917.0208502 1356242825.88162 1337852625.36602 1571922979.8505 0 1212408488.2546802 2070568274.43575 1518934932.66767 1587756415.39802 1907721569.4851499 1959243379.95901 1364318492.3559299 2046187007.9707398 
1735463163.97619 1807399382.51468 1608662731.81455 2107735786.70484 2037311134.45074 1354538811.11351 1397265536.4021 917315898.81122 1681001141.5809698 1212408488.2546802 0 1172898949.50167 1559957643.18815 1544209923.39716 948063966.93901 1542938566.51953 1405341202.87641 2087209718.49122 
1294608072.7666001 1807841661.25282 1441382110.03944 1535255899.65946 1403798338.6206 1187258189.3384 1976044012.06209 1041893061.52722 1916024503.84089 2070568274.43575 1172898949.50167 0 551633341.76808 1113687452.86831 1305825362.85344 1397880429.68943 802955542.08635 1484824057.70116 
742974730.99852 1256208319.48474 1823581916.7575 1620155979.05146 852164996.85252 1617913083.11743 1703791980.8150902 1472547955.30625 1369187739.49631 1518934932.66767 1559957643.18815 551633341.76808 0 562054111.10023 754192021.08536 1349066620.6658802 1354588883.85443 1919079936.15623 
1166158202.19703 1226228006.6529799 1579893912.75451 1827808251.60085 1185532731.34854 1331892513.75423 2006611923.0921803 1427753377.0417 1310682934.0341 1587756415.39802 1544209923.39716 1113687452.86831 562054111.10023 0 596145956.45815 1191020556.03867 1095507894.02774 1357025825.056 
1497166752.08388 1822373963.11113 1575663269.02309 1539090746.34194 1606357017.93788 1719243508.16008 2345329503.34111 1656312258.18681 1591548301.30019 1907721569.4851499 948063966.93901 1305825362.85344 754192021.08536 596145956.45815 0 594874599.58052 806790388.76883 1488658904.3836398 
2092041351.6644 1914671031.1092699 1246215919.2972999 1327225245.17619 1565096067.70743 1318447868.09076 2107233690.81445 1061437658.60629 1992578859.69799 1959243379.95901 1542938566.51953 1397880429.68943 1349066620.6658802 1191020556.03867 594874599.58052 0 594924887.60308 1276793403.21789 
1570443548.03063 1644937224.41798 1312201277.6315598 732300357.57311 1500291339.77205 1677764260.13535 1549175540.50335 1290602279.49818 2194666078.39865 1364318492.3559299 1405341202.87641 802955542.08635 1354588883.85443 1095507894.02774 806790388.76883 594924887.60308 0 681868515.61481 
1476302297.28939 963068708.80317 1631523820.61514 1414168873.18792 1531559374.0415 1849002389.96449 2231044056.1181602 1972470795.11299 1680231368.53858 2046187007.97074 2087209718.49122 1484824057.70116 1919079936.15623 1357025825.056 1488658904.3836398 1276793403.21789 681868515.61481 0 
