77
AinBessem Aracuai Zhaodong SantanadoLivramento SaintCyrlEcole NahiyatashShinafiyah Gorgan Manacapuru Shurugwi Kemise SouthSaintPaul Angleton Braila Bury Turek Andrychow SanJuandelaMaguana Gunzenhausen Kineshma SpanishTown Lloydminster Khulm Anjarah WestIslip Embu FetestiGara Garbsen Rivas Twante Daokou Hangu Gowurdak EastLongmeadow Mocoa Akcaabat Acarau Kotka BlueIsland MineralnyeVody TagbilaranCity Shimofurano Skelmersdale Ibirataia Izhevsk KotRadhaKishan HaciendaLaCalera Shieli Yafo Vaniyambadi Johnston Sobue Kambove Morwa Ortaca Itororo Shchekino AshtonunderLyne Kaifeng Butuan Acireale Ontinyent CerroAzul Mabopane SenaMadureira Pezinok Escada Pozzuoli Haripur Nagar Fuxin Sorada Oerlinghausen Belalcazar AinArnat Battambang Wachtberg LesLilas
0 150099370.89122 310103845.78409004 379031083.32685 332594233.86196005 284861265.14221 412761455.17086 468331216.30283 471997565.09076 331897321.78292 444866093.89245 326147452.40318 355120574.64626 409372941.54023 397981875.86736 332079544.17761 327279751.77621 351867474.46173 352982538.88388 483494129.91323 462956748.07812 385412671.66565 523582572.07488 341888539.09558 336411015.4475 185262254.7569 319142010.19685 451683218.52288 423235661.80128 416514820.57553005 329972996.72565 306294168.92052 309409108.40478003 349611353.81503 309611706.01282 399863899.15609 436823967.76605 422039749.6641 433099676.67392004 415636991.71503997 360210244.15296 353626923.60886997 399308228.37746 559667065.65682 381737458.18043 453218417.49514997 403992419.05626 576367139.9765201 411909751.54859996 287129856.94738 272636060.01686 303808148.0832 394689735.73468 235463006.0645 286419880.0679 166856867.93543 367172797.73512995 492609139.00027 279027009.04991 336756331.2648 370463007.28085 368084232.4302 391347832.89259 416562328.44096 286856104.70435 330405283.94515 380864095.7039 384065342.51550996 372520624.88456 537268125.8802099 509829333.99097 325706658.94306 198804318.68534 277278895.69004 296508938.64328 343727288.60151005 165477313.71796 
150099370.89122 0 160004474.89287 401931509.15013003 376921749.29371 358042785.00539 394863305.57063997 401167420.4103 332963107.30368 181797950.8917 294766723.00123 367300561.51362 291597750.23213 371982866.14599 397718917.94161 415174409.03513 412637788.78635 253282929.05996 356904953.13032997 486180295.05771 474345896.77989 476627729.67942 496332401.82189 491987909.9868 486510386.3387201 335361625.64812005 402557173.32181 301583847.63166 454364181.81860006 266415449.68431002 179873625.83443 334734393.30728 422005258.24027 481315490.74075997 384375866.40074 249764528.26487 366088391.02177 333550602.72248 456504253.4318 350347655.53317 420584959.50139 367064863.46707 249208857.48624 414919694.51492 512588402.15665996 356125242.87176 523264125.3367801 447120099.50453997 271447719.90497 395138173.49473 335999068.11347 435804315.29262006 444338807.2908 385562376.95572 369514744.92542005 249951732.79295003 450267662.59265006 525881467.14186 429126379.94113004 366008271.1777 434147851.08209 461365862.34485 361007717.03762 486517655.56833005 394755845.85169005 282601133.17596 420030845.84678 478567262.04269004 488861769.12242 487529585.50567997 463571481.17732 475806029.83428 348903689.57656 229081222.57773 375466307.49452 420435720.50907004 315576684.60918 
310103845.78409004 160004474.89287 0 397478840.00349 463270339.43146 484044587.07897997 554867780.46351 535101251.07482994 360237133.22240996 341802425.78457 410487501.78782 490446801.04586995 451602225.125 531987341.03885996 474167389.13853 537914482.34449 457955857.34571 413287403.95283 483658644.45338 389847488.82812 522589828.03970003 478896438.18948996 515123200.98050004 479129244.55986 470777753.63702 465062922.16838 515892011.02624 461588322.52453 532294291.06254995 426419924.57718 339878100.72730005 494738868.20015 471111634.54794 502284233.94394 291671627.01417 355555412.06582 501647421.73523 381794533.98229 504748184.69161004 457108129.89634 523703468.09579 261302188.64231002 409213332.37911004 574924169.40779 605007000.95394 428488837.38247 657206144.23031 588191905.28505 431452194.79784 474498477.91129 352749480.42758 484662730.03288996 432062896.12285 327290003.38118005 480499374.32508004 409956207.68582 610272137.48552 603920870.1559399 392689062.36800003 368364427.05263 511534347.99587 358914994.39032 482735846.04559 497288684.35785997 478674635.73448 325253581.93505 454828587.69233 318562787.14981997 384781416.51579 579938785.9918699 506223929.93641 601535744.49026 508908164.46943 389085697.4706 467215384.2299601 306597888.32377005 475581159.50205004 
379031083.32685 401931509.15013003 397478840.00349 0 154320436.00494 303800011.49346 431700201.52211 400224327.57632 257942152.65688 409107309.06886 332268109.46908 184693556.51498 346866071.72199 353024176.41564 212950721.79325 371272378.84367 456651073.16890997 506176880.10147 338863914.63532 394146835.87737 339872505.60963 467264652.89705 569402345.26384 465926544.03619 482830333.26307 331681572.57247 351051287.32041 477811661.65696 412463856.5586 533780718.98474 430796013.90042996 445190570.21306 308510043.98528004 250542480.7065 308521419.01182 443132757.14769006 182364961.92174 294255320.74112 417208971.45044 460319654.22510004 403196727.48613 404613337.96331996 388790506.67785 516897412.32648003 342486712.88137 443844122.33796 445512672.40804 522274052.92142004 357059715.20265996 308523209.32504 363758733.37344 368116628.83247995 393948821.59946 415469386.50736 331737227.52389 212174215.39142 412490145.19112 415941917.64047 202359787.69011 343674877.38782 486844798.33106 383570022.57623 493908555.04419005 314428505.94166005 159071675.78137 258064536.77275 395494249.44357 409395693.84845 464325172.71921 438199252.77168 439034884.77410996 439172425.68238 312270085.42466 407461339.83896 435405339.93582 381858034.97115 239983518.2834 
332594233.86196005 376921749.29371 463270339.43146 154320436.00494 0 149479575.48852 277379765.51717 406325538.29085004 412262588.66182 472646666.49277997 359677894.38325 335632703.62035 330982582.79024005 466906682.8971 337470460.77349 383749021.69982004 303141759.92019 462496619.64658 328844547.02786005 408715402.93669 327575058.42443 442727528.62349 466325635.006 435716027.99556 454942814.53198004 369706790.89005005 196730851.31547 409374063.38980997 388691101.94396996 517147808.1215 379044932.95491004 433603630.35807 422928843.86010003 338690684.16488004 343248409.07639 477859747.21226 336685397.92667997 350534073.06042004 387754763.87716997 336784414.81086004 395697324.68497 335574361.10719 493619808.39075 511833181.20246994 496807148.88631 501192884.79631996 376846669.36597 367953616.91648 507393950.45288 154202773.3201 275951770.80381 355460502.30884004 367588249.72325003 333469358.68655 180259987.74265 299822999.87512 474285771.77088 431869771.42910004 342753176.74159 312618339.40878 455788260.35201997 342436925.29771996 446582588.71095 356007736.30632997 313392111.78631 351338640.48168004 345953887.1411 469279970.45109004 406418818.65998995 510185642.37995 483308923.23906004 468196641.22887003 466590521.4296 253140903.83402002 298586324.13803005 401468695.56764 394303954.28834 
284861265.14221 358042785.00539 484044587.07898 303800011.49346 149479575.48852 0 127900190.02865 256845962.80233002 431710080.65475 423356209.62707996 310387437.51755 291718038.52770996 309157586.69719 428609055.21524 415107390.82379 384014814.03916 418694352.87951 364579400.41398 281322430.14442 314135965.19472003 178095482.93591 305487630.22333 316846059.51748 479483880.94137 314057285.75273 330283059.09720004 296971896.14588 365590791.5553 326442569.85439 429697555.80576 383270858.56807995 284124054.86955 278114564.65902 189211108.67636 398972029.83904004 412682953.26066 354169344.74405 318890776.99332 430315580.06439 412053434.05843997 246217749.19645 289372978.1467 444329351.52505 403000648.2372 384673100.81558 412706304.05482 384181300.3779 517433192.40500003 434729826.02642 251033453.52955002 250465945.96589 205980926.82032 218108674.23473 377335403.90490997 329739563.23117 391833509.31999004 488306362.77976 435430343.87267005 256856894.99894 290425748.19179 396400035.14488 339045706.14665 388703265.30775 206528160.81781 264685990.65337998 255400258.02622002 392829970.69704 390961668.19712996 256939243.17147 376867880.74154 379044507.69721 345396455.24508 390070452.29121995 288706017.03853 274338824.59230995 360617110.61831 392339073.27915 
412761455.17086005 394863305.57063997 554867780.46351 431700201.52211 277379765.51717 127900190.02865 0 128945772.77368 303809890.6261 454975047.03808 349293877.52375 419618228.55636 413333169.17375994 490388264.96807003 338464673.05132 270627447.02656 385378265.15225 463097737.21806 310498832.5773 422881155.47289 305995672.96456 392695796.59786 444746249.54613 546182772.81655 425243162.62014997 414531663.91517 424872086.17453 377658560.42149997 198542379.82574 386491111.96003 450725388.48899996 295864621.01615 150214374.63037 282506828.2763 493119435.20607 479434423.02518 339149324.73219 405239396.20462 427244699.22581995 284153244.02979 118317559.1678 406387953.29012996 394943193.32218003 530900838.26585 468472856.46476996 477272113.6336 408348341.27532995 580723062.19559 454661821.52478004 378933643.5582 378366135.99454 333881116.84897 346008864.26338 464327229.68033 383446934.49240994 421882122.16338 387401848.64252 376715133.17314005 384757085.02759004 418325938.22044 524300225.17353 387422671.89559996 450183706.57492006 334428350.84646 392586180.68203 383300448.05487 427184918.18568 355214188.80199003 318680418.93027 470163600.34148 504144905.42910004 320022230.38119 401494637.32498 165782082.99291 312167167.90970004 443236826.17786 520239263.3078 
468331216.30283 401167420.4103 535101251.07482994 400224327.57632 406325538.29085004 256845962.80233002 128945772.77368 0 174864117.85242 326029274.2644 423207857.00707996 414439548.88477004 426337179.77030003 420203005.59094 209518900.27764 367840557.32806003 362290286.39384997 367611620.33193004 181553059.80362 312064650.83297 355574036.42875 473058882.55649996 417781334.99948 509569647.09295 344143051.90431 407787834.76739 387651396.04182005 394733626.85249996 327488152.59942 515436884.73371005 427364192.38482 319336867.20202 279160147.40405 381866076.79292 400857208.73713005 529936112.65518004 387925306.58825004 329512561.55839 452466212.26771003 413099016.80347 247263331.94147998 357797923.69287 427094850.23888004 436756610.08140004 424277206.14163995 360766087.5335 471833128.86032 501388428.35067 325716048.7511 332170112.32829 352256803.87517 392694822.34229 409650352.41858 377471360.22785 293110128.11465 412673140.24712 434232849.65634 422396076.17260003 372257900.50222003 360129737.52516997 503299658.46840996 392771630.41221 383855014.82232 463374123.62014 361345298.65757 382356934.99203 494746008.36592996 358480207.82342 447626191.70395 523032589.07065 375199132.65542 191076457.60751 317978797.86522996 294727855.76659 187786561.51036 348404057.41655004 525313756.35722995 
471997565.09076 332963107.30368 360237133.22240996 257942152.65688 412262588.66182 431710080.65475 303809890.6261 174864117.85242 0 151165156.41198 264133928.52151 411708481.47561 301953838.90633 341350071.66627 384383018.13006 453166487.00661 369180478.32352996 438042699.1539 356417177.65604 337663714.65891004 311188509.22756 298194764.70408 445822067.66863 426945470.39065 488664585.90155 444550370.50546 394541587.97150004 219869509.00008 383452636.72249997 468405107.78269 342774520.30943 195488484.93632 341138731.32210004 473431184.96803004 426181584.15765 366506933.91936004 437373520.07329 336402753.48807 459356404.19739 463793423.57228005 300856599.14785 353088618.42124 398075842.52901 507770579.1097599 362420133.25255 185901969.68108 296969011.0079 452582554.91098 276910175.31141 364412942.6872 406413970.67130005 413053746.4434 427902568.14059997 397513625.61886 244304254.67496 363867266.80742997 524968930.94693995 499874592.46309996 340505288.19879 373218880.21002 490898503.04511 354586962.61219 458297634.65591 433008530.43762 417013828.43825 415462215.24021995 540001419.2391601 458528415.74375 501219458.91032 532097406.27838004 403353317.56574 263915186.53129 390817526.78901 469591973.61901 362650679.36278 433869476.905 478280741.20336 
331897321.78292 181797950.8917 341802425.78457 409107309.06886 472646666.49277997 423356209.62708 454975047.03808 326029274.2644 151165156.41198 0 112968772.10953 260543325.06363 326552415.18813 190184915.25429 400869020.56759 543473127.17992 446232402.46831 286877542.74192 390278376.50613 448455811.76699007 312415329.50818 439807476.79560006 477512237.2683 479940534.33603 471629650.24975 405766856.82982004 457040894.87977 371034665.41206 534617793.13448 448213400.57601 361671576.72613 346653641.3483 492303887.73407996 516270155.69676006 548489926.77961 431562479.15657 435652088.37238 382646430.59502 505600081.30434 504990858.79164004 452021755.55982995 262154085.25504 246910686.11703 441237682.06264997 513585289.66453004 337067126.09306 442706902.54267 539802650.2315199 428075331.72339 502888824.83129 404357016.8373 387980917.51381004 478287217.20168006 510467148.64075 395469411.08694 419833909.53138006 468163760.53162 457477045.06224 418448234.42289996 267812444.92132 410982365.86456 430953329.89919996 307132478.24393 534702217.28886 384137415.88856006 283919298.59360003 421349011.26442003 435976100.69109 490179934.54006004 564820399.75367 291996509.13429 408857575.34488 530701640.46826 410879173.46942997 486026346.25086004 403039640.72347 497374635.50088 
444866093.89245 294766723.00123 410487501.78782 332268109.46908 359677894.38325 310387437.51755 349293877.52375 423207857.00707996 264133928.52151 112968772.10953 0 147574552.9541 309747068.16111004 303153687.36382 509084456.09739 448014448.48447 333263630.35878 173908770.63239 359967331.16069996 335487039.65746 199446557.39865 326838704.68606997 364543465.15876997 366971762.22650003 358660878.14022 292798084.72029 365219948.01184 304324265.97182 482404080.23484004 336087521.81523 341512399.34406 383823560.24156 396675108.14438003 457147183.77842 435521154.67007995 414934802.69984 322683316.26285 269677658.48548996 392631309.19481 392022086.68210995 441063925.08232 149185313.14551 133941914.0075 328268909.95312 492890125.45713997 316371961.88566995 329738130.43314004 442628005.10679 450902504.8395 413137242.21147996 291388244.72777 365963000.20116997 365318445.09215 397498376.53121996 342026676.52298 306865137.42185 355194988.42209 344508272.95271003 305479462.31337 154843672.81179 298013593.75503 317984557.78967 194163706.1344 448879657.73578995 316113858.81351 170950526.48407 308380239.15489 323007328.58156 377211162.43053 451851627.64414 179027737.02476 295888803.23535 422791143.49307 389372236.66415995 400203786.69778997 290070868.61394 406509404.31319 
326147452.40318 367300561.51362 490446801.04586995 184693556.51498 335632703.62035 291718038.52770996 419618228.55635995 414439548.88477004 411708481.47561 260543325.06363 147574552.9541 0 162172515.20701 298540015.14085 397644278.30823 324513260.70993 330318221.5346 321483323.58649004 290580206.65265 383232636.92283 347021110.35275 430327559.3108001 405689791.1129 327911541.13388 480771147.71889997 341149202.65050995 268560447.388 451898818.92592 441858924.80829 438955332.31399 353867383.44858 415786049.13649 270135802.75071 351890255.71564 327147654.90088 393066033.9948 367058518.43672 303722950.81916 426676601.52848 435829349.66698 383385893.89096 294002169.01531 281516466.9616 475843462.90722 351954342.95940995 421964080.56305003 429101805.6146201 533139256.43342 443987602.53465 425492226.31600004 303743228.83229005 299604261.67182004 314453083.36902 432062967.54412 278853596.60022 159290584.46775 359606514.26745 488474730.59369993 317834446.41789 167198656.91631 310368577.85955 328594602.90608 341738259.0885 323896136.0197 168539305.85941 316428285.98345 426551934.46758 470581881.53565997 499183170.33551 464206611.74865997 326602289.97886 429593943.30659 321737715.5027 280317365.44843 324414657.32495 197164478.45617 424677074.79838 
355120574.64626 291597750.23213 451602225.125 346866071.72199 330982582.79024005 309157586.69719 413333169.17376 426337179.77030003 301953838.90633 326552415.18813 309747068.16111004 162172515.20701 0 136367499.93384 347051605.24714005 365290188.0891 325668100.70449 387122445.87810004 308019754.82212996 336205687.03117 319761586.89439 292353775.56219 439981078.52673995 328311138.51006 361201217.12537 354066839.56676 361056835.53403 350342113.62344 377611647.58061004 363252521.0325 411120392.33517003 407425797.90188 322010194.15456 189717740.50863 327547252.27706003 346601599.61306 392748979.53533 400884192.71413004 406099080.29722 451564870.5263901 295015610.00596 316202945.05971 311764618.90928 351871147.61344004 359567008.63095 439403628.73253 291128021.86601 463502742.78627 368284791.25316 347501265.35584 294359192.32182 151904655.4151 153889699.20089 313116428.87107 266226615.08309 321463099.67476 402176740.48671997 359760740.14494 390579054.08152 317123072.8695 454055774.8177401 284969434.74143004 362736801.55971 485676830.7284 330320000.56811 316827883.35963 454257596.03045 409244264.57299995 495378469.76843 377374512.57381 488774805.18587005 391299723.48674 483518410.21140003 275667244.61832 238550618.25994 359336993.66318 338262801.87393 
409372941.54023 371982866.14599 531987341.03886 353024176.41564 466906682.89710003 428609055.21524 490388264.96807003 420203005.59094 341350071.66627 190184915.25429 303153687.36382 298540015.14085 136367499.93384 0 210684105.3133 369005762.36372 462035600.63833 412847195.72314 373744739.48822 447927531.39146006 409999183.53132 404075619.92248 369548203.05675995 464678638.44390005 497568717.05921 359802036.69904 354268322.15001 486709613.55728006 489333491.9409 479190356.86879003 341087481.7022 480071395.06596005 340173890.3377 326085240.44247 372506240.49408 282919957.15789 357982047.47303 329136145.59402 452089796.30334 321268058.60735 406737454.36625004 324964053.92095 437095601.37132 488238647.54727995 377367537.73427 463524921.39617 398162856.70824003 419117802.63322 502306624.7523 312703909.577 216073137.40539998 288272155.34894 290257199.13473 449483928.80490994 353139440.51763 409167951.40823 538544240.42056 496128240.07877994 452804235.19535005 322774384.08500004 465944305.02824 398632690.49307 337089344.49199 349309330.79456 193952500.63427 347373554.4337 403077826.34604 399126998.26315 547060406.8267 513742012.50765 482181424.38858 474053250.53528 347150910.27756 412034744.55215997 374918118.19378 305256746.69323003 335755376.23843 
397981875.86736 397718917.94161 474167389.13853 212950721.79325 337470460.77349 415107390.82379 338464673.05132 209518900.27764 384383018.13006 400869020.56759 509084456.09739006 397644278.30823 347051605.24714005 210684105.3133 0 158321657.05042 273072475.17610997 432427334.9025 391071960.08126 377427772.85018003 409311157.31642 288971195.21564 356451623.47059 319678893.33639 470223772.39039004 319075011.69979 354253846.09259 405275821.76949 433186199.64704 355948167.27377 217845292.10718 343266530.69194 440882875.7787 457752798.68096 402117567.02219 392014101.15853 186401139.83454 306254027.58748 401011696.29997003 349042011.51843 310631544.90918 425335681.05176 504322176.59257996 526505102.48055995 445504056.31427 533188299.28054 491575614.83729005 554736814.75685 379064435.15727997 183267687.45339 305016684.9371 209126464.00347 485200156.39700997 436191729.59580004 365177838.82787 323544333.2926 486676744.93262005 444260744.59084 371818090.87488 404514018.63945 368341208.90153 199254868.82522 323075720.48048997 496187544.01193 372022397.57462 400107988.40941 332710772.59771 196444972.0552 393234185.93638 519138261.23455 512373837.37235 400595357.88515 432508833.30885 433924218.17152 327651238.27132 438310684.76998997 395484610.4623 
332079544.17761 415174409.03513 537914482.34449 371272378.84367 383749021.69982004 384014814.03916 270627447.02656 367840557.32806003 453166487.0066099 543473127.1799201 448014448.48447 324513260.70993 365290188.0891 369005762.36372 158321657.05042 0 114750818.12569 274105677.85208 414604857.20545995 284093266.17610997 317110020.2995 351092002.59832 332545025.89212 360319393.70711 311902115.33997 160753354.64937 233152538.02417 445795750.09851 469169826.85230005 343485800.12184 314222184.74173 438090866.10386 320143982.95756 325102453.7075 460592142.72077 386962959.47403 211485026.85839 211644002.9862 334597653.69552 318145572.72075 152309887.85876 319100612.85555 491673677.62034005 496682509.14636 468918800.12691 374866642.23012 378322714.24596 466699132.42336 389546828.0003 280827779.25984 374349583.01003003 298112823.58122003 331683020.694 370269714.09231997 284785688.37465 165222676.24218 365538606.04188 449222342.42147994 365937493.46338 353468280.58803 496638201.53126997 337477856.13545 461298707.79072 367837961.21783996 333363251.44047 340262271.72571003 304641416.80157 354766629.10562 348011724.77703 360816604.18413 507819072.0682 477060505.76245 431084986.74230003 362577239.87395996 425211330.07777 319218388.49398005 452915428.59514004 
327279751.77621 412637788.78635 457955857.34571 456651073.16890997 303141759.92019 418694352.87951 385378265.15225 362290286.39384997 369180478.32352996 446232402.46831 333263630.35878 330318221.5346 325668100.70449 462035600.63833 273072475.17610997 114750818.12569 0 159354859.72639 299854039.07976997 169342448.05042 305382930.30922997 382699660.34585 447295844.01781 430401545.90981 426652933.46566 275504172.77506 347903356.14986 506502021.70451 452434704.72367 442946669.68548995 376038138.30645 455656956.39935994 434894801.08325005 439853271.83318996 429637659.67681 300759602.31309 274286111.24717 326117689.86484003 449071340.57416004 432896390.84643996 267060705.98444998 336004941.62066996 467205544.36628 381931691.02067 354167982.00122 474327511.79376996 477783583.80960995 447669187.22888994 390623961.21322 395578597.38553 376581039.90269 412863641.70691 216932202.56831 376158932.23849 397797863.24446 279973494.36787 480289424.16757 400603094.1004 419860681.97178996 307303857.32303 386411956.53826 347515352.07537997 415121588.50499 395358876.5101 432267949.29216 327320311.3467 189890598.67588 326156399.21839 373317244.04743004 475567422.30982006 393068253.94251 454342226.85415995 369149202.03573 247826421.74826998 394211506.66506 396154213.48188996 405277380.66182005 
351867474.46173 253282929.05996 413287403.95283 506176880.10147 462496619.64658 364579400.41398 463097737.21806 367611620.33193004 438042699.1539 286877542.74192 173908770.63239 321483323.58649004 387122445.87810004 412847195.72314 432427334.9025 274105677.85208 159354859.72639 0 186058560.52831 316570151.55766 350736947.90688 223344800.61946 370972103.58401 433690675.04139 413814621.81693 306775655.34175 356395486.53191 410418376.17003 542734885.88094 354786153.74665 216683278.58006 371544046.05291 312883362.58769 386371577.51761 511823814.73814 448546326.42061 433640970.97356 327740849.77567 355521137.83160996 490892958.3760201 426415565.71084 323094083.7779 307850684.63988996 502177680.58551 385211712.36334 490280732.51805997 503646901.06552994 553574801.22973 377902421.63016 326494977.41185 340105233.08914995 352985994.7952 376287062.2947 517696899.53102 383445347.52885 431589583.88763 422081278.87031996 472340665.3592299 413337435.4948 328752443.44418 471922364.38742 383145054.28745997 368072476.76679003 521207629.54254997 365850799.38225996 344859297.11645997 349245458.40227 383678451.65913 342002743.36651 558896137.8373699 246789160.31848 430911835.36639 400526417.05682 407181281.47466 470878528.22977996 448439308.21192 456804901.77874005 
352982538.88388 356904953.13033 483658644.45338 338863914.63532 328844547.02786005 281322430.14442 310498832.5773 181553059.80362 356417177.65604 390278376.50613 359967331.16069996 290580206.65265 308019754.82212996 373744739.48822 391071960.08126 414604857.20545995 299854039.07976997 186058560.52831 0 130511591.02935 266552073.28816003 393944220.57558 397705014.46259 456104333.01748 469142556.38921 352402135.64505 361546856.08046 463728121.87804997 471257678.37801003 428559723.9307 402741839.10837 458954217.9993501 332605470.63523 200313016.9893 410925623.91907 411908802.51126003 342293464.98498 314975883.81369996 437929534.52301997 384788239.92569 428816391.7451 290344508.60609996 444686197.74922 343100833.9996 363207275.95395 411568472.17976 395283208.69084 408224646.98555005 433591994.15136003 438391077.19529 316642079.71158004 406512616.17697 409539029.65515 331638339.00271 358967006.22339 331803682.36431 532119612.16401005 419426067.75474 431687058.1287401 289287916.31673 432457837.25997 308684495.05431 432505346.70958 335149069.01424 179792238.85395 333213292.65338004 403507726.97615 479418258.54938006 366964661.64703 387969789.05448 432847720.84679 372629517.41113 332990648.49724 273529208.85594 329491405.88966 421857000.58956 450012147.29946 
483494129.91323 486180295.05771 389847488.82812 394146835.87737 408715402.93669 314135965.19472003 422881155.47289 312064650.83297 337663714.65891004 448455811.76698995 335487039.65746 383232636.92283 336205687.03117 447927531.39146006 377427772.85018003 284093266.17610997 169342448.05042 316570151.55766 130511591.02935 0 136040482.25881 263432629.54623002 411059932.51078 456555825.99636 338630965.35986 359957705.71718 459483889.25465 384193856.96923006 417704484.84734 319379133.05968 430512753.20427 533152199.59523004 417837135.64713 330824608.01865 443240259.26480997 470102050.36351 211781873.95563 276835776.31622005 399789427.02554005 344768339.80992 335108447.27269 333566841.86438 419376335.55246997 212589242.97025 387190998.27581 350759975.16796 331220859.13274 503595580.05300003 496293805.41758 410365566.56852 425170787.33772004 311237683.35129 301912369.95231 381664786.13794 228455415.19404 318824964.82579 465594780.13236 398164994.34411 370115643.8045 288626215.42174 347259244.10127 178172904.02496 301993755.68023 348415865.64934 310303829.8833 379026023.60915005 359233046.7263 348906667.52003 482145065.57439 387643840.18327 514514776.68222 503141108.44048 463502239.52659 257099072.47998 403484157.39677 333309557.38204 497595829.81012 
462956748.07812 474345896.77988994 522589828.03970003 339872505.60963 327575058.42443 178095482.93591 305995672.96456 355574036.42875 311188509.22756 312415329.50818 199446557.39865 347021110.35275 319761586.89439 409999183.53132 409311157.31642 317110020.2995 305382930.30922997 350736947.90688 266552073.28816003 136040482.25881 0 127392147.28742 275019450.25197 368017078.28969 202590483.10105 353739243.79165 341106007.63675 447207212.73127 429291265.89546 432575146.11204994 294472270.94545996 401282032.2032 395820315.63166 367306591.61227 495057504.85529995 360446166.71942997 260648181.81035 140795294.05741 263748944.76673 406840399.96276 401770384.71747994 261287639.39739 333388471.40615 348629725.22906005 459393976.11715996 428474288.13755 414761094.95118 495823342.15116 407980554.17297 429128936.46546 319108442.22587 384076409.75623 165871887.6935 325098617.36368 311069379.37518 425910644.64676 499983941.78198004 527443224.81922996 434952377.93485 354290230.21044 483299726.36008 314213386.28377 295633917.07493997 384623643.75372 275978939.01716 370397083.88272 349131985.80373 212866185.26122 435034726.10738 462680767.10396004 378474294.42341 394985565.39285 429177348.66045 393139554.73879004 358946973.495 342007238.93438995 464961934.39054 
385412671.66565 476627729.67942 478896438.18948996 467264652.89705 442727528.62349 305487630.22333 392695796.59786 473058882.55649996 298194764.70408 439807476.79559994 326838704.68606997 430327559.3108 292353775.56219 404075619.92248 288971195.21564 351092002.59832 382699660.34585 223344800.61946 393944220.57558 263432629.54623002 127392147.28742 0 147627302.96455 355896416.38611 190469821.19747 340923033.60915 457755064.67366 498083574.38706 373852573.37836003 458805044.43855 349375860.99071 273889884.91578 347030740.85509 479323194.50102 476669330.7309 463660727.07965 388040329.09777 268187441.34483 391141092.05415 440213922.29205 274378237.43005997 388679786.68481004 460780618.69356996 476021872.51648 355807934.4287 484096734.38515997 287368947.66376 368431194.86373997 471233986.51779 402233079.31551 280484081.8318 403453683.09926 293264034.98092 415676911.82474 262467540.88084 369795994.36448 515368867.6028 504682152.13342 437762335.05353 384745415.13693 404313609.62 292062621.44279 168241769.78752 512015791.04114 400570624.10504 434029164.253 296599451.58218 160333651.03967 473250002.85596 357121721.02775 470133960.93794 374332180.35652 501234520.61424 477412382.26952 331027297.35273 356152615.62127995 468680677.85921997 
523582572.07488 496332401.82189 515123200.9805 569402345.26384 466325635.00600004 316846059.51748 444746249.54613 417781334.99948 445822067.66863 477512237.26829994 364543465.15876997 405689791.1129 439981078.52673995 369548203.05675995 356451623.47059 332545025.89212 447295844.01781 370972103.58401 397705014.46259 411059932.51078 275019450.25197 147627302.96455 0 294379249.26005 338097124.16201997 366990346.50134003 331658387.40939 512346029.89404 453219759.00885 511337244.70254993 373234369.53595996 421517187.88032997 400333028.99443996 367906056.65543 466020600.65242004 531938979.74634004 390128935.30679 382961887.74589 476294331.90540004 501772761.6617 422005540.3946099 349410868.12516 380980601.78309 587767694.36531 503435237.39325 516597516.86531997 393178612.81945 220803891.89919 323606683.55324 344850797.41076 360448407.23504 502902944.14176 379650560.98407996 502661892.70935 385286328.35139 497767702.1343 601638333.81081 429023142.04524004 431333941.96309996 487284262.58150005 551940912.58455 439689924.40733993 315869072.75206995 401096123.82999 489499931.06457996 427147714.15659 444226754.54673004 307960954.00422 360267440.52187 490167431.69227004 410827552.43988 226704877.39197 353607217.64969003 515527893.47971 369142808.56292 208525312.65673 476595460.96413004 
341888539.09558 491987909.98679996 479129244.55986 465926544.03619003 435716027.99556005 479483880.94137 546182772.81655 509569647.09295 426945470.39065003 479940534.33603 366971762.22650003 327911541.13388 328311138.51006 464678638.4439 319678893.33639 360319393.70711 430401545.90981 433690675.04138994 456104333.01748 456555825.99636006 368017078.28969 355896416.38611 294379249.26005 0 165426595.18864 316575355.87924004 420907128.29524 318522194.45276 392127377.98305 471500892.92541 413416517.29979 568277284.77264 450138865.47964 395680424.47042 276053883.33643997 341972262.43035996 339968503.26376 434232323.43356 504068699.72038996 466101871.63012004 512629281.56587 313739978.09358 345309711.75151 552096804.33373 490269905.35482 480926626.83374 456024811.55219996 515183141.15924 351381051.36823 453413763.67238 420743178.97797 462704012.18342996 482200837.71095 496608417.60102004 493849294.6130099 438675163.33201003 502719224.75914 572605238.94661 359023108.99625003 428616112.62797 530248705.34736 466187634.0032 452341389.92512 462211698.41511 306854868.25482 265334514.41900998 402764227.08983 487881201.36966 375702527.63391 517941799.50725996 446304862.42037 496939904.2352 460053277.89811003 380400689.82364 321783085.58259 172854422.62515 480589189.2612 
336411015.4475 486510386.33871996 470777753.63702 482830333.26307 454942814.53198 314057285.75273 425243162.62014997 344143051.90431 488664585.90154994 471629650.24975 358660878.14022 480771147.71889997 361201217.12537 497568717.05921006 470223772.39039 311902115.33997 426652933.46566 413814621.81693 469142556.38921 338630965.35986 202590483.10105 190469821.19747 338097124.16201997 165426595.18864 0 151148760.6906 324124700.26518 405816963.39017 226700782.79441 306074297.73677003 444177172.90336 430362516.67678 284712270.291 315497859.74873 441480478.52507997 507398857.61899996 418211497.65751004 329967910.33469 452921561.04401 428823517.00529003 464212003.19873 209475564.99471 482069083.66157 551220208.3301101 487794399.75105 337455139.84505 340911211.86089003 513285932.78115004 453045807.39413 300740041.21187997 357659633.47029 449642197.92724997 368462370.79455 487933860.28912 435131896.99573 477124791.58215 620823039.66266 519697514.04605997 424861058.89396 319142229.23383 462312150.17706996 374778426.12646997 358711590.98499 339587118.24265003 323758657.4817 386419894.05301 463315937.24951994 327050136.70701 338407130.81826 503154631.81391 537688615.1649799 467455911.80368 476957067.12499 302741575.31074 156356490.39395 309613794.53521 443310834.63637 
185262254.7569 335361625.64812005 465062922.16838 331681572.57247 369706790.89005005 330283059.09720004 414531663.91516995 407787834.76739 444550370.50546 405766856.82982004 292798084.72029 341149202.65050995 354066839.56676 359802036.69904 319075011.69979 160753354.64937 275504172.77506 306775655.34175 352402135.64505 359957705.71718 353739243.79165 340923033.60915 366990346.50134003 316575355.87924004 151148760.6906 0 172975939.57458 359927013.67447 377849543.48501 450846533.05424 312743657.88765 351715962.87551 264317289.2848 164349099.05813 374961705.9879 461201332.19031 267062736.96691 302522484.52115 330302772.57709 277674756.31469 313063242.50813 281370751.62829 330920322.97097003 494475473.34738994 336645639.06045 352864801.12808 359319290.75967 515153959.50693 473962800.93775 421986747.18539 318057853.97185004 327767629.54068 472974407.7536 364503750.44315004 334879274.22596 325976030.89155 485134321.34812 424168380.8495 324448803.0049 302031963.56664 392716005.51218 223629665.43587 347450517.09114 327966726.95139 172609896.7911 326030950.59053004 463460663.26135004 452946661.50759 187258370.12766 352005871.12330997 392145463.79915 316307151.11308 325808306.43439 356297925.04449 298221333.4511 158465033.84461 292162073.94577 
319142010.19685 402557173.32181 515892011.02624 351051287.32041 196730851.31547 296971896.14588 424872086.17452997 387651396.04182005 394541587.97150004 457040894.87977004 365219948.01184 268560447.388 361056835.53403 354268322.15001 354253846.09259 233152538.02417 347903356.14986 356395486.53191 361546856.08046 459483889.25465 341106007.63675 457755064.67366004 331658387.40939 420907128.29524 324124700.26518 172975939.57458 0 212643212.07434 391759392.6701 445312818.50521004 307209943.33862 318404799.92419 396278282.19071 337325038.63271 402143283.13765 433148961.79402 310954955.84602 200310713.57934 323264364.28866 272141041.76566 333217564.02679 275837037.07926 420507994.79645 522846625.1345 346722701.46002 349224491.64051 378060438.38764 342178019.93235004 468429086.38872004 299019980.32557 177270982.84186 209152180.11893 343492402.60195 191527810.86857 344737181.81246996 229427634.83677 351534327.40639 309118327.06461 291137640.05358 210376275.20005 353546196.14329 281310985.22969 405131836.88496 352565696.07182 197208865.91153 350629919.71096003 310335579.39915997 381728807.73725 360234309.70224 499891794.01943004 418429363.59047997 396756805.53818 341020332.46511 305762575.4288 308619569.64695 248052705.67009 286628359.39673996 
451683218.52287996 301583847.63166 461588322.52453 477811661.65696 409374063.38980997 365590791.5553 377658560.42149997 394733626.85249996 219869509.00008 371034665.41206 304324265.97182 451898818.92592 350342113.62344 486709613.55728006 405275821.76949 445795750.09851 506502021.70451 410418376.17003 463728121.87804997 384193856.96923006 447207212.73127 498083574.38706 512346029.89404 318522194.45276 405816963.39017 359927013.67447 212643212.07434 0 179116180.59576 367064912.73004997 460088895.56191003 415357993.9364 478273220.7177 524276112.7326 491199035.14846003 356587697.01259 389812245.21703 306411918.67386 334192206.7298 372616388.72923005 475126065.67207 426904264.01384 438266179.97932 596783099.9394801 449046657.23478997 405771478.68116 516838520.00798 553164099.04505 378270888.65269 454118783.9728 389914194.9162 331657063.69339 363388864.11221004 404171022.94290996 381765218.81008 356774901.54067004 493442829.0516701 451026828.70989 396868508.53942 406958020.5719 375107293.02058005 206020952.94427 329841804.59954 371120083.13206 364679722.81997 346821472.14699 484251184.81781 523637309.38253003 532851253.14387 409841189.68267 438856044.8756 363017732.18953 489920072.44725 456501165.61833996 513034929.49835 423810626.94788 396269218.95453 
423235661.80128 454364181.8186 532294291.06254995 412463856.5586 388691101.94396996 326442569.85439 198542379.82574 327488152.59942 383452636.72249997 534617793.13448 482404080.23484004 441858924.80829 377611647.58061004 489333491.9409 433186199.64704 469169826.8523 452434704.72367 542734885.88094 471257678.37801003 417704484.84734 429291265.89546 373852573.37836003 453219759.00885 392127377.98305 226700782.79441 377849543.48501 391759392.6701 179116180.59576 0 187948732.13429 326051607.30088 480912374.77373004 348756754.45611 465392468.77825 540590370.85946 459233569.75032 401500379.59965 378705199.51909 501658850.22841 482695623.85553 316859938.99354 333218767.08933 417149735.47848 447860084.11542 269930476.63903 446448640.2105 372626819.68218005 545001540.6024401 391501595.02906 349456569.42372 397448239.78027 347599267.84073997 464211511.45743 361640485.14522 208431114.20132 327994126.33379 528310056.13348997 472688168.61117005 467503075.65849 395614117.91251 432283083.10675 347676075.91066 379752623.58933 192003902.5363 347360732.69659 353823373.92039 463952955.10256004 534186224.41803 517222798.75601 588957370.27843 534793721.92175 518564610.20693004 409761912.29192 364324462.81865 383057273.18836 244694446.35212 436219066.40674996 
416514820.57553005 266415449.68431002 426419924.57718 533780718.98474 517147808.1215 429697555.80576 386491111.96003 515436884.73371005 468405107.7826899 448213400.57601 336087521.81523 438955332.31399 363252521.0325 479190356.86879003 355948167.27377 343485800.12184 442946669.68549 354786153.74665 428559723.93070006 319379133.05968 432575146.11205 458805044.43855 511337244.70255 471500892.92541003 306074297.73677003 450846533.05424 445312818.50521004 367064912.73004997 187948732.13429 0 138102875.16659 292963642.63944 372040483.29912996 495221236.36348 456030637.20111 321419299.06524 369189221.75453 291779852.05464 414733502.76396 339260615.75488997 461466878.8823199 186902208.66972 351452764.33529 531968376.02993 457879208.77331996 296794972.6461 300251044.66194 472625765.5822 299322018.21669 362945034.8014 407653838.91384 464892738.31804997 515993578.09117 465360503.96413 396379846.33561003 321606503.59332 521922433.39302003 543160614.1778901 420877609.8384 324771601.69886005 467941522.64210004 419595111.67701 319236966.36978 379952634.67059004 426963497.01439 363846537.72801995 501276250.39883995 456633287.73276997 462129112.31882 470342603.41197 515115258.83999 584863410.56484 457961070.30711997 495496672.26204 437920682.222 327787764.13815 378224498.36527 
