27
lt1a5E0H GPeb uy3ouNIxumu7jEuoP1 K0A9bbVLm9atwTf Plmj0j hVfqebryM4wN 4VjCZBepqzXh5AWCnHpa a5oWSrhkZ1i tfSU SO nWkakNi6Qt9d4g wcmx8dhmsO 7h2PJW8oD2ihKQrfQ6 FGQD6P VNvsbB7eWJcAK0fU 6yeW7sat9rvd cs0 gCIPN D L fzp 61 4MdwVqEIlp6vzohvUqY CmV E3J9WM6DT0Hetm4lXQFQ hU lyenDXSN
0 160.54101 221.4159 277.71388 283.34608 477.60339 540.83298 555.30497 483.32123 270.9631 188.66107 192.36230999999998 31.06445 263.79727 273.65855 202.2004 199.44423 379.34813 494.58063 661.5565 856.97666 894.91508 487.24890000000005 419.17657 612.8858 589.85507 488.24866000000003 
160.54101 0 95.46203 144.93102 156.55351 349.20624 410.43316 429.91743 401.03491 250.54541 209.62308 112.08925 142.70599 379.15047000000004 357.23132 302.20026 278.64314 399.67111 433.97005 546.96306 735.71258 779.42607 402.03584 341.05278 618.16811 600.16081 550.94283 
221.4159 95.46203 0 83.18654 130.44319 291.89382 323.30326 377.58443 409.75874999999996 316.92683999999997 263.13875 179.41719 238.16802 471.29184 450.4049 362.07588 323.53825 393.64959 372.83896 451.71749 640.36396 684.13157 321.12327 267.00187 590.11606 577.75081 568.22267 
277.71388 144.93102 83.18654 0 83.09449000000001 215.08512 268.33627 295.74651 339.91175 293.55749 262.2556 176.9548 284.67525 505.88932 468.47181 435.61451 404.7401 474.51027 419.50566 449.94300999999996 615.13738 668.00299 356.35333 313.61441 663.31371 658.3677700000001 651.30731 
283.34608 156.55351 130.44319 83.09449000000001 0 194.25756 287.33236 273.43738 288.53076 251.78165 231.94827 155.87234 298.3063 490.76471 443.40726 457.6833 430.44744 517.92857 472.83344 481.03342 646.42092 703.53536 408.29482 366.24036 710.0338 701.00642 689.01124 
477.60339 349.20624 291.89382 215.08512 194.25756 0 159.45219 86.76405 276.66174 386.61868 398.9787 333.13211 478.17361 671.72167 610.77819 646.32035 614.56407 667.81584 548.11039 427.05737 542.43805 614.44772 457.9476 445.10224 827.37416 825.8874 853.93735 
540.83298 410.43316000000004 323.30326 268.33627 287.33236 159.45219 0 199.1507 430.93503 518.15152 511.89159 436.46234 552.5010100000001 770.20062 724.368 674.58506 633.41771 634.19739 456.21267 272.24438 389.36276 455.93185 356.50667 366.42612 754.12842 759.57159 832.24708 
555.30497 429.91743 377.58443 295.74651 273.43738 86.76405 199.1507 0 265.1377 433.28974 458.0393 401.21441 553.26131 733.64433 665.3269799999999 729.59852 699.72747 754.2957 625.85382 470.3892 555.12521 634.45882 532.97063 524.99524 910.1408099999999 909.72194 940.7014 
483.32123 401.03491 409.75874999999996 339.91175 288.53076 276.66174 430.93503 265.1377 0 249.80793 315.03968 310.09837 466.0 569.86418 479.76012000000003 683.79477 671.62862 796.15325 756.45291 695.14027 810.8827 885.4784 682.76057 649.73995 997.36553 986.89412 951.45625 
270.9631 250.54541 316.92683999999997 293.55749 251.78165 386.61868 518.15152 433.28974 249.80793 0 82.32861 139.51702 246.38445 320.05625 237.42302 469.5189 470.39664 636.4451 680.12425 732.69366 895.0676 954.74143 635.77689 582.1874 861.50682 843.65303 759.12703 
188.66107 209.62308 263.13875 262.2556 231.94827 398.9787 511.89159 458.0393 315.03968 82.32861 0 106.37842 164.05584 275.77164 213.28385 387.66264 388.10437 558.50328 618.29524 702.48843 876.55006 930.23975 582.68688 524.38628 785.06305 765.43452 676.8447699999999 
192.36230999999998 112.08925 179.41719 176.9548 155.87234 333.13211 436.46234 401.21441 310.09837 139.51702 106.37842 0 161.29786 340.42473 292.48761 373.6964 362.49414 507.18539 541.00092 616.28321 792.09218 844.54781 499.985 443.71725 727.1898 710.57848 646.32035 
31.06445 142.70599 238.16802 284.67525 298.3063 478.17361 552.5010100000001 553.26131 466.0 246.38445 164.05584 161.29786 0 240.25411 244.0082 223.6068 225.76315 409.88779 523.47397 681.83412 874.87713 915.21792 513.65267 445.89909 643.72199 620.46757 514.40159 
263.79727 379.15047000000004 471.29184 505.88932 490.76471 671.72167 770.20062 733.64433 569.86418 320.05625 275.77164 340.42473 240.25411 0 102.9563 338.21295 374.97333 586.49126 752.61121 920.96688 1111.60278 1154.18776 750.58511 681.89295 819.74752 790.06329 623.10593 
273.65855 357.23132 450.4049 468.47181 443.40726 610.77819 724.368 665.3269799999999 479.76012000000003 237.42302 213.28385 292.48761 244.0082 102.9563 0 401.18325 428.86158 635.02126 767.48217 900.99532 1082.70495 1131.96466 752.47458 686.96441 870.73877 843.80926 696.82207 
202.2004 302.20026 362.07588 435.61451 457.6833 646.32035 674.58506 729.59852 683.79477 469.5189 387.66264 373.6964 223.6068 338.21295 401.18325 0 53.07542 254.8209 472.11253999999997 725.40902 930.86199 952.27562 507.02365000000003 436.90045 483.2908 452.53508 312.60997 
199.44423 278.64314 323.53825 404.7401 430.44744 614.56407 633.41771 699.72747 671.62862 470.39664 388.10437 362.49414 225.76315 374.97333 428.86158 53.07542 0 211.7286 419.22 674.45163 880.02557 899.2002 453.94823 384.40734 445.0719 422.30917 288.80443 
379.34813 399.67111 393.64959 474.51027 517.92857 667.81584 634.19739 754.2957 796.15325 636.4451 558.50328 507.18539 409.88779 586.49126 635.02126 254.8209 211.7286 0 272.78746 586.05119 787.63062 787.41579 347.0706 293.01536 235.76683 210.64662 200.21239 
494.58063 433.97005 372.83896 419.50566 472.83344 548.11039 456.21267 625.85382 756.45291 680.12425 618.29524 541.00092 523.47397 752.61121 767.48217 472.11253999999997 419.22 272.78746 0 327.49504 521.34921 515.52013 102.47439 106.77547 302.77549 314.68238 472.99985000000004 
661.5565 546.96306 451.71749 449.94300999999996 481.03342 427.05737 272.24438 470.3892 695.14027 732.69366 702.48843 616.28321 681.83412 920.96688 900.99532 725.40902 674.45163 586.05119 327.49504 0 205.93688 233.3838 239.01883 298.21133 618.57099 635.81444 781.46337 
856.97666 735.71258 640.36396 615.13738 646.42092 542.43805 389.36276 555.12521 810.8827 895.0676 876.55006 792.09218 874.87713 1111.60278 1082.70495 930.86199 880.02557 787.63062 521.34921 205.93688 0 88.0568 441.4159 503.43619 793.45825 816.24139 980.11554 
894.91508 779.42607 684.13157 668.00299 703.53536 614.44772 455.93185 634.45882 885.4784 954.74143 930.23975 844.54781 915.21792 1154.18776 1131.96466 952.27562 899.2002 787.41579 515.52013 233.3838 88.0568 0 448.63571 515.82361 767.07887 793.00946 973.13154 
487.24890000000005 402.03584 321.12327 356.35333 408.29482 457.9476 356.50667 532.97063 682.76057 635.77689 582.68688 499.985 513.65267 750.58511 752.47458 507.02365000000003 453.94823 347.0706 102.47439 239.01883 441.4159 448.63571 0 70.71068 405.1765 416.14661 547.28299 
419.17657 341.05278 267.00187 313.61441 366.24036 445.10224 366.42612 524.99524 649.73995 582.1874 524.38628 443.71725 445.89909 681.89295 686.96441 436.90045 384.40734 293.01536 106.77547 298.21133 503.43619 515.82361 70.71068 0 388.80329 393.43324 493.22775 
612.8858 618.16811 590.11606 663.31371 710.0338 827.37416 754.12842 910.1408099999999 997.36553 861.50682 785.06305 727.1898 643.72199 819.74752 870.73877 483.2908 445.0719 235.76683 302.77549 618.57099 793.45825 767.07887 405.1765 388.80329 0 38.28838 278.87145999999996 
589.85507 600.16081 577.75081 658.3677700000001 701.00642 825.8874 759.57159 909.72194 986.89412 843.65303 765.43452 710.57848 620.46757 790.06329 843.80926 452.53508 422.30917 210.64662 314.68238 635.81444 816.24139 793.00946 416.14661 393.43324 38.28838 0 240.58474 
488.24866000000003 550.94283 568.22267 651.30731 689.01124 853.93735 832.24708 940.7014 951.45625 759.12703 676.8447699999999 646.32035 514.40159 623.10593 696.82207 312.60997000000003 288.80443 200.21239 472.99985000000004 781.46337 980.11554 973.13154 547.28299 493.22775 278.87145999999996 240.58474 0 
