31
15 1 14 24 9 90 30 87 44 82 68 8 50 29 43 69 53 35 41 37 46 58 84 6 83 36 32 39 65 13 0
0 93.43964 91.76059 78.37723 95.43206 128.53857 95.21068 87.09361000000001 84.73636 117.58906 93.05394 90.21484 62.60844 62.14511 93.35052 78.29814999999999 68.16298 70.32185 91.11977 108.80911 69.75688 83.78703 95.04031 101.99165 113.60076000000001 95.65096 63.90221 62.55221 81.63192000000001 68.99881 50.47216 
93.43964 0 12.56807 73.19023 60.05353 89.57015 89.46217 106.29183 62.457879999999996 73.06551999999999 80.59218 76.21672 40.62841 73.95775 74.0611 50.45272 58.61595 93.00183 95.75945 87.23585 56.29959 78.59919000000001 67.34591 92.88293 64.98424 84.80387 48.86669 50.53703 34.87102 24.47527 42.96748 
91.76059 12.56807 0 61.68102 72.6216 84.71624 99.43009 100.81171 49.88981 85.63359 69.96 66.61548 51.38475 61.38968 70.13451 42.7507 71.18402 89.90686 96.22283999999999 83.71268 68.86766 91.16726 79.91398 80.61662 77.55231 90.67013 41.93058 43.60092 47.43909 37.04334 55.53555 
78.37723 73.19023 61.68102 0 35.9413 74.51387 83.2002 120.27256 71.7317 85.33237 71.08328 70.88207 92.7397 83.85546 78.73433 76.73694 74.29043 62.54477 102.43806000000001 99.58152 77.5161 51.47903 62.73231 67.03091 99.97915 52.01962 43.27957 41.60923 105.06188 92.42877 80.88307 
95.43206 60.05353 72.6216 35.9413 0 46.35518 47.2589 95.53464 60.32382 98.27071000000001 98.9145 84.85103 96.31917 56.99114 91.91769 84.05553 78.81845 74.7792 91.19296 87.2725 90.46238 87.42033 98.67361000000001 94.52912 68.13006 62.62226 61.7768 61.15702 90.59379 81.78673 94.87277 
128.53857 89.57015 84.71624 74.51387 46.35518 0 64.03667 112.31241 102.25867 115.69232 99.54607 104.21042 112.77581 103.34631999999999 114.69821 127.46694 94.32654 119.27413 117.93872999999999 115.35304 97.55221 73.98353 78.72457 66.02945 99.55777 92.84805 108.13198 107.5122 102.60807 89.97496 85.5856 
95.21068 89.46217 99.43009 83.2002 47.2589 64.03667 0 48.27574 87.15495999999999 103.20778 84.30506 72.15011 78.02853999999999 51.78988 73.06237 88.96324 68.19048 74.88222999999999 69.00571 51.31637 91.4935 65.38392999999999 76.63721 57.61394 86.95577 51.1301 102.55528 104.22561999999999 89.01362999999999 89.58744 74.59094 
87.09361000000001 106.29183 100.81171 120.27256 95.53464 112.31241 48.27574 0 52.52825 90.47514000000001 85.68668 88.51055 101.5564 100.06562 98.36606 106.09778 86.50093000000001 113.24280999999999 95.04577 99.59210999999999 97.31402 103.65572 114.909 74.42346 97.92907 88.9439 91.26996 92.9403 94.23465999999999 101.17663999999999 116.28187 
84.73636 62.457879999999996 49.88981 71.7317 60.32382 102.25867 87.15495999999999 52.52825 0 37.94689 69.67717 78.85765 86.59980999999999 90.76446 60.5837 92.64051 88.65646 94.83336 83.74528 96.63269 93.18884 70.95904 82.21232 44.50262 87.03300999999999 79.98419 91.82039 93.49073 61.2815 48.64839 67.17504 
117.58906 73.06551999999999 85.63359 85.33237 98.27071000000001 115.69232 103.20778 90.47514000000001 37.94689 0 31.73028 76.18116 113.69393 116.43149 81.09434999999999 113.99087 88.20873 77.42696000000001 93.37675999999999 111.06609999999999 98.90212000000001 75.33769 64.08440999999999 54.06326 94.72215 103.96482 104.57523 103.37464 61.22336 48.59025 67.1169 
93.05394 80.59218000000001 69.96 71.08328 98.9145 99.54607 84.30506 85.68668 69.67717 31.73028 0 44.45088 87.94693000000001 84.70121 49.36407 82.26059 56.47845 45.69668 84.58191 102.27125 67.17184 43.60741 32.35413 33.51662 62.99187 99.7235 85.30186 86.9722 76.41013 80.32052999999999 72.32387 
90.21484 76.21672 66.61548 70.88207 84.85103 104.21042 72.15011 88.51055 78.85765 76.18116 44.45088 0 61.64467 62.80741 67.52797 102.45042000000001 66.98214 75.32647 81.14898 70.33082 22.72096 50.88932 62.1426 69.68096 87.24776 89.49213 40.85098 42.52132 62.98531 74.41185 56.08958 
62.60844 40.62841 51.38475 92.7397 96.31917 112.77581 78.02854 101.5564 86.59980999999999 113.69393 87.94693000000001 61.64467 0 70.45768 86.23713000000001 91.08113 78.12649 66.33113 102.32622 120.01556000000001 84.36563 104.34906 107.97432 105.84074 100.40003999999999 88.94196 89.49510000000001 91.16544 75.49943 65.10368 83.33778 
62.14511 73.95775 61.38968 83.85546 56.99114 103.34631999999999 51.78988 100.06562 90.76446 116.43149 84.70121 62.80741 70.45768 0 39.07597 81.94444999999999 88.89144999999999 73.32562999999999 85.04663 102.73597 85.52837 80.65708 91.59668 77.67175 97.43684999999999 88.21364 76.75655 77.4684 100.43796 87.80485 70.42885 
93.35052 74.0611 70.13451 78.73433 91.91769 114.69821 73.06237 98.36606 60.5837 81.09434999999999 49.36407 67.52797 86.23713000000001 39.07597 0 42.86848 82.57174 34.24966 45.97066 63.660000000000004 89.55253 78.93361999999999 81.7182 80.44557999999999 89.69457 62.0057 47.12773 45.45739 79.02475 66.39164 59.65038 
78.29814999999999 50.45272 42.7507 76.73694 84.05553 127.46694 88.96324 106.09778 92.64051 113.99087 82.26059 102.45042000000001 91.08113 81.94444999999999 42.86848 0 39.70326 48.59287 88.83914 106.52848 79.72946 72.35951 61.10623 84.53998 87.1814 102.61968999999999 84.68128 86.35162 85.32374 74.92799 93.4202 
68.16298 58.61595 71.18402 74.29043 78.81845 94.32654 68.19048 86.50093000000001 88.65646 88.20873 56.47845 66.98214 78.12649 88.89144999999999 82.57174 39.70326 0 84.0102 84.32218 91.87104 44.26118 65.61569 72.80259 85.23523 102.40996999999999 102.86420000000001 65.56559 67.23593 79.16277 79.48375 89.18251000000001 
70.32185 93.00183 89.90686 62.54477 74.7792 119.27413 74.88222999999999 113.24280999999999 94.83336 77.42696000000001 45.69668 75.32647 66.33113 73.32562999999999 34.24966 48.59287 84.0102 0 58.85778 76.54712 88.5765 68.50393 78.05081 79.2133 101.16191 54.02682 70.94434 72.12336 84.61064 71.97753 67.61695 
91.11977 95.75945 96.22283999999999 102.43806000000001 91.19296 117.93872999999999 69.00571 95.04577 83.74528 93.37675999999999 84.58191 81.14898 102.32622 85.04663 45.97066 88.83914 84.32218 58.85778 0 17.68934 58.42802 79.44624 87.54889 59.40884 100.81392 50.41844 88.22633 87.97127 106.17756 93.54445 104.51463000000001 
108.80911 87.23585 83.71268 99.58152 87.2725 115.35304 51.31637 99.59210999999999 96.63269 111.0661 102.27125 70.33082 120.01556 102.73597000000001 63.660000000000004 106.52848 91.87104 76.54712 17.68934 0 47.60986 85.49922 96.70705 73.07063000000001 106.89829 48.73608 70.53699 70.28193 88.48822 75.85511 94.38176 
69.75688 56.29959 68.86766 77.5161 90.46238 97.55221 91.4935 97.31402 93.18884 98.90212 67.17184 22.72096 84.36563 85.52837 89.55253 79.72946 44.26118 88.5765 58.42802 47.60986 0 37.90246 49.155739999999994 92.40192 95.67813000000001 69.81062 60.55079 59.54059 58.920739999999995 69.71121 74.43995000000001 
83.78703 78.59919000000001 91.16726000000001 51.47903 87.42033 73.98353 65.38392999999999 103.65572 70.95904 75.33769000000001 43.60741 50.88932 104.34906 80.65708 78.93361999999999 72.35951 65.61569 68.50393 79.44624 85.49922 37.90246 0 11.25328 77.12403 100.30847 78.17381 70.30757 68.63723 73.95773 62.69976 47.43864 
95.04031 67.34591 79.91398000000001 62.73231 98.67361 78.72457 76.63721 114.90899999999999 82.21232 64.08440999999999 32.35413 62.1426 107.97432 91.59668 81.7182 61.10623 72.80259 78.05081 87.54889 96.70705 49.155739999999994 11.25328 0 65.87075 95.346 86.77104 81.56085 79.89051 85.21101 73.95304 58.691919999999996 
101.99165 92.88293 80.61662 67.03091 94.52912 66.02945 57.61394 74.42346 44.50262 54.06326 33.51662 69.68096 105.84074 77.67175 80.44557999999999 84.53998 85.23523 79.2133 59.40884 73.07063000000001 92.40192 77.12403 65.87075 0 46.25244 79.71524000000001 77.30454 78.97488 72.67686 83.22287 86.37484 
113.60076000000001 64.98424 77.55231 99.97915 68.13006 99.55777 86.95577 97.92907 87.03300999999999 94.72215 62.99187 87.24776 100.40003999999999 97.43684999999999 89.69457 87.1814 102.40996999999999 101.16191 100.81392 106.89829 95.67813000000001 100.30847 95.346 46.25244 0 58.16221 95.51780000000001 93.84746000000001 70.03092000000001 82.47532000000001 101.00197000000001 
95.65096 84.80387 90.67013 52.01962 62.62226 92.84805 51.1301 88.9439 79.98419 103.96482 99.7235 89.49213 88.94196 88.21364 62.0057 102.61968999999999 102.86420000000001 54.02682 50.41844 48.73608 69.81062 78.17381 86.77104 79.71524000000001 58.16221 0 72.44206 73.48278 102.90423 104.21097 88.76764 
63.90221 48.86669 41.93058 43.27957 61.7768 108.13198 102.55528 91.26996 91.82039 104.57523 85.30186 40.85098 89.49510000000001 76.75655 47.12773 84.68128 65.56559 70.94434 88.22633 70.53699 60.55079 70.30757 81.56085 77.30454 95.5178 72.44206 0 1.67034 83.73770999999999 73.34196 88.14809 
62.55221 50.53703 43.60092 41.60923 61.15702 107.5122 104.22561999999999 92.9403 93.49073 103.37464 86.9722 42.52132 91.16544 77.4684 45.45739 86.35162 67.23593 72.12336 87.97127 70.28193 59.54059 68.63723 79.89051 78.97488 93.84746000000001 73.48278 1.67034 0 85.06999 72.43688 86.47775 
81.63192000000001 34.87102 47.43909 105.06188 90.59379 102.60807 89.01362999999999 94.23465999999999 61.2815 61.22336 76.41013 62.98531 75.49943 100.43796 79.02475000000001 85.32374 79.16277 84.61064 106.17756 88.48822 58.920739999999995 73.95773 85.21101 72.67686 70.03092000000001 102.90423 83.73770999999999 85.06999 0 12.63311 31.15976 
68.99881 24.47527 37.04334 92.42877 81.78673 89.97496 89.58744 101.17663999999999 48.64839 48.59025 80.32052999999999 74.41185 65.10368 87.80485 66.39164 74.92799 79.48375 71.97753 93.54445 75.85511 69.71121 62.69976 73.95304 83.22287 82.47532000000001 104.21097 73.34196 72.43688 12.63311 0 18.52665 
50.47216 42.96748 55.53555 80.88307 94.87277 85.5856 74.59094 116.28187 67.17504 67.1169 72.32387 56.08958 83.33778 70.42885 59.65038 93.4202 89.18251000000001 67.61695 104.51463000000001 94.38176 74.43995000000001 47.43864 58.691919999999996 86.37484 101.00197 88.76764 88.14809 86.47775 31.15976 18.52665 0 
