17
37 34 14 33 38 23 8 9 32 43 30 19 11 35 17 28 0
0 44.48544 63.859179999999995 74.23729 111.34768 82.69101 66.75836 76.74988 99.76044 84.49943999999999 74.62861 60.99895 61.70986 91.1403 85.74309 66.48563 23.70112 
44.48544 0 19.37374 50.96599 97.30091 102.59749 79.7413 103.9097 83.36991 126.31375 95.76066 75.02542 74.14707 77.49382 69.95423 79.94688 65.86886 
63.859179999999995 19.37374 0 34.04561 80.38053000000001 89.25203 60.36756 96.50299 102.74365 106.94001 76.38692 83.89024 84.22144 86.13805 50.58049 60.57314 46.49512 
74.23729 50.96599 34.04561 0 46.33492 74.99159 90.92695 91.21207 126.55436 87.44687 91.20689999999999 56.58425 57.462599999999995 82.77913 84.62610000000001 92.54431 50.53617 
111.34768 97.30090999999999 80.38053 46.33492 0 28.65667 63.12503 55.456810000000004 95.61066 83.27326000000001 105.99844999999999 85.17197 84.29362 76.38467 74.82747 61.750750000000004 91.51461 
82.69101 102.59749 89.25203 74.99159 28.65667 0 35.02961 58.44586 74.31906 94.76003 94.69592 72.88222999999999 72.00388 82.26103 46.1708 37.62135 76.75276 
66.75836 79.7413 60.36756 90.92695 63.12503 35.02961 0 43.71135 91.58427999999999 98.82 88.83255 60.71473 60.77624 98.91918000000001 42.76856 2.5917399999999997 43.34417 
76.74988 103.9097 96.50299 91.21207 55.456810000000004 58.44586 43.71135 0 53.39553 55.10865 85.13378 50.51113 50.95371 82.85937000000001 60.16425 46.303090000000005 87.05552 
99.76044 83.36991 102.74365 126.55436 95.61066 74.31906 91.58427999999999 53.39553 0 53.68195 98.23776 87.335 88.21334999999999 105.25184999999999 103.04273 90.10877 76.05932 
84.49943999999999 126.31375 106.94001 87.44687 83.27326000000001 94.76003 98.82 55.10865 53.68195 0 105.13756000000001 83.71914 83.27158 96.83814000000001 115.27289999999999 97.60879 60.79832 
74.62861 95.76066 76.38692 91.20689999999999 105.99844999999999 94.69592 88.83255 85.13378 98.23776 105.13756000000001 0 34.62265 35.501 93.59119 100.41534999999999 87.34213 98.32973 
60.99895 75.02542 83.89024 56.58425 85.17197 72.88222999999999 60.71473 50.51113 87.335 83.71914 34.62265 0 0.87835 58.96854 65.7927 60.89336 65.29571 
61.70986 74.14707 84.22144 57.462599999999995 84.29362 72.00388 60.77624 50.95371 88.21334999999999 83.27158 35.501 0.87835 0 58.68468 66.18441 60.97981 65.89282 
91.14030000000001 77.49382 86.13805 82.77913 76.38467 82.26103 98.91918 82.85937 105.25185 96.83814000000001 93.59119 58.96854 58.68468 0 57.79028 97.41361 67.43918000000001 
85.74309 69.95423 50.58049 84.62610000000001 74.82747 46.1708 42.76856 60.16425 103.04273 115.27289999999999 100.41534999999999 65.7927 66.18441 57.79028 0 42.86625 84.77658 
66.48563 79.94688000000001 60.57314 92.54431 61.750750000000004 37.62135 2.5917399999999997 46.303090000000005 90.10877 97.60879 87.34213 60.89336 60.97981 97.41361 42.86625 0 42.78451 
23.70112 65.86886 46.49512 50.53617 91.51461 76.75276 43.34417 87.05552 76.05932 60.79832 98.32973 65.29571 65.89282 67.43918000000001 84.77658 42.78451 0 
