33
61 69 33 94 93 7 41 53 23 79 21 15 3 99 97 39 100 51 20 31 9 43 28 77 90 81 55 65 67 29 17 34 2
0 1860.0801 2177.4409 2436.4946 2972.8858 3490.0315 3009.6566 4177.9599 7074.5218 8625.1367 8871.7341 7795.8808 8798.2078 7495.7543000000005 4982.32 4440.2141 5590.8586 8747.3334 10475.5327 10077.1045 7228.319600000001 6606.9062 7062.3187 7446.7439 7359.5302 5293.5906 4409.3933 4090.3126 2467.0256 1592.7143999999998 939.6409 1541.9546 815.8756 
1860.0801 0 607.3096 1898.9895000000001 1850.2594 2732.3625 2440.9295 2817.7801 5268.1416 7109.5267 7452.3513 6483.319 7795.6427 6598.567800000001 4084.8044999999997 4775.3631 5114.7835 8188.5593 9896.5707 9386.0877 6888.7736 6487.6054 7166.9228 7793.7225 8131.7315 6207.6641 5354.2376 4571.218800000001 2766.1041 1916.718 1981.3624000000002 1428.4541 1081.2053 
2177.4409 607.3096 0 1291.6799 2457.569 2319.5398999999998 1839.165 2210.4705 5087.5213 6696.4926 7004.347 5995.1033 7238.6236 6017.1954 3495.5894 4238.2949 4507.4988 7584.6783 9296.1903 8792.9779 6293.006 5888.4613 6559.6132 7232.1328 7724.6937 5768.2401 5025.6659 3963.9092 2453.7418 1682.5935 1529.8698 2006.4305 1361.5653 
2436.4946 1898.9895000000001 1291.6799 0 2378.2826 3326.7199 3101.1051 2201.4043 5103.3362 7202.5899 7581.4427 6874.3122 8138.3552 6997.5043 4585.6389 5526.6461 5795.5344000000005 8693.6808 10389.867 9845.2027 7484.8713 7143.5296 7840.0684 8523.5565 8907.3231 6991.4245 6163.3985 5246.2883 3557.469 2683.1578 2046.8192 1578.198 1623.685 
2972.8858 1850.2594 2457.569 2378.2826 0 1391.0126 910.6377 2021.5373 4727.103 5654.5346 5898.9735 4852.3553 5986.0632 4755.2262 2234.5451 3510.9396 3481.8846 6338.2999 8069.5058 7535.8283 5108.1103 4806.3163 5552.8083 6342.9195 7005.9407 5326.2554 4592.9563 3312.0406 2614.4292 2179.9128 2036.509 3278.7135 2743.5704 
3490.0315 2732.3625 2319.5398999999998 3326.7199 1391.0126 0 480.3749 3412.5499 4931.6015 5464.462 5603.6296 4452.186 5330.7861 4060.1692000000003 2049.6793 2726.4001000000003 2529.5324 5466.0823 7190.9912 6714.9482 4163.588 3836.7044 4601.7029999999995 5403.4493 6191.1107 4867.4528 3976.0062 2540.9809 2549.3962 2442.58 3095.6535 3935.97 3198.7754 
3009.6566 2440.9295 1839.165 3101.1051 910.6377 480.3749 0 2932.175 5252.8203 5929.3795 6084.0045 4931.416 5793.1816 4486.0977 1972.6634 2915.6381 2710.4909 5840.3397 7570.2186 7122.9136 4463.923 4066.7656 4738.9633 5474.368 6113.8156 4433.6227 3727.5479 2814.532 2087.8431 2922.9548999999997 2947.1467000000002 3603.4328 2790.9059 
4177.9599 2817.7801 2210.4705 2201.4043 2021.5373 3412.5499 2932.175 0 2901.9319 5001.1856 5444.8527 4672.9079 6350.1398 5383.6854 3325.2406 5532.4769 4745.3508 7311.2047999999995 8924.8204 8307.894 6438.6353 6374.500599999999 7244.0886 8132.840200000001 8958.94 7347.7927 6614.4936 5333.5779 4476.9562 3893.064 3402.7298 3705.5742 3441.6519 
7074.5218 5268.1416 5087.5213 5103.3362 4727.103 4931.6015 5252.8203 2901.9319 0 3157.1383 3792.7773 3731.0357999999997 5740.9797 5314.5402 4536.0635 7447.2441 5884.4298 7390.7884 8655.7062 7919.8952 7180.3583 7495.52 8427.5136 9516.777 10749.433 9483.488 8896.4645 7390.8068 7338.4839 6626.0145 6304.661700000001 6565.4167 6343.4714 
8625.1367 7109.5267 6696.4926 7202.5899 5654.5346 5464.462 5929.3795 5001.1856 3157.1383 0 662.3972 1629.3608 3015.9087 3306.0006 4248.8627 7190.099300000001 5043.406 5095.305 5968.4927 5207.5232 5562.4344 6227.6424 7110.3908 8274.3823 9892.493699999999 9191.0143 8867.8301 7332.3355 8013.7378 7797.3053 7685.4958 8537.980800000001 8058.0579 
8871.7341 7452.3513 7004.347 7581.4427 5898.9735 5603.6296 6084.0045 5444.8527 3792.7773 662.3972 0 1211.4805 2446.8807 2939.0859 4279.0663 7103.879 4862.2464 4579.9735 5355.087 5138.3165 5204.7303 5936.4558 6791.081 7949.5381 9607.6968 9059.2459 8797.4769 7232.3593 8143.3089 7995.586 7935.4825 8880.805400000001 8359.0139 
7795.8808 6483.319 5995.1033 6874.3122 4852.3553 4452.186 4931.416 4672.9079 3731.0357999999997 1629.3608 1211.4805 0 2009.9453 3356.6528 3111.6154 5899.4655 3668.6947 3873.9933 4984.8147 4745.9222 4187.1935 4857.5646 5724.7872 6888.7889 8487.5148 7864.138 7589.0278 6079.1212 6979.035100000001 6889.4145 6856.2399 7903.4709 7331.4307 
8798.2078 7795.6427 7238.6236 8138.3552 5986.0632 5330.7861 5793.1816 6350.1398 5740.9797 3015.9087 2446.8807 2009.9453 0 1346.7075 3824.6952 5907.2438 3611.0737 2170.8413 2991.0135 2735.9768999999997 3184.4235 4080.0212 5012.0148 5941.967699999999 7687.685 7567.5651 7521.6371 6096.0988 7617.8714 7738.394 7879.7737 9157.2618 8484.394400000001 
7495.7543000000005 6598.567800000001 6017.1954 6997.5043 4755.2262 4060.1692000000003 4486.0977 5383.6854 5314.5402 3306.0006 2939.0859 3356.6528 1346.7075 0 2542.223 4564.1408 2284.0315 2833.6609 3542.3333 3046.1852 2267.26 3042.2961 3851.9951 5011.3186 6706.8325 6364.210300000001 6242.234100000001 4776.6868 6291.667799999999 6417.5891 6609.688 7919.4321 7219.179 
4982.32 4084.8044999999997 3495.5894 4585.6389 2234.5451 2049.6793 1972.6634 3325.2406 4536.0635 4248.8627 4279.0663 3111.6154 3824.6952 2542.223 0 3393.2152 2033.5693999999999 4156.452499999999 5842.9421999999995 5303.4724 3113.8828 3419.7765 4348.0459 5034.4593 6213.3695 5102.4654 4669.2877 3085.6223 3922.1239 4041.7331999999997 4271.054099999999 5382.7436 4763.5693 
4440.2141 4775.3631 4238.2949 5526.6461 3510.9396 2726.4001000000003 2915.6381 5532.4769 7447.2441 7190.099300000001 7103.879 5899.4655 5907.2438 4564.1408 3393.2152 0 2296.1701 4943.3717 6561.9706 6351.893 3343.7727 2382.7306 2646.6146 3048.279 3496.5337 2242.467 1697.9332 2738.1386 3220.0516 3324.1091 3876.6173 5477.724 4676.2487 
5590.8586 5114.7835 4507.4988 5795.5344000000005 3481.8846 2529.5324 2710.4909 4745.3508 5884.4298 5043.406 4862.2464 3668.6947 3611.0737 2284.0315 2033.5693999999999 2296.1701 0 3157.3953 4887.4587 4492.1106 1785.5072 1854.8085 2572.0673 3633.4251 4963.5476 4198.7733 3989.4734 2503.7135 4621.1419 4446.8157 4756.8234 6260.5818 5485.8873 
8747.3334 8188.5593 7584.6783 8693.6808 6338.2999 5466.0823 5840.3397 7311.2047999999995 7390.7884 5095.305 4579.9735 3873.9933 2170.8413 2833.6609 4156.452499999999 4943.3717 3157.3953 0 1731.2059 1462.7547 1718.7708 2656.3691 3059.9551 4040.5373 5894.3272 6237.5134 6401.5027 5251.7365 7239.1249 7600.7179 7911.4784 9402.0523 8628.8041 
10475.5327 9896.5707 9296.1903 10389.867 8069.5058 7190.9912 7570.2186 8924.8204 8655.7062 5968.4927 5355.087 4984.8147 2991.0135 3542.3333 5842.9421999999995 6561.9706 4887.4587 1731.2059 0 761.0788 3449.9767 4199.3148 4354.9408 5090.0355 6943.8254 7646.897999999999 7917.7149 6889.835 8943.9857 9325.673 9642.566 11126.9612 10359.4391 
10077.1045 9386.0877 8792.9779 9845.2027 7535.8283 6714.9482 7122.9136 8307.894 7919.8952 5207.5232 5138.3165 4745.9222 2735.9768999999997 3046.1852 5303.4724 6351.893 4492.1106 1462.7547 761.0788 0 3130.0827 4091.1248 4420.0675 5243.4409 7097.230799999999 7591.3994 7805.4978 6661.871 8614.5136 8935.9539 9212.9143 10650.5916 9913.7236 
7228.319600000001 6888.7736 6293.006 7484.8713 5108.1103 4163.588 4463.923 6438.6353 7180.3583 5562.4344 5204.7303 4187.1935 3184.4235 2267.26 3113.8828 3343.7727 1785.5072 1718.7708 3449.9767 3130.0827 0 961.0421 1893.0357 2757.5442 4505.2557 4547.3501 4687.6069 3612.1603999999998 5625.9572 6067.4392 6450.1264 7990.6936 7227.598 
6606.9062 6487.6054 5888.4613 7143.5296 4806.3163 3836.7044 4066.7656 6374.5006 7495.52 6227.6424 5936.4558 4857.5646 4080.0212 3042.2961 3419.7765 2382.7306 1854.8085 2656.3691 4199.3148 4091.1248 961.0421 0 931.9936 2071.2817 3829.0661 3586.308 3824.8859 2724.9413 4914.4819 5528.9396 5890.632 7490.4882 6680.4082 
7062.3187 7166.9228 6559.6132 7840.0684 5552.8083 4601.7029999999995 4738.9633 7244.088600000001 8427.5136 7110.3908 6791.081 5724.7872 5012.0148 3851.9951 4348.0459 2646.6146 2572.0673 3059.9551 4354.9408 4420.0675 1893.0357 931.9936 0 1164.0017 2897.0725 3633.6296 3644.2656 3004.6865 5294.8151 5970.7237000000005 6426.8526 8028.6716 7216.1447 
7446.7439 7793.7225 7232.1328 8523.5565 6342.9195 5403.4493 5474.368 8132.840200000001 9516.777 8274.3823 7949.5381 6888.7889 5941.967699999999 5011.3186 5034.4593 3048.279 3633.4251 4040.5373 5090.0355 5243.4409 2757.5442 2071.2817 1164.0017 0 1853.7899 2927.2075999999997 3489.5917 3390.8212 5623.3417 6358.8288 6924.8963 8524.5887 7715.4995 
7359.5302 8131.7315 7724.6937 8907.3231 7005.9407 6191.1107 6113.8156 8958.94 10749.433 9892.493699999999 9607.6968 8487.5148 7687.685 6706.8325 6213.3695 3496.5337 4963.5476 5894.3272 6943.8254 7097.230799999999 4505.2557 3829.0661 2897.0725 1853.7899 0 2089.856 2969.9503 3761.0944 5586.9882 6420.3758 7055.3251 8583.516 7806.5844 
5293.5906 6207.6641 5768.2401 6991.4245 5326.2554 4867.4528 4433.6227 7347.7927 9483.488 9191.0143 9059.2459 7864.138 7567.5651 6364.210300000001 5102.4654 2242.467 4198.7733 6237.5134 7646.897999999999 7591.3994 4547.3501 3586.308 3633.6296 2927.2075999999997 2089.856 0 891.4466 2476.3822 3545.4581 4419.7693 5056.4228 6529.9454000000005 5783.8328 
4409.3933 5354.2376 5025.6659 6163.3985 4592.9563 3976.0062 3727.5479 6614.4936 8896.4645 8867.8301 8797.4769 7589.0278 7521.6371 6242.234100000001 4669.2877 1697.9332 3989.4734 6401.5027 7917.7149 7805.4978 4687.6069 3824.8859 3644.2656 3489.5917 2969.9503 891.4466 0 1584.9356 2704.6013 3530.0816 4183.1551 5638.4988 4918.0892 
4090.3126 4571.218800000001 3963.9092 5246.2883 3312.0406 2540.9809 2814.532 5333.5779 7390.8068 7332.3355 7232.3593 6079.1212 6096.0988 4776.6868 3085.6223 2738.1385999999998 2503.7135 5251.7365 6889.835 6661.871 3612.1603999999998 2724.9413 3004.6865 3390.8212 3761.0944 2476.3822 1584.9356 0 2290.1286 3164.4398 3547.7477 5144.4996 4350.8909 
2467.0256 2766.1041 2453.7418 3557.469 2614.4292 2549.3962 2087.8431 4476.9562 7338.4839 8013.7378 8143.3089 6979.035100000001 7617.8714 6291.667799999999 3922.1239 3220.0516000000002 4621.1419 7239.1249 8943.9857 8614.5136 5625.9572 4914.4819 5294.8151 5623.3417 5586.9882 3545.4581 2704.6013 2290.1286 0 874.3112 1527.3847 3049.5779 2238.5364 
1592.7143999999998 1916.718 1682.5935 2683.1578 2179.9128 2442.58 2922.9548999999997 3893.064 6626.0145 7797.3053 7995.586 6889.4145 7738.394 6417.5891 4041.7331999999997 3324.1091 4446.8157 7600.7179 9325.673 8935.9539 6067.4392 5528.9396 5970.7237000000005 6358.8288 6420.3758 4419.7693 3530.0816 3164.4398 874.3112 0 653.0735 2175.2667 1388.0076 
939.6409 1981.3624 1529.8698 2046.8192 2036.509 3095.6535 2947.1467000000002 3402.7298 6304.661700000001 7685.4958 7935.4825 6856.2399 7879.7737 6609.688 4271.054099999999 3876.6173 4756.8234 7911.4784 9642.566 9212.9143 6450.1264 5890.632 6426.8526 6924.8963 7055.3251 5056.4228 4183.1551 3547.7477 1527.3847 653.0735 0 1605.3367 900.1571 
1541.9546 1428.4541 2006.4305 1578.198 3278.7135 3935.97 3603.4328 3705.5742 6565.4167 8537.980800000001 8880.805400000001 7903.4709 9157.2618 7919.4321 5382.7436 5477.724 6260.5818 9402.0523 11126.9612 10650.5916 7990.6936 7490.4882 8028.6716 8524.5887 8583.516 6529.9454000000005 5638.4988 5144.4996 3049.5779 2175.2667 1605.3367 0 812.5269 
815.8756 1081.2053 1361.5653 1623.685 2743.5704 3198.7754 2790.9059 3441.6519 6343.4714 8058.0579 8359.0139 7331.4307 8484.394400000001 7219.179 4763.5693 4676.2487 5485.8873 8628.8041 10359.4391 9913.7236 7227.598 6680.4082 7216.1447 7715.4995 7806.5844 5783.8328 4918.0892 4350.8909 2238.5364 1388.0076 900.1571 812.5269 0 
