69
161 29 131 27 199 181 31 93 45 121 65 165 87 123 101 33 55 19 151 99 10 39 95 15 135 197 164 83 21 157 43 163 155 107 47 3 185 25 154 89 119 147 1 149 72 37 142 193 4 34 117 103 77 23 61 113 195 71 115 109 75 63 35 17 139 11 49 179 2
0 4423.5887 105245.48120000001 112760.7216 155813.7051 467656.6154 412146.0627 403171.2285 562716.7794 587203.4955 611293.2435999999 476854.2824 553985.3890999999 642208.4964999999 759817.2191999999 800872.0044 690474.5514 723273.4793 731828.8992999999 650681.0251 761782.085 839907.7782 943996.0014 957242.0096 927259.0743 1080039.4856 1039182.9058 1134237.7096 1189247.8835 1195749.0066 1012963.4536 949130.4561 1106993.2799 1256274.2695 1232712.6638999998 1101480.2566999998 1155914.8148 1117828.9024 1072180.6194 808084.819 503690.3778 843684.5336 842197.4887 897458.8597 865067.1751 733648.9427 860351.9535 872928.1052 858937.8038999999 615693.1784999999 738185.8222 880208.4869 736457.5904 761326.4154 785209.5022 823517.043 824378.7333 961291.9955 463708.5574 434229.33259999997 365306.0717 257592.4791 219524.1249 192573.6372 241095.3764 244827.22960000002 359890.8202 318595.3031 195954.3393 
4423.5887 0 100821.8925 117184.31030000001 160237.29379999998 469839.1995 411805.3309 407594.81720000005 558293.1906999999 591627.0841999999 607733.727 473687.68200000003 549561.8004 637784.9077999999 761496.4696 799850.743 694898.1401 727697.068 731778.1694 650630.2952 760999.5694 844331.3668999999 941678.4996 958824.1664 924759.0146999999 1077546.6028 1035843.1625 1135167.8055 1186474.284 1191325.4179 1008539.8649 953554.0447999999 1103439.117 1252789.8186 1229181.1834 1097948.7762 1152134.5411 1122252.4911 1074283.3966 803661.2302999999 499266.7891 848108.1222999999 837915.0699 894428.6329 861088.3772999999 729225.354 855943.8027 868808.4675 854514.2152 611269.5898 742609.4109 876651.4186 736614.1775 760915.4239 789633.0909 821025.6452 820019.0829 958596.1142 462404.4944 438652.9213 369729.66040000005 262016.06780000002 223947.71360000002 188150.0485 236671.7877 240403.6409 364314.40890000004 314171.7144 200377.92799999999 
105245.48120000001 100821.8925 0 30241.1204 148253.7021 369365.7516 373419.4672 382101.239 501761.3075 529108.0101 522815.1376 372865.7895 457261.4051 540881.9013 662790.9305 700090.0075 678382.4476999999 645099.6141 643317.6457 585896.7790000001 693707.6163 761887.4499 867118.0354 878289.2379 826026.6963 978813.0303 937933.9794 1036410.2768999999 1090164.7409 1090506.6775 914427.7982000001 867016.2725 1017775.2027 1152801.7869000002 1128610.6154 998257.845 1055047.7249 1030489.1466 983263.0423000001 716672.4941 412278.0529 751200.4589000001 752367.113 818291.8571 798517.7864 670697.7407 781607.298 784697.975 790737.6076 531222.9591000001 661364.5070000001 775829.5261 642181.6498 660093.5314 704906.5444 722268.1166 749786.0221000001 888238.2289 389638.43590000004 351709.7314 282786.47050000005 175072.87790000002 137004.52370000002 87328.156 135849.8952 139581.7484 270771.837 262381.6077 254884.8111 
112760.7216 117184.31030000001 30241.1204 0 118012.5817 385882.7191 348840.1757 362617.4974 532002.4279 532728.0872 543326.6843000001 390932.9052 487502.5255 535242.8415000001 656759.5295 696259.7077 648141.3273 614858.4937 636803.5327999999 555655.6586 663466.4959 745506.2455 851906.4138 864331.8325 820795.3574 973582.9454999999 931549.819 1031913.5685 1086065.7578 1091837.1805 905829.7052 847860.1212 1013114.5174 1158831.8712 1135306.6014999999 1004429.1976 1063242.612 1025284.8933 979402.4119 746913.6145 442519.1733 774423.4221 768884.0804999999 845650.2204 824480.2366 684652.3022 803838.8748999999 804319.0756999999 811205.9234 529790.712 642797.7826 778502.8555 658698.6173 689481.7742999999 674665.424 718536.1093 724728.8318 858775.3479 359397.3155 321468.611 252545.3501 144831.7575 106763.4033 117569.2764 166091.01559999998 169822.8688 290982.3237 290883.821 224643.69069999998 
155813.7051 160237.29379999998 148253.7021 118012.5817 0 311842.9103 262403.0419 248625.7202 415102.6819 467909.3902 455743.1054 357345.4654 511498.73 550531.2424999999 659996.6651 702060.2404 614553.8875 644761.5448 700829.0534 626508.2697000001 745115.8937 803451.3507 912621.775 918869.3843 824860.0575 977647.6455999999 938414.2408 1036890.5383 1065365.0139 1068677.1255 898899.4627 821031.0903 963145.2317 1120221.8857 1092905.5935999998 963323.272 1012172.7861 974769.7927999999 928332.5712 671610.2405000001 376102.10699999996 687870.8285 686899.1265 742504.7686 715501.5749 581221.0965 705484.4766 717969.5577 706172.5787 487656.53520000004 617798.0831 752036.595 584658.8085 605512.7103 647071.346 722748.378 740017.2328 893078.0946 464460.9555 437487.82649999997 345498.4626 262844.3392 224775.985 140892.3435 228159.64909999998 161052.8113 289223.9055 174537.8203 309620.2805 
467656.6154 469839.1995 369365.7516 385882.7191 311842.9103 0 124790.878 138568.1997 256637.5456 222608.339 161481.045 186444.6099 396122.0913 413234.6456 473404.8217 501324.6566 451904.1671 510904.1934 675471.4430999999 594323.5689 652883.418 736233.275 846522.2501000001 831449.7098000001 616875.2017 745064.0788 715120.7897 796579.3711000001 795518.2359 792247.7396 656385.1018000001 544782.7513 661280.7265 831200.2665 803021.1017 692658.5554 707090.9820999999 667588.2847 645018.1977 481712.46830000007 412178.6416 410429.88529999997 383001.3614 470023.2172 502565.73490000004 374975.6503 507523.7655 418436.3566 465761.9733 230990.6374 308174.0151 547394.6923 272815.8982 303599.0552 442807.52139999997 555676.537 585808.349 759190.444 439331.7743 469472.0372 345087.52729999996 436169.80970000004 398101.45550000004 444980.82050000003 310105.18 242998.3422 293932.2679 325573.06810000003 361845.7087 
412146.0627 411805.3309 373419.4672 348840.1757 262403.0419 124790.878 0 13777.3217 222289.8405 275096.5488 218729.7432 311235.4879 520912.9693 538025.5236 598195.6997 626115.5346 576695.0451 635695.0714 760031.6076 679524.3736 768124.4034000001 832137.3613 945507.6278 956240.5878000001 728039.3748 869854.9568 839911.6677 921370.2491 915918.7402 917038.6176 777258.2336 669573.6293 761678.8889 945091.1781 901651.3337 796172.3615 808800.4221000001 785556.3640000001 726868.7089 463790.2613 448929.8092 471553.36089999997 450371.2295 496810.04469999997 484937.85089999996 346372.698 472251.30130000005 478613.7345 471324.18019999994 355781.51540000003 432964.8931 606724.978 361144.0231 428389.93319999997 501759.729 662901.5976 710599.227 861323.0543 485130.7549 510272.734 388173.90190000006 426665.12309999997 391062.0356 323589.5037 300944.5566 233837.7188 210128.44150000002 291225.363 252221.2694 
403171.2285 407594.81720000005 382101.239 362617.4974 248625.7202 138568.1997 13777.3217 0 208512.51880000002 261319.22710000002 232507.0649 325012.80960000004 534690.291 551802.8453 598834.1912 636236.2865 590472.3668 632122.2672 772977.6758 692470.4418 774750.5461 845914.683 959284.9495 970017.9095000001 740900.7299 881254.32 852299.9569 915528.1445 925807.8293 921000.5323000001 791035.5553 683350.951 769383.7509 944677.9614 907928.2568999999 809949.6832 815029.1657 780324.7152 734583.9712 450012.9396 448703.60250000004 457776.0392 460219.0734 494295.2177 471160.5292 332595.3763 459398.7387 479511.3134 457546.8585 368087.0738 446742.2148 620502.2997 374921.34479999996 442167.2549 515537.0507 649124.2759 724376.5486999999 875100.3759999999 494979.9871 511325.86420000007 374396.5802 436976.07170000003 398907.7175 337366.8254 309626.3284 242519.4906 223905.7632 277448.04130000004 252584.9942 
562716.7793999999 558293.1906999999 501761.3075 532002.4279 415102.6819 256637.5456 222289.84050000002 208512.51880000002 0 52806.7083 210741.4627 441899.3567 651529.3427 644002.8173 700287.4882 732322.8221 700459.77 759459.7963 929741.0008 848640.0517 909138.1917 989658.2752 1100827.7121 1085043.9536 819250.4946 944572.9383 923676.5862 970131.5639 951241.5998 936830.6741 847724.3261 707263.0276 745311.9077999999 931578.55 886462.8234000001 783951.4582 782740.998 752383.7912999999 710499.2472999999 432616.87789999996 288878.6241 392133.5851 376769.0476 402623.3666 333024.7861 234819.3314 354826.0402 404584.15890000004 296221.0245 461999.76519999997 481726.2079 653808.3706 350549.70790000004 484233.3768 569628.7633 740299.1178 822956.4374 988184.5297000001 658251.484 622800.6556 554617.3435 615284.4529 579363.7095 510852.5689 377095.3105 432070.47909999994 276745.3237 244121.47629999998 411769.09849999996 
587203.4955 591627.0841999999 529108.0101 532728.0872 467909.3902 222608.339 275096.5488 261319.22710000002 52806.7083 0 157934.7544 409052.9489 617602.7974 591787.5406 647480.7799 685117.8822 660154.2897 712870.4676 884956.0804 807908.0246 863171.1292999999 936851.5669 1050225.2377 1039680.1797 778494.1420999999 898338.9188 887871.0574 917324.8556 905231.1971 892766.3971 795708.2209999999 659494.2516 708896.0992 893646.6148 850341.7315 741351.0613 746332.5529 716028.6508000001 674083.4387 387641.8531 236071.9158 370052.3177 349442.6842 357857.6717 328230.5736 190053.6365 329168.4143 452819.74950000003 349027.7328 409193.05689999997 428919.4996 608303.0596 307622.9129 441306.5818 524863.0684 692154.1559 794058.4715999999 935377.8214 611198.9972 651505.3872 514576.1032 586110.3577 548042.0035 563659.2772 429902.0188 389526.2617 329552.032 296928.1846 428278.4228 
611293.2435999999 607733.727 522815.1376 543326.6843000001 455743.1054 161481.045 218729.7432 232507.0649 210741.4627 157934.7544 0 309129.5573 557603.1363 477712.4151 517369.53020000004 543734.9815 529113.9527 588059.741 793710.1932 714577.3195 754381.071 834312.648 941195.8636 912912.119 632745.3073 740673.346 733739.1962 762490.5214 747296.4427 734831.6427 640873.8868 501559.4972 556703.1185 751682.3622999999 698462.952 584716.4969 599696.5769 566826.6208 521890.458 503264.0795 369609.9052 259070.0102 231641.4863 350744.6078 389354.92079999996 347988.3909 448836.9059 500670.7997 426158.68239999993 274955.3459 274085.1654 450368.3052 149688.1585 283371.82739999995 422580.2936 546405.3211000001 659404.1267 808598.9634 558464.5996 567006.7234 506568.5723 597026.9837 558958.6295 523329.11100000003 388453.4705 404479.3872 252344.3606 342209.1837 466154.1996 
476854.2824 473687.68200000003 372865.7895 390932.9052 357345.4654 186444.6099 311235.4879 325012.80960000004 441899.3567 409052.9489 309129.5573 0 292837.8972 226790.0357 350501.59750000003 391150.7742 388131.42240000004 329131.3961 491035.0394 410484.9497 470548.26540000003 553915.5463 661418.3691 645005.0999 472990.5068 625776.8408 584495.3706 683374.0874 724189.4418 732356.1296 541562.0087 507481.0628 650752.3343 784140.0851 763397.6957 632227.0983 699779.8887 660306.4205 615939.6738 433645.8463 254908.7937 493082.0144 478828.379 620535.5554 655087.0683 507714.3981 575783.6704 577654.453 626164.0091 395696.6096 296554.42350000003 403354.2045 438605.96880000003 490043.6651 508319.4535 369231.9271 405162.0263 580619.1455 252887.1644 283027.4273 335460.2718 348077.5998 386145.954 460193.94550000003 421539.1655 429442.9521 480214.1828 397721.6609 548290.3186 
553985.3890999999 549561.8004 457261.4051 487502.5255 511498.73 396122.0913 520912.9693 534690.291 651529.3427 617602.7974 557603.1363 292837.8972 0 116925.61069999999 240637.1725 272609.5431 374625.5283 315625.502 281789.911 220746.64779999998 272695.8509 343082.9118 456456.5826 513107.7624 398386.8519 551174.44 501662.1403 610610.393 694118.4528 711866.9971 498984.9811 497814.721 720459.0096 813901.4778999999 810273.5732 693645.5604000001 772059.5235 733224.7156 695514.9079999999 555711.1873 438051.365 631245.6648 658674.1887 793876.5887 855251.3041000001 710832.3522 795999.4992 698764.2119 826011.3339999999 384516.8629 461798.54130000004 435795.9473 560671.3097999999 431031.1219 355959.6988 475326.5486 426837.9639 508408.8857 282466.3237 250962.1377 261367.0744 350304.9923 388373.3465 370606.3865 475114.91039999994 408008.07259999996 543248.4415 551620.0307 539334.3235 
642208.4964999999 637784.9077999999 540881.9013 535242.8415000001 550531.2424999999 413234.64560000005 538025.5236000001 551802.8453 644002.8173 591787.5406 477712.4151 226790.0357 116925.61069999999 0 123712.276 165775.85129999998 293630.1681 352630.19440000004 338241.0442 327238.48470000003 305973.4592 389340.7401 502714.4109 538508.2673 292608.939 445396.5271 459808.4262 503746.9187 582890.2895 597795.1588 387756.8178 383772.0931 619836.6478 707391.2302 697766.9785 657683.6813 662973.8846 623792.6539 585023.9873 455373.0948 355715.6248 557101.0254 577703.2486 733508.6339 811242.5895 682618.2111 710305.7004 625972.9601 779334.4353 334177.8774 344872.9306 323289.3526 484028.5725 382029.0975 321353.2798 396367.5187 360790.1024 393517.0682 258810.66760000002 241421.06710000001 378292.6851 452895.7266 490964.0808 487531.9972 482620.41760000004 456074.38019999996 477200.57999999996 594363.4985 580952.7002 
759817.2191999999 761496.4696 662790.9305 656759.5295000001 659996.6651 473404.8217 598195.6997 598834.1912 700287.4882 647480.7799 517369.53020000004 350501.59750000003 240637.1725 123712.276 0 42063.5753 169917.8921 228917.9184 393524.38489999995 379470.6699 306574.4875 359533.47 472907.1408 415300.9554 168896.663 321684.2511 339815.5096 380034.64269999997 465485.9885 495070.91799999995 270352.5168 297992.2576 529602.9596000001 614079.0145 610549.6765999999 535326.8654 569398.0881 532254.846 516384.2486 433235.6606 423602.1885 543679.4606 571107.9845 728644.8559 831916.983 697860.339 711581.2016 608574.8148 799266.5626000001 242414.1843 333121.4741 302606.2528 465925.3373 336849.47 197641.0038 272655.2427 284578.39410000003 395023.03740000003 382522.9436 365132.6289 479967.9328 576536.7602 614605.1144000001 576935.7027 603370.8924 579786.6562 562315.6902000001 698299.0105 704664.262 
800872.0044 799850.743 700090.0075 696259.7077 702060.2404 501324.6566 626115.5346 636236.2865 732322.8221 685117.8822 543734.9815 391150.7742 272609.5431 165775.85129999998 42063.5753 0 127854.3168 186854.3431 408388.8946 421534.2452 348638.06279999996 359242.5753 447774.2606 409130.2499 127482.3106 280269.8987 330401.5369 339086.2466 424537.59239999996 454122.52189999993 229404.12069999997 299271.7179 530770.6954 580397.9351 576461.9569999999 519323.95279999997 570007.5355 530504.8381 499960.6945 475299.23589999997 454316.5579 585743.0359 599371.1263 758809.4846000001 846515.1116 722225.2316 738373.6193 640191.3757 810597.4199 284477.7596 296153.8088 323236.8691 480871.4698 378913.0453 239704.5791 231240.8903 261758.4987 354074.6413 423688.3607 403948.985 521685.88279999996 618600.3355 622248.7207 618653.6527 636424.3975 621850.2315 577034.6447000001 713872.3276 735192.3997 
690474.5514 694898.1401 678382.4477 648141.3273 614553.8875 451904.1671 576695.0451 590472.3668 700459.77 660154.2897 529113.9527 388131.42240000004 374625.5283 293630.1681 169917.8921 127854.3168 0 59000.0263 327053.297 313068.974 244085.3304 327452.6113 412081.9109 436238.93799999997 255336.6274 400479.3296 355352.9438 466940.5634 552391.9092 581976.8387 357258.4375 375194.8285 618316.5978 698813.9656 704316.2738 604630.1762 659655.6033 621939.9021 612396.7731 502538.9714 535798.5780999999 591592.3914 614670.8119000001 785026.9423000001 857938.6314000001 732489.6137 754414.3515000001 660421.4603 825776.9722 384049.28 424008.1256 371909.5636 539836.4497 406152.78079999995 266944.3146 246902.9875 133904.1819 309361.3011 330147.0394 513974.8297 403091.6431 510805.23569999996 548873.5899 652505.1000999999 635980.3334 587537.2944 636384.3060999999 654930.083 706382.6933 
723273.4793 727697.068 645099.6141 614858.4937 644761.5448 510904.1934 635695.0714 632122.2672 759459.7963 712870.4676 588059.741 329131.3961 315625.502 352630.1944 228917.9184 186854.3431 59000.0263 0 268053.2707 254068.9477 185085.3041 268452.585 381826.25580000004 446422.69710000005 314336.6537 459479.35589999997 414352.97010000004 525940.5897 556638.5335 586367.8589 361649.4577 434194.8548 656148.427 719497.1442 709550.8021 591948.7999 694357.4688 657136.4506999999 640926.7679 551479.1202 476798.55179999996 650592.4177 669609.1765 831415.4993 916938.6577 791489.64 813414.3778 719421.4866000001 884776.9985 443049.30630000005 483008.1519 358480.0215 588776.5985000001 455092.92960000003 315884.4634 305903.0138 192904.2082 368361.32739999995 271147.0131 454974.8034 447250.7205 526714.3541 533337.1195 593505.0738 576980.3071 584068.7852 577384.2798 689168.0591 674973.1016 
731828.8992999999 731778.1694 643317.6457 636803.5328 700829.0534 675471.4430999999 760031.6076 772977.6758 929741.0008 884956.0804 793710.1932 491035.0394 281789.911 338241.0442 393524.38489999995 408388.8946 327053.297 268053.2707 0 81147.8742 200755.4829 284122.7638 314259.4967 378590.489 498081.28189999994 615877.0758 613260.5132 692102.8663999999 803906.4018000001 833895.2020999999 610765.4606000001 686332.0711000001 920523.9643000001 958134.3769 969648.2139999999 860002.0706 962410.7395 925189.7214 893263.4323 793508.656 652983.983 895342.0696 915944.2928 1069862.0746 1135610.0458 992600.2899 1042953.8587 962230.1657 1107426.3694 545460.8295 683113.9748000001 626533.2922 797995.1085 700528.1541 579695.0934 450175.85430000006 337177.04870000004 431212.09380000003 286013.6833 424469.0529 451157.3746 515114.9265 530040.1295 559936.7099 652981.3764999999 598935.4554 711140.8193 797274.4451 728664.6469 
650681.0251 650630.2952 585896.779 555655.6586 626508.2697000001 594323.5689 679524.3736 692470.4417999999 848640.0517 807908.0246 714577.3195 410484.9497 220746.64779999998 327238.48470000003 379470.6699 421534.2452 313068.974 254068.9477 81147.8742 0 119607.6087 202974.8896 300205.7817 308676.1739 481243.8352 587794.6603 537663.0221 660317.0075 768368.3456 798005.2157 573601.7649000001 624117.3217 867239.091 924578.829 941068.8287 831174.8609 918432.2154999999 879067.4458 861319.2663 723753.8944 571836.1088 823381.8066 846970.4022 992657.2202 1065539.4539 918199.3478000001 966851.7301 898173.5965 1030850.2681 531407.1145 626745.086 612525.0696 728723.8496000001 651695.9994 517401.2969 415284.7173 302285.9117 417158.3788 357182.2671 373906.0525 385937.4216 433967.0523 448892.2553 498626.21959999995 583771.4745 565346.8067999999 679694.1086 772366.6784999999 651207.546 
761782.085 760999.5694 693707.6163 663466.4959 745115.8937 652883.418 768124.4034 774750.5461 909138.1917 863171.1293 754381.071 470548.26540000003 272695.8509 305973.4592 306574.4875 348638.06279999996 244085.3304 185085.3041 200755.4829 119607.6087 0 83367.2809 196740.9517 261337.393 388934.2794 496574.4196 446792.5759 569446.5613 687110.3907 721917.1099 501248.5572999999 576918.749 820040.5183 854954.0447 870711.2267 759572.3823 867345.2452 829473.992 805974.6067 725453.6812 627099.2135000001 835677.7217999999 853296.3244 1012734.6827 1090419.9244 969588.4120000001 992298.8174 899344.9355 1064494.8229 514579.9947 639695.9615999999 536350.4316 735049.7718 637124.8075 500771.3069 335784.0501 230683.4331 322861.3276 306021.8281 349541.7973 481682.7175 544291.3896 563797.5893999999 618233.8282999999 670535.7893 608404.3257 732296.29 809491.1518 752143.0253 
839907.7782 844331.3668999999 761887.4499 745506.2455 803451.3507 736233.275 832137.3613 845914.683 989658.2752 936851.5669 834312.648 553915.5463 343082.9118 389340.7401 359533.47 359242.5753 327452.6113 268452.585 284122.7638 202974.8896 83367.2809 0 113373.6708 177970.1121 472301.5603 498219.948 448088.3098 570742.2952 695435.7307 732882.786 519476.06289999996 617592.7847 855651.4556 872775.9649 891728.168 789383.7219 901056.4396 864616.7117999999 839292.655 792769.1306 710466.4944 903212.9306 930186.1046 1083374.5504 1163222.4835 1033967.3082 1063212.2275 968108.2848 1131060.8243 559357.3021 655396.3841 580322.1733 801142.5865 681157.8627 557174.4738 376458.0858 264767.98809999996 406228.6085 389389.109 432804.5595 562842.3861 620208.1479 638742.8422 679926.3108 750270.1794 683163.3416 815663.5708999999 892858.4327 834048.3116 
943996.0014 941678.4996 867118.0354 851906.4138 912621.775 846522.2501000001 945507.6278 959284.9495 1100827.7121 1050225.2377 941195.8636 661418.3691 456456.5826 502714.4109 472907.1408 447774.2606 412081.9109 381826.25580000004 314259.4967 300205.7817 196740.9517 113373.6708 0 64596.4413 474978.9605 542033.9547 491902.3165 611377.6628 734675.0769 778873.4291 575688.3563999999 688149.2515 927472.3187 933536.0429 953818.8369999999 855985.4924999999 966399.5966 934850.1539 913588.4218 896154.7407 823840.1652 1003674.3023 1022746.2219 1181465.6218 1270020.5422999999 1141817.485 1161748.7149 1065998.0125 1237858.8831 667196.775 733942.0932 663192.4769 904499.6693 794531.5335 662582.2202 461095.4057 378141.65890000004 385673.2499 497044.4682 538177.1193 670440.1399000001 723135.6257 746275.0541000001 785137.9709999999 861048.6781 793941.8403 875648.9859 997987.3892 943268.5756 
957242.0096 958824.1664 878289.2379 864331.8325 918869.3843 831449.7098000001 956240.5878000001 970017.9095000001 1085043.9536 1039680.1797 912912.119 645005.0999 513107.7624 538508.2673 415300.9554 409130.2499 436238.93799999997 446422.6971 378590.48899999994 308676.1739 261337.39299999998 177970.1121 64596.4413 0 425408.3075 477437.5134 427305.8752 546781.2215 671750.0399 714276.9878 511091.9151 640647.9596000001 875753.2126 868939.6015999999 889222.3957 801011.7472 912684.4649 886375.4717 861869.3157 848536.6159999999 838903.1438999999 953139.5161 977551.0487 1143945.8113 1244041.7701 1113161.2944 1126882.1570000001 1023875.7702 1207238.0085 657715.1396999999 705284.0586999999 614268.9642 881226.2926999999 751292.9326 612941.9591999999 416251.4551 393239.39730000007 450269.6912 547578.5900999999 602773.5606 678290.2354 733394.1095 757568.4292 790961.0819 876132.5891 845149.9746999999 940245.4271999999 998666.6732000001 959689.0189 
927259.0743 924759.0146999999 826026.6963 820795.3574 824860.0575 616875.2017000001 728039.3748 740900.7299 819250.4946 778494.1421 632745.3073 472990.5068 398386.8519 292608.939 168896.663 127482.3106 255336.6274 314336.6537 498081.28189999994 481243.8352 388934.2794 472301.5603 474978.9605 425408.3075 0 152787.5881 202919.22629999998 212223.5411 348392.0841 335813.9202 204183.21889999998 274050.8161 456848.0439 466019.7653 481776.9473 494103.051 510885.9812 474352.7788 491660.7044 538817.9147000001 553944.1612 581052.082 608480.6059000001 778836.7363000001 897237.4397 811235.5574 770818.9777 649705.0919 862800.3764999999 411310.8473 423636.11939999997 298015.9673 525066.7690999999 391383.1002 366537.6668 103758.5797 216757.38530000002 328853.7395 518819.8462 531431.2956 646951.5754 745433.4232000001 749731.0312999999 745832.3657 746735.1714999999 709003.3399 692831.4304 830168.3437999999 854134.2409 
1080039.4856 1077546.6028 978813.0303 973582.9454999999 977647.6456 745064.0788 869854.9568 881254.32 944572.9383 898338.9188 740673.346 625776.8408 551174.44 445396.5271 321684.2511 280269.8987 400479.3296 459479.35589999997 615877.0758 587794.6603 496574.4196 498219.948 542033.9547 477437.5134 152787.5881 0 50131.6382 172785.6236 297479.0591 344890.558 345891.6953 266518.5204 446979.8897 500596.3743 514837.9786 522382.2248 473936.5094 451720.2669 446644.7136 568376.2664 692734.8193 663115.1641 690543.6880000001 857563.7714 986566.8111 895141.9988 852882.0598 727634.3625 949763.0495000001 514073.4414 503127.25659999996 397272.9399 637630.7553000001 517904.7755 440478.26469999994 256544.9137 369543.7193 292725.8292 662721.8429 684218.8837 798840.8943 896088.5547 902518.6194 898619.9538 896800.8692 861220.9543000001 833974.9473 971311.8607 1006920.5749 
1039182.9058 1035843.1625 937933.9794 931549.819 938414.2408 715120.7897 839911.6677 852299.9569 923676.5862 887871.0574 733739.1962 584495.3706 501662.1403 459808.4262 339815.5096 330401.53689999995 355352.9438 414352.97010000004 613260.5131999999 537663.0221 446792.5759 448088.3098 491902.3165 427305.8752 202919.22629999998 50131.6382 0 122653.9854 247347.4209 294758.9198 295760.0571 268431.632 497111.5279 450464.7361 464706.3404 472250.58660000004 524068.14759999997 501851.9051 496776.3518 557827.2803 664551.1938 659661.4002 686988.5949 855839.8642 979556.1795 876980.435 849428.2959 737816.8363 943299.3667 564205.0796 505040.3682 347141.3017 619139.9524000001 485456.2835 442391.3763 215665.8628 327709.4936 342857.46739999996 612590.2047 635693.1625 755040.3296 851967.1326 859461.1499999999 855415.515 861290.9425 811089.3161 804114.389 936649.5481 966041.524 
1134237.7096 1135167.8055 1036410.2768999999 1031913.5685 1036890.5383 796579.3711000001 921370.2491000001 915528.1445 970131.5639 917324.8556 762490.5214000001 683374.0874 610610.393 503746.9187 380034.64269999997 339086.2466 466940.5634 525940.5897 692102.8663999999 660317.0075 569446.5613 570742.2952 611377.6627999999 546781.2215 212223.5411 172785.6236 122653.9854 0 136168.543 182155.6148 331302.0147 391085.6174 409611.1188 433198.3634 372732.2424 361071.7087 452247.6773 412744.9799 444423.7793 680481.2657 726854.9763 707800.2605 688556.4481 851640.0108 984705.9482 901673.8689 851706.0031999999 722337.0469 947902.1866 622448.8269999999 488405.356 425648.76529999997 640940.3285999999 603606.6413 530533.7549 314142.1603 427140.9659 465511.45279999997 729203.4268 742971.591 856875.7101 956571.4029 957592.1375 956970.3454 957663.6355 919124.8485999999 871213.0448 1005840.786 1051547.4822 
1189247.8835 1186474.284 1090164.7408999999 1086065.7578 1065365.0139 795518.2359 915918.7402 925807.8293 951241.5998 905231.1971 747296.4427 724189.4418 694118.4528 582890.2895 465485.9885 424537.5924 552391.9092 556638.5335 803906.4018 768368.3456 687110.3907 695435.7307 734675.0769 671750.0399 348392.0841 297479.0591 247347.4209 136168.543 0 47411.4989 195133.4717 260927.76870000002 313897.4199 311688.1312 356135.5729 224903.1657 319527.85610000003 329486.1656 319552.15499999997 548969.4978 743405.0508 618449.7282 635065.9658 789982.5424 928315.2932 862728.7346 791714.0017 664756.4307 891511.5316 620527.9361 497536.50490000006 321855.2226 616588.7864000001 512314.02379999997 426820.4716 405883.5949 466729.3531 553779.3764 802901.4114 824311.3565999999 925446.257 1025084.9314 1021699.8965 1009387.0501 985944.0125000001 950582.9924999999 897504.1947 1026901.4833 1089547.5799 
1195749.0066 1191325.4179 1090506.6775 1091837.1805 1068677.1255 792247.7396 917038.6176 921000.5323000001 936830.6741 892766.3971 734831.6427 732356.1296 711866.9971 597795.1588 495070.91799999995 454122.5219 581976.8387 586367.8589 833895.2020999999 798005.2157 721917.1099 732882.786 778873.4291 714276.9878 335813.9202 344890.55799999996 294758.9198 182155.6148 47411.4989 0 224718.4012 308339.26759999996 279876.9098 359099.6301 325568.1714 272314.6646 272116.3572 282074.6889 314689.5703 596380.9967 740387.0606 616540.4113 609880.0108 758521.9107 900781.6096 835756.3228 764114.2884 634745.3321 863977.848 646153.4480000001 484073.7245 358981.88289999997 659520.9251999999 559725.5227 445745.74069999997 436093.92970000004 496939.6879 583364.3059 823085.6795 837337.6911 935812.5429 1040474.2316 1036272.5298 1023455.5201999999 998755.6847999999 953065.6159 894267.1129000001 1020120.185 1093059.0917 
1012963.4536 1008539.8649 914427.7982000001 905829.7052 898899.4627 656385.1018000001 777258.2336 791035.5553 847724.3261000001 795708.2209999999 640873.8868 541562.0087 498984.9811 387756.8178 270352.5168 229404.12069999997 357258.4375 361649.4577 610765.4606 573601.7649000001 501248.5573 519476.06289999996 575688.3563999999 511091.9151 204183.21889999998 345891.69529999996 295760.0571 331302.0147 195133.4717 224718.4012 0 225732.9822 396890.5307 357847.6865 378130.4806 289919.8321 401592.5498 375283.5566 362077.8702 461997.01540000003 606094.7737 566946.6612 594375.1851 755481.0699 882503.5042999999 785739.8482 754765.3158999999 625396.3596 845699.7427 425394.4644 366788.7214 319325.3482 550987.6979 417304.029 278095.5628 212742.6537 273588.4119 358645.9047 619530.6795000001 629177.8849 739816.8423 839111.5434 841917.9317000001 836784.6122000001 818265.3107 775984.7424 744415.8199 881752.7333 959270.0717 
949130.4561 953554.0447999999 867016.2725000001 847860.1212 821031.0903 544782.7513 669573.6293 683350.951 707263.0276 659494.2516 501559.4972 507481.0628 497814.721 383772.0931 297992.2576 299271.7179 375194.8285 434194.8548 686332.0711000001 624117.3217 576918.749 617592.7847 688149.2515 640647.9596000001 274050.8161 266518.5204 268431.632 391085.6174 260927.76870000002 308339.2676 225732.9822 0 243121.7693 323619.1371 343413.7366 429131.2201 317458.5024 350997.5989 237201.9446 304007.73840000003 534069.4882 397240.5472 424669.07109999994 591104.774 720484.5201 630773.4708 586932.8941 469385.2043 683680.7585 398688.4597 236608.7362 241713.51140000002 373525.0653 305907.86209999997 173959.7443 241134.6989 354133.5045 465726.468 637343.2779 612914.9403 704085.5352 811799.1278 824598.8871 802015.0564 766810.9743 727434.5241 644115.9189 773079.8645 844668.8302 
1106993.2799 1103439.117 1017775.2027 1013114.5174 963145.2317 661280.7265 761678.8889 769383.7509 745311.9077999999 708896.0992 556703.1185 650752.3343 720459.0096 619836.6478 529602.9596000001 530770.6954 618316.5978 656148.427 920523.9643000001 867239.091 820040.5183 855651.4556 927472.3187 875753.2126 456848.0439 446979.8897 497111.5279 409611.1188 313897.4199 279876.9098 396890.5307 243121.7693 0 194979.2438 152419.07619999998 230325.5931 118652.8754 158155.5728 34812.6605 321254.2461 625648.6873 365258.3219 383327.7471 515383.8724 652440.5621 633163.3881 518404.1616 400368.46239999996 625000.2251 533198.3271999999 371118.6037 307486.4504 407014.96 357681.6713 381621.6351 484256.4682 597255.2738 701171.0888 821873.5704 828380.4742 887941.3381 995538.7636 980521.5129 948511.9852 881925.3075 887079.7483999999 780466.9713 879330.5478999999 993686.2993000001 
1256274.2695 1252789.8186 1152801.7869 1158831.8712 1120221.8857 831200.2664999999 945091.1781 944677.9614 931578.55 893646.6148 751682.3623 784140.0851 813901.4779 707391.2302 614079.0145 580397.9351 698813.9656 719497.1442000001 958134.3769 924578.829 854954.0447 872775.9649 933536.0428999999 868939.6015999999 466019.7653 500596.37429999997 450464.7361 433198.3634 311688.1312 359099.6301 357847.6865 323619.1371 194979.2438 0 60466.121 191698.5282 235401.63540000003 195898.93800000002 229791.9043 516233.4899 776643.5293 551959.8989 573546.0516 703167.2692 845732.2803 805815.3767 712544.8437 588070.1225 813567.2917 673512.3380999999 523026.25139999995 396797.1611 601994.2038 531477.0811 485198.7852 534177.6952 631436.0984 716493.5912 925613.8722 931508.5048 1015324.5761 1122691.9005999998 1120236.3809 1087753.8344 1048550.9887000001 1013365.11 930512.5445 1056793.1683 1147389.5156 
1232712.6639 1229181.1834 1128610.6154 1135306.6014999999 1092905.5935999998 803021.1017 901651.3337 907928.2568999999 886462.8234000001 850341.7315 698462.952 763397.6957 810273.5732 697766.9785 610549.6766 576461.9569999999 704316.2738 709550.8021 969648.2139999999 941068.8287 870711.2267 891728.168 953818.8369999999 889222.3957 481776.9473 514837.9786 464706.3404 372732.2424 356135.5729 325568.1714 378130.4806 343413.7366 152419.07619999998 60466.121 0 131232.4072 174935.51440000001 135432.817 187231.73669999998 462699.8784 741751.9432 508242.10769999993 522932.2099 648233.4911 790354.1921999999 754420.0638 663975.3631 534606.4068 757751.0323999999 652100.2023 504729.2258 374477.6259 548774.7935 510100.74749999994 468589.4939 540256.7819 641133.041 736776.3853 915057.394 927972.1521000001 998422.4539999999 1106136.0466 1113951.2754 1066309.9414 1012477.9464 989911.1794 898556.0846 1013397.7981 1114725.488 
1101480.2566999998 1097948.7762 998257.845 1004429.1976 963323.272 692658.5554 796172.3615 809949.6832 783951.4582 741351.0613 584716.4969 632227.0983 693645.5604000001 657683.6813 535326.8654 519323.9528 604630.1762 591948.7999 860002.0706 831174.8609 759572.3823 789383.7219 855985.4924999999 801011.7472 494103.05100000004 522382.2248 472250.58660000004 361071.7087 224903.1657 272314.6646 289919.8321 429131.22010000004 230325.5931 191698.5282 131232.4072 0 111672.7177 151175.41509999998 195512.9326 481954.5182 614750.1886 431994.2288 430098.9 571522.9285 715414.9282999999 700074.1069 579512.2264 451004.4586 679275.7707 574047.4339 569502.5032 442651.1106 435028.3384 476894.32779999997 337685.8616 480123.5983 528888.9492 622441.9536 818756.6012 840188.4607 867409.9659000001 975123.5585 993341.2198999999 935292.1132 881245.5392 858678.7722 772118.3024 892849.9116 987723.7334 
1155914.8148 1152134.5411 1055047.7249 1063242.612 1012172.7861 707090.9820999999 808800.4221000001 815029.1657 782740.998 746332.5529 599696.5769 699779.8887 772059.5235 662973.8846 569398.0881 570007.5355 659655.6033 694357.4687999999 962410.7394999999 918432.2154999999 867345.2452 901056.4396 966399.5966 912684.4649 510885.9812 473936.5094 524068.14759999997 452247.6773 319527.85610000003 272116.3572 401592.5498 317458.5024 118652.8754 235401.63540000003 174935.51440000001 111672.7177 0 39502.6974 83840.2149 370281.8005 657558.8095 400359.9996 413114.05689999997 547047.6961000001 676073.5932 654215.4774 558072.403 430154.7722 642650.817 556383.3709 457829.7855 339684.532 450151.9765 407347.469 420691.919 531561.1951 640561.6669000001 734114.6713 872786.3735 874058.8821 938410.5649 1046124.1575 1040172.2646999999 997477.9688 930987.2466 915465.9765 825948.7386999999 923864.8642 1030532.3543 
1117828.9024 1122252.4911 1030489.1466 1025284.8933 974769.7927999999 667588.2847 785556.3640000001 780324.7152 752383.7912999999 716028.6508000001 566826.6208 660306.4205 733224.7156 623792.6539 532254.846 530504.8381 621939.9021 657136.4506999999 925189.7213999999 879067.4458 829473.992 864616.7117999999 934850.1539 886375.4717 474352.7788 451720.2669 501851.9051 412744.9799 329486.1656 282074.6889 375283.5566 350997.5989 158155.5728 195898.93800000002 135432.817 151175.41509999998 39502.6974 0 123342.9123 331637.1409 623616.1424 372809.29069999995 387499.3929 512800.6741 658513.7145 640889.1688 549601.5081 469657.4696 623938.6861 517071.9692 418327.0881 308473.9939 489654.6739 446850.1664 413439.2429 494340.177 607338.9826 710388.4187 833283.6761 835864.4659 899690.0036 1006626.2768 1002207.1736999999 958631.8085 933009.0484 890907.3981999999 791159.0769 886840.9017999999 996589.6872 
1072180.6194 1074283.3966 983263.0423000001 979402.4119 928332.5712 645018.1977 726868.7089 734583.9712 710499.2472999999 674083.4387 521890.458 615939.6738 695514.9079999999 585023.9873 516384.24860000005 499960.6945 612396.7731 640926.7679 893263.4323 861319.2663 805974.6067 839292.655 913588.4218 861869.3157 491660.7044 446644.7136 496776.3518 444423.7793 319552.15499999997 314689.5703 362077.8702 237201.9446 34812.6605 229791.9043 187231.73669999998 195512.9326 83840.2149 123342.9123 0 286441.5856 590836.0268 330445.6614 348515.0866 494551.4066 626069.4554 598350.7276 490949.6944 365555.80189999996 591073.2498999999 506380.22349999996 401343.1 286670.6925 372202.2995 364344.9665 391635.9415 478133.7156 575291.1736 693021.3502999999 818628.7413999999 793567.8137 856207.0539 963920.6465 1001989.0007 913699.3247 888588.6026999999 852267.0878999999 771246.3916 844517.8873999999 960284.9815 
808084.8189999999 803661.2302999999 716672.4941000001 746913.6145000001 671610.2405000001 481712.46830000007 463790.2613 450012.9396 432616.8779 387641.8531 503264.0795 433645.8463 555711.1873 455373.0948 433235.6606 475299.23589999997 502538.9714 551479.1202 793508.656 723753.8944 725453.6812 792769.1306 896154.7407 848536.6159999999 538817.9147000001 568376.2664 557827.2803 680481.2657 548969.4978 596380.9967 461997.01540000003 304007.73840000003 321254.2461 516233.4899 462699.8784 481954.5182 370281.8005 331637.1409 286441.5856 0 304394.4412 451982.73490000004 424554.211 478720.5345 498181.3062 415122.90430000005 445770.705 453175.5124 461377.5446 269188.5594 431268.28290000005 340559.9058 399141.0614 374803.123 235594.6568 435059.335 548058.1406 701760.271 641677.4696 600646.3165 663818.3695 748077.167 722823.9864 669675.3940000001 604320.5886 577090.7457000001 539063.4793 558076.3018 673843.3959 
503690.3778 499266.7891 412278.0529 442519.1733 376102.10699999996 412178.6416 448929.8092 448703.6025 288878.6241 236071.9158 369609.9052 254908.7937 438051.365 355715.6248 423602.1885 454316.5579 535798.5780999999 476798.55179999996 652983.983 571836.1088 627099.2135000001 710466.4944000001 823840.1652 838903.1439 553944.1612 692734.8193 664551.1938 726854.9763 743405.0508 740387.0606 606094.7737 534069.4882 625648.6873 776643.5293 741751.9432 614750.1886 657558.8095 623616.1424 590836.0268 304394.4412 0 350099.5526 355670.5361 496017.847 493703.3451 403297.1837 523855.03750000003 394486.0812 527151.0676000001 181188.0042 343267.72770000005 425652.3935 237347.3884 371031.0573 510239.5235 465151.7267 578150.5323 707765.2242 400574.6385 461520.569 359423.92829999997 443682.7258 438650.9403 365280.9528 339803.1423 272696.3045 263268.7076 400106.3905 372973.5448 
843684.5336 848108.1222999999 751200.4589000001 774423.4221 687870.8285 410429.88529999997 471553.36089999997 457776.0392 392133.5851 370052.3177 259070.0102 493082.0144 631245.6648 557101.0254 543679.4606 585743.0359 591592.3914 650592.4177 895342.0696 823381.8066 835677.7217999999 903212.9306 1003674.3023 953139.5161 581052.082 663115.1641 659661.4002 707800.2605 618449.7282 616540.4113 566946.6612 397240.5472 365258.3219 551959.8989 508242.10769999993 431994.22880000004 400359.9996 372809.29069999995 330445.6614 451982.73490000004 350099.5526 0 27428.5239 197784.6543 323451.647 275537.7045 189766.8957 319135.852 286647.8854 383984.7989 329884.5372 372481.4058 156472.04200000002 290155.7109 429364.1771 576345.4933 689344.2988999999 813182.7824 699560.5224 683651.5283 708960.0904999999 792002.9508999999 770814.022 715380.5054 615350.5637 621670.5579 492463.48099999997 563875.063 710361.0334 
842197.4887000001 837915.0699 752367.113 768884.0804999999 686899.1265 383001.3614 450371.2295 460219.0734 376769.0476 349442.6842 231641.4863 478828.379 658674.1887 577703.2486 571107.9845 599371.1263 614670.8119000001 669609.1765 915944.2928 846970.4022 853296.3244 930186.1046 1022746.2219 977551.0487 608480.6059000001 690543.6880000001 686988.5949 688556.4481 635065.9658 609880.0108 594375.1851 424669.07109999994 383327.7471 573546.0516 522932.2099 430098.9 413114.05689999997 387499.3929 348515.0866 424554.211 355670.5361 27428.5239 0 170356.1304 302587.99749999994 302966.2284 217195.4196 320282.3223 269984.8377 378974.4108 357313.0611 399909.9297 129043.5181 262727.187 401935.65319999994 590841.5409 698330.4558 835962.294 714315.8302 711080.0522 701630.0358 799353.2619 773731.5183 719572.8696 619814.2304 625364.7108 483985.8469 562136.3996 697795.6858999999 
897458.8597 894428.6329 818291.8571 845650.2203999999 742504.7686 470023.2172 496810.04469999997 494295.2177 402623.3666 357857.6717 350744.6078 620535.5554 793876.5887 733508.6339 728644.8559 758809.4846000001 785026.9423 831415.4993 1069862.0746 992657.2202 1012734.6827 1083374.5504 1181465.6218 1143945.8113 778836.7363 857563.7714 855839.8642 851640.0108 789982.5424 758521.9107 755481.0699 591104.774 515383.8724 703167.2692 648233.4911 571522.9285 547047.6961000001 512800.6741 494551.40660000005 478720.5345 496017.847 197784.6543 170356.1304 0 146345.3876 360847.9029 279295.1482 149926.1919 183149.14919999999 539333.9954 477369.9291 570266.0601 299399.6485 402216.6877 538110.6475 739376.0839 842398.3796999999 1005573.74 849765.0064000001 856409.8238 814928.7831 900109.596 863989.2858 803187.5905 685482.4622 707951.7096000001 564925.6708 596566.471 746880.2119 
