26
16 11 21 26 31 36 46 57 56 67 66 72 73 91 86 76 80 81 82 61 51 44 43 49 1 0
0 1.0 213.0 214.0 206.0 205.0 203.0 300.0 484.0 486.0 695.0 696.0 707.0 804.0 803.0 801.0 905.0 802.0 905.0 485.0 299.0 302.0 300.0 5.0 3.0 4.0 
1.0 0 214.0 215.0 205.0 204.0 202.0 299.0 483.0 485.0 694.0 695.0 706.0 803.0 802.0 800.0 904.0 801.0 904.0 484.0 298.0 301.0 299.0 4.0 2.0 3.0 
213.0 214.0 0 1.0 211.0 212.0 214.0 311.0 495.0 497.0 706.0 707.0 718.0 815.0 814.0 812.0 916.0 813.0 916.0 496.0 310.0 311.0 309.0 218.0 216.0 217.0 
214.0 215.0 1.0 0 210.0 211.0 213.0 310.0 494.0 496.0 705.0 706.0 717.0 814.0 813.0 811.0 915.0 812.0 915.0 495.0 309.0 310.0 308.0 219.0 217.0 218.0 
206.0 205.0 211.0 210.0 0 1.0 3.0 100.0 284.0 286.0 495.0 496.0 507.0 604.0 603.0 601.0 705.0 602.0 705.0 285.0 99.0 100.0 98.0 201.0 203.0 202.0 
205.0 204.0 212.0 211.0 1.0 0 2.0 99.0 283.0 285.0 494.0 495.0 506.0 603.0 602.0 600.0 704.0 601.0 704.0 284.0 98.0 99.0 97.0 200.0 202.0 201.0 
203.0 202.0 214.0 213.0 3.0 2.0 0 97.0 281.0 283.0 492.0 493.0 504.0 601.0 600.0 598.0 702.0 599.0 702.0 282.0 96.0 99.0 97.0 198.0 200.0 199.0 
300.0 299.0 311.0 310.0 100.0 99.0 97.0 0 184.0 186.0 395.0 396.0 407.0 504.0 503.0 501.0 605.0 502.0 605.0 185.0 1.0 196.0 194.0 295.0 297.0 296.0 
484.0 483.0 495.0 494.0 284.0 283.0 281.0 184.0 0 2.0 211.0 212.0 223.0 320.0 319.0 317.0 421.0 318.0 421.0 1.0 185.0 380.0 378.0 479.0 481.0 480.0 
486.0 485.0 497.0 496.0 286.0 285.0 283.0 186.0 2.0 0 209.0 210.0 221.0 318.0 317.0 315.0 419.0 316.0 419.0 1.0 187.0 382.0 380.0 481.0 483.0 482.0 
695.0 694.0 706.0 705.0 495.0 494.0 492.0 395.0 211.0 209.0 0 1.0 12.0 109.0 108.0 106.0 210.0 107.0 210.0 210.0 396.0 591.0 589.0 690.0 692.0 691.0 
696.0 695.0 707.0 706.0 496.0 495.0 493.0 396.0 212.0 210.0 1.0 0 11.0 108.0 107.0 105.0 209.0 106.0 209.0 211.0 397.0 592.0 590.0 691.0 693.0 692.0 
707.0 706.0 718.0 717.0 507.0 506.0 504.0 407.0 223.0 221.0 12.0 11.0 0 101.0 100.0 98.0 202.0 99.0 202.0 222.0 408.0 603.0 601.0 702.0 704.0 703.0 
804.0 803.0 815.0 814.0 604.0 603.0 601.0 504.0 320.0 318.0 109.0 108.0 101.0 0 1.0 3.0 107.0 2.0 105.0 319.0 505.0 700.0 698.0 799.0 801.0 800.0 
803.0 802.0 814.0 813.0 603.0 602.0 600.0 503.0 319.0 317.0 108.0 107.0 100.0 1.0 0 2.0 106.0 1.0 104.0 318.0 504.0 699.0 697.0 798.0 800.0 799.0 
801.0 800.0 812.0 811.0 601.0 600.0 598.0 501.0 317.0 315.0 106.0 105.0 98.0 3.0 2.0 0 104.0 1.0 104.0 316.0 502.0 697.0 695.0 796.0 798.0 797.0 
905.0 904.0 916.0 915.0 705.0 704.0 702.0 605.0 421.0 419.0 210.0 209.0 202.0 107.0 106.0 104.0 0 105.0 208.0 420.0 606.0 801.0 799.0 900.0 902.0 901.0 
802.0 801.0 813.0 812.0 602.0 601.0 599.0 502.0 318.0 316.0 107.0 106.0 99.0 2.0 1.0 1.0 105.0 0 103.0 317.0 503.0 698.0 696.0 797.0 799.0 798.0 
905.0 904.0 916.0 915.0 705.0 704.0 702.0 605.0 421.0 419.0 210.0 209.0 202.0 105.0 104.0 104.0 208.0 103.0 0 420.0 606.0 801.0 799.0 900.0 902.0 901.0 
485.0 484.0 496.0 495.0 285.0 284.0 282.0 185.0 1.0 1.0 210.0 211.0 222.0 319.0 318.0 316.0 420.0 317.0 420.0 0 186.0 381.0 379.0 480.0 482.0 481.0 
299.0 298.0 310.0 309.0 99.0 98.0 96.0 1.0 185.0 187.0 396.0 397.0 408.0 505.0 504.0 502.0 606.0 503.0 606.0 186.0 0 195.0 193.0 294.0 296.0 295.0 
302.0 301.0 311.0 310.0 100.0 99.0 99.0 196.0 380.0 382.0 591.0 592.0 603.0 700.0 699.0 697.0 801.0 698.0 801.0 381.0 195.0 0 194.0 297.0 299.0 298.0 
300.0 299.0 309.0 308.0 98.0 97.0 97.0 194.0 378.0 380.0 589.0 590.0 601.0 698.0 697.0 695.0 799.0 696.0 799.0 379.0 193.0 194.0 0 295.0 297.0 296.0 
5.0 4.0 218.0 219.0 201.0 200.0 198.0 295.0 479.0 481.0 690.0 691.0 702.0 799.0 798.0 796.0 900.0 797.0 900.0 480.0 294.0 297.0 295.0 0 2.0 1.0 
3.0 2.0 216.0 217.0 203.0 202.0 200.0 297.0 481.0 483.0 692.0 693.0 704.0 801.0 800.0 798.0 902.0 799.0 902.0 482.0 296.0 299.0 297.0 2.0 0 1.0 
4.0 3.0 217.0 218.0 202.0 201.0 199.0 296.0 480.0 482.0 691.0 692.0 703.0 800.0 799.0 797.0 901.0 798.0 901.0 481.0 295.0 298.0 296.0 1.0 1.0 0 
