28
23 24 15 50 84 44 65 68 48 57 27 90 30 4 74 32 31 9 81 75 29 83 8 11 41 19 89 56
0 5047.56575 9649.88627 10935.76892 6441.72997 13549.89693 16658.55842 2436.93927 5074.48832 7812.580959999999 10853.44414 17192.97964 20973.926900000002 13919.66974 13385.71402 15431.19933 15043.06741 7619.80216 8510.70649 13963.595290000001 7531.55077 8453.31917 8137.76628 10463.66952 4839.00837 4467.83119 3311.23441 3792.53609 
5047.56575 0 4611.38862 6576.9778 9994.986700000001 14865.38156 14528.20827 6426.38506 4999.12332 5682.23081 13589.090839999999 19645.2481 25034.85542 18397.9664 18231.43351 20472.09926 20045.0181 12603.16282 12529.511760000001 17710.77234 11365.53496 11543.632969999999 10573.02843 10237.67576 9819.14803 6176.24813 7300.6802 8840.10184 
9649.88627 4611.38862 0 5016.774890000001 14606.37532 17624.329709999998 15087.97737 10777.35051 9607.79959 10293.619429999999 17352.57286 23288.6394 29374.41189 23006.64267 22840.10978 25051.925560000003 24581.65411 17139.79883 15855.00907 21414.89099 15976.92358 15396.985130000001 13161.98667 12089.38552 9210.84193 10029.60029 10555.46588 13427.41706 
10935.76892 6576.9778 5016.774890000001 0 10269.54303 14275.57046 10458.79692 12752.30905 11576.10112 12259.20861 15299.67467 20046.95158 28107.437019999998 22413.21527 23710.98286 25838.93444 25650.338929999998 18459.11048 18609.16812 24253.087679999997 17916.462919999998 18120.61077 16655.26101 16055.308420000001 12387.74253 12753.22593 12222.17763 14567.95473 
6441.72997 9994.986700000001 14606.375320000001 10269.54303 0 7117.9948 12349.61135 8878.66924 10174.316490000001 5744.496520000001 6534.522220000001 11358.4366 18610.1097 12339.20212 15811.13912 16981.14315 17136.29394 10790.18257 14297.80617 19104.21076 13133.82937 14774.928779999998 14579.49625 16905.39949 11280.73834 10311.77705 8312.83422 7664.53785 
13549.89693 14865.38156 17624.329709999998 14275.57046 7117.9948 0 8247.49646 15729.1363 13350.15824 10660.8599 5940.46171 5771.38112 16101.115580000002 14381.455820000001 19169.534209999998 20221.13807 21628.229890000002 16292.09115 20874.88453 25173.46099 19713.12629 21350.50347 21567.02881 23961.70014 18337.03899 17410.02757 14854.84116 13968.28153 
16658.55842 14528.20827 15087.97737 10458.79692 12349.61135 8247.49646 0 18146.313349999997 17065.399120000002 12673.82269 11956.91005 12880.48062 23841.40374 21012.0553 25217.64338 26560.27684 27151.80386 21088.02319 24165.23952 29266.34172 23493.83106 24123.18687 23587.75314 24765.88403 19647.81988 19486.3404 17272.01821 17746.60869 
2436.93927 6426.38506 10777.35051 12752.30905 8878.66924 15729.1363 18146.313349999997 0 2637.54905 7067.36902 12337.96114 18977.501259999997 21161.17079 13567.55528 15522.13056 14861.42036 14712.872339999998 7921.95023 6125.09494 11637.39387 7289.071739999999 6017.12772 5837.89251 8745.87137 7275.947639999999 2030.89192 874.29514 3440.42163 
5074.48832 4999.12332 9607.79959 11576.10112 10174.316490000001 13350.15824 17065.399120000002 2637.54905 0 4429.81997 12513.64348 17354.10527 20550.47178 13398.84308 13232.31019 15661.49133 15162.83364 9688.927549999999 8762.64399 14105.68159 9926.62079 8654.67677 8338.86239 10636.05058 5011.38943 4668.44097 3511.84419 6077.97068 
7812.580959999999 5682.23081 10293.619429999999 12259.20861 5744.496520000001 10660.8599 12673.82269 7067.36902 4429.81997 0 9486.99872 14935.80195 20980.8533 14942.06977 16445.13302 18797.78382 18701.169990000002 12789.11738 13192.463960000001 18493.45901 13238.82333 13054.61834 12495.49625 13965.954600000001 9441.2094 8098.71595 7941.66416 7491.60096 
10853.44414 13589.090839999999 17352.57286 15299.67467 6534.522220000001 5940.46171 11956.91005 12337.96114 12513.64348 9486.99872 0 6639.54012 13558.34591 9148.83534 14011.49375 16440.67489 17070.845670000002 11504.84911 16753.96041 20479.5217 15594.57978 17288.258130000002 18075.00978 21004.48992 15411.79652 14368.85306 12039.54156 9847.35741 
17192.97964 19645.2481 23288.6394 20046.95158 11358.4366 5771.38112 12880.48062 18977.501259999997 17354.10527 14935.80195 6639.54012 0 11663.32684 12524.51744 19085.39794 21168.40551 20446.52777 18122.64828 23112.98476 26481.52879 22149.4948 23790.859050000003 24609.52484 27627.03748 22031.98801 20899.13539 18273.01671 16402.27243 
20973.926900000002 25034.85542 29374.41189 28107.437019999998 18610.1097 16101.115580000002 23841.40374 21161.17079 20550.47178 20980.8533 13558.34591 11663.32684 0 8124.79067 13745.64971 13414.34761 13938.36092 16191.792989999998 22330.79038 23290.22524 21367.91719 23603.70059 25269.62952 29413.27457 24558.01071 23182.64185 20699.19323 17734.84846 
13919.66974 18397.9664 23006.64267 22413.21527 12339.20212 14381.455820000001 21012.0553 13567.55528 13398.84308 14942.06977 9148.83534 12524.51744 8124.79067 0 6560.8805 8990.06164 7922.01033 15363.86561 14583.450490000001 15708.911670000001 13419.47369 15478.90992 17330.77846 21536.12372 18248.798730000002 15468.97181 13251.23368 10127.13365 
13385.71402 18231.43351 22840.10978 23710.98286 15811.13912 19169.534209999998 25217.64338 15522.13056 13232.31019 16445.13302 14011.49375 19085.39794 13745.64971 6560.8805 0 2429.18114 3966.5883700000004 10400.74918 10010.99605 9544.57553 11174.97285 11301.3247 13802.19441 18242.65558 16655.16319 13491.23864 16222.003 14067.84438 
15431.19933 20472.09926 25051.925560000003 25838.93444 16981.14315 20221.13807 26560.27684 14861.42036 15661.49133 18797.78382 16440.67489 21168.40551 13414.34761 8990.06164 2429.18114 0 1537.40723 7971.56804 12343.84952 11258.92985 12351.40741 13640.26968 16036.3739 20526.0475 17393.544110000003 15910.45295 14541.75522 11638.66324 
15043.06741 20045.0181 24581.65411 25650.338929999998 17136.29394 21628.229890000002 27151.80386 14712.872339999998 15162.83364 18701.169990000002 17070.84567 20446.52777 13938.36092 7922.01033 3966.5883700000004 1537.40723 0 7441.85528 11863.71359 9721.52262 10814.00018 12492.57459 15003.89433 19426.75897 16863.83135 16263.05753 14396.550739999999 11272.45071 
7619.80216 12603.16282 17139.79883 18459.11048 10790.18257 16292.09115 21088.02319 7921.95023 9688.92755 12789.11738 11504.84911 18122.64828 16191.792989999998 15363.86561 10400.74918 7971.56804 7441.85528 0 8355.54476 9187.34171 7907.47451 8965.71989 9133.64577 13623.31937 9421.97607 9234.26658 7782.34267 5635.60809 
8510.70649 12529.511760000001 15855.00907 18609.16812 14297.80617 20874.88453 24165.23952 6125.09494 8762.64399 13192.463960000001 16753.96041 23112.98476 22330.79038 14583.450490000001 10010.99605 12343.84952 11863.71359 8355.54476 0 5643.91956 1163.9768 1298.34125 3791.19836 8280.87196 6644.16714 6665.72609 6893.22131 6906.603 
13963.595290000001 17710.77234 21414.89099 24253.087679999997 19104.21076 25173.46099 29266.34172 11637.39387 14105.68159 18493.45901 20479.5217 26481.52879 23290.22524 15708.911670000001 9544.57553 11258.92985 9721.52262 9187.34171 5643.91956 0 6432.04452 6942.26081 8940.358370000002 12317.21799 12204.47561 12309.645649999999 12332.23419 11519.73303 
7531.55077 11365.53496 15976.92358 17916.462919999998 13133.82937 19713.12629 23493.83106 7289.071739999999 9926.620789999999 13238.82333 15594.57978 22149.4948 21367.91719 13419.47369 11174.97285 12351.40741 10814.00018 7907.47451 1163.9768 6432.04452 0 2462.31805 4189.89415 8679.56775 7808.14394 7829.70289 8057.198109999999 5747.22237 
8453.31917 11543.632969999999 15396.985130000001 18120.61077 14774.928779999998 21350.50347 24123.18687 6017.12772 8654.67677 13054.61834 17288.258130000002 23790.859050000003 23603.70059 15478.90992 11301.3247 13640.26968 12492.57459 8965.71989 1298.34125 6942.26081 2462.31805 0 2533.46897 7023.14257 6576.374900000001 5367.38484 6858.407520000001 8204.94425 
8137.76628 10573.02843 13161.98667 16655.26101 14579.49625 21567.02881 23587.75314 5837.89251 8338.86239 12495.49625 18075.00978 24609.52484 25269.62952 17330.77846 13802.19441 16036.3739 15003.89433 9133.64577 3791.19836 8940.358370000002 4189.89415 2533.46897 0 4489.6736 4267.51848 4396.7803 6712.18765 8290.44571 
10463.66952 10237.67576 12089.38552 16055.308420000001 16905.39949 23961.70014 24765.88403 8745.87137 10636.05058 13965.954600000001 21004.48992 27627.03748 29413.27457 21536.12372 18242.65558 20526.0475 19426.75897 13623.31937 8280.87196 12317.21799 8679.56775 7023.14257 4489.6736 0 5624.66115 6751.59389 9482.32092 11900.03685 
4839.00837 9819.14803 9210.84193 12387.74253 11280.73834 18337.03899 19647.81988 7275.947639999999 5011.38943 9441.2094 15411.79652 22031.98801 24558.01071 18248.79873 16655.16319 17393.544110000003 16863.83135 9421.97607 6644.16714 12204.47561 7808.14394 6576.374900000001 4267.51848 5624.66115 0 6844.92159 8057.38342 8631.54446 
4467.83119 6176.24813 10029.60029 12753.22593 10311.77705 17410.02757 19486.3404 2030.89192 4668.44097 8098.71595 14368.85306 20899.13539 23182.64185 15468.97181 13491.23864 15910.45295 16263.057529999998 9234.26658 6665.72609 12309.64565 7829.7028900000005 5367.38484 4396.7803 6751.59389 6844.92159 0 2730.76436 5471.31355 
3311.23441 7300.6802 10555.46588 12222.17763 8312.83422 14854.84116 17272.01821 874.29514 3511.84419 7941.664159999999 12039.54156 18273.01671 20699.19323 13251.23368 16222.003 14541.75522 14396.550739999999 7782.34267 6893.22131 12332.23419 8057.198109999999 6858.407520000001 6712.18765 9482.32092 8057.38342 2730.76436 0 3124.10003 
3792.53609 8840.10184 13427.41706 14567.95473 7664.53785 13968.28153 17746.60869 3440.42163 6077.97068 7491.60096 9847.35741 16402.27243 17734.84846 10127.13365 14067.84438 11638.66324 11272.45071 5635.60809 6906.603 11519.73303 5747.22237 8204.94425 8290.44571 11900.03685 8631.54446 5471.31355 3124.10003 0 
