14
18 20 23 3 16 41 37 29 40 34 32 14 45 22
0 6043.73601 8110.77142 9917.64539 17314.4161 15753.67021 23275.51411 25693.34006 10392.97763 23096.993599999998 10319.6686 14224.60122 8964.292 3678.81965 
6043.73601 0 2188.44283 7593.1828 13819.53263 14641.017759999999 21861.17327 25882.26629 14593.8486 24755.71322 15153.478599999999 16385.15604 9970.69075 9266.44554 
8110.77142 2188.44283 0 9781.625629999999 12281.59534 12452.574929999999 20882.0612 27525.9806 15832.45872 24922.51378 14919.81934 14196.71321 12159.13358 11454.88837 
9917.64539 7593.1828 9781.625629999999 0 7449.62798 9061.403310000002 14267.99047 18574.316379999997 12356.50383 18301.16936 11653.94751 14268.41923 5701.33046 12990.47204 
17314.4161 13819.53263 12281.59534 7449.62798 0 13434.45333 16753.9339 17167.06815 19364.76237 19345.61118 17633.32449 20254.15044 13150.95844 20440.10002 
15753.67021 14641.017759999999 12452.574929999999 9061.403310000002 13434.45333 0 9985.39674 16932.608529999998 16642.600010000002 17931.09392 15003.04101 19204.46483 14762.733770000003 19432.48986 
23275.51411 21861.17327 20882.0612 14267.99047 16753.9339 9985.39674 0 8624.89356 19237.56985 12978.84138 17482.32573 23484.06758 15300.23085 22589.37243 
25693.340060000002 25882.26629 27525.9806 18574.316379999997 17167.06815 16932.608529999998 8624.89356 0 17570.6565 21603.734940000002 16458.44786 23077.25549 16729.04806 23269.491390000003 
10392.97763 14593.8486 15832.45872 12356.50383 19364.76237 16642.600010000002 19237.56985 17570.6565 0 13951.89199 1755.24412 5611.12368 6655.1733699999995 8527.290860000001 
23096.9936 24755.71322 24922.51378 18301.16936 19345.61118 17931.09392 12978.84138 21603.734940000002 13951.89199 0 13107.34123 19563.01567 15965.83419 20430.28859 
10319.6686 15153.478599999999 14919.81934 11653.94751 17633.32449 15003.04101 17482.32573 16458.44786 1755.24412 13107.34123 0 6624.6812 6033.93101 7378.49375 
14224.601219999999 16385.15604 14196.71321 14268.41923 20254.15044 19204.46483 23484.06758 23077.25549 5611.12368 19563.01567 6624.6812 0 8567.08877 14003.17495 
8964.292 9970.69075 12159.13358 5701.33046 13150.95844 14762.733769999999 15300.23085 16729.04806 6655.1733699999995 15965.83419 6033.93101 8567.08877 0 7289.14158 
3678.81965 9266.44554 11454.88837 12990.47204 20440.10002 19432.48986 22589.37243 23269.491390000003 8527.290860000001 20430.28859 7378.49375 14003.17495 7289.14158 0 
