17
Biscayne Cuyahoga Congaree Channel Indiana Gateway Glacier Gunnison Bend Yosemite Olympic Crater Badlands Canyonlands Isle Guadalupe Acadia
0 7896.77893 17761.95561 15763.88822 23576.149770000004 24761.1222 29659.597309999997 22769.47772 23437.55067 28546.07386 21732.44282 16681.51193 22010.24246 21176.92568 21588.70683 12618.49599 5750.76729 
7896.77893 0 9865.17668 7867.10929 16659.2109 16864.34327 25219.83844 28310.07882 31334.329599999997 30910.24264 24644.14108 19593.21019 14113.46353 13280.14675 21652.32951 20515.27492 13647.54622 
17761.95561 9865.17668 0 17732.28597 26524.387580000002 26729.51995 31050.982710000004 24160.86312 29796.052849999996 30236.32095 28202.13445 23151.20356 23978.640209999998 23145.323429999997 31517.506189999996 25629.46658 23512.7229 
15763.88822 7867.10929 17732.28597 0 8792.10161 8997.23398 17434.525410000002 24324.645000000004 25857.93139 23043.13335 21171.11265 16120.18176 21599.92842 21147.25604 14353.935549999998 23324.146389999998 21514.65551 
23576.14977 16659.2109 26524.38758 8792.10161 0 17789.335590000002 24069.996890000002 17179.8773 26023.178079999998 29701.166559999998 14316.61308 9265.68219 14745.42885 26101.174610000002 20786.4579 29756.66874 29326.91706 
24761.1222 16864.34327 26729.51995 8997.23398 17789.335590000002 0 8437.29143 15327.41102 16860.69741 14045.89937 12558.05557 17608.98646 23088.73312 20376.983119999997 19920.5814 28890.79224 30511.88949 
29659.59731 25219.83844 31050.98271 17434.525410000002 24069.99689 8437.29143 0 6890.11959 15733.42037 20841.94356 20995.346999999998 26046.277889999998 21086.73488 11939.69169 12484.370429999999 21454.58127 23908.83002 
22769.47772 28310.078819999995 24160.86312 24324.645 17179.8773 15327.41102 6890.11959 0 8843.30078 13951.82397 24727.29284 19676.36195 14196.615289999998 18829.81128 18410.582280000002 23886.43913 17018.71043 
23437.55067 31334.3296 29796.052850000004 25857.93139 26023.178079999998 16860.69741 15733.42037 8843.30078 0 5108.52319 19253.375640000002 24304.30653 23039.91607 27673.11206 16237.157870000001 23115.69137 17686.78338 
28546.07386 30910.24264 30236.32095 23043.13335 29701.166559999998 14045.89937 20841.94356 13951.82397 5108.52319 0 16438.5776 21489.50849 26969.25515 27646.29814 21345.68106 28224.21456 22795.30657 
21732.44282 24644.14108 28202.134449999998 21171.11265 14316.61308 12558.05557 20995.347 24727.29284 19253.37564 16438.5776 0 5050.93089 10530.67755 21886.42331 19646.77152 23615.48867 27483.21011 
16681.51193 19593.210189999998 23151.203559999998 16120.18176 9265.68219 17608.98646 26046.277889999998 19676.36195 24304.306529999998 21489.50849 5050.93089 0 5479.74666 16835.492420000002 14595.840629999999 23566.05147 22432.27922 
22010.24246 14113.46353 23978.64021 21599.92842 14745.42885 23088.73312 21086.734879999996 14196.615289999998 23039.91607 26969.25515 10530.67755 5479.74666 0 11355.745760000002 13652.24662 22622.457459999998 27761.00975 
21176.92568 13280.14675 23145.32343 21147.25604 26101.174610000002 20376.983119999997 11939.69169 18829.81128 27673.11206 27646.29814 21886.423310000002 16835.492420000002 11355.745760000002 0 13165.89836 22136.1092 17256.966529999998 
21588.70683 21652.32951 31517.50619 14353.935549999998 20786.4579 19920.5814 12484.370429999999 18410.58228 16237.15787 21345.68106 19646.77152 14595.840629999999 13652.24662 13165.89836 0 8970.21084 15837.93954 
12618.49599 20515.27492 25629.466580000004 23324.146389999998 29756.66874 28890.79224 21454.581270000002 23886.43913 23115.691369999997 28224.214559999997 23615.48867 23566.05147 22622.457459999998 22136.1092 8970.21084 0 6867.7287 
5750.76729 13647.54622 23512.7229 21514.65551 29326.91706 30511.88949 23908.83002 17018.71043 17686.78338 22795.30657 27483.210109999996 22432.279219999997 27761.009749999997 17256.966529999998 15837.93954 6867.7287 0 
