20
h20 h25 h24 h23 h21 h19 h16 h12 h14 h40 h17 h8 h9 h7 h32 h11 h27 h2 h3 h0
0 6.0 9.0 12.0 15.0 26.0 32.0 38.0 43.0 31.0 39.0 57.0 65.0 59.0 53.0 45.0 35.0 25.0 21.0 14.0 
6.0 0 3.0 7.0 9.0 20.0 26.0 32.0 37.0 25.0 33.0 51.0 59.0 60.0 56.0 51.0 41.0 31.0 27.0 20.0 
9.0 3.0 0 4.0 6.0 17.0 29.0 29.0 34.0 22.0 30.0 54.0 62.0 63.0 59.0 54.0 44.0 34.0 30.0 23.0 
12.0 7.0 4.0 0 7.0 18.0 31.0 30.0 35.0 23.0 31.0 55.0 63.0 64.0 60.0 57.0 47.0 37.0 33.0 26.0 
15.0 9.0 6.0 7.0 0 11.0 24.0 23.0 28.0 16.0 24.0 48.0 56.0 57.0 53.0 60.0 50.0 40.0 36.0 29.0 
26.0 20.0 17.0 18.0 11.0 0 13.0 30.0 35.0 23.0 31.0 55.0 63.0 64.0 60.0 67.0 61.0 51.0 47.0 40.0 
32.0 26.0 29.0 31.0 24.0 13.0 0 17.0 22.0 10.0 18.0 42.0 50.0 51.0 47.0 54.0 51.0 41.0 37.0 30.0 
38.0 32.0 29.0 30.0 23.0 30.0 17.0 0 5.0 7.0 15.0 25.0 33.0 34.0 30.0 37.0 47.0 57.0 54.0 47.0 
43.0 37.0 34.0 35.0 28.0 35.0 22.0 5.0 0 12.0 20.0 20.0 28.0 29.0 25.0 32.0 42.0 52.0 51.0 44.0 
31.0 25.0 22.0 23.0 16.0 23.0 10.0 7.0 12.0 0 8.0 32.0 40.0 41.0 37.0 44.0 54.0 51.0 47.0 40.0 
39.0 33.0 30.0 31.0 24.0 31.0 18.0 15.0 20.0 8.0 0 31.0 39.0 40.0 36.0 43.0 53.0 57.0 53.0 46.0 
57.0 51.0 54.0 55.0 48.0 55.0 42.0 25.0 20.0 32.0 31.0 0 8.0 15.0 15.0 22.0 32.0 42.0 46.0 46.0 
65.0 59.0 62.0 63.0 56.0 63.0 50.0 33.0 28.0 40.0 39.0 8.0 0 7.0 21.0 28.0 38.0 48.0 52.0 52.0 
59.0 60.0 63.0 64.0 57.0 64.0 51.0 34.0 29.0 41.0 40.0 15.0 7.0 0 14.0 21.0 31.0 41.0 45.0 45.0 
53.0 56.0 59.0 60.0 53.0 60.0 47.0 30.0 25.0 37.0 36.0 15.0 21.0 14.0 0 8.0 18.0 28.0 32.0 39.0 
45.0 51.0 54.0 57.0 60.0 67.0 54.0 37.0 32.0 44.0 43.0 22.0 28.0 21.0 8.0 0 10.0 20.0 24.0 31.0 
35.0 41.0 44.0 47.0 50.0 61.0 51.0 47.0 42.0 54.0 53.0 32.0 38.0 31.0 18.0 10.0 0 10.0 14.0 21.0 
25.0 31.0 34.0 37.0 40.0 51.0 41.0 57.0 52.0 51.0 57.0 42.0 48.0 41.0 28.0 20.0 10.0 0 4.0 11.0 
21.0 27.0 30.0 33.0 36.0 47.0 37.0 54.0 51.0 47.0 53.0 46.0 52.0 45.0 32.0 24.0 14.0 4.0 0 7.0 
14.0 20.0 23.0 26.0 29.0 40.0 30.0 47.0 44.0 40.0 46.0 46.0 52.0 45.0 39.0 31.0 21.0 11.0 7.0 0 
