12
26 27 20 19 33 41 39 48 47 13 12 6
0 23.0 25.0 62.0 82.0 69.0 105.0 48.0 76.0 45.0 81.0 47.0 
23.0 0 2.0 39.0 59.0 46.0 82.0 25.0 53.0 22.0 58.0 24.0 
25.0 2.0 0 37.0 61.0 48.0 84.0 23.0 51.0 20.0 56.0 22.0 
62.0 39.0 37.0 0 98.0 85.0 121.0 60.0 88.0 57.0 93.0 59.0 
82.0 59.0 61.0 98.0 0 81.0 117.0 84.0 112.0 81.0 117.0 83.0 
69.0 46.0 48.0 85.0 81.0 0 36.0 29.0 57.0 32.0 68.0 30.0 
105.0 82.0 84.0 121.0 117.0 36.0 0 65.0 93.0 68.0 104.0 66.0 
48.0 25.0 23.0 60.0 84.0 29.0 65.0 0 28.0 3.0 39.0 1.0 
76.0 53.0 51.0 88.0 112.0 57.0 93.0 28.0 0 31.0 67.0 29.0 
45.0 22.0 20.0 57.0 81.0 32.0 68.0 3.0 31.0 0 36.0 2.0 
81.0 58.0 56.0 93.0 117.0 68.0 104.0 39.0 67.0 36.0 0 38.0 
47.0 24.0 22.0 59.0 83.0 30.0 66.0 1.0 29.0 2.0 38.0 0 
