32
78 79 98 86 76 94 82 72 63 54 45 44 33 22 12 11 10 31 40 50 70 62 52 42 13 3 4 5 18 29 39 58
0 1.005 2.00001 2.35037 2.00999 4.30814 6.01333 6.02994 5.22016 4.66477 4.45983 5.24977 6.72682 8.20732 8.91966 9.6897 10.49953 8.4315 8.85665 8.47586 8.03991 6.20968 6.53912 6.99715 8.20062 9.01389 8.41191 7.89241 6.000019999999999 5.02618 4.02617 2.00001 
1.005 0 2.1471 3.08059 3.01499 5.22016 7.01833 7.03492 6.20968 5.60196 5.24977 6.10329 7.56043 9.02719 9.6897 10.49953 11.34064 9.32953 9.80868 9.4557 9.0449 7.20348 7.50268 7.91771 8.91965 9.68298 9.01389 8.41191 6.18143 5.00001 4.00001 2.32595 
2.00001 2.1471 0 2.33239 2.97322 4.01996 6.20968 6.53912 6.10329 5.94644 6.09017 6.72972 8.20062 9.687240000000001 10.48619 11.16648 11.89286 9.6897 9.88131 9.32953 8.47586 6.99715 7.56043 8.20732 9.86155 10.73547 10.21568 9.77191 8.00001 6.9721 5.98416 4.00001 
2.35037 3.08059 2.33239 0 1.00001 2.15408 4.01996 4.23793 3.78022 3.7736 4.2202 4.65189 6.09017 7.54719 8.41191 9.01389 9.68298 7.43304 7.56043 6.99715 6.20968 4.66477 5.24977 5.94644 7.89241 8.82868 8.44039 8.1701 7.08803 6.44128 5.57585 3.49247 
2.00999 3.01499 2.97322 1.00001 0 2.69073 4.04476 4.01996 3.26957 2.97322 3.25731 3.7736 5.2431 6.72013 7.5472 8.20062 8.91965 6.72682 6.99715 6.53912 6.02994 4.23793 4.66477 5.24977 6.97783 7.89241 7.47263 7.17009 6.13515 5.57585 4.76341 2.69073 
4.30814 5.22016 4.01996 2.15408 2.69073 0 2.33239 2.97322 3.25731 4.00001 5.00101 5.00001 6.18143 7.47263 8.44039 8.82554 9.30377 6.97783 6.72972 5.94644 4.66477 3.7736 4.65189 5.57137 8.1615 9.15479 9.00001 8.96306 8.58838 8.20062 7.43304 5.38146 
6.01333 7.01833 6.20968 4.01996 4.04476 2.33239 0 1.00001 2.1471 3.44094 4.76341 4.29419 5.00101 6.00001 7.00001 7.17009 7.47263 5.19712 4.65189 3.7736 2.33239 2.00002 3.00001 4.00001 6.9721 7.96305 8.05234 8.26379 8.77269 8.7801 8.21895 6.46221 
6.02994 7.03492 6.53912 4.23793 4.01996 2.97322 1.00001 0 1.34537 2.69073 4.036099999999999 3.44094 4.02617 5.00001 6.00001 6.18143 6.51461 4.2202 3.7736 2.97322 2.01 1.00001 2.00001 3.00002 5.98416 6.9721 7.08803 7.34099 8.07218 8.21524 7.73887 6.16118 
5.22016 6.20968 6.10329 3.78022 3.26957 3.25731 2.1471 1.34537 0 1.34537 2.69073 2.1471 3.00001 4.2202 5.19712 5.57137 6.09017 3.7736 3.78022 3.26957 3.08059 1.005 2.00501 2.32595 5.00001 6.00001 5.98416 6.13515 6.72682 6.89639 6.46221 5.04976 
4.66477 5.60196 5.94644 3.7736 2.97322 4.00001 3.44094 2.69073 1.34537 0 1.34537 1.00001 2.32595 3.7736 4.65189 5.2431 5.94644 3.78022 4.23793 4.01996 4.30814 2.15408 2.01 2.33239 4.2202 5.19712 5.00001 5.00101 5.38146 5.59018 5.22016 4.01997 
4.45983 5.24977 6.09017 4.2202 3.25731 5.00101 4.76341 4.036099999999999 2.69073 1.34537 0 1.005 2.49162 3.78022 4.45984 5.24977 6.10329 4.23793 5.02495 5.02495 5.59018 3.4482 3.08059 3.01499 3.7736 4.65189 4.2202 4.00001 4.036099999999999 4.30814 4.04476 3.26957 
5.24977 6.10329 6.72972 4.65189 3.7736 5.00001 4.29419 3.44094 2.1471 1.00001 1.005 0 1.48662 2.97322 3.7736 4.45983 5.24977 3.26957 4.01996 4.04476 4.77075 2.69074 2.15408 2.00999 3.25731 4.2202 4.00002 4.02617 4.77075 5.22016 5.02495 4.23793 
6.72682 7.56043 8.20062 6.09017 5.2431 6.18143 5.00101 4.02617 3.00001 2.32595 2.49162 1.48662 0 1.48662 2.32595 2.97322 3.8190100000000005 2.00999 3.08059 3.4482 4.76341 3.06758 2.1471 1.34537 2.00002 3.00001 3.06758 3.49247 5.22016 6.01333 6.02994 5.59018 
8.20732 9.02719 9.687240000000001 7.54719 6.72013 7.47263 6.00001 5.00001 4.2202 3.7736 3.78022 2.97322 1.48662 0 1.00001 1.48662 2.33239 1.34537 2.69073 3.44094 5.20001 4.00001 3.00001 2.00001 1.34537 2.1471 2.69073 3.4482 6.01333 7.03493 7.20348 6.99715 
8.91966 9.6897 10.48619 8.41191 7.5472 8.44039 7.00001 6.00001 5.19712 4.65189 4.45984 3.7736 2.32595 1.00001 0 1.005 2.00999 2.1471 3.44094 4.29419 6.13515 5.00001 4.00002 3.00001 1.005 1.34537 2.15408 3.08059 6.02994 7.20348 7.50268 7.56043 
9.6897 10.49953 11.16648 9.01389 8.20062 8.82554 7.17009 6.18143 5.57137 5.2431 5.24977 4.45983 2.97322 1.48662 1.005 0 1.005 2.00001 3.06758 4.02617 5.98416 5.19712 4.2202 3.25731 2.00999 2.15408 3.08059 4.04476 7.03492 8.20001 8.47586 8.4315 
10.49953 11.34064 11.89286 9.68298 8.91965 9.30377 7.47263 6.51461 6.09017 5.94644 6.10329 5.24977 3.8190100000000005 2.33239 2.00999 1.005 0 2.32595 3.00001 4.00001 6.00001 5.57137 4.6519 3.7736 3.01497 3.08059 4.04476 5.02495 8.03991 9.19838 9.45809 9.32953 
8.4315 9.32953 9.6897 7.43304 6.72682 6.97783 5.19712 4.2202 3.7736 3.78022 4.23793 3.26957 2.00999 1.34537 2.1471 2.00001 2.32595 0 1.34537 2.1471 4.02617 3.25731 2.32595 1.48662 2.69073 3.44094 4.036099999999999 4.77075 7.1197 8.00251 8.03991 7.50268 
8.85665 9.80868 9.88131 7.56043 6.99715 6.72972 4.65189 3.7736 3.78022 4.23793 5.02495 4.01996 3.08059 2.69073 3.44094 3.06758 3.00001 1.34537 0 1.00001 3.00001 2.97322 2.33239 2.00999 4.036099999999999 4.76341 5.38146 6.10329 8.297 9.06698 9.00057 8.20001 
8.47586 9.4557 9.32953 6.99715 6.53912 5.94644 3.7736 2.97322 3.26957 4.01996 5.02495 4.04476 3.4482 3.44094 4.29419 4.02617 4.00001 2.1471 1.00001 0 2.00001 2.49162 2.00999 2.15408 4.76341 5.57585 6.09591 6.72682 8.61627 9.24176 9.06698 8.03991 
8.03991 9.0449 8.47586 6.20968 6.02994 4.66477 2.33239 2.01 3.08059 4.30814 5.59018 4.77075 4.76341 5.20001 6.13515 5.98416 6.00001 4.02617 3.00001 2.00001 0 2.15408 2.69073 3.44094 6.44128 7.34099 7.71752 8.20062 9.5415 9.8899 9.52226 8.08951 
6.20968 7.20348 6.99715 4.66477 4.23793 3.7736 2.00002 1.00001 1.005 2.15408 3.4482 2.69074 3.06758 4.00001 5.00001 5.19712 5.57137 3.25731 2.97322 2.49162 2.15408 0 1.00001 2.00001 5.00101 6.0010200000000005 6.13515 6.44128 7.44044 7.73887 7.36818 6.0299499999999995 
6.53912 7.50268 7.56043 5.24977 4.66477 4.65189 3.00001 2.00001 2.00501 2.01 3.08059 2.15408 2.1471 3.00001 4.00002 4.2202 4.6519 2.32595 2.33239 2.00999 2.69073 1.00001 0 1.00001 4.02617 5.00101 5.20001 5.57585 6.92483 7.36818 7.1197 6.02994 
6.99715 7.91771 8.20732 5.94644 5.24977 5.57137 4.00001 3.00002 2.32595 2.33239 3.01499 2.00999 1.34537 2.00001 3.00001 3.25731 3.7736 1.48662 2.00999 2.15408 3.44094 2.00001 1.00001 0 3.06758 4.06759 4.29419 4.76341 6.46222 7.1197 7.00644 6.20968 
8.20062 8.91965 9.86155 7.89241 6.97783 8.1615 6.9721 5.98416 5.00001 4.2202 3.7736 3.25731 2.00002 1.34537 1.005 2.00999 3.01497 2.69073 4.036099999999999 4.76341 6.44128 5.00101 4.02617 3.06758 0 1.00001 1.34537 2.15408 5.02495 6.20968 6.53912 6.72682 
9.01389 9.68298 10.73547 8.82868 7.89241 9.15479 7.96305 6.9721 6.00001 5.19712 4.65189 4.2202 3.00001 2.1471 1.34537 2.15408 3.08059 3.44094 4.76341 5.57585 7.34099 6.0010200000000005 5.00101 4.06759 1.00001 0 1.005 2.00999 5.22016 6.53912 6.99715 7.43304 
8.41191 9.01389 10.21568 8.44039 7.47263 9.00001 8.05234 7.08803 5.98416 5.00001 4.2202 4.00002 3.06758 2.69073 2.15408 3.08059 4.04476 4.036099999999999 5.38146 6.09591 7.71752 6.13515 5.20001 4.29419 1.34537 1.005 0 1.005 4.23793 5.59018 6.11261 6.72013 
7.89241 8.41191 9.77191 8.1701 7.17009 8.96306 8.26379 7.34099 6.13515 5.00101 4.00001 4.02617 3.49247 3.4482 3.08059 4.04476 5.02495 4.77075 6.10329 6.72682 8.20062 6.44128 5.57585 4.76341 2.15408 2.00999 1.005 0 3.26957 4.66477 5.24977 6.09017 
6.000019999999999 6.18143 8.00001 7.08803 6.13515 8.58838 8.77269 8.07218 6.72682 5.38146 4.036099999999999 4.77075 5.22016 6.01333 6.02994 7.03492 8.03991 7.1197 8.297 8.61627 9.5415 7.44044 6.92483 6.46222 5.02495 5.22016 4.23793 3.26957 0 1.48662 2.32595 4.00001 
5.02618 5.00001 6.9721 6.44128 5.57585 8.20062 8.7801 8.21524 6.89639 5.59018 4.30814 5.22016 6.01333 7.03493 7.20348 8.20001 9.19838 8.00251 9.06698 9.24176 9.8899 7.73887 7.36818 7.1197 6.20968 6.53912 5.59018 4.66477 1.48662 0 1.00001 3.06758 
4.02617 4.00001 5.98416 5.57585 4.76341 7.43304 8.21895 7.73887 6.46221 5.22016 4.04476 5.02495 6.02994 7.20348 7.50268 8.47586 9.45809 8.03991 9.00057 9.06698 9.52226 7.36818 7.1197 7.00644 6.53912 6.99715 6.11261 5.24977 2.32595 1.00001 0 2.1471 
2.00001 2.32595 4.00001 3.49247 2.69073 5.38146 6.46221 6.16118 5.04976 4.01997 3.26957 4.23793 5.59018 6.99715 7.56043 8.4315 9.32953 7.50268 8.20001 8.03991 8.08951 6.0299499999999995 6.02994 6.20968 6.72682 7.43304 6.72013 6.09017 4.00001 3.06758 2.1471 0 
