30
Loc5 Loc41 Loc70 Loc67 Loc44 Loc12 Loc18 Loc51 Loc66 Loc97 Loc61 Loc96 Loc33 Loc57 Loc15 Loc86 Loc59 Loc34 Loc58 Loc55 Loc8 Loc0 Loc7 Loc93 Loc73 Loc76 Loc81 Loc27 Loc36 Loc2
0 83.0 175.0 212.0 531.0 405.0 414.0 420.0 425.0 299.0 302.0 313.0 514.0 544.0 655.0 664.0 695.0 765.0 574.0 500.0 307.0 873.0 478.0 234.0 162.0 66.0 208.0 55.0 42.0 9.0 
83.0 0 146.0 219.0 538.0 412.0 331.0 381.0 432.0 266.0 219.0 320.0 521.0 551.0 662.0 671.0 702.0 772.0 581.0 507.0 364.0 930.0 535.0 317.0 245.0 73.0 215.0 138.0 125.0 92.0 
175.0 146.0 0 75.0 392.0 266.0 239.0 245.0 286.0 124.0 127.0 174.0 375.0 405.0 516.0 525.0 556.0 626.0 435.0 419.0 436.0 1022.0 627.0 409.0 337.0 135.0 185.0 212.0 217.0 184.0 
212.0 219.0 75.0 0 319.0 299.0 314.0 320.0 213.0 199.0 202.0 101.0 302.0 332.0 443.0 452.0 483.0 553.0 362.0 344.0 361.0 947.0 552.0 334.0 262.0 146.0 110.0 223.0 220.0 205.0 
531.0 538.0 392.0 319.0 0 126.0 219.0 157.0 106.0 272.0 327.0 250.0 325.0 417.0 376.0 413.0 418.0 296.0 453.0 579.0 596.0 1182.0 787.0 569.0 497.0 465.0 345.0 476.0 489.0 524.0 
405.0 412.0 266.0 299.0 126.0 0 93.0 31.0 150.0 146.0 201.0 314.0 389.0 481.0 440.0 477.0 482.0 360.0 517.0 643.0 660.0 1246.0 851.0 633.0 561.0 359.0 409.0 436.0 441.0 408.0 
414.0 331.0 239.0 314.0 219.0 93.0 0 62.0 165.0 115.0 126.0 329.0 404.0 496.0 455.0 492.0 497.0 453.0 532.0 658.0 675.0 1261.0 866.0 648.0 576.0 374.0 424.0 451.0 456.0 423.0 
420.0 381.0 245.0 320.0 157.0 31.0 62.0 0 171.0 121.0 170.0 335.0 410.0 502.0 461.0 498.0 503.0 391.0 538.0 664.0 681.0 1267.0 872.0 654.0 582.0 380.0 430.0 457.0 462.0 429.0 
425.0 432.0 286.0 213.0 106.0 150.0 165.0 171.0 0 166.0 221.0 164.0 239.0 331.0 290.0 327.0 332.0 340.0 367.0 493.0 510.0 1096.0 701.0 483.0 411.0 359.0 259.0 388.0 383.0 418.0 
299.0 266.0 124.0 199.0 272.0 146.0 115.0 121.0 166.0 0 55.0 214.0 289.0 381.0 396.0 405.0 436.0 506.0 417.0 543.0 560.0 1146.0 751.0 533.0 461.0 259.0 309.0 336.0 341.0 308.0 
302.0 219.0 127.0 202.0 327.0 201.0 126.0 170.0 221.0 55.0 0 217.0 310.0 384.0 451.0 460.0 491.0 561.0 420.0 546.0 563.0 1149.0 754.0 536.0 464.0 262.0 312.0 339.0 344.0 311.0 
313.0 320.0 174.0 101.0 250.0 314.0 329.0 335.0 164.0 214.0 217.0 0 201.0 231.0 342.0 351.0 382.0 452.0 261.0 329.0 346.0 932.0 537.0 319.0 247.0 247.0 105.0 258.0 271.0 306.0 
514.0 521.0 375.0 302.0 325.0 389.0 404.0 410.0 239.0 289.0 310.0 201.0 0 92.0 159.0 150.0 181.0 251.0 128.0 254.0 271.0 887.0 492.0 306.0 356.0 448.0 306.0 459.0 472.0 507.0 
544.0 551.0 405.0 332.0 417.0 481.0 496.0 502.0 331.0 381.0 384.0 231.0 92.0 0 111.0 120.0 151.0 221.0 36.0 162.0 237.0 917.0 522.0 336.0 386.0 478.0 336.0 489.0 502.0 537.0 
655.0 662.0 516.0 443.0 376.0 440.0 455.0 461.0 290.0 396.0 451.0 342.0 159.0 111.0 0 37.0 42.0 124.0 99.0 203.0 348.0 1028.0 633.0 447.0 497.0 589.0 447.0 600.0 613.0 648.0 
664.0 671.0 525.0 452.0 413.0 477.0 492.0 498.0 327.0 405.0 460.0 351.0 150.0 120.0 37.0 0 31.0 129.0 104.0 166.0 357.0 1037.0 642.0 456.0 506.0 598.0 456.0 609.0 622.0 657.0 
695.0 702.0 556.0 483.0 418.0 482.0 497.0 503.0 332.0 436.0 491.0 382.0 181.0 151.0 42.0 31.0 0 122.0 121.0 195.0 388.0 1068.0 673.0 487.0 537.0 629.0 487.0 640.0 653.0 688.0 
765.0 772.0 626.0 553.0 296.0 360.0 453.0 391.0 340.0 506.0 561.0 452.0 251.0 221.0 124.0 129.0 122.0 0 191.0 283.0 458.0 1138.0 743.0 557.0 607.0 699.0 557.0 710.0 723.0 758.0 
574.0 581.0 435.0 362.0 453.0 517.0 532.0 538.0 367.0 417.0 420.0 261.0 128.0 36.0 99.0 104.0 121.0 191.0 0 126.0 267.0 947.0 552.0 366.0 416.0 508.0 366.0 519.0 532.0 567.0 
500.0 507.0 419.0 344.0 579.0 643.0 658.0 664.0 493.0 543.0 546.0 329.0 254.0 162.0 203.0 166.0 195.0 283.0 126.0 0 193.0 873.0 478.0 292.0 342.0 434.0 292.0 445.0 458.0 493.0 
307.0 364.0 436.0 361.0 596.0 660.0 675.0 681.0 510.0 560.0 563.0 346.0 271.0 237.0 348.0 357.0 388.0 458.0 267.0 193.0 0 680.0 285.0 99.0 161.0 301.0 251.0 252.0 265.0 300.0 
873.0 930.0 1022.0 947.0 1182.0 1246.0 1261.0 1267.0 1096.0 1146.0 1149.0 932.0 887.0 917.0 1028.0 1037.0 1068.0 1138.0 947.0 873.0 680.0 0 395.0 665.0 737.0 887.0 837.0 818.0 831.0 866.0 
478.0 535.0 627.0 552.0 787.0 851.0 866.0 872.0 701.0 751.0 754.0 537.0 492.0 522.0 633.0 642.0 673.0 743.0 552.0 478.0 285.0 395.0 0 270.0 342.0 492.0 442.0 423.0 436.0 471.0 
234.0 317.0 409.0 334.0 569.0 633.0 648.0 654.0 483.0 533.0 536.0 319.0 306.0 336.0 447.0 456.0 487.0 557.0 366.0 292.0 99.0 665.0 270.0 0 72.0 274.0 224.0 197.0 192.0 225.0 
162.0 245.0 337.0 262.0 497.0 561.0 576.0 582.0 411.0 461.0 464.0 247.0 356.0 386.0 497.0 506.0 537.0 607.0 416.0 342.0 161.0 737.0 342.0 72.0 0 202.0 152.0 133.0 120.0 153.0 
66.0 73.0 135.0 146.0 465.0 359.0 374.0 380.0 359.0 259.0 262.0 247.0 448.0 478.0 589.0 598.0 629.0 699.0 508.0 434.0 301.0 887.0 492.0 274.0 202.0 0 142.0 77.0 82.0 59.0 
208.0 215.0 185.0 110.0 345.0 409.0 424.0 430.0 259.0 309.0 312.0 105.0 306.0 336.0 447.0 456.0 487.0 557.0 366.0 292.0 251.0 837.0 442.0 224.0 152.0 142.0 0 153.0 166.0 201.0 
55.0 138.0 212.0 223.0 476.0 436.0 451.0 457.0 388.0 336.0 339.0 258.0 459.0 489.0 600.0 609.0 640.0 710.0 519.0 445.0 252.0 818.0 423.0 197.0 133.0 77.0 153.0 0 13.0 48.0 
42.0 125.0 217.0 220.0 489.0 441.0 456.0 462.0 383.0 341.0 344.0 271.0 472.0 502.0 613.0 622.0 653.0 723.0 532.0 458.0 265.0 831.0 436.0 192.0 120.0 82.0 166.0 13.0 0 35.0 
9.0 92.0 184.0 205.0 524.0 408.0 423.0 429.0 418.0 308.0 311.0 306.0 507.0 537.0 648.0 657.0 688.0 758.0 567.0 493.0 300.0 866.0 471.0 225.0 153.0 59.0 201.0 48.0 35.0 0 
