39
voice financial bitter rob lake page demand cigarette tablet swear shy title sunrise throne imposter class exclusive buffet guarantee dialogue likely enhance thumb output circulation mystery brake headline quality sign legislation dough linger vegetarian tolerate glasses autonomy banana pace
0 13.32913 22.445990000000002 42.45767 38.83096 55.694599999999994 51.525400000000005 69.81465 63.92062 45.395469999999996 63.670139999999996 57.98509 63.63575 43.049620000000004 63.17779 35.9632 43.82138 53.24972 36.63112 47.25688 54.89926 43.09102 58.06187 64.95913 75.00881 64.90429 75.41703 64.83744999999999 58.412049999999994 56.32878 58.276360000000004 54.836909999999996 73.58731999999999 79.70457 64.20732000000001 60.07349000000001 86.10753000000001 39.46094 13.56677 
13.32913 0 9.116859999999999 29.128539999999997 25.501829999999998 42.36547 51.75918 62.159389999999995 50.59148999999999 32.06634 58.21234 44.65596 50.306619999999995 36.96924 57.097409999999996 22.63407 30.492250000000002 41.11161 36.94385 47.56961 52.16227 29.76189 44.73274 51.629999999999995 61.67968 51.57516 62.087900000000005 65.47925000000001 45.08292 42.99965 44.947230000000005 41.50778 60.25819 66.37544 50.878190000000004 50.64596 76.68 47.75129 26.895899999999997 
22.44599 9.116859999999999 0 20.01168 34.61869 51.482330000000005 53.96242 55.396589999999996 43.828689999999995 41.1832 60.415580000000006 46.8592 52.50986 40.56083000000001 60.68900000000001 24.837310000000002 32.69549 43.31485 27.82699 38.452749999999995 50.051219999999994 31.965130000000002 46.93598 54.25955 60.206579999999995 51.3365 64.29114 62.15567 54.19978 49.8042 35.83037 43.81626 62.56667 75.4923 59.99505 52.849199999999996 78.88324 38.63443 24.42434 
42.45766999999999 29.128539999999997 20.01168 0 25.03063 41.89427 53.67416 35.38491 23.81701 42.34216 48.35226 54.0642 60.742869999999996 32.057069999999996 52.18523999999999 44.84899 52.70717 63.32653 47.83866999999999 58.46442999999999 70.0629 51.97681 55.46297 50.24458 40.1949 60.61773999999999 84.30282 42.14399 58.808859999999996 69.81587999999999 55.84205 63.82794 79.44211 72.84818999999999 80.00673 72.86088 78.77959 58.64610999999999 44.43602 
38.83096 25.501829999999998 34.61869 25.03063 0 16.86364 37.16453 55.453779999999995 48.84764 57.568169999999995 47.1226 33.19027 39.868939999999995 25.66455 31.612550000000002 47.466989999999996 39.60881 50.22817 57.62156 63.50211 65.17448 55.26372 49.070449999999994 40.32531 50.374990000000004 57.7584 85.19945 54.17456 33.77823 56.641490000000005 60.25084 67.00961 85.76002 66.45567 76.38002 71.22289 68.86032 68.429 52.397729999999996 
55.6946 42.36547 51.48233 41.89427 16.86364 0 20.30089 38.59014 50.15804 51.87102 45.02713 31.0948 24.41613 36.02418 15.89601 49.426 52.57492 63.19428 48.49476 46.63847 54.01272 56.522130000000004 65.08278 57.18895 57.64186 46.787859999999995 68.33581 56.46721 36.07088 43.29075 57.26458 68.37326 87.12367 76.81530000000001 66.5199 77.43789 80.58393 59.3022 44.79373 
51.5254 51.75918 53.96242 53.67416 37.16453 20.30089 0 18.28925 29.857149999999997 38.48312 48.452149999999996 42.63318 44.71702 55.58931 35.46114 29.12511 32.274029999999996 42.89339 39.624700000000004 50.250460000000004 47.17762 36.22124 51.19209 55.91238 45.8627 33.24413 48.03492 57.115809999999996 56.37177 62.05478 54.7608 48.07237 66.82278 57.0356 68.19733 57.137 83.17104 43.42503 37.95863 
69.81465 62.159389999999995 55.396589999999996 35.38491 55.453779999999995 38.59014 18.28925 0 11.5679 30.093049999999998 36.10315 41.81509 48.493759999999995 59.18761 53.750389999999996 47.41436 50.56328 61.18264 46.89922 55.580619999999996 65.46687 54.510490000000004 60.83391 74.20163 64.15195 51.533379999999994 66.32417 75.40505999999999 66.27104 71.58384 73.05005 66.36162 67.193 38.74635 49.90808 69.25336999999999 79.68984 57.70666 56.24788 
63.92061999999999 50.59148999999999 43.828689999999995 23.81701 48.84764 50.15804 29.857149999999997 11.5679 0 18.52515 24.53525 30.24719 36.92586 47.61971 54.50016000000001 49.39428 57.25246 51.94992 35.33132 45.95708 57.55555 64.23686 49.266009999999994 65.71445 55.664770000000004 40.22397 67.1848 65.961 54.70314 60.01594 73.98977 67.45978 55.6251 50.31425 61.47598 57.68547 68.12194 46.13876 58.395669999999996 
45.395469999999996 32.06634 41.18319999999999 42.34216 57.56817 51.87102 38.48312 30.093049999999998 18.52515 0 43.0604 43.6091 41.38443 56.103179999999995 35.97501 50.09656 42.23838 48.24059 53.856469999999995 52.70434 64.30281000000001 58.36959 60.83152 47.1893 37.13962 45.03694 48.65965 56.57432 36.17799 41.490790000000004 55.464620000000004 70.22072 74.15025 68.8394 72.27493000000001 51.407669999999996 75.72431 55.42464 58.962239999999994 
63.670139999999996 58.21234 60.41558 48.35226 47.1226 45.02713 48.45215 36.10315 24.53525 43.0604 0 13.93233 20.611 36.22675 56.35492000000001 48.255759999999995 40.39758 51.01694 58.41033 63.68392 59.322359999999996 47.257130000000004 32.286280000000005 61.390530000000005 51.34085 30.918010000000002 59.1058 69.26055 65.89417 66.77655 65.79669000000001 59.10826 77.65107 74.8495 84.91210000000001 50.410450000000004 43.586690000000004 59.40508 50.10337 
57.98509 44.65596 46.8592 54.0642 33.19027 31.0948 42.63318 41.81509 30.24719 43.6091 13.93233 0 6.67867 49.2315 46.990809999999996 60.37641000000001 54.32991 64.94927 60.35616 49.75158999999999 61.35005999999999 61.18946 46.21861 59.42962000000001 49.379940000000005 44.85034 67.02961 72.35817 51.961839999999995 57.7089 69.37422 61.07506 79.29762 80.56144 70.97977 51.30075 57.51902 67.66496000000001 63.98451000000001 
63.635749999999994 50.306619999999995 52.509859999999996 60.742869999999996 39.868939999999995 24.41613 44.71702 48.49376 36.92586 41.38443 20.611 6.67867 0 48.96573 40.31214 63.1135 61.008579999999995 70.29609 53.677490000000006 56.430260000000004 66.52483000000001 67.86813000000001 52.89728 57.204950000000004 47.15527 51.52901 73.70828 65.67949999999999 45.28317 52.503040000000006 62.69555 67.75372999999999 85.54497 87.24011 75.73219 57.97942 64.19769 64.48493 57.30584 
43.04962 36.96924 40.560829999999996 32.057069999999996 25.66455 36.02418 55.58931 59.18761 47.61971 56.10318 36.22675 49.2315 48.96572999999999 0 20.12817 42.932379999999995 35.0742 45.69356 52.547200000000004 63.17296 70.81533999999999 56.32513 41.35428 51.79272 42.933980000000005 32.09385 64.33405 53.70324 33.30691 52.168000000000006 50.20015 68.17626 63.28127 40.79112 56.28837 60.47392 79.81344 53.02514 29.48285 
63.177789999999995 57.097409999999996 60.68900000000001 52.18524 31.612550000000002 15.89601 35.46114 53.750389999999996 54.500159999999994 35.97501 56.35492000000001 46.990809999999996 40.31214 20.12817 0 40.85729 48.715469999999996 59.33483 52.982530000000004 51.12624 62.72471 60.32512 61.48245 51.79553000000001 41.745850000000004 48.11774 72.13879999999999 68.75865999999999 48.36233 50.07481 64.04864 72.17625 78.61012 60.919290000000004 76.41654 63.76852 80.33054000000001 58.50544 49.611019999999996 
35.9632 22.63407 24.837310000000002 44.84899 47.46699 49.426 29.12511 47.41436 49.39428 50.09656 48.25576 60.37641000000001 63.1135 42.93238 40.85729 0 7.85818 18.47754 35.096140000000005 45.721900000000005 37.53542 45.48234 60.45319 54.60367000000001 49.363929999999996 28.94109 39.453829999999996 56.317629999999994 55.792930000000005 32.92967 46.9035 57.33347 57.9991 79.21106 63.71381 28.01189 54.04593 29.10648 48.42432 
43.821380000000005 30.492250000000002 32.69549 52.70717 39.608810000000005 52.57491999999999 32.274029999999996 50.56327999999999 57.25246 42.23838 40.397580000000005 54.329910000000005 61.00858000000001 35.0742 48.715469999999996 7.85818 0 10.61936 27.23796 37.86372 45.3936 53.34052 53.29347 62.461850000000005 57.22211 36.79927 47.31201 59.72332 50.40957 40.35574 54.32957 65.19165 65.85728 75.86532 71.13988 35.87007 61.90411 36.96466 40.566140000000004 
53.24972 41.11161 43.31485 63.32653 50.22817 63.19427999999999 42.89339 61.18263999999999 51.94992 48.24059 51.01694 64.94927 70.29609 45.693560000000005 59.33483 18.47754 10.61936 0 16.6186 27.24436 38.84283 46.443979999999996 42.67411 73.08121 67.84147 47.41863000000001 36.73404 52.983729999999994 39.79021 45.103010000000005 53.8545 58.295109999999994 76.47664 82.76315000000001 67.26590000000002 46.48943 72.52347 27.42604 39.682950000000005 
36.63112 36.94385 27.82699 47.83866999999999 57.62156000000001 48.49476 39.624700000000004 46.89922 35.33132 53.85647 58.41033000000001 60.35616 53.67749 52.547200000000004 52.982530000000004 35.09614 27.23796 16.6186 0 10.62576 22.22423 44.62461 44.06834 58.011770000000006 61.128530000000005 63.583729999999996 53.352639999999994 65.0989 44.70257 34.333569999999995 48.307399999999994 56.475739999999995 75.22614999999999 66.14455 50.6473 31.419990000000002 57.45403 10.80744 23.06435 
47.25688 47.56960999999999 38.452749999999995 58.46442999999999 63.50211 46.63847 50.250460000000004 55.580619999999996 45.95708 52.70434 63.68391999999999 49.75158999999999 56.43025999999999 63.17296 51.12624 45.7219 37.86372 27.24436 10.62576 0 11.59847 33.99885 48.969699999999996 63.00611 52.95643 56.293310000000005 63.97839999999999 54.47314 34.07681 26.63383 40.607659999999996 45.849979999999995 64.60038999999999 55.51879 40.02154 31.2079 57.24194 21.4332 33.690110000000004 
54.89926 52.16227 50.05122 70.0629 65.17448 54.01272 47.177620000000005 65.46687 57.55555 64.30281 59.322359999999996 61.35006 66.52483000000001 70.81534 62.72471 37.535419999999995 45.39359999999999 38.84283 22.22423 11.59847 0 22.40038 37.37123 72.89886 64.5549 61.20522999999999 65.68249 60.48967 45.67528 38.2323 40.93994 34.251509999999996 53.00192 67.11726 51.62001 42.80637 68.84041 33.03167 41.33249 
43.09102 29.76189 31.965130000000002 51.97681 55.26372 56.522130000000004 36.22124 54.510490000000004 64.23686000000001 58.36959 47.257130000000004 61.189460000000004 67.86813000000001 56.32513 60.32512 45.48234 53.34052 46.443979999999996 44.62461 33.99885 22.40038 0 14.97085 50.49848 60.54816 69.46537000000001 46.86304 63.11273 55.376650000000005 32.51339 18.53956 11.85113 30.60154 62.82361 47.32636 65.20675 79.03349 48.23175 56.38947 
58.06187 44.73274 46.93598 55.46297 49.07045 65.08277999999999 51.19209 60.833909999999996 49.266009999999994 60.83152 32.286280000000005 46.218610000000005 52.89728000000001 41.354279999999996 61.48245 60.453190000000006 53.29347 42.67411 44.06834 48.969699999999996 37.37123 14.97085 0 35.52763 45.577310000000004 63.20429000000001 61.83389 78.08358 68.65154 47.48424 33.51041 26.82198 45.57239 77.79446 62.29721 53.873450000000005 64.06264 33.2609 59.155069999999995 
64.95912999999999 51.629999999999995 54.25955 50.24458 40.32531 57.188950000000006 55.91238 74.20163 65.71445 47.1893 61.39053 59.42962 57.204950000000004 51.792719999999996 51.79553 54.60367000000001 62.461850000000005 73.08121 58.011770000000006 63.00611 72.89886 50.49848 35.52763 0 10.04968 30.472519999999996 62.71271999999999 80.30273 59.9064 61.289100000000005 69.03804 62.34961 81.10002 92.58384 92.07324 40.66373 28.53501 47.204330000000006 72.42969000000001 
75.00881000000001 61.679680000000005 60.206579999999995 40.1949 50.374990000000004 57.64186000000001 45.8627 64.15195 55.664770000000004 37.13962 51.34085 49.379940000000005 47.15527 42.933980000000005 41.745850000000004 49.363929999999996 57.222109999999994 67.84146999999999 61.128530000000005 52.95643 64.5549 60.54816 45.577310000000004 10.04968 0 20.42284 52.66304 82.33888999999999 69.95608 51.239419999999996 65.21324999999999 72.39929000000001 71.20831 83.7251 82.02356 44.823220000000006 38.58469 50.321090000000005 62.38001 
64.90429 51.57516 51.3365 60.61774 57.7584 46.787859999999995 33.24413 51.533379999999994 40.22397 45.03694 30.918010000000002 44.85034 51.52901 32.09385 48.11774 28.94109 36.79927 47.41863 63.583729999999996 56.293310000000005 61.20522999999999 69.46537 63.20429000000001 30.472520000000003 20.42284 0 32.2402 75.4291 65.40076 59.13674 73.11057 67.72021000000001 50.785470000000004 72.88497000000001 77.52149 56.95298 51.70659 52.776289999999996 56.27192 
75.41703 62.0879 64.29114 84.30282 85.19945 68.33581 48.03492 66.32417 67.1848 48.65965 59.1058 67.02961 73.70828 64.33405 72.1388 39.453829999999996 47.312009999999994 36.73404 53.35264 63.9784 65.68249 46.86304 61.83389 62.71272 52.663039999999995 32.2402 0 53.402789999999996 73.79911999999999 72.3835 65.4026 58.714169999999996 61.29821 104.29231999999999 94.1894 67.46571999999999 81.74799 57.253550000000004 66.78466 
64.83745 65.47925 62.15567 42.14399 54.17456 56.46721 57.115809999999996 75.40505999999999 65.961 56.57432 69.26055 72.35817 65.6795 53.70324 68.75865999999999 56.317629999999994 59.72332 52.983729999999994 65.0989 54.47314 60.48967 63.11273 78.08358 80.30273 82.33888999999999 75.4291 53.402789999999996 0 20.39633 43.25959 57.23342 74.96386 93.71427 89.54098 74.04373000000001 80.70201999999999 106.73606 60.08947 51.27068 
58.41205 45.08292 54.19978 58.808859999999996 33.77823 36.07088 56.37177 66.27104 54.703140000000005 36.17799 65.89417 51.961839999999995 45.28317 33.30691 48.36233 55.79293 50.40957 39.79021 44.70257 34.07681 45.67528 55.376650000000005 68.65154 59.9064 69.95608 65.40076 73.79912 20.39633 0 22.86326 36.83709 67.22778000000001 85.97819000000001 69.14465 53.647400000000005 65.28471 88.44140999999999 46.38939 62.78976 
56.32878 42.99965 49.8042 69.81587999999999 56.64149 43.29075 62.05478 71.58384 60.01594 41.490790000000004 66.77655 57.7089 52.50304 52.168000000000006 50.07481 32.92967 40.35574 45.10301 34.333569999999995 26.63383 38.2323 32.51339 47.48424 61.2891 51.239419999999996 59.136739999999996 72.3835 43.25959 22.86326 0 13.97383 44.36452 63.11493 46.28139 30.78414 44.138679999999994 70.17272 23.52613 49.4203 
58.27636 44.94723 35.83037 55.84205 60.250840000000004 57.26458 54.7608 73.05005 73.98977 55.46462 65.79669 69.37422 62.69555 50.20015000000001 64.04864 46.9035 54.32957 53.8545 48.3074 40.607659999999996 40.93994 18.53956 33.51041 69.03804 65.21325 73.11057 65.4026 57.23342 36.83709 13.97383 0 30.39069 49.141099999999994 59.59192 44.09467 58.11251 84.14655 37.49996 60.25471 
54.836909999999996 41.50778 43.81626 63.82794 67.00961 68.37326 48.07237 66.36162 67.45978 70.22072 59.10826000000001 61.07506 67.75373 68.17626 72.17625 57.333470000000005 65.19165000000001 58.295109999999994 56.475739999999995 45.849979999999995 34.251509999999996 11.85113 26.82198 62.34961 72.39929 67.72021 58.714169999999996 74.96386 67.22778 44.36452 30.39069 0 18.75041 61.744519999999994 59.17749 55.12447 81.15851 60.08288 68.2406 
73.58732 60.25819 62.56667 79.44211 85.76002 87.12366999999999 66.82278 67.193 55.6251 74.15025 77.65107 79.29762 85.54497 63.28127 78.61012 57.9991 65.85728 76.47664 75.22615 64.60039 53.00192 30.60154 45.57239 81.10002 71.20831 50.785470000000004 61.29821 93.71427 85.97818999999998 63.11493 49.1411 18.75041 0 42.99411 58.49136 73.34702999999999 99.38107 78.83329 76.03403 
79.70456999999999 66.37544 75.4923 72.84819 66.45567 76.81530000000001 57.0356 38.74635 50.31425 68.8394 74.8495 80.56144 87.24011 40.79112 60.919290000000004 79.21106 75.86532 82.76315000000001 66.14455000000001 55.51879000000001 67.11726000000002 62.82361 77.79446 92.58384000000001 83.7251 72.88497000000001 104.29232 89.54098000000002 69.14465000000001 46.28139 59.59192 61.744519999999994 42.99411 0 15.49725 86.72669000000002 112.76073000000002 69.80752 70.27397 
64.20732000000001 50.878190000000004 59.99505 80.00673 76.38002 66.5199 68.19733 49.90808 61.47598 72.27493000000001 84.91210000000001 70.97977 75.73219 56.28837 76.41654 63.71381 71.13988 67.2659 50.6473 40.02154 51.62001 47.32636 62.29721 92.07324 82.02356 77.52149 94.1894 74.04373000000001 53.647400000000005 30.78414 44.09467 59.17749 58.49136 15.49725 0 71.22944 97.26348 54.31027 73.71165 
60.07349 50.64596 52.8492 72.86088000000001 71.22289 77.43789 57.137 69.25336999999999 57.685469999999995 51.407669999999996 50.410450000000004 51.30075 57.979420000000005 60.47392000000001 63.76852 28.01189 35.87007 46.48943 31.41999 31.2079 42.80637 65.20675 53.87345 40.66373 44.823220000000006 56.95298 67.46572 80.70202 65.28471 44.138679999999994 58.11250999999999 55.12447 73.34702999999999 86.72669 71.22944000000001 0 26.03404 20.61255 46.50672 
86.10753000000001 76.67999999999999 78.88323999999999 78.77959 68.86032 80.58393000000001 83.17104 79.68984 68.12194000000001 75.72431 43.586690000000004 57.519020000000005 64.19769000000001 79.81344000000001 80.33054 54.04593 61.904109999999996 72.52347 57.45403 57.24194 68.84041 79.03349 64.06264 28.53501 38.58469 51.70659 81.74799 106.73606000000001 88.44140999999999 70.17272 84.14654999999999 81.15851 99.38107 112.76073000000001 97.26348000000002 26.03404 0 46.64659 72.54076 
39.46094 47.75128999999999 38.634429999999995 58.64610999999999 68.429 59.3022 43.42502999999999 57.70666 46.13876 55.424640000000004 59.40508 67.66496000000001 64.48492999999999 53.02514000000001 58.50544 29.106479999999998 36.964659999999995 27.42604 10.80744 21.4332 33.03167 48.23175 33.2609 47.204330000000006 50.321090000000005 52.776289999999996 57.253550000000004 60.08947 46.38939 23.52613 37.49996 60.082879999999996 78.83328999999999 69.80752 54.31027 20.61255 46.64659 0 25.89417 
13.56677 26.895899999999997 24.42434 44.43602 52.39773 44.79373 37.95863 56.247879999999995 58.395669999999996 58.962239999999994 50.10337 63.98451 57.30584 29.48285 49.611019999999996 48.424319999999994 40.56614 39.682950000000005 23.06435 33.690110000000004 41.33249 56.38947 59.155069999999995 72.42969 62.38001 56.27192000000001 66.78466 51.27068 62.78976 49.4203 60.25471 68.2406 76.03403 70.27396999999999 73.71165000000002 46.50672 72.54076 25.89417 0 
