19
exclusive output injury gate approval king page likely market mixture brake thumb enter honor due audience headline nationalist pace
0 5.29409 27.88947 59.098 37.04989 53.61671 64.74918 48.07486 29.95575 53.245779999999996 53.093810000000005 38.835710000000006 50.563120000000005 56.89049 47.220729999999996 41.47866 56.68665000000001 57.25658000000001 31.70353 
5.29409 0 22.59538 53.80391 31.755800000000004 50.522270000000006 64.37791 47.70359 35.24984 47.95169 47.79971999999999 33.541619999999995 45.269029999999994 62.18458 50.4507 36.18457 51.392559999999996 51.962489999999995 36.99762 
27.88947 22.59538 0 31.20853 49.41653 30.65006 41.78253 25.10821 43.22732 25.35631 27.05022 36.216570000000004 47.94398 77.39047000000001 36.83341 51.099540000000005 37.58022 31.212989999999998 59.593 
59.098 53.80391 31.20853 0 24.07963 42.65398999999999 53.78646 37.11214 55.231249999999996 56.564840000000004 39.05415 53.31225 63.36468 61.03207999999999 27.38831 31.23569 48.66676 43.21692 79.03434 
37.04989 31.7558 49.41653 24.07963 0 18.76647 35.80605 24.308320000000002 42.42743 71.18736 40.845150000000004 40.2491 39.28505 36.95245 48.24659 42.89205 49.3833 45.007920000000006 68.75342 
53.61671 50.522270000000006 30.65006 42.65399 18.76647 0 17.03958 5.54185 23.66096 52.42089 22.078680000000002 25.540440000000004 37.26785 55.71892 29.48012 43.74625 30.61683 26.24145 62.05887 
64.74918 64.37791 41.78253 53.786460000000005 35.80605 17.03958 0 16.67432 34.79343 63.55336 39.11826 42.58002 54.30743 72.7585 46.5197 42.38056 47.65641 43.28103 79.09845 
48.07486 47.70359 25.10821 37.11214 24.308320000000002 5.54185 16.67432 0 18.11911 46.87904 27.620530000000002 31.08229 42.8097 61.260769999999994 35.021969999999996 49.2881 36.15868 31.783300000000004 67.60072 
29.95575 35.24984 43.22732 55.23125 42.42743 23.66096 34.79343 18.11911 0 28.75993 45.73964 43.2081 54.93551 79.37988 53.14108 65.10824 54.27779 49.90241 61.659279999999995 
53.245779999999996 47.95169 25.35631 56.564840000000004 71.18736 52.42089 63.553360000000005 46.87904 28.75993 0 33.16117 47.41927 59.146679999999996 83.50142 58.0563 61.12224 43.69117 37.32394 64.39117 
53.09381 47.79972 27.05022 39.05415 40.845150000000004 22.078680000000002 39.11826000000001 27.620530000000002 45.73964 33.16117 0 14.2581 25.98551 50.34025 24.89513 27.96107 10.53 4.16277 39.98019 
38.83571 33.54162 36.216570000000004 53.312250000000006 40.2491 25.540440000000004 42.580020000000005 31.082290000000004 43.2081 47.41927 14.2581 0 11.72741 47.37402 28.35689 35.28201 17.85094 18.42087 54.23829 
50.56312 45.26903 47.94398 63.36468 39.28505 37.26785 54.307430000000004 42.80970000000001 54.93551 59.14668 25.98551 11.72741 0 35.646609999999995 40.0843 47.00942 29.57835 30.14828 65.9657 
56.89049 62.18458 77.39047 61.03208 36.95245 55.71892 72.7585 61.260769999999994 79.37987999999999 83.50142 50.34025 47.374019999999994 35.646609999999995 0 49.83814 64.10427 60.87025 54.50302 88.59402 
47.220729999999996 50.450700000000005 36.83341 27.38831 48.24659 29.48012 46.5197 35.021969999999996 53.141079999999995 58.0563 24.89513 28.35689 40.0843 49.838139999999996 0 14.26613 31.6972 29.057900000000004 64.87532 
41.47866 36.18457 51.099540000000005 31.23569 42.89205 43.74625 42.38056 49.2881 65.10824 61.12224 27.96107 35.28201 47.00942 64.10427 14.26613 0 17.43107 32.12384 67.94126 
56.68665 51.39256 37.58022 48.66676 49.383300000000006 30.61683 47.65641 36.158680000000004 54.27779 43.69117 10.53 17.85094 29.57835 60.87025 31.6972 17.43107 0 14.69277 50.510189999999994 
57.25658 51.96249 31.212989999999998 43.21692 45.00792 26.24145 43.28103 31.7833 49.90241 37.32394 4.16277 18.42087 30.14828 54.50301999999999 29.0579 32.12384 14.69277 0 35.81742 
31.70353 36.99762 59.592999999999996 79.03434 68.75341999999999 62.05887 79.09845 67.60072 61.659279999999995 64.39117 39.98019 54.23829 65.9657 88.59401999999999 64.87532 67.94126 50.51019 35.81742 0 
