21
C85 C71 C58 C93 C99 C94 C95 C91 C97 C27 C50 C80 C98 C78 C84 C92 C42 C74 C96 C49 C0
0 1.14 27.73264 0.14318 0.10415 0.16917 0.11612 0.7307 0.21395 39302.125929999995 67.36442 0.69662 0.26303 0.39215 0.48509 0.43161 347.49582 0.40937999999999997 0.16383 141.73531 21519595.31531 
1.14 0 28.87264 1.2831799999999998 1.2441499999999999 1.30917 1.25612 1.8706999999999998 1.3539499999999998 39303.265929999994 68.50442 1.83662 1.4030299999999998 1.5321499999999997 1.62509 1.5716099999999997 348.63581999999997 1.5493799999999998 1.3038299999999998 142.87530999999998 21519596.455310002 
27.73264 28.87264 0 27.87582 27.83679 27.901809999999998 27.84876 28.46334 27.946589999999997 39329.85857 95.09706 28.42926 27.99567 28.124789999999997 28.21773 28.16425 375.22846 28.14202 27.896469999999997 169.46795 21519623.04795 
0.14318 1.28318 27.87582 0 0.03903 0.1064 0.08166999999999999 0.68713 0.11902 39302.030999999995 67.26949 0.66583 0.15174 0.29722 0.41997 0.36649 347.35264 0.2662 0.03396 141.69173999999998 21519595.45849 
0.10415 1.2441499999999999 27.83679 0.03903 0 0.06737 0.12042 0.72616 0.15805 39302.070029999995 67.30852 0.70486 0.15888 0.33625 0.42711 0.32746 347.39167 0.30523 0.07299 141.73076999999998 21519595.41946 
0.16917 1.30917 27.901809999999998 0.1064 0.06737 0 0.05305 0.66763 0.19543 39302.10741 67.3459 0.77223 0.21591 0.37363 0.41381999999999997 0.39482999999999996 347.45903999999996 0.3726 0.10076 141.67224 21519595.48448 
0.11612 1.25612 27.84876 0.08166999999999999 0.12042 0.05305 0 0.61458 0.14238 39302.054359999995 67.29285 0.74161 0.18391 0.32058 0.36897 0.44787999999999994 347.43431 0.34787 0.04771 141.61919 21519595.43143 
0.7307 1.8706999999999998 28.46334 0.68713 0.72616 0.66763 0.61458 0 0.68799 39302.599969999996 67.83846 1.2348 0.75396 0.86619 0.98355 0.91524 348.03977 0.95333 0.66229 141.00461 21519596.046010002 
0.21395 1.35395 27.94659 0.11901999999999999 0.15805 0.19543 0.14238 0.68799 0 39301.91198 67.15047 0.6393 0.25709 0.1782 0.41942 0.48551 347.47166 0.38522 0.09467 141.6926 21519595.52926 
39302.125929999995 39303.265929999994 39329.85857 39302.030999999995 39302.070029999995 39302.10741 39302.054359999995 39302.599969999996 39301.91198 0 39369.06245 39302.55128 39302.169069999996 39302.09018 39302.3314 39302.397489999996 39649.38363999999 39302.29719999999 39302.006649999996 39443.60457999999 21558897.441239998 
67.36442 68.50442 95.09706 67.26948999999999 67.30851999999999 67.34589999999999 67.29284999999999 67.83846 67.15047 39369.06245 0 67.78976999999999 67.40755999999999 67.32867 67.56989 67.63597999999999 414.62212999999997 67.53568999999999 67.24513999999999 208.84306999999998 21519662.679729998 
0.69662 1.83662 28.42926 0.66583 0.70486 0.77223 0.74161 1.2348 0.6393 39302.55128 67.78977 0 0.8039 0.8175 1.03978 0.84321 348.01847 0.93203 0.69979 142.23941 21519596.01193 
0.26303 1.4030299999999998 27.99567 0.15174 0.15888 0.21591 0.18391 0.75396 0.25709 39302.169069999996 67.40756 0.8039 0 0.39368 0.26823 0.4648 347.50437999999997 0.41794 0.1857 141.75857 21519595.578339998 
0.39215 1.53215 28.12479 0.29722 0.33625 0.37362999999999996 0.32058 0.86619 0.1782 39302.09018 67.32867 0.8175 0.39368 0 0.34499 0.4951 347.64986 0.56342 0.27287 141.87079999999997 21519595.707459997 
0.48509 1.62509 28.21773 0.41997 0.42711 0.41381999999999997 0.36897 0.98355 0.41942 39302.331399999995 67.56989 1.03978 0.26823 0.34499 0 0.19657 347.77261 0.68617 0.41668000000000005 141.98816 21519595.8004 
0.43161 1.57161 28.16425 0.36649 0.32746 0.39482999999999996 0.44787999999999994 0.91524 0.48551 39302.397489999996 67.63598 0.84321 0.4648 0.4951 0.19657 0 347.71912999999995 0.63269 0.40045 141.91985 21519595.746919997 
347.49582 348.63581999999997 375.22846 347.35264 347.39167 347.45903999999996 347.43431 348.03977 347.47166 39649.38364 414.62212999999997 348.01847 347.50438 347.64986 347.77261 347.71912999999995 0 347.08644 347.3866 489.04438 21519942.81113 
0.40937999999999997 1.5493799999999998 28.14202 0.2662 0.30523 0.3726 0.34787 0.95333 0.38522 39302.29719999999 67.53569 0.93203 0.41794 0.56342 0.68617 0.63269 347.08644 0 0.30016 141.95793999999998 21519595.724689998 
0.16383 1.3038299999999998 27.896469999999997 0.03396 0.07299 0.10076 0.04771 0.66229 0.09467 39302.006649999996 67.24513999999999 0.69979 0.1857 0.27287 0.41668000000000005 0.40045 347.3866 0.30016 0 141.6669 21519595.47914 
141.73531 142.87530999999998 169.46795 141.69173999999998 141.73076999999998 141.67224 141.61919 141.00461 141.6926 39443.60458 208.84307 142.23941 141.75857 141.87079999999997 141.98816 141.91985 489.04437999999993 141.95793999999998 141.6669 0 21519737.050619997 
21519595.31531 21519596.455310002 21519623.04795 21519595.45849 21519595.41946 21519595.48448 21519595.43143 21519596.046010002 21519595.52926 21558897.441239998 21519662.679729998 21519596.01193 21519595.57834 21519595.707459997 21519595.8004 21519595.746919997 21519942.81113 21519595.724689998 21519595.47914 21519737.050619997 0 
