66
wnnBN J0OP0 RN9nS aWuHk DaieK p3gJd cpzS8 AwFdf fExZu v7hOX Agb0E WVEjT kNG2j EgumV fWz4T SE1WY v0WXM R6NzB 0FMEI DmTRc v9joy GrnJ7 iIQll rmW0U bMhFI xKTIz E6pda DuU0x e7SjH Jbr8u 6sv9O HAKlt 0moVI iimZq 6owsT SxklZ BaYb3 1VA1I IOpdQ 7kY28 URrao Xqwfz zcuSA 0F8yg u60s4 gpbSj cC0Rg 69WZh Ia6ul zrVPv jesVt 4AhmX 93R2m aegld O8CwF ED9em CXkxa qXBVG 1gvq4 lJnz7 GxQg8 UqGfS vfAR8 EyMEe kPB79 HAZtD
0 89.0 115.0 141.0 167.0 151.0 161.0 186.0 201.0 216.0 295.0 270.0 230.0 252.0 272.0 289.0 279.0 270.0 255.0 280.0 368.0 374.0 415.0 392.0 404.0 559.0 663.0 661.0 638.0 591.0 442.0 436.0 431.0 418.0 441.0 370.0 330.0 351.0 325.0 298.0 307.0 283.0 250.0 236.0 212.0 200.0 176.0 207.0 245.0 231.0 216.0 228.0 244.0 217.0 147.0 178.0 141.0 148.0 159.0 167.0 188.0 194.0 148.0 128.0 92.0 35.0 
89.0 0 42.0 68.0 94.0 78.0 88.0 113.0 128.0 143.0 222.0 197.0 157.0 179.0 199.0 216.0 206.0 197.0 182.0 207.0 295.0 301.0 342.0 319.0 331.0 486.0 590.0 588.0 565.0 518.0 369.0 363.0 358.0 345.0 368.0 297.0 257.0 278.0 252.0 225.0 234.0 210.0 177.0 163.0 139.0 127.0 103.0 134.0 172.0 158.0 143.0 155.0 171.0 144.0 74.0 105.0 68.0 75.0 86.0 94.0 115.0 105.0 59.0 39.0 161.0 114.0 
115.0 42.0 0 26.0 52.0 36.0 46.0 71.0 86.0 101.0 180.0 155.0 115.0 137.0 157.0 174.0 164.0 155.0 140.0 165.0 253.0 259.0 300.0 277.0 289.0 444.0 548.0 546.0 523.0 476.0 327.0 321.0 316.0 303.0 326.0 255.0 215.0 236.0 210.0 183.0 192.0 168.0 135.0 121.0 97.0 85.0 61.0 92.0 130.0 116.0 101.0 113.0 129.0 102.0 32.0 63.0 26.0 33.0 44.0 52.0 73.0 87.0 61.0 81.0 187.0 140.0 
141.0 68.0 26.0 0 26.0 10.0 20.0 45.0 60.0 75.0 154.0 129.0 89.0 111.0 131.0 148.0 138.0 129.0 114.0 139.0 227.0 233.0 274.0 251.0 263.0 418.0 522.0 520.0 497.0 450.0 301.0 295.0 290.0 277.0 300.0 229.0 189.0 210.0 184.0 157.0 166.0 142.0 109.0 95.0 71.0 59.0 35.0 66.0 104.0 90.0 75.0 87.0 103.0 76.0 6.0 59.0 22.0 7.0 18.0 26.0 69.0 61.0 65.0 85.0 173.0 166.0 
167.0 94.0 52.0 26.0 0 16.0 26.0 51.0 66.0 81.0 160.0 135.0 95.0 117.0 137.0 154.0 144.0 135.0 120.0 145.0 233.0 239.0 280.0 257.0 269.0 424.0 528.0 526.0 503.0 456.0 307.0 301.0 296.0 283.0 306.0 235.0 195.0 216.0 190.0 163.0 172.0 148.0 115.0 101.0 77.0 65.0 41.0 72.0 110.0 96.0 81.0 93.0 109.0 90.0 20.0 85.0 48.0 19.0 44.0 52.0 95.0 77.0 91.0 111.0 189.0 192.0 
151.0 78.0 36.0 10.0 16.0 0 10.0 35.0 50.0 65.0 144.0 119.0 79.0 101.0 121.0 138.0 128.0 119.0 104.0 129.0 217.0 223.0 264.0 241.0 253.0 408.0 512.0 510.0 487.0 440.0 291.0 285.0 280.0 267.0 290.0 219.0 179.0 200.0 174.0 147.0 156.0 132.0 99.0 85.0 61.0 49.0 25.0 56.0 94.0 80.0 65.0 77.0 93.0 80.0 10.0 69.0 32.0 3.0 28.0 36.0 79.0 61.0 75.0 95.0 173.0 176.0 
161.0 88.0 46.0 20.0 26.0 10.0 0 25.0 40.0 55.0 140.0 109.0 69.0 91.0 111.0 128.0 138.0 129.0 114.0 139.0 227.0 233.0 274.0 251.0 263.0 418.0 522.0 520.0 497.0 450.0 301.0 295.0 290.0 277.0 300.0 229.0 189.0 210.0 184.0 157.0 166.0 142.0 109.0 95.0 71.0 59.0 35.0 66.0 104.0 90.0 75.0 87.0 103.0 90.0 20.0 79.0 42.0 13.0 38.0 46.0 89.0 71.0 85.0 105.0 183.0 186.0 
186.0 113.0 71.0 45.0 51.0 35.0 25.0 0 15.0 30.0 115.0 84.0 44.0 116.0 136.0 153.0 163.0 154.0 139.0 164.0 252.0 258.0 299.0 276.0 288.0 443.0 547.0 545.0 522.0 475.0 326.0 320.0 315.0 302.0 325.0 254.0 214.0 235.0 209.0 182.0 191.0 167.0 134.0 120.0 96.0 84.0 60.0 91.0 129.0 115.0 100.0 112.0 128.0 115.0 45.0 104.0 67.0 38.0 63.0 71.0 114.0 96.0 110.0 130.0 208.0 211.0 
201.0 128.0 86.0 60.0 66.0 50.0 40.0 15.0 0 15.0 100.0 69.0 59.0 131.0 151.0 168.0 154.0 163.0 154.0 179.0 267.0 273.0 314.0 291.0 303.0 458.0 562.0 560.0 537.0 490.0 341.0 335.0 330.0 317.0 340.0 269.0 229.0 250.0 224.0 197.0 206.0 182.0 149.0 135.0 111.0 99.0 75.0 80.0 118.0 104.0 89.0 101.0 117.0 130.0 60.0 119.0 82.0 53.0 78.0 86.0 129.0 111.0 125.0 145.0 223.0 226.0 
216.0 143.0 101.0 75.0 81.0 65.0 55.0 30.0 15.0 0 115.0 84.0 74.0 146.0 166.0 183.0 139.0 148.0 151.0 176.0 264.0 270.0 311.0 288.0 300.0 455.0 559.0 575.0 552.0 493.0 356.0 350.0 345.0 332.0 355.0 284.0 244.0 265.0 239.0 212.0 221.0 197.0 164.0 150.0 126.0 114.0 90.0 65.0 103.0 89.0 74.0 86.0 102.0 135.0 75.0 134.0 97.0 68.0 93.0 101.0 144.0 126.0 140.0 160.0 238.0 241.0 
295.0 222.0 180.0 154.0 160.0 144.0 140.0 115.0 100.0 115.0 0 31.0 159.0 209.0 229.0 242.0 192.0 201.0 204.0 229.0 317.0 323.0 364.0 341.0 353.0 508.0 612.0 650.0 627.0 546.0 435.0 429.0 424.0 411.0 434.0 363.0 323.0 344.0 318.0 291.0 300.0 276.0 243.0 229.0 205.0 193.0 169.0 118.0 106.0 142.0 127.0 139.0 155.0 188.0 154.0 213.0 176.0 147.0 172.0 180.0 223.0 205.0 219.0 239.0 317.0 320.0 
270.0 197.0 155.0 129.0 135.0 119.0 109.0 84.0 69.0 84.0 31.0 0 128.0 200.0 220.0 237.0 223.0 232.0 223.0 248.0 336.0 342.0 383.0 360.0 372.0 527.0 631.0 629.0 606.0 559.0 410.0 404.0 399.0 386.0 409.0 338.0 298.0 319.0 293.0 266.0 275.0 251.0 218.0 204.0 180.0 168.0 144.0 149.0 137.0 173.0 158.0 170.0 186.0 199.0 129.0 188.0 151.0 122.0 147.0 155.0 198.0 180.0 194.0 214.0 292.0 295.0 
230.0 157.0 115.0 89.0 95.0 79.0 69.0 44.0 59.0 74.0 159.0 128.0 0 76.0 96.0 113.0 163.0 154.0 169.0 194.0 282.0 288.0 329.0 306.0 318.0 473.0 577.0 589.0 566.0 511.0 370.0 364.0 359.0 346.0 369.0 298.0 258.0 279.0 253.0 226.0 235.0 211.0 178.0 164.0 140.0 128.0 104.0 135.0 173.0 159.0 144.0 156.0 172.0 159.0 89.0 148.0 111.0 82.0 107.0 115.0 158.0 140.0 154.0 174.0 252.0 255.0 
252.0 179.0 137.0 111.0 117.0 101.0 91.0 116.0 131.0 146.0 209.0 200.0 76.0 0 20.0 37.0 87.0 78.0 93.0 118.0 206.0 212.0 253.0 230.0 242.0 397.0 501.0 539.0 516.0 435.0 346.0 352.0 357.0 368.0 391.0 320.0 280.0 301.0 275.0 248.0 257.0 233.0 200.0 186.0 162.0 150.0 126.0 121.0 159.0 145.0 130.0 142.0 158.0 181.0 111.0 170.0 133.0 104.0 129.0 137.0 180.0 162.0 176.0 196.0 274.0 277.0 
272.0 199.0 157.0 131.0 137.0 121.0 111.0 136.0 151.0 166.0 229.0 220.0 96.0 20.0 0 17.0 67.0 58.0 73.0 98.0 186.0 192.0 233.0 210.0 222.0 377.0 481.0 519.0 496.0 415.0 326.0 332.0 337.0 350.0 373.0 324.0 284.0 305.0 279.0 252.0 261.0 237.0 186.0 172.0 166.0 170.0 146.0 141.0 163.0 165.0 150.0 162.0 178.0 201.0 131.0 190.0 153.0 124.0 149.0 157.0 200.0 182.0 196.0 216.0 294.0 297.0 
289.0 216.0 174.0 148.0 154.0 138.0 128.0 153.0 168.0 183.0 242.0 237.0 113.0 37.0 17.0 0 50.0 41.0 56.0 81.0 169.0 175.0 216.0 193.0 205.0 360.0 464.0 502.0 479.0 398.0 309.0 315.0 320.0 333.0 356.0 307.0 267.0 288.0 262.0 235.0 244.0 220.0 169.0 155.0 149.0 161.0 163.0 124.0 146.0 148.0 133.0 145.0 161.0 194.0 148.0 207.0 170.0 141.0 166.0 174.0 217.0 199.0 213.0 233.0 311.0 314.0 
279.0 206.0 164.0 138.0 144.0 128.0 138.0 163.0 154.0 139.0 192.0 223.0 163.0 87.0 67.0 50.0 0 9.0 24.0 49.0 137.0 143.0 184.0 161.0 173.0 328.0 432.0 470.0 447.0 366.0 277.0 283.0 288.0 301.0 324.0 275.0 235.0 256.0 230.0 203.0 212.0 188.0 137.0 123.0 117.0 129.0 153.0 74.0 96.0 98.0 83.0 95.0 111.0 144.0 138.0 197.0 160.0 131.0 156.0 164.0 207.0 189.0 203.0 223.0 301.0 304.0 
270.0 197.0 155.0 129.0 135.0 119.0 129.0 154.0 163.0 148.0 201.0 232.0 154.0 78.0 58.0 41.0 9.0 0 15.0 40.0 128.0 134.0 175.0 152.0 164.0 319.0 423.0 461.0 438.0 357.0 268.0 274.0 279.0 292.0 315.0 266.0 226.0 247.0 221.0 194.0 203.0 179.0 128.0 114.0 108.0 120.0 144.0 83.0 105.0 107.0 92.0 104.0 120.0 153.0 129.0 188.0 151.0 122.0 147.0 155.0 198.0 180.0 194.0 214.0 292.0 295.0 
255.0 182.0 140.0 114.0 120.0 104.0 114.0 139.0 154.0 151.0 204.0 223.0 169.0 93.0 73.0 56.0 24.0 15.0 0 25.0 113.0 119.0 160.0 137.0 149.0 304.0 408.0 446.0 423.0 342.0 253.0 259.0 264.0 277.0 300.0 251.0 211.0 232.0 206.0 179.0 188.0 164.0 113.0 99.0 93.0 105.0 129.0 86.0 120.0 110.0 77.0 89.0 105.0 138.0 114.0 173.0 136.0 107.0 132.0 140.0 183.0 165.0 179.0 199.0 277.0 280.0 
280.0 207.0 165.0 139.0 145.0 129.0 139.0 164.0 179.0 176.0 229.0 248.0 194.0 118.0 98.0 81.0 49.0 40.0 25.0 0 88.0 94.0 135.0 112.0 124.0 279.0 383.0 421.0 398.0 317.0 228.0 234.0 239.0 252.0 275.0 276.0 236.0 257.0 231.0 204.0 213.0 189.0 138.0 124.0 118.0 130.0 154.0 111.0 145.0 135.0 102.0 114.0 130.0 163.0 139.0 198.0 161.0 132.0 157.0 165.0 208.0 190.0 204.0 224.0 302.0 305.0 
368.0 295.0 253.0 227.0 233.0 217.0 227.0 252.0 267.0 264.0 317.0 336.0 282.0 206.0 186.0 169.0 137.0 128.0 113.0 88.0 0 6.0 47.0 24.0 46.0 201.0 305.0 333.0 310.0 229.0 140.0 146.0 151.0 164.0 187.0 212.0 252.0 273.0 257.0 284.0 293.0 277.0 226.0 212.0 206.0 218.0 242.0 199.0 233.0 223.0 190.0 202.0 218.0 251.0 227.0 286.0 249.0 220.0 245.0 253.0 296.0 278.0 292.0 312.0 390.0 393.0 
374.0 301.0 259.0 233.0 239.0 223.0 233.0 258.0 273.0 270.0 323.0 342.0 288.0 212.0 192.0 175.0 143.0 134.0 119.0 94.0 6.0 0 41.0 18.0 40.0 195.0 299.0 327.0 304.0 223.0 134.0 140.0 145.0 158.0 181.0 206.0 246.0 267.0 251.0 278.0 287.0 283.0 232.0 218.0 212.0 224.0 248.0 205.0 239.0 229.0 196.0 208.0 224.0 257.0 233.0 292.0 255.0 226.0 251.0 259.0 302.0 284.0 298.0 318.0 396.0 399.0 
415.0 342.0 300.0 274.0 280.0 264.0 274.0 299.0 314.0 311.0 364.0 383.0 329.0 253.0 233.0 216.0 184.0 175.0 160.0 135.0 47.0 41.0 0 59.0 81.0 236.0 296.0 286.0 263.0 182.0 93.0 99.0 104.0 117.0 140.0 165.0 205.0 226.0 210.0 237.0 246.0 252.0 273.0 259.0 253.0 265.0 289.0 246.0 280.0 270.0 237.0 249.0 265.0 298.0 274.0 333.0 296.0 267.0 292.0 300.0 343.0 325.0 339.0 359.0 437.0 440.0 
392.0 319.0 277.0 251.0 257.0 241.0 251.0 276.0 291.0 288.0 341.0 360.0 306.0 230.0 210.0 193.0 161.0 152.0 137.0 112.0 24.0 18.0 59.0 0 22.0 177.0 281.0 337.0 314.0 241.0 152.0 158.0 163.0 176.0 199.0 224.0 264.0 285.0 269.0 296.0 305.0 301.0 250.0 236.0 230.0 242.0 266.0 223.0 257.0 247.0 214.0 226.0 242.0 275.0 251.0 310.0 273.0 244.0 269.0 277.0 320.0 302.0 316.0 336.0 414.0 417.0 
404.0 331.0 289.0 263.0 269.0 253.0 263.0 288.0 303.0 300.0 353.0 372.0 318.0 242.0 222.0 205.0 173.0 164.0 149.0 124.0 46.0 40.0 81.0 22.0 0 155.0 259.0 315.0 292.0 263.0 174.0 180.0 185.0 198.0 221.0 246.0 286.0 307.0 291.0 318.0 327.0 313.0 262.0 248.0 242.0 254.0 278.0 235.0 269.0 259.0 226.0 238.0 254.0 287.0 263.0 322.0 285.0 256.0 281.0 289.0 332.0 314.0 328.0 348.0 426.0 429.0 
559.0 486.0 444.0 418.0 424.0 408.0 418.0 443.0 458.0 455.0 508.0 527.0 473.0 397.0 377.0 360.0 328.0 319.0 304.0 279.0 201.0 195.0 236.0 177.0 155.0 0 104.0 160.0 137.0 356.0 329.0 335.0 340.0 353.0 376.0 401.0 441.0 462.0 446.0 473.0 482.0 468.0 417.0 403.0 397.0 409.0 433.0 390.0 424.0 414.0 381.0 393.0 409.0 442.0 418.0 477.0 440.0 411.0 436.0 444.0 487.0 469.0 483.0 503.0 581.0 584.0 
663.0 590.0 548.0 522.0 528.0 512.0 522.0 547.0 562.0 559.0 612.0 631.0 577.0 501.0 481.0 464.0 432.0 423.0 408.0 383.0 305.0 299.0 296.0 281.0 259.0 104.0 0 56.0 33.0 252.0 229.0 235.0 240.0 253.0 276.0 301.0 341.0 362.0 346.0 373.0 382.0 388.0 459.0 473.0 459.0 471.0 495.0 494.0 528.0 518.0 485.0 497.0 513.0 546.0 522.0 581.0 544.0 515.0 540.0 548.0 591.0 573.0 587.0 607.0 685.0 688.0 
661.0 588.0 546.0 520.0 526.0 510.0 520.0 545.0 560.0 575.0 650.0 629.0 589.0 539.0 519.0 502.0 470.0 461.0 446.0 421.0 333.0 327.0 286.0 337.0 315.0 160.0 56.0 0 23.0 242.0 219.0 225.0 230.0 243.0 266.0 291.0 331.0 352.0 336.0 363.0 372.0 378.0 449.0 463.0 449.0 461.0 485.0 532.0 566.0 556.0 523.0 535.0 551.0 584.0 520.0 579.0 542.0 513.0 538.0 546.0 589.0 571.0 585.0 605.0 683.0 686.0 
638.0 565.0 523.0 497.0 503.0 487.0 497.0 522.0 537.0 552.0 627.0 606.0 566.0 516.0 496.0 479.0 447.0 438.0 423.0 398.0 310.0 304.0 263.0 314.0 292.0 137.0 33.0 23.0 0 219.0 196.0 202.0 207.0 220.0 243.0 268.0 308.0 329.0 313.0 340.0 349.0 355.0 426.0 440.0 426.0 438.0 462.0 509.0 543.0 533.0 500.0 512.0 528.0 561.0 497.0 556.0 519.0 490.0 515.0 523.0 566.0 548.0 562.0 582.0 660.0 663.0 
591.0 518.0 476.0 450.0 456.0 440.0 450.0 475.0 490.0 493.0 546.0 559.0 511.0 435.0 415.0 398.0 366.0 357.0 342.0 317.0 229.0 223.0 182.0 241.0 263.0 356.0 252.0 242.0 219.0 0 149.0 155.0 160.0 173.0 196.0 221.0 261.0 282.0 266.0 293.0 302.0 308.0 379.0 393.0 379.0 391.0 415.0 428.0 462.0 452.0 419.0 431.0 447.0 480.0 450.0 509.0 472.0 443.0 468.0 476.0 519.0 501.0 515.0 535.0 613.0 616.0 
442.0 369.0 327.0 301.0 307.0 291.0 301.0 326.0 341.0 356.0 435.0 410.0 370.0 346.0 326.0 309.0 277.0 268.0 253.0 228.0 140.0 134.0 93.0 152.0 174.0 329.0 229.0 219.0 196.0 149.0 0 6.0 11.0 24.0 47.0 72.0 112.0 133.0 117.0 144.0 153.0 159.0 230.0 244.0 230.0 242.0 266.0 339.0 373.0 363.0 330.0 342.0 358.0 371.0 301.0 360.0 323.0 294.0 319.0 327.0 370.0 352.0 366.0 386.0 464.0 467.0 
436.0 363.0 321.0 295.0 301.0 285.0 295.0 320.0 335.0 350.0 429.0 404.0 364.0 352.0 332.0 315.0 283.0 274.0 259.0 234.0 146.0 140.0 99.0 158.0 180.0 335.0 235.0 225.0 202.0 155.0 6.0 0 5.0 18.0 41.0 66.0 106.0 127.0 111.0 138.0 147.0 153.0 224.0 238.0 224.0 236.0 260.0 341.0 379.0 365.0 336.0 348.0 364.0 365.0 295.0 354.0 317.0 288.0 313.0 321.0 364.0 346.0 360.0 380.0 458.0 461.0 
431.0 358.0 316.0 290.0 296.0 280.0 290.0 315.0 330.0 345.0 424.0 399.0 359.0 357.0 337.0 320.0 288.0 279.0 264.0 239.0 151.0 145.0 104.0 163.0 185.0 340.0 240.0 230.0 207.0 160.0 11.0 5.0 0 13.0 36.0 61.0 101.0 122.0 106.0 133.0 142.0 148.0 219.0 233.0 219.0 231.0 255.0 336.0 374.0 360.0 341.0 353.0 369.0 360.0 290.0 349.0 312.0 283.0 308.0 316.0 359.0 341.0 355.0 375.0 453.0 456.0 
418.0 345.0 303.0 277.0 283.0 267.0 277.0 302.0 317.0 332.0 411.0 386.0 346.0 368.0 350.0 333.0 301.0 292.0 277.0 252.0 164.0 158.0 117.0 176.0 198.0 353.0 253.0 243.0 220.0 173.0 24.0 18.0 13.0 0 23.0 74.0 114.0 135.0 119.0 120.0 129.0 135.0 206.0 220.0 206.0 218.0 242.0 323.0 361.0 347.0 332.0 344.0 360.0 347.0 277.0 336.0 299.0 270.0 295.0 303.0 346.0 328.0 342.0 362.0 440.0 443.0 
441.0 368.0 326.0 300.0 306.0 290.0 300.0 325.0 340.0 355.0 434.0 409.0 369.0 391.0 373.0 356.0 324.0 315.0 300.0 275.0 187.0 181.0 140.0 199.0 221.0 376.0 276.0 266.0 243.0 196.0 47.0 41.0 36.0 23.0 0 95.0 135.0 156.0 140.0 143.0 146.0 158.0 229.0 243.0 229.0 241.0 265.0 346.0 384.0 370.0 355.0 367.0 383.0 370.0 300.0 359.0 322.0 293.0 318.0 326.0 369.0 351.0 365.0 385.0 463.0 466.0 
370.0 297.0 255.0 229.0 235.0 219.0 229.0 254.0 269.0 284.0 363.0 338.0 298.0 320.0 324.0 307.0 275.0 266.0 251.0 276.0 212.0 206.0 165.0 224.0 246.0 401.0 301.0 291.0 268.0 221.0 72.0 66.0 61.0 74.0 95.0 0 40.0 61.0 45.0 72.0 81.0 87.0 158.0 172.0 158.0 170.0 194.0 275.0 313.0 299.0 284.0 296.0 312.0 299.0 229.0 288.0 251.0 222.0 247.0 255.0 298.0 280.0 294.0 314.0 392.0 395.0 
330.0 257.0 215.0 189.0 195.0 179.0 189.0 214.0 229.0 244.0 323.0 298.0 258.0 280.0 284.0 267.0 235.0 226.0 211.0 236.0 252.0 246.0 205.0 264.0 286.0 441.0 341.0 331.0 308.0 261.0 112.0 106.0 101.0 114.0 135.0 40.0 0 21.0 5.0 32.0 41.0 47.0 118.0 132.0 118.0 130.0 154.0 235.0 273.0 259.0 244.0 256.0 272.0 259.0 189.0 248.0 211.0 182.0 207.0 215.0 258.0 240.0 254.0 274.0 352.0 355.0 
351.0 278.0 236.0 210.0 216.0 200.0 210.0 235.0 250.0 265.0 344.0 319.0 279.0 301.0 305.0 288.0 256.0 247.0 232.0 257.0 273.0 267.0 226.0 285.0 307.0 462.0 362.0 352.0 329.0 282.0 133.0 127.0 122.0 135.0 156.0 61.0 21.0 0 26.0 53.0 62.0 68.0 139.0 153.0 139.0 151.0 175.0 256.0 294.0 280.0 265.0 277.0 293.0 280.0 210.0 269.0 232.0 203.0 228.0 236.0 279.0 261.0 275.0 295.0 373.0 376.0 
325.0 252.0 210.0 184.0 190.0 174.0 184.0 209.0 224.0 239.0 318.0 293.0 253.0 275.0 279.0 262.0 230.0 221.0 206.0 231.0 257.0 251.0 210.0 269.0 291.0 446.0 346.0 336.0 313.0 266.0 117.0 111.0 106.0 119.0 140.0 45.0 5.0 26.0 0 27.0 36.0 42.0 113.0 127.0 113.0 125.0 149.0 230.0 268.0 254.0 239.0 251.0 267.0 254.0 184.0 243.0 206.0 177.0 202.0 210.0 253.0 235.0 249.0 269.0 347.0 350.0 
298.0 225.0 183.0 157.0 163.0 147.0 157.0 182.0 197.0 212.0 291.0 266.0 226.0 248.0 252.0 235.0 203.0 194.0 179.0 204.0 284.0 278.0 237.0 296.0 318.0 473.0 373.0 363.0 340.0 293.0 144.0 138.0 133.0 120.0 143.0 72.0 32.0 53.0 27.0 0 9.0 15.0 86.0 100.0 86.0 98.0 122.0 203.0 241.0 227.0 212.0 224.0 240.0 227.0 157.0 216.0 179.0 150.0 175.0 183.0 226.0 208.0 222.0 242.0 320.0 323.0 
307.0 234.0 192.0 166.0 172.0 156.0 166.0 191.0 206.0 221.0 300.0 275.0 235.0 257.0 261.0 244.0 212.0 203.0 188.0 213.0 293.0 287.0 246.0 305.0 327.0 482.0 382.0 372.0 349.0 302.0 153.0 147.0 142.0 129.0 146.0 81.0 41.0 62.0 36.0 9.0 0 24.0 95.0 109.0 95.0 107.0 131.0 212.0 250.0 236.0 221.0 233.0 249.0 236.0 166.0 225.0 188.0 159.0 184.0 192.0 235.0 217.0 231.0 251.0 329.0 332.0 
283.0 210.0 168.0 142.0 148.0 132.0 142.0 167.0 182.0 197.0 276.0 251.0 211.0 233.0 237.0 220.0 188.0 179.0 164.0 189.0 277.0 283.0 252.0 301.0 313.0 468.0 388.0 378.0 355.0 308.0 159.0 153.0 148.0 135.0 158.0 87.0 47.0 68.0 42.0 15.0 24.0 0 71.0 85.0 71.0 83.0 107.0 188.0 226.0 212.0 197.0 209.0 225.0 212.0 142.0 201.0 164.0 135.0 160.0 168.0 211.0 193.0 207.0 227.0 305.0 308.0 
250.0 177.0 135.0 109.0 115.0 99.0 109.0 134.0 149.0 164.0 243.0 218.0 178.0 200.0 186.0 169.0 137.0 128.0 113.0 138.0 226.0 232.0 273.0 250.0 262.0 417.0 459.0 449.0 426.0 379.0 230.0 224.0 219.0 206.0 229.0 158.0 118.0 139.0 113.0 86.0 95.0 71.0 0 14.0 88.0 100.0 124.0 155.0 193.0 179.0 164.0 176.0 192.0 179.0 109.0 168.0 131.0 102.0 127.0 135.0 178.0 160.0 174.0 194.0 272.0 275.0 
236.0 163.0 121.0 95.0 101.0 85.0 95.0 120.0 135.0 150.0 229.0 204.0 164.0 186.0 172.0 155.0 123.0 114.0 99.0 124.0 212.0 218.0 259.0 236.0 248.0 403.0 473.0 463.0 440.0 393.0 244.0 238.0 233.0 220.0 243.0 172.0 132.0 153.0 127.0 100.0 109.0 85.0 14.0 0 74.0 86.0 110.0 141.0 179.0 165.0 150.0 162.0 178.0 165.0 95.0 154.0 117.0 88.0 113.0 121.0 164.0 146.0 160.0 180.0 258.0 261.0 
212.0 139.0 97.0 71.0 77.0 61.0 71.0 96.0 111.0 126.0 205.0 180.0 140.0 162.0 166.0 149.0 117.0 108.0 93.0 118.0 206.0 212.0 253.0 230.0 242.0 397.0 459.0 449.0 426.0 379.0 230.0 224.0 219.0 206.0 229.0 158.0 118.0 139.0 113.0 86.0 95.0 71.0 88.0 74.0 0 12.0 36.0 117.0 155.0 141.0 126.0 138.0 154.0 141.0 71.0 130.0 93.0 64.0 89.0 97.0 140.0 122.0 136.0 156.0 234.0 237.0 
200.0 127.0 85.0 59.0 65.0 49.0 59.0 84.0 99.0 114.0 193.0 168.0 128.0 150.0 170.0 161.0 129.0 120.0 105.0 130.0 218.0 224.0 265.0 242.0 254.0 409.0 471.0 461.0 438.0 391.0 242.0 236.0 231.0 218.0 241.0 170.0 130.0 151.0 125.0 98.0 107.0 83.0 100.0 86.0 12.0 0 24.0 105.0 143.0 129.0 114.0 126.0 142.0 129.0 59.0 118.0 81.0 52.0 77.0 85.0 128.0 110.0 124.0 144.0 222.0 225.0 
176.0 103.0 61.0 35.0 41.0 25.0 35.0 60.0 75.0 90.0 169.0 144.0 104.0 126.0 146.0 163.0 153.0 144.0 129.0 154.0 242.0 248.0 289.0 266.0 278.0 433.0 495.0 485.0 462.0 415.0 266.0 260.0 255.0 242.0 265.0 194.0 154.0 175.0 149.0 122.0 131.0 107.0 124.0 110.0 36.0 24.0 0 81.0 119.0 105.0 90.0 102.0 118.0 105.0 35.0 94.0 57.0 28.0 53.0 61.0 104.0 86.0 100.0 120.0 198.0 201.0 
207.0 134.0 92.0 66.0 72.0 56.0 66.0 91.0 80.0 65.0 118.0 149.0 135.0 121.0 141.0 124.0 74.0 83.0 86.0 111.0 199.0 205.0 246.0 223.0 235.0 390.0 494.0 532.0 509.0 428.0 339.0 341.0 336.0 323.0 346.0 275.0 235.0 256.0 230.0 203.0 212.0 188.0 155.0 141.0 117.0 105.0 81.0 0 38.0 24.0 9.0 21.0 37.0 70.0 66.0 125.0 88.0 59.0 84.0 92.0 135.0 117.0 131.0 151.0 229.0 232.0 
245.0 172.0 130.0 104.0 110.0 94.0 104.0 129.0 118.0 103.0 106.0 137.0 173.0 159.0 163.0 146.0 96.0 105.0 120.0 145.0 233.0 239.0 280.0 257.0 269.0 424.0 528.0 566.0 543.0 462.0 373.0 379.0 374.0 361.0 384.0 313.0 273.0 294.0 268.0 241.0 250.0 226.0 193.0 179.0 155.0 143.0 119.0 38.0 0 62.0 47.0 59.0 75.0 108.0 104.0 163.0 126.0 97.0 122.0 130.0 173.0 155.0 169.0 189.0 267.0 270.0 
231.0 158.0 116.0 90.0 96.0 80.0 90.0 115.0 104.0 89.0 142.0 173.0 159.0 145.0 165.0 148.0 98.0 107.0 110.0 135.0 223.0 229.0 270.0 247.0 259.0 414.0 518.0 556.0 533.0 452.0 363.0 365.0 360.0 347.0 370.0 299.0 259.0 280.0 254.0 227.0 236.0 212.0 179.0 165.0 141.0 129.0 105.0 24.0 62.0 0 33.0 45.0 61.0 94.0 90.0 149.0 112.0 83.0 108.0 116.0 159.0 141.0 155.0 175.0 253.0 256.0 
216.0 143.0 101.0 75.0 81.0 65.0 75.0 100.0 89.0 74.0 127.0 158.0 144.0 130.0 150.0 133.0 83.0 92.0 77.0 102.0 190.0 196.0 237.0 214.0 226.0 381.0 485.0 523.0 500.0 419.0 330.0 336.0 341.0 332.0 355.0 284.0 244.0 265.0 239.0 212.0 221.0 197.0 164.0 150.0 126.0 114.0 90.0 9.0 47.0 33.0 0 12.0 28.0 61.0 75.0 134.0 97.0 68.0 87.0 95.0 138.0 126.0 140.0 160.0 238.0 241.0 
228.0 155.0 113.0 87.0 93.0 77.0 87.0 112.0 101.0 86.0 139.0 170.0 156.0 142.0 162.0 145.0 95.0 104.0 89.0 114.0 202.0 208.0 249.0 226.0 238.0 393.0 497.0 535.0 512.0 431.0 342.0 348.0 353.0 344.0 367.0 296.0 256.0 277.0 251.0 224.0 233.0 209.0 176.0 162.0 138.0 126.0 102.0 21.0 59.0 45.0 12.0 0 16.0 49.0 87.0 146.0 109.0 80.0 75.0 83.0 126.0 138.0 152.0 172.0 250.0 253.0 
244.0 171.0 129.0 103.0 109.0 93.0 103.0 128.0 117.0 102.0 155.0 186.0 172.0 158.0 178.0 161.0 111.0 120.0 105.0 130.0 218.0 224.0 265.0 242.0 254.0 409.0 513.0 551.0 528.0 447.0 358.0 364.0 369.0 360.0 383.0 312.0 272.0 293.0 267.0 240.0 249.0 225.0 192.0 178.0 154.0 142.0 118.0 37.0 75.0 61.0 28.0 16.0 0 33.0 103.0 162.0 125.0 96.0 91.0 99.0 142.0 154.0 168.0 188.0 266.0 269.0 
217.0 144.0 102.0 76.0 90.0 80.0 90.0 115.0 130.0 135.0 188.0 199.0 159.0 181.0 201.0 194.0 144.0 153.0 138.0 163.0 251.0 257.0 298.0 275.0 287.0 442.0 546.0 584.0 561.0 480.0 371.0 365.0 360.0 347.0 370.0 299.0 259.0 280.0 254.0 227.0 236.0 212.0 179.0 165.0 141.0 129.0 105.0 70.0 108.0 94.0 61.0 49.0 33.0 0 70.0 135.0 98.0 77.0 94.0 102.0 145.0 131.0 141.0 161.0 243.0 242.0 
147.0 74.0 32.0 6.0 20.0 10.0 20.0 45.0 60.0 75.0 154.0 129.0 89.0 111.0 131.0 148.0 138.0 129.0 114.0 139.0 227.0 233.0 274.0 251.0 263.0 418.0 522.0 520.0 497.0 450.0 301.0 295.0 290.0 277.0 300.0 229.0 189.0 210.0 184.0 157.0 166.0 142.0 109.0 95.0 71.0 59.0 35.0 66.0 104.0 90.0 75.0 87.0 103.0 70.0 0 65.0 28.0 7.0 24.0 32.0 75.0 61.0 71.0 91.0 173.0 172.0 
178.0 105.0 63.0 59.0 85.0 69.0 79.0 104.0 119.0 134.0 213.0 188.0 148.0 170.0 190.0 207.0 197.0 188.0 173.0 198.0 286.0 292.0 333.0 310.0 322.0 477.0 581.0 579.0 556.0 509.0 360.0 354.0 349.0 336.0 359.0 288.0 248.0 269.0 243.0 216.0 225.0 201.0 168.0 154.0 130.0 118.0 94.0 125.0 163.0 149.0 134.0 146.0 162.0 135.0 65.0 0 37.0 66.0 77.0 85.0 106.0 120.0 124.0 144.0 232.0 203.0 
141.0 68.0 26.0 22.0 48.0 32.0 42.0 67.0 82.0 97.0 176.0 151.0 111.0 133.0 153.0 170.0 160.0 151.0 136.0 161.0 249.0 255.0 296.0 273.0 285.0 440.0 544.0 542.0 519.0 472.0 323.0 317.0 312.0 299.0 322.0 251.0 211.0 232.0 206.0 179.0 188.0 164.0 131.0 117.0 93.0 81.0 57.0 88.0 126.0 112.0 97.0 109.0 125.0 98.0 28.0 37.0 0 29.0 40.0 48.0 69.0 83.0 87.0 107.0 195.0 166.0 
148.0 75.0 33.0 7.0 19.0 3.0 13.0 38.0 53.0 68.0 147.0 122.0 82.0 104.0 124.0 141.0 131.0 122.0 107.0 132.0 220.0 226.0 267.0 244.0 256.0 411.0 515.0 513.0 490.0 443.0 294.0 288.0 283.0 270.0 293.0 222.0 182.0 203.0 177.0 150.0 159.0 135.0 102.0 88.0 64.0 52.0 28.0 59.0 97.0 83.0 68.0 80.0 96.0 77.0 7.0 66.0 29.0 0 25.0 33.0 76.0 58.0 72.0 92.0 170.0 173.0 
159.0 86.0 44.0 18.0 44.0 28.0 38.0 63.0 78.0 93.0 172.0 147.0 107.0 129.0 149.0 166.0 156.0 147.0 132.0 157.0 245.0 251.0 292.0 269.0 281.0 436.0 540.0 538.0 515.0 468.0 319.0 313.0 308.0 295.0 318.0 247.0 207.0 228.0 202.0 175.0 184.0 160.0 127.0 113.0 89.0 77.0 53.0 84.0 122.0 108.0 87.0 75.0 91.0 94.0 24.0 77.0 40.0 25.0 0 8.0 51.0 79.0 83.0 103.0 191.0 184.0 
167.0 94.0 52.0 26.0 52.0 36.0 46.0 71.0 86.0 101.0 180.0 155.0 115.0 137.0 157.0 174.0 164.0 155.0 140.0 165.0 253.0 259.0 300.0 277.0 289.0 444.0 548.0 546.0 523.0 476.0 327.0 321.0 316.0 303.0 326.0 255.0 215.0 236.0 210.0 183.0 192.0 168.0 135.0 121.0 97.0 85.0 61.0 92.0 130.0 116.0 95.0 83.0 99.0 102.0 32.0 85.0 48.0 33.0 8.0 0 43.0 87.0 91.0 111.0 199.0 192.0 
188.0 115.0 73.0 69.0 95.0 79.0 89.0 114.0 129.0 144.0 223.0 198.0 158.0 180.0 200.0 217.0 207.0 198.0 183.0 208.0 296.0 302.0 343.0 320.0 332.0 487.0 591.0 589.0 566.0 519.0 370.0 364.0 359.0 346.0 369.0 298.0 258.0 279.0 253.0 226.0 235.0 211.0 178.0 164.0 140.0 128.0 104.0 135.0 173.0 159.0 138.0 126.0 142.0 145.0 75.0 106.0 69.0 76.0 51.0 43.0 0 130.0 134.0 154.0 242.0 213.0 
194.0 105.0 87.0 61.0 77.0 61.0 71.0 96.0 111.0 126.0 205.0 180.0 140.0 162.0 182.0 199.0 189.0 180.0 165.0 190.0 278.0 284.0 325.0 302.0 314.0 469.0 573.0 571.0 548.0 501.0 352.0 346.0 341.0 328.0 351.0 280.0 240.0 261.0 235.0 208.0 217.0 193.0 160.0 146.0 122.0 110.0 86.0 117.0 155.0 141.0 126.0 138.0 154.0 131.0 61.0 120.0 83.0 58.0 79.0 87.0 130.0 0 46.0 66.0 112.0 169.0 
148.0 59.0 61.0 65.0 91.0 75.0 85.0 110.0 125.0 140.0 219.0 194.0 154.0 176.0 196.0 213.0 203.0 194.0 179.0 204.0 292.0 298.0 339.0 316.0 328.0 483.0 587.0 585.0 562.0 515.0 366.0 360.0 355.0 342.0 365.0 294.0 254.0 275.0 249.0 222.0 231.0 207.0 174.0 160.0 136.0 124.0 100.0 131.0 169.0 155.0 140.0 152.0 168.0 141.0 71.0 124.0 87.0 72.0 83.0 91.0 134.0 46.0 0 20.0 156.0 173.0 
128.0 39.0 81.0 85.0 111.0 95.0 105.0 130.0 145.0 160.0 239.0 214.0 174.0 196.0 216.0 233.0 223.0 214.0 199.0 224.0 312.0 318.0 359.0 336.0 348.0 503.0 607.0 605.0 582.0 535.0 386.0 380.0 375.0 362.0 385.0 314.0 274.0 295.0 269.0 242.0 251.0 227.0 194.0 180.0 156.0 144.0 120.0 151.0 189.0 175.0 160.0 172.0 188.0 161.0 91.0 144.0 107.0 92.0 103.0 111.0 154.0 66.0 20.0 0 136.0 153.0 
92.0 161.0 187.0 173.0 189.0 173.0 183.0 208.0 223.0 238.0 317.0 292.0 252.0 274.0 294.0 311.0 301.0 292.0 277.0 302.0 390.0 396.0 437.0 414.0 426.0 581.0 685.0 683.0 660.0 613.0 464.0 458.0 453.0 440.0 463.0 392.0 352.0 373.0 347.0 320.0 329.0 305.0 272.0 258.0 234.0 222.0 198.0 229.0 267.0 253.0 238.0 250.0 266.0 243.0 173.0 232.0 195.0 170.0 191.0 199.0 242.0 112.0 156.0 136.0 0 57.0 
35.0 114.0 140.0 166.0 192.0 176.0 186.0 211.0 226.0 241.0 320.0 295.0 255.0 277.0 297.0 314.0 304.0 295.0 280.0 305.0 393.0 399.0 440.0 417.0 429.0 584.0 688.0 686.0 663.0 616.0 467.0 461.0 456.0 443.0 466.0 395.0 355.0 376.0 350.0 323.0 332.0 308.0 275.0 261.0 237.0 225.0 201.0 232.0 270.0 256.0 241.0 253.0 269.0 242.0 172.0 203.0 166.0 173.0 184.0 192.0 213.0 169.0 173.0 153.0 57.0 0 
