18
cvjQc CmuV1 BSqOv x5InZ 5PNx4 fEdtk Tz4zy Vm2RV RTNKK s8jhm Z7joj EQJ7U vN0gV EvuAH miscC ycoh0 xNFYO 3Yw8H
0 6.0 14.0 16.0 20.0 25.0 28.0 35.0 36.0 34.0 31.0 24.0 50.0 39.0 37.0 17.0 10.0 3.0 
6.0 0 8.0 10.0 14.0 21.0 24.0 31.0 30.0 28.0 27.0 20.0 46.0 45.0 43.0 23.0 16.0 9.0 
14.0 8.0 0 2.0 6.0 13.0 16.0 23.0 24.0 22.0 19.0 12.0 38.0 53.0 51.0 31.0 24.0 17.0 
16.0 10.0 2.0 0 4.0 11.0 14.0 21.0 22.0 20.0 17.0 10.0 36.0 55.0 53.0 33.0 26.0 19.0 
20.0 14.0 6.0 4.0 0 7.0 10.0 17.0 18.0 16.0 13.0 6.0 32.0 59.0 57.0 37.0 30.0 23.0 
25.0 21.0 13.0 11.0 7.0 0 3.0 10.0 11.0 9.0 6.0 1.0 27.0 58.0 56.0 36.0 29.0 22.0 
28.0 24.0 16.0 14.0 10.0 3.0 0 7.0 8.0 10.0 9.0 4.0 30.0 61.0 59.0 39.0 32.0 25.0 
35.0 31.0 23.0 21.0 17.0 10.0 7.0 0 1.0 3.0 16.0 11.0 37.0 68.0 66.0 46.0 39.0 32.0 
36.0 30.0 24.0 22.0 18.0 11.0 8.0 1.0 0 2.0 15.0 12.0 38.0 69.0 67.0 47.0 40.0 33.0 
34.0 28.0 22.0 20.0 16.0 9.0 10.0 3.0 2.0 0 13.0 10.0 36.0 67.0 65.0 45.0 38.0 31.0 
31.0 27.0 19.0 17.0 13.0 6.0 9.0 16.0 15.0 13.0 0 7.0 33.0 64.0 62.0 42.0 35.0 28.0 
24.0 20.0 12.0 10.0 6.0 1.0 4.0 11.0 12.0 10.0 7.0 0 26.0 57.0 55.0 35.0 28.0 21.0 
50.0 46.0 38.0 36.0 32.0 27.0 30.0 37.0 38.0 36.0 33.0 26.0 0 41.0 43.0 61.0 54.0 47.0 
39.0 45.0 53.0 55.0 59.0 58.0 61.0 68.0 69.0 67.0 64.0 57.0 41.0 0 2.0 22.0 33.0 36.0 
37.0 43.0 51.0 53.0 57.0 56.0 59.0 66.0 67.0 65.0 62.0 55.0 43.0 2.0 0 20.0 31.0 34.0 
17.0 23.0 31.0 33.0 37.0 36.0 39.0 46.0 47.0 45.0 42.0 35.0 61.0 22.0 20.0 0 11.0 14.0 
10.0 16.0 24.0 26.0 30.0 29.0 32.0 39.0 40.0 38.0 35.0 28.0 54.0 33.0 31.0 11.0 0 7.0 
3.0 9.0 17.0 19.0 23.0 22.0 25.0 32.0 33.0 31.0 28.0 21.0 47.0 36.0 34.0 14.0 7.0 0 
