13
Visitacion Malaut Hueytown Gisborne Sun Sungurlu Glogovac Zgorzelec Hudiksvall Portogruaro Beveren Stade Lesnoy
0 520.8159 672.66268 910.58747 996.50857 864.76669 614.00828 1403.03669 901.92412 1211.91698 805.50658 1213.52439 551.16455 
520.8159 0 532.27588 962.47319 1041.21391 683.51202 1134.82418 1197.80391 828.55442 1071.53018 600.2738 1109.16364 1071.98045 
672.66268 532.27588 0 987.75623 508.93803 999.89752 717.22117 844.57612 506.22234 539.2543 629.98111 694.30851 605.25314 
910.58747 962.47319 987.75623 0 619.5003 860.45732 827.4846 1578.4046 609.53793 557.17227 980.87449 718.59344 844.66393 
996.50857 1041.21391 508.93803 619.5003 0 816.641 1226.1592 1140.8345199999999 909.64252 1048.1923299999999 543.30441 1052.19425 1114.19117 
864.76669 683.51202 999.89752 860.45732 816.641 0 1274.36041 1171.82062 924.7962 1153.54124 574.29051 1083.18035 881.95538 
614.00828 1134.82418 717.22117 827.4846 1226.1592 1274.36041 0 1511.30787 944.07606 1256.4754699999999 913.77776 1111.68458 1165.17283 
1403.03669 1197.80391 844.57612 1578.4046 1140.8345199999999 1171.82062 1511.30787 0 1318.6399000000001 1176.78084 597.53011 1106.41995 1449.82926 
901.92412 828.55442 506.22234 609.53793 909.64252 924.7962 944.07606 1318.6399000000001 0 515.49076 856.61377 880.72146 859.78688 
1211.91698 1071.53018 539.2543 557.17227 1048.1923299999999 1153.54124 1256.4754699999999 1176.78084 515.49076 0 579.25073 651.93704 1144.5074399999999 
805.50658 600.2738 629.98111 980.87449 543.30441 574.29051 913.77776 597.53011 856.61377 579.25073 0 508.88984 989.80982 
1213.52439 1109.16364 694.30851 718.59344 1052.19425 1083.18035 1111.68458 1106.41995 880.72146 651.93704 508.88984 0 1299.56165 
551.16455 1071.98045 605.25314 844.66393 1114.19117 881.95538 1165.17283 1449.82926 859.78688 1144.5074399999999 989.80982 1299.56165 0 
