59
69 7 51 170 49 109 38 31 133 21 120 67 17 61 46 32 13 79 36 44 60 107 15 179 75 110 68 85 23 34 140 83 92 94 137 156 167 181 191 117 148 182 114 136 73 189 82 177 56 96 188 35 174 81 127 37 55 30 108
0 2.11733 2.43198 3.8933799999999996 5.29519 6.46497 5.66191 5.24338 3.68814 4.25998 8.2335 5.50462 6.12005 7.130739999999999 5.91247 4.4186 4.32076 5.50135 9.13809 4.87548 6.34033 5.50881 8.22606 9.29719 11.79243 11.45084 13.09776 13.79354 12.08936 9.94545 12.13731 10.82332 12.76181 11.1363 11.91573 14.63324 15.837190000000001 16.88326 15.41844 16.55997 14.57214 14.71201 18.55282 12.75124 7.229 8.24047 8.57226 7.25165 7.64301 8.19625 11.60279 13.361180000000001 12.10688 10.13517 11.252859999999998 7.448919999999999 6.34093 3.5386100000000003 1.40215 
2.11733 0 0.31465 1.7760500000000001 3.17786 4.34764 4.577019999999999 4.15849 3.77683 3.74739 7.72091 7.62179 8.23722 6.71487 5.57521 4.11777 6.1899 6.84393 9.898499999999999 5.63518 4.223 4.43279 7.04389 7.45603 9.69625 9.60739 11.12833 11.71175 9.97777 7.87492 10.115079999999999 9.43609 11.29039 9.31556 10.67621 13.96515 15.25417 15.954699999999999 14.39021 15.398019999999999 13.40411 13.48033 17.26643 12.56899 6.70369 7.97241 8.56789 7.10749 7.34308 8.6666 12.50518 14.16825 13.14358 11.434339999999999 11.723210000000002 7.50403 5.41721 2.61489 3.0723599999999998 
2.43198 0.31465 0 1.4614 2.86321 4.6622900000000005 4.776089999999999 4.357559999999999 3.46218 3.84051 7.814030000000001 7.78146 8.39689 6.97344 5.26056 4.00717 6.4047 6.52928 10.042750000000002 5.94983 4.28712 4.11814 6.72924 7.7706800000000005 9.45791 9.29274 10.87636 11.50559 10.032459999999999 7.874560000000001 10.04119 9.560220000000001 11.42226 9.616499999999998 10.87379 14.05441 15.34388 16.12131 14.61448 15.55903 13.56485 13.66493 17.40288 12.8418 6.92865 8.24675 8.86839 7.422140000000001 7.63115 8.981250000000001 12.81983 14.4829 13.45755 11.67415 12.037860000000002 7.81529 5.731859999999999 2.92954 2.75771 
3.89338 1.7760500000000001 1.4614 0 1.40181 3.77783 5.1342300000000005 5.23303 4.923579999999999 5.30191 8.96685 9.24286 9.67547 8.1365 5.58259 5.46857 7.53158 7.99068 11.3933 7.11323 5.3931000000000004 4.48611 6.12368 6.70625 8.67448 8.2192 10.12708 10.9945 8.57106 6.41316 8.64866 8.09882 10.132719999999999 8.1551 9.61289 13.16571 14.2678 14.9022 13.35859 14.29764 12.294910000000002 12.331719999999999 16.10044 12.12774 6.12927 7.6903500000000005 8.30584 6.9649 7.06894 8.76312 12.97621 14.50183 13.54869 11.59807 11.81851 7.6587700000000005 5.44729 2.64497 3.52237 
5.29519 3.17786 2.86321 1.40181 0 2.37602 3.7324200000000003 3.83122 5.67199 5.55797 8.99941 9.47663 10.04554 8.51326 5.72887 4.92083 7.43479 7.42737 10.93557 7.127420000000001 4.65618 4.40127 5.61442 5.70047 7.7581500000000005 7.44813 9.15581 9.84619 8.496220000000001 6.42446 8.74016 8.23291 10.85089 9.22309 10.62322 14.21775 15.50722 16.03546 14.481729999999999 15.387319999999999 13.36157 13.35098 17.01285 13.52955 7.50642 9.0675 9.70739 8.23825 8.470749999999999 10.13442 14.24869 15.90364 14.85401 12.999 13.18995 9.02036 6.78828 4.04678 4.42688 
6.46497 4.34764 4.6622900000000005 3.77783 2.37602 0 3.45635 3.87488 5.2758400000000005 7.68632 11.06372 11.76421 12.35771 10.81925 7.79222 6.9851399999999995 9.46714 9.52103 12.64439 8.93845 6.8197399999999995 3.29516 3.2383999999999995 3.32445 5.389950000000001 5.37057 6.787609999999999 7.47017 6.37015 4.98877 7.28079 7.24637 10.62673 9.7423 10.999080000000001 14.83782 16.10874 16.31509 14.7506 15.52698 13.48722 13.3903 16.84655 14.72082 8.89209 10.39881 11.27599 9.83079 10.05235 11.99614 16.29633 17.83561 16.90304 14.96691 15.04084 10.96986 8.81922 6.0169 6.77721 
5.66191 4.577019999999999 4.77609 5.1342300000000005 3.7324200000000003 3.45635 0 0.41853 2.2593 6.4391300000000005 9.17831 9.816030000000001 9.99038 8.48597 5.990259999999999 4.83333 6.55942 6.165229999999999 9.33356 6.53984 5.35588 0.66885 3.70288 5.08807 7.944570000000001 8.14709 9.086829999999999 10.49449 9.78903 8.44512 10.71055 10.46391 13.568950000000001 11.97935 13.467379999999999 17.0223 18.311329999999998 18.83724 17.27968 18.16583 16.13536 16.15597 19.73303 16.1563 10.35743 11.58279 12.24736 10.7752 11.01012 12.55358 16.13333 17.84609 16.79342 14.821829999999999 15.50972 11.24146 9.01057 6.31782 5.90539 
5.24338 4.15849 4.357559999999999 5.23303 3.83122 3.87488 0.41853 0 1.84077 6.0206 9.54761 9.76295 10.27306 8.7802 5.57173 5.251860000000001 6.97795 5.7467 9.38344 6.69704 4.93735 1.08738 3.4091 4.87849 7.894170000000001 7.95925 8.87504 10.59329 9.81619 8.86365 10.83291 10.67895 13.861419999999999 12.29641 13.76998 17.440830000000002 18.680790000000002 19.17205 17.60953 18.48289 16.45381 16.42197 20.15156 16.55489 10.57938 12.00132 12.65157 11.19373 11.41876 12.8248 16.55186 18.26322 17.19496 15.22426 15.86499 11.65999 9.4291 6.73182 6.31669 
3.68814 3.77683 3.46218 4.92358 5.67199 5.2758400000000005 2.2593 1.84077 0 4.64371 8.10111 8.74646 9.3058 7.77079 5.60879 3.47952 6.459350000000001 5.9384999999999994 9.50009 6.23133 3.09658 1.98068 5.01471 6.47695 8.32566 8.39874 9.63349 10.60513 9.54062 8.15728 10.47298 9.62577 12.49386 11.02326 12.21788 15.71258 17.00205 17.6063 16.07413 16.97058 14.95297 14.96291 18.66779 14.76463 8.78513 10.16758 10.8108 9.40064 9.58661 11.00194 14.78444 16.52808 15.42794 13.45624 14.0351 9.82979 7.59482 4.89144 4.59444 
4.25998 3.74739 3.84051 5.30191 5.55797 7.68632 6.43913 6.0206 4.64371 0 3.97352 4.10408 4.67139 3.13293 3.16796 5.18979 2.56419 4.97433 6.62031 2.31155 3.45759 6.39192 9.06815 10.32571 12.94779 12.79474 14.2772 15.156490000000002 13.67926 11.62231 13.862470000000002 13.03598 14.539729999999999 12.48822 13.62822 16.16503 17.3622 18.50589 17.0648 18.12769 16.2669 16.42673 20.27492 14.09852 8.78135 9.64378 9.83737 8.62298 8.8291 9.20676 11.79814 13.63834 12.45823 10.96369 11.89919 8.03495 6.29053 4.90296 2.85783 
8.233500000000001 7.72091 7.814030000000001 8.96685 8.99941 11.06372 9.17831 9.54761 8.10111 3.97352 0 2.89639 3.5118199999999997 2.802 6.01047 7.1584 5.61198 7.49497 8.54105 5.3549 7.43016 9.847159999999999 12.64156 13.75328 16.02909 15.68486 17.45746 17.98911 15.941479999999999 13.57754 15.60392 13.76607 14.71142 12.45693 13.32479 15.26109 15.90146 17.43692 16.16609 17.30762 15.67869 15.95804 19.75827 11.93492 7.98343 8.5785 8.99288 7.63583 8.15143 7.50103 8.18208 10.022279999999999 8.76636 6.99017 8.79487 5.68494 7.84217 6.32188 6.8313500000000005 
5.50462 7.62179 7.78146 9.24286 9.47663 11.76421 9.816030000000001 9.76295 8.74646 4.10408 2.89639 0 0.61543 2.1544 5.36287 6.16898 3.61815 6.02829 5.99638 4.17287 7.2111 10.1195 13.1201 14.4188 17.04907 16.87689 18.37097 19.23336 17.59398 15.39758 17.53611 15.98508 17.30238 14.99027 16.03408 17.716839999999998 18.79318 20.30147 19.00606 20.14759 18.52684 18.76052 22.54486 14.83131 10.87982 11.06642 10.85017 10.53222 10.19989 9.96012 11.07847 12.26571 11.06433 9.88656 11.48027 8.58133 9.26384 7.82705 6.90677 
6.12005 8.23722 8.39689 9.67547 10.04554 12.35771 9.99038 10.27306 9.3058 4.67139 3.5118199999999997 0.61543 0 1.53897 4.74744 6.62695 3.93984 6.34998 6.61181 4.49456 7.6960999999999995 10.65923 13.675239999999999 14.96514 17.61918 17.46613 18.91609 19.82788 18.19719 16.01301 18.14897 16.60051 17.9142 15.6057 16.60055 18.19218 19.27414 20.82017 19.53213 20.65866 19.080170000000003 19.27659 23.09232 15.21231 11.49525 11.57634 11.40103 10.57168 10.7114 9.8971 10.55667 12.35276 11.21676 10.50199 11.79831 9.07322 9.09152 8.44248 7.5222 
7.130739999999999 6.71487 6.97344 8.1365 8.51326 10.81925 8.48597 8.7802 7.77079 3.13293 2.802 2.1544 1.53897 0 3.20847 5.36033 2.80998 5.21788 6.16023 3.3647 6.19469 9.134640000000001 12.13627 13.43812 16.08071 15.927669999999999 17.37712 18.28942 16.69264 14.54966 16.69822 15.22342 16.69256 14.40919 15.504570000000001 17.37793 18.51419 19.94029 18.606160000000003 19.71469 18.01918 18.23042 22.07354 14.63908 10.27509 10.72737 10.803939999999999 9.89394 9.861 9.37701 10.984079999999999 12.56103 11.35945 9.79217 11.58705 8.39877 8.08453 7.11103 5.99076 
5.91247 5.57521 5.26056 5.58259 5.72887 7.79222 5.990259999999999 5.57173 5.60879 3.16796 6.01047 5.36287 4.74744 3.20847 0 2.15186 4.72687 3.41682 6.97291 4.17215 2.98622 5.92617 8.932789999999999 10.26189 12.971210000000001 12.889520000000001 14.259630000000001 15.24887 13.917760000000001 11.995750000000001 14.19209 13.4479 15.09539 12.97574 14.24523 16.82525 18.055619999999998 19.16671 17.71612 18.82514 16.8964 17.0456 20.88934 14.743 9.751439999999999 10.357520000000001 10.54796 9.34629 9.743699999999999 9.92684 12.43403 14.27423 13.0927 11.21235 12.97777 8.74805 6.99477 5.51732 6.02579 
4.4186 4.11777 4.00717 5.468570000000001 4.92083 6.9851399999999995 4.83333 5.25186 3.47952 5.18979 7.1584 6.16898 6.62695 5.36033 2.15186 0 2.97983 5.38997 6.03558 3.5345500000000003 5.13808 4.16448 7.19234 8.66075 11.532150000000001 11.56798 12.657499999999999 13.90907 13.01851 11.31258 13.620980000000001 12.85794 15.36945 13.43333 14.78434 17.79004 19.04934 19.96276 18.45792 19.46052 17.50777 17.59219 21.38386 16.10475 10.46922 11.63669 11.9328 10.64937 11.006559999999999 11.52108 14.43442 16.27462 15.09451 13.36421 14.56524 10.34053 8.80861 6.32065 4.7657 
4.32076 6.1899 6.4047 7.53158 7.43479 9.46714 6.55942 6.97795 6.459350000000001 2.56419 5.61198 3.61815 3.93984 2.80998 4.72687 2.97983 0 2.41014 4.86348 0.55472 3.75626 7.144310000000001 10.17217 11.64058 14.46462 14.46883 15.621979999999999 16.83398 15.71868 13.82742 16.09842 15.14408 17.08257 15.05154 16.1887 18.64547 19.84795 21.051 19.614380000000004 20.69188 18.82823 18.99092 22.83902 16.58639 11.30402 12.087209999999999 12.31198 11.04946 11.29707 11.29912 13.29363 15.13383 13.95372 12.60215 14.058879999999998 10.19914 8.61266 7.46715 5.42202 
5.50135 6.84393 6.52928 7.99068 7.42737 9.52103 6.165229999999999 5.7467 5.9384999999999994 4.97433 7.49497 6.02829 6.34998 5.21788 3.41682 5.38997 2.41014 0 3.63674 2.9648600000000003 2.84192 6.834079999999999 8.98595 10.585749999999999 13.601429999999999 13.70512 14.51144 16.132089999999998 15.47912 13.79383 16.10567 15.40325 17.91336 16.14578 17.2492 20.13459 21.338540000000002 22.36115 20.865949999999998 21.95974 19.96583 20.0629 23.89405 18.14579 12.730350000000001 13.70775 13.94999 12.69652 12.937439999999999 13.34366 15.677050000000001 17.44063 16.2546 14.4357 16.069679999999998 12.13485 10.32854 8.93414 6.88309 
9.13809 9.898499999999999 10.042750000000002 11.3933 10.93557 12.64439 9.33356 9.38344 9.50009 6.62031 8.54105 5.99638 6.61181 6.16023 6.97291 6.03558 4.86348 3.63674 0 4.30876 6.47866 9.74569 12.62269 14.14047 17.13266 17.3338 18.11076 19.61982 19.01454 17.34798 19.65612 18.8855 21.04152 18.93805 20.202759999999998 22.63761 23.829729999999998 25.05549 23.629700000000003 24.69986 22.85494 23.00422 26.84975 20.29091 15.310130000000001 16.06747 16.08072 15.04609 15.20607 15.219149999999999 16.37987 18.1955 16.99462 15.399540000000002 17.3337 13.99175 12.686110000000001 11.47485 9.42645 
4.87548 5.63518 5.94983 7.11323 7.127420000000001 8.93845 6.53984 6.69704 6.23133 2.31155 5.3549 4.17287 4.49456 3.3647 4.17215 3.5345500000000003 0.55472 2.9648600000000003 4.30876 0 3.20488 7.07928 10.033119999999998 11.088799999999999 13.9453 13.92663 15.06726 16.27926 15.21158 13.35257 15.62507 14.59885 16.74564 14.79977 15.90853 18.465490000000003 19.67246 20.81531 19.37037 20.43924 18.56002 18.70418 22.5497 16.4069 11.09284 11.9345 12.08644 10.91205 11.118780000000001 11.28365 13.53698 15.30555 14.11691 12.30599 13.92957 10.239840000000001 8.48511 7.214510000000001 5.16938 
6.34033 4.223 4.28712 5.3931000000000004 4.65618 6.8197399999999995 5.35588 4.93735 3.09658 3.45759 7.43016 7.2111 7.6960999999999995 6.19469 2.98622 5.13808 3.75626 2.84192 6.47866 3.20488 0 5.07726 8.11129 9.5093 10.8483 10.95218 11.935369999999999 13.33287 12.6372 10.968679999999999 13.27906 12.67142 15.34983 13.4965 14.89921 18.04101 19.33048 20.16302 18.61207 19.60444 17.61053 17.67086 21.43643 16.52411 10.92669 12.10209 12.38035 11.1309 11.23479 12.08904 15.22332 16.9436 15.8074 13.93555 14.98508 10.912210000000002 8.82347 6.83789 5.2727 
5.50881 4.432790000000001 4.11814 4.48611 4.40127 3.29516 0.66885 1.08738 1.98068 6.39192 9.847159999999999 10.1195 10.65923 9.134640000000001 5.92617 4.16448 7.144310000000001 6.83408 9.74569 7.07928 5.07726 0 3.03403 4.49627 7.511950000000001 7.6099499999999995 8.49302 9.88184 9.66531 8.28393 10.54857 10.46836 13.66267 12.22981 13.670169999999999 17.33201 18.621480000000002 19.07693 17.51438 18.37855 16.34419 16.40643 19.93772 16.60387 10.61538 12.148259999999999 12.736279999999999 11.26307 11.499039999999999 12.96436 16.75229 18.44592 17.39862 15.42691 16.01578 11.810469999999999 9.5755 6.872120000000001 6.57424 
8.22606 7.043890000000001 6.729240000000001 6.12368 5.614419999999999 3.2383999999999995 3.70288 3.4091 5.01471 9.06815 12.64156 13.1201 13.675239999999999 12.13627 8.932789999999999 7.19234 10.17217 8.98595 12.62269 10.033119999999998 8.11129 3.03403 0 1.9565299999999999 4.9722100000000005 5.05101 5.52577 7.29446 7.5686800000000005 7.11663 9.13542 9.77581 13.40606 12.38798 13.80515 17.91531 19.16138 19.24105 17.68519 18.42502 16.39084 16.28279 19.54562 17.80844 11.91435 13.475430000000001 14.28741 12.83131 13.10597 14.886800000000001 19.01103 20.61305 19.63697 17.67608 17.92362 13.782409999999999 11.55997 8.75873 9.040709999999999 
9.29719 7.45603 7.7706800000000005 6.70625 5.70047 3.32445 5.08807 4.87849 6.47695 10.32571 13.75328 14.4188 14.96514 13.43812 10.26189 8.66075 11.64058 10.585749999999999 14.14047 11.088799999999999 9.5093 4.49627 1.9565299999999999 0 3.01568 3.46086 3.99876 6.45471 6.16096 6.33258 7.923719999999999 8.91805 12.6449 11.91179 13.28736 17.49422 18.73485 18.64429 17.1543 17.790399999999998 15.74922 15.56407 18.6591 17.785809999999998 12.12852 13.60078 14.51883 13.13121 13.35277 15.30146 19.61925 21.14787 20.22677 18.28853 18.32599 14.283270000000002 12.14367 9.34135 10.10166 
11.79243 9.69625 9.45791 8.67448 7.7581500000000005 5.38995 7.944570000000001 7.894170000000001 8.32566 12.94779 16.02909 17.04907 17.61918 16.08071 12.971210000000001 11.532150000000001 14.46462 13.60143 17.13266 13.9453 10.8483 7.511950000000001 4.9722100000000005 3.01568 0 1.07207 5.445209999999999 7.901159999999999 5.32481 5.440119999999999 6.34882 8.139 11.8987 11.72971 12.98585 17.29386 18.48357 18.03248 16.54878 17.02157 15.13658 14.85375 17.49262 18.30858 12.96383 14.52221 15.51663 14.21631 14.49417 16.61592 21.15511 22.54701 21.802860000000003 19.85093 19.52822 15.70506 13.66764 11.08171 12.10122 
11.45084 9.60739 9.29274 8.2192 7.44813 5.37057 8.14709 7.95925 8.39874 12.79474 15.68486 16.87689 17.46613 15.927669999999999 12.889520000000001 11.56798 14.46883 13.70512 17.3338 13.92663 10.95218 7.6099499999999995 5.05101 3.46086 1.07207 0 4.373139999999999 6.829089999999999 5.61865 4.36805 5.605700000000001 7.06693 10.82663 10.72473 11.99659 16.25999 17.438760000000002 16.96041 15.496659999999999 15.95668 14.06451 13.78168 16.42055 17.35326 12.15979 13.69047 14.712589999999999 13.42294 13.622639999999999 15.919229999999999 20.479 21.84623 21.0415 19.18778 18.74059 15.05383 13.04417 10.54911 11.741530000000001 
13.09776 11.12833 10.87636 10.12708 9.155809999999999 6.787609999999999 9.086829999999999 8.87504 9.63349 14.2772 17.45746 18.37097 18.91609 17.37712 14.25963 12.657499999999999 15.621979999999999 14.51144 18.11076 15.06726 11.935369999999999 8.49302 5.52577 3.99876 5.445209999999999 4.373139999999999 0 2.45595 5.24758 6.92585 7.49662 9.55685 13.20818 13.287220000000001 14.421890000000001 18.73683 19.86867 19.3284 17.892310000000002 18.35633 16.46121 16.1504 18.63024 19.83811 14.53927 16.093040000000002 17.09 15.79869 15.96013 18.1917 22.73292 24.11985 23.29638 21.41647 21.09627 17.29253 15.259430000000002 12.618500000000001 13.56482 
13.79354 11.71175 11.50559 10.9945 9.84619 7.47017 10.49449 10.59329 10.60513 15.156490000000002 17.98911 19.23336 19.82788 18.28942 15.24887 13.90907 16.83398 16.132089999999998 19.61982 16.27926 13.33287 9.88184 7.29446 6.45471 7.90116 6.82909 2.45595 0 3.48339 5.65795 5.68018 8.01428 11.55019 11.89937 12.96297 17.25228 18.33317 17.58911 16.22051 16.54537 14.77333 14.42428 16.60393 18.81351 13.96083 15.52191 16.49702 15.40693 15.45354 17.81602 22.46622 23.73127 22.99463 21.209699999999998 20.56765 17.01871 15.12712 12.93777 14.01741 
12.08936 9.97777 10.032459999999999 8.57106 8.496220000000001 6.37015 9.78903 9.81619 9.54062 13.67926 15.94148 17.59398 18.19719 16.69264 13.917760000000001 13.01851 15.71868 15.47912 19.014539999999997 15.21158 12.6372 9.66531 7.5686800000000005 6.16096 5.32481 5.61865 5.24758 3.48339 0 2.8428 2.64992 4.53089 8.31987 8.5811 9.48255 13.8074 14.85493 14.16951 12.774709999999999 13.12546 11.32753 11.11009 13.39344 15.468119999999999 10.871 12.28311 13.3569 12.41377 12.39328 14.82552 19.51028 20.66069 20.01353 18.29341 17.43942 14.1174 12.47399 10.36972 12.018070000000002 
9.94545 7.87492 7.874560000000001 6.41316 6.42446 4.98877 8.44512 8.86365 8.15728 11.62231 13.57754 15.39758 16.01301 14.54966 11.995750000000001 11.31258 13.82742 13.79383 17.34798 13.35257 10.968679999999999 8.28393 7.11663 6.33258 5.44012 4.36805 6.92585 5.65795 2.8428 0 2.3157 4.20139 6.64046 6.41704 7.73777 11.96742 13.12252 12.74538 11.277840000000001 11.78861 9.90809 9.59768 12.5393 13.16219 8.38593 9.94701 10.89424 9.74898 10.2043 12.32198 17.007460000000002 18.17784 17.50959 15.77418 14.97572 11.60216 9.93467 8.07083 9.70027 
12.13731 10.115079999999999 10.04119 8.64866 8.74016 7.28079 10.71055 10.83291 10.47298 13.862469999999998 15.60392 17.53611 18.14897 16.69822 14.19209 13.620980000000001 16.09842 16.10567 19.65612 15.62507 13.27906 10.54857 9.13542 7.923719999999999 6.34882 5.605700000000001 7.49662 5.68018 2.64992 2.3157 0 2.59342 5.87001 6.596209999999999 7.3879 11.625359999999999 12.716069999999998 11.9221 10.540329999999999 10.964649999999999 9.09315 8.7441 11.16334 13.51747 9.56067 10.84329 11.923829999999999 11.05109 11.08492 13.561620000000001 18.23457 19.24974 18.69089 17.07814 15.96903 12.99123 11.56925 10.12136 11.79756 
10.82332 9.43609 9.56022 8.09882 8.23291 7.24637 10.46391 10.67895 9.62577 13.03598 13.76607 15.98508 16.60051 15.22342 13.4479 12.85794 15.14408 15.40325 18.8855 14.59885 12.67142 10.46836 9.77581 8.91805 8.139 7.06693 9.55685 8.01428 4.53089 4.20139 2.59342 0 3.78898 5.01227 4.95166 9.27651 10.455960000000001 9.90524 8.42973 8.93713 7.28418 6.74834 9.76981 10.93723 7.13153 8.33119 9.40668 8.53923 8.6369 11.11223 15.775089999999999 16.72439 16.19499 14.633199999999999 13.42369 10.62986 9.41507 8.17415 10.310609999999999 
12.76181 11.29039 11.42226 10.132719999999999 10.85089 10.62673 13.568950000000001 13.861419999999999 12.49386 14.539729999999999 14.71142 17.30238 17.9142 16.69256 15.09539 15.36945 17.08257 17.91336 21.04152 16.74564 15.34983 13.66267 13.40606 12.6449 11.8987 10.82663 13.20818 11.55019 8.31987 6.64046 5.87001 3.78898 0 2.37049 2.7463699999999998 5.83178 7.12125 6.25208 4.68759 5.14815 4.88598 5.25815 6.35437 8.61469 6.963 7.4608 8.3882 8.102979999999999 8.09958 10.34765 14.63143 15.19805 14.93606 13.71273 11.93642 10.28671 9.84424 9.67825 11.80847 
11.1363 9.31556 9.616499999999998 8.1551 9.22309 9.7423 11.97935 12.29641 11.02326 12.48822 12.45693 14.99027 15.6057 14.40919 12.97574 13.43333 15.05154 16.14578 18.93805 14.79977 13.4965 12.22981 12.38798 11.91179 11.72971 10.72473 13.287220000000001 11.89937 8.5811 6.41704 6.596209999999999 5.01227 2.37049 0 1.59393 5.59239 6.824339999999999 6.90481 5.34032 6.18648 4.1574 4.17662 7.95446 7.02673 4.69524 5.19091 6.27145 5.7795 5.7761 8.11003 12.51886 13.23851 12.87364 11.53561 9.947529999999999 7.963229999999999 9.03516 7.59769 9.73415 
11.91573 10.67621 10.87379 9.61289 10.62322 10.999080000000001 13.467379999999999 13.76998 12.21788 13.62822 13.32479 16.03408 16.60055 15.504570000000001 14.245230000000001 14.78434 16.1887 17.2492 20.20276 15.90853 14.89921 13.670169999999999 13.80515 13.28736 12.98585 11.99659 14.421890000000001 12.96297 9.48255 7.73777 7.3879 4.95166 2.7463699999999998 1.59393 0 4.32485 5.504300000000001 5.46564 3.9931900000000002 4.77953 2.73835 2.8137 6.66676 6.74588 5.35221 5.6862699999999995 6.49086 6.39599 6.38531 8.53875 12.76262 13.162279999999999 12.93572 11.763110000000001 10.06761 8.55136 8.39203 8.727910000000001 10.81037 
14.63324 13.96515 14.05441 13.16571 14.21775 14.83782 17.0223 17.440830000000002 15.71258 16.16503 15.26109 17.716839999999998 18.19218 17.37793 16.82525 17.79004 18.64547 20.134590000000003 22.63761 18.465490000000003 18.04101 17.33201 17.91531 17.49422 17.29386 16.25999 18.73683 17.25228 13.807400000000001 11.96742 11.625359999999999 9.27651 5.83178 5.59239 4.32485 0 1.28947 2.75856 3.90262 5.04415 4.13139 3.59555 6.13523 6.28919 7.570830000000001 7.0728100000000005 8.14582 8.11056 7.51695 8.61987 11.52051 11.435369999999999 11.59326 11.06218 8.63016 9.61044 10.91239 11.48121 13.503050000000002 
15.83719 15.25417 15.34388 14.2678 15.50722 16.10874 18.311329999999998 18.680790000000002 17.00205 17.3622 15.90146 18.79318 19.27414 18.51419 18.05562 19.04934 19.84795 21.338540000000002 23.829729999999998 19.67246 19.33048 18.62148 19.16138 18.73485 18.48357 17.438760000000002 19.86867 18.33317 14.85493 13.12252 12.716069999999998 10.455960000000001 7.12125 6.824339999999999 5.504300000000001 1.28947 0 2.24628 3.8107699999999998 4.952299999999999 4.37812 4.745419999999999 5.61451 7.57865 8.60819 8.36227 8.66007 8.8378 8.80642 9.90934 12.62071 11.81079 12.28044 11.74808 9.23043 10.26092 11.27999 12.72934 14.52829 
16.88326 15.954699999999999 16.12131 14.9022 16.03546 16.31509 18.83724 19.17205 17.6063 18.50589 17.43692 20.30147 20.82017 19.94029 19.16671 19.96276 21.051000000000002 22.36115 25.05549 20.81531 20.16302 19.07693 19.24105 18.64429 18.03248 16.96041 19.3284 17.58911 14.16951 12.74538 11.9221 9.90524 6.25208 6.90481 5.46564 2.75856 2.24628 0 1.56449 2.7060199999999996 2.90496 3.17873 3.37667 6.96384 9.780380000000001 9.29936 9.59703 10.24849 10.16666 11.35813 14.21903 14.03698 14.35182 13.80416 11.35031 11.917 12.68246 13.70599 15.64825 
15.41844 14.39021 14.61448 13.35859 14.481729999999999 14.7506 17.27968 17.60953 16.07413 17.0648 16.16609 19.00606 19.53213 18.606160000000003 17.71612 18.45792 19.61438 20.865949999999998 23.629700000000003 19.37037 18.61207 17.51438 17.68519 17.1543 16.54878 15.496659999999999 17.892310000000002 16.220509999999997 12.774709999999999 11.277840000000001 10.540329999999999 8.42973 4.68759 5.34032 3.9931900000000002 3.90262 3.8107699999999998 1.56449 0 1.14153 1.44718 1.9830199999999998 3.8508 6.14647 8.3527 7.98072 8.69295 8.982949999999999 8.84802 10.37501 13.7291 13.53913 13.65038 13.01257 10.76638 10.77745 11.33022 12.23014 14.207799999999999 
16.55997 15.398019999999999 15.55903 14.29764 15.387319999999999 15.52698 18.16583 18.48289 16.97058 18.12769 17.30762 20.14759 20.65866 19.71469 18.82514 19.46052 20.69188 21.95974 24.69986 20.43924 19.60444 18.37855 18.42502 17.790399999999998 17.02157 15.95668 18.35633 16.54537 13.12546 11.78861 10.964649999999999 8.93713 5.14815 6.18648 4.77953 5.04415 4.952299999999999 2.7060199999999996 1.14153 0 2.04118 2.57702 2.76328 7.16679 9.49423 9.11649 9.58508 10.12448 9.98379 11.516539999999999 14.63183 14.54626 14.714409999999999 14.111910000000002 11.71941 11.918980000000001 12.47175 13.37167 15.34933 
14.57214 13.40411 13.56485 12.294910000000002 13.36157 13.48722 16.13536 16.45381 14.95297 16.2669 15.67869 18.52684 19.08017 18.01918 16.8964 17.50777 18.82823 19.96583 22.85494 18.56002 17.61053 16.34419 16.39084 15.74922 15.13658 14.06451 16.46121 14.77333 11.32753 9.90809 9.09315 7.28418 4.88598 4.1574 2.73835 4.13139 4.37812 2.90496 1.44718 2.04118 0 0.53584 4.07958 7.02602 7.78725 7.61941 8.699950000000001 8.539950000000001 8.48671 10.225629999999999 13.82091 14.00185 13.99205 13.15138 10.94812 10.51297 10.75308 11.38064 13.5017 
14.71201 13.48033 13.664929999999998 12.331719999999999 13.35098 13.3903 16.15597 16.42197 14.96291 16.42673 15.95804 18.76052 19.27659 18.23042 17.0456 17.59219 18.99092 20.0629 23.00422 18.70418 17.67086 16.40643 16.28279 15.56407 14.85375 13.78168 16.1504 14.42428 11.11009 9.59768 8.7441 6.74834 5.25815 4.17662 2.8137 3.59555 4.745419999999999 3.17873 1.9830199999999998 2.57702 0.53584 0 3.85306 7.24856 8.02093 8.15525 8.98659 9.075790000000001 8.76793 10.76147 14.29277 14.504760000000001 14.508140000000001 13.62039 11.48396 11.04881 11.18831 11.53009 13.60665 
18.55282 17.26643 17.40288 16.10044 17.01285 16.84655 19.73303 20.15156 18.66779 20.27492 19.75827 22.54486 23.09232 22.07354 20.88934 21.38386 22.83902 23.89405 26.84975 22.5497 21.43643 19.93772 19.54562 18.6591 17.49262 16.42055 18.63024 16.60393 13.39344 12.5393 11.16334 9.76981 6.35437 7.95446 6.66676 6.13523 5.61451 3.37667 3.8508 2.76328 4.07958 3.85306 0 9.93007 11.80517 11.69899 12.346710000000002 12.61953 12.56629 14.22581 17.37454 17.30954 17.46181 16.85016 14.48086 14.49831 14.83266 15.37498 17.44877 
12.75124 12.56899 12.8418 12.12774 13.529549999999999 14.72082 16.1563 16.55489 14.76463 14.09852 11.93492 14.83131 15.21231 14.63908 14.743 16.10475 16.586389999999998 18.14579 20.29091 16.4069 16.52411 16.60387 17.80844 17.785809999999998 18.30858 17.353260000000002 19.83811 18.81351 15.468119999999999 13.16219 13.51747 10.93723 8.61469 7.02673 6.74588 6.28919 7.57865 6.96384 6.14647 7.16679 7.02602 7.24856 9.93007 0 6.15813 4.59705 5.20929 5.6348 5.28932 5.33101 8.16141 7.3928 7.669919999999999 7.13614 4.61991 6.44375 8.08123 9.97239 11.359210000000001 
7.229 6.70369 6.92865 6.12927 7.50642 8.89209 10.35743 10.57938 8.78513 8.78135 7.98343 10.87982 11.49525 10.27509 9.751439999999999 10.46922 11.30402 12.730350000000001 15.310130000000001 11.09284 10.92669 10.61538 11.91435 12.12852 12.96383 12.15979 14.53927 13.96083 10.871 8.38593 9.56067 7.13153 6.963 4.69524 5.35221 7.570830000000001 8.60819 9.780380000000001 8.3527 9.49423 7.78725 8.02093 11.80517 6.15813 0 1.56108 2.5528 2.59883 2.4283799999999998 4.842770000000001 8.67997 9.79191 9.23893 7.52241 6.608599999999999 4.4546399999999995 5.361800000000001 4.23412 5.93222 
8.24047 7.97241 8.24675 7.6903500000000005 9.0675 10.39881 11.58279 12.00132 10.16758 9.64378 8.5785 11.06642 11.57634 10.72737 10.357520000000001 11.63669 12.087209999999999 13.70775 16.06747 11.9345 12.10209 12.148259999999999 13.475430000000001 13.60078 14.52221 13.69047 16.093040000000002 15.52191 12.28311 9.94701 10.84329 8.33119 7.4608 5.19091 5.6862699999999995 7.0728100000000005 8.36227 9.29936 7.98072 9.11649 7.61941 8.15525 11.69899 4.59705 1.56108 0 1.08054 1.03775 0.8673 3.3440000000000003 7.4439 8.40645 7.86462 6.376580000000001 5.15654 2.89356 4.79693 5.37647 6.87099 
8.57226 8.56789 8.86839 8.30584 9.70739 11.27599 12.24736 12.65157 10.8108 9.83737 8.99288 10.85017 11.40103 10.803939999999999 10.54796 11.9328 12.31198 13.94999 16.08072 12.08644 12.38035 12.73628 14.28741 14.51883 15.51663 14.712589999999999 17.09 16.49702 13.3569 10.89424 11.923829999999999 9.40668 8.3882 6.27145 6.49086 8.14582 8.66007 9.59703 8.69295 9.58508 8.699950000000001 8.986590000000001 12.346710000000002 5.20929 2.5528 1.08054 0 2.11829 1.23724 3.1973599999999998 6.38595 7.32596 7.0460400000000005 5.53545 4.08252 3.41821 3.71639 5.953 7.2399700000000005 
7.25165 7.10749 7.422140000000001 6.9649 8.23825 9.83079 10.7752 11.19373 9.40064 8.62298 7.63583 10.53222 10.57168 9.89394 9.34629 10.649370000000001 11.04946 12.69652 15.04609 10.91205 11.1309 11.26307 12.83131 13.13121 14.21631 13.42294 15.79869 15.40693 12.41377 9.74898 11.05109 8.53923 8.102979999999999 5.7795 6.39599 8.11056 8.8378 10.24849 8.982949999999999 10.124479999999998 8.539950000000001 9.075790000000001 12.619530000000001 5.6348 2.59883 1.03775 2.11829 0 1.90505 3.8423300000000005 7.29179 8.493780000000001 7.76578 6.11435 5.7712200000000005 3.93131 5.8346800000000005 4.5092 5.88367 
7.64301 7.34308 7.63115 7.06894 8.470749999999999 10.05235 11.01012 11.41876 9.58661 8.8291 8.151430000000001 10.19989 10.7114 9.861 9.743699999999999 11.00656 11.29707 12.937439999999999 15.20607 11.118780000000001 11.23479 11.499039999999999 13.10597 13.35277 14.49417 13.622639999999999 15.96013 15.45354 12.39328 10.2043 11.08492 8.6369 8.09958 5.7761 6.38531 7.51695 8.80642 10.16666 8.84802 9.98379 8.48671 8.76793 12.56629 5.28932 2.4283799999999998 0.8673 1.23724 1.90505 0 2.4767 7.15209 8.298259999999999 7.63504 5.99676 5.14775 3.76086 4.95363 4.72819 6.2408600000000005 
8.19625 8.6666 8.981250000000001 8.76312 10.13442 11.99614 12.55358 12.8248 11.00194 9.20676 7.50103 9.96012 9.8971 9.37701 9.92684 11.52108 11.29912 13.34366 15.219149999999999 11.28365 12.08904 12.96436 14.886800000000001 15.30146 16.61592 15.919229999999999 18.1917 17.81602 14.82552 12.32198 13.561620000000001 11.11223 10.34765 8.11003 8.53875 8.61987 9.90934 11.35813 10.37501 11.516539999999999 10.225629999999999 10.76147 14.22581 5.33101 4.84277 3.3440000000000003 3.1973599999999998 3.8423300000000005 2.4767 0 4.68853 5.93109 5.18801 3.83552 3.05661 2.3818200000000003 4.62384 6.2489099999999995 6.906440000000001 
11.60279 12.50518 12.81983 12.97621 14.24869 16.29633 16.13333 16.55186 14.78444 11.79814 8.18208 11.07847 10.55667 10.984079999999999 12.43403 14.43442 13.29363 15.67705 16.37987 13.53698 15.22332 16.75229 19.01103 19.61925 21.15511 20.479 22.73292 22.46622 19.51028 17.007460000000002 18.23457 15.775089999999999 14.63143 12.51886 12.76262 11.52051 12.62071 14.21903 13.7291 14.63183 13.82091 14.29277 17.37454 8.16141 8.67997 7.4439 6.38595 7.29179 7.15209 4.68853 0 1.8402 0.66009 2.6318 3.5932899999999997 5.46927 7.71129 10.46259 11.194590000000002 
13.361180000000001 14.16825 14.4829 14.50183 15.90364 17.83561 17.84609 18.26322 16.52808 13.63834 10.02228 12.26571 12.35276 12.56103 14.27423 16.27462 15.13383 17.44063 18.1955 15.30555 16.9436 18.44592 20.61305 21.14787 22.54701 21.84623 24.11985 23.73127 20.66069 18.17784 19.24974 16.72439 15.19805 13.23851 13.162279999999999 11.435369999999999 11.81079 14.03698 13.53913 14.54626 14.00185 14.504760000000001 17.30954 7.3928 9.79191 8.40645 7.32596 8.493780000000001 8.298259999999999 5.93109 1.8402 0 2.50029 4.11257 4.16998 7.03327 9.27529 12.00122 11.95903 
12.10688 13.14358 13.45755 13.54869 14.85401 16.90304 16.79342 17.19496 15.42794 12.45823 8.76636 11.06433 11.21676 11.35945 13.0927 15.09451 13.95372 16.2546 16.99462 14.11691 15.8074 17.39862 19.63697 20.22677 21.802860000000003 21.0415 23.29638 22.99463 20.01353 17.50959 18.69089 16.19499 14.93606 12.87364 12.93572 11.59326 12.28044 14.351820000000002 13.65038 14.714409999999999 13.99205 14.508140000000001 17.46181 7.669919999999999 9.23893 7.86462 7.0460400000000005 7.76578 7.63504 5.18801 0.66009 2.50029 0 1.97171 3.05001 6.12936 8.13522 10.90372 10.88815 
10.13517 11.434339999999999 11.67415 11.59807 12.999 14.96691 14.821829999999999 15.22426 13.45624 10.96369 6.99017 9.88656 10.50199 9.79217 11.21235 13.36421 12.60215 14.4357 15.399540000000002 12.30599 13.93555 15.42691 17.67608 18.28853 19.85093 19.18778 21.41647 21.2097 18.29341 15.77418 17.07814 14.633199999999999 13.71273 11.53561 11.763110000000001 11.06218 11.74808 13.80416 13.01257 14.11191 13.15138 13.62039 16.85016 7.13614 7.52241 6.376580000000001 5.53545 6.11435 5.99676 3.83552 2.6318 4.11257 1.97171 0 2.6024 4.19099 6.21072 9.01304 8.91644 
11.252859999999998 11.723210000000002 12.037860000000002 11.81851 13.18995 15.04084 15.50972 15.86499 14.0351 11.89919 8.79487 11.48027 11.79831 11.58705 12.97777 14.56524 14.058879999999998 16.069679999999998 17.3337 13.92957 14.98508 16.01578 17.92362 18.32599 19.52822 18.74059 21.09627 20.56765 17.43942 14.97572 15.96903 13.42369 11.93642 9.947529999999999 10.06761 8.63016 9.23043 11.35031 10.76638 11.71941 10.94812 11.48396 14.48086 4.61991 6.608599999999999 5.15654 4.08252 5.7712200000000005 5.14775 3.05661 3.5932899999999997 4.16998 3.05001 2.6024 0 4.31071 6.55273 9.21658 9.89742 
7.448919999999999 7.50403 7.81529 7.6587700000000005 9.02036 10.96986 11.24146 11.65999 9.82979 8.03495 5.68494 8.58133 9.07322 8.39877 8.74805 10.34053 10.19914 12.13485 13.99175 10.239840000000001 10.912210000000002 11.810469999999999 13.782409999999999 14.283270000000002 15.70506 15.05383 17.29253 17.01871 14.1174 11.60216 12.99123 10.62986 10.28671 7.963229999999999 8.55136 9.61044 10.26092 11.917 10.77745 11.91898 10.51297 11.04881 14.49831 6.44375 4.4546399999999995 2.89356 3.41821 3.93131 3.76086 2.3818200000000003 5.46927 7.03327 6.12936 4.19099 4.31071 0 2.24202 5.03504 6.05631 
6.340929999999999 5.41721 5.73186 5.44729 6.78828 8.81922 9.01057 9.4291 7.59482 6.29053 7.84217 9.26384 9.09152 8.08453 6.99477 8.80861 8.61266 10.32854 12.686110000000001 8.48511 8.82347 9.5755 11.55997 12.14367 13.66764 13.04417 15.259430000000002 15.12712 12.47399 9.93467 11.56925 9.41507 9.84424 9.03516 8.39203 10.91239 11.27999 12.68246 11.33022 12.47175 10.75308 11.18831 14.83266 8.08123 5.361800000000001 4.79693 3.71639 5.83468 4.95363 4.62384 7.71129 9.27529 8.13522 6.21072 6.55273 2.24202 0 2.80232 4.9387799999999995 
3.5386100000000003 2.61489 2.92954 2.64497 4.04678 6.0169 6.31782 6.73182 4.89144 4.90296 6.32188 7.82705 8.44248 7.11103 5.51732 6.32065 7.46715 8.93414 11.47485 7.214510000000001 6.83789 6.872120000000001 8.75873 9.34135 11.08171 10.54911 12.618500000000001 12.93777 10.36972 8.07083 10.12136 8.17415 9.67825 7.59769 8.727910000000001 11.48121 12.72934 13.70599 12.23014 13.37167 11.38064 11.53009 15.37498 9.97239 4.23412 5.37647 5.953 4.5092 4.72819 6.2489099999999995 10.46259 12.00122 10.90372 9.01304 9.21658 5.03504 2.80232 0 2.13646 
1.40215 3.0723599999999998 2.75771 3.52237 4.42688 6.77721 5.90539 6.31669 4.59444 2.85783 6.8313500000000005 6.90677 7.5222 5.99076 6.02579 4.7657 5.42202 6.88309 9.42645 5.16938 5.2727 6.57424 9.040709999999999 10.10166 12.10122 11.741530000000001 13.56482 14.01741 12.01807 9.70027 11.79756 10.310609999999999 11.80847 9.73415 10.81037 13.503050000000002 14.52829 15.64825 14.207799999999999 15.349329999999998 13.5017 13.60665 17.44877 11.359210000000001 5.93222 6.87099 7.2399700000000005 5.88367 6.2408600000000005 6.906440000000001 11.194590000000002 11.95903 10.88815 8.91644 9.89742 6.05631 4.9387799999999995 2.13646 0 
