12
2 33 21 35 46 37 26 28 30 36 7 17
0 12.10703 9.93835 6.9979 9.57012 11.21743 16.3442 16.4161 14.96526 10.04386 6.0657 5.02848 
12.10703 0 4.57379 5.88946 6.64738 0.8896 7.80877 10.27112 15.022300000000001 11.58512 14.36844 14.13381 
9.93835 4.57379 0 2.94045 5.51267 5.4633899999999995 9.09312 11.83891 13.762329999999999 8.60426 11.492090000000001 9.63692 
6.9979 5.88946 2.94045 0 2.57222 6.779059999999999 11.38741 14.224070000000001 16.08682 11.32693 11.433 12.02638 
9.57012 6.64738 5.51267 2.57222 0 5.76063 12.64919 16.35866 18.65904 13.61468 14.00522 13.20614 
11.21743 0.8896 5.4633899999999995 6.779059999999999 5.76063 0 6.91917 11.16072 15.9119 11.59326 15.25804 13.60372 
16.3442 7.80877 9.09312 11.38741 12.64919 6.91917 0 6.87673 14.735980000000001 13.251850000000001 18.009050000000002 17.44152 
16.4161 10.27112 11.838909999999998 14.224070000000001 16.35866 11.16072 6.87673 0 7.93422 9.31139 14.77056 15.10202 
14.96526 15.022300000000001 13.762329999999999 16.08682 18.65904 15.911900000000001 14.735980000000001 7.93422 0 7.3715399999999995 10.528839999999999 11.15908 
10.04386 11.58512 8.60426 11.32693 13.61468 11.59326 13.251850000000001 9.31139 7.3715399999999995 0 5.45917 6.30034 
6.0657 14.36844 11.492090000000001 11.433 14.00522 15.25804 18.00905 14.77056 10.528839999999999 5.45917 0 5.9756 
5.02848 14.13381 9.63692 12.02638 13.20614 13.60372 17.44152 15.10202 11.15908 6.30034 5.9756 0 
