78
H3 H4 H7 H11 H12 H10 H8 H6 H9 H14 H15 H17 H16 H19 H20 H22 H23 H25 0H1 0H2 0H3 2H23 2H25 2H22 2H21 2H20 2H17 2H16 2H18 2H15 2H13 2H12 2H11 2H5 2H10 2H4 2H3 2H2 2H1 1H25 1H24 1H19 1H21 1H23 1H22 1H20 1H18 1H14 1H16 1H15 1H13 1H11 1H9 1H8 1H5 1H7 1H10 1H6 1H3 1H2 0H4 0H5 0H6 0H11 0H12 0H13 0H14 0H16 0H17 0H19 0H18 0H21 0H22 0H23 0H24 1H1 H2 L0
0 118.0 128.0 430.0 463.0 637.0 843.0 1059.0 817.0 957.0 1130.0 2565.0 1832.0 1395.0 1492.0 1672.0 2282.0 2107.0 2564.0 3214.0 3559.0 3820.0 3914.0 4652.0 5068.0 5480.0 6394.0 6385.0 5386.0 6774.0 7503.0 7661.0 8260.0 8535.0 8730.0 8029.0 7511.0 7073.0 6728.0 6078.0 5621.0 5006.0 5186.0 5508.0 5796.0 5575.0 4909.0 4644.0 6079.0 5346.0 4471.0 3977.0 4151.0 4331.0 4573.0 4357.0 3944.0 3642.0 3632.0 3514.0 3997.0 4515.0 5021.0 5216.0 4746.0 4147.0 3989.0 3260.0 2871.0 1872.0 3384.0 2566.0 2154.0 1738.0 906.0 1000.0 4514.0 7540.0 
118.0 0 10.0 312.0 345.0 519.0 725.0 941.0 699.0 839.0 1012.0 2447.0 1714.0 1277.0 1374.0 1554.0 2164.0 1989.0 2446.0 3096.0 3441.0 3702.0 3796.0 4534.0 4950.0 5362.0 6276.0 6267.0 5268.0 6656.0 7385.0 7543.0 8142.0 8417.0 8612.0 7911.0 7393.0 6955.0 6610.0 5960.0 5503.0 4888.0 5068.0 5390.0 5678.0 5457.0 4791.0 4526.0 5961.0 5228.0 4353.0 3859.0 4033.0 4213.0 4455.0 4239.0 3826.0 3524.0 3514.0 3396.0 3879.0 4397.0 4903.0 5098.0 4860.0 4261.0 4103.0 3374.0 2985.0 1986.0 3498.0 2684.0 2272.0 1856.0 1024.0 1118.0 4632.0 7658.0 
128.0 10.0 0 302.0 335.0 509.0 715.0 951.0 689.0 829.0 1002.0 2437.0 1704.0 1267.0 1364.0 1544.0 2154.0 1979.0 2436.0 3086.0 3431.0 3692.0 3786.0 4524.0 4940.0 5352.0 6266.0 6257.0 5258.0 6646.0 7375.0 7533.0 8132.0 8407.0 8602.0 7901.0 7383.0 6945.0 6600.0 5950.0 5493.0 4878.0 5058.0 5380.0 5668.0 5447.0 4781.0 4516.0 5951.0 5218.0 4343.0 3849.0 4023.0 4203.0 4445.0 4229.0 3816.0 3514.0 3504.0 3386.0 3869.0 4387.0 4893.0 5088.0 4851.0 4252.0 4094.0 3365.0 2976.0 1977.0 3489.0 2694.0 2282.0 1866.0 1034.0 1128.0 4642.0 7668.0 
430.0 312.0 302.0 0 33.0 207.0 413.0 704.0 387.0 527.0 700.0 2135.0 1402.0 965.0 1062.0 1242.0 1852.0 1677.0 2134.0 2784.0 3129.0 3390.0 3484.0 4222.0 4638.0 5050.0 5964.0 5955.0 4956.0 6344.0 7073.0 7231.0 7830.0 8105.0 8300.0 7599.0 7081.0 6643.0 6298.0 5648.0 5191.0 4576.0 4756.0 5078.0 5366.0 5145.0 4479.0 4214.0 5649.0 4916.0 4041.0 3547.0 3721.0 3901.0 4143.0 3927.0 3514.0 3212.0 3202.0 3084.0 3567.0 4085.0 4591.0 4786.0 4551.0 3952.0 3794.0 3065.0 2676.0 1677.0 3189.0 2996.0 2584.0 2168.0 1336.0 1430.0 4944.0 7970.0 
463.0 345.0 335.0 33.0 0 174.0 380.0 671.0 420.0 494.0 667.0 2102.0 1369.0 932.0 1029.0 1209.0 1819.0 1644.0 2101.0 2751.0 3096.0 3357.0 3451.0 4189.0 4605.0 5017.0 5931.0 5922.0 4923.0 6311.0 7040.0 7198.0 7797.0 8072.0 8267.0 7566.0 7048.0 6610.0 6265.0 5615.0 5158.0 4543.0 4723.0 5045.0 5333.0 5112.0 4446.0 4181.0 5616.0 4883.0 4008.0 3514.0 3688.0 3868.0 4110.0 3894.0 3481.0 3179.0 3169.0 3051.0 3534.0 4052.0 4558.0 4753.0 4584.0 3985.0 3827.0 3098.0 2709.0 1710.0 3222.0 3029.0 2617.0 2201.0 1369.0 1463.0 4977.0 8003.0 
637.0 519.0 509.0 207.0 174.0 0 206.0 497.0 304.0 668.0 841.0 2276.0 1543.0 1106.0 1203.0 1383.0 1993.0 1818.0 2275.0 2925.0 3270.0 3531.0 3625.0 4363.0 4779.0 5191.0 6105.0 6096.0 5097.0 6485.0 7214.0 7372.0 7971.0 8246.0 8441.0 7740.0 7222.0 6784.0 6439.0 5789.0 5332.0 4717.0 4897.0 5219.0 5507.0 5286.0 4620.0 4355.0 5790.0 5057.0 4182.0 3688.0 3862.0 4042.0 4284.0 4068.0 3655.0 3353.0 3343.0 3225.0 3708.0 4226.0 4732.0 4927.0 4758.0 4159.0 4001.0 3272.0 2883.0 1884.0 3396.0 3203.0 2791.0 2375.0 1543.0 1637.0 5151.0 8177.0 
843.0 725.0 715.0 413.0 380.0 206.0 0 291.0 510.0 874.0 1047.0 2482.0 1749.0 1312.0 1409.0 1589.0 2199.0 2024.0 2481.0 3131.0 3476.0 3737.0 3831.0 4569.0 4985.0 5397.0 6311.0 6302.0 5303.0 6691.0 7420.0 7578.0 8177.0 8452.0 8647.0 7946.0 7428.0 6990.0 6645.0 5995.0 5538.0 4923.0 5103.0 5425.0 5713.0 5492.0 4826.0 4561.0 5996.0 5263.0 4388.0 3894.0 4068.0 4248.0 4490.0 4274.0 3861.0 3559.0 3549.0 3431.0 3914.0 4432.0 4938.0 5133.0 4964.0 4365.0 4207.0 3478.0 3089.0 2090.0 3602.0 3409.0 2997.0 2581.0 1749.0 1843.0 5357.0 8383.0 
1059.0 941.0 951.0 704.0 671.0 497.0 291.0 0 344.0 1165.0 1338.0 2773.0 2040.0 1603.0 1700.0 1880.0 2490.0 2315.0 2772.0 3422.0 3767.0 4028.0 4122.0 4860.0 5276.0 5688.0 6602.0 6593.0 5594.0 6982.0 7711.0 7869.0 8468.0 8743.0 8938.0 8237.0 7719.0 7281.0 6936.0 6286.0 5829.0 5214.0 5394.0 5716.0 6004.0 5783.0 5117.0 4852.0 6287.0 5554.0 4679.0 4185.0 4359.0 4539.0 4781.0 4565.0 4152.0 3850.0 3840.0 3722.0 4205.0 4723.0 5229.0 5424.0 5255.0 4656.0 4498.0 3769.0 3380.0 2381.0 3893.0 3625.0 3213.0 2797.0 1965.0 2059.0 5573.0 8599.0 
817.0 699.0 689.0 387.0 420.0 304.0 510.0 344.0 0 914.0 1087.0 2522.0 1789.0 1352.0 1449.0 1629.0 2239.0 2064.0 2521.0 3171.0 3516.0 3777.0 3871.0 4609.0 5025.0 5437.0 6351.0 6342.0 5343.0 6731.0 7460.0 7618.0 8217.0 8492.0 8687.0 7986.0 7468.0 7030.0 6685.0 6035.0 5578.0 4963.0 5143.0 5465.0 5753.0 5532.0 4866.0 4601.0 6036.0 5303.0 4428.0 3934.0 4108.0 4288.0 4530.0 4314.0 3901.0 3599.0 3589.0 3471.0 3954.0 4472.0 4978.0 5173.0 4938.0 4339.0 4181.0 3452.0 3063.0 2064.0 3576.0 3383.0 2971.0 2555.0 1723.0 1817.0 5331.0 8357.0 
957.0 839.0 829.0 527.0 494.0 668.0 874.0 1165.0 914.0 0 173.0 1608.0 875.0 438.0 535.0 715.0 1325.0 1150.0 1607.0 2257.0 2602.0 2863.0 2957.0 3695.0 4111.0 4523.0 5437.0 5428.0 4429.0 5817.0 6546.0 6704.0 7303.0 7578.0 7773.0 7072.0 6554.0 6116.0 5771.0 5121.0 4664.0 4049.0 4229.0 4551.0 4839.0 4618.0 3952.0 3687.0 5122.0 4389.0 3514.0 3020.0 3194.0 3374.0 3616.0 3400.0 2987.0 2685.0 2675.0 2557.0 3040.0 3558.0 4064.0 4259.0 4396.0 4479.0 4321.0 3592.0 3203.0 2204.0 3716.0 3523.0 3111.0 2695.0 1863.0 1957.0 5471.0 8497.0 
1130.0 1012.0 1002.0 700.0 667.0 841.0 1047.0 1338.0 1087.0 173.0 0 1435.0 702.0 265.0 362.0 542.0 1152.0 977.0 1434.0 2084.0 2429.0 2690.0 2784.0 3522.0 3938.0 4350.0 5264.0 5255.0 4256.0 5644.0 6373.0 6531.0 7130.0 7405.0 7600.0 6899.0 6381.0 5943.0 5598.0 4948.0 4491.0 3876.0 4056.0 4378.0 4666.0 4445.0 3779.0 3514.0 4949.0 4216.0 3341.0 2847.0 3021.0 3201.0 3443.0 3227.0 2814.0 2512.0 2502.0 2384.0 2867.0 3385.0 3891.0 4086.0 4223.0 4652.0 4494.0 3765.0 3376.0 2377.0 3889.0 3696.0 3284.0 2868.0 2036.0 2130.0 5644.0 8670.0 
2565.0 2447.0 2437.0 2135.0 2102.0 2276.0 2482.0 2773.0 2522.0 1608.0 1435.0 0 733.0 1700.0 1797.0 1977.0 2587.0 2412.0 2869.0 3519.0 3864.0 4125.0 4219.0 4957.0 5373.0 5785.0 6699.0 6690.0 5691.0 7079.0 7808.0 7966.0 8565.0 8840.0 9035.0 8334.0 7816.0 7378.0 7033.0 6383.0 5926.0 5311.0 5491.0 5813.0 6101.0 5880.0 5214.0 4949.0 6384.0 5651.0 4776.0 4282.0 4456.0 4636.0 4878.0 4662.0 4249.0 3947.0 3937.0 3819.0 4302.0 4820.0 5326.0 5521.0 5658.0 6087.0 5929.0 5200.0 4811.0 3812.0 5324.0 5131.0 4719.0 4303.0 3471.0 3565.0 7079.0 10105.0 
1832.0 1714.0 1704.0 1402.0 1369.0 1543.0 1749.0 2040.0 1789.0 875.0 702.0 733.0 0 967.0 1064.0 1244.0 1854.0 1679.0 2136.0 2786.0 3131.0 3392.0 3486.0 4224.0 4640.0 5052.0 5966.0 5957.0 4958.0 6346.0 7075.0 7233.0 7832.0 8107.0 8302.0 7601.0 7083.0 6645.0 6300.0 5650.0 5193.0 4578.0 4758.0 5080.0 5368.0 5147.0 4481.0 4216.0 5651.0 4918.0 4043.0 3549.0 3723.0 3903.0 4145.0 3929.0 3516.0 3214.0 3204.0 3086.0 3569.0 4087.0 4593.0 4788.0 4925.0 5354.0 5196.0 4467.0 4078.0 3079.0 4591.0 4398.0 3986.0 3570.0 2738.0 2832.0 6346.0 9372.0 
1395.0 1277.0 1267.0 965.0 932.0 1106.0 1312.0 1603.0 1352.0 438.0 265.0 1700.0 967.0 0 97.0 277.0 887.0 712.0 1169.0 1819.0 2164.0 2425.0 2519.0 3257.0 3673.0 4085.0 4999.0 4990.0 3991.0 5379.0 6108.0 6266.0 6865.0 7140.0 7335.0 6634.0 6116.0 5678.0 5333.0 4683.0 4226.0 3611.0 3791.0 4113.0 4401.0 4180.0 3514.0 3249.0 4684.0 3951.0 3076.0 2582.0 2756.0 2936.0 3178.0 2962.0 2549.0 2247.0 2237.0 2119.0 2602.0 3120.0 3626.0 3821.0 3958.0 4557.0 4759.0 4030.0 3641.0 2642.0 4154.0 3961.0 3549.0 3133.0 2301.0 2395.0 5909.0 8935.0 
1492.0 1374.0 1364.0 1062.0 1029.0 1203.0 1409.0 1700.0 1449.0 535.0 362.0 1797.0 1064.0 97.0 0 180.0 790.0 615.0 1072.0 1722.0 2067.0 2328.0 2422.0 3160.0 3576.0 3988.0 4902.0 4893.0 3894.0 5282.0 6011.0 6169.0 6768.0 7043.0 7238.0 6537.0 6019.0 5581.0 5236.0 4586.0 4129.0 3514.0 3694.0 4016.0 4304.0 4083.0 3417.0 3152.0 4587.0 3854.0 2979.0 2485.0 2659.0 2839.0 3081.0 2865.0 2452.0 2150.0 2140.0 2022.0 2505.0 3023.0 3529.0 3724.0 3861.0 4460.0 4856.0 4127.0 3738.0 2739.0 4251.0 4058.0 3646.0 3230.0 2398.0 2492.0 6006.0 9032.0 
1672.0 1554.0 1544.0 1242.0 1209.0 1383.0 1589.0 1880.0 1629.0 715.0 542.0 1977.0 1244.0 277.0 180.0 0 610.0 795.0 1252.0 1902.0 2247.0 2508.0 2602.0 3340.0 3756.0 4168.0 5082.0 5073.0 4074.0 5462.0 6191.0 6349.0 6948.0 7223.0 7418.0 6717.0 6199.0 5761.0 5416.0 4766.0 4309.0 3694.0 3874.0 4196.0 4484.0 4263.0 3597.0 3332.0 4767.0 4034.0 3159.0 2665.0 2839.0 3019.0 3261.0 3045.0 2632.0 2330.0 2320.0 2202.0 2685.0 3203.0 3709.0 3904.0 4041.0 4640.0 5036.0 4307.0 3918.0 2919.0 4431.0 4238.0 3826.0 3410.0 2578.0 2672.0 6186.0 9212.0 
2282.0 2164.0 2154.0 1852.0 1819.0 1993.0 2199.0 2490.0 2239.0 1325.0 1152.0 2587.0 1854.0 887.0 790.0 610.0 0 1405.0 1862.0 2512.0 2857.0 3118.0 3212.0 3950.0 4366.0 4778.0 5692.0 5683.0 4684.0 6072.0 6801.0 6959.0 7558.0 7833.0 8028.0 7327.0 6809.0 6371.0 6026.0 5376.0 4919.0 4304.0 4484.0 4806.0 5094.0 4873.0 4207.0 3942.0 5377.0 4644.0 3769.0 3275.0 3449.0 3629.0 3871.0 3655.0 3242.0 2940.0 2930.0 2812.0 3295.0 3813.0 4319.0 4514.0 4651.0 5250.0 5646.0 4917.0 4528.0 3529.0 5041.0 4848.0 4436.0 4020.0 3188.0 3282.0 6796.0 9822.0 
2107.0 1989.0 1979.0 1677.0 1644.0 1818.0 2024.0 2315.0 2064.0 1150.0 977.0 2412.0 1679.0 712.0 615.0 795.0 1405.0 0 457.0 1107.0 1452.0 1713.0 1807.0 2545.0 2961.0 3373.0 4287.0 4278.0 3279.0 4667.0 5396.0 5554.0 6153.0 6428.0 6623.0 5922.0 5404.0 4966.0 4621.0 3971.0 3514.0 2899.0 3079.0 3401.0 3689.0 3468.0 2802.0 2537.0 3972.0 3239.0 2364.0 1870.0 2044.0 2224.0 2466.0 2250.0 1837.0 1535.0 1525.0 1407.0 1890.0 2408.0 2914.0 3109.0 3246.0 3845.0 4314.0 4732.0 4353.0 3354.0 4866.0 4673.0 4261.0 3845.0 3013.0 3107.0 6621.0 9647.0 
2564.0 2446.0 2436.0 2134.0 2101.0 2275.0 2481.0 2772.0 2521.0 1607.0 1434.0 2869.0 2136.0 1169.0 1072.0 1252.0 1862.0 457.0 0 650.0 995.0 1256.0 1350.0 2088.0 2504.0 2916.0 3830.0 3821.0 2822.0 4210.0 4939.0 5097.0 5696.0 5971.0 6166.0 5465.0 4947.0 4509.0 4164.0 3514.0 3057.0 2442.0 2622.0 2944.0 3232.0 3011.0 2345.0 2080.0 3515.0 2782.0 1907.0 1413.0 1587.0 1767.0 2009.0 1793.0 1380.0 1078.0 1068.0 950.0 1433.0 1951.0 2457.0 2652.0 2789.0 3388.0 3857.0 4275.0 4664.0 3811.0 5177.0 5130.0 4718.0 4302.0 3470.0 3564.0 7078.0 10104.0 
3214.0 3096.0 3086.0 2784.0 2751.0 2925.0 3131.0 3422.0 3171.0 2257.0 2084.0 3519.0 2786.0 1819.0 1722.0 1902.0 2512.0 1107.0 650.0 0 345.0 606.0 700.0 1438.0 1854.0 2266.0 3180.0 3171.0 2172.0 3560.0 4289.0 4447.0 5046.0 5321.0 5516.0 4815.0 4297.0 3859.0 3514.0 2864.0 2407.0 1792.0 1972.0 2294.0 2582.0 2361.0 1695.0 1430.0 2865.0 2132.0 1257.0 763.0 937.0 1117.0 1359.0 1143.0 730.0 428.0 418.0 300.0 783.0 1301.0 1807.0 2002.0 2139.0 2738.0 3207.0 3625.0 4014.0 4461.0 4527.0 5441.0 5368.0 4952.0 4120.0 4214.0 7728.0 10754.0 
3559.0 3441.0 3431.0 3129.0 3096.0 3270.0 3476.0 3767.0 3516.0 2602.0 2429.0 3864.0 3131.0 2164.0 2067.0 2247.0 2857.0 1452.0 995.0 345.0 0 261.0 355.0 1093.0 1509.0 1921.0 2835.0 3348.0 2517.0 3737.0 4466.0 4624.0 5223.0 5555.0 5750.0 5160.0 4642.0 4204.0 3859.0 3209.0 2752.0 2137.0 2317.0 2639.0 2927.0 2706.0 2040.0 1775.0 3210.0 2477.0 1602.0 1108.0 1282.0 1462.0 1704.0 1488.0 1075.0 773.0 763.0 645.0 438.0 956.0 1462.0 1657.0 1794.0 2393.0 2862.0 3280.0 3669.0 4668.0 4182.0 5096.0 5508.0 5297.0 4465.0 4559.0 8073.0 11099.0 
3820.0 3702.0 3692.0 3390.0 3357.0 3531.0 3737.0 4028.0 3777.0 2863.0 2690.0 4125.0 3392.0 2425.0 2328.0 2508.0 3118.0 1713.0 1256.0 606.0 261.0 0 94.0 832.0 1248.0 1660.0 2574.0 3087.0 2778.0 3476.0 4205.0 4363.0 4962.0 5294.0 5489.0 5421.0 4903.0 4465.0 4120.0 3470.0 3013.0 2398.0 2578.0 2900.0 3188.0 2967.0 2301.0 2036.0 3471.0 2738.0 1863.0 1369.0 1543.0 1723.0 1965.0 1749.0 1336.0 1034.0 1024.0 906.0 699.0 1217.0 1723.0 1918.0 2055.0 2654.0 3123.0 3541.0 3930.0 4929.0 4443.0 5357.0 5769.0 5558.0 4726.0 4820.0 8334.0 11360.0 
3914.0 3796.0 3786.0 3484.0 3451.0 3625.0 3831.0 4122.0 3871.0 2957.0 2784.0 4219.0 3486.0 2519.0 2422.0 2602.0 3212.0 1807.0 1350.0 700.0 355.0 94.0 0 926.0 1342.0 1754.0 2668.0 3181.0 2872.0 3570.0 4299.0 4457.0 5056.0 5388.0 5583.0 5515.0 4997.0 4559.0 4214.0 3564.0 3107.0 2492.0 2672.0 2994.0 3282.0 3061.0 2395.0 2130.0 3565.0 2832.0 1957.0 1463.0 1637.0 1817.0 2059.0 1843.0 1430.0 1128.0 1118.0 1000.0 793.0 1311.0 1817.0 2012.0 2149.0 2748.0 3217.0 3635.0 4024.0 5023.0 4537.0 5451.0 5863.0 5652.0 4820.0 4914.0 8428.0 11454.0 
4652.0 4534.0 4524.0 4222.0 4189.0 4363.0 4569.0 4860.0 4609.0 3695.0 3522.0 4957.0 4224.0 3257.0 3160.0 3340.0 3950.0 2545.0 2088.0 1438.0 1093.0 832.0 926.0 0 416.0 828.0 1742.0 2255.0 3254.0 2644.0 3373.0 3531.0 4130.0 4462.0 4657.0 4968.0 5486.0 5297.0 4952.0 4302.0 3845.0 3230.0 3410.0 3732.0 4020.0 3799.0 3133.0 2868.0 4303.0 3570.0 2695.0 2201.0 2375.0 2555.0 2797.0 2581.0 2168.0 1866.0 1856.0 1738.0 1531.0 2049.0 2555.0 2750.0 2887.0 3486.0 3955.0 4373.0 4762.0 5761.0 5275.0 6189.0 6601.0 6390.0 5558.0 5652.0 9166.0 12192.0 
5068.0 4950.0 4940.0 4638.0 4605.0 4779.0 4985.0 5276.0 5025.0 4111.0 3938.0 5373.0 4640.0 3673.0 3576.0 3756.0 4366.0 2961.0 2504.0 1854.0 1509.0 1248.0 1342.0 416.0 0 412.0 1326.0 1839.0 2838.0 2228.0 2957.0 3115.0 3714.0 4046.0 4241.0 4552.0 5070.0 5508.0 5368.0 4718.0 4261.0 3646.0 3826.0 4148.0 4436.0 4215.0 3549.0 3284.0 4719.0 3986.0 3111.0 2617.0 2791.0 2971.0 3213.0 2997.0 2584.0 2282.0 2272.0 2154.0 1947.0 2465.0 2971.0 3166.0 3303.0 3902.0 4371.0 4789.0 5178.0 6177.0 5691.0 6605.0 7017.0 6806.0 5974.0 6068.0 9582.0 12608.0 
5480.0 5362.0 5352.0 5050.0 5017.0 5191.0 5397.0 5688.0 5437.0 4523.0 4350.0 5785.0 5052.0 4085.0 3988.0 4168.0 4778.0 3373.0 2916.0 2266.0 1921.0 1660.0 1754.0 828.0 412.0 0 914.0 1427.0 2426.0 1816.0 2545.0 2703.0 3302.0 3634.0 3829.0 4140.0 4658.0 5096.0 5441.0 5130.0 4673.0 4058.0 4238.0 4560.0 4848.0 4627.0 3961.0 3696.0 5131.0 4398.0 3523.0 3029.0 3203.0 3383.0 3625.0 3409.0 2996.0 2694.0 2684.0 2566.0 2359.0 2877.0 3383.0 3578.0 3715.0 4314.0 4783.0 5201.0 5590.0 6589.0 6103.0 7017.0 7429.0 7218.0 6386.0 6480.0 9994.0 13020.0 
6394.0 6276.0 6266.0 5964.0 5931.0 6105.0 6311.0 6602.0 6351.0 5437.0 5264.0 6699.0 5966.0 4999.0 4902.0 5082.0 5692.0 4287.0 3830.0 3180.0 2835.0 2574.0 2668.0 1742.0 1326.0 914.0 0 513.0 1512.0 902.0 1631.0 1789.0 2388.0 2720.0 2915.0 3226.0 3744.0 4182.0 4527.0 5177.0 4866.0 4251.0 4431.0 4753.0 5041.0 4820.0 4154.0 3889.0 5324.0 4591.0 3716.0 3222.0 3396.0 3576.0 3893.0 3602.0 3189.0 3489.0 3498.0 3384.0 3273.0 3791.0 4297.0 4492.0 4629.0 5228.0 5697.0 6115.0 6504.0 7503.0 7017.0 7931.0 8343.0 8132.0 7300.0 7394.0 10908.0 13934.0 
6385.0 6267.0 6257.0 5955.0 5922.0 6096.0 6302.0 6593.0 6342.0 5428.0 5255.0 6690.0 5957.0 4990.0 4893.0 5073.0 5683.0 4278.0 3821.0 3171.0 3348.0 3087.0 3181.0 2255.0 1839.0 1427.0 513.0 0 999.0 389.0 1118.0 1276.0 1875.0 2207.0 2402.0 2713.0 3231.0 3669.0 4014.0 4664.0 4353.0 3738.0 3918.0 4240.0 4528.0 4307.0 3641.0 3376.0 4811.0 4078.0 3203.0 2709.0 2883.0 3063.0 3380.0 3089.0 2676.0 2976.0 2985.0 2871.0 3786.0 4304.0 4810.0 5005.0 5142.0 5741.0 6210.0 6628.0 7017.0 7632.0 7530.0 8444.0 8539.0 8123.0 7291.0 7385.0 10899.0 13925.0 
5386.0 5268.0 5258.0 4956.0 4923.0 5097.0 5303.0 5594.0 5343.0 4429.0 4256.0 5691.0 4958.0 3991.0 3894.0 4074.0 4684.0 3279.0 2822.0 2172.0 2517.0 2778.0 2872.0 3254.0 2838.0 2426.0 1512.0 999.0 0 1388.0 2117.0 2275.0 2874.0 3206.0 3401.0 3712.0 4230.0 4668.0 4461.0 3811.0 3354.0 2739.0 2919.0 3241.0 3529.0 3308.0 2642.0 2377.0 3812.0 3079.0 2204.0 1710.0 1884.0 2064.0 2381.0 2090.0 1677.0 1977.0 1986.0 1872.0 2955.0 3473.0 3979.0 4174.0 4311.0 4910.0 5379.0 5797.0 6186.0 6633.0 6699.0 7613.0 7540.0 7124.0 6292.0 6386.0 9900.0 12926.0 
6774.0 6656.0 6646.0 6344.0 6311.0 6485.0 6691.0 6982.0 6731.0 5817.0 5644.0 7079.0 6346.0 5379.0 5282.0 5462.0 6072.0 4667.0 4210.0 3560.0 3737.0 3476.0 3570.0 2644.0 2228.0 1816.0 902.0 389.0 1388.0 0 729.0 887.0 1486.0 1818.0 2013.0 2324.0 2842.0 3280.0 3625.0 4275.0 4732.0 4127.0 4307.0 4629.0 4917.0 4696.0 4030.0 3765.0 5200.0 4467.0 3592.0 3098.0 3272.0 3452.0 3769.0 3478.0 3065.0 3365.0 3374.0 3260.0 4175.0 4693.0 5199.0 5394.0 5531.0 6130.0 6599.0 7017.0 7406.0 8021.0 7919.0 8833.0 8928.0 8512.0 7680.0 7774.0 11288.0 14314.0 
7503.0 7385.0 7375.0 7073.0 7040.0 7214.0 7420.0 7711.0 7460.0 6546.0 6373.0 7808.0 7075.0 6108.0 6011.0 6191.0 6801.0 5396.0 4939.0 4289.0 4466.0 4205.0 4299.0 3373.0 2957.0 2545.0 1631.0 1118.0 2117.0 729.0 0 469.0 1068.0 1400.0 1595.0 1906.0 2424.0 2862.0 3207.0 3857.0 4314.0 4856.0 5036.0 5358.0 5646.0 5425.0 4759.0 4494.0 5929.0 5196.0 4321.0 3827.0 4001.0 4181.0 4498.0 4207.0 3794.0 4094.0 4103.0 3989.0 4904.0 5422.0 5928.0 6123.0 6260.0 6859.0 7328.0 7746.0 8135.0 8750.0 8648.0 9562.0 9657.0 9241.0 8409.0 8503.0 12017.0 15043.0 
7661.0 7543.0 7533.0 7231.0 7198.0 7372.0 7578.0 7869.0 7618.0 6704.0 6531.0 7966.0 7233.0 6266.0 6169.0 6349.0 6959.0 5554.0 5097.0 4447.0 4624.0 4363.0 4457.0 3531.0 3115.0 2703.0 1789.0 1276.0 2275.0 887.0 469.0 0 599.0 931.0 1126.0 1437.0 1955.0 2393.0 2738.0 3388.0 3845.0 4460.0 4640.0 4962.0 5250.0 5029.0 4557.0 4652.0 6087.0 5354.0 4479.0 3985.0 4159.0 4339.0 4656.0 4365.0 3952.0 4252.0 4261.0 4147.0 5062.0 5580.0 6086.0 6281.0 6418.0 7017.0 7486.0 7904.0 8293.0 8908.0 8806.0 9720.0 9815.0 9399.0 8567.0 8661.0 12175.0 15201.0 
8260.0 8142.0 8132.0 7830.0 7797.0 7971.0 8177.0 8468.0 8217.0 7303.0 7130.0 8565.0 7832.0 6865.0 6768.0 6948.0 7558.0 6153.0 5696.0 5046.0 5223.0 4962.0 5056.0 4130.0 3714.0 3302.0 2388.0 1875.0 2874.0 1486.0 1068.0 599.0 0 332.0 527.0 838.0 1356.0 1794.0 2139.0 2789.0 3246.0 3861.0 4041.0 4363.0 4651.0 4430.0 3958.0 4223.0 5658.0 4925.0 4396.0 4584.0 4758.0 4938.0 5255.0 4964.0 4551.0 4851.0 4860.0 4746.0 5661.0 6179.0 6685.0 6880.0 7017.0 7616.0 8085.0 8503.0 8892.0 9507.0 9405.0 10319.0 10414.0 9998.0 9166.0 9260.0 12774.0 15800.0 
8535.0 8417.0 8407.0 8105.0 8072.0 8246.0 8452.0 8743.0 8492.0 7578.0 7405.0 8840.0 8107.0 7140.0 7043.0 7223.0 7833.0 6428.0 5971.0 5321.0 5555.0 5294.0 5388.0 4462.0 4046.0 3634.0 2720.0 2207.0 3206.0 1818.0 1400.0 931.0 332.0 0 195.0 506.0 1024.0 1462.0 1807.0 2457.0 2914.0 3529.0 3709.0 4031.0 4319.0 4098.0 3626.0 3891.0 5326.0 4593.0 4064.0 4558.0 4732.0 4978.0 5229.0 4938.0 4591.0 4893.0 4903.0 5021.0 5993.0 6511.0 7017.0 7212.0 7349.0 7948.0 8417.0 8835.0 9224.0 9782.0 9737.0 10651.0 10689.0 10273.0 9441.0 9535.0 13049.0 16075.0 
8730.0 8612.0 8602.0 8300.0 8267.0 8441.0 8647.0 8938.0 8687.0 7773.0 7600.0 9035.0 8302.0 7335.0 7238.0 7418.0 8028.0 6623.0 6166.0 5516.0 5750.0 5489.0 5583.0 4657.0 4241.0 3829.0 2915.0 2402.0 3401.0 2013.0 1595.0 1126.0 527.0 195.0 0 701.0 1219.0 1657.0 2002.0 2652.0 3109.0 3724.0 3904.0 4226.0 4514.0 4293.0 3821.0 4086.0 5521.0 4788.0 4259.0 4753.0 4927.0 5173.0 5424.0 5133.0 4786.0 5088.0 5098.0 5216.0 6188.0 6706.0 7212.0 7407.0 7544.0 8143.0 8612.0 9030.0 9419.0 9977.0 9932.0 10846.0 10884.0 10468.0 9636.0 9730.0 13244.0 16270.0 
8029.0 7911.0 7901.0 7599.0 7566.0 7740.0 7946.0 8237.0 7986.0 7072.0 6899.0 8334.0 7601.0 6634.0 6537.0 6717.0 7327.0 5922.0 5465.0 4815.0 5160.0 5421.0 5515.0 4968.0 4552.0 4140.0 3226.0 2713.0 3712.0 2324.0 1906.0 1437.0 838.0 506.0 701.0 0 518.0 956.0 1301.0 1951.0 2408.0 3023.0 3203.0 3525.0 3813.0 3592.0 3120.0 3385.0 4820.0 4087.0 3558.0 4052.0 4226.0 4472.0 4723.0 4432.0 4085.0 4387.0 4397.0 4515.0 5598.0 6116.0 6622.0 6817.0 6954.0 7553.0 8022.0 8440.0 8829.0 9276.0 9342.0 10256.0 10183.0 9767.0 8935.0 9029.0 12543.0 15569.0 
7511.0 7393.0 7383.0 7081.0 7048.0 7222.0 7428.0 7719.0 7468.0 6554.0 6381.0 7816.0 7083.0 6116.0 6019.0 6199.0 6809.0 5404.0 4947.0 4297.0 4642.0 4903.0 4997.0 5486.0 5070.0 4658.0 3744.0 3231.0 4230.0 2842.0 2424.0 1955.0 1356.0 1024.0 1219.0 518.0 0 438.0 783.0 1433.0 1890.0 2505.0 2685.0 3007.0 3295.0 3074.0 2602.0 2867.0 4302.0 3569.0 3040.0 3534.0 3708.0 3954.0 4205.0 3914.0 3567.0 3869.0 3879.0 3997.0 5080.0 5598.0 6104.0 6299.0 6436.0 7035.0 7504.0 7922.0 8311.0 8758.0 8824.0 9738.0 9665.0 9249.0 8417.0 8511.0 12025.0 15051.0 
7073.0 6955.0 6945.0 6643.0 6610.0 6784.0 6990.0 7281.0 7030.0 6116.0 5943.0 7378.0 6645.0 5678.0 5581.0 5761.0 6371.0 4966.0 4509.0 3859.0 4204.0 4465.0 4559.0 5297.0 5508.0 5096.0 4182.0 3669.0 4668.0 3280.0 2862.0 2393.0 1794.0 1462.0 1657.0 956.0 438.0 0 345.0 995.0 1452.0 2067.0 2247.0 2569.0 2857.0 2636.0 2164.0 2429.0 3864.0 3131.0 2602.0 3096.0 3270.0 3516.0 3767.0 3476.0 3129.0 3431.0 3441.0 3559.0 4642.0 5160.0 5666.0 5861.0 5998.0 6597.0 7066.0 7484.0 7873.0 8320.0 8386.0 9300.0 9227.0 8811.0 7979.0 8073.0 11587.0 14613.0 
6728.0 6610.0 6600.0 6298.0 6265.0 6439.0 6645.0 6936.0 6685.0 5771.0 5598.0 7033.0 6300.0 5333.0 5236.0 5416.0 6026.0 4621.0 4164.0 3514.0 3859.0 4120.0 4214.0 4952.0 5368.0 5441.0 4527.0 4014.0 4461.0 3625.0 3207.0 2738.0 2139.0 1807.0 2002.0 1301.0 783.0 345.0 0 650.0 1107.0 1722.0 1902.0 2224.0 2512.0 2291.0 1819.0 2084.0 3519.0 2786.0 2257.0 2751.0 2925.0 3171.0 3422.0 3131.0 2784.0 3086.0 3096.0 3214.0 4297.0 4815.0 5321.0 5516.0 5653.0 6252.0 6721.0 7139.0 7528.0 7975.0 8041.0 8955.0 8882.0 8466.0 7634.0 7728.0 11242.0 14268.0 
6078.0 5960.0 5950.0 5648.0 5615.0 5789.0 5995.0 6286.0 6035.0 5121.0 4948.0 6383.0 5650.0 4683.0 4586.0 4766.0 5376.0 3971.0 3514.0 2864.0 3209.0 3470.0 3564.0 4302.0 4718.0 5130.0 5177.0 4664.0 3811.0 4275.0 3857.0 3388.0 2789.0 2457.0 2652.0 1951.0 1433.0 995.0 650.0 0 457.0 1072.0 1252.0 1574.0 1862.0 1641.0 1169.0 1434.0 2869.0 2136.0 1607.0 2101.0 2275.0 2521.0 2772.0 2481.0 2134.0 2436.0 2446.0 2564.0 3647.0 4165.0 4671.0 4866.0 5003.0 5602.0 6071.0 6489.0 6878.0 7325.0 7391.0 8305.0 8232.0 7816.0 6984.0 7078.0 10592.0 13618.0 
5621.0 5503.0 5493.0 5191.0 5158.0 5332.0 5538.0 5829.0 5578.0 4664.0 4491.0 5926.0 5193.0 4226.0 4129.0 4309.0 4919.0 3514.0 3057.0 2407.0 2752.0 3013.0 3107.0 3845.0 4261.0 4673.0 4866.0 4353.0 3354.0 4732.0 4314.0 3845.0 3246.0 2914.0 3109.0 2408.0 1890.0 1452.0 1107.0 457.0 0 615.0 795.0 1117.0 1405.0 1184.0 712.0 977.0 2412.0 1679.0 1150.0 1644.0 1818.0 2064.0 2315.0 2024.0 1677.0 1979.0 1989.0 2107.0 3190.0 3708.0 4214.0 4409.0 4546.0 5145.0 5614.0 6032.0 6421.0 6868.0 6934.0 7848.0 7775.0 7359.0 6527.0 6621.0 10135.0 13161.0 
5006.0 4888.0 4878.0 4576.0 4543.0 4717.0 4923.0 5214.0 4963.0 4049.0 3876.0 5311.0 4578.0 3611.0 3514.0 3694.0 4304.0 2899.0 2442.0 1792.0 2137.0 2398.0 2492.0 3230.0 3646.0 4058.0 4251.0 3738.0 2739.0 4127.0 4856.0 4460.0 3861.0 3529.0 3724.0 3023.0 2505.0 2067.0 1722.0 1072.0 615.0 0 180.0 502.0 790.0 569.0 97.0 362.0 1797.0 1064.0 535.0 1029.0 1203.0 1449.0 1700.0 1409.0 1062.0 1364.0 1374.0 1492.0 2575.0 3093.0 3599.0 3794.0 3931.0 4530.0 4999.0 5417.0 5806.0 6253.0 6319.0 7233.0 7160.0 6744.0 5912.0 6006.0 9520.0 12546.0 
5186.0 5068.0 5058.0 4756.0 4723.0 4897.0 5103.0 5394.0 5143.0 4229.0 4056.0 5491.0 4758.0 3791.0 3694.0 3874.0 4484.0 3079.0 2622.0 1972.0 2317.0 2578.0 2672.0 3410.0 3826.0 4238.0 4431.0 3918.0 2919.0 4307.0 5036.0 4640.0 4041.0 3709.0 3904.0 3203.0 2685.0 2247.0 1902.0 1252.0 795.0 180.0 0 322.0 610.0 390.0 277.0 542.0 1977.0 1244.0 715.0 1209.0 1383.0 1629.0 1880.0 1589.0 1242.0 1544.0 1554.0 1672.0 2755.0 3273.0 3779.0 3974.0 4111.0 4710.0 5179.0 5597.0 5986.0 6433.0 6499.0 7413.0 7340.0 6924.0 6092.0 6186.0 9700.0 12726.0 
5508.0 5390.0 5380.0 5078.0 5045.0 5219.0 5425.0 5716.0 5465.0 4551.0 4378.0 5813.0 5080.0 4113.0 4016.0 4196.0 4806.0 3401.0 2944.0 2294.0 2639.0 2900.0 2994.0 3732.0 4148.0 4560.0 4753.0 4240.0 3241.0 4629.0 5358.0 4962.0 4363.0 4031.0 4226.0 3525.0 3007.0 2569.0 2224.0 1574.0 1117.0 502.0 322.0 0 500.0 712.0 599.0 864.0 2299.0 1566.0 1037.0 1531.0 1705.0 1951.0 2202.0 1911.0 1564.0 1866.0 1876.0 1994.0 3077.0 3595.0 4101.0 4296.0 4433.0 5032.0 5501.0 5919.0 6308.0 6755.0 6821.0 7735.0 7662.0 7246.0 6414.0 6508.0 10022.0 13048.0 
5796.0 5678.0 5668.0 5366.0 5333.0 5507.0 5713.0 6004.0 5753.0 4839.0 4666.0 6101.0 5368.0 4401.0 4304.0 4484.0 5094.0 3689.0 3232.0 2582.0 2927.0 3188.0 3282.0 4020.0 4436.0 4848.0 5041.0 4528.0 3529.0 4917.0 5646.0 5250.0 4651.0 4319.0 4514.0 3813.0 3295.0 2857.0 2512.0 1862.0 1405.0 790.0 610.0 500.0 0 266.0 887.0 1152.0 2587.0 1854.0 1325.0 1819.0 1993.0 2239.0 2490.0 2199.0 1852.0 2154.0 2164.0 2282.0 3365.0 3883.0 4389.0 4584.0 4721.0 5320.0 5789.0 6207.0 6596.0 7043.0 7109.0 8023.0 7950.0 7534.0 6702.0 6796.0 10310.0 13336.0 
5575.0 5457.0 5447.0 5145.0 5112.0 5286.0 5492.0 5783.0 5532.0 4618.0 4445.0 5880.0 5147.0 4180.0 4083.0 4263.0 4873.0 3468.0 3011.0 2361.0 2706.0 2967.0 3061.0 3799.0 4215.0 4627.0 4820.0 4307.0 3308.0 4696.0 5425.0 5029.0 4430.0 4098.0 4293.0 3592.0 3074.0 2636.0 2291.0 1641.0 1184.0 569.0 390.0 712.0 266.0 0 666.0 931.0 2366.0 1633.0 1104.0 1598.0 1772.0 2018.0 2269.0 1978.0 1631.0 1933.0 1943.0 2061.0 3144.0 3662.0 4168.0 4363.0 4500.0 5099.0 5568.0 5986.0 6375.0 6822.0 6888.0 7802.0 7729.0 7313.0 6481.0 6575.0 10089.0 13115.0 
4909.0 4791.0 4781.0 4479.0 4446.0 4620.0 4826.0 5117.0 4866.0 3952.0 3779.0 5214.0 4481.0 3514.0 3417.0 3597.0 4207.0 2802.0 2345.0 1695.0 2040.0 2301.0 2395.0 3133.0 3549.0 3961.0 4154.0 3641.0 2642.0 4030.0 4759.0 4557.0 3958.0 3626.0 3821.0 3120.0 2602.0 2164.0 1819.0 1169.0 712.0 97.0 277.0 599.0 887.0 666.0 0 265.0 1700.0 967.0 438.0 932.0 1106.0 1352.0 1603.0 1312.0 965.0 1267.0 1277.0 1395.0 2478.0 2996.0 3502.0 3697.0 3834.0 4433.0 4902.0 5320.0 5709.0 6156.0 6222.0 7136.0 7063.0 6647.0 5815.0 5909.0 9423.0 12449.0 
4644.0 4526.0 4516.0 4214.0 4181.0 4355.0 4561.0 4852.0 4601.0 3687.0 3514.0 4949.0 4216.0 3249.0 3152.0 3332.0 3942.0 2537.0 2080.0 1430.0 1775.0 2036.0 2130.0 2868.0 3284.0 3696.0 3889.0 3376.0 2377.0 3765.0 4494.0 4652.0 4223.0 3891.0 4086.0 3385.0 2867.0 2429.0 2084.0 1434.0 977.0 362.0 542.0 864.0 1152.0 931.0 265.0 0 1435.0 702.0 173.0 667.0 841.0 1087.0 1338.0 1047.0 700.0 1002.0 1012.0 1130.0 2213.0 2731.0 3237.0 3432.0 3569.0 4168.0 4637.0 5055.0 5444.0 5891.0 5957.0 6871.0 6798.0 6382.0 5550.0 5644.0 9158.0 12184.0 
6079.0 5961.0 5951.0 5649.0 5616.0 5790.0 5996.0 6287.0 6036.0 5122.0 4949.0 6384.0 5651.0 4684.0 4587.0 4767.0 5377.0 3972.0 3515.0 2865.0 3210.0 3471.0 3565.0 4303.0 4719.0 5131.0 5324.0 4811.0 3812.0 5200.0 5929.0 6087.0 5658.0 5326.0 5521.0 4820.0 4302.0 3864.0 3519.0 2869.0 2412.0 1797.0 1977.0 2299.0 2587.0 2366.0 1700.0 1435.0 0 733.0 1608.0 2102.0 2276.0 2522.0 2773.0 2482.0 2135.0 2437.0 2447.0 2565.0 3648.0 4166.0 4672.0 4867.0 5004.0 5603.0 6072.0 6490.0 6879.0 7326.0 7392.0 8306.0 8233.0 7817.0 6985.0 7079.0 10593.0 13619.0 
5346.0 5228.0 5218.0 4916.0 4883.0 5057.0 5263.0 5554.0 5303.0 4389.0 4216.0 5651.0 4918.0 3951.0 3854.0 4034.0 4644.0 3239.0 2782.0 2132.0 2477.0 2738.0 2832.0 3570.0 3986.0 4398.0 4591.0 4078.0 3079.0 4467.0 5196.0 5354.0 4925.0 4593.0 4788.0 4087.0 3569.0 3131.0 2786.0 2136.0 1679.0 1064.0 1244.0 1566.0 1854.0 1633.0 967.0 702.0 733.0 0 875.0 1369.0 1543.0 1789.0 2040.0 1749.0 1402.0 1704.0 1714.0 1832.0 2915.0 3433.0 3939.0 4134.0 4271.0 4870.0 5339.0 5757.0 6146.0 6593.0 6659.0 7573.0 7500.0 7084.0 6252.0 6346.0 9860.0 12886.0 
4471.0 4353.0 4343.0 4041.0 4008.0 4182.0 4388.0 4679.0 4428.0 3514.0 3341.0 4776.0 4043.0 3076.0 2979.0 3159.0 3769.0 2364.0 1907.0 1257.0 1602.0 1863.0 1957.0 2695.0 3111.0 3523.0 3716.0 3203.0 2204.0 3592.0 4321.0 4479.0 4396.0 4064.0 4259.0 3558.0 3040.0 2602.0 2257.0 1607.0 1150.0 535.0 715.0 1037.0 1325.0 1104.0 438.0 173.0 1608.0 875.0 0 494.0 668.0 914.0 1165.0 874.0 527.0 829.0 839.0 957.0 2040.0 2558.0 3064.0 3259.0 3396.0 3995.0 4464.0 4882.0 5271.0 5718.0 5784.0 6698.0 6625.0 6209.0 5377.0 5471.0 8985.0 12011.0 
3977.0 3859.0 3849.0 3547.0 3514.0 3688.0 3894.0 4185.0 3934.0 3020.0 2847.0 4282.0 3549.0 2582.0 2485.0 2665.0 3275.0 1870.0 1413.0 763.0 1108.0 1369.0 1463.0 2201.0 2617.0 3029.0 3222.0 2709.0 1710.0 3098.0 3827.0 3985.0 4584.0 4558.0 4753.0 4052.0 3534.0 3096.0 2751.0 2101.0 1644.0 1029.0 1209.0 1531.0 1819.0 1598.0 932.0 667.0 2102.0 1369.0 494.0 0 174.0 420.0 671.0 380.0 33.0 335.0 345.0 463.0 1546.0 2064.0 2570.0 2765.0 2902.0 3501.0 3970.0 4388.0 4777.0 5224.0 5290.0 6204.0 6131.0 5715.0 4883.0 4977.0 8491.0 11517.0 
4151.0 4033.0 4023.0 3721.0 3688.0 3862.0 4068.0 4359.0 4108.0 3194.0 3021.0 4456.0 3723.0 2756.0 2659.0 2839.0 3449.0 2044.0 1587.0 937.0 1282.0 1543.0 1637.0 2375.0 2791.0 3203.0 3396.0 2883.0 1884.0 3272.0 4001.0 4159.0 4758.0 4732.0 4927.0 4226.0 3708.0 3270.0 2925.0 2275.0 1818.0 1203.0 1383.0 1705.0 1993.0 1772.0 1106.0 841.0 2276.0 1543.0 668.0 174.0 0 304.0 497.0 206.0 207.0 509.0 519.0 637.0 1720.0 2238.0 2744.0 2939.0 3076.0 3675.0 4144.0 4562.0 4951.0 5398.0 5464.0 6378.0 6305.0 5889.0 5057.0 5151.0 8665.0 11691.0 
4331.0 4213.0 4203.0 3901.0 3868.0 4042.0 4248.0 4539.0 4288.0 3374.0 3201.0 4636.0 3903.0 2936.0 2839.0 3019.0 3629.0 2224.0 1767.0 1117.0 1462.0 1723.0 1817.0 2555.0 2971.0 3383.0 3576.0 3063.0 2064.0 3452.0 4181.0 4339.0 4938.0 4978.0 5173.0 4472.0 3954.0 3516.0 3171.0 2521.0 2064.0 1449.0 1629.0 1951.0 2239.0 2018.0 1352.0 1087.0 2522.0 1789.0 914.0 420.0 304.0 0 344.0 510.0 387.0 689.0 699.0 817.0 1900.0 2418.0 2924.0 3119.0 3256.0 3855.0 4324.0 4742.0 5131.0 5578.0 5644.0 6558.0 6485.0 6069.0 5237.0 5331.0 8845.0 11871.0 
4573.0 4455.0 4445.0 4143.0 4110.0 4284.0 4490.0 4781.0 4530.0 3616.0 3443.0 4878.0 4145.0 3178.0 3081.0 3261.0 3871.0 2466.0 2009.0 1359.0 1704.0 1965.0 2059.0 2797.0 3213.0 3625.0 3893.0 3380.0 2381.0 3769.0 4498.0 4656.0 5255.0 5229.0 5424.0 4723.0 4205.0 3767.0 3422.0 2772.0 2315.0 1700.0 1880.0 2202.0 2490.0 2269.0 1603.0 1338.0 2773.0 2040.0 1165.0 671.0 497.0 344.0 0 291.0 704.0 951.0 941.0 1059.0 2142.0 2660.0 3166.0 3361.0 3498.0 4097.0 4566.0 4984.0 5373.0 5820.0 5886.0 6800.0 6727.0 6311.0 5479.0 5573.0 9087.0 12113.0 
4357.0 4239.0 4229.0 3927.0 3894.0 4068.0 4274.0 4565.0 4314.0 3400.0 3227.0 4662.0 3929.0 2962.0 2865.0 3045.0 3655.0 2250.0 1793.0 1143.0 1488.0 1749.0 1843.0 2581.0 2997.0 3409.0 3602.0 3089.0 2090.0 3478.0 4207.0 4365.0 4964.0 4938.0 5133.0 4432.0 3914.0 3476.0 3131.0 2481.0 2024.0 1409.0 1589.0 1911.0 2199.0 1978.0 1312.0 1047.0 2482.0 1749.0 874.0 380.0 206.0 510.0 291.0 0 413.0 715.0 725.0 843.0 1926.0 2444.0 2950.0 3145.0 3282.0 3881.0 4350.0 4768.0 5157.0 5604.0 5670.0 6584.0 6511.0 6095.0 5263.0 5357.0 8871.0 11897.0 
3944.0 3826.0 3816.0 3514.0 3481.0 3655.0 3861.0 4152.0 3901.0 2987.0 2814.0 4249.0 3516.0 2549.0 2452.0 2632.0 3242.0 1837.0 1380.0 730.0 1075.0 1336.0 1430.0 2168.0 2584.0 2996.0 3189.0 2676.0 1677.0 3065.0 3794.0 3952.0 4551.0 4591.0 4786.0 4085.0 3567.0 3129.0 2784.0 2134.0 1677.0 1062.0 1242.0 1564.0 1852.0 1631.0 965.0 700.0 2135.0 1402.0 527.0 33.0 207.0 387.0 704.0 413.0 0 302.0 312.0 430.0 1513.0 2031.0 2537.0 2732.0 2869.0 3468.0 3937.0 4355.0 4744.0 5191.0 5257.0 6171.0 6098.0 5682.0 4850.0 4944.0 8458.0 11484.0 
3642.0 3524.0 3514.0 3212.0 3179.0 3353.0 3559.0 3850.0 3599.0 2685.0 2512.0 3947.0 3214.0 2247.0 2150.0 2330.0 2940.0 1535.0 1078.0 428.0 773.0 1034.0 1128.0 1866.0 2282.0 2694.0 3489.0 2976.0 1977.0 3365.0 4094.0 4252.0 4851.0 4893.0 5088.0 4387.0 3869.0 3431.0 3086.0 2436.0 1979.0 1364.0 1544.0 1866.0 2154.0 1933.0 1267.0 1002.0 2437.0 1704.0 829.0 335.0 509.0 689.0 951.0 715.0 302.0 0 10.0 128.0 1211.0 1729.0 2235.0 2430.0 2567.0 3166.0 3635.0 4053.0 4442.0 4889.0 4955.0 5869.0 5796.0 5380.0 4548.0 4642.0 8156.0 11182.0 
3632.0 3514.0 3504.0 3202.0 3169.0 3343.0 3549.0 3840.0 3589.0 2675.0 2502.0 3937.0 3204.0 2237.0 2140.0 2320.0 2930.0 1525.0 1068.0 418.0 763.0 1024.0 1118.0 1856.0 2272.0 2684.0 3498.0 2985.0 1986.0 3374.0 4103.0 4261.0 4860.0 4903.0 5098.0 4397.0 3879.0 3441.0 3096.0 2446.0 1989.0 1374.0 1554.0 1876.0 2164.0 1943.0 1277.0 1012.0 2447.0 1714.0 839.0 345.0 519.0 699.0 941.0 725.0 312.0 10.0 0 118.0 1201.0 1719.0 2225.0 2420.0 2557.0 3156.0 3625.0 4043.0 4432.0 4879.0 4945.0 5859.0 5786.0 5370.0 4538.0 4632.0 8146.0 11172.0 
3514.0 3396.0 3386.0 3084.0 3051.0 3225.0 3431.0 3722.0 3471.0 2557.0 2384.0 3819.0 3086.0 2119.0 2022.0 2202.0 2812.0 1407.0 950.0 300.0 645.0 906.0 1000.0 1738.0 2154.0 2566.0 3384.0 2871.0 1872.0 3260.0 3989.0 4147.0 4746.0 5021.0 5216.0 4515.0 3997.0 3559.0 3214.0 2564.0 2107.0 1492.0 1672.0 1994.0 2282.0 2061.0 1395.0 1130.0 2565.0 1832.0 957.0 463.0 637.0 817.0 1059.0 843.0 430.0 128.0 118.0 0 1083.0 1601.0 2107.0 2302.0 2439.0 3038.0 3507.0 3925.0 4314.0 4761.0 4827.0 5741.0 5668.0 5252.0 4420.0 4514.0 8028.0 11054.0 
3997.0 3879.0 3869.0 3567.0 3534.0 3708.0 3914.0 4205.0 3954.0 3040.0 2867.0 4302.0 3569.0 2602.0 2505.0 2685.0 3295.0 1890.0 1433.0 783.0 438.0 699.0 793.0 1531.0 1947.0 2359.0 3273.0 3786.0 2955.0 4175.0 4904.0 5062.0 5661.0 5993.0 6188.0 5598.0 5080.0 4642.0 4297.0 3647.0 3190.0 2575.0 2755.0 3077.0 3365.0 3144.0 2478.0 2213.0 3648.0 2915.0 2040.0 1546.0 1720.0 1900.0 2142.0 1926.0 1513.0 1211.0 1201.0 1083.0 0 518.0 1024.0 1219.0 1356.0 1955.0 2424.0 2842.0 3231.0 4230.0 3744.0 4658.0 5070.0 5486.0 4903.0 4997.0 8511.0 11537.0 
4515.0 4397.0 4387.0 4085.0 4052.0 4226.0 4432.0 4723.0 4472.0 3558.0 3385.0 4820.0 4087.0 3120.0 3023.0 3203.0 3813.0 2408.0 1951.0 1301.0 956.0 1217.0 1311.0 2049.0 2465.0 2877.0 3791.0 4304.0 3473.0 4693.0 5422.0 5580.0 6179.0 6511.0 6706.0 6116.0 5598.0 5160.0 4815.0 4165.0 3708.0 3093.0 3273.0 3595.0 3883.0 3662.0 2996.0 2731.0 4166.0 3433.0 2558.0 2064.0 2238.0 2418.0 2660.0 2444.0 2031.0 1729.0 1719.0 1601.0 518.0 0 506.0 701.0 838.0 1437.0 1906.0 2324.0 2713.0 3712.0 3226.0 4140.0 4552.0 4968.0 5421.0 5515.0 9029.0 12055.0 
5021.0 4903.0 4893.0 4591.0 4558.0 4732.0 4938.0 5229.0 4978.0 4064.0 3891.0 5326.0 4593.0 3626.0 3529.0 3709.0 4319.0 2914.0 2457.0 1807.0 1462.0 1723.0 1817.0 2555.0 2971.0 3383.0 4297.0 4810.0 3979.0 5199.0 5928.0 6086.0 6685.0 7017.0 7212.0 6622.0 6104.0 5666.0 5321.0 4671.0 4214.0 3599.0 3779.0 4101.0 4389.0 4168.0 3502.0 3237.0 4672.0 3939.0 3064.0 2570.0 2744.0 2924.0 3166.0 2950.0 2537.0 2235.0 2225.0 2107.0 1024.0 506.0 0 195.0 332.0 931.0 1400.0 1818.0 2207.0 3206.0 2720.0 3634.0 4046.0 4462.0 5294.0 5388.0 9535.0 12561.0 
5216.0 5098.0 5088.0 4786.0 4753.0 4927.0 5133.0 5424.0 5173.0 4259.0 4086.0 5521.0 4788.0 3821.0 3724.0 3904.0 4514.0 3109.0 2652.0 2002.0 1657.0 1918.0 2012.0 2750.0 3166.0 3578.0 4492.0 5005.0 4174.0 5394.0 6123.0 6281.0 6880.0 7212.0 7407.0 6817.0 6299.0 5861.0 5516.0 4866.0 4409.0 3794.0 3974.0 4296.0 4584.0 4363.0 3697.0 3432.0 4867.0 4134.0 3259.0 2765.0 2939.0 3119.0 3361.0 3145.0 2732.0 2430.0 2420.0 2302.0 1219.0 701.0 195.0 0 527.0 1126.0 1595.0 2013.0 2402.0 3401.0 2915.0 3829.0 4241.0 4657.0 5489.0 5583.0 9730.0 12756.0 
4746.0 4860.0 4851.0 4551.0 4584.0 4758.0 4964.0 5255.0 4938.0 4396.0 4223.0 5658.0 4925.0 3958.0 3861.0 4041.0 4651.0 3246.0 2789.0 2139.0 1794.0 2055.0 2149.0 2887.0 3303.0 3715.0 4629.0 5142.0 4311.0 5531.0 6260.0 6418.0 7017.0 7349.0 7544.0 6954.0 6436.0 5998.0 5653.0 5003.0 4546.0 3931.0 4111.0 4433.0 4721.0 4500.0 3834.0 3569.0 5004.0 4271.0 3396.0 2902.0 3076.0 3256.0 3498.0 3282.0 2869.0 2567.0 2557.0 2439.0 1356.0 838.0 332.0 527.0 0 599.0 1068.0 1486.0 1875.0 2874.0 2388.0 3302.0 3714.0 4130.0 4962.0 5056.0 9260.0 12286.0 
4147.0 4261.0 4252.0 3952.0 3985.0 4159.0 4365.0 4656.0 4339.0 4479.0 4652.0 6087.0 5354.0 4557.0 4460.0 4640.0 5250.0 3845.0 3388.0 2738.0 2393.0 2654.0 2748.0 3486.0 3902.0 4314.0 5228.0 5741.0 4910.0 6130.0 6859.0 7017.0 7616.0 7948.0 8143.0 7553.0 7035.0 6597.0 6252.0 5602.0 5145.0 4530.0 4710.0 5032.0 5320.0 5099.0 4433.0 4168.0 5603.0 4870.0 3995.0 3501.0 3675.0 3855.0 4097.0 3881.0 3468.0 3166.0 3156.0 3038.0 1955.0 1437.0 931.0 1126.0 599.0 0 469.0 887.0 1276.0 2275.0 1789.0 2703.0 3115.0 3531.0 4363.0 4457.0 8661.0 11687.0 
3989.0 4103.0 4094.0 3794.0 3827.0 4001.0 4207.0 4498.0 4181.0 4321.0 4494.0 5929.0 5196.0 4759.0 4856.0 5036.0 5646.0 4314.0 3857.0 3207.0 2862.0 3123.0 3217.0 3955.0 4371.0 4783.0 5697.0 6210.0 5379.0 6599.0 7328.0 7486.0 8085.0 8417.0 8612.0 8022.0 7504.0 7066.0 6721.0 6071.0 5614.0 4999.0 5179.0 5501.0 5789.0 5568.0 4902.0 4637.0 6072.0 5339.0 4464.0 3970.0 4144.0 4324.0 4566.0 4350.0 3937.0 3635.0 3625.0 3507.0 2424.0 1906.0 1400.0 1595.0 1068.0 469.0 0 729.0 1118.0 2117.0 1631.0 2545.0 2957.0 3373.0 4205.0 4299.0 8503.0 11529.0 
3260.0 3374.0 3365.0 3065.0 3098.0 3272.0 3478.0 3769.0 3452.0 3592.0 3765.0 5200.0 4467.0 4030.0 4127.0 4307.0 4917.0 4732.0 4275.0 3625.0 3280.0 3541.0 3635.0 4373.0 4789.0 5201.0 6115.0 6628.0 5797.0 7017.0 7746.0 7904.0 8503.0 8835.0 9030.0 8440.0 7922.0 7484.0 7139.0 6489.0 6032.0 5417.0 5597.0 5919.0 6207.0 5986.0 5320.0 5055.0 6490.0 5757.0 4882.0 4388.0 4562.0 4742.0 4984.0 4768.0 4355.0 4053.0 4043.0 3925.0 2842.0 2324.0 1818.0 2013.0 1486.0 887.0 729.0 0 389.0 1388.0 902.0 1816.0 2228.0 2644.0 3476.0 3570.0 7774.0 10800.0 
2871.0 2985.0 2976.0 2676.0 2709.0 2883.0 3089.0 3380.0 3063.0 3203.0 3376.0 4811.0 4078.0 3641.0 3738.0 3918.0 4528.0 4353.0 4664.0 4014.0 3669.0 3930.0 4024.0 4762.0 5178.0 5590.0 6504.0 7017.0 6186.0 7406.0 8135.0 8293.0 8892.0 9224.0 9419.0 8829.0 8311.0 7873.0 7528.0 6878.0 6421.0 5806.0 5986.0 6308.0 6596.0 6375.0 5709.0 5444.0 6879.0 6146.0 5271.0 4777.0 4951.0 5131.0 5373.0 5157.0 4744.0 4442.0 4432.0 4314.0 3231.0 2713.0 2207.0 2402.0 1875.0 1276.0 1118.0 389.0 0 999.0 513.0 1427.0 1839.0 2255.0 3087.0 3181.0 7385.0 10411.0 
1872.0 1986.0 1977.0 1677.0 1710.0 1884.0 2090.0 2381.0 2064.0 2204.0 2377.0 3812.0 3079.0 2642.0 2739.0 2919.0 3529.0 3354.0 3811.0 4461.0 4668.0 4929.0 5023.0 5761.0 6177.0 6589.0 7503.0 7632.0 6633.0 8021.0 8750.0 8908.0 9507.0 9782.0 9977.0 9276.0 8758.0 8320.0 7975.0 7325.0 6868.0 6253.0 6433.0 6755.0 7043.0 6822.0 6156.0 5891.0 7326.0 6593.0 5718.0 5224.0 5398.0 5578.0 5820.0 5604.0 5191.0 4889.0 4879.0 4761.0 4230.0 3712.0 3206.0 3401.0 2874.0 2275.0 2117.0 1388.0 999.0 0 1512.0 2426.0 2838.0 3254.0 2778.0 2872.0 6386.0 9412.0 
3384.0 3498.0 3489.0 3189.0 3222.0 3396.0 3602.0 3893.0 3576.0 3716.0 3889.0 5324.0 4591.0 4154.0 4251.0 4431.0 5041.0 4866.0 5177.0 4527.0 4182.0 4443.0 4537.0 5275.0 5691.0 6103.0 7017.0 7530.0 6699.0 7919.0 8648.0 8806.0 9405.0 9737.0 9932.0 9342.0 8824.0 8386.0 8041.0 7391.0 6934.0 6319.0 6499.0 6821.0 7109.0 6888.0 6222.0 5957.0 7392.0 6659.0 5784.0 5290.0 5464.0 5644.0 5886.0 5670.0 5257.0 4955.0 4945.0 4827.0 3744.0 3226.0 2720.0 2915.0 2388.0 1789.0 1631.0 902.0 513.0 1512.0 0 914.0 1326.0 1742.0 2574.0 2668.0 7394.0 10420.0 
2566.0 2684.0 2694.0 2996.0 3029.0 3203.0 3409.0 3625.0 3383.0 3523.0 3696.0 5131.0 4398.0 3961.0 4058.0 4238.0 4848.0 4673.0 5130.0 5441.0 5096.0 5357.0 5451.0 6189.0 6605.0 7017.0 7931.0 8444.0 7613.0 8833.0 9562.0 9720.0 10319.0 10651.0 10846.0 10256.0 9738.0 9300.0 8955.0 8305.0 7848.0 7233.0 7413.0 7735.0 8023.0 7802.0 7136.0 6871.0 8306.0 7573.0 6698.0 6204.0 6378.0 6558.0 6800.0 6584.0 6171.0 5869.0 5859.0 5741.0 4658.0 4140.0 3634.0 3829.0 3302.0 2703.0 2545.0 1816.0 1427.0 2426.0 914.0 0 412.0 828.0 1660.0 1754.0 6480.0 9506.0 
2154.0 2272.0 2282.0 2584.0 2617.0 2791.0 2997.0 3213.0 2971.0 3111.0 3284.0 4719.0 3986.0 3549.0 3646.0 3826.0 4436.0 4261.0 4718.0 5368.0 5508.0 5769.0 5863.0 6601.0 7017.0 7429.0 8343.0 8539.0 7540.0 8928.0 9657.0 9815.0 10414.0 10689.0 10884.0 10183.0 9665.0 9227.0 8882.0 8232.0 7775.0 7160.0 7340.0 7662.0 7950.0 7729.0 7063.0 6798.0 8233.0 7500.0 6625.0 6131.0 6305.0 6485.0 6727.0 6511.0 6098.0 5796.0 5786.0 5668.0 5070.0 4552.0 4046.0 4241.0 3714.0 3115.0 2957.0 2228.0 1839.0 2838.0 1326.0 412.0 0 416.0 1248.0 1342.0 6068.0 9094.0 
