69
thank equinox nationalism magnetic think line gift mind scrap predict leash dramatic car cancel appear prove basketball camp belief contract snap trance dedicate dialect craftsman work valid childish wrong thread fuss mosaic integrated celebration loud hide offensive dose merit direct mechanism domestic top create reach knit bring ballot bracket glide breakin desk steward battery traction pupil shelter community east linear salmon formation present inhibition transmission farewell identification vote pride
0 507605.78799 721718.43755 553763.61725 928080.49075 745521.53227 853696.6906 864282.04398 699191.29263 968621.65255 754022.68379 1029330.8019600001 783972.00492 674831.5079 551855.17248 1056848.43825 1054952.9148900001 987599.65364 1029504.92083 704762.54645 1072752.18976 706636.49377 550033.21529 1068338.05539 1085327.69371 814257.8224 561867.87211 1097757.7624 1021605.29433 1064678.21472 701144.67883 687274.7863 820624.88894 749275.97989 1032430.66655 1041460.9519 1124189.90246 696365.58959 1015126.30265 1064883.29519 593548.7662 900835.01757 896842.48196 982990.08202 965039.04779 1106963.64704 1041627.76882 1041142.43347 1109935.91358 621349.15636 1034394.0808900001 949995.37575 579955.49992 811990.69216 988997.33728 714106.49222 1127836.80047 1099743.74351 872853.18769 946694.92561 1068149.54819 549255.62737 876731.69785 1064295.75786 1089898.04647 613854.03374 943877.28402 1015251.4246 502495.70393 
507605.78799 0 846789.49937 976118.87954 1198754.44067 825840.56649 727837.12381 748767.53258 730716.42872 1108858.8685400002 1231972.7708100001 1144099.39093 1073590.99915 561242.67629 541154.185 825095.89577 1166107.8108199998 623107.95465 1154260.6316200001 1140910.7166 764731.6083 731139.7201 806521.79039 858989.24417 1177480.9829799999 1033806.0974399999 958867.93106 1109770.64782 1030333.7990899999 1126780.91874 1109389.0590599999 705734.21118 944124.49173 640434.64902 1079945.27884 1103185.2741099999 952908.51741 926874.96663 907137.20869 960404.08321 1101154.55419 641178.55048 1093641.4507499998 1092348.75323 1125523.31995 1070152.74971 883206.6425 1180298.45538 830076.00744 1114327.09074 811277.79336 767090.95137 566858.25083 856888.34717 1038762.5394 644096.50036 1059844.68305 1152335.2597500002 1110681.74247 1107583.31101 1046699.4560700001 732973.03636 1080514.24756 1052409.7215 1085960.28964 1090946.94032 685317.90075 815061.27219 754176.23031 
721718.43755 846789.49937 0 502109.4389 1099147.2259 1143598.99665 816149.28972 1116133.19799 741040.33338 1151231.37823 915699.18748 1075503.13288 1114654.36871 1081081.4949400001 923331.98319 809133.78184 596994.82641 531790.96855 1079676.97267 1194776.46593 1154763.61739 870023.83684 1116715.36706 755709.85772 1033673.5153600001 1062004.48905 569830.21153 660489.69979 597623.25314 1114545.7620899999 1065332.19557 695043.80405 799963.35657 1026534.15528 769240.13878 1117538.18376 1155532.78374 1133405.06676 737520.52336 730821.21961 940241.67587 581283.64503 1093265.70701 610930.57118 1080893.23384 969113.02051 713607.72322 1218193.0964600001 716002.33762 1105197.25635 922040.00184 1090726.7295 1102615.90251 1155984.05813 762458.88876 1019632.27819 990917.15749 1173096.18651 1099560.45851 1122653.0849799998 1097233.37149 1117584.35185 1164764.72106 1075867.45007 878824.36485 855219.41463 1132224.03015 937508.32882 1115745.7203199998 
553763.61725 976118.87954 502109.4389 0 906579.25734 1064099.42402 1220642.38245 1150928.34151 836326.17811 1103077.75814 700038.60247 590245.58001 1106065.52349 1142596.21453 969547.26796 870508.30965 1088170.55076 1033900.40745 1135468.52311 1037055.7044800001 754173.05168 964250.5787 1021703.5513800001 926764.35716 531564.07646 559895.05015 667724.42964 830050.69158 732705.17176 988457.86361 678722.29621 1141092.19571 832881.8519 1135593.00784 1034291.57371 615428.74486 1104922.0045099999 1035046.81275 880736.49722 540771.797 1130933.53428 1083393.08393 1199954.99979 703333.91573 1058696.62155 1070446.81245 1154195.3167400002 726740.38978 893086.86268 940651.43014 1085605.38526 611101.56626 1082683.5995200002 951211.68102 1149464.63286 622529.60371 1139176.3848 1093445.0841 597451.01961 1127370.65816 1122087.7172400001 934007.72757 712477.67127 1073112.66784 580318.53078 1162197.3821999999 872672.01587 584340.46058 711249.89956 
928080.49075 1198754.44067 1099147.2259 906579.25734 0 514687.45028 1021135.03997 1093392.23949 1080483.20493 1120470.1642200002 1101819.81884 865799.77967 679770.82822 745746.44418 1027292.68453 552147.29436 1020057.84716 1070098.11945 991504.50009 911229.23311 1137283.10776 900921.30307 1075468.59868 1095081.6567000002 856607.53185 599772.75534 1101570.0082800002 1119692.2606000002 832873.28987 1043163.5502299999 525094.47239 1074394.79537 1040376.7399200001 1137164.65256 1065741.94594 672377.0035 736990.35731 1065643.9578 614841.1261 755912.75812 857330.86754 1137666.81382 1128193.44007 803261.31083 1031966.55317 1117503.7063199999 846687.8946 584080.05994 594694.66549 552340.44002 795314.1514 1113488.93925 789953.29175 802490.29322 1049995.03087 597961.66687 1068089.87244 648411.77087 864228.33576 599956.70772 548488.4649 874341.7986 828080.41966 532812.06194 989538.44951 576572.81243 1082812.78591 1082135.54764 672910.49933 
745521.53227 825840.56649 1143598.99665 1064099.42402 514687.45028 0 506447.58969 1008478.67533 565795.75465 1084376.9906600001 1117928.4671 787558.11983 1031210.40225 617549.558 1130411.40417 1066834.7446400002 980181.72627 1139538.1433 958182.55335 678431.29579 852524.46621 1025982.8115099999 641289.79059 795725.19381 1175565.62452 1114460.2056200001 887261.68957 1046821.16802 549742.68804 1082241.21836 637123.64615 1163661.73318 1064390.19762 1062115.48842 974959.56893 910608.06068 1171905.61261 1107564.17717 723784.18895 871368.80836 1169120.6568800001 671228.84723 1049970.92788 532668.42547 517279.10289 694258.56701 760085.08794 1053524.67611 1109382.11577 807422.71472 1072104.93837 925788.95988 549065.92229 875551.03723 1057225.39828 1070049.20325 553402.42216 580875.76147 1128558.13233 991422.67703 803975.0805 686347.11169 807542.45795 776292.20759 999805.59211 885615.66227 757602.88083 1046155.8924499999 1157375.62889 
853696.6906 727837.12381 816149.28972 1220642.38245 1021135.03997 506447.58969 0 502031.08564 1010188.87933 786108.17513 1126900.63459 860736.16906 1045721.89261 549040.02673 663957.62806 1103649.84771 894033.83296 1128399.7506900001 1048691.92276 721780.52489 902391.44604 1070629.84089 1042088.9018600001 890464.30296 977670.57279 1098613.93604 1064816.66837 721824.09677 1056190.27773 935607.90975 541920.08624 1030638.8261500001 1057202.35377 914544.16224 881807.64722 1099942.77307 1045809.7773800001 1066742.5176 1166391.1434499999 819038.71399 953259.39005 1122262.94619 796208.97817 1039116.01516 531790.59325 877680.76406 1043582.1137999999 1051474.36384 1140881.37274 1074908.50501 1150565.79402 653822.02088 1055513.51198 1069621.23393 550777.80859 1051185.68926 561064.62452 595460.25157 797561.51249 1148598.8225099999 909673.0132 1078897.11601 1139529.64219 893606.35846 1084174.8024900001 913665.1633 1049670.5801900001 800318.06141 663143.29793 
864282.04398 748767.53258 1116133.19799 1150928.34151 1093392.23949 1008478.67533 502031.08564 0 508157.79369 1026739.0297000001 991924.57951 793374.17133 1015651.1206499999 941474.8678 533866.09949 957844.08607 1018619.44921 966422.16738 1042803.9215200001 1073483.37241 1131941.74608 1078210.14531 1012018.1299 639816.4616 630686.44999 1017344.85266 1034745.89641 763911.16367 901228.17206 1053913.85711 846296.89339 528607.74051 849368.23035 1089136.03376 1140087.07391 1037191.01527 637970.31958 668498.65014 1092341.5619700002 1019644.64584 733878.77398 1083420.13773 1085277.2576199998 1036842.1531799999 501719.82129 627274.28133 617775.23697 696959.07511 1051922.73991 1043737.6188399999 723481.43356 1145836.5500400001 1114530.6869899998 1039550.46197 1052808.89423 583727.68855 941155.29836 622996.45453 1175828.48285 749036.87429 940258.23102 955213.88636 1053389.54942 838663.73233 639739.34631 559890.73811 961575.89395 1030596.6108499999 1029339.3177700001 
699191.29263 730716.42872 741040.33338 836326.17811 1080483.20493 565795.75465 1010188.87933 508157.79369 0 518581.23601 1071596.7454300001 1175000.78951 1039875.77072 522799.98953 828650.69566 614535.7975 1090369.22495 819075.16982 747921.69957 859717.01603 963646.44242 1137814.36699 1145954.3791200002 1115904.60683 887642.6912 736048.62741 1034096.75529 1194652.42423 1109458.0954 576959.56508 750922.78609 1036765.5342000001 1150227.35996 1025640.45521 668497.23372 1063530.7248300002 1059500.20216 1135977.01418 634640.75069 888283.53694 1091192.89657 737432.4323 785319.86915 1053906.06647 1009877.6149800001 1031710.0629499999 974861.59312 1050638.30509 831882.72947 1049603.58656 857926.10153 1053523.21465 905818.50845 1062999.50508 960551.56675 1091885.48224 900816.59082 744461.29161 1108487.77072 616330.10349 1040941.3407400001 1127668.8743699999 662023.32882 1098188.92552 584643.30991 1068048.5318 702588.35635 1066968.39975 805693.18877 
968621.65255 1108858.8685400002 1151231.37823 1103077.75814 1120470.1642200002 1084376.9906600001 786108.17513 1026739.0297000001 518581.23601 0 553015.50942 1063004.3555 1095182.91386 578621.48757 1091483.33374 850138.52297 921214.69242 1084758.87319 883923.74464 722302.46091 972990.36391 876392.39756 970394.37942 1171362.23535 631868.61558 1054397.4045000002 641678.26165 1134310.09626 1068284.19431 1095540.80109 1076456.98149 768364.6954 812148.14394 1019971.80492 1082716.84162 763561.35734 1036442.1696 1122121.1108300001 1153221.9867 947825.49686 631810.38873 1040006.3409899999 660670.81958 1109727.56451 701015.47398 1069429.43286 1051117.07825 674652.96188 630072.45554 1067261.9566199998 1070582.797 1039320.7447500001 659996.55592 600402.05616 1140451.64573 1104432.76277 942173.44187 937598.9627 1156514.13812 839510.07137 1137243.05999 748324.86725 856105.5909 1088280.61908 843100.54309 1075774.62817 834830.98149 1032858.00935 1036999.26559 
754022.68379 1231972.7708100001 915699.18748 700038.60247 1101819.81884 1117928.4671 1126900.63459 991924.57951 1071596.7454300001 553015.50942 0 544134.76194 1068236.90878 825571.88436 723130.16714 862603.47467 1083013.0752599998 1240719.3403 1086435.0615400001 1077363.08556 572067.97385 1072108.10436 877900.34211 1119717.55111 628655.81613 1081150.25401 1115475.23634 763284.89366 932573.98987 698749.13911 900609.88656 598935.83345 1102923.45312 1101633.34299 1083810.16227 1144720.22603 829340.32003 1109596.2559500001 1036764.09485 1155866.95505 844135.3953 1146772.78448 1102176.20994 1102262.30188 1095668.58795 1143503.88007 1063265.56102 1062780.22567 1183087.96496 876061.84496 1136419.7449699999 1184917.9872400002 1046975.67692 967818.66378 1157111.84907 981168.65927 774434.10816 767640.48905 1097355.89516 840517.65615 1091310.4525000001 618644.18625 1118897.10358 1085933.55006 1155841.50998 573962.65856 1076783.5726299998 751819.03451 612310.70919 
1029330.8019600001 1144099.39093 1075503.13288 590245.58001 865799.77967 787558.11983 860736.16906 793374.17133 1175000.78951 1063004.3555 544134.76194 0 524102.14684 1034268.44838 954645.0601 1043972.5356899999 538878.31332 1022319.66552 1057519.3006 838231.52643 809330.12416 1088845.795 786619.12049 1149057.48597 991584.61787 1141464.06912 1120903.0648 1165582.0299300002 1016871.59841 1145079.68986 627972.0531 903180.9392 1094173.63329 592400.86447 1071645.50853 897048.75051 628100.18771 901455.03229 1047763.64953 1086277.06708 1052984.31177 972605.4748 1142511.8336 1075378.5188199999 1038033.4462 996819.47441 694924.33719 1105687.06733 1114437.07671 1111561.0025 1104715.3505199999 1053025.60674 1033761.92398 924887.25079 1065580.80749 1130488.36714 1068698.7195100002 512383.99547 1066945.99697 803860.90317 673843.93628 594370.38057 1038006.37101 996427.5118 1083907.91308 670241.334 1210258.13972 1057267.40154 870949.05802 
783972.00492 1073590.99915 1114654.36871 1106065.52349 679770.82822 1031210.40225 1045721.89261 1015651.1206499999 1039875.77072 1095182.91386 1068236.90878 524102.14684 0 566602.55805 1071497.28997 822721.08796 1030597.21792 815030.02834 875773.50321 1147800.1543700001 1032833.7211499999 1063874.21089 1024229.60797 654564.46914 1076313.05909 650350.98864 1046957.37448 1140124.9792 1169114.95579 1100100.1615300002 1076415.4186800001 1048342.07598 1226184.05377 1096032.9978800002 727065.87962 1118419.28709 1098059.88686 1024997.76618 523661.50269 1028883.29836 1031452.30227 831585.66362 747790.8319 1062473.22037 513931.29936 1034345.69626 1043478.89048 704562.12949 748048.96007 1050172.67914 785306.1345 1067542.98887 1087784.36019 927303.5124 642961.8062 1018172.59397 659746.2877 1036486.14231 1019127.71892 1137533.9109 1058934.95429 1021061.47914 587180.89645 842411.09402 738727.73002 948491.07644 1031811.2863 533165.2547 689455.79107 
674831.5079 561242.67629 1081081.4949400001 1142596.21453 745746.44418 617549.558 549040.02673 941474.8678 522799.98953 578621.48757 825571.88436 1034268.44838 566602.55805 0 512861.84617 1017855.11194 1131601.24493 731520.83328 1070385.10999 636286.4944 1100374.35678 623077.52843 939905.12186 598722.85389 1102051.79339 1000283.25553 1027342.7653099999 1086910.5907800002 966313.94395 1052793.52724 849774.01646 1055275.33477 1051153.2414 1071980.99202 1053249.89763 551816.72904 1041567.86311 1036054.8541900001 1090264.06074 847371.46499 1046955.80348 763848.36432 646711.94315 531106.07694 685792.97663 508910.07342 645080.09084 716153.543 1063523.35736 1064894.41788 1146256.1698699999 1104742.94233 663902.66294 601031.26054 877158.8554 820208.61329 831766.76562 1140249.78269 585687.78119 1026457.07202 558621.57242 887723.83302 1011768.29264 760571.49546 1038296.70312 699141.72506 826306.38532 954710.23394 967419.67119 
551855.17248 541154.185 923331.98319 969547.26796 1027292.68453 1130411.40417 663957.62806 533866.09949 828650.69566 1091483.33374 723130.16714 954645.0601 1071497.28997 512861.84617 0 504993.26577 1010087.48814 1136918.4526 1106872.90664 828257.03227 626232.55672 694089.02721 1093374.2152800001 669657.22169 1113386.73287 677383.21564 925443.10736 671419.69228 1033262.42394 585626.73374 1103695.81158 691703.95993 1054271.88292 849229.62573 1127463.65795 687107.49242 1132778.5711 1079157.341 1148674.53838 694172.02445 1103277.57659 1038374.6959599999 1094953.7903 1043967.9231100001 1035585.92078 555108.47456 655462.88071 1110720.7385 1110533.32935 1084674.79165 1087823.85493 1125895.54971 1108012.43583 1100291.13264 594636.31959 580002.25025 637996.51543 1119567.69695 1059244.55968 566429.12601 1071483.41859 1101110.79985 905035.02838 817092.28106 1057021.70223 1079749.1390499999 1101673.77522 538332.03527 961757.15455 
1056848.43825 825095.89577 809133.78184 870508.30965 552147.29436 1066834.7446400002 1103649.84771 957844.08607 614535.7975 850138.52297 862603.47467 1043972.5356899999 822721.08796 1017855.11194 504993.26577 0 505094.22237 1133874.9942 601879.64087 1017215.13379 924435.42383 842971.85466 1096982.3499099999 775577.31855 1119475.73257 612896.38627 794505.43335 1176412.95805 927908.00494 942884.09813 625287.85705 556031.68148 1060019.30115 656126.10093 919822.27024 628897.2389 627785.30533 825778.1138 1151781.57613 1052492.9761299998 808112.35907 856908.98308 613840.0434 1088780.48044 1051917.28187 954686.18056 918459.75559 754208.42541 1146841.9598500002 1104487.73438 697807.33026 650627.58088 956050.32575 615746.44676 830748.31119 1046196.1301899999 1065672.81214 972279.8669 776426.47118 1071422.39178 1044987.2843299999 878841.51711 1035737.10231 860497.13374 903331.08312 1128720.10679 692838.40074 1037079.8247199999 1106958.68552 
1054952.9148900001 1166107.8108199998 596994.82641 1088170.55076 1020057.84716 980181.72627 894033.83296 1018619.44921 1090369.22495 921214.69242 1083013.0752599998 538878.31332 1030597.21792 1131601.24493 1010087.48814 505094.22237 0 975899.63454 732885.18102 1045813.10378 1050007.61219 549967.48168 650748.2389 1040852.25097 1113875.81964 706524.20517 1091031.84577 1079558.42581 1082436.11643 1030880.35357 512811.27573 926661.88845 1028093.54326 592027.68501 532767.19521 714079.20107 1035156.1616100001 1219955.30767 790153.5957 547398.75376 585134.52093 1023077.64588 1104490.96489 941920.07328 558005.77065 1065152.7861 505078.62202 794311.61593 891159.51304 1098859.81641 1138573.05257 683199.17862 1082961.13029 1095836.41133 982226.57266 1082257.25895 1048189.92399 935111.39497 1018925.5624200001 823735.2497 1043830.60936 780147.59161 794325.97994 1064809.16762 1057236.65754 713068.38901 1075885.75759 1086882.5602099998 807329.70276 
987599.65364 623107.95465 531790.96855 1033900.40745 1070098.11945 1139538.1433 1128399.7506900001 966422.16738 819075.16982 1084758.87319 1240719.3403 1022319.66552 815030.02834 731520.83328 1136918.4526 1133874.9942 975899.63454 0 927372.65742 828932.117 691772.42371 552162.42454 1065191.66721 610909.96012 989842.34884 1052125.06157 1101621.1800799998 825439.91344 1085800.80439 620164.54087 698990.15204 1089419.0624799998 1107073.68103 1109072.4585600002 710116.85816 1036449.88448 844819.91064 1213702.70096 734981.32149 530050.67947 592041.54779 1113074.6135800001 1111397.99175 722304.8678 1010254.34783 1087990.64647 638306.08314 1110818.6511000001 717219.97711 1113506.43027 650754.20577 1051638.19725 721636.06809 1149984.3404299999 1100682.80479 1102782.50223 586135.72114 826004.09297 1171946.9209699999 1088812.83299 1116387.8789300001 622075.15405 1063610.09868 936242.00767 761356.98112 1096457.0381 723947.82727 1097159.81475 642197.08758 
1029504.92083 1154260.6316200001 1079676.97267 1135468.52311 991504.50009 958182.55335 1048691.92276 1042803.9215200001 747921.69957 883923.74464 1086435.0615400001 1057519.3006 875773.50321 1070385.10999 1106872.90664 601879.64087 732885.18102 927372.65742 0 502708.37642 1008003.48813 1105527.21887 1115793.17777 711942.64369 751516.50984 1030588.6052600001 1121699.6838699998 979481.39975 1057392.32705 1071403.4771699999 570825.739 609988.2001 805310.0645 810499.86409 947575.59471 1042455.6713 845106.55337 1139695.51096 765355.62684 773860.92541 1018060.09797 1096101.5506099998 730807.8266 1139281.2322 1064276.58464 1086423.80902 680327.10342 1080071.4403000001 1104756.20567 691698.95666 786829.12854 1083241.3209799998 1075385.60614 919202.5068 601047.26672 785855.62072 1021316.4216799999 1037451.6687 813511.38759 568876.81042 1036680.051 631782.857 683268.08225 1044075.7922700001 591204.71073 1103641.67827 892225.81484 1021976.6870500001 1031514.2106900001 
704762.54645 1140910.7166 1194776.46593 1037055.7044800001 911229.23311 678431.29579 721780.52489 1073483.37241 859717.01603 722302.46091 1077363.08556 838231.52643 1147800.1543700001 636286.4944 828257.03227 1017215.13379 1045813.10378 828932.117 502708.37642 0 505295.11171 1005335.24222 1045448.51712 1039164.34507 505491.62802 1012070.97432 1072839.88881 847817.80255 1032146.4243600001 924027.04357 1073534.11542 1044551.44772 1107097.2686299998 605324.49981 513045.90857 600070.05932 1097977.58691 1128366.46271 983668.68094 679031.9546 1116239.6512 729618.69003 1086961.3727199999 1140594.33658 1011707.3766000001 862561.98117 1131710.8204299998 818009.88647 602047.82925 1110660.06023 1107215.76374 580532.94456 879914.90987 768246.40129 1061004.3439699998 1038876.1106400001 1169909.66365 820049.21993 781534.54111 957650.80405 1064499.49288 952328.67069 910574.50745 1047040.2194000001 995687.42616 776211.33912 1091025.1319 1046731.2505399999 944743.42558 
1072752.18976 764731.6083 1154763.61739 754173.05168 1137283.10776 852524.46621 902391.44604 1131941.74608 963646.44242 972990.36391 572067.97385 809330.12416 1032833.7211499999 1100374.35678 626232.55672 924435.42383 1050007.61219 691772.42371 1008003.48813 505295.11171 0 500040.13051 1017512.2938399999 896429.64144 588173.34875 1064651.66003 1098112.36404 616574.42364 1089443.93229 1081367.98915 1065828.26199 933149.99747 1074276.26522 1086832.9832600001 1018341.02028 1064057.5326200002 868512.12138 874144.04278 522441.98166 618021.86018 1073073.4648 1064247.06839 1123907.6770199998 660081.0591 1080839.66754 859496.15092 1075357.80565 556273.98439 731366.85226 610725.51258 601920.65203 1085828.05627 1090333.60877 695271.72202 1208950.6088100001 1121557.83137 1026159.91767 1135263.25838 1026527.5626099999 1036690.53896 870497.88134 836439.95485 1087005.14418 975836.70821 1136663.99704 796652.04249 993671.12854 1164564.59199 570256.48583 
706636.49377 731139.7201 870023.83684 964250.5787 900921.30307 1025982.8115099999 1070629.84089 1078210.14531 1137814.36699 876392.39756 1072108.10436 1088845.795 1063874.21089 623077.52843 694089.02721 842971.85466 549967.48168 552162.42454 1105527.21887 1005335.24222 500040.13051 0 539314.29983 1127899.28642 1088213.47926 1081937.46074 598072.23353 1106170.28846 903774.13152 655393.74107 1062778.75741 549602.4048 574236.13471 1076008.90353 1082734.67689 923779.5102 617503.38599 1116057.59729 1022482.11217 637920.22321 624086.44451 646121.60806 995144.21426 1060740.89619 818996.91452 830371.58365 790961.26579 1056314.1149 1078247.48624 1038977.06678 855382.76929 992909.56465 727481.66488 1070512.41508 1132727.70151 642706.70555 1101388.6827 1089788.97939 648173.75067 536650.40845 1037681.08334 551609.81909 1028430.90132 1020059.03647 636623.86653 693527.98752 1019997.16524 795434.58969 894359.42265 
550033.21529 806521.79039 1116715.36706 1021703.5513800001 1075468.59868 641289.79059 1042088.9018600001 1012018.1299 1145954.3791200002 970394.37942 877900.34211 786619.12049 1024229.60797 939905.12186 1093374.2152800001 1096982.3499099999 650748.2389 1065191.66721 1115793.17777 1045448.51712 1017512.2938399999 539314.29983 0 691016.84867 746790.06719 611025.92813 1043324.3837300001 700192.7912 1084810.86059 1126815.4834099999 856528.25402 1088916.70463 889561.60483 1112137.5802799999 829385.49809 1065421.55989 1096290.59052 576743.29746 893688.26065 728817.9362 1062795.12955 1133097.6120600002 725873.09503 1094073.2105 510298.30861 974423.69397 1103292.9101 658439.63862 1110118.4385600002 1032290.3513199999 1105984.8874 1098124.66149 1063712.81055 879450.8723 880357.98067 865672.59119 1082495.89253 1041834.3548300001 828698.57144 1075964.70828 587498.77939 1047648.90088 1192696.18571 768183.72039 1119587.4778 1143645.6269299998 750143.51331 1039175.0981699999 844798.06872 
1068338.05539 858989.24417 755709.85772 926764.35716 1095081.6567000002 795725.19381 890464.30296 639816.4616 1115904.60683 1171362.23535 1119717.55111 1149057.48597 654564.46914 598722.85389 669657.22169 775577.31855 1040852.25097 610909.96012 711942.64369 1039164.34507 896429.64144 1127899.28642 691016.84867 0 634070.61917 1036659.1979700001 529827.05289 791563.0617 934151.78916 648056.03725 817332.71528 1104775.10028 600787.48061 1058329.25322 1065004.1396400002 1125914.2034 1046885.7380300001 970249.7672 1106898.1448 1140960.6395899998 569840.20997 929078.27341 696411.12397 716804.33494 748056.16411 557180.07172 535773.62895 968263.24809 940522.3076 905098.61869 547533.31598 506020.08844 1025520.64266 898357.36444 1078481.46697 604584.23342 867105.88063 861595.58961 841452.07994 916525.1109 865986.90009 909641.21679 1121855.64109 924378.36607 621825.90247 575389.29091 508847.89772 1067020.24245 1072383.08113 
1085327.69371 1177480.9829799999 1033673.5153600001 531564.07646 856607.53185 1175565.62452 977670.57279 630686.44999 887642.6912 631868.61558 628655.81613 991584.61787 1076313.05909 1102051.79339 1113386.73287 1119475.73257 1113875.81964 989842.34884 751516.50984 505491.62802 588173.34875 1088213.47926 746790.06719 634070.61917 0 506579.3463 712620.62746 810061.89253 1045320.7605300001 1093229.53895 1004494.60467 926821.04197 706260.80807 692317.03553 1018537.53659 677463.1782 953610.97654 1074380.4872400002 1110615.33041 818452.05804 1187252.21527 1094034.40407 1121128.87637 777111.81412 1047716.93154 1169639.71092 732975.06067 1025469.84583 998940.26934 794439.58477 1039880.4225699999 996228.29982 822474.28235 551478.18924 678610.95827 533384.48262 886957.45201 1112234.50445 1129015.09607 1085340.19587 842234.66089 804696.01089 684357.37117 541548.59138 1098594.90273 856225.92787 716718.21043 1112903.60284 1126795.85306 
814257.8224 1033806.0974399999 1062004.48905 559895.05015 599772.75534 1114460.2056200001 1098613.93604 1017344.85266 736048.62741 1054397.4045000002 1081150.25401 1141464.06912 650350.98864 1000283.25553 677383.21564 612896.38627 706524.20517 1052125.06157 1030588.6052600001 1012070.97432 1064651.66003 1081937.46074 611025.92813 1036659.1979700001 506579.3463 0 506832.14508 1060087.63626 1038884.1399300001 1111039.92742 1085621.0259 994855.95054 657722.96141 776515.71091 1024002.19678 556516.72319 1046983.5839499999 1087465.78486 1045320.84274 965506.0049 794132.31022 1113875.81273 649979.53472 1097041.0004500002 915053.4797 1122918.4241999998 726710.72988 679101.43831 786738.36331 591666.29584 1096234.0592200002 1027728.66305 1070100.79861 1058057.53554 1009187.3142200001 1010944.18555 1147269.83708 1043419.85546 1069238.04249 733752.79405 562192.66709 668598.66009 1011565.32649 1048127.93768 592015.55643 1044412.26591 1041073.03675 862813.61625 1064063.10193 
561867.87211 958867.93106 569830.21153 667724.42964 1101570.0082800002 887261.68957 1064816.66837 1034745.89641 1034096.75529 641678.26165 1115475.23634 1120903.0648 1046957.37448 1027342.7653099999 925443.10736 794505.43335 1091031.84577 1101621.1800799998 1121699.6838699998 1072839.88881 1098112.36404 598072.23353 1043324.3837300001 529827.05289 712620.62746 506832.14508 0 553255.49118 1035005.12367 799255.53024 578788.88082 1072121.39348 1030274.96915 528502.20033 730189.73934 1048666.46331 1055198.1982999998 1052900.9128999999 1152412.5864900001 1050950.8996700002 664211.48567 866678.00663 1090795.71713 959320.10033 533026.07512 748509.66615 1065600.6818400002 744691.37268 957550.54103 587619.53959 1077360.36887 520896.51797 1040397.07219 586153.8466 1015236.0874000001 963656.46231 1109557.19113 1061538.12924 813374.85712 552822.87345 1023173.00407 1111123.49948 1059215.06824 826365.6942 1096248.6345600002 1087587.7412999999 1038674.95061 537193.18956 1064363.57604 
1097757.7624 1109770.64782 660489.69979 830050.69158 1119692.2606000002 1046821.16802 721824.09677 763911.16367 1194652.42423 1134310.09626 763284.89366 1165582.0299300002 1140124.9792 1086910.5907800002 671419.69228 1176412.95805 1079558.42581 825439.91344 979481.39975 847817.80255 616574.42364 1106170.28846 700192.7912 791563.0617 810061.89253 1060087.63626 553255.49118 0 745385.65318 1012515.8585099999 1006749.15391 829647.81694 531934.15375 1033706.92257 1092930.4153200001 863489.07073 1049376.53203 543964.31013 1045300.5736199999 759479.7923 1100076.33295 1050046.1605699998 1070048.8503 555804.51384 768863.78751 892364.43155 602949.19658 1105696.43971 905582.88717 1034788.20514 1105867.83012 1074152.00915 626620.16482 1051350.04538 1090847.54592 1090952.60348 1058411.10996 894052.2049 1077288.53487 1065831.41022 1063774.32259 734569.26689 981936.44679 1054514.36323 1124082.54265 706206.55759 1045676.34628 1079638.94316 642183.69715 
1021605.29433 1030333.7990899999 597623.25314 732705.17176 832873.28987 549742.68804 1056190.27773 901228.17206 1109458.0954 1068284.19431 932573.98987 1016871.59841 1169114.95579 966313.94395 1033262.42394 927908.00494 1082436.11643 1085800.80439 1057392.32705 1032146.4243600001 1089443.93229 903774.13152 1084810.86059 934151.78916 1045320.7605300001 1038884.1399300001 1035005.12367 745385.65318 0 532498.53032 1050567.60816 995086.70311 712374.0302 840445.2679 1063895.31345 1029001.74835 659409.55142 1067215.7962099998 1095450.11873 707743.74719 1111689.871 921033.03318 731719.38985 1034058.6055 833401.02791 1198558.1779999998 1123040.30687 1057592.53508 749221.40438 675397.5133 754869.2958 1081310.84311 561810.28889 1054227.736 657481.92608 1066817.36975 550170.58866 575472.93337 1130034.93487 1107555.5186299998 1038855.0195299999 519961.09871 827653.96906 1080457.44146 1115718.32657 782508.79429 1157833.18493 797123.09067 1129103.30452 
1064678.21472 1126780.91874 1114545.7620899999 988457.86361 1043163.5502299999 1082241.21836 935607.90975 1053913.85711 576959.56508 1095540.80109 698749.13911 1145079.68986 1100100.1615300002 1052793.52724 585626.73374 942884.09813 1030880.35357 620164.54087 1071403.4771699999 924027.04357 1081367.98915 655393.74107 1126815.4834099999 648056.03725 1093229.53895 1111039.92742 799255.53024 1012515.8585099999 532498.53032 0 518069.07784 528852.82071 1032840.44038 1176062.8072600001 1037587.6353800001 1077751.39494 1072879.30621 897986.26385 576438.65884 1034262.5285400001 1046929.3734599999 1039554.99148 527572.9295 1044875.43191 706811.25547 1081420.59861 676001.03197 525094.00476 1035020.23239 1058290.97932 759201.4346 1086864.39013 885395.14368 752631.05086 587266.88711 908914.99307 538821.06833 987817.13021 622202.36672 1065545.77318 897296.97136 550709.30929 1050962.22662 1078017.13741 1028278.97371 639146.92791 625334.65461 703093.39218 596604.7742 
701144.67883 1109389.0590599999 1065332.19557 678722.29621 525094.47239 637123.64615 541920.08624 846296.89339 750922.78609 1076456.98149 900609.88656 627972.0531 1076415.4186800001 849774.01646 1103695.81158 625287.85705 512811.27573 698990.15204 570825.739 1073534.11542 1065828.26199 1062778.75741 856528.25402 817332.71528 1004494.60467 1085621.0259 578788.88082 1006749.15391 1050567.60816 518069.07784 0 822731.86387 515282.26753 1017055.03635 736532.07193 1062163.0347 1165641.0595 1118027.0187 717518.11163 1060210.02949 531997.01073 1045630.95034 1045642.00734 1169792.07162 1041779.78367 1057525.43551 629521.95233 509554.2776 1019480.50523 1055663.76823 1058984.60861 744229.83466 1066519.0588699998 1047121.96733 1016180.0005399999 891426.75939 1056890.14617 846007.77961 822723.28032 670187.19849 1073582.93729 1068778.38713 1076630.19495 1057906.5343300002 975622.30087 1101667.2848200002 1029024.46006 1011017.35583 1114673.85204 
687274.7863 705734.21118 695043.80405 1141092.19571 1074394.79537 1163661.73318 1030638.8261500001 528607.74051 1036765.5342000001 768364.6954 598935.83345 903180.9392 1048342.07598 1055275.33477 691703.95993 556031.68148 926661.88845 1089419.0624799998 609988.2001 1044551.44772 933149.99747 549602.4048 1088916.70463 1104775.10028 926821.04197 994855.95054 1072121.39348 829647.81694 995086.70311 528852.82071 822731.86387 0 503987.61967 1005760.38849 826498.35491 848937.10694 1042001.70857 1080833.48236 634232.01115 933055.86575 1076797.24003 648781.81812 1056425.75021 708822.98778 1030327.5618 556641.34411 735961.29506 664265.53601 631634.23145 1028901.13662 945426.5336 1132505.22498 1063737.56448 870882.86393 825369.13807 682174.7403 1067673.88904 1024395.72841 700215.11075 1037884.8761400001 770559.08775 1025034.72624 524781.80891 964891.60962 1158503.2040900001 771415.57836 1015282.09455 1008235.86144 672557.0695 
820624.88894 944124.49173 799963.35657 832881.8519 1040376.7399200001 1064390.19762 1057202.35377 849368.23035 1150227.35996 812148.14394 1102923.45312 1094173.63329 1226184.05377 1051153.2414 1054271.88292 1060019.30115 1028093.54326 1107073.68103 805310.0645 1107097.2686299998 1074276.26522 574236.13471 889561.60483 600787.48061 706260.80807 657722.96141 1030274.96915 531934.15375 712374.0302 1032840.44038 515282.26753 503987.61967 0 501772.76882 980851.77558 1021937.0318 1102499.22863 1075898.4638800002 1053796.08617 1081424.07718 862489.74676 1152769.4377899999 1022270.8985 1083679.597 1031622.17947 542243.16798 1092805.24778 573762.28596 1083688.51359 1083359.64408 1045843.1577099999 628517.60531 962160.7721 1067759.2631 1157859.46056 732427.38171 1027105.22068 1087035.82741 1139079.50641 533897.25647 1046016.05983 851049.15639 1028769.4285800001 1150457.4669599999 1138649.95517 844001.40062 513742.19253 1077083.93248 826144.84676 
749275.97989 640434.64902 1026534.15528 1135593.00784 1137164.65256 1062115.48842 914544.16224 1089136.03376 1025640.45521 1019971.80492 1101633.34299 592400.86447 1096032.9978800002 1071980.99202 849229.62573 656126.10093 592027.68501 1109072.4585600002 810499.86409 605324.49981 1086832.9832600001 1076008.90353 1112137.5802799999 1058329.25322 692317.03553 776515.71091 528502.20033 1033706.92257 840445.2679 1176062.8072600001 1017055.03635 1005760.38849 501772.76882 0 501099.13652 520164.26298 1131175.68505 1132928.09644 1093593.2615200002 872963.63142 525525.92893 1007637.6581900001 927682.75337 892587.0329 1061528.27545 1044015.9368 1097106.30703 1017122.2600400001 827067.95807 1049735.43674 903890.67739 728233.17682 1018232.3605500001 1114656.0469300002 672487.50361 931966.49276 1035327.41662 1058894.79118 1097197.96658 1006912.11632 1108940.4302 712493.36382 751082.04748 1129802.22683 1076951.66339 854081.32902 649472.15239 897273.83331 975973.28413 
1032430.66655 1079945.27884 769240.13878 1034291.57371 1065741.94594 974959.56893 881807.64722 1140087.07391 668497.23372 1082716.84162 1083810.16227 1071645.50853 727065.87962 1053249.89763 1127463.65795 919822.27024 532767.19521 710116.85816 947575.59471 513045.90857 1018341.02028 1082734.67689 829385.49809 1065004.1396400002 1018537.53659 1024002.19678 730189.73934 1092930.4153200001 1063895.31345 1037587.6353800001 736532.07193 826498.35491 980851.77558 501099.13652 0 501433.16859 1129636.5041 710194.4536 1102971.54435 655514.04867 1026625.0654500001 850544.71408 956020.44716 1041957.44585 1080870.65582 1044127.13753 788765.07401 623759.69686 836636.60662 1061923.62836 1065244.46874 690345.49297 1042516.97017 1094896.5385699999 805891.28318 1036292.71365 1124502.88472 822060.79046 1176171.86454 561034.53194 932971.51171 905940.84997 1112757.28283 1111071.1324399998 1042430.3315999999 1063053.8991999999 1022070.16116 1065656.40907 1136080.49577 
1041460.9519 1103185.2741099999 1117538.18376 615428.74486 672377.0035 910608.06068 1099942.77307 1037191.01527 1063530.7248300002 763561.35734 1144720.22603 897048.75051 1118419.28709 551816.72904 687107.49242 628897.2389 714079.20107 1036449.88448 1042455.6713 600070.05932 1064057.5326200002 923779.5102 1065421.55989 1125914.2034 677463.1782 556516.72319 1048666.46331 863489.07073 1029001.74835 1077751.39494 1062163.0347 848937.10694 1021937.0318 520164.26298 501433.16859 0 907598.97485 666722.29353 881580.91254 1031965.51241 1045690.19191 792135.81809 805711.16284 540524.27726 998949.10372 1045227.64808 809549.11945 1095432.31812 1115799.2906499999 1093174.30827 623431.24617 1161998.92074 1111358.8476300002 692935.66319 600270.02179 963786.51888 632633.35414 1093947.91136 748030.45371 1062467.70053 599742.85839 1033480.3245699999 726269.6335 609637.96385 1057570.64093 1104766.5757499998 1082980.22492 1164543.40914 737251.37724 
1124189.90246 952908.51741 1155532.78374 1104922.0045099999 736990.35731 1171905.61261 1045809.7773800001 637970.31958 1059500.20216 1036442.1696 829340.32003 628100.18771 1098059.88686 1041567.86311 1132778.5711 627785.30533 1035156.1616100001 844819.91064 845106.55337 1097977.58691 868512.12138 617503.38599 1096290.59052 1046885.7380300001 953610.97654 1046983.5839499999 1055198.1982999998 1049376.53203 659409.55142 1072879.30621 1165641.0595 1042001.70857 1102499.22863 1131175.68505 1129636.5041 907598.97485 0 519547.29306 1020883.55655 1075185.3637 678170.1569 778280.55587 1106574.81584 853418.9408 1062582.78317 885196.9167 536119.10717 1031059.1987 1040189.84353 1066221.21355 772725.99942 540865.64959 1060366.20381 1083314.3969700001 1049385.94104 1169211.25927 992936.23862 707874.8287 1146917.29455 568601.97216 1033797.9056200001 1129876.0685 818048.81723 643130.08097 1217974.5855 708486.52022 885488.20505 791012.65032 663505.58174 
696365.58959 926874.96663 1133405.06676 1035046.81275 1065643.9578 1107564.17717 1066742.5176 668498.65014 1135977.01418 1122121.1108300001 1109596.2559500001 901455.03229 1024997.76618 1036054.8541900001 1079157.341 825778.1138 1219955.30767 1213702.70096 1139695.51096 1128366.46271 874144.04278 1116057.59729 576743.29746 970249.7672 1074380.4872400002 1087465.78486 1052900.9128999999 543964.31013 1067215.7962099998 897986.26385 1118027.0187 1080833.48236 1075898.4638800002 1132928.09644 710194.4536 666722.29353 519547.29306 0 501336.26349 1006558.05916 1096737.8702099998 932149.31359 819919.1567 1031766.2093 1050724.27468 1051026.84321 954864.11286 908266.37493 1041268.27439 873305.60812 803234.62891 1060412.94265 851650.23073 800333.10792 702557.40708 1083326.94173 718729.16386 1180690.00844 657209.15648 767537.19941 549072.51655 1067966.43737 1033797.0674 532831.89586 1250798.8322700001 810441.65556 643338.86424 1108039.76278 731154.45282 
1015126.30265 907137.20869 737520.52336 880736.49722 614841.1261 723784.18895 1166391.1434499999 1092341.5619700002 634640.75069 1153221.9867 1036764.09485 1047763.64953 523661.50269 1090264.06074 1148674.53838 1151781.57613 790153.5957 734981.32149 765355.62684 983668.68094 522441.98166 1022482.11217 893688.26065 1106898.1448 1110615.33041 1045320.84274 1152412.5864900001 1045300.5736199999 1095450.11873 576438.65884 717518.11163 634232.01115 1053796.08617 1093593.2615200002 1102971.54435 881580.91254 1020883.55655 501336.26349 0 505221.79567 1057443.30443 664772.23226 1102209.40552 1018716.99167 1023146.62022 918704.63762 814133.67176 1041519.1882 755836.63708 1007831.9492500001 559364.82882 1130581.39541 718528.72652 679159.66175 1163705.5459500002 1129827.47688 1103596.5950600002 860312.46526 865275.17149 1038206.3507099999 854577.82962 1109493.69052 954655.05354 1034168.1593500001 1110877.93671 1111265.38719 871270.76898 824541.29633 729921.47295 
1064883.29519 960404.08321 730821.21961 540771.797 755912.75812 871368.80836 819038.71399 1019644.64584 888283.53694 947825.49686 1155866.95505 1086277.06708 1028883.29836 847371.46499 694172.02445 1052492.9761299998 547398.75376 530050.67947 773860.92541 679031.9546 618021.86018 637920.22321 728817.9362 1140960.6395899998 818452.05804 965506.0049 1050950.8996700002 759479.7923 707743.74719 1034262.5285400001 1060210.02949 933055.86575 1081424.07718 872963.63142 655514.04867 1031965.51241 1075185.3637 1006558.05916 505221.79567 0 864074.69032 920156.82465 1030797.69841 513495.196 517924.82455 1028637.44121 907074.7707 1090731.19293 817281.50107 809688.14171 1061257.75633 863637.9434 1078913.3134599999 796306.82276 953218.02059 1021619.2966400001 788218.04905 1049460.87077 1138222.81661 735694.42462 868569.42757 1094656.30361 1009294.4858599999 860848.06051 605656.14104 1059728.7923599998 1035804.81149 1046801.61411 1076514.91179 
593548.7662 1101154.55419 940241.67587 1130933.53428 857330.86754 1169120.6568800001 953259.39005 733878.77398 1091192.89657 631810.38873 844135.3953 1052984.31177 1031452.30227 1046955.80348 1103277.57659 808112.35907 585134.52093 592041.54779 1018060.09797 1116239.6512 1073073.4648 624086.44451 1062795.12955 569840.20997 1187252.21527 794132.31022 664211.48567 1100076.33295 1111689.871 1046929.3734599999 531997.01073 1076797.24003 862489.74676 525525.92893 1026625.0654500001 1045690.19191 678170.1569 1096737.8702099998 1057443.30443 864074.69032 0 929291.20706 519356.44396 1036658.94637 1127485.60288 1123755.0268899999 616492.01268 1041551.2883299999 750802.49777 868194.40826 588223.49574 1075860.29841 1173504.2661199998 1022817.45785 508641.257 1021667.7340599999 1119988.65528 1070893.10714 1125972.30374 767087.85211 1062430.0943800001 1052268.34845 552015.43112 1031794.49927 1122058.22096 633827.13578 770069.82031 1095912.95127 1026979.2218599999 
