33
location67 location3 location81 location97 location49 location57 location83 location53 location44 location39 location11 location60 location50 location76 location98 location15 location79 location99 location28 location94 location69 location9 location43 location0 location37 location56 location34 location65 location17 location16 location23 location88 location4
0 21.0 35.0 59.0 94.0 128.0 134.0 141.0 157.0 185.0 228.0 247.0 248.0 263.0 266.0 305.0 357.0 436.0 442.0 506.0 408.0 386.0 338.0 336.0 321.0 275.0 249.0 199.0 162.0 98.0 87.0 34.0 22.0 
21.0 0 14.0 38.0 73.0 107.0 113.0 120.0 136.0 164.0 207.0 226.0 227.0 242.0 245.0 284.0 336.0 415.0 421.0 485.0 429.0 407.0 359.0 357.0 342.0 296.0 270.0 220.0 183.0 119.0 108.0 55.0 43.0 
35.0 14.0 0 24.0 59.0 93.0 99.0 106.0 122.0 150.0 193.0 212.0 213.0 228.0 231.0 270.0 322.0 401.0 407.0 471.0 443.0 421.0 373.0 371.0 356.0 310.0 284.0 234.0 197.0 133.0 122.0 69.0 57.0 
59.0 38.0 24.0 0 35.0 69.0 75.0 82.0 98.0 126.0 169.0 188.0 189.0 204.0 207.0 246.0 298.0 377.0 383.0 447.0 467.0 445.0 397.0 395.0 380.0 334.0 308.0 258.0 221.0 157.0 146.0 93.0 81.0 
94.0 73.0 59.0 35.0 0 34.0 40.0 47.0 63.0 91.0 134.0 153.0 154.0 169.0 172.0 211.0 263.0 342.0 348.0 412.0 502.0 480.0 432.0 430.0 415.0 369.0 343.0 293.0 256.0 192.0 181.0 128.0 116.0 
128.0 107.0 93.0 69.0 34.0 0 6.0 13.0 29.0 57.0 100.0 119.0 120.0 135.0 138.0 177.0 229.0 308.0 314.0 378.0 536.0 514.0 466.0 464.0 449.0 403.0 377.0 327.0 290.0 226.0 215.0 162.0 150.0 
134.0 113.0 99.0 75.0 40.0 6.0 0 7.0 23.0 51.0 94.0 113.0 114.0 129.0 132.0 171.0 223.0 302.0 308.0 372.0 542.0 520.0 472.0 470.0 455.0 409.0 383.0 333.0 296.0 232.0 221.0 168.0 156.0 
141.0 120.0 106.0 82.0 47.0 13.0 7.0 0 16.0 44.0 87.0 106.0 107.0 122.0 125.0 164.0 216.0 295.0 301.0 365.0 549.0 527.0 479.0 477.0 462.0 416.0 390.0 340.0 303.0 239.0 228.0 175.0 163.0 
157.0 136.0 122.0 98.0 63.0 29.0 23.0 16.0 0 28.0 71.0 90.0 91.0 106.0 109.0 148.0 200.0 279.0 285.0 349.0 565.0 543.0 495.0 493.0 478.0 432.0 406.0 356.0 319.0 255.0 244.0 191.0 179.0 
185.0 164.0 150.0 126.0 91.0 57.0 51.0 44.0 28.0 0 43.0 62.0 63.0 78.0 81.0 120.0 172.0 251.0 257.0 321.0 593.0 571.0 523.0 521.0 506.0 460.0 434.0 384.0 347.0 283.0 272.0 219.0 207.0 
228.0 207.0 193.0 169.0 134.0 100.0 94.0 87.0 71.0 43.0 0 19.0 20.0 35.0 38.0 77.0 129.0 208.0 214.0 278.0 636.0 614.0 566.0 564.0 549.0 503.0 477.0 427.0 390.0 326.0 315.0 262.0 250.0 
247.0 226.0 212.0 188.0 153.0 119.0 113.0 106.0 90.0 62.0 19.0 0 1.0 16.0 19.0 58.0 110.0 189.0 195.0 259.0 655.0 633.0 585.0 583.0 568.0 522.0 496.0 446.0 409.0 345.0 334.0 281.0 269.0 
248.0 227.0 213.0 189.0 154.0 120.0 114.0 107.0 91.0 63.0 20.0 1.0 0 15.0 18.0 57.0 109.0 188.0 194.0 258.0 656.0 634.0 586.0 584.0 569.0 523.0 497.0 447.0 410.0 346.0 335.0 282.0 270.0 
263.0 242.0 228.0 204.0 169.0 135.0 129.0 122.0 106.0 78.0 35.0 16.0 15.0 0 3.0 42.0 94.0 173.0 179.0 243.0 671.0 649.0 601.0 599.0 584.0 538.0 512.0 462.0 425.0 361.0 350.0 297.0 285.0 
266.0 245.0 231.0 207.0 172.0 138.0 132.0 125.0 109.0 81.0 38.0 19.0 18.0 3.0 0 39.0 91.0 170.0 176.0 240.0 674.0 652.0 604.0 602.0 587.0 541.0 515.0 465.0 428.0 364.0 353.0 300.0 288.0 
305.0 284.0 270.0 246.0 211.0 177.0 171.0 164.0 148.0 120.0 77.0 58.0 57.0 42.0 39.0 0 52.0 131.0 137.0 201.0 713.0 691.0 643.0 641.0 626.0 580.0 554.0 504.0 467.0 403.0 392.0 339.0 327.0 
357.0 336.0 322.0 298.0 263.0 229.0 223.0 216.0 200.0 172.0 129.0 110.0 109.0 94.0 91.0 52.0 0 79.0 85.0 149.0 765.0 743.0 695.0 693.0 678.0 632.0 606.0 556.0 519.0 455.0 444.0 391.0 379.0 
436.0 415.0 401.0 377.0 342.0 308.0 302.0 295.0 279.0 251.0 208.0 189.0 188.0 173.0 170.0 131.0 79.0 0 6.0 70.0 844.0 822.0 774.0 772.0 757.0 711.0 685.0 635.0 598.0 534.0 523.0 470.0 458.0 
442.0 421.0 407.0 383.0 348.0 314.0 308.0 301.0 285.0 257.0 214.0 195.0 194.0 179.0 176.0 137.0 85.0 6.0 0 64.0 850.0 828.0 780.0 778.0 763.0 717.0 691.0 641.0 604.0 540.0 529.0 476.0 464.0 
506.0 485.0 471.0 447.0 412.0 378.0 372.0 365.0 349.0 321.0 278.0 259.0 258.0 243.0 240.0 201.0 149.0 70.0 64.0 0 914.0 892.0 844.0 842.0 827.0 781.0 755.0 705.0 668.0 604.0 593.0 540.0 528.0 
408.0 429.0 443.0 467.0 502.0 536.0 542.0 549.0 565.0 593.0 636.0 655.0 656.0 671.0 674.0 713.0 765.0 844.0 850.0 914.0 0 22.0 70.0 72.0 87.0 133.0 159.0 209.0 246.0 310.0 321.0 374.0 386.0 
386.0 407.0 421.0 445.0 480.0 514.0 520.0 527.0 543.0 571.0 614.0 633.0 634.0 649.0 652.0 691.0 743.0 822.0 828.0 892.0 22.0 0 48.0 50.0 65.0 111.0 137.0 187.0 224.0 288.0 299.0 352.0 364.0 
338.0 359.0 373.0 397.0 432.0 466.0 472.0 479.0 495.0 523.0 566.0 585.0 586.0 601.0 604.0 643.0 695.0 774.0 780.0 844.0 70.0 48.0 0 2.0 17.0 63.0 89.0 139.0 176.0 240.0 251.0 304.0 316.0 
336.0 357.0 371.0 395.0 430.0 464.0 470.0 477.0 493.0 521.0 564.0 583.0 584.0 599.0 602.0 641.0 693.0 772.0 778.0 842.0 72.0 50.0 2.0 0 15.0 61.0 87.0 137.0 174.0 238.0 249.0 302.0 314.0 
321.0 342.0 356.0 380.0 415.0 449.0 455.0 462.0 478.0 506.0 549.0 568.0 569.0 584.0 587.0 626.0 678.0 757.0 763.0 827.0 87.0 65.0 17.0 15.0 0 46.0 72.0 122.0 159.0 223.0 234.0 287.0 299.0 
275.0 296.0 310.0 334.0 369.0 403.0 409.0 416.0 432.0 460.0 503.0 522.0 523.0 538.0 541.0 580.0 632.0 711.0 717.0 781.0 133.0 111.0 63.0 61.0 46.0 0 26.0 76.0 113.0 177.0 188.0 241.0 253.0 
249.0 270.0 284.0 308.0 343.0 377.0 383.0 390.0 406.0 434.0 477.0 496.0 497.0 512.0 515.0 554.0 606.0 685.0 691.0 755.0 159.0 137.0 89.0 87.0 72.0 26.0 0 50.0 87.0 151.0 162.0 215.0 227.0 
199.0 220.0 234.0 258.0 293.0 327.0 333.0 340.0 356.0 384.0 427.0 446.0 447.0 462.0 465.0 504.0 556.0 635.0 641.0 705.0 209.0 187.0 139.0 137.0 122.0 76.0 50.0 0 37.0 101.0 112.0 165.0 177.0 
162.0 183.0 197.0 221.0 256.0 290.0 296.0 303.0 319.0 347.0 390.0 409.0 410.0 425.0 428.0 467.0 519.0 598.0 604.0 668.0 246.0 224.0 176.0 174.0 159.0 113.0 87.0 37.0 0 64.0 75.0 128.0 140.0 
98.0 119.0 133.0 157.0 192.0 226.0 232.0 239.0 255.0 283.0 326.0 345.0 346.0 361.0 364.0 403.0 455.0 534.0 540.0 604.0 310.0 288.0 240.0 238.0 223.0 177.0 151.0 101.0 64.0 0 11.0 64.0 76.0 
87.0 108.0 122.0 146.0 181.0 215.0 221.0 228.0 244.0 272.0 315.0 334.0 335.0 350.0 353.0 392.0 444.0 523.0 529.0 593.0 321.0 299.0 251.0 249.0 234.0 188.0 162.0 112.0 75.0 11.0 0 53.0 65.0 
34.0 55.0 69.0 93.0 128.0 162.0 168.0 175.0 191.0 219.0 262.0 281.0 282.0 297.0 300.0 339.0 391.0 470.0 476.0 540.0 374.0 352.0 304.0 302.0 287.0 241.0 215.0 165.0 128.0 64.0 53.0 0 12.0 
22.0 43.0 57.0 81.0 116.0 150.0 156.0 163.0 179.0 207.0 250.0 269.0 270.0 285.0 288.0 327.0 379.0 458.0 464.0 528.0 386.0 364.0 316.0 314.0 299.0 253.0 227.0 177.0 140.0 76.0 65.0 12.0 0 
