63
location37 location159 location23 location6 location113 location48 location55 location66 location19 location125 location117 location188 location50 location96 location84 location169 location195 location24 location153 location156 location185 location8 location41 location186 location135 location146 location10 location26 location100 location192 location68 location16 location176 location148 location31 location101 location15 location120 location43 location30 location143 location128 location108 location99 location189 location58 location152 location133 location5 location33 location49 location75 location29 location193 location119 location80 location94 location165 location74 location107 location40 location163 location4
0 15.0 25.0 29.0 36.0 71.0 96.0 102.0 109.0 138.0 140.0 158.0 204.0 224.0 751.0 710.0 702.0 659.0 643.0 630.0 628.0 585.0 568.0 555.0 544.0 539.0 497.0 486.0 479.0 472.0 446.0 444.0 439.0 428.0 427.0 422.0 411.0 408.0 405.0 392.0 367.0 350.0 317.0 312.0 311.0 298.0 288.0 276.0 273.0 225.0 224.0 212.0 203.0 158.0 147.0 121.0 111.0 107.0 76.0 73.0 64.0 61.0 33.0 
15.0 0 10.0 14.0 21.0 56.0 81.0 87.0 94.0 123.0 125.0 143.0 189.0 209.0 766.0 725.0 717.0 674.0 658.0 645.0 643.0 600.0 583.0 570.0 559.0 554.0 512.0 501.0 494.0 487.0 461.0 459.0 454.0 443.0 442.0 437.0 426.0 423.0 420.0 407.0 382.0 365.0 332.0 327.0 326.0 313.0 303.0 291.0 288.0 240.0 239.0 227.0 218.0 173.0 162.0 136.0 126.0 122.0 91.0 88.0 79.0 76.0 48.0 
25.0 10.0 0 4.0 11.0 46.0 71.0 77.0 84.0 113.0 115.0 133.0 179.0 199.0 776.0 735.0 727.0 684.0 668.0 655.0 653.0 610.0 593.0 580.0 569.0 564.0 522.0 511.0 504.0 497.0 471.0 469.0 464.0 453.0 452.0 447.0 436.0 433.0 430.0 417.0 392.0 375.0 342.0 337.0 336.0 323.0 313.0 301.0 298.0 250.0 249.0 237.0 228.0 183.0 172.0 146.0 136.0 132.0 101.0 98.0 89.0 86.0 58.0 
29.0 14.0 4.0 0 7.0 42.0 67.0 73.0 80.0 109.0 111.0 129.0 175.0 195.0 780.0 739.0 731.0 688.0 672.0 659.0 657.0 614.0 597.0 584.0 573.0 568.0 526.0 515.0 508.0 501.0 475.0 473.0 468.0 457.0 456.0 451.0 440.0 437.0 434.0 421.0 396.0 379.0 346.0 341.0 340.0 327.0 317.0 305.0 302.0 254.0 253.0 241.0 232.0 187.0 176.0 150.0 140.0 136.0 105.0 102.0 93.0 90.0 62.0 
36.0 21.0 11.0 7.0 0 35.0 60.0 66.0 73.0 102.0 104.0 122.0 168.0 188.0 787.0 746.0 738.0 695.0 679.0 666.0 664.0 621.0 604.0 591.0 580.0 575.0 533.0 522.0 515.0 508.0 482.0 480.0 475.0 464.0 463.0 458.0 447.0 444.0 441.0 428.0 403.0 386.0 353.0 348.0 347.0 334.0 324.0 312.0 309.0 261.0 260.0 248.0 239.0 194.0 183.0 157.0 147.0 143.0 112.0 109.0 100.0 97.0 69.0 
71.0 56.0 46.0 42.0 35.0 0 25.0 31.0 38.0 67.0 69.0 87.0 133.0 153.0 822.0 781.0 773.0 730.0 714.0 701.0 699.0 656.0 639.0 626.0 615.0 610.0 568.0 557.0 550.0 543.0 517.0 515.0 510.0 499.0 498.0 493.0 482.0 479.0 476.0 463.0 438.0 421.0 388.0 383.0 382.0 369.0 359.0 347.0 344.0 296.0 295.0 283.0 274.0 229.0 218.0 192.0 182.0 178.0 147.0 144.0 135.0 132.0 104.0 
96.0 81.0 71.0 67.0 60.0 25.0 0 6.0 13.0 42.0 44.0 62.0 108.0 128.0 847.0 806.0 798.0 755.0 739.0 726.0 724.0 681.0 664.0 651.0 640.0 635.0 593.0 582.0 575.0 568.0 542.0 540.0 535.0 524.0 523.0 518.0 507.0 504.0 501.0 488.0 463.0 446.0 413.0 408.0 407.0 394.0 384.0 372.0 369.0 321.0 320.0 308.0 299.0 254.0 243.0 217.0 207.0 203.0 172.0 169.0 160.0 157.0 129.0 
102.0 87.0 77.0 73.0 66.0 31.0 6.0 0 7.0 36.0 38.0 56.0 102.0 122.0 853.0 812.0 804.0 761.0 745.0 732.0 730.0 687.0 670.0 657.0 646.0 641.0 599.0 588.0 581.0 574.0 548.0 546.0 541.0 530.0 529.0 524.0 513.0 510.0 507.0 494.0 469.0 452.0 419.0 414.0 413.0 400.0 390.0 378.0 375.0 327.0 326.0 314.0 305.0 260.0 249.0 223.0 213.0 209.0 178.0 175.0 166.0 163.0 135.0 
109.0 94.0 84.0 80.0 73.0 38.0 13.0 7.0 0 29.0 31.0 49.0 95.0 115.0 860.0 819.0 811.0 768.0 752.0 739.0 737.0 694.0 677.0 664.0 653.0 648.0 606.0 595.0 588.0 581.0 555.0 553.0 548.0 537.0 536.0 531.0 520.0 517.0 514.0 501.0 476.0 459.0 426.0 421.0 420.0 407.0 397.0 385.0 382.0 334.0 333.0 321.0 312.0 267.0 256.0 230.0 220.0 216.0 185.0 182.0 173.0 170.0 142.0 
138.0 123.0 113.0 109.0 102.0 67.0 42.0 36.0 29.0 0 2.0 20.0 66.0 86.0 889.0 848.0 840.0 797.0 781.0 768.0 766.0 723.0 706.0 693.0 682.0 677.0 635.0 624.0 617.0 610.0 584.0 582.0 577.0 566.0 565.0 560.0 549.0 546.0 543.0 530.0 505.0 488.0 455.0 450.0 449.0 436.0 426.0 414.0 411.0 363.0 362.0 350.0 341.0 296.0 285.0 259.0 249.0 245.0 214.0 211.0 202.0 199.0 171.0 
140.0 125.0 115.0 111.0 104.0 69.0 44.0 38.0 31.0 2.0 0 18.0 64.0 84.0 891.0 850.0 842.0 799.0 783.0 770.0 768.0 725.0 708.0 695.0 684.0 679.0 637.0 626.0 619.0 612.0 586.0 584.0 579.0 568.0 567.0 562.0 551.0 548.0 545.0 532.0 507.0 490.0 457.0 452.0 451.0 438.0 428.0 416.0 413.0 365.0 364.0 352.0 343.0 298.0 287.0 261.0 251.0 247.0 216.0 213.0 204.0 201.0 173.0 
158.0 143.0 133.0 129.0 122.0 87.0 62.0 56.0 49.0 20.0 18.0 0 46.0 66.0 909.0 868.0 860.0 817.0 801.0 788.0 786.0 743.0 726.0 713.0 702.0 697.0 655.0 644.0 637.0 630.0 604.0 602.0 597.0 586.0 585.0 580.0 569.0 566.0 563.0 550.0 525.0 508.0 475.0 470.0 469.0 456.0 446.0 434.0 431.0 383.0 382.0 370.0 361.0 316.0 305.0 279.0 269.0 265.0 234.0 231.0 222.0 219.0 191.0 
204.0 189.0 179.0 175.0 168.0 133.0 108.0 102.0 95.0 66.0 64.0 46.0 0 20.0 955.0 914.0 906.0 863.0 847.0 834.0 832.0 789.0 772.0 759.0 748.0 743.0 701.0 690.0 683.0 676.0 650.0 648.0 643.0 632.0 631.0 626.0 615.0 612.0 609.0 596.0 571.0 554.0 521.0 516.0 515.0 502.0 492.0 480.0 477.0 429.0 428.0 416.0 407.0 362.0 351.0 325.0 315.0 311.0 280.0 277.0 268.0 265.0 237.0 
224.0 209.0 199.0 195.0 188.0 153.0 128.0 122.0 115.0 86.0 84.0 66.0 20.0 0 975.0 934.0 926.0 883.0 867.0 854.0 852.0 809.0 792.0 779.0 768.0 763.0 721.0 710.0 703.0 696.0 670.0 668.0 663.0 652.0 651.0 646.0 635.0 632.0 629.0 616.0 591.0 574.0 541.0 536.0 535.0 522.0 512.0 500.0 497.0 449.0 448.0 436.0 427.0 382.0 371.0 345.0 335.0 331.0 300.0 297.0 288.0 285.0 257.0 
751.0 766.0 776.0 780.0 787.0 822.0 847.0 853.0 860.0 889.0 891.0 909.0 955.0 975.0 0 41.0 49.0 92.0 108.0 121.0 123.0 166.0 183.0 196.0 207.0 212.0 254.0 265.0 272.0 279.0 305.0 307.0 312.0 323.0 324.0 329.0 340.0 343.0 346.0 359.0 384.0 401.0 434.0 439.0 440.0 453.0 463.0 475.0 478.0 526.0 527.0 539.0 548.0 593.0 604.0 630.0 640.0 644.0 675.0 678.0 687.0 690.0 718.0 
710.0 725.0 735.0 739.0 746.0 781.0 806.0 812.0 819.0 848.0 850.0 868.0 914.0 934.0 41.0 0 8.0 51.0 67.0 80.0 82.0 125.0 142.0 155.0 166.0 171.0 213.0 224.0 231.0 238.0 264.0 266.0 271.0 282.0 283.0 288.0 299.0 302.0 305.0 318.0 343.0 360.0 393.0 398.0 399.0 412.0 422.0 434.0 437.0 485.0 486.0 498.0 507.0 552.0 563.0 589.0 599.0 603.0 634.0 637.0 646.0 649.0 677.0 
702.0 717.0 727.0 731.0 738.0 773.0 798.0 804.0 811.0 840.0 842.0 860.0 906.0 926.0 49.0 8.0 0 43.0 59.0 72.0 74.0 117.0 134.0 147.0 158.0 163.0 205.0 216.0 223.0 230.0 256.0 258.0 263.0 274.0 275.0 280.0 291.0 294.0 297.0 310.0 335.0 352.0 385.0 390.0 391.0 404.0 414.0 426.0 429.0 477.0 478.0 490.0 499.0 544.0 555.0 581.0 591.0 595.0 626.0 629.0 638.0 641.0 669.0 
659.0 674.0 684.0 688.0 695.0 730.0 755.0 761.0 768.0 797.0 799.0 817.0 863.0 883.0 92.0 51.0 43.0 0 16.0 29.0 31.0 74.0 91.0 104.0 115.0 120.0 162.0 173.0 180.0 187.0 213.0 215.0 220.0 231.0 232.0 237.0 248.0 251.0 254.0 267.0 292.0 309.0 342.0 347.0 348.0 361.0 371.0 383.0 386.0 434.0 435.0 447.0 456.0 501.0 512.0 538.0 548.0 552.0 583.0 586.0 595.0 598.0 626.0 
643.0 658.0 668.0 672.0 679.0 714.0 739.0 745.0 752.0 781.0 783.0 801.0 847.0 867.0 108.0 67.0 59.0 16.0 0 13.0 15.0 58.0 75.0 88.0 99.0 104.0 146.0 157.0 164.0 171.0 197.0 199.0 204.0 215.0 216.0 221.0 232.0 235.0 238.0 251.0 276.0 293.0 326.0 331.0 332.0 345.0 355.0 367.0 370.0 418.0 419.0 431.0 440.0 485.0 496.0 522.0 532.0 536.0 567.0 570.0 579.0 582.0 610.0 
630.0 645.0 655.0 659.0 666.0 701.0 726.0 732.0 739.0 768.0 770.0 788.0 834.0 854.0 121.0 80.0 72.0 29.0 13.0 0 2.0 45.0 62.0 75.0 86.0 91.0 133.0 144.0 151.0 158.0 184.0 186.0 191.0 202.0 203.0 208.0 219.0 222.0 225.0 238.0 263.0 280.0 313.0 318.0 319.0 332.0 342.0 354.0 357.0 405.0 406.0 418.0 427.0 472.0 483.0 509.0 519.0 523.0 554.0 557.0 566.0 569.0 597.0 
628.0 643.0 653.0 657.0 664.0 699.0 724.0 730.0 737.0 766.0 768.0 786.0 832.0 852.0 123.0 82.0 74.0 31.0 15.0 2.0 0 43.0 60.0 73.0 84.0 89.0 131.0 142.0 149.0 156.0 182.0 184.0 189.0 200.0 201.0 206.0 217.0 220.0 223.0 236.0 261.0 278.0 311.0 316.0 317.0 330.0 340.0 352.0 355.0 403.0 404.0 416.0 425.0 470.0 481.0 507.0 517.0 521.0 552.0 555.0 564.0 567.0 595.0 
585.0 600.0 610.0 614.0 621.0 656.0 681.0 687.0 694.0 723.0 725.0 743.0 789.0 809.0 166.0 125.0 117.0 74.0 58.0 45.0 43.0 0 17.0 30.0 41.0 46.0 88.0 99.0 106.0 113.0 139.0 141.0 146.0 157.0 158.0 163.0 174.0 177.0 180.0 193.0 218.0 235.0 268.0 273.0 274.0 287.0 297.0 309.0 312.0 360.0 361.0 373.0 382.0 427.0 438.0 464.0 474.0 478.0 509.0 512.0 521.0 524.0 552.0 
568.0 583.0 593.0 597.0 604.0 639.0 664.0 670.0 677.0 706.0 708.0 726.0 772.0 792.0 183.0 142.0 134.0 91.0 75.0 62.0 60.0 17.0 0 13.0 24.0 29.0 71.0 82.0 89.0 96.0 122.0 124.0 129.0 140.0 141.0 146.0 157.0 160.0 163.0 176.0 201.0 218.0 251.0 256.0 257.0 270.0 280.0 292.0 295.0 343.0 344.0 356.0 365.0 410.0 421.0 447.0 457.0 461.0 492.0 495.0 504.0 507.0 535.0 
555.0 570.0 580.0 584.0 591.0 626.0 651.0 657.0 664.0 693.0 695.0 713.0 759.0 779.0 196.0 155.0 147.0 104.0 88.0 75.0 73.0 30.0 13.0 0 11.0 16.0 58.0 69.0 76.0 83.0 109.0 111.0 116.0 127.0 128.0 133.0 144.0 147.0 150.0 163.0 188.0 205.0 238.0 243.0 244.0 257.0 267.0 279.0 282.0 330.0 331.0 343.0 352.0 397.0 408.0 434.0 444.0 448.0 479.0 482.0 491.0 494.0 522.0 
544.0 559.0 569.0 573.0 580.0 615.0 640.0 646.0 653.0 682.0 684.0 702.0 748.0 768.0 207.0 166.0 158.0 115.0 99.0 86.0 84.0 41.0 24.0 11.0 0 5.0 47.0 58.0 65.0 72.0 98.0 100.0 105.0 116.0 117.0 122.0 133.0 136.0 139.0 152.0 177.0 194.0 227.0 232.0 233.0 246.0 256.0 268.0 271.0 319.0 320.0 332.0 341.0 386.0 397.0 423.0 433.0 437.0 468.0 471.0 480.0 483.0 511.0 
539.0 554.0 564.0 568.0 575.0 610.0 635.0 641.0 648.0 677.0 679.0 697.0 743.0 763.0 212.0 171.0 163.0 120.0 104.0 91.0 89.0 46.0 29.0 16.0 5.0 0 42.0 53.0 60.0 67.0 93.0 95.0 100.0 111.0 112.0 117.0 128.0 131.0 134.0 147.0 172.0 189.0 222.0 227.0 228.0 241.0 251.0 263.0 266.0 314.0 315.0 327.0 336.0 381.0 392.0 418.0 428.0 432.0 463.0 466.0 475.0 478.0 506.0 
497.0 512.0 522.0 526.0 533.0 568.0 593.0 599.0 606.0 635.0 637.0 655.0 701.0 721.0 254.0 213.0 205.0 162.0 146.0 133.0 131.0 88.0 71.0 58.0 47.0 42.0 0 11.0 18.0 25.0 51.0 53.0 58.0 69.0 70.0 75.0 86.0 89.0 92.0 105.0 130.0 147.0 180.0 185.0 186.0 199.0 209.0 221.0 224.0 272.0 273.0 285.0 294.0 339.0 350.0 376.0 386.0 390.0 421.0 424.0 433.0 436.0 464.0 
486.0 501.0 511.0 515.0 522.0 557.0 582.0 588.0 595.0 624.0 626.0 644.0 690.0 710.0 265.0 224.0 216.0 173.0 157.0 144.0 142.0 99.0 82.0 69.0 58.0 53.0 11.0 0 7.0 14.0 40.0 42.0 47.0 58.0 59.0 64.0 75.0 78.0 81.0 94.0 119.0 136.0 169.0 174.0 175.0 188.0 198.0 210.0 213.0 261.0 262.0 274.0 283.0 328.0 339.0 365.0 375.0 379.0 410.0 413.0 422.0 425.0 453.0 
479.0 494.0 504.0 508.0 515.0 550.0 575.0 581.0 588.0 617.0 619.0 637.0 683.0 703.0 272.0 231.0 223.0 180.0 164.0 151.0 149.0 106.0 89.0 76.0 65.0 60.0 18.0 7.0 0 7.0 33.0 35.0 40.0 51.0 52.0 57.0 68.0 71.0 74.0 87.0 112.0 129.0 162.0 167.0 168.0 181.0 191.0 203.0 206.0 254.0 255.0 267.0 276.0 321.0 332.0 358.0 368.0 372.0 403.0 406.0 415.0 418.0 446.0 
472.0 487.0 497.0 501.0 508.0 543.0 568.0 574.0 581.0 610.0 612.0 630.0 676.0 696.0 279.0 238.0 230.0 187.0 171.0 158.0 156.0 113.0 96.0 83.0 72.0 67.0 25.0 14.0 7.0 0 26.0 28.0 33.0 44.0 45.0 50.0 61.0 64.0 67.0 80.0 105.0 122.0 155.0 160.0 161.0 174.0 184.0 196.0 199.0 247.0 248.0 260.0 269.0 314.0 325.0 351.0 361.0 365.0 396.0 399.0 408.0 411.0 439.0 
446.0 461.0 471.0 475.0 482.0 517.0 542.0 548.0 555.0 584.0 586.0 604.0 650.0 670.0 305.0 264.0 256.0 213.0 197.0 184.0 182.0 139.0 122.0 109.0 98.0 93.0 51.0 40.0 33.0 26.0 0 2.0 7.0 18.0 19.0 24.0 35.0 38.0 41.0 54.0 79.0 96.0 129.0 134.0 135.0 148.0 158.0 170.0 173.0 221.0 222.0 234.0 243.0 288.0 299.0 325.0 335.0 339.0 370.0 373.0 382.0 385.0 413.0 
444.0 459.0 469.0 473.0 480.0 515.0 540.0 546.0 553.0 582.0 584.0 602.0 648.0 668.0 307.0 266.0 258.0 215.0 199.0 186.0 184.0 141.0 124.0 111.0 100.0 95.0 53.0 42.0 35.0 28.0 2.0 0 5.0 16.0 17.0 22.0 33.0 36.0 39.0 52.0 77.0 94.0 127.0 132.0 133.0 146.0 156.0 168.0 171.0 219.0 220.0 232.0 241.0 286.0 297.0 323.0 333.0 337.0 368.0 371.0 380.0 383.0 411.0 
439.0 454.0 464.0 468.0 475.0 510.0 535.0 541.0 548.0 577.0 579.0 597.0 643.0 663.0 312.0 271.0 263.0 220.0 204.0 191.0 189.0 146.0 129.0 116.0 105.0 100.0 58.0 47.0 40.0 33.0 7.0 5.0 0 11.0 12.0 17.0 28.0 31.0 34.0 47.0 72.0 89.0 122.0 127.0 128.0 141.0 151.0 163.0 166.0 214.0 215.0 227.0 236.0 281.0 292.0 318.0 328.0 332.0 363.0 366.0 375.0 378.0 406.0 
428.0 443.0 453.0 457.0 464.0 499.0 524.0 530.0 537.0 566.0 568.0 586.0 632.0 652.0 323.0 282.0 274.0 231.0 215.0 202.0 200.0 157.0 140.0 127.0 116.0 111.0 69.0 58.0 51.0 44.0 18.0 16.0 11.0 0 1.0 6.0 17.0 20.0 23.0 36.0 61.0 78.0 111.0 116.0 117.0 130.0 140.0 152.0 155.0 203.0 204.0 216.0 225.0 270.0 281.0 307.0 317.0 321.0 352.0 355.0 364.0 367.0 395.0 
427.0 442.0 452.0 456.0 463.0 498.0 523.0 529.0 536.0 565.0 567.0 585.0 631.0 651.0 324.0 283.0 275.0 232.0 216.0 203.0 201.0 158.0 141.0 128.0 117.0 112.0 70.0 59.0 52.0 45.0 19.0 17.0 12.0 1.0 0 5.0 16.0 19.0 22.0 35.0 60.0 77.0 110.0 115.0 116.0 129.0 139.0 151.0 154.0 202.0 203.0 215.0 224.0 269.0 280.0 306.0 316.0 320.0 351.0 354.0 363.0 366.0 394.0 
422.0 437.0 447.0 451.0 458.0 493.0 518.0 524.0 531.0 560.0 562.0 580.0 626.0 646.0 329.0 288.0 280.0 237.0 221.0 208.0 206.0 163.0 146.0 133.0 122.0 117.0 75.0 64.0 57.0 50.0 24.0 22.0 17.0 6.0 5.0 0 11.0 14.0 17.0 30.0 55.0 72.0 105.0 110.0 111.0 124.0 134.0 146.0 149.0 197.0 198.0 210.0 219.0 264.0 275.0 301.0 311.0 315.0 346.0 349.0 358.0 361.0 389.0 
411.0 426.0 436.0 440.0 447.0 482.0 507.0 513.0 520.0 549.0 551.0 569.0 615.0 635.0 340.0 299.0 291.0 248.0 232.0 219.0 217.0 174.0 157.0 144.0 133.0 128.0 86.0 75.0 68.0 61.0 35.0 33.0 28.0 17.0 16.0 11.0 0 3.0 6.0 19.0 44.0 61.0 94.0 99.0 100.0 113.0 123.0 135.0 138.0 186.0 187.0 199.0 208.0 253.0 264.0 290.0 300.0 304.0 335.0 338.0 347.0 350.0 378.0 
408.0 423.0 433.0 437.0 444.0 479.0 504.0 510.0 517.0 546.0 548.0 566.0 612.0 632.0 343.0 302.0 294.0 251.0 235.0 222.0 220.0 177.0 160.0 147.0 136.0 131.0 89.0 78.0 71.0 64.0 38.0 36.0 31.0 20.0 19.0 14.0 3.0 0 3.0 16.0 41.0 58.0 91.0 96.0 97.0 110.0 120.0 132.0 135.0 183.0 184.0 196.0 205.0 250.0 261.0 287.0 297.0 301.0 332.0 335.0 344.0 347.0 375.0 
405.0 420.0 430.0 434.0 441.0 476.0 501.0 507.0 514.0 543.0 545.0 563.0 609.0 629.0 346.0 305.0 297.0 254.0 238.0 225.0 223.0 180.0 163.0 150.0 139.0 134.0 92.0 81.0 74.0 67.0 41.0 39.0 34.0 23.0 22.0 17.0 6.0 3.0 0 13.0 38.0 55.0 88.0 93.0 94.0 107.0 117.0 129.0 132.0 180.0 181.0 193.0 202.0 247.0 258.0 284.0 294.0 298.0 329.0 332.0 341.0 344.0 372.0 
392.0 407.0 417.0 421.0 428.0 463.0 488.0 494.0 501.0 530.0 532.0 550.0 596.0 616.0 359.0 318.0 310.0 267.0 251.0 238.0 236.0 193.0 176.0 163.0 152.0 147.0 105.0 94.0 87.0 80.0 54.0 52.0 47.0 36.0 35.0 30.0 19.0 16.0 13.0 0 25.0 42.0 75.0 80.0 81.0 94.0 104.0 116.0 119.0 167.0 168.0 180.0 189.0 234.0 245.0 271.0 281.0 285.0 316.0 319.0 328.0 331.0 359.0 
367.0 382.0 392.0 396.0 403.0 438.0 463.0 469.0 476.0 505.0 507.0 525.0 571.0 591.0 384.0 343.0 335.0 292.0 276.0 263.0 261.0 218.0 201.0 188.0 177.0 172.0 130.0 119.0 112.0 105.0 79.0 77.0 72.0 61.0 60.0 55.0 44.0 41.0 38.0 25.0 0 17.0 50.0 55.0 56.0 69.0 79.0 91.0 94.0 142.0 143.0 155.0 164.0 209.0 220.0 246.0 256.0 260.0 291.0 294.0 303.0 306.0 334.0 
350.0 365.0 375.0 379.0 386.0 421.0 446.0 452.0 459.0 488.0 490.0 508.0 554.0 574.0 401.0 360.0 352.0 309.0 293.0 280.0 278.0 235.0 218.0 205.0 194.0 189.0 147.0 136.0 129.0 122.0 96.0 94.0 89.0 78.0 77.0 72.0 61.0 58.0 55.0 42.0 17.0 0 33.0 38.0 39.0 52.0 62.0 74.0 77.0 125.0 126.0 138.0 147.0 192.0 203.0 229.0 239.0 243.0 274.0 277.0 286.0 289.0 317.0 
317.0 332.0 342.0 346.0 353.0 388.0 413.0 419.0 426.0 455.0 457.0 475.0 521.0 541.0 434.0 393.0 385.0 342.0 326.0 313.0 311.0 268.0 251.0 238.0 227.0 222.0 180.0 169.0 162.0 155.0 129.0 127.0 122.0 111.0 110.0 105.0 94.0 91.0 88.0 75.0 50.0 33.0 0 5.0 6.0 19.0 29.0 41.0 44.0 92.0 93.0 105.0 114.0 159.0 170.0 196.0 206.0 210.0 241.0 244.0 253.0 256.0 284.0 
312.0 327.0 337.0 341.0 348.0 383.0 408.0 414.0 421.0 450.0 452.0 470.0 516.0 536.0 439.0 398.0 390.0 347.0 331.0 318.0 316.0 273.0 256.0 243.0 232.0 227.0 185.0 174.0 167.0 160.0 134.0 132.0 127.0 116.0 115.0 110.0 99.0 96.0 93.0 80.0 55.0 38.0 5.0 0 1.0 14.0 24.0 36.0 39.0 87.0 88.0 100.0 109.0 154.0 165.0 191.0 201.0 205.0 236.0 239.0 248.0 251.0 279.0 
311.0 326.0 336.0 340.0 347.0 382.0 407.0 413.0 420.0 449.0 451.0 469.0 515.0 535.0 440.0 399.0 391.0 348.0 332.0 319.0 317.0 274.0 257.0 244.0 233.0 228.0 186.0 175.0 168.0 161.0 135.0 133.0 128.0 117.0 116.0 111.0 100.0 97.0 94.0 81.0 56.0 39.0 6.0 1.0 0 13.0 23.0 35.0 38.0 86.0 87.0 99.0 108.0 153.0 164.0 190.0 200.0 204.0 235.0 238.0 247.0 250.0 278.0 
298.0 313.0 323.0 327.0 334.0 369.0 394.0 400.0 407.0 436.0 438.0 456.0 502.0 522.0 453.0 412.0 404.0 361.0 345.0 332.0 330.0 287.0 270.0 257.0 246.0 241.0 199.0 188.0 181.0 174.0 148.0 146.0 141.0 130.0 129.0 124.0 113.0 110.0 107.0 94.0 69.0 52.0 19.0 14.0 13.0 0 10.0 22.0 25.0 73.0 74.0 86.0 95.0 140.0 151.0 177.0 187.0 191.0 222.0 225.0 234.0 237.0 265.0 
288.0 303.0 313.0 317.0 324.0 359.0 384.0 390.0 397.0 426.0 428.0 446.0 492.0 512.0 463.0 422.0 414.0 371.0 355.0 342.0 340.0 297.0 280.0 267.0 256.0 251.0 209.0 198.0 191.0 184.0 158.0 156.0 151.0 140.0 139.0 134.0 123.0 120.0 117.0 104.0 79.0 62.0 29.0 24.0 23.0 10.0 0 12.0 15.0 63.0 64.0 76.0 85.0 130.0 141.0 167.0 177.0 181.0 212.0 215.0 224.0 227.0 255.0 
276.0 291.0 301.0 305.0 312.0 347.0 372.0 378.0 385.0 414.0 416.0 434.0 480.0 500.0 475.0 434.0 426.0 383.0 367.0 354.0 352.0 309.0 292.0 279.0 268.0 263.0 221.0 210.0 203.0 196.0 170.0 168.0 163.0 152.0 151.0 146.0 135.0 132.0 129.0 116.0 91.0 74.0 41.0 36.0 35.0 22.0 12.0 0 3.0 51.0 52.0 64.0 73.0 118.0 129.0 155.0 165.0 169.0 200.0 203.0 212.0 215.0 243.0 
273.0 288.0 298.0 302.0 309.0 344.0 369.0 375.0 382.0 411.0 413.0 431.0 477.0 497.0 478.0 437.0 429.0 386.0 370.0 357.0 355.0 312.0 295.0 282.0 271.0 266.0 224.0 213.0 206.0 199.0 173.0 171.0 166.0 155.0 154.0 149.0 138.0 135.0 132.0 119.0 94.0 77.0 44.0 39.0 38.0 25.0 15.0 3.0 0 48.0 49.0 61.0 70.0 115.0 126.0 152.0 162.0 166.0 197.0 200.0 209.0 212.0 240.0 
225.0 240.0 250.0 254.0 261.0 296.0 321.0 327.0 334.0 363.0 365.0 383.0 429.0 449.0 526.0 485.0 477.0 434.0 418.0 405.0 403.0 360.0 343.0 330.0 319.0 314.0 272.0 261.0 254.0 247.0 221.0 219.0 214.0 203.0 202.0 197.0 186.0 183.0 180.0 167.0 142.0 125.0 92.0 87.0 86.0 73.0 63.0 51.0 48.0 0 1.0 13.0 22.0 67.0 78.0 104.0 114.0 118.0 149.0 152.0 161.0 164.0 192.0 
224.0 239.0 249.0 253.0 260.0 295.0 320.0 326.0 333.0 362.0 364.0 382.0 428.0 448.0 527.0 486.0 478.0 435.0 419.0 406.0 404.0 361.0 344.0 331.0 320.0 315.0 273.0 262.0 255.0 248.0 222.0 220.0 215.0 204.0 203.0 198.0 187.0 184.0 181.0 168.0 143.0 126.0 93.0 88.0 87.0 74.0 64.0 52.0 49.0 1.0 0 12.0 21.0 66.0 77.0 103.0 113.0 117.0 148.0 151.0 160.0 163.0 191.0 
212.0 227.0 237.0 241.0 248.0 283.0 308.0 314.0 321.0 350.0 352.0 370.0 416.0 436.0 539.0 498.0 490.0 447.0 431.0 418.0 416.0 373.0 356.0 343.0 332.0 327.0 285.0 274.0 267.0 260.0 234.0 232.0 227.0 216.0 215.0 210.0 199.0 196.0 193.0 180.0 155.0 138.0 105.0 100.0 99.0 86.0 76.0 64.0 61.0 13.0 12.0 0 9.0 54.0 65.0 91.0 101.0 105.0 136.0 139.0 148.0 151.0 179.0 
203.0 218.0 228.0 232.0 239.0 274.0 299.0 305.0 312.0 341.0 343.0 361.0 407.0 427.0 548.0 507.0 499.0 456.0 440.0 427.0 425.0 382.0 365.0 352.0 341.0 336.0 294.0 283.0 276.0 269.0 243.0 241.0 236.0 225.0 224.0 219.0 208.0 205.0 202.0 189.0 164.0 147.0 114.0 109.0 108.0 95.0 85.0 73.0 70.0 22.0 21.0 9.0 0 45.0 56.0 82.0 92.0 96.0 127.0 130.0 139.0 142.0 170.0 
158.0 173.0 183.0 187.0 194.0 229.0 254.0 260.0 267.0 296.0 298.0 316.0 362.0 382.0 593.0 552.0 544.0 501.0 485.0 472.0 470.0 427.0 410.0 397.0 386.0 381.0 339.0 328.0 321.0 314.0 288.0 286.0 281.0 270.0 269.0 264.0 253.0 250.0 247.0 234.0 209.0 192.0 159.0 154.0 153.0 140.0 130.0 118.0 115.0 67.0 66.0 54.0 45.0 0 11.0 37.0 47.0 51.0 82.0 85.0 94.0 97.0 125.0 
147.0 162.0 172.0 176.0 183.0 218.0 243.0 249.0 256.0 285.0 287.0 305.0 351.0 371.0 604.0 563.0 555.0 512.0 496.0 483.0 481.0 438.0 421.0 408.0 397.0 392.0 350.0 339.0 332.0 325.0 299.0 297.0 292.0 281.0 280.0 275.0 264.0 261.0 258.0 245.0 220.0 203.0 170.0 165.0 164.0 151.0 141.0 129.0 126.0 78.0 77.0 65.0 56.0 11.0 0 26.0 36.0 40.0 71.0 74.0 83.0 86.0 114.0 
121.0 136.0 146.0 150.0 157.0 192.0 217.0 223.0 230.0 259.0 261.0 279.0 325.0 345.0 630.0 589.0 581.0 538.0 522.0 509.0 507.0 464.0 447.0 434.0 423.0 418.0 376.0 365.0 358.0 351.0 325.0 323.0 318.0 307.0 306.0 301.0 290.0 287.0 284.0 271.0 246.0 229.0 196.0 191.0 190.0 177.0 167.0 155.0 152.0 104.0 103.0 91.0 82.0 37.0 26.0 0 10.0 14.0 45.0 48.0 57.0 60.0 88.0 
111.0 126.0 136.0 140.0 147.0 182.0 207.0 213.0 220.0 249.0 251.0 269.0 315.0 335.0 640.0 599.0 591.0 548.0 532.0 519.0 517.0 474.0 457.0 444.0 433.0 428.0 386.0 375.0 368.0 361.0 335.0 333.0 328.0 317.0 316.0 311.0 300.0 297.0 294.0 281.0 256.0 239.0 206.0 201.0 200.0 187.0 177.0 165.0 162.0 114.0 113.0 101.0 92.0 47.0 36.0 10.0 0 4.0 35.0 38.0 47.0 50.0 78.0 
107.0 122.0 132.0 136.0 143.0 178.0 203.0 209.0 216.0 245.0 247.0 265.0 311.0 331.0 644.0 603.0 595.0 552.0 536.0 523.0 521.0 478.0 461.0 448.0 437.0 432.0 390.0 379.0 372.0 365.0 339.0 337.0 332.0 321.0 320.0 315.0 304.0 301.0 298.0 285.0 260.0 243.0 210.0 205.0 204.0 191.0 181.0 169.0 166.0 118.0 117.0 105.0 96.0 51.0 40.0 14.0 4.0 0 31.0 34.0 43.0 46.0 74.0 
76.0 91.0 101.0 105.0 112.0 147.0 172.0 178.0 185.0 214.0 216.0 234.0 280.0 300.0 675.0 634.0 626.0 583.0 567.0 554.0 552.0 509.0 492.0 479.0 468.0 463.0 421.0 410.0 403.0 396.0 370.0 368.0 363.0 352.0 351.0 346.0 335.0 332.0 329.0 316.0 291.0 274.0 241.0 236.0 235.0 222.0 212.0 200.0 197.0 149.0 148.0 136.0 127.0 82.0 71.0 45.0 35.0 31.0 0 3.0 12.0 15.0 43.0 
73.0 88.0 98.0 102.0 109.0 144.0 169.0 175.0 182.0 211.0 213.0 231.0 277.0 297.0 678.0 637.0 629.0 586.0 570.0 557.0 555.0 512.0 495.0 482.0 471.0 466.0 424.0 413.0 406.0 399.0 373.0 371.0 366.0 355.0 354.0 349.0 338.0 335.0 332.0 319.0 294.0 277.0 244.0 239.0 238.0 225.0 215.0 203.0 200.0 152.0 151.0 139.0 130.0 85.0 74.0 48.0 38.0 34.0 3.0 0 9.0 12.0 40.0 
64.0 79.0 89.0 93.0 100.0 135.0 160.0 166.0 173.0 202.0 204.0 222.0 268.0 288.0 687.0 646.0 638.0 595.0 579.0 566.0 564.0 521.0 504.0 491.0 480.0 475.0 433.0 422.0 415.0 408.0 382.0 380.0 375.0 364.0 363.0 358.0 347.0 344.0 341.0 328.0 303.0 286.0 253.0 248.0 247.0 234.0 224.0 212.0 209.0 161.0 160.0 148.0 139.0 94.0 83.0 57.0 47.0 43.0 12.0 9.0 0 3.0 31.0 
61.0 76.0 86.0 90.0 97.0 132.0 157.0 163.0 170.0 199.0 201.0 219.0 265.0 285.0 690.0 649.0 641.0 598.0 582.0 569.0 567.0 524.0 507.0 494.0 483.0 478.0 436.0 425.0 418.0 411.0 385.0 383.0 378.0 367.0 366.0 361.0 350.0 347.0 344.0 331.0 306.0 289.0 256.0 251.0 250.0 237.0 227.0 215.0 212.0 164.0 163.0 151.0 142.0 97.0 86.0 60.0 50.0 46.0 15.0 12.0 3.0 0 28.0 
33.0 48.0 58.0 62.0 69.0 104.0 129.0 135.0 142.0 171.0 173.0 191.0 237.0 257.0 718.0 677.0 669.0 626.0 610.0 597.0 595.0 552.0 535.0 522.0 511.0 506.0 464.0 453.0 446.0 439.0 413.0 411.0 406.0 395.0 394.0 389.0 378.0 375.0 372.0 359.0 334.0 317.0 284.0 279.0 278.0 265.0 255.0 243.0 240.0 192.0 191.0 179.0 170.0 125.0 114.0 88.0 78.0 74.0 43.0 40.0 31.0 28.0 0 
