19
22 24 58 56 14 78 4 5 6 28 63 61 71 21 10 64 55 74 1
0 10.0 3.0 2.0 2.0 7.6 5.0 4.0 2.0 7.6 3.0 3.0 4.0 4.0 2.0 2.0 15.0 12.0 1.0 
10.0 0 13.0 12.0 12.0 17.6 15.0 14.0 12.0 17.6 13.0 13.0 14.0 14.0 12.0 12.0 25.0 22.0 11.0 
3.0 13.0 0 1.0 3.0 8.6 6.0 5.0 3.0 8.6 4.0 4.0 5.0 5.0 3.0 3.0 16.0 13.0 2.0 
2.0 12.0 1.0 0 2.0 7.6 5.0 4.0 2.0 7.6 3.0 3.0 4.0 4.0 2.0 2.0 15.0 12.0 1.0 
2.0 12.0 3.0 2.0 0 7.6 5.0 4.0 2.0 7.6 3.0 3.0 4.0 4.0 2.0 2.0 15.0 12.0 1.0 
7.6 17.6 8.6 7.6 7.6 0 10.6 9.6 7.6 13.2 8.6 8.6 9.6 9.6 7.6 7.6 20.6 17.6 6.6 
5.0 15.0 6.0 5.0 5.0 10.6 0 1.0 5.0 10.6 6.0 6.0 7.0 7.0 5.0 5.0 18.0 15.0 4.0 
4.0 14.0 5.0 4.0 4.0 9.6 1.0 0 4.0 9.6 5.0 5.0 6.0 6.0 4.0 4.0 17.0 14.0 3.0 
2.0 12.0 3.0 2.0 2.0 7.6 5.0 4.0 0 7.6 3.0 3.0 4.0 4.0 2.0 2.0 15.0 12.0 1.0 
7.6 17.6 8.6 7.6 7.6 13.2 10.6 9.6 7.6 0 8.6 8.6 9.6 9.6 7.6 7.6 20.6 17.6 6.6 
3.0 13.0 4.0 3.0 3.0 8.6 6.0 5.0 3.0 8.6 0 1.0 5.0 5.0 3.0 3.0 16.0 13.0 2.0 
3.0 13.0 4.0 3.0 3.0 8.6 6.0 5.0 3.0 8.6 1.0 0 5.0 5.0 3.0 3.0 16.0 13.0 2.0 
4.0 14.0 5.0 4.0 4.0 9.6 7.0 6.0 4.0 9.6 5.0 5.0 0 6.0 4.0 4.0 17.0 14.0 3.0 
4.0 14.0 5.0 4.0 4.0 9.6 7.0 6.0 4.0 9.6 5.0 5.0 6.0 0 4.0 4.0 17.0 14.0 3.0 
2.0 12.0 3.0 2.0 2.0 7.6 5.0 4.0 2.0 7.6 3.0 3.0 4.0 4.0 0 2.0 15.0 12.0 1.0 
2.0 12.0 3.0 2.0 2.0 7.6 5.0 4.0 2.0 7.6 3.0 3.0 4.0 4.0 2.0 0 15.0 12.0 1.0 
15.0 25.0 16.0 15.0 15.0 20.6 18.0 17.0 15.0 20.6 16.0 16.0 17.0 17.0 15.0 15.0 0 25.0 14.0 
12.0 22.0 13.0 12.0 12.0 17.6 15.0 14.0 12.0 17.6 13.0 13.0 14.0 14.0 12.0 12.0 25.0 0 11.0 
1.0 11.0 2.0 1.0 1.0 6.6 4.0 3.0 1.0 6.6 2.0 2.0 3.0 3.0 1.0 1.0 14.0 11.0 0 
