10
10 3 8 6 14 22 24 28 20 1
0 5.0 3.0 2.0 2.0 2.0 12.0 7.6 4.0 1.0 
5.0 0 6.0 5.0 5.0 5.0 15.0 10.6 7.0 4.0 
3.0 6.0 0 1.0 3.0 3.0 13.0 8.6 5.0 2.0 
2.0 5.0 1.0 0 2.0 2.0 12.0 7.6 4.0 1.0 
2.0 5.0 3.0 2.0 0 2.0 12.0 7.6 4.0 1.0 
2.0 5.0 3.0 2.0 2.0 0 10.0 7.6 4.0 1.0 
12.0 15.0 13.0 12.0 12.0 10.0 0 17.6 14.0 11.0 
7.6 10.6 8.6 7.6 7.6 7.6 17.6 0 9.6 6.6 
4.0 7.0 5.0 4.0 4.0 4.0 14.0 9.6 0 3.0 
1.0 4.0 2.0 1.0 1.0 1.0 11.0 6.6 3.0 0 
