15
55a 12a 8a 26a 21a 14a 63a 18a 58a 4a 40a 33a 41a 67a 66a
0 4.47214 25.14987 28.299100000000003 26.18702 12.544 14.37495 20.24264 23.24264 31.24264 29.60626 27.60626 15.848189999999999 6.0 7.07107 
4.47214 0 20.69316 25.826169999999998 23.71409 10.071069999999999 11.91371 18.62191 21.62191 29.015810000000002 27.13333 25.13333 15.27812 10.32456 11.423580000000001 
25.14987 20.69316 0 8.544 13.64302 24.299100000000003 27.39109 30.10414 31.40757 36.9732 31.40757 29.6744 32.9351 31.017719999999997 31.642509999999998 
28.2991 25.826169999999998 8.544 0 5.09902 15.7551 18.84709 21.56014 22.863569999999996 28.4292 22.86357 21.1304 24.41936 31.451780000000003 31.117930000000005 
26.18702 23.71409 13.64302 5.09902 0 13.64302 16.8053 19.66979 20.751489999999997 25.041790000000002 18.41258 17.42602 22.585 29.339699999999997 29.00585 
12.544 10.071069999999999 24.299100000000003 15.7551 13.64302 0 3.16228 9.857299999999999 11.78828 19.039350000000002 17.062260000000002 15.06226 9.08276 15.69668 15.362829999999999 
14.37495 11.91371 27.391090000000002 18.84709 16.8053 3.16228 0 6.7082 9.7082 17.61577 16.56022 14.56022 6.0 14.38682 14.052970000000002 
20.24264 18.62191 30.10414 21.56014 19.66979 9.857299999999999 6.7082 0 3.0 11.0 12.2111 10.65685 6.7082 19.408489999999997 18.77927 
23.24264 21.62191 31.40757 22.86357 20.75149 11.78828 9.7082 3.0 0 8.0 10.373380000000001 8.60233 9.66042 22.408489999999997 21.73149 
31.24264 29.015810000000002 36.973200000000006 28.4292 25.04179 19.03935 17.61577 11.0 8.0 0 7.07107 7.61577 17.34523 30.408489999999997 29.4163 
29.606260000000002 27.13333 31.40757 22.86357 18.41258 17.062260000000002 16.56022 12.2111 10.373380000000001 7.07107 0 2.0 18.9193 30.795149999999996 30.461299999999998 
27.606260000000002 25.13333 29.674400000000002 21.1304 17.42602 15.06226 14.56022 10.65685 8.60233 7.61577 2.0 0 17.36505 28.947039999999998 28.61319 
15.84819 15.27812 32.9351 24.41936 22.584999999999997 9.08276 6.0 6.7082 9.66042 17.34523 18.9193 17.36505 0 13.15383 12.071069999999999 
6.0 10.32456 31.017719999999997 31.45178 29.3397 15.69668 14.38682 19.40849 22.40849 30.40849 30.79515 28.94704 13.15383 0 1.41421 
7.07107 11.423580000000001 31.64251 31.11793 29.00585 15.362829999999999 14.052969999999998 18.779269999999997 21.731489999999997 29.416299999999996 30.461299999999998 28.61319 12.071069999999999 1.41421 0 
