12
35a 17a 21a 31a 10a 23a 24a 26a 3a 36a 29a 20a
0 8.3 16.6 19.8 17.1 10.8 9.0 20.3 14.3 21.2 20.0 16.7 
8.3 0 8.6 12.2 11.5 7.0 4.0 14.1 8.1 20.9 19.7 16.4 
16.6 8.6 0 4.5 6.3 9.0 8.2 19.5 13.5 26.8 25.6 22.3 
19.8 12.2 4.5 0 4.5 10.8 10.8 24.0 18.0 31.3 30.1 26.8 
17.1 11.5 6.3 4.5 0 6.3 9.3 23.3 17.3 30.6 29.400000000000006 26.1 
10.8 7.0 9.0 10.8 6.3 0 3.0 21.1 15.1 27.0 25.799999999999997 22.5 
9.0 4.0 8.2 10.8 9.3 3.0 0 18.1 12.1 24.0 22.800000000000004 19.5 
20.299999999999997 14.1 19.5 24.0 23.299999999999997 21.1 18.1 0 6.0 23.2 21.9 18.7 
14.3 8.1 13.5 18.0 17.299999999999997 15.1 12.1 6.0 0 17.2 15.9 12.7 
21.2 20.9 26.799999999999997 31.299999999999997 30.599999999999994 26.999999999999996 23.999999999999996 23.2 17.2 0 2.2 4.5 
19.999999999999996 19.7 25.6 30.1 29.4 25.8 22.8 21.9 15.899999999999999 2.2 0 3.6 
16.7 16.4 22.3 26.8 26.1 22.5 19.5 18.7 12.7 4.5 3.6 0 
