53
loc19 loc150 loc38 loc132 loc66 loc57 loc58 loc111 loc28 loc135 loc126 loc165 loc106 loc48 loc105 loc148 loc144 loc90 loc6 loc182 loc162 loc104 loc198 loc44 loc174 loc190 loc24 loc114 loc123 loc138 loc42 loc147 loc168 loc51 loc84 loc78 loc186 loc82 loc36 loc34 loc117 loc72 loc54 loc177 loc96 loc15 loc184 loc141 loc192 loc18 loc14 loc33 loc0
0 5.73861 42.77566 20.07584 46.01134 63.163270000000004 80.51673 105.55265 89.79076 79.61715000000001 86.77258 94.50431 95.128 112.87173 114.73591 100.42785 89.53826 114.38356 144.73651 140.78783 123.23769 99.1294 81.971 92.03868 86.77819 89.41999999999999 115.6782 116.57577 120.45604 92.34732 103.4246 96.77995999999999 118.94045 143.01497 92.05193 59.93445 49.49629 33.08677 24.65683 49.89821 57.45886 92.92972 100.62483 91.30424 118.46447 88.03047000000001 72.07908 61.74163 46.82489 39.54414 39.690110000000004 36.73036 27.13895 
5.73861 0 47.7014 25.08026 50.22758 67.55238 85.53549 109.23952 94.2447 84.60522 91.3155 97.45125 96.5526 115.3389 114.70555 99.50334 91.02237 114.73365 145.80962 141.05675 121.92125 97.66944 80.67066 90.26807 84.29827 86.02213 112.25808 112.65249 115.59942 87.49161 97.91319 91.04135 113.64883 137.45513 86.44622 54.23691 44.01886 27.34816 22.63435 44.1596 51.72025 89.28036 96.76511 85.56563 116.21792 85.37552 70.65093 61.29036 45.84837 39.23866 33.9515 36.73678 32.5024 
42.77566 47.7014 0 22.69982 51.3812 60.70134 55.69706 63.76637 47.33269 37.29556 46.39293 56.90422 68.21926 84.88903 81.19812 82.78169 70.95124 101.72948 124.99009 126.95052 122.28823 96.73899 85.01244 95.20294 97.6335 109.82840999999999 131.22232 136.07536 147.60998 120.83268 138.1246 135.93901 150.69664 173.16903 128.29362 98.48036 85.86032 74.52882 49.56665 84.38462000000001 99.37553 132.99023 141.14725 130.62809 153.48687 121.53855 105.13046 88.91297 80.63743 72.08726 64.42666 55.25457 31.90532 
20.07584 25.08026 22.69982 0 46.27685 60.80894 67.65595 85.47681 69.71492 59.54131 66.82645 74.42847 75.05216 96.60116 94.66007 80.35201 76.29264 104.12679 131.93464 130.37614 118.39964 88.93053 78.12543 88.30559 87.08388 92.53112 118.99818 122.03492 130.22406 102.65081 117.61865 113.88815 131.40699 154.51185 107.18013 76.47937 64.38699 51.829 30.10636 63.11549 76.80017 112.36071 120.24257 109.38545 135.81179 104.0743 88.04769 74.35104 62.89953 54.71553 47.44452 42.1611 23.01923 
46.01134 50.22758 51.3812 46.27685 0 17.51512 47.5187 85.98461 78.20777 80.68556 93.79158 106.95824 111.35032 136.26475 132.48649 120.18195 120.35017 149.60789 175.45879 175.60868 164.59419 134.98998 124.01008 134.14469 131.3766 134.93077 161.43126 162.58433 165.55642 137.46355 145.28797 133.89056 162.32381 186.34223 132.98523 100.10799 92.5204 71.22605 69.88772 93.50529 85.15179 100.61655 109.4708 101.40871 110.84724 79.95751 63.50271 44.27843 45.14764 38.03616 32.38705 18.7196 23.26508 
63.163270000000004 67.55238 60.70134 60.80894 17.51512 0 38.12061 81.77256 76.6358 83.67615 97.96293 113.67369000000001 118.54989 144.50509 139.85988 128.8271 131.49242 161.75975 185.65493 187.33435 178.94653 148.07295 138.92738 149.11064 147.32317 151.48253 178.02912 179.56072 183.02332 154.9146 162.71822 150.97926999999999 179.82844 203.85735 150.35824 117.49687 110.03504 88.63541 86.49603 111.00673 101.39269999999999 112.11457 120.97792 113.99063000000001 117.04294 88.14411 72.41781 57.30415 58.45135 52.57129 48.12717 36.234719999999996 38.29869 
80.51673 85.53549 55.69706 67.65595 47.5187 38.12061 0 43.65195 52.12994 58.21997 73.40725 90.05058 99.38903 125.36372 119.05257 113.25787 120.05909 151.72727 169.66389 176.05837 175.41632 144.44683999999998 139.01107 149.20157 151.47528 159.31106 184.77254 188.9045 197.85687 170.17799 183.32191 175.78789 198.29386 221.71874 171.98073 139.63804 129.3915 111.52559 97.70624 129.03186 130.00663 148.03439 156.90053 148.92621 155.12712 125.59356 109.73507000000001 90.00753 92.66435 85.37843 79.16519 65.24992 53.37778 
105.55265 109.23952 63.76637 85.47681 85.98461 81.77256 43.65195 0 18.48053 39.56434 50.0446 66.79067 76.88986 101.66826 93.89664 91.46914 106.90386 137.31151 146.90469 156.97706 167.15838 131.84835 137.62872 146.39876 153.65262 163.80743 187.76956 194.62295 209.34616 183.4108 201.80691 199.36496 213.8188 235.79629 192.05987 161.94001 149.56027 136.58473 113.27713 147.85198 159.45908 185.20916 193.94076 184.86068 196.4926 165.92165 149.4847 130.19488 129.45288 121.32561 114.15238 100.94189 82.13281 
89.79076 94.2447 47.33269 69.71492 78.20777 76.6358 52.12994 18.48053 0 21.08381 33.86265 50.62153 60.961780000000005 86.82986 79.41811 75.39644000000001 89.39049 120.26649 132.13573 140.97571 149.28921 114.00267 119.17817 128.56456 135.17377 146.14334 169.28931 176.18358 191.2178 165.53623 184.60922 183.22267 196.12927 217.85618 175.19985 145.76552 133.02646 121.43695 96.29871 131.11668 145.38498 174.38867 182.96279 173.27445 188.88387 157.57355 141.03219 122.23535 119.18024 110.7671 103.76137 90.85974 69.94566 
79.61715000000001 84.60522 37.29556 59.54131 80.68556 83.67615 58.21997 39.56434 21.08381 0 15.19892 32.15583 41.16906 67.75861 61.02668 55.0379 68.33145 99.34089 112.75227 120.55006 128.22585 92.91886 98.90564 107.48075 115.41784 126.16724 149.42287 156.83664 173.44707 148.41193 169.13144 169.99531000000002 179.40287 200.45487 160.53006 132.77908 119.42426 110.81018 82.24774 116.91348 136.32223 170.003 178.25163 167.8547 188.66832 156.8186 140.09633 122.71545 116.57755 107.99248 100.3009 89.59078 66.60081 
86.77258 91.3155 46.39293 66.82645 93.79158 97.96293 73.40725 50.0446 33.86265 15.19892 0 16.95691 27.09913 53.12847 46.065 41.53379 57.42421 87.31834 98.36206 107.19076 118.05213 82.89214 92.30621 100.05856 109.83152 121.52918 143.30282 151.69394 170.19931 146.71923 169.23692 172.38422 177.97532 198.01088 161.57418 135.77348 122.02257 116.17499 85.22797 119.01049 142.50584 178.97373 186.97592 176.19854 199.7577 167.81502 151.19752 134.54073 127.01453 118.45397 110.77169 100.99203 77.67032 
94.50431 97.45125 56.90422 74.42847 106.95824 113.67369000000001 90.05058 66.79067 50.62153 32.15583 16.95691 0 11.31504 36.22002 29.1327 25.87747 44.59911 72.52894 81.5142 91.02319 104.89356 70.37953 83.52982 90.16722 101.82376 114.37938 134.23849 143.6086 164.85262 142.48625 166.7563 172.52005 173.72002 192.62997000000001 160.21506 136.91364 122.9444 120.28012 87.51556 119.43018 147.15822 186.49631 194.15761 183.01688000000001 209.74229 177.8405 161.45135 145.81719 136.68382 128.24633 120.67089 112.15879000000001 88.80951 
95.128 96.5526 68.21926 75.05216 111.35032 118.54989 99.38903 76.88986 60.961780000000005 41.16906 27.09913 11.31504 0 26.83441 21.30999 37.10886 33.71424 61.21795 71.58416 80.13155 93.70552 59.50198999999999 73.93253 80.88552 92.43746 106.01678 124.25077 133.9968 155.5164 134.72326 159.81974 166.90461 165.81551 183.93548 153.93667 132.26832 118.28387 118.03108 84.21789 116.9653 144.67816 185.82714 193.20875 181.85244 210.86265 179.11443 162.98961 148.23806 137.91979 129.64669 122.24286000000001 114.77664 91.73958 
112.87173 115.3389 84.88903 96.60116 136.26475 144.50509 125.36372 101.66826 86.82986 67.75861 53.12847 36.22002 26.83441 0 8.72972 16.28465 30.1883 43.56431 45.32983 56.52401 78.87669 49.56598 71.56835 74.44084 89.83448 103.49611 117.54399 128.87833 153.67897 136.73145 163.88509 174.76763 166.7095 182.18458 160.00215 142.93474 129.26924 133.03083 99.29026 124.94817 159.72046 203.63696 210.47521 198.8415 231.33593 199.99717 184.35043 170.87183 159.10092 151.13987 144.00423 137.93392 115.50475 
114.73591 114.70555 81.19812 94.66007 132.48649 139.85988 119.05257 93.89664 79.41811 61.02668 46.065 29.1327 21.30999 8.72972 0 15.79887 34.82553 51.93599 53.19338 65.16497 87.07458 56.59331 77.19008 80.86413 95.69777 109.2648 124.47674 135.51809 159.65667000000002 141.69453 168.3811 178.21459 172.05187 188.21067 163.9216 145.38458 131.56138 133.82216 100.01063 127.39381 160.70891999999998 203.61271 210.68331 199.14849 230.15624 198.7062 182.69372 168.53776 157.50062 149.37327 142.0818 135.38763 112.45154 
100.42785 99.50334 82.78169 80.35201 120.18195 128.8271 113.25787 91.46914 75.39644000000001 55.0379 41.53379 25.87747 37.10886 16.28465 15.79887 0 21.70063 46.72452 58.28837 65.71888 79.88918 47.48838 63.98389 68.87191 82.63463 96.06814 113.05305 123.45852 146.44272 127.35178 153.58761 162.75315 158.02961 174.98911 148.74545 129.66034 115.81468 118.11018999999999 84.297 112.97869 144.96179 188.16495 195.15117 183.57957 215.31706 183.89999 168.19514999999998 154.59717 142.94096 134.94027 127.79653 121.65056 99.25916 
89.53826 91.02237 70.95124 76.29264 120.35017 131.49242 120.05909 106.90386 89.39049 68.33145 57.42421 44.59911 33.71424 30.1883 34.82553 21.70063 0 31.69304 55.64888 55.99928 60.6646 25.78775 42.53573 47.17128 61.14805 74.61108 91.37363 101.76762 125.06988 106.90584 133.80562 144.64799 137.22793 153.62781 129.81385 113.40718 99.92939 105.64081 72.48977 95.48138 131.8464 177.18503 183.59122 171.84305 207.04512 176.39758 161.47845 149.89826 136.36313 128.9317 122.31701 118.44648 97.82563 
114.38356 114.73365 101.72948 104.12679 149.60789 161.75975 151.72727 137.31151 120.26649 99.34089 87.31834 72.52894 61.21795 43.56431 51.93599 46.72452 31.69304 0 34.81595 26.40427 35.45849 18.167 43.37852 40.64081 57.592 70.68277 78.31141 90.69699 117.95425 106.35667000000001 134.87498 150.64025 133.61645 145.78744 133.92385 124.93911 112.88324 123.99455 93.60702 108.0739 148.28336 195.6699 201.17112 189.37367 228.46763 199.03175 185.13364 175.52876 160.57291 153.809 147.80786 145.72741 126.5996 
144.73651 145.80962 124.99009 131.93464 175.45879 185.65493 169.66389 146.90469 132.13573 112.75227 98.36206 81.5142 71.58416 45.32983 53.19338 58.28837 55.64888 34.81595 0 20.29783 60.03562 52.71962 78.19387 74.90761 91.73042 104.35699 107.9949 120.92863 149.34557 140.16009 168.7684 185.26767 166.1592 176.31752 168.37898 159.66026 147.42648 157.45913 125.82916 142.64098 182.36055 229.33247999999998 235.10036 223.29288 261.06982 230.97446 216.45569 205.42509 191.49104 184.25228 177.77981 174.09242 153.24043 
140.78783 141.05675 126.95052 130.37614 175.60868 187.33435 176.05837 156.97706 140.97571 120.55006 107.19076 91.02319 80.13155 56.52401 65.16497 65.71888 55.99928 26.40427 20.29783 0 41.11374 44.57127 66.58813 61.908100000000005 77.31124 90.46083999999999 89.6175 102.6623 131.48363 124.54643 153.09885 171.15218 149.01587 157.8537 153.80706 148.25893 136.88921 149.46591999999998 119.72995 132.04347 172.99709 220.74476 225.95374 214.18899 254.22199 225.07362 211.39011 201.92114 186.87765 180.17263 174.21213 172.08346 152.70776 
123.23769 121.92125 122.28823 118.39964 164.59419 178.94653 175.41632 167.15838 149.28921 128.22585 118.05213 104.89356 93.70552 78.87669 87.07458 79.88918 60.6646 35.45849 60.03562 41.11374 0 35.31185 41.2758 31.76691 43.1 51.86079 48.54525 61.60693 90.55697 85.99848 114.13279 134.08565 108.53089 116.74022 116.3043 116.03818 106.64426 123.35749 99.30412 101.88766 143.73622 191.88366 196.05257 184.53977 227.91884 200.94221 188.97629 182.82832 166.08828 160.63083 155.856 156.90801 141.39252 
99.1294 97.66944 96.73899 88.93053 134.98998 148.07295 144.44683999999998 131.84835 114.00267 92.91886 82.89214 70.37953 59.50198999999999 49.56598 56.59331 47.48838 25.78775 18.167 52.71962 44.57127 35.31185 0 25.94085 36.13135 42.09614 55.79401 67.98251 79.38542 104.94857 90.71526 118.95104 133.55471 119.267 133.29491 117.18455 106.94239 94.76472 105.9491 76.10243 90.06672 130.12011 177.55162 183.01612 171.22056 210.59916 181.40167 167.76259 158.77671 143.41171 136.87742 131.51475 129.83433 111.77681 
81.971 80.67066 85.01244 78.12543 124.01008 138.92738 139.01107 137.62872 119.17817 98.90564 92.30621 83.52982 73.93253 71.56835 77.19008 63.98389 42.53573 43.37852 78.19387 66.58813 41.2758 25.94085 0 10.1905 18.65245 32.08425 51.00916 60.09672 82.53418 65.58622 93.47462 107.61388 95.15696 111.09215 91.29999 81.83691 70.30255 84.01187 58.07523 65.45534 106.60549 154.56631 159.53893 147.80596 189.11145 161.09143 148.50641 141.69943 125.1742 119.5083 114.61691 115.70962 100.95455 
92.03868 90.26807 95.20294 88.30559 134.14469 149.11064 149.20157 146.39876 128.56456 107.48075 100.05856 90.16722 80.88552 74.44084 80.86413 68.87191 47.17128 40.64081 74.90761 61.908100000000005 31.76691 36.13135 10.1905 0 16.95553 30.653399999999998 44.25795 54.69917 79.45146 65.75869 94.24201 110.44436 93.76546 107.86584 93.47166 87.40618 76.75908 92.50119000000001 67.63512 73.30032 113.58339 161.71837 166.34573 154.69006 196.99259 169.51352 158.69691 151.07538 134.32505 128.87826 124.18701 125.61055 111.1146 
86.77819 84.29827 97.6335 87.08388 131.3766 147.32317 151.47528 153.65262 135.17377 115.41784 109.83152 101.82376 92.43746 89.83448 95.69777 82.63463 61.14805 57.592 91.73042 77.31124 43.1 42.09614 18.65245 16.95553 0 13.69787 34.13982 41.90348 63.9589 48.81446 77.2866 93.88763 77.26034 92.5129 76.72538 72.99851 63.6392 81.46761 62.12184 58.92353 100.74396 148.85499 152.95548 141.45605 185.25615 159.02546 147.86443 143.48337 126.06825 121.43969 117.53482 120.76555 109.02521 
89.41999999999999 86.02213 109.82840999999999 92.53112 134.93077 151.48253 159.31106 163.80743 146.14334 126.16724 121.52918 114.37938 106.01678 103.49611 109.2648 96.06814 74.61108 70.68277 104.35699 90.46083999999999 51.86079 55.79401 32.08425 30.653399999999998 13.69787 0 26.5582 30.84155 50.47324 35.80313 64.41417 82.51333 63.59059 79.02691 64.93553 65.69505 58.43968 79.63291000000001 65.04666 61.24819000000001 95.03442 142.64675 146.09222 134.85472 180.1192 155.36029 145.34252 142.78122 124.9267 121.12717 118.00765000000001 122.75618 113.40376 
115.6782 112.25808 131.22232 118.99818 161.43126 178.02912 184.77254 187.76956 169.28931 149.42287 143.30282 134.23849 124.25077 117.54399 124.47674 113.05305 91.37363 78.31141 107.9949 89.6175 48.54525 67.98251 51.00916 44.25795 34.13982 26.5582 0 13.06857 42.16397 44.34646 69.66605 92.76772 60.89353 68.32956 74.91832 85.42193 80.98979 102.83595 91.56557 77.1523 115.89952 162.07003 164.49918 153.80832 200.63884 177.74617 168.86537 167.67184 149.63319 146.35679 143.64826 148.95063 139.96195 
116.57577 112.65249 136.07536 122.03492 162.58433 179.56072 188.9045 194.62295 176.18358 156.83664 151.69394 143.6086 133.9968 128.87833 135.51809 123.45852 101.76762 90.69699 120.92863 102.6623 61.60693 79.38542 60.09672 54.69917 41.90348 30.84155 13.06857 0 29.1553 35.79285 58.5272 82.66464 48.23481 55.40561 65.1329 79.8113 77.43128 100.17765 93.29833 74.12817 110.42314 155.24278 157.08092 146.76719 194.28645 172.85162 165.01528 165.32354 147.16305 144.59521 142.54568 148.97631 141.96287 
120.45604 115.59942 147.60998 130.22406 165.55642 183.02332 197.85687 209.34616 191.2178 173.44707 170.19931 164.85262 155.5164 153.67897 159.65667000000002 146.44272 125.06988 117.95425 149.34557 131.48363 90.55697 104.94857 82.53418 79.45146 63.9589 50.47324 42.16397 29.1553 0 28.10872 35.57876 61.342200000000005 20.08525 28.92978 46.08465 71.02875 73.92863 96.96929 100.15081 72.23598 99.97397 140.07657 140.46088 131.28386 179.60939 161.92254 156.65515 160.48108000000002 142.42385 141.5444 141.0438 149.81252999999998 147.30593 
92.34732 87.49161 120.83268 102.65081 137.46355 154.9146 170.17799 183.4108 165.53623 148.41193 146.71923 142.48625 134.72326 136.73145 141.69453 127.35178 106.90584 106.35667000000001 140.16009 124.54643 85.99848 90.71526 65.58622 65.75869 48.81446 35.80313 44.34646 35.79285 28.10872 0 28.61548 48.83108 31.28717 52.38549 30.8749 45.44246 46.30352 69.51371 72.54525 44.29053 75.71276 119.55864 121.29186 111.03502 158.73105 138.27822 131.53853 133.82339 115.70719 114.30551 113.43546 121.85152 119.26356 
103.4246 97.91319 138.1246 117.61865 145.28797 162.71822 183.32191 201.80691 184.60922 169.13144 169.23692 166.7563 159.81974 163.88509 168.3811 153.58761 133.80562 134.87498 168.7684 153.09885 114.13279 118.95104 93.47462 94.24201 77.2866 64.41417 69.66605 58.5272 35.57876 28.61548 0 25.76344 19.9665 42.97677 13.05143 45.28828 53.93361 74.08572 88.55801 54.55013 69.6023 105.66969 105.4855 96.79499 145.13873 129.5494 126.17953 132.63701 115.3397 116.06568 117.0986 127.86962 130.39568 
96.77995999999999 91.04135 135.93901 113.88815 133.89056 150.97926999999999 175.78789 199.36496 183.22267 169.99531000000002 172.38422 172.52005 166.90461 174.76763 178.21459 162.75315 144.64799 150.64025 185.26767 171.15218 134.08565 133.55471 107.61388 110.44436 93.88763 82.51333 92.76772 82.66464 61.342200000000005 48.83108 25.76344 0 44.60711 66.94503 17.95737 37.45868 50.5726 64.29343 87.74829 53.37375 53.21589 81.09871 80.28483 72.25437 120.33058 106.96438 105.58137 114.62781 98.48161 100.79188 103.28497 115.76674 122.43949 
118.94045 113.64883 150.69664 131.40699 162.32381 179.82844 198.29386 213.8188 196.12927 179.40287 177.97532 173.72002 165.81551 166.7095 172.05187 158.02961 137.22793 133.61645 166.1592 149.01587 108.53089 119.267 95.15696 93.76546 77.26034 63.59059 60.89353 48.23481 20.08525 31.28717 19.9665 44.60711 0 24.07452 32.75468 63.35307 69.89025 91.56865 101.54633 69.51142 89.2802 125.36023 124.86233 116.47448 164.75608 149.51577 145.99501 151.94224 134.42976 134.70903 135.27124 145.41904 146.0779 
143.01497 137.45513 173.16903 154.51185 186.34223 203.85735 221.71874 235.79629 217.85618 200.45487 198.01088 192.62997000000001 183.93548 182.18458 188.21067 174.98911 153.62781 145.78744 176.31752 157.8537 116.74022 133.29491 111.09215 107.86584 92.5129 79.02691 68.32956 55.40561 28.92978 52.38549 42.97677 66.94503 24.07452 0 56.02688 87.37807 93.85492 115.64282 124.48401 93.29602 112.57907 145.9201 144.5585 137.16017 184.90243 171.61497 168.96308 175.60302000000001 158.21745 158.67325 159.32312 169.49356 169.8131 
92.05193 86.44622 128.29362 107.18013 132.98523 150.35824 171.98073 192.05987 175.19985 160.53006 161.57418 160.21506 153.93667 160.00215 163.9216 148.74545 129.81385 133.92385 168.37898 153.80706 116.3043 117.18455 91.29999 93.47166 76.72538 64.93553 74.91832 65.1329 46.08465 30.8749 13.05143 17.95737 32.75468 56.02688 0 32.88313 42.86524 61.77192 78.90119 44.20979 56.58527 94.02541 94.41131 85.19921 133.55821 116.96435 113.24354 119.58797 102.31773 103.15246 104.34747 115.36193 118.81051 
59.93445 54.23691 98.48036 76.47937 100.10799 117.49687 139.63804 161.94001 145.76552 132.77908 135.77348 136.91364 132.26832 142.93474 145.38458 129.66034 113.40718 124.93911 159.66026 148.25893 116.03818 106.94239 81.83691 87.40618 72.99851 65.69505 85.42193 79.8113 71.02875 45.44246 45.28828 37.45868 63.35307 87.37807 32.88313 0 13.98957 28.88888 50.66383 17.99749 30.62176 77.09393 80.4013 69.17932 115.25366 93.07593 86.1261 89.45233 71.58586 71.40487 71.96578 82.58309 86.31307 
49.49629 44.01886 85.86032 64.38699 92.5204 110.03504 129.3915 149.56027 133.02646 119.42426 122.02257 122.9444 118.28387 129.26924 131.56138 115.81468 99.92939 112.88324 147.42648 136.88921 106.64426 94.76472 70.30255 76.75908 63.6392 58.43968 80.98979 77.43128 73.92863 46.30352 53.93361 50.5726 69.89025 93.85492 42.86524 13.98957 0 23.23908 37.17703 4.85025 37.10495 85.23944 89.60445 77.9889 121.86982 97.05912 87.90112 88.10031 69.9251 68.07335 67.15511 76.07108 76.52049 
33.08677 27.34816 74.52882 51.829 71.22605 88.63541 111.52559 136.58473 121.43695 110.81018 116.17499 120.28012 118.03108 133.03083 133.82216 118.11018999999999 105.64081 123.99455 157.45913 149.46591999999998 123.35749 105.9491 84.01187 92.50119000000001 81.46761 79.63291000000001 102.83595 100.17765 96.96929 69.51371 74.08572 64.29343 91.56865 115.64282 61.77192 28.88888 23.23908 0 33.81319 26.449370000000002 26.98714 71.89473 77.98971 66.21917 105.10548 77.6271 72.24412000000001 65.14593 46.98993 44.83635 51.047529999999995 53.87724 58.14781 
24.65683 22.63435 49.56665 30.10636 69.88772 86.49603 97.70624 113.27713 96.29871 82.24774 85.22797 87.51556 84.21789 99.29026 100.01063 84.297 72.48977 93.60702 125.82916 119.72995 99.30412 76.10243 58.07523 67.63512 62.12184 65.04666 91.56557 93.29833 100.15081 72.54525 88.55801 87.74829 101.54633 124.48401 78.90119 50.66383 37.17703 33.81319 0 34.81797 60.71549 104.73141 111.30502 99.61766 135.24125 105.43562 91.66016 83.67949 67.53958 61.51292 56.55189 58.6658 48.66612 
49.89821 44.1596 84.38462000000001 63.11549 93.50529 111.00673 129.03186 147.85198 131.11668 116.91348 119.01049 119.43018 116.9653 124.94817 127.39381 112.97869 95.48138 108.0739 142.64098 132.04347 101.88766 90.06672 65.45534 73.30032 58.92353 61.24819000000001 77.1523 74.12817 72.23598 44.29053 54.55013 53.37375 69.51142 93.29602 44.20979 17.99749 4.85025 26.449370000000002 34.81797 0 41.8488 90.00619 94.43052 82.80182 126.45736 101.29144 92.15898 91.19831 73.03513 70.72211 70.52302 77.57655 76.56658 
57.45886 51.72025 99.37553 76.80017 85.15179 101.39269999999999 130.00663 159.45908 145.38498 136.32223 142.50584 147.15822 144.67816 159.72046 160.70891999999998 144.96179 131.8464 148.28336 182.36055 172.99709 143.73622 130.12011 106.60549 113.58339 100.74396 95.03442 115.89952 110.42314 99.97397 75.71276 69.6023 53.21589 89.2802 112.57907 56.58527 30.62176 37.10495 26.98714 60.71549 41.8488 0 48.16821 52.95669 41.24252 85.11033 63.253260000000004 56.86139 65.34404 47.16808 49.897 53.27759 66.53190000000001 78.09722 
92.92972 89.28036 132.99023 112.36071 100.61655 112.11457 148.03439 185.20916 174.38867 170.003 178.97373 186.49631 185.82714 203.63696 203.61271 188.16495 177.18503 195.6699 229.33247999999998 220.74476 191.88366 177.55162 154.56631 161.71837 148.85499 142.64675 162.07003 155.24278 140.07657 119.55864 105.66969 81.09871 125.36023 145.9201 94.02541 77.09393 85.23944 71.89473 104.73141 90.00619 48.16821 0 8.87497 8.88876 39.53367 32.24639 41.51418 60.14356 55.81528 63.88893 71.18396 84.2901 104.54329 
100.62483 96.76511 141.14725 120.24257 109.4708 120.97792 156.90053 193.94076 182.96279 178.25163 186.97592 194.15761 193.20875 210.47521 210.68331 195.15117 183.59122 201.17112 235.10036 225.95374 196.05257 183.01612 159.53893 166.34573 152.95548 146.09222 164.49918 157.08092 140.46088 121.29186 105.4855 80.28483 124.86233 144.5585 94.41131 80.4013 89.60445 77.98971 111.30502 94.43052 52.95669 8.87497 0 11.8076 40.48067 39.5719 50.08278 68.91958 64.60897 72.61646 79.84878 93.0482 113.0635 
91.30424 85.56563 130.62809 109.38545 101.40871 113.99063000000001 148.92621 184.86068 173.27445 167.8547 176.19854 183.01688000000001 181.85244 198.8415 199.14849 183.57957 171.84305 189.37367 223.29288 214.18899 184.53977 171.22056 147.80596 154.69006 141.45605 134.85472 153.80832 146.76719 131.28386 111.03502 96.79499 72.25437 116.47448 137.16017 85.19921 69.17932 77.9889 66.21917 99.61766 82.80182 41.24252 8.88876 11.8076 0 48.36945 41.135149999999996 45.76418 64.84328 56.26189 63.81346 70.72149 84.29024 103.33384 
118.46447 116.21792 153.48687 135.81179 110.84724 117.04294 155.12712 196.4926 188.88387 188.66832 199.7577 209.74229 210.86265 231.33593 230.15624 215.31706 207.04512 228.46763 261.06982 254.22199 227.91884 210.59916 189.11145 196.99259 185.25615 180.1192 200.63884 194.28645 179.60939 158.73105 145.13873 120.33058 164.75608 184.90243 133.55821 115.25366 121.86982 105.10548 135.24125 126.45736 85.11033 39.53367 40.48067 48.36945 0 31.94839 48.58966 66.64963 73.06158 81.50663 89.12271 99.1381 122.19613 
88.03047000000001 85.37552 121.53855 104.0743 79.95751 88.14411 125.59356 165.92165 157.57355 156.8186 167.81502 177.8405 179.11443 199.99717 198.7062 183.89999 176.39758 199.03175 230.97446 225.07362 200.94221 181.40167 161.09143 169.51352 159.02546 155.36029 177.74617 172.85162 161.92254 138.27822 129.5494 106.96438 149.51577 171.61497 116.96435 93.07593 97.05912 77.6271 105.43562 101.29144 63.253260000000004 32.24639 39.5719 41.135149999999996 31.94839 0 16.74675 35.9074 41.20558 49.59417 57.18855 67.34178 90.28889 
72.07908 70.65093 105.13046 88.04769 63.50271 72.41781 109.73507000000001 149.4847 141.03219 140.09633 151.19752 161.45135 162.98961 184.35043 182.69372 168.19514999999998 161.47845 185.13364 216.45569 211.39011 188.97629 167.76259 148.50641 158.69691 147.86443 145.34252 168.86537 165.01528 156.65515 131.53853 126.17953 105.58137 145.99501 168.96308 113.24354 86.1261 87.90112 72.24412000000001 91.66016 92.15898 56.86139 41.51418 50.08278 45.76418 48.58966 16.74675 0 19.72754 25.25419 33.34477 41.042049999999996 50.59503 73.60712 
61.74163 61.29036 88.91297 74.35104 44.27843 57.30415 90.00753 130.19488 122.23535 122.71545 134.54073 145.81719 148.23806 170.87183 168.53776 154.59717 149.89826 175.52876 205.42509 201.92114 182.82832 158.77671 141.69943 151.07538 143.48337 142.78122 167.67184 165.32354 160.48108000000002 133.82339 132.63701 114.62781 151.94224 175.60302000000001 119.58797 89.45233 88.10031 65.14593 83.67949 91.19831 65.34404 60.14356 68.91958 64.84328 66.64963 35.9074 19.72754 0 18.17596 22.19749 27.72873 35.09774 57.03596 
46.82489 45.84837 80.63743 62.89953 45.14764 58.45135 92.66435 129.45288 119.18024 116.57755 127.01453 136.68382 137.91979 159.10092 157.50062 142.94096 136.36313 160.57291 191.49104 186.87765 166.08828 143.41171 125.1742 134.32505 126.06825 124.9267 149.63319 147.16305 142.42385 115.70719 115.3397 98.48161 134.42976 158.21745 102.31773 71.58586 69.9251 46.98993 67.53958 73.03513 47.16808 55.81528 64.60897 56.26189 73.06158 41.20558 25.25419 18.17596 0 8.58627 16.28276 28.52634 50.04686 
39.54414 39.23866 72.08726 54.71553 38.03616 52.57129 85.37843 121.32561 110.7671 107.99248 118.45397 128.24633 129.64669 151.13987 149.37327 134.94027 128.9317 153.809 184.25228 180.17263 160.63083 136.87742 119.5083 128.87826 121.43969 121.12717 146.35679 144.59521 141.5444 114.30551 116.06568 100.79188 134.70903 158.67325 103.15246 71.40487 68.07335 44.83635 61.51292 70.72211 49.897 63.88893 72.61646 63.81346 81.50663 49.59417 33.34477 22.19749 8.58627 0 7.69728 20.47678 41.47689 
39.690110000000004 33.9515 64.42666 47.44452 32.38705 48.12717 79.16519 114.15238 103.76137 100.3009 110.77169 120.67089 122.24286000000001 144.00423 142.0818 127.79653 122.31701 147.80786 177.77981 174.21213 155.856 131.51475 114.61691 124.18701 117.53482 118.00765000000001 143.64826 142.54568 141.0438 113.43546 117.0986 103.28497 135.27124 159.32312 104.34747 71.96578 67.15511 51.047529999999995 56.55189 70.52302 53.27759 71.18396 79.84878 70.72149 89.12271 57.18855 41.042049999999996 27.72873 16.28276 7.69728 0 13.91527 33.81571 
36.73036 36.73678 55.25457 42.1611 18.7196 36.234719999999996 65.24992 100.94189 90.85974 89.59078 100.99203 112.15879000000001 114.77664 137.93392 135.38763 121.65056 118.44648 145.72741 174.09242 172.08346 156.90801 129.83433 115.70962 125.61055 120.76555 122.75618 148.95063 148.97631 149.81252999999998 121.85152 127.86962 115.76674 145.41904 169.49356 115.36193 82.58309 76.07108 53.87724 58.6658 77.57655 66.53190000000001 84.2901 93.0482 84.29024 99.1381 67.34178 50.59503 35.09774 28.52634 20.47678 13.91527 0 23.38278 
27.13895 32.5024 31.90532 23.01923 23.26508 38.29869 53.37778 82.13281 69.94566 66.60081 77.67032 88.80951 91.73958 115.50475 112.45154 99.25916 97.82563 126.5996 153.24043 152.70776 141.39252 111.77681 100.95455 111.1146 109.02521 113.40376 139.96195 141.96287 147.30593 119.26356 130.39568 122.43949 146.0779 169.8131 118.81051 86.31307 76.52049 58.14781 48.66612 76.56658 78.09722 104.54329 113.0635 103.33384 122.19613 90.28889 73.60712 57.03596 50.04686 41.47689 33.81571 23.38278 0 
