26
building20 building3 building18 building16 building19 building2 building12 building11 building13 building15 building24 building4 building23 building22 building25 building5 building26 building30 building28 building29 building9 building7 building6 building10 building8 Soda
0 1.45713 2.9278 3.16465 2.82067 4.5466 5.79367 5.7984 5.9636 5.823449999999999 5.79014 4.19353 6.05296 6.11302 5.29043 4.77095 6.37991 6.0426400000000005 6.7058599999999995 6.6318 5.406000000000001 5.7330000000000005 5.4559500000000005 6.01854 5.655320000000001 2.77828 
1.45713 0 1.47067 1.70752 1.36354 3.08947 4.336539999999999 4.34127 4.50647 4.36632 4.33301 2.7363999999999997 4.595829999999999 4.655889999999999 3.8332999999999995 3.3138199999999998 4.9227799999999995 4.585509999999999 5.24873 5.17467 3.9488700000000003 4.27587 3.9988200000000003 4.56141 4.19819 1.32115 
2.9278 1.47067 0 3.17819 2.8342099999999997 4.56014 5.8072099999999995 5.81194 5.9771399999999995 5.83699 5.80368 4.20707 6.0665 6.12656 5.30397 4.78449 6.39345 6.0561799999999995 6.7194 6.64534 5.4195400000000005 5.74654 5.46949 6.0320800000000006 5.6688600000000005 2.79182 
3.16465 1.70752 3.17819 0 3.07106 4.79699 6.04406 6.04879 6.21399 6.073840000000001 6.04053 4.44392 6.30335 6.36341 5.54082 5.02134 6.6303 6.29303 6.956250000000001 6.8821900000000005 5.65639 5.98339 5.70634 6.268929999999999 5.90571 3.02867 
2.82067 1.36354 2.8342099999999997 3.07106 0 4.45301 5.70008 5.70481 5.87001 5.72986 5.69655 4.09994 5.95937 6.01943 5.19684 4.67736 6.28632 5.94905 6.6122700000000005 6.53821 5.31241 5.63941 5.36236 5.924949999999999 5.56173 2.68469 
4.5466 3.08947 4.56014 4.79699 4.45301 0 1.24707 1.2518 1.417 1.27685 4.78018 3.1835699999999996 5.042999999999999 5.103059999999999 4.280469999999999 3.7609899999999996 5.369949999999999 5.032679999999999 5.6959 5.62184 4.39604 4.72304 4.44599 5.00858 4.64536 1.76832 
5.7936700000000005 4.33654 5.80721 6.04406 5.70008 1.24707 0 2.49887 2.6640699999999997 2.52392 6.02725 4.43064 6.29007 6.35013 5.52754 5.00806 6.61702 6.27975 6.942970000000001 6.8689100000000005 5.64311 5.97011 5.69306 6.255649999999999 5.89243 3.01539 
5.7984 4.34127 5.81194 6.0487899999999994 5.70481 1.2518 2.49887 0 2.6688 2.52865 6.03198 4.43537 6.2947999999999995 6.3548599999999995 5.53227 5.01279 6.62175 6.28448 6.947699999999999 6.87364 5.64784 5.97484 5.69779 6.26038 5.89716 3.02012 
5.9636000000000005 4.50647 5.97714 6.21399 5.870010000000001 1.417 2.6640699999999997 2.6688 0 2.6938500000000003 6.1971799999999995 4.600569999999999 6.459999999999999 6.520059999999999 5.697469999999999 5.177989999999999 6.786949999999999 6.449679999999999 7.1129 7.0388399999999995 5.81304 6.14004 5.86299 6.42558 6.06236 3.18532 
5.82345 4.36632 5.83699 6.07384 5.72986 1.27685 2.52392 2.52865 2.6938500000000003 0 6.057029999999999 4.460419999999999 6.319849999999999 6.379909999999999 5.557319999999999 5.037839999999999 6.646799999999999 6.309529999999999 6.97275 6.898689999999999 5.67289 5.99989 5.72284 6.28543 5.92221 3.0451699999999997 
5.79014 4.33301 5.80368 6.0405299999999995 5.69655 4.78018 6.0272499999999996 6.03198 6.1971799999999995 6.057029999999999 0 1.59661 3.45604 3.5161 2.69351 5.00453 6.61349 6.27622 6.939439999999999 6.86538 5.6395800000000005 5.96658 5.68953 6.25212 5.8889000000000005 3.01186 
4.19353 2.7363999999999997 4.20707 4.443919999999999 4.09994 3.1835699999999996 4.4306399999999995 4.43537 4.600569999999999 4.460419999999999 1.59661 0 1.85943 1.91949 1.0969 3.40792 5.01688 4.67961 5.342829999999999 5.26877 4.04297 4.36997 4.09292 4.65551 4.29229 1.41525 
6.052960000000001 4.59583 6.0665000000000004 6.30335 5.95937 5.043 6.29007 6.2948 6.46 6.319850000000001 3.45604 1.85943 0 3.77892 2.95633 5.26735 6.87631 6.53904 7.202260000000001 7.1282000000000005 5.9024 6.2294 5.95235 6.514939999999999 6.15172 3.27468 
6.113020000000001 4.65589 6.1265600000000004 6.36341 6.01943 5.10306 6.35013 6.35486 6.52006 6.379910000000001 3.5161 1.91949 3.77892 0 3.01639 5.32741 6.93637 6.5991 7.262320000000001 7.1882600000000005 5.96246 6.28946 6.01241 6.574999999999999 6.21178 3.33474 
5.290430000000001 3.8333000000000004 5.3039700000000005 5.54082 5.19684 4.28047 5.52754 5.5322700000000005 5.69747 5.557320000000001 2.69351 1.0969 2.95633 3.01639 0 4.5048200000000005 6.11378 5.77651 6.439730000000001 6.365670000000001 5.13987 5.46687 5.18982 5.752409999999999 5.38919 2.51215 
4.77095 3.3138199999999998 4.78449 5.0213399999999995 4.67736 3.7609899999999996 5.0080599999999995 5.01279 5.177989999999999 5.037839999999999 5.00453 3.40792 5.2673499999999995 5.3274099999999995 4.50482 0 1.60896 1.27169 1.93491 1.86085 4.62039 4.94739 4.67034 5.23293 4.86971 1.99267 
6.379910000000001 4.92278 6.3934500000000005 6.6303 6.28632 5.36995 6.61702 6.6217500000000005 6.78695 6.646800000000001 6.6134900000000005 5.0168800000000005 6.87631 6.93637 6.11378 1.60896 0 2.88065 3.54387 3.46981 6.22935 6.55635 6.2793 6.841889999999999 6.47867 3.60163 
6.0426400000000005 4.58551 6.05618 6.29303 5.94905 5.03268 6.27975 6.28448 6.44968 6.3095300000000005 6.27622 4.67961 6.53904 6.5991 5.77651 1.27169 2.88065 0 3.2066 3.1325399999999997 5.89208 6.21908 5.94203 6.504619999999999 6.1414 3.26436 
6.70586 5.24873 6.7194 6.95625 6.6122700000000005 5.6959 6.94297 6.9477 7.1129 6.97275 6.939439999999999 5.342829999999999 7.202259999999999 7.262319999999999 6.439729999999999 1.93491 3.54387 3.2066 0 3.7957599999999996 6.5553 6.8823 6.60525 7.16784 6.80462 3.92758 
6.6318 5.17467 6.64534 6.88219 6.538209999999999 5.62184 6.86891 6.87364 7.0388399999999995 6.89869 6.86538 5.26877 7.1282 7.18826 6.36567 1.86085 3.46981 3.1325399999999997 3.7957599999999996 0 6.48124 6.80824 6.53119 7.093779999999999 6.73056 3.8535199999999996 
5.406000000000001 3.9488700000000003 5.4195400000000005 5.65639 5.31241 4.39604 5.64311 5.64784 5.81304 5.672890000000001 5.6395800000000005 4.04297 5.9024 5.96246 5.13987 4.62039 6.22935 5.89208 6.555300000000001 6.481240000000001 0 2.45982 2.18277 2.74536 2.38214 2.62772 
5.7330000000000005 4.27587 5.74654 5.98339 5.63941 4.72304 5.97011 5.97484 6.14004 5.999890000000001 5.96658 4.36997 6.2294 6.28946 5.46687 4.94739 6.55635 6.21908 6.882300000000001 6.8082400000000005 2.45982 0 2.50977 3.0723599999999998 2.70914 2.95472 
5.4559500000000005 3.9988200000000003 5.46949 5.70634 5.362360000000001 4.44599 5.69306 5.69779 5.86299 5.72284 5.6895299999999995 4.0929199999999994 5.952349999999999 6.012409999999999 5.189819999999999 4.6703399999999995 6.279299999999999 5.942029999999999 6.60525 6.53119 2.18277 2.50977 0 2.7953099999999997 2.43209 2.67767 
6.018540000000001 4.56141 6.0320800000000006 6.26893 5.924950000000001 5.00858 6.25565 6.2603800000000005 6.42558 6.28543 6.25212 4.65551 6.514939999999999 6.574999999999999 5.752409999999999 5.23293 6.841889999999999 6.504619999999999 7.16784 7.09378 2.74536 3.0723599999999998 2.7953099999999997 0 2.99468 3.24026 
5.655320000000001 4.19819 5.6688600000000005 5.90571 5.561730000000001 4.64536 5.89243 5.89716 6.06236 5.92221 5.8889 4.2922899999999995 6.151719999999999 6.211779999999999 5.389189999999999 4.8697099999999995 6.478669999999999 6.141399999999999 6.80462 6.73056 2.38214 2.70914 2.43209 2.99468 0 2.87704 
2.77828 1.32115 2.79182 3.02867 2.68469 1.76832 3.01539 3.02012 3.18532 3.0451699999999997 3.01186 1.41525 3.27468 3.33474 2.51215 1.99267 3.60163 3.26436 3.92758 3.8535199999999996 2.62772 2.95472 2.67767 3.24026 2.87704 0 
