37
building7 building9 building10 building11 building8 building12 building40 building42 building41 building39 building38 building37 building26 building30 building28 building29 building27 building25 building22 building20 building19 building23 building24 building21 building15 building17 building16 building14 building18 building13 building35 building36 building32 building33 building31 building34 Soda
0 2.93887 3.68357 3.21301 3.41768 3.29062 5.93549 6.91012 6.17703 6.8427500000000006 6.585570000000001 6.06761 6.3089699999999995 6.114319999999999 6.928859999999999 6.696949999999999 6.42174 6.27774 5.52245 5.7085 5.90669 6.19977 5.83384 5.84385 6.65883 6.301220000000001 6.32856 6.83992 6.45139 6.6018300000000005 5.831290000000001 5.707560000000001 5.502890000000001 5.57171 5.620830000000001 5.59806 3.41643 
2.93887 0 3.03552 2.56496 2.7696300000000003 2.64257 5.287439999999999 6.26207 5.52898 6.194699999999999 5.937519999999999 5.41956 5.66092 5.46627 6.28081 6.0489 5.77369 5.62969 4.8744 5.0604499999999994 5.25864 5.5517199999999995 5.18579 5.1958 6.01078 5.653169999999999 5.68051 6.19187 5.80334 5.95378 5.18324 5.05951 4.85484 4.92366 4.97278 4.950010000000001 2.76838 
3.68357 3.03552 0 3.30966 3.51433 3.38727 6.032139999999999 7.0067699999999995 6.27368 6.939399999999999 6.682219999999999 6.16426 6.40562 6.21097 7.02551 6.7936 6.51839 6.37439 5.6190999999999995 5.805149999999999 6.00334 6.2964199999999995 5.930489999999999 5.940499999999999 6.7554799999999995 6.397869999999999 6.42521 6.93657 6.54804 6.69848 5.9279399999999995 5.80421 5.59954 5.66836 5.71748 5.694710000000001 3.51308 
3.21301 2.56496 3.30966 0 3.0437700000000003 2.91671 5.56158 6.5362100000000005 5.803120000000001 6.46884 6.21166 5.693700000000001 5.93506 5.740410000000001 6.55495 6.323040000000001 6.04783 5.90383 5.148540000000001 5.33459 5.532780000000001 5.8258600000000005 5.45993 5.46994 6.28492 5.92731 5.95465 6.46601 6.0774799999999995 6.22792 5.457380000000001 5.3336500000000004 5.12898 5.1978 5.24692 5.22415 3.04252 
3.41768 2.7696300000000003 3.51433 3.0437700000000003 0 3.1213800000000003 5.766249999999999 6.74088 6.00779 6.67351 6.41633 5.89837 6.139729999999999 5.945079999999999 6.759619999999999 6.527709999999999 6.2524999999999995 6.108499999999999 5.35321 5.53926 5.73745 6.03053 5.6646 5.6746099999999995 6.48959 6.13198 6.15932 6.67068 6.28215 6.43259 5.662050000000001 5.538320000000001 5.3336500000000004 5.40247 5.45159 5.42882 3.24719 
3.29062 2.64257 3.38727 2.91671 3.1213800000000003 0 5.63919 6.6138200000000005 5.880730000000001 6.54645 6.28927 5.771310000000001 6.01267 5.818020000000001 6.63256 6.400650000000001 6.12544 5.98144 5.2261500000000005 5.4122 5.610390000000001 5.90347 5.53754 5.54755 6.36253 6.00492 6.03226 6.54362 6.1550899999999995 6.30553 5.5349900000000005 5.41126 5.20659 5.27541 5.32453 5.30176 3.12013 
5.93549 5.28744 6.03214 5.56158 5.76625 5.63919 0 3.0168299999999997 2.28374 2.94946 2.6922800000000002 2.17432 5.411599999999999 5.216949999999999 6.031489999999999 5.799579999999999 5.524369999999999 5.380369999999999 4.62508 4.8111299999999995 5.00932 5.3024 4.93647 4.946479999999999 5.76146 5.40385 5.43119 5.94255 5.5540199999999995 5.70446 4.93392 4.8101899999999995 4.605519999999999 4.67434 4.723459999999999 4.70069 2.5190599999999996 
6.910119999999999 6.26207 7.0067699999999995 6.53621 6.74088 6.61382 3.0168299999999997 0 3.25837 3.92409 3.66691 3.14895 6.38623 6.19158 7.00612 6.77421 6.4990000000000006 6.355 5.59971 5.78576 5.98395 6.27703 5.911099999999999 5.92111 6.73609 6.37848 6.40582 6.91718 6.528650000000001 6.67909 5.90855 5.78482 5.58015 5.648969999999999 5.69809 5.675319999999999 3.49369 
6.17703 5.528980000000001 6.273680000000001 5.803120000000001 6.007790000000001 5.880730000000001 2.28374 3.25837 0 3.191 2.93382 2.41586 5.65314 5.458489999999999 6.273029999999999 6.041119999999999 5.76591 5.62191 4.86662 5.05267 5.25086 5.54394 5.1780100000000004 5.18802 6.003 5.645390000000001 5.6727300000000005 6.18409 5.79556 5.946000000000001 5.17546 5.05173 4.84706 4.9158800000000005 4.965 4.94223 2.7606 
6.8427500000000006 6.1947 6.9394 6.46884 6.67351 6.54645 2.94946 3.92409 3.191 0 3.59954 3.0815799999999998 6.31886 6.12421 6.93875 6.70684 6.43163 6.28763 5.53234 5.718389999999999 5.91658 6.2096599999999995 5.843729999999999 5.853739999999999 6.6687199999999995 6.311109999999999 6.33845 6.84981 6.46128 6.61172 5.84118 5.71745 5.51278 5.5816 5.63072 5.607950000000001 3.42632 
6.585570000000001 5.93752 6.68222 6.21166 6.41633 6.28927 2.6922800000000002 3.66691 2.93382 3.59954 0 2.8244 6.06168 5.86703 6.68157 6.44966 6.17445 6.03045 5.27516 5.4612099999999995 5.6594 5.9524799999999995 5.586549999999999 5.596559999999999 6.41154 6.053929999999999 6.08127 6.59263 6.2041 6.35454 5.584 5.46027 5.2556 5.32442 5.37354 5.350770000000001 3.16914 
6.06761 5.419560000000001 6.1642600000000005 5.693700000000001 5.898370000000001 5.771310000000001 2.17432 3.14895 2.41586 3.0815799999999998 2.8244 0 5.5437199999999995 5.349069999999999 6.163609999999999 5.931699999999999 5.65649 5.51249 4.7572 4.94325 5.14144 5.43452 5.06859 5.0786 5.89358 5.535970000000001 5.56331 6.07467 5.68614 5.8365800000000005 5.06604 4.94231 4.73764 4.80646 4.85558 4.83281 2.65118 
6.30897 5.660920000000001 6.405620000000001 5.935060000000001 6.139730000000001 6.012670000000001 5.4116 6.38623 5.6531400000000005 6.318860000000001 6.061680000000001 5.54372 0 2.5562500000000004 3.37079 3.1388800000000003 2.86367 2.71967 4.99856 5.18461 5.3828000000000005 5.67588 5.309950000000001 5.31996 6.13494 5.777330000000001 5.804670000000001 6.3160300000000005 5.9275 6.077940000000001 5.3074 5.18367 4.979 5.047820000000001 5.09694 5.0741700000000005 2.8925400000000003 
6.114319999999999 5.46627 6.21097 5.74041 5.94508 5.81802 5.21695 6.19158 5.45849 6.12421 5.86703 5.34907 2.5562500000000004 0 3.17614 2.94423 2.66902 2.52502 4.80391 4.98996 5.18815 5.48123 5.1152999999999995 5.12531 5.94029 5.58268 5.6100200000000005 6.12138 5.732850000000001 5.883290000000001 5.11275 4.98902 4.78435 4.85317 4.902290000000001 4.87952 2.69789 
6.92886 6.280810000000001 7.025510000000001 6.554950000000001 6.759620000000001 6.632560000000001 6.03149 7.00612 6.27303 6.938750000000001 6.681570000000001 6.16361 3.37079 3.17614 0 3.75877 3.4835599999999998 3.3395599999999996 5.61845 5.8045 6.00269 6.29577 5.92984 5.93985 6.75483 6.397220000000001 6.4245600000000005 6.93592 6.54739 6.697830000000001 5.927290000000001 5.803560000000001 5.598890000000001 5.6677100000000005 5.716830000000001 5.69406 3.51243 
6.696949999999999 6.0489 6.7936 6.32304 6.52771 6.40065 5.79958 6.77421 6.04112 6.70684 6.44966 5.9317 3.1388800000000003 2.94423 3.75877 0 3.25165 3.10765 5.38654 5.57259 5.77078 6.06386 5.6979299999999995 5.70794 6.52292 6.16531 6.19265 6.70401 6.315480000000001 6.465920000000001 5.69538 5.57165 5.36698 5.4357999999999995 5.48492 5.462149999999999 3.28052 
6.42174 5.77369 6.51839 6.04783 6.2525 6.12544 5.52437 6.4990000000000006 5.765910000000001 6.43163 6.17445 5.656490000000001 2.86367 2.66902 3.4835599999999998 3.25165 0 2.83244 5.111330000000001 5.29738 5.495570000000001 5.7886500000000005 5.42272 5.43273 6.24771 5.8901 5.91744 6.4288 6.04027 6.19071 5.420170000000001 5.2964400000000005 5.09177 5.16059 5.20971 5.18694 3.00531 
6.27774 5.62969 6.37439 5.90383 6.1085 5.98144 5.38037 6.355 5.621910000000001 6.28763 6.03045 5.512490000000001 2.71967 2.52502 3.3395599999999996 3.10765 2.83244 0 4.9673300000000005 5.15338 5.35157 5.64465 5.27872 5.28873 6.1037099999999995 5.7461 5.77344 6.2848 5.8962699999999995 6.04671 5.2761700000000005 5.15244 4.94777 5.01659 5.06571 5.04294 2.86131 
5.52245 4.8744 5.6190999999999995 5.148540000000001 5.35321 5.2261500000000005 4.62508 5.59971 4.86662 5.53234 5.27516 4.7572 4.99856 4.80391 5.61845 5.38654 5.111330000000001 4.9673300000000005 0 2.21129 2.4094800000000003 2.70256 2.33663 2.34664 5.34842 4.99081 5.01815 5.52951 5.140980000000001 5.2914200000000005 4.52088 4.39715 4.19248 4.2613 4.310420000000001 4.28765 2.10602 
5.7085 5.0604499999999994 5.805149999999999 5.33459 5.53926 5.4122 4.8111299999999995 5.78576 5.05267 5.718389999999999 5.4612099999999995 4.94325 5.18461 4.98996 5.8045 5.57259 5.29738 5.15338 2.21129 0 2.59553 2.88861 2.52268 2.5326899999999997 5.53447 5.17686 5.2042 5.71556 5.327030000000001 5.47747 4.70693 4.5832 4.37853 4.44735 4.49647 4.4737 2.29207 
5.906689999999999 5.25864 6.00334 5.53278 5.73745 5.61039 5.00932 5.98395 5.25086 5.91658 5.6594 5.14144 5.3828000000000005 5.18815 6.00269 5.77078 5.495570000000001 5.351570000000001 2.4094800000000003 2.59553 0 3.0868 2.7208699999999997 2.73088 5.73266 5.37505 5.4023900000000005 5.91375 5.525220000000001 5.675660000000001 4.90512 4.78139 4.57672 4.6455400000000004 4.694660000000001 4.67189 2.49026 
6.199769999999999 5.5517199999999995 6.2964199999999995 5.82586 6.03053 5.9034699999999996 5.3024 6.27703 5.54394 6.2096599999999995 5.9524799999999995 5.43452 5.67588 5.48123 6.29577 6.06386 5.7886500000000005 5.64465 2.70256 2.88861 3.0868 0 3.01395 3.0239599999999998 6.02574 5.66813 5.69547 6.20683 5.818300000000001 5.96874 5.1982 5.07447 4.8698 4.93862 4.9877400000000005 4.96497 2.78334 
5.83384 5.18579 5.93049 5.45993 5.6646 5.53754 4.93647 5.911099999999999 5.17801 5.84373 5.58655 5.0685899999999995 5.30995 5.1152999999999995 5.9298399999999996 5.6979299999999995 5.42272 5.27872 2.33663 2.52268 2.7208699999999997 3.01395 0 2.65803 5.659809999999999 5.302199999999999 5.32954 5.8408999999999995 5.45237 5.60281 4.832269999999999 4.70854 4.50387 4.57269 4.62181 4.5990400000000005 2.41741 
5.84385 5.1958 5.9405 5.46994 5.67461 5.54755 4.946479999999999 5.92111 5.18802 5.85374 5.59656 5.0786 5.31996 5.12531 5.93985 5.70794 5.432729999999999 5.288729999999999 2.34664 2.5326899999999997 2.73088 3.0239599999999998 2.65803 0 5.66982 5.31221 5.33955 5.85091 5.46238 5.61282 4.84228 4.71855 4.5138799999999994 4.5827 4.631819999999999 4.60905 2.4274199999999997 
6.65883 6.0107800000000005 6.75548 6.2849200000000005 6.489590000000001 6.3625300000000005 5.76146 6.73609 6.003 6.66872 6.4115400000000005 5.89358 6.134939999999999 5.940289999999999 6.754829999999999 6.522919999999999 6.24771 6.1037099999999995 5.34842 5.53447 5.73266 6.02574 5.65981 5.66982 0 3.01107 3.03841 3.5497699999999996 3.1612400000000003 3.31168 5.657260000000001 5.533530000000001 5.328860000000001 5.39768 5.4468000000000005 5.42403 3.2424 
6.301219999999999 5.653169999999999 6.397869999999999 5.927309999999999 6.1319799999999995 6.004919999999999 5.403849999999999 6.37848 5.64539 6.311109999999999 6.053929999999999 5.53597 5.77733 5.58268 6.39722 6.16531 5.8901 5.7461 4.99081 5.17686 5.37505 5.66813 5.302199999999999 5.312209999999999 3.01107 0 2.6808 3.19216 2.80363 2.9540699999999998 5.29965 5.17592 4.9712499999999995 5.04007 5.08919 5.06642 2.8847899999999997 
6.3285599999999995 5.68051 6.42521 5.95465 6.15932 6.03226 5.43119 6.40582 5.6727300000000005 6.33845 6.08127 5.56331 5.804670000000001 5.6100200000000005 6.4245600000000005 6.19265 5.917440000000001 5.773440000000001 5.01815 5.2042 5.4023900000000005 5.69547 5.32954 5.33955 3.03841 2.6808 0 3.2195 2.83097 2.9814100000000003 5.32699 5.20326 4.99859 5.067410000000001 5.116530000000001 5.0937600000000005 2.9121300000000003 
6.839919999999999 6.19187 6.93657 6.46601 6.67068 6.54362 5.94255 6.91718 6.18409 6.84981 6.59263 6.07467 6.3160300000000005 6.12138 6.93592 6.70401 6.428800000000001 6.284800000000001 5.52951 5.71556 5.91375 6.20683 5.8408999999999995 5.85091 3.5497699999999996 3.19216 3.2195 0 3.34233 3.49277 5.83835 5.71462 5.50995 5.57877 5.62789 5.605119999999999 3.42349 
6.45139 5.80334 6.54804 6.07748 6.282150000000001 6.15509 5.5540199999999995 6.52865 5.79556 6.46128 6.2041 5.68614 5.927499999999999 5.732849999999999 6.547389999999999 6.315479999999999 6.04027 5.8962699999999995 5.14098 5.32703 5.52522 5.8183 5.45237 5.46238 3.1612400000000003 2.80363 2.83097 3.34233 0 3.10424 5.449820000000001 5.326090000000001 5.1214200000000005 5.19024 5.2393600000000005 5.21659 3.03496 
6.60183 5.95378 6.69848 6.22792 6.43259 6.30553 5.70446 6.67909 5.946000000000001 6.61172 6.35454 5.8365800000000005 6.07794 5.883290000000001 6.69783 6.465920000000001 6.19071 6.04671 5.2914200000000005 5.47747 5.675660000000001 5.96874 5.60281 5.61282 3.31168 2.9540699999999998 2.9814100000000003 3.49277 3.10424 0 5.6002600000000005 5.47653 5.27186 5.34068 5.3898 5.36703 3.1854 
5.831289999999999 5.18324 5.9279399999999995 5.45738 5.66205 5.53499 4.93392 5.90855 5.17546 5.84118 5.584 5.06604 5.3074 5.11275 5.92729 5.69538 5.420170000000001 5.2761700000000005 4.52088 4.70693 4.90512 5.1982 4.832269999999999 4.84228 5.65726 5.29965 5.32699 5.83835 5.449820000000001 5.6002600000000005 0 2.6924099999999997 2.4877399999999996 2.55656 2.60568 2.58291 2.41486 
5.70756 5.0595099999999995 5.804209999999999 5.3336500000000004 5.53832 5.41126 4.8101899999999995 5.78482 5.05173 5.7174499999999995 5.4602699999999995 4.94231 5.18367 4.98902 5.80356 5.57165 5.2964400000000005 5.15244 4.39715 4.5832 4.78139 5.07447 4.708539999999999 4.71855 5.53353 5.17592 5.20326 5.71462 5.326090000000001 5.47653 2.6924099999999997 0 2.36401 2.43283 2.4819500000000003 2.45918 2.29113 
5.50289 4.854839999999999 5.599539999999999 5.12898 5.33365 5.20659 4.605519999999999 5.58015 4.84706 5.512779999999999 5.255599999999999 4.73764 4.979 4.78435 5.59889 5.36698 5.09177 4.94777 4.19248 4.37853 4.57672 4.8698 4.503869999999999 4.5138799999999994 5.32886 4.9712499999999995 4.99859 5.50995 5.1214200000000005 5.27186 2.4877399999999996 2.36401 0 2.22816 2.27728 2.25451 2.0864599999999998 
5.57171 4.92366 5.66836 5.197800000000001 5.40247 5.275410000000001 4.67434 5.64897 4.9158800000000005 5.5816 5.32442 4.80646 5.047820000000001 4.85317 5.6677100000000005 5.4358 5.160590000000001 5.016590000000001 4.2613 4.44735 4.6455400000000004 4.93862 4.57269 4.5827 5.39768 5.04007 5.067410000000001 5.5787700000000005 5.190240000000001 5.340680000000001 2.55656 2.43283 2.22816 0 2.3461 2.3233300000000003 2.1552800000000003 
5.62083 4.97278 5.71748 5.24692 5.45159 5.32453 4.72346 5.6980900000000005 4.965 5.63072 5.37354 4.85558 5.09694 4.902290000000001 5.71683 5.484920000000001 5.20971 5.06571 4.310420000000001 4.49647 4.69466 4.9877400000000005 4.62181 4.63182 5.4468 5.08919 5.11653 5.62789 5.23936 5.3898 2.60568 2.4819500000000003 2.27728 2.3461 0 2.37245 2.2044 
5.59806 4.950010000000001 5.694710000000001 5.22415 5.42882 5.30176 4.70069 5.67532 4.94223 5.607950000000001 5.350770000000001 4.83281 5.0741700000000005 4.87952 5.69406 5.46215 5.18694 5.04294 4.28765 4.4737 4.67189 4.96497 4.5990400000000005 4.60905 5.42403 5.066420000000001 5.0937600000000005 5.60512 5.21659 5.367030000000001 2.58291 2.45918 2.25451 2.3233300000000003 2.37245 0 2.18163 
3.41643 2.76838 3.51308 3.04252 3.24719 3.12013 2.5190599999999996 3.49369 2.7606 3.42632 3.16914 2.65118 2.8925400000000003 2.69789 3.51243 3.28052 3.00531 2.86131 2.10602 2.29207 2.49026 2.78334 2.41741 2.4274199999999997 3.2424 2.8847899999999997 2.9121300000000003 3.42349 3.03496 3.1854 2.41486 2.29113 2.0864599999999998 2.1552800000000003 2.2044 2.18163 0 
