37
BD AY CP BV CB DM CU BC CS BN AL BZ AO AU AV DV CF BF AF AJ CN DU CD DD BY DN BW DF BA DL BI DC DS CA AX CV CH
0 55.5978 137.2552 114.28020000000001 111.1611 138.21359999999999 139.4205 192.5232 139.24009999999998 188.4281 135.9898 99.33840000000001 164.2486 169.4158 111.2587 52.3849 39.5293 89.2415 163.0067 105.24369999999999 145.5687 119.3337 88.8737 126.3315 150.3496 176.7962 117.2487 194.1023 137.42690000000002 133.6137 151.0722 159.39470000000003 131.5896 152.76069999999999 141.5077 94.781 58.6187 
55.5978 0 81.6574 149.3244 166.75889999999998 150.8401 195.0183 184.00959999999998 149.1968 140.80290000000002 80.392 154.93619999999999 201.9375 160.9022 102.7451 107.9827 95.1271 144.8393 218.6045 160.8415 153.7858 165.0104 144.4715 168.1637 164.71589999999998 191.16249999999997 172.8465 173.58190000000002 124.56960000000001 152.39260000000002 206.67 146.53740000000002 109.84920000000001 196.87850000000003 188.78770000000003 150.3788 114.2165 
137.2552 81.6574 0 67.667 152.1532 196.6455 142.0437 160.5854 150.2503 190.76330000000002 142.5621 159.237 201.2149 189.5413 163.7939 129.5623 141.5769 91.8647 188.5449 130.7819 172.54000000000002 223.12380000000002 182.4562 154.3611 107.0926 133.5392 133.0352 177.365 128.3527 154.2606 176.4809 150.3205 113.6323 200.66160000000002 173.1093 154.1279 190.29020000000003 
114.28020000000001 149.3244 67.667 0 84.4862 135.6726 165.56449999999998 116.1494 105.8143 164.8576 160.1495 150.5534 150.4099 164.3643 119.3579 61.8953 131.5446 128.4314 120.8779 63.1149 104.87299999999999 155.4568 155.6878 130.2866 151.0556 124.609 65.3682 146.0712 69.8108 86.5936 108.81389999999999 91.7786 127.7539 161.15550000000002 133.49009999999998 96.27420000000001 123.9982 
111.1611 166.7589 152.1532 84.4862 0 51.7907 106.3925 152.82080000000002 142.4857 191.4263 185.7246 134.84640000000002 92.3039 92.3383 150.49540000000002 146.3815 71.6318 93.4907 129.1888 147.6011 146.9229 101.1062 102.0038 120.9605 173.0547 161.2804 93.8394 174.5424 151.088 123.265 183.1747 149.9808 163.69209999999998 184.8632 138.4669 124.74539999999999 131.3856 
138.21359999999999 150.8401 196.6455 135.6726 51.7907 0 54.6018 115.7041 155.352 139.6356 160.8247 83.0557 101.625 144.12900000000002 148.5915 188.316 123.4225 104.7808 129.7132 136.8903 95.1322 145.716 116.2131 160.7338 171.32580000000002 172.50719999999998 138.2249 187.0362 153.9126 126.08959999999999 194.57529999999997 142.8443 158.27030000000002 163.9204 86.6762 115.7572 79.5949 
139.4205 195.0183 142.0437 165.5645 106.3925 54.6018 0 61.1023 122.9979 125.9507 165.5558 137.6575 156.2268 167.47039999999998 142.3668 163.8517 99.8912 50.179 86.6617 132.0708 132.45499999999998 183.03879999999998 136.9216 163.1069 144.352 117.90540000000001 108.3954 189.0984 110.2103 138.0333 148.9701 88.2425 124.8596 109.3186 32.0744 113.0131 134.1967 
192.52320000000003 184.00959999999998 160.5854 116.1494 152.82080000000002 115.7041 61.1023 0 61.8956 123.0056 182.6582 179.6827 186.8742 139.4216 81.2645 140.13830000000002 160.9935 111.2813 147.764 179.2643 193.5573 200.147 138.2137 102.00460000000001 123.2083 96.76169999999999 92.2243 172.9273 149.4489 154.9282 161.81279999999998 144.8362 97.4876 156.067 93.1767 123.1303 140.648 
139.24009999999998 149.1968 150.2503 105.8143 142.4857 155.35199999999998 122.9979 61.8956 0 61.11 127.6628 148.9953 186.35049999999998 138.8979 80.74080000000001 86.8552 144.5901 170.0769 190.0663 168.9292 180.039 194.62140000000002 132.68810000000002 71.3172 71.6388 98.0854 96.7772 177.4802 148.6528 144.5931 99.9172 148.0676 159.3832 161.4299 133.7645 127.6832 155.4072 
188.4281 140.80290000000002 190.76330000000002 164.8576 191.42630000000003 139.6356 125.9507 123.0056 61.11 0 66.5528 144.3218 200.7826 166.203 119.2681 147.96519999999998 166.3521 176.1297 191.0026 180.3503 139.9466 151.1712 146.30040000000002 132.4272 132.74880000000002 159.1954 157.8872 206.8805 147.8185 165.3271 161.0272 143.86610000000002 151.7234 171.1205 93.8763 165.9717 129.8094 
135.9898 80.392 142.5621 160.1495 185.7246 160.8247 165.5558 182.6582 127.6628 66.5528 0 77.769 139.7635 187.21609999999998 183.13709999999998 166.57760000000002 120.9901 155.6698 172.9149 115.1519 73.3938 84.6184 146.55169999999998 155.4471 153.7421 128.7419 172.833 148.9033 99.2811 127.10409999999999 195.58979999999997 77.3133 85.1706 172.1999 160.4291 141.927 178.08929999999998 
99.33840000000001 154.9362 159.237 150.5534 134.84640000000002 83.0557 137.6575 179.6827 148.9953 144.3218 77.769 0 64.9102 112.3628 167.39549999999997 120.2365 101.6772 151.3894 173.9436 116.1806 151.1628 162.3874 139.049 77.6781 129.7723 156.2189 131.7723 212.4753 160.2262 132.4032 195.31840000000003 155.0823 128.7283 131.9918 148.0638 121.4349 157.5972 
164.2486 201.9375 201.2149 150.4099 92.3039 101.625 156.2268 186.8742 186.3505 200.7826 139.7635 64.9102 0 47.4526 105.6097 164.4835 153.13889999999998 157.495 197.68710000000002 139.9241 98.166 148.7498 194.3077 142.5883 180.11919999999998 153.6726 163.4962 193.3235 151.0582 141.8515 130.4082 166.1531 143.6628 193.3556 188.3012 183.6712 159.8429 
169.4158 160.9022 189.5413 164.36430000000001 92.3383 144.12900000000002 167.47039999999998 139.4216 138.8979 166.203 187.21609999999998 112.3628 47.4526 0 58.1571 117.0309 148.2436 185.829 190.64339999999999 187.37669999999997 145.6186 188.4126 194.34210000000002 163.3702 157.99 147.4547 116.0436 196.7466 122.2219 94.3989 162.88459999999998 144.18970000000002 145.36180000000002 221.7281 148.549 146.9496 174.6736 
111.2587 102.7451 163.7939 119.3579 150.49540000000002 148.5915 142.3668 81.2645 80.74080000000001 119.2681 183.13709999999998 167.3955 105.6097 58.1571 0 58.8738 150.788 127.746 191.6455 182.4728 152.0576 130.25549999999998 166.584 105.2131 115.7442 89.2976 151.2493 162.4343 116.4319 129.0906 163.1336 138.3997 159.56459999999998 204.60459999999998 135.4341 120.3433 156.50560000000002 
52.3849 107.9827 129.5623 61.8953 146.38150000000002 188.316 163.8517 140.13830000000002 86.8552 147.96519999999998 166.57760000000002 120.2365 164.4835 117.0309 58.8738 0 91.9142 141.6264 182.7732 125.0102 93.1838 143.76760000000002 141.2586 158.17239999999998 154.79520000000002 148.1714 127.2635 207.9665 109.05180000000001 81.2288 112.6154 131.01960000000003 166.99490000000003 154.7566 131.7773 147.16590000000002 111.0036 
39.5293 95.1271 141.5769 131.5446 71.6318 123.4225 99.8912 160.99349999999998 144.5901 166.3521 120.9901 101.6772 153.13889999999998 148.2436 150.788 91.9142 0 49.7122 172.48340000000002 144.773 131.9882 89.9836 49.3444 86.8022 138.8964 138.86599999999999 97.8836 155.793 106.7807 113.6428 111.5429 126.4137 92.0603 113.2314 131.9656 102.6745 98.148 
89.2415 144.8393 91.8647 128.4314 93.4907 104.7808 50.179 111.2813 170.0769 176.1297 155.6698 151.38940000000002 157.495 185.829 127.746 141.6264 49.7122 0 136.8407 124.0341 82.276 132.8598 99.0566 136.5144 115.60040000000001 89.1538 100.7978 181.5008 156.49290000000002 163.35500000000002 157.853 138.4215 141.7725 159.4976 82.2534 131.7038 147.8602 
163.0067 218.6045 188.54489999999998 120.8779 129.1888 129.7132 86.6617 147.764 190.0663 191.0026 172.9149 173.9436 197.6871 190.64339999999999 191.6455 182.7732 172.48340000000002 136.8407 0 57.763 99.52109999999999 150.1049 163.2219 214.5386 208.6932 187.471 132.55360000000002 160.15300000000002 162.9498 135.1268 192.1282 161.8426 202.34029999999998 195.9803 118.7361 162.7366 191.1836 
105.24369999999999 160.8415 130.7819 63.1149 147.6011 136.8903 132.0708 179.2643 168.9292 180.3503 115.1519 116.1806 139.92409999999998 187.37669999999997 182.4728 125.0102 144.773 124.0341 57.763 0 41.7581 92.3419 154.27519999999998 185.9173 156.1546 129.708 128.4831 192.788 121.1805 149.0035 134.36520000000002 143.1483 155.7621 177.2406 99.9964 123.7958 159.9581 
145.5687 153.7858 172.54 104.87299999999999 146.9229 95.1322 132.45499999999998 193.5573 180.039 139.9466 73.3938 151.1628 98.166 145.6186 152.0576 93.1838 131.9882 82.276 99.52109999999999 41.7581 0 50.5838 112.5171 164.4905 197.8764 171.4298 170.2412 186.5261 162.9386 174.4126 176.1233 150.7071 150.2762 200.45159999999998 141.7545 165.5539 174.7271 
119.3337 165.0104 223.1238 155.4568 101.1062 145.716 183.0388 200.14700000000002 194.6214 151.1712 84.6184 162.3874 148.7498 188.4126 130.25549999999998 143.76760000000002 89.9836 132.8598 150.1049 92.3419 50.5838 0 61.9333 123.30420000000001 175.3984 193.4733 187.8672 233.5217 144.6767 172.49970000000002 201.5265 161.93169999999998 169.789 192.26839999999999 166.78050000000002 181.7115 162.85739999999998 
88.8737 144.4715 182.4562 155.68779999999998 102.0038 116.2131 136.92159999999998 138.2137 132.68810000000002 146.3004 146.55169999999998 139.049 194.3077 194.34210000000002 166.584 141.2586 49.3444 99.0566 163.2219 154.27519999999998 112.5171 61.9333 0 61.370900000000006 113.4651 131.54 127.0026 188.79739999999998 134.0338 161.85680000000002 160.8873 112.066 125.0647 162.5758 104.84719999999999 137.0864 100.9241 
126.3315 168.1637 154.3611 130.2866 120.9605 160.7338 163.1069 102.00460000000001 71.3172 132.4272 155.4471 77.6781 142.5883 163.3702 105.2131 158.17239999999998 86.8022 136.5144 214.53860000000003 185.9173 164.4905 123.30420000000001 61.370900000000006 0 52.0942 78.5408 160.4582 208.04770000000002 150.4908 125.6606 171.2344 128.523 132.667 185.1474 149.91320000000002 130.6011 101.8282 
150.3496 164.71589999999998 107.0926 151.0556 173.0547 171.32580000000002 144.352 123.20830000000001 71.6388 132.74880000000002 153.7421 129.7723 180.1192 157.99 115.7442 154.79520000000002 138.8964 115.60040000000001 208.6932 156.15460000000002 197.8764 175.39839999999998 113.46509999999999 52.0942 0 26.4466 111.99719999999999 192.7002 98.39659999999999 73.5664 142.0521 76.4288 123.7774 210.8067 141.6168 115.9675 91.7309 
176.7962 191.1625 133.5392 124.609 161.2804 172.5072 117.90540000000001 96.76169999999999 98.0854 159.1954 128.7419 156.21890000000002 153.6726 147.4547 89.2976 148.1714 138.866 89.1538 187.471 129.708 171.4298 193.4733 131.54 78.5408 26.4466 0 85.5506 166.2536 73.3964 100.013 168.49869999999999 51.4286 98.7772 185.8065 115.17020000000001 89.5209 118.17750000000001 
117.2487 172.8465 133.0352 65.3682 93.8394 138.2249 108.3954 92.2243 96.7772 157.8872 172.83299999999997 131.7723 163.4962 116.0436 151.2493 127.2635 97.8836 100.7978 132.55360000000002 128.4831 170.2412 187.8672 127.0026 160.4582 111.9972 85.5506 0 80.703 73.55189999999999 101.3749 169.86059999999998 95.51969999999999 131.495 143.3265 76.321 30.906 58.63 
194.1023 173.58190000000002 177.365 146.0712 174.5424 187.0362 189.0984 172.9273 177.4802 206.88049999999998 148.9033 212.4753 193.3235 196.7466 162.4343 207.9665 155.793 181.5008 160.15300000000002 192.78799999999998 186.5261 233.5217 188.7974 208.0477 192.7002 166.2536 80.703 0 99.8488 127.67179999999999 196.15749999999997 121.8166 119.9735 207.0028 157.024 111.60900000000001 139.333 
137.4269 124.56960000000001 128.3527 69.8108 151.088 153.9126 110.2103 149.4489 148.6528 147.8185 99.2811 160.2262 151.0582 122.2219 116.4319 109.05180000000001 106.7807 156.4929 162.9498 121.1805 162.9386 144.6767 134.0338 150.49079999999998 98.39659999999999 73.3964 73.55189999999999 99.8488 0 27.823 96.30869999999999 21.9678 57.9431 144.9724 123.5846 42.6459 78.8082 
133.6137 152.39260000000002 154.2606 86.5936 123.265 126.08959999999999 138.0333 154.9282 144.5931 165.3271 127.1041 132.4032 141.8515 94.3989 129.0906 81.2288 113.6428 163.355 135.1268 149.0035 174.4126 172.4997 161.85680000000002 125.6606 73.5664 100.013 101.3749 127.67179999999999 27.823 0 68.4857 49.790800000000004 85.7661 143.9574 151.4076 70.4689 106.6312 
151.0722 206.67000000000002 176.4809 108.81389999999999 183.1747 194.5753 148.9701 161.81279999999998 99.9172 161.0272 195.58979999999997 195.3184 130.4082 162.88459999999998 163.1336 112.6154 111.5429 157.853 192.12820000000002 134.36520000000002 176.12330000000003 201.5265 160.8873 171.2344 142.0521 168.49869999999999 169.86059999999998 196.15749999999997 96.30869999999999 68.4857 0 118.27649999999998 154.2518 212.4431 181.0445 138.95459999999997 118.24690000000001 
159.3947 146.5374 150.32049999999998 91.7786 149.9808 142.8443 88.2425 144.83620000000002 148.0676 143.86610000000002 77.3133 155.0823 166.1531 144.18970000000002 138.3997 131.01960000000003 126.4137 138.4215 161.8426 143.1483 150.7071 161.93169999999998 112.066 128.523 76.4288 51.4286 95.5197 121.8166 21.9678 49.790800000000004 118.2765 0 47.3486 134.3779 120.3169 64.61370000000001 100.77600000000001 
131.5896 109.84920000000001 113.6323 127.7539 163.69209999999998 158.27030000000002 124.8596 97.4876 159.3832 151.7234 85.1706 128.7283 143.6628 145.36180000000002 159.56459999999998 166.9949 92.0603 141.7725 202.3403 155.7621 150.27620000000002 169.789 125.0647 132.667 123.7774 98.7772 131.495 119.9735 57.9431 85.7661 154.2518 47.3486 0 87.0293 153.5516 100.58900000000001 136.75130000000001 
152.76069999999999 196.87850000000003 200.66160000000002 161.15550000000002 184.8632 163.9204 109.3186 156.067 161.4299 171.1205 172.1999 131.9918 193.3556 221.72809999999998 204.6046 154.7566 113.2314 159.4976 195.9803 177.2406 200.45159999999998 192.26839999999999 162.5758 185.14739999999998 210.8067 185.80650000000003 143.3265 207.0028 144.9724 143.9574 212.44310000000002 134.3779 87.0293 0 77.2442 132.9891 169.15140000000002 
141.5077 188.78770000000003 173.1093 133.4901 138.4669 86.6762 32.0744 93.1767 133.7645 93.8763 160.4291 148.0638 188.3012 148.549 135.4341 131.7773 131.9656 82.2534 118.7361 99.9964 141.7545 166.7805 104.84719999999999 149.91320000000002 141.6168 115.17020000000001 76.321 157.024 123.5846 151.4076 181.0445 120.3169 153.5516 77.2442 0 80.9387 117.101 
94.781 150.3788 154.1279 96.27420000000001 124.74539999999999 115.7572 113.0131 123.1303 127.6832 165.9717 141.927 121.4349 183.6712 146.9496 120.3433 147.16590000000002 102.6745 131.7038 162.7366 123.7958 165.5539 181.7115 137.0864 130.6011 115.9675 89.5209 30.906 111.60900000000001 42.6459 70.46889999999999 138.95459999999997 64.6137 100.589 132.9891 80.9387 0 36.1623 
58.6187 114.2165 190.29020000000003 123.9982 131.3856 79.5949 134.1967 140.648 155.4072 129.8094 178.08929999999998 157.5972 159.8429 174.6736 156.50560000000002 111.0036 98.148 147.8602 191.1836 159.9581 174.7271 162.85739999999998 100.9241 101.8282 91.7309 118.17750000000001 58.63 139.333 78.8082 106.6312 118.24690000000001 100.776 136.75130000000001 169.1514 117.101 36.1623 0 
