80
HF CA CV GT DS BA CR BN CK DE AQ AE BK FI BH FD HH DQ DP AT FP AF AN BZ CB GK EQ CX BQ CE CZ GM HA ET EY HP HM DU ES FR DD GP EO FU FL GE DK BY BF EV BE CY CO EH FB CT DL FN HI HG HC EG GO CS CI DX GF DZ CQ AP FS GA FG EW EK GQ BG GY CW BU
0 61.7372 119.2088 109.491 161.5138 177.61849999999998 181.0215 210.26590000000002 150.1012 162.96949999999998 169.4454 135.3684 149.5416 158.7268 187.5712 173.1788 121.2054 140.63260000000002 75.0515 128.8245 185.8093 168.73149999999998 188.9564 152.4635 175.14139999999998 119.1748 135.4076 163.2257 149.28379999999999 131.21859999999998 144.39839999999998 83.2568 167.3889 125.53469999999999 177.9483 145.9141 178.4902 140.8139 187.7301 126.1145 146.8189 178.872 176.38830000000002 154.6451 145.1499 166.2465 202.2939 137.9174 169.3836 159.1723 102.5307 111.3086 130.0943 133.9774 194.17649999999998 188.2843 132.6771 136.5404 168.5491 186.5359 203.1499 185.8802 142.3569 154.1137 154.2351 141.95159999999998 195.31949999999998 194.1828 182.2774 155.7882 138.995 189.48749999999998 203.30949999999999 167.3192 175.08159999999998 219.46849999999998 132.4663 174.4001 175.4396 65.0813 
61.7372 0 57.4716 141.4643 175.7636 115.8813 155.23059999999998 148.52870000000001 88.364 127.95830000000001 145.1392 97.1289 151.3725 152.65589999999997 133.7776 121.78710000000001 141.2965 171.9772 128.77769999999998 154.9919 124.0721 175.0324 151.191 114.6981 133.9405 156.40109999999999 151.1431 147.151 105.30980000000001 134.3493 120.7254 126.4305 176.5026 137.58120000000002 178.9121 141.01839999999999 134.4032 96.87480000000001 133.0419 150.3544 176.9368 151.2866 127.98620000000001 92.90790000000001 140.93959999999998 104.5093 154.3091 76.1802 150.7516 155.1513 107.1566 49.5714 68.3571 166.4982 159.1653 185.9435 148.0461 146.423 114.4143 140.2453 163.4481 161.3514 117.8281 142.0427 111.3843 133.0422 160.3083 144.7994 148.8953 160.4141 77.2578 145.54840000000002 191.8098 165.2851 153.90339999999998 163.88299999999998 138.58839999999998 121.0095 120.4299 126.8185 
119.2088 57.4716 0 83.9927 136.0155 122.81890000000001 142.3154 178.4921 118.32739999999998 89.5381 135.9425 146.7972 125.59989999999999 133.0827 76.306 64.3155 146.8474 184.0034 131.4212 147.33960000000002 105.8786 162.6078 157.03719999999998 145.4609 128.44549999999998 138.20759999999999 144.0692 94.2279 80.1072 118.84020000000001 146.58780000000002 156.3496 119.031 123.68790000000001 125.9269 110.6102 91.1079 89.2225 149.55689999999998 175.9719 142.1267 93.815 109.79270000000001 74.71440000000001 121.8092 121.5033 152.78640000000001 133.6518 151.1139 100.0425 137.0757 107.043 125.8287 162.7783 120.74510000000001 176.7401 161.2408 128.2295 96.2208 122.0518 134.4309 117.1612 110.1507 156.00310000000002 150.1535 75.5706 121.88810000000001 151.7209 133.2876 186.95950000000002 134.7294 137.8961 182.3311 140.0825 164.4742 149.37560000000002 124.081 133.743 102.2364 164.9551 
109.491 141.4643 83.9927 0 52.0228 111.9051 176.4699 155.2352 139.55790000000002 124.6791 171.08350000000002 176.7216 150.0832 145.46 88.6833 133.13400000000001 121.74700000000001 174.9007 132.9792 144.3822 159.7542 169.2731 133.6448 133.9214 140.8228 119.71640000000001 98.54650000000001 136.2889 116.2713 155.0043 159.9561 98.81450000000001 194.2715 145.61610000000002 93.2025 136.7492 169.3253 65.8301 126.1645 187.7801 121.2424 115.5136 66.8973 101.9756 154.9085 157.6674 146.0285 158.9493 163.4912 100.214 118.08840000000001 168.2977 128.7699 171.5985 124.9329 177.5722 150.275 137.082 146.87539999999998 121.0444 155.4144 172.6841 145.2917 189.65640000000002 194.95610000000002 159.5633 102.3862 178.0409 129.1119 117.8178 141.4801 114.50370000000001 152.1032 157.0404 137.1431 176.13299999999998 167.7736 161.49669999999998 129.99009999999998 141.5627 
161.5138 175.7636 136.0155 52.0228 0 59.8823 124.4471 147.6998 87.5351 72.6563 119.0607 183.0545 189.7292 157.462 100.6853 145.136 162.01909999999998 122.8779 181.0953 133.0081 192.49720000000002 160.3758 164.3021 127.8092 98.6466 144.8425 150.5693 153.94740000000002 151.64829999999998 157.248 169.5867 150.8373 170.0541 194.1309 145.2253 123.6774 156.2535 117.8529 151.5768 211.8619 120.8349 132.1883 118.92009999999999 85.4699 138.40279999999998 183.4803 198.0513 173.8474 163.72899999999998 96.3348 152.9764 192.9359 166.2226 144.4503 72.9101 128.9051 170.3542 126.8613 94.85260000000001 69.0216 141.1101 125.94659999999999 93.2689 139.12130000000002 180.07800000000003 155.7877 50.3634 149.3281 162.4103 169.8406 110.6231 135.2368 172.1394 114.36269999999999 163.106 180.8682 186.5908 122.2401 136.46640000000002 190.4762 
177.61849999999998 115.8813 122.81890000000001 111.9051 59.8823 0 64.5648 111.4757 147.4174 132.5386 178.943 167.67579999999998 140.2808 140.87650000000002 146.4086 150.83929999999998 168.3471 144.7371 170.0503 141.9041 168.9547 154.2978 198.9262 162.4333 154.2755 144.7019 96.1269 145.9682 150.1924 158.7606 169.8927 148.2777 135.3904 184.04579999999999 159.06060000000002 113.91560000000001 146.4917 168.1406 189.5063 209.18630000000002 120.6177 72.306 126.31389999999999 137.7905 159.02429999999998 140.6002 179.1619 182.0773 145.4955 144.74779999999998 167.5516 165.4527 184.2384 92.4966 132.7924 163.0201 158.9762 115.48330000000001 126.84110000000001 128.90390000000002 120.8735 103.6038 139.4683 154.2677 172.9373 131.30960000000002 110.2457 153.78140000000002 102.528 183.2545 137.3415 157.2105 185.9301 128.8369 114.6092 146.905 173.00119999999998 108.0907 76.5841 213.78160000000003 
181.0215 155.23059999999998 142.3154 176.4699 124.4471 64.5648 0 46.9109 107.07560000000001 95.5161 141.9205 122.6187 140.1101 111.6362 136.00130000000001 160.4291 169.43880000000001 184.893 133.6449 97.2723 156.7614 89.733 138.0611 107.2115 136.3741 138.471 137.6721 132.9385 91.0973 129.8303 132.5303 142.84 147.97480000000002 191.9102 163.8668 130.6488 98.0727 132.1803 188.3323 194.54090000000002 154.6519 136.8708 150.50900000000001 146.79579999999999 132.79930000000002 111.63289999999999 115.425 158.6216 96.2628 163.65699999999998 145.7018 127.5839 135.2002 143.29070000000002 114.13239999999999 170.1274 135.2245 91.7316 90.3826 116.2136 78.3656 61.0959 74.9035 120.7559 129.9073 66.7448 127.86609999999999 134.8953 160.1578 134.5549 165.1203 164.5712 121.3653 117.4461 103.2184 82.3402 123.2731 151.0432 130.6308 190.0299 
210.26590000000002 148.52870000000001 178.4921 155.2352 147.69979999999998 111.4757 46.9109 0 60.1647 99.759 146.1634 134.5365 180.36849999999998 158.5471 164.14440000000002 119.6937 172.6502 162.7001 161.4748 144.1832 147.4866 136.6439 164.1872 127.6943 156.8569 91.5601 115.5393 147.95929999999998 106.1181 97.3161 139.7461 153.63580000000002 168.9709 191.59390000000002 155.18650000000002 110.3564 138.5782 150.8875 156.9219 198.768 107.741 137.1942 156.1071 168.3256 144.93630000000002 64.722 114.52179999999998 199.58029999999997 143.1737 141.0983 172.90970000000002 160.88080000000002 154.2963 180.31170000000003 130.966 186.961 145.9442 138.64249999999998 137.2935 144.1212 125.2765 108.0068 120.3716 166.224 176.8182 113.6557 132.109 87.9844 122.0195 170.3573 152.5574 139.2063 168.27620000000002 84.2719 118.1481 129.2511 170.184 162.20639999999997 150.2586 213.1073 
150.1012 88.364 118.32739999999998 139.5579 87.5351 147.4174 107.07560000000001 60.1647 0 39.5943 85.9987 149.9925 143.4325 137.7748 103.97970000000001 59.529 112.4855 140.5281 154.769 99.9461 159.4352 127.3138 104.02250000000001 67.5296 96.6922 77.3584 125.01400000000001 120.5042 124.0316 117.563 82.05160000000001 93.4711 108.8062 131.4292 95.02180000000001 151.1603 121.8826 90.7228 131.0047 147.7024 167.9057 131.9204 121.9958 108.1609 138.2876 124.88669999999999 139.5526 164.5442 148.3373 132.78300000000002 112.745 132.6563 120.9411 140.57850000000002 70.8013 126.7963 111.6025 140.4556 155.4571 156.5567 113.20169999999999 103.7302 60.2069 106.0593 138.4973 122.72569999999999 71.9443 142.1474 105.34550000000002 114.43209999999999 150.94330000000002 136.058 138.3529 108.1431 117.489 166.3017 153.5288 142.877 128.1673 154.9118 
162.96949999999998 127.95830000000001 89.5381 124.6791 72.6563 132.5386 95.5161 99.759 39.5943 0 46.4044 110.3982 151.79809999999998 129.469 118.0683 99.1233 132.5183 130.6021 115.1747 60.3518 119.8409 87.71950000000001 114.4238 95.0914 65.9288 104.6423 85.4197 135.261 142.9212 147.61860000000001 121.6459 105.9195 97.39779999999999 146.0532 134.61610000000002 123.25619999999999 128.5793 102.41460000000001 123.9031 180.3711 136.568 120.7245 93.15690000000001 128.23520000000002 108.55709999999999 164.481 168.21370000000002 138.9395 117.7465 117.66760000000001 122.92830000000001 157.86669999999998 145.1034 102.74719999999999 31.207 87.202 109.4605 147.55349999999999 147.2479 141.67790000000002 73.6074 64.13589999999999 20.6126 66.465 107.4217 83.1314 32.35 131.3147 133.602 145.4422 115.15450000000001 111.1857 99.4831 139.3788 131.0479 137.3314 113.9345 104.2267 135.73329999999999 142.6113 
169.4454 145.1392 135.9425 171.0835 119.0607 178.94299999999998 141.9205 146.1634 85.9987 46.4044 0 65.7495 120.76650000000001 163.49130000000002 153.7878 145.5277 141.2918 177.00650000000002 123.47829999999999 106.7562 166.24530000000001 134.1239 160.8282 141.4958 112.3332 151.0467 131.82410000000002 91.1158 132.957 102.9699 145.3999 86.1886 143.8022 141.3563 136.1912 80.0527 112.6288 148.81900000000002 141.8519 183.9789 144.8716 167.12890000000002 139.56130000000002 169.7936 116.86070000000001 122.68969999999999 156.2268 92.5351 164.15089999999998 154.4218 97.7802 155.3654 182.4151 148.73590000000002 77.6114 133.6064 147.5445 155.8571 170.7079 188.0823 120.0118 110.5403 67.017 112.8694 153.8261 129.5358 78.7544 177.7191 170.0677 151.0377 161.5589 157.5901 145.8875 170.25099999999998 121.8382 137.4518 153.8548 88.9443 120.45089999999999 172.66379999999998 
135.3684 97.1289 146.7972 176.7216 183.05450000000002 167.67579999999998 122.6187 134.5365 149.9925 110.3982 65.7495 0 55.017 102.261 88.03829999999999 114.776 138.207 188.3262 122.7451 66.0405 125.52959999999999 155.7823 154.23049999999998 117.73759999999999 97.3639 150.8971 128.4492 117.79459999999999 75.95339999999999 37.2204 79.65039999999999 105.7551 116.743 75.6068 128.0204 145.8022 134.268 139.4144 157.10049999999998 123.92250000000001 169.3528 151.9909 139.2494 157.9092 104.97630000000001 117.34949999999998 148.1642 158.2846 162.8462 146.4323 100.0487 146.7003 116.66560000000001 163.8096 141.6052 140.8326 123.4473 122.6317 137.7548 155.2294 146.226 148.7921 131.01080000000002 148.2059 142.1246 184.379 142.7482 135.78 104.31819999999999 129.1683 107.0317 133.9166 144.9067 107.0027 116.6788 186.0317 162.2985 133.2332 119.3969 106.9143 
149.5416 151.3725 125.59989999999999 150.0832 189.7292 140.2808 140.1101 180.36849999999998 143.4325 151.79809999999998 120.76650000000001 55.017 0 56.8978 113.6745 158.1252 142.924 173.7874 143.61599999999999 121.0575 180.5466 181.68560000000002 146.3105 133.9963 148.7788 95.8801 127.3089 104.2936 130.9704 92.23740000000001 96.4711 157.61270000000002 171.76 130.62380000000002 168.3579 112.2194 79.6433 84.3974 130.5211 68.9055 114.3358 152.9323 172.2784 159.8768 106.9439 119.3476 93.1472 133.3735 185.87939999999998 118.48519999999999 151.36509999999998 129.4354 166.1886 124.3679 183.00509999999997 178.15380000000002 122.54660000000001 105.3999 101.0528 126.88380000000001 166.1999 155.8296 131.1855 131.0636 172.02030000000002 188.2304 162.16559999999998 147.0646 97.4306 165.28199999999998 158.2792 91.295 163.3675 146.63349999999997 115.2088 191.7619 186.09069999999997 128.494 121.3022 160.13 
158.7268 152.6559 133.0827 145.46 157.462 140.87650000000002 111.6362 158.5471 137.7748 129.469 163.49130000000002 102.261 56.8978 0 56.7767 101.22739999999999 111.9828 168.50709999999998 116.72900000000001 141.28830000000002 149.6429 150.132 166.0221 132.9204 108.9162 137.1028 78.87960000000001 93.5114 90.12700000000001 79.9242 122.35419999999999 131.03040000000001 187.2015 168.2713 178.961 128.4719 95.89580000000001 133.5768 149.8562 125.80330000000001 138.12230000000002 108.5472 133.5991 146.7361 93.8032 125.0146 150.04500000000002 76.4757 131.5846 137.9177 125.3441 145.68939999999998 150.5327 149.6735 160.16020000000003 140.95000000000002 85.34280000000001 103.30359999999999 114.66139999999999 140.49239999999998 151.351 134.0813 147.8889 157.7498 182.0927 139.7302 137.61350000000002 148.95 143.4438 168.9669 101.3814 122.7435 141.99190000000002 98.1395 113.7765 155.0779 129.1929 95.911 64.4044 152.9386 
187.5712 133.7776 76.306 88.6833 100.6853 146.4086 136.0013 164.14440000000002 103.97970000000001 118.0683 153.7878 88.03829999999999 113.6745 56.7767 0 44.4507 126.98259999999999 120.3275 112.5197 119.8733 146.4811 142.743 117.79499999999999 81.3021 52.1395 121.51 135.6563 122.224 80.3828 118.90549999999999 76.4755 137.6171 144.66559999999998 111.4946 163.90820000000002 168.1977 135.6551 97.2786 151.0075 177.2391 86.21209999999999 100.201 100.8724 97.6205 122.0848 105.7737 148.289 133.2524 74.8079 81.14099999999999 124.75019999999999 146.4288 137.94330000000002 171.6951 143.06119999999999 134.3074 142.11950000000002 117.0002 84.9915 110.8225 115.3295 117.15280000000001 138.6809 100.9731 132.947 151.8459 120.5145 183.863 148.267 131.6529 110.1729 145.9522 162.0575 137.9674 153.2449 151.2234 163.2348 98.3243 121.18109999999999 137.0993 
173.1788 121.78710000000001 64.3155 133.13400000000001 145.136 150.83929999999998 160.4291 119.6937 59.529 99.1233 145.5277 114.776 158.12519999999998 101.22739999999999 44.4507 0 82.5319 139.0562 133.49949999999998 154.6984 139.0555 98.2923 160.6317 124.1388 96.5902 136.8874 155.83929999999998 158.54340000000002 124.8335 151.9964 120.9262 149.29610000000002 168.33520000000001 155.9453 154.5508 174.9257 155.42340000000002 130.3903 156.74779999999998 183.3681 130.6628 144.6517 145.3231 139.0299 97.18430000000001 146.9151 192.7397 163.3797 88.8083 125.5917 137.8591 171.3585 179.9374 200.10750000000002 130.3303 148.3078 161.2577 145.3132 129.4422 155.2732 138.8532 121.58349999999999 119.7359 145.4238 177.3977 139.8861 131.4733 157.4053 106.1519 131.002 124.1733 126.12459999999999 131.4045 101.5206 154.48919999999998 106.7727 188.3965 142.775 119.9564 156.3299 
121.2054 141.2965 146.8474 121.74700000000001 162.01909999999998 168.3471 169.43880000000001 172.6502 112.4855 132.5183 141.2918 138.207 142.924 111.9828 126.98259999999999 82.5319 0 56.5243 122.1054 72.1665 115.6262 145.0904 174.7757 167.7615 139.90030000000002 112.5572 134.5752 137.6626 95.8214 134.5544 123.6933 97.0773 122.869 95.449 144.9443 114.05869999999999 140.394 106.961 74.2159 135.8315 133.2497 138.1261 173.6204 177.1379 137.52339999999998 137.2175 137.16449999999998 155.27089999999998 133.0785 65.6843 77.8034 135.3886 153.8182 164.4393 163.7253 160.6748 133.1389 89.646 121.65469999999999 147.48569999999998 180.8918 163.6221 150.7006 154.4108 148.25060000000002 189.00549999999998 164.8683 141.1021 121.2666 131.0609 143.5778 155.6346 107.9752 122.51069999999999 150.05599999999998 189.1282 176.914 117.16210000000001 128.5452 177.3255 
140.63260000000002 171.9772 184.0034 174.9007 122.8779 144.7371 184.893 162.7001 140.5281 130.6021 177.00650000000002 188.3262 173.7874 168.50709999999998 120.3275 139.0562 56.5243 0 65.5811 122.2857 142.53820000000002 181.6011 190.6545 185.2935 162.69320000000002 140.2065 184.6944 145.4434 128.0872 160.58390000000003 154.03750000000002 148.8366 172.9882 151.9733 144.5653 100.1163 132.6924 135.8714 130.7402 167.75240000000002 76.72540000000001 125.03710000000001 159.7714 170.5894 125.6071 97.9781 80.6402 161.7401 189.6028 122.20859999999999 129.5627 164.4159 174.0064 128.83180000000002 161.8091 189.9022 152.47390000000001 146.1703 174.94869999999997 150.6509 170.7825 153.5128 109.9895 134.9743 144.7647 132.4812 162.9521 152.8083 165.1728 144.8716 94.71940000000001 111.6757 163.8858 90.80160000000001 168.6415 157.3071 178.0118 154.1284 166.1593 139.4817 
75.0515 128.77769999999998 131.4212 132.9792 181.0953 170.0503 133.6449 161.4748 154.769 115.1747 123.47829999999999 122.7451 143.61599999999999 116.72900000000001 112.5197 133.49949999999998 122.1054 65.5811 0 56.7046 116.1937 173.34609999999998 156.5082 149.4084 124.4384 123.7894 119.11330000000001 113.56139999999999 99.5111 138.2441 129.9189 83.2555 107.4071 156.0625 158.8042 157.5082 124.9321 166.14919999999998 147.7646 162.7944 71.76740000000001 103.82050000000001 139.3148 123.03129999999999 70.0984 96.7528 146.22129999999999 106.23140000000001 152.1547 84.76050000000001 63.9816 121.5668 170.0926 141.9528 146.3817 185.93560000000002 140.2896 109.0948 141.1035 116.0146 131.2474 148.5171 129.4189 120.1403 79.1836 66.9001 147.5247 155.4381 160.2148 117.23910000000001 160.3005 117.47559999999999 189.54809999999998 128.03609999999998 132.2425 167.79579999999999 162.31599999999997 99.3486 130.8552 134.52370000000002 
128.8245 154.9919 147.3396 144.3822 133.0081 141.9041 97.2723 144.1832 99.9461 60.3518 106.7562 66.0405 121.0575 141.2883 119.8733 154.6984 72.1665 122.2857 56.7046 0 59.4891 126.66579999999999 133.3893 96.8964 67.7338 137.10430000000002 62.4087 106.6835 141.9939 103.26089999999999 106.7093 45.5677 50.7025 99.3579 151.7715 100.8036 68.2275 110.1729 91.06 152.6756 128.472 160.5251 153.5087 151.4692 126.803 142.7073 176.9777 143.0909 107.5261 121.4832 64.8416 122.4268 113.388 163.099 91.55879999999999 132.79410000000001 149.983 106.4901 138.4988 164.32979999999998 128.1479 119.7174 80.9644 117.0408 76.0841 123.6047 92.70179999999999 147.8862 131.4565 118.09909999999999 155.04500000000002 158.8465 159.4507 129.6301 132.4486 119.99119999999999 112.91069999999999 113.9186 145.3893 172.95479999999998 
185.8093 124.0721 105.8786 159.7542 192.49720000000002 168.9547 156.7614 147.4866 159.4352 119.8409 166.24530000000001 125.52959999999999 180.54659999999998 149.6429 146.4811 139.0555 115.6262 142.53820000000002 116.1937 59.4891 0 67.1767 174.9101 150.73000000000002 127.22290000000001 175.7956 100.9633 150.8046 123.41789999999999 162.15089999999998 138.4873 105.05680000000001 101.0675 149.72289999999998 145.0787 160.2927 127.7166 107.0954 150.5491 182.5811 91.5541 139.8658 141.53109999999998 120.8502 130.3603 150.7997 163.2055 97.4316 160.87189999999998 169.2395 124.33070000000001 85.6033 172.87709999999998 202.78140000000002 151.0479 143.3368 176.6669 163.5788 142.35660000000001 168.1876 177.1461 159.8764 140.45350000000002 176.5299 135.5732 174.0566 152.1909 165.3521 114.0987 173.72840000000002 165.6541 155.769 108.1096 183.39319999999998 183.84519999999998 179.4803 172.39979999999997 167.18919999999997 135.68259999999998 121.9564 
168.73149999999998 175.0324 162.6078 169.2731 160.37580000000003 154.2978 89.733 136.6439 127.31380000000001 87.71950000000001 134.12390000000002 155.7823 181.68560000000002 150.132 142.743 98.2923 145.0904 181.6011 173.34609999999998 126.66579999999999 67.1767 0 135.7787 99.2858 128.4484 154.5822 166.03730000000002 158.2867 125.01910000000001 163.7521 173.997 145.2156 147.33769999999998 177.78750000000002 174.5429 186.2149 153.6388 136.5596 139.0922 178.9021 158.7308 161.42329999999998 166.3099 183.9307 166.7211 83.623 133.4228 164.60829999999999 185.9958 166.8796 164.4895 125.46099999999998 186.2824 190.4667 118.9265 112.5617 144.7944 146.2776 114.2689 140.0999 123.5473 112.1781 108.33210000000001 154.1845 175.61110000000002 117.827 120.0695 211.517 160.2636 192.9024 140.4788 161.7514 137.5738 130.8962 116.6685 172.07319999999999 201.65400000000002 143.2457 111.7391 186.668 
188.9564 151.19099999999997 157.0372 133.6448 164.3021 198.9262 138.0611 164.18720000000002 104.02250000000001 114.4238 160.8282 154.2305 146.3105 166.02210000000002 117.795 160.6317 174.7757 190.6545 156.5082 133.3893 174.9101 135.7787 0 36.4929 65.6555 109.55510000000001 116.16159999999999 147.2147 159.8282 143.1001 140.99099999999999 157.5401 174.042 160.57690000000002 179.5605 123.422 90.8459 67.8147 128.1491 132.2057 184.27980000000002 157.5249 103.517 138.5953 169.4546 132.2398 151.2767 190.541 149.207 156.6793 138.2662 101.61959999999999 160.2009 198.0353 145.6308 179.5568 161.5252 121.5281 101.80369999999999 127.6347 142.3874 159.6571 135.03640000000001 173.4419 141.3284 172.4767 146.7738 170.50459999999998 138.86419999999998 145.1689 141.3424 116.48830000000001 167.2591 99.8529 121.3378 169.6685 169.7582 111.84030000000001 143.3469 123.8751 
152.4635 114.6981 145.4609 133.9214 127.8092 162.4333 107.2115 127.6943 67.5296 95.0914 141.4958 117.73759999999999 133.9963 132.9204 81.3021 124.1388 167.7615 185.2935 149.4084 96.8964 150.73000000000002 99.2858 36.4929 0 29.1626 73.0622 79.6687 110.7218 135.29330000000002 136.73160000000001 104.4981 121.04719999999999 147.59890000000001 163.4486 143.0676 86.9291 54.353 70.68639999999999 131.0208 156.7116 148.1562 121.03200000000001 67.0241 102.1024 142.7908 131.07819999999998 146.1553 154.0481 112.7141 158.4149 101.77329999999999 65.1267 140.255 161.81380000000001 126.29839999999999 161.9344 136.745 93.2521 101.7372 127.5682 105.8945 123.1642 115.704 157.3899 141.2619 172.4102 127.44139999999999 134.0117 102.37129999999999 108.676 146.3364 119.35999999999999 145.5762 125.664 111.4363 179.4383 140.2579 75.34740000000001 106.85400000000001 87.3822 
175.14139999999998 133.9405 128.44549999999998 140.8228 98.6466 154.27550000000002 136.3741 156.8569 96.6922 65.9288 112.3332 97.3639 148.7788 108.9162 52.1395 96.5902 139.90030000000002 162.6932 124.4384 67.7338 127.22290000000001 128.4484 65.6555 29.1626 0 69.3705 108.8313 117.6986 106.1307 117.7655 75.3355 91.88459999999999 118.4363 163.6341 162.606 116.0917 83.5156 99.849 158.7938 155.4491 138.3516 150.1946 96.1867 131.265 125.02090000000001 101.9156 151.7154 169.3133 126.9474 129.2523 72.6107 94.2893 147.2689 158.12210000000002 97.13579999999999 132.7718 145.4524 116.5906 127.94839999999999 148.8204 76.7319 94.0016 86.5414 131.6677 128.7957 149.0602 98.27879999999999 152.9118 101.6584 79.5134 162.3124 139.0523 154.0521 154.178 122.8314 187.725 111.09530000000001 46.1848 77.6914 116.54480000000001 
119.1748 156.40109999999999 138.20759999999999 119.71640000000001 144.8425 144.7019 138.471 91.5601 77.3584 104.6423 151.04670000000002 150.8971 95.8801 137.1028 121.51 136.8874 112.5572 140.2065 123.7894 137.10430000000002 175.7956 154.5822 109.55510000000001 73.0622 69.3705 0 74.8323 124.6736 134.098 156.5664 144.70600000000002 126.98310000000001 111.8883 160.5437 146.552 90.4135 122.9896 130.2473 122.3187 164.7856 170.37420000000003 140.144 140.0863 153.17919999999998 139.3897 135.7348 121.21180000000001 161.2457 151.9538 178.24149999999997 141.9812 138.1889 166.81480000000002 88.7516 135.8493 145.6968 139.2506 127.8922 113.6474 139.4784 140.4701 149.952 106.4287 130.7656 153.8399 168.9475 131.3981 166.3288 156.9837 114.1105 111.2775 98.7226 138.0313 159.56470000000002 81.7248 158.2779 135.8982 115.55530000000002 91.4354 160.4444 
135.4076 151.1431 144.0692 98.54650000000001 150.5693 96.1269 137.6721 115.5393 125.01400000000001 85.4197 131.82410000000002 128.4492 127.30890000000001 78.87960000000001 135.65630000000002 155.83929999999998 134.5752 184.69440000000003 119.11330000000001 62.4087 100.9633 166.03730000000002 116.16159999999999 79.6687 108.8313 74.8323 0 49.8413 91.4706 94.8277 106.53999999999999 52.1508 113.1112 153.5648 101.1512 147.9502 115.3741 139.5939 134.9384 156.9264 143.827 119.0565 109.5838 128.8123 77.65100000000001 132.8667 141.3971 122.1677 128.9246 125.8943 71.4247 114.35750000000002 132.3128 142.423 116.6267 161.7156 106.10839999999999 62.6155 94.6242 120.4552 93.8459 76.5762 106.0323 151.8847 138.49280000000002 165.7661 117.7697 91.4965 82.1514 124.6822 164.3992 173.5549 177.7835 136.2132 140.686 152.9207 164.1116 99.2011 101.5147 160.9138 
163.2257 147.151 94.2279 136.2889 153.94740000000002 145.9682 132.9385 147.95929999999998 120.5042 135.261 91.1158 117.79459999999999 104.2936 93.5114 122.224 158.54340000000002 137.6626 145.4434 113.56139999999999 106.6835 150.8046 158.2867 147.2147 110.7218 117.6986 124.6736 49.8413 0 41.8412 80.57419999999999 75.14529999999999 101.9921 157.386 179.3982 150.9925 157.33350000000002 156.2196 99.0722 137.9756 128.832 93.9857 122.0937 114.0493 78.971 83.5432 83.2373 91.5558 135.2881 157.7434 158.6429 121.26599999999999 164.1988 135.35 92.58170000000001 126.1307 145.4489 89.8417 112.45679999999999 119.71770000000001 145.5487 134.4137 124.04339999999999 149.4125 142.8282 159.2424 169.7985 103.584 141.3378 131.9927 151.4996 161.9505 147.7458 177.46890000000002 101.81649999999999 118.27539999999999 159.5768 136.42430000000002 71.5138 103.0204 115.768 
149.28379999999999 105.3098 80.1072 116.2713 151.6483 150.19240000000002 91.0973 106.1181 124.0316 142.9212 132.957 75.95339999999999 130.97039999999998 90.12700000000001 80.3828 124.8335 95.8214 128.0872 99.5111 141.9939 123.4179 125.01910000000001 159.8282 135.29330000000002 106.1307 134.098 91.4706 41.8412 0 38.733 81.163 107.26769999999999 182.9923 142.76420000000002 146.4144 128.8867 133.8789 102.0578 162.3922 170.6732 133.1937 134.343 80.3351 94.63489999999999 41.702 41.3961 91.1959 141.3158 115.90220000000001 116.8017 107.4641 136.81210000000002 124.1483 119.24080000000001 154.3693 136.7408 81.1336 124.6265 123.5943 119.8246 138.6766 150.3837 137.4937 141.51839999999999 130.6581 137.9744 131.8226 144.2751 103.3009 109.6584 120.10929999999999 129.21179999999998 158.8221 59.9753 109.56729999999999 132.2668 124.85640000000001 59.9459 91.4525 148.7294 
131.21859999999998 134.3493 118.84020000000001 155.0043 157.248 158.7606 129.8303 97.3161 117.563 147.6186 102.9699 37.2204 92.23740000000001 79.9242 118.90549999999999 151.9964 134.5544 160.5839 138.2441 103.26089999999999 162.15089999999998 163.75209999999998 143.1001 136.73160000000001 117.7655 156.5664 94.8277 80.57419999999999 38.733 0 42.43 68.5347 153.96339999999998 112.8272 127.1717 138.5259 112.1858 140.7908 166.51760000000002 161.1429 137.5188 173.076 119.06809999999999 127.3956 74.4627 80.1291 128.3435 123.2123 154.6352 109.2119 87.8086 145.3938 153.886 126.5892 144.5587 160.834 105.2268 121.07570000000001 132.4335 118.00899999999999 177.40959999999998 169.11129999999997 134.9687 178.878 161.7146 162.36090000000002 157.4975 173.0004 141.5386 141.0661 144.2521 148.29930000000002 182.12709999999998 69.78229999999999 130.6981 161.4823 125.0781 96.0128 82.1765 144.1347 
144.39839999999998 120.7254 146.58780000000002 159.9561 169.5867 169.8927 132.53029999999998 139.7461 82.05160000000001 121.64590000000001 145.3999 79.65039999999999 96.4711 122.3542 76.4755 120.9262 123.6933 154.03750000000002 129.9189 106.7093 138.4873 173.997 140.99099999999999 104.4981 75.3355 144.70600000000002 106.53999999999999 75.14529999999999 81.163 42.43 0 61.1416 157.4118 155.2572 157.7715 167.2472 134.6711 112.7842 142.58679999999998 120.8858 151.31220000000002 145.50900000000001 147.1078 154.1163 101.8451 122.5591 94.1937 159.4343 151.2834 114.3303 80.4155 138.0007 171.2128 95.2196 102.1287 158.12369999999999 143.5345 101.2415 133.2502 159.0812 137.0516 126.6813 142.25850000000003 145.4661 119.2846 160.6243 124.6754 159.24679999999998 112.11349999999999 133.673 132.9771 125.06620000000001 192.9038 112.2123 88.2681 164.5636 166.1547 116.21809999999999 124.60650000000001 128.78379999999999 
83.2568 126.4305 156.3496 98.81450000000001 150.8373 148.2777 142.84 153.63580000000002 93.4711 105.9195 86.1886 105.7551 157.6127 131.0304 137.6171 149.29610000000002 97.0773 148.8366 83.2555 45.5677 105.05680000000001 145.2156 157.5401 121.04719999999999 91.88459999999999 126.98310000000001 52.1508 101.9921 107.26769999999999 68.5347 61.1416 0 96.2702 144.9256 126.6283 146.37130000000002 113.79520000000001 120.6056 136.6277 156.6643 147.1907 139.1855 137.7668 137.9689 85.036 139.7838 131.60629999999998 131.3845 143.3097 75.9155 19.2739 76.8591 143.1593 156.3612 137.1265 154.45499999999998 139.5232 96.0303 104.41120000000001 130.2422 128.0586 110.7889 126.5321 151.2236 110.2669 150.1556 138.2695 125.0858 99.0206 72.5314 153.809 136.4145 178.0515 84.0624 132.3496 165.5589 158.4784 138.0694 134.9295 148.3381 
167.38889999999998 176.5026 119.031 194.2715 170.0541 135.3904 147.97480000000002 168.9709 108.8062 97.39779999999999 143.8022 116.743 171.76 187.2015 144.66559999999998 168.33520000000001 122.869 172.9882 107.4071 50.7025 101.0675 147.33769999999998 174.042 147.59890000000001 118.4363 111.8883 113.1112 157.386 182.9923 153.96339999999998 157.4118 96.2702 0 48.6554 101.069 81.102 113.6781 141.4176 141.7625 194.01800000000003 127.526 156.4813 155.0208 119.9425 172.87539999999998 171.4265 157.27609999999999 184.5707 158.2286 144.5646 115.5441 172.549 126.21549999999999 162.7595 128.60479999999998 113.8812 123.3841 157.1926 150.6443 131.6196 133.2256 116.5553 109.3347 121.45410000000001 117.112 171.8535 129.74779999999998 172.8103 125.29429999999999 155.92329999999998 147.849 170.1781 196.8809 153.0305 129.2706 147.4909 161.2484 149.7398 173.657 190.9799 
125.53469999999999 137.58120000000002 123.68790000000001 145.61610000000002 194.1309 184.0458 191.9102 191.59390000000002 131.4292 146.0532 141.3563 75.6068 130.62380000000002 168.2713 111.4946 155.9453 95.449 151.9733 156.0625 99.3579 149.72289999999998 177.78750000000002 160.57690000000002 163.4486 163.6341 160.5437 153.5648 179.3982 142.76420000000002 112.8272 155.2572 144.9256 48.6554 0 52.4136 108.5521 141.1282 92.7622 153.09660000000002 156.4699 176.1814 145.7692 140.0477 138.6595 170.0968 159.4019 149.2615 208.66109999999998 186.3025 161.1333 160.5254 187.1526 162.9686 120.90530000000001 121.2208 65.2258 120.833 164.3259 157.4965 180.27499999999998 172.45420000000001 155.1845 129.2848 170.10950000000003 165.7674 191.8036 143.76749999999998 173.9566 163.9235 107.2679 99.1936 141.4358 189.84130000000002 164.52300000000002 151.4456 135.3441 119.3942 137.888 166.1815 168.4948 
177.94830000000002 178.9121 125.9269 93.2025 145.2253 159.0606 163.8668 155.18650000000002 95.02180000000001 134.61610000000002 136.1912 128.0204 168.35789999999997 178.961 163.90820000000002 154.5508 144.9443 144.5653 158.8042 151.7715 145.0787 174.5429 179.5605 143.0676 162.606 146.552 101.1512 150.9925 146.4144 127.1717 157.7715 126.6283 101.069 52.4136 0 56.1385 88.71459999999999 127.05760000000001 171.95319999999998 191.07319999999999 162.55 146.7001 92.6922 106.1581 153.35680000000002 131.884 96.8479 181.9064 180.1413 130.7802 137.51149999999998 147.5855 110.555 173.3189 155.8074 117.63940000000001 109.59970000000001 153.0926 167.28539999999998 169.072 120.04060000000001 102.77090000000001 146.29420000000002 156.1178 172.1044 191.9608 166.9661 161.8193 111.5099 147.80589999999998 137.1697 157.0387 137.42770000000002 139.2461 99.032 82.9305 164.0857 180.2001 148.6935 177.1955 
145.91410000000002 141.01839999999999 110.6102 136.7492 123.6774 113.91560000000001 130.6488 110.3564 151.1603 123.25619999999999 80.0527 145.8022 112.2194 128.4719 168.1977 174.9257 114.05869999999999 100.1163 157.5082 100.8036 160.2927 186.2149 123.422 86.9291 116.0917 90.4135 147.9502 157.33350000000002 128.8867 138.5259 167.2472 146.37130000000002 81.102 108.5521 56.1385 0 32.5761 70.9191 115.8147 134.9347 126.3793 116.1638 148.8307 162.2966 127.5852 125.97389999999999 76.1741 137.3573 188.9182 148.4275 141.7695 91.447 152.8885 141.28470000000002 154.4632 123.09899999999999 67.4918 110.9847 142.812 151.4504 176.1791 158.9094 143.8688 99.9793 129.9515 183.09969999999998 155.6062 112.23479999999998 100.9891 151.1159 131.527 112.4752 123.7993 91.6011 97.11769999999999 139.069 139.77360000000002 124.0616 92.555 135.0876 
178.49020000000002 134.40320000000003 91.1079 169.3253 156.25349999999997 146.4917 98.0727 138.5782 121.8826 128.5793 112.6288 134.268 79.6433 95.89580000000001 135.6551 155.42340000000002 140.394 132.6924 124.9321 68.2275 127.7166 153.6388 90.8459 54.353 83.5156 122.9896 115.3741 156.2196 133.8789 112.1858 134.6711 113.79520000000001 113.6781 141.1282 88.71459999999999 32.5761 0 103.4952 148.3908 102.3586 93.8032 142.1149 121.37710000000001 147.942 95.0091 158.54999999999998 108.75019999999999 139.1839 167.0671 156.68519999999998 133.06910000000002 119.47970000000001 120.3124 154.7896 155.0781 155.6751 100.0679 141.7147 121.0157 146.8467 160.2475 159.1686 143.8073 103.0369 143.99360000000001 164.8175 132.5314 79.6587 130.9121 131.9615 114.5895 130.3124 91.2232 124.1772 129.69379999999998 171.64509999999999 172.3497 116.5592 102.8155 141.7352 
140.8139 96.8748 89.2225 65.8301 117.8529 168.1406 132.1803 150.88750000000002 90.7228 102.41460000000001 148.81900000000002 139.4144 84.3974 133.5768 97.2786 130.3903 106.961 135.8714 166.1492 110.1729 107.0954 136.5596 67.8147 70.68639999999999 99.84899999999999 130.2473 139.5939 99.0722 102.0578 140.7908 112.7842 120.6056 141.4176 92.7622 127.05760000000001 70.9191 103.4952 0 60.3344 121.95 160.5882 124.5736 128.0602 158.89659999999998 129.3904 124.0395 121.8997 140.6322 117.9991 140.6959 131.0607 110.34209999999999 129.4251 130.2206 133.48149999999998 111.7421 125.09539999999998 81.60249999999999 89.60130000000001 115.43230000000001 133.5953 125.3253 81.802 127.65440000000001 129.126 144.32080000000002 134.7646 133.2502 127.9823 112.78540000000001 75.65 48.6736 99.4444 127.3562 137.4195 131.3259 101.9435 143.4055 120.5017 75.73259999999999 
187.7301 133.0419 149.5569 126.1645 151.5768 189.5063 188.3323 156.9219 131.0047 123.9031 141.8519 157.1005 130.5211 149.8562 151.0075 156.74779999999998 74.2159 130.74020000000002 147.7646 91.06 150.5491 139.0922 128.1491 131.0208 158.7938 122.3187 134.9384 137.9756 162.3922 166.51760000000002 142.58679999999998 136.6277 141.7625 153.09660000000002 171.9532 115.8147 148.3908 60.3344 0 61.6156 152.64260000000002 117.2003 143.0464 168.8649 145.6386 151.4205 136.8975 180.9133 153.5832 139.90019999999998 152.0193 170.67649999999998 79.6023 118.1121 145.1462 172.0765 152.0324 108.5395 100.8094 126.6404 193.8028 185.65970000000002 142.1364 161.3778 141.739 204.6552 156.2531 108.9469 160.2003 159.07119999999998 126.9632 109.00800000000001 159.7788 136.4727 138.8298 191.6603 162.2779 117.72219999999999 131.6768 136.067 
126.1145 150.3544 175.9719 187.7801 211.8619 209.18630000000002 194.54090000000002 198.768 147.7024 180.3711 183.9789 123.92250000000001 68.9055 125.80330000000001 177.2391 183.3681 135.8315 167.7524 162.7944 152.6756 182.5811 178.9021 132.2057 156.7116 155.4491 164.7856 156.9264 128.832 170.6732 161.1429 120.8858 156.6643 194.018 156.4699 191.07319999999999 134.9347 102.3586 121.95 61.6156 0 91.027 139.33870000000002 179.2197 206.62959999999998 175.8494 173.8558 162.05270000000002 119.29769999999999 193.8691 187.39069999999998 175.9382 136.9097 141.2179 152.1081 206.2077 161.0566 105.4494 148.9423 162.425 188.256 191.28199999999998 203.2818 159.7585 183.9731 191.05059999999997 185.2341 212.7211 170.5625 133.0926 157.9427 188.5788 160.2005 193.5818 167.1217 141.7243 139.19310000000002 155.974 177.4047 185.3912 173.0452 
146.8189 176.9368 142.1267 121.2424 120.8349 120.6177 154.6519 107.741 167.9057 136.56799999999998 144.8716 169.3528 114.3358 138.1223 86.21209999999999 130.6628 133.24970000000002 76.72540000000001 71.76740000000001 128.472 91.5541 158.7308 184.2798 148.1562 138.3516 170.3742 143.827 93.9857 133.1937 137.5188 151.31220000000002 147.1907 127.526 176.1814 162.55 126.3793 93.8032 160.5882 152.64260000000002 91.027 0 48.3117 102.31960000000001 137.3979 91.49170000000001 136.1757 136.0798 127.6247 161.01999999999998 103.4267 135.74900000000002 143.57389999999998 137.9755 173.5985 167.77499999999998 207.32889999999998 154.3163 130.4881 160.5118 134.6808 186.52159999999998 169.7928 157.18059999999997 175.305 150.95100000000002 108.2438 168.91799999999998 155.2144 131.0574 189.00650000000002 132.917 152.786 169.6286 92.644 153.6358 108.1854 139.2631 120.74189999999999 152.24849999999998 105.3663 
178.872 151.2866 93.815 115.5136 132.1883 72.306 136.8708 137.1942 131.9204 120.7245 167.12890000000002 151.9909 152.9323 108.5472 100.201 144.6517 138.1261 125.03710000000001 103.82050000000001 160.5251 139.8658 161.42329999999998 157.5249 121.03200000000001 150.1946 140.144 119.0565 122.0937 134.343 173.076 145.50900000000001 139.1855 156.4813 145.7692 146.7001 116.1638 142.1149 124.57360000000001 117.2003 139.33870000000002 48.3117 0 54.0079 89.08619999999999 135.0527 175.73909999999998 133.1391 146.0599 139.836 72.4418 129.08339999999998 119.43090000000001 114.5747 125.2868 151.9315 196.142 164.36090000000002 133.9552 129.52689999999998 103.6959 142.525 138.80790000000002 126.36699999999999 129.2429 170.19959999999998 156.5555 153.0745 106.9027 127.8269 182.34089999999998 150.33530000000002 135.2578 183.149 117.97309999999999 122.9479 156.4971 108.7815 147.3015 115.7949 153.678 
176.38830000000002 127.9862 109.7927 66.8973 118.92009999999999 126.31389999999999 150.50900000000001 156.1071 121.9958 93.15690000000001 139.56130000000002 139.2494 172.27839999999998 133.5991 100.8724 145.3231 173.6204 159.7714 139.3148 153.5087 141.53109999999998 166.3099 103.517 67.0241 96.1867 140.0863 109.5838 114.0493 80.3351 119.06809999999999 147.1078 137.7668 155.0208 140.0477 92.6922 148.8307 121.37710000000001 128.0602 143.0464 179.2197 102.31960000000001 54.0079 0 35.0783 88.0112 121.7312 79.1312 92.052 166.6234 107.9361 124.0778 132.1508 168.5826 168.0435 114.4 170.395 157.8171 124.21549999999999 146.2707 139.1902 88.5171 105.7868 111.88950000000001 136.8743 140.58089999999999 174.4083 125.5069 160.86260000000001 122.7192 139.44 123.9459 148.17360000000002 192.64 140.3104 163.7036 175.6227 162.5879 140.281 140.28289999999998 154.40630000000002 
154.6451 92.90790000000001 74.71440000000001 101.9756 85.4699 137.7905 146.79579999999999 168.3256 108.1609 128.2352 169.7936 157.9092 159.8768 146.73610000000002 97.6205 139.0299 177.1379 170.5894 123.03129999999999 151.4692 120.8502 183.9307 138.5953 102.1024 131.26500000000001 153.1792 128.8123 78.971 94.63489999999999 127.39559999999999 154.11630000000002 137.9689 119.9425 138.6595 106.1581 162.2966 147.942 158.89659999999998 168.8649 206.62959999999998 137.3979 89.08619999999999 35.0783 0 52.9329 136.03099999999998 114.2095 88.3775 162.2534 143.0144 118.695 142.47930000000002 161.26500000000001 167.8947 120.1611 167.7244 122.7388 89.1372 111.1924 137.0234 102.9696 85.6999 129.2232 171.9526 155.0334 150.28500000000003 135.8333 173.2019 124.649 154.2635 157.8237 144.9967 217.06920000000002 122.69039999999998 128.62529999999998 162.51330000000002 155.5956 131.769 117.20800000000001 170.2102 
145.1499 140.93959999999998 121.8092 154.9085 138.40279999999998 159.02429999999998 132.79930000000002 144.93630000000002 138.2876 108.55709999999999 116.86070000000001 104.97630000000001 106.9439 93.8032 122.0848 97.18430000000001 137.52339999999998 125.6071 70.0984 126.803 130.3603 166.72109999999998 169.4546 142.7908 125.02090000000001 139.3897 77.65100000000001 83.5432 41.702 74.4627 101.8451 85.036 172.8754 170.0968 153.35680000000002 127.5852 95.0091 129.3904 145.6386 175.8494 91.49170000000001 135.05270000000002 88.0112 52.9329 0 83.09809999999999 128.6879 99.6138 151.04149999999998 122.4037 65.7621 123.3473 165.8503 160.9428 139.76409999999998 165.4231 122.8356 102.47720000000001 120.1631 129.6068 155.9025 138.6328 129.16969999999998 149.3576 149.28199999999998 136.99849999999998 140.90709999999999 128.9115 98.5263 119.0196 144.0342 116.3249 172.91740000000001 69.7575 125.6249 161.1782 102.6627 78.8361 110.1567 154.248 
