21
BK AL AE BB BQ AZ AU AD AM BL BG BT BJ AY BA AO BS BW AF BC AW
0 49.731 62.305800000000005 110.1876 174.34879999999998 171.10320000000002 161.7593 179.9925 181.5815 134.9588 97.9043 109.1733 129.4604 195.003 203.08280000000002 249.7733 175.9093 156.9519 125.79639999999999 39.5594 33.9432 
49.731 0 12.5748 60.456599999999995 129.9422 142.9437 112.0283 130.2615 181.18970000000002 139.8415 48.1733 125.7245 161.332 225.8918 181.5094 200.0423 126.17830000000001 128.0191 143.0882 56.8512 83.6742 
62.305800000000005 12.5748 0 47.8818 117.43169999999999 130.3689 124.6031 117.6867 185.5579 152.41629999999998 60.748099999999994 113.1497 163.31779999999998 228.86039999999997 194.0842 187.4675 113.6035 115.4443 155.663 69.426 96.249 
110.1876 60.456599999999995 47.8818 0 69.5499 112.618 137.8022 165.56849999999997 221.9892 200.29809999999998 108.62989999999999 149.58100000000002 176.7239 237.77550000000002 155.6432 223.1882 161.4853 163.3261 166.20409999999998 79.9671 87.6474 
174.34879999999998 129.9422 117.43169999999999 69.5499 0 43.0681 123.5698 198.6739 165.33780000000002 177.1742 153.6006 145.4651 210.3836 182.3761 100.24380000000001 167.7888 190.6094 145.2469 140.3204 149.517 157.19729999999998 
171.10320000000002 142.9437 130.3689 112.618 43.0681 0 80.5017 155.6058 143.687 152.8588 191.11700000000002 176.6295 201.2369 225.44420000000002 143.31190000000004 202.8286 233.6775 188.31500000000003 183.38850000000002 131.5438 200.2654 
161.7593 112.0283 124.6031 137.8022 123.5698 80.5017 0 123.1153 203.15890000000002 201.88350000000003 160.20159999999998 222.8369 220.29109999999997 207.0854 124.9531 192.49810000000002 238.2066 155.15439999999998 244.9098 158.6728 195.7025 
179.9925 130.2615 117.6867 165.5685 198.6739 155.6058 123.1153 0 80.0436 144.4016 178.4348 152.4518 107.994 173.5366 228.91060000000002 290.88300000000004 217.019 188.06470000000002 258.14739999999995 171.91039999999998 203.5112 
181.5815 181.18970000000002 185.5579 221.98919999999998 165.33780000000002 143.687 203.15890000000002 80.0436 0 64.358 156.0262 72.4082 64.6387 130.1813 170.916 210.8394 136.9754 144.70940000000002 228.2591 142.0221 160.1559 
134.9588 139.8415 152.4163 200.2981 177.1742 152.8588 201.88350000000003 144.4016 64.358 0 91.6682 136.7662 128.9967 188.6903 106.558 172.065 175.7177 122.395 237.733 151.496 168.902 
97.9043 48.1733 60.748099999999994 108.62989999999999 153.6006 191.117 160.20159999999998 178.4348 156.02620000000002 91.6682 0 173.8978 144.8343 210.3769 159.79219999999998 197.1154 174.3516 113.6613 191.26149999999998 105.02449999999999 131.8475 
109.1733 125.72449999999999 113.1497 149.58100000000002 145.4651 176.6295 222.8369 152.4518 72.4082 136.7662 173.8978 0 137.0469 202.5895 198.5295 207.9292 134.0652 135.906 155.8509 69.6139 143.1165 
129.4604 161.332 163.3178 176.72390000000001 210.3836 201.2369 220.29110000000003 107.994 64.6387 128.9967 144.83429999999998 137.0469 0 65.5426 147.67489999999998 215.2199 201.6141 80.0707 190.7178 104.4808 95.5172 
195.003 225.8918 228.86039999999997 237.77550000000002 182.3761 225.44420000000002 207.0854 173.5366 130.1813 188.6903 210.3769 202.5895 65.5426 0 82.1323 149.6773 223.5413 145.61329999999998 256.2604 170.02339999999998 161.0598 
203.08280000000002 181.5094 194.0842 155.6432 100.24380000000001 143.3119 124.9531 228.9106 170.916 106.558 159.7922 198.52949999999998 147.67489999999998 82.1323 0 67.545 141.409 156.5983 197.8089 215.925 215.7181 
249.7733 200.0423 187.4675 223.1882 167.7888 202.8286 192.49810000000002 290.88300000000004 210.8394 172.065 197.1154 207.9292 215.2199 149.6773 67.545 0 73.864 210.2238 263.0997 231.22539999999998 283.2631 
175.9093 126.1783 113.6035 161.4853 190.6094 233.6775 238.20659999999998 217.019 136.9754 175.7177 174.3516 134.0652 201.6141 223.54129999999998 141.409 73.864 0 136.3598 266.7524 183.02949999999998 209.8525 
156.95190000000002 128.0191 115.4443 163.3261 145.2469 188.315 155.1544 188.06470000000002 144.70940000000002 122.395 113.66130000000001 135.906 80.0707 145.61329999999998 156.5983 210.2238 136.3598 0 150.4287 184.5515 175.5879 
125.79639999999999 143.0882 155.663 166.20409999999998 140.3204 183.38850000000002 244.90980000000002 258.1474 228.2591 237.733 191.2615 155.8509 190.71779999999998 256.2604 197.8089 263.0997 266.75239999999997 150.4287 0 86.237 159.7396 
39.5594 56.8512 69.426 79.9671 149.517 131.5438 158.6728 171.91039999999998 142.0221 151.496 105.02449999999999 69.6139 104.4808 170.02339999999998 215.925 231.2254 183.0295 184.5515 86.237 0 73.5026 
33.9432 83.6742 96.249 87.6474 157.19729999999998 200.2654 195.7025 203.5112 160.1559 168.902 131.8475 143.1165 95.5172 161.0598 215.7181 283.2631 209.8525 175.5879 159.7396 73.5026 0 
