32
h20 h19 h23 h27 l30 h29 h21 h30 h31 h2 h0 h11 h3 h7 h42 h6 l1 h8 h5 h12 h14 h44 h25 h39 h46 h34 h47 h15 h43 h17 l12 l0
0 75.0 158.0 92.0 71.0 91.0 46.0 24.0 93.0 119.0 182.0 357.0 317.0 343.0 371.0 359.0 312.0 308.0 305.0 217.0 264.0 356.0 385.0 397.0 360.0 394.0 411.0 330.0 265.0 267.0 288.0 137.0 
75.0 0 99.0 106.0 129.0 110.0 99.0 95.0 113.0 153.0 176.0 314.0 318.0 332.0 357.0 367.0 316.0 310.0 292.0 188.0 239.0 339.0 371.0 382.0 345.0 371.0 397.0 318.0 248.0 255.0 273.0 141.0 
158.0 99.0 0 105.0 87.0 89.0 148.0 138.0 125.0 208.0 217.0 413.0 377.0 399.0 415.0 409.0 384.0 367.0 370.0 287.0 338.0 432.0 464.0 478.0 443.0 463.0 494.0 401.0 331.0 339.0 361.0 210.0 
92.0 106.0 105.0 0 23.0 43.0 92.0 73.0 113.0 157.0 122.0 338.0 311.0 335.0 328.0 307.0 303.0 321.0 285.0 217.0 293.0 359.0 390.0 436.0 407.0 447.0 466.0 402.0 332.0 336.0 351.0 128.0 
71.0 129.0 87.0 23.0 0 20.0 73.0 51.0 90.0 134.0 145.0 361.0 315.0 312.0 328.0 330.0 322.0 316.0 289.0 238.0 285.0 363.0 395.0 424.0 396.0 440.0 455.0 387.0 318.0 324.0 339.0 147.0 
91.0 110.0 89.0 43.0 20.0 0 59.0 71.0 70.0 119.0 128.0 345.0 304.0 332.0 329.0 322.0 302.0 296.0 283.0 218.0 265.0 356.0 385.0 404.0 382.0 422.0 435.0 369.0 298.0 305.0 320.0 127.0 
46.0 99.0 148.0 92.0 73.0 59.0 0 22.0 91.0 142.0 178.0 379.0 336.0 363.0 384.0 374.0 336.0 325.0 329.0 252.0 292.0 379.0 408.0 433.0 385.0 414.0 436.0 348.0 289.0 294.0 311.0 161.0 
24.0 95.0 138.0 73.0 51.0 71.0 22.0 0 69.0 129.0 158.0 381.0 317.0 341.0 364.0 354.0 324.0 306.0 308.0 241.0 270.0 365.0 395.0 411.0 381.0 415.0 432.0 351.0 285.0 287.0 308.0 161.0 
93.0 113.0 125.0 113.0 90.0 70.0 91.0 69.0 0 94.0 167.0 343.0 253.0 274.0 317.0 286.0 260.0 242.0 279.0 210.0 252.0 318.0 350.0 375.0 357.0 408.0 422.0 360.0 303.0 297.0 310.0 119.0 
119.0 153.0 208.0 157.0 134.0 119.0 142.0 129.0 94.0 0 90.0 347.0 211.0 246.0 279.0 262.0 218.0 200.0 212.0 186.0 233.0 237.0 266.0 337.0 263.0 315.0 328.0 297.0 232.0 217.0 247.0 138.0 
182.0 176.0 217.0 122.0 145.0 128.0 178.0 158.0 167.0 90.0 0 272.0 189.0 240.0 206.0 196.0 185.0 200.0 163.0 123.0 199.0 247.0 279.0 317.0 318.0 389.0 383.0 363.0 304.0 303.0 310.0 48.0 
357.0 314.0 413.0 338.0 361.0 345.0 379.0 381.0 343.0 347.0 272.0 0 183.0 215.0 169.0 138.0 165.0 183.0 198.0 270.0 359.0 328.0 354.0 413.0 446.0 541.0 517.0 528.0 481.0 471.0 471.0 224.0 
317.0 318.0 377.0 311.0 315.0 304.0 336.0 317.0 253.0 211.0 189.0 183.0 0 51.0 97.0 70.0 29.0 11.0 26.0 162.0 220.0 156.0 188.0 245.0 288.0 392.0 356.0 400.0 365.0 358.0 352.0 194.0 
343.0 332.0 399.0 335.0 312.0 332.0 363.0 341.0 274.0 246.0 240.0 215.0 51.0 0 46.0 77.0 80.0 62.0 77.0 204.0 262.0 197.0 229.0 296.0 339.0 443.0 404.0 450.0 412.0 407.0 400.0 211.0 
371.0 357.0 415.0 328.0 328.0 329.0 384.0 364.0 317.0 279.0 206.0 169.0 97.0 46.0 0 31.0 90.0 105.0 123.0 250.0 295.0 242.0 274.0 332.0 385.0 489.0 450.0 496.0 455.0 450.0 442.0 245.0 
359.0 367.0 409.0 307.0 330.0 322.0 374.0 354.0 286.0 262.0 196.0 138.0 70.0 77.0 31.0 0 59.0 74.0 94.0 221.0 269.0 211.0 243.0 301.0 355.0 461.0 422.0 468.0 430.0 423.0 415.0 226.0 
312.0 316.0 384.0 303.0 322.0 302.0 336.0 324.0 260.0 218.0 185.0 165.0 29.0 80.0 90.0 59.0 0 18.0 55.0 181.0 211.0 185.0 217.0 260.0 317.0 407.0 379.0 413.0 371.0 366.0 357.0 175.0 
308.0 310.0 367.0 321.0 316.0 296.0 325.0 306.0 242.0 200.0 200.0 183.0 11.0 62.0 105.0 74.0 18.0 0 37.0 173.0 229.0 167.0 199.0 242.0 299.0 389.0 367.0 405.0 358.0 356.0 341.0 193.0 
305.0 292.0 370.0 285.0 289.0 283.0 329.0 308.0 279.0 212.0 163.0 198.0 26.0 77.0 123.0 94.0 55.0 37.0 0 136.0 194.0 130.0 162.0 219.0 262.0 367.0 330.0 384.0 339.0 332.0 327.0 168.0 
217.0 188.0 287.0 217.0 238.0 218.0 252.0 241.0 210.0 186.0 123.0 270.0 162.0 204.0 250.0 221.0 181.0 173.0 136.0 0 89.0 151.0 183.0 225.0 240.0 272.0 260.0 262.0 212.0 206.0 203.0 91.0 
264.0 239.0 338.0 293.0 285.0 265.0 292.0 270.0 252.0 233.0 199.0 359.0 220.0 262.0 295.0 269.0 211.0 229.0 194.0 89.0 0 124.0 156.0 143.0 188.0 200.0 257.0 212.0 170.0 178.0 148.0 180.0 
356.0 339.0 432.0 359.0 363.0 356.0 379.0 365.0 318.0 237.0 247.0 328.0 156.0 197.0 242.0 211.0 185.0 167.0 130.0 151.0 124.0 0 32.0 103.0 158.0 275.0 215.0 298.0 285.0 286.0 256.0 242.0 
385.0 371.0 464.0 390.0 395.0 385.0 408.0 395.0 350.0 266.0 279.0 354.0 188.0 229.0 274.0 243.0 217.0 199.0 162.0 183.0 156.0 32.0 0 71.0 161.0 264.0 206.0 302.0 297.0 293.0 263.0 274.0 
397.0 382.0 478.0 436.0 424.0 404.0 433.0 411.0 375.0 337.0 317.0 413.0 245.0 296.0 332.0 301.0 260.0 242.0 219.0 225.0 143.0 103.0 71.0 0 90.0 207.0 137.0 258.0 261.0 248.0 235.0 316.0 
360.0 345.0 443.0 407.0 396.0 382.0 385.0 381.0 357.0 263.0 318.0 446.0 288.0 339.0 385.0 355.0 317.0 299.0 262.0 240.0 188.0 158.0 161.0 90.0 0 117.0 184.0 173.0 180.0 182.0 152.0 283.0 
394.0 371.0 463.0 447.0 440.0 422.0 414.0 415.0 408.0 315.0 389.0 541.0 392.0 443.0 489.0 461.0 407.0 389.0 367.0 272.0 200.0 275.0 264.0 207.0 117.0 0 79.0 83.0 143.0 128.0 122.0 346.0 
411.0 397.0 494.0 466.0 455.0 435.0 436.0 432.0 422.0 328.0 383.0 517.0 356.0 404.0 450.0 422.0 379.0 367.0 330.0 260.0 257.0 215.0 206.0 137.0 184.0 79.0 0 152.0 195.0 195.0 165.0 346.0 
330.0 318.0 401.0 402.0 387.0 369.0 348.0 351.0 360.0 297.0 363.0 528.0 400.0 450.0 496.0 468.0 413.0 405.0 384.0 262.0 212.0 298.0 302.0 258.0 173.0 83.0 152.0 0 71.0 86.0 64.0 316.0 
265.0 248.0 331.0 332.0 318.0 298.0 289.0 285.0 303.0 232.0 304.0 481.0 365.0 412.0 455.0 430.0 371.0 358.0 339.0 212.0 170.0 285.0 297.0 261.0 180.0 143.0 195.0 71.0 0 15.0 45.0 257.0 
267.0 255.0 339.0 336.0 324.0 305.0 294.0 287.0 297.0 217.0 303.0 471.0 358.0 407.0 450.0 423.0 366.0 356.0 332.0 206.0 178.0 286.0 293.0 248.0 182.0 128.0 195.0 86.0 15.0 0 30.0 270.0 
288.0 273.0 361.0 351.0 339.0 320.0 311.0 308.0 310.0 247.0 310.0 471.0 352.0 400.0 442.0 415.0 357.0 341.0 327.0 203.0 148.0 256.0 263.0 235.0 152.0 122.0 165.0 64.0 45.0 30.0 0 262.0 
137.0 141.0 210.0 128.0 147.0 127.0 161.0 161.0 119.0 138.0 48.0 224.0 194.0 211.0 245.0 226.0 175.0 193.0 168.0 91.0 180.0 242.0 274.0 316.0 283.0 346.0 346.0 316.0 257.0 270.0 262.0 0 
