31
qkrT0EYt8AHuefFD25g1 MiPSEwVMn3bbGh4tbRTf 8Le4AI986fwHZXPoOMK1 R6ZzYYWqarkWldqbKDab zs7X4IJgeJEM8iqAbvF3 RpMJGAvULIBCQ0RI369s d6xeP6xeDJ3O2jY8D4pB rMd1TXBMCuFfO59jF1Tq ohy3S5QXymEhh63dMBQE InZnvPu8h9zAoLCNj2in NAqhSs9OpS9XtIaJtTCD 6koX1rNvAwrB84m39eQv tUVqKo1E6AibIE6zShkv 8mLI4Cl8exxeLw5eLCvi jTdja1e2hUhydiExPlJM 6PPTzNGrNxrgfdvm8cwZ 17OoKHzumyPaqfjSSc7S 4ilNvg3IkxoJuvkwqYsS 7PoxePhwnlLvMilKVpER oFNlFPub6zLirsQwo0fu fp9JaV5iTp8QxXwwkR68 XWHR07Y6kfSBbEuD62PN rkMvLqMMN5Aq3onq5XeZ DybFcuyeWxt51LawzVvs eKaPpzrMwOPxNzeoOSFH qM7lEl3z2COceXw7x0EC n2Cqtp5v2DuwGX7LhuzE JEGgKJfdY8owvwdYhKMk R7crXexksQ4TN5zY2ck3 WwLzOfqcc3FIzub2jh8R vBhpoFdJZxyttIlfaf7D
0 1036757816.07105 2235482206.523 1572549569.10563 1563674980.73667 1998028936.60434 1093103861.44239 1951925771.00853 1151313187.0104 1083981999.22484 1569807378.74533 1802353310.6651 1947016925.22835 1653373588.80868 1152917280.93142 1571813813.81205 1977689143.13704 1223888686.14573 1857915349.72601 1522112614.97789 1145735149.99546 1008276576.14502 1225692929.97394 1933058311.15924 1641821050.97874 1466653453.81084 2076042416.25753 1246428607.34 1884591464.0315 1298100470.20433 1015340146.82861 
1036757816.07105 0 1858065037.94162 1495634131.35558 1140600586.58743 1528322117.64076 1873357387.2124 1162743811.8586 2152915653.4421 1990387455.0784 1973328738.81371 1459130910.70194 2098229936.77198 1951305318.74193 1804137638.635 1101446520.5551 1707106428.17933 1027056921.87278 1308444075.54502 1143360795.30254 1264258674.68913 1541903591.74478 2114194986.4963799 1358021812.49013 1218804197.54955 1474670112.18108 1976300785.73641 1192462620.5717 1855340278.41765 1693485190.76176 1664474201.24471 
2235482206.523 1858065037.94162 0 1564944150.15132 1668894773.75383 1059381276.73701 1973568199.75235 1911400490.74201 2275922372.58325 1796782544.06141 1622537602.32401 1778646891.47515 1643153492.04734 2241819920.28899 1444895838.4605 1317276990.47342 1182073083.14306 1437269837.55214 1568383969.00879 1165868603.43501 1761264639.10648 1760911080.354 1836621239.52821 1580668413.78528 1520984548.78353 1128692608.00804 2103483320.7637699 1141341582.25191 1455770087.65143 1611548792.47291 1374769769.1028 
1572549569.10563 1495634131.35558 1564944150.15132 0 2197868414.22776 1984968369.65347 1464370729.89162 2152397982.53062 1758174869.65993 1142984442.02706 1584998648.41106 1965937874.20683 1196909915.25719 1442865049.30553 1624535947.39492 1862872803.91986 1503086723.66727 2081526996.6767402 1071318263.21385 1751809303.47899 1942054497.97877 1972279846.83814 1108220657.01056 1819170295.64037 1099978615.10634 1426807268.79428 1427535472.93421 1524610275.53033 1258316995.73339 1899040520.00625 1032853116.64785 
1563674980.73667 1140600586.58743 1668894773.75383 2197868414.22776 0 1010128910.37159 1762561929.07863 1051204654.55598 1830167107.05781 1214120179.32395 1258053358.57823 1594406892.97832 1385724810.79339 1897708859.70003 1835348126.00068 1642566460.81351 1114653102.36271 1983262833.90273 1313009144.81719 1196773044.63124 1509561595.41394 1492217209.43491 1331378770.94297 1908911668.9437 1097889799.12142 1195636495.03694 1839131244.38698 1292862340.99177 2256535713.89102 1651526252.07492 1709246940.90619 
1998028936.60434 1528322117.64076 1059381276.73701 1984968369.65347 1010128910.37159 0 1094566942.97627 1369403038.52236 1757897606.41145 1251837214.59615 1718332044.69726 1830346027.36824 1642740845.77515 1182438643.55198 1987014195.4769 1235019319.98609 1364299074.418 1128861041.88018 1999738177.89014 1148902811.04393 2116413030.61202 1535970627.30021 1823794807.53396 1222618752.56487 1436171012.02586 1401569231.01719 1614166685.01478 1067731086.72248 1535797435.33982 1394306162.46774 1091275394.26429 
1093103861.44239 1873357387.2124 1973568199.75235 1464370729.89162 1762561929.07863 1094566942.97627 0 1006280935.4185 1141160951.88029 1718692117.71306 1294390904.69381 2050939163.7877998 1824582497.49612 1330323999.23439 1646922267.03478 2162313752.7763996 1982975460.12125 1212131183.27038 1828426400.80237 1914487916.17368 1954234699.03389 1745292445.1596 1032061590.79322 1897415386.43193 1629757886.32279 2082903599.10627 1348780218.35107 1555254726.92445 1484612069.11746 1054109785.42957 1839436407.57413 
1951925771.00853 1162743811.8586 1911400490.74201 2152397982.53062 1051204654.55598 1369403038.52236 1006280935.4185 0 1876073086.57274 1758114003.79392 1462997101.94141 2172546221.16819 1348217314.57811 1203094926.72095 1464924781.53775 1634735063.50237 1738042572.66293 1751975300.79551 1761321649.26317 1307410766.27394 2054108000.23188 1109549544.97948 1545235531.99865 1203852790.82282 1804010487.3566 2167831832.25109 1474244198.08365 1204083499.08496 1991762960.79321 1675919712.71089 2135377077.5476198 
1151313187.0104 2152915653.4421 2275922372.58325 1758174869.65993 1830167107.05781 1757897606.41145 1141160951.88029 1876073086.57274 0 1839921218.66609 1635720169.80901 1354700880.91849 2250687009.25318 1061205124.66981 1566422293.96087 1851418139.68877 1262663515.06756 1828351277.84118 1947172869.52348 1146303126.39307 1216096700.55758 1991493736.35638 1067178175.77896 1338810893.31137 1073280079.05456 1278967246.58473 1159856764.38101 1572571642.05176 1039492302.04686 1429692705.17288 1991460137.01545 
1083981999.22484 1990387455.0784 1796782544.06141 1142984442.02706 1214120179.32395 1251837214.59615 1718692117.71306 1758114003.79392 1839921218.66609 0 1003116249.09048 1614282821.07498 1125330783.86767 2165823799.65246 1666565236.17592 1056913919.89194 1871747819.99112 1848174674.12664 2147408666.1384199 2091899039.16309 1375522160.84318 1879031971.20937 1689371340.51354 2197739905.78505 1834832611.10197 1351990538.29857 1708825386.64262 1907456228.50666 1091491982.16544 1752940213.66251 1684570821.19629 
1569807378.74533 1973328738.81371 1622537602.32401 1584998648.41106 1258053358.57823 1718332044.69726 1294390904.69381 1462997101.94141 1635720169.80901 1003116249.09048 0 1101223683.48596 1561711290.57278 2197618292.67765 1462351201.86958 1410667140.26211 1738388334.77237 1110991050.39608 1570450507.25637 1844478976.56324 1962873631.61706 2138118107.7891502 1351485201.00907 1569930089.94522 1622224696.67517 1538529396.50526 1026175194.27719 1879006496.16135 2019947279.15679 1627054248.22076 1374327322.64002 
1802353310.6651 1459130910.70194 1778646891.47515 1965937874.20683 1594406892.97832 1830346027.36824 2050939163.7877998 2172546221.16819 1354700880.91849 1614282821.07498 1101223683.48596 0 1003956480.1041 1954978998.37479 1451999701.09954 1067601648.4552 1824337061.02504 1666423080.39196 1668419016.84693 1755614418.6722 1145117446.32495 1821428596.67126 1743353563.24436 1597878462.01647 1758664437.61139 1882978943.56326 1849905770.24486 1675475631.40567 1834797743.77658 1994728155.09466 1913432084.36967 
1947016925.22835 2098229936.77198 1643153492.04734 1196909915.25719 1385724810.79339 1642740845.77515 1824582497.49612 1348217314.57811 2250687009.25318 1125330783.86767 1561711290.57278 1003956480.1041 0 1718068930.89012 1735170852.80884 1824444767.92886 2196643449.76411 1080628576.89008 1803194161.61886 1634390312.41223 1110667177.0343 1101226471.27574 1452232821.44896 1148569743.60433 1177406930.19862 1473466719.81683 1418852819.11744 1247488326.89917 1667364301.46564 1499870730.74952 1978570042.51486 
1653373588.80868 1951305318.74193 2241819920.28899 1442865049.30553 1897708859.70003 1182438643.55198 1330323999.23439 1203094926.72095 1061205124.66981 2165823799.65246 2197618292.67765 1954978998.37479 1718068930.89012 0 1001338034.32888 1823539855.39635 2191448994.78109 1097331399.12102 1510926713.18336 1378207309.30819 1388298573.79882 2223620092.41015 1654721952.37433 1973244787.45265 1287851859.83768 1868766722.23624 1904023785.42815 1225862429.61444 1320281817.90747 1504397665.23824 1835859853.48498 
1152917280.93142 1804137638.635 1444895838.4605 1624535947.39492 1835348126.00068 1987014195.4769 1646922267.03478 1464924781.53775 1566422293.96087 1666565236.17592 1462351201.86958 1451999701.09954 1735170852.80884 1001338034.32888 0 1020401650.99846 2040312124.57543 1742804103.54982 1874216253.47902 1395356757.52776 1006930760.55662 1560112847.94831 1852273666.82158 1198766155.85977 1531090561.89378 1357321370.63732 2140306779.49414 1351436747.66941 1689104532.08666 1794239738.9072 1707609066.24699 
1571813813.81205 1101446520.5551 1317276990.47342 1862872803.91986 1642566460.81351 1235019319.98609 2162313752.7763996 1634735063.50237 1851418139.68877 1056913919.89194 1410667140.26211 1067601648.4552 1824444767.92886 1823539855.39635 1020401650.99846 0 1019910473.57697 1669020353.38797 1824664358.28233 2061732141.71275 1120947958.79251 1584531682.94589 1223608460.65275 1140825985.89311 1411154985.84613 1590783075.50228 1290441083.9395 1975606341.55989 1069122719.96629 1108203967.34683 1049301330.66717 
1977689143.13704 1707106428.17933 1182073083.14306 1503086723.66727 1114653102.36271 1364299074.418 1982975460.12125 1738042572.66293 1262663515.06756 1871747819.99112 1738388334.77237 1824337061.02504 2196643449.76411 2191448994.78109 2040312124.57543 1019910473.57697 0 1186672965.71431 1560897470.3054 1250467924.15134 1860920827.81761 1490121637.81493 1336056606.09008 1605764933.55272 2112023600.62556 2310289597.39965 1794702207.15426 1450942325.59761 1942434399.13184 1800699612.8439 1992836586.1677 
1223888686.14573 1027056921.87278 1437269837.55214 2081526996.6767402 1983262833.90273 1128861041.88018 1212131183.27038 1751975300.79551 1828351277.84118 1848174674.12664 1110991050.39608 1666423080.39196 1080628576.89008 1097331399.12102 1742804103.54982 1669020353.38797 1186672965.71431 0 1010208733.46289 1814956510.36806 1232010640.44264 1532901561.0158 1801434138.28104 1816627657.46718 1555829593.19723 1633555757.58448 1309020194.66103 1862787493.82664 1801564439.62774 1401759998.04639 1279735405.4785 
1857915349.72601 1308444075.54502 1568383969.00879 1071318263.21385 1313009144.81719 1999738177.89014 1828426400.80237 1761321649.26317 1947172869.52348 2147408666.1384199 1570450507.25637 1668419016.84693 1803194161.61886 1510926713.18336 1874216253.47902 1824664358.28233 1560897470.3054 1010208733.46289 0 1737442602.76479 1310768042.632 1907994611.61446 1199370649.8356 1566332074.16108 1960369390.09104 1083570030.0103 2045940429.8050299 1394981773.74143 1477580456.03118 1180952644.3639 1166341283.56921 
1522112614.97789 1143360795.30254 1165868603.43501 1751809303.47899 1196773044.63124 1148902811.04393 1914487916.17368 1307410766.27394 1146303126.39307 2091899039.16309 1844478976.56324 1755614418.6722 1634390312.41223 1378207309.30819 1395356757.52776 2061732141.71275 1250467924.15134 1814956510.36806 1737442602.76479 0 1037402780.4815 1154937777.62393 1137031352.37242 1644581981.19886 1782349556.50069 1630206126.91052 1055645545.65397 1862891369.76359 1822497104.82239 1429535557.36332 1253723287.01066 
1145735149.99546 1264258674.68913 1761264639.10648 1942054497.97877 1509561595.41394 2116413030.61202 1954234699.03389 2054108000.23188 1216096700.55758 1375522160.84318 1962873631.61706 1145117446.32495 1110667177.0343 1388298573.79882 1006930760.55662 1120947958.79251 1860920827.81761 1232010640.44264 1310768042.632 1037402780.4815 0 1758589208.79218 1230199383.00505 1569985295.12685 1321623219.17424 1043856392.11992 1152678700.00595 1845166690.62157 1855809105.57226 1230454555.35824 1135146891.41506 
1008276576.14502 1541903591.74478 1760911080.354 1972279846.83814 1492217209.43491 1535970627.30021 1745292445.1596 1109549544.97948 1991493736.35638 1879031971.20937 2138118107.7891502 1821428596.67126 1101226471.27574 2223620092.41015 1560112847.94831 1584531682.94589 1490121637.81493 1532901561.0158 1907994611.61446 1154937777.62393 1758589208.79218 0 1055157994.81893 1961832560.1331 1574901949.1098 1728542397.9666 1721873562.60471 1075456927.32497 1224702086.17629 1966891723.63434 1818112264.93194 
1225692929.97394 2114194986.4963799 1836621239.52821 1108220657.01056 1331378770.94297 1823794807.53396 1032061590.79322 1545235531.99865 1067178175.77896 1689371340.51354 1351485201.00907 1743353563.24436 1452232821.44896 1654721952.37433 1852273666.82158 1223608460.65275 1336056606.09008 1801434138.28104 1199370649.8356 1137031352.37242 1230199383.00505 1055157994.81893 0 1238613725.15251 2140458254.83352 1574624341.79982 1853885370.4424 1162410835.44784 1343208669.83576 1552831275.08165 1646309145.82505 
1933058311.15924 1358021812.49013 1580668413.78528 1819170295.64037 1908911668.9437 1222618752.56487 1897415386.43193 1203852790.82282 1338810893.31137 2197739905.78505 1569930089.94522 1597878462.01647 1148569743.60433 1973244787.45265 1198766155.85977 1140825985.89311 1605764933.55272 1816627657.46718 1566332074.16108 1644581981.19886 1569985295.12685 1961832560.1331 1238613725.15251 0 1046114243.19046 1193981724.72502 1242712177.53183 1953734185.08838 1696144866.34088 2232591019.61322 1996261468.60007 
1641821050.97874 1218804197.54955 1520984548.78353 1099978615.10634 1097889799.12142 1436171012.02586 1629757886.32279 1804010487.3566 1073280079.05456 1834832611.10197 1622224696.67517 1758664437.61139 1177406930.19862 1287851859.83768 1531090561.89378 1411154985.84613 2112023600.62556 1555829593.19723 1960369390.09104 1782349556.50069 1321623219.17424 1574901949.1098 2140458254.83352 1046114243.19046 0 1722657565.40528 1608242317.48351 1134650234.45524 1742001186.23596 2154919890.09026 1087396648.65139 
1466653453.81084 1474670112.18108 1128692608.00804 1426807268.79428 1195636495.03694 1401569231.01719 2082903599.10627 2167831832.25109 1278967246.58473 1351990538.29857 1538529396.50526 1882978943.56326 1473466719.81683 1868766722.23624 1357321370.63732 1590783075.50228 2310289597.39965 1633555757.58448 1083570030.0103 1630206126.91052 1043856392.11992 1728542397.9666 1574624341.79982 1193981724.72502 1722657565.40528 0 1494030468.9209 2203517242.70515 1931028712.36631 2244044650.44859 1521055377.67563 
2076042416.25753 1976300785.73641 2103483320.7637699 1427535472.93421 1839131244.38698 1614166685.01478 1348780218.35107 1474244198.08365 1159856764.38101 1708825386.64262 1026175194.27719 1849905770.24486 1418852819.11744 1904023785.42815 2140306779.49414 1290441083.9395 1794702207.15426 1309020194.66103 2045940429.8050299 1055645545.65397 1152678700.00595 1721873562.60471 1853885370.4424 1242712177.53183 1608242317.48351 1494030468.9209 0 1048566902.97893 2068979371.28855 1386700175.4932 2019375011.4850702 
1246428607.34 1192462620.5717 1141341582.25191 1524610275.53033 1292862340.99177 1067731086.72248 1555254726.92445 1204083499.08496 1572571642.05176 1907456228.50666 1879006496.16135 1675475631.40567 1247488326.89917 1225862429.61444 1351436747.66941 1975606341.55989 1450942325.59761 1862787493.82664 1394981773.74143 1862891369.76359 1845166690.62157 1075456927.32497 1162410835.44784 1953734185.08838 1134650234.45524 2203517242.70515 1048566902.97893 0 1813391882.7815 1191212787.34833 1062977226.86243 
1884591464.0315 1855340278.41765 1455770087.65143 1258316995.73339 2256535713.89102 1535797435.33982 1484612069.11746 1991762960.79321 1039492302.04686 1091491982.16544 2019947279.15679 1834797743.77658 1667364301.46564 1320281817.90747 1689104532.08666 1069122719.96629 1942434399.13184 1801564439.62774 1477580456.03118 1822497104.82239 1855809105.57226 1224702086.17629 1343208669.83576 1696144866.34088 1742001186.23596 1931028712.36631 2068979371.28855 1813391882.7815 0 1023084908.5371 1869795931.83851 
1298100470.20433 1693485190.76176 1611548792.47291 1899040520.00625 1651526252.07492 1394306162.46774 1054109785.42957 1675919712.71089 1429692705.17288 1752940213.66251 1627054248.22076 1994728155.09466 1499870730.74952 1504397665.23824 1794239738.9072 1108203967.34683 1800699612.8439 1401759998.04639 1180952644.3639 1429535557.36332 1230454555.35824 1966891723.63434 1552831275.08165 2232591019.61322 2154919890.09026 2244044650.44859 1386700175.4932 1191212787.34833 1023084908.5371 0 1278770250.29701 
1015340146.82861 1664474201.24471 1374769769.1028 1032853116.64785 1709246940.90619 1091275394.26429 1839436407.57413 2135377077.5476198 1991460137.01545 1684570821.19629 1374327322.64002 1913432084.36967 1978570042.51486 1835859853.48498 1707609066.24699 1049301330.66717 1992836586.1677 1279735405.4785 1166341283.56921 1253723287.01066 1135146891.41506 1818112264.93194 1646309145.82505 1996261468.60007 1087396648.65139 1521055377.67563 2019375011.4850702 1062977226.86243 1869795931.83851 1278770250.29701 0 
