61
dOWv4G57nxm9UArCvQlq czjPVxJvSz9DoMc0Y7Vv RrBlUMzlEzdRa5S1pyiF zwf9ghy1nblZx3HkGhp8 eA2uctxdjBuXDZUrmUHy JWE9kJZ3fUSBbRtkVScl fsCdklolnC3ndvzFtyM3 56ePYTmTGzdOHfvnLEPd OGxA8YvD4WfIxOfmtWm4 jAzyDyaN1mD5Ei1RjCiO 3Yod5nNtIcKNmTtNQ3xH wtlCpdxHbUUmSY7DnD2u XfWllIgv9lA6ZwGuKvLt IwnN6xRahpjWnxZTYR2F ydEppVwK15UN0USyP00U 1crXui4lUlMG7IuTFiXo lrLgTYF7nIsDkEYlxuHz iRg3oRlKsAtLuOm5tUrC S0PhmGw8tyUPzxvRSE5R 2bMCdMiNzTpm8a2kNe9G R87rV3jFUvYuE0RN4Z4a mGfIqoDGGajPXw9RvY8S Crbc9OlCoJ9dTIJXXsjb BLgd9OLqnPIJY5LCIxDK b2icxuMf1zEyF7ImMEzE Y5ZKsuPbCDUQp5LjPNey 5ebtvAsyAh8vEmm1Z3wm pxBA1Tii62WPeRWcccVp TBEGhhvsdStRJh2Eqkyf Q4jkxyPtGKis0eXik3Gg NtZncVsU7O40k1BXousH aU4DeG46NC8vRU6N0ahg GfTqQpqjWivAFXbCN2BL acwLCbshqBQuYbTzAPRI km12BN3CByUGmRV2tX7b 4mdSIFCsq2HySOzm2H4M pMRS1IvCw1ndT7Ffg1bE flliQzyn5hSC8yLOMyYJ byF5FvS6RJUrgCsP3o6T UvtGaTsTes8Gs4gE8ya3 SQhK0n9L9aixdJxvdeKd e2usEAoRX2qu6mneHOxg VI6bhpg8nr2U3bjLEpMD Man5mweIdA0oHezvIoTH W1IcDWCQWwTCriXsjtm4 y3cL4LyhfEAlU1Jj1Xj6 a6uUA0TEdnZwD1b73O9r 7ArLVA3N0doHBQAlCDtl KCy3uvDFe4h3kwRgxFiX bBJ5TDHtVrSIxXmQJ63J p6bp9pYgtaGo4Q50DQAM TmdW4dU59umpgT9XX8G3 4CVQrsejmjPmVL7elf2w OyOgefgJfgx6VwEfudZn Xucw5TdPOzp0SQGWHjkE wNmo9den9k6ySqzO7o0M TkZ4LHIfwKap48xdp8m2 4mRiy2s23Ljl4N4CqEav cAkwFDH7tSQkP40ewGcD NvfSRypj4POoHWC3jDz3 Mf966TmCJF9l0PTKetVd
0 1243282079.83025 1491615557.96033 1530809193.25819 1450028590.01328 1482454092.2316 1536981653.43803 1449914750.2862 1884869281.91134 1803607589.25834 1709162916.94425 1805762021.2232 1577105944.08643 1333467359.04869 1565968407.5316 1196442335.95175 1239677732.10149 1142613692.74987 1379133726.38123 1571102947.22761 1724440589.12249 2069653164.26759 1373956106.15431 1492732013.58497 1052162202.45756 1390102870.53096 1041008705.61957 1471258227.70736 1194353802.21254 1525590717.54538 2211366744.71716 1268728843.56549 1663832715.52515 1141073980.12666 2073255787.25766 1789226280.30624 1794228142.20297 1565474287.53342 1229685923.14582 2064819777.49645 1149649522.49914 1356272710.82884 1992270799.05433 2156499930.24957 2097956785.86065 1768459053.53383 1876581721.38909 1349407210.39335 1208911470.80041 1321799999.90037 1857301577.74449 1828386459.59211 1690268620.91107 1175020163.19382 1913718523.75269 1139984084.23166 1287134930.21955 1677892404.03927 1599845646.7334 1830910252.53654 1008151006.40049 
1243282079.83025 0 1001877741.72589 1002791835.6877 1987936305.148 1730807773.69293 1511724421.27834 2134556610.8972 1960903999.10693 1196584067.00816 1318072044.85423 1192770573.89934 1874917851.44628 1694631874.4449 1158559647.95592 1843051436.60304 1429783539.84504 1949708943.39474 1724943622.81619 1422433862.3235 1661811307.97962 1429636196.13914 1312472116.96726 1519495125.94656 1966672073.34186 1185323960.22927 1332978689.12178 1087774350.09102 1409376236.74034 1393813489.97127 1672812647.24825 1600189695.31534 1331691876.52997 1247975719.57028 1533135490.0561 1237793797.39206 1908798963.67498 1047656783.77306 1756610884.82226 1599174974.90362 1434532856.14477 1974385515.65799 1664408748.68205 1648712785.53922 1507938961.24531 1873427551.01229 1604586228.16305 1331536250.37708 1794961448.30538 1481783272.35624 1429713173.2308 1405729918.62508 1841184260.08626 1101099878.42361 1521028673.41226 1078418463.53898 1330083102.99507 1749777000.889 1474278677.86208 2099785356.7473903 1300501017.51012 
1491615557.96033 1001877741.72589 0 1065964606.85217 1914122005.57109 1027160210.59844 1074909608.30265 1132678869.17131 1778689618.40346 1539066025.58182 2090789985.42716 1325400277.68679 1143332040.32674 2060711806.7901402 1124073595.57131 1470041969.8054 2152097552.916 1194798510.5559 1592375419.33773 1951237617.31 2025836577.01752 1838693303.5243 1075377670.10071 1707403512.6606 1286490417.28402 1970743364.55152 2039431670.9439602 1292891716.17136 1244845943.40634 1245975536.59016 1352772572.94037 1289048899.39094 1331395656.05157 2097040497.02267 1974635296.99962 1661027237.83626 1397360041.80529 1231785084.77067 1651802745.32084 1022418711.82637 1727998928.26338 1133047794.83811 1513396154.92025 1954287682.88627 1456110631.8569 2040965784.6596498 2106831012.27211 1141511536.67254 1683975009.17389 1118259278.03412 1606519088.14571 1498081097.36014 1473665854.62443 1312721779.4719 1794018379.67089 1820500203.432 1987079534.41939 1217005721.60678 1814400135.77378 1271586105.94551 1046443543.7674 
1530809193.25819 1002791835.6877 1065964606.85217 0 1006460209.51177 2023728235.7628899 2045146256.52955 1436225387.80224 1936047714.27868 1905954908.63087 1293600531.18677 1069019642.08405 1336257888.37553 1375010460.01004 1588259655.79584 1923730843.09752 1787097418.78278 1060519818.90216 1745109844.79205 1166846643.35776 1669728305.07846 2048462908.2356 1737325813.94455 2204501313.52488 2043388580.07979 1654556021.69225 1950862172.5527 1174924330.69686 1582550877.78663 1062289147.55096 1484658830.65834 1210707363.21979 1044383713.22989 1901949103.16671 1057612995.53029 1817498426.56228 1318758637.6327 1396368306.06469 1482488749.76166 1550716302.48875 1916355548.45483 2043079577.72716 1989828919.14325 1883982573.60481 1515094207.50383 1031653890.0973 1180603277.75473 1300347183.13547 2077449923.44277 1044910346.57094 1990818328.61218 1024207436.56961 1019068613.43773 1436840155.16276 1499353362.81135 1796830236.9465 1416164857.4506 1832658271.42324 1121012642.50388 1405252031.66482 1602307570.66607 
1450028590.01328 1987936305.148 1914122005.57109 1006460209.51177 0 1017268026.25112 1171850723.37516 1546375078.09044 1168390164.46696 1285182318.65918 2116379575.0925002 1219989576.3522 1900982179.27357 1441273583.07569 1778704619.1411 1018801846.77598 1629018701.32043 1493144816.3387 1682936736.26013 2050334939.41552 1926533411.91889 1976634913.22743 1767736154.64098 2103243451.8267398 1636287674.37748 1945212987.081 1889235431.96754 2102548621.78439 1465272763.36318 1528719114.91179 2128373584.08482 1848676915.65685 1201824410.78207 1709891291.78286 1100560333.80533 1510112308.65135 1166619988.87394 2090700412.574 2123949739.8291898 1338854505.84169 1561460274.03424 2217414959.59036 1264093009.3507 1783287409.49489 1044409365.55221 1658919990.92294 1348563124.85459 1069428413.52427 2082662109.70502 1591573356.07734 1037974422.12522 1019396334.49097 1388342777.01085 1404670561.81484 1356333328.57353 1682067319.52255 1641093839.25825 1577990315.07843 1098535138.2855 1715081362.83943 1438776277.18671 
1482454092.2316 1730807773.69293 1027160210.59844 2023728235.7628899 1017268026.25112 0 1851189947.65666 1774117486.47821 1310654225.57395 1345847340.29207 1637064529.79617 1976253989.99439 1867713211.22333 1620840664.26622 1077758001.24581 1573311866.07893 1948520325.41498 1641476828.05677 1287783385.94159 1201412031.5283 1982693916.86765 1101068719.49871 1063381701.02114 1960224825.16842 1736805924.75918 2106691798.3411298 1466033300.35974 1586813743.00066 1133192299.93985 1168024836.06993 1351638232.02462 1310377003.22021 1693230250.38883 1098222372.73004 1330900101.86149 1840043117.20231 1743311512.86608 1245710745.28962 2232059687.2554703 2049578922.42481 1976628760.94545 1202191976.61767 1191457236.62641 2162393390.85893 1593648590.03092 1929018219.36848 1313359248.48446 1506721309.95875 1319903378.58898 1649033084.80167 2055242448.37634 2036664360.74209 1718368428.83866 1945434847.00566 1768096195.66163 2177553392.94632 1378893110.84125 2205442596.98326 1268301297.36042 1246731445.16187 1275021877.66341 
1536981653.43803 1511724421.27834 1074909608.30265 2045146256.52955 1171850723.37516 1851189947.65666 0 1014871800.33162 1099619672.20634 1382265680.12516 1145850188.72755 1928103145.78813 1556759163.55187 1902723720.4574 1086080648.74063 1488167547.91783 1974439424.19714 1712334488.91215 1666882889.04285 1743273512.30903 1805020233.31228 1837636106.56709 1987674686.68749 1676304506.27687 1684502827.26183 1760780665.51785 1326771311.34534 1068155161.60492 1154697999.33568 1246014048.8324 1254799581.44378 1584603889.7116 1914305711.09541 1380954898.06524 1606375449.87301 1050792477.05928 1168481412.4443 1373247876.57556 1094148100.72743 1063236811.34355 1779652347.93518 1555874966.57069 1643706982.45468 1076470513.18541 1523885405.99097 1975763807.28668 1031921403.96946 1702225025.39424 1365336086.32691 1000235909.95861 1864289239.60423 1659473529.82659 1839179701.28075 1249900210.48465 1652555949.92006 1320135881.35736 1009522824.82961 1750811816.5605 1258923956.87163 1113346893.74369 1084403259.84604 
1449914750.2862 2134556610.8972 1132678869.17131 1436225387.80224 1546375078.09044 1774117486.47821 1014871800.33162 0 1200780204.613 2084548294.98759 1871619570.71924 1264261117.18293 1872489498.27415 1386998879.37938 1967627907.18676 1999034657.35319 1363557899.87311 1022979597.20956 1950738448.07212 1871453133.25423 1132990115.07919 1097548048.25156 1122947946.75467 1420230877.3384 1935712014.31104 1923021048.96362 1033537460.81775 2083026961.9365401 1483838640.01124 1730872835.93256 1060524682.96143 1440734738.90383 1578849306.36319 1937883512.5823 1046727140.40634 1755447636.19515 1942120073.3162 1605887452.63758 1061160507.19764 1065105556.50399 1987182751.45585 1802077886.08193 1275181134.45892 1479878695.41083 1119572423.6607 1609385582.35567 1990661099.99751 1450145048.40852 1271600871.32776 1370295540.78659 1941612956.4869 1317104944.52092 1044595368.78856 1887816575.94735 1055151053.36741 1352918254.12125 1169724825.9036 1906686322.75899 1593340910.66269 1161917621.75947 1918160619.853 
1884869281.91134 1960903999.10693 1778689618.40346 1936047714.27868 1168390164.46696 1310654225.57395 1099619672.20634 1200780204.613 0 1017786157.68516 2100189484.4819999 2062917471.90474 1558150955.23807 2058349001.46415 1776280214.87762 1341041936.22702 1131001489.98381 1143887846.71072 1639998763.18583 1242734484.89855 1779136134.22219 1846019097.37092 1263155460.1828 1024973202.66502 1409127002.20143 1114959282.10592 1755406727.69004 1121972853.13183 1198492025.9732 1372009418.02657 1409860351.90007 1827186583.56136 1670461749.10939 1939892419.19372 1139386356.99793 1861273828.33952 1155600203.87729 1226919994.2292 1695199876.40867 1739726589.46847 1998685078.40353 1076283451.42491 1605576722.04311 1731174488.75353 1226811844.25236 1851596837.48853 1702712504.49996 1062497228.82738 1404253900.72169 1797676205.48359 1305628080.35263 1766605069.09425 1701795530.9989 1427333792.94259 2089616578.5349798 1830964499.72108 1847367264.09005 1709535963.28822 1948774610.98675 2043195491.32658 1547389922.02976 
1803607589.25834 1196584067.00816 1539066025.58182 1905954908.63087 1285182318.65918 1345847340.29207 1382265680.12516 2084548294.98759 1017786157.68516 0 1875164744.61871 1045131314.21958 2150548472.9187 1085770112.02326 1301169096.20958 2126349554.3344498 1654011476.82468 1979910109.45736 1417946379.74435 1249012423.63661 1773692993.03243 1694868828.59045 1334735299.26893 1994877131.91315 1616994485.04946 1020468863.27167 1473691935.20518 1066301067.21733 1044193184.52352 1897790611.78044 1576621026.62757 1357527147.9702 1454352705.4807 1607626134.08112 1396893074.29825 1428369708.57879 1490714679.67705 1111723587.72249 1426102754.58687 1337667696.78579 1732806206.23938 1706767934.79259 1455290876.25926 1971588939.82533 1847896491.49693 1236060787.52127 1216049982.52289 2080283386.5125399 1805635262.96569 1507016162.11072 1891169660.44002 1584483810.55334 1039952926.19903 1447076902.3628 1359013008.90717 1326207981.71481 1409842694.77757 1088908845.70159 1753483534.03541 1798187855.76742 1905369051.20066 
1709162916.94425 1318072044.85423 2090789985.42716 1293600531.18677 2116379575.0925002 1637064529.79617 1145850188.72755 1871619570.71924 2100189484.4819999 1875164744.61871 0 1004669488.68427 1190098694.98808 1334770663.89523 1025478131.24566 1249547211.41603 1853736335.15095 1482326748.90549 1974846545.3698 2117670934.4989 1571338290.26003 1977068965.32639 2082505357.41264 1129240235.22383 1638273822.71026 1002141506.71185 1291540292.94067 1794034092.39231 1927429026.11618 1847300275.94596 1118637334.10005 1624992085.95484 1255049252.30102 1822583869.39116 1015819241.28717 1163314064.09837 1670156897.96438 1409396810.03375 1878003274.36847 1757637759.78898 1964749124.60304 1063369482.87021 1168069159.62667 1482436294.1256 1844888620.14899 1229443445.39664 1258063254.71781 1298029569.17862 1795571060.38688 1317299526.85206 1897293165.68394 1476675264.02459 2069734791.26015 1355624686.3717 1148394941.88635 1248908567.40159 1085520697.67112 1650130776.62633 1024644550.92107 1132370427.30238 1286285819.19837 
1805762021.2232 1192770573.89934 1325400277.68679 1069019642.08405 1219989576.3522 1976253989.99439 1928103145.78813 1264261117.18293 2062917471.90474 1045131314.21958 1004669488.68427 0 1988395656.10938 1533753820.15221 1754064916.33975 2126427882.8311698 2073425046.08479 1117708146.9201 1915136910.73392 1949780206.9633 1532547926.73654 1590025364.71875 1492730528.0421 2099910163.4046102 1053890103.30929 1897955799.16497 1876734433.72273 1291948777.46623 1066419955.45179 1684614279.1699 1810493186.81055 2160933555.28049 1234619663.30295 1375074545.26189 1281780852.22974 1160644756.95256 1839483216.42224 1605599284.66349 1451899997.51877 1598800086.6582 1831493396.27162 1432170997.96329 1722101625.49195 1856259304.94638 1965550864.67067 2031136912.53059 1651778357.57515 1886372968.8387 1358244509.02963 2069962687.04605 1757540653.04491 2093227078.65366 2068304589.73599 1469953606.13112 1951314823.84693 1631172399.13369 2018565445.5850801 1063209157.94846 1146340547.83833 1385442375.97302 1501788341.14136 
1577105944.08643 1874917851.44628 1143332040.32674 1336257888.37553 1900982179.27357 1867713211.22333 1556759163.55187 1872489498.27415 1558150955.23807 2150548472.9187 1190098694.98808 1988395656.10938 0 1064778360.89544 2080005040.39198 1353320262.88645 2062272783.7247 1216828315.54944 1032188051.87733 1204732791.76429 1070895222.95286 1666862548.88511 1156169408.44668 1267438001.58407 1761318237.67703 1229025796.75493 1427593270.91332 1561198393.26241 1231269121.48692 1315334219.74357 1519911378.02673 2131347929.42071 1056788576.57655 1415763460.30135 1192787112.2414 1441380247.03182 1469903774.96112 1770425517.75386 1640572389.51876 1255152382.96588 1694615080.15989 2062383388.75323 1144537095.38618 1946044640.14121 2125150138.26619 1296925313.62578 1435962889.81519 1251134413.87608 1625056139.71922 1101597570.6101 1159420131.10561 1931604442.16841 1193330477.38654 1452545390.21013 1836674438.53419 1807554618.44208 1189884176.64875 1870660730.7613 1447580994.17261 1164188139.17168 1151851239.73557 
1333467359.04869 1694631874.4449 2060711806.7901402 1375010460.01004 1441273583.07569 1620840664.26622 1902723720.4574 1386998879.37938 2058349001.46415 1085770112.02326 1334770663.89523 1533753820.15221 1064778360.89544 0 1015226679.49654 1408345967.90702 1257513009.2215 1921313707.69002 1453577146.6859 1815178831.14733 1521681278.89982 1051784933.83857 1044320009.35249 1056215266.96061 2124892539.1041398 1085797091.75113 1557916808.70321 2138843826.92476 2087596079.61685 1432317927.43305 1220330618.91355 2104547150.22774 1318171755.73945 1676389425.2999 1293283617.99545 1455404992.97017 1439206051.32897 1573978350.15572 1608743221.04244 1206802810.51263 1122425940.73827 1471206978.58473 1440916194.95252 1218551825.53154 1364027832.60507 1906611143.56879 1685006518.54312 1479510604.12274 1537036859.76959 1214421036.30106 1561481151.15529 1069478665.29446 1108200689.39271 1630772962.19887 1618440985.86902 1743247712.01452 1450437023.54095 1676472353.64429 1349199454.317 1566201199.44259 1145072523.21691 
1565968407.5316 1158559647.95592 1124073595.57131 1588259655.79584 1778704619.1411 1077758001.24581 1086080648.74063 1967627907.18676 1776280214.87762 1301169096.20958 1025478131.24566 1754064916.33975 2080005040.39198 1015226679.49654 0 1173002923.44073 1041419072.90016 1078698681.62336 1720100704.13006 1151574759.56302 1821379506.69888 1324841136.78983 1650038005.01667 1428162615.02733 1503012296.59952 1476020661.06342 1542310733.9495 1535423953.66878 1918413774.99872 2170248586.4710197 1844178629.71088 1283698532.63643 1297986852.31201 1986396073.11531 1200132814.9983 1362516891.09145 1588897838.05948 1308471127.74124 1479750672.63768 2146492307.39768 1590867889.96222 1374011447.67487 1195446809.2943 1937736084.8538 2249841092.33163 2173599241.45745 1667927430.57471 1366795390.3973 1766328911.56292 1815476657.16922 1426742236.34324 2084705344.791 1414920421.21298 1785441226.45141 1321552712.5164 1685649966.45895 1459159896.04921 1786968306.25224 1298619580.16136 1945097580.51262 1249532590.19549 
1196442335.95175 1843051436.60304 1470041969.8054 1923730843.09752 1018801846.77598 1573311866.07893 1488167547.91783 1999034657.35319 1341041936.22702 2126349554.3344498 1249547211.41603 2126427882.8311698 1353320262.88645 1408345967.90702 1173002923.44073 0 1338897238.91103 1408341158.09245 1770848438.35353 1607145727.66553 1816444302.89182 1399107891.0067 1761978575.96029 1776781875.0165 1327860410.95984 1750779985.85693 1942234513.44233 1307118827.00367 1465452114.14507 1478307726.18017 2136433064.95608 1565938763.2797 1884947082.5956 1366569664.41252 1242248140.39975 1081300556.11366 1942027618.91236 2100980501.39025 1762344241.94697 1876758766.10428 1422077130.32047 1594769846.61042 1161272657.75182 2168119552.13737 1416782027.40156 1009472452.2083 1888512303.59051 1322823029.86462 1158889088.99681 1953273121.54817 2056776268.9011998 1976779072.717 1572715403.1926 1190721817.60418 1652397923.29583 1807854507.42181 1769628299.79543 2063488932.5338402 1116477264.18141 1691949803.47153 1101430802.1269 
1239677732.10149 1429783539.84504 2152097552.916 1787097418.78278 1629018701.32043 1948520325.41498 1974439424.19714 1363557899.87311 1131001489.98381 1654011476.82468 1853736335.15095 2073425046.08479 2062272783.7247 1257513009.2215 1041419072.90016 1338897238.91103 0 1010909397.49251 1030084731.84737 1341648055.39771 2134601007.47402 2018239105.91335 1267646151.29062 1857474840.29159 1917101287.16229 2166543231.78219 1781135931.40566 1054708074.55925 1195318262.39022 1592242944.00658 1461805103.91836 1278504827.00204 1864742970.65519 1211859396.90853 1193193270.91428 1904810188.15013 1844376113.53769 1716634587.85752 1827487741.41238 1826380407.70429 1091044477.41499 1153716170.71287 1446300175.7445 1442883719.3709 1906183516.69643 1498687272.95672 1787182925.31484 1618172847.82643 1629412097.20197 2054463003.57787 1339662256.5908 1080917790.95569 2105949773.8169599 1222042119.72801 1598484367.44601 1672752245.44492 1302916041.29071 1310034955.02627 1502987767.24459 1327145186.77297 1713840636.94171 
1142613692.74987 1949708943.39474 1194798510.5559 1060519818.90216 1493144816.3387 1641476828.05677 1712334488.91215 1022979597.20956 1143887846.71072 1979910109.45736 1482326748.90549 1117708146.9201 1216828315.54944 1921313707.69002 1078698681.62336 1408341158.09245 1010909397.49251 0 1014186963.1959 1606099069.08791 1123691609.98151 1007329708.42084 1820473775.89665 1786062785.70986 1838283377.6134 1155633834.28968 1466916858.69428 1196425404.62889 2177349775.6648602 1691921654.08648 1068753051.96729 1293206258.02539 2037428981.27875 1115357406.07941 1338500507.52436 1609279449.74255 1695684175.01417 1167468605.5625 1451004112.51128 1907608579.20939 1380290325.64835 1150296248.84503 1371199423.7536 1194951373.55383 1557078404.87385 1859767149.26184 1352967544.33684 1821952820.72938 1119500177.83057 1738536472.50475 1420809240.02618 2084727255.47177 2034013316.43688 2009913869.55584 1162620788.69257 1725530492.93499 1056148857.28207 1930290472.88083 1703108814.42 1697533381.08254 1860402204.61616 
1379133726.38123 1724943622.81619 1592375419.33773 1745109844.79205 1682936736.26013 1287783385.94159 1666882889.04285 1950738448.07212 1639998763.18583 1417946379.74435 1974846545.3698 1915136910.73392 1032188051.87733 1453577146.6859 1720100704.13006 1770848438.35353 1030084731.84737 1014186963.1959 0 1031299984.5641 2026462570.9095001 1294943821.80332 1085510766.873 1814560469.86677 1913252778.70803 1904367073.14063 1830865262.10822 1698793061.68215 1973463695.43687 1287570530.50573 1813394372.20081 1139299737.1325 1338197922.58865 1530178332.83705 1069253673.38063 1330943259.26787 1646554393.71002 2181655568.7584 1977928603.64405 1514969706.05729 1540876738.64903 1344152624.10697 1549951117.41187 1590376300.21498 1517349388.61271 1803636564.82639 1631283443.21482 1514313959.29967 1296677509.97013 2088192056.7596102 1474257868.65578 1150180878.3477 1967163077.87666 1728726683.75083 1183892525.10183 1825151009.85359 1041916925.78962 1893685752.08909 1844509452.48542 1103200817.04151 1309599494.36319 
1571102947.22761 1422433862.3235 1951237617.31 1166846643.35776 2050334939.41552 1201412031.5283 1743273512.30903 1871453133.25423 1242734484.89855 1249012423.63661 2117670934.4989 1949780206.9633 1204732791.76429 1815178831.14733 1151574759.56302 1607145727.66553 1341648055.39771 1606099069.08791 1031299984.5641 0 1422960886.57489 1307975145.20614 1640013282.78052 1849333072.04399 1154464713.03689 1968197772.94985 1871834726.71943 1450612292.0385 1703130749.87819 1029413119.0133 2048976481.57554 2112101791.2379098 1198722080.60381 2111962744.51036 1823065306.10244 1119550410.31367 1361099437.30478 1861126397.03232 1335293643.16295 1307594072.51791 1457684434.27899 1495458501.47319 1771375488.82004 1514348521.04434 2049702290.4263601 2184234596.89297 1656405562.62882 1695003979.20422 1949423581.41999 1445565221.57306 1476735557.36112 1784961829.50658 1908377664.35598 1917458463.73709 1409931454.2707 1937534971.10149 1910447176.72924 1123644485.7694 1093026383.57783 1117147308.80149 1930344535.04989 
1724440589.12249 1661811307.97962 2025836577.01752 1669728305.07846 1926533411.91889 1982693916.86765 1805020233.31228 1132990115.07919 1779136134.22219 1773692993.03243 1571338290.26003 1532547926.73654 1070895222.95286 1521681278.89982 1821379506.69888 1816444302.89182 2134601007.47402 1123691609.98151 2026462570.9095001 1422960886.57489 0 1385124376.70756 1560929566.86254 1870268131.90969 1957956763.26173 1062791911.5626 1710450600.2284 1282660758.53284 1332499105.46938 1244758313.78716 1127403251.2401 1874692426.22191 1187133196.13928 1526935985.55961 1788833292.42426 1008379036.27411 1375634380.2238 1982861034.34567 1877810617.03709 1003417865.19115 1522205605.64771 1385930916.58056 1205432681.54547 1077957588.05645 2060792017.5471601 1679657884.57429 1523466015.70834 2077850984.62837 1717097372.95853 1133436077.85133 1750646071.66726 1855470198.48944 1537236468.98331 1999787192.9917 1180360268.24061 1091018130.6965 1925034182.81519 1761650139.48243 1925914509.45585 2096944382.70653 1022887915.43025 
2069653164.26759 1429636196.13914 1838693303.5243 2048462908.2356 1976634913.22743 1101068719.49871 1837636106.56709 1097548048.25156 1846019097.37092 1694868828.59045 1977068965.32639 1590025364.71875 1666862548.88511 1051784933.83857 1324841136.78983 1399107891.0067 2018239105.91335 1007329708.42084 1294943821.80332 1307975145.20614 1385124376.70756 0 1161984132.4853 1591925636.00225 1658071391.08807 2074067097.0369902 1072643861.88124 1984737464.51574 1200947547.17712 1312417840.49826 1700140918.30065 1904432259.89022 1562578265.72966 1708221478.47291 1161445521.65962 1608070063.24687 1867601301.2346 2075236524.32029 1874911811.91874 1679735328.94126 1509793556.3062 1554933895.65079 1137651905.82976 1593440339.62324 1858924632.95039 1813273865.26205 1897558597.13545 1189920123.10929 2126829886.25141 1779855396.6183 1278036355.35706 1528141209.61653 1921196233.45197 1002584161.135 1063499516.2983 1620611298.82566 1916127226.19825 1864638497.69285 1799363206.81246 2044964133.1542401 1061502157.8671 
1373956106.15431 1312472116.96726 1075377670.10071 1737325813.94455 1767736154.64098 1063381701.02114 1987674686.68749 1122947946.75467 1263155460.1828 1334735299.26893 2082505357.41264 1492730528.0421 1156169408.44668 1044320009.35249 1650038005.01667 1761978575.96029 1267646151.29062 1820473775.89665 1085510766.873 1640013282.78052 1560929566.86254 1161984132.4853 0 1960706333.11827 1322755390.03383 2066812691.05425 1065389455.8985 1310122137.82103 2071254987.75846 1545385470.89382 1728583678.61778 1268775788.53833 1933673529.05568 1838214633.94298 1289038257.55565 1861683167.96906 1849248833.27953 1896318718.2475 1728684870.01076 1805985811.62822 2161072287.82867 2208425464.93882 1215428537.58846 1848549021.11218 1829438159.275 1490655481.69363 1668670698.40058 1693019260.60128 1069415313.51465 1541367202.4311 1520393596.54523 2078116166.054 1868018289.19635 1694701039.41017 1033842063.50327 2022394625.98018 1091181775.59111 1848814273.44039 1318198228.71904 1131807638.49639 1413385907.62267 
1492732013.58497 1519495125.94656 1707403512.6606 2204501313.52488 2103243451.8267398 1960224825.16842 1676304506.27687 1420230877.3384 1024973202.66502 1994877131.91315 1129240235.22383 2099910163.4046102 1267438001.58407 1056215266.96061 1428162615.02733 1776781875.0165 1857474840.29159 1786062785.70986 1814560469.86677 1849333072.04399 1870268131.90969 1591925636.00225 1960706333.11827 0 1975673381.97993 1452778355.58082 2130943631.8284702 1470789394.68514 1497972975.66321 1167203116.78864 1894660128.11656 1932421964.63014 1160117600.29499 2145139693.26827 1442825662.77587 1989830412.60374 1841265225.60192 1506403517.03103 1395536507.52614 1531522584.52011 1722316409.21296 1489487862.11469 1468205891.47871 2218511595.70719 1434737366.14983 2118986777.25144 1144160892.75238 1829369541.15224 1353219708.54438 1523903507.36907 1183842511.43506 2106440183.44452 1190270889.71695 1410690016.12472 1162913798.87156 1861940329.00815 1579996493.9774 1369520323.31964 1642672828.42181 1578182408.78588 1473365758.3836 
1052162202.45756 1966672073.34186 1286490417.28402 2043388580.07979 1636287674.37748 1736805924.75918 1684502827.26183 1935712014.31104 1409127002.20143 1616994485.04946 1638273822.71026 1053890103.30929 1761318237.67703 2124892539.1041398 1503012296.59952 1327860410.95984 1917101287.16229 1838283377.6134 1913252778.70803 1154464713.03689 1957956763.26173 1658071391.08807 1322755390.03383 1975673381.97993 0 1627034806.42365 1487339480.439 2075561665.89977 1841056850.96671 1264997979.89206 1699835139.24537 1858893657.73433 1238912329.88105 1855583217.40418 1021093584.8001 1523893698.05809 1729121282.9339 1514754495.46969 1723524818.27948 1566852636.69835 1340676189.47156 1599282474.15751 1940368544.92395 1419090011.00901 1928759382.62024 1903840784.71864 1614280440.30187 1792561275.33659 1077178374.08391 1737275748.22681 1993001220.29644 1447186729.44802 1024319966.64206 1165086870.33517 1897461755.11283 2097987021.3141298 1050435300.68284 1565483336.44868 1869621822.34296 1320816430.3994 1041565029.48583 
1390102870.53096 1185323960.22927 1970743364.55152 1654556021.69225 1945212987.081 2106691798.3411298 1760780665.51785 1923021048.96362 1114959282.10592 1020468863.27167 1002141506.71185 1897955799.16497 1229025796.75493 1085797091.75113 1476020661.06342 1750779985.85693 2166543231.78219 1155633834.28968 1904367073.14063 1968197772.94985 1062791911.5626 2074067097.0369902 2066812691.05425 1452778355.58082 1627034806.42365 0 1001423235.15575 1800107215.36256 2064662047.7951899 1923898751.60763 1371000315.68338 1585217004.36647 1712482538.10769 2179398827.71254 1819288448.35835 1788004591.80443 1304846669.02087 1469975915.5228 1288038193.76556 2066209776.7537498 1180542301.38256 1524380535.31848 1372427522.44536 1527049082.90574 2055909476.15439 1630340585.40211 1710018378.37351 1384597768.14325 2164689773.58783 1883559558.07638 1563625062.43396 1182816999.07823 1420722210.59731 1961334501.67412 1954465956.76581 1932122667.7603 1642141488.5327 1794182168.90458 2026786057.63292 1796288993.79782 1382765664.18761 
1041008705.61957 1332978689.12178 2039431670.9439602 1950862172.5527 1889235431.96754 1466033300.35974 1326771311.34534 1033537460.81775 1755406727.69004 1473691935.20518 1291540292.94067 1876734433.72273 1427593270.91332 1557916808.70321 1542310733.9495 1942234513.44233 1781135931.40566 1466916858.69428 1830865262.10822 1871834726.71943 1710450600.2284 1072643861.88124 1065389455.8985 2130943631.8284702 1487339480.439 1001423235.15575 0 1095407448.86088 1142909226.22634 1923066536.45717 2094062143.77918 1820979838.748 2152646221.15522 1188789231.56171 1418928203.45939 1567904988.13794 1913394875.1364 1161620634.40619 1982235756.30047 1700818995.16394 2050982493.0980701 2018137814.53374 1452063677.56034 1222066429.41219 1320701360.09468 1346306280.77226 1301504411.66066 1421960193.21443 1483045343.12261 1637015838.66386 1858715295.67341 1378633088.66809 1588066320.67878 1152657157.12312 1522108367.14034 1884266668.54871 1937413600.28714 1443354745.52837 1499767526.12787 1322727570.15473 1606976783.49367 
1471258227.70736 1087774350.09102 1292891716.17136 1174924330.69686 2102548621.78439 1586813743.00066 1068155161.60492 2083026961.9365401 1121972853.13183 1066301067.21733 1794034092.39231 1291948777.46623 1561198393.26241 2138843826.92476 1535423953.66878 1307118827.00367 1054708074.55925 1196425404.62889 1698793061.68215 1450612292.0385 1282660758.53284 1984737464.51574 1310122137.82103 1470789394.68514 2075561665.89977 1800107215.36256 1095407448.86088 0 1964547668.67527 2146169060.99077 1149035987.34313 1020497127.64262 1057238772.29434 2089238579.36434 1760143502.68272 2118947638.6642 1371631283.4283 1404353788.05724 1385274737.52649 1406892283.77289 1870947095.49203 1743119341.55604 1662665595.30531 1737709555.13396 1058139256.23218 1206013345.30541 2100076565.57438 1815544011.47386 1422514472.04363 2068391071.56353 1132381433.66952 1470511242.44808 1051241699.25771 1635804431.23312 1242620278.7938 1853088949.36259 1693038568.24267 1749178308.13302 1765027178.86408 1012011006.65637 1261593689.32192 
1194353802.21254 1409376236.74034 1244845943.40634 1582550877.78663 1465272763.36318 1133192299.93985 1154697999.33568 1483838640.01124 1198492025.9732 1044193184.52352 1927429026.11618 1066419955.45179 1231269121.48692 2087596079.61685 1918413774.99872 1465452114.14507 1195318262.39022 2177349775.6648602 1973463695.43687 1703130749.87819 1332499105.46938 1200947547.17712 2071254987.75846 1497972975.66321 1841056850.96671 2064662047.7951899 1142909226.22634 1964547668.67527 0 1004519058.8461 1108596723.69757 1907087932.41238 2083431948.08249 1759382080.06791 1652253681.62297 1047398098.94944 1023808359.14505 1061700940.37162 2080456831.95647 1998725436.66689 1397732409.21888 1332736530.31286 1305269647.53396 1556870332.33729 1287188058.75808 1637193816.32672 1939510964.31245 1801252407.63426 1976049364.77633 1326928616.46994 2106301924.71916 1229381594.13262 1552007374.92912 1996300607.24476 1711699680.52835 1326848355.11656 1329026960.51771 1096807442.66608 1202698333.95006 1697539924.36991 1061566036.94215 
1525590717.54538 1393813489.97127 1245975536.59016 1062289147.55096 1528719114.91179 1168024836.06993 1246014048.8324 1730872835.93256 1372009418.02657 1897790611.78044 1847300275.94596 1684614279.1699 1315334219.74357 1432317927.43305 2170248586.4710197 1478307726.18017 1592242944.00658 1691921654.08648 1287570530.50573 1029413119.0133 1244758313.78716 1312417840.49826 1545385470.89382 1167203116.78864 1264997979.89206 1923898751.60763 1923066536.45717 2146169060.99077 1004519058.8461 0 1569949803.72236 1309587813.66428 1385298844.90544 1691289832.95897 2119902143.08125 1665040246.23704 1353453726.88467 1983136769.59016 2095695150.62753 1936229396.16086 1531027461.94559 1970029190.76436 2177058841.23764 1771435411.73366 2189926125.7123 1593640250.49129 1256911316.90315 1663623694.62171 1507470689.43485 1023475017.98925 1586320821.1753 1589362229.97077 1404286542.23593 2061515860.98741 1993874803.38801 2121284428.77047 1859612050.78828 1264044406.55433 1371004334.37826 1493254137.15317 1178407834.00201 
2211366744.71716 1672812647.24825 1352772572.94037 1484658830.65834 2128373584.08482 1351638232.02462 1254799581.44378 1060524682.96143 1409860351.90007 1576621026.62757 1118637334.10005 1810493186.81055 1519911378.02673 1220330618.91355 1844178629.71088 2136433064.95608 1461805103.91836 1068753051.96729 1813394372.20081 2048976481.57554 1127403251.2401 1700140918.30065 1728583678.61778 1894660128.11656 1699835139.24537 1371000315.68338 2094062143.77918 1149035987.34313 1108596723.69757 1569949803.72236 0 1013490124.24014 1748316518.62669 1694028632.73657 1791985772.70461 1241783545.68047 2132405082.8426201 2170297664.06919 1500025258.76844 1525905327.99856 1555142151.40611 1145801289.52304 1636227579.84106 1363801370.11487 1277747858.13364 1299391827.90523 1824595475.09767 1058945170.56055 1083486063.121 1946898133.30354 1986836251.96545 1709070837.33846 1433900637.00676 1526262015.71118 2079475154.77182 1162977148.02335 1493881690.91411 1886801522.52355 1851153999.87296 1616831158.45341 1278985025.19593 
1268728843.56549 1600189695.31534 1289048899.39094 1210707363.21979 1848676915.65685 1310377003.22021 1584603889.7116 1440734738.90383 1827186583.56136 1357527147.9702 1624992085.95484 2160933555.28049 2131347929.42071 2104547150.22774 1283698532.63643 1565938763.2797 1278504827.00204 1293206258.02539 1139299737.1325 2112101791.2379098 1874692426.22191 1904432259.89022 1268775788.53833 1932421964.63014 1858893657.73433 1585217004.36647 1820979838.748 1020497127.64262 1907087932.41238 1309587813.66428 1013490124.24014 0 1257770320.49742 1986986295.73874 1093985837.45616 1328775728.66374 1899594166.43017 1611299689.88661 1359297501.59626 1519043392.7801 1294606633.37769 1801029678.86684 1964064978.40667 1076446043.60573 1211533956.8548 1048677696.56287 2072157176.00402 1132986027.71932 1770670232.61433 1189585420.07765 1983506365.80613 1035068484.93328 1786247982.88656 1606218513.48967 1383593542.08986 1086416576.44343 1212691405.22111 1441804971.46695 1072384222.61672 1593029018.40007 1020903727.41775 
1663832715.52515 1331691876.52997 1331395656.05157 1044383713.22989 1201824410.78207 1693230250.38883 1914305711.09541 1578849306.36319 1670461749.10939 1454352705.4807 1255049252.30102 1234619663.30295 1056788576.57655 1318171755.73945 1297986852.31201 1884947082.5956 1864742970.65519 2037428981.27875 1338197922.58865 1198722080.60381 1187133196.13928 1562578265.72966 1933673529.05568 1160117600.29499 1238912329.88105 1712482538.10769 2152646221.15522 1057238772.29434 2083431948.08249 1385298844.90544 1748316518.62669 1257770320.49742 0 1031999807.07 2045199306.22262 1922624082.98495 1607334459.02326 1289288466.23249 1604026297.63219 1661579915.19084 1731460256.44958 1942534896.38847 1386296104.85926 1833480399.98571 1196504316.82331 1705537136.68724 1320166176.72255 1609461241.16625 1576230342.53716 1144170561.17374 1429794220.5907 1453866203.78305 1270799560.75528 1888421131.05199 1854950275.31396 1685326065.86882 1528784412.18731 1037419719.69718 1682631593.75196 1516352187.17526 2039888521.60034 
1141073980.12666 1247975719.57028 2097040497.02267 1901949103.16671 1709891291.78286 1098222372.73004 1380954898.06524 1937883512.5823 1939892419.19372 1607626134.08112 1822583869.39116 1375074545.26189 1415763460.30135 1676389425.2999 1986396073.11531 1366569664.41252 1211859396.90853 1115357406.07941 1530178332.83705 2111962744.51036 1526935985.55961 1708221478.47291 1838214633.94298 2145139693.26827 1855583217.40418 2179398827.71254 1188789231.56171 2089238579.36434 1759382080.06791 1691289832.95897 1694028632.73657 1986986295.73874 1031999807.07 0 1013199499.15262 1869736154.5675 1520032310.30443 1204679057.79115 1975387489.30659 1932891435.16588 1642336992.6193 1719009102.43259 1261420144.66462 1164682397.83832 1967895830.45767 1172233447.6856 1120504781.59628 1401506431.04843 1146177897.01334 1026400376.50415 2084340175.14425 1196120494.13084 1631571502.45208 1429770935.00827 1943386172.75495 1874128409.86846 2163342828.62145 2069419526.76718 1571246367.64459 1551183288.32046 1509710376.94973 
2073255787.25766 1533135490.0561 1974635296.99962 1057612995.53029 1100560333.80533 1330900101.86149 1606375449.87301 1046727140.40634 1139386356.99793 1396893074.29825 1015819241.28717 1281780852.22974 1192787112.2414 1293283617.99545 1200132814.9983 1242248140.39975 1193193270.91428 1338500507.52436 1069253673.38063 1823065306.10244 1788833292.42426 1161445521.65962 1289038257.55565 1442825662.77587 1021093584.8001 1819288448.35835 1418928203.45939 1760143502.68272 1652253681.62297 2119902143.08125 1791985772.70461 1093985837.45616 2045199306.22262 1013199499.15262 0 1003967554.46676 1427383132.61703 1149340102.22965 1285385231.07468 1444537559.05196 1513727925.16898 1595899043.11704 1427597955.85496 1911831905.22979 1474532388.77583 1555562244.31633 1068060053.93201 2072117788.34557 1757783333.85815 1342061928.97315 1747162513.31791 1329207456.97807 2045413551.4421601 1949980275.57285 2101878193.7737498 1116901621.09826 1893352643.84787 1558290661.77042 1932763717.01485 1946189682.59699 1922591314.17248 
1789226280.30624 1237793797.39206 1661027237.83626 1817498426.56228 1510112308.65135 1840043117.20231 1050792477.05928 1755447636.19515 1861273828.33952 1428369708.57879 1163314064.09837 1160644756.95256 1441380247.03182 1455404992.97017 1362516891.09145 1081300556.11366 1904810188.15013 1609279449.74255 1330943259.26787 1119550410.31367 1008379036.27411 1608070063.24687 1861683167.96906 1989830412.60374 1523893698.05809 1788004591.80443 1567904988.13794 2118947638.6642 1047398098.94944 1665040246.23704 1241783545.68047 1328775728.66374 1922624082.98495 1869736154.5675 1003967554.46676 0 1969815492.36663 1273852074.6725 1043630919.27483 1121402907.87422 1785621446.13678 1435930020.26811 2116521372.05615 1338229766.16806 1668725790.78585 1965642723.87515 1672816556.60596 2244472207.42025 1759125173.24675 1511649563.43506 1272908977.12612 1973234468.93832 1389290071.01503 1719692424.4577 1906028071.9718 2099397166.9706101 1426219236.27991 1819732984.08086 1730895745.56697 1533114494.47912 1124971338.59172 
1794228142.20297 1908798963.67498 1397360041.80529 1318758637.6327 1166619988.87394 1743311512.86608 1168481412.4443 1942120073.3162 1155600203.87729 1490714679.67705 1670156897.96438 1839483216.42224 1469903774.96112 1439206051.32897 1588897838.05948 1942027618.91236 1844376113.53769 1695684175.01417 1646554393.71002 1361099437.30478 1375634380.2238 1867601301.2346 1849248833.27953 1841265225.60192 1729121282.9339 1304846669.02087 1913394875.1364 1371631283.4283 1023808359.14505 1353453726.88467 2132405082.8426201 1899594166.43017 1607334459.02326 1520032310.30443 1427383132.61703 1969815492.36663 0 1568004715.00024 1863600158.7053 1901941286.62611 1330040168.55108 2067875818.78298 1365521558.58718 1001400547.96739 1637787989.52855 1342516479.27759 2063645075.2000399 1437390039.73415 1290455585.19523 2044367877.12628 1875886901.41808 1365516732.73758 1213512787.2805 1779949385.84873 1583549777.75364 1029630453.05415 2178004237.27391 1701223638.76821 2062862358.85891 1048741290.58134 1946976151.98259 
1565474287.53342 1047656783.77306 1231785084.77067 1396368306.06469 2090700412.574 1245710745.28962 1373247876.57556 1605887452.63758 1226919994.2292 1111723587.72249 1409396810.03375 1605599284.66349 1770425517.75386 1573978350.15572 1308471127.74124 2100980501.39025 1716634587.85752 1167468605.5625 2181655568.7584 1861126397.03232 1982861034.34567 2075236524.32029 1896318718.2475 1506403517.03103 1514754495.46969 1469975915.5228 1161620634.40619 1404353788.05724 1061700940.37162 1983136769.59016 2170297664.06919 1611299689.88661 1289288466.23249 1204679057.79115 1149340102.22965 1273852074.6725 1568004715.00024 0 1087921529.84142 1574214394.18671 1318420812.9033 1684920613.63713 1714468671.63821 1598456555.8003 1236075924.37444 2095915624.54275 1727499731.4116 1289940594.95271 1525121684.61854 1166635248.93346 1614172858.67103 1814520182.33946 1225832247.13108 1985597619.69901 2191644371.2996902 1683088348.35387 1199120644.78697 1717932769.79082 1092170009.89332 1471457598.085 1680683957.56763 
