16
IVZaGmLbfT5MQpxXO2DP 3iRTkaf7suaV2i91D7AI I7VRK3VugXxRlgxCe54Q cZGUbNgsLGnuZE3Ot20K m5Au4RgVgXhOUKbKSdGW lEZ0YMvUzTvQYxlTiMir LtVuPtXkki7L0rCf1ysG idUlMWK1ZaKWh4awCdHY vgcAaadTbDs3lU9Z1t49 wrf0xNKoLGLKfuhe6hpI 4ZMxz7AKccmgx6JK5gZn LTgssryHh3BZe1w1IMJd YRtAAkfi0YIaAv0XqGni hk9ECfFhibg7bmIlco5h 75EgdJC8MacBE2zKZlon 0EzLvznzqSsDTCbR5WWQ
0 1058550320.49088 1570767759.74159 1754498260.49574 2100174383.0050101 1817593659.69133 1939469829.17611 1942790278.29669 1429018895.87821 1592713382.68432 1556909550.73691 1652544080.56234 2349112106.22957 1536099121.95596 1356068307.10257 1319588758.72225 
1058550320.49088 0 1113739621.18684 1628289291.66559 1041624062.51413 1871051625.23203 1115734478.90756 1390631317.50922 1323195418.77805 1329669866.38156 1165985344.37476 1404717100.49795 1903275118.22528 1661321332.54924 1720112955.58719 1685797447.49802 
1570767759.74159 1113739621.18684 0 1572237564.86345 1344581694.94119 1737261872.25711 1182253110.87711 1950910870.16764 1752063089.63812 1186772580.39831 1893270276.76944 1566674755.36604 1769245916.02254 1791951714.30842 1844256805.80256 2098737328.15034 
1754498260.49574 1628289291.66559 1572237564.86345 0 1020122603.23896 1567403900.86156 1706424608.49693 2101593715.74482 1425208729.01241 1489185059.15163 1060396721.99303 1716538302.96369 1195380735.718 1469509583.98365 2088178453.99294 1242497951.9987 
2100174383.0050101 1041624062.51413 1344581694.94119 1020122603.23896 0 1716374531.99362 1756429002.788 1882726063.06609 1968034788.98509 1905735791.04958 1691284390.52222 1162945711.08282 1453000677.20847 1201186016.31701 1730126665.53653 2177066501.4850397 
1817593659.69133 1871051625.23203 1737261872.25711 1567403900.86156 1716374531.99362 0 1000848780.89761 1698278041.92885 1363067659.94452 1578499051.11374 1449717916.34187 1563666108.92064 2075528232.73033 1570484391.12892 1551202711.3718 1450069884.44965 
1939469829.17611 1115734478.90756 1182253110.87711 1706424608.49693 1756429002.788 1000848780.89761 0 1065454135.37322 1303351100.88135 1528522413.41343 1238695037.40458 1895250870.07327 1370886173.51579 1371059957.35636 2241269399.87326 1820774954.07709 
1942790278.29669 1390631317.50922 1950910870.16764 2101593715.74482 1882726063.06609 1698278041.92885 1065454135.37322 0 1160938477.01571 1793321413.30966 1639470668.39643 1180416050.50768 1404180116.36682 1688835475.04779 1970350021.61998 1784077544.40643 
1429018895.87821 1323195418.77805 1752063089.63812 1425208729.01241 1968034788.98509 1363067659.94452 1303351100.88135 1160938477.01571 0 1163159202.69835 1920537234.30797 1770984259.52745 1502323356.65946 1291948568.89136 2294838874.09274 1379241863.99871 
1592713382.68432 1329669866.38156 1186772580.39831 1489185059.15163 1905735791.04958 1578499051.11374 1528522413.41343 1793321413.30966 1163159202.69835 0 1167998330.42222 1641798352.63956 2285065140.0796003 1651332514.64462 1749124642.09973 1276249492.87041 
1556909550.73691 1165985344.37476 1893270276.76944 1060396721.99303 1691284390.52222 1449717916.34187 1238695037.40458 1639470668.39643 1920537234.30797 1167998330.42222 0 1313696955.89814 1975216442.53515 1984964633.87961 2250292063.6234 1419212480.86147 
1652544080.56234 1404717100.49795 1566674755.36604 1716538302.96369 1162945711.08282 1563666108.92064 1895250870.07327 1180416050.50768 1770984259.52745 1641798352.63956 1313696955.89814 0 1465718456.18188 1675662485.416 1286699475.52499 2117858594.473 
2349112106.22957 1903275118.22528 1769245916.02254 1195380735.718 1453000677.20847 2075528232.73033 1370886173.51579 1404180116.36682 1502323356.65946 2285065140.0796003 1975216442.53515 1465718456.18188 0 1916082404.00605 1309800493.24058 1369427327.92665 
1536099121.95596 1661321332.54924 1791951714.30842 1469509583.98365 1201186016.31701 1570484391.12892 1371059957.35636 1688835475.04779 1291948568.89136 1651332514.64462 1984964633.87961 1675662485.416 1916082404.00605 0 1002890305.20138 1979317261.21205 
1356068307.10257 1720112955.58719 1844256805.80256 2088178453.99294 1730126665.53653 1551202711.3718 2241269399.87326 1970350021.61998 2294838874.09274 1749124642.09973 2250292063.6234 1286699475.52499 1309800493.24058 1002890305.20138 0 1191980636.81586 
1319588758.72225 1685797447.49802 2098737328.15034 1242497951.9987 2177066501.4850397 1450069884.44965 1820774954.07709 1784077544.40643 1379241863.99871 1276249492.87041 1419212480.86147 2117858594.473 1369427327.92665 1979317261.21205 1191980636.81586 0 
