42
L74 L22 L92 L10 L14 L69 L81 L8 L48 L85 L83 L6 L73 L21 L20 L19 L79 L80 L68 L2 L50 L32 L24 L23 L12 L45 L7 L62 L84 L33 L54 L46 L60 L15 L43 L42 L31 L86 L41 L29 L28 L0
0 2.17695 4.18995 6.208030000000001 4.0412300000000005 4.30753 4.4202200000000005 6.648999999999999 4.76415 4.87209 5.80064 4.38863 2.30991 4.41962 4.86688 4.7532700000000006 6.47131 4.33958 4.85917 5.48701 4.633839999999999 6.91061 6.970000000000001 4.86446 4.553 6.25099 4.95692 4.88239 4.29141 5.2655 6.30189 5.59727 5.15805 4.53493 4.493320000000001 4.598 4.4166799999999995 2.33113 5.02899 4.869540000000001 4.8002199999999995 2.0671 
2.17695 0 2.013 4.31656 4.40507 2.54011 4.81953 4.472049999999999 4.89282 4.48915 5.02232 2.87795 4.48686 2.60848 4.92818 4.82863 7.011990000000001 4.9292 4.67157 4.94798 6.55168 6.83145 5.04941 2.68751 4.700620000000001 4.07404 5.40928 5.18793 4.89922 5.40904 6.804169999999999 6.1851400000000005 5.10583 4.96741 4.3659 4.89623 5.179819999999999 4.50808 5.2025500000000005 5.30325 4.88737 4.24405 
4.18995 2.013 0 2.30356 4.4703599999999994 4.55311 4.908519999999999 2.45905 4.86004 6.50215 4.88767 4.89095 6.49986 4.62148 5.139060000000001 6.80738 7.095130000000001 6.1406600000000005 4.11155 4.10913 4.53868 6.66302 5.00352 4.52639 4.90662 2.06104 4.874079999999999 4.727690000000001 4.52695 4.61093 5.28958 4.172140000000001 4.11825 4.969200000000001 5.00564 4.72428 6.9577 6.5210799999999995 4.69412 6.68782 6.6997100000000005 6.25705 
6.20803 4.31656 2.30356 0 2.1668 4.35595 6.4923 4.7626100000000005 5.1547 4.505520000000001 5.041 4.32122 4.4839400000000005 5.40604 4.9262 6.71993 4.79157 4.7584 4.30862 2.86379 2.23512 4.66019 2.69996 5.08241 4.30989 4.3646 5.49428 2.9147 2.22339 4.72034 6.5293399999999995 5.85558 4.598509999999999 4.94223 5.69759 5.33515 6.544549999999999 4.61232 2.39056 4.55397 4.48465 4.19497 
4.0412300000000005 4.40507 4.4703599999999994 2.1668 0 2.18915 4.46857 5.08594 4.609920000000001 5.23216 4.67136 6.24615 4.57568 4.834 5.4160699999999995 4.915570000000001 6.939299999999999 4.98936 4.73173 5.00328 4.4019200000000005 6.82699 4.866759999999999 7.0282599999999995 4.566269999999999 4.48892 5.29493 5.0815 4.3901900000000005 6.42809 6.99363 4.9861 2.43171 2.77543 4.29265 6.47689 5.10657 4.9107 4.557359999999999 6.720769999999999 5.184200000000001 4.42958 
4.30753 2.54011 4.55311 4.35595 2.18915 0 2.27942 4.72889 2.42077 4.66859 2.48221 4.679819999999999 6.57502 5.14859 5.46949 4.9266000000000005 4.75015 4.68337 2.73824 4.711679999999999 6.59107 5.2897099999999995 5.63683 4.98345 4.7786 4.83669 4.71125 5.05572 2.64717 5.06799 6.878830000000001 6.48213 2.77948 4.772349999999999 5.28783 4.3977699999999995 4.5900099999999995 5.68613 6.74651 6.739559999999999 4.9735499999999995 2.24043 
4.4202200000000005 4.81953 4.908519999999999 6.4923 4.46857 2.27942 0 2.44947 4.59069 4.7801100000000005 4.6846 4.967280000000001 4.80649 6.4527399999999995 4.133039999999999 4.4429099999999995 2.47073 2.77682 4.80593 4.98472 5.15346 4.97619 6.9838000000000005 7.2628699999999995 5.78221 2.93663 4.8645 5.27358 4.92659 4.60742 5.69272 4.20271 4.55307 2.49293 4.31986 4.755269999999999 4.87012 4.91068 4.94184 4.69608 4.05883 4.51985 
6.648999999999999 4.472049999999999 2.45905 4.7626100000000005 5.08594 4.72889 2.44947 0 2.40099 5.22453 7.1340699999999995 4.94636 7.025080000000001 5.214460000000001 2.89476 5.729150000000001 4.9201999999999995 5.22629 4.93919 4.6919 6.904630000000001 7.425659999999999 5.51708 4.8637 4.94046 4.52009 2.41503 4.925549999999999 5.036630000000001 4.94824 6.54087 6.63119 2.65423 4.714370000000001 4.696289999999999 6.880529999999999 7.17512 7.01502 5.430400000000001 7.14555 6.508299999999999 4.82554 
4.76415 4.89282 4.86004 5.1547 4.609920000000001 2.42077 4.59069 2.40099 0 2.82354 4.9029799999999994 4.68034 5.73658 6.7447 4.525460000000001 7.02394 5.67087 6.243060000000001 5.15901 2.29091 4.50364 6.92871 6.67344 6.888630000000001 5.09315 4.339 4.25957 6.83915 5.06794 6.97317 4.45806 4.801740000000001 5.05522 5.28027 4.6637900000000005 5.45823 4.970409999999999 5.3645 5.39654 5.0400100000000005 5.0447500000000005 4.511950000000001 
4.87209 4.48915 6.50215 4.505520000000001 5.23216 4.66859 4.7801100000000005 5.22453 2.82354 0 2.18638 4.14159 6.22031 6.757899999999999 4.96148 6.97251 5.190799999999999 4.3875399999999996 5.2415400000000005 5.11445 4.99079 6.5328 5.55185 5.386570000000001 6.71543 6.534330000000001 6.6729199999999995 5.165 2.28213 4.77908 6.589700000000001 5.21288 4.51687 2.45673 4.64929 5.25134 4.83488 2.54096 4.9039 6.7588799999999996 6.60009 6.81201 
5.80064 5.02232 4.88767 5.041 4.67136 2.48221 4.6846 7.1340699999999995 4.9029799999999994 2.18638 0 2.19761 4.230829999999999 6.340539999999999 4.60236 4.91223 4.33289 2.20116 4.23027 5.42155 5.36397 6.78174 6.729489999999999 5.66824 5.15687 6.94871 4.72894 5.700480000000001 2.81761 4.87839 6.96818 5.71687 5.26169 4.64311 6.779859999999999 5.22459 4.59196 4.72734 5.22267 7.04744 6.789269999999999 4.72264 
4.38863 2.87795 4.89095 4.32122 6.24615 4.679819999999999 4.967280000000001 4.94636 4.68034 4.14159 2.19761 0 2.07872 4.18843 4.88504 5.19491 6.24012 4.10839 4.90235 4.54921 6.5563400000000005 4.88828 4.531879999999999 5.05949 6.35638 6.597300000000001 2.53133 4.67305 5.01522 4.6538900000000005 4.78195 5.031000000000001 4.78578 6.419910000000001 5.1090800000000005 4.960839999999999 2.39435 4.38874 4.85499 4.90091 4.6748899999999995 4.743930000000001 
2.30991 4.48686 6.49986 4.4839400000000005 4.57568 6.57502 4.80649 7.02508 5.73658 6.22031 4.230829999999999 2.07872 0 2.10971 4.429410000000001 5.43675 4.1614 2.02967 4.0587800000000005 4.39084 5.33465 4.89101 4.9161 5.08117 4.4707799999999995 5.26098 4.61005 2.59433 4.63471 4.7069 6.86067 6.54632 6.4271400000000005 4.71587 4.73094 5.29881 4.47307 4.64104 6.576880000000001 5.11709 4.14443 4.33459 
4.41962 2.60848 4.62148 5.40604 4.834 5.14859 6.45274 5.214460000000001 6.7447 6.757899999999999 6.34054 4.18843 2.10971 0 2.3197 5.15409 5.3094 4.13938 5.36006 4.45379 4.07945 5.27375 5.1273 2.97146 4.28873 6.38067 4.5851299999999995 4.70404 5.29751 2.80056 5.3346 4.43661 4.50462 6.56476 4.94214 6.99273 6.5827800000000005 5.81707 4.85534 5.49983 4.4744 4.54579 
4.86688 4.92818 5.139060000000001 4.9262 5.4160699999999995 5.46949 4.133039999999999 2.89476 4.525460000000001 4.96148 4.60236 4.88504 4.429410000000001 2.3197 0 2.83439 5.00675 6.29626 4.26715 4.75855 4.36162 6.78669 6.90156 5.29116 6.307510000000001 5.04157 5.30979 7.02374 4.98275 5.12026 4.14372 6.756310000000001 2.98436 5.0445 5.88222 4.67303 4.7396 4.73026 2.53564 4.69905 4.93194 4.4581 
4.7532700000000006 4.82863 6.80738 6.719930000000001 4.915570000000001 4.9266000000000005 4.4429099999999995 5.729150000000001 7.02394 6.97251 4.91223 5.19491 5.43675 5.15409 2.83439 0 2.18336 4.31509 6.3442 5.41465 7.064299999999999 4.68882 6.814679999999999 5.66955 5.42734 6.933809999999999 7.32169 4.9587 6.9201299999999994 4.6922 6.978109999999999 7.13159 4.8766 6.935839999999999 7.16714 4.9829 5.01431 5.77177 4.65447 4.8979099999999995 4.73679 2.68617 
6.471310000000001 7.01199 7.09513 4.79157 6.939299999999999 4.75015 2.47073 4.9201999999999995 5.67087 5.190799999999999 4.33289 6.240120000000001 4.1614 5.3094 5.00675 2.18336 0 2.13173 4.16084 4.78193 4.88094 2.50546 4.63132 7.066179999999999 6.2012 5.407360000000001 7.335229999999999 6.75573 4.73677 2.50884 5.04288 5.627549999999999 6.73477 4.8179300000000005 6.710430000000001 5.415699999999999 4.99939 4.76051 2.47111 2.71455 4.4520599999999995 4.86953 
4.33958 4.9292 6.1406600000000005 4.7584 4.98936 4.68337 2.77682 5.22629 6.24306 4.3875399999999996 2.20116 4.10839 2.02967 4.13938 6.29626 4.31509 2.13173 0 2.02911 4.91798 5.32971 4.58058 5.31235 5.47439 4.069470000000001 5.42168 6.366630000000001 4.624 2.60504 2.67723 5.211270000000001 5.08799 4.74634 2.6862 4.5786999999999995 6.6862 4.9227 2.62878 4.6028400000000005 4.84628 4.58811 4.684889999999999 
4.85917 4.67157 4.11155 4.30862 4.73173 2.73824 4.80593 4.93919 5.15901 5.2415400000000005 4.23027 4.90235 4.0587800000000005 5.36006 4.26715 6.344200000000001 4.16084 2.02911 0 4.6021 4.97654 2.55147 4.6773299999999995 4.50235 2.04036 4.88594 7.322190000000001 5.343109999999999 4.57117 4.706340000000001 4.88948 5.40062 4.39984 4.41296 2.54959 4.733829999999999 5.045400000000001 4.57381 6.58781 6.7777899999999995 4.43867 4.235110000000001 
5.48701 4.94798 4.10913 2.86379 5.00328 4.711679999999999 4.98472 4.6919 2.29091 5.11445 5.42155 4.54921 4.39084 4.45379 4.75855 5.41465 4.78193 4.91798 4.6021 0 2.21273 4.6378 4.38253 5.2642299999999995 2.80224 2.04809 6.55048 4.714740000000001 5.08718 4.90843 6.50695 2.99179 4.1053 6.16544 5.0525 4.81149 6.943560000000001 5.06521 4.62256 4.75156 4.475009999999999 4.65615 
4.633839999999999 6.55168 4.53868 2.23512 4.4019200000000005 6.59107 5.15346 6.90463 4.50364 4.99079 5.36397 6.5563400000000005 5.33465 4.07945 4.36162 7.064299999999999 4.88094 5.32971 4.97654 2.21273 0 2.42507 4.550929999999999 6.90598 5.01497 4.260820000000001 4.54038 2.77976 4.45851 5.05444 4.29422 5.2045200000000005 4.4598700000000004 5.05497 5.4642 5.0563 4.8901 6.847440000000001 2.40983 4.57324 4.4296500000000005 5.5950500000000005 
6.91061 6.83145 6.66302 4.66019 6.82699 5.2897099999999995 4.97619 7.42566 6.928710000000001 6.5328 6.78174 4.88828 4.89101 5.27375 6.78669 4.68882 2.50546 4.58058 2.55147 4.6378 2.42507 0 2.12586 4.91519 4.59183 6.3304 6.965450000000001 5.204829999999999 4.994949999999999 2.62937 5.163410000000001 6.80738 6.88494 6.96443 5.10106 5.4176 2.49393 4.787850000000001 4.834899999999999 4.9203399999999995 6.85472 4.84351 
6.970000000000001 5.04941 5.00352 2.69996 4.866759999999999 5.63683 6.9838000000000005 5.51708 6.673439999999999 5.55185 6.729489999999999 4.531879999999999 4.9161 5.1273 6.90156 6.814679999999999 4.63132 5.31235 4.6773299999999995 4.38253 4.550929999999999 2.12586 0 2.78933 5.25132 4.20454 7.06321 5.61466 4.741110000000001 4.75523 7.28927 5.34892 6.261749999999999 5.5385 4.589700000000001 4.79416 4.61979 4.92474 4.61195 4.73423 4.81102 5.18141 
4.86446 2.68751 4.52639 5.08241 7.0282599999999995 4.98345 7.26287 4.8637 6.888630000000001 5.386570000000001 5.66824 5.05949 5.08117 2.97146 5.29116 5.66955 7.06618 5.47439 4.50235 5.2642299999999995 6.90598 4.91519 2.78933 0 2.46199 5.30757 7.16385 7.528600000000001 4.64573 4.55734 7.09138 6.616110000000001 5.34143 7.4015699999999995 7.05194 7.449050000000001 5.139530000000001 2.84561 5.1706 7.33401 6.883180000000001 5.008900000000001 
4.553 4.700620000000001 4.90662 4.30989 4.566269999999999 4.7786 5.78221 4.94046 5.09315 6.71543 5.15687 6.35638 4.4707799999999995 4.28873 6.307510000000001 5.42734 6.201200000000001 4.069470000000001 2.04036 2.80224 5.01497 4.59183 5.25132 2.46199 0 2.84558 7.35549 5.512230000000001 4.60022 6.61173 6.92984 4.15412 4.9027899999999995 6.453320000000001 4.58995 6.77419 6.58596 5.307600000000001 6.58908 5.35714 6.47903 4.2363800000000005 
6.25099 4.07404 2.06104 4.3646 4.48892 4.83669 2.93663 4.52009 4.339 6.534330000000001 6.94871 6.597300000000001 5.26098 6.38067 5.04157 6.933809999999999 5.407360000000001 5.42168 4.88594 2.04809 4.260820000000001 6.330399999999999 4.20454 5.30757 2.84558 0 5.246230000000001 2.66665 4.53657 6.67197 5.58206 2.1111 2.05721 4.11735 4.38516 6.5694 7.34872 6.8114799999999995 4.4074100000000005 6.57082 6.3314200000000005 5.48194 
4.95692 5.40928 4.874079999999999 5.49428 5.29493 4.71125 4.8645 2.41503 4.25957 6.6729199999999995 4.72894 2.53133 4.61005 4.5851299999999995 5.30979 7.32169 7.335229999999999 6.36663 7.32219 6.55048 4.54038 6.96545 7.06321 7.16385 7.3554900000000005 5.246230000000001 0 2.57958 5.4624500000000005 7.185220000000001 7.31328 7.357330000000001 4.96555 7.025690000000001 5.3731 7.1226400000000005 4.92568 6.92007 6.95021 7.43224 4.93533 4.63552 
4.88239 5.18793 4.727690000000001 2.9147 5.0815 5.05572 5.27358 4.925549999999999 6.83915 5.165 5.700480000000001 4.67305 2.59433 4.70404 7.02374 4.9587 6.75573 4.624 5.343109999999999 4.714740000000001 2.77976 5.204829999999999 5.61466 7.528600000000001 5.512230000000001 2.66665 2.57958 0 2.88287 5.3798200000000005 5.22636 4.77775 4.72386 4.986079999999999 2.79352 4.97776 5.1648700000000005 7.19517 5.18959 7.353 5.09609 2.81529 
4.29141 4.89922 4.52695 2.22339 4.3901900000000005 2.64717 4.92659 5.036630000000001 5.06794 2.28213 2.81761 5.01522 4.63471 5.29751 4.98275 6.92013 4.73677 2.60504 4.57117 5.08718 4.45851 4.994949999999999 4.741110000000001 4.64573 4.60022 4.53657 5.4624500000000005 2.88287 0 2.49695 5.03099 6.63096 5.42665 4.73886 4.92173 4.71387 5.6678999999999995 4.8230900000000005 4.61395 6.77736 6.70804 4.8876 
5.2655 5.40904 4.61093 4.72034 6.428090000000001 5.06799 4.60742 4.94824 6.97317 4.77908 4.87839 4.6538900000000005 4.7069 2.80056 5.12026 4.6922 2.50884 2.67723 4.706340000000001 4.90843 5.05444 2.62937 4.75523 4.55734 6.61173 6.67197 7.185220000000001 5.3798200000000005 2.49695 0 2.53404 5.04019 4.70887 5.36343 7.255930000000001 5.32006 5.1233 5.306010000000001 4.9799500000000005 5.22339 5.33692 6.49681 
6.301889999999999 6.804170000000001 5.28958 6.52934 6.99363 6.87883 5.69272 6.54087 4.45806 6.589700000000001 6.96818 4.78195 6.860670000000001 5.3346 4.14372 6.97811 5.04288 5.211270000000001 4.88948 6.50695 4.29422 5.163410000000001 7.28927 7.091379999999999 6.92984 5.58206 7.313280000000001 5.22636 5.03099 2.53404 0 4.27881 6.62951 5.703200000000001 5.61961 7.59587 4.6722 6.748189999999999 4.87805 7.04146 4.86454 6.96875 
5.59727 6.1851400000000005 4.172140000000001 5.85558 4.9861 6.48213 4.20271 6.63119 4.801740000000001 5.21288 5.71687 5.031000000000001 6.54632 4.43661 6.75631 7.131589999999999 5.627549999999999 5.08799 5.40062 2.99179 5.2045200000000005 6.80738 5.34892 6.61611 4.15412 2.1111 7.35733 4.77775 6.63096 5.04019 4.27881 0 4.16831 6.2284500000000005 6.49626 5.68809 5.55241 4.70038 5.1271 6.95518 4.22032 6.9534400000000005 
5.15805 5.10583 4.11825 4.598509999999999 2.43171 2.77948 4.55307 2.65423 5.05522 4.51687 5.26169 4.78578 6.4271400000000005 4.50462 2.98436 4.8766 6.734770000000001 4.74634 4.39984 4.1053 4.4598700000000004 6.88494 6.261749999999999 5.34143 4.9027899999999995 2.05721 4.96555 4.72386 5.42665 4.70887 6.62951 4.16831 0 2.06014 4.2527 6.43694 5.291510000000001 6.7731200000000005 4.70528 5.07026 4.85482 4.72008 
4.53493 4.96741 4.969200000000001 4.94223 2.77543 4.772349999999999 2.49293 4.714370000000001 5.28027 2.45673 4.64311 6.419910000000001 4.71587 6.564760000000001 5.0445 6.935839999999999 4.8179300000000005 2.6862 4.41296 6.16544 5.05497 6.96443 5.5385 7.4015699999999995 6.45332 4.11735 7.025690000000001 4.986079999999999 4.73886 5.36343 5.703200000000001 6.2284500000000005 2.06014 0 2.19256 4.376799999999999 5.66891 4.99769 2.64514 4.80855 6.55176 4.66727 
4.493320000000001 4.3659 5.00564 5.69759 4.29265 5.28783 4.31986 4.696289999999999 4.6637900000000005 4.64929 6.779859999999999 5.1090800000000005 4.73094 4.94214 5.88222 7.16714 6.71043 4.5786999999999995 2.54959 5.0525 5.4642 5.10106 4.589700000000001 7.05194 4.58995 4.38516 5.3731 2.79352 4.92173 7.255929999999999 5.61961 6.4962599999999995 4.2527 2.19256 0 2.18424 5.04222 6.44556 4.7925699999999996 4.76918 5.47349 4.99625 
4.598 4.89623 4.72428 5.33515 6.476889999999999 4.3977699999999995 4.755269999999999 6.88053 5.45823 5.25134 5.22459 4.960839999999999 5.29881 6.99273 4.67303 4.9829 5.415699999999999 6.6862 4.733829999999999 4.81149 5.0563 5.4176 4.79416 7.449050000000001 6.774189999999999 6.5694 7.1226400000000005 4.97776 4.71387 5.32006 7.59587 5.68809 6.43694 4.376799999999999 2.18424 0 2.92367 5.2175899999999995 2.94459 2.93973 5.23998 4.820320000000001 
4.4166799999999995 5.179819999999999 6.957699999999999 6.54455 5.10657 4.5900099999999995 4.87012 7.17512 4.970409999999999 4.83488 4.59196 2.39435 4.47307 6.58278 4.7396 5.01431 4.99939 4.9227 5.045400000000001 6.94356 4.8901 2.49393 4.61979 5.139530000000001 6.58596 7.34872 4.92568 5.1648700000000005 5.6678999999999995 5.1233 4.6722 5.55241 5.291510000000001 5.66891 5.04222 2.92367 0 2.29392 5.1266300000000005 5.41844 5.0827 2.34958 
2.33113 4.50808 6.5210799999999995 4.61232 4.9107 5.68613 4.91068 7.01502 5.3645 2.54096 4.72734 4.38874 4.64104 5.81707 4.73026 5.77177 4.76051 2.62878 4.57381 5.06521 6.847440000000001 4.787850000000001 4.92474 2.84561 5.307600000000001 6.8114799999999995 6.920070000000001 7.19517 4.8230900000000005 5.306010000000001 6.748189999999999 4.70038 6.7731200000000005 4.99769 6.44556 5.2175899999999995 2.29392 0 4.84664 7.01005 4.9282900000000005 4.39823 
5.02899 5.2025500000000005 4.69412 2.39056 4.557359999999999 6.746509999999999 4.94184 5.430400000000001 5.39654 4.9039 5.22267 4.85499 6.576879999999999 4.85534 2.53564 4.65447 2.47111 4.6028400000000005 6.58781 4.62256 2.40983 4.834899999999999 4.61195 5.1706 6.58908 4.4074100000000005 6.95021 5.18959 4.61395 4.9799500000000005 4.87805 5.1271 4.70528 2.64514 4.7925699999999996 2.94459 5.1266300000000005 4.84664 0 2.16341 4.89827 6.4741599999999995 
4.869540000000001 5.30325 6.68782 4.55397 6.72077 6.739559999999999 4.69608 7.14555 5.0400100000000005 6.7588799999999996 7.04744 4.90091 5.11709 5.49983 4.69905 4.8979099999999995 2.71455 4.84628 6.77779 4.75156 4.57324 4.9203399999999995 4.73423 7.33401 5.35714 6.570819999999999 7.43224 7.353 6.77736 5.22339 7.04146 6.95518 5.07026 4.80855 4.76918 2.93973 5.41844 7.01005 2.16341 0 2.73486 5.46798 
4.8002199999999995 4.88737 6.69971 4.48465 5.184200000000001 4.9735499999999995 4.05883 6.5083 5.0447500000000005 6.60009 6.78927 4.6748899999999995 4.14443 4.4744 4.93194 4.73679 4.4520599999999995 4.58811 4.43867 4.475009999999999 4.4296500000000005 6.85472 4.81102 6.883179999999999 6.47903 6.33142 4.93533 5.09609 6.7080400000000004 5.33692 4.86454 4.22032 4.85482 6.55176 5.47349 5.23998 5.0827 4.9282900000000005 4.89827 2.73486 0 2.73312 
2.0671 4.24405 6.25705 4.19497 4.42958 2.24043 4.51985 4.82554 4.511950000000001 6.812010000000001 4.72264 4.743930000000001 4.33459 4.54579 4.4581 2.68617 4.86953 4.684889999999999 4.235110000000001 4.65615 5.5950500000000005 4.84351 5.18141 5.008900000000001 4.2363800000000005 5.48194 4.63552 2.81529 4.8876 6.49681 6.96875 6.9534400000000005 4.72008 4.66727 4.99625 4.820320000000001 2.34958 4.39823 6.47416 5.46798 2.73312 0 
