13
L4 L7 L8 L46 L11 L43 L36 L19 L25 L10 L29 L28 L0
0 2.08461 4.18802 6.37261 4.7822 2.97948 5.468719999999999 2.75549 4.81423 4.42947 4.687849999999999 4.35133 2.00808 
2.08461 0 2.10341 4.288 4.9778199999999995 5.0280000000000005 4.45917 4.8401 4.58933 2.34486 4.87621 4.60558 2.26233 
4.18802 2.10341 0 2.18459 4.58789 6.81574 2.35576 5.068989999999999 4.4849 4.44827 5.5496099999999995 6.70899 4.36574 
6.37261 4.288 2.18459 0 2.4033 4.63115 4.54035 6.644019999999999 5.25544 5.38034 5.34121 6.77764 4.8806899999999995 
4.7822 4.9778199999999995 4.58789 2.4033 0 2.22785 4.30789 4.24072 4.82603 2.97704 2.93791 4.37434 5.003159999999999 
2.97948 5.0280000000000005 6.81574 4.63115 2.22785 0 4.7261 2.01287 2.59818 4.842650000000001 4.191660000000001 2.14649 2.85871 
5.468719999999999 4.45917 2.35576 4.54035 4.30789 4.7261 0 2.71323 2.12914 4.37361 5.52588 6.56138 4.93529 
2.75549 4.8401 5.068989999999999 6.644019999999999 4.24072 2.01287 2.71323 0 4.6110500000000005 6.85552 6.20453 4.1593599999999995 4.76357 
4.81423 4.58933 4.4849 5.25544 4.82603 2.59818 2.12914 4.6110500000000005 0 2.24447 4.89555 4.43224 2.80615 
4.42947 2.34486 4.44827 5.38034 2.97704 4.842650000000001 4.37361 6.85552 2.24447 0 2.65108 4.69625 4.60719 
4.687849999999999 4.87621 5.5496099999999995 5.34121 2.93791 4.191660000000001 5.52588 6.20453 4.89555 2.65108 0 2.04517 4.38842 
4.35133 4.60558 6.70899 6.77764 4.37434 2.14649 6.56138 4.1593599999999995 4.43224 4.69625 2.04517 0 2.34325 
2.00808 2.26233 4.36574 4.8806899999999995 5.003159999999999 2.85871 4.93529 4.76357 2.80615 4.60719 4.38842 2.34325 0 
