28
point64 point65 point70 point68 point81 point76 point56 point42 point47 point61 point58 point91 point84 point26 point27 point24 point12 point44 point35 point9 point7 point19 point8 point22 point14 point48 point50 point0
0 1.41421 9.06449 12.67004 10.89069 12.57649 22.220460000000003 15.69187 17.81543 19.724159999999998 25.109319999999997 21.66373 23.5398 26.183729999999997 27.183729999999997 28.69088 22.13594 14.27766 13.70016 18.163809999999998 19.26942 22.09147 18.219540000000002 17.0 23.08276 12.04159 13.4558 13.41641 
1.41421 0 7.6502799999999995 11.25583 11.224540000000001 11.162279999999999 20.80625 17.10608 16.40122 19.92486 25.310019999999998 22.36068 23.08679 27.59794 28.442809999999998 27.92112 23.550150000000002 15.69187 12.28595 18.36871 20.39608 21.0292 19.63375 18.35756 24.26527 13.4558 13.60147 14.830620000000001 
9.06449 7.6502799999999995 0 3.60555 13.99071 13.60147 22.84093 20.27882 19.84943 22.84732 28.23248 25.00322 25.745260000000002 31.11271 31.82843 31.148030000000002 27.30907 19.20664 15.464089999999999 21.54685 24.28006 24.59675 22.68154 21.9545 27.73085 16.97057 17.02939 19.87204 
12.67004 11.25583 3.60555 0 10.89069 10.57649 19.23538 18.38478 16.27882 19.724159999999998 24.79784 21.66373 22.2036 27.66629 28.28427 27.65863 27.89393 17.103900000000003 18.80286 20.124609999999997 21.23022 23.31371 20.18034 18.87846 24.76973 14.867830000000001 13.45362 17.103900000000003 
10.89069 11.224540000000001 13.99071 10.89069 0 6.76783 16.4118 14.567160000000001 14.24504 14.49033 19.87549 11.18034 12.64911 24.21267 24.498980000000003 25.591369999999998 24.2573 13.15295 18.42662 23.36648 23.08679 21.24504 22.72005 18.82843 24.05539 11.41421 10.0 13.28143 
12.57649 11.162279999999999 13.60147 10.57649 6.76783 0 9.89949 12.39959 16.00514 18.18693 14.76482 17.948169999999998 19.41694 21.07983 20.59126 22.827329999999996 21.62209 11.04988 20.105269999999997 21.69983 22.39959 18.13742 21.84095 15.13275 21.02498 13.22144 11.807229999999999 12.733439999999998 
22.22046 20.80625 22.84093 19.23538 16.4118 9.89949 0 8.94427 12.54982 19.76092 23.58209 21.93752 15.854759999999999 11.18034 12.18034 14.416409999999999 19.142310000000002 10.35848 19.41387 21.47423 18.94427 19.201670000000004 24.13275 22.3471 16.26434 12.59455 14.00876 14.93498 
15.691869999999998 17.10608 20.27882 18.38478 14.567160000000001 12.39959 8.94427 0 3.60555 10.81665 15.543220000000002 21.263640000000002 16.4118 12.20656 13.20656 15.44263 10.19804 1.41421 10.4696 12.52996 10.0 13.70016 15.556349999999998 16.08276 10.0 3.6502799999999995 5.064489999999999 5.99071 
17.81543 16.40122 19.84943 16.27882 14.24504 16.00514 12.54982 3.60555 0 7.2111 12.596260000000001 18.88901 12.80625 13.04159 12.04159 14.27766 13.80359 5.01976 14.075149999999999 16.13551 13.605550000000001 17.0 19.0 18.48451 12.40175 7.25583 8.67004 9.596260000000001 
19.724159999999998 19.92486 22.84732 19.724159999999998 14.49033 18.18693 19.76092 10.81665 7.2111 0 5.38516 16.86081 10.77805 13.162279999999999 13.16553 14.207640000000001 19.60108 11.77033 19.92486 23.34661 20.81665 18.02835 21.343690000000002 20.100749999999998 18.35756 10.21954 9.02998 9.85184 
25.109319999999997 25.310019999999998 28.23248 24.79784 19.87549 14.76482 23.58209 15.543220000000002 12.596260000000001 5.38516 0 12.16553 14.95086 12.40175 11.40175 13.63782 23.7001 15.86935 24.33105 27.83131 23.32381 22.20116 23.708199999999998 17.0 19.79899 14.03567 13.0 14.27766 
21.66373 22.36068 25.00322 21.66373 11.18034 17.948169999999998 21.93752 21.263640000000002 18.88901 16.86081 12.16553 0 6.08276 23.08679 23.56728 24.326790000000003 31.46168 19.84943 28.90482 33.346019999999996 31.263640000000002 26.41969 29.83287 29.16553 30.09975 20.84758 19.97367 17.2631 
23.5398 23.08679 25.745260000000002 22.2036 12.64911 19.41694 15.854759999999999 16.4118 12.80625 10.77805 14.950859999999999 6.08276 0 17.61577 18.61577 18.97367 26.60984 17.00089 25.24846 28.941760000000002 26.4118 22.481840000000002 27.07054 24.86678 24.01699 14.76482 14.83062 11.18034 
26.183729999999997 27.597939999999998 31.11271 27.66629 24.21267 21.07983 11.18034 12.20656 13.04159 13.162279999999999 12.40175 23.08679 17.61577 0 1.0 3.23607 14.416409999999999 13.62077 21.18962 21.0238 16.29061 15.993940000000002 17.0 15.075149999999999 10.44031 14.14214 14.21267 16.68969 
27.183729999999997 28.442809999999998 31.82843 28.28427 24.498980000000003 20.59126 12.18034 13.20656 12.04159 13.16553 11.40175 23.56728 18.61577 1.0 0 2.23607 13.416409999999999 14.62077 22.18962 22.02272 17.02939 14.993940000000002 18.0 14.075149999999999 11.44031 15.14214 14.867830000000001 15.68969 
28.69088 27.92112 31.148030000000002 27.65863 25.591369999999998 22.827329999999996 14.416409999999999 15.44263 14.27766 14.207640000000001 13.63782 24.326790000000003 18.97367 3.23607 2.23607 0 11.18034 16.85684 21.843819999999997 20.82843 18.29561 15.815800000000001 18.925869999999996 12.217669999999998 13.31883 17.20006 15.78585 15.274469999999999 
22.13594 23.550150000000002 27.30907 27.89393 24.2573 21.62209 19.142310000000002 10.19804 13.80359 19.60108 23.7001 31.46168 26.60984 14.416409999999999 13.416409999999999 11.18034 0 11.612250000000001 18.51687 12.43411 17.81927 21.2434 15.297060000000002 21.90274 20.19804 13.848320000000001 14.44031 16.18875 
14.27766 15.69187 19.20664 17.1039 13.15295 11.04988 10.35848 1.41421 5.01976 11.77033 15.86935 19.84943 17.00089 13.62077 14.62077 16.85684 11.612250000000001 0 9.05539 13.944170000000002 11.41421 12.28595 16.97056 16.8384 11.41421 2.23607 3.6502799999999995 7.300559999999999 
13.70016 12.28595 15.46409 18.80286 18.42662 20.105269999999997 19.41387 10.4696 14.07515 19.92486 24.33105 28.90482 25.24846 21.18962 22.18962 21.843819999999997 18.51687 9.05539 0 6.08276 11.46792 11.40175 10.20587 12.596260000000001 14.4222 11.0 12.41421 15.23607 
18.163809999999998 18.36871 21.546850000000003 20.124609999999997 23.36648 21.69983 21.47423 12.52996 16.13551 23.34661 27.83131 33.346019999999996 28.941760000000002 21.0238 22.02272 20.82843 12.43411 13.944170000000002 6.08276 0 5.38516 10.04988 4.12311 10.831309999999998 12.04797 16.18024 15.6205 18.52067 
19.26942 20.39608 24.280060000000002 21.23022 23.08679 22.39959 18.94427 10.0 13.605550000000001 20.816650000000003 23.32381 31.263640000000002 26.4118 16.29061 17.02939 18.29561 17.81927 11.41421 11.46792 5.38516 0 5.09902 9.50827 13.16552 7.08276 12.52996 13.89244 15.83754 
22.09147 21.0292 24.59675 23.31371 21.24504 18.13742 19.20167 13.70016 17.0 18.02835 22.201159999999998 26.41969 22.481840000000002 15.993940000000002 14.993940000000002 15.815800000000001 21.2434 12.28595 11.40175 10.04988 5.09902 0 14.172989999999999 10.48418 12.18178 10.04988 11.46409 15.114370000000001 
18.219540000000002 19.633750000000003 22.68154 20.18034 22.72005 21.84095 24.13275 15.556349999999998 19.0 21.34369 23.708199999999998 29.83287 27.07054 17.0 18.0 18.92587 15.297060000000002 16.97056 10.20587 4.12311 9.50827 14.172989999999999 0 6.7082 12.79096 15.015680000000001 13.60147 15.8902 
17.0 18.35756 21.9545 18.87846 18.82843 15.13275 22.3471 16.08276 18.48451 20.100749999999998 17.0 29.16553 24.86678 15.07515 14.07515 12.217669999999998 21.90274 16.8384 12.596260000000001 10.831309999999998 13.16552 10.48418 6.7082 0 6.08276 14.60233 16.01654 18.8384 
23.08276 24.26527 27.73085 24.76973 24.05539 21.02498 16.26434 10.0 12.40175 18.35756 19.79899 30.09975 24.01699 10.44031 11.44031 13.31883 20.19804 11.41421 14.4222 12.04797 7.08276 12.18178 12.79096 6.08276 0 13.65028 14.05539 15.34262 
12.04159 13.4558 16.97057 14.867830000000001 11.41421 13.221439999999998 12.594549999999998 3.6502799999999995 7.25583 10.21954 14.03567 20.84758 14.76482 14.14214 15.14214 17.20006 13.848320000000001 2.23607 11.0 16.18024 12.52996 10.04988 15.015680000000001 14.60233 13.650279999999999 0 1.41421 5.064489999999999 
13.4558 13.60147 17.02939 13.45362 10.0 11.80723 14.008759999999999 5.064489999999999 8.67004 9.02998 13.0 19.97367 14.83062 14.21267 14.867830000000001 15.78585 14.44031 3.6502799999999995 12.41421 15.6205 13.89244 11.46409 13.60147 16.01654 14.05539 1.41421 0 3.6502799999999995 
13.41641 14.830620000000001 19.87204 17.1039 13.28143 12.73344 14.93498 5.99071 9.596260000000001 9.85184 14.27766 17.2631 11.18034 16.68969 15.68969 15.274469999999999 16.18875 7.300559999999999 15.23607 18.520670000000003 15.83754 15.11437 15.8902 18.8384 15.34262 5.064489999999999 3.6502799999999995 0 
