52
point52 point50 point11 point10 point15 point18 point32 point23 point3 point16 point30 point33 point31 point34 point41 point38 point40 point39 point43 point89 point87 point76 point75 point73 point72 point125 point122 point83 point86 point139 point137 point123 point124 point132 point189 point179 point135 point185 point177 point163 point162 point144 point149 point148 point102 point107 point112 point110 point111 point67 point69 point0
0 4.47214 17.92576 18.92576 25.04163 31.404580000000003 37.99874 27.73243 44.99511 34.79604 43.88078 40.37245 41.78666 41.18252 53.48832 59.61543 62.29767 63.19875 53.76477 60.27209 60.22667 36.124520000000004 33.124520000000004 29.15728 20.59222 44.68715 43.86578 35.69314 50.10985 63.85948 60.85948 41.06905 38.83298 55.916909999999994 68.11755 63.00794 63.89544 69.79128 53.50855 43.17407 42.57934 40.5135 42.43021 40.54652 24.11365 24.5153 27.478749999999998 30.641029999999997 25.38516 16.12452 13.00093 7.61577 
4.47214 0 13.45362 14.45362 25.85372 32.4795 41.97807 23.26029 40.52297 33.533989999999996 46.29447 43.802040000000005 45.21625 45.65465999999999 57.96046 62.62587 66.76980999999999 66.66334 57.561840000000004 64.07079 64.04536 40.2215 37.2215 33.01515 24.571550000000002 47.08801 47.881069999999994 40.02499 54.08918 68.01504 65.01504 45.54119 43.30512 57.941410000000005 72.58968999999999 67.48008 67.16095 73.78306 57.8018 47.646209999999996 45.794889999999995 39.25145 44.04543 42.15433 22.851599999999998 26.12311 28.408569999999997 29.8947 24.12311 20.10385 16.43052 11.04536 
17.92576 13.45362 0 1.0 22.93171 32.32456 42.0 32.588100000000004 38.00513 27.13594 48.83646 50.0 49.81967 50.4506 63.96181 69.01496 72.85728 71.92325 64.13352 74.98161 75.54232 50.96077 48.08326 42.95346 38.02517 59.68164 61.334689999999995 51.87040999999999 65.20797 80.60867 77.60867 57.42822 56.588890000000006 70.53504000000001 86.04330999999999 80.74856 79.20227 86.16331 70.45566 58.69412 59.1116 50.66338 54.46983 52.46906 33.85325 37.01562 40.82462 40.31129 36.05551 32.93184 26.07681 24.498980000000003 
18.92576 14.45362 1.0 0 21.93171 31.324559999999998 41.0 32.348530000000004 37.00513 28.13594 49.83646 49.0 49.64893 49.49747 63.79107 68.80454999999999 72.48383 72.06326 63.956739999999996 73.98161 75.84294 51.38388 48.38388 43.95346 38.00076 60.68164 62.30424 52.17559 66.06394 80.69658000000001 77.82673 58.42822 57.588890000000006 70.66116 86.75066 81.74856 79.62412 85.90744 71.29166000000001 59.69412 59.16344 51.2884 55.46983 53.46166 34.79093 37.85499 39.82462 41.03657 37.05551 31.93184 27.07681 25.498980000000003 
25.04163 25.85372 22.93171 21.93171 0 10.7967 20.47214 24.44316 38.87086 35.60489 29.07134 28.47214 29.88635 29.901670000000003 43.48496 48.58163 52.787890000000004 51.56779 43.18565 58.33735 56.33735 38.472 35.472 29.06888 29.55125 52.69725 50.89941 40.85716 49.07284 69.48763 66.84744 51.48296 52.36903 59.482690000000005 79.88116 73.97609 67.48763 78.21538 71.28815 64.09989 64.0 62.53056 65.3331 63.92299 43.70828 48.54657 40.948660000000004 40.11618 42.0 25.16609 24.38516 19.0 
31.40458 32.4795 32.32456 31.324559999999998 10.7967 0 10.19804 13.646460000000001 30.468580000000003 25.33079 22.32115 21.519180000000002 20.10497 19.10497 34.24711 38.40434 43.40434 42.71881 33.28483 49.31946 47.31946 31.84441 28.84441 35.24753 27.38516 47.92703 45.22957 34.22957 38.79874 62.89226 60.63033 46.23851 46.48656 54.32668 74.72579 68.09552 60.89226 74.24075 68.73136 64.57934 65.17407 64.6794 69.32494 66.12866 46.099489999999996 51.07452 42.395270000000004 39.23299 43.124610000000004 23.0 29.173969999999997 23.788809999999998 
37.99874 41.97807 42.0 41.0 20.47214 10.19804 0 19.10497 36.15655 15.13275 12.12311 17.12311 15.97495 14.97495 27.52364 28.2063 33.2063 32.52077 23.08679 39.12142 37.12142 30.2099 27.2099 30.81357 32.23888 47.71817 43.595060000000004 32.595060000000004 28.6007 53.60037 52.990030000000004 41.59327 42.29657 49.844469999999994 69.92579 62.89003 52.02042 66.31006000000001 66.81187 64.48109 65.14599 65.1928 71.68979999999999 69.03283 49.46622 54.40588 44.045390000000005 40.88311 47.97833 27.85372 35.95077 33.46425 
27.73243 23.26029 32.588100000000004 32.34853 24.443160000000002 13.646460000000001 19.10497 0 17.26268 34.23772 29.92167 27.07397 28.16026 28.07134 42.3024 47.31127 51.55907 50.41563 42.19176 56.08033 56.22639 34.4093 32.01562 30.4465 25.74272 49.12311 45.0 37.36465 46.97703 66.17759000000001 63.17759 47.67443 48.560500000000005 56.263270000000006 76.06981 69.81404 64.22573 74.43786 67.47962 60.74573 62.59171 60.23267 65.1975 59.68985000000001 39.29377 44.29377 36.22154 37.46253 40.718239999999994 21.35756 27.30183 23.41292 
44.99511 40.52297 38.00513 37.00513 38.87086 30.46858 36.15655 17.26268 0 21.0238 46.090720000000005 44.33665 45.0 45.141760000000005 59.14204 64.05709999999999 68.00735 67.05709999999999 59.23538 72.09773 73.27797000000001 51.45071 48.45071 42.04759 39.529979999999995 62.25752 62.26268 52.382819999999995 62.0048 81.61474 78.61474 60.144819999999996 62.04505 71.28113 89.14034 83.45058 79.92496 89.11223 76.44002 66.03278 67.74475 61.91856 63.24829 61.07373 46.28011 45.17743 48.86372 45.70144 52.056090000000005 35.144819999999996 44.56451 40.23504 
34.79604 33.533989999999996 27.13594 28.13594 35.60489 25.33079 15.13275 34.23772 21.0238 0 27.0263 32.0263 30.878140000000002 29.878140000000002 38.11824 43.109489999999994 47.04253 47.65352 38.21954 54.25417 52.25417 34.89044 31.89044 36.95719 28.00069 52.09562 48.01351 37.01351 42.48529 66.41426999999999 63.414269999999995 48.30114 50.537209999999995 59.61935 77.98816000000001 71.26334 64.89675 76.69583 69.68309 64.20702 64.29329 60.63827 66.48308 64.56005 48.13937 49.0408 40.0 39.7205 42.976209999999995 23.61553 29.5598 34.94496 
43.88078 46.29447 48.83646 49.83646 29.07134 22.321150000000003 12.12311 29.92167 46.090720000000005 27.0263 0 5.0 6.41421 7.41421 17.524169999999998 23.92729 24.02082 23.08679 15.29706 32.01562 33.32482 28.37679 25.37679 18.97367 31.01785 43.22194 39.09883 28.09883 23.43075 50.944379999999995 51.38468 42.71094 43.10452 48.86762 67.28841 61.42035 49.06276 64.68468 67.49806 67.82037 68.942 68.7968 75.16648 73.7968 55.434799999999996 60.23127 45.72002 44.922039999999996 48.53318 29.1725 35.11677 37.75668 
40.37245 43.802040000000005 50.0 49.0 28.47214 21.519180000000002 17.12311 27.07397 44.33665 32.0263 5.0 0 1.41421 2.4142099999999997 15.55635 20.341659999999997 25.341659999999997 23.341659999999997 15.13275 34.10934 32.10934 24.41421 24.60904 23.97367 32.47866 42.58471 40.51323 29.51323 24.49971 49.24429 50.152379999999994 43.4618 43.77014 43.86762 68.1656 61.09452999999999 47.51455 66.01717 66.8749 67.24146999999999 69.48251 68.83785999999999 74.63237000000001 73.83785999999999 54.58108 59.46427 47.723090000000006 44.560810000000004 47.20169 28.45584 34.40011 32.75668 
41.78666 45.21625 49.81967 49.64893 29.88635 20.10497 15.97495 28.16026 45.0 30.87814 6.41421 1.41421 0 1.0 14.14214 20.54526 25.54526 24.75587 16.54696 32.69513 30.69513 23.0 23.19483 25.38788 31.06445 43.22212999999999 39.099019999999996 28.09902 23.085500000000003 49.64877 48.73817 42.04759 43.39608 42.45341 67.22313 61.45627999999999 48.07026 66.6742 67.62124 68.65567999999999 69.7929 69.86042 75.91233 74.86042 55.994789999999995 60.878479999999996 46.70637 43.54409 48.615899999999996 29.28427 35.814319999999995 34.17089 
41.18252 45.65465999999999 50.4506 49.49747 29.90167 19.10497 14.97495 28.07134 45.141760000000005 29.87814 7.41421 2.4142099999999997 1.0 0 15.14214 21.54526 26.54526 25.755869999999998 17.54696 31.69513 29.69513 22.0 22.2036 26.38788 31.442230000000002 42.22212999999999 38.099019999999996 27.09902 22.085500000000003 48.79197 47.81785 41.2299 42.39608 41.45341 66.24618 60.59156999999999 47.07026 65.80949 66.63001 68.34469 68.7929 68.86042 75.56217 73.86042 55.27379 60.141980000000004 45.70637 42.54409 48.408879999999996 28.28427 34.82815 35.17089 
53.48832 57.96046 63.96181 63.791070000000005 43.48496 34.24711 27.52364 42.3024 59.14204 38.11824 17.524169999999998 15.55635 14.14214 15.14214 0 6.40312 11.403120000000001 14.47214 23.90612 26.720640000000003 28.720640000000003 33.73757 36.05708 36.49784 43.46403 45.62379 41.50068 30.67192 26.41613 42.976209999999995 44.14205 47.0133 44.77723 50.11286 63.154329999999995 56.083259999999996 44.976209999999995 60.07495 69.29253 73.68558999999999 76.16256 76.42066 82.89251 81.35969 65.77078 70.74581 53.493320000000004 50.33104 56.72742 39.07887 49.02314 48.313030000000005 
59.61543 62.62587 69.01496 68.80454999999999 48.58162999999999 38.40434 28.2063 47.31127 64.05709999999999 43.109489999999994 23.92729 20.341659999999997 20.54526 21.54526 6.40312 0 5.0 8.162279999999999 17.59626 30.253 30.46832 35.4816 38.4816 42.90096 48.94624 50.24258 46.11947 37.07504 20.61553 46.17359 46.01087 48.75449 50.990559999999995 45.56361 67.6991 60.62803 44.18144 64.49806 74.59281 80.08870999999999 81.11171999999999 82.75904 89.25211 87.69807 71.40028 76.40028 59.73082 56.56854 63.13054 45.27693 52.36086 52.61798 
62.29767 66.76980999999999 72.85728 72.48383 52.787890000000004 43.40434 33.2063 51.55907 68.00735 47.04253 24.02082 25.341659999999997 25.54526 26.54526 11.403120000000001 5.0 0 3.16228 12.596260000000001 25.253 25.46832 34.76834 34.05877 40.461890000000004 52.00223 49.56672999999999 46.332080000000005 36.12478 20.55276 43.248259999999995 46.248259999999995 48.92045 49.92995 40.56361 64.75007000000001 57.967569999999995 45.248259999999995 61.8593 74.24632 79.02857 80.92749 83.55624 89.82761 88.55624 72.94518 77.66595 60.44005 58.264390000000006 65.82069 48.69464 54.626 57.61798 
63.198750000000004 66.66334 71.92325 72.06326 51.56779 42.71881 32.52077 50.41562999999999 67.05709999999999 47.65352 23.08679 23.341659999999997 24.755869999999998 25.755869999999998 14.47214 8.162279999999999 3.16228 0 9.43398 22.09072 22.306040000000003 35.578520000000005 37.221050000000005 38.671220000000005 51.477470000000004 50.94869 47.59675 39.287060000000004 22.59188 46.01136 46.04346 50.15061 52.13412 42.75512 67.26812 60.40695 44.01136 64.30521 76.11212 80.91343 82.61961 86.71852000000001 91.21952 90.83184000000001 73.81734 78.81734 63.60233 61.42667 68.02936 47.90475 56.73083 55.61798 
53.76477 57.561840000000004 64.13352 63.956739999999996 43.18565 33.28483 23.08679 42.19176 59.23538 38.21954 15.29706 15.13275 16.54696 17.54696 23.906119999999998 17.59626 12.596260000000001 9.43398 0 19.72308 18.02776 38.69802 35.69802 34.27073 42.975049999999996 44.39527 40.27216 34.73357 31.46439 43.11106 44.624919999999996 47.70076 45.951170000000005 49.68235000000001 62.08016 55.00909 41.11106 59.42899 68.7455 74.08948000000001 73.99710999999999 77.30937 82.18104 81.39786000000001 65.28179999999999 70.25683 57.64175000000001 54.479470000000006 58.595380000000006 38.47077 48.53416 47.889430000000004 
60.27209 64.07079 74.98161 73.98161 58.33735 49.31946 39.12142 56.08033 72.09773 54.25417 32.01562 34.109339999999996 32.69513 31.69513 26.720640000000003 30.253 25.253 22.09072 19.72308 0 2.0 31.0 29.34704 35.75016 42.373329999999996 33.98319 31.81966 26.24881 20.08493 24.84093 27.84093 34.60883 36.844899999999996 32.06047 47.31624 42.707 22.84093 42.580619999999996 58.72924 65.94695 68.24996 72.71864 78.81437 77.71864 65.46000000000001 69.66879 51.6346 48.609489999999994 56.311949999999996 44.31642 51.08816 53.03772 
60.226670000000006 64.04536 75.54232 75.84294 56.33735 47.31946 37.12142 56.22639 73.27797000000001 52.25417 33.32482 32.109339999999996 30.69513 29.69513 28.720640000000003 30.46832 25.46832 22.30604 18.02776 2.0 0 29.0 27.45906 33.86218 44.373329999999996 35.98319 33.81966 28.24881 18.08493 26.02082 29.02082 35.38361 37.619679999999995 33.24036 48.49613 42.61738 24.02082 44.580619999999996 60.45815999999999 67.47403999999999 69.55676 73.99864000000001 80.36865 78.99864000000001 66.12866 70.38466 52.39275 50.609489999999994 57.824160000000006 44.10215 53.08816 53.0 
36.124520000000004 40.2215 50.96077 51.38388 38.472 31.84441 30.2099 34.4093 51.45071 34.89044 28.37679 24.41421 23.0 22.0 33.73757 35.4816 34.76834 35.578520000000005 38.69802 31.0 29.0 0 3.0 9.403120000000001 17.26268 20.22213 16.09902 5.09902 14.86607 32.00631 31.499779999999998 22.0263 20.39608 27.70486 46.94816 43.66053 30.00631 46.994820000000004 44.911080000000005 48.11269 49.56271 52.49747 58.455839999999995 57.0088 43.06966 46.52956 29.135939999999998 25.97366 34.03592 20.12452 29.56098 29.42788 
33.124520000000004 37.2215 48.08326 48.38388 35.472 28.84441 27.2099 32.01562 48.45071 31.89044 25.37679 24.60904 23.19483 22.2036 36.05708 38.4816 34.05877 37.221050000000005 35.69802 29.34704 27.45906 3.0 0 6.40312 19.20937 20.50827 16.38516 5.38516 17.86607 34.78592 31.785919999999997 19.0263 20.68222 27.991 46.09772 41.64371 33.00631 49.666349999999994 44.42641 46.14109 49.14109 49.49747 58.94464 54.49747 42.76447 47.60007 30.908119999999997 27.745839999999998 35.808099999999996 17.12452 27.06879 30.15298 
29.15728 33.01515 42.95346 43.95346 29.06888 35.24753 30.81357 30.4465 42.04759 36.95719 18.97367 23.97367 25.38788 26.38788 36.49784 42.90096 40.461890000000004 38.671220000000005 34.27073 35.75016 33.86218 9.403120000000001 6.40312 0 12.80625 25.96165 22.78828 11.78828 24.19186 40.41875 38.18904 25.42942 27.085340000000002 30.41381 52.45754 47.27942 38.41875 52.56618 50.10361999999999 48.8467 50.546200000000006 50.71024 57.5437 55.44385 38.61323 43.61323 27.01851 30.18079 30.41381 13.34166 25.285929999999997 28.930770000000003 
20.59222 24.571550000000002 38.02517 38.00076 29.55125 27.38516 32.238879999999995 25.74272 39.529979999999995 28.00069 31.01785 32.47866 31.06445 31.442230000000002 43.46403 48.94624 52.00223 51.477470000000004 42.975049999999996 42.373329999999996 44.373329999999996 17.26268 19.20937 12.80625 0 24.09493 27.12452 16.12452 32.12875 44.58989 41.58989 21.93171 24.16778 38.730360000000005 51.08816 46.2401 44.326820000000005 49.58225 44.880269999999996 38.275639999999996 38.897420000000004 39.15663 44.84788 44.095659999999995 25.80698 30.80698 26.576829999999998 23.41455 23.0915 6.38516 16.32943 16.12452 
44.68715 47.08801 59.68164 60.68164 52.69725 47.92703 47.71817 49.12311 62.25752 52.09562 43.221940000000004 42.58471 43.22213 42.22213 45.62379 50.242580000000004 49.56673 50.94869 44.39527 33.98319 35.98319 20.22213 20.50827 25.96165 24.09493 0 4.12311 15.12311 29.93009 23.02173 20.03122 22.10769 24.343760000000003 26.636770000000002 27.206400000000002 30.06689 23.02173 30.81299 29.07776 36.21601 35.22783 41.631499999999996 46.60653 45.719989999999996 38.47319 43.47319 24.33105 27.49333 29.37083 30.48009 39.80916 38.41874 
43.86578 47.881069999999994 61.334689999999995 62.30424 50.89941 45.229569999999995 43.59506 45.0 62.26268 48.01351 39.09883 40.51322999999999 39.099019999999996 38.099019999999996 41.50068 46.11947 46.332080000000005 47.59675 40.27216 31.81966 33.81966 16.09902 16.38516 22.78828 27.12452 4.12311 0 11.0 25.80698 25.36318 24.15433 26.2308 26.297060000000002 29.65058 31.069809999999997 34.19 24.18677 34.936099999999996 33.20087 36.400639999999996 36.87818 43.400639999999996 50.010400000000004 47.0613 41.96843 46.94346 28.45416 31.61644 32.035430000000005 33.50968 37.48379 42.54185 
35.69314 40.02499 51.87041 52.17559 40.85716 34.22957 32.59506 37.36465 52.382819999999995 37.01351 28.09883 29.51323 28.09902 27.09902 30.67192 37.07504 36.12478 39.287060000000004 34.73357 26.24881 28.24881 5.09902 5.38516 11.78828 16.12452 15.12311 11.0 0 18.18681 29.40076 26.40076 17.53313 15.29706 22.60584 41.849140000000006 40.9469 28.2023 44.281189999999995 39.81206 43.01367 46.01367 47.63402 54.78282 52.63402 39.62336 44.37233 25.522959999999998 22.36068 30.422939999999997 22.50968 26.48379 31.868949999999998 
50.10985 54.08918 65.20797 66.06394 49.07284 38.79874 28.6007 46.97703 62.0048 42.48529 23.43075 24.499710000000004 23.085500000000003 22.085500000000003 26.41613 20.61553 20.55276 22.59188 31.46439 20.08493 18.08493 14.86607 17.86607 24.19186 32.12875 29.93009 25.80698 18.18681 0 27.51363 30.51363 31.2115 31.67692 34.85155 47.08357 40.0125 25.63201 44.10215 55.92447 60.45623 62.24147 65.82083 72.30491 70.60453 56.92086 61.26989 43.41659 40.31485 47.87115 34.1321 42.546620000000004 44.293949999999995 
63.85948 68.01504 80.60867 80.69658 69.48763 62.89226000000001 53.60037 66.17759000000001 81.61474 66.41426999999999 50.944379999999995 49.24429 49.64877 48.79196999999999 42.976209999999995 46.17359 43.248259999999995 46.01136 43.11106 24.84093 26.02082 32.00631 34.78592 40.41875 44.58989 23.02173 25.36318 29.40076 27.51363 0 3.0 25.07987 27.01851 11.21954 22.47531 17.86607 2.0 22.88061 39.88321 52.808429999999994 55.63941 62.707730000000005 67.96636 67.29869000000001 61.07373 64.00781 47.31129 44.58601 52.246030000000005 48.76474 54.85394 58.47071 
60.85948 65.01504 77.60867 77.82673 66.84744 60.63033 52.990030000000004 63.17759 78.61474 63.414269999999995 51.38468 50.152379999999994 48.73817 47.81785 44.14205 46.01087 46.248259999999995 46.04346 44.62492 27.84093 29.02082 31.499779999999998 31.785919999999997 38.18904 41.58989 20.03122 24.15433 26.40076 30.51363 3.0 0 22.11077 24.34684 14.21954 21.93714 14.86607 5.0 21.1525 37.51047 50.424350000000004 53.424350000000004 59.7853 65.18523 64.29869000000001 58.07753 61.22597999999999 44.31129 41.59943 49.27693 46.14109 51.85394 55.47071 
41.06905 45.54119 57.42822 58.42822 51.48296 46.23851 41.59327 47.67443 60.144819999999996 48.30114 42.71094 43.4618 42.04759 41.2299 47.0133 48.75449 48.92045 50.15061 47.70076 34.60883 35.38361 22.0263 19.0263 25.42942 21.93171 22.10769 26.230800000000002 17.53313 31.2115 25.07987 22.11077 0 2.23607 27.533360000000002 31.379459999999998 24.30839 25.124 32.83287 25.96151 32.09043 34.80923 39.39788 45.17789 44.39788 36.77429 39.11521 22.632150000000003 25.794430000000002 27.16616 28.316869999999998 38.26114 36.12478 
38.83298 43.30512 56.588890000000006 57.588890000000006 52.36903 46.48656 42.29657 48.560500000000005 62.04505 50.537209999999995 43.10452 43.77014 43.39608 42.39608 44.77723 50.990559999999995 49.92995 52.13412 45.951170000000005 36.844899999999996 37.619679999999995 20.39608 20.68222 27.085340000000002 24.16778 24.343760000000003 26.297060000000002 15.29706 31.67692 27.01851 24.34684 2.23607 0 29.76943 33.61553 26.54446 27.36007 35.06894 24.5153 29.85436 32.57316 37.16181 42.94182 42.16181 34.53822 39.53822 20.39608 23.55836 25.31798 27.20294 39.14721 38.36085 
55.916909999999994 57.941410000000005 70.53504000000001 70.66116 59.482690000000005 54.32668 49.844469999999994 56.263270000000006 71.28113 59.61935 48.867619999999995 43.867619999999995 42.45341 41.45341 50.11286 45.56361 40.56361 42.75512 49.68235 32.060469999999995 33.24036 27.70486 27.991 30.41381 38.730360000000005 26.636770000000002 29.65058 22.60584 34.85155 11.21954 14.21954 27.533360000000002 29.76943 0 25.07987 21.73864 9.21954 25.07293 35.4683 46.14109 49.14109 56.20618999999999 61.181219999999996 60.29467999999999 52.17336 55.22681 38.031220000000005 35.165530000000004 43.01163 41.48706 45.38241 48.30114 
68.11755 72.58968999999999 86.04330999999999 86.75066 79.88116 74.72579 69.92579 76.06980999999999 89.14034 77.98816000000001 67.28841 68.1656 67.22313 66.24618 63.15433 67.6991 64.75007000000001 67.26812 62.08016 47.31624 48.49613 46.94816000000001 46.09772 52.45754 51.08816 27.206400000000002 31.069809999999997 41.849140000000006 47.08357 22.47531 21.93714 31.379459999999998 33.61553 25.07987 0 7.07107 24.47531 27.637140000000002 25.246209999999998 42.94834 45.66391 54.45181 58.03447 58.140100000000004 59.21945 61.75847 48.966210000000004 45.80393 52.935680000000005 56.9025 60.90268 65.61646999999999 
63.00794 67.48008 80.74856 81.74856 73.97609 68.09552 62.89003 69.81404 83.45058 71.26334 61.42035 61.09453 61.45628 60.59156999999999 56.083259999999996 60.62803 57.967569999999995 60.40695 55.00909 42.707 42.61738 43.66053 41.64371 47.27942 46.2401 30.06689 34.19 40.9469 40.0125 17.86607 14.86607 24.30839 26.54446 21.73864 7.07107 0 19.86607 31.19107 25.63201 44.74925 47.73176 53.0509 57.515299999999996 57.33436 55.65968 60.65968 43.38202 43.770399999999995 48.07818 51.06833 54.67175 59.817750000000004 
63.89544 67.16095 79.20227 79.62412 67.48763 60.89226000000001 52.02042 64.22573 79.92496 64.89675 49.06276 47.51455 48.070260000000005 47.070260000000005 44.976209999999995 44.18144 45.248259999999995 44.01136 41.11106 22.84093 24.02082 30.00631 33.00631 38.41875 44.32682 23.02173 24.18677 28.2023 25.63201 2.0 5.0 25.124 27.36007 9.21954 24.47531 19.86607 0 20.88061 40.60788 53.31041 56.31041 63.06346 69.62826 67.72001 61.07373 64.07027 47.25076 44.38507 52.23117 48.316900000000004 54.60195 57.52068 
69.79128 73.78306 86.16331 85.90744 78.21538 74.24075 66.31006000000001 74.43786 89.11223 76.69583 64.68468 66.01717 66.67420000000001 65.80949 60.07495 64.49806 61.8593 64.30521 59.42899 42.580619999999996 44.580619999999996 46.994820000000004 49.666349999999994 52.56618 49.58225 30.81299 34.936099999999996 44.281189999999995 44.10215 22.88061 21.1525 32.83287 35.06894 25.07293 27.637140000000002 31.19107 20.88061 0 26.4764 43.289739999999995 46.098110000000005 55.14528 59.23305 59.25106000000001 59.65365 60.956320000000005 48.1713 51.333580000000005 51.57458 55.96741 63.82763 63.90606 
53.50855 57.8018 70.45566 71.29166000000001 71.28815 68.73136 66.81187 67.47962 76.44001999999999 69.68309 67.49806 66.8749 67.62124 66.63001 69.29253 74.59281 74.24632 76.11212 68.7455 58.729240000000004 60.45815999999999 44.911080000000005 44.42641 50.10362 44.880269999999996 29.07776 33.20087 39.81206 55.92447 39.88321 37.51047 25.96151 24.5153 35.4683 25.246209999999998 25.63201 40.60788 26.4764 0 19.11724 22.09975 30.36445 35.06055 35.24154 38.94868 43.94868 31.76476 31.38471 34.4093 47.29693 48.252539999999996 53.00667 
43.17407 47.646209999999996 58.69412 59.69412 64.09989 64.57934 64.48109 60.74573 66.03278 64.20702 67.82037 67.24146999999999 68.65567999999999 68.34469 73.68558999999999 80.08870999999999 79.02857 80.91343 74.08948000000001 65.94695 67.47404 48.11269 46.14109 48.8467 38.275639999999996 36.216010000000004 36.400639999999996 43.01367 60.456230000000005 52.808429999999994 50.424350000000004 32.09043 29.85436 46.14109 42.948339999999995 44.74925 53.31041 43.289739999999995 19.11724 0 3.0 13.29563 18.27336 16.15295 25.80865 28.80698 28.07681 29.24881 29.27759 43.57934 40.01428 45.09989 
42.57934 45.794889999999995 59.111599999999996 59.163439999999994 64.0 65.17407 65.14599 62.59171 67.74475 64.29329 68.942 69.48251 69.7929 68.7929 76.16256 81.11171999999999 80.92749 82.61961 73.99711 68.24996 69.55676 49.56271 49.14109 50.5462 38.897420000000004 35.22783 36.87818 46.01367 62.24147 55.63941 53.424350000000004 34.80923 32.57316 49.14109 45.66391 47.73176 56.31041 46.098110000000005 22.09975 3.0 0 10.29563 15.27336 13.15295 27.53429 28.782310000000003 29.411089999999998 26.24881 30.36725 43.2782 40.04997 45.43513 
40.5135 39.25145 50.66338 51.2884 62.53056 64.6794 65.1928 60.23267 61.91856 60.63827 68.7968 68.83785999999999 69.86042 68.86042 76.42066 82.75904 83.55624 86.71852 77.30937 72.71864 73.99864000000001 52.49747 49.49747 50.71024 39.15663 41.631499999999996 43.400639999999996 47.63402 65.82083 62.707730000000005 59.7853 39.39788 37.16181 56.20619 54.45181 53.0509 63.06346 55.14528 30.36445 13.29563 10.29563 0 9.44717 5.0 25.39608 21.03122 31.20533 28.04305 30.62535 43.6794 46.4911 43.53056 
42.43021 44.04543 54.46983 55.46983 65.3331 69.32494 71.68979999999999 65.1975 63.24829 66.48308 75.16648 74.63237000000001 75.91233 75.56217 82.89251 89.25211 89.82761 91.21952 82.18104 78.81437 80.36865 58.455839999999995 58.94464 57.5437 44.84788 46.60653 50.010400000000004 54.78282 72.30491 67.96636 65.18523 45.17789 42.94182 61.181219999999996 58.03447 57.515299999999996 69.62826 59.23305 35.06055 18.27336 15.27336 9.44717 0 13.53566 28.3714 24.0238 35.046769999999995 33.01808 35.9379 49.38012 47.31939 50.04598 
40.54652 42.15433 52.46906 53.461659999999995 63.92299 66.12866 69.03283 59.68985000000001 61.07373 64.56005 73.7968 73.83785999999999 74.86042 73.86042 81.35969 87.69807 88.55624 90.83184000000001 81.39786000000001 77.71864 78.99864000000001 57.0088 54.49747 55.44385 44.095659999999995 45.719989999999996 47.0613 52.63402 70.60453 67.29869000000001 64.29869000000001 44.39788 42.16181 60.29468 58.140100000000004 57.33436 67.72001 59.251059999999995 35.24154 16.15295 13.15295 5.0 13.53566 0 20.39608 16.03122 28.42534 31.587619999999998 32.41272 45.90607 41.4911 44.92299 
24.11365 22.8516 33.85325 34.79093 43.70828 46.099489999999996 49.46622 39.29377 46.28011 48.13937 55.434799999999996 54.58108 55.994789999999995 55.27379 65.77078 71.40028 72.94518 73.81734 65.2818 65.46000000000001 66.12866 43.06966 42.76447 38.61323 25.80698 38.47319 41.96843 39.62336 56.920860000000005 61.07373 58.07753 36.77429 34.53822 52.17336 59.21945 55.65968 61.07373 59.65365 38.94868 25.80865 27.53429 25.39608 28.3714 20.39608 0 5.0 14.14214 17.26268 21.13275 26.997889999999998 21.09502 24.708280000000002 
24.5153 26.12311 37.01562 37.85499 48.54657 51.07452 54.40588 44.29377 45.17743 49.0408 60.23127 59.46427 60.878479999999996 60.141980000000004 70.74581 76.40028 77.66595 78.81734 70.25683 69.66879 70.38466 46.52956 47.60007 43.61323 30.80698 43.47319 46.94346 44.37233 61.26989 64.00781 61.22597999999999 39.11521 39.538219999999995 55.22681 61.758469999999996 60.65968 64.07027 60.956320000000005 43.94868 28.80698 28.782310000000003 21.03122 24.0238 16.03122 5.0 0 19.142139999999998 22.26268 26.13275 31.972920000000002 26.07906 29.54657 
27.478749999999998 28.408569999999997 40.82462 39.82462 40.948660000000004 42.39527 44.04539 36.22154 48.86372 40.0 45.72002 47.72309 46.70637 45.70637 53.49332 59.73082 60.44005 63.60233 57.64175 51.6346 52.39275 29.135939999999998 30.908119999999997 27.01851 26.576829999999998 24.33105 28.45416 25.522959999999998 43.41659 47.31129 44.31129 22.632150000000003 20.39608 38.031220000000005 48.966210000000004 43.38202 47.25076000000001 48.1713 31.76476 28.07681 29.411089999999998 31.205329999999996 35.046769999999995 28.42534 14.14214 19.142139999999998 0 3.16228 11.224540000000001 20.19167 31.21152 35.094519999999996 
30.64103 29.8947 40.31129 41.03657 40.11618 39.23299 40.88311 37.46253 45.70144 39.7205 44.922039999999996 44.560810000000004 43.54409 42.54409 50.33104 56.56854 58.264390000000006 61.42667000000001 54.479470000000006 48.609489999999994 50.609489999999994 25.97366 27.745839999999998 30.18079 23.41455 27.49333 31.61644 22.36068 40.31485 44.58601 41.59943 25.79443 23.55836 35.165530000000004 45.80393 43.770399999999995 44.385070000000006 51.33358 31.38471 29.24881 26.24881 28.04305 33.01808 31.587619999999998 17.26268 22.26268 3.16228 0 8.06226 17.02939 28.04924 33.30275 
25.38516 24.12311 36.05551 37.05551 42.0 43.124610000000004 47.97833 40.718239999999994 52.05609 42.976209999999995 48.53318 47.20169 48.615899999999996 48.408879999999996 56.72742 63.13054 65.82069 68.02936000000001 58.595380000000006 56.311949999999996 57.824160000000006 34.035920000000004 35.808099999999996 30.41381 23.0915 29.37083 32.035430000000005 30.422939999999997 47.87115 52.246030000000005 49.27693 27.16616 25.31798 43.01163 52.935680000000005 48.07818 52.23117 51.57458 34.4093 29.27759 30.36725 30.62535 35.9379 32.41272 21.13275 26.13275 11.224540000000001 8.06226 0 20.12461 23.54701 28.93217 
16.12452 20.10385 32.93184 31.93184 25.16609 23.0 27.85372 21.35756 35.144819999999996 23.61553 29.1725 28.45584 29.28427 28.28427 39.07887 45.27693 48.69464 47.90475 38.47077 44.31642 44.10215 20.12452 17.12452 13.34166 6.38516 30.48009 33.50968 22.50968 34.1321 48.76474 46.14109 28.316869999999998 27.20294 41.48706 56.9025 51.06833 48.316900000000004 55.96741 47.29693 43.57934 43.2782 43.6794 49.380120000000005 45.90607 26.997889999999998 31.972920000000002 20.19167 17.02939 20.12461 0 11.94427 16.27336 
13.00093 16.43052 26.07681 27.07681 24.38516 29.173969999999997 35.95077 27.30183 44.56451 29.5598 35.11677 34.40011 35.814319999999995 34.82815 49.02314 52.36086 54.626 56.73083 48.53416 51.08816 53.08816 29.56098 27.06879 25.28593 16.32943 39.80916 37.48379 26.48379 42.546620000000004 54.85394 51.85394 38.26114 39.14721 45.38241 60.902680000000004 54.67175 54.60195 63.82763 48.252539999999996 40.01428 40.04997 46.4911 47.31939 41.4911 21.09502 26.07906 31.21152 28.04924 23.54701 11.94427 0 5.38516 
7.61577 11.04536 24.498980000000003 25.498980000000003 19.0 23.788809999999998 33.46425 23.41292 40.23504 34.944959999999995 37.75668 32.75668 34.17089 35.17089 48.31303 52.61798 57.61798 55.61798 47.889430000000004 53.03772 53.0 29.42788 30.15298 28.930770000000003 16.12452 38.41874 42.54185 31.868949999999998 44.293949999999995 58.47071 55.47071 36.12478 38.36085 48.30114 65.61646999999999 59.817750000000004 57.52068 63.90606 53.00667 45.09989 45.43513 43.53056 50.04598 44.92299 24.708280000000002 29.54657 35.09452 33.30275 28.93217 16.27336 5.38516 0 
