30
31 77 89 75 4 49 48 41 73 79 27 42 12 36 53 54 24 23 86 71 40 66 33 60 85 87 34 50 56 80
0 19634304.25166 100070000.01895 275281259.53707 334475838.58064 504549793.07321 503203526.81548 443035056.72015 455008448.45973 470570715.70734 567543577.7201 657696021.87359 746863772.42107 657982423.8858 970592641.76884 975176819.83499 965213782.62644 890845861.59799 621111166.29479 536333561.08277 829297708.18881 963130750.38389 938972417.58004 858441343.96632 861290871.18205 804824359.52973 774201695.72425 509043648.36021 410059386.87389 337114749.32694 
19634304.25166 0 86553510.25352 268445958.90495 327806776.09874 489781574.04921 492020596.24702 430523736.74687 437828779.12202 452177425.79801 548919902.6825 639996261.78154 731812781.0628 648852034.04387 962527578.84367 968550461.2511001 958400801.98132 884145914.4997001 615128064.41399 537595958.07092 830560105.17696 966150422.75244 945978877.14943 867115160.1373 870309720.79459 815330212.76039 790936257.03915 513472834.53268 390425082.62223 354600930.14824 
100070000.01895 86553510.25352 0 256884003.77363002 306097336.20307 404479793.05426 405894504.9838 343972515.10593 363874856.34816 379812877.04027 477969969.61108 562754581.37239 647405069.3638 564480622.33615 879310616.94926 884338885.6932 877125462.18174 804518826.23211 535913829.50758 478756248.6947 771720395.80074 910961228.01006 906213120.48443 835312962.77529 841032968.28361 789068468.29582 769972038.60732 492923570.28382 460478521.9068 382963749.15912 
275281259.53707 268445958.90495 256884003.77363002 0 59367365.09143 233310751.95079 243776074.3712 227120222.23157 298471899.83473 350224790.82942 441819804.07229 493234159.75870997 534648406.03353 385433238.09696 696348415.7501899 700104502.34615 690071261.66522 615699955.59475 346891410.80378 309332286.33818 593226828.50575 739484830.39306 759345192.77623 704295512.58099 711983444.73092 671407899.47104 672354661.51938 402703993.70244 319109400.98236 414289011.40591 
334475838.58064 327806776.09874 306097336.20307 59367365.09143 0 181875795.0546 213522147.08149 167752857.14014 293984125.05549 353141437.83771 439683673.49609 473423105.16463 482774628.30367 328573761.04343 636981050.65876 641285311.0544 630765560.216 558767667.35638 287524045.71235 268301777.98225 544077991.01633 692769952.40669 724240310.97242 681471231.33686 685388586.7934 661710386.5514001 658504093.54796 398010052.5109 330883884.56907 451934256.60389 
504549793.07321 489781574.04921 404479793.05426 233310751.95079 181875795.0546 0 31646352.02689 90150806.22097 252281624.68084002 316337948.88977 368984708.32973 359130581.94705 315452587.27093 232533123.46256 479444331.70914 484789041.90122 484632102.6727 412201411.74935 178038070.71022 310862249.18145 511844101.01576 665899316.73231 746615287.89193 726583471.99621 738792068.72259 718562041.1479 751889606.36941 522106099.11380005 488043993.01242995 623313014.3844 
503203526.81548 492020596.24702 405894504.9838 243776074.3712 213522147.08149 31646352.02689 0 72577510.69427 220635272.65395 289353793.03996 338386057.02972 327588210.87065 290872331.66233 250746543.16171 485747751.01005 492234779.54373 495629659.06893 424448692.21526 203308779.80689 342308634.18634 540858634.10043 694913849.81698 777811952.47768 758229824.0231 770438420.74948 750077099.88153 780378805.04169 550492347.20893 510168938.12477 642771846.81372 
443035056.72015 430523736.74687 343972515.10593 227120222.23157 167752857.14014 90150806.22097 72577510.69427 0 164670045.01473 233146075.38468 297746207.86186 311614842.89808 319828941.72784 243214052.68391 557458858.23471 564812290.238 568175924.15625 497018692.5497 267684630.50448 370899529.60035 595772723.42875 749807636.58221 821078224.3407999 791363461.20964 802519246.78539 776454883.2985 798710063.32116 553309658.90223 497076682.1191 613144286.69581 
455008448.45973 437828779.12202 363874856.34816 298471899.83473 293984125.05549 252281624.68084002 220635272.65395 164670045.01473 0 68718520.38601 167353810.4123 204806020.92704 312934674.59835 372562447.62961 665155271.03839 673910594.92801 688270598.90725 622711088.1197 423944052.46084 531915078.49624 759016663.82758 913059426.43641 983998607.30607 952286414.85903 967189291.80012 933573969.41875 952488218.6034501 691960863.44255 617243531.04566 701114117.80118 
470570715.70734 452177425.79801 379812877.04027 350224790.82942 353141437.83771 316337948.88977 289353793.03996 233146075.38468 68718520.38601 0 98635290.02629 193856818.44796 341007638.73415 436321788.82552 720676942.94026 729375230.66607 747128214.66994 682999427.46045 491948969.07943 598330162.67758 827726536.70277 981766508.44485 1051694410.70135 1018240348.55278 1034257145.43599 997801172.21128 1011523111.06196 749608959.63583 668947265.75506 740242627.70048 
567543577.7201 548919902.6825 477969969.61108 441819804.07229 439683673.49609 368984708.32973 338386057.02972 297746207.86186 167353810.4123 98635290.02629 0 117945263.07225 312074977.02425003 461970284.20928 716872771.13982 726408597.13991 751274126.57873 692888704.88529 534889217.24399 668645727.49897 877509089.94887 1030696857.75628 1114913895.86959 1089070748.49187 1100264823.74092 1073503297.41262 1092259259.38959 836248472.10409 760897786.5953 837767696.43199 
657696021.87359 639996261.78154 562754581.37239 493234159.75870997 473423105.16463 359130581.94705 327588210.87065 311614842.89808 204806020.92704 193856818.44796 117945263.07225 0 194770704.41042 409336340.8377 629750909.10031 639221163.20488 670046354.12346 618118140.76313 506724220.50242 669896845.0569899 844709992.98963 994809911.54582 1098197222.10018 1084785563.95262 1097206534.1635 1077665310.75218 1107967015.91234 864924501.80031 804175584.79298 901536050.16309 
746863772.42107 731812781.0628 647405069.3638 534648406.03353 482774628.30367 315452587.27093 290872331.66233 319828941.72784 312934674.59835 341007638.73415 312074977.02425 194770704.41042 0 282599656.82728 440483487.17236 450958854.77495 486671742.07392 442529835.25675 395168137.21036 604452902.56548 718310821.96961 860345980.28418 989274873.8022599 994010733.47203 1008344255.90187 1000448223.94892 1044035815.92511 834365255.01657 800839897.99446 930607916.03081 
657982423.8858 648852034.04387 564480622.33615 385433238.09696 328573761.04343 232533123.46256 250746543.16171 243214052.68391 372562447.62961 436321788.82552 461970284.20928 409336340.8377 282599656.82728 0 316814460.98947 325598317.31403 325211934.95655 254356573.35183 116388503.0399 341054036.51772 440123941.64883 594179157.36538 706734803.86481 714639039.24603 726982564.62938 723080402.6699901 771654325.892 588713106.47725 584073881.22593 742814255.63367 
970592641.76884 962527578.84367 879310616.94926 696348415.7501899 636981050.65876 479444331.70914 485747751.01005 557458858.23471 665155271.03839 720676942.94026 716872771.13982 629750909.10031 440483487.17236 316814460.98947 0 11016996.87468 66615137.6906 102565802.18571 359353339.87039 563477219.5503501 463914346.75338 551391329.71317 731840128.86625 785530009.10558 802607321.41591 825473770.98047 900545148.97363 801975593.9255999 835632516.62255 1011216543.69234 
975176819.83499 968550461.2511001 884338885.6932 700104502.34615 641285311.0544 484789041.90122 492234779.54373 564812290.238 673910594.92801 729375230.66607 726408597.13991 639221163.20488 450958854.77495 325598317.31403 11016996.87468 0 57439725.74799 100713496.69074 362167749.8304 552460222.67567 452897349.8787 542215917.77056 726324953.058 779571758.07848 796678772.28924 822293212.85493 896048033.63838 799668028.1446 835522285.86456 1011547482.78748 
965213782.62644 958400801.98132 877125462.18174 690071261.66522 630765560.216 484632102.6727 495629659.06893 568175924.15625 688270598.90725 747128214.66994 751274126.57873 670046354.12346 486671742.07392 325211934.95655 66615137.6906 57439725.74799 0 74371306.07047 345436877.51376 566522372.6953001 399554992.04864 484776192.02257 668885227.31001 729467553.79936 743453726.53134 769496907.55854 846637410.78239 762097169.8391501 810451026.2294099 983124994.20038 
890845861.59799 884145914.4997001 804518826.23211 615699955.59475 558767667.35638 412201411.74935 424448692.21526 497018692.5497 622711088.1197 682999427.46045 692888704.88529 618118140.76313 442529835.25675 254356573.35183 102565802.18571 100713496.69074 74371306.07047 0 271243621.64403 493799044.20853 473926298.11911 470620402.45932 643252622.57661 690288200.48092 707567304.26025 729879227.5117 813014291.745 699409791.73989 736079720.15894 913298815.1141 
621111166.29479 615128064.41399 535913829.50758 346891410.80378 287524045.71235 178038070.71022 203308779.80689 267684630.50448 423944052.46084 491948969.07943 534889217.24399 506724220.50242 395168137.21036 116388503.0399 359353339.87039 362167749.8304 345436877.51376 271243621.64403 0 229070031.11439 343896448.92451 496184693.13738 599278421.33603 599366894.39341 613181833.28625 622548257.54678 664713464.73198 482942012.06005 489201664.16356 661110461.9816201 
536333561.08277 537595958.07092 478756248.6947 309332286.33818 268301777.98225 310862249.18145 342308634.18634 370899529.60035 531915078.49624 598330162.67758 668645727.49897 669896845.0569899 604452902.56548 341054036.51772 563477219.5503501 552460222.67567 566522372.6953 493799044.20853 229070031.11439 0 292964147.10604 432592983.10247 457505002.67076 420584938.36253 436087984.96963 407870241.20326 441027357.18796 253871980.94566 285899814.27969 468935397.56360006 
829297708.18881 830560105.17696 771720395.80074 593226828.50575 544077991.01633 511844101.01576 540858634.10043 595772723.42875 759016663.82758 827726536.70277 877509089.94887 844709992.98963 718310821.96961 440123941.64883 463914346.75338 452897349.8787 399554992.04864 473926298.11911 343896448.92451 292964147.10604 0 154055215.71655 317187967.82225 361177838.26203 343898734.4827 372158388.40705 455051544.44219 446253605.07657 535232934.56228 718268517.84619 
963130750.38389 966150422.75244 910961228.01006 739484830.39306 692769952.40669 665899316.73231 694913849.81698 749807636.58221 913059426.43641 981766508.44485 1030696857.75628 994809911.54582 860345980.28418 594179157.36538 551391329.71317 542215917.77056 484776192.02257 470620402.45932 496184693.13738 432592983.10247 154055215.71655 0 199965140.49092 293761863.50329 310261349.5199 363205166.87552 456780246.52183 533631697.10885 640153910.97817 811746924.63938 
938972417.58004 945978877.14943 906213120.48443 759345192.77623 724240310.97242 746615287.89193 777811952.47768 821078224.3407999 983998607.30607 1051694410.70135 1114913895.86959 1098197222.10018 989274873.8022599 706734803.86481 731840128.86625 726324953.058 668885227.31001 643252622.57661 599278421.33603 457505002.67076 317187967.82225 199965140.49092 0 116560477.18378 133839580.96311 195849811.33013 290067219.39227 453346520.9542 576646373.49438 724190965.1679 
858441343.96632 867115160.1373 835312962.77529 704295512.58099 681471231.33686 726583471.99621 758229824.0231 791363461.20964 952286414.85903 1018240348.55278 1089070748.49187 1084785563.95262 994010733.47203 714639039.2460301 785530009.10558 779571758.07848 729467553.79936 690288200.48092 599366894.39341 420584938.36253 361177838.26203 293761863.50329 116560477.18378 0 17279103.77933 79378899.75741 173596307.81955 359951579.65396 485284730.03243 621060945.62542 
861290871.18205 870309720.79459 841032968.28361 711983444.73092 685388586.7934 738792068.72259 770438420.74948 802519246.78539 967189291.80012 1034257145.43599 1100264823.74092 1097206534.1635 1008344255.90187 726982564.62938 802607321.41591 796678772.28924 743453726.53134 707567304.26025 613181833.28625 436087984.96963 343898734.4827 310261349.5199 133839580.96311 17279103.77933 0 70455436.12764 164672844.18978 372312814.35535 495192555.08888 618311271.72281 
804824359.52973 815330212.76039 789068468.29582 671407899.47104 661710386.5514001 718562041.1479 750077099.88153 776454883.2985 933573969.41875 997801172.21128 1073503297.41262 1077665310.75218 1000448223.94892 723080402.6699901 825473770.98047 822293212.85493 769496907.55854 729879227.5117 622548257.54678 407870241.20326 372158388.40705 363205166.87552 195849811.33013 79378899.75741 70455436.12764 0 94217408.06214 301857378.22771 427023839.1543 551270854.30138 
774201695.72425 790936257.03915 769972038.60732 672354661.51938 658504093.54796 751889606.36941 780378805.04169 798710063.32116 952488218.6034501 1011523111.06196 1092259259.38959 1107967015.91234 1044035815.92511 771654325.892 900545148.97363 896048033.63838 846637410.78239 813014291.745 664713464.73198 441027357.18796 455051544.44219 456780246.52183 290067219.39227 173596307.81955 164672844.18978 94217408.06214 0 277463422.50647 401694880.45502996 532743024.90992 
509043648.36021 513472834.53268 492923570.28382 402703993.70244 398010052.5109 522106099.11380005 550492347.20893 553309658.90223 691960863.44255 749608959.63583 836248472.10409 864924501.80031 834365255.01657 588713106.47725 801975593.9255999 799668028.1446 762097169.8391501 699409791.73989 482942012.06005 253871980.94566 446253605.07657 533631697.10885 453346520.9542 359951579.65396 372312814.35535 301857378.22771 277463422.50647 0 125560894.75524 308596478.03915 
410059386.87389 390425082.62223 460478521.9068 319109400.98236 330883884.56907 488043993.01242995 510168938.12477 497076682.1191 617243531.04566 668947265.75506 760897786.5953 804175584.79298 800839897.99446 584073881.22593 835632516.62255 835522285.86456 810451026.2294099 736079720.15894 489201664.16356 285899814.27969 535232934.56228 640153910.97817 576646373.49438 485284730.03243 495192555.08888 427023839.1543 401694880.45502996 125560894.75524 0 183035583.28391 
337114749.32694 354600930.14824 382963749.15912 414289011.40591 451934256.60389 623313014.3844 642771846.81372 613144286.69581 701114117.80118 740242627.70048 837767696.43199 901536050.16309 930607916.03081 742814255.63367 1011216543.69234 1011547482.78748 983124994.20038 913298815.1141 661110461.9816201 468935397.56360006 718268517.84619 811746924.63938 724190965.1679 621060945.62542 618311271.72281 551270854.30138 532743024.90992 308596478.03915 183035583.28391 0 
