60
182 173 162 45 84 177 20 89 118 168 149 125 80 66 43 140 58 23 163 184 78 77 175 109 8 44 52 134 27 170 2 30 119 59 33 189 111 137 115 123 56 90 146 42 40 97 41 150 64 76 28 155 179 122 15 113 158 63 91 55
0 91497857.85814 108917233.19925 130627972.59704 191366693.14749 114499534.47136 111476034.54877 136448059.87817 373308937.93803 288699411.9374 176218658.36048 284095432.53712 336932004.79314 526942940.52768004 548214631.01133 589539233.68527 606768012.32944 647067137.96122 626270033.81125 652886022.48695 714235727.95512 762941905.60753 654362070.73899 580420841.78609 533741670.8376 563456737.11084 590035715.32589 685490943.8975599 778082453.82171 800231415.7955999 835571470.83603 676123725.8687799 466568770.7528 413749732.89804006 308727362.206 361069893.5051 417455445.3763 421965209.62003 215822879.02615 216909030.97893 297359822.53005 302427376.87731 356274929.28094 389623175.87641996 432358212.20387 491226581.47901 794090905.67022 785385741.47495 612442909.2351 567529693.08212 503297170.35359 565406092.3861699 324865546.67603004 278399238.847 313578716.36416 361758058.08842 332040513.69236 270867996.76014 207494582.95797002 116356346.15338 
91497857.85814 0 52058600.15189 79609471.9257 116874403.35457 37297534.75879 164377467.32786 209476105.06909 430544073.06483 335109108.81547 246342524.02647 369158099.47065 427052709.55963 617870885.3702899 639053513.4512199 679605137.11747 696578378.46302 735071042.5574 713233105.49967 736458720.48541 798219093.1399701 839120885.84163 714778021.24047 636843317.19517 559860054.8385199 590274897.4738 602817475.60499 696260303.91715 771934295.45715 788806461.87937 826269086.1966 654027846.47484 442956580.89213 375831031.2096 271735457.78575 270135532.06883 339200216.2631 347201187.64016 228614895.30809 238244698.53623 380648537.86379 386410742.06216 403677025.18305 443224860.69978 486756273.28301 551794382.78213 842799275.32084 812625972.98727 632242313.53195 580522605.29714 523087512.18532 610813358.231 353941841.83454 298796338.98004 319647152.24892 382580165.90917 319109934.41918 247533647.43841 162969807.85063 111587715.52474 
108917233.19925 52058600.15189 0 72895262.87441 87096199.9094 25112904.18781 136013372.79086 189388062.01709 393984196.46564 295021108.9463 222309410.14393002 360527771.01798 424548471.68833995 626710966.61532 649010551.93005 689373234.19099 707532334.48234 749454363.22895 729433507.91861 757504009.16706 818766920.7890201 867145615.27764 752517022.02619 677801037.92598 607315183.35155 638626289.72527 653541804.39392 747354678.12046 823981022.27537 840863896.27702 878301175.08486 705469428.9934 494500372.32026 425830460.12676 302803275.08003 282528532.34008 360506019.29318 382826667.71766 252513771.92487 278815106.00924003 401177918.01308 406958569.71121 429227129.79661 480790829.96031 527326680.75602007 589212513.99902 885564064.89362 861365011.26698 681128689.25119 630050503.8757 572768220.14659 654344430.17994 389290484.44302 340305313.87731004 365353818.49701 431666282.35836 371164876.72088 299495351.56333 215028408.00252 161115614.1033 
130627972.59704 79609471.9257 72895262.87441 0 76663851.3381 47782358.6866 131509492.83115 188258378.05651 379639046.44348 278709587.79822 217511552.69286 363319369.78353 427340070.45388997 637060050.5523 660094183.49667 700255838.50803 718221039.64507 762475497.0434 743357659.51227 773391421.48499 832618094.18797 888979819.1753701 775953898.03539 700929014.10857 634521678.25256 665846110.95209 681271588.17248 775121435.67338 851495297.44624 868292468.8791499 905598338.34272 732005005.3836501 521168492.71897 451305956.54424 327019658.08300996 288757605.53936005 373374974.96641 403309921.04074 273057257.11808 301670191.1077 415552987.38126 423776047.31556 448298013.72414 504423463.58997 550162104.56705 612644656.05889 910909943.60821 888657018.00335 708743457.28588 657707777.875 600531697.12736 679917278.25249 411001223.84081 363160398.97577 391613216.91137 459787709.77402997 398662721.11922 327143119.36411 241012221.40151 188772888.1026 
191366693.14749 116874403.35457 87096199.9094 76663851.3381 0 81972296.07635 208173344.16925 264365344.78607 439505402.07335 336203174.4153 291225562.40026 439765273.57911 502113808.39592 712424755.7583 735640039.11727 775553296.90918 794250255.44863 836550563.13835 816495939.381 844233813.04218 904472536.8346 952435740.84444 831605023.14593 753678088.79148 669476336.01521 700564913.23872 706239056.15989 797456499.7541101 861499463.27122 876406116.43272 911770687.4689 730403451.01661 522652022.01433 444360905.79612 314153600.9007 223048506.21679 320756032.86699 359192238.37492 289052941.7336 355071700.44169 486469726.43154 493793925.38257 514611622.76051 560024562.39715 601076653.60674 668603801.94218 958492263.26044 921668009.3996301 737015335.74594 681080149.6916 631658894.8537999 726294989.05714 469979975.3304 415435203.23543 432281159.94867 492238171.36297 412299081.84285 337519489.51573 262985071.95637 228462118.87931 
114499534.47136 37297534.75879 25112904.18781 47782358.6866 81972296.07635 0 159284156.26967 210975279.2819 418957174.76241 320130626.09502 244835203.0678 379357230.68142 439436554.85545 638987783.432 660706790.0357101 701830465.73823 719213368.68259 759945360.14047 739086972.34154 764753927.43105 825700082.5230299 870889071.44695 750250827.76138 672856243.26956 596230646.35578 627487576.11233 639627595.79732 732316810.96188 805742963.95868 822198128.91233 859251568.21556 684615055.59939 473941281.24633 403536826.66648 279237299.39641 260636038.3531 336137589.74904 364426551.90468 227400867.73706 273759319.16816 407545983.71819 414301383.82352 433356023.67071 478557505.58062 520762798.56023 587137687.09008 879552629.19495 849762278.9054 667846295.8891 615305247.08623 560007838.78949 647650246.35361 388054343.9158 333794456.0347 356839257.59389 419695039.72581 353053356.33516 280309210.65716 193930853.11605 148779820.86971 
111476034.54877 164377467.32786 136013372.79086 131509492.83115 208173344.16925 159284156.26967 0 58577819.80962 267883945.79628998 191854231.92407 86296037.35307 235807857.66056 299266460.83021 523663843.25171 548621872.74283 586775687.1545 605475081.24741 655068019.41093 639204067.25705 677180247.97896 732529481.80553 803946287.14265 722490928.95606 654488363.58701 629880339.70339 660682247.31094 695261270.75524 790882393.45737 886966636.94559 906991618.3449 946125362.76657 787353546.18602 577944469.71532 522814292.34508 412392383.07717 417737916.60535 494863867.40744 511565381.93651 327029013.64666 315648377.23362 326646605.68803 338041121.18336 374552335.47246 458860586.64349 516808466.98487 562181132.29787 873857875.67732 882189868.14384 714785683.4657099 673257448.02228 606079858.66153 653227515.1431999 361538892.34077 322806092.47228 387934597.3603 468003264.9896 443516548.24113 381695279.80039 309551056.64503 227188684.40791 
136448059.87817 209476105.06909 189388062.01709 188258378.05651 264365344.78607 210975279.2819 58577819.80962 0 239571851.53028 166626710.84987 39931097.98723 178612824.33468 240744457.85251 467845899.72517 493390851.88502 530782260.98777 549662680.50301 600844709.18806 587933006.98941 626826461.18605 680576350.8362 758491802.9145701 693685335.9472001 625057700.77701 619053076.71379 649218600.41146 690266933.98296 786637829.06031 890979455.41903 911345534.33919 952162027.94555 801660615.63305 595746853.41219 547445753.58722 445174150.31343 471403145.74109 543000563.25158 554410140.57142 348900589.60199 323063546.77052 283694936.89648 295631414.83451 342610043.64737 433478996.55455 491180008.22107 532237719.6927 846503394.79451 867778368.31147 707655784.53662 673289830.78119 600152955.67166 627656902.32362 336157118.47586 372042093.22581 400497063.73791003 463232095.84036 458197168.65683 404438332.88742995 341566579.27194 252804406.03155002 
373308937.93803 430544073.06483 393984196.46564 379639046.44348 439505402.07335 418957174.76241 267883945.79628998 239571851.53028 0 103792076.51372 200163915.53812 271206362.98153996 275847414.14906 510631229.54461 539285289.5814 564170159.39459 583659828.47445 648889669.87005 646522654.62592 706586045.93329 744654423.349 861454860.61098 848741963.53052 798986316.91997 834088753.96756 863026664.65836 914281085.21628 1010003839.18344 1122307304.12903 1144820437.0405202 1185453975.9447598 1040041955.48145 834569798.9432 786429948.19794 679747815.13069 662503629.19384 752981760.61096 776810864.1833 588066449.37418 500696876.04304004 436181287.62943 451769297.17761 504625659.20262 623483317.81875 686753044.82461 707196937.20305 1020477064.46659 1073154329.20418 928048516.60643 898144537.08501 822663759.15902 820136205.37487 543852509.95839 519977689.40767 613066784.8161299 691594741.3894 697344161.17977 642057199.08197 575342655.9644799 489037902.94076 
288699411.9374 335109108.81547 295021108.9463 278709587.79822 336203174.4153 320130626.09502 191854231.92407 166626710.84987 103792076.51372 0 133449241.23777 241482958.49005 296106753.47568 542617545.46821 569467918.80402 600943333.25785 619698388.04739 680592435.46178 673172390.2885 726152479.14468 771206400.9748 872519600.56256 832572081.89892 774721391.02566 783918803.10707 813766502.11929 856739647.02902 953085653.75248 1056818092.78906 1077268741.03846 1117863297.97326 963708942.13166 755139174.5111201 700735966.58449 588416620.85633 559251680.63209 651660663.32332 677814768.16497 504310511.34966 435792570.98498 416642490.22538 431329083.558 480216348.29642004 589509570.67057 649161261.97595 681446879.43744 997324461.97275 1030518939.0153499 873536365.28262 837591018.66439 766411122.7811899 785638156.0785 494119134.2459 468778961.58008003 549950894.91115 629856721.54505 619626133.01773 559394352.48406 496043750.81599 404905514.0114 
176218658.36048 246342524.02647 222309410.14393002 217511552.69286 291225562.40026 244835203.0678 86296037.35307 39931097.98723 200163915.53812 133449241.23777 0 160617848.33558 224531028.89766 460887902.83835 487255092.00957 523124757.93413 542362475.98437 596617898.69104 583989941.04658 628729191.54484 679980162.22084 765630747.98282 707765571.85623 646535257.08635 650501586.50421 680421743.8295 724438263.9825499 820529947.4706 926970370.55986 947950307.17766 989031288.51121 840296158.83877 634820836.36553 587307917.87364 484901254.70557 503995850.13239 580935266.46769 593543711.66663 388737841.01016 303490566.70644 295464666.33793 309181232.11033 354374130.95339 456988266.72549 517163962.79440004 553157420.19796 868764073.93443 897243611.07063 742770631.01369 705554823.8352 633615829.66706 653465978.37796 361894388.1503 335329720.34231 417591248.89082 498177812.95813 497180245.64165 442302563.36296 378246099.8233 290218367.47115 
284095432.53712 369158099.47065 360527771.01798 363319369.78353 439765273.57911 379357230.68142 235807857.66056 178612824.33468 271206362.98153996 241482958.49005 160617848.33558 0 64020700.67036 304615453.10993 331844561.78426 366843194.43169 385053771.5208 442581135.75729 433131987.10157 484669520.65463 530794010.79782 632530150.6720899 617763477.58911 562724361.15987 618132342.5165501 644702445.34209 706915669.19726 800072997.1414 924655797.34934 948096302.13231 990655852.69027 867344751.68205 674839984.18005 647921803.51709 569040394.69853 638564146.00433 697693935.20337 697203121.52179 456351740.01954 317506245.14890003 201530998.16516 217119007.71334 271413783.40439 396082428.20382 459864338.25403 472644322.56206 783280358.4456 846600519.6636 713865235.7182801 693173521.25686 615223642.20777 589465177.97643 316449963.24085 317033929.12984 419309473.74247 497600146.11504 538879068.49077 502197163.81981 473880809.86320996 382751868.19422996 
336932004.79314 427052709.55963 424548471.68833995 427340070.45388997 502113808.39592 439436554.85545 299266460.83021 240744457.85251 275847414.14906 296106753.47568 224531028.89766 64020700.67036 0 246510791.99253 273400136.98759 305059985.58341 324747725.85908 384521117.36199 377433488.48909 433150297.12908 475626740.7662 586665736.25405 583683695.33932 548895017.10697 620804240.3738 645642320.12729 714616520.36676 805356860.1501601 935788550.38158 960021167.8130001 1002859037.69581 888834388.95012 704506416.79394 684541467.54024 614262169.18441 697151949.61813 752253717.81329 747571160.15842 498634317.96095 347062278.36691004 196160354.7344 209825388.39504 263911532.37415 392072113.78216 455551219.5052 455993581.65093 760152224.36369 838568693.46624 717424092.04511 702876131.66233 623800665.25244 578921904.6338 324054426.49168 335970406.87088 440852486.104 515558979.30588 572290549.8894501 541148461.54307 507264789.48959 418203768.71874 
526942940.52768004 617870885.3702899 626710966.61532 637060050.5523 712424755.7583 638987783.432 523663843.25171 467845899.72517 510631229.54461 542617545.46821 460887902.83835 304615453.10993 246510791.99253 0 28656022.28467 63253068.27775 81825499.69033 139356318.0332 136475898.81572 202814339.06231 234023193.80439 365773981.59424 447941898.94508 429849038.72265 584718509.0029 600583539.45356 688273463.70408 763337131.43676 910848943.46292 937402011.94843 979243927.35518 910117190.25336 764343194.1549 773615615.3381801 741103118.00568 880120830.81697 910473311.96293 888174206.56546 622708851.18344 448404596.55429 250595969.64659 252213596.75507 273318137.07382 368041584.17549 415388575.9921 369656881.28801 614426691.30007 745123971.61122 676161887.18074 685968115.37962 609534437.30166 496160046.70536005 362317383.34954 406092525.02338 498094281.90456 549547207.70437 651483503.22176 649008382.95441 646383533.72965 570614116.11504 
548214631.01133 639053513.4512199 649010551.93005 660094183.49667 735640039.11727 660706790.0357101 548621872.74283 493390851.88502 539285289.5814 569467918.80402 487255092.00957 331844561.78426 273400136.98759 28656022.28467 0 42918171.10165 62605911.37732 111124777.90277 107973768.25705 175602376.44356 205377708.33049 340397650.64136 419285876.66041 417735153.13691 580442133.17623 594626773.68347 684382585.17352 757027930.83861 905707225.25624 932027747.59693 973994520.0826 910450860.26133 769970884.57997 782716196.9131999 754404155.49016 899166399.56744 926917011.74054 902269567.13513 636549526.80224 462710783.45581996 266367245.46539 266518330.92205 301974159.35849 369380151.17891 413536253.99641 362572518.29605 596151332.25277 732620225.11921 670947337.05041 683210153.56336 607813531.51766 487024344.41699 390099322.04608 417356187.15298 510987234.17595005 554229443.32456 660295100.36401 660877924.66179 661642476.9562 587869536.36622 
589539233.68527 679605137.11747 689373234.19099 700255838.50803 775553296.90918 701830465.73823 586775687.1545 530782260.98777 564170159.39459 600943333.25785 523124757.93413 366843194.43169 305059985.58341 63253068.27775 42918171.10165 0 19687740.27567 88836184.07325 103220665.11126 170934271.97662 186724598.17907 334123988.28637 437357004.53583 443863533.71721005 614015251.50597 627564267.76453 717997443.77583 788157048.57181 937981193.30721 964489629.7830501 1005969879.63899 947357674.00122 810291717.13152 824172628.50861 797206394.01141 941515875.33681 969835182.84219 945147832.13422 679415063.0733 505127138.81931 309232818.94234 309436502.0237 324831459.79794 408063640.58254 449328279.25637 395387111.65259004 611112343.74742 756353401.66846 703837999.74574 717831819.71588 643613845.56914 515887736.92922 411387589.80505 459897176.0414 547744424.76762 594226810.52705 702040103.64042 703465467.30002 704560161.99406 630623121.716 
606768012.32944 696578378.46302 707532334.48234 718221039.64507 794250255.44863 719213368.68259 605475081.24741 549662680.50301 583659828.47445 619698388.04739 542362475.98437 385053771.5208 324747725.85908 81825499.69033 62605911.37732 19687740.27567 0 69148443.79758 83532924.83559 157999331.10448 169174690.87998 323399448.37376 435108908.66742 441653908.02132 617144983.49196 629152275.16796 721034679.01257 789462460.03912 939760126.39591 966232441.27096 1007700459.28257 952798982.88247 819113266.15369 834868835.10831 810364373.24389 957592928.84758 984114386.18982 958706270.24403 694231883.1426301 519908157.9051 328883532.22609 323715705.37133 336715933.84285 414997521.59879 455211745.52861 396204155.88646 603954665.6733199 753335852.50809 704655043.97961 721839638.47982 648022552.37796 518046609.34648 422377659.49308 472343811.96312 558441547.56274 603384233.63204 712809996.42367 716276568.84997 718799134.80368 645904905.51948 
647067137.96122 735071042.5574 749454363.22895 762475497.0434 836550563.13835 759945360.14047 655068019.41093 600844709.18806 648889669.87005 680592435.46178 596617898.69104 442581135.75729 384521117.36199 139356318.0332 111124777.90277 88836184.07325 69148443.79758 0 80727339.01934999 103502884.33358 100026294.90739 254251004.57618 388167367.30867 408998879.7501 598895204.12423 607699369.62972 701809496.25575 763999892.24873 915705788.01862 942257763.69313 982894557.63855 941736132.5104401 820538112.64861 843715672.86929 829855518.07034 990512193.5989399 1009577582.64064 979430785.52088 714505955.77769 542328926.08818 355877884.48447 352597426.27571 355315799.43905 413976467.75366 450186953.98289 377249210.21572 554143595.12082 715700905.26393 681760631.83949 704959142.87175 634710364.35321 488928203.06177 437028102.62764 491022835.09599 568443514.222 604646561.65054 722550228.42173 732690420.89515 743518773.39824 675920963.69841 
626270033.81125 713233105.49967 729433507.91861 743357659.51227 816495939.381 739086972.34154 639204067.25705 587933006.98941 646522654.62592 673172390.2885 583989941.04658 433131987.10157 377433488.48909 136475898.81572 107973768.25705 103220665.11126 83532924.83559 80727339.01934999 0 74466406.26889 140986882.5847 253272066.87603 357079124.86508 375719616.92434 565092009.8711699 573777417.32715 667864350.05991 730271966.02845 881920656.65969 908473725.1452 949160184.82563 907225738.3013 788037900.08089 812464137.25073 801034867.1186 965966250.12043 982430112.96141 950885829.71308 686882328.90271 515327847.5664 333149323.58888 328473292.89731 327686958.2079 381658118.34510005 418374811.13442004 343323281.62149 524997710.72579 682359505.60749 647630364.62337 671013315.43241 600888760.10151 455224619.4898 407840627.2552 462732696.8705 537794708.68171 574380077.83071 691592937.12423 703503061.66978 716442669.5224 652057056.2690201 
652886022.48695 736458720.48541 757504009.16706 773391421.48499 844233813.04218 764753927.43105 677180247.97896 626826461.18605 706586045.93329 726152479.14468 628729191.54484 484669520.65463 433150297.12908 202814339.06231 175602376.44356 170934271.97662 157999331.10448 103502884.33358 74466406.26889 0 66520476.31581 182710511.80396998 294636733.69626 324708290.66554 526040835.00941 531275892.95051 626684494.08588 682372301.01393 834596933.04117 861112295.04219 901029777.5155799 871986409.35798 767659560.73184 800051347.5054 800718703.75899 980083858.5778 987659884.5518 950777769.72968 690033915.79781 524258557.2861 357888998.72691 350545439.45585 338022752.05394 368457509.27788 385139764.38475 308508151.75081 456279960.45178 622155448.34217 602847716.08598 632579834.18308 566968940.7148199 411332842.80477 418203150.57047 467570703.54103 530771877.99027 555295167.22012 681514396.0075 701111887.35351 723223444.84689 664702836.35844 
714235727.95512 798219093.1399701 818766920.7890201 832618094.18797 904472536.8346 825700082.5230299 732529481.80553 680576350.8362 744654423.349 771206400.9748 679980162.22084 530794010.79782 475626740.7662 234023193.80439 205377708.33049 186724598.17907 169174690.87998 100026294.90739 140986882.5847 66520476.31581 0 164621783.42823 340117907.46759 380059538.87721 586237316.75646 589947821.64248 685638616.26124 737306110.98787 889462120.77009 916015189.2556 955408494.17108 933048897.59701 832967452.82331 866322074.16266 867071976.63649 1044513089.00667 1053535644.96978 1017149203.16198 756554392.1136199 589320429.54361 418164699.8366 411808351.07781 402358243.3921 432666626.68623 450034848.24512 371684514.37386 489319713.57796997 666723945.77955 659984971.63071 692594362.84602 628705275.7297 465395387.14141 482054011.96282995 533127001.77576 597245195.96427 621210853.94279 747958319.07237 767542032.03225 788822142.43067 728948579.53833 
762941905.60753 839120885.84163 867145615.27764 888979819.1753701 952435740.84444 870889071.44695 803946287.14265 758491802.9145701 861454860.61098 872519600.56256 765630747.98282 632530150.6720899 586665736.25405 365773981.59424 340397650.64136 334123988.28637 323399448.37376 254251004.57618 253272066.87603 182710511.80396998 164621783.42823 0 226422494.8931 293674788.42471 508070590.5627 503593209.56049 597318194.47608 631661356.99886 780887053.48384 806664064.29291 843359645.63101 849874515.07966 784299128.87612 833331181.12712 859208552.43731 1062394964.274 1052855644.77071 1006156060.14319 758944798.14062 609513398.67067 477342290.97977 467446995.39325 447374096.33826005 428503927.23871 411807283.96014 329378112.75631 340812206.71809 534371007.63044 564603914.68986 609873310.33585 558794070.82206 378513809.12171 490002676.15143 548530944.17049 585966639.23646 588532859.91913 723610903.37861 758550021.67977 797220114.77001 753312448.62511 
654362070.73899 714778021.24047 752517022.02619 775953898.03539 831605023.14593 750250827.76138 722490928.95606 693685335.9472001 848741963.53052 832572081.89892 707765571.85623 617763477.58911 583683695.33932 447941898.94508 419285876.66041 437357004.53583 435108908.66742 388167367.30867 357079124.86508 294636733.69626 340117907.46759 226422494.8931 0 84191001.22472 287295933.58573 279471233.48159 375207753.37792 406400568.63335 556726056.66822 582783774.32384 620125066.64568 624354253.24003 574099913.79086 633159036.63883 679498537.53643 902909778.62692 875098838.4243 820091900.85406 594735928.24464 476533322.70424 416232479.42395 408097085.08966 353410474.00238 281201209.19039 238032245.38123 177568838.11311 179928076.17358 327652321.03108 338261878.76542 385751334.25694996 340974893.77644 157834983.56645 365715485.63652 416737234.92352 418277423.23926 397901100.05419 534207130.25468 581994533.53395 637054873.51631 613748361.70496 
580420841.78609 636843317.19517 677801037.92598 700929014.10857 753678088.79148 672856243.26956 654488363.58701 625057700.77701 798986316.91997 774721391.02566 646535257.08635 562724361.15987 548895017.10697 429849038.72265 417735153.13691 443863533.71721005 441653908.02132 408998879.7501 375719616.92434 324708290.66554 380059538.87721 293674788.42471 84191001.22472 0 216576079.95571 212795041.78577 308210867.98724 357747556.65381 509988517.95227003 536485746.00021 576371745.99105 559546525.41198 494346628.5813 551927034.0030401 597149006.2290599 819643212.78357 790909357.8543 736125575.8285 511408493.8308 399355537.22459 362837324.46589 348944267.30147004 296211338.93487 197010207.96567 153841244.15651 93377836.88839 223641212.0797 315276991.70442 280234040.18066 318255254.77516 265177894.19674 86624552.13923 293694493.04483 341029829.06003 335329116.63702 313710098.82947 450213142.94364 497886021.29702 554007034.06135 533745484.3573 
533741670.8376 559860054.8385199 607315183.35155 634521678.25256 669476336.01521 596230646.35578 629880339.70339 619053076.71379 834088753.96756 783918803.10707 650501586.50421 618132342.5165501 620804240.3738 584718509.0029 580442133.17623 614015251.50597 617144983.49196 598895204.12423 565092009.8711699 526040835.00941 586237316.75646 508070590.5627 287295933.58573 216576079.95571 0 31324432.69953 103982192.26986 185033598.88114 328560198.51843 352819303.68022 395316877.1539 346971013.84456 293150772.75035 363792572.55201 439458869.0263 680168453.92547 628176210.57411 563779099.53308 388822699.9942 352025036.32303 425805331.57408 411505160.61906 358828873.40306 236342762.43483 172318091.55788 221876760.57297 321576247.31279 254363602.55884 134140333.45207 106539781.64524 101159086.54588 129951527.81648 318420835.98985 315520381.22903 244609532.74045 177279888.92935 294466025.48363 355735366.67058 432760539.62441 448294710.60078 
563456737.11084 590274897.4738 638626289.72527 665846110.95209 700564913.23872 627487576.11233 660682247.31094 649218600.41146 863026664.65836 813766502.11929 680421743.8295 644702445.34209 645642320.12729 600583539.45356 594626773.68347 627564267.76453 629152275.16796 607699369.62972 573777417.32715 531275892.95051 589947821.64248 503593209.56049 279471233.48159 212795041.78577 31324432.69953 0 95736519.89633 164173576.063 311080451.57277 337446695.03841 379576299.16708004 346819267.35055 312253284.89425004 386452717.1069 466862439.64882 708469605.84783 653903240.6921201 588243758.98543 419161859.03709 382800961.49628 450551998.57189 435934503.19113 382583388.66972 254450303.07072 203642524.25741002 232993392.00485998 301396087.29891 223054455.03095 102815900.75254 106280100.77536 79872345.44639 127823431.7491 329157933.59878 345092023.48719 275862624.37624 208327738.64268 318009169.60925996 384986428.96381 463856634.86382 479342560.31411 
590035715.32589 602817475.60499 653541804.39392 681271588.17248 706239056.15989 639627595.79732 695261270.75524 690266933.98296 914281085.21628 856739647.02902 724438263.9825499 706915669.19726 714616520.36676 688273463.70408 684382585.17352 717997443.77583 721034679.01257 701809496.25575 667864350.05991 626684494.08588 685638616.26124 597318194.47608 375207753.37792 308210867.98724 103982192.26986 95736519.89633 0 96405595.79561 224578006.24857 250211158.27781 292984526.277 252593460.45974 254330882.38597 339659781.96502 440606551.79614 683736231.35886 615390820.56265 544638716.88091 417605315.00732 420947697.27611 520640258.28502 506964588.29607 455833428.63995 331431684.68337 274432660.45099 325742961.75661 362538341.35264 229708605.96733 43660512.95427 27339200.91748 91933549.32797 221600463.74176 391294310.91353 394866733.17655 307326673.39494 228277657.23747 300116426.02644 373991784.20507 461928988.11745 492605743.19184 
685490943.8975599 696260303.91715 747354678.12046 775121435.67338 797456499.7541101 732316810.96188 790882393.45737 786637829.06031 1010003839.18344 953085653.75248 820529947.4706 800072997.1414 805356860.1501601 763337131.43676 757027930.83861 788157048.57181 789462460.03912 763999892.24873 730271966.02845 682372301.01393 737306110.98787 631661356.99886 406400568.63335 357747556.65381 185033598.88114 164173576.063 96405595.79561 0 152240961.29846 178794029.78397 221734429.25551 245228075.67515 318209300.29846 408552031.47458 520494254.55798 761566083.29289 684674719.58702 611707771.91131 508403558.02051 517293082.7675 610293355.21837 596158799.8361 543769956.79603 416505965.59226 356500890.11713 394478419.84752 362595534.56144 172964454.52854 88594432.59286 117961250.81544 188339145.12357998 275085307.98963 483623033.90055 490075565.64678 403729665.39479 324573897.05893 387286299.56767 462128826.40209 549182150.72962 586782325.01537 
778082453.82171 771934295.45715 823981022.27537 851495297.44624 861499463.27122 805742963.95868 886966636.94559 890979455.41903 1122307304.12903 1056818092.78906 926970370.55986 924655797.34934 935788550.38158 910848943.46292 905707225.25624 937981193.30721 939760126.39591 915705788.01862 881920656.65969 834596933.04117 889462120.77009 780887053.48384 556726056.66822 509988517.95227003 328560198.51843 311080451.57277 224578006.24857 152240961.29846 0 26553068.48551 69493467.95705 173664394.57808 343318508.88013 431736451.12839 559515659.53387 787652043.87134 692543616.7071 615605106.29261 578485892.4005101 625365590.41124 743267786.1638 729943458.93348 679943238.0661 555290766.14322 498682997.56119 543810940.12245 482531087.33922 279372511.96117 235363815.42752 233096580.54025 312496366.30364 426981621.94173 611785720.27544 611533608.69455 513527155.05403 432612612.02801 452833403.80241 525758297.07175 613342175.88187 668611750.1793001 
800231415.7955999 788806461.87937 840863896.27702 868292468.8791499 876406116.43272 822198128.91233 906991618.3449 911345534.33919 1144820437.0405202 1077268741.03846 947950307.17766 948096302.13231 960021167.8130001 937402011.9484301 932027747.59693 964489629.7830501 966232441.27096 942257763.69313 908473725.1452 861112295.04219 916015189.2556 806664064.29291 582783774.32384 536485746.00021 352819303.68022 337446695.03841 250211158.27781 178794029.78397 26553068.48551 0 42940399.47154 173925128.22287 355853490.87468 442702070.1722 571966194.7187899 795316765.12802 698913961.03386 621987704.83576 595249082.37861 647246850.602 767904761.20516 754685167.43695 704651851.59047 580742277.86073 524519327.95613 570364008.60796 505801826.61173 301029320.32422 261916883.91303 258376594.44392002 337294650.17836 453532451.25772 635966741.32132 631677065.31881 533979326.67321 453350506.59943 469800445.76338 541926324.36033 629161050.47174 686949752.6426401 
835571470.83603 826269086.1966 878301175.08486 905598338.34272 911770687.4689 859251568.21556 946125362.76657 952162027.94555 1185453975.9447598 1117863297.97326 989031288.51121 990655852.69027 1002859037.69581 979243927.35518 973994520.0826 1005969879.63899 1007700459.28257 982894557.63855 949160184.82563 901029777.5155799 955408494.17108 843359645.63101 620125066.64568 576371745.99105 395316877.1539 379576299.16708004 292984526.277 221734429.25551 69493467.95705 42940399.47154 0 195957823.2535 389661633.17776 474406988.21205 605060490.71813 826207308.7228 724398330.99339 647503172.6444 632794024.65132 688736161.26297 810826308.24994 797625566.90849 747592251.0620099 623603836.65327 567417186.72799 611928995.93082 536861311.18587 328309926.34931 303506590.55405 301303741.56836 380234368.93527 493981427.4622 678810997.94045 674092275.17582 576301893.37633 495387350.35031 507701439.50212 578942357.5584 665709937.36836 725360725.56339 
676123725.8687799 654027846.47484 705469428.9934 732005005.3836501 730403451.01661 684615055.59939 787353546.18602 801660615.63305 1040041955.48145 963708942.13166 840296158.83877 867344751.68205 888834388.95012 910117190.25336 910450860.26133 947357674.00122 952798982.88247 941736132.5104401 907225738.3013 871986409.35798 933048897.59701 849874515.07966 624354253.24003 559546525.41198 346971013.84456 346819267.35055 252593460.45974 245228075.67515 173664394.57808 173925128.22287 195957823.2535 0 211159531.58796 286804316.47786 417928963.84499 631183911.93869 528515632.86084 451650983.40442 463748637.50087 552791816.05813 706996164.94692 695941151.76989 652446013.57516 542119820.98081 498405302.47687 564755934.54491 595796723.51041 413659462.0431 287883501.80152 241291270.63682 309805652.23433 473180054.63224995 572984974.01805 553296446.92446 448139611.08174 374489684.66725 344083212.17642 408210894.21543 491138299.23858 561157995.56615 
466568770.7528 442956580.89213 494500372.32026 521168492.71897 522652022.01433 473941281.24633 577944469.71532 595746853.41219 834569798.9432 755139174.5111201 634820836.36553 674839984.18005 704506416.79394 764343194.1549 769970884.57997 810291717.13152 819113266.15369 820538112.64861 788037900.08089 767659560.73184 832967452.82331 784299128.87612 574099913.79086 494346628.5813 293150772.75035 312253284.89425004 254330882.38597 318209300.29846 343318508.88013 355853490.87468 389661633.17776 211159531.58796 0 91381944.39183 216229712.13817 448197820.17644 366520635.99499 293553416.49381 252806370.53422 360530712.70703006 536671517.90549 528115828.2146 493310897.99467 406576795.64618 385978704.01304 465033082.79913 608130514.62125 483766227.14653003 297991395.34024 227835440.42183 236603062.94907 417277399.17151 407144938.35665 373971900.46571 270684553.64968 225855556.08508998 137909910.26913 212925644.27907 280178150.28067 351035934.60258 
413749732.89804006 375831031.2096 425830460.12676 451305956.54424 444360905.79612 403536826.66648 522814292.34508 547445753.58722 786429948.19794 700735966.58449 587307917.87364 647921803.51709 684541467.54024 773615615.3381801 782716196.9131999 824172628.50861 834868835.10831 843715672.86929 812464137.25073 800051347.5054 866322074.16266 833331181.12712 633159036.63883 551927034.0030401 363792572.55201 386452717.1069 339659781.96502 408552031.47458 431736451.12839 442702070.1722 474406988.21205 286804316.47786 91381944.39183 0 131126273.8719 357002443.76426 281927011.60055 204988501.18606 198608945.1245 341725029.73656 533324732.49269 528012295.27697 500297478.26436 433801934.63151 423118909.66443 508231500.68003 684224081.2118 569368387.93235 381681454.24346 316091625.14459 307566289.51316 480113602.65432 413425076.22076 369807966.10695 276539310.05596 247283992.81821 127728056.66074 146699781.79228002 214707193.50991 297393386.74466 
308727362.206 271735457.78575 302803275.08003 327019658.08300996 314153600.9007 279237299.39641 412392383.07717 445174150.31343 679747815.13069 588416620.85633 484901254.70557 569040394.69853 614262169.18441 741103118.00568 754404155.49016 797206394.01141 810364373.24389 829855518.07034 801034867.1186 800718703.75899 867071976.63649 859208552.43731 679498537.53643 597149006.2290599 439458869.0263 466862439.64882 440606551.79614 520494254.55798 559515659.53387 571966194.7187899 605060490.71813 417928963.84499 216229712.13817 131126273.8719 0 243350791.85381 195725264.80951002 150111508.66145 119053212.89423 292763781.52733 491437663.7836 488903259.73828 475035881.52278 441969110.45612 450308614.12453 534949425.79026 758956951.84003 669469023.78741 479213678.25141 413392248.17843 387529989.16094005 537613280.11436 393282265.11224 338943673.5342 273571840.42791 289803583.18085 152954249.7416 111771240.5732 108765649.93512 199903272.25964 
361069893.5051 270135532.06883 282528532.34008 288757605.53936005 223048506.21679 260636038.3531 417737916.60535 471403145.74109 662503629.19384 559251680.63209 503995850.13239 638564146.00433 697151949.61813 880120830.81697 899166399.56744 941515875.33681 957592928.84758 990512193.5989399 965966250.12043 980083858.5778 1044513089.00667 1062394964.274 902909778.62692 819643212.78357 680168453.92547 708469605.84783 683736231.35886 761566083.29289 787652043.87134 795316765.12802 826207308.7228 631183911.93869 448197820.17644 357002443.76426 243350791.85381 0 118960650.41243 186877622.98482 308234718.95277 456600047.11529 635023332.15099 637915366.39184 642177268.15337 646238396.86889 667970704.50367 749157785.33286 996552738.91375 912794499.086 722564470.1052201 656474369.6588 629725720.3863 770200187.17834 574637530.09733 515809959.36613 484967846.84889 514411715.7839 390914962.86713 326577835.34588 291505229.441 326463389.21364 
417455445.3763 339200216.2631 360506019.29318 373374974.96641 320756032.86699 336137589.74904 494863867.40744 543000563.25158 752981760.61096 651660663.32332 580935266.46769 697693935.20337 752253717.81329 910473311.96293 926917011.74054 969835182.84219 984114386.18982 1009577582.64064 982430112.96141 987659884.5518 1053535644.96978 1052855644.77071 875098838.4243 790909357.8543 628176210.57411 653903240.6921201 615390820.56265 684674719.58702 692543616.7071 698913961.03386 724398330.99339 528515632.86084 366520635.99499 281927011.60055 195725264.80951002 118960650.41243 0 76938510.41449 297625968.75399 467248656.55246 660692106.00076 660398680.81849 654743154.75351 635303924.62888 645667682.72368 729978079.39469 949438313.42883 845099426.52998 656721499.3155 588135353.56789 574030895.24573 731770278.78196 577873764.00196 527490499.905 466889005.53425 477664859.80327 343153297.5294 294989319.48924 304490914.74463004 372609612.85682 
421965209.62003 347201187.64016 382826667.71766 403309921.04074 359192238.37492 364426551.90468 511565381.93651 554410140.57142 776810864.1833 677814768.16497 593543711.66663 697203121.52179 747571160.15842 888174206.56546 902269567.13513 945147832.13422 958706270.24403 979430785.52088 950885829.71308 950777769.72968 1017149203.16198 1006156060.14319 820091900.85406 736125575.8285 563779099.53308 588243758.98543 544638716.88091 611707771.91131 615605106.29261 621987704.83576 647503172.6444 451650983.40442 293553416.49381 204988501.18606 150111508.66145 186877622.98482 76938510.41449 0 269164721.55568 441982898.01798 637694499.52034 636038533.69355 624352813.42851 590764091.17663 595799643.56283 680999640.37921 885327780.40076 773270523.10094 586641441.89325 518183365.80994 508558425.43415 672662855.92146 543321464.02427 488527540.17684996 422437810.09036 422637114.67153 285916322.51277 249954926.64295 255555835.99157 329367391.43968 
215822879.02615 228614895.30809 252513771.92487 273057257.11808 289052941.7336 227400867.73706 327029013.64666 348900589.60199 588066449.37418 504310511.34966 388737841.01016 456351740.01954 498634317.96095 622708851.18344 636549526.80224 679415063.0733 694231883.1426301 714505955.77769 686882328.90271 690033915.79781 756554392.1136199 758944798.14062 594735928.24464 511408493.8308 388822699.9942 419161859.03709 417605315.00732 508403558.02051 578485892.4005101 595249082.37861 632794024.65132 463748637.50087 252806370.53422 198608945.1245 119053212.89423 308234718.95277 297625968.75399 269164721.55568 0 174351623.37396 372673718.0474 370516177.7713 359195370.69481 340359455.59799 359830277.75651 440923066.38009 696021443.14605 636707953.74543 449644802.19929 392196638.98745 348228154.78705 469967848.31343 281745298.36896 233336669.43336 225203041.63183 213762042.70704 125652488.5981 55537743.28544 104175221.02772999 133143390.438 
216909030.97893 238244698.53623 278815106.00924003 301670191.1077 355071700.44169 273759319.16816 315648377.23362 323063546.77052 500696876.04304004 435792570.98498 303490566.70644 317506245.14890003 347062278.36691004 448404596.55429 462710783.45581996 505127138.81931 519908157.9051 542328926.08818 515327847.5664 524258557.2861 589320429.54361 609513398.67067 476533322.70424 399355537.22459 352025036.32303 382800961.49628 420947697.27611 517293082.7675 625365590.41124 647246850.602 688736161.26297 552791816.05813 360530712.70703006 341725029.73656 292763781.52733 456600047.11529 467248656.55246 441982898.01798 174351623.37396 0 198809116.51131 196192452.53377 187846265.33293 204987731.85408 248511574.74678 313570916.94609 609717402.19139 604148263.59119 440294257.58611 402161432.91477 331139456.23948 379821037.83183 119515391.9303 61490207.86807 114158323.92617 194952493.58452 228120871.31358 204053609.86389 201192607.22336 229674485.09068 
297359822.53005 380648537.86379 401177918.01308 415552987.38126 486469726.43154 407545983.71819 326646605.68803 283694936.89648 436181287.62943 416642490.22538 295464666.33793 201530998.16516 196160354.7344 250595969.64659 266367245.46539 309232818.94234 328883532.22609 355877884.48447 333149323.58888 357888998.72691 418164699.8366 477342290.97977 416232479.42395 362837324.46589 425805331.57408 450551998.57189 520640258.28502 610293355.21837 743267786.1638 767904761.20516 810826308.24994 706996164.94692 536671517.90549 533324732.49269 491437663.7836 635023332.15099 660692106.00076 637694499.52034 372673718.0474 198809116.51131 0 15588009.54818 70113068.56532 197244525.34705 261023780.98236 271113324.3969 586476586.46323 646300434.56372 522483749.88627 510173630.93877 430790177.8459 388210301.8963 139169000.67221 164047113.30195 266072743.47508 332809116.36848 412781222.17665 401774756.566 395797896.03531 331885215.89614 
