15
22 2 9 38 30 26 29 19 28 7 18 41 1 35 11
0 113580188.90791 87550626.8884 297352608.7275 625775152.66782 535944200.43586 444609962.48892 367691235.48869 546267825.05192 490150140.39039004 749285399.63587 796202672.51647 655444063.99539 194076533.3431 71124794.2487 
113580188.90791 0 199387874.72192 403232249.82862 695883736.33864 619488025.4217 509577855.55243 358377036.85265 590700773.93406 498265734.48748004 757991952.26987 776169042.8601 634602991.2647 257538164.83212 184704983.15661 
87550626.8884 199387874.72192 0 237193138.69075 623244810.7275 538090175.74493 436215637.76185 280140608.60029 526550479.22234 527910308.38404 795959568.97017 842877068.73192 710458170.87189 239741122.86124 34704432.56359 
297352608.7275 403232249.82862 237193138.69075 0 401218531.38698 321593803.06630003 379593635.04374003 223518605.88218 359686862.52987 483032026.66547 753164926.44199 800082426.20374 699978609.05683 296967464.94254 271863977.05964 
625775152.66782 695883736.33864 623244810.7275 401218531.38698 0 128344078.69337 187029172.96565 343104202.12721 128693468.96542 405650760.79943 574081416.15991 602645829.35288 591044138.45451 508871821.14199 634021505.07466 
535944200.43586 619488025.4217 538090175.74493 321593803.06630003 128344078.69337 0 150850183.69343 264620201.66625 166905836.80597 430825456.17346 645029213.76942 679426810.40333 648608160.17627 433835936.95471 533661670.41312 
444609962.48892 509577855.55243 436215637.76185 379593635.04374003 187029172.96565 150850183.69343 0 156075029.16156 315722641.93106997 283432403.34622 523510443.61875 570427943.3805 646899404.62392 579506010.3935101 460505183.82122 
367691235.48869 358377036.85265 280140608.60029 223518605.88218 343104202.12721 264620201.66625 156075029.16156 0 246409870.62205 304291332.94659 576213566.10684 620494889.0394 520547782.42526 519881731.46152997 306736240.48918 
546267825.05192 590700773.93406 526550479.22234 359686862.52987 128693468.96542 166905836.80597 315722641.93106997 246409870.62205 0 276957291.83401 478253406.26107 512543323.64458 481875578.56807995 380178352.17657 553146111.11123 
490150140.39039004 498265734.48748004 527910308.38404 483032026.66547 405650760.79943 430825456.17346 283432403.34622 304291332.94659 276957291.83401 0 273956093.25063 320873593.01238 397345054.2558 296073607.04729 541451589.64225 
749285399.63587 757991952.26987 795959568.97017 753164926.44199 574081416.15991 645029213.76942 523510443.61875 576213566.10684 478253406.26107 273956093.25063 0 46917499.76175 123388961.00517 558068926.81125 806353847.47426 
796202672.51647 776169042.8601 842877068.73192 800082426.20374 602645829.35288 679426810.40333 570427943.3805 620494889.0394 512543323.64458 320873593.01238 46917499.76175 0 170306460.76692 604936295.75464 853230948.9495 
655444063.99539 634602991.2647 710458170.87189 699978609.05683 591044138.45451 648608160.17627 646899404.62392 520547782.42526 481875578.56807995 397345054.2558 123388961.00517 170306460.76692 0 470717048.01065 716943044.00397 
194076533.3431 257538164.83212 239741122.86124 296967464.94254 508871821.14199 433835936.95471 579506010.3935101 519881731.46152997 380178352.17657 296073607.04729 558068926.81125 604936295.75464 470717048.01065 0 248294653.19486 
71124794.2487 184704983.15661 34704432.56359 271863977.05964 634021505.07466 533661670.41312 460505183.82122 306736240.48918 553146111.11123 541451589.64225 806353847.47426 853230948.9495 716943044.00397 248294653.19486 0 
