35
x79 x13 x59 x49 x3 x58 x68 x94 x73 x25 x87 x90 x4 x86 x89 x8 x71 x18 x0 x81 x43 x55 x54 x46 x41 x97 x1 x21 x31 x88 x95 x91 x7 x44 x61
0 0.13156 0.14056000000000002 0.15458 0.04907 0.15 0.40147 0.27924 0.21964 0.4768 0.19767 0.16947 0.22334 0.31246 0.38049 0.4689 0.38114 0.3807 0.3227 0.33277999999999996 0.29886999999999997 0.13659 0.49061 0.34558 0.52371 0.6873 0.22372999999999998 0.40147 0.5861999999999999 0.63481 0.5011099999999999 0.45399 0.43423 0.06696 0.1586 
0.13156 0 0.009 0.07511999999999999 0.18063 0.28156000000000003 0.47697 0.37883999999999995 0.3512 0.34524 0.29427 0.30103 0.31994 0.44401999999999997 0.51205 0.39544 0.44999 0.45619999999999994 0.35414 0.46434 0.43043 0.26815 0.41293 0.47714 0.6082 0.8180099999999999 0.35529 0.53303 0.71776 0.6367 0.52552 0.57264 0.51657 0.19852 0.29016 
0.14056000000000002 0.009 0 0.06612 0.17163 0.29056000000000004 0.46797 0.36984 0.3422 0.35424 0.30327 0.29203 0.31094 0.43502 0.50305 0.38644 0.44099 0.4472 0.34514 0.45533999999999997 0.42142999999999997 0.25915 0.40393 0.46814 0.5992 0.80901 0.34629 0.52403 0.70876 0.6277 0.51652 0.56364 0.52557 0.18952 0.28115999999999997 
0.15458 0.07511999999999999 0.06612 0 0.10551 0.2505 0.50197 0.30372 0.27608 0.42035999999999996 0.25411 0.22591 0.24482 0.3689 0.43693 0.45256 0.37487 0.38108 0.37914000000000003 0.38922 0.35531 0.19303 0.47005 0.44875 0.53308 0.74289 0.28017 0.4927 0.64264 0.69382 0.55755 0.51043 0.5888100000000001 0.22154000000000001 0.31318 
0.04907 0.18063 0.17163 0.10551 0 0.14498999999999998 0.39646 0.23016999999999999 0.17057 0.43650999999999995 0.21375999999999998 0.21854 0.27241000000000004 0.26339 0.33142 0.5064299999999999 0.33207 0.37568999999999997 0.27363 0.28371 0.2498 0.08752 0.44154 0.34324 0.48457 0.63823 0.17465999999999998 0.38719000000000003 0.53713 0.60552 0.45204 0.40492 0.4833 0.11603 0.20767 
0.15 0.28156000000000003 0.29056000000000004 0.2505 0.14498999999999998 0 0.25147 0.37318 0.31358 0.57074 0.29161 0.26341 0.28232 0.4064 0.37704 0.56284 0.47705999999999993 0.47463999999999995 0.41664 0.42869999999999997 0.39479 0.23251 0.5845499999999999 0.43951999999999997 0.61765 0.70469 0.31767 0.46846 0.6184 0.72875 0.53126 0.54991 0.34029 0.1609 0.25254 
0.40147 0.47697 0.46797 0.50197 0.39646 0.25147 0 0.30389 0.36349 0.6294299999999999 0.54308 0.51488 0.53379 0.48451999999999995 0.56782 0.6684399999999999 0.46257 0.66048 0.66811 0.6801699999999999 0.64626 0.41457999999999995 0.6913 0.69099 0.62078 0.66052 0.56914 0.53264 0.71059 0.9569700000000001 0.53922 0.5863400000000001 0.5917600000000001 0.41237 0.5040100000000001 
0.27924 0.37884 0.36984 0.30372 0.23016999999999999 0.37318 0.30389 0 0.0596 0.32554 0.33340000000000003 0.3052 0.32411 0.29631 0.26393 0.39215 0.49984999999999996 0.57192 0.46986 0.51388 0.47997 0.14265 0.38741000000000003 0.53947 0.34164 0.53729 0.37089 0.22875 0.45437 0.65308 0.46892 0.51202 0.58623 0.34619999999999995 0.40588 
0.21964 0.3512 0.3422 0.27608 0.17057 0.31358 0.36349 0.0596 0 0.26594 0.38037 0.3648 0.38371 0.35591 0.32353 0.45175 0.50264 0.54428 0.44222 0.45428 0.42037 0.08305 0.43707 0.51183 0.314 0.52381 0.34325 0.28835 0.51397 0.71268 0.42822 0.47534 0.64583 0.28659999999999997 0.37823999999999997 
0.4768 0.34524 0.35424 0.42036 0.43651 0.57074 0.6294299999999999 0.32554 0.26594 0 0.5433 0.5151 0.53401 0.61375 0.5894699999999999 0.7176899999999999 0.73815 0.8014399999999999 0.69938 0.72022 0.68631 0.34899 0.7025 0.7777700000000001 0.57994 0.78975 0.54499 0.55429 0.68431 0.7527 0.42244000000000004 0.46956 0.43393 0.54376 0.6354 
0.19767 0.29427 0.30327 0.25411 0.21375999999999998 0.29161 0.54308 0.33340000000000003 0.38037 0.5433 0 0.0282 0.08207 0.37995 0.43145 0.29267 0.45496000000000003 0.46116999999999997 0.47657 0.30235 0.33626 0.29732 0.55493 0.40932999999999997 0.38244 0.5922499999999999 0.38644 0.42807 0.58091 0.49354 0.58276 0.61868 0.57057 0.13071 0.22235 
0.16947 0.30103 0.29203 0.22591 0.21854 0.26341 0.51488 0.3052 0.3648 0.5151 0.0282 0 0.05387 0.35175 0.40325 0.29943 0.42676000000000003 0.43296999999999997 0.44837 0.27415 0.30806 0.30606 0.52673 0.38112999999999997 0.35424 0.5640499999999999 0.3932 0.39987 0.55271 0.52174 0.5545599999999999 0.60168 0.54247 0.10251 0.19415 
0.22334000000000004 0.31994 0.31094 0.24482 0.27241000000000004 0.28232 0.53379 0.32411 0.38371 0.53401 0.08207 0.05387 0 0.29788 0.38117999999999996 0.35329999999999995 0.37289 0.3791 0.39449999999999996 0.32802 0.36193 0.32299 0.54564 0.40004 0.40811 0.61792 0.43717 0.346 0.57162 0.51921 0.57065 0.61777 0.59634 0.15638000000000002 0.24802 
0.31246 0.44402 0.43502 0.3689 0.26339 0.4064 0.48451999999999995 0.29631 0.35591 0.6137499999999999 0.37995 0.35175 0.29788 0 0.0833 0.33812 0.49307 0.6028 0.50214 0.5471 0.51319 0.35091 0.5178400000000001 0.60663 0.38955 0.59936 0.36195 0.1238 0.27374 0.62685 0.36397 0.41108999999999996 0.6301 0.34652 0.36667 
0.38049 0.51205 0.50305 0.43693 0.33142 0.37704 0.56782 0.26393 0.32353 0.5894699999999999 0.43145 0.40325 0.38117999999999996 0.0833 0 0.25482 0.46069 0.5704199999999999 0.5104 0.53393 0.50002 0.37462 0.48546 0.67416 0.30625 0.51606 0.27865 0.09142 0.24136000000000002 0.60007 0.33159 0.37871 0.5538500000000001 0.42593 0.33429 
0.4689 0.39544 0.38644 0.45256 0.50643 0.56284 0.6684399999999999 0.39215 0.45175 0.7176899999999999 0.29267 0.29943 0.35329999999999995 0.33812 0.25482 0 0.20587 0.40378 0.30172 0.57358 0.60749 0.5347999999999999 0.74028 0.5163 0.56107 0.76559 0.53347 0.34624 0.49617999999999995 0.78621 0.49781000000000003 0.45069000000000004 0.67134 0.40193999999999996 0.49357999999999996 
0.38114 0.44999 0.44099 0.37487 0.33207 0.47705999999999993 0.46257 0.49984999999999996 0.50264 0.73815 0.45496000000000003 0.42676000000000003 0.37289 0.49307 0.46069 0.20587 0 0.19791 0.29997 0.43757 0.40366 0.41958999999999996 0.7736099999999999 0.67531 0.55403 0.7638400000000001 0.50051 0.50119 0.65113 0.71952 0.34135 0.38847 0.6113599999999999 0.40279 0.31115 
0.3807 0.4562 0.4472 0.38108 0.37568999999999997 0.47463999999999995 0.66048 0.57192 0.54428 0.8014399999999999 0.46116999999999997 0.43296999999999997 0.3791 0.6028 0.57042 0.40378 0.19791 0 0.10206 0.44377999999999995 0.47768999999999995 0.46320999999999996 0.81525 0.5363 0.35612 0.56593 0.54837 0.479 0.7608599999999999 0.82553 0.53926 0.58638 0.8092699999999999 0.44766 0.50906 
0.3227 0.35414 0.34514 0.37914 0.27363 0.41664 0.66811 0.46986 0.44222 0.69938 0.47656999999999994 0.44836999999999994 0.39449999999999996 0.50214 0.5104 0.30172 0.29997 0.10206 0 0.34172 0.37563 0.36114999999999997 0.71319 0.43424 0.45818 0.46387 0.44631 0.55026 0.75176 0.7234700000000001 0.4372 0.48432 0.7072099999999999 0.38966 0.48129999999999995 
0.33278 0.46434000000000003 0.45534 0.38922 0.28371 0.42869999999999997 0.6801699999999999 0.51388 0.45428 0.72022 0.30235 0.27415 0.32802 0.5471 0.53393 0.57358 0.43757 0.44378 0.34172 0 0.03391 0.37123 0.72525 0.60911 0.56433 0.77414 0.45837 0.57443 0.7135 0.79589 0.7357499999999999 0.68863 0.6904600000000001 0.37666 0.4683 
0.29886999999999997 0.43043 0.42143 0.35531 0.2498 0.39479 0.6462600000000001 0.47997 0.42037 0.68631 0.33626 0.30806 0.36193 0.51319 0.50002 0.60749 0.40366 0.47769 0.37563 0.03391 0 0.33732 0.69134 0.5752 0.56187 0.7716799999999999 0.42446 0.54052 0.67959 0.8298 0.70184 0.65472 0.7243700000000001 0.36583 0.45746999999999993 
0.13659 0.26815 0.25915 0.19303 0.08752 0.23251 0.41457999999999995 0.14265 0.08305 0.34899 0.29732 0.30606 0.32299 0.35091000000000006 0.37462 0.5347999999999999 0.41958999999999996 0.46320999999999996 0.36114999999999997 0.37123 0.33732 0 0.35402 0.42878 0.39705 0.60686 0.2602 0.3714 0.59702 0.69304 0.51127 0.49244 0.57082 0.20355 0.29518999999999995 
0.49061 0.41293 0.40393 0.47005 0.44154 0.58455 0.6913 0.38741000000000003 0.43707 0.7025 0.55493 0.52673 0.54564 0.5178400000000001 0.48546 0.74028 0.7736099999999999 0.81525 0.71319 0.72525 0.69134 0.35402 0 0.36679 0.72905 0.9247000000000001 0.61422 0.4093 0.6759 0.70331 0.63446 0.58734 0.81023 0.5533 0.6449400000000001 
0.34558 0.47714 0.46814 0.44875 0.34324 0.43951999999999997 0.69099 0.53947 0.51183 0.77777 0.40932999999999997 0.38112999999999997 0.40004 0.60663 0.67416 0.5163 0.67531 0.5363 0.43424 0.60911 0.5752 0.42878 0.36679 0 0.61919 0.829 0.51592 0.5838399999999999 0.64166 0.75987 0.46259 0.41547 0.53432 0.27862 0.37026 
0.52371 0.6082 0.5992 0.53308 0.48457 0.61765 0.62078 0.34164 0.314 0.57994 0.38244 0.35424 0.40811 0.38955 0.30625 0.56107 0.55403 0.35612 0.45818 0.56433 0.56187 0.39705 0.72905 0.61919 0 0.20981 0.46082 0.39767 0.5476099999999999 0.616 0.63784 0.68496 0.73602 0.45675 0.44531 
0.6873 0.81801 0.80901 0.74289 0.63823 0.70469 0.66052 0.53729 0.52381 0.78975 0.5922499999999999 0.5640499999999999 0.6179199999999999 0.59936 0.51606 0.76559 0.7638400000000001 0.56593 0.46387 0.77414 0.7716799999999999 0.60686 0.9247000000000001 0.829 0.20981 0 0.67063 0.60748 0.75742 0.8258099999999999 0.80361 0.75649 0.7967600000000001 0.6665599999999999 0.6551199999999999 
0.22372999999999998 0.35529 0.34629 0.28017 0.17465999999999998 0.31767 0.56914 0.37089 0.34325 0.54499 0.38644 0.3932 0.43717 0.36195 0.27865 0.53347 0.50051 0.54837 0.44631 0.45836999999999994 0.42445999999999995 0.2602 0.61422 0.51592 0.46082 0.67063 0 0.37007 0.46009 0.5884 0.38271 0.33559 0.65272 0.29069 0.38232999999999995 
0.40147 0.53303 0.52403 0.49269999999999997 0.38719 0.46846 0.53264 0.22875 0.28835 0.55429 0.42806999999999995 0.39986999999999995 0.346 0.1238 0.09142 0.34624 0.50119 0.479 0.55026 0.57443 0.54052 0.3714 0.4093 0.5838399999999999 0.39767 0.60748 0.37007 0 0.28186 0.64057 0.24017 0.28729 0.51018 0.33451 0.24287 
0.5861999999999999 0.71776 0.70876 0.64264 0.53713 0.6184000000000001 0.71059 0.45437 0.51397 0.68431 0.58091 0.55271 0.57162 0.27374 0.24136000000000002 0.49618 0.65113 0.76086 0.75176 0.7135 0.67959 0.59702 0.6759 0.64166 0.54761 0.75742 0.46009 0.28186 0 0.35871 0.52203 0.56915 0.72298 0.5961399999999999 0.5045 
0.63481 0.6367 0.6277 0.69382 0.60552 0.72875 0.95697 0.65308 0.71268 0.7527 0.49354 0.52174 0.51921 0.62685 0.60007 0.78621 0.71952 0.8255300000000001 0.7234700000000001 0.79589 0.8298 0.69304 0.70331 0.75987 0.616 0.8258099999999999 0.5884 0.64057 0.35871 0 0.83589 0.88301 0.85819 0.56785 0.57289 
0.5011099999999999 0.52552 0.51652 0.55755 0.45204 0.53126 0.53922 0.46892 0.42822 0.42244000000000004 0.58276 0.5545599999999999 0.57065 0.36397 0.33159 0.49781 0.34135 0.53926 0.4372 0.7357499999999999 0.70184 0.51127 0.63446 0.46259 0.63784 0.80361 0.38271 0.24017 0.52203 0.83589 0 0.04712 0.27001 0.45205 0.36041 
0.45399 0.57264 0.56364 0.51043 0.40492 0.54991 0.5863400000000001 0.51202 0.47534 0.46956 0.61868 0.60168 0.61777 0.41108999999999996 0.37871 0.45069000000000004 0.38847 0.58638 0.48432 0.68863 0.65472 0.49244 0.58734 0.41547 0.68496 0.75649 0.33559 0.28729 0.56915 0.88301 0.04712 0 0.31712999999999997 0.49917 0.40753 
0.43423 0.51657 0.52557 0.5888100000000001 0.4833 0.34029 0.5917600000000001 0.58623 0.64583 0.43393 0.57057 0.54247 0.59634 0.6301 0.5538500000000001 0.67134 0.6113599999999999 0.8092699999999999 0.7072099999999999 0.6904600000000001 0.7243700000000001 0.57082 0.81023 0.53432 0.73602 0.7967600000000001 0.65272 0.51018 0.72298 0.85819 0.27001 0.31712999999999997 0 0.50119 0.59283 
0.06696 0.19852 0.18952 0.22154000000000001 0.11603 0.1609 0.41237 0.34619999999999995 0.28659999999999997 0.54376 0.13071 0.10251 0.15638000000000002 0.34652 0.42593 0.40193999999999996 0.40279 0.44766 0.38966 0.37666 0.36583 0.20355 0.5533 0.27862 0.45675 0.66656 0.29069 0.33451 0.59614 0.56785 0.45205 0.49917 0.50119 0 0.09164 
0.1586 0.29016 0.28115999999999997 0.31318 0.20767 0.25254 0.5040100000000001 0.40588 0.37823999999999997 0.6354 0.22235 0.19415 0.24802 0.36667 0.33429 0.49357999999999996 0.31115 0.50906 0.48129999999999995 0.4683 0.45747 0.29518999999999995 0.6449400000000001 0.37026 0.44531 0.6551199999999999 0.38232999999999995 0.24287 0.5045 0.57289 0.36041 0.40753 0.59283 0.09164 0 
