16
x3 x18 x25 x42 x35 x44 x26 x49 x9 x2 x5 x1 x27 x15 x23 x37
0 0.97756 1.14583 1.34144 1.13539 1.39319 1.36714 1.23533 1.27813 1.80419 1.6566800000000002 1.02746 1.5201099999999999 1.66441 1.05216 1.02535 
0.97756 0 0.16827 0.36388 0.55223 0.81003 1.02722 0.9728699999999999 0.63711 1.16317 1.18356 0.87224 0.54255 0.8270500000000001 0.76507 1.3397299999999999 
1.14583 0.16827 0 0.19561 0.6272 0.86632 0.8589500000000001 0.97424 0.46884 0.9948999999999999 1.33319 0.70397 0.71082 0.65878 0.9333400000000001 1.17146 
1.34144 0.36388 0.19561 0 0.43159 0.68939 0.66334 1.06878 0.66445 1.19051 1.41263 0.7834099999999999 0.81631 0.85439 0.84932 1.36707 
1.13539 0.55223 0.6272 0.43159 0 0.2578 0.58215 0.75214 0.8528 1.10987 1.3413899999999999 1.03007 1.09478 0.89476 1.28091 1.26419 
1.39319 0.81003 0.86632 0.68939 0.2578 0 0.48955 0.89499 1.1106 1.36767 1.28475 1.24307 1.27534 1.15256 1.53871 1.52199 
1.36714 1.02722 0.8589500000000001 0.66334 0.58215 0.48955 0 0.40544 1.0209000000000001 1.5469600000000001 1.7743 1.4467500000000002 1.47965 1.47691 1.10199 1.75894 
1.23533 0.9728699999999999 0.97424 1.06878 0.75214 0.89499 0.40544 0 0.61546 1.1415199999999999 1.53145 1.45071 1.4390399999999999 1.3154 1.12048 1.5975 
1.27813 0.63711 0.46884 0.66445 0.8528 1.1106 1.0209000000000001 0.61546 0 0.52606 1.57872 1.17281 1.17966 0.95207 1.32556 1.54892 
1.80419 1.1631699999999998 0.9948999999999999 1.19051 1.10987 1.36767 1.54696 1.1415199999999999 0.52606 0 1.05266 1.26274 1.56701 1.47813 0.87937 1.26063 
1.6566800000000002 1.18356 1.33319 1.41263 1.3413899999999999 1.28475 1.7743 1.53145 1.57872 1.05266 0 0.62922 1.65736 1.7281300000000002 1.42966 1.07971 
1.02746 0.87224 0.70397 0.7834099999999999 1.03007 1.24307 1.44675 1.45071 1.17281 1.26274 0.62922 0 1.18194 1.09891 0.9466 1.47991 
1.5201099999999999 0.54255 0.71082 0.81631 1.0947799999999999 1.27534 1.47965 1.4390399999999999 1.17966 1.56701 1.65736 1.18194 0 0.37691 0.68764 1.08325 
1.66441 0.8270500000000001 0.65878 0.85439 0.89476 1.15256 1.47691 1.3154 0.95207 1.47813 1.7281300000000002 1.09891 0.37691 0 0.61225 1.2692 
1.05216 0.76507 0.9333400000000001 0.84932 1.28091 1.53871 1.10199 1.12048 1.32556 0.87937 1.42966 0.9466 0.68764 0.61225 0 0.65695 
1.02535 1.3397299999999999 1.17146 1.36707 1.26419 1.52199 1.75894 1.5975 1.54892 1.26063 1.07971 1.47991 1.08325 1.2692 0.65695 0 
