24
Ironshore Freyview Marbleiron Foxvale Woodice Corbank Ironriver Oakmere Dellwyn Foxhaven Valhaven Courtcastle Westvale Violetley Eriwall Oldmoor Morwall Butterbush Newby Brightmere Esterfall Goldwyvern Irondeer Clearnesse
0 10874.0 13739.0 19930.0 16127.0 16104.0 17993.0 14381.0 17467.0 15141.0 11223.0 18339.0 12036.0 11205.0 13504.0 19981.0 15033.0 17731.0 12954.0 13175.0 17252.0 18411.0 19348.0 10657.0 
10874.0 0 10687.0 13868.0 12747.0 15040.0 18230.0 17828.0 14578.0 17045.0 14012.0 16669.0 18984.0 10970.0 11528.0 15796.0 15492.0 16103.0 11501.0 15299.0 14550.0 17499.0 14720.0 10719.0 
13739.0 10687.0 0 10337.0 17095.0 11043.0 16356.0 19688.0 19860.0 10494.0 19307.0 17627.0 16783.0 17748.0 13712.0 16346.0 16327.0 13801.0 13948.0 14921.0 19441.0 13302.0 12203.0 13899.0 
19930.0 13868.0 10337.0 0 10375.0 13311.0 14697.0 11499.0 16589.0 16214.0 10721.0 19566.0 19090.0 14412.0 12802.0 16745.0 13014.0 15592.0 13037.0 15964.0 12211.0 12407.0 10744.0 15734.0 
16127.0 12747.0 17095.0 10375.0 0 10067.0 15612.0 11258.0 15832.0 19072.0 10222.0 18589.0 16103.0 17179.0 11599.0 19176.0 17343.0 19574.0 14128.0 14929.0 18023.0 19087.0 14634.0 14029.0 
16104.0 15040.0 11043.0 13311.0 10067.0 0 10125.0 19053.0 16441.0 17167.0 11190.0 10535.0 19411.0 16310.0 12134.0 11511.0 15171.0 19810.0 17227.0 17504.0 14206.0 13623.0 18926.0 12117.0 
17993.0 18230.0 16356.0 14697.0 15612.0 10125.0 0 11647.0 18100.0 13122.0 12647.0 16467.0 16841.0 14670.0 17396.0 16868.0 15146.0 19118.0 15952.0 12597.0 18467.0 12081.0 18649.0 11068.0 
14381.0 17828.0 19688.0 11499.0 11258.0 19053.0 11647.0 0 10199.0 14155.0 19547.0 16572.0 13368.0 13452.0 17363.0 19350.0 17742.0 10621.0 12789.0 19929.0 10954.0 19532.0 11373.0 15418.0 
17467.0 14578.0 19860.0 16589.0 15832.0 16441.0 18100.0 10199.0 0 12190.0 15552.0 18909.0 19801.0 12610.0 12878.0 12191.0 15472.0 13926.0 18890.0 14813.0 19583.0 13656.0 11956.0 12739.0 
15141.0 17045.0 10494.0 16214.0 19072.0 17167.0 13122.0 14155.0 12190.0 0 11054.0 14941.0 14382.0 13132.0 19057.0 19057.0 11259.0 17280.0 11548.0 14826.0 13481.0 18892.0 14423.0 17454.0 
11223.0 14012.0 19307.0 10721.0 10222.0 11190.0 12647.0 19547.0 15552.0 11054.0 0 10261.0 16093.0 15824.0 13145.0 18173.0 13666.0 18017.0 11021.0 14967.0 14984.0 18003.0 14557.0 19402.0 
18339.0 16669.0 17627.0 19566.0 18589.0 10535.0 16467.0 16572.0 18909.0 14941.0 10261.0 0 10847.0 14652.0 13081.0 14880.0 16492.0 13533.0 14114.0 19602.0 16371.0 14289.0 13246.0 16538.0 
12036.0 18984.0 16783.0 19090.0 16103.0 19411.0 16841.0 13368.0 19801.0 14382.0 16093.0 10847.0 0 10446.0 19237.0 13639.0 11129.0 15871.0 11369.0 18273.0 19375.0 15592.0 15134.0 18690.0 
11205.0 10970.0 17748.0 14412.0 17179.0 16310.0 14670.0 13452.0 12610.0 13132.0 15824.0 14652.0 10446.0 0 11183.0 16831.0 11336.0 11960.0 14666.0 19639.0 17261.0 18590.0 11785.0 11099.0 
13504.0 11528.0 13712.0 12802.0 11599.0 12134.0 17396.0 17363.0 12878.0 19057.0 13145.0 13081.0 19237.0 11183.0 0 11386.0 13660.0 16607.0 13440.0 15209.0 14912.0 16900.0 11781.0 16431.0 
19981.0 15796.0 16346.0 16745.0 19176.0 11511.0 16868.0 19350.0 12191.0 19057.0 18173.0 14880.0 13639.0 16831.0 11386.0 0 11424.0 12867.0 19361.0 10482.0 13497.0 16448.0 12265.0 18478.0 
15033.0 15492.0 16327.0 13014.0 17343.0 15171.0 15146.0 17742.0 15472.0 11259.0 13666.0 16492.0 11129.0 11336.0 13660.0 11424.0 0 11088.0 16801.0 11044.0 13539.0 13184.0 18311.0 16986.0 
17731.0 16103.0 13801.0 15592.0 19574.0 19810.0 19118.0 10621.0 13926.0 17280.0 18017.0 13533.0 15871.0 11960.0 16607.0 12867.0 11088.0 0 11815.0 12691.0 17300.0 12196.0 17371.0 18984.0 
12954.0 11501.0 13948.0 13037.0 14128.0 17227.0 15952.0 12789.0 18890.0 11548.0 11021.0 14114.0 11369.0 14666.0 13440.0 19361.0 16801.0 11815.0 0 18041.0 14991.0 15150.0 16520.0 19584.0 
13175.0 15299.0 14921.0 15964.0 14929.0 17504.0 12597.0 19929.0 14813.0 14826.0 14967.0 19602.0 18273.0 19639.0 15209.0 10482.0 11044.0 12691.0 18041.0 0 10430.0 11503.0 14895.0 15104.0 
17252.0 14550.0 19441.0 12211.0 18023.0 14206.0 18467.0 10954.0 19583.0 13481.0 14984.0 16371.0 19375.0 17261.0 14912.0 13497.0 13539.0 17300.0 14991.0 10430.0 0 10792.0 15559.0 15622.0 
18411.0 17499.0 13302.0 12407.0 19087.0 13623.0 12081.0 19532.0 13656.0 18892.0 18003.0 14289.0 15592.0 18590.0 16900.0 16448.0 13184.0 12196.0 15150.0 11503.0 10792.0 0 12928.0 16673.0 
19348.0 14720.0 12203.0 10744.0 14634.0 18926.0 18649.0 11373.0 11956.0 14423.0 14557.0 13246.0 15134.0 11785.0 11781.0 12265.0 18311.0 17371.0 16520.0 14895.0 15559.0 12928.0 0 11080.0 
10657.0 10719.0 13899.0 15734.0 14029.0 12117.0 11068.0 15418.0 12739.0 17454.0 19402.0 16538.0 18690.0 11099.0 16431.0 18478.0 16986.0 18984.0 19584.0 15104.0 15622.0 16673.0 11080.0 0 
