47
Westmill Butterbush Bluedell Freyview Newley Wolflea Bushgate Clearnesse Stonefair Esterash Morwall Foxvale Corbank Wellmage Lightmere Esterfall Stoneglass Eriwall Woodice Eastcastle Courtcastle Irondeer Oakmere Southwheat Shoreburn Violetley Erilyn Newby Westerlight Valhaven Greyice Ironriver Westvale Lochmage Marbleiron Wildemarsh Snowshore Greenshore Ironshore Clearland Fairsage Dellwyn Buttermead Rosemill Courtwall Oldmoor Brightmere
0 10257.0 16763.0 14971.0 18255.0 17884.0 15046.0 16658.0 19994.0 12615.0 19990.0 18211.0 19048.0 13364.0 19485.0 13776.0 16968.0 11327.0 10460.0 11689.0 11859.0 10639.0 14271.0 19185.0 11303.0 14566.0 17918.0 19660.0 16876.0 12375.0 17088.0 18793.0 12087.0 15510.0 18407.0 14319.0 10439.0 10590.0 15038.0 17946.0 10792.0 19126.0 17133.0 11009.0 14847.0 14011.0 10339.0 
10257.0 0 10284.0 11455.0 13128.0 11283.0 17988.0 18131.0 18272.0 17752.0 19300.0 17821.0 18285.0 13396.0 18755.0 11350.0 14514.0 13775.0 10781.0 13972.0 13242.0 11185.0 19207.0 13742.0 13117.0 17543.0 13922.0 18448.0 18167.0 11026.0 16549.0 14643.0 14587.0 16220.0 14116.0 11885.0 17955.0 18952.0 17475.0 14792.0 15153.0 10818.0 11400.0 18555.0 19323.0 12250.0 14916.0 
16763.0 10284.0 0 10036.0 14876.0 13867.0 11309.0 10252.0 11847.0 14146.0 18938.0 19571.0 19161.0 17198.0 17526.0 10890.0 12279.0 19731.0 18204.0 11675.0 15804.0 10483.0 16559.0 16152.0 14656.0 18481.0 19236.0 13931.0 14795.0 18405.0 11973.0 13782.0 16723.0 15354.0 12869.0 11738.0 14841.0 14944.0 16585.0 12205.0 13655.0 19627.0 10552.0 16856.0 10226.0 15102.0 10648.0 
14971.0 11455.0 10036.0 0 10104.0 17877.0 11618.0 16433.0 12492.0 18243.0 14629.0 10124.0 10756.0 16101.0 13263.0 18025.0 11668.0 19837.0 19642.0 14375.0 16148.0 14730.0 11303.0 10934.0 18392.0 19146.0 18862.0 19369.0 15192.0 19328.0 17961.0 12339.0 18426.0 11497.0 15821.0 11171.0 17629.0 17788.0 18106.0 14631.0 12156.0 12646.0 14057.0 12521.0 17343.0 13935.0 11115.0 
18255.0 13128.0 14876.0 10104.0 0 10493.0 12215.0 17019.0 18503.0 10657.0 16232.0 11839.0 15172.0 16862.0 10959.0 10649.0 14991.0 15383.0 16359.0 13011.0 19155.0 17032.0 18543.0 11224.0 12621.0 19269.0 14421.0 15634.0 19813.0 15492.0 12825.0 10934.0 15518.0 17661.0 17126.0 15951.0 15793.0 13695.0 19061.0 13587.0 13269.0 14206.0 11329.0 14273.0 11579.0 17462.0 11577.0 
17884.0 11283.0 13867.0 17877.0 10493.0 0 10002.0 10451.0 12943.0 15900.0 14535.0 11400.0 13746.0 15387.0 18179.0 10727.0 16984.0 19631.0 16557.0 18622.0 13474.0 14135.0 18937.0 19924.0 19756.0 10220.0 18939.0 16354.0 17008.0 17968.0 14253.0 15482.0 14734.0 13290.0 18426.0 12859.0 12877.0 18918.0 14688.0 11424.0 11919.0 13045.0 13759.0 19856.0 16878.0 17522.0 15252.0 
15046.0 17988.0 11309.0 11618.0 12215.0 10002.0 0 10559.0 13839.0 18544.0 19953.0 15373.0 14770.0 12290.0 12820.0 14167.0 14384.0 14608.0 19282.0 10934.0 16524.0 11886.0 16266.0 11740.0 16853.0 19871.0 15648.0 17702.0 17737.0 15573.0 13247.0 14396.0 15962.0 15758.0 11966.0 16126.0 14140.0 17351.0 13744.0 15905.0 14875.0 18030.0 10831.0 13699.0 18899.0 17473.0 16219.0 
16658.0 18131.0 10252.0 16433.0 17019.0 10451.0 10559.0 0 10003.0 12360.0 16824.0 15967.0 17240.0 18167.0 11022.0 18661.0 17257.0 14987.0 11101.0 13577.0 14573.0 14159.0 15800.0 12711.0 14818.0 12085.0 17432.0 19611.0 14187.0 14372.0 16805.0 12791.0 14728.0 17293.0 16860.0 10110.0 17089.0 14858.0 11969.0 11381.0 19279.0 10167.0 18886.0 17003.0 17377.0 16044.0 17462.0 
19994.0 18272.0 11847.0 12492.0 18503.0 12943.0 13839.0 10003.0 0 10002.0 15797.0 19077.0 16407.0 11700.0 12691.0 10965.0 17605.0 17112.0 13925.0 18574.0 10889.0 12632.0 17143.0 13592.0 19189.0 15735.0 17681.0 17729.0 10312.0 13947.0 16477.0 13047.0 16360.0 11022.0 17880.0 19312.0 10509.0 18346.0 11870.0 12776.0 19416.0 19770.0 16842.0 19238.0 11808.0 15821.0 16736.0 
12615.0 17752.0 14146.0 18243.0 10657.0 15900.0 18544.0 12360.0 10002.0 0 10492.0 15779.0 15344.0 14081.0 19060.0 15383.0 11681.0 14919.0 19243.0 18682.0 11364.0 16520.0 18815.0 18209.0 15817.0 14286.0 18389.0 16679.0 15217.0 14229.0 15395.0 17230.0 12588.0 12564.0 17496.0 11101.0 11305.0 13417.0 16647.0 16624.0 13445.0 16157.0 15718.0 15731.0 19461.0 11315.0 19015.0 
19990.0 19300.0 18938.0 14629.0 16232.0 14535.0 19953.0 16824.0 15797.0 10492.0 0 11029.0 13493.0 17397.0 13654.0 18205.0 17677.0 12188.0 13562.0 15986.0 14092.0 19283.0 17817.0 17462.0 14286.0 17606.0 19090.0 16874.0 16441.0 18196.0 11152.0 18924.0 14801.0 14396.0 19255.0 11579.0 15937.0 16333.0 13415.0 11510.0 13031.0 19357.0 17720.0 17067.0 19028.0 11599.0 19990.0 
18211.0 17821.0 19571.0 10124.0 11839.0 11400.0 15373.0 15967.0 19077.0 15779.0 11029.0 0 10216.0 10961.0 12264.0 14260.0 13674.0 17232.0 17182.0 11060.0 17420.0 17209.0 12862.0 18255.0 14007.0 14418.0 16990.0 18463.0 19486.0 10853.0 19842.0 15325.0 13791.0 15055.0 15342.0 16582.0 15354.0 12099.0 18913.0 12804.0 15578.0 17041.0 10656.0 12759.0 16170.0 16652.0 18566.0 
19048.0 18285.0 19161.0 10756.0 15172.0 13746.0 14770.0 17240.0 16407.0 15344.0 13493.0 10216.0 0 10110.0 19334.0 16955.0 12056.0 11830.0 13465.0 13343.0 14954.0 13590.0 14144.0 17561.0 14013.0 17062.0 17737.0 18581.0 10619.0 18616.0 17540.0 15817.0 16129.0 19702.0 11483.0 18680.0 19820.0 10148.0 17104.0 17172.0 17171.0 17297.0 14476.0 11809.0 19556.0 12517.0 11938.0 
13364.0 13396.0 17198.0 16101.0 16862.0 15387.0 12290.0 18167.0 11700.0 14081.0 17397.0 10961.0 10110.0 0 10253.0 18046.0 18379.0 16014.0 12934.0 15218.0 15247.0 10798.0 17439.0 10477.0 16326.0 17657.0 12144.0 14109.0 19944.0 10337.0 17609.0 16023.0 11981.0 12558.0 18719.0 10390.0 15647.0 18756.0 11951.0 19462.0 13283.0 18207.0 17458.0 17792.0 14930.0 13018.0 11446.0 
19485.0 18755.0 17526.0 13263.0 10959.0 18179.0 12820.0 11022.0 12691.0 19060.0 13654.0 12264.0 19334.0 10253.0 0 10372.0 16442.0 19130.0 10859.0 10632.0 19487.0 16023.0 14089.0 15936.0 13142.0 18447.0 15811.0 19204.0 14141.0 19165.0 12633.0 11100.0 14344.0 15979.0 15388.0 13547.0 16461.0 13836.0 10686.0 11873.0 16108.0 10600.0 11756.0 16091.0 19762.0 15084.0 13708.0 
13776.0 11350.0 10890.0 18025.0 10649.0 10727.0 14167.0 18661.0 10965.0 15383.0 18205.0 14260.0 16955.0 18046.0 10372.0 0 10779.0 17749.0 16997.0 16837.0 17767.0 19536.0 11027.0 16105.0 19009.0 15908.0 16651.0 11560.0 16907.0 12042.0 12177.0 17190.0 12086.0 14895.0 13270.0 19496.0 17876.0 15206.0 16506.0 11158.0 13353.0 18355.0 14619.0 18761.0 17198.0 15043.0 16046.0 
16968.0 14514.0 12279.0 11668.0 14991.0 16984.0 14384.0 17257.0 17605.0 11681.0 17677.0 13674.0 12056.0 18379.0 16442.0 10779.0 0 10298.0 13674.0 17098.0 18306.0 15426.0 17946.0 13832.0 13620.0 17762.0 11272.0 14385.0 16106.0 16641.0 16979.0 18848.0 16265.0 15157.0 18847.0 18462.0 16945.0 15906.0 13423.0 14202.0 14341.0 14891.0 11735.0 19639.0 14141.0 13065.0 11993.0 
11327.0 13775.0 19731.0 19837.0 15383.0 19631.0 14608.0 14987.0 17112.0 14919.0 12188.0 17232.0 11830.0 16014.0 19130.0 17749.0 10298.0 0 10050.0 12631.0 14852.0 16736.0 12026.0 13971.0 16285.0 11741.0 19503.0 14463.0 12114.0 17633.0 10243.0 15483.0 13357.0 14157.0 16765.0 11614.0 11712.0 12808.0 12466.0 15554.0 10108.0 14622.0 14425.0 12498.0 19272.0 15739.0 11082.0 
10460.0 10781.0 18204.0 19642.0 16359.0 16557.0 19282.0 11101.0 13925.0 19243.0 13562.0 17182.0 13465.0 12934.0 10859.0 16997.0 13674.0 10050.0 0 10056.0 18695.0 13403.0 19899.0 17001.0 14938.0 10752.0 18360.0 17880.0 14267.0 17886.0 14993.0 13479.0 11347.0 13383.0 19211.0 19956.0 10076.0 11545.0 16764.0 12189.0 13298.0 11082.0 19263.0 19236.0 11817.0 11987.0 11509.0 
11689.0 13972.0 11675.0 14375.0 13011.0 18622.0 10934.0 13577.0 18574.0 18682.0 15986.0 11060.0 13343.0 15218.0 10632.0 16837.0 17098.0 12631.0 10056.0 0 10002.0 12380.0 18988.0 14292.0 13068.0 13398.0 16631.0 13275.0 13870.0 10736.0 15923.0 10108.0 13158.0 10228.0 14996.0 19749.0 14435.0 10047.0 16924.0 14108.0 10896.0 17570.0 15399.0 15969.0 19237.0 12329.0 17399.0 
11859.0 13242.0 15804.0 16148.0 19155.0 13474.0 16524.0 14573.0 10889.0 11364.0 14092.0 17420.0 14954.0 15247.0 19487.0 17767.0 18306.0 14852.0 18695.0 10002.0 0 10642.0 16453.0 19167.0 15466.0 17486.0 11434.0 15536.0 14370.0 15400.0 19466.0 10770.0 19766.0 18354.0 19194.0 12529.0 17495.0 19908.0 19022.0 13690.0 10705.0 13741.0 18339.0 11013.0 13417.0 13956.0 10542.0 
10639.0 11185.0 10483.0 14730.0 17032.0 14135.0 11886.0 14159.0 12632.0 16520.0 19283.0 17209.0 13590.0 10798.0 16023.0 19536.0 15426.0 16736.0 13403.0 12380.0 10642.0 0 10550.0 19532.0 15598.0 15636.0 17219.0 17409.0 17800.0 11536.0 16406.0 13373.0 12609.0 12904.0 11636.0 16131.0 14147.0 19812.0 19448.0 15890.0 19653.0 18712.0 13001.0 19741.0 15519.0 19509.0 12825.0 
14271.0 19207.0 16559.0 11303.0 18543.0 18937.0 16266.0 15800.0 17143.0 18815.0 17817.0 12862.0 14144.0 17439.0 14089.0 11027.0 17946.0 12026.0 19899.0 18988.0 16453.0 10550.0 0 10483.0 18582.0 12017.0 14445.0 17639.0 13116.0 17148.0 17270.0 14117.0 17932.0 11862.0 17746.0 13237.0 19936.0 14946.0 18807.0 13181.0 19144.0 16956.0 17644.0 11798.0 19258.0 17751.0 16688.0 
19185.0 13742.0 16152.0 10934.0 11224.0 19924.0 11740.0 12711.0 13592.0 18209.0 17462.0 18255.0 17561.0 10477.0 15936.0 16105.0 13832.0 13971.0 17001.0 14292.0 19167.0 19532.0 10483.0 0 11722.0 17742.0 18875.0 17060.0 14683.0 15663.0 16491.0 19985.0 14257.0 19021.0 19939.0 12004.0 18112.0 12790.0 18916.0 13972.0 19965.0 15460.0 17798.0 19753.0 12114.0 12842.0 12575.0 
11303.0 13117.0 14656.0 18392.0 12621.0 19756.0 16853.0 14818.0 19189.0 15817.0 14286.0 14007.0 14013.0 16326.0 13142.0 19009.0 13620.0 16285.0 14938.0 13068.0 15466.0 15598.0 18582.0 11722.0 0 10363.0 19319.0 18254.0 12402.0 16507.0 10719.0 12215.0 19099.0 15859.0 18933.0 19900.0 18640.0 19550.0 10460.0 11500.0 10419.0 17669.0 17900.0 18588.0 10883.0 15861.0 17629.0 
14566.0 17543.0 18481.0 19146.0 19269.0 10220.0 19871.0 12085.0 15735.0 14286.0 17606.0 14418.0 17062.0 17657.0 18447.0 15908.0 17762.0 11741.0 10752.0 13398.0 17486.0 15636.0 12017.0 17742.0 10363.0 0 10190.0 19165.0 12449.0 11144.0 16025.0 15553.0 10576.0 12397.0 10406.0 16040.0 12485.0 10839.0 17568.0 14501.0 12725.0 14667.0 17570.0 12941.0 11036.0 17465.0 14903.0 
17918.0 13922.0 19236.0 18862.0 14421.0 18939.0 15648.0 17432.0 17681.0 18389.0 19090.0 16990.0 17737.0 12144.0 15811.0 16651.0 11272.0 19503.0 18360.0 16631.0 11434.0 17219.0 14445.0 18875.0 19319.0 10190.0 0 10019.0 10068.0 15606.0 19372.0 15764.0 10390.0 10932.0 16255.0 15175.0 15233.0 14395.0 15297.0 10143.0 11443.0 13287.0 14854.0 18893.0 17383.0 13378.0 10876.0 
19660.0 18448.0 13931.0 19369.0 15634.0 16354.0 17702.0 19611.0 17729.0 16679.0 16874.0 18463.0 18581.0 14109.0 19204.0 11560.0 14385.0 14463.0 17880.0 13275.0 15536.0 17409.0 17639.0 17060.0 18254.0 19165.0 10019.0 0 10424.0 11606.0 11377.0 14553.0 12027.0 19144.0 10468.0 10804.0 10727.0 13044.0 16273.0 14962.0 14760.0 18281.0 18278.0 15711.0 19540.0 19315.0 18880.0 
16876.0 18167.0 14795.0 15192.0 19813.0 17008.0 17737.0 14187.0 10312.0 15217.0 16441.0 19486.0 10619.0 19944.0 14141.0 16907.0 16106.0 12114.0 14267.0 13870.0 14370.0 17800.0 13116.0 14683.0 12402.0 12449.0 10068.0 10424.0 0 10128.0 13764.0 11652.0 18131.0 12916.0 15648.0 15815.0 12887.0 13457.0 10387.0 18582.0 19835.0 17109.0 12096.0 12189.0 11014.0 13775.0 13063.0 
12375.0 11026.0 18405.0 19328.0 15492.0 17968.0 15573.0 14372.0 13947.0 14229.0 18196.0 10853.0 18616.0 10337.0 19165.0 12042.0 16641.0 17633.0 17886.0 10736.0 15400.0 11536.0 17148.0 15663.0 16507.0 11144.0 15606.0 11606.0 10128.0 0 10113.0 14589.0 11925.0 11127.0 16107.0 17644.0 19402.0 16373.0 15867.0 11125.0 17636.0 15650.0 15745.0 17764.0 17848.0 10528.0 13246.0 
17088.0 16549.0 11973.0 17961.0 12825.0 14253.0 13247.0 16805.0 16477.0 15395.0 11152.0 19842.0 17540.0 17609.0 12633.0 12177.0 16979.0 10243.0 14993.0 15923.0 19466.0 16406.0 17270.0 16491.0 10719.0 16025.0 19372.0 11377.0 13764.0 10113.0 0 10078.0 15216.0 18727.0 17178.0 13743.0 10480.0 16091.0 19675.0 18652.0 16416.0 16544.0 18197.0 14009.0 10268.0 15842.0 10961.0 
18793.0 14643.0 13782.0 12339.0 10934.0 15482.0 14396.0 12791.0 13047.0 17230.0 18924.0 15325.0 15817.0 16023.0 11100.0 17190.0 18848.0 15483.0 13479.0 10108.0 10770.0 13373.0 14117.0 19985.0 12215.0 15553.0 15764.0 14553.0 11652.0 14589.0 10078.0 0 10693.0 17364.0 18345.0 14803.0 15116.0 13797.0 11413.0 14516.0 18011.0 14348.0 16506.0 14026.0 17713.0 16249.0 17739.0 
12087.0 14587.0 16723.0 18426.0 15518.0 14734.0 15962.0 14728.0 16360.0 12588.0 14801.0 13791.0 16129.0 11981.0 14344.0 12086.0 16265.0 13357.0 11347.0 13158.0 19766.0 12609.0 17932.0 14257.0 19099.0 10576.0 10390.0 12027.0 18131.0 11925.0 15216.0 10693.0 0 10437.0 17399.0 13556.0 18338.0 12181.0 11008.0 11103.0 18736.0 10581.0 19945.0 15234.0 14153.0 13786.0 10767.0 
15510.0 16220.0 15354.0 11497.0 17661.0 13290.0 15758.0 17293.0 11022.0 12564.0 14396.0 15055.0 19702.0 12558.0 15979.0 14895.0 15157.0 14157.0 13383.0 10228.0 18354.0 12904.0 11862.0 19021.0 15859.0 12397.0 10932.0 19144.0 12916.0 11127.0 18727.0 17364.0 10437.0 0 10226.0 16990.0 16238.0 11632.0 18058.0 19735.0 14553.0 11290.0 15122.0 18629.0 15316.0 15367.0 19969.0 
18407.0 14116.0 12869.0 15821.0 17126.0 18426.0 11966.0 16860.0 17880.0 17496.0 19255.0 15342.0 11483.0 18719.0 15388.0 13270.0 18847.0 16765.0 19211.0 14996.0 19194.0 11636.0 17746.0 19939.0 18933.0 10406.0 16255.0 10468.0 15648.0 16107.0 17178.0 18345.0 17399.0 10226.0 0 10119.0 15398.0 10223.0 11517.0 17634.0 12921.0 15710.0 18644.0 12173.0 13575.0 13653.0 16690.0 
14319.0 11885.0 11738.0 11171.0 15951.0 12859.0 16126.0 10110.0 19312.0 11101.0 11579.0 16582.0 18680.0 10390.0 13547.0 19496.0 18462.0 11614.0 19956.0 19749.0 12529.0 16131.0 13237.0 12004.0 19900.0 16040.0 15175.0 10804.0 15815.0 17644.0 13743.0 14803.0 13556.0 16990.0 10119.0 0 11417.0 16127.0 15391.0 14070.0 19629.0 12751.0 15990.0 13991.0 12400.0 15595.0 12335.0 
10439.0 17955.0 14841.0 17629.0 15793.0 12877.0 14140.0 17089.0 10509.0 11305.0 15937.0 15354.0 19820.0 15647.0 16461.0 17876.0 16945.0 11712.0 10076.0 14435.0 17495.0 14147.0 19936.0 18112.0 18640.0 12485.0 15233.0 10727.0 12887.0 19402.0 10480.0 15116.0 18338.0 16238.0 15398.0 11417.0 0 10232.0 17916.0 19827.0 19850.0 19259.0 12782.0 16860.0 19797.0 17889.0 13554.0 
10590.0 18952.0 14944.0 17788.0 13695.0 18918.0 17351.0 14858.0 18346.0 13417.0 16333.0 12099.0 10148.0 18756.0 13836.0 15206.0 15906.0 12808.0 11545.0 10047.0 19908.0 19812.0 14946.0 12790.0 19550.0 10839.0 14395.0 13044.0 13457.0 16373.0 16091.0 13797.0 12181.0 11632.0 10223.0 16127.0 10232.0 0 11377.0 16781.0 14814.0 16295.0 19849.0 14547.0 15756.0 18247.0 10772.0 
15038.0 17475.0 16585.0 18106.0 19061.0 14688.0 13744.0 11969.0 11870.0 16647.0 13415.0 18913.0 17104.0 11951.0 10686.0 16506.0 13423.0 12466.0 16764.0 16924.0 19022.0 19448.0 18807.0 18916.0 10460.0 17568.0 15297.0 16273.0 10387.0 15867.0 19675.0 11413.0 11008.0 18058.0 11517.0 15391.0 17916.0 11377.0 0 10229.0 18020.0 12534.0 14575.0 18532.0 17164.0 17606.0 16071.0 
17946.0 14792.0 12205.0 14631.0 13587.0 11424.0 15905.0 11381.0 12776.0 16624.0 11510.0 12804.0 17172.0 19462.0 11873.0 11158.0 14202.0 15554.0 12189.0 14108.0 13690.0 15890.0 13181.0 13972.0 11500.0 14501.0 10143.0 14962.0 18582.0 11125.0 18652.0 14516.0 11103.0 19735.0 17634.0 14070.0 19827.0 16781.0 10229.0 0 10509.0 15820.0 17615.0 18656.0 15905.0 15045.0 10498.0 
10792.0 15153.0 13655.0 12156.0 13269.0 11919.0 14875.0 19279.0 19416.0 13445.0 13031.0 15578.0 17171.0 13283.0 16108.0 13353.0 14341.0 10108.0 13298.0 10896.0 10705.0 19653.0 19144.0 19965.0 10419.0 12725.0 11443.0 14760.0 19835.0 17636.0 16416.0 18011.0 18736.0 14553.0 12921.0 19629.0 19850.0 14814.0 18020.0 10509.0 0 10088.0 12587.0 14864.0 18164.0 19679.0 11364.0 
19126.0 10818.0 19627.0 12646.0 14206.0 13045.0 18030.0 10167.0 19770.0 16157.0 19357.0 17041.0 17297.0 18207.0 10600.0 18355.0 14891.0 14622.0 11082.0 17570.0 13741.0 18712.0 16956.0 15460.0 17669.0 14667.0 13287.0 18281.0 17109.0 15650.0 16544.0 14348.0 10581.0 11290.0 15710.0 12751.0 19259.0 16295.0 12534.0 15820.0 10088.0 0 12085.0 19213.0 15787.0 11033.0 16261.0 
17133.0 11400.0 10552.0 14057.0 11329.0 13759.0 10831.0 18886.0 16842.0 15718.0 17720.0 10656.0 14476.0 17458.0 11756.0 14619.0 11735.0 14425.0 19263.0 15399.0 18339.0 13001.0 17644.0 17798.0 17900.0 17570.0 14854.0 18278.0 12096.0 15745.0 18197.0 16506.0 19945.0 15122.0 18644.0 15990.0 12782.0 19849.0 14575.0 17615.0 12587.0 12085.0 0 10196.0 13439.0 14117.0 13792.0 
11009.0 18555.0 16856.0 12521.0 14273.0 19856.0 13699.0 17003.0 19238.0 15731.0 17067.0 12759.0 11809.0 17792.0 16091.0 18761.0 19639.0 12498.0 19236.0 15969.0 11013.0 19741.0 11798.0 19753.0 18588.0 12941.0 18893.0 15711.0 12189.0 17764.0 14009.0 14026.0 15234.0 18629.0 12173.0 13991.0 16860.0 14547.0 18532.0 18656.0 14864.0 19213.0 10196.0 0 10624.0 19610.0 16906.0 
14847.0 19323.0 10226.0 17343.0 11579.0 16878.0 18899.0 17377.0 11808.0 19461.0 19028.0 16170.0 19556.0 14930.0 19762.0 17198.0 14141.0 19272.0 11817.0 19237.0 13417.0 15519.0 19258.0 12114.0 10883.0 11036.0 17383.0 19540.0 11014.0 17848.0 10268.0 17713.0 14153.0 15316.0 13575.0 12400.0 19797.0 15756.0 17164.0 15905.0 18164.0 15787.0 13439.0 10624.0 0 11161.0 17605.0 
14011.0 12250.0 15102.0 13935.0 17462.0 17522.0 17473.0 16044.0 15821.0 11315.0 11599.0 16652.0 12517.0 13018.0 15084.0 15043.0 13065.0 15739.0 11987.0 12329.0 13956.0 19509.0 17751.0 12842.0 15861.0 17465.0 13378.0 19315.0 13775.0 10528.0 15842.0 16249.0 13786.0 15367.0 13653.0 15595.0 17889.0 18247.0 17606.0 15045.0 19679.0 11033.0 14117.0 19610.0 11161.0 0 12095.0 
10339.0 14916.0 10648.0 11115.0 11577.0 15252.0 16219.0 17462.0 16736.0 19015.0 19990.0 18566.0 11938.0 11446.0 13708.0 16046.0 11993.0 11082.0 11509.0 17399.0 10542.0 12825.0 16688.0 12575.0 17629.0 14903.0 10876.0 18880.0 13063.0 13246.0 10961.0 17739.0 10767.0 19969.0 16690.0 12335.0 13554.0 10772.0 16071.0 10498.0 11364.0 16261.0 13792.0 16906.0 17605.0 12095.0 0 
