21
Etcheverry HearstGym BioscienceLibrary OBrien Library PacificFilmArchive LawrenceofScience Mulford Morrison BrainImagingCenter StudentUnion Spieker CareerCenter Wheeler Durham SproulPlaza Cheit Manville UniversityHouse Stephens FacultyClub
0 6691.9119 19512.3758 12937.6697 15088.8032 14088.1995 11710.4867 38014.5126 42860.622 48771.1056 63586.2747 36006.7233 31986.1382 53988.919 63985.6707 67454.1359 78094.2355 49369.4258 85391.6808 50411.8154 6768.5668 
6691.9119 0 16041.2423 19285.472 20415.3143 20108.3328 17248.2605 37298.5505 43869.9717 53619.8003 64662.8427 31246.0184 26122.3348 47518.9095 57314.6739 62916.7264 71893.5138 44159.1495 79924.6416 45502.2991 13460.4787 
19512.3758 16041.2423 0 26442.5507 29260.9715 33170.9306 31161.4779 52476.4769 59783.2756 67022.6463 80647.3945 42473.6535 33091.3094 39899.8098 54900.0955 57714.1191 61706.9509 30741.1152 85516.1865 54075.7395 24094.0385 
12937.6697 19285.472 26442.5507 0 5682.9356 12311.4407 13313.4751 46482.7132 48524.1982 52310.6077 67118.613 47491.4777 44910.4158 66342.36050000001 76371.5788 79733.4574 87885.5927 57112.3772 98114.3494 62872.5741 17844.523 
15088.8032 20415.3143 29260.9715 5682.9356 0 17919.5436 18587.0001 51175.8306 53832.5376 57884.1013 72681.1712 50487.8435 46535.7675 63245.6925 77729.98819999999 79355.1312 85455.4745 53894.8835 100266.3819 65469.0426 21163.3289 
14088.1995 20108.3328 33170.9306 12311.4407 17919.5436 0 3449.9358 35706.8452 36505.8741 40000.0725 54815.2416 40647.9356 41368.0519 67560.7134 75888.9893 79527.2368 91994.794 63457.6253 92188.8645 56490.9721 13723.0021 
11710.4867 17248.2605 31161.4779 13313.4751 18587.0001 3449.9358 0 33462.4038 35254.8629 43450.0083 54279.8175 37371.8755 37918.346 64512.6638 72510.1286 76166.9107 89104.0262 61025.9315 88879.9932 53195.5272 10390.0541 
38014.5126 37298.5505 52476.4769 46482.7132 51175.8306 35706.8452 33462.4038 0 11891.6248 21640.9981 31037.0858 20635.4293 31719.5615 67464.1715 65125.4723 69227.5249 92578.7269 74021.6212 64335.6 31519.9128 31257.7039 
42860.622 43869.9717 59783.2756 48524.1982 53832.5376 36505.8741 35254.8629 11891.6248 0 9749.8286 20988.6684 32036.1873 43074.5633 78696.22260000001 77006.1658 80928.5556 103968.6458 83848.3797 74230.5337 42960.9198 36506.1028 
48771.1056 53619.8003 67022.6463 52310.6077 57884.1013 40000.0725 43450.0083 21640.9981 9749.8286 0 14815.1691 41771.4072 52587.6377 88060.9106 86752.9797 90676.2157 113416.9218 92529.635 82677.0151 52466.0034 42928.6078 
63586.2747 64662.8427 80647.3945 67118.613 72681.1712 54815.2416 54279.8175 31037.0858 20988.6684 14815.1691 0 50564.973 62725.5444 98419.4027 94447.7319 98291.4937 123381.3552 104662.356 83386.2109 57917.0701 57045.3811 
36006.7233 31246.0184 42473.6535 47491.4777 50487.8435 40647.9356 37371.8755 20635.4293 32036.1873 41771.4072 50564.973 0 14919.2709 48110.2947 45005.7636 48935.1883 72840.8921 57403.558 51561.9343 15857.2954 29647.4183 
31986.1382 26122.3348 33091.3094 44910.4158 46535.7675 41368.0519 37918.346 31719.5615 43074.5633 52587.6377 62725.5444 14919.2709 0 35748.0685 36171.0638 40051.2945 60904.9376 44544.6745 53917.2311 24667.5208 28115.5748 
53988.919 47518.9095 39899.8098 66342.36050000001 63245.6925 67560.7134 64512.6638 67464.1715 78696.22260000001 88060.9106 98419.4027 48110.2947 35748.0685 0 21062.6862 21959.2272 25478.6992 22667.1052 63312.8338 47516.844 58155.189399999996 
63985.6707 57314.6739 54900.0955 76371.5788 77729.98819999999 75888.9893 72510.1286 65125.4723 77006.1658 86752.9797 94447.7319 45005.7636 36171.0638 21062.6862 0 7351.1844 34171.7905 41691.1041 43424.1275 37517.7401 62165.9872 
67454.1359 62916.7264 57714.1191 79733.4574 79355.1312 79527.2368 76166.9107 69227.5249 80928.5556 90676.2157 98291.4937 48935.1883 40051.2945 21959.2272 7351.1844 0 31782.4546 42584.4159 44628.4818 43049.8385 65804.2347 
78094.2355 71893.5138 61706.9509 87885.5927 85455.4745 91994.794 89104.0262 92578.7269 103968.6458 113416.9218 123381.3552 72840.8921 60904.9376 25478.6992 34171.7905 31782.4546 0 33097.1291 75827.869 69707.927 79192.7714 
49369.4258 44159.1495 30741.1152 57112.3772 53894.8835 63457.6253 61025.9315 74021.6212 83848.3797 92529.635 104662.356 57403.558 44544.6745 22667.1052 41691.1041 42584.4159 33097.1291 0 82957.4621 61791.6841 52294.748 
85391.6808 79924.6416 85516.1865 98114.3494 100266.3819 92188.8645 88879.9932 64335.6 74230.5337 82677.0151 83386.2109 51561.9343 53917.2311 63312.8338 43424.1275 44628.4818 75827.869 82957.4621 0 35704.6389 80476.5608 
50411.8154 45502.2991 54075.7395 62872.5741 65469.0426 56490.9721 53195.5272 31519.9128 42960.9198 52466.0034 57917.0701 15857.2954 24667.5208 47516.844 37517.7401 43049.8385 69707.927 61791.6841 35704.6389 0 45080.4799 
6768.5668 13460.4787 24094.0385 17844.523 21163.3289 13723.0021 10390.0541 31257.7039 36506.1028 42928.6078 57045.3811 29647.4183 28115.5748 58155.189399999996 62165.9872 65804.2347 79192.7714 52294.748 80476.5608 45080.4799 0 
