48
IRLE Cheit EarthquakeLibrary Durham MartinezCommons UniversityHouse SproulPlaza OptometryLibrary Library AndersenAuditorium Stephens Morrison StowPlaza HearstFountain Sproul AquaticCenter Birge FPF MelvinLaboratory Koshland OBrien EarthLibrary StudentUnion SutardjaDai Warren PacificFilmArchive Manville Unit3 HearstGym EnergyBuilding InternationalHouse Mulford NewspapersLibrary LawrenceofScience BancroftDance ArtHistoryLibrary MediaCenter BioscienceLibrary Hilgard CITRIS Etcheverry BrainImagingCenter DonnerLaboratory SpringerGateway Spieker MSRI Pimentel FacultyClub
0 8810.2442 10097.6712 13739.4527 17253.349 23005.9485 25856.5378 31363.1152 29447.8611 46576.6158 57846.63 59177.585 71118.0044 75662.5379 87062.147 89138.8123 71005.9945 60590.1258 50088.1811 46446.8729 41761.0286 32501.6015 29821.205 29361.5066 32957.5567 36814.3538 61665.5384 68694.6895 69625.99 72012.4301 63720.5689 57095.0758 70327.111 74004.1512 68995.4901 70706.2785 70401.5339 86727.9065 90052.0861 93014.4191 88689.4579 90451.128 108544.7213 109613.0233 56053.9675 44453.4488 87445.5143 4403.0613 
8810.2442 0 14515.8755 22266.1325 24840.5857 31351.4873 34194.1688 38689.0304 36115.5976 53330.1019 64148.7636 65921.06049999999 78700.1374 83091.7214 94933.1393 97522.1994 79386.9867 69033.2603 58417.6922 54931.6057 50541.5716 41310.3149 38559.0102 37632.7236 37853.1297 40406.0113 67964.6184 74519.5573 76347.1055 79618.6376 71109.2584 65385.999800000005 78567.7777 82280.4938 77445.5622 79352.5736 79180.408 95528.1022 98840.4574 101620.7635 97216.8177 98298.994 117268.5097 118326.4555 64844.8357 51530.4268 92405.1572 12897.6015 
10097.6712 14515.8755 0 12156.1384 23646.8622 26958.2287 29681.925900000002 37176.2489 36321.3053 52792.0163 64458.8293 65249.2101 75548.3733 80434.0603 90334.4741 91211.2417 73258.9675 62741.7398 52988.206999999995 48711.1741 42118.2636 32092.5364 28837.5525 25320.1948 23525.7622 26716.6826 53455.3171 60033.2099 61903.0783 65670.5073 57187.1085 51973.0886 65534.0061 69303.4346 64950.0225 67607.522 68450.2369 86046.9455 89588.7918 89553.6741 84861.0959 84571.89439999999 105787.72959999999 106768.5595 55244.931800000006 37303.4991 78162.2247 8256.7851 
13739.4527 22266.1325 12156.1384 0 15396.5641 15961.4426 18630.4882 26972.8969 27226.251800000002 42452.9579 54274.4782 54608.1477 63893.1704 68903.7657 78320.5902 79055.8436 61115.5726 50599.6484 40832.0686 36737.4503 30041.093 20111.3881 16681.4141 15637.5641 24419.4231 29689.6998 49711.1113 58181.64169999999 57079.6115 58594.2982 50113.1464 43395.7525 56590.3209 60264.8586 55287.895 57655.5898 57304.057 74364.9798 77836.6936 79432.4555 75029.7939 76844.1149 95182.5053 96222.0474 43088.7934 31760.721 76944.0869 9368.531 
17253.349 24840.5857 23646.8622 15396.5641 0 7844.986 10325.6098 14112.31 12677.1122 29472.7578 40963.4799 42053.0622 53945.3759 58428.2926 70095.9463 72990.2346 54893.1735 44709.1811 33930.661 30851.1778 28662.5694 21832.6266 21637.1127 25631.9782 39701.085399999996 45081.0109 62413.8852 70429.4084 68731.1268 67877.5327 59741.2682 51362.3038 63274.4697 66636.7266 60701.1698 60813.8257 58835.7963 73154.8008 76182.1919 83046.2419 79397.2026 84791.1117 97275.8472 98452.1447 44599.417 43949.167499999996 90724.57840000001 15824.1396 
23005.9485 31351.4873 26958.2287 15961.4426 7844.986 0 2851.3134 11227.7952 12672.1068 26515.4177 38346.3232 38654.2032 48684.5254 53529.4136 64056.1985 66180.5583 48044.0263 37683.1171 27093.9464 23607.7915 20817.6929 14508.7958 15295.0345 20827.7004 38529.779 44167.7622 57613.1725 65859.1601 63281.9147 61368.1374 53441.9785 44616.9184 56063.1517 59335.2234 53253.4389 53115.2443 51001.5134 65417.0684 68589.0124 75293.012 71724.8331 77763.963 89436.2022 90614.2514 36792.9133 39197.3499 86484.2847 20363.1169 
25856.5378 34194.1688 29681.925900000002 18630.4882 10325.6098 2851.3134 0 9731.1961 12181.3973 24441.9499 36264.4334 36359.4001 45963.7639 50828.2487 61230.5217 63333.0986 45196.7017 34845.3682 25284.9966 20790.6701 18521.7803 13329.3037 14979.8132 21251.1562 39776.6897 45970.042199999996 57664.9666 65991.6868 62914.8238 60472.1976 52695.9438 43606.0284 54651.3332 57837.1678 51625.851 51183.1793 48771.7118 62829.1911 65863.3478 73252.6168 69811.6794 76465.9638 87156.1612 88349.7331 34812.388 39374.5318 86722.4967 23170.8878 
31363.1152 38689.0304 37176.2489 26972.8969 14112.31 11227.7952 9731.1961 0 4727.3657 15623.9042 27372.5327 28225.1709 40011.107 44409.3906 56581.4909 60413.8492 42581.6392 32996.5889 22231.5456 20500.5805 22932.487 21444.1639 24120.2652 30826.4755 49507.885800000004 55355.6665 66770.6911 75177.5032 71517.9388 68012.0414 60621.394 51077.8601 60987.254 63885.5399 57343.6798 55817.7995 52118.5358 63680.347 66306.3387 77174.3038 74298.2733 82949.2098 89804.0095 91069.7673 38932.3132 48673.4274 95974.6617 29744.2628 
29447.8611 36115.5976 36321.3053 27226.251800000002 12677.1122 12672.1068 12181.3973 4727.3657 0 17225.4727 28411.1181 29805.4629 43064.653 47121.4475 60060.6317 64429.1907 46762.1773 37403.4202 26728.4346 25190.9843 27461.6751 25029.2171 27142.2629 33336.9099 50700.9463 56440.6338 69845.129 78172.6176 74984.8983 71996.6586 64441.9228 55065.6724 65325.5787 68291.1239 61804.2403 60433.0787 56827.2812 68333.7173 70918.8304 81866.5349 78945.0941 87275.6006 94530.5223 95796.7755 43557.1467 51548.5601 98894.7095 28457.7101 
46576.6158 53330.1019 52792.0163 42452.9579 29472.7578 26515.4177 24441.9499 15623.9042 17225.4727 0 11833.3832 12601.2667 29620.782 30347.3266 44489.0801 50623.7973 34388.3438 27370.7527 19353.5064 21158.1676 29219.1657 32667.0326 36556.8982 43927.4355 63932.736 70027.7446 77583.894 86054.4244 80947.042 75223.6815 68820.4329 58757.5238 66139.9177 68402.1524 61568.5195 58276.0991 52686.1331 59522.4498 61381.4311 77496.3287 75682.7375 87692.4189 87638.8115 88992.8933 42160.794 60402.7247 106901.7319 45258.019 
57846.63 64148.7636 64458.8293 54274.4782 40963.4799 38346.3232 36264.4334 27372.5327 28411.1181 11833.3832 0 4370.5863 21196.0571 22800.9832 38808.2695 47250.3966 34009.372 30323.1452 26047.6396 29375.2035 38816.6668 43718.4112 47851.07 55309.3718 75617.2802 81745.0298 87766.4406 96207.2831 90422.987 83605.7992 77827.4744 67697.3322 73550.7471 75388.7952 68565.5589 64320.957 57763.2283 60849.9082 62022.7885 81567.3921 80520.9458 94449.2343 89683.8268 91083.0147 49411.7854 71142.5587 116956.70739999998 56787.4452 
59177.585 65921.06049999999 65249.2101 54608.1477 42053.0622 38654.2032 36359.4001 28225.1709 29805.4629 12601.2667 4370.5863 0 17019.5153 19101.5537 34777.3537 42952.5866 29638.7857 26442.9613 23217.9488 26959.639 36791.063 42559.3975 46888.1472 54395.6032 75092.2624 81281.1223 85747.3697 94150.4278 88009.9112 80737.9583 75233.7313 65115.1126 70378.4717 72081.1266 65286.2011 60800.8125 54051.37 56579.2218 57710.871 77591.4632 76812.561 91027.2053 85440.3001 86836.6178 46325.153 69556.2666 114803.9026 57810.7323 
71118.0044 78700.1374 75548.3733 63893.1704 53945.3759 48684.5254 45963.7639 40011.107 43064.653 29620.782 21196.0571 17019.5153 0 5527.1187 17879.485 26219.6076 16672.1369 19868.6311 24402.0973 29121.6897 39042.9571 47625.1772 52337.7634 59579.3572 80896.6909 87148.0112 85349.5281 93399.3252 85755.3782 76410.5072 72448.0947 62750.415 64709.7047 65578.6929 59181.9963 53397.893 45643.8983 43083.9997 43426.6659 66502.3683 66652.8268 83406.9429 71841.6581 73251.8486 42401.0983 71641.2577 113282.2087 68963.7677 
75662.5379 83091.7214 80434.0603 68903.7657 58428.2926 53529.4136 50828.2487 44409.3906 47121.4475 30347.3266 22800.9832 19101.5537 5527.1187 0 16493.4623 27682.130299999997 20840.7602 25395.749799999998 29847.9457 34567.0494 44538.5587 53014.1789 57715.0914 64995.8377 86310.8465 92565.5073 90807.5621 98829.6814 91087.7044 81549.0528 77761.916 68124.9384 69711.1202 70443.2413 64146.614 58180.6675 50301.6434 46116.0982 46040.911 70250.0483 70787.9508 87980.5803 74525.5425 75933.7434 47737.1472 77012.0068 118639.4062 73670.6693 
87062.147 94933.1393 90334.4741 78320.5902 70095.9463 64056.1985 61230.5217 56581.4909 60060.6317 44489.0801 38808.2695 34777.3537 17879.485 16493.4623 0 12026.1296 26904.762300000002 28587.3536 37490.5683 41845.2432 50386.5564 60104.6348 64765.0625 71418.8823 92387.0963 98518.3981 91322.9182 98752.7102 89875.4066 78759.8648 76633.176 67950.8288 66276.6151 66094.1212 60641.8955 53830.0922 45738.6659 35505.3896 34261.3936 60968.6071 62568.4484 81615.5042 62007.6225 63386.7487 48050.8576 80157.9144 117331.5501 84395.4406 
89138.8123 97522.1994 91211.2417 79055.8436 72990.2346 66180.5583 63333.0986 60413.8492 64429.1907 50623.7973 47250.3966 42952.5866 26219.6076 27682.130299999997 12026.1296 0 18136.5492 28654.1748 39109.166 42736.3187 49526.0772 59631.8196 64057.2698 69989.6376 90161.2642 96419.8782 85213.7529 92145.6333 82695.7434 70822.0908 69766.6854 61946.158 58203.1932 57513.6237 52732.9544 45645.3747 37766.8652 24421.3047 22675.9575 49855.2437 52018.7955 71666.859 50028.5271 51402.039 43677.989 76071.3732 109757.3441 86104.9131 
71005.9945 79386.9867 73258.9675 61115.5726 54893.1735 48044.0263 45196.7017 42581.6392 46762.1773 34388.3438 34009.372 29638.7857 16672.1369 20840.7602 26904.762300000002 18136.5492 0 10517.6256 20981.4819 24640.694 32331.765499999998 42038.9599 46593.5475 52941.1165 73690.1245 79776.0837 72850.9755 80488.7782 72015.5489 61640.2927 58674.4741 49580.1377 49469.8403 49927.4283 43849.3884 37586.8398 32174.7494 27080.3261 28084.0507 49845.0736 50007.4033 67168.6724 55995.7157 57400.0491 29368.2936 61229.2596 99599.3686 68002.5062 
60590.1258 69033.2603 62741.7398 50599.6484 44709.1811 37683.1171 34845.3682 32996.5889 37403.4202 27370.7527 30323.1452 26442.9613 19868.6311 25395.749799999998 28587.3536 28654.1748 10517.6256 0 10852.076 14159.1246 21814.1399 31662.3626 36271.9972 42833.6644 63829.3686 69983.3977 65605.6457 73590.2205 65888.9634 56763.7588 52589.8054 42885.4798 45386.651 46607.1525 39987.6142 34815.3627 27702.9628 32178.8972 34210.2749 51261.82 50396.4457 65126.5808 60341.38 61706.0452 22538.9715 52780.8865 93414.1681 57526.869 
50088.1811 58417.6922 52988.206999999995 40832.0686 33930.661 27093.9464 25284.9966 22231.5456 26728.4346 19353.5064 26047.6396 23217.9488 24402.0973 29847.9457 37490.5683 39109.166 20981.4819 10852.076 0 4719.9886 14827.1811 23321.1626 28044.2087 35185.0207 56501.0397 62752.3756 63023.5489 71349.2113 64869.5041 57580.5635 52024.1581 41912.5871 47582.6692 49570.4534 42726.5703 39027.0534 33339.8634 41889.5068 44299.9597 58237.0818 56332.1636 68772.347 69105.0261 70428.0541 23422.1747 47792.5817 91854.1386 47209.9451 
46446.8729 54931.6057 48711.1741 36737.4503 30851.1778 23607.7915 20790.6701 20500.5805 25190.9843 21158.1676 29375.2035 26959.639 29121.6897 34567.0494 41845.2432 42736.3187 24640.694 14159.1246 4719.9886 0 10227.1314 18601.174 23324.2201 30471.0454 51788.3824 58033.3323 59114.7399 67237.6424 61089.4354 54400.3208 48454.2594 38324.4291 45003.7365 47249.207 40420.1784 37401.2734 32506.94 43210.104 45925.1773 57636.0078 55298.9317 66545.6112 69516.84479999999 70779.1632 21020.5112 43279.8665 87851.9556 43369.1245 
41761.0286 50541.5716 42118.2636 30041.093 28662.5694 20817.6929 18521.7803 22932.487 27461.6751 29219.1657 38816.6668 36791.063 39042.9571 44538.5587 50386.5564 49526.0772 32331.765499999998 21814.1399 14827.1811 10227.1314 0 10127.2684 14554.3226 21044.2355 42193.6418 48400.3139 48981.1844 57406.8491 51785.7302 46255.184 39616.7162 29592.0257 38238.6426 41019.1293 34425.6356 33065.1406 30252.0156 45035.337999999996 48301.699 54874.363 51657.26 60183.5223 68641.6133 69831.043 16290.6077 33063.5545 78140.0406 38093.2977 
32501.6015 41310.3149 32092.5364 20111.3881 21832.6266 14508.7958 13329.3037 21444.1639 25029.2171 32667.0326 43718.4112 42559.3975 47625.1772 53014.1789 60104.6348 59631.8196 42038.9599 31662.3626 23321.1626 18601.174 10127.2684 0 4723.224 12056.6822 33322.2812 39580.7362 45517.807 53959.1776 50075.1299 47142.8939 39442.5492 30276.7342 41559.2114 44856.293 38868.7062 39204.9978 38041.3281 54357.6579 57778.6783 61544.5255 57702.8933 63262.6374 76402.8232 77519.5548 23650.1401 27814.4504 74820.0921 28588.4006 
29821.205 38559.0102 28837.5525 16681.4141 21637.1127 15295.0345 14979.8132 24120.2652 27142.2629 36556.8982 47851.07 46888.1472 52337.7634 57715.0914 64765.0625 64057.2698 46593.5475 36271.9972 28044.2087 23324.2201 14554.3226 4723.224 0 7512.4117 28654.6634 34912.651 42720.8751 51081.1886 47986.8802 46273.9592 38227.0307 29730.9913 41929.151 45729.3859 39826.8539 40974.1757 40662.7468 57771.6137 61294.7549 63331.5342 59191.9534 63362.014500000005 78723.5176 79793.1943 26409.6893 24553.6593 71865.4905 25827.051 
29361.5066 37632.7236 25320.1948 15637.5641 25631.9782 20827.7004 21251.1562 30826.4755 33336.9099 43927.4355 55309.3718 54395.6032 59579.3572 64995.8377 71418.8823 69989.6376 52941.1165 42833.6644 35185.0207 30471.0454 21044.2355 12056.6822 7512.4117 0 21317.337 27569.9917 36912.1532 45080.5248 43119.4049 43271.332 34873.221 27765.8775 40972.8956 44665.0004 39866.8368 42378.460999999996 43382.7547 61631.4557 65316.4149 64302.1838 59719.0186 61278.5752 80467.5348 81448.8766 30107.779899999998 18438.5683 65659.4433 24969.401 
32957.5567 37853.1297 23525.7622 24419.4231 39701.085399999996 38529.779 39776.6897 49507.885800000004 50700.9463 63932.736 75617.2802 75092.2624 80896.6909 86310.8465 92387.0963 90161.2642 73690.1245 63829.3686 56501.0397 51788.3824 42193.6418 33322.2812 28654.6634 21317.337 0 6258.614 31100.7744 36900.6028 40208.0565 46654.3951 38688.9403 36900.5987 50046.0814 53789.5938 51267.0461 55959.1079 59681.38 78898.3258 82711.8352 75859.6457 70539.4312 65820.3886 93100.3516 93862.5419 47827.2371 18902.8919 54637.1436 29496.5126 
36814.3538 40406.0113 26716.6826 29689.6998 45081.0109 44167.7622 45970.042199999996 55355.6665 56440.6338 70027.7446 81745.0298 81281.1223 87148.0112 92565.5073 98518.3981 96419.8782 79776.0837 69983.3977 62752.3756 58033.3323 48400.3139 39580.7362 34912.651 27569.9917 6258.614 0 31693.6286 36259.3063 41148.4462 49106.8155 41593.9339 41111.5858 53798.9645 57464.7296 55516.9792 60620.4649 64573.9564 84100.0979 87991.2055 79787.0421 74344.7952 68088.1951 97159.4939 97861.2213 53456.6178 22919.6089 52319.8265 33615.1571 
61665.5384 67964.6184 53455.3171 49711.1113 62413.8852 57613.1725 57664.9666 66770.6911 69845.129 77583.894 87766.4406 85747.3697 85349.5281 90807.5621 91322.9182 85213.7529 72850.9755 65605.6457 63023.5489 59114.7399 48981.1844 45517.807 42720.8751 36912.1532 31100.7744 31693.6286 0 8470.5304 19053.3762 25710.5842 30507.6647 23387.3976 30011.2821 32764.3035 34236.1303 41173.6305 48049.7955 66727.2396 70572.797 54499.7403 48802.9921 37799.3427 71775.1342 72186.7368 43519.6635 18480.4055 29337.0918 57561.9847 
68694.6895 74519.5573 60033.2099 58181.64169999999 70429.4084 65859.1601 65991.6868 75177.5032 78172.6176 86054.4244 96207.2831 94150.4278 93399.3252 98829.6814 98752.7102 92145.6333 80488.7782 73590.2205 71349.2113 67237.6424 57406.8491 53959.1776 51081.1886 45080.5248 36900.6028 36259.3063 8470.5304 0 10582.8458 23791.7335 22394.7696 30913.9016 35271.5689 37438.3299 40107.2765 47232.7709 54577.5073 72583.2761 76345.6354 57923.0299 52287.5867 38272.4355 74750.0887 75013.2709 51293.5355 26661.8617 20871.2006 64719.3472 
69625.99 76347.1055 61903.0783 57079.6115 68731.1268 63281.9147 62914.8238 71517.9388 74984.8983 80947.042 90422.987 88009.9112 85755.3782 91087.7044 89875.4066 82695.7434 72015.5489 65888.9634 64869.5041 61089.4354 51785.7302 50075.1299 47986.8802 43119.4049 40208.0565 41148.4462 19053.3762 10582.8458 0 13225.6291 13355.5782 23103.3612 25060.4273 26993.5606 30695.1469 37322.7273 44949.4292 62419.8999 66132.1384 47364.3252 41718.734 28704.3484 64275.3658 64570.6526 43355.5774 25319.1768 27597.9778 65402.9649 
72012.4301 79618.6376 65670.5073 58594.2982 67877.5327 61368.1374 60472.1976 68012.0414 71996.6586 75223.6815 83605.7992 80737.9583 76410.5072 81549.0528 78759.8648 70822.0908 61640.2927 56763.7588 57580.5635 54400.3208 46255.184 47142.8939 46273.9592 43271.332 46654.3951 49106.8155 25710.5842 23791.7335 13225.6291 0 8596.6693 16936.4413 12618.917 13938.8328 18148.7508 25177.2431 33163.6548 49633.3115 53280.27650000001 34344.6504 28663.7564 19183.6389 51485.7643 51864.5816 34581.6114 28604.6778 38972.3975 67630.0216 
63720.5689 71109.2584 57187.1085 50113.1464 59741.2682 53441.9785 52695.9438 60621.394 64441.9228 68820.4329 77827.4744 75233.7313 72448.0947 77761.916 76633.176 69766.6854 58674.4741 52589.8054 52024.1581 48454.2594 39616.7162 39442.5492 38227.0307 34873.221 38688.9403 41593.9339 30507.6647 22394.7696 13355.5782 8596.6693 0 11484.591 13880.5223 16950.6821 18004.105 25012.9245 32191.8118 50533.3426 54361.7966 39381.5917 33621.9481 27471.7342 56727.1288 57269.0308 30050.9857 20272.5786 40953.556 59340.0415 
57095.0758 65385.999800000005 51973.0886 43395.7525 51362.3038 44616.9184 43606.0284 51077.8601 55065.6724 58757.5238 67697.3322 65115.1126 62750.415 68124.9384 67950.8288 61946.158 49580.1377 42885.4798 41912.5871 38324.4291 29592.0257 30276.7342 29730.9913 27765.8775 36900.5987 41111.5858 23387.3976 30913.9016 23103.3612 16936.4413 11484.591 0 13621.1807 17418.0951 14409.5077 19907.9756 25480.5519 44901.4174 48824.7204 38992.0248 33769.3637 33631.0232 56200.1147 56964.5463 20427.4228 18196.0723 50537.4204 52692.0145 
70327.111 78567.7777 65534.0061 56590.3209 63274.4697 56063.1517 54651.3332 60987.254 65325.5787 66139.9177 73550.7471 70378.4717 64709.7047 69711.1202 66276.6151 58203.1932 49469.8403 45386.651 47582.6692 45003.7365 38238.6426 41559.2114 41929.151 40972.8956 50046.0814 53798.9645 30011.2821 35271.5689 25060.4273 12618.917 13880.5223 13621.1807 0 3800.2349 5634.7196 12558.908 20582.1006 37362.1682 41091.6035 26261.6073 20546.7219 24699.203 43652.9576 44107.3555 24160.4956 31148.2083 51591.3145 65939.8569 
74004.1512 82280.4938 69303.4346 60264.8586 66636.7266 59335.2234 57837.1678 63885.5399 68291.1239 68402.1524 75388.7952 72081.1266 65578.6929 70443.2413 66094.1212 57513.6237 49927.4283 46607.1525 49570.4534 47249.207 41019.1293 44856.293 45729.3859 44665.0004 53789.5938 57464.7296 32764.3035 37438.3299 26993.5606 13938.8328 16950.6821 17418.0951 3800.2349 0 6845.5739 14008.9643 20482.0766 35736.5817 39341.4437 22461.3724 23647.624 23291.122 39930.9776 40540.3336 26254.5556 34887.1542 52670.4743 69622.362 
68995.4901 77445.5622 64950.0225 55287.895 60701.1698 53253.4389 51625.851 57343.6798 61804.2403 61568.5195 68565.5589 65286.2011 59181.9963 64146.614 60641.8955 52732.9544 43849.3884 39987.6142 42726.5703 40420.1784 34425.6356 38868.7062 39826.8539 39866.8368 51267.0461 55516.9792 34236.1303 40107.2765 30695.1469 18148.7508 18004.105 14409.5077 5634.7196 6845.5739 0 7163.3904 15017.2925 32542.5416 36360.3532 24838.375 19919.1045 26125.4328 41861.2927 42664.024 19408.9817 32603.7824 57025.5379 64652.9897 
70706.2785 79352.5736 67607.522 57655.5898 60813.8257 53115.2443 51183.1793 55817.7995 60433.0787 58276.0991 64320.957 60800.8125 53397.893 58180.6675 53830.0922 45645.3747 37586.8398 34815.3627 39027.0534 37401.2734 33065.1406 39204.9978 40974.1757 42378.460999999996 55959.1079 60620.4649 41173.6305 47232.7709 37322.7273 25177.2431 25012.9245 19907.9756 12558.908 14008.9643 7163.3904 0 8136.4004 25567.8405 29420.6275 22454.2461 19493.4242 30312.8174 38190.5405 39161.1499 16888.0428 37787.3125 64122.5151 66461.2319 
70401.5339 79180.408 68450.2369 57304.057 58835.7963 51001.5134 48771.7118 52118.5358 56827.2812 52686.1331 57763.2283 54051.37 45643.8983 50301.6434 45738.6659 37766.8652 32174.7494 27702.9628 33339.8634 32506.94 30252.0156 38041.3281 40662.7468 43382.7547 59681.38 64573.9564 48049.7955 54577.5073 44949.4292 33163.6548 32191.8118 25480.5519 20582.1006 20482.0766 15017.2925 8136.4004 0 19633.0887 23558.2551 25235.129999999997 23000.5358 37773.2308 38458.6037 39620.8408 25024.4432 42238.8403 72020.9206 66477.5374 
86727.9065 95528.1022 86046.9455 74364.9798 73154.8008 65417.0684 62829.1911 63680.347 68333.7173 59522.4498 60849.9082 56579.2218 43083.9997 46116.0982 35505.3896 24421.3047 27080.3261 32178.8972 41889.5068 43210.104 45035.337999999996 54357.6579 57771.6137 61631.4557 78898.3258 84100.0979 66727.2396 72583.2761 62419.8999 49633.3115 50533.3426 44901.4174 37362.1682 35736.5817 32542.5416 25567.8405 19633.0887 0 3929.5528 25463.2175 27705.368 47699.3738 28915.414 30319.9931 31820.592 61869.0551 88357.6201 82924.9784 
90052.0861 98840.4574 89588.7918 77836.6936 76182.1919 68589.0124 65863.3478 66306.3387 70918.8304 61381.4311 62022.7885 57710.871 43426.6659 46040.911 34261.3936 22675.9575 28084.0507 34210.2749 44299.9597 45925.1773 48301.699 57778.6783 61294.7549 65316.4149 82711.8352 87991.2055 70572.797 76345.6354 66132.1384 53280.27650000001 54361.7966 48824.7204 41091.6035 39341.4437 36360.3532 29420.6275 23558.2551 3929.5528 0 27451.5324 30281.8018 50516.2601 28487.2617 29896.2326 35526.0958 65791.7316 91876.038 86302.8859 
93014.4191 101620.7635 89553.6741 79432.4555 83046.2419 75293.012 73252.6168 77174.3038 81866.5349 77496.3287 81567.3921 77591.4632 66502.3683 70250.0483 60968.6071 49855.2437 49845.0736 51261.82 58237.0818 57636.0078 54874.363 61544.5255 63331.5342 64302.1838 75859.6457 79787.0421 54499.7403 57923.0299 47364.3252 34344.6504 39381.5917 38992.0248 26261.6073 22461.3724 24838.375 22454.2461 25235.129999999997 25463.2175 27451.5324 0 10066.65 24639.9541 17472.3648 18090.3219 38596.1784 57020.029 69504.8196 88743.3933 
88689.4579 97216.8177 84861.0959 75029.7939 79397.2026 71724.8331 69811.6794 74298.2733 78945.0941 75682.7375 80520.9458 76812.561 66652.8268 70787.9508 62568.4484 52018.7955 50007.4033 50396.4457 56332.1636 55298.9317 51657.26 57702.8933 59191.9534 59719.0186 70539.4312 74344.7952 48802.9921 52287.5867 41718.734 28663.7564 33621.9481 33769.3637 20546.7219 23647.624 19919.1045 19493.4242 23000.5358 27705.368 30281.8018 10066.65 0 20377.47 23106.2357 23659.9608 35403.3767 51660.5019 64330.0978 84377.66 
90451.128 98298.994 84571.89439999999 76844.1149 84791.1117 77763.963 76465.9638 82949.2098 87275.6006 87692.4189 94449.2343 91027.2053 83406.9429 87980.5803 81615.5042 71666.859 67168.6724 65126.5808 68772.347 66545.6112 60183.5223 63262.6374 63362.014500000005 61278.5752 65820.3886 68088.1951 37799.3427 38272.4355 28704.3484 19183.6389 27471.7342 33631.0232 24699.203 23291.122 26125.4328 30312.8174 37773.2308 47699.3738 50516.2601 24639.9541 20377.47 0 38758.652 40168.93 45531.6343 47727.5407 45867.6517 86049.9177 
108544.7213 117268.5097 105787.72959999999 95182.5053 97275.8472 89436.2022 87156.1612 89804.0095 94530.5223 87638.8115 89683.8268 85440.3001 71841.6581 74525.5425 62007.6225 50028.5271 55995.7157 60341.38 69105.0261 69516.84479999999 68641.6133 76402.8232 78723.5176 80467.5348 93100.3516 97159.4939 71775.1342 74750.0887 64275.3658 51485.7643 56727.1288 56200.1147 43652.9576 39930.9776 41861.2927 38190.5405 38458.6037 28915.414 28487.2617 17472.3648 23106.2357 38758.652 0 1410.278 52810.5922 74327.1757 84622.2344 104373.4913 
109613.0233 118326.4555 106768.5595 96222.0474 98452.1447 90614.2514 88349.7331 91069.7673 95796.7755 88992.8933 91083.0147 86836.6178 73251.8486 75933.7434 63386.7487 51402.039 57400.0491 61706.0452 70428.0541 70779.1632 69831.043 77519.5548 79793.1943 81448.8766 93862.5419 97861.2213 72186.7368 75013.2709 64570.6526 51864.5816 57269.0308 56964.5463 44107.3555 40540.3336 42664.024 39161.1499 39620.8408 30319.9931 29896.2326 18090.3219 23659.9608 40168.93 1410.278 0 53951.1932 75059.6491 84558.8736 105429.7242 
56053.9675 64844.8357 55244.931800000006 43088.7934 44599.417 36792.9133 34812.388 38932.3132 43557.1467 42160.794 49411.7854 46325.153 42401.0983 47737.1472 48050.8576 43677.989 29368.2936 22538.9715 23422.1747 21020.5112 16290.6077 23650.1401 26409.6893 30107.779899999998 47827.2371 53456.6178 43519.6635 51293.5355 43355.5774 34581.6114 30050.9857 20427.4228 24160.4956 26254.5556 19408.9817 16888.0428 25024.4432 31820.592 35526.0958 38596.1784 35403.3767 45531.6343 52810.5922 53951.1932 0 32728.7027 70903.4075 52015.3833 
44453.4488 51530.4268 37303.4991 31760.721 43949.167499999996 39197.3499 39374.5318 48673.4274 51548.5601 60402.7247 71142.5587 69556.2666 71641.2577 77012.0068 80157.9144 76071.3732 61229.2596 52780.8865 47792.5817 43279.8665 33063.5545 27814.4504 24553.6593 18438.5683 18902.8919 22919.6089 18480.4055 26661.8617 25319.1768 28604.6778 20272.5786 18196.0723 31148.2083 34887.1542 32603.7824 37787.3125 42238.8403 61869.0551 65791.7316 57020.029 51660.5019 47727.5407 74327.1757 75059.6491 32728.7027 0 47348.0654 40175.9479 
87445.5143 92405.1572 78162.2247 76944.0869 90724.57840000001 86484.2847 86722.4967 95974.6617 98894.7095 106901.7319 116956.70739999998 114803.9026 113282.2087 118639.4062 117331.5501 109757.3441 99599.3686 93414.1681 91854.1386 87851.9556 78140.0406 74820.0921 71865.4905 65659.4433 54637.1436 52319.8265 29337.0918 20871.2006 27597.9778 38972.3975 40953.556 50537.4204 51591.3145 52670.4743 57025.5379 64122.5151 72020.9206 88357.6201 91876.038 69504.8196 64330.0978 45867.6517 84622.2344 84558.8736 70903.4075 47348.0654 0 83720.4795 
4403.0613 12897.6015 8256.7851 9368.531 15824.1396 20363.1169 23170.8878 29744.2628 28457.7101 45258.019 56787.4452 57810.7323 68963.7677 73670.6693 84395.4406 86104.9131 68002.5062 57526.869 47209.9451 43369.1245 38093.2977 28588.4006 25827.051 24969.401 29496.5126 33615.1571 57561.9847 64719.3472 65402.9649 67630.0216 59340.0415 52692.0145 65939.8569 69622.362 64652.9897 66461.2319 66477.5374 82924.9784 86302.8859 88743.3933 84377.66 86049.9177 104373.4913 105429.7242 52015.3833 40175.9479 83720.4795 0 
