11
9 37 10 23 27 8 28 12 16 2 0
0 36.1963 62.3669 53.3369 88.62870000000001 71.1315 81.6945 79.49549999999999 88.4827 13.5335 37.4044 
36.1963 0 36.2423 53.6669 68.9806 42.8657 75.79990000000001 86.03 74.0358 42.6088 55.7712 
62.3669 36.2423 0 34.7909 51.3361 79.108 60.8099 77.066 89.3568 72.1725 42.1168 
53.3369 53.6669 34.7909 0 36.7944 61.7748 57.6189 53.7237 85.8468 43.9495 54.4733 
88.62870000000001 68.9806 51.3361 36.7944 0 51.795 78.9281 56.4415 99.9163 75.0952 74.3168 
71.1315 42.8657 79.108 61.7748 51.795 0 61.5521 98.5946 72.9002 80.28020000000001 79.0654 
81.6945 75.79990000000001 60.8099 57.6189 78.9281 61.5521 0 45.5436 58.4065 90.64 95.5018 
79.49549999999999 86.03 77.066 53.7237 56.4415 98.5946 45.5436 0 69.131 75.1447 62.3694 
88.4827 74.0358 89.3568 85.8468 99.9163 72.9002 58.4065 69.131 0 84.7468 94.9389 
13.5335 42.6088 72.1725 43.9495 75.0952 80.28020000000001 90.64 75.1447 84.7468 0 30.0557 
37.4044 55.7712 42.1168 54.4733 74.3168 79.0654 95.5018 62.3694 94.9389 30.0557 0 
