97
60 112 56 19 82 38 85 75 97 199 13 133 26 3 131 25 141 35 74 173 94 32 42 181 88 47 117 158 172 153 148 120 52 113 71 73 18 67 149 114 140 58 175 49 178 93 197 123 154 92 91 96 106 195 119 143 167 162 64 69 124 102 65 33 170 8 171 180 51 145 136 174 48 87 99 135 44 80 169 83 191 76 46 103 139 188 161 105 15 177 55 17 168 155 77 7 0
0 59.4309 338.0634 551.8119 508.6294 457.1566 471.4891 389.1364 824.5295 722.6234 413.1862 516.6222 510.3762 614.2263 513.8009 781.9749 816.9713 554.8523 704.0771 759.0154 639.1693 716.984 669.296 576.673 397.3532 457.356 446.1086 457.2481 572.4764 485.7734 263.068 434.6283 311.0922 672.213 563.8602 549.4457 578.577 710.1456 796.5219 899.3311 884.9393 927.1832999999999 779.1646 787.0228 811.7401 890.0823 502.7709 894.659 888.2593 835.1605 802.0317 827.3344999999999 956.8747 780.4797 605.2273 735.9085 674.2169 651.6987 886.2155 845.9227 630.7723 626.9863 785.3101 791.9309 825.5382 770.7772 774.5215 458.665 713.7746 893.9176 799.3933 777.6475999999999 765.7745 703.8601 412.9752 412.4273 556.1023 755.8016 522.3239 683.0335 786.0113 998.4596 883.3135 604.4943 894.2599 757.5925 776.9218 602.1324 844.6025 665.2529 776.4169999999999 633.8359 426.9296 262.8049 716.6657 614.8679 278.8084 
59.4309 0 278.6325 492.381 568.0603 440.8863 530.92 434.4336 869.8267000000001 769.9344 468.5292 576.0531 533.9444 625.6971 479.8168 745.3843 839.9826 613.5326 644.6462 768.6858 663.8828 693.9697 728.7269 541.0722 337.9223 433.0294 427.3935 397.8172 522.288 456.0703 309.9845 375.1974 370.5231 686.9897 561.6442 490.0148 607.994 769.5764999999999 737.091 839.9002 862.252 867.7524 816.331 779.3365 824.2128 938.5974 562.2017999999999 945.8189 921.4795 775.7296 796.6257 767.9514 923.469 733.4376 551.6107 687.304 728.5174999999999 711.1296 861.0667 847.8833999999999 571.3414 686.4172 844.741 773.6411 827.6929 772.4029 715.0906 506.377 745.8521 834.4867 799.2221 718.2167 825.2053999999999 763.2909999999999 440.6927 434.6583 561.9736 740.1444 576.4994 639.2253 819.8874 984.3571 843.2638 645.5609 887.4358 800.7806 751.9351 542.7015 792.375 724.6837999999999 716.9861 591.8586 477.9573 322.2358 680.7099 584.3391 324.6127 
338.0634 278.6325 0 213.7485 559.9294 294.1576 534.0112 709.9104 639.3646 896.7677 531.9904 640.4085 749.0619999999999 675.7543 569.7844 802.6405 817.9991 622.7178 820.2857 629.3111 633.1893 567.8698 663.9592 562.8427 593.4476 450.2366 533.3951 474.5449 640.6247 615.4964 553.4421 653.8299 532.771 630.0349 635.2639 681.1482 731.8357 622.1512 715.0612 779.3128 753.2574 756.4905 742.2053 745.8926 761.6567 821.9303 840.8343 722.748 844.4952 728.0045 789.205 755.8092 757.9346 897.7040999999999 736.1363 641.329 461.5841 476.7356 721.0629 711.2721 700.9853 632.3004 641.3356 844.4316 882.8207 775.9325 518.0896 627.0448 738.801 771.2872 743.9326 880.9181 841.8884 804.6199 719.3252 478.744 390.1768 764.1991 520.0572 606.0676 739.4887 877.0825 755.7862 476.3451 690.5792 733.2986 699.2499 555.4201 829.4047 746.0904 714.7549 659.9786 635.7467 600.8683 882.6298 741.6115 415.19829999999996 
551.8118999999999 492.381 213.7485 0 346.1809 414.62840000000006 746.5692000000001 663.1812 599.9389 704.0549 728.9154 677.231 888.3722 813.8765 681.9787 763.8809 869.4878 812.1967 841.7016 672.0572000000001 676.9653 443.0081 534.4724 531.193 379.6991 660.8018 551.7831 662.8466 854.3732 561.6466 740.2205 719.4389 607.9824 830.4137000000001 638.7792 660.0604 536.1645 657.5723 920.9429 723.9933 681.0253 570.0116 907.4661 899.6138 850.0605 698.0455 733.9627 524.3971 642.2989 568.3501 739.6295 861.6694 929.7384 773.6335 944.7473 855.0775 675.3326 584.316 774.1398 576.2361 537.5918 767.0255999999999 749.7786 661.1801 669.0722 874.043 728.1822 545.094 841.4398 856.4303 688.7251 804.9676 884.1025 716.6087 681.7678 561.5431 460.8256 550.4506 733.8057 402.7915 525.7402 856.0709 947.3854 690.0936 563.7021 561.0951 669.692 718.6145 985.2632 684.7438 785.652 692.1869 771.5448 583.9294 668.8813 808.4936 422.4186 
508.6294 568.0603 559.9294 346.1809 0 349.6604 517.0783 359.0981 647.7973 739.2463 698.3662 781.2714 830.0844 787.9288 811.1467 926.9458 809.6408 763.3635 926.1047 762.6428 533.3379 670.3308 735.7881 811.6626 582.193 550.9123 356.4913 494.8118 765.5484 824.713 716.1259 884.9888000000001 812.5371 949.38 696.5352 709.3906 713.0824 412.876 591.463 780.2148 759.9633 786.8609 658.03 925.6704 922.1878 842.8231 907.1972000000001 481.6626 697.8231 501.4462 936.5345 936.2925 878.4147 789.7873 779.3041 714.5815 720.3982 744.7475 702.9619 644.9851 406.1857 836.316 666.5324 670.9383 697.3512 797.6632000000001 941.0879 891.2749000000001 712.0746 872.5028 708.4707 690.0897 922.9023 946.0826 857.016 464.9071 628.9711 602.0975 693.5652 637.1035 365.2635 700.2472 788.982 789.2355 465.8941 713.1337 675.1122 662.949 878.3606 746.6387 976.1144 906.7708 635.8602 490.9084 847.8258 828.3856 579.9732 
457.1566 440.8863 294.1576 414.62840000000006 349.6604 0 331.9408 708.7584999999999 466.0825 610.1198 826.148 710.1313 788.1592 689.1981 782.0664 919.7891 944.0749 840.6669 802.5721 745.3974 652.6906 582.0724 678.1618 613.2118 709.1366 699.8692 448.1014 669.4519 864.0152 581.7628 480.2885 795.5351 768.2488000000001 617.1373 771.0237 805.8881 560.3814 622.8302 787.5888 815.6135 858.5815 623.5183 816.1442 798.8769 793.8101 837.145 759.8503000000001 627.0321 931.3367000000001 735.5223000000001 869.3056 586.6321 841.7329000000001 799.5804 895.8688 843.7418 511.9728 616.5622 446.3911 647.9354000000001 547.8625 633.3584 601.9743 749.4031 764.0812 809.7683 610.4513 635.0257 715.4447 765.1609000000001 800.3054 924.7076 889.8521 719.1732 781.2272 772.9016 684.3344 690.9239 437.5594 817.4199000000001 691.7317 797.3091 552.2471 767.6551 642.4024 959.7224 955.0993 588.7882 673.6636 670.9407 693.154 563.9213 559.4336 500.9464 625.5947 868.5915 390.7483 
471.4891 530.92 534.0112 746.5692 517.0783 331.9408 0 385.2466 565.5721 593.374 875.5204 896.6997 886.4254000000001 783.6406 531.2445 587.8483 926.8507999999999 975.0798 977.0484 741.6017 503.4619 643.367 736.3641 582.2799 483.7191 589.2369 761.8257 618.6326 809.2767 706.9901 642.2635 676.4357 580.7591 905.9647 555.919 473.9473 787.1037 585.3826 699.079 761.4683 718.5003 617.4167 811.149 843.4404 852.8213 944.4386 852.8474 481.3968 599.3959 429.6521 539.2823 872.2293999999999 642.4932 851.9708 940.9974 900.2435 602.6815 603.2888 778.3319 627.4402 767.0827 822.1178 933.9150999999999 903.8146 947.2977 857.0473 849.9754 828.1134 762.9964 433.2201 784.6989 851.207 614.3911 969.4448 884.4643 587.6545 506.2903 915.7359 769.5002 593.3919 601.7815 585.3643 691.7809 757.6687 836.3767 887.791 902.0019 794.0087 719.871 976.2077999999999 977.0889 888.7772 863.5688 734.294 693.1949 955.4868 547.1691 
389.1364 434.4336 709.9104 663.1812 359.0981 708.7584999999999 385.2466 0 435.3931 844.917 802.3226 905.7586 824.187 662.1987 874.3199999999999 876.5668 1020.1575 901.5582 848.8336 685.8513 597.3424 693.3279 775.1238999999999 540.4304 512.133 707.3867 466.2124 726.671 793.2334 632.0589 535.2824 525.8907 700.2285999999999 929.5458 699.3381 756.5546 618.3857 771.1037 950.5610999999999 781.5388 824.5068 597.0744 961.4117 813.8337 741.6006 1019.6548 565.3665 569.8283 984.6424999999999 814.8987 924.5289 646.2592 883.4007 877.7056 929.8979 831.9612 489.1612 589.7437 497.0791 536.2704 609.2073 571.2871 579.0237 845.5930000000001 779.4519 876.2474 588.3469 588.1028 695.2864 691.2157 1051.8368 961.9944 999.6377 1014.5261 790.8639 561.1486 848.2594 685.7124 783.5975 624.5417 724.3616 815.1392 1020.9081000000001 740.8778 655.2407 640.9572 708.5436 966.3522 1003.9074 1054.3892999999998 708.676 549.9502 816.066 651.9413 939.7829999999999 883.2471 469.6667 
824.5295 869.8267000000001 639.3646 599.9389 647.7973 466.0825 565.5721 435.3931 0 409.5239 832.8376000000001 763.5112 783.5028 658.2981 531.1855 952.2388000000001 854.2171 676.7556 619.8082 716.3979 995.9983 838.9627 782.4543 686.0652 645.1945 882.2156 901.6055 803.9179 744.5717 810.4618 735.1048 961.2838 987.2358 655.4663 688.826 606.8543 1019.0963999999999 797.3306 1025.3333 797.4083 757.609 662.812 625.3632 621.6837 607.3292 584.2617 996.2748 1005.2214 827.694 995.2242 800.4363 982.357 789.1682 773.1706 747.7634 883.4567000000001 781.0625 810.446 725.5155 681.4337 1013.9449999999999 952.2545 557.7623 825.8457 807.6653 560.8386 795.768 889.78 435.1089 721.2335 631.9499 768.9354 882.5542 734.186 903.003 734.3355 702.8064 800.2291 850.9688 829.3953 720.1997 888.7586 1018.3296 909.1585 957.3596 691.3415 799.9384 859.2899 786.5662 680.4001 911.3161 607.2709 856.6763 967.0289 965.4607000000001 602.9405 856.8308 
722.6234 769.9344 896.7677 704.0549 739.2463 610.1198 593.374 844.917 409.5239 0 423.3137 481.5751 632.2232 426.1902 807.625 879.9215 481.4156 711.9931 909.561 687.3708 825.8326 653.8852 629.7978 649.1661 834.3853 508.6685 803.9697 614.2664 850.2862 467.5515 982.6533 587.1047 730.6726 583.7116 1010.8927000000001 1014.9060999999999 769.6268 814.9933 1049.6315 860.3239 817.3559 686.4946 723.9727 698.3644 677.651 782.2487 798.1139 951.0474 763.2057 866.5546 537.4818 689.1976 963.6145 1002.8322000000001 940.2617 968.4207 652.0911 579.9027 689.6329 725.7323 801.2403999999999 964.4096 797.3075 764.302 765.2171 732.88 738.7001 649.0646 833.9761 788.2138 715.3172 852.3027 948.9544 630.8615 677.3251 679.179 673.7072 646.684 901.1251 875.6086 906.8993 868.1827 954.1947 892.1179 893.4641 649.6294 758.2263 555.4867 1019.8781 952.8901000000001 911.7708 897.4717 523.1009 633.8542 672.1219 734.5977 870.3566 
413.1862 468.5292 531.9904 728.9154 698.3662 826.148 875.5204 802.3226 832.8376000000001 423.3137 0 122.8831 369.6923 216.1254 384.3113 805.3646 834.7364 818.9015 649.716 532.9104 514.4892 473.5126 476.0438 536.6423 497.5279 389.7174 380.656 519.7955 599.8908 793.1159 610.5009 617.1621 576.6878 729.8152 945.699 864.6534 819.2094999999999 607.7072 767.3653 791.0738 766.1894 702.3584 604.7673 757.8837 718.332 532.4567 379.5287 766.5349 771.1412 884.653 617.9145 620.7158 702.8082 991.1025999999999 914.7242 779.1811 783.5522 678.9628 821.2318 882.092 890.0626 541.0959 927.7138 566.4992 632.6403 373.5852 721.6681 702.0341 730.3229 680.3804 904.8384000000001 881.8768 954.1189999999999 522.0244 560.1681 550.0885 390.9304 428.0511 783.8364 665.5438 889.6597 796.8765000000001 919.2487 829.046 620.8212 662.0127 671.007 648.2047 731.8702 863.6158 616.7047 681.6369 840.1158 675.9911 774.9346 880.9082 645.7013 
516.6222 576.0531 640.4085 677.231 781.2714 710.1313 896.6997 905.7586 763.5112 481.5751 122.8831 0 246.8092 293.2173 472.6914 893.7447 810.1118 757.4202 772.5991 652.7881 637.3723 486.1844 457.6233 597.1095 619.9493 454.4708 503.5391 606.7794 482.3729 865.1076 660.8422 740.0452 619.8881 700.7874 830.6469 748.6752 730.1043 622.8387 890.2484000000001 874.9211 889.0725 716.5202 501.0537 738.0569 719.054 440.841 450.7911 671.0047 830.795 955.9154 740.7976 736.3023 611.4483 926.0361 966.8103 862.8779 697.678 801.8459 922.7056 775.4028 929.5516 523.8287 918.3209 651.4182000000001 585.2771 448.108 815.7176 649.7453 790.3576 800.2964999999999 791.299 928.2845 929.4772 501.3917 531.1737 479.2073 513.8135 550.9342 660.9533 663.081 766.7766 861.71 963.8607 706.1629 729.8457000000001 693.4928 584.8959 771.0878 850.8337 917.3925 739.5878 646.6368 943.5518 770.6595 652.0515 770.5067 683.2957 
510.3762 533.9444 749.0619999999999 888.3722 830.0844 788.1592 886.4254000000001 824.187 783.5028 632.2232 369.6923 246.8092 0 344.1165 522.9044 647.9822 787.8381 783.5312 887.9005999999999 492.1653 675.0948000000001 494.9627 591.0521 404.7053 510.0661 701.28 519.238 494.2629 590.4676 932.7812 773.4441999999999 675.9192 724.8694 766.1305 936.5534 995.4844 734.466 664.3198 700.3492 911.9963 899.6374 963.3294000000001 536.9102 819.838 891.0525 687.6502 499.0115 917.8139 812.9261 781.8844 678.2406 710.5243 746.2752 983.4065 832.6522 901.6541 762.0184 816.5192 781.9985 810.215 846.8597 575.1843 912.5773 585.3795 519.2384 612.1861 609.12 800.7344 634.4346 844.261 846.7091 817.2727 1000.1194 586.0149 615.3763 726.0165 722.2794 744.4975 692.8217 793.5349 753.4513 637.8987 977.0245 812.5436 768.4836 730.5376 665.2796 751.1836 816.8099 779.879 576.8648 661.7972 882.251 773.1811 748.3769 874.8484 786.009 
614.2263 625.6971 675.7543 813.8765 787.9288 689.1981 783.6406 662.1987 658.2981 426.1902 216.1254 293.2173 344.1165 0 382.1448 758.8933 734.0997 671.7751 654.8025 554.8634 399.6424 462.7505 536.0734 551.2981 549.9151 442.4284 458.7881 386.8517 597.3116 867.686 807.6068 650.437 460.6122 529.3897 834.7554 876.7127999999999 624.5524 722.6516 726.5006999999999 844.6813 811.5226 780.8108 638.6421 810.5941 775.7679 717.2392 402.3509 662.9129 753.3441 707.6658 707.6825 748.6238 667.5268 970.2503 884.97 995.3065 767.367 819.2438 853.793 730.5761 859.5296 632.9042999999999 780.3709 567.1288999999999 500.9878 405.40959999999995 527.4088 673.5629 769.1342999999999 694.5665 902.6719 960.6382 897.6513 657.4218999999999 562.5742 475.8912 422.2556 529.1674 868.5509 449.4184 803.0895 825.2314 995.576 798.3089 487.8458 561.9909 574.0742 721.8843999999999 595.1369 842.7176 832.8301 572.5834 739.3792 792.6456 829.6722 797.6491 611.3585 
513.8009 479.8168 569.7844 681.9787 811.1467 782.0664 531.2445 874.3199999999999 531.1855 807.625 384.3113 472.6914 522.9044 382.1448 0 421.0533 783.5911 744.6841 565.9158 637.99 547.9588 751.8657 847.9550999999999 745.0955 644.4419 774.0287000000001 665.098 433.9835 830.4415 801.3095 685.675 755.1567 784.9374 630.868 838.9396 888.3902 604.9868 501.0815 596.8284 776.0983 819.0663 679.4439 917.2013000000001 577.8746 505.6415 894.1153 763.84 857.0435 513.9363 777.5692 1002.2257999999999 920.0065999999999 687.5653 606.7913 777.8633 642.17 939.4983 886.2088 641.8815 684.4689 690.4607 819.3242 933.1298 682.4137 619.3841 582.6027 888.924 806.42 650.2759 940.156 520.5271 657.5126 708.359 534.7146 513.1782 858.0360000000001 744.3202 595.6782 820.1347 525.0618 789.3911 739.9976 682.7213 501.1492 722.4845 925.6938 956.219 909.5439 424.7521 725.2715000000001 756.089 505.6352 905.1392 670.1866 782.6017 722.1504 777.4245000000001 
781.9749 745.3843 802.6405 763.8809 926.9458 919.7891 587.8483 876.5668 952.2388000000001 879.9215 805.3646 893.7447 647.9822 758.8933 421.0533 0 402.9678 522.3559 570.0811 571.6227 832.3371 829.4475 814.1684 808.0078 723.4675 814.2434 750.8357 708.4183 846.015 582.3554 537.7696 982.1113 920.5476 918.9139 564.186 606.3316 684.2505 746.2166 889.8896 744.2132 787.1812 803.5383 639.0196 485.9378 537.1589 531.8265 855.1833 480.0943 787.6835 496.355 812.9644 895.0727 738.9156 584.4391 551.759 587.7343 708.9571 791.1563 638.2343 576.1994 883.1095 718.0545 1020.4376 742.9118 809.0528999999999 486.431 789.1174 787.1968 1028.5801 804.453 891.4333 778.9202 984.7017000000001 809.7157 743.7826 932.2829999999999 1002.042 776.9194 764.0063 787.2494 812.7343 937.4946 817.7872 658.4163 842.6083 795.7914 687.1945 921.8199 697.8455 536.7996 473.6659 785.8937000000001 947.1159 977.2362 716.7187 621.4024 1040.0066 
816.9713 839.9826 817.9991 869.4878 809.6408 944.0749 926.8507999999999 1020.1575 854.2171 481.4156 834.7364 810.1118 787.8381 734.0997 783.5911 402.9678 0 350.7921 499.2278 779.1805 532.2667 426.4797 522.5690999999999 575.3241 903.173 749.7209 731.1687 823.3559 515.5758 565.5958 579.2238 586.0105 517.5798 872.4344 795.5286 864.751 891.2449 771.0372 878.2677 708.6687 687.1683 627.3468 791.0647 452.5794 416.5842 655.5955 455.2077 751.4382 792.8873 738.0383 706.6899 920.1512 825.0482 902.4609 920.9329 823.9341 869.7387 765.1493 1009.4766000000001 620.3757 838.4966 967.889 862.1517 822.6999 794.9059 749.7423 979.9602 722.0538 955.9514 744.8112 887.232 896.3887 929.1894 810.037 865.603 736.0569 936.2993 896.7361 760.036 683.8597 683.5518 923.6256999999999 492.6204 410.7023 592.9094 518.2677 626.8646 553.5674 821.8253 856.7312 876.6337000000001 822.7975 867.2172 915.9287 814.6214 255.6435 669.2576 
554.8523 613.5326 622.7178 812.1967 763.3635 840.6669 975.0798 901.5582 676.7556 711.9931 818.9015 757.4202 783.5312 671.7751 744.6841 522.3559 350.7921 0 197.5679 508.9509 489.0752 535.1197 604.2682 645.0744 683.4114 805.7763 737.3157 816.5177 594.9328 312.1063 632.0978 545.6699 794.7985 999.0913 873.1987 873.944 833.4955 642.68 974.8217 760.3641 757.7008 503.0468 616.9772 315.0177 298.6796 599.8991 752.2405 931.2629 513.2747 960.4847 738.28 898.5386000000001 586.384 669.3672 669.9359999999999 655.2418 924.8353 962.9067 895.0431 882.2091 920.4234 706.205 802.4902 675.7975 667.9867 723.8082 669.611 520.5455 877.0549 810.2911 697.2294999999999 634.6106 744.7538 712.1208 923.5505999999999 669.6812 872.5003 801.1108 766.3799 861.5633 740.85 851.4395 516.4054 630.3805 718.7011 766.9334 673.1325 846.1212 644.1921 719.6249 900.0348 847.4303 847.4673 734.5647 1002.3109999999999 127.2902 570.5824 
704.0771 644.6462 820.2857 841.7016 926.1047 802.5721 977.0484 848.8336 619.8082 909.561 649.716 772.5991 887.9005999999999 654.8025 565.9158 570.0811 499.2278 197.5679 0 433.8955 686.6431 634.32 730.4094 517.579 608.2525 923.8244 633.2513 746.5743 452.4163 509.6742 828.7405 685.6301 600.0701 949.559 712.1777 701.3785 866.3283 664.6072 887.8989 798.4375 755.4695 534.1146 787.6705 512.5856 484.3184 796.5418 936.6234999999999 904.6534 692.3673 944.8906999999999 644.3888 769.2789 486.8452 531.1866 752.4679 852.8097 869.9282 765.3388 1009.6661 759.4129 843.9959 903.7729 685.2649 489.6005 519.8107 771.6432 540.0383 586.2805 773.9163 954.1495 849.3463 732.6431 905.8523 909.6887 1033.6296 679.8082 728.6782 673.858 779.4353 833.0099 581.9487 802.7661 500.2324 814.5805 566.085 605.3319 713.9288 655.208 676.4674 605.3363 716.105 718.0237 970.002 574.9769 1039.4032 324.85810000000004 706.2914000000001 
759.0154 768.6858 629.3111 672.0572000000001 762.6428 745.3974 741.6017 685.8513 716.3979 687.3708 532.9104 652.7881 492.1653 554.8634 637.99 571.6227 779.1805 508.9509 433.8955 0 305.4735 522.5605 479.92629999999997 493.7412 781.9367 650.5203 617.0729 703.6438 620.9098 478.9191 518.2453 773.0953000000001 733.7107 736.0922 914.9895 889.9342 550.3385 642.7553 692.8203 672.0393 684.7467 556.2125 452.0512 472.0074 431.0038 611.0275 560.7524 801.5 905.2351 865.1931000000001 894.567 874.9096 863.7062000000001 739.3516 666.5573 735.8902 859.9838000000001 911.6302 788.7509 877.1086 998.6226 577.7488 756.3965000000001 478.18919999999997 499.758 527.1982 746.8474 550.5071 576.293 645.6206000000001 694.7735 772.3036 648.3698 806.962 609.9941 564.1992 430.4193 516.4436 718.479 698.968 533.539 906.9943000000001 872.2675 570.3587 641.5744000000001 605.2513 575.3439 706.9567000000001 679.987 732.2641 746.06 904.2617 785.8346 515.0894 787.8504 533.0147 515.4701 
639.1693 663.8828 633.1893 676.9653 533.3379 652.6906 503.4619 597.3424 995.9983 825.8326 514.4892 637.3723 675.0948000000001 399.6424 547.9588 832.3371 532.2667 489.0752 686.6431 305.4735 0 344.8543 406.1624 466.8594 906.8227999999999 583.4826 646.0527 490.1572 847.2598 607.6987 799.8319 512.9937 531.061 510.0161 748.0214 775.7595 600.7027 791.6026 840.1208 870.3801 894.1418 558.805 503.4154 694.6129 668.0773 796.8279 605.313 984.8587 648.3127 933.114 949.6243 1070.7143 983.1861999999999 1044.8251 914.9717 866.9437 894.0596 817.2481 819.9616 639.8454 825.7162 723.8106 984.3635 742.7126 685.8632 788.9779 849.14 725.3776 763.0114 639.6585 863.0643 955.6302000000001 939.4287 895.7654 763.2595 781.8888999999999 404.0326 810.7561 939.759 527.0683 808.2754 869.2551000000001 602.6304 746.2667 703.091 556.6324 509.7198 589.0668 610.3376 739.4988 720.8021 705.5093 825.2112 539.1429 522.8843 616.3654 625.8282 
716.984 693.9697 567.8698 443.0081 670.3308 582.0724 643.367 693.3279 838.9627 653.8852 473.5126 486.1844 494.9627 462.7505 751.8657 829.4475 426.4797 535.1197 634.32 522.5605 344.8543 0 96.0894 152.8975 592.8609 668.2911 696.8857 434.1062 643.8328 684.4051 551.2841 560.0512 474.0053 817.608 981.5322000000001 906.2302 845.0396 772.7760999999999 725.3874999999999 733.27 745.7149000000001 513.7306 549.1754 676.2617 720.0403 524.1331 489.8052 848.194 806.6309 878.0174 855.4601 797.0039 759.252 914.314 950.4936 908.2849 693.7614 797.4538 685.7463 782.4717 691.1265 642.2052 935.7364 764.5272 743.4181 799.7626 603.2563 716.791 602.2067 539.0134 686.1056 760.9123 822.5268 696.8578 612.4525 721.3136000000001 655.6034 843.3610000000001 785.7548 836.2572 685.7298 593.5448 612.4807 725.3437 730.6089999999999 621.8272000000001 513.2303 399.9606 734.5636 800.4879 809.0154 674.0429 781.6245 771.0714 622.281 593.5591 716.5988 
669.296 728.7269 663.9592 534.4724 735.7881 678.1618 736.3641 775.1238999999999 782.4543 629.7978 476.0438 457.6233 591.0521 536.0734 847.9550999999999 814.1684 522.5690999999999 604.2682 730.4094 479.92629999999997 406.1624 96.0894 0 234.6935 674.6569 631.9135 747.9413000000001 505.4722 578.3196 780.4944999999999 601.8863 656.1406 453.372 793.6373 894.3972 830.6429 832.0561 848.4057 629.2981 786.5496999999999 743.5817 473.5458 502.7968 637.3037 623.9509 428.0437 547.3186 849.4706 888.4268999999999 927.2939 923.389 880.5347999999999 665.3018 866.6236 954.0129999999999 885.8104 668.3957 701.3644 617.6754 878.5611 748.3181 738.2946 841.6856 747.9934 740.81 752.1075 699.3457 798.587 698.2960999999999 635.1028 710.8036 840.1702 916.4809 792.9472 537.1476 803.1096 731.233 770.0426 878.0109 914.0494 781.8191999999999 563.6749 692.575 794.6659 634.5196 589.7374 481.1405 396.3566 699.4035 820.5826 733.7523 768.6412 794.2949 759.4304 588.0368 668.8446 620.5094 
576.673 541.0722 562.8427 531.193 811.6626 613.2118 582.2799 540.4304 686.0652 649.1661 536.6423 597.1095 404.7053 551.2981 745.0955 808.0078 575.3241 645.0744 517.579 493.7412 466.8594 152.8975 234.6935 0 439.9634 515.3936 635.5368 462.4659 609.4257 614.5739 684.741 624.4048 626.9028 740.6018 845.7578000000001 763.7861 701.515 642.7215 863.9916 589.2809 592.8174 612.0814 692.5833 698.6613 770.8944 662.7372 551.0365 949.798 653.7334 870.6224 723.0167 658.006 627.4246 864.1496000000001 950.6821 894.8605 709.3754 733.7663 802.2761 927.6336 772.8004 632.8263 802.1704 639.475 689.5398 665.7607 531.8239 563.8935 716.5522000000001 540.1155 692.0024 828.9879 824.9329 823.345 699.3694 568.4161 525.5488 698.8383 659.398 851.3556 810.1407 728.2493 707.005 727.1339 675.1316 603.9053 538.1381 453.921 640.7441 694.4766 735.5153 680.2663 720.357 717.6324 775.1785 746.4566 674.9159 
397.3532 337.9223 593.4476 379.6991 582.193 709.1366 483.7191 512.133 645.1945 834.3853 497.5279 619.9493 510.0661 549.9151 644.4419 723.4675 903.173 683.4114 608.2525 781.9367 906.8227999999999 592.8609 674.6569 439.9634 0 440.393 604.4618 626.3106 650.7799 770.5563 440.9132 523.2429 708.4454000000001 712.4987 841.2076 759.2359 915.8635999999999 717.029 647.0796 848.8402 839.2535 948.983 846.8956 870.7678 943.0009 938.1053999999999 478.7331 619.9068 666.2583 913.3712 827.8893 657.2108 715.6145 898.3325 783.7513 842.4434 600.0485 601.7579 846.0852 509.9611 639.4397 915.2872 1005.8867 659.0325 691.2555 609.2703 668.5147 844.2993 807.388 885.6896 794.6203 675.312 984.0814 747.7516 527.0357 622.4818 840.5246999999999 747.2145 675.2585 590.5147 826.8901000000001 753.1879 720.5318 548.5048 816.0601 626.1561 625.5003 499.7413 854.6861 1001.0475 939.0249 780.6317 683.3404 491.4467 558.0167 647.5295 400.9116 
457.356 433.0294 450.2366 660.8018 550.9123 699.8692 589.2369 707.3867 882.2156 508.6685 389.7174 454.4708 701.28 442.4284 774.0287000000001 814.2434 749.7209 805.7763 923.8244 650.5203 583.4826 668.2911 631.9135 515.3936 440.393 0 401.7247 664.5042 697.8399 869.9464 584.8846 756.2315 603.8833 962.4975999999999 931.086 889.2963 726.0719 814.4293 571.2659 958.5838 941.5369 992.2137 732.3717 592.9886 597.6687 668.3834 701.2783 962.1146 880.0709 1018.889 858.8869 706.5134 974.8452 992.6808000000001 964.9052 1024.3227 719.5158 700.6075 898.0969 733.5247 843.459 572.9109 833.2925 434.2239 491.9504 599.3234 941.0157 722.1419 992.9259 826.5228 648.8012 785.7867 594.8808 673.4595 606.3084 690.7442 467.086 479.6163 628.1737 776.6066 732.4171 867.222 852.5702 878.7144000000001 846.1122 836.9207 902.2591 940.1342999999999 855.6764 999.6475 548.5266 490.0785 490.596 644.0612 778.1118 897.2988 485.9985 
446.1086 427.3935 533.3951 551.7831 356.4913 448.1014 761.8257 466.2124 901.6055 803.9697 380.656 503.5391 519.238 458.7881 665.098 750.8357 731.1687 737.3157 633.2513 617.0729 646.0527 696.8857 747.9413000000001 635.5368 604.4618 401.7247 0 262.7795 456.3012 468.2217 601.3552 697.9046 651.7649 796.1364 864.831 814.3875 678.5258 512.2946 750.2268 779.8274 736.8594 838.7631 537.6086 637.9296 565.6965 913.1126999999999 725.0054 824.1556 1000.4555 793.2014 726.3599 750.611 878.2533 940.9614 897.1341 925.9793 892.3413 932.6684 776.5606 649.5441 688.4711 765.3475 787.5415 745.8981 765.9577 542.691 910.3006 629.0628 849.4086 634.7481 815.6914 799.8665 573.463 724.1032 605.1689 431.94 382.047 516.6542 502.9625 870.1035 564.6863 923.8946 565.6388 792.7892 746.8858 657.9473 766.5442 875.6272 917.8736 1002.2462 822.0435 767.3339000000001 493.1947 678.2394 801.7186 838.881 420.0351 
457.2481 397.8172 474.5449 662.8466 494.8118 669.4519 618.6326 726.671 803.9179 614.2664 519.7955 606.7794 494.2629 386.8517 433.9835 708.4183 823.3559 816.5177 746.5743 703.6438 490.1572 434.1062 505.4722 462.4659 626.3106 664.5042 262.7795 0 396.458 648.9289 428.3838 558.1944 677.2483 916.2413999999999 698.0306 679.3652 659.3371 535.3061 880.1199 761.0168 770.4449 768.213 550.7004 641.487 602.3898 933.5159 630.7883 829.68 908.0745 833.9738 869.555 789.0521 984.9412 882.8967 661.6154 741.344 807.1993 787.2457 724.403 609.5862000000001 881.7681 502.6995 635.7874 676.5926 742.7337 573.5544 901.6397 537.0241 700.0953 897.2049 883.5711 784.0308 836.2425 744.4449 406.1872 451.6838 439.5567 591.9373 589.0374 739.2345 802.8317 974.7512 828.4182999999999 768.5861 727.0366 702.4482 741.6701 834.0668000000001 858.7356 989.363 689.2556 674.5298 545.9423 662.3122 857.3641 787.7033 661.6647 
572.4764 522.288 640.6247 854.3732 765.5484 864.0152 809.2767 793.2334 744.5717 850.2862 599.8908 482.3729 590.4676 597.3116 830.4415 846.015 515.5758 594.9328 452.4163 620.9098 847.2598 643.8328 578.3196 609.4257 650.7799 697.8399 456.3012 396.458 0 382.7347 548.5168 685.6279 387.1517 650.33 760.3663 680.6011 827.9001 747.6628 782.9534 860.7352 870.7711 890.3719 663.0491 458.5947 505.3171 730.0028 493.1609 572.1041 704.0143 656.8355 887.7370000000001 696.4239 600.5793 727.2059 669.5796 645.2691 780.2517 773.0858 804.4597 689.1834 815.8489999999999 698.5312 757.1413 904.6429 838.5018 853.7671 894.6598 669.0564 766.419 505.8207 673.9383 545.6413 966.4011 754.1658 668.8688 848.1418000000001 800.5201 576.2457 850.9493 981.242 805.1838 929.6092 633.2393 682.4817 775.2348 520.66 609.5484 548.5527 756.7708 763.9477999999999 824.5503 624.4379 747.2707 681.3576 961.1682 592.4404999999999 537.0185 
485.7734 456.0703 615.4964 561.6466 824.713 581.7628 706.9901 632.0589 810.4618 467.5515 793.1159 865.1076 932.7812 867.686 801.3095 582.3554 565.5958 312.1063 509.6742 478.9191 607.6987 684.4051 780.4944999999999 614.5739 770.5563 869.9464 468.2217 648.9289 382.7347 0 515.1018 651.6418 562.8219 821.548 568.4723 597.9667 787.6449 614.9501 951.1852 974.9467 985.0366 691.3117 796.2169 562.3529 556.6743 908.5355999999999 875.8956000000001 954.8388 649.2345 1039.5702 860.4681 699.2954 898.4902999999999 811.1791 589.8978 718.7349 775.5519 714.9947 732.5988 944.0151 649.4239 976.1515 840.6623 830.8989 791.2585 965.5166 881.9517 829.182 705.5392 792.3008 960.6011 928.376 987.0924 949.754 896.7629999999999 878.7631 743.2337 954.309 547.0084 860.0728 774.4704 936.1683 542.7029 661.9505 820.9636 550.3309 607.7018 931.2873999999999 580.3269 880.8463 905.0936 719.2976 832.4042 646.2921 789.8487 409.6846 480.7181 
263.068 309.9845 553.4421 740.2205 716.1259 480.2885 642.2635 535.2824 735.1048 982.6533 610.5009 660.8422 773.4441999999999 807.6068 685.675 537.7696 579.2238 632.0978 828.7405 518.2453 799.8319 551.2841 601.8863 684.741 440.9132 584.8846 601.3552 428.3838 548.5168 515.1018 0 471.2487 574.1602 511.195 568.0916 577.2187 777.1905 855.2583 856.6628 881.4876 924.4556 851.3315 941.0916 854.6103 822.4872 730.1012 708.8653 635.8344 773.4142 603.4986 992.6647 994.5656 864.0758 702.9239 847.8642 777.0415 833.9277 739.1674 846.1905 821.9985 791.1946 836.5761 976.0397 528.8629 562.4702 703.1833 982.5828 720.0255 819.1125 932.9335 746.1118 758.4003 936.7499 529.0241 676.0432 487.3254 792.5634 620.3447 785.3919 876.877 926.1511 800.2104 864.4212 689.4084 710.5666 556.1114 513.8538 596.0367 798.6118 560.9792 721.5373 671.7061 689.9975999999999 525.8729 958.383 677.5925 541.8764 
434.6283 375.1974 653.8299 719.4389 884.9888000000001 795.5351 676.4357 525.8907 961.2838 587.1047 617.1621 740.0452 675.9192 650.437 755.1567 982.1113 586.0105 545.6699 685.6301 773.0953000000001 512.9937 560.0512 656.1406 624.4048 523.2429 756.2315 697.9046 558.1944 685.6279 651.6418 471.2487 0 425.5085 562.6222 708.2115 631.6258 516.428 547.4899 507.6349 799.3369 842.3049 620.656 718.3549 676.4746 654.8497 639.5098 692.0203 999.3478 1058.0769 1001.7008000000001 913.5684 642.8842 1012.7997 678.5939 866.9643 738.1394 659.9549 585.9581 768.1212 503.3441 538.2504 968.3806999999999 1066.5639999999999 839.0817 879.5571 944.3476 588.0637 735.268 920.4637 590.6874 706.5592 569.5737 826.151 796.8477 815.8901000000001 612.2845 629.2994 835.6355 561.5565 841.0003 744.9092 885.8846 642.3748 763.8616 772.2938 906.0326 810.0237 872.6500000000001 1068.4888 959.4669 851.7863 511.357 699.439 697.4331999999999 773.4568 662.2422 599.9595 
311.0922 370.5231 532.771 607.9824 812.5371 768.2488000000001 580.7591 700.2285999999999 987.2358 730.6726 576.6878 619.8881 724.8694 460.6122 784.9374 920.5476 517.5798 794.7985 600.0701 733.7107 531.061 474.0053 453.372 626.9028 708.4454000000001 603.8833 651.7649 677.2483 387.1517 562.8219 574.1602 425.5085 0 372.5882 793.9962 765.1443 709.7686 756.1032 637.9779 805.4969 762.5289 869.618 890.3741 622.0967 618.9113 584.5928 716.2774999999999 913.5751 896.4816000000001 576.1923 500.5853 823.3145 688.6386 994.5468000000001 778.4904 726.8702 646.2871 612.6809 784.609 928.8526 822.9153 804.1268 842.5572 796.1917000000001 730.0506 630.0726 894.6856 765.0070000000001 801.6571 728.3033 845.8569 713.3043 852.2985 891.7742000000001 708.2769 608.5222 532.8147 483.8469 540.737 594.0903 949.6466 871.243 805.1579 698.5062 775.6374 675.4492 590.0088 447.1415 814.1632 785.8799 619.3226 573.4919 556.6659 573.8970999999999 643.7306 680.7046 419.8075 
672.213 686.9897 630.0349 830.4137000000001 949.38 617.1373 905.9647 929.5458 655.4663 583.7116 729.8152 700.7874 766.1305 529.3897 630.868 918.9139 872.4344 999.0913 949.559 736.0922 510.0161 817.608 793.6373 740.6018 712.4987 962.4975999999999 796.1364 916.2413999999999 650.33 821.548 511.195 562.6222 372.5882 0 453.5978 535.5695000000001 836.7103999999999 536.504 677.1724 608.6282 600.064 676.4545 700.1993 748.1076 776.148 956.4047 614.1841 643.0369 768.7602 624.3266 873.1735 896.4067 604.7561 834.7192 971.3263 865.0394 513.9625 465.911 710.2383 849.5276 679.7755 610.5643 958.2914 818.5107 752.3696 849.1632 638.6221 581.449 859.717 1067.2226 509.1817 589.0414 994.4538 1040.2191 924.3793000000001 884.771 506.9147 697.7291 834.3163 899.8506 982.2071000000001 1012.3165 857.0119 767.4628 1017.2355 885.8525 782.5046 463.7577 902.3661000000001 601.8467 869.9305 560.741 605.7248 935.0178999999999 737.7953 943.7813 532.6801 
563.8602 561.6442 635.2639 638.7792 696.5352 771.0237 555.919 699.3381 688.826 1010.8927000000001 945.699 830.6469 936.5534 834.7554 838.9396 564.186 795.5286 873.1987 712.1777 914.9895 748.0214 981.5322000000001 894.3972 845.7578000000001 841.2076 931.086 864.831 698.0306 760.3663 568.4723 568.0916 708.2115 793.9962 453.5978 0 81.9717 483.9619 366.0658 622.7643 488.7565 503.2013 470.2953 795.2692 767.0617000000001 694.8286 586.2860000000001 633.3501 749.3773 799.6335 809.1206 880.7846 739.2331999999999 813.7239 605.3018 741.6827000000001 605.9894 933.7324000000001 919.5088000000001 994.1693 849.3444 561.7861 538.0519 898.4284 702.0351 721.5195 847.3302 479.7206 606.4597 539.6332 830.8474000000001 616.2433 739.9594 802.7369 913.7853 700.0934 640.5143 697.7632000000001 687.3954000000001 514.6362 879.5126 803.9868 859.4746 481.8459 602.8093 638.1997 918.5554 858.923 851.5579 605.4654 441.4694 703.519 592.4934 671.8317 826.6650999999999 574.8123 933.6431 635.1007000000001 
549.4457 490.0148 681.1482 660.0604 709.3906 805.8881 473.9473 756.5546 606.8543 1014.9060999999999 864.6534 748.6752 995.4844 876.7127999999999 888.3902 606.3316 864.751 873.944 701.3785 889.9342 775.7595 906.2302 830.6429 763.7861 759.2359 889.2963 814.3875 679.3652 680.6011 597.9667 577.2187 631.6258 765.1443 535.5695000000001 81.9717 0 412.2421 448.0375 690.451 567.262 585.173 509.3608 859.1768000000001 796.3642 747.5899 504.3143 695.4325 748.0208 741.6541 727.1489 834.729 657.2615 731.7522 687.2735 823.6544 687.9611 862.0126 966.602 1037.8083 917.7560000000001 493.6363 539.3775 895.5656 735.0749 801.2159999999999 821.2554 453.6458 688.4313999999999 608.9747 748.8757 584.6875 657.9877 884.7085999999999 837.7412 678.1639 679.6236 615.7915 605.4237 596.6079 815.0118 854.1045 941.4463000000001 538.5584 608.7091 720.1714 885.5482 776.9513 849.7738 523.4937 502.2605 745.9916 657.4979 740.7777 812.2506 521.1902 851.6714 652.3502 
578.577 607.994 731.8357 536.1645 713.0824 560.3814 787.1037 618.3857 1019.0963999999999 769.6268 819.2094999999999 730.1043 734.466 624.5524 604.9868 684.2505 891.2449 833.4955 866.3283 550.3385 600.7027 845.0396 832.0561 701.515 915.8635999999999 726.0719 678.5258 659.3371 827.9001 787.6449 777.1905 516.428 709.7686 836.7103999999999 483.9619 412.2421 0 300.2064 728.8293 803.1188 831.9128 716.4568 793.348 519.9588 581.2468 521.6371 845.7481 815.6751 781.8169 978.2017000000001 808.0024 900.2897 724.5382 856.4808 832.5688 833.4011 449.7705 554.3599 798.6872000000001 623.6336 905.8784 647.0027 550.136 507.9816 557.7566 800.285 865.8879 647.6839 640.332 762.295 720.2577 615.6368 985.584 676.0555 746.7811999999999 870.1757 896.1566 792.4776 571.7934 935.3334 700.3613 1034.6123 764.5703 627.8444 367.8161 769.815 772.6283 731.9062 651.5758 602.0566 822.0664 610.3722 581.8353 764.145 875.7139 954.9202 779.6263 
710.1456 769.5764999999999 622.1512 657.5723 412.876 622.8302 585.3826 771.1037 797.3306 814.9933 607.7072 622.8387 664.3198 722.6516 501.0815 746.2166 771.0372 642.68 664.6072 642.7553 791.6026 772.7760999999999 848.4057 642.7215 717.029 814.4293 512.2946 535.3061 747.6628 614.9501 855.2583 547.4899 756.1032 536.504 366.0658 448.0375 300.2064 0 428.6229 553.7475 586.6784 807.5107 500.1467 656.1392 728.3723 620.7649 635.1331 808.5348 901.3704 853.6088 824.3053 756.4882 581.8336 702.6513 570.1161 546.166 749.9769 706.6371 628.1035 923.8399999999999 708.1813 799.5116 720.9049 466.8726 512.7188 654.4257 645.4821 740.4635 536.3478 583.8861 627.6162 658.6463 922.7214 853.7496 446.5748 569.9693 609.0399 533.3514 824.4457 737.8357 445.7031 841.8981 760.3034 567.7361 583.9742 914.0056 914.2275 804.9867 727.9877 807.5352 836.1172 786.1295 866.5368000000001 671.9874 698.7154 657.0867 932.3297 
796.5219 737.091 715.0612 920.9429 591.463 787.5888 699.079 950.5610999999999 1025.3333 1049.6315 767.3653 890.2484000000001 700.3492 726.5006999999999 596.8284 889.8896 878.2677 974.8217 887.8989 692.8203 840.1208 725.3874999999999 629.2981 863.9916 647.0796 571.2659 750.2268 880.1199 782.9534 951.1852 856.6628 507.6349 637.9779 677.1724 622.7643 690.451 728.8293 428.6229 0 479.8029 488.2965 652.3477 835.7961 817.7593 745.5262 731.1001 954.9084 567.6506 646.6952 982.4863 590.3781 730.7631 843.357 677.8768 510.0998 645.7931 621.895 653.9233 484.8142 874.3438 912.8102 1003.0103 1057.9404 895.4955 941.3417 753.8522 672.8685 836.3412 715.6891 541.5488 812.3431 731.0383 968.6188 664.3648 830.4424 737.1004 954.5479 545.1023 683.1467 713.8259 688.1137 717.8209 569.6894 863.2721 990.6116999999999 861.0977 752.5008 1025.3802 680.1969 516.6138 976.3786 873.2733 987.3431 898.6185 950.5181 928.0376 960.255 
899.3311 839.9002 779.3128 723.9933 780.2148 815.6135 761.4683 781.5388 797.4083 860.3239 791.0738 874.9211 911.9963 844.6813 776.0983 744.2132 708.6687 760.3641 798.4375 672.0393 870.3801 733.27 786.5496999999999 589.2809 848.8402 958.5838 779.8274 761.0168 860.7352 974.9467 881.4876 799.3369 805.4969 608.6282 488.7565 567.262 803.1188 553.7475 479.8029 0 42.968 409.5761 622.8807 659.4357 731.6688 693.3422999999999 786.742 587.0395 768.9369 593.1503 694.994 870.8817 798.4021 858.8611999999999 859.848 814.2904 831.9783 936.5677 821.6896 879.8499 782.6858 705.9808 809.1277 565.0931 503.2572 810.6999 637.9259 562.9011 920.5453 749.0195 934.5308 840.3201 894.9920999999999 491.9355 692.2679 522.9915 594.0628 656.265 878.9632 924.1397 720.7588999999999 660.2123 807.2491 744.611 679.4873 833.3249 911.643 804.8369 899.1241 920.3089 980.327 754.9294 546.8712 649.2824 875.2262 857.9594 974.0958999999999 
884.9393 862.252 753.2574 681.0253 759.9633 858.5815 718.5003 824.5068 757.609 817.3559 766.1894 889.0725 899.6374 811.5226 819.0663 787.1812 687.1683 757.7008 755.4695 684.7467 894.1418 745.7149000000001 743.5817 592.8174 839.2535 941.5369 736.8594 770.4449 870.7711 985.0366 924.4556 842.3049 762.5289 600.064 503.2013 585.173 831.9128 586.6784 488.2965 42.968 0 447.523 646.5912 702.4037 743.1703 650.3743 805.0884 630.0074999999999 797.2001 550.1823 711.3505 906.1269 801.4491 815.8932 864.5942 772.4909 844.7811 949.3705 864.6576 901.4325 812.0927 711.0786 852.0957 607.6164 545.3783 767.7319 641.2797 584.5121 878.6585 706.0515 962.1289 872.9298 852.0241 500.7986 732.966 565.9594999999999 637.0308 613.297 883.5014 953.7048 677.7909 672.9917 764.2811 746.9513 641.39 819.7841 928.381 787.0689 862.7878 907.715 953.672 797.8974 523.3153 649.5194 866.8605 884.991 931.1279 
927.1832999999999 867.7524 756.4905 570.0116 786.8609 623.5183 617.4167 597.0744 662.812 686.4946 702.3584 716.5202 963.3294000000001 780.8108 679.4439 803.5383 627.3468 503.0468 534.1146 556.2125 558.805 513.7306 473.5458 612.0814 948.983 992.2137 838.7631 768.213 890.3719 691.3117 851.3315 620.656 869.618 676.4545 470.2953 509.3608 716.4568 807.5107 652.3477 409.5761 447.523 0 452.9204 523.3641 543.6487 840.3614 932.0548 879.2402 1016.3215 855.3827 688.2282 644.1105 754.0614 1004.4079999999999 957.9855 956.9482 697.596 647.7971 877.2145 915.8808 977.8306 609.299 821.9852999999999 901.1455 881.4403 724.6854 481.9275 821.0916 561.1184 820.1438 623.0296 601.2175 565.327 678.1423 955.3426999999999 859.4601 707.463 798.8184 711.2714 532.2419 598.4839 454.1566 589.9678 633.9889 653.1541 637.2648 618.8944 594.6953 884.1084000000001 834.3273 669.9083 727.4258 822.5252 776.1466 886.1085 550.0064 880.0127 
779.1646 816.331 742.2053 907.4661 658.03 816.1442 811.149 961.4117 625.3632 723.9727 604.7673 501.0537 536.9102 638.6421 917.2013 639.0196 791.0647 616.9772 787.6705 452.0512 503.4154 549.1754 502.7968 692.5833 846.8956 732.3717 537.6086 550.7004 663.0491 796.2169 941.0916 718.3549 890.3741 700.1993 795.2692 859.1768000000001 793.348 500.1467 835.7961 622.8807 646.5912 452.9204 0 344.1308 416.3639 579.7932 709.6543 976.4985 1054.4755 1003.7726 739.5165 1016.2229 691.3261 686.3423 546.2794 637.9408 800.1708 841.8161 803.7949 716.5109 901.2469 817.2527 759.9298 739.6451000000001 741.0935 616.2354 908.684 594.6859 665.7848 776.4322 855.516 770.7852 549.783 808.9392 919.9925 709.7841 719.0178 611.2853 592.6605 505.061 786.3766 655.6601 964.5242 593.6959 610.8429 643.8621 742.5754000000001 586.6461 492.4492 599.7083 730.2966 648.244 766.6826 644.1851 575.4103 697.1587 618.0429 
