20
42 38 27 21 23 49 14 19 46 43 26 48 33 12 5 25 28 50 9 47
0 6.01792 12.71678 18.60419 25.92086 19.48189 25.78745 23.99708 31.42934 24.47446 19.43195 18.4378 27.24919 26.13045 21.836910000000003 12.901900000000001 13.50348 29.30802 28.29238 6.33751 
6.01792 0 6.69886 12.586269999999999 19.9939 13.63499 19.94055 26.30163 37.44726 30.49238 25.44987 24.45572 28.6742 20.11253 20.03708 18.91982 19.5214 27.446869999999997 34.3103 12.35543 
12.71678 6.69886 0 5.88741 13.29504 6.93613 13.24169 19.60277 35.12328 37.19124 32.14873 30.72831 21.97534 13.41367 13.33822 24.4024 26.220260000000003 20.74801 30.5349 19.05429 
18.60419 12.586269999999999 5.88741 0 7.40763 12.823540000000001 19.1291 25.49018 41.01069 43.07865 38.03614 24.89932 16.08793 7.52626 7.45081 20.16591 28.15935 20.816019999999998 36.422309999999996 22.95021 
25.920859999999998 19.9939 13.29504 7.40763 0 6.43897 12.744530000000001 19.299570000000003 34.820080000000004 40.42994 35.38743 32.30695 23.495559999999998 14.93389 14.85844 26.14774 26.749319999999997 13.40839 36.3009 19.58335 
19.48189 13.63499 6.93613 12.823540000000001 6.43897 0 6.30556 12.8606 28.38111 33.99097 28.948459999999997 36.897800000000004 28.91147 20.349800000000002 15.42904 19.70877 20.31035 13.811879999999999 36.704390000000004 13.144380000000002 
25.78745 19.94055 13.24169 19.1291 12.744530000000001 6.30556 0 6.55504 22.07555 27.68541 22.6429 35.26511 35.21703 26.65536 21.7346 26.01433 26.61591 20.11744 38.995670000000004 19.44994 
23.997079999999997 26.30163 19.60277 25.49018 19.29957 12.8606 6.55504 0 15.520510000000002 21.13037 16.08786 28.71007 37.521460000000005 33.016439999999996 19.944229999999997 24.223959999999998 24.825539999999997 22.67732 32.44063 17.65957 
31.42934 37.44726 35.12328 41.010690000000004 34.82008 28.38111 22.07555 15.520510000000002 0 6.95488 11.99739 26.95058 35.76197 44.32364 35.46474 39.74447000000001 40.346050000000005 27.494999999999997 36.80516 33.180080000000004 
24.47446 30.49238 37.19124 43.07865 40.429939999999995 33.99097 27.685409999999997 21.13037 6.95488 0 5.04251 28.691 37.50239 46.06406 41.0746 37.376360000000005 37.977940000000004 33.10486 38.54558 30.811970000000002 
19.43195 25.44987 32.14873 38.03614 35.387429999999995 28.948459999999997 22.642899999999997 16.08786 11.99739 5.04251 0 23.64849 32.45988 41.02155 36.03209 32.333850000000005 32.935430000000004 28.062350000000002 33.50307 25.769460000000002 
18.4378 24.45572 30.72831 24.89932 32.30695 36.897800000000004 35.26511 28.71007 26.950580000000002 28.691 23.64849 0 8.81139 17.37306 32.35013 25.47803 31.94128 23.08592 22.07028 24.775309999999998 
27.24919 28.6742 21.97534 16.08793 23.49556 28.91147 35.21703 37.52146 35.76197 37.50239 32.45988 8.81139 0 8.56167 23.53874 16.66664 24.66008 31.897309999999997 30.88167 23.23103 
26.13045 20.11253 13.41367 7.52626 14.93389 20.349800000000002 26.65536 33.01644 44.32364 46.06406 41.02155 17.37306 8.56167 0 14.97707 25.22831 33.22175 28.34228 39.44334 30.47647 
21.836910000000003 20.03708 13.33822 7.45081 14.85844 15.42904 21.7346 19.94423 35.46474 41.074600000000004 36.032090000000004 32.35012999999999 23.538739999999997 14.97707 0 12.7151 20.70854 26.824510000000004 36.58782 15.499400000000001 
12.901900000000001 18.91982 24.4024 20.16591 26.147740000000002 19.70877 26.01433 24.22396 39.74447000000001 37.376360000000005 32.333850000000005 25.47803 16.66664 25.22831 12.7151 0 7.99344 27.476950000000002 37.24026 6.56439 
13.50348 19.5214 26.22026 28.15935 26.74932 20.31035 26.61591 24.82554 40.346050000000005 37.977940000000004 32.935430000000004 31.94128 24.66008 33.22175 20.70854 7.99344 0 34.12223 41.795860000000005 7.16597 
29.30802 27.44687 20.74801 20.81602 13.40839 13.811879999999999 20.11744 22.677319999999998 27.495 33.10486 28.062350000000002 23.085919999999998 31.897309999999997 28.342280000000002 26.82451 27.47695 34.122229999999995 0 22.89251 26.956259999999997 
28.29238 34.3103 30.5349 36.42231 36.3009 36.704390000000004 38.99567 32.44063 36.80516 38.54558 33.50307 22.07028 30.88167 39.44334 36.58782 37.24026 41.795860000000005 22.89251 0 34.62989 
6.33751 12.35543 19.05429 22.950210000000002 19.583350000000003 13.144380000000002 19.44994 17.659570000000002 33.180080000000004 30.81197 25.76946 24.775309999999998 23.23103 30.476470000000003 15.499400000000001 6.56439 7.16597 26.95626 34.62989 0 
