27
Home49 Home9 Home28 Home30 Home55 Home60 Home42 Home39 Home41 Home71 Home11 Home82 Home48 Home13 Home68 Home40 Home69 Home63 Home83 Home66 Home15 Home31 Home85 Home88 Home62 Home24 Home46
0 3.61035 6.5349900000000005 12.31431 15.1571 19.38189 18.16619 15.69533 13.43176 13.67619 21.16666 12.46798 10.2995 15.67383 14.57083 16.58626 14.5167 6.70319 4.54485 10.015170000000001 12.345590000000001 9.085740000000001 8.70628 5.53026 16.165290000000002 12.67018 3.6619 
3.61035 0 2.92464 13.87379 16.71658 22.0924 21.77654 19.305680000000002 17.04211 17.28654 24.77701 16.078329999999998 13.909849999999999 18.51793 18.18118 20.19661 12.220040000000001 10.31354 8.1552 13.62552 15.955940000000002 12.696090000000002 12.31663 9.14061 19.775640000000003 16.28053 7.27225 
6.5349900000000005 2.92464 0 10.94915 13.79194 19.16776 24.70118 22.230320000000003 19.96675 20.21118 25.51752 18.79914 16.83449 15.59329 21.10582 18.24522 15.144680000000001 13.23818 11.07984 16.550159999999998 18.880580000000002 15.620730000000002 15.24127 12.06525 22.700280000000003 19.205170000000003 10.19689 
12.31431 13.87379 10.94915 0 2.84279 8.21861 15.113900000000001 13.43136 15.69493 11.486620000000002 14.568370000000002 7.84999 10.01847 4.64414 10.3464 7.29607 13.23823 17.72815 16.859160000000003 14.416170000000001 9.18154 13.675080000000001 19.008750000000003 15.832730000000002 16.56391 13.12266 15.976210000000002 
15.1571 16.71658 13.79194 2.84279 0 5.37582 12.27111 14.741969999999998 15.852970000000001 8.643830000000001 11.72558 10.69278 12.861260000000001 7.48693 13.18919 10.138860000000001 16.081020000000002 20.57094 19.70195 17.25896 12.024329999999999 16.517870000000002 21.85154 18.67552 17.9282 12.08753 18.57328 
19.38189 22.0924 19.16776 8.21861 5.37582 0 6.89529 9.366150000000001 11.62972 14.019650000000002 17.1014 13.914969999999999 16.030179999999998 10.709119999999999 7.87224 12.5383 21.34324 22.67497 20.51663 19.61813 9.38543 15.50074 17.22345 14.047429999999999 12.55238 6.71171 21.76143 
18.16619 21.77654 24.70118 15.113900000000001 12.27111 6.89529 0 2.47086 4.73443 11.94357 19.51888 14.46393 16.63241 11.25808 7.77848 14.60388 23.40882 15.779679999999999 13.62134 19.091659999999997 15.01038 16.049699999999998 17.77241 14.59639 16.3886 12.03957 21.82809 
15.69533 19.30568 22.23032 13.43136 14.741970000000002 9.366150000000001 2.47086 0 2.26357 9.47271 17.04802 11.99307 14.16155 8.78722 5.30762 12.13302 20.93796 13.30882 11.15048 16.620800000000003 12.53952 13.57884 15.301549999999999 12.12553 13.917739999999998 9.56871 19.35723 
13.43176 17.04211 19.96675 15.69493 15.85297 11.629719999999999 4.73443 2.26357 0 7.20914 14.78445 14.256639999999999 16.42512 11.05079 7.57119 14.39659 18.85876 11.04525 8.88691 14.35723 14.80309 15.842409999999997 17.56512 14.3891 16.18131 11.832279999999999 17.09366 
13.67619 17.28654 20.21118 11.486620000000002 8.643830000000001 14.019650000000002 11.943569999999998 9.47271 7.20914 0 7.57531 7.58035 9.74883 10.5561 14.78033 17.18812 23.13028 18.254389999999997 16.096049999999998 21.56637 12.34075 13.40544 22.142360000000004 18.966340000000002 16.29427 18.73687 12.51156 
21.16666 24.77701 25.51752 14.568370000000002 11.72558 17.1014 19.51888 17.04802 14.78445 7.57531 0 15.155660000000001 17.32414 18.131410000000002 22.35564 21.864440000000002 27.806600000000003 25.8297 23.67136 28.984540000000003 19.91606 20.43673 27.639020000000002 24.463 23.86958 21.81862 17.50476 
12.46798 16.07833 18.79914 7.84999 10.692779999999999 13.91497 14.463929999999998 11.99307 14.256639999999999 7.58035 15.155660000000001 0 2.16848 3.2058500000000003 8.90811 9.60777 15.54993 19.17117 17.01283 22.26616 4.7604 5.82509 14.56201 11.385990000000001 8.94402 11.48695 8.80608 
10.2995 13.90985 16.834490000000002 10.01847 12.861260000000001 16.030179999999998 16.63241 14.16155 16.42512 9.74883 17.32414 2.16848 0 5.3743300000000005 11.07659 7.43929 13.381450000000001 17.00269 14.84435 20.31467 6.9288799999999995 7.99357 16.73049 13.55447 11.1125 9.31847 6.6376 
15.673829999999999 18.51793 15.59329 4.64414 7.48693 10.709119999999999 11.25808 8.78722 11.05079 10.5561 18.131410000000002 3.2058500000000003 5.3743300000000005 0 5.70226 11.94021 17.88237 22.09604 19.9377 19.06031 4.5374 9.030940000000001 14.364609999999999 11.18859 11.91977 9.32063 12.01193 
14.570829999999999 18.181179999999998 21.105819999999998 10.3464 13.18919 7.87224 7.77848 5.30762 7.57119 14.78033 22.35564 8.90811 11.076590000000001 5.70226 0 6.8254 15.63034 18.61644 16.4581 18.97503 9.45456 10.49388 12.216589999999998 9.040569999999999 10.83278 6.483750000000001 17.714190000000002 
16.586260000000003 20.196610000000003 18.24522 7.296069999999999 10.13886 12.5383 14.60388 12.13302 14.39659 17.18812 21.86444 9.60777 7.43929 11.94021 6.8254 0 8.80494 16.61845 18.77679 18.68812 14.36817 14.4665 17.68035 14.504330000000001 11.667259999999999 5.8265899999999995 14.076889999999999 
14.5167 12.220040000000001 15.144680000000001 13.238230000000001 16.081020000000002 21.34324 23.40882 20.93796 18.85876 23.130280000000003 27.806600000000003 15.549930000000002 13.381450000000001 17.88237 15.63034 8.80494 0 7.81351 9.97185 11.12549 20.31033 20.40866 23.22298 20.04696 20.472200000000004 14.631530000000001 18.1786 
6.70319 10.31354 13.23818 17.72815 20.57094 22.67497 15.779679999999999 13.308819999999999 11.04525 18.25439 25.829700000000003 19.17117 17.00269 22.096040000000002 18.616439999999997 16.61845 7.81351 0 2.15834 3.31198 19.04878 15.78893 15.40947 12.233450000000001 22.059070000000002 16.218400000000003 10.36509 
4.54485 8.1552 11.07984 16.859160000000003 19.701950000000004 20.51663 13.62134 11.15048 8.88691 16.096049999999998 23.67136 17.012829999999997 14.844349999999999 19.9377 16.4581 18.77679 9.97185 2.15834 0 5.47032 16.89044 13.630590000000002 13.25113 10.07511 20.710140000000003 17.21503 8.20675 
10.015170000000001 13.625520000000002 16.55016 14.416170000000001 17.258960000000002 19.61813 19.09166 16.620800000000003 14.357230000000001 21.56637 28.984540000000003 22.266160000000003 20.31467 19.06031 18.97503 18.68812 11.12549 3.31198 5.47032 0 22.360760000000003 19.100910000000002 18.72145 15.545430000000001 18.747090000000004 12.90642 13.67707 
12.345590000000001 15.955940000000002 18.880580000000002 9.18154 12.024329999999999 9.38543 15.010379999999998 12.53952 14.80309 12.34075 19.91606 4.7604 6.9288799999999995 4.5374 9.45456 14.36817 20.31033 19.04878 16.89044 22.36076 0 10.206869999999999 13.448889999999999 10.27287 11.85502 12.49849 13.566479999999999 
9.085740000000001 12.696090000000002 15.620730000000002 13.675080000000001 16.517870000000002 15.50074 16.049699999999998 13.57884 15.84241 13.40544 20.436729999999997 5.82509 7.99357 9.030940000000001 10.49388 14.4665 20.408659999999998 15.78893 13.630590000000002 19.10091 10.20687 0 8.73692 5.5609 10.16453 10.808 12.74764 
8.70628 12.31663 15.24127 19.00875 21.85154 17.22345 17.772409999999997 15.301549999999999 17.56512 22.14236 27.639020000000002 14.56201 16.73049 14.364609999999999 12.21659 17.68035 23.22298 15.409469999999999 13.25113 18.721449999999997 13.448889999999999 8.73692 0 3.17602 16.45457 15.834959999999999 12.368179999999999 
5.53026 9.14061 12.06525 15.83273 18.67552 14.047429999999999 14.59639 12.12553 14.3891 18.966340000000002 24.463 11.385990000000001 13.554470000000002 11.18859 9.040569999999999 14.504330000000001 20.046960000000002 12.233450000000001 10.07511 15.545430000000001 10.27287 5.5609 3.17602 0 13.27855 12.65894 9.192160000000001 
16.16529 19.77564 22.70028 16.56391 17.9282 12.55238 16.388599999999997 13.917739999999998 16.18131 16.29427 23.869580000000003 8.94402 11.1125 11.91977 10.83278 11.667259999999999 20.4722 22.05907 20.71014 18.74709 11.85502 10.16453 16.45457 13.27855 0 5.840669999999999 17.7501 
12.67018 16.28053 19.20517 13.12266 12.087530000000001 6.71171 12.039569999999998 9.56871 11.832279999999999 18.73687 21.81862 11.48695 9.31847 9.32063 6.48375 5.8265899999999995 14.63153 16.218400000000003 17.21503 12.90642 12.49849 10.808 15.834959999999999 12.65894 5.840669999999999 0 15.95607 
3.6619 7.27225 10.19689 15.97621 18.57328 21.76143 21.82809 19.35723 17.09366 12.51156 17.50476 8.80608 6.6376 12.01193 17.714190000000002 14.07689 18.1786 10.365089999999999 8.20675 13.677069999999999 13.566479999999999 12.74764 12.36818 9.192160000000001 17.7501 15.95607 0 
