21
II1I1Il I1I1111 IIllIl1 IIlIlI1 I1I111I 1IlII1I lIIIllI IlllI11 l1IlIII III1lII IIII1ll 11IIl1I II111I1 1IIlIIl 1lI11l1 IIlIIII 11lI11I l1IlIl1 IIIllll lll1lII IIII1I1
0 0.00063 0.00109 0.00143 0.00137 0.0020499999999999997 0.00192 0.00188 0.0012799999999999999 0.00151 0.00081 0.0008399999999999999 0.00165 0.0011 0.00118 0.00069 0.00129 0.00201 0.00033 0.00077 3e-05 
0.00063 0 0.00046 0.00166 0.00189 0.0014199999999999998 0.00132 0.00141 0.0019099999999999998 0.00214 0.0014399999999999999 0.00147 0.00228 0.00173 0.00181 0.00132 0.0019199999999999998 0.00264 0.0009599999999999999 0.0014 0.00066 
0.00109 0.00046 0 0.0012 0.0014299999999999998 0.0018799999999999997 0.00178 0.00171 0.0023699999999999997 0.0026 0.0018999999999999998 0.0019299999999999999 0.00191 0.00219 0.00176 0.00178 0.00197 0.00259 0.0014199999999999998 0.0018599999999999999 0.00112 
0.00143 0.00166 0.0012 0 0.00023 0.00114 0.00258 0.00203 0.00265 0.00288 0.00218 0.00221 0.0025399999999999997 0.00184 0.0023899999999999998 0.0020599999999999998 0.0026599999999999996 0.0032199999999999998 0.0017 0.00083 0.0014 
0.00137 0.0018899999999999998 0.0014299999999999998 0.00023 0 0.00137 0.00277 0.0018 0.00259 0.00282 0.00212 0.00215 0.00231 0.0020499999999999997 0.0021599999999999996 0.002 0.00248 0.0029899999999999996 0.00164 0.0006 0.00134 
0.0020499999999999997 0.0014199999999999998 0.0018799999999999997 0.00114 0.00137 0 0.00144 0.00153 0.0017499999999999998 0.00212 0.0022199999999999998 0.00225 0.00306 0.00203 0.00235 0.00214 0.00233 0.00318 0.0022199999999999998 0.00197 0.00208 
0.00192 0.00132 0.00178 0.00258 0.00277 0.00144 0 0.00097 0.00158 0.00195 0.00111 0.0011400000000000002 0.00195 0.00184 0.00267 0.00235 0.00249 0.00346 0.00199 0.00263 0.00189 
0.00188 0.00141 0.00171 0.00203 0.0018 0.00153 0.00097 0 0.00159 0.00196 0.00206 0.0020900000000000003 0.00203 0.0017699999999999999 0.00188 0.00257 0.00254 0.0027099999999999997 0.00221 0.00232 0.00191 
0.0012799999999999999 0.0019099999999999998 0.0023699999999999997 0.00265 0.00259 0.0017499999999999998 0.00158 0.00159 0 0.00037 0.00047 0.0005 0.00131 0.00202 0.00174 0.0014099999999999998 0.0018499999999999999 0.0025700000000000002 0.00135 0.00199 0.00125 
0.00151 0.00214 0.0026 0.00288 0.00282 0.00212 0.0019500000000000001 0.00196 0.00037 0 0.00084 0.00087 0.00168 0.00238 0.0013700000000000001 0.00178 0.0022199999999999998 0.0022 0.00172 0.00228 0.0015400000000000001 
0.00081 0.0014399999999999999 0.0018999999999999998 0.00218 0.00212 0.0022199999999999998 0.00111 0.00206 0.00047 0.00084 0 3e-05 0.0009 0.00161 0.00173 0.00124 0.00138 0.00235 0.00088 0.00152 0.00078 
0.0008399999999999999 0.00147 0.0019299999999999999 0.00221 0.00215 0.00225 0.0011400000000000002 0.0020900000000000003 0.0005 0.00087 3e-05 0 0.00087 0.00158 0.0017599999999999998 0.00127 0.00141 0.00238 0.00091 0.00155 0.00081 
0.00165 0.00228 0.00191 0.00254 0.00231 0.00306 0.00195 0.00203 0.00131 0.00168 0.0009 0.00087 0 0.00116 0.0012699999999999999 0.00162 0.00201 0.0021 0.00172 0.00171 0.00162 
0.0011 0.00173 0.00219 0.00184 0.0020499999999999997 0.00203 0.00184 0.0017699999999999999 0.00202 0.00238 0.00161 0.00158 0.00116 0 0.00101 0.00173 0.00233 0.0025599999999999998 0.00137 0.00145 0.00107 
0.00118 0.00181 0.00176 0.00239 0.00216 0.00235 0.00267 0.00188 0.0017400000000000002 0.0013700000000000001 0.00173 0.00176 0.0012699999999999999 0.00101 0 0.00121 0.00181 0.0015500000000000002 0.00085 0.00156 0.00115 
0.00069 0.00132 0.00178 0.00206 0.002 0.00214 0.00235 0.00257 0.0014099999999999998 0.00178 0.00124 0.00127 0.00162 0.00173 0.00121 0 0.00102 0.00199 0.00036 0.0014 0.00066 
0.00129 0.0019199999999999998 0.00197 0.00266 0.00248 0.00233 0.00249 0.00254 0.0018499999999999999 0.0022199999999999998 0.00138 0.00141 0.00201 0.0023299999999999996 0.00181 0.00102 0 0.00097 0.0009599999999999999 0.002 0.0012599999999999998 
0.00201 0.00264 0.00259 0.0032199999999999998 0.0029899999999999996 0.00318 0.00346 0.0027099999999999997 0.0025700000000000002 0.0022 0.00235 0.00238 0.0021 0.0025599999999999998 0.0015500000000000002 0.00199 0.00097 0 0.00168 0.0023899999999999998 0.00198 
0.00033 0.0009599999999999999 0.0014199999999999998 0.0017 0.00164 0.0022199999999999998 0.00199 0.00221 0.00135 0.00172 0.00088 0.00091 0.00172 0.00137 0.00085 0.00036 0.0009599999999999999 0.00168 0 0.00104 0.0003 
0.00077 0.0014 0.00186 0.00083 0.0006 0.00197 0.00263 0.00232 0.00199 0.00228 0.00152 0.00155 0.00171 0.00145 0.00156 0.0014 0.002 0.0023899999999999998 0.00104 0 0.00074 
3e-05 0.00066 0.00112 0.0014 0.00134 0.00208 0.00189 0.00191 0.00125 0.0015400000000000001 0.00078 0.00081 0.00162 0.00107 0.00115 0.00066 0.0012599999999999998 0.00198 0.0003 0.00074 0 
