45
11IIII1 II11l1l lIl111I lIIl11l II1Il1I IlI1II1 lI11III Il1Il1I IIlIllI 1l11lII 11lI11I lII111l I1llII1 l1lll11 l1Ill11 l1IllI1 1llI111 I1ll1II l1lllll lI1l111 1I11Ill 11111lI 1I1l1Il l1IIl1l I11I111 ll111ll 1I1lllI lll1I1l 111lI1I l1l11l1 1I1I1lI l1I111I 1lIl11I Ill1I11 III111I I111I1I llIIII1 I11I11l IIl1l1I I1llll1 Ill11II 11lII11 1III1ll IlIIIIl lllIl1I
0 0.00174 0.00159 0.002 0.0023499999999999997 0.00228 0.00235 0.00273 0.0028 0.00209 0.00171 0.00121 0.00165 0.00135 0.00147 0.00109 0.00121 0.0014 0.00141 0.0018700000000000001 0.00209 0.00161 0.00241 0.00202 0.0017200000000000002 0.0027 0.00136 0.00125 0.00191 0.0025199999999999997 0.0030499999999999998 0.00275 0.0021 0.0023 0.00253 0.00194 0.00235 0.00166 0.00201 0.00215 0.00114 0.00119 0.0022500000000000003 0.00193 0.00091 
0.00174 0 0.00015 0.00045 0.00098 0.00181 0.0019399999999999999 0.00206 0.00217 0.00155 0.00117 0.0014199999999999998 0.00142 0.00148 0.00159 0.00154 0.00163 0.0018499999999999999 0.0018599999999999999 0.0017000000000000001 0.0019199999999999998 0.00125 0.00223 0.0023899999999999998 0.00148 0.00246 0.00172 0.00154 0.0008799999999999999 0.00149 0.00242 0.00181 0.00223 0.0019299999999999999 0.00142 0.0013 0.00116 0.00186 0.00063 0.00133 0.00198 0.00164 0.00131 0.0005 0.00265 
0.00159 0.00015 0 0.0006 0.00101 0.00192 0.0020499999999999997 0.00217 0.0022199999999999998 0.0014 0.00102 0.0012699999999999999 0.00129 0.00163 0.00174 0.00139 0.00148 0.0017 0.00171 0.00185 0.00182 0.0014 0.00238 0.0023 0.00163 0.00261 0.00166 0.00139 0.0010299999999999999 0.00154 0.0024000000000000002 0.00186 0.00236 0.00178 0.00157 0.00145 0.00131 0.00197 0.00078 0.00148 0.00213 0.00171 0.00146 0.00065 0.0025 
0.002 0.00045 0.0006 0 0.00057 0.00152 0.00165 0.00161 0.00188 0.002 0.00162 0.00116 0.00118 0.0013 0.00142 0.0012799999999999999 0.0014 0.0015899999999999998 0.0015999999999999999 0.00174 0.00147 0.0014 0.00211 0.00198 0.0015300000000000001 0.0021200000000000004 0.00189 0.00125 0.00114 0.00189 0.00229 0.00221 0.00205 0.0017499999999999998 0.00101 0.0010400000000000001 0.00075 0.00141 0.00108 0.00178 0.00153 0.00146 0.00157 0.00095 0.0029100000000000003 
0.00235 0.00098 0.00101 0.00057 0 0.00097 0.0011 0.00148 0.00147 0.00147 0.00185 0.00157 0.00159 0.00167 0.00159 0.0016899999999999999 0.00181 0.0019 0.00201 0.00215 0.00188 0.00181 0.00239 0.0023899999999999998 0.00144 0.0024200000000000003 0.00199 0.00178 0.0015500000000000002 0.00217 0.00172 0.00183 0.00242 0.0013800000000000002 0.00142 0.00145 0.00116 0.00194 0.0016099999999999999 0.00129 0.00194 0.00151 0.00198 0.00148 0.00326 
0.00228 0.00181 0.00192 0.00152 0.00097 0 0.00013 0.00051 0.0012799999999999999 0.0005200000000000001 0.0009 0.0014 0.00142 0.0013 0.00118 0.00139 0.00151 0.0017 0.00198 0.00216 0.00228 0.00181 0.00227 0.00148 0.00143 0.00241 0.0019299999999999999 0.00146 0.00195 0.0012 0.00077 0.00088 0.0015300000000000001 0.00041 0.00051 0.0008900000000000001 0.00102 0.00178 0.00154 0.00167 0.00114 0.00146 0.00188 0.00147 0.00319 
0.00235 0.0019399999999999999 0.0020499999999999997 0.00165 0.0011 0.00013 0 0.00038 0.00115 0.00065 0.0010299999999999999 0.00153 0.00155 0.0014299999999999998 0.00131 0.0015199999999999999 0.00164 0.00157 0.00204 0.00213 0.0023899999999999998 0.00168 0.00214 0.0016099999999999999 0.00156 0.0025399999999999997 0.00199 0.0015899999999999998 0.00208 0.0013299999999999998 0.0009 0.00101 0.00166 0.00054 0.00064 0.00076 0.00115 0.0019099999999999998 0.0016699999999999998 0.0017800000000000001 0.0012699999999999999 0.00158 0.00201 0.0015999999999999999 0.00309 
0.00273 0.00206 0.00217 0.00161 0.00148 0.00051 0.00038 0 0.00077 0.00103 0.00115 0.00165 0.00167 0.00155 0.00143 0.00164 0.00176 0.00195 0.00223 0.00241 0.00251 0.00206 0.00226 0.00199 0.00168 0.00266 0.00218 0.00171 0.0022 0.00171 0.0012799999999999999 0.0013900000000000002 0.00204 0.00092 0.00102 0.00088 0.00129 0.00203 0.00179 0.0021600000000000005 0.00165 0.00171 0.0023899999999999998 0.0019299999999999999 0.00347 
0.0028 0.00217 0.0022199999999999998 0.00188 0.00147 0.0012799999999999999 0.00115 0.00077 0 0.00102 0.0014000000000000002 0.0019 0.00192 0.00182 0.0017 0.0021799999999999996 0.0022999999999999995 0.00248 0.0024999999999999996 0.00212 0.00185 0.00257 0.00251 0.002 0.00195 0.00266 0.00245 0.00248 0.00143 0.00204 0.0020499999999999997 0.00216 0.0027400000000000002 0.0016899999999999999 0.00179 0.00115 0.00152 0.0023 0.00206 0.00217 0.00188 0.00192 0.0030499999999999998 0.0022 0.0037099999999999998 
0.00209 0.00155 0.0014 0.002 0.00147 0.0005200000000000001 0.00065 0.00103 0.00102 0 0.00038 0.00088 0.0009 0.00136 0.00148 0.0014399999999999999 0.0014299999999999998 0.00162 0.00176 0.00222 0.00249 0.00227 0.00251 0.002 0.0014 0.00238 0.0017100000000000001 0.00166 0.00158 0.00162 0.00127 0.0014000000000000002 0.0017200000000000002 0.00093 0.00103 0.00115 0.00152 0.0023 0.00187 0.00176 0.00166 0.00132 0.0024 0.00197 0.003 
0.00171 0.00117 0.00102 0.00162 0.00185 0.0009 0.0010299999999999999 0.00115 0.0014000000000000002 0.00038 0 0.0005 0.00096 0.00098 0.0011 0.00106 0.00105 0.00137 0.0013800000000000002 0.00184 0.00211 0.00189 0.0024 0.00199 0.00102 0.002 0.00133 0.0017200000000000002 0.0012 0.00124 0.00165 0.00178 0.00134 0.00076 0.0014099999999999998 0.0015300000000000001 0.0019 0.00217 0.00149 0.00185 0.0013800000000000002 0.00094 0.00214 0.00159 0.00262 
0.00121 0.0014199999999999998 0.0012699999999999999 0.00116 0.00157 0.0014 0.00153 0.00165 0.0019 0.00088 0.0005 0 0.00046 0.00048 0.0006000000000000001 0.00056 0.0006799999999999999 0.0008699999999999999 0.00088 0.00134 0.00161 0.00139 0.0019 0.00149 0.00119 0.00217 0.00083 0.0012200000000000002 0.0007 0.00131 0.00211 0.00163 0.00123 0.00126 0.0019099999999999998 0.0019199999999999998 0.00163 0.0019 0.00099 0.00136 0.0015300000000000001 0.00044 0.00164 0.00109 0.00212 
0.00165 0.00142 0.00129 0.00118 0.00159 0.00142 0.00155 0.00167 0.00192 0.0009 0.00096 0.00046 0 0.0005 0.00062 0.00058 0.0007 0.00089 0.0009 0.00136 0.0016300000000000002 0.00141 0.00192 0.00151 0.0012100000000000001 0.00219 0.00085 0.00076 0.00068 0.00143 0.00217 0.00175 0.00125 0.0017200000000000002 0.0019299999999999999 0.0019399999999999999 0.00165 0.00236 0.00145 0.0009 0.00155 0.00046 0.00167 0.00111 0.00214 
0.00135 0.00148 0.00163 0.0013 0.00167 0.0013 0.0014299999999999998 0.00155 0.00182 0.00136 0.00098 0.00048 0.0005 0 0.00012 0.00035999999999999997 0.00047999999999999996 0.00067 0.00068 0.00114 0.00141 0.00111 0.0020499999999999997 0.00129 0.00099 0.00197 0.00063 0.00122 0.00074 0.00135 0.00201 0.0014 0.00095 0.00147 0.00181 0.0017499999999999998 0.00189 0.00224 0.00147 0.00136 0.00136 0.00016 0.00178 0.00135 0.00226 
0.00147 0.00159 0.00174 0.00142 0.00159 0.00118 0.00131 0.00143 0.0017 0.00148 0.0011 0.0006000000000000001 0.00062 0.00012 0 0.00047999999999999996 0.0006 0.00078 0.0008 0.0012599999999999998 0.00153 0.00123 0.00217 0.00141 0.0011099999999999999 0.00209 0.00075 0.0011 0.00086 0.00147 0.00195 0.00152 0.00107 0.0015899999999999998 0.00169 0.00187 0.0017699999999999999 0.0023599999999999997 0.00136 0.00148 0.00124 0.00028000000000000003 0.0019 0.00123 0.0023799999999999997 
0.00109 0.00154 0.00139 0.0012799999999999999 0.0016899999999999999 0.00139 0.0015199999999999999 0.00164 0.0021799999999999996 0.0014399999999999999 0.00106 0.00056 0.00058 0.00035999999999999997 0.00047999999999999996 0 0.00012 0.00031 0.00078 0.00124 0.00146 0.0012699999999999999 0.00178 0.00093 0.00063 0.0016099999999999999 0.00073 0.00086 0.0011 0.00161 0.00216 0.0017599999999999998 0.0011099999999999999 0.00154 0.0019 0.00187 0.0017499999999999998 0.00202 0.00149 0.00144 0.00172 0.00031999999999999997 0.00174 0.00121 0.002 
0.00121 0.00163 0.00148 0.0014 0.00181 0.00151 0.00164 0.00176 0.0023 0.0014299999999999998 0.00105 0.0006799999999999999 0.0007 0.00047999999999999996 0.0006 0.00012 0 0.00043 0.0009 0.00136 0.00158 0.00139 0.0019 0.00105 0.00075 0.00173 0.0008500000000000001 0.00074 0.00122 0.00173 0.00228 0.00188 0.00123 0.00166 0.00202 0.00199 0.0018700000000000001 0.00214 0.0016099999999999999 0.0015600000000000002 0.00184 0.00043999999999999996 0.00164 0.00133 0.00212 
0.0014 0.0018499999999999999 0.0017 0.0015899999999999998 0.0019 0.0017 0.00157 0.00195 0.00248 0.00162 0.00137 0.0008699999999999999 0.00089 0.00067 0.00078 0.00031 0.00043 0 0.00063 0.00109 0.00136 0.00154 0.002 0.00124 0.0009400000000000001 0.00192 0.0010400000000000001 0.00093 0.00141 0.00192 0.00247 0.00207 0.0014199999999999998 0.0018499999999999999 0.00221 0.00215 0.0020599999999999998 0.00211 0.0018 0.00175 0.00202 0.00063 0.00183 0.0015199999999999999 0.00231 
0.00141 0.0018599999999999999 0.00171 0.0015999999999999999 0.0020099999999999996 0.00198 0.00204 0.00223 0.0024999999999999996 0.0017600000000000003 0.0013800000000000002 0.00088 0.0009 0.00068 0.0008 0.00078 0.0009 0.00063 0 0.00046 0.00073 0.00091 0.00137 0.0015899999999999998 0.00141 0.0023899999999999998 0.0012300000000000002 0.00094 0.00142 0.0019299999999999999 0.0026899999999999997 0.00208 0.0014299999999999998 0.00199 0.00245 0.0024000000000000002 0.00207 0.00234 0.00181 0.00176 0.00204 0.00064 0.00184 0.0015899999999999998 0.00232 
0.0018700000000000001 0.0017000000000000001 0.00185 0.00174 0.00215 0.00216 0.00213 0.00241 0.00212 0.00222 0.00184 0.00134 0.00136 0.00114 0.00126 0.00124 0.00136 0.00109 0.00046 0 0.00027 0.00045 0.00091 0.00113 0.0018700000000000001 0.00285 0.00151 0.0014 0.00098 0.00159 0.00237 0.00176 0.0018899999999999998 0.00185 0.00259 0.00194 0.00179 0.00257 0.00138 0.00208 0.0022299999999999998 0.0010999999999999998 0.0023 0.00129 0.00278 
0.00209 0.0019199999999999998 0.00182 0.00147 0.00188 0.00228 0.0023899999999999998 0.00251 0.00185 0.00249 0.00211 0.0016099999999999999 0.00163 0.00141 0.00153 0.00146 0.00158 0.00136 0.00073 0.00027 0 0.0007199999999999999 0.00118 0.0014 0.00209 0.00306 0.00173 0.00167 0.00125 0.00186 0.0021 0.00149 0.00214 0.00212 0.00232 0.00167 0.00204 0.00282 0.00165 0.0023499999999999997 0.0024999999999999996 0.00137 0.00252 0.00156 0.003 
0.00161 0.00125 0.0014 0.0014 0.00181 0.00181 0.00168 0.00206 0.0025700000000000002 0.00227 0.00189 0.00139 0.00141 0.00111 0.0012300000000000002 0.00127 0.0013900000000000002 0.00154 0.00091 0.00045 0.0007199999999999999 0 0.00098 0.0015 0.0019000000000000002 0.00277 0.0015400000000000001 0.00185 0.00143 0.00204 0.00258 0.00221 0.00186 0.0017 0.00232 0.0023899999999999998 0.00211 0.00281 0.00158 0.00227 0.00178 0.00095 0.00234 0.00145 0.00252 
0.00241 0.00223 0.00238 0.00211 0.00239 0.00227 0.00214 0.00226 0.00251 0.00251 0.0024 0.0019 0.00192 0.0020499999999999997 0.0021699999999999996 0.00178 0.0019 0.002 0.00137 0.00091 0.00118 0.00098 0 0.00098 0.0021 0.00308 0.0020499999999999997 0.0019399999999999999 0.00189 0.0025 0.0030399999999999997 0.00267 0.0028 0.00186 0.00195 0.00264 0.0027 0.0026899999999999997 0.00229 0.00278 0.00276 0.0019299999999999999 0.00284 0.0021999999999999997 0.00332 
0.00202 0.0023899999999999998 0.0023 0.00198 0.0023899999999999998 0.00148 0.0016099999999999999 0.00199 0.002 0.002 0.00199 0.00149 0.00151 0.0012900000000000001 0.00141 0.00093 0.00105 0.00124 0.0015899999999999998 0.00113 0.0014 0.0015 0.00098 0 0.00156 0.0025399999999999997 0.0012 0.00179 0.00203 0.00254 0.00225 0.00236 0.00204 0.00189 0.00199 0.00211 0.00245 0.00291 0.002 0.00237 0.00262 0.00125 0.00267 0.00191 0.00293 
0.0017200000000000002 0.00148 0.00163 0.0015300000000000001 0.00144 0.00143 0.00156 0.00168 0.00195 0.0014 0.00102 0.00119 0.0012100000000000001 0.00099 0.00111 0.00063 0.00075 0.0009400000000000001 0.00141 0.0018700000000000001 0.00209 0.0019 0.0021 0.00156 0 0.00098 0.00136 0.00149 0.00173 0.0022400000000000002 0.0022 0.00225 0.0017399999999999998 0.0017800000000000001 0.00194 0.0022 0.0021 0.00176 0.0017699999999999999 0.0018900000000000002 0.0021999999999999997 0.00095 0.00237 0.00181 0.0026300000000000004 
0.0026999999999999997 0.00246 0.00261 0.0021200000000000004 0.0024200000000000003 0.00241 0.0025399999999999997 0.00266 0.00266 0.00238 0.002 0.00217 0.00219 0.00197 0.00209 0.0016099999999999999 0.00173 0.0019199999999999998 0.0023899999999999998 0.0028499999999999997 0.00306 0.00277 0.00308 0.0025399999999999997 0.00098 0 0.00134 0.00223 0.00204 0.00265 0.00291 0.00297 0.0027199999999999998 0.0027600000000000003 0.00286 0.00226 0.0026699999999999996 0.00274 0.00183 0.00253 0.00312 0.0019299999999999999 0.00249 0.00253 0.0036099999999999995 
0.00136 0.00172 0.00166 0.00189 0.00199 0.0019299999999999999 0.00199 0.00218 0.00245 0.0017100000000000001 0.00133 0.00083 0.00085 0.00063 0.00075 0.00073 0.00085 0.00104 0.0012300000000000002 0.00151 0.00173 0.0015400000000000001 0.0020499999999999997 0.0012 0.00136 0.00134 0 0.00089 0.00137 0.00198 0.0026399999999999996 0.0020299999999999997 0.00138 0.0019399999999999999 0.00207 0.0016 0.00201 0.00212 0.00121 0.00171 0.00178 0.00059 0.00179 0.0019199999999999998 0.00227 
0.00125 0.00154 0.00139 0.00125 0.00178 0.00146 0.0015899999999999998 0.00171 0.00248 0.00166 0.00172 0.00122 0.00076 0.00122 0.0011 0.00086 0.00074 0.00093 0.00094 0.0014 0.00167 0.00185 0.0019399999999999999 0.00179 0.00149 0.00223 0.00089 0 0.00144 0.00205 0.0022299999999999998 0.00234 0.00197 0.00182 0.00197 0.0020800000000000003 0.00184 0.00196 0.00197 0.00166 0.0022199999999999998 0.0011799999999999998 0.00171 0.0018700000000000001 0.00216 
0.0019099999999999998 0.0008799999999999999 0.0010299999999999999 0.00114 0.00155 0.00195 0.00208 0.0022 0.00143 0.0015799999999999998 0.0012 0.0007 0.00068 0.00074 0.00086 0.0011 0.00122 0.00141 0.00142 0.00098 0.00125 0.0014299999999999998 0.00189 0.00203 0.00173 0.00204 0.00137 0.00144 0 0.00075 0.00168 0.00107 0.00149 0.00196 0.00199 0.00202 0.0016099999999999999 0.00234 0.00151 0.00158 0.00206 0.0009 0.00219 0.00107 0.0028199999999999996 
0.0025199999999999997 0.00149 0.00154 0.00189 0.00217 0.0012 0.0013299999999999998 0.0017099999999999997 0.00204 0.00162 0.00124 0.00131 0.00143 0.00135 0.0014700000000000002 0.00161 0.00173 0.00192 0.0019299999999999999 0.00159 0.00186 0.00204 0.0025 0.00254 0.0022400000000000002 0.00265 0.00198 0.00205 0.00075 0 0.00093 0.0015400000000000001 0.00097 0.0016099999999999999 0.00171 0.00183 0.0022 0.0028799999999999997 0.00212 0.00219 0.00151 0.00151 0.00218 0.00182 0.00343 
0.0030499999999999998 0.00242 0.0024000000000000002 0.0022900000000000004 0.00172 0.00077 0.0009 0.0012799999999999999 0.0020499999999999997 0.00127 0.00165 0.00211 0.00217 0.00201 0.00195 0.00216 0.00228 0.00247 0.0026899999999999997 0.0023699999999999997 0.0021 0.00258 0.00304 0.00225 0.0022 0.00291 0.00264 0.0022299999999999998 0.0016799999999999999 0.00093 0 0.00061 0.0012599999999999998 0.00118 0.0012799999999999999 0.0014 0.00177 0.0025499999999999997 0.00231 0.00242 0.0019099999999999998 0.00217 0.00265 0.00224 0.00396 
0.00275 0.00181 0.00186 0.0022099999999999997 0.00183 0.00088 0.00101 0.0013900000000000002 0.00216 0.0014000000000000002 0.00178 0.00163 0.00175 0.0014 0.00152 0.00176 0.00188 0.00207 0.0020800000000000003 0.00176 0.00149 0.00221 0.00267 0.00236 0.00225 0.00297 0.0020299999999999997 0.00234 0.00107 0.0015400000000000001 0.00061 0 0.00065 0.00129 0.0013900000000000002 0.00151 0.0019000000000000002 0.00266 0.00236 0.00251 0.00202 0.00156 0.0025 0.00214 0.00366 
0.0021 0.00223 0.00236 0.00205 0.0024200000000000003 0.0015300000000000001 0.00166 0.00204 0.0027400000000000002 0.0017200000000000002 0.00134 0.00123 0.00125 0.00095 0.00107 0.0011099999999999999 0.00123 0.0014199999999999998 0.0014299999999999998 0.0018899999999999998 0.00214 0.00186 0.0027999999999999995 0.00204 0.0017399999999999998 0.0027199999999999998 0.00138 0.00197 0.00149 0.00097 0.0012599999999999998 0.00065 0 0.00194 0.00204 0.0020800000000000003 0.00249 0.0029899999999999996 0.0022199999999999998 0.00211 0.00211 0.00091 0.00253 0.0023 0.0030099999999999997 
0.0023 0.0019299999999999999 0.00178 0.0017499999999999998 0.0013800000000000002 0.00041 0.00054 0.00092 0.00169 0.00093 0.00076 0.00126 0.00172 0.00147 0.0015899999999999998 0.00154 0.00166 0.0018499999999999999 0.00199 0.00185 0.00212 0.0017 0.00186 0.00189 0.0017800000000000001 0.0027600000000000003 0.00194 0.00182 0.00196 0.0016099999999999999 0.00118 0.00129 0.0019399999999999999 0 0.00092 0.0010400000000000001 0.00143 0.00219 0.00195 0.00206 0.00155 0.00163 0.00203 0.00168 0.00321 
0.00253 0.00142 0.00157 0.00101 0.00142 0.00051 0.00064 0.00102 0.00179 0.00103 0.0014099999999999998 0.0019099999999999998 0.0019299999999999999 0.00181 0.00169 0.0019 0.00202 0.00221 0.00245 0.00259 0.00232 0.00232 0.00195 0.00199 0.00194 0.00286 0.00207 0.00197 0.00199 0.00171 0.0012799999999999999 0.0013900000000000002 0.00204 0.00092 0 0.0014000000000000002 0.0015300000000000001 0.00226 0.00199 0.00218 0.00165 0.00195 0.0023899999999999998 0.00174 0.00344 
0.00194 0.0013 0.00145 0.0010400000000000001 0.00145 0.0008900000000000001 0.00076 0.00088 0.00115 0.00115 0.0015300000000000001 0.0019199999999999998 0.0019399999999999999 0.0017499999999999998 0.00187 0.00187 0.00199 0.00215 0.0024000000000000002 0.00194 0.00167 0.00239 0.00264 0.00211 0.0022 0.00226 0.0016 0.0020800000000000003 0.00202 0.00183 0.0014 0.00151 0.0020800000000000003 0.0010400000000000001 0.0014000000000000002 0 0.00041 0.00119 0.00122 0.0019199999999999998 0.00199 0.0019099999999999998 0.00201 0.00109 0.00285 
0.00235 0.00116 0.00131 0.00075 0.00116 0.00102 0.00115 0.00129 0.00152 0.00152 0.0019 0.00163 0.00165 0.00189 0.0017699999999999999 0.0017499999999999998 0.00187 0.0020599999999999998 0.00207 0.00179 0.00204 0.00211 0.0027 0.00245 0.0021 0.0026699999999999996 0.00201 0.00184 0.0016099999999999999 0.0022 0.00177 0.0019000000000000002 0.00249 0.00143 0.0015300000000000001 0.00041 0 0.0007800000000000001 0.00149 0.00165 0.00216 0.00173 0.00201 0.00068 0.00326 
0.00166 0.00186 0.00197 0.00141 0.00194 0.00178 0.0019099999999999998 0.00203 0.0023 0.0023 0.00217 0.0019 0.00236 0.00224 0.0023599999999999997 0.00202 0.00214 0.00211 0.00234 0.00257 0.00282 0.00281 0.0026899999999999997 0.00291 0.00176 0.00274 0.00212 0.00196 0.00234 0.00288 0.0025499999999999997 0.00266 0.0029899999999999996 0.00219 0.00226 0.00119 0.0007800000000000001 0 0.00159 0.0016099999999999999 0.00226 0.00208 0.00123 0.00146 0.00257 
0.00201 0.00063 0.00078 0.00108 0.0016099999999999999 0.00154 0.0016699999999999998 0.00179 0.00206 0.00187 0.00149 0.00099 0.00145 0.00147 0.00136 0.00149 0.0016099999999999999 0.0018 0.00181 0.00138 0.00165 0.00158 0.00229 0.002 0.0017699999999999999 0.00183 0.00121 0.00197 0.0015099999999999998 0.00212 0.00231 0.00236 0.00222 0.00195 0.00199 0.00122 0.00149 0.00159 0 0.0007 0.00135 0.00143 0.0015799999999999998 0.00107 0.00292 
0.00215 0.00133 0.00148 0.00178 0.00129 0.00167 0.0017800000000000001 0.00216 0.00217 0.00176 0.00185 0.0013599999999999999 0.0009 0.00136 0.0014800000000000002 0.00144 0.0015600000000000002 0.00175 0.00176 0.00208 0.0023499999999999997 0.00227 0.00278 0.00237 0.0018900000000000002 0.00253 0.00171 0.00166 0.00158 0.00219 0.00242 0.00251 0.00211 0.00206 0.00218 0.0019199999999999998 0.00165 0.0016099999999999999 0.0007 0 0.00113 0.00132 0.00136 0.00097 0.0027 
0.00114 0.00198 0.00213 0.00153 0.00194 0.00114 0.0012699999999999999 0.00165 0.00188 0.00166 0.0013800000000000002 0.0015300000000000001 0.00155 0.00136 0.00124 0.00172 0.00184 0.00202 0.00204 0.0022299999999999998 0.0024999999999999996 0.00178 0.00276 0.00262 0.0021999999999999997 0.00312 0.00178 0.0022199999999999998 0.00206 0.00151 0.0019099999999999998 0.00202 0.00211 0.00155 0.00165 0.00199 0.00216 0.00226 0.00135 0.00113 0 0.00152 0.00157 0.00162 0.0020499999999999997 
0.00119 0.00164 0.00171 0.00146 0.00151 0.00146 0.00158 0.00171 0.00192 0.00132 0.00094 0.00044 0.00046 0.00016 0.00028000000000000003 0.00031999999999999997 0.00043999999999999996 0.0006299999999999999 0.00064 0.0010999999999999998 0.00137 0.00095 0.0019299999999999999 0.00125 0.00095 0.0019299999999999999 0.00059 0.00118 0.0009 0.00151 0.00217 0.00156 0.00091 0.00163 0.00195 0.00191 0.00173 0.00208 0.00143 0.00132 0.00152 0 0.00174 0.00151 0.0021000000000000003 
0.0022500000000000003 0.00131 0.00146 0.00157 0.00198 0.00188 0.00201 0.00239 0.0030499999999999998 0.0024 0.00214 0.00164 0.00167 0.00178 0.0019 0.00174 0.00164 0.00183 0.00184 0.0023 0.00252 0.00234 0.00284 0.00267 0.00237 0.00249 0.00179 0.00171 0.00219 0.00218 0.00265 0.0025 0.00253 0.00203 0.0023899999999999998 0.00201 0.00201 0.00123 0.0015799999999999998 0.00136 0.00157 0.00174 0 0.0015 0.00134 
0.00193 0.0005 0.00065 0.00095 0.00148 0.00147 0.0015999999999999999 0.0019299999999999999 0.0022 0.00197 0.00159 0.00109 0.00111 0.00135 0.00123 0.00121 0.00133 0.0015199999999999999 0.0015899999999999998 0.00129 0.00156 0.00145 0.0021999999999999997 0.00191 0.00181 0.00253 0.00192 0.0018700000000000001 0.00107 0.00182 0.00224 0.00214 0.0023 0.00168 0.00174 0.00109 0.00068 0.00146 0.00107 0.00097 0.0016200000000000001 0.0015099999999999998 0.0015 0 0.00284 
0.00091 0.00265 0.0025 0.0029100000000000003 0.00326 0.0031899999999999997 0.00309 0.00347 0.0037099999999999998 0.003 0.00262 0.00212 0.00214 0.00226 0.0023799999999999997 0.002 0.00212 0.00231 0.00232 0.00278 0.003 0.00252 0.00332 0.00293 0.00263 0.00361 0.00227 0.00216 0.00282 0.00343 0.00396 0.0036599999999999996 0.0030099999999999997 0.00321 0.00344 0.00285 0.00326 0.00257 0.00292 0.0027 0.0020499999999999997 0.0021000000000000003 0.00134 0.0028399999999999996 0 
