96
4C88SXD PUW25N CKNDWG ZMZIWZ 4UE11 LQQ5IH MXJIYJYNH4 9QJRN G90OCSZY FPZT FM2G14H8I ZH2INF 5HULMUDLAQ 3J6SSA GH8C G4QE3I 8UPUEGO EFIKTK4Y0Y 4P0LGP0 PIW6IC50D H1LQ91V A118 Q7ZEY 7GAD3F L7QS0UEPJ ZMQ5BH M649OA E9DZLL 9V10EOH 9K8PLAET A8WYICH3 DYYG23O ETB2 2B1K6EW9CL LBR67PCKBJ 3IXHQXHYBV P6RI91D87 79KTC8AS9 0TRB9358 G7PWWJ 8MDFNIK8AY MLKOJ 1UCE YU3U1T B690 3WJYJDDU HBQM42U VGYKKKOFLZ Q7Z37G5 FM2HEMVR1 ZZACWP ET82NVH9 7622OJ 2BLLD3SK YJYOMJ6A GNVXN 6PVQIBNB9 6VVS6 5Q8CRZ2VCM 26PG HM48FZD0 E2DHWGC H41HZ6 QW15YTSV 91ZONFE E37ZKA8WK O44VZ M35E LM7KL5G3V B3R68HYWZ HQG39M EEZS M71OYIS ARTWTP9 KCOFJD 01G9IQ2 IHN21LA4 RP28W1 DST5W4G0 DNIV2BOR2P PMXEOGGIQ GILAN21GR3 GN4G0L2 CB93 YQB2CII950 02X2C C8WREP J2ETZ1C CXQDH6YMZ8 5XYO SQLSVN 4VE7V 7T8I47 CV6NHW7M R4DHH1KAWR Satish
0 15322403.37017 20412222.28591 25644780.78837 29151395.22446 43621268.74134 58942189.92982 62639652.24587 64838161.97466 63461895.63884 69232662.50541 65197619.48498 57632454.07603 52248136.33999 51639920.92365 54581965.3652 66252986.90298 77411702.74317 76312461.83001 75647025.13672 81524632.5165 82546981.54045 114945779.7756 114975847.43539 126119485.97703 130256242.77058999 147085063.73689 143195805.83387 140608561.98507 118010617.82593 104269891.60695 116056456.50436 127272799.26426 137910113.09035 141948640.07558998 157410321.44319 174856834.70604 186214729.68561 175711790.9537 170238315.14536998 172290672.11609 181186525.5392 186508676.48786 192212456.81405 154970119.93157 157336697.06009 156799685.13622 176276958.34144998 175821655.06455 182653632.41097 183865046.81244 203523679.0453 205458141.73808 204225352.89162 200210427.4736 195984076.47693 181896410.22563 174288603.47608 156845484.87871 133721533.31065 130581512.71027 121871481.74202 110991399.34108 110324944.27484 107170075.42923 105195948.48271 103140288.64362 94359858.3464 86116975.24652 81530539.01138 84880985.34657 67630252.33609 57231469.28222 53892759.07198 41025113.70822 26298674.11925 32224554.73453 50164508.00763 113422230.79035 111287694.08035 121837225.71767 125249870.46631001 137486034.61104 127941186.93711 97461821.65214 98306880.80977 98217710.78954 71790358.15483001 68803598.47405 75408879.17139 68753350.75313 34227156.09338 62392852.89653 71357214.89552 76647854.55244 8026414.1059 
15322403.37017 0 7517376.23801 11201673.45182 15172711.06212 30932211.08895 46224001.84772 48205626.47593 49543203.44438 48182498.6077 53929085.08687 50208176.5682 42516161.60152 37162870.07696 36921398.57603 41939024.64525 53215330.45872 63161716.04342 61909249.83358 60468553.36852 66202229.14633 67266424.80808 99688023.16528 99664989.48462 110831303.17769 115338584.96847 132665734.35252 129286362.39187 126788068.3289 104322807.02298 90372137.22102 104206389.51081 115940514.44761 127319650.88295001 130271221.24616 145047433.48863 163092833.48246 173573293.71439 161650974.34105 155876549.46709 157541231.28504 166076819.90749 171347385.41525 177000901.72279 139668482.95015 142177473.587 142212281.25566 161529447.35218 160895828.86771 167489358.61139 168629927.54328 188341280.2859 190297280.8283 189370821.64269 185683897.17895 181665216.53856 167475042.95403 160702608.51471 144488130.72363 121119429.39738 117323002.06516 108153711.14308 97152357.02468 97111198.08168 95395183.664 93815691.44641 92148012.17742 82299119.31394 76442316.46648 73449217.61583 81017808.23223 64015816.28219 51096982.85405 44915372.25531 33581985.32223 18276016.88366 32621767.9519 48338279.27577 107193510.21124 103131277.50379 113503284.18536 113442306.80758 123171149.8468 112746021.18486 86749166.15782 90838029.80285 91869679.15302 65505119.00772 64489165.29467 73629765.64507 68313671.82258 34559295.83291 54331318.6981 63786335.49141 65918265.58013 19175177.85123 
20412222.28591 7517376.23801 0 5658688.46569 9742191.52711 23779987.72069 39144101.99939 42309637.09323 46384409.458050005 45138712.340409994 50620989.66542 48246717.55903 40330955.91009 35178189.46993 35878467.78926 40331051.52659 54108569.6834 62431196.58394 61021681.02631 57798325.32808 62697554.83306 62954923.38466 95176754.37344 95511466.45602 106470346.47734 109958825.32486 126674802.55278 122892476.75976 120335961.63927 97799353.74362001 84239605.31821 96967890.23224 108605576.59753 119885770.31213 123006733.736 137964305.65513 155861229.02126 166587629.7047 155367710.41088 149833360.62175 151909850.13971 161047940.68559 166459349.06792 172248676.74925 135374045.27952 139269204.40302 140553194.48739 159646940.30486 158569470.54596 164530582.60121 165402795.2756 185300241.24971 187327077.94749 187156853.01901 184050281.49233 180346040.80263 166028715.8091 160330555.78452 145340761.92078 121836652.19893 117424291.21986 107790424.17059 96698511.77589 97360139.47831 96977191.28935 96225549.67229 94300901.91906 83714042.8734 79582752.40274 77497839.85304 86917679.20424 69939290.15147 56324193.34062 48975755.33641 38745136.54446 24137840.38321 39843467.10407 54927590.19184 111815549.92888 106911738.7826 117138120.58631 114868807.87716 121958489.14685 109768723.99466 79309325.42798 83403097.8658 84554773.93076 58452508.09042 57647480.4076 67387788.33904 62539619.96984 29947119.48505 46896140.65587 56378132.29316 58462249.98983 25789383.40127 
25644780.78837 11201673.45182 5658688.46569 0 4083503.06142 20075278.9872 35206141.54389 37003953.02411 40725720.99236 39517163.2915 44973468.32484 42802564.0303 34864141.40823 29788129.65314 30780050.40595 35550475.83122 49777932.50335 57289896.24416 55833751.30516 52241546.03484 57039718.85157 57336213.05175 89597965.78841 89901570.94613 100871102.4621 104611461.98222 121617982.55679 118111278.05116 115602387.73084 93124992.75445 79188992.27744 93277681.35243 105151210.33954 116768059.92755 119364121.67079 133963891.87221 152135623.60651 162434012.59743 150504518.31375 144810464.42664 146672595.9495 155595969.23465 160960949.21735 166728829.08941 129770049.89281 133627875.41104 135081625.09381 154128100.0425 152982984.27651 158884496.0335 159746077.95074 179649209.33298 181679381.36069 181581679.08716 178573070.18108 174936665.43643 160594448.15532 155185452.78054 140669479.7952 117130067.55714 112476143.28348 102688130.12774 91579315.5597 92495013.12224 92659296.35352 91566127.42174 90357828.93333 79404554.81776 76306268.86037 74891173.80079 85594285.20914 69149330.13505 55178607.39626 46607541.59167 39595990.59517 24107923.84376 41316367.45713 55111557.83708 109586076.49867 103996961.47575 114093608.79089 110497973.1057 116598380.61667 104126028.73502 76265323.16591 81939902.50687 83577876.17109 58307221.81466 57948609.4517 68584682.65564 64351457.98124 33285843.03616 45602572.98847 55153051.618200004 55540765.85735 30334721.24243 
29151395.22446 15172711.06212 9742191.52711 4083503.06142 0 15995013.21394 31132801.70996 33573918.91545 38744652.02415 37638616.17107 42870248.66001 41566252.0286 34190256.46828 28805938.73224 30397914.41533 35616299.67148 50101541.85105 56636695.60503 55100857.7327 50431911.38882 54737175.53658 54566845.81036 86655447.48961 87130255.87422 97994228.9411 101224388.51626 117950585.92029 114279057.89749 111747721.26301 89234939.7889 75345824.81144 89197678.41086 101067994.90599 112699370.59569 115283093.61771 129912320.03795 148059086.98449 158407628.86033 146716216.07056 141119788.31203 143160085.49749 152359433.39777 157783733.29697 163621349.40687 126904027.33776 131479252.79752 133605631.81701 152507375.45665 151124995.34873 156686646.07645 157407600.61271 177395042.62879 179460818.31951 179760134.28741 177063770.73882 173600228.54301 159203043.72876 154388528.97151 140581051.31205 117016289.22474 112025975.9596 102003100.89693 90880736.81059 92194415.39737 93099912.36687 92192129.7822 91157288.27981 79837657.91847 77748526.95383 76855864.46383 88445455.22406 72207455.30948001 57863455.22941 48853939.02934 40482061.21331 27699511.0432 45214289.21988 58604862.74492 111748390.21897 105675219.667 115656757.44955 110806221.40689 115405883.16655 101980714.00535 72228829.5589 78226924.65832 80032364.50841 55164657.04067 55028872.26797 66243821.49957 62293638.9222 32630423.87512 42015725.22151 51562133.61004 51504272.25034 34207394.89765 
43621268.74134 30932211.08895 23779987.72069 20075278.9872 15995013.21394 0 15371234.8365 22984271.43601 35435662.90121 34919820.83974 38595924.13427 41206560.47413 34126400.01945 31082906.92074 34597656.6045 40726177.05009 55297255.84433 57600188.16427 55828755.39025 47091545.50885 48743661.6716 46309729.14261 76733147.56086 78088109.68615 88237768.18089 89001929.48727 104262041.4426 99765539.23913 97123116.6821 74482342.50427 60920766.49815 73276271.59392 85083021.11039 96720886.64598 99347526.78707 114185209.39013 132160622.39351 142818647.55889 132362753.71214 127254800.69608 130144770.68337 140599528.13608 146276330.30044 152410351.30598 116951014.55604 124658488.63088 129608637.52397 147768945.3184 145402950.067 149490747.30476 149604615.97517 169879288.91245002 172070745.46612 174039924.67416 172649923.80547 169912787.62327 155370434.00006 152997068.55809 142082276.18418 118644851.67972 112403707.1301 101592115.09785 90608165.20685 93461340.39124 97163144.08869 96954228.93101 96568821.03136 84130518.42132 85662951.25239 86541393.2189 100867668.0938 85369309.47096 70186892.28473 60031289.64212 53889877.10109 42825188.93614 60857571.1809 73157789.81886 121718916.99521 114024689.13938 123508261.30733 114120306.9016 112761986.80097 95497324.29214 56257044.64331 63764448.65333 66320979.32844 43785795.54433 44745620.10748 57629535.83445 55711700.45597 34296124.76673 28753955.1442 38003203.37385 35657898.23468 49545341.80337 
58942189.92982 46224001.84772 39144101.99939 35206141.54389 31132801.70996 15371234.8365 0 17132329.6312 35188764.34671 35370524.70598 36792612.70912 42933688.19338 38507633.64318 36821667.72552 41236605.80301 47268692.65906 60657189.95836 58954492.92265 57091471.64347 45155524.33236 43819570.4787 39059979.64578 66159489.05147 68376803.58707 77588645.43122 75984800.86902 89904858.09675 84839618.68129 82133139.49063 59466532.55217 46216165.71971 58090447.46621 70105760.58564 82126355.86009 84185283.38092 98834922.99028 116931223.97058 127447743.37561 117483949.74285 112708050.40955 116215682.33475 127660431.78795001 133510579.79672 139868639.78522 105741210.14573 116367466.29937 123881911.60428 141135836.86849 137865950.58687 140551413.37029 140099261.56808 160472026.15776 162798128.67185 166304303.1061 166118914.12416 164082496.55559 149522419.84841 149490964.67518 141469691.5412 118490603.5318 111160798.75534 99818232.19266 89256668.3258 93508893.21398 99774217.16584 100230675.6085 100466456.12912 87320735.92868 92161458.13023 94652169.67303 111357059.72289 96784284.49377 81239770.85407 70193625.75886 66108771.71512 56749811.61874 75129856.39117 86100375.64994 129553375.88544 120384362.4294 129257396.33612 115661727.02865 108596941.55516 87893184.45015 42042007.89276 53383687.34341 59299164.37686 39964588.46918 42433858.4792 56585305.66654 57012336.83989 44540975.75222 37916466.658410005 30990501.17278 22409294.41331 64916318.90282 
62639652.24587 48205626.47593 42309637.09323 37003953.02411 33573918.91545 22984271.43601 17132329.6312 0 18715407.50611 19213319.32565 19778251.09998 26968798.18921 23448160.11579 24487709.54044 29054159.07264 34380832.505 46093587.4462 42381356.75159 40517220.4923 28043844.71194 27073732.0748 23490842.43531 53927115.38584 55121662.27363 65410324.47198 67650562.30178 84853333.24618 82135361.05811 79812152.98518 57862566.65847 43641615.83669 63401654.24365 76224536.00788 89464977.79181 88891134.16013 101299337.81645 120644617.97705 128760727.96401 114168391.70089 108089009.05839 109674091.91122 118858201.21958 124351460.09414 130294502.07218 94221676.29702 101821181.58471 107802337.51718 125536948.55095 122830202.09652 126565711.79186 126626881.20891 146895017.47644 149114518.15351 151403359.91261 150488585.56845 148098519.71229 133532289.7013 132682081.33344 124338653.62956 101385313.77218 94030762.29902 82704417.00626 72124643.10296 76447891.75516 83253835.46237 83942444.3371 84429983.55563 71092192.41669 77667511.59564 81361286.28696 100176111.77292 87010163.23477 71370326.13407 59610962.81388 58492654.43549 52867949.22962 71214414.63658 78957973.43348 115644784.20895 105508931.22572 113959910.14658 98798739.58502 91909294.75469 72798111.88478 51939169.0831 67925465.9109 72633343.42059 57071319.16458 59560875.06246 73685247.44385 73817428.73116 57044082.52185 40997647.77724 47750622.93616 35830779.09989 67007422.4835 
64838161.97466 49543203.44438 46384409.458050005 40725720.99236 38744652.02415 35435662.90121 35188764.34671 18715407.50611 0 1607970.59016 4431828.23281 8491460.49379 9104375.93518 13772413.10242 16971799.001 19867631.57812 28429352.7905 23776980.66428 21911532.18902 14422725.240689998 16745226.67023 19731970.68883 51499770.76053 50715745.00582 62156096.35927 69903084.63223 90111650.71078 89931632.87817 88072617.38649 67942334.79891 54129038.40427 78252022.83024 91198522.32283 104926567.32292 102647659.66613 113108788.96958 133115491.98145 139127913.89272 120395441.17091 113078187.93363 112431072.3174 118586508.2228 123472042.72036 128741081.81404 90706677.71953 92909854.87638 95163245.19771 113872776.889 112380353.48786 118183862.18432 119151660.06551 138972991.84303 140982068.25406 141017380.37559 138533765.46131 135333525.93664 120859369.95218 117606599.70139 107114474.83172 83853484.1733 77157787.44318 66208725.89982 55284573.9943 58713213.16246 64636824.04468 65245351.51815 65715618.15097 52382681.97634 59621572.67335 64204884.90574 84654280.54646 73103726.78105 57843781.39426 45821794.74805 48289734.80901 47659152.26101 64386080.46982 68167303.26474 97801806.37647 87134831.41937 95393269.13364 80507318.29491 77613719.94285 63412364.54985 69401337.36313 86564739.71452 91345972.36248 74981695.85962 77112935.79094 90978717.21369 90254439.76379 68609257.01482 58838861.47716 66150431.52458 54458655.22597 67123400.93977 
63461895.63884 48182498.6077 45138712.340409994 39517163.2915 37638616.17107 34919820.83974 35370524.70598 19213319.32565 1607970.59016 0 5944609.4584 7757752.36815 10712346.525339998 12189158.93853 15366586.00843 18367813.01462 27412424.56625 23632222.91803 21766774.44277 12814754.65053 18210068.78796 21339722.69038 53068330.18761 52236796.02883 63693035.12041 71510765.59664 91709740.94738 91489566.03578 89618744.55163 69550305.38907 55565931.60275 79469063.79919 92416031.57081 106108472.68114 103964629.42591 114541391.60632 134522069.93901 140628291.89544 121988042.20108 114681539.03466 114037546.05751 120159681.48539 125032371.28649 130284949.63846 92211835.85246 94161734.44492 96114320.40118 114898595.294 113508840.41238 119446024.60713 120469355.98941 140271271.89377 142251497.12362 142132827.16034 139519654.16730002 136241886.80065 121785397.30032 118250529.6288 107383281.38922 84062006.59594 77529430.54003 66821147.27945 55698388.31558 58893095.25725 64403781.57824 64907030.37568 65279903.38772 52145125.696380004 58753879.66999 63131682.38819 83374495.93938 71687617.24345 56384402.31772 44361636.15124 46699721.914 46077146.16285 62779010.22624 66559332.67458 96891692.40588 86427666.09702 94760523.29195 80462870.26071 78399990.16308 64674536.58075 70308941.654 87135406.38111 91818095.86639 75028757.74847 77072850.7277 90869687.9585 89992775.45766 67827477.05556 58892615.67889 66359436.99295 55034731.686 65658695.25471 
69232662.50541 53929085.08687 50620989.66542 44973468.32484 42870248.66001 38595924.13427 36792612.70912 19778251.09998 4431828.23281 5944609.4584 0 10175176.40774 13197907.1223 18109665.47137 21069034.47699 23289372.18665 30054823.24299 22977777.7246 21138094.74455 15582915.07015 12313398.43742 15714369.12237 47144114.67563 46294946.75534 57748438.45433 65814293.3595 86281635.86357 86459558.22902 84682761.8733 64994093.93092 51400656.22958 76432605.58852 89358306.44796 103208248.12483 100393009.18996 110380732.38238999 130448162.41911 135990062.25849 116621464.90143 109164619.3465 108293559.2475 114240131.61819 119096896.08911 124341040.97138 86328516.33838001 88666446.72521 91396409.69819 109964115.90238 109201689.39329 113911077.48839 114822193.49002 134681477.55344 136706251.62395 136956040.85089 134690869.65705 131630359.89312 117127414.01342 114441932.77963 104845275.54835999 81728763.47115 74647851.45411 63502434.42111 53258993.05846 56716636.66642 63706838.86238 64604650.38893 65348353.30946 51871084.27636 60565953.84917 65804547.43897 86954362.19392 75990537.89247 60921827.21215 48929675.18073 52119672.64085 51987843.97481 68537072.39439 71730597.28525 98801967.76723 87609816.65343 95537686.61403 79033074.46879 74179717.13255 59618804.809369996 68713751.14436 86893239.46035 91952162.60928 76757201.1783 79226471.18832 93224827.64112 92739492.90487 72187256.06861 60634716.65293 67528505.22085 54859723.93246 71554589.84632 
65197619.48498 50208176.5682 48246717.55903 42802564.0303 41566252.0286 41206560.47413 42933688.19338 26968798.18921 8491460.49379 7757752.36815 10175176.40774 0 7952821.21004 13106148.42067 13916039.06062 14127993.07426 20067528.96345 16448508.43478 16718643.366470002 16810875.03819 19669176.17397 25191089.72931 54879245.03421 53254947.23752 64844320.20342 74631203.16391 95629117.50593 96273319.99163 94570104.17398 75124701.99551 61572576.24315 86419179.16647 99358046.16083 113152800.95976 110533128.61576 120487057.62244 140618986.57168 146023368.72421 126029405.43151 118322241.70846 116861725.64825 121761904.548 126356995.11424 131301780.16137 92746962.98603 92247203.62899 92308313.1172 111458124.15439 111006703.90324 117559725.92398 118995281.22076 138460388.77366 140349029.35626 139175057.02041 135806649.85828 132136359.09549 117793036.26962 112993465.83873 100889935.49603 77438578.37337 71392058.7922 60876718.36851 50018607.883320004 52256776.62478 56920591.9843 57297299.86972 57586492.20804 44387373.32823 51132356.0528 55871338.7894 76785986.3037 65914095.58088 50971366.28204 39030497.92969 43257255.06246 45176177.69212 60561373.33554 62342708.83758 89321212.15498 78669913.72887 87003493.99192 73271298.02989 73850594.29992 62997492.49856 77889363.12859 94892635.0121 99554548.15479 82374551.31565 84277681.18524 97936272.92474 96735527.92923 73029203.94105001 66264835.02577 73924189.36616 62792442.63718 66474704.21722 
57632454.07603 42516161.60152 40330955.91009 34864141.40823 34190256.46828 34126400.01945 38507633.64318 23448160.11579 9104375.93518 10712346.525339998 13197907.1223 7952821.21004 0 5384317.73604 7871127.35469 14048328.34149 22942082.95037 23672592.98594 21977046.01987 18073364.42261 25073331.68707 28809813.79087 60256632.77294 59175193.66493 70699772.11868 78971622.69954 99210446.17352 99036008.81334999 97003080.45659 76584720.51109 62624505.13327 85708273.33208 98638926.57469 112178189.42116 110553925.48656 121548005.84524 141428962.79199 147863175.21642 129482413.66606 122182557.81152 121476253.46206 127349422.65909 132143245.85627 137298669.15355 99027650.30129 99712240.87364 100225247.25945 119330944.73247 118497599.41883 125029597.42257 126310164.25339 145905255.66593 147834039.91623 146962645.64763 143720844.53683 140082409.16684 125745857.47966 120869194.34726 108274190.02741 84755730.86044 79014689.79028 68649186.2654 57538439.46678 59624591.60822 63159700.95094 63163742.60761 63074428.49645 50265901.4041 54543331.00319 57915146.83539 77142528.1411 64840024.16874 49398420.52728 37398258.29361 39214362.82974 38908783.45486 55343681.75498 59151724.63692 92321849.66481 82658549.86335 91484105.28425 79995814.60797 81803106.47185 70341717.38362 75363109.43911 90750449.07854 94975337.94101 76373454.07402 78007466.32685 91419349.74636 89830033.67983 65228770.63344 60385959.38263 68486126.99791 58822140.31299 59272361.29745 
52248136.33999 37162870.07696 35178189.46993 29788129.65314 28805938.73224 31082906.92074 36821667.72552 24487709.54044 13772413.10242 12189158.93853 18109665.47137 13106148.42067 5384317.73604 0 4645843.36222 10451073.27464 24374756.35274 27902393.17336 26323015.00196 23454722.6868 30231850.12021 33415709.08382 65252486.69195 64331188.11568 75822693.25955 83553241.07662 103427825.98394 102673634.14489 100674329.62986 79816321.81547 65711984.79545 87634023.46451 100510354.17209 113846110.53982 112849627.72102 124430258.32809 144134104.70169 151138980.30837 133598686.45439 126494090.86756 126112862.30825 132346560.38015 137204276.75415 142423993.7822 104246186.17017 105096558.60968 105397776.88365 124564058.35823 123753712.19802 130409628.06555 131694183.01575 151287141.00415 153212503.11219 152261785.15413 148896934.78203 145169802.98791 130851348.67683 125583970.60241 112280987.84497 88722880.41451 83351076.18557 73210502.53476 62087775.02298 63704340.94183 66185966.34196 65883762.98754 65494033.93845 53088675.95841 55500196.78488 57879877.01524 75813162.73163 62661337.39548 47051439.51641 35219089.80452 35436144.07806 33888099.61581 50765868.98927 55697117.77137 92731708.15992 83829564.97324 92987831.85405 83384121.28583 86810442.0832 75725854.5793 76123154.69615 90173749.6952 94054971.65694 74232377.29562 75828527.02822 88695630.47862 86676403.7769 60861520.84574 58455769.07786 66935910.0486 58610547.55695 53909721.22982 
51639920.92365 36921398.57603 35878467.78926 30780050.40595 30397914.41533 34597656.6045 41236605.80301 29054159.07264 16971799.001 15366586.00843 21069034.47699 13916039.06062 7871127.35469 4645843.36222 0 6177200.9868 20729219.51393 26552728.79468 25163077.32975 25048648.63799 32944459.04176 36679541.61006 68032903.77307999 66720246.50071 78278798.82474 86836557.691 107060927.02424 106628054.2156 104685104.53961 84040088.05833 69988231.43692 92219825.25796 105105829.57048 118465919.46683 117375150.29421 128798442.90721 148560920.02553 155357261.60868 137315330.3253 130046848.67332 129330369.32119 135036901.91536 139769914.23058 144847983.47267 106438260.04425 106066250.58997 105292280.33944 124637037.4178 124194977.51992 131368081.77583 132874240.80676 152278003.44147 154143086.01971 152585500.33962 148762594.39763 144797945.73908 130568709.72389 124452087.99526 110190789.76706 86624016.33739 81717097.88038 71925519.86122 60825918.94416 61810226.61608 63254311.74016 62717058.47907 62117961.39343 50053055.43636 51370029.01714 53415978.41524 71167319.36941 58070430.16377 42480419.79563 30610629.52609 31426876.60478 31389363.79202 47504955.39932 51892201.856869996 88356769.79936 79737981.12598 89036177.74777 80743246.24044 86306253.12393 76880588.38606 80762911.01008 94620293.14642 98395739.97774 78097346.28959 79295502.33851 92198110.63821 89876280.37896 63028338.29045 62455800.56871 71082614.73492 63149798.12232 52617082.55771 
54581965.3652 41939024.64525 40331051.52659 35550475.83122 35616299.67148 40726177.05009 47268692.65906 34380832.505 19867631.57812 18367813.01462 23289372.18665 14127993.07426 14048328.34149 10451073.27464 6177200.9868 0 14733286.81523 22829871.93442 21730496.46481 28366509.05457 33794358.16721 38919779.99657 68989079.85483 67244448.22234 78835950.08996 88699540.77064 109503582.45606 109715230.79914 107896781.36629 87780849.29602 73895327.45981 97070367.45608 109994528.61153 123492809.05597 121947708.85526 132853563.15175 152776244.15185 158993324.72117 139871026.21727 132297177.79793 130976069.18923 135794973.17485 140322784.08104 145172680.74849 106490094.60279 104415952.13163 102297785.13694 121812926.40833 121820744.25563 129639844.75287 131436480.54631 150559363.36678 152343230.52341 150022120.05487 145657894.7271 141406219.4829 127317750.8334 120282682.59806 105119632.19316 81579997.31911 77122986.20074 67720588.06462 57115854.36828 57029906.82812 57575407.20017 56878649.0807 56155834.52635 44330214.04582 45197226.91861 47436483.98852 65865758.1603 53456640.42991 38057619.45766 26041749.27606 29133068.61063 33124776.548529997 46595297.14609 49598393.86272 82286112.7348 73562748.93668 82863263.57711 75200894.25871 82904569.45202 75584936.60724 86284836.21104 100624822.96983999 104483684.64344 84274547.27639 85445821.92161 98293022.83162 95857875.52379 68240873.49515 68632190.11426 77242312.5598 69032359.92374 54713820.37615 
66252986.90298 53215330.45872 54108569.6834 49777932.50335 50101541.85105 55297255.84433 60657189.95836 46093587.4462 28429352.7905 27412424.56625 30054823.24299 20067528.96345 22942082.95037 24374756.35274 20729219.51393 14733286.81523 0 15525635.03461 15692358.32265 27454933.58551 36617962.38261 43719846.98299 69401733.83975 66534288.82634 77865605.16981 90649175.7211 112560552.67958 114377440.07813 112892806.9368 94368876.14307 81132920.94627 106462182.32237 119395681.1067 133211319.43791 130391683.58515 139827017.15582 160091371.64090002 164710414.86128 142928216.23283 134651384.46025 131853151.06998 134483073.56814 138483888.74038 142754825.87135 103813331.15617001 97783406.8424 92659432.97193 112389847.87913 113383958.47766 122587446.1141 125028251.33183 143392659.79425 144985707.66072 141002738.28944 135507435.50756 130696297.30925 116948552.24033 108080697.95285 91335680.50017 67915492.11517 64330820.88651 55846413.13846 45209995.14179 44071957.37186 43024663.47833 42682320.067279994 41423608.99509 29761521.20381 31616124.37375 35803838.73011 57242485.65354 47920927.20761 34259482.29856 23449003.48761 32715777.59924 41351799.1728 51668977.8888 48128899.07254 69565879.16101 59730618.68965 68686409.00767 60821893.10766 72587090.41897 70923956.88115 97693724.56468 113669417.24043 117901061.33832 98607106.72344 99962033.21262 112916850.28652 110591162.33902 82695079.91827 82805783.68421 91173632.54932 81720734.49455 65080526.2797 
77411702.74317 63161716.04342 62431196.58394 57289896.24416 56636695.60503 57600188.16427 58954492.92265 42381356.75159 23776980.66428 23632222.91803 22977777.7246 16448508.43478 23672592.98594 27902393.17336 26552728.79468 22829871.93442 15525635.03461 0 1865448.47526 16559080.03119 24560097.74386 32549433.92962 54610763.80508 51413317.45106 62871356.958069995 76264459.79783 98529388.94045 101216704.61988 99953988.66354 82796825.65651 70410061.06364 97362390.2719 110140545.43109 124170960.13908 120041039.15459 128110237.18988 148507348.55026 151947824.86059 128757291.12281 120203495.16271 116889899.907 119188346.33624 122996125.50044 127234291.29886 88287696.12156 82887128.61174 79525608.30793 99097683.47506 99402551.31964 107899153.0215 110093296.16156 128776913.69202 130457701.03021 127431729.72228 122844054.51899 118581023.12985 104489022.32044 97922385.99333 84601597.04147 61140214.82888 55450829.7003 45402127.01236 34289728.44457 35952547.67481 40876061.12472 41637355.44006 42395819.35396 28897128.4669 39622996.49805 46764498.02465 70135139.13405 62584395.83923 49581322.1562 38974213.64844 47655801.64741 54268342.1207 66621774.8308 63654256.14697 77485300.23722 65375303.32028 72866991.68322 56871900.3114 60076149.88579 57097047.03376 91308985.46207 109869555.48116 114879400.23868 98647720.6958 100643733.48576 114356650.68191 113179567.34656 88744360.98523 82513988.48221 89925646.58071 77821849.5793 77378947.83913 
76312461.83001 61909249.83358 61021681.02631 55833751.30516 55100857.7327 55828755.39025 57091471.64347 40517220.4923 21911532.18902 21766774.44277 21138094.74455 16718643.366470002 21977046.01987 26323015.00196 25163077.32975 21730496.46481 15692358.32265 1865448.47526 0 14903802.83178 23138582.17599 31049300.48018 53947922.82988 51840835.55702 62195481.56648 75468029.27402 97640920.03332 100131409.35657 98825707.82057 81442836.41955 68900122.93763 95760659.60076 108557958.7416 122576455.09961 118565893.89768 126799466.33622 147182671.9389 150805187.02656 127915545.24088 119442064.30371 116322020.82688 118792841.01289 122817961.80758001 127141781.83767 88197791.87599 83424112.65306 80567288.67213 100089252.25023 100232785.0074 108505177.07376 110597601.29736 129400563.29507 131313606.97772 128346694.14307 123941521.98198 119771038.61518 105632234.62705 99353972.98179 86324803.6827 62837738.2072 57070079.26948 46903587.78586 35782161.14129 37674537.58528 42741216.74826 43489552.10544 44261267.82922 30732992.48128 41078412.1761 47974923.8459 71137183.30985 63197972.47419 49920496.44004 39084947.98942 47325581.38433 53443424.0798 66042764.09322 63746773.53663 79037989.58008 67055429.51674 74623851.50405 58715163.52773 61261900.01322 55231598.5585 89538829.80948 108025272.62937 113023461.30486 96794010.99221 98800484.97194 112525506.40694 111473207.99125999 87123004.34641 80659071.73738 88061375.93359 75972168.0705 76417920.00292 
75647025.13672 60468553.36852 57798325.32808 52241546.03484 50431911.38882 47091545.50885 45155524.33236 28043844.71194 14422725.240689998 12814754.65053 15582915.07015 16810875.03819 18073364.42261 23454722.6868 25048648.63799 28366509.05457 27454933.58551 16559080.03119 14903802.83178 0 9211206.26736 16450895.28413 43813454.15157 42015872.70312 53607759.49046 64066263.20423 85522387.43033 86953765.63145 85443284.98186 67144909.12937 54267245.96222 80868172.5143 93680339.0849 107687817.03898 103864689.03516 112596394.43661 132915049.80889 137259063.19159 115937351.68641 107955766.03251 106037075.84633 110556845.15714 115110954.34197 120030852.2796 81509402.67973 81708922.07366 83308921.84785 102087060.23028 100776475.67176 107021328.80526 108244494.48617 127880095.63413 129828998.70359 129381004.44288 126704899.51677 123462676.63746 108993903.94507 105909872.97149 96338654.20907 73341516.72949 66114953.80953 55312454.00656 44189695.04269 48437136.77439 56329532.58409 57550907.77086 58627076.12519 45077079.69241 55852441.37362 62214954.86572 84606446.30661 75095926.9059 60683954.91526 48974652.50322 54257921.66179 56406007.90187 71792949.86709 72895202.43587 93907895.58555 81934320.74402 89351102.33985 71084279.67848 65771523.2821 52294379.07661 74933262.05983 94195075.37085 99502267.59373 85112580.11706 87538518.99591 101729092.15579 101305643.71452 80568720.95868 69022719.68195 75696544.14916 63322064.161189996 77329889.93754 
81524632.5165 66202229.14633 62697554.83306 57039718.85157 54737175.53658 48743661.6716 43819570.4787 27073732.0748 16745226.67023 18210068.78796 12313398.43742 19669176.17397 25073331.68707 30231850.12021 32944459.04176 33794358.16721 36617962.38261 24560097.74386 23138582.17599 9211206.26736 0 8168083.08717 35315464.63966 34106670.40706 45626821.34259 55035257.21843 76346021.74135 77763311.60225 76279012.0376 58325575.70958 45903064.55369 73151518.45062 85830660.94557 99899821.61089 95491912.23206 103728116.06628 124086371.94802 128138891.22795 106763501.85508 98851015.70064 97192549.47428 102351163.15655 107089096.76291 112229305.73591 74024234.45237 76777850.8824 80935883.23591 99032004.84951 96888290.95587 101954725.79779 102709685.69087 122875339.13526 124724189.39711 125553765.77914 123906271.81401 121250462.03304 106694186.54082 105679989.244 98648842.90354 76306835.47757 68164809.37167 56597499.81295 46539681.9985 52171910.14701 62118013.68578 63815716.80718 65307639.14359 51836347.19031 64182175.76614 71001658.13384 93675536.44206 84307058.84569 69865296.97574 58113723.12895 62926090.51843 63977798.5737 80043214.7559 82011885.01155001 101977593.36973 89489370.31255 96417326.62558 75564060.52656 64845806.46436 47305406.37195 68887635.3835 89542383.34276 95278317.27143 83222758.49699 86051051.72344 100290229.93458 100792292.34597 82853428.35371 67403472.6015 73165587.67517 58329027.58262 83867988.28374 
82546981.54045 67266424.80808 62954923.38466 57336213.05175 54566845.81036 46309729.14261 39059979.64578 23490842.43531 19731970.68883 21339722.69038 15714369.12237 25191089.72931 28809813.79087 33415709.08382 36679541.61006 38919779.99657 43719846.98299 32549433.92962 31049300.48018 16450895.28413 8168083.08717 0 32450731.51287 32565357.89438 43959607.60662 50171171.68816 70589430.84272 71106087.34902 69451551.62107 50708301.27782 37865008.39238 64993469.46149 77855911.67041 91753789.96227 87516593.4175 96167328.79142 116472220.27933 121085391.19991 101007343.41392 93450572.87489 92707384.82388 99291554.02965 104348485.6455 109837274.72935 72449530.52902 78359275.01413 84821931.9585 102220782.96938 99339359.66121 103193448.68961 103429440.33939 123629011.6866 125809999.64676 127917057.60757 127195023.48752 125034651.95772 110471866.32625 110976679.70929 105430510.79751 83466359.83602 74954148.48538 64429059.7082 53644027.7195 59742888.4394 70176685.09339 71939225.309 73466061.23923 60001957.93864 72127239.35162 78663790.91499 100952737.41419 90925092.79867 76132207.98219 64215373.37532 67834041.76322 67213189.78354 84116142.59922 87368110.63862 110027473.45577 97634126.80517 104585208.85718 83281748.9999 69955911.16185 49312930.57783 60998677.43518 82178179.02167 88110028.82161 77507670.04742 80594417.37637 94883349.23496 95946819.41322 80482007.29141 62010038.4262 67093928.93268 51453688.04452 85623739.1546 
114945779.7756 99688023.16528 95176754.37344 89597965.78841 86655447.48961 76733147.56086 66159489.05147 53927115.38584 51499770.76053 53068330.18761 47144114.67563 54879245.03421 60256632.77294 65252486.69195 68032903.77307999 68989079.85483 69401733.83975 54610763.80508 53947922.82988 43813454.15157 35315464.63966 32450731.51287 0 5680212.59563 11508876.09375 22158887.53041 44871569.38897 50134874.19267 49742814.70332 40726497.25634 36173897.22234 63976509.19567001 73868023.83842 87193496.91803 78348377.37875 80835377.9079 100956288.49182 100713480.11646 74704502.55533999 65709213.16372 62477903.10388 67097604.24827 71990533.33081 77394519.89907 40418718.77548 51995924.60978 65876122.34342 79668906.49138 74520004.66356 75006981.3696 74115749.14977 94498525.17661 96887418.33691 102164602.98804 104151858.70541 103774172.79863 89685006.51651 96627492.84937 99888581.07157001 82196609.76479 71835964.79247 61072794.31836 55875065.52057 64618063.444 79881468.57902 83072203.99855 85924003.34113 74179350.53305 91366908.40348 100153707.18056 124267379.22261 117145838.34822 103592547.86075 92244809.44339 98066818.14922 99129976.65181 115357649.01978 116527304.22256 126426111.44272 112023253.27323 116525300.8583 87102425.70234 58100815.12751 28181916.3025 70124783.52521 94867537.09309 101938368.57384 99295484.31034 103176106.12423 117115385.03579 119987272.08072 110222259.08317 85736894.16584 88065235.99968 70038118.97594 118069069.00374 
114975847.43539 99664989.48462 95511466.45602 89901570.94613 87130255.87422 78088109.68615 68376803.58707 55121662.27363 50715745.00582 52236796.02883 46294946.75534 53254947.23752 59175193.66493 64331188.11568 66720246.50071 67244448.22234 66534288.82634 51413317.45106 51840835.55702 42015872.70312 34106670.40706 32565357.89438 5680212.59563 0 11591962.47209 26826935.70584 49510305.91045 55394424.89252 55120466.70515 46370557.06087 41310106.4787 69534594.65749 79437840.55419 92837044.39695 84026969.29198 86344150.98756 106404471.17701 105755431.86521 78775075.0431 71389425.75935 65508299.34391 68565118.6134 73102295.81724 78131316.15528 40033569.58304 48442954.46317 60959328.15134 75405517.47026 70712867.11553 72201145.5146 71763344.75947 92119651.50648 94428330.00191 98610581.79591 100081144.83597 99380489.27457 85162937.74495 91375658.74851 94208368.47594 76541792.98678 66167105.06006 55445387.03814 50473723.18488 59292113.50829 74865792.84641999 78061636.72117 81010930.97547 69543453.62534 87174539.88048 96221655.53335 120541163.36318 113984611.2733 100793463.88917 89667088.96739 96140103.28292 98066432.91668 113807605.28358 114139385.4279 121705850.828 107151105.51403 111419568.22649 81594524.95779 52420602.53188 23036666.98359 74927903.27149 99504170.65908 106491309.85217 102787507.96204999 106548024.17975 120603639.74657 123189568.07576 111906954.19061 88806829.3392 91614491.09896 73784695.28459 117734916.01468 
126119485.97703 110831303.17769 106470346.47734 100871102.4621 97994228.9411 88237768.18089 77588645.43122 65410324.47198 62156096.35927 63693035.12041 57748438.45433 64844320.20342 70699772.11868 75822693.25955 78278798.82474 78835950.08996 77865605.16981 62871356.958069995 62195481.56648 53607759.49046 45626821.34259 43959607.60662 11508876.09375 11591962.47209 0 20136854.56186 41568568.30325 49459945.63459 49793119.45244 46007552.51328 44524252.93061 70041955.31411 79019366.20179 91705290.58158 81522777.32016 81416647.59063 100917846.93524 98417198.60414 69472185.57057 59899003.53862 54704008.27903 56983749.00398 61515480.29792 66602484.39332 28909842.68173 42156660.4271 58765762.94577 70761188.9066 64844681.65359 64166276.48775 62958283.05647 83320369.56163 85753265.32543 91745226.97604 94762854.41041 95004165.10806 81271083.35102 90489738.97393 96919683.63583 81358383.38998 70762560.20785 60959465.61355 57767644.6525 66814169.69834 82978113.89821 86561186.76502 89732151.76965 78965238.60148 97268188.11257 106633724.1487 131071472.50504 125083465.70739 112115255.71721 101092305.3352 107715952.687 109603848.96814 125399028.22547 125614967.17158 130747194.00101 115867351.69251 119440521.25988 87912054.23583 56123474.78781 27687076.70295 78929814.22893 103953554.01342 111128790.38056 109970469.85112 113946498.41891 127761107.97868 130897667.2708 121684840.01237 96763617.68198 98703139.3841 80542728.03582 129053976.86426 
130256242.77058999 115338584.96847 109958825.32486 104611461.98222 101224388.51626 89001929.48727 75984800.86902 67650562.30178 69903084.63223 71510765.59664 65814293.3595 74631203.16391 78971622.69954 83553241.07662 86836557.691 88699540.77064 90649175.7211 76264459.79783 75468029.27402 64066263.20423 55035257.21843 50171171.68816 22158887.53041 26826935.70584 20136854.56186 0 22726307.81364 32800582.2757 29662238.5197 29788987.09356 44021795.75124 54012064.14601 61320938.23576 73206931.8337 62189647.26915 61285766.65789 80809035.18189 79034596.3639 52595448.67057 45325288.909559995 42582341.40596 51675630.91893 57534049.68666 63986323.96496 34254471.0001 57397282.4578 77120086.29877 86770972.36186 79576935.92882 75495624.65643 72716867.91264 92317487.91557 94967910.48812 104322429.04058 109515387.24224 110864842.12766 97843081.74465 109396005.18726 116972007.88257 101416253.91469 90837668.85133 80834625.4129 76968599.34862 85847229.63587 101550482.63528 104875903.39401 107837866.53826 96280596.48775 113508872.77803 122203416.27803 146203211.04466 138553661.06069 124603629.25032 113010307.67739 117798209.06957 117210025.79681 134287314.28737998 136910337.00071 148493519.02398 133976871.80656 138180246.0694 107588692.06239 74218061.87165 43435107.72321 66773471.81559 91660944.0826 99091772.52853 102544728.07432 106867605.20057 119921488.09655 124230866.78949 120426447.46995 91343532.84204 91363119.4311 73212786.03087 134280386.98485 
