98
130 83 92 137 9 161 84 101 4 11 81 158 50 13 142 66 107 100 105 192 157 29 195 85 6 51 56 99 156 95 59 25 196 151 114 108 125 21 61 26 128 190 177 65 0 145 15 82 160 126 39 178 163 64 97 96 63 76 87 33 5 40 88 2 91 191 53 49 155 17 8 48 123 57 150 121 16 188 152 14 110 194 23 98 109 180 103 89 197 183 62 58 186 174 175 30 19 129
0 0.60407 16.04392 24.24021 25.91726 40.46886 59.39435 65.33591 64.18679 66.04963 64.6708 67.8288 75.63943 74.28461 81.45145 89.91474 113.58795 121.07106 142.15761 131.88804 149.1993 142.35903 148.84148 164.54312 163.88393 176.36069 150.03773999999999 140.01534 141.33316 128.65131 122.07225 112.47903 105.44165000000001 95.59466 89.83551 77.18603999999999 89.131 134.7182 136.20329 139.60857 142.0832 145.11551 159.41371 163.26021 177.40258 189.1018 183.89025 186.05685 189.82389 168.16305 138.71168 130.66751 117.90203 127.28593 111.93330999999999 105.13548 108.65864 104.81871 85.89183 74.8539 64.94963 60.57084 74.61032999999999 96.927 130.05773 126.75487000000001 154.24011 137.27947 134.25616 137.65093 151.80525 164.51261 131.71124 142.81301 164.68094000000002 176.34854 149.73505 131.26423 142.57371 203.91726 181.4738 139.48443 150.14778 133.30318 130.31392 91.94744 51.9114 25.16508 47.255390000000006 47.28323 62.39708 72.24734 57.13125 59.86919 81.01594999999999 79.42168000000001 17.71956 19.25289 
0.60407 0 15.43985 23.63614 25.31319 41.07293 59.88248 65.74634 64.53831 66.40674 65.27486999999999 67.81231 75.6352 74.45387 82.05552 90.04304 113.95839 121.42409 142.39802 132.15961 149.37946 142.52338 148.62512 164.75601 163.78771 176.45234 150.02123 139.41127 141.32036 128.77947 121.46818 111.93751 105.60814 95.63897 89.6411 76.58197 89.01359 134.5674 135.92514 139.40613 141.47913 144.51144 158.95711 162.86078 177.08023 188.49773 183.72749 185.45278 189.53715 167.55898 138.49159 130.45667 117.75846 126.99023 111.32924 104.53141000000001 108.15664 104.36741 85.28776 74.61117 64.36386 60.05019 74.00626 96.53658000000001 129.66609 126.17009 153.76948 136.79035 133.75136 137.10875 151.26905 163.93405 131.17504 142.26400999999998 164.07687 175.88391 149.13098 130.66016 141.96964 203.75733 181.28449999999998 139.65091999999999 150.31427 133.47757 130.18246 91.8775 52.077890000000004 25.76915 46.65132 46.67916 61.79301 71.7009 56.52718 59.26512 80.41188 79.16093 17.11549 18.64882 
16.04392 15.43985 0 15.33727 32.11113 51.31741 71.0008 75.40005 71.24802 73.03958 71.24846 72.9198 79.92912 79.85008 88.58191 95.17326 120.4391 126.43437 145.26063 136.04989 150.4182 143.31251 148.77361 163.86918 161.96504 175.04731 149.85679 137.59092 137.50401 124.49934999999999 118.39157 111.11994 105.30881000000001 96.17843 84.62234000000001 73.52889 85.17298 127.53394 125.84939 131.03486 131.3198 135.40552 149.05981 152.87467 165.88078 176.75599 175.258 173.38154 179.2129 159.13951 131.03681 124.38361 111.85163 115.70119 97.36194 90.28806 93.5757 96.95285 71.23277 65.66586000000001 49.63233 45.27085 58.71703 86.39759000000001 117.17172 111.96997999999999 139.6659 122.46725 119.16758000000002 122.14074 136.31347 149.00982 116.41125 126.92695 149.85008 161.92816 137.10183 118.55266 129.72993 196.11514 175.53844 136.23754 150.47422 134.58876 136.95418999999998 94.34431000000001 53.71657 41.209 35.96969 35.30941 53.04656 62.2517 65.79451 51.662090000000006 76.23635999999999 86.48291 9.51246 27.916150000000002 
24.24021 23.63614 15.33727 0 24.19471 43.28389 62.88284 67.28209000000001 60.39951 61.67808 59.45596999999999 59.7506 66.84533 66.74135 77.16667 82.12642 108.54443 112.79552 130.95765 125.29626 135.83347999999998 128.43415 134.04943 148.65932 146.65912 159.75559 134.64713 122.28268 122.16674 109.16208 103.0543 97.55439000000001 89.97154 81.34527 69.28507 58.19162 77.14485 112.91674 114.51722000000001 117.08542 117.94692 121.14585 137.40648000000002 139.97664 154.04596 166.61764 160.77213 163.02513 166.61576 145.02452 116.64101 109.51894999999999 100.40799 103.9213 90.28246 83.20858 88.49636 91.01364 63.97845 52.60901 44.84954 40.84275 57.24328 73.76766 106.89839 105.18247 132.13644 115.65763 112.93385 117.29778999999999 131.31653 143.80194999999998 111.31812 124.05535 142.68746 154.16143 126.13062 108.2399 118.3335 181.85967 160.68193 122.33081999999999 136.14260000000002 119.78841 121.61692 80.21540999999999 39.94464 27.04218 30.07134 50.15387 64.14087 76.51538000000001 61.95683 48.670280000000005 60.89909 75.21143 6.52065 24.07847 
25.91726 25.31319 32.11113 24.19471 0 19.20628 38.99314 43.34367 39.68165 41.52101 44.80985 42.49912 50.62939 49.14068 56.93369 64.75335 89.09943 96.1109 117.14985 106.84741 124.55058 117.81422 124.64819 140.61031 140.23197 152.7223 125.75104 116.16182 119.76742 107.82091 98.97324 88.2461 81.1369 71.31673 70.61297 55.62341 70.90764 116.85988 125.83168 123.59423000000001 126.24169 131.7996 145.32161 149.21598 165.65762 177.79172 171.07974 175.75542 176.36935 152.05256 121.19946 111.97499 98.79533 116.56649 110.23223 103.15835 108.2112 101.05462 84.2531 72.39174 67.49123 63.79974 80.20027 89.92049 122.14287 124.99634 150.73183 135.28786 133.07004 138.47767 152.30299 164.49999 132.56514 146.51712 161.68943 172.23134 139.88486 122.16626000000001 131.42592 185.97061 161.29869 115.28999 125.90518 108.67483 104.92905 67.75415000000001 27.6688 43.656850000000006 54.14025 67.42054 85.00922 93.09299 77.74108000000001 66.75405 60.94297 54.64741 24.60442 39.86272 
40.46886 41.07293 51.31741 43.28389 19.20628 0 20.467799999999997 24.86705 26.17736 27.962699999999998 28.77876 32.4463 40.05047 38.88223 45.28853 53.072939999999996 73.83688 83.09027 106.67426999999999 101.95406 115.92463 109.72057999999998 116.84862 134.30453 135.15434 146.91214 118.92029000000001 111.92166 119.28463 108.06117 97.04215 84.02313000000001 76.08544 67.8667 78.00533999999999 61.277609999999996 76.00334 120.65609 131.16788 128.90266 133.21523 144.25273 152.49061 156.32595 174.33958 187.06983 176.20306000000002 185.72166 183.32213 157.4365 125.34446 115.00494 101.96565000000001 131.24113 125.62599 118.55211 124.26579 120.26089999999999 100.2398 88.37844 86.69751 83.00602 99.40655000000001 104.52385000000001 137.34728 140.28559 165.20926 150.50567999999998 148.50428 154.65052 168.2273 180.14847 148.90603 163.65823 175.85336999999998 185.75606 151.73622 138.14032 146.12087 188.61833 161.76987 111.70935 117.72568000000001 100.42813000000001 91.70102 59.52793 28.07766 25.06151 64.5341 85.83429 102.86594 111.54726000000001 96.94736 85.96033 65.08306 39.08775 43.8107 59.069 
59.39435 59.88248 71.0008 62.88284 38.99314 20.467799999999997 0 6.59543 21.45666 23.325059999999997 26.58486 30.39314 35.56161 33.79848 34.60919 43.54467 58.83558 70.77324999999999 95.77991 83.68244000000001 107.82451 102.78029 110.23556 128.12036 130.54054 141.28975 112.83111 109.43955 118.26882 109.01147 97.25228 81.45877 73.52108 65.17478 81.61546000000001 64.88773 83.78661 126.0812 140.08194 135.24126 140.67882 149.32667 160.10675 163.83205 183.1827 196.1649 182.89733 195.74257999999998 190.67757999999998 163.30462 130.5332 119.30329 106.21342 137.73063 139.90964 134.91933 140.55444 130.93259 116.91304000000001 105.05168 103.50024 100.2781 116.67863 117.39174 146.63739 156.06116 179.04151 165.49796 164.19112 170.99196 184.26170000000002 195.80703 165.19405 180.8918 189.82735 199.30857 162.82332 147.3207 152.45148 191.26465 162.63418000000001 108.02469 110.52136000000002 96.56554 78.7964 55.34367999999999 44.78081 37.02601 59.703070000000004 106.30208999999999 121.67549 131.09291 111.02608 105.71519 73.58081 26.23361 63.56556 77.32152 
65.33591 65.74634 75.40005000000001 67.28209000000001 43.34367 24.86705 6.59543 0 16.90666 17.31583 22.03486 27.01053 31.11768 27.58578 28.67797 38.07822 54.52133 64.76477 89.49761000000001 77.08701 102.46609000000001 96.49798999999999 109.08047 122.28788 124.96452 135.50772 106.92859 104.61045 113.72769 104.87174999999999 92.45564 76.62967 68.69198 58.96208 79.28645 62.84137 81.79311 122.33828 138.09492 132.42046 138.24438999999998 147.43419999999998 157.69877 161.2857 181.03579 194.11689 180.04607 193.74271 187.64436 160.13252 127.30702 115.96107 103.06678000000001 136.90337 140.60591 135.36656 141.67978 131.51025 118.36544 106.50408 107.0675 103.76881 119.26806 117.43996 145.96328 156.59706 179.12515000000002 165.93802 164.71093000000002 172.03609 185.06037 196.46157 166.29552 182.44689 189.87761 198.94948 160.18067 144.55211 151.07826 187.21755 157.65284 103.40736000000001 105.05491 90.37947 72.94978 49.27095 38.47197 41.42526 53.10764 110.70133999999999 127.53738 136.08144000000001 114.82001 110.07355 70.81047 19.95131 67.92392 82.60528 
64.18679 64.53831 71.24802 60.39951 39.68165 26.17736 21.45666 16.90666 0 1.86843 5.1282 10.10387 16.23677 12.70487 19.89185 26.98493 49.42008 57.43949 80.49845 92.22582 90.69837 84.85835 92.17381 109.85102 111.59292 122.82014 94.47275 89.24009 98.09123 88.64032 76.69328 61.55853 53.62792 44.08117 62.39867 47.95621 65.03556 105.54752 121.29857000000001 115.5309 121.33773 130.52754 140.79211 144.38442 164.16628 177.26654000000002 163.16566 176.99153 170.74845 143.35313000000002 110.50042 99.20527 86.16012 119.99671 126.0916 121.32518 127.79203 117.51362 104.70258 93.37421 94.65323 92.04883000000001 108.30763 102.28638 131.54569 141.81222 163.52801 151.04568 150.0792 157.85569 170.62372 181.73554 152.26961 169.12403999999998 174.52307000000002 183.09803 143.63919 128.09776 134.51044 170.97937 141.96704 88.40217 92.81395 75.37601 66.13272 34.39004 24.69828 39.03691 38.35674 106.34714 122.99964 131.95264 107.98121 103.1114 56.089749999999995 15.23489 62.71392 79.38631 
66.04963 66.40674 73.03958 61.67808 41.52101 27.962699999999998 23.325059999999997 17.31583 1.86843 0 6.99663 11.77909 14.44537 11.27631 21.760279999999998 25.1165 47.57842 55.58338 78.71446 91.46268 89.03955 83.42979 94.04224 108.32349 110.17053 121.32345 92.93925 88.35407000000001 97.06405 87.79264 75.69309 60.37329 52.4356 42.65261 62.81551 46.08778 64.98231 105.0225 121.16714 115.14614 121.98563 130.42763 140.99146 144.65526 163.99489 177.12291 162.80221 176.9045 170.37874 142.81669 109.99146 98.66664 87.49079 120.29162 126.8373 122.00954999999999 128.96412 117.8548 106.12711999999999 94.97063 96.06045999999999 93.41064 109.57367 102.90288 130.22083 142.5296 164.0395 151.75477999999998 151.06509 158.67555 171.50619 182.58454999999998 153.10192 170.54858 174.71338 183.48519 144.01902 129.96618999999998 136.37886999999998 170.15527 141.39027000000002 87.12771 91.21231 74.07 64.26429 32.96148 26.56671 40.89714 40.225170000000006 108.09082 124.7796 133.82107 109.84964000000001 104.75129 57.958149999999996 17.10332 64.46948 81.25474 
64.6708 65.27486999999999 71.24846 59.45596999999999 44.80985 28.77876 26.58486 22.03486 5.1282 6.99663 0 5.22199 12.09692 15.628820000000001 20.35947 25.24394 51.24787 56.46494 78.54428 87.4006 89.16636 81.76702999999999 89.62839000000001 106.47909 108.04352 119.34813 91.15424 85.34694999999999 93.96211 83.88127 72.49279 57.36617 49.42848 39.22997 57.27473 53.084410000000005 59.90736 100.86276000000001 116.17463000000001 110.42594 116.21071 127.65996000000001 135.67027000000002 139.25622 159.0397 172.14260000000002 158.06577 171.86333 165.63815 138.23245 105.63779000000001 94.33503999999999 84.17704 114.96976 121.90074999999999 116.91722999999999 123.58965 112.76248 101.11402 90.67446 91.93933 89.28951 105.54831 99.05690999999999 130.00652 138.89112 159.07105 146.50179 145.97277 153.58323 166.21321 177.33156 148.0096 165.05184 169.4762 179.76742000000002 138.94407 124.40219 129.45709 166.16286000000002 137.55266999999998 84.48504000000001 89.76954 78.42251 66.7722 30.74917 26.330489999999998 39.50572 43.48494 105.34809 122.1408 131.72629 106.36308 101.5869 61.217949999999995 20.36309 61.736 80.13969 
67.8288 67.81231 72.9198 59.7506 42.49912 32.4463 30.39314 27.01053 10.10387 11.77909 5.22199 0 15.198550000000001 18.73045 19.66313 22.37582 50.45307 61.68693 74.89368 82.19215 86.76369000000001 84.86865999999999 84.4064 101.86868000000001 102.99007 114.5668 86.48444 80.42303 88.75366 78.66403 67.28434 52.21066 51.533269999999995 44.45196 58.06109 56.648920000000004 61.593849999999996 96.16525999999999 111.59711 106.99757 111.52794 122.43797 130.78265 134.44491 154.38451 167.53228000000001 153.40309 167.39881 161.48252 133.26851 100.4158 89.63754 78.95505 116.7576 118.93943 114.48602 122.11066 109.57396 98.68280999999999 87.55794 90.3563 88.11712 104.51765 96.6257 127.57531 136.45991 158.39776 143.42946 143.54156 151.15202 163.36912 174.25923 145.40398 162.76571 169.06611 174.54543 134.37283 119.1802 129.90780999999998 160.95256 132.34422 79.26305 85.27938 75.36975000000001 70.12849 35.97116 22.65634 42.853449999999995 48.46061 107.04056 123.81214 132.25178 106.78017 101.9781 65.02623 18.77207 63.40734 81.81103 
75.63943 75.6352 79.92912 66.84533 50.62939 40.05047 35.56161 31.11768 16.23677 14.44537 12.09692 15.198550000000001 0 3.5319 17.06223 33.35586 42.25072 54.99194 67.00035 79.88757 77.06944 69.67011 80.48231 94.40334 95.9466 107.30209 79.06962 73.91189 82.71972 73.75407 63.07922 45.93069 37.99342 34.9082 52.58706 59.85987 63.31075 92.02131 110.02325 102.67834 109.1874 119.24842 128.64696 131.91422 152.38073 165.62329 150.10596 165.81632 157.8724 129.88833 97.03849 85.44758 73.31342000000001 110.39394 122.76304999999999 116.93348 124.55812 113.62478 101.97632 91.3443 97.66758 93.28879 109.68932000000001 96.41407 123.62646 138.90737000000001 157.01949000000002 145.26596999999998 144.74336 153.33187 165.53177 176.01123 147.975 166.18487 166.91408 174.99168 133.67401 119.17578 124.94311 156.17263 127.10652 73.55403000000001 84.51883000000001 66.32558999999999 61.285430000000005 25.21707 30.46697 50.66408 50.61361 114.03838999999999 130.9558 140.6794 113.75341 108.97722999999999 71.26975 17.74852 70.76056 88.54023 
74.28461 74.45387 79.85008 66.74135 49.14068 38.88222999999999 33.79848 27.58578 12.70487 11.27631 15.628820000000001 18.73045 3.5319 0 14.45692 32.34353 45.34532 56.573269999999994 70.53224999999999 81.57129 78.2269 72.15348 83.98819999999999 97.14615 99.4785 110.11673 81.78561 77.44379 86.14191 77.28596999999999 64.87449 49.46259 41.52532 31.3763 54.69906 56.32797 60.972989999999996 95.54118 113.36976 106.16441 112.62149 122.78031999999999 132.08105 135.42061 155.7925 169.14411 153.6103 169.17146 161.4043 133.40831 100.55642 88.97431 76.81931 113.84989 123.59942 119.24321 126.86785 115.64034 103.99188 93.3171 96.60472 96.62523 110.31729 98.97804 124.50324 141.21710000000002 159.17447 147.79361 147.30732999999998 155.82356 168.09573999999998 178.61702 150.35639 168.41334 170.44598000000002 178.06262999999998 136.88223 122.70768 128.47501 159.67346 130.11396000000002 76.65437 88.05073 62.79369 60.86965 21.68517 33.66621 49.11953 51.06161 113.79926 130.74242 139.1967 113.602 108.92262 68.43157 14.21662 70.33762 88.74131 
81.45145 82.05551999999999 88.58191 77.16667 56.93369 45.28853 34.60919 28.67797 19.89185 21.76028 20.35947 19.66313 17.06223 14.45692 0 28.02203 33.86268 42.11635 66.86163 79.74885 84.95562000000001 81.53315 82.03198 100.09771 105.51141000000001 113.38184 84.78927 85.47674 94.66581 87.61442 73.84577 57.26437 50.373160000000006 45.83322 68.21907 53.56548 72.51871 107.03099 126.54679999999999 118.23732 125.37625 135.74269 144.1569 147.63289 168.46682 181.76311 165.32833 182.3485 173.21767 145.05644 112.39806999999999 100.52419 87.97083 127.30552 138.04318 133.69987 140.65574 128.85232 118.08949 107.22107 109.93156 107.78025 123.63729 113.3047 138.55092 155.67376000000002 173.39326 162.1566 161.57991 170.17274 182.30902 192.93969 164.61703 182.19959 183.96537 192.02858 150.68198 136.16547 141.28561 168.99334 139.4427 83.73411 89.34419 64.83408 50.46536 29.09229 39.93956 58.916140000000006 55.20624 123.6592 140.43078 150.02071 125.42074 120.61935 71.60557 9.89512 80.02598 96.70257 
89.91474 90.04304 95.17326 82.12642 64.75335 53.072939999999996 43.54467 38.07822 26.98493 25.1165 25.24394 22.37582 33.35586 32.34353 28.022029999999997 0 28.07725 44.935320000000004 70.61134 82.46493 64.38787 71.78720000000001 73.32045000000001 84.67068 87.48049 97.86914 69.28644 69.81735 78.93638 72.06797 58.9885 41.60498 42.18467 49.00748 58.33387 71.20428 61.86663 93.27299 114.628 104.97845000000001 112.68377999999998 123.69557 131.1269 134.48539 155.8004 169.16832 151.53841 170.04128 159.55121 130.83054 98.32363 86.36425 74.61732 117.03038 132.11721 127.95389 135.57853 122.77661 114.03747 103.87909 108.90834 107.15007 122.55013 106.86082999999999 129.2201 146.96707 164.9409 154.9776 154.77716 164.31967 175.56458 185.77863000000002 159.06707 177.20528000000002 175.57281 182.54878 139.58087 126.36506 130.64237 154.48656 125.83259000000001 70.72488 66.97669 68.84035 50.10731 42.70028 45.032160000000005 64.74965999999999 65.34167 128.96265 146.0656 154.23674 128.00498 124.35392 79.83736 18.12691 85.6608 103.36749 
113.58795 113.95839 120.4391 108.54443 89.09943 73.83688 58.83558 54.52133 49.42008 47.57842 51.24787 50.45307 42.25072 45.34532 33.86268 28.07725 0 16.85807 42.53409 55.42131 60.62808 56.27487000000001 64.704 82.21306 88.04524 95.4029 69.40799 73.31363 89.55889 86.56949 72.86882 58.89017 50.95248 47.62111 82.75116 72.55863000000001 86.83246 110.72612 135.67816 123.4074 132.12074 144.39969 150.38535000000002 152.56447 174.66266 188.02373 167.65094 189.85967 176.22241 146.68513 115.62522 103.67114 93.87577 140.16638 158.3989 154.98631 162.30774 149.08505 142.11472 131.75227 136.98483 135.22732 150.62651 133.03239 153.40837 173.00346 189.58134 180.69429 181.01647 190.49963 201.69182 211.29154 185.53779 204.23770000000002 199.76108 206.19097 161.74336 150.82882 152.77151999999998 163.51879 130.64944 73.52725000000001 63.6569 48.81439 22.03006 38.12903 69.94408 88.45698999999999 87.77682 155.24971 172.35802 181.37272000000002 155.45154 150.67536 94.30688 36.421 112.0479 128.71451 
121.07106 121.42409 126.43437 112.79552 96.1109 83.09027 70.77324999999999 64.76477 57.43949 55.58338 56.46494 61.68693 54.99194 56.57327 42.11635 44.935320000000004 16.85807 0 26.26994 39.15716 44.363929999999996 39.4168 48.84646 65.35499 71.26843 78.54483 52.61213 58.596329999999995 74.80852 73.64661 59.87796 59.571439999999996 66.29199 40.91268 76.28103999999999 68.90315 81.31190000000001 98.22075 124.88005 111.20764 120.37044 134.24628 139.70475 139.84784 162.20087999999998 175.45494 154.17219 177.6703 162.35813000000002 133.73716000000002 102.96242 91.27832000000001 89.56611000000001 130.93003 152.86593000000002 150.11644 157.74108 143.6922 138.57416999999998 129.99269999999999 136.51531 136.76432 149.9742 127.53431 144.98135000000002 167.68184 181.43071 173.83761 175.65138000000002 184.64589 195.22398 204.28857 179.92973999999998 199.22423 191.20378 196.80082 151.46176 141.15938 142.65719 147.78058 114.81233 58.25752 47.22784 32.33607 37.08771 50.29781 72.86168 95.96959 95.79623000000001 159.99748 176.93417 185.14308 159.79050999999998 155.01433 84.32988 44.81346 116.92191 134.70931 
142.15761 142.39802 145.26063 130.95765 117.14985 106.67426999999999 95.77991 89.49761000000001 80.49845 78.71446 78.54428 74.89368 67.00035 70.53224999999999 66.86163 70.61134 42.53409 26.26994 0 12.88722 18.09399 20.62281 26.07635 42.487049999999996 48.96233 53.99634 29.88469 43.52292 62.26724 64.76751 53.81794 44.04819 45.99395 67.18262 81.66629 83.41323 85.60743 90.23617 119.7332 103.41137 113.37393 127.03287999999999 127.64673 129.96172 152.44373 165.81165 141.27393 168.52571 149.61984 120.85383 94.37034 83.76656 80.03380999999999 128.6718 156.67574 155.03013 162.65477 148.01959 146.21413 138.65882 148.1549 147.59396 160.89084 132.00501 143.6905 169.21902 179.86049 174.91623 176.38083 187.2483 196.28983 203.93588 183.08567 202.98421 188.99990000000003 192.92645 146.6058 139.2378 138.4339 129.3375 95.77362 44.26399 23.89365 18.33224 29.18667 72.22027 91.54406 117.62218999999999 117.60666 177.63487 194.53724 202.00341 173.52042 169.26292999999998 82.91838 69.5463 135.77202 154.04622 
131.88804 132.15961 136.04989 125.29626 106.84741 101.95406000000001 83.68244000000001 77.08701 92.22582 91.46268 87.4006 82.19215 79.88757 81.57129 79.74885 82.46493 55.42131 39.15716 12.88722 0 30.98121 33.51003 38.963570000000004 53.35916 59.75769 66.66472999999999 42.77191 56.41014 67.61413999999999 68.937 55.82259 56.93541 58.88117 75.33116 80.07279 96.30045 82.53097 94.40218999999999 122.10365999999999 106.96393 117.28211 131.15795 132.25807 134.76451 157.22129 170.31752 147.49157 173.03784 156.03487 126.94618 98.70697999999999 87.22295 84.18724 129.61139 154.72581 152.57024 160.19488 146.18419 142.35196 135.29431 142.41322 142.06593 155.50371 129.66335 144.24273 168.0686 180.61098 174.67782 175.49352 186.05783000000002 195.769 204.08281 181.56666 201.20885 190.33705 194.89082 148.9216 140.93983 140.38964 138.42750999999998 104.98374 51.06314 34.76576 31.219459999999998 42.07389 69.93171 96.41674 117.42093 130.19465 170.17065 186.94223 193.8435 166.64065 162.38166999999999 84.11033 82.43352 126.53743 144.94112 
149.1993 149.37946 150.4182 135.83348 124.55058 115.92463 107.82451 102.46609000000001 90.69837 89.03955 89.16636 86.76369000000001 77.06944 78.2269 84.95562000000001 64.38787 60.62808 44.363929999999996 18.09399 30.98121 0 7.39933 8.93258 27.049239999999998 32.41201 36.46626 42.433479999999996 29.06692 47.33762 53.99083 45.28314 41.47548 46.04388 73.67867 78.35463 80.19998000000001 83.18290999999999 77.98939 108.57758 90.8473 101.08785 114.93561 117.40631 116.41033999999999 138.13842 150.69617 125.70039 154.39652 133.99025 106.91512 81.65316 73.64542 69.90223 119.53294 150.16939 149.4455 156.92943 141.99602 142.78782999999999 136.27216 147.33653999999999 147.29723 159.37536 126.46314 134.3801 161.69355000000002 170.72163 166.63942 168.43032 179.6445 187.76605999999998 194.51129 175.89547 195.99208 178.87836 181.38612 134.9982 129.9837 127.52463 111.72736 78.1794 32.590090000000004 41.98764 34.315129999999996 38.66 69.64756 98.26751000000002 125.35519 126.73741000000001 181.13802 198.57715000000002 205.72298 175.2621 171.3673 82.45784 82.51478 140.90581 159.3095 
142.35903 142.52338 143.31251 128.43415 117.81422 109.72057999999998 102.78029 96.49798999999999 84.85835 83.42979 81.76702999999999 84.86866 69.67011 72.15348 81.53315 71.78720000000001 56.27487000000001 39.4168 20.62281 33.51003 7.39933 0 16.33191 34.448570000000004 31.86733 39.81105 40.77793 36.46625 42.89661 48.08876 38.720020000000005 34.07615 38.64455 66.32659 71.06822 72.80065 75.78358 73.52839 102.71037000000001 85.80948000000001 96.03105 109.90688999999999 110.55398 111.59263 133.95303 147.32095 122.42663999999999 150.18001 131.31734 102.03997 77.00289000000001 67.0823 63.33911 112.96982 143.33514 142.44302 150.06766 135.43290000000002 135.3885 128.95085 139.93721 139.90132 152.01605 119.68815000000001 128.09733 155.16086 163.83132 160.08058 161.89352 173.05613 181.35292 188.40498 169.21119 189.28521 172.88927 175.93364 129.54647 123.42058 121.64274999999999 110.67874 77.15021 25.19076 35.44623 26.9158 37.7031 62.24823 90.86818 119.70000999999999 119.33808 174.35426999999999 191.17782 198.32365000000001 167.93099 164.0062 75.10576 76.54668 133.80005 152.20374 
148.84148 148.62512 148.77361 134.04943 124.64819 116.84862 110.23556 109.08047 92.17381 94.04224 89.62839000000001 84.4064 80.48231 83.98819999999999 82.03198 73.32045000000001 64.704 48.84646 26.07635 38.963570000000004 8.93258 16.33191 0 18.11666 23.47943 31.47257 33.5009 37.9995 45.954299999999996 47.094480000000004 38.75266 47.23981 54.97646 69.21806 73.95969 89.13256000000001 81.40806 72.55967 100.84107 85.72228 94.16175 108.03759 108.68468 111.60668 129.33838 141.76359 116.76781 145.69739 125.05767 97.98254 75.13359 70.15302 62.344719999999995 111.97543 143.65252 142.99331 150.56567 135.46554 137.19899 131.18955 143.15798999999998 143.38075 154.91475 120.15036 126.61032 154.68196 162.29522 159.02314 161.36576 172.47776 180.1694 186.92314 168.81628 188.952 170.41579000000002 173.43259 126.65361 121.77472 119.06206 105.35356 71.78832 41.522670000000005 36.71006 34.841409999999996 45.62871 75.07902 97.29616999999999 126.1741 130.53055 179.49804999999998 195.82491 201.93932 171.89177 168.76103 77.99723 91.44736 139.26115 157.63474 
164.54312 164.75601 163.86918 148.65932 140.61031 134.30453 128.12036 122.28788 109.85102 108.32349 106.47909 101.86868000000001 94.40334 97.14615 100.09771 84.67068 82.21306 65.35499 42.487049999999996 53.35916 27.049239999999998 34.44857 18.11666 0 10.14157 23.56615 15.38424 34.02293 41.77998 50.50064 48.34065 52.8185 59.51306 69.82836 87.58850999999999 90.92795 90.99605 70.68817 101.1242 83.33899 92.50831 106.38414999999999 101.93984 103.29778 124.82095 136.5588 110.0215 141.1735 118.06349 91.45507 73.16545 66.27439 75.78815 113.89465 149.39282 149.68387 157.06301 142.01066 145.89326 141.27125 154.00692 154.63609 165.08327 127.55595 129.51751000000002 159.12627 163.29558 162.52347 165.23747999999998 176.72822 183.2221 188.70892 173.72211 193.70855 171.03179 172.33971 126.56172 125.56712 119.81709000000001 91.12733 58.06909 42.53063 18.5934 51.563159999999996 62.13823 80.99058 113.03771 142.10210999999998 142.77246 192.35298 208.87915999999998 214.77408 184.38576 181.14529 91.09331 102.576 154.43721 172.7056 
163.88393 163.78771 161.96504 146.65912 140.23197 135.15434 130.54054 124.96452 111.59292 110.17053 108.04352 102.99007 95.9466 99.4785 105.51141000000001 87.48049 88.04524 71.26843 48.96233 59.75769 32.41201 31.86733 23.47943 10.14157 0 13.42458 25.52581 24.37644 31.63841 45.1897 44.27208 52.06062 59.35328 79.47047 80.74444 89.94216 84.575 63.24861 92.16436 73.19742 83.51559999999999 96.98267 93.70373000000001 94.05836 114.80974 126.47741 99.87993 131.15525 107.92217 81.3135 64.22838 58.18812 66.24446999999999 105.48674 141.97432 142.60858 149.86465 134.84281 139.83056 135.86576 149.16617 150.04479 159.66859 121.03643 121.18766 151.91367 154.33372 154.15675 156.89706 168.56267 174.66532 179.77005 165.63015 185.78266 161.84453 162.84273 117.28655 116.60728 110.76899 81.87413000000001 48.30889 41.5029 28.734969999999997 50.6367 69.04063 80.2327 112.63470999999998 141.67453 142.84254 189.24213 205.31775000000002 210.89612 180.41724 177.01394 87.36929 105.58946 152.62962 170.73209 
176.36069 176.45234 175.04731 159.75559 152.7223 146.91214 141.28975 135.50772 122.82014 121.32345 119.34813 114.5668 107.30209 110.11673 113.38184 97.86914 95.4029 78.54483 53.99634 66.66472999999999 36.46626 39.81105 31.47257 23.56615 13.42458 0 28.59384 37.80102 45.06299 58.61428 57.69666 64.5339 71.61415 81.62724 94.16276 101.68439 97.09072 73.71155 104.29974 86.622 96.94018 108.7976 101.64097000000001 101.87973 122.55262 133.51163 106.10136 138.70631 113.83554 90.9942 75.36363 70.37779 74.47907 117.09074 155.3989 155.29228 162.45632 147.48722 152.96401 149.23719 162.55674 163.45653 172.98627 133.76641 132.46386 163.51767 164.98834 165.69621 168.66137999999998 180.33257 185.93403 190.54291 177.58992 197.59103 172.10878 172.41295 129.05734 127.06994 122.01527 83.0025 61.73347 53.982169999999996 31.89897 48.66009 74.98609 88.59896 125.07564 154.05824 155.11456 202.59464 218.69276 224.3115 193.84181999999998 190.42975 100.79387000000001 115.84455 165.67914 183.83388 
150.03773999999999 150.02123 149.85679 134.64713 125.75104 118.92029000000001 112.83111 106.92859 94.47275 92.93925 91.15424 86.48444 79.06962 81.78561 84.78927 69.28644 69.40799 52.61213 29.88469 42.77191 42.43348 40.77793 33.5009 15.38424 25.52581 28.59384 0 18.63869 35.78595 43.5626 38.53305 38.73685 44.90248 54.44412 73.99884 78.01583000000001 80.01498000000001 67.05554 97.64372999999999 79.71683 89.96031 103.83615 101.97008 105.87375 126.07311000000001 138.47509 113.30082 142.43212000000003 122.90315999999999 94.54038 70.41368 66.89533 60.40391 110.30502 142.12817 141.79782 149.39191 133.99276 136.51853 130.63003 142.59393 142.92122 154.11357 118.92829 124.48258999999999 153.08877999999999 159.49922 157.04623 159.21443 170.62722 178.13603 184.55644999999998 167.09162 187.23939 167.94450999999998 170.35292 124.02701 119.46167 116.59078 99.47643 65.91138 29.576570000000004 33.97764 38.607079999999996 49.39438 66.90893 98.43272999999999 127.37871999999999 127.74056 179.53452 195.57639 201.88871 171.93092 168.32538 78.03454 87.41335 140.40305 158.64426 
140.01534 139.41127 137.59092 122.28268 116.16182 111.92166 109.43955 104.61045 89.24009 88.35407000000001 85.34694999999999 80.42303 73.91189 77.44378999999999 85.47674 69.81735 73.31363 58.596329999999995 43.52292 56.41014 29.06692 36.46625 37.9995 34.02293 24.37644 37.80102 18.63869 0 18.74432 24.92391 22.569409999999998 28.21237 35.91847 59.063199999999995 57.16746 73.89519 61.48079 50.354519999999994 79.99726 61.78924 72.02198 85.86871 88.33939000000001 87.34342 109.78399 122.52689 98.60108 125.93834 107.16505000000001 78.09248 52.58624 53.96977 41.86803 91.93645000000001 123.48948 123.28372 130.75322 115.66107 118.78025 113.64707 126.28261 127.91650000000001 137.32492 100.79657 105.84389999999999 134.45009 142.66132 138.40754 140.61019 151.98853 159.49734 165.91776 148.49952 168.65013 150.52571 152.32726 105.93128 101.42943 99.23787999999999 90.97412 57.40888 23.379759999999997 48.74491999999999 26.26026 58.37589 56.38445 88.50685 117.75923 119.08539999999999 165.1426 182.68477000000001 187.41227 156.79035 153.58493 65.54773 87.13071 128.2532 146.36115 
141.33316 141.32036 137.50401 122.16674 119.76742 119.28463 118.26882 113.72769 98.09123 97.06405 93.96211 88.75366 82.71972 86.14191 94.66581 78.93638 89.55889 74.80852 62.26724 67.61413999999999 47.33762 42.89661 45.954299999999996 41.77998 31.63841 45.06299 35.78595 18.74432 0 13.55129 23.27114 37.40144 45.337089999999996 54.76561 53.38955 64.73839 55.546130000000005 31.6102 62.19839 43.93088 54.24906 68.1249 73.70862 73.44 91.05657 104.42448999999999 80.05651 107.41557999999999 88.42073 72.56757 55.49003 54.671499999999995 54.718410000000006 74.51907 110.34266 111.65338 118.23093 103.84832 108.75451 105.47544 119.71815999999998 121.14069 129.28152 89.39802 90.48776000000001 120.946 124.37602999999999 123.19097 126.52802 137.79124000000002 143.87764 149.58514 134.33265 154.3148 132.49917 134.62958 88.39308 86.64131 81.14544000000001 88.29757000000001 70.11375 24.08149 49.42492 45.00458 76.26617 65.57352 92.79962 121.91751 125.21410999999999 162.04506 177.81986 182.51206 151.99335 148.72002 64.40836 96.31311 128.68739 145.94467 
128.65131 128.77947 124.49935 109.16208 107.82091 108.06117 109.01147 104.87174999999999 88.64032 87.79264 83.88127 78.66403 73.75407 77.28596999999999 87.61442 72.06797 86.56949 73.64661 64.76751 68.937 53.99083 48.08876 47.094480000000004 50.50064 45.1897 58.61428 43.5626 24.92391 13.55129 0 13.76865 31.10753 39.04522 47.43969 41.4718 52.1975 42.53655 45.16149 55.07335 38.76719 48.63158 62.507419999999996 68.09114 68.27631 89.11326 102.28517 81.08499 105.22985 91.35254 64.28144 56.85371 45.16901 54.93882 74.65583 99.19612000000001 99.31508 106.56237 91.51002 95.93121 92.23979 106.16686999999999 109.07477 116.05771 80.04787999999999 83.66998000000001 110.15673000000001 119.65021999999999 113.4854 115.68628 127.12598 134.76681 141.09007 123.71419 143.8667 126.56265 128.33513 81.94369 79.38825 76.08549 82.41859 80.8428 34.810539999999996 48.81595 46.734570000000005 76.33381 58.5291 82.44385 110.12456 111.66282 148.7034 164.26857 168.96077 138.44206 135.16873 50.85707 89.25059 115.39801 132.73299 
122.07225 121.46818 118.39157 103.0543 98.97324 97.04215 97.25228 92.45564 76.69328 75.69309 72.49279 67.28434 63.07922 64.87449 73.84577 58.9885 72.86882 59.87796 53.81794 55.82259 45.28314 38.720020000000005 38.75266 48.34065 44.27208 57.69666 38.53305 22.569409999999998 23.27114 13.76865 0 17.38352 25.32121 36.643029999999996 39.24786 55.975590000000004 42.6554 54.881339999999994 66.28107 51.41708 61.73526 75.6111 81.19481999999999 79.99247 102.32352 115.57758 94.85364 117.87974 104.59932 73.8592 43.08506 31.40036 52.489909999999995 74.85386 104.89986 104.24065 111.81300999999999 96.71288 98.44633 93.17512 107.26815 106.29544 116.7996 81.40657 90.43612999999999 116.50844 126.04255 121.6178 123.88484 134.50126 142.93557 150.25282 132.03875 151.00599 135.19044 140.0099 93.22124 85.43817 85.45536999999999 96.18723999999999 67.07415 21.04189 41.8304 37.48306 69.59869 44.76045 71.64686 100.89614 102.43921 145.03055 163.24988000000002 166.68187 136.30646000000002 132.80464 43.14903 75.61639 109.57495 127.0611 
112.47903 111.93751 111.11994 97.55439000000001 88.2461 84.02313 81.45877 76.62967 61.55853 60.37329 57.36617 52.21066 45.93069 49.46259 57.26437 41.60498 58.89017 59.571439999999996 44.04819 56.93541 41.47548 34.07615 47.23981 52.8185 52.06062 64.5339 38.73685 28.21237 37.40144 31.10753 17.38352 0 7.93769 33.11873 37.86036 54.58809 41.70743 57.94977 81.46236999999999 67.44925 76.33673 89.04109 93.50605 96.54201 118.67534 132.04326 111.97746 133.91191 120.20058 91.04477 59.61512 48.783879999999996 39.638239999999996 87.21094 112.72282 111.00061 118.62493 103.97176 102.55330000000001 95.77065 105.93881 105.84218 118.1738 87.9804 101.63327 125.85617 138.07104 131.82068 133.90762999999998 143.66657 153.20159 161.4791 139.4732 159.1533 147.69213 152.89348 107.3029 98.7274 98.55033 113.52611999999999 84.22761 29.1199 43.43164 27.23537 59.351 28.17208 60.58054 89.67905999999999 90.87303 143.39872 159.72558 164.3265 133.85484 129.96004 41.8979 58.91834 101.6662 119.97486 
105.44165000000001 105.60814 105.30881000000001 89.97154 81.1369 76.08544 73.52108 68.69198 53.62792 52.4356 49.42848 51.533269999999995 37.99342 41.52532 50.373160000000006 42.18467 50.95248 66.29199 45.99395 58.88117 46.04388 38.64455 54.97646 59.51306 59.35328 71.61415 44.90248 35.91847 45.337089999999996 39.04522 25.32121 7.93769 0 30.75235 36.49172 53.21945 40.7424 60.36517 89.40006 75.38694000000001 81.16826 93.45102 100.62782 104.42676 124.38407000000001 137.75199 118.66251 139.25108 126.64588 98.98246 67.55281 56.72157 47.57593 90.04542 112.97319 110.76876 118.3934 104.75092000000001 100.97384 93.16286000000001 102.78521 102.80765000000001 115.40601 87.98946000000001 105.62307 127.50887 140.3983 133.1696 134.05993 145.01461 154.55597 163.99937 140.11208 159.45314 151.3865 156.00348 111.10355000000001 101.34134 102.28155 120.24198 89.1131 37.05759 51.36933 35.17306 63.074239999999996 36.10977 53.53025 82.78263000000001 88.60703000000001 135.80086 154.11241 160.7036 130.14959 125.38488999999998 49.835589999999996 51.263560000000005 96.49219000000001 114.05001 
95.59466 95.63897 96.17843 81.34527 71.31673 67.8667 65.17478 58.96208 44.08117 42.65261 39.22997 44.45196 34.9082 31.3763 45.833220000000004 49.00748 47.62111 40.91268 67.18262 75.33116 73.67867 66.32659 69.21806 69.82836 79.47047 81.62724 54.44412 59.0632 54.76561 47.43969 36.643029999999996 33.11873 30.75235 0 35.47833 52.20606 40.39922 66.96476 89.40321 78.72662 86.95786 98.00628 105.16301 108.23525 129.68232 143.05024 125.22399999999999 144.10513 133.24547 104.87934 72.02663 60.064229999999995 48.65343 92.64716 112.10578000000001 109.70686 117.02843 102.93205 99.15497 90.37969 97.54987 97.15131 110.57831999999999 86.67982 105.78778 126.76916 143.83585 133.53141 134.7387 144.00122 154.66298 164.07694999999998 139.16959 158.32083 152.14049 158.67376000000002 114.60221 103.59855 105.63684 128.67571 98.73766 57.53568 71.66413 60.1408 66.04956 44.854780000000005 51.7905 72.93564 82.43791 127.27632 145.48614 151.26176 122.49334 120.5027 48.86725 45.59292 87.86592 105.42374 
89.83551 89.6411 84.62234000000001 69.28507 70.61297 78.00534 81.61546000000001 79.28645 62.39867 62.81551 57.27473 58.06109 52.58706 54.69906 68.21907 58.333870000000005 82.75116 76.28103999999999 81.66629 80.07279 78.35463 71.06822 73.95969 87.58851 80.74444 94.16276 73.99884 57.16746 53.38955 41.4718 39.24786 37.86036 36.49172 35.47833 0 16.72773 35.68096 54.10683 58.8999 54.30147 59.17012 73.04596 78.61569 82.36698 101.77789 114.86787 101.95754 114.7016 109.17057 82.93816000000001 56.15324 54.03483 55.14098 59.15083 76.76683 74.32426 81.9489 82.12931999999999 69.78724 57.92588 69.42671 73.8055 81.7438 69.48163 76.26024 96.29814999999999 110.33952 98.05308 103.22948 108.52289 119.18529 128.88285 103.80409 123.24991 117.31784 125.17743 85.84007 83.34282 76.98792 115.73741999999999 91.6434 60.28901 76.07459 64.88243 83.40591 45.800650000000005 54.22185 74.65478999999999 99.35641000000001 108.88552 125.51731 130.24481 99.6908 96.41747 53.60888 68.71389 75.80572000000001 93.36354 
77.18603999999999 76.58197 73.52889 58.19162 55.62341 61.277609999999996 64.88773 62.84137 47.95621 46.08778 53.08441 56.648920000000004 59.85987 56.32797 53.56548 71.20428 72.55863000000001 68.90315 83.41323 96.30045 80.19998000000001 72.80065 89.13256000000001 90.92795 89.94216 101.68439 78.01583000000001 73.89519 64.73839 52.1975 55.975590000000004 54.58809000000001 53.21945 52.20606 16.72773 0 18.95323 62.54139 75.2732 70.97189 75.89785 89.02868000000001 95.34342000000001 99.08259 118.30724 131.33708000000001 118.62796 130.9092 125.8983 99.39335 67.20867 57.05059 71.86871000000001 74.20384 90.98542 83.91154 91.53575000000001 83.63806 69.67102 61.55004 68.77499 68.11065 81.75944 60.8845 92.98796999999999 105.88543 119.92153 109.28714 109.21379 118.35174 130.00220000000002 140.09016 115.02472 131.74025 133.41219 138.58625 97.98994 95.35674 93.26226 130.97621 108.37113 67.00144 79.13525 65.08099 90.98708 34.6428 38.00858 57.92706 86.31295 101.57641 120.36456 126.21037 95.65636 91.20554999999999 51.306740000000005 53.71559 64.27399 82.27009 
89.131 89.01359 85.17298 77.14485 70.90764 76.00334 83.78661 81.79311 65.03556 64.98231 59.90736 61.593849999999996 63.31075 60.972989999999996 72.51871 61.86663 86.83246 81.31190000000001 85.60743 82.53097 83.18291 75.78358 81.40806 90.99605 84.575 97.09072 80.01498000000001 61.48079 55.546130000000005 42.53655 42.6554 41.70743 40.7424 40.39922 35.68096 18.95323 0 46.2216 56.31997 53.68186 57.21189 70.07545 76.66812 80.46683 99.39721 112.39065 101.04057 111.95597 107.31879 81.61238 50.29188 53.193430000000006 56.20573 55.72875 72.50999999999999 70.2741 77.89831 78.07916 72.19693 61.75737 65.96024 66.53822 77.39872 47.24706 80.37779 92.24799 104.66029 93.9058 94.33948 104.288 115.00821 124.73557 99.64889 118.99307999999999 115.41274999999999 121.75534999999999 79.03671 77.17975 75.6999 115.46423000000001 92.50351 59.953269999999996 82.15636 68.9428 87.20508 49.33341 47.93563 73.60237 87.7611 106.51661 122.64554 127.36114 96.81903 93.5457 56.90315 71.95983 77.56561 91.32501 
134.7182 134.5674 127.53394 112.91674 116.85988 120.65609 126.08120000000001 122.33828 105.54752 105.0225 100.86276000000001 96.16526 92.02131 95.54118 107.03099 93.27299 110.72612 98.22075 90.23617 94.40218999999999 77.98939 73.52839 72.55967 70.68817 63.24861 73.71155 67.05554 50.354519999999994 31.6102 45.16149 54.881339999999994 57.94977 60.36517 66.96476 54.10683 62.54139 46.2216 0 30.58819 37.643510000000006 41.28168 36.9676 53.630039999999994 57.53370999999999 64.0189 77.38682 58.29734 79.46135 66.28071 54.11594 35.91655 37.15508 61.16829 43.41992 87.83028 86.60274 90.00565 84.13352 95.77951 83.91815 99.32913 101.73137 107.00454 63.5757 58.87756 89.84684999999999 92.76583 92.08295 95.23785000000001 106.62386 112.59209 119.06083000000001 105.05138 123.87948 100.88897 104.85579 57.01192 55.03111 49.53524 82.60318000000001 49.890299999999996 55.691689999999994 76.63877 72.17043 101.72733 78.72962000000001 93.73273 119.49939 122.29891 146.47267 160.96068 164.10991 133.53825 131.21848 56.76323 108.26468 119.43689 136.99521000000001 
