22
20 17 30 38 24 19 45 47 18 6 34 42 9 36 48 46 28 3 44 32 1 22
0 1.081 1.6520000000000001 1.383 1.161 1.641 1.814 2.262 1.6760000000000002 2.705 3.204 2.426 2.011 2.0420000000000003 2.353 2.278 2.817 2.5500000000000003 2.1959999999999997 1.9249999999999998 1.565 0.763 
1.081 0 0.699 1.2119999999999997 1.661 2.722 2.895 3.343 2.757 3.7860000000000005 4.285 3.5070000000000006 3.0920000000000005 3.1230000000000007 3.055 2.736 3.2750000000000004 3.48 2.654 2.383 2.023 1.52 
1.6520000000000001 0.699 0 0.513 1.078 2.326 2.499 2.947 2.361 3.823 4.2330000000000005 3.8530000000000006 3.4380000000000006 3.4690000000000007 3.754 3.435 3.974 3.9770000000000008 3.3529999999999998 3.082 2.722 2.219 
1.383 1.212 0.513 0 0.809 1.934 2.107 2.555 1.969 3.431 3.8409999999999997 3.5840000000000005 3.1690000000000005 3.2000000000000006 3.5110000000000006 3.6380000000000003 4.087000000000001 3.7080000000000006 3.556 3.285 2.9250000000000003 2.146 
1.161 1.661 1.078 0.809 0 1.248 1.4210000000000003 1.8690000000000002 1.2830000000000001 2.745 3.155 2.7750000000000004 2.3600000000000003 2.3910000000000005 2.7020000000000004 3.1040000000000005 3.2780000000000005 2.8990000000000005 2.9420000000000006 3.086 2.726 1.924 
1.641 2.722 2.326 1.9340000000000002 1.248 0 0.339 1.035 0.859 1.74 1.907 2.456 2.253 2.871 3.182 3.584 3.526 3.147 3.422 3.566 3.206 2.404 
1.814 2.895 2.4989999999999997 2.107 1.4209999999999998 0.339 0 0.696 1.032 1.572 1.994 2.2880000000000003 1.9140000000000001 2.6790000000000003 2.99 3.3920000000000003 3.358 2.979 3.2300000000000004 3.4330000000000007 3.379 2.577 
2.262 3.343 2.947 2.5549999999999997 1.8689999999999998 1.035 0.696 0 0.586 0.876 1.375 1.592 1.218 1.983 2.294 2.696 2.662 2.283 2.5340000000000003 2.7370000000000005 3.0970000000000004 3.025 
1.6760000000000002 2.757 2.3609999999999998 1.969 1.283 0.859 1.032 0.586 0 1.462 1.9609999999999999 2.178 1.804 2.5690000000000004 2.8800000000000003 3.2820000000000005 3.2479999999999998 2.8689999999999998 3.1200000000000006 3.323000000000001 3.241 2.439 
2.7050000000000005 3.7860000000000005 3.8230000000000004 3.431 2.745 1.74 1.572 0.876 1.462 0 0.499 0.716 0.694 1.459 1.77 2.172 1.786 1.407 2.0100000000000002 2.2130000000000005 2.5730000000000004 3.3750000000000004 
3.204 4.285 4.233 3.841 3.155 1.907 1.994 1.375 1.9609999999999999 0.499 0 0.924 1.193 1.9580000000000002 1.9549999999999998 2.33 1.791 1.5299999999999998 2.5090000000000003 2.7120000000000006 2.9869999999999997 3.7889999999999997 
2.4260000000000006 3.5070000000000006 3.8530000000000006 3.5840000000000005 2.7750000000000004 2.456 2.2880000000000003 1.592 2.178 0.716 0.924 0 0.41500000000000004 1.1800000000000002 1.116 1.5180000000000002 1.07 0.6910000000000001 1.6810000000000003 1.8840000000000001 2.148 2.95 
2.011 3.092 3.4380000000000006 3.1690000000000005 2.3600000000000003 2.253 1.914 1.218 1.8039999999999998 0.694 1.193 0.41500000000000004 0 0.765 1.076 1.4780000000000002 1.485 1.106 1.316 1.519 1.879 2.681 
2.0420000000000003 3.123 3.4690000000000003 3.2 2.391 2.871 2.6790000000000003 1.983 2.569 1.459 1.9580000000000002 1.1800000000000002 0.765 0 0.341 0.7430000000000001 1.145 0.766 0.551 0.754 1.1139999999999999 1.916 
2.353 3.0549999999999997 3.7539999999999996 3.511 2.702 3.182 2.99 2.294 2.88 1.77 1.9549999999999998 1.116 1.076 0.341 0 0.402 0.804 0.425 0.5650000000000001 0.768 1.032 1.834 
2.278 2.7359999999999998 3.4349999999999996 3.638 3.104 3.584 3.3920000000000003 2.696 3.282 2.172 2.33 1.518 1.478 0.7430000000000001 0.402 0 0.539 0.827 0.683 0.9540000000000001 0.7130000000000001 1.5150000000000001 
2.817 3.2750000000000004 3.974 4.087000000000001 3.2780000000000005 3.5260000000000002 3.3579999999999997 2.662 3.2479999999999998 1.786 1.791 1.07 1.485 1.145 0.804 0.539 0 0.379 1.2220000000000002 1.4930000000000003 1.2520000000000002 2.0540000000000003 
2.5500000000000003 3.4799999999999995 3.9770000000000003 3.708 2.899 3.1470000000000002 2.979 2.283 2.8689999999999998 1.407 1.5299999999999998 0.6910000000000001 1.106 0.766 0.425 0.827 0.379 0 0.99 1.193 1.4569999999999999 2.259 
2.196 2.654 3.3529999999999998 3.5559999999999996 2.942 3.422 3.2300000000000004 2.5340000000000003 3.12 2.0100000000000002 2.5090000000000003 1.681 1.316 0.551 0.5650000000000001 0.683 1.222 0.99 0 0.271 0.631 1.433 
1.9249999999999998 2.383 3.082 3.2849999999999997 3.086 3.566 3.433 2.737 3.323 2.213 2.712 1.8840000000000001 1.5190000000000001 0.754 0.768 0.954 1.4929999999999999 1.193 0.271 0 0.36 1.162 
1.565 2.0229999999999997 2.7219999999999995 2.925 2.726 3.206 3.379 3.097 3.241 2.573 2.987 2.148 1.879 1.1139999999999999 1.032 0.7130000000000001 1.2520000000000002 1.457 0.631 0.36 0 0.802 
0.763 1.52 2.219 2.146 1.924 2.404 2.577 3.025 2.439 3.375 3.7889999999999997 2.9499999999999997 2.681 1.916 1.834 1.515 2.054 2.259 1.4329999999999998 1.162 0.802 0 
