23
qaNF4 a049zYG55Zn66Xbmpdp0 fnMwNw1M6Naw owJxU5AByA1usDUB3gkv 23LQ1uFKh B6zwxFUTXP7207OU b88Y9j2qm7Ik9Uc1Akg 4o t4g038uD0J7N2MjjK bIXpEU56v5EwRurYx T930LVMZqWnRhtA 3AZZS7ZlVKs4rRsl gE2u1BLhV0VP9W4K zvAc9Z2d7eDxV 5NI1AGh6XyxT39yE J 3l6XBJU8C1Vc5ugKIhUy Tgw4KRLY56280J0 o2TJY8U tH7nO948j59TD 10rY1cuVgs EEGmmDga awsq33VKPi6omYhDxD
0 387890486.1336 676038336.4304 1592604873.5822 2201692674.4219 1814781589.6019 2833655237.6305 2012801214.0428 2605418511.0041 1707147964.2603 1686008569.0305 1500124133.8769 1895516551.1311 2045269674.1975 2010658323.8495 1798470039.681 1813603078.6704 1858976046.8737001 2580672409.4206 976239651.856 1148168698.7594 88870815.5913 691493850.7614 
387890486.1336 0 288147850.2968 1204714387.4486 1813802188.2883 2202672075.7355 2462104056.5022 2133436455.3853002 2726053752.3466 1319257478.1267 1298118082.8969 1112233647.7433 1870758389.6908998 1875854756.4994001 1622767837.7159 1410579553.5474 1425712592.5368 1719996129.238 2235099863.9609003 1364130137.9896 1536059184.893 476761301.7249 1079384336.895 
676038336.4304 288147850.2968 0 916566537.1518 1525654337.9915 2358788410.5989 2750251906.799 1845288605.0885 2437905902.0498 1607405328.4235 1586265933.1937 1400381498.0401 2158906239.9877 2164002606.7962003 1910915688.0126998 1698727403.8442001 1713860442.8336 1431848278.9412 2153544641.4881 1652277988.2864 1414096742.1875 764909152.0217 1367532187.1918 
1592604873.5822 1204714387.4486 916566537.1518 0 755524228.1449001 1588658300.7523 2199678223.8596 1218386921.9815 1811004218.9428 2101516780.9246001 2080377385.6948001 1894492950.5412002 1937380776.2645998 2087133899.3309999 1906715672.0433002 2144059270.1165 2159192309.1059 1121577428.7188 1843273791.2657 2568844525.4382 2330663279.3393 1681475689.1735 2284098724.3436003 
2201692674.4219 1813802188.2883 1525654337.9915 755524228.1449001 0 833134072.6074 1852007720.636 1244868143.8743 1837485440.8356 1484968151.6774 1463828756.4476001 1277944321.2940001 1927521061.3337 2041565430.0501003 1422852410.202 1660196008.2752 1675329047.2645998 1111717713.7879 1833414076.3348 2078699805.4291 2551447146.6713 2131069715.1607 2733692750.3308 
1814781589.6019 2202672075.7355003 2358788410.5989 1588658300.7523 833134072.6074 0 1018873648.0286 2000164949.9067001 2592782246.868 1457945520.212 1436806124.9822 1250921689.8286 1714659022.5774999 1725541529.6314 2247515444.7403 2211292455.4651 2196159416.4757 1944851786.3953 2373787906.0462 1245565732.8217 1718313074.0639 1903652405.1932 2506275440.3633003 
2833655237.6305 2462104056.5022 2750251906.7990003 2199678223.8596 1852007720.636 1018873648.0286 0 981291301.8781 1573908598.8394 1307639107.5025 1286499712.2727 1349870408.7589 2108395150.7065 2113491517.5149999 2062990569.7476 3011588983.104 2996455944.1146 2412643282.763 2472736624.9765 2264439380.8503 2494778864.5467005 2905221700.3296003 3491671583.0915003 
2012801214.0428 2133436455.3853002 1845288605.0885 1218386921.9815 1244868143.8743 2000164949.9067001 981291301.8781 0 592617296.9613 2047324385.6191 2068463780.8489 2078293022.7812002 2113400619.4472003 1963647496.3808002 1081699267.8695002 2338741197.8676996 2323608158.8782997 1431351980.8848999 2153048343.4318 2090242050.996 1513487562.6686 1923930398.4515 2526553433.6216 
2605418511.0041003 2726053752.3466 2437905902.0498 1811004218.9428 1837485440.8356 2592782246.868 1573908598.8394 592617296.9613 0 1454707088.6578 1475846483.8876 1661730919.0412 2420255660.9888 2393361039.7795 1674316564.8308 2458455240.8325 2443322201.8431 2023969277.8462 2745665640.3931 2682859347.9573 2106104859.6299002 2516547695.4128003 3119170730.5829 
1707147964.2603 1319257478.1267 1607405328.4235 2101516780.9246001 1484968151.6774 1457945520.212 1307639107.5025 2047324385.6191 1454707088.6578 0 21139395.2298 207023830.38340002 965548572.3310001 938653951.1216999 1203617585.2951 1868742404.7285 1853609365.7391 1827484649.4524002 1329890046.601 2330849496.5741997 1754095008.2468 1796018779.8516 2398641815.0217 
1686008569.0305 1298118082.8969 1586265933.1936998 2080377385.6948 1463828756.4476 1436806124.9822 1286499712.2727 2068463780.8488998 1475846483.8876 21139395.2298 0 185884435.1536 944409177.1012 917514555.8919 1182478190.0653 1847603009.4987 1832469970.5093 1806345254.2226 1308750651.3712 2309710101.3444 1732955613.017 1774879384.6218 2377502419.7918997 
1500124133.8769 1112233647.7433 1400381498.0401 1894492950.5412002 1277944321.294 1250921689.8286 1349870408.7589 2078293022.7812 1661730919.0412 207023830.38340002 185884435.1536 0 758524741.9476 763621108.7561 996593754.9117 1661718574.3451 1646585535.3557 1713654890.5927 1122866216.2176 2201702681.7522 1624948193.4248 1588994949.4682 2191617984.6383 
1895516551.1311 1870758389.6908998 2158906239.9877 1937380776.2646 1927521061.3337 1714659022.5774999 2108395150.7065 2113400619.4471998 2420255660.9888 965548572.331 944409177.1012 758524741.9476 0 149753123.0664 1031701351.5776999 1262563818.8083 1277696857.7977 1677292019.3955998 1707800505.6718 1990331321.5363 1803737404.9212 1806645735.5398 1894876650.8992999 
2045269674.1975 1875854756.4994001 2164002606.7962003 2087133899.331 2041565430.0500998 1725541529.6314 2113491517.5149999 1963647496.3808002 2393361039.7795 938653951.1216999 917514555.8919 763621108.7561 149753123.0664 0 881948228.5113 1412316941.8747 1427449980.8641 1827045142.462 1857553628.7382 1840578198.4699 1953490527.9876 1956398858.6062 2044629773.9657 
2010658323.8495 1622767837.7159 1910915688.0127 1906715672.0433002 1422852410.202 2247515444.7403 2062990569.7476 1081699267.8695002 1674316564.8308 1203617585.2951 1182478190.0653 996593754.9117 1031701351.5776999 881948228.5113 0 1643935966.2723 1659069005.2617 2489418255.5302 2119459971.1293 1816111746.3274999 1921410638.0738 2099529139.4408 2702152174.6109 
1798470039.681 1410579553.5474 1698727403.8442001 2144059270.1165 1660196008.2752 2211292455.4651 3011588983.104 2338741197.8677 2458455240.8325 1868742404.7285 1847603009.4987 1661718574.3451 1262563818.8083 1412316941.8747 1643935966.2723 0 15133038.9894 1186957267.596 1908653630.1429 1372750517.7192 1949505006.0465999 1887340855.2723 2489963890.4424 
1813603078.6704 1425712592.5368 1713860442.8336 2159192309.1059 1675329047.2645998 2196159416.4757 2996455944.1146 2323608158.8782997 2443322201.8431 1853609365.7391 1832469970.5093 1646585535.3557 1277696857.7977 1427449980.8641 1659069005.2617 15133038.9894 0 1202090306.5853999 1923786669.1323 1357617478.7298 1934371967.0572 1902473894.2617 2505096929.4318 
1858976046.8737001 1719996129.238 1431848278.9412 1121577428.7188 1111717713.7879 1944851786.3953 2412643282.763 1431351980.8849 2023969277.8462 1827484649.4524 1806345254.2226 1713654890.5927 1677292019.3955998 1827045142.462 2489418255.5302 1186957267.596 1202090306.5853999 0 721696362.5469 2409482044.1344 2495715293.0689 1770105231.2824001 2372728266.4525003 
2580672409.4206 2235099863.9609003 2153544641.4881 1843273791.2657 1833414076.3348 2373787906.0462 2472736624.9765 2153048343.4318 2745665640.3931 1329890046.601 1308750651.3712 1122866216.2176 1707800505.6718 1857553628.7382 2119459971.1293 1908653630.1429 1923786669.1323 721696362.5469 0 1687785681.5875 2264540169.9149 2491801593.8293 3094424628.9994 
976239651.856 1364130137.9896 1652277988.2863998 2568844525.4382 2078699805.4291 1245565732.8217 2264439380.8503 2090242050.996 2682859347.9573 2330849496.5742 2309710101.3444 2201702681.7522 1990331321.5363 1840578198.4699 1816111746.3274999 1372750517.7192 1357617478.7298 2409482044.1344004 1687785681.5875 0 576754488.3274 1065110467.4473 1667733502.6174 
1148168698.7594 1536059184.893 1414096742.1875 2330663279.3393 2551447146.6713 1718313074.0639 2494778864.5467 1513487562.6686 2106104859.6299 1754095008.2468 1732955613.017 1624948193.4248 1803737404.9212 1953490527.9876 1921410638.0738 1949505006.0465999 1934371967.0572 2495715293.0689 2264540169.9149 576754488.3274 0 1059297883.1681 1661920918.3382 
88870815.5913 476761301.7249 764909152.0217 1681475689.1735 2131069715.1606998 1903652405.1932 2905221700.3296 1923930398.4515 2516547695.4128 1796018779.8516 1774879384.6218 1588994949.4682 1806645735.5398 1956398858.6062 2099529139.4408 1887340855.2723 1902473894.2617 1770105231.2824001 2491801593.8293 1065110467.4473 1059297883.1681 0 602623035.1701 
691493850.7614 1079384336.895 1367532187.1918 2284098724.3436003 2733692750.3308 2506275440.3633 3491671583.0915003 2526553433.6216 3119170730.5829 2398641815.0217004 2377502419.7919 2191617984.6383 1894876650.8992999 2044629773.9657 2702152174.6109 2489963890.4424 2505096929.4318 2372728266.4525 3094424628.9994 1667733502.6174 1661920918.3381999 602623035.1701 0 
