47
y B4mQOl023dn1 KKUFV29x8iO 4 KpBvy 4l4aqvNKB 3k r ICQxh0Q58799CUd2 geUO1h 8M2OK8Px58 TBk5Pt5vt5SInt 11l6P71DgEau1baEX4 xaM1q4jQi3efYb0 2qgWbB40Ya16 MY3aL96Y u3Qv 42U0k6JhTQxPvUw8 EnhLq7BgTj8IN3Z2m fgM12T eqYzN7b19UgNo1K 6RiHvQ4xTN5 eDv5MBdo 5Qkzz260R7 MVvh DUiYDuR9yYFD5 YKpC4gQmPKaU311w9eOT O41Muu O58T 48783322I5q9PFVPT TU76UjE52906 3 5CCl0n2r5512 7L 672Pt4Ytw8LW X6SrYf57mSUQQ28C ElUTL D H6pXAnE0KypnExX SmI7f YLKBD54k 1 HDLHc5Kdk N8191M9E9v 95E0752p51t i7lmV5iDIgl5f 845LWU7Kg6167HQY
0 28676683.9996 791595623.6535001 1249623960.7198 1416034604.036 1936901774.0213 1346311797.8787 1517040433.5262 1115966287.6244 1830013863.232 1520579345.7911 1217135579.3383 1841452686.2918 1945505771.4898 1751495843.1447 1748255372.693 1971843351.5572 1978782728.3318 1419500241.1374002 1178345412.7436998 1064862868.5613999 1650318471.5274 1310602974.6618001 1621932987.0024002 1816525242.5585003 2384404054.2276 2281170678.5821 1393697857.2978 1205507365.9139 1383931608.1896 1678203162.7585 1827577518.6926 1434468585.7479 1104917755.8082 1442169736.5618 1373429460.1062999 1752149676.1623998 1979069642.7055001 1649430130.2327 1144135965.374 1729339706.91 691343338.5229 1828420424.3681 1866167993.0779 2285850360.6967 458521739.8121 1102593786.6607 
28676683.9996 0 820272307.6531001 1278300644.7194 1444711288.0356 1965578458.0209 1374988481.8783 1545717117.5258 1087289603.6248 1858690547.2316 1549256029.7907 1188458895.3387 1812776002.2922 1916829087.4902 1753625557.3606 1750385086.9089 1973973065.7731 1980912442.5477 1448176925.137 1149668728.7440999 1036186184.5618 1678995155.527 1313453075.1673 1624783087.5079 1819375343.0640001 2413080738.2272 2309847362.5817 1422374541.2974 1234184049.9135 1412608292.1892002 1706879846.7581 1856254202.6922 1405791901.7483 1076241071.8086 1413493052.5622 1344752776.1067 1723472992.1627998 2007746326.7051 1620753446.2331002 1115459281.3744001 1758016390.9096 720020022.5225 1857097108.3677 1894844677.0775 2314527044.6963 487198423.8117 1131270470.6603 
791595623.6535001 820272307.6531001 0 804289004.2047 970699647.5209 1491566817.5062 2137907421.5322 2176051079.9041 1907561911.2779002 2257402732.906 2127704286.3720999 1700273222.3084002 1849263460.1701 1703113886.2562 1419804887.6005 1423045358.0522 1646633336.9164 1653572713.691 1597019854.4478 1618177783.9348001 1811981469.2801 1956240222.1918 1616524725.3262 1927854737.6668 2122446993.2229 2084811086.2958 2049687951.8319 2185293480.9513 1997102989.5674 1770156211.4091 1232868206.2434 1728510882.5734 2226064209.4014 1888886715.3892999 2226138696.1429 2165025083.7598 1458547805.1732001 1187474019.052 1623475253.5080001 1935731589.0275002 2336464647.491 795562050.3846 1383085467.853 1420833036.5628 2271149534.2194 1065646680.3931 1761604433.0386 
1249623960.7198 1278300644.7194 804289004.2047 0 166410643.3162 687277813.3015 1405487599.1826 1593675830.9559 1731851436.8949 2234090095.7578 2519852888.3004 2320659378.2729 1738438760.0352998 1592289186.1213999 1751095721.7725 1747855251.3208 1595634760.0572 1602574136.8318 1744645125.9328 1816429398.5538 2010233083.8991 1755101480.2171001 1413946397.7118 1522870160.0059 1895303491.8953 1280522082.0911 1245398947.6272 1592785282.5952 1394688105.172 965867207.2044 428579202.0387 924221878.3687 2556578628.7941 2354541716.528 2207703462.203 2623053420.8261 2037830893.7041001 1754403745.9801002 2241126466.408 1735832301.5493 1943647835.6444001 1599851054.5893002 1841113804.9192998 1878861373.6290998 1466860530.0147 1575560723.2563 2219632770.1049004 
1416034604.036 1444711288.0356 970699647.5209 166410643.3162 0 520867169.9853 1477463262.3905 1652733729.0686 1579233215.9795 2293147993.8705 2353442244.9842 2154248734.9567003 1572028116.7191 1425878542.8052 1709187541.4609 1712428011.9126 1508605594.3794 1515544971.154 1911055769.249 1982840041.8700001 2176643727.2153 1921512123.5333 1580357041.0279999 1689280803.3221002 2061714135.2115002 1446932725.4073 1411809590.9434 1426374639.279 1228277461.8558002 1132277850.5205998 594989845.3549 1090632521.6849 2722989272.1103 2518652170.7421 2374114105.5192 2765478183.2344 1871420250.3878999 1667374580.3023 2173327090.1657 1902242944.8655 2110058478.9606 1766261697.9055 2007524448.2354999 2045272016.9452999 1300449886.6985002 1741971366.5724998 2386043413.4210997 
1936901774.0212998 1965578458.0208998 1491566817.5061998 687277813.3015 520867169.9853 0 956596092.4052 1131866559.0832999 1771252388.2392998 1772280823.8852 1832575074.9989 2315229908.5225 1733009290.2848997 1586859716.3709998 1303550717.7152998 1300310247.2635999 1076722268.3994 1083661645.174 1679511597.7851 2344684761.2434 2545741950.8364005 2442379293.5186 1910020517.5382001 2210147973.3073997 2255369454.3308997 1850814291.6188002 1932676760.9287 1947241809.2642999 1749144631.8411 1653145020.5059 1115857015.3402 1437861813.2191 2430930374.4551 2843912545.4168 2593661948.3633 2827823287.2068 2352934838.4976997 2188241750.2876 2694194260.151 2423110114.8508 2329606321.8047 2287128867.8908 2528391618.2207994 2566139186.930599 1821317056.6838 2262838536.5578003 2906910583.4063997 
1346311797.8787 1374988481.8783 2137907421.5322 1405487599.1826 1477463262.3905 956596092.4052 0 188188231.7733 827574060.9293001 828602496.5752001 1138037014.0161002 1379090226.6837 796869608.4461 650720034.5322 934029033.1879001 937269503.6396 908517820.0620999 915457196.8367 1511307149.4478 1661248966.0654001 1974369923.2857 1709517687.4952002 966342190.2282 1277672202.5688 1319229772.4921 1682609843.2814999 2650886546.8098 2305736095.9286003 1949717150.5753 1514196402.3095999 976908397.1438999 481265720.8139 1930264520.5309 1907772863.578 1649983621.0533 1884144959.8968 1396338746.0925 1757594887.8112 1759602582.0042 2264896746.8629 1385927994.4947 1413611855.1625001 2457440670.3083 2495188239.0181 2103858969.9280999 1380532626.0305 2104164052.5847 
1517040433.5262 1545717117.5258 2176051079.9041 1593675830.9558997 1652733729.0686 1131866559.0832999 188188231.7733 0 639385829.156 640414264.8019 949848782.2428 1434144684.6967 972140075.1242 825990501.2103 947158037.6047 943917567.153 720329588.2888 727268965.0634 1323118917.6745 1614129675.5963 1791546309.4149 1884788154.1733003 1141612656.9063 1452942669.2469 1494500239.1701999 1494421611.5082002 2814045971.1988 2120885424.8368 1761528918.802 1702384634.0828998 1165096628.9171999 669453952.5871999 1742076288.7576 1723778506.6725001 1461795389.28 1695956728.1235 1584526977.8658 1945783119.5844998 1934873048.6822999 2440167213.541 1197739762.7214 1588882321.8406 2281717103.5671997 2319464672.2769995 1915670738.1548 1402731072.5131 2126362499.0672998 
1115966287.6244 1087289603.6248 1907561911.2779 1731851436.8949 1579233215.9795 1771252388.2393 827574060.9293001 639385829.156 0 1279800093.9579 1589234611.3988001 2073530513.8527002 1611525904.2802 1465376330.3663 1586543866.7607 1583303396.309 1359715417.4448 1366654794.2194 1962504746.8305 2236958332.3689 2123475788.1866002 2524173983.3293 1780998486.0623 2092328498.4029 2133886068.3262 2133807440.6641998 2977250384.5221 2509664144.9221997 2321473653.5383 2341770463.2389 1804482458.0732 1308839781.7432 2381462117.9136 1909625014.906 2035025650.6595998 2156451027.3982997 2223912807.0218 2585168948.7405 2574258877.8383 2202748884.9992 1837125591.8774 1807309626.1473 2921102932.7232 2958850501.4329996 2555056567.3107996 1574488027.4365 2218560074.2851 
1830013863.232 1858690547.2316 2257402732.906 2234090095.7578 2293147993.8705 1772280823.8852 828602496.5752001 640414264.8019 1279800093.9579 0 309434517.4409 793730419.8948 1181446617.5511 1285499702.7491 1568808701.4048 1572049171.8565 1360743853.0907001 1367683229.8653002 1963533182.4764001 1946090024.2175 2139893709.5628 2525202418.9752 1782026921.7082002 2093356934.0488002 1703806781.5971 2134835876.3101 2245563979.7599 2301180122.5670996 2401943183.6039 2342798898.8848 1805510893.7191 1309868217.3891 2382490553.5595 1322413056.7891 1447813692.5426998 1569239069.2814 1757793632.1433 2119049773.862 1710017822.6325 2215311987.4912 1838154027.5233002 1641576753.4284 1872080863.5194 1909828432.2292 2556085002.9567003 1371492123.4199 2095123549.9741 
1520579345.7911 1549256029.7907 2127704286.3720999 2519852888.3004 2353442244.9842 1832575074.9989 1138037014.0161 949848782.2428 1589234611.3988 309434517.4409 0 1103164937.3357 1490881134.9919999 1594934220.19 1878243218.8457 1881483689.2974 1670178370.5316 1677117747.3062 2272967699.9173 1650770517.6439 1963891474.8641999 2287723373.9987 2091461439.1491 2402791451.4897003 2013241299.0379999 2444270393.751 2554998497.2008 2610614640.008 2711377701.0448 2652233416.3257 2114945411.1599998 1619302734.83 2691925071.0004 1631847574.23 1757248209.9836001 1731131595.1388001 2067228149.5842 2428484291.3029 2019452340.0734 2524746504.9321 2147588544.9642 1332142235.9875 2181515380.9603 2219262949.6700997 2865519520.3976 1062057605.979 1785689032.5332 
1217135579.3383 1188458895.3387 1700273222.3084002 2320659378.2728996 2154248734.9567 2315229908.5225 1379090226.6836998 1434144684.6967 2073530513.8527002 793730419.8948 1103164937.3357 0 624317106.9535 728370192.1515 1011679190.8072 1014919661.2588999 1238507640.1230998 1245447016.8976998 1841296969.5087998 1956643381.9888 2150447067.3341002 2395775036.1632004 1652599538.8962002 1833626747.1168 1146677270.9995 1761458680.8037 1451833559.8651 1507449702.6722999 1716784455.4137 2115294512.9471 2355998623.8276 1860355947.4975998 2145539788.4503999 754867217.9243 890684181.9451 1012109558.6838 1200664121.5457 1561920263.2644 2034361931.3161 2303918176.7131004 2220566465.8099003 1908478917.8612 1078350443.6246 1116098012.3344 2296874893.2251997 1675657319.1504002 2319729365.999 
1841452686.2918 1812776002.2922 1849263460.1701002 1738438760.0353 1572028116.7191 1733009290.2849 796869608.4461 972140075.1242 1611525904.2802 1181446617.5511 1490881134.992 624317106.9535 0 146149573.9139 429458572.5696 432699043.02129996 656287021.8855 663226398.6601 1259076351.2712 1502978537.5807 1789650244.4996998 1771457929.2097 1028282431.9427 1339612444.2833 522360164.046 1137141573.8502002 2076150666.8186 1840579027.5681 1642481850.1448998 1610432137.1719 1773778005.59 1278135329.26 1563319170.2128 1152999743.8478 1278400379.6014 1399825756.3401 1588380319.2020001 1949636460.9207 2432494457.2396 2380397231.5168 2169879837.8456 2197563698.5134 1702667550.5781 1740415119.2879 1714654274.9875998 2177402234.4765997 2901033661.0308 
1945505771.4898 1916829087.4902 1703113886.2562 1592289186.1214 1425878542.8052 1586859716.371 650720034.5322 825990501.2103 1465376330.3663 1285499702.7491 1594934220.19 728370192.1515 146149573.9139 0 283308998.6557 286549469.1074 510137447.9716 517076824.7462 1112926777.3573 1356828963.6668 1643500670.5858 1917607503.1236 1174432005.8566 1485762018.1972 668509737.9599 1283291147.7641 2150196932.2498 1694429453.6542 1496332276.231 1756581711.0858002 1627628431.6760998 1131985755.3460999 1417169596.2989 1257052829.0458 1382453464.7993999 1503878841.5381 1692433404.4 2053689546.1187 2344733269.5495 2526546805.4307003 2023730263.9317 2051414124.5995 1806720635.7761 1844468204.4859 1568504701.0737 2031252660.5626998 2754884087.1169 
1751495843.1447 1753625557.3606 1419804887.6005 1751095721.7725 1709187541.4608998 1303550717.7153 934029033.1879001 947158037.6047 1586543866.7607 1568808701.4048 1878243218.8457 1011679190.8072001 429458572.5696 283308998.6557 0 3240470.4517 226828449.3159 233767826.0905 829617778.7016 1494790942.1599002 1695848131.7529 1999356632.8055997 1457741004.5123 1618785616.0278 951818736.6156 1000920472.5353 1866887933.5941 1627384285.8639002 1268027779.8291001 1838330840.7677999 1805734478.7254 1415294754.0018 1133860597.6432 1540361827.7015 1665762463.4551 1787187840.1938 1975742403.0556998 1897818755.1581 2061424270.8938 2566718435.7525 1980161997.1404 1869126730.9155002 1845566994.4366999 1883314563.1464999 1422169599.1819 1996919061.0133 2534964212.0467 
1748255372.693 1750385086.9089 1423045358.0522 1747855251.3207998 1712428011.9126 1300310247.2635999 937269503.6396 943917567.153 1583303396.309 1572049171.8565001 1881483689.2974002 1014919661.2589 432699043.02129996 286549469.1074 3240470.4517 0 223587978.8642 230527355.6388 826377308.2499 1491550471.7082 1692607661.3012 1996116162.3539 1460981474.964 1615545145.5760999 955059207.0673 997680002.0836 1870128404.0458 1624143815.4122 1264787309.3774 1835090370.3161001 1808756882.8657 1418535224.4535 1130620127.1915 1543602298.1532001 1669002933.9068003 1790428310.6455002 1978982873.5074 1901059225.6097999 2058183800.4421 2563477965.3008 1976921526.6887 1865886260.4638 1842326523.9850001 1880074092.6948001 1418929128.7301998 1993678590.5616 2531723741.595 
1971843351.5572 1973973065.7731001 1646633336.9164002 1595634760.0572 1508605594.3794 1076722268.3994 908517820.0621 720329588.2888 1359715417.4448 1360743853.0907001 1670178370.5316002 1238507640.1231003 656287021.8855001 510137447.97160006 226828449.3159 223587978.8642 0 6939376.7746 602789329.3857 1267962492.844 1469019682.437 1904915349.1988 1684569453.8281999 1391957166.7119 1178647185.9315 774092023.2194 2093716382.91 1400555836.5479999 1041199330.5132 1709071951.2859 1885426217.2059999 1389783540.876 1354208106.0556998 1767190277.0174003 1892590912.7710004 2014016289.5097003 2202570852.3716 2087209995.4781 1933971791.64 2439265956.4987 1753333547.8245 1642298281.5996 2065914502.8492 2103662071.559 1195341149.866 1912382911.6081 2308135762.7308 
1978782728.3318 1980912442.5477002 1653572713.691 1602574136.8318 1515544971.154 1083661645.174 915457196.8367001 727268965.0634 1366654794.2194 1367683229.8653002 1677117747.3062003 1245447016.8977 663226398.6601 517076824.7462 233767826.0905 230527355.6388 6939376.7746 0 609728706.1603 1268276620.3171 1462080305.6624 1905229476.6719 1691508830.6028 1398896543.4865 1185586562.7061 781031399.9940001 2100655759.6845999 1393616459.7733998 1034259953.7386 1702132574.5113 1892365593.9805999 1396722917.6506 1361147482.8302999 1774129653.7919998 1899530289.5456 2020955666.2842999 2209510229.1461997 2094149372.2527 1927032414.8654 2432326579.7241 1746394171.0499 1635358904.825 2072853879.6238 2110601448.3336 1202280526.6406 1905443534.8335 2301196385.9562 
1419500241.1374002 1448176925.137 1597019854.4478 1744645125.9328 1911055769.249 1679511597.7851 1511307149.4478 1323118917.6745 1962504746.8305001 1963533182.4764 2272967699.9172997 1841296969.5088 1259076351.2712 1112926777.3573 829617778.7016 826377308.2499 602789329.3857 609728706.1603 0 1045416968.6369 1358537925.8572 1682369824.9917 1653190540.1003 1760674716.7547002 1781436515.3172 1376881352.6051002 1544242574.3208 2003345165.9337 1643988659.8989 1831880244.9281 2173224327.9715 1992572870.2617 1956997435.4414 2369979606.4031 2495380242.1567 2616805618.8954 2301616814.2132998 2662872955.9319997 2536761121.0257 2563636206.5114 2356122877.2102003 1973055877.9587002 2668703832.2349 2706451400.9447 1798130479.2517 1740234279.2479 2384306326.0965004 
1178345412.7436998 1149668728.7440999 1618177783.9348 1816429398.5538 1982840041.8700001 2344684761.2434 1661248966.0654001 1614129675.5963 2236958332.3689 1946090024.2175 1650770517.6439 1956643381.9888 1502978537.5807 1356828963.6668 1494790942.1599 1491550471.7082 1267962492.844 1268276620.3171 1045416968.6369 0 313120957.22029996 636952856.3548 1249629850.8341 1560959863.1747 1755552118.7308002 1896583209.229 2000693583.3312001 2023788153.9477 2082998463.9503 1558818058.4496002 1854142306.9902 2142514686.8793 1987527016.7598 1903431765.9306002 1876542083.4991999 2150257778.4229 1256199845.5764 1617455987.2951 2123408497.1585 2165859516.908 2692967074.2145 1152064477.1081 2443658641.1355996 2481406209.8453994 2360977274.8509 1422149107.1166 2058188204.7485 
1064862868.5614 1036186184.5618 1811981469.2800999 2010233083.8991 2176643727.2153 2545741950.8364 1974369923.2857 1791546309.4149 2123475788.1866 2139893709.5628 1963891474.8641999 2150447067.3341 1789650244.4996998 1643500670.5858 1695848131.7529 1692607661.3012 1469019682.437 1462080305.6624 1358537925.8572 313120957.22029996 0 950073813.5751 1562750808.0544002 1874080820.3950002 2068673075.9511003 2090386894.5743 2194497268.6765003 2129234012.7648 1769877506.73 1871939015.6699 2047945992.3355 2455635644.0996 2300647973.9800997 1900673107.0324998 1563421126.2789 2147499119.5248 1569320802.7967 1930576944.5154 2436529454.3788 1970852862.3514 2794202575.4714 1465185434.3284001 2130537683.9153001 2168285252.6251 2047856317.6306 1523384608.3734999 2167456655.2221003 
1650318471.5274 1678995155.527 1956240222.1918 1755101480.2171001 1921512123.5333002 2442379293.5186 1709517687.4952 1884788154.1732998 2524173983.3293 2525202418.9751997 2287723373.9987 2395775036.1632004 1771457929.2097 1917607503.1236 1999356632.8056 1996116162.3539 1904915349.1988 1905229476.6719 1682369824.9917 636952856.3548 950073813.5751 0 743175497.2670001 1054505509.6076001 1249097765.1637 1863879174.9679003 2637646439.686 1777928314.2514 1589737822.8674998 921865202.0948 1459153207.2605 1954795883.5904999 2389782129.5651 2540384622.2854 2513494939.854 2787210634.7777 1893152701.9312 2254408843.6499 2197124461.2984 1691830296.4397001 2974044316.1703997 1789017333.4629002 1958809271.4173 1921061702.7075 2960641442.9918 2000924819.4579 2367225876.5881 
1310602974.6618001 1313453075.1673 1616524725.3262 1413946397.7118 1580357041.028 1910020517.5382 966342190.2282 1141612656.9062998 1780998486.0622997 1782026921.7082 2091461439.1491 1652599538.8962002 1028282431.9427 1174432005.8566 1457741004.5123 1460981474.964 1684569453.8281999 1691508830.6028 1653190540.1003 1249629850.8341 1562750808.0544 743175497.2670001 0 311330012.3406 505922267.8967 1120703677.7009 2261851934.9151 1374379113.6307998 1186188622.2469 582149705.2292 985367195.6731 1447607911.0421 1646606632.2981 2181282175.7905 2306682811.5441003 2428108188.2828 2362680936.3206997 2312519908.7674 1857408964.4328 1352114799.5741 2339352419.6277 1931293952.6008 1619093774.5516999 1581346205.8418999 2557092242.3712 1661209322.5923 1963676675.9675 
1621932987.0024002 1624783087.5079 1927854737.6668 1522870160.0059 1689280803.3221 2210147973.3073997 1277672202.5688 1452942669.2468998 2092328498.4028997 2093356934.0488 2402791451.4897 1833626747.1168 1339612444.2833 1485762018.1971998 1618785616.0277998 1615545145.5760999 1391957166.7119 1398896543.4865 1760674716.7547002 1560959863.1747 1874080820.395 1054505509.6076001 311330012.3406 0 817252280.2373 1432033690.0415 2573181947.2557 1685709125.9713998 1497518634.5875 850806060.8151 1296697208.0137 1758937923.3827 1957936644.6387 2492612188.1310997 2618012823.8847 2739438200.6233997 2674010948.6612997 2581176264.3533 2126065320.0187 1620771155.1599998 2650682431.9683 2038778129.2552 1887750130.1376 1850002561.4278 2587298316.5779 1768693499.2467 2275006688.3080997 
1816525242.5585003 1819375343.0640001 2122446993.2229 1895303491.8953 2061714135.2115 2255369454.3309 1319229772.4921 1494500239.1701999 2133886068.3262 1703806781.5970998 2013241299.0379999 1146677270.9995 522360164.046 668509737.9599 951818736.6156001 955059207.0673001 1178647185.9315 1185586562.7061 1781436515.3172 1755552118.7308002 2068673075.9511 1249097765.1637 505922267.8967 817252280.2373 0 614781409.8042 2270891481.7434 1682848922.4308 1692110890.1436 1088071973.1259 1491289463.5698 1730316575.7571 2085679334.2588 1675359907.8937998 1800760543.6474 1922185920.3860998 2110740483.2479997 2471996624.9666996 2363331232.3294997 1858037067.4708 2692240001.8915997 2437216220.4975 2125016042.4484 2087268473.7386 2237014439.0336 2167131590.489 2469598943.8642 
2384404054.2275996 2413080738.2271996 2084811086.2958 1280522082.0911 1446932725.4073 1850814291.6188002 1682609843.2815 1494421611.5082002 2133807440.6642003 2134835876.3101 2444270393.751 1761458680.8037002 1137141573.8502002 1283291147.7641 1000920472.5353 997680002.0836 774092023.2194 781031399.9940001 1376881352.6051002 1896583209.229 2090386894.5743 1863879174.9679003 1120703677.7009 1432033690.0415 614781409.8042 0 1656110071.9392 2174647859.7674003 1815291353.7326002 1702853382.9301002 1709101284.1297998 2128127352.4241 2128300129.2751 2290141317.698 2415541953.4516 2536967330.1903 2725521893.0522 2755343672.4322 2249391162.5688 1821276005.5159998 2527425571.0439 2195966944.424 2739797452.2525997 2702049883.5428 1969433173.0854 1925882314.4155 2649513740.9697 
2281170678.5821 2309847362.5817 2049687951.8319 1245398947.6272 1411809590.9434 1932676760.9287 2650886546.8097997 2814045971.1988 2977250384.5221 2245563979.7599 2554998497.2008 1451833559.8651 2076150666.8186 2150196932.2498 1866887933.5941 1870128404.0458 2093716382.9099998 2100655759.6845999 1544242574.3208 2000693583.3312001 2194497268.6765003 2637646439.686 2261851934.9151 2573181947.2557 2270891481.7434 1656110071.9392 0 903669553.6133 1254094830.1536999 1743535933.4408998 1673978149.6658998 2169620825.9958997 2829091367.4616995 2206700777.7894 2342517741.8102 2463943118.5489 2652497681.4108 2476358455.8581 1970405945.9947 1925386379.6181998 2747325800.8667 2300077318.5262 2530184003.4897 2567931572.1994996 2472670351.1608 2029992688.5177 2342599744.8858 
1393697857.2978 1422374541.2974 2185293480.9513 1592785282.5952 1426374639.279 1947241809.2643 2305736095.9286003 2120885424.8368 2509664144.9222 2301180122.5671 2610614640.008 1507449702.6722999 1840579027.5681 1694429453.6542 1627384285.8639 1624143815.4122 1400555836.548 1393616459.7734 2003345165.9337 2023788153.9477 2129234012.7648 1777928314.2514 1374379113.6308 1685709125.9714 1682848922.4308 2174647859.7674003 903669553.6133 0 359356506.03480005 856063112.1566 1393351117.3223 1824470375.1147 1934353043.3428 2262316920.5965996 2341824782.9899 2519559261.3561 1933945043.9634998 1572688902.2447999 1066736392.3814 1572030557.2401 1843656247.2533998 2085041195.8207002 1893007181.4791 1855259612.7693 1569000797.5475001 1852219597.1099 1455126923.6015 
1205507365.9139 1234184049.9134998 1997102989.5674 1394688105.1720002 1228277461.8558002 1749144631.8411002 1949717150.5753 1761528918.802 2321473653.5382996 2401943183.6039 2711377701.0448 1716784455.4137 1642481850.1448998 1496332276.231 1268027779.8291 1264787309.3774 1041199330.5132 1034259953.7386 1643988659.8989 2082998463.9503 1769877506.73 1589737822.8675003 1186188622.2469 1497518634.5875 1692110890.1436 1815291353.7326002 1254094830.1536999 359356506.03480005 0 667872620.7727001 1205160625.9384 1700803302.2684 1574996537.3079998 2243243613.4604 2580495594.214 2578936826.0202 1812904703.2443 1932045408.2796001 1426092898.4162002 1437837715.1176 2203012753.2882004 1896850704.4368 1704816690.0952 1667069121.3854 1370903620.1243 1664029105.7259998 1266936432.2175999 
1383931608.1896 1412608292.1892 1770156211.4091 965867207.2044 1132277850.5205998 1653145020.5059 1514196402.3095999 1702384634.0828998 2341770463.2388997 2342798898.8848 2652233416.3257 2115294512.9471 1610432137.1719 1756581711.0858 1838330840.7677999 1835090370.3161 1709071951.2859 1702132574.5113 1831880244.9281 1558818058.4496 1871939015.6699 921865202.0948 582149705.2292 850806060.8151 1088071973.1259 1702853382.9301 1743535933.4408998 856063112.1566001 667872620.7727001 0 537288005.1657 1032930681.4956999 2228756337.5273 2488849363.9978 2316412265.33 2757361068.2959 2091626345.2568998 1730370203.5382 1275259259.2036 769965094.3449 2052179114.0756 2075274946.7125 1036944069.3225 999196500.6127 2038776240.897 1839899027.4201002 1445360674.4933 
1678203162.7585 1706879846.7581 1232868206.2433999 428579202.0387 594989845.3549 1115857015.3402 976908397.1438999 1165096628.9171999 1804482458.0731997 1805510893.7191 2114945411.16 2355998623.8276 1773778005.5899997 1627628431.6760998 1805734478.7254 1808756882.8657 1885426217.2059999 1892365593.9805999 2173224327.9715004 1854142306.9902 2047945992.3355 1459153207.2605 985367195.6731 1296697208.0137 1491289463.5698 1709101284.1297998 1673978149.6658998 1393351117.3223 1205160625.9383998 537288005.1657 0 495642676.33 2127999426.7554 2041107377.5568 1779124260.1643 2363202253.4102 2373247143.2363997 2182982948.0188 1812547264.3693001 1307253099.5106 1515068633.6057 1990144573.4059 1574232074.4882 1536484505.7784 1895439732.0534 1720059943.3974 1982648679.659 
1827577518.6926 1856254202.6922 1728510882.5734 924221878.3687 1090632521.6849 1437861813.2191 481265720.8139 669453952.5871999 1308839781.7431998 1309868217.3891 1619302734.8300002 1860355947.4976 1278135329.2599998 1131985755.3460999 1415294754.0017998 1418535224.4534998 1389783540.876 1396722917.6506 1992572870.2617 2142514686.8793 2455635644.0996003 1954795883.5904999 1447607911.0421 1758937923.3827 1730316575.7571 2128127352.4241 2169620825.9959 1824470375.1147 1700803302.2683997 1032930681.4956999 495642676.33 0 1632356750.4254 2389038584.3919 2131249341.8672 2365410680.7107 1877604466.9064 2238860608.6251 2240868302.8181 1802895775.8406 1867193715.3086 1856801446.6429 2069874750.8181999 2032127182.1083999 2391082408.3834 1861798346.8444 2478291355.989 
1434468585.7479 1405791901.7483 2226064209.4014 2556578628.7941 2722989272.1102996 2430930374.4551 1930264520.5309 1742076288.7576 2381462117.9136 2382490553.5595 2691925071.0004 2145539788.4503999 1563319170.2127998 1417169596.2989 1133860597.6432 1130620127.1915 1354208106.0556998 1361147482.8302999 1956997435.4413998 1987527016.7598 2300647973.9801 2389782129.5651 1646606632.2981 1957936644.6387 2085679334.2587998 2128300129.2750998 2829091367.4616995 1934353043.3427997 1574996537.3079998 2228756337.5273 2127999426.7554 1632356750.4254 0 1977677983.6654 2314929964.419 2436355341.1577 2440465747.1506 2215345905.4063 2721298415.2697 2521251183.1226997 2477467466.1826 2125811924.2708 2972946651.1765 3010694219.8862996 2549549255.9216995 1892990325.56 2537062372.4086 
1104917755.8082 1076241071.8086 1888886715.3892999 2354541716.528 2518652170.7421002 2843912545.4167995 1907772863.5779998 1723778506.6725001 1909625014.906 1322413056.7891 1631847574.23 754867217.9243 1152999743.8478 1257052829.0458 1540361827.7015 1543602298.1532 1767190277.0173998 1774129653.7919998 2369979606.4031 1903431765.9306002 1900673107.0324998 2540384622.2854004 2181282175.7905 2492612188.1311 1675359907.8938 2290141317.698 2206700777.7894 2262316920.5965996 2243243613.4604 2488849363.9978 2041107377.5568 2389038584.3919 1977677983.6654 0 337251980.7536 458677357.4923 647231920.3542 1008488062.0729 1279494713.3918 1784788878.2505 1591865401.2573 1729846435.6974 1833217661.5489 1870965230.2587 2661278329.0106 1563439495.6202998 2207511542.4688997 
1442169736.5618 1413493052.5622 2226138696.1429 2207703462.203 2374114105.5192 2593661948.3633 1649983621.0533 1461795389.28 2035025650.6595998 1447813692.5426998 1757248209.9836 890684181.9451 1278400379.6014 1382453464.7993999 1665762463.4550998 1669002933.9067998 1892590912.771 1899530289.5456 2495380242.1567 1876542083.4991999 1563421126.2789 2513494939.854 2306682811.5441 2618012823.8847 1800760543.6474 2415541953.4516 2342517741.8101997 2341824782.9899 2580495594.2139997 2316412265.33 1779124260.1643 2131249341.8672 2314929964.419 337251980.7536 0 584077993.2458999 772632556.1078 1133888697.8265 1616746694.1454 2094293807.0198 1329882283.8648 1776616938.0391998 1703790587.2079 1666043018.4981 2786678964.7642 1506532308.0307 2230163734.5849 
1373429460.1062999 1344752776.1067 2165025083.7598 2623053420.8261 2765478183.2344 2827823287.2068 1884144959.8968 1695956728.1235 2156451027.3982997 1569239069.2813997 1731131595.1388001 1012109558.6837999 1399825756.3400998 1503878841.5380998 1787187840.1937997 1790428310.6454997 2014016289.5096998 2020955666.2842999 2616805618.8954 2150257778.4229 2147499119.5248 2787210634.7777004 2428108188.2827997 2739438200.6233997 1922185920.3860998 2536967330.1903 2463943118.5488997 2519559261.3560996 2578936826.0202 2757361068.2959 2363202253.4102 2365410680.7107 2436355341.1577 458677357.4923 584077993.2458999 0 894057932.8464999 1255314074.5651999 1738172070.8841 2215719183.7585 1913960277.1107001 2064772798.6292 2090460002.3083997 2128207571.0181997 2908104341.5028996 1831951199.9183998 2476023246.767 
1752149676.1624 1723472992.1628 1458547805.1732001 2037830893.7041 1871420250.3878999 2352934838.4976997 1396338746.0925 1584526977.8658 2223912807.0218 1757793632.1433 2067228149.5842001 1200664121.5457 1588380319.202 1692433404.4 1975742403.0557 1978982873.5074 2202570852.3716 2209510229.1462 2301616814.2132998 1256199845.5764 1569320802.7967 1893152701.9312 2362680936.3206997 2674010948.6612997 2110740483.248 2725521893.0522 2652497681.4108 1933945043.9635 1812904703.2443 2091626345.2568998 2373247143.2364 1877604466.9064 2440465747.1506 647231920.3542 772632556.1078 894057932.8464999 0 361256141.7187 867208651.5821 1321661250.912 1644128506.4541001 1845917377.3101 2279014565.1703 2316762133.8801 2014046408.6564 2116002007.3186002 2839633433.8728004 
1979069642.7055001 2007746326.7051 1187474019.052 1754403745.9801002 1667374580.3023 2188241750.2876 1757594887.8112 1945783119.5844998 2585168948.7405 2119049773.862 2428484291.3029 1561920263.2644 1949636460.9206998 2053689546.1187 1897818755.1581 1901059225.6097999 2087209995.4781 2094149372.2527 2662872955.932 1617455987.2951 1930576944.5154 2254408843.6499 2312519908.7674 2581176264.3533 2471996624.9666996 2755343672.4322 2476358455.8581 1572688902.2448 1932045408.2796001 1730370203.5382 2182982948.0188003 2238860608.6251 2215345905.4063 1008488062.0729 1133888697.8265 1255314074.5652 361256141.7187 0 505952509.8634 960405109.1933 1282872364.7354 1983036069.4366002 2096277307.7916 2058529739.0818 2375302550.3751 2253120699.4451003 2949078452.0906 
1649430130.2326999 1620753446.2331 1623475253.5080001 2241126466.408 2173327090.1657 2694194260.151 1759602582.0042 1934873048.6822999 2574258877.8382998 1710017822.6325 2019452340.0734 2034361931.3161 2432494457.2396 2344733269.5495 2061424270.8938 2058183800.4421 1933971791.64 1927032414.8654 2536761121.0257 2123408497.1585 2436529454.3788 2197124461.2984 1857408964.4328 2126065320.0187 2363331232.3295 2249391162.5688 1970405945.9947 1066736392.3814 1426092898.4162002 1275259259.2036 1812547264.3693 2240868302.8181 2721298415.2697 1279494713.3918 1616746694.1454 1738172070.8841 867208651.5820999 505952509.8634 0 505294164.8587 776919854.872 2317822451.9784 2312203328.5260997 2274455759.8163 2635737189.9289 2047737821.9699001 2521863315.9829 
1144135965.374 1115459281.3744001 1935731589.0275002 1735832301.5493002 1902242944.8655002 2423110114.8508 2264896746.8629 2440167213.541 2202748884.9992 2215311987.4912 2524746504.9321 2303918176.7131004 2380397231.5168 2526546805.4307 2566718435.7525 2563477965.3008 2439265956.4987 2432326579.7241 2563636206.5114 2165859516.908 1970852862.3514 1691830296.4397001 1352114799.5741 1620771155.1599998 1858037067.4708 1821276005.5159998 1925386379.6181998 1572030557.2401 1437837715.1176 769965094.3449 1307253099.5106 1802895775.8406 2521251183.1227 1784788878.2505 2094293807.0198002 2215719183.7585 1321661250.912 960405109.1933 505294164.8587 0 1282214019.7307 1835479303.8969002 1806909163.6674001 1769161594.9576 2808741335.2419 1602657705.1861 2215325768.8382 
1729339706.91 1758016390.9096 2336464647.491 1943647835.6444001 2110058478.9606001 2329606321.8047 1385927994.4947 1197739762.7214 1837125591.8774 1838154027.5233002 2147588544.9642 2220566465.8099003 2169879837.8455997 2023730263.9316998 1980161997.1404002 1976921526.6887002 1753333547.8245 1746394171.0499 2356122877.2102003 2692967074.2145 2794202575.4714003 2974044316.1704 2339352419.6277 2650682431.9683 2692240001.8915997 2527425571.0439 2747325800.8666997 1843656247.2533998 2203012753.2882 2052179114.0756001 1515068633.6057 1867193715.3086 2477467466.1826 1591865401.2573 1329882283.8648 1913960277.1107001 1644128506.4541 1282872364.7354 776919854.872 1282214019.7307 0 1540902597.1064 2149803998.152 2187551566.8617997 2948674697.6905003 1270817967.0979 1994449393.6521 
691343338.5229001 720020022.5225002 795562050.3846 1599851054.5893002 1766261697.9055002 2287128867.8908 1413611855.1625001 1588882321.8406 1807309626.1473002 1641576753.4284 1332142235.9875 1908478917.8612003 2197563698.5134 2051414124.5995002 1869126730.9155 1865886260.4638 1642298281.5996 1635358904.825 1973055877.9587002 1152064477.1081 1465185434.3284 1789017333.4629 1931293952.6008 2038778129.2552 2437216220.4975 2195966944.424 2300077318.5262 2085041195.8207002 1896850704.4368 2075274946.7125 1990144573.4059 1856801446.6429 2125811924.2708 1729846435.6974 1776616938.0391998 2064772798.6292 1845917377.3101 1983036069.4366002 2317822451.9784 1835479303.8969002 1540902597.1064 0 2143426695.4307 2105679126.7209 2211951046.7248 270084630.0085 993716056.5627 
1828420424.3681 1857097108.3676999 1383085467.853 1841113804.9192998 2007524448.2354999 2528391618.2208 2457440670.3083 2281717103.5671997 2921102932.7232 1872080863.5194001 2181515380.9603 1078350443.6246 1702667550.5781 1806720635.7761002 1845566994.4366999 1842326523.985 2065914502.8491998 2072853879.6237998 2668703832.2348995 2443658641.1356 2130537683.9153 1958809271.4173002 1619093774.5517 1887750130.1376 2125016042.4484 2739797452.2526 2530184003.4897 1893007181.4790998 1704816690.0952 1036944069.3225 1574232074.4882 2069874750.8181999 2972946651.1765 1833217661.5489 1703790587.2079 2090460002.3084002 2279014565.1703 2096277307.7916 2312203328.5260997 1806909163.6674 2149803998.152 2143426695.4307 0 37747568.7098 1737514736.3896 2140328286.2156 2482304743.8157997 
1866167993.0779 1894844677.0774999 1420833036.5628 1878861373.6290998 2045272016.9452999 2566139186.9305997 2495188239.0181 2319464672.2770004 2958850501.4330006 1909828432.2292 2219262949.6700997 1116098012.3344 1740415119.2879 1844468204.4859 1883314563.1465 1880074092.6948001 2103662071.559 2110601448.3336 2706451400.9447002 2481406209.8454003 2168285252.6251 1921061702.7075 1581346205.8419 1850002561.4278 2087268473.7386003 2702049883.5428004 2567931572.1995 1855259612.7693 1667069121.3853998 999196500.6127 1536484505.7784 2032127182.1083999 3010694219.8863 1870965230.2587 1666043018.4981 2128207571.0182 2316762133.8801 2058529739.0818 2274455759.8163 1769161594.9576 2187551566.8618 2105679126.7209 37747568.7098 0 1699767167.6798 2102580717.5058 2444557175.106 
2285850360.6967 2314527044.6963 2271149534.2194 1466860530.0147002 1300449886.6985002 1821317056.6838002 2103858969.9280999 1915670738.1548 2555056567.3108 2556085002.9567 2865519520.3975997 2296874893.2252 1714654274.9875998 1568504701.0737 1422169599.1818998 1418929128.7301998 1195341149.866 1202280526.6406 1798130479.2517 2360977274.8509 2047856317.6306 2960641442.9918 2557092242.3711996 2587298316.5779 2237014439.0336 1969433173.0854 2472670351.1608 1569000797.5475001 1370903620.1243 2038776240.8969998 1895439732.0534 2391082408.3834 2549549255.9216995 2661278329.0106 2786678964.7642 2908104341.5029 2014046408.6564 2375302550.3751 2635737189.9289002 2808741335.2419 2948674697.6905 2211951046.7248 1737514736.3896 1699767167.6798 0 1979129448.014 2637840052.3419 
458521739.8121 487198423.8117 1065646680.3931 1575560723.2563 1741971366.5725 2262838536.5578 1380532626.0305 1402731072.5131 1574488027.4365 1371492123.4199 1062057605.979 1675657319.1504002 2177402234.4765997 2031252660.5626998 1996919061.0133 1993678590.5616 1912382911.6081 1905443534.8335 1740234279.2479 1422149107.1166 1523384608.3734999 2000924819.4579 1661209322.5923002 1768693499.2467 2167131590.4890003 1925882314.4155 2029992688.5177 1852219597.1099 1664029105.7259998 1839899027.4201002 1720059943.3974 1861798346.8444 1892990325.56 1563439495.6202998 1506532308.0307 1831951199.9183998 2116002007.3186002 2253120699.4451 2047737821.9699 1602657705.1861 1270817967.0979 270084630.0085 2140328286.2156 2102580717.5058 1979129448.014 0 723631426.5542 
1102593786.6607 1131270470.6603 1761604433.0386 2219632770.1049 2386043413.4210997 2906910583.4063997 2104164052.5847 2126362499.0673 2218560074.2851 2095123549.9741 1785689032.5332 2319729365.999 2901033661.0308 2754884087.1169 2534964212.0467 2531723741.595 2308135762.7307997 2301196385.9561996 2384306326.0965004 2058188204.7485 2167456655.2221003 2367225876.5881 1963676675.9675 2275006688.3080997 2469598943.8642 2649513740.9697 2342599744.8858 1455126923.6015 1266936432.2175999 1445360674.4933 1982648679.659 2478291355.989 2537062372.4086 2207511542.4688997 2230163734.5849 2476023246.767 2839633433.8728 2949078452.0906 2521863315.9829 2215325768.8382 1994449393.6521 993716056.5627 2482304743.8157997 2444557175.106 2637840052.3419 723631426.5542 0 
