36
loc23 loc84 loc42 loc81 loc25 loc99 loc7 loc48 loc33 loc49 loc45 loc62 loc90 loc93 loc26 loc72 loc91 loc39 loc24 loc16 loc6 loc61 loc35 loc52 loc86 loc69 loc21 loc51 loc34 loc29 loc75 loc13 loc8 loc88 loc82 loc0
0 0.113 0.357 0.609 0.471 0.193 0.317 0.651 0.756 0.608 0.627 0.488 0.53 0.517 0.5640000000000001 0.583 0.46799999999999997 0.607 0.648 0.829 0.62 0.811 0.365 0.868 0.452 0.751 0.522 0.54 0.782 1.089 0.766 0.6880000000000001 0.7689999999999999 0.698 0.44 0.022 
0.113 0 0.244 0.548 0.584 0.306 0.336 0.764 0.869 0.6459999999999999 0.623 0.375 0.46799999999999997 0.63 0.677 0.696 0.355 0.6419999999999999 0.704 0.716 0.665 0.924 0.478 0.9810000000000001 0.5650000000000001 0.8640000000000001 0.635 0.653 0.895 1.0270000000000001 0.653 0.732 0.82 0.749 0.5529999999999999 0.135 
0.357 0.244 0 0.304 0.442 0.55 0.5800000000000001 0.895 0.995 0.8889999999999999 0.6779999999999999 0.43 0.523 0.874 0.921 0.917 0.599 0.8859999999999999 0.681 0.771 0.72 0.8320000000000001 0.722 0.893 0.751 1.05 0.833 0.897 0.976 1.082 0.897 0.488 0.819 0.8899999999999999 0.7969999999999999 0.379 
0.609 0.548 0.304 0 0.138 0.41600000000000004 0.532 0.8180000000000001 0.751 0.703 0.594 0.346 0.43899999999999995 0.5980000000000001 0.747 0.833 0.897 0.827 0.571 0.687 0.6359999999999999 0.66 0.856 0.589 0.447 0.746 0.749 0.8340000000000001 1.005 0.8440000000000001 0.886 0.41100000000000003 0.742 0.813 0.6659999999999999 0.631 
0.47100000000000003 0.5840000000000001 0.442 0.138 0 0.278 0.394 0.8280000000000001 0.6819999999999999 0.565 0.594 0.484 0.577 0.45999999999999996 0.609 0.735 0.7589999999999999 0.9470000000000001 0.7090000000000001 0.825 0.7050000000000001 0.798 0.8360000000000001 0.7270000000000001 0.585 0.8839999999999999 0.689 0.6960000000000001 0.867 0.982 1.009 0.549 0.854 0.783 0.609 0.49300000000000005 
0.193 0.306 0.55 0.41600000000000004 0.278 0 0.382 0.8320000000000001 0.723 0.45299999999999996 0.482 0.681 0.675 0.448 0.419 0.596 0.661 0.8 0.577 0.9849999999999999 0.427 0.721 0.558 0.9660000000000001 0.645 0.944 0.452 0.55 0.589 0.945 0.863 0.68 0.576 0.505 0.585 0.215 
0.317 0.336 0.5800000000000001 0.532 0.394 0.382 0 0.45 0.6930000000000001 0.647 0.698 0.7110000000000001 0.804 0.47100000000000003 0.726 0.746 0.6910000000000001 0.9239999999999999 0.881 1.052 0.8089999999999999 0.7470000000000001 0.6819999999999999 1.117 0.7010000000000001 1.0 0.771 0.7999999999999999 0.775 1.072 0.857 0.9430000000000001 0.958 0.887 0.757 0.339 
0.651 0.764 0.895 0.8180000000000001 0.8280000000000001 0.8320000000000001 0.45 0 0.243 0.513 0.726 0.8079999999999999 0.715 0.527 0.782 0.78 0.804 0.8260000000000001 0.431 0.819 1.0979999999999999 1.125 0.958 0.963 0.5469999999999999 0.8459999999999999 0.827 1.009 1.2249999999999999 1.218 1.102 0.9390000000000001 1.018 0.9470000000000001 1.04 0.629 
0.756 0.869 0.9949999999999999 0.751 0.6819999999999999 0.723 0.6930000000000001 0.243 0 0.27 0.483 0.565 0.472 0.77 0.915 1.0230000000000001 0.5609999999999999 0.8479999999999999 0.6739999999999999 0.9059999999999999 0.855 1.149 0.745 0.72 0.304 0.603 0.927 1.1440000000000001 1.104 0.9750000000000001 0.859 1.022 1.026 0.955 0.7969999999999999 0.734 
0.608 0.6459999999999999 0.889 0.7030000000000001 0.5650000000000001 0.45299999999999996 0.647 0.513 0.27 0 0.213 0.45899999999999996 0.5519999999999999 0.59 0.845 0.8380000000000001 0.291 0.578 0.774 0.8 0.7489999999999999 1.043 0.475 0.763 0.5740000000000001 0.873 0.9049999999999999 0.9710000000000001 1.036 1.018 0.589 0.762 0.756 0.685 0.826 0.629 
0.627 0.623 0.6779999999999999 0.594 0.594 0.482 0.698 0.726 0.483 0.213 0 0.248 0.34099999999999997 0.72 0.839 0.762 0.494 0.7809999999999999 0.8029999999999999 0.589 0.538 0.8320000000000001 0.262 0.792 0.65 0.9490000000000001 0.813 0.992 0.833 0.9 0.442 0.785 0.8099999999999999 0.739 0.855 0.612 
0.488 0.375 0.43 0.346 0.484 0.681 0.7110000000000001 0.8079999999999999 0.565 0.45899999999999996 0.248 0 0.093 0.472 0.608 0.747 0.73 0.877 0.7230000000000001 0.341 0.29 0.584 0.51 0.9349999999999999 0.536 0.835 0.8619999999999999 0.97 0.725 0.652 0.69 0.537 0.694 0.623 0.758 0.51 
0.53 0.46799999999999997 0.5229999999999999 0.43899999999999995 0.577 0.675 0.804 0.715 0.472 0.5519999999999999 0.34099999999999997 0.093 0 0.379 0.634 0.654 0.6779999999999999 0.9649999999999999 0.725 0.43400000000000005 0.383 0.677 0.603 1.028 0.629 0.9279999999999999 0.9549999999999998 0.877 0.632 0.559 0.636 0.55 0.717 0.646 0.748 0.55 
0.517 0.63 0.874 0.598 0.45999999999999996 0.448 0.47100000000000003 0.527 0.77 0.59 0.72 0.472 0.379 0 0.255 0.275 0.299 0.586 0.6699999999999999 0.813 0.762 0.7789999999999999 0.845 1.033 0.626 0.581 0.696 0.516 0.907 0.9019999999999999 0.597 0.495 0.662 0.5910000000000001 0.584 0.495 
0.5640000000000001 0.677 0.921 0.747 0.609 0.419 0.726 0.782 0.915 0.845 0.839 0.608 0.634 0.255 0 0.53 0.554 0.841 0.7150000000000001 0.9490000000000001 0.846 1.034 0.892 1.241 0.8250000000000001 0.836 0.624 0.722 1.008 1.157 0.8520000000000001 0.75 0.917 0.8460000000000001 0.832 0.542 
0.583 0.696 0.917 0.833 0.7350000000000001 0.596 0.746 0.78 1.0230000000000001 0.8380000000000001 0.762 0.747 0.654 0.275 0.53 0 0.547 0.8340000000000001 0.9390000000000001 1.088 1.0150000000000001 1.053 0.948 1.21 0.901 0.856 0.596 0.694 0.783 1.139 0.845 0.77 0.783 0.829 0.859 0.605 
0.46799999999999997 0.355 0.599 0.897 0.759 0.661 0.6910000000000001 0.8039999999999999 0.5609999999999999 0.291 0.494 0.73 0.6779999999999999 0.299 0.554 0.547 0 0.287 0.6819999999999999 1.071 0.7270000000000001 1.0210000000000001 0.756 1.044 0.865 0.8799999999999999 0.99 0.72 0.896 0.877 0.298 0.7729999999999999 0.465 0.394 0.883 0.49 
0.607 0.6419999999999999 0.8859999999999999 0.827 0.9470000000000001 0.8 0.9239999999999999 0.8260000000000001 0.848 0.578 0.7809999999999999 0.877 0.965 0.586 0.841 0.8340000000000001 0.287 0 0.395 0.8029999999999999 0.587 0.881 0.732 0.925 0.8200000000000001 1.119 1.028 0.959 1.093 0.933 0.495 0.8879999999999999 0.5569999999999999 0.6279999999999999 1.0390000000000001 0.629 
0.648 0.704 0.681 0.571 0.709 0.577 0.881 0.431 0.6739999999999999 0.7739999999999999 0.8029999999999999 0.723 0.725 0.67 0.7150000000000001 0.9390000000000001 0.6819999999999999 0.395 0 0.408 0.9820000000000001 0.835 1.013 0.861 0.719 0.876 0.633 1.127 0.893 1.116 0.7190000000000001 0.575 0.728 0.657 0.938 0.67 
0.829 0.716 0.7709999999999999 0.6869999999999999 0.825 0.9849999999999999 1.052 0.819 0.906 0.7999999999999999 0.589 0.341 0.43400000000000005 0.8130000000000001 0.9490000000000001 1.088 1.071 0.8029999999999999 0.408 0 0.631 0.925 0.851 1.269 0.877 1.176 1.041 0.92 1.066 0.9930000000000001 1.031 0.831 1.035 0.964 1.099 0.851 
0.62 0.665 0.72 0.636 0.7050000000000001 0.427 0.809 1.0979999999999999 0.855 0.749 0.538 0.29 0.383 0.762 0.846 1.0150000000000001 0.7270000000000001 0.587 0.982 0.631 0 0.294 0.298 0.833 0.8260000000000001 1.125 0.879 0.9770000000000001 0.869 0.9420000000000001 0.98 0.612 0.404 0.333 0.996 0.642 
0.811 0.924 0.8320000000000001 0.66 0.798 0.721 0.7470000000000001 1.125 1.149 1.043 0.832 0.584 0.6769999999999999 0.779 1.034 1.053 1.0210000000000001 0.881 0.835 0.925 0.294 0 0.592 1.127 1.107 1.3599999999999999 0.917 1.258 1.1629999999999998 1.236 1.046 0.9059999999999999 0.698 0.627 1.207 0.789 
0.365 0.478 0.722 0.856 0.8360000000000001 0.558 0.6819999999999999 0.958 0.745 0.475 0.262 0.51 0.603 0.8450000000000001 0.892 0.948 0.756 0.732 1.013 0.851 0.298 0.592 0 0.535 0.544 0.843 0.85 0.73 0.571 0.784 0.704 0.9099999999999999 0.661 0.631 0.768 0.35 
0.8680000000000001 0.9810000000000001 0.893 0.589 0.727 0.966 1.117 0.963 0.72 0.763 0.792 0.9349999999999999 1.028 1.033 1.241 1.21 1.044 0.925 0.861 1.269 0.833 1.127 0.535 0 0.41600000000000004 0.7150000000000001 1.0390000000000001 0.951 1.008 0.8130000000000001 1.0130000000000001 0.964 1.088 1.159 0.635 0.8460000000000001 
0.45200000000000007 0.5650000000000001 0.7510000000000001 0.447 0.585 0.645 0.7010000000000001 0.5469999999999999 0.304 0.5740000000000001 0.65 0.536 0.629 0.6260000000000001 0.8250000000000001 0.9010000000000001 0.865 0.8200000000000001 0.719 0.877 0.8260000000000001 1.107 0.544 0.41600000000000004 0 0.299 0.623 0.9920000000000001 0.915 0.671 0.871 0.8220000000000001 1.1480000000000001 1.0799999999999998 0.493 0.43000000000000005 
0.7510000000000001 0.8640000000000001 1.05 0.746 0.884 0.9440000000000002 1.0 0.846 0.603 0.873 0.9490000000000001 0.835 0.9279999999999999 0.581 0.836 0.856 0.8799999999999999 1.119 0.876 1.176 1.125 1.3599999999999999 0.843 0.7150000000000001 0.299 0 0.9219999999999999 1.097 1.214 0.97 1.046 0.9790000000000001 1.137 1.066 0.792 0.7290000000000001 
0.522 0.635 0.833 0.749 0.6890000000000001 0.452 0.771 0.827 0.927 0.9049999999999999 0.813 0.862 0.955 0.696 0.624 0.596 0.99 1.028 0.633 1.041 0.879 0.917 0.85 1.0390000000000001 0.623 0.9219999999999999 0 0.55 0.9199999999999999 1.2759999999999998 1.119 0.9400000000000001 0.7819999999999999 0.711 0.9179999999999999 0.5 
0.54 0.653 0.897 0.8340000000000001 0.6960000000000001 0.55 0.7999999999999999 1.009 1.1440000000000001 0.971 0.992 0.97 0.877 0.516 0.722 0.694 0.72 0.9590000000000001 1.127 0.92 0.9770000000000001 1.258 0.73 0.951 0.9920000000000001 1.097 0.55 0 0.5539999999999999 0.8200000000000001 0.605 1.0110000000000001 0.846 0.775 0.98 0.562 
0.782 0.895 0.976 1.005 0.867 0.589 0.775 1.225 1.104 1.036 0.833 0.725 0.632 0.907 1.008 0.783 0.8959999999999999 1.093 0.893 1.066 0.869 1.163 0.571 1.008 0.915 1.214 0.9199999999999999 0.554 0 0.356 0.598 1.073 0.947 1.018 1.134 0.804 
1.089 1.0270000000000001 1.082 0.8440000000000001 0.9820000000000001 0.945 1.072 1.218 0.9750000000000001 1.018 0.9 0.652 0.559 0.9019999999999999 1.157 1.1389999999999998 0.877 0.933 1.116 0.9930000000000001 0.942 1.236 0.784 0.8130000000000001 0.671 0.97 1.276 0.82 0.356 0 0.579 1.004 0.867 0.938 0.89 1.101 
0.766 0.653 0.897 0.886 1.009 0.863 0.857 1.1019999999999999 0.859 0.589 0.442 0.69 0.636 0.597 0.852 0.845 0.298 0.495 0.7190000000000001 1.031 0.98 1.046 0.704 1.013 0.871 1.046 1.119 0.605 0.598 0.579 0 0.475 0.763 0.6920000000000001 1.0899999999999999 0.788 
0.6880000000000001 0.732 0.488 0.41100000000000003 0.549 0.68 0.9430000000000001 0.9390000000000001 1.022 0.762 0.785 0.537 0.55 0.495 0.75 0.77 0.7729999999999999 0.8880000000000001 0.575 0.831 0.612 0.9059999999999999 0.9099999999999999 0.9640000000000001 0.8220000000000001 0.9790000000000001 0.94 1.0110000000000001 1.073 1.004 0.475 0 0.331 0.402 1.029 0.666 
0.7689999999999999 0.8200000000000001 0.819 0.742 0.854 0.576 0.958 1.018 1.026 0.756 0.8099999999999999 0.694 0.717 0.662 0.917 0.783 0.465 0.5569999999999999 0.728 1.035 0.404 0.698 0.661 1.088 1.1480000000000001 1.137 0.7819999999999999 0.846 0.947 0.867 0.763 0.331 0 0.071 1.161 0.7909999999999999 
0.698 0.749 0.89 0.8130000000000001 0.783 0.505 0.887 0.9470000000000001 0.9550000000000001 0.685 0.739 0.623 0.646 0.591 0.846 0.829 0.394 0.628 0.657 0.964 0.333 0.627 0.631 1.159 1.08 1.066 0.711 0.775 1.0179999999999998 0.938 0.692 0.402 0.071 0 1.0899999999999999 0.72 
0.44 0.553 0.797 0.6659999999999999 0.609 0.585 0.757 1.04 0.7969999999999999 0.826 0.855 0.758 0.748 0.584 0.832 0.859 0.883 1.0390000000000001 0.938 1.099 0.996 1.207 0.768 0.635 0.493 0.792 0.9179999999999999 0.98 1.134 0.89 1.09 1.029 1.1609999999999998 1.0899999999999999 0 0.418 
0.022 0.135 0.379 0.631 0.493 0.215 0.339 0.629 0.734 0.629 0.612 0.51 0.55 0.495 0.542 0.605 0.49 0.629 0.6699999999999999 0.851 0.642 0.789 0.35 0.8460000000000001 0.43000000000000005 0.7290000000000001 0.5 0.562 0.8039999999999999 1.101 0.788 0.666 0.7909999999999999 0.72 0.418 0 
