16
loc31 loc48 loc43 loc39 loc8 loc15 loc26 loc41 loc29 loc44 loc42 loc6 loc7 loc38 loc45 loc0
0 0.385 0.706 0.691 0.75 0.911 0.639 0.492 0.37 0.637 1.021 1.002 1.027 0.546 0.718 0.74 
0.385 0 0.321 0.442 0.501 0.662 0.64 0.437 0.315 0.5820000000000001 0.9660000000000001 0.7629999999999999 0.7879999999999999 0.505 0.479 1.125 
0.706 0.321 0 0.121 0.18 0.34099999999999997 0.9610000000000001 0.758 0.636 0.903 1.21 1.076 1.101 0.8260000000000001 0.792 1.446 
0.691 0.442 0.121 0 0.059 0.22 0.935 0.757 0.635 0.821 1.089 0.9550000000000001 0.9800000000000001 0.7919999999999999 0.671 1.37 
0.7499999999999999 0.501 0.18 0.059 0 0.161 0.876 0.723 0.601 0.762 1.03 0.8959999999999999 0.9209999999999999 0.733 0.612 1.311 
0.9109999999999999 0.6619999999999999 0.34099999999999997 0.22 0.161 0 0.7150000000000001 0.884 0.762 0.923 0.88 0.735 0.76 0.623 0.451 1.15 
0.639 0.64 0.9610000000000001 0.935 0.8760000000000001 0.7150000000000001 0 0.217 0.325 0.5920000000000001 0.9760000000000001 0.548 0.5730000000000001 0.436 0.264 0.963 
0.492 0.437 0.758 0.757 0.723 0.884 0.217 0 0.122 0.389 0.773 0.7649999999999999 0.7899999999999999 0.6120000000000001 0.481 1.18 
0.37 0.315 0.636 0.635 0.601 0.762 0.325 0.122 0 0.267 0.651 0.873 0.898 0.49 0.589 1.1099999999999999 
0.637 0.5820000000000001 0.903 0.821 0.762 0.923 0.5920000000000001 0.389 0.267 0 0.384 1.1400000000000001 1.165 0.7570000000000001 0.8560000000000001 1.377 
1.0210000000000001 0.966 1.21 1.089 1.03 0.88 0.976 0.773 0.651 0.384 0 1.524 1.549 1.141 1.24 1.7610000000000001 
1.002 0.7629999999999999 1.076 0.9550000000000001 0.896 0.735 0.548 0.765 0.873 1.1400000000000001 1.524 0 0.025 0.45599999999999996 0.284 0.848 
1.0270000000000001 0.788 1.101 0.98 0.921 0.76 0.573 0.7899999999999999 0.8979999999999999 1.165 1.549 0.025 0 0.481 0.309 0.873 
0.546 0.505 0.8260000000000001 0.792 0.733 0.623 0.436 0.612 0.49 0.757 1.141 0.45599999999999996 0.481 0 0.172 0.871 
0.718 0.479 0.792 0.671 0.612 0.451 0.264 0.481 0.589 0.856 1.24 0.284 0.309 0.172 0 0.699 
0.74 1.125 1.446 1.3699999999999999 1.311 1.15 0.963 1.18 1.1099999999999999 1.3769999999999998 1.7609999999999997 0.848 0.873 0.871 0.699 0 
