9
b6 a2 b9 c0 a3 e2 a1 c5 a0
0 5.0 9.0 17.0 10.0 14.0 15.0 40.0 5.0 
5.0 0 5.0 22.0 15.0 19.0 20.0 45.0 10.0 
9.0 5.0 0 17.0 10.0 14.0 15.0 40.0 5.0 
17.0 22.0 17.0 0 7.0 21.0 22.0 47.0 12.0 
10.0 15.0 10.0 7.0 0 14.0 15.0 40.0 5.0 
14.0 19.0 14.0 21.0 14.0 0 19.0 44.0 9.0 
15.0 20.0 15.0 22.0 15.0 19.0 0 45.0 10.0 
40.0 45.0 40.0 47.0 40.0 44.0 45.0 0 35.0 
5.0 10.0 5.0 12.0 5.0 9.0 10.0 35.0 0 
