15
2 1 6 0 47 49 29 12 46 8 37 25 22 34 7
0 107555.0 285301.0 479922.0 637577.0 440226.0 294440.0 543940.0 644744.0 279233.0 589460.0 985904.0 581639.0 647916.0 116139.0 
107555.0 0 177746.0 372367.0 530022.0 427787.0 250375.0 499875.0 600679.0 386788.0 629464.0 1051428.0 474084.0 540361.0 72074.0 
285301.0 177746.0 0 194621.0 352276.0 573300.0 428121.0 677621.0 778425.0 497014.0 807210.0 948684.0 651830.0 362615.0 249820.0 
479922.0 372367.0 194621.0 0 157655.0 497907.0 573720.0 823220.0 918147.0 691635.0 1001831.0 965787.0 749924.0 167994.0 444441.0 
637577.0 530022.0 352276.0 157655.0 0 340252.0 416065.0 665565.0 760492.0 849290.0 1151756.0 808132.0 592269.0 325649.0 594366.0 
440226.0 427787.0 573300.0 497907.0 340252.0 0 484351.0 733851.0 834655.0 669523.0 979750.0 906274.0 690411.0 665901.0 499861.0 
294440.0 250375.0 428121.0 573720.0 416065.0 484351.0 0 249500.0 350304.0 573673.0 735691.0 961947.0 724459.0 741714.0 178301.0 
543940.0 499875.0 677621.0 823220.0 665565.0 733851.0 249500.0 0 100804.0 823173.0 985191.0 1211447.0 883305.0 991214.0 427801.0 
644744.0 600679.0 778425.0 918147.0 760492.0 834655.0 350304.0 100804.0 0 923977.0 1085995.0 1306374.0 782501.0 1086141.0 528605.0 
279233.0 386788.0 497014.0 691635.0 849290.0 669523.0 573673.0 823173.0 923977.0 0 310227.0 1265137.0 860872.0 859629.0 395372.0 
589460.0 629464.0 807210.0 1001831.0 1151756.0 979750.0 735691.0 985191.0 1085995.0 310227.0 0 980365.0 1103548.0 1169825.0 557390.0 
985904.0 1051428.0 948684.0 965787.0 808132.0 906274.0 961947.0 1211447.0 1306374.0 1265137.0 980365.0 0 1158291.0 1133781.0 1086292.0 
581639.0 474084.0 651830.0 749924.0 592269.0 690411.0 724459.0 883305.0 782501.0 860872.0 1103548.0 1158291.0 0 917918.0 546158.0 
647916.0 540361.0 362615.0 167994.0 325649.0 665901.0 741714.0 991214.0 1086141.0 859629.0 1169825.0 1133781.0 917918.0 0 612435.0 
116139.0 72074.0 249820.0 444441.0 594366.0 499861.0 178301.0 427801.0 528605.0 395372.0 557390.0 1086292.0 546158.0 612435.0 0 
