49
36 163 8 131 7 3 190 37 4 186 11 104 121 5 160 2 26 24 132 1 59 46 87 118 0 162 106 6 166 80 14 198 185 72 81 194 53 30 25 56 77 27 117 33 191 12 16 13 69
0 65698.0 64841.0 113889.0 7141.0 219100.0 316060.0 307920.0 329973.0 517549.0 319870.0 424585.0 391605.0 401016.0 448755.0 411533.0 553168.0 618299.0 352395.0 250511.0 305247.0 323536.0 351855.0 384355.0 495367.0 598578.0 326420.0 413206.0 606633.0 426055.0 668975.0 565328.0 544459.0 674380.0 425653.0 365382.0 633942.0 573407.0 421840.0 369170.0 365993.0 433855.0 953600.0 899261.0 1033974.0 286604.0 403635.0 631381.0 290176.0 
65698.0 0 857.0 166818.0 60070.0 155116.0 252076.0 320094.0 265989.0 509407.0 255886.0 360601.0 327621.0 337032.0 384771.0 347549.0 489184.0 554315.0 288411.0 247450.0 302186.0 320475.0 348794.0 381294.0 492306.0 534594.0 262436.0 349222.0 542649.0 362071.0 616353.0 501344.0 480475.0 610396.0 478582.0 301398.0 630881.0 570346.0 357856.0 422099.0 302009.0 376439.0 896184.0 835277.0 969990.0 221555.0 469333.0 567397.0 343105.0 
64841.0 857.0 0 165961.0 59213.0 154259.0 251219.0 319237.0 265132.0 508550.0 255029.0 359744.0 326764.0 336175.0 383914.0 346692.0 488327.0 553458.0 287554.0 246593.0 301329.0 319618.0 347937.0 380437.0 491449.0 533737.0 261579.0 348365.0 541792.0 361214.0 615496.0 500487.0 479618.0 609539.0 477725.0 300541.0 630024.0 569489.0 356999.0 421242.0 301152.0 375582.0 895327.0 834420.0 969133.0 221763.0 468476.0 566540.0 342248.0 
113889.0 166818.0 165961.0 0 106748.0 272864.0 369824.0 407527.0 431093.0 617156.0 373634.0 478349.0 445369.0 454780.0 510095.0 472873.0 614508.0 679639.0 453515.0 364400.0 419136.0 437425.0 465744.0 498244.0 609256.0 699698.0 427540.0 514326.0 707753.0 527175.0 603902.0 619092.0 598223.0 728144.0 525260.0 466502.0 747831.0 687296.0 522960.0 468777.0 467113.0 533462.0 1053207.0 953025.0 1135094.0 387724.0 499889.0 692721.0 389783.0 
7141.0 60070.0 59213.0 106748.0 0 213472.0 310432.0 300779.0 324345.0 510408.0 314242.0 418957.0 385977.0 395388.0 443127.0 405905.0 547540.0 612671.0 346767.0 257652.0 312388.0 330677.0 358996.0 391496.0 502508.0 592950.0 320792.0 407578.0 601005.0 420427.0 661834.0 559700.0 538831.0 668752.0 418512.0 359754.0 641083.0 580548.0 416212.0 362029.0 360365.0 426714.0 946459.0 893633.0 1028346.0 280976.0 410776.0 625753.0 283035.0 
219100.0 155116.0 154259.0 272864.0 213472.0 0 96960.0 294346.0 240241.0 483659.0 100770.0 205485.0 172505.0 181916.0 237231.0 200009.0 341644.0 406775.0 415289.0 400852.0 455588.0 473877.0 496766.0 355814.0 559515.0 583730.0 415838.0 502624.0 595472.0 515473.0 540836.0 346228.0 325359.0 455280.0 411897.0 454800.0 784283.0 723748.0 511258.0 575501.0 455411.0 476930.0 967927.0 680161.0 944242.0 376022.0 622735.0 419857.0 496507.0 
316060.0 252076.0 251219.0 369824.0 310432.0 96960.0 0 197386.0 143281.0 386699.0 197730.0 302445.0 269465.0 278876.0 334191.0 296969.0 438604.0 503735.0 512249.0 497812.0 552548.0 570837.0 593726.0 452774.0 551372.0 680690.0 512798.0 599584.0 692432.0 612433.0 493645.0 443188.0 422319.0 552240.0 508857.0 551760.0 881243.0 820708.0 608218.0 672461.0 552371.0 573890.0 1064887.0 777121.0 847282.0 472982.0 719695.0 516817.0 593467.0 
307920.0 320094.0 319237.0 407527.0 300779.0 294346.0 197386.0 0 54105.0 297523.0 395116.0 499831.0 466851.0 476262.0 531577.0 494355.0 489220.0 701121.0 606791.0 558431.0 613167.0 631456.0 659775.0 650160.0 589644.0 748402.0 580816.0 667602.0 861029.0 680451.0 404469.0 640574.0 619705.0 749626.0 706243.0 619778.0 941862.0 881327.0 676236.0 662808.0 620389.0 694819.0 1115503.0 974507.0 758106.0 541000.0 697036.0 581791.0 583814.0 
329973.0 265989.0 265132.0 431093.0 324345.0 240241.0 143281.0 54105.0 0 243418.0 341011.0 445726.0 412746.0 422157.0 477472.0 440250.0 435115.0 647016.0 552686.0 511725.0 566461.0 584750.0 613069.0 596055.0 535539.0 694297.0 526711.0 613497.0 806924.0 626346.0 350364.0 586469.0 565600.0 695521.0 652138.0 565673.0 895156.0 834621.0 622131.0 686374.0 566284.0 640714.0 1061398.0 920402.0 704001.0 486895.0 642931.0 527686.0 607380.0 
517549.0 509407.0 508550.0 617156.0 510408.0 483659.0 386699.0 297523.0 243418.0 0 584429.0 689144.0 656164.0 665575.0 720890.0 683668.0 678533.0 890434.0 796104.0 736017.0 790753.0 809042.0 837361.0 839473.0 778957.0 937715.0 770129.0 856915.0 1050342.0 869764.0 593782.0 829887.0 809018.0 938939.0 895556.0 809091.0 1119448.0 1058913.0 865549.0 872437.0 809702.0 884132.0 1304816.0 1163820.0 947419.0 730313.0 886349.0 595532.0 793443.0 
319870.0 255886.0 255029.0 373634.0 314242.0 100770.0 197730.0 395116.0 341011.0 584429.0 0 104715.0 239774.0 249185.0 338001.0 300779.0 442414.0 507545.0 482558.0 420948.0 475684.0 493973.0 522292.0 456584.0 458745.0 482960.0 516608.0 530751.0 696242.0 616243.0 641606.0 446998.0 426129.0 556050.0 512667.0 555570.0 804379.0 743844.0 612028.0 676271.0 556181.0 577700.0 1068697.0 747430.0 1045012.0 476792.0 723505.0 404750.0 597277.0 
424585.0 360601.0 359744.0 478349.0 418957.0 205485.0 302445.0 499831.0 445726.0 689144.0 104715.0 0 344489.0 353900.0 442716.0 405494.0 547129.0 612260.0 587273.0 316233.0 370969.0 389258.0 417577.0 450077.0 561089.0 587675.0 621323.0 635466.0 800957.0 720958.0 746321.0 551713.0 530844.0 660765.0 617382.0 660285.0 699664.0 639129.0 641613.0 780986.0 660896.0 682415.0 1173412.0 852145.0 1149727.0 581507.0 828220.0 509465.0 701992.0 
391605.0 327621.0 326764.0 445369.0 385977.0 172505.0 269465.0 466851.0 412746.0 656164.0 239774.0 344489.0 0 9411.0 241172.0 248805.0 390440.0 455571.0 242784.0 573357.0 628093.0 646382.0 593016.0 528319.0 489929.0 648687.0 588343.0 675129.0 644268.0 687978.0 713341.0 518733.0 497864.0 574289.0 584402.0 627305.0 956788.0 896253.0 683763.0 748006.0 573521.0 649435.0 1016723.0 507656.0 895346.0 548527.0 795240.0 468653.0 669012.0 
401016.0 337032.0 336175.0 454780.0 395388.0 181916.0 278876.0 476262.0 422157.0 665575.0 249185.0 353900.0 9411.0 0 231761.0 239394.0 381029.0 446160.0 233373.0 582768.0 637504.0 655793.0 583605.0 537730.0 480518.0 639276.0 597754.0 684540.0 634857.0 697389.0 722752.0 528144.0 507275.0 564878.0 593813.0 636716.0 966199.0 905664.0 693174.0 757417.0 564110.0 658846.0 1007312.0 498245.0 885935.0 557938.0 804651.0 459242.0 678423.0 
448755.0 384771.0 383914.0 510095.0 443127.0 237231.0 334191.0 531577.0 477472.0 720890.0 338001.0 442716.0 241172.0 231761.0 0 37222.0 178857.0 243988.0 314101.0 482777.0 537513.0 555802.0 381433.0 593045.0 664259.0 747473.0 645493.0 562101.0 432685.0 745128.0 778067.0 583459.0 562590.0 652496.0 649128.0 684455.0 860316.0 805673.0 740913.0 805156.0 361938.0 714161.0 805140.0 611125.0 998815.0 605677.0 852390.0 257070.0 726162.0 
411533.0 347549.0 346692.0 472873.0 405905.0 200009.0 296969.0 494355.0 440250.0 683668.0 300779.0 405494.0 248805.0 239394.0 37222.0 0 141635.0 206766.0 276879.0 445555.0 500291.0 518580.0 344211.0 555823.0 627037.0 710251.0 608271.0 524879.0 395463.0 707906.0 740845.0 546237.0 525368.0 615274.0 611906.0 647233.0 823094.0 768451.0 703691.0 767934.0 324716.0 676939.0 767918.0 573903.0 961593.0 568455.0 815168.0 219848.0 688940.0 
553168.0 489184.0 488327.0 614508.0 547540.0 341644.0 438604.0 489220.0 435115.0 678533.0 442414.0 547129.0 390440.0 381029.0 178857.0 141635.0 0 348401.0 418514.0 587190.0 641926.0 660215.0 485846.0 697458.0 716308.0 851886.0 749906.0 666514.0 537098.0 849541.0 785479.0 687872.0 667003.0 756909.0 753541.0 788868.0 898454.0 910086.0 845326.0 909569.0 466351.0 818574.0 626283.0 715538.0 1103228.0 710090.0 956803.0 361483.0 830575.0 
618299.0 554315.0 553458.0 679639.0 612671.0 406775.0 503735.0 701121.0 647016.0 890434.0 507545.0 612260.0 455571.0 446160.0 243988.0 206766.0 348401.0 0 483645.0 652321.0 707057.0 725346.0 550977.0 762589.0 771090.0 917017.0 815037.0 731645.0 602229.0 914672.0 947611.0 753003.0 732134.0 822040.0 818672.0 853999.0 1029860.0 975217.0 905062.0 946780.0 531482.0 883705.0 974684.0 780669.0 1168359.0 775221.0 1021934.0 426614.0 895706.0 
352395.0 288411.0 287554.0 453515.0 346767.0 415289.0 512249.0 606791.0 552686.0 796104.0 482558.0 587273.0 242784.0 233373.0 314101.0 276879.0 418514.0 483645.0 0 452590.0 507326.0 525615.0 553934.0 586434.0 697446.0 821291.0 549133.0 635919.0 672342.0 648768.0 903050.0 761517.0 740648.0 798251.0 765279.0 588095.0 836021.0 775486.0 644553.0 708796.0 588706.0 663136.0 1044797.0 731618.0 1119308.0 509317.0 756030.0 496727.0 629802.0 
250511.0 247450.0 246593.0 364400.0 257652.0 400852.0 497812.0 558431.0 511725.0 736017.0 420948.0 316233.0 573357.0 582768.0 482777.0 445555.0 587190.0 652321.0 452590.0 0 54736.0 73025.0 101344.0 133844.0 244856.0 403614.0 508172.0 588986.0 782413.0 607807.0 862089.0 717599.0 663331.0 662677.0 676164.0 547134.0 383431.0 322896.0 325380.0 567826.0 547745.0 622175.0 1141920.0 1019458.0 1215726.0 468356.0 654146.0 525471.0 540687.0 
305247.0 302186.0 301329.0 419136.0 312388.0 455588.0 552548.0 613167.0 566461.0 790753.0 475684.0 370969.0 628093.0 637504.0 537513.0 500291.0 641926.0 707057.0 507326.0 54736.0 0 127761.0 156080.0 188580.0 299592.0 458350.0 562908.0 643722.0 837149.0 662543.0 916825.0 772335.0 718067.0 717413.0 730900.0 601870.0 438167.0 377632.0 380116.0 622562.0 602481.0 676911.0 1196656.0 1074194.0 1270462.0 523092.0 708882.0 580207.0 595423.0 
323536.0 320475.0 319618.0 437425.0 330677.0 473877.0 570837.0 631456.0 584750.0 809042.0 493973.0 389258.0 646382.0 655793.0 555802.0 518580.0 660215.0 725346.0 525615.0 73025.0 127761.0 0 174369.0 206869.0 317881.0 476639.0 581197.0 662011.0 855438.0 680832.0 935114.0 790624.0 736356.0 735702.0 749189.0 620159.0 456456.0 395921.0 398405.0 640851.0 620770.0 695200.0 1214945.0 1092483.0 1288751.0 541381.0 727171.0 462781.0 613712.0 
351855.0 348794.0 347937.0 465744.0 358996.0 496766.0 593726.0 659775.0 613069.0 837361.0 522292.0 417577.0 593016.0 583605.0 381433.0 344211.0 485846.0 550977.0 553934.0 101344.0 156080.0 174369.0 0 235188.0 346200.0 504958.0 609516.0 690330.0 739674.0 709151.0 963433.0 818943.0 764675.0 764021.0 777508.0 648478.0 484775.0 424240.0 426724.0 669170.0 649089.0 723519.0 1112129.0 918114.0 1305804.0 569700.0 755490.0 564059.0 642031.0 
384355.0 381294.0 380437.0 498244.0 391496.0 355814.0 452774.0 650160.0 596055.0 839473.0 456584.0 450077.0 528319.0 537730.0 593045.0 555823.0 697458.0 762589.0 586434.0 133844.0 188580.0 206869.0 235188.0 0 378700.0 537458.0 642016.0 722830.0 916257.0 741651.0 896650.0 702042.0 681173.0 796521.0 767711.0 680978.0 517275.0 456740.0 459224.0 701670.0 681589.0 756019.0 1275764.0 1035975.0 1300056.0 602200.0 787990.0 659315.0 674531.0 
495367.0 492306.0 491449.0 609256.0 502508.0 559515.0 551372.0 589644.0 535539.0 778957.0 458745.0 561089.0 489929.0 480518.0 664259.0 627037.0 716308.0 771090.0 697446.0 244856.0 299592.0 317881.0 346200.0 378700.0 0 158758.0 430916.0 344130.0 537557.0 631536.0 689395.0 905743.0 418475.0 417821.0 720943.0 791990.0 628287.0 567752.0 570236.0 812682.0 792601.0 867031.0 1235227.0 978763.0 1239540.0 713212.0 899002.0 468572.0 785543.0 
598578.0 534594.0 533737.0 699698.0 592950.0 583730.0 680690.0 748402.0 694297.0 937715.0 482960.0 587675.0 648687.0 639276.0 747473.0 710251.0 851886.0 917017.0 821291.0 403614.0 458350.0 476639.0 504958.0 537458.0 158758.0 0 272158.0 185372.0 378799.0 472778.0 530637.0 929958.0 577233.0 555787.0 562185.0 679818.0 698052.0 726510.0 728994.0 902085.0 834889.0 909319.0 1076469.0 1137521.0 1398298.0 755500.0 1002213.0 627330.0 875985.0 
326420.0 262436.0 261579.0 427540.0 320792.0 415838.0 512798.0 580816.0 526711.0 770129.0 516608.0 621323.0 588343.0 597754.0 645493.0 608271.0 749906.0 815037.0 549133.0 508172.0 562908.0 581197.0 609516.0 642016.0 430916.0 272158.0 0 86786.0 280213.0 374192.0 432051.0 762066.0 741197.0 457201.0 463599.0 562120.0 599466.0 831068.0 618578.0 682821.0 562731.0 637161.0 977883.0 1095999.0 1230712.0 483342.0 730055.0 828119.0 603827.0 
413206.0 349222.0 348365.0 514326.0 407578.0 502624.0 599584.0 667602.0 613497.0 856915.0 530751.0 635466.0 675129.0 684540.0 562101.0 524879.0 666514.0 731645.0 635919.0 588986.0 643722.0 662011.0 690330.0 722830.0 344130.0 185372.0 86786.0 0 193427.0 287406.0 345265.0 845716.0 762605.0 370415.0 376813.0 494446.0 512680.0 911882.0 705364.0 716713.0 649517.0 723947.0 891097.0 1098782.0 1317498.0 570128.0 816841.0 744727.0 690613.0 
606633.0 542649.0 541792.0 707753.0 601005.0 595472.0 692432.0 861029.0 806924.0 1050342.0 696242.0 800957.0 644268.0 634857.0 432685.0 395463.0 537098.0 602229.0 672342.0 782413.0 837149.0 855438.0 739674.0 916257.0 537557.0 378799.0 280213.0 193427.0 0 480833.0 538692.0 941700.0 920831.0 563842.0 570240.0 687873.0 706107.0 1105309.0 898791.0 910140.0 720179.0 917374.0 1084524.0 969366.0 1357056.0 763555.0 1010268.0 615311.0 884040.0 
426055.0 362071.0 361214.0 527175.0 420427.0 515473.0 612433.0 680451.0 626346.0 869764.0 616243.0 720958.0 687978.0 697389.0 745128.0 707906.0 849541.0 914672.0 648768.0 607807.0 662543.0 680832.0 709151.0 741651.0 631536.0 472778.0 374192.0 287406.0 480833.0 0 632671.0 861701.0 840832.0 657821.0 664219.0 661755.0 687509.0 930703.0 718213.0 782456.0 662366.0 736796.0 1178503.0 1195634.0 1330347.0 582977.0 829690.0 927754.0 703462.0 
668975.0 616353.0 615496.0 603902.0 661834.0 540836.0 493645.0 404469.0 350364.0 593782.0 641606.0 746321.0 713341.0 722752.0 778067.0 740845.0 785479.0 947611.0 903050.0 862089.0 916825.0 935114.0 963433.0 896650.0 689395.0 530637.0 432051.0 345265.0 538692.0 632671.0 0 500451.0 866195.0 715680.0 722078.0 839711.0 857945.0 1184985.0 964545.0 1023863.0 916648.0 991078.0 1236362.0 1220997.0 1054365.0 837259.0 870699.0 878050.0 944869.0 
565328.0 501344.0 500487.0 619092.0 559700.0 346228.0 443188.0 640574.0 586469.0 829887.0 446998.0 551713.0 518733.0 528144.0 583459.0 546237.0 687872.0 753003.0 761517.0 717599.0 772335.0 790624.0 818943.0 702042.0 905743.0 929958.0 762066.0 845716.0 941700.0 861701.0 500451.0 0 671587.0 801508.0 758125.0 801028.0 1101030.0 1040495.0 857486.0 921729.0 801639.0 823158.0 1314155.0 1026389.0 1290470.0 722250.0 968963.0 766085.0 842735.0 
544459.0 480475.0 479618.0 598223.0 538831.0 325359.0 422319.0 619705.0 565600.0 809018.0 426129.0 530844.0 497864.0 507275.0 562590.0 525368.0 667003.0 732134.0 740648.0 663331.0 718067.0 736356.0 764675.0 681173.0 418475.0 577233.0 741197.0 762605.0 920831.0 840832.0 866195.0 671587.0 0 780639.0 737256.0 780159.0 1046762.0 986227.0 836617.0 900860.0 780770.0 802289.0 1293286.0 1005520.0 1269601.0 701381.0 948094.0 745216.0 821866.0 
674380.0 610396.0 609539.0 728144.0 668752.0 455280.0 552240.0 749626.0 695521.0 938939.0 556050.0 660765.0 574289.0 564878.0 652496.0 615274.0 756909.0 822040.0 798251.0 662677.0 717413.0 735702.0 764021.0 796521.0 417821.0 555787.0 457201.0 370415.0 563842.0 657821.0 715680.0 801508.0 780639.0 0 747228.0 858110.0 813370.0 985573.0 966538.0 1030781.0 910691.0 932210.0 1261512.0 1063123.0 1399522.0 831302.0 1078015.0 835122.0 951787.0 
425653.0 478582.0 477725.0 525260.0 418512.0 411897.0 508857.0 706243.0 652138.0 895556.0 512667.0 617382.0 584402.0 593813.0 649128.0 611906.0 753541.0 818672.0 765279.0 676164.0 730900.0 749189.0 777508.0 767711.0 720943.0 562185.0 463599.0 376813.0 570240.0 664219.0 722078.0 758125.0 737256.0 747228.0 0 778266.0 889493.0 999060.0 834724.0 780541.0 778877.0 845226.0 1267910.0 1092058.0 1356139.0 699488.0 829288.0 831754.0 701547.0 
365382.0 301398.0 300541.0 466502.0 359754.0 454800.0 551760.0 619778.0 565673.0 809091.0 555570.0 660285.0 627305.0 636716.0 684455.0 647233.0 788868.0 853999.0 588095.0 547134.0 601870.0 620159.0 648478.0 680978.0 791990.0 679818.0 562120.0 494446.0 687873.0 661755.0 839711.0 801028.0 780159.0 858110.0 778266.0 0 552926.0 870030.0 657540.0 721783.0 601693.0 676123.0 1195868.0 1134961.0 1269674.0 522304.0 769017.0 867081.0 642789.0 
633942.0 630881.0 630024.0 747831.0 641083.0 784283.0 881243.0 941862.0 895156.0 1119448.0 804379.0 699664.0 956788.0 966199.0 860316.0 823094.0 898454.0 1029860.0 836021.0 383431.0 438167.0 456456.0 484775.0 517275.0 628287.0 698052.0 599466.0 512680.0 706107.0 687509.0 857945.0 1101030.0 1046762.0 813370.0 889493.0 552926.0 0 706327.0 708811.0 951257.0 931176.0 1005606.0 1403777.0 1396997.0 1599157.0 851787.0 1037577.0 908902.0 924118.0 
573407.0 570346.0 569489.0 687296.0 580548.0 723748.0 820708.0 881327.0 834621.0 1058913.0 743844.0 639129.0 896253.0 905664.0 805673.0 768451.0 910086.0 975217.0 775486.0 322896.0 377632.0 395921.0 424240.0 456740.0 567752.0 726510.0 831068.0 911882.0 1105309.0 930703.0 1184985.0 1040495.0 986227.0 985573.0 999060.0 870030.0 706327.0 0 648276.0 890722.0 870641.0 945071.0 1464816.0 1342354.0 1538622.0 791252.0 977042.0 848367.0 863583.0 
421840.0 357856.0 356999.0 522960.0 416212.0 511258.0 608218.0 676236.0 622131.0 865549.0 612028.0 641613.0 683763.0 693174.0 740913.0 703691.0 845326.0 905062.0 644553.0 325380.0 380116.0 398405.0 426724.0 459224.0 570236.0 728994.0 618578.0 705364.0 898791.0 718213.0 964545.0 857486.0 836617.0 966538.0 834724.0 657540.0 708811.0 648276.0 0 242446.0 658151.0 732581.0 1252326.0 1191419.0 1049279.0 578762.0 825475.0 850851.0 699247.0 
369170.0 422099.0 421242.0 468777.0 362029.0 575501.0 672461.0 662808.0 686374.0 872437.0 676271.0 780986.0 748006.0 757417.0 805156.0 767934.0 909569.0 946780.0 708796.0 567826.0 622562.0 640851.0 669170.0 701670.0 812682.0 902085.0 682821.0 716713.0 910140.0 782456.0 1023863.0 921729.0 900860.0 1030781.0 780541.0 721783.0 951257.0 890722.0 242446.0 0 722394.0 788743.0 1308488.0 1255662.0 1291725.0 643005.0 772805.0 987782.0 645064.0 
365993.0 302009.0 301152.0 467113.0 360365.0 455411.0 552371.0 620389.0 566284.0 809702.0 556181.0 660896.0 573521.0 564110.0 361938.0 324716.0 466351.0 531482.0 588706.0 547745.0 602481.0 620770.0 649089.0 681589.0 792601.0 834889.0 562731.0 649517.0 720179.0 662366.0 916648.0 801639.0 780770.0 910691.0 778877.0 601693.0 931176.0 870641.0 658151.0 722394.0 0 676734.0 1092634.0 898619.0 1270285.0 522915.0 769628.0 544564.0 643400.0 
433855.0 376439.0 375582.0 533462.0 426714.0 476930.0 573890.0 694819.0 640714.0 884132.0 577700.0 682415.0 649435.0 658846.0 714161.0 676939.0 818574.0 883705.0 663136.0 622175.0 676911.0 695200.0 723519.0 756019.0 867031.0 909319.0 637161.0 723947.0 917374.0 736796.0 991078.0 823158.0 802289.0 932210.0 845226.0 676123.0 1005606.0 945071.0 732581.0 788743.0 676734.0 0 519745.0 1157091.0 1344715.0 597345.0 837490.0 896787.0 709749.0 
953600.0 896184.0 895327.0 1053207.0 946459.0 967927.0 1064887.0 1115503.0 1061398.0 1304816.0 1068697.0 1173412.0 1016723.0 1007312.0 805140.0 767918.0 626283.0 974684.0 1044797.0 1141920.0 1196656.0 1214945.0 1112129.0 1275764.0 1235227.0 1076469.0 977883.0 891097.0 1084524.0 1178503.0 1236362.0 1314155.0 1293286.0 1261512.0 1267910.0 1195868.0 1403777.0 1464816.0 1252326.0 1308488.0 1092634.0 519745.0 0 1341821.0 1729511.0 1117090.0 1357235.0 858791.0 1229494.0 
899261.0 835277.0 834420.0 953025.0 893633.0 680161.0 777121.0 974507.0 920402.0 1163820.0 747430.0 852145.0 507656.0 498245.0 611125.0 573903.0 715538.0 780669.0 731618.0 1019458.0 1074194.0 1092483.0 918114.0 1035975.0 978763.0 1137521.0 1095999.0 1098782.0 969366.0 1195634.0 1220997.0 1026389.0 1005520.0 1063123.0 1092058.0 1134961.0 1396997.0 1342354.0 1191419.0 1255662.0 898619.0 1157091.0 1341821.0 0 387690.0 1056183.0 1302896.0 793751.0 1176668.0 
1033974.0 969990.0 969133.0 1135094.0 1028346.0 944242.0 847282.0 758106.0 704001.0 947419.0 1045012.0 1149727.0 895346.0 885935.0 998815.0 961593.0 1103228.0 1168359.0 1119308.0 1215726.0 1270462.0 1288751.0 1305804.0 1300056.0 1239540.0 1398298.0 1230712.0 1317498.0 1357056.0 1330347.0 1054365.0 1290470.0 1269601.0 1399522.0 1356139.0 1269674.0 1599157.0 1538622.0 1049279.0 1291725.0 1270285.0 1344715.0 1729511.0 387690.0 0 1140025.0 1346932.0 1181441.0 1311381.0 
286604.0 221555.0 221763.0 387724.0 280976.0 376022.0 472982.0 541000.0 486895.0 730313.0 476792.0 581507.0 548527.0 557938.0 605677.0 568455.0 710090.0 775221.0 509317.0 468356.0 523092.0 541381.0 569700.0 602200.0 713212.0 755500.0 483342.0 570128.0 763555.0 582977.0 837259.0 722250.0 701381.0 831302.0 699488.0 522304.0 851787.0 791252.0 578762.0 643005.0 522915.0 597345.0 1117090.0 1056183.0 1140025.0 0 690239.0 788303.0 564011.0 
403635.0 469333.0 468476.0 499889.0 410776.0 622735.0 719695.0 697036.0 642931.0 886349.0 723505.0 828220.0 795240.0 804651.0 852390.0 815168.0 956803.0 1021934.0 756030.0 654146.0 708882.0 727171.0 755490.0 787990.0 899002.0 1002213.0 730055.0 816841.0 1010268.0 829690.0 870699.0 968963.0 948094.0 1078015.0 829288.0 769017.0 1037577.0 977042.0 825475.0 772805.0 769628.0 837490.0 1357235.0 1302896.0 1346932.0 690239.0 0 1035016.0 693811.0 
631381.0 567397.0 566540.0 692721.0 625753.0 419857.0 516817.0 581791.0 527686.0 595532.0 404750.0 509465.0 468653.0 459242.0 257070.0 219848.0 361483.0 426614.0 496727.0 525471.0 580207.0 462781.0 564059.0 659315.0 468572.0 627330.0 828119.0 744727.0 615311.0 927754.0 878050.0 766085.0 745216.0 835122.0 831754.0 867081.0 908902.0 848367.0 850851.0 987782.0 544564.0 896787.0 858791.0 793751.0 1181441.0 788303.0 1035016.0 0 908788.0 
290176.0 343105.0 342248.0 389783.0 283035.0 496507.0 593467.0 583814.0 607380.0 793443.0 597277.0 701992.0 669012.0 678423.0 726162.0 688940.0 830575.0 895706.0 629802.0 540687.0 595423.0 613712.0 642031.0 674531.0 785543.0 875985.0 603827.0 690613.0 884040.0 703462.0 944869.0 842735.0 821866.0 951787.0 701547.0 642789.0 924118.0 863583.0 699247.0 645064.0 643400.0 709749.0 1229494.0 1176668.0 1311381.0 564011.0 693811.0 908788.0 0 
