25
DT AC CX AN AD CY AM CW AB AE AO AH AG BC BB BA BK DZ DX EA EE EX EN EH AA
0 20.0 37.0 51.0 65.0 63.0 131.0 143.0 75.0 78.0 88.0 96.0 110.0 122.0 124.0 131.0 202.0 214.0 230.0 229.0 245.0 456.0 570.0 670.0 5.0 
20.0 0 57.0 71.0 75.0 83.0 141.0 153.0 85.0 88.0 98.0 106.0 120.0 132.0 134.0 141.0 212.0 224.0 240.0 239.0 255.0 466.0 580.0 680.0 15.0 
37.0 57.0 0 14.0 29.0 26.0 95.0 107.0 112.0 115.0 125.0 133.0 147.0 159.0 161.0 168.0 239.0 251.0 267.0 266.0 282.0 493.0 607.0 707.0 42.0 
51.0 71.0 14.0 0 15.0 12.0 81.0 93.0 126.0 129.0 139.0 147.0 161.0 173.0 175.0 182.0 253.0 265.0 281.0 280.0 296.0 507.0 621.0 721.0 56.0 
65.0 75.0 29.0 15.0 0 27.0 66.0 78.0 130.0 133.0 143.0 151.0 165.0 177.0 179.0 186.0 257.0 269.0 285.0 284.0 300.0 511.0 625.0 725.0 60.0 
63.0 83.0 26.0 12.0 27.0 0 93.0 105.0 138.0 141.0 151.0 159.0 173.0 185.0 187.0 194.0 265.0 277.0 293.0 292.0 308.0 519.0 633.0 733.0 68.0 
131.0 141.0 95.0 81.0 66.0 93.0 0 12.0 196.0 199.0 209.0 217.0 231.0 243.0 245.0 252.0 323.0 335.0 351.0 350.0 366.0 577.0 691.0 791.0 126.0 
143.0 153.0 107.0 93.0 78.0 105.0 12.0 0 208.0 211.0 221.0 229.0 243.0 255.0 257.0 264.0 335.0 347.0 363.0 362.0 378.0 589.0 703.0 803.0 138.0 
75.0 85.0 112.0 126.0 130.0 138.0 196.0 208.0 0 3.0 13.0 21.0 35.0 47.0 49.0 56.0 127.0 139.0 155.0 154.0 170.0 381.0 495.0 595.0 70.0 
78.0 88.0 115.0 129.0 133.0 141.0 199.0 211.0 3.0 0 10.0 24.0 38.0 50.0 52.0 59.0 130.0 142.0 158.0 157.0 173.0 384.0 498.0 598.0 73.0 
88.0 98.0 125.0 139.0 143.0 151.0 209.0 221.0 13.0 10.0 0 34.0 48.0 60.0 62.0 69.0 140.0 152.0 168.0 167.0 183.0 394.0 508.0 608.0 83.0 
96.0 106.0 133.0 147.0 151.0 159.0 217.0 229.0 21.0 24.0 34.0 0 56.0 68.0 70.0 77.0 148.0 160.0 176.0 175.0 191.0 402.0 516.0 616.0 91.0 
110.0 120.0 147.0 161.0 165.0 173.0 231.0 243.0 35.0 38.0 48.0 56.0 0 12.0 14.0 21.0 92.0 104.0 120.0 119.0 135.0 346.0 460.0 560.0 105.0 
122.0 132.0 159.0 173.0 177.0 185.0 243.0 255.0 47.0 50.0 60.0 68.0 12.0 0 26.0 33.0 80.0 92.0 108.0 107.0 123.0 334.0 448.0 548.0 117.0 
124.0 134.0 161.0 175.0 179.0 187.0 245.0 257.0 49.0 52.0 62.0 70.0 14.0 26.0 0 35.0 106.0 118.0 134.0 133.0 149.0 360.0 474.0 574.0 119.0 
131.0 141.0 168.0 182.0 186.0 194.0 252.0 264.0 56.0 59.0 69.0 77.0 21.0 33.0 35.0 0 113.0 125.0 141.0 140.0 156.0 367.0 481.0 581.0 126.0 
202.0 212.0 239.0 253.0 257.0 265.0 323.0 335.0 127.0 130.0 140.0 148.0 92.0 80.0 106.0 113.0 0 12.0 28.0 27.0 43.0 254.0 368.0 468.0 197.0 
214.0 224.0 251.0 265.0 269.0 277.0 335.0 347.0 139.0 142.0 152.0 160.0 104.0 92.0 118.0 125.0 12.0 0 16.0 15.0 31.0 242.0 356.0 456.0 209.0 
230.0 240.0 267.0 281.0 285.0 293.0 351.0 363.0 155.0 158.0 168.0 176.0 120.0 108.0 134.0 141.0 28.0 16.0 0 9.0 25.0 236.0 350.0 450.0 225.0 
229.0 239.0 266.0 280.0 284.0 292.0 350.0 362.0 154.0 157.0 167.0 175.0 119.0 107.0 133.0 140.0 27.0 15.0 9.0 0 24.0 235.0 349.0 449.0 224.0 
245.0 255.0 282.0 296.0 300.0 308.0 366.0 378.0 170.0 173.0 183.0 191.0 135.0 123.0 149.0 156.0 43.0 31.0 25.0 24.0 0 211.0 325.0 425.0 240.0 
456.0 466.0 493.0 507.0 511.0 519.0 577.0 589.0 381.0 384.0 394.0 402.0 346.0 334.0 360.0 367.0 254.0 242.0 236.0 235.0 211.0 0 486.0 586.0 451.0 
570.0 580.0 607.0 621.0 625.0 633.0 691.0 703.0 495.0 498.0 508.0 516.0 460.0 448.0 474.0 481.0 368.0 356.0 350.0 349.0 325.0 486.0 0 700.0 565.0 
670.0 680.0 707.0 721.0 725.0 733.0 791.0 803.0 595.0 598.0 608.0 616.0 560.0 548.0 574.0 581.0 468.0 456.0 450.0 449.0 425.0 586.0 700.0 0 665.0 
5.0 15.0 42.0 56.0 60.0 68.0 126.0 138.0 70.0 73.0 83.0 91.0 105.0 117.0 119.0 126.0 197.0 209.0 225.0 224.0 240.0 451.0 565.0 665.0 0 
