11
B C D F E H G I J K A
0 323.0 474.0 576.0 402.0 423.0 340.0 564.0 773.0 889.0 156.0 
323.0 0 151.0 696.0 725.0 746.0 663.0 887.0 1096.0 1212.0 479.0 
474.0 151.0 0 545.0 719.0 819.0 814.0 1038.0 1247.0 1363.0 630.0 
576.0 696.0 545.0 0 174.0 274.0 357.0 581.0 790.0 906.0 420.0 
402.0 725.0 719.0 174.0 0 100.0 183.0 407.0 616.0 732.0 246.0 
423.0 746.0 819.0 274.0 100.0 0 83.0 307.0 516.0 632.0 267.0 
340.0 663.0 814.0 357.0 183.0 83.0 0 224.0 433.0 549.0 184.0 
564.0 887.0 1038.0 581.0 407.0 307.0 224.0 0 209.0 325.0 408.0 
773.0 1096.0 1247.0 790.0 616.0 516.0 433.0 209.0 0 116.0 617.0 
889.0 1212.0 1363.0 906.0 732.0 632.0 549.0 325.0 116.0 0 733.0 
156.0 479.0 630.0 420.0 246.0 267.0 184.0 408.0 617.0 733.0 0 
