11
AC AD AB AE AO AH BG AG AX AF AA
0 75.0 85.0 88.0 98.0 106.0 122.0 120.0 132.0 175.0 15.0 
75.0 0 130.0 133.0 143.0 151.0 167.0 165.0 177.0 220.0 60.0 
85.0 130.0 0 3.0 13.0 21.0 37.0 35.0 47.0 90.0 70.0 
88.0 133.0 3.0 0 10.0 24.0 40.0 38.0 50.0 93.0 73.0 
98.0 143.0 13.0 10.0 0 34.0 50.0 48.0 60.0 103.0 83.0 
106.0 151.0 21.0 24.0 34.0 0 16.0 56.0 68.0 111.0 91.0 
122.0 167.0 37.0 40.0 50.0 16.0 0 72.0 84.0 127.0 107.0 
120.0 165.0 35.0 38.0 48.0 56.0 72.0 0 12.0 125.0 105.0 
132.0 177.0 47.0 50.0 60.0 68.0 84.0 12.0 0 137.0 117.0 
175.0 220.0 90.0 93.0 103.0 111.0 127.0 125.0 137.0 0 160.0 
15.0 60.0 70.0 73.0 83.0 91.0 107.0 105.0 117.0 160.0 0 
