31
MASA03 MASA08 MASA09 MASA10 MASA11 MASB03 MASB08 MASB09 MASB10 MASB11 MASC03 MASC08 MASC09 MASC10 MASC11 MBSA03 MBSA08 MBSA09 MBSA10 MBSA11 MBSB03 MBSB08 MBSB09 MBSB10 MBSB11 MBSC03 MBSC08 MBSC09 MBSC10 MBSC11 MASA01
0 14.0 23.0 24.0 25.0 48.0 58.0 67.0 68.0 69.0 91.0 101.0 110.0 111.0 112.0 135.0 145.0 154.0 155.0 156.0 179.0 189.0 198.0 199.0 200.0 222.0 232.0 241.0 242.0 243.0 22.0 
14.0 0 9.0 10.0 11.0 34.0 44.0 53.0 54.0 55.0 77.0 87.0 96.0 97.0 98.0 121.0 131.0 140.0 141.0 142.0 165.0 175.0 184.0 185.0 186.0 208.0 218.0 227.0 228.0 229.0 32.0 
23.0 9.0 0 1.0 2.0 25.0 35.0 44.0 45.0 46.0 68.0 78.0 87.0 88.0 89.0 112.0 122.0 131.0 132.0 133.0 156.0 166.0 175.0 176.0 177.0 199.0 209.0 218.0 219.0 220.0 41.0 
24.0 10.0 1.0 0 1.0 24.0 34.0 43.0 44.0 45.0 67.0 77.0 86.0 87.0 88.0 111.0 121.0 130.0 131.0 132.0 155.0 165.0 174.0 175.0 176.0 198.0 208.0 217.0 218.0 219.0 42.0 
25.0 11.0 2.0 1.0 0 23.0 33.0 42.0 43.0 44.0 66.0 76.0 85.0 86.0 87.0 110.0 120.0 129.0 130.0 131.0 154.0 164.0 173.0 174.0 175.0 197.0 207.0 216.0 217.0 218.0 43.0 
48.0 34.0 25.0 24.0 23.0 0 14.0 23.0 24.0 25.0 47.0 57.0 66.0 67.0 68.0 91.0 101.0 110.0 111.0 112.0 135.0 145.0 154.0 155.0 156.0 178.0 188.0 197.0 198.0 199.0 66.0 
58.0 44.0 35.0 34.0 33.0 14.0 0 9.0 10.0 11.0 33.0 43.0 52.0 53.0 54.0 77.0 87.0 96.0 97.0 98.0 121.0 131.0 140.0 141.0 142.0 164.0 174.0 183.0 184.0 185.0 76.0 
67.0 53.0 44.0 43.0 42.0 23.0 9.0 0 1.0 2.0 24.0 34.0 43.0 44.0 45.0 68.0 78.0 87.0 88.0 89.0 112.0 122.0 131.0 132.0 133.0 155.0 165.0 174.0 175.0 176.0 85.0 
68.0 54.0 45.0 44.0 43.0 24.0 10.0 1.0 0 1.0 23.0 33.0 42.0 43.0 44.0 67.0 77.0 86.0 87.0 88.0 111.0 121.0 130.0 131.0 132.0 154.0 164.0 173.0 174.0 175.0 86.0 
69.0 55.0 46.0 45.0 44.0 25.0 11.0 2.0 1.0 0 22.0 32.0 41.0 42.0 43.0 66.0 76.0 85.0 86.0 87.0 110.0 120.0 129.0 130.0 131.0 153.0 163.0 172.0 173.0 174.0 87.0 
91.0 77.0 68.0 67.0 66.0 47.0 33.0 24.0 23.0 22.0 0 14.0 23.0 24.0 25.0 48.0 58.0 67.0 68.0 69.0 92.0 102.0 111.0 112.0 113.0 135.0 145.0 154.0 155.0 156.0 109.0 
101.0 87.0 78.0 77.0 76.0 57.0 43.0 34.0 33.0 32.0 14.0 0 9.0 10.0 11.0 34.0 44.0 53.0 54.0 55.0 78.0 88.0 97.0 98.0 99.0 121.0 131.0 140.0 141.0 142.0 119.0 
110.0 96.0 87.0 86.0 85.0 66.0 52.0 43.0 42.0 41.0 23.0 9.0 0 1.0 2.0 25.0 35.0 44.0 45.0 46.0 69.0 79.0 88.0 89.0 90.0 112.0 122.0 131.0 132.0 133.0 128.0 
111.0 97.0 88.0 87.0 86.0 67.0 53.0 44.0 43.0 42.0 24.0 10.0 1.0 0 1.0 24.0 34.0 43.0 44.0 45.0 68.0 78.0 87.0 88.0 89.0 111.0 121.0 130.0 131.0 132.0 129.0 
112.0 98.0 89.0 88.0 87.0 68.0 54.0 45.0 44.0 43.0 25.0 11.0 2.0 1.0 0 23.0 33.0 42.0 43.0 44.0 67.0 77.0 86.0 87.0 88.0 110.0 120.0 129.0 130.0 131.0 130.0 
135.0 121.0 112.0 111.0 110.0 91.0 77.0 68.0 67.0 66.0 48.0 34.0 25.0 24.0 23.0 0 14.0 23.0 24.0 25.0 48.0 58.0 67.0 68.0 69.0 91.0 101.0 110.0 111.0 112.0 153.0 
145.0 131.0 122.0 121.0 120.0 101.0 87.0 78.0 77.0 76.0 58.0 44.0 35.0 34.0 33.0 14.0 0 9.0 10.0 11.0 34.0 44.0 53.0 54.0 55.0 77.0 87.0 96.0 97.0 98.0 163.0 
154.0 140.0 131.0 130.0 129.0 110.0 96.0 87.0 86.0 85.0 67.0 53.0 44.0 43.0 42.0 23.0 9.0 0 1.0 2.0 25.0 35.0 44.0 45.0 46.0 68.0 78.0 87.0 88.0 89.0 172.0 
155.0 141.0 132.0 131.0 130.0 111.0 97.0 88.0 87.0 86.0 68.0 54.0 45.0 44.0 43.0 24.0 10.0 1.0 0 1.0 24.0 34.0 43.0 44.0 45.0 67.0 77.0 86.0 87.0 88.0 173.0 
156.0 142.0 133.0 132.0 131.0 112.0 98.0 89.0 88.0 87.0 69.0 55.0 46.0 45.0 44.0 25.0 11.0 2.0 1.0 0 23.0 33.0 42.0 43.0 44.0 66.0 76.0 85.0 86.0 87.0 174.0 
179.0 165.0 156.0 155.0 154.0 135.0 121.0 112.0 111.0 110.0 92.0 78.0 69.0 68.0 67.0 48.0 34.0 25.0 24.0 23.0 0 14.0 23.0 24.0 25.0 47.0 57.0 66.0 67.0 68.0 197.0 
189.0 175.0 166.0 165.0 164.0 145.0 131.0 122.0 121.0 120.0 102.0 88.0 79.0 78.0 77.0 58.0 44.0 35.0 34.0 33.0 14.0 0 9.0 10.0 11.0 33.0 43.0 52.0 53.0 54.0 207.0 
198.0 184.0 175.0 174.0 173.0 154.0 140.0 131.0 130.0 129.0 111.0 97.0 88.0 87.0 86.0 67.0 53.0 44.0 43.0 42.0 23.0 9.0 0 1.0 2.0 24.0 34.0 43.0 44.0 45.0 216.0 
199.0 185.0 176.0 175.0 174.0 155.0 141.0 132.0 131.0 130.0 112.0 98.0 89.0 88.0 87.0 68.0 54.0 45.0 44.0 43.0 24.0 10.0 1.0 0 1.0 23.0 33.0 42.0 43.0 44.0 217.0 
200.0 186.0 177.0 176.0 175.0 156.0 142.0 133.0 132.0 131.0 113.0 99.0 90.0 89.0 88.0 69.0 55.0 46.0 45.0 44.0 25.0 11.0 2.0 1.0 0 22.0 32.0 41.0 42.0 43.0 218.0 
222.0 208.0 199.0 198.0 197.0 178.0 164.0 155.0 154.0 153.0 135.0 121.0 112.0 111.0 110.0 91.0 77.0 68.0 67.0 66.0 47.0 33.0 24.0 23.0 22.0 0 14.0 23.0 24.0 25.0 240.0 
232.0 218.0 209.0 208.0 207.0 188.0 174.0 165.0 164.0 163.0 145.0 131.0 122.0 121.0 120.0 101.0 87.0 78.0 77.0 76.0 57.0 43.0 34.0 33.0 32.0 14.0 0 9.0 10.0 11.0 250.0 
241.0 227.0 218.0 217.0 216.0 197.0 183.0 174.0 173.0 172.0 154.0 140.0 131.0 130.0 129.0 110.0 96.0 87.0 86.0 85.0 66.0 52.0 43.0 42.0 41.0 23.0 9.0 0 1.0 2.0 259.0 
242.0 228.0 219.0 218.0 217.0 198.0 184.0 175.0 174.0 173.0 155.0 141.0 132.0 131.0 130.0 111.0 97.0 88.0 87.0 86.0 67.0 53.0 44.0 43.0 42.0 24.0 10.0 1.0 0 1.0 260.0 
243.0 229.0 220.0 219.0 218.0 199.0 185.0 176.0 175.0 174.0 156.0 142.0 133.0 132.0 131.0 112.0 98.0 89.0 88.0 87.0 68.0 54.0 45.0 44.0 43.0 25.0 11.0 2.0 1.0 0 261.0 
22.0 32.0 41.0 42.0 43.0 66.0 76.0 85.0 86.0 87.0 109.0 119.0 128.0 129.0 130.0 153.0 163.0 172.0 173.0 174.0 197.0 207.0 216.0 217.0 218.0 240.0 250.0 259.0 260.0 261.0 0 
