19
46 32 11 44 17 31 38 5 21 22 27 8 29 26 41 7 28 47 45
0 3203276.31354 5966930.12059 7367110.18736 9481109.07325 8519201.7653 6599000.67339 8985586.52542 10929388.51098 11945008.71411 15930508.96423 13629699.63405 11413257.6754 9893158.80547 9859828.93742 7362995.58529 5348656.70372 3595270.76932 1360574.27761 
3203276.31354 0 2765584.38834 4237649.2871 6284542.895 5698286.76849 3692190.86643 7128982.79789 9104040.85447 9808260.4973 13689335.87636 12915326.97554 11572166.89362 10176698.91386 10800069.7327 8603383.5937 7795272.77702 5169024.75947 2241323.37102 
5966930.12059 2765584.38834 0 1674591.79151 3520967.92404 3912866.11694 2216772.5547 6583020.4901 8374993.18826 8653331.42888 12232013.63281 13060353.99779 12520612.16884 11302671.03131 12354662.38769 10470135.20895 10302927.98946 7490613.59792 4947526.33147 
7367110.18736 4237649.2871 1674591.79151 0 2303721.80809 4510794.6986 3395314.89297 7690352.95634 9315826.15612 9340960.90047 12615209.79806 14293060.18173 14021348.40424 12855618.82024 13982669.86456 12137336.02996 11932128.36887 9147368.71746 6474703.19515 
9481109.07325 6284542.895 3520967.92404 2303721.80809 0 4107823.76735 4091812.85282 7635440.09023 8890706.04908 8536111.83548 11297782.8074 14216497.84517 14559279.70883 13568766.33507 14964524.60801 13398283.84762 13686846.29583 10807614.12223 8460580.69092 
8519201.7653 5698286.76849 3912866.11694 4510794.6986 4107823.76735 0 2009000.67498 3531673.86942 4875288.10638 4836851.17581 8319268.44674 10115702.25748 10584024.08147 9719800.31039 11325178.91581 10143435.62133 11310462.82853 8417503.50994 7199575.96958 
6599000.67339 3692190.86643 2216772.5547 3395314.89297 4091812.85282 2009000.67498 0 4380301.68325 6159007.29475 6497084.39472 10200820.95584 10923696.65392 10684803.95875 9587867.78029 10891132.87392 9317381.45838 9905408.78606 6984854.45492 5316689.12742 
8985586.52542 7128982.79789 6583020.4901 7690352.95634 7635440.09023 3531673.86942 4380301.68325 0 1983722.69173 3029885.14971 7005710.02058 6633028.71754 7195826.88579 6532679.11465 8387387.55407 7799934.58634 9963590.04121 7406655.78129 7650059.78326 
10929388.51098 9104040.85447 8374993.18826 9315826.15612 8890706.04908 4875288.10638 6159007.29475 1983722.69173 0 1551308.08532 5233521.41064 5460185.00946 7065322.06719 6822299.32881 8890714.96162 8846602.77332 11452911.77847 9094051.02243 9605222.49295 
11945008.71411 9808260.4973 8653331.42888 9340960.90047 8536111.83548 4836851.17581 6497084.39472 3029885.14971 1551308.08532 0 3990360.40217 6462758.18668 8512964.31958 8351567.51178 10433581.76514 10377760.7884 12879744.12675 10412723.59477 10594470.03725 
15930508.96423 13689335.87636 12232013.63281 12615209.79806 11297782.8074 8319268.44674 10200820.95584 7005710.02058 5233521.41064 3990360.40217 0 7758174.47219 10964674.35823 11268892.54509 13415627.9279 13853955.05554 16661738.52691 14323125.83957 14577386.75969 
13629699.63405 12915326.97554 13060353.99779 14293060.18173 14216497.84517 10115702.25748 10923696.65392 6633028.71754 5460185.00946 6462758.18668 7758174.47219 0 3826674.30997 4864867.53466 6741028.12341 8267271.92335 11827025.72696 10604866.74616 12537418.67981 
11413257.6754 11572166.89362 12520612.16884 14021348.40424 14559279.70883 10584024.08147 10684803.95875 7195826.88579 7065322.06719 8512964.31958 10964674.35823 3826674.30997 0 1532525.19303 2942226.08641 4860766.11258 8508551.23323 7972493.82127 10575043.35831 
9893158.80547 10176698.91386 11302671.03131 12855618.82024 13568766.33507 9719800.31039 9587867.78029 6532679.11465 6822299.32881 8351567.51178 11268892.54509 4864867.53466 1532525.19303 0 2146765.15911 3451275.04908 7082957.23682 6440049.54156 9084140.43227 
9859828.93742 10800069.7327 12354662.38769 13982669.86456 14964524.60801 11325178.91581 10891132.87392 8387387.55407 8890714.96162 10433581.76514 13415627.9279 6741028.12341 2942226.08641 2146765.15911 0 2545469.34595 5981265.41721 6264755.50723 9315825.37701 
7362995.58529 8603383.5937 10470135.20895 12137336.02996 13398283.84762 10143435.62133 9317381.45838 7799934.58634 8846602.77332 10377760.7884 13853955.05554 8267271.92335 4860766.11258 3451275.04908 2545469.34595 0 3647926.47034 3776417.41894 6924077.03516 
5348656.70372 7795272.77702 10302927.98946 11932128.36887 13686846.29583 11310462.82853 9905408.78606 9963590.04121 11452911.77847 12879744.12675 16661738.52691 11827025.72696 8508551.23323 7082957.23682 5981265.41721 3647926.47034 0 2921089.32456 5613203.72725 
3595270.76932 5169024.75947 7490613.59792 9147368.71746 10807614.12223 8417503.50994 6984854.45492 7406655.78129 9094051.02243 10412723.59477 14323125.83957 10604866.74616 7972493.82127 6440049.54156 6264755.50723 3776417.41894 2921089.32456 0 3220428.09829 
1360574.27761 2241323.37102 4947526.33147 6474703.19515 8460580.69092 7199575.96958 5316689.12742 7650059.78326 9605222.49295 10594470.03725 14577386.75969 12537418.67981 10575043.35831 9084140.43227 9315825.37701 6924077.03516 5613203.72725 3220428.09829 0 
