98
123 8 73 109 95 28 117 166 151 102 35 118 96 143 60 13 94 40 168 97 172 129 36 190 33 71 52 81 83 84 127 126 29 27 53 23 146 174 152 107 49 194 184 181 78 34 183 70 158 11 147 69 20 0 72 171 160 154 131 24 42 56 54 9 170 17 105 188 157 21 44 182 75 114 144 165 119 138 59 58 14 162 80 64 66 120 136 169 121 85 130 124 163 68 187 88 74 112
0 690814.855 764535.18425 1298328.96462 1117601.36974 2062566.0088 2910320.63915 3474656.18467 2894888.2802 1940686.81558 1558566.15442 2121665.18154 3056869.13779 2779463.59301 3118730.20631 2253913.48295 2350620.80848 1074465.47305 3816555.22485 4209717.46291 4643491.77478 4985557.82871 5295960.98125 5003955.02784 5990407.07892 4946088.28831 4155296.87092 4316815.71451 3697456.08777 2867675.9174 2988760.63396 3141996.2583 3006345.73879 3763862.74871 3973412.18753 4345921.50942 3460406.18856 5242689.08305 5741534.56923 5828406.00466 6017430.0702 7331229.74624 8281616.2995 7833140.76354 7774553.00183 6563606.4292 5864887.41693 5371468.8505 4775339.6323 5021924.65672 4206994.19687 2889850.66421 5649377.86435 4817325.33142 6455054.9098 7449116.80679 9191482.06618 9831996.55638 9734036.3474 9148106.68053 9759397.85889 9684697.70188 10197665.30884 11252811.72935 11700759.4234 11957577.40611 11952459.7606 11316205.93182 10916253.78954 10965774.05812 10280348.94238 10679051.25299 11868576.25844 11872734.55081 12823902.74885 12943271.77817 12299590.78673 13605297.28211 10315025.93485 9481258.71278 8549861.70849 8342648.18181 9590749.48455 9741213.89232 7891959.1543 7107963.50708 7472549.73723 7049175.34775 5548836.41481 6303429.60408 8241619.96221 8940914.63549 10693995.11501 10977006.75775 10992304.60303 11760594.91683 12437089.78287 613376.99512 
690814.855 0 184083.88619 768095.57349 1310986.54977 2293173.58988 3259523.21027 3941268.65695 3492692.62236 2573159.64131 2091065.80648 2733559.49367 3612638.64653 2961014.34779 3253620.1347 2416381.80407 2342127.68085 1181015.40322 3394872.65907 3939876.93257 4348247.6067 4587953.93892 4752776.91148 4409596.69754 5383113.7397 4283975.18953 3473112.84002 3626560.37669 3055339.45209 2205963.29044 2365785.36796 2536975.34185 2482473.66196 3237682.19238 3409114.90478 3702806.61071 2800777.59678 4569231.04996 5052074.45403 5138830.09697 5327832.23913 6659507.37893 7629480.54608 7200711.14801 7146622.15705 5930243.91627 5232588.36741 4813738.54762 4298596.56934 4704152.56342 4083108.98505 2583561.86693 5638704.09586 5141447.46508 5900146.34866 6915597.99183 8598379.48866 9247916.50342 9110183.62159 8519477.08956 9101238.34631 9023766.24427 9515915.40553 10577833.80558 11019900.21922 11269110.0499 11261757.38334 10625545.81785 10225467.66002 10278566.79256 9598168.36444 10004140.95052 11205326.99181 11222413.90389 12201688.04701 12318721.58638 11705268.46865 13017990.96812 9726056.28636 8890086.15133 8010172.09983 7861282.97678 9093460.20137 9365844.78353 7710681.7924 6952394.46174 7450957.55711 7055234.67818 5399542.3036 5828918.93839 7594761.1402 8250166.01591 10059661.49184 10340028.61101 10389478.98182 11145782.55595 11792836.07197 1303499.11816 
764535.18425 184083.88619 0 596884.86898 1196428.21544 2166096.84131 3150935.79482 3861432.78626 3464427.90166 2568087.71216 2047005.78482 2857369.38999 3755160.43188 3144431.33077 3437696.6872 2599826.3766 2524106.43414 1362998.28354 3516249.33716 4091649.96142 4494687.71956 4712050.20396 4830257.98899 4464098.46933 5428722.17516 4291362.01657 3455992.75163 3585663.69729 3083644.98512 2103388.48581 2237533.06589 2400640.64098 2320889.20431 3078012.31754 3259600.20761 3587088.62193 2696570.8886 4478394.11124 4990280.27484 5077505.63652 5266524.77371 6566723.52922 7520455.25366 7079874.30158 7023469.80177 5809643.30163 5111226.50683 4663579.33518 4130592.0705 4521470.35899 3902682.67056 2399724.26651 5465412.80789 5020656.3654 5749787.14474 6760194.15195 8460783.75617 9107303.10758 8985343.61946 8396889.41543 8996621.45333 8921285.37246 9435516.30779 10488527.24344 10938098.80916 11202526.75097 11213316.24705 10577768.17813 10172200.44637 10245912.76501 9576241.84071 9992856.52819 11206687.55056 11235241.80194 12233960.76971 12349504.22665 11753405.1887 13069275.94886 9777724.57247 8941086.48688 8084955.58488 7957203.90264 9183207.38314 9490169.39644 7871384.30746 7116862.90772 7628155.3299 7234385.45955 5565990.29993 5929223.92409 7611963.13487 8201495.29991 9940178.30126 10221994.29717 10255781.723 11017070.79337 11679058.15168 1362836.72342 
1298328.96462 768095.57349 596884.86898 0 1235745.98015 2068420.07681 3101265.94781 3908522.9428 3685928.79886 2872349.77178 2259667.31233 3418905.42067 4337216.35213 3711349.90194 3990005.42679 3167321.77755 3042352.7636 1942638.46549 3742036.41875 4434262.52341 4810952.80655 4935165.80599 4880300.97561 4439016.85813 5364603.79357 4114658.84792 3215102.12467 3270636.69598 2995155.90229 1639817.14929 1703634.8405 1846860.00824 1727179.76643 2485302.16612 2678697.22318 3070542.74248 2216639.39479 4016771.95564 4602141.95725 4690128.69203 4878120.44275 6092801.27812 7007938.18792 6543465.83497 6482590.59044 5275469.82676 4576874.636 4080162.13339 3533707.41602 3955856.42973 3439854.48556 1857406.86629 5058102.96497 4893783.85815 5165487.82007 6170051.30495 7893377.96648 8535033.80118 8439704.23956 7855884.89767 8491991.12339 8421415.05776 8986523.19399 10017095.19555 10484064.12121 10785950.44218 10844260.54576 10211342.05858 9791618.36619 9921735.09224 9283931.99552 9730850.76264 10980350.01419 11044021.40475 12102653.14807 12213227.15478 11674873.33884 12999308.42175 9714959.4577 8878280.51765 8106640.79231 8055592.66617 9255216.4371 9694132.96838 8240714.31759 7507197.87424 8093672.872 7715157.2516 5971101.51272 6053082.40591 7443663.85741 7836986.79208 9404163.68267 9688648.40956 9694010.10067 10463528.2052 11153429.35573 1845410.05255 
1117601.36974 1310986.54977 1196428.21544 1235745.98015 0 988326.62684 1954534.69275 2694614.28871 2469688.4445 1740417.19249 1066960.41196 2874576.85533 3875866.61489 3888948.8098 4233433.37549 3368776.12052 3457944.23942 2184598.48737 4705483.52719 5225290.47185 5643084.02565 5898936.27177 6014267.88461 5620309.99963 6566795.422 5347410.28496 4450658.73001 4493608.20364 4201279.66511 2798014.79484 2754446.1174 2837173.32701 2508720.94138 3215166.71045 3501684.84373 4101073.98559 3334795.47834 5122697.59343 5779090.41539 5867135.25996 6053242.22602 7160408.81916 7992934.43973 7468253.71612 7393958.24075 6220686.87053 5531786.7008 4832351.91729 4086212.35079 4100408.96745 3138929.40233 2035710.51565 4535359.55099 3830462.60574 5886180.8184 6818161.88066 8686701.19421 9297636.75997 9320100.19687 8755799.7457 9486456.06173 9426644.38034 10078480.39142 11070797.87584 11564467.00579 11914900.03186 12018622.03256 11388602.87634 10958039.21227 11126526.8787 10503456.5516 10959260.64232 12214561.5236 12279703.58641 13331179.3019 13442824.36105 12887271.01693 14208657.68862 10920148.1103 10083069.34238 9263764.32978 9152069.94333 10374882.914 10676808.50766 8961895.97574 8187954.75216 8586850.56103 8165794.04247 6629078.63947 7125377.35903 8677256.15568 9019801.60232 10311256.19274 10602669.85938 10502830.33806 11303846.6536 12084428.00057 1241975.85451 
2062566.0088 2293173.58988 2166096.84131 2068420.07681 988326.62684 0 1036768.36812 1908727.86906 2082863.95029 1752247.69349 1116219.59559 3449565.7244 4449803.94565 4776254.66956 5134456.40188 4275339.04099 4412809.97058 3136796.00572 5682301.18345 6213381.89356 6631369.5578 6877765.13626 6937942.15905 6507434.46863 7428749.5103 6138348.67731 5204376.99661 5179472.71745 5060222.25813 3416129.01912 3262202.52682 3282267.82093 2819512.66067 3401293.94445 3743406.60419 4508778.93123 3876406.82497 5588794.50576 6342490.48086 6429436.79765 6609628.17312 7539439.61689 8258608.32564 7673333.55987 7585710.12415 6471024.67927 5809316.08085 4935028.78324 4054548.57786 3739553.73136 2512002.27025 1982507.62834 3696618.16806 2856231.9507 5922818.13617 6765028.80874 8738148.86693 9311508.44144 9453521.80265 8916452.88942 9747492.97464 9701361.83907 10463567.45265 11395941.80998 11924098.93027 12347413.72486 12533359.21632 11911609.02803 11461209.88818 11714239.00085 11137375.21673 11627997.77392 12919321.17595 13021567.2283 14128030.57714 14235054.09667 13728486.89042 15055325.85439 11775182.67839 10939090.91603 10173006.35537 10097673.24464 11309408.27572 11656010.79755 9942378.98838 9164245.04671 9525592.56868 9094783.16561 7604905.47405 8079270.45842 9452910.77089 9565537.93396 10464287.5933 10760997.35989 10550513.7254 11377457.67676 12251687.31268 2000249.69999 
2910320.63915 3259523.21027 3150935.79482 3101265.94781 1954534.69275 1036768.36812 0 948302.82435 1600349.00786 1819974.98 1511298.73795 3806474.95025 4749774.89178 5453995.72749 5827324.65332 4992975.29744 5213479.16415 3956248.37059 6652648.23026 7118067.165 7548129.11027 7842653.12466 7958084.4897 7539002.82158 8464289.41345 7173334.08637 6235926.20239 6198485.24022 6095294.41029 4428756.95138 4246634.38813 4245303.58025 3743177.31265 4243633.56322 4604683.36177 5435736.60617 4863253.52346 6529937.4084 7319027.91544 7405144.69044 7582203.0484 8422673.18114 9069550.28504 8449412.01827 8353634.21765 7288442.45874 6651061.08513 5681908.31022 4732413.1134 4144273.60054 2704663.85965 2780855.50714 3411460.73315 1907071.05622 6602304.94656 7359172.68804 9392888.93863 9931270.43362 10164950.0663 9651533.5715 10546205.4854 10509258.45929 11336004.40182 12228747.45276 12776560.44991 13241431.93725 13470519.83741 12853956.50927 12394697.93479 12686408.1731 12128773.81773 12631196.11113 13932927.13552 14045020.32372 15161526.65243 15267898.95737 14765248.42937 16092082.95331 12811635.67464 11975452.312 11199707.28196 11105373.36871 12324753.16469 12617567.34233 10786391.50097 9993331.92917 10253067.14872 9803552.25232 8437340.06993 9079819.21194 10484469.57831 10523578.69619 11183819.51987 11482796.09109 11188585.37916 12031366.40264 12973100.56664 2673638.32021 
3474656.18467 3941268.65695 3861432.78626 3908522.9428 2694614.28871 1908727.86906 948302.82435 0 1160523.04715 1877176.39473 1924763.47095 3854003.21536 4695736.63336 5744708.95009 6125229.75701 5338081.69694 5643587.63553 4443352.34783 7287947.6604 7649180.78206 8092557.86783 8460213.61149 8691042.69959 8313706.91162 9261148.59476 8017310.72058 7096155.39075 7085448.7069 6894408.48622 5324633.30465 5164922.97036 5173895.54468 4682634.50973 5191898.81799 5552567.61874 6376430.48407 5780570.49321 7467817.53008 8243403.61317 8329987.41648 8508702.93799 9370327.96119 10015165.55187 9390931.68736 9293960.0522 8235213.06035 7599209.19648 6621814.10747 5662509.97306 4999342.08403 3513954.63056 3729147.71387 3897141.65679 1672805.01297 7527176.68505 8257962.21777 10305982.49737 10832625.84371 11092378.6801 10584768.64112 11489954.55509 11454136.88219 12284249.40832 13175705.29102 13724588.63975 14188789.03552 14411129.82377 13793104.69275 13336076.6354 13614068.15338 13044491.28139 13536725.50394 14826310.64075 14922125.57621 16008519.32033 16117866.60286 15579917.29923 16902299.91919 13614441.04448 12777377.14472 11946385.22259 11796410.75066 13033432.47597 13210290.51241 11208726.49065 10400666.33262 10534465.22746 10066703.11737 8860382.3519 9759948.60954 11341301.19642 11457170.99654 12112392.8308 12411707.08374 12094137.98931 12941032.57097 13901029.43962 3096519.41743 
2894888.2802 3492692.62236 3464427.90166 3685928.79886 2469688.4445 2082863.95029 1600349.00786 1160523.04715 0 983992.16217 1429728.70958 2775149.38272 3562069.82869 4782989.0846 5162763.23799 4429247.90347 4806355.55197 3706710.67252 6656558.3314 6882260.8356 7335080.01154 7788255.42736 8189145.94154 7892458.69111 8872765.1659 7751568.35751 6887688.14465 6956083.64111 6545515.57827 5265996.21728 5197127.75661 5255697.71362 4848452.36255 5470953.67701 5803156.7818 6511509.74374 5791565.35143 7563095.97624 8245919.55287 8333910.41325 8519398.51324 9565899.33041 10325499.74876 9750847.16581 9664801.27685 8538655.41991 7868536.71911 7017774.51839 6130281.79099 5690675.39234 4291053.89032 4065362.17575 4945985.31109 2828019.32732 8001801.51287 8824203.59532 10815222.68763 11381187.74041 11536370.38124 10998720.46516 11816984.47818 11767600.3413 12491230.6387 13448778.64468 13964284.65765 14351717.30017 14481370.67121 13852710.87487 13417730.48593 13596176.62427 12968874.30613 13415611.87165 14654423.02372 14696355.64461 15694202.85208 15810891.51046 15190042.37957 16498183.17581 13207111.98143 12372503.87035 11439958.1717 11199696.71355 12457232.10608 12472230.9891 10303817.16926 9486995.44522 9525070.29295 9047514.47364 7971067.91376 9162155.5387 11075797.94132 11486511.58465 12547053.0188 12843671.57862 12625275.79302 13455540.14859 14334253.31014 2380924.15125 
1940686.81558 2573159.64131 2568087.71216 2872349.77178 1740417.19249 1752247.69349 1819974.98 1877176.39473 983992.16217 0 703514.4002 2014130.09278 2932585.79722 3875148.16096 4256013.56981 3488880.8036 3839706.63806 2722854.46308 5674248.40272 5904301.30968 6356204.20809 6804263.31107 7221915.88595 6944416.0368 7930989.87375 6855531.78358 6021569.34355 6126532.95934 5625871.77701 4499683.08472 4487659.71765 4576666.8805 4239358.60115 4924370.30268 5226620.05982 5840389.59301 5055654.58185 6851734.09685 7473544.0503 7561573.33157 7749296.81214 8898689.70145 9730576.04174 9196623.6671 9119512.92345 7954908.91129 7268427.12601 6525328.47388 5715038.17077 5490589.92755 4233384.17161 3621701.61107 5202374.2848 3500050.82434 7557170.35683 8447459.26424 10370470.55605 10965910.88448 11033436.81427 10475859.30174 11224398.36108 11165656.71395 11814138.42809 12810972.02052 13302381.11823 13640324.94017 13716233.76576 13083551.26269 12662081.69057 12787339.47521 12133883.11727 12558976.91538 13774180.28004 13795570.24658 14763035.33021 14881807.80419 14238944.71376 15542880.5325 12253536.31406 11420379.21126 10468257.72435 10217746.21904 11476499.02543 11493173.2097 9368936.14145 8555789.13958 8658138.52822 8189630.16885 7027571.60593 8180864.90555 10167602.95674 10709336.52686 12030910.53732 12323893.08999 12187390.85023 12999374.45782 13808758.18194 1401445.05661 
1558566.15442 2091065.80648 2047005.78482 2259667.31233 1066960.41196 1116219.59559 1511298.73795 1924763.47095 1429728.70958 703514.4002 0 2376148.58275 3363014.0317 3944993.73864 4319729.40039 3493025.29784 3747899.77406 2523695.17537 5374931.14766 5726675.31008 6168808.09761 6540528.99213 6831146.5164 6500651.30639 7472233.63349 6325430.18155 5457970.90869 5530224.62012 5130524.75219 3859457.83804 3820983.03942 3899609.48531 3544838.52051 4223159.02282 4528816.75716 5163192.84468 4401243.70621 6189530.08164 6840296.39542 6928369.47488 7115003.15624 8223252.43453 9038843.98793 8498743.23712 8420610.30026 7260420.90296 6576168.25147 5822101.04209 5013725.8935 4826690.3984 3627889.84848 2921211.7226 4733228.66036 3375755.45795 6853834.21706 7747285.61213 9666969.3352 10262928.81134 10331536.50326 9775255.25273 10532832.41121 10475763.40899 11143122.39995 12129359.25594 12627304.65997 12981822.19927 13081768.67 12451032.732 12022553.56545 12178308.2387 11543553.03416 11986758.4984 13224870.35558 13269719.23875 14280779.2114 14396049.9041 13795654.40845 15108981.77943 11817048.5797 10980988.7942 10088662.71895 9899432.11342 11145031.62582 11285775.16622 9325189.51498 8524311.66088 8746680.09429 8294676.25581 6974263.53713 7860506.01983 9652051.09013 10080443.10928 11330074.55979 11623394.71621 11483898.41768 12295952.56733 13108984.83225 1189498.63668 
2121665.18154 2733559.49367 2857369.38999 3418905.42067 2874576.85533 3449565.7244 3806474.95025 3854003.21536 2775149.38272 2014130.09278 2376148.58275 0 1007020.73087 2149037.24116 2509931.47704 1959327.24521 2490258.57626 1977089.3616 4681658.15976 4569288.34489 5020615.13534 5642719.01183 6414677.27087 6330025.49479 7324211.07099 6576527.96079 5939348.25872 6192994.39432 5290097.12804 4934909.92749 5094649.18104 5256582.25465 5124231.40237 5880077.57999 6095018.12535 6436216.83965 5529464.27224 7275298.43794 7675177.56212 7759401.78033 7946556.01022 9364160.07905 10358191.38992 9934110.4892 9879324.68847 8663642.43647 7965784.37931 7491998.51608 6867104.76787 6974983.35512 5932525.35966 4889529.1458 7109371.13897 5505147.15977 8574566.94469 9561714.39661 11312106.60764 11953587.05351 11842087.68539 11252450.59156 11824240.73834 11743670.57861 12182043.07113 13268503.44347 13687859.92779 13879605.12033 13785295.53028 13148392.31726 12778271.93634 12717014.06697 11973775.83204 12302141.88686 13394069.1576 13314087.87586 14098296.31077 14228879.81144 13440991.3743 14699503.20261 11459164.81658 10650092.38729 9522564.05287 9098137.22992 10370707.76955 10074719.69873 7658035.61558 6835633.2139 6768368.63103 6285267.18796 5376787.55573 7120695.19503 9707864.66184 10791089.64613 12793220.88543 13073477.24588 13110891.92883 13874391.66272 14524567.39767 1660593.8459 
3056869.13779 3612638.64653 3755160.43188 4337216.35213 3875866.61489 4449803.94565 4749774.89178 4695736.63336 3562069.82869 2932585.79722 3363014.0317 1007020.73087 0 2080016.90159 2353310.21498 2151275.92492 2734278.7365 2668600.44848 4961225.98592 4625571.64348 5053411.23584 5771666.88942 6728541.92056 6745675.04533 7717203.40505 7136467.40697 6593600.01046 6893400.13632 5866986.72351 5778084.02071 5974879.95264 6149526.78938 6059625.74555 6817978.15576 7013949.44448 7288958.43127 6367878.714 8068365.99055 8392417.40307 8474057.47424 8658203.00576 10145539.82939 11179654.53598 10788503.50915 10739906.57752 9519824.02723 8825367.33661 8416950.12348 7829379.37696 7975352.89017 6938564.9216 5879652.0307 8091677.13165 6366110.59305 9502594.98107 10504077.65006 12210599.52761 12860505.24546 12705186.23021 12109797.90994 12628842.00233 12542175.47205 12910969.72449 14021206.80805 14414501.75769 14553924.2071 14396137.30376 13761449.02584 13413387.18977 13279168.99522 12504424.26878 12788516.88591 13816568.9942 13689378.86556 14376673.66622 14512466.43134 13653426.2517 14878320.21348 11690897.31038 10903696.53339 9692932.89717 9169303.15525 10433072.12805 9926739.54939 7292587.99185 6475262.2244 6207691.42366 5710514.95122 5124744.18229 7268409.37129 10129393.60362 11428469.97301 13639912.27849 13915547.05134 13998699.30727 14747542.61897 15351853.90168 2648967.66968 
2779463.59301 2961014.34779 3144431.33077 3711349.90194 3888948.8098 4776254.66956 5453995.72749 5744708.95009 4782989.0846 3875148.16096 3944993.73864 2149037.24116 2080016.90159 0 380879.49959 544643.15397 892766.34014 1785483.7869 2956777.7704 2545678.89091 2976330.87622 3694552.52876 4717786.58494 4817132.70869 5753698.31167 5373176.32097 5006351.11916 5386359.77612 4175496.53878 4710345.44021 5022316.54272 5233882.14474 5339137.44499 6063554.66403 6157767.68965 6165133.56073 5244934.93873 6737875.37479 6872536.64268 6946667.34351 7120082.20963 8734247.71589 9856624.31026 9571116.10822 9543556.41439 8334629.5536 7669628.36432 7530459.22769 7167534.1526 7664159.5009 6975562.59866 5543585.67486 8424146.34281 7309162.14786 8598472.68365 9648415.23328 11126282.22908 11801029.72833 11487124.86131 10880933.36342 11240313.19963 11138862.20851 11344660.04281 12495071.0784 12830980.39361 12873007.9342 12617807.46062 11989934.91901 11676770.59857 11442893.14609 10635418.27957 10871446.5029 11840475.88254 11681201.65157 12320648.9902 12458139.44031 11580395.53826 12800110.76249 9623784.6798 8844124.59094 7615989.37367 7092335.5186 8358212.67158 7941993.72558 5532976.42512 4712661.78234 4803502.65131 4349722.73277 3230381.28206 5191071.14278 8168726.31543 9711995.92225 12359012.90344 12617844.0206 12851535.55821 13541005.63094 13998607.57013 2796636.63174 
3118730.20631 3253620.1347 3437696.6872 3990005.42679 4233433.37549 5134456.40188 5827324.65332 6125229.75701 5162763.23799 4256013.56981 4319729.40039 2509931.47704 2353310.21498 380879.49959 0 864828.28521 1020417.96775 2094255.21836 2835388.7626 2302015.04803 2713874.98395 3470145.13428 4572783.64442 4725970.66572 5635629.73496 5354772.23594 5054696.2995 5455252.52673 4198798.98671 4895954.88903 5226359.63907 5442214.42857 5579772.98801 6291595.24132 6367516.09447 6322511.35169 5411950.73859 6842745.19171 6925205.40287 6996638.94277 7165777.27962 8807046.35848 9947400.92546 9687892.3501 9665192.70701 8464094.33657 7809221.2703 7724799.76359 7402329.75107 7945740.05805 7298963.72891 5835990.3509 8767958.60802 7686685.95971 8783863.32999 9838248.05938 11266800.35332 11944820.49532 11597567.02182 10990642.85244 11310383.67405 11205403.70378 11365556.48074 12525034.87808 12843526.38134 12854864.39565 12565879.1672 11941645.63463 11641785.99135 11370226.0665 10550294.27994 10763447.7286 11699333.19156 11519753.2851 12118026.23089 12257289.08634 11354134.82483 12560067.64707 9409009.24791 8640454.05865 7383334.40112 6824272.30134 8084686.82199 7608333.66224 5158448.12946 4337377.90463 4427103.3263 3976708.91874 2867322.76861 4960939.44484 8043260.87418 9688940.55123 12452722.5103 12706974.10138 12974346.58315 13649299.69476 14071475.34994 3164275.35764 
2253913.48295 2416381.80407 2599826.3766 3167321.77755 3368776.12052 4275339.04099 4992975.29744 5338081.69694 4429247.90347 3488880.8036 3493025.29784 1959327.24521 2151275.92492 544643.15397 864828.28521 0 583004.36902 1242028.94356 2814472.52717 2609977.36407 3061468.45592 3697577.92061 4579825.64401 4601142.66294 5567510.5419 5059051.57785 4619014.38304 4975784.3652 3822325.09735 4204179.31147 4504265.09124 4713130.54455 4803614.32617 5532449.99138 5635149.88126 5675165.95464 4750079.74378 6288864.91634 6472621.44072 6549269.18287 6726546.54668 8310440.48636 9414826.03462 9107541.81532 9076091.98643 7862337.45081 7190392.76636 7014894.43596 6633131.6558 7119580.53179 6439407.10208 4999106.39478 7903136.07488 6867956.36446 8087264.00594 9134031.45551 10643099.11644 11315083.57981 11027033.59474 10421923.66907 10815843.33931 10717801.79961 10968979.99483 12108700.06437 12462555.42448 12538508.83537 12323642.89802 11692127.01827 11363368.32978 11176364.7059 10386443.73256 10652764.70158 11667044.44245 11538317.01461 12242184.5431 12376524.83413 11543547.74627 12786044.32267 9571128.62719 8774892.41286 7600889.35226 7145397.45656 8417401.41498 8139174.95345 5880116.14488 5067157.16223 5263903.35185 4823469.26193 3541975.77399 5185773.3811 7981304.35457 9387748.14327 11912371.84834 12174999.65035 12380699.04287 13081375.97466 13569392.48432 2320905.12123 
2350620.80848 2342127.68085 2524106.43414 3042352.7636 3457944.23942 4412809.97058 5213479.16415 5643587.63553 4806355.55197 3839706.63806 3747899.77406 2490258.57626 2734278.7365 892766.34014 1020417.96775 583004.36902 0 1276155.47314 2234030.46068 2109529.89404 2565462.32379 3152767.16375 3997888.50355 4021375.48009 4985249.24311 4508539.27611 4115330.09492 4493593.86217 3292382.74243 3875764.13648 4209215.93498 4426200.64058 4580859.70278 5283393.13523 5351363.82898 5305155.96021 4392475.84538 5850833.7272 5980398.16539 6054798.75369 6228725.84815 7841783.21595 8966662.30398 8688878.19435 8663342.24579 7457838.84996 6798176.1238 6704993.65413 6397033.07634 6985883.97945 6424164.30696 4899381.12218 7953639.50635 7112106.93897 7763450.07865 8817942.98855 10255980.40047 10932775.64257 10602781.86231 9996262.95264 10347783.20967 10246171.43481 10457556.92737 11605594.35518 11946086.09257 12001049.95011 11767322.95746 11137157.7923 10815109.47908 10610214.21516 9815268.28303 10075318.1268 11084704.01799 10955362.63699 11664578.35996 11798432.17847 10974193.62712 12222160.88209 8998936.13068 8199739.18111 7039659.09297 6610151.74536 7882872.00711 7685917.62182 5577872.68007 4780434.40288 5133546.94134 4723705.0529 3227008.91823 4631686.33856 7399585.0533 8844298.83101 11469915.7458 11727795.1605 11972268.25483 12656120.60054 13106355.61822 2558431.01148 
1074465.47305 1181015.40322 1362998.28354 1942638.46549 2184598.48737 3136796.00572 3956248.37059 4443352.34783 3706710.67252 2722854.46308 2523695.17537 1977089.3616 2668600.44848 1785483.7869 2094255.21836 1242028.94356 1276155.47314 0 2969250.0325 3206719.34678 3652673.86884 4082234.05755 4599840.76011 4428499.76555 5428358.35089 4604133.36877 3967497.37993 4239368.46118 3317102.66982 3155541.14743 3402160.83014 3597378.58265 3622893.32742 4367700.25854 4504130.35733 4663054.84896 3734457.33221 5403166.35661 5733175.84881 5815857.96217 6001354.23475 7477356.18788 8521059.01833 8151288.05592 8108303.31513 6887373.91801 6198650.46484 5902441.71194 5450807.40036 5884355.1007 5205818.39519 3759432.66718 6698577.32429 5860864.23136 6985375.99488 8018168.33759 9621227.47471 10282886.84999 10072167.2562 9472680.12936 9963671.05506 9875713.43934 10250208.66907 11354806.98959 11754953.32621 11919689.80809 11809884.57201 11173126.90858 10806482.15008 10740663.92171 10001723.21483 10340960.8881 11456830.78354 11402182.6603 12251356.12138 12377440.42634 11653366.93539 12938149.35008 9664536.31026 8840814.76587 7807854.52119 7508871.28324 8772993.74629 8783187.6661 6831030.3866 6041781.14974 6402377.5904 5983824.40436 4483752.01833 5477494.5172 7779918.9316 8819085.11232 10992858.20258 11265293.90201 11390259.14378 12121312.85566 12693088.94564 1351118.59765 
3816555.22485 3394872.65907 3516249.33716 3742036.41875 4705483.52719 5682301.18345 6652648.23026 7287947.6604 6656558.3314 5674248.40272 5374931.14766 4681658.15976 4961225.98592 2956777.7704 2835388.7626 2814472.52717 2234030.46068 2969250.0325 0 1082461.12299 1241546.41383 1197255.32542 1768011.10237 1902702.49112 2801607.37881 2698143.04581 2736420.81623 3213434.90615 1857994.27328 3572010.01512 3995928.45705 4212929.96535 4619189.23443 5121354.7376 5029169.95422 4575841.84778 3848807.17768 4704652.25816 4500922.53744 4556687.85742 4699798.81028 6417771.48559 7619332.49002 7503130.20911 7508540.72645 6393704.74189 5832831.8567 6145493.85166 6187060.15749 7150069.59027 7058704.13542 5367916.8367 8735283.19521 8535426.04711 7077514.81535 8121515.53146 9181999.75857 9866228.72063 9339097.15741 8738802.97891 8864324.29843 8745602.68307 8735186.04734 9915851.28394 10179119.68351 10113562.71984 9766027.90934 9147916.78573 8870554.63174 8548714.70142 7720449.47961 7928223.33486 8883840.91727 8733157.2481 9432166.93232 9565463.05628 8759371.13848 10021911.76804 6777928.24132 5972131.97353 4858130.07154 4543605.63936 5804838.74087 5974137.64577 4680188.512 4045882.00494 5009844.31037 4771297.54667 2691223.36693 2508726.06523 5213805.9854 6949811.43974 10099268.88235 10329229.77327 10760935.33671 11352909.84664 11610283.94638 4276335.07121 
4209717.46291 3939876.93257 4091649.96142 4434262.52341 5225290.47185 6213381.89356 7118067.165 7649180.78206 6882260.8356 5904301.30968 5726675.31008 4569288.34489 4625571.64348 2545678.89091 2302015.04803 2609977.36407 2109529.89404 3206719.34678 1082461.12299 0 456058.63576 1175264.55163 2444405.17185 2801932.55286 3560404.3273 3727979.52434 3818833.1923 4295799.01965 2938825.00262 4537456.93134 4953705.18024 5175904.21391 5534015.24889 6090429.34913 6028006.63756 5630289.12766 4866889.24655 5786986.16224 5567932.19285 5621090.75219 5759028.40709 7481469.55112 8687627.35074 8582878.51211 8589398.58945 7476079.39714 6912230.29234 7191571.98074 7178438.13305 8070505.17765 7847236.40712 6182554.53222 9490370.93459 9023992.46139 8141779.68394 9189667.20491 10263845.12613 10947959.41575 10411561.83893 9812671.01207 9910846.98004 9789521.9409 9725237.9577 10911162.59742 11147759.57862 11030676.45372 10616949.58684 10010595.08198 9763044.77244 9359218.65449 8505368.27314 8648694.12328 9498764.85163 9280327.79976 9826132.45383 9966694.49785 9052249.56691 10260087.24982 7110751.29121 6350149.17793 5081356.52265 4551012.62826 5820018.43505 5590286.57216 3810297.30277 3103760.82791 3953263.00541 3696358.9629 1648059.25234 2659322.00233 5901441.77725 7882723.68137 11159419.25967 11385233.86818 11835577.71752 12418841.77255 12647706.42959 4557237.30808 
4643491.77478 4348247.6067 4494687.71956 4810952.80655 5643084.02565 6631369.5578 7548129.11027 8092557.86783 7335080.01154 6356204.20809 6168808.09761 5020615.13534 5053411.23584 2976330.87622 2713874.98395 3061468.45592 2565462.32379 3652673.86884 1241546.41383 456058.63576 0 846683.03392 2242916.89837 2699069.52601 3359609.105 3710207.67103 3915917.4285 4398682.69039 3065728.20441 4801339.52217 5223209.8494 5442341.4257 5829499.46482 6353659.69786 6268648.6497 5810655.75597 5090150.50925 5885040.68742 5592308.38321 5639588.49751 5766747.9066 7491717.25134 8705488.33168 8639584.99275 8652991.30235 7569364.2492 7031831.46752 7382946.50223 7425607.05415 8365605.74867 8201298.35805 6524497.82038 9857515.89711 9452483.89074 8303148.02697 9342090.10758 10334051.1375 11016215.83643 10437828.63186 9844004.56418 9885080.83768 9759984.39539 9632156.29924 10821015.06558 11032211.96682 10874576.39579 10418506.76601 9820560.10221 9592593.78832 9140837.77468 8276072.68652 8388018.20526 9192445.39788 8950618.34297 9450292.40827 9592481.82658 8654005.4169 9849014.2104 6726285.53514 5979970.11741 4681083.05833 4116155.90507 5382087.92594 5137164.17005 3470261.68389 2809203.70598 3793876.04488 3588745.192 1479119.48713 2272254.79355 5639114.10473 7746335.74305 11155605.08048 11373251.41239 11867067.82826 12425991.25257 12604675.02217 5003763.57721 
4985557.82871 4587953.93892 4712050.20396 4935165.80599 5898936.27177 6877765.13626 7842653.12466 8460213.61149 7788255.42736 6804263.31107 6540528.99213 5642719.01183 5771666.88942 3694552.52876 3470145.13428 3697577.92061 3152767.16375 4082234.05755 1197255.32542 1175264.55163 846683.03392 0 1442588.34266 1990316.69956 2544221.50736 3081990.67975 3456939.67271 3936679.07565 2692935.51716 4637401.12378 5063030.73495 5271375.64693 5718803.8519 6162120.18597 6029758.51881 5459050.02778 4834220.89764 5390233.40961 4991197.46311 5029904.2646 5141306.93711 6857084.05101 8074949.15647 8061706.0794 8084836.78575 7051649.61016 6560156.03072 7034322.55742 7187923.32998 8227634.01833 8217923.58409 6522430.41411 9903127.45403 9729379.3829 7892861.69008 8910257.76058 9768654.21416 10445914.60064 9812272.80851 9226846.22056 9198069.09852 9069058.1128 8877336.87751 10066907.75534 10256268.70481 10069508.28839 9590486.11592 8996884.99221 8779776.84079 8305288.82025 7437234.48492 7542329.29957 8349206.34514 8115630.13015 8651519.73027 8791843.30748 7887275.9352 9106714.2037 5938906.21894 5175110.32783 3921516.37845 3459942.16654 4732406.80342 4778269.49249 3684967.44214 3162262.95795 4351205.85686 4217806.66667 2125086.89004 1496747.96264 4793782.87569 6959170.50534 10491012.98215 10698632.81307 11244712.12024 11772029.21593 11893805.51757 5416638.24217 
5295960.98125 4752776.91148 4830257.98899 4880300.97561 6014267.88461 6937942.15905 7958084.4897 8691042.69959 8189145.94154 7221915.88595 6831146.5164 6414677.27087 6728541.92056 4717786.58494 4572783.64442 4579825.64401 3997888.50355 4599840.76011 1768011.10237 2444405.17185 2242916.89837 1442588.34266 0 711472.66082 1119254.5432 1845755.33048 2505171.98657 2937810.98992 2028029.45663 4110387.03189 4513788.11942 4691503.54439 5218086.01465 5506079.31916 5300090.29652 4565585.29391 4134616.59986 4268950.74673 3722087.60301 3748038.97182 3836127.15905 5521473.8604 6736384.08618 6784076.17952 6819003.16937 5863055.6176 5445710.60652 6097171.1629 6423338.38031 7599782.96222 7846115.62106 6170696.18453 9546453.97146 9773965.64135 6845871.16945 7818996.55624 8495514.25937 9163864.98584 8471786.2508 7897429.70671 7801529.58726 7669586.35464 7439403.64004 8628804.45411 8813766.49593 8633757.3691 8181135.76318 7580031.72568 7349751.81514 6915639.66816 6061045.70119 6217172.82652 7127108.97774 6965762.74585 7683662.7252 7814622.45961 7053898.64629 8339583.39204 5065339.8201 4244793.62992 3257876.31689 3195464.76174 4375241.15215 5071936.84033 4815735.74913 4430020.00189 5724420.06688 5628050.38776 3558742.02499 1322347.12259 3478498.90996 5516902.7721 9111081.6061 9309654.79625 9903341.8232 10399264.82152 10476419.83977 5824973.56876 
5003955.02784 4409596.69754 4464098.46933 4439016.85813 5620309.99963 6507434.46863 7539002.82158 8313706.91162 7892458.69111 6944416.0368 6500651.30639 6330025.49479 6745675.04533 4817132.70869 4725970.66572 4601142.66294 4021375.48009 4428499.76555 1902702.49112 2801932.55286 2699069.52601 1990316.69956 711472.66082 0 999928.31866 1142500.39145 1816031.829 2234670.7814 1470144.15689 3510178.59405 3899201.46002 4065122.13597 4608660.26559 4851029.48416 4629367.72937 3868352.68679 3482100.07683 3558846.91846 3039241.43402 3070328.74303 3169524.70341 4875033.78176 6092755.69716 6109707.27724 6140287.24264 5163018.88642 4736192.72909 5390845.41732 5740244.78424 6940376.9319 7253429.99288 5597538.72708 8950099.14792 9313183.19264 6134429.1724 7109231.87013 7820798.52934 8492974.50068 7830247.56034 7248800.22885 7209389.18558 7081185.34198 6935590.0034 8123842.33088 8347698.27781 8235776.75268 7864692.3293 7248263.75408 6979632.221 6647245.33656 5824434.63953 6056818.08331 7076170.00166 6984364.9477 7835153.76104 7958403.82102 7297660.24152 8608482.72547 5316571.57834 4480919.1077 3678938.98397 3768156.27967 4885400.58107 5737172.71733 5505228.06737 5086847.11348 6336002.04435 6207759.32071 4107433.87938 2012537.76674 3386657.85211 5082023.53882 8500744.62126 8708560.92208 9262855.43547 9782413.81438 9913864.48785 5566632.8826 
5990407.07892 5383113.7397 5428722.17516 5364603.79357 6566795.422 7428749.5103 8464289.41345 9261148.59476 8872765.1659 7930989.87375 7472233.63349 7324211.07099 7717203.40505 5753698.31167 5635629.73496 5567510.5419 4985249.24311 5428358.35089 2801607.37881 3560404.3273 3359609.105 2544221.50736 1119254.5432 999928.31866 0 1507168.10651 2441068.15674 2747044.636 2369456.94706 4283416.00056 4639633.83182 4779474.07624 5346763.27852 5483721.93711 5217408.92488 4353718.79035 4149203.27665 3801825.5391 3067189.57464 3070068.88137 3113008.54554 4696605.01617 5889786.60344 6028269.93386 6079338.62258 5246711.35429 4936804.05478 5772291.99008 6264460.34455 7537043.40524 7995924.41641 6382888.61948 9677587.79304 10203393.42896 6379399.01846 7283512.95092 7726838.84388 8377877.83733 7607521.01103 7054026.40335 6847905.41878 6711049.57263 6388500.28611 7575288.31375 7733762.95743 7525580.65652 7061889.00247 6461380.50004 6236101.72047 5798938.24533 4948898.60204 5128763.74612 6099542.30518 5990483.71223 6838905.94594 6961156.27717 6324825.11617 7642856.90342 4353356.86067 3516275.79221 2864282.20969 3167013.60065 4150379.83326 5312789.71561 5647912.96586 5364140.2942 6724994.19215 6665733.99972 4633879.27194 1889269.49956 2416196.38624 4429246.7516 8180910.56672 8363300.57025 9029922.16282 9476015.23017 9473787.76311 6558991.03345 
4946088.28831 4283975.18953 4291362.01657 4114658.84792 5347410.28496 6138348.67731 7173334.08637 8017310.72058 7751568.35751 6855531.78358 6325430.18155 6576527.96079 7136467.40697 5373176.32097 5354772.23594 5059051.57785 4508539.27611 4604133.36877 2698143.04581 3727979.52434 3710207.67103 3081990.67975 1845755.33048 1142500.39145 1507168.10651 0 970240.61842 1239969.48692 1287037.67773 2848282.58981 3176139.65336 3300790.2244 3875317.24984 3978877.95592 3710245.1256 2858096.79311 2657248.54419 2429595.75011 1910330.92877 1947916.93087 2062575.06809 3784930.41771 5001243.85417 4982700.87628 5009229.53401 4020522.21073 3603484.45442 4322095.43142 4765188.34161 6030143.14468 6515214.08187 4933270.71699 8187932.54609 8841684.15274 5015545.1885 5976678.42826 6691993.42965 7367182.01873 6736980.34689 6148150.51733 6184146.85126 6061985.61007 6046776.62571 7223318.77316 7505597.42477 7501931.48008 7266197.88762 6633746.96737 6306570.22094 6147684.67704 5397667.71131 5749877.61688 6922670.35246 6944806.21674 7991624.43877 8100557.50468 7609858.27245 8941061.54559 5687519.29574 4860464.93 4360843.92049 4656424.76582 5656801.66079 6745952.55656 6647007.33352 6215409.27955 7431268.11101 7277195.95765 5164394.71944 3099410.08961 3330129.57323 4338898.54788 7445693.65188 7665301.38236 8168563.59589 8716141.26943 8920123.55042 5548212.37992 
4155296.87092 3473112.84002 3455992.75163 3215102.12467 4450658.73001 5204376.99661 6235926.20239 7096155.39075 6887688.14465 6021569.34355 5457970.90869 5939348.25872 6593600.01046 5006351.11916 5054696.2995 4619014.38304 4115330.09492 3967497.37993 2736420.81623 3818833.1923 3915917.4285 3456939.67271 2505171.98657 1816031.829 2441068.15674 970240.61842 0 483535.43043 896865.74715 1878779.0397 2208306.34375 2339859.51845 2910851.96445 3060387.69174 2820405.78945 2062716.91135 1709792.15558 1970833.19105 1870524.28613 1942284.59552 2113874.51452 3766472.2722 4938386.46687 4775666.89456 4776874.51506 3658764.09793 3118670.26274 3613154.47899 3924236.60803 5138587.7694 5556645.52464 3963772.09371 7236534.43431 7880183.46012 4436483.99869 5454655.17774 6446744.1786 7131238.42448 6636486.04023 6032133.15646 6261891.09282 6154219.25369 6350172.07651 7491555.16265 7845582.17246 7960626.74799 7848324.35679 7211186.03728 6839265.73551 6817421.56783 6125294.11098 6537419.19396 7767570.62936 7831142.3736 8926786.52605 9032281.36059 8571157.81515 9903105.29368 6655920.77149 5829990.45142 5305292.71208 5535967.17763 6583686.3181 7551880.33523 7132330.61612 6613556.64337 7708957.43905 7496228.31707 5394484.12706 3823965.00943 4248639.58841 4851930.61472 7439316.05408 7683275.05502 8048692.8747 8669454.01043 9023424.96049 4766996.09702 
4316815.71451 3626560.37669 3585663.69729 3270636.69598 4493608.20364 5179472.71745 6198485.24022 7085448.7069 6956083.64111 6126532.95934 5530224.62012 6192994.39432 6893400.13632 5386359.77612 5455252.52673 4975784.3652 4493593.86217 4239368.46118 3213434.90615 4295799.01965 4398682.69039 3936679.07565 2937810.98992 2234670.7814 2747044.636 1239969.48692 483535.43043 0 1361745.08003 1772902.83163 2030354.19703 2122317.50718 2702223.56911 2744917.1523 2470450.31432 1638370.11745 1460446.43456 1491229.13348 1502121.42762 1582078.05374 1765044.74906 3351847.71134 4503279.25464 4313002.92778 4310329.63909 3180280.43835 2635138.29545 3160530.25449 3533740.03757 4790189.78919 5313588.95026 3783138.09221 6972195.8586 7772710.76545 3959693.98256 4973680.31421 5975025.23667 6659783.23232 6187252.97506 5581492.7441 5856273.92344 5753202.45206 6018937.10889 7141734.74806 7521474.55483 7686761.78711 7636912.09351 7000326.44856 6606894.46882 6662661.1174 6013331.0679 6467164.29882 7741111.72786 7847750.45219 9007778.99253 9107196.21977 8711924.69703 10044241.64953 6832206.2515 6017996.0333 5594693.17861 5890476.20223 6895809.59366 7950233.95256 7607940.18817 7095087.99927 8192025.36991 7977251.20098 5876974.86474 4246953.32675 4327308.91324 4626420.34201 7008232.60788 7257397.66835 7593239.69038 8227080.7159 8616716.36758 4929975.91767 
3697456.08777 3055339.45209 3083644.98512 2995155.90229 4201279.66511 5060222.25813 6095294.41029 6894408.48622 6545515.57827 5625871.77701 5130524.75219 5290097.12804 5866986.72351 4175496.53878 4198798.98671 3822325.09735 3292382.74243 3317102.66982 1857994.27328 2938825.00262 3065728.20441 2692935.51716 2028029.45663 1470144.15689 2369456.94706 1287037.67773 896865.74715 1361745.08003 0 2084550.38738 2493472.30849 2679455.76215 3193513.82607 3527677.15939 3360886.00977 2770319.03207 2168164.66341 2850812.98387 2745182.49523 2812022.43889 2975128.88216 4653929.53351 5832552.42335 5670919.394 5670480.91196 4539724.34578 3975063.42402 4347105.63503 4512575.74577 5618572.14836 5818197.77684 4146075.79558 7518451.42326 7849645.44007 5240103.35978 6276573.60728 7336753.43812 8021499.08601 7533192.99444 6928951.64796 7141652.83197 7031261.35435 7170819.95937 8326741.20084 8655501.25793 8716367.83661 8529178.18865 7894476.37412 7550997.69509 7429936.37133 6684645.76462 7031841.6465 8182957.35859 8175428.7447 9150315.97585 9266010.5068 8685992.17684 10007901.14065 6721052.80147 5884142.22707 5147818.953 5210097.16504 6351074.82161 7080264.30124 6375920.94853 5814467.65542 6857224.44771 6628486.27907 4538306.21323 3325818.24511 4544177.53533 5570051.58343 8331344.40297 8573039.79606 8945491.24916 9564904.22231 9902074.63402 4290829.91991 
