72
loc3 loc64 loc199 loc45 loc18 loc151 loc163 loc42 loc82 loc65 loc180 loc10 loc147 loc38 loc193 loc111 loc114 loc8 loc15 loc79 loc55 loc194 loc35 loc95 loc165 loc22 loc101 loc41 loc77 loc141 loc37 loc181 loc26 loc188 loc122 loc183 loc50 loc83 loc94 loc17 loc23 loc74 loc13 loc34 loc192 loc170 loc30 loc39 loc53 loc25 loc14 loc189 loc84 loc51 loc196 loc142 loc173 loc107 loc57 loc157 loc59 loc75 loc137 loc40 loc12 loc198 loc106 loc36 loc172 loc145 loc156 Soda
0 100000.0 100001.0 100005.0 100006.0 100005.0 100013.0 100013.0 100008.0 100010.0 100018.0 100020.0 100022.0 100023.0 100022.0 100021.0 100023.0 100023.0 100021.0 100022.0 100025.0 100027.0 100025.0 100023.0 100024.0 100024.0 100024.0 100022.0 100025.0 100022.0 100024.0 100024.0 100020.0 100022.0 100026.0 100023.0 110011.0 110022.0 120010.0 110010.0 110021.0 110022.0 110027.0 120027.0 110039.0 110044.0 200021.0 200022.0 200000.0 200001.0 320027.0 320027.0 320027.0 320044.0 120044.0 320044.0 500025.0 500036.0 500008.0 500019.0 600019.0 500008.0 500019.0 600019.0 100023.0 1200022.0 1200001.0 1200002.0 1200002.0 1200013.0 1200024.0 1000000.0 
100000.0 0 1.0 100005.0 100006.0 100005.0 100013.0 100013.0 100008.0 100010.0 100018.0 100020.0 100022.0 100023.0 100022.0 100021.0 100023.0 100023.0 100021.0 100022.0 100025.0 100027.0 100025.0 100023.0 100024.0 100024.0 100024.0 100022.0 100025.0 100022.0 100024.0 100024.0 100020.0 100022.0 100026.0 100023.0 110011.0 110022.0 120010.0 110010.0 110021.0 110022.0 110027.0 120027.0 110039.0 110044.0 200021.0 200022.0 200000.0 200001.0 320027.0 320027.0 320027.0 320044.0 120044.0 320044.0 500025.0 500036.0 500008.0 500019.0 600019.0 500008.0 500019.0 600019.0 100023.0 1200022.0 1200001.0 1200002.0 1200002.0 1200013.0 1200024.0 1100000.0 
100001.0 1.0 0 100005.0 100006.0 100005.0 100013.0 100013.0 100008.0 100010.0 100018.0 100020.0 100022.0 100023.0 100022.0 100021.0 100023.0 100023.0 100021.0 100022.0 100025.0 100027.0 100025.0 100023.0 100024.0 100024.0 100024.0 100022.0 100025.0 100022.0 100024.0 100024.0 100020.0 100022.0 100026.0 100023.0 110011.0 110022.0 120010.0 110010.0 110021.0 110022.0 110027.0 120027.0 110039.0 110044.0 200021.0 200022.0 200000.0 200001.0 320027.0 320027.0 320027.0 320044.0 120044.0 320044.0 500025.0 500036.0 500008.0 500019.0 600019.0 500008.0 500019.0 600019.0 100023.0 1200022.0 1200001.0 1200002.0 1200002.0 1200013.0 1200024.0 1100001.0 
100005.0 100005.0 100005.0 0 8.0 9.0 15.0 14.0 11.0 15.0 19.0 21.0 23.0 24.0 23.0 22.0 24.0 24.0 22.0 23.0 26.0 28.0 26.0 24.0 25.0 25.0 25.0 23.0 26.0 23.0 25.0 25.0 21.0 23.0 27.0 24.0 10012.0 10023.0 20013.0 10013.0 10024.0 10025.0 10030.0 20030.0 10040.0 10045.0 100022.0 100023.0 100005.0 100006.0 220030.0 220030.0 220030.0 220045.0 20045.0 220045.0 400026.0 400037.0 400007.0 400018.0 500018.0 400007.0 400018.0 500018.0 24.0 1100023.0 1100006.0 1100007.0 1100007.0 1100018.0 1100029.0 1100005.0 
100006.0 100006.0 100006.0 8.0 0 4.0 12.0 13.0 8.0 7.0 14.0 16.0 18.0 19.0 18.0 17.0 19.0 19.0 17.0 18.0 21.0 23.0 21.0 19.0 20.0 20.0 20.0 18.0 21.0 18.0 20.0 20.0 16.0 18.0 22.0 19.0 10007.0 10018.0 20009.0 10009.0 10020.0 10021.0 10026.0 20026.0 10035.0 10040.0 100017.0 100018.0 100006.0 100007.0 220026.0 220026.0 220026.0 220040.0 20040.0 220040.0 400021.0 400032.0 400009.0 400020.0 500020.0 400009.0 400020.0 500020.0 19.0 1100018.0 1100007.0 1100008.0 1100008.0 1100019.0 1100030.0 1100006.0 
100005.0 100005.0 100005.0 9.0 4.0 0 8.0 9.0 10.0 10.0 18.0 20.0 22.0 23.0 22.0 21.0 23.0 23.0 21.0 22.0 25.0 27.0 25.0 23.0 24.0 24.0 24.0 22.0 25.0 22.0 24.0 24.0 20.0 22.0 26.0 23.0 10011.0 10022.0 20012.0 10012.0 10023.0 10024.0 10029.0 20029.0 10039.0 10044.0 100021.0 100022.0 100005.0 100006.0 220029.0 220029.0 220029.0 220044.0 20044.0 220044.0 400025.0 400036.0 400006.0 400017.0 500017.0 400006.0 400017.0 500017.0 23.0 1100022.0 1100006.0 1100007.0 1100007.0 1100018.0 1100029.0 1100005.0 
100013.0 100013.0 100013.0 15.0 12.0 8.0 0 1.0 11.0 15.0 21.0 23.0 25.0 26.0 25.0 24.0 26.0 26.0 24.0 25.0 28.0 30.0 28.0 26.0 27.0 27.0 27.0 25.0 28.0 25.0 27.0 27.0 23.0 25.0 29.0 26.0 10014.0 10025.0 20012.0 10012.0 10023.0 10024.0 10029.0 20029.0 10042.0 10047.0 100024.0 100025.0 100013.0 100014.0 220029.0 220029.0 220029.0 220047.0 20047.0 220047.0 400028.0 400039.0 400014.0 400025.0 500025.0 400014.0 400025.0 500025.0 26.0 1100025.0 1100014.0 1100015.0 1100015.0 1100026.0 1100037.0 1100013.0 
100013.0 100013.0 100013.0 14.0 13.0 9.0 1.0 0 12.0 14.0 22.0 24.0 26.0 27.0 26.0 25.0 27.0 27.0 25.0 26.0 29.0 31.0 29.0 27.0 28.0 28.0 28.0 26.0 29.0 26.0 28.0 28.0 24.0 26.0 30.0 27.0 10015.0 10026.0 20013.0 10013.0 10024.0 10025.0 10030.0 20030.0 10043.0 10048.0 100025.0 100026.0 100013.0 100014.0 220030.0 220030.0 220030.0 220048.0 20048.0 220048.0 400029.0 400040.0 400015.0 400026.0 500026.0 400015.0 400026.0 500026.0 27.0 1100026.0 1100014.0 1100015.0 1100015.0 1100026.0 1100037.0 1100013.0 
100008.0 100008.0 100008.0 11.0 8.0 10.0 11.0 12.0 0 6.0 10.0 12.0 14.0 15.0 14.0 13.0 15.0 15.0 13.0 14.0 17.0 19.0 17.0 15.0 16.0 16.0 16.0 14.0 17.0 14.0 16.0 16.0 12.0 14.0 18.0 15.0 10003.0 10014.0 20006.0 10006.0 10017.0 10018.0 10023.0 20023.0 10031.0 10036.0 100013.0 100014.0 100008.0 100009.0 220023.0 220023.0 220023.0 220036.0 20036.0 220036.0 400017.0 400028.0 400010.0 400021.0 500021.0 400010.0 400021.0 500021.0 15.0 1100014.0 1100009.0 1100010.0 1100010.0 1100021.0 1100032.0 1100008.0 
100010.0 100010.0 100010.0 15.0 7.0 10.0 15.0 14.0 6.0 0 10.0 12.0 14.0 15.0 14.0 13.0 15.0 15.0 13.0 14.0 17.0 19.0 17.0 15.0 16.0 16.0 16.0 14.0 17.0 14.0 16.0 16.0 12.0 14.0 18.0 15.0 10003.0 10014.0 20008.0 10008.0 10019.0 10020.0 10025.0 20025.0 10031.0 10036.0 100013.0 100014.0 100010.0 100011.0 220025.0 220025.0 220025.0 220036.0 20036.0 220036.0 400017.0 400028.0 400014.0 400025.0 500025.0 400014.0 400025.0 500025.0 15.0 1100014.0 1100011.0 1100012.0 1100012.0 1100023.0 1100034.0 1100010.0 
100018.0 100018.0 100018.0 19.0 14.0 18.0 21.0 22.0 10.0 10.0 0 2.0 4.0 6.0 5.0 6.0 6.0 5.0 3.0 4.0 7.0 9.0 9.0 5.0 7.0 6.0 7.0 6.0 9.0 4.0 9.0 10.0 6.0 6.0 8.0 9.0 10007.0 10018.0 20016.0 10016.0 10027.0 10028.0 10033.0 20033.0 10021.0 10026.0 100006.0 100007.0 100018.0 100019.0 220033.0 220033.0 220033.0 220026.0 20026.0 220026.0 400009.0 400020.0 400019.0 400030.0 500030.0 400019.0 400030.0 500030.0 5.0 1100007.0 1100019.0 1100020.0 1100020.0 1100031.0 1100042.0 1100018.0 
100020.0 100020.0 100020.0 21.0 16.0 20.0 23.0 24.0 12.0 12.0 2.0 0 2.0 4.0 5.0 6.0 6.0 4.0 5.0 6.0 5.0 7.0 7.0 3.0 5.0 8.0 7.0 8.0 11.0 6.0 11.0 10.0 8.0 8.0 7.0 10.0 10009.0 10020.0 20018.0 10018.0 10029.0 10030.0 10035.0 20035.0 10022.0 10027.0 100006.0 100007.0 100020.0 100021.0 220035.0 220035.0 220035.0 220027.0 20027.0 220027.0 400011.0 400022.0 400021.0 400032.0 500032.0 400021.0 400032.0 500032.0 7.0 1100007.0 1100021.0 1100022.0 1100022.0 1100033.0 1100044.0 1100020.0 
100022.0 100022.0 100022.0 23.0 18.0 22.0 25.0 26.0 14.0 14.0 4.0 2.0 0 2.0 3.0 4.0 4.0 5.0 7.0 8.0 3.0 5.0 7.0 5.0 4.0 8.0 8.0 7.0 10.0 8.0 9.0 8.0 10.0 10.0 5.0 11.0 10011.0 10022.0 20020.0 10020.0 10031.0 10032.0 10037.0 20037.0 10021.0 10026.0 100004.0 100005.0 100022.0 100023.0 220037.0 220037.0 220037.0 220026.0 20026.0 220026.0 400010.0 400021.0 400023.0 400034.0 500034.0 400023.0 400034.0 500034.0 6.0 1100005.0 1100023.0 1100024.0 1100024.0 1100035.0 1100046.0 1100022.0 
100023.0 100023.0 100023.0 24.0 19.0 23.0 26.0 27.0 15.0 15.0 6.0 4.0 2.0 0 1.0 2.0 2.0 5.0 7.0 8.0 5.0 7.0 6.0 7.0 5.0 7.0 6.0 5.0 8.0 7.0 7.0 6.0 10.0 10.0 3.0 11.0 10012.0 10023.0 20021.0 10021.0 10032.0 10033.0 10038.0 20038.0 10022.0 10027.0 100002.0 100003.0 100023.0 100024.0 220038.0 220038.0 220038.0 220027.0 20027.0 220027.0 400008.0 400019.0 400024.0 400035.0 500035.0 400024.0 400035.0 500035.0 5.0 1100003.0 1100024.0 1100025.0 1100025.0 1100036.0 1100047.0 1100023.0 
100022.0 100022.0 100022.0 23.0 18.0 22.0 25.0 26.0 14.0 14.0 5.0 5.0 3.0 1.0 0 1.0 1.0 5.0 7.0 8.0 6.0 8.0 7.0 6.0 6.0 7.0 5.0 6.0 8.0 6.0 6.0 5.0 9.0 10.0 4.0 10.0 10011.0 10022.0 20020.0 10020.0 10031.0 10032.0 10037.0 20037.0 10021.0 10026.0 100001.0 100002.0 100022.0 100023.0 220037.0 220037.0 220037.0 220026.0 20026.0 220026.0 400008.0 400019.0 400023.0 400034.0 500034.0 400023.0 400034.0 500034.0 5.0 1100002.0 1100023.0 1100024.0 1100024.0 1100035.0 1100046.0 1100022.0 
100021.0 100021.0 100021.0 22.0 17.0 21.0 24.0 25.0 13.0 13.0 6.0 6.0 4.0 2.0 1.0 0 2.0 6.0 8.0 9.0 7.0 9.0 8.0 7.0 6.0 6.0 6.0 5.0 8.0 5.0 5.0 4.0 8.0 9.0 5.0 11.0 10010.0 10021.0 20019.0 10019.0 10030.0 10031.0 10036.0 20036.0 10022.0 10027.0 100000.0 100001.0 100021.0 100022.0 220036.0 220036.0 220036.0 220027.0 20027.0 220027.0 400008.0 400019.0 400022.0 400033.0 500033.0 400022.0 400033.0 500033.0 4.0 1100001.0 1100022.0 1100023.0 1100023.0 1100034.0 1100045.0 1100021.0 
100023.0 100023.0 100023.0 24.0 19.0 23.0 26.0 27.0 15.0 15.0 6.0 6.0 4.0 2.0 1.0 2.0 0 4.0 6.0 7.0 7.0 9.0 8.0 6.0 7.0 8.0 4.0 7.0 7.0 7.0 7.0 6.0 10.0 11.0 5.0 11.0 10012.0 10023.0 20021.0 10021.0 10032.0 10033.0 10038.0 20038.0 10020.0 10025.0 100002.0 100003.0 100023.0 100024.0 220038.0 220038.0 220038.0 220025.0 20025.0 220025.0 400007.0 400018.0 400024.0 400035.0 500035.0 400024.0 400035.0 500035.0 6.0 1100003.0 1100024.0 1100025.0 1100025.0 1100036.0 1100047.0 1100023.0 
100023.0 100023.0 100023.0 24.0 19.0 23.0 26.0 27.0 15.0 15.0 5.0 4.0 5.0 5.0 5.0 6.0 4.0 0 2.0 3.0 8.0 7.0 5.0 3.0 3.0 7.0 3.0 6.0 9.0 6.0 8.0 7.0 11.0 11.0 8.0 7.0 10012.0 10023.0 20021.0 10021.0 10032.0 10033.0 10038.0 20038.0 10019.0 10024.0 100006.0 100007.0 100023.0 100024.0 220038.0 220038.0 220038.0 220024.0 20024.0 220024.0 400009.0 400020.0 400024.0 400035.0 500035.0 400024.0 400035.0 500035.0 5.0 1100007.0 1100024.0 1100025.0 1100025.0 1100036.0 1100047.0 1100023.0 
100021.0 100021.0 100021.0 22.0 17.0 21.0 24.0 25.0 13.0 13.0 3.0 5.0 7.0 7.0 7.0 8.0 6.0 2.0 0 1.0 7.0 9.0 7.0 5.0 5.0 9.0 5.0 8.0 8.0 7.0 8.0 7.0 9.0 9.0 8.0 9.0 10010.0 10021.0 20019.0 10019.0 10030.0 10031.0 10036.0 20036.0 10021.0 10026.0 100008.0 100009.0 100021.0 100022.0 220036.0 220036.0 220036.0 220026.0 20026.0 220026.0 400008.0 400019.0 400022.0 400033.0 500033.0 400022.0 400033.0 500033.0 7.0 1100009.0 1100022.0 1100023.0 1100023.0 1100034.0 1100045.0 1100021.0 
100022.0 100022.0 100022.0 23.0 18.0 22.0 25.0 26.0 14.0 14.0 4.0 6.0 8.0 8.0 8.0 9.0 7.0 3.0 1.0 0 6.0 8.0 8.0 6.0 6.0 10.0 6.0 9.0 9.0 6.0 7.0 6.0 10.0 10.0 7.0 10.0 10011.0 10022.0 20020.0 10020.0 10031.0 10032.0 10037.0 20037.0 10022.0 10027.0 100009.0 100010.0 100022.0 100023.0 220037.0 220037.0 220037.0 220027.0 20027.0 220027.0 400009.0 400020.0 400023.0 400034.0 500034.0 400023.0 400034.0 500034.0 8.0 1100010.0 1100023.0 1100024.0 1100024.0 1100035.0 1100046.0 1100022.0 
100025.0 100025.0 100025.0 26.0 21.0 25.0 28.0 29.0 17.0 17.0 7.0 5.0 3.0 5.0 6.0 7.0 7.0 8.0 7.0 6.0 0 2.0 4.0 8.0 7.0 11.0 11.0 10.0 13.0 11.0 10.0 9.0 13.0 13.0 8.0 8.0 10014.0 10025.0 20023.0 10023.0 10034.0 10035.0 10040.0 20040.0 10024.0 10029.0 100007.0 100008.0 100025.0 100026.0 220040.0 220040.0 220040.0 220029.0 20029.0 220029.0 400013.0 400024.0 400026.0 400037.0 500037.0 400026.0 400037.0 500037.0 9.0 1100008.0 1100026.0 1100027.0 1100027.0 1100038.0 1100049.0 1100025.0 
100027.0 100027.0 100027.0 28.0 23.0 27.0 30.0 31.0 19.0 19.0 9.0 7.0 5.0 7.0 8.0 9.0 9.0 7.0 9.0 8.0 2.0 0 2.0 6.0 6.0 10.0 10.0 11.0 14.0 11.0 8.0 7.0 11.0 13.0 10.0 6.0 10016.0 10027.0 20025.0 10025.0 10036.0 10037.0 10042.0 20042.0 10022.0 10027.0 100009.0 100010.0 100027.0 100028.0 220042.0 220042.0 220042.0 220027.0 20027.0 220027.0 400014.0 400025.0 400028.0 400039.0 500039.0 400028.0 400039.0 500039.0 8.0 1100010.0 1100028.0 1100029.0 1100029.0 1100040.0 1100051.0 1100027.0 
100025.0 100025.0 100025.0 26.0 21.0 25.0 28.0 29.0 17.0 17.0 9.0 7.0 7.0 6.0 7.0 8.0 8.0 5.0 7.0 8.0 4.0 2.0 0 4.0 4.0 8.0 8.0 9.0 12.0 9.0 6.0 7.0 11.0 13.0 9.0 8.0 10014.0 10025.0 20023.0 10023.0 10034.0 10035.0 10040.0 20040.0 10021.0 10026.0 100008.0 100009.0 100025.0 100026.0 220040.0 220040.0 220040.0 220026.0 20026.0 220026.0 400012.0 400023.0 400026.0 400037.0 500037.0 400026.0 400037.0 500037.0 6.0 1100009.0 1100026.0 1100027.0 1100027.0 1100038.0 1100049.0 1100025.0 
100023.0 100023.0 100023.0 24.0 19.0 23.0 26.0 27.0 15.0 15.0 5.0 3.0 5.0 7.0 6.0 7.0 6.0 3.0 5.0 6.0 8.0 6.0 4.0 0 2.0 6.0 6.0 7.0 10.0 7.0 10.0 10.0 11.0 11.0 10.0 8.0 10012.0 10023.0 20021.0 10021.0 10032.0 10033.0 10038.0 20038.0 10019.0 10024.0 100007.0 100008.0 100023.0 100024.0 220038.0 220038.0 220038.0 220024.0 20024.0 220024.0 400010.0 400021.0 400024.0 400035.0 500035.0 400024.0 400035.0 500035.0 4.0 1100008.0 1100024.0 1100025.0 1100025.0 1100036.0 1100047.0 1100023.0 
100024.0 100024.0 100024.0 25.0 20.0 24.0 27.0 28.0 16.0 16.0 7.0 5.0 4.0 5.0 6.0 6.0 7.0 3.0 5.0 6.0 7.0 6.0 4.0 2.0 0 4.0 6.0 5.0 8.0 7.0 10.0 10.0 11.0 9.0 8.0 8.0 10013.0 10024.0 20022.0 10022.0 10033.0 10034.0 10039.0 20039.0 10017.0 10022.0 100006.0 100007.0 100024.0 100025.0 220039.0 220039.0 220039.0 220022.0 20022.0 220022.0 400008.0 400019.0 400025.0 400036.0 500036.0 400025.0 400036.0 500036.0 2.0 1100007.0 1100025.0 1100026.0 1100026.0 1100037.0 1100048.0 1100024.0 
100024.0 100024.0 100024.0 25.0 20.0 24.0 27.0 28.0 16.0 16.0 6.0 8.0 8.0 7.0 7.0 6.0 8.0 7.0 9.0 10.0 11.0 10.0 8.0 6.0 4.0 0 4.0 5.0 8.0 8.0 10.0 10.0 10.0 8.0 10.0 6.0 10013.0 10024.0 20022.0 10022.0 10033.0 10034.0 10039.0 20039.0 10020.0 10025.0 100006.0 100007.0 100024.0 100025.0 220039.0 220039.0 220039.0 220025.0 20025.0 220025.0 400008.0 400019.0 400025.0 400036.0 500036.0 400025.0 400036.0 500036.0 4.0 1100007.0 1100025.0 1100026.0 1100026.0 1100037.0 1100048.0 1100024.0 
100024.0 100024.0 100024.0 25.0 20.0 24.0 27.0 28.0 16.0 16.0 7.0 7.0 8.0 6.0 5.0 6.0 4.0 3.0 5.0 6.0 11.0 10.0 8.0 6.0 6.0 4.0 0 5.0 8.0 8.0 11.0 10.0 11.0 9.0 9.0 9.0 10013.0 10024.0 20022.0 10022.0 10033.0 10034.0 10039.0 20039.0 10016.0 10021.0 100006.0 100007.0 100024.0 100025.0 220039.0 220039.0 220039.0 220021.0 20021.0 220021.0 400008.0 400019.0 400025.0 400036.0 500036.0 400025.0 400036.0 500036.0 4.0 1100007.0 1100025.0 1100026.0 1100026.0 1100037.0 1100048.0 1100024.0 
100022.0 100022.0 100022.0 23.0 18.0 22.0 25.0 26.0 14.0 14.0 6.0 8.0 7.0 5.0 6.0 5.0 7.0 6.0 8.0 9.0 10.0 11.0 9.0 7.0 5.0 5.0 5.0 0 3.0 3.0 8.0 9.0 7.0 5.0 8.0 11.0 10011.0 10022.0 20020.0 10020.0 10031.0 10032.0 10037.0 20037.0 10021.0 10026.0 100005.0 100006.0 100022.0 100023.0 220037.0 220037.0 220037.0 220026.0 20026.0 220026.0 400003.0 400014.0 400023.0 400034.0 500034.0 400023.0 400034.0 500034.0 3.0 1100006.0 1100023.0 1100024.0 1100024.0 1100035.0 1100046.0 1100022.0 
100025.0 100025.0 100025.0 26.0 21.0 25.0 28.0 29.0 17.0 17.0 9.0 11.0 10.0 8.0 8.0 8.0 7.0 9.0 8.0 9.0 13.0 14.0 12.0 10.0 8.0 8.0 8.0 3.0 0 6.0 11.0 12.0 10.0 8.0 7.0 14.0 10014.0 10025.0 20023.0 10023.0 10034.0 10035.0 10040.0 20040.0 10024.0 10029.0 100008.0 100009.0 100025.0 100026.0 220040.0 220040.0 220040.0 220029.0 20029.0 220029.0 400000.0 400011.0 400026.0 400037.0 500037.0 400026.0 400037.0 500037.0 6.0 1100009.0 1100026.0 1100027.0 1100027.0 1100038.0 1100049.0 1100025.0 
100022.0 100022.0 100022.0 23.0 18.0 22.0 25.0 26.0 14.0 14.0 4.0 6.0 8.0 7.0 6.0 5.0 7.0 6.0 7.0 6.0 11.0 11.0 9.0 7.0 7.0 8.0 8.0 3.0 6.0 0 5.0 6.0 10.0 8.0 9.0 11.0 10011.0 10022.0 20020.0 10020.0 10031.0 10032.0 10037.0 20037.0 10024.0 10029.0 100005.0 100006.0 100022.0 100023.0 220037.0 220037.0 220037.0 220029.0 20029.0 220029.0 400006.0 400017.0 400023.0 400034.0 500034.0 400023.0 400034.0 500034.0 6.0 1100006.0 1100023.0 1100024.0 1100024.0 1100035.0 1100046.0 1100022.0 
100024.0 100024.0 100024.0 25.0 20.0 24.0 27.0 28.0 16.0 16.0 9.0 11.0 9.0 7.0 6.0 5.0 7.0 8.0 8.0 7.0 10.0 8.0 6.0 10.0 10.0 10.0 11.0 8.0 11.0 5.0 0 1.0 5.0 7.0 10.0 8.0 10013.0 10024.0 20022.0 10022.0 10033.0 10034.0 10039.0 20039.0 10026.0 10031.0 100005.0 100006.0 100024.0 100025.0 220039.0 220039.0 220039.0 220031.0 20031.0 220031.0 400011.0 400022.0 400025.0 400036.0 500036.0 400025.0 400036.0 500036.0 9.0 1100006.0 1100025.0 1100026.0 1100026.0 1100037.0 1100048.0 1100024.0 
100024.0 100024.0 100024.0 25.0 20.0 24.0 27.0 28.0 16.0 16.0 10.0 10.0 8.0 6.0 5.0 4.0 6.0 7.0 7.0 6.0 9.0 7.0 7.0 10.0 10.0 10.0 10.0 9.0 12.0 6.0 1.0 0 4.0 6.0 9.0 9.0 10013.0 10024.0 20022.0 10022.0 10033.0 10034.0 10039.0 20039.0 10026.0 10031.0 100004.0 100005.0 100024.0 100025.0 220039.0 220039.0 220039.0 220031.0 20031.0 220031.0 400012.0 400023.0 400025.0 400036.0 500036.0 400025.0 400036.0 500036.0 8.0 1100005.0 1100025.0 1100026.0 1100026.0 1100037.0 1100048.0 1100024.0 
100020.0 100020.0 100020.0 21.0 16.0 20.0 23.0 24.0 12.0 12.0 6.0 8.0 10.0 10.0 9.0 8.0 10.0 11.0 9.0 10.0 13.0 11.0 11.0 11.0 11.0 10.0 11.0 7.0 10.0 10.0 5.0 4.0 0 2.0 13.0 11.0 10009.0 10020.0 20018.0 10018.0 10029.0 10030.0 10035.0 20035.0 10027.0 10032.0 100008.0 100009.0 100020.0 100021.0 220035.0 220035.0 220035.0 220032.0 20032.0 220032.0 400010.0 400021.0 400021.0 400032.0 500032.0 400021.0 400032.0 500032.0 9.0 1100009.0 1100021.0 1100022.0 1100022.0 1100033.0 1100044.0 1100020.0 
100022.0 100022.0 100022.0 23.0 18.0 22.0 25.0 26.0 14.0 14.0 6.0 8.0 10.0 10.0 10.0 9.0 11.0 11.0 9.0 10.0 13.0 13.0 13.0 11.0 9.0 8.0 9.0 5.0 8.0 8.0 7.0 6.0 2.0 0 11.0 13.0 10011.0 10022.0 20020.0 10020.0 10031.0 10032.0 10037.0 20037.0 10025.0 10030.0 100009.0 100010.0 100022.0 100023.0 220037.0 220037.0 220037.0 220030.0 20030.0 220030.0 400008.0 400019.0 400023.0 400034.0 500034.0 400023.0 400034.0 500034.0 7.0 1100010.0 1100023.0 1100024.0 1100024.0 1100035.0 1100046.0 1100022.0 
100026.0 100026.0 100026.0 27.0 22.0 26.0 29.0 30.0 18.0 18.0 8.0 7.0 5.0 3.0 4.0 5.0 5.0 8.0 8.0 7.0 8.0 10.0 9.0 10.0 8.0 10.0 9.0 8.0 7.0 9.0 10.0 9.0 13.0 11.0 0 14.0 10015.0 10026.0 20024.0 10024.0 10035.0 10036.0 10041.0 20041.0 10025.0 10030.0 100005.0 100006.0 100026.0 100027.0 220041.0 220041.0 220041.0 220030.0 20030.0 220030.0 400007.0 400018.0 400027.0 400038.0 500038.0 400027.0 400038.0 500038.0 8.0 1100006.0 1100027.0 1100028.0 1100028.0 1100039.0 1100050.0 1100026.0 
100023.0 100023.0 100023.0 24.0 19.0 23.0 26.0 27.0 15.0 15.0 9.0 10.0 11.0 11.0 10.0 11.0 11.0 7.0 9.0 10.0 8.0 6.0 8.0 8.0 8.0 6.0 9.0 11.0 14.0 11.0 8.0 9.0 11.0 13.0 14.0 0 10012.0 10023.0 20021.0 10021.0 10032.0 10033.0 10038.0 20038.0 10022.0 10027.0 100011.0 100012.0 100023.0 100024.0 220038.0 220038.0 220038.0 220027.0 20027.0 220027.0 400014.0 400025.0 400024.0 400035.0 500035.0 400024.0 400035.0 500035.0 10.0 1100012.0 1100024.0 1100025.0 1100025.0 1100036.0 1100047.0 1100023.0 
110011.0 110011.0 110011.0 10012.0 10007.0 10011.0 10014.0 10015.0 10003.0 10003.0 10007.0 10009.0 10011.0 10012.0 10011.0 10010.0 10012.0 10012.0 10010.0 10011.0 10014.0 10016.0 10014.0 10012.0 10013.0 10013.0 10013.0 10011.0 10014.0 10011.0 10013.0 10013.0 10009.0 10011.0 10015.0 10012.0 0 11.0 10011.0 10012.0 10001.0 10000.0 10005.0 20005.0 20028.0 20033.0 110010.0 110011.0 110011.0 110012.0 220005.0 220005.0 220005.0 230033.0 30033.0 230033.0 410014.0 410025.0 410012.0 410023.0 510023.0 410012.0 410023.0 510023.0 10012.0 1110011.0 1110012.0 1110013.0 1110013.0 1110024.0 1110035.0 1110011.0 
110022.0 110022.0 110022.0 10023.0 10018.0 10022.0 10025.0 10026.0 10014.0 10014.0 10018.0 10020.0 10022.0 10023.0 10022.0 10021.0 10023.0 10023.0 10021.0 10022.0 10025.0 10027.0 10025.0 10023.0 10024.0 10024.0 10024.0 10022.0 10025.0 10022.0 10024.0 10024.0 10020.0 10022.0 10026.0 10023.0 11.0 0 10000.0 10023.0 10012.0 10011.0 10016.0 20000.0 20039.0 20044.0 110021.0 110022.0 110022.0 110023.0 220000.0 220000.0 220000.0 230044.0 30044.0 230044.0 410025.0 410036.0 410023.0 410034.0 510034.0 410023.0 410034.0 510034.0 10023.0 1110022.0 1110023.0 1110024.0 1110024.0 1110035.0 1110046.0 1110022.0 
120010.0 120010.0 120010.0 20013.0 20009.0 20012.0 20012.0 20013.0 20006.0 20008.0 20016.0 20018.0 20020.0 20021.0 20020.0 20019.0 20021.0 20021.0 20019.0 20020.0 20023.0 20025.0 20023.0 20021.0 20022.0 20022.0 20022.0 20020.0 20023.0 20020.0 20022.0 20022.0 20018.0 20020.0 20024.0 20021.0 10011.0 10000.0 0 10000.0 10000.0 10001.0 10006.0 10000.0 30037.0 30042.0 120019.0 120020.0 120010.0 120011.0 210000.0 210000.0 210000.0 240042.0 40042.0 240042.0 420023.0 420034.0 420012.0 420023.0 520023.0 420012.0 420023.0 520023.0 20021.0 1120020.0 1120011.0 1120012.0 1120012.0 1120023.0 1120034.0 1120010.0 
110010.0 110010.0 110010.0 10013.0 10009.0 10012.0 10012.0 10013.0 10006.0 10008.0 10016.0 10018.0 10020.0 10021.0 10020.0 10019.0 10021.0 10021.0 10019.0 10020.0 10023.0 10025.0 10023.0 10021.0 10022.0 10022.0 10022.0 10020.0 10023.0 10020.0 10022.0 10022.0 10018.0 10020.0 10024.0 10021.0 10012.0 10023.0 10000.0 0 11.0 12.0 17.0 10017.0 20037.0 20042.0 110019.0 110020.0 110010.0 110011.0 210017.0 210017.0 210017.0 230042.0 30042.0 230042.0 410023.0 410034.0 410012.0 410023.0 510023.0 410012.0 410023.0 510023.0 10021.0 1110020.0 1110011.0 1110012.0 1110012.0 1110023.0 1110034.0 1110010.0 
110021.0 110021.0 110021.0 10024.0 10020.0 10023.0 10023.0 10024.0 10017.0 10019.0 10027.0 10029.0 10031.0 10032.0 10031.0 10030.0 10032.0 10032.0 10030.0 10031.0 10034.0 10036.0 10034.0 10032.0 10033.0 10033.0 10033.0 10031.0 10034.0 10031.0 10033.0 10033.0 10029.0 10031.0 10035.0 10032.0 10001.0 10012.0 10000.0 11.0 0 1.0 6.0 10006.0 20048.0 20053.0 110030.0 110031.0 110021.0 110022.0 210006.0 210006.0 210006.0 230053.0 30053.0 230053.0 410034.0 410045.0 410023.0 410034.0 510034.0 410023.0 410034.0 510034.0 10032.0 1110031.0 1110022.0 1110023.0 1110023.0 1110034.0 1110045.0 1110021.0 
110022.0 110022.0 110022.0 10025.0 10021.0 10024.0 10024.0 10025.0 10018.0 10020.0 10028.0 10030.0 10032.0 10033.0 10032.0 10031.0 10033.0 10033.0 10031.0 10032.0 10035.0 10037.0 10035.0 10033.0 10034.0 10034.0 10034.0 10032.0 10035.0 10032.0 10034.0 10034.0 10030.0 10032.0 10036.0 10033.0 10000.0 10011.0 10001.0 12.0 1.0 0 5.0 10005.0 20049.0 20054.0 110031.0 110032.0 110022.0 110023.0 210005.0 210005.0 210005.0 230054.0 30054.0 230054.0 410035.0 410046.0 410024.0 410035.0 510035.0 410024.0 410035.0 510035.0 10033.0 1110032.0 1110023.0 1110024.0 1110024.0 1110035.0 1110046.0 1110022.0 
110027.0 110027.0 110027.0 10030.0 10026.0 10029.0 10029.0 10030.0 10023.0 10025.0 10033.0 10035.0 10037.0 10038.0 10037.0 10036.0 10038.0 10038.0 10036.0 10037.0 10040.0 10042.0 10040.0 10038.0 10039.0 10039.0 10039.0 10037.0 10040.0 10037.0 10039.0 10039.0 10035.0 10037.0 10041.0 10038.0 10005.0 10016.0 10006.0 17.0 6.0 5.0 0 10000.0 20054.0 20059.0 110036.0 110037.0 110027.0 110028.0 210000.0 210000.0 210000.0 230059.0 30059.0 230059.0 410040.0 410051.0 410029.0 410040.0 510040.0 410029.0 410040.0 510040.0 10038.0 1110037.0 1110028.0 1110029.0 1110029.0 1110040.0 1110051.0 1110027.0 
120027.0 120027.0 120027.0 20030.0 20026.0 20029.0 20029.0 20030.0 20023.0 20025.0 20033.0 20035.0 20037.0 20038.0 20037.0 20036.0 20038.0 20038.0 20036.0 20037.0 20040.0 20042.0 20040.0 20038.0 20039.0 20039.0 20039.0 20037.0 20040.0 20037.0 20039.0 20039.0 20035.0 20037.0 20041.0 20038.0 20005.0 20000.0 10000.0 10017.0 10006.0 10005.0 10000.0 0 30054.0 30059.0 120036.0 120037.0 120027.0 120028.0 200000.0 200000.0 200000.0 240059.0 40059.0 240059.0 420040.0 420051.0 420029.0 420040.0 520040.0 420029.0 420040.0 520040.0 20038.0 1120037.0 1120028.0 1120029.0 1120029.0 1120040.0 1120051.0 1120027.0 
110039.0 110039.0 110039.0 10040.0 10035.0 10039.0 10042.0 10043.0 10031.0 10031.0 10021.0 10022.0 10021.0 10022.0 10021.0 10022.0 10020.0 10019.0 10021.0 10022.0 10024.0 10022.0 10021.0 10019.0 10017.0 10020.0 10016.0 10021.0 10024.0 10024.0 10026.0 10026.0 10027.0 10025.0 10025.0 10022.0 20028.0 20039.0 30037.0 20037.0 20048.0 20049.0 20054.0 30054.0 0 5.0 110022.0 110023.0 110039.0 110040.0 230054.0 230054.0 230054.0 210005.0 10005.0 210005.0 410024.0 410035.0 410040.0 410051.0 510051.0 410040.0 410051.0 510051.0 10019.0 1110023.0 1110040.0 1110041.0 1110041.0 1110052.0 1110063.0 1110039.0 
110044.0 110044.0 110044.0 10045.0 10040.0 10044.0 10047.0 10048.0 10036.0 10036.0 10026.0 10027.0 10026.0 10027.0 10026.0 10027.0 10025.0 10024.0 10026.0 10027.0 10029.0 10027.0 10026.0 10024.0 10022.0 10025.0 10021.0 10026.0 10029.0 10029.0 10031.0 10031.0 10032.0 10030.0 10030.0 10027.0 20033.0 20044.0 30042.0 20042.0 20053.0 20054.0 20059.0 30059.0 5.0 0 110027.0 110028.0 110044.0 110045.0 230059.0 230059.0 230059.0 210000.0 10000.0 210000.0 410029.0 410040.0 410045.0 410056.0 510056.0 410045.0 410056.0 510056.0 10024.0 1110028.0 1110045.0 1110046.0 1110046.0 1110057.0 1110068.0 1110044.0 
200021.0 200021.0 200021.0 100022.0 100017.0 100021.0 100024.0 100025.0 100013.0 100013.0 100006.0 100006.0 100004.0 100002.0 100001.0 100000.0 100002.0 100006.0 100008.0 100009.0 100007.0 100009.0 100008.0 100007.0 100006.0 100006.0 100006.0 100005.0 100008.0 100005.0 100005.0 100004.0 100008.0 100009.0 100005.0 100011.0 110010.0 110021.0 120019.0 110019.0 110030.0 110031.0 110036.0 120036.0 110022.0 110027.0 0 1.0 200021.0 200022.0 320036.0 320036.0 320036.0 320027.0 120027.0 320027.0 500008.0 500019.0 500022.0 500033.0 600033.0 500022.0 500033.0 600033.0 100004.0 1000001.0 1200022.0 1200023.0 1200023.0 1200034.0 1200045.0 1200021.0 
200022.0 200022.0 200022.0 100023.0 100018.0 100022.0 100025.0 100026.0 100014.0 100014.0 100007.0 100007.0 100005.0 100003.0 100002.0 100001.0 100003.0 100007.0 100009.0 100010.0 100008.0 100010.0 100009.0 100008.0 100007.0 100007.0 100007.0 100006.0 100009.0 100006.0 100006.0 100005.0 100009.0 100010.0 100006.0 100012.0 110011.0 110022.0 120020.0 110020.0 110031.0 110032.0 110037.0 120037.0 110023.0 110028.0 1.0 0 200022.0 200023.0 320037.0 320037.0 320037.0 320028.0 120028.0 320028.0 500009.0 500020.0 500023.0 500034.0 600034.0 500023.0 500034.0 600034.0 100005.0 1000000.0 1200023.0 1200024.0 1200024.0 1200035.0 1200046.0 1200022.0 
200000.0 200000.0 200000.0 100005.0 100006.0 100005.0 100013.0 100013.0 100008.0 100010.0 100018.0 100020.0 100022.0 100023.0 100022.0 100021.0 100023.0 100023.0 100021.0 100022.0 100025.0 100027.0 100025.0 100023.0 100024.0 100024.0 100024.0 100022.0 100025.0 100022.0 100024.0 100024.0 100020.0 100022.0 100026.0 100023.0 110011.0 110022.0 120010.0 110010.0 110021.0 110022.0 110027.0 120027.0 110039.0 110044.0 200021.0 200022.0 0 1.0 320027.0 320027.0 320027.0 320044.0 120044.0 320044.0 500025.0 500036.0 500008.0 500019.0 600019.0 500008.0 500019.0 600019.0 100023.0 1200022.0 1000001.0 1000002.0 1000002.0 1000013.0 1000024.0 1200000.0 
200001.0 200001.0 200001.0 100006.0 100007.0 100006.0 100014.0 100014.0 100009.0 100011.0 100019.0 100021.0 100023.0 100024.0 100023.0 100022.0 100024.0 100024.0 100022.0 100023.0 100026.0 100028.0 100026.0 100024.0 100025.0 100025.0 100025.0 100023.0 100026.0 100023.0 100025.0 100025.0 100021.0 100023.0 100027.0 100024.0 110012.0 110023.0 120011.0 110011.0 110022.0 110023.0 110028.0 120028.0 110040.0 110045.0 200022.0 200023.0 1.0 0 320028.0 320028.0 320028.0 320045.0 120045.0 320045.0 500026.0 500037.0 500009.0 500020.0 600020.0 500009.0 500020.0 600020.0 100024.0 1200023.0 1000000.0 1000001.0 1000001.0 1000012.0 1000023.0 1200001.0 
320027.0 320027.0 320027.0 220030.0 220026.0 220029.0 220029.0 220030.0 220023.0 220025.0 220033.0 220035.0 220037.0 220038.0 220037.0 220036.0 220038.0 220038.0 220036.0 220037.0 220040.0 220042.0 220040.0 220038.0 220039.0 220039.0 220039.0 220037.0 220040.0 220037.0 220039.0 220039.0 220035.0 220037.0 220041.0 220038.0 220005.0 220000.0 210000.0 210017.0 210006.0 210005.0 210000.0 200000.0 230054.0 230059.0 320036.0 320037.0 320027.0 320028.0 0 400000.0 400000.0 440059.0 240059.0 440059.0 620040.0 620051.0 620029.0 620040.0 720040.0 620029.0 620040.0 720040.0 220038.0 1320037.0 1320028.0 1320029.0 1320029.0 1320040.0 1320051.0 1320027.0 
320027.0 320027.0 320027.0 220030.0 220026.0 220029.0 220029.0 220030.0 220023.0 220025.0 220033.0 220035.0 220037.0 220038.0 220037.0 220036.0 220038.0 220038.0 220036.0 220037.0 220040.0 220042.0 220040.0 220038.0 220039.0 220039.0 220039.0 220037.0 220040.0 220037.0 220039.0 220039.0 220035.0 220037.0 220041.0 220038.0 220005.0 220000.0 210000.0 210017.0 210006.0 210005.0 210000.0 200000.0 230054.0 230059.0 320036.0 320037.0 320027.0 320028.0 400000.0 0 400000.0 440059.0 240059.0 440059.0 620040.0 620051.0 620029.0 620040.0 720040.0 620029.0 620040.0 720040.0 220038.0 1320037.0 1320028.0 1320029.0 1320029.0 1320040.0 1320051.0 1320027.0 
320027.0 320027.0 320027.0 220030.0 220026.0 220029.0 220029.0 220030.0 220023.0 220025.0 220033.0 220035.0 220037.0 220038.0 220037.0 220036.0 220038.0 220038.0 220036.0 220037.0 220040.0 220042.0 220040.0 220038.0 220039.0 220039.0 220039.0 220037.0 220040.0 220037.0 220039.0 220039.0 220035.0 220037.0 220041.0 220038.0 220005.0 220000.0 210000.0 210017.0 210006.0 210005.0 210000.0 200000.0 230054.0 230059.0 320036.0 320037.0 320027.0 320028.0 400000.0 400000.0 0 440059.0 240059.0 440059.0 620040.0 620051.0 620029.0 620040.0 720040.0 620029.0 620040.0 720040.0 220038.0 1320037.0 1320028.0 1320029.0 1320029.0 1320040.0 1320051.0 1320027.0 
320044.0 320044.0 320044.0 220045.0 220040.0 220044.0 220047.0 220048.0 220036.0 220036.0 220026.0 220027.0 220026.0 220027.0 220026.0 220027.0 220025.0 220024.0 220026.0 220027.0 220029.0 220027.0 220026.0 220024.0 220022.0 220025.0 220021.0 220026.0 220029.0 220029.0 220031.0 220031.0 220032.0 220030.0 220030.0 220027.0 230033.0 230044.0 240042.0 230042.0 230053.0 230054.0 230059.0 240059.0 210005.0 210000.0 320027.0 320028.0 320044.0 320045.0 440059.0 440059.0 440059.0 0 200000.0 400000.0 620029.0 620040.0 620045.0 620056.0 720056.0 620045.0 620056.0 720056.0 220024.0 1320028.0 1320045.0 1320046.0 1320046.0 1320057.0 1320068.0 1320044.0 
120044.0 120044.0 120044.0 20045.0 20040.0 20044.0 20047.0 20048.0 20036.0 20036.0 20026.0 20027.0 20026.0 20027.0 20026.0 20027.0 20025.0 20024.0 20026.0 20027.0 20029.0 20027.0 20026.0 20024.0 20022.0 20025.0 20021.0 20026.0 20029.0 20029.0 20031.0 20031.0 20032.0 20030.0 20030.0 20027.0 30033.0 30044.0 40042.0 30042.0 30053.0 30054.0 30059.0 40059.0 10005.0 10000.0 120027.0 120028.0 120044.0 120045.0 240059.0 240059.0 240059.0 200000.0 0 200000.0 420029.0 420040.0 420045.0 420056.0 520056.0 420045.0 420056.0 520056.0 20024.0 1120028.0 1120045.0 1120046.0 1120046.0 1120057.0 1120068.0 1120044.0 
320044.0 320044.0 320044.0 220045.0 220040.0 220044.0 220047.0 220048.0 220036.0 220036.0 220026.0 220027.0 220026.0 220027.0 220026.0 220027.0 220025.0 220024.0 220026.0 220027.0 220029.0 220027.0 220026.0 220024.0 220022.0 220025.0 220021.0 220026.0 220029.0 220029.0 220031.0 220031.0 220032.0 220030.0 220030.0 220027.0 230033.0 230044.0 240042.0 230042.0 230053.0 230054.0 230059.0 240059.0 210005.0 210000.0 320027.0 320028.0 320044.0 320045.0 440059.0 440059.0 440059.0 400000.0 200000.0 0 620029.0 620040.0 620045.0 620056.0 720056.0 620045.0 620056.0 720056.0 220024.0 1320028.0 1320045.0 1320046.0 1320046.0 1320057.0 1320068.0 1320044.0 
500025.0 500025.0 500025.0 400026.0 400021.0 400025.0 400028.0 400029.0 400017.0 400017.0 400009.0 400011.0 400010.0 400008.0 400008.0 400008.0 400007.0 400009.0 400008.0 400009.0 400013.0 400014.0 400012.0 400010.0 400008.0 400008.0 400008.0 400003.0 400000.0 400006.0 400011.0 400012.0 400010.0 400008.0 400007.0 400014.0 410014.0 410025.0 420023.0 410023.0 410034.0 410035.0 410040.0 420040.0 410024.0 410029.0 500008.0 500009.0 500025.0 500026.0 620040.0 620040.0 620040.0 620029.0 420029.0 620029.0 0 11.0 800026.0 800037.0 900037.0 800026.0 800037.0 900037.0 400006.0 1500009.0 1500026.0 1500027.0 1500027.0 1500038.0 1500049.0 1500025.0 
500036.0 500036.0 500036.0 400037.0 400032.0 400036.0 400039.0 400040.0 400028.0 400028.0 400020.0 400022.0 400021.0 400019.0 400019.0 400019.0 400018.0 400020.0 400019.0 400020.0 400024.0 400025.0 400023.0 400021.0 400019.0 400019.0 400019.0 400014.0 400011.0 400017.0 400022.0 400023.0 400021.0 400019.0 400018.0 400025.0 410025.0 410036.0 420034.0 410034.0 410045.0 410046.0 410051.0 420051.0 410035.0 410040.0 500019.0 500020.0 500036.0 500037.0 620051.0 620051.0 620051.0 620040.0 420040.0 620040.0 11.0 0 800037.0 800048.0 900048.0 800037.0 800048.0 900048.0 400017.0 1500020.0 1500037.0 1500038.0 1500038.0 1500049.0 1500060.0 1500036.0 
500008.0 500008.0 500008.0 400007.0 400009.0 400006.0 400014.0 400015.0 400010.0 400014.0 400019.0 400021.0 400023.0 400024.0 400023.0 400022.0 400024.0 400024.0 400022.0 400023.0 400026.0 400028.0 400026.0 400024.0 400025.0 400025.0 400025.0 400023.0 400026.0 400023.0 400025.0 400025.0 400021.0 400023.0 400027.0 400024.0 410012.0 410023.0 420012.0 410012.0 410023.0 410024.0 410029.0 420029.0 410040.0 410045.0 500022.0 500023.0 500008.0 500009.0 620029.0 620029.0 620029.0 620045.0 420045.0 620045.0 800026.0 800037.0 0 11.0 100011.0 100000.0 100011.0 200011.0 400024.0 1500023.0 1500009.0 1500010.0 1500010.0 1500021.0 1500032.0 1500008.0 
500019.0 500019.0 500019.0 400018.0 400020.0 400017.0 400025.0 400026.0 400021.0 400025.0 400030.0 400032.0 400034.0 400035.0 400034.0 400033.0 400035.0 400035.0 400033.0 400034.0 400037.0 400039.0 400037.0 400035.0 400036.0 400036.0 400036.0 400034.0 400037.0 400034.0 400036.0 400036.0 400032.0 400034.0 400038.0 400035.0 410023.0 410034.0 420023.0 410023.0 410034.0 410035.0 410040.0 420040.0 410051.0 410056.0 500033.0 500034.0 500019.0 500020.0 620040.0 620040.0 620040.0 620056.0 420056.0 620056.0 800037.0 800048.0 11.0 0 100000.0 100011.0 100022.0 200022.0 400035.0 1500034.0 1500020.0 1500021.0 1500021.0 1500032.0 1500043.0 1500019.0 
600019.0 600019.0 600019.0 500018.0 500020.0 500017.0 500025.0 500026.0 500021.0 500025.0 500030.0 500032.0 500034.0 500035.0 500034.0 500033.0 500035.0 500035.0 500033.0 500034.0 500037.0 500039.0 500037.0 500035.0 500036.0 500036.0 500036.0 500034.0 500037.0 500034.0 500036.0 500036.0 500032.0 500034.0 500038.0 500035.0 510023.0 510034.0 520023.0 510023.0 510034.0 510035.0 510040.0 520040.0 510051.0 510056.0 600033.0 600034.0 600019.0 600020.0 720040.0 720040.0 720040.0 720056.0 520056.0 720056.0 900037.0 900048.0 100011.0 100000.0 0 200011.0 200022.0 300022.0 500035.0 1600034.0 1600020.0 1600021.0 1600021.0 1600032.0 1600043.0 1600019.0 
500008.0 500008.0 500008.0 400007.0 400009.0 400006.0 400014.0 400015.0 400010.0 400014.0 400019.0 400021.0 400023.0 400024.0 400023.0 400022.0 400024.0 400024.0 400022.0 400023.0 400026.0 400028.0 400026.0 400024.0 400025.0 400025.0 400025.0 400023.0 400026.0 400023.0 400025.0 400025.0 400021.0 400023.0 400027.0 400024.0 410012.0 410023.0 420012.0 410012.0 410023.0 410024.0 410029.0 420029.0 410040.0 410045.0 500022.0 500023.0 500008.0 500009.0 620029.0 620029.0 620029.0 620045.0 420045.0 620045.0 800026.0 800037.0 100000.0 100011.0 200011.0 0 11.0 100011.0 400024.0 1500023.0 1500009.0 1500010.0 1500010.0 1500021.0 1500032.0 1500008.0 
500019.0 500019.0 500019.0 400018.0 400020.0 400017.0 400025.0 400026.0 400021.0 400025.0 400030.0 400032.0 400034.0 400035.0 400034.0 400033.0 400035.0 400035.0 400033.0 400034.0 400037.0 400039.0 400037.0 400035.0 400036.0 400036.0 400036.0 400034.0 400037.0 400034.0 400036.0 400036.0 400032.0 400034.0 400038.0 400035.0 410023.0 410034.0 420023.0 410023.0 410034.0 410035.0 410040.0 420040.0 410051.0 410056.0 500033.0 500034.0 500019.0 500020.0 620040.0 620040.0 620040.0 620056.0 420056.0 620056.0 800037.0 800048.0 100011.0 100022.0 200022.0 11.0 0 100000.0 400035.0 1500034.0 1500020.0 1500021.0 1500021.0 1500032.0 1500043.0 1500019.0 
600019.0 600019.0 600019.0 500018.0 500020.0 500017.0 500025.0 500026.0 500021.0 500025.0 500030.0 500032.0 500034.0 500035.0 500034.0 500033.0 500035.0 500035.0 500033.0 500034.0 500037.0 500039.0 500037.0 500035.0 500036.0 500036.0 500036.0 500034.0 500037.0 500034.0 500036.0 500036.0 500032.0 500034.0 500038.0 500035.0 510023.0 510034.0 520023.0 510023.0 510034.0 510035.0 510040.0 520040.0 510051.0 510056.0 600033.0 600034.0 600019.0 600020.0 720040.0 720040.0 720040.0 720056.0 520056.0 720056.0 900037.0 900048.0 200011.0 200022.0 300022.0 100011.0 100000.0 0 500035.0 1600034.0 1600020.0 1600021.0 1600021.0 1600032.0 1600043.0 1600019.0 
100023.0 100023.0 100023.0 24.0 19.0 23.0 26.0 27.0 15.0 15.0 5.0 7.0 6.0 5.0 5.0 4.0 6.0 5.0 7.0 8.0 9.0 8.0 6.0 4.0 2.0 4.0 4.0 3.0 6.0 6.0 9.0 8.0 9.0 7.0 8.0 10.0 10012.0 10023.0 20021.0 10021.0 10032.0 10033.0 10038.0 20038.0 10019.0 10024.0 100004.0 100005.0 100023.0 100024.0 220038.0 220038.0 220038.0 220024.0 20024.0 220024.0 400006.0 400017.0 400024.0 400035.0 500035.0 400024.0 400035.0 500035.0 0 1100005.0 1100024.0 1100025.0 1100025.0 1100036.0 1100047.0 1100023.0 
1200022.0 1200022.0 1200022.0 1100023.0 1100018.0 1100022.0 1100025.0 1100026.0 1100014.0 1100014.0 1100007.0 1100007.0 1100005.0 1100003.0 1100002.0 1100001.0 1100003.0 1100007.0 1100009.0 1100010.0 1100008.0 1100010.0 1100009.0 1100008.0 1100007.0 1100007.0 1100007.0 1100006.0 1100009.0 1100006.0 1100006.0 1100005.0 1100009.0 1100010.0 1100006.0 1100012.0 1110011.0 1110022.0 1120020.0 1110020.0 1110031.0 1110032.0 1110037.0 1120037.0 1110023.0 1110028.0 1000001.0 1000000.0 1200022.0 1200023.0 1320037.0 1320037.0 1320037.0 1320028.0 1120028.0 1320028.0 1500009.0 1500020.0 1500023.0 1500034.0 1600034.0 1500023.0 1500034.0 1600034.0 1100005.0 0 2200023.0 2200024.0 2200024.0 2200035.0 2200046.0 2200022.0 
1200001.0 1200001.0 1200001.0 1100006.0 1100007.0 1100006.0 1100014.0 1100014.0 1100009.0 1100011.0 1100019.0 1100021.0 1100023.0 1100024.0 1100023.0 1100022.0 1100024.0 1100024.0 1100022.0 1100023.0 1100026.0 1100028.0 1100026.0 1100024.0 1100025.0 1100025.0 1100025.0 1100023.0 1100026.0 1100023.0 1100025.0 1100025.0 1100021.0 1100023.0 1100027.0 1100024.0 1110012.0 1110023.0 1120011.0 1110011.0 1110022.0 1110023.0 1110028.0 1120028.0 1110040.0 1110045.0 1200022.0 1200023.0 1000001.0 1000000.0 1320028.0 1320028.0 1320028.0 1320045.0 1120045.0 1320045.0 1500026.0 1500037.0 1500009.0 1500020.0 1600020.0 1500009.0 1500020.0 1600020.0 1100024.0 2200023.0 0 1.0 1.0 12.0 23.0 1000000.0 
1200002.0 1200002.0 1200002.0 1100007.0 1100008.0 1100007.0 1100015.0 1100015.0 1100010.0 1100012.0 1100020.0 1100022.0 1100024.0 1100025.0 1100024.0 1100023.0 1100025.0 1100025.0 1100023.0 1100024.0 1100027.0 1100029.0 1100027.0 1100025.0 1100026.0 1100026.0 1100026.0 1100024.0 1100027.0 1100024.0 1100026.0 1100026.0 1100022.0 1100024.0 1100028.0 1100025.0 1110013.0 1110024.0 1120012.0 1110012.0 1110023.0 1110024.0 1110029.0 1120029.0 1110041.0 1110046.0 1200023.0 1200024.0 1000002.0 1000001.0 1320029.0 1320029.0 1320029.0 1320046.0 1120046.0 1320046.0 1500027.0 1500038.0 1500010.0 1500021.0 1600021.0 1500010.0 1500021.0 1600021.0 1100025.0 2200024.0 1.0 0 1.0 11.0 22.0 1000001.0 
1200002.0 1200002.0 1200002.0 1100007.0 1100008.0 1100007.0 1100015.0 1100015.0 1100010.0 1100012.0 1100020.0 1100022.0 1100024.0 1100025.0 1100024.0 1100023.0 1100025.0 1100025.0 1100023.0 1100024.0 1100027.0 1100029.0 1100027.0 1100025.0 1100026.0 1100026.0 1100026.0 1100024.0 1100027.0 1100024.0 1100026.0 1100026.0 1100022.0 1100024.0 1100028.0 1100025.0 1110013.0 1110024.0 1120012.0 1110012.0 1110023.0 1110024.0 1110029.0 1120029.0 1110041.0 1110046.0 1200023.0 1200024.0 1000002.0 1000001.0 1320029.0 1320029.0 1320029.0 1320046.0 1120046.0 1320046.0 1500027.0 1500038.0 1500010.0 1500021.0 1600021.0 1500010.0 1500021.0 1600021.0 1100025.0 2200024.0 1.0 1.0 0 12.0 23.0 1000001.0 
