47
6 7 1 10 34 44 42 48 40 49 46 25 24 31 4 19 39 45 33 28 35 17 12 18 11 22 29 21 16 8 9 5 15 38 77 14 13 30 20 2 26 32 27 50 23 37 0
0 499312.0 808067.0 940351.0 857729.0 1063078.0 1064578.0 1325182.0 932722.0 879561.0 1359305.0 1120725.0 627954.0 658677.0 798484.0 970653.0 1098442.0 1194336.0 1100315.0 1140721.0 1299750.0 1471913.0 1618795.0 1637795.0 1484783.0 1483378.0 1495160.0 1086846.0 880150.0 1251833.0 947051.0 1466414.0 1847008.0 1616902.0 1722336.0 1579424.0 1830909.0 1386103.0 1424766.0 1106708.0 1338339.0 1401519.0 1643792.0 1620739.0 1301410.0 2058236.0 319003.0 
499312.0 0 308755.0 441039.0 770286.0 563766.0 981724.0 1242328.0 930049.0 876888.0 1095420.0 1435385.0 1025654.0 1051703.0 1191510.0 1221943.0 1094154.0 1184608.0 601003.0 641409.0 815711.0 987874.0 1475251.0 1138483.0 1270295.0 1192745.0 995848.0 1357291.0 773458.0 1145141.0 1446363.0 1378971.0 1791269.0 1456332.0 1469516.0 1496570.0 1502754.0 1057948.0 1211458.0 1324156.0 1284584.0 902207.0 1164493.0 1141440.0 802098.0 1738910.0 818315.0 
808067.0 308755.0 0 132284.0 821963.0 872521.0 1033401.0 1294005.0 1238804.0 1185643.0 1404175.0 1661693.0 1168922.0 1194971.0 1334778.0 1506947.0 1402909.0 1493363.0 909758.0 950164.0 1031081.0 1203244.0 1636623.0 1208512.0 961540.0 1501500.0 1304603.0 1408968.0 1082213.0 1453896.0 1592705.0 1430648.0 1755701.0 1595652.0 1684886.0 1548247.0 1715575.0 1366703.0 1333459.0 1015401.0 1247032.0 593452.0 1473248.0 1450195.0 1110853.0 1832049.0 1127070.0 
940351.0 441039.0 132284.0 0 689679.0 896199.0 901117.0 1161721.0 1371088.0 1317927.0 1536459.0 1529409.0 1036638.0 1062687.0 1202494.0 1374663.0 1378449.0 1474343.0 871323.0 1082448.0 1163365.0 1335528.0 1580712.0 1152601.0 905629.0 1605990.0 1436887.0 1276684.0 1093146.0 1464829.0 1460421.0 1298364.0 1710662.0 1669434.0 1817170.0 1415963.0 1659664.0 1498987.0 1465743.0 1147685.0 1379316.0 725736.0 1523927.0 1546980.0 1243137.0 1857557.0 1258983.0 
857729.0 770286.0 821963.0 689679.0 0 206520.0 211438.0 472042.0 908032.0 961193.0 1136768.0 839730.0 346959.0 373008.0 512815.0 684984.0 812773.0 908667.0 644698.0 840423.0 852438.0 680275.0 1300250.0 1258110.0 1011138.0 1120474.0 1250172.0 587005.0 403467.0 775150.0 770742.0 608685.0 1020983.0 1299790.0 1222495.0 726284.0 1070861.0 851820.0 1138546.0 888331.0 1119962.0 1310280.0 834248.0 857301.0 653941.0 1772567.0 712682.0 
1063078.0 563766.0 872521.0 896199.0 206520.0 0 417958.0 678562.0 997118.0 1049608.0 1268140.0 1046250.0 553479.0 579528.0 719335.0 891504.0 1019293.0 1115187.0 851218.0 633903.0 808205.0 886795.0 1467745.0 1342075.0 1217658.0 1326994.0 1359705.0 793525.0 609987.0 981670.0 977262.0 815205.0 1227503.0 1131701.0 1429015.0 932804.0 1277381.0 1050442.0 1309832.0 1094851.0 1306125.0 1347374.0 1040768.0 1063821.0 447421.0 1837284.0 919202.0 
1064578.0 981724.0 1033401.0 901117.0 211438.0 417958.0 0 260604.0 696594.0 749755.0 1220573.0 929395.0 436624.0 584446.0 724253.0 896422.0 868418.0 772524.0 856136.0 1051861.0 1063876.0 891713.0 1427465.0 1469548.0 1222576.0 1331316.0 1461610.0 798443.0 473705.0 845388.0 982180.0 820123.0 1232421.0 1088352.0 1433933.0 514846.0 859423.0 1063258.0 1349984.0 1099769.0 1331400.0 1446745.0 1045686.0 1068739.0 865379.0 1968171.0 924120.0 
1325182.0 1242328.0 1294005.0 1161721.0 472042.0 678562.0 260604.0 0 435990.0 489151.0 968895.0 1189999.0 697228.0 845050.0 962048.0 789879.0 917668.0 1013562.0 939025.0 1288840.0 1191207.0 1152317.0 1688069.0 1529389.0 1483180.0 1492790.0 1585391.0 1059047.0 734309.0 1105992.0 1242784.0 1034216.0 1446514.0 1348956.0 1694537.0 775450.0 1120027.0 1323862.0 1519476.0 1360373.0 1158059.0 1355935.0 1306290.0 1329343.0 985687.0 2129645.0 1184724.0 
932722.0 930049.0 1238804.0 1371088.0 908032.0 997118.0 696594.0 435990.0 0 53161.0 532905.0 872870.0 1019270.0 1015937.0 1017945.0 845776.0 717987.0 622093.0 503035.0 852850.0 873172.0 1045335.0 1433568.0 1093399.0 1058205.0 1056800.0 1149401.0 937913.0 1083835.0 1455518.0 1595345.0 889361.0 1301659.0 1411077.0 1336941.0 1150722.0 1193287.0 1269389.0 1083486.0 953700.0 722069.0 919945.0 891666.0 914719.0 549697.0 1693655.0 967297.0 
879561.0 876888.0 1185643.0 1317927.0 961193.0 1049608.0 749755.0 489151.0 53161.0 0 479744.0 819709.0 1072431.0 1007001.0 964784.0 792615.0 664826.0 568932.0 551509.0 901324.0 926333.0 1098496.0 1486729.0 1146560.0 1111366.0 1109961.0 1096240.0 991074.0 1136996.0 1508679.0 1542184.0 942522.0 1354820.0 1464238.0 1390102.0 1184973.0 1140126.0 1317863.0 1136647.0 900539.0 668908.0 973106.0 838505.0 861558.0 602187.0 1746816.0 914136.0 
1359305.0 1095420.0 1404175.0 1536459.0 1136768.0 1268140.0 1220573.0 968895.0 532905.0 479744.0 0 575873.0 789809.0 1011082.0 1063805.0 891636.0 864799.0 768905.0 1031253.0 863811.0 689509.0 641544.0 1137321.0 1403003.0 1414417.0 1511669.0 1314772.0 1318960.0 1042005.0 1413688.0 1502697.0 751038.0 1016215.0 1298593.0 1343314.0 1004959.0 660382.0 1105188.0 783371.0 718342.0 887440.0 1140291.0 980285.0 957232.0 820719.0 1820611.0 1350756.0 
1120725.0 1435385.0 1661693.0 1529409.0 839730.0 1046250.0 929395.0 1189999.0 872870.0 819709.0 575873.0 0 492771.0 714044.0 853851.0 1026020.0 1153809.0 1108870.0 1371218.0 1309776.0 1135474.0 1122288.0 1483612.0 1553368.0 1352174.0 1639408.0 1654737.0 1142213.0 744967.0 1116650.0 1610472.0 1326911.0 1592088.0 1133844.0 1654365.0 560338.0 904915.0 1349721.0 1359244.0 1058307.0 1227405.0 1480256.0 1321407.0 1344460.0 937249.0 2113603.0 1053718.0 
627954.0 1025654.0 1168922.0 1036638.0 346959.0 553479.0 436624.0 697228.0 1019270.0 1072431.0 789809.0 492771.0 0 221273.0 361080.0 533249.0 661038.0 756932.0 991657.0 1187382.0 1199168.0 1027234.0 990841.0 1106375.0 859403.0 1382796.0 1312609.0 649442.0 252196.0 623879.0 1117701.0 955644.0 1367942.0 1179498.0 1284932.0 951470.0 1296047.0 948699.0 1093380.0 1235290.0 1466921.0 1164063.0 1181207.0 1183335.0 1000900.0 1620832.0 560947.0 
658677.0 1051703.0 1194971.0 1062687.0 373008.0 579528.0 584446.0 845050.0 1015937.0 1007001.0 1011082.0 714044.0 221273.0 0 139807.0 311976.0 439765.0 535659.0 948074.0 1143965.0 1225446.0 1053283.0 1139472.0 1116244.0 885452.0 1288233.0 1091336.0 428169.0 278245.0 649928.0 1143750.0 981693.0 1393991.0 958225.0 1063659.0 1099292.0 1172232.0 727426.0 872107.0 1190165.0 1414697.0 942790.0 985115.0 962062.0 1026949.0 1399559.0 339674.0 
798484.0 1191510.0 1334778.0 1202494.0 512815.0 719335.0 724253.0 962048.0 1017945.0 964784.0 1063805.0 853851.0 361080.0 139807.0 0 172169.0 299958.0 395852.0 808267.0 1004158.0 1125193.0 965778.0 999665.0 1256051.0 1025259.0 1148426.0 951529.0 288362.0 418052.0 789735.0 1056245.0 894188.0 1306486.0 977174.0 923852.0 986583.0 1032425.0 587619.0 732300.0 1050358.0 1281989.0 1082597.0 845308.0 822255.0 1008641.0 1259752.0 479481.0 
970653.0 1221943.0 1506947.0 1374663.0 684984.0 891504.0 896422.0 789879.0 845776.0 792615.0 891636.0 1026020.0 533249.0 311976.0 172169.0 0 127789.0 223683.0 636098.0 985913.0 1160215.0 1137947.0 1171834.0 1428220.0 1197428.0 1320595.0 1123698.0 460531.0 590221.0 961904.0 1228414.0 1066357.0 1478655.0 1149343.0 1096021.0 1158752.0 1204594.0 759788.0 904469.0 1222527.0 1200311.0 1254766.0 673139.0 650086.0 1133590.0 1431921.0 651650.0 
1098442.0 1094154.0 1402909.0 1378449.0 812773.0 1019293.0 868418.0 917668.0 717987.0 664826.0 864799.0 1153809.0 661038.0 439765.0 299958.0 127789.0 0 95894.0 508309.0 858124.0 1032426.0 1204589.0 1299623.0 1556009.0 1325217.0 1448384.0 1251487.0 588320.0 718010.0 1089693.0 1356203.0 1194146.0 1606444.0 1277132.0 1223810.0 1051350.0 1332383.0 887577.0 1032258.0 1304153.0 1072522.0 1382555.0 800928.0 777875.0 1005801.0 1559710.0 779439.0 
1194336.0 1184608.0 1493363.0 1474343.0 908667.0 1115187.0 772524.0 1013562.0 622093.0 568932.0 768905.0 1108870.0 756932.0 535659.0 395852.0 223683.0 95894.0 0 604203.0 954018.0 1128320.0 1300483.0 1395517.0 1492191.0 1421111.0 1544278.0 1347381.0 684214.0 813904.0 1185587.0 1452097.0 1290040.0 1702338.0 1373026.0 1319704.0 955456.0 1300033.0 983471.0 1128152.0 1208259.0 976628.0 1478449.0 896822.0 873769.0 909907.0 1655604.0 875333.0 
1100315.0 601003.0 909758.0 871323.0 644698.0 851218.0 856136.0 939025.0 503035.0 551509.0 1031253.0 1371218.0 991657.0 948074.0 808267.0 636098.0 508309.0 604203.0 0 349815.0 524117.0 696280.0 1183657.0 1237762.0 1395082.0 1292024.0 1095127.0 1096629.0 872737.0 1244420.0 1415440.0 1253383.0 1665681.0 1630318.0 1177922.0 1304320.0 1211160.0 766354.0 1503080.0 1253668.0 1022037.0 1082796.0 1263772.0 1240719.0 648998.0 1655219.0 1216372.0 
1140721.0 641409.0 950164.0 1082448.0 840423.0 633903.0 1051861.0 1288840.0 852850.0 901324.0 863811.0 1309776.0 1187382.0 1143965.0 1004158.0 985913.0 858124.0 954018.0 349815.0 0 174302.0 346465.0 833842.0 1187785.0 1045267.0 1043862.0 1240759.0 1023881.0 1222552.0 1594235.0 1207618.0 1045561.0 1457859.0 1348628.0 828107.0 1205922.0 861345.0 416539.0 1153265.0 903853.0 672222.0 897512.0 935052.0 958105.0 840761.0 1305404.0 1459724.0 
1299750.0 815711.0 1031081.0 1163365.0 852438.0 808205.0 1063876.0 1191207.0 873172.0 926333.0 689509.0 1135474.0 1199168.0 1225446.0 1125193.0 1160215.0 1032426.0 1128320.0 524117.0 174302.0 0 172163.0 659540.0 1087651.0 870965.0 869560.0 1066457.0 849579.0 1255905.0 1423783.0 1033316.0 871259.0 1283557.0 1174326.0 653805.0 1249674.0 1035647.0 590841.0 978963.0 1078155.0 846524.0 723210.0 1050617.0 1073670.0 666459.0 1131102.0 1334325.0 
1471913.0 987874.0 1203244.0 1335528.0 680275.0 886795.0 891713.0 1152317.0 1045335.0 1098496.0 641544.0 1122288.0 1027234.0 1053283.0 965778.0 1137947.0 1204589.0 1300483.0 696280.0 346465.0 172163.0 0 619975.0 1048086.0 1043128.0 1041723.0 1238620.0 677416.0 1083742.0 1384218.0 861153.0 699096.0 1111394.0 1346489.0 825968.0 1375637.0 1207810.0 763004.0 1151126.0 978742.0 1018687.0 683645.0 924659.0 947712.0 653273.0 1303265.0 1392957.0 
1618795.0 1475251.0 1636623.0 1580712.0 1300250.0 1467745.0 1427465.0 1688069.0 1433568.0 1486729.0 1137321.0 1483612.0 990841.0 1139472.0 999665.0 1171834.0 1299623.0 1395517.0 1183657.0 833842.0 659540.0 619975.0 0 428111.0 675083.0 954563.0 1151460.0 1288027.0 1135926.0 764243.0 1481128.0 1319071.0 1537859.0 944944.0 1313345.0 1421141.0 1429118.0 1250381.0 853435.0 1171493.0 943674.0 1171022.0 1244369.0 1221316.0 1129776.0 1380887.0 1479146.0 
1637795.0 1138483.0 1208512.0 1152601.0 1258110.0 1342075.0 1469548.0 1529389.0 1093399.0 1146560.0 1403003.0 1553368.0 1106375.0 1116244.0 1256051.0 1428220.0 1556009.0 1492191.0 1237762.0 1187785.0 1087651.0 1048086.0 428111.0 0 246972.0 526452.0 723349.0 1365992.0 1163347.0 1192354.0 1549729.0 1338609.0 1109748.0 516833.0 1037354.0 993030.0 1001007.0 1445813.0 1065252.0 747194.0 515563.0 890072.0 816258.0 793205.0 896667.0 1198900.0 1455918.0 
1484783.0 1270295.0 961540.0 905629.0 1011138.0 1217658.0 1222576.0 1483180.0 1058205.0 1111366.0 1414417.0 1352174.0 859403.0 885452.0 1025259.0 1197428.0 1325217.0 1421111.0 1395082.0 1045267.0 870965.0 1043128.0 675083.0 246972.0 0 700361.0 897258.0 1119020.0 916375.0 1288058.0 1302757.0 1140700.0 1291023.0 763805.0 980502.0 1080475.0 754035.0 1198841.0 1163996.0 994166.0 762535.0 929913.0 1063230.0 1040177.0 1143639.0 951928.0 1225126.0 
1483378.0 1192745.0 1501500.0 1605990.0 1120474.0 1326994.0 1331316.0 1492790.0 1056800.0 1109961.0 1511669.0 1639408.0 1382796.0 1288233.0 1148426.0 1320595.0 1448384.0 1544278.0 1292024.0 1043862.0 869560.0 1041723.0 954563.0 526452.0 700361.0 0 196897.0 860064.0 1314533.0 1686216.0 1301352.0 1139295.0 1551593.0 1043285.0 979097.0 1079070.0 1423647.0 1382430.0 904186.0 1159839.0 1042015.0 1416524.0 1342710.0 1319657.0 1315029.0 1512174.0 1517953.0 
1495160.0 995848.0 1304603.0 1436887.0 1250172.0 1359705.0 1461610.0 1585391.0 1149401.0 1096240.0 1314772.0 1654737.0 1312609.0 1091336.0 951529.0 1123698.0 1251487.0 1347381.0 1095127.0 1240759.0 1066457.0 1238620.0 1151460.0 723349.0 897258.0 196897.0 0 663167.0 1117636.0 1489319.0 1431050.0 1268993.0 1681291.0 1240182.0 1175994.0 1275967.0 1620544.0 1451201.0 707289.0 962942.0 1194573.0 1299551.0 1480527.0 1457474.0 1118132.0 1709071.0 1431010.0 
1086846.0 1357291.0 1408968.0 1276684.0 587005.0 793525.0 798443.0 1059047.0 937913.0 991074.0 1318960.0 1142213.0 649442.0 428169.0 288362.0 460531.0 588320.0 684214.0 1096629.0 1023881.0 849579.0 677416.0 1288027.0 1365992.0 1119020.0 860064.0 663167.0 0 706414.0 1078097.0 767883.0 605826.0 1018124.0 1156011.0 635490.0 698221.0 1042798.0 848961.0 1020662.0 885472.0 1117103.0 1213707.0 821149.0 844202.0 1240946.0 1548114.0 767843.0 
880150.0 773458.0 1082213.0 1093146.0 403467.0 609987.0 473705.0 734309.0 1083835.0 1136996.0 1042005.0 744967.0 252196.0 278245.0 418052.0 590221.0 718010.0 813904.0 872737.0 1222552.0 1255905.0 1083742.0 1135926.0 1163347.0 916375.0 1314533.0 1117636.0 706414.0 0 371683.0 1174209.0 1012152.0 1424450.0 1236470.0 1341904.0 988551.0 1333128.0 1005671.0 1150352.0 1291798.0 1523429.0 1105305.0 1237715.0 1240307.0 923886.0 1677804.0 617919.0 
1251833.0 1145141.0 1453896.0 1464829.0 775150.0 981670.0 845388.0 1105992.0 1455518.0 1508679.0 1413688.0 1116650.0 623879.0 649928.0 789735.0 961904.0 1089693.0 1185587.0 1244420.0 1594235.0 1423783.0 1384218.0 764243.0 1192354.0 1288058.0 1686216.0 1489319.0 1078097.0 371683.0 0 863076.0 1383835.0 1796133.0 1592802.0 1606431.0 1360234.0 1704811.0 1377354.0 1347928.0 1663481.0 1707917.0 1476988.0 1609398.0 1611990.0 1295569.0 1875380.0 989602.0 
947051.0 1446363.0 1592705.0 1460421.0 770742.0 977262.0 982180.0 1242784.0 1595345.0 1542184.0 1502697.0 1610472.0 1117701.0 1143750.0 1056245.0 1228414.0 1356203.0 1452097.0 1415440.0 1207618.0 1033316.0 861153.0 1481128.0 1549729.0 1302757.0 1301352.0 1431050.0 767883.0 1174209.0 863076.0 0 789563.0 1201861.0 1649460.0 1403373.0 1466104.0 1477504.0 1032698.0 1319424.0 1069209.0 1300840.0 1491158.0 1015126.0 1038179.0 1424683.0 2164418.0 981626.0 
1466414.0 1378971.0 1430648.0 1298364.0 608685.0 815205.0 820123.0 1034216.0 889361.0 942522.0 751038.0 1326911.0 955644.0 981693.0 894188.0 1066357.0 1194146.0 1290040.0 1253383.0 1045561.0 871259.0 699096.0 1319071.0 1338609.0 1140700.0 1139295.0 1268993.0 605826.0 1012152.0 1383835.0 789563.0 0 412298.0 1005213.0 1241316.0 1084950.0 1315447.0 870641.0 1157367.0 907152.0 1138783.0 1165155.0 853069.0 876122.0 1262626.0 2002361.0 1321367.0 
1847008.0 1791269.0 1755701.0 1710662.0 1020983.0 1227503.0 1232421.0 1446514.0 1301659.0 1354820.0 1016215.0 1592088.0 1367942.0 1393991.0 1306486.0 1478655.0 1606444.0 1702338.0 1665681.0 1457859.0 1283557.0 1111394.0 1537859.0 1109748.0 1291023.0 1551593.0 1681291.0 1018124.0 1424450.0 1796133.0 1201861.0 412298.0 0 592915.0 1113436.0 1166421.0 1510998.0 1282939.0 1058358.0 740300.0 971931.0 1162249.0 1265367.0 1288420.0 1674924.0 1951311.0 1733665.0 
1616902.0 1456332.0 1595652.0 1669434.0 1299790.0 1131701.0 1088352.0 1348956.0 1411077.0 1464238.0 1298593.0 1133844.0 1179498.0 958225.0 977174.0 1149343.0 1277132.0 1373026.0 1630318.0 1348628.0 1174326.0 1346489.0 944944.0 516833.0 763805.0 1043285.0 1240182.0 1156011.0 1236470.0 1592802.0 1649460.0 1005213.0 592915.0 0 520521.0 573506.0 918083.0 1322799.0 830944.0 580251.0 811882.0 1002200.0 1227389.0 1250442.0 1107285.0 1358396.0 1297899.0 
1722336.0 1469516.0 1684886.0 1817170.0 1222495.0 1429015.0 1433933.0 1694537.0 1336941.0 1390102.0 1343314.0 1654365.0 1284932.0 1063659.0 923852.0 1096021.0 1223810.0 1319704.0 1177922.0 828107.0 653805.0 825968.0 1313345.0 1037354.0 980502.0 979097.0 1175994.0 635490.0 1341904.0 1606431.0 1403373.0 1241316.0 1113436.0 520521.0 0 1094027.0 1438604.0 1244646.0 1351465.0 1100772.0 1332403.0 1377015.0 1456639.0 1479692.0 1320264.0 1784907.0 1403333.0 
1579424.0 1496570.0 1548247.0 1415963.0 726284.0 932804.0 514846.0 775450.0 1150722.0 1184973.0 1004959.0 560338.0 951470.0 1099292.0 986583.0 1158752.0 1051350.0 955456.0 1304320.0 1205922.0 1249674.0 1375637.0 1421141.0 993030.0 1080475.0 1079070.0 1275967.0 698221.0 988551.0 1360234.0 1466104.0 1084950.0 1166421.0 573506.0 1094027.0 0 344577.0 789383.0 1307141.0 1153757.0 1385388.0 1575706.0 1519370.0 1542423.0 1380225.0 1834593.0 1438966.0 
1830909.0 1502754.0 1715575.0 1659664.0 1070861.0 1277381.0 859423.0 1120027.0 1193287.0 1140126.0 660382.0 904915.0 1296047.0 1172232.0 1032425.0 1204594.0 1332383.0 1300033.0 1211160.0 861345.0 1035647.0 1207810.0 1429118.0 1001007.0 754035.0 1423647.0 1620544.0 1042798.0 1333128.0 1704811.0 1477504.0 1315447.0 1510998.0 918083.0 1438604.0 344577.0 0 444806.0 1188718.0 1378724.0 1516570.0 1683948.0 1541010.0 1564063.0 1481101.0 1705963.0 1511906.0 
1386103.0 1057948.0 1366703.0 1498987.0 851820.0 1050442.0 1063258.0 1323862.0 1269389.0 1317863.0 1105188.0 1349721.0 948699.0 727426.0 587619.0 759788.0 887577.0 983471.0 766354.0 416539.0 590841.0 763004.0 1250381.0 1445813.0 1198841.0 1382430.0 1451201.0 848961.0 1005671.0 1377354.0 1032698.0 870641.0 1282939.0 1322799.0 1244646.0 789383.0 444806.0 0 743912.0 1061970.0 1088761.0 1314051.0 1096204.0 1119257.0 1257300.0 1721943.0 1067100.0 
1424766.0 1211458.0 1333459.0 1465743.0 1138546.0 1309832.0 1349984.0 1519476.0 1083486.0 1136647.0 783371.0 1359244.0 1093380.0 872107.0 732300.0 904469.0 1032258.0 1128152.0 1503080.0 1153265.0 978963.0 1151126.0 853435.0 1065252.0 1163996.0 904186.0 707289.0 1020662.0 1150352.0 1347928.0 1319424.0 1157367.0 1058358.0 830944.0 1351465.0 1307141.0 1188718.0 743912.0 0 318058.0 549689.0 740007.0 965196.0 988249.0 862411.0 1113522.0 1211781.0 
1106708.0 1324156.0 1015401.0 1147685.0 888331.0 1094851.0 1099769.0 1360373.0 953700.0 900539.0 718342.0 1058307.0 1235290.0 1190165.0 1050358.0 1222527.0 1304153.0 1208259.0 1253668.0 903853.0 1078155.0 978742.0 1171493.0 747194.0 994166.0 1159839.0 962942.0 885472.0 1291798.0 1663481.0 1069209.0 907152.0 740300.0 580251.0 1100772.0 1153757.0 1378724.0 1061970.0 318058.0 0 231631.0 421949.0 647138.0 670191.0 1180469.0 1431580.0 1425711.0 
1338339.0 1284584.0 1247032.0 1379316.0 1119962.0 1306125.0 1331400.0 1158059.0 722069.0 668908.0 887440.0 1227405.0 1466921.0 1414697.0 1281989.0 1200311.0 1072522.0 976628.0 1022037.0 672222.0 846524.0 1018687.0 943674.0 515563.0 762535.0 1042015.0 1194573.0 1117103.0 1523429.0 1707917.0 1300840.0 1138783.0 971931.0 811882.0 1332403.0 1385388.0 1516570.0 1088761.0 549689.0 231631.0 0 653580.0 878769.0 901822.0 1009883.0 1509343.0 1583044.0 
1401519.0 902207.0 593452.0 725736.0 1310280.0 1347374.0 1446745.0 1355935.0 919945.0 973106.0 1140291.0 1480256.0 1164063.0 942790.0 1082597.0 1254766.0 1382555.0 1478449.0 1082796.0 897512.0 723210.0 683645.0 1171022.0 890072.0 929913.0 1416524.0 1299551.0 1213707.0 1105305.0 1476988.0 1491158.0 1165155.0 1162249.0 1002200.0 1377015.0 1575706.0 1683948.0 1314051.0 740007.0 421949.0 653580.0 0 1069087.0 1092140.0 1105801.0 1853529.0 1282464.0 
1643792.0 1164493.0 1473248.0 1523927.0 834248.0 1040768.0 1045686.0 1306290.0 891666.0 838505.0 980285.0 1321407.0 1181207.0 985115.0 845308.0 673139.0 800928.0 896822.0 1263772.0 935052.0 1050617.0 924659.0 1244369.0 816258.0 1063230.0 1342710.0 1480527.0 821149.0 1237715.0 1609398.0 1015126.0 853069.0 1265367.0 1227389.0 1456639.0 1519370.0 1541010.0 1096204.0 965196.0 647138.0 878769.0 1069087.0 0 23053.0 852392.0 2015158.0 1324789.0 
1620739.0 1141440.0 1450195.0 1546980.0 857301.0 1063821.0 1068739.0 1329343.0 914719.0 861558.0 957232.0 1344460.0 1183335.0 962062.0 822255.0 650086.0 777875.0 873769.0 1240719.0 958105.0 1073670.0 947712.0 1221316.0 793205.0 1040177.0 1319657.0 1457474.0 844202.0 1240307.0 1611990.0 1038179.0 876122.0 1288420.0 1250442.0 1479692.0 1542423.0 1564063.0 1119257.0 988249.0 670191.0 901822.0 1092140.0 23053.0 0 875445.0 1992105.0 1301736.0 
1301410.0 802098.0 1110853.0 1243137.0 653941.0 447421.0 865379.0 985687.0 549697.0 602187.0 820719.0 937249.0 1000900.0 1026949.0 1008641.0 1133590.0 1005801.0 909907.0 648998.0 840761.0 666459.0 653273.0 1129776.0 896667.0 1143639.0 1315029.0 1118132.0 1240946.0 923886.0 1295569.0 1424683.0 1262626.0 1674924.0 1107285.0 1320264.0 1380225.0 1481101.0 1257300.0 862411.0 1180469.0 1009883.0 1105801.0 852392.0 875445.0 0 1389863.0 1366623.0 
2058236.0 1738910.0 1832049.0 1857557.0 1772567.0 1837284.0 1968171.0 2129645.0 1693655.0 1746816.0 1820611.0 2113603.0 1620832.0 1399559.0 1259752.0 1431921.0 1559710.0 1655604.0 1655219.0 1305404.0 1131102.0 1303265.0 1380887.0 1198900.0 951928.0 1512174.0 1709071.0 1548114.0 1677804.0 1875380.0 2164418.0 2002361.0 1951311.0 1358396.0 1784907.0 1834593.0 1705963.0 1721943.0 1113522.0 1431580.0 1509343.0 1853529.0 2015158.0 1992105.0 1389863.0 0 1739233.0 
319003.0 818315.0 1127070.0 1258983.0 712682.0 919202.0 924120.0 1184724.0 967297.0 914136.0 1350756.0 1053718.0 560947.0 339674.0 479481.0 651650.0 779439.0 875333.0 1216372.0 1459724.0 1334325.0 1392957.0 1479146.0 1455918.0 1225126.0 1517953.0 1431010.0 767843.0 617919.0 989602.0 981626.0 1321367.0 1733665.0 1297899.0 1403333.0 1438966.0 1511906.0 1067100.0 1211781.0 1425711.0 1583044.0 1282464.0 1324789.0 1301736.0 1366623.0 1739233.0 0 
