23
14 5 24 8 11 2 9 17 15 20 10 18 21 3 29 6 23 22 16 13 7 41 0
0 452301.0 588386.0 768093.0 930668.0 729201.0 822808.0 1189451.0 1183881.0 913429.0 648542.0 1123008.0 1195812.0 1487522.0 1524898.0 997073.0 1275948.0 1180514.0 909089.0 1025128.0 1000436.0 892664.0 345876.0 
452301.0 0 204589.0 384296.0 546871.0 630061.0 723668.0 884259.0 741984.0 776318.0 1041205.0 1474680.0 1547484.0 1326115.0 1185440.0 544772.0 1029486.0 1124920.0 921433.0 1062892.0 548135.0 440363.0 798177.0 
588386.0 204589.0 0 179707.0 342282.0 425513.0 519120.0 679711.0 699971.0 571729.0 836616.0 1270091.0 1342895.0 1423480.0 1282805.0 749361.0 1234075.0 1329509.0 716844.0 879702.0 752724.0 631671.0 934262.0 
768093.0 384296.0 179707.0 0 162575.0 292536.0 361117.0 752786.0 867876.0 739634.0 1004521.0 1090384.0 1163188.0 1454898.0 1333677.0 693009.0 1177723.0 1273157.0 537137.0 699995.0 932431.0 482588.0 1113969.0 
930668.0 546871.0 342282.0 162575.0 0 206873.0 300480.0 667123.0 992089.0 902209.0 1167096.0 1021976.0 1094780.0 1311777.0 1171102.0 530434.0 1015148.0 1110582.0 468729.0 862570.0 1095006.0 645163.0 1252858.0 
729201.0 630061.0 425513.0 292536.0 206873.0 0 93607.0 460250.0 785216.0 997242.0 1009331.0 1228849.0 1301653.0 1518650.0 1377975.0 737307.0 1222021.0 1317455.0 675602.0 992531.0 1178196.0 775124.0 1045985.0 
822808.0 723668.0 519120.0 361117.0 300480.0 93607.0 0 553857.0 878823.0 1090849.0 1102938.0 1322456.0 1395260.0 1612257.0 1471582.0 830914.0 1315628.0 1411062.0 769209.0 1061112.0 1271803.0 843705.0 1139592.0 
1189451.0 884259.0 679711.0 752786.0 667123.0 460250.0 553857.0 0 398171.0 925811.0 1190698.0 1665164.0 1737968.0 1978900.0 1838225.0 1197557.0 1682271.0 1777705.0 1135852.0 1164430.0 1432394.0 1235374.0 1236176.0 
1183881.0 741984.0 699971.0 867876.0 992089.0 785216.0 878823.0 398171.0 0 527640.0 792527.0 1266993.0 1339797.0 1631507.0 1662934.0 1286756.0 1442066.0 1537500.0 786790.0 766259.0 1215064.0 1118682.0 838005.0 
913429.0 776318.0 571729.0 739634.0 902209.0 997242.0 1090849.0 925811.0 527640.0 0 264887.0 739353.0 812157.0 1103867.0 1244542.0 1321090.0 1313824.0 1409258.0 658548.0 1202181.0 687424.0 830632.0 1259305.0 
648542.0 1041205.0 836616.0 1004521.0 1167096.0 1009331.0 1102938.0 1190698.0 792527.0 264887.0 0 474466.0 547270.0 838980.0 979655.0 1585977.0 1556078.0 1460644.0 923435.0 1221815.0 952311.0 1095519.0 994418.0 
1123008.0 1474680.0 1270091.0 1090384.0 1021976.0 1228849.0 1322456.0 1665164.0 1266993.0 739353.0 474466.0 0 72804.0 364514.0 505189.0 1145857.0 1208523.0 1303957.0 553247.0 747349.0 1262106.0 1569985.0 1468884.0 
1195812.0 1547484.0 1342895.0 1163188.0 1094780.0 1301653.0 1395260.0 1737968.0 1339797.0 812157.0 547270.0 72804.0 0 437318.0 577993.0 1218661.0 1281327.0 1376761.0 626051.0 674545.0 1189302.0 1642789.0 1541688.0 
1487522.0 1326115.0 1423480.0 1454898.0 1311777.0 1518650.0 1612257.0 1978900.0 1631507.0 1103867.0 838980.0 364514.0 437318.0 0 140675.0 781343.0 1266057.0 1361491.0 917761.0 1111863.0 1626620.0 1766478.0 1833398.0 
1524898.0 1185440.0 1282805.0 1333677.0 1171102.0 1377975.0 1471582.0 1838225.0 1662934.0 1244542.0 979655.0 505189.0 577993.0 140675.0 0 640668.0 1125382.0 1220816.0 1058436.0 1252538.0 1523237.0 1625803.0 1870774.0 
997073.0 544772.0 749361.0 693009.0 530434.0 737307.0 830914.0 1197557.0 1286756.0 1321090.0 1585977.0 1145857.0 1218661.0 781343.0 640668.0 0 484714.0 580148.0 999163.0 1393004.0 1092907.0 985135.0 1342949.0 
1275948.0 1029486.0 1234075.0 1177723.0 1015148.0 1222021.0 1315628.0 1682271.0 1442066.0 1313824.0 1556078.0 1208523.0 1281327.0 1266057.0 1125382.0 484714.0 0 95434.0 655276.0 1209491.0 1577621.0 1469849.0 1621824.0 
1180514.0 1124920.0 1329509.0 1273157.0 1110582.0 1317455.0 1411062.0 1777705.0 1537500.0 1409258.0 1460644.0 1303957.0 1376761.0 1361491.0 1220816.0 580148.0 95434.0 0 750710.0 1303046.0 1673055.0 1565283.0 1526390.0 
909089.0 921433.0 716844.0 537137.0 468729.0 675602.0 769209.0 1135852.0 786790.0 658548.0 923435.0 553247.0 626051.0 917761.0 1058436.0 999163.0 655276.0 750710.0 0 554215.0 1068972.0 1019725.0 1254965.0 
1025128.0 1062892.0 879702.0 699995.0 862570.0 992531.0 1061112.0 1164430.0 766259.0 1202181.0 1221815.0 747349.0 674545.0 1111863.0 1252538.0 1393004.0 1209491.0 1303046.0 554215.0 0 514757.0 1182583.0 1371004.0 
1000436.0 548135.0 752724.0 932431.0 1095006.0 1178196.0 1271803.0 1432394.0 1215064.0 687424.0 952311.0 1262106.0 1189302.0 1626620.0 1523237.0 1092907.0 1577621.0 1673055.0 1068972.0 514757.0 0 982319.0 1346312.0 
892664.0 440363.0 631671.0 482588.0 645163.0 775124.0 843705.0 1235374.0 1118682.0 830632.0 1095519.0 1569985.0 1642789.0 1766478.0 1625803.0 985135.0 1469849.0 1565283.0 1019725.0 1182583.0 982319.0 0 1238540.0 
345876.0 798177.0 934262.0 1113969.0 1252858.0 1045985.0 1139592.0 1236176.0 838005.0 1259305.0 994418.0 1468884.0 1541688.0 1833398.0 1870774.0 1342949.0 1621824.0 1526390.0 1254965.0 1371004.0 1346312.0 1238540.0 0 
