47
89 32 84 48 86 25 9 59 21 73 96 74 36 7 87 64 47 4 52 56 98 69 31 55 46 91 12 13 81 94 82 92 26 80 29 43 77 44 90 58 42 97 28 76 18 65 75
0 274.0 287.0 502.0 710.0 917.0 1118.0 878.0 712.0 1040.0 1286.0 1034.0 1249.0 981.0 1031.0 781.0 834.0 1048.0 1148.0 953.0 1161.0 1126.0 909.0 451.0 728.0 1162.0 1016.0 972.0 504.0 789.0 996.0 1040.0 788.0 764.0 984.0 1220.0 1060.0 1142.0 1291.0 782.0 482.0 772.0 979.0 581.0 744.0 540.0 225.0 
274.0 0 205.0 420.0 628.0 835.0 1036.0 856.0 438.0 766.0 1012.0 1035.0 1215.0 788.0 995.0 745.0 967.0 925.0 1066.0 679.0 887.0 959.0 847.0 725.0 1002.0 1308.0 1012.0 1031.0 778.0 1063.0 941.0 766.0 514.0 490.0 710.0 946.0 983.0 868.0 1017.0 508.0 208.0 498.0 705.0 855.0 1018.0 814.0 499.0 
287.0 205.0 0 215.0 423.0 630.0 831.0 915.0 643.0 971.0 1013.0 1014.0 1152.0 993.0 1200.0 950.0 1121.0 1085.0 861.0 884.0 1092.0 1090.0 642.0 722.0 999.0 1232.0 1199.0 1236.0 791.0 981.0 1146.0 971.0 719.0 695.0 915.0 1151.0 778.0 1041.0 1222.0 498.0 413.0 703.0 879.0 868.0 1031.0 827.0 512.0 
502.0 420.0 215.0 0 208.0 415.0 616.0 700.0 858.0 863.0 798.0 799.0 937.0 978.0 1151.0 901.0 998.0 870.0 646.0 809.0 934.0 875.0 427.0 507.0 784.0 1017.0 984.0 1216.0 1006.0 766.0 973.0 985.0 934.0 722.0 794.0 1012.0 563.0 826.0 1071.0 283.0 583.0 499.0 664.0 745.0 988.0 681.0 727.0 
710.0 628.0 423.0 208.0 0 207.0 408.0 492.0 665.0 655.0 901.0 1007.0 887.0 770.0 943.0 693.0 876.0 662.0 438.0 908.0 726.0 667.0 219.0 677.0 915.0 857.0 960.0 1013.0 843.0 558.0 765.0 991.0 1088.0 514.0 734.0 896.0 771.0 669.0 968.0 491.0 581.0 291.0 456.0 685.0 928.0 889.0 903.0 
917.0 835.0 630.0 415.0 207.0 0 201.0 501.0 872.0 862.0 1056.0 810.0 789.0 563.0 805.0 779.0 669.0 455.0 231.0 701.0 670.0 874.0 426.0 884.0 708.0 650.0 946.0 806.0 1050.0 765.0 972.0 918.0 1170.0 721.0 736.0 972.0 798.0 876.0 1175.0 698.0 788.0 498.0 663.0 892.0 1034.0 1096.0 1110.0 
1118.0 1036.0 831.0 616.0 408.0 201.0 0 300.0 718.0 1063.0 855.0 1011.0 990.0 764.0 1006.0 980.0 870.0 656.0 432.0 902.0 871.0 1075.0 627.0 727.0 909.0 851.0 1041.0 1007.0 1111.0 826.0 943.0 717.0 969.0 755.0 535.0 771.0 999.0 985.0 1284.0 806.0 989.0 699.0 864.0 1077.0 1235.0 1013.0 953.0 
878.0 856.0 915.0 700.0 492.0 501.0 300.0 0 418.0 801.0 555.0 823.0 1038.0 827.0 1042.0 792.0 570.0 784.0 732.0 1030.0 823.0 887.0 439.0 427.0 704.0 1037.0 741.0 1070.0 811.0 526.0 733.0 959.0 940.0 667.0 835.0 1071.0 1111.0 848.0 997.0 506.0 734.0 444.0 651.0 823.0 1013.0 1165.0 653.0 
712.0 438.0 643.0 858.0 665.0 872.0 718.0 418.0 0 416.0 662.0 930.0 994.0 976.0 774.0 524.0 746.0 960.0 976.0 721.0 727.0 521.0 449.0 437.0 714.0 1087.0 791.0 1219.0 801.0 944.0 863.0 774.0 522.0 498.0 718.0 954.0 693.0 430.0 579.0 793.0 646.0 454.0 661.0 925.0 1041.0 1174.0 663.0 
1040.0 766.0 971.0 863.0 655.0 862.0 1063.0 801.0 416.0 0 246.0 514.0 729.0 560.0 802.0 705.0 799.0 957.0 1093.0 711.0 919.0 937.0 865.0 853.0 1130.0 1268.0 972.0 803.0 939.0 654.0 447.0 673.0 925.0 709.0 929.0 908.0 683.0 420.0 719.0 761.0 558.0 486.0 691.0 697.0 940.0 961.0 1079.0 
1286.0 1012.0 1013.0 798.0 901.0 1056.0 855.0 555.0 662.0 246.0 0 268.0 483.0 515.0 757.0 951.0 1045.0 1203.0 1189.0 957.0 1070.0 1183.0 994.0 982.0 1108.0 1046.0 750.0 758.0 1185.0 900.0 693.0 919.0 1171.0 955.0 827.0 1063.0 929.0 666.0 965.0 515.0 804.0 732.0 937.0 943.0 986.0 1207.0 1077.0 
1034.0 1035.0 1014.0 799.0 1007.0 810.0 1011.0 823.0 930.0 514.0 268.0 0 215.0 247.0 489.0 685.0 907.0 1031.0 921.0 1010.0 802.0 1008.0 883.0 856.0 840.0 782.0 952.0 490.0 958.0 1094.0 961.0 1187.0 1353.0 779.0 559.0 795.0 1102.0 934.0 1204.0 783.0 827.0 1000.0 1000.0 939.0 718.0 1030.0 809.0 
1249.0 1215.0 1152.0 937.0 887.0 789.0 990.0 1038.0 994.0 729.0 483.0 215.0 0 462.0 704.0 470.0 692.0 906.0 706.0 1152.0 1017.0 931.0 668.0 994.0 1055.0 997.0 737.0 705.0 747.0 1032.0 1176.0 1286.0 1299.0 725.0 774.0 1010.0 1029.0 1149.0 989.0 935.0 1042.0 948.0 1155.0 724.0 933.0 1168.0 1024.0 
981.0 788.0 993.0 978.0 770.0 563.0 764.0 827.0 976.0 560.0 515.0 247.0 462.0 0 242.0 492.0 714.0 928.0 794.0 1051.0 1023.0 953.0 989.0 982.0 1087.0 1029.0 743.0 243.0 711.0 942.0 735.0 961.0 1213.0 747.0 806.0 983.0 1030.0 980.0 1011.0 880.0 580.0 870.0 753.0 714.0 471.0 1183.0 756.0 
1031.0 995.0 1200.0 1151.0 943.0 805.0 1006.0 1042.0 774.0 802.0 757.0 489.0 704.0 242.0 0 250.0 472.0 686.0 910.0 932.0 917.0 711.0 1159.0 1191.0 1283.0 813.0 517.0 485.0 527.0 812.0 960.0 1066.0 1079.0 505.0 725.0 961.0 1038.0 1068.0 769.0 983.0 822.0 728.0 935.0 725.0 713.0 999.0 988.0 
781.0 745.0 950.0 901.0 693.0 779.0 980.0 792.0 524.0 705.0 951.0 685.0 470.0 492.0 250.0 0 222.0 436.0 660.0 682.0 667.0 461.0 909.0 941.0 1033.0 563.0 267.0 735.0 277.0 562.0 710.0 816.0 829.0 255.0 475.0 711.0 788.0 818.0 519.0 733.0 768.0 478.0 685.0 475.0 517.0 749.0 738.0 
834.0 967.0 1121.0 998.0 876.0 669.0 870.0 570.0 746.0 799.0 1045.0 907.0 692.0 714.0 472.0 222.0 0 214.0 438.0 460.0 668.0 683.0 729.0 997.0 933.0 785.0 489.0 724.0 499.0 784.0 932.0 1038.0 1051.0 477.0 697.0 933.0 1005.0 751.0 741.0 955.0 819.0 700.0 907.0 253.0 496.0 802.0 960.0 
1048.0 925.0 1085.0 870.0 662.0 455.0 656.0 784.0 960.0 957.0 1203.0 1031.0 906.0 928.0 686.0 436.0 214.0 0 224.0 246.0 454.0 660.0 881.0 996.0 719.0 661.0 703.0 938.0 713.0 973.0 1146.0 1231.0 1265.0 691.0 758.0 994.0 791.0 537.0 836.0 925.0 717.0 914.0 724.0 467.0 710.0 1016.0 1174.0 
1148.0 1066.0 861.0 646.0 438.0 231.0 432.0 732.0 976.0 1093.0 1189.0 921.0 706.0 794.0 910.0 660.0 438.0 224.0 0 470.0 678.0 884.0 657.0 1098.0 939.0 881.0 927.0 1037.0 937.0 996.0 1203.0 1144.0 1328.0 754.0 534.0 770.0 567.0 761.0 971.0 701.0 941.0 729.0 894.0 691.0 934.0 1240.0 1218.0 
953.0 679.0 884.0 809.0 908.0 701.0 902.0 1030.0 721.0 711.0 957.0 1010.0 1152.0 1051.0 932.0 682.0 460.0 246.0 470.0 0 208.0 414.0 862.0 975.0 698.0 640.0 936.0 1184.0 959.0 952.0 1158.0 985.0 1193.0 908.0 1004.0 995.0 554.0 291.0 590.0 771.0 471.0 685.0 478.0 713.0 956.0 1262.0 1165.0 
1161.0 887.0 1092.0 934.0 726.0 670.0 871.0 823.0 727.0 919.0 1070.0 802.0 1017.0 1023.0 917.0 667.0 668.0 454.0 678.0 208.0 0 206.0 654.0 767.0 490.0 432.0 728.0 1228.0 918.0 744.0 951.0 1177.0 1249.0 700.0 797.0 1033.0 762.0 499.0 722.0 936.0 679.0 477.0 270.0 921.0 1000.0 1235.0 957.0 
1126.0 959.0 1090.0 875.0 667.0 874.0 1075.0 887.0 521.0 937.0 1183.0 1008.0 931.0 953.0 711.0 461.0 683.0 660.0 884.0 414.0 206.0 0 448.0 906.0 696.0 638.0 728.0 1196.0 738.0 688.0 895.0 1121.0 1043.0 716.0 936.0 1172.0 968.0 705.0 516.0 730.0 885.0 683.0 476.0 924.0 978.0 1210.0 901.0 
909.0 847.0 642.0 427.0 219.0 426.0 627.0 439.0 449.0 865.0 994.0 883.0 668.0 989.0 1159.0 909.0 729.0 881.0 657.0 862.0 654.0 448.0 0 458.0 735.0 888.0 991.0 947.0 882.0 708.0 915.0 1141.0 971.0 698.0 748.0 984.0 781.0 879.0 964.0 710.0 765.0 475.0 675.0 476.0 719.0 920.0 684.0 
451.0 725.0 722.0 507.0 677.0 884.0 727.0 427.0 437.0 853.0 982.0 856.0 994.0 982.0 1191.0 941.0 997.0 996.0 1098.0 975.0 767.0 906.0 458.0 0 277.0 747.0 1043.0 1153.0 687.0 953.0 1160.0 1042.0 959.0 686.0 851.0 1087.0 1070.0 867.0 1016.0 790.0 753.0 463.0 670.0 802.0 927.0 738.0 226.0 
728.0 1002.0 999.0 784.0 915.0 708.0 909.0 704.0 714.0 1130.0 1108.0 840.0 1055.0 1087.0 1283.0 1033.0 933.0 719.0 939.0 698.0 490.0 696.0 735.0 277.0 0 470.0 766.0 1266.0 956.0 782.0 989.0 1215.0 1236.0 963.0 835.0 1071.0 1252.0 989.0 1212.0 1067.0 1030.0 740.0 760.0 1079.0 1038.0 1015.0 503.0 
1162.0 1308.0 1232.0 1017.0 857.0 650.0 851.0 1037.0 1087.0 1268.0 1046.0 782.0 997.0 1029.0 813.0 563.0 785.0 661.0 881.0 640.0 432.0 638.0 888.0 747.0 470.0 0 296.0 796.0 808.0 724.0 931.0 1157.0 1392.0 818.0 777.0 1013.0 1134.0 931.0 1082.0 997.0 1111.0 909.0 702.0 811.0 568.0 1248.0 937.0 
1016.0 1012.0 1199.0 984.0 960.0 946.0 1041.0 741.0 791.0 972.0 750.0 952.0 737.0 743.0 517.0 267.0 489.0 703.0 927.0 936.0 728.0 728.0 991.0 1043.0 766.0 296.0 0 500.0 512.0 797.0 977.0 1051.0 1096.0 522.0 742.0 978.0 838.0 1085.0 786.0 701.0 1001.0 745.0 952.0 515.0 272.0 984.0 973.0 
972.0 1031.0 1236.0 1216.0 1013.0 806.0 1007.0 1070.0 1219.0 803.0 758.0 490.0 705.0 243.0 485.0 735.0 724.0 938.0 1037.0 1184.0 1228.0 1196.0 947.0 1153.0 1266.0 796.0 500.0 0 468.0 753.0 960.0 1007.0 1259.0 990.0 1049.0 1204.0 794.0 1057.0 1254.0 1123.0 823.0 1113.0 996.0 471.0 228.0 940.0 927.0 
504.0 778.0 791.0 1006.0 843.0 1050.0 1111.0 811.0 801.0 939.0 1185.0 958.0 747.0 711.0 527.0 277.0 499.0 713.0 937.0 959.0 918.0 738.0 882.0 687.0 956.0 808.0 512.0 468.0 0 285.0 492.0 539.0 791.0 532.0 752.0 988.0 556.0 819.0 796.0 1010.0 986.0 755.0 962.0 483.0 240.0 472.0 461.0 
789.0 1063.0 981.0 766.0 558.0 765.0 826.0 526.0 944.0 654.0 900.0 1094.0 1032.0 942.0 812.0 562.0 784.0 973.0 996.0 952.0 744.0 688.0 708.0 953.0 782.0 724.0 797.0 753.0 285.0 0 207.0 433.0 685.0 817.0 981.0 1120.0 841.0 1074.0 1081.0 1032.0 940.0 849.0 796.0 768.0 525.0 757.0 746.0 
996.0 941.0 1146.0 973.0 765.0 972.0 943.0 733.0 863.0 447.0 693.0 961.0 1176.0 735.0 960.0 710.0 932.0 1146.0 1203.0 1158.0 951.0 895.0 915.0 1160.0 989.0 931.0 977.0 960.0 492.0 207.0 0 226.0 478.0 965.0 964.0 913.0 803.0 867.0 1166.0 1033.0 733.0 933.0 901.0 702.0 732.0 964.0 953.0 
1040.0 766.0 971.0 985.0 991.0 918.0 717.0 959.0 774.0 673.0 919.0 1187.0 1286.0 961.0 1066.0 816.0 1038.0 1231.0 1144.0 985.0 1177.0 1121.0 1141.0 1042.0 1215.0 1157.0 1051.0 1007.0 539.0 433.0 226.0 0 252.0 826.0 738.0 894.0 577.0 694.0 993.0 1189.0 959.0 1049.0 1127.0 928.0 779.0 1011.0 873.0 
788.0 514.0 719.0 934.0 1088.0 1170.0 969.0 940.0 522.0 925.0 1171.0 1353.0 1299.0 1213.0 1079.0 829.0 1051.0 1265.0 1328.0 1193.0 1249.0 1043.0 971.0 959.0 1236.0 1392.0 1096.0 1259.0 791.0 685.0 478.0 252.0 0 574.0 794.0 1030.0 829.0 946.0 1101.0 1022.0 722.0 797.0 1004.0 1180.0 1031.0 1263.0 1013.0 
764.0 490.0 695.0 722.0 514.0 721.0 755.0 667.0 498.0 709.0 955.0 779.0 725.0 747.0 505.0 255.0 477.0 691.0 754.0 908.0 700.0 716.0 698.0 686.0 963.0 818.0 522.0 990.0 532.0 817.0 965.0 826.0 574.0 0 220.0 456.0 763.0 723.0 774.0 813.0 513.0 223.0 430.0 730.0 772.0 1004.0 912.0 
984.0 710.0 915.0 794.0 734.0 736.0 535.0 835.0 718.0 929.0 827.0 559.0 774.0 806.0 725.0 475.0 697.0 758.0 534.0 1004.0 797.0 936.0 748.0 851.0 835.0 777.0 742.0 1049.0 752.0 981.0 964.0 738.0 794.0 220.0 0 236.0 543.0 806.0 994.0 1007.0 733.0 443.0 650.0 804.0 992.0 1025.0 804.0 
1220.0 946.0 1151.0 1012.0 896.0 972.0 771.0 1071.0 954.0 908.0 1063.0 795.0 1010.0 983.0 961.0 711.0 933.0 994.0 770.0 995.0 1033.0 1172.0 984.0 1087.0 1071.0 1013.0 978.0 1204.0 988.0 1120.0 913.0 894.0 1030.0 456.0 236.0 0 449.0 704.0 1003.0 1243.0 969.0 679.0 886.0 733.0 976.0 947.0 1040.0 
1060.0 983.0 778.0 563.0 771.0 798.0 999.0 1111.0 693.0 683.0 929.0 1102.0 1029.0 1030.0 1038.0 788.0 1005.0 791.0 567.0 554.0 762.0 968.0 781.0 1070.0 1252.0 1134.0 838.0 794.0 556.0 841.0 803.0 577.0 829.0 763.0 543.0 449.0 0 263.0 562.0 846.0 803.0 763.0 968.0 780.0 566.0 994.0 1017.0 
1142.0 868.0 1041.0 826.0 669.0 876.0 985.0 848.0 430.0 420.0 666.0 934.0 1149.0 980.0 1068.0 818.0 751.0 537.0 761.0 291.0 499.0 705.0 879.0 867.0 989.0 931.0 1085.0 1057.0 819.0 1074.0 867.0 694.0 946.0 723.0 806.0 704.0 263.0 0 299.0 1062.0 762.0 500.0 705.0 934.0 829.0 1178.0 1093.0 
1291.0 1017.0 1222.0 1071.0 968.0 1175.0 1284.0 997.0 579.0 719.0 965.0 1204.0 989.0 1011.0 769.0 519.0 741.0 836.0 971.0 590.0 722.0 516.0 964.0 1016.0 1212.0 1082.0 786.0 1254.0 796.0 1081.0 1166.0 993.0 1101.0 774.0 994.0 1003.0 562.0 299.0 0 788.0 1061.0 799.0 992.0 994.0 1036.0 1268.0 1242.0 
782.0 508.0 498.0 283.0 491.0 698.0 806.0 506.0 793.0 761.0 515.0 783.0 935.0 880.0 983.0 733.0 955.0 925.0 701.0 771.0 936.0 730.0 710.0 790.0 1067.0 997.0 701.0 1123.0 1010.0 1032.0 1033.0 1189.0 1022.0 813.0 1007.0 1243.0 846.0 1062.0 788.0 0 300.0 590.0 797.0 1028.0 973.0 964.0 1007.0 
482.0 208.0 413.0 583.0 581.0 788.0 989.0 734.0 646.0 558.0 804.0 827.0 1042.0 580.0 822.0 768.0 819.0 717.0 941.0 471.0 679.0 885.0 765.0 753.0 1030.0 1111.0 1001.0 823.0 986.0 940.0 733.0 959.0 722.0 513.0 733.0 969.0 803.0 762.0 1061.0 300.0 0 290.0 497.0 983.0 1051.0 1022.0 707.0 
772.0 498.0 703.0 499.0 291.0 498.0 699.0 444.0 454.0 486.0 732.0 1000.0 948.0 870.0 728.0 478.0 700.0 914.0 729.0 685.0 477.0 683.0 475.0 463.0 740.0 909.0 745.0 1113.0 755.0 849.0 933.0 1049.0 797.0 223.0 443.0 679.0 763.0 500.0 799.0 590.0 290.0 0 207.0 928.0 995.0 1172.0 689.0 
979.0 705.0 879.0 664.0 456.0 663.0 864.0 651.0 661.0 691.0 937.0 1000.0 1155.0 753.0 935.0 685.0 907.0 724.0 894.0 478.0 270.0 476.0 675.0 670.0 760.0 702.0 952.0 996.0 962.0 796.0 901.0 1127.0 1004.0 430.0 650.0 886.0 968.0 705.0 992.0 797.0 497.0 207.0 0 721.0 964.0 965.0 896.0 
581.0 855.0 868.0 745.0 685.0 892.0 1077.0 823.0 925.0 697.0 943.0 939.0 724.0 714.0 725.0 475.0 253.0 467.0 691.0 713.0 921.0 924.0 476.0 802.0 1079.0 811.0 515.0 471.0 483.0 768.0 702.0 928.0 1180.0 730.0 804.0 733.0 780.0 934.0 994.0 1028.0 983.0 928.0 721.0 0 243.0 549.0 806.0 
744.0 1018.0 1031.0 988.0 928.0 1034.0 1235.0 1013.0 1041.0 940.0 986.0 718.0 933.0 471.0 713.0 517.0 496.0 710.0 934.0 956.0 1000.0 978.0 719.0 927.0 1038.0 568.0 272.0 228.0 240.0 525.0 732.0 779.0 1031.0 772.0 992.0 976.0 566.0 829.0 1036.0 973.0 1051.0 995.0 964.0 243.0 0 712.0 701.0 
540.0 814.0 827.0 681.0 889.0 1096.0 1013.0 1165.0 1174.0 961.0 1207.0 1030.0 1168.0 1183.0 999.0 749.0 802.0 1016.0 1240.0 1262.0 1235.0 1210.0 920.0 738.0 1015.0 1248.0 984.0 940.0 472.0 757.0 964.0 1011.0 1263.0 1004.0 1025.0 947.0 994.0 1178.0 1268.0 964.0 1022.0 1172.0 965.0 549.0 712.0 0 765.0 
225.0 499.0 512.0 727.0 903.0 1110.0 953.0 653.0 663.0 1079.0 1077.0 809.0 1024.0 756.0 988.0 738.0 960.0 1174.0 1218.0 1165.0 957.0 901.0 684.0 226.0 503.0 937.0 973.0 927.0 461.0 746.0 953.0 873.0 1013.0 912.0 804.0 1040.0 1017.0 1093.0 1242.0 1007.0 707.0 689.0 896.0 806.0 701.0 765.0 0 
