99
73 171 163 36 147 135 84 60 103 98 67 101 38 165 34 197 154 53 115 10 46 196 141 129 136 152 29 85 39 23 2 56 164 58 118 145 88 193 194 157 123 119 126 182 113 69 78 185 190 138 199 155 3 170 176 40 16 42 25 90 87 107 66 74 149 180 156 52 143 167 125 179 110 7 175 93 133 19 151 191 158 177 117 20 109 11 79 21 148 35 108 72 55 64 15 5 9 130 48
0 210.0 418.0 701.0 945.0 743.0 505.0 756.0 1226.0 1105.0 905.0 1172.0 1181.0 997.0 934.0 1043.0 918.0 1136.0 1137.0 1153.0 876.0 1138.0 1209.0 1026.0 808.0 1001.0 1001.0 1247.0 1254.0 1421.0 1199.0 1423.0 1122.0 844.0 1061.0 852.0 858.0 1346.0 1284.0 1368.0 1194.0 996.0 1095.0 668.0 895.0 1126.0 1127.0 962.0 1057.0 1151.0 938.0 939.0 1148.0 1215.0 1005.0 1263.0 1166.0 674.0 448.0 664.0 748.0 547.0 294.0 513.0 783.0 952.0 1207.0 1479.0 712.0 922.0 482.0 540.0 1029.0 1150.0 1272.0 1005.0 751.0 1209.0 970.0 559.0 968.0 839.0 1478.0 530.0 970.0 886.0 1149.0 1183.0 1023.0 878.0 743.0 528.0 957.0 1214.0 896.0 814.0 907.0 1031.0 242.0 
210.0 0 208.0 491.0 735.0 533.0 295.0 546.0 1021.0 895.0 695.0 962.0 971.0 933.0 724.0 833.0 900.0 1118.0 1119.0 1342.0 1086.0 1047.0 999.0 961.0 744.0 1010.0 791.0 1168.0 1370.0 1211.0 989.0 1213.0 912.0 634.0 851.0 642.0 648.0 1136.0 1219.0 1302.0 1022.0 786.0 885.0 458.0 685.0 916.0 917.0 1082.0 847.0 941.0 728.0 1006.0 1211.0 1185.0 941.0 1199.0 956.0 464.0 238.0 454.0 696.0 757.0 504.0 723.0 993.0 742.0 997.0 1269.0 922.0 1132.0 692.0 750.0 1030.0 1098.0 1119.0 1002.0 746.0 1177.0 1022.0 769.0 758.0 993.0 1268.0 740.0 1180.0 1005.0 1268.0 1239.0 1040.0 668.0 679.0 464.0 747.0 1271.0 686.0 751.0 697.0 926.0 452.0 
418.0 208.0 0 283.0 527.0 733.0 503.0 754.0 1209.0 1002.0 903.0 1170.0 763.0 886.0 677.0 625.0 692.0 910.0 911.0 1134.0 1267.0 1005.0 791.0 754.0 536.0 802.0 583.0 960.0 1162.0 1291.0 1069.0 1221.0 704.0 426.0 643.0 434.0 440.0 928.0 1012.0 1272.0 1230.0 700.0 897.0 666.0 893.0 1124.0 950.0 1162.0 1055.0 733.0 520.0 798.0 1007.0 1187.0 733.0 991.0 748.0 672.0 446.0 662.0 904.0 965.0 712.0 931.0 937.0 950.0 1205.0 1183.0 1004.0 1214.0 900.0 958.0 959.0 924.0 1179.0 989.0 954.0 969.0 1230.0 977.0 966.0 920.0 1060.0 948.0 1286.0 1202.0 1244.0 1038.0 931.0 460.0 471.0 256.0 561.0 1085.0 894.0 959.0 905.0 861.0 660.0 
701.0 491.0 283.0 0 244.0 450.0 688.0 939.0 926.0 719.0 919.0 928.0 480.0 697.0 906.0 908.0 975.0 1193.0 1152.0 929.0 1107.0 1179.0 1074.0 1025.0 807.0 519.0 300.0 765.0 967.0 1238.0 1352.0 1417.0 987.0 709.0 926.0 717.0 723.0 968.0 1197.0 1241.0 1282.0 943.0 716.0 699.0 926.0 1157.0 1158.0 1075.0 1240.0 1016.0 803.0 1081.0 1290.0 1016.0 919.0 1177.0 985.0 955.0 729.0 945.0 1163.0 962.0 937.0 718.0 959.0 710.0 965.0 1223.0 957.0 1167.0 1183.0 990.0 968.0 1034.0 950.0 949.0 693.0 1230.0 1253.0 859.0 862.0 1097.0 777.0 785.0 1120.0 1387.0 1381.0 1175.0 979.0 743.0 753.0 539.0 278.0 802.0 945.0 1005.0 995.0 919.0 943.0 
945.0 735.0 527.0 244.0 0 206.0 444.0 695.0 682.0 475.0 675.0 684.0 236.0 453.0 662.0 911.0 991.0 1093.0 908.0 685.0 962.0 957.0 1171.0 1015.0 1051.0 763.0 544.0 957.0 1159.0 1377.0 1155.0 1253.0 988.0 953.0 1170.0 961.0 967.0 724.0 953.0 1009.0 1050.0 699.0 472.0 455.0 682.0 913.0 914.0 959.0 996.0 909.0 1047.0 940.0 1050.0 772.0 675.0 933.0 741.0 984.0 970.0 1186.0 995.0 794.0 1047.0 962.0 715.0 466.0 721.0 979.0 713.0 923.0 943.0 750.0 724.0 790.0 706.0 781.0 525.0 1014.0 1085.0 1029.0 1032.0 917.0 533.0 920.0 1303.0 1219.0 1137.0 931.0 828.0 795.0 963.0 783.0 522.0 962.0 1029.0 893.0 751.0 675.0 1187.0 
743.0 533.0 733.0 450.0 206.0 0 238.0 489.0 888.0 681.0 881.0 890.0 442.0 659.0 868.0 918.0 996.0 1214.0 1073.0 891.0 1135.0 990.0 1060.0 809.0 1027.0 969.0 750.0 964.0 1166.0 1249.0 1027.0 1459.0 1194.0 1159.0 1028.0 1167.0 1173.0 930.0 1042.0 1023.0 965.0 706.0 479.0 661.0 539.0 770.0 771.0 983.0 790.0 988.0 1167.0 889.0 1098.0 978.0 881.0 1139.0 947.0 778.0 764.0 980.0 1018.0 1000.0 1037.0 1010.0 740.0 260.0 515.0 787.0 662.0 872.0 892.0 956.0 729.0 996.0 912.0 987.0 731.0 1219.0 965.0 823.0 826.0 924.0 739.0 1126.0 1329.0 1062.0 931.0 725.0 928.0 1001.0 757.0 972.0 690.0 1168.0 1144.0 687.0 545.0 682.0 985.0 
505.0 295.0 503.0 688.0 444.0 238.0 0 251.0 726.0 919.0 990.0 1128.0 680.0 897.0 1019.0 937.0 1002.0 1220.0 967.0 1129.0 1014.0 752.0 966.0 1020.0 1014.0 951.0 988.0 1197.0 1079.0 1350.0 1238.0 1480.0 1039.0 929.0 790.0 937.0 943.0 1168.0 1253.0 1007.0 727.0 491.0 717.0 753.0 777.0 1008.0 743.0 787.0 552.0 960.0 1023.0 1125.0 916.0 1194.0 1034.0 1220.0 1185.0 759.0 533.0 749.0 991.0 1052.0 799.0 1018.0 951.0 471.0 726.0 998.0 900.0 1110.0 987.0 756.0 735.0 803.0 1060.0 780.0 969.0 1231.0 727.0 1061.0 1053.0 1162.0 977.0 1035.0 1091.0 824.0 1087.0 948.0 745.0 963.0 519.0 734.0 452.0 976.0 953.0 456.0 756.0 920.0 747.0 
756.0 546.0 754.0 939.0 695.0 489.0 251.0 0 475.0 682.0 882.0 891.0 921.0 1138.0 1262.0 1188.0 1253.0 1471.0 1199.0 976.0 1157.0 978.0 1192.0 1271.0 1265.0 1202.0 1239.0 1040.0 1242.0 1513.0 1291.0 1620.0 1290.0 1180.0 1041.0 1188.0 1194.0 931.0 1160.0 1258.0 978.0 742.0 968.0 1004.0 1028.0 1259.0 994.0 1038.0 803.0 1211.0 1274.0 1376.0 1167.0 1063.0 1260.0 1018.0 948.0 1002.0 776.0 560.0 802.0 899.0 1050.0 1269.0 1017.0 722.0 977.0 1186.0 1151.0 1206.0 1205.0 1007.0 986.0 1054.0 1311.0 1031.0 1036.0 1029.0 476.0 974.0 1235.0 1000.0 1218.0 1286.0 1075.0 573.0 836.0 1042.0 996.0 1207.0 770.0 985.0 703.0 1227.0 1093.0 707.0 1007.0 1171.0 998.0 
1226.0 1021.0 1209.0 926.0 682.0 888.0 726.0 475.0 0 207.0 407.0 416.0 446.0 663.0 872.0 1151.0 1292.0 1294.0 1118.0 895.0 915.0 933.0 1147.0 943.0 1161.0 1241.0 1226.0 995.0 1082.0 1109.0 887.0 1241.0 1355.0 1237.0 1151.0 1245.0 944.0 456.0 685.0 945.0 1380.0 1159.0 932.0 1137.0 1234.0 1415.0 1002.0 790.0 1025.0 1197.0 984.0 1041.0 1250.0 982.0 999.0 741.0 473.0 1018.0 864.0 1035.0 878.0 854.0 1107.0 1242.0 972.0 1148.0 983.0 711.0 941.0 731.0 1160.0 1218.0 1406.0 1198.0 956.0 1101.0 920.0 984.0 431.0 929.0 1190.0 955.0 743.0 978.0 782.0 967.0 1230.0 1295.0 1195.0 1162.0 1245.0 1212.0 1178.0 1196.0 860.0 1182.0 1144.0 915.0 1193.0 
1105.0 895.0 1002.0 719.0 475.0 681.0 919.0 682.0 207.0 0 200.0 209.0 239.0 456.0 665.0 944.0 1130.0 1276.0 911.0 688.0 708.0 970.0 958.0 736.0 954.0 1109.0 1019.0 1031.0 1173.0 902.0 680.0 1034.0 1308.0 1030.0 944.0 1038.0 737.0 249.0 478.0 738.0 1227.0 1138.0 911.0 930.0 1034.0 1265.0 1198.0 986.0 1221.0 990.0 777.0 1055.0 1053.0 775.0 792.0 534.0 266.0 811.0 657.0 873.0 671.0 872.0 1125.0 1296.0 1179.0 941.0 776.0 504.0 930.0 938.0 957.0 1225.0 1199.0 991.0 749.0 894.0 713.0 1053.0 638.0 981.0 1105.0 983.0 536.0 771.0 989.0 1174.0 1294.0 1088.0 1291.0 1064.0 1220.0 1005.0 997.0 989.0 653.0 1171.0 937.0 708.0 1059.0 
905.0 695.0 903.0 919.0 675.0 881.0 990.0 882.0 407.0 200.0 0 409.0 439.0 656.0 491.0 744.0 1018.0 1236.0 1111.0 888.0 908.0 999.0 1158.0 936.0 1085.0 909.0 1128.0 1079.0 1281.0 1102.0 880.0 980.0 1285.0 1007.0 744.0 953.0 937.0 449.0 678.0 938.0 1427.0 938.0 711.0 1130.0 1234.0 1465.0 1190.0 1003.0 1238.0 1190.0 977.0 1162.0 1225.0 952.0 992.0 734.0 466.0 683.0 457.0 673.0 744.0 782.0 1035.0 1096.0 1056.0 961.0 976.0 704.0 935.0 1138.0 1157.0 1160.0 1139.0 1191.0 949.0 769.0 513.0 1050.0 838.0 1063.0 977.0 1039.0 736.0 571.0 1048.0 1207.0 1470.0 1288.0 1219.0 1218.0 1020.0 805.0 1197.0 1053.0 453.0 971.0 737.0 508.0 859.0 
1172.0 962.0 1170.0 928.0 684.0 890.0 1128.0 891.0 416.0 209.0 409.0 0 448.0 665.0 874.0 1153.0 1339.0 1485.0 1120.0 897.0 917.0 963.0 749.0 945.0 1163.0 1133.0 1228.0 1166.0 964.0 693.0 471.0 927.0 1182.0 1231.0 968.0 1177.0 946.0 458.0 687.0 947.0 1410.0 1241.0 1120.0 1139.0 1221.0 1242.0 989.0 777.0 1012.0 1199.0 986.0 948.0 1157.0 984.0 1001.0 743.0 475.0 950.0 724.0 704.0 462.0 663.0 916.0 1135.0 1220.0 740.0 985.0 713.0 721.0 931.0 951.0 1384.0 1363.0 1200.0 958.0 1103.0 922.0 1208.0 847.0 1181.0 1190.0 955.0 745.0 980.0 1198.0 1255.0 1398.0 1192.0 1395.0 1273.0 1429.0 1214.0 1206.0 780.0 677.0 1167.0 1025.0 917.0 1268.0 
1181.0 971.0 763.0 480.0 236.0 442.0 680.0 921.0 446.0 239.0 439.0 448.0 0 217.0 426.0 886.0 891.0 1109.0 672.0 449.0 726.0 988.0 1197.0 975.0 1193.0 999.0 780.0 1016.0 1218.0 1141.0 919.0 1273.0 1173.0 1119.0 1183.0 1127.0 976.0 488.0 717.0 977.0 1021.0 935.0 708.0 691.0 918.0 1149.0 992.0 1116.0 1232.0 1145.0 1016.0 1023.0 814.0 536.0 911.0 773.0 505.0 1050.0 896.0 1112.0 910.0 1030.0 1283.0 1198.0 951.0 702.0 957.0 743.0 949.0 1159.0 1179.0 986.0 960.0 767.0 510.0 655.0 761.0 1250.0 877.0 1220.0 1203.0 968.0 297.0 684.0 1161.0 1283.0 1373.0 1167.0 1064.0 1031.0 1199.0 1019.0 758.0 1129.0 892.0 1129.0 987.0 911.0 972.0 
997.0 933.0 886.0 697.0 453.0 659.0 897.0 1138.0 663.0 456.0 656.0 665.0 217.0 0 209.0 669.0 736.0 954.0 889.0 666.0 931.0 1180.0 1394.0 1192.0 1323.0 1147.0 997.0 1233.0 1191.0 1358.0 1136.0 1218.0 1018.0 902.0 982.0 910.0 916.0 705.0 934.0 1194.0 1238.0 727.0 925.0 908.0 1007.0 1229.0 775.0 899.0 1134.0 992.0 1205.0 1004.0 795.0 517.0 971.0 990.0 722.0 921.0 695.0 911.0 982.0 963.0 1211.0 992.0 755.0 919.0 1174.0 960.0 1166.0 1376.0 974.0 1032.0 1003.0 550.0 293.0 438.0 694.0 1195.0 1094.0 1437.0 1215.0 1185.0 514.0 467.0 944.0 1264.0 1418.0 1212.0 1009.0 936.0 1258.0 1043.0 975.0 1110.0 691.0 1150.0 1134.0 905.0 755.0 
934.0 724.0 677.0 906.0 662.0 868.0 1019.0 1262.0 872.0 665.0 491.0 874.0 426.0 209.0 0 460.0 527.0 745.0 746.0 875.0 1140.0 1028.0 1242.0 1189.0 1114.0 938.0 1157.0 1108.0 1310.0 1408.0 1186.0 1009.0 809.0 693.0 773.0 701.0 707.0 914.0 1143.0 1283.0 1447.0 936.0 899.0 1117.0 1216.0 1277.0 984.0 1108.0 1343.0 1201.0 1197.0 1150.0 941.0 726.0 1180.0 1068.0 931.0 712.0 486.0 702.0 773.0 811.0 1064.0 1201.0 964.0 990.0 1245.0 1169.0 964.0 1174.0 1183.0 1175.0 794.0 759.0 502.0 647.0 542.0 1079.0 1102.0 1267.0 1006.0 1068.0 723.0 676.0 1153.0 1236.0 1499.0 1305.0 1198.0 727.0 1049.0 834.0 1184.0 1082.0 482.0 941.0 925.0 696.0 964.0 
1043.0 833.0 625.0 908.0 911.0 918.0 937.0 1188.0 1151.0 944.0 744.0 1153.0 886.0 669.0 460.0 0 274.0 492.0 493.0 510.0 787.0 986.0 980.0 729.0 947.0 997.0 836.0 924.0 1126.0 1397.0 1258.0 1229.0 556.0 641.0 858.0 649.0 655.0 937.0 708.0 968.0 1226.0 666.0 439.0 866.0 963.0 1024.0 731.0 943.0 1178.0 948.0 968.0 690.0 481.0 759.0 1138.0 1026.0 963.0 698.0 924.0 1140.0 1059.0 1154.0 1072.0 1171.0 901.0 750.0 1005.0 1192.0 917.0 1127.0 956.0 715.0 541.0 506.0 763.0 955.0 949.0 990.0 1060.0 807.0 810.0 884.0 1183.0 737.0 1214.0 1194.0 1256.0 1245.0 1042.0 675.0 1096.0 881.0 1186.0 1122.0 768.0 481.0 465.0 236.0 950.0 
918.0 900.0 692.0 975.0 991.0 996.0 1002.0 1253.0 1292.0 1130.0 1018.0 1339.0 891.0 736.0 527.0 274.0 0 218.0 219.0 442.0 719.0 981.0 1158.0 1003.0 1221.0 951.0 1110.0 1163.0 961.0 1215.0 993.0 955.0 282.0 560.0 823.0 716.0 722.0 1210.0 982.0 756.0 1016.0 709.0 713.0 916.0 689.0 750.0 457.0 669.0 904.0 674.0 887.0 719.0 755.0 939.0 908.0 1166.0 1030.0 972.0 1013.0 1229.0 1199.0 1204.0 1212.0 1248.0 978.0 1011.0 1266.0 1465.0 946.0 993.0 1150.0 756.0 267.0 232.0 489.0 998.0 948.0 716.0 1269.0 1081.0 1084.0 1158.0 1188.0 964.0 1004.0 920.0 982.0 1149.0 946.0 742.0 1025.0 948.0 958.0 1184.0 908.0 755.0 739.0 510.0 676.0 
1136.0 1118.0 910.0 1193.0 1093.0 1214.0 1220.0 1471.0 1294.0 1276.0 1236.0 1485.0 1109.0 954.0 745.0 492.0 218.0 0 437.0 660.0 937.0 1199.0 1270.0 1056.0 1274.0 1169.0 1328.0 1351.0 1179.0 1433.0 1211.0 1173.0 500.0 778.0 1041.0 934.0 940.0 1027.0 798.0 538.0 1051.0 927.0 931.0 1134.0 907.0 968.0 675.0 887.0 1122.0 892.0 999.0 721.0 930.0 1157.0 1126.0 1384.0 1248.0 1190.0 1231.0 1447.0 1417.0 1422.0 1430.0 1466.0 1196.0 1229.0 1458.0 1282.0 948.0 995.0 1178.0 974.0 485.0 450.0 707.0 1216.0 1166.0 934.0 1487.0 1299.0 1302.0 1303.0 1406.0 1182.0 1046.0 1138.0 1200.0 1367.0 1164.0 960.0 1243.0 1166.0 1176.0 1402.0 1126.0 973.0 957.0 728.0 894.0 
1137.0 1119.0 911.0 1152.0 908.0 1073.0 967.0 1199.0 1118.0 911.0 1111.0 1120.0 672.0 889.0 746.0 493.0 219.0 437.0 0 223.0 500.0 762.0 976.0 792.0 1010.0 916.0 1037.0 1162.0 1180.0 1434.0 1212.0 1174.0 501.0 779.0 980.0 935.0 941.0 1160.0 1050.0 975.0 1209.0 928.0 932.0 1135.0 908.0 969.0 676.0 888.0 1123.0 893.0 1106.0 938.0 974.0 720.0 1044.0 1227.0 1177.0 761.0 987.0 1203.0 980.0 1181.0 1082.0 1301.0 1194.0 813.0 1068.0 1340.0 1165.0 1212.0 1195.0 721.0 486.0 451.0 708.0 1217.0 991.0 935.0 1155.0 1008.0 1011.0 1229.0 969.0 964.0 1007.0 1139.0 1201.0 1368.0 1165.0 961.0 990.0 1167.0 923.0 1043.0 689.0 974.0 528.0 729.0 895.0 
1153.0 1342.0 1134.0 929.0 685.0 891.0 1129.0 976.0 895.0 688.0 888.0 897.0 449.0 666.0 875.0 510.0 442.0 660.0 223.0 0 277.0 539.0 753.0 1004.0 1222.0 1033.0 814.0 1046.0 1031.0 1253.0 1031.0 1273.0 724.0 1002.0 1037.0 1158.0 1164.0 937.0 1166.0 1198.0 986.0 1151.0 949.0 1140.0 1101.0 1192.0 899.0 739.0 974.0 1055.0 1024.0 984.0 775.0 497.0 821.0 1004.0 954.0 984.0 1194.0 1279.0 1037.0 979.0 859.0 1078.0 1023.0 1036.0 1291.0 1192.0 1211.0 1230.0 1167.0 693.0 709.0 674.0 931.0 1104.0 1022.0 1015.0 932.0 785.0 788.0 1006.0 746.0 741.0 784.0 1244.0 1424.0 1223.0 1020.0 1184.0 1213.0 1298.0 1106.0 1062.0 746.0 991.0 751.0 746.0 1029.0 
876.0 1086.0 1267.0 1107.0 962.0 1135.0 1014.0 1157.0 915.0 708.0 908.0 917.0 726.0 931.0 1140.0 787.0 719.0 937.0 500.0 277.0 0 262.0 476.0 727.0 945.0 1090.0 871.0 956.0 754.0 976.0 754.0 1204.0 1001.0 1279.0 1122.0 1331.0 1271.0 957.0 985.0 1222.0 709.0 926.0 1153.0 1133.0 906.0 1137.0 674.0 462.0 697.0 778.0 747.0 1025.0 1052.0 774.0 544.0 730.0 974.0 1139.0 1256.0 1145.0 903.0 702.0 582.0 801.0 1071.0 1276.0 1218.0 1212.0 1020.0 953.0 999.0 970.0 986.0 899.0 1156.0 939.0 748.0 741.0 681.0 777.0 845.0 994.0 1011.0 464.0 507.0 1009.0 1272.0 1280.0 1077.0 1250.0 1101.0 1021.0 829.0 785.0 1023.0 1268.0 991.0 965.0 752.0 
1138.0 1047.0 1005.0 1179.0 957.0 990.0 752.0 978.0 933.0 970.0 999.0 963.0 988.0 1180.0 1028.0 986.0 981.0 1199.0 762.0 539.0 262.0 0 214.0 465.0 683.0 971.0 1133.0 976.0 985.0 714.0 492.0 948.0 759.0 1037.0 1225.0 1434.0 1009.0 952.0 723.0 960.0 447.0 713.0 940.0 1192.0 965.0 973.0 733.0 724.0 774.0 516.0 485.0 763.0 972.0 736.0 282.0 468.0 736.0 962.0 994.0 1198.0 956.0 755.0 844.0 1063.0 1205.0 1014.0 1268.0 1207.0 758.0 968.0 737.0 1169.0 1167.0 958.0 1215.0 742.0 486.0 479.0 502.0 1000.0 1107.0 928.0 749.0 726.0 769.0 1180.0 1205.0 1229.0 1169.0 1136.0 974.0 759.0 1091.0 1026.0 990.0 1208.0 729.0 958.0 1014.0 
1209.0 999.0 791.0 1074.0 1171.0 1060.0 966.0 1192.0 1147.0 958.0 1158.0 749.0 1197.0 1394.0 1242.0 980.0 1158.0 1270.0 976.0 753.0 476.0 214.0 0 251.0 469.0 757.0 976.0 973.0 771.0 500.0 278.0 734.0 973.0 1217.0 1273.0 1225.0 795.0 738.0 509.0 769.0 661.0 927.0 947.0 1160.0 933.0 1049.0 701.0 913.0 988.0 484.0 271.0 549.0 758.0 950.0 496.0 682.0 950.0 748.0 974.0 1009.0 767.0 968.0 1058.0 1277.0 1273.0 800.0 1055.0 993.0 776.0 986.0 951.0 1290.0 1269.0 926.0 1183.0 956.0 700.0 693.0 716.0 1214.0 1042.0 1014.0 963.0 940.0 983.0 1394.0 1281.0 1247.0 1245.0 1212.0 964.0 749.0 1305.0 1085.0 982.0 1218.0 515.0 744.0 1228.0 
1026.0 961.0 754.0 1025.0 1015.0 809.0 1020.0 1271.0 943.0 736.0 936.0 945.0 975.0 1192.0 1189.0 729.0 1003.0 1056.0 792.0 1004.0 727.0 465.0 251.0 0 218.0 506.0 725.0 752.0 954.0 751.0 529.0 985.0 1224.0 1180.0 1253.0 1188.0 975.0 487.0 258.0 518.0 912.0 923.0 696.0 1031.0 814.0 1045.0 952.0 1164.0 1239.0 735.0 522.0 800.0 1009.0 1074.0 747.0 933.0 1002.0 497.0 723.0 939.0 1018.0 1055.0 1308.0 1299.0 1029.0 549.0 804.0 742.0 1027.0 1237.0 1202.0 1051.0 1030.0 1177.0 1282.0 1207.0 951.0 944.0 967.0 1284.0 791.0 763.0 1006.0 994.0 1234.0 1490.0 1495.0 1289.0 1210.0 1214.0 713.0 498.0 1188.0 1336.0 962.0 976.0 264.0 493.0 1268.0 
808.0 744.0 536.0 807.0 1051.0 1027.0 1014.0 1265.0 1161.0 954.0 1085.0 1163.0 1193.0 1323.0 1114.0 947.0 1221.0 1274.0 1010.0 1222.0 945.0 683.0 469.0 218.0 0 288.0 507.0 534.0 736.0 969.0 747.0 1186.0 1097.0 962.0 1035.0 970.0 976.0 705.0 476.0 736.0 1130.0 1141.0 914.0 1202.0 1032.0 1263.0 1170.0 1028.0 1263.0 953.0 740.0 1018.0 1227.0 1211.0 757.0 1015.0 1220.0 715.0 941.0 1157.0 1035.0 1223.0 1102.0 1321.0 1059.0 767.0 1022.0 960.0 1028.0 1238.0 1258.0 993.0 972.0 1321.0 1500.0 1210.0 954.0 993.0 1185.0 1066.0 1009.0 981.0 1224.0 1212.0 1452.0 1648.0 1672.0 1466.0 1263.0 996.0 495.0 280.0 970.0 1494.0 744.0 804.0 482.0 711.0 1050.0 
1001.0 1010.0 802.0 519.0 763.0 969.0 951.0 1202.0 1241.0 1109.0 909.0 1133.0 999.0 1147.0 938.0 997.0 951.0 1169.0 916.0 1033.0 1090.0 971.0 757.0 506.0 288.0 0 219.0 246.0 448.0 719.0 941.0 898.0 1233.0 1010.0 747.0 956.0 1236.0 993.0 764.0 1024.0 1197.0 958.0 731.0 1000.0 773.0 1004.0 952.0 740.0 975.0 1169.0 1028.0 1165.0 976.0 955.0 1045.0 1192.0 1375.0 1003.0 904.0 989.0 747.0 935.0 1043.0 1041.0 771.0 943.0 1198.0 1248.0 938.0 1148.0 1168.0 705.0 684.0 1177.0 1260.0 922.0 666.0 1203.0 1226.0 778.0 781.0 722.0 965.0 1172.0 1215.0 1360.0 1422.0 1216.0 1013.0 1256.0 783.0 568.0 797.0 1206.0 456.0 516.0 770.0 934.0 946.0 
1001.0 791.0 583.0 300.0 544.0 750.0 988.0 1239.0 1226.0 1019.0 1128.0 1228.0 780.0 997.0 1157.0 836.0 1110.0 1328.0 1037.0 814.0 871.0 1133.0 976.0 725.0 507.0 219.0 0 465.0 667.0 938.0 1160.0 1117.0 1287.0 1009.0 839.0 1017.0 1023.0 1212.0 983.0 1056.0 1097.0 1177.0 950.0 999.0 875.0 1106.0 1107.0 959.0 1194.0 1316.0 1103.0 1381.0 1195.0 1127.0 1219.0 1330.0 1285.0 856.0 1029.0 1208.0 966.0 1077.0 824.0 1018.0 990.0 1010.0 1265.0 1467.0 1157.0 1367.0 1387.0 924.0 903.0 1332.0 1250.0 1141.0 885.0 1322.0 1057.0 559.0 562.0 797.0 1077.0 1085.0 1378.0 1466.0 1203.0 997.0 794.0 1043.0 1002.0 787.0 578.0 1102.0 675.0 735.0 989.0 1072.0 1165.0 
1247.0 1168.0 960.0 765.0 957.0 964.0 1197.0 1040.0 995.0 1031.0 1079.0 1166.0 1016.0 1233.0 1108.0 924.0 1163.0 1351.0 1162.0 1046.0 956.0 976.0 973.0 752.0 534.0 246.0 465.0 0 202.0 473.0 695.0 652.0 1226.0 976.0 993.0 984.0 990.0 782.0 553.0 813.0 951.0 712.0 485.0 754.0 527.0 758.0 706.0 494.0 729.0 923.0 1075.0 1295.0 1222.0 1133.0 1157.0 1415.0 1297.0 1005.0 1074.0 1211.0 969.0 768.0 1014.0 795.0 525.0 753.0 1008.0 1037.0 1184.0 985.0 1241.0 951.0 930.0 931.0 1014.0 1001.0 912.0 1252.0 996.0 1024.0 711.0 476.0 719.0 926.0 969.0 1221.0 1287.0 1081.0 1259.0 1010.0 1029.0 814.0 1043.0 1009.0 702.0 762.0 917.0 688.0 1192.0 
1254.0 1370.0 1162.0 967.0 1159.0 1166.0 1079.0 1242.0 1082.0 1173.0 1281.0 964.0 1218.0 1191.0 1310.0 1126.0 961.0 1179.0 1180.0 1031.0 754.0 985.0 771.0 954.0 736.0 448.0 667.0 202.0 0 271.0 493.0 450.0 1123.0 1178.0 1195.0 1186.0 1192.0 984.0 755.0 1015.0 1153.0 756.0 687.0 956.0 729.0 960.0 504.0 292.0 527.0 721.0 934.0 1093.0 1302.0 1335.0 955.0 1213.0 1439.0 1207.0 1244.0 1224.0 982.0 970.0 1216.0 997.0 727.0 955.0 1048.0 1239.0 993.0 783.0 1223.0 1153.0 1132.0 729.0 986.0 1045.0 1114.0 1149.0 1198.0 1226.0 913.0 678.0 921.0 724.0 767.0 1019.0 1282.0 1283.0 1379.0 1212.0 1231.0 1016.0 1089.0 807.0 904.0 964.0 1119.0 890.0 1012.0 
1421.0 1211.0 1291.0 1238.0 1377.0 1249.0 1350.0 1513.0 1109.0 902.0 1102.0 693.0 1141.0 1358.0 1408.0 1397.0 1215.0 1433.0 1434.0 1253.0 976.0 714.0 500.0 751.0 969.0 719.0 938.0 473.0 271.0 0 222.0 678.0 933.0 1211.0 1217.0 1426.0 1295.0 1151.0 1009.0 1237.0 1161.0 1027.0 958.0 1227.0 1000.0 993.0 775.0 563.0 798.0 984.0 771.0 1049.0 1258.0 1425.0 996.0 1182.0 1168.0 1199.0 973.0 953.0 711.0 912.0 1165.0 1268.0 998.0 989.0 1244.0 1406.0 970.0 1054.0 1200.0 1424.0 1403.0 1000.0 1257.0 1316.0 1181.0 959.0 1216.0 1430.0 1184.0 949.0 1192.0 995.0 1038.0 1290.0 1225.0 1392.0 1189.0 1156.0 1464.0 1249.0 1360.0 1029.0 926.0 1235.0 1015.0 1161.0 1283.0 
1199.0 989.0 1069.0 1352.0 1155.0 1027.0 1238.0 1291.0 887.0 680.0 880.0 471.0 919.0 1136.0 1186.0 1258.0 993.0 1211.0 1212.0 1031.0 754.0 492.0 278.0 529.0 747.0 941.0 1160.0 695.0 493.0 222.0 0 456.0 711.0 989.0 995.0 1204.0 1073.0 929.0 787.0 1015.0 939.0 1205.0 1180.0 1229.0 1002.0 771.0 979.0 785.0 1020.0 762.0 549.0 827.0 1036.0 1203.0 774.0 960.0 946.0 977.0 751.0 731.0 489.0 690.0 943.0 1162.0 1220.0 767.0 1022.0 1184.0 748.0 958.0 978.0 1411.0 1260.0 1204.0 1429.0 1215.0 959.0 737.0 994.0 1208.0 1217.0 982.0 1216.0 1201.0 1260.0 1266.0 1003.0 1170.0 967.0 934.0 1242.0 1027.0 1331.0 807.0 704.0 1194.0 793.0 1022.0 1441.0 
1423.0 1213.0 1221.0 1417.0 1253.0 1459.0 1480.0 1620.0 1241.0 1034.0 980.0 927.0 1273.0 1218.0 1009.0 1229.0 955.0 1173.0 1174.0 1273.0 1204.0 948.0 734.0 985.0 1186.0 898.0 1117.0 652.0 450.0 678.0 456.0 0 673.0 951.0 818.0 1027.0 781.0 785.0 1014.0 977.0 1018.0 1206.0 1137.0 1191.0 964.0 733.0 954.0 742.0 977.0 1034.0 821.0 1099.0 1304.0 1026.0 1230.0 1218.0 1300.0 1201.0 975.0 1060.0 818.0 1019.0 1272.0 1447.0 1177.0 1223.0 1312.0 1040.0 1009.0 1219.0 1239.0 1234.0 1213.0 1179.0 1436.0 1287.0 1031.0 699.0 1252.0 1532.0 1363.0 1128.0 1371.0 1174.0 1217.0 1228.0 965.0 1132.0 929.0 896.0 1503.0 1323.0 1436.0 1257.0 527.0 1045.0 1249.0 1340.0 1455.0 
1122.0 912.0 704.0 987.0 988.0 1194.0 1039.0 1290.0 1355.0 1308.0 1285.0 1182.0 1173.0 1018.0 809.0 556.0 282.0 500.0 501.0 724.0 1001.0 759.0 973.0 1224.0 1097.0 1233.0 1287.0 1226.0 1123.0 933.0 711.0 673.0 0 278.0 541.0 728.0 734.0 1201.0 972.0 712.0 734.0 991.0 995.0 926.0 699.0 468.0 739.0 951.0 1061.0 956.0 1169.0 1001.0 1037.0 1221.0 798.0 953.0 1042.0 1055.0 1150.0 1365.0 1123.0 922.0 1175.0 1394.0 1231.0 1293.0 1501.0 1456.0 991.0 1201.0 1024.0 1038.0 549.0 514.0 771.0 1177.0 945.0 434.0 987.0 1267.0 1270.0 1178.0 1036.0 979.0 1286.0 963.0 700.0 867.0 664.0 631.0 1032.0 817.0 1203.0 1466.0 832.0 1037.0 1021.0 792.0 958.0 
844.0 634.0 426.0 709.0 953.0 1159.0 929.0 1180.0 1237.0 1030.0 1007.0 1231.0 1119.0 902.0 693.0 641.0 560.0 778.0 779.0 1002.0 1279.0 1037.0 1217.0 1180.0 962.0 1010.0 1009.0 976.0 1178.0 1211.0 989.0 951.0 278.0 0 263.0 450.0 456.0 944.0 1173.0 990.0 1012.0 716.0 913.0 1092.0 977.0 746.0 968.0 1180.0 1229.0 1159.0 946.0 1224.0 1122.0 1053.0 1076.0 1032.0 764.0 777.0 872.0 1087.0 845.0 1046.0 1138.0 1223.0 953.0 1295.0 1471.0 1199.0 1036.0 1246.0 1266.0 1261.0 827.0 792.0 1049.0 1005.0 1058.0 712.0 1265.0 1073.0 1071.0 936.0 1314.0 1257.0 1302.0 1218.0 978.0 941.0 738.0 476.0 897.0 682.0 987.0 1352.0 554.0 1072.0 1010.0 877.0 1086.0 
1061.0 851.0 643.0 926.0 1170.0 1028.0 790.0 1041.0 1151.0 944.0 744.0 968.0 1183.0 982.0 773.0 858.0 823.0 1041.0 980.0 1037.0 1122.0 1225.0 1273.0 1253.0 1035.0 747.0 839.0 993.0 1195.0 1217.0 995.0 818.0 541.0 263.0 0 209.0 673.0 1083.0 997.0 737.0 778.0 933.0 1130.0 1309.0 1126.0 1009.0 1185.0 1301.0 1342.0 1237.0 1119.0 1000.0 1068.0 790.0 1003.0 1249.0 981.0 965.0 739.0 824.0 582.0 783.0 1036.0 1255.0 1170.0 1236.0 1283.0 1338.0 773.0 983.0 1003.0 998.0 977.0 1055.0 1275.0 1051.0 795.0 975.0 1206.0 810.0 813.0 1048.0 1480.0 1294.0 1327.0 1147.0 884.0 678.0 475.0 693.0 813.0 899.0 746.0 1089.0 291.0 809.0 1046.0 1094.0 1239.0 
852.0 642.0 434.0 717.0 961.0 1167.0 937.0 1188.0 1245.0 1038.0 953.0 1177.0 1127.0 910.0 701.0 649.0 716.0 934.0 935.0 1158.0 1331.0 1434.0 1225.0 1188.0 970.0 956.0 1017.0 984.0 1186.0 1426.0 1204.0 1027.0 728.0 450.0 209.0 0 464.0 952.0 1181.0 946.0 987.0 724.0 921.0 1100.0 1016.0 1175.0 976.0 1188.0 1237.0 1167.0 954.0 1209.0 1130.0 999.0 1167.0 1040.0 772.0 785.0 880.0 1033.0 791.0 992.0 1146.0 1231.0 961.0 1303.0 1479.0 1207.0 982.0 1192.0 1212.0 1207.0 983.0 948.0 1203.0 1013.0 1004.0 1141.0 1415.0 1019.0 1022.0 944.0 1424.0 1270.0 1310.0 1226.0 1093.0 887.0 684.0 484.0 905.0 690.0 955.0 1298.0 500.0 1018.0 1018.0 885.0 1094.0 
858.0 648.0 440.0 723.0 967.0 1173.0 943.0 1194.0 944.0 737.0 937.0 946.0 976.0 916.0 707.0 655.0 722.0 940.0 941.0 1164.0 1271.0 1009.0 795.0 975.0 976.0 1236.0 1023.0 990.0 1192.0 1295.0 1073.0 781.0 734.0 456.0 673.0 464.0 0 488.0 717.0 977.0 1418.0 730.0 927.0 1106.0 1022.0 1181.0 954.0 1166.0 1243.0 737.0 524.0 802.0 1011.0 1287.0 971.0 1046.0 778.0 791.0 886.0 1102.0 1079.0 1219.0 1152.0 1237.0 967.0 1270.0 1015.0 743.0 1029.0 1239.0 1259.0 1370.0 989.0 954.0 1209.0 1019.0 1242.0 1147.0 1375.0 1417.0 1085.0 950.0 1273.0 1276.0 1316.0 1232.0 1274.0 1068.0 961.0 490.0 911.0 696.0 1001.0 1525.0 788.0 1136.0 1024.0 891.0 1100.0 
1346.0 1136.0 928.0 968.0 724.0 930.0 1168.0 931.0 456.0 249.0 449.0 458.0 488.0 705.0 914.0 937.0 1210.0 1027.0 1160.0 937.0 957.0 952.0 738.0 487.0 705.0 993.0 1212.0 782.0 984.0 1151.0 929.0 785.0 1201.0 944.0 1083.0 952.0 488.0 0 229.0 489.0 1002.0 1203.0 976.0 1012.0 785.0 1016.0 958.0 1170.0 1405.0 741.0 528.0 806.0 1015.0 1024.0 975.0 783.0 515.0 984.0 906.0 1122.0 920.0 1026.0 1279.0 1281.0 1011.0 782.0 527.0 255.0 1033.0 1187.0 1206.0 1474.0 1448.0 1183.0 998.0 1143.0 962.0 1227.0 887.0 1230.0 969.0 734.0 785.0 1020.0 1238.0 1423.0 1493.0 1321.0 1181.0 978.0 1200.0 985.0 1246.0 1238.0 792.0 1209.0 751.0 957.0 1308.0 
1284.0 1219.0 1012.0 1197.0 953.0 1042.0 1253.0 1160.0 685.0 478.0 678.0 687.0 717.0 934.0 1143.0 708.0 982.0 798.0 1050.0 1166.0 985.0 723.0 509.0 258.0 476.0 764.0 983.0 553.0 755.0 1009.0 787.0 1014.0 972.0 1173.0 997.0 1181.0 717.0 229.0 0 260.0 773.0 1040.0 950.0 783.0 556.0 787.0 788.0 1000.0 1235.0 970.0 757.0 953.0 1162.0 1253.0 998.0 1012.0 744.0 755.0 981.0 1197.0 998.0 797.0 1050.0 1052.0 782.0 782.0 756.0 484.0 1029.0 1227.0 1259.0 1285.0 1249.0 1013.0 1227.0 1322.0 1066.0 998.0 1116.0 1273.0 740.0 505.0 748.0 1039.0 1278.0 1463.0 1264.0 1092.0 952.0 1195.0 971.0 756.0 1223.0 1467.0 1021.0 1189.0 522.0 751.0 1327.0 
1368.0 1302.0 1272.0 1241.0 1009.0 1023.0 1007.0 1258.0 945.0 738.0 938.0 947.0 977.0 1194.0 1283.0 968.0 756.0 538.0 975.0 1198.0 1222.0 960.0 769.0 518.0 736.0 1024.0 1056.0 813.0 1015.0 1237.0 1015.0 977.0 712.0 990.0 737.0 946.0 977.0 489.0 260.0 0 513.0 1201.0 1210.0 1043.0 816.0 772.0 1000.0 1026.0 1261.0 972.0 971.0 693.0 902.0 1180.0 738.0 996.0 1004.0 1015.0 1241.0 1457.0 1258.0 1057.0 1292.0 1312.0 1042.0 1038.0 1016.0 744.0 769.0 967.0 999.0 1253.0 1023.0 775.0 1032.0 1481.0 1249.0 738.0 1291.0 1027.0 1000.0 765.0 1008.0 1283.0 1018.0 1203.0 1004.0 832.0 692.0 935.0 1030.0 1016.0 963.0 1487.0 1028.0 1362.0 782.0 1011.0 1126.0 
1194.0 1022.0 1230.0 1282.0 1050.0 965.0 727.0 978.0 1380.0 1227.0 1427.0 1410.0 1021.0 1238.0 1447.0 1226.0 1016.0 1051.0 1209.0 986.0 709.0 447.0 661.0 912.0 1130.0 1197.0 1097.0 951.0 1153.0 1161.0 939.0 1018.0 734.0 1012.0 778.0 987.0 1418.0 1002.0 773.0 513.0 0 688.0 915.0 1181.0 954.0 813.0 940.0 984.0 749.0 963.0 932.0 960.0 1169.0 1183.0 729.0 915.0 1183.0 1365.0 1260.0 1476.0 1360.0 1195.0 1291.0 1450.0 1180.0 1180.0 1243.0 1257.0 733.0 943.0 712.0 1186.0 1283.0 1165.0 1422.0 977.0 933.0 779.0 949.0 1068.0 1071.0 903.0 724.0 1173.0 1216.0 1308.0 1045.0 936.0 733.0 976.0 1071.0 977.0 1004.0 1460.0 1069.0 1183.0 1176.0 990.0 1436.0 
996.0 786.0 700.0 943.0 699.0 706.0 491.0 742.0 1159.0 1138.0 938.0 1241.0 935.0 727.0 936.0 666.0 709.0 927.0 928.0 1151.0 926.0 713.0 927.0 923.0 1141.0 958.0 1177.0 712.0 756.0 1027.0 1205.0 1206.0 991.0 716.0 933.0 724.0 730.0 1203.0 1040.0 1201.0 688.0 0 227.0 654.0 484.0 715.0 252.0 464.0 513.0 469.0 682.0 960.0 1147.0 1086.0 703.0 961.0 1038.0 892.0 1024.0 1240.0 1015.0 814.0 1067.0 959.0 689.0 726.0 981.0 1253.0 999.0 955.0 978.0 1247.0 976.0 477.0 734.0 289.0 545.0 1082.0 1105.0 1330.0 907.0 672.0 990.0 764.0 939.0 1191.0 1244.0 1038.0 1221.0 750.0 1010.0 956.0 943.0 979.0 1049.0 947.0 659.0 430.0 1052.0 
1095.0 885.0 897.0 716.0 472.0 479.0 717.0 968.0 932.0 911.0 711.0 1120.0 708.0 925.0 899.0 439.0 713.0 931.0 932.0 949.0 1153.0 940.0 947.0 696.0 914.0 731.0 950.0 485.0 687.0 958.0 1180.0 1137.0 995.0 913.0 1130.0 921.0 927.0 976.0 950.0 1210.0 915.0 227.0 0 427.0 654.0 885.0 479.0 691.0 740.0 696.0 909.0 1129.0 920.0 1051.0 930.0 1036.0 1177.0 665.0 891.0 1107.0 938.0 737.0 951.0 732.0 462.0 499.0 754.0 1026.0 944.0 1154.0 923.0 1154.0 891.0 704.0 678.0 516.0 510.0 1047.0 933.0 1196.0 680.0 445.0 1005.0 704.0 1166.0 1204.0 1404.0 1198.0 995.0 947.0 1000.0 785.0 994.0 1050.0 1007.0 920.0 432.0 203.0 992.0 
668.0 458.0 666.0 699.0 455.0 661.0 753.0 1004.0 1137.0 930.0 1130.0 1139.0 691.0 908.0 1117.0 866.0 916.0 1134.0 1135.0 1140.0 1133.0 1192.0 1160.0 1031.0 1202.0 1000.0 999.0 754.0 956.0 1227.0 1229.0 1191.0 926.0 1092.0 1309.0 1100.0 1106.0 1012.0 783.0 1043.0 1181.0 654.0 427.0 0 227.0 458.0 459.0 671.0 906.0 676.0 889.0 1167.0 1347.0 1227.0 910.0 1168.0 1003.0 922.0 696.0 912.0 1154.0 998.0 962.0 940.0 670.0 482.0 737.0 1009.0 1159.0 1162.0 1150.0 1205.0 1179.0 684.0 661.0 935.0 937.0 952.0 1360.0 1073.0 941.0 706.0 949.0 964.0 1146.0 1250.0 987.0 781.0 984.0 1126.0 1137.0 922.0 977.0 1186.0 1144.0 909.0 767.0 630.0 910.0 
895.0 685.0 893.0 926.0 682.0 539.0 777.0 1028.0 1234.0 1034.0 1234.0 1221.0 918.0 1007.0 1216.0 963.0 689.0 907.0 908.0 1101.0 906.0 965.0 933.0 814.0 1032.0 773.0 875.0 527.0 729.0 1000.0 1002.0 964.0 699.0 977.0 1126.0 1016.0 1022.0 785.0 556.0 816.0 954.0 484.0 654.0 227.0 0 231.0 232.0 444.0 679.0 449.0 662.0 940.0 1149.0 1137.0 683.0 941.0 776.0 789.0 923.0 1139.0 972.0 771.0 1024.0 1026.0 756.0 709.0 964.0 1040.0 1025.0 935.0 1244.0 1259.0 956.0 457.0 714.0 773.0 1029.0 725.0 1194.0 846.0 714.0 479.0 722.0 876.0 919.0 1023.0 760.0 554.0 757.0 922.0 1283.0 1149.0 1204.0 959.0 1229.0 1136.0 994.0 857.0 1137.0 
1126.0 916.0 1124.0 1157.0 913.0 770.0 1008.0 1259.0 1415.0 1265.0 1465.0 1242.0 1149.0 1229.0 1277.0 1024.0 750.0 968.0 969.0 1192.0 1137.0 973.0 1049.0 1045.0 1263.0 1004.0 1106.0 758.0 960.0 993.0 771.0 733.0 468.0 746.0 1009.0 1175.0 1181.0 1016.0 787.0 772.0 813.0 715.0 885.0 458.0 231.0 0 463.0 675.0 910.0 680.0 893.0 1171.0 1380.0 1368.0 914.0 1013.0 1007.0 1020.0 1154.0 1370.0 1183.0 982.0 1235.0 1257.0 987.0 940.0 1195.0 1271.0 1051.0 1166.0 1177.0 1235.0 1017.0 688.0 945.0 1004.0 1005.0 494.0 1047.0 1077.0 945.0 710.0 953.0 1039.0 1150.0 1023.0 760.0 785.0 724.0 691.0 1330.0 1207.0 1263.0 1190.0 1260.0 1367.0 1225.0 1088.0 1250.0 
1127.0 917.0 950.0 1158.0 914.0 771.0 743.0 994.0 1002.0 1198.0 1190.0 989.0 992.0 775.0 984.0 731.0 457.0 675.0 676.0 899.0 674.0 733.0 701.0 952.0 1170.0 952.0 1107.0 706.0 504.0 775.0 979.0 954.0 739.0 968.0 1185.0 976.0 954.0 958.0 788.0 1000.0 940.0 252.0 479.0 459.0 232.0 463.0 0 212.0 447.0 217.0 430.0 708.0 917.0 905.0 451.0 709.0 977.0 1021.0 1155.0 1249.0 1007.0 1003.0 1256.0 1169.0 941.0 941.0 968.0 1213.0 913.0 703.0 1143.0 1213.0 724.0 225.0 482.0 541.0 797.0 957.0 1235.0 1078.0 946.0 711.0 954.0 644.0 687.0 939.0 992.0 786.0 989.0 1002.0 1051.0 928.0 984.0 727.0 1222.0 1199.0 911.0 682.0 932.0 
962.0 1082.0 1162.0 1075.0 959.0 983.0 787.0 1038.0 790.0 986.0 1003.0 777.0 1116.0 899.0 1108.0 943.0 669.0 887.0 888.0 739.0 462.0 724.0 913.0 1164.0 1028.0 740.0 959.0 494.0 292.0 563.0 785.0 742.0 951.0 1180.0 1301.0 1188.0 1166.0 1170.0 1000.0 1026.0 984.0 464.0 691.0 671.0 444.0 675.0 212.0 0 235.0 429.0 642.0 801.0 1010.0 1056.0 663.0 921.0 1189.0 1233.0 1057.0 1037.0 795.0 943.0 1044.0 957.0 1019.0 1011.0 756.0 1028.0 701.0 491.0 931.0 1306.0 936.0 437.0 694.0 753.0 1003.0 1169.0 1143.0 1239.0 1158.0 923.0 1166.0 432.0 475.0 727.0 990.0 998.0 1201.0 1214.0 1069.0 1140.0 797.0 515.0 1010.0 1243.0 1123.0 894.0 720.0 
1057.0 847.0 1055.0 1240.0 996.0 790.0 552.0 803.0 1025.0 1221.0 1238.0 1012.0 1232.0 1134.0 1343.0 1178.0 904.0 1122.0 1123.0 974.0 697.0 774.0 988.0 1239.0 1263.0 975.0 1194.0 729.0 527.0 798.0 1020.0 977.0 1061.0 1229.0 1342.0 1237.0 1243.0 1405.0 1235.0 1261.0 749.0 513.0 740.0 906.0 679.0 910.0 447.0 235.0 0 664.0 877.0 1036.0 1245.0 1291.0 898.0 1156.0 1424.0 1311.0 1085.0 1272.0 1030.0 1178.0 1279.0 1192.0 1202.0 1023.0 991.0 1263.0 936.0 726.0 1039.0 1308.0 1171.0 672.0 929.0 802.0 1058.0 1253.0 1276.0 1474.0 1393.0 1158.0 1051.0 667.0 710.0 962.0 1225.0 1233.0 1297.0 1263.0 1071.0 1286.0 1004.0 750.0 1245.0 1008.0 1172.0 943.0 955.0 
1151.0 941.0 733.0 1016.0 909.0 988.0 960.0 1211.0 1197.0 990.0 1190.0 1199.0 1145.0 992.0 1201.0 948.0 674.0 892.0 893.0 1055.0 778.0 516.0 484.0 735.0 953.0 1169.0 1316.0 923.0 721.0 984.0 762.0 1034.0 956.0 1159.0 1237.0 1167.0 737.0 741.0 970.0 972.0 963.0 469.0 696.0 676.0 449.0 680.0 217.0 429.0 664.0 0 213.0 491.0 700.0 688.0 234.0 492.0 760.0 1232.0 1179.0 1395.0 1224.0 1220.0 1360.0 1386.0 1158.0 1158.0 1185.0 996.0 718.0 920.0 948.0 1153.0 941.0 442.0 699.0 758.0 1002.0 928.0 1018.0 1295.0 1163.0 928.0 1171.0 861.0 904.0 1156.0 1209.0 1003.0 1192.0 1193.0 926.0 711.0 1201.0 944.0 1041.0 1160.0 999.0 899.0 1149.0 
938.0 728.0 520.0 803.0 1047.0 1167.0 1023.0 1274.0 984.0 777.0 977.0 986.0 1016.0 1205.0 1197.0 968.0 887.0 999.0 1106.0 1024.0 747.0 485.0 271.0 522.0 740.0 1028.0 1103.0 1075.0 934.0 771.0 549.0 821.0 1169.0 946.0 1119.0 954.0 524.0 528.0 757.0 971.0 932.0 682.0 909.0 889.0 662.0 893.0 430.0 642.0 877.0 213.0 0 278.0 487.0 765.0 447.0 705.0 973.0 1019.0 966.0 1182.0 1038.0 1239.0 1232.0 1272.0 1002.0 1002.0 1015.0 783.0 505.0 715.0 735.0 1019.0 998.0 655.0 912.0 971.0 971.0 964.0 987.0 1485.0 1270.0 1035.0 1234.0 1074.0 1071.0 1256.0 1182.0 976.0 1179.0 980.0 991.0 776.0 1081.0 1157.0 828.0 947.0 786.0 1015.0 1179.0 
939.0 1006.0 798.0 1081.0 940.0 889.0 1125.0 1376.0 1041.0 1055.0 1162.0 948.0 1023.0 1004.0 1150.0 690.0 719.0 721.0 938.0 984.0 1025.0 763.0 549.0 800.0 1018.0 1165.0 1381.0 1295.0 1093.0 1049.0 827.0 1099.0 1001.0 1224.0 1000.0 1209.0 802.0 806.0 953.0 693.0 960.0 960.0 1129.0 1167.0 940.0 1171.0 708.0 801.0 1036.0 491.0 278.0 0 209.0 487.0 725.0 983.0 1251.0 1297.0 1157.0 1208.0 966.0 1167.0 1233.0 1452.0 1280.0 904.0 737.0 1009.0 227.0 437.0 457.0 931.0 986.0 933.0 1190.0 1249.0 1028.0 784.0 1265.0 1497.0 1500.0 1313.0 1262.0 1189.0 793.0 978.0 904.0 698.0 901.0 1258.0 1190.0 975.0 1359.0 954.0 709.0 669.0 1064.0 926.0 901.0 
1148.0 1211.0 1007.0 1290.0 1050.0 1098.0 916.0 1167.0 1250.0 1053.0 1225.0 1157.0 814.0 795.0 941.0 481.0 755.0 930.0 974.0 775.0 1052.0 972.0 758.0 1009.0 1227.0 976.0 1195.0 1222.0 1302.0 1258.0 1036.0 1304.0 1037.0 1122.0 1068.0 1130.0 1011.0 1015.0 1162.0 902.0 1169.0 1147.0 920.0 1347.0 1149.0 1380.0 917.0 1010.0 1245.0 700.0 487.0 209.0 0 278.0 732.0 990.0 1258.0 1179.0 1225.0 1310.0 1068.0 1088.0 1341.0 1560.0 1367.0 887.0 946.0 1218.0 436.0 646.0 666.0 1140.0 1022.0 987.0 1088.0 1075.0 819.0 993.0 1297.0 1288.0 1291.0 1365.0 1111.0 1218.0 1002.0 1025.0 1113.0 907.0 1110.0 1156.0 1399.0 1184.0 1368.0 871.0 777.0 460.0 946.0 717.0 1110.0 
1215.0 1185.0 1187.0 1016.0 772.0 978.0 1194.0 1063.0 982.0 775.0 952.0 984.0 536.0 517.0 726.0 759.0 939.0 1157.0 720.0 497.0 774.0 736.0 950.0 1074.0 1211.0 955.0 1127.0 1133.0 1335.0 1425.0 1203.0 1026.0 1221.0 1053.0 790.0 999.0 1287.0 1024.0 1253.0 1180.0 1183.0 1086.0 1051.0 1227.0 1137.0 1368.0 905.0 1056.0 1291.0 688.0 765.0 487.0 278.0 0 454.0 712.0 980.0 1043.0 947.0 1032.0 790.0 810.0 1063.0 1282.0 1110.0 1095.0 1224.0 1279.0 714.0 924.0 944.0 1003.0 982.0 1067.0 810.0 797.0 541.0 1078.0 1019.0 1098.0 1101.0 1093.0 833.0 984.0 831.0 747.0 1010.0 1185.0 1265.0 1293.0 1146.0 931.0 1117.0 593.0 499.0 738.0 810.0 995.0 973.0 
1005.0 941.0 733.0 919.0 675.0 881.0 1034.0 1260.0 999.0 792.0 992.0 1001.0 911.0 971.0 1180.0 1138.0 908.0 1126.0 1044.0 821.0 544.0 282.0 496.0 747.0 757.0 1045.0 1219.0 1157.0 955.0 996.0 774.0 1230.0 798.0 1076.0 1003.0 1167.0 971.0 975.0 998.0 738.0 729.0 703.0 930.0 910.0 683.0 914.0 451.0 663.0 898.0 234.0 447.0 725.0 732.0 454.0 0 258.0 526.0 1071.0 1179.0 1395.0 1238.0 1037.0 1126.0 1345.0 1302.0 1141.0 1239.0 1230.0 729.0 939.0 959.0 919.0 1175.0 676.0 933.0 992.0 768.0 694.0 784.0 1282.0 1296.0 1162.0 1031.0 1008.0 1051.0 1201.0 1270.0 1161.0 958.0 1193.0 692.0 477.0 1167.0 1047.0 953.0 1192.0 1011.0 1133.0 1247.0 
1263.0 1199.0 991.0 1177.0 933.0 1139.0 1220.0 1018.0 741.0 534.0 734.0 743.0 773.0 990.0 1068.0 1026.0 1166.0 1384.0 1227.0 1004.0 730.0 468.0 682.0 933.0 1015.0 1192.0 1330.0 1415.0 1213.0 1182.0 960.0 1218.0 953.0 1032.0 1249.0 1040.0 1046.0 783.0 1012.0 996.0 915.0 961.0 1036.0 1168.0 941.0 1013.0 709.0 921.0 1156.0 492.0 705.0 983.0 990.0 712.0 258.0 0 268.0 813.0 1034.0 1238.0 996.0 795.0 1048.0 1267.0 1498.0 1331.0 1310.0 1038.0 987.0 1197.0 1205.0 1177.0 1207.0 934.0 1191.0 782.0 526.0 519.0 542.0 1040.0 1107.0 1087.0 1070.0 1194.0 1237.0 1220.0 1245.0 1090.0 1209.0 1066.0 950.0 735.0 1425.0 1066.0 1030.0 1254.0 1046.0 1239.0 1222.0 
1166.0 956.0 748.0 985.0 741.0 947.0 1185.0 948.0 473.0 266.0 466.0 475.0 505.0 722.0 931.0 963.0 1030.0 1248.0 1177.0 954.0 974.0 736.0 950.0 1002.0 1220.0 1375.0 1285.0 1297.0 1439.0 1168.0 946.0 1300.0 1042.0 764.0 981.0 772.0 778.0 515.0 744.0 1004.0 1183.0 1038.0 1177.0 1003.0 776.0 1007.0 977.0 1189.0 1424.0 760.0 973.0 1251.0 1258.0 980.0 526.0 268.0 0 545.0 771.0 987.0 937.0 1063.0 1316.0 1535.0 1275.0 1063.0 1042.0 770.0 1196.0 1204.0 1223.0 1445.0 1297.0 1202.0 1015.0 1050.0 794.0 787.0 810.0 1247.0 839.0 1074.0 802.0 1037.0 1070.0 986.0 1028.0 822.0 1025.0 798.0 1218.0 1003.0 1263.0 1255.0 919.0 1437.0 778.0 974.0 1212.0 
674.0 464.0 672.0 955.0 984.0 778.0 759.0 1002.0 1018.0 811.0 683.0 950.0 1050.0 921.0 712.0 698.0 972.0 1190.0 761.0 984.0 1139.0 962.0 748.0 497.0 715.0 1003.0 856.0 1005.0 1207.0 1199.0 977.0 1201.0 1055.0 777.0 965.0 785.0 791.0 984.0 755.0 1015.0 1365.0 892.0 665.0 922.0 789.0 1020.0 1021.0 1233.0 1311.0 1232.0 1019.0 1297.0 1179.0 1043.0 1071.0 813.0 545.0 0 226.0 442.0 684.0 821.0 968.0 1187.0 998.0 518.0 773.0 1045.0 1156.0 1249.0 1156.0 1020.0 999.0 1204.0 1214.0 990.0 734.0 1271.0 1244.0 827.0 294.0 529.0 1200.0 963.0 1083.0 993.0 1041.0 835.0 1038.0 811.0 1143.0 928.0 1211.0 1274.0 674.0 945.0 233.0 462.0 916.0 
448.0 238.0 446.0 729.0 970.0 764.0 533.0 776.0 864.0 657.0 457.0 724.0 896.0 695.0 486.0 924.0 1013.0 1231.0 987.0 1194.0 1256.0 994.0 974.0 723.0 941.0 904.0 1029.0 1074.0 1244.0 973.0 751.0 975.0 1150.0 872.0 739.0 880.0 886.0 906.0 981.0 1241.0 1260.0 1024.0 891.0 696.0 923.0 1154.0 1155.0 1057.0 1085.0 1179.0 966.0 1157.0 1225.0 947.0 1179.0 1034.0 771.0 226.0 0 216.0 458.0 659.0 742.0 961.0 984.0 504.0 759.0 1031.0 930.0 1140.0 930.0 988.0 1134.0 1245.0 988.0 764.0 508.0 1045.0 1068.0 1007.0 520.0 755.0 1193.0 978.0 1269.0 767.0 1030.0 1061.0 1214.0 906.0 917.0 702.0 985.0 1048.0 448.0 931.0 459.0 688.0 690.0 
664.0 454.0 662.0 945.0 1186.0 980.0 749.0 560.0 1035.0 873.0 673.0 704.0 1112.0 911.0 702.0 1140.0 1229.0 1447.0 1203.0 1279.0 1145.0 1198.0 1009.0 939.0 1157.0 989.0 1208.0 1211.0 1224.0 953.0 731.0 1060.0 1365.0 1087.0 824.0 1033.0 1102.0 1122.0 1197.0 1457.0 1476.0 1240.0 1107.0 912.0 1139.0 1370.0 1249.0 1037.0 1272.0 1395.0 1182.0 1208.0 1310.0 1032.0 1395.0 1238.0 987.0 442.0 216.0 0 242.0 443.0 696.0 915.0 1185.0 720.0 975.0 1247.0 981.0 1191.0 1146.0 1204.0 1219.0 1461.0 1204.0 968.0 712.0 1249.0 866.0 961.0 736.0 735.0 1406.0 954.0 1053.0 551.0 814.0 1020.0 1205.0 1122.0 1133.0 918.0 1201.0 1040.0 533.0 1051.0 675.0 904.0 906.0 
748.0 696.0 904.0 1163.0 995.0 1018.0 991.0 802.0 878.0 671.0 744.0 462.0 910.0 982.0 773.0 1059.0 1199.0 1417.0 980.0 1037.0 903.0 956.0 767.0 1018.0 1035.0 747.0 966.0 969.0 982.0 711.0 489.0 818.0 1123.0 845.0 582.0 791.0 1079.0 920.0 998.0 1258.0 1360.0 1015.0 938.0 1154.0 972.0 1183.0 1007.0 795.0 1030.0 1224.0 1038.0 966.0 1068.0 790.0 1238.0 996.0 937.0 684.0 458.0 242.0 0 201.0 454.0 673.0 943.0 758.0 1013.0 1175.0 739.0 949.0 969.0 998.0 977.0 1232.0 1275.0 726.0 470.0 1007.0 624.0 719.0 728.0 493.0 1164.0 712.0 1189.0 793.0 1056.0 1166.0 963.0 930.0 1267.0 1087.0 1200.0 798.0 291.0 809.0 917.0 1119.0 990.0 
547.0 757.0 965.0 962.0 794.0 1000.0 1052.0 899.0 854.0 872.0 782.0 663.0 1030.0 963.0 811.0 1154.0 1204.0 1422.0 1181.0 979.0 702.0 755.0 968.0 1055.0 1223.0 935.0 1077.0 768.0 970.0 912.0 690.0 1019.0 922.0 1046.0 783.0 992.0 1219.0 1026.0 797.0 1057.0 1195.0 814.0 737.0 998.0 771.0 982.0 1003.0 943.0 1178.0 1220.0 1239.0 1167.0 1088.0 810.0 1037.0 795.0 1063.0 821.0 659.0 443.0 201.0 0 253.0 472.0 742.0 959.0 1214.0 1281.0 940.0 1150.0 1029.0 1087.0 950.0 1228.0 1231.0 525.0 269.0 806.0 423.0 518.0 527.0 292.0 963.0 511.0 988.0 963.0 1171.0 965.0 762.0 729.0 1290.0 1075.0 1235.0 809.0 492.0 997.0 1054.0 918.0 789.0 
