24
28 21 22 17 34 45 23 39 26 37 15 48 19 31 18 40 24 33 7 47 16 5 35 38
0 203.0 451.0 449.0 455.0 457.0 750.0 762.0 903.0 700.0 502.0 279.0 495.0 583.0 848.0 703.0 909.0 727.0 953.0 779.0 482.0 943.0 711.0 283.0 
203.0 0 248.0 502.0 658.0 660.0 761.0 559.0 712.0 518.0 491.0 482.0 698.0 730.0 795.0 500.0 706.0 685.0 750.0 768.0 471.0 799.0 529.0 486.0 
451.0 248.0 0 254.0 672.0 674.0 792.0 728.0 485.0 688.0 735.0 730.0 946.0 978.0 758.0 273.0 479.0 716.0 736.0 799.0 502.0 963.0 777.0 734.0 
449.0 502.0 254.0 0 418.0 420.0 713.0 916.0 739.0 942.0 951.0 728.0 775.0 794.0 504.0 527.0 733.0 970.0 990.0 799.0 756.0 930.0 764.0 685.0 
455.0 658.0 672.0 418.0 0 426.0 719.0 922.0 958.0 755.0 957.0 734.0 923.0 967.0 922.0 945.0 1151.0 1182.0 1024.0 834.0 537.0 936.0 766.0 691.0 
457.0 660.0 674.0 420.0 426.0 0 293.0 496.0 739.0 942.0 936.0 713.0 497.0 762.0 742.0 947.0 930.0 773.0 838.0 753.0 463.0 510.0 772.0 693.0 
750.0 761.0 792.0 713.0 719.0 293.0 0 203.0 446.0 649.0 705.0 928.0 790.0 785.0 495.0 658.0 864.0 480.0 545.0 460.0 756.0 803.0 567.0 986.0 
762.0 559.0 728.0 916.0 922.0 496.0 203.0 0 243.0 446.0 504.0 727.0 943.0 988.0 698.0 455.0 661.0 683.0 505.0 257.0 554.0 1006.0 770.0 909.0 
903.0 712.0 485.0 739.0 958.0 739.0 446.0 243.0 0 203.0 406.0 629.0 772.0 787.0 497.0 212.0 418.0 631.0 675.0 500.0 755.0 960.0 690.0 926.0 
700.0 518.0 688.0 942.0 755.0 942.0 649.0 446.0 203.0 0 203.0 426.0 642.0 688.0 700.0 415.0 621.0 428.0 678.0 703.0 752.0 757.0 487.0 980.0 
502.0 491.0 735.0 951.0 957.0 936.0 705.0 504.0 406.0 203.0 0 223.0 439.0 704.0 792.0 462.0 442.0 225.0 475.0 723.0 554.0 934.0 690.0 785.0 
279.0 482.0 730.0 728.0 734.0 713.0 928.0 727.0 629.0 426.0 223.0 0 216.0 481.0 569.0 685.0 665.0 448.0 698.0 795.0 664.0 711.0 913.0 562.0 
495.0 698.0 946.0 775.0 923.0 497.0 790.0 943.0 772.0 642.0 439.0 216.0 0 265.0 555.0 901.0 784.0 664.0 914.0 745.0 448.0 495.0 744.0 565.0 
583.0 730.0 978.0 794.0 967.0 762.0 785.0 988.0 787.0 688.0 704.0 481.0 265.0 0 290.0 725.0 519.0 929.0 957.0 952.0 713.0 760.0 699.0 300.0 
848.0 795.0 758.0 504.0 922.0 742.0 495.0 698.0 497.0 700.0 792.0 569.0 555.0 290.0 0 709.0 734.0 975.0 1020.0 772.0 693.0 740.0 770.0 590.0 
703.0 500.0 273.0 527.0 945.0 947.0 658.0 455.0 212.0 415.0 462.0 685.0 901.0 725.0 709.0 0 206.0 687.0 463.0 711.0 543.0 1004.0 743.0 986.0 
909.0 706.0 479.0 733.0 1151.0 930.0 864.0 661.0 418.0 621.0 442.0 665.0 784.0 519.0 734.0 206.0 0 667.0 669.0 917.0 749.0 928.0 949.0 819.0 
727.0 685.0 716.0 970.0 1182.0 773.0 480.0 683.0 631.0 428.0 225.0 448.0 664.0 929.0 975.0 687.0 667.0 0 469.0 670.0 728.0 761.0 491.0 984.0 
953.0 750.0 736.0 990.0 1024.0 838.0 545.0 505.0 675.0 678.0 475.0 698.0 914.0 957.0 1020.0 463.0 669.0 469.0 0 248.0 545.0 826.0 556.0 900.0 
779.0 768.0 799.0 799.0 834.0 753.0 460.0 257.0 500.0 703.0 723.0 795.0 745.0 952.0 772.0 711.0 917.0 670.0 248.0 0 297.0 758.0 731.0 652.0 
482.0 471.0 502.0 756.0 537.0 463.0 756.0 554.0 755.0 752.0 554.0 664.0 448.0 713.0 693.0 543.0 749.0 728.0 545.0 297.0 0 461.0 731.0 765.0 
943.0 799.0 963.0 930.0 936.0 510.0 803.0 1006.0 960.0 757.0 934.0 711.0 495.0 760.0 740.0 1004.0 928.0 761.0 826.0 758.0 461.0 0 270.0 763.0 
711.0 529.0 777.0 764.0 766.0 772.0 567.0 770.0 690.0 487.0 690.0 913.0 744.0 699.0 770.0 743.0 949.0 491.0 556.0 731.0 731.0 270.0 0 493.0 
283.0 486.0 734.0 685.0 691.0 693.0 986.0 909.0 926.0 980.0 785.0 562.0 565.0 300.0 590.0 986.0 819.0 984.0 900.0 652.0 765.0 763.0 493.0 0 
