40
vkrlpmybdj zmfuudfatm jatkaoyfxb zumetrybth ebqxbaqnmm ljhmnbaicr owusjcmdkp lnicnhmajr euqbrkzdsw lkvobxyfca fznfvsgjhc lbuiysostx tgbmxdmvwe zpybghfdbe cmdqzmgvfi qydclznxrd lndsfxewdc mswyvpdrsy bulywvvpni zjbarjhmau kdujdjjwot hadchvmijq wynbxuuxru jqtguzxxsl xftptyrlvl knfzsnhzvx oewptytlja jedsthbmzo wtyqwjwskq wtlzrefwav gllungmori rkyixxpcbx optviwhmbr ixyurvbpvu ahqdrcepub seeyrseflx aokbiptbzc koawdpgqdx qepegujmaa mdyuzxshey
0 162050.0 280394.0 551372.0 720182.0 947925.0 1152942.0 1421361.0 1549209.0 1590964.0 1358945.0 1422825.0 1473014.0 766460.0 658059.0 545244.0 1018954.0 1238578.0 999570.0 873467.0 1019175.0 1356105.0 1479619.0 1584409.0 1599959.0 1575922.0 1429455.0 1726006.0 1231228.0 1073636.0 1512754.0 1697371.0 1696699.0 1531672.0 1427329.0 2098122.0 1600044.0 1773553.0 2176325.0 176469.0 
162050.0 0 442444.0 713422.0 882232.0 1109975.0 1314992.0 1583411.0 1467164.0 1753014.0 1520995.0 1340780.0 1415144.0 684415.0 576014.0 463199.0 936909.0 1156533.0 1161620.0 1035517.0 1181225.0 1518155.0 1415455.0 1502364.0 1517914.0 1737972.0 1591505.0 1790808.0 1149183.0 991591.0 1430709.0 1615326.0 1784177.0 1619150.0 1589379.0 2185600.0 1517999.0 1691508.0 2094280.0 338519.0 
280394.0 442444.0 0 270978.0 439788.0 667531.0 872548.0 1140967.0 1409395.0 1572115.0 1639339.0 1674620.0 1192620.0 1046854.0 938453.0 825638.0 1299348.0 1518972.0 1048642.0 922539.0 738781.0 1075711.0 1199225.0 1361433.0 1552846.0 1295528.0 1149061.0 1445612.0 1511622.0 1354030.0 1793148.0 1977765.0 1745771.0 1580744.0 1476401.0 2147194.0 1880438.0 2053947.0 2456719.0 456863.0 
551372.0 713422.0 270978.0 0 168810.0 396553.0 601570.0 869989.0 1138417.0 1301137.0 1471910.0 1403642.0 921642.0 1317832.0 1209431.0 1096616.0 1077523.0 1297147.0 777664.0 651561.0 467803.0 804733.0 928247.0 1090455.0 1281868.0 1024550.0 878083.0 1174634.0 1443636.0 1352111.0 1791229.0 1768253.0 1474793.0 1309766.0 1205423.0 1876216.0 1878519.0 2052028.0 2454800.0 727841.0 
720182.0 882232.0 439788.0 168810.0 0 227743.0 432760.0 701179.0 969607.0 1132327.0 1303100.0 1234832.0 752832.0 1161207.0 1269608.0 1265426.0 908713.0 1128337.0 608854.0 482751.0 298993.0 635923.0 759437.0 921645.0 1113058.0 855740.0 709273.0 1005824.0 1274826.0 1183301.0 1622419.0 1599443.0 1305983.0 1140956.0 1036613.0 1707406.0 1709709.0 1883218.0 2285990.0 896651.0 
947925.0 1109975.0 667531.0 396553.0 227743.0 0 205017.0 473436.0 879302.0 934630.0 1166649.0 1462575.0 980575.0 1388950.0 1497351.0 1493169.0 1136456.0 1356080.0 836597.0 710494.0 526736.0 863666.0 987180.0 1149388.0 885315.0 627997.0 481530.0 778081.0 1254046.0 1411044.0 1801548.0 1616931.0 1323471.0 1158444.0 1264356.0 1724894.0 1937452.0 2110961.0 2513733.0 1124394.0 
1152942.0 1314992.0 872548.0 601570.0 432760.0 205017.0 0 268419.0 674285.0 729613.0 961632.0 1400667.0 1185592.0 1457034.0 1565435.0 1678250.0 1204540.0 1416044.0 1041614.0 915511.0 731753.0 1068683.0 1192197.0 1007872.0 680298.0 422980.0 276513.0 573064.0 1049029.0 1616061.0 1596531.0 1411914.0 1118454.0 953427.0 1360076.0 1519877.0 2142469.0 2315978.0 2718750.0 1329411.0 
1421361.0 1583411.0 1140967.0 869989.0 701179.0 473436.0 268419.0 0 405866.0 461194.0 693213.0 1132248.0 1454011.0 1188615.0 1297016.0 1409831.0 936121.0 1147625.0 1217110.0 1183930.0 1000172.0 957598.0 1081112.0 1243320.0 948717.0 691399.0 544932.0 841483.0 1317448.0 1504976.0 1328112.0 1143495.0 850035.0 685008.0 1091657.0 1251458.0 2031384.0 2204893.0 2607665.0 1597830.0 
1549209.0 1467164.0 1409395.0 1138417.0 969607.0 879302.0 674285.0 405866.0 0 475918.0 707937.0 1146972.0 1513478.0 782749.0 891150.0 1003965.0 530255.0 749879.0 830114.0 854372.0 670614.0 719992.0 843506.0 1005714.0 1333288.0 1097265.0 950798.0 1247349.0 1247517.0 1267370.0 1342836.0 1158219.0 864759.0 699732.0 1106381.0 1266182.0 1793778.0 1967287.0 2370059.0 1725678.0 
1590964.0 1753014.0 1572115.0 1301137.0 1132327.0 934630.0 729613.0 461194.0 475918.0 0 232019.0 671054.0 1153054.0 1228177.0 1336578.0 1449393.0 975683.0 756059.0 1143195.0 1017092.0 833334.0 496404.0 619918.0 782126.0 1109700.0 1152593.0 1006126.0 1302677.0 1135307.0 1043782.0 1385190.0 1200573.0 907113.0 742086.0 1148735.0 1308536.0 1570190.0 1743699.0 2146471.0 1767433.0 
1358945.0 1520995.0 1639339.0 1471910.0 1303100.0 1166649.0 961632.0 693213.0 707937.0 232019.0 0 439035.0 921035.0 996158.0 1104559.0 1217374.0 743664.0 524040.0 1042169.0 1168272.0 1004107.0 728423.0 851937.0 1014145.0 1341719.0 1384612.0 1238145.0 1534696.0 1228264.0 1275801.0 1153171.0 968554.0 675094.0 510067.0 916716.0 1076517.0 1802209.0 1975718.0 2378490.0 1535414.0 
1422825.0 1340780.0 1674620.0 1403642.0 1234832.0 1462575.0 1400667.0 1132248.0 1146972.0 671054.0 439035.0 0 482000.0 656365.0 764766.0 877581.0 908859.0 963075.0 1186685.0 1299611.0 1115853.0 1165231.0 1288745.0 1142410.0 1157960.0 1415278.0 1561745.0 1430854.0 789229.0 1180343.0 1592206.0 1407589.0 1114129.0 949102.0 758926.0 1515552.0 1706751.0 1880260.0 2283032.0 1599294.0 
1473014.0 1415144.0 1192620.0 921642.0 752832.0 980575.0 1185592.0 1454011.0 1513478.0 1153054.0 921035.0 482000.0 0 730729.0 839130.0 951945.0 983223.0 1202847.0 1283082.0 1235583.0 1051825.0 1388755.0 1512269.0 1216774.0 1232324.0 1489642.0 1462105.0 1505218.0 863593.0 1254707.0 1693825.0 1878442.0 1596129.0 1431102.0 1240926.0 1997552.0 1781115.0 1954624.0 2357396.0 1649483.0 
766460.0 684415.0 1046854.0 1317832.0 1161207.0 1388950.0 1457034.0 1188615.0 782749.0 1228177.0 996158.0 656365.0 730729.0 0 108401.0 221216.0 252494.0 472118.0 552353.0 678456.0 862214.0 984985.0 947842.0 817949.0 833499.0 1090817.0 1237284.0 1106393.0 464768.0 523978.0 963096.0 1147713.0 1099762.0 934735.0 980112.0 1501185.0 1050386.0 1223895.0 1626667.0 942929.0 
658059.0 576014.0 938453.0 1209431.0 1269608.0 1497351.0 1565435.0 1297016.0 891150.0 1336578.0 1104559.0 764766.0 839130.0 108401.0 0 112815.0 360895.0 580519.0 660754.0 786857.0 970615.0 962955.0 839441.0 926350.0 941900.0 1199218.0 1345685.0 1214794.0 573169.0 415577.0 854695.0 1039312.0 1208163.0 1043136.0 1088513.0 1609586.0 941985.0 1115494.0 1518266.0 834528.0 
545244.0 463199.0 825638.0 1096616.0 1265426.0 1493169.0 1678250.0 1409831.0 1003965.0 1449393.0 1217374.0 877581.0 951945.0 221216.0 112815.0 0 473710.0 693334.0 773569.0 899672.0 1083430.0 1075770.0 952256.0 1039165.0 1054715.0 1312033.0 1458500.0 1327609.0 685984.0 528392.0 967510.0 1152127.0 1320978.0 1155951.0 1201328.0 1722401.0 1054800.0 1228309.0 1631081.0 721713.0 
1018954.0 936909.0 1299348.0 1077523.0 908713.0 1136456.0 1204540.0 936121.0 530255.0 975683.0 743664.0 908859.0 983223.0 252494.0 360895.0 473710.0 0 219624.0 299859.0 425962.0 609720.0 732491.0 856005.0 1018213.0 1085993.0 1343311.0 1481053.0 1358887.0 717262.0 776472.0 1215590.0 1140728.0 847268.0 682241.0 727618.0 1248691.0 1302880.0 1476389.0 1879161.0 1195423.0 
1238578.0 1156533.0 1518972.0 1297147.0 1128337.0 1356080.0 1416044.0 1147625.0 749879.0 756059.0 524040.0 963075.0 1202847.0 472118.0 580519.0 693334.0 219624.0 0 519483.0 645586.0 829344.0 952115.0 1075629.0 1237837.0 1305617.0 1562935.0 1692557.0 1578511.0 936886.0 996096.0 1105721.0 921104.0 627644.0 462617.0 869266.0 1029067.0 1522504.0 1696013.0 2098785.0 1415047.0 
999570.0 1161620.0 1048642.0 777664.0 608854.0 836597.0 1041614.0 1217110.0 830114.0 1143195.0 1042169.0 1186685.0 1283082.0 552353.0 660754.0 773569.0 299859.0 519483.0 0 126103.0 309861.0 646791.0 770305.0 932513.0 1260087.0 1464594.0 1318127.0 1532981.0 1017121.0 1076331.0 1175206.0 990589.0 697129.0 532102.0 427759.0 1098552.0 1602739.0 1776248.0 2179020.0 1176039.0 
873467.0 1035517.0 922539.0 651561.0 482751.0 710494.0 915511.0 1183930.0 854372.0 1017092.0 1168272.0 1299611.0 1235583.0 678456.0 786857.0 899672.0 425962.0 645586.0 126103.0 0 183758.0 520688.0 644202.0 806410.0 1133984.0 1338491.0 1192024.0 1406878.0 1143224.0 1068066.0 1301309.0 1116692.0 823232.0 658205.0 553862.0 1224655.0 1594474.0 1767983.0 2170755.0 1049936.0 
1019175.0 1181225.0 738781.0 467803.0 298993.0 526736.0 731753.0 1000172.0 670614.0 833334.0 1004107.0 1115853.0 1051825.0 862214.0 970615.0 1083430.0 609720.0 829344.0 309861.0 183758.0 0 336930.0 460444.0 622652.0 950226.0 1154733.0 1008266.0 1223120.0 975833.0 884308.0 1323426.0 1300450.0 1006990.0 841963.0 737620.0 1408413.0 1410716.0 1584225.0 1986997.0 1195644.0 
1356105.0 1518155.0 1075711.0 804733.0 635923.0 863666.0 1068683.0 957598.0 719992.0 496404.0 728423.0 1165231.0 1388755.0 984985.0 962955.0 1075770.0 732491.0 952115.0 646791.0 520688.0 336930.0 0 123514.0 285722.0 613296.0 870614.0 1017081.0 886190.0 638903.0 547378.0 986496.0 1171113.0 1343920.0 1178893.0 1074550.0 1745343.0 1073786.0 1247295.0 1650067.0 1532574.0 
1479619.0 1415455.0 1199225.0 928247.0 759437.0 987180.0 1192197.0 1081112.0 843506.0 619918.0 851937.0 1288745.0 1512269.0 947842.0 839441.0 952256.0 856005.0 1075629.0 770305.0 644202.0 460444.0 123514.0 0 409236.0 736810.0 994128.0 1140595.0 1009704.0 762417.0 423864.0 862982.0 1047599.0 1341059.0 1302407.0 1198064.0 1868857.0 950272.0 1123781.0 1526553.0 1656088.0 
1584409.0 1502364.0 1361433.0 1090455.0 921645.0 1149388.0 1007872.0 1243320.0 1005714.0 782126.0 1014145.0 1142410.0 1216774.0 817949.0 926350.0 1039165.0 1018213.0 1237837.0 932513.0 806410.0 622652.0 285722.0 409236.0 0 327574.0 584892.0 731359.0 600468.0 353181.0 833100.0 1272218.0 1456835.0 1629642.0 1464615.0 1360272.0 2031065.0 1359508.0 1533017.0 1935789.0 1760878.0 
1599959.0 1517914.0 1552846.0 1281868.0 1113058.0 885315.0 680298.0 948717.0 1333288.0 1109700.0 1341719.0 1157960.0 1232324.0 833499.0 941900.0 1054715.0 1085993.0 1305617.0 1260087.0 1133984.0 950226.0 613296.0 736810.0 327574.0 0 257318.0 403785.0 272894.0 368731.0 1160674.0 1599792.0 1784409.0 1798752.0 1633725.0 1687846.0 2200175.0 1687082.0 1860591.0 2263363.0 1776428.0 
1575922.0 1737972.0 1295528.0 1024550.0 855740.0 627997.0 422980.0 691399.0 1097265.0 1152593.0 1384612.0 1415278.0 1489642.0 1090817.0 1199218.0 1312033.0 1343311.0 1562935.0 1464594.0 1338491.0 1154733.0 870614.0 994128.0 584892.0 257318.0 0 146467.0 443018.0 626049.0 1417992.0 1857110.0 1834894.0 1541434.0 1376407.0 1783056.0 1942857.0 1944400.0 2117909.0 2520681.0 1752391.0 
1429455.0 1591505.0 1149061.0 878083.0 709273.0 481530.0 276513.0 544932.0 950798.0 1006126.0 1238145.0 1561745.0 1462105.0 1237284.0 1345685.0 1458500.0 1481053.0 1692557.0 1318127.0 1192024.0 1008266.0 1017081.0 1140595.0 731359.0 403785.0 146467.0 0 296551.0 772516.0 1564459.0 1873044.0 1688427.0 1394967.0 1229940.0 1636589.0 1796390.0 2090867.0 2264376.0 2667148.0 1605924.0 
1726006.0 1790808.0 1445612.0 1174634.0 1005824.0 778081.0 573064.0 841483.0 1247349.0 1302677.0 1534696.0 1430854.0 1505218.0 1106393.0 1214794.0 1327609.0 1358887.0 1578511.0 1532981.0 1406878.0 1223120.0 886190.0 1009704.0 600468.0 272894.0 443018.0 296551.0 0 641625.0 1433568.0 1872686.0 1984978.0 1691518.0 1526491.0 1933140.0 2092941.0 1959976.0 2133485.0 2536257.0 1902475.0 
1231228.0 1149183.0 1511622.0 1443636.0 1274826.0 1254046.0 1049029.0 1317448.0 1247517.0 1135307.0 1228264.0 789229.0 863593.0 464768.0 573169.0 685984.0 717262.0 936886.0 1017121.0 1143224.0 975833.0 638903.0 762417.0 353181.0 368731.0 626049.0 772516.0 641625.0 0 988746.0 1427864.0 1612481.0 1564530.0 1399503.0 1444880.0 1965953.0 1515154.0 1688663.0 2091435.0 1407697.0 
1073636.0 991591.0 1354030.0 1352111.0 1183301.0 1411044.0 1616061.0 1504976.0 1267370.0 1043782.0 1275801.0 1180343.0 1254707.0 523978.0 415577.0 528392.0 776472.0 996096.0 1076331.0 1068066.0 884308.0 547378.0 423864.0 833100.0 1160674.0 1417992.0 1564459.0 1433568.0 988746.0 0 439118.0 623735.0 917195.0 1082222.0 1488871.0 1648672.0 526408.0 699917.0 1102689.0 1250105.0 
1512754.0 1430709.0 1793148.0 1791229.0 1622419.0 1801548.0 1596531.0 1328112.0 1342836.0 1385190.0 1153171.0 1592206.0 1693825.0 963096.0 854695.0 967510.0 1215590.0 1105721.0 1175206.0 1301309.0 1323426.0 986496.0 862982.0 1272218.0 1599792.0 1857110.0 1873044.0 1872686.0 1427864.0 439118.0 0 184617.0 478077.0 643104.0 1049753.0 1209554.0 965526.0 1139035.0 1541807.0 1689223.0 
1697371.0 1615326.0 1977765.0 1768253.0 1599443.0 1616931.0 1411914.0 1143495.0 1158219.0 1200573.0 968554.0 1407589.0 1878442.0 1147713.0 1039312.0 1152127.0 1140728.0 921104.0 990589.0 1116692.0 1300450.0 1171113.0 1047599.0 1456835.0 1784409.0 1834894.0 1688427.0 1984978.0 1612481.0 623735.0 184617.0 0 293460.0 458487.0 865136.0 1024937.0 1150143.0 1323652.0 1726424.0 1873840.0 
1696699.0 1784177.0 1745771.0 1474793.0 1305983.0 1323471.0 1118454.0 850035.0 864759.0 907113.0 675094.0 1114129.0 1596129.0 1099762.0 1208163.0 1320978.0 847268.0 627644.0 697129.0 823232.0 1006990.0 1343920.0 1341059.0 1629642.0 1798752.0 1541434.0 1394967.0 1691518.0 1564530.0 917195.0 478077.0 293460.0 0 165027.0 571676.0 731477.0 1443603.0 1617112.0 2019884.0 1873168.0 
1531672.0 1619150.0 1580744.0 1309766.0 1140956.0 1158444.0 953427.0 685008.0 699732.0 742086.0 510067.0 949102.0 1431102.0 934735.0 1043136.0 1155951.0 682241.0 462617.0 532102.0 658205.0 841963.0 1178893.0 1302407.0 1464615.0 1633725.0 1376407.0 1229940.0 1526491.0 1399503.0 1082222.0 643104.0 458487.0 165027.0 0 406649.0 566450.0 1608630.0 1782139.0 2184911.0 1708141.0 
1427329.0 1589379.0 1476401.0 1205423.0 1036613.0 1264356.0 1360076.0 1091657.0 1106381.0 1148735.0 916716.0 758926.0 1240926.0 980112.0 1088513.0 1201328.0 727618.0 869266.0 427759.0 553862.0 737620.0 1074550.0 1198064.0 1360272.0 1687846.0 1783056.0 1636589.0 1933140.0 1444880.0 1488871.0 1049753.0 865136.0 571676.0 406649.0 0 973099.0 2015279.0 2188788.0 2591560.0 1603798.0 
2098122.0 2185600.0 2147194.0 1876216.0 1707406.0 1724894.0 1519877.0 1251458.0 1266182.0 1308536.0 1076517.0 1515552.0 1997552.0 1501185.0 1609586.0 1722401.0 1248691.0 1029067.0 1098552.0 1224655.0 1408413.0 1745343.0 1868857.0 2031065.0 2200175.0 1942857.0 1796390.0 2092941.0 1965953.0 1648672.0 1209554.0 1024937.0 731477.0 566450.0 973099.0 0 2175080.0 2348589.0 2751361.0 2274591.0 
1600044.0 1517999.0 1880438.0 1878519.0 1709709.0 1937452.0 2142469.0 2031384.0 1793778.0 1570190.0 1802209.0 1706751.0 1781115.0 1050386.0 941985.0 1054800.0 1302880.0 1522504.0 1602739.0 1594474.0 1410716.0 1073786.0 950272.0 1359508.0 1687082.0 1944400.0 2090867.0 1959976.0 1515154.0 526408.0 965526.0 1150143.0 1443603.0 1608630.0 2015279.0 2175080.0 0 219075.0 621847.0 1776513.0 
1773553.0 1691508.0 2053947.0 2052028.0 1883218.0 2110961.0 2315978.0 2204893.0 1967287.0 1743699.0 1975718.0 1880260.0 1954624.0 1223895.0 1115494.0 1228309.0 1476389.0 1696013.0 1776248.0 1767983.0 1584225.0 1247295.0 1123781.0 1533017.0 1860591.0 2117909.0 2264376.0 2133485.0 1688663.0 699917.0 1139035.0 1323652.0 1617112.0 1782139.0 2188788.0 2348589.0 219075.0 0 402772.0 1950022.0 
2176325.0 2094280.0 2456719.0 2454800.0 2285990.0 2513733.0 2718750.0 2607665.0 2370059.0 2146471.0 2378490.0 2283032.0 2357396.0 1626667.0 1518266.0 1631081.0 1879161.0 2098785.0 2179020.0 2170755.0 1986997.0 1650067.0 1526553.0 1935789.0 2263363.0 2520681.0 2667148.0 2536257.0 2091435.0 1102689.0 1541807.0 1726424.0 2019884.0 2184911.0 2591560.0 2751361.0 621847.0 402772.0 0 2352794.0 
176469.0 338519.0 456863.0 727841.0 896651.0 1124394.0 1329411.0 1597830.0 1725678.0 1767433.0 1535414.0 1599294.0 1649483.0 942929.0 834528.0 721713.0 1195423.0 1415047.0 1176039.0 1049936.0 1195644.0 1532574.0 1656088.0 1760878.0 1776428.0 1752391.0 1605924.0 1902475.0 1407697.0 1250105.0 1689223.0 1873840.0 1873168.0 1708141.0 1603798.0 2274591.0 1776513.0 1950022.0 2352794.0 0 
