49
loc13 loc40 loc49 loc31 loc39 loc48 loc4 loc30 loc27 loc45 loc18 loc3 loc12 loc33 loc6 loc60 loc51 loc42 loc24 loc88 loc34 loc70 loc22 loc32 loc5 loc50 loc47 loc11 loc20 loc10 loc37 loc28 loc1 loc46 loc73 loc29 loc2 loc14 loc23 loc41 loc8 loc89 loc71 loc35 loc26 loc25 loc53 loc54 loc0
0 132988519.10395 147919043.34917 155004124.47145 261063456.41873997 250588441.65051997 178426046.9949 401315717.91441 542908469.7894 682617172.58891 569797034.3294699 435788261.90544 326776120.52251 519683586.59747 526690892.30459 604177401.94499 736221254.59906 814471896.18459 804045436.86836 617308596.30364 453537848.67651 268410411.18426 142664781.51015002 389480881.92104 560150215.49163 593784237.69093 783607676.8276299 842788654.71697 711352485.9686301 857608755.28388 857259991.14978 854870832.00396 879293928.83006 818433047.3204501 968260724.89326 894044698.96694 427350920.92630005 392606934.29262 695140722.24096 861639215.09474 1013852193.5633401 989352730.47436 762411308.21122 667254125.1139799 517625339.70601 520170532.70488 655589535.84512 659184059.55605 97505491.47466001 
132988519.10395 0 104106506.20328 111191587.32556 224208664.06124002 206775904.50462997 134613509.84901 363721114.40697 496407551.45813 634083605.03725 509239035.97206 398305667.56340003 324202583.94919 538525158.2171401 545532463.92426 623018973.5646601 755062826.2187301 833313467.80426 822887008.4880301 690986446.26271 472379420.29618 343235766.3628 216342631.46922 419973122.29738 590642455.86797 624276478.06727 820768916.0091199 922950891.7776198 791514723.02928 937770992.3445299 937422228.2104299 935033069.0646099 959456165.8907099 898595284.3810999 1048422961.9539099 974206936.0275899 508291189.77187 471164948.11718 725632962.6173 892131455.4710801 1088677548.74188 1064178085.6529 837236663.38976 742079480.2925199 592450694.88455 594995887.88342 730414891.02366 587103207.5185499 171183341.43373 
147919043.34917 104106506.20328 0 126122111.57078001 173946805.60588 177752451.86001998 149544034.09423 297499421.52133 430185858.57249 560525957.67556 435681388.61037004 332083974.67776 307620349.94159997 538680787.56024 544550147.4259 622712057.73969 755218455.56183 833469097.14736 823042637.83113 709247392.29861 472535049.63927996 410045964.75 283152829.85642004 524079628.50066 694748962.07125 728382984.27055 924875422.2124 987045607.65187 855609438.90353 1001865708.2187799 1001516944.08468 999127784.9388599 1023550881.7649599 962690000.25535 1112517677.82816 1038301651.90184 571607873.8612 536863887.22752 829739468.82058 996237961.67436 1155487747.12908 1130988284.0401 904046861.77696 808889678.6797199 659260893.27175 661806086.27062 797225089.41086 513326403.70339 190805433.47911 
155004124.47145 111191587.32556 126122111.57078001 0 132418298.64208 136223944.89622 156629115.21651 272670560.13775 413889164.08612 553597866.88563 452057551.43536 307143104.12878 250808204.97187 443715671.04683 450722976.75395 528209486.39435005 660253339.04842 738503980.63395 728077521.31772 614282275.7852 377569933.12587 382439876.90592 255546742.01234 531164709.62294 701834043.19353 735468065.39283 931960503.33468 994130688.7741499 862694520.02581 1008950789.3410599 1008602025.20696 1006212866.06114 1030635962.8872399 969775081.37763 1119602758.95044 1045386733.02412 578692954.98348 543948968.3498 836824549.94286 1003323042.79664 1127881659.285 1103382196.1960201 876440773.93288 781283590.83564 631654805.42767 634199998.42654 769619001.56678 574073603.03212 197890514.60139 
261063456.41873997 224208664.06124002 173946805.60588 132418298.64208 0 101935111.5132 152146843.92571998 157152841.94241 312457893.65268 447527034.79697 357832725.58952004 189222309.68401 168678992.76103002 368609658.37258005 373436145.13232005 451598055.44611 585147326.3741701 696738430.1012101 754703846.96642 640908601.4339 404196258.77457 500224722.60186005 373331587.70828 644181786.3586199 814851119.92921 848485142.12851 1044671133.24637 1103852111.13571 972415942.38737 1118672211.70262 1118323447.56852 1115934288.4227 1140357385.2488 1079496503.7391899 1229324181.312 1155108155.38568 688414377.34504 653670390.71136 949841626.67854 1116340119.53232 1245666504.98094 1221167041.8919601 994225619.6288201 899068436.53158 749439651.12361 751984844.12248 887403847.26272 504843129.14132 309846049.57236 
250588441.65051997 206775904.50462997 177752451.86001998 136223944.89622 101935111.5132 0 155952490.17986 165099617.03943 297786054.09059 436166553.88917 319208592.67895 199684170.19586 224778273.12366003 439640298.69563997 444466785.45537996 522628695.7691699 656177966.69723 767769070.4242699 809878481.21104 696083235.67852 459370893.01919 505819460.57488 378926325.6813 626749026.80201 797418360.3726 831052382.5719 1027544820.51375 1089715005.95322 958278837.20488 1104535106.52013 1104186342.38603 1101797183.24021 1126220280.06631 1065359398.5567 1215187076.12951 1140971050.2031898 674277272.16255 639533285.52887 932408867.12193 1098907359.9757102 1251261242.95396 1226761779.86498 999820357.60184 904663174.5045999 755034389.09663 757579582.0955 892998585.23574 463205022.87061 293474831.78046 
178426046.9949 134613509.84901 149544034.09423 156629115.21651 152146843.92571998 155952490.17986 0 263421287.59576 396107724.64691997 528174393.13098997 403329824.0658 298005840.75219 285820388.26144 517923698.98599994 522750185.74573994 600912096.0595299 734461366.98759 836771609.8668 826345150.55057 712549905.01805 475837562.35872 443082948.66534 315673683.66639 554586632.14639 725255965.71698 758889987.91628 955382425.8581299 1017552611.2976 886116442.54926 1032372711.8645099 1032023947.73041 1029634788.58459 1054057885.41069 993197003.90108 1143024681.47389 1068808655.54757 602114877.50693 567370890.87325 860246472.46631 1026744965.32009 1188524731.04442 1164025267.95544 937083845.6923001 841926662.59506 692297877.18709 694843070.18596 830262073.3262 481094472.63215 221312437.12484002 
401315717.91441 363721114.40697 297499421.52133 272670560.13775 157152841.94241 165099617.03943 263421287.59576 0 211816981.85039 290374192.85456 260805619.96006 247278828.48587 224519878.09965003 400852926.09982 405679412.85956 483841323.17335 617390594.10141 728981697.82845 812098055.09759 786368047.0572699 549655704.3979399 655104609.75246 528211474.85888004 783694236.70435 954363570.27494 987997592.4742401 1184490030.41609 1244104372.63138 1112668203.88304 1258924473.19829 1258575709.06419 1256186549.91837 1280609646.7444701 1219748765.23486 1369576442.8076699 1295360416.88135 828666638.84071 793922652.20703 1089354077.02427 1255852569.87805 1400546392.1315398 1376046929.0425599 1149105506.77942 1053948323.6821799 904319538.27421 906864731.27308 1042283734.41332 404802050.15172005 450098311.06803 
542908469.7894 496407551.45813 430185858.57249 413889164.08612 312457893.65268 297786054.09059 396107724.64691997 211816981.85039 0 149064287.29003 170827788.2609 184676153.55474 413007797.51609004 599239619.32474 604066106.08448 682228016.39827 815777287.3263301 927368391.05337 1010484748.32251 941673098.76754 704960756.10821 796329040.99204 669435906.0984601 916380673.7555101 1087050007.3261 1120684029.5254002 1317176467.46725 1385058544.1008499 1253622375.35251 1399878644.66776 1399529880.53366 1397140721.38784 1421563818.21394 1360702936.70433 1510530614.27714 1436314588.35082 969620810.31018 934876823.6765 1222040514.07543 1388539006.92921 1541770823.37112 1517271360.28214 1290329938.019 1195172754.92176 1045543969.51379 1048089162.51266 1183508165.6529 346761842.11451 588818369.92809 
682617172.58891 634083605.03725 560525957.67556 553597866.88563 447527034.79697 436166553.88917 528174393.13099 290374192.85456 149064287.29003 0 229602959.41387 263233364.55891 501463782.32874 677796830.32891 682623317.08865 760785227.40244 894334498.3305 1005925602.0575399 1089041959.32668 1066128111.06654 829415768.40721 936037743.79155 809144608.8979701 1054056727.33463 1224726060.90522 1258360083.1045198 1454852521.04637 1524767246.90036 1393331078.1520202 1539587347.4672701 1539238583.3331702 1536849424.1873503 1561272521.0134501 1500411639.5038402 1650239317.0766501 1576023291.15033 1109329513.1096902 1074585526.47601 1359716567.65455 1526215060.50833 1681479526.17063 1656980063.08165 1430038640.81851 1334881457.7212703 1185252672.3133001 1187797865.31217 1323216868.4524102 254268660.33269 728527072.7276001 
569797034.32947 509239035.97206 435681388.61037004 452057551.43536 357832725.58952004 319208592.67895 403329824.0658 260805619.96006 170827788.2609 229602959.41387 0 262912472.89866 478247301.22451997 661658546.05988 666485032.81962 744646943.13341 878196214.06147 989787317.7885101 1072903675.0576501 998424007.8361701 761711665.1768401 825028053.25383 698134918.36025 929212158.2694399 1099881491.84003 1133515514.03933 1330007951.98118 1408923598.63217 1277487429.88383 1423743699.19908 1423394935.06498 1421005775.9191601 1445428872.74526 1384567991.23565 1534395668.80846 1460179642.8821402 993485864.8415 958741878.20782 1234871998.58936 1401370491.44314 1570469835.6329098 1545970372.5439298 1319028950.2807899 1223871767.1835501 1074242981.77558 1076788174.7744498 1212207177.91469 175934053.85361 612683424.4594101 
435788261.90544 398305667.56340003 332083974.67776 307143104.12878 189222309.68401 199684170.19586 298005840.75219 247278828.48587 184676153.55474 263233364.55891 262912472.89866 0 238230417.76983 414563465.77 419389952.52974 497551862.84352994 631101133.77159 742692237.49863 825808594.76777 802894746.50763 566182403.8483 689447032.28587 562553897.39229 818278789.86078 988948123.43137 1022582145.6306701 1219074583.57252 1278576916.62241 1147140747.8740702 1293397017.18932 1293048253.0552201 1290659093.9094002 1315082190.7355 1254221309.2258902 1404048986.7987 1329832960.8723803 863139182.83174 828395196.19806 1123938630.1807 1290437123.03448 1434888814.66495 1410389351.57597 1183447929.31283 1088290746.21559 938661960.8076199 941207153.80649 1076626156.94673 406908903.09032 484570855.05906 
326776120.52251 324202583.94919 307620349.94159997 250808204.97187 168678992.76103002 224778273.12366003 285820388.26144 224519878.09965003 413007797.51609004 501463782.32874 478247301.22452 238230417.76983 0 239313522.5554 246320828.26252002 323807337.90292 455851190.55699 567442294.28403 650558651.55317 593929137.37823 357216794.71889997 532348026.1493 398006621.64705 709331110.07635 880000443.64694 913634465.84624 1110126903.78809 1169564775.23948 1038128606.49114 1184384875.80639 1184036111.6722898 1181646952.52647 1206070049.35257 1145209167.84296 1295036845.41577 1220820819.48945 754127041.44881 719383054.81513 1014990950.39627 1181489443.25005 1277789808.52838 1253290345.4394 1026348923.17626 931191740.0790199 781562954.67105 751977771.2980599 919527150.8101599 622243731.41618 374218222.19364 
519683586.59747005 538525158.21714 538680787.56024 443715671.04683 368609658.37258005 439640298.69563997 517923698.98600006 400852926.09982 599239619.32474 677796830.32891 661658546.05988 414563465.77 239313522.5554 0 163575624.96710998 85413714.65332 216537668.00159 328128771.72863 411245128.99777 548626541.9225 350398570.77838 667413618.82019 590914087.72201 902238576.15131 1072907909.7219 1106541931.9212 1303034369.86305 1362472241.31444 1231036072.5661001 1377292341.88135 1376943577.74725 1374554418.6014302 1398977515.42753 1338116633.91792 1487944311.49073 1413728285.5644102 947034507.52377 912290520.89009 1207898416.47123 1374396909.32501 1302977474.54457 1278478011.45559 1051536589.19245 933929839.69321 916628547.3419399 745159547.35754 922265250.42435 805654976.2515401 567125688.2686 
526690892.30459 545532463.92426 544550147.4259 450722976.75395 373436145.13232005 444466785.45537996 522750185.74574006 405679412.85956 604066106.08448 682623317.08865 666485032.81962 419389952.52974 246320828.26252002 163575624.96710998 0 78161910.31379 215730278.95019 327321382.67723 410437739.94637 547819152.8711001 357405876.4855 674420924.52731 597921393.4291301 909245881.8584299 1079915215.42902 1113549237.62832 1310041675.57017 1369479547.02156 1238043378.27322 1384299647.58847 1383950883.45437 1381561724.3085501 1405984821.13465 1345123939.62504 1494951617.19785 1420735591.2715302 954041813.2308899 919297826.5972099 1214905722.17835 1381404215.03213 1309984780.25169 1285485317.16271 1058543894.89957 940937145.40033 923635853.04906 752166853.06466 929272556.13147 810481463.0112801 574132993.97572 
604177401.94499 623018973.5646601 622712057.73969 528209486.39435 451598055.44611 522628695.76917 600912096.05953 483841323.17335 682228016.39827 760785227.40244 744646943.13341 497551862.84353 323807337.90292 85413714.65332 78161910.31379 0 214715569.15844 326306672.88548 409423030.15462 546804443.07935 434892386.12590003 751907434.1677101 675407903.06953 986732391.4988301 1157401725.06942 1191035747.2687201 1387528185.21057 1446966056.6619601 1315529887.9136202 1461786157.2288702 1461437393.0947702 1459048233.9489503 1483471330.7750502 1422610449.2654402 1572438126.8382502 1498222100.91193 1031528322.8712901 996784336.2376101 1292392231.81875 1458890724.67253 1387471289.8920898 1362971826.80311 1136030404.53997 1018423655.04073 1001122362.68946 829653362.70506 1006759065.77187 888643373.32507 651619503.61612 
736221254.5990599 755062826.21873 755218455.5618299 660253339.04842 585147326.3741701 656177966.69723 734461366.9875901 617390594.10141 815777287.3263301 894334498.3305 878196214.06147 631101133.77159 455851190.55699 216537668.00159 215730278.95019 214715569.15844 0 111591103.72704 194707460.99618 332088873.92091 390677539.35291 707692587.39472 796246621.6737299 1109985185.2087998 1251256688.13759 1284890710.3368897 1496782433.7603097 1579009909.31603 1447573740.5676901 1593830009.88294 1593481245.74884 1591092086.6030202 1615515183.42912 1554654301.9195101 1704481979.49232 1630265953.566 1163572175.52536 1128828188.89168 1386247194.88692 1445221944.94727 1253070027.43166 1228570564.34268 1001629142.07954 915474293.63005 956907515.9164699 726704001.29438 903809704.36119 1022192644.2531301 783663356.27019 
814471896.18459 833313467.80426 833469097.14736 738503980.63395 696738430.1012101 767769070.42427 836771609.8668001 728981697.8284501 927368391.0533701 1005925602.05754 989787317.7885101 742692237.49863 567442294.28403 328128771.72863 327321382.67723 326306672.88548 111591103.72704 0 116988008.37899 296327366.32445 360934047.50808 677949095.54989 766503129.8289 1080241693.36397 1221513196.2927601 1255147218.4920602 1467038941.9154801 1604062500.21322 1472626331.46488 1618882600.78013 1618533836.64603 1616144677.50021 1640567774.32631 1579706892.8167 1729534570.38951 1655318544.46319 1188624766.42255 1153880779.78887 1356503703.04209 1408824398.87549 1216672481.35988 1192173018.2709 965231596.00776 879076747.55827 927164024.07164 690306455.2226 867412158.28941 1133783747.9801702 861913997.85572 
804045436.86836 822887008.4880301 823042637.83113 728077521.31772 754703846.96642 809878481.21104 826345150.55057 812098055.0975901 1010484748.3225101 1089041959.3266802 1072903675.0576501 825808594.76777 650558651.55317 411245128.99777 410437739.94637 409423030.15462 194707460.99618 116988008.37899 0 198281811.95972 350507588.19185 619799849.69858 711065278.57012 1017479293.29056 1158750796.21935 1192384818.4186502 1404276541.84207 1547849748.52529 1416413579.7769501 1562669849.0922 1562321084.9581 1559931925.8122802 1584355022.63838 1523494141.12877 1673321818.70158 1599105792.77526 1133186915.16377 1096063804.86485 1293741302.96868 1311414882.98608 1119262965.47047 1094763502.38149 867822080.11835 781667231.66886 869014778.22033 592896939.33319 770002642.4 1216900105.24931 830402829.0131999 
617308596.30364 690986446.2627101 709247392.29861 614282275.7852 640908601.4339 696083235.67852 712549905.01805 786368047.05727 941673098.76754 1066128111.06654 998424007.83617 802894746.50763 593929137.37823 548626541.9225 547819152.8711 546804443.07935 332088873.92091 296327366.32445 198281811.95972 0 236712342.65933 421518037.73886 512783466.61039996 819197481.3308401 960468984.2596301 994103006.4589301 1205994729.8823502 1349567936.56557 1218131767.8172302 1364388037.1324801 1364039272.9983802 1361650113.8525603 1386073210.6786602 1325212329.1690502 1475040006.7418602 1400823980.8155403 934905103.20405 897781992.9051301 1095459491.0089602 1113133071.0263598 920981153.5107499 896481690.4217699 669540268.1586299 583385419.70914 670732966.26061 394615127.37346995 571720830.44028 1145686881.1824698 632121017.05348 
453537848.67651 472379420.29618 472535049.63927996 377569933.12587 404196258.77457 459370893.01919 475837562.35872 549655704.39794 704960756.1082101 829415768.40721 761711665.1768401 566182403.8483 357216794.71889997 350398570.77838 357405876.4855 434892386.12590003 390677539.35291 360934047.50808 350507588.19185 236712342.65933 0 317015048.04181 405569082.32082 719307645.85589 860579148.7846799 894213170.98398 1106104894.4074 1243128452.7051399 1111692283.9568 1257948553.27205 1257599789.13795 1255210629.99213 1279633726.81823 1218772845.30862 1368600522.88143 1294384496.95511 827690718.91447 792946732.28079 995569655.5340099 1144730821.2818 952578903.76619 928079440.67721 701138018.41407 583531268.91483 566229976.56356 394760976.57916 571866679.64597 908974538.52314 500979950.34764004 
268410411.18426 343235766.3628 410045964.75 382439876.90592 500224722.60186005 505819460.57488 443082948.66534 655104609.75246 796329040.99204 936037743.7915499 825028053.25383 689447032.2858701 532348026.1493 667413618.82019 674420924.5273099 751907434.16771 707692587.39472 677949095.5498899 619799849.69858 421518037.73886 317015048.04181 0 134341404.50225 402292597.81408 543564100.74287 577198122.94217 789089846.36559 928049898.82671 796613730.0783701 942869999.39362 942521235.25952 940132076.1137 964555172.9398 903694291.4301901 1053521969.003 979305943.0766801 513390196.82096004 476263955.16627 678554607.4922 845053100.34598 745441782.37908 720942319.2901 494000897.02696 398843713.92972 249214928.52175 251760121.52062 387179124.66086 923372368.45339 248459577.49222 
142664781.51015002 216342631.46922 283152829.85642004 255546742.01234 373331587.70828 378926325.6813 315673683.66639 528211474.85888004 669435906.0984601 809144608.89797 698134918.3602499 562553897.39229 398006621.64705 590914087.72201 597921393.42913 675407903.06953 796246621.67373 766503129.8289 711065278.57012 512783466.61039996 405569082.32082 134341404.50225 0 346188512.77369 516857846.34428 550491868.54358 746984306.4854299 837559370.38432 706123201.63598 852379470.9512299 852030706.81713 849641547.67131 874064644.4974099 813203762.9878 963031440.56061 888815414.63429 422121636.59365 387377649.95997 651848353.09361 818346845.9473901 879783186.88133 855283723.7923499 628342301.52921 533185118.43197 383556333.024 386101526.02286994 521520529.16311 796431696.22754 157477202.25999 
389480881.92104 419973122.29738 524079628.50066 531164709.62294 644181786.3586199 626749026.8020099 554586632.14639 783694236.70435 916380673.75551 1054056727.33463 929212158.2694399 818278789.86078 709331110.07635 902238576.1513101 909245881.85843 986732391.4988301 1109985185.2088 1080241693.36397 1017479293.29056 819197481.33084 719307645.85589 402292597.81408 346188512.77369 0 174886595.36791 208520617.56721002 400795793.71174 573846203.80028 561930074.13898 708186343.45423 707837579.32013 705448420.17431 729871517.00041 669010635.4908 818838313.0636101 744622287.13729 291003424.67068005 241580299.22688 309877102.11724 476375594.97102 722023380.4974499 750024515.6284399 667584807.7899101 572427624.69267 422798839.28470004 654052719.3347 560763035.42381 1007076329.81593 338716027.31782997 
560150215.4916301 590642455.86797 694748962.07125 701834043.19353 814851119.92921 797418360.3726 725255965.71698 954363570.27494 1087050007.3260999 1224726060.90522 1099881491.84003 988948123.43137 880000443.64694 1072907909.7219001 1079915215.4290202 1157401725.06942 1251256688.13759 1221513196.29276 1158750796.2193499 960468984.2596298 860579148.78468 543564100.74287 516857846.34428 174886595.36791 0 267599815.84282 312122306.44082 519907179.8637 653060722.50011 799316991.81536 798968227.68126 796579068.53544 821002165.36154 760141283.85193 909968961.4247401 835752935.49842 394095207.02032 332710947.58801 294878570.22592 315578753.1539 561226538.68033 589227673.8113201 759171556.02163 713699127.62146 564070342.21349 795324222.26349 702034538.3526 1177745663.38652 509385360.88842 
593784237.69093 624276478.06727 728382984.27055 735468065.39283 848485142.12851 831052382.5719 758889987.91628 987997592.4742401 1120684029.5254 1258360083.10452 1133515514.03933 1022582145.6306701 913634465.8462399 1106541931.9212 1113549237.62832 1191035747.26872 1284890710.33689 1255147218.49206 1192384818.41865 994103006.4589299 894213170.9839801 577198122.94217 550491868.54358 208520617.56721002 267599815.84282 0 211891723.42342 401518838.742 548618988.72001 707773716.23668 707424952.1025801 705035792.95676 729458889.78286 668598008.27325 805527227.64464 744209659.91974 347190460.16729 311743788.60267 434641772.67767 583178568.99672 828826354.52315 856827489.65414 842490332.9180001 747333149.82076 597704364.4127901 828958244.46279 735668560.5519 1211379685.5858202 543019383.08772 
783607676.82763 820768916.00912 924875422.2124 931960503.33468 1044671133.24637 1027544820.51375 955382425.85813 1184490030.41609 1317176467.4672499 1454852521.04637 1330007951.98118 1219074583.57252 1110126903.78809 1303034369.86305 1310041675.57017 1387528185.2105699 1496782433.76031 1467038941.91548 1404276541.8420699 1205994729.88235 1106104894.4074 789089846.36559 746984306.48543 400795793.71174 312122306.44082 211891723.42342 0 263472270.60915 410572420.58716 569727148.10383 569378383.96973 566989224.82391 591412321.65001 530551440.14040005 667480659.51179 606163091.78689 426447414.09963 391000742.53501 607000876.6667401 627701059.59472 873348845.12115 901349980.25214 1054382056.34142 959224873.24418 809596087.83621 1040849967.88621 947560283.97532 1407872123.52767 737059196.28342 
842788654.71697 922950891.7776201 987045607.65187 994130688.77415 1103852111.13571 1089715005.9532201 1017552611.2976 1244104372.6313798 1385058544.1008499 1524767246.9003599 1408923598.6321702 1278576916.6224098 1169564775.23948 1362472241.31444 1369479547.02156 1446966056.66196 1579009909.31603 1604062500.21322 1547849748.52529 1349567936.56557 1243128452.7051399 928049898.82671 837559370.38432 573846203.80028 519907179.8637 401518838.742 263472270.60915 0 233596241.23505998 379852510.55031 379503746.41621 377114587.27039003 401537684.09649 340676802.58687997 490504480.15968996 416288454.23337 415437733.79067004 451785943.66043997 814785750.08962 835485933.0175999 1081133718.54403 1109134853.67502 1234552997.11885 1139395814.0216103 989767028.6136401 1179810020.34733 1127731224.7527502 1498310623.8587499 796240174.17276 
711352485.9686301 791514723.02928 855609438.90353 862694520.02581 972415942.38737 958278837.20488 886116442.54926 1112668203.88304 1253622375.35251 1393331078.15202 1277487429.88383 1147140747.8740702 1038128606.49114 1231036072.5661001 1238043378.27322 1315529887.91362 1447573740.5676901 1472626331.46488 1416413579.77695 1218131767.81723 1111692283.9568 796613730.07837 706123201.63598 561930074.1389799 653060722.5001099 548618988.72001 410572420.58716 233596241.23505998 0 200755473.50063 209927215.03136998 224481224.8455 270101515.34815 209240633.83854002 256908238.92463 284852285.48503 284001565.04233 320349774.91209996 788051229.24944 954549722.10322 1200197507.6296499 1228198642.76064 1151620622.82462 1056463439.7273799 906834654.31941 1048373851.59899 1044798850.4585199 1366874455.1104102 664804005.42442 
857608755.28388 937770992.3445301 1001865708.21878 1008950789.34106 1118672211.70262 1104535106.5201302 1032372711.86451 1258924473.1982899 1399878644.66776 1539587347.46727 1423743699.1990802 1293397017.18932 1184384875.80639 1377292341.88135 1384299647.58847 1461786157.22887 1593830009.88294 1618882600.78013 1562669849.0922 1364388037.1324801 1257948553.27205 942869999.39362 852379470.95123 708186343.45423 799316991.81536 707773716.23668 569727148.10383 379852510.55031 200755473.50063 0 61975468.91376 76529478.72789 130811786.56511 141457965.99124 173569605.84649 417424469.71178997 430257834.35758 466606044.22735 934307498.56469 1100805991.4184701 1346453776.9449 1374454912.07589 1297876892.1398702 1202719709.0426302 1053090923.6346601 1194630120.91424 1191055119.77377 1513130724.4256601 811060274.73967 
857259991.14978 937422228.21043 1001516944.08468 1008602025.20696 1118323447.56852 1104186342.38603 1032023947.73041 1258575709.06419 1399529880.53366 1539238583.33317 1423394935.06498 1293048253.0552201 1184036111.67229 1376943577.74725 1383950883.45437 1461437393.09477 1593481245.74884 1618533836.64603 1562321084.9581 1364039272.9983802 1257599789.13795 942521235.25952 852030706.81713 707837579.32013 798968227.68126 707424952.1025801 569378383.96973 379503746.41621 209927215.03136998 61975468.91376 0 85701220.25863001 139983528.09585 150629707.52198 184394166.54375 428249030.40905 429909070.22348 466257280.09325 933958734.43059 1100457227.2843702 1346105012.8108 1374106147.94179 1297528128.00577 1202370944.90853 1052742159.5005599 1194281356.78014 1190706355.63967 1512781960.2915602 810711510.60557 
854870832.0039601 935033069.06461 999127784.93886 1006212866.0611401 1115934288.4227002 1101797183.24021 1029634788.5845901 1256186549.91837 1397140721.38784 1536849424.18735 1421005775.9191601 1290659093.9094 1181646952.5264702 1374554418.6014302 1381561724.3085501 1459048233.94895 1591092086.6030202 1616144677.50021 1559931925.81228 1361650113.85256 1255210629.99213 940132076.1136999 849641547.6713101 705448420.17431 796579068.53544 705035792.9567599 566989224.82391 377114587.27039003 224481224.8455 76529478.72789 85701220.25863001 0 154537537.90998 165183717.33611 128502239.02579 372357102.89109004 427519911.07766 463868120.94743 931569575.28477 1098068068.13855 1343715853.66498 1371716988.79597 1295138968.85995 1199981785.76271 1050353000.35474 1191892197.6343198 1188317196.49385 1510392801.14574 808322351.45975 
879293928.83006 959456165.8907101 1023550881.76496 1030635962.88724 1140357385.2488 1126220280.0663102 1054057885.4106901 1280609646.7444701 1421563818.21394 1561272521.01345 1445428872.7452602 1315082190.7355 1206070049.35257 1398977515.42753 1405984821.13465 1483471330.77505 1615515183.42912 1640567774.3263102 1584355022.63838 1386073210.6786602 1279633726.8182302 964555172.9398 874064644.49741 729871517.00041 821002165.36154 729458889.78286 591412321.65001 401537684.09649 270101515.34815 130811786.56511 139983528.09585 154537537.90998 0 219466025.17333 89031987.15124 332886851.01654 451943007.90376 488291217.77353 955992672.11087 1122491164.9646502 1368138950.49108 1396140085.62207 1319562065.68605 1224404882.5888102 1074776097.18084 1216315294.4604201 1212740293.31995 1534815897.97184 832745448.28585 
818433047.3204501 898595284.3810999 962690000.25535 969775081.37763 1079496503.73919 1065359398.5567 993197003.90108 1219748765.23486 1360702936.70433 1500411639.50384 1384567991.23565 1254221309.2258902 1145209167.8429601 1338116633.91792 1345123939.62504 1422610449.26544 1554654301.9195101 1579706892.8167 1523494141.1287699 1325212329.16905 1218772845.30862 903694291.4301898 813203762.9878 669010635.4907999 760141283.8519299 668598008.2732501 530551440.14040005 340676802.58687997 209240633.83854002 141457965.99124 150629707.52198 165183717.33611 219466025.17333 0 260025359.58108 391932846.83685005 391082126.39415 427430336.26391995 895131790.60126 1061630283.45504 1307278068.9814699 1335279204.11246 1258701184.17644 1163544001.0792 1013915215.67123 1155454412.95081 1151879411.81034 1473955016.4622302 771884566.77624 
968260724.89326 1048422961.9539101 1112517677.82816 1119602758.95044 1229324181.312 1215187076.12951 1143024681.47389 1369576442.80767 1510530614.27714 1650239317.07665 1534395668.80846 1404048986.7987 1295036845.41577 1487944311.49073 1494951617.19785 1572438126.83825 1704481979.49232 1729534570.38951 1673321818.70158 1475040006.7418602 1368600522.88143 1053521969.003 963031440.5606099 818838313.06361 909968961.42474 805527227.64464 667480659.51179 490504480.15968996 256908238.92463 173569605.84649 184394166.54375 128502239.02579 89031987.15124 260025359.58108 0 243854863.8653 540909803.96696 577258013.83673 1044959468.17407 1211457961.0278502 1457105746.55428 1485106881.68527 1408528861.7492497 1313371678.65201 1163742893.2440398 1305282090.5236201 1301707089.3831499 1623782694.03504 921712244.3490499 
894044698.9669399 974206936.02759 1038301651.90184 1045386733.02412 1155108155.38568 1140971050.20319 1068808655.54757 1295360416.88135 1436314588.3508198 1576023291.1503298 1460179642.8821402 1329832960.87238 1220820819.48945 1413728285.56441 1420735591.27153 1498222100.9119298 1630265953.566 1655318544.46319 1599105792.77526 1400823980.81554 1294384496.95511 979305943.07668 888815414.63429 744622287.1372899 835752935.4984199 744209659.91974 606163091.78689 416288454.23337 284852285.48503 417424469.71178997 428249030.40905 372357102.89109004 332886851.01654 391932846.83685005 243854863.8653 0 466693778.04064 503041987.91041 970743442.2477499 1137241935.10153 1382889720.62796 1410890855.75895 1334312835.8229299 1239155652.7256901 1089526867.31772 1231066064.5973 1227491063.45683 1549566668.1087198 847496218.42273 
427350920.92630005 508291189.77187 571607873.8612 578692954.98348 688414377.34504 674277272.16255 602114877.50693 828666638.84071 969620810.31018 1109329513.10969 993485864.8414999 863139182.83174 754127041.44881 947034507.5237701 954041813.23089 1031528322.8712901 1163572175.52536 1188624766.42255 1133186915.16377 934905103.20405 827690718.91447 513390196.82096004 422121636.59365 291003424.67068005 394095207.02032 347190460.16729 426447414.09963 415437733.79067004 284001565.04233 430257834.35758 429909070.22348 427519911.07766 451943007.90376 391082126.39415 540909803.96696 466693778.04064 0 264792760.99146003 529085713.76965 695584206.62343 941231992.1498599 969233127.2808499 867619057.7822901 772461874.68505 622833089.27708 765150318.34158 760797285.41619 1082872890.06808 380802440.38209 
392606934.29262 471164948.11718 536863887.22752 543948968.3498 653670390.71136 639533285.52887 567370890.87325 793922652.20703 934876823.6765 1074585526.4760098 958741878.2078199 828395196.19806 719383054.81513 912290520.8900901 919297826.59721 996784336.2376101 1128828188.8916802 1153880779.78887 1096063804.86485 897781992.90513 792946732.28079 476263955.16627 387377649.95997 241580299.22688 332710947.58801 311743788.60267 391000742.53501 451785943.66043997 320349774.91209996 466606044.22735 466257280.09325 463868120.94743 488291217.77353 427430336.26391995 577258013.83673 503041987.91041 264792760.99146003 0 467701454.33734 634199947.19112 879847732.71755 907848867.8485401 832875071.14861 737717888.0513699 588089102.6434 728024076.68689 726053298.7825099 1048128903.4344 346058453.74841 
695140722.24096 725632962.6173 829739468.82058 836824549.94286 949841626.67854 932408867.12193 860246472.46631 1089354077.02427 1222040514.07543 1359716567.65455 1234871998.58936 1123938630.1807 1014990950.3962699 1207898416.47123 1214905722.17835 1292392231.81875 1386247194.88692 1356503703.04209 1293741302.96868 1095459491.00896 995569655.53401 678554607.4922 651848353.09361 309877102.11724 294878570.22592 434641772.67767 607000876.66674 814785750.08962 788051229.24944 934307498.5646899 933958734.4305899 931569575.2847699 955992672.1108699 895131790.60126 1044959468.1740699 970743442.2477499 529085713.76965 467701454.33734 0 166498492.85378 412146278.38021 440147413.51119995 610091295.7215099 744314751.6856099 699060848.96282 916468337.55642 739362634.48961 1312736170.13585 644375867.63775 
861639215.09474 892131455.4710801 996237961.67436 1003323042.79664 1116340119.53232 1098907359.9757102 1026744965.32009 1255852569.87805 1388539006.92921 1526215060.50833 1401370491.44314 1290437123.03448 1181489443.25005 1374396909.32501 1381404215.03213 1458890724.67253 1445221944.9472702 1408824398.87549 1311414882.98608 1113133071.02636 1144730821.2818 845053100.34598 818346845.9473901 476375594.97102004 315578753.1539 583178568.9967201 627701059.59472 835485933.0176 954549722.10322 1100805991.41847 1100457227.28437 1098068068.13855 1122491164.96465 1061630283.45504 1211457961.02785 1137241935.10153 695584206.62343 634199947.19112 166498492.85378 0 245647785.52643 273648920.65742 443592802.86773 577816258.83183 688378771.3729401 749969844.70264 572864141.63583 1479234662.9896302 810874360.4915301 
1013852193.5633401 1088677548.74188 1155487747.12908 1127881659.285 1245666504.98094 1251261242.95396 1188524731.04442 1400546392.13154 1541770823.37112 1681479526.17063 1570469835.63291 1434888814.6649501 1277789808.5283802 1302977474.5445702 1309984780.2516901 1387471289.89209 1253070027.43166 1216672481.3598797 1119262965.47047 920981153.5107499 952578903.76619 745441782.37908 879783186.88133 722023380.49745 561226538.68033 828826354.52315 873348845.12115 1081133718.54403 1200197507.62965 1346453776.9449 1346105012.8108 1343715853.6649802 1368138950.49108 1307278068.98147 1457105746.55428 1382889720.6279602 941231992.14986 879847732.71755 412146278.38021 245647785.52643 0 46100065.77709 251440885.35212 385664341.31622005 496226853.85733 557817927.1870301 380712224.12022 1668814150.83247 993901359.8713001 
989352730.47436 1064178085.6529 1130988284.0400999 1103382196.19602 1221167041.89196 1226761779.86498 1164025267.95544 1376046929.0425599 1517271360.2821398 1656980063.0816498 1545970372.54393 1410389351.57597 1253290345.4394 1278478011.45559 1285485317.16271 1362971826.80311 1228570564.34268 1192173018.2708998 1094763502.38149 896481690.42177 928079440.67721 720942319.2901 855283723.7923499 750024515.6284399 589227673.81132 856827489.65414 901349980.2521399 1109134853.67502 1228198642.76064 1374454912.0758898 1374106147.9417899 1371716988.79597 1396140085.6220698 1335279204.11246 1485106881.6852698 1410890855.7589498 969233127.2808499 907848867.84854 440147413.51119995 273648920.65742 46100065.77709 0 226941422.26314 361164878.22723997 471727390.76835 533318464.09805 356212761.03124 1644314687.7434897 969401896.78232 
762411308.21122 837236663.38976 904046861.77696 876440773.9328799 994225619.62882 999820357.60184 937083845.6923 1149105506.77942 1290329938.0189998 1430038640.8185098 1319028950.28079 1183447929.31283 1026348923.1762599 1051536589.19245 1058543894.89957 1136030404.53997 1001629142.0795399 965231596.00776 867822080.1183499 669540268.1586299 701138018.41407 494000897.02696 628342301.52921 667584807.7899101 759171556.02163 842490332.918 1054382056.3414199 1234552997.1188498 1151620622.82462 1297876892.13987 1297528128.00577 1295138968.85995 1319562065.68605 1258701184.17644 1408528861.74925 1334312835.8229299 867619057.78229 832875071.14861 610091295.72151 443592802.86773 251440885.35212 226941422.26314 0 134223455.9641 244785968.50521 306377041.83491004 129271338.7681 1417373265.48035 742460474.51918 
667254125.11398 742079480.29252 808889678.67972 781283590.83564 899068436.53158 904663174.5046 841926662.59506 1053948323.68218 1195172754.9217598 1334881457.7212698 1223871767.1835501 1088290746.21559 931191740.0790199 933929839.69321 940937145.40033 1018423655.04073 915474293.6300501 879076747.5582701 781667231.6688601 583385419.7091401 583531268.91483 398843713.92972004 533185118.43197 572427624.69267 713699127.62146 747333149.82076 959224873.24418 1139395814.02161 1056463439.7273799 1202719709.04263 1202370944.9085298 1199981785.7627099 1224404882.58881 1163544001.0791998 1313371678.65201 1239155652.72569 772461874.6850499 737717888.0513699 744314751.68561 577816258.83183 385664341.31622005 361164878.22723997 134223455.9641 0 149628785.40797 188770292.33567002 11664589.26886 1322216082.38311 647303291.4219401 
517625339.70601 592450694.88455 659260893.27175 631654805.42767 749439651.12361 755034389.09663 692297877.18709 904319538.27421 1045543969.51379 1185252672.3133 1074242981.77558 938661960.80762 781562954.67105 916628547.34194 923635853.04906 1001122362.68946 956907515.91647 927164024.07164 869014778.22033 670732966.26061 566229976.56356 249214928.52175 383556333.024 422798839.28470004 564070342.21349 597704364.4127901 809596087.83621 989767028.6136401 906834654.31941 1053090923.6346599 1052742159.5005599 1050353000.3547399 1074776097.18084 1013915215.67123 1163742893.24404 1089526867.31772 622833089.2770799 588089102.6434 699060848.96282 688378771.3729401 496226853.85733 471727390.76835 244785968.50521 149628785.40797 0 315069899.20592 137964196.13911 1172587296.97514 497674506.01397 
520170532.70488 594995887.88342 661806086.27062 634199998.4265399 751984844.1224799 757579582.0955 694843070.1859599 906864731.27308 1048089162.5126599 1187797865.3121698 1076788174.77445 941207153.80649 751977771.2980599 745159547.35754 752166853.06466 829653362.70506 726704001.29438 690306455.2226 592896939.33319 394615127.37346995 394760976.57916 251760121.52062 386101526.02286994 654052719.3347 795324222.26349 828958244.46279 1040849967.88621 1179810020.3473299 1048373851.59899 1194630120.91424 1194281356.78014 1191892197.63432 1216315294.46042 1155454412.95081 1305282090.52362 1231066064.5973 765150318.34158 728024076.68689 916468337.5564201 749969844.70264 557817927.1870301 533318464.09805 306377041.83491004 188770292.33567002 315069899.20592 0 177105703.06681 1175132489.97401 500219699.01284003 
655589535.84512 730414891.0236601 797225089.4108601 769619001.5667801 887403847.2627201 892998585.23574 830262073.3262 1042283734.4133201 1183508165.6529 1323216868.45241 1212207177.91469 1076626156.9467301 919527150.81016 922265250.42435 929272556.13147 1006759065.77187 903809704.36119 867412158.28941 770002642.4 571720830.44028 571866679.64597 387179124.66086 521520529.16311 560763035.42381 702034538.3526 735668560.5519 947560283.97532 1127731224.75275 1044798850.45852 1191055119.77377 1190706355.63967 1188317196.49385 1212740293.31995 1151879411.81034 1301707089.38315 1227491063.45683 760797285.41619 726053298.78251 739362634.48961 572864141.6358299 380712224.12022 356212761.03124 129271338.7681 11664589.26886 137964196.13911 177105703.06681 0 1310551493.1142502 635638702.15308 
659184059.55605 587103207.5185499 513326403.70339 574073603.03212 504843129.14132 463205022.87061 481094472.63215 404802050.15172005 346761842.11451006 254268660.33269 175934053.85361 406908903.09032 622243731.41618 805654976.2515401 810481463.0112801 888643373.32507 1022192644.2531301 1133783747.98017 1216900105.24931 1145686881.1824698 908974538.52314 923372368.45339 796431696.2275399 1007076329.8159299 1177745663.38652 1211379685.58582 1407872123.52767 1498310623.8587499 1366874455.11041 1513130724.42566 1512781960.29156 1510392801.14574 1534815897.97184 1473955016.46223 1623782694.03504 1549566668.1087198 1082872890.06808 1048128903.4344 1312736170.13585 1479234662.98963 1668814150.83247 1644314687.74349 1417373265.48035 1322216082.3831103 1172587296.97514 1175132489.97401 1310551493.1142502 0 702070449.68599 
97505491.47466001 171183341.43373 190805433.47911 197890514.60139 309846049.57236 293474831.78046 221312437.12484002 450098311.06803 588818369.92809 728527072.7276 612683424.45941 484570855.05906 374218222.19364 567125688.2686 574132993.97572 651619503.61612 783663356.27019 861913997.85572 830402829.0132 632121017.05348 500979950.34764004 248459577.49222 157477202.25999 338716027.31782997 509385360.88842005 543019383.08772 737059196.28342 796240174.17276 664804005.42442 811060274.7396699 810711510.60557 808322351.4597499 832745448.2858499 771884566.77624 921712244.34905 847496218.42273 380802440.38209 346058453.74841 644375867.63775 810874360.4915301 993901359.8713001 969401896.78232 742460474.51918 647303291.42194 497674506.01397 500219699.01284003 635638702.15308 702070449.68599 0 
