19
34 78 167 126 161 115 132 16 108 159 1 145 89 95 9 107 36 189 81
0 105457.26723 1616675.9993 1789038.81167 1808822.59068 1836076.68399 1832195.61699 1859630.29021 1892732.98052 1884855.90914 1978195.55575 1915870.09114 1968467.87661 1889523.77517 1966939.57919 4397375.68342 2911095.4316 3605150.39122 1826838.29038 
105457.26723 0 1690849.39867 1705046.47101 1904345.6113 1934627.93721 1930315.64054 1960798.61078 1997579.3778 1988827.07626 1875287.54068 1819194.62253 1866532.62945 1994013.59407 1865157.16178 4302464.14291 3006006.9721 3700061.93172 1924363.05542 
1616675.9993 1690849.39867 0 173675.08306 3130368.98399 3155549.10524 3096859.56549 3140983.53546 3002944.22225 3055901.17234 3233558.49463 3209425.74312 3182498.75313 3022021.50034 3008112.62531 3089666.31568 3137939.19177 3297987.30064 3052979.82133 
1789038.81167 1705046.47101 173675.08306 0 2973639.66035 2996301.76947 3267279.9897 2983192.75667 3162929.60832 3221770.66398 3066510.21993 3044790.74357 3020556.45258 3184126.58397 3168672.27839 3259287.48991 2980452.84735 3124496.14533 3218524.71842 
1808822.59068 1904345.6113 3130368.98399 2973639.66035 0 1129251.43339 3114781.55968 3301607.5928 3512893.75327 3324310.64983 3408316.33178 3351186.21045 3595450.12689 3203982.85717 3398185.95288 5598031.76971 4429419.95924 5131155.23834 3272094.79295 
1836076.68399 1934627.93721 3155549.10524 2996301.76947 1129251.43339 0 3136857.37527 3326136.27678 3543176.07917 3348839.33382 3428923.9301 3378440.30376 3629097.15568 3353040.41324 3609962.01797 5942974.10987 4690871.89145 4915839.66193 3296623.47693 
1832195.61699 1930315.64054 3096859.56549 3267279.9897 3114781.55968 3136857.37527 0 3476733.66601 3182748.97546 3345346.37351 3620184.23038 3718024.58493 3594741.18561 3349547.45294 3788643.21987 3507868.28783 4303371.01487 3609316.05525 3129374.27644 
1859630.29021 1960798.61078 3140983.53546 2983192.75667 3301607.5928 3326136.27678 3476733.66601 0 570895.51833 3370037.57941 3671293.5154 3397950.34321 3445288.35014 3740242.75447 3658786.87478 5918034.70162 4293653.14963 5001013.10282 3503118.7761 
1892732.98052 1997579.3778 3002944.22225 3162929.60832 3512893.75327 3543176.07917 3182748.97546 570895.51833 0 3597375.21822 3701085.93668 3427742.76449 3690277.40431 3584929.76441 3473705.30374 5840037.19795 4768589.71934 4985785.70703 3532911.19738 
1884855.90914 1988827.07626 3055901.17234 3221770.66398 3324310.64983 3348839.33382 3345346.37351 3370037.57941 3597375.21822 0 1773235.65991 3420653.40025 3469823.73514 3396941.71587 3681489.93181 5531010.73922 4757784.4088 4976060.92754 3340524.77956 
1978195.55575 1875287.54068 3233558.49463 3066510.21993 3408316.33178 3428923.9301 3620184.23038 3671293.5154 3701085.93668 1773235.65991 0 3520559.17552 3563163.38175 3533489.61047 3550621.62144 5693217.93886 4393165.0615 4647903.51497 3609827.51509 
1915870.09114 1819194.62253 3209425.74312 3044790.74357 3351186.21045 3378440.30376 3718024.58493 3397950.34321 3427742.76449 3420653.40025 3520559.17552 0 1342360.2513 3646902.46201 3315916.60587 5669182.85292 4526364.82553 5151014.28919 3369201.91015 
1968467.87661 1866532.62945 3182498.75313 3020556.45258 3595450.12689 3629097.15568 3594741.18561 3445288.35014 3690277.40431 3469823.73514 3563163.38175 1342360.2513 0 3173354.34187 3551907.40519 5984881.4346 4264669.75569 4721996.75702 3617691.73146 
1889523.77517 1994013.59407 3022021.50034 3184126.58397 3203982.85717 3353040.41324 3349547.45294 3740242.75447 3584929.76441 3396941.71587 3533489.61047 3646902.46201 3173354.34187 0 3837579.02336 5822799.26546 3833783.53188 3720636.58267 3529498.97633 
1966939.57919 1865157.16178 3008112.62531 3168672.27839 3398185.95288 3609962.01797 3788643.21987 3658786.87478 3473705.30374 3681489.93181 3550621.62144 3315916.60587 3551907.40519 3837579.02336 0 2722779.43808 4263555.62687 4531255.02381 3410568.19547 
4397375.68342 4302464.14291 3089666.31568 3259287.48991 5598031.76971 5942974.10987 3507868.28783 5918034.70162 5840037.19795 5531010.73922 5693217.93886 5669182.85292 5984881.4346 5822799.26546 2722779.43808 0 5604844.95671 5738415.42066 5842916.82777 
2911095.4316 3006006.9721 3137939.19177 2980452.84735 4429419.95924 4690871.89145 4303371.01487 4293653.14963 4768589.71934 4757784.4088 4393165.0615 4526364.82553 4264669.75569 3833783.53188 4263555.62687 5604844.95671 0 771172.17736 4449437.40335 
3605150.39122 3700061.93172 3297987.30064 3124496.14533 5131155.23834 4915839.66193 3609316.05525 5001013.10282 4985785.70703 4976060.92754 4647903.51497 5151014.28919 4721996.75702 3720636.58267 4531255.02381 5738415.42066 771172.17736 0 5158614.00942 
1826838.29038 1924363.05542 3052979.82133 3218524.71842 3272094.79295 3296623.47693 3129374.27644 3503118.7761 3532911.19738 3340524.77956 3609827.51509 3369201.91015 3617691.73146 3529498.97633 3410568.19547 5842916.82777 4449437.40335 5158614.00942 0 
