34
37 15 83 74 21 99 34 89 33 93 9 87 36 24 47 53 14 65 3 17 86 97 85 68 27 18 59 58 80 72 23 45 19 63
0 1019327.2247 1890822.63946 3402223.81373 3211889.41191 3052581.04377 2976643.49956 2685161.6759 2920756.26283 3131408.25845 3253648.84912 3107071.1254 3111479.39881 3267845.82463 3235618.40334 3163888.64862 3464358.5104 3164453.60883 4024573.23549 3407911.14132 3124743.73751 3187152.52312 3242823.16097 1800764.20531 3264060.40636 3292808.82154 3308554.84691 3171180.2286 2968079.96662 3305637.67149 3007400.69143 3100472.03168 3090646.13685 286314.86179 
1019327.2247 0 1765138.45184 3388115.41131 3210851.43837 3224241.12271 3131137.5706 3420415.90164 2907491.14643 2214013.75623 3365649.01787 3469644.97376 3591526.9934 3261212.20982 3232207.53065 3347916.2392 3490387.43658 3213861.53256 4410101.81273 3298626.41866 3132420.33141 3373764.98865 3304699.32321 1861200.01966 3257805.33337 3298009.37587 3297850.32987 3174213.17339 3130351.03698 3505415.1535 3174040.73121 2425641.6994 3469996.38632 1175077.87784 
1890822.63946 1765138.45184 0 1648310.46112 1802474.25746 1817351.6845 1864937.07622 1818346.45079 1769102.03072 1788297.42581 1723019.49849 1884623.39021 1890065.70307 1858430.67018 1826203.24889 1754473.49417 1737431.64428 1805818.80656 2874521.912 1697205.37016 1715328.58306 1777737.36867 1715578.26978 100064.92683 1854645.25191 1742733.20984 1899139.69246 1761765.07415 1713029.36703 1896222.51704 1761573.47173 1792913.52681 1864345.62657 1633139.26385 
3402223.81373 3388115.41131 1648310.46112 0 211482.66868 540331.55652 715618.96104 2838592.83233 3016365.82879 3259806.23359 3217343.42818 3491314.32175 3503723.32698 3326624.26301 3127062.33901 3075259.02118 3205625.23712 3274012.3994 3789224.90058 3196433.98423 3027275.13977 3250302.18216 3212307.59299 1731391.14109 3152660.14173 3051939.30387 3034705.63462 3250872.8031 3025205.84534 3364416.10987 3068895.53957 3261107.11964 3161582.31382 3144540.43812 
3211889.41191 3210851.43837 1802474.25746 211482.66868 0 676632.80269 905953.36285 2726202.27141 2915214.32396 3410524.25753 3363343.36263 3320013.36012 3323285.96448 3309428.97531 3004690.50692 3205471.7993 3188429.94941 3084822.56332 3998767.22086 3340110.64713 3166326.88819 3399964.20039 3357747.9902 1712285.26586 3305643.55704 2937079.77529 3160412.4809 3414768.73634 3164027.67216 3218308.9007 3278889.13187 3471081.8985 3322534.83577 3282451.15145 
3052581.04377 3224241.12271 1817351.6845 540331.55652 676632.80269 0 254800.62241 2769960.26969 2954596.52241 3245084.19928 3186334.06469 3160704.99198 3353114.7241 3139488.88875 3113384.67751 3217522.5152 3396778.1808 3268867.8276 3475546.10837 3163101.34919 3369490.4509 3240786.38971 3178627.29081 1725674.9502 3136422.69995 3403323.32346 3362188.7135 3224814.09518 3176078.38807 3359271.53807 3426582.90604 3180124.86231 3144280.00343 3105441.85351 
2976643.49956 3131137.5706 1864937.07622 715618.96104 905953.36285 254800.62241 0 2685160.4789 2878276.7107 3378282.81611 3426278.76843 3398992.94595 3203657.43269 3178033.05604 3031366.76992 3437735.00115 3239024.83261 3307411.99489 3357312.0577 3076111.77444 3216921.77139 3463583.7506 3408342.87339 1768501.80274 3356238.44023 3292311.55128 3255290.40231 3131653.24583 3214622.55536 3397815.70536 3313245.1756 3278671.44683 3059172.56325 3024218.22833 
2685161.6759 3420415.90164 1818346.45079 2838592.83233 2726202.27141 2769960.26969 2685160.4789 0 512924.75521 2537554.02429 2823151.39585 2654846.60046 2786858.41302 2906847.32042 2869404.16587 2684861.72216 2692432.35164 2789237.62989 2626050.22709 2737307.53754 2876494.02593 2762693.70228 2768991.14054 1726570.23986 2853784.46943 2779771.83312 2666940.13822 2854998.53786 2699270.58966 2704448.38897 2638297.73089 2651517.19795 1980481.70811 2798993.57446 
2920756.26283 2907491.14643 1769102.03072 3016365.82879 2915214.32396 2954596.52241 2878276.7107 512924.75521 0 2024629.26908 2785810.87743 2850994.2201 3022452.99995 3142441.90735 3104998.7528 2878007.82963 2928026.93857 2971946.14659 2854352.72114 2925209.06348 2829018.4078 2998288.28921 2953724.30618 1865603.99619 2810623.66704 2963426.9295 2861878.40408 3090593.12479 2934865.17659 2940042.9759 2836100.23749 2847997.75784 2216076.29504 3034588.16139 
3131408.25845 2214013.75623 1788297.42581 3259806.23359 3410524.25753 3245084.19928 3378282.81611 2537554.02429 2024629.26908 0 1279594.73516 1654651.42145 1776571.792 2403589.56568 3448459.04324 3461298.8524 2607525.55923 3234704.60914 4188405.79287 3469533.2727 3165238.67147 3559457.91243 3153488.12603 1886932.21296 3278648.40994 3177927.57208 3318693.40645 3376861.07131 3151194.11356 3526258.23008 3376648.17973 3401094.08433 3287378.74714 3389091.6340699997 
3253648.84912 3365649.01787 1723019.49849 3217343.42818 3363343.36263 3186334.06469 3426278.76843 2823151.39585 2785810.87743 1279594.73516 0 558906.84423 694373.92262 1251954.30404 2749822.81176 3129743.69339 3291073.79243 3367059.52829 4138978.19441 3078202.38178 3094513.2734 3150681.18045 3222965.89863 1814401.18261 3421311.13423 3445164.59665 2977135.70203 3318110.93673 3092443.97897 3257317.81397 3317898.04514 3352720.32857 3432089.3283 3020542.8861 
3107071.1254 3469644.97376 1884623.39021 3491314.32175 3320013.36012 3160704.99198 3398992.94595 2654846.60046 2850994.2201 1654651.42145 558906.84423 0 1127952.69017 1754970.46385 3252838.97156 3472307.58327 3254970.74694 3151363.36085 4531406.06054 3431387.4613 3423980.53252 3295276.47133 3233117.37244 1786219.48534 3372184.35456 3400950.49495 3480151.86184 3279304.17681 3421141.99421 3224590.36633 3279112.57439 3498163.83112 3198770.08506 3165986.38865 
3111479.39881 3591526.9934 1890065.70307 3503723.32698 3323285.96448 3353114.7241 3203657.43269 2786858.41302 3022452.99995 1776571.792 694373.92262 1127952.69017 0 1876890.8344 3374759.34211 3460350.76531 3441415.37655 3155771.63426 4068470.4404 3228543.9659 3237275.95914 3299684.74475 3428697.06114 1791117.56691 3195321.05499 3462221.6785 3241865.00915 3283712.45022 3234976.7431 3418169.89311 3485481.26108 3493972.65957 3203178.35847 3170884.47022 
3267845.82463 3261212.20982 1858430.67018 3326624.26301 3309428.97531 3139488.88875 3178033.05604 2906847.32042 3142441.90735 2403589.56568 1251954.30404 1754970.46385 1876890.8344 0 1664298.3419 3251613.74791 3415745.44617 3302141.80599 4092398.56364 3402284.43904 3211651.5825 3272551.23497 3211901.26921 1762646.03731 3115564.48975 2749579.91391 1916868.21999 2516141.8009 3209352.36646 3203374.26311 3257896.47116 3286209.77729 3350498.66708 3344624.94336 
3235618.40334 3232207.53065 1826203.24889 3127062.33901 3004690.50692 3113384.67751 3031366.76992 2869404.16587 3104998.7528 3448459.04324 2749822.81176 3252838.97156 3374759.34211 1664298.3419 0 2679895.85768 3533669.15086 3104043.04638 3801456.49819 3366476.19316 3187378.64876 3438954.99182 3383011.80282 1733641.35814 3143592.4671 3389829.79618 3223049.9057 3229171.49074 3380717.79034 3353137.64427 3228999.04855 3257205.09813 3151449.77058 3308816.69748 
3163888.64862 3347916.2392 1754473.49417 3075259.02118 3205471.7993 3217522.5152 3437735.00115 2684861.72216 2878007.82963 3461298.8524 3129743.69339 3472307.58327 3460350.76531 3251613.74791 2679895.85768 0 948636.99241 2443552.80642 2273412.10834 3450728.65018 3028609.85295 3352093.99455 3295100.86131 1849350.06669 3449619.73034 3470642.33315 3473496.31834 3164614.71149 1312791.92234 1637135.22928 3346206.64126 3192648.31888 3256937.20867 3229116.97001 
3464358.5104 3490387.43658 1737431.64428 3205625.23712 3188429.94941 3396778.1808 3239024.83261 2692432.35164 2928026.93857 2607525.55923 3291073.79243 3254970.74694 3441415.37655 3415745.44617 3533669.15086 948636.99241 0 1766421.68139 2875668.97778 3091173.313 3107484.20461 3163652.11166 3107708.92266 1830414.67793 3434282.06544 3456838.43474 3446657.3675 3331081.86794 2035286.02328 2490908.52245 3330868.97636 3353978.41791 3421660.40256 3210181.58125 
3164453.60883 3213861.53256 1805818.80656 3274012.3994 3084822.56332 3268867.8276 3307411.99489 2789237.62989 2971946.14659 3234704.60914 3367059.52829 3151363.36085 3155771.63426 3302141.80599 3104043.04638 2443552.80642 1766421.68139 0 1428766.0717 2463206.00637 2625580.45308 3336323.56119 3341280.20805 1715295.36005 3280223.16772 2914238.59188 3163121.56567 3210825.49264 3166963.35624 3160758.65358 3210653.05046 3238859.10003 3306932.92067 3286167.31711 
4024573.23549 4410101.81273 2874521.912 3789224.90058 3998767.22086 3475546.10837 3357312.0577 2626050.22709 2854352.72114 4188405.79287 4138978.19441 4531406.06054 4068470.4404 4092398.56364 3801456.49819 2273412.10834 2875668.97778 1428766.0717 0 1308129.49093 1488545.54283 2050434.09666 2437786.93288 2784463.47785 3890981.32966 3916663.0598 4090356.04256 3979082.60173 3186788.11139 3642410.61056 3978927.40377 4577267.62258 3976687.19847 3879799.28755 
3407911.14132 3298626.41866 1697205.37016 3196433.98423 3340110.64713 3163101.34919 3076111.77444 2737307.53754 2925209.06348 3469533.2727 3078202.38178 3431387.4613 3228543.9659 3402284.43904 3366476.19316 3450728.65018 3091173.313 2463206.00637 1308129.49093 0 2517007.53039 3227750.6385 3243559.5497 1785718.81779 3398078.41873 3424255.1527 3236710.55636 3113073.39988 3240727.43554 3234085.09847 3112900.9577 3329487.61307 3408856.6128 3150227.76571 
3124743.73751 3132420.33141 1715328.58306 3027275.13977 3166326.88819 3369490.4509 3216921.77139 2876494.02593 2829018.4078 3165238.67147 3094513.2734 3423980.53252 3237275.95914 3211651.5825 3187378.64876 3028609.85295 3107484.20461 2625580.45308 1488545.54283 2517007.53039 0 789714.56457 1098095.94433 1805855.72102 3493320.72893 3290042.59694 3425023.01009 3129384.29149 2052330.13649 2302719.62201 3310976.22126 3157417.89889 3221706.78867 3185622.62434 
3187152.52312 3373764.98865 1777737.36867 3250302.18216 3399964.20039 3240786.38971 3463583.7506 2762693.70228 2998288.28921 3559457.91243 3150681.18045 3295276.47133 3299684.74475 3272551.23497 3438954.99182 3352093.99455 3163652.11166 3336323.56119 2050434.09666 3227750.6385 789714.56457 0 430392.04025 1875198.81614 3091752.91202 3148562.19666 3309189.35502 3367357.01989 2557840.23095 3013462.73012 3185379.75636 3390534.02719 3481335.41147 3254965.71946 
3242823.16097 3304699.32321 1715578.26978 3212307.59299 3357747.9902 3178627.29081 3408342.87339 2768991.14054 2953724.30618 3153488.12603 3222965.89863 3233117.37244 3428697.06114 3211901.26921 3383011.80282 3295100.86131 3107708.92266 3341280.20805 2437786.93288 3243559.5497 1098095.94433 430392.04025 0 1806133.1507 3169930.45704 3112480.33166 3244875.57726 3311413.83089 2945193.06717 3060734.00971 3129436.56736 3329696.89069 3399807.02806 3316821.98374 
1800764.20531 1861200.01966 100064.92683 1731391.14109 1712285.26586 1725674.9502 1768501.80274 1726570.23986 1865603.99619 1886932.21296 1814401.18261 1786219.48534 1791117.56691 1762646.03731 1733641.35814 1849350.06669 1830414.67793 1715295.36005 2784463.47785 1785718.81779 1805855.72102 1875198.81614 1806133.1507 0 1759239.16086 1836305.30633 1799284.15736 1857451.82223 1803301.03654 1796658.69948 1857238.93065 1892061.21407 1767969.49806 1714534.25522 
3264060.40636 3257805.33337 1854645.25191 3152660.14173 3305643.55704 3136422.69995 3356238.44023 2853784.46943 2810623.66704 3278648.40994 3421311.13423 3372184.35456 3195321.05499 3115564.48975 3143592.4671 3449619.73034 3434282.06544 3280223.16772 3890981.32966 3398078.41873 3493320.72893 3091752.91202 3169930.45704 1759239.16086 0 406649.52871 1390383.09176 2181343.49468 3412320.01592 3381579.64729 3254596.85127 3484215.75972 3174487.79303 3340418.92305 
3292808.82154 3298009.37587 1742733.20984 3051939.30387 2937079.77529 3403323.32346 3292311.55128 2779771.83312 2963426.9295 3177927.57208 3445164.59665 3400950.49495 3462221.6785 2749579.91391 3389829.79618 3470642.33315 3456838.43474 2914238.59188 3916663.0598 3424255.1527 3290042.59694 3148562.19666 3112480.33166 1836305.30633 406649.52871 0 1138220.57325 1815358.91884 3287973.30251 3269667.60523 3153876.01341 3501778.75958 3223023.58956 3372361.60658 
3308554.84691 3297850.32987 1899139.69246 3034705.63462 3160412.4809 3362188.7135 3255290.40231 2666940.13822 2861878.40408 3318693.40645 2977135.70203 3480151.86184 3241865.00915 1916868.21999 3223049.9057 3473496.31834 3446657.3675 3163121.56567 4090356.04256 3236710.55636 3425023.01009 3309189.35502 3244875.57726 1799284.15736 1390383.09176 1138220.57325 0 878844.89213 3242326.67451 3236348.57116 3492831.19248 3322847.89735 3393642.93405 3389857.19034 
3171180.2286 3174213.17339 1761765.07415 3250872.8031 3414768.73634 3224814.09518 3131653.24583 2854998.53786 3090593.12479 3376861.07131 3318110.93673 3279304.17681 3283712.45022 2516141.8009 3229171.49074 3164614.71149 3331081.86794 3210825.49264 3979082.60173 3113073.39988 3129384.29149 3367357.01989 3311413.83089 1857451.82223 2181343.49468 1815358.91884 878844.89213 0 3309119.81841 3473993.65342 3171004.69129 3199210.74086 3445304.452 3237218.72555 
2968079.96662 3130351.03698 1713029.36703 3025205.84534 3164027.67216 3176078.38807 3214622.55536 2699270.58966 2934865.17659 3151194.11356 3092443.97897 3421141.99421 3234976.7431 3209352.36646 3380717.79034 1312791.92234 2035286.02328 3166963.35624 3186788.11139 3240727.43554 2052330.13649 2557840.23095 2945193.06717 1803301.03654 3412320.01592 3287973.30251 3242326.67451 3309119.81841 0 506247.2213 3127142.55488 3155348.60446 3214143.48114 3011551.76779 
3305637.67149 3505415.1535 1896222.51704 3364416.10987 3218308.9007 3359271.53807 3397815.70536 2704448.38897 2940042.9759 3526258.23008 3257317.81397 3224590.36633 3418169.89311 3203374.26311 3353137.64427 1637135.22928 2490908.52245 3160758.65358 3642410.61056 3234085.09847 2302719.62201 3013462.73012 3060734.00971 1796658.69948 3381579.64729 3269667.60523 3236348.57116 3473993.65342 506247.2213 0 3288507.86711 3320222.43946 3208165.37778 3386615.88431 
3007400.69143 3174040.73121 1761573.47173 3068895.53957 3278889.13187 3426582.90604 3313245.1756 2638297.73089 2836100.23749 3376648.17973 3317898.04514 3279112.57439 3485481.26108 3257896.47116 3228999.04855 3346206.64126 3330868.97636 3210653.05046 3978927.40377 3112900.9577 3310976.22126 3185379.75636 3129436.56736 1857238.93065 3254596.85127 3153876.01341 3492831.19248 3171004.69129 3127142.55488 3288507.86711 0 2383030.69359 3445091.56042 3055241.46202 
3100472.03168 2425641.6994 1792913.52681 3261107.11964 3471081.8985 3180124.86231 3278671.44683 2651517.19795 2847997.75784 3401094.08433 3352720.32857 3498163.83112 3493972.65957 3286209.77729 3257205.09813 3192648.31888 3353978.41791 3238859.10003 4577267.62258 3329487.61307 3157417.89889 3390534.02719 3329696.89069 1892061.21407 3484215.75972 3501778.75958 3322847.89735 3199210.74086 3155348.60446 3320222.43946 2383030.69359 0 3494993.95379 3358155.4073 
3090646.13685 3469996.38632 1864345.62657 3161582.31382 3322534.83577 3144280.00343 3059172.56325 1980481.70811 2216076.29504 3287378.74714 3432089.3283 3198770.08506 3203178.35847 3350498.66708 3151449.77058 3256937.20867 3421660.40256 3306932.92067 3976687.19847 3408856.6128 3221706.78867 3481335.41147 3399807.02806 1767969.49806 3174487.79303 3223023.58956 3393642.93405 3445304.452 3214143.48114 3208165.37778 3445091.56042 3494993.95379 0 3147736.40138 
286314.86179 1175077.87784 1633139.26385 3144540.43812 3282451.15145 3105441.85351 3024218.22833 2798993.57446 3034588.16139 3389091.6340699997 3020542.8861 3165986.38865 3170884.47022 3344624.94336 3308816.69748 3229116.97001 3210181.58125 3286167.31711 3879799.28755 3150227.76571 3185622.62434 3254965.71946 3316821.98374 1714534.25522 3340418.92305 3372361.60658 3389857.19034 3237218.72555 3011551.76779 3386615.88431 3055241.46202 3358155.4073 3147736.40138 0 
