64
50 24 23 4 3 7 6 32 35 34 8 38 37 36 39 43 42 41 14 29 51 52 53 54 55 56 57 58 59 60 61 62 63 64 66 67 68 69 71 72 73 74 76 77 79 82 84 87 88 90 91 93 95 96 98 99 102 103 104 107 108 111 113 10
0 101.0 111.0 102.0 112.0 331.0 334.0 335.0 338.0 335.0 334.0 337.0 334.0 335.0 338.0 335.0 334.0 331.0 302.0 322.0 136.0 273.0 394.0 539.0 648.0 754.0 886.0 1033.0 1164.0 1292.0 1411.0 1514.0 1615.0 1738.0 1988.0 2108.0 2214.0 2355.0 2601.0 2749.0 2896.0 3014.0 3225.0 3355.0 3587.0 3363.0 3129.0 2798.0 2666.0 2417.0 2301.0 2058.0 1802.0 1673.0 1443.0 1319.0 938.0 826.0 710.0 411.0 410.0 393.0 380.0 1.0 
101.0 0 10.0 201.0 211.0 230.0 233.0 234.0 237.0 234.0 233.0 236.0 233.0 234.0 237.0 234.0 233.0 230.0 201.0 221.0 237.0 374.0 495.0 640.0 749.0 855.0 987.0 1134.0 1265.0 1393.0 1512.0 1615.0 1716.0 1839.0 2089.0 2209.0 2315.0 2456.0 2702.0 2850.0 2997.0 3115.0 3326.0 3456.0 3688.0 3464.0 3230.0 2899.0 2767.0 2518.0 2402.0 2159.0 1903.0 1774.0 1544.0 1420.0 1039.0 927.0 811.0 512.0 511.0 494.0 481.0 100.0 
111.0 10.0 0 211.0 221.0 240.0 243.0 244.0 247.0 244.0 243.0 246.0 243.0 244.0 247.0 244.0 243.0 240.0 211.0 231.0 247.0 384.0 505.0 650.0 759.0 865.0 997.0 1144.0 1275.0 1403.0 1522.0 1625.0 1726.0 1849.0 2099.0 2219.0 2325.0 2466.0 2712.0 2860.0 3007.0 3125.0 3336.0 3466.0 3698.0 3474.0 3240.0 2909.0 2777.0 2528.0 2412.0 2169.0 1913.0 1784.0 1554.0 1430.0 1049.0 937.0 821.0 522.0 521.0 504.0 491.0 110.0 
102.0 201.0 211.0 0 10.0 230.0 233.0 234.0 237.0 234.0 233.0 236.0 233.0 234.0 237.0 234.0 233.0 230.0 299.0 319.0 238.0 375.0 496.0 641.0 750.0 856.0 988.0 1135.0 1266.0 1394.0 1513.0 1616.0 1717.0 1840.0 2090.0 2210.0 2316.0 2457.0 2703.0 2851.0 2998.0 3116.0 3327.0 3457.0 3689.0 3465.0 3231.0 2900.0 2768.0 2519.0 2403.0 2160.0 1904.0 1775.0 1545.0 1421.0 1040.0 928.0 812.0 513.0 512.0 495.0 482.0 101.0 
112.0 211.0 221.0 10.0 0 240.0 243.0 244.0 247.0 244.0 243.0 246.0 243.0 244.0 247.0 244.0 243.0 240.0 309.0 329.0 248.0 385.0 506.0 651.0 760.0 866.0 998.0 1145.0 1276.0 1404.0 1523.0 1626.0 1727.0 1850.0 2100.0 2220.0 2326.0 2467.0 2713.0 2861.0 3008.0 3126.0 3337.0 3467.0 3699.0 3475.0 3241.0 2910.0 2778.0 2529.0 2413.0 2170.0 1914.0 1785.0 1555.0 1431.0 1050.0 938.0 822.0 523.0 522.0 505.0 492.0 111.0 
331.0 230.0 240.0 230.0 240.0 0 3.0 4.0 7.0 4.0 3.0 6.0 3.0 6.0 7.0 8.0 7.0 4.0 130.0 150.0 467.0 604.0 725.0 870.0 979.0 1085.0 1217.0 1364.0 1495.0 1623.0 1742.0 1845.0 1946.0 2069.0 2319.0 2439.0 2545.0 2686.0 2932.0 3080.0 3227.0 3345.0 3556.0 3686.0 3918.0 3694.0 3460.0 3129.0 2997.0 2748.0 2632.0 2389.0 2133.0 2004.0 1774.0 1650.0 1269.0 1157.0 1041.0 742.0 741.0 724.0 711.0 330.0 
334.0 233.0 243.0 233.0 243.0 3.0 0 3.0 4.0 7.0 4.0 7.0 6.0 3.0 4.0 7.0 10.0 7.0 133.0 153.0 470.0 607.0 728.0 873.0 982.0 1088.0 1220.0 1367.0 1498.0 1626.0 1745.0 1848.0 1949.0 2072.0 2322.0 2442.0 2548.0 2689.0 2935.0 3083.0 3230.0 3348.0 3559.0 3689.0 3921.0 3697.0 3463.0 3132.0 3000.0 2751.0 2635.0 2392.0 2136.0 2007.0 1777.0 1653.0 1272.0 1160.0 1044.0 745.0 744.0 727.0 714.0 333.0 
335.0 234.0 244.0 234.0 244.0 4.0 3.0 0 3.0 4.0 7.0 10.0 7.0 4.0 7.0 4.0 7.0 4.0 134.0 154.0 471.0 608.0 729.0 874.0 983.0 1089.0 1221.0 1368.0 1499.0 1627.0 1746.0 1849.0 1950.0 2073.0 2323.0 2443.0 2549.0 2690.0 2936.0 3084.0 3231.0 3349.0 3560.0 3690.0 3922.0 3698.0 3464.0 3133.0 3001.0 2752.0 2636.0 2393.0 2137.0 2008.0 1778.0 1654.0 1273.0 1161.0 1045.0 746.0 745.0 728.0 715.0 334.0 
338.0 237.0 247.0 237.0 247.0 7.0 4.0 3.0 0 3.0 4.0 7.0 10.0 7.0 4.0 3.0 6.0 7.0 137.0 157.0 474.0 611.0 732.0 877.0 986.0 1092.0 1224.0 1371.0 1502.0 1630.0 1749.0 1852.0 1953.0 2076.0 2326.0 2446.0 2552.0 2693.0 2939.0 3087.0 3234.0 3352.0 3563.0 3693.0 3925.0 3701.0 3467.0 3136.0 3004.0 2755.0 2639.0 2396.0 2140.0 2011.0 1781.0 1657.0 1276.0 1164.0 1048.0 749.0 748.0 731.0 718.0 337.0 
335.0 234.0 244.0 234.0 244.0 4.0 7.0 4.0 3.0 0 3.0 6.0 7.0 8.0 7.0 6.0 3.0 4.0 134.0 154.0 471.0 608.0 729.0 874.0 983.0 1089.0 1221.0 1368.0 1499.0 1627.0 1746.0 1849.0 1950.0 2073.0 2323.0 2443.0 2549.0 2690.0 2936.0 3084.0 3231.0 3349.0 3560.0 3690.0 3922.0 3698.0 3464.0 3133.0 3001.0 2752.0 2636.0 2393.0 2137.0 2008.0 1778.0 1654.0 1273.0 1161.0 1045.0 746.0 745.0 728.0 715.0 334.0 
334.0 233.0 243.0 233.0 243.0 3.0 4.0 7.0 4.0 3.0 0 3.0 6.0 7.0 4.0 7.0 6.0 7.0 133.0 153.0 470.0 607.0 728.0 873.0 982.0 1088.0 1220.0 1367.0 1498.0 1626.0 1745.0 1848.0 1949.0 2072.0 2322.0 2442.0 2548.0 2689.0 2935.0 3083.0 3230.0 3348.0 3559.0 3689.0 3921.0 3697.0 3463.0 3132.0 3000.0 2751.0 2635.0 2392.0 2136.0 2007.0 1777.0 1653.0 1272.0 1160.0 1044.0 745.0 744.0 727.0 714.0 333.0 
337.0 236.0 246.0 236.0 246.0 6.0 7.0 10.0 7.0 6.0 3.0 0 3.0 6.0 3.0 6.0 3.0 6.0 136.0 156.0 473.0 610.0 731.0 876.0 985.0 1091.0 1223.0 1370.0 1501.0 1629.0 1748.0 1851.0 1952.0 2075.0 2325.0 2445.0 2551.0 2692.0 2938.0 3086.0 3233.0 3351.0 3562.0 3692.0 3924.0 3700.0 3466.0 3135.0 3003.0 2754.0 2638.0 2395.0 2139.0 2010.0 1780.0 1656.0 1275.0 1163.0 1047.0 748.0 747.0 730.0 717.0 336.0 
334.0 233.0 243.0 233.0 243.0 3.0 6.0 7.0 10.0 7.0 6.0 3.0 0 3.0 6.0 7.0 6.0 3.0 133.0 153.0 470.0 607.0 728.0 873.0 982.0 1088.0 1220.0 1367.0 1498.0 1626.0 1745.0 1848.0 1949.0 2072.0 2322.0 2442.0 2548.0 2689.0 2935.0 3083.0 3230.0 3348.0 3559.0 3689.0 3921.0 3697.0 3463.0 3132.0 3000.0 2751.0 2635.0 2392.0 2136.0 2007.0 1777.0 1653.0 1272.0 1160.0 1044.0 745.0 744.0 727.0 714.0 333.0 
335.0 234.0 244.0 234.0 244.0 6.0 3.0 4.0 7.0 8.0 7.0 6.0 3.0 0 3.0 4.0 7.0 4.0 134.0 154.0 471.0 608.0 729.0 874.0 983.0 1089.0 1221.0 1368.0 1499.0 1627.0 1746.0 1849.0 1950.0 2073.0 2323.0 2443.0 2549.0 2690.0 2936.0 3084.0 3231.0 3349.0 3560.0 3690.0 3922.0 3698.0 3464.0 3133.0 3001.0 2752.0 2636.0 2393.0 2137.0 2008.0 1778.0 1654.0 1273.0 1161.0 1045.0 746.0 745.0 728.0 715.0 334.0 
338.0 237.0 247.0 237.0 247.0 7.0 4.0 7.0 4.0 7.0 4.0 3.0 6.0 3.0 0 3.0 6.0 7.0 137.0 157.0 474.0 611.0 732.0 877.0 986.0 1092.0 1224.0 1371.0 1502.0 1630.0 1749.0 1852.0 1953.0 2076.0 2326.0 2446.0 2552.0 2693.0 2939.0 3087.0 3234.0 3352.0 3563.0 3693.0 3925.0 3701.0 3467.0 3136.0 3004.0 2755.0 2639.0 2396.0 2140.0 2011.0 1781.0 1657.0 1276.0 1164.0 1048.0 749.0 748.0 731.0 718.0 337.0 
335.0 234.0 244.0 234.0 244.0 8.0 7.0 4.0 3.0 6.0 7.0 6.0 7.0 4.0 3.0 0 3.0 4.0 134.0 154.0 471.0 608.0 729.0 874.0 983.0 1089.0 1221.0 1368.0 1499.0 1627.0 1746.0 1849.0 1950.0 2073.0 2323.0 2443.0 2549.0 2690.0 2936.0 3084.0 3231.0 3349.0 3560.0 3690.0 3922.0 3698.0 3464.0 3133.0 3001.0 2752.0 2636.0 2393.0 2137.0 2008.0 1778.0 1654.0 1273.0 1161.0 1045.0 746.0 745.0 728.0 715.0 334.0 
334.0 233.0 243.0 233.0 243.0 7.0 10.0 7.0 6.0 3.0 6.0 3.0 6.0 7.0 6.0 3.0 0 3.0 133.0 153.0 470.0 607.0 728.0 873.0 982.0 1088.0 1220.0 1367.0 1498.0 1626.0 1745.0 1848.0 1949.0 2072.0 2322.0 2442.0 2548.0 2689.0 2935.0 3083.0 3230.0 3348.0 3559.0 3689.0 3921.0 3697.0 3463.0 3132.0 3000.0 2751.0 2635.0 2392.0 2136.0 2007.0 1777.0 1653.0 1272.0 1160.0 1044.0 745.0 744.0 727.0 714.0 333.0 
331.0 230.0 240.0 230.0 240.0 4.0 7.0 4.0 7.0 4.0 7.0 6.0 3.0 4.0 7.0 4.0 3.0 0 130.0 150.0 467.0 604.0 725.0 870.0 979.0 1085.0 1217.0 1364.0 1495.0 1623.0 1742.0 1845.0 1946.0 2069.0 2319.0 2439.0 2545.0 2686.0 2932.0 3080.0 3227.0 3345.0 3556.0 3686.0 3918.0 3694.0 3460.0 3129.0 2997.0 2748.0 2632.0 2389.0 2133.0 2004.0 1774.0 1650.0 1269.0 1157.0 1041.0 742.0 741.0 724.0 711.0 330.0 
302.0 201.0 211.0 299.0 309.0 130.0 133.0 134.0 137.0 134.0 133.0 136.0 133.0 134.0 137.0 134.0 133.0 130.0 0 20.0 438.0 575.0 696.0 841.0 950.0 1056.0 1188.0 1335.0 1466.0 1594.0 1713.0 1816.0 1917.0 2040.0 2290.0 2410.0 2516.0 2657.0 2903.0 3051.0 3198.0 3316.0 3527.0 3657.0 3889.0 3665.0 3431.0 3100.0 2968.0 2719.0 2603.0 2360.0 2104.0 1975.0 1745.0 1621.0 1240.0 1128.0 1012.0 713.0 712.0 695.0 682.0 301.0 
322.0 221.0 231.0 319.0 329.0 150.0 153.0 154.0 157.0 154.0 153.0 156.0 153.0 154.0 157.0 154.0 153.0 150.0 20.0 0 458.0 595.0 716.0 861.0 970.0 1076.0 1208.0 1355.0 1486.0 1614.0 1733.0 1836.0 1937.0 2060.0 2310.0 2430.0 2536.0 2677.0 2923.0 3071.0 3218.0 3336.0 3547.0 3677.0 3909.0 3685.0 3451.0 3120.0 2988.0 2739.0 2623.0 2380.0 2124.0 1995.0 1765.0 1641.0 1260.0 1148.0 1032.0 733.0 732.0 715.0 702.0 321.0 
136.0 237.0 247.0 238.0 248.0 467.0 470.0 471.0 474.0 471.0 470.0 473.0 470.0 471.0 474.0 471.0 470.0 467.0 438.0 458.0 0 137.0 258.0 403.0 512.0 618.0 750.0 897.0 1028.0 1156.0 1275.0 1378.0 1479.0 1602.0 1852.0 1972.0 2078.0 2219.0 2465.0 2613.0 2760.0 2878.0 3089.0 3219.0 3451.0 3499.0 3265.0 2934.0 2802.0 2553.0 2437.0 2194.0 1938.0 1809.0 1579.0 1455.0 1074.0 962.0 846.0 547.0 546.0 529.0 516.0 137.0 
273.0 374.0 384.0 375.0 385.0 604.0 607.0 608.0 611.0 608.0 607.0 610.0 607.0 608.0 611.0 608.0 607.0 604.0 575.0 595.0 137.0 0 121.0 266.0 375.0 481.0 613.0 760.0 891.0 1019.0 1138.0 1241.0 1342.0 1465.0 1715.0 1835.0 1941.0 2082.0 2328.0 2476.0 2623.0 2741.0 2952.0 3082.0 3314.0 3636.0 3402.0 3071.0 2939.0 2690.0 2574.0 2331.0 2075.0 1946.0 1716.0 1592.0 1211.0 1099.0 983.0 684.0 683.0 666.0 653.0 274.0 
394.0 495.0 505.0 496.0 506.0 725.0 728.0 729.0 732.0 729.0 728.0 731.0 728.0 729.0 732.0 729.0 728.0 725.0 696.0 716.0 258.0 121.0 0 145.0 254.0 360.0 492.0 639.0 770.0 898.0 1017.0 1120.0 1221.0 1344.0 1594.0 1714.0 1820.0 1961.0 2207.0 2355.0 2502.0 2620.0 2831.0 2961.0 3193.0 3573.0 3523.0 3192.0 3060.0 2811.0 2695.0 2452.0 2196.0 2067.0 1837.0 1713.0 1332.0 1220.0 1104.0 805.0 804.0 787.0 774.0 395.0 
539.0 640.0 650.0 641.0 651.0 870.0 873.0 874.0 877.0 874.0 873.0 876.0 873.0 874.0 877.0 874.0 873.0 870.0 841.0 861.0 403.0 266.0 145.0 0 109.0 215.0 347.0 494.0 625.0 753.0 872.0 975.0 1076.0 1199.0 1449.0 1569.0 1675.0 1816.0 2062.0 2210.0 2357.0 2475.0 2686.0 2816.0 3048.0 3428.0 3662.0 3337.0 3205.0 2956.0 2840.0 2597.0 2341.0 2212.0 1982.0 1858.0 1477.0 1365.0 1249.0 950.0 949.0 932.0 919.0 540.0 
648.0 749.0 759.0 750.0 760.0 979.0 982.0 983.0 986.0 983.0 982.0 985.0 982.0 983.0 986.0 983.0 982.0 979.0 950.0 970.0 512.0 375.0 254.0 109.0 0 106.0 238.0 385.0 516.0 644.0 763.0 866.0 967.0 1090.0 1340.0 1460.0 1566.0 1707.0 1953.0 2101.0 2248.0 2366.0 2577.0 2707.0 2939.0 3319.0 3553.0 3446.0 3314.0 3065.0 2949.0 2706.0 2450.0 2321.0 2091.0 1967.0 1586.0 1474.0 1358.0 1059.0 1058.0 1041.0 1028.0 649.0 
754.0 855.0 865.0 856.0 866.0 1085.0 1088.0 1089.0 1092.0 1089.0 1088.0 1091.0 1088.0 1089.0 1092.0 1089.0 1088.0 1085.0 1056.0 1076.0 618.0 481.0 360.0 215.0 106.0 0 132.0 279.0 410.0 538.0 657.0 760.0 861.0 984.0 1234.0 1354.0 1460.0 1601.0 1847.0 1995.0 2142.0 2260.0 2471.0 2601.0 2833.0 3213.0 3447.0 3552.0 3420.0 3171.0 3055.0 2812.0 2556.0 2427.0 2197.0 2073.0 1692.0 1580.0 1464.0 1165.0 1164.0 1147.0 1134.0 755.0 
886.0 987.0 997.0 988.0 998.0 1217.0 1220.0 1221.0 1224.0 1221.0 1220.0 1223.0 1220.0 1221.0 1224.0 1221.0 1220.0 1217.0 1188.0 1208.0 750.0 613.0 492.0 347.0 238.0 132.0 0 147.0 278.0 406.0 525.0 628.0 729.0 852.0 1102.0 1222.0 1328.0 1469.0 1715.0 1863.0 2010.0 2128.0 2339.0 2469.0 2701.0 3081.0 3315.0 3646.0 3552.0 3303.0 3187.0 2944.0 2688.0 2559.0 2329.0 2205.0 1824.0 1712.0 1596.0 1297.0 1296.0 1279.0 1266.0 887.0 
1033.0 1134.0 1144.0 1135.0 1145.0 1364.0 1367.0 1368.0 1371.0 1368.0 1367.0 1370.0 1367.0 1368.0 1371.0 1368.0 1367.0 1364.0 1335.0 1355.0 897.0 760.0 639.0 494.0 385.0 279.0 147.0 0 131.0 259.0 378.0 481.0 582.0 705.0 955.0 1075.0 1181.0 1322.0 1568.0 1716.0 1863.0 1981.0 2192.0 2322.0 2554.0 2934.0 3168.0 3499.0 3631.0 3450.0 3334.0 3091.0 2835.0 2706.0 2476.0 2352.0 1971.0 1859.0 1743.0 1444.0 1443.0 1426.0 1413.0 1034.0 
1164.0 1265.0 1275.0 1266.0 1276.0 1495.0 1498.0 1499.0 1502.0 1499.0 1498.0 1501.0 1498.0 1499.0 1502.0 1499.0 1498.0 1495.0 1466.0 1486.0 1028.0 891.0 770.0 625.0 516.0 410.0 278.0 131.0 0 128.0 247.0 350.0 451.0 574.0 824.0 944.0 1050.0 1191.0 1437.0 1585.0 1732.0 1850.0 2061.0 2191.0 2423.0 2803.0 3037.0 3368.0 3500.0 3581.0 3465.0 3222.0 2966.0 2837.0 2607.0 2483.0 2102.0 1990.0 1874.0 1575.0 1574.0 1557.0 1544.0 1165.0 
1292.0 1393.0 1403.0 1394.0 1404.0 1623.0 1626.0 1627.0 1630.0 1627.0 1626.0 1629.0 1626.0 1627.0 1630.0 1627.0 1626.0 1623.0 1594.0 1614.0 1156.0 1019.0 898.0 753.0 644.0 538.0 406.0 259.0 128.0 0 119.0 222.0 323.0 446.0 696.0 816.0 922.0 1063.0 1309.0 1457.0 1604.0 1722.0 1933.0 2063.0 2295.0 2675.0 2909.0 3240.0 3372.0 3621.0 3593.0 3350.0 3094.0 2965.0 2735.0 2611.0 2230.0 2118.0 2002.0 1703.0 1702.0 1685.0 1672.0 1293.0 
1411.0 1512.0 1522.0 1513.0 1523.0 1742.0 1745.0 1746.0 1749.0 1746.0 1745.0 1748.0 1745.0 1746.0 1749.0 1746.0 1745.0 1742.0 1713.0 1733.0 1275.0 1138.0 1017.0 872.0 763.0 657.0 525.0 378.0 247.0 119.0 0 103.0 204.0 327.0 577.0 697.0 803.0 944.0 1190.0 1338.0 1485.0 1603.0 1814.0 1944.0 2176.0 2556.0 2790.0 3121.0 3253.0 3502.0 3618.0 3469.0 3213.0 3084.0 2854.0 2730.0 2349.0 2237.0 2121.0 1822.0 1821.0 1804.0 1791.0 1412.0 
1514.0 1615.0 1625.0 1616.0 1626.0 1845.0 1848.0 1849.0 1852.0 1849.0 1848.0 1851.0 1848.0 1849.0 1852.0 1849.0 1848.0 1845.0 1816.0 1836.0 1378.0 1241.0 1120.0 975.0 866.0 760.0 628.0 481.0 350.0 222.0 103.0 0 101.0 224.0 474.0 594.0 700.0 841.0 1087.0 1235.0 1382.0 1500.0 1711.0 1841.0 2073.0 2453.0 2687.0 3018.0 3150.0 3399.0 3515.0 3572.0 3316.0 3187.0 2957.0 2833.0 2452.0 2340.0 2224.0 1925.0 1924.0 1907.0 1894.0 1515.0 
1615.0 1716.0 1726.0 1717.0 1727.0 1946.0 1949.0 1950.0 1953.0 1950.0 1949.0 1952.0 1949.0 1950.0 1953.0 1950.0 1949.0 1946.0 1917.0 1937.0 1479.0 1342.0 1221.0 1076.0 967.0 861.0 729.0 582.0 451.0 323.0 204.0 101.0 0 123.0 373.0 493.0 599.0 740.0 986.0 1134.0 1281.0 1399.0 1610.0 1740.0 1972.0 2352.0 2586.0 2917.0 3049.0 3298.0 3414.0 3657.0 3417.0 3288.0 3058.0 2934.0 2553.0 2441.0 2325.0 2026.0 2025.0 2008.0 1995.0 1616.0 
1738.0 1839.0 1849.0 1840.0 1850.0 2069.0 2072.0 2073.0 2076.0 2073.0 2072.0 2075.0 2072.0 2073.0 2076.0 2073.0 2072.0 2069.0 2040.0 2060.0 1602.0 1465.0 1344.0 1199.0 1090.0 984.0 852.0 705.0 574.0 446.0 327.0 224.0 123.0 0 250.0 370.0 476.0 617.0 863.0 1011.0 1158.0 1276.0 1487.0 1617.0 1849.0 2229.0 2463.0 2794.0 2926.0 3175.0 3291.0 3534.0 3540.0 3411.0 3181.0 3057.0 2676.0 2564.0 2448.0 2149.0 2148.0 2131.0 2118.0 1739.0 
1988.0 2089.0 2099.0 2090.0 2100.0 2319.0 2322.0 2323.0 2326.0 2323.0 2322.0 2325.0 2322.0 2323.0 2326.0 2323.0 2322.0 2319.0 2290.0 2310.0 1852.0 1715.0 1594.0 1449.0 1340.0 1234.0 1102.0 955.0 824.0 696.0 577.0 474.0 373.0 250.0 0 120.0 226.0 367.0 613.0 761.0 908.0 1026.0 1237.0 1367.0 1599.0 1979.0 2213.0 2544.0 2676.0 2925.0 3041.0 3284.0 3540.0 3661.0 3431.0 3307.0 2926.0 2814.0 2698.0 2399.0 2398.0 2381.0 2368.0 1989.0 
2108.0 2209.0 2219.0 2210.0 2220.0 2439.0 2442.0 2443.0 2446.0 2443.0 2442.0 2445.0 2442.0 2443.0 2446.0 2443.0 2442.0 2439.0 2410.0 2430.0 1972.0 1835.0 1714.0 1569.0 1460.0 1354.0 1222.0 1075.0 944.0 816.0 697.0 594.0 493.0 370.0 120.0 0 106.0 247.0 493.0 641.0 788.0 906.0 1117.0 1247.0 1479.0 1859.0 2093.0 2424.0 2556.0 2805.0 2921.0 3164.0 3420.0 3549.0 3551.0 3427.0 3046.0 2934.0 2818.0 2519.0 2518.0 2501.0 2488.0 2109.0 
2214.0 2315.0 2325.0 2316.0 2326.0 2545.0 2548.0 2549.0 2552.0 2549.0 2548.0 2551.0 2548.0 2549.0 2552.0 2549.0 2548.0 2545.0 2516.0 2536.0 2078.0 1941.0 1820.0 1675.0 1566.0 1460.0 1328.0 1181.0 1050.0 922.0 803.0 700.0 599.0 476.0 226.0 106.0 0 141.0 387.0 535.0 682.0 800.0 1011.0 1141.0 1373.0 1753.0 1987.0 2318.0 2450.0 2699.0 2815.0 3058.0 3314.0 3443.0 3657.0 3533.0 3152.0 3040.0 2924.0 2625.0 2624.0 2607.0 2594.0 2215.0 
2355.0 2456.0 2466.0 2457.0 2467.0 2686.0 2689.0 2690.0 2693.0 2690.0 2689.0 2692.0 2689.0 2690.0 2693.0 2690.0 2689.0 2686.0 2657.0 2677.0 2219.0 2082.0 1961.0 1816.0 1707.0 1601.0 1469.0 1322.0 1191.0 1063.0 944.0 841.0 740.0 617.0 367.0 247.0 141.0 0 246.0 394.0 541.0 659.0 870.0 1000.0 1232.0 1612.0 1846.0 2177.0 2309.0 2558.0 2674.0 2917.0 3173.0 3302.0 3532.0 3656.0 3293.0 3181.0 3065.0 2766.0 2765.0 2748.0 2735.0 2356.0 
2601.0 2702.0 2712.0 2703.0 2713.0 2932.0 2935.0 2936.0 2939.0 2936.0 2935.0 2938.0 2935.0 2936.0 2939.0 2936.0 2935.0 2932.0 2903.0 2923.0 2465.0 2328.0 2207.0 2062.0 1953.0 1847.0 1715.0 1568.0 1437.0 1309.0 1190.0 1087.0 986.0 863.0 613.0 493.0 387.0 246.0 0 148.0 295.0 413.0 624.0 754.0 986.0 1366.0 1600.0 1931.0 2063.0 2312.0 2428.0 2671.0 2927.0 3056.0 3286.0 3410.0 3539.0 3427.0 3311.0 3012.0 3011.0 2994.0 2981.0 2602.0 
2749.0 2850.0 2860.0 2851.0 2861.0 3080.0 3083.0 3084.0 3087.0 3084.0 3083.0 3086.0 3083.0 3084.0 3087.0 3084.0 3083.0 3080.0 3051.0 3071.0 2613.0 2476.0 2355.0 2210.0 2101.0 1995.0 1863.0 1716.0 1585.0 1457.0 1338.0 1235.0 1134.0 1011.0 761.0 641.0 535.0 394.0 148.0 0 147.0 265.0 476.0 606.0 838.0 1218.0 1452.0 1783.0 1915.0 2164.0 2280.0 2523.0 2779.0 2908.0 3138.0 3262.0 3643.0 3575.0 3459.0 3160.0 3159.0 3142.0 3129.0 2750.0 
2896.0 2997.0 3007.0 2998.0 3008.0 3227.0 3230.0 3231.0 3234.0 3231.0 3230.0 3233.0 3230.0 3231.0 3234.0 3231.0 3230.0 3227.0 3198.0 3218.0 2760.0 2623.0 2502.0 2357.0 2248.0 2142.0 2010.0 1863.0 1732.0 1604.0 1485.0 1382.0 1281.0 1158.0 908.0 788.0 682.0 541.0 295.0 147.0 0 118.0 329.0 459.0 691.0 1071.0 1305.0 1636.0 1768.0 2017.0 2133.0 2376.0 2632.0 2761.0 2991.0 3115.0 3496.0 3608.0 3606.0 3307.0 3306.0 3289.0 3276.0 2897.0 
3014.0 3115.0 3125.0 3116.0 3126.0 3345.0 3348.0 3349.0 3352.0 3349.0 3348.0 3351.0 3348.0 3349.0 3352.0 3349.0 3348.0 3345.0 3316.0 3336.0 2878.0 2741.0 2620.0 2475.0 2366.0 2260.0 2128.0 1981.0 1850.0 1722.0 1603.0 1500.0 1399.0 1276.0 1026.0 906.0 800.0 659.0 413.0 265.0 118.0 0 211.0 341.0 573.0 953.0 1187.0 1518.0 1650.0 1899.0 2015.0 2258.0 2514.0 2643.0 2873.0 2997.0 3378.0 3490.0 3606.0 3425.0 3424.0 3407.0 3394.0 3015.0 
3225.0 3326.0 3336.0 3327.0 3337.0 3556.0 3559.0 3560.0 3563.0 3560.0 3559.0 3562.0 3559.0 3560.0 3563.0 3560.0 3559.0 3556.0 3527.0 3547.0 3089.0 2952.0 2831.0 2686.0 2577.0 2471.0 2339.0 2192.0 2061.0 1933.0 1814.0 1711.0 1610.0 1487.0 1237.0 1117.0 1011.0 870.0 624.0 476.0 329.0 211.0 0 130.0 362.0 742.0 976.0 1307.0 1439.0 1688.0 1804.0 2047.0 2303.0 2432.0 2662.0 2786.0 3167.0 3279.0 3395.0 3636.0 3635.0 3618.0 3605.0 3226.0 
3355.0 3456.0 3466.0 3457.0 3467.0 3686.0 3689.0 3690.0 3693.0 3690.0 3689.0 3692.0 3689.0 3690.0 3693.0 3690.0 3689.0 3686.0 3657.0 3677.0 3219.0 3082.0 2961.0 2816.0 2707.0 2601.0 2469.0 2322.0 2191.0 2063.0 1944.0 1841.0 1740.0 1617.0 1367.0 1247.0 1141.0 1000.0 754.0 606.0 459.0 341.0 130.0 0 232.0 612.0 846.0 1177.0 1309.0 1558.0 1674.0 1917.0 2173.0 2302.0 2532.0 2656.0 3037.0 3149.0 3265.0 3564.0 3565.0 3582.0 3595.0 3356.0 
3587.0 3688.0 3698.0 3689.0 3699.0 3918.0 3921.0 3922.0 3925.0 3922.0 3921.0 3924.0 3921.0 3922.0 3925.0 3922.0 3921.0 3918.0 3889.0 3909.0 3451.0 3314.0 3193.0 3048.0 2939.0 2833.0 2701.0 2554.0 2423.0 2295.0 2176.0 2073.0 1972.0 1849.0 1599.0 1479.0 1373.0 1232.0 986.0 838.0 691.0 573.0 362.0 232.0 0 380.0 614.0 945.0 1077.0 1326.0 1442.0 1685.0 1941.0 2070.0 2300.0 2424.0 2805.0 2917.0 3033.0 3332.0 3333.0 3350.0 3363.0 3588.0 
3363.0 3464.0 3474.0 3465.0 3475.0 3694.0 3697.0 3698.0 3701.0 3698.0 3697.0 3700.0 3697.0 3698.0 3701.0 3698.0 3697.0 3694.0 3665.0 3685.0 3499.0 3636.0 3573.0 3428.0 3319.0 3213.0 3081.0 2934.0 2803.0 2675.0 2556.0 2453.0 2352.0 2229.0 1979.0 1859.0 1753.0 1612.0 1366.0 1218.0 1071.0 953.0 742.0 612.0 380.0 0 234.0 565.0 697.0 946.0 1062.0 1305.0 1561.0 1690.0 1920.0 2044.0 2425.0 2537.0 2653.0 2952.0 2953.0 2970.0 2983.0 3364.0 
3129.0 3230.0 3240.0 3231.0 3241.0 3460.0 3463.0 3464.0 3467.0 3464.0 3463.0 3466.0 3463.0 3464.0 3467.0 3464.0 3463.0 3460.0 3431.0 3451.0 3265.0 3402.0 3523.0 3662.0 3553.0 3447.0 3315.0 3168.0 3037.0 2909.0 2790.0 2687.0 2586.0 2463.0 2213.0 2093.0 1987.0 1846.0 1600.0 1452.0 1305.0 1187.0 976.0 846.0 614.0 234.0 0 331.0 463.0 712.0 828.0 1071.0 1327.0 1456.0 1686.0 1810.0 2191.0 2303.0 2419.0 2718.0 2719.0 2736.0 2749.0 3130.0 
2798.0 2899.0 2909.0 2900.0 2910.0 3129.0 3132.0 3133.0 3136.0 3133.0 3132.0 3135.0 3132.0 3133.0 3136.0 3133.0 3132.0 3129.0 3100.0 3120.0 2934.0 3071.0 3192.0 3337.0 3446.0 3552.0 3646.0 3499.0 3368.0 3240.0 3121.0 3018.0 2917.0 2794.0 2544.0 2424.0 2318.0 2177.0 1931.0 1783.0 1636.0 1518.0 1307.0 1177.0 945.0 565.0 331.0 0 132.0 381.0 497.0 740.0 996.0 1125.0 1355.0 1479.0 1860.0 1972.0 2088.0 2387.0 2388.0 2405.0 2418.0 2799.0 
2666.0 2767.0 2777.0 2768.0 2778.0 2997.0 3000.0 3001.0 3004.0 3001.0 3000.0 3003.0 3000.0 3001.0 3004.0 3001.0 3000.0 2997.0 2968.0 2988.0 2802.0 2939.0 3060.0 3205.0 3314.0 3420.0 3552.0 3631.0 3500.0 3372.0 3253.0 3150.0 3049.0 2926.0 2676.0 2556.0 2450.0 2309.0 2063.0 1915.0 1768.0 1650.0 1439.0 1309.0 1077.0 697.0 463.0 132.0 0 249.0 365.0 608.0 864.0 993.0 1223.0 1347.0 1728.0 1840.0 1956.0 2255.0 2256.0 2273.0 2286.0 2667.0 
2417.0 2518.0 2528.0 2519.0 2529.0 2748.0 2751.0 2752.0 2755.0 2752.0 2751.0 2754.0 2751.0 2752.0 2755.0 2752.0 2751.0 2748.0 2719.0 2739.0 2553.0 2690.0 2811.0 2956.0 3065.0 3171.0 3303.0 3450.0 3581.0 3621.0 3502.0 3399.0 3298.0 3175.0 2925.0 2805.0 2699.0 2558.0 2312.0 2164.0 2017.0 1899.0 1688.0 1558.0 1326.0 946.0 712.0 381.0 249.0 0 116.0 359.0 615.0 744.0 974.0 1098.0 1479.0 1591.0 1707.0 2006.0 2007.0 2024.0 2037.0 2418.0 
2301.0 2402.0 2412.0 2403.0 2413.0 2632.0 2635.0 2636.0 2639.0 2636.0 2635.0 2638.0 2635.0 2636.0 2639.0 2636.0 2635.0 2632.0 2603.0 2623.0 2437.0 2574.0 2695.0 2840.0 2949.0 3055.0 3187.0 3334.0 3465.0 3593.0 3618.0 3515.0 3414.0 3291.0 3041.0 2921.0 2815.0 2674.0 2428.0 2280.0 2133.0 2015.0 1804.0 1674.0 1442.0 1062.0 828.0 497.0 365.0 116.0 0 243.0 499.0 628.0 858.0 982.0 1363.0 1475.0 1591.0 1890.0 1891.0 1908.0 1921.0 2302.0 
2058.0 2159.0 2169.0 2160.0 2170.0 2389.0 2392.0 2393.0 2396.0 2393.0 2392.0 2395.0 2392.0 2393.0 2396.0 2393.0 2392.0 2389.0 2360.0 2380.0 2194.0 2331.0 2452.0 2597.0 2706.0 2812.0 2944.0 3091.0 3222.0 3350.0 3469.0 3572.0 3657.0 3534.0 3284.0 3164.0 3058.0 2917.0 2671.0 2523.0 2376.0 2258.0 2047.0 1917.0 1685.0 1305.0 1071.0 740.0 608.0 359.0 243.0 0 256.0 385.0 615.0 739.0 1120.0 1232.0 1348.0 1647.0 1648.0 1665.0 1678.0 2059.0 
1802.0 1903.0 1913.0 1904.0 1914.0 2133.0 2136.0 2137.0 2140.0 2137.0 2136.0 2139.0 2136.0 2137.0 2140.0 2137.0 2136.0 2133.0 2104.0 2124.0 1938.0 2075.0 2196.0 2341.0 2450.0 2556.0 2688.0 2835.0 2966.0 3094.0 3213.0 3316.0 3417.0 3540.0 3540.0 3420.0 3314.0 3173.0 2927.0 2779.0 2632.0 2514.0 2303.0 2173.0 1941.0 1561.0 1327.0 996.0 864.0 615.0 499.0 256.0 0 129.0 359.0 483.0 864.0 976.0 1092.0 1391.0 1392.0 1409.0 1422.0 1803.0 
1673.0 1774.0 1784.0 1775.0 1785.0 2004.0 2007.0 2008.0 2011.0 2008.0 2007.0 2010.0 2007.0 2008.0 2011.0 2008.0 2007.0 2004.0 1975.0 1995.0 1809.0 1946.0 2067.0 2212.0 2321.0 2427.0 2559.0 2706.0 2837.0 2965.0 3084.0 3187.0 3288.0 3411.0 3661.0 3549.0 3443.0 3302.0 3056.0 2908.0 2761.0 2643.0 2432.0 2302.0 2070.0 1690.0 1456.0 1125.0 993.0 744.0 628.0 385.0 129.0 0 230.0 354.0 735.0 847.0 963.0 1262.0 1263.0 1280.0 1293.0 1674.0 
1443.0 1544.0 1554.0 1545.0 1555.0 1774.0 1777.0 1778.0 1781.0 1778.0 1777.0 1780.0 1777.0 1778.0 1781.0 1778.0 1777.0 1774.0 1745.0 1765.0 1579.0 1716.0 1837.0 1982.0 2091.0 2197.0 2329.0 2476.0 2607.0 2735.0 2854.0 2957.0 3058.0 3181.0 3431.0 3551.0 3657.0 3532.0 3286.0 3138.0 2991.0 2873.0 2662.0 2532.0 2300.0 1920.0 1686.0 1355.0 1223.0 974.0 858.0 615.0 359.0 230.0 0 124.0 505.0 617.0 733.0 1032.0 1033.0 1050.0 1063.0 1444.0 
1319.0 1420.0 1430.0 1421.0 1431.0 1650.0 1653.0 1654.0 1657.0 1654.0 1653.0 1656.0 1653.0 1654.0 1657.0 1654.0 1653.0 1650.0 1621.0 1641.0 1455.0 1592.0 1713.0 1858.0 1967.0 2073.0 2205.0 2352.0 2483.0 2611.0 2730.0 2833.0 2934.0 3057.0 3307.0 3427.0 3533.0 3656.0 3410.0 3262.0 3115.0 2997.0 2786.0 2656.0 2424.0 2044.0 1810.0 1479.0 1347.0 1098.0 982.0 739.0 483.0 354.0 124.0 0 381.0 493.0 609.0 908.0 909.0 926.0 939.0 1320.0 
938.0 1039.0 1049.0 1040.0 1050.0 1269.0 1272.0 1273.0 1276.0 1273.0 1272.0 1275.0 1272.0 1273.0 1276.0 1273.0 1272.0 1269.0 1240.0 1260.0 1074.0 1211.0 1332.0 1477.0 1586.0 1692.0 1824.0 1971.0 2102.0 2230.0 2349.0 2452.0 2553.0 2676.0 2926.0 3046.0 3152.0 3293.0 3539.0 3643.0 3496.0 3378.0 3167.0 3037.0 2805.0 2425.0 2191.0 1860.0 1728.0 1479.0 1363.0 1120.0 864.0 735.0 505.0 381.0 0 112.0 228.0 527.0 528.0 545.0 558.0 939.0 
826.0 927.0 937.0 928.0 938.0 1157.0 1160.0 1161.0 1164.0 1161.0 1160.0 1163.0 1160.0 1161.0 1164.0 1161.0 1160.0 1157.0 1128.0 1148.0 962.0 1099.0 1220.0 1365.0 1474.0 1580.0 1712.0 1859.0 1990.0 2118.0 2237.0 2340.0 2441.0 2564.0 2814.0 2934.0 3040.0 3181.0 3427.0 3575.0 3608.0 3490.0 3279.0 3149.0 2917.0 2537.0 2303.0 1972.0 1840.0 1591.0 1475.0 1232.0 976.0 847.0 617.0 493.0 112.0 0 116.0 415.0 416.0 433.0 446.0 827.0 
710.0 811.0 821.0 812.0 822.0 1041.0 1044.0 1045.0 1048.0 1045.0 1044.0 1047.0 1044.0 1045.0 1048.0 1045.0 1044.0 1041.0 1012.0 1032.0 846.0 983.0 1104.0 1249.0 1358.0 1464.0 1596.0 1743.0 1874.0 2002.0 2121.0 2224.0 2325.0 2448.0 2698.0 2818.0 2924.0 3065.0 3311.0 3459.0 3606.0 3606.0 3395.0 3265.0 3033.0 2653.0 2419.0 2088.0 1956.0 1707.0 1591.0 1348.0 1092.0 963.0 733.0 609.0 228.0 116.0 0 299.0 300.0 317.0 330.0 711.0 
411.0 512.0 522.0 513.0 523.0 742.0 745.0 746.0 749.0 746.0 745.0 748.0 745.0 746.0 749.0 746.0 745.0 742.0 713.0 733.0 547.0 684.0 805.0 950.0 1059.0 1165.0 1297.0 1444.0 1575.0 1703.0 1822.0 1925.0 2026.0 2149.0 2399.0 2519.0 2625.0 2766.0 3012.0 3160.0 3307.0 3425.0 3636.0 3564.0 3332.0 2952.0 2718.0 2387.0 2255.0 2006.0 1890.0 1647.0 1391.0 1262.0 1032.0 908.0 527.0 415.0 299.0 0 1.0 18.0 31.0 412.0 
410.0 511.0 521.0 512.0 522.0 741.0 744.0 745.0 748.0 745.0 744.0 747.0 744.0 745.0 748.0 745.0 744.0 741.0 712.0 732.0 546.0 683.0 804.0 949.0 1058.0 1164.0 1296.0 1443.0 1574.0 1702.0 1821.0 1924.0 2025.0 2148.0 2398.0 2518.0 2624.0 2765.0 3011.0 3159.0 3306.0 3424.0 3635.0 3565.0 3333.0 2953.0 2719.0 2388.0 2256.0 2007.0 1891.0 1648.0 1392.0 1263.0 1033.0 909.0 528.0 416.0 300.0 1.0 0 17.0 30.0 411.0 
393.0 494.0 504.0 495.0 505.0 724.0 727.0 728.0 731.0 728.0 727.0 730.0 727.0 728.0 731.0 728.0 727.0 724.0 695.0 715.0 529.0 666.0 787.0 932.0 1041.0 1147.0 1279.0 1426.0 1557.0 1685.0 1804.0 1907.0 2008.0 2131.0 2381.0 2501.0 2607.0 2748.0 2994.0 3142.0 3289.0 3407.0 3618.0 3582.0 3350.0 2970.0 2736.0 2405.0 2273.0 2024.0 1908.0 1665.0 1409.0 1280.0 1050.0 926.0 545.0 433.0 317.0 18.0 17.0 0 13.0 394.0 
380.0 481.0 491.0 482.0 492.0 711.0 714.0 715.0 718.0 715.0 714.0 717.0 714.0 715.0 718.0 715.0 714.0 711.0 682.0 702.0 516.0 653.0 774.0 919.0 1028.0 1134.0 1266.0 1413.0 1544.0 1672.0 1791.0 1894.0 1995.0 2118.0 2368.0 2488.0 2594.0 2735.0 2981.0 3129.0 3276.0 3394.0 3605.0 3595.0 3363.0 2983.0 2749.0 2418.0 2286.0 2037.0 1921.0 1678.0 1422.0 1293.0 1063.0 939.0 558.0 446.0 330.0 31.0 30.0 13.0 0 381.0 
1.0 100.0 110.0 101.0 111.0 330.0 333.0 334.0 337.0 334.0 333.0 336.0 333.0 334.0 337.0 334.0 333.0 330.0 301.0 321.0 137.0 274.0 395.0 540.0 649.0 755.0 887.0 1034.0 1165.0 1293.0 1412.0 1515.0 1616.0 1739.0 1989.0 2109.0 2215.0 2356.0 2602.0 2750.0 2897.0 3015.0 3226.0 3356.0 3588.0 3364.0 3130.0 2799.0 2667.0 2418.0 2302.0 2059.0 1803.0 1674.0 1444.0 1320.0 939.0 827.0 711.0 412.0 411.0 394.0 381.0 0 
