30
50 24 23 4 3 51 52 54 55 57 59 60 61 63 14 29 7 6 32 35 34 8 38 37 36 39 43 42 41 10
0 101.0 111.0 102.0 112.0 111.0 261.0 390.0 283.0 147.0 129.0 126.0 123.0 114.0 302.0 322.0 331.0 334.0 335.0 338.0 335.0 334.0 337.0 334.0 335.0 338.0 335.0 334.0 331.0 1.0 
101.0 0 10.0 201.0 211.0 212.0 362.0 491.0 384.0 248.0 230.0 227.0 224.0 215.0 201.0 221.0 230.0 233.0 234.0 237.0 234.0 233.0 236.0 233.0 234.0 237.0 234.0 233.0 230.0 100.0 
111.0 10.0 0 211.0 221.0 222.0 372.0 501.0 394.0 258.0 240.0 237.0 234.0 225.0 211.0 231.0 240.0 243.0 244.0 247.0 244.0 243.0 246.0 243.0 244.0 247.0 244.0 243.0 240.0 110.0 
102.0 201.0 211.0 0 10.0 213.0 363.0 492.0 385.0 249.0 231.0 228.0 225.0 216.0 299.0 319.0 230.0 233.0 234.0 237.0 234.0 233.0 236.0 233.0 234.0 237.0 234.0 233.0 230.0 101.0 
112.0 211.0 221.0 10.0 0 223.0 373.0 502.0 395.0 259.0 241.0 238.0 235.0 226.0 309.0 329.0 240.0 243.0 244.0 247.0 244.0 243.0 246.0 243.0 244.0 247.0 244.0 243.0 240.0 111.0 
111.0 212.0 222.0 213.0 223.0 0 150.0 408.0 394.0 258.0 240.0 237.0 234.0 225.0 413.0 433.0 442.0 445.0 446.0 449.0 446.0 445.0 448.0 445.0 446.0 449.0 446.0 445.0 442.0 112.0 
261.0 362.0 372.0 363.0 373.0 150.0 0 258.0 365.0 408.0 390.0 387.0 384.0 375.0 563.0 583.0 592.0 595.0 596.0 599.0 596.0 595.0 598.0 595.0 596.0 599.0 596.0 595.0 592.0 262.0 
390.0 491.0 501.0 492.0 502.0 408.0 258.0 0 107.0 243.0 261.0 264.0 267.0 276.0 692.0 712.0 721.0 724.0 725.0 728.0 725.0 724.0 727.0 724.0 725.0 728.0 725.0 724.0 721.0 391.0 
283.0 384.0 394.0 385.0 395.0 394.0 365.0 107.0 0 136.0 154.0 157.0 160.0 169.0 585.0 605.0 614.0 617.0 618.0 621.0 618.0 617.0 620.0 617.0 618.0 621.0 618.0 617.0 614.0 284.0 
147.0 248.0 258.0 249.0 259.0 258.0 408.0 243.0 136.0 0 18.0 21.0 24.0 33.0 449.0 469.0 478.0 481.0 482.0 485.0 482.0 481.0 484.0 481.0 482.0 485.0 482.0 481.0 478.0 148.0 
129.0 230.0 240.0 231.0 241.0 240.0 390.0 261.0 154.0 18.0 0 3.0 6.0 15.0 431.0 451.0 460.0 463.0 464.0 467.0 464.0 463.0 466.0 463.0 464.0 467.0 464.0 463.0 460.0 130.0 
126.0 227.0 237.0 228.0 238.0 237.0 387.0 264.0 157.0 21.0 3.0 0 3.0 12.0 428.0 448.0 457.0 460.0 461.0 464.0 461.0 460.0 463.0 460.0 461.0 464.0 461.0 460.0 457.0 127.0 
123.0 224.0 234.0 225.0 235.0 234.0 384.0 267.0 160.0 24.0 6.0 3.0 0 9.0 425.0 445.0 454.0 457.0 458.0 461.0 458.0 457.0 460.0 457.0 458.0 461.0 458.0 457.0 454.0 124.0 
114.0 215.0 225.0 216.0 226.0 225.0 375.0 276.0 169.0 33.0 15.0 12.0 9.0 0 416.0 436.0 445.0 448.0 449.0 452.0 449.0 448.0 451.0 448.0 449.0 452.0 449.0 448.0 445.0 115.0 
302.0 201.0 211.0 299.0 309.0 413.0 563.0 692.0 585.0 449.0 431.0 428.0 425.0 416.0 0 20.0 130.0 133.0 134.0 137.0 134.0 133.0 136.0 133.0 134.0 137.0 134.0 133.0 130.0 301.0 
322.0 221.0 231.0 319.0 329.0 433.0 583.0 712.0 605.0 469.0 451.0 448.0 445.0 436.0 20.0 0 150.0 153.0 154.0 157.0 154.0 153.0 156.0 153.0 154.0 157.0 154.0 153.0 150.0 321.0 
331.0 230.0 240.0 230.0 240.0 442.0 592.0 721.0 614.0 478.0 460.0 457.0 454.0 445.0 130.0 150.0 0 3.0 4.0 7.0 4.0 3.0 6.0 3.0 6.0 7.0 8.0 7.0 4.0 330.0 
334.0 233.0 243.0 233.0 243.0 445.0 595.0 724.0 617.0 481.0 463.0 460.0 457.0 448.0 133.0 153.0 3.0 0 3.0 4.0 7.0 4.0 7.0 6.0 3.0 4.0 7.0 10.0 7.0 333.0 
335.0 234.0 244.0 234.0 244.0 446.0 596.0 725.0 618.0 482.0 464.0 461.0 458.0 449.0 134.0 154.0 4.0 3.0 0 3.0 4.0 7.0 10.0 7.0 4.0 7.0 4.0 7.0 4.0 334.0 
338.0 237.0 247.0 237.0 247.0 449.0 599.0 728.0 621.0 485.0 467.0 464.0 461.0 452.0 137.0 157.0 7.0 4.0 3.0 0 3.0 4.0 7.0 10.0 7.0 4.0 3.0 6.0 7.0 337.0 
335.0 234.0 244.0 234.0 244.0 446.0 596.0 725.0 618.0 482.0 464.0 461.0 458.0 449.0 134.0 154.0 4.0 7.0 4.0 3.0 0 3.0 6.0 7.0 8.0 7.0 6.0 3.0 4.0 334.0 
334.0 233.0 243.0 233.0 243.0 445.0 595.0 724.0 617.0 481.0 463.0 460.0 457.0 448.0 133.0 153.0 3.0 4.0 7.0 4.0 3.0 0 3.0 6.0 7.0 4.0 7.0 6.0 7.0 333.0 
337.0 236.0 246.0 236.0 246.0 448.0 598.0 727.0 620.0 484.0 466.0 463.0 460.0 451.0 136.0 156.0 6.0 7.0 10.0 7.0 6.0 3.0 0 3.0 6.0 3.0 6.0 3.0 6.0 336.0 
334.0 233.0 243.0 233.0 243.0 445.0 595.0 724.0 617.0 481.0 463.0 460.0 457.0 448.0 133.0 153.0 3.0 6.0 7.0 10.0 7.0 6.0 3.0 0 3.0 6.0 7.0 6.0 3.0 333.0 
335.0 234.0 244.0 234.0 244.0 446.0 596.0 725.0 618.0 482.0 464.0 461.0 458.0 449.0 134.0 154.0 6.0 3.0 4.0 7.0 8.0 7.0 6.0 3.0 0 3.0 4.0 7.0 4.0 334.0 
338.0 237.0 247.0 237.0 247.0 449.0 599.0 728.0 621.0 485.0 467.0 464.0 461.0 452.0 137.0 157.0 7.0 4.0 7.0 4.0 7.0 4.0 3.0 6.0 3.0 0 3.0 6.0 7.0 337.0 
335.0 234.0 244.0 234.0 244.0 446.0 596.0 725.0 618.0 482.0 464.0 461.0 458.0 449.0 134.0 154.0 8.0 7.0 4.0 3.0 6.0 7.0 6.0 7.0 4.0 3.0 0 3.0 4.0 334.0 
334.0 233.0 243.0 233.0 243.0 445.0 595.0 724.0 617.0 481.0 463.0 460.0 457.0 448.0 133.0 153.0 7.0 10.0 7.0 6.0 3.0 6.0 3.0 6.0 7.0 6.0 3.0 0 3.0 333.0 
331.0 230.0 240.0 230.0 240.0 442.0 592.0 721.0 614.0 478.0 460.0 457.0 454.0 445.0 130.0 150.0 4.0 7.0 4.0 7.0 4.0 7.0 6.0 3.0 4.0 7.0 4.0 3.0 0 330.0 
1.0 100.0 110.0 101.0 111.0 112.0 262.0 391.0 284.0 148.0 130.0 127.0 124.0 115.0 301.0 321.0 330.0 333.0 334.0 337.0 334.0 333.0 336.0 333.0 334.0 337.0 334.0 333.0 330.0 0 
