20
x w d c g f af ai ah h al ak aj am aq ap ao n o j
0 10.0 201.0 211.0 230.0 233.0 234.0 237.0 234.0 233.0 236.0 233.0 234.0 237.0 234.0 233.0 230.0 201.0 231.0 100.0 
10.0 0 211.0 221.0 240.0 243.0 244.0 247.0 244.0 243.0 246.0 243.0 244.0 247.0 244.0 243.0 240.0 211.0 241.0 110.0 
201.0 211.0 0 10.0 230.0 233.0 234.0 237.0 234.0 233.0 236.0 233.0 234.0 237.0 234.0 233.0 230.0 299.0 329.0 101.0 
211.0 221.0 10.0 0 240.0 243.0 244.0 247.0 244.0 243.0 246.0 243.0 244.0 247.0 244.0 243.0 240.0 309.0 339.0 111.0 
230.0 240.0 230.0 240.0 0 3.0 4.0 7.0 4.0 3.0 6.0 3.0 6.0 7.0 8.0 7.0 4.0 130.0 160.0 330.0 
233.0 243.0 233.0 243.0 3.0 0 3.0 4.0 7.0 4.0 7.0 6.0 3.0 4.0 7.0 10.0 7.0 133.0 163.0 333.0 
234.0 244.0 234.0 244.0 4.0 3.0 0 3.0 4.0 7.0 10.0 7.0 4.0 7.0 4.0 7.0 4.0 134.0 164.0 334.0 
237.0 247.0 237.0 247.0 7.0 4.0 3.0 0 3.0 4.0 7.0 10.0 7.0 4.0 3.0 6.0 7.0 137.0 167.0 337.0 
234.0 244.0 234.0 244.0 4.0 7.0 4.0 3.0 0 3.0 6.0 7.0 8.0 7.0 6.0 3.0 4.0 134.0 164.0 334.0 
233.0 243.0 233.0 243.0 3.0 4.0 7.0 4.0 3.0 0 3.0 6.0 7.0 4.0 7.0 6.0 7.0 133.0 163.0 333.0 
236.0 246.0 236.0 246.0 6.0 7.0 10.0 7.0 6.0 3.0 0 3.0 6.0 3.0 6.0 3.0 6.0 136.0 166.0 336.0 
233.0 243.0 233.0 243.0 3.0 6.0 7.0 10.0 7.0 6.0 3.0 0 3.0 6.0 7.0 6.0 3.0 133.0 163.0 333.0 
234.0 244.0 234.0 244.0 6.0 3.0 4.0 7.0 8.0 7.0 6.0 3.0 0 3.0 4.0 7.0 4.0 134.0 164.0 334.0 
237.0 247.0 237.0 247.0 7.0 4.0 7.0 4.0 7.0 4.0 3.0 6.0 3.0 0 3.0 6.0 7.0 137.0 167.0 337.0 
234.0 244.0 234.0 244.0 8.0 7.0 4.0 3.0 6.0 7.0 6.0 7.0 4.0 3.0 0 3.0 4.0 134.0 164.0 334.0 
233.0 243.0 233.0 243.0 7.0 10.0 7.0 6.0 3.0 6.0 3.0 6.0 7.0 6.0 3.0 0 3.0 133.0 163.0 333.0 
230.0 240.0 230.0 240.0 4.0 7.0 4.0 7.0 4.0 7.0 6.0 3.0 4.0 7.0 4.0 3.0 0 130.0 160.0 330.0 
201.0 211.0 299.0 309.0 130.0 133.0 134.0 137.0 134.0 133.0 136.0 133.0 134.0 137.0 134.0 133.0 130.0 0 30.0 301.0 
231.0 241.0 329.0 339.0 160.0 163.0 164.0 167.0 164.0 163.0 166.0 163.0 164.0 167.0 164.0 163.0 160.0 30.0 0 331.0 
100.0 110.0 101.0 111.0 330.0 333.0 334.0 337.0 334.0 333.0 336.0 333.0 334.0 337.0 334.0 333.0 330.0 301.0 331.0 0 
