47
4 12 13 26 40 19 14 33 36 20 21 31 3 34 6 7 17 8 10 25 42 50 1 49 2 48 45 15 5 43 23 22 30 32 9 28 29 24 18 44 39 11 41 16 46 81 0
0 12586703.50855 18317607.11366 22022343.75104 48490384.20303 60811168.004429996 63310214.857999995 66208818.51383 65075694.26217 88752402.71018 121132325.32069999 87145629.05418 162094326.73233 94706948.38475 117578890.59805 120206377.29461 71512128.42686999 94219873.4923 77807208.53698 90582757.77957 46835620.263459995 46712817.70264 75844603.9493 58563664.99925 104903730.87842 120464214.03545 87220581.57285999 69163726.73177 88809241.51607999 93214701.47117 110766010.65313 59047165.876269996 133250819.80003 107190664.81592 98946650.03143999 129369469.51520999 108247673.76088998 111173808.99081998 141761571.3042 142635814.22443 108890020.72365999 89727726.00258 75088646.99726 122087081.44046 106427123.49015999 72078875.66152 12803292.70086 
12586703.50855 0 30904310.62221 34609047.25959 61077087.71158 73397871.51298 75896918.36655 78795522.02238 77662397.77072 101339106.21872999 133719028.82925001 99732332.56273 149507623.22378 107293651.8933 104992187.0895 107619673.78606 58925424.91832 88727851.76631 90393912.04552999 103169461.28812 59422323.77201 59299521.21119 63257900.440749995 71150368.5078 117490434.38697 133050917.544 99807285.08140999 81750430.24032 101395945.02463 105801404.97972 123352714.16168 71633869.38482 145837523.30857998 119777368.32447 111533353.53999 141956173.02376 120834377.26943998 123760512.49936998 154348274.81274998 155222517.73297998 121476724.23221 77141022.49403 87675350.50581 134673784.94900998 119013826.99870999 84665579.17006999 25389996.209409997 
18317607.11366 30904310.62221 0 3704736.63738 30172777.08937 42493560.89077 44992607.74434 47891211.40017 61321827.88709 78118678.40800999 114307010.90513998 105463236.16783999 159360490.28541 113024555.49841 129063636.41787 135489945.93922 82996874.24669 75902266.37864 74053342.1619 86828891.40449 43081753.88838 42958951.32756 73184330.02239999 76881272.11290999 123221337.99207999 134316088.04885 68902974.4592 50846119.61811 70491634.40242 74897094.35751 92448403.53947 55293299.50119 129496953.42494999 88873057.70226 95192783.65636 125615603.14013 89930066.64722998 92856201.87715998 123443964.19053999 124318207.11077 105136154.34857999 108045333.11624 93406254.11091998 118866565.06825 88109516.3765 61445151.359349996 31120899.81452 
22022343.75104 34609047.25959 3704736.63738 0 33877513.72675 46198297.52815 48697344.38172 51595948.03755 65026564.52447 81823415.04539 118011747.54251999 109167972.80522 163065226.92279 116729292.13578999 132768373.05524999 139194682.5766 86701610.88407 79607003.01602 77758078.79928 88448402.73614 46786490.525759995 46663687.96494 76889066.65978 80586008.75028999 126926074.62945999 138020824.68623 72607711.09658 54550856.25549 74196371.03979999 78601830.99488999 96153140.17684999 58998036.138569996 133201690.06233 92577794.33963999 98897520.29373999 129320339.77750999 93634803.28460999 96560938.51453999 127148700.82791999 128022943.74814999 108840890.98595999 111750069.75362 97110990.74829999 115161828.43087001 84404779.73912 65149887.99673 34825636.4519 
48490384.20303 61077087.71157999 30172777.08937 33877513.72675 0 12320783.8014 14819830.65497 17718434.3108 38275555.66933 47945901.31864 84134233.81577 118120930.08229 129187713.19604 143197332.58778 121909040.04822999 128335349.56957999 92876367.82066 106075043.46801 104226119.25127 117001668.49385999 73254530.97775 73131728.41692999 103357107.11176999 107054049.20227998 153394115.08145 164488865.13822 99075751.54856999 81018896.70748 67177139.6821 62771679.72701 89133908.81915 85466076.59055999 159669730.51432 119045834.79163 125365560.74572998 155788380.2295 120102843.73659998 123028978.96652998 153616741.27991 94145430.0214 96708681.91049 126453880.73594 94717609.40248999 141716043.84568998 118282293.46587 31272374.26998 61293676.90389 
60811168.004429996 73397871.51298 42493560.89077 46198297.52815 12320783.8014 0 2499046.85357 5397650.5094 50596339.47073 60266685.12004 96455017.61717 130441713.88369 141508496.99743998 155518116.38918 126622346.19044 133048655.71179 80555584.01925999 110358010.86725 116546903.05267 129322452.29526 85575314.77915 85452512.21833 104084200.99629 119374833.00367999 165714898.88285 176809648.93962 111396535.34996998 93339680.50887999 79497923.48349999 75092463.52840999 101454692.62054999 97786860.39196 171990514.31572 131366618.59303 137686344.54713 168109164.0309 132423627.53799997 135349762.76792997 165937525.08130997 81824646.22 84387898.10909 114133096.93453999 107038393.20389 154036827.64709 130603077.26727 43593158.07138 73614460.70528999 
63310214.857999995 75896918.36655 44992607.74434 48697344.38172 14819830.65497 2499046.85357 0 7896697.36297 53095386.3243 62765731.97361 98954064.47073999 132940760.73725998 144007543.85101 158017163.24275 129121393.04400998 135547702.56535998 83054630.87282999 112857057.72081998 119045949.90623999 131821499.14883 88074361.63272 87951559.0719 106583247.84986 121873879.85724999 168213945.73641998 179308695.79319 113895582.20354 95838727.36245 81996970.33706999 77591510.38198 103953739.47411999 100285907.24553 174489561.16928998 133865665.44659999 140185391.40069997 170608210.88447 134922674.39157 137848809.6215 168436571.93488 84323693.07357 86886944.96266 116632143.78810999 109537440.05746 156535874.50066 133102124.12084 46092204.924949996 76113507.55885999 
66208818.51383 78795522.02238 47891211.40017 51595948.03755 17718434.3108 5397650.5094 7896697.36297 0 55993989.98013 65664335.62944 101852668.12657 135839364.39309 146906147.50684 156525021.91105998 121224695.68103999 127651005.20238999 75157933.50986 104960360.35784999 112854908.47756998 132225081.77698998 90972965.28854999 90850162.72772999 98686550.48689 124772483.51308 171112549.39225 182207299.44901997 116794185.85937 98737331.01828 84895573.9929 80490114.03781 106852343.12995 103184510.90135999 177388164.82511997 136764269.10243 143083995.05653 173506814.5403 137821278.0474 140747413.27732998 171335175.59070998 76426995.7106 78990247.59969 108735446.42514 112436043.71328999 159434478.15649 136000727.77666998 48990808.58078 79012111.21469 
65075694.26217 77662397.77072 61321827.88709 65026564.52447 38275555.66933 50596339.47073 53095386.3243 55993989.98013 0 23676708.44801 59865040.94514 93851737.21166 104918520.32541 123514228.46594 97639847.1776 104066156.69895 79664228.48784 107635819.86961 115530367.98933 133586978.553 89839841.03689 89717038.47607 105922449.02711 123639359.26142 159344203.95775 174904687.11477998 80610316.43687 62553461.59578 42907946.81147 38502486.85638 64864715.94852 97562884.62782 171696827.69478 85553681.89638999 141950870.80487 172373690.28864 101637408.62489998 104563543.85482998 135151306.16821 132420985.69073 128412974.65041 132975225.82964 70448416.53186 117446850.97505999 148203899.66680998 7003181.39935 77878986.96303 
88752402.71018 101339106.21873 78118678.40801 81823415.04539 47945901.31864 60266685.12004 62765731.97361 65664335.62944 23676708.44801 0 36188332.49713 70175028.76365 81241811.8774 99837520.01793 73963138.72959 80389448.25094 98717401.58787999 117306165.51891999 125200713.63863999 144570886.93806 113516549.4849 113393746.92408 118557066.2517 147316067.70942998 169014549.60706 184575032.76408997 90280662.08617999 72223807.24509 52578292.46078 48172832.50569 74535061.59783 107233230.27713 157876850.3815 109230390.34439999 160541894.1508 190964713.63457 111307754.27420998 114233889.50413997 144821651.81752 142091331.34004 138083320.29972 109298517.38163 80118762.18117 127117196.62437 137618600.8333 16673527.04866 101555695.41104 
121132325.32069999 133719028.82925 114307010.90514 118011747.54251999 84134233.81577 96455017.61717 98954064.47073999 101852668.12657 59865040.94514 36188332.49713 0 33986696.26652 117430144.37452999 63649187.5208 77885010.57266 84311320.09401 123951772.74384 151204472.53968 155335118.43273 135964945.13331 124210404.57488 149582079.42121 154745398.74883 160479634.35757 150404604.39811 165965087.55514 126468994.58330998 108412139.74221998 88766624.95791 84361165.00282 110723394.09496 143421562.77425998 133885505.64214 145418722.84153 196730226.64792997 174829879.44913 147496086.77133998 150422222.00126997 181009984.31464997 178279663.83717 128521435.45389 73110184.8845 116307094.6783 163305529.1215 141540472.67637 52861859.54579 133935618.02155998 
87145629.05418 99732332.56272998 105463236.16783999 109167972.80522 118120930.08229 130441713.88369 132940760.73726 135839364.39309 93851737.21166 70175028.76365 33986696.26652 0 87642670.43314 97635883.78732 111871706.83918 118298016.36052999 157938469.01036 156717229.88285 121348422.16621 101978248.86679 133981249.31763999 133858446.75682 162990233.00347996 126492938.09105 116417908.13159 131978391.28862 154519058.45927998 136462203.61819 116816688.83387999 112411228.87878999 138773457.97092998 146192794.93045 148567070.58504 179405419.10805 186092279.08562 208816575.71565 175546150.64731 178436012.37449998 209060048.19061998 212266360.10369 125773378.76053 107096881.15101999 94386607.3249 141385041.7681 172142090.45984998 86848555.81231 99948921.75503999 
162094326.73233 149507623.22378 159360490.28541 163065226.92279 129187713.19603999 141508496.99743998 144007543.85101 146906147.50684 104918520.32541 81241811.8774 117430144.37452999 87642670.43314 0 106109579.26492 120345402.31678 126771711.83813 116823804.74397999 146626231.59197 154520779.71168998 173890953.01110998 166670796.319 194635558.80147997 199798878.12909997 214135608.52419 204060578.56473 219621061.72175997 171522473.96357998 153465619.12249 133820104.33817999 129414644.38308999 155776873.47522998 188475042.15453 236209741.01818 190472202.22179997 189861960.22384998 182449398.35066 176677700.43056 179603835.66048998 226063463.69491997 223333143.21743998 197365703.78414 190540329.25902998 139401145.66559 186399580.10878998 184000864.42049 97915338.92605999 174897619.43319 
94706948.38475 107293651.8933 113024555.49840999 116729292.13578999 143197332.58778 155518116.38918 158017163.24275 156525021.91105998 123514228.46594 99837520.01793 63649187.5208 97635883.78732 106109579.26492 0 35300326.23002 41726635.75137 81367088.4012 117158970.78505 125053518.90476999 144423692.20419 81625720.23224 141419766.08739 163188698.60426998 127664027.98228 174004093.86145 189564577.01847997 96224944.95164 78168090.11055 97813604.89486 102219064.84995 119770374.03191 152468542.71121 182481190.20437998 201897613.20067 160394699.41693 190817518.90069997 117252037.13966998 120178172.36959998 150765934.68298 144489906.88327 185833341.20498997 130422090.6356 150792318.8272 129712837.02548 98955788.33373 116511047.06659 81903655.68389 
117578890.59805 104992187.0895 129063636.41787 132768373.05524999 121909040.04822999 126622346.19043998 129121393.04400998 121224695.68103999 97639847.1776 73963138.72959 77885010.57266 111871706.83918 120345402.31678 35300326.23002 0 6426309.52135 46066762.17118 81858644.55503 89753192.67475 109123365.97417 95861543.2841 113930249.46438 137338735.56944 162964354.2123 194509947.40102002 186838943.69261 118750995.0834 100694140.24231 81048625.458 85454085.41309 103005394.59505 135703563.27435 147180863.97436 182504820.11629 125094373.18691 155517192.67068 139778087.27143 142704222.50136 173291984.81474 158725729.93513 150533014.97496998 95121764.40558 115491992.59718 94412510.79546 63655462.103709996 90636665.77825 117203981.91391 
120206377.29461 107619673.78606 135489945.93922 139194682.5766 128335349.56957999 133048655.71178998 135547702.56535998 127651005.20238999 104066156.69895 80389448.25094 84311320.09401 118298016.36052999 126771711.83813 41726635.75137 6426309.52135 0 52493071.69253 88284954.07638 96179502.1961 115549675.49552 102287852.80544999 107503939.94303 141852894.54878 169390663.73365 200936256.92237002 193265253.21396 125177304.60474999 107120449.76366 87474934.97935 91880394.93444 109431704.1164 142129872.79569998 153607173.49571 176078510.59494 131520682.70826 161943502.19202998 146204396.79277998 149130532.02271 179718294.33609 165152039.45648 144106705.45362 88695454.88423 121918302.11852999 87986201.27411 57229152.58236 97062975.29959999 123630291.43526 
71512128.42686999 58925424.91832 82996874.24669 86701610.88407 92876367.82066 80555584.01925999 83054630.87282999 75157933.50986 79664228.48784 98717401.58787999 123951772.74384 157938469.01036 116823804.74397999 81367088.4012 46066762.17118 52493071.69253 0 35791882.38385 43686430.50357 63056603.80299 99713444.30889 118224946.12950999 91271973.39826 130075793.42611998 148443185.22984 140772181.52143 97539092.09496 106367427.69913 117948639.95133999 113543179.99625 139905409.08839 130559294.30313998 139590936.71858 165217910.38423 79027611.01573 109450430.49949999 118566184.28299 121492319.51291999 152080081.8263 129477766.5978 127389788.54455 113886170.03903 69425230.426 116423664.86919999 109722224.27489 82043874.53922 84315421.12772998 
94219873.49229999 88727851.76631 75902266.37864 79607003.01602 106075043.46801 110358010.86724998 112857057.72081998 104960360.35784999 107635819.86961 117306165.51891999 151204472.53968 156717229.88285 146626231.59197 117158970.78505 81858644.55503 88284954.07638 35791882.38385 0 36591822.63552 55961995.934939995 92618836.44083999 89829045.62016 55480091.01441 104820285.62695 151160351.50612 166720834.66314998 127341518.94295 126748385.99675 136537403.88237998 132131943.92729 158494173.01942998 111165313.08133 103799054.33473 164775324.0809 71933003.14768 102355822.63145 124162943.61727999 121236808.38735 181882508.67429 165269648.98165 120295180.6765 78094287.65518 62330622.55795 109329057.00115 140086105.6929 100632638.47026 107023166.19315998 
77807208.53698 90393912.04552999 74053342.1619 77758078.79928 104226119.25127 116546903.05267 119045949.90623999 112854908.47757 115530367.98933 125200713.63863999 155335118.43273 121348422.16621 154520779.71169 125053518.90476999 89753192.67475 96179502.1961 43686430.50357 36591822.63552 0 19370173.29942 56027013.80532 102448552.75087999 92071913.64992999 136370873.53623 148096128.93515998 147261347.96579 135236067.06267 124899461.78001 144431952.0021 140026492.04701 166388721.13915 114782900.92450999 140390876.97025 162926399.86416 79827551.2674 110250370.75117 132057491.73699999 129131356.50706999 189777056.79400998 173164197.10137 128189728.79621999 114686110.2907 70225170.67767 117223605.12087 147980653.81261998 108527186.58997999 90610501.23784 
90582757.77957 103169461.28812 86828891.40449 88448402.73614 117001668.49385999 129322452.29526 131821499.14883 132225081.77699 133586978.553 144570886.93806 135964945.13331 101978248.86679 173890953.01111 144423692.20419 109123365.97417 115549675.49552 63056603.80299 55961995.934939995 19370173.29942 0 75397187.10474 115224101.99347 111442086.94934998 149146422.77881998 128725955.63574 144286438.79277 154606240.36209 137675011.0226 129124736.33803 124719276.38294 151081505.47507998 127558450.1671 159761050.26967 175701949.10675 99197724.56682 129620544.05059 151427665.03642 148501529.80649 209147230.09342998 192534370.40078998 147559902.09564 134056283.59012 89595343.97709 136593778.42029 167350827.11203998 127897359.88939999 103386050.48042999 
46835620.263459995 59422323.77201 43081753.88838 46786490.525759995 73254530.97775 85575314.77915 88074361.63272 90972965.28854999 89839841.03689 113516549.48489998 124210404.57488 133981249.31763999 166670796.319 81625720.23224 95861543.2841 102287852.80544999 99713444.30889 92618836.44084 56027013.80532 75397187.10474 0 71476964.47736 101702343.1722 105399285.26270999 131850242.8493 116289759.69227 111984728.34757999 93927873.50648999 113573388.29079999 117978848.24588999 135530157.42784998 83811312.65099 158014966.57475 131954811.59064 123710796.80615999 154133616.28993 133011820.53560998 135937955.76553997 166525718.07891998 167399960.99914998 133654167.49837999 136563346.26604 121924267.26071998 161948318.95663 131191270.26488 96843022.43623999 59638912.96432 
46712817.70264 59299521.21119 42958951.32756 46663687.96494 73131728.41692999 85452512.21833 87951559.0719 90850162.72772999 89717038.47607 113393746.92408 149582079.42121 133858446.75682 194635558.80148 141419766.08739 113930249.46438 107503939.94303 118224946.12950999 89829045.62015998 102448552.75088 115224101.99347 71476964.47736 0 34348954.605749995 83689149.21829 130029215.09746 145589698.25449 111861925.78676 93805070.94567001 113450585.72997999 117856045.68507 135407354.86703 80285742.34085 154489396.26461 131832009.02982 120185226.49601999 150608045.97979 132889017.97478999 135815153.20472 166402915.5181 149537562.82973 62177203.021019995 98943293.03562 121801464.6999 156994512.84337 126237464.15162 96720219.87542 59516110.4035 
75844603.94929999 63257900.440749995 73184330.02239999 76889066.65978 103357107.11176999 104084200.99629 106583247.84986 98686550.48689 105922449.02711 118557066.2517 154745398.74883 162990233.00348 199798878.1291 163188698.60426998 137338735.56944 141852894.54878 91271973.39826 55480091.01441 92071913.64992999 111442086.94934998 101702343.1722 34348954.60575 0 49340194.61254 95680260.49171 111240743.64874 142087304.4816 124030449.64051 137788304.61516 133382844.66007 159745073.75221 113913888.78501 159279145.34914 155959535.82393998 127413094.16208999 157835913.64586 163114396.66963 166040531.89955997 196628294.21293998 175113546.19749 90717779.19263 133292247.64137 117810713.57235998 164809148.01555997 154778040.32323 101883539.20304 81285042.92038 
58563664.99925 71150368.5078 76881272.11290999 80586008.75028999 107054049.20227998 119374833.00367999 121873879.85724999 124772483.51307999 123639359.26142 147316067.70942998 160479634.35757 126492938.09105 214135608.52419 127664027.98228 162964354.2123 169390663.73365 130075793.42612 104820285.62695 136370873.53623 149146422.77881998 105399285.26270999 83689149.21828999 49340194.61254 0 46340065.87917 61900549.0362 125073953.40005 127727391.73101999 136718189.24333 141123649.19842 114761420.10628 113826431.14536 180253889.31757998 165754329.81517 157510315.03068998 187933134.51446 140147476.6514 143073611.88133 179614943.13139 201199479.22368 140057973.80517 148291391.00182998 114435956.03413 161434390.47733 164990788.48940998 130642540.66077 45760372.29839 
104903730.87842 117490434.38697 123221337.99207999 126926074.62945999 153394115.08145 165714898.88285 168213945.73641998 171112549.39225 159344203.95774996 169014549.60706 150404604.39811 116417908.13159 204060578.56473 174004093.86145 194509947.40102002 200936256.92237002 148443185.22984 151160351.50612 148096128.93515998 128725955.63574 131850242.8493 130029215.09745999 95680260.49171 46340065.87917 0 15560483.15703 78733887.52088 96790742.36196999 116436257.14627999 120841717.10136999 138393026.28333 112197120.64323 175314777.35399 189314959.90783 203850380.90986 217194410.62399 93807410.77223 96733546.00216 133274877.25222 215382316.7325 168200877.52451998 194631456.88099998 160776021.9133 207774456.3565 200707708.86593997 152341022.55839998 92100438.17756 
120464214.03545 133050917.544 134316088.04885 138020824.68623 164488865.13821998 176809648.93962 179308695.79318997 182207299.44901997 174904687.11477998 184575032.76409 165965087.55514 131978391.28862 219621061.72175997 189564577.01847997 186838943.69261 193265253.21396 140772181.52143 166720834.66314998 147261347.96579 144286438.79277 116289759.69227 145589698.25449 111240743.64874 61900549.0362 15560483.15703 0 94294370.67791 112351225.519 131996740.30330999 136402200.2584 153953509.44035998 96636637.4862 170840291.40995997 204875443.06486 214945130.96662998 232754893.78102 109367893.92926 112294029.15919 148835360.40925 230942799.88952997 183761360.68155 210191940.03803 176336505.07033 223334939.51353 216268192.02297 167901505.71543 107660921.33459 
87220581.57285999 99807285.08140999 68902974.4592 72607711.09658 99075751.54856999 111396535.34997 113895582.20354 116794185.85937 80610316.43687 90280662.08617999 126468994.58330998 154519058.45927998 171522473.96357998 96224944.95164 118750995.0834 125177304.60474999 97539092.09496 127341518.94295 135236067.06267 154606240.36209 111984728.34757999 111861925.78675999 142087304.4816 125073953.40005 78733887.52088 94294370.67791 0 18056854.84109 37702369.6254 42107829.58049 59659138.762449995 92357307.44174999 166560961.36551 157776032.16145998 164095758.11556 144414092.03979 21027092.188029997 23953227.417959996 54540989.73134 136648429.21162 165967190.58611 176948307.57544 108002632.46756 146242838.58567 121973821.34505999 73607135.03751999 100023874.27371998 
69163726.73177 81750430.24032 50846119.61811 54550856.25549 81018896.70748 93339680.50887999 95838727.36244999 98737331.01827998 62553461.59578 72223807.24509 108412139.74221998 136462203.61819 153465619.12249 78168090.11055 100694140.24231 107120449.76366 106367427.69913 126748385.99675 124899461.78001 137675011.0226 93927873.50648999 93805070.94567001 124030449.64051 127727391.73101999 96790742.36196999 112351225.519 18056854.84109 0 19645514.78431 24050974.7394 41602283.92136 74300452.60066 148504106.52442 139719177.32037 146038903.27446997 162470946.88088 39083947.02912 42010082.25905 72597844.57243 118591574.37053 155982273.96669 158891452.73435 118995515.32894 128185983.74458 103916966.50397 55550280.19643 81967019.43262999 
88809241.51607999 101395945.02463 70491634.40242 74196371.03979999 67177139.6821 79497923.4835 81996970.33707 84895573.9929 42907946.81147 52578292.46078 88766624.95791 116816688.83387999 133820104.33818 97813604.89486 81048625.458 87474934.97935 117948639.95133999 136537403.88237998 144431952.0021 129124736.33803 113573388.29079999 113450585.72997999 137788304.61516 136718189.24333 116436257.14627999 131996740.30330999 37702369.6254 19645514.78431 0 4405459.95509 21956769.13705 54654937.81635 128858591.74011 128461628.70786 165684418.05877998 182116461.66518998 58729461.81343 61655597.043359995 92243359.35674 138237089.15484 157314558.66318 159456079.88936 99350000.54462999 108540468.96027 123562481.28828 35904765.41212 101612534.21693999 
93214701.47117 105801404.97972 74897094.35751 78601830.99489 62771679.72701 75092463.52840999 77591510.38197999 80490114.03780998 38502486.85638 48172832.50569 84361165.00282 112411228.87878999 129414644.38308999 102219064.84995 85454085.41309 91880394.93444 113543179.99625 132131943.92729 140026492.04701 124719276.38294 117978848.24588999 117856045.68507 133382844.66007 141123649.19842 120841717.10137 136402200.2584 42107829.58049 24050974.7394 4405459.95509 0 26362229.09214 59060397.77144 133264051.6952 124056168.75276999 170089878.01387 186521921.62028 63134921.76852 66061056.998449996 96648819.31183 142642549.10992998 152909098.70809 157471349.88731998 94944540.58954 112945928.91536 127967941.24337 31499305.45703 106017994.17202999 
110766010.65312998 123352714.16167998 92448403.53946999 96153140.17684999 89133908.81915 101454692.62055 103953739.47412 106852343.12995 64864715.94852 74535061.59783 110723394.09496 138773457.97092998 155776873.47522998 119770374.03191 103005394.59505 109431704.1164 139905409.08839 158494173.01942998 166388721.13915 151081505.47507998 135530157.42784998 135407354.86702996 159745073.75221 114761420.10628 138393026.28333 153953509.44035998 59659138.762449995 41602283.92136 21956769.13705 26362229.09214 0 76611706.9534 150815360.87715998 150418397.84491 187641187.19583 204073230.80223998 80686230.95048 83612366.18041 114200128.49379 160193858.29189 179271327.80023 181412849.02640998 121306769.68168 130497238.09732 145519250.42532998 57861534.54917 123569303.35398997 
59047165.876269996 71633869.38482 55293299.50119 58998036.138569996 85466076.59055999 97786860.39196 100285907.24553 103184510.90135999 97562884.62782 107233230.27713 143421562.77425998 146192794.93045 188475042.15453 152468542.71121 135703563.27435 142129872.79569998 130559294.30313998 111165313.08133 114782900.92451 127558450.1671 83811312.65099 80285742.34085 113913888.78501 113826431.14536 112197120.64323 96636637.4862 92357307.44174999 74300452.60066 54654937.81635 59060397.77144 76611706.9534 0 74203653.92376 144166357.20345 132519574.66964999 162942394.15342 113384399.62977998 116310534.85970998 146898297.17308998 179611506.61196 142462945.36187 148774891.87884998 134135812.87353 132869375.76874 143402815.87769 90559703.22847 71850458.57712999 
133250819.80003 145837523.30857998 129496953.42494999 133201690.06233 159669730.51432 171990514.31572 174489561.16928998 177388164.82511997 171696827.69478 157876850.3815 133885505.64214 148567070.58504 236209741.01818 182481190.20437998 147180863.97436 153607173.49571 139590936.71857998 103799054.33473 140390876.97025 159761050.26967 158014966.57475 154489396.26461 159279145.34914 180253889.31757998 175314777.35399 170840291.40995997 166560961.36551 148504106.52442 128858591.74011 133264051.6952 150815360.87715998 74203653.92376 0 120568682.4371 175732057.48241 206154876.96618 187588053.55354 190514188.78346997 221101951.09684998 253815160.53572 200350039.97797 181893341.98991 129236278.17399 125503117.02214 156260165.71389 164763357.15223 146054112.50089 
107190664.81592 119777368.32447 88873057.70226 92577794.33963999 119045834.79163 131366618.59303 133865665.44659999 136764269.10243 85553681.89638999 109230390.34439999 145418722.84153 179405419.10805 190472202.22179997 201897613.20067 182504820.11629 176078510.59494 165217910.38423 164775324.0809 162926399.86416 175701949.10674998 131954811.59064 131832009.02982 155959535.82393998 165754329.81517 189314959.90783 204875443.06486 157776032.16145998 139719177.32037 128461628.70786 124056168.75276999 150418397.84491 144166357.20345 120568682.4371 0 100027764.61438 130450584.09815 175113247.89933 172187112.66939998 212317021.89279997 213191264.81303 194009212.05084 196918390.81849998 114914634.36963 149606406.70433 118849358.01258 92556863.29574 119993957.51677999 
98946650.03143999 111533353.53999 95192783.65635999 98897520.29373999 125365560.74572998 137686344.54713 140185391.40069997 143083995.05653 141950870.80487 160541894.1508 196730226.64793 186092279.08562 189861960.22384998 160394699.41693 125094373.18691 131520682.70826 79027611.01573 71933003.14768 79827551.2674 99197724.56682 123710796.80615999 120185226.49601999 127413094.16208999 157510315.03068998 203850380.90986 214945130.96662998 164095758.11555997 146038903.27446997 165684418.05877995 170089878.01386994 187641187.19582996 132519574.66964999 175732057.48241 100027764.61438 0 30422819.48377 153809819.33552998 156735954.56546 206936842.16607 208505377.61352998 163530909.30838 150027290.80286 105566351.18983 152564785.63303 183302300.03285998 143868367.10214 111749942.73229998 
129369469.51520999 141956173.02376 125615603.14012998 129320339.77750999 155788380.2295 168109164.0309 170608210.88447 173506814.54029998 172373690.28864 190964713.63457 174829879.44913 208816575.71565 182449398.35066 190817518.90069997 155517192.67068 161943502.19202998 109450430.49949999 102355822.63145 110250370.75117 129620544.05059 154133616.28993 150608045.97978997 157835913.64586 187933134.51445997 217194410.62399 232754893.78102 144414092.03979 162470946.88088 182116461.66518998 186521921.62027997 204073230.80223998 162942394.15341997 206154876.96618 130450584.09815 30422819.48377 0 123386999.85176 126313135.08169 198955081.77113 238928197.0973 193953728.79215 180450110.28662997 135989170.6736 182987605.11679998 213725119.51663 174291186.58591 142172762.21607 
108247673.76088999 120834377.26944 89930066.64723 93634803.28460999 120102843.7366 132423627.53799999 134922674.39156997 137821278.0474 101637408.62489998 111307754.27420999 147496086.77133998 175546150.64730996 176677700.43056 117252037.13966998 139778087.27143 146204396.79277998 118566184.28299 124162943.61727999 132057491.73699999 151427665.03642 133011820.53560999 132889017.97478999 163114396.66963 140147476.6514 93807410.77223 109367893.92926 21027092.188029997 39083947.02912 58729461.81343 63134921.76852 80686230.95048 113384399.62978 187588053.55354 175113247.89933 153809819.33552998 123386999.85176 0 2926135.22993 75568081.91937 157675521.39964998 144940098.39808 197975399.76347 86975540.27953 133973974.72273 143000913.53309 94634227.22555 112383852.94402 
111173808.99081998 123760512.49936998 92856201.87715998 96560938.51453999 123028978.96652998 135349762.76792997 137848809.6215 140747413.27732998 104563543.85483 114233889.50413999 150422222.00127 178436012.37449998 179603835.66048998 120178172.3696 142704222.50136 149130532.02271 121492319.51291999 121236808.38735 129131356.50706999 148501529.80649 135937955.76553997 135815153.20471996 166040531.89955997 143073611.88133 96733546.00216 112294029.15919 23953227.417959996 42010082.25905 61655597.043359995 66061056.998449996 83612366.18041 116310534.85971 190514188.78346997 172187112.66939998 156735954.56546 126313135.08169 2926135.22993 0 78494217.1493 160601656.62958 142013963.16815 197425213.73754 84049405.0496 131047839.4928 145927048.76301998 97560362.45548 109457717.71408999 
141761571.3042 154348274.81274998 123443964.19053999 127148700.82791999 153616741.27991 165937525.08130997 168436571.93488 171335175.59070998 135151306.16821 144821651.81752 181009984.31465 209060048.19062 226063463.69492 150765934.68298 173291984.81474 179718294.33609 152080081.8263 181882508.67429 189777056.79400998 209147230.09342998 166525718.07891998 166402915.51809996 196628294.21293998 179614943.13139 133274877.25222 148835360.40925 54540989.73134 72597844.57243 92243359.35674 96648819.31183 114200128.49379 146898297.17308998 221101951.09684998 212317021.89279997 206936842.16607 198955081.77113 75568081.91937 78494217.1493 0 132383849.5107 220508180.31745 231489297.30677998 162543622.19889998 200783828.31701 176514811.07639998 128148124.76886 154564864.00506 
142635814.22443 155222517.73297998 124318207.11077 128022943.74814999 94145430.0214 81824646.22 84323693.07357 76426995.7106 132420985.69072999 142091331.34004 178279663.83717 212266360.10368997 223333143.21744 144489906.88327 158725729.93513 165152039.45648 129477766.5978 165269648.98165 173164197.10137 192534370.40079 167399960.99914998 149537562.82973 175113546.19749 201199479.22368 215382316.73249996 230942799.88952994 136648429.21161997 118591574.37053 138237089.15484 142642549.10992998 160193858.29189 179611506.61196 253815160.53572 213191264.81303 208505377.61352998 238928197.0973 157675521.39964998 160601656.62957996 132383849.5107 0 155417243.31029 185162442.13573998 188863039.42389 230119045.62254998 199361996.9308 125417804.29137999 155439106.92529 
108890020.72365999 121476724.23221 105136154.34857999 108840890.98595999 96708681.91049 84387898.10909 86886944.96266 78990247.59969 128412974.65041 138083320.29972 128521435.45389 125773378.76053 197365703.78414 185833341.20498997 150533014.97496998 144106705.45362 127389788.54455 120295180.6765 128189728.79621999 147559902.09564 133654167.49837999 62177203.021019995 90717779.19263 140057973.80517 168200877.52451998 183761360.68154997 165967190.58611 155982273.96669 157314558.66318 152909098.70809 179271327.80023 142462945.36187 200350039.97797 194009212.05084 163530909.30838 193953728.79215 144940098.39808 142013963.16815 220508180.31745 155417243.31029 0 55411250.56939 83107777.33875 130106211.78195 160863260.4737 121409793.25106 121693313.42451999 
89727726.00258 77141022.49403 108045333.11624 111750069.75362 126453880.73594 114133096.93453999 116632143.78810999 108735446.42514 132975225.82964 109298517.38163 73110184.8845 107096881.15101999 190540329.25902998 130422090.6356 95121764.40558 88695454.88423 113886170.03903 78094287.65518 114686110.2907 134056283.59012 136563346.26604 98943293.03562 133292247.64137 148291391.00182998 194631456.88099998 210191940.03802997 176948307.57544 158891452.73435 159456079.88936 157471349.88731998 181412849.02640998 148774891.87884998 181893341.98991 196918390.81849998 150027290.80286 180450110.28663 197975399.76347 197425213.73754 231489297.30677998 185162442.13573998 55411250.56939 0 138519027.90814 176681656.15833998 145924607.46659 125972044.43029 102531018.70344 
75088646.99726 87675350.50581 93406254.11092 97110990.74829999 94717609.40248999 107038393.20389 109537440.05746 112436043.71328999 70448416.53186 80118762.18117 116307094.6783 94386607.3249 139401145.66559 150792318.8272 115491992.59718 121918302.11852999 69425230.426 62330622.55795 70225170.67767 89595343.97709 121924267.26072 121801464.6999 117810713.57236 114435956.03413 160776021.9133 176336505.07033 108002632.46755998 118995515.32893999 99350000.54462999 94944540.58954 121306769.68168 134135812.87353 129236278.17399 114914634.36963 105566351.18983 135989170.6736 86975540.27952999 84049405.0496 162543622.19889998 188863039.42389 83107777.33875 138519027.90814 0 46998434.4432 77755483.13495 63445235.13251 87891939.69812 
122087081.44046 134673784.94900998 118866565.06825 115161828.43087001 141716043.84569 154036827.64709 156535874.50066 159434478.15649 117446850.97505999 127117196.62437 163305529.1215 141385041.7681 186399580.10878998 129712837.02548 94412510.79546 87986201.27411 116423664.86919999 109329057.00115 117223605.12087 136593778.42029 161948318.95663 156994512.84337 164809148.01556 161434390.47733 207774456.3565 223334939.51353 146242838.58567 128185983.74458 108540468.96027 112945928.91536 130497238.09732 132869375.76874 125503117.02214 149606406.70433 152564785.63303 182987605.11679998 133973974.72273 131047839.4928 200783828.31701 230119045.62254998 130106211.78195 176681656.15833998 46998434.4432 0 30757048.69175 110443669.57571 134890374.14132 
106427123.49015999 119013826.99870999 88109516.3765 84404779.73912 118282293.46587 130603077.26727 133102124.12084 136000727.77666998 148203899.66680998 137618600.8333 141540472.67637 172142090.45984998 184000864.42049 98955788.33373 63655462.103709996 57229152.58236 109722224.27489 140086105.6929 147980653.81261998 167350827.11203998 131191270.26487999 126237464.15162 154778040.32323 164990788.48940998 200707708.86593997 216268192.02296996 121973821.34505999 103916966.50397 123562481.28828 127967941.24337 145519250.42532998 143402815.87769 156260165.71389 118849358.01258 183302300.03285998 213725119.51663 143000913.53309 145927048.76301998 176514811.07639998 199361996.9308 160863260.4737 145924607.46659 77755483.13495 30757048.69175 0 141200718.26746 119230416.19101998 
72078875.66152 84665579.17007 61445151.359349996 65149887.99673 31272374.26998 43593158.07138 46092204.924949996 48990808.58078 7003181.39935 16673527.04866 52861859.54579 86848555.81231 97915338.92605999 116511047.06659 90636665.77825 97062975.29959999 82043874.53922 100632638.47026 108527186.58997999 127897359.88939999 96843022.43623999 96720219.87542 101883539.20304 130642540.66077 152341022.55839998 167901505.71542996 73607135.03751999 55550280.19643 35904765.41212 31499305.45703 57861534.54917 90559703.22847 164763357.15223 92556863.29574 143868367.10214 174291186.58591 94634227.22554998 97560362.45547998 128148124.76885998 125417804.29137999 121409793.25106 125972044.43029 63445235.13251 110443669.57571 141200718.26746 0 84882168.36238 
12803292.70086 25389996.209409997 31120899.81452 34825636.4519 61293676.90389 73614460.70528999 76113507.55885999 79012111.21468998 77878986.96303 101555695.41104 133935618.02155998 99948921.75503999 174897619.43319 81903655.68389 117203981.91391 123630291.43526 84315421.12773 107023166.19316 90610501.23784 103386050.48042999 59638912.96432 59516110.4035 81285042.92038 45760372.29839 92100438.17756 107660921.33459 100023874.27371998 81967019.43262999 101612534.21693999 106017994.17202999 123569303.35398999 71850458.57712999 146054112.50089 119993957.51678 111749942.73229998 142172762.21607 112383852.94401999 109457717.71408999 154564864.00506 155439106.92529 121693313.42451999 102531018.70344 87891939.69812 134890374.14132 119230416.19102 84882168.36238 0 
