82
2 5 4 29 45 44 41 35 38 31 50 51 52 53 58 59 62 63 66 68 69 1 121 163 166 167 168 170 183 188 191 195 196 198 172 175 177 73 74 75 76 77 78 79 80 81 91 93 95 90 107 108 113 118 100 131 132 134 136 128 140 141 142 147 148 150 146 153 154 158 64 9 11 13 15 17 10 21 24 25 26 0
0 995272.0 995678.0 1966903.0 3386935.0 3861529.0 4372678.0 3895652.0 4854450.0 2449695.0 3855086.0 4326381.0 4797505.0 5267694.0 5186781.0 5183282.0 4249983.0 3784366.0 2854065.0 1925746.0 1462203.0 999171.0 2362468.0 2776719.0 4016803.0 4429621.0 4841577.0 5664536.0 6070691.0 7285817.0 7688624.0 9292209.0 9691614.0 10488408.0 6074211.0 6483198.0 6482666.0 2386456.0 2847838.0 3308482.0 3768952.0 4229288.0 4689575.0 5149598.0 5609493.0 6068888.0 2842214.0 3296109.0 3749546.0 2842268.0 4179101.0 4623326.0 6395246.0 8153406.0 4648725.0 3664936.0 4096254.0 4957947.0 5817206.0 3665706.0 4082778.0 4509685.0 4935689.0 6207640.0 6629206.0 7047440.0 6208631.0 7045300.0 7463091.0 9129649.0 3318934.0 2979480.0 3474950.0 4464158.0 4956875.0 5939924.0 3475031.0 4454180.0 5429308.0 5916781.0 6403607.0 499171.0 
995272.0 0 994496.0 1965721.0 3385753.0 3860347.0 4371496.0 3894470.0 4853268.0 2448513.0 3853904.0 4325199.0 4796323.0 5266512.0 6182053.0 6178554.0 5245255.0 4779638.0 3849337.0 2921018.0 2457475.0 1994443.0 3357740.0 3771991.0 5012075.0 5424893.0 5836849.0 6659808.0 7065963.0 8281089.0 8683896.0 10287481.0 10686886.0 11483680.0 7069483.0 7478470.0 7477938.0 3381728.0 3843110.0 4303754.0 4764224.0 5224560.0 5684847.0 6144870.0 6604765.0 7064160.0 3837486.0 4291381.0 4744818.0 3837540.0 5174373.0 5618598.0 7390518.0 9148678.0 5643997.0 4660208.0 5091526.0 5953219.0 6812478.0 4660978.0 5078050.0 5504957.0 5930961.0 7202912.0 7624478.0 8042712.0 7203903.0 8040572.0 8458363.0 10124921.0 4314206.0 1984208.0 2479678.0 3468886.0 3961603.0 4944652.0 2479759.0 3458908.0 4434036.0 4921509.0 5408335.0 1494443.0 
995678.0 994496.0 0 971225.0 2391257.0 2865851.0 3377000.0 2899974.0 3858772.0 1454017.0 2859408.0 3330703.0 3801827.0 4272016.0 5678618.0 6146139.0 5245661.0 4780044.0 3849743.0 2921424.0 2457881.0 1994849.0 3358146.0 3772397.0 5012481.0 5425299.0 5837255.0 6660214.0 7066369.0 8281495.0 8684302.0 10287887.0 10687292.0 11484086.0 7069889.0 7478876.0 7478344.0 3382134.0 3843516.0 4304160.0 4764630.0 5224966.0 5685253.0 6145276.0 6605171.0 7064566.0 3837892.0 4291787.0 4745224.0 3837946.0 5174779.0 5619004.0 7390924.0 9149084.0 5644403.0 4660614.0 5091932.0 5953625.0 6812884.0 4661384.0 5078456.0 5505363.0 5931367.0 7203318.0 7624884.0 8043118.0 7204309.0 8040978.0 8458769.0 10125327.0 4314612.0 2978704.0 3474174.0 4463382.0 4956099.0 5939148.0 3474255.0 4453404.0 5428532.0 5916005.0 6402831.0 1494849.0 
1966903.0 1965721.0 971225.0 0 1420032.0 1894626.0 2844604.0 2899051.0 3857849.0 1453094.0 1888183.0 2359478.0 2830602.0 3300791.0 4707393.0 5174914.0 5638549.0 5172932.0 4820968.0 3892649.0 3429106.0 2966074.0 4329371.0 4743622.0 5983706.0 6396524.0 6808480.0 7631439.0 8037594.0 9252720.0 9655527.0 11259112.0 11658517.0 12455311.0 8041114.0 8450101.0 8449569.0 4353359.0 4814741.0 5275385.0 5735855.0 6196191.0 6656478.0 7116501.0 7576396.0 8035791.0 4809117.0 5263012.0 5716449.0 4809171.0 6146004.0 6590229.0 8362149.0 10120309.0 6615628.0 5631839.0 6063157.0 6924850.0 7784109.0 5632609.0 6049681.0 6476588.0 6902592.0 8174543.0 8596109.0 9014343.0 8175534.0 9012203.0 9429994.0 11096552.0 5285837.0 3949929.0 4445399.0 5434607.0 5927324.0 6910373.0 4445480.0 5424629.0 6399757.0 6887230.0 7374056.0 2466074.0 
3386935.0 3385753.0 2391257.0 1420032.0 0 474594.0 1424572.0 2863328.0 3822126.0 2873126.0 2362301.0 2833596.0 3304720.0 3774909.0 5181511.0 5649032.0 6112667.0 5647050.0 6241000.0 5312681.0 4849138.0 4386106.0 5749403.0 6163654.0 7403738.0 7816556.0 8228512.0 9051471.0 9457626.0 10672752.0 11075559.0 12679144.0 13078549.0 13875343.0 9461146.0 9870133.0 9869601.0 5773391.0 6234773.0 6695417.0 7155887.0 7616223.0 8076510.0 8536533.0 8996428.0 9455823.0 6229149.0 6683044.0 7136481.0 6229203.0 7566036.0 8010261.0 9782181.0 11540341.0 8035660.0 7051871.0 7483189.0 8344882.0 9204141.0 7052641.0 7469713.0 7896620.0 8322624.0 9594575.0 10016141.0 10434375.0 9595566.0 10432235.0 10850026.0 12516584.0 6112482.0 5369961.0 5865431.0 6854639.0 7347356.0 8330405.0 5865512.0 6844661.0 7819789.0 8307262.0 8794088.0 3886106.0 
3861529.0 3860347.0 2865851.0 1894626.0 474594.0 0 949978.0 2388734.0 3347532.0 2872961.0 2836895.0 3308190.0 3779314.0 4249503.0 5656105.0 6123626.0 6587261.0 6121644.0 6715594.0 5787275.0 5323732.0 4860700.0 6223997.0 6638248.0 7878332.0 8291150.0 8703106.0 9526065.0 9932220.0 11147346.0 11550153.0 13153738.0 13553143.0 14349937.0 9935740.0 10344727.0 10344195.0 6247985.0 6709367.0 7170011.0 7630481.0 8090817.0 8551104.0 9011127.0 9471022.0 9930417.0 6703743.0 7157638.0 7611075.0 6703797.0 8040630.0 8484855.0 10256775.0 12014935.0 8510254.0 7526465.0 7957783.0 8819476.0 9678735.0 7527235.0 7944307.0 8371214.0 8797218.0 10069169.0 10490735.0 10908969.0 10070160.0 10906829.0 11324620.0 12991178.0 6587076.0 5844555.0 6340025.0 7329233.0 7821950.0 8804999.0 6340106.0 7319255.0 8294383.0 8781856.0 9268682.0 4360700.0 
4372678.0 4371496.0 3377000.0 2844604.0 1424572.0 949978.0 0 1438756.0 2397554.0 1922983.0 3786873.0 4258168.0 4729292.0 5199481.0 6606083.0 7073604.0 7537239.0 7071622.0 7226743.0 6298424.0 5834881.0 5371849.0 6735146.0 7149397.0 8389481.0 8802299.0 9214255.0 10037214.0 10443369.0 11658495.0 12061302.0 13664887.0 14064292.0 14861086.0 10446889.0 10855876.0 10855344.0 6759134.0 7220516.0 7681160.0 8141630.0 8601966.0 9062253.0 9522276.0 9982171.0 10441566.0 7214892.0 7668787.0 8122224.0 7214946.0 8551779.0 8996004.0 10767924.0 12526084.0 9021403.0 8037614.0 8468932.0 9330625.0 10189884.0 8038384.0 8455456.0 8882363.0 9308367.0 10580318.0 11001884.0 11420118.0 10581309.0 11417978.0 11835769.0 13502327.0 7537054.0 6355704.0 6851174.0 7840382.0 8333099.0 9316148.0 6851255.0 7830404.0 8805532.0 9293005.0 9779831.0 4871849.0 
3895652.0 3894470.0 2899974.0 2899051.0 2863328.0 2388734.0 1438756.0 0 958798.0 1445957.0 4787234.0 5258529.0 5729653.0 6199842.0 7606444.0 8073965.0 8145635.0 7680018.0 6749717.0 5821398.0 5357855.0 4894823.0 6258120.0 6672371.0 7912455.0 8325273.0 8737229.0 9560188.0 9966343.0 11181469.0 11584276.0 13187861.0 13587266.0 14384060.0 9969863.0 10378850.0 10378318.0 6282108.0 6743490.0 7204134.0 7664604.0 8124940.0 8585227.0 9045250.0 9505145.0 9964540.0 6737866.0 7191761.0 7645198.0 6737920.0 8074753.0 8518978.0 10290898.0 12049058.0 8544377.0 7560588.0 7991906.0 8853599.0 9712858.0 7561358.0 7978430.0 8405337.0 8831341.0 10103292.0 10524858.0 10943092.0 10104283.0 10940952.0 11358743.0 13025301.0 7214586.0 5878678.0 6374148.0 7363356.0 7856073.0 8839122.0 6374229.0 7353378.0 8328506.0 8815979.0 9302805.0 4394823.0 
4854450.0 4853268.0 3858772.0 3857849.0 3822126.0 3347532.0 2397554.0 958798.0 0 2404755.0 5746032.0 6217327.0 6688451.0 7158640.0 8565242.0 9032763.0 9104433.0 8638816.0 7708515.0 6780196.0 6316653.0 5853621.0 7216918.0 7631169.0 8871253.0 9284071.0 9696027.0 10518986.0 10925141.0 12140267.0 12543074.0 14146659.0 14546064.0 15342858.0 10928661.0 11337648.0 11337116.0 7240906.0 7702288.0 8162932.0 8623402.0 9083738.0 9544025.0 10004048.0 10463943.0 10923338.0 7696664.0 8150559.0 8603996.0 7696718.0 9033551.0 9477776.0 11249696.0 13007856.0 9503175.0 8519386.0 8950704.0 9812397.0 10671656.0 8520156.0 8937228.0 9364135.0 9790139.0 11062090.0 11483656.0 11901890.0 11063081.0 11899750.0 12317541.0 13984099.0 8173384.0 6837476.0 7332946.0 8322154.0 8814871.0 9797920.0 7333027.0 8312176.0 9287304.0 9774777.0 10261603.0 5353621.0 
2449695.0 2448513.0 1454017.0 1453094.0 2873126.0 2872961.0 1922983.0 1445957.0 2404755.0 0 3341277.0 3812572.0 4283696.0 4753885.0 6160487.0 6628008.0 6699678.0 6234061.0 5303760.0 4375441.0 3911898.0 3448866.0 4812163.0 5226414.0 6466498.0 6879316.0 7291272.0 8114231.0 8520386.0 9735512.0 10138319.0 11741904.0 12141309.0 12938103.0 8523906.0 8932893.0 8932361.0 4836151.0 5297533.0 5758177.0 6218647.0 6678983.0 7139270.0 7599293.0 8059188.0 8518583.0 5291909.0 5745804.0 6199241.0 5291963.0 6628796.0 7073021.0 8844941.0 10603101.0 7098420.0 6114631.0 6545949.0 7407642.0 8266901.0 6115401.0 6532473.0 6959380.0 7385384.0 8657335.0 9078901.0 9497135.0 8658326.0 9494995.0 9912786.0 11579344.0 5768629.0 4432721.0 4928191.0 5917399.0 6410116.0 7393165.0 4928272.0 5907421.0 6882549.0 7370022.0 7856848.0 2948866.0 
3855086.0 3853904.0 2859408.0 1888183.0 2362301.0 2836895.0 3786873.0 4787234.0 5746032.0 3341277.0 0 471295.0 942419.0 1412608.0 2819210.0 3286731.0 3750366.0 3284749.0 4215050.0 5143369.0 5317289.0 4854257.0 6217554.0 6631805.0 7871889.0 8284707.0 8696663.0 9519622.0 9925777.0 11140903.0 11543710.0 13147295.0 13546700.0 14343494.0 9929297.0 10338284.0 10337752.0 6241542.0 6702924.0 7163568.0 7624038.0 8084374.0 8544661.0 9004684.0 9464579.0 9923974.0 6697300.0 7151195.0 7604632.0 6697354.0 8034187.0 8478412.0 10250332.0 12008492.0 8503811.0 7520022.0 7951340.0 8813033.0 9672292.0 7520792.0 7937864.0 8364771.0 8790775.0 10062726.0 10484292.0 10902526.0 10063717.0 10900386.0 11318177.0 12984735.0 3750181.0 5838112.0 6333582.0 7322790.0 7815507.0 8798556.0 6333663.0 7312812.0 8287940.0 8775413.0 9262239.0 4354257.0 
4326381.0 4325199.0 3330703.0 2359478.0 2833596.0 3308190.0 4258168.0 5258529.0 6217327.0 3812572.0 471295.0 0 471124.0 941313.0 2347915.0 2815436.0 3279071.0 2813454.0 3743755.0 4672074.0 5135617.0 5325552.0 6035882.0 6450133.0 7690217.0 8103035.0 8514991.0 9337950.0 9744105.0 10959231.0 11362038.0 12965623.0 13365028.0 14161822.0 9747625.0 10156612.0 10156080.0 6059870.0 6521252.0 6981896.0 7442366.0 7902702.0 8362989.0 8823012.0 9282907.0 9742302.0 6515628.0 6969523.0 7422960.0 6515682.0 7852515.0 8296740.0 10068660.0 11826820.0 8322139.0 7338350.0 7769668.0 8631361.0 9490620.0 7339120.0 7756192.0 8183099.0 8609103.0 9881054.0 10302620.0 10720854.0 9882045.0 10718714.0 11136505.0 12803063.0 3278886.0 6309407.0 6804877.0 7794085.0 8286802.0 9269851.0 6804958.0 7784107.0 8759235.0 9246708.0 9733534.0 4825552.0 
4797505.0 4796323.0 3801827.0 2830602.0 3304720.0 3779314.0 4729292.0 5729653.0 6688451.0 4283696.0 942419.0 471124.0 0 470189.0 1876791.0 2344312.0 2807947.0 2342330.0 3272631.0 4200950.0 4664493.0 5127525.0 5564758.0 5979009.0 7219093.0 7631911.0 8043867.0 8866826.0 9272981.0 10488107.0 10890914.0 12494499.0 12893904.0 13690698.0 9276501.0 9685488.0 9684956.0 5588746.0 6050128.0 6510772.0 6971242.0 7431578.0 7891865.0 8351888.0 8811783.0 9271178.0 6044504.0 6498399.0 6951836.0 6044558.0 7381391.0 7825616.0 9597536.0 11355696.0 7851015.0 6867226.0 7298544.0 8160237.0 9019496.0 6867996.0 7285068.0 7711975.0 8137979.0 9409930.0 9831496.0 10249730.0 9410921.0 10247590.0 10665381.0 12331939.0 2807762.0 6780531.0 7276001.0 8265209.0 8757926.0 9740975.0 7276082.0 8255231.0 9230359.0 9717832.0 10204658.0 5296676.0 
5267694.0 5266512.0 4272016.0 3300791.0 3774909.0 4249503.0 5199481.0 6199842.0 7158640.0 4753885.0 1412608.0 941313.0 470189.0 0 1406602.0 1874123.0 2337758.0 1872141.0 2802442.0 3730761.0 4194304.0 4657336.0 5094569.0 5508820.0 6748904.0 7161722.0 7573678.0 8396637.0 8802792.0 10017918.0 10420725.0 12024310.0 12423715.0 13220509.0 8806312.0 9215299.0 9214767.0 5118557.0 5579939.0 6040583.0 6501053.0 6961389.0 7421676.0 7881699.0 8341594.0 8800989.0 5574315.0 6028210.0 6481647.0 5574369.0 6911202.0 7355427.0 9127347.0 10885507.0 7380826.0 6397037.0 6828355.0 7690048.0 8549307.0 6397807.0 6814879.0 7241786.0 7667790.0 8939741.0 9361307.0 9779541.0 8940732.0 9777401.0 10195192.0 11861750.0 2337573.0 7250720.0 7746190.0 8735398.0 9228115.0 10211164.0 7746271.0 8725420.0 9700548.0 10188021.0 10674847.0 5157336.0 
5186781.0 6182053.0 5678618.0 4707393.0 5181511.0 5656105.0 6606083.0 7606444.0 8565242.0 6160487.0 2819210.0 2347915.0 1876791.0 1406602.0 0 467521.0 1400820.0 1402415.0 2332716.0 3261035.0 3724578.0 4187610.0 4624843.0 5039094.0 6279178.0 6691996.0 7103952.0 7926911.0 8333066.0 9548192.0 9950999.0 11554584.0 11953989.0 12750783.0 8336586.0 8745573.0 8745041.0 4648831.0 5110213.0 5570857.0 6031327.0 6491663.0 6951950.0 7411973.0 7871868.0 8331263.0 5104589.0 5558484.0 6011921.0 5104643.0 6441476.0 6885701.0 8657621.0 10415781.0 6911100.0 5927311.0 6358629.0 7220322.0 8079581.0 5928081.0 6345153.0 6772060.0 7198064.0 8470015.0 8891581.0 9309815.0 8471006.0 9307675.0 9725466.0 11392024.0 1867847.0 8166261.0 8661731.0 9650939.0 10143656.0 11126705.0 8661812.0 9640961.0 10616089.0 11103562.0 11590388.0 4687610.0 
5183282.0 6178554.0 6146139.0 5174914.0 5649032.0 6123626.0 7073604.0 8073965.0 9032763.0 6628008.0 3286731.0 2815436.0 2344312.0 1874123.0 467521.0 0 933299.0 1398916.0 2329217.0 3257536.0 3721079.0 4184111.0 4621344.0 5035595.0 6275679.0 6688497.0 7100453.0 7923412.0 8329567.0 9544693.0 9947500.0 11551085.0 11950490.0 12747284.0 8333087.0 8742074.0 8741542.0 4645332.0 5106714.0 5567358.0 6027828.0 6488164.0 6948451.0 7408474.0 7868369.0 8327764.0 5101090.0 5554985.0 6008422.0 5101144.0 6437977.0 6882202.0 8654122.0 10412282.0 6907601.0 5923812.0 6355130.0 7216823.0 8076082.0 5924582.0 6341654.0 6768561.0 7194565.0 8466516.0 8888082.0 9306316.0 8467507.0 9304176.0 9721967.0 11388525.0 1864348.0 8162762.0 8658232.0 9647440.0 10140157.0 11123206.0 8658313.0 9637462.0 10612590.0 11100063.0 11586889.0 4684111.0 
4249983.0 5245255.0 5245661.0 5638549.0 6112667.0 6587261.0 7537239.0 8145635.0 9104433.0 6699678.0 3750366.0 3279071.0 2807947.0 2337758.0 1400820.0 933299.0 0 465617.0 1395918.0 2324237.0 2787780.0 3250812.0 3688045.0 4102296.0 5342380.0 5755198.0 6167154.0 6990113.0 7396268.0 8611394.0 9014201.0 10617786.0 11017191.0 11813985.0 7399788.0 7808775.0 7808243.0 3712033.0 4173415.0 4634059.0 5094529.0 5554865.0 6015152.0 6475175.0 6935070.0 7394465.0 4167791.0 4621686.0 5075123.0 4167845.0 5504678.0 5948903.0 7720823.0 9478983.0 5974302.0 4990513.0 5421831.0 6283524.0 7142783.0 4991283.0 5408355.0 5835262.0 6261266.0 7533217.0 7954783.0 8373017.0 7534208.0 8370877.0 8788668.0 10455226.0 931049.0 7229463.0 7724933.0 8714141.0 9206858.0 10189907.0 7725014.0 8704163.0 9679291.0 10166764.0 10653590.0 3750812.0 
3784366.0 4779638.0 4780044.0 5172932.0 5647050.0 6121644.0 7071622.0 7680018.0 8638816.0 6234061.0 3284749.0 2813454.0 2342330.0 1872141.0 1402415.0 1398916.0 465617.0 0 930301.0 1858620.0 2322163.0 2785195.0 3222428.0 3636679.0 4876763.0 5289581.0 5701537.0 6524496.0 6930651.0 8145777.0 8548584.0 10152169.0 10551574.0 11348368.0 6934171.0 7343158.0 7342626.0 3246416.0 3707798.0 4168442.0 4628912.0 5089248.0 5549535.0 6009558.0 6469453.0 6928848.0 3702174.0 4156069.0 4609506.0 3702228.0 5039061.0 5483286.0 7255206.0 9013366.0 5508685.0 4524896.0 4956214.0 5817907.0 6677166.0 4525666.0 4942738.0 5369645.0 5795649.0 7067600.0 7489166.0 7907400.0 7068591.0 7905260.0 8323051.0 9989609.0 465432.0 6763846.0 7259316.0 8248524.0 8741241.0 9724290.0 7259397.0 8238546.0 9213674.0 9701147.0 10187973.0 3285195.0 
2854065.0 3849337.0 3849743.0 4820968.0 6241000.0 6715594.0 7226743.0 6749717.0 7708515.0 5303760.0 4215050.0 3743755.0 3272631.0 2802442.0 2332716.0 2329217.0 1395918.0 930301.0 0 928319.0 1391862.0 1854894.0 2292127.0 2706378.0 3946462.0 4359280.0 4771236.0 5594195.0 6000350.0 7215476.0 7618283.0 9221868.0 9621273.0 10418067.0 6003870.0 6412857.0 6412325.0 2316115.0 2777497.0 3238141.0 3698611.0 4158947.0 4619234.0 5079257.0 5539152.0 5998547.0 2771873.0 3225768.0 3679205.0 2771927.0 4108760.0 4552985.0 6324905.0 8083065.0 4578384.0 3594595.0 4025913.0 4887606.0 5746865.0 3595365.0 4012437.0 4439344.0 4865348.0 6137299.0 6558865.0 6977099.0 6138290.0 6974959.0 7392750.0 9059308.0 464869.0 5833545.0 6329015.0 7318223.0 7810940.0 8793989.0 6329096.0 7308245.0 8283373.0 8770846.0 9257672.0 2354894.0 
1925746.0 2921018.0 2921424.0 3892649.0 5312681.0 5787275.0 6298424.0 5821398.0 6780196.0 4375441.0 5143369.0 4672074.0 4200950.0 3730761.0 3261035.0 3257536.0 2324237.0 1858620.0 928319.0 0 463543.0 926575.0 1363808.0 1778059.0 3018143.0 3430961.0 3842917.0 4665876.0 5072031.0 6287157.0 6689964.0 8293549.0 8692954.0 9489748.0 5075551.0 5484538.0 5484006.0 1387796.0 1849178.0 2309822.0 2770292.0 3230628.0 3690915.0 4150938.0 4610833.0 5070228.0 1843554.0 2297449.0 2750886.0 1843608.0 3180441.0 3624666.0 5396586.0 7154746.0 3650065.0 2666276.0 3097594.0 3959287.0 4818546.0 2667046.0 3084118.0 3511025.0 3937029.0 5208980.0 5630546.0 6048780.0 5209971.0 6046640.0 6464431.0 8130989.0 1393188.0 4905226.0 5400696.0 6389904.0 6882621.0 7865670.0 5400777.0 6379926.0 7355054.0 7842527.0 8329353.0 1426575.0 
1462203.0 2457475.0 2457881.0 3429106.0 4849138.0 5323732.0 5834881.0 5357855.0 6316653.0 3911898.0 5317289.0 5135617.0 4664493.0 4194304.0 3724578.0 3721079.0 2787780.0 2322163.0 1391862.0 463543.0 0 463032.0 900265.0 1314516.0 2554600.0 2967418.0 3379374.0 4202333.0 4608488.0 5823614.0 6226421.0 7830006.0 8229411.0 9026205.0 4612008.0 5020995.0 5020463.0 924253.0 1385635.0 1846279.0 2306749.0 2767085.0 3227372.0 3687395.0 4147290.0 4606685.0 1380011.0 1833906.0 2287343.0 1380065.0 2716898.0 3161123.0 4933043.0 6691203.0 3186522.0 2202733.0 2634051.0 3495744.0 4355003.0 2203503.0 2620575.0 3047482.0 3473486.0 4745437.0 5167003.0 5585237.0 4746428.0 5583097.0 6000888.0 7667446.0 1856731.0 4441683.0 4937153.0 5926361.0 6419078.0 7402127.0 4937234.0 5916383.0 6891511.0 7378984.0 7865810.0 963032.0 
999171.0 1994443.0 1994849.0 2966074.0 4386106.0 4860700.0 5371849.0 4894823.0 5853621.0 3448866.0 4854257.0 5325552.0 5127525.0 4657336.0 4187610.0 4184111.0 3250812.0 2785195.0 1854894.0 926575.0 463032.0 0 1363297.0 1777548.0 3017632.0 3430450.0 3842406.0 4665365.0 5071520.0 6286646.0 6689453.0 8293038.0 8692443.0 9489237.0 5075040.0 5484027.0 5483495.0 1387285.0 1848667.0 2309311.0 2769781.0 3230117.0 3690404.0 4150427.0 4610322.0 5069717.0 1843043.0 2296938.0 2750375.0 1843097.0 3179930.0 3624155.0 5396075.0 7154235.0 3649554.0 2665765.0 3097083.0 3958776.0 4818035.0 2666535.0 3083607.0 3510514.0 3936518.0 5208469.0 5630035.0 6048269.0 5209460.0 6046129.0 6463920.0 8130478.0 2319763.0 3978651.0 4474121.0 5463329.0 5956046.0 6939095.0 4474202.0 5453351.0 6428479.0 6915952.0 7402778.0 500000.0 
2362468.0 3357740.0 3358146.0 4329371.0 5749403.0 6223997.0 6735146.0 6258120.0 7216918.0 4812163.0 6217554.0 6035882.0 5564758.0 5094569.0 4624843.0 4621344.0 3688045.0 3222428.0 2292127.0 1363808.0 900265.0 1363297.0 0 414251.0 1654335.0 2067153.0 2479109.0 3302068.0 3708223.0 4923349.0 5326156.0 6929741.0 7329146.0 8125940.0 3711743.0 4120730.0 4120198.0 1824518.0 2285900.0 2746544.0 3207014.0 3667350.0 4127637.0 4587660.0 5047555.0 5506950.0 2280276.0 2734171.0 3187608.0 2280330.0 3617163.0 4061388.0 5833308.0 7591468.0 4086787.0 2177052.0 2608370.0 3470063.0 4329322.0 2177822.0 2594894.0 3021801.0 3447805.0 4719756.0 5141322.0 5559556.0 4720747.0 5557416.0 5975207.0 7641765.0 2756996.0 5341948.0 5837418.0 6826626.0 7319343.0 8302392.0 5837499.0 6816648.0 7791776.0 8279249.0 8766075.0 1863297.0 
2776719.0 3771991.0 3772397.0 4743622.0 6163654.0 6638248.0 7149397.0 6672371.0 7631169.0 5226414.0 6631805.0 6450133.0 5979009.0 5508820.0 5039094.0 5035595.0 4102296.0 3636679.0 2706378.0 1778059.0 1314516.0 1777548.0 414251.0 0 1240084.0 1652902.0 2064858.0 2887817.0 3293972.0 4509098.0 4911905.0 6515490.0 6914895.0 7711689.0 3297492.0 3706479.0 3705947.0 2238769.0 2700151.0 3160795.0 3621265.0 4081601.0 4541888.0 5001911.0 5461806.0 5921201.0 2694527.0 3148422.0 3601859.0 2694581.0 4031414.0 4475639.0 6247559.0 8005719.0 4501038.0 2591303.0 3022621.0 3884314.0 4743573.0 2592073.0 3009145.0 3436052.0 3862056.0 5134007.0 5555573.0 5973807.0 5134998.0 5971667.0 6389458.0 8056016.0 3171247.0 5756199.0 6251669.0 7240877.0 7733594.0 8716643.0 6251750.0 7230899.0 8206027.0 8693500.0 9180326.0 2277548.0 
4016803.0 5012075.0 5012481.0 5983706.0 7403738.0 7878332.0 8389481.0 7912455.0 8871253.0 6466498.0 7871889.0 7690217.0 7219093.0 6748904.0 6279178.0 6275679.0 5342380.0 4876763.0 3946462.0 3018143.0 2554600.0 3017632.0 1654335.0 1240084.0 0 412818.0 824774.0 1647733.0 2053888.0 3269014.0 3671821.0 5275406.0 5674811.0 6471605.0 2057408.0 2466395.0 2465863.0 3478853.0 3940235.0 4400879.0 4861349.0 5321685.0 5781972.0 6241995.0 6701890.0 7161285.0 3934611.0 4388506.0 4841943.0 3934665.0 5271498.0 5715723.0 7487643.0 9245803.0 5741122.0 3831387.0 4262705.0 5124398.0 5983657.0 3832157.0 4249229.0 4676136.0 5102140.0 6374091.0 6795657.0 7213891.0 6375082.0 7211751.0 7629542.0 9296100.0 4411331.0 6996283.0 7491753.0 8480961.0 8973678.0 9956727.0 7491834.0 8470983.0 9446111.0 9933584.0 10420410.0 3517632.0 
4429621.0 5424893.0 5425299.0 6396524.0 7816556.0 8291150.0 8802299.0 8325273.0 9284071.0 6879316.0 8284707.0 8103035.0 7631911.0 7161722.0 6691996.0 6688497.0 5755198.0 5289581.0 4359280.0 3430961.0 2967418.0 3430450.0 2067153.0 1652902.0 412818.0 0 411956.0 1234915.0 1641070.0 2856196.0 3259003.0 4862588.0 5261993.0 6058787.0 1644590.0 2053577.0 2053045.0 3891671.0 4353053.0 4813697.0 5274167.0 5734503.0 6194790.0 6654813.0 7114708.0 7574103.0 4347429.0 4801324.0 5254761.0 4347483.0 5684316.0 6128541.0 7900461.0 9658621.0 6153940.0 4244205.0 4675523.0 5537216.0 6396475.0 4244975.0 4662047.0 5088954.0 5514958.0 6786909.0 7208475.0 7626709.0 6787900.0 7624569.0 8042360.0 9708918.0 4824149.0 7409101.0 7904571.0 8893779.0 9386496.0 10369545.0 7904652.0 8883801.0 9858929.0 10346402.0 10833228.0 3930450.0 
4841577.0 5836849.0 5837255.0 6808480.0 8228512.0 8703106.0 9214255.0 8737229.0 9696027.0 7291272.0 8696663.0 8514991.0 8043867.0 7573678.0 7103952.0 7100453.0 6167154.0 5701537.0 4771236.0 3842917.0 3379374.0 3842406.0 2479109.0 2064858.0 824774.0 411956.0 0 822959.0 1229114.0 2444240.0 2847047.0 4450632.0 4850037.0 5646831.0 1232634.0 1641621.0 1641089.0 4303627.0 4765009.0 5225653.0 5686123.0 6146459.0 6606746.0 7066769.0 7526664.0 7986059.0 4759385.0 5213280.0 5666717.0 4759439.0 6096272.0 6540497.0 8312417.0 10070577.0 6565896.0 4656161.0 5087479.0 5949172.0 6808431.0 4656931.0 5074003.0 5500910.0 5926914.0 7198865.0 7620431.0 8038665.0 7199856.0 8036525.0 8454316.0 10120874.0 5236105.0 7821057.0 8316527.0 9305735.0 9798452.0 10781501.0 8316608.0 9295757.0 10270885.0 10758358.0 11245184.0 4342406.0 
5664536.0 6659808.0 6660214.0 7631439.0 9051471.0 9526065.0 10037214.0 9560188.0 10518986.0 8114231.0 9519622.0 9337950.0 8866826.0 8396637.0 7926911.0 7923412.0 6990113.0 6524496.0 5594195.0 4665876.0 4202333.0 4665365.0 3302068.0 2887817.0 1647733.0 1234915.0 822959.0 0 406155.0 1621281.0 2024088.0 3627673.0 4027078.0 4823872.0 1231861.0 1640848.0 1640316.0 5126586.0 5587968.0 6048612.0 6509082.0 6969418.0 7429705.0 7889728.0 8349623.0 8809018.0 5582344.0 6036239.0 6489676.0 5582398.0 6919231.0 7363456.0 9135376.0 10893536.0 7388855.0 5479120.0 5910438.0 6772131.0 7631390.0 5479890.0 5896962.0 6323869.0 6749873.0 8021824.0 8443390.0 8861624.0 8022815.0 8859484.0 9277275.0 10943833.0 6059064.0 8644016.0 9139486.0 10128694.0 10621411.0 11604460.0 9139567.0 10118716.0 11093844.0 11581317.0 12068143.0 5165365.0 
6070691.0 7065963.0 7066369.0 8037594.0 9457626.0 9932220.0 10443369.0 9966343.0 10925141.0 8520386.0 9925777.0 9744105.0 9272981.0 8802792.0 8333066.0 8329567.0 7396268.0 6930651.0 6000350.0 5072031.0 4608488.0 5071520.0 3708223.0 3293972.0 2053888.0 1641070.0 1229114.0 406155.0 0 1215126.0 1617933.0 3221518.0 3620923.0 4417717.0 1638016.0 2047003.0 2046471.0 5532741.0 5994123.0 6454767.0 6915237.0 7375573.0 7835860.0 8295883.0 8755778.0 9215173.0 5988499.0 6442394.0 6895831.0 5988553.0 7325386.0 7769611.0 9541531.0 11299691.0 7795010.0 5885275.0 6316593.0 7178286.0 8037545.0 5886045.0 6303117.0 6730024.0 7156028.0 8427979.0 8849545.0 9267779.0 8428970.0 9265639.0 9683430.0 11349988.0 6465219.0 9050171.0 9545641.0 10534849.0 11027566.0 12010615.0 9545722.0 10524871.0 11499999.0 11987472.0 12474298.0 5571520.0 
7285817.0 8281089.0 8281495.0 9252720.0 10672752.0 11147346.0 11658495.0 11181469.0 12140267.0 9735512.0 11140903.0 10959231.0 10488107.0 10017918.0 9548192.0 9544693.0 8611394.0 8145777.0 7215476.0 6287157.0 5823614.0 6286646.0 4923349.0 4509098.0 3269014.0 2856196.0 2444240.0 1621281.0 1215126.0 0 806952.0 2410537.0 2809942.0 3606736.0 2853142.0 3262129.0 3261597.0 6747867.0 7209249.0 7669893.0 8130363.0 8590699.0 9050986.0 9511009.0 9970904.0 10430299.0 7203625.0 7657520.0 8110957.0 7203679.0 8540512.0 8984737.0 10756657.0 12514817.0 9010136.0 7100401.0 7531719.0 8393412.0 9252671.0 7101171.0 7518243.0 7945150.0 8371154.0 9643105.0 10064671.0 10482905.0 9644096.0 10480765.0 10898556.0 12565114.0 7680345.0 10265297.0 10760767.0 11749975.0 12242692.0 13225741.0 10760848.0 11739997.0 12715125.0 13202598.0 13689424.0 6786646.0 
7688624.0 8683896.0 8684302.0 9655527.0 11075559.0 11550153.0 12061302.0 11584276.0 12543074.0 10138319.0 11543710.0 11362038.0 10890914.0 10420725.0 9950999.0 9947500.0 9014201.0 8548584.0 7618283.0 6689964.0 6226421.0 6689453.0 5326156.0 4911905.0 3671821.0 3259003.0 2847047.0 2024088.0 1617933.0 806952.0 0 1603585.0 2002990.0 2799784.0 3255949.0 3664936.0 3664404.0 7150674.0 7612056.0 8072700.0 8533170.0 8993506.0 9453793.0 9913816.0 10373711.0 10833106.0 7606432.0 8060327.0 8513764.0 7606486.0 8943319.0 9387544.0 11159464.0 12917624.0 9412943.0 7503208.0 7934526.0 8796219.0 9655478.0 7503978.0 7921050.0 8347957.0 8773961.0 10045912.0 10467478.0 10885712.0 10046903.0 10883572.0 11301363.0 12967921.0 8083152.0 10668104.0 11163574.0 12152782.0 12645499.0 13628548.0 11163655.0 12142804.0 13117932.0 13605405.0 14092231.0 7189453.0 
9292209.0 10287481.0 10287887.0 11259112.0 12679144.0 13153738.0 13664887.0 13187861.0 14146659.0 11741904.0 13147295.0 12965623.0 12494499.0 12024310.0 11554584.0 11551085.0 10617786.0 10152169.0 9221868.0 8293549.0 7830006.0 8293038.0 6929741.0 6515490.0 5275406.0 4862588.0 4450632.0 3627673.0 3221518.0 2410537.0 1603585.0 0 399405.0 1196199.0 4859534.0 5268521.0 5267989.0 8754259.0 9215641.0 9676285.0 10136755.0 10597091.0 11057378.0 11517401.0 11977296.0 12436691.0 9210017.0 9663912.0 10117349.0 9210071.0 10546904.0 10991129.0 12763049.0 14521209.0 11016528.0 9106793.0 9538111.0 10399804.0 11259063.0 9107563.0 9524635.0 9951542.0 10377546.0 11649497.0 12071063.0 12489297.0 11650488.0 12487157.0 12904948.0 14571506.0 9686737.0 12271689.0 12767159.0 13756367.0 14249084.0 15232133.0 12767240.0 13746389.0 14721517.0 15208990.0 15695816.0 8793038.0 
9691614.0 10686886.0 10687292.0 11658517.0 13078549.0 13553143.0 14064292.0 13587266.0 14546064.0 12141309.0 13546700.0 13365028.0 12893904.0 12423715.0 11953989.0 11950490.0 11017191.0 10551574.0 9621273.0 8692954.0 8229411.0 8692443.0 7329146.0 6914895.0 5674811.0 5261993.0 4850037.0 4027078.0 3620923.0 2809942.0 2002990.0 399405.0 0 796794.0 5258939.0 5667926.0 5667394.0 9153664.0 9615046.0 10075690.0 10536160.0 10996496.0 11456783.0 11916806.0 12376701.0 12836096.0 9609422.0 10063317.0 10516754.0 9609476.0 10946309.0 11390534.0 13162454.0 14920614.0 11415933.0 9506198.0 9937516.0 10799209.0 11658468.0 9506968.0 9924040.0 10350947.0 10776951.0 12048902.0 12470468.0 12888702.0 12049893.0 12886562.0 13304353.0 14970911.0 10086142.0 12671094.0 13166564.0 14155772.0 14648489.0 15631538.0 13166645.0 14145794.0 15120922.0 15608395.0 16095221.0 9192443.0 
10488408.0 11483680.0 11484086.0 12455311.0 13875343.0 14349937.0 14861086.0 14384060.0 15342858.0 12938103.0 14343494.0 14161822.0 13690698.0 13220509.0 12750783.0 12747284.0 11813985.0 11348368.0 10418067.0 9489748.0 9026205.0 9489237.0 8125940.0 7711689.0 6471605.0 6058787.0 5646831.0 4823872.0 4417717.0 3606736.0 2799784.0 1196199.0 796794.0 0 6055733.0 6464720.0 6464188.0 9950458.0 10411840.0 10872484.0 11332954.0 11793290.0 12253577.0 12713600.0 13173495.0 13632890.0 10406216.0 10860111.0 11313548.0 10406270.0 11743103.0 12187328.0 13959248.0 15717408.0 12212727.0 10302992.0 10734310.0 11596003.0 12455262.0 10303762.0 10720834.0 11147741.0 11573745.0 12845696.0 13267262.0 13685496.0 12846687.0 13683356.0 14101147.0 15767705.0 10882936.0 13467888.0 13963358.0 14952566.0 15445283.0 16428332.0 13963439.0 14942588.0 15917716.0 16405189.0 16892015.0 9989237.0 
6074211.0 7069483.0 7069889.0 8041114.0 9461146.0 9935740.0 10446889.0 9969863.0 10928661.0 8523906.0 9929297.0 9747625.0 9276501.0 8806312.0 8336586.0 8333087.0 7399788.0 6934171.0 6003870.0 5075551.0 4612008.0 5075040.0 3711743.0 3297492.0 2057408.0 1644590.0 1232634.0 1231861.0 1638016.0 2853142.0 3255949.0 4859534.0 5258939.0 6055733.0 0 817402.0 408455.0 5536261.0 5997643.0 6458287.0 6918757.0 7379093.0 7839380.0 8299403.0 8759298.0 9218693.0 5992019.0 6445914.0 6899351.0 5992073.0 7328906.0 7773131.0 9545051.0 11303211.0 7798530.0 5888795.0 6320113.0 7181806.0 8041065.0 5889565.0 6306637.0 6733544.0 7159548.0 8431499.0 8853065.0 9271299.0 8432490.0 9269159.0 9686950.0 11353508.0 6468739.0 9053691.0 9549161.0 10538369.0 11031086.0 12014135.0 9549242.0 10528391.0 11503519.0 11990992.0 12477818.0 5575040.0 
6483198.0 7478470.0 7478876.0 8450101.0 9870133.0 10344727.0 10855876.0 10378850.0 11337648.0 8932893.0 10338284.0 10156612.0 9685488.0 9215299.0 8745573.0 8742074.0 7808775.0 7343158.0 6412857.0 5484538.0 5020995.0 5484027.0 4120730.0 3706479.0 2466395.0 2053577.0 1641621.0 1640848.0 2047003.0 3262129.0 3664936.0 5268521.0 5667926.0 6464720.0 817402.0 0 408947.0 5945248.0 6406630.0 6867274.0 7327744.0 7788080.0 8248367.0 8708390.0 9168285.0 9627680.0 6401006.0 6854901.0 7308338.0 6401060.0 7737893.0 8182118.0 9954038.0 11712198.0 8207517.0 6297782.0 6729100.0 7590793.0 8450052.0 6298552.0 6715624.0 7142531.0 7568535.0 8840486.0 9262052.0 9680286.0 8841477.0 9678146.0 10095937.0 11762495.0 6877726.0 9462678.0 9958148.0 10947356.0 11440073.0 12423122.0 9958229.0 10937378.0 11912506.0 12399979.0 12886805.0 5984027.0 
6482666.0 7477938.0 7478344.0 8449569.0 9869601.0 10344195.0 10855344.0 10378318.0 11337116.0 8932361.0 10337752.0 10156080.0 9684956.0 9214767.0 8745041.0 8741542.0 7808243.0 7342626.0 6412325.0 5484006.0 5020463.0 5483495.0 4120198.0 3705947.0 2465863.0 2053045.0 1641089.0 1640316.0 2046471.0 3261597.0 3664404.0 5267989.0 5667394.0 6464188.0 408455.0 408947.0 0 5944716.0 6406098.0 6866742.0 7327212.0 7787548.0 8247835.0 8707858.0 9167753.0 9627148.0 6400474.0 6854369.0 7307806.0 6400528.0 7737361.0 8181586.0 9953506.0 11711666.0 8206985.0 6297250.0 6728568.0 7590261.0 8449520.0 6298020.0 6715092.0 7141999.0 7568003.0 8839954.0 9261520.0 9679754.0 8840945.0 9677614.0 10095405.0 11761963.0 6877194.0 9462146.0 9957616.0 10946824.0 11439541.0 12422590.0 9957697.0 10936846.0 11911974.0 12399447.0 12886273.0 5983495.0 
2386456.0 3381728.0 3382134.0 4353359.0 5773391.0 6247985.0 6759134.0 6282108.0 7240906.0 4836151.0 6241542.0 6059870.0 5588746.0 5118557.0 4648831.0 4645332.0 3712033.0 3246416.0 2316115.0 1387796.0 924253.0 1387285.0 1824518.0 2238769.0 3478853.0 3891671.0 4303627.0 5126586.0 5532741.0 6747867.0 7150674.0 8754259.0 9153664.0 9950458.0 5536261.0 5945248.0 5944716.0 0 461382.0 922026.0 1382496.0 1842832.0 2303119.0 2763142.0 3223037.0 3682432.0 1378684.0 1832579.0 2286016.0 1378738.0 2715571.0 3159796.0 4931716.0 6689876.0 3185195.0 3126986.0 3558304.0 4419997.0 5279256.0 3127756.0 3544828.0 3971735.0 4397739.0 5669690.0 6091256.0 6509490.0 5670681.0 6507350.0 6925141.0 8591699.0 2780984.0 5365936.0 5861406.0 6850614.0 7343331.0 8326380.0 5861487.0 6840636.0 7815764.0 8303237.0 8790063.0 1887285.0 
2847838.0 3843110.0 3843516.0 4814741.0 6234773.0 6709367.0 7220516.0 6743490.0 7702288.0 5297533.0 6702924.0 6521252.0 6050128.0 5579939.0 5110213.0 5106714.0 4173415.0 3707798.0 2777497.0 1849178.0 1385635.0 1848667.0 2285900.0 2700151.0 3940235.0 4353053.0 4765009.0 5587968.0 5994123.0 7209249.0 7612056.0 9215641.0 9615046.0 10411840.0 5997643.0 6406630.0 6406098.0 461382.0 0 460644.0 921114.0 1381450.0 1841737.0 2301760.0 2761655.0 3221050.0 1840066.0 2293961.0 2747398.0 1840120.0 3176953.0 3621178.0 5393098.0 7151258.0 3646577.0 3588368.0 4019686.0 4881379.0 5740638.0 3589138.0 4006210.0 4433117.0 4859121.0 6131072.0 6552638.0 6970872.0 6132063.0 6968732.0 7386523.0 9053081.0 3242366.0 5827318.0 6322788.0 7311996.0 7804713.0 8787762.0 6322869.0 7302018.0 8277146.0 8764619.0 9251445.0 2348667.0 
3308482.0 4303754.0 4304160.0 5275385.0 6695417.0 7170011.0 7681160.0 7204134.0 8162932.0 5758177.0 7163568.0 6981896.0 6510772.0 6040583.0 5570857.0 5567358.0 4634059.0 4168442.0 3238141.0 2309822.0 1846279.0 2309311.0 2746544.0 3160795.0 4400879.0 4813697.0 5225653.0 6048612.0 6454767.0 7669893.0 8072700.0 9676285.0 10075690.0 10872484.0 6458287.0 6867274.0 6866742.0 922026.0 460644.0 0 460470.0 920806.0 1381093.0 1841116.0 2301011.0 2760406.0 2300710.0 2754605.0 3208042.0 2300764.0 3637597.0 4081822.0 5853742.0 7611902.0 4107221.0 4049012.0 4480330.0 5342023.0 6201282.0 4049782.0 4466854.0 4893761.0 5319765.0 6591716.0 7013282.0 7431516.0 6592707.0 7429376.0 7847167.0 9513725.0 3703010.0 6287962.0 6783432.0 7772640.0 8265357.0 9248406.0 6783513.0 7762662.0 8737790.0 9225263.0 9712089.0 2809311.0 
3768952.0 4764224.0 4764630.0 5735855.0 7155887.0 7630481.0 8141630.0 7664604.0 8623402.0 6218647.0 7624038.0 7442366.0 6971242.0 6501053.0 6031327.0 6027828.0 5094529.0 4628912.0 3698611.0 2770292.0 2306749.0 2769781.0 3207014.0 3621265.0 4861349.0 5274167.0 5686123.0 6509082.0 6915237.0 8130363.0 8533170.0 10136755.0 10536160.0 11332954.0 6918757.0 7327744.0 7327212.0 1382496.0 921114.0 460470.0 0 460336.0 920623.0 1380646.0 1840541.0 2299936.0 2761180.0 3215075.0 3668512.0 2761234.0 4098067.0 4542292.0 6314212.0 8072372.0 4567691.0 4509482.0 4940800.0 5802493.0 6661752.0 4510252.0 4927324.0 5354231.0 5780235.0 7052186.0 7473752.0 7891986.0 7053177.0 7889846.0 8307637.0 9974195.0 4163480.0 6748432.0 7243902.0 8233110.0 8725827.0 9708876.0 7243983.0 8223132.0 9198260.0 9685733.0 10172559.0 3269781.0 
4229288.0 5224560.0 5224966.0 6196191.0 7616223.0 8090817.0 8601966.0 8124940.0 9083738.0 6678983.0 8084374.0 7902702.0 7431578.0 6961389.0 6491663.0 6488164.0 5554865.0 5089248.0 4158947.0 3230628.0 2767085.0 3230117.0 3667350.0 4081601.0 5321685.0 5734503.0 6146459.0 6969418.0 7375573.0 8590699.0 8993506.0 10597091.0 10996496.0 11793290.0 7379093.0 7788080.0 7787548.0 1842832.0 1381450.0 920806.0 460336.0 0 460287.0 920310.0 1380205.0 1839600.0 3221516.0 3675411.0 4128848.0 3221570.0 4558403.0 5002628.0 6774548.0 8532708.0 5028027.0 4969818.0 5401136.0 6262829.0 7122088.0 4970588.0 5387660.0 5814567.0 6240571.0 7512522.0 7934088.0 8352322.0 7513513.0 8350182.0 8767973.0 10434531.0 4623816.0 7208768.0 7704238.0 8693446.0 9186163.0 10169212.0 7704319.0 8683468.0 9658596.0 10146069.0 10632895.0 3730117.0 
4689575.0 5684847.0 5685253.0 6656478.0 8076510.0 8551104.0 9062253.0 8585227.0 9544025.0 7139270.0 8544661.0 8362989.0 7891865.0 7421676.0 6951950.0 6948451.0 6015152.0 5549535.0 4619234.0 3690915.0 3227372.0 3690404.0 4127637.0 4541888.0 5781972.0 6194790.0 6606746.0 7429705.0 7835860.0 9050986.0 9453793.0 11057378.0 11456783.0 12253577.0 7839380.0 8248367.0 8247835.0 2303119.0 1841737.0 1381093.0 920623.0 460287.0 0 460023.0 919918.0 1379313.0 3681803.0 4135698.0 4589135.0 3681857.0 5018690.0 5462915.0 7234835.0 8992995.0 5488314.0 5430105.0 5861423.0 6723116.0 7582375.0 5430875.0 5847947.0 6274854.0 6700858.0 7972809.0 8394375.0 8812609.0 7973800.0 8810469.0 9228260.0 10894818.0 5084103.0 7669055.0 8164525.0 9153733.0 9646450.0 10629499.0 8164606.0 9143755.0 10118883.0 10606356.0 11093182.0 4190404.0 
5149598.0 6144870.0 6145276.0 7116501.0 8536533.0 9011127.0 9522276.0 9045250.0 10004048.0 7599293.0 9004684.0 8823012.0 8351888.0 7881699.0 7411973.0 7408474.0 6475175.0 6009558.0 5079257.0 4150938.0 3687395.0 4150427.0 4587660.0 5001911.0 6241995.0 6654813.0 7066769.0 7889728.0 8295883.0 9511009.0 9913816.0 11517401.0 11916806.0 12713600.0 8299403.0 8708390.0 8707858.0 2763142.0 2301760.0 1841116.0 1380646.0 920310.0 460023.0 0 459895.0 919290.0 4141826.0 4595721.0 5049158.0 4141880.0 5478713.0 5922938.0 7694858.0 9453018.0 5948337.0 5890128.0 6321446.0 7183139.0 8042398.0 5890898.0 6307970.0 6734877.0 7160881.0 8432832.0 8854398.0 9272632.0 8433823.0 9270492.0 9688283.0 11354841.0 5544126.0 8129078.0 8624548.0 9613756.0 10106473.0 11089522.0 8624629.0 9603778.0 10578906.0 11066379.0 11553205.0 4650427.0 
5609493.0 6604765.0 6605171.0 7576396.0 8996428.0 9471022.0 9982171.0 9505145.0 10463943.0 8059188.0 9464579.0 9282907.0 8811783.0 8341594.0 7871868.0 7868369.0 6935070.0 6469453.0 5539152.0 4610833.0 4147290.0 4610322.0 5047555.0 5461806.0 6701890.0 7114708.0 7526664.0 8349623.0 8755778.0 9970904.0 10373711.0 11977296.0 12376701.0 13173495.0 8759298.0 9168285.0 9167753.0 3223037.0 2761655.0 2301011.0 1840541.0 1380205.0 919918.0 459895.0 0 459395.0 4601721.0 5055616.0 5509053.0 4601775.0 5938608.0 6382833.0 8154753.0 9912913.0 6408232.0 6350023.0 6781341.0 7643034.0 8502293.0 6350793.0 6767865.0 7194772.0 7620776.0 8892727.0 9314293.0 9732527.0 8893718.0 9730387.0 10148178.0 11814736.0 6004021.0 8588973.0 9084443.0 10073651.0 10566368.0 11549417.0 9084524.0 10063673.0 11038801.0 11526274.0 12013100.0 5110322.0 
6068888.0 7064160.0 7064566.0 8035791.0 9455823.0 9930417.0 10441566.0 9964540.0 10923338.0 8518583.0 9923974.0 9742302.0 9271178.0 8800989.0 8331263.0 8327764.0 7394465.0 6928848.0 5998547.0 5070228.0 4606685.0 5069717.0 5506950.0 5921201.0 7161285.0 7574103.0 7986059.0 8809018.0 9215173.0 10430299.0 10833106.0 12436691.0 12836096.0 13632890.0 9218693.0 9627680.0 9627148.0 3682432.0 3221050.0 2760406.0 2299936.0 1839600.0 1379313.0 919290.0 459395.0 0 5061116.0 5515011.0 5968448.0 5061170.0 6398003.0 6842228.0 8614148.0 10372308.0 6867627.0 6809418.0 7240736.0 8102429.0 8961688.0 6810188.0 7227260.0 7654167.0 8080171.0 9352122.0 9773688.0 10191922.0 9353113.0 10189782.0 10607573.0 12274131.0 6463416.0 9048368.0 9543838.0 10533046.0 11025763.0 12008812.0 9543919.0 10523068.0 11498196.0 11985669.0 12472495.0 5569717.0 
2842214.0 3837486.0 3837892.0 4809117.0 6229149.0 6703743.0 7214892.0 6737866.0 7696664.0 5291909.0 6697300.0 6515628.0 6044504.0 5574315.0 5104589.0 5101090.0 4167791.0 3702174.0 2771873.0 1843554.0 1380011.0 1843043.0 2280276.0 2694527.0 3934611.0 4347429.0 4759385.0 5582344.0 5988499.0 7203625.0 7606432.0 9210017.0 9609422.0 10406216.0 5992019.0 6401006.0 6400474.0 1378684.0 1840066.0 2300710.0 2761180.0 3221516.0 3681803.0 4141826.0 4601721.0 5061116.0 0 453895.0 907332.0 909838.0 2246671.0 2690896.0 4462816.0 6220976.0 1806511.0 3582744.0 4014062.0 4875755.0 5735014.0 3583514.0 4000586.0 4427493.0 4853497.0 6125448.0 6547014.0 6965248.0 6126439.0 6963108.0 7380899.0 9047457.0 3236742.0 5821694.0 6317164.0 7306372.0 7799089.0 8782138.0 6317245.0 7296394.0 8271522.0 8758995.0 9245821.0 2343043.0 
3296109.0 4291381.0 4291787.0 5263012.0 6683044.0 7157638.0 7668787.0 7191761.0 8150559.0 5745804.0 7151195.0 6969523.0 6498399.0 6028210.0 5558484.0 5554985.0 4621686.0 4156069.0 3225768.0 2297449.0 1833906.0 2296938.0 2734171.0 3148422.0 4388506.0 4801324.0 5213280.0 6036239.0 6442394.0 7657520.0 8060327.0 9663912.0 10063317.0 10860111.0 6445914.0 6854901.0 6854369.0 1832579.0 2293961.0 2754605.0 3215075.0 3675411.0 4135698.0 4595721.0 5055616.0 5515011.0 453895.0 0 453437.0 1363733.0 2700566.0 3144791.0 4916711.0 6674871.0 2260406.0 4036639.0 4467957.0 5329650.0 6188909.0 4037409.0 4454481.0 4881388.0 5307392.0 6579343.0 7000909.0 7419143.0 6580334.0 7417003.0 7834794.0 9501352.0 3690637.0 6275589.0 6771059.0 7760267.0 8252984.0 9236033.0 6771140.0 7750289.0 8725417.0 9212890.0 9699716.0 2796938.0 
