10
28 23 20 21 17 14 8 7 4 0
0 460.0 1153.0 1156.0 2156.0 2187.0 2216.0 2226.0 2238.0 2102.0 
460.0 0 693.0 696.0 1696.0 1727.0 1756.0 1766.0 1778.0 2562.0 
1153.0 693.0 0 3.0 1003.0 1034.0 1063.0 1073.0 1085.0 3192.0 
1156.0 696.0 3.0 0 1000.0 1031.0 1060.0 1070.0 1082.0 3189.0 
2156.0 1696.0 1003.0 1000.0 0 31.0 60.0 70.0 82.0 2189.0 
2187.0 1727.0 1034.0 1031.0 31.0 0 29.0 39.0 51.0 2158.0 
2216.0 1756.0 1063.0 1060.0 60.0 29.0 0 10.0 27.0 2134.0 
2226.0 1766.0 1073.0 1070.0 70.0 39.0 10.0 0 22.0 2129.0 
2238.0 1778.0 1085.0 1082.0 82.0 51.0 27.0 22.0 0 2108.0 
2102.0 2562.0 3192.0 3189.0 2189.0 2158.0 2134.0 2129.0 2108.0 0 
