25
28 23 20 21 17 90 80 78 74 63 70 62 58 54 53 44 42 37 36 34 14 8 7 4 0
0 460.0 1153.0 1156.0 2156.0 2226.0 2290.0 2711.0 2731.0 2732.0 2741.0 2735.0 2748.0 2750.0 2769.0 2786.0 2793.0 2803.0 2810.0 2813.0 2877.0 2906.0 2916.0 2928.0 2102.0 
460.0 0 693.0 696.0 1696.0 1766.0 1830.0 2251.0 2271.0 2272.0 2281.0 2275.0 2288.0 2290.0 2309.0 2326.0 2333.0 2343.0 2350.0 2353.0 2417.0 2446.0 2456.0 2468.0 2562.0 
1153.0 693.0 0 3.0 1003.0 1073.0 1137.0 1558.0 1578.0 1579.0 1588.0 1582.0 1595.0 1597.0 1616.0 1633.0 1640.0 1650.0 1657.0 1660.0 1724.0 1753.0 1763.0 1775.0 3255.0 
1156.0 696.0 3.0 0 1000.0 1070.0 1134.0 1555.0 1575.0 1576.0 1585.0 1579.0 1592.0 1594.0 1613.0 1630.0 1637.0 1647.0 1654.0 1657.0 1721.0 1750.0 1760.0 1772.0 3258.0 
2156.0 1696.0 1003.0 1000.0 0 70.0 134.0 555.0 575.0 576.0 585.0 579.0 592.0 594.0 613.0 630.0 637.0 647.0 654.0 657.0 721.0 750.0 760.0 772.0 2879.0 
2226.0 1766.0 1073.0 1070.0 70.0 0 64.0 485.0 505.0 506.0 515.0 509.0 522.0 524.0 543.0 560.0 567.0 577.0 584.0 587.0 651.0 680.0 690.0 702.0 2809.0 
2290.0 1830.0 1137.0 1134.0 134.0 64.0 0 434.0 454.0 455.0 464.0 458.0 471.0 473.0 492.0 509.0 516.0 526.0 533.0 536.0 600.0 629.0 639.0 651.0 2758.0 
2711.0 2251.0 1558.0 1555.0 555.0 485.0 434.0 0 20.0 21.0 30.0 24.0 37.0 39.0 58.0 75.0 82.0 92.0 99.0 102.0 166.0 195.0 205.0 217.0 2324.0 
2731.0 2271.0 1578.0 1575.0 575.0 505.0 454.0 20.0 0 14.0 20.0 17.0 30.0 32.0 51.0 68.0 75.0 85.0 92.0 95.0 159.0 188.0 198.0 210.0 2317.0 
2732.0 2272.0 1579.0 1576.0 576.0 506.0 455.0 21.0 14.0 0 9.0 3.0 16.0 18.0 37.0 54.0 61.0 71.0 78.0 81.0 145.0 174.0 184.0 196.0 2303.0 
2741.0 2281.0 1588.0 1585.0 585.0 515.0 464.0 30.0 20.0 9.0 0 6.0 19.0 21.0 40.0 57.0 64.0 74.0 81.0 84.0 148.0 177.0 187.0 199.0 2306.0 
2735.0 2275.0 1582.0 1579.0 579.0 509.0 458.0 24.0 17.0 3.0 6.0 0 13.0 15.0 34.0 51.0 58.0 68.0 75.0 78.0 142.0 171.0 181.0 193.0 2300.0 
2748.0 2288.0 1595.0 1592.0 592.0 522.0 471.0 37.0 30.0 16.0 19.0 13.0 0 2.0 21.0 38.0 45.0 55.0 62.0 65.0 129.0 158.0 168.0 180.0 2287.0 
2750.0 2290.0 1597.0 1594.0 594.0 524.0 473.0 39.0 32.0 18.0 21.0 15.0 2.0 0 19.0 36.0 43.0 53.0 60.0 63.0 127.0 156.0 166.0 178.0 2285.0 
2769.0 2309.0 1616.0 1613.0 613.0 543.0 492.0 58.0 51.0 37.0 40.0 34.0 21.0 19.0 0 25.0 32.0 42.0 49.0 52.0 116.0 145.0 155.0 167.0 2274.0 
2786.0 2326.0 1633.0 1630.0 630.0 560.0 509.0 75.0 68.0 54.0 57.0 51.0 38.0 36.0 25.0 0 7.0 17.0 24.0 27.0 91.0 120.0 130.0 142.0 2249.0 
2793.0 2333.0 1640.0 1637.0 637.0 567.0 516.0 82.0 75.0 61.0 64.0 58.0 45.0 43.0 32.0 7.0 0 10.0 17.0 20.0 84.0 113.0 123.0 135.0 2242.0 
2803.0 2343.0 1650.0 1647.0 647.0 577.0 526.0 92.0 85.0 71.0 74.0 68.0 55.0 53.0 42.0 17.0 10.0 0 7.0 10.0 74.0 103.0 113.0 125.0 2232.0 
2810.0 2350.0 1657.0 1654.0 654.0 584.0 533.0 99.0 92.0 78.0 81.0 75.0 62.0 60.0 49.0 24.0 17.0 7.0 0 3.0 77.0 106.0 116.0 128.0 2235.0 
2813.0 2353.0 1660.0 1657.0 657.0 587.0 536.0 102.0 95.0 81.0 84.0 78.0 65.0 63.0 52.0 27.0 20.0 10.0 3.0 0 74.0 103.0 113.0 125.0 2232.0 
2877.0 2417.0 1724.0 1721.0 721.0 651.0 600.0 166.0 159.0 145.0 148.0 142.0 129.0 127.0 116.0 91.0 84.0 74.0 77.0 74.0 0 29.0 39.0 51.0 2158.0 
2906.0 2446.0 1753.0 1750.0 750.0 680.0 629.0 195.0 188.0 174.0 177.0 171.0 158.0 156.0 145.0 120.0 113.0 103.0 106.0 103.0 29.0 0 10.0 27.0 2134.0 
2916.0 2456.0 1763.0 1760.0 760.0 690.0 639.0 205.0 198.0 184.0 187.0 181.0 168.0 166.0 155.0 130.0 123.0 113.0 116.0 113.0 39.0 10.0 0 22.0 2129.0 
2928.0 2468.0 1775.0 1772.0 772.0 702.0 651.0 217.0 210.0 196.0 199.0 193.0 180.0 178.0 167.0 142.0 135.0 125.0 128.0 125.0 51.0 27.0 22.0 0 2108.0 
2102.0 2562.0 3255.0 3258.0 2879.0 2809.0 2758.0 2324.0 2317.0 2303.0 2306.0 2300.0 2287.0 2285.0 2274.0 2249.0 2242.0 2232.0 2235.0 2232.0 2158.0 2134.0 2129.0 2108.0 0 
