33
28 23 20 21 17 90 80 78 74 63 70 62 58 54 53 44 42 37 36 34 117 115 ViksNode 105 101 99 122 92 14 8 7 4 0
0 460.0 1153.0 1156.0 2156.0 2226.0 2290.0 2711.0 2731.0 2732.0 2741.0 2735.0 2748.0 2750.0 2769.0 2786.0 2793.0 2803.0 2810.0 2813.0 2820.0 2842.0 2834.0 2873.0 2899.0 2914.0 2913.0 2938.0 2968.0 2997.0 3007.0 3019.0 2102.0 
460.0 0 693.0 696.0 1696.0 1766.0 1830.0 2251.0 2271.0 2272.0 2281.0 2275.0 2288.0 2290.0 2309.0 2326.0 2333.0 2343.0 2350.0 2353.0 2360.0 2382.0 2374.0 2413.0 2439.0 2454.0 2453.0 2478.0 2508.0 2537.0 2547.0 2559.0 2562.0 
1153.0 693.0 0 3.0 1003.0 1073.0 1137.0 1558.0 1578.0 1579.0 1588.0 1582.0 1595.0 1597.0 1616.0 1633.0 1640.0 1650.0 1657.0 1660.0 1667.0 1689.0 1681.0 1720.0 1746.0 1761.0 1760.0 1785.0 1815.0 1844.0 1854.0 1866.0 3255.0 
1156.0 696.0 3.0 0 1000.0 1070.0 1134.0 1555.0 1575.0 1576.0 1585.0 1579.0 1592.0 1594.0 1613.0 1630.0 1637.0 1647.0 1654.0 1657.0 1664.0 1686.0 1678.0 1717.0 1743.0 1758.0 1757.0 1782.0 1812.0 1841.0 1851.0 1863.0 3258.0 
2156.0 1696.0 1003.0 1000.0 0 70.0 134.0 555.0 575.0 576.0 585.0 579.0 592.0 594.0 613.0 630.0 637.0 647.0 654.0 657.0 664.0 686.0 678.0 717.0 743.0 758.0 757.0 782.0 812.0 841.0 851.0 863.0 2970.0 
2226.0 1766.0 1073.0 1070.0 70.0 0 64.0 485.0 505.0 506.0 515.0 509.0 522.0 524.0 543.0 560.0 567.0 577.0 584.0 587.0 594.0 616.0 608.0 647.0 673.0 688.0 687.0 712.0 742.0 771.0 781.0 793.0 2900.0 
2290.0 1830.0 1137.0 1134.0 134.0 64.0 0 434.0 454.0 455.0 464.0 458.0 471.0 473.0 492.0 509.0 516.0 526.0 533.0 536.0 543.0 565.0 557.0 596.0 622.0 637.0 636.0 661.0 691.0 720.0 730.0 742.0 2849.0 
2711.0 2251.0 1558.0 1555.0 555.0 485.0 434.0 0 20.0 21.0 30.0 24.0 37.0 39.0 58.0 75.0 82.0 92.0 99.0 102.0 109.0 131.0 123.0 162.0 188.0 203.0 202.0 227.0 257.0 286.0 296.0 308.0 2415.0 
2731.0 2271.0 1578.0 1575.0 575.0 505.0 454.0 20.0 0 14.0 20.0 17.0 30.0 32.0 51.0 68.0 75.0 85.0 92.0 95.0 102.0 124.0 116.0 155.0 181.0 196.0 195.0 220.0 250.0 279.0 289.0 301.0 2408.0 
2732.0 2272.0 1579.0 1576.0 576.0 506.0 455.0 21.0 14.0 0 9.0 3.0 16.0 18.0 37.0 54.0 61.0 71.0 78.0 81.0 88.0 110.0 102.0 141.0 167.0 182.0 181.0 206.0 236.0 265.0 275.0 287.0 2394.0 
2741.0 2281.0 1588.0 1585.0 585.0 515.0 464.0 30.0 20.0 9.0 0 6.0 19.0 21.0 40.0 57.0 64.0 74.0 81.0 84.0 91.0 113.0 105.0 144.0 170.0 185.0 184.0 209.0 239.0 268.0 278.0 290.0 2397.0 
2735.0 2275.0 1582.0 1579.0 579.0 509.0 458.0 24.0 17.0 3.0 6.0 0 13.0 15.0 34.0 51.0 58.0 68.0 75.0 78.0 85.0 107.0 99.0 138.0 164.0 179.0 178.0 203.0 233.0 262.0 272.0 284.0 2391.0 
2748.0 2288.0 1595.0 1592.0 592.0 522.0 471.0 37.0 30.0 16.0 19.0 13.0 0 2.0 21.0 38.0 45.0 55.0 62.0 65.0 72.0 94.0 86.0 125.0 151.0 166.0 165.0 190.0 220.0 249.0 259.0 271.0 2378.0 
2750.0 2290.0 1597.0 1594.0 594.0 524.0 473.0 39.0 32.0 18.0 21.0 15.0 2.0 0 19.0 36.0 43.0 53.0 60.0 63.0 70.0 92.0 84.0 123.0 149.0 164.0 163.0 188.0 218.0 247.0 257.0 269.0 2376.0 
2769.0 2309.0 1616.0 1613.0 613.0 543.0 492.0 58.0 51.0 37.0 40.0 34.0 21.0 19.0 0 25.0 32.0 42.0 49.0 52.0 59.0 81.0 73.0 112.0 138.0 153.0 152.0 177.0 207.0 236.0 246.0 258.0 2365.0 
2786.0 2326.0 1633.0 1630.0 630.0 560.0 509.0 75.0 68.0 54.0 57.0 51.0 38.0 36.0 25.0 0 7.0 17.0 24.0 27.0 34.0 56.0 48.0 87.0 113.0 128.0 127.0 152.0 182.0 211.0 221.0 233.0 2340.0 
2793.0 2333.0 1640.0 1637.0 637.0 567.0 516.0 82.0 75.0 61.0 64.0 58.0 45.0 43.0 32.0 7.0 0 10.0 17.0 20.0 27.0 49.0 41.0 80.0 106.0 121.0 120.0 145.0 175.0 204.0 214.0 226.0 2333.0 
2803.0 2343.0 1650.0 1647.0 647.0 577.0 526.0 92.0 85.0 71.0 74.0 68.0 55.0 53.0 42.0 17.0 10.0 0 7.0 10.0 17.0 39.0 31.0 70.0 96.0 111.0 110.0 135.0 165.0 194.0 204.0 216.0 2323.0 
2810.0 2350.0 1657.0 1654.0 654.0 584.0 533.0 99.0 92.0 78.0 81.0 75.0 62.0 60.0 49.0 24.0 17.0 7.0 0 3.0 20.0 42.0 34.0 73.0 99.0 114.0 113.0 138.0 168.0 197.0 207.0 219.0 2326.0 
2813.0 2353.0 1660.0 1657.0 657.0 587.0 536.0 102.0 95.0 81.0 84.0 78.0 65.0 63.0 52.0 27.0 20.0 10.0 3.0 0 17.0 39.0 31.0 70.0 96.0 111.0 110.0 135.0 165.0 194.0 204.0 216.0 2323.0 
2820.0 2360.0 1667.0 1664.0 664.0 594.0 543.0 109.0 102.0 88.0 91.0 85.0 72.0 70.0 59.0 34.0 27.0 17.0 20.0 17.0 0 22.0 14.0 53.0 79.0 94.0 93.0 118.0 148.0 177.0 187.0 199.0 2306.0 
2842.0 2382.0 1689.0 1686.0 686.0 616.0 565.0 131.0 124.0 110.0 113.0 107.0 94.0 92.0 81.0 56.0 49.0 39.0 42.0 39.0 22.0 0 12.0 51.0 77.0 92.0 91.0 116.0 146.0 175.0 185.0 197.0 2304.0 
2834.0 2374.0 1681.0 1678.0 678.0 608.0 557.0 123.0 116.0 102.0 105.0 99.0 86.0 84.0 73.0 48.0 41.0 31.0 34.0 31.0 14.0 12.0 0 39.0 65.0 80.0 79.0 104.0 134.0 163.0 173.0 185.0 2292.0 
2873.0 2413.0 1720.0 1717.0 717.0 647.0 596.0 162.0 155.0 141.0 144.0 138.0 125.0 123.0 112.0 87.0 80.0 70.0 73.0 70.0 53.0 51.0 39.0 0 26.0 41.0 40.0 65.0 95.0 124.0 134.0 146.0 2253.0 
2899.0 2439.0 1746.0 1743.0 743.0 673.0 622.0 188.0 181.0 167.0 170.0 164.0 151.0 149.0 138.0 113.0 106.0 96.0 99.0 96.0 79.0 77.0 65.0 26.0 0 19.0 18.0 39.0 69.0 98.0 108.0 120.0 2227.0 
2914.0 2454.0 1761.0 1758.0 758.0 688.0 637.0 203.0 196.0 182.0 185.0 179.0 166.0 164.0 153.0 128.0 121.0 111.0 114.0 111.0 94.0 92.0 80.0 41.0 19.0 0 21.0 30.0 60.0 89.0 99.0 111.0 2218.0 
2913.0 2453.0 1760.0 1757.0 757.0 687.0 636.0 202.0 195.0 181.0 184.0 178.0 165.0 163.0 152.0 127.0 120.0 110.0 113.0 110.0 93.0 91.0 79.0 40.0 18.0 21.0 0 51.0 81.0 110.0 120.0 132.0 2239.0 
2938.0 2478.0 1785.0 1782.0 782.0 712.0 661.0 227.0 220.0 206.0 209.0 203.0 190.0 188.0 177.0 152.0 145.0 135.0 138.0 135.0 118.0 116.0 104.0 65.0 39.0 30.0 51.0 0 30.0 59.0 69.0 81.0 2188.0 
2968.0 2508.0 1815.0 1812.0 812.0 742.0 691.0 257.0 250.0 236.0 239.0 233.0 220.0 218.0 207.0 182.0 175.0 165.0 168.0 165.0 148.0 146.0 134.0 95.0 69.0 60.0 81.0 30.0 0 29.0 39.0 51.0 2158.0 
2997.0 2537.0 1844.0 1841.0 841.0 771.0 720.0 286.0 279.0 265.0 268.0 262.0 249.0 247.0 236.0 211.0 204.0 194.0 197.0 194.0 177.0 175.0 163.0 124.0 98.0 89.0 110.0 59.0 29.0 0 10.0 27.0 2134.0 
3007.0 2547.0 1854.0 1851.0 851.0 781.0 730.0 296.0 289.0 275.0 278.0 272.0 259.0 257.0 246.0 221.0 214.0 204.0 207.0 204.0 187.0 185.0 173.0 134.0 108.0 99.0 120.0 69.0 39.0 10.0 0 22.0 2129.0 
3019.0 2559.0 1866.0 1863.0 863.0 793.0 742.0 308.0 301.0 287.0 290.0 284.0 271.0 269.0 258.0 233.0 226.0 216.0 219.0 216.0 199.0 197.0 185.0 146.0 120.0 111.0 132.0 81.0 51.0 27.0 22.0 0 2108.0 
2102.0 2562.0 3255.0 3258.0 2970.0 2900.0 2849.0 2415.0 2408.0 2394.0 2397.0 2391.0 2378.0 2376.0 2365.0 2340.0 2333.0 2323.0 2326.0 2323.0 2306.0 2304.0 2292.0 2253.0 2227.0 2218.0 2239.0 2188.0 2158.0 2134.0 2129.0 2108.0 0 
