22
Loc27 Loc7 Loc20 Loc36 Loc21 Loc11 Loc8 Loc9 Loc6 Loc47 Loc12 Loc17 Loc42 Loc35 Loc29 Loc48 Loc30 Loc45 Loc49 Loc41 Loc46 Loc23
0 187632698.70353 259693805.40618 374246419.04863 464040614.26447 477633137.74099 699886391.15396 675596051.50159 960813068.72977 882276909.01899 879548604.09358 816323283.08495 777436669.1532899 811629872.83723 764510578.31342 693646836.25307 601398187.9169 503017434.76538 257608259.06392 421177314.63754 410361551.06581 56737971.81636 
187632698.70353 0 168823286.14964 222530527.3919 280353346.87089 305676472.75522 513047791.85068 504447700.31395 797619934.02008 748449473.87313 768975056.32614 707130416.3352901 667064910.99625 754114737.05247 711340946.34499 714472284.64364 662793914.27817 593381863.63835 383971615.1754 370782846.17164 329862853.99286 239087654.00216 
259693805.40618 168823286.14964 0 137517938.70069 277400016.36417 474499758.90486 469478295.65967 443059168.24170005 711283304.94792 622592657.26745 623719867.26483 559977239.39476 520699510.71711004 587298951.30356 543708401.55657 555565383.73 524102579.47564 480539390.41505 325064406.38847 202057552.43176 164354714.48543 316431777.22254 
374246419.04863 222530527.3919 137517938.70069 0 154396007.06267 371492647.91338 331960356.95898 305541229.54101 586566649.68114 533610865.40602005 552352390.3126 488184919.00708 451867561.83871 573152449.01247 536236967.89298 616075896.3569 616916994.44188 591148338.52954 461242977.84519 247644662.95128998 177115929.7519 430957078.03595 
464040614.26447 280353346.87089 277400016.36417 154396007.06267 0 225693742.16997 235845776.88949 239852342.15983 537019549.89214 539846475.63795 600520258.07358 540706843.47999 510766873.91783 677853893.37947 647357554.53397 761718014.02253 770568909.92969 744827522.45817 600312458.68897 393497297.28597 323618032.21289 517946459.27382 
477633137.74099 305676472.75522 474499758.90486 371492647.91338 225693742.16997 0 398300052.64087 454735102.5042 710789822.19797 753498332.61105 823576390.60261 764871073.46267 735854965.13749 899867712.7149 867132497.08162 951901888.33408 933754399.57232 885493825.6682401 688604902.29852 580550647.90081 540204128.61895 518040876.95845 
699886391.15396 513047791.85068 469478295.65967 331960356.95898 235845776.88949 398300052.64087 0 214175055.4393 313240544.94829 449566829.18239 485597846.94738 465074306.09358 425008800.75454 647952070.2429 632975167.51642 826682297.71444 879374378.73242 885456517.22938 790092486.2328 504566700.76497 436880520.93935 746901136.24101 
675596051.50159 504447700.31395 443059168.24170005 305541229.54101 239852342.15983 454735102.5042 214175055.4393 0 297369827.26667 331957232.80305004 426086354.19773 378238113.44582 361627606.96387 602791959.09453 568182394.25151 766230188.2072101 823955908.686 835799286.36543 754320723.29356 461629870.37729 394477440.86057 731867123.11537 
960813068.72977 797619934.02008 711283304.94792 586566649.68114 537019549.89214 710789822.19797 313240544.94829 297369827.26667 0 228247785.68451 361615656.32564 363658435.97193 381068264.41739 608597707.61716 624141782.37362 882601869.96142 984461441.40089 1029536675.99276 1006321847.3750299 661126440.50321 615442759.05582 1017522993.2642 
882276909.01899 748449473.87313 622592657.26745 533610865.40602005 539846475.63795 753498332.61105 449566829.18239 331957232.80305004 228247785.68451 0 134144508.5918 135410650.28742 160611067.59029 382486400.67885 395893996.68911 671575350.06642 788715251.08051 850813918.25298 867404512.29064 514467019.27264 488277739.11049 937907065.63358 
879548604.09358 768975056.32614 623719867.26483 552352390.3126 600520258.07358 823576390.60261 485597846.94738 426086354.19773 361615656.32564 134144508.5918 0 64167471.30552 104232976.64456001 257915997.51327 279563029.87421 564788316.55823 696233847.99823 773031144.43884 825578899.12932 478159426.03344 470404182.75253 932928246.79025 
816323283.08495 707130416.3352901 559977239.39476 488184919.00708 540706843.47999 764871073.46267 465074306.09358 378238113.44582 363658435.97193 135410650.28742 64167471.30552 0 40065505.33904 281229857.4697 260753122.30502 537121402.48583 659009910.37423 728365749.71082 768668311.50407 418774890.06169 407933354.52695 870209577.76888 
777436669.1532899 667064910.99625 520699510.71711004 451867561.83871 510766873.91783 735854965.13749 425008800.75454 361627606.96387 381068264.41739 160611067.59029 104232976.64456001 40065505.33904 0 241164352.13066 244387172.7276 512132037.92824 628397525.74745 700135980.8082299 729352601.96768 378958743.16313 367954996.8321 830144072.42984 
811629872.83723 754114737.05247 587298951.30356 573152449.01247 677853893.37947 899867712.7149 647952070.2429 602791959.09453 608597707.61716 382486400.67885 257915997.51327 281229857.4697 241164352.13066 0 48863725.07401 321476387.66678 471034797.62502 570095638.8619 686415918.74637 392678411.93647 424254902.59665 857416969.83705 
764510578.31342 711340946.34499 543708401.55657 536236967.89298 647357554.53397 867132497.08162 632975167.51642 568182394.25151 624141782.37362 395893996.68911 279563029.87421 260753122.30502 244387172.7276 48863725.07401 0 287375293.19119 430557672.47621 525448040.73538 637600499.03328 346931175.665 381864674.91423 809798363.68852 
693646836.25307 714472284.64364 555565383.73 616075896.3569 761718014.02253 951901888.33408 826682297.71444 766230188.2072101 882601869.96142 671575350.06642 564788316.55823 537121402.48583 512132037.92824 321476387.66678 287375293.19119 0 164696328.61822 295224813.1693 486647952.94441 371890613.46692 439416373.86039 723395316.15766 
601398187.9169 662793914.27817 524102579.47564 616916994.44188 770568909.92969 933754399.57232 879374378.73242 823955908.686 984461441.40089 788715251.08051 696233847.99823 659009910.37423 628397525.74745 471034797.62502 430557672.47621 164696328.61822 0 130528484.55108 364033206.75084 449291659.80494 452896596.52643 620841830.25428 
503017434.76538 593381863.63835 480539390.41505 591148338.52954 744827522.45817 885493825.6682401 885456517.22938 835799286.36543 1029536675.99276 850813918.25298 773031144.43884 728365749.71082 700135980.8082299 570095638.8619 525448040.73538 295224813.1693 130528484.55108 0 251205016.57876 384363119.09321 451522472.52743 514545955.5454 
257608259.06392 383971615.1754 325064406.38847 461242977.84519 600312458.68897 688604902.29852 790092486.2328 754320723.29356 1006321847.3750299 867404512.29064 825578899.12932 768668311.50407 729352601.96768 686415918.74637 637600499.03328 486647952.94441 364033206.75084 251205016.57876 0 353010019.60822 423538752.80761 263810312.98639 
421177314.63754 370782846.17164 202057552.43176 247644662.95128998 393497297.28597 580550647.90081 504566700.76497 461629870.37729 661126440.50321 514467019.27264 478159426.03344 418774890.06169 378958743.16313 392678411.93647 346931175.665 371890613.46692 449291659.80494 384363119.09321 353010019.60822 0 70528733.19939 469647621.5247 
410361551.06581 329862853.99286 164354714.48543 177115929.7519 323618032.21289 540204128.61895 436880520.93935 394477440.86057 615442759.05582 488277739.11049 470404182.75253 407933354.52695 367954996.8321 424254902.59665 381864674.91423 439416373.86039 452896596.52643 451522472.52743 423538752.80761 70528733.19939 0 462892516.77757 
56737971.81636 239087654.00216 316431777.22254 430957078.03595 517946459.27382 518040876.95845 746901136.24101 731867123.11537 1017522993.2642 937907065.63358 932928246.79025 870209577.76888 830144072.42984 857416969.83705 809798363.68852 723395316.15766 620841830.25428 514545955.5454 263810312.98639 469647621.5247 462892516.77757 0 
