44
Loc54 Loc95 Loc37 Loc58 Loc51 Loc34 Loc81 Loc62 Loc80 Loc22 Loc24 Loc73 Loc0 Loc74 Loc86 Loc90 Loc93 Loc10 Loc25 Loc92 Loc4 Loc89 Loc78 Loc84 Loc46 Loc31 Loc23 Loc44 Loc1 Loc70 Loc67 Loc33 Loc28 Loc71 Loc52 Loc48 Loc65 Loc14 Loc66 Loc63 Loc47 Loc15 Loc64 Loc35
0 4982365.9359 136819739.57399 146361924.54024 147188364.87335 221097889.05599 300283853.11162 439077199.80918 570104742.53609 675705288.80366 670273589.26647 684964767.96716 742286592.66518 846254182.1181 877759636.26721 823432586.1842 735163566.3967 596430905.75106 568537912.17875 457894237.23225 463691596.20675 462284128.49141 421028099.61913997 344671438.45847 246844837.1857 200282425.11409 250942265.7259 276996808.26155 329110180.19275 328193432.31735 191662071.46849 489890548.29875 516973057.97602 714487454.8723 730591324.27611 780021685.7227 794390733.55059 832866080.4067999 731190358.23325 607485704.92879 558312684.42044 605784484.99219 946775039.76511 64959665.64662 
4982365.9359 0 131837373.63809 141379558.60434 151866229.88551 225191207.64344 303150831.95688 443157485.6077 572853152.65853 678761502.28412 672930080.69584 687100484.35949 745294952.53615 848337764.08216 880407654.5047799 824695180.43346 734909391.7143 596936527.21854 570016115.62541 460508459.91418 466565272.76648 465312199.54647005 424150942.19795 346576263.83462 246986219.49333 198015047.70651 255924631.6618 281979174.19745 334092546.12864995 333175798.25324994 186679705.53259 486689202.04804 513292206.61999 711499459.12634 733920180.68643 779239002.3693401 792118403.31276 830575410.5997 729456704.30932 605778896.51251 556045307.0128601 604084329.39175 943706498.63517 65318812.7202 
136819739.57399 131837373.63809 0 46392099.76969 108786541.13102001 110370230.34238 189885062.00174 322555834.01073 458029165.0274401 579479624.70227 590871020.56656 610189751.7837 660065886.04144 771034615.23838 796207784.33425 768246282.57313 719177950.70219 563985920.91601 513220975.18843 375736721.32865 374908811.50622 370681198.82156 326009784.56681 285947817.84126 243772859.57295 259205519.78612 360881838.15805 384585003.50743 438183606.99399 435831730.34783 313662564.30914 555477157.98084 594984476.37984 770581109.23622 782222279.41241 833045669.66591 848054389.69836 865337562.81396 753515165.75475 631288849.22129 577057799.31559 629450775.56684 979473775.83377 185014955.23909998 
146361924.54024 141379558.60434 46392099.76969 0 62394441.36133 145213744.05417 174201033.9258 357530683.13985 480672885.839 612137223.97866 629177408.83969 649615683.45237 697221878.01461 809844688.15183 833259100.52029 811120203.7706201 765474674.58606 609498458.8838 555374011.11915 414668699.0799 411851261.30537 406797193.24612004 360421276.73912 330319898.88205 289297398.5795 296498073.04849 383562283.78763 408266135.27314 461665368.14692 451313817.15238 328059264.13693 594026323.74123 631355176.28697 811480579.37707 827931903.65519 874425009.17482 889503076.26556 909709229.65723 798724062.45616 676213260.83485 622014583.65086 674384249.57397 1023846436.34492 153765921.15526 
147188364.87335 151866229.88551 108786541.13102001 62394441.36133 0 87069917.13273 153095488.23827 299079560.14863 434552891.16534007 556252645.17142 568988867.1996 588751326.427 637778042.50192 749369624.05721 773936004.44955 748830371.18246 705407810.46092 547979910.38439 492999849.04406 354022728.03056 352661171.80927 348031353.8216 302387882.24955 268021438.1183 236533144.86952 263074326.39463 373718148.85091996 396807899.76041 450322184.03888 429426202.937 330334221.69529 557101304.11949 599030096.20624 769444965.15362 788790017.71385 830908206.25779 846233732.0488 859447527.76874 746057661.0104 624880704.22733 570293724.38561 622678931.78501 973597695.88487 136359018.684 
221097889.05599 225191207.64344 110370230.34238 145213744.05417 87069917.13273 0 122581635.5239 217979310.75319 349006853.4801 469182733.10972 484048358.68457 504888575.97373 552025670.5472599 664804082.04323 688045356.46612 670441698.36086 645791979.14462 482275958.15054 416678592.63398 269917076.78369 266642376.09284 261641943.51622 215639554.22443 205605655.7479 213051980.71317 278500218.32645 416030710.58122 436436831.38743 490037159.3288 454295186.16754 387707154.66029 555666955.47638 605275846.71746 754828595.76866 762100403.63272 812923793.88622 828550865.37814 826906223.02662 708614644.59586 591156667.03342 537138459.15874 588853206.33228 940190426.37367 189180112.72184 
300283853.11162 303150831.95688 189885062.00174 174201033.9258 153095488.23827 122581635.5239 0 194784212.1597 327432396.78748 480249050.14371 522587803.9338 549674914.43219 582852936.13309 701442289.81564 715125876.48184 730978815.69321 740575187.25113 571692126.03034 488510219.9644 324037042.57374 309932205.27157 300391542.34294 284191298.65788 295527212.04642 335085510.71538 397366214.75909 523811359.2026 545994165.30326 599594493.24463 571193446.93984 483429709.93356 677598822.69874 727297420.23423 876942537.63131 882732155.24697 933408413.70402 949338917.97419 942570922.72478 823795994.41767 706412053.00604 654103134.25436 704509383.52445 1054622271.79615 289454506.92227 
439077199.80918 443157485.6077 322555834.01073 357530683.13985 299079560.14863 217979310.75319 194784212.1597 0 135473331.01671 287235876.46322 343123640.97315 372820003.37861 398022218.23492 516599133.54524 526248806.12334996 565024713.50736 624881076.41435 454295839.41982996 348468236.93077 182962810.74769 157310940.45512 144223620.8664 159657759.14396998 238536612.82306 354455842.16245 458221486.15337 614749280.94121 631195917.86371 681085486.493 631683449.31973 597622436.9281 685796542.20797 747792840.07053 850353357.94279 849732339.33741 898405959.06739 914308514.46194 876922960.02687 751660172.00198 656837604.9726601 603893910.13979 654962169.6442 983813939.70121 403191867.96563 
570104742.53609 572853152.65853 458029165.0274401 480672885.839 434552891.16534007 349006853.4801 327432396.78748 135473331.01671 0 174568535.75612 262635071.93168 296110030.66492 297777339.36812 416077737.89822 413913345.98744 492591460.33261 605664470.10594 444984846.25466 326725413.76176 218740132.41886002 196606583.73178002 187877136.102 195409407.82163 312833559.83346 449130828.94795 562952616.22203 724761833.04358 739406037.50882 785518923.64648 729289572.25162 717300336.0959 754762592.33595 821768775.91883 893052000.68444 887919755.35084 933682677.71933 949292439.56571 891896884.4965 767106311.65474 681043564.44057 639920747.17676 679324563.56495 991060356.64686 528168375.5766 
675705288.80366 678761502.28412 579479624.70227 612137223.97866 556252645.17142 469182733.10972 480249050.14371 287235876.46322 174568535.75612 0 115513502.08151 147414876.25223 126204424.38734 242044736.59249 249016922.83972 333201667.98121 494102723.16243 359066788.20041 246098192.45054 226034875.10045 213572205.68697 213638140.38116 259126998.00443 355745243.49645 499563143.01509 619399980.92378 783762000.49021 793425383.0475 832732338.88915 765467994.10948 794435175.6205701 747093393.05503 817363824.68208 843194063.4953799 831803302.70181 873009269.91934 887845959.32653 805807783.88064 685500818.30106 623629897.29443 593149604.10066 623203497.76228 895257640.20657 624079366.45703 
670273589.26647 672930080.69584 590871020.56656 629177408.83969 568988867.1996 484048358.68457 522587803.9338 343123640.97315 262635071.93168 115513502.08151 0 33853216.77939 73400182.52396 180954924.45586 209630892.93777 229985721.88768 379493637.00486 273372747.99654996 154065129.39431 215226768.14319 218120545.63667 225023646.30563 272119858.63437 329065458.58801 463294180.11299 580713953.19147 741385229.41611 747828782.9423499 781713705.3888 710252939.90976 763856662.38556 665600814.22165 737598972.57812 742995120.2156 729287339.558 768500086.69021 782913612.4529 694665896.98043 576274461.99368 523147898.4857 497766626.19188 521818977.46526 781704062.7796 612457637.76489 
684964767.96716 687100484.35949 610189751.7837 649615683.45237 588751326.427 504888575.97373 549674914.43219 372820003.37861 296110030.66492 147414876.25223 33853216.77939 0 73778161.4386 193963312.99389 196262784.01804 196778643.79071 350707654.44444 265832838.32351 146525219.72127 234982069.5763 241226997.09688 249283372.08925 296134748.93197 341306519.09988 477097200.21583 586334683.25863 744962624.86251 751915553.0511501 782281450.00175 708364022.42855 771033277.36992 655579891.55802 727644907.13898 723342982.70265 709030491.5184801 746810386.898 760985956.67566 668794743.51169 552018915.80067 504512369.21491 481794188.1615 503106331.62645 753709423.49271 625805730.4791 
742286592.66518 745294952.53615 660065886.04144 697221878.01461 637778042.50192 552025670.5472599 582852936.13309 398022218.23492 297777339.36812 126204424.38734 73400182.52396 73778161.4386 0 120185151.55529 136230710.41381 212297492.60331 407857453.77011 306158591.38415 220303381.15987 285487806.78938 285383294.45442 298423828.82958996 337660385.62891 402158323.99917 536651196.52382 653889303.53317 814150040.00221 820004882.84949 853404523.7983 780227432.05096 837228284.45634 729358052.9966199 801387034.80052 793081740.66265 777556312.08234 814306099.77772 828193136.13713 731634187.5701001 616647983.18586 574904585.36002 554060503.15308 573711057.20729 810719165.90307 685032396.17788 
846254182.1181 848337764.08216 771034615.23838 809844688.15183 749369624.05721 664804082.04323 701442289.81564 516599133.54524 416077737.89822 242044736.59249 180954924.45586 193963312.99389 120185151.55529 0 59312336.96639 327113825.07227004 393440798.50252 342489168.99991 292343210.73756 395347685.80661 399074211.31003 405816162.56669 452911542.9638 502123781.75359 630456223.57751 740838437.0392 895921162.45371 899100457.44199 927886419.67915 852065168.91245 926809349.84817 776364088.67423 847680606.21075 806874669.41857 787271339.9687 818350963.97189 830953494.94259 716835451.66118 614357169.75666 596571445.0637 586256153.47476 599846632.84448 783603106.56722 786689599.47031 
877759636.26721 880407654.5047799 796207784.33425 833259100.52029 773936004.44955 688045356.46612 715125876.48184 526248806.12334996 413913345.98744 249016922.83972 209630892.93777 196262784.01804 136230710.41381 59312336.96639 0 307682568.4124 452749871.55987 396998540.68713 342788003.73931 421620953.67969 421463204.07867 426599105.20372 473241439.71966 535999233.19938 666938312.75862 782353216.7497599 939926573.35447 944203676.68525 974774290.09009 899407880.41271 967296061.38796 830581900.26262 902284398.02721 865586489.78817 846583676.9350901 877545188.20811 890265831.90898 776147788.62757 673632573.65059 654340912.48643 643647177.44144 653433304.02714 842076475.89994 819849799.36754 
823432586.1842 824695180.43346 768246282.57313 811120203.7706201 748830371.18246 670441698.36086 730978815.69321 565024713.50736 492591460.33261 333201667.98121 229985721.88768 196778643.79071 212297492.60331 327113825.07227004 307682568.4124 0 254276111.17098 251840446.42987 256646827.38725 407520698.16606 421413747.73494 431757526.13283 476757150.79997 483917640.10655 586195960.52864 688389432.38316 831586880.96025 830776583.56006 852588962.79603 773464520.22415 874271571.63789 672324039.77147 741538471.59056 677260957.77178 653718001.16586 681403574.48772 693242260.32658 573441567.00271 476418329.94985 474582514.20746 473678865.21441996 484385745.74064 636194855.80673 760160705.68095 
735163566.3967 734909391.7143 719177950.70219 765474674.58606 705407810.46092 645791979.14462 740575187.25113 624881076.41435 605664470.10594 494102723.16243 379493637.00486 350707654.44444 407857453.77011 393440798.50252 452749871.55987 254276111.17098 0 173775417.58697 280828090.55068 441918265.66666 467858722.74306 481154568.62531 512068505.93978 448068035.81805 489299791.01975 559286364.19237 671114094.19333 663590611.26167 672698381.08872 593482502.91426 731505480.7929 453715423.75695 517337801.96317005 422984846.6008 400087517.57134 427127463.31674 439078320.52166 325024859.69571 222183971.80728 245825684.69742 254812151.47656 236456255.1088 403307763.72504 670522767.59149 
596430905.75106 596936527.21854 563985920.91601 609498458.8838 547979910.38439 482275958.15054 571692126.03034 454295839.41982996 444984846.25466 359066788.20041 273372747.99654996 265832838.32351 306158591.38415 342489168.99991 396998540.68713 251840446.42987 173775417.58697 0 119307618.60224 288178469.95674 297973050.38249 311376432.10446995 340913143.42723 284248977.75847 350904042.10184 442882366.56531 580681247.86983 579234658.48192 600803431.22408 525375328.06968 629506734.48659 445894676.5973 505285857.34008 488689191.8107 475028048.31965 514714784.02447 529304442.83515 450284089.90683 327591787.26284 269528232.24873 257503922.72834998 268143206.71771 546691120.50458 531971164.16225994 
568537912.17875 570016115.62541 513220975.18843 555374011.11915 492999849.04406 416678592.63398 488510219.9644 348468236.93077 326725413.76176 246098192.45054 154065129.39431 146525219.72127 220303381.15987 292343210.73756 342788003.73931 256646827.38725 280828090.55068 119307618.60224 0 168870851.3545 198312742.60751998 211157171.90025 245727376.59327 227273157.34717 338113012.83995 448937976.33501 603714787.21158 607386710.8847 638373533.6865901 562955385.5719 635277346.77491 511535684.82734 583533843.18381 597095871.04484 586041342.45174 627972222.81388 642941869.83114 569285995.24583 445912388.4142 378422734.3059 347623251.54947 377105305.31174 665909441.87484 511842190.91744 
457894237.23225 460508459.91418 375736721.32865 414668699.0799 354022728.03056 269917076.78369 324037042.57374 182962810.74769 218740132.41886002 226034875.10045 215226768.14319 234982069.5763 285487806.78938 395347685.80661 421620953.67969 407520698.16606 441918265.66666 288178469.95674 168870851.3545 0 29441891.25302 42286320.54575 78072252.97849 178456579.75605 274756635.44084 394409442.23058 559073138.49033 569722178.76898 611094420.21637 547180560.69026 568400300.52012 554937253.10547 623045271.91556 692246709.75968 687904310.78153 734755101.67937 750685605.94954 701248164.29187 575664841.36196 483142436.72157 462405293.53229 514804147.91542 805952822.4871 402591969.49808 
463691596.20675 466565272.76648 374908811.50622 411851261.30537 352661171.80927 266642376.09284 309932205.27157 157310940.45512 196606583.73178002 213572205.68697 218120545.63667 241226997.09688 285383294.45442 399074211.31003 421463204.07867 421413747.73494 467858722.74306 297973050.38249 198312742.60751998 29441891.25302 0 13403381.72198 55343403.06503 149014688.50303 293241381.17836 413078219.08704996 576752700.30696 588805991.85409 630877777.00828 568841395.67639 582451286.8344 582044396.10226 651017313.9119899 721490682.50258 717272659.64012 764168990.12125 780099494.39142 730353866.94722 604772561.35118 512584301.32971 474364193.90928 512545967.19605005 834526749.63504 410757911.60447 
462284128.49141 465312199.54647005 370681198.82156 406797193.24612004 348031353.8216 261641943.51622 300391542.34294 144223620.8664 187877136.102 213638140.38116 225023646.30563 249283372.08925 298423828.82958996 405816162.56669 426599105.20372 431757526.13283 481154568.62531 311376432.10446995 211157171.90025 42286320.54575 13403381.72198 0 47099077.13847 162418070.22501 298343603.93688 417128943.56904 581129178.1911 593204351.6768 636348198.17184 575334009.85305 584879223.9168 592011742.04419 659259154.22812 734533030.30543 729540998.11908 776838967.1134901 792323642.50392 743492685.87317 617909499.08691 525193722.5266 481560582.6086 523415436.24027 847930131.35702 410530514.417 
421028099.61913997 424150942.19795 326009784.56681 360421276.73912 302387882.24955 215639554.22443 284191298.65788 159657759.14396998 195409407.82163 259126998.00443 272119858.63437 296134748.93197 337660385.62891 452911542.9638 473241439.71966 476757150.79997 512068505.93978 340913143.42723 245727376.59327 78072252.97849 55343403.06503 47099077.13847 0 138008851.31306 274314142.39925 389602972.04745 552780180.15978 566422305.73796 611556705.82497 554285678.10054 551287181.94628 585968397.79753 651001483.87714 748459667.9408001 737766954.62289 785888443.51447 801751328.31236 761250179.00026 635905397.02243 537129805.70555 490766551.83933 543165406.22246 867893501.97728 371303733.93664 
344671438.45847 346576263.83462 285947817.84126 330319898.88205 268021438.1183 205605655.7479 295527212.04642 238536612.82306 312833559.83346 355745243.49645 329065458.58801 341306519.09988 402158323.99917 502123781.75359 535999233.19938 483917640.10655 448068035.81805 284248977.75847 227273157.34717 178456579.75605 149014688.50303 162418070.22501 138008851.31306 0 144643992.99131 264197117.37431 428841526.47147 439791303.35106 481875471.07078 420369976.06402 439674344.93961 449233936.33866 513457878.76275 613506485.34227 614384507.52628 663786673.38238 679717052.60797 654713698.35155 531654042.42153 422312434.89301 371993720.04281 420421994.76851 765428869.34909 284569033.57027 
246844837.1857 246986219.49333 243772859.57295 289297398.5795 236533144.86952 213051980.71317 335085510.71538 354455842.16245 449130828.94795 499563143.01509 463294180.11299 477097200.21583 536651196.52382 630456223.57751 666938312.75862 586195960.52864 489299791.01975 350904042.10184 338113012.83995 274756635.44084 293241381.17836 298343603.93688 274314142.39925 144643992.99131 0 119836837.90869 284328694.31853 296695125.35227 338102447.7663 296463048.4704 300597448.41402 345105504.24203 400358813.86965 541926328.26982 555646243.28061 601868538.49976 616262708.73716 623020455.01907 523514631.14137 400605337.53632003 349945566.12023 386159159.55806 737064551.01535 197525486.2583 
200282425.11409 198015047.70651 259205519.78612 296498073.04849 263074326.39463 278500218.32645 397366214.75909 458221486.15337 562952616.22203 619399980.92378 580713953.19147 586334683.25863 653889303.53317 740838437.0392 782353216.7497599 688389432.38316 559286364.19237 442882366.56531 448937976.33501 394409442.23058 413078219.08704996 417128943.56904 389602972.04745 264197117.37431 119836837.90869 0 164663696.25975 176858287.44358 222864000.33963 176626210.56171 186624367.92128 297528250.69274 338040230.0345 517852352.7681 538971095.81551 585591896.0111 597034233.53629 632583655.29271 533055150.71208 409719208.36551 358030259.30635 408076018.35175 746505537.7648499 147375513.61327 
250942265.7259 255924631.6618 360881838.15805 383562283.78763 373718148.85091996 416030710.58122 523811359.2026 614749280.94121 724761833.04358 783762000.49021 741385229.41611 744962624.86251 814150040.00221 895921162.45371 939926573.35447 831586880.96025 671114094.19333 580681247.86983 603714787.21158 559073138.49033 576752700.30696 581129178.1911 552780180.15978 428841526.47147 284328694.31853 164663696.25975 0 26054542.53565 78221853.16572 102309377.10407 84873966.82595 294451935.56462 296108289.4273 517737524.60598 540454832.80209 585473575.63518 597886214.42782 670066032.66673 599802116.21608 489422611.65227 436189247.0631 477748009.01712 776736757.94192 237359130.16692 
276996808.26155 281979174.19745 384585003.50743 408266135.27314 396807899.76041 436436831.38743 545994165.30326 631195917.86371 739406037.50882 793425383.0475 747828782.9423499 751915553.0511501 820004882.84949 899100457.44199 944203676.68525 830776583.56006 663590611.26167 579234658.48192 607386710.8847 569722178.76898 588805991.85409 593204351.6768 566422305.73796 439791303.35106 296695125.35227 176858287.44358 26054542.53565 0 53600327.94137 82299691.10669 110928509.3616 274862111.31424 272732827.08716 496109945.55089 519478613.33134 563839972.2466 576002417.62968 651607545.35328 578366007.39422 465763056.26087 424725945.50509 464603873.38381 757227342.35461 263413672.70257002 
329110180.19275 334092546.12864995 438183606.99399 461665368.14692 450322184.03888 490037159.3288 599594493.24463 681085486.493 785518923.64648 832732338.88915 781713705.3888 782281450.00175 853404523.7983 927886419.67915 974774290.09009 852588962.79603 672698381.08872 600803431.22408 638373533.6865901 611094420.21637 630877777.00828 636348198.17184 611556705.82497 481875471.07078 338102447.7663 222864000.33963 78221853.16572 53600327.94137 0 80121208.11576 163095819.99167 257376983.00678 242289672.70149 470559663.34155 495239382.60343 537211569.1657 548476993.54319 634297738.21413 577613947.22777 464267185.79632 426873027.25995 463396732.79162 739052614.01037 314179166.64825 
328193432.31735 333175798.25324994 435831730.34783 451313817.15238 429426202.937 454295186.16754 571193446.93984 631683449.31973 729289572.25162 765467994.10948 710252939.90976 708364022.42855 780227432.05096 852065168.91245 899407880.41271 773464520.22415 593482502.91426 525375328.06968 562955385.5719 547180560.69026 568841395.67639 575334009.85305 554285678.10054 420369976.06402 296463048.4704 176626210.56171 102309377.10407 82299691.10669 80121208.11576 0 186494692.8179 192562420.20755 196075101.5973 415491992.78791 438153851.18676 483231536.03091 495714729.4278 569432231.02183 497492739.11201 387113234.5482 359791160.67056 390501503.25008 675077029.56557 297979226.96026 
191662071.46849 186679705.53259 313662564.30914 328059264.13693 330334221.69529 387707154.66029 483429709.93356 597622436.9281 717300336.0959 794435175.6205701 763856662.38556 771033277.36992 837228284.45634 926809349.84817 967296061.38796 874271571.63789 731505480.7929 629506734.48659 635277346.77491 568400300.52012 582451286.8344 584879223.9168 551287181.94628 439674344.93961 300597448.41402 186624367.92128 84873966.82595 110928509.3616 163095819.99167 186494692.8179 0 377343634.63109 380982256.25325 601890330.48809 624090717.20025 669629873.7310901 682179246.45861 750789398.48788 669649910.07835 551990407.00916 506297458.29998 550642384.72877 858694606.24455 198527041.93845 
489890548.29875 486689202.04804 555477157.98084 594026323.74123 557101304.11949 555666955.47638 677598822.69874 685796542.20797 754762592.33595 747093393.05503 665600814.22165 655579891.55802 729358052.9966199 776364088.67423 830581900.26262 672324039.77147 453715423.75695 445894676.5973 511535684.82734 554937253.10547 582044396.10226 592011742.04419 585968397.79753 449233936.33866 345105504.24203 297528250.69274 294451935.56462 274862111.31424 257376983.00678 192562420.20755 377343634.63109 0 126949903.59555 227006815.44058 247230978.63839 294182987.69329 307613783.39322 377615310.79684 346343722.10442996 222592713.3367 254565583.26200998 222117053.95326 482514609.35802 444627068.96821 
516973057.97602 513292206.61999 594984476.37984 631355176.28697 599030096.20624 605275846.71746 727297420.23423 747792840.07053 821768775.91883 817363824.68208 737598972.57812 727644907.13898 801387034.80052 847680606.21075 902284398.02721 741538471.59056 517337801.96317005 505285857.34008 583533843.18381 623045271.91556 651017313.9119899 659259154.22812 651001483.87714 513457878.76275 400358813.86965 338040230.0345 296108289.4273 272732827.08716 242289672.70149 196075101.5973 380982256.25325 126949903.59555 0 228269990.64006 255036562.09082 295248049.16707 306255351.68901 401893988.37798 360419900.8148 343632999.21436 312052203.63014 281719563.9062 498377630.80031 477589255.13171 
714487454.8723 711499459.12634 770581109.23622 811480579.37707 769444965.15362 754828595.76866 876942537.63131 850353357.94279 893052000.68444 843194063.4953799 742995120.2156 723342982.70265 793081740.66265 806874669.41857 865586489.78817 677260957.77178 422984846.6008 488689191.8107 597095871.04484 692246709.75968 721490682.50258 734533030.30543 748459667.9408001 613506485.34227 541926328.26982 517852352.7681 517737524.60598 496109945.55089 470559663.34155 415491992.78791 601890330.48809 227006815.44058 228269990.64006 0 32214709.02024 67739543.243 80618944.18642 189818985.01386002 207652117.5089 253722485.97927 273574997.13347 221176142.75034 272964887.07501 665226372.9623 
730591324.27611 733920180.68643 782222279.41241 827931903.65519 788790017.71385 762100403.63272 882732155.24697 849732339.33741 887919755.35084 831803302.70181 729287339.558 709030491.5184801 777556312.08234 787271339.9687 846583676.9350901 653718001.16586 400087517.57134 475028048.31965 586041342.45174 687904310.78153 717272659.64012 729540998.11908 737766954.62289 614384507.52628 555646243.28061 538971095.81551 540454832.80209 519478613.33134 495239382.60343 438153851.18676 624090717.20025 247230978.63839 255036562.09082 32214709.02024 0 50823390.2535 66753894.52367 157604275.99362 181326598.51864 227834397.47519 247999008.17408 210354204.3212 243813231.40694 679694236.70818 
780021685.7227 779239002.3693401 833045669.66591 874425009.17482 830908206.25779 812923793.88622 933408413.70402 898405959.06739 933682677.71933 873009269.91934 768500086.69021 746810386.898 814306099.77772 818350963.97189 877545188.20811 681403574.48772 427127463.31674 514714784.02447 627972222.81388 734755101.67937 764168990.12125 776838967.1134901 785888443.51447 663786673.38238 601868538.49976 585591896.0111 585473575.63518 563839972.2466 537211569.1657 483231536.03091 669629873.7310901 294182987.69329 295248049.16707 67739543.243 50823390.2535 0 15930504.27017 165837067.40369 213250094.18629 252919333.12904 295278384.50489 254592835.21792 211729598.17 729660437.2986 
794390733.55059 792118403.31276 848054389.69836 889503076.26556 846233732.0488 828550865.37814 949338917.97419 914308514.46194 949292439.56571 887845959.32653 782913612.4529 760985956.67566 828193136.13713 830953494.94259 890265831.90898 693242260.32658 439078320.52166 529304442.83515 642941869.83114 750685605.94954 780099494.39142 792323642.50392 801751328.31236 679717052.60797 616262708.73716 597034233.53629 597886214.42782 576002417.62968 548476993.54319 495714729.4278 682179246.45861 307613783.39322 306255351.68901 80618944.18642 66753894.52367 15930504.27017 0 149906563.13352 216920523.2542 268409524.01338 311102288.97715 270523339.48809 206512658.16049 744380746.83189 
832866080.4067999 830575410.5997 865337562.81396 909709229.65723 859447527.76874 826906223.02662 942570922.72478 876922960.02687 891896884.4965 805807783.88064 694665896.98043 668794743.51169 731634187.5701001 716835451.66118 776147788.62757 573441567.00271 325024859.69571 450284089.90683 569285995.24583 701248164.29187 730353866.94722 743492685.87317 761250179.00026 654713698.35155 623020455.01907 632583655.29271 670066032.66673 651607545.35328 634297738.21413 569432231.02183 750789398.48788 377615310.79684 401893988.37798 189818985.01386002 157604275.99362 165837067.40369 149906563.13352 0 125583392.45209 236168448.77555 290460393.58346 238061539.20033 247559955.818 775941287.79802 
731190358.23325 729456704.30932 753515165.75475 798724062.45616 746057661.0104 708614644.59586 823795994.41767 751660172.00198 767106311.65474 685500818.30106 576274461.99368 552018915.80067 616647983.18586 614357169.75666 673632573.65059 476418329.94985 222183971.80728 327591787.26284 445912388.4142 575664841.36196 604772561.35118 617909499.08691 635905397.02243 531654042.42153 523514631.14137 533055150.71208 599802116.21608 578366007.39422 577613947.22777 497492739.11201 669649910.07835 346343722.10442996 360419900.8148 207652117.5089 181326598.51864 213250094.18629 216920523.2542 125583392.45209 0 123751008.76773 216669961.39964998 264972301.73105 233941132.40567 671631024.68784 
607485704.92879 605778896.51251 631288849.22129 676213260.83485 624880704.22733 591156667.03342 706412053.00604 656837604.9726601 681043564.44057 623629897.29443 523147898.4857 504512369.21491 574904585.36002 596571445.0637 654340912.48643 474582514.20746 245825684.69742 269528232.24873 378422734.3059 483142436.72157 512584301.32971 525193722.5266 537129805.70555 422312434.89301 400605337.53632003 409719208.36551 489422611.65227 465763056.26087 464267185.79632 387113234.5482 551990407.00916 222592713.3367 343632999.21436 253722485.97927 227834397.47519 252919333.12904 268409524.01338 236168448.77555 123751008.76773 0 168921254.71293998 179628135.23916 349729219.62784 547891042.9711 
558312684.42044 556045307.0128601 577057799.31559 622014583.65086 570293724.38561 537138459.15874 654103134.25436 603893910.13979 639920747.17676 593149604.10066 497766626.19188 481794188.1615 554060503.15308 586256153.47476 643647177.44144 473678865.21441996 254812151.47656 257503922.72834998 347623251.54947 462405293.53229 474364193.90928 481560582.6086 490766551.83933 371993720.04281 349945566.12023 358030259.30635 436189247.0631 424725945.50509 426873027.25995 359791160.67056 506297458.29998 254565583.26200998 312052203.63014 273574997.13347 247999008.17408 295278384.50489 311102288.97715 290460393.58346 216669961.39964998 168921254.71293998 0 52398854.38313 403763289.22135 494608844.15987 
605784484.99219 604084329.39175 629450775.56684 674384249.57397 622678931.78501 588853206.33228 704509383.52445 654962169.6442 679324563.56495 623203497.76228 521818977.46526 503106331.62645 573711057.20729 599846632.84448 653433304.02714 484385745.74064 236456255.1088 268143206.71771 377105305.31174 514804147.91542 512545967.19605005 523415436.24027 543165406.22246 420421994.76851 386159159.55806 408076018.35175 477748009.01712 464603873.38381 463396732.79162 390501503.25008 550642384.72877 222117053.95326 281719563.9062 221176142.75034 210354204.3212 254592835.21792 270523339.48809 238061539.20033 264972301.73105 179628135.23916 52398854.38313 0 351612803.39313 546153271.28322 
946775039.76511 943706498.63517 979473775.83377 1023846436.34492 973597695.88487 940190426.37367 1054622271.79615 983813939.70121 991060356.64686 895257640.20657 781704062.7796 753709423.49271 810719165.90307 783603106.56722 842076475.89994 636194855.80673 403307763.72504 546691120.50458 665909441.87484 805952822.4871 834526749.63504 847930131.35702 867893501.97728 765428869.34909 737064551.01535 746505537.7648499 776736757.94192 757227342.35461 739052614.01037 675077029.56557 858694606.24455 482514609.35802 498377630.80031 272964887.07501 243813231.40694 211729598.17 206512658.16049 247559955.818 233941132.40567 349729219.62784 403763289.22135 351612803.39313 0 890097011.73284 
64959665.64662 65318812.7202 185014955.23909998 153765921.15526 136359018.684 189180112.72184 289454506.92227 403191867.96563 528168375.5766 624079366.45703 612457637.76489 625805730.4791 685032396.17788 786689599.47031 819849799.36754 760160705.68095 670522767.59149 531971164.16225994 511842190.91744 402591969.49808 410757911.60447 410530514.417 371303733.93664 284569033.57027 197525486.2583 147375513.61327 237359130.16692 263413672.70257002 314179166.64825 297979226.96026 198527041.93845 444627068.96821 477589255.13171 665226372.9623 679694236.70818 729660437.2986 744380746.83189 775941287.79802 671631024.68784 547891042.9711 494608844.15987 546153271.28322 890097011.73284 0 
