11
2 9 5 7 3 10 8 6 4 11 1
0 23.0 42.0 43.0 55.0 31.0 23.0 43.0 46.0 41.0 29.0 
23.0 0 21.0 23.0 41.0 29.0 33.0 55.0 62.0 62.0 51.0 
42.0 21.0 0 23.0 46.0 46.0 52.0 74.0 82.0 82.0 68.0 
43.0 23.0 23.0 0 23.0 31.0 42.0 61.0 72.0 77.0 72.0 
55.0 41.0 46.0 23.0 0 29.0 43.0 55.0 68.0 79.0 82.0 
31.0 29.0 46.0 31.0 29.0 0 15.0 31.0 42.0 51.0 55.0 
23.0 33.0 52.0 42.0 43.0 15.0 0 23.0 31.0 37.0 42.0 
43.0 55.0 74.0 61.0 55.0 31.0 23.0 0 15.0 33.0 52.0 
46.0 62.0 82.0 72.0 68.0 42.0 31.0 15.0 0 21.0 46.0 
41.0 62.0 82.0 77.0 79.0 51.0 37.0 33.0 21.0 0 29.0 
29.0 51.0 68.0 72.0 82.0 55.0 42.0 52.0 46.0 29.0 0 
