95
idQHxtSnxr BUMLJo6sc3 jPXsbXPNMq srT70dfQEr Pz3egMzKU8 gZXiityEnU 723MhcLxt0 yky49wE4YG BNkM7qaRNw XlU2fx0ZPn IA0Uf143OT uvoepIQg9n LCKLTNE1vp 97ZNlakBoq mwzQG3SxnO XW1Wn7EqpN GQ4F0g3Mdj fXy828RCG4 KUJdxKVZFO 7g0Idy1nzK 03xK87sjTf nKHFs5cKTX Oiowits7js 12ECENJIev WvFZJEkTrw 5SSy593K31 oCk2Yieytb Tk8ERvdKxF WAi18jd2vJ S8BtTu4yH9 oIVQ2qkgnR s3eMpsYH00 Pijq8aHqIR qnkfLCmfDn QTNhZIciNJ CSjLrGbUz3 xtp1B5q0W1 YpRs8m6oyX 2S929yZddP 1QXjsHNYao TBzLS0OAYU 0hs3CNDF4L bhojeHeddF JD3uem81Lg r8njDwxc2t vUu8ijgxxf yvMowGbkvn u4LnQNaaiz 0mnwiU4XrT wRn7Oi1bcW oEdovEhrWM CUEWGmB7Gt dMOAUqH7Z3 yU6iUY8YgO WcyuqGYOzU oWmQcQwHPo RN0bCAV6rQ pk0Vh75DnH g2I4si69gU u4FAx2sHZm 2OsmeZV9xh 1TfvXd6dPZ bWDewy6WbV IT4pKw3giW oVMPVsMWrZ KpxiCfRqh3 2O61j91J3T K05xB79KZo onlLq65Azx bsEkAY2K41 Q1N77BLmyb x7iq98BiN3 8KtuAXHUy3 fWIjO8yhE3 qjDSEKmZMW jBYJ7v19BQ lfdanPGo3c 4znnlMjVra dj8JMfo3hX QrJxLpX875 emYRLTiyj9 LeZK9UvMT9 M2hatQPY96 CxfzSa2YOV FvzkpZRSj8 YAqGe4tKAP TP2TNyk7wl TyL7NE2puV z9nRKYQ1ub t25XjDwQhD tubjzjzUpV j98kcW9qGB uIf3wnJUdn MXIvZpEPtW g3ylJsdLuC
0 6308.0 12572.0 14813.0 21672.0 31640.0 34892.0 34186.0 29097.0 23109.0 35973.0 29863.0 20577.0 20259.0 29931.0 37988.0 32053.0 36001.0 30484.0 35815.0 42323.0 42214.0 40170.0 39799.0 37153.0 28789.0 21866.0 26939.0 30353.0 26219.0 38021.0 32546.0 30214.0 28709.0 23430.0 25199.0 20107.0 31813.0 30364.0 36347.0 29429.0 30875.0 32052.0 38103.0 35931.0 21690.0 21281.0 18464.0 8532.0 16160.0 32017.0 33407.0 24776.0 36228.0 30934.0 24681.0 24799.0 27624.0 25451.0 22834.0 28434.0 26727.0 28646.0 35298.0 18475.0 24069.0 27398.0 23754.0 8644.0 27023.0 21611.0 22141.0 33644.0 22987.0 37435.0 34423.0 33780.0 19359.0 9984.0 16706.0 25507.0 17407.0 17999.0 26139.0 34891.0 33203.0 41385.0 24059.0 41041.0 28233.0 25431.0 18599.0 32397.0 25873.0 8237.0 
6308.0 0 6264.0 8505.0 15364.0 25332.0 35761.0 34963.0 35405.0 29417.0 29758.0 23555.0 14269.0 13951.0 23623.0 31680.0 26435.0 32916.0 36205.0 41536.0 48044.0 43076.0 38065.0 45351.0 34170.0 25806.0 15558.0 20631.0 25735.0 30591.0 33403.0 33408.0 26218.0 29371.0 24092.0 18891.0 13799.0 30934.0 31026.0 30039.0 35737.0 26879.0 30942.0 36571.0 41652.0 27411.0 20836.0 19291.0 14840.0 22468.0 32886.0 39715.0 31084.0 36890.0 28885.0 22632.0 18491.0 25527.0 31759.0 27112.0 32712.0 20419.0 22338.0 33241.0 24783.0 30377.0 21638.0 17446.0 14952.0 22632.0 15303.0 21696.0 33052.0 25215.0 39663.0 40144.0 32208.0 24703.0 16292.0 23014.0 31815.0 23715.0 24307.0 32447.0 29884.0 30220.0 35767.0 30263.0 44588.0 34541.0 31739.0 15801.0 26089.0 30652.0 14545.0 
12572.0 6264.0 0 14769.0 21628.0 31596.0 42025.0 39522.0 34433.0 28445.0 36022.0 29819.0 20533.0 20215.0 29887.0 37944.0 32699.0 39180.0 35812.0 41143.0 47651.0 48034.0 44329.0 42435.0 28135.0 32070.0 21822.0 26895.0 31999.0 35221.0 32884.0 38366.0 32482.0 35635.0 30356.0 25155.0 20063.0 37198.0 37290.0 36303.0 34765.0 33143.0 24678.0 41843.0 41259.0 27018.0 27100.0 25555.0 21104.0 28732.0 39150.0 39264.0 37348.0 43154.0 35149.0 28896.0 24755.0 31791.0 38023.0 33376.0 37229.0 26683.0 28602.0 33329.0 31047.0 36641.0 27902.0 23710.0 19492.0 17961.0 21567.0 27960.0 39316.0 31479.0 45605.0 39751.0 38472.0 30967.0 22556.0 29278.0 38079.0 29979.0 28336.0 36476.0 36148.0 36484.0 42031.0 36527.0 39963.0 37611.0 30767.0 9537.0 32353.0 32308.0 20809.0 
14813.0 8505.0 14769.0 0 6859.0 16827.0 33395.0 26458.0 31547.0 34655.0 30940.0 24737.0 22774.0 22456.0 32128.0 36476.0 30378.0 24411.0 29928.0 35259.0 41767.0 34571.0 43576.0 39836.0 39681.0 31317.0 21069.0 26142.0 24076.0 24573.0 26735.0 24903.0 17713.0 23661.0 28940.0 27396.0 22304.0 30046.0 32414.0 30173.0 31329.0 18374.0 34941.0 35694.0 38209.0 26859.0 20284.0 10786.0 20078.0 27706.0 32879.0 40136.0 32269.0 31180.0 29019.0 22766.0 9986.0 17022.0 24306.0 18657.0 24257.0 11964.0 27198.0 34153.0 31282.0 34226.0 18199.0 8941.0 23457.0 31137.0 23808.0 28012.0 27367.0 16710.0 31158.0 33240.0 23703.0 33208.0 24797.0 31519.0 35646.0 32220.0 31186.0 39326.0 35395.0 33826.0 39710.0 22593.0 36083.0 35993.0 36977.0 24306.0 31600.0 30100.0 23050.0 
21672.0 15364.0 21628.0 6859.0 0 9968.0 31900.0 33317.0 33784.0 27796.0 28892.0 22689.0 29633.0 20048.0 29720.0 29826.0 23728.0 30968.0 35171.0 40502.0 41240.0 33889.0 42232.0 34946.0 39705.0 33476.0 27928.0 27132.0 22028.0 28123.0 29696.0 24221.0 24572.0 30520.0 28117.0 31064.0 25972.0 34378.0 33288.0 37032.0 34116.0 25233.0 32553.0 35705.0 40618.0 26377.0 27143.0 17645.0 13219.0 20847.0 32109.0 38094.0 29463.0 34034.0 22609.0 16356.0 16845.0 23881.0 31165.0 25516.0 31116.0 18823.0 32376.0 30676.0 38141.0 28756.0 19073.0 15800.0 30316.0 29555.0 30667.0 34871.0 25319.0 14662.0 29110.0 35562.0 30562.0 35311.0 31656.0 30138.0 29236.0 37336.0 25683.0 33823.0 36385.0 37890.0 33060.0 15734.0 38716.0 32920.0 30118.0 28508.0 32590.0 28797.0 29909.0 
31640.0 25332.0 31596.0 16827.0 9968.0 0 21932.0 28869.0 30284.0 24296.0 37160.0 32657.0 39601.0 30016.0 39688.0 39794.0 33696.0 35274.0 40791.0 38518.0 45026.0 41521.0 32264.0 24978.0 39278.0 38562.0 37896.0 37100.0 31996.0 38091.0 39664.0 34189.0 29729.0 23781.0 29060.0 34261.0 35940.0 41595.0 35994.0 31871.0 29795.0 35201.0 42521.0 43973.0 43238.0 36345.0 37111.0 27613.0 23187.0 30815.0 32999.0 40640.0 32389.0 31300.0 32577.0 26324.0 26813.0 33849.0 33983.0 35484.0 41084.0 28791.0 39754.0 24136.0 38349.0 38180.0 29041.0 25768.0 40284.0 39523.0 40635.0 44839.0 35287.0 24630.0 25448.0 31900.0 35719.0 39187.0 41624.0 40106.0 39204.0 47304.0 35651.0 43791.0 38845.0 31378.0 43028.0 25702.0 48099.0 42888.0 40086.0 38476.0 42558.0 37033.0 39877.0 
34892.0 35761.0 42025.0 33395.0 31900.0 21932.0 0 6937.0 12026.0 13644.0 18902.0 25105.0 33090.0 37200.0 28197.0 32698.0 29245.0 24622.0 25591.0 20260.0 26768.0 30869.0 21612.0 14326.0 28626.0 25580.0 28967.0 31025.0 29556.0 30948.0 30539.0 26267.0 19077.0 13129.0 18408.0 16870.0 21962.0 22205.0 17677.0 9939.0 7863.0 22178.0 36597.0 25715.0 29389.0 27422.0 22394.0 31892.0 28221.0 23199.0 13609.0 21250.0 21737.0 20648.0 30648.0 32820.0 30126.0 36440.0 23331.0 28980.0 34580.0 30607.0 29102.0 13484.0 16417.0 16248.0 29670.0 38928.0 41467.0 27740.0 35069.0 37087.0 39901.0 29244.0 14796.0 21248.0 25067.0 17255.0 26630.0 33352.0 38311.0 30518.0 34451.0 35338.0 21772.0 14305.0 22313.0 29984.0 37447.0 35640.0 29976.0 32552.0 31798.0 22675.0 43129.0 
34186.0 34963.0 39522.0 26458.0 33317.0 28869.0 6937.0 0 5089.0 11077.0 11965.0 18168.0 27454.0 30932.0 21260.0 30806.0 24708.0 23410.0 18654.0 13323.0 19831.0 27182.0 23702.0 21263.0 27007.0 18643.0 22030.0 24088.0 29192.0 33839.0 27737.0 33204.0 26014.0 20066.0 25345.0 23807.0 28899.0 28888.0 24614.0 16876.0 14800.0 29115.0 34030.0 18778.0 27461.0 22032.0 15457.0 24955.0 25654.0 30136.0 20546.0 21929.0 28674.0 27585.0 36474.0 35807.0 33113.0 31309.0 24894.0 30543.0 36143.0 33594.0 28810.0 20421.0 23354.0 23185.0 36607.0 35399.0 39940.0 26485.0 33814.0 30150.0 35968.0 26195.0 21733.0 24087.0 23645.0 22252.0 31627.0 31236.0 31374.0 23581.0 35684.0 28401.0 14835.0 7368.0 15376.0 32702.0 43019.0 31918.0 27409.0 29985.0 24861.0 15738.0 42423.0 
29097.0 35405.0 34433.0 31547.0 33784.0 30284.0 12026.0 5089.0 0 5988.0 6876.0 13079.0 22365.0 25843.0 16171.0 29507.0 26322.0 19082.0 13565.0 8234.0 14742.0 22093.0 28791.0 22678.0 32096.0 23732.0 27119.0 29177.0 28472.0 34567.0 22648.0 28130.0 25780.0 21481.0 26760.0 28896.0 33988.0 31484.0 29703.0 21965.0 19889.0 31009.0 28941.0 13689.0 22372.0 22359.0 20546.0 30044.0 20565.0 26618.0 25635.0 27018.0 30089.0 29000.0 34067.0 36714.0 38202.0 36398.0 29960.0 34867.0 38677.0 38220.0 33899.0 21836.0 28443.0 28274.0 35991.0 40488.0 34851.0 31159.0 38488.0 35239.0 30879.0 21106.0 23148.0 29176.0 28734.0 27341.0 36716.0 33515.0 26285.0 25860.0 31625.0 27376.0 19924.0 12457.0 20465.0 34316.0 37930.0 35578.0 22320.0 24896.0 27971.0 20827.0 37334.0 
23109.0 29417.0 28445.0 34655.0 27796.0 24296.0 13644.0 11077.0 5988.0 0 12864.0 19067.0 28353.0 30978.0 22159.0 31006.0 24908.0 17668.0 19553.0 14222.0 20730.0 28081.0 23976.0 16690.0 30990.0 29720.0 32985.0 32015.0 30012.0 32264.0 28636.0 28631.0 21441.0 15493.0 20772.0 25973.0 31065.0 25496.0 27706.0 23583.0 20330.0 34645.0 22953.0 19677.0 28360.0 27735.0 26534.0 24509.0 14577.0 20630.0 24711.0 32352.0 24101.0 23012.0 28079.0 30726.0 40705.0 33669.0 25695.0 28879.0 32689.0 35572.0 31466.0 15848.0 30061.0 29892.0 30003.0 39261.0 28863.0 25171.0 32500.0 41227.0 36867.0 27094.0 17160.0 23612.0 27431.0 30899.0 33093.0 38837.0 32273.0 31848.0 25637.0 33364.0 25912.0 18445.0 26453.0 30104.0 31942.0 29590.0 16332.0 18908.0 26557.0 26815.0 31346.0 
35973.0 29758.0 36022.0 30940.0 28892.0 37160.0 18902.0 11965.0 6876.0 12864.0 0 6203.0 15489.0 18967.0 9295.0 22631.0 25086.0 25958.0 20441.0 15110.0 21618.0 28969.0 23553.0 29554.0 34640.0 26276.0 26284.0 26700.0 21596.0 27691.0 15772.0 21254.0 26567.0 28357.0 32682.0 35126.0 30034.0 28672.0 35551.0 28841.0 26765.0 24133.0 23978.0 6813.0 15496.0 25771.0 27422.0 30166.0 27441.0 33494.0 32511.0 33894.0 34028.0 35876.0 38075.0 31822.0 36173.0 31919.0 32134.0 31007.0 36607.0 31344.0 33064.0 28712.0 35319.0 35150.0 32698.0 39881.0 41200.0 29123.0 31821.0 30487.0 24003.0 14230.0 28678.0 28159.0 30885.0 22317.0 31692.0 26639.0 19409.0 18984.0 28640.0 20500.0 26800.0 19333.0 23323.0 31200.0 39375.0 30127.0 29196.0 31772.0 25656.0 22978.0 44210.0 
29863.0 23555.0 29819.0 24737.0 22689.0 32657.0 25105.0 18168.0 13079.0 19067.0 6203.0 0 9286.0 24266.0 15498.0 28834.0 31289.0 27062.0 26644.0 21313.0 27821.0 27254.0 29756.0 35757.0 38758.0 30394.0 25570.0 20497.0 15393.0 21488.0 21975.0 17586.0 20364.0 26312.0 26479.0 31680.0 35235.0 22469.0 29348.0 35010.0 31047.0 21025.0 30181.0 13016.0 21699.0 19568.0 26143.0 23963.0 22482.0 30110.0 30494.0 36456.0 27825.0 33831.0 31872.0 25619.0 34723.0 38122.0 25931.0 24804.0 30404.0 25141.0 31372.0 29672.0 32907.0 30450.0 28336.0 33678.0 38507.0 22920.0 25618.0 24284.0 18684.0 8027.0 22475.0 21956.0 24682.0 16114.0 25489.0 32211.0 25612.0 25187.0 31242.0 23102.0 25547.0 25536.0 29526.0 24997.0 33172.0 23924.0 33038.0 31344.0 25898.0 16775.0 38100.0 
20577.0 14269.0 20533.0 22774.0 29633.0 39601.0 33090.0 27454.0 22365.0 28353.0 15489.0 9286.0 0 14980.0 24652.0 32709.0 34028.0 29764.0 24247.0 29578.0 36086.0 36540.0 39042.0 38647.0 35199.0 26835.0 16587.0 21660.0 24679.0 30774.0 31261.0 26872.0 24197.0 22472.0 17193.0 22394.0 27486.0 31006.0 24127.0 31865.0 25227.0 24896.0 39467.0 22302.0 29694.0 15453.0 21865.0 26419.0 16487.0 24115.0 31690.0 27170.0 18539.0 29991.0 30784.0 24531.0 27670.0 34706.0 27956.0 22307.0 27907.0 28151.0 23367.0 37803.0 30135.0 32024.0 28711.0 31715.0 29221.0 23661.0 16332.0 14998.0 27970.0 17313.0 31761.0 28186.0 30187.0 25400.0 30561.0 26555.0 25653.0 29067.0 29659.0 32388.0 30913.0 31249.0 38812.0 32014.0 42458.0 29957.0 33386.0 30070.0 27118.0 26061.0 28814.0 
20259.0 13951.0 20215.0 22456.0 20048.0 30016.0 37200.0 30932.0 25843.0 30978.0 18967.0 24266.0 14980.0 0 9672.0 23008.0 29106.0 35689.0 36916.0 34077.0 40585.0 40511.0 38776.0 41864.0 34881.0 26517.0 16269.0 21342.0 26446.0 27226.0 34114.0 30843.0 30480.0 36202.0 30923.0 25722.0 20630.0 34825.0 27946.0 27261.0 37298.0 31141.0 27211.0 25780.0 34463.0 28122.0 21547.0 24767.0 19841.0 27469.0 36268.0 41399.0 33519.0 34005.0 29231.0 22978.0 26769.0 33805.0 33469.0 30539.0 36139.0 27250.0 23049.0 25334.0 29817.0 29758.0 13731.0 22989.0 22233.0 23343.0 16014.0 22407.0 24380.0 21284.0 35732.0 36982.0 32220.0 30827.0 30243.0 36686.0 35784.0 28749.0 20341.0 28481.0 30595.0 30931.0 38438.0 22356.0 45256.0 36413.0 29646.0 23166.0 26800.0 24313.0 28496.0 
29931.0 23623.0 29887.0 32128.0 29720.0 39688.0 28197.0 21260.0 16171.0 22159.0 9295.0 15498.0 24652.0 9672.0 0 13336.0 19434.0 26674.0 29736.0 24405.0 30913.0 38264.0 32848.0 38849.0 25511.0 32258.0 25941.0 31014.0 30891.0 36898.0 25067.0 30549.0 33372.0 37652.0 37010.0 31809.0 30302.0 30084.0 36963.0 36933.0 36060.0 33428.0 33273.0 16108.0 24791.0 35066.0 31219.0 34439.0 29513.0 37141.0 38680.0 43189.0 43191.0 43677.0 38218.0 31965.0 36441.0 41214.0 36804.0 31155.0 36755.0 36922.0 32721.0 35006.0 39489.0 39430.0 23403.0 32661.0 31905.0 33015.0 25686.0 22141.0 14708.0 23525.0 31238.0 37454.0 39362.0 31612.0 39915.0 33989.0 28704.0 28279.0 30013.0 29795.0 36095.0 28628.0 28766.0 27428.0 48670.0 39422.0 38491.0 32838.0 34951.0 32273.0 38168.0 
37988.0 31680.0 37944.0 36476.0 29826.0 39794.0 32698.0 30806.0 29507.0 31006.0 22631.0 28834.0 32709.0 23008.0 13336.0 0 6098.0 13338.0 18855.0 24186.0 30694.0 36894.0 38511.0 35744.0 23651.0 18922.0 29170.0 27685.0 30871.0 29758.0 32111.0 27226.0 20036.0 25984.0 23674.0 18473.0 23565.0 16748.0 23627.0 31365.0 33652.0 33321.0 40317.0 25163.0 16480.0 27649.0 34224.0 35702.0 29619.0 37247.0 25344.0 32985.0 34592.0 31586.0 30799.0 30105.0 35079.0 38449.0 23468.0 17819.0 23419.0 24512.0 35950.0 33315.0 30444.0 35107.0 23292.0 32550.0 44087.0 33625.0 33743.0 20281.0 12848.0 23505.0 17902.0 24354.0 26026.0 23870.0 33245.0 32129.0 31227.0 33618.0 42013.0 33873.0 30801.0 29380.0 15430.0 14092.0 37074.0 39058.0 46518.0 42049.0 22227.0 30384.0 46225.0 
32053.0 26435.0 32699.0 30378.0 23728.0 33696.0 29245.0 24708.0 26322.0 24908.0 25086.0 31289.0 34028.0 29106.0 19434.0 6098.0 0 7240.0 12757.0 18088.0 24596.0 30796.0 32413.0 34908.0 21188.0 12824.0 23072.0 21587.0 26691.0 23660.0 26013.0 21128.0 13938.0 19886.0 17576.0 12375.0 17467.0 10650.0 17529.0 25267.0 27554.0 27223.0 34219.0 31261.0 22578.0 21551.0 28126.0 29604.0 23521.0 31149.0 19246.0 26887.0 28494.0 27405.0 32682.0 26658.0 28981.0 32351.0 17370.0 11721.0 17321.0 18414.0 29852.0 27217.0 24346.0 29009.0 25175.0 34433.0 40697.0 27527.0 34856.0 26379.0 18946.0 24964.0 24000.0 27855.0 19928.0 17772.0 27147.0 33869.0 35620.0 27520.0 35915.0 27775.0 24703.0 23282.0 9332.0 7994.0 30976.0 32960.0 40420.0 35951.0 16129.0 24286.0 40290.0 
36001.0 32916.0 39180.0 24411.0 30968.0 35274.0 24622.0 23410.0 19082.0 17668.0 25958.0 27062.0 29764.0 35689.0 26674.0 13338.0 7240.0 0 5517.0 10848.0 17356.0 23556.0 32376.0 27668.0 28428.0 20064.0 19420.0 14347.0 19451.0 25546.0 18773.0 13888.0 6698.0 12646.0 17925.0 19615.0 24707.0 17890.0 24769.0 25453.0 20314.0 19983.0 26979.0 27732.0 27194.0 14311.0 20886.0 23637.0 27469.0 35097.0 21864.0 29505.0 21254.0 20165.0 31590.0 27667.0 30503.0 35957.0 21912.0 18961.0 24561.0 24815.0 26200.0 26826.0 28888.0 35237.0 32415.0 33352.0 41747.0 23368.0 30697.0 30337.0 26186.0 19035.0 27067.0 20615.0 12688.0 24526.0 33901.0 29691.0 28789.0 34124.0 37271.0 35015.0 23509.0 16042.0 16572.0 15234.0 25068.0 28815.0 34000.0 31792.0 8889.0 18012.0 44238.0 
30484.0 36205.0 35812.0 29928.0 35171.0 40791.0 25591.0 18654.0 13565.0 19553.0 20441.0 26644.0 24247.0 36916.0 29736.0 18855.0 12757.0 5517.0 0 5331.0 11839.0 19190.0 28447.0 33185.0 33945.0 25581.0 24937.0 19864.0 24968.0 31063.0 24290.0 19405.0 12215.0 18163.0 22658.0 25132.0 30224.0 23407.0 29592.0 30970.0 25831.0 25500.0 32496.0 27254.0 23035.0 8794.0 15369.0 24867.0 21952.0 29580.0 27381.0 32635.0 24004.0 25682.0 36249.0 29996.0 36020.0 32865.0 16395.0 22044.0 27644.0 28737.0 31717.0 26242.0 23371.0 37489.0 37932.0 38869.0 36230.0 17851.0 25180.0 30075.0 31703.0 24552.0 27979.0 21527.0 18205.0 30043.0 38742.0 32020.0 31118.0 36417.0 37009.0 33708.0 29026.0 21559.0 22089.0 20751.0 30585.0 23298.0 35885.0 26275.0 14406.0 23529.0 38721.0 
35815.0 41536.0 41143.0 35259.0 40502.0 38518.0 20260.0 13323.0 8234.0 14222.0 15110.0 21313.0 29578.0 34077.0 24405.0 24186.0 18088.0 10848.0 5331.0 0 6508.0 13859.0 23116.0 30402.0 39276.0 30912.0 30268.0 25195.0 30299.0 36394.0 29009.0 23527.0 17546.0 23494.0 27989.0 30463.0 35555.0 28738.0 34923.0 30199.0 28123.0 30831.0 37175.0 21923.0 28366.0 14125.0 20700.0 30198.0 27283.0 34852.0 32712.0 35252.0 29335.0 31013.0 41580.0 35327.0 41351.0 38196.0 21726.0 27375.0 32975.0 34068.0 37048.0 30070.0 28702.0 36508.0 43263.0 44200.0 41561.0 23182.0 30511.0 35406.0 37034.0 29340.0 31382.0 26858.0 23536.0 35374.0 44073.0 37351.0 34519.0 34094.0 39859.0 35610.0 28158.0 20691.0 27420.0 26082.0 35916.0 28629.0 30554.0 31606.0 19737.0 28860.0 44052.0 
42323.0 48044.0 47651.0 41767.0 41240.0 45026.0 26768.0 19831.0 14742.0 20730.0 21618.0 27821.0 36086.0 40585.0 30913.0 30694.0 24596.0 17356.0 11839.0 6508.0 0 7351.0 16608.0 23894.0 38194.0 37420.0 36776.0 31703.0 30169.0 36264.0 22501.0 17019.0 24054.0 30002.0 34497.0 36971.0 42063.0 35246.0 41431.0 36707.0 34631.0 30862.0 30707.0 28431.0 34874.0 20633.0 27208.0 36706.0 33791.0 41360.0 39220.0 41760.0 35843.0 37521.0 48088.0 41835.0 47859.0 44704.0 28234.0 33883.0 39483.0 40576.0 43556.0 36578.0 35210.0 43016.0 46887.0 50708.0 48069.0 29690.0 37019.0 41914.0 37235.0 26578.0 37890.0 33366.0 30044.0 41882.0 46794.0 40072.0 41027.0 40602.0 46367.0 39041.0 25475.0 27199.0 33928.0 32590.0 42424.0 35137.0 37062.0 38114.0 26245.0 35368.0 50560.0 
42214.0 43076.0 48034.0 34571.0 33889.0 41521.0 30869.0 27182.0 22093.0 28081.0 28969.0 27254.0 36540.0 40511.0 38264.0 36894.0 30796.0 23556.0 19190.0 13859.0 7351.0 0 9257.0 16543.0 30843.0 31756.0 31764.0 27377.0 22818.0 28913.0 15150.0 9668.0 16858.0 22806.0 28085.0 33286.0 38378.0 32177.0 35019.0 40808.0 30474.0 23511.0 23356.0 24109.0 32792.0 27984.0 34559.0 33797.0 33682.0 41310.0 32024.0 38779.0 31414.0 30325.0 41750.0 36819.0 42847.0 41043.0 35585.0 40345.0 41638.0 34975.0 38544.0 33073.0 42561.0 43613.0 39536.0 43512.0 48452.0 34120.0 41449.0 40497.0 29884.0 19227.0 33675.0 32385.0 22848.0 37269.0 39443.0 32721.0 36705.0 35568.0 39830.0 31690.0 18124.0 25591.0 39907.0 36197.0 35228.0 41652.0 44238.0 38497.0 25034.0 30755.0 50451.0 
40170.0 38065.0 44329.0 43576.0 42232.0 32264.0 21612.0 23702.0 28791.0 23976.0 23553.0 29756.0 39042.0 38776.0 32848.0 38511.0 32413.0 32376.0 28447.0 23116.0 16608.0 9257.0 0 7286.0 21586.0 22499.0 22507.0 18120.0 23224.0 29319.0 24407.0 18925.0 26115.0 23461.0 28740.0 33941.0 37361.0 22920.0 29799.0 31551.0 29475.0 32768.0 32613.0 30366.0 39049.0 35176.0 36115.0 42448.0 32516.0 40144.0 31516.0 29522.0 32069.0 30980.0 36951.0 31440.0 33590.0 31786.0 33663.0 31088.0 36688.0 34071.0 29287.0 23816.0 38029.0 37860.0 44014.0 47544.0 45341.0 26962.0 34291.0 46521.0 39141.0 28484.0 25128.0 31580.0 32105.0 30681.0 30186.0 23464.0 32562.0 26311.0 30573.0 22433.0 8867.0 16334.0 30650.0 40407.0 44485.0 32395.0 39878.0 35386.0 23578.0 26299.0 48407.0 
39799.0 45351.0 42435.0 39836.0 34946.0 24978.0 14326.0 21263.0 22678.0 16690.0 29554.0 35757.0 38647.0 41864.0 38849.0 35744.0 34908.0 27668.0 33185.0 30402.0 23894.0 16543.0 7286.0 0 14300.0 22664.0 29793.0 25406.0 30510.0 36605.0 31693.0 26211.0 22123.0 16175.0 21454.0 26655.0 31747.0 30206.0 28388.0 24265.0 22189.0 35408.0 38232.0 36367.0 35632.0 30468.0 31784.0 39062.0 31267.0 37320.0 25393.0 22236.0 24783.0 23694.0 35119.0 38726.0 40876.0 39072.0 26377.0 32026.0 37626.0 38719.0 32148.0 16530.0 30743.0 30574.0 39455.0 48713.0 42853.0 34248.0 41577.0 45762.0 39323.0 32290.0 17842.0 24294.0 28113.0 31581.0 37472.0 30750.0 39848.0 33597.0 37497.0 29719.0 16153.0 23620.0 36639.0 36013.0 40493.0 39681.0 33022.0 32898.0 30864.0 29427.0 48036.0 
37153.0 34170.0 28135.0 39681.0 39705.0 39278.0 28626.0 27007.0 32096.0 30990.0 34640.0 38758.0 35199.0 34881.0 25511.0 23651.0 21188.0 28428.0 33945.0 39276.0 38194.0 30843.0 21586.0 14300.0 0 8364.0 18612.0 23685.0 28789.0 34884.0 36457.0 40290.0 35126.0 29948.0 27782.0 22581.0 27673.0 20856.0 27735.0 35473.0 36489.0 41275.0 33739.0 38158.0 34294.0 31505.0 24930.0 34428.0 28621.0 36249.0 20730.0 22508.0 31139.0 37467.0 30693.0 24440.0 29695.0 27891.0 27576.0 21927.0 27527.0 28620.0 25392.0 30830.0 34272.0 34103.0 35381.0 43649.0 28553.0 23067.0 30396.0 32456.0 25023.0 30731.0 29863.0 32267.0 41116.0 35110.0 33186.0 26464.0 25562.0 23060.0 37397.0 37981.0 30453.0 23018.0 30520.0 23971.0 41892.0 28500.0 39828.0 18598.0 29143.0 34326.0 45390.0 
28789.0 25806.0 32070.0 31317.0 33476.0 38562.0 25580.0 18643.0 23732.0 29720.0 26276.0 30394.0 26835.0 26517.0 32258.0 18922.0 12824.0 20064.0 25581.0 30912.0 37420.0 31756.0 22499.0 22664.0 8364.0 0 10248.0 15321.0 20425.0 26520.0 28093.0 31926.0 26762.0 24697.0 19418.0 14217.0 19309.0 12492.0 19371.0 27109.0 33443.0 35365.0 36299.0 33089.0 35402.0 23141.0 16566.0 26064.0 20257.0 27885.0 21088.0 23038.0 31669.0 31902.0 24692.0 24025.0 21331.0 19527.0 19212.0 13563.0 19163.0 20256.0 17028.0 29059.0 26188.0 30851.0 27017.0 35285.0 33082.0 14703.0 22032.0 31272.0 31770.0 22367.0 21499.0 23903.0 32752.0 30596.0 32909.0 26187.0 22796.0 14696.0 32462.0 29617.0 22121.0 14654.0 22156.0 20818.0 33528.0 20136.0 33394.0 23127.0 20779.0 25962.0 37026.0 
21866.0 15558.0 21822.0 21069.0 27928.0 37896.0 28967.0 22030.0 27119.0 32985.0 26284.0 25570.0 16587.0 16269.0 25941.0 29170.0 23072.0 19420.0 24937.0 30268.0 36776.0 31764.0 22507.0 29793.0 18612.0 10248.0 0 5073.0 10177.0 16272.0 17845.0 23327.0 26118.0 30103.0 24824.0 24044.0 18952.0 22740.0 28922.0 21184.0 32858.0 26206.0 26051.0 26804.0 35487.0 23084.0 23154.0 22754.0 18408.0 26036.0 31336.0 33286.0 26170.0 25869.0 14444.0 13777.0 11083.0 18119.0 19919.0 14270.0 19870.0 11564.0 6780.0 22398.0 26895.0 30972.0 26791.0 25037.0 30510.0 14711.0 17621.0 24014.0 28200.0 17543.0 31747.0 31381.0 25830.0 26168.0 27139.0 20417.0 19515.0 14704.0 29447.0 27892.0 14326.0 14662.0 32404.0 31066.0 33536.0 20144.0 33402.0 23135.0 10531.0 19654.0 30103.0 
26939.0 20631.0 26895.0 26142.0 27132.0 37100.0 31025.0 24088.0 29177.0 32015.0 26700.0 20497.0 21660.0 21342.0 31014.0 27685.0 21587.0 14347.0 19864.0 25195.0 31703.0 27377.0 18120.0 25406.0 23685.0 15321.0 5073.0 0 5104.0 11199.0 12772.0 18254.0 21045.0 26993.0 24504.0 29117.0 24025.0 23306.0 30185.0 24721.0 32538.0 21133.0 20978.0 21731.0 30414.0 22764.0 24397.0 24986.0 23481.0 31109.0 31902.0 34481.0 25850.0 30942.0 19517.0 13320.0 16156.0 23192.0 23737.0 19343.0 24943.0 16637.0 11853.0 27471.0 30713.0 25899.0 29376.0 30110.0 35583.0 19784.0 22694.0 29087.0 23127.0 12470.0 26918.0 27250.0 20757.0 21095.0 22066.0 15344.0 14442.0 19777.0 30959.0 22819.0 9253.0 16720.0 30919.0 29440.0 37615.0 25217.0 37481.0 28208.0 5458.0 14581.0 35176.0 
30353.0 25735.0 31999.0 24076.0 22028.0 31996.0 29556.0 29192.0 28472.0 30012.0 21596.0 15393.0 24679.0 26446.0 30891.0 30871.0 26691.0 19451.0 24968.0 30299.0 30169.0 22818.0 23224.0 30510.0 28789.0 20425.0 10177.0 5104.0 0 6095.0 7668.0 13150.0 19703.0 25651.0 25183.0 30384.0 29129.0 20784.0 27355.0 19617.0 30344.0 16029.0 15874.0 16627.0 25310.0 27868.0 29142.0 19882.0 21821.0 29449.0 29153.0 36794.0 30954.0 33170.0 24621.0 18424.0 21260.0 28296.0 28841.0 24447.0 20656.0 21741.0 16957.0 31018.0 35817.0 20795.0 24272.0 33017.0 38997.0 22259.0 27798.0 30002.0 18023.0 7366.0 21814.0 25190.0 15653.0 26199.0 27170.0 20448.0 19546.0 24881.0 28954.0 27923.0 14357.0 21824.0 36023.0 24336.0 32511.0 30159.0 32377.0 30683.0 10562.0 19685.0 38590.0 
26219.0 30591.0 35221.0 24573.0 28123.0 38091.0 30948.0 33839.0 34567.0 32264.0 27691.0 21488.0 30774.0 27226.0 36898.0 29758.0 23660.0 25546.0 31063.0 36394.0 36264.0 28913.0 29319.0 36605.0 34884.0 26520.0 16272.0 11199.0 6095.0 0 13763.0 19245.0 25798.0 31746.0 31278.0 30977.0 28608.0 26879.0 32392.0 25712.0 25625.0 22124.0 21969.0 22722.0 31405.0 29860.0 23285.0 13787.0 17687.0 25315.0 23058.0 30699.0 33931.0 38451.0 30716.0 24519.0 27355.0 34391.0 33058.0 30542.0 26751.0 24977.0 23052.0 24923.0 30881.0 14700.0 18177.0 27435.0 34863.0 28354.0 33893.0 36097.0 24118.0 13461.0 27909.0 31285.0 21748.0 21928.0 31303.0 26543.0 25641.0 30976.0 22859.0 26824.0 20452.0 27919.0 32992.0 30431.0 38606.0 36254.0 32164.0 25684.0 16657.0 23902.0 34456.0 
38021.0 33403.0 32884.0 26735.0 29696.0 39664.0 30539.0 27737.0 22648.0 28636.0 15772.0 21975.0 31261.0 34114.0 25067.0 32111.0 26013.0 18773.0 24290.0 29009.0 22501.0 15150.0 24407.0 31693.0 36457.0 28093.0 17845.0 12772.0 7668.0 13763.0 0 5482.0 12672.0 18620.0 17515.0 22716.0 27808.0 28452.0 24449.0 27285.0 22676.0 8361.0 8206.0 8959.0 17642.0 29583.0 28823.0 25961.0 29489.0 37117.0 27838.0 35479.0 27228.0 26139.0 32289.0 26092.0 28928.0 35964.0 28163.0 32115.0 28324.0 27139.0 24625.0 31904.0 35139.0 28463.0 31940.0 35676.0 33302.0 29927.0 35466.0 32661.0 25691.0 15034.0 29482.0 28199.0 18662.0 25521.0 34838.0 28116.0 21555.0 29655.0 30786.0 22646.0 22025.0 29492.0 35345.0 32004.0 31042.0 37827.0 33481.0 23347.0 9884.0 19007.0 46258.0 
32546.0 33408.0 38366.0 24903.0 24221.0 34189.0 26267.0 33204.0 28130.0 28631.0 21254.0 17586.0 26872.0 30843.0 30549.0 27226.0 21128.0 13888.0 19405.0 23527.0 17019.0 9668.0 18925.0 26211.0 40290.0 31926.0 23327.0 18254.0 13150.0 19245.0 5482.0 0 7190.0 13138.0 18417.0 23618.0 28710.0 30952.0 25351.0 32767.0 20806.0 13843.0 13688.0 14441.0 23124.0 27713.0 29969.0 24129.0 24014.0 31642.0 22356.0 29997.0 21746.0 20657.0 32082.0 27151.0 34410.0 36449.0 30243.0 32000.0 31970.0 25307.0 30107.0 28471.0 35898.0 33945.0 29868.0 33844.0 38784.0 24452.0 31781.0 30829.0 20216.0 9559.0 24007.0 22717.0 13180.0 27601.0 36976.0 33598.0 27037.0 35137.0 36268.0 28128.0 27507.0 29930.0 30460.0 26529.0 25560.0 32352.0 34570.0 28829.0 15366.0 21087.0 40783.0 
30214.0 26218.0 32482.0 17713.0 24572.0 29729.0 19077.0 26014.0 25780.0 21441.0 26567.0 20364.0 24197.0 30480.0 33372.0 20036.0 13938.0 6698.0 12215.0 17546.0 24054.0 16858.0 26115.0 22123.0 35126.0 26762.0 26118.0 21045.0 19703.0 25798.0 12672.0 7190.0 0 5948.0 11227.0 16428.0 21520.0 23762.0 18161.0 25899.0 13616.0 13285.0 20878.0 21631.0 20496.0 20523.0 22779.0 16939.0 21902.0 28952.0 15166.0 22807.0 14556.0 13467.0 24892.0 29929.0 27699.0 29259.0 23053.0 24810.0 29555.0 18117.0 28494.0 21281.0 28708.0 28539.0 29228.0 26654.0 38858.0 27230.0 31832.0 23639.0 22994.0 12337.0 21979.0 15527.0 5990.0 20411.0 29786.0 31970.0 31068.0 29981.0 30573.0 34401.0 30207.0 22740.0 23270.0 21484.0 18370.0 31762.0 33980.0 35654.0 15587.0 13897.0 38451.0 
28709.0 29371.0 35635.0 23661.0 30520.0 23781.0 13129.0 20066.0 21481.0 15493.0 28357.0 26312.0 22472.0 36202.0 37652.0 25984.0 19886.0 12646.0 18163.0 23494.0 30002.0 22806.0 23461.0 16175.0 29948.0 24697.0 30103.0 26993.0 25651.0 31746.0 18620.0 13138.0 5948.0 0 5279.0 10480.0 15572.0 17814.0 12213.0 19951.0 19564.0 19233.0 26826.0 27579.0 26444.0 19143.0 25718.0 22887.0 20177.0 27805.0 9218.0 16859.0 8608.0 7519.0 18944.0 25197.0 30347.0 23311.0 20209.0 23594.0 29194.0 24065.0 30951.0 15333.0 22760.0 22591.0 23280.0 32538.0 37353.0 28200.0 35529.0 29587.0 28942.0 18285.0 16645.0 21475.0 11938.0 23598.0 32973.0 30245.0 29343.0 35929.0 36300.0 34939.0 30042.0 22575.0 29218.0 25593.0 24318.0 33647.0 31825.0 34401.0 21535.0 19845.0 36946.0 
23430.0 24092.0 30356.0 28940.0 28117.0 29060.0 18408.0 25345.0 26760.0 20772.0 32682.0 26479.0 17193.0 30923.0 37010.0 23674.0 17576.0 17925.0 22658.0 27989.0 34497.0 28085.0 28740.0 21454.0 27782.0 19418.0 24824.0 24504.0 25183.0 31278.0 17515.0 18417.0 11227.0 5279.0 0 5201.0 10293.0 13813.0 6934.0 14672.0 23638.0 23307.0 25721.0 26474.0 28105.0 13864.0 20439.0 24830.0 14898.0 22526.0 14497.0 22138.0 13887.0 12798.0 16766.0 22942.0 28248.0 28590.0 23964.0 18315.0 23915.0 25008.0 31604.0 20612.0 22004.0 21835.0 18001.0 27259.0 32074.0 22921.0 30250.0 32191.0 34221.0 23564.0 21924.0 26597.0 17217.0 22842.0 31688.0 24966.0 24064.0 32164.0 36558.0 30938.0 27866.0 27854.0 26908.0 25570.0 29597.0 28368.0 31797.0 31345.0 26814.0 25124.0 31667.0 
25199.0 18891.0 25155.0 27396.0 31064.0 34261.0 16870.0 23807.0 28896.0 25973.0 35126.0 31680.0 22394.0 25722.0 31809.0 18473.0 12375.0 19615.0 25132.0 30463.0 36971.0 33286.0 33941.0 26655.0 22581.0 14217.0 24044.0 29117.0 30384.0 30977.0 22716.0 23618.0 16428.0 10480.0 5201.0 0 5092.0 12043.0 12135.0 19873.0 24733.0 28508.0 30922.0 31675.0 24000.0 19065.0 25640.0 30031.0 20099.0 27727.0 13995.0 21636.0 19088.0 17999.0 20307.0 25741.0 23047.0 30083.0 18763.0 13114.0 18714.0 19807.0 30824.0 25813.0 16803.0 16634.0 12800.0 22058.0 33843.0 28122.0 34194.0 37392.0 31321.0 28765.0 25422.0 31798.0 22418.0 17641.0 27016.0 30167.0 29265.0 28913.0 31357.0 29168.0 26096.0 28871.0 21707.0 20369.0 34798.0 33569.0 36998.0 34182.0 28504.0 24155.0 33436.0 
20107.0 13799.0 20063.0 22304.0 25972.0 35940.0 21962.0 28899.0 33988.0 31065.0 30034.0 35235.0 27486.0 20630.0 30302.0 23565.0 17467.0 24707.0 30224.0 35555.0 42063.0 38378.0 37361.0 31747.0 27673.0 19309.0 18952.0 24025.0 29129.0 28608.0 27808.0 28710.0 21520.0 15572.0 10293.0 5092.0 0 17135.0 17227.0 24965.0 29825.0 33600.0 33135.0 36767.0 29092.0 24157.0 30732.0 29626.0 25191.0 32819.0 19087.0 26728.0 24180.0 23091.0 25399.0 20649.0 17955.0 24991.0 23855.0 18206.0 23806.0 18436.0 25732.0 30905.0 21895.0 21726.0 17892.0 27150.0 28751.0 33214.0 29102.0 35495.0 36413.0 27208.0 30514.0 36890.0 27510.0 22720.0 30091.0 34431.0 33529.0 32792.0 26265.0 34260.0 31188.0 33614.0 26799.0 25461.0 39890.0 38661.0 35570.0 29090.0 29483.0 29234.0 28344.0 
31813.0 30934.0 37198.0 30046.0 34378.0 41595.0 22205.0 28888.0 31484.0 25496.0 28672.0 22469.0 31006.0 34825.0 30084.0 16748.0 10650.0 17890.0 23407.0 28738.0 35246.0 32177.0 22920.0 30206.0 20856.0 12492.0 22740.0 23306.0 20784.0 26879.0 28452.0 30952.0 23762.0 17814.0 13813.0 12043.0 17135.0 0 6879.0 14617.0 24623.0 36813.0 36658.0 30812.0 33228.0 24281.0 24170.0 29272.0 23281.0 28409.0 8596.0 16237.0 24868.0 25333.0 27527.0 31343.0 28649.0 32019.0 17038.0 11389.0 16989.0 18082.0 28951.0 26885.0 22138.0 21969.0 21094.0 30352.0 40457.0 27195.0 34524.0 37029.0 29596.0 28150.0 29894.0 26669.0 22261.0 20868.0 30243.0 36965.0 35288.0 27188.0 25265.0 17125.0 14053.0 21520.0 19982.0 18644.0 41626.0 28637.0 34570.0 35619.0 23477.0 14354.0 40050.0 
30364.0 31026.0 37290.0 32414.0 33288.0 35994.0 17677.0 24614.0 29703.0 27706.0 35551.0 29348.0 24127.0 27946.0 36963.0 23627.0 17529.0 24769.0 29592.0 34923.0 41431.0 35019.0 29799.0 28388.0 27735.0 19371.0 28922.0 30185.0 27355.0 32392.0 24449.0 25351.0 18161.0 12213.0 6934.0 12135.0 17227.0 6879.0 0 7738.0 25540.0 30241.0 32655.0 33408.0 35039.0 20798.0 27373.0 31764.0 21832.0 29460.0 15475.0 23116.0 20821.0 19732.0 23700.0 29876.0 27925.0 34961.0 23917.0 18268.0 23868.0 24961.0 35702.0 27546.0 28938.0 28769.0 14215.0 23473.0 39008.0 29855.0 37184.0 39125.0 36475.0 30498.0 28858.0 33531.0 24151.0 27747.0 37122.0 31900.0 30998.0 34067.0 32144.0 24004.0 20932.0 28399.0 26861.0 25523.0 36531.0 35302.0 38731.0 36406.0 30356.0 21233.0 38601.0 
36347.0 30039.0 36303.0 30173.0 37032.0 31871.0 9939.0 16876.0 21965.0 23583.0 28841.0 35010.0 31865.0 27261.0 36933.0 31365.0 25267.0 25453.0 30970.0 30199.0 36707.0 40808.0 31551.0 24265.0 35473.0 27109.0 21184.0 24721.0 19617.0 25712.0 27285.0 32767.0 25899.0 19951.0 14672.0 19873.0 24965.0 14617.0 7738.0 0 17802.0 32117.0 35491.0 35654.0 39328.0 28536.0 32333.0 25543.0 29570.0 33138.0 23213.0 30854.0 28559.0 27470.0 29134.0 22881.0 20187.0 27223.0 31655.0 26006.0 27529.0 20668.0 27964.0 23423.0 26356.0 26187.0 21953.0 31211.0 31528.0 31739.0 38805.0 45198.0 37640.0 26983.0 24735.0 31187.0 22526.0 27194.0 36569.0 36663.0 35761.0 35888.0 39882.0 31742.0 28670.0 24244.0 32252.0 33261.0 41991.0 39639.0 39915.0 40163.0 30179.0 28971.0 44584.0 
29429.0 35737.0 34765.0 31329.0 34116.0 29795.0 7863.0 14800.0 19889.0 20330.0 26765.0 31047.0 25227.0 37298.0 36060.0 33652.0 27554.0 20314.0 25831.0 28123.0 34631.0 30474.0 29475.0 22189.0 36489.0 33443.0 32858.0 32538.0 30344.0 25625.0 22676.0 20806.0 13616.0 19564.0 23638.0 24733.0 29825.0 24623.0 25540.0 17802.0 0 14315.0 29273.0 30209.0 21526.0 21553.0 28128.0 30555.0 20897.0 15336.0 16027.0 23668.0 24984.0 27083.0 22785.0 29038.0 37989.0 39989.0 31194.0 28752.0 27395.0 31733.0 36965.0 21347.0 24280.0 23475.0 26952.0 36210.0 35183.0 19877.0 27206.0 37255.0 33677.0 23020.0 22659.0 29111.0 19606.0 25118.0 34493.0 33000.0 32098.0 38381.0 31957.0 35599.0 29635.0 22168.0 30176.0 32402.0 30129.0 27777.0 22652.0 25228.0 29203.0 27513.0 37666.0 
30875.0 26879.0 33143.0 18374.0 25233.0 35201.0 22178.0 29115.0 31009.0 34645.0 24133.0 21025.0 24896.0 31141.0 33428.0 33321.0 27223.0 19983.0 25500.0 30831.0 30862.0 23511.0 32768.0 35408.0 41275.0 35365.0 26206.0 21133.0 16029.0 22124.0 8361.0 13843.0 13285.0 19233.0 23307.0 28508.0 33600.0 36813.0 30241.0 32117.0 14315.0 0 16567.0 17320.0 21195.0 21222.0 23440.0 17600.0 22601.0 29651.0 28451.0 33284.0 24653.0 26752.0 36843.0 30590.0 28360.0 35396.0 31120.0 25471.0 31071.0 18778.0 32986.0 34566.0 31710.0 36824.0 33307.0 27315.0 39519.0 27891.0 32493.0 24300.0 23655.0 12998.0 27446.0 28812.0 19275.0 33647.0 39391.0 32669.0 29916.0 30642.0 31234.0 31007.0 30386.0 36025.0 36555.0 29968.0 31655.0 35726.0 36967.0 31708.0 18245.0 27133.0 39112.0 
32052.0 30942.0 24678.0 34941.0 32553.0 42521.0 36597.0 34030.0 28941.0 22953.0 23978.0 30181.0 39467.0 27211.0 33273.0 40317.0 34219.0 26979.0 32496.0 37175.0 30707.0 23356.0 32613.0 38232.0 33739.0 36299.0 26051.0 20978.0 15874.0 21969.0 8206.0 13688.0 20878.0 26826.0 25721.0 30922.0 33135.0 36658.0 32655.0 35491.0 29273.0 16567.0 0 17165.0 25848.0 32622.0 36632.0 27270.0 23520.0 29573.0 33750.0 33772.0 35434.0 34345.0 37022.0 34298.0 37134.0 42612.0 35972.0 37822.0 36530.0 35345.0 29537.0 27837.0 41678.0 36669.0 26236.0 35494.0 25096.0 23565.0 30894.0 40867.0 33897.0 23240.0 37688.0 36405.0 26868.0 33330.0 42036.0 36322.0 29761.0 37861.0 22844.0 30852.0 30231.0 37698.0 43551.0 34861.0 39248.0 38533.0 25275.0 15141.0 18090.0 26816.0 40289.0 
38103.0 36571.0 41843.0 35694.0 35705.0 43973.0 25715.0 18778.0 13689.0 19677.0 6813.0 13016.0 22302.0 25780.0 16108.0 25163.0 31261.0 27732.0 27254.0 21923.0 28431.0 24109.0 30366.0 36367.0 38158.0 33089.0 26804.0 21731.0 16627.0 22722.0 8959.0 14441.0 21631.0 27579.0 26474.0 31675.0 36767.0 30812.0 33408.0 35654.0 30209.0 17320.0 17165.0 0 8683.0 22924.0 29499.0 34920.0 34254.0 40307.0 35381.0 40707.0 36187.0 35098.0 31729.0 25476.0 37887.0 38732.0 37122.0 37820.0 37283.0 36098.0 33584.0 35525.0 38938.0 37422.0 31863.0 41121.0 42261.0 31981.0 38634.0 37300.0 30816.0 21043.0 26473.0 32925.0 27621.0 29130.0 34222.0 27500.0 12596.0 20696.0 21827.0 13687.0 27253.0 26146.0 30136.0 38013.0 40001.0 36940.0 31132.0 32306.0 18843.0 27966.0 46340.0 
35931.0 41652.0 41259.0 38209.0 40618.0 43238.0 29389.0 27461.0 22372.0 28360.0 15496.0 21699.0 29694.0 34463.0 24791.0 16480.0 22578.0 27194.0 23035.0 28366.0 34874.0 32792.0 39049.0 35632.0 34294.0 35402.0 35487.0 30414.0 25310.0 31405.0 17642.0 23124.0 20496.0 26444.0 28105.0 24000.0 29092.0 33228.0 35039.0 39328.0 21526.0 21195.0 25848.0 8683.0 0 14241.0 20816.0 30314.0 27399.0 35027.0 26698.0 34339.0 29451.0 31474.0 30687.0 34159.0 46570.0 46491.0 38189.0 33219.0 38819.0 38613.0 42267.0 34790.0 40240.0 39207.0 23180.0 32438.0 39685.0 23298.0 30627.0 35522.0 28613.0 28454.0 17790.0 24242.0 26486.0 35547.0 42905.0 36183.0 21279.0 29379.0 30510.0 22370.0 35936.0 33083.0 31910.0 29939.0 38866.0 28745.0 39815.0 31722.0 27526.0 29033.0 44168.0 
21690.0 27411.0 27018.0 26859.0 26377.0 36345.0 27422.0 22032.0 22359.0 27735.0 25771.0 19568.0 15453.0 28122.0 35066.0 27649.0 21551.0 14311.0 8794.0 14125.0 20633.0 27984.0 35176.0 30468.0 31505.0 23141.0 23084.0 22764.0 27868.0 29860.0 29583.0 27713.0 20523.0 19143.0 13864.0 19065.0 24157.0 24281.0 20798.0 28536.0 21553.0 21222.0 32622.0 22924.0 14241.0 0 6575.0 16073.0 13158.0 20786.0 26725.0 23841.0 15210.0 26662.0 27455.0 21202.0 33982.0 32250.0 23948.0 18978.0 24578.0 25671.0 29389.0 27689.0 28691.0 28695.0 31865.0 35800.0 27436.0 9057.0 16386.0 21281.0 31309.0 20652.0 19185.0 12733.0 22270.0 21306.0 29948.0 23226.0 22324.0 27623.0 28215.0 24914.0 26309.0 18842.0 30883.0 24375.0 27896.0 14504.0 27762.0 17481.0 23200.0 14792.0 29927.0 
21281.0 20836.0 27100.0 20284.0 27143.0 37111.0 22394.0 15457.0 20546.0 26534.0 27422.0 26143.0 21865.0 21547.0 31219.0 34224.0 28126.0 20886.0 15369.0 20700.0 27208.0 34559.0 36115.0 31784.0 24930.0 16566.0 23154.0 24397.0 29142.0 23285.0 28823.0 29969.0 22779.0 25718.0 20439.0 25640.0 30732.0 24170.0 27373.0 32333.0 28128.0 23440.0 36632.0 29499.0 20816.0 6575.0 0 9498.0 19430.0 27058.0 27493.0 19852.0 21785.0 31662.0 34030.0 27777.0 30270.0 35442.0 18972.0 24621.0 30221.0 20688.0 24413.0 22713.0 22116.0 33349.0 33154.0 29225.0 29925.0 15632.0 22899.0 14706.0 32433.0 21776.0 25760.0 19308.0 17723.0 16330.0 25705.0 29801.0 28899.0 21048.0 21640.0 29780.0 27248.0 20158.0 28054.0 30950.0 34471.0 21079.0 30945.0 24056.0 18939.0 9816.0 29518.0 
18464.0 19291.0 25555.0 10786.0 17645.0 27613.0 31892.0 24955.0 30044.0 24509.0 30166.0 23963.0 26419.0 24767.0 34439.0 35702.0 29604.0 23637.0 24867.0 30198.0 36706.0 33797.0 42448.0 39062.0 34428.0 26064.0 22754.0 24986.0 19882.0 13787.0 25961.0 24129.0 16939.0 22887.0 24830.0 30031.0 29626.0 29272.0 31764.0 25543.0 30555.0 17600.0 27270.0 34920.0 30314.0 16073.0 9498.0 0 9932.0 17560.0 32105.0 29350.0 26176.0 30406.0 30704.0 24451.0 20772.0 27808.0 23532.0 17883.0 23483.0 11190.0 27093.0 25393.0 30508.0 25469.0 23792.0 19727.0 27108.0 25130.0 32397.0 24204.0 26593.0 15936.0 30384.0 28806.0 22929.0 25828.0 28448.0 34192.0 33290.0 30546.0 20400.0 28540.0 34239.0 29656.0 37552.0 25459.0 35309.0 29633.0 26831.0 23225.0 28437.0 19314.0 26701.0 
8532.0 14840.0 21104.0 20078.0 13219.0 23187.0 28221.0 25654.0 20565.0 14577.0 27441.0 22482.0 16487.0 19841.0 29513.0 29619.0 23521.0 27469.0 21952.0 27283.0 33791.0 33682.0 32516.0 31267.0 28621.0 20257.0 18408.0 23481.0 21821.0 17687.0 29489.0 24014.0 21902.0 20177.0 14898.0 20099.0 25191.0 23281.0 21832.0 29570.0 20897.0 22601.0 23520.0 34254.0 27399.0 13158.0 19430.0 9932.0 0 7628.0 23895.0 24875.0 16244.0 27696.0 22402.0 16149.0 26128.0 19092.0 19951.0 14302.0 19902.0 20995.0 25188.0 29798.0 26927.0 15537.0 18866.0 28124.0 17176.0 22215.0 29544.0 30673.0 25112.0 14455.0 28903.0 25891.0 27892.0 27341.0 18516.0 24260.0 23358.0 24713.0 25476.0 27661.0 26359.0 24671.0 32853.0 15527.0 32509.0 19701.0 16899.0 19475.0 28939.0 20827.0 16769.0 
16160.0 22468.0 28732.0 27706.0 20847.0 30815.0 23199.0 30136.0 26618.0 20630.0 33494.0 30110.0 24115.0 27469.0 37141.0 37247.0 31149.0 35097.0 29580.0 34852.0 41360.0 41310.0 40144.0 37320.0 36249.0 27885.0 26036.0 31109.0 29449.0 25315.0 37117.0 31642.0 28952.0 27805.0 22526.0 27727.0 32819.0 28409.0 29460.0 33138.0 15336.0 29651.0 29573.0 40307.0 35027.0 20786.0 27058.0 17560.0 7628.0 0 19813.0 27454.0 23872.0 34510.0 23085.0 23777.0 33756.0 26720.0 27579.0 21930.0 27530.0 28623.0 32816.0 36478.0 33355.0 23165.0 26494.0 35752.0 24804.0 20177.0 27506.0 38301.0 32740.0 22083.0 36531.0 33519.0 34942.0 34193.0 26144.0 31888.0 30986.0 32341.0 32257.0 35289.0 33987.0 32299.0 40481.0 23155.0 30429.0 27329.0 22952.0 25528.0 36567.0 28455.0 24397.0 
32017.0 32886.0 39150.0 32879.0 32109.0 32999.0 13609.0 20546.0 25635.0 24711.0 32511.0 30494.0 31690.0 36268.0 38680.0 25344.0 19246.0 21864.0 27381.0 32712.0 39220.0 32024.0 31516.0 25393.0 20730.0 21088.0 31336.0 31902.0 29153.0 23058.0 27838.0 22356.0 15166.0 9218.0 14497.0 13995.0 19087.0 8596.0 15475.0 23213.0 16027.0 28451.0 33750.0 35381.0 26698.0 26725.0 27493.0 32105.0 23895.0 19813.0 0 7641.0 16272.0 16737.0 27262.0 33515.0 37042.0 32529.0 20518.0 19985.0 25585.0 26678.0 35491.0 24551.0 13542.0 13373.0 24385.0 33643.0 39660.0 24354.0 31683.0 36518.0 38154.0 27497.0 25863.0 30693.0 21156.0 14380.0 23755.0 30477.0 38561.0 31784.0 32376.0 25721.0 22649.0 27914.0 28578.0 16375.0 33536.0 32254.0 27129.0 29705.0 30017.0 20894.0 40254.0 
