48
ka4cgDWgq7 GSDEYlNcCM 97dvK2Az7S VWD9Yy5Xrg zH4Z0p0Ftj vD4d0BZ03p 8pgnfE3xKu OGWcs2X8pk I1RTFIGWhc NgxnYo41LY cqCbnI2bkr b3jUAAPOlA Iroa6leixY YrPP1U1r20 7cteJXIZM1 KpPj50fAfy fbxiHLAsv4 79JJ9GZF8c s8EkvbOYAX ESDdDChkYw 1aPtXDhYtV wXTrLT9dUx dojrtYXceT YZKJeBb8Pe M9d0z6OccV fhmE7A9rVl 0gqiqztWgj 4ViGHxfdlc MpRNDD0glq lrFRnKniRv 4JtfcKJvHu H0NdoJawvz tvKOOMQ7Sv oQb2PqTM8x oRs9wR3IGE EZQ9HUGjRN 4RZs4XFvF9 G05S6XZiBa 1koyFI8rlU Octagmmhko TH1GgoG5GU vCSWEyz4PC OpwMnuSGmp uXkvSfF7Kv pm1Yq2dCLL UgxUR9jKcJ ckEVpwA8CD 6Zg7j6t8kt
0 7538.0 13880.0 14649.0 14348.0 19917.0 23184.0 27259.0 26870.0 25886.0 27874.0 33387.0 30525.0 32870.0 27428.0 17408.0 24004.0 16280.0 19991.0 20917.0 21523.0 15080.0 20858.0 15324.0 8935.0 22354.0 27809.0 19512.0 13807.0 8171.0 17487.0 22834.0 34784.0 28916.0 17838.0 27236.0 32623.0 36052.0 26300.0 31528.0 21641.0 25434.0 31099.0 21450.0 14507.0 21569.0 41179.0 6967.0 
7538.0 0 6342.0 14998.0 14697.0 20266.0 16223.0 21779.0 19332.0 21566.0 22267.0 27780.0 26969.0 26374.0 30494.0 17757.0 16466.0 17973.0 12453.0 13379.0 14562.0 8119.0 13897.0 15673.0 16473.0 22337.0 27136.0 21882.0 21345.0 15709.0 9949.0 15296.0 27246.0 21378.0 20904.0 27585.0 28935.0 28514.0 18762.0 25422.0 21990.0 25783.0 23561.0 22663.0 15720.0 14031.0 34683.0 14505.0 
13880.0 6342.0 0 12792.0 18677.0 24246.0 22008.0 23775.0 12990.0 18459.0 20416.0 25929.0 20627.0 20032.0 24152.0 16917.0 22808.0 24315.0 18795.0 19721.0 20904.0 14461.0 20239.0 22015.0 22815.0 28679.0 33478.0 28224.0 27687.0 22051.0 16291.0 21638.0 23960.0 15036.0 14562.0 26745.0 30234.0 34856.0 25104.0 28424.0 18537.0 24943.0 29903.0 29005.0 22062.0 20373.0 28341.0 20847.0 
14649.0 14998.0 12792.0 0 5885.0 11454.0 17669.0 23225.0 22892.0 17423.0 23856.0 29369.0 33419.0 29362.0 23920.0 19947.0 26573.0 30929.0 27451.0 28377.0 29560.0 23117.0 24400.0 17863.0 23584.0 32836.0 31941.0 34161.0 28456.0 22820.0 24947.0 30174.0 32582.0 27828.0 14330.0 29261.0 30002.0 39636.0 33760.0 34067.0 24180.0 27973.0 37674.0 32985.0 29156.0 25900.0 37671.0 21616.0 
14348.0 14697.0 18677.0 5885.0 0 5569.0 11784.0 17340.0 17007.0 11538.0 17971.0 23484.0 33484.0 24049.0 29491.0 19646.0 26272.0 30628.0 27150.0 28076.0 26331.0 19888.0 25666.0 17562.0 23283.0 32535.0 31640.0 28473.0 28155.0 22519.0 24646.0 29993.0 26697.0 32421.0 19230.0 29474.0 33932.0 38894.0 29142.0 32441.0 22554.0 24936.0 33941.0 33533.0 28855.0 20015.0 32358.0 21315.0 
19917.0 20266.0 24246.0 11454.0 5569.0 0 6215.0 11771.0 22556.0 17107.0 23540.0 29053.0 30627.0 29598.0 35040.0 25215.0 21277.0 28802.0 23282.0 24208.0 20762.0 14319.0 20097.0 15562.0 28852.0 30535.0 34990.0 26693.0 25223.0 28088.0 30215.0 29505.0 21128.0 27373.0 13661.0 28592.0 28363.0 33325.0 23573.0 30233.0 28003.0 19367.0 28372.0 31693.0 26549.0 24860.0 37907.0 22432.0 
23184.0 16223.0 22008.0 17669.0 11784.0 6215.0 0 5556.0 16341.0 21810.0 19621.0 25134.0 26749.0 23383.0 28825.0 21178.0 22909.0 22587.0 17067.0 17993.0 14547.0 8104.0 13882.0 21777.0 25355.0 26951.0 31750.0 24713.0 19008.0 24644.0 26172.0 23290.0 27343.0 21158.0 7446.0 22377.0 22148.0 31782.0 29788.0 31675.0 21788.0 13152.0 34587.0 25478.0 20334.0 18645.0 31692.0 16217.0 
27259.0 21779.0 23775.0 23225.0 17340.0 11771.0 5556.0 0 10785.0 16254.0 14065.0 19578.0 21193.0 17827.0 23269.0 26734.0 28465.0 28143.0 22623.0 23549.0 20103.0 13660.0 19438.0 27333.0 30911.0 32507.0 27454.0 19157.0 13452.0 19088.0 24227.0 22292.0 24526.0 15602.0 13002.0 27933.0 27704.0 37338.0 32879.0 26219.0 16332.0 18708.0 32321.0 22484.0 15541.0 24201.0 26136.0 21773.0 
26870.0 19332.0 12990.0 22892.0 17007.0 22556.0 16341.0 10785.0 0 5469.0 11902.0 17415.0 16477.0 7042.0 12484.0 17295.0 23410.0 23642.0 18122.0 19048.0 26110.0 24445.0 30166.0 27329.0 26410.0 28006.0 22056.0 15275.0 20980.0 26616.0 13442.0 18789.0 23090.0 15414.0 23787.0 27123.0 34777.0 31846.0 22094.0 15434.0 5547.0 14183.0 26363.0 16526.0 21389.0 13946.0 15351.0 32558.0 
25886.0 21566.0 18459.0 17423.0 11538.0 17107.0 21810.0 16254.0 5469.0 0 6433.0 11946.0 21946.0 12511.0 17953.0 20588.0 20078.0 25302.0 19782.0 20708.0 27770.0 29685.0 33939.0 28989.0 28070.0 28139.0 21582.0 16935.0 20500.0 26136.0 16807.0 22154.0 28559.0 20883.0 24801.0 30416.0 37041.0 32126.0 22374.0 20903.0 11016.0 19652.0 26823.0 21995.0 20910.0 8477.0 20820.0 32853.0 
27874.0 22267.0 20416.0 23856.0 17971.0 23540.0 19621.0 14065.0 11902.0 6433.0 0 5513.0 19317.0 18944.0 24386.0 14155.0 20781.0 25410.0 19890.0 20816.0 27878.0 27725.0 27506.0 25463.0 24544.0 26140.0 25340.0 17043.0 14067.0 19703.0 16915.0 22194.0 24428.0 15504.0 18368.0 23983.0 31320.0 38559.0 28807.0 27336.0 17449.0 22181.0 31882.0 23099.0 16156.0 14910.0 27253.0 29381.0 
33387.0 27780.0 25929.0 29369.0 23484.0 29053.0 25134.0 19578.0 17415.0 11946.0 5513.0 0 13804.0 23239.0 28681.0 19668.0 26294.0 30923.0 25403.0 26329.0 33391.0 33238.0 33019.0 30976.0 30057.0 31653.0 30494.0 22556.0 19580.0 25216.0 22428.0 19805.0 22039.0 13115.0 23881.0 29496.0 36833.0 44072.0 34320.0 32849.0 22962.0 27694.0 37395.0 28612.0 21669.0 20423.0 31548.0 34894.0 
30525.0 26969.0 20627.0 33419.0 33484.0 30627.0 26749.0 21193.0 16477.0 21946.0 19317.0 13804.0 0 9435.0 14877.0 24932.0 20279.0 28671.0 26991.0 27917.0 34979.0 34853.0 32559.0 30767.0 29848.0 23247.0 16690.0 24987.0 21195.0 26831.0 17628.0 12281.0 9499.0 5591.0 20129.0 20567.0 32188.0 41822.0 33263.0 26603.0 16716.0 25352.0 32798.0 22961.0 16018.0 15337.0 17744.0 36509.0 
32870.0 26374.0 20032.0 29362.0 24049.0 29598.0 23383.0 17827.0 7042.0 12511.0 18944.0 23239.0 9435.0 0 5442.0 19077.0 25703.0 30684.0 25164.0 26090.0 33152.0 28902.0 23124.0 31664.0 33452.0 32682.0 26125.0 22317.0 28022.0 33658.0 20484.0 21716.0 18934.0 15026.0 29564.0 28905.0 38162.0 38888.0 29136.0 22476.0 12589.0 21225.0 33405.0 23568.0 25453.0 20988.0 8309.0 37015.0 
27428.0 30494.0 24152.0 23920.0 29491.0 35040.0 28825.0 23269.0 12484.0 17953.0 24386.0 28681.0 14877.0 5442.0 0 13635.0 20261.0 28653.0 30606.0 31532.0 29903.0 23460.0 17682.0 26222.0 34680.0 34727.0 31567.0 27759.0 33464.0 35599.0 25926.0 27158.0 24376.0 20468.0 25690.0 23463.0 32720.0 42354.0 34578.0 27918.0 18031.0 21661.0 31362.0 26267.0 30895.0 26430.0 13751.0 31573.0 
17408.0 17757.0 16917.0 19947.0 19646.0 25215.0 21178.0 26734.0 17295.0 20588.0 14155.0 19668.0 24932.0 19077.0 13635.0 0 6626.0 15018.0 20538.0 27877.0 26336.0 19893.0 14115.0 17426.0 21045.0 21092.0 23410.0 16048.0 21753.0 25579.0 27706.0 26031.0 17406.0 19341.0 22123.0 9828.0 21449.0 31083.0 23900.0 25536.0 15649.0 8026.0 17727.0 22700.0 27786.0 18091.0 27386.0 24375.0 
24004.0 16466.0 22808.0 26573.0 26272.0 21277.0 22909.0 28465.0 23410.0 20078.0 20781.0 26294.0 20279.0 25703.0 20261.0 6626.0 0 8392.0 13912.0 24914.0 21248.0 14805.0 19340.0 10800.0 15737.0 14466.0 21023.0 20394.0 26099.0 31735.0 26415.0 26394.0 10780.0 19704.0 20273.0 16222.0 16963.0 26597.0 17274.0 23934.0 22275.0 14652.0 22073.0 26778.0 27255.0 22437.0 34012.0 22918.0 
16280.0 17973.0 24315.0 30929.0 30628.0 28802.0 22587.0 28143.0 23642.0 25302.0 25410.0 30923.0 28671.0 30684.0 28653.0 15018.0 8392.0 0 5520.0 16522.0 23584.0 23197.0 27732.0 19192.0 7345.0 6074.0 12631.0 17257.0 22962.0 24451.0 26447.0 25311.0 19172.0 28096.0 28555.0 24614.0 25355.0 34989.0 25323.0 31983.0 29189.0 23044.0 18936.0 25806.0 18863.0 17174.0 38993.0 23247.0 
19991.0 12453.0 18795.0 27451.0 27150.0 23282.0 17067.0 22623.0 18122.0 19782.0 19890.0 25403.0 26991.0 25164.0 30606.0 20538.0 13912.0 5520.0 0 11002.0 18064.0 20572.0 24309.0 19283.0 12865.0 11594.0 18151.0 21055.0 26760.0 28162.0 20927.0 19791.0 24692.0 26481.0 23035.0 30134.0 28123.0 37757.0 30843.0 33556.0 23669.0 28564.0 24456.0 20286.0 13343.0 11654.0 33473.0 26958.0 
20917.0 13379.0 19721.0 28377.0 28076.0 24208.0 17993.0 23549.0 19048.0 20708.0 20816.0 26329.0 27917.0 26090.0 31532.0 27877.0 24914.0 16522.0 11002.0 0 7062.0 13505.0 19283.0 20209.0 19290.0 20886.0 25685.0 21981.0 27686.0 29088.0 21853.0 20717.0 35694.0 27407.0 23961.0 31312.0 29049.0 38683.0 32141.0 34482.0 24595.0 31145.0 30926.0 21212.0 14269.0 12580.0 34399.0 21618.0 
21523.0 14562.0 20904.0 29560.0 26331.0 20762.0 14547.0 20103.0 26110.0 27770.0 27878.0 33391.0 34979.0 33152.0 29903.0 26336.0 21248.0 23584.0 18064.0 7062.0 0 6443.0 12221.0 20761.0 26352.0 27948.0 32747.0 29043.0 29870.0 24234.0 24511.0 27779.0 32028.0 34469.0 21993.0 27006.0 27259.0 36893.0 33324.0 39984.0 31657.0 27699.0 37988.0 28274.0 21331.0 19642.0 41461.0 14556.0 
15080.0 8119.0 14461.0 23117.0 19888.0 14319.0 8104.0 13660.0 24445.0 29685.0 27725.0 33238.0 34853.0 28902.0 23460.0 19893.0 14805.0 23197.0 20572.0 13505.0 6443.0 0 5778.0 14318.0 24015.0 29271.0 35255.0 29132.0 23427.0 17791.0 18068.0 23415.0 25585.0 29262.0 15550.0 20563.0 20816.0 30450.0 26881.0 33541.0 29892.0 21256.0 31680.0 25145.0 23839.0 22150.0 37211.0 8113.0 
20858.0 13897.0 20239.0 24400.0 25666.0 20097.0 13882.0 19438.0 30166.0 33939.0 27506.0 33019.0 32559.0 23124.0 17682.0 14115.0 19340.0 27732.0 24309.0 19283.0 12221.0 5778.0 0 8540.0 21917.0 23513.0 30070.0 30163.0 29205.0 23569.0 23846.0 29193.0 30120.0 33456.0 21328.0 23943.0 15038.0 24672.0 32659.0 39319.0 29764.0 22141.0 31842.0 26747.0 27576.0 25887.0 31433.0 13891.0 
15324.0 15673.0 22015.0 17863.0 17562.0 15562.0 21777.0 27333.0 27329.0 28989.0 25463.0 30976.0 30767.0 31664.0 26222.0 17426.0 10800.0 19192.0 19283.0 20209.0 20761.0 14318.0 8540.0 0 13377.0 14973.0 21530.0 25371.0 29131.0 23495.0 25622.0 28998.0 21580.0 25176.0 20609.0 16558.0 17299.0 26933.0 26837.0 33497.0 24855.0 25452.0 31636.0 27061.0 20118.0 20861.0 39973.0 22291.0 
8935.0 16473.0 22815.0 23584.0 23283.0 28852.0 25355.0 30911.0 26410.0 28070.0 24544.0 30057.0 29848.0 33452.0 34680.0 21045.0 15737.0 7345.0 12865.0 19290.0 26352.0 24015.0 21917.0 13377.0 0 13419.0 19976.0 24452.0 22742.0 17106.0 26422.0 28079.0 26517.0 24257.0 26773.0 29935.0 30676.0 40310.0 32668.0 39328.0 30576.0 29071.0 26281.0 26142.0 19199.0 19942.0 41761.0 15902.0 
22354.0 22337.0 28679.0 32836.0 32535.0 30535.0 26951.0 32507.0 28006.0 28139.0 26140.0 31653.0 23247.0 32682.0 34727.0 21092.0 14466.0 6074.0 11594.0 20886.0 27948.0 29271.0 23513.0 14973.0 13419.0 0 6557.0 14854.0 20559.0 26195.0 30811.0 29675.0 25246.0 25853.0 32919.0 30688.0 31429.0 41063.0 31397.0 38057.0 33553.0 29118.0 25010.0 27286.0 20343.0 19662.0 40991.0 29321.0 
27809.0 27136.0 33478.0 31941.0 31640.0 34990.0 31750.0 27454.0 22056.0 21582.0 25340.0 30494.0 16690.0 26125.0 31567.0 23410.0 21023.0 12631.0 18151.0 25685.0 32747.0 35255.0 30070.0 21530.0 19976.0 6557.0 0 8297.0 14002.0 19638.0 26377.0 28971.0 26189.0 22281.0 36819.0 33238.0 37986.0 40739.0 30987.0 37490.0 27603.0 31436.0 24600.0 20729.0 13786.0 13105.0 34434.0 29316.0 
19512.0 21882.0 28224.0 34161.0 28473.0 26693.0 24713.0 19157.0 15275.0 16935.0 17043.0 22556.0 24987.0 22317.0 27759.0 16048.0 20394.0 17257.0 21055.0 21981.0 29043.0 29132.0 30163.0 25371.0 24452.0 14854.0 8297.0 0 5705.0 11341.0 18080.0 23427.0 30233.0 21309.0 32159.0 25876.0 37357.0 32442.0 22690.0 29350.0 20822.0 24074.0 16303.0 24726.0 17783.0 16667.0 30626.0 21019.0 
13807.0 21345.0 27687.0 28456.0 28155.0 25223.0 19008.0 13452.0 20980.0 20500.0 14067.0 19580.0 21195.0 28022.0 33464.0 21753.0 26099.0 22962.0 26760.0 27686.0 29870.0 23427.0 29205.0 29131.0 22742.0 20559.0 14002.0 5705.0 0 5636.0 23785.0 22294.0 24528.0 15604.0 26454.0 31581.0 35604.0 38147.0 28395.0 35055.0 26527.0 29779.0 22008.0 22486.0 15543.0 22372.0 36331.0 15314.0 
8171.0 15709.0 22051.0 22820.0 22519.0 28088.0 24644.0 19088.0 26616.0 26136.0 19703.0 25216.0 26831.0 33658.0 35599.0 25579.0 31735.0 24451.0 28162.0 29088.0 24234.0 17791.0 23569.0 23495.0 17106.0 26195.0 19638.0 11341.0 5636.0 0 25658.0 27930.0 30164.0 21240.0 26009.0 35407.0 29968.0 39602.0 34031.0 39699.0 29812.0 33605.0 27644.0 28122.0 21179.0 28008.0 41967.0 9678.0 
17487.0 9949.0 16291.0 24947.0 24646.0 30215.0 26172.0 24227.0 13442.0 16807.0 16915.0 22428.0 17628.0 20484.0 25926.0 27706.0 26415.0 26447.0 20927.0 21853.0 24511.0 18068.0 23846.0 25622.0 26422.0 30811.0 26377.0 18080.0 23785.0 25658.0 0 5347.0 20961.0 12037.0 21191.0 28542.0 36863.0 38463.0 28711.0 28876.0 18989.0 27625.0 33510.0 29968.0 24194.0 22505.0 28793.0 24454.0 
22834.0 15296.0 21638.0 30174.0 29993.0 29505.0 23290.0 22292.0 18789.0 22154.0 22194.0 19805.0 12281.0 21716.0 27158.0 26031.0 26394.0 25311.0 19791.0 20717.0 27779.0 23415.0 29193.0 28998.0 28079.0 29675.0 28971.0 23427.0 22294.0 27930.0 5347.0 0 15614.0 6690.0 15844.0 23195.0 31516.0 41150.0 32866.0 26206.0 16319.0 24955.0 38857.0 30001.0 23058.0 21369.0 30025.0 29801.0 
34784.0 27246.0 23960.0 32582.0 26697.0 21128.0 27343.0 24526.0 23090.0 28559.0 24428.0 22039.0 9499.0 18934.0 24376.0 17406.0 10780.0 19172.0 24692.0 35694.0 32028.0 25585.0 30120.0 21580.0 26517.0 25246.0 26189.0 30233.0 24528.0 30164.0 20961.0 15614.0 0 8924.0 23462.0 27002.0 27743.0 37377.0 28054.0 34714.0 26215.0 25432.0 32853.0 32460.0 25517.0 23654.0 27243.0 33698.0 
28916.0 21378.0 15036.0 27828.0 32421.0 27373.0 21158.0 15602.0 15414.0 20883.0 15504.0 13115.0 5591.0 15026.0 20468.0 19341.0 19704.0 28096.0 26481.0 27407.0 34469.0 29262.0 33456.0 25176.0 24257.0 25853.0 22281.0 21309.0 15604.0 21240.0 12037.0 6690.0 8924.0 0 14538.0 26158.0 30210.0 39844.0 36978.0 30848.0 20961.0 27367.0 34473.0 24636.0 17693.0 20928.0 23335.0 30918.0 
17838.0 20904.0 14562.0 14330.0 19230.0 13661.0 7446.0 13002.0 23787.0 24801.0 18368.0 23881.0 20129.0 29564.0 25690.0 22123.0 20273.0 28555.0 23035.0 23961.0 21993.0 15550.0 21328.0 20609.0 26773.0 32919.0 36819.0 32159.0 26454.0 26009.0 21191.0 15844.0 23462.0 14538.0 0 14931.0 15672.0 25306.0 35058.0 39121.0 29234.0 20598.0 39850.0 32924.0 26302.0 24613.0 37873.0 23663.0 
27236.0 27585.0 26745.0 29261.0 29474.0 28592.0 22377.0 27933.0 27123.0 30416.0 23983.0 29496.0 20567.0 28905.0 23463.0 9828.0 16222.0 24614.0 30134.0 31312.0 27006.0 20563.0 23943.0 16558.0 29935.0 30688.0 33238.0 25876.0 31581.0 35407.0 28542.0 23195.0 27002.0 26158.0 14931.0 0 11621.0 21255.0 31007.0 35364.0 25477.0 17854.0 27555.0 32528.0 33653.0 27919.0 37214.0 28676.0 
32623.0 28935.0 30234.0 30002.0 33932.0 28363.0 22148.0 27704.0 34777.0 37041.0 31320.0 36833.0 32188.0 38162.0 32720.0 21449.0 16963.0 25355.0 28123.0 29049.0 27259.0 20816.0 15038.0 17299.0 30676.0 31429.0 37986.0 37357.0 35604.0 29968.0 36863.0 31516.0 27743.0 30210.0 15672.0 11621.0 0 9634.0 19386.0 26046.0 35933.0 29475.0 39036.0 38333.0 31390.0 29701.0 46471.0 28929.0 
36052.0 28514.0 34856.0 39636.0 38894.0 33325.0 31782.0 37338.0 31846.0 32126.0 38559.0 44072.0 41822.0 38888.0 42354.0 31083.0 26597.0 34989.0 37757.0 38683.0 36893.0 30450.0 24672.0 26933.0 40310.0 41063.0 40739.0 32442.0 38147.0 39602.0 38463.0 41150.0 37377.0 39844.0 25306.0 21255.0 9634.0 0 9752.0 16412.0 26299.0 34935.0 34121.0 38826.0 41024.0 34485.0 47197.0 38563.0 
26300.0 18762.0 25104.0 33760.0 29142.0 23573.0 29788.0 32879.0 22094.0 22374.0 28807.0 34320.0 33263.0 29136.0 34578.0 23900.0 17274.0 25323.0 30843.0 32141.0 33324.0 26881.0 32659.0 26837.0 32668.0 31397.0 30987.0 22690.0 28395.0 34031.0 28711.0 32866.0 28054.0 36978.0 35058.0 31007.0 19386.0 9752.0 0 6660.0 16547.0 25183.0 24369.0 29074.0 34482.0 24733.0 37445.0 33267.0 
31528.0 25422.0 28424.0 34067.0 32441.0 30233.0 31675.0 26219.0 15434.0 20903.0 27336.0 32849.0 26603.0 22476.0 27918.0 25536.0 23934.0 31983.0 33556.0 34482.0 39984.0 33541.0 39319.0 33497.0 39328.0 38057.0 37490.0 29350.0 35055.0 39699.0 28876.0 26206.0 34714.0 30848.0 39121.0 35364.0 26046.0 16412.0 6660.0 0 9887.0 18523.0 31029.0 31960.0 36823.0 29380.0 30785.0 38495.0 
21641.0 21990.0 18537.0 24180.0 22554.0 28003.0 21788.0 16332.0 5547.0 11016.0 17449.0 22962.0 16716.0 12589.0 18031.0 15649.0 22275.0 29189.0 23669.0 24595.0 31657.0 29892.0 29764.0 24855.0 30576.0 33553.0 27603.0 20822.0 26527.0 29812.0 18989.0 16319.0 26215.0 20961.0 29234.0 25477.0 35933.0 26299.0 16547.0 9887.0 0 8636.0 31910.0 22073.0 26936.0 19493.0 20898.0 28608.0 
25434.0 25783.0 24943.0 27973.0 24936.0 19367.0 13152.0 18708.0 14183.0 19652.0 22181.0 27694.0 25352.0 21225.0 21661.0 8026.0 14652.0 23044.0 28564.0 31145.0 27699.0 21256.0 22141.0 25452.0 29071.0 29118.0 31436.0 24074.0 29779.0 33605.0 27625.0 24955.0 25432.0 27367.0 20598.0 17854.0 29475.0 34935.0 25183.0 18523.0 8636.0 0 25753.0 30709.0 33486.0 26117.0 29534.0 29369.0 
31099.0 23561.0 29903.0 37674.0 33941.0 28372.0 34587.0 32321.0 26363.0 26823.0 31882.0 37395.0 32798.0 33405.0 31362.0 17727.0 22073.0 18936.0 24456.0 30926.0 37988.0 31680.0 31842.0 31636.0 26281.0 25010.0 24600.0 16303.0 22008.0 27644.0 33510.0 38857.0 32853.0 34473.0 39850.0 27555.0 39036.0 34121.0 24369.0 31029.0 31910.0 25753.0 0 9837.0 16780.0 18346.0 41714.0 37322.0 
21450.0 22663.0 29005.0 32985.0 33533.0 31693.0 25478.0 22484.0 16526.0 21995.0 23099.0 28612.0 22961.0 23568.0 26267.0 22700.0 26778.0 25806.0 20286.0 21212.0 28274.0 25145.0 26747.0 27061.0 26142.0 27286.0 20729.0 24726.0 22486.0 28122.0 29968.0 30001.0 32460.0 24636.0 32924.0 32528.0 38333.0 38826.0 29074.0 31960.0 22073.0 30709.0 9837.0 0 6943.0 19376.0 31877.0 28417.0 
14507.0 15720.0 22062.0 29156.0 28855.0 26549.0 20334.0 15541.0 21389.0 20910.0 16156.0 21669.0 16018.0 25453.0 30895.0 27786.0 27255.0 18863.0 13343.0 14269.0 21331.0 23839.0 27576.0 20118.0 19199.0 20343.0 13786.0 17783.0 15543.0 21179.0 24194.0 23058.0 25517.0 17693.0 26302.0 33653.0 31390.0 41024.0 34482.0 36823.0 26936.0 33486.0 16780.0 6943.0 0 12433.0 33762.0 21474.0 
21569.0 14031.0 20373.0 25900.0 20015.0 24860.0 18645.0 24201.0 13946.0 8477.0 14910.0 20423.0 15337.0 20988.0 26430.0 18091.0 22437.0 17174.0 11654.0 12580.0 19642.0 22150.0 25887.0 20861.0 19942.0 19662.0 13105.0 16667.0 22372.0 28008.0 22505.0 21369.0 23654.0 20928.0 24613.0 27919.0 29701.0 34485.0 24733.0 29380.0 19493.0 26117.0 18346.0 19376.0 12433.0 0 29297.0 28536.0 
41179.0 34683.0 28341.0 37671.0 32358.0 37907.0 31692.0 26136.0 15351.0 20820.0 27253.0 31548.0 17744.0 8309.0 13751.0 27386.0 34012.0 38993.0 33473.0 34399.0 41461.0 37211.0 31433.0 39973.0 41761.0 40991.0 34434.0 30626.0 36331.0 41967.0 28793.0 30025.0 27243.0 23335.0 37873.0 37214.0 46471.0 47197.0 37445.0 30785.0 20898.0 29534.0 41714.0 31877.0 33762.0 29297.0 0 45324.0 
6967.0 14505.0 20847.0 21616.0 21315.0 22432.0 16217.0 21773.0 32558.0 32853.0 29381.0 34894.0 36509.0 37015.0 31573.0 24375.0 22918.0 23247.0 26958.0 21618.0 14556.0 8113.0 13891.0 22291.0 15902.0 29321.0 29316.0 21019.0 15314.0 9678.0 24454.0 29801.0 33698.0 30918.0 23663.0 28676.0 28929.0 38563.0 33267.0 38495.0 28608.0 29369.0 37322.0 28417.0 21474.0 28536.0 45324.0 0 
