6
1aL 1bI 9 x e 1
0 81691880.73378 92279817.36148 60926312.519480005 38404684.4353 754950246.58462 
81691880.73378 0 125119370.05794 65808821.4393 88330449.52348 787789801.45957 
92279817.36148 125119370.05794 0 76396758.3769 98918386.46108 798377737.60207 
60926312.519480005 65808821.4393 76396758.3769 0 22521628.08418 739067188.35869 
38404684.4353 88330449.52348 98918386.46108 22521628.08418 0 744502597.5502 
754950246.58462 787789801.45957 798377737.60207 739067188.35869 744502597.5502 0 
