18
1eJ 1aJ 1bX 1cC 1bT 1dH 1cJ K 1bF 1dW 1aE 1eX 1eO 2 Y 1eM B 1
0 56467018.20045 101275311.69608 132523147.78918 165570611.88568002 136689141.47589 175552694.34558 55439316.12034 147254296.90375 144835034.49523002 170066954.63644 50442357.22914 59329962.28715 79687570.93294 110994651.18808001 79159130.84277 63406785.41929 96525052.05488 
56467018.20045 0 76289439.08805 185459533.22292998 109103593.68523 111703267.74323 121141077.07541 108375701.00171 170764936.07028 100417337.17469 113599936.43599 103378742.66288999 115796980.4876 54701701.59879 156454970.46078998 135626149.04321998 116343169.72704 152992070.25533 
101275311.69608 76289439.08805 0 132913747.65368 185393032.77328 187992706.83128 165949374.48976 140054246.99974 203773317.47059 176706776.26274 158408233.05952 115625461.48742999 124513066.54769 130991140.68684 93610037.82267 144342235.59535998 83229208.18145 116347474.54999 
132523147.78918 185459533.22292998 132913747.65368 0 165727904.14784 249543578.49436998 177765387.65327 106509576.07235 198324556.85575998 176473467.82613 170224246.07701 82080790.56004 110400224.14587 130757831.62414 162064913.04680002 110797565.7797 95045220.65528 147595311.26874 
165570611.88568002 109103593.68523 185393032.77328 165727904.14784 0 189325721.16718 230244670.76064 164714758.85077 256529739.63418 209520930.85992 222703530.12122 140285973.33846 111966539.75263 163805295.28402 163631228.65355998 188434573.01154 153250398.11887 149161630.13082 
136689141.47589 111703267.74323 187992706.83128 249543578.49436998 189325721.16718 0 201363204.55245 191891569.65756 254280807.75412 212120604.91792 225303204.17922002 187131498.70503002 196019103.76304 166404969.34202 235182435.62594002 215848272.31866002 199859039.12884 151761303.91906 
175552694.34558 121141077.07541 165949374.48976 177765387.65327 230244670.76064 201363204.55245 0 120113378.22524 211928359.00865 219503015.95649 234741013.51139998 144542163.73755002 169364706.36231 173787377.62816 138461677.11955 189193875.40998 128080847.99607 161199113.46544 
55439316.12034 108375701.00171 140054246.99974 106509576.07235 164714758.85077 191891569.65756 120113378.22524 0 91814980.78341 99389637.73125 195036442.85826 24428785.51231 52748219.09814 53673999.40292 104412907.99907 72577385.18539 56825038.818289995 89943306.22101 
147254296.90375 170764936.07028 203773317.47059 198324556.85575998 256529739.63417998 254280807.75412 211928359.00865 91814980.78341 0 161778875.9185 241083815.70308 116243766.29572 144563199.88154998 116063234.47149 110163279.64792 164392365.9688 148640019.6017 132900716.01892 
144835034.49523002 100417337.17469 176706776.26274 176473467.82613 209520930.85992 212120604.91792 219503015.95649 99389637.73125 161778875.9185 0 182536132.40725 94392677.26609 122712110.85192001 123637891.65712 117737936.85995 123109452.29908 107357107.4945 159907197.97479 
170066954.63644 113599936.43599 158408233.05952 170224246.07701 222703530.12122 225303204.17922002 234741013.51139998 195036442.85826 241083815.70308 182536132.40725 0 207611936.15412998 182585224.95609 168301638.03478 130920536.05516 218756258.23942 203003912.44313002 219780314.53313 
50442357.22914 103378742.66288999 115625461.48742999 82080790.56004 140285973.33846 187131498.70503002 144542163.73755002 24428785.51231 116243766.29572 94392677.26609 207611936.15412998 0 28319433.58583 48677041.0641 79984122.48676 48148599.67308 32396253.30598 65514520.7087 
59329962.28715 115796980.4876 124513066.54769 110400224.14587 111966539.75263 196019103.76304 169364706.36231 52748219.09814 144563199.88155 122712110.85192001 182585224.95609 28319433.58583 0 76996474.64993 51664688.90093 76468033.25891 41283858.36624 74402125.66134 
79687570.93294 54701701.59879 130991140.68684 130757831.62414 163805295.28402 166404969.34202 173787377.62816 53673999.40292 116063234.47149 123637891.65712 168301638.03478 48677041.0641 76996474.64993 0 128661163.55086 96825640.73718 61641468.12825 114191561.7728 
110994651.18808001 156454970.46078998 93610037.82267 162064913.04680002 163631228.65355998 235182435.62594002 138461677.11955 104412907.99907 110163279.64792 117737936.85995 130920536.05516 79984122.48676 51664688.90093 128661163.55086 0 128132722.15984 92948547.26717001 88859778.47797 
79159130.84277 135626149.04321998 144342235.59535998 110797565.7797 188434573.01154 215848272.31866002 189193875.40998 72577385.18539 164392365.9688 123109452.29908 218756258.23942 48148599.67308 76468033.25891 96825640.73718 128132722.15984 0 61113027.41391 94231293.78844 
63406785.41929 116343169.72704 83229208.18145 95045220.65528 153250398.11887 199859039.12884 128080847.99607 56825038.818289995 148640019.6017 107357107.4945 203003912.44313002 32396253.30598 41283858.36624 61641468.12825 92948547.26717001 61113027.41391 0 97910774.01468 
96525052.05488 152992070.25533 116347474.54999 147595311.26874 149161630.13082 151761303.91906 161199113.46544 89943306.22101 132900716.01892 159907197.97479 219780314.53313 65514520.7087 74402125.66134 114191561.7728 88859778.47797 94231293.78844 97910774.01468 0 
