48
95 43 45 47 42 1 92 81 74 84 39 60 64 53 34 4 93 18 98 40 75 55 15 13 88 99 78 30 87 46 44 52 69 76 85 61 91 14 27 82 67 11 62 6 63 33 0 5
0 0.13639 0.18551 0.30129 0.47225 0.51586 0.50386 0.35954 0.47203 0.50549 0.5122800000000001 0.42159 0.55762 0.44309 0.47250000000000003 0.44347 0.73715 0.48014 0.59882 0.54822 0.5891500000000001 0.29454 0.16254000000000002 0.14506000000000002 0.17524 0.28636000000000006 0.30926 0.43204 0.50264 0.51889 0.49453 0.3881 0.58575 0.58374 0.39821 0.41903 0.39198 0.50193 0.4706 0.45914 0.48057 0.40638 0.37499 0.39037 0.31044 0.24259 0.43551 0.11906 
0.13639 0 0.15233 0.33816 0.39680000000000004 0.37947 0.37012 0.2258 0.46958 0.5407000000000001 0.54723 0.42101 0.551 0.47446 0.47392999999999996 0.41397 0.60076 0.53225 0.6544099999999999 0.67076 0.71169 0.37541 0.18121 0.28145000000000003 0.31163 0.42275000000000007 0.44565 0.56843 0.63903 0.54115 0.40483 0.52449 0.44936 0.55972 0.5179400000000001 0.39272 0.52837 0.63832 0.60699 0.59553 0.585 0.53939 0.51138 0.35719 0.40432999999999997 0.26174 0.46673 0.15173 
0.18551 0.15233 0 0.18583 0.36887000000000003 0.44575 0.49043000000000003 0.34611000000000003 0.35564 0.42424 0.39490000000000003 0.37329 0.39867 0.43265 0.43049000000000004 0.2779 0.6052299999999999 0.56871 0.57421 0.62164 0.6547000000000001 0.48005 0.33354 0.30779999999999996 0.33797999999999995 0.44909999999999994 0.47423999999999994 0.61755 0.66847 0.60086 0.54755 0.3831 0.58905 0.60714 0.44562999999999997 0.53623 0.57742 0.6739299999999999 0.64684 0.6285399999999999 0.5640799999999999 0.56549 0.5605 0.20486 0.4364 0.41406999999999994 0.45753 0.30406 
0.30129 0.33816 0.18583 0 0.18304 0.29196 0.31620000000000004 0.35404 0.20185 0.23841 0.5056799999999999 0.50853 0.39415 0.5786600000000001 0.32805 0.21291 0.54024 0.56445 0.40381 0.7808900000000001 0.8209500000000001 0.52032 0.46383 0.40005999999999997 0.43023999999999996 0.45256 0.54347 0.66738 0.7210300000000001 0.58894 0.5884 0.49219 0.46032 0.42131 0.2598 0.50429 0.68672 0.7661899999999999 0.77175 0.72008 0.73251 0.68828 0.67628 0.39069 0.37008 0.36724999999999997 0.5383899999999999 0.24372 
0.47225 0.39680000000000004 0.36887000000000003 0.18304 0 0.13036 0.19778 0.171 0.22047 0.29493 0.5605 0.56245 0.53454 0.64513 0.42339999999999994 0.31723 0.48834 0.7094 0.58685 0.95586 0.9967900000000001 0.66024 0.57801 0.53923 0.56941 0.55688 0.6194 0.82979 0.7885500000000001 0.56305 0.42673 0.39337 0.37268 0.37006 0.44284 0.59769 0.78937 0.76597 0.91981 0.90312 0.90335 0.86937 0.84724 0.5737300000000001 0.34953 0.5502900000000001 0.66067 0.42676000000000003 
0.51586 0.37947 0.44575 0.29196 0.13036 0 0.06742 0.18063 0.09011 0.24585 0.6303300000000001 0.68036 0.62443 0.71556 0.54131 0.44759 0.6187 0.81422 0.66577 1.04207 1.0824 0.74475 0.56068 0.598 0.58664 0.4567 0.60721 0.82662 0.75409 0.47191 0.33962 0.34625000000000006 0.30820000000000003 0.25316 0.34562 0.56427 0.7989299999999999 0.76478 0.9670000000000001 0.975 0.9644699999999999 0.90769 0.8650800000000001 0.5907 0.35916000000000003 0.55869 0.76867 0.5312 
0.50386 0.37012 0.49043000000000003 0.3162 0.19777999999999998 0.06742 0 0.14432 0.15753 0.31327 0.64689 0.69764 0.6486700000000001 0.76898 0.58966 0.51501 0.68612 0.83846 0.72001 1.03829 1.07908 0.74553 0.55133 0.56558 0.5708500000000001 0.42428 0.56568 0.78033 0.76054 0.40449 0.2722 0.41367000000000004 0.37562 0.1896 0.2782 0.52269 0.7572 0.7072499999999999 0.91088 0.96277 0.95512 0.9095099999999999 0.83215 0.5543899999999999 0.32284999999999997 0.57517 0.79192 0.52185 
0.35954 0.2258 0.34611000000000003 0.35404 0.171 0.18063 0.14432 0 0.27074 0.3452 0.50257 0.55332 0.6658999999999999 0.62466 0.5944 0.48823 0.65934 0.7487400000000001 0.75785 0.89656 0.93749 0.60121 0.40701 0.45671 0.42653 0.5686 0.49321999999999994 0.68885 0.61755 0.51268 0.41652 0.31213 0.42295 0.33392 0.42252 0.42684 0.73737 0.8515699999999999 0.8068900000000001 0.8186800000000001 0.8108 0.76519 0.69937 0.41007 0.17853 0.48754 0.66576 0.37753000000000003 
0.47203 0.46958 0.35564 0.20185 0.22047 0.09011 0.15753 0.27074 0 0.18302 0.5675 0.63664 0.53432 0.72539 0.5299 0.41475999999999996 0.7088099999999999 0.72411 0.60566 0.95196 0.99229 0.66049 0.63457 0.54448 0.5706899999999999 0.40318 0.58908 0.77862 0.83765 0.4816 0.42973 0.43636 0.30858 0.34326999999999996 0.29548 0.5399700000000001 0.7441 0.70825 0.91425 0.91352 0.88678 0.84329 0.8115600000000001 0.5605 0.44926999999999995 0.46907 0.6785599999999999 0.44557 
0.50549 0.5407 0.42424 0.23841 0.29493 0.24585 0.31327 0.3452 0.18302 0 0.38448 0.45362 0.53808 0.54237 0.5438700000000001 0.43975 0.74747 0.64513 0.61802 0.94565 0.98658 0.6970500000000001 0.61709 0.63847 0.66865 0.5861999999999999 0.74307 0.9000900000000001 0.89841 0.66462 0.55795 0.51082 0.48817 0.48736 0.47850000000000004 0.6985 0.86736 0.89127 0.97348 0.9115300000000001 0.92168 0.91187 0.88013 0.47369 0.4527 0.44108 0.62841 0.43697 
0.5122800000000001 0.54723 0.39490000000000003 0.5056799999999999 0.5605 0.6303300000000001 0.64689 0.50257 0.5675 0.38448 0 0.13795000000000002 0.16333 0.19730999999999999 0.21286 0.29277 0.37272 0.26621 0.47154999999999997 0.62509 0.65789 0.49471000000000004 0.49428 0.5346500000000001 0.56483 0.67595 0.7395299999999999 0.85406 0.90989 0.90162 0.7653 0.7496700000000001 0.87265 0.82707 0.61432 0.78167 0.9042600000000001 0.90906 0.83582 0.6413800000000001 0.67053 0.73672 0.73136 0.59478 0.6810999999999999 0.31827 0.33620000000000005 0.44048000000000004 
0.42159 0.42101 0.37329 0.50853 0.56245 0.68036 0.69764 0.55332 0.63664 0.45362 0.13795000000000002 0 0.14172 0.1757 0.19125 0.36102 0.35111000000000003 0.19542 0.44994 0.56353 0.59577 0.4731 0.47267000000000003 0.5229900000000001 0.49537 0.6628799999999999 0.7241200000000001 0.8334199999999999 0.92005 0.8687 0.82584 0.72175 0.87037 0.88724 0.72868 0.80805 0.81357 0.92352 0.81123 0.6865300000000001 0.62449 0.76034 0.70666 0.57317 0.73185 0.29666000000000003 0.19825 0.30253 
0.55762 0.551 0.39867 0.39415 0.53454 0.62443 0.6486700000000001 0.6658999999999999 0.53432 0.53808 0.16333 0.14172 0 0.20107999999999998 0.21663 0.45335000000000003 0.20939 0.2997 0.38282 0.69044 0.72113 0.49848000000000003 0.45528 0.62166 0.63531 0.59492 0.7704900000000001 0.89902 0.96472 0.87411 0.79701 0.77059 0.81149 0.79794 0.65395 0.88342 0.88447 1.03097 0.95295 0.70292 0.72924 0.83994 0.79976 0.50111 0.70255 0.32204 0.33997 0.44425000000000003 
0.44309 0.47446 0.43265 0.57866 0.64513 0.71556 0.76898 0.62466 0.72539 0.54237 0.19730999999999999 0.1757 0.20107999999999998 0 0.25061 0.47445000000000004 0.41047 0.37112 0.27424 0.5047 0.52005 0.3739 0.37625 0.53695 0.50677 0.59725 0.7515700000000001 0.8314999999999999 0.93396 0.95105 0.87693 0.80457 0.92382 0.92695 0.68305 0.84574 0.8054399999999999 0.9431100000000001 0.8762800000000001 0.5518900000000001 0.5787100000000001 0.7141599999999999 0.68674 0.49885 0.68912 0.35602 0.37395 0.47823000000000004 
0.4725 0.47392999999999996 0.43049000000000004 0.32805 0.4234 0.54131 0.58966 0.5944 0.5299 0.5438700000000001 0.21286 0.19125 0.21663 0.25061 0 0.24606 0.42601999999999995 0.38667 0.44394 0.69087 0.72393 0.45228 0.39086 0.53656 0.54318 0.63398 0.75405 0.86771 0.91912 0.8173 0.7780400000000001 0.5827 0.77464 0.73722 0.58785 0.77899 0.8644799999999999 0.91523 0.87342 0.6974 0.73474 0.83145 0.77693 0.5182100000000001 0.67073 0.22991 0.34221 0.35344 
0.44347 0.41397 0.2779 0.21291 0.31723 0.44759000000000004 0.5150100000000001 0.48823000000000005 0.41476 0.43975 0.29277 0.36102 0.45335000000000003 0.47445000000000004 0.24606 0 0.32733 0.55146 0.6167199999999999 0.86427 0.893 0.57584 0.47723 0.53528 0.53461 0.48435 0.67025 0.8539500000000001 0.88427 0.67875 0.67156 0.52274 0.67323 0.5343 0.47270999999999996 0.68203 0.81433 0.90837 0.91116 0.8269700000000001 0.84198 0.8433900000000001 0.81846 0.42066 0.4738 0.47597 0.52993 0.45663 
0.73715 0.60076 0.6052299999999999 0.54024 0.48834 0.6187 0.6861200000000001 0.65934 0.70881 0.74747 0.37272 0.35111 0.20939 0.41047 0.42601999999999995 0.32733 0 0.50909 0.59221 0.89983 0.90533 0.70787 0.66402 0.76065 0.77768 0.76081 0.9467099999999999 1.08941 1.13726 0.99062 0.9048700000000001 0.70953 0.85473 0.85787 0.75728 0.98001 1.09351 1.12476 1.12223 0.90956 0.93846 0.99805 0.9955 0.7105 0.75861 0.53143 0.54936 0.65364 
0.48014 0.53225 0.56871 0.56445 0.7094 0.81422 0.8384600000000001 0.7487400000000001 0.72411 0.64513 0.26621 0.19542 0.2997 0.37112 0.38666999999999996 0.55146 0.50909 0 0.37929 0.75637 0.7911900000000001 0.6295999999999999 0.44781 0.55647 0.52804 0.6955499999999999 0.77396 0.84527 0.95538 0.9990300000000001 0.93648 0.77889 0.98161 0.98117 0.74773 0.88599 0.82606 0.96438 0.76608 0.49111 0.52054 0.63806 0.76959 0.5601 0.7905800000000001 0.2718 0.39367 0.39532999999999996 
0.5988200000000001 0.6544099999999999 0.57421 0.40381 0.58685 0.66577 0.72001 0.75785 0.60566 0.61802 0.47154999999999997 0.44993999999999995 0.38282 0.27424 0.44394 0.61672 0.59221 0.37929 0 0.37708 0.41714 0.5066 0.48328 0.51987 0.54608 0.37857 0.56447 0.55748 0.76091 0.96078 0.9591700000000001 0.896 0.7762899999999999 0.77776 0.50888 0.75337 0.7208 0.68406 0.8326 0.45805999999999997 0.48749 0.6680900000000001 0.41694 0.76832 0.77389 0.50708 0.48593 0.63061 
0.54822 0.67076 0.62164 0.7808900000000001 0.95586 1.04207 1.03829 0.89656 0.95196 0.94565 0.62509 0.56353 0.69044 0.5047 0.69087 0.86427 0.89983 0.75637 0.37708 0 0.04093 0.29798 0.48958 0.59636 0.62654 0.73766 0.78438 0.73966 0.8744700000000001 1.0201 1.04275 0.93632 1.1122 1.13196 0.84677 0.86866 0.85249 0.88254 0.59002 0.41331 0.43633 0.39378 0.6466000000000001 0.7078500000000001 0.85866 0.50463 0.43845 0.53723 
0.5891500000000001 0.71169 0.6547000000000001 0.8209500000000001 0.9967900000000001 1.0824 1.07908 0.93749 0.99229 0.98658 0.65789 0.59577 0.72113 0.52005 0.72393 0.893 0.90533 0.7911900000000001 0.41714 0.04093 0 0.33891000000000004 0.5305 0.59167 0.62185 0.73297 0.80916 0.69873 0.90216 1.06024 1.07573 0.9772500000000001 1.15012 1.1728900000000002 0.8877 0.90959 0.88555 0.92347 0.54909 0.44637 0.46939000000000003 0.43471000000000004 0.6875300000000001 0.66692 0.89686 0.54556 0.39752 0.57816 
0.29454 0.37541 0.48005000000000003 0.52032 0.66024 0.74475 0.74553 0.60121 0.66049 0.6970500000000001 0.49471000000000004 0.4731 0.49848000000000003 0.3739 0.45228 0.57584 0.70787 0.6295999999999999 0.5065999999999999 0.29798 0.33891000000000004 0 0.1942 0.29838 0.32855999999999996 0.43967999999999996 0.50218 0.60895 0.67974 0.75798 0.75462 0.68264 0.82249 0.85284 0.56142 0.6278999999999999 0.68652 0.70769 0.62757 0.25303 0.28246 0.46362 0.5315099999999999 0.5926400000000001 0.57055 0.37021000000000004 0.58696 0.4136 
0.16254000000000002 0.18121 0.33354 0.46383 0.57801 0.56068 0.55133 0.40701 0.6345700000000001 0.61709 0.49428 0.47267 0.45528 0.37625 0.39086 0.47723 0.66402 0.44781 0.48328 0.48958 0.5305 0.1942 0 0.16638 0.19656 0.30768 0.38375000000000004 0.47685 0.62428 0.6089100000000001 0.58604 0.55064 0.629 0.73394 0.50753 0.4959 0.55452 0.57569 0.51346 0.44722999999999996 0.47666 0.5689200000000001 0.38607 0.46064 0.45165 0.17601 0.39276 0.2816 
0.14506000000000002 0.28145000000000003 0.30779999999999996 0.40005999999999997 0.53923 0.598 0.56558 0.45671 0.54448 0.63847 0.5346500000000001 0.5229900000000001 0.62166 0.53695 0.53656 0.53528 0.76065 0.55647 0.51987 0.59636 0.59167 0.29838 0.16638 0 0.03018 0.1413 0.21749 0.34409 0.4579 0.5298799999999999 0.54401 0.47106 0.57404 0.5993 0.49005 0.32952 0.48353 0.46652 0.38060000000000005 0.44389 0.5069699999999999 0.49105999999999994 0.52005 0.44316 0.43417 0.33345 0.5044 0.22046 
0.17524 0.31163 0.33798 0.43024 0.56941 0.58664 0.5708500000000001 0.42653 0.5706899999999999 0.66865 0.5648299999999999 0.49537 0.63531 0.50677 0.54318 0.53461 0.77768 0.52804 0.54608 0.62654 0.62185 0.32855999999999996 0.19656 0.03018 0 0.16751 0.24767 0.34194 0.42772 0.4997 0.51383 0.44088 0.60422 0.62551 0.52023 0.35969999999999996 0.50974 0.43634 0.38036000000000003 0.41371 0.47817000000000004 0.49519 0.55023 0.42447 0.46435 0.31327 0.50677 0.25064 
0.28636 0.42275 0.4491 0.45256 0.55688 0.4567 0.42428 0.5686 0.40318 0.5861999999999999 0.67595 0.6628799999999999 0.59492 0.59725 0.63398 0.48435 0.76081 0.6955499999999999 0.37857 0.73766 0.73297 0.43967999999999996 0.30768 0.1413 0.16751 0 0.1859 0.40531 0.56854 0.60318 0.5806 0.55983 0.6972799999999999 0.458 0.59405 0.39219000000000004 0.34223 0.58846 0.51107 0.5812200000000001 0.55668 0.57668 0.40838 0.45528 0.50059 0.47475 0.6457 0.36175999999999997 
0.30926 0.44565 0.47424 0.54347 0.6194 0.60721 0.56568 0.49322 0.58908 0.74307 0.7395299999999999 0.7241200000000001 0.7704900000000001 0.7515700000000001 0.75405 0.67025 0.94671 0.77396 0.56447 0.7843800000000001 0.80916 0.50218 0.38375000000000004 0.21749 0.24767 0.1859 0 0.21941 0.38264000000000004 0.41728 0.39470000000000005 0.44588 0.51138 0.54265 0.45078 0.20629 0.51682 0.50957 0.59809 0.5996 0.58674 0.40558 0.59428 0.26938 0.31468999999999997 0.54512 0.69301 0.42159 
0.43204 0.56843 0.61755 0.66738 0.82979 0.82662 0.78033 0.68885 0.77862 0.9000900000000001 0.85406 0.8334199999999999 0.89902 0.8314999999999999 0.86771 0.8539500000000001 1.08941 0.84527 0.55748 0.73966 0.69873 0.60895 0.47685 0.34409 0.34194 0.40531 0.21941 0 0.20343 0.55948 0.6141099999999999 0.64325 0.72694 0.76206 0.67019 0.42569999999999997 0.37242 0.6186499999999999 0.54308 0.52598 0.46152 0.55814 0.7105699999999999 0.48878999999999995 0.51032 0.6526 0.81497 0.5510999999999999 
0.50264 0.63903 0.66847 0.7210300000000001 0.7885500000000001 0.75409 0.76054 0.61755 0.83765 0.89841 0.90989 0.92005 0.96472 0.93396 0.91912 0.88427 1.13726 0.95538 0.76091 0.8744700000000001 0.90216 0.67974 0.62428 0.4579 0.42772 0.56854 0.38264000000000004 0.20343 0 0.35605 0.49237 0.5697 0.60244 0.62861 0.75917 0.51468 0.57585 0.70295 0.74651 0.71741 0.65295 0.48529 0.7386400000000001 0.46361 0.59319 0.73768 0.87497 0.6216999999999999 
0.51889 0.54115 0.60086 0.58894 0.56305 0.47191 0.40449 0.51268 0.4816 0.66462 0.90162 0.8687 0.87411 0.95105 0.8173 0.67875 0.99062 0.99903 0.96078 1.0201 1.06024 0.75798 0.6089100000000001 0.52988 0.4997 0.60318 0.41728 0.55948 0.35605 0 0.13632 0.30854 0.27793 0.41678 0.45189999999999997 0.29808999999999997 0.6086199999999999 0.44852 0.87625 0.89966 0.87164 0.73429 0.7482 0.47878 0.44214 0.74697 0.93989 0.62344 
0.49453 0.40483 0.54755 0.5884 0.42673 0.33962 0.2722 0.41652 0.42972999999999995 0.55795 0.7653 0.82584 0.79701 0.87693 0.7780400000000001 0.67156 0.9048700000000001 0.93648 0.9591700000000001 1.04275 1.07573 0.75462 0.58604 0.54401 0.51383 0.5806 0.39470000000000005 0.61411 0.49237 0.13632 0 0.19777 0.40371999999999997 0.40979 0.48061 0.2909 0.6014299999999999 0.44133 0.76657 0.9262 0.90035 0.8002800000000001 0.7410100000000001 0.47158999999999995 0.33137 0.66468 0.87156 0.55566 
0.3881 0.52449 0.3831 0.49219 0.39337 0.34625000000000006 0.41367000000000004 0.31213 0.4363600000000001 0.51082 0.7496700000000001 0.72175 0.77059 0.80457 0.5827 0.52274 0.70953 0.77889 0.896 0.93632 0.9772500000000001 0.68264 0.55064 0.47106 0.44088 0.55983 0.44588 0.64325 0.5697 0.30854 0.19777 0 0.20595 0.25003000000000003 0.47336 0.38463 0.61247 0.61574 0.82124 0.84622 0.86867 0.76959 0.76309 0.36514 0.1336 0.54401 0.7171 0.50716 
0.58575 0.44936 0.58905 0.46032 0.37268 0.30820000000000003 0.37562 0.42295 0.30858 0.48817 0.8726499999999999 0.87037 0.81149 0.92382 0.77464 0.6732300000000001 0.85473 0.98161 0.7762899999999999 1.1122 1.15012 0.82249 0.629 0.57404 0.60422 0.6972799999999999 0.51138 0.72694 0.60244 0.27793 0.40371999999999997 0.20595 0 0.24746 0.26741 0.44054 0.70364 0.72645 0.8904799999999999 1.01532 0.9898 0.89021 0.89734 0.4832 0.33955 0.7111 0.91609 0.60109 
0.58374 0.55972 0.60714 0.42131 0.37006 0.25316 0.1896 0.33392 0.34326999999999996 0.48736 0.82707 0.88724 0.79794 0.92695 0.73722 0.5343 0.85787 0.98117 0.77776 1.13196 1.17289 0.85284 0.7339399999999999 0.5993 0.62551 0.458 0.54265 0.76206 0.62861 0.41678 0.40979 0.25003000000000003 0.24746 0 0.4678 0.43714 0.74204 0.7197399999999999 0.90726 1.03922 1.01468 0.91828 0.86638 0.50609 0.28229 0.75195 0.92504 0.63041 
0.39821 0.5179400000000001 0.44562999999999997 0.2598 0.44284 0.34562 0.2782 0.42252 0.29548 0.47850000000000004 0.61432 0.72868 0.65395 0.68305 0.58785 0.47270999999999996 0.75728 0.74773 0.50888 0.84677 0.8877 0.56142 0.5075299999999999 0.49005 0.52023 0.59405 0.45077999999999996 0.67019 0.75917 0.45189999999999997 0.48061 0.47336 0.26741 0.4678 0 0.24449 0.55502 0.80125 0.63268 0.7488600000000001 0.7509600000000001 0.67855 0.70982 0.65049 0.49551999999999996 0.47593 0.6926800000000001 0.50276 
0.41903 0.39272 0.53623 0.50429 0.59769 0.56427 0.52269 0.42684 0.5399700000000001 0.6985 0.78167 0.80805 0.88342 0.84574 0.77899 0.68203 0.98001 0.8859899999999999 0.75337 0.86866 0.90959 0.6279 0.4959 0.32952 0.35969999999999996 0.39219000000000004 0.20629 0.42569999999999997 0.51468 0.29808999999999997 0.2909 0.38462999999999997 0.44054 0.43714 0.24449 0 0.31053 0.5567599999999999 0.57816 0.7316400000000001 0.6894 0.54423 0.57248 0.41412 0.25103 0.65396 0.81443 0.53809 
0.39198 0.52837 0.57742 0.68672 0.78937 0.7989299999999999 0.7572 0.73737 0.7441 0.86736 0.9042600000000001 0.8135699999999999 0.88447 0.8054399999999999 0.8644799999999999 0.81433 1.09351 0.82606 0.7208 0.85249 0.88555 0.68652 0.55452 0.48353 0.50974 0.34223 0.51682 0.37242 0.57585 0.6086199999999999 0.60143 0.61247 0.70364 0.74204 0.55502 0.31053 0 0.24623 0.39184 0.7663800000000001 0.83084 0.7946500000000001 0.7481000000000001 0.39367 0.56156 0.63457 0.82749 0.5110399999999999 
0.50193 0.63832 0.6739299999999999 0.7661899999999999 0.76597 0.76478 0.7072499999999999 0.8515699999999999 0.70825 0.89127 0.90906 0.9235199999999999 1.03097 0.9431100000000001 0.91523 0.90837 1.12476 0.96438 0.68406 0.88254 0.92347 0.70769 0.57569 0.46652 0.43634 0.58846 0.50957 0.6186499999999999 0.70295 0.44852 0.44133 0.61574 0.72645 0.7197399999999999 0.8012499999999999 0.5567599999999999 0.24623 0 0.42894 0.7905599999999999 0.72958 0.54842 0.50187 0.6399 0.7003999999999999 0.74452 0.91371 0.6209899999999999 
0.4706 0.60699 0.64684 0.77175 0.91981 0.9670000000000001 0.91088 0.8068900000000001 0.91425 0.9734800000000001 0.83582 0.81123 0.95295 0.8762800000000001 0.87342 0.91116 1.12223 0.76608 0.8326 0.59002 0.54909 0.62757 0.51346 0.38060000000000005 0.38036000000000003 0.51107 0.59809 0.54308 0.74651 0.87625 0.76657 0.82124 0.8904799999999999 0.90726 0.63268 0.57816 0.39184 0.42894 0 0.37454 0.439 0.62016 0.68805 0.75221 0.70097 0.65733 0.8304199999999999 0.56694 
0.45914 0.59553 0.62854 0.72008 0.90312 0.975 0.96277 0.8186800000000001 0.91352 0.9115300000000001 0.6413800000000001 0.6865300000000001 0.70292 0.55189 0.6974 0.8269700000000001 0.90956 0.49111000000000005 0.45806 0.41330999999999996 0.44637 0.25303 0.44723 0.44389 0.41371 0.5812200000000001 0.5996 0.52598 0.71741 0.89966 0.9262 0.84622 1.01532 1.03922 0.7488600000000001 0.7316400000000001 0.76638 0.7905599999999999 0.37454 0 0.06446 0.24562 0.31351 0.53507 0.76661 0.48396 0.66064 0.55325 
0.48057 0.585 0.5640799999999999 0.73251 0.90335 0.9644699999999999 0.95512 0.8108 0.88678 0.92168 0.67053 0.62449 0.72924 0.5787100000000001 0.73474 0.84198 0.93846 0.52054 0.48749000000000003 0.43633 0.46939000000000003 0.28246 0.47666 0.50697 0.47817000000000004 0.55668 0.58674 0.46152 0.65295 0.87164 0.90035 0.86867 0.9898 1.01468 0.7509600000000001 0.6894 0.8308399999999999 0.72958 0.439 0.06446 0 0.18116 0.24905 0.55817 0.78834 0.51698 0.61941 0.48878999999999995 
0.40638 0.53939 0.56549 0.68828 0.86937 0.90769 0.90951 0.76519 0.84329 0.91187 0.73672 0.76034 0.83994 0.7141599999999999 0.83145 0.8433900000000001 0.99805 0.63806 0.6680900000000001 0.39378 0.43471000000000004 0.46362 0.56892 0.49105999999999994 0.49519 0.57668 0.40558 0.55814 0.48529 0.73429 0.8002800000000001 0.76959 0.89021 0.91828 0.67855 0.54423 0.7946500000000001 0.54842 0.62016 0.24562 0.18116 0 0.25335 0.60883 0.63599 0.62198 0.56209 0.49844999999999995 
0.37499 0.51138 0.5605 0.67628 0.84724 0.8650800000000001 0.83215 0.69937 0.8115600000000001 0.88013 0.73136 0.70666 0.79976 0.68674 0.77693 0.8184600000000001 0.9955 0.76959 0.41694 0.6466000000000001 0.6875300000000001 0.5315099999999999 0.38607 0.52005 0.55023 0.40838 0.59428 0.7105699999999999 0.73864 0.7482 0.7410100000000001 0.76309 0.89734 0.86638 0.70982 0.57248 0.7481 0.50187 0.68805 0.31351 0.24905 0.25335 0 0.41414 0.64568 0.56208 0.77883 0.49405 
0.39037 0.35719 0.20486 0.39069 0.57373 0.5907 0.5543899999999999 0.41007 0.5605 0.47369 0.59478 0.57317 0.50111 0.49885 0.5182100000000001 0.42066 0.7105 0.5601 0.76832 0.70785 0.66692 0.59264 0.46064 0.44316 0.42446999999999996 0.45528 0.26938 0.48879 0.46361 0.47878 0.47158999999999995 0.36514 0.4832 0.50609 0.65049 0.41412 0.39367 0.6399 0.75221 0.53507 0.55817 0.60883 0.41414 0 0.23154 0.2883 0.50505 0.41183000000000003 
0.31044 0.40432999999999997 0.4364 0.37007999999999996 0.34953 0.35916000000000003 0.32284999999999997 0.17853 0.44927000000000006 0.4527 0.6810999999999999 0.73185 0.70255 0.68912 0.67073 0.4738 0.75861 0.7905800000000001 0.77389 0.85866 0.89686 0.57055 0.45165 0.43417 0.46435 0.50059 0.31468999999999997 0.51032 0.59319 0.44214 0.33137 0.1336 0.33955 0.28229 0.49551999999999996 0.25103 0.56156 0.7003999999999999 0.70097 0.76661 0.78834 0.63599 0.64568 0.23154 0 0.51984 0.73659 0.4295 
0.24259 0.26174 0.41406999999999994 0.36724999999999997 0.55029 0.55869 0.57517 0.48754 0.46907 0.44108 0.31827 0.29666000000000003 0.32204 0.35602 0.22991 0.47597 0.53143 0.2718 0.50708 0.50463 0.54556 0.37021000000000004 0.17601 0.33345 0.31327 0.47475 0.54512 0.6526 0.73768 0.7469699999999999 0.66468 0.54401 0.7111 0.75195 0.47593 0.65396 0.63457 0.74452 0.65733 0.48396 0.51698 0.62198 0.56208 0.2883 0.51984 0 0.21675 0.12353 
0.43551 0.46673 0.45753 0.5383899999999999 0.66067 0.76867 0.79192 0.66576 0.6785599999999999 0.62841 0.3362 0.19825 0.33997 0.37395 0.34221 0.52993 0.54936 0.39367 0.48593 0.43845 0.39752 0.58696 0.39276 0.5044000000000001 0.50677 0.6457 0.69301 0.8149700000000001 0.87497 0.9398899999999999 0.87156 0.7171 0.91609 0.92504 0.69268 0.81443 0.8274900000000001 0.91371 0.8304199999999999 0.66064 0.61941 0.56209 0.77883 0.50505 0.73659 0.21675 0 0.31645 
0.11906 0.15173 0.30406 0.24372 0.42676000000000003 0.5312 0.52185 0.37753000000000003 0.44556999999999997 0.43697 0.44048000000000004 0.30253 0.44425000000000003 0.47823000000000004 0.35344 0.45663 0.65364 0.39532999999999996 0.6306099999999999 0.53723 0.57816 0.41359999999999997 0.2816 0.22046 0.25064 0.36175999999999997 0.42159 0.5510999999999999 0.6216999999999999 0.62344 0.55566 0.50716 0.60109 0.63041 0.50276 0.53809 0.5110399999999999 0.6209899999999999 0.56694 0.55325 0.48879 0.49844999999999995 0.49405 0.41183000000000003 0.4295 0.12353 0.31645 0 
