24
12 28 3 47 39 22 24 14 48 17 20 37 29 21 19 46 1 32 5 27 40 38 44 49
0 0.09032 0.18496 0.30866 0.42182 0.38907 0.2696 0.43753000000000003 0.67888 0.47033 0.54767 0.65469 0.7404000000000001 0.60152 0.62333 0.96682 0.86467 1.09294 1.14472 0.91744 1.01663 1.06194 0.46829 0.17347 
0.09032 0 0.27527999999999997 0.39898 0.40874 0.29875 0.347 0.52785 0.7692 0.5606500000000001 0.45735 0.6309 0.68707 0.67959 0.54335 0.8868400000000001 0.78226 1.03701 1.08489 0.88484 0.96268 1.00462 0.54569 0.26379 
0.18496 0.27528 0 0.12761 0.24076999999999998 0.35075999999999996 0.45456 0.5091300000000001 0.63102 0.54193 0.6823699999999999 0.5850299999999999 0.5554399999999999 0.41656 0.50647 0.79179 0.9094 0.94746 0.96702 0.9359299999999999 0.88174 0.91817 0.54659 0.24507 
0.30866 0.39898 0.12761 0 0.11316 0.22315000000000002 0.4337 0.46245 0.70508 0.66634 0.7833500000000001 0.5790299999999999 0.68305 0.54417 0.54228 0.88577 0.95156 0.92732 0.87554 0.8083199999999999 0.75503 0.87558 0.63239 0.36948000000000003 
0.42182 0.40874 0.24076999999999998 0.11316 0 0.10999 0.32054 0.5399700000000001 0.71436 0.7795 0.6701900000000001 0.46587 0.59389 0.5476300000000001 0.64644 0.83735 0.8384 0.94697 0.9887 0.7295200000000001 0.86819 0.98874 0.51923 0.48263999999999996 
0.38907 0.29875 0.35076 0.22315000000000002 0.10999 0 0.31312 0.5325500000000001 0.7751800000000001 0.8233900000000001 0.56451 0.57586 0.57652 0.43764000000000003 0.5926 0.80488 0.72841 0.93803 0.88625 0.61953 0.76388 1.09873 0.51181 0.56254 
0.2696 0.347 0.45455999999999996 0.4337 0.32054 0.31312 0 0.21943000000000001 0.46206 0.73139 0.58158 0.59133 0.71935 0.7298199999999999 0.4074 0.7508900000000001 0.96772 0.8978200000000001 0.94759 0.88461 0.82196 0.83319 0.19869 0.44307 
0.43753000000000003 0.52785 0.50913 0.46245 0.5399700000000001 0.5325500000000001 0.21943000000000001 0 0.24263 0.5609200000000001 0.42829 0.61938 0.6135 0.66892 0.3465 0.68999 0.90682 0.92622 0.93733 0.91301 0.81682 0.8097 0.22709 0.26406 
0.67888 0.7692 0.63102 0.70508 0.71436 0.77518 0.46206 0.24263 0 0.43926 0.67092 0.7903899999999999 0.72261 0.58373 0.53757 0.53057 0.7474 0.92987 0.8780899999999999 0.89485 0.77765 1.05233 0.46972 0.5066900000000001 
0.47033 0.56065 0.54193 0.66634 0.7795000000000001 0.8233900000000001 0.73139 0.5609200000000001 0.43926 0 0.25989 0.51945 0.50748 0.387 0.61519 0.70027 0.8307199999999999 0.8637900000000001 0.81201 0.8168 0.68728 0.8071600000000001 0.59838 0.29686 
0.54767 0.45735 0.6823699999999999 0.7833500000000001 0.6701900000000001 0.56451 0.58158 0.42829 0.67092 0.25989 0 0.2607 0.38871999999999995 0.26581 0.57361 0.44038 0.57083 0.67932 0.62754 0.56965 0.507 0.54727 0.57685 0.5567500000000001 
0.65469 0.6309 0.5850299999999999 0.57903 0.46587 0.57586 0.59133 0.61938 0.79039 0.51945 0.2607 0 0.12802 0.2669 0.45996 0.54006 0.61243 0.52004 0.57182 0.6216200000000001 0.44556 0.56422 0.39264 0.62014 
0.7404 0.68707 0.5554399999999999 0.6830499999999999 0.59389 0.57652 0.71935 0.6135 0.72261 0.50748 0.38871999999999995 0.12802 0 0.13888 0.40442999999999996 0.64506 0.51301 0.39202 0.4438 0.67122 0.57358 0.6922400000000001 0.52066 0.74816 
0.6015199999999999 0.67959 0.41656 0.54417 0.5476300000000001 0.43764000000000003 0.72982 0.6689200000000001 0.58373 0.387 0.26581 0.2669 0.13888 0 0.32242 0.50618 0.49284 0.5308999999999999 0.55046 0.5726100000000001 0.46518000000000004 0.80759 0.53113 0.6616299999999999 
0.62333 0.54335 0.50647 0.54228 0.64644 0.5926 0.4074 0.3465 0.53757 0.61519 0.57361 0.45996 0.40442999999999996 0.32242 0 0.34349 0.56032 0.58294 0.6347200000000001 0.60026 0.55874 0.56572 0.20871 0.51023 
0.96682 0.8868400000000001 0.79179 0.88577 0.83735 0.80488 0.7508900000000001 0.68999 0.53057 0.70027 0.44038 0.54006 0.64506 0.50618 0.34349 0 0.21683 0.78315 0.8349300000000001 0.93985 0.8324199999999999 0.75166 0.5522 0.85372 
0.86467 0.78226 0.9094 0.9515600000000001 0.8384 0.72841 0.9677200000000001 0.9068200000000001 0.7474 0.8307199999999999 0.57083 0.61243 0.51301 0.49284 0.56032 0.21683 0 0.59612 0.6479 0.93033 0.91653 0.9593 0.7690300000000001 0.7132 
1.09294 1.03701 0.94746 0.9273199999999999 0.94697 0.93803 0.8978200000000001 0.92622 0.92987 0.8637900000000001 0.67932 0.52004 0.39202 0.5308999999999999 0.58294 0.78315 0.59612 0 0.05178 0.33421 0.44099 0.70471 0.69913 1.00065 
1.14472 1.08489 0.96702 0.87554 0.9887 0.88625 0.94759 0.93733 0.8780899999999999 0.81201 0.62754 0.57182 0.4438 0.55046 0.6347200000000001 0.83493 0.6478999999999999 0.05178 0 0.38599 0.38920999999999994 0.75649 0.7509100000000001 1.04783 
0.91744 0.88484 0.9359299999999999 0.8083199999999999 0.7295200000000001 0.61953 0.88461 0.91301 0.89485 0.8168 0.56965 0.6216200000000001 0.6712199999999999 0.5726100000000001 0.60026 0.9398500000000001 0.93033 0.33421 0.38599 0 0.29638 0.71816 0.68592 0.9852 
1.01663 0.96268 0.88174 0.75503 0.86819 0.76388 0.82196 0.81682 0.77765 0.68728 0.507 0.44556 0.57358 0.46518000000000004 0.55874 0.8324199999999999 0.91653 0.44098999999999994 0.38920999999999994 0.29638 0 0.46101 0.62327 0.92241 
1.06194 1.00462 0.91817 0.87558 0.9887400000000001 1.09873 0.83319 0.8097 1.05233 0.8071600000000001 0.54727 0.56422 0.6922400000000001 0.80759 0.56572 0.75166 0.9593 0.70471 0.75649 0.71816 0.46101 0 0.64078 0.9423 
0.46829 0.54569 0.54659 0.63239 0.51923 0.51181 0.19869 0.22709 0.46972 0.59838 0.57685 0.39264 0.52066 0.53113 0.20871 0.5522 0.76903 0.69913 0.7509100000000001 0.68592 0.62327 0.64078 0 0.30152 
0.17347 0.26379 0.24507 0.36948000000000003 0.48264 0.56254 0.44307 0.26406 0.5066900000000001 0.29686 0.5567500000000001 0.62014 0.74816 0.6616299999999999 0.51023 0.85372 0.7132 1.00065 1.04783 0.9852 0.92241 0.9423 0.30152 0 
