47
index1 index39 index51 index63 index60 index57 index26 index48 index31 index5 index9 index8 index58 index72 index13 index14 index0 index41 index6 index25 index76 index94 index32 index35 index38 index42 index70 index59 index29 index43 index85 index71 index91 index22 index3 index15 index49 index79 index11 index23 index27 index44 index68 index73 index33 index4 index97
0 205.09638 238.99172 219.43211 603.42954 569.34478 637.62724 797.51717 649.9003299999999 969.02059 1028.17584 893.24213 992.8504 1082.62457 1253.29809 1318.11383 1313.20088 1247.82293 1133.58954 980.06734 905.11053 804.40098 912.82728 981.42954 1145.06633 1290.93338 1449.5908399999998 1434.23767 1507.87539 1360.6913399999999 1050.16202 1235.92131 1362.53315 1267.96417 513.98585 447.28988 432.98149 519.10775 534.07167 546.54862 668.75794 508.74194 700.86447 599.76615 449.15499 306.90792 52.11331 
205.09638 0 109.62147 129.18108 398.93938 408.9951 452.39302999999995 593.51875 448.34649 781.81071 844.23501 716.9386 835.2394300000001 950.5289600000001 1122.50238 1203.77063 1184.8165199999999 1159.43035 1067.26925 925.99997 840.10068 769.23794 935.69391 999.24291 1142.65274 1301.94325 1444.25062 1413.13199 1481.76309 1330.61971 957.03198 1074.74027 1183.64891 1085.65349 462.85517 366.48735 440.41759 542.0260900000001 540.42132 527.48819 706.07347 612.5960600000001 816.4759 756.52515 603.0663 353.92017 211.96358 
238.99172 109.62147 0 19.55961 417.24247 428.50681 512.86649 645.38817 497.77168 849.06464 913.7656400000001 783.19147 923.16186 1046.34871 1219.52636 1305.66434 1283.24516 1265.92212 1176.31349 1031.77855 949.40691 878.50487 1039.19474 1103.90434 1249.92117 1408.14566 1552.34853 1522.26377 1591.38456 1440.24118 1063.5933 1159.39915 1258.62842 1155.1841200000001 572.47664 476.07029 547.10999 642.53219 644.2285 634.75662 805.92551 695.07385 893.76783 812.99598 660.26218 445.83298 250.05127 
219.43211 129.18108 19.55961 0 406.16075 448.06642 495.42989 639.83592 492.21907999999996 831.80447 896.7448 765.83137 904.36724 1026.7891 1199.96675 1286.2956900000001 1263.68555 1246.46741 1159.32817 1012.97287 930.70922 860.50681 1023.57951 1087.92434 1232.87546 1392.48686 1535.05835 1504.37522 1573.04376 1422.63249 1044.36495 1140.63285 1241.52828 1138.09755 559.35728 457.41721 527.55038 627.43371 628.42686 617.77573 791.31313 683.53709 884.48152 807.85908 654.77247 432.845 258.82235 
603.42954 398.93938 417.24247 406.16075 0 156.45291 242.89995 267.57494 280.86469 493.85576 563.41675 468.36552000000006 654.59194 819.90916 983.20656 1099.96865 1048.4173799999999 1119.2402 1085.52478 973.18867 888.04995 884.94056 1127.08473 1175.33089 1281.6690899999999 1445.06968 1550.95618 1492.99591 1550.06759 1398.26982 928.22033 852.29852 910.37596 794.27176 631.96353 524.28224 692.19217 785.94931 768.37951 721.1045799999999 943.07327 942.65088 1137.42606 1123.98957 976.2247 670.12944 609.78629 
569.34478 408.9951 428.50681 448.06642 156.45291 0 100.43375 282.43524 361.70099000000005 420.55783 486.84629 370.85677 529.74103 685.47124 858.4568899999999 963.22962 918.06167 971.09578 931.10266 816.77036 731.69356 730.32012 977.84091 1023.85599 1127.41291 1290.9044199999998 1394.50327 1336.73498 1394.63573 1242.21492 777.07262 750.08886 834.18508 728.26477 513.53385 515.53865 603.7541100000001 655.13683 634.05222 578.52016 803.93611 828.91281 1019.15685 1025.08664 880.60199 580.35034 561.74416 
637.62724 452.39302999999995 512.86649 495.42989 242.89995 100.43375 0 182.00149 261.26724 339.78267 402.47655 270.42302 429.30728 585.83606 758.5001199999999 863.80671 817.62792 876.86565 876.7273600000001 758.10369 673.3153500000001 668.20814 928.14221 972.39232 1059.43384 1223.04606 1325.54296 1256.89385 1329.80124 1177.13668 714.1680700000001 653.4047 749.75621 643.8264 452.64532 425.4772 555.05123 633.67798 606.82165 547.33405 773.36354 823.18758 1011.2438000000001 1037.64045 899.30113 580.36708 616.36907 
797.51717 593.51875 645.38817 639.83592 267.57494 282.43524 182.00149 0 147.61684 282.88021000000003 335.8974 200.79058 524.95295 598.99798 749.76255 876.93451 810.92194 926.96793 927.78757 843.5239 765.09622 810.04691 1078.29743 1112.6657300000002 1200.65755 1347.73386 1424.9325 1362.72061 1400.95347 1254.06333 754.25458 598.65094 642.80109 527.26721 624.66549 547.6812 734.49181 809.73731 780.48504 717.79866 941.81381 1004.1286 1189.85512 1219.63543 1081.03221 761.2101700000001 783.47564 
649.9003299999999 448.34649 497.77168 492.21907999999996 280.86469 361.70099000000005 261.26724 147.61684 0 361.93049 431.51693 313.05705 504.10087 675.7622 836.59912 956.1459 900.25538 977.9160400000001 993.21271 848.10404 764.59376 777.96338 1036.49111 1081.87117 1176.1323 1333.70804 1429.87128 1368.06866 1421.3086 1270.64219 882.6007999999999 710.39499 779.50148 667.96481 550.12418 458.1833 640.57589 725.17742 701.16282 645.29134 871.58717 904.17743 1096.9591599999999 1116.68391 967.8971300000001 646.87379 643.72818 
969.02059 781.81071 849.06464 831.80447 493.85576 420.55783 339.78267 282.88021000000003 361.93049 0 69.58644 86.06077 244.75014 434.74639 563.50082 694.91999 615.45473 778.00569 816.05376 766.20691 707.03723 782.65207 1064.13562 1086.4781600000001 1124.98443 1287.61016 1328.4138 1243.47943 1282.39748 1143.82696 635.2006 375.74122 417.77679 311.00491999999997 685.76481 638.80361 817.83028 871.26633 837.52925 768.92254 975.85681 1089.10707 1255.19647 1319.68831 1193.96416 876.19891 951.6341199999999 
1028.17584 844.23501 913.7656400000001 896.7448 563.41675 486.84629 402.47655 335.8974 431.51693 69.58644 0 135.10682 216.97725 395.9911 506.59959 646.31715 561.61991 742.05155 793.69964 756.67572 696.65317 802.05854 1071.16662 1092.75476 1117.0286999999998 1264.57424 1306.37694 1219.16444 1255.80022 1118.98875 615.6084000000001 306.15478 366.20023 241.41848 719.67035 692.39612 859.33761 902.81821 868.02698 797.8055 999.25041 1124.82539 1284.45684 1358.11275 1242.50152 921.47818 1008.78206 
893.24213 716.9386 783.19147 765.83137 468.36552000000006 370.85677 270.42302 200.79058 313.05705 86.06077 135.10682 0 330.81091 419.06924 549.63003 679.9754 610.77597 743.4943 765.08108 703.04404 633.23217 706.26307 987.28896 1012.95117 1058.96114 1215.8698100000001 1277.81373 1199.76891 1235.94758 1093.74494 591.56448 397.86036 499.50379 374.72204 599.88135 571.57781 750.4824500000001 786.23173 752.07657 682.86177 893.0690999999999 1003.055 1169.76377 1233.65689 1108.4529 791.2599 873.67525 
992.8504 835.2394300000001 923.16186 904.36724 654.59194 529.74103 429.30728 524.95295 504.10087 244.75014 216.97725 330.81091 0 189.99625 335.457 470.37995 398.07613 533.49307 576.72239 544.3513 544.965 598.5507 875.82196 885.14207 904.46681 1049.52334 1089.45504 1002.18719 1040.85104 905.38625 408.29055 243.52938 390.8232 342.1711 593.08564 584.99648 735.62006 762.82365 725.859 655.93421 861.19451 991.93748 1131.43133 1230.28917 1123.59881 825.7325 963.55831 
1082.62457 950.5289600000001 1046.34871 1026.7891 819.90916 685.47124 585.83606 598.99798 675.7622 434.74639 395.9911 419.06924 189.99625 0 173.18528 280.3837 236.89645 346.2011 412.8727 419.29038 399.41886 550.81192 793.93005 779.0443 767.98394 900.80119 921.39193 828.45888 868.21548 729.75594 262.74441 302.30246 486.10078 441.53741 620.17357 644.8376800000001 759.65034 761.43048 725.258 658.43777 793.79885 989.55797 1099.90361 1227.18353 1139.59835 870.02327 1047.27234 
1253.29809 1122.50238 1219.52636 1199.96675 983.20656 858.4568899999999 758.5001199999999 749.76255 836.59912 563.50082 506.59959 549.63003 335.457 173.18528 0 142.42789 207.98596 291.21915 423.9238 488.64071 488.25454 639.6476 864.15934 845.48534 798.77047 909.01443 894.12093 790.84854 813.23353 697.71564 301.6566 252.89874 436.69705999999996 467.69387 777.49989 811.12907 913.20133 904.07048 898.44328 809.49496 914.58607 1127.56901 1219.33464 1361.94453 1284.88867 1029.62754 1215.33215 
1318.11383 1203.77063 1305.66434 1286.2956900000001 1099.96865 963.22962 863.80671 876.93451 956.1459 694.91999 646.31715 679.9754 470.37995 280.3837 142.42789 0 107.82186 186.77921 351.1111 455.79673 541.69602 631.05097 821.17514 791.43702 718.76119 811.16123 777.12888 687.32108 679.05284 580.69348 389.17758000000003 395.32663 542.72119 606.05075 821.72683 871.11506 948.69015 927.35376 890.81293 833.86421 909.06167 1156.08185 1206.98176 1365.75155 1303.20504 1072.59444 1277.61896 
1313.20088 1184.8165199999999 1283.24516 1263.68555 1048.4173799999999 918.06167 817.62792 810.92194 900.25538 615.45473 561.61991 610.77597 398.07613 236.89645 207.98596 107.82186 0 284.74741 442.79124 518.21084 527.06296 678.13052 891.82743 868.40472 809.32709 910.10413 882.48894 775.88958 786.77514 686.05354 336.46047 307.26249 434.89933 501.70422 853.74919 870.89485 967.09726 953.86176 917.7578 862.49528 956.5668699999999 1183.56374 1259.42756 1407.53611 1334.76443 1103.53692 1275.43016 
1247.82293 1159.43035 1265.92212 1246.46741 1119.2402 971.09578 876.86565 926.96793 977.9160400000001 778.00569 742.05155 743.4943 533.49307 346.2011 291.21915 186.77921 284.74741 0 173.76836 328.85609 355.86595 496.2299 650.20641 614.34105 597.69351 625.7067 602.90178 500.54187 522.01438 406.49649 202.39837 540.73158 706.09544 758.91302 736.02575 807.05132 848.52039 807.12653 775.14648 728.5615 766.11429 1006.9602600000001 1053.713 1224.61655 1192.45157 980.79515 1209.35394 
1133.58954 1067.26925 1176.31349 1159.32817 1085.52478 931.10266 876.7273600000001 927.78757 993.21271 816.05376 793.69964 765.08108 576.72239 412.8727 423.9238 351.1111 442.79124 173.76836 0 155.08773 228.61895 380.01201000000003 476.44994 441.55681 469.94794 498.03229 512.73265 508.90639999999996 473.19463 328.66386 180.96436 646.67247 825.96136 854.41011 619.60369 703.05804 715.39734 662.15932 632.95108 595.35621 603.54666 848.31869 888.1233 1060.14213 1021.25053 847.94352 1086.8472 
980.06734 925.99997 1031.77855 1012.97287 973.18867 816.77036 758.10369 843.5239 848.10404 766.20691 756.67572 703.04404 544.3513 419.29038 488.64071 455.79673 518.21084 328.85609 155.08773 0 85.89929 237.29235 434.37487999999996 361.60758 360.35298 525.04 622.43903 519.96462 578.92853 426.00363 277.35579 671.05123 854.84955 857.01346 468.28486 560.33838 560.30961 507.81245 491.82275000000004 440.26848 469.48636 700.28512 752.27507 918.64808 871.73589 692.8557900000001 932.17436 
905.11053 840.10068 949.40691 930.70922 888.04995 731.69356 673.3153500000001 765.09622 764.59376 707.03723 696.65317 633.23217 544.965 399.41886 488.25454 541.69602 527.06296 355.86595 228.61895 85.89929 0 151.39306 394.55901 396.10159 446.25227 582.63764 665.332 605.15848 664.40257 511.90292 191.4565 642.52103 825.55421 816.05911 391.34823 474.43909 493.60932 467.398 419.39534 396.96052000000003 430.10983 658.40544 732.3646 885.25635 836.70043 624.9292 858.22825 
804.40098 769.23794 878.50487 860.50681 884.94056 730.32012 668.20814 810.04691 777.96338 782.65207 802.05854 706.26307 598.5507 550.8119200000001 639.6476 631.05097 678.13052 496.2299 380.01201000000003 237.29235 151.39306 0 281.62815 306.6881 527.33773 560.5843 681.21914 653.02487 715.05058 562.12568 342.84951 776.58636 957.27508 936.05188 306.38277 414.06406 375.89288 316.31038 288.09873 305.47427 318.82701 568.25908 581.61105 734.70058 705.40382 508.57721000000004 754.88155 
912.82728 935.69391 1039.19474 1023.57951 1127.08473 977.84091 928.14221 1078.29743 1036.49111 1064.13562 1071.16662 987.28896 875.82196 793.93005 864.15934 821.17514 891.82743 650.20641 476.44994 434.37487999999996 394.55901 281.62815 0 72.7673 245.70958 382.42538 550.47385 561.40915 637.66807 519.44177 563.73881 1037.08004 1219.95911 1208.68537 504.4845 611.66826 497.34937 397.91651 395.2821 417.76199 244.06934 470.34377 432.51159 631.38728 669.71541 610.03989 860.71397 
981.42954 999.24291 1103.90434 1087.92434 1175.33089 1023.85599 972.39232 1112.6657300000002 1081.87117 1086.4781600000001 1092.75476 1012.95117 885.14207 779.0443 845.48534 791.43702 868.40472 614.34105 441.55681 361.60758 396.10159 306.6881 72.7673 0 306.17733 309.65808 477.75535 489.08466 566.10502 446.67447 549.45084 1031.645 1215.4433199999999 1211.61965 558.89221 666.5735 561.48431 465.09077 459.84461 476.24349 316.83664 542.899 496.59033 698.79578 742.48271 677.43489 929.33179 
1145.0663299999999 1142.65274 1249.92117 1232.87546 1281.6690899999999 1127.41291 1059.43384 1200.65755 1176.1323 1124.98443 1117.0286999999998 1058.96114 904.46681 767.98394 798.77047 718.76119 809.32709 597.69351 469.94794 360.35298 446.25227 527.33773 245.70958 306.17733 0 164.68702 366.00930999999997 315.69957 392.73614 280.42479 637.70877 1013.40652 1195.34301 1209.41139 687.35062 795.03191 712.94974 643.62609 640.99168 615.16455 482.79734 716.05335 664.26378 872.34866 900.71996 847.93308 1092.95302 
1290.93338 1301.94325 1408.14566 1392.48686 1445.06968 1290.9044199999998 1223.04606 1347.73386 1333.70804 1287.61016 1264.57424 1215.8698100000001 1049.52334 900.80119 909.01443 811.16123 910.10413 625.7067 498.03229 525.04 582.63764 560.5843 382.42538 309.65808 164.68702 0 201.32229 302.93617 315.22271 397.75769 673.68316 1138.16682 1316.84054 1341.16196 849.8798 957.56109 867.98024 773.50979 765.91297 774.92742 626.49472 842.55216 759.33638 968.48882 1003.60591 984.79724 1238.84868 
1449.5908399999998 1444.25062 1552.34853 1535.05835 1550.95618 1394.50327 1325.54296 1424.9325 1429.87128 1328.4138 1306.37694 1277.81373 1089.45504 921.39193 894.12093 777.12888 882.48894 602.90178 512.73265 622.43903 665.332 681.21914 550.47385 477.75535 366.00931 201.32229 0 111.40229 149.65515 196.4354 693.53544 1138.93809 1308.9972200000002 1350.18218 983.93993 1087.82547 1020.5546 930.4985 918.48733 918.01472 794.54319 1020.0350800000001 944.7839200000001 1153.32439 1183.53161 1142.68292 1397.75688 
1434.23767 1413.13199 1522.26377 1504.37522 1492.99591 1336.73498 1256.89385 1362.72061 1368.06866 1243.47943 1219.16444 1199.76891 1002.18719 828.45888 790.84854 687.32108 775.88958 500.54187 508.90639999999996 519.96462 605.15848 653.02487 561.40915 489.08466 315.69957 302.93617 111.40229 0 261.05744 307.83768999999995 608.46603 1038.4063 1206.63731 1251.09306 950.32348 1050.70807 1001.25618 917.84722 901.67736 895.5620200000001 791.58108 1030.15047 976.88604 1183.44737 1199.75352 1128.51906 1382.75201 
1507.87539 1481.76309 1591.38456 1573.04376 1550.06759 1394.63573 1329.80124 1400.95347 1421.3086 1282.39748 1255.80022 1235.94758 1040.85104 868.21548 813.23353 679.05284 786.77514 522.01438 473.19463 578.92853 664.40257 715.05058 637.66807 566.10502 392.73614 315.22271 149.65515 261.05744 0 152.9249 650.24014 1058.60935 1220.43244 1280.9274 1019.42264 1118.99524 1076.96868 991.87138 974.90141 965.19292 867.65609 1106.92832 1053.47165 1260.2462 1276.75513 1202.06516 1455.76208 
1360.6913399999999 1330.61971 1440.24118 1422.63249 1398.26982 1242.21492 1177.13668 1254.06333 1270.64219 1143.82696 1118.98875 1093.74494 905.38625 729.75594 697.71564 580.69348 686.05354 406.49649 328.66386 426.00363 511.90292 562.12568 519.44177 446.67447 280.42479 397.75769 196.4354 307.83768999999995 152.9249 0 509.62822 943.09611 1112.58293 1154.94686 868.50845 966.07034 927.70985 866.75574 830.08373 815.71999 733.97204 983.40411 943.2647999999999 1145.42786 1181.14475 1057.20975 1309.8970199999999 
1050.16202 957.03198 1063.5933 1044.36495 928.22033 777.07262 714.1680700000001 754.25458 882.6008 635.2006 615.6084000000001 591.56448 408.29055 262.74441 301.6566 389.17758000000003 336.46047 202.39837 180.96436 277.35579 191.4565 342.84951 563.73881 549.45084 637.70877 673.68316 693.53544 608.46603 650.24014 509.62822 0 506.27797999999996 671.02924 682.58762 542.10365 604.65295 662.47063 633.67176 599.22828 545.55818 621.51699 847.10327 923.29922 1076.71285 1012.00848 789.43327 1006.95557 
1235.92131 1074.74027 1159.39915 1140.63285 852.29852 750.08886 653.4047 598.65094 710.39499 375.74122 306.15478 397.86036 243.52938 302.30246 252.89874 395.32663 307.26249 540.73158 646.67247 671.05123 642.52103 776.58636 1037.08004 1031.645 1013.40652 1138.16682 1138.93809 1038.4063 1058.60935 943.09611 506.27797999999996 0 183.79832 297.22384999999997 836.61502 825.78937 968.1561 985.27195 948.00563 879.01517 1035.21913 1215.39508 1339.8621 1454.30789 1355.18505 1066.70057 1207.05209 
1362.53315 1183.64891 1258.62842 1241.52828 910.37596 834.18508 749.75621 642.80109 779.50148 417.77679 366.20023 499.50379 390.8232 486.10078 436.69705999999996 542.72119 434.89933 706.09544 825.96136 854.84955 825.55421 957.27508 1219.95911 1215.4433199999999 1195.34301 1316.84054 1308.9972200000002 1206.63731 1220.43244 1112.58293 671.02924 183.79832 0 124.78175 983.90793 972.03661 1126.44042 1151.62508 1114.59836 1044.59276 1211.04091 1381.44429 1514.9332200000001 1620.31345 1514.40171 1214.09662 1334.67026 
1267.96417 1085.65349 1155.18412 1138.09755 794.27176 728.26477 643.8264 527.26721 667.96481 311.00491999999997 241.41848 374.72204 342.1711 441.53741 467.69387 606.05075 501.70422 758.91302 854.41011 857.01346 816.05911 936.05188 1208.68537 1211.61965 1209.41139 1341.16196 1350.18218 1251.09306 1280.9274 1154.94686 682.58762 297.22384999999997 124.78175 0 928.3387700000001 904.2746999999999 1068.4653 1101.35616 1063.95024 993.27085 1175.02119 1328.0853200000001 1472.82567 1565.18335 1451.77393 1143.38024 1246.13625 
513.98585 462.85517 572.47664 559.35728 631.96353 513.53385 452.64532 624.66549 550.12418 685.76481 719.67035 599.88135 593.08564 620.17357 777.49989 821.72683 853.74919 736.02575 619.60369 468.28486 391.34823 306.38277 504.4845 558.89221 687.35062 849.8798 983.93993 950.32348 1019.42264 868.50845 542.10365 836.61502 983.90793 928.3387700000001 0 107.68129 157.57143000000002 208.95415000000003 156.14856 215.56934 321.48726 405.33062 571.81049 640.7946 530.64723 252.12765 481.73427 
447.28988 366.48735 476.07029 457.41721 524.28224 515.5386500000001 425.4772 547.6812 458.1833 638.80361 692.39612 571.57781 584.99648 644.8376800000001 811.12907 871.11506 870.89485 807.05132 703.05804 560.33838 474.43909 414.06406 611.66826 666.5735 795.03191 957.56109 1087.82547 1050.70807 1118.99524 966.07034 604.65295 825.78937 972.03661 904.2746999999999 107.68129 0 186.83027 267.03252 247.82053000000002 196.82234 418.79103 457.97738 643.21354 683.9403500000001 594.69519 352.21394 406.51504 
432.98149 440.41759 547.10999 527.55038 692.19217 603.7541100000001 555.05123 734.49181 640.57589 817.83028 859.33761 750.4824500000001 735.62006 759.65034 913.20133 948.69015 967.09726 848.52039 715.39734 560.30961 493.60932 375.89288 497.34937 561.48431 712.94974 867.98024 1020.5546 1001.25618 1076.96868 927.70985 662.47063 968.1561 1126.44042 1068.4653 157.57143000000002 186.83027 0 101.6085 102.06727 121.00167 267.49707 272.40069 456.38327 508.53112000000004 438.15696 195.67571 392.70289 
519.10775 542.0260900000001 642.53219 627.43371 785.94931 655.13683 633.67798 809.73731 725.17742 871.26633 902.81821 786.23173 762.82365 761.43048 904.07048 927.35376 953.86176 807.12653 662.15932 507.81245 467.398 316.31038 397.91651 465.09077 643.62609 773.50979 930.4985 917.84722 991.87138 866.75574 633.67176 985.27195 1151.62508 1101.35616 208.95415000000003 267.03252 101.6085 0 157.56327 172.38439 329.63653999999997 312.80201999999997 384.91674 469.05731 441.42093 247.05843000000002 472.11779 
534.07167 540.42132 644.2285 628.42686 768.37951 634.05222 606.82165 780.48504 701.16282 837.52925 868.02698 752.07657 725.859 725.258 898.4432800000001 890.81293 917.7578 775.14648 632.95108 491.82275000000004 419.39534 288.09873 395.2821 459.84461 640.99168 765.91297 918.48733 901.67736 974.90141 830.08373 599.22828 948.00563 1114.59836 1063.95024 156.14856 247.82053000000002 102.06727 157.56327 0 148.29442 321.43061 312.31251 517.10886 523.1473900000001 417.30509 227.16375 482.23771 
546.54862 527.48819 634.75662 617.77573 721.1045799999999 578.52016 547.33405 717.79866 645.29134 768.92254 797.8055 682.86177 655.93421 658.43777 809.49496 833.86421 862.49528 728.5615 595.35621 440.26848 396.96052000000003 305.47427 417.76199 476.24349 615.16455 774.92742 918.01472 895.5620200000001 965.19292 815.71999 545.55818 879.01517 1044.59276 993.27085 215.56934 196.82234 121.00167 172.38439 148.29442 0 226.34624 336.89417 487.12648 575.72069 481.20154 252.58731 497.09119999999996 
668.75794 706.07347 805.92551 791.31313 943.07327 803.93611 773.36354 941.81381 871.58717 975.85681 999.25041 893.0690999999999 861.19451 793.79885 914.58607 909.06167 956.5668699999999 766.11429 603.54666 469.48636 430.10983 318.82701 244.06934 316.83664 482.79734 626.4947199999999 794.54319 791.58108 867.65609 733.97204 621.51699 1035.21913 1211.04091 1175.02119 321.48726 418.79103 267.49707 329.63653999999997 321.43061 226.34624 0 249.43207 306.22116 488.34488 489.92157 365.97055 616.64463 
508.74194 612.5960600000001 695.07385 683.53709 942.65088 828.91281 823.18758 1004.1286 904.17743 1089.10707 1124.82539 1003.055 991.93748 989.55797 1127.56901 1156.08185 1183.56374 1006.9602600000001 848.31869 700.28512 658.40544 568.25908 470.34377 542.899 716.05335 842.55216 1020.0350800000001 1030.15047 1106.92832 983.40411 847.10327 1215.39508 1381.44429 1328.0853200000001 405.33062 457.97738 272.40069 312.80201999999997 312.31251 336.89417 249.43207 0 204.83023 238.91281 240.55927 278.71297000000004 460.26297 
700.86447 816.4759 893.76783 884.48152 1137.42606 1019.15685 1011.2438000000001 1189.85512 1096.9591599999999 1255.19647 1284.45684 1169.76377 1131.43133 1099.90361 1219.33464 1206.98176 1259.42756 1053.713 888.1233 752.27507 732.3646 581.61105 432.51159 496.59033 664.26378 759.33638 944.7839200000001 976.88604 1053.47165 943.2647999999999 923.29922 1339.8621 1514.9332200000001 1472.82567 571.81049 643.21354 456.38327 384.91674 517.10886 487.12648 306.22116 204.83023 0 209.28926 281.75892 472.41483 654.96505 
599.76615 756.52515 812.99598 807.85908 1123.98957 1025.08664 1037.64045 1219.63543 1116.68391 1319.68831 1358.11275 1233.65689 1230.28917 1227.18353 1361.94453 1365.75155 1407.53611 1224.61655 1060.14213 918.64808 885.25635 734.70058 631.38728 698.79578 872.34866 968.48882 1153.32439 1183.44737 1260.2462 1145.42786 1076.71285 1454.30789 1620.31345 1565.18335 640.7946 683.9403500000001 508.53112 469.05731 523.1473900000001 575.72069 488.34488 238.91281 209.28926 0 153.53371 474.55705 563.10053 
449.15499 603.0663 660.26218 654.77247 976.2247 880.60199 899.30113 1081.03221 967.8971300000001 1193.96416 1242.50152 1108.4529 1123.59881 1139.59835 1284.88867 1303.20504 1334.76443 1192.45157 1021.25053 871.73589 836.70043 705.40382 669.71541 742.48271 900.71996 1003.60591 1183.53161 1199.75352 1276.75513 1181.14475 1012.00848 1355.18505 1514.40171 1451.77393 530.64723 594.69519 438.15696 441.42093 417.30509 481.20154 489.92157 240.55927 281.75892 153.53371 0 321.02334 410.72863 
306.90792 353.92017 445.83298 432.845 670.12944 580.35034 580.36708 761.2101700000001 646.87379 876.19891 921.47818 791.2599 825.7325 870.02327 1029.62754 1072.59444 1103.53692 980.79515 847.94352 692.8557900000001 624.9292 508.57721000000004 610.03989 677.43489 847.93308 984.79724 1142.68292 1128.51906 1202.06516 1057.20975 789.43327 1066.70057 1214.09662 1143.38024 252.12765 352.21394 195.67571 247.05843000000002 227.16375 252.58731 365.97055 278.71297000000004 472.41483 474.55705 321.02334 0 255.07396 
52.11331 211.96358 250.05127 258.82235 609.78629 561.74416 616.36907 783.47564 643.72818 951.6341199999999 1008.78206 873.67525 963.55831 1047.27234 1215.33215 1277.61896 1275.43016 1209.35394 1086.8472 932.17436 858.22825 754.88155 860.71397 929.33179 1092.95302 1238.84868 1397.75688 1382.75201 1455.76208 1309.8970199999999 1006.95557 1207.05209 1334.67026 1246.13625 481.73427 406.51504 392.70289 472.11779 482.23771 497.09119999999996 616.64463 460.26297 654.96505 563.10053 410.72863 255.07396 0 
