96
index44 index14 index142 index124 index198 index22 index86 index133 index39 index157 index21 index6 index63 index172 index49 index167 index109 index23 index90 index11 index118 index115 index130 index96 index26 index58 index92 index158 index159 index88 index152 index114 index18 index121 index57 index15 index9 index112 index199 index32 index5 index108 index52 index66 index144 index55 index56 index156 index129 index106 index20 index131 index99 index190 index19 index169 index42 index40 index50 index134 index186 index95 index10 index89 index80 index60 index171 index107 index113 index3 index110 index27 index97 index125 index17 index164 index67 index4 index126 index150 index141 index0 index187 index62 index196 index37 index174 index24 index69 index165 index137 index81 index170 index168 index76 index155
0 119.45343 158.91755999999998 126.60328000000001 149.50599 251.4262 307.27025 475.33274 527.55889 682.27009 658.54007 571.85659 639.69033 676.24285 771.68407 748.94398 788.12853 874.6412499999999 1017.28155 1049.55242 1077.55154 1064.98364 1138.7601399999999 1155.8423 1078.98531 974.7696 925.78269 828.19582 943.11377 1100.09533 1071.8964500000002 1010.76633 955.11595 925.71447 818.17844 829.58089 644.88506 568.91283 498.62108 451.30652 511.84186 633.88741 303.34319 333.52356 235.18583 563.81948 620.37106 732.9292399999999 720.5907199999999 564.64866 594.61138 647.3085 679.04923 822.00482 976.97683 1049.35721 1095.63663 1188.02421 1258.54947 1198.28523 1183.75449 1111.22726 1200.7767 1310.92358 1272.5224199999998 1244.59332 592.7317499999999 473.25806 613.36722 604.70757 633.38224 511.385 425.92785000000003 461.22398 343.55223 243.12517 239.69842 346.8745 369.81005 456.24915 320.77134 229.91152 860.90788 906.47273 984.81783 992.29154 982.5511 944.52307 899.50456 823.79974 962.11276 1061.36655 1110.7326699999999 1073.73708 576.81767 310.03457 
119.45343 0 39.46413 134.87226 233.8263 278.29132 317.83041 480.13777 536.12621 683.76466 682.02766 617.37154 688.65287 734.73506 807.3847900000001 792.20752 834.867 924.4293600000001 1065.7717 1088.86155 1107.2192 1083.5119300000001 1150.45246 1162.64871 1087.56175 996.86688 953.20592 865.1221700000001 973.49245 1152.43216 1130.7369 1080.56619 1028.07602 997.1774 897.96827 926.93856 751.81803 677.70422 603.13874 551.53791 600.3137899999999 701.2776 413.8275 442.54577 354.63926000000004 683.17487 739.00034 852.07242 840.04415 683.76295 710.53764 760.98067 791.0351 929.67356 1080.89434 1139.47692 1185.36147 1265.88985 1336.10148 1277.53099 1266.31784 1190.78926 1272.79826 1372.28492 1321.57779 1278.06974 697.67641 453.0238 566.22628 539.18778 565.54054 434.15833 331.00689 347.32968 226.27778 139.24066 123.95472 255.16214 275.81334 336.79572 253.31369999999998 191.08392 817.35858 860.70994 947.33977 962.46987 955.61261 919.5876499999999 872.4388899999999 807.86387 959.33223 1052.477 1099.63399 1024.18623 532.78428 389.72111 
158.91755999999998 39.46413 0 102.42128 201.37532 240.02433 281.78967 446.04591 501.61919 651.1179500000001 645.65924 578.35293 650.2193100000001 695.43178 769.10717 753.9524399999999 796.14214 885.52762 1027.02634 1051.04054 1070.49667 1048.41579 1116.34332 1129.48354 1054.0087 961.07964 916.65672 826.85518 936.58949 1113.79014 1091.27277 1041.10206 988.6423 957.72541 858.50414 888.94398 716.69819 644.59468 567.72424 512.35855 560.84966 661.81348 374.36337000000003 409.13236 334.80609 659.53305 718.6668999999999 828.88076 816.73475 657.78471 680.21055 728.88662 758.82435 894.84651 1044.83644 1100.05667 1146.82085 1226.42572 1296.63735 1238.06686 1227.17558 1151.50912 1233.34208 1333.01892 1283.32271 1240.97099 662.39649 425.36532 545.23549 524.76871 551.86158 424.74193 327.70028 361.59916 258.53471 166.78285 163.41885 294.62627 315.09763 376.25985000000003 233.7995 163.42257 795.98194 839.98533 924.3342 937.3803700000001 929.70451 893.10121 846.4353900000001 778.97771 927.80832 1022.31876 1070.03737 1004.42206 510.74443 383.0824 
126.60328000000001 134.87226 102.42128 0 98.95404 205.88139999999999 268.75881 431.58106000000004 481.44638000000003 632.56133 607.87578 522.09703 591.8064899999999 628.42298 721.3254 698.32524 737.52756 825.35336 968.29484 999.65428 1027.08125 1014.32345 1087.79925 1107.14208 1029.1866 924.11038 875.20565 777.9516 893.78532 1053.11554 1023.3022 965.74241 910.42072 881.04708 775.81704 794.73415 616.94577 542.8342 468.71126000000004 416.66565 471.92395 590.08282 324.63816 307.71477 247.10407 560.59938 623.2535 730.21174 718.74302 566.06166 577.79082 626.9805200000001 656.40307 795.12671 946.87393 1010.9885199999999 1057.40437 1145.22988 1215.7561300000002 1156.73275 1142.75483 1072.81565 1155.99929 1264.48844 1223.16248 1194.62795 563.08714 427.23509 574.2728900000001 569.87888 598.04873 481.97897 400.34495 456.29307 360.24646 264.89576 258.82698 390.0344 402.95453 471.66798000000006 293.67625 194.05802 818.4216 864.62571 940.4074 946.326 936.45147 897.54711 853.15822 776.27451 912.48806 1012.77388 1065.4875 1033.19407 535.4002 315.50519 
149.50599 233.8263 201.37532 98.95404 0 106.92736 169.80477 332.62702 382.49234 538.28866 509.34475 423.96626 492.85245 533.71248 622.42918 600.33609 640.68066 730.62646 871.76366 901.24263 928.1305 915.86644 990.03096 1009.34678 931.35316 825.4063 776.27746 679.60326 794.8891 955.49141 929.6031800000001 875.71792 822.35998 791.85433 696.11483 729.68778 564.14972 495.2855 417.09808000000004 353.19761 395.23365 496.57457 252.04788 269.82587 293.10211000000004 582.96452 632.58338 728.68617 718.84154 547.28664 548.90193 589.1795 614.09561 741.83396 886.62009 934.0269699999999 980.65055 1059.61993 1129.88126 1071.1627 1062.03599 984.55463 1067.49225 1170.73173 1126.42843 1095.98543 509.00303 350.92481 504.16912 516.00352 544.67001 444.73927 382.73451 470.71347 426.57547 331.94078 322.50637 474.1554 482.05469 506.78867 269.84868 158.95549 742.82297 788.86243 860.36399 862.65725 851.66806 811.39476 768.37481 686.7009 818.20122 919.37003 969.55241 959.66912 465.78579 378.97361 
251.4262 278.29132 240.02433 205.88139999999999 106.92736 0 62.87741 225.81151 276.52215 431.94541 409.57753 339.08022 410.36155 463.73964 529.09347 513.92811 556.87019 646.52316 787.48038 812.1310000000001 832.52557 815.20339 887.33394 904.4161 827.55911 726.05765 685.56387 586.83085 698.2852 874.7773099999999 855.39115 811.84384 763.23168 730.64705 641.66832 702.98964 567.7603799999999 508.13658 422.76882 351.96058 375.61850000000004 434.81937 145.12052 309.44018 383.93226 618.66289 698.7104 781.6202099999999 772.42337 599.3637200000001 581.4981 610.91825 629.5605899999999 740.83642 873.63418 897.4109699999999 941.38917 1003.76794 1073.25275 1016.85808 1009.99368 931.19684 1005.40621 1097.1296 1043.29838 1002.0734 512.80339 243.99745 410.34893 435.43067 463.89908 381.0162 346.36898 463.87262 457.80645 388.95961 383.36758000000003 527.73248 547.84189 526.93024 246.18224 141.58385 642.13931 688.34342 756.7465199999999 756.7919 744.7707 705.27039 663.32779 579.93306 711.90832 812.55452 862.73996 859.57341 371.51022 481.09603 
307.27025 317.83041 281.78967 268.75881 169.80477 62.87741 0 174.7733 227.11912999999998 375.24398 364.20868 312.10963 383.94168 442.10891 490.33141 483.85393 527.44338 617.44557 756.9723700000001 773.69915 789.61884 766.62612 836.04764 851.09961 776.83078 679.4297700000001 635.4268 548.43894 656.01238 845.32536 831.62329 796.03109 752.33809 717.28512 637.5376 715.33395 596.95767 542.29465 457.43768000000006 382.90673000000004 401.70606000000004 425.75235 180.42178 358.99731999999995 446.518 671.03387 753.19011 831.39852 822.7647299999999 648.92086 623.69521 647.95551 663.39501 765.27833 890.46045 894.81609 941.94956 992.74234 1061.37954 1006.3715 1003.08062 922.37641 989.99089 1072.62718 1010.9034 960.7862 542.43177 181.31841 349.9979 381.34644 409.47519 338.11406 392.82559000000003 452.63992 473.38562 416.7264 403.33855 558.21376 575.59998 530.21272 228.54035 183.27339 579.44264 625.58096 693.86911 694.40754 682.66501 643.34125 600.45038 519.04194 655.2120199999999 754.0963 803.80941 796.98621 311.12621 543.94573 
475.33274 480.13777 446.04591 431.58106000000004 332.62702 225.81151 174.7733 0 56.76245 207.01952 213.13854 218.49735 283.83104000000003 354.73649 351.41789 357.96275 407.43431000000004 494.37594 624.18602 629.53093 635.14203 610.77673 670.36407 683.82507 608.8286 519.7066500000001 480.91018 406.2865 504.13341 716.71531 715.80026 699.8485 665.89687 629.62161 576.25446 695.03077 626.06348 609.0980400000001 523.34869 448.81774 399.70655 365.26721 321.26954 461.09804 594.9712 770.01552 857.81934 921.72902 911.1547 738.94647 691.0152 699.04465 704.65158 776.22417 876.6566499999999 837.33207 883.07822 904.2283 969.8936799999999 919.64406 923.79457 840.18819 893.81283 952.40482 874.74686 808.20141 577.48041 99.89371 269.63778 332.93437 356.04279 346.46427 384.26905 537.03542 605.50713 566.23218 552.0144300000001 708.34762 723.78172 639.77312 322.19257 295.98905 469.12138 492.09988 547.03094 551.14289 525.57367 485.22133 467.18403 383.60287 486.78003 586.74301 636.92845 662.89268 239.54731999999998 699.72723 
527.55889 536.12621 501.61919 481.44638000000003 382.49234 276.52215 227.11912999999998 56.76245 0 156.06295 269.90099 187.80355 242.89986 319.06144 294.65544 309.27276 358.63303 446.18176 571.4292 577.32656 578.52439 558.06731 619.62875 629.32311 554.71322 462.9442 424.35808 352.02641 467.11536 664.40654 666.64471 656.21901 625.72011 588.96909 545.84718 677.01267 624.15551 594.79748 516.0760300000001 443.86344 398.4322 339.59227 308.49133 486.9011 635.5027 789.75646 879.45316 932.2705 926.5047 762.82779 701.26449 703.35999 705.54813 765.85803 857.21591 804.58829 849.51857 861.74603 926.21471 877.60512 883.93531 799.85594 845.64994 900.9524 820.55288 751.66753 578.28873 156.65616 274.25854 355.60402 376.27427 384.48082 432.85053 587.14029 662.2695799999999 622.9946299999999 608.7446600000001 765.11007 780.49103 693.9632899999999 378.95502 352.71459 442.05934 471.3478 517.08558 503.93745 488.14336 447.23975 410.42158 330.89345000000003 435.70888 544.4253100000001 588.72034 640.85249 243.08311 741.93292 
682.27009 683.76466 651.1179500000001 632.56133 538.28866 431.94541 375.24398 207.01952 156.06295 0 125.91293 253.83165 270.56789000000003 347.69615 360.88052000000005 290.11556 338.76316 392.35417 497.45772999999997 474.62151 458.90136 466.66019 473.72518 478.94307 404.47731 375.02047 311.16618 275.49339 339.3434 603.47903 614.67718 625.14031 610.31593 578.06366 564.37246 724.14963 717.29897 703.87249 629.55223 563.63389 501.20704 392.09135000000003 464.55428 627.4194 788.73 919.3548 1011.4259099999999 1053.1399099999999 1047.43191 882.18845 815.15717 807.11693 802.55311 838.5316300000001 903.45386 815.4953999999999 852.09408 830.95529 888.72188 848.21585 862.61854 778.63261 801.79885 826.887 726.14345 631.61706 679.18308 306.91323 309.96011 386.42023 392.28575 451.61615 529.3175 684.54935 787.93848 760.92646 751.10668 903.14108 919.8087400000001 803.2247199999999 498.43275 503.00857 329.70023 368.83804 390.51687 370.61303999999996 346.76929 305.6157 277.14453 283.77979999999997 279.96804 388.68447 432.92617 525.2968 271.08742 896.41751 
658.54007 682.02766 645.65924 607.87578 509.34475 409.57753 364.20868 213.13854 269.90099 125.91293 0 141.85858 145.42090000000002 222.54916 234.96759 164.20263 212.85023 301.11163 414.39612 466.54173 425.51133 406.53314 496.80422999999996 505.51906 427.55636 316.50536 375.35052 261.14281 381.5571 527.6069600000001 514.9252 516.47358 494.9646 457.89591 439.86284 598.30254 599.72283 590.50531 523.56592 471.86954000000003 391.41396 266.6253 394.31174 549.5839599999999 728.76538 821.14609 913.12346 944.8548999999999 941.5879 781.23055 706.64999 693.178 685.7654 713.26118 779.8629000000001 689.58247 732.26386 722.85156 784.58473 739.61812 751.11323 666.77908 700.6362 745.66836 662.41407 599.07119 563.64015 291.52464 383.02257 480.10809 495.08029999999997 529.92388 588.35064 743.46522 818.64567 776.173 762.05618 918.3678500000001 934.64465 851.10553 534.75259 505.07712 455.16611 494.75097000000005 507.27575 474.73225 453.35351 413.32864 403.05746 409.69273 340.87021 449.42756 502.1953 645.69587 370.2675 840.2515 
571.85659 617.37154 578.35293 522.09703 423.96626 339.08022 312.10963 218.49735 187.80355 253.83165 141.85858 0 71.86638 167.98058 205.86132 276.62628 230.78602 320.34838 448.69192 477.76968 512.31442 515.64578 599.48388 628.68379 551.12631 421.66738 365.45784000000003 272.67220000000003 377.96364 535.69709 519.51404 491.66558 450.21942 414.45395 358.26575 489.20912 463.65314 450.04084 382.35635 330.01096 255.80666000000002 151.78872 289.74263 411.64547 608.0537 684.53656 771.77849 803.27088 799.72932 639.37197 565.27322 553.96119 549.19301 589.3621 672.01554 619.06196 664.6791 690.46153 757.44552 705.26521 707.20608 624.15326 682.1437 760.6019 705.78778 674.29945 425.35143000000005 317.78002 458.23952 543.40757 563.72918 564.58129 596.29472 744.81449 785.28895 726.40818 713.35731 866.24436 884.59235 837.48514 519.38189 469.28871000000004 583.53188 620.87186 643.64905 616.59083 593.69821 553.28451 528.41705 499.53499 482.72879 588.41377 641.13187 779.1284499999999 430.88666 721.01836 
639.69033 688.65287 650.2193100000001 591.8064899999999 492.85245 410.36155 383.94168 283.83104000000003 242.89986 270.56789000000003 145.42090000000002 71.86638 0 96.1142 154.27804 208.39120000000003 158.91964000000002 248.48200000000003 390.01516000000004 411.91145 451.85701 466.46686 553.68661 591.42187 514.90944 372.35148 313.87456 200.80582 321.20927 464.47169 447.70239 419.7992 385.12745 348.04122 304.92377 455.58414 460.67952 463.14419 401.04153 357.18778 268.91001 140.50940000000003 344.62783 456.18274 662.30606 703.97916 796.05027 816.20144 813.9423899999999 660.83286 577.84669 565.9031600000001 552.05647 568.13041 634.442 562.54984 607.2022 623.09374 689.53695 638.33307 642.41102 558.93548 613.76353 688.73552 633.9214 610.65155 428.71833 380.53694 505.9399 596.17033 614.77224 626.0690199999999 663.54004 813.53657 856.09553 798.0179 785.13355 938.09403 956.24807 907.26389 589.57617 533.52975 600.2132 638.71595 650.5812800000001 614.83603 592.44976 553.33693 534.31577 427.66861 457.9518 565.59706 617.71594 790.13573 485.98297 775.55247 
676.24285 734.73506 695.43178 628.42298 533.71248 463.73964 442.10891 354.73649 319.06144 347.69615 222.54916 167.98058 96.1142 0 183.76864 254.5336 207.25126999999998 204.09411 347.35278 395.21664 449.81368 481.74178 572.1899 612.10124 537.05255 390.38635 326.53206 273.56721 328.24556 424.69256 421.4637 354.12755 313.19909 277.69847 361.03324999999995 495.9233 410.05601 420.24905 380.55182 334.52875 244.63625 208.8965 377.73681 456.30352 672.66774 675.84465 766.74092 775.65628 774.59805 630.25218 554.12408 511.51369 538.35848 502.08979 559.88531 485.52685 530.45713 553.89899 621.87402 568.47705 571.41547 486.98704 548.09188 637.58714 598.34269 596.54198 414.18103 453.19385 583.6759099999999 674.21151 692.14603 700.5551399999999 733.40305 881.4187999999999 913.36655 849.80301 837.63163 987.70127 1006.93471 972.3216299999999 654.59759 591.10102 677.3684599999999 715.90908 719.3854100000001 678.71619 653.14697 615.62978 605.3386300000001 505.14982999999995 506.68429000000003 609.86532 660.83552 856.99506 559.01638 785.32508 
771.68407 807.3847900000001 769.10717 721.3254 622.42918 529.09347 490.33141 351.41789 294.65544 360.88052 234.96759 205.86132 154.27804 183.76864 0 70.76496 100.70755 190.71179999999998 331.80307 283.7097 306.4531 312.46868 399.40857 439.98482 362.87654999999995 218.26993 159.59652 167.70514 172.45992 370.69005 381.29052 395.37908 384.73092 348.60399 363.08754 542.69981 593.68995 602.91047 550.64382 503.15477 417.95347 253.31934 486.98512 610.07075 812.91732 854.08602 945.63918 958.8672 957.52741 809.72708 722.08659 695.26743 682.37585 685.85843 712.30182 594.9458500000001 630.82039 601.79024 663.76796 617.4398 633.46199 551.3321100000001 572.1318 609.04071 526.45372 474.28427999999997 568.42424 428.58718 507.78502 607.80435 620.36169 666.67895 725.45009 880.83977 952.28266 905.86671 892.0902 1047.80633 1064.73756 987.9374600000001 673.5432400000001 635.29501 533.48858 564.94787 554.4095 516.56711 490.99789 450.88214 452.01022 420.79368999999997 322.91565 426.65653 477.31047 698.06113 495.33736999999996 926.05264 
748.94398 792.20752 753.9524399999999 698.32524 600.33609 513.92811 483.85393 357.96275 309.27276 290.11556 164.20263 276.62628 208.39120000000003 254.5336 70.76496 0 49.47156 136.909 273.9541 302.3391 343.67418 366.63063 456.40859 495.59227 420.09857 273.87738 211.14789000000002 96.94018 217.35447 363.40433 357.84996 353.26699 332.24694 295.30759 295.76761 485.83146 525.11602 545.72067 489.17903 446.31097 358.51601 246.89647000000002 453.61745 572.26268 770.46628 792.14422 883.24949 892.37527 891.43814 746.87102 656.35736 627.49997 647.98308 635.13228 643.97239 532.66226 573.77481 558.7067 621.20606 575.41549 587.05204 502.57645 537.93577 594.93074 529.37027 501.42727 501.72312 447.34339 547.2252 644.31072 659.21473 690.76761 741.59303 894.9981700000001 951.89329 898.6569099999999 885.36057 1039.5264900000002 1057.53919 995.77593 677.22102 631.07708 594.80751 628.17396 622.23562 577.60407 553.39698 517.33791 517.15784 404.89337 393.47029 496.51709 546.77661 765.33586 534.4701299999999 883.6993 
788.12853 834.867 796.14214 737.52756 640.68066 556.87019 527.44338 407.43431000000004 358.63303 338.76316 212.85023 230.78602 158.91964000000002 207.25126999999998 100.70755 49.47156 0 90.00425 231.09552 269.23817 337.10226 358.63859 449.55134 490.73893 420.13398 269.04982 205.19553 146.41174 263.31641 318.26677 312.32726 303.79543 287.26664 250.18041 269.76365 448.58479 521.10456 540.45949 499.42624 462.89077 372.61734 197.42491 488.80026 583.96316 798.2437 802.18883 890.3456600000001 893.26414 892.1 753.65263 666.1921600000001 625.19997 605.44472 587.20462 614.43921 496.52227 533.33552 510.20659 571.7345 526.95176 539.60507 455.27095 489.48661999999996 548.03313 487.88542 470.56351000000006 502.65335 496.81495 595.8728 692.88736 707.57379 740.21661 791.06459 943.913 998.5225499999999 943.20651 930.20353 1083.67147 1101.81099 1043.88284 725.30832 676.5359 633.8974 665.63409 653.9732 606.33346 588.24755 547.09396 540.98735 440.61131 423.6232 527.36408 567.06916 797.62483 577.83676 911.22723 
874.6412499999999 924.4293600000001 885.52762 825.35336 730.62646 646.52316 617.44557 494.37594 446.18176 392.35417 301.11163 320.34838 248.48200000000003 204.09411 190.71179999999998 136.909 90.00425 0 143.25867 195.22135 271.4366 323.98855 415.86344999999994 461.83434 399.04077 247.46297 295.19978 233.84918 173.31216 228.26252 222.32301 278.87962000000005 240.2062 203.11997 262.05613 452.11998 561.21913 589.87507 559.0994 530.86527 440.02411 287.42916 574.39783 660.3976299999999 876.3712 853.89077 942.19677 934.43763 935.6820700000001 805.93147 711.4947999999999 666.37346 640.87459 601.4208 602.51049 449.46182999999996 486.27508 438.60112 496.36771 456.29897 474.62183 391.73578 422.95681 458.02888 397.88117 395.58898 549.30098 581.90937 669.91889 770.70857 782.49264 822.84835 877.32042 1031.16721 1088.26487 1033.1647699999999 1020.14859 1173.67572 1191.74166 1132.68493 814.13002 766.5401499999999 685.57808 711.9262 687.93983 634.7364 609.34261 585.3842199999999 596.6643300000001 530.61556 424.79258 520.92661 557.60674 831.5914600000001 655.37576 988.8111 
1017.28155 1065.7717 1027.02634 968.29484 871.76366 787.48038 756.9723700000001 624.18602 571.4292 497.45772999999997 414.39612 448.69192 390.01516000000004 347.35278 331.80307 273.9541 231.09552 143.25867 0 90.37401 183.90028 278.42487 358.99696 410.48422 366.53447 239.87211 303.7264 221.96434 179.81848 213.6911 297.82162 323.06583 255.20556 237.92565 346.26429 529.86591 669.95532 709.66524 702.35807 666.15509 574.79402 428.52043000000003 717.65214 796.88347 1016.8394 974.92871 1061.39987 1040.1481 1042.71115 925.94793 822.0295 774.29301 745.36534 680.24362 649.15495 455.48683 479.80571 379.84178 423.42149 398.62758 430.19842 429.508 331.78533 333.51649 260.56188 277.39753 667.25315 705.92076 773.73487 875.50605 886.31154 939.70008 1002.71379 1157.85761 1224.4711 1172.61101 1159.31467 1313.4790400000002 1331.4932900000001 1263.95914 946.12053 904.19552 750.71142 770.1530300000001 725.77807 665.71124 640.27686 616.37424 628.65051 551.78784 444.11287 509.37415 548.3341 864.66428 765.3272499999999 1128.83408 
1049.55242 1088.86155 1051.04054 999.65428 901.24263 812.1310000000001 773.69915 629.53093 577.32656 474.62151 466.54173 477.76968 411.91145 395.21664 283.7097 302.3391 269.23817 195.22135 90.37401 0 94.01561 199.88732 268.98355 321.67119 288.34907 174.3878 238.24209 225.30015 136.37219 141.63701 210.34272 305.03926 345.57957 327.21847 436.6383 613.92372 747.36334 785.0964200000001 754.32075 725.75882 634.36019 459.76185 755.79612 851.38864 1067.28174 1047.0294 1134.47157 1119.52058 1121.49469 998.64813 896.65095 852.58698 825.17373 770.61763 739.35753 544.75956 570.0221799999999 456.05315 492.42575 474.77649 516.93679 441.30543 402.14907000000005 365.92335 251.52194 201.32534 741.47367 702.62069 750.11104 852.33984 859.36621 926.08496 998.77629 1153.83045 1235.0380599999999 1189.57309 1175.78195 1331.5160299999998 1348.34722 1265.72882 950.76691 918.93013 698.11985 712.88689 661.63868 601.6224199999999 576.0532 554.41972 571.63164 502.91055 377.4686 431.57905 463.26726 797.04011 744.92037 1180.4654 
1077.55154 1107.2192 1070.49667 1027.08125 928.1305 832.52557 789.61884 635.14203 578.52439 458.90136 425.51133 512.31442 451.85701 449.81368 306.4531 343.67418 337.10226 271.4366 183.90028 94.01561 0 105.87171 175.09668 227.93404 194.33346 126.21536 190.06965 252.1179 230.38779999999997 226.77996 302.16847 399.05487 439.10584 418.42849 514.63082 702.4376199999999 824.32124 853.45972 818.82061 784.2652 693.83523 534.5271700000001 792.53647 903.68631 1113.9781 1121.20509 1205.56804 1197.0447 1198.39489 1072.00035 969.91335 929.08628 903.9767 853.6284 831.65047 638.77517 661.48017 544.88332 576.9438 563.47306 602.07974 533.87276 486.86295 455.06743 319.15968999999996 173.55986 813.26723 697.90592 722.98137 824.47189 828.51061 907.50969 988.21886 1143.44888 1239.4777 1200.91612 1186.7129300000001 1343.12076 1358.92375 1260.72354 951.01762 929.96381 641.21352 652.02619 591.84649 528.56551 502.99629 487.27464 522.35594 455.09581 319.2022 348.78801 376.13309000000004 722.37606 722.61171 1227.37348 
1064.98364 1083.5119300000001 1048.41579 1014.32345 915.86644 815.20339 766.62612 610.77673 558.06731 466.66019 406.53314 515.64578 466.46686 481.74178 312.46868 366.63063 358.63859 323.98855 278.42487 199.88732 105.87171 0 91.8749 144.97886 161.12277 193.02007 155.49401 269.69398 155.79061 331.57611 403.72549 493.62268 533.6304299999999 516.35052 584.97008 774.66445 877.10123 898.53321 855.17832 812.6969 724.97145 552.66626 799.4538 922.52655 1123.68075 1157.29774 1247.87349 1249.44996 1249.65111 1111.26776 1019.00372 981.82067 960.26423 923.82426 915.60863 732.7807 758.16133 649.31184 682.40341 667.50987 703.46609 639.74447 592.02582 532.8309300000001 389.41526 245.03582 860.57858 654.25788 659.82109 758.32161 756.69772 846.68438 935.27801 1088.83684 1198.50086 1169.80067 1154.51473 1310.60377 1324.63133 1212.8907800000002 908.97786 899.76806 548.46282 557.98675 490.41358 425.34251 401.56712 388.87938 416.48423 373.4128 213.33049 243.04958 295.81926 626.10036 661.1733999999999 1236.6641399999999 
1138.7601399999999 1150.45246 1116.34332 1087.79925 990.03096 887.33394 836.04764 670.36407 619.62875 473.72518 496.80422999999996 599.48388 553.68661 572.1899 399.40857 456.40859 449.55134 415.86344999999994 358.99696 268.98355 175.09668 91.8749 0 53.10396 69.24787 182.5383 246.39258999999998 359.65465 247.60502 398.15554 476.53271 574.0228099999999 610.70015 588.66798 675.33846 864.68828 968.95669 989.9363900000001 945.45474 901.85122 814.65884 643.25373 874.51344 1008.85417 1206.59126 1248.01639 1338.87133 1341.23239 1341.46552 1202.1783 1109.84435 1073.65062 1051.9754 1014.4983 1002.40011 813.55918 836.57685 716.1946 743.78771 734.60739 773.4067 708.37786 658.6676 573.54494 422.44036 274.10004 952.17161 711.36716 692.55587 788.5694 786.54451 887.3387200000001 982.2099 1133.28677 1253.9500400000002 1230.41257 1215.12663 1370.63442 1384.10354 1258.72172 964.80226 966.35312 552.88592 553.34811 473.94439 407.94188 395.90004999999996 383.60681 419.77315 399.68396 269.25512000000003 274.29355 221.52387 592.7292500000001 701.98328 1319.13314 
1155.8423 1162.64871 1129.48354 1107.14208 1009.34678 904.4161 851.09961 683.82507 629.32311 478.94307 505.51906 628.68379 591.42187 612.10124 439.98482 495.59227 490.73893 461.83434 410.48422 321.67119 227.93404 144.97886 53.10396 0 77.99362 221.71489 285.56918 398.91813 300.70898 451.22072 529.63667 626.22955 662.12213 639.40466 723.89047 912.88218 1011.56078 1029.96695 982.80577 937.65933 850.91164 682.72213 899.51388 1040.32926 1233.19413 1285.9765200000002 1377.13209 1382.94029 1382.7326699999999 1240.74279 1148.84711 1115.9389 1095.27954 1062.38692 1055.50407 865.97105 889.3355 769.1928600000001 796.29079 787.60564 826.48859 761.4818200000001 711.73278 623.07633 470.54992 327.19716 993.02102 717.88826 685.80447 779.06021 776.71075 881.62396 980.48868 1130.89319 1257.28368 1237.57109 1222.53586 1378.32154 1390.05857 1257.15291 969.1888 979.81412 529.24766 527.2903 440.66082 424.27180999999996 398.70259 357.549 397.51726 390.79643 216.15116 312.56293 259.79325 549.58149 697.70764 1345.77056 
1078.98531 1087.56175 1054.0087 1029.1866 931.35316 827.55911 776.83078 608.8286 554.71322 404.47731 427.55636 551.12631 514.90944 537.05255 362.87654999999995 420.09857 420.13398 399.04077 366.53447 288.34907 194.33346 161.12277 69.24787 77.99362 0 152.73704 215.68197 325.41332 225.89152 420.70886 492.88085 580.92032 610.94995 592.26808 661.0969 851.14692 941.16179 957.14543 908.12023 860.60277 775.70688 609.21732 821.52052 962.47353 1155.43806 1211.4935 1302.86944 1311.34204 1310.7851 1166.9695900000002 1076.41005 1044.98785 1025.56933 998.12323 997.34324 822.0213 845.9032399999999 738.51321 771.2772600000001 757.164 792.7068399999999 723.10758 681.0683 615.0452 468.7408 308.83439 920.92271 645.44748 625.53769 719.32197 717.35651 818.09085 913.80299 1064.52102 1187.00353 1164.71205 1149.7454599999999 1306.2707799999998 1318.17678 1190.33638 898.15828 903.25563 487.04409 489.60122 415.07572 349.04175 326.65218 319.85992 353.75878 330.46059 294.14478 234.56931 181.79963 537.1919 632.73541 1267.80786 
974.7696 996.86688 961.07964 924.11038 825.4063 726.05765 679.4297700000001 519.7066500000001 462.9442 375.02047 316.50536 421.66738 372.35148 390.38635 218.26993 273.87738 269.04982 247.46297 239.87211 174.3878 126.21536 193.02007 182.5383 221.71489 152.73704 0 63.85429 177.20324 297.61753 316.02481 384.73052 445.08183 467.72877 446.16284 509.18363 699.24748 789.99443 808.51692 763.0051900000001 719.31292 632.12054 461.00723999999997 705.25505 828.33908 1029.72004 1065.70803 1156.63501 1161.22547 1161.01778 1020.1356000000001 927.30605 894.24442 874.27628 845.55312 849.97346 679.63068 710.06475 619.70819 661.55827 638.49554 669.48759 594.4638 569.93855 538.79266 424.02623 299.77522 771.36142 608.03 596.7728 698.26006 702.42182 781.90981 864.35034 1019.9448 1119.77771 1085.77332 1071.6886100000002 1227.7779 1242.82462 1138.73818 830.94569 815.65879 523.7320500000001 538.64591 490.08768000000003 427.23461999999995 401.6654 380.03192 397.30774 332.57716 323.10096 273.46364 313.81999 625.61128 596.70166 1142.67397 
925.78269 953.20592 916.65672 875.20565 776.27746 685.56387 635.4268 480.91018 424.35808 311.16618 375.35052 365.45784000000003 313.87456 326.53206 159.59652 211.14789000000002 205.19553 295.19978 303.7264 238.24209 190.06965 155.49401 246.39258999999998 285.56918 215.68197 63.85429 0 114.20771 234.622 294.69884 340.21254 457.41731 416.9541 387.13004 449.03136 639.09521 726.20857 745.6550199999999 700.00966 657.25468 569.48873 397.58899 645.7464 768.85524 972.51244 1002.3513 1093.1282 1098.17678 1097.16349 956.55364 863.50971 830.39013 810.6402499999999 783.87571 791.48597 630.35343 665.58669 585.3823 632.10155 604.4556600000001 631.66734 553.70211 540.71986 548.22732 416.915 363.39593 707.52456 580.80389 603.7189199999999 697.58641 694.6528500000001 762.60504 838.65056 994.43176 1086.41731 1046.54077 1032.3311899999999 1188.75539 1204.6919 1109.4751 803.0274099999999 776.89923 538.47131 558.72424 518.93341 460.81275000000005 435.24353 409.02611 419.39917 396.43145 368.8245 324.75657 377.52625 659.66025 582.2536 1085.64899 
828.19582 865.1221700000001 826.85518 777.9516 679.60326 586.83085 548.43894 406.2865 352.02641 275.49339 261.14281 272.67220000000003 200.80582 273.56721 167.70514 96.94018 146.41174 233.84918 221.96434 225.30015 252.1179 269.69398 359.65465 398.91813 325.41332 177.20324 114.20771 0 120.41429 366.93716 415.00248999999997 359.28559 357.50053 323.00309 358.23576 548.29961 622.0562 632.02644 585.80195 543.25115 455.4213 283.804 540.47406 656.98856 863.1118799999999 888.50479 979.43177 985.93276 985.38209 842.93236 750.99673 724.4401499999999 701.21602 692.08366 706.9984 569.3449499999999 606.13312 560.35468 616.12677 584.67623 597.88874 515.0906 553.24992 555.09867 468.55015 416.79575 595.52533 484.61094 558.96047 656.80458 667.71878 717.88256 781.45715 936.8635300000001 1011.7936299999999 964.29267 950.5481 1106.21777 1123.08409 1045.20993 728.37085 693.73681 566.36689 589.13816 568.66319 530.59253 505.02331 464.90756 458.17297 466.01853 316.34311 413.70465 466.47433 711.85321 543.93447 976.24256 
943.11377 973.49245 936.58949 893.78532 794.8891 698.2852 656.01238 504.13341 467.11536 339.3434 381.5571 377.96364 321.20927 328.24556 172.45992 217.35447 263.31641 173.31216 179.81848 136.37219 230.38779999999997 155.79061 247.60502 300.70898 225.89152 297.61753 234.622 120.41429 0 264.13563 311.13816 375.44965 394.91586 366.37656 435.26055 625.31205 729.2832999999999 743.10436 701.4001000000001 661.55816 572.61704 398.8014 659.4450400000001 776.19681 983.2646 1003.5653199999999 1093.0809 1093.6594 1093.8605 956.38787 867.5686499999999 826.34357 804.55044 774.62522 774.21362 607.60929 640.4325699999999 559.66026 602.90523 575.86755 607.52326 531.40268 511.60380999999995 499.02073 387.50547 337.69753000000003 713.96351 571.75994 613.73885 716.00771 723.00741 790.95529 865.8897999999999 1021.6709999999999 1109.22725 1068.81069 1054.65071 1210.99952 1227.04303 1135.43261 822.78335 797.70928 570.89294 590.33456 551.42686 488.1103 462.57666 445.99018 448.83204 371.96936 268.18719 376.90362 387.43458 687.1099 609.11865 1096.5026 
1100.09533 1152.43216 1113.79014 1053.11554 955.49141 874.7773099999999 845.32536 716.71531 664.40654 603.47903 527.6069600000001 535.69709 464.47169 424.69256 370.69005 363.40433 318.26677 228.26252 213.6911 141.63701 226.77996 331.57611 398.15554 451.22072 420.70886 316.02481 294.69884 366.93716 264.13563 0 86.18242 203.38718999999998 259.66766 255.48049 380.57234 545.56931 711.02451 758.39862 761.52773 731.11048 640.7552 476.53682 798.44019 865.57329 1089.58959 1022.3923 1105.38821 1074.56316 1078.30674 972.78418 865.76691 813.1711700000001 780.91937 698.56141 644.79691 431.88892 447.80341 318.34654 351.26077 336.86859 375.29978 313.39276 260.51206 253.52848 173.65013 242.76419 714.93737 799.26867 866.67602 968.94488 977.98229 1036.29901 1096.10953 1251.52126 1315.2157200000001 1261.33058 1248.26738 1401.80182 1419.95511 1356.44397 1038.33803 994.4814100000001 832.25047 850.7594 802.40233 740.43649 715.3015 694.20583 712.96767 636.10499 519.10561 572.40706 602.50849 938.50209 857.56298 1198.75256 
1071.8964500000002 1130.7369 1091.27277 1023.3022 929.6031800000001 855.39115 831.62329 715.80026 666.64471 614.67718 514.9252 519.51404 447.70239 421.4637 381.29052 357.84996 312.32726 222.32301 297.82162 210.34272 302.16847 403.72549 476.53271 529.63667 492.88085 384.73052 340.21254 415.00248999999997 311.13816 86.18242 0 117.20477 185.06504 203.27904 311.55055 471.72133 641.32331 693.8619100000001 688.00323 680.51696 592.88887 438.00904 770.90846 817.60686 1041.62316 955.17856 1036.07676 999.57856 1003.90813 905.34186 796.75093 741.44854 707.60245 617.75766 578.3799799999999 345.98746 363.21418 323.61593 291.88901 266.68712 316.94382 273.1578 200.6338 241.78544 242.98604 328.94661 649.86436 804.2323799999999 887.89172 988.58643 1000.46839 1044.82605 1099.32559 1252.82038 1303.79661 1244.35076 1231.6837 1383.12363 1401.91023 1352.45135 1033.90199 981.22297 877.20722 898.93678 857.79782 797.89782 773.71482 748.26965 759.59243 683.10752 579.3253500000001 639.64883 673.6099800000001 996.86161 875.7351000000001 1150.53318 
1010.76633 1080.56619 1041.10206 965.74241 875.71792 811.84384 796.03109 699.8485 656.21901 625.14031 516.47358 491.66558 419.7992 354.12755 395.37908 353.26699 303.79543 278.87962000000005 323.06583 305.03926 399.05487 493.62268 574.0228099999999 626.22955 580.92032 445.08183 457.41731 359.28559 375.44965 203.38718999999998 117.20477 0 67.86027 86.07427 216.58783 354.51656 535.29139 592.55403 596.04029 601.75194 513.42111 379.29209 708.86919 736.9866599999999 960.82729 850.39536 929.0440100000001 899.16191 893.5577599999999 800.4979 690.80426 632.77897 612.04786 506.75402 461.87195 281.62121 264.98292 206.41116 270.04518 280.14958 238.60315 155.95303 193.96433 312.65954 360.19081 444.36973 548.56552 794.37506 899.3645300000001 996.58166 1011.29269 1040.38797 1083.17669 1233.27062 1266.36655 1199.58499 1188.01091 1335.26787 1355.18235 1326.21685 1008.09405 944.65081 919.43673 946.9315899999999 916.80038 861.84042 836.28164 820.90003 811.66403 721.00393 643.09704 718.37677 756.52498 1058.87724 881.44216 1066.90473 
955.11595 1028.07602 988.6423 910.42072 822.35998 763.23168 752.33809 665.89687 625.72011 610.31593 494.9646 450.21942 385.12745 313.19909 384.73092 332.24694 287.26664 240.2062 255.20556 345.57957 439.10584 533.6304299999999 610.70015 662.12213 610.94995 467.72877 416.9541 357.50053 394.91586 259.66766 185.06504 67.86027 0 37.08623 167.59979 286.65629 467.46112 524.88048 549.2776 533.89167 464.45444 328.46385 656.38603 673.58375 896.78227 782.54702 861.6872500000001 831.30164 826.201 732.63763 624.70716 565.23752 544.18759 438.89375 394.01168 213.76094 248.63259 274.27143 310.21839 255.48292 258.21638 174.30244 245.66075 380.51981 406.90679 502.43185000000005 480.90247 762.81216 877.69369 973.10183 989.31152 1009.9713 1046.514 1194.37298 1218.89789 1149.09785 1137.83234 1283.16916 1303.73993 1281.31957 966.96551 898.65737 916.70511 946.0528 924.10964 874.91223 849.53154 814.63017 815.41765 720.12621 663.1030499999999 740.40258 781.54876 1067.30121 857.79528 1002.46267 
925.71447 997.1774 957.72541 881.04708 791.85433 730.64705 717.28512 629.62161 588.96909 578.06366 457.89591 414.45395 348.04122 277.69847 348.60399 295.30759 250.18041 203.11997 237.92565 327.21847 418.42849 516.35052 588.66798 639.40466 592.26808 446.16284 387.13004 323.00309 366.37656 255.48049 203.27904 86.07427 37.08623 0 130.51356 291.94026 459.47658 512.75794 512.19137 517.51017 427.36821 296.31055 624.5425 650.91239 874.75302 773.5469 854.1752 821.22628 823.37431 724.39654 614.93296 563.01031 526.43283 453.8052 431.09791 246.34186 283.15511 292.48543 344.17555 290.81852 295.01126 210.89426 280.0386 397.6821 429.13062 493.07525 468.82737 726.3275100000001 840.60746 936.03666 952.22529 973.30151 1010.74867 1159.09223 1185.90486 1117.29266 1105.85283 1252.12234 1272.2857399999998 1246.98593 932.03028 865.07841 881.7312800000001 910.9575 890.56974 837.826 812.44531 784.7004800000001 781.17606 685.04556 626.92873 711.51523 753.65968 1034.22137 820.70905 981.55342 
818.17844 897.96827 858.50414 775.81704 696.11483 641.66832 637.5376 576.25446 545.84718 564.37246 439.86284 358.26575 304.92377 361.03324999999995 363.08754 295.76761 269.76365 262.05613 346.26429 436.6383 514.63082 584.97008 675.33846 723.89047 661.0969 509.18363 449.03136 358.23576 435.26055 380.57234 311.55055 216.58783 167.59979 130.51356 0 190.06385 330.63967 382.31136 383.74079 398.77462 309.67404 345.11513 528.46347 528.47895 751.3054 643.69282 725.30787 695.66508 698.87163 593.88298 486.36462 432.59883 447.59515 339.36467 349.58991 332.29191 307.5327 422.99899 468.36715000000004 419.35536 369.09866 341.40782 410.55215999999996 524.84715 542.00205 611.055 338.31381 675.86432 810.82667 901.0941 919.17716 922.1482100000001 945.60627 1088.00199 1099.39469 1025.28699 1011.18526 1152.70699 1173.5397 1166.44498 857.94388 780.80399 888.5789 923.09968 917.42766 870.96305 846.3306 813.10552 810.751 700.61527 674.53337 769.5728 816.04324 1060.75011 788.93029 856.26822 
829.58089 926.93856 888.94398 794.73415 729.68778 702.98964 715.33395 695.03077 677.01267 724.14963 598.30254 489.20912 455.58414 495.9233 542.69981 485.83146 448.58479 452.11998 529.86591 613.92372 702.4376199999999 774.66445 864.68828 912.88218 851.14692 699.24748 639.09521 548.29961 625.31205 545.56931 471.72133 354.51656 286.65629 291.94026 190.06385 0 222.69234 298.91908 372.35535000000004 378.27437 334.45413 435.70074 564.9521100000001 504.37431 712.4065 522.21134 594.0108 545.67372 544.23242 473.31429 363.80343000000005 297.40922 257.5313 263.75847 409.47365 238.61457 279.6823 426.0197 490.63147 464.90183 414.64513 350.15184 470.48534 638.94969 693.56308 784.96099 254.92153 793.3462 946.43106 1027.04952 1049.56361 1030.94363 1035.30165 1166.85727 1141.68559 1055.72683 1047.34004 1175.34523 1197.44496 1226.68308 936.22198 844.33965 1053.29992 1090.58369 1094.14005 1050.24624 1026.12038 993.5819499999999 977.87454 872.89587 860.4182 959.63665 1004.74781 1235.6904 917.22826 801.92584 
644.88506 751.81803 716.69819 616.94577 564.14972 567.7603799999999 596.95767 626.06348 624.15551 717.29897 599.72283 463.65314 460.67952 410.05601 593.68995 525.11602 521.10456 561.21913 669.95532 747.36334 824.32124 877.10123 968.95669 1011.56078 941.16179 789.99443 726.20857 622.0562 729.2832999999999 711.02451 641.32331 535.29139 467.46112 459.47658 330.63967 222.69234 0 99.33729 149.66301 215.89017 226.47439 342.59746 422.63986 311.4502 499.47638 315.17335 394.75345 373.25761 374.53225 265.27816 175.65652 105.22364 147.79791 178.18094 344.26588 456.70294 498.84577 648.4755 707.14327 644.84914 618.6243 563.65088 687.3551 847.95093 871.71576 937.22226 55.33974 716.45826 886.88242 951.94786 977.31411 931.98272 913.82798 1027.54565 975.11491 881.81236 875.2748 991.75956 1013.81832 1070.85734 805.80194 703.07974 1041.45449 1084.4869099999999 1106.36937 1074.13073 1052.25614 1012.6492999999999 990.61918 884.4858099999999 914.40987 1019.92133 1070.8915299999999 1242.59577 852.54686 586.51101 
568.91283 677.70422 644.59468 542.8342 495.2855 508.13658 542.29465 609.0980400000001 594.79748 703.87249 590.50531 450.04084 463.14419 420.24905 602.91047 545.72067 540.45949 589.87507 709.66524 785.0964200000001 853.45972 898.53321 989.9363900000001 1029.96695 957.14543 808.51692 745.6550199999999 632.02644 743.10436 758.39862 693.86191 592.55403 524.88048 512.75794 382.31136 298.91908 99.33729 0 86.24375 160.2803 222.37189 349.59113 363.97239 254.32483 420.23581 334.12217999999996 352.36243 373.104 358.38545999999997 238.63084 179.51855 109.08567 121.42401 253.20887 412.17567 536.3530900000001 573.15004 711.2963 778.5813 716.10464 687.23866 633.22988 748.0410800000001 905.21357 923.63815 976.9212 43.99755 676.74782 849.3871 908.32123 934.52755 880.02103 854.45781 962.82312 902.03823 807.64255 801.58314 914.50367 937.20931 1001.11057 744.9257 639.71147 1018.27467 1061.60483 1092.38247 1064.31609 1043.51777 1003.21115 977.70089 872.33924 917.32199 1024.68085 1076.56925 1225.1801 813.67631 508.723 
