23
index35 index33 index43 index48 index15 index9 index1 index27 index19 index13 index32 index16 index41 index24 index39 index2 index31 index25 index7 index37 index5 index47 index26
0 164.94499 305.84838 454.77966000000004 591.72289 577.33379 623.3912700000001 797.20967 982.38425 834.62023 627.20365 790.80729 732.39059 452.01673 438.9459 684.55263 603.0334 881.00278 1181.0956999999999 1047.5528 385.92982 464.86880999999994 96.38197 
164.94499 0 206.54308 415.09631 438.56369 421.43274 499.39922 786.33787 971.11582 876.76782 698.10537 869.02341 831.31052 543.13108 538.28132 723.48351 758.92224 973.59339 1285.25133 1162.63713 488.81148 299.92382 261.32696 
305.84838 206.54308 0 208.55323 347.93229 327.09137999999996 632.1311000000001 984.72971 1168.42026 1083.30935 904.64845 1070.57678 1026.58141 744.78601 731.71518 877.40655 899.1775 1142.93947 1478.6851900000001 1353.4011799999998 680.17461 440.88186 229.88316 
454.77966000000004 415.09631 208.55323 0 139.37906 168.00196 546.10709 968.37502 1144.29158 1114.88097 1028.37054 1185.60225 1119.82042 831.04324 844.11407 1029.54581 1055.09991 1290.8726000000001 1586.67511 1453.13221 780.72478 374.04267 358.39769 
591.72289 438.56369 347.93228999999997 139.37906 0 28.6229 627.84076 1063.61854 1233.23633 1228.95647 1092.98772 1267.5684800000001 1246.92414 964.86 962.0296 1162.0472 1194.36225 1412.15708 1704.44526 1586.77309 916.13425 466.30545 497.77675 
577.33379 421.43274 327.09137999999996 168.00196 28.6229 0 599.44638 1036.48023 1204.83936 1202.42153 1068.6885 1243.2683 1224.07956 943.07527 940.49607 1144.91625 1179.22984 1391.43002 1685.5479599999999 1565.18644 910.24422 438.4831 516.26406 
623.3912700000001 499.39922 632.1311000000001 546.10709 627.84076 599.44638 0 447.1895 632.3640800000001 647.7654 591.69365 751.92285 775.87745 583.76984 570.69901 870.54581 937.62139 1032.79045 1210.00825 1115.35455 741.3165099999999 200.55240999999998 527.0093 
797.20967 786.33787 984.72971 968.37502 1063.61854 1036.48023 447.1895 0 185.17458 273.44714 432.44732 607.02808 546.15247 517.61459 530.68542 814.55331 895.66817 853.39847 883.72388 823.23496 677.55069 597.99713 832.48315 
982.38425 971.11582 1168.42026 1144.29158 1233.23633 1204.83936 632.3640800000001 185.17458 0 313.92554 510.05143 530.96713 632.24217 671.31256 684.29545 945.29494 1026.81417 930.72137 924.20931 867.07016 716.32053 771.0874 1017.60912 
834.62023 876.76782 1083.30935 1114.88097 1228.95647 1202.42153 647.7654 273.44714 313.92554 0 247.76922000000002 422.34998 321.14015 436.25248 449.32331 656.67543 736.7192 617.0484 610.28377 553.43225 490.70028 827.13436 896.42735 
627.20365 698.10537 904.64845 1028.37054 1092.98772 1068.6885 591.69365 432.44732 510.05143 247.76922000000002 0 174.58076 186.23807 197.3273 209.39736 519.0225499999999 594.68803 670.19818 632.66616 524.14164 258.20723 666.71675 700.60347 
790.80729 869.02341 1070.57678 1185.60225 1267.5684800000001 1243.2683 751.92285 607.02808 530.96713 422.34998 174.58076 0 112.98427 371.90806 383.97812 475.70677 548.89909 716.90085 458.0854 458.36118 404.87747 841.2975100000001 866.15089 
732.39059 831.31052 1026.58141 1119.82042 1246.92414 1224.07956 775.87745 546.15247 632.24217 321.14015 186.23807 112.98427 0 288.77718 294.93807 362.7225 437.03476 603.92984 478.91981 345.37691 347.11431 852.95482 828.77256 
452.01673 543.13108 744.78601 831.04324 964.86 943.07527 583.76984 517.61459 671.31256 436.25248 197.3273 371.90806 288.77718 0 13.07083 322.69602 398.3615 472.87088 755.65407 622.11117 455.53453 587.0736 548.3987 
438.9459 538.28132 731.71518 844.11407 962.0296 940.49607 570.69901 530.68542 684.29545 449.32331 209.39736 383.97812 294.93807 13.07083 0 309.62519 385.29067 485.94171 746.97001 625.56446 467.60459 589.04398 535.32787 
684.55263 723.48351 877.40655 1029.54581 1162.0472 1144.91625 870.54581 814.55331 945.29494 656.67543 519.0225499999999 475.70677 362.7225 322.69602 309.62519 0 81.51923 280.9938 677.1494700000001 543.60657 469.30271999999997 898.66917 671.14812 
603.0334 758.92224 899.1775 1055.09991 1194.36225 1179.22984 937.62139 895.66817 1026.81417 736.7192 594.68803 548.89909 437.03476 398.3615 385.29067 81.51923 0 304.52861 714.07836 625.1258 387.78349 917.72886 698.88814 
881.00278 973.59339 1142.93947 1290.8726000000001 1412.15708 1391.43002 1032.79045 853.39847 930.72137 617.0484 670.19818 716.90085 603.92984 472.87088 485.94171 280.9938 304.52861 0 412.15397 545.69687 620.77746 1059.62139 932.47491 
1181.0956999999999 1285.25133 1478.6851900000001 1586.67511 1704.44526 1685.5479599999999 1210.00825 883.72388 924.20931 610.28377 632.66616 458.0854 478.91981 755.65407 746.97001 677.1494700000001 714.07836 412.15397 0 133.5429 826.03412 1299.38291 1277.4776699999998 
1047.5528 1162.63713 1353.4011799999998 1453.13221 1586.77309 1565.18644 1115.35455 823.23496 867.07016 553.43225 524.14164 458.36118 345.37691 622.11117 625.56446 543.60657 625.1258 545.69687 133.5429 0 692.49122 1190.85839 1143.9347699999998 
385.92982 488.81148 680.17461 780.72478 916.13425 910.24422 741.3165099999999 677.55069 716.32053 490.70028 258.20723 404.87747 347.11431 455.53453 467.60459 469.30271999999997 387.78349 620.77746 826.03412 692.49122 0 557.13886 482.31179 
464.86880999999994 299.92382 440.88186 374.04267 466.30545 438.4831 200.55240999999998 597.99713 771.0874 827.13436 666.71675 841.2975100000001 852.95482 587.0736 589.04398 898.66917 917.72886 1059.62139 1299.38291 1190.85839 557.13886 0 387.14187 
96.38197 261.32696 229.88316 358.39769 497.77675 516.26406 527.0093 832.48315 1017.60912 896.42735 700.60347 866.15089 828.77256 548.3987 535.32787 671.14812 698.88814 932.47491 1277.4776699999998 1143.9347699999998 482.31179 387.14187 0 
