21
Z6746tUNXH05XsKVq5bc SI1jqone3x4IZwZ6qVW6 98jc4TOf5CFD5ooRLXKs WEpQsV1SPLNjRDFxWGJw RnnCc8OgQLqPe5HvvbS3 Af4sQnaDf5G2yrOfmk45 QUmdpeJNwq8Od3rclrVL ZBTm8fkarNXg3vLUAnt8 QGzcn6XPemZ0IhmCJCmq 5JVto9dbOz4Lu3AeAOZD uYmver98TgwbkIsM8XgU gX6xMy6pWnenI68kwgcu zs8puphf0SbuOBS6XpM9 ip0vmcqzxYgrY2Mc3Bu9 Fa64KRccvM4rqOgxBKtu ufkSgxNAeRAXQFn3w6eB mMagcNSN7U8s7oy3e0j4 Hxhi6IYOb3B8uxHbGYVt gj1PIUxoUprs5rKMLNpv Z38PT2VWeDoNiuh4rc0v ZfI6StUliqd8YxBr0zVp
0 20181115.63583 41268962.01253 43571242.67473 47163581.16586 43178606.87976 40653680.15575 44165376.79857 35959118.47251 25662152.09849 47261708.33821 58499104.37743 49726051.577750005 49207813.64538 64553771.72276 39091221.28701 41630564.91731 57625015.2425 70878027.91731 22611593.94744 29553513.15755 
20181115.63583 0 21087846.3767 41842346.69316 38606045.87506 35058856.87115 40719798.68654 23984261.16274 22685727.00838 41277631.46444 46555736.86474 62370553.69124 59358593.55872 69201462.8724 52549435.17583 25976459.31892 49203969.9955 63287549.58658 73322690.50862 42792709.58327 49734628.79338 
41268962.01253 21087846.3767 0 20754500.31646 56325413.98581 55177976.08794 60838917.90333 45072107.53944 43773573.385079995 62365477.841139995 67643583.24144 83458400.06794 60095590.76725 58212909.70007 41560882.0035 47064305.69561999 70291816.3722 75594597.17793 94410536.88532 34610963.15562 70822475.17008 
43571242.67473 41842346.69316 20754500.31646 0 35570913.66935 43856775.34964 41368395.35513 62028978.11653 64528073.70153999 69233394.77322 74652126.73495 88682295.49976 58175734.62853 68623583.19155 62248811.46733 67818806.01208 79724719.60472 95719169.92991 99161036.20111 30313663.2834 70387649.72686 
47163581.165860005 38606045.87506 56325413.98581 35570913.66935 0 8285861.68029 13946803.49568 50529437.420839995 60962763.10284 61042829.43609 81956721.8104 96331390.04815 85218100.52141 78699373.99423 90355106.74301 64253495.41338 83181911.50893 95246630.3187 99318782.59857 28852874.612609997 52647956.51698 
43178606.87976 35058856.87115 55177976.08794 43856775.34964 8285861.68029 0 5660941.81539 42243575.74055 57744583.87953 68840758.97825 78863155.86019 89884574.31151 85403105.94994001 74955257.38692 87541959.67853999 60959554.72027 76454327.90346 87566485.30493 91032920.91828 20567012.93232 60933818.19727 
40653680.15575 40719798.68654 60838917.90333 41368395.35513 13946803.49568 5660941.81539 0 47904517.555939995 63405525.69492 66315832.25424 73202214.0448 87484948.84914 82211209.16598 80616199.20231001 87300872.87828 60718467.92001 82115269.71884999 81905543.48954 94618956.93647 26227954.747709997 66594760.01266 
44165376.79857 23984261.16274 45072107.53944 62028978.11653 50529437.420839995 42243575.74055 47904517.555939995 0 46669988.17112 65261892.62718 70539998.02748 86354814.85398 74554862.94257 73654982.57715 57002954.88058 49960720.48166 73188231.15823999 87271810.74932 96376957.67986 31715314.83313 71289970.36246 
35959118.47251 22685727.00838 43773573.385079995 64528073.70153999 60962763.10284 57744583.87953 63405525.694919996 46669988.17112 0 18591904.45606 40191460.69578 56006277.52228 47483542.92484 46515735.86402 29863708.16745 3290732.31054 43863426.72202 57568525.02756 70609570.15038 44421005.654089995 65512631.63006 
25662152.09849 41277631.46444 62365477.84114 69233394.77322 61042829.43609 68840758.97825 66315832.25423999 65261892.62718 18591904.45606 0 21599556.23972 37414373.06622 38075948.34614 48523796.909159996 46950560.198709995 20368155.24044 25271522.26596 41265972.59115 52017665.69432 48273746.04593 55215665.25604 
47261708.33821 46555736.86474 67643583.24144 74652126.73495 81956721.8104 78863155.86019 73202214.0448 70539998.02748 40191460.69578 21599556.23972 0 15814816.8265 16476392.10642 26924240.66944 43576268.36601 41967711.48016 46871078.50568 58823379.82526 46440803.17644 69066270.93869 59315700.44868 
58499104.37743 62370553.69124 83458400.06794 88682295.49976 96331390.04815 89884574.31151 87484948.84914 86354814.85398 56006277.52228 37414373.06622 15814816.8265 0 30506560.87123 40954409.43425 53574166.20288 57782528.30666 62018640.688030005 72853548.59007001 30625986.34994 78953615.52245 67158133.38582 
49726051.577750005 59358593.55872 60095590.76725 58175734.62853 85218100.52141 85403105.94994001 82211209.16598 74554862.94257 47483542.92484 38075948.34614 16476392.10642 30506560.87123 0 10447848.56302 27099876.25959 50774275.23538 58341438.04403 42346987.71884 61132547.22116999 72337645.52519001 65540549.04704 
49207813.64538 69201462.8724 58212909.70007 68623583.19155 78699373.99423 74955257.38692 80616199.20231001 73654982.57715 46515735.86402 48523796.90916 26924240.66944 40954409.43425 10447848.56302 0 16652027.69657 43234432.65484 68486927.39533 52492477.07014 65052126.16641 71819407.59282 75988397.61006 
64553771.72276 52549435.17583 41560882.0035 62248811.46733 90355106.74301 87541959.67853999 87300872.87827998 57002954.88058 29863708.16745 46950560.198709995 43576268.366009995 53574166.20288 27099876.25959 16652027.69657 0 26582404.95827 72222082.46467 69144504.76671 81704153.86298 67712678.30182 92640425.30663 
39091221.28701 25976459.31892 47064305.69562 67818806.01208 64253495.41338 60959554.72027 60718467.92001 49960720.48166 3290732.31054 20368155.24044 41967711.48016 57782528.30666 50774275.23538 43234432.65484 26582404.95827 0 45639677.506400004 58137199.62087 71650647.90234 41130273.34355 66884026.92373 
41630564.91731 49203969.9955 70291816.3722 79724719.60472 83181911.50893 76454327.90346 82115269.71885 73188231.15823999 43863426.72202 25271522.26596 46871078.50568 62018640.688030005 58341438.04403 68486927.39533 72222082.46467 45639677.506400004 0 15994450.32519 58938831.64815 55887314.97114 66755671.0556 
57625015.2425 63287549.58658 75594597.17793 95719169.92991 95246630.3187 87566485.30493 81905543.48954 87271810.74932 57568525.02756 41265972.59115 58823379.82526 72853548.59007001 42346987.71884 52492477.07014 69144504.76671 58137199.62087 15994450.32519 0 74933281.97334 67686678.69022 53488322.63545 
70878027.91731 73322690.50862 94410536.88532 99161036.20111 99318782.59857 91032920.91828 94618956.93646999 96376957.67986 70609570.15038 52017665.69432 46440803.17644 30625986.34994 61132547.22116999 65052126.16641 81704153.86298 71650647.90234 58938831.64815 74933281.97334 0 75873806.48256999 66884025.84684 
22611593.94744 42792709.58327 34610963.15562 30313663.2834 28852874.612609997 20567012.93232 26227954.747709997 31715314.83313 44421005.654089995 48273746.04593 69066270.93869 78953615.52245 72337645.52519 71819407.59281999 67712678.30182 41130273.34355 55887314.97114 67686678.69022 75873806.48256999 0 52165107.10499 
29553513.15755 49734628.79338 70822475.17008 70387649.72686 52647956.51698 60933818.19727 66594760.01266 71289970.36246 65512631.63006 55215665.25604 59315700.44868 67158133.38582 65540549.04704 75988397.61006 92640425.30663 66884026.92373 66755671.0556 53488322.63545 66884025.84684 52165107.10499 0 
