96
cXmjc3Wu4kjM1IHGgfA5 COVfDobG5VcfcSxLDUch YygsiZkXDS9oQ07w4psX OAcbYkMyAi1Iu0vWaaFc 5doygtE58PVlrfBbaaxD VkEnPX1CQCoh4CxlXSlf EEWjQ3rZ3GM9oucA2vc5 oq1GulTWdKtwAlNIQxnY 2dfprAgHp3T6RrgooKgP nnG2z19YXqYOoAxMQkFV NXZByMrsstrrXRLxVcyg gZiMcGUkLd8qaWleLH1T Mi1upMhcgP7iV16OWKN5 3MmCPAjYheu6g9TkIxDm qsbRHSDlSHG3Ep5gugbq Z2YJKymsE6JEohxl2CgC 2TderjwrXrNV2UBZ77eD LI8fhHKJlh7mQx1nNK0m IWOalMs6IXX5Ln6F9Eov 2QgUKFj4HV0dn5Ia55tj QYsTJmc2IUi36H1YK47s Tgouk8HApNFShyYjQedR sCcEFmBkhTop4sycKzuM Dv6lwBgjbbZceuQXFzFf Mufarp9xGx29xj0P1ijS lVjpvSHc5hBrS7dzTmI1 xtgYSd34f56WAH3CCBpW PFAHK1LPbENiUm01N8B0 g5fwwkfUKem4JdibLkXM 7DZfG4yobV0xCcSaxf27 vXrEXAmThLoQVXFImZcg b9q1t3OMZ6dXE5R6ca5w IC3wlDskAWyf0o1M61kl 6jnt0RQvUBeXBhrLOwzh QHOT9LWV0s6xVVreglDh g6Fit1BcwBIbAAJnBKGn OBEPyJuvhH0Z9VoT2UNC 1Oc2bGjHzXrMLiYLik5Z z0rRwRZbA1TaaAgS8PYu 1uTE034Q24DWmybWBbX4 8w6JkwNghwwfzVWZlMG6 OLGSBuAPLZmdhTN6ApoS KqTw626stjcdChciHrJ6 4MuL6AbQo2ozZ4x7psrd fzCA3w8Mu664WC0yRZb5 kuIwHVHn49UEM4TprHKr 1wSeohNTb1oCspxe2x4j jLS4UljOCe6h8LwAOGRX 24YcTAlCtPoNC11H3BAQ NWAZrSnr0i1Dj5TA6dLc fuNQ8Sfy86k6zaBQjwEz WgneGAZv4qtDq8Q5DYZf nOsoIFzZBhdd6bjP45Ba qyWH5Ui5kFJGpXM7i2RZ P6PcaiimLTne6w5m7SJi ymIUUgCvgB7r5le0Mh11 Ca5sYccbD9TUz7JLHrcf Wf6tYlitgmZKoXfughsS UQEmoPmHSH2FlTDuXOEx btiXecpJBKmrIHtQ7jPA 4wWd3kvalFkda9M583i7 zbsjvfwSdNExCnTFLo8x TrUW9m3qjkTMvqHNRot0 72cxNTZ1Tw5teVGiR2xj CgUyoeVDFzkf0g6EiF8w x81SdeDfzbsk8wgCHcJT 468JV90VoJDfHRf7bwGC NqvNOj5h3GSbJm5NawjL RDnAjQbgrCahBSBieO1p dsEyS8WvuzfBZPrbbzZx 63EFNMvLteBrV7Lj9nA4 nmwnnNlPCMIjajSEo2R3 C5aQkckiWq5qVUhbiI57 oakCd1HozhO35GtImcF2 yXrak2UUHdgFCsCWvgfp RSJQdRAK7H6zYHVeXyPj wqyhoOJuJuNfuZ1c9ZhU 6KcltWtleWJ6izN3XL0F 1ae7bJScGomdGEdgag5b 8IUV6HBSYn47shRwVW5F JuSdCG8HSUzwufkmRvTN RNtZ6m1O9hQj2ovJiJE3 FE29I03FH1qEyEvIQNGT DmIjX4adnoqSEDmx2f39 EqrhH8oFQmMRN10foGjV PqB0lgs9Brze4wJGQzAM R22TNV5lr1tmI44FcHvv Udew7VNFg6dndWFd4Xv7 rW1b1NT9NaRlIIxoT8XF 61VEe5QpRdEG1AHTZmSn aGWdv30UuUFiszMErlJF eULKHiriYHElwEbrQo2X laRDyozSdXcFtmdQ5VqD bw0K7NVh1sgqlnescYkX c2cBpUI19bqo5IjxQzNs hC71hIuyRaST3AiaSZqg
0 10324803.32458 10415255.18706 12336245.445799999 20241259.68354 16742760.775630001 16145993.96493 19901523.12426 29950220.03042 32615277.716679998 28630910.80769 30203822.53114 31515409.899800003 37110116.519549996 33550399.0062 42347524.56202 44144784.268089995 43365310.74676 46535747.24131 50321864.19882 61051711.37609 70390650.02715 71600303.34945 70808117.25872 81339751.23395 76114884.83807 73663299.41431 70084429.10662 70144046.09689 65777928.61267 59036694.69365 60874202.40032 66540981.38695 71394877.61521 77028542.54575 77475354.12431 78707851.46112 81646841.76941 91148328.75345 78326678.87007001 81497686.42093 74137821.95976 67039720.82748 65263629.13875 64930437.235630006 52958390.72761 52351105.169139996 59061624.94436 65645063.12649 66225285.09806 66585400.68548 53008465.73257 26620859.71878 31734490.684079997 29307144.25096 28482393.61299 22063819.65528 13841723.747609999 14691299.41168 23317601.64831 31771783.863 18826207.07513 29483180.25703 25385010.07627 42475171.41753 41092312.046409994 35480232.0201 47891859.91288 62836508.915130004 59212228.86103 66107339.73513 73186521.33746 82893684.01251 86193827.5995 85202863.60048 76689696.14076 81738817.99141 67215833.82494 80199870.29018 88856936.13773 84850121.90766001 79022643.19632 87679445.21047 101197510.84156999 97841884.65452999 89338061.13780999 90628959.28194 72399907.17101 70447266.73958 79393736.1871 63894604.30295 55682493.93232 80454364.54091 80441088.21223 40857777.02078 6560491.96796 
10324803.32458 0 17409088.42429 21759138.70383 23852148.657080002 25559014.42487 20869376.20127 28792343.466350004 37826576.73174 41307166.21793 37638181.1204 38553949.04937 40755890.17688 45490371.66352 41344321.87295 48512227.38164 47778273.95676 45355547.24451 48362761.73069 51747485.88058 62041277.551 72909891.22101 73584850.19008 71613740.83017 83254433.37719 77510977.62919 77082132.3244 74442257.70866 73871528.88106 70896699.70601 64731766.12021 65461271.54541 70762347.80487001 76921237.73545 82772549.52309 83385192.26378 84626144.28593 86471137.46612 97172653.83085 85042715.79653999 88443024.73731 80748383.40059 74934752.58349 71750729.48618 70582840.29216 60898187.0745 60057306.65007 68065414.36129999 74897566.46845 75205666.91009 75490674.84807 61765206.87941 32547314.46696 33178660.33093 18982340.92638 27038067.78051 32388622.97986 24166527.072189998 25016102.736259997 33642404.97289 42096587.187580004 29151010.39971 39807983.58161 35709813.40085 51576552.46791 49665154.22613 45219647.24105 57435165.57643 71727329.25722 69459582.88127 76432143.05971 83296634.56578 93073051.74674 96000818.09993 95259432.54447 86196666.54943 91104186.00936 76092754.10302001 88393657.66574 96596430.29688 93008875.33091 86511803.68032 96023136.32374 108280550.83998 106528037.23277 97831068.71482 100088419.23317 82716492.82675 80772070.06415999 89454607.94042 74082498.63727 65938570.16844 90734832.99336 90394913.40331 51008727.47697 16885295.29254 
10415255.18706 17409088.42429 0 8535177.14178 10137344.87126 12016925.226629999 11830588.99634 14359914.4533 20973495.75809 24454085.24428 23232843.35237 22426825.04952 25388986.99683 28081283.23923 23935233.44866 32761095.98128 34819938.67989 35622305.40145 37235894.7304 42291489.47004 52788641.48224 61540554.16527 64098016.87115 63478980.523660004 72489655.37207 67744487.41044 63735664.05385 60469494.86979 60686784.05612 56256374.29658 49421760.45682 51289166.18412 56938267.89323 61600682.717810005 67280150.71763 67915783.93111 68957705.93102 71766166.19194 81405212.59735 68623791.92671001 71920464.25604999 64412290.82577 57525664.1592 55555022.23202 54896365.38434 43489098.65021 42648218.225779995 51364552.30744 58687636.48846 58180542.83438 58145105.87893 44356118.45512 16905463.58605 24935968.97755 29097135.41996 25528243.93763 25955566.166959997 20741297.677500002 23733450.695270002 24592346.56272 32481286.55957 18784431.86343 25022453.52087 22652898.71807 41629976.72975 36138362.83679 32422254.60713 43507033.32091 57013963.85848 55834745.278 61738096.80092 67241055.13327 76994517.00448 79200551.25613 78638257.87898 70786894.09073 74809600.20445001 58683665.67873 70984569.24145 79387644.06033 75599786.90662 69349988.08847 79166050.54396 91588635.20819 89118948.80848 80708550.58748999 83394702.96232 69936440.83958 67383857.16897 77577074.58111 61219849.81975 50944999.28822 75932849.23794 79455483.11975999 36800849.39631 7835236.88237 
12336245.445799999 21759138.70383 8535177.14178 0 8359643.24187 12345037.639090002 13172849.83932 15503799.98772 25552496.893880002 29033086.38007 23677550.03829 22104638.31484 25759707.70798 25535895.97879 21389846.18822 33137160.76209 36053398.84257 37863440.98562 39585211.03861 44640805.778249994 55595802.98495 63501231.758700006 64790576.862950005 65323159.10982 74110549.29463 69684617.07315 64344743.038380004 60874782.56226 61277667.440740004 56828651.74070001 49827048.14929 51313915.86776 57176344.25151 61415318.99422 66893006.44708 67593597.19643 68063797.65401 71356409.98871 80508038.79918 66861184.57763 69872859.89278 62363154.17042 55920169.01719 55238555.460710004 53831330.91279 44175231.472890005 42326031.4911 48819165.047000006 53358813.61871 54262578.85806 55599718.61849 44033931.72044 18667190.47012 27408227.78539 23012543.96881 31068270.82294 33154420.49463 20274903.64343 24653527.960419998 22218865.98389 32492538.63304 18426871.24614 30440419.42215 22056243.88555 44631471.777899995 28756066.60061 31822380.40194 43494136.77634 51118010.40534 48307798.90457 55437989.19229 61896052.30849999 71649514.17971 74270281.87079 74085454.3765 64649424.418180004 69485334.9585 57177346.554570004 68440861.89895001 76731430.77188 73054399.64618 67448422.65556 76310850.45175001 89781127.97876 85555635.14675 77367352.88071 79430941.46978 63366677.34639 60814093.67578 71961267.74779 61737813.78993 45369952.22165 70296962.25822 73003581.04774 29711230.47468 16370414.024149999 
20241259.68354 23852148.657080002 10137344.87126 8359643.24187 0 6400762.53239 17603203.207620002 16339923.051169999 18285405.27995 21765994.76614 23743070.97463 25171774.55 22700896.51869 22468975.151019998 18322925.36045 26272460.14293 28428600.27664 31068962.5625 31225567.79674 36281162.53638 47583274.81887 55374023.58556 56853296.70538 58793474.72702 66278770.85546 62351705.59606 57349986.923779994 53885038.53333 54387754.783750005 49963951.121539995 42962347.53013 44650174.81082 50351239.97969 55081565.12468 61017900.29233 61617665.52016 62601240.50431 65344333.20389 75036511.00796 62285900.89883 65636203.77379 57997330.632709995 51400853.37293 49152418.58333 48919794.98221 37469065.01891 36221429.90808 45525092.41167 52848176.59269 52568234.74617 52515384.1973 38342774.74847 10307547.22825 21104951.19232 31372187.21068 33909772.61633 27210145.38793 27852569.90272 25347016.745610002 30578509.22576 36145260.78898 26331885.48388 25548626.84247 20849819.05362 43425046.94597 33450272.35865 37320154.92897 42594140.76603 50863773.17812 53478070.42593 60217513.62545 64214382.60413 74280570.57042 75561288.60765 75267979.70322 65185002.785679996 69965619.89744 53839685.37172 64677663.88616 73367610.42903 69711316.41435 63356468.894 74760966.28679 85383278.92915 83947023.6731 75085603.10734 79485524.70022 68267008.39211999 65714424.72150999 77189172.73604 61091988.183919996 50064157.97969 74251119.76555 78900694.87521 33248394.32673 15184383.40552 
16742760.775630001 25559014.42487 12016925.226629999 12345037.63909 6400762.53239 0 11202440.67523 12841424.14326 22890121.04942 19746282.634 24533932.55085 22961020.8274 26413646.98913 28368245.752839997 24222195.96227 32127771.12594 34096646.02493 34183954.60045 36385265.60966 40706763.25287 51916316.59978 60715675.82372 62141074.15483 61627586.76834 71664777.03052 66656643.10713 63323238.33928 59862402.20652 60095907.85373 55542135.24287 48817658.51314 50647780.93957 56297915.41993 61133961.19967 66848170.49923 67670330.30336 68679543.33938 71237392.58201 81049677.06475 68332611.94689 71632896.71232 63980069.5654 57780070.265489995 55283010.34203 54500109.16241 43419727.50717 42500984.715629995 51422324.51657 58745408.69759 58467505.34799 58412616.302200004 43889096.45594 16385850.06332 23158480.25545 35357581.6079 29480471.90134 20809382.85554 24354070.99481 19052332.99562 25573190.36879 35929779.35454 22833386.57597 25812235.92321 21681014.86838 42141428.1267 38054988.12812 31846222.8056 41935379.16387 54521819.94488 54405207.63149 61535397.91921 67498851.6127 77593318.89921 79615373.80217 79097929.33577 69501125.43003 74977644.76482001 58851710.2391 70629033.70885 79218151.80351 75608548.51925 69253700.9989 79357754.92994 91334199.58412 89844255.778 80501004.28311 83611260.67036 69146066.85166 68502158.38673 78115883.56084 62074760.769219995 51978498.724429995 76800088.55534 79811293.86979 37590631.79865 11685884.49761 
16145993.96493 20869376.20127 11830588.99634 13172849.83932 17603203.207620002 11202440.67523 0 14842954.38928 24891651.295440003 22153945.38221 21995928.95489 22242006.55287 26049034.570910003 28793090.63882 28862812.18129 31946611.42988 28370389.883 27219316.78183 32398180.980070002 34175870.233890004 44951367.72154 54268856.33452 56099389.401149996 54662123.29379 65217957.541319996 59968890.87314 58184819.12353 54845778.42014 54523950.35298 50863993.510350004 43862389.91894 45807330.71644 51159980.19978 57102470.69175 62958518.00991 63611143.765760005 64501106.64812 66746948.4313 77250709.10575 66463904.95556 68905708.56682 61211067.2301 55124484.65751 55245637.16059 50799763.1384 44364613.967199996 42314648.48534 50841091.75418 58164175.9352 57617507.65465 58888286.61287 43104832.78552 16225525.84595 15588496.71915 26388040.3306 18332313.47647 31660196.21134 29171614.58129 24813288.25384 33027334.91222 42215919.110080004 28150251.72318 31010822.86486 27102206.98938 49110305.4943 39493149.88537 37931543.85442 45589490.9718 56888685.99009 58077156.3248 64224229.35062 70309225.2933 80358682.91553 81818483.57554999 81462579.71216 71349808.02611001 74891513.10401 59197130.85549 70914584.85038 77295757.14474 74096407.42083 67080495.38836 79735866.1018 88972708.94705 88926976.64327 79895244.9925 85483682.01974 73641876.70895 72288764.62421 83565443.9251 67666328.08662 56107035.50641 80881713.2074 85232485.99079 39751491.24708 19665825.878709998 
19901523.12426 28792343.46635 14359914.4533 15503799.98772 16339923.051169999 12841424.14326 14842954.38928 0 10048696.90616 13529286.392350001 18507977.899660002 16935066.17621 14464188.144900002 23567716.86303 25374861.12606 35776207.20876 41359718.25902 38637416.62893 40464096.854729995 45519691.59436999 56369778.62826 57994054.25458 59755898.55407 66494091.751140006 68943155.46138 64548842.08786 57800417.04613 54155091.12026 55178510.04683 50108960.298700005 43107356.70729 45052297.50479 50775578.12238 53571267.39931 59812286.94923 59830884.3908 60812097.40869 64383298.32535 73822683.49471 59265167.10997 62288216.26979 54773050.77022 49301921.35333 53162319.31898 46579630.66747 39003092.98254 41726708.93289 41396087.6795 46315834.84883 47219600.08818 49611079.75502 37044016.05891 20055121.62483 25467497.16521 38516343.95653 33034674.09437 33650806.9988 27569324.30827 31787678.356480002 31565396.58548 31169679.75452 25992148.924599998 19874332.96282 20759554.03276 39146226.43857 25213563.984860003 23088589.46514 30746536.58252 42934985.79087 43345904.23449 50476094.52221 57467560.64316 66094766.157670006 68132551.05723 67713459.02705 58049162.33715001 62455325.57699999 51284422.78553 60521205.04123 69155860.19308 65134742.78846 63182215.52588999 67865517.71873 81623287.96884 77983352.89001 70324374.11083 72387962.6999 58798922.31967 57445810.234929994 68983100.38259 52823373.69734 41827449.605900005 66038758.81812 70961967.25949 25103722.46167 21625045.01639 
29950220.03042 37826576.73174 20973495.75809 25552496.893880002 18285405.27995 22890121.049420003 24891651.295440003 10048696.90616 0 3480589.48619 8459280.9935 6886369.27005 4415491.23874 13519019.95687 15326164.2199 30569770.86682 34143972.27527 40423846.933359995 43194311.70811 46679222.122 55169544.15599 60439979.21152 62492496.111310005 64508846.72565 70870053.94877 67345086.75141 58257449.876779996 54028277.823630005 55861229.887779996 49078012.072850004 43957213.57581 44977352.85886 51218236.81908 51430071.390089996 56768426.84008 57502078.62692 58409447.78161 63329126.60384 69227978.06435001 54942659.96046 57442918.64948 50284124.9198 42630837.37004 43113622.41282 44836247.802489996 28954396.07638 31678012.02673 31347390.77334 38670474.95436 39211028.995009996 39765918.432 27143369.51206 18313974.62218 35516194.071370006 39652618.22047 42691124.97939 40006132.84555 33144045.42176 39749989.65702 31983354.16289 29776817.85333 18246415.67951 9825636.05666 10710857.126600001 33286085.01895 15164867.0787 22760484.84268 38971887.16459 39921378.95252 35192665.14598 41932108.3455 48718340.006280005 56046069.25151 61196164.64814 57664762.12089 50096556.330649994 59048289.15694 44441257.15301 54586902.4683 62997332.12865 59104799.95422 53690524.21205 61403760.535629995 75927168.54811001 70867296.4824 62323805.03476 64271401.38172001 51143596.1459 48591012.47529 59987490.38513 43806166.86727 31778752.69974 55990061.91196 62090633.227639996 16589032.48636 28808732.64046 
32615277.716679998 41307166.21793 24454085.24428 29033086.38007 21765994.76614 19746282.634 22153945.38221 13529286.392350001 3480589.48619 0 6664630.87614 8237542.59959 7426356.73132 16529885.449450001 13522951.00688 30050183.92344 34508036.96134 39582834.88921 39713722.22192 44769316.961559996 55412875.22742 61697737.44798 63275914.92878 64872911.41172001 71968686.49298 68110355.18553 59475756.61936 55306736.76336 56953967.19485 50443433.41804 44882813.85531 46328526.1884 52427026.28757 53547749.544939995 58713396.57017 59883347.05004 61258024.911749996 64800344.41262 72201716.54391 57681329.49422 60362857.38336 53116667.46686 45550549.01736 45651381.86835 47025558.17053 31965261.56896 33689791.08124 34766378.68253 42089462.86355 42221894.48759 42670248.6566 30154235.00464 17442240.59247 35109951.39428 39009136.67623 40334767.17575 40555665.489539996 36624634.90795 38692536.84722 28502764.6767 28027537.74653 21727005.1657 11225353.94873 7230267.64041 29805495.53276 18645456.56489 26241074.328870002 40102945.5905 36440789.46633 36196528.69066 42668408.47363 50118057.89835 59503729.706870005 61638354.73269 60957893.35759 51797740.88265 57042212.840280004 42571401.95619 57675144.765 66177362.60347 62115665.4468 56701389.70463 64414626.02821 78980933.58695999 74012679.40592 65139662.66674 65789369.95534 52764486.368140005 50211902.69753 62055414.93504 45652674.51998 35259342.18593 58762134.37764 63727009.7077 17988750.37843 28529903.507129997 
28630910.80769 37638181.1204 23232843.35237 23677550.03829 23743070.97463 24533932.55085 21995928.95489 18507977.89966 8459280.9935 6664630.87614 0 1572911.72345 4053105.61602 11012933.016970001 6866883.2264 24425217.690929998 28830514.72867 34627618.05589 39806482.25413 41584171.50795 49928598.81562 55033106.57184 57179038.56471 59195389.17905 65304055.61684 62314731.501930006 52923722.53179 48651288.44881 50289336.31871 43787559.33393 38218182.97917 39663895.312259994 45898883.608040005 46941293.3512 52048765.69403 53218716.1739 54593394.03561 58135713.53648 65537085.66777 51501707.50093 54324599.51435 46938727.01776 39548528.69439 40015064.558019996 40360927.29439 25513443.61685 27084075.88277 30430714.13667 37259385.34805 37594374.29037 37954489.87779 26780983.889340002 13435523.74638 28445320.51814 32344505.80009 40328242.43136001 44991688.08696 37402662.022479996 36181111.41598 35167395.55284 34692168.62267 22191416.86334 17179320.03691 13894898.51655 36470126.4089 23624148.0722 21061869.28881 33446877.81002 35398580.976390004 36574678.01859 43704868.306310005 48313296.33841 58408173.20125 59822554.62066 59488051.54111 49353879.07122 53778874.91793 38584923.01725 52012020.36308 60656451.05345 56635333.64883 51035110.089499995 59080721.33892 73352286.44289 69386349.78425 60707150.33012 63711512.04083 54054215.14408 51586799.9539 64733410.05417 48885652.586330004 37655851.169149995 59520708.24867 67134735.58809 24653381.25457 30189448.142109998 
30203822.53114 38553949.04937 22426825.04952 22104638.31484 25171774.55 22961020.8274 22242006.55287 16935066.17621 6886369.27005 8237542.59959 1572911.72345 0 5626017.33947 12585844.74042 8439794.94985 25998129.41438 27257603.00522 33537477.66331 38716341.861549996 40494031.11537 48355687.09217 53562989.32418 55606126.84126 57622477.4556 64512090.53098 61733713.71231 51487943.93055999 47819381.85524 49389376.44638 42869116.10446 39791094.70262 38090983.58881 44463105.006809995 45389032.49333 50904217.053430006 51663161.66158 53038578.48453 56966881.34817 63964173.94432 50082671.276920006 52905563.29034001 45519690.79375 38148005.03345 41587976.28147 38806111.743310004 24094407.39284 28656987.60622 32003625.860120002 36471427.47219 36654859.4314 36936725.7987 28353895.61279 15008435.469829999 30018232.24159 32766248.95042 40574320.02934 43418776.36351 38975573.74593 37387413.34429 36740307.27629 36265080.34612 23764328.586790003 16593227.27758 15467810.24 36255440.44566 22051236.348750003 22634781.01226 35019789.533470005 34715822.01738 38147589.74204 45277780.02976 49886208.061859995 59146761.44462 59913387.28374 59220573.15929 50926790.79467 53888738.1066 37762803.58088 50753512.608490005 59370874.27274001 55367050.35572 52608021.81295 58847590.97202 71928403.12028 68188595.80064 59587674.78195 63352519.04288 54640974.35938001 52088390.68877 65382406.91356 50458564.30978 36082939.4457 60280620.66894 67917673.81025 23356623.707280003 28616536.41866 
31515409.899800003 40755890.17688 25388986.99683 25759707.70798 22700896.51869 26413646.98913 26049034.570910003 14464188.144900002 4415491.23874 7426356.73132 4053105.61602 5626017.33947 0 9103528.71813 10919988.84242 26154279.62808 31737790.67834 38680723.67191 41831589.24221 42263730.88326 52469948.04777 57608170.58877 59380010.63342 61392279.4789 67011602.1742 64009032.24245 53841958.63804 49612786.58489 51445738.64904 44662520.83411 39541722.33707 40784410.575739995 46968907.1676 47014580.15135 52352935.601339996 53156876.45097 53993956.54287 59051101.49774 64812486.82561 50527168.721719995 53350060.735139996 45964188.23855 38240425.924 38698131.17408 40420756.56375 24538904.83764 27262520.78799 33953537.087290004 39071427.761 34795537.75627 35350427.19326 22727878.27332 17488629.3624 32498426.13416 36397611.41611 43249594.75055 44421624.08429 37559536.6605 40234217.032 35929121.40802 34192309.09207 22661906.918250002 13126214.42089 14656624.37173 37231852.26408 19580358.31744 25114974.90483 37499983.42604 39281197.05873 32521572.40257 39651762.690290004 47457922.62561 54405076.34824 56780673.4094 55981716.72667 45681065.09191 54632797.9182 40749238.56695 50268391.6738 58860702.92047 54689308.71548 49275032.97331 56988269.29689 71554576.85564 66724974.69595 57908313.79602 59855910.14298 50001109.528060004 52553693.19867001 60920913.820690006 44832546.97031 36194243.93848 55475210.79907 63081629.97207001 21004523.7251 32271605.811800003 
37110116.519549996 45490371.66352 28081283.23923 25535895.97879 22468975.151019998 28368245.752840005 28793090.63882 23567716.86303 13519019.95687 16529885.449450001 11012933.016970001 12585844.74042 9103528.71813 0 4146049.79057 21704384.255099997 23929110.83683 33975788.50767 36427330.11263 40556695.90487 47182505.29327 48504641.87064 51178953.96343 53483259.54052 58761681.847049996 57180690.168579996 45032067.889019996 40520380.31773 42509346.95848 35570114.56695 30438193.61894 31680881.85761 37988057.77066 37950758.46471 43249406.88321 44365425.88586 44890427.82474 50137981.94034 57220401.38046999 43309632.797529995 45121744.41669 37714061.58181 30384273.0384 30017646.48717 31507637.00635 18639335.4941 18158992.06986 24850008.36916 32173092.55018 30099259.59515 30096944.42735 24529839.11512 24448456.763350002 32770575.549379997 36938795.89625 44311515.32919 48498957.30819 45810799.622219995 47194044.43295 44494086.58374 43295837.810200006 31765435.636380002 22164811.6774 23760153.08986 41083442.83482 24296962.80062 27074506.45427 30726044.374190003 40326361.42344999 35783535.75509 42103643.53039 48698499.23374 55524966.36052 58309354.86062001 55287376.74675 49184361.96909 47771644.37454 31645709.84882 43089753.77063 51751230.82737 47810772.41567 41912526.67677 52291991.13577 64430019.85044 61547656.7389 52832052.25314 59670583.41533 53084972.32492 52050441.95433 66435279.97699 50772137.05283 38870571.51462 58767721.54683 68913491.8349 23719115.93728 35916520.1216 
33550399.0062 41344321.87295 23935233.44866 21389846.18822 18322925.36045 24222195.96227 28862812.18129 25374861.12606 15326164.2199 13522951.00688 6866883.2264 8439794.94985 10919988.84242 4146049.79057 0 17558334.46453 23141845.51479 29829738.7171 35008602.91534 36786292.16916 43766136.86402 49652241.265980005 50597125.35921 52827180.57367 59946505.65155999 55447848.27553 46056839.30539 42735134.51437 43442091.0271 36920676.10753 34248221.85173 35826931.64818 39032000.38164 40276885.92232 45503160.25886 46580180.0825 47915529.07594 51380611.93191 59118192.61096 45471338.38941 48667949.318919994 40973307.9822 34530322.82897 34163696.27774 33683062.33472 22785385.28467 22305041.860430002 27429318.85878 34752403.0398 34245309.38572 34209872.43027 26744593.31176 20302406.97278 28774026.27919 32792746.10568 40769426.61294 44590364.16981 41664749.831650004 43047994.64238 41540901.71602 41509343.51624 28952003.61014 24046203.26331 20320814.19773 41068123.56421 24438245.50986 27928752.51521 26579994.58362 42265464.20279001 39929585.54566 45789618.12408 48789514.16129 58852196.07662 58940762.6678 59433426.537319995 48170523.99552 51913434.89207 35787500.36635 47051015.71073 55494300.060210004 51664553.45796 46058576.46734 56438040.92634 68391281.79054001 65660584.74182 56978102.04371 63356558.00902 55772938.83181 56196491.744899996 68826095.98138 52629875.94471 41052131.1309 61771394.20538 71291734.85174 27865165.72785 31770470.33103 
42347524.56202 48512227.38164 32761095.98128 33137160.76209 26272460.14293 32127771.12594 31946611.42988 35776207.20876 30569770.86682 30050183.92344 24425217.690929998 25998129.41438 26154279.62808 21704384.255099997 17558334.46453 0 5583511.05026 15738287.58381 20917151.78205 22694841.03587 26315668.41969 32093906.80145 33225731.00534 35948385.500640005 43043008.00825 38079545.57196 31396593.57625 27737621.80017 28140506.678650003 23691490.97861 16689887.3872 18634828.1847 25006949.602700002 29901774.68953 35820589.03286 36406684.34935 37247566.48738 39574445.899560004 50139553.46716 39766799.95908 43758933.27999 36644359.39102 35508643.5947 28487032.32079 24110833.09375 27405534.78244 30581106.82284 34619244.97413 41616447.21275 39514522.72313 38317019.96657 25016289.42653 15964912.91468 22153678.46585 37033047.016 34518092.92184 52590703.19628 53358449.837390006 51180104.12156 55356026.74598 58077721.66997 46510338.07467 39042515.104849994 37280451.56385 58626458.028739996 41996579.97439 44596836.22234 42409329.99499 50057383.658700004 53760662.18241 57287919.65647 60765332.49447 70407998.08483 68199474.58392 69292102.21268 57099866.26643 58146330.32029 47104994.959879994 47084800.57194 53467279.11589 50218533.00327 42591862.5209 56887199.72044 63660737.53484 68087083.7647 58461484.16907 71511255.63373 70824402.68864 70318773.07442999 84709564.32456 69191383.10995 54752471.72967 75666866.28213 87561271.56009999 39937461.20861 40596332.86365 
44144784.268089995 47778273.95676 34819938.67989 36053398.84257 28428600.27664 34096646.02493 28370389.883 41359718.25902 34143972.27527 34508036.96134 28830514.72867 27257603.00522 31737790.67834 23929110.83683 23141845.51479 5583511.05026 0 10154776.53355 15333640.731789999 17111329.98561 23253394.45644 35154571.696550004 34796806.54837 30364874.45038 42429016.92013 35813543.80951 31463248.29495 26723293.62808 29364680.810770005 23118425.74925 20011228.7507 18066287.9532 24438409.371200003 30762444.17208 37003463.722 36248450.966230005 38118733.93587001 39001380.6702 51013860.26748 41694085.73487 45750966.30247 38069182.25977 41051178.878920004 33445960.70396 29694344.14401 32989045.8327 33151617.255730003 39768516.08192 46631037.41787 44516073.13311 43900531.01683 30599800.476789996 21548423.96494 16570167.41559 31449535.96574 32724713.835660003 53538494.770050004 55439203.66437 52983422.81375 58270983.89828 62128933.7118 48063266.3249 43850830.282800004 41735634.95923 63513043.450880006 47580091.02465 49572951.92115 47953130.43202 55640894.70896 58940703.70032 62871430.70673 66209006.17309 75789836.71137 73782985.63418 74434919.76664 62683377.31669 63034527.31883 52688506.01014 48509623.440689996 55490412.35444 53908027.27085 48175373.57116 62470710.7707 65631230.56523 73670594.81496 64044995.21933 77094766.68399 76407856.27276 75557744.26477 90254746.29282 74701247.88966 60335982.77993 81188419.44324 92800248.89772 45520972.25887 42581219.92045 
43365310.74676 45355547.24451 35622305.40145 37863440.98562 31068962.5625 34183954.60045 27219316.78183 38637416.62893 40423846.933359995 39582834.88921 34627618.05589 33537477.66331 38680723.67191 33975788.50767 29829738.7171 15738287.58381 10154776.53355 0 5178864.19824 6956553.45206 17732361.99933 29633539.23944 32307851.33223 38897626.416820005 39272700.23955 33027096.51174 34346806.653270006 33659980.92723 31081965.38245 30245969.84576 27781133.58885 25836192.79135 29476549.851660002 38812067.53772 44622385.82326 43530680.31792 45511069.613759995 45388820.26482 58409113.85395 50479551.2504 54479004.35193001 47351734.06839 44573130.19239999 38184918.04836 34830904.165690005 36306253.8693 34671342.031390004 49754677.96908 56785813.95142 54625211.71388 53109762.94261 40126978.41728 22261226.00329 26724943.949139997 26373206.31813 34428933.17226 50611843.27138 55640633.03893 51841262.22553 59729556.22208 65216306.57244 51150639.18554 50130704.94089 46813102.52962 69388330.42197 54267984.22696 55689487.3447 56409733.30072 62322055.20374 67713647.57174 72033046.05641 76346831.46628 85818929.80041 83327217.29996 84402791.20343 72231753.44794 73189303.85238001 58283536.6889 57123864.36012 64870336.56269 62709802.890609995 55242794.04597 69184511.63668999 74082584.72393 81876333.36623 72263528.75833 86621944.62448 85144084.28445 84193163.77058999 98333454.87807 82459614.66181 68472973.61363 90411992.68207 100684871.9129 54952423.66122001 42972446.54173 
46535747.24131 48362761.73069 37235894.7304 39585211.03861 31225567.79674 36385265.60966 32398180.980070002 40464096.854729995 43194311.70811 39713722.22192 39806482.25413 38716341.861549996 41831589.24221 36427330.11263 35008602.91534 20917151.78205 15333640.731789999 5178864.19824 0 5055594.73964 16357707.022130001 28258884.26224 30933196.35503 35235164.618590005 37371741.52713 31126137.79932 29468418.61097 28901092.23637 26186902.91469 29603872.982019998 22602269.39061 20657328.59311 25425608.792379998 33881313.77608 39489377.69603 38410292.5788 40355128.8796 40362629.60205 53292143.22168 45300687.05216 49300140.15369 43426498.64587 39394265.99416 34028239.19449 29652039.96745 31127389.67106 32770383.318970002 45894072.42043 53217156.601449996 50119179.2715 49864161.47023 36340794.13325 27440090.201530002 31903808.147379998 31552070.516370002 39607797.3705 53424207.91314 57839180.44025999 55333627.28315 61408877.19696 66716366.81698 53768648.35409 49126582.86963 46575426.00387 68763483.69354999 53090798.349139996 54899644.108109996 58613777.80804 59163270.8435 65431705.48535 69799403.5767 72560647.18225 82032745.51638 79436599.63482 80579652.48805 70938298.75468 68790420.73907 53104672.49066 52967185.50625 59763999.78949 57690600.3301 50063929.84773 64005647.438449994 68903720.52569 78311877.59022 68469670.92661 82575516.65762 82607625.42039 81989816.37737 96331703.58993 81361605.86133 66425700.28125 87812441.22255 99232314.86304 51198296.84891 45071131.612770006 
50321864.19882 51747485.88058 42291489.47004 44640805.77825 36281162.53638 40706763.25287 34175870.233890004 45519691.59437 46679222.121999994 44769316.961559996 41584171.50795 40494031.11537 42263730.88326 40556695.90487 36786292.16916 22694841.03587 17111329.98561 6956553.45206 5055594.73964 0 11302112.28249 23203289.522600003 25877601.615390003 32467376.699980002 32316146.787490003 26070543.05968 27871199.23729 30039480.32291 25297189.20395 31386064.51129 24384460.91988 22439520.12238 28811641.54038 34743562.21995 39755410.49951 38318678.15015 40399239.78551 39537088.75401 53097941.27037 46407916.395799994 50464876.907759994 44288747.08974 41785138.65807 37819028.35019 31139614.5954 36182984.4107 27714788.57933 50097859.477290004 56382277.95195 53588795.40885 52469592.74897 40470159.92549 29217779.45535 33681497.4012 33329759.77019 41385486.62432 57568396.72344 62158748.38849001 58651638.85755 66181378.34896 70891736.04417 58107192.6376 54182177.60927 51631020.74351 73764513.8574 58007398.08779 59955238.84774999 59045919.449090004 64218865.58314 69820104.68209 73928769.36894001 76689991.94971 86162111.30862 83114969.94862 84549098.8512 73543730.03342 72135754.13608 58160267.2303 53918534.55474 61422300.300459996 59480840.57458 53145004.780439995 66396520.102359995 69835694.76498 79630644.48943 70860543.59052 86184912.58984 87299641.80758 86466549.7667 101177409.38997 86417200.60097 71223356.59403 92307715.99460001 103773772.15566 56167491.83779 49490561.89129 
61051711.37609 62041277.551 52788641.48224 55595802.98495 47583274.81887 51916316.59978 44951367.72154 56369778.62826 55169544.15599 55412875.22742 49928598.81562 48355687.09217 52469948.04777 47182505.29327001 43766136.86402 26315668.41969 23253394.45644 17732361.99933 16357707.022130001 11302112.28249 0 11901177.24011 14575489.3329 21165264.417489998 22850278.44691 24848633.710389998 23683206.93984 28585596.83008 27357568.046550002 31593409.31792 24591805.72651 22646864.92901 27415145.12828 37103054.5894 39199628.16716 36689213.67399 38966176.43286999 36180362.10794 50562192.07492 48097579.19616 51666632.47915 45511686.58832 45631133.648770005 38025915.47381 33514683.26445 41686569.73612 37732194.23154 57903242.48463 62710124.939220004 59453788.7381 58996091.69947 48576869.47349 39993588.00262 39823561.872030005 44105568.31746 52161295.17159 68344205.27070999 73372995.03826 69520709.46468 77217667.56754 82155025.8272 68883001.18487 64948914.36975 62643142.86783 84607777.31920001 68204382.37388 70680961.04942 68724998.41468 74929025.66237 79031349.75646 81888632.20356001 84175094.27449 93258045.62058 89806341.24074 90915982.79374 79258534.24648 77329891.8557 63663852.55572 55952127.76924 63030289.08262 61350531.5994 53811123.01081 69803846.13202 71255315.71663001 82155754.2557 72687435.9833 91907674.31053 96326325.37117 96634441.49411999 110616102.734 95507051.52964 81068140.14936 100267578.82922001 113416558.14012 66253129.628299996 60623878.36461 
70390650.02715 72909891.22101 61540554.16527 63501231.758700006 55374023.58556 60715675.82372 54268856.33452 57994054.25458 60439979.21152 61697737.44798 55033106.57184 53562989.32418 57608170.58877 48504641.87064 49652241.26598 32093906.80145 35154571.69655 29633539.23944 28258884.262240004 23203289.522600003 11901177.24011 0 2674312.09279 9264087.17738 10949101.2068 17849787.35375 19076722.57875 18029569.694679998 15456390.80644 23748417.054899998 22774222.56363 20829281.76613 20523218.98906 27258928.9192 33499948.46912 28012356.74113 30289319.500010002 31549405.821149997 40592572.58742 40169918.63512 44170979.11326 39293858.32183 41228685.10267 33633076.588 28979020.92419 42533013.81002 35886562.06732 56131494.26365 60743260.92568 57098238.701790005 54706759.03495 48485855.99706 48058819.71613 43185204.77479 53927550.29463 55397684.11545 78166187.24788 82173281.67638 79076947.28777 85720097.74259001 88969042.8852 77224523.43518001 69964207.70871 68472883.56577 89588084.70546001 72801604.67126 75579148.32491 70620996.78423 71367942.65943 79614407.18985 81793324.00681 83758420.79268 92120414.42624 86105279.42152 88228293.91563 75780896.3194 73530766.64419 60558895.87262 49539794.56758 54709148.82387 54520579.35093 47421129.36575 63247031.63139 64107063.46548 75765760.61064 66612087.52202 88447647.53558 96755770.04707 97611798.83048001 112255529.72196 97732392.61622 82562704.40862 99843359.93166 114983807.89006999 69527637.70948 69125481.21299 
71600303.34945 73584850.19008 64098016.87115 64790576.862950005 56853296.70538 62141074.15483 56099389.401149996 59755898.55407 62492496.111310005 63275914.92878 57179038.56471 55606126.84126 59380010.63342 51178953.96343 50597125.35921 33225731.00534 34796806.54837 32307851.33223 30933196.355030004 25877601.615390003 14575489.3329 2674312.09279 0 11938399.27017 13623413.29959 20524099.44654 16402410.48596 20703881.787469998 18130702.89923 26400630.23504 22282818.34548 22664363.73571 22349293.47789 29933241.01199 33780700.24677 30686668.833920002 32614036.37911 29295612.38058 42608482.54953 42358381.25027 46020806.05459 41881817.90246 43902997.19546 36303473.17104 31653333.01698 45207325.90281 37712636.55615 58259884.03539 63355909.65236 59772550.794580005 57381071.12774 50311930.48589 49190643.92002 40510892.682 54627003.84745 56255904.48472 78865640.80070001 83576308.59777 80629165.97474 87009442.84684001 90835186.35176 79370455.42805 72199354.11884 70506182.56919 91665248.92342 74553048.98015 77770178.7125 73055872.08876 73974064.38749 82160819.98689 84399201.56041 85881068.58943 94025523.43924999 88779591.51431 90902606.00841999 78455208.41219 76195244.37452 62980362.15638 52214106.66037 57296352.43248 57033482.167 50095441.45854 65921343.72418 66295526.080630004 78201892.58004999 69286399.61481 91121959.62836999 99399075.65888 98978965.92227 114870290.45822 100406704.70900999 85237016.50141001 102517672.02445 117637102.00229001 72201949.80227 70584940.72603999 
70808117.25872 71613740.83017 63478980.523660004 65323159.10982 58793474.72702 61627586.76834 54662123.29379 66494091.751140006 64508846.72565 64872911.41172001 59195389.17905 57622477.4556 61392279.4789 53483259.54052 52827180.57367 35948385.500640005 30364874.45038 38897626.41682 35235164.61859 32467376.69998 21165264.417489998 9264087.17738 11938399.27017 0 20213188.384180002 27113874.53113 28340809.75613 26920644.22754 24347465.339300003 32639491.58776 27165362.40551 27949610.98116 24853717.96829 36401305.77814 40399099.39553 37271351.89114 39548314.650019996 38106006.14196 49856659.7648 49086159.47393 53143119.98589 48410329.44375 49908767.493240006 42303549.318280004 37581628.10562 51424088.34288 43034940.28369 63176090.93928 68587551.83506 65331215.63394 62984773.0545 54815675.282800004 51913298.41532001 46935041.86597 57057603.16723 49001876.3131 76654680.30356 83082190.46775 79269313.07248001 87134772.26302001 92493808.16218 78428140.77528 74215704.73318 72100509.40961 93877917.90126 76831226.61751 79851591.32925 76622011.95385 78867260.66634 86642944.97519 89099780.20876 90763612.64946 99364491.3484 94817424.06257 96561908.34109999 84058910.33895 82163767.5906 68444672.56754 58694341.45087 63973236.00125 63784666.52831 56575439.44986 71756762.87041 71563453.35613 84920070.69475 75736294.64386 97009008.09808 103937920.5899 103475456.79442 118564205.54828 104255396.59335 88793007.61182 107237065.65721 121355176.34932 75328342.03792 70414003.97055 
81339751.23395 83254433.37719 72489655.37207 74110549.29463 66278770.85546 71664777.03052 65217957.541319996 68943155.46138 70870053.94877 71968686.49298 65304055.61684 64512090.53098 67011602.1742 58761681.847049996 59946505.65155999 43043008.00825 42429016.92013 39272700.23955 37371741.52713 32316146.787490003 22850278.44691 10949101.2068 13623413.29959 20213188.384180002 0 6900686.14695 25378980.915360004 21623570.79986 22196093.68533 30488119.93379 28323488.22811 27568984.64502 27262921.86795 34359590.53373 32602687.83442 33718952.69152 31441989.93264 38174711.41819 38803216.34879 42153840.69017 45323649.54589 43313194.17655 46453950.66286 39219257.023090005 35711083.93343 49272716.68891 42626264.94621 62576686.22952 66772951.10977 62933459.26099 60541979.59415 55225558.875949994 58218717.71365 54134305.981589995 64876651.50143 66346785.32225 89115288.45468 93122382.88317999 90022806.69795 96329415.27852 99790786.31088999 85962866.87505 80102465.40518999 78820784.04354 99423549.71982001 81258475.81503001 85792841.00882 79560325.07851 78767507.16677 87604329.98719 89213479.02336001 89651888.42266001 97345679.98642999 91406852.83287999 93606219.78088 81616116.8786 78653439.19091 67290958.88186 52284911.71963 56124305.98601 56662648.15481 50384374.62473 64767873.01603 58426386.93648 77976704.15123999 69231896.50419 93343669.29073 104400442.80855 104304822.82894 120093993.01903 105996111.28931001 91071825.42258 106952706.66708 123118982.04455 78870545.75893 80037664.34047 
