23
Atlanta Louisville SanFrancisco Tucson Columbus Tulsa Minneapolis Philadelphia Phoenix FortWorth SanJose Boston Indianapolis LosAngeles Raleigh Austin LongBeach LasVegas Seattle Portland Milwaukee Nashville Jacksonville
0 32209249.40507 33704616.52973 95091886.02413 143721717.04515 106325136.43933 98037363.58552 150284351.46421 139625618.54393 140769472.90459 178237572.64843002 171773941.70102 217962145.31498 211747039.72816998 138354165.83903 109040507.52735001 200418020.3761 138267000.62821 201468248.20758998 132613263.44257 61143923.68062 104730359.24381 26954544.20215 
32209249.40507 0 65913865.9348 127301135.4292 175930966.45022 138534385.8444 130246612.99058999 131773256.49492002 107416369.13886 108560223.49952 146028323.24336 139564692.29595 214865518.5894 237356919.83603 170563415.24409997 141249756.93242 184226512.73813 170476250.03328001 169258998.80251998 100404014.0375 93353173.08568999 136939608.64888 59163793.607219994 
33704616.52973 65913865.9348 0 128796502.55386 177426333.57488 140029752.96906 131741980.11524999 127459280.74412999 148836867.15067 174474089.43432 206574728.53356 165962010.08201 228140861.61694002 205649460.37031 172058782.36876 142745124.05708 179912536.98734 104562384.09848 195711741.43384 166317879.9723 94848540.21034999 71025742.71408 60659160.731879994 
95091886.02413 127301135.4292 128796502.55386001 0 48629831.02102 79130140.47203 108629409.43244 160876397.31113 176193874.04272 142568727.76410002 173408894.05997002 158860064.15012002 190766183.97787 184551078.39106 111158204.50192 81844546.19024 173222059.03899 217706529.73923 147293032.27936 170439162.68037 33947962.34351 84014066.36418 68137341.82198 
143721717.04514998 175930966.45022 177426333.57487997 48629831.02102 0 60676845.60769 90176114.5681 113938013.80020002 128301265.06558 93938896.74307999 131406996.48692 110230233.12910001 200244191.83296 222735593.07959002 159788035.52293998 130474377.21125999 166391270.04341 169076698.71821 98663201.25834 167518186.02336 82577793.36453 132643897.3852 116767172.843 
106325136.43933 138534385.8444 140029752.96906 79130140.47203 60676845.60769 0 29499268.96041 81746256.8391 97063733.57069 67339324.15143 94278753.58794 83630660.53745 163115948.93398 185607350.18061 122392420.28693001 93078761.97525 139791697.45176 142477126.12656 159340046.86603 181673378.46538 45182178.12852 95248282.14919 79370592.23718 
98037363.58552 130246612.99059 131741980.11524999 108629409.43244 90176114.5681 29499268.96041 0 52246987.878690004 100327740.53669 96838593.11184 123778022.54835 113129929.49786 192615217.89439 215106619.14102 151891689.24734 122578030.93566 131403410.37336001 156715247.7865 188839315.82644 211172647.42579 74681447.08893 124747551.1096 71082819.38337 
150284351.46421 131773256.49492002 127459280.74413 160876397.31113 113938013.80020002 81746256.8391 52246987.878690004 0 48080752.658 82443120.9805 119911220.72433999 87832304.32768 188748416.07037997 211239817.31701 199847593.6551 170533935.34342 79156422.49467 104468259.90781 195617617.24317002 167923141.49352002 126928434.96762 153653170.85176 123329807.26206 
139625618.54393 107416369.13885999 148836867.15067 176193874.04272 128301265.06557998 97063733.57069 100327740.53669 48080752.658 0 34362368.3225 71830468.06634 65366837.118930005 140667663.41237998 163159064.65901 219456153.85761997 190142495.54593998 100534008.90121001 125845846.31435001 186482174.15191 143566254.13746 142245911.69921 192312015.71987998 166580162.74607998 
140769472.90459 108560223.49952 174474089.43432 142568727.7641 93938896.74307999 67339324.15143 96838593.11184 82443120.98050001 34362368.3225 0 37468099.74384 66510691.47959 106305295.08987999 128796696.33650999 185913274.56583 160418086.12668 134896377.22371 160208214.63685 187626028.51257002 144710108.49812 112521502.27995 162587606.30062 146709916.38861 
178237572.64843002 146028323.24336 206574728.53355998 173408894.05997 131406996.48692 94278753.58794 123778022.54835 119911220.72433999 71830468.06634 37468099.74384 0 40612718.45155 68837195.34604 91328596.59267 148445174.82199 177758833.13367 106009435.4116 183583707.69724 225094128.25641 182178208.24196 139460931.71646 189527035.73713 173649345.82512 
171773941.70102 139564692.29595 165962010.08201 158860064.15012 110230233.1291 83630660.53745 113129929.49786 87832304.32767999 65366837.118930005 66510691.47959 40612718.45155 0 109449913.79758999 131941315.04421999 189057893.27354 176709422.5127 140285560.57089 142970989.24569 208893434.38744 175714577.29455 128812838.66597 178878942.68664 163001252.77463 
217962145.31498 214865518.5894 228140861.61694 190766183.97787002 200244191.83295998 163115948.93398 192615217.89439 188748416.07038 140667663.41237998 106305295.08987999 68837195.34604 109449913.79758999 0 22491401.24663 79607979.47595 108921637.78763 174846630.75764 252420903.04327998 293931323.60245 251015403.588 156818221.63436002 157115118.90286 191007601.11283 
211747039.72816998 237356919.83603 205649460.37031 184551078.39106 222735593.07959 185607350.18061 215106619.14102 211239817.31701002 163159064.65901 128796696.33651 91328596.59267 131941315.04422 22491401.24663 0 73392873.88914 102706532.20082 194084045.04957 274374109.08651 316422724.84908 273506804.83463 150603116.04755 134623717.65623 184792495.52602 
138354165.83903 170563415.2441 172058782.36876 111158204.50192 159788035.52294 122392420.28693 151891689.24734 199847593.65510002 219456153.85761997 185913274.56583002 148445174.82199 189057893.27354002 79607979.47595 73392873.88914 0 29313658.31168 120691171.16043 200981235.19737 258451236.78128 213701442.49527 77210242.15841 127276346.17908 111399621.63688 
109040507.52735 141249756.93242 142745124.05708 81844546.19024 130474377.21125999 93078761.97525 122578030.93566 170533935.34342 190142495.54594 160418086.12668002 177758833.13367 176709422.51270002 108921637.78763 102706532.20082 29313658.31168 0 91377512.84875 171667576.88568997 229137578.4696 184387784.18359 47896583.84673 97962687.86739999 82085963.32519999 
200418020.37609997 184226512.73813 179912536.98734 173222059.03899 166391270.04341 139791697.45176 131403410.37336001 79156422.49467 100534008.90121001 134896377.22371 106009435.4116 140285560.57089 174846630.75764 194084045.04957 120691171.16043 91377512.84875 0 80290064.03694 171439421.3723 220376397.73672998 139274096.69548 189340200.71615 173463476.17395 
138267000.62821 170476250.03328001 104562384.09848 217706529.73923 169076698.71821 142477126.12656 156715247.7865 104468259.90781 125845846.31435 160208214.63685 183583707.69724 142970989.24569 252420903.04328 274374109.08651 200981235.19737 171667576.88569 80290064.03694 0 91149357.33536 160004342.10038 187659304.25507998 175588126.81256002 165221544.83036 
201468248.20759 169258998.80252 195711741.43384 147293032.27936 98663201.25834 159340046.86602998 188839315.82643998 195617617.24317002 186482174.15190998 187626028.51257 225094128.25641 208893434.38743997 293931323.60245 316422724.84908 258451236.78127998 229137578.4696 171439421.3723 91149357.33536 0 68854984.76502 181240994.62287 231307098.64354 215430374.10134 
132613263.44257 100404014.0375 166317879.9723 170439162.68037 167518186.02336 181673378.46538 211172647.42579 167923141.49352 143566254.13746 144710108.49812 182178208.24196002 175714577.29455 251015403.588 273506804.83463 213701442.49526998 184387784.18359 220376397.73672998 160004342.10038 68854984.76502 0 136491200.33686 186557304.35753 159567807.64472 
61143923.68062 93353173.08568999 94848540.21035 33947962.34351 82577793.36453 45182178.12852 74681447.08893 126928434.96762 142245911.69921 112521502.27995 139460931.71646 128812838.66597 156818221.63436002 150603116.04755 77210242.15841 47896583.84673 139274096.69548 187659304.25508 181240994.62287 136491200.33686 0 50066104.02067 34189379.47847 
104730359.24381 136939608.64888 71025742.71408 84014066.36418 132643897.3852 95248282.14919 124747551.1096 153653170.85176 192312015.71987998 162587606.30062 189527035.73713 178878942.68663996 157115118.90286002 134623717.65623 127276346.17908 97962687.86739999 189340200.71615 175588126.81256 231307098.64354 186557304.35753 50066104.02067 0 84255483.49914 
26954544.20215 59163793.607219994 60659160.731879994 68137341.82198 116767172.843 79370592.23718 71082819.38337 123329807.26206 166580162.74607998 146709916.38861 173649345.82512 163001252.77463 191007601.11282998 184792495.52602 111399621.63688 82085963.32519999 173463476.17395 165221544.83036 215430374.10134 159567807.64472002 34189379.47847 84255483.49914 0 
