23
3 18 17 4 22 19 10 15 8 7 35 11 1 2 5 24 16 23 21 47 31 9 0
0 7.0 66.0 77.0 87.0 112.0 157.0 140.0 119.0 149.0 165.0 151.0 200.0 153.0 164.0 154.0 157.0 120.0 130.0 82.0 62.0 236.0 72.0 
7.0 0 59.0 70.0 80.0 105.0 150.0 133.0 112.0 142.0 158.0 144.0 193.0 149.0 157.0 161.0 164.0 113.0 123.0 75.0 55.0 243.0 79.0 
66.0 59.0 0 17.0 51.0 76.0 92.0 74.0 53.0 83.0 113.0 91.0 134.0 120.0 104.0 119.0 122.0 76.0 86.0 66.0 26.0 201.0 106.0 
77.0 70.0 17.0 0 62.0 87.0 82.0 91.0 70.0 100.0 96.0 74.0 151.0 131.0 87.0 130.0 133.0 93.0 103.0 77.0 37.0 212.0 117.0 
87.0 80.0 51.0 62.0 0 97.0 142.0 125.0 104.0 134.0 78.0 100.0 145.0 141.0 149.0 164.0 167.0 105.0 115.0 87.0 47.0 246.0 127.0 
112.0 105.0 76.0 87.0 97.0 0 51.0 69.0 57.0 87.0 144.0 161.0 207.0 121.0 174.0 146.0 149.0 114.0 104.0 112.0 50.0 212.0 130.0 
157.0 150.0 92.0 82.0 142.0 51.0 0 18.0 39.0 69.0 126.0 148.0 193.0 172.0 151.0 147.0 150.0 115.0 125.0 157.0 95.0 241.0 175.0 
140.0 133.0 74.0 91.0 125.0 69.0 18.0 0 21.0 51.0 108.0 130.0 175.0 156.0 139.0 129.0 132.0 133.0 143.0 140.0 100.0 223.0 180.0 
119.0 112.0 53.0 70.0 104.0 57.0 39.0 21.0 0 30.0 87.0 109.0 154.0 135.0 157.0 120.0 123.0 129.0 139.0 119.0 79.0 202.0 159.0 
149.0 142.0 83.0 100.0 134.0 87.0 69.0 51.0 30.0 0 57.0 79.0 124.0 105.0 185.0 109.0 112.0 155.0 165.0 149.0 109.0 232.0 189.0 
165.0 158.0 113.0 96.0 78.0 144.0 126.0 108.0 87.0 57.0 0 22.0 67.0 162.0 183.0 166.0 169.0 183.0 193.0 165.0 108.0 259.0 188.0 
151.0 144.0 91.0 74.0 100.0 161.0 148.0 130.0 109.0 79.0 22.0 0 89.0 184.0 161.0 188.0 191.0 167.0 177.0 151.0 111.0 280.0 191.0 
200.0 193.0 134.0 151.0 145.0 207.0 193.0 175.0 154.0 124.0 67.0 89.0 0 159.0 232.0 186.0 183.0 210.0 220.0 200.0 160.0 192.0 240.0 
153.0 149.0 120.0 131.0 141.0 121.0 172.0 156.0 135.0 105.0 162.0 184.0 159.0 0 80.0 212.0 215.0 174.0 184.0 156.0 116.0 315.0 196.0 
164.0 157.0 104.0 87.0 149.0 174.0 151.0 139.0 157.0 185.0 183.0 161.0 232.0 80.0 0 132.0 135.0 180.0 190.0 164.0 124.0 299.0 204.0 
154.0 161.0 119.0 130.0 164.0 146.0 147.0 129.0 120.0 109.0 166.0 188.0 186.0 212.0 132.0 0 3.0 195.0 205.0 179.0 139.0 182.0 219.0 
157.0 164.0 122.0 133.0 167.0 149.0 150.0 132.0 123.0 112.0 169.0 191.0 183.0 215.0 135.0 3.0 0 198.0 208.0 182.0 142.0 185.0 222.0 
120.0 113.0 76.0 93.0 105.0 114.0 115.0 133.0 129.0 155.0 183.0 167.0 210.0 174.0 180.0 195.0 198.0 0 10.0 95.0 80.0 270.0 160.0 
130.0 123.0 86.0 103.0 115.0 104.0 125.0 143.0 139.0 165.0 193.0 177.0 220.0 184.0 190.0 205.0 208.0 10.0 0 85.0 90.0 260.0 170.0 
82.0 75.0 66.0 77.0 87.0 112.0 157.0 140.0 119.0 149.0 165.0 151.0 200.0 156.0 164.0 179.0 182.0 95.0 85.0 0 62.0 261.0 142.0 
62.0 55.0 26.0 37.0 47.0 50.0 95.0 100.0 79.0 109.0 108.0 111.0 160.0 116.0 124.0 139.0 142.0 80.0 90.0 62.0 0 221.0 80.0 
236.0 243.0 201.0 212.0 246.0 212.0 241.0 223.0 202.0 232.0 259.0 280.0 192.0 315.0 299.0 182.0 185.0 270.0 260.0 261.0 221.0 0 205.0 
72.0 79.0 106.0 117.0 127.0 130.0 175.0 180.0 159.0 189.0 188.0 191.0 240.0 196.0 204.0 219.0 222.0 160.0 170.0 142.0 80.0 205.0 0 
