45
BX CA AU B W BS AE AS CK CF AK BF AQ T AH CM BE BP AW BU I AV AX O CU AM CR H CQ U BJ F CC AA AI BA CV AB CE CD BG AT AO P AY
0 213134112.30813 311888243.99697 303398576.54039 341903916.44959 357378537.45335 434844329.22436 566449131.72852 739236923.5502801 849248668.32755 940720564.14194 931498872.5790801 914075096.24091 1024203444.93546 875706625.81154 1158440387.68185 1143866968.8896 1046420208.23669 1049252734.70463 1202286482.74768 1213913069.3138201 1331549004.72127 1462331448.7822 1547764814.99152 1563684288.51568 1577892975.27414 1308408634.00082 1263690164.735 1233155792.24341 1277180908.96977 1293405426.98455 958847513.87154 966790609.23229 898635677.58855 829219680.33185 997441438.5283401 888822327.88095 688462770.32053 644748431.27942 444453935.72022 449371689.0844 640875660.99035 909788827.27596 528221086.17991996 83516454.22844 
213134112.30813 0 98754131.68884 238860392.93376 231604545.77149 174068007.83533 221710216.91623 357813172.97158 526623899.73403 640840181.1983299 732403368.05598 722862913.82214 702367094.57611 811069332.6273301 663981078.8307099 946048963.11788 932830556.0979 833286095.92856 862329712.89038 1021977593.39012 1023742027.56144 1158549735.27187 1289332179.3328 1366938430.48327 1411054769.57791 1424350707.94095 1216490024.30388 1211774666.77557 1191464670.1842399 1255518597.12108 1272596160.34218 957712064.27219 982220449.69424 915081995.3475499 765823045.60855 941392945.65826 792997493.93768 605702312.5335 589886317.75266 389591822.19346 463397245.51383996 549146335.5644 731421611.79289 315086973.87179 296650566.53657 
311888243.99697 98754131.68884 0 140106261.24492 330358677.46033 75313876.14649 199949392.10889 412044464.98454 436088745.36739 556969858.13906 648726427.93582 641752824.03923 618209332.65765 716009029.47475 570341255.4003 854748659.42509 834076424.40906 736164179.81032 766545629.25529 923223461.70128 946553788.77571 1069262879.1697999 1196892001.78421 1273563521.08819 1315139146.48522 1331208892.66879 1176863624.05103 1173144677.41185 1150570698.9015 1232395365.14966 1251023025.3620799 946450242.68129 976127771.25053 878996020.3773301 769921398.08017 905412115.57032 761674824.84198 563245807.69172 514223900.36656 374506713.22508 364643113.825 450392203.87556 646488071.83768 221447150.44138 395404698.22541 
303398576.54039 238860392.93376 140106261.24492 0 206142671.64597 215420137.39141 339636710.67706 406739933.53983 546593882.45292 683414607.18986 772033959.29377 764888136.49507 748445445.40524 809030755.93959 673653991.04042 957930591.16281 914056509.8259699 863892531.6078 787301086.99189 958327284.90498 948405859.93464 1067316506.97813 1198098951.0390599 1295960092.21289 1297470821.77873 1310205766.28866 1082959490.94397 1072300324.34158 1046657502.61938 1116084802.01856 1132812471.91502 827729733.57347 847976188.7100201 752813006.49376 629815136.83525 801735585.70631 669782548.46252 468040920.00358 496689663.79704 302533489.66768 224536852.58008 432737048.05086 620548332.22241 361553411.6863 345052596.29101 
341903916.44959 231604545.77149 330358677.46033 206142671.64597 0 328642060.51701 292301107.30054 453128563.09204 486248474.60212 578659849.82507 670416419.62183 676996560.86292 629125373.85193 730767725.2764801 573082758.79787 857996746.57315 815795307.72836 743689281.66241 709777353.05032 860382566.29809 872009152.86423 1001942296.67537 1131729869.30523 1214444313.69573 1242473029.72425 1277176667.10998 1071737285.5762 1084523024.37381 1061972762.68184 1146159089.09703 1161039649.11219 863378125.10923 896087667.9958401 769693748.06212 677926616.12107 817107096.13225 652207757.91681 474663941.35513 425662098.20288 295140669.88464 293375730.47037 361770550.83752 567884910.82637 374278494.42297 421188977.99249 
357378537.45335 174068007.83533 75313876.14649 215420137.39141 328642060.51701 0 135024294.90998 347119367.78563 381858386.09693 494514102.41334 586260807.75472 576821418.38123 556696558.78756 682802836.9172 525117870.43859 801284074.7432001 804165002.4013901 773832072.95807 762023745.95268 924211085.66584 940814044.37667 1077125620.95206 1207908065.01299 1270678600.54745 1346349555.20183 1360558241.96029 1208606423.0184999 1229944768.1345 1206823967.86992 1299648501.53743 1309390161.79916 1013194636.46097 1045396852.16066 919185570.94695 845235274.22666 962632771.89383 786617625.30278 638559683.83821 570971464.25381 443919834.55507 439956989.97149 525706080.02204996 696367599.64586 296761026.58787 440894991.68179 
434844329.22436 221710216.91623 199949392.10889 339636710.67706 292301107.30054 135024294.90998 0 212095072.87565 395658612.19105995 475634680.03488 567391249.83164 546045284.01838 546437243.91879 688320595.15401 531071966.2922 815084300.8373299 825930745.99096 820170646.2302401 853672543.1643701 1017684871.08381 1008120272.25839 1168835102.18876 1292635033.0916 1356741058.1526098 1430714230.77294 1451326034.63471 1336085340.25847 1363993480.27494 1341732155.53387 1429473343.58452 1444149629.87466 1145527783.06158 1175893103.43068 1054209865.85693 958038635.08299 1097657066.80381 919455408.55267 754092323.82419 705985581.09108 574450366.758 558509989.86015 650341595.98445 789822927.69808 421396542.55026996 518360783.4528 
566449131.72852 357813172.97158 412044464.98454 406739933.53983 453128563.09204 347119367.78563 212095072.87565 0 183563539.31541 283031708.33387 374702163.73632 365049740.85056 431635392.59002 478725831.79069996 321040865.31209 602989227.9616799 615279704.8372099 608075573.35459 695247769.9030701 866273967.8161601 817736392.05773 1012855697.81713 1112383482.27456 1164692618.37489 1279409472.33433 1304469931.72514 1230276753.86117 1296700857.80018 1281387721.69996 1392177304.7404299 1403701498.38029 1141110145.61304 1177808405.1499 1031428983.2783301 961995210.87126 1054545268.49798 840259594.71298 785778893.05227 666656863.26756 682485276.30109 604488639.21349 708138741.32352 659681713.29066 399185447.342 649150179.51875 
739236923.5502801 526623899.73403 436088745.36739 546593882.45292 486248474.60212 381858386.09693 395658612.19105995 183563539.31541 0 142324158.1231 225440076.84085 231647356.64814 282373305.69455 315654789.81479 157970470.20832 419425688.64627 431716165.5218 469172545.02566 556344741.57414 727370939.48723 679562153.99105 861841099.39311 973480453.94563 1018148236.36337 1138031370.64665 1163105979.00318 1188078138.0341501 1288078301.48939 1278644424.0622401 1407716382.02101 1415626862.57915 1181358737.18851 1231088664.61802 1068099260.6461899 1023101365.52919 1055166474.77005 833482461.56784 741808400.17833 731525520.7669101 698180188.51807 713101691.59536 711217077.9719601 613237407.3649 215621908.02659 822753377.7787201 
849248668.32755 640840181.1983299 556969858.13906 683414607.18986 578659849.82507 494514102.41334 475634680.03488 283031708.33387 142324158.1231 0 91756569.79676 131289343.31158 148689798.65046 330973387.0593 234594920.61945 497952195.54581 401302353.699 529903354.19906 609972410.12549 774428721.26932 740292963.16445 920280998.76773 1021859443.65258 1051486337.82409 1201237253.1788 1225755800.44375 1301998160.05245 1420297025.78685 1408118978.78074 1540435351.30528 1547444397.01811 1320128263.112 1371304765.37952 1206187694.14782 1165399884.58915 1187806684.5137 962915662.17403 884132558.30143 847153556.62496 824256739.40431 853453112.81161 797776614.9845 725590450.44544 344034794.29127 932181887.8526199 
940720564.14194 732403368.05598 648726427.93582 772033959.29377 670416419.62183 586260807.75472 567391249.83164 374702163.73632 225440076.84085 91756569.79676 0 39532773.51482 56933228.8537 239216817.26253998 148347386.03857 406195625.74905 387347105.67503 538709280.5757 623646974.06856 778387649.06384 725750696.09375 920406716.04392 1014780324.84162 1033852930.0534301 1196979093.97542 1226022184.66956 1338505704.78448 1472637961.02304 1459920601.64658 1600343858.56373 1605668341.20688 1392799203.56583 1446111348.78809 1276398587.83429 1239368581.11615 1247893521.71955 1020056441.6508 953248866.55565 919638850.62618 907615634.91899 938541768.43621 889533184.78126 772307112.98272 435791364.08803 1023077916.20165 
931498872.5790801 722862913.82214 641752824.03923 764888136.49507 676996560.86292 576821418.38123 546045284.01838 365049740.85056 231647356.64814 131289343.31158 39532773.51482 0 96466002.36851999 278749590.77735996 187880159.55339 445728399.26387 397733433.1565 574572190.87968 658907790.55206 815250021.02128 765283469.60857 958109332.72311 1053730798.1674399 1073030768.23385 1236511867.49024 1263833642.42254 1368258294.87778 1500344561.12452 1488175317.2497802 1622497788.8485699 1628575097.06778 1406677345.09537 1458707935.65748 1292043236.49697 1252770212.87006 1269919090.87672 1042963197.5117 973455756.8264699 939410939.41562 914374932.2078199 942188094.73882 887751171.50792 811839886.49754 440998266.48905003 1010664034.4545 
914075096.24091 702367094.57611 618209332.65765 748445445.40524 629125373.85193 556696558.78756 546437243.91879 431635392.59002 282373305.69455 148689798.65046 56933228.8537 96466002.36851999 0 182283588.40884 205280614.89226997 349262396.89535 330413876.82133 487295738.73217 571325482.4902 742351680.40329 697685347.69756 872643136.25141 968400599.94718 1000334083.7281001 1149943712.82414 1178469523.11125 1294141477.53504 1415976325.62128 1412123218.53825 1543591942.34511 1549025784.31302 1335865974.71213 1389178119.93439 1219465358.98059 1186460713.12125 1191549271.35959 972043067.1184101 896315637.70195 866019599.66508 859643961.51626 893139698.96195 904028108.36325 715373884.12902 396762182.21627 995976929.66657 
1024203444.9354601 811069332.6273301 716009029.47475 809030755.93959 730767725.2764801 682802836.9172 688320595.15401 478725831.79069996 315654789.81479 330973387.05929995 239216817.26253998 278749590.77735996 182283588.40884 0 157684966.47861 166978808.48651 254864728.96866 350997967.57433 438170080.98223 580463942.95501 519512105.66877 714582060.83536 800937199.25809 818050495.31926 988753799.02527 1019811289.5053301 1183399907.79304 1331032643.06695 1330496419.24941 1483550323.72307 1486262247.47192 1307906669.79642 1367117454.49916 1188474799.58711 1177896905.35134 1137923435.83495 909183613.34374 888966368.78853 856690720.49936 892071730.56688 938840722.29079 825351703.01843 641599409.96907 495982358.75554 1107702078.4656 
875706625.81154 663981078.8307099 570341255.4003 673653991.04042 573082758.79787 525117870.43859 531071966.2922 321040865.31209 157970470.20832 234594920.61945 148347386.03857 187880159.55339 205280614.89226997 157684966.47861 0 284913987.77528 358647968.07299 409824476.70350003 489351695.41266 650627659.42401 620214085.66889 803226164.06452 898624643.59195 931012652.51575 1075612785.92035 1104677862.72324 1191625877.69679 1325876334.8459501 1311573215.60801 1452954347.62488 1470153982.0935102 1248352471.33629 1303310703.88302 1131903429.17117 1110785273.1732001 1101471217.26862 884542082.53743 810167823.03608 781425514.41775 785938098.918 829468645.26099 758107855.35011 715010846.11119 348894104.95892 959223080.03998 
1158440387.68185 946048963.11788 854748659.42509 957930591.16281 857996746.57315 801284074.7432001 815084300.8373299 602989227.9616799 419425688.64627 497952195.54581 406195625.74904996 445728399.26386994 349262396.89535 166978808.48651 284913987.77528 0 214641247.66407 488239910.68434 573430249.26109 692527519.19042 631448603.85046 826567909.6098601 880907301.07672 877979380.92694 1079041914.83458 1111755554.2820399 1322164473.6550999 1485067142.26737 1486241291.23953 1642827274.43817 1644653640.92801 1472984177.62283 1533493126.34902 1354452264.19531 1344859908.10363 1299716835.95117 1068854209.13585 1048399205.9575601 1023669528.98587 1057058556.4553599 1099309172.86251 986571220.504 801618724.22405 633391958.98059 1241805851.32393 
1143866968.8896 932830556.0979 834076424.40906 914056509.8259699 815795307.72836 804165002.4013901 825930745.99096 615279704.8372099 431716165.5218 401302353.699 387347105.67503 397733433.1565 330413876.82133 254864728.96866 358647968.07299 214641247.66407 0 315307615.00352 384828935.81275 493049231.21632 476846065.40379 612438371.2056 683707519.83171 688207997.82702 884021152.03839 917232503.6573801 1132411877.67639 1306366249.77107 1310452120.27104 1478236385.1361601 1473004759.44198 1326020066.0799901 1389949607.28261 1206588195.87068 1214293433.0452 1137696833.69487 909290328.19693 913584919.00629 899578712.27229 964550278.82821 1019525997.57129 872029912.68371 638911350.45088 619353165.32322 1226366214.7327 
1046420208.23669 833286095.92856 736164179.81032 863892531.6078 743689281.66241 773832072.95807 820170646.2302401 608075573.35459 469172545.02566 529903354.19906 538709280.5757 574572190.87968 487295738.73217 350997967.57433 409824476.70350003 488239910.68434 315307615.00352 0 87172196.54848 258198394.46157 210389608.96539 405508914.72479 504307908.91997 556681367.0459 671333898.97974 706037536.36547 833924562.97076 1002298402.75084 1016157797.25412 1176818540.34849 1169468501.70529 1037283374.8905602 1103151465.09681 917851504.6812501 941694551.43261 838715637.65502 613523616.47868 646810240.83083 642653933.86697 750356464.96445 828353102.05205 638810831.21658 345340510.64401 564410753.88006 1114017200.1236 
1049252734.70463 862329712.89038 766545629.25529 787301086.99189 709777353.05032 762023745.95268 853672543.1643701 695247769.9030701 556344741.57414 609972410.12549 623646974.06856 658907790.55206 571325482.4902 438170080.98223 489351695.41266 573430249.26109 384828935.81275 87172196.54848 0 171026197.91309 252898845.89472 323917173.70837 454699617.7693 508659005.221 599241405.48527 623090677.16155 748956739.00322 924490218.07518 928985600.70564 1095611560.44402 1094102158.46908 978006127.5476401 1047200129.5550901 871538092.26549 908591411.0206399 771293325.77167 551323977.89488 607540133.03763 609664077.28369 737307334.14244 808210985.18683 604386641.13474 432512707.19249 617523719.03707 1125908336.3387501 
1202286482.74768 1021977593.39012 923223461.70128 958327284.90498 860382566.29809 924211085.66584 1017684871.08381 866273967.8161601 727370939.48723 774428721.26932 778387649.06384 815250021.02128 742351680.40329 580463942.95501 650627659.42401 692527519.19042 493049231.21632 258198394.46157 171026197.91309 0 81872647.98163 152914535.28622 283696979.34715 383160371.39902 428215207.57218 454050203.29923 761179662.56127 869327024.72054 889162674.9720299 1060095421.40674 1056307246.7827599 991100609.05728 1062344562.2897 879456173.21419 961602888.29859 867238867.8069 572225967.11164 724719069.9062101 764997709.45011 847423793.1819401 925420430.2695401 701045093.70393 603538905.10558 780013995.86123 1267311277.86389 
1213913069.3138201 1023742027.56144 946553788.77571 948405859.93464 872009152.86423 940814044.37667 1008120272.25839 817736392.05773 679562153.99105 740292963.16445 725750696.09375 765283469.60857 697685347.69756 519512105.66877 620214085.66889 631448603.85046 476846065.40379 210389608.96539 252898845.89472 81872647.98163 0 195119305.7594 325901749.82033 348620785.89422 471322419.50386 500299183.83656 827774543.7165899 950661380.24699 968690478.27141 1138942260.5462 1135835050.08214 1068850990.38046 1141223584.1989 949419120.17115 1004241515.2774 840956686.29094 654098615.09327 765076777.37056 808862682.71804 887781500.6462901 965778137.73389 744910066.97186 555730119.6094 774800362.8454499 1286054794.75382 
1331549004.72127 1158549735.27187 1069262879.1697999 1067316506.97813 1001942296.67537 1077125620.95206 1168835102.18876 1012855697.81713 861841099.39311 920280998.76773 920406716.04392 958109332.72311 872643136.25141 714582060.83536 803226164.06452 826567909.60986 612438371.2056 405508914.72479 323917173.70837 152914535.28622 195119305.7594 0 130782444.06093 230245836.1128 488106387.07615 522136289.27255 726970500.50535 851526666.96664 871259135.58423 1052832842.41844 1042818529.21359 1030968019.92249 1103294391.9841 926494231.95062 1007923920.79939 901525483.7814 632857531.35091 834599159.80985 880308455.82633 1000338328.4681602 1040250728.88706 853959628.99015 628597073.47581 931489144.97935 1401781091.71444 
1462331448.7822 1289332179.3328 1196892001.78421 1198098951.0390599 1131729869.30523 1207908065.01299 1292635033.0916 1112383482.27456 973480453.94563 1021859443.65258 1014780324.84162 1053730798.1674399 968400599.94718 800937199.25809 898624643.59195 880907301.07672 683707519.83171 504307908.91997 454699617.7693 283696979.34715 325901749.82033 130782444.06093 0 114384765.26553 372245316.22888 406275218.42528 679261365.19232 917237236.00076 953880968.03654 1135454674.87075 1111144760.1168098 1130537240.72963 1202851022.80671 1040095539.7579299 1121080864.22211 908549399.15393 747178239.17576 895647430.58319 928627899.55983 1096397579.33103 1169769641.39325 939273606.02921 598947836.56345 1057441196.5331 1532563535.7753701 
1547764814.99152 1366938430.48327 1273563521.08819 1295960092.21289 1214444313.69573 1270678600.54745 1356741058.1526098 1164692618.37489 1018148236.36337 1051486337.82409 1033852930.0534301 1073030768.23385 1000334083.7281001 818050495.31926 931012652.51575 877979380.92694 688207997.82702 556681367.0459 508659005.221 383160371.39902 348620785.89422 230245836.1128 114384765.26553 0 257860550.96335 291890453.15975 782584443.27343 1027700190.21401 1052768376.41005 1234342083.24426 1221557283.62429 1244854855.18182 1317177331.60798 1144896144.22034 1233229612.89369 1022934164.4194599 858711780.92561 1010032195.84872 1030341971.2122099 1191250723.34476 1267701491.46532 1040047418.05181 697460537.99721 1121092120.92596 1620236047.11314 
1563684288.51568 1411054769.57791 1315139146.48522 1297470821.77873 1242473029.72425 1346349555.20183 1430714230.77294 1279409472.33433 1138031370.64665 1201237253.1788 1196979093.97542 1236511867.49024 1149943712.82414 988753799.02527 1075612785.92035 1079041914.83458 884021152.03839 671333898.97974 599241405.48527 428215207.57218 471322419.50386 488106387.07615 372245316.22888 257860550.96335 0 34703637.38573 589832848.8934801 830700172.44882 871650999.83984 1047879933.51484 1024607696.56487 1095050010.69585 1167422604.5142899 1010415278.75713 1119998012.15848 859685464.97086 792731827.31627 942637716.78596 971128050.3276999 1158691813.4284701 1236676165.09832 1003633361.17636 882535966.18982 1195765781.77099 1623875920.92862 
1577892975.27414 1424350707.94095 1331208892.66879 1310205766.28866 1277176667.10998 1360558241.96029 1451326034.63471 1304469931.72514 1163105979.00318 1225755800.44375 1226022184.66956 1263833642.42254 1178469523.11125 1019811289.5053301 1104677862.72324 1111755554.2820399 917232503.6573801 706037536.36547 623090677.16155 454050203.29923 500299183.83656 522136289.27255 406275218.42528 291890453.15975 34703637.38573 0 555129211.50775 807443559.20075 836947362.45411 1013176296.12911 996794882.57542 1117477325.32744 1180003880.58766 1001797239.84271 1115568710.23507 894389102.35659 761205304.97654 950152170.45497 978642503.9967101 1166206267.09748 1244190618.7673302 1038336998.56209 876366826.14991 1230469419.15672 1635202973.07053 
1308408634.00082 1216490024.30388 1176863624.05103 1082959490.94397 1071737285.5762 1208606423.0184999 1336085340.25847 1230276753.86117 1188078138.0341501 1301998160.05245 1338505704.78448 1368258294.87778 1294141477.53504 1183399907.79304 1191625877.69679 1322164473.6550999 1132411877.67639 833924562.97076 748956739.00322 761179662.56127 827774543.7165899 726970500.50535 679261365.19232 782584443.27343 589832848.8934801 555129211.50775 0 254269979.03799 295752884.32245 470070530.32553 443094084.79796 571297330.23518 635031917.18861 517764197.72198 659081459.01775 364673471.42276 423889797.11129 620426949.29941 668524243.53679 864072334.78286 932917711.60261 726471420.17547 578767593.40602 1138692944.96243 1350980790.36283 
1263690164.735 1211774666.77557 1173144677.41185 1072300324.34158 1084523024.37381 1229944768.1345 1363993480.27494 1296700857.80018 1288078301.48939 1420297025.78685 1472637961.02304 1500344561.12452 1415976325.62128 1331032643.06695 1325876334.8459501 1485067142.26737 1306366249.77107 1002298402.75084 924490218.07518 869327024.72054 950661380.24699 851526666.96664 917237236.00076 1027700190.21401 830700172.44882 807443559.20075 254269979.03799 0 41482905.28446 220883969.64362 193907524.11605 383691758.59804 433708871.18718 380546730.03738 529209136.64365 369330280.48100996 457381363.61282 609901156.45075 658973303.88069 830238417.7780099 885358403.66815 722752473.53629 700602441.49226 1199149628.11835 1292056006.17825 
1233155792.24341 1191464670.1842399 1150570698.9015 1046657502.61938 1061972762.68184 1206823967.86992 1341732155.53387 1281387721.69996 1278644424.0622401 1408118978.78074 1459920601.64658 1488175317.2497802 1412123218.53825 1330496419.24941 1311573215.60801 1486241291.23953 1310452120.27104 1016157797.25412 928985600.70564 889162674.9720299 968690478.27141 871259135.58423 953880968.03654 1052768376.41005 871650999.83984 836947362.45411 295752884.32245004 41482905.28446 0 181573706.83421 208550152.36178002 342946887.2668 392283664.4335 376460825.67784 516474453.70225 338500840.23465 445212119.73808 587759257.40949 636346798.53494 801872847.99078 855819396.58418 700299414.2811201 705151262.5351601 1183254504.99493 1259827622.07859 
1277180908.96977 1255518597.12108 1232395365.14966 1116084802.01856 1146159089.09703 1299648501.53743 1429473343.58452 1392177304.7404299 1407716382.02101 1540435351.30528 1600343858.56373 1622497788.8485699 1543591942.34511 1483550323.72307 1452954347.62488 1642827274.43817 1478236385.1361601 1176818540.34849 1095611560.44402 1060095421.40674 1138942260.5462 1052832842.41844 1135454674.87075 1234342083.24426 1047879933.51484 1013176296.12911 470070530.32553 220883969.64362 181573706.83421 0 26976445.52757 318333395.09823 335071024.19202 424807452.43443 545067305.98244 456082249.62974 580287416.91293 683793187.72891 728677037.28362 865926774.92762 907485967.87263 791377759.57542 850666394.65898 1293372782.33571 1289373653.64692 
1293405426.98455 1272596160.34218 1251023025.3620799 1132812471.91502 1161039649.11219 1309390161.79916 1444149629.87466 1403701498.38029 1415626862.57915 1547444397.01811 1605668341.20688 1628575097.06778 1549025784.31302 1486262247.47192 1470153982.09351 1644653640.92801 1473004759.44198 1169468501.70529 1094102158.46908 1056307246.7827599 1135835050.08214 1042818529.21359 1111144760.1168098 1221557283.62429 1024607696.56487 996794882.57542 443094084.79796 193907524.11605 208550152.36178002 26976445.52757 0 341114595.13229 360340450.01841 397831006.90686 528527984.11003 429912134.78661996 585611899.55608 696038735.36789 741605100.92999 883018338.91652 925928928.79493 805557716.6761701 855990877.30213 1304049044.68456 1309269439.57337 
958847513.87154 957712064.27219 946450242.68129 827729733.57347 863378125.10923 1013194636.46097 1145527783.06158 1141110145.61304 1181358737.18851 1320128263.112 1392799203.56583 1406677345.09537 1335865974.71213 1307906669.79642 1248352471.33629 1472984177.62283 1326020066.0799901 1037283374.8905602 978006127.5476401 991100609.05728 1068850990.38046 1030968019.92249 1130537240.72963 1244854855.18182 1095050010.69585 1117477325.32744 571297330.23518 383691758.59804 342946887.2668 318333395.09823 341114595.13229 0 72372593.81844 119431870.20931 236731438.13041 237531563.80242 426682149.65276 439550337.01018 474453282.34548 571943529.45621 603192880.99339 538405898.09166 691942864.2465501 1041480819.2790701 971040258.54869 
966790609.23229 982220449.69424 976127771.25053 847976188.7100201 896087667.9958401 1045396852.16066 1175893103.43068 1177808405.1499 1231088664.61802 1371304765.37952 1446111348.78809 1458707935.65748 1389178119.93439 1367117454.49916 1303310703.88302 1533493126.34902 1389949607.28261 1103151465.09681 1047200129.5550901 1062344562.2897 1141223584.1989 1103294391.9841 1202851022.80671 1317177331.60798 1167422604.5142899 1180003880.58766 635031917.18861 433708871.18718 392283664.4335 335071024.19202 360340450.01841 72372593.81844 0 191804464.02775002 218161051.87477 309634565.94714 495876151.66021 493149520.37535 546825876.16392 601621058.02545 628494342.7817 576738913.44515 757918569.92484 1084004839.59213 973808393.01442 
898635677.58855 915081995.3475499 878996020.3773301 752813006.49376 769693748.06212 919185570.94695 1054209865.85693 1031428983.2783301 1068099260.6461899 1206187694.14782 1276398587.83429 1292043236.49697 1219465358.98059 1188474799.58711 1131903429.17117 1354452264.19531 1206588195.87068 917851504.6812501 871538092.26549 879456173.21419 949419120.17115 926494231.95062 1040095539.7579299 1144896144.22034 1010415278.7571301 1001797239.84271 517764197.72198 380546730.03738 376460825.67784 424807452.43443 397831006.90686 119431870.20931 191804464.02775002 0 149258949.739 155774883.05264 346663134.58781004 326290860.46786 364772120.01077 565066615.56997 528276153.91368 428724735.75695 572510994.03724 931799656.94436 920057020.22693 
829219680.3318499 765823045.60855 769921398.08017 629815136.83525 677926616.12107 845235274.22666 958038635.08299 961995210.87126 1023101365.52919 1165399884.58915 1239368581.11615 1252770212.87006 1186460713.12125 1177896905.35134 1110785273.1732001 1344859908.10363 1214293433.0452 941694551.43261 908591411.0206399 961602888.29859 1004241515.2774 1007923920.79939 1121080864.22211 1233229612.89369 1119998012.15848 1115568710.23507 659081459.01775 529209136.64365 516474453.70225 545067305.98244 528527984.11003 236731438.13041 218161051.87477 149258949.739 0 294512229.33015 390702115.00942004 301051277.98301 477897284.2468 468431420.89084995 410333290.90693 413944668.50062 612681958.11585 910630872.5898099 798526115.9638 
997441438.5283401 941392945.65826 905412115.57032 801735585.70631 817107096.13225 962632771.89383 1097657066.80381 1054545268.49798 1055166474.77005 1187806684.5137 1247893521.71955 1269919090.87672 1191549271.35959 1137923435.83495 1101471217.26862 1299716835.95117 1137696833.69487 838715637.65502 771293325.77167 867238867.8069 840956686.29094 901525483.7814 908549399.15393 1022934164.4194599 859685464.97086 894389102.35659 364673471.42276 369330280.48100996 338500840.23465 456082249.62974 429912134.78661996 237531563.80242 309634565.94714 155774883.05264 294512229.33015 0 296338094.51773 347231452.19398 429795117.40681 582778313.02378 617870974.80822 460124842.71159 499663764.47679 956811046.8007799 1025846958.22148 
888822327.88095 792997493.93768 761674824.84198 669782548.46252 652207757.91681 786617625.30278 919455408.55267 840259594.71298 833482461.56784 962915662.17403 1020056441.6508 1042963197.5117 972043067.1184101 909183613.34374 884542082.53743 1068854209.13585 909290328.19693 613523616.47868 551323977.89488 572225967.11164 654098615.09327 632857531.35091 747178239.17576 858711780.92561 792731827.31627 761205304.97654 423889797.11129 457381363.61282 445212119.73808 580287416.91293 585611899.55608 426682149.65276 495876151.66021 346663134.58781004 390702115.00942004 296338094.51773 0 201741628.45894 247450924.47542 446832298.78928 519958371.37293005 311403540.2216 270378977.74605 743468397.27414 936100518.74071 
688462770.32053 605702312.5335 563245807.69172 468040920.00358 474663941.35513 638559683.83821 754092323.82419 785778893.05227 741808400.17833 884132558.30143 953248866.55565 973455756.8264699 896315637.70195 888966368.78853 810167823.03608 1048399205.9575601 913584919.00629 646810240.83083 607540133.03763 724719069.9062101 765076777.37056 834599159.80985 895647430.58319 1010032195.84872 942637716.78596 950152170.45497 620426949.29941 609901156.45075 587759257.40949 683793187.72891 696038735.36789 439550337.01018 493149520.37535 326290860.46786 301051277.98301 347231452.19398 201741628.45894 0 176846006.26379 245243542.04603 318216742.91399 112893390.51761 376230740.34473 609579594.6068 734512505.78945 
644748431.27942 589886317.75266 514223900.36656 496689663.79704 425662098.20288 570971464.25381 705985581.09108 666656863.26756 731525520.7669101 847153556.62496 919638850.62618 939410939.41562 866019599.66508 856690720.49936 781425514.41775 1023669528.98587 899578712.27229 642653933.86697 609664077.28369 764997709.45011 808862682.71804 880308455.82633 928627899.55983 1030341971.2122099 971128050.3276999 978642503.9967101 668524243.53679 658973303.88069 636346798.53494 728677037.28362 741605100.92999 474453282.34548 546825876.16392 364772120.01077 477897284.2468 429795117.40681 247450924.47542 176846006.26379 0 200294495.5592 275450754.08783 63952615.74618 332881433.215 567027536.93359 689230241.51976 
444453935.72022 389591822.19346 374506713.22508 302533489.66768 295140669.88464 443919834.55507 574450366.758 682485276.30109 698180188.51807 824256739.40431 907615634.91899 914374932.2078199 859643961.51626 892071730.56688 785938098.918 1057058556.4553599 964550278.82821 750356464.96445 737307334.14244 847423793.1819401 887781500.6462901 1000338328.4681602 1096397579.33103 1191250723.34476 1158691813.4284701 1166206267.09748 864072334.78286 830238417.7780099 801872847.99078 865926774.92762 883018338.91652 571943529.45621 601621058.02545 565066615.56997 468431420.89084995 582778313.02378 446832298.78928 245243542.04603 200294495.5592 0 77996637.0876 264247111.30538 498935463.62046003 498325029.70287 489268963.74342 
449371689.0844 463397245.51383996 364643113.825 224536852.58008 293375730.47037 439956989.97148997 558509989.86015 604488639.21349 713101691.59536 853453112.81161 938541768.43621 942188094.73882 893139698.96195 938840722.29079 829468645.26099 1099309172.86251 1019525997.57129 828353102.05205 808210985.18683 925420430.2695401 965778137.73389 1040250728.88706 1169769641.39325 1267701491.46532 1236676165.09832 1244190618.7673302 932917711.60261 885358403.66815 855819396.58418 907485967.87263 925928928.79493 603192880.99339 628494342.7817 528276153.91368 410333290.90693 617870974.80822 519958371.37293005 318216742.91399 275450754.08783 77996637.0876 0 339403369.83401 570821804.8298 515942374.3531 418082623.62169 
640875660.99035 549146335.5644 450392203.87556 432737048.05086 361770550.83752 525706080.02204996 650341595.98445 708138741.32352 711217077.9719601 797776614.9845 889533184.78126 887751171.50792 904028108.36325 825351703.01843 758107855.35011 986571220.504 872029912.68371 638810831.21658 604386641.13474 701045093.70393 744910066.97186 853959628.99015 939273606.02921 1040047418.05181 1003633361.17636 1038336998.56209 726471420.17547 722752473.53629 700299414.2811201 791377759.57542 805557716.6761701 538405898.09166 576738913.44515 428724735.75695 413944668.50062 460124842.71159 311403540.2216 112893390.51761 63952615.74618 264247111.30538 339403369.83401 0 351320557.8234 507265926.14698 639764604.19259 
909788827.27596 731421611.79289 646488071.83768 620548332.22241 567884910.82637 696367599.64586 789822927.69808 659681713.29066 613237407.3649 725590450.44544 772307112.98272 811839886.49754 715373884.12902 641599409.96907 715010846.11119 801618724.22405 638911350.45088 345340510.64401 432512707.19249 603538905.10558 555730119.6094 628597073.47581 598947836.56345 697460537.99721 882535966.18982 876366826.14991 578767593.40602 700602441.49226 705151262.5351601 850666394.6589801 855990877.30213 691942864.2465501 757918569.92484 572510994.03724 612681958.11585 499663764.47679 270378977.74605 376230740.34473 332881433.215 498935463.62046003 570821804.8298 351320557.8234 0 574023898.08052 943837749.50571 
528221086.17991996 315086973.87179 221447150.44138 361553411.6863 374278494.42297 296761026.58787 421396542.55026996 399185447.342 215621908.02659 344034794.29127 435791364.08803 440998266.48905003 396762182.21627 495982358.75554 348894104.95892 633391958.98059 619353165.32322 564410753.88006 617523719.03707 780013995.86123 774800362.8454499 931489144.97935 1057441196.5331 1121092120.92596 1195765781.77099 1230469419.15672 1138692944.96243 1199149628.11835 1183254504.99493 1293372782.33571 1304049044.68456 1041480819.2790701 1084004839.59213 931799656.94436 910630872.5898099 956811046.80078 743468397.27414 609579594.6068 567027536.93359 498325029.70287 515942374.3531 507265926.14698 574023898.08052 0 611719719.71006 
83516454.22844 296650566.53657 395404698.22541 345052596.29101 421188977.99249 440894991.68179 518360783.45280004 649150179.51875 822753377.77872 932181887.8526199 1023077916.20165 1010664034.4545 995976929.66657 1107702078.4656 959223080.03998 1241805851.32393 1226366214.7327 1114017200.1236 1125908336.3387501 1267311277.86389 1286054794.75382 1401781091.71444 1532563535.7753701 1620236047.11314 1623875920.92862 1635202973.07053 1350980790.36283 1292056006.17825 1259827622.07859 1289373653.64692 1309269439.57337 971040258.54869 973808393.01442 920057020.22693 798526115.9638 1025846958.22148 936100518.74071 734512505.78945 689230241.51976 489268963.74342 418082623.62169 639764604.19259 943837749.50571 611719719.71006 0 
