23
AW AS U AE I W AF P AT AU K AN N AA R H Y Z AG AO D AL AX
0 256909007.8842 481799233.49373996 629822669.21771 582865346.85933 830891555.02468 876012523.25833 1019751258.20469 1011171152.98306 1035968543.96721 793748429.95018 822874114.70075 472374253.13076 452678379.70392 677182624.35102 1095917359.36857 977916005.7413 966529737.08865 1203971382.68627 451507528.30024 775377957.66716 1053949940.3939 234695516.28298 
256909007.8842 0 224890225.60954 372913661.33351 325956338.97513 573982547.14048 808006060.94542 929595947.62486 963686871.37377 1022280792.25542 863442565.93564 638070925.27696 643964680.04704 600499367.52819 818015849.547 1315239346.86656 1199562728.61072 1119112440.17583 1347421797.36292 618468075.42188 632515958.1874399 881044553.71945 491604524.16718 
481799233.49373996 224890225.60954 0 148023435.72397 329310795.64994 538760737.82992 600504382.46587 738169040.49733 774333288.63037 889966852.3987 754785791.46591 483470386.42551 658191754.51358 587101872.78929 810984574.02071 1354358582.3947098 1236357228.7674398 1060386641.53513 1228055288.05832 475970042.80689 421305653.71057 657888472.33222 716494749.7767199 
629822669.21771 372913661.33351 148023435.72397 0 261537060.96016 534931102.99173 566427494.62528 711973098.87325 740256400.78978 837794090.04769 812684288.28405 548713597.42789 769959908.03762 735125308.5132599 959008009.7446799 1458063305.11345 1351827285.12565 1149074280.49783 1296663519.71133 577351917.28655 334479876.23368 537716725.76735 733674933.59225 
582865346.85933 325956338.97513 329310795.64994 261537060.96016 0 273394042.03157 482049721.97029 604133090.05954 637730532.39864 771512191.90312 583429991.3422301 312114586.30183 508422847.07746 579512728.80175 804016973.4488499 1196869125.40983 1108022553.1424599 895546645.40553 1056659406.16081 316492336.79243 366879540.74183 645364635.2058 520658340.74856 
830891555.02468 573982547.14048 538760737.82992 534931102.99173 273394042.03157 0 246291692.94468 390802682.83358 419243985.0002 535754162.87750995 612786897.29297 346297765.07064 696797626.64063 636513774.5658901 804715769.97601 1326484267.27989 1262845884.06371 926819254.47168 1020768117.27132 454860593.20588 376657050.07060003 397880482.18051 768591923.90416 
876012523.25833 808006060.94542 600504382.46587 566427494.62528 482049721.97029 246291692.94468 0 148121131.12659 173828906.1645 289462469.93283 560474362.3772299 376961074.67686 727460936.24685 660050924.98819 880816764.42363 1321484552.7246199 1203483199.09735 838008316.72702 867330388.60051 701152286.15056 315892656.05459 416043033.13371 920949040.67224 
1019751258.20469 929595947.62486 738169040.49733 711973098.87325 604133090.05954 390802682.83358 148121131.12659 0 187358074.10467 314485364.14501 427045304.37666 525082205.80345 756666377.60657 698107068.31026 807459046.03783 1243243939.23295 1175875741.64552 775897750.67717 763174097.22749 680877279.12789 462367783.12167 564164164.2603 973351528.25067 
1011171152.98306 963686871.37377 774333288.63037 740256400.78978 637730532.39864 419243985.0002 173828906.1645 187358074.10467 0 335432191.83272 450623369.74421 463611504.93766 801815104.23765 730725222.51336 816902504.38158 1267831343.8987598 1198656318.7089 792579836.32768 868494281.41735 617557656.39126 489721562.21909 589871939.29821 1044461343.56155 
1035968543.96721 1022280792.25542 889966852.3987 837794090.04769 771512191.90312 535754162.87750995 289462469.93283 314485364.14501 335432191.83272 0 368314930.73924 494945738.18794 771359012.29886 700269130.57457 748086941.50208 1155521751.19453 1100905632.45273 676521234.82592 628681967.16666 710555832.38918 605355125.98742 705505503.06654 999650798.02372 
793748429.95018 863442565.93564 754785791.46591 812684288.28405 583429991.3422301 612786897.29297 560474362.3772299 427045304.37666 450623369.74421 368314930.73924 0 271315405.0404 407399392.19221 375243805.60663 380413741.66117 822481501.98824 748830437.26886 373387112.1839 483979231.42728 342240901.64994 759039953.14881 878572116.06639 693230611.25433 
822874114.70075 638070925.27696 483470386.42551 548713597.42789 312114586.30183 346297765.07064 376961074.67686 525082205.80345 463611504.93766 494945738.18794 271315405.0404 0 350499861.56999 421589743.29428 578834602.09487 1006230708.99108 933850756.5947499 600360683.06994 752156398.7039499 613556306.69034 503058535.12962 724352752.11584 655201930.80462 
472374253.13076 643964680.04704 658191754.51358 769959908.03762 508422847.07746 696797626.64063 727460936.24685 756666377.60657 801815104.23765 771359012.29886 407399392.19221 350499861.56999 0 71089881.72429 295594126.37139 838346591.32971 720345237.70244 494155483.95789 774070911.0380299 402969744.27116 810771215.32078 1064500616.46621 304702069.23463 
452678379.70392 600499367.52819 587101872.78929 735125308.5132599 579512728.80175 636513774.5658901 660050924.98819 698107068.31026 730725222.51336 700269130.57457 375243805.60663 421589743.29428 71089881.72429 0 224504244.6471 767256709.60542 649255355.97815 518613072.64764 751507872.59321 420642893.94262 739695904.98441 1004740356.2703099 323029579.95843 
677182624.35102 818015849.547 810984574.02071 959008009.7446799 804016973.4488499 804715769.97601 880816764.42363 807459046.03783 816902504.38158 748086941.50208 380413741.66117 578834602.09487 295594126.37139 224504244.6471 0 557110185.19099 675111538.81826 337213086.38186 617128513.462 560342355.29899 928963405.91103 1164441377.78889 462729041.3148 
1095917359.36857 1315239346.86656 1354358582.39471 1458063305.11345 1196869125.40983 1326484267.27989 1321484552.7246199 1243243939.23295 1267831343.8987598 1155521751.19453 822481501.98824 1006230708.99108 838346591.32971 767256709.60542 557110185.19099 0 118001353.62727 485345850.00376 682449892.74488 1032045884.01065 1458548345.006 1678519443.12351 864391965.31631 
977916005.7413 1199562728.61072 1236357228.7674398 1351827285.12565 1108022553.1424599 1262845884.0637102 1203483199.09735 1175875741.64552 1198656318.7089 1100905632.45273 748830437.26886 933850756.5947499 720345237.70244 649255355.97815 675111538.81826 118001353.62727 0 603347203.63103 685987653.23843 917009173.96075 1365529131.89064 1593935934.25198 819395859.97656 
966529737.08865 1119112440.17583 1060386641.53513 1149074280.49783 895546645.40553 926819254.47168 838008316.72702 775897750.67717 792579836.32768 676521234.82592 373387112.1839 600360683.06994 494155483.95789 518613072.64764 337213086.38186 485345850.00376 603347203.63103 0 279915427.08014 588098202.76879 1068283785.70089 1251246393.03613 794729298.02778 
1203971382.68627 1347421797.36292 1228055288.05832 1296663519.71133 1056659406.16081 1020768117.27132 867330388.60051 763174097.22749 868494281.41735 628681967.16666 483979231.42728 752156398.7039499 774070911.0380299 751507872.59321 617128513.462 682449892.74488 685987653.23843 279915427.08014 0 783706838.84886 1159065100.57963 1283373421.73422 1047942239.45536 
451507528.30024 618468075.42188 475970042.80689 577351917.28655 316492336.79243 454860593.20588 701152286.15056 680877279.12789 617557656.39126 710555832.3891801 342240901.64994 613556306.69034 402969744.27116 420642893.94262 560342355.29899 1032045884.01065 917009173.96075 588098202.76879 783706838.84886 0 683371877.53426 852741075.38639 426903687.17029 
775377957.66716 632515958.1874399 421305653.71057 334479876.23368 366879540.74183 376657050.07060003 315892656.05459 462367783.12167 489721562.21909 605355125.98742 759039953.14881 503058535.12962 810771215.32078 739695904.98441 928963405.91103 1458548345.006 1365529131.89064 1068283785.70089 1159065100.57963 683371877.53426 0 278571982.72674 887537881.4903901 
1053949940.3939 881044553.71945 657888472.33222 537716725.76735 645364635.2058 397880482.18051 416043033.13371 564164164.2603 589871939.29821 705505503.06654 878572116.06639 724352752.11584 1064500616.46621 1004740356.2703099 1164441377.78889 1678519443.12351 1593935934.25198 1251246393.03613 1283373421.73422 852741075.38639 278571982.72674 0 1166022975.95436 
234695516.28298 491604524.16718 716494749.77672 733674933.59225 520658340.74856 768591923.90416 920949040.67224 973351528.25067 1044461343.56155 999650798.02372 693230611.25433 655201930.80462 304702069.23463 323029579.95843 462729041.3148 864391965.31631 819395859.97656 794729298.02778 1047942239.45536 426903687.17029 887537881.4903901 1166022975.95436 0 
